-4.8223 -24.8230 -47.7366 32.0567 -37.5024 3.7755 -26.3746 -48.5656 22.1650 -38.5942 9.1623 -27.8788 -48.8086 2.5886 -39.6653 13.4965 -29.3786 -48.4297 -9.5578 -41.1078 17.5946 -30.8828 -46.4777 -15.2130 -42.5780 21.7896 -32.3945 -41.6101 -18.6975 -44.0434 26.1621 -33.8824 -31.8063 -21.2707 -45.4748 30.3906 -35.3130 -16.2697 -23.3630 -46.8019 33.1098 -36.6156 -2.5488 -25.1482 -47.9290 30.9901 -37.7302 5.0660 -26.6935 -48.6801 18.4005 -38.8303 10.2679 -28.5990 -48.4204 -19.4312 -48.8108 -26.3244 0.1428 -36.8961 33.2267 -47.0789 -23.7904 -12.6017 -35.6206 31.2106 -45.7846 -21.7761 -28.7072 -34.2129 27.1563 -44.3713 -19.3298 -39.9227 -32.7312 22.7637 -42.9106 -16.1217 -45.6952 -31.2241 18.5162 -41.4367 -11.1599 -48.1647 -29.7184 14.4265 -39.9798 -1.1036 -48.7870 -28.2138 10.1881 -38.8383 18.1512 -48.6870 -26.7129 5.1587 -37.7490 30.8280 -47.9645 -25.1988 -2.3530
-24.8230 -47.9233 34.6300 -37.9123 5.2543 -27.4565 -48.7647 26.2231 -38.8845 10.1782 -28.9031 -48.7997 5.9218 -39.7404 14.2916 -30.3414 -48.0189 -8.8391 -41.2128 18.2945 -31.7897 -45.3301 -15.4509 -42.7673 22.4676 -33.2413 -39.1715 -19.4005 -44.3038 26.9178 -34.6582 -27.5162 -22.2498 -45.7808 31.3941 -35.9974 -11.4745 -24.5023 -47.1207 34.6752 -37.1631 0.0400 -26.3189 -48.2125 33.6910 -38.1449 6.4749 -27.7764 -48.8462 22.6956 -39.0787 11.1107 -29.2785 -48.6480 -8.7207 -44.0136 8.1324 -48.4836 -26.8170 1.8548 -37.3927 34.9900 -47.3949 -24.9490 -8.2551 -36.2767 32.3056 -46.0979 -22.8027 -24.0312 -34.9703 27.9482 -44.6426 -20.1059 -37.0994 -33.5652 23.4516 -43.1176 -16.4882 -44.3147 -32.1167 19.2051 -41.5626 -10.7495 -47.6219 -30.6683 15.1907 -40.0074 1.4951 -48.7134 -29.2223 11.1392 -39.0872 22.5082 -48.8514 -27.7765 6.4741 -38.1307 33.8442 -48.1478 -25.1988
-47.7366 34.6300 -38.0676 6.0088 -27.6871 -48.8456 22.8542 -39.1857 11.1149 -29.2193 -48.7123 1.4072 -40.0831 15.2064 -30.6787 -47.6129 -10.7827 -41.5719 19.2357 -32.1378 -44.2864 -16.5063 -43.1244 23.4712 -33.5910 -37.0396 -20.1286 -44.6536 27.9743 -35.0049 -23.9603 -22.8123 -46.1052 32.3302 -36.3291 -8.1558 -24.9558 -47.4000 34.9963 -37.4559 1.8174 -26.6686 -48.4097 32.2877 -38.4482 7.6313 -28.0995 -48.8933 18.2321 -39.3976 12.0495 -29.5508 -48.5886 -4.3959 -41.5146 28.4668 -40.2995 26.3339 -48.5877 -27.0213 3.3613 -37.6833 35.0457 -47.6595 -25.3786 -5.3492 -36.6012 33.1667 -46.4151 -23.3379 -20.2702 -35.3147 28.9955 -44.9861 -20.7916 -34.6419 -33.9156 24.4709 -43.4734 -17.4433 -43.0774 -32.4632 20.1634 -41.9225 -12.3947 -47.1031 -31.0062 16.1047 -40.3630 -2.3045 -48.6027 -29.5422 12.0513 -39.3917 18.5004 -48.8976 -28.0094 7.1741 -38.2911 33.8442 -47.9645
32.0567 -37.9123 6.0088 -27.7789 -48.8819 19.9710 -39.3485 11.9272 -29.5120 -48.6096 -2.2453 -40.3604 16.1082 -31.0095 -47.0971 -12.4227 -41.9308 20.1878 -32.4747 -43.0326 -17.4664 -43.4807 24.4921 -33.9226 -34.5789 -20.8106 -44.9987 29.0299 -35.3207 -20.1919 -23.3487 -46.4220 33.1862 -36.6115 -5.2495 -25.3905 -47.6648 35.0435 -37.6882 3.3876 -27.0047 -48.5797 30.2570 -38.6740 8.7205 -28.4296 -48.8918 13.2116 -39.6033 12.9872 -29.8737 -48.4194 -5.6951 -40.9450 20.0866 -35.7355 15.7052 -39.2729 26.7818 -48.7144 -27.3291 4.7672 -37.9145 34.7604 -47.9074 -25.7892 -2.8257 -36.8738 33.9152 -46.7230 -23.8490 -16.4402 -35.6252 30.0299 -45.3274 -21.4363 -31.8382 -34.2451 25.5056 -43.8278 -18.3170 -41.6077 -32.7992 21.1305 -42.2811 -13.7992 -46.4603 -31.3373 17.0046 -40.7088 -5.3155 -48.4338 -29.8353 12.8440 -39.5491 15.2295 -48.9112 -28.1014 7.1741 -38.1307 30.8280
-37.5024 5.2543 -27.6871 -48.8819 18.8066 -39.4417 12.4963 -29.7455 -48.4710 -4.9702 -40.6801 16.9593 -31.3255 -46.4689 -13.8065 -42.2842 21.1443 -32.8079 -41.5633 -18.3382 -43.8350 25.5269 -34.2519 -31.7734 -21.4518 -45.3388 30.0676 -35.6321 -16.3625 -23.8592 -46.7294 33.9300 -36.8816 -2.7469 -25.8028 -47.9138 34.7505 -37.9193 4.7951 -27.3335 -48.7183 27.5202 -38.8973 9.7623 -28.7604 -48.8342 8.0417 -39.8027 13.9140 -30.2065 -48.1560 -7.9621 -41.1067 18.5331 -33.2525 -15.2123 -31.9705 12.0943 -39.1815 23.9548 -48.8184 -27.6555 6.0516 -38.1441 34.0599 -48.1357 -26.1774 -0.6534 -37.1315 34.5125 -47.0200 -24.3357 -12.7272 -35.9287 31.0409 -45.6636 -22.0444 -28.6908 -34.5714 26.5513 -44.1798 -19.1215 -39.8782 -33.1341 22.1045 -42.6328 -15.0120 -45.6899 -31.6551 17.8617 -41.0295 -7.5378 -48.2336 -30.0666 13.4025 -39.6394 13.9498 -48.9112 -28.0094 6.4741 -37.7490
3.7755 -27.4565 -48.8456 19.9710 -39.4417 12.7031 -29.8770 -48.3451 -6.7835 -40.9490 17.7130 -31.6129 -45.7548 -14.9618 -42.6243 22.0927 -33.1329 -39.8623 -19.1354 -44.1863 26.5726 -34.5781 -28.6215 -22.0573 -45.6727 31.0745 -35.9381 -12.6347 -24.3454 -47.0260 34.5231 -37.1377 -0.5984 -26.1914 -48.1429 34.0352 -38.1488 6.0769 -27.6624 -48.8210 24.0220 -39.1157 10.7656 -29.0920 -48.7514 3.2105 -39.9947 14.8336 -30.5417 -47.7931 -10.0248 -41.4290 18.9580 -32.3660 -40.1013 -25.0818 -46.0759 -30.1538 11.9622 -39.3354 19.8537 -48.8820 -27.9849 7.2381 -38.3717 32.8600 -48.3414 -26.5431 1.2201 -37.3740 34.9130 -47.3045 -24.7990 -9.2982 -36.2235 32.0061 -45.9921 -22.6194 -25.2266 -34.8939 27.6023 -44.5282 -19.8642 -37.8849 -33.4600 23.0657 -42.9732 -16.0479 -44.8247 -31.9426 18.6274 -41.2988 -9.0121 -48.0596 -30.1985 13.6071 -39.6394 15.2295 -48.8976 -27.7765 5.1587
-26.3746 -48.7647 22.8542 -39.3485 12.4963 -29.8770 -48.2934 -7.6895 -41.1328 18.2974 -31.8522 -45.0260 -15.8956 -42.9391 23.0059 -33.4435 -37.9362 -19.8576 -44.5277 27.6117 -34.8970 -25.1593 -22.6308 -45.9997 32.0314 -36.2345 -9.1909 -24.8095 -47.3102 34.9188 -37.3792 1.2620 -26.5552 -48.3483 32.8096 -38.3754 7.2616 -27.9918 -48.8829 19.7676 -39.3291 11.7353 -29.4255 -48.6526 -0.9414 -40.2466 15.7506 -30.8774 -47.3196 -11.7830 -41.7819 19.8090 -32.4042 -42.6929 -19.9201 -47.0282 -15.6937 -48.1471 -29.8982 12.6982 -39.5327 14.9991 -48.8983 -28.3149 8.3493 -38.5969 31.0711 -48.5223 -26.8871 2.8614 -37.6076 35.0620 -47.5747 -25.2396 -6.2543 -36.5102 32.8953 -46.3119 -23.1638 -21.5345 -35.2086 28.6403 -44.8661 -20.5399 -35.6617 -33.7697 23.9933 -43.2890 -16.8880 -43.9509 -32.1817 19.2180 -41.4804 -9.7649 -47.9890 -30.1985 13.4025 -39.5491 18.5004 -48.8514 -26.7129
-48.5656 26.2231 -39.1857 11.9272 -29.7455 -48.3451 -7.6895 -41.1980 18.6179 -32.0137 -44.3926 -16.6038 -43.2111 23.8315 -33.7291 -35.8678 -20.4992 -44.8522 28.6182 -35.2040 -21.5294 -23.1692 -46.3160 32.9126 -36.5187 -6.1605 -25.2506 -47.5801 35.0620 -37.6125 2.8949 -26.8964 -48.5276 30.9920 -38.6011 8.3713 -28.3217 -48.8981 14.8900 -39.5369 12.6819 -29.7613 -48.4946 -4.3433 -40.5832 16.6694 -31.2135 -46.7209 -13.2858 -42.1415 20.7532 -32.6812 -42.0218 -18.5791 -44.7399 35.3379 -43.0457 -10.0549 -48.1866 -30.1133 13.5937 -39.7334 9.8238 -48.8610 -28.6455 9.4025 -38.8191 28.5903 -48.6732 -27.2186 4.3220 -37.8392 34.8953 -47.8285 -25.6576 -3.6165 -36.7851 33.6774 -46.6195 -23.6761 -17.7908 -35.5105 29.6376 -45.1866 -21.1451 -33.2963 -34.0536 24.8337 -43.5583 -17.5291 -43.1991 -32.3412 19.5357 -41.5453 -9.7649 -48.0596 -30.0666 12.8440 -39.3917 22.5082 -48.6870
22.1650 -38.8845 11.1149 -29.5120 -48.4710 -6.7835 -41.1328 18.6179 -32.0702 -44.0204 -17.0529 -43.4155 24.5061 -33.9713 -33.8134 -21.0571 -45.1545 29.5624 -35.4956 -17.9024 -23.6668 -46.6172 33.6818 -36.7894 -3.5576 -25.6669 -47.8335 34.8881 -37.8440 4.3510 -27.2261 -48.6768 28.4941 -38.8255 9.4289 -28.6523 -48.8597 9.7157 -39.7384 13.6125 -30.0971 -48.2548 -7.1095 -40.9417 17.5934 -31.5499 -45.9794 -14.5899 -42.5020 21.7305 -33.0060 -40.5469 -18.9210 -44.2654 29.5991 -38.1268 24.6469 -41.7840 -9.8314 -47.9178 -30.4264 14.5126 -39.9285 4.8222 -48.7831 -28.9768 10.4114 -39.0364 25.3472 -48.7891 -27.5479 5.6442 -38.0693 34.3394 -48.0635 -26.0527 -1.3528 -37.0422 34.3183 -46.9115 -24.1514 -14.1993 -35.7961 30.5626 -45.4845 -21.6715 -30.9713 -34.2920 25.5143 -43.7597 -17.9377 -42.7570 -32.3959 19.5357 -41.4804 -9.0121 -48.2336 -29.8353 12.0513 -39.0872 18.1512
-38.5942 10.1782 -29.2193 -48.6096 -4.9702 -40.9490 18.2974 -32.0137 -44.0204 -17.2047 -43.5240 24.9571 -34.1504 -32.0014 -21.5059 -45.4156 30.4046 -35.7610 -14.5077 -24.1213 -46.8997 34.3056 -37.0413 -1.3562 -26.0554 -48.0659 34.3245 -38.0735 5.6700 -27.5549 -48.7917 25.2493 -39.0452 10.4442 -28.9836 -48.7815 4.7244 -39.9329 14.5339 -30.4323 -47.9234 -9.3695 -41.3008 18.5258 -31.8865 -45.0748 -15.7400 -42.8613 22.7273 -33.3403 -38.6747 -19.6009 -44.4345 27.9034 -35.9868 5.9778 -34.7179 20.7863 -41.7460 -11.2637 -47.4995 -30.7593 15.4312 -40.1520 0.4128 -48.6902 -29.3089 11.3871 -39.2513 21.3436 -48.8660 -27.8769 6.8579 -38.2969 33.3155 -48.2746 -26.4194 0.5637 -37.2807 34.7786 -47.1836 -24.5853 -10.9941 -36.0550 31.3756 -45.7411 -22.0962 -28.9430 -34.4693 25.9730 -43.8690 -18.0755 -42.7570 -32.3412 19.2180 -41.2988 -7.5378 -48.4338 -29.5422 11.1392 -38.8383
9.1623 -28.9031 -48.7123 -2.2453 -40.6801 17.7130 -31.8522 -44.3926 -17.0529 -43.5240 25.1159 -34.2479 -30.7121 -21.8270 -45.6193 31.0932 -35.9865 -11.6014 -24.5261 -47.1573 34.7510 -37.2708 0.5052 -26.4114 -48.2728 33.3164 -38.2987 6.8697 -27.8808 -48.8679 21.2442 -39.2593 11.4208 -29.3169 -48.6882 0.3303 -40.1577 15.4512 -30.7678 -47.4869 -11.2389 -41.6621 19.4692 -32.2231 -43.9842 -16.7689 -43.2189 23.7391 -33.6762 -36.4544 -20.3019 -44.7471 28.3777 -35.4110 -10.8659 -29.1043 -28.2330 -33.2834 20.6600 -42.0269 -12.7826 -46.9481 -31.0960 16.3497 -40.4589 -3.2435 -48.5586 -29.6417 12.3384 -39.4606 16.6694 -48.8984 -28.2033 7.9787 -38.5186 31.7752 -48.4579 -26.7526 2.1916 -37.5013 35.0227 -47.4291 -24.9701 -8.3539 -36.2744 32.0296 -45.9410 -22.4007 -27.5189 -34.5674 26.1362 -43.8690 -17.9377 -43.1991 -32.1817 18.6274 -41.0295 -5.3155 -48.6027 -29.2223 10.1881
-27.8788 -48.7997 1.4072 -40.3604 16.9593 -31.6129 -45.0260 -16.6038 -43.4155 24.9571 -34.2479 -30.2358 -22.0006 -45.7549 31.5845 -36.1616 -9.3394 -24.8609 -47.3791 34.9984 -37.4772 2.0724 -26.7326 -48.4513 31.8283 -38.5153 7.9667 -28.2020 -48.8991 16.6034 -39.4669 12.3646 -29.6497 -48.5552 -3.3106 -40.4663 16.3689 -31.1037 -46.9310 -12.8202 -42.0242 20.4310 -32.5595 -42.6823 -17.7007 -43.5748 24.7648 -34.0093 -33.8892 -20.9743 -45.0840 29.3139 -35.4663 -16.6409 -25.3688 -48.7910 -23.0442 -38.5975 -33.0379 21.4178 -42.3726 -14.1478 -46.2568 -31.4328 17.2718 -40.8172 -6.2055 -48.3505 -29.9753 13.2728 -39.6637 11.6025 -48.8818 -28.5226 9.0127 -38.7314 29.6924 -48.6109 -27.0573 3.5709 -37.7018 35.0434 -47.6383 -25.2880 -6.3509 -36.4443 32.4886 -46.0720 -22.5638 -26.9991 -34.5674 25.9730 -43.7597 -17.5291 -43.9509 -31.9426 17.8617 -40.7088 -2.3045 -48.7134 -28.2138
-48.8086 5.9218 -40.0831 16.1082 -31.3255 -45.7548 -15.8956 -43.2111 24.5061 -34.1504 -30.7121 -22.0006 -45.8033 31.8438 -36.2738 -7.8054 -25.1125 -47.5544 35.0599 -37.6565 3.3518 -27.0185 -48.5984 29.8479 -38.7227 8.9831 -28.5170 -48.8822 11.6481 -39.6650 13.2806 -29.9806 -48.3454 -6.2597 -40.8245 17.2908 -31.4400 -46.2384 -14.1832 -42.3848 21.4097 -32.8952 -41.1413 -18.5533 -43.9286 25.8033 -34.3384 -30.9821 -21.6100 -45.4215 30.3226 -35.7231 -14.9060 -24.3864 -47.4664 10.7653 -46.0275 -20.4091 -38.8526 -33.2493 22.3677 -42.7322 -15.3519 -45.4102 -31.7694 18.2008 -41.1760 -8.6121 -48.0555 -30.3079 14.1853 -39.8578 6.6746 -48.8117 -28.8353 9.9753 -38.9358 27.0850 -48.7303 -27.3379 4.7161 -37.8782 34.8737 -47.8036 -25.5278 -5.0103 -36.5529 32.7277 -46.1175 -22.5638 -27.5189 -34.4693 25.5143 -43.5583 -16.8880 -44.8247 -31.6551 17.0046 -40.3630 1.4951 -48.7870
2.5886 -39.7404 15.2064 -31.0095 -46.4689 -14.9618 -42.9391 23.8315 -33.9713 -32.0014 -21.8270 -45.7549 31.8438 -36.3123 -7.0145 -25.2729 -47.6766 34.9947 -37.8024 4.3456 -27.2672 -48.7115 27.4827 -38.9152 9.9154 -28.8225 -48.8149 6.7932 -39.8520 14.1699 -30.3045 -48.0551 -8.6341 -41.1824 18.2194 -31.7764 -45.3903 -15.3783 -42.7437 22.4002 -33.2312 -39.3319 -19.3403 -44.2799 26.8514 -34.6639 -27.7345 -22.2098 -45.7555 31.3155 -36.0151 -11.6438 -24.5428 -47.2515 34.8368 -40.3234 33.9195 -45.0613 -20.2588 -37.1779 -33.5600 23.3733 -43.0919 -16.4199 -44.3893 -32.1044 19.1375 -41.5317 -10.5772 -47.6693 -30.6326 15.0655 -40.0376 2.2716 -48.7299 -29.1432 10.8745 -39.1270 24.0817 -48.8149 -27.5876 5.6320 -38.0254 34.6026 -47.9186 -25.6804 -4.3244 -36.5900 32.7277 -46.0720 -22.4007 -28.9430 -34.2920 24.8337 -43.2890 -16.0479 -45.6899 -31.3373 16.1047 -40.0074 -1.1036
-39.6653 14.2916 -30.6787 -47.0971 -13.8065 -42.6243 23.0059 -33.7291 -33.8134 -21.5059 -45.6193 31.5845 -36.2738 -7.0145 -25.3282 -47.7412 34.8950 -37.9082 5.0754 -27.4688 -48.7891 24.9419 -39.0880 10.7464 -29.1120 -48.7358 2.4620 -40.0297 15.0369 -30.6190 -47.6825 -10.5563 -41.5334 19.1466 -32.1096 -44.3686 -16.4408 -43.1001 23.4021 -33.5648 -37.2244 -20.0722 -44.6279 27.9038 -34.9853 -24.1874 -22.7777 -46.0831 32.2615 -36.3067 -8.3820 -24.9392 -47.4094 35.0999 -38.3046 15.3851 -37.2326 30.3867 -45.0484 -20.7743 -34.8370 -33.8889 24.3927 -43.4463 -17.3751 -43.1770 -32.4376 20.0701 -41.8832 -12.2021 -47.1875 -30.9490 15.9262 -40.2891 -1.4538 -48.6407 -29.4333 11.6884 -39.2975 20.9621 -48.8669 -27.7896 6.3067 -38.1321 34.3570 -47.9787 -25.7328 -4.3244 -36.5529 32.4886 -45.9410 -22.0962 -30.9713 -34.0536 23.9933 -42.9732 -15.0120 -46.4603 -31.0062 15.1907 -39.9798
13.4965 -30.3414 -47.6129 -12.4227 -42.2842 22.0927 -33.4435 -35.8678 -21.0571 -45.4156 31.0932 -36.1616 -7.8054 -25.2729 -47.7412 34.8497 -37.9646 5.5339 -27.6144 -48.8364 22.5546 -39.2329 11.4565 -29.3720 -48.6579 -1.0659 -40.2648 15.8772 -30.9292 -47.2143 -12.1403 -41.8745 20.0583 -32.4344 -43.1685 -17.3916 -43.4535 24.4136 -33.8955 -34.7920 -20.7569 -44.9722 28.9529 -35.3019 -20.4268 -23.3162 -46.4016 33.1302 -36.5888 -5.4600 -25.3626 -47.6526 35.0445 -37.8513 7.4617 -32.0685 0.8942 -36.1629 30.2396 -45.3174 -21.3907 -32.0755 -34.2184 25.4208 -43.7989 -18.2464 -41.7559 -32.7636 20.9971 -42.2271 -13.5723 -46.6004 -31.2596 16.7679 -40.6063 -4.3536 -48.5107 -29.6943 12.3857 -39.4379 18.1914 -48.8924 -27.9331 6.7283 -38.1878 34.2596 -47.9787 -25.6804 -5.0103 -36.4443 32.0296 -45.7411 -21.6715 -33.2963 -33.7697 23.0657 -42.6328 -13.7992 -47.1031 -30.6683 14.4265
-29.3786 -48.0189 -10.7827 -41.9308 21.1443 -33.1329 -37.9362 -20.4992 -45.1545 30.4046 -35.9865 -9.3394 -25.1125 -47.6766 34.8950 -37.9646 5.6884 -27.6921 -48.8616 20.6883 -39.3407 12.0175 -29.5882 -48.5555 -3.7364 -40.5497 16.6632 -31.2259 -46.6543 -13.4826 -42.2087 20.9645 -32.7519 -41.7905 -18.2372 -43.7988 25.4311 -34.2236 -32.0161 -21.4009 -45.3117 29.9880 -35.6125 -16.5967 -23.8284 -46.7103 33.8856 -36.8606 -2.9333 -25.7729 -47.8978 34.7723 -37.9381 5.5681 -28.9039 -46.3080 -27.5532 -8.2638 -36.0313 31.0170 -45.6399 -21.9971 -28.9588 -34.5433 26.4546 -44.1439 -19.0324 -40.1278 -33.0805 21.9257 -42.5606 -14.7429 -45.9149 -31.5556 17.5584 -40.8989 -6.5227 -48.3532 -29.9139 12.9353 -39.5426 16.0889 -48.9017 -28.0104 6.8721 -38.1878 34.3570 -47.9186 -25.5278 -6.3509 -36.2744 31.3756 -45.4845 -21.1451 -35.6617 -33.4600 22.1045 -42.2811 -12.3947 -47.6219 -29.7184
-48.4297 -8.8391 -41.5719 20.1878 -32.8079 -39.8623 -19.8576 -44.8522 29.5624 -35.7610 -11.6014 -24.8609 -47.5544 34.9947 -37.9082 5.5339 -27.6921 -48.8694 19.6635 -39.4102 12.4108 -29.7533 -48.4456 -5.6483 -40.8029 17.3645 -31.4990 -46.0253 -14.6108 -42.5315 21.8642 -33.0633 -40.2046 -19.0002 -44.1329 26.4386 -34.5418 -28.9354 -22.0031 -45.6450 30.9935 -35.9158 -12.8830 -24.3145 -47.0073 34.4897 -37.1193 -0.7501 -26.1616 -48.1268 34.0966 -38.1403 6.1501 -27.9859 -48.7861 -15.4022 -48.4290 -25.5586 -8.6566 -36.2263 31.9408 -45.9663 -22.5683 -25.5661 -34.8582 27.4718 -44.4775 -19.7419 -38.2795 -33.3909 22.8399 -42.8825 -15.7360 -45.1507 -31.8287 18.2705 -41.1534 -8.1025 -48.1939 -30.0797 13.3228 -39.6106 14.9082 -48.9037 -28.0104 6.7283 -38.1321 34.6026 -47.8036 -25.2880 -8.3539 -36.0550 30.5626 -45.1866 -20.5399 -37.8849 -33.1341 21.1305 -41.9225 -10.7495 -48.1647
-9.5578 -41.2128 19.2357 -32.4747 -41.5633 -19.1354 -44.5277 28.6182 -35.4956 -14.5077 -24.5261 -47.3791 35.0599 -37.8024 5.0754 -27.6144 -48.8616 19.6635 -39.4346 12.6217 -29.8608 -48.3511 -6.9376 -41.0066 17.9527 -31.7345 -45.3597 -15.5416 -42.8307 22.7257 -33.3621 -38.4144 -19.7022 -44.4607 27.4251 -34.8477 -25.6452 -22.5612 -45.9657 31.9434 -36.2087 -9.4693 -24.7758 -47.2898 34.8972 -37.3608 1.1292 -26.5268 -48.3334 32.9199 -38.3630 7.2139 -28.0369 -48.7950 4.1820 -42.7869 26.4727 -47.8028 -25.3628 -6.3170 -36.4913 32.8209 -46.2801 -23.1002 -22.0343 -35.1610 28.4650 -44.8019 -20.3970 -36.2120 -33.6883 23.7141 -43.1809 -16.5689 -44.3500 -32.0641 18.8670 -41.3570 -9.1688 -48.0628 -30.1874 13.5334 -39.6350 14.9082 -48.9017 -27.9331 6.3067 -38.0254 34.8737 -47.6383 -24.9701 -10.9941 -35.7961 29.6376 -44.8661 -19.8642 -39.8782 -32.7992 20.1634 -41.5626 -11.1599
-41.1078 18.2945 -32.1378 -43.0326 -18.3382 -44.1863 27.6117 -35.2040 -17.9024 -24.1213 -47.1573 34.9984 -37.6565 4.3456 -27.4688 -48.8364 20.6883 -39.4102 12.6217 -29.8983 -48.2933 -7.7025 -41.1490 18.3972 -31.9181 -44.7404 -16.2772 -43.0959 23.5155 -33.6361 -36.5081 -20.3315 -44.7749 28.3943 -35.1441 -22.1978 -23.0812 -46.2704 32.8027 -36.4868 -6.4575 -25.2132 -47.5586 35.0613 -37.5935 2.7689 -26.8692 -48.5144 31.1569 -38.5877 8.3068 -28.3129 -48.8776 11.9287 -40.3553 24.3642 -39.4545 34.1769 -47.8555 -25.6507 -3.8138 -36.7580 33.5940 -46.5770 -23.5953 -18.4460 -35.4523 29.4232 -45.1102 -20.9871 -34.0264 -33.9607 24.5159 -43.4449 -17.2338 -43.6110 -32.2467 19.3168 -41.5006 -9.8035 -47.9844 -30.2256 13.5334 -39.6106 16.0889 -48.8924 -27.7896 5.6320 -37.8782 35.0434 -47.4291 -24.5853 -14.1993 -35.5105 28.6403 -44.5282 -19.1215 -41.6077 -32.4632 19.2051 -41.4367
17.5946 -31.7897 -44.2864 -17.4664 -43.8350 26.5726 -34.8970 -21.5294 -23.6668 -46.8997 34.7510 -37.4772 3.3518 -27.2672 -48.7891 22.5546 -39.3407 12.4108 -29.8608 -48.2933 -7.9637 -41.2259 18.6842 -32.0471 -44.2369 -16.8125 -43.3137 24.1997 -33.8764 -34.5714 -20.8793 -45.0647 29.3101 -35.4269 -18.6966 -23.5675 -46.5631 33.5572 -36.7484 -3.8810 -25.6216 -47.8105 34.9192 -37.8244 4.2373 -27.1993 -48.6659 28.7219 -38.8098 9.3599 -28.6332 -48.8581 9.4281 -39.8993 16.5264 -34.6628 12.1579 -38.4222 34.2258 -48.0480 -26.0150 -1.6092 -37.0100 34.2280 -46.8602 -24.0576 -14.9611 -35.7287 30.3165 -45.3960 -21.5035 -31.8306 -34.1993 25.2092 -43.6616 -17.7174 -43.0121 -32.3756 19.6094 -41.5776 -10.0203 -47.9844 -30.1874 13.3228 -39.5426 18.1914 -48.8669 -27.5876 4.7161 -37.7018 35.0227 -47.1836 -24.1514 -17.7908 -35.2086 27.6023 -44.1798 -18.3170 -43.0774 -32.1167 18.5162
-30.8828 -45.3301 -16.5063 -43.4807 25.5269 -34.5781 -25.1593 -23.1692 -46.6172 34.3056 -37.2708 2.0724 -27.0185 -48.7115 24.9419 -39.2329 12.0175 -29.7533 -48.3511 -7.7025 -41.2259 18.7896 -32.1178 -43.8804 -17.1712 -43.4736 24.7432 -34.0737 -32.7550 -21.3429 -45.3262 30.1385 -35.6855 -15.3803 -24.0162 -46.8402 34.1892 -36.9939 -1.7110 -25.9984 -48.0377 34.4173 -38.0495 5.5508 -27.5247 -48.7839 25.5488 -39.0276 10.3676 -28.9620 -48.7854 4.9321 -39.9517 15.0750 -32.0200 -29.1967 -30.7406 8.2924 -38.3426 33.4113 -48.2519 -26.3684 0.2754 -37.2404 34.7007 -47.1267 -24.4847 -11.8113 -35.9809 31.1198 -45.6509 -21.9412 -29.7886 -34.3946 25.7590 -43.8206 -18.0454 -42.5940 -32.4454 19.7153 -41.5776 -9.8035 -48.0628 -30.0797 12.9353 -39.4379 20.9621 -48.8149 -27.3379 3.5709 -37.5013 34.7786 -46.9115 -23.6761 -21.5345 -34.8939 26.5513 -43.8278 -17.4433 -44.3147 -31.2241
-46.4777 -15.4509 -43.1244 24.4921 -34.2519 -28.6215 -22.6308 -46.3160 33.6818 -37.0413 0.5052 -26.7326 -48.5984 27.4827 -39.0880 11.4565 -29.5882 -48.4456 -6.9376 -41.1490 18.6842 -32.1178 -43.7447 -17.3608 -43.5765 25.1211 -34.2186 -31.2283 -21.7069 -45.5445 30.8546 -35.9134 -12.4592 -24.4170 -47.0935 34.6600 -37.2203 0.1384 -26.3446 -48.2394 33.5070 -38.2665 6.7252 -27.8438 -48.8621 21.6487 -39.2403 11.3352 -29.2908 -48.6952 0.5958 -40.1436 15.4992 -31.1042 -45.2481 -22.9701 -48.1325 -28.8811 8.1310 -38.5022 32.0247 -48.4311 -26.6923 1.8804 -37.4531 34.9839 -47.3675 -24.8638 -9.1343 -36.2025 31.8040 -45.8653 -22.2847 -28.0885 -34.5383 26.1415 -43.9210 -18.2177 -42.4387 -32.4454 19.6094 -41.5006 -9.1688 -48.1939 -29.9139 12.3857 -39.2975 24.0817 -48.7303 -27.0573 2.1916 -37.2807 34.3183 -46.6195 -23.1638 -25.2266 -34.5714 25.5056 -43.4734 -16.4882 -45.6952
-15.2130 -42.7673 23.4712 -33.9226 -31.7734 -22.0573 -45.9997 32.9126 -36.7894 -1.3562 -26.4114 -48.4513 29.8479 -38.9152 10.7464 -29.3720 -48.5555 -5.6483 -41.0066 18.3972 -32.0471 -43.8804 -17.3608 -43.6139 25.3205 -34.3076 -30.1250 -21.9633 -45.7104 31.4184 -36.1028 -10.0653 -24.7601 -47.3160 34.9486 -37.4240 1.7071 -26.6603 -48.4164 32.1585 -38.4768 7.7996 -28.1566 -48.8978 17.1569 -39.4460 12.2710 -29.6212 -48.5688 -3.0591 -40.4395 16.3170 -31.1456 -46.5534 -16.6731 -45.8236 -10.1163 -48.7581 -28.6233 8.9215 -38.7021 30.1138 -48.5819 -26.9898 3.2509 -37.6508 35.0597 -47.5767 -25.1891 -6.9975 -36.3867 32.3298 -46.0299 -22.5288 -26.8712 -34.6269 26.3430 -43.9565 -18.2177 -42.5940 -32.3756 19.3168 -41.3570 -8.1025 -48.3532 -29.6943 11.6884 -39.1270 27.0850 -48.6109 -26.7526 0.5637 -37.0422 33.6774 -46.3119 -22.6194 -28.6908 -34.2451 24.4709 -43.1176 -16.1217
-42.5780 22.4676 -33.5910 -34.5789 -21.4518 -45.6727 32.0314 -36.5187 -3.5576 -26.0554 -48.2728 31.8283 -38.7227 9.9154 -29.1120 -48.6579 -3.7364 -40.8029 17.9527 -31.9181 -44.2369 -17.1712 -43.5765 25.3205 -34.3377 -29.5377 -22.1190 -45.8240 31.8166 -36.2464 -8.2590 -25.0374 -47.5021 35.0582 -37.6053 3.0097 -26.9436 -48.5645 30.3523 -38.6802 8.7923 -28.4618 -48.8888 12.3317 -39.6415 13.1773 -29.9478 -48.3683 -6.0359 -40.7953 17.2168 -31.4248 -46.2081 -14.8984 -43.4526 33.7113 -41.7217 1.0270 -48.7616 -28.8186 9.8297 -38.8993 27.6931 -48.7039 -27.2655 4.4114 -37.8303 34.9453 -47.7522 -25.4554 -5.4076 -36.5246 32.6976 -46.1410 -22.6781 -26.2237 -34.6567 26.3430 -43.9210 -18.0454 -43.0121 -32.2467 18.8670 -41.1534 -6.5227 -48.5107 -29.4333 10.8745 -38.9358 29.6924 -48.4579 -26.4194 -1.3528 -36.7851 32.8953 -45.9921 -22.0444 -31.8382 -33.9156 23.4516 -42.9106
21.7896 -33.2413 -37.0396 -20.8106 -45.3388 31.0745 -36.2345 -6.1605 -25.6669 -48.0659 33.3164 -38.5153 8.9831 -28.8225 -48.7358 -1.0659 -40.5497 17.3645 -31.7345 -44.7404 -16.8125 -43.4736 25.1211 -34.3076 -29.5377 -22.1726 -45.8838 32.0571 -36.3435 -7.0086 -25.2460 -47.6471 35.0246 -37.7628 4.0773 -27.1971 -48.6818 28.1448 -38.8721 9.7117 -28.7608 -48.8317 7.5962 -39.8257 14.0532 -30.2649 -48.0913 -8.4227 -41.1487 18.1344 -31.7501 -45.4486 -15.4248 -42.9427 25.6298 -37.1938 20.7950 -40.4017 1.7169 -48.7340 -29.0958 10.7003 -39.0853 24.8858 -48.7940 -27.5189 5.3857 -37.9874 34.6909 -47.8898 -25.6550 -4.3332 -36.6177 32.9217 -46.1999 -22.7291 -26.2237 -34.6269 26.1415 -43.8206 -17.7174 -43.6110 -32.0641 18.2705 -40.8989 -4.3536 -48.6407 -29.1432 9.9753 -38.7314 31.7752 -48.2746 -26.0527 -3.6165 -36.5102 32.0061 -45.6636 -21.4363 -34.6419 -33.5652 22.7637
-32.3945 -39.1715 -20.1286 -44.9987 30.0676 -35.9381 -9.1909 -25.2506 -47.8335 34.3245 -38.2987 7.9667 -28.5170 -48.8149 2.4620 -40.2648 16.6632 -31.4990 -45.3597 -16.2772 -43.3137 24.7432 -34.2186 -30.1250 -22.1190 -45.8838 32.1405 -36.3941 -6.2752 -25.3861 -47.7493 34.9080 -37.8892 4.9184 -27.4200 -48.7698 25.6684 -39.0457 10.5487 -29.0482 -48.7558 3.2724 -39.9996 14.8959 -30.5745 -47.7342 -10.3452 -41.4927 19.0423 -32.0780 -44.4668 -16.3738 -43.1108 23.9811 -34.9464 0.2353 -33.6303 17.0876 -40.3287 -1.0528 -48.6605 -29.3750 11.5009 -39.2556 21.8322 -48.8537 -27.7406 6.1629 -38.1134 34.3848 -47.9860 -25.7868 -3.6985 -36.6680 32.9983 -46.1999 -22.6781 -26.8712 -34.5383 25.7590 -43.6616 -17.2338 -44.3500 -31.8287 17.5584 -40.6063 -1.4538 -48.7299 -28.8353 9.0127 -38.5186 33.3155 -48.0635 -25.6576 -6.2543 -36.2235 31.0409 -45.3274 -20.7916 -37.0994 -32.7312
-41.6101 -19.4005 -44.6536 29.0299 -35.6321 -12.6347 -24.8095 -47.5801 34.8881 -38.0735 6.8697 -28.2020 -48.8822 6.7932 -40.0297 15.8772 -31.2259 -46.0253 -15.5416 -43.0959 24.1997 -34.0737 -31.2283 -21.9633 -45.8240 32.0571 -36.3941 -6.0359 -25.4577 -47.8104 34.7789 -37.9803 5.5266 -27.5993 -48.8275 23.1163 -39.1987 11.2832 -29.3110 -48.6785 -0.3743 -40.2172 15.7176 -30.8779 -47.2934 -11.9275 -41.8276 19.9423 -32.3974 -43.3106 -17.3023 -43.4246 24.4358 -34.2110 -25.0001 -27.6233 -38.7433 -31.9610 16.8719 -40.5630 -3.8539 -48.5421 -29.6370 12.2175 -39.4052 18.8005 -48.8864 -27.9186 6.7259 -38.2038 34.1166 -48.0424 -25.8546 -3.4786 -36.6680 32.9217 -46.1410 -22.5288 -28.0885 -34.3946 25.2092 -43.4449 -16.5689 -45.1507 -31.5556 16.7679 -40.2891 2.2716 -48.8117 -28.5226 7.9787 -38.2969 34.3394 -47.8285 -25.2396 -9.2982 -35.9287 30.0299 -44.9861 -20.1059 -39.9227
-18.6975 -44.3038 27.9743 -35.3207 -16.3625 -24.3454 -47.3102 35.0620 -37.8440 5.6700 -27.8808 -48.8991 11.6481 -39.8520 15.0369 -30.9292 -46.6543 -14.6108 -42.8307 23.5155 -33.8764 -32.7550 -21.7069 -45.7104 31.8166 -36.3435 -6.2752 -25.4577 -47.8306 34.6979 -38.0361 5.9239 -27.7270 -48.8605 20.8164 -39.3278 11.9147 -29.5437 -48.5815 -3.1865 -40.4892 16.5029 -31.1711 -46.7635 -13.2685 -42.1541 20.8267 -32.7085 -41.9779 -18.1445 -43.7626 25.3424 -34.2528 -30.3781 -23.4330 -48.3599 -20.4911 -44.7277 -31.6571 17.4466 -40.8412 -6.1042 -48.3895 -29.8702 12.8363 -39.5306 16.1664 -48.8997 -28.0474 7.0935 -38.2593 33.9620 -48.0610 -25.8546 -3.6985 -36.6177 32.6976 -46.0299 -22.2847 -29.7886 -34.1993 24.5159 -43.1809 -15.7360 -45.9149 -31.2585 15.9253 -40.0376 6.6746 -48.8818 -28.2033 6.8579 -38.0693 34.8953 -47.5747 -24.7990 -12.7272 -35.6252 28.9955 -44.6426 -19.3298
-44.0434 26.9178 -35.0049 -20.1919 -23.8592 -47.0260 34.9188 -37.6125 4.3510 -27.5549 -48.8679 16.6034 -39.6650 14.1699 -30.6190 -47.2143 -13.4826 -42.5315 22.7257 -33.6361 -34.5714 -21.3429 -45.5445 31.4184 -36.2464 -7.0086 -25.3861 -47.8104 34.6979 -38.0549 6.1250 -27.8043 -48.8786 19.0432 -39.4258 12.4239 -29.7421 -48.4641 -5.3145 -40.7523 17.2179 -31.4441 -46.1556 -14.4099 -42.4728 21.7042 -33.0120 -40.4617 -18.9017 -44.0935 26.3256 -34.5162 -28.9406 -22.3668 -46.4689 28.0170 -44.8169 -17.0642 -45.0402 -31.8012 18.1302 -41.1036 -7.8371 -48.2196 -30.0678 13.3367 -39.6256 14.2003 -48.9030 -28.1256 7.2802 -38.2781 33.9620 -48.0424 -25.7868 -4.3332 -36.5246 32.3298 -45.8653 -21.9412 -31.8306 -33.9607 23.7141 -42.8825 -14.7357 -46.6051 -30.9464 15.0645 -39.8578 11.6025 -48.8984 -27.8769 5.6442 -37.8392 35.0620 -47.3045 -24.3357 -16.4402 -35.3147 27.9482 -44.3713
26.1621 -34.6582 -23.9603 -23.3487 -46.7294 34.5231 -37.3792 2.8949 -27.2261 -48.7917 21.2442 -39.4669 13.2806 -30.3045 -47.6825 -12.1403 -42.2087 21.8642 -33.3621 -36.5081 -20.8793 -45.3262 30.8546 -36.1028 -8.2590 -25.2460 -47.7493 34.7789 -38.0361 6.1250 -27.8311 -48.8863 17.9344 -39.4892 12.7869 -29.8964 -48.3420 -6.8985 -40.9828 17.8602 -31.6912 -45.5002 -15.3612 -42.7728 22.5639 -33.3088 -38.7503 -19.5907 -44.4115 27.2983 -34.8126 -25.9874 -22.5732 -46.1109 34.4339 -39.4241 30.1878 -43.6091 -16.6924 -44.4714 -32.0237 18.7745 -41.3343 -9.1369 -48.0506 -30.2213 13.6947 -39.6872 13.0141 -48.9028 -28.1521 7.2802 -38.2593 34.1166 -47.9860 -25.6550 -5.4076 -36.3867 31.8040 -45.6509 -21.5035 -34.0264 -33.6883 22.8367 -42.5578 -13.5530 -47.1916 -30.6311 14.1853 -39.6637 16.6694 -48.8660 -27.5479 4.3220 -37.6076 34.9130 -47.0200 -23.8490 -20.2702 -34.9703 27.1563
-33.8824 -27.5162 -22.8123 -46.4220 33.9300 -37.1377 1.2620 -26.8964 -48.6768 25.2493 -39.2593 12.3646 -29.9806 -48.0551 -10.5563 -41.8745 20.9645 -33.0633 -38.4144 -20.3315 -45.0647 30.1385 -35.9134 -10.0653 -25.0374 -47.6471 34.9080 -37.9803 5.9239 -27.8043 -48.8863 17.5478 -39.5199 12.9962 -29.9985 -48.2375 -8.0016 -41.1727 18.4104 -31.9059 -44.8283 -16.1539 -43.0458 23.3637 -33.5877 -36.8638 -20.2245 -44.7209 28.2420 -35.1024 -22.6532 -23.0306 -46.2656 33.2526 -37.3809 11.6714 -36.1451 25.8541 -43.4898 -17.1655 -43.7173 -32.2349 19.3289 -41.5244 -10.0488 -47.9095 -30.3236 13.9018 -39.7146 12.6153 -48.9028 -28.1256 7.0935 -38.2038 34.3848 -47.8898 -25.4554 -6.9975 -36.2025 31.1197 -45.3960 -20.9870 -36.2130 -33.3908 21.9222 -42.2234 -12.1894 -47.6696 -30.3079 13.2728 -39.4606 21.3436 -48.7891 -27.2186 2.8614 -37.3740 34.5125 -46.7230 -23.3379 -24.0312 -34.2129
-31.8063 -22.2498 -46.1052 33.1862 -36.8816 -0.5984 -26.5552 -48.5276 28.4941 -39.0452 11.4208 -29.6497 -48.3454 -8.6341 -41.5334 20.0583 -32.7519 -40.2046 -19.7022 -44.7749 29.3101 -35.6855 -12.4592 -24.7601 -47.5021 35.0246 -37.8892 5.5266 -27.7270 -48.8786 17.9344 -39.5199 13.0627 -30.0468 -48.1706 -8.6831 -41.3114 18.8396 -32.0812 -44.1905 -16.7911 -43.2892 24.0984 -33.8386 -34.9130 -20.7907 -45.0167 29.1511 -35.3791 -19.2632 -23.5011 -46.5297 33.5600 -36.9304 2.2256 -30.8735 -9.6736 -34.8537 25.3941 -43.6521 -17.7054 -42.9634 -32.4103 19.7583 -41.6630 -10.6160 -47.8206 -30.3726 13.9677 -39.7146 13.0141 -48.9030 -28.0474 6.7259 -38.1134 34.6909 -47.7522 -25.1891 -9.1368 -35.9805 30.3156 -45.1100 -20.3960 -38.2826 -33.0803 20.9967 -41.8822 -10.5772 -48.0555 -29.9753 12.3384 -39.2513 25.3472 -48.6732 -26.8871 1.2201 -37.1315 33.9152 -46.4151 -22.8027 -28.7072
-21.2707 -45.7808 32.3302 -36.6115 -2.7469 -26.1914 -48.3483 30.9920 -38.8255 10.4442 -29.3169 -48.5552 -6.2597 -41.1824 19.1466 -32.4344 -41.7905 -19.0002 -44.4607 28.3943 -35.4269 -15.3803 -24.4170 -47.3160 35.0582 -37.7628 4.9184 -27.5993 -48.8605 19.0432 -39.4892 12.9962 -30.0468 -48.1483 -8.9882 -41.3920 19.1275 -32.2100 -43.6452 -17.2845 -43.4957 24.7464 -34.0598 -32.9800 -21.2793 -45.2867 30.0043 -35.6413 -15.9573 -23.9429 -46.7984 34.1212 -37.0029 -0.6314 -27.5513 -48.3156 -25.6584 -25.1845 -34.5283 25.8071 -43.8435 -18.1534 -42.3125 -32.5395 20.0455 -41.7434 -10.8740 -47.7912 -30.3726 13.9018 -39.6872 14.2003 -48.8997 -27.9186 6.1629 -37.9874 34.9453 -47.5767 -24.8625 -11.8244 -35.7276 29.4152 -44.7993 -19.7395 -40.1302 -32.7633 20.0701 -41.5317 -8.6121 -48.3505 -29.6417 11.3871 -39.0364 28.5903 -48.5223 -26.5431 -0.6534 -36.8738 33.1667 -46.0979 -21.7761
-45.4748 31.3941 -36.3291 -5.2495 -25.8028 -48.1429 32.8096 -38.6011 9.4289 -28.9836 -48.6882 -3.3106 -40.8245 18.2194 -32.1096 -43.1685 -18.2372 -44.1329 27.4251 -35.1441 -18.6966 -24.0162 -47.0935 34.9486 -37.6053 4.0773 -27.4200 -48.8275 20.8164 -39.4258 12.7869 -29.9985 -48.1706 -8.9882 -41.4177 19.2635 -32.2855 -43.2522 -17.6355 -43.6577 25.2753 -34.2463 -31.1526 -21.6908 -45.5236 30.7643 -35.8810 -12.9176 -24.3481 -47.0491 34.5966 -37.1939 0.1256 -26.6424 -48.5368 -8.6567 -47.4067 -23.1966 -27.0866 -34.5908 26.3003 -44.0008 -18.4759 -41.8506 -32.6149 20.1895 -41.7691 -10.8740 -47.8206 -30.3236 13.6947 -39.6256 16.1664 -48.8864 -27.7406 5.3857 -37.8303 35.0597 -47.3658 -24.4806 -15.0080 -35.4495 28.4486 -44.4745 -19.0285 -41.7561 -32.4373 19.1375 -41.1760 -6.2055 -48.5586 -29.3089 10.4114 -38.8191 31.0711 -48.3414 -26.1774 -2.8257 -36.6012 32.3056 -45.7846
30.3906 -35.9974 -8.1558 -25.3905 -47.9138 34.0352 -38.3754 8.3713 -28.6523 -48.7815 0.3303 -40.4663 17.2908 -31.7764 -44.3686 -17.3916 -43.7988 26.4386 -34.8477 -22.1978 -23.5675 -46.8402 34.6600 -37.4240 3.0097 -27.1971 -48.7698 23.1163 -39.3278 12.4239 -29.8964 -48.2375 -8.6831 -41.3920 19.2635 -32.3095 -43.0612 -17.8343 -43.7657 25.6679 -34.3933 -29.5557 -22.0274 -45.7265 31.4122 -36.0891 -10.3332 -24.7091 -47.2782 34.9117 -37.3935 1.5180 -26.6827 -48.4440 24.0196 -41.6285 34.9617 -46.4394 -22.7684 -26.0919 -34.7143 26.6927 -44.1058 -18.6589 -41.6237 -32.6389 20.1895 -41.7434 -10.6160 -47.9095 -30.2213 13.3367 -39.5306 18.8005 -48.8537 -27.5189 4.4114 -37.6507 34.9822 -47.1227 -24.0546 -18.4849 -35.1567 27.4614 -44.1431 -18.2439 -43.1770 -32.1044 18.2008 -40.8172 -3.2435 -48.6902 -28.9768 9.4025 -38.5969 32.8600 -48.1357 -25.7892 -5.3492 -36.2767 31.2106
-35.3130 -11.4745 -24.9558 -47.6648 34.7505 -38.1488 7.2616 -28.3217 -48.8597 4.7244 -40.1577 16.3689 -31.4400 -45.3903 -16.4408 -43.4535 25.4311 -34.5418 -25.6452 -23.0812 -46.5631 34.1892 -37.2203 1.7071 -26.9436 -48.6818 25.6684 -39.1987 11.9147 -29.7421 -48.3420 -8.0016 -41.3114 19.1275 -32.2855 -43.0612 -17.8968 -43.8165 25.9015 -34.4931 -28.3187 -22.2881 -45.8909 31.9420 -36.2667 -8.2328 -25.0202 -47.4792 35.0519 -37.5784 2.8285 -26.9187 -48.5531 29.1157 -39.4806 19.9583 -38.3109 33.9911 -46.2844 -22.8672 -24.8833 -34.8099 26.9285 -44.1585 -18.7166 -41.6237 -32.6149 20.0455 -41.6630 -10.0488 -48.0506 -30.0677 12.8363 -39.4052 21.8323 -48.7940 -27.2654 3.2428 -37.4521 34.6966 -46.8571 -23.5940 -22.0644 -34.8556 26.4529 -43.7987 -17.3751 -44.3893 -31.7694 17.2718 -40.4589 0.4128 -48.7831 -28.6455 8.3493 -38.3717 34.0599 -47.9074 -25.3786 -8.2551 -35.6206
-16.2697 -24.5023 -47.4000 35.0435 -37.9193 6.0769 -27.9918 -48.8981 9.7157 -39.9329 15.4512 -31.1037 -46.2384 -15.3783 -43.1001 24.4136 -34.2236 -28.9354 -22.5612 -46.2704 33.5572 -36.9939 0.1384 -26.6603 -48.5645 28.1448 -39.0457 11.2832 -29.5437 -48.4641 -6.8985 -41.1727 18.8396 -32.2100 -43.2522 -17.8343 -43.8165 25.9761 -34.5397 -27.5601 -22.4622 -46.0116 32.3462 -36.4116 -6.5669 -25.2845 -47.6510 35.0292 -37.7459 3.9447 -27.1707 -48.6693 28.1091 -39.0180 12.6047 -33.3739 6.9285 -37.1264 33.4106 -46.3372 -23.0052 -24.0806 -34.8558 27.0036 -44.1585 -18.6589 -41.8506 -32.5395 19.7583 -41.5240 -9.1356 -48.2197 -29.8702 12.2174 -39.2556 24.8858 -48.7039 -26.9886 1.8627 -37.2369 34.2223 -46.5760 -23.0985 -25.5981 -34.5427 25.4207 -43.4463 -16.4199 -45.4102 -31.4328 16.3497 -40.1520 4.8222 -48.8610 -28.3149 7.2381 -38.1441 34.7604 -47.6595 -24.9490 -12.6017
-23.3630 -47.1207 34.9963 -37.6882 4.7951 -27.6624 -48.8829 14.8900 -39.7384 14.5339 -30.7678 -46.9310 -14.1832 -42.7437 23.4021 -33.8955 -32.0161 -22.0031 -45.9657 32.8027 -36.7484 -1.7110 -26.3446 -48.4164 30.3523 -38.8721 10.5487 -29.3110 -48.5815 -5.3145 -40.9828 18.4104 -32.0812 -43.6452 -17.6355 -43.7657 25.9015 -34.5397 -27.3153 -22.5432 -46.0838 32.6129 -36.5180 -5.3211 -25.4964 -47.7928 34.8717 -37.8963 4.8826 -27.4041 -48.7611 25.8497 -39.0594 11.0636 -30.5420 -40.7998 -29.0194 0.2382 -36.8842 33.4549 -46.3955 -23.0796 -23.8174 -34.8558 26.9285 -44.1058 -18.4759 -42.3125 -32.4090 19.3270 -41.3335 -7.8351 -48.3897 -29.6369 11.5008 -39.0853 27.7149 -48.5820 -26.6909 0.2605 -37.0059 33.5856 -46.2772 -22.5677 -28.9646 -34.2184 24.3927 -43.0919 -15.3519 -46.2568 -31.0960 15.4312 -39.9285 9.8238 -48.8983 -27.9849 6.0516 -37.9145 35.0457 -47.3949 -23.7904
-46.8019 34.6752 -37.4559 3.3876 -27.3335 -48.8210 19.7676 -39.5369 13.6125 -30.4323 -47.4869 -12.8202 -42.3848 22.4002 -33.5648 -34.7920 -21.4009 -45.6450 31.9434 -36.4868 -3.8810 -25.9984 -48.2394 32.1585 -38.6802 9.7117 -29.0482 -48.6785 -3.1865 -40.7523 17.8602 -31.9059 -44.1905 -17.2845 -43.6577 25.6679 -34.4931 -27.5601 -22.5432 -46.1067 32.7368 -36.5805 -4.5186 -25.6485 -47.8997 34.6345 -38.0246 5.6676 -27.6141 -48.8256 23.2223 -39.1953 11.3364 -29.6171 -48.0371 -19.6212 -48.8090 -26.8292 -1.5651 -36.8640 33.5326 -46.4171 -23.0796 -24.0806 -34.8095 26.6927 -44.0008 -18.1534 -42.9634 -32.2329 18.7722 -41.1031 -6.1028 -48.5422 -29.3735 10.6895 -38.8966 30.1346 -48.4294 -26.3666 -1.6158 -36.7567 32.8157 -45.9634 -21.9969 -32.0756 -33.8889 23.3733 -42.7322 -14.1478 -46.9481 -30.7582 14.5118 -39.7331 15.0009 -48.8820 -27.6554 4.7671 -37.6833 34.9900 -47.0788
33.1098 -37.1631 1.8174 -27.0047 -48.7183 24.0220 -39.3291 12.6819 -30.0971 -47.9234 -11.2389 -42.0242 21.4097 -33.2312 -37.2244 -20.7569 -45.3117 30.9935 -36.2087 -6.4575 -25.6216 -48.0377 33.5070 -38.4768 8.7923 -28.7608 -48.7558 -0.3743 -40.4892 17.2179 -31.6912 -44.8283 -16.7911 -43.4957 25.2753 -34.3933 -28.3187 -22.4622 -46.0838 32.7368 -36.6004 -4.1532 -25.7382 -47.9697 34.3917 -38.1245 6.2833 -27.7926 -48.8672 20.5354 -39.3330 11.9246 -29.5945 -48.4829 -10.4237 -44.1440 10.6555 -48.3232 -26.2795 -1.7568 -36.8680 33.5294 -46.3948 -23.0009 -24.8991 -34.7112 26.2967 -43.8425 -17.6993 -43.7228 -32.0196 18.1264 -40.8395 -3.8163 -48.6627 -29.0855 9.8050 -38.6965 32.0489 -48.2496 -26.0106 -3.8434 -36.4877 31.9341 -45.6388 -21.3882 -34.8450 -33.5571 22.3645 -42.3716 -12.7703 -47.5036 -30.4201 13.5870 -39.5302 19.8774 -48.8188 -27.3259 3.3553 -37.3914 33.2263
-36.6156 0.0400 -26.6686 -48.5797 27.5202 -39.1157 11.7353 -29.7613 -48.2548 -9.3695 -41.6621 20.4310 -32.8952 -39.3319 -20.0722 -44.9722 29.9880 -35.9158 -9.4693 -25.2132 -47.8105 34.4173 -38.2665 7.7996 -28.4618 -48.8317 3.2724 -40.2172 16.5029 -31.4441 -45.5002 -16.1539 -43.2892 24.7464 -34.2463 -29.5557 -22.2881 -46.0116 32.6129 -36.5805 -4.1532 -25.7668 -48.0029 34.2128 -38.1929 6.7239 -27.9320 -48.8919 18.0793 -39.4527 12.4936 -29.7627 -48.4397 -6.8303 -41.7774 28.6070 -40.1569 30.4471 -48.2522 -26.1755 -1.8505 -36.8465 33.4201 -46.3243 -22.8361 -26.2493 -34.5660 25.7599 -43.6365 -17.1190 -44.5210 -31.7732 17.4053 -40.5442 -0.8111 -48.7469 -28.7876 8.8643 -38.4888 33.4672 -48.0424 -25.6227 -6.4720 -36.2037 30.9744 -45.3048 -20.7434 -37.2706 -33.2234 21.3774 -42.0123 -11.1757 -47.9373 -30.0844 12.6500 -39.3202 24.1274 -48.7150 -26.9955 1.7798 -36.8784
-2.5488 -26.3189 -48.4097 30.2570 -38.8973 10.7656 -29.4255 -48.4946 -7.1095 -41.3008 19.4692 -32.5595 -41.1413 -19.3403 -44.6279 28.9529 -35.6125 -12.8830 -24.7758 -47.5586 34.9192 -38.0495 6.7252 -28.1566 -48.8888 7.5962 -39.9996 15.7176 -31.1711 -46.1556 -15.3612 -43.0458 24.0984 -34.0598 -31.1526 -22.0274 -45.8909 32.3462 -36.5180 -4.5186 -25.7382 -48.0029 34.1504 -38.2297 6.9987 -28.0455 -48.9014 16.1868 -39.5447 12.9553 -29.9327 -48.3188 -7.1964 -41.1956 20.6424 -35.7104 14.7738 -38.8712 32.6113 -48.2243 -26.1227 -2.1817 -36.7860 33.1792 -46.2047 -22.5889 -28.0083 -34.3811 25.1039 -43.3941 -16.4065 -45.3093 -31.5003 16.6165 -40.2437 2.9047 -48.8241 -28.4818 7.8510 -38.2734 34.4088 -47.8084 -25.2057 -9.5203 -35.9097 29.9671 -44.9652 -20.0577 -39.3717 -32.8885 20.4062 -41.6528 -9.3019 -48.2641 -29.7505 11.7000 -39.1069 27.6248 -48.5749 -26.6640 -0.4398
-25.1482 -48.2125 32.2877 -38.6740 9.7623 -29.0920 -48.6526 -4.3433 -40.9417 18.5258 -32.2231 -42.6823 -18.5533 -44.2799 27.9038 -35.3019 -16.5967 -24.3145 -47.2898 35.0613 -37.8244 5.5508 -27.8438 -48.8978 12.3317 -39.8257 14.8959 -30.8779 -46.7635 -14.4099 -42.7728 23.3637 -33.8386 -32.9800 -21.6908 -45.7265 31.9420 -36.4116 -5.3211 -25.6485 -47.9697 34.2128 -38.2295 7.0744 -28.1608 -48.8915 14.3952 -39.4415 13.0890 -30.0053 -48.2151 -8.8201 -41.1290 19.0390 -33.4874 -16.1587 -31.6142 9.8527 -38.6202 33.0624 -48.1884 -26.0336 -2.8676 -36.6844 32.8075 -46.0429 -22.2697 -30.0419 -34.1616 24.3616 -43.1230 -15.5571 -46.0470 -31.2084 15.7943 -40.0118 7.2786 -48.8856 -28.1668 6.7498 -38.0500 34.9224 -47.5533 -24.7665 -12.9571 -35.6062 28.9314 -44.6208 -19.3248 -41.1755 -32.5526 19.4498 -41.2934 -7.0455 -48.4996 -29.4175 10.7332 -38.8909 30.3445 -48.4036 -25.5104
-47.9290 33.6910 -38.4482 8.7205 -28.7604 -48.7514 -0.9414 -40.5832 17.5934 -31.8865 -43.9842 -17.7007 -43.9286 26.8514 -34.9853 -20.4268 -23.8284 -47.0073 34.8972 -37.5935 4.2373 -27.5247 -48.8621 17.1569 -39.6415 14.0532 -30.5745 -47.2934 -13.2685 -42.4728 22.5639 -33.5877 -34.9130 -21.2793 -45.5236 31.4122 -36.2667 -6.5669 -25.4964 -47.8997 34.3917 -38.1927 7.0092 -28.1565 -48.9071 10.8507 -39.4454 13.4982 -30.3696 -48.0419 -9.5959 -41.4682 19.3825 -32.3512 -40.1778 -24.7535 -47.4342 -29.2615 8.6862 -38.4298 33.4222 -48.1245 -25.8905 -3.9380 -36.5435 32.3195 -45.8438 -21.8804 -32.2186 -33.9125 23.5506 -42.8275 -14.5628 -46.7000 -30.9067 14.9611 -39.8351 12.1537 -48.8975 -27.8472 5.5409 -37.8204 35.0608 -47.2838 -24.3046 -16.6772 -35.2952 27.8819 -44.2726 -18.5365 -42.7114 -32.2162 18.5066 -40.9343 -4.2808 -48.6551 -29.0852 9.7362 -38.6698 32.3360 -48.1386
