-2.2243 -25.2207 -47.9765 30.7512 -37.7595 5.2208 -26.7320 -48.6926 17.9137 -38.8487 10.2382 -28.2333 -48.7868 -1.3116 -39.9992 14.4789 -29.7346 -48.1507 -11.2309 -41.4550 18.5743 -31.2451 -45.6437 -16.1703 -42.9274 22.8079 -32.7488 -39.8212 -19.3682 -44.3912 27.2151 -34.2301 -28.5417 -21.7986 -45.8005 31.2540 -35.6395 -12.3858 -23.8151 -47.0934 33.2244 -36.8909 -0.3387 -25.5323 -48.1509 29.1476 -37.9912 6.4047 -27.0472 -48.7724 13.6938 -39.0863 11.3088 -28.9605 -48.1311 -20.1153 -48.7992 -26.6908 1.9920 -37.1574 33.0328 -47.3555 -24.2232 -9.0307 -35.9396 31.9790 -46.1060 -22.2835 -25.1377 -34.5533 28.1890 -44.7150 -19.9670 -37.8266 -33.0867 23.7947 -43.2576 -16.9870 -44.6924 -31.5850 19.5137 -41.7870 -12.6000 -47.7888 -30.0734 15.3963 -40.3242 -4.3434 -48.7557 -28.5722 11.2316 -39.0941 13.4260 -48.7783 -27.0696 6.4802 -38.0078 28.9559 -48.1838 -25.5803 -0.1163
-25.2207 -48.1604 33.7852 -38.1401 6.5252 -27.7921 -48.8555 22.2993 -39.0952 11.1855 -29.2412 -48.7086 1.2441 -40.0289 15.2452 -30.6860 -47.6002 -10.8257 -41.5800 19.2578 -32.1373 -44.2456 -16.5481 -43.1368 23.4990 -33.5794 -36.9885 -20.1456 -44.6637 28.0120 -34.9887 -23.8328 -22.8277 -46.1123 32.3496 -36.2944 -8.0658 -24.9759 -47.4105 34.9997 -37.4006 1.8540 -26.6832 -48.4147 32.2324 -38.3749 7.6744 -28.1130 -48.8940 18.1138 -39.2857 12.0901 -29.6221 -48.4798 -10.7832 -44.3272 3.1031 -48.5910 -27.1590 3.4525 -37.6248 35.0399 -47.6668 -25.3975 -5.2392 -36.5666 33.1864 -46.4224 -23.3509 -20.1847 -35.2909 29.0354 -45.0001 -20.8123 -34.5751 -33.9024 24.4936 -43.4814 -17.4751 -43.0254 -32.4650 20.1916 -41.9321 -12.4318 -47.0900 -31.0095 16.1383 -40.3774 -2.4925 -48.5946 -29.5659 12.1174 -39.2941 17.8970 -48.8988 -28.1136 7.6560 -38.3549 32.4836 -48.3612 -25.5803
-47.9765 33.7852 -38.3030 7.2313 -28.0248 -48.8996 18.2969 -39.4016 12.0964 -29.5591 -48.5950 -2.5116 -40.3814 16.1526 -31.0254 -47.0723 -12.4671 -41.9390 20.2099 -32.4840 -42.9946 -17.4985 -43.4938 24.5262 -33.9289 -34.5246 -20.8244 -45.0070 29.0592 -35.3335 -20.0501 -23.3647 -46.4284 33.2028 -36.6175 -5.1845 -25.4042 -47.6748 35.0388 -37.6932 3.4179 -27.0116 -48.5832 30.2002 -38.6833 8.7622 -28.4404 -48.8915 13.1055 -39.6076 13.0086 -29.8931 -48.3878 -7.2346 -41.8819 29.5530 -40.5107 22.4362 -48.7172 -27.3572 4.7993 -37.9193 34.7471 -47.9154 -25.8046 -2.7447 -36.8817 33.9301 -46.7294 -23.8592 -16.3402 -35.6349 30.0702 -45.3391 -21.4518 -31.7732 -34.2519 25.5270 -43.8371 -18.3476 -41.5446 -32.8130 21.1579 -42.2909 -13.8406 -46.4364 -31.3508 17.0525 -40.7317 -5.5562 -48.4099 -29.8856 13.0110 -39.6022 13.3911 -48.9032 -28.3462 8.3169 -38.5199 32.4836 -48.1838
30.7512 -38.1401 7.2313 -28.1184 -48.9120 15.0120 -39.5598 12.8880 -29.8525 -48.4226 -5.4655 -40.7276 17.0518 -31.3539 -46.4189 -13.8734 -42.2982 21.1779 -32.8200 -41.5097 -18.3679 -43.8489 25.5654 -34.2594 -31.7123 -21.4646 -45.3461 30.0924 -35.6438 -16.2130 -23.8768 -46.7373 33.9438 -36.8871 -2.6965 -25.8135 -47.9219 34.7309 -37.9263 4.8296 -27.3402 -48.7208 27.4522 -38.9042 9.7977 -28.7731 -48.8314 7.9103 -39.8068 13.9333 -30.2154 -48.1427 -8.2656 -41.3149 21.0780 -36.0170 16.6479 -39.4948 23.0118 -48.8176 -27.6650 6.0769 -38.1479 34.0278 -48.1435 -26.1920 -0.5977 -37.1377 34.5231 -47.0260 -24.3469 -12.6083 -35.9399 31.0754 -45.6728 -22.0574 -28.6213 -34.5781 26.5782 -44.1914 -19.1519 -39.8027 -33.1482 22.1412 -42.6492 -15.0741 -45.6330 -31.6823 17.9597 -41.0790 -7.9610 -48.1612 -30.1797 13.7965 -39.7562 9.9462 -48.8895 -28.4383 8.3169 -38.3549 28.9559
-37.7595 6.5252 -28.0248 -48.9120 13.7294 -39.6502 13.4490 -30.0869 -48.2163 -7.6599 -41.0487 17.9171 -31.6724 -45.6434 -15.0733 -42.6528 22.1565 -33.1534 -39.7666 -19.1682 -44.2009 26.6136 -34.5884 -28.5357 -22.0694 -45.6797 31.0960 -35.9470 -12.5096 -24.3638 -47.0357 34.5357 -37.1428 -0.5567 -26.1999 -48.1489 34.0022 -38.1569 6.1175 -27.6692 -48.8227 23.9405 -39.1213 10.7929 -29.1052 -48.7473 3.0601 -39.9968 14.8525 -30.5489 -47.7827 -10.1050 -41.4766 19.5048 -33.5813 -11.4846 -32.2963 13.0591 -39.4009 19.5860 -48.8819 -27.9918 7.2616 -38.3762 32.8044 -48.3489 -26.5554 1.2622 -37.3792 34.9188 -47.3102 -24.8122 -9.1785 -36.2355 32.0323 -46.0000 -22.6313 -25.1513 -34.9002 27.6378 -44.5411 -19.8954 -37.7765 -33.4786 23.1289 -43.0029 -16.1481 -44.6922 -32.0017 18.8332 -41.4004 -9.7681 -47.8812 -30.4146 14.3523 -39.8436 8.6579 -48.8895 -28.3462 7.6560 -38.0078
5.2208 -27.7921 -48.8996 15.0120 -39.6502 13.6534 -30.2189 -48.0385 -9.1340 -41.3175 18.6769 -31.9631 -44.7699 -16.1025 -42.9947 23.1239 -33.4790 -37.7578 -19.9029 -44.5463 27.6617 -34.9107 -25.0389 -22.6449 -46.0066 32.0514 -36.2418 -9.1008 -24.8263 -47.3204 34.9274 -37.3833 1.2977 -26.5627 -48.3531 32.7686 -38.3852 7.3038 -27.9999 -48.8837 19.6726 -39.3339 11.7583 -29.4377 -48.6478 -1.0805 -40.2523 15.7694 -30.8844 -47.3079 -11.8232 -41.7992 19.9365 -32.7152 -38.0559 -25.6044 -45.1596 -30.5032 12.9288 -39.5486 14.8752 -48.8981 -28.3217 8.3771 -38.6035 30.9873 -48.5278 -26.8965 2.8950 -37.6125 35.0620 -47.5816 -25.2545 -6.1429 -36.5210 32.9175 -46.3195 -23.1765 -21.4373 -35.2181 28.6831 -44.8838 -20.5832 -35.4790 -33.8025 24.1114 -43.3415 -17.0726 -43.6494 -32.2921 19.6021 -41.6694 -10.9987 -47.6474 -30.5468 14.5553 -39.8436 9.9462 -48.9032 -28.1136 6.4802
-26.7320 -48.8555 18.2969 -39.5598 13.4490 -30.2189 -47.9666 -9.8816 -41.5018 19.2597 -32.1991 -43.8791 -16.9445 -43.3099 24.0525 -33.7899 -35.5128 -20.5764 -44.8839 28.6911 -35.2247 -21.3397 -23.1894 -46.3259 32.9347 -36.5268 -6.0815 -25.2657 -47.5904 35.0613 -37.6174 2.9263 -26.9033 -48.5313 30.9406 -38.6104 8.4137 -28.3325 -48.8982 14.7856 -39.5412 12.7024 -29.7709 -48.4877 -4.4630 -40.5950 16.6931 -31.2204 -46.7069 -13.3162 -42.1522 20.8000 -32.7540 -41.0918 -20.6638 -47.3217 -16.7997 -47.7654 -30.2453 13.6509 -39.7396 9.7156 -48.8597 -28.6523 9.4365 -38.8268 28.4915 -48.6768 -27.2262 4.3510 -37.8440 34.8857 -47.8367 -25.6733 -3.5184 -36.7950 33.7017 -46.6301 -23.6952 -17.6111 -35.5295 29.7031 -45.2166 -21.2158 -32.9196 -34.1130 25.0544 -43.6525 -17.8382 -42.5916 -32.5283 20.1933 -41.8539 -11.6290 -47.5542 -30.5468 14.3523 -39.7562 13.3911 -48.8988 -27.0696
-48.6926 22.2993 -39.4016 12.8880 -30.0869 -48.0385 -9.8816 -41.5672 19.5856 -32.3575 -43.1287 -17.5757 -43.5777 24.8878 -34.0736 -33.1301 -21.1837 -45.2063 29.6888 -35.5271 -17.5957 -23.6991 -46.6359 33.7160 -36.8004 -3.4679 -25.6824 -47.8433 34.8737 -37.8510 4.3865 -27.2329 -48.6796 28.4315 -38.8325 9.4648 -28.6649 -48.8575 9.5819 -39.7425 13.6319 -30.1048 -48.2469 -7.1955 -40.9549 17.6241 -31.5567 -45.9625 -14.6154 -42.5107 21.7597 -33.0307 -40.2935 -19.3980 -45.0786 35.1034 -43.3982 -11.8877 -47.8190 -30.4581 14.5369 -39.9329 4.7243 -48.7815 -28.9849 10.4480 -39.0460 25.2476 -48.7917 -27.5550 5.6703 -38.0732 34.3125 -48.0713 -26.0678 -1.2655 -37.0552 34.3474 -46.9292 -24.1830 -13.9244 -35.8250 30.6773 -45.5334 -21.7884 -30.2121 -34.3937 25.8996 -43.9215 -18.4204 -41.7023 -32.6869 20.5240 -41.9194 -11.6290 -47.6474 -30.4146 13.7965 -39.6022 17.8970 -48.7783
17.9137 -39.0952 12.0964 -29.8525 -48.2163 -9.1340 -41.5018 19.5856 -32.4143 -42.6811 -17.9792 -43.7794 25.5664 -34.3121 -30.7900 -21.7079 -45.5013 30.6201 -35.8106 -14.0276 -24.1736 -46.9267 34.3472 -37.0577 -1.2314 -26.0746 -48.0766 34.2925 -38.0816 5.7120 -27.5618 -48.7937 25.1726 -39.0509 10.4718 -28.9968 -48.7782 4.5666 -39.9351 14.5528 -30.4395 -47.9141 -9.4261 -41.3149 18.5604 -31.8945 -45.0544 -15.7623 -42.8691 22.7516 -33.3544 -38.5537 -19.7114 -44.6225 30.6529 -38.3796 25.7300 -42.1558 -11.6818 -47.4660 -30.7708 15.4512 -40.1577 0.3303 -48.6877 -29.3197 11.4249 -39.2605 21.2344 -48.8676 -27.8842 6.8840 -38.3005 33.2681 -48.2838 -26.4359 0.6626 -37.2981 34.8055 -47.2088 -24.6337 -10.5688 -36.1014 31.5709 -45.8241 -22.2840 -27.6177 -34.6299 26.5889 -44.1241 -18.7926 -41.1748 -32.7436 20.5240 -41.8539 -10.9987 -47.8812 -30.1797 13.0110 -39.2941 13.4260
-38.8487 11.1855 -29.5591 -48.4226 -7.6599 -41.3175 19.2597 -32.3575 -42.6811 -18.1193 -43.8900 26.0291 -34.4890 -28.7484 -22.1309 -45.7572 31.4290 -36.0686 -10.8347 -24.6072 -47.1953 34.7943 -37.2933 0.6521 -26.4368 -48.2867 33.2480 -38.3074 6.9164 -27.8910 -48.8687 21.1445 -39.2650 11.4459 -29.3291 -48.6843 0.1818 -40.1635 15.4700 -30.7748 -47.4762 -11.2801 -41.6747 19.5066 -32.2339 -43.9535 -16.7889 -43.2264 23.7613 -33.6860 -36.3667 -20.3438 -44.7940 28.9861 -36.2633 7.2137 -35.0081 21.8040 -42.1195 -12.8822 -46.9288 -31.1037 16.3690 -40.4663 -3.3283 -48.5530 -29.6544 12.3763 -39.4699 16.5352 -48.8987 -28.2139 8.0161 -38.5273 31.6770 -48.4703 -26.7755 2.3151 -37.5238 35.0384 -47.4659 -25.0454 -7.6842 -36.3528 32.3360 -46.0736 -22.6838 -25.4089 -34.8028 27.0527 -44.2338 -18.9216 -41.1748 -32.6869 20.1933 -41.6694 -9.7681 -48.1612 -29.8856 12.1174 -39.0941
10.2382 -29.2412 -48.5950 -5.4655 -41.0487 18.6769 -32.1991 -43.1287 -17.9792 -43.8900 26.1961 -34.5838 -27.3417 -22.4342 -45.9588 32.0789 -36.2870 -8.2070 -24.9904 -47.4409 35.0293 -37.5119 2.2634 -26.7672 -48.4676 31.6899 -38.5291 8.0361 -28.2193 -48.8988 16.4336 -39.4741 12.3960 -29.6620 -48.5483 -3.4389 -40.4781 16.3926 -31.1106 -46.9180 -12.8520 -42.0343 20.4647 -32.5723 -42.6352 -17.7233 -43.5821 24.7864 -34.0170 -33.8130 -20.9991 -45.1035 29.4627 -35.7221 -7.5469 -29.4772 -24.6039 -33.6250 21.6750 -42.4005 -14.1879 -46.2383 -31.4400 17.2909 -40.8246 -6.2936 -48.3412 -29.9885 13.3103 -39.6733 11.4110 -48.8785 -28.5427 9.0803 -38.7486 29.4960 -48.6248 -27.0926 3.7554 -37.7392 35.0175 -47.6982 -25.4112 -5.3734 -36.5648 32.9321 -46.2687 -22.9703 -23.8754 -34.8970 27.2194 -44.2338 -18.7926 -41.7023 -32.5283 19.6021 -41.4004 -7.9610 -48.4099 -29.5659 11.2316
-28.2333 -48.7086 -2.5116 -40.7276 17.9171 -31.9631 -43.8791 -17.5757 -43.7794 26.0291 -34.5838 -26.8431 -22.5948 -46.0907 32.5388 -36.4559 -6.2319 -25.3071 -47.6508 35.0387 -37.7151 3.6494 -27.0744 -48.6191 29.5771 -38.7436 9.0706 -28.5415 -48.8789 11.3546 -39.6764 13.3288 -29.9955 -48.3352 -6.3642 -40.8374 17.3215 -31.4468 -46.2225 -14.2098 -42.3935 21.4372 -32.9087 -41.0794 -18.5797 -43.9359 25.8248 -34.3454 -30.9077 -21.6282 -45.4354 30.3821 -35.7837 -12.8047 -25.8358 -48.7964 -23.6345 -36.2855 -33.3852 22.4460 -42.7459 -15.3794 -45.3894 -31.7766 18.2202 -41.1854 -8.6890 -48.0421 -30.3213 14.2311 -39.8665 6.3592 -48.8050 -28.8656 10.0692 -38.9590 26.7083 -48.7467 -27.3963 5.0048 -37.9412 34.7425 -47.8948 -25.7130 -3.6472 -36.7281 33.3428 -46.3989 -23.1259 -23.3090 -34.8970 27.0527 -44.1241 -18.4204 -42.5916 -32.2921 18.8332 -41.0790 -5.5562 -48.5946 -28.5722
-48.7868 1.2441 -40.3814 17.0518 -31.6724 -44.7699 -16.9445 -43.5777 25.5664 -34.4890 -27.3417 -22.5948 -46.1370 32.7775 -36.5667 -4.8794 -25.5476 -47.8148 34.8561 -37.8933 4.7969 -27.3580 -48.7378 26.9145 -38.9479 10.0314 -28.8555 -48.8062 6.4114 -39.8687 14.2406 -30.3264 -48.0356 -8.7373 -41.1956 18.2511 -31.7833 -45.3703 -15.4024 -42.7522 22.4254 -33.2438 -39.2547 -19.3679 -44.2889 26.8729 -34.6707 -27.6602 -22.2244 -45.7669 31.3562 -36.0356 -11.1545 -24.8726 -47.6901 5.5312 -46.3098 -21.1109 -36.5770 -33.5961 23.4123 -43.1025 -16.4447 -44.3623 -32.1132 19.1598 -41.5447 -10.6497 -47.6468 -30.6528 15.1354 -40.0569 1.8696 -48.7208 -29.1805 10.9987 -39.1597 23.3552 -48.8335 -27.6800 6.0531 -38.1183 34.2726 -48.0471 -25.9387 -2.4997 -36.8316 33.5577 -46.4458 -23.1259 -23.8754 -34.8028 26.5889 -43.9215 -17.8382 -43.6494 -32.0017 17.9597 -40.7317 -2.4925 -48.7557
-1.3116 -40.0289 16.1526 -31.3539 -45.6434 -16.1025 -43.3099 24.8878 -34.3121 -28.7484 -22.4342 -46.0907 32.7775 -36.6055 -4.1973 -25.7011 -47.9297 34.5747 -38.0375 5.7055 -27.6048 -48.8194 23.8477 -39.1395 10.9290 -29.1635 -48.7237 2.0054 -40.0508 15.1202 -30.6498 -47.6439 -10.6812 -41.5520 19.1842 -32.1200 -44.3393 -16.4653 -43.1099 23.4299 -33.5774 -37.1329 -20.0999 -44.6394 27.9308 -34.9919 -24.1105 -22.7898 -46.0921 32.2935 -36.3191 -8.2027 -25.0153 -47.5277 34.0415 -40.5416 34.5844 -45.4057 -20.9607 -34.6339 -33.9051 24.4289 -43.4588 -17.4059 -43.1324 -32.4497 20.1119 -41.9020 -12.2949 -47.1450 -30.9784 16.0158 -40.3225 -1.8657 -48.6230 -29.4891 11.8714 -39.3472 19.6656 -48.8828 -27.9272 6.8895 -38.2621 33.7399 -48.1511 -26.0818 -1.9123 -36.8666 33.5577 -46.3989 -22.9703 -25.4089 -34.6299 25.8996 -43.6525 -17.0726 -44.6922 -31.6823 17.0525 -40.3774 -4.3434
-39.9992 15.2452 -31.0254 -46.4189 -15.0733 -42.9947 24.0525 -34.0736 -30.7900 -22.1309 -45.9588 32.5388 -36.5667 -4.1973 -25.7530 -47.9898 34.3200 -38.1423 6.3695 -27.8067 -48.8687 20.7272 -39.3098 11.7407 -29.4536 -48.6327 -1.6764 -40.3074 15.9814 -30.9670 -47.1576 -12.2797 -41.9016 20.1200 -32.4550 -43.1058 -17.4246 -43.4661 24.4500 -33.9091 -34.6867 -20.7835 -44.9848 28.9873 -35.3079 -20.3480 -23.3273 -46.4092 33.1532 -36.6003 -5.3488 -25.3895 -47.6816 34.9478 -38.5446 16.3243 -37.4819 31.4170 -45.3985 -21.4428 -31.9482 -34.2315 25.4623 -43.8131 -18.2824 -41.6756 -32.7835 21.0666 -42.2534 -13.6825 -46.5340 -31.2961 16.8820 -40.6575 -4.8768 -48.4681 -29.7799 12.6594 -39.5124 16.0773 -48.9019 -28.1289 7.5084 -38.3659 33.3153 -48.2056 -26.1311 -1.9123 -36.8316 33.3428 -46.2687 -22.6838 -27.6177 -34.3937 25.0544 -43.3415 -16.1481 -45.6330 -31.3508 16.1383 -40.3242
14.4789 -30.6860 -47.0723 -13.8734 -42.6528 23.1239 -33.7899 -33.1301 -21.7079 -45.7572 32.0789 -36.4559 -4.8794 -25.7011 -47.9898 34.2150 -38.1986 6.7831 -27.9531 -48.8936 17.9400 -39.4500 12.4380 -29.7124 -48.4990 -4.5390 -40.6281 16.8242 -31.2790 -46.5628 -13.6321 -42.2421 21.0463 -32.7807 -41.6739 -18.2906 -43.8189 25.4821 -34.2379 -31.9018 -21.4245 -45.3243 30.0239 -35.6196 -16.5177 -23.8388 -46.7170 33.9023 -36.8708 -2.8407 -25.7896 -47.9094 34.7109 -38.0896 8.5902 -32.3489 2.6104 -36.4353 31.2747 -45.6642 -22.0227 -28.8419 -34.5557 26.5045 -44.1616 -19.0812 -39.9954 -33.1083 22.0082 -42.5937 -14.8685 -45.8038 -31.6083 17.7300 -40.9789 -7.2036 -48.2691 -30.0392 13.3405 -39.6484 13.0091 -48.9016 -28.2755 7.8988 -38.4210 33.1534 -48.2056 -26.0818 -2.4997 -36.7281 32.9321 -46.0736 -22.2840 -30.2121 -34.1130 24.1114 -43.0029 -15.0741 -46.4364 -31.0095 15.3963
-29.7346 -47.6002 -12.4671 -42.2982 22.1565 -33.4790 -35.5128 -21.1837 -45.5013 31.4290 -36.2870 -6.2319 -25.5476 -47.9297 34.3200 -38.1986 6.9264 -28.0304 -48.9027 15.7864 -39.5546 12.9830 -29.9303 -48.3399 -6.6666 -40.9207 17.6151 -31.5761 -45.8640 -14.8072 -42.5787 21.9672 -33.0966 -40.0393 -19.0715 -44.1631 26.5117 -34.5610 -28.7970 -22.0282 -45.6552 31.0228 -35.9236 -12.8006 -24.3260 -47.0141 34.5024 -37.1275 -0.6799 -26.1763 -48.1348 34.0470 -38.1739 6.8260 -29.2463 -45.4522 -27.9383 -5.2719 -36.3297 32.0134 -45.9778 -22.5904 -25.4258 -34.8755 27.5410 -44.5034 -19.8071 -38.0838 -33.4242 22.9441 -42.9283 -15.9085 -44.9576 -31.9055 18.5282 -41.2717 -8.9467 -48.0475 -30.2562 13.8849 -39.7508 10.7408 -48.8931 -28.3535 8.0335 -38.4210 33.3153 -48.1511 -25.9387 -3.6472 -36.5648 32.3360 -45.8241 -21.7884 -32.9196 -33.8025 23.1289 -42.6492 -13.8406 -47.0900 -30.0734
-48.1507 -10.8257 -41.9390 21.1779 -33.1534 -37.7578 -20.5764 -45.2063 30.6201 -36.0686 -8.2070 -25.3071 -47.8148 34.5747 -38.1423 6.7831 -28.0304 -48.9043 14.5966 -39.6224 13.3739 -30.0971 -48.1784 -8.2081 -41.1733 18.3260 -31.8476 -45.0906 -15.8014 -42.9032 22.8884 -33.4067 -38.1805 -19.7813 -44.4956 27.5207 -34.8731 -25.4149 -22.5979 -45.9801 31.9757 -36.2181 -9.3646 -24.7898 -47.2989 34.9072 -37.3695 1.1908 -26.5409 -48.3407 32.8633 -38.3742 7.3646 -28.3248 -48.7471 -16.5382 -48.5830 -25.9934 -5.6050 -36.5210 32.8606 -46.2940 -23.1315 -21.7867 -35.1862 28.5523 -44.8346 -20.4728 -35.9355 -33.7318 23.8720 -43.2509 -16.7998 -44.0292 -32.1755 19.2464 -41.5242 -10.2240 -47.8318 -30.4220 14.2752 -39.8161 9.5314 -48.8883 -28.3535 7.8988 -38.3659 33.7399 -48.0471 -25.7130 -5.3734 -36.3528 31.5709 -45.5334 -21.2158 -35.4790 -33.4786 22.1412 -42.2909 -12.4318 -47.7888
-11.2309 -41.5800 20.2099 -32.8200 -39.7666 -19.9029 -44.8839 29.6888 -35.8106 -10.8347 -24.9904 -47.6508 34.8561 -38.0375 6.3695 -27.9531 -48.9027 14.5966 -39.6470 13.5887 -30.2058 -48.0430 -9.2724 -41.3738 18.9181 -32.0825 -44.2919 -16.6222 -43.2018 23.7722 -33.7042 -36.1101 -20.4288 -44.8170 28.5111 -35.1740 -21.8754 -23.1262 -46.2936 32.8571 -36.5027 -6.3132 -25.2307 -47.5693 35.0619 -37.6027 2.8307 -26.8823 -48.5205 31.0789 -38.5943 8.3600 -28.3741 -48.7953 -0.2615 -43.0883 22.5522 -48.0235 -25.7904 -3.5855 -36.7769 33.6357 -46.6012 -23.6406 -18.0907 -35.4834 29.5341 -45.1520 -21.0808 -33.5750 -34.0262 24.7597 -43.5486 -17.5464 -43.0768 -32.4075 19.8462 -41.7254 -11.1011 -47.6581 -30.5297 14.4854 -39.8391 9.5314 -48.8931 -28.2755 7.5084 -38.2621 34.2726 -47.8948 -25.4112 -7.6842 -36.1014 30.6773 -45.2166 -20.5832 -37.7765 -33.1482 21.1579 -41.9321 -12.6000
-41.4550 19.2578 -32.4840 -41.5097 -19.1682 -44.5463 28.6911 -35.5271 -14.0276 -24.6072 -47.4409 35.0387 -37.8933 5.7055 -27.8067 -48.8936 15.7864 -39.6224 13.5887 -30.2448 -47.9643 -9.9099 -41.5176 19.3652 -32.2646 -43.5467 -17.2794 -43.4634 24.5752 -33.9782 -33.8897 -21.0189 -45.1261 29.4690 -35.4652 -18.2868 -23.6171 -46.5896 33.6254 -36.7711 -3.6996 -25.6451 -47.8230 34.9028 -37.8334 4.2894 -27.2102 -48.6707 28.6245 -38.8141 9.3886 -28.6504 -48.8318 6.6805 -40.6022 25.4414 -39.6882 32.9554 -48.0909 -26.0608 -1.4397 -37.0298 34.2778 -46.8902 -24.1122 -14.5373 -35.7675 30.4720 -45.4547 -21.6305 -31.0858 -34.2962 25.5779 -43.8095 -18.1444 -42.1957 -32.5914 20.2954 -41.8679 -11.6311 -47.5575 -30.5672 14.4854 -39.8161 10.7408 -48.9016 -28.1289 6.8895 -38.1183 34.7425 -47.6982 -25.0454 -10.5688 -35.8250 29.7031 -44.8838 -19.8954 -39.8027 -32.8130 20.1916 -41.7870
18.5743 -32.1373 -42.9946 -18.3679 -44.2009 27.6617 -35.2247 -17.5957 -24.1736 -47.1953 35.0293 -37.7151 4.7969 -27.6048 -48.8687 17.9400 -39.5546 13.3739 -30.2058 -47.9643 -10.1191 -41.5946 19.6544 -32.3907 -42.9408 -17.7667 -43.6785 25.2604 -34.2168 -31.6786 -21.5379 -45.4134 30.3636 -35.7416 -14.7992 -24.0788 -46.8729 34.2556 -37.0206 -1.5099 -26.0281 -48.0535 34.3653 -38.0615 5.6022 -27.5361 -48.7866 25.4477 -39.0321 10.3912 -28.9714 -48.7784 4.3609 -40.0964 17.4757 -34.9517 13.1263 -38.6589 33.0612 -48.2699 -26.4029 0.4490 -37.2647 34.7477 -47.1605 -24.5486 -11.2628 -36.0362 31.3315 -45.7355 -22.1181 -28.6116 -34.5327 26.2795 -44.0223 -18.5919 -41.4816 -32.7203 20.5889 -41.9449 -11.8137 -47.5575 -30.5297 14.2752 -39.7508 13.0091 -48.9019 -27.9272 6.0531 -37.9412 35.0175 -47.4659 -24.6337 -13.9244 -35.5295 28.6831 -44.5411 -19.1519 -41.5446 -32.4650 19.5137
-31.2451 -44.2456 -17.4985 -43.8489 26.6136 -34.9107 -21.3397 -23.6991 -46.9267 34.7943 -37.5119 3.6494 -27.3580 -48.8194 20.7272 -39.4500 12.9830 -30.0971 -48.0430 -9.9099 -41.5946 19.7562 -32.4614 -42.5258 -18.0904 -43.8400 25.8079 -34.4097 -29.6465 -21.9712 -45.6690 31.1655 -35.9934 -11.6543 -24.5062 -47.1402 34.7208 -37.2516 0.3571 -26.3819 -48.2577 33.4051 -38.2828 6.8001 -27.8636 -48.8641 21.5011 -39.2477 11.3674 -29.3021 -48.6920 0.4178 -40.1797 16.0140 -32.3578 -25.6984 -31.0758 9.3854 -38.5768 31.8017 -48.4489 -26.7321 2.0759 -37.4838 35.0120 -47.4134 -24.9521 -8.3988 -36.2815 32.0930 -45.9880 -22.5332 -26.3430 -34.7267 26.8289 -44.1829 -18.8948 -40.9917 -32.7907 20.6974 -41.9449 -11.6311 -47.6581 -30.4220 13.8849 -39.6484 16.0773 -48.8828 -27.6800 5.0048 -37.7392 35.0384 -47.2088 -24.1830 -17.6111 -35.2181 27.6378 -44.1914 -18.3476 -43.0254 -31.5850
-45.6437 -16.5481 -43.4938 25.5654 -34.5884 -25.0389 -23.1894 -46.6359 34.3472 -37.2933 2.2634 -27.0744 -48.7378 23.8477 -39.3098 12.4380 -29.9303 -48.1784 -9.2724 -41.5176 19.6544 -32.4614 -42.3648 -18.2624 -43.9420 26.2006 -34.5532 -27.9353 -22.3120 -45.8845 31.8478 -36.2151 -8.9872 -24.8873 -47.3826 34.9947 -37.4663 1.9631 -26.7084 -48.4384 31.9729 -38.4983 7.9014 -28.1851 -48.8988 16.8624 -39.4566 12.3190 -29.6348 -48.5621 -3.1811 -40.4587 16.4429 -31.4525 -44.1569 -23.5752 -47.7496 -29.2254 9.2320 -38.7339 29.8082 -48.6020 -27.0382 3.4877 -37.6936 35.0455 -47.6432 -25.3146 -6.0400 -36.4961 32.7270 -46.2000 -22.8608 -24.4845 -34.8698 27.2233 -44.2859 -19.0549 -40.8027 -32.7907 20.5889 -41.8679 -11.1011 -47.8318 -30.2562 13.3405 -39.5124 19.6656 -48.8335 -27.3963 3.7554 -37.5238 34.8055 -46.9292 -23.6952 -21.4373 -34.9002 26.5782 -43.8371 -17.4751 -44.6924
-16.1703 -43.1368 24.5262 -34.2594 -28.5357 -22.6449 -46.3259 33.7160 -37.0577 0.6521 -26.7672 -48.6191 26.9145 -39.1395 11.7407 -29.7124 -48.3399 -8.2081 -41.3738 19.3652 -32.3907 -42.5258 -18.2624 -43.9780 26.4069 -34.6445 -26.6847 -22.5593 -46.0494 32.3795 -36.4000 -6.8641 -25.2132 -47.5927 35.0572 -37.6649 3.3341 -27.0087 -48.5914 30.0092 -38.7086 8.9180 -28.4975 -48.8844 11.9137 -39.6563 13.2425 -29.9650 -48.3558 -6.1504 -40.8104 17.2712 -31.4958 -45.7399 -17.6704 -46.1651 -11.9457 -48.6973 -28.9654 9.9859 -38.9292 27.2341 -48.7251 -27.3306 4.7191 -37.8912 34.8394 -47.8405 -25.6240 -4.1937 -36.6725 33.2081 -46.3600 -23.0958 -23.1473 -34.9596 27.4351 -44.3215 -19.0549 -40.9917 -32.7203 20.2954 -41.7254 -10.2240 -48.0475 -30.0392 12.6594 -39.3472 23.3552 -48.7467 -27.0926 2.3151 -37.2981 34.3474 -46.6301 -23.1765 -25.1513 -34.5781 25.5270 -43.4814 -16.9870
-42.9274 23.4990 -33.9289 -31.7123 -22.0694 -46.0066 32.9347 -36.8004 -1.2314 -26.4368 -48.4676 29.5771 -38.9479 10.9290 -29.4536 -48.4990 -6.6666 -41.1733 18.9181 -32.2646 -42.9408 -18.0904 -43.9420 26.4069 -34.6764 -26.0104 -22.7118 -46.1604 32.7490 -36.5401 -5.2771 -25.4770 -47.7673 34.9272 -37.8444 4.4953 -27.2855 -48.7115 27.5277 -38.9096 9.8635 -28.8046 -48.8191 7.0745 -39.8428 14.1358 -30.2903 -48.0692 -8.5449 -41.1670 18.1828 -31.7747 -45.3155 -16.0622 -43.8110 34.4377 -42.0776 -2.8460 -48.7113 -29.1591 10.8524 -39.1227 24.1138 -48.8150 -27.6075 5.7762 -38.0696 34.4292 -48.0024 -25.8740 -2.8364 -36.8064 33.5372 -46.4672 -23.2400 -22.4436 -34.9905 27.4351 -44.2859 -18.8948 -41.4816 -32.5914 19.8462 -41.5242 -8.9467 -48.2691 -29.7799 11.8714 -39.1597 26.7083 -48.6248 -26.7755 0.6626 -37.0552 33.7017 -46.3195 -22.6313 -28.6213 -34.2519 24.4936 -43.2576
22.8079 -33.5794 -34.5246 -21.4646 -45.6797 32.0514 -36.5268 -3.4679 -26.0746 -48.2867 31.6899 -38.7436 10.0314 -29.1635 -48.6327 -4.5390 -40.9207 18.3260 -32.0825 -43.5467 -17.7667 -43.8400 26.2006 -34.6445 -26.0104 -22.7626 -46.2185 32.9719 -36.6343 -4.1929 -25.6740 -47.9019 34.6583 -38.0005 5.4601 -27.5390 -48.7998 24.6594 -39.0978 10.7465 -29.1036 -48.7404 2.6797 -40.0207 14.9988 -30.6100 -47.6965 -10.4862 -41.5184 19.1088 -32.0973 -44.3905 -16.5253 -43.3107 26.7173 -37.4473 21.8056 -40.7666 -2.2727 -48.6371 -29.4368 11.6962 -39.3065 20.6197 -48.8720 -27.8610 6.6587 -38.2228 33.8906 -48.1259 -26.0594 -1.9017 -36.8961 33.7282 -46.5221 -23.2884 -22.4436 -34.9596 27.2233 -44.1829 -18.5919 -42.1957 -32.4075 19.2464 -41.2717 -7.2036 -48.4681 -29.4891 10.9987 -38.9590 29.4960 -48.4703 -26.4359 -1.2655 -36.7950 32.9175 -46.0000 -22.0574 -31.7732 -33.9024 23.7947
-32.7488 -36.9885 -20.8244 -45.3461 31.0960 -36.2418 -6.0815 -25.6824 -48.0766 33.2480 -38.5291 9.0706 -28.8555 -48.7237 -1.6764 -40.6281 17.6151 -31.8476 -44.2919 -17.2794 -43.6785 25.8079 -34.5532 -26.6847 -22.7118 -46.2185 33.0478 -36.6834 -3.5554 -25.8070 -47.9958 34.3466 -38.1254 6.2239 -27.7604 -48.8577 21.5710 -39.2676 11.5549 -29.3897 -48.6568 -1.0025 -40.2590 15.8402 -30.9212 -47.2291 -12.0927 -41.8612 20.0269 -32.4221 -43.2157 -17.3735 -43.4801 25.0487 -35.2364 2.0501 -33.9222 18.0508 -40.6981 -4.5159 -48.5026 -29.7173 12.4846 -39.4724 17.0303 -48.8987 -28.0826 7.3691 -38.3450 33.3523 -48.2116 -26.1847 -1.3554 -36.9417 33.7922 -46.5221 -23.2400 -23.1473 -34.8698 26.8289 -44.0223 -18.1444 -43.0768 -32.1755 18.5282 -40.9789 -4.8768 -48.6230 -29.1805 10.0692 -38.7486 31.6770 -48.2838 -26.0678 -3.5184 -36.5210 32.0323 -45.6728 -21.4518 -34.5751 -33.0867
-39.8212 -20.1456 -45.0070 30.0924 -35.9470 -9.1008 -25.2657 -47.8433 34.2925 -38.3074 8.0361 -28.5415 -48.8062 2.0054 -40.3074 16.8242 -31.5761 -45.0906 -16.6222 -43.4634 25.2604 -34.4097 -27.9353 -22.5593 -46.1604 32.9719 -36.6834 -3.3367 -25.8768 -48.0538 34.0779 -38.2150 6.7789 -27.9384 -48.8885 18.5206 -39.4167 12.2706 -29.6519 -48.5348 -3.9479 -40.5623 16.6637 -31.2242 -46.6677 -13.4452 -42.1949 20.9328 -32.7427 -41.8357 -18.2138 -43.7937 25.5124 -34.5474 -21.1344 -28.0366 -36.4700 -32.3066 17.8329 -40.9330 -6.7571 -48.3193 -29.9787 13.1807 -39.6165 13.6541 -48.9014 -28.2609 7.8948 -38.4355 32.9197 -48.2647 -26.2495 -1.1813 -36.9417 33.7282 -46.4672 -23.0958 -24.4845 -34.7267 26.2795 -43.8095 -17.5464 -44.0292 -31.9055 17.7299 -40.6575 -1.8657 -48.7208 -28.8656 9.0803 -38.5273 33.2681 -48.0713 -25.6733 -6.1429 -36.2355 31.0754 -45.3391 -20.8123 -37.8266
-19.3682 -44.6637 29.0592 -35.6438 -12.5096 -24.8263 -47.5904 34.8737 -38.0816 6.9164 -28.2193 -48.8789 6.4114 -40.0508 15.9814 -31.2790 -45.8640 -15.8014 -43.2018 24.5752 -34.2168 -29.6465 -22.3120 -46.0494 32.7490 -36.6343 -3.5554 -25.8768 -48.0739 33.9112 -38.2685 7.1450 -28.0661 -48.9004 15.8771 -39.5396 12.8833 -29.8840 -48.3797 -6.2139 -40.8549 17.4458 -31.5167 -46.0068 -14.6049 -42.5205 21.8251 -33.0542 -40.2572 -18.9847 -44.1262 26.4291 -34.5917 -26.9366 -23.9910 -48.5290 -21.2055 -43.5351 -32.0044 18.4071 -41.2083 -8.5749 -48.1020 -30.2112 13.7855 -39.7373 10.8599 -48.8903 -28.3888 8.2393 -38.4912 32.6614 -48.2832 -26.2495 -1.3554 -36.8961 33.5372 -46.3600 -22.8608 -26.3430 -34.5327 25.5779 -43.5486 -16.7998 -44.9583 -31.6083 16.8818 -40.3225 1.8696 -48.8050 -28.5427 8.0161 -38.3005 34.3125 -47.8367 -25.2545 -9.1785 -35.9399 30.0702 -45.0001 -19.9670
-44.3912 28.0120 -35.3335 -16.2130 -24.3638 -47.3204 35.0613 -37.8510 5.7120 -27.8910 -48.8988 11.3546 -39.8687 15.1202 -30.9670 -46.5628 -14.8072 -42.9032 23.7722 -33.9782 -31.6786 -21.9712 -45.8845 32.3795 -36.5401 -4.1929 -25.8070 -48.0538 33.9112 -38.2862 7.3301 -28.1422 -48.9023 13.9031 -39.6321 13.3791 -30.0849 -48.2049 -7.9329 -41.1186 18.1658 -31.7887 -45.2641 -15.6079 -42.8387 22.7174 -33.3548 -38.4894 -19.6862 -44.4535 27.4092 -34.8503 -25.3544 -22.9548 -46.7613 24.4525 -45.1383 -18.0019 -43.9017 -32.1484 19.0898 -41.4705 -9.9953 -47.8662 -30.4112 14.2828 -39.8293 8.8571 -48.8759 -28.4653 8.4140 -38.5096 32.6614 -48.2647 -26.1847 -1.9017 -36.8064 33.2081 -46.2000 -22.5332 -28.6116 -34.2962 24.7597 -43.2509 -15.9080 -45.8049 -31.2960 16.0157 -40.0569 6.3592 -48.8785 -28.2139 6.8840 -38.0732 34.8857 -47.5816 -24.8122 -12.6083 -35.6349 29.0354 -44.7150
27.2151 -34.9887 -20.0501 -23.8768 -47.0357 34.9274 -37.6174 4.3865 -27.5618 -48.8687 16.4336 -39.6764 14.2406 -30.6498 -47.1576 -13.6321 -42.5787 22.8884 -33.7042 -33.8897 -21.5379 -45.6690 31.8478 -36.4000 -5.2771 -25.6740 -47.9958 34.0779 -38.2685 7.3301 -28.1677 -48.9022 12.7408 -39.6938 13.7376 -30.2415 -48.0304 -9.2388 -41.3496 18.8159 -32.0349 -44.4727 -16.4543 -43.1377 23.5916 -33.6492 -36.4963 -20.3267 -44.7708 28.3738 -35.1411 -22.1882 -23.1423 -46.4356 34.9345 -39.6623 31.2251 -43.9674 -17.6602 -43.2214 -32.3690 19.7437 -41.7016 -11.0755 -47.6374 -30.5669 14.6387 -39.8887 7.6985 -48.8666 -28.4912 8.4140 -38.4912 32.9197 -48.2116 -26.0594 -2.8364 -36.6725 32.7270 -45.9880 -22.1181 -31.0858 -34.0262 23.8720 -42.9282 -14.8679 -46.5345 -30.9772 15.1354 -39.8665 11.4110 -48.8987 -27.8842 5.6703 -37.8440 35.0620 -47.3102 -24.3469 -16.3402 -35.2909 28.1890
-34.2301 -23.8328 -23.3647 -46.7373 34.5357 -37.3833 2.9263 -27.2329 -48.7937 21.1445 -39.4741 13.3288 -30.3264 -47.6439 -12.2797 -42.2421 21.9672 -33.4067 -36.1101 -21.0189 -45.4134 31.1655 -36.2151 -6.8641 -25.4770 -47.9019 34.3466 -38.2150 7.1450 -28.1422 -48.9022 12.3680 -39.7252 13.9446 -30.3436 -47.8870 -10.1588 -41.5403 19.3746 -32.2513 -43.6572 -17.1622 -43.4099 24.4041 -33.9265 -34.3182 -20.9170 -45.0755 29.3206 -35.4260 -18.7431 -23.5754 -46.5894 34.0188 -37.6263 12.6447 -36.4212 26.9299 -43.8542 -18.0896 -42.3175 -32.5808 20.3097 -41.8922 -11.8419 -47.4525 -30.6694 14.8446 -39.9175 7.3238 -48.8666 -28.4653 8.2393 -38.4355 33.3523 -48.1259 -25.8740 -4.1937 -36.4961 32.0930 -45.7355 -21.6305 -33.5750 -33.7306 22.9426 -42.5937 -13.6754 -47.1452 -30.6517 14.2311 -39.6733 16.5352 -48.8676 -27.5550 4.3510 -37.6125 34.9188 -47.0260 -23.8592 -20.1847 -34.5533
-28.5417 -22.8277 -46.4284 33.9438 -37.1428 1.2977 -26.9033 -48.6796 25.1726 -39.2650 12.3960 -29.9955 -48.0356 -10.6812 -41.9016 21.0463 -33.0966 -38.1805 -20.4288 -45.1261 30.3636 -35.9934 -8.9872 -25.2132 -47.7673 34.6583 -38.1254 6.7789 -28.0661 -48.9023 12.7408 -39.7252 14.0103 -30.3916 -47.7967 -10.7188 -41.6794 19.8111 -32.4282 -42.8819 -17.7477 -43.6550 25.1498 -34.1755 -32.0872 -21.4492 -45.3657 30.2231 -35.6987 -15.3275 -24.0222 -46.8438 34.2622 -37.1820 3.8052 -31.1855 -6.5013 -35.1683 26.4705 -44.0188 -18.5841 -41.4146 -32.7572 20.7512 -42.0314 -12.3217 -47.3370 -30.7187 14.9101 -39.9175 7.6985 -48.8759 -28.3888 7.8948 -38.3450 33.8906 -48.0024 -25.6240 -6.0400 -36.2815 31.3315 -45.4547 -21.0759 -35.9559 -33.4229 22.0066 -42.2534 -12.2869 -47.6468 -30.3213 13.3103 -39.4699 21.2344 -48.7917 -27.2262 2.8950 -37.3792 34.5231 -46.7294 -23.3509 -25.1377
-21.7986 -46.1123 33.2028 -36.8871 -0.5567 -26.5627 -48.5313 28.4315 -39.0509 11.4459 -29.6620 -48.3352 -8.7373 -41.5520 20.1200 -32.7807 -40.0393 -19.7813 -44.8170 29.4690 -35.7416 -11.6543 -24.8873 -47.5927 34.9272 -38.0005 6.2239 -27.9384 -48.9004 13.9031 -39.6938 13.9446 -30.3916 -47.7668 -10.9736 -41.7601 20.1034 -32.5571 -42.2260 -18.1981 -43.8607 25.8137 -34.3946 -29.9023 -21.9082 -45.6309 31.0500 -35.9559 -12.1299 -24.4420 -47.1022 34.6796 -37.2584 1.2981 -27.9092 -47.9929 -26.1385 -21.3559 -34.8593 26.8938 -44.2067 -18.9956 -40.6575 -32.8856 21.0473 -42.1121 -12.5494 -47.2989 -30.7187 14.8446 -39.8887 8.8571 -48.8903 -28.2609 7.3691 -38.2228 34.4292 -47.8405 -25.3146 -8.3989 -36.0362 30.4715 -45.1516 -20.4667 -38.1020 -33.1084 21.0666 -41.9020 -10.6497 -48.0421 -29.9885 12.3763 -39.2605 25.2476 -48.6768 -26.8965 1.2622 -37.1377 33.9301 -46.4224 -22.2835
-45.8005 32.3496 -36.6175 -2.6965 -26.1999 -48.3531 30.9406 -38.8325 10.4718 -29.3291 -48.5483 -6.3642 -41.1956 19.1842 -32.4550 -41.6739 -19.0715 -44.4956 28.5111 -35.4652 -14.7992 -24.5062 -47.3826 35.0572 -37.8444 5.4601 -27.7604 -48.8885 15.8771 -39.6321 13.7376 -30.3436 -47.7967 -10.9736 -41.7858 20.2406 -32.6325 -41.7615 -18.5131 -44.0196 26.3562 -34.5811 -27.8595 -22.2960 -45.8622 31.7677 -36.1874 -9.3563 -24.8275 -47.3433 34.9672 -37.4408 1.9537 -27.0029 -48.6676 -10.7531 -47.6816 -23.7465 -23.3940 -34.9236 27.3896 -44.3624 -19.2873 -40.1196 -32.9609 21.1880 -42.1377 -12.5494 -47.3370 -30.6694 14.6387 -39.8293 10.8599 -48.9014 -28.0826 6.6587 -38.0696 34.8395 -47.6431 -24.9520 -11.2632 -35.7663 29.5322 -44.8338 -19.8053 -39.9958 -32.7835 20.1119 -41.5447 -8.6890 -48.3412 -29.6544 11.4249 -39.0460 28.4915 -48.5278 -26.5554 -0.5977 -36.8817 33.1864 -46.1060
31.2540 -36.2944 -5.1845 -25.8135 -48.1489 32.7686 -38.6104 9.4648 -28.9968 -48.6843 -3.4389 -40.8374 18.2511 -32.1200 -43.1058 -18.2906 -44.1631 27.5207 -35.1740 -18.2868 -24.0788 -47.1402 34.9947 -37.6649 4.4953 -27.5390 -48.8577 18.5206 -39.5396 13.3791 -30.2415 -47.8870 -10.7188 -41.7601 20.2406 -32.6565 -41.5331 -18.6957 -44.1270 26.7535 -34.7283 -26.0914 -22.6149 -46.0608 32.3694 -36.3882 -7.0739 -25.1690 -47.5607 35.0615 -37.6346 3.1745 -27.0287 -48.5923 19.5968 -41.9157 34.2124 -46.7456 -23.3232 -22.3524 -35.0430 27.7834 -44.4685 -19.4569 -39.8413 -32.9849 21.1880 -42.1121 -12.3217 -47.4525 -30.5669 14.2828 -39.7373 13.6547 -48.8986 -27.8610 5.7761 -37.8909 35.0456 -47.4133 -24.5450 -14.5703 -35.4810 28.5450 -44.5031 -19.0798 -41.6756 -32.4497 19.1598 -41.1854 -6.2936 -48.5530 -29.3197 10.4480 -38.8268 30.9873 -48.3489 -26.1920 -2.7447 -36.5666 31.9790
-35.6395 -8.0658 -25.4042 -47.9219 34.0022 -38.3852 8.4137 -28.6649 -48.7782 0.1818 -40.4781 17.3215 -31.7833 -44.3393 -17.4246 -43.8189 26.5117 -34.8731 -21.8754 -23.6171 -46.8729 34.7208 -37.4663 3.3341 -27.2855 -48.7998 21.5710 -39.4167 12.8833 -30.0849 -48.0304 -10.1588 -41.6794 20.1034 -32.6325 -41.5331 -18.7531 -44.1772 26.9894 -34.8263 -24.7368 -22.8633 -46.2239 32.8590 -36.5609 -5.2324 -25.4640 -47.7496 34.9566 -37.8187 4.3414 -27.2571 -48.6958 25.9613 -39.7022 20.9505 -38.5574 34.6021 -46.6021 -23.4137 -21.0675 -35.1357 28.0195 -44.5187 -19.5103 -39.8413 -32.9609 21.0473 -42.0314 -11.8419 -47.6374 -30.4112 13.7851 -39.6162 17.0352 -48.8719 -27.6073 4.7185 -37.6933 35.0113 -47.1580 -24.1049 -18.1303 -35.1848 27.5336 -44.1616 -18.2821 -43.1324 -32.1132 18.2202 -40.8246 -3.3283 -48.6877 -28.9849 9.4365 -38.6035 32.8044 -48.1435 -25.8046 -5.2392 -35.9396
-12.3858 -24.9759 -47.6748 34.7309 -38.1569 7.3038 -28.3325 -48.8575 4.5666 -40.1635 16.3926 -31.4468 -45.3703 -16.4653 -43.4661 25.4821 -34.5610 -25.4149 -23.1262 -46.5896 34.2556 -37.2516 1.9631 -27.0087 -48.7115 24.6594 -39.2676 12.2706 -29.8840 -48.2049 -9.2388 -41.5403 19.8111 -32.5571 -41.7615 -18.6957 -44.1772 27.0645 -34.8725 -23.9151 -23.0295 -46.3430 33.2269 -36.7000 -3.7914 -25.7134 -47.9094 34.6742 -37.9857 5.3494 -27.5098 -48.7884 24.6846 -39.2402 13.5557 -33.6602 8.0973 -37.3739 34.1383 -46.6572 -23.5474 -20.2234 -35.1829 28.0946 -44.5187 -19.4569 -40.1196 -32.8856 20.7512 -41.8922 -11.0755 -47.8662 -30.2112 13.1776 -39.4708 20.6339 -48.8146 -27.3302 3.4869 -37.4833 34.7455 -46.8853 -23.6363 -21.7926 -34.8753 26.5026 -43.8131 -17.4059 -44.3623 -31.7766 17.2909 -40.4663 0.3303 -48.7815 -28.6523 8.3771 -38.3762 34.0278 -47.9154 -25.3975 -9.0307
-23.8151 -47.4105 35.0388 -37.9263 6.1175 -27.9999 -48.8982 9.5819 -39.9351 15.4700 -31.1106 -46.2225 -15.4024 -43.1099 24.4500 -34.2379 -28.7970 -22.5979 -46.2936 33.6254 -37.0206 0.3571 -26.7084 -48.5914 27.5277 -39.0978 11.5549 -29.6519 -48.3797 -7.9329 -41.3496 19.3746 -32.4282 -42.2260 -18.5131 -44.1270 26.9894 -34.8725 -23.6514 -23.1063 -46.4130 33.4640 -36.7998 -2.7432 -25.9123 -48.0379 34.2630 -38.1349 6.2055 -27.7450 -48.8517 21.8519 -39.2791 12.0437 -30.8843 -38.8762 -29.3655 2.0426 -37.1400 34.1749 -46.7153 -23.6180 -19.9503 -35.1829 28.0195 -44.4685 -19.2873 -40.6575 -32.7572 20.3096 -41.7016 -9.9953 -48.1020 -29.9774 12.4741 -39.3039 24.1253 -48.7247 -27.0355 2.0642 -37.2635 34.2757 -46.5983 -23.1309 -25.4259 -34.5555 25.4623 -43.4588 -16.4447 -45.3894 -31.4400 16.3690 -40.1577 4.7243 -48.8597 -28.3217 7.2616 -38.1479 34.7471 -47.6668 -24.2232
-47.0934 34.9997 -37.6932 4.8296 -27.6692 -48.8837 14.7856 -39.7425 14.5528 -30.7748 -46.9180 -14.2098 -42.7522 23.4299 -33.9091 -31.9018 -22.0282 -45.9801 32.8571 -36.7711 -1.5099 -26.3819 -48.4384 30.0092 -38.9096 10.7465 -29.3897 -48.5348 -6.2139 -41.1186 18.8159 -32.2513 -42.8819 -18.1981 -44.0196 26.7535 -34.8263 -23.9151 -23.1063 -46.4352 33.5721 -36.8582 -2.0708 -26.0556 -48.1355 33.7931 -38.2608 6.9218 -27.9553 -48.8876 18.6776 -39.4098 12.3100 -29.9611 -47.6238 -20.4038 -48.7988 -27.1952 0.4596 -37.1260 34.2371 -46.7364 -23.6168 -20.2237 -35.1357 27.7834 -44.3623 -18.9940 -41.4155 -32.5807 19.7436 -41.4705 -8.5749 -48.3207 -29.7134 11.6850 -39.1203 27.2681 -48.6003 -26.7268 0.4177 -37.0259 33.6333 -46.2932 -22.5879 -28.8468 -34.2312 24.4289 -43.1025 -15.3794 -46.2383 -31.1037 15.4512 -39.9329 9.7156 -48.8981 -27.9918 6.0769 -37.9193 35.0399 -47.3555
33.2244 -37.4006 3.4179 -27.3402 -48.8227 19.6726 -39.5412 13.6319 -30.4395 -47.4762 -12.8520 -42.3935 22.4254 -33.5774 -34.6867 -21.4245 -45.6552 31.9757 -36.5027 -3.6996 -26.0281 -48.2577 31.9729 -38.7086 9.8635 -29.1036 -48.6568 -3.9479 -40.8549 18.1658 -32.0349 -43.6572 -17.7477 -43.8607 26.3562 -34.7283 -24.7368 -23.0295 -46.4130 33.5721 -36.8766 -1.7585 -26.1400 -48.2010 33.3656 -38.3579 7.4825 -28.1345 -48.9023 15.5879 -39.5434 12.8855 -29.9375 -48.2336 -12.1833 -44.4570 5.3730 -48.4651 -26.6528 0.3040 -37.1320 34.2304 -46.7147 -23.5434 -21.0803 -35.0399 27.3777 -44.2043 -18.5781 -42.3252 -32.3646 19.0854 -41.2066 -6.7236 -48.5071 -29.4269 10.8359 -38.9249 29.8601 -48.4456 -26.3954 -1.4827 -36.7700 32.8486 -45.9736 -22.0161 -31.9645 -33.9021 23.4087 -42.7447 -14.1836 -46.9308 -30.7679 14.5340 -39.7384 14.8898 -48.8829 -27.6624 4.7951 -37.6237 33.0343
-36.8909 1.8540 -27.0116 -48.7208 23.9405 -39.3339 12.7024 -30.1048 -47.9141 -11.2801 -42.0343 21.4372 -33.2438 -37.1329 -20.7835 -45.3243 31.0228 -36.2181 -6.3132 -25.6451 -48.0535 33.4051 -38.4983 8.9180 -28.8046 -48.7404 -1.0025 -40.5623 17.4458 -31.7887 -44.4727 -17.1622 -43.6550 25.8137 -34.5811 -26.0914 -22.8633 -46.3430 33.4640 -36.8582 -1.7585 -26.1671 -48.2310 33.0812 -38.4223 7.8787 -28.2708 -48.9016 12.8750 -39.6604 13.4438 -30.1028 -48.1727 -9.1764 -42.1416 29.6919 -40.3727 27.6631 -48.4422 -26.5513 0.2318 -37.1117 34.1404 -46.6464 -23.3861 -22.5083 -34.8966 26.8326 -44.0002 -18.0419 -43.2909 -32.1174 18.3567 -40.9105 -4.3210 -48.6455 -29.1285 9.9269 -38.7198 31.8861 -48.2623 -26.0329 -3.7221 -36.4982 31.9567 -45.6478 -21.4099 -34.7489 -33.5697 22.4037 -42.3857 -12.8215 -47.4865 -30.4325 13.6129 -39.5370 19.7670 -48.8210 -27.3335 3.3897 -37.1432
-0.3387 -26.6832 -48.5832 27.4522 -39.1213 11.7583 -29.7709 -48.2469 -9.4261 -41.6747 20.4647 -32.9087 -39.2547 -20.0999 -44.9848 30.0239 -35.9236 -9.3646 -25.2307 -47.8230 34.3653 -38.2828 7.9014 -28.4975 -48.8191 2.6797 -40.2590 16.6637 -31.5167 -45.2641 -16.4543 -43.4099 25.1498 -34.3946 -27.8595 -22.6149 -46.2239 33.2269 -36.7998 -2.0708 -26.1401 -48.2309 32.9812 -38.4480 8.0818 -28.3467 -48.9009 10.8947 -39.7416 13.9010 -30.2766 -48.0109 -9.4411 -41.5620 21.6296 -35.9942 15.6875 -39.0947 30.6742 -48.4250 -26.5029 -0.0564 -37.0548 33.9478 -46.5308 -23.1499 -24.4005 -34.7129 26.1707 -43.7575 -17.3912 -44.2411 -31.8440 17.5666 -40.5934 -1.2990 -48.7337 -28.8229 8.9553 -38.5060 33.3849 -48.0517 -25.6404 -6.3708 -36.2121 30.9955 -45.3136 -20.7644 -37.1956 -33.2341 21.4136 -42.0256 -11.2430 -47.9224 -30.0977 12.6828 -39.3294 24.0207 -48.7183 -27.0133 1.4947
-25.5323 -48.4147 30.2002 -38.9042 10.7929 -29.4377 -48.4877 -7.1955 -41.3149 19.5066 -32.5723 -41.0794 -19.3679 -44.6394 28.9873 -35.6196 -12.8006 -24.7898 -47.5693 34.9028 -38.0615 6.8001 -28.1851 -48.8844 7.0745 -40.0207 15.8402 -31.2242 -46.0068 -15.6079 -43.1377 24.4041 -34.1755 -29.9023 -22.2960 -46.0608 32.8590 -36.7000 -2.7432 -26.0556 -48.2009 33.0782 -38.4499 8.2997 -28.3318 -48.9000 10.4207 -39.7766 14.0993 -30.3964 -47.7746 -10.2242 -41.4195 19.7835 -33.5996 -12.2360 -31.7917 10.8936 -38.8640 31.3251 -48.3951 -26.4187 -0.6444 -36.9591 33.6357 -46.3724 -22.8466 -26.6231 -34.4959 25.4166 -43.4867 -16.6246 -45.1289 -31.5536 16.7450 -40.2775 2.4069 -48.8140 -28.5102 7.9149 -38.2846 34.3744 -47.8182 -25.2220 -9.4311 -35.9165 29.9882 -44.9722 -20.0754 -39.3214 -32.8963 20.4380 -41.6647 -9.3773 -48.2537 -29.7633 11.7376 -39.1165 27.5174 -48.5802 -25.8840
-48.1509 32.2324 -38.6833 9.7977 -29.1052 -48.6478 -4.4630 -40.9549 18.5604 -32.2339 -42.6352 -18.5797 -44.2889 27.9308 -35.3079 -16.5177 -24.3260 -47.2989 35.0619 -37.8334 5.6022 -27.8636 -48.8988 11.9137 -39.8428 14.9988 -30.9212 -46.6677 -14.6049 -42.8387 23.5916 -33.9265 -32.0872 -21.9082 -45.8622 32.3694 -36.5609 -3.7914 -25.9123 -48.1355 33.3639 -38.4245 8.1264 -28.4472 -48.8673 9.5558 -39.8543 14.1979 -30.5026 -47.8495 -10.5963 -41.7672 19.5425 -32.7129 -38.6217 -25.3110 -46.5085 -29.5911 9.7346 -38.6561 31.8461 -48.3371 -26.2821 -1.5489 -36.8272 33.2045 -46.1787 -22.4781 -29.0384 -34.2491 24.5948 -43.1929 -15.7379 -45.9222 -31.2530 15.9052 -40.0327 6.8376 -48.8827 -28.1869 6.7980 -38.0583 34.9094 -47.5640 -24.7805 -12.8742 -35.6126 28.9529 -44.6279 -19.3403 -41.1413 -32.5594 19.4743 -41.3027 -7.1278 -48.4931 -29.4293 10.7703 -38.8989 30.2396 -48.3388
