-0.0112 -25.5984 -48.1941 28.8238 -38.0222 6.5525 -27.0876 -48.7809 13.1338 -39.1084 11.2889 -28.5902 -48.7526 -4.4662 -40.3410 15.4472 -30.0944 -47.7635 -12.6754 -41.8048 19.5614 -31.6008 -44.6384 -17.0308 -43.2781 23.8551 -33.1063 -37.7111 -19.9956 -44.7306 28.2389 -34.5739 -24.9173 -22.3124 -46.1230 32.0142 -35.9522 -8.8779 -24.2454 -47.3715 33.0113 -37.1579 1.5915 -25.9007 -48.3467 26.6519 -38.2505 7.6399 -27.4070 -48.8219 8.6893 -39.3411 12.3239 -29.3159 -47.7447 -20.7528 -48.7679 -27.0512 3.6377 -37.4187 32.4297 -47.6220 -24.6426 -5.9031 -36.2442 32.5970 -46.4191 -22.7748 -21.2472 -34.8960 29.1922 -45.0526 -20.5585 -35.4158 -33.4388 24.8452 -43.6090 -17.7835 -43.4825 -31.9416 20.5055 -42.1339 -13.8515 -47.2915 -30.4346 16.3691 -40.6696 -6.9299 -48.6602 -28.9258 12.2484 -39.3487 8.4136 -48.8239 -27.4264 7.7181 -38.2687 26.3500 -48.3787 -25.9459 1.8180
-25.5984 -48.3707 32.3958 -38.3690 7.7239 -28.1318 -48.8992 17.6004 -39.3060 12.1745 -29.5845 -48.5864 -2.6582 -40.3938 16.1828 -31.0299 -47.0540 -12.5235 -41.9528 20.2432 -32.4789 -42.9647 -17.5196 -43.5029 24.5564 -33.9222 -34.4230 -20.8469 -45.0147 29.0820 -35.3092 -19.9525 -23.3827 -46.4411 33.2324 -36.5783 -5.1247 -25.4173 -47.6809 35.0326 -37.6375 3.4781 -27.0310 -48.5877 30.1384 -38.5970 8.7868 -28.4541 -48.8900 12.8794 -39.4886 13.0620 -29.9629 -48.2296 -12.4867 -44.6818 -1.1717 -48.6971 -27.4998 4.9045 -37.8593 34.7256 -47.9224 -25.8186 -2.6933 -36.8373 33.9469 -46.7397 -23.8812 -16.2044 -35.6100 30.0936 -45.3466 -21.4665 -31.6917 -34.2398 25.5695 -43.8498 -18.3698 -41.5075 -32.8064 21.1799 -42.3008 -13.8928 -46.4066 -31.3578 17.0847 -40.7445 -5.6601 -48.3996 -29.9048 13.0901 -39.4970 12.6444 -48.8927 -28.4537 8.7846 -38.5815 30.4674 -48.5464 -25.9459
-48.1941 32.3958 -38.5352 8.3775 -28.3663 -48.9017 13.0767 -39.6143 13.0673 -29.9050 -48.3969 -5.7043 -40.7506 17.1006 -31.3710 -46.3918 -13.9203 -42.3123 21.2140 -32.8280 -41.4766 -18.3851 -43.8566 25.5906 -34.2718 -31.5943 -21.4871 -45.3550 30.1133 -35.6502 -16.1302 -23.8896 -46.7477 33.9702 -36.8953 -2.6360 -25.8217 -47.9268 34.7198 -37.9333 4.8762 -27.3528 -48.7249 27.3689 -38.9088 9.8189 -28.7807 -48.8287 7.7340 -39.8138 13.9690 -30.2377 -48.0978 -9.5128 -42.2452 30.6196 -40.7831 17.7288 -48.8072 -27.6989 6.1291 -38.1578 34.0019 -48.1489 -26.1999 -0.5567 -37.1416 34.5392 -47.0367 -24.3644 -12.5084 -35.9470 31.0960 -45.6797 -22.0721 -28.5106 -34.5904 26.6150 -44.2012 -19.1688 -39.7630 -33.1552 22.1675 -42.6618 -15.1200 -45.5967 -31.6994 18.0087 -41.1010 -8.1323 -48.1276 -30.2298 13.9722 -39.8083 8.0272 -48.8493 -28.6896 9.4067 -38.7534 30.4674 -48.3787
28.8238 -38.3690 8.3775 -28.4584 -48.8863 9.6335 -39.7674 13.8508 -30.1990 -48.1435 -8.0866 -41.0972 18.0075 -31.7025 -45.5873 -15.1408 -42.6704 22.1983 -33.1643 -39.7143 -19.1845 -44.2084 26.6370 -34.5979 -28.4193 -22.0924 -45.6906 31.1212 -35.9531 -12.4348 -24.3744 -47.0437 34.5532 -37.1518 -0.4911 -26.2080 -48.1534 33.9819 -38.1628 6.1517 -27.6822 -48.8255 23.8096 -39.1244 10.8131 -29.1123 -48.7449 2.9356 -40.0058 14.8872 -30.5617 -47.7620 -10.3616 -41.6819 22.0938 -36.3006 17.6008 -39.7101 18.4046 -48.8786 -28.0071 7.3070 -38.3854 32.7684 -48.3531 -26.5627 1.2977 -37.3843 34.9287 -47.3211 -24.8265 -9.1004 -36.2418 32.0514 -46.0066 -22.6485 -25.0178 -34.9133 27.6673 -44.5501 -19.9122 -37.7249 -33.4891 23.1672 -43.0177 -16.2029 -44.6244 -32.0308 18.9247 -41.4480 -10.1111 -47.7872 -30.5244 14.7431 -39.9529 4.7671 -48.8038 -28.7820 9.4067 -38.5815 26.3500
-38.0222 7.7239 -28.3663 -48.8863 8.3490 -39.8545 14.4045 -30.4329 -47.8602 -9.8782 -41.4181 18.8739 -32.0193 -44.6373 -16.2062 -43.0208 23.1881 -33.4969 -37.6684 -19.9269 -44.5572 27.6890 -34.9202 -24.9307 -22.6651 -46.0185 32.0816 -36.2472 -9.0345 -24.8358 -47.3271 34.9354 -37.3932 1.3616 -26.5717 -48.3570 32.7372 -38.3902 7.3314 -28.0119 -48.8851 19.5009 -39.3373 11.7779 -29.4446 -48.6451 -1.1705 -40.2630 15.8055 -30.8963 -47.2903 -11.9021 -41.8433 20.4840 -33.9050 -8.0738 -32.6182 14.0089 -39.6124 14.5030 -48.8961 -28.3346 8.4147 -38.6105 30.9405 -48.5313 -26.9033 2.9345 -37.6196 35.0615 -47.5906 -25.2658 -6.0813 -36.5268 32.9347 -46.3277 -23.1954 -21.2877 -35.2312 28.7181 -44.8952 -20.6069 -35.3681 -33.8199 24.1760 -43.3676 -17.1646 -43.4880 -32.3486 19.8023 -41.7701 -11.6162 -47.4226 -30.7566 15.2897 -40.0359 3.5992 -48.8038 -28.6896 8.7846 -38.2687
6.5525 -28.1318 -48.9017 9.6335 -39.8545 14.6065 -30.5640 -47.6262 -11.0936 -41.6877 19.6499 -32.3068 -43.5819 -17.1239 -43.3592 24.1639 -33.8198 -35.3463 -20.6184 -44.9017 28.7393 -35.2377 -21.2052 -23.2088 -46.3383 32.9654 -36.5330 -6.0239 -25.2746 -47.5961 35.0612 -37.6265 2.9865 -26.9143 -48.5357 30.8963 -38.6152 8.4372 -28.3419 -48.8973 14.5844 -39.5469 12.7264 -29.7778 -48.4835 -4.5289 -40.6050 16.7253 -31.2332 -46.6847 -13.3612 -42.1660 20.9203 -33.0571 -35.6693 -26.1048 -44.0533 -30.8467 13.8801 -39.7547 9.5087 -48.8568 -28.6655 9.4652 -38.8325 28.4315 -48.6796 -27.2330 4.3967 -37.8522 34.8734 -47.8434 -25.6824 -3.4676 -36.8005 33.7201 -46.6403 -23.7147 -17.4571 -35.5432 29.7556 -45.2351 -21.2533 -32.7044 -34.1419 25.1732 -43.7070 -18.0059 -42.2369 -32.6362 20.5892 -42.0397 -12.6457 -47.1226 -30.8890 15.4923 -40.0359 4.7671 -48.8493 -28.4537 7.7181
-27.0876 -48.8992 13.0767 -39.7674 14.4045 -30.5640 -47.5345 -11.7089 -41.8697 20.2498 -32.5459 -42.5251 -17.8814 -43.6734 25.1062 -34.1270 -32.7717 -21.2497 -45.2350 29.7658 -35.5465 -17.3860 -23.7247 -46.6480 33.7432 -36.8085 -3.4054 -25.6907 -47.8484 34.8655 -37.8580 4.4346 -27.2454 -48.6840 28.3565 -38.8371 9.4863 -28.6726 -48.8554 9.4024 -39.7492 13.6625 -30.1117 -48.2410 -7.2469 -40.9636 17.6500 -31.5702 -45.9320 -14.6553 -42.5186 21.7978 -33.0963 -39.2263 -21.3581 -47.6005 -17.7889 -47.2721 -30.5876 14.6003 -39.9384 4.5449 -48.7781 -28.9970 10.4719 -39.0509 25.1726 -48.7937 -27.5631 5.7169 -38.0830 34.2910 -48.0772 -26.0763 -1.2209 -37.0603 34.3656 -46.9403 -24.2063 -13.7310 -35.8452 30.7575 -45.5633 -21.8498 -29.8026 -34.4479 26.1265 -44.0193 -18.7013 -40.9932 -32.8743 21.1967 -42.2213 -13.1817 -47.0039 -30.8890 15.2897 -39.9529 8.0272 -48.8927 -27.4264
-48.7809 17.6004 -39.6143 13.8508 -30.4329 -47.6262 -11.7089 -41.9349 20.5776 -32.7065 -41.6206 -18.4647 -43.9421 25.9599 -34.4085 -30.0681 -21.8164 -45.5501 30.7383 -35.8416 -13.7076 -24.2109 -46.9446 34.3760 -37.0671 -1.1673 -26.0841 -48.0818 34.2743 -38.0881 5.7471 -27.5748 -48.7969 25.0500 -39.0541 10.4921 -29.0039 -48.7764 4.4361 -39.9441 14.5867 -30.4475 -47.9063 -9.4677 -41.3228 18.5831 -31.9070 -45.0150 -15.8020 -42.8783 22.7737 -33.3719 -38.2957 -20.1510 -45.4151 34.4323 -43.7438 -13.4150 -47.3427 -30.8003 15.4826 -40.1661 0.1726 -48.6842 -29.3292 11.4459 -39.2650 21.1445 -48.8693 -27.8949 6.9299 -38.3114 33.2321 -48.2892 -26.4469 0.7197 -37.3058 34.8234 -47.2260 -24.6684 -10.2826 -36.1331 31.6929 -45.8731 -22.3909 -26.8053 -34.7265 26.9803 -44.2832 -19.2372 -39.9388 -33.0319 21.5248 -42.2862 -13.1817 -47.1226 -30.7566 14.7431 -39.8083 12.6444 -48.8239
13.1338 -39.3060 13.0673 -30.1990 -47.8602 -11.0936 -41.8697 20.5776 -32.7625 -41.0920 -18.8388 -44.1420 26.6497 -34.6458 -27.4519 -22.3123 -45.8423 31.6244 -36.1194 -10.3622 -24.6616 -47.2242 34.8245 -37.3092 0.7534 -26.4542 -48.2932 33.2048 -38.3162 6.9553 -27.9042 -48.8706 20.9808 -39.2686 11.4655 -29.3360 -48.6821 0.0859 -40.1742 15.5061 -30.7856 -47.4633 -11.3149 -41.6822 19.5274 -32.2437 -43.9115 -16.8271 -43.2382 23.7875 -33.6942 -36.2741 -20.4357 -44.9748 31.6774 -38.6283 26.8054 -42.5201 -13.2284 -46.8924 -31.1134 16.3994 -40.4795 -3.4418 -48.5482 -29.6621 12.3960 -39.4741 16.4060 -48.8990 -28.2265 8.0601 -38.5373 31.6084 -48.4761 -26.7934 2.4130 -37.5388 35.0473 -47.4931 -25.0980 -7.2513 -36.4030 32.5256 -46.1590 -22.8619 -23.9621 -34.9600 27.6656 -44.4815 -19.5811 -39.3196 -33.0857 21.5248 -42.2213 -12.6457 -47.4226 -30.5244 13.9722 -39.4970 8.4136
-39.1084 12.1745 -29.9050 -48.1435 -9.8782 -41.6877 20.2498 -32.7065 -41.0920 -18.9658 -44.2494 27.1101 -34.8210 -25.2080 -22.7133 -46.0932 32.3863 -36.3703 -7.4993 -25.0722 -47.4823 35.0450 -37.5370 2.4102 -26.7957 -48.4779 31.5723 -38.5414 8.0824 -28.2339 -48.8989 16.2389 -39.4799 12.4202 -29.6689 -48.5447 -3.5096 -40.4881 16.4248 -31.1234 -46.8973 -12.8893 -42.0417 20.4849 -32.5801 -42.5954 -17.7546 -43.5952 24.8205 -34.0235 -33.7526 -21.0257 -45.1432 30.0536 -36.5337 8.3522 -35.2929 22.8205 -42.4858 -14.2625 -46.2202 -31.4480 17.3251 -40.8387 -6.3669 -48.3350 -29.9957 13.3296 -39.6759 11.2361 -48.8773 -28.5558 9.1253 -38.7594 29.3430 -48.6329 -27.1193 3.8846 -37.7625 34.9918 -47.7366 -25.4899 -4.7460 -36.6446 33.2194 -46.4038 -23.2434 -21.5749 -35.1329 28.1330 -44.5908 -19.6978 -39.3196 -33.0319 21.1967 -42.0397 -11.6162 -47.7872 -30.2298 13.0901 -39.3487
11.2889 -29.5845 -48.3969 -8.0866 -41.4181 19.6499 -32.5459 -41.6206 -18.8388 -44.2494 27.2723 -34.9168 -23.6554 -23.0012 -46.2880 32.9832 -36.5816 -5.2093 -25.4365 -47.7135 35.0064 -37.7526 3.8401 -27.1124 -48.6318 29.3414 -38.7610 9.1360 -28.5610 -48.8762 11.1098 -39.6830 13.3584 -30.0025 -48.3298 -6.4209 -40.8465 17.3474 -31.4603 -46.1940 -14.2514 -42.4009 21.4574 -32.9159 -41.0387 -18.6031 -43.9497 25.8633 -34.3530 -30.8445 -21.6421 -45.4480 30.5089 -36.0236 -4.6510 -29.8389 -20.7604 -33.9587 22.6883 -42.7665 -15.4061 -45.3653 -31.7874 18.2570 -41.1979 -8.7450 -48.0337 -30.3301 14.2527 -39.8726 6.1670 -48.8033 -28.8838 10.1333 -38.9730 26.4280 -48.7553 -27.4325 5.1728 -37.9772 34.6338 -47.9520 -25.8335 -2.7701 -36.8475 33.7429 -46.5933 -23.5175 -19.9583 -35.2272 28.3024 -44.5908 -19.5811 -39.9388 -32.8743 20.5892 -41.7701 -10.1111 -48.1276 -29.9048 12.2484
-28.5902 -48.5864 -5.7043 -41.0972 18.8739 -32.3068 -42.5251 -18.4647 -44.1420 27.1101 -34.9168 -23.0932 -23.1566 -46.4156 33.3905 -36.7446 -3.4989 -25.7369 -47.9087 34.7125 -37.9533 5.0766 -27.4131 -48.7521 26.5104 -38.9712 10.1217 -28.8829 -48.8023 6.0751 -39.8784 14.2764 -30.3369 -48.0265 -8.7890 -41.2054 18.2774 -31.7971 -45.3332 -15.4436 -42.7614 22.4458 -33.2507 -39.2118 -19.3866 -44.3011 26.9143 -34.6809 -27.5722 -22.2363 -45.7742 31.3944 -36.0882 -9.2767 -26.2831 -48.7570 -24.1986 -33.6494 -33.7247 23.4718 -43.1109 -16.4704 -44.3249 -32.1261 19.1979 -41.5574 -10.7098 -47.6316 -30.6652 15.1706 -40.0739 1.6059 -48.7160 -29.2056 11.0781 -39.1768 22.8887 -48.8417 -27.7343 6.3011 -38.1752 33.9923 -48.1304 -26.1162 -1.2954 -37.0035 34.0858 -46.7171 -23.6626 -19.3821 -35.2272 28.1330 -44.4815 -19.2372 -40.9932 -32.6362 19.8023 -41.4480 -8.1323 -48.3996 -28.9258
-48.7526 -2.6582 -40.7506 18.0075 -32.0193 -43.5819 -17.8814 -43.9421 26.6497 -34.8210 -23.6554 -23.1566 -46.4600 33.5979 -36.8483 -2.3614 -25.9621 -48.0604 34.2246 -38.1299 6.1120 -27.6938 -48.8363 23.1478 -39.1713 11.0517 -29.1986 -48.7173 1.6317 -40.0717 15.1783 -30.6704 -47.6226 -10.7463 -41.5648 19.2176 -32.1337 -44.2938 -16.5048 -43.1217 23.4559 -33.5842 -37.0851 -20.1154 -44.6491 27.9677 -35.0039 -23.9886 -22.8032 -46.0987 32.3138 -36.3336 -7.8233 -25.3308 -47.9056 0.7993 -46.5968 -21.7646 -33.9900 -33.9345 24.4534 -43.4662 -17.4357 -43.0841 -32.4627 20.1502 -41.9166 -12.3641 -47.1156 -30.9986 16.0767 -40.3486 -2.1545 -48.6115 -29.5198 11.9783 -39.3730 18.8599 -48.8902 -28.0163 7.2631 -38.3503 33.1666 -48.2685 -26.3303 -0.3087 -37.1021 34.2542 -46.7600 -23.6626 -19.9583 -35.1329 27.6656 -44.2832 -18.7013 -42.2369 -32.3486 18.9247 -41.1010 -5.6601 -48.6602
-4.4662 -40.3938 17.1006 -31.7025 -44.6373 -17.1239 -43.6734 25.9599 -34.6458 -25.2080 -23.0012 -46.4156 33.5979 -36.8836 -1.7793 -26.1051 -48.1642 33.6741 -38.2745 6.9444 -27.9441 -48.8854 19.4614 -39.3576 11.9224 -29.5051 -48.6165 -2.0504 -40.3373 16.0565 -30.9954 -47.1153 -12.3796 -41.9225 20.1685 -32.4697 -43.0532 -17.4594 -43.4787 24.4840 -33.9157 -34.6320 -20.7975 -44.9931 29.0166 -35.3207 -20.2066 -23.3433 -46.4156 33.1699 -36.6072 -5.2413 -25.4565 -47.7828 32.6969 -40.7838 35.0567 -45.7409 -21.6100 -31.7729 -34.2413 25.4845 -43.8206 -18.3099 -41.6187 -32.7967 21.1128 -42.2723 -13.7699 -46.4820 -31.3243 16.9577 -40.6880 -5.1508 -48.4439 -29.8292 12.8325 -39.5571 14.6633 -48.9016 -28.2661 8.0487 -38.4944 32.3154 -48.3630 -26.4659 0.1961 -37.1357 34.2542 -46.7171 -23.5175 -21.5749 -34.9600 26.9803 -44.0193 -18.0059 -43.4880 -32.0308 18.0087 -40.7445 -6.9299
-40.3410 16.1828 -31.3710 -45.5873 -16.2062 -43.3592 25.1062 -34.4085 -27.4519 -22.7133 -46.2880 33.3905 -36.8483 -1.7793 -26.1542 -48.2184 33.2358 -38.3790 7.5699 -28.1473 -48.9029 15.8141 -39.5229 12.7130 -29.7959 -48.4595 -5.0138 -40.6727 16.9201 -31.3111 -46.5035 -13.7518 -42.2728 21.1213 -32.8022 -41.5947 -18.3276 -43.8305 25.5133 -34.2450 -31.8339 -21.4392 -45.3324 30.0507 -35.6313 -16.3680 -23.8565 -46.7249 33.9163 -36.8764 -2.7872 -25.8090 -47.9322 34.3908 -38.7846 17.2823 -37.7323 32.3831 -45.7377 -22.0620 -28.7463 -34.5649 26.5299 -44.1727 -19.1095 -39.9061 -33.1289 22.0761 -42.6231 -14.9754 -45.7301 -31.6410 17.8271 -41.0241 -7.5792 -48.2129 -30.1207 13.6157 -39.7198 10.7815 -48.8849 -28.4688 8.6364 -38.5974 31.6580 -48.4111 -26.5119 0.1961 -37.1021 34.0858 -46.5933 -23.2434 -23.9621 -34.7265 26.1265 -43.7070 -17.1646 -44.6244 -31.6994 17.0847 -40.6696
15.4472 -31.0299 -46.3918 -15.1408 -43.0208 24.1639 -34.1270 -30.0681 -22.3123 -46.0932 32.9832 -36.7446 -2.3614 -26.1051 -48.2184 33.0694 -38.4343 7.9629 -28.2920 -48.9000 12.7114 -39.6573 13.3961 -30.0582 -48.2561 -7.3179 -40.9941 17.7685 -31.6224 -45.7670 -14.9261 -42.6133 22.0635 -33.1262 -39.9005 -19.1227 -44.1797 26.5513 -34.5715 -28.6890 -22.0454 -45.6661 31.0558 -35.9347 -12.6558 -24.3445 -47.0238 34.5152 -37.1327 -0.6380 -26.1859 -48.1425 33.9339 -38.3268 9.6637 -32.6319 4.1448 -36.6995 32.2424 -45.9984 -22.6109 -25.2986 -34.8875 27.5816 -44.5215 -19.8510 -37.9291 -33.4534 23.0366 -42.9656 -16.0210 -44.8386 -31.9522 18.6836 -41.3460 -9.4742 -47.9362 -30.3807 14.2984 -39.8517 7.7045 -48.8542 -28.6134 9.0066 -38.6521 31.4163 -48.4111 -26.4659 -0.3087 -37.0035 33.7429 -46.4038 -22.8619 -26.8053 -34.4479 25.1732 -43.3676 -16.2029 -45.5967 -31.3578 16.3691
-30.0944 -47.0540 -13.9203 -42.6704 23.1881 -33.8198 -32.7717 -21.8164 -45.8423 32.3863 -36.5816 -3.4989 -25.9621 -48.1642 33.2358 -38.4343 8.0960 -28.3696 -48.8910 10.4913 -39.7569 13.9393 -30.2761 -48.0280 -9.0600 -41.2872 18.5670 -31.9197 -44.9138 -15.9563 -42.9470 23.0006 -33.4418 -37.9768 -19.8422 -44.5214 27.5916 -34.8924 -25.2276 -22.6198 -45.9933 32.0133 -36.2297 -9.2351 -24.8075 -47.3087 34.9161 -37.3737 1.2268 -26.5484 -48.3452 32.8027 -38.4094 7.9936 -29.5911 -44.4028 -28.3152 -2.6999 -36.6147 32.9194 -46.3073 -23.1547 -21.5939 -35.2034 28.6212 -44.8599 -20.5289 -35.7079 -33.7677 23.9965 -43.2975 -16.9452 -43.8163 -32.2494 19.4915 -41.6393 -10.9147 -47.6379 -30.6012 14.8330 -39.9493 5.5727 -48.8247 -28.6910 9.1343 -38.6521 31.6580 -48.3630 -26.3303 -1.2954 -36.8475 33.2194 -46.1590 -22.3909 -29.8026 -34.1419 24.1760 -43.0177 -15.1200 -46.4066 -30.4346
-47.7635 -12.5235 -42.3123 22.1983 -33.4969 -35.3463 -21.2497 -45.5501 31.6244 -36.3703 -5.2093 -25.7369 -48.0604 33.6741 -38.3790 7.9629 -28.3696 -48.8865 9.3135 -39.8240 14.3228 -30.4421 -47.8094 -10.3330 -41.5428 19.2880 -32.1929 -43.9786 -16.8446 -43.2688 23.9312 -33.7507 -35.8102 -20.5007 -44.8489 28.5997 -35.2019 -21.5749 -23.1600 -46.3115 32.8982 -36.5139 -6.2069 -25.2458 -47.5784 35.0613 -37.6063 2.8636 -26.8897 -48.5246 31.0251 -38.6070 8.5013 -28.6691 -48.6656 -17.5679 -48.7007 -26.4099 -2.9907 -36.8010 33.6746 -46.6167 -23.6693 -17.8248 -35.5083 29.6283 -45.1842 -21.1478 -33.2297 -34.0746 24.9401 -43.6171 -17.7515 -42.7046 -32.5222 20.2222 -41.8924 -11.9972 -47.3544 -30.7688 15.2155 -40.0124 4.4529 -48.8121 -28.6910 9.0066 -38.5974 32.3154 -48.2685 -26.1162 -2.7701 -36.6446 32.5256 -45.8731 -21.8498 -32.7044 -33.8199 23.1672 -42.6618 -13.8928 -47.2915
-12.6754 -41.9528 21.2140 -33.1643 -37.6684 -20.6184 -45.2350 30.7383 -36.1194 -7.4993 -25.4365 -47.9087 34.2246 -38.2745 7.5699 -28.2920 -48.8910 9.3135 -39.8490 14.5299 -30.5500 -47.6329 -11.2057 -41.7469 19.8951 -32.4283 -43.0069 -17.5929 -43.5659 24.8228 -34.0463 -33.4069 -21.1137 -45.1692 29.5765 -35.4969 -17.9099 -23.6627 -46.6159 33.6756 -36.7857 -3.5985 -25.6598 -47.8300 34.8930 -37.8385 4.3228 -27.2195 -48.6741 28.5483 -38.8241 9.4436 -28.7185 -48.7628 -3.9113 -43.4140 17.8147 -48.2222 -26.1965 -1.2671 -37.0438 34.3183 -46.9113 -24.1497 -14.2038 -35.8000 30.5867 -45.4995 -21.7251 -30.5148 -34.3678 25.8401 -43.9125 -18.4350 -41.5591 -32.7572 20.8310 -42.0953 -12.7545 -47.1282 -30.8769 15.4284 -40.0352 4.4529 -48.8247 -28.6134 8.6364 -38.4944 33.1666 -48.1304 -25.8335 -4.7460 -36.4030 31.6929 -45.5633 -21.2533 -35.3681 -33.4891 22.1675 -42.3008 -13.8515
-41.8048 20.2432 -32.8280 -39.7143 -19.9269 -44.9017 29.7658 -35.8416 -10.3622 -25.0722 -47.7135 34.7125 -38.1299 6.9444 -28.1473 -48.9000 10.4913 -39.8240 14.5299 -30.5878 -47.5282 -11.7311 -41.8898 20.3518 -32.6106 -42.1154 -18.1950 -43.8285 25.6361 -34.3165 -30.8981 -21.6679 -45.4751 30.5231 -35.7824 -14.3788 -24.1322 -46.9027 34.3049 -37.0402 -1.3720 -26.0514 -48.0634 34.3394 -38.0694 5.6445 -27.5482 -48.7897 25.3213 -39.0420 10.4329 -28.9951 -48.7494 1.8352 -40.8876 26.5193 -39.9142 31.1079 -48.3028 -26.4427 0.5738 -37.2824 34.7823 -47.1869 -24.5972 -10.8473 -36.0779 31.4902 -45.7993 -22.2499 -27.7209 -34.6354 26.6612 -44.1730 -18.9901 -40.5132 -32.9394 21.2946 -42.2407 -13.2096 -46.9964 -30.9164 15.4284 -40.0124 5.5727 -48.8542 -28.4688 8.0487 -38.3503 33.9923 -47.9520 -25.4899 -7.2513 -36.1331 30.7575 -45.2351 -20.6069 -37.7249 -33.1552 21.1799 -42.1339
19.5614 -32.4789 -41.4766 -19.1845 -44.5572 28.7393 -35.5465 -13.7076 -24.6616 -47.4823 35.0064 -37.9533 6.1120 -27.9441 -48.9029 12.7114 -39.7569 14.3228 -30.5500 -47.5282 -11.9118 -41.9668 20.6477 -32.7394 -41.3974 -18.6354 -44.0438 26.3379 -34.5528 -28.4100 -22.1539 -45.7556 31.3903 -36.0538 -11.0931 -24.5711 -47.1735 34.7632 -37.2742 0.5136 -26.4143 -48.2740 33.3258 -38.2967 6.8591 -27.8773 -48.8663 21.3273 -39.2556 11.4055 -29.3165 -48.6864 -0.1339 -40.3412 18.4390 -35.2414 14.0783 -38.8909 31.3064 -48.4626 -26.7607 2.2189 -37.5085 35.0290 -47.4454 -25.0141 -7.8812 -36.3388 32.3074 -46.0743 -22.7113 -25.0014 -34.8687 27.3662 -44.3864 -19.4002 -39.6722 -33.0677 21.6001 -42.3178 -13.3654 -46.9964 -30.8769 15.2155 -39.9493 7.7045 -48.8849 -28.2661 7.2631 -38.1752 34.6338 -47.7366 -25.0980 -10.2826 -35.8452 29.7556 -44.8952 -19.9122 -39.7630 -32.8064 20.5055
-31.6008 -42.9647 -18.3851 -44.2084 27.6890 -35.2377 -17.3860 -24.2109 -47.2242 35.0450 -37.7526 5.0766 -27.6938 -48.8854 15.8141 -39.6573 13.9393 -30.4421 -47.6329 -11.7311 -41.9668 20.7560 -32.8106 -40.8950 -18.9355 -44.2014 26.8929 -34.7462 -26.1350 -22.5674 -46.0068 32.1490 -36.2987 -8.2229 -24.9761 -47.4259 35.0191 -37.4923 2.1336 -26.7439 -48.4560 31.8059 -38.5176 7.9784 -28.2036 -48.8989 16.6539 -39.4633 12.3520 -29.6447 -48.5559 -3.3605 -40.5070 16.9660 -32.6951 -21.8729 -31.4102 10.4199 -38.8060 29.5305 -48.6167 -27.0738 3.6540 -37.7217 35.0277 -47.6840 -25.3977 -5.3803 -36.5749 33.0050 -46.3178 -23.1027 -22.5610 -35.0587 27.9220 -44.5430 -19.6793 -39.1001 -33.1360 21.7079 -42.3178 -13.2096 -47.1282 -30.7688 14.8330 -39.8517 10.7815 -48.9016 -28.0163 6.3011 -37.9772 34.9918 -47.4931 -24.6684 -13.7310 -35.5432 28.7181 -44.5501 -19.1688 -41.5075 -31.9416
-44.6384 -17.5196 -43.8566 26.6370 -34.9202 -21.2052 -23.7247 -46.9446 34.8245 -37.5370 3.8401 -27.4131 -48.8363 19.4614 -39.5229 13.3961 -30.2761 -47.8094 -11.2057 -41.8898 20.6477 -32.8106 -40.7063 -19.0969 -44.3009 27.2776 -34.8881 -24.2716 -22.8925 -46.2159 32.7794 -36.5129 -5.8774 -25.3375 -47.6535 35.0401 -37.7025 3.5478 -27.0505 -48.6082 29.7332 -38.7300 9.0069 -28.5239 -48.8812 11.5914 -39.6656 13.2778 -29.9753 -48.3491 -6.2293 -40.8262 17.3892 -31.7963 -42.8465 -24.1567 -47.2463 -29.5704 10.2725 -38.9595 26.8619 -48.7390 -27.3743 4.9129 -37.9287 34.7493 -47.8974 -25.7377 -3.3522 -36.7803 33.5661 -46.5215 -23.4105 -20.6059 -35.1989 28.3075 -44.6418 -19.8265 -38.8948 -33.1360 21.6001 -42.2407 -12.7545 -47.3544 -30.6012 14.2984 -39.7198 14.6633 -48.8902 -27.7343 5.1728 -37.7625 35.0473 -47.2260 -24.2063 -17.4571 -35.2312 27.6673 -44.2012 -18.3698 -43.4825
-17.0308 -43.5029 25.5906 -34.5979 -24.9307 -23.2088 -46.6480 34.3760 -37.3092 2.4102 -27.1124 -48.7521 23.1478 -39.3576 12.7130 -30.0582 -48.0280 -10.3330 -41.7469 20.3518 -32.7394 -40.8950 -19.0969 -44.3361 27.4800 -34.9752 -22.9555 -23.1229 -46.3744 33.2510 -36.6895 -4.0464 -25.6459 -47.8513 34.8197 -37.9000 4.7742 -27.3440 -48.7300 27.1078 -38.9345 9.9708 -28.8379 -48.8097 6.6252 -39.8594 14.1870 -30.3095 -48.0549 -8.6127 -41.1767 18.2196 -31.8395 -44.7628 -18.5680 -46.4982 -13.5048 -48.5649 -29.3083 10.9988 -39.1523 23.5787 -48.8274 -27.6663 6.0326 -38.1258 34.2024 -48.0794 -26.0289 -1.7716 -36.9500 33.9697 -46.6775 -23.6318 -19.2430 -35.2857 28.5100 -44.6766 -19.8265 -39.1001 -33.0677 21.2946 -42.0953 -11.9972 -47.6379 -30.3807 13.6157 -39.5571 18.8599 -48.8417 -27.4325 3.8846 -37.5388 34.8234 -46.9403 -23.7147 -21.2877 -34.9133 26.6150 -43.8498 -17.7835
-43.2781 24.5564 -34.2718 -28.4193 -22.6651 -46.3383 33.7432 -37.0671 0.7534 -26.7957 -48.6318 26.5104 -39.1713 11.9224 -29.7959 -48.2561 -9.0600 -41.5428 19.8951 -32.6106 -41.3974 -18.9355 -44.3009 27.4800 -35.0045 -22.2648 -23.2639 -46.4824 33.5723 -36.8211 -2.6986 -25.8949 -48.0134 34.3937 -38.0775 5.8278 -27.6211 -48.8186 23.9537 -39.1313 10.8793 -29.1444 -48.7284 2.1899 -40.0410 15.0753 -30.6373 -47.6648 -10.5941 -41.5354 19.1420 -32.1186 -44.2484 -17.0869 -44.1636 34.9819 -42.4392 -5.9912 -48.5912 -29.5018 11.8450 -39.3417 19.7737 -48.8817 -27.9436 7.0064 -38.3027 33.4365 -48.2269 -26.2665 -0.6006 -37.0764 34.2335 -46.7821 -23.7679 -18.5260 -35.3147 28.5100 -44.6418 -19.6793 -39.6722 -32.9394 20.8310 -41.8924 -10.9147 -47.9362 -30.1207 12.8325 -39.3730 22.8887 -48.7553 -27.1193 2.4130 -37.3058 34.3656 -46.6403 -23.1954 -25.0178 -34.5904 25.5695 -43.6090
23.8551 -33.9222 -31.5943 -22.0924 -46.0185 32.9654 -36.8085 -1.1673 -26.4542 -48.4779 29.3414 -38.9712 11.0517 -29.5051 -48.4595 -7.3179 -41.2872 19.2880 -32.4283 -42.1154 -18.6354 -44.2014 27.2776 -34.9752 -22.2648 -23.3122 -46.5394 33.7636 -36.9098 -1.7858 -26.0816 -48.1378 33.8442 -38.2344 6.7186 -27.8750 -48.8742 20.4340 -39.3159 11.7354 -29.4450 -48.6391 -1.4923 -40.2915 15.9439 -30.9555 -47.1798 -12.2278 -41.8875 20.0824 -32.4427 -43.1357 -17.5010 -43.6740 27.8015 -37.7025 22.8330 -41.1375 -5.5057 -48.4656 -29.7801 12.6698 -39.5195 15.7360 -48.9013 -28.1979 7.8370 -38.4570 32.5572 -48.3395 -26.4438 0.1899 -37.1605 34.3850 -46.8371 -23.8140 -18.5260 -35.2857 28.3075 -44.5430 -19.4002 -40.5132 -32.7572 20.2222 -41.6393 -9.4742 -48.2129 -29.8292 11.9783 -39.1768 26.4280 -48.6329 -26.7934 0.7197 -37.0603 33.7201 -46.3277 -22.6485 -28.5106 -34.2398 24.8452
-33.1063 -34.4230 -21.4871 -45.6906 32.0816 -36.5330 -3.4054 -26.0841 -48.2932 31.5723 -38.7610 10.1217 -29.1986 -48.6165 -5.0138 -40.9941 18.5670 -32.1929 -43.0069 -18.1950 -44.0438 26.8929 -34.8881 -22.9555 -23.2639 -46.5394 33.8281 -36.9575 -1.2470 -26.2053 -48.2248 33.2837 -38.3604 7.4359 -28.0981 -48.9000 16.8149 -39.4818 12.5266 -29.7338 -48.4964 -4.4873 -40.6148 16.7881 -31.2664 -46.5900 -13.5960 -42.2315 21.0169 -32.7689 -41.7245 -18.2715 -43.8427 26.1158 -35.5197 3.6322 -34.2111 19.0110 -41.0668 -7.3049 -48.2615 -30.0620 13.4394 -39.6809 11.8095 -48.8908 -28.4202 8.5116 -38.5803 31.7257 -48.4164 -26.5600 0.6589 -37.2052 34.4349 -46.8371 -23.7679 -19.2430 -35.1989 27.9220 -44.3864 -18.9901 -41.5591 -32.5222 19.4915 -41.3460 -7.5792 -48.4439 -29.5198 11.0781 -38.9730 29.3430 -48.4761 -26.4469 -1.2209 -36.8005 32.9347 -46.0066 -22.0721 -31.6917 -33.4388
-37.7111 -20.8469 -45.3550 31.1212 -36.2472 -6.0239 -25.6907 -48.0818 33.2048 -38.5414 9.1360 -28.8829 -48.7173 -2.0504 -40.6727 17.7685 -31.9197 -43.9786 -17.5929 -43.8285 26.3379 -34.7462 -24.2716 -23.1229 -46.4824 33.7636 -36.9575 -1.0611 -26.2687 -48.2751 32.8300 -38.4499 7.9585 -28.2777 -48.9006 13.4068 -39.6271 13.2295 -29.9978 -48.3046 -6.8780 -40.9323 17.6164 -31.5709 -45.8893 -14.7670 -42.5679 21.9456 -33.0873 -40.0901 -19.0422 -44.1531 26.5799 -34.8735 -17.2138 -28.4363 -33.8436 -32.6514 18.7899 -41.3021 -9.1430 -47.9997 -30.3253 14.1346 -39.8215 8.3392 -48.8582 -28.5988 9.0072 -38.6677 31.0765 -48.4608 -26.6195 0.8218 -37.2052 34.3850 -46.7821 -23.6318 -20.6059 -35.0587 27.3662 -44.1730 -18.4350 -42.7046 -32.2494 18.6836 -41.0241 -5.1508 -48.6115 -29.2056 10.1333 -38.7594 31.6084 -48.2892 -26.0763 -3.4676 -36.5268 32.0514 -45.6797 -21.4665 -35.4158
-19.9956 -45.0147 30.1133 -35.9531 -9.0345 -25.2746 -47.8484 34.2743 -38.3162 8.0824 -28.5610 -48.8023 1.6317 -40.3373 16.9201 -31.6224 -44.9138 -16.8446 -43.5659 25.6361 -34.5528 -26.1350 -22.8925 -46.3744 33.5723 -36.9098 -1.2470 -26.2687 -48.2916 32.5786 -38.5046 8.3031 -28.4060 -48.8872 10.6006 -39.7484 13.8399 -30.2317 -48.0817 -8.7072 -41.2283 18.4133 -31.8646 -45.0785 -15.7912 -42.8934 22.8600 -33.3977 -38.2354 -19.7576 -44.4857 27.5023 -34.9201 -23.2538 -24.5188 -48.6622 -21.8915 -42.0976 -32.3511 19.3768 -41.5811 -10.6404 -47.7038 -30.5596 14.7398 -39.9384 5.6463 -48.8177 -28.7270 9.3320 -38.7214 30.7204 -48.4753 -26.6195 0.6589 -37.1605 34.2335 -46.6775 -23.4105 -22.5610 -34.8687 26.6612 -43.9125 -17.7515 -43.8163 -31.9522 17.8271 -40.6880 -2.1545 -48.7160 -28.8838 9.1253 -38.5373 33.2321 -48.0772 -25.6824 -6.0813 -36.2418 31.0960 -45.3466 -20.5585
-44.7306 29.0820 -35.6502 -12.4348 -24.8358 -47.5961 34.8655 -38.0881 6.9553 -28.2339 -48.8762 6.0751 -40.0717 16.0565 -31.3111 -45.7670 -15.9563 -43.2688 24.8228 -34.3165 -28.4100 -22.5674 -46.2159 33.2510 -36.8211 -1.7858 -26.2053 -48.2751 32.5786 -38.5231 8.4786 -28.4838 -48.8721 8.6017 -39.8401 14.3358 -30.4298 -47.8451 -10.1113 -41.4922 19.1428 -32.1378 -44.1712 -16.6849 -43.2104 23.7675 -33.6999 -36.1587 -20.4128 -44.8103 28.4915 -35.1752 -21.5717 -23.5037 -47.0367 20.0438 -45.4568 -18.8737 -42.5461 -32.4948 20.0775 -41.8438 -11.8231 -47.3978 -30.7580 15.2312 -40.0264 3.8112 -48.7835 -28.8033 9.4981 -38.7402 30.7204 -48.4608 -26.5600 0.1899 -37.0764 33.9697 -46.5215 -23.1027 -25.0014 -34.6354 25.8401 -43.6171 -16.9432 -44.8400 -31.6396 16.9577 -40.3486 1.6059 -48.8033 -28.5558 8.0601 -38.3114 34.2910 -47.8434 -25.2658 -9.1004 -35.9470 30.0936 -45.0526
28.2389 -35.3092 -16.1302 -24.3744 -47.3271 35.0612 -37.8580 5.7471 -27.9042 -48.8989 11.1098 -39.8784 15.1783 -30.9954 -46.5035 -14.9261 -42.9470 23.9312 -34.0463 -30.8981 -22.1539 -46.0068 32.7794 -36.6895 -2.6986 -26.0816 -48.2248 32.8300 -38.5046 8.4786 -28.5106 -48.8624 7.4252 -39.8993 14.6915 -30.5836 -47.6165 -11.1791 -41.7231 19.7991 -32.3847 -43.2116 -17.4467 -43.5082 24.6554 -33.9932 -33.8586 -21.0159 -45.1213 29.4552 -35.4622 -18.2900 -23.6749 -46.7455 35.1860 -39.9022 32.2236 -44.3270 -18.5443 -41.7317 -32.7163 20.7385 -42.0744 -12.7323 -47.1073 -30.9122 15.5847 -40.0833 2.7927 -48.7650 -28.8290 9.4981 -38.7214 31.0765 -48.4164 -26.4438 -0.6006 -36.9500 33.5661 -46.3178 -22.7113 -27.7209 -34.3677 24.9316 -43.2948 -16.0107 -45.7326 -31.3230 16.0767 -40.0739 6.1670 -48.8773 -28.2265 6.9299 -38.0830 34.8734 -47.5906 -24.8265 -12.5084 -35.6100 29.1922
-34.5739 -19.9525 -23.8896 -47.0437 34.9354 -37.6265 4.4346 -27.5748 -48.8706 16.2389 -39.6830 14.2764 -30.6704 -47.1153 -13.7518 -42.6133 23.0006 -33.7507 -33.4069 -21.6679 -45.7556 32.1490 -36.5129 -4.0464 -25.8949 -48.1378 33.2837 -38.4499 8.3031 -28.4838 -48.8624 7.0296 -39.9275 14.8973 -30.6860 -47.4291 -11.9377 -41.9134 20.3638 -32.5987 -42.2495 -18.0927 -43.7786 25.4797 -34.2682 -31.3724 -21.5719 -45.4208 30.3758 -35.7430 -14.8310 -24.0854 -46.8967 34.6096 -37.8717 13.6035 -36.6931 28.0202 -44.2159 -18.9353 -40.6628 -32.9258 21.3056 -42.2646 -13.3854 -46.8723 -31.0150 15.7906 -40.1097 2.4760 -48.7650 -28.8033 9.3320 -38.6677 31.7257 -48.3395 -26.2665 -1.7716 -36.7803 33.0047 -46.0741 -22.2496 -30.5185 -34.0743 23.9868 -42.9602 -14.9666 -46.4831 -30.9986 15.1706 -39.8726 11.2361 -48.8990 -27.8949 5.7169 -37.8522 35.0615 -47.3211 -24.3644 -16.2044 -34.8960
-24.9173 -23.3827 -46.7477 34.5532 -37.3932 2.9865 -27.2454 -48.7969 20.9808 -39.4799 13.3584 -30.3369 -47.6226 -12.3796 -42.2728 22.0635 -33.4418 -35.8102 -21.1137 -45.4751 31.3903 -36.2987 -5.8774 -25.6459 -48.0134 33.8442 -38.3604 7.9585 -28.4060 -48.8721 7.4252 -39.9275 14.9629 -30.7356 -47.3123 -12.4133 -42.0523 20.8054 -32.7739 -41.3399 -18.6204 -44.0193 26.2333 -34.5153 -28.8533 -22.0732 -45.7057 31.2422 -36.0081 -11.5823 -24.5122 -47.1418 34.7690 -37.4225 5.2050 -31.4885 -3.7623 -35.4761 27.5550 -44.3771 -19.3900 -39.6044 -33.1011 21.7509 -42.4028 -13.7983 -46.7268 -31.0629 15.8563 -40.1097 2.7927 -48.7835 -28.7270 9.0072 -38.5803 32.5572 -48.2269 -26.0289 -3.3570 -36.5738 32.3053 -45.7988 -21.7247 -33.2335 -33.7673 23.0353 -42.6205 -13.7698 -47.1156 -30.6652 14.2527 -39.6759 16.4060 -48.8693 -27.5631 4.3967 -37.6196 34.9287 -47.0367 -23.8812 -21.2472
-22.3124 -46.4411 33.9702 -37.1518 1.3616 -26.9143 -48.6840 25.0500 -39.2686 12.4202 -30.0025 -48.0265 -10.7463 -41.9225 21.1213 -33.1262 -37.9768 -20.5007 -45.1692 30.5231 -36.0538 -8.2229 -25.3375 -47.8513 34.3937 -38.2344 7.4359 -28.2777 -48.8872 8.6017 -39.8993 14.8973 -30.7356 -47.2739 -12.6289 -42.1328 21.1008 -32.9029 -40.5607 -19.0342 -44.2233 26.8955 -34.7324 -26.4179 -22.5095 -45.9655 32.0271 -36.2568 -8.6934 -24.9113 -47.3888 35.0023 -37.4972 2.9628 -28.2515 -47.5666 -26.5942 -17.4165 -35.1861 27.9720 -44.5649 -19.7717 -38.6990 -33.2308 22.0525 -42.4827 -13.9868 -46.6789 -31.0629 15.7906 -40.0833 3.8112 -48.8177 -28.5988 8.5116 -38.4570 33.4365 -48.0794 -25.7368 -5.4002 -36.3363 31.4865 -45.4984 -21.1464 -35.7093 -33.4520 22.0760 -42.2723 -12.3641 -47.6316 -30.3301 13.3296 -39.4741 21.1445 -48.7937 -27.2330 2.9345 -37.3843 34.5392 -46.7397 -22.7748
-46.1230 33.2324 -36.8953 -0.4911 -26.5717 -48.5357 28.3565 -39.0541 11.4655 -29.6689 -48.3298 -8.7890 -41.5648 20.1685 -32.8022 -39.9005 -19.8422 -44.8489 29.5765 -35.7824 -11.0931 -24.9761 -47.6535 34.8197 -38.0775 6.7186 -28.0981 -48.9006 10.6006 -39.8401 14.6915 -30.6860 -47.3123 -12.6289 -42.1585 21.2428 -32.9781 -40.0092 -19.3309 -44.3821 27.4336 -34.9151 -24.1849 -22.8782 -46.1938 32.6980 -36.4802 -6.2457 -25.2755 -47.6170 35.0538 -37.6785 3.5457 -27.3432 -48.7563 -12.4845 -47.9312 -24.2708 -19.4741 -35.2499 28.4673 -44.7193 -20.0476 -38.0598 -33.3058 22.1993 -42.5084 -13.9868 -46.7268 -31.0150 15.5847 -40.0264 5.6463 -48.8582 -28.4202 7.8370 -38.3027 34.2024 -47.8974 -25.3935 -7.9232 -36.0741 30.5763 -45.1831 -20.5228 -37.9299 -33.1275 21.1128 -41.9166 -10.7098 -48.0337 -29.9957 12.3960 -39.2650 25.1726 -48.6796 -26.9033 1.2977 -37.1416 33.9469 -46.4191
32.0142 -36.5783 -2.6360 -26.2080 -48.3570 30.8963 -38.8371 10.4921 -29.3360 -48.5447 -6.4209 -41.2054 19.2176 -32.4697 -41.5947 -19.1227 -44.5214 28.5997 -35.4969 -14.3788 -24.5711 -47.4259 35.0401 -37.9000 5.8278 -27.8750 -48.9000 13.4068 -39.7484 14.3358 -30.5836 -47.4291 -12.4133 -42.1328 21.2428 -33.0021 -39.7412 -19.4996 -44.4878 27.8308 -35.0584 -22.2903 -23.1804 -46.3877 33.2457 -36.6727 -4.2709 -25.5990 -47.8207 34.8743 -37.8718 4.6380 -27.3681 -48.7062 14.4926 -42.1957 32.9207 -47.0389 -23.8573 -18.3871 -35.3701 28.8589 -44.8229 -20.2050 -37.7481 -33.3297 22.1993 -42.4827 -13.7983 -46.8723 -30.9122 15.2312 -39.9384 8.3392 -48.8908 -28.1979 7.0064 -38.1258 34.7523 -47.6827 -25.0105 -10.8803 -35.7961 29.6185 -44.8591 -19.8461 -39.9061 -32.7967 20.1502 -41.5574 -8.7450 -48.3350 -29.6621 11.4459 -39.0509 28.4315 -48.5313 -26.5627 -0.5567 -36.8373 32.5970
-35.9522 -5.1247 -25.8217 -48.1534 32.7372 -38.6152 9.4863 -29.0039 -48.6821 -3.5096 -40.8465 18.2774 -32.1337 -43.0532 -18.3276 -44.1797 27.5916 -35.2019 -17.9099 -24.1322 -47.1735 35.0191 -37.7025 4.7742 -27.6211 -48.8742 16.8149 -39.6271 13.8399 -30.4298 -47.6165 -11.9377 -42.0523 21.1008 -32.9781 -39.7412 -19.5528 -44.5384 28.0669 -35.1554 -20.8597 -23.4150 -46.5442 33.6700 -36.8387 -2.6903 -25.8780 -47.9958 34.4704 -38.0545 5.6931 -27.5968 -48.8033 21.9168 -39.9221 21.9684 -38.8019 35.0072 -46.9105 -23.9399 -17.0980 -35.4618 29.0929 -44.8739 -20.2548 -37.7481 -33.3058 22.0525 -42.4028 -13.3854 -47.1073 -30.7579 14.7397 -39.8215 11.8095 -48.9013 -27.9436 6.0326 -37.9295 35.0290 -47.4439 -24.5957 -14.2285 -35.5052 28.6198 -44.5211 -19.1095 -41.6187 -32.4627 19.1979 -41.1979 -6.3669 -48.5482 -29.3292 10.4719 -38.8325 30.9405 -48.3531 -26.1999 -2.6933 -36.2442
-8.8779 -25.4173 -47.9268 33.9819 -38.3902 8.4372 -28.6726 -48.7764 0.0859 -40.4881 17.3474 -31.7971 -44.2938 -17.4594 -43.8305 26.5513 -34.8924 -21.5749 -23.6627 -46.9027 34.7632 -37.4923 3.5478 -27.3440 -48.8186 20.4340 -39.4818 13.2295 -30.2317 -47.8451 -11.1791 -41.9134 20.8054 -32.9029 -40.0092 -19.4996 -44.5384 28.1420 -35.2008 -20.0023 -23.5723 -46.6598 33.9790 -36.9730 -1.4515 -26.1150 -48.1423 33.8757 -38.2197 6.6145 -27.8487 -48.8664 20.3771 -39.4603 14.5133 -33.9507 9.1890 -37.6163 34.6924 -46.9628 -24.0616 -16.2597 -35.5062 29.1673 -44.8739 -20.2050 -38.0598 -33.2308 21.7509 -42.2646 -12.7297 -47.3981 -30.5593 14.1344 -39.6808 15.7361 -48.8817 -27.6662 4.9128 -37.7206 35.0282 -47.1865 -24.1472 -17.8518 -35.2020 27.5815 -44.1727 -18.3099 -43.0841 -32.1261 18.2570 -40.8387 -3.4418 -48.6842 -28.9970 9.4652 -38.6105 32.7684 -48.1489 -25.8186 -5.9031
-24.2454 -47.6809 34.7198 -38.1628 7.3314 -28.3419 -48.8554 4.4361 -40.1742 16.4248 -31.4603 -45.3332 -16.5048 -43.4787 25.5133 -34.5715 -25.2276 -23.1600 -46.6159 34.3049 -37.2742 2.1336 -27.0505 -48.7300 23.9537 -39.3159 12.5266 -29.9978 -48.0817 -10.1113 -41.7231 20.3638 -32.7739 -40.5607 -19.3309 -44.4878 28.0669 -35.2008 -19.7287 -23.6459 -46.7279 34.1747 -37.0692 -0.5375 -26.3029 -48.2604 33.1471 -38.3676 7.4060 -28.0828 -48.8965 17.0714 -39.4952 13.0147 -31.2287 -36.6239 -29.7048 3.6332 -37.3849 34.7105 -47.0194 -24.1286 -15.9887 -35.5062 29.0929 -44.8229 -20.0476 -38.6990 -33.1012 21.3004 -42.0734 -11.8194 -47.7045 -30.3251 13.4391 -39.5194 19.7825 -48.8278 -27.3736 3.6473 -37.5055 34.7765 -46.9089 -23.6676 -21.6008 -34.8875 26.5299 -43.8206 -17.4357 -44.3249 -31.7874 17.3251 -40.4795 0.1726 -48.7781 -28.6655 8.4147 -38.3854 34.0019 -47.9224 -24.6426
-47.3715 35.0326 -37.9333 6.1517 -28.0119 -48.8973 9.4024 -39.9441 15.5061 -31.1234 -46.1940 -15.4436 -43.1217 24.4840 -34.2450 -28.6890 -22.6198 -46.3115 33.6756 -37.0402 0.5136 -26.7439 -48.6082 27.1078 -39.1313 11.7354 -29.7338 -48.3046 -8.7072 -41.4922 19.7991 -32.5987 -41.3399 -19.0342 -44.3821 27.8308 -35.1554 -20.0023 -23.6459 -46.7495 34.2610 -37.1256 0.0511 -26.4367 -48.3475 32.3937 -38.4929 8.0753 -28.2934 -48.8987 13.5427 -39.6235 13.2760 -30.3045 -47.0895 -21.1378 -48.7441 -27.5412 2.2519 -37.3754 34.7510 -47.0396 -24.1286 -16.2597 -35.4607 28.8588 -44.7193 -19.7717 -39.6044 -32.9235 20.7323 -41.8424 -10.6379 -48.0004 -30.0605 12.6606 -39.3393 23.5927 -48.7383 -27.0711 2.2103 -37.2818 34.3108 -46.6138 -23.1541 -25.2989 -34.5649 25.4845 -43.4662 -16.4704 -45.3653 -31.4480 16.3994 -40.1661 4.5489 -48.8568 -28.3343 7.3066 -38.1577 34.7257 -47.6219
33.0113 -37.6375 4.8762 -27.6822 -48.8851 14.5844 -39.7492 14.5867 -30.7856 -46.8973 -14.2514 -42.7614 23.4559 -33.9157 -31.8339 -22.0454 -45.9933 32.8982 -36.7857 -1.3720 -26.4143 -48.4560 29.7332 -38.9345 10.8793 -29.4450 -48.4964 -6.8780 -41.2283 19.1428 -32.3847 -42.2495 -18.6204 -44.2233 27.4336 -35.0584 -20.8597 -23.5723 -46.7279 34.2610 -37.1435 0.3216 -26.5163 -48.4035 31.7428 -38.5906 8.6120 -28.4740 -48.8807 10.2742 -39.7534 13.8483 -30.2815 -47.8858 -13.6858 -44.7796 0.7444 -48.5892 -27.0041 2.1068 -37.3809 34.7484 -47.0188 -24.0561 -17.1117 -35.3662 28.4635 -44.5639 -19.3808 -40.6745 -32.7100 20.0720 -41.5786 -9.1172 -48.2655 -29.7712 11.8230 -39.1470 26.9092 -48.6152 -26.7553 0.5512 -37.0395 33.6667 -46.3058 -22.6083 -28.7566 -34.2385 24.4501 -43.1099 -15.4024 -46.2225 -31.1105 15.4748 -39.9354 9.5433 -48.8979 -28.0025 6.1224 -37.8575 32.4346
-37.1579 3.4781 -27.3528 -48.8255 19.5009 -39.5469 13.6625 -30.4475 -47.4633 -12.8893 -42.4009 22.4458 -33.5842 -34.6320 -21.4392 -45.6661 32.0133 -36.5139 -3.5985 -26.0514 -48.2740 31.8059 -38.7300 9.9708 -29.1444 -48.6391 -4.4873 -40.9323 18.4133 -32.1378 -43.2116 -18.0927 -44.0193 26.8955 -34.9151 -22.2903 -23.4150 -46.6598 34.1747 -37.1256 0.3216 -26.5415 -48.4298 31.3047 -38.6571 8.9981 -28.6129 -48.8525 7.5116 -39.8669 14.4066 -30.4522 -47.7989 -11.1362 -42.5054 30.7500 -40.6097 24.0517 -48.6028 -26.9014 2.0279 -37.3624 34.6885 -46.9531 -23.9084 -18.5577 -35.2261 27.9183 -44.3601 -18.8892 -41.8092 -32.4657 19.3318 -41.2828 -7.1604 -48.4781 -29.4714 10.9407 -38.9460 29.6518 -48.4595 -26.4155 -1.3920 -36.7796 32.8810 -45.9867 -22.0333 -31.8946 -33.9092 23.4299 -42.7522 -14.2098 -46.9180 -30.7748 14.5528 -39.7409 14.7575 -48.8843 -27.6706 4.8414 -37.4029
1.5915 -27.0310 -48.7249 23.8096 -39.3373 12.7264 -30.1117 -47.9063 -11.3149 -42.0417 21.4574 -33.2507 -37.0851 -20.7975 -45.3324 31.0558 -36.2297 -6.2069 -25.6598 -48.0634 33.3258 -38.5176 9.0069 -28.8379 -48.7284 -1.4923 -40.6148 17.6164 -31.8646 -44.1712 -17.4467 -43.7786 26.2333 -34.7324 -24.1849 -23.1804 -46.5442 33.9790 -37.0692 0.0511 -26.5163 -48.4298 31.1576 -38.6848 9.2146 -28.6869 -48.8332 5.6603 -39.9633 14.8796 -30.6208 -47.5655 -11.4451 -41.9349 22.6497 -36.2532 16.6461 -39.3248 27.9420 -48.5948 -26.8537 1.7710 -37.3094 34.5482 -46.8414 -23.6865 -20.5156 -35.0459 27.2543 -44.1211 -18.3003 -42.9367 -32.1937 18.5273 -40.9660 -4.7318 -48.6298 -29.1642 10.0122 -38.7364 31.7836 -48.2727 -26.0450 -3.6484 -36.5082 31.9942 -45.6593 -21.4264 -34.6857 -33.5774 22.4255 -42.3935 -12.8521 -47.4761 -30.4395 13.6319 -39.5412 19.6726 -48.8227 -27.3483 3.1865
-25.9007 -48.5877 27.3689 -39.1244 11.7779 -29.7778 -48.2410 -9.4677 -41.6822 20.4849 -32.9159 -39.2118 -20.1154 -44.9931 30.0507 -35.9347 -9.2351 -25.2458 -47.8300 34.3394 -38.2967 7.9784 -28.5239 -48.8097 2.1899 -40.2915 16.7881 -31.5709 -45.0785 -16.6849 -43.5082 25.4797 -34.5153 -26.4179 -22.8782 -46.3877 33.6700 -36.9730 -0.5375 -26.4367 -48.4035 31.3047 -38.6845 8.9239 -28.7215 -48.8216 5.2741 -39.8269 15.0351 -30.8668 -47.4668 -11.8341 -41.9702 21.0400 -34.0962 -10.0057 -32.2755 11.9509 -39.0203 28.8294 -48.5711 -26.7763 1.2669 -37.2192 34.3090 -46.6880 -23.3970 -22.8658 -34.8313 26.5027 -43.8551 -17.6057 -44.0113 -31.9021 17.6942 -40.6409 -1.7236 -48.7243 -28.8482 9.0296 -38.5181 33.3384 -48.0589 -25.6515 -6.2655 -36.2235 31.0352 -45.3253 -20.7838 -37.1321 -33.2439 21.4373 -42.0343 -11.2802 -47.9141 -30.1048 12.7024 -39.3339 23.9405 -48.7211 -26.2402
-48.3467 30.1384 -38.9088 10.8131 -29.4446 -48.4835 -7.2469 -41.3228 19.5274 -32.5801 -41.0387 -19.3866 -44.6491 29.0166 -35.6313 -12.6558 -24.8075 -47.5784 34.8930 -38.0694 6.8591 -28.2036 -48.8812 6.6252 -40.0410 15.9439 -31.2664 -45.8893 -15.7912 -43.2104 24.6554 -34.2682 -28.8533 -22.5095 -46.1938 33.2457 -36.8387 -1.4515 -26.3029 -48.3475 31.7428 -38.6568 9.2278 -28.8534 -48.8184 5.2344 -40.1027 15.1068 -30.8977 -46.9918 -12.4799 -42.1282 20.9578 -33.0670 -35.3486 -25.8240 -45.8199 -29.9637 10.7731 -38.8846 29.5592 -48.5235 -26.6512 0.4820 -37.0931 33.9589 -46.5000 -23.0460 -25.4870 -34.5872 25.6702 -43.5624 -16.8062 -44.9831 -31.5996 16.8530 -40.3091 2.0370 -48.8075 -28.5274 7.9711 -38.2930 34.3551 -47.8250 -25.2364 -9.3076 -35.9279 30.0288 -44.9857 -20.1007 -39.2527 -32.9089 20.4651 -41.6748 -9.4264 -48.2469 -29.7710 11.7584 -39.1213 27.4383 -48.5090
