3.5971 -26.3205 -48.5533 22.8175 -38.5412 8.9295 -27.8007 -48.8179 3.4905 -39.6140 13.2940 -29.3024 -48.4786 -9.1524 -41.0340 17.3907 -30.8115 -46.6241 -15.0053 -42.5042 21.5682 -32.3174 -41.9539 -18.5520 -43.9742 25.9509 -33.8097 -32.4482 -21.1518 -45.4037 30.1964 -35.2462 -17.0610 -23.2704 -46.7401 33.0497 -36.5537 -3.0730 -25.0657 -47.8808 31.2792 -37.6769 4.7735 -26.6159 -48.6549 19.3703 -38.7684 9.8987 -28.1196 -48.7913 -0.1458 -39.8947 14.2946 -30.0336 -46.5918 -21.9497 -48.5271 -27.7682 6.4355 -37.9383 29.6751 -48.0957 -25.4344 -0.8808 -36.8209 33.2234 -47.0165 -23.6973 -13.3703 -35.5560 31.0392 -45.7165 -21.6637 -29.4422 -34.1372 26.9402 -44.3011 -19.1989 -40.3131 -32.6569 22.5422 -42.8349 -15.9276 -45.8791 -31.1515 18.3199 -41.3649 -10.8231 -48.2323 -29.6408 14.2211 -39.9086 -0.3618 -48.7900 -28.1392 9.9675 -38.7855 18.9263 -48.6802 -26.6586 5.0316
-26.3205 -48.7072 27.5564 -38.8124 9.9022 -28.8106 -48.8220 7.0775 -39.7007 14.0916 -30.2663 -48.0958 -8.3501 -41.1327 18.0883 -31.7202 -45.5203 -15.2186 -42.6914 22.2497 -33.1666 -39.6054 -19.2331 -44.2303 26.7022 -34.5917 -28.2335 -22.1216 -45.7071 31.1770 -35.9340 -12.2126 -24.4060 -47.0608 34.5778 -37.1087 -0.3928 -26.2365 -48.1669 33.9147 -38.1001 6.2239 -27.7042 -48.8296 23.6030 -39.0324 10.8743 -29.1345 -48.7383 2.6580 -39.9208 14.9580 -30.6494 -47.4148 -15.2383 -45.4102 -7.4534 -48.7979 -28.1762 7.4225 -38.3171 32.6675 -48.3651 -26.5911 1.4057 -37.3402 34.9389 -47.3349 -24.8552 -8.9037 -36.2188 32.1083 -46.0269 -22.6787 -24.8491 -34.8999 27.7294 -44.5714 -19.9575 -37.5873 -33.4919 23.2251 -43.0377 -16.2727 -44.5457 -32.0482 19.0068 -41.4846 -10.3423 -47.7227 -30.5918 14.9876 -39.9357 2.4552 -48.7342 -29.1333 10.8687 -39.0163 24.1563 -48.8183 -26.6586
-48.5533 27.5564 -38.9906 10.4974 -29.0482 -48.7464 2.8228 -40.0155 14.9667 -30.5923 -47.7198 -10.3526 -41.4904 19.0231 -32.0636 -44.5217 -16.2983 -43.0498 23.2571 -33.5159 -37.5448 -19.9707 -44.5784 27.7533 -34.9394 -24.7214 -22.6941 -46.0330 32.1265 -36.2655 -8.8387 -24.8632 -47.3436 34.9499 -37.4037 1.4384 -26.5913 -48.3687 32.6427 -38.4039 7.3995 -28.0295 -48.8874 19.2938 -39.3510 11.8361 -29.4650 -48.6374 -1.3920 -40.2771 15.8555 -30.9251 -47.1902 -13.0140 -42.9718 32.6238 -41.3565 7.2111 -48.8448 -28.3775 8.4805 -38.6234 30.8084 -48.5412 -26.9237 3.0199 -37.6314 35.0600 -47.6048 -25.2911 -5.9113 -36.5439 32.9858 -46.3452 -23.2198 -21.1046 -35.2477 28.7808 -44.9161 -20.6480 -35.2123 -33.8416 24.2407 -43.3957 -17.2503 -43.3522 -32.3931 19.9526 -41.8396 -12.0292 -47.2392 -30.9203 15.8627 -40.2669 -1.1698 -48.6539 -29.3723 11.4469 -39.2010 24.1563 -48.6802
22.8175 -38.8124 10.4974 -29.1407 -48.7017 0.0287 -40.2006 15.7399 -30.8873 -47.2683 -11.9885 -41.8377 19.9520 -32.3951 -43.3379 -17.2641 -43.4057 24.2745 -33.8480 -35.1602 -20.6617 -44.9232 28.8035 -35.2569 -20.9769 -23.2387 -46.3534 33.0028 -36.5496 -5.8530 -25.3006 -47.6119 35.0591 -37.6385 3.0590 -26.9305 -48.5446 30.7623 -38.6288 8.5024 -28.3613 -48.8967 14.3398 -39.5579 12.7787 -29.7982 -48.4711 -4.7107 -40.6257 16.7750 -31.2491 -46.6384 -13.6081 -42.4205 24.1750 -36.8497 19.5340 -40.1225 7.9328 -48.8405 -28.6866 9.5252 -38.8456 28.2546 -48.6876 -27.2530 4.4634 -37.8620 34.8519 -47.8573 -25.7069 -3.3206 -36.8168 33.7603 -46.6550 -23.7382 -17.2477 -35.5613 29.8200 -45.2566 -21.2984 -32.4926 -34.1715 25.2724 -43.7504 -18.1340 -41.9493 -32.7232 20.8946 -42.1869 -13.4291 -46.6725 -31.2160 16.6336 -40.5338 -3.4662 -48.5837 -29.4655 11.4469 -39.0163 18.9263
-38.5412 9.9022 -29.0482 -48.7017 -0.9383 -40.3472 16.2912 -31.1199 -46.7977 -13.2558 -42.1590 20.8433 -32.7125 -41.9678 -18.1322 -43.7534 25.2971 -34.1776 -32.4337 -21.3112 -45.2636 29.8416 -35.5686 -17.1424 -23.7561 -46.6652 33.7783 -36.8223 -3.2712 -25.7155 -47.8632 34.8417 -37.8710 4.5087 -27.2598 -48.6902 28.1943 -38.8505 9.5488 -28.6925 -48.8508 9.1228 -39.7570 13.7073 -30.1321 -48.2233 -7.3953 -40.9851 17.7034 -31.5853 -45.8935 -14.7384 -42.5832 22.5068 -34.5341 -2.5589 -33.2456 15.8973 -40.0160 4.1029 -48.7711 -29.0157 10.5310 -39.0640 24.9481 -48.7995 -27.5818 5.7730 -38.0927 34.2434 -48.0905 -26.0996 -1.0941 -37.0764 34.3942 -46.9545 -24.2330 -13.4807 -35.8670 30.8334 -45.5917 -21.9121 -29.4265 -34.4971 26.3135 -44.0969 -18.9323 -40.3423 -33.0402 21.8009 -42.5105 -14.5337 -46.0910 -31.4493 17.1835 -40.6934 -4.2556 -48.5837 -29.3723 10.8687 -38.7855
8.9295 -28.8106 -48.7464 0.0287 -40.3472 16.4943 -31.2525 -46.4168 -14.1349 -42.4284 21.6438 -32.9992 -40.4713 -18.8995 -44.0887 26.3014 -34.4968 -29.3974 -21.9208 -45.5979 30.8532 -35.8734 -13.3938 -24.2476 -46.9652 34.4118 -37.0809 -1.0519 -26.1075 -48.0953 34.2236 -38.1017 5.8192 -27.5899 -48.8013 24.8723 -39.0686 10.5525 -29.0241 -48.7711 4.1658 -39.9509 14.6277 -30.4668 -47.8825 -9.5903 -41.3446 18.6393 -31.9248 -44.9670 -15.8520 -42.9052 22.9574 -33.7417 -29.8131 -27.0475 -41.1362 -31.5404 15.7679 -40.1895 -0.0500 -48.6787 -29.3487 11.5042 -39.2779 20.8741 -48.8719 -27.9111 6.9853 -38.3230 33.1516 -48.3012 -26.4688 0.8300 -37.3210 34.8430 -47.2435 -24.7028 -9.9795 -36.1638 31.8016 -45.9190 -22.4872 -26.0727 -34.8127 27.3303 -44.4314 -19.6441 -38.5975 -33.3270 22.6138 -42.7792 -15.3119 -45.6253 -31.5821 17.3879 -40.6934 -3.4662 -48.6539 -29.1333 9.9675
-27.8007 -48.8220 2.8228 -40.2006 16.2912 -31.2525 -46.2671 -14.5973 -42.6097 22.2632 -33.2371 -38.9939 -19.5391 -44.3984 27.2625 -34.7983 -26.1543 -22.4830 -45.9196 31.8106 -36.1673 -9.9183 -24.7139 -47.2524 34.8543 -37.3262 0.8666 -26.4761 -48.3054 33.1219 -38.3299 7.0249 -27.9218 -48.8735 20.7832 -39.2823 11.5242 -29.3563 -48.6758 -0.1506 -40.1883 15.5497 -30.8022 -47.4353 -11.4180 -41.7041 19.5851 -32.2634 -43.8460 -16.8730 -43.2560 23.8647 -33.7830 -34.4904 -22.6384 -48.0931 -19.5361 -45.8560 -31.2806 16.4818 -40.4966 -3.6168 -48.5381 -29.6822 12.4534 -39.4867 16.1276 -48.8991 -28.2409 8.1194 -38.5500 31.4894 -48.4867 -26.8144 2.5132 -37.5556 35.0536 -47.5170 -25.1467 -6.8780 -36.4479 32.6937 -46.2337 -23.0218 -22.5754 -35.1113 28.2927 -44.7381 -20.2424 -36.8827 -33.5620 23.2393 -42.9604 -15.7230 -45.4435 -31.5821 17.1835 -40.5338 -1.1698 -48.7342 -28.1392
-48.8179 7.0775 -40.0155 15.7399 -31.1199 -46.4168 -14.5973 -42.6745 22.5970 -33.3954 -37.7451 -20.0370 -44.6614 28.1236 -35.0732 -22.8874 -22.9921 -46.2218 32.6788 -36.4454 -6.8618 -25.1524 -47.5225 35.0552 -37.5613 2.5455 -26.8213 -48.4903 31.4479 -38.5557 8.1495 -28.2535 -48.8993 15.9977 -39.4910 12.4728 -29.6893 -48.5339 -3.7045 -40.5087 16.4744 -31.1380 -46.8666 -12.9701 -42.0636 20.5438 -32.6003 -42.5126 -17.8017 -43.6111 24.8724 -34.0558 -33.2482 -21.5226 -46.0587 31.4169 -44.4258 -15.9289 -45.9659 -31.4934 17.3693 -40.8557 -6.5173 -48.3196 -30.0161 13.3863 -39.6897 10.9852 -48.8744 -28.5726 9.1875 -38.7735 29.1685 -48.6433 -27.1457 4.0084 -37.7874 34.9638 -47.7729 -25.5625 -4.2067 -36.7162 33.4764 -46.5289 -23.5090 -19.1633 -35.3820 29.1440 -44.9965 -20.7038 -35.4632 -33.7185 23.5794 -43.0252 -15.7230 -45.6253 -31.4493 16.6336 -40.2669 2.4552 -48.7900
3.4905 -39.7007 14.9667 -30.8873 -46.7977 -14.1349 -42.6097 22.5970 -33.4496 -37.0194 -20.3586 -44.8575 28.8121 -35.3025 -19.8806 -23.4381 -46.4998 33.4230 -36.7045 -4.2661 -25.5583 -47.7725 34.9614 -37.7889 4.0348 -27.1522 -48.6462 29.1133 -38.7785 9.2124 -28.5845 -48.8721 10.8118 -39.6922 13.4053 -30.0230 -48.3139 -6.5795 -40.8679 17.4006 -31.4755 -46.1591 -14.3128 -42.4228 21.5173 -32.9363 -40.9372 -18.6495 -43.9665 25.9101 -34.3735 -30.5939 -21.7633 -45.6634 33.4983 -39.1227 28.9872 -43.2523 -15.7657 -45.2736 -31.8070 18.3015 -41.2174 -8.8730 -48.0123 -30.3506 14.3090 -39.8860 5.9037 -48.7994 -28.9064 10.2067 -38.9930 26.1139 -48.7669 -27.4730 5.3552 -38.0150 34.5111 -48.0072 -25.9482 -1.9561 -36.9644 34.1126 -46.7983 -23.9339 -16.1331 -35.6076 29.8185 -45.1901 -21.0041 -34.6296 -33.7736 23.5794 -42.9604 -15.3119 -46.0910 -31.2160 15.8627 -39.9357 -0.3618
-39.6140 14.0916 -30.5923 -47.2683 -13.2558 -42.4284 22.2632 -33.3954 -37.0194 -20.4679 -44.9636 29.2705 -35.4724 -17.4346 -23.7997 -46.7368 34.0118 -36.9351 -2.1362 -25.9266 -47.9981 34.5248 -38.0116 5.3527 -27.4758 -48.7680 26.0520 -38.9971 10.2270 -28.9154 -48.7969 5.7277 -39.8885 14.3278 -30.3575 -48.0048 -8.9193 -41.2273 18.3333 -31.8149 -45.2881 -15.4936 -42.7814 22.5068 -33.2711 -39.0915 -19.4316 -44.3200 26.9643 -34.6970 -27.3755 -22.2852 -45.8301 32.0775 -37.0582 10.4759 -35.8615 24.9233 -43.2224 -16.5695 -44.2663 -32.1406 19.2490 -41.5781 -10.8183 -47.6035 -30.6857 15.2267 -40.0909 1.3151 -48.7093 -29.2382 11.1866 -39.2068 22.3303 -48.8527 -27.7940 6.5603 -38.2348 33.6575 -48.2129 -26.2976 -0.1164 -37.1826 34.5728 -47.0268 -24.2785 -13.7498 -35.7740 30.2722 -45.2966 -21.1094 -34.6296 -33.7185 23.2393 -42.7792 -14.5337 -46.6725 -30.9203 14.9876 -39.9086
13.2940 -30.2663 -47.7198 -11.9885 -42.1590 21.6438 -33.2371 -37.7451 -20.3586 -44.9636 29.4326 -35.5661 -15.8190 -24.0596 -46.9195 34.4251 -37.1270 -0.4551 -26.2501 -48.1941 33.7332 -38.2258 6.5258 -27.7898 -48.8518 22.3117 -39.2080 11.1967 -29.2439 -48.7078 1.1950 -40.0967 15.2455 -30.6926 -47.5939 -10.8554 -41.5867 19.2752 -32.1535 -44.2319 -16.5522 -43.1390 23.5126 -33.6046 -36.9450 -20.1580 -44.6689 28.0244 -35.0176 -23.8097 -22.8360 -46.1238 32.4791 -36.5941 -0.0526 -30.5247 -12.9684 -34.6183 24.7849 -43.5019 -17.4836 -43.0221 -32.4782 20.2061 -41.9384 -12.4580 -47.0788 -31.0214 16.1440 -40.3787 -2.5063 -48.5937 -29.5680 12.1318 -39.4128 17.9448 -48.8958 -28.1068 7.6448 -38.4444 32.3962 -48.3888 -26.5992 1.3460 -37.3633 34.8543 -47.2024 -24.5262 -12.2247 -35.8644 30.4351 -45.2966 -21.0041 -35.4632 -33.5620 22.6138 -42.5105 -13.4291 -47.2392 -30.5918 14.2211
-29.3024 -48.0958 -10.3526 -41.8377 20.8433 -32.9992 -38.9939 -20.0370 -44.8575 29.2705 -35.5661 -15.2502 -24.1987 -47.0382 34.6725 -37.2734 0.8057 -26.5152 -48.3539 32.6247 -38.4216 7.5648 -28.0914 -48.8949 18.0232 -39.4085 12.1186 -29.5654 -48.5931 -2.5702 -40.3859 16.1627 -31.0283 -47.0667 -12.4891 -41.9463 20.2293 -32.4906 -42.9717 -17.5100 -43.4952 24.5341 -33.9361 -34.4709 -20.8377 -45.0135 29.0765 -35.3346 -20.0356 -23.3700 -46.4351 33.2357 -36.6716 -3.4639 -27.1090 -48.5514 -25.2565 -27.2462 -34.4019 25.5914 -43.8432 -18.3511 -41.5338 -32.8171 21.1765 -42.2980 -13.8672 -46.4216 -31.3576 17.0644 -40.7361 -5.5863 -48.4072 -29.8919 13.0324 -39.6087 13.1752 -48.8945 -28.4118 8.6280 -38.6400 30.8017 -48.5283 -26.8461 2.4537 -37.5029 34.9893 -47.3165 -24.6571 -11.7007 -35.8644 30.2722 -45.1901 -20.7038 -36.8827 -33.3270 21.8009 -42.1869 -12.0292 -47.7227 -29.6408
-48.4786 -8.3501 -41.4904 19.9520 -32.7125 -40.4713 -19.5391 -44.6614 28.8121 -35.4724 -15.8190 -24.1987 -47.0794 34.7838 -37.3654 1.6534 -26.7130 -48.4742 31.3353 -38.5931 8.4617 -28.3732 -48.8966 13.4570 -39.5992 12.9994 -29.8803 -48.4122 -5.5559 -40.7360 17.0723 -31.3627 -46.4079 -13.8938 -42.3055 21.1975 -32.8266 -41.4796 -18.3815 -43.8514 25.5694 -34.2653 -31.6513 -21.4772 -45.3528 30.1118 -35.6474 -16.1873 -23.8795 -46.7417 33.9587 -36.9002 -2.3745 -26.1821 -48.3378 -6.2033 -47.2137 -22.9759 -27.6739 -34.6093 26.5975 -44.1941 -19.1567 -39.7775 -33.1527 22.1592 -42.6562 -15.0976 -45.6149 -31.6906 17.9805 -41.0869 -8.0331 -48.1468 -30.2076 13.9019 -39.7938 8.4307 -48.8476 -28.6971 9.4877 -38.8122 29.0532 -48.6296 -27.0360 3.2084 -37.5929 35.0338 -47.3558 -24.6571 -12.2247 -35.7740 29.8185 -44.9965 -20.2424 -38.5975 -33.0402 20.8946 -41.8396 -10.3423 -48.2323
-9.1524 -41.1327 19.0231 -32.3951 -41.9678 -18.8995 -44.3984 28.1236 -35.3025 -17.4346 -24.0596 -47.0382 34.7838 -37.3965 2.0906 -26.8376 -48.5541 30.0935 -38.7358 9.2024 -28.6242 -48.8609 9.0620 -39.7756 13.8407 -30.1905 -48.1596 -7.9419 -41.0760 17.9600 -31.6874 -45.6160 -15.1093 -42.6607 22.1788 -33.1600 -39.7314 -19.1811 -44.2051 26.6211 -34.5914 -28.4856 -22.0814 -45.6863 31.1155 -35.9521 -12.4622 -24.3662 -47.0379 34.5435 -37.1486 -0.4774 -26.2742 -48.2313 27.9787 -41.3736 35.1629 -46.3887 -22.8136 -24.9297 -34.9098 27.6461 -44.5430 -19.9010 -37.7535 -33.4838 23.1500 -43.0107 -16.1799 -44.6565 -32.0165 18.8772 -41.4279 -10.0029 -47.8060 -30.5185 14.7368 -39.9644 4.2276 -48.7762 -28.9458 10.1971 -38.9497 27.4076 -48.6954 -27.1589 3.5985 -37.6240 35.0338 -47.3165 -24.5262 -13.7498 -35.6076 29.1440 -44.7381 -19.6441 -40.3423 -32.7232 19.9526 -41.4846 -10.8231
-41.0340 18.0883 -32.0636 -43.3379 -18.1322 -44.0887 27.2625 -35.0732 -19.8806 -23.7997 -46.9195 34.6725 -37.3654 2.0906 -26.8800 -48.5944 29.1789 -38.8387 9.7617 -28.8273 -48.7995 5.3079 -39.9309 14.6166 -30.4827 -47.8359 -9.9011 -41.4126 18.8388 -32.0037 -44.6899 -16.1604 -43.0077 23.1590 -33.4903 -37.7087 -19.9172 -44.5520 27.6731 -34.9136 -25.0039 -22.6541 -46.0132 32.0700 -36.2473 -9.0469 -24.8306 -47.3215 34.9300 -37.3889 1.3356 -26.5812 -48.3689 31.6770 -39.2523 19.2070 -38.2281 34.0320 -46.3977 -23.2144 -21.3480 -35.2249 28.6968 -44.8883 -20.5932 -35.4191 -33.8140 24.1471 -43.3591 -17.1340 -43.5467 -32.3345 19.7670 -41.7647 -11.6463 -47.3859 -30.8112 15.5100 -40.1387 0.9424 -48.7146 -29.1493 10.7300 -39.0477 26.2164 -48.7277 -27.2012 3.5985 -37.5929 34.9893 -47.2024 -24.2785 -16.1331 -35.3820 28.2927 -44.4314 -18.9323 -41.9493 -32.3931 19.0068 -41.3649
17.3907 -31.7202 -44.5217 -17.2641 -43.7534 26.3014 -34.7983 -22.8874 -23.4381 -46.7368 34.4251 -37.2734 1.6534 -26.8376 -48.5944 28.8452 -38.8923 10.1169 -28.9716 -48.7484 2.5354 -40.0572 15.2915 -30.7454 -47.4645 -11.4575 -41.7348 19.7068 -32.3163 -43.6009 -17.0906 -43.3462 24.1330 -33.8126 -35.3982 -20.6031 -44.8950 28.7181 -35.2313 -21.2823 -23.1981 -46.3323 32.9517 -36.5324 -6.0280 -25.2719 -47.5923 35.0616 -37.6219 2.9575 -26.9114 -48.5354 30.6439 -38.7933 11.6851 -33.1997 6.7792 -37.2081 33.9102 -46.6467 -23.7080 -17.5310 -35.5371 29.7365 -45.2284 -21.2430 -32.7626 -34.1361 25.1432 -43.6981 -17.9823 -42.2562 -32.6457 20.6473 -42.0869 -12.9746 -46.9161 -31.0720 16.1883 -40.3383 -1.3958 -48.6642 -29.2968 11.0673 -39.1016 25.7831 -48.7277 -27.1589 3.2084 -37.5029 34.8543 -47.0268 -23.9339 -19.1633 -35.1113 27.3303 -44.0969 -18.1340 -43.3522 -32.0482 18.3199
-30.8115 -45.5203 -16.2983 -43.4057 25.2971 -34.4968 -26.1543 -22.9921 -46.4998 34.0118 -37.1270 0.8057 -26.7130 -48.5541 29.1789 -38.8923 10.2391 -29.0494 -48.7230 0.7137 -40.1791 15.8296 -30.9665 -47.0731 -12.6692 -42.0282 20.5273 -32.6133 -42.3636 -17.9308 -43.6791 25.1001 -34.1247 -32.8258 -21.2352 -45.2282 29.7451 -35.5413 -17.4599 -23.7157 -46.6423 33.7304 -36.8053 -3.4245 -25.6885 -47.8470 34.8708 -37.8534 4.4073 -27.2396 -48.6820 28.3191 -38.8700 10.1475 -30.2796 -41.6409 -29.0290 1.4000 -37.1439 34.3853 -46.9369 -24.1989 -13.7699 -35.8392 30.7401 -45.5570 -21.8413 -29.8627 -34.4458 26.1289 -44.0270 -18.7498 -40.8012 -32.9421 21.4804 -42.3801 -14.0173 -46.4352 -31.2930 16.7237 -40.5202 -2.9265 -48.6216 -29.3748 11.1858 -39.1016 26.2164 -48.6954 -27.0360 2.4537 -37.3633 34.5728 -46.7983 -23.5090 -22.5754 -34.8127 26.3135 -43.7504 -17.2503 -44.5457 -31.1515
-46.6241 -15.2186 -43.0498 24.2745 -34.1776 -29.3974 -22.4830 -46.2218 33.4230 -36.9351 -0.4551 -26.5152 -48.4742 30.0935 -38.8387 10.1169 -29.0494 -48.7138 -0.2212 -40.2899 16.2122 -31.1333 -46.7088 -13.5887 -42.2830 21.2703 -32.8857 -41.0306 -18.6662 -43.9994 26.0576 -34.4290 -29.9965 -21.8177 -45.5465 30.7196 -35.8373 -13.7724 -24.2034 -46.9392 34.3693 -37.0640 -1.1929 -26.0793 -48.0791 34.2861 -38.0834 5.7217 -27.5684 -48.7956 25.0932 -39.0608 10.6113 -29.3559 -48.2709 -19.3665 -48.7989 -27.1649 1.1837 -37.3191 34.8231 -47.2234 -24.6641 -10.3140 -36.1292 31.6834 -45.8704 -22.3933 -26.7241 -34.7468 27.0926 -44.3428 -19.4296 -39.2427 -33.2126 22.2348 -42.6326 -14.8194 -45.9893 -31.4611 17.1096 -40.6401 -3.6937 -48.6043 -29.3748 11.0673 -39.0477 27.4076 -48.6296 -26.8461 1.3460 -37.1826 34.1126 -46.5289 -23.0218 -26.0727 -34.4971 25.2724 -43.3957 -16.2727 -45.8791
-15.0053 -42.6914 23.2571 -33.8480 -32.4337 -21.9208 -45.9196 32.6788 -36.7045 -2.1362 -26.2501 -48.3539 31.3353 -38.7358 9.7617 -28.9716 -48.7230 -0.2212 -40.3333 16.4211 -31.2416 -46.4237 -14.2307 -42.4865 21.8950 -33.1202 -39.6650 -19.2944 -44.2925 26.9743 -34.7193 -26.9462 -22.3629 -45.8561 31.6374 -36.1186 -10.3893 -24.6579 -47.2215 34.8221 -37.3073 0.7294 -26.4475 -48.2892 33.2320 -38.3116 6.9316 -27.8976 -48.8697 21.0549 -39.2698 11.4842 -29.4032 -48.6011 -9.2291 -44.0536 7.2029 -48.5242 -26.9316 2.4778 -37.5400 35.0472 -47.4920 -25.0979 -7.2695 -36.4060 32.5454 -46.1728 -22.9099 -23.4209 -35.0330 28.0047 -44.6333 -20.0101 -37.6631 -33.4462 22.8644 -42.8330 -15.3934 -45.6351 -31.5697 17.3243 -40.6840 -3.6937 -48.6216 -29.2968 10.7300 -38.9497 29.0532 -48.5283 -26.5992 -0.1164 -36.9644 33.4764 -46.2337 -22.4872 -29.4265 -34.1715 24.2407 -43.0377 -15.9276
-42.5042 22.2497 -33.5159 -35.1602 -21.3112 -45.5979 31.8106 -36.4454 -4.2661 -25.9266 -48.1941 32.6247 -38.5931 9.2024 -28.8273 -48.7484 0.7137 -40.2899 16.4211 -31.2800 -46.2574 -14.6219 -42.6298 22.3670 -33.3016 -38.4269 -19.8067 -44.5508 27.7993 -34.9835 -23.8743 -22.8587 -46.1499 32.4904 -36.3892 -7.4002 -25.0816 -47.4850 35.0446 -37.5361 2.3969 -26.7921 -48.4760 31.6083 -38.5374 8.0607 -28.2273 -48.8989 16.3333 -39.4780 12.4162 -29.6804 -48.5233 -5.4488 -41.6190 28.7061 -40.3530 25.1744 -48.6397 -27.1431 3.8943 -37.7630 34.9897 -47.7394 -25.5009 -4.6409 -36.6649 33.3118 -46.4584 -23.3816 -20.1859 -35.2934 28.8273 -44.8880 -20.4890 -36.2339 -33.6279 23.3438 -42.9777 -15.7445 -45.4327 -31.6094 17.3243 -40.6401 -2.9265 -48.6642 -29.1493 10.1971 -38.8122 30.8017 -48.3888 -26.2976 -1.9561 -36.7162 32.6937 -45.9190 -21.9121 -32.4926 -33.8416 23.2251 -42.8349
21.5682 -33.1666 -37.5448 -20.6617 -45.2636 30.8532 -36.1673 -6.8618 -25.5583 -47.9981 33.7332 -38.4216 8.4617 -28.6242 -48.7995 2.5354 -40.1791 16.2122 -31.2416 -46.2574 -14.7572 -42.7066 22.6745 -33.4296 -37.4374 -20.1853 -44.7620 28.5046 -35.2134 -20.9671 -23.2955 -46.4175 33.2312 -36.6426 -4.8276 -25.4749 -47.7267 35.0000 -37.7558 3.8457 -27.1139 -48.6317 29.3594 -38.7588 9.1256 -28.5572 -48.8765 11.2096 -39.6803 13.3454 -30.0026 -48.3257 -6.7190 -41.0774 20.3961 -35.8142 15.9714 -39.3454 25.5668 -48.7560 -27.4421 5.1983 -37.9833 34.6095 -47.9651 -25.8726 -2.4360 -36.9044 33.9520 -46.7185 -23.7979 -17.2192 -35.5185 29.5229 -45.0961 -20.8489 -35.0920 -33.7549 23.6577 -43.0557 -15.8644 -45.4327 -31.5697 17.1096 -40.5202 -1.3958 -48.7146 -28.9458 9.4877 -38.6400 32.3962 -48.2129 -25.9482 -4.2067 -36.4479 31.8016 -45.5917 -21.2984 -35.2123 -33.4919 22.5422
-32.3174 -39.6054 -19.9707 -44.9232 29.8416 -35.8734 -9.9183 -25.1524 -47.7725 34.5248 -38.2258 7.5648 -28.3732 -48.8609 5.3079 -40.0572 15.8296 -31.1333 -46.4237 -14.6219 -42.7066 22.7858 -33.4988 -36.7533 -20.4448 -44.9165 29.0574 -35.4008 -18.4338 -23.6676 -46.6538 33.8344 -36.8687 -2.6758 -25.8373 -47.9484 34.6495 -37.9700 5.1300 -27.4241 -48.7540 26.4679 -38.9734 10.1303 -28.8850 -48.8024 6.1365 -39.8735 14.2595 -30.3324 -48.0305 -8.8142 -41.2434 18.8792 -33.3603 -14.0557 -32.0692 12.4033 -39.2546 22.6049 -48.8442 -27.7516 6.3719 -38.1964 33.8722 -48.1687 -26.2137 -0.5941 -37.1193 34.4381 -46.9468 -24.1498 -14.7210 -35.6995 30.0648 -45.2495 -21.0929 -34.3231 -33.8229 23.7674 -43.0557 -15.7445 -45.6351 -31.4611 16.7237 -40.3383 0.9424 -48.7762 -28.6971 8.6280 -38.4444 33.6575 -48.0072 -25.5625 -6.8780 -36.1638 30.8334 -45.2566 -20.6480 -37.5873 -32.6569
-41.9539 -19.2331 -44.5784 28.8035 -35.5686 -13.3938 -24.7139 -47.5225 34.9614 -38.0116 6.5258 -28.0914 -48.8966 9.0620 -39.9309 15.2915 -30.9665 -46.7088 -14.2307 -42.6298 22.6745 -33.4988 -36.5006 -20.5818 -45.0139 29.4378 -35.5381 -16.4551 -23.9606 -46.8504 34.2899 -37.0640 -0.9496 -26.1595 -48.1445 33.9662 -38.1776 6.2843 -27.7281 -48.8410 22.9367 -39.1793 11.0749 -29.2069 -48.7159 1.5811 -40.0724 15.1706 -30.6652 -47.6316 -10.7223 -41.5645 19.3134 -32.4897 -39.4444 -25.2494 -45.8200 -30.2618 12.2644 -39.4000 18.5188 -48.8913 -28.0528 7.4318 -38.4002 32.7443 -48.3455 -26.5163 0.9025 -37.3033 34.7669 -47.1362 -24.4265 -12.8451 -35.8348 30.4395 -45.3460 -21.2220 -34.0464 -33.8229 23.6577 -42.9777 -15.3934 -45.9893 -31.2930 16.1883 -40.1387 4.2276 -48.8476 -28.4118 7.6448 -38.2348 34.5111 -47.7729 -25.1467 -9.9795 -35.8670 29.8200 -44.9161 -19.9575 -40.3131
-18.5520 -44.2303 27.7533 -35.2569 -17.1424 -24.2476 -47.2524 35.0552 -37.7889 5.3527 -27.7898 -48.8949 13.4570 -39.7756 14.6166 -30.7454 -47.0731 -13.5887 -42.4865 22.3670 -33.4296 -36.7533 -20.5818 -45.0482 29.6369 -35.6224 -15.1119 -24.1692 -46.9999 34.5918 -37.2233 0.3986 -26.4326 -48.3077 32.9731 -38.3721 7.3137 -28.0225 -48.8897 18.8807 -39.3756 11.9782 -29.5221 -48.6111 -2.1877 -40.3513 16.0783 -31.0004 -47.1145 -12.3652 -41.9175 20.1700 -32.5333 -42.1468 -20.1782 -47.1238 -16.0442 -48.0462 -29.9964 12.9564 -39.5825 14.0042 -48.8971 -28.3457 8.3985 -38.5926 31.2755 -48.4891 -26.7721 2.0867 -37.4542 34.9497 -47.2801 -24.6282 -11.5794 -35.9201 30.6350 -45.3800 -21.2220 -34.3231 -33.7549 23.3438 -42.8330 -14.8194 -46.4352 -31.0720 15.5100 -39.9644 8.4307 -48.8945 -28.1068 6.5603 -38.0150 34.9638 -47.5170 -24.7028 -13.4807 -35.5613 28.7808 -44.5714 -19.1989
-43.9742 26.7022 -34.9394 -20.9769 -23.7561 -46.9652 34.8543 -37.5613 4.0348 -27.4758 -48.8518 18.0232 -39.5992 13.8407 -30.4827 -47.4645 -12.6692 -42.2830 21.8950 -33.3016 -37.4374 -20.4448 -45.0139 29.6369 -35.6507 -14.4225 -24.2972 -47.1002 34.7709 -37.3403 1.4014 -26.6535 -48.4371 31.7574 -38.5470 8.2200 -28.3004 -48.8995 14.4902 -39.5632 12.8420 -29.8303 -48.4436 -5.1965 -40.6940 16.9686 -31.3283 -46.4746 -13.7800 -42.2762 21.1197 -32.8117 -41.4132 -18.8818 -44.8581 35.3045 -43.1490 -10.5885 -48.1025 -30.1886 13.7717 -39.7613 9.4111 -48.8617 -28.6242 9.2581 -38.7653 29.5867 -48.5997 -26.9801 2.9840 -37.5690 35.0299 -47.3759 -24.7528 -10.9147 -35.9481 30.6350 -45.3460 -21.0929 -35.0920 -33.6279 22.8644 -42.6326 -14.0173 -46.9161 -30.8112 14.7368 -39.7938 13.1752 -48.8958 -27.7940 5.3552 -37.7874 35.0536 -47.2435 -24.2330 -17.2477 -35.2477 27.7294 -44.3011
25.9509 -34.5917 -24.7214 -23.2387 -46.6652 34.4118 -37.3262 2.5455 -27.1522 -48.7680 22.3117 -39.4085 12.9994 -30.1905 -47.8359 -11.4575 -42.0282 21.2703 -33.1202 -38.4269 -20.1853 -44.9165 29.4378 -35.6224 -14.4225 -24.3409 -47.1531 34.8639 -37.4188 2.0850 -26.8176 -48.5338 30.4559 -38.6993 9.0011 -28.5552 -48.8734 10.1571 -39.7376 13.6662 -30.1325 -48.2094 -7.5994 -41.0282 17.8456 -31.6465 -45.7137 -14.9876 -42.6277 22.0906 -33.1343 -39.8446 -19.2201 -44.3956 29.9640 -38.2065 24.9407 -41.8743 -10.2447 -47.8476 -30.4677 14.5763 -39.9282 5.2293 -48.7920 -28.8795 10.0048 -38.9152 27.8528 -48.6792 -27.1389 3.5944 -37.6469 35.0551 -47.4259 -24.7944 -10.9147 -35.9201 30.4395 -45.2495 -20.8489 -36.2339 -33.4462 22.2348 -42.3801 -12.9746 -47.3859 -30.5185 13.9019 -39.6087 17.9448 -48.8527 -27.4730 4.0084 -37.5556 34.8430 -46.9545 -23.7382 -21.1046 -34.8999 26.9402
-33.8097 -28.2335 -22.6941 -46.3534 33.7783 -37.0809 0.8666 -26.8213 -48.6462 26.0520 -39.2080 12.1186 -29.8803 -48.1596 -9.9011 -41.7348 20.5273 -32.8857 -39.6650 -19.8067 -44.7620 29.0574 -35.5381 -15.1119 -24.2972 -47.1531 34.8926 -37.4617 2.4926 -26.9256 -48.5985 29.2746 -38.8209 9.6415 -28.7781 -48.8173 6.2810 -39.8932 14.4366 -30.4226 -47.9078 -9.5622 -41.3545 18.7039 -31.9590 -44.8175 -16.0347 -42.9703 23.0569 -33.4586 -37.8873 -19.8736 -44.5641 28.2849 -36.0792 6.3558 -34.7880 20.9861 -41.8067 -11.4553 -47.4717 -30.7520 15.3352 -40.0849 1.7515 -48.7274 -29.1027 10.6186 -39.0346 26.3323 -48.7304 -27.2467 3.9605 -37.6889 35.0591 -47.4259 -24.7528 -11.5794 -35.8348 30.0648 -45.0961 -20.4890 -37.6631 -33.2126 21.4804 -42.0869 -11.6463 -47.8060 -30.2076 13.0324 -39.4128 22.3303 -48.7669 -27.1457 2.5132 -37.3210 34.3942 -46.6550 -23.2198 -24.8491 -34.1372
-32.4482 -22.1216 -46.0330 33.0028 -36.8223 -1.0519 -26.4761 -48.4903 29.1133 -38.9971 11.1967 -29.5654 -48.4122 -7.9419 -41.4126 19.7068 -32.6133 -41.0306 -19.2944 -44.5508 28.5046 -35.4008 -16.4551 -24.1692 -47.1002 34.8639 -37.4617 2.6346 -26.9812 -48.6348 28.3761 -38.9077 10.1149 -28.9572 -48.7588 3.1053 -40.0281 15.1278 -30.6877 -47.5488 -11.1647 -41.6725 19.5502 -32.2647 -43.7789 -16.9641 -43.3047 24.0165 -33.7745 -35.6562 -20.5381 -44.8690 28.7472 -35.5135 -9.7615 -29.2063 -27.4902 -33.3357 20.7570 -42.0422 -12.7348 -47.0226 -31.0164 16.0258 -40.2816 -0.9497 -48.6744 -29.2822 11.0744 -39.1173 25.1971 -48.7590 -27.3028 4.0881 -37.6889 35.0551 -47.3759 -24.6282 -12.8451 -35.6995 29.5229 -44.8880 -20.0101 -39.2427 -32.9421 20.6473 -41.7647 -10.0029 -48.1468 -29.8919 12.1318 -39.2068 26.1139 -48.6433 -26.8144 0.8300 -37.0764 33.7603 -46.3452 -22.6787 -29.4422
-21.1518 -45.7071 32.1265 -36.5496 -3.2712 -26.1075 -48.3054 31.4479 -38.7785 10.2270 -29.2439 -48.5931 -5.5559 -41.0760 18.8388 -32.3163 -42.3636 -18.6662 -44.2925 27.7993 -35.2134 -18.4338 -23.9606 -46.9999 34.7709 -37.4188 2.4926 -26.9812 -48.6465 27.8933 -38.9610 10.4282 -29.0868 -48.7203 0.7768 -40.1686 15.7323 -30.9225 -47.1603 -12.4306 -41.9687 20.3680 -32.5580 -42.6007 -17.7964 -43.6278 24.9603 -34.0813 -33.1690 -21.1622 -45.1938 29.6590 -35.5670 -15.4093 -25.5100 -48.7990 -23.1485 -38.4045 -33.0430 21.3611 -42.3207 -13.8145 -46.5383 -31.2515 16.6294 -40.4990 -2.8712 -48.6165 -29.4110 11.3732 -39.1685 24.5808 -48.7682 -27.3028 3.9605 -37.6469 35.0299 -47.2801 -24.4265 -14.7210 -35.5185 28.8273 -44.6333 -19.4296 -40.8012 -32.6457 19.7670 -41.4279 -8.0331 -48.4072 -29.5680 11.1866 -38.9930 29.1685 -48.4867 -26.4688 -1.0941 -36.8168 32.9858 -46.0269 -21.6637
-45.4037 31.1770 -36.2655 -5.8530 -25.7155 -48.0953 33.1219 -38.5557 9.2124 -28.9154 -48.7078 -2.5702 -40.7360 17.9600 -32.0037 -43.6009 -17.9308 -43.9994 26.9743 -34.9835 -20.9671 -23.6676 -46.8504 34.5918 -37.3403 2.0850 -26.9256 -48.6348 27.8933 -38.9790 10.5887 -29.1655 -48.6944 -0.7557 -40.3162 16.2260 -31.1213 -46.7664 -13.4308 -42.2326 21.1197 -32.8303 -41.3049 -18.5330 -43.9414 25.8942 -34.3791 -30.4462 -21.7389 -45.5090 30.6173 -35.8133 -13.7456 -24.5326 -47.5358 9.5845 -46.0545 -20.4157 -39.0254 -33.1859 22.0837 -42.5828 -14.6883 -46.0527 -31.4506 17.1188 -40.6661 -4.1210 -48.5702 -29.4877 11.5282 -39.1878 24.5808 -48.7590 -27.2467 3.5944 -37.5690 34.9497 -47.1362 -24.1498 -17.2192 -35.2934 28.0047 -44.3428 -18.7485 -42.2577 -32.3334 18.8772 -41.0869 -5.5863 -48.5937 -29.2382 10.2067 -38.7735 31.4894 -48.3012 -26.0996 -3.3206 -36.5439 32.1083 -45.7165
30.1964 -35.9340 -8.8387 -25.3006 -47.8632 34.2236 -38.3299 8.1495 -28.5845 -48.7969 1.1950 -40.3859 17.0723 -31.6874 -44.6899 -17.0906 -43.6791 26.0576 -34.7193 -23.8743 -23.2955 -46.6538 34.2899 -37.2233 1.4014 -26.8176 -48.5985 28.3761 -38.9610 10.5887 -29.1922 -48.6788 -1.6104 -40.4256 16.5816 -31.2757 -46.3974 -14.2108 -42.4630 21.7955 -33.0759 -39.9544 -19.1708 -44.2353 26.8023 -34.6656 -27.5165 -22.2749 -45.8095 31.5204 -36.0858 -10.7043 -24.6728 -47.3317 34.6750 -40.3599 33.9451 -45.0283 -20.1123 -37.9000 -33.4046 22.7627 -42.8128 -15.3767 -45.6024 -31.6053 17.4724 -40.7758 -4.8009 -48.5446 -29.5134 11.5282 -39.1685 25.1971 -48.7304 -27.1389 2.9840 -37.4542 34.7669 -46.9468 -23.7979 -20.1859 -35.0329 27.0844 -44.0249 -17.9760 -43.5493 -32.0154 17.9805 -40.7361 -2.5063 -48.7093 -28.9064 9.1875 -38.5500 33.1516 -48.0905 -25.7069 -5.9113 -36.2188 31.0392
-35.2462 -12.2126 -24.8632 -47.6119 34.8417 -38.1017 7.0249 -28.2535 -48.8721 5.7277 -40.0967 16.1627 -31.3627 -45.6160 -16.1604 -43.3462 25.1001 -34.4290 -26.9462 -22.8587 -46.4175 33.8344 -37.0640 0.3986 -26.6535 -48.5338 29.2746 -38.9077 10.4282 -29.1655 -48.6788 -1.8873 -40.4772 16.7883 -31.3786 -46.1013 -14.7754 -42.6532 22.3777 -33.2878 -38.6131 -19.7176 -44.5010 27.6403 -34.9343 -24.4590 -22.7704 -46.0977 32.3563 -36.3501 -7.7626 -25.0407 -47.4776 35.0953 -38.3587 15.5007 -37.2194 30.1650 -44.9288 -20.4447 -36.4366 -33.6133 23.3498 -43.0026 -15.8813 -45.2444 -31.7083 17.6810 -40.8274 -5.0108 -48.5446 -29.4877 11.3732 -39.1173 26.3323 -48.6792 -26.9801 2.0867 -37.3033 34.4374 -46.7182 -23.3809 -23.4326 -34.7460 26.1174 -43.6939 -17.1286 -44.6576 -31.6906 17.0644 -40.3787 1.3151 -48.7994 -28.5726 8.1194 -38.3230 34.2434 -47.8573 -25.2911 -8.9037 -35.5560
-17.0610 -24.4060 -47.3436 35.0591 -37.8710 5.8192 -27.9218 -48.8993 10.8118 -39.8885 15.2455 -31.0283 -46.4079 -15.1093 -43.0077 24.1330 -34.1247 -29.9965 -22.3629 -46.1499 33.2312 -36.8687 -0.9496 -26.4326 -48.4371 30.4559 -38.8209 10.1149 -29.0868 -48.6944 -1.6104 -40.4772 16.8541 -31.4279 -45.9190 -15.1337 -42.7917 22.8310 -33.4626 -37.3575 -20.1712 -44.7375 28.3976 -35.1762 -21.4816 -23.2194 -46.3701 33.1087 -36.5997 -5.1946 -25.4247 -47.6992 35.0088 -37.9033 7.6825 -32.0792 0.6048 -36.0619 29.7106 -45.0878 -20.8393 -35.0013 -33.7884 23.8155 -43.1383 -16.2027 -45.0249 -31.7564 17.7478 -40.8274 -4.8009 -48.5702 -29.4110 11.0744 -39.0346 27.8528 -48.5997 -26.7721 0.8929 -37.1178 33.9497 -46.4571 -22.9090 -26.7357 -34.4448 25.1397 -43.3571 -16.1798 -45.6149 -31.3576 16.1440 -40.0909 5.9037 -48.8744 -28.2409 6.9853 -38.0927 34.8519 -47.6048 -24.8552 -13.3703
-23.2704 -47.0608 34.9499 -37.6385 4.5087 -27.5899 -48.8735 15.9977 -39.6922 14.3278 -30.6926 -47.0667 -13.8938 -42.6607 23.1590 -33.8126 -32.8258 -21.8177 -45.8561 32.4904 -36.6426 -2.6758 -26.1595 -48.3077 31.7574 -38.6993 9.6415 -28.9572 -48.7203 -0.7557 -40.4256 16.7883 -31.4279 -45.8592 -15.2988 -42.8718 23.1331 -33.5919 -36.2958 -20.5308 -44.9377 29.0581 -35.3872 -18.7449 -23.6125 -46.6166 33.7414 -36.8313 -3.0179 -25.7829 -47.9171 34.7076 -37.9748 5.8029 -28.9401 -46.3168 -27.4461 -9.9537 -35.8185 30.1171 -45.2693 -21.1741 -33.7880 -33.9164 24.1278 -43.2167 -16.3495 -44.9528 -31.7564 17.6810 -40.7758 -4.1210 -48.6165 -29.2822 10.6186 -38.9152 29.5867 -48.4891 -26.5163 -0.6048 -36.9009 33.3093 -46.1714 -22.3921 -29.8665 -34.1348 24.1469 -43.0107 -15.0976 -46.4216 -31.0214 15.2267 -39.8860 10.9852 -48.8991 -27.9111 5.7730 -37.8620 35.0600 -47.3349 -23.6973
-46.7401 34.5778 -37.4037 3.0590 -27.2598 -48.8013 20.7832 -39.4910 13.4053 -30.3575 -47.5939 -12.4891 -42.3055 22.1788 -33.4903 -35.3982 -21.2352 -45.5465 31.6374 -36.3892 -4.8276 -25.8373 -48.1445 32.9731 -38.5470 9.0011 -28.7781 -48.7588 0.7768 -40.3162 16.5816 -31.3786 -45.9190 -15.2988 -42.8974 23.2846 -33.6665 -35.5500 -20.7886 -45.0910 29.5913 -35.5640 -16.3677 -23.9455 -46.8310 34.2313 -37.0357 -1.2146 -26.1080 -48.1133 34.0902 -38.1534 6.2826 -28.0253 -48.7850 -15.2799 -48.3600 -25.2464 -11.7729 -35.8848 30.5943 -45.4195 -21.4152 -32.9364 -33.9903 24.2741 -43.2423 -16.3495 -45.0249 -31.7083 17.4724 -40.6661 -2.8712 -48.6744 -29.1027 10.0048 -38.7653 31.2755 -48.3455 -26.2130 -2.4482 -36.6611 32.5375 -45.8698 -21.8374 -32.7657 -33.8129 23.1500 -42.6562 -13.8672 -47.0788 -30.6857 14.3090 -39.6897 16.1276 -48.8719 -27.5818 4.4634 -37.6314 34.9389 -47.0165
33.0497 -37.1087 1.4384 -26.9305 -48.6902 24.8723 -39.2823 12.4728 -30.0230 -48.0048 -10.8554 -41.9463 21.1975 -33.1600 -37.7087 -20.6031 -45.2282 30.7196 -36.1186 -7.4002 -25.4749 -47.9484 33.9662 -38.3721 8.2200 -28.5552 -48.8173 3.1053 -40.1686 16.2260 -31.2757 -46.1013 -15.1337 -42.8718 23.2846 -33.6902 -35.1859 -20.9359 -45.1924 29.9797 -35.7019 -14.4494 -24.2205 -47.0117 34.5844 -37.2094 0.2364 -26.3948 -48.2832 33.1545 -38.3436 7.1979 -28.0474 -48.7989 4.0127 -42.7368 28.3222 -47.5790 -24.8423 -10.7916 -36.0000 30.9666 -45.5218 -21.5532 -32.5269 -34.0139 24.2741 -43.2167 -16.2027 -45.2444 -31.6053 17.1188 -40.4990 -0.9497 -48.7274 -28.8795 9.2581 -38.5926 32.7444 -48.1687 -25.8712 -4.6632 -36.4030 31.6756 -45.5568 -21.2402 -35.4192 -33.4838 22.1592 -42.2980 -12.4580 -47.6035 -30.3506 13.3863 -39.4867 20.8741 -48.7995 -27.2530 3.0199 -37.3402 33.2234
-36.5537 -0.3928 -26.5913 -48.5446 28.1943 -39.0686 11.5242 -29.6893 -48.3139 -8.9193 -41.5867 20.2293 -32.8266 -39.7314 -19.9172 -44.8950 29.7451 -35.8373 -10.3893 -25.0816 -47.7267 34.6495 -38.1776 7.3137 -28.3004 -48.8734 6.2810 -40.0281 15.7323 -31.1213 -46.3974 -14.7754 -42.7917 23.1331 -33.6665 -35.1859 -20.9824 -45.2433 30.2087 -35.7948 -13.0646 -24.4325 -47.1571 34.8187 -37.3563 1.4079 -26.6403 -48.4241 31.9437 -38.5229 8.1029 -28.2762 -48.8794 11.8944 -40.3370 24.0484 -39.2836 34.9255 -47.4872 -24.9087 -9.6691 -36.0875 31.1868 -45.5694 -21.5973 -32.5269 -33.9903 24.1278 -43.1383 -15.8813 -45.6024 -31.4502 16.6293 -40.2815 1.7515 -48.7920 -28.6242 8.3985 -38.4002 33.8722 -47.9651 -25.4991 -7.2797 -36.1286 30.7395 -45.2284 -20.5932 -37.7535 -33.1527 21.1765 -41.9384 -10.8183 -48.0123 -30.0161 12.4534 -39.2779 24.9481 -48.6876 -26.9237 1.4057 -36.8209
-3.0730 -26.2365 -48.3687 30.7623 -38.8505 10.5525 -29.3563 -48.5339 -6.5795 -41.2273 19.2752 -32.4906 -41.4796 -19.1811 -44.5520 28.7181 -35.5413 -13.7724 -24.6579 -47.4850 35.0000 -37.9700 6.2843 -28.0225 -48.8995 10.1571 -39.8932 15.1278 -30.9225 -46.7664 -14.2108 -42.6532 22.8310 -33.5919 -35.5500 -20.9359 -45.2433 30.2813 -35.8385 -12.2603 -24.5736 -47.2637 34.9536 -37.4751 2.3384 -26.8473 -48.5371 30.5254 -38.6844 8.9101 -28.5289 -48.8722 10.0949 -39.8792 16.4026 -34.5304 11.2456 -38.0986 35.0531 -47.5387 -25.0174 -8.9601 -36.1297 31.2565 -45.5694 -21.5532 -32.9364 -33.9164 23.8155 -43.0026 -15.3743 -46.0541 -31.2508 16.0253 -40.0848 5.2297 -48.8617 -28.3457 7.4317 -38.1945 34.6138 -47.7392 -25.0955 -10.3206 -35.8396 29.7363 -44.8883 -19.9010 -39.7775 -32.8171 20.2061 -41.5781 -8.8730 -48.3196 -29.6822 11.5042 -39.0640 28.2546 -48.5412 -26.5911 -0.8808
-25.0657 -48.1669 32.6427 -38.6288 9.5488 -29.0241 -48.6758 -3.7045 -40.8679 18.3333 -32.1535 -42.9717 -18.3815 -44.2051 27.6731 -35.2313 -17.4599 -24.2034 -47.2215 35.0446 -37.7558 5.1300 -27.7281 -48.8897 14.4902 -39.7376 14.4366 -30.6877 -47.1603 -13.4308 -42.4630 22.3777 -33.4626 -36.2958 -20.7886 -45.1924 30.2087 -35.8385 -12.0072 -24.6413 -47.3261 35.0160 -37.5622 3.0317 -27.0122 -48.6237 28.9994 -38.8285 9.6159 -28.7639 -48.8205 6.5442 -39.9059 14.9116 -31.9146 -31.0741 -30.3810 6.3550 -37.8643 35.0282 -47.5904 -25.0776 -8.7317 -36.1297 31.1868 -45.5218 -21.4152 -33.7880 -33.7884 23.3498 -42.8110 -14.6844 -46.5413 -31.0158 15.3344 -39.9281 9.4178 -48.8978 -28.0510 6.3603 -37.9818 34.9934 -47.4904 -24.6615 -13.7773 -35.5370 28.6968 -44.5430 -19.1567 -41.5338 -32.4782 19.2490 -41.2174 -6.5173 -48.5381 -29.3487 10.5310 -38.8456 30.8084 -48.3651 -25.4344
-47.8808 33.9147 -38.4039 8.5024 -28.6925 -48.7711 -0.1506 -40.5087 17.4006 -31.8149 -44.2319 -17.5100 -43.8514 26.6211 -34.9136 -21.2823 -23.7157 -46.9392 34.8221 -37.5361 3.8457 -27.4241 -48.8410 18.8807 -39.5632 13.6662 -30.4226 -47.5488 -12.4306 -42.2326 21.7955 -33.2878 -37.3575 -20.5308 -45.0910 29.9797 -35.7948 -12.2603 -24.6413 -47.3459 35.0364 -37.6142 3.4823 -27.1329 -48.6846 27.5465 -38.9485 10.2212 -28.9754 -48.7597 3.2263 -40.0246 15.1694 -30.9979 -45.5718 -22.4919 -48.4970 -28.2263 5.2240 -37.8536 35.0069 -47.6086 -25.0776 -8.9601 -36.0868 30.9664 -45.4195 -21.1740 -35.0014 -33.6121 22.7597 -42.5799 -13.8098 -47.0253 -30.7503 14.5678 -39.7596 14.0195 -48.8919 -27.7465 5.1835 -37.7628 35.0458 -47.2212 -24.1973 -17.5319 -35.2249 27.6461 -44.1941 -18.3511 -43.0221 -32.1406 18.3015 -40.8557 -3.6168 -48.6787 -29.0147 9.5242 -38.6231 32.6679 -48.0955
31.2792 -38.1001 7.3995 -28.3613 -48.8508 4.1658 -40.1883 16.4744 -31.4755 -45.2881 -16.5522 -43.4952 25.5694 -34.5914 -25.0039 -23.1981 -46.6423 34.3693 -37.3073 2.3969 -27.1139 -48.7540 22.9367 -39.3756 12.8420 -30.1325 -47.9078 -11.1647 -41.9687 21.1197 -33.0759 -38.6131 -20.1712 -44.9377 29.5913 -35.7019 -13.0646 -24.5736 -47.3261 35.0364 -37.6308 3.6945 -27.2064 -48.7222 26.3552 -39.0424 10.7106 -29.1567 -48.7107 0.5209 -40.1784 15.7375 -30.9736 -46.8260 -16.1624 -45.5047 -6.2234 -48.7865 -27.6826 5.1063 -37.8587 35.0070 -47.5898 -25.0135 -9.6831 -35.9966 30.5899 -45.2683 -20.8323 -36.4606 -33.3978 22.0739 -42.3160 -12.7145 -47.4794 -30.4601 13.7511 -39.5777 18.5888 -48.8436 -27.4343 3.8749 -37.5361 34.8169 -46.9355 -23.7053 -21.3600 -34.9071 26.5942 -43.8422 -17.4805 -44.2698 -31.8041 17.3664 -40.4955 -0.0169 -48.7744 -28.6806 8.4730 -38.3147 29.6898
-37.6769 6.2239 -28.0295 -48.8967 9.1228 -39.9509 15.5497 -31.1380 -46.1591 -15.4936 -43.1390 24.5341 -34.2653 -28.4856 -22.6541 -46.3323 33.7304 -37.0640 0.7294 -26.7921 -48.6317 26.4679 -39.1793 11.9782 -29.8303 -48.2094 -9.5622 -41.6725 20.3680 -32.8303 -39.9544 -19.7176 -44.7375 29.0581 -35.5640 -14.4494 -24.4325 -47.2637 35.0160 -37.6142 3.6945 -27.2299 -48.7392 25.5798 -39.1082 11.0688 -29.2989 -48.6632 -1.5469 -40.3628 16.2915 -31.1399 -46.6966 -14.1976 -43.2325 32.7387 -41.1954 14.5827 -48.8132 -27.5784 5.0438 -37.8399 35.0309 -47.5307 -24.8788 -10.9522 -35.8622 30.0639 -45.0714 -20.4016 -38.0256 -33.1537 21.3072 -42.0214 -11.3555 -47.8719 -30.1578 12.9007 -39.3863 22.8035 -48.7559 -27.1156 2.3835 -37.3025 34.3579 -46.6360 -23.1873 -25.0779 -34.5847 25.5482 -43.4879 -16.5268 -45.3126 -31.4675 16.4440 -40.1800 4.3393 -48.8539 -28.3488 7.3626 -37.9220
4.7735 -27.7042 -48.8874 14.3398 -39.7570 14.6277 -30.8022 -46.8666 -14.3128 -42.7814 23.5126 -33.9361 -31.6513 -22.0814 -46.0132 32.9517 -36.8053 -1.1929 -26.4475 -48.4760 29.3594 -38.9734 11.0749 -29.5221 -48.4436 -7.5994 -41.3545 19.5502 -32.5580 -41.3049 -19.1708 -44.5010 28.3976 -35.3872 -16.3677 -24.2205 -47.1571 34.9536 -37.5622 3.4823 -27.2064 -48.7392 25.3238 -39.1352 11.2820 -29.3946 -48.6157 -3.0841 -40.5301 16.7565 -31.2972 -46.3431 -14.3550 -42.6700 24.7739 -36.8122 18.5634 -39.7603 20.1896 -48.8304 -27.5312 4.8389 -37.7882 35.0587 -47.4296 -24.6768 -12.7528 -35.6886 29.4140 -44.8376 -19.8942 -39.5772 -32.8852 20.4813 -41.7065 -9.7239 -48.1881 -29.8491 12.0174 -39.1847 26.4267 -48.6316 -26.7869 0.6925 -37.0588 33.7156 -46.3258 -22.6425 -28.5542 -34.2585 24.5130 -43.1317 -15.4709 -46.1751 -31.1312 15.5261 -39.9485 9.2945 -48.8971 -28.0245 6.0574
-26.6159 -48.8296 19.2938 -39.5579 13.7073 -30.4668 -47.4353 -12.9701 -42.4228 22.5068 -33.6046 -34.4709 -21.4772 -45.6863 32.0700 -36.5324 -3.4245 -26.0793 -48.2892 31.6083 -38.7588 10.1303 -29.2069 -48.6111 -5.1965 -41.0282 18.7039 -32.2647 -42.6007 -18.5330 -44.2353 27.6403 -35.1762 -18.7449 -23.9455 -47.0117 34.8187 -37.4751 3.0317 -27.1329 -48.7222 25.5798 -39.1343 11.4763 -29.5620 -48.5969 -5.0702 -40.8060 17.0582 -31.3074 -46.2613 -14.9451 -42.6977 23.1789 -34.5738 -4.1102 -32.6971 13.6624 -39.3570 21.5487 -48.8224 -27.4547 4.4380 -37.7023 35.0454 -47.2894 -24.4146 -15.0346 -35.4808 28.6671 -44.5763 -19.3056 -41.0775 -32.5956 19.6306 -41.3805 -7.7531 -48.4325 -29.5329 11.0981 -38.9739 29.3843 -48.4726 -26.4401 -1.2369 -36.7991 32.9335 -46.0061 -22.0690 -31.7139 -33.9293 23.4917 -42.7740 -14.2871 -46.8796 -30.7953 14.6090 -39.7546 14.4726 -48.8862 -26.9553
-48.6549 23.6030 -39.3510 12.7787 -30.1321 -47.8825 -11.4180 -42.0636 21.5173 -33.2711 -36.9450 -20.8377 -45.3528 31.1155 -36.2473 -6.0280 -25.6885 -48.0791 33.2320 -38.5374 9.1256 -28.8850 -48.7159 -2.1877 -40.6940 17.8456 -31.9590 -43.7789 -17.7964 -43.9414 26.8023 -34.9343 -21.4816 -23.6125 -46.8310 34.5844 -37.3563 2.3384 -27.0122 -48.6846 26.3552 -39.1073 11.2606 -29.2784 -48.6483 -2.6534 -40.7715 17.1581 -31.4281 -46.0861 -15.1126 -42.8897 22.9034 -33.7665 -30.1895 -26.6070 -43.5099 -30.5427 12.6759 -39.3370 22.6456 -48.7963 -27.3338 3.8224 -37.5846 34.9461 -47.1162 -24.0968 -17.7598 -35.2439 27.8309 -44.2884 -18.6335 -42.4635 -32.2929 18.7685 -41.0475 -5.3041 -48.6067 -29.2105 10.1267 -38.7559 31.6476 -48.2851 -26.0699 -3.4863 -36.5247 32.0486 -45.6787 -21.4638 -34.5275 -33.5975 22.4861 -42.4154 -12.9405 -47.4457 -30.4599 13.6884 -39.5537 19.3701 -48.7523
