-23.0677 -22.6189 -46.3137 32.3809 -36.1199 -7.1368 -24.4685 -47.5137 32.7375 -37.2955 2.5123 -26.0912 -48.4413 25.0019 -38.3892 8.2674 -27.5972 -48.8276 6.1417 -39.4647 12.7131 -29.0955 -48.5890 -7.9912 -40.8334 16.8258 -30.6004 -47.0185 -14.3792 -42.3004 20.9847 -32.1115 -42.8291 -18.1348 -43.7709 25.3299 -33.6047 -34.1332 -20.8309 -45.2117 29.6520 -35.0524 -19.3969 -22.9951 -46.5632 32.8306 -36.3859 -4.5682 -24.8348 -47.7394 31.9924 -37.5302 4.1166 -26.8109 -48.7933 -15.1874 -48.1993 -24.2781 -14.5257 -35.3913 30.5383 -45.5266 -21.3563 -31.3137 -33.9377 26.3283 -44.0982 -18.8042 -41.3504 -32.4504 21.9508 -42.6333 -15.3709 -46.3579 -30.9398 17.7459 -41.1618 -9.8420 -48.3915 -29.4351 13.6521 -39.7085 1.9526 -48.8021 -27.9335 9.3361 -38.6351 21.5295 -48.5880 -26.4317 4.0041 -37.5407 31.9259 -47.7554 -24.8575 -4.4035 -36.4037 32.8695 -46.6065 -23.0705 -19.2968
-22.6189 -46.4854 33.4850 -36.6883 -3.8695 -25.6238 -47.8132 34.9096 -37.7580 4.2480 -27.2065 -48.6661 28.7084 -38.7152 9.3618 -28.6356 -48.8637 10.0309 -39.5891 13.5394 -30.0694 -48.2751 -6.9518 -40.9200 17.5367 -31.5191 -46.0401 -14.4944 -42.4746 21.6592 -32.9697 -40.6872 -18.7686 -44.0199 26.0666 -34.3948 -30.2033 -21.7666 -45.5107 30.5893 -35.7569 -14.3912 -24.1147 -46.8826 34.2535 -36.9630 -1.6062 -26.0109 -48.0352 34.4300 -37.9628 5.4917 -27.5805 -48.7462 10.5251 -42.4934 30.0547 -47.4778 -24.7450 -10.7475 -36.0475 31.5498 -45.8340 -22.3439 -26.9537 -34.7105 27.0890 -44.3590 -19.5195 -38.8492 -33.2953 22.6305 -42.8258 -15.6316 -45.1739 -31.8434 18.4436 -41.2706 -9.1814 -47.9598 -30.3958 14.4417 -39.7734 5.1664 -48.7881 -28.9583 10.3514 -38.9220 25.6003 -48.7823 -27.5273 5.5384 -37.9766 34.3947 -48.0444 -26.0105 -1.6336 -36.9430 34.1599 -46.7852 -23.0705
-46.3137 33.4850 -36.8321 -2.4537 -25.9141 -48.0151 34.4556 -38.0394 5.5168 -27.5171 -48.7833 25.5831 -39.0271 10.3687 -28.9618 -48.7864 5.0292 -39.9186 14.4644 -30.4053 -47.9526 -9.2180 -41.2787 18.4679 -31.8650 -45.1426 -15.6574 -42.8326 22.6495 -33.3189 -38.8034 -19.5391 -44.3712 27.1224 -34.7426 -26.8873 -22.3539 -45.8407 31.5711 -36.0921 -10.8071 -24.5887 -47.1727 34.7529 -37.2623 0.3832 -26.3805 -48.2516 33.4703 -38.2652 6.6938 -27.8429 -48.8477 18.8853 -40.0929 23.0864 -39.1582 35.0001 -47.5012 -25.0544 -7.6521 -36.3748 32.4753 -46.1574 -22.9017 -23.3561 -35.0569 28.1400 -44.7077 -20.2409 -36.6630 -33.6452 23.6368 -43.1827 -16.6688 -44.1047 -32.1900 19.3881 -41.6303 -11.0697 -47.5359 -30.7337 15.3577 -40.1282 0.6910 -48.6965 -29.2866 11.3231 -39.2363 21.7311 -48.8622 -27.8376 6.7122 -38.2605 33.5465 -48.2284 -26.2819 -0.4049 -37.0878 34.1599 -46.6065
32.3809 -36.6883 -2.4537 -26.0246 -48.1317 33.8847 -38.2130 6.5504 -27.8068 -48.8605 21.8412 -39.2341 11.3241 -29.2886 -48.6954 0.6265 -40.1364 15.3813 -30.7405 -47.5261 -11.1054 -41.6381 19.4109 -32.2022 -44.0613 -16.7009 -43.1900 23.6576 -33.6521 -36.6119 -20.2580 -44.7192 28.1787 -35.0641 -23.2801 -22.9129 -46.1641 32.4946 -36.3826 -7.5746 -25.0419 -47.4514 35.0273 -37.4987 2.1202 -26.7315 -48.4437 31.9554 -38.4937 7.8419 -28.1614 -48.8935 16.7179 -39.6168 15.2859 -34.2932 10.8871 -38.1065 34.9834 -47.7134 -25.4602 -4.8257 -36.6557 33.3159 -46.4728 -23.4337 -19.5663 -35.3722 29.1924 -45.0532 -20.9172 -34.1457 -33.9765 24.6601 -43.5387 -17.6096 -42.8182 -32.5291 20.3458 -41.9901 -12.6721 -46.9934 -31.0695 16.2752 -40.4297 -2.9969 -48.5712 -29.6113 12.2536 -39.4387 17.3619 -48.8995 -28.1279 7.6770 -38.4337 32.6434 -48.3342 -26.3872 -0.4049 -36.9430 32.8695
-36.1199 -3.8695 -25.9141 -48.1317 33.6115 -38.3143 7.2468 -28.0354 -48.8985 17.9476 -39.4222 12.2065 -29.6028 -48.5731 -2.9915 -40.4328 16.2922 -31.0748 -46.9811 -12.7024 -41.9976 20.3668 -32.5388 -42.7706 -17.6424 -43.5478 24.6812 -33.9833 -34.0894 -20.9315 -45.0626 29.2279 -35.3820 -19.4675 -23.4443 -46.4792 33.3324 -36.6624 -4.7534 -25.4718 -47.7149 35.0159 -37.7307 3.6572 -27.0652 -48.6079 29.8030 -38.7185 8.9277 -28.4904 -48.8849 12.1601 -39.6735 13.7798 -31.5658 -33.2604 -30.3015 6.7568 -38.0286 34.6462 -47.9511 -25.8650 -2.3796 -36.9241 34.0382 -46.7786 -23.9402 -15.7439 -35.6811 30.2300 -45.3928 -21.5527 -31.2826 -34.3054 25.6970 -43.8927 -18.4735 -41.2894 -32.8670 21.3168 -42.3494 -14.0529 -46.3171 -31.4041 17.1937 -40.7836 -5.9257 -48.3788 -29.9265 13.1226 -39.6219 13.0515 -48.9000 -28.3585 8.3342 -38.5356 32.2326 -48.3342 -26.2819 -1.6336 -36.4037
-7.1368 -25.6238 -48.0151 33.8847 -38.3143 7.4980 -28.1656 -48.9090 14.6625 -39.5759 12.9748 -29.8879 -48.3948 -5.8262 -40.7751 17.1837 -31.4027 -46.3096 -14.0667 -42.3559 21.3355 -32.8746 -41.2451 -18.5015 -43.9044 25.7238 -34.3121 -31.2199 -21.5656 -45.4009 30.2582 -35.6929 -15.6189 -23.9519 -46.7847 34.0516 -36.9298 -2.3254 -25.8779 -47.9594 34.6457 -37.9607 5.0391 -27.3939 -48.7400 26.9325 -38.9395 9.9592 -28.8225 -48.8169 7.1081 -39.8440 14.1967 -30.6346 -46.4074 -22.1247 -48.4805 -28.4330 6.5924 -38.1977 33.8771 -48.1766 -26.2506 -0.2786 -37.1779 34.6025 -47.0733 -24.4225 -12.0720 -35.9842 31.2321 -45.7263 -22.1530 -28.0754 -34.6310 26.7442 -44.2442 -19.2717 -39.5013 -33.2009 22.3005 -42.7045 -15.2499 -45.4967 -31.7322 18.0919 -41.1265 -8.2392 -48.1252 -30.2152 13.8798 -39.7705 9.6003 -48.8818 -28.4889 8.5716 -38.5356 32.6434 -48.2284 -26.0105 -4.4035
-24.4685 -47.8132 34.4556 -38.2130 7.2468 -28.1656 -48.9092 12.7492 -39.6775 13.5555 -30.1248 -48.1849 -7.9261 -41.0924 18.0326 -31.7171 -45.5165 -15.2388 -42.7067 22.3090 -33.2058 -39.4722 -19.2907 -44.2558 26.7767 -34.6373 -28.0063 -22.1651 -45.7335 31.2557 -35.9954 -11.9414 -24.4364 -47.0792 34.6121 -37.1831 -0.2362 -26.2607 -48.1836 33.8407 -38.1907 6.3011 -27.7229 -48.8356 23.2940 -39.1562 10.9511 -29.1569 -48.7310 2.3914 -40.0297 15.0203 -30.6740 -47.3979 -15.1714 -45.3587 -7.1682 -48.7960 -28.1868 7.4937 -38.4144 32.5691 -48.3789 -26.6117 1.5420 -37.4176 34.9611 -47.3553 -24.8816 -8.6917 -36.2804 32.1812 -46.0526 -22.7221 -24.5590 -34.9528 27.7964 -44.5926 -20.0047 -37.4375 -33.5301 23.2823 -43.0544 -16.2956 -44.5383 -32.0468 18.9497 -41.4440 -9.9887 -47.8394 -30.4497 14.4485 -39.8696 7.6997 -48.8710 -28.4889 8.3342 -38.4337 33.5465 -48.0444 -24.8575
-47.5137 34.9096 -38.0394 6.5504 -28.0354 -48.9090 12.7492 -39.7132 13.8651 -30.2821 -47.9871 -9.4062 -41.3624 18.7943 -32.0060 -44.6282 -16.2412 -43.0430 23.2702 -33.5280 -37.4357 -20.0152 -44.6010 27.8234 -34.9590 -24.4844 -22.7335 -46.0593 32.2011 -36.2889 -8.5840 -24.8973 -47.3625 34.9659 -37.4225 1.5775 -26.6196 -48.3840 32.5151 -38.4201 7.4765 -28.0524 -48.8894 18.9110 -39.3681 11.9133 -29.4913 -48.6276 -1.6406 -40.2964 15.9206 -30.9513 -47.1498 -13.0804 -42.9703 32.5605 -41.3376 7.0691 -48.8427 -28.4000 8.5500 -38.6369 30.6418 -48.5536 -26.9505 3.1433 -37.6503 35.0571 -47.6227 -25.3191 -5.7048 -36.5656 33.0529 -46.3708 -23.2629 -20.8160 -35.2698 28.8460 -44.9367 -20.6817 -35.0913 -33.8518 24.2583 -43.3920 -17.2021 -43.4767 -32.3356 19.7206 -41.7144 -11.2189 -47.5830 -30.6074 14.7589 -39.9045 7.6997 -48.8818 -28.3585 7.6770 -38.2605 34.3947 -47.7554
32.7375 -37.7580 5.5168 -27.8068 -48.8985 14.6625 -39.6775 13.8651 -30.3358 -47.8639 -10.2954 -41.5666 19.4095 -32.2502 -43.7119 -17.0739 -43.3584 24.1931 -33.8371 -35.1494 -20.6767 -44.9360 28.8543 -35.2729 -20.7452 -23.2732 -46.3772 33.0701 -36.5722 -5.6293 -25.3345 -47.6313 35.0551 -37.6551 3.1743 -26.9576 -48.5576 30.5807 -38.6458 8.5820 -28.3824 -48.8953 13.9487 -39.5745 12.8548 -29.8251 -48.4549 -4.9310 -40.6490 16.8386 -31.2767 -46.5821 -13.7069 -42.4438 24.1983 -36.8459 19.5390 -40.1320 7.5803 -48.8348 -28.7091 9.5907 -38.8590 28.0239 -48.6978 -27.2797 4.5747 -37.8816 34.8247 -47.8732 -25.7349 -3.1372 -36.8377 33.8171 -46.6793 -23.7761 -16.9958 -35.5769 29.8657 -45.2678 -21.3072 -32.4944 -34.1591 25.2016 -43.7050 -17.9606 -42.3901 -32.5797 20.3453 -41.9187 -11.9720 -47.4245 -30.6641 14.7589 -39.8696 9.6003 -48.9000 -28.1279 6.7122 -37.9766 31.9259
-37.2955 4.2480 -27.5171 -48.8605 17.9476 -39.5759 13.5555 -30.2821 -47.8639 -10.5858 -41.6796 19.8325 -32.4326 -42.8759 -17.7250 -43.6330 25.0405 -34.1216 -32.7211 -21.2745 -45.2551 29.8457 -35.5731 -17.0051 -23.7798 -46.6824 33.8283 -36.8428 -3.0831 -25.7465 -47.8818 34.8097 -37.8855 4.6025 -27.2865 -48.7006 27.9526 -38.8680 9.6284 -28.7144 -48.8462 8.7703 -39.7747 13.7826 -30.1593 -48.1996 -7.5823 -41.0095 17.7639 -31.6117 -45.8247 -14.8360 -42.6119 22.5809 -34.5464 -2.5154 -33.2565 15.9588 -40.0326 3.7751 -48.7652 -29.0378 10.5980 -39.0792 24.6491 -48.8068 -27.6086 5.8749 -38.1115 34.1885 -48.1044 -26.1255 -0.9406 -37.0934 34.4325 -46.9746 -24.2553 -13.3720 -35.8678 30.8251 -45.5809 -21.8743 -29.7643 -34.4405 26.0582 -43.9777 -18.5582 -41.4043 -32.7617 20.7733 -42.0316 -12.2277 -47.4245 -30.6074 14.4485 -39.7705 13.0515 -48.8995 -27.8376 5.5384 -37.5407
2.5123 -27.2065 -48.7833 21.8412 -39.4222 12.9748 -30.1248 -47.9871 -10.2954 -41.6796 19.9866 -32.5325 -42.2680 -18.1818 -43.8492 25.7579 -34.3665 -30.3079 -21.7986 -45.5517 30.7648 -35.8565 -13.4665 -24.2482 -46.9701 34.4315 -37.0948 -0.9134 -26.1331 -48.1108 34.1639 -38.1153 5.9003 -27.6154 -48.8087 24.5671 -39.0860 10.6315 -29.0485 -48.7652 3.8640 -39.9678 14.7026 -30.4941 -47.8504 -9.7491 -41.3713 18.7032 -31.9484 -44.8891 -15.9392 -42.9344 23.0378 -33.7636 -29.6518 -27.0697 -41.0507 -31.5642 15.8414 -40.2135 -0.3272 -48.6713 -29.3700 11.5755 -39.2939 20.5117 -48.8758 -27.9380 7.0738 -38.3394 33.0654 -48.3134 -26.4908 0.9456 -37.3323 34.8559 -47.2500 -24.6992 -10.0823 -36.1441 31.7087 -45.8712 -22.3696 -27.0864 -34.6828 26.7813 -44.1931 -18.9797 -40.7019 -32.8608 20.9285 -42.0316 -11.9720 -47.5830 -30.4497 13.8798 -39.6219 17.3619 -48.8622 -27.5273 4.0041
-26.0912 -48.6661 25.5831 -39.2341 12.2065 -29.8879 -48.1849 -9.4062 -41.5666 19.8325 -32.5325 -42.0419 -18.4200 -43.9919 26.2878 -34.5589 -28.1266 -22.2302 -45.8108 31.5784 -36.1142 -10.3100 -24.6782 -47.2394 34.8479 -37.3261 0.9150 -26.4894 -48.3155 33.0393 -38.3438 7.0973 -27.9447 -48.8768 20.4177 -39.2994 11.6019 -29.3826 -48.6677 -0.4162 -40.2078 15.6197 -30.8295 -47.3938 -11.5532 -41.7322 19.6559 -32.2848 -43.7617 -16.9468 -43.2851 23.9479 -33.8086 -34.3072 -22.6731 -48.1053 -19.5900 -45.7934 -31.3081 16.5569 -40.5258 -3.8359 -48.5264 -29.7041 12.5266 -39.5029 15.7197 -48.8991 -28.2677 8.1942 -38.5642 31.3751 -48.4956 -26.8265 2.5558 -37.5570 35.0522 -47.5067 -25.1123 -7.2190 -36.3976 32.4760 -46.1261 -22.7791 -24.7142 -34.8736 27.3156 -44.3352 -19.2001 -40.4487 -32.8608 20.7733 -41.9187 -11.2189 -47.8394 -30.2152 13.1226 -39.4387 21.7311 -48.7823 -26.4317
-48.4413 28.7084 -39.0271 11.3241 -29.6028 -48.3948 -7.9261 -41.3624 19.4095 -32.4326 -42.2680 -18.4200 -44.0417 26.5749 -34.6835 -26.4470 -22.5577 -46.0229 32.2436 -36.3378 -7.6900 -25.0622 -47.4844 35.0468 -37.5437 2.4916 -26.8154 -48.4923 31.3937 -38.5642 8.2036 -28.2724 -48.8997 15.6180 -39.5074 12.5485 -29.7158 -48.5198 -3.9407 -40.5320 16.5379 -31.1655 -46.8144 -13.0866 -42.0925 20.6191 -32.6223 -42.4180 -17.8628 -43.6400 24.9567 -34.0827 -33.0231 -21.5648 -46.0766 31.2860 -44.4509 -16.0160 -45.8984 -31.5209 17.4449 -40.8831 -6.6850 -48.3016 -30.0391 13.4583 -39.7047 10.5734 -48.8707 -28.5948 9.2421 -38.7818 29.1022 -48.6453 -27.1396 3.9601 -37.7722 34.9869 -47.7394 -25.4808 -4.9094 -36.6138 33.0872 -46.3327 -23.0923 -22.9038 -34.9974 27.6041 -44.3849 -19.2001 -40.7019 -32.7617 20.3453 -41.7144 -9.9887 -48.1252 -29.9265 12.2536 -39.2363 25.6003 -48.5880
25.0019 -38.7152 10.3687 -29.2886 -48.5731 -5.8262 -41.0924 18.7943 -32.2502 -42.8759 -18.1818 -43.9919 26.5749 -34.7265 -25.5120 -22.7670 -46.1763 32.7397 -36.5183 -5.6577 -25.3889 -47.6954 35.0122 -37.7498 3.8580 -27.1228 -48.6395 29.2035 -38.7752 9.2197 -28.5913 -48.8717 10.5205 -39.7078 13.4758 -30.0476 -48.2940 -6.7698 -40.8904 17.4609 -31.5018 -46.0947 -14.4146 -42.4520 21.5961 -32.9608 -40.8208 -18.7025 -43.9934 25.9954 -34.4002 -30.3387 -21.8114 -45.6866 33.5431 -39.1382 29.0677 -43.2808 -15.8538 -45.1950 -31.8345 18.3729 -41.2421 -9.0056 -47.9881 -30.3724 14.3721 -39.8988 5.5744 -48.7955 -28.9144 10.2150 -38.9901 26.2285 -48.7623 -27.4447 5.1947 -37.9765 34.6510 -47.9362 -25.7877 -3.1552 -36.7853 33.5259 -46.4817 -23.2924 -21.9120 -35.0404 27.6041 -44.3352 -18.9797 -41.4043 -32.5797 19.7206 -41.4440 -8.2392 -48.3788 -29.6113 11.3231 -38.9220 21.5295
-38.3892 9.3618 -28.9618 -48.6954 -2.9915 -40.7751 18.0326 -32.0060 -43.7119 -17.7250 -43.8492 26.2878 -34.6835 -25.5120 -22.8387 -46.2572 33.0468 -36.6455 -4.2198 -25.6444 -47.8673 34.7697 -37.9356 5.0160 -27.4097 -48.7549 26.4071 -38.9807 10.1745 -28.9029 -48.7971 5.6666 -39.8978 14.3796 -30.3777 -47.9807 -9.0596 -41.2494 18.3920 -31.8384 -45.2148 -15.5840 -42.8106 22.5878 -33.2975 -38.9424 -19.4821 -44.3441 27.0446 -34.7234 -27.0944 -22.3322 -45.8564 32.1435 -37.0742 10.5408 -35.8818 25.0069 -43.2514 -16.6505 -44.1725 -32.1682 19.3143 -41.6015 -10.9274 -47.5748 -30.7047 15.2734 -40.1003 1.2176 -48.7096 -29.2279 11.1374 -39.1918 22.7313 -48.8446 -27.7319 6.2546 -38.1602 34.1037 -48.0931 -26.0294 -1.9269 -36.9069 33.7902 -46.5602 -23.3613 -21.9120 -34.9974 27.3156 -44.1931 -18.5582 -42.3901 -32.3356 18.9497 -41.1265 -5.9257 -48.5712 -29.2866 10.3514 -38.6351
8.2674 -28.6356 -48.7864 0.6265 -40.4328 17.1837 -31.7171 -44.6282 -17.0739 -43.6330 25.7579 -34.5589 -26.4470 -22.7670 -46.2572 33.1477 -36.7124 -3.3539 -25.8209 -47.9929 34.4108 -38.0899 5.9620 -27.6655 -48.8336 23.1967 -39.1740 11.0763 -29.2110 -48.7130 1.3912 -40.0908 15.2594 -30.7030 -47.5710 -10.9452 -41.6081 19.3336 -32.1750 -44.1525 -16.6283 -43.1680 23.5950 -33.6313 -36.7642 -20.2093 -44.6915 28.0970 -35.0439 -23.5078 -22.8806 -46.1499 32.5510 -36.6138 0.0791 -30.5456 -12.7019 -34.6433 24.8690 -43.5309 -17.5575 -42.9108 -32.5045 20.2684 -41.9602 -12.5351 -47.0499 -31.0320 16.1605 -40.3751 -2.3784 -48.6026 -29.5367 12.0152 -39.3810 18.8940 -48.8896 -27.9879 7.1284 -38.3132 33.4657 -48.2079 -26.1987 -1.1876 -36.9702 33.8802 -46.5602 -23.2924 -22.9038 -34.8736 26.7813 -43.9777 -17.9606 -43.4767 -32.0468 18.0919 -40.7836 -2.9969 -48.6965 -28.9583 9.3361
-27.5972 -48.8637 5.0292 -40.1364 16.2922 -31.4027 -45.5165 -16.2412 -43.3584 25.0405 -34.3665 -28.1266 -22.5577 -46.1763 33.0468 -36.7124 -3.0625 -25.9136 -48.0701 34.0520 -38.2061 6.6668 -27.8822 -48.8793 19.8920 -39.3470 11.8973 -29.5046 -48.6130 -2.1916 -40.3595 16.1200 -31.0208 -47.0631 -12.5170 -41.9597 20.2765 -32.5079 -42.8854 -17.5720 -43.5233 24.6155 -33.9612 -34.2643 -20.8870 -45.0368 29.1445 -35.3594 -19.7228 -23.4125 -46.4604 33.3004 -36.6935 -3.2734 -27.1352 -48.5403 -25.2916 -26.9731 -34.4283 25.6763 -43.8719 -18.4183 -41.4156 -32.8370 21.2255 -42.3116 -13.8931 -46.4169 -31.3510 17.0294 -40.7105 -5.2990 -48.4373 -29.8311 12.8197 -39.5497 15.1327 -48.9029 -28.2037 7.7867 -38.4284 32.8787 -48.2793 -26.2861 -0.9356 -36.9702 33.7902 -46.4817 -23.0923 -24.7142 -34.6828 26.0582 -43.7050 -17.2021 -44.5383 -31.7322 17.1937 -40.4297 0.6910 -48.7881 -27.9335
-48.8276 10.0309 -39.9186 15.3813 -31.0748 -46.3096 -15.2388 -43.0430 24.1931 -34.1216 -30.3079 -22.2302 -46.0229 32.7397 -36.6455 -3.3539 -25.9136 -48.0974 33.8181 -38.2823 7.1539 -28.0468 -48.8994 16.7942 -39.4920 12.6188 -29.7747 -48.4659 -5.0020 -40.6842 16.9678 -31.3332 -46.4489 -13.8491 -42.3007 21.2053 -32.8335 -41.4141 -18.4251 -43.8739 25.6471 -34.2867 -31.4450 -21.5194 -45.3754 30.1757 -35.6690 -15.8982 -23.9200 -46.7663 34.0127 -36.9214 -2.1927 -26.2126 -48.3508 -6.3780 -47.2336 -23.0192 -27.3975 -34.6356 26.6819 -44.2190 -19.2072 -39.6912 -33.1618 22.1752 -42.6528 -15.0614 -45.6628 -31.6631 17.8797 -41.0352 -7.5821 -48.2220 -30.1006 13.5292 -39.6921 11.8241 -48.8953 -28.3685 8.2468 -38.5038 32.5175 -48.3039 -26.2861 -1.1876 -36.9069 33.5259 -46.3327 -22.7791 -27.0864 -34.4405 25.2016 -43.3920 -16.2956 -45.4967 -31.4041 16.2752 -40.1282 5.1664 -48.8021
6.1417 -39.5891 14.4644 -30.7405 -46.9811 -14.0667 -42.7067 23.2702 -33.8371 -32.7211 -21.7986 -45.8108 32.2436 -36.5183 -4.2198 -25.8209 -48.0701 33.8181 -38.3101 7.4191 -28.1531 -48.9044 14.2869 -39.6065 13.2071 -30.0081 -48.2839 -7.1467 -40.9836 17.7776 -31.6344 -45.7199 -14.9996 -42.6370 22.1289 -33.1513 -39.7343 -19.1968 -44.2184 26.6746 -34.6108 -28.2810 -22.1174 -45.7066 31.1761 -35.9714 -12.2169 -24.4033 -47.0615 34.5831 -37.1685 -0.3184 -26.3042 -48.2467 27.7506 -41.3932 35.1419 -46.4118 -22.8569 -24.6415 -34.9326 27.7167 -44.5602 -19.9252 -37.7292 -33.4803 23.1138 -42.9871 -16.0822 -44.7836 -31.9631 18.6915 -41.3352 -9.3319 -47.9746 -30.3343 14.1112 -39.8025 9.2525 -48.8780 -28.4761 8.4976 -38.5313 32.5175 -48.2793 -26.1987 -1.9269 -36.7853 33.0872 -46.1261 -22.3696 -29.7643 -34.1591 24.2583 -43.0544 -15.2499 -46.3171 -31.0695 15.3577 -39.7734 1.9526
-39.4647 13.5394 -30.4053 -47.5261 -12.7024 -42.3559 22.3090 -33.5280 -35.1494 -21.2745 -45.5517 31.5784 -36.3378 -5.6577 -25.6444 -47.9929 34.0520 -38.2823 7.4191 -28.1919 -48.9037 12.6507 -39.6889 13.6481 -30.1895 -48.0969 -8.7370 -41.2495 18.5092 -31.9112 -44.9074 -15.9847 -42.9619 23.0525 -33.4612 -37.8291 -19.8993 -44.5523 27.6870 -34.9252 -24.8257 -22.6860 -46.0324 32.1263 -36.2654 -8.8395 -24.8631 -47.3438 34.9509 -37.4073 1.4734 -26.6088 -48.3832 31.5232 -39.2695 19.2746 -38.2432 34.0758 -46.4186 -23.2496 -21.1222 -35.2378 28.7257 -44.8910 -20.5835 -35.5304 -33.7875 24.0440 -43.3097 -16.9681 -43.8130 -32.2401 19.4319 -41.5988 -10.6519 -47.7271 -30.5166 14.5487 -39.8801 7.6125 -48.8641 -28.5150 8.4976 -38.5038 32.8787 -48.2079 -26.0294 -3.1552 -36.6138 32.4760 -45.8712 -21.8743 -32.4944 -33.8518 23.2823 -42.7045 -14.0529 -46.9934 -30.7337 14.4417 -39.7085
12.7131 -30.0694 -47.9526 -11.1054 -41.9976 21.3355 -33.2058 -37.4357 -20.6767 -45.2551 30.7648 -36.1142 -7.6900 -25.3889 -47.8673 34.4108 -38.2061 7.1539 -28.1531 -48.9037 12.0697 -39.7318 13.9357 -30.3176 -47.9347 -9.8297 -41.4686 19.1401 -32.1547 -44.0560 -16.8111 -43.2642 23.9410 -33.7598 -35.7084 -20.5399 -44.8731 28.6822 -35.2256 -21.2527 -23.2124 -46.3446 32.9925 -36.5462 -5.8617 -25.2989 -47.6113 35.0589 -37.6388 3.0728 -26.9347 -48.5475 30.4741 -38.8072 11.7538 -33.2186 6.8448 -37.2194 33.9423 -46.6615 -23.7274 -17.4602 -35.5351 29.7030 -45.2076 -21.1856 -33.1149 -34.0809 24.9431 -43.6113 -17.7194 -42.8009 -32.4828 20.0646 -41.8172 -11.5817 -47.5142 -30.6442 14.8280 -39.9194 7.0593 -48.8641 -28.4761 8.2468 -38.4284 33.4657 -48.0931 -25.7877 -4.9094 -36.3976 31.7087 -45.5809 -21.3072 -35.0913 -33.5301 22.3005 -42.3494 -12.6721 -47.5359 -30.3958 13.6521
-29.0955 -48.2751 -9.2180 -41.6381 20.3668 -32.8746 -39.4722 -20.0152 -44.9360 29.8457 -35.8565 -10.3100 -25.0622 -47.6954 34.7697 -38.0899 6.6668 -28.0468 -48.9044 12.6507 -39.7318 14.0367 -30.3859 -47.8191 -10.5382 -41.6303 19.6411 -32.3547 -43.2295 -17.4869 -43.5361 24.7681 -34.0373 -33.4146 -21.1269 -45.1832 29.6379 -35.5158 -17.6574 -23.7003 -46.6412 33.7427 -36.8128 -3.3268 -25.7099 -47.8604 34.8464 -37.8684 4.4986 -27.2598 -48.6910 28.1231 -38.8825 10.2093 -30.3014 -41.5492 -29.0426 1.4482 -37.1501 34.3999 -46.9397 -24.1928 -13.9291 -35.8181 30.6362 -45.5127 -21.7376 -30.5395 -34.3569 25.7787 -43.8819 -18.3348 -41.8280 -32.6802 20.5713 -41.9816 -12.1826 -47.3659 -30.7133 14.9232 -39.9194 7.6125 -48.8780 -28.3685 7.7867 -38.3132 34.1037 -47.9362 -25.4808 -7.2190 -36.1441 30.8251 -45.2678 -20.6817 -37.4375 -33.2009 21.3168 -41.9901 -11.0697 -47.9598 -29.4351
-48.5890 -6.9518 -41.2787 19.4109 -32.5388 -41.2451 -19.2907 -44.6010 28.8543 -35.5731 -13.4665 -24.6782 -47.4844 35.0122 -37.9356 5.9620 -27.8822 -48.8994 14.2869 -39.6889 13.9357 -30.3859 -47.7767 -10.9012 -41.7327 19.9912 -32.5030 -42.5160 -18.0048 -43.7671 25.5053 -34.2846 -31.0799 -21.6493 -45.4747 30.5421 -35.7931 -14.1924 -24.1583 -46.9228 34.3512 -37.0622 -1.1823 -26.0916 -48.0881 34.2418 -38.0974 5.7985 -27.5885 -48.8013 24.8672 -39.0741 10.6717 -29.3764 -48.2546 -19.4054 -48.7997 -27.1674 1.1956 -37.3180 34.8152 -47.2072 -24.6244 -10.7021 -36.0864 31.5072 -45.7992 -22.2324 -27.9565 -34.6014 26.5238 -44.1119 -18.8087 -40.9939 -32.8290 20.9339 -42.0847 -12.4929 -47.3103 -30.7133 14.8280 -39.8801 9.2525 -48.8953 -28.2037 7.1284 -38.1602 34.6510 -47.7394 -25.1123 -10.0823 -35.8678 29.8657 -44.9367 -20.0047 -39.5013 -32.8670 20.3458 -41.6303 -9.1814 -48.3915
-7.9912 -40.9200 18.4679 -32.2022 -42.7706 -18.5015 -44.2558 27.8234 -35.2729 -17.0051 -24.2482 -47.2394 35.0468 -37.7498 5.0160 -27.6655 -48.8793 16.7942 -39.6065 13.6481 -30.3176 -47.8191 -10.9012 -41.7688 20.1761 -32.5952 -41.9865 -18.3693 -43.9462 26.1008 -34.4933 -28.8715 -22.0942 -45.7351 31.3577 -36.0492 -11.0577 -24.5821 -47.1866 34.7861 -37.2909 0.6577 -26.4418 -48.2908 33.1857 -38.3199 6.9908 -27.9163 -48.8729 20.7833 -39.2828 11.5431 -29.4237 -48.5918 -9.3495 -44.0687 7.1573 -48.5233 -26.9236 2.4264 -37.5262 35.0367 -47.4577 -25.0243 -7.8663 -36.3353 32.2778 -46.0543 -22.6547 -25.5261 -34.8079 27.1273 -44.2901 -19.1500 -40.3690 -32.9235 21.1236 -42.1210 -12.4929 -47.3659 -30.6442 14.5487 -39.8025 11.8241 -48.9029 -27.9879 6.2546 -37.9765 34.9869 -47.5067 -24.6992 -13.3720 -35.5769 28.8460 -44.5926 -19.2717 -41.2894 -32.5291 19.3881 -41.2706 -9.8420
-40.8334 17.5367 -31.8650 -44.0613 -17.6424 -43.9044 26.7767 -34.9590 -20.7452 -23.7798 -46.9701 34.8479 -37.5437 3.8580 -27.4097 -48.8336 19.8920 -39.4920 13.2071 -30.1895 -47.9347 -10.5382 -41.7327 20.1761 -32.6262 -41.6958 -18.5904 -44.0678 26.5375 -34.6527 -26.9640 -22.4579 -45.9586 32.0536 -36.2766 -8.3774 -24.9645 -47.4273 35.0234 -37.5048 2.2300 -26.7638 -48.4674 31.6572 -38.5356 8.0810 -28.2379 -48.8998 16.0769 -39.4907 12.4742 -29.7011 -48.5117 -5.6233 -41.6397 28.7423 -40.3553 25.2755 -48.6347 -27.1194 3.7551 -37.7335 35.0244 -47.6853 -25.3880 -5.5074 -36.5551 32.9194 -46.2727 -22.9986 -23.4573 -34.9671 27.5674 -44.4107 -19.3589 -40.0197 -32.9551 21.1236 -42.0847 -12.1826 -47.5142 -30.5166 14.1112 -39.6921 15.1327 -48.8896 -27.7319 5.1947 -37.7722 35.0522 -47.2500 -24.2553 -16.9958 -35.2698 27.7964 -44.2442 -18.4735 -42.8182 -32.1900 18.4436 -41.1618
16.8258 -31.5191 -45.1426 -16.7009 -43.5478 25.7238 -34.6373 -24.4844 -23.2732 -46.6824 34.4315 -37.3261 2.4916 -27.1228 -48.7549 23.1967 -39.3470 12.6188 -30.0081 -48.0969 -9.8297 -41.6303 19.9912 -32.5952 -41.6958 -18.6649 -44.1323 26.8143 -34.7602 -25.5237 -22.7311 -46.1387 32.6131 -36.4713 -6.1937 -25.3005 -47.6406 35.0435 -37.7061 3.5922 -27.0656 -48.6159 29.6005 -38.7455 9.0911 -28.5515 -48.8769 11.0922 -39.6895 13.3951 -30.0222 -48.3092 -6.8798 -41.1009 20.4502 -35.8222 15.9599 -39.3375 25.8208 -48.7454 -27.3935 4.9624 -37.9324 34.7618 -47.8852 -25.7068 -3.6168 -36.7421 33.4196 -46.4457 -23.2569 -21.9178 -35.0738 27.8447 -44.4745 -19.4281 -40.0197 -32.9235 20.9339 -41.9816 -11.5817 -47.7271 -30.3343 13.5292 -39.5497 18.8940 -48.8446 -27.4447 3.9601 -37.5570 34.8559 -46.9746 -23.7761 -20.8160 -34.9528 26.7442 -43.8927 -17.6096 -44.1047 -31.8434 17.7459
-30.6004 -46.0401 -15.6574 -43.1900 24.6812 -34.3121 -28.0063 -22.7335 -46.3772 33.8283 -37.0948 0.9150 -26.8154 -48.6395 26.4071 -39.1740 11.8973 -29.7747 -48.2839 -8.7370 -41.4686 19.6411 -32.5030 -41.9865 -18.5904 -44.1323 26.9108 -34.8180 -24.6069 -22.9107 -46.2680 33.0184 -36.6245 -4.5188 -25.5826 -47.8231 34.8553 -37.8901 4.7621 -27.3504 -48.7334 26.9793 -38.9457 10.0300 -28.8588 -48.8040 6.2583 -39.8765 14.2878 -30.3468 -48.0102 -8.9319 -41.2659 18.9370 -33.3755 -13.9894 -32.0628 12.3405 -39.2336 23.2322 -48.8301 -27.6724 6.0210 -38.1152 34.2700 -48.0541 -25.9738 -2.1886 -36.8885 33.7662 -46.5705 -23.4295 -20.9471 -35.1306 27.9412 -44.4745 -19.3589 -40.3690 -32.8290 20.5713 -41.8172 -10.6519 -47.9746 -30.1006 12.8197 -39.3810 22.7313 -48.7623 -27.1396 2.5558 -37.3323 34.4325 -46.6793 -23.2629 -24.5590 -34.6310 25.6970 -43.5387 -16.6688 -45.1739 -30.9398
-47.0185 -14.4944 -42.8326 23.6576 -33.9833 -31.2199 -22.1651 -46.0593 33.0701 -36.8428 -0.9134 -26.4894 -48.4923 29.2035 -38.9807 11.0763 -29.5046 -48.4659 -7.1467 -41.2495 19.1401 -32.3547 -42.5160 -18.3693 -44.0678 26.8143 -34.8180 -24.2772 -23.0037 -46.3456 33.2807 -36.7323 -3.3526 -25.8016 -47.9697 34.4996 -38.0539 5.7396 -27.6106 -48.8187 23.8903 -39.1360 10.9142 -29.1600 -48.7237 1.9588 -40.0570 15.1547 -30.6655 -47.6199 -10.7827 -41.5817 19.3587 -32.5041 -39.3709 -25.2528 -45.8557 -30.2309 12.1214 -39.3561 19.7006 -48.8817 -27.9327 6.9234 -38.2776 33.6097 -48.1882 -26.1807 -1.1938 -36.9903 33.9868 -46.6480 -23.5196 -20.6026 -35.1306 27.8447 -44.4107 -19.1500 -40.9939 -32.6802 20.0646 -41.5988 -9.3319 -48.2220 -29.8311 12.0152 -39.1918 26.2285 -48.6453 -26.8265 0.9456 -37.0934 33.8171 -46.3708 -22.7221 -28.0754 -34.3054 24.6601 -43.1827 -15.6316 -46.3579
-14.3792 -42.4746 22.6495 -33.6521 -34.0894 -21.5656 -45.7335 32.2011 -36.5722 -3.0831 -26.1331 -48.3155 31.3937 -38.7752 10.1745 -29.2110 -48.6130 -5.0020 -40.9836 18.5092 -32.1547 -43.2295 -18.0048 -43.9462 26.5375 -34.7602 -24.6069 -23.0037 -46.3716 33.4094 -36.7978 -2.6190 -25.9552 -48.0771 34.0671 -38.1929 6.5460 -27.8409 -48.8712 20.5952 -39.3107 11.7370 -29.4494 -48.6353 -1.6420 -40.3076 15.9963 -30.9770 -47.1340 -12.3492 -41.9235 20.1962 -32.5407 -42.1044 -20.1950 -47.1198 -15.9671 -48.0941 -29.9291 12.7039 -39.5128 15.9342 -48.9012 -28.1631 7.6677 -38.4144 32.9048 -48.2850 -26.3249 -0.5547 -37.0505 34.0980 -46.6737 -23.5196 -20.9471 -35.0738 27.5674 -44.2901 -18.8087 -41.8280 -32.4828 19.4319 -41.3352 -7.5821 -48.4373 -29.5367 11.1374 -38.9901 29.1022 -48.4956 -26.4908 -0.9406 -36.8377 33.0529 -46.0526 -22.1530 -31.2826 -33.9765 23.6368 -42.8258 -15.3709
-42.3004 21.6592 -33.3189 -36.6119 -20.9315 -45.4009 31.2557 -36.2889 -5.6293 -25.7465 -48.1108 33.0393 -38.5642 9.2197 -28.9029 -48.7130 -2.1916 -40.6842 17.7776 -31.9112 -44.0560 -17.4869 -43.7671 26.1008 -34.6527 -25.5237 -22.9107 -46.3456 33.4094 -36.8203 -2.2534 -26.0455 -48.1445 33.6683 -38.2993 7.1736 -28.0359 -48.8966 17.3421 -39.4639 12.4721 -29.7188 -48.4994 -4.5148 -40.6245 16.8225 -31.2819 -46.5500 -13.6751 -42.2603 21.1059 -32.8087 -41.4017 -18.8877 -44.8593 35.3086 -43.1057 -10.2249 -48.1895 -30.0723 13.3844 -39.6605 12.3824 -48.8952 -28.3587 8.2525 -38.5189 32.2938 -48.3454 -26.4092 -0.2385 -37.0709 34.0980 -46.6480 -23.4295 -21.9178 -34.9671 27.1273 -44.1119 -18.3348 -42.8009 -32.2401 18.6915 -41.0352 -5.2964 -48.6026 -29.2279 10.2150 -38.7818 31.3751 -48.3134 -26.1255 -3.1372 -36.5656 32.1812 -45.7263 -21.5527 -34.1457 -33.6452 22.6305 -42.6333
20.9847 -32.9697 -38.8034 -20.2580 -45.0626 30.2582 -35.9954 -8.5840 -25.3345 -47.8818 34.1639 -38.3438 8.2036 -28.5913 -48.7971 1.3912 -40.3595 16.9678 -31.6344 -44.9074 -16.8111 -43.5361 25.5053 -34.4933 -26.9640 -22.7311 -46.2680 33.2807 -36.7978 -2.2534 -26.0755 -48.1775 33.4010 -38.3688 7.6114 -28.1874 -48.9023 14.3747 -39.5955 13.1125 -29.9613 -48.3259 -6.7398 -40.9243 17.6224 -31.5773 -45.8646 -14.8193 -42.5863 22.0077 -33.1142 -39.9050 -19.2031 -44.3918 29.9437 -38.1881 24.7665 -41.7782 -9.5700 -48.0136 -30.2906 14.0160 -39.7882 9.3142 -48.8728 -28.5109 8.6686 -38.5877 31.8975 -48.3749 -26.4373 -0.2385 -37.0505 33.9868 -46.5705 -23.2569 -23.4573 -34.8079 26.5238 -43.8819 -17.7194 -43.8130 -31.9629 17.8735 -40.7098 -2.3700 -48.7097 -28.9144 9.2421 -38.5642 33.0654 -48.1044 -25.7349 -5.7048 -36.2804 31.2321 -45.3928 -20.9172 -36.6630 -33.2953 21.9508
-32.1115 -40.6872 -19.5391 -44.7192 29.2279 -35.6929 -11.9414 -24.8973 -47.6313 34.8097 -38.1153 7.0973 -28.2724 -48.8717 5.6666 -40.0908 16.1200 -31.3332 -45.7199 -15.9847 -43.2642 24.7681 -34.2846 -28.8715 -22.4579 -46.1387 33.0184 -36.7323 -2.6190 -26.0455 -48.1775 33.3100 -38.4013 7.8616 -28.2884 -48.8972 11.9955 -39.7028 13.6536 -30.1738 -48.1268 -8.4565 -41.1963 18.3655 -31.8570 -45.0785 -15.8128 -42.9044 22.9030 -33.4174 -38.0839 -19.8294 -44.5499 28.2516 -36.0680 6.2298 -34.7210 20.6540 -41.6485 -10.5172 -47.7630 -30.5015 14.5550 -39.8911 6.9689 -48.8468 -28.6120 8.9058 -38.6207 31.7644 -48.3749 -26.4092 -0.5547 -36.9903 33.7662 -46.4457 -22.9986 -25.5261 -34.6014 25.7787 -43.6113 -16.9650 -44.7923 -31.6610 17.0156 -40.3742 1.2252 -48.7955 -28.5948 8.1942 -38.3394 34.1885 -47.8732 -25.3191 -8.6917 -35.9842 30.2300 -45.0532 -20.2409 -38.8492 -32.4504
-42.8291 -18.7686 -44.3712 28.1787 -35.3820 -15.6189 -24.4364 -47.3625 35.0551 -37.8855 5.9003 -27.9447 -48.8997 10.5205 -39.8978 15.2594 -31.0208 -46.4489 -14.9996 -42.9619 23.9410 -34.0373 -31.0799 -22.0942 -45.9586 32.6131 -36.6245 -3.3526 -25.9552 -48.1445 33.4010 -38.4013 7.9407 -28.3356 -48.8904 10.4066 -39.7787 14.0769 -30.3510 -47.9212 -9.7784 -41.4416 19.0386 -32.1129 -44.2215 -16.6649 -43.2106 23.7887 -33.7114 -36.0354 -20.4602 -44.8374 28.6830 -35.4988 -9.9597 -29.1431 -28.4983 -33.1918 20.2403 -41.8116 -11.5494 -47.4959 -30.6790 14.9761 -39.9649 5.4681 -48.8269 -28.6592 8.9808 -38.6207 31.8975 -48.3454 -26.3249 -1.1938 -36.8885 33.4196 -46.2727 -22.6547 -27.9565 -34.3571 24.9376 -43.3079 -16.0783 -45.6706 -31.3485 16.1525 -40.1001 5.5757 -48.8707 -28.2677 7.0738 -38.1115 34.8247 -47.6227 -24.8816 -12.0720 -35.6811 29.1924 -44.7077 -19.5195 -41.3504
-18.1348 -44.0199 27.1224 -35.0641 -19.4675 -23.9519 -47.0792 34.9659 -37.6551 4.6025 -27.6154 -48.8768 15.6180 -39.7078 14.3796 -30.7030 -47.0631 -13.8491 -42.6370 23.0525 -33.7598 -33.4146 -21.6493 -45.7351 32.0536 -36.4713 -4.5188 -25.8016 -48.0771 33.6683 -38.3688 7.8616 -28.3356 -48.8877 9.6625 -39.8221 14.3578 -30.4807 -47.7357 -10.7654 -41.6521 19.6373 -32.3398 -43.3417 -17.3817 -43.4934 24.6333 -33.9925 -33.7996 -21.0413 -45.1386 29.5322 -35.5388 -15.6555 -25.4638 -48.7965 -22.9267 -39.4836 -32.8232 20.6257 -42.0034 -12.3770 -47.2591 -30.8075 15.2565 -40.0073 4.7819 -48.8189 -28.6592 8.9058 -38.5877 32.2938 -48.2850 -26.1807 -2.1886 -36.7421 32.9194 -46.0543 -22.2324 -30.5395 -34.0814 24.0386 -42.9847 -15.0596 -46.4193 -31.0314 15.2729 -39.8988 10.5734 -48.8991 -27.9380 5.8749 -37.8816 35.0571 -47.3553 -24.4225 -15.7439 -35.3722 28.1400 -44.3590 -18.8042
-43.7709 26.0666 -34.7426 -23.2801 -23.4443 -46.7847 34.6121 -37.4225 3.1743 -27.2865 -48.8087 20.4177 -39.5074 13.4758 -30.3777 -47.5710 -12.5170 -42.3007 22.1289 -33.4612 -35.7084 -21.1269 -45.4747 31.3577 -36.2766 -6.1937 -25.5826 -47.9697 34.0671 -38.2993 7.6114 -28.2884 -48.8904 9.6625 -39.8361 14.4939 -30.5558 -47.5993 -11.4308 -41.8135 20.1334 -32.5321 -42.4849 -17.9758 -43.7425 25.4024 -34.2497 -31.4582 -21.5679 -45.4274 30.4117 -35.7643 -14.1987 -24.4846 -47.5165 10.8841 -45.9163 -19.9600 -40.4697 -32.8878 21.0836 -42.1636 -12.9369 -47.0863 -30.8818 15.3874 -40.0189 4.7819 -48.8269 -28.6120 8.6686 -38.5189 32.9048 -48.1882 -25.9738 -3.6168 -36.5551 32.2777 -45.7992 -21.7376 -33.1149 -33.7857 23.1069 -42.6522 -13.8913 -47.0517 -30.7047 14.3721 -39.7047 15.7197 -48.8758 -27.6086 4.5747 -37.6503 34.9611 -47.0733 -23.9402 -19.5663 -35.0569 27.0890 -44.0982
25.3299 -34.3948 -26.8873 -22.9129 -46.4792 34.0516 -37.1831 1.5775 -26.9576 -48.7006 24.5671 -39.2994 12.5485 -30.0476 -47.9807 -10.9452 -41.9597 21.2053 -33.1513 -37.8291 -20.5399 -45.1832 30.5421 -36.0492 -8.3774 -25.3005 -47.8231 34.4996 -38.1929 7.1736 -28.1874 -48.8972 10.4066 -39.8221 14.4939 -30.5797 -47.5312 -11.7987 -41.9215 20.4965 -32.6820 -41.7089 -18.4560 -43.9587 26.0834 -34.4765 -29.1496 -22.0342 -45.6951 31.2320 -36.0131 -11.4085 -24.5972 -47.2961 34.7693 -40.2870 33.5397 -44.7738 -19.4595 -39.9541 -33.0137 21.4477 -42.2735 -13.2488 -47.0010 -30.9058 15.3874 -40.0073 5.4681 -48.8468 -28.5109 8.2525 -38.4143 33.6097 -48.0541 -25.7068 -5.5075 -36.3353 31.5072 -45.5127 -21.1834 -35.5520 -33.4784 22.1672 -42.3113 -12.5347 -47.5749 -30.3724 13.4583 -39.5029 20.5117 -48.8068 -27.2797 3.1433 -37.4176 34.6025 -46.7786 -23.4337 -23.3561 -34.7105 26.3283
-33.6047 -30.2033 -22.3539 -46.1641 33.3324 -36.9298 -0.2362 -26.6196 -48.5576 27.9526 -39.0860 11.6019 -29.7158 -48.2940 -9.0596 -41.6081 20.2765 -32.8335 -39.7343 -19.8993 -44.8731 29.6379 -35.7931 -11.0577 -24.9645 -47.6406 34.8553 -38.0539 6.5460 -28.0359 -48.9023 11.9955 -39.7787 14.3578 -30.5558 -47.5312 -11.9135 -41.9748 20.7133 -32.7834 -41.0946 -18.8160 -44.1381 26.6717 -34.6753 -26.9489 -22.4363 -45.9354 31.9607 -36.2461 -8.7167 -24.9276 -47.4217 35.0988 -38.3044 15.1613 -37.0590 29.2670 -44.5712 -19.6043 -39.3254 -33.1116 21.6666 -42.3248 -13.3489 -47.0010 -30.8818 15.2565 -39.9649 6.9689 -48.8728 -28.3573 7.6673 -38.2773 34.2701 -47.8851 -25.3880 -7.8663 -36.0864 30.6361 -45.2072 -20.5804 -37.7492 -33.1618 21.2240 -41.9599 -10.9274 -47.9881 -30.0391 12.5266 -39.2939 24.6491 -48.6978 -26.9505 1.5420 -37.1779 34.0382 -46.4728 -22.9017 -26.9537 -33.9377
-34.1332 -21.7666 -45.8407 32.4946 -36.6624 -2.3254 -26.2607 -48.3840 30.5807 -38.8680 10.6315 -29.3826 -48.5198 -6.7698 -41.2494 19.3336 -32.5079 -41.4141 -19.1968 -44.5523 28.6822 -35.5158 -14.1924 -24.5821 -47.4273 35.0435 -37.8901 5.7396 -27.8409 -48.8966 14.3747 -39.7028 14.0769 -30.4807 -47.5993 -11.7987 -41.9748 20.7825 -32.8327 -40.7126 -19.0516 -44.2703 27.1418 -34.8385 -24.9584 -22.7791 -46.1461 32.5867 -36.4529 -6.4409 -25.2648 -47.6201 35.0496 -37.8472 7.3886 -31.9470 -0.8206 -35.7812 28.4705 -44.6249 -19.7911 -38.9011 -33.1595 21.7370 -42.3248 -13.2488 -47.0863 -30.8075 14.9761 -39.8911 9.3425 -48.8951 -28.1610 6.9216 -38.1149 34.7619 -47.6853 -25.0243 -10.7022 -35.8159 29.7011 -44.8895 -19.9230 -39.6962 -32.8369 20.2679 -41.6015 -9.0056 -48.3016 -29.7041 11.5755 -39.0792 28.0239 -48.5536 -26.6117 -0.2786 -36.9241 33.3159 -46.1574 -22.3439 -31.3137
-20.8309 -45.5107 31.5711 -36.3826 -4.7534 -25.8779 -48.1836 32.5151 -38.6458 9.6284 -29.0485 -48.6677 -3.9407 -40.8904 18.3920 -32.1750 -42.8854 -18.4251 -44.2184 27.6870 -35.2256 -17.6574 -24.1583 -47.1866 35.0234 -37.7061 4.7621 -27.6106 -48.8712 17.3421 -39.5955 13.6536 -30.3510 -47.7357 -11.4308 -41.9215 20.7133 -32.8327 -40.5876 -19.1677 -44.3486 27.4621 -34.9579 -23.3461 -23.0514 -46.3236 33.1028 -36.6346 -4.5816 -25.5638 -47.8080 34.8774 -37.8999 5.4383 -28.8170 -46.6908 -27.1105 -13.9849 -35.4087 28.5398 -44.6901 -19.8915 -38.7551 -33.1595 21.6666 -42.2735 -12.9369 -47.2591 -30.6790 14.5550 -39.7880 12.4258 -48.9005 -27.9308 6.0183 -37.9322 35.0243 -47.4576 -24.6210 -13.9609 -35.5316 28.7161 -44.5590 -19.2040 -41.4197 -32.5044 19.3143 -41.2421 -6.6850 -48.5264 -29.3700 10.5980 -38.8590 30.6418 -48.3789 -26.2506 -2.3796 -36.6557 32.4753 -45.8340 -21.3563
-45.2117 30.5893 -36.0921 -7.5746 -25.4718 -47.9594 33.8407 -38.4201 8.5820 -28.7144 -48.7652 -0.4162 -40.5320 17.4609 -31.8384 -44.1525 -17.5720 -43.8739 26.6746 -34.9252 -21.2527 -23.7003 -46.9228 34.7861 -37.5048 3.5922 -27.3504 -48.8187 20.5952 -39.4639 13.1125 -30.1738 -47.9212 -10.7654 -41.8135 20.4965 -32.7834 -40.7126 -19.1677 -44.3736 27.6138 -35.0293 -22.2381 -23.2474 -46.4605 33.4954 -36.7842 -3.0955 -25.8227 -47.9697 34.5188 -38.0482 5.7896 -27.9037 -48.8004 -14.5316 -48.1726 -24.6478 -17.3933 -35.3644 28.6486 -44.7136 -19.8914 -38.9011 -33.1116 21.4472 -42.1636 -12.3768 -47.4960 -30.5016 14.0110 -39.6584 15.9809 -48.8813 -27.6706 4.9518 -37.7320 35.0359 -47.2065 -24.1845 -17.5008 -35.2351 27.6996 -44.2175 -18.4156 -42.9117 -32.1682 18.3729 -40.8831 -3.8359 -48.6713 -29.0378 9.5907 -38.6369 32.5691 -48.1766 -25.8650 -4.8257 -36.3742 31.5489 -45.5261
29.6520 -35.7569 -10.8071 -25.0419 -47.7149 34.6457 -38.1907 7.4765 -28.3824 -48.8462 3.8640 -40.2078 16.5379 -31.5018 -45.2148 -16.6283 -43.5233 25.6471 -34.6108 -24.8257 -23.2124 -46.6412 34.3512 -37.2909 2.2300 -27.0656 -48.7334 23.8903 -39.3107 12.4721 -29.9613 -48.1268 -9.7784 -41.6521 20.1334 -32.6820 -41.0946 -19.0516 -44.3486 27.6138 -35.0521 -21.6726 -23.3652 -46.5523 33.7658 -36.8980 -1.9797 -26.0371 -48.1043 34.0078 -38.1980 6.5460 -27.8885 -48.8015 6.2389 -42.5545 31.1809 -47.1948 -24.0398 -17.7332 -35.3645 28.6432 -44.6884 -19.7881 -39.3371 -33.0093 21.0781 -42.0021 -11.5414 -47.7650 -30.2864 13.3701 -39.5107 19.7648 -48.8302 -27.3870 3.7256 -37.5214 34.8090 -46.9358 -23.7159 -21.1746 -34.9252 26.6640 -43.8686 -17.5536 -44.1762 -31.8315 17.4420 -40.5247 -0.3158 -48.7673 -28.7063 8.5467 -38.4133 33.8796 -47.9509 -25.4566 -7.6762 -36.0425 30.5307
-35.0524 -14.3912 -24.5887 -47.4514 35.0159 -37.9607 6.3011 -28.0524 -48.8953 8.7703 -39.9678 15.6197 -31.1655 -46.0947 -15.5840 -43.1680 24.6155 -34.2867 -28.2810 -22.6860 -46.3446 33.7427 -37.0622 0.6577 -26.7638 -48.6159 26.9793 -39.1360 11.7370 -29.7188 -48.3259 -8.4565 -41.4416 19.6373 -32.5321 -41.7089 -18.8160 -44.2703 27.4621 -35.0293 -21.6726 -23.4025 -46.5967 33.9211 -36.9753 -1.1985 -26.1988 -48.2098 33.4116 -38.3299 7.2608 -28.0571 -48.8811 14.5384 -40.2209 23.2211 -38.9965 35.1010 -46.9604 -23.9287 -17.9081 -35.3365 28.4916 -44.6108 -19.5636 -40.0531 -32.8581 20.5740 -41.7934 -10.4205 -48.0322 -30.0422 12.6494 -39.3429 23.4496 -48.7441 -27.0903 2.3310 -37.3030 34.3700 -46.6481 -23.2144 -24.8563 -34.6043 25.6259 -43.5160 -16.6079 -45.2347 -31.4949 16.5190 -40.2022 3.9586 -48.8478 -28.3757 7.4474 -38.1861 34.6652 -47.7064 -25.0266 -10.9274 -35.3631
-19.3969 -24.1147 -47.1727 35.0273 -37.7307 5.0391 -27.7229 -48.8894 13.9487 -39.7747 14.7026 -30.8295 -46.8144 -14.4146 -42.8106 23.5950 -33.9612 -31.4450 -22.1174 -46.0324 32.9925 -36.8128 -1.1823 -26.4418 -48.4674 29.6005 -38.9457 10.9142 -29.4494 -48.4994 -6.7398 -41.1963 19.0386 -32.3398 -42.4849 -18.4560 -44.1381 27.1418 -34.9579 -22.2381 -23.3652 -46.5967 33.9691 -37.0149 -0.7009 -26.3166 -48.2849 32.7880 -38.4454 7.8621 -28.2369 -48.8894 13.5989 -39.7615 15.8263 -34.2749 9.8829 -37.6827 34.6870 -46.9028 -23.8674 -18.5008 -35.2665 28.1724 -44.4804 -19.2252 -40.9651 -32.6670 19.9668 -41.5475 -8.9947 -48.2712 -29.7745 11.8519 -39.1572 26.7133 -48.6261 -26.7835 0.7288 -37.0675 33.7523 -46.3445 -22.6768 -28.3493 -34.2800 24.5937 -43.1603 -15.5609 -46.1113 -31.1585 15.6008 -39.9639 8.8753 -48.8957 -28.0456 6.2763 -37.9569 35.0208 -47.4443 -24.5782 -15.6455
-22.9951 -46.8826 34.7529 -37.4987 3.6572 -27.3939 -48.8356 18.9110 -39.5745 13.7826 -30.4941 -47.3938 -13.0866 -42.4520 22.5878 -33.6313 -34.2643 -21.5194 -45.7066 32.1263 -36.5462 -3.3268 -26.0916 -48.2908 31.6572 -38.7455 10.0300 -29.1600 -48.6353 -4.5148 -40.9243 18.3655 -32.1129 -43.3417 -17.9758 -43.9587 26.6717 -34.8385 -23.3461 -23.2474 -46.5523 33.9211 -37.0144 -0.7219 -26.3628 -48.3949 32.4760 -38.5587 8.5322 -28.3308 -48.8661 10.0763 -39.7621 14.4462 -31.7079 -33.4119 -29.7570 3.7179 -37.3887 34.5271 -46.8502 -23.7524 -19.6389 -35.1507 27.7022 -44.3026 -18.7861 -41.9682 -32.4407 19.2839 -41.2747 -7.1826 -48.4719 -29.4869 10.9983 -38.9612 29.4222 -48.4761 -26.4544 -1.1268 -36.8136 32.9856 -46.0264 -22.1054 -31.5125 -33.9524 23.5708 -42.8020 -14.3875 -46.8284 -30.8224 14.6834 -39.7705 14.0546 -48.8888 -27.7161 5.0121 -37.7260 35.0243 -47.1673 -23.4353
-46.5632 34.2535 -37.2623 2.1202 -27.0652 -48.7400 23.2940 -39.3681 12.8548 -30.1593 -47.8504 -11.5532 -42.0925 21.5961 -33.2975 -36.7642 -20.8870 -45.3754 31.1761 -36.2654 -5.8617 -25.7099 -48.0881 33.1857 -38.5356 9.0911 -28.8588 -48.7237 -1.6420 -40.6245 17.6224 -31.8570 -44.2215 -17.3817 -43.7425 26.0834 -34.6753 -24.9584 -23.0514 -46.4605 33.7658 -36.9748 -0.7540 -26.4283 -48.3703 32.3494 -38.6934 8.4298 -28.6246 -48.8433 7.1237 -39.7201 14.2182 -30.7365 -46.2512 -21.7917 -48.7229 -27.5412 1.7138 -37.2307 34.3876 -46.7599 -23.5651 -21.3147 -34.9901 27.1117 -44.0880 -18.2433 -42.9998 -32.1854 18.5337 -40.9777 -4.8764 -48.6226 -29.1866 10.0942 -38.7575 31.5721 -48.2969 -26.0957 -3.3220 -36.5439 32.1078 -45.6999 -21.5026 -34.3483 -33.6191 22.5602 -42.4420 -13.0536 -47.4056 -30.4867 13.7629 -39.5700 19.0089 -48.8340 -27.3871 3.6273 -37.4939 34.7433 -46.8488
