-0.1028 -0.2013 -0.1623 -0.0825 -0.0376 -0.0141 0.0103 0.0465 0.1199 -0.0347 -0.1731 -0.1990 -0.2024 -0.1592 -0.0799 -0.0365 -0.0132 0.0113 0.0483 0.1184 -0.0409 -0.1742 -0.1996 -0.2019 -0.1570 -0.0779 -0.0357 -0.0126 0.0121 0.0499 0.1168 -0.0464 -0.1752 -0.2001 -0.2013 -0.1544 -0.0757 -0.0347 -0.0118 0.0130 0.0518 0.1148 -0.0521 -0.1762 -0.2006 -0.2006 -0.1522 -0.0737 -0.0328 -0.0073 0.0110 -0.0073 -0.0328 -0.0737 -0.1522 -0.2006 -0.2006 -0.1762 -0.0521 0.1148 0.0518 0.0130 -0.0118 -0.0347 -0.0757 -0.1544 -0.2013 -0.2001 -0.1752 -0.0464 0.1168 0.0499 0.0121 -0.0126 -0.0357 -0.0779 -0.1570 -0.2019 -0.1996 -0.1742 -0.0409 0.1184 0.0483 0.0113 -0.0132 -0.0365 -0.0799 -0.1592 -0.2024 -0.1990 -0.1731 -0.0347 0.1199 0.0465 0.0103 -0.0141 -0.0376 -0.0825 -0.1623 -0.2013 -0.1028
-0.2013 -0.2441 -0.0890 -0.0234 0.0061 0.0295 0.0666 0.1576 -0.0573 -0.3260 -0.3381 -0.3198 -0.2339 -0.0846 -0.0221 0.0071 0.0305 0.0687 0.1565 -0.0670 -0.3267 -0.3381 -0.3183 -0.2296 -0.0812 -0.0210 0.0078 0.0313 0.0704 0.1553 -0.0750 -0.3273 -0.3381 -0.3169 -0.2250 -0.0776 -0.0199 0.0086 0.0322 0.0724 0.1535 -0.0839 -0.3280 -0.3381 -0.3151 -0.2205 -0.0742 -0.0189 0.0093 0.0353 0.0617 0.0353 0.0093 -0.0189 -0.0742 -0.2205 -0.3151 -0.3381 -0.3280 -0.0839 0.1535 0.0724 0.0322 0.0086 -0.0199 -0.0776 -0.2250 -0.3169 -0.3381 -0.3273 -0.0750 0.1553 0.0704 0.0313 0.0078 -0.0210 -0.0812 -0.2296 -0.3183 -0.3381 -0.3267 -0.0670 0.1565 0.0687 0.0305 0.0071 -0.0221 -0.0846 -0.2339 -0.3198 -0.3381 -0.3260 -0.0573 0.1576 0.0666 0.0295 0.0061 -0.0234 -0.0890 -0.2441 -0.2013
-0.1623 -0.0890 -0.0223 0.0035 0.0271 0.0676 0.1568 -0.0629 -0.3270 -0.3386 -0.3185 -0.2278 -0.0783 -0.0207 0.0045 0.0284 0.0699 0.1553 -0.0732 -0.3278 -0.3386 -0.3169 -0.2231 -0.0749 -0.0198 0.0051 0.0294 0.0716 0.1539 -0.0809 -0.3283 -0.3385 -0.3155 -0.2186 -0.0717 -0.0188 0.0058 0.0305 0.0737 0.1518 -0.0899 -0.3290 -0.3384 -0.3136 -0.2138 -0.0684 -0.0178 0.0063 0.0317 0.0760 0.1273 0.0760 0.0317 0.0063 -0.0178 -0.0684 -0.2138 -0.3136 -0.3384 -0.3290 -0.0899 0.1518 0.0737 0.0305 0.0058 -0.0188 -0.0717 -0.2186 -0.3155 -0.3385 -0.3283 -0.0809 0.1539 0.0716 0.0294 0.0051 -0.0198 -0.0749 -0.2231 -0.3169 -0.3386 -0.3278 -0.0732 0.1553 0.0699 0.0284 0.0045 -0.0207 -0.0783 -0.2278 -0.3185 -0.3386 -0.3270 -0.0629 0.1568 0.0676 0.0271 0.0035 -0.0223 -0.0890 -0.1623
-0.0825 -0.0234 0.0035 0.0273 0.0682 0.1564 -0.0675 -0.3274 -0.3386 -0.3176 -0.2252 -0.0763 -0.0201 0.0053 0.0292 0.0712 0.1543 -0.0792 -0.3282 -0.3385 -0.3158 -0.2201 -0.0728 -0.0191 0.0059 0.0302 0.0730 0.1526 -0.0868 -0.3287 -0.3385 -0.3143 -0.2159 -0.0699 -0.0181 0.0065 0.0313 0.0751 0.1503 -0.0958 -0.3294 -0.3384 -0.3125 -0.2107 -0.0667 -0.0172 0.0072 0.0322 0.0778 0.1444 0.0035 0.1444 0.0778 0.0322 0.0072 -0.0172 -0.0667 -0.2107 -0.3125 -0.3384 -0.3294 -0.0958 0.1503 0.0751 0.0313 0.0065 -0.0181 -0.0699 -0.2159 -0.3143 -0.3385 -0.3287 -0.0868 0.1526 0.0730 0.0302 0.0059 -0.0191 -0.0728 -0.2201 -0.3158 -0.3385 -0.3282 -0.0792 0.1543 0.0712 0.0292 0.0053 -0.0201 -0.0763 -0.2252 -0.3176 -0.3386 -0.3274 -0.0675 0.1564 0.0682 0.0273 0.0035 -0.0234 -0.0825
-0.0376 0.0061 0.0271 0.0682 0.1562 -0.0702 -0.3276 -0.3386 -0.3167 -0.2225 -0.0743 -0.0195 0.0056 0.0298 0.0724 0.1532 -0.0847 -0.3286 -0.3385 -0.3147 -0.2168 -0.0706 -0.0184 0.0063 0.0309 0.0743 0.1512 -0.0925 -0.3291 -0.3384 -0.3131 -0.2126 -0.0679 -0.0176 0.0069 0.0319 0.0765 0.1485 -0.1014 -0.3298 -0.3383 -0.3112 -0.2072 -0.0647 -0.0166 0.0076 0.0331 0.0787 0.1439 -0.1147 -0.3199 -0.1147 0.1439 0.0787 0.0331 0.0076 -0.0166 -0.0647 -0.2072 -0.3112 -0.3383 -0.3298 -0.1014 0.1485 0.0765 0.0319 0.0069 -0.0176 -0.0679 -0.2126 -0.3131 -0.3384 -0.3291 -0.0925 0.1512 0.0743 0.0309 0.0063 -0.0184 -0.0706 -0.2168 -0.3147 -0.3385 -0.3286 -0.0847 0.1532 0.0724 0.0298 0.0056 -0.0195 -0.0743 -0.2225 -0.3167 -0.3386 -0.3276 -0.0702 0.1562 0.0682 0.0271 0.0061 -0.0376
-0.0141 0.0295 0.0676 0.1564 -0.0702 -0.3277 -0.3386 -0.3162 -0.2203 -0.0726 -0.0189 0.0060 0.0305 0.0737 0.1519 -0.0901 -0.3290 -0.3384 -0.3135 -0.2136 -0.0685 -0.0178 0.0067 0.0316 0.0757 0.1495 -0.0981 -0.3296 -0.3383 -0.3120 -0.2092 -0.0658 -0.0169 0.0073 0.0326 0.0779 0.1467 -0.1070 -0.3302 -0.3382 -0.3100 -0.2039 -0.0627 -0.0159 0.0080 0.0338 0.0801 0.1436 -0.1174 -0.3320 -0.3399 -0.3320 -0.1174 0.1436 0.0801 0.0338 0.0080 -0.0159 -0.0627 -0.2039 -0.3100 -0.3382 -0.3302 -0.1070 0.1467 0.0779 0.0326 0.0073 -0.0169 -0.0658 -0.2092 -0.3120 -0.3383 -0.3296 -0.0981 0.1495 0.0757 0.0316 0.0067 -0.0178 -0.0685 -0.2136 -0.3135 -0.3384 -0.3290 -0.0901 0.1519 0.0737 0.0305 0.0060 -0.0189 -0.0726 -0.2203 -0.3162 -0.3386 -0.3277 -0.0702 0.1564 0.0676 0.0295 -0.0141
0.0103 0.0666 0.1568 -0.0675 -0.3276 -0.3386 -0.3160 -0.2192 -0.0714 -0.0185 0.0063 0.0310 0.0748 0.1505 -0.0953 -0.3294 -0.3384 -0.3124 -0.2103 -0.0665 -0.0171 0.0072 0.0323 0.0771 0.1477 -0.1037 -0.3299 -0.3382 -0.3107 -0.2059 -0.0639 -0.0163 0.0077 0.0333 0.0793 0.1446 -0.1123 -0.3306 -0.3380 -0.3087 -0.2005 -0.0609 -0.0153 0.0084 0.0345 0.0816 0.1411 -0.1205 -0.3314 -0.3386 -0.3319 -0.3386 -0.3314 -0.1205 0.1411 0.0816 0.0345 0.0084 -0.0153 -0.0609 -0.2005 -0.3087 -0.3380 -0.3306 -0.1123 0.1446 0.0793 0.0333 0.0077 -0.0163 -0.0639 -0.2059 -0.3107 -0.3382 -0.3299 -0.1037 0.1477 0.0771 0.0323 0.0072 -0.0171 -0.0665 -0.2103 -0.3124 -0.3384 -0.3294 -0.0953 0.1505 0.0748 0.0310 0.0063 -0.0185 -0.0714 -0.2192 -0.3160 -0.3386 -0.3276 -0.0675 0.1568 0.0666 0.0103
0.0465 0.1576 -0.0629 -0.3274 -0.3386 -0.3162 -0.2192 -0.0710 -0.0182 0.0066 0.0315 0.0758 0.1492 -0.1000 -0.3297 -0.3383 -0.3113 -0.2071 -0.0646 -0.0165 0.0076 0.0331 0.0786 0.1457 -0.1093 -0.3303 -0.3381 -0.3095 -0.2025 -0.0620 -0.0156 0.0082 0.0340 0.0807 0.1424 -0.1177 -0.3309 -0.3379 -0.3074 -0.1971 -0.0591 -0.0146 0.0089 0.0352 0.0831 0.1385 -0.1262 -0.3314 -0.3366 -0.3044 -0.2610 -0.3044 -0.3366 -0.3314 -0.1262 0.1385 0.0831 0.0352 0.0089 -0.0146 -0.0591 -0.1971 -0.3074 -0.3379 -0.3309 -0.1177 0.1424 0.0807 0.0340 0.0082 -0.0156 -0.0620 -0.2025 -0.3095 -0.3381 -0.3303 -0.1093 0.1457 0.0786 0.0331 0.0076 -0.0165 -0.0646 -0.2071 -0.3113 -0.3383 -0.3297 -0.1000 0.1492 0.0758 0.0315 0.0066 -0.0182 -0.0710 -0.2192 -0.3162 -0.3386 -0.3274 -0.0629 0.1576 0.0465
0.1199 -0.0573 -0.3270 -0.3386 -0.3167 -0.2203 -0.0714 -0.0182 0.0066 0.0317 0.0764 0.1482 -0.1039 -0.3300 -0.3382 -0.3102 -0.2042 -0.0628 -0.0159 0.0080 0.0338 0.0801 0.1435 -0.1149 -0.3307 -0.3380 -0.3081 -0.1991 -0.0601 -0.0150 0.0086 0.0348 0.0822 0.1401 -0.1231 -0.3313 -0.3378 -0.3060 -0.1936 -0.0573 -0.0140 0.0093 0.0360 0.0847 0.1357 -0.1316 -0.3318 -0.3375 -0.3002 -0.1828 -0.1004 -0.1828 -0.3002 -0.3375 -0.3318 -0.1316 0.1357 0.0847 0.0360 0.0093 -0.0140 -0.0573 -0.1936 -0.3060 -0.3378 -0.3313 -0.1231 0.1401 0.0822 0.0348 0.0086 -0.0150 -0.0601 -0.1991 -0.3081 -0.3380 -0.3307 -0.1149 0.1435 0.0801 0.0338 0.0080 -0.0159 -0.0628 -0.2042 -0.3102 -0.3382 -0.3300 -0.1039 0.1482 0.0764 0.0317 0.0066 -0.0182 -0.0714 -0.2203 -0.3167 -0.3386 -0.3270 -0.0573 0.1199
-0.0347 -0.3260 -0.3386 -0.3176 -0.2225 -0.0726 -0.0185 0.0066 0.0317 0.0766 0.1476 -0.1062 -0.3302 -0.3381 -0.3092 -0.2015 -0.0612 -0.0153 0.0084 0.0345 0.0816 0.1410 -0.1205 -0.3311 -0.3378 -0.3068 -0.1956 -0.0583 -0.0144 0.0090 0.0355 0.0838 0.1374 -0.1283 -0.3316 -0.3376 -0.3047 -0.1901 -0.0556 -0.0134 0.0097 0.0368 0.0864 0.1325 -0.1371 -0.3322 -0.3373 -0.3027 -0.1782 -0.0488 -0.0192 -0.0488 -0.1782 -0.3027 -0.3373 -0.3322 -0.1371 0.1325 0.0864 0.0368 0.0097 -0.0134 -0.0556 -0.1901 -0.3047 -0.3376 -0.3316 -0.1283 0.1374 0.0838 0.0355 0.0090 -0.0144 -0.0583 -0.1956 -0.3068 -0.3378 -0.3311 -0.1205 0.1410 0.0816 0.0345 0.0084 -0.0153 -0.0612 -0.2015 -0.3092 -0.3381 -0.3302 -0.1062 0.1476 0.0766 0.0317 0.0066 -0.0185 -0.0726 -0.2225 -0.3176 -0.3386 -0.3260 -0.0347
-0.1731 -0.3381 -0.3185 -0.2252 -0.0743 -0.0189 0.0063 0.0315 0.0764 0.1476 -0.1069 -0.3303 -0.3381 -0.3085 -0.1992 -0.0598 -0.0148 0.0088 0.0352 0.0831 0.1385 -0.1262 -0.3315 -0.3377 -0.3054 -0.1921 -0.0566 -0.0138 0.0095 0.0363 0.0854 0.1344 -0.1337 -0.3320 -0.3374 -0.3033 -0.1868 -0.0540 -0.0128 0.0102 0.0375 0.0882 0.1291 -0.1428 -0.3325 -0.3371 -0.3012 -0.1819 -0.0501 -0.0086 0.0074 -0.0086 -0.0501 -0.1819 -0.3012 -0.3371 -0.3325 -0.1428 0.1291 0.0882 0.0375 0.0102 -0.0128 -0.0540 -0.1868 -0.3033 -0.3374 -0.3320 -0.1337 0.1344 0.0854 0.0363 0.0095 -0.0138 -0.0566 -0.1921 -0.3054 -0.3377 -0.3315 -0.1262 0.1385 0.0831 0.0352 0.0088 -0.0148 -0.0598 -0.1992 -0.3085 -0.3381 -0.3303 -0.1069 0.1476 0.0764 0.0315 0.0063 -0.0189 -0.0743 -0.2252 -0.3185 -0.3381 -0.1731
-0.1990 -0.3198 -0.2278 -0.0763 -0.0195 0.0060 0.0310 0.0758 0.1482 -0.1062 -0.3303 -0.3381 -0.3081 -0.1977 -0.0588 -0.0144 0.0091 0.0358 0.0844 0.1359 -0.1314 -0.3318 -0.3375 -0.3040 -0.1886 -0.0549 -0.0132 0.0099 0.0371 0.0872 0.1311 -0.1395 -0.3323 -0.3372 -0.3019 -0.1835 -0.0525 -0.0122 0.0106 0.0383 0.0900 0.1255 -0.1487 -0.3328 -0.3369 -0.2996 -0.1782 -0.0504 -0.0114 0.0138 0.0331 0.0138 -0.0114 -0.0504 -0.1782 -0.2996 -0.3369 -0.3328 -0.1487 0.1255 0.0900 0.0383 0.0106 -0.0122 -0.0525 -0.1835 -0.3019 -0.3372 -0.3323 -0.1395 0.1311 0.0872 0.0371 0.0099 -0.0132 -0.0549 -0.1886 -0.3040 -0.3375 -0.3318 -0.1314 0.1359 0.0844 0.0358 0.0091 -0.0144 -0.0588 -0.1977 -0.3081 -0.3381 -0.3303 -0.1062 0.1482 0.0758 0.0310 0.0060 -0.0195 -0.0763 -0.2278 -0.3198 -0.1990
-0.2024 -0.2339 -0.0783 -0.0201 0.0056 0.0305 0.0748 0.1492 -0.1039 -0.3302 -0.3381 -0.3081 -0.1973 -0.0583 -0.0141 0.0094 0.0363 0.0858 0.1334 -0.1361 -0.3321 -0.3373 -0.3026 -0.1852 -0.0533 -0.0125 0.0103 0.0379 0.0889 0.1276 -0.1453 -0.3326 -0.3370 -0.3005 -0.1801 -0.0510 -0.0116 0.0110 0.0391 0.0919 0.1216 -0.1546 -0.3332 -0.3367 -0.2980 -0.1746 -0.0488 -0.0109 0.0117 0.0431 0.0722 0.0431 0.0117 -0.0109 -0.0488 -0.1746 -0.2980 -0.3367 -0.3332 -0.1546 0.1216 0.0919 0.0391 0.0110 -0.0116 -0.0510 -0.1801 -0.3005 -0.3370 -0.3326 -0.1453 0.1276 0.0889 0.0379 0.0103 -0.0125 -0.0533 -0.1852 -0.3026 -0.3373 -0.3321 -0.1361 0.1334 0.0858 0.0363 0.0094 -0.0141 -0.0583 -0.1973 -0.3081 -0.3381 -0.3302 -0.1039 0.1492 0.0748 0.0305 0.0056 -0.0201 -0.0783 -0.2339 -0.2024
-0.1592 -0.0846 -0.0207 0.0053 0.0298 0.0737 0.1505 -0.1000 -0.3300 -0.3381 -0.3085 -0.1977 -0.0583 -0.0140 0.0095 0.0367 0.0868 0.1311 -0.1407 -0.3324 -0.3372 -0.3013 -0.1820 -0.0518 -0.0119 0.0108 0.0386 0.0908 0.1239 -0.1511 -0.3330 -0.3368 -0.2990 -0.1767 -0.0496 -0.0111 0.0114 0.0399 0.0939 0.1174 -0.1606 -0.3335 -0.3364 -0.2964 -0.1713 -0.0474 -0.0102 0.0120 0.0411 0.0928 0.1304 0.0928 0.0411 0.0120 -0.0102 -0.0474 -0.1713 -0.2964 -0.3364 -0.3335 -0.1606 0.1174 0.0939 0.0399 0.0114 -0.0111 -0.0496 -0.1767 -0.2990 -0.3368 -0.3330 -0.1511 0.1239 0.0908 0.0386 0.0108 -0.0119 -0.0518 -0.1820 -0.3013 -0.3372 -0.3324 -0.1407 0.1311 0.0868 0.0367 0.0095 -0.0140 -0.0583 -0.1977 -0.3085 -0.3381 -0.3300 -0.1000 0.1505 0.0737 0.0298 0.0053 -0.0207 -0.0846 -0.1592
-0.0799 -0.0221 0.0045 0.0292 0.0724 0.1519 -0.0953 -0.3297 -0.3382 -0.3092 -0.1992 -0.0588 -0.0141 0.0095 0.0368 0.0872 0.1296 -0.1440 -0.3327 -0.3370 -0.3001 -0.1789 -0.0505 -0.0114 0.0112 0.0394 0.0927 0.1198 -0.1571 -0.3333 -0.3365 -0.2974 -0.1732 -0.0483 -0.0105 0.0119 0.0407 0.0959 0.1129 -0.1667 -0.3338 -0.3361 -0.2948 -0.1676 -0.0461 -0.0096 0.0125 0.0418 0.1002 0.1011 -0.0846 0.1011 0.1002 0.0418 0.0125 -0.0096 -0.0461 -0.1676 -0.2948 -0.3361 -0.3338 -0.1667 0.1129 0.0959 0.0407 0.0119 -0.0105 -0.0482 -0.1733 -0.2974 -0.3365 -0.3333 -0.1571 0.1198 0.0927 0.0394 0.0112 -0.0114 -0.0505 -0.1789 -0.3001 -0.3370 -0.3327 -0.1440 0.1296 0.0872 0.0368 0.0095 -0.0141 -0.0588 -0.1992 -0.3092 -0.3382 -0.3297 -0.0953 0.1519 0.0724 0.0292 0.0045 -0.0221 -0.0799
-0.0365 0.0071 0.0284 0.0712 0.1532 -0.0901 -0.3294 -0.3383 -0.3102 -0.2015 -0.0598 -0.0144 0.0094 0.0367 0.0872 0.1292 -0.1455 -0.3328 -0.3369 -0.2990 -0.1762 -0.0493 -0.0109 0.0116 0.0402 0.0946 0.1156 -0.1632 -0.3336 -0.3363 -0.2957 -0.1696 -0.0469 -0.0100 0.0123 0.0414 0.0981 0.1082 -0.1730 -0.3341 -0.3358 -0.2931 -0.1639 -0.0447 -0.0091 0.0129 0.0427 0.1017 0.0978 -0.1879 -0.3279 -0.1879 0.0978 0.1017 0.0427 0.0129 -0.0091 -0.0447 -0.1639 -0.2931 -0.3358 -0.3341 -0.1730 0.1082 0.0981 0.0414 0.0123 -0.0100 -0.0469 -0.1697 -0.2957 -0.3363 -0.3336 -0.1632 0.1156 0.0946 0.0402 0.0116 -0.0109 -0.0493 -0.1762 -0.2990 -0.3369 -0.3328 -0.1455 0.1292 0.0872 0.0367 0.0094 -0.0144 -0.0598 -0.2015 -0.3102 -0.3383 -0.3294 -0.0901 0.1532 0.0712 0.0284 0.0071 -0.0365
-0.0132 0.0305 0.0699 0.1543 -0.0847 -0.3290 -0.3384 -0.3113 -0.2042 -0.0612 -0.0148 0.0091 0.0363 0.0868 0.1296 -0.1455 -0.3328 -0.3368 -0.2984 -0.1742 -0.0483 -0.0104 0.0119 0.0408 0.0965 0.1114 -0.1691 -0.3339 -0.3360 -0.2941 -0.1660 -0.0455 -0.0094 0.0127 0.0422 0.1002 0.1035 -0.1794 -0.3344 -0.3355 -0.2913 -0.1603 -0.0434 -0.0085 0.0134 0.0435 0.1037 0.0959 -0.1912 -0.3360 -0.3413 -0.3360 -0.1912 0.0959 0.1037 0.0435 0.0134 -0.0085 -0.0434 -0.1603 -0.2913 -0.3355 -0.3344 -0.1794 0.1035 0.1002 0.0422 0.0127 -0.0094 -0.0455 -0.1660 -0.2941 -0.3360 -0.3339 -0.1691 0.1114 0.0965 0.0408 0.0119 -0.0104 -0.0483 -0.1742 -0.2984 -0.3368 -0.3328 -0.1455 0.1296 0.0868 0.0363 0.0091 -0.0148 -0.0612 -0.2042 -0.3113 -0.3384 -0.3290 -0.0847 0.1543 0.0699 0.0305 -0.0132
0.0113 0.0687 0.1553 -0.0792 -0.3286 -0.3384 -0.3124 -0.2071 -0.0628 -0.0153 0.0088 0.0358 0.0858 0.1311 -0.1440 -0.3328 -0.3368 -0.2982 -0.1732 -0.0477 -0.0101 0.0123 0.0415 0.0983 0.1074 -0.1746 -0.3342 -0.3357 -0.2924 -0.1624 -0.0442 -0.0088 0.0131 0.0430 0.1025 0.0986 -0.1856 -0.3347 -0.3351 -0.2895 -0.1567 -0.0422 -0.0079 0.0138 0.0443 0.1062 0.0903 -0.1954 -0.3351 -0.3351 -0.3217 -0.3351 -0.3351 -0.1954 0.0903 0.1062 0.0443 0.0138 -0.0079 -0.0422 -0.1567 -0.2895 -0.3351 -0.3347 -0.1856 0.0986 0.1025 0.0430 0.0131 -0.0088 -0.0442 -0.1624 -0.2924 -0.3357 -0.3342 -0.1746 0.1074 0.0983 0.0415 0.0123 -0.0101 -0.0477 -0.1732 -0.2982 -0.3368 -0.3328 -0.1440 0.1311 0.0858 0.0358 0.0088 -0.0153 -0.0628 -0.2071 -0.3124 -0.3384 -0.3286 -0.0792 0.1553 0.0687 0.0113
0.0483 0.1565 -0.0732 -0.3282 -0.3385 -0.3135 -0.2103 -0.0646 -0.0159 0.0084 0.0352 0.0844 0.1334 -0.1407 -0.3327 -0.3369 -0.2984 -0.1732 -0.0475 -0.0100 0.0124 0.0420 0.0999 0.1035 -0.1799 -0.3345 -0.3354 -0.2908 -0.1590 -0.0429 -0.0083 0.0136 0.0438 0.1048 0.0933 -0.1920 -0.3350 -0.3347 -0.2877 -0.1532 -0.0410 -0.0074 0.0143 0.0451 0.1087 0.0847 -0.2024 -0.3353 -0.3325 -0.2830 -0.2245 -0.2830 -0.3325 -0.3353 -0.2024 0.0847 0.1087 0.0451 0.0143 -0.0074 -0.0410 -0.1532 -0.2877 -0.3347 -0.3350 -0.1920 0.0933 0.1048 0.0438 0.0136 -0.0083 -0.0429 -0.1590 -0.2908 -0.3354 -0.3345 -0.1799 0.1035 0.0999 0.0420 0.0124 -0.0100 -0.0475 -0.1732 -0.2984 -0.3369 -0.3327 -0.1407 0.1334 0.0844 0.0352 0.0084 -0.0159 -0.0646 -0.2103 -0.3135 -0.3385 -0.3282 -0.0732 0.1565 0.0483
0.1184 -0.0670 -0.3278 -0.3385 -0.3147 -0.2136 -0.0665 -0.0165 0.0080 0.0345 0.0831 0.1359 -0.1361 -0.3324 -0.3370 -0.2990 -0.1742 -0.0477 -0.0100 0.0125 0.0422 0.1008 0.1006 -0.1845 -0.3347 -0.3351 -0.2892 -0.1558 -0.0418 -0.0077 0.0140 0.0446 0.1072 0.0881 -0.1986 -0.3352 -0.3344 -0.2858 -0.1496 -0.0398 -0.0068 0.0147 0.0460 0.1114 0.0790 -0.2093 -0.3356 -0.3338 -0.2782 -0.1380 -0.0674 -0.1380 -0.2782 -0.3338 -0.3356 -0.2093 0.0790 0.1114 0.0460 0.0147 -0.0068 -0.0398 -0.1496 -0.2858 -0.3344 -0.3352 -0.1986 0.0881 0.1072 0.0446 0.0140 -0.0077 -0.0418 -0.1558 -0.2892 -0.3351 -0.3347 -0.1845 0.1006 0.1008 0.0422 0.0125 -0.0100 -0.0477 -0.1742 -0.2990 -0.3370 -0.3324 -0.1361 0.1359 0.0831 0.0345 0.0080 -0.0165 -0.0665 -0.2136 -0.3147 -0.3385 -0.3278 -0.0670 0.1184
-0.0409 -0.3267 -0.3386 -0.3158 -0.2168 -0.0685 -0.0171 0.0076 0.0338 0.0816 0.1385 -0.1314 -0.3321 -0.3372 -0.3001 -0.1762 -0.0483 -0.0101 0.0124 0.0422 0.1011 0.0992 -0.1872 -0.3349 -0.3349 -0.2878 -0.1530 -0.0408 -0.0072 0.0144 0.0455 0.1098 0.0825 -0.2051 -0.3355 -0.3340 -0.2839 -0.1461 -0.0387 -0.0063 0.0152 0.0469 0.1144 0.0728 -0.2164 -0.3359 -0.3334 -0.2812 -0.1348 -0.0334 -0.0098 -0.0334 -0.1348 -0.2812 -0.3334 -0.3359 -0.2164 0.0728 0.1144 0.0469 0.0152 -0.0063 -0.0387 -0.1461 -0.2839 -0.3340 -0.3355 -0.2051 0.0825 0.1098 0.0455 0.0144 -0.0072 -0.0408 -0.1530 -0.2878 -0.3349 -0.3349 -0.1872 0.0992 0.1011 0.0422 0.0124 -0.0101 -0.0483 -0.1762 -0.3001 -0.3372 -0.3321 -0.1314 0.1385 0.0816 0.0338 0.0076 -0.0171 -0.0685 -0.2168 -0.3158 -0.3386 -0.3267 -0.0409
-0.1742 -0.3381 -0.3169 -0.2201 -0.0706 -0.0178 0.0072 0.0331 0.0801 0.1410 -0.1262 -0.3318 -0.3373 -0.3013 -0.1789 -0.0493 -0.0104 0.0123 0.0420 0.1008 0.0992 -0.1881 -0.3349 -0.3347 -0.2868 -0.1506 -0.0399 -0.0068 0.0148 0.0462 0.1124 0.0767 -0.2121 -0.3357 -0.3336 -0.2820 -0.1427 -0.0376 -0.0057 0.0157 0.0477 0.1175 0.0664 -0.2241 -0.3361 -0.3329 -0.2791 -0.1379 -0.0357 -0.0019 0.0125 -0.0019 -0.0357 -0.1379 -0.2791 -0.3329 -0.3361 -0.2241 0.0664 0.1175 0.0477 0.0157 -0.0057 -0.0376 -0.1427 -0.2820 -0.3336 -0.3357 -0.2121 0.0767 0.1124 0.0462 0.0148 -0.0068 -0.0399 -0.1506 -0.2868 -0.3347 -0.3349 -0.1881 0.0992 0.1008 0.0420 0.0123 -0.0104 -0.0493 -0.1789 -0.3013 -0.3373 -0.3318 -0.1262 0.1410 0.0801 0.0331 0.0072 -0.0178 -0.0706 -0.2201 -0.3169 -0.3381 -0.1742
-0.1996 -0.3183 -0.2231 -0.0728 -0.0184 0.0067 0.0323 0.0786 0.1435 -0.1205 -0.3315 -0.3375 -0.3026 -0.1820 -0.0505 -0.0109 0.0119 0.0415 0.0999 0.1006 -0.1872 -0.3349 -0.3347 -0.2862 -0.1491 -0.0393 -0.0064 0.0152 0.0469 0.1149 0.0712 -0.2189 -0.3359 -0.3332 -0.2801 -0.1394 -0.0366 -0.0052 0.0161 0.0486 0.1208 0.0599 -0.2320 -0.3363 -0.3324 -0.2770 -0.1343 -0.0353 -0.0044 0.0195 0.0421 0.0195 -0.0044 -0.0353 -0.1343 -0.2770 -0.3324 -0.3363 -0.2320 0.0599 0.1208 0.0486 0.0161 -0.0052 -0.0366 -0.1394 -0.2801 -0.3332 -0.3359 -0.2189 0.0712 0.1149 0.0469 0.0152 -0.0064 -0.0393 -0.1491 -0.2862 -0.3347 -0.3349 -0.1872 0.1006 0.0999 0.0415 0.0119 -0.0109 -0.0505 -0.1820 -0.3026 -0.3375 -0.3315 -0.1205 0.1435 0.0786 0.0323 0.0067 -0.0184 -0.0728 -0.2231 -0.3183 -0.1996
-0.2019 -0.2296 -0.0749 -0.0191 0.0063 0.0316 0.0771 0.1457 -0.1149 -0.3311 -0.3377 -0.3040 -0.1852 -0.0518 -0.0114 0.0116 0.0408 0.0983 0.1035 -0.1845 -0.3349 -0.3347 -0.2862 -0.1486 -0.0390 -0.0061 0.0155 0.0476 0.1174 0.0659 -0.2254 -0.3362 -0.3328 -0.2783 -0.1362 -0.0357 -0.0047 0.0166 0.0495 0.1243 0.0532 -0.2403 -0.3366 -0.3319 -0.2750 -0.1309 -0.0342 -0.0040 0.0174 0.0533 0.0861 0.0533 0.0174 -0.0040 -0.0342 -0.1309 -0.2750 -0.3319 -0.3366 -0.2403 0.0532 0.1243 0.0495 0.0166 -0.0047 -0.0357 -0.1362 -0.2783 -0.3328 -0.3362 -0.2254 0.0659 0.1174 0.0476 0.0155 -0.0061 -0.0390 -0.1486 -0.2862 -0.3347 -0.3349 -0.1845 0.1035 0.0983 0.0408 0.0116 -0.0114 -0.0518 -0.1852 -0.3040 -0.3377 -0.3311 -0.1149 0.1457 0.0771 0.0316 0.0063 -0.0191 -0.0749 -0.2296 -0.2019
-0.1570 -0.0812 -0.0198 0.0059 0.0309 0.0757 0.1477 -0.1093 -0.3307 -0.3378 -0.3054 -0.1886 -0.0533 -0.0119 0.0112 0.0402 0.0965 0.1074 -0.1799 -0.3347 -0.3349 -0.2868 -0.1491 -0.0390 -0.0061 0.0156 0.0479 0.1193 0.0614 -0.2317 -0.3364 -0.3323 -0.2765 -0.1332 -0.0348 -0.0042 0.0171 0.0504 0.1281 0.0465 -0.2488 -0.3368 -0.3314 -0.2728 -0.1276 -0.0333 -0.0034 0.0178 0.0519 0.1189 0.1160 0.1189 0.0519 0.0178 -0.0034 -0.0333 -0.1276 -0.2728 -0.3314 -0.3368 -0.2488 0.0465 0.1281 0.0504 0.0171 -0.0042 -0.0348 -0.1332 -0.2765 -0.3323 -0.3364 -0.2317 0.0614 0.1193 0.0479 0.0156 -0.0061 -0.0390 -0.1491 -0.2868 -0.3349 -0.3347 -0.1799 0.1074 0.0965 0.0402 0.0112 -0.0119 -0.0533 -0.1886 -0.3054 -0.3378 -0.3307 -0.1093 0.1477 0.0757 0.0309 0.0059 -0.0198 -0.0812 -0.1570
-0.0779 -0.0210 0.0051 0.0302 0.0743 0.1495 -0.1037 -0.3303 -0.3380 -0.3068 -0.1921 -0.0549 -0.0125 0.0108 0.0394 0.0946 0.1114 -0.1746 -0.3345 -0.3351 -0.2878 -0.1506 -0.0393 -0.0061 0.0156 0.0480 0.1201 0.0586 -0.2364 -0.3365 -0.3320 -0.2748 -0.1304 -0.0340 -0.0038 0.0175 0.0512 0.1317 0.0399 -0.2578 -0.3370 -0.3308 -0.2705 -0.1242 -0.0325 -0.0029 0.0184 0.0527 0.1413 0.0232 -0.1890 0.0232 0.1413 0.0527 0.0184 -0.0029 -0.0325 -0.1242 -0.2705 -0.3308 -0.3370 -0.2578 0.0399 0.1317 0.0512 0.0175 -0.0038 -0.0340 -0.1304 -0.2748 -0.3320 -0.3365 -0.2364 0.0586 0.1201 0.0480 0.0156 -0.0061 -0.0393 -0.1506 -0.2878 -0.3351 -0.3345 -0.1746 0.1114 0.0946 0.0394 0.0108 -0.0125 -0.0549 -0.1921 -0.3068 -0.3380 -0.3303 -0.1037 0.1495 0.0743 0.0302 0.0051 -0.0210 -0.0779
-0.0357 0.0078 0.0294 0.0730 0.1512 -0.0981 -0.3299 -0.3381 -0.3081 -0.1956 -0.0566 -0.0132 0.0103 0.0386 0.0927 0.1156 -0.1691 -0.3342 -0.3354 -0.2892 -0.1530 -0.0399 -0.0064 0.0155 0.0479 0.1201 0.0578 -0.2385 -0.3366 -0.3317 -0.2733 -0.1278 -0.0333 -0.0033 0.0179 0.0520 0.1352 0.0339 -0.2663 -0.3371 -0.3303 -0.2682 -0.1209 -0.0316 -0.0024 0.0189 0.0537 0.1442 0.0191 -0.2900 -0.3332 -0.2900 0.0191 0.1442 0.0537 0.0189 -0.0024 -0.0316 -0.1209 -0.2682 -0.3303 -0.3371 -0.2663 0.0339 0.1352 0.0520 0.0179 -0.0033 -0.0333 -0.1278 -0.2733 -0.3317 -0.3366 -0.2385 0.0578 0.1201 0.0479 0.0155 -0.0064 -0.0399 -0.1530 -0.2892 -0.3354 -0.3342 -0.1691 0.1156 0.0927 0.0386 0.0103 -0.0132 -0.0566 -0.1956 -0.3081 -0.3381 -0.3299 -0.0981 0.1512 0.0730 0.0294 0.0078 -0.0357
-0.0126 0.0313 0.0716 0.1526 -0.0925 -0.3296 -0.3382 -0.3095 -0.1991 -0.0583 -0.0138 0.0099 0.0379 0.0908 0.1198 -0.1632 -0.3339 -0.3357 -0.2908 -0.1558 -0.0408 -0.0068 0.0152 0.0476 0.1193 0.0586 -0.2385 -0.3366 -0.3315 -0.2724 -0.1259 -0.0326 -0.0029 0.0184 0.0528 0.1390 0.0282 -0.2743 -0.3373 -0.3297 -0.2659 -0.1178 -0.0307 -0.0019 0.0194 0.0546 0.1480 0.0162 -0.2950 -0.3386 -0.3406 -0.3386 -0.2950 0.0162 0.1480 0.0546 0.0194 -0.0019 -0.0307 -0.1178 -0.2659 -0.3297 -0.3373 -0.2743 0.0282 0.1390 0.0528 0.0184 -0.0029 -0.0326 -0.1259 -0.2724 -0.3315 -0.3366 -0.2385 0.0586 0.1193 0.0476 0.0152 -0.0068 -0.0408 -0.1558 -0.2908 -0.3357 -0.3339 -0.1632 0.1198 0.0908 0.0379 0.0099 -0.0138 -0.0583 -0.1991 -0.3095 -0.3382 -0.3296 -0.0925 0.1526 0.0716 0.0313 -0.0126
0.0121 0.0704 0.1539 -0.0868 -0.3291 -0.3383 -0.3107 -0.2025 -0.0601 -0.0144 0.0095 0.0371 0.0889 0.1239 -0.1571 -0.3336 -0.3360 -0.2924 -0.1590 -0.0418 -0.0072 0.0148 0.0469 0.1174 0.0614 -0.2364 -0.3366 -0.3315 -0.2721 -0.1250 -0.0323 -0.0026 0.0188 0.0535 0.1429 0.0224 -0.2827 -0.3374 -0.3292 -0.2638 -0.1148 -0.0300 -0.0014 0.0200 0.0555 0.1535 0.0092 -0.3022 -0.3374 -0.3282 -0.3063 -0.3282 -0.3374 -0.3022 0.0092 0.1535 0.0555 0.0200 -0.0014 -0.0300 -0.1148 -0.2638 -0.3292 -0.3374 -0.2827 0.0224 0.1429 0.0535 0.0188 -0.0026 -0.0323 -0.1250 -0.2721 -0.3315 -0.3366 -0.2364 0.0614 0.1174 0.0469 0.0148 -0.0072 -0.0418 -0.1590 -0.2924 -0.3360 -0.3336 -0.1571 0.1239 0.0889 0.0371 0.0095 -0.0144 -0.0601 -0.2025 -0.3107 -0.3383 -0.3291 -0.0868 0.1539 0.0704 0.0121
0.0499 0.1553 -0.0809 -0.3287 -0.3384 -0.3120 -0.2059 -0.0620 -0.0150 0.0090 0.0363 0.0872 0.1276 -0.1511 -0.3333 -0.3363 -0.2941 -0.1624 -0.0429 -0.0077 0.0144 0.0462 0.1149 0.0659 -0.2317 -0.3365 -0.3317 -0.2724 -0.1250 -0.0322 -0.0025 0.0190 0.0541 0.1465 0.0170 -0.2914 -0.3376 -0.3287 -0.2618 -0.1121 -0.0293 -0.0009 0.0205 0.0565 0.1573 0.0026 -0.3136 -0.3378 -0.3251 -0.2542 -0.1806 -0.2542 -0.3251 -0.3378 -0.3136 0.0026 0.1573 0.0565 0.0205 -0.0009 -0.0293 -0.1121 -0.2618 -0.3287 -0.3376 -0.2914 0.0170 0.1465 0.0541 0.0190 -0.0025 -0.0322 -0.1250 -0.2724 -0.3317 -0.3365 -0.2317 0.0659 0.1149 0.0462 0.0144 -0.0077 -0.0429 -0.1624 -0.2941 -0.3363 -0.3333 -0.1511 0.1276 0.0872 0.0363 0.0090 -0.0150 -0.0620 -0.2059 -0.3120 -0.3384 -0.3287 -0.0809 0.1553 0.0499
0.1168 -0.0750 -0.3283 -0.3385 -0.3131 -0.2092 -0.0639 -0.0156 0.0086 0.0355 0.0854 0.1311 -0.1453 -0.3330 -0.3365 -0.2957 -0.1660 -0.0442 -0.0083 0.0140 0.0455 0.1124 0.0712 -0.2254 -0.3364 -0.3320 -0.2733 -0.1259 -0.0323 -0.0025 0.0191 0.0543 0.1487 0.0130 -0.2990 -0.3377 -0.3281 -0.2597 -0.1095 -0.0287 -0.0005 0.0211 0.0574 0.1583 -0.0039 -0.3212 -0.3380 -0.3267 -0.2490 -0.0977 -0.0446 -0.0977 -0.2490 -0.3267 -0.3380 -0.3212 -0.0039 0.1583 0.0574 0.0211 -0.0005 -0.0287 -0.1095 -0.2597 -0.3281 -0.3377 -0.2990 0.0130 0.1487 0.0543 0.0191 -0.0025 -0.0323 -0.1259 -0.2733 -0.3320 -0.3364 -0.2254 0.0712 0.1124 0.0455 0.0140 -0.0083 -0.0442 -0.1660 -0.2957 -0.3365 -0.3330 -0.1453 0.1311 0.0854 0.0355 0.0086 -0.0156 -0.0639 -0.2092 -0.3131 -0.3385 -0.3283 -0.0750 0.1168
-0.0464 -0.3273 -0.3385 -0.3143 -0.2126 -0.0658 -0.0163 0.0082 0.0348 0.0838 0.1344 -0.1395 -0.3326 -0.3368 -0.2974 -0.1696 -0.0455 -0.0088 0.0136 0.0446 0.1099 0.0766 -0.2189 -0.3362 -0.3323 -0.2748 -0.1278 -0.0326 -0.0026 0.0190 0.0543 0.1493 0.0112 -0.3036 -0.3378 -0.3277 -0.2578 -0.1070 -0.0281 -0.0001 0.0216 0.0583 0.1585 -0.0100 -0.3231 -0.3381 -0.3260 -0.2525 -0.0964 -0.0229 -0.0025 -0.0229 -0.0964 -0.2525 -0.3260 -0.3381 -0.3231 -0.0100 0.1585 0.0583 0.0216 -0.0001 -0.0281 -0.1070 -0.2578 -0.3277 -0.3378 -0.3036 0.0112 0.1493 0.0543 0.0190 -0.0026 -0.0326 -0.1278 -0.2748 -0.3323 -0.3362 -0.2189 0.0767 0.1098 0.0446 0.0136 -0.0088 -0.0455 -0.1697 -0.2974 -0.3368 -0.3326 -0.1395 0.1344 0.0838 0.0348 0.0082 -0.0163 -0.0658 -0.2126 -0.3143 -0.3385 -0.3273 -0.0464
-0.1752 -0.3381 -0.3155 -0.2159 -0.0679 -0.0169 0.0077 0.0340 0.0822 0.1374 -0.1337 -0.3323 -0.3370 -0.2990 -0.1732 -0.0469 -0.0094 0.0131 0.0438 0.1073 0.0824 -0.2124 -0.3360 -0.3328 -0.2765 -0.1304 -0.0333 -0.0029 0.0188 0.0541 0.1487 0.0112 -0.3050 -0.3378 -0.3274 -0.2565 -0.1050 -0.0275 0.0003 0.0221 0.0592 0.1587 -0.0156 -0.3235 -0.3382 -0.3253 -0.2498 -0.0985 -0.0260 0.0041 0.0188 0.0041 -0.0260 -0.0985 -0.2498 -0.3253 -0.3382 -0.3235 -0.0156 0.1587 0.0592 0.0221 0.0003 -0.0275 -0.1050 -0.2565 -0.3274 -0.3378 -0.3050 0.0112 0.1487 0.0541 0.0188 -0.0029 -0.0333 -0.1304 -0.2765 -0.3328 -0.3359 -0.2121 0.0825 0.1072 0.0438 0.0131 -0.0094 -0.0469 -0.1733 -0.2990 -0.3370 -0.3323 -0.1337 0.1374 0.0822 0.0340 0.0077 -0.0169 -0.0679 -0.2159 -0.3155 -0.3381 -0.1752
-0.2001 -0.3169 -0.2186 -0.0699 -0.0176 0.0073 0.0333 0.0807 0.1401 -0.1283 -0.3320 -0.3372 -0.3005 -0.1767 -0.0483 -0.0100 0.0127 0.0430 0.1048 0.0881 -0.2054 -0.3357 -0.3332 -0.2783 -0.1332 -0.0340 -0.0033 0.0184 0.0535 0.1465 0.0130 -0.3036 -0.3378 -0.3273 -0.2557 -0.1037 -0.0271 0.0006 0.0226 0.0600 0.1588 -0.0211 -0.3239 -0.3383 -0.3246 -0.2473 -0.0957 -0.0254 0.0018 0.0270 0.0519 0.0270 0.0018 -0.0254 -0.0957 -0.2473 -0.3246 -0.3383 -0.3239 -0.0211 0.1588 0.0600 0.0226 0.0006 -0.0271 -0.1037 -0.2557 -0.3273 -0.3378 -0.3036 0.0130 0.1465 0.0535 0.0184 -0.0033 -0.0340 -0.1332 -0.2783 -0.3332 -0.3357 -0.2051 0.0881 0.1048 0.0430 0.0127 -0.0100 -0.0483 -0.1767 -0.3005 -0.3372 -0.3320 -0.1283 0.1401 0.0807 0.0333 0.0073 -0.0176 -0.0699 -0.2186 -0.3169 -0.2001
-0.2013 -0.2250 -0.0717 -0.0181 0.0069 0.0326 0.0793 0.1424 -0.1231 -0.3316 -0.3374 -0.3019 -0.1801 -0.0496 -0.0105 0.0123 0.0422 0.1025 0.0933 -0.1986 -0.3355 -0.3336 -0.2801 -0.1362 -0.0348 -0.0038 0.0179 0.0528 0.1429 0.0170 -0.2990 -0.3378 -0.3274 -0.2557 -0.1034 -0.0269 0.0008 0.0230 0.0608 0.1588 -0.0265 -0.3243 -0.3383 -0.3239 -0.2450 -0.0932 -0.0247 0.0021 0.0247 0.0648 0.1042 0.0648 0.0247 0.0021 -0.0247 -0.0932 -0.2450 -0.3239 -0.3383 -0.3243 -0.0265 0.1588 0.0608 0.0230 0.0008 -0.0269 -0.1034 -0.2557 -0.3274 -0.3378 -0.2990 0.0170 0.1429 0.0528 0.0179 -0.0038 -0.0348 -0.1362 -0.2801 -0.3336 -0.3355 -0.1986 0.0933 0.1025 0.0422 0.0123 -0.0105 -0.0496 -0.1801 -0.3019 -0.3374 -0.3316 -0.1231 0.1424 0.0793 0.0326 0.0069 -0.0181 -0.0717 -0.2250 -0.2013
-0.1544 -0.0776 -0.0188 0.0065 0.0319 0.0779 0.1446 -0.1177 -0.3313 -0.3376 -0.3033 -0.1835 -0.0510 -0.0111 0.0119 0.0414 0.1002 0.0986 -0.1920 -0.3352 -0.3340 -0.2820 -0.1394 -0.0357 -0.0042 0.0175 0.0520 0.1390 0.0224 -0.2914 -0.3377 -0.3277 -0.2565 -0.1037 -0.0269 0.0009 0.0232 0.0612 0.1588 -0.0310 -0.3247 -0.3384 -0.3232 -0.2427 -0.0909 -0.0241 0.0025 0.0252 0.0646 0.1373 0.0696 0.1373 0.0646 0.0252 0.0025 -0.0241 -0.0909 -0.2427 -0.3232 -0.3384 -0.3247 -0.0310 0.1588 0.0612 0.0232 0.0009 -0.0269 -0.1037 -0.2565 -0.3277 -0.3377 -0.2914 0.0224 0.1390 0.0520 0.0175 -0.0042 -0.0357 -0.1394 -0.2820 -0.3340 -0.3352 -0.1920 0.0986 0.1002 0.0414 0.0119 -0.0111 -0.0510 -0.1835 -0.3033 -0.3376 -0.3313 -0.1177 0.1446 0.0779 0.0319 0.0065 -0.0188 -0.0776 -0.1544
-0.0757 -0.0199 0.0058 0.0313 0.0765 0.1467 -0.1123 -0.3309 -0.3378 -0.3047 -0.1868 -0.0525 -0.0116 0.0114 0.0407 0.0981 0.1035 -0.1856 -0.3350 -0.3344 -0.2839 -0.1427 -0.0366 -0.0047 0.0171 0.0512 0.1352 0.0282 -0.2827 -0.3376 -0.3281 -0.2578 -0.1050 -0.0271 0.0008 0.0232 0.0614 0.1588 -0.0337 -0.3249 -0.3385 -0.3225 -0.2404 -0.0887 -0.0235 0.0029 0.0258 0.0653 0.1571 -0.0560 -0.2634 -0.0560 0.1571 0.0653 0.0258 0.0029 -0.0235 -0.0887 -0.2404 -0.3225 -0.3385 -0.3249 -0.0337 0.1588 0.0614 0.0232 0.0008 -0.0271 -0.1050 -0.2578 -0.3281 -0.3376 -0.2827 0.0282 0.1352 0.0512 0.0171 -0.0047 -0.0366 -0.1427 -0.2839 -0.3344 -0.3350 -0.1856 0.1035 0.0981 0.0407 0.0114 -0.0116 -0.0525 -0.1868 -0.3047 -0.3378 -0.3309 -0.1123 0.1467 0.0765 0.0313 0.0058 -0.0199 -0.0757
-0.0347 0.0086 0.0305 0.0751 0.1485 -0.1070 -0.3306 -0.3379 -0.3060 -0.1901 -0.0540 -0.0122 0.0110 0.0399 0.0959 0.1082 -0.1794 -0.3347 -0.3347 -0.2858 -0.1461 -0.0376 -0.0052 0.0166 0.0504 0.1317 0.0339 -0.2743 -0.3374 -0.3287 -0.2597 -0.1070 -0.0275 0.0006 0.0230 0.0612 0.1588 -0.0345 -0.3251 -0.3385 -0.3221 -0.2385 -0.0867 -0.0229 0.0033 0.0263 0.0662 0.1576 -0.0589 -0.3277 -0.3374 -0.3277 -0.0588 0.1576 0.0662 0.0263 0.0033 -0.0229 -0.0867 -0.2385 -0.3221 -0.3385 -0.3251 -0.0345 0.1588 0.0612 0.0230 0.0006 -0.0275 -0.1070 -0.2597 -0.3287 -0.3374 -0.2743 0.0339 0.1317 0.0504 0.0166 -0.0052 -0.0376 -0.1461 -0.2858 -0.3347 -0.3347 -0.1794 0.1082 0.0959 0.0399 0.0110 -0.0122 -0.0540 -0.1901 -0.3060 -0.3379 -0.3306 -0.1070 0.1485 0.0751 0.0305 0.0086 -0.0347
-0.0118 0.0322 0.0737 0.1503 -0.1014 -0.3302 -0.3380 -0.3074 -0.1936 -0.0556 -0.0128 0.0106 0.0391 0.0939 0.1129 -0.1730 -0.3344 -0.3351 -0.2877 -0.1496 -0.0387 -0.0057 0.0161 0.0495 0.1281 0.0399 -0.2663 -0.3373 -0.3292 -0.2618 -0.1095 -0.0281 0.0003 0.0226 0.0608 0.1588 -0.0337 -0.3251 -0.3385 -0.3218 -0.2372 -0.0853 -0.0224 0.0037 0.0269 0.0672 0.1571 -0.0611 -0.3273 -0.3396 -0.3373 -0.3395 -0.3272 -0.0609 0.1571 0.0672 0.0269 0.0037 -0.0224 -0.0853 -0.2372 -0.3218 -0.3385 -0.3251 -0.0337 0.1588 0.0608 0.0226 0.0003 -0.0281 -0.1095 -0.2618 -0.3292 -0.3373 -0.2663 0.0399 0.1281 0.0495 0.0161 -0.0057 -0.0387 -0.1496 -0.2877 -0.3351 -0.3344 -0.1730 0.1129 0.0939 0.0391 0.0106 -0.0128 -0.0556 -0.1936 -0.3074 -0.3380 -0.3302 -0.1014 0.1503 0.0737 0.0322 -0.0118
0.0130 0.0724 0.1518 -0.0958 -0.3298 -0.3382 -0.3087 -0.1971 -0.0573 -0.0134 0.0102 0.0383 0.0919 0.1174 -0.1667 -0.3341 -0.3355 -0.2895 -0.1532 -0.0398 -0.0063 0.0157 0.0486 0.1243 0.0465 -0.2578 -0.3371 -0.3297 -0.2638 -0.1121 -0.0287 -0.0001 0.0221 0.0600 0.1588 -0.0310 -0.3249 -0.3385 -0.3218 -0.2369 -0.0846 -0.0221 0.0040 0.0274 0.0682 0.1565 -0.0661 -0.3272 -0.3381 -0.3165 -0.2756 -0.3116 -0.3369 -0.3269 -0.0659 0.1564 0.0682 0.0274 0.0040 -0.0221 -0.0846 -0.2369 -0.3218 -0.3385 -0.3249 -0.0310 0.1588 0.0600 0.0221 -0.0001 -0.0287 -0.1121 -0.2638 -0.3297 -0.3371 -0.2578 0.0465 0.1243 0.0486 0.0157 -0.0063 -0.0398 -0.1532 -0.2895 -0.3355 -0.3341 -0.1667 0.1174 0.0919 0.0383 0.0102 -0.0134 -0.0573 -0.1971 -0.3087 -0.3382 -0.3298 -0.0958 0.1518 0.0724 0.0130
0.0518 0.1535 -0.0899 -0.3294 -0.3383 -0.3100 -0.2005 -0.0591 -0.0140 0.0097 0.0375 0.0900 0.1216 -0.1606 -0.3338 -0.3358 -0.2913 -0.1567 -0.0410 -0.0068 0.0152 0.0477 0.1208 0.0532 -0.2488 -0.3370 -0.3303 -0.2659 -0.1148 -0.0293 -0.0005 0.0216 0.0592 0.1588 -0.0265 -0.3247 -0.3385 -0.3221 -0.2372 -0.0846 -0.0221 0.0041 0.0277 0.0689 0.1559 -0.0708 -0.3276 -0.3388 -0.3107 -0.1950 -0.1505 -0.2326 -0.3063 -0.3347 -0.3272 -0.0703 0.1558 0.0689 0.0277 0.0041 -0.0221 -0.0846 -0.2372 -0.3221 -0.3385 -0.3247 -0.0265 0.1588 0.0592 0.0216 -0.0005 -0.0293 -0.1148 -0.2659 -0.3303 -0.3370 -0.2488 0.0532 0.1208 0.0477 0.0152 -0.0068 -0.0410 -0.1567 -0.2913 -0.3358 -0.3338 -0.1606 0.1216 0.0900 0.0375 0.0097 -0.0140 -0.0591 -0.2005 -0.3100 -0.3383 -0.3294 -0.0899 0.1535 0.0518
0.1149 -0.0839 -0.3290 -0.3384 -0.3112 -0.2039 -0.0609 -0.0146 0.0093 0.0368 0.0882 0.1255 -0.1546 -0.3335 -0.3361 -0.2931 -0.1603 -0.0422 -0.0074 0.0147 0.0469 0.1175 0.0599 -0.2403 -0.3368 -0.3308 -0.2682 -0.1178 -0.0300 -0.0009 0.0211 0.0583 0.1587 -0.0211 -0.3243 -0.3384 -0.3225 -0.2385 -0.0853 -0.0221 0.0041 0.0278 0.0692 0.1555 -0.0741 -0.3279 -0.3389 -0.3134 -0.1803 -0.0998 -0.1311 -0.2274 -0.2940 -0.3225 -0.3316 -0.3274 -0.0735 0.1555 0.0692 0.0278 0.0041 -0.0221 -0.0853 -0.2385 -0.3225 -0.3384 -0.3243 -0.0211 0.1587 0.0583 0.0211 -0.0009 -0.0300 -0.1178 -0.2682 -0.3308 -0.3368 -0.2403 0.0599 0.1175 0.0469 0.0147 -0.0074 -0.0422 -0.1603 -0.2931 -0.3361 -0.3335 -0.1546 0.1255 0.0882 0.0368 0.0093 -0.0146 -0.0609 -0.2039 -0.3112 -0.3384 -0.3290 -0.0839 0.1148
-0.0521 -0.3280 -0.3385 -0.3125 -0.2074 -0.0627 -0.0153 0.0089 0.0360 0.0864 0.1291 -0.1487 -0.3332 -0.3364 -0.2948 -0.1639 -0.0435 -0.0079 0.0143 0.0460 0.1144 0.0664 -0.2320 -0.3366 -0.3314 -0.2705 -0.1210 -0.0307 -0.0014 0.0205 0.0574 0.1585 -0.0156 -0.3239 -0.3383 -0.3232 -0.2404 -0.0867 -0.0224 0.0040 0.0277 0.0692 0.1554 -0.0756 -0.3281 -0.3387 -0.3153 -0.1829 -0.0885 -0.1480 -0.2457 -0.3138 -0.3230 -0.3347 -0.3338 -0.3309 -0.3276 -0.0753 0.1554 0.0692 0.0277 0.0040 -0.0224 -0.0867 -0.2404 -0.3232 -0.3383 -0.3239 -0.0156 0.1585 0.0574 0.0205 -0.0014 -0.0307 -0.1209 -0.2705 -0.3314 -0.3366 -0.2320 0.0664 0.1144 0.0460 0.0143 -0.0079 -0.0434 -0.1639 -0.2948 -0.3364 -0.3332 -0.1487 0.1291 0.0864 0.0360 0.0089 -0.0153 -0.0627 -0.2072 -0.3125 -0.3384 -0.3280 -0.0521
-0.1763 -0.3381 -0.3136 -0.2107 -0.0647 -0.0159 0.0084 0.0352 0.0848 0.1326 -0.1428 -0.3328 -0.3366 -0.2965 -0.1675 -0.0448 -0.0085 0.0138 0.0451 0.1115 0.0728 -0.2241 -0.3363 -0.3319 -0.2727 -0.1243 -0.0316 -0.0019 0.0200 0.0565 0.1583 -0.0101 -0.3235 -0.3383 -0.3239 -0.2427 -0.0887 -0.0229 0.0037 0.0274 0.0689 0.1555 -0.0755 -0.3281 -0.3386 -0.3158 -0.1964 -0.0645 -0.0623 -0.2149 -0.3257 -0.1141 -0.1894 -0.3218 -0.3379 -0.3269 -0.3334 -0.3278 -0.0756 0.1555 0.0689 0.0274 0.0037 -0.0229 -0.0887 -0.2427 -0.3239 -0.3383 -0.3235 -0.0100 0.1583 0.0565 0.0200 -0.0019 -0.0316 -0.1242 -0.2728 -0.3319 -0.3363 -0.2241 0.0728 0.1114 0.0451 0.0138 -0.0085 -0.0447 -0.1676 -0.2964 -0.3367 -0.3328 -0.1428 0.1325 0.0847 0.0352 0.0084 -0.0159 -0.0647 -0.2107 -0.3136 -0.3381 -0.1762
-0.2006 -0.3152 -0.2135 -0.0667 -0.0165 0.0080 0.0345 0.0832 0.1356 -0.1373 -0.3325 -0.3369 -0.2980 -0.1710 -0.0461 -0.0091 0.0134 0.0443 0.1089 0.0787 -0.2167 -0.3361 -0.3324 -0.2748 -0.1275 -0.0324 -0.0024 0.0194 0.0556 0.1575 -0.0042 -0.3231 -0.3382 -0.3246 -0.2450 -0.0909 -0.0235 0.0033 0.0269 0.0682 0.1559 -0.0741 -0.3281 -0.3385 -0.3153 -0.2121 -0.0610 -0.0159 -0.0577 -0.2583 -0.1444 0.1334 0.1539 -0.1717 -0.3227 -0.3156 -0.3087 -0.3368 -0.3279 -0.0741 0.1559 0.0682 0.0269 0.0033 -0.0235 -0.0909 -0.2450 -0.3246 -0.3382 -0.3231 -0.0039 0.1573 0.0555 0.0194 -0.0024 -0.0325 -0.1276 -0.2750 -0.3324 -0.3361 -0.2164 0.0790 0.1087 0.0443 0.0134 -0.0091 -0.0461 -0.1713 -0.2980 -0.3369 -0.3325 -0.1371 0.1357 0.0831 0.0345 0.0080 -0.0166 -0.0667 -0.2138 -0.3151 -0.2006
-0.2007 -0.2202 -0.0683 -0.0171 0.0076 0.0338 0.0817 0.1382 -0.1321 -0.3322 -0.3371 -0.2995 -0.1743 -0.0473 -0.0096 0.0130 0.0435 0.1064 0.0842 -0.2099 -0.3359 -0.3329 -0.2768 -0.1306 -0.0333 -0.0029 0.0189 0.0547 0.1540 0.0020 -0.3217 -0.3381 -0.3252 -0.2473 -0.0932 -0.0241 0.0029 0.0263 0.0672 0.1565 -0.0707 -0.3279 -0.3385 -0.3150 -0.2163 -0.0663 -0.0139 0.0042 -0.0217 -0.1264 -0.1913 -0.0585 0.0739 0.0224 -0.3023 -0.2913 -0.2454 -0.3037 -0.3384 -0.3279 -0.0707 0.1565 0.0672 0.0263 0.0029 -0.0241 -0.0932 -0.2473 -0.3253 -0.3381 -0.3212 0.0026 0.1535 0.0546 0.0189 -0.0029 -0.0333 -0.1309 -0.2770 -0.3329 -0.3359 -0.2093 0.0847 0.1062 0.0435 0.0129 -0.0096 -0.0474 -0.1746 -0.2996 -0.3371 -0.3322 -0.1316 0.1385 0.0816 0.0338 0.0076 -0.0172 -0.0684 -0.2205 -0.2006
-0.1520 -0.0741 -0.0178 0.0073 0.0331 0.0802 0.1408 -0.1266 -0.3319 -0.3373 -0.3009 -0.1777 -0.0486 -0.0101 0.0126 0.0428 0.1039 0.0898 -0.2030 -0.3357 -0.3333 -0.2788 -0.1338 -0.0341 -0.0033 0.0184 0.0537 0.1485 0.0086 -0.3146 -0.3380 -0.3259 -0.2497 -0.0955 -0.0247 0.0025 0.0258 0.0662 0.1571 -0.0661 -0.3276 -0.3386 -0.3154 -0.2167 -0.0692 -0.0176 0.0095 0.0270 0.0089 -0.0220 -0.0487 0.0069 0.0907 -0.0530 -0.3218 -0.2579 -0.1228 -0.2030 -0.3124 -0.3387 -0.3276 -0.0660 0.1571 0.0662 0.0258 0.0025 -0.0247 -0.0957 -0.2498 -0.3260 -0.3380 -0.3136 0.0092 0.1480 0.0537 0.0184 -0.0034 -0.0342 -0.1343 -0.2791 -0.3334 -0.3356 -0.2024 0.0903 0.1037 0.0427 0.0125 -0.0102 -0.0488 -0.1782 -0.3012 -0.3373 -0.3318 -0.1262 0.1411 0.0801 0.0331 0.0072 -0.0178 -0.0742 -0.1522
-0.0737 -0.0187 0.0065 0.0324 0.0787 0.1433 -0.1210 -0.3315 -0.3375 -0.3024 -0.1813 -0.0501 -0.0107 0.0121 0.0419 0.1015 0.0954 -0.1960 -0.3354 -0.3337 -0.2809 -0.1373 -0.0351 -0.0039 0.0179 0.0528 0.1434 0.0155 -0.3032 -0.3379 -0.3267 -0.2522 -0.0980 -0.0252 0.0022 0.0252 0.0653 0.1576 -0.0611 -0.3272 -0.3386 -0.3162 -0.2184 -0.0699 -0.0178 0.0071 0.0340 0.0709 0.0707 0.0425 0.0304 0.0593 0.1569 -0.1722 -0.3218 -0.1978 -0.0418 -0.0642 -0.2081 -0.3168 -0.3386 -0.3272 -0.0611 0.1576 0.0653 0.0252 0.0021 -0.0254 -0.0985 -0.2525 -0.3267 -0.3378 -0.3022 0.0162 0.1442 0.0527 0.0178 -0.0040 -0.0353 -0.1379 -0.2812 -0.3338 -0.3353 -0.1954 0.0959 0.1017 0.0418 0.0120 -0.0109 -0.0504 -0.1819 -0.3027 -0.3375 -0.3314 -0.1205 0.1436 0.0787 0.0322 0.0063 -0.0189 -0.0737
-0.0339 0.0093 0.0316 0.0773 0.1455 -0.1154 -0.3311 -0.3377 -0.3039 -0.1849 -0.0516 -0.0113 0.0117 0.0411 0.0993 0.1007 -0.1892 -0.3351 -0.3342 -0.2829 -0.1408 -0.0361 -0.0044 0.0174 0.0518 0.1388 0.0224 -0.2922 -0.3377 -0.3274 -0.2547 -0.1008 -0.0259 0.0017 0.0247 0.0643 0.1580 -0.0562 -0.3269 -0.3386 -0.3171 -0.2209 -0.0714 -0.0181 0.0069 0.0324 0.0779 0.1328 0.0698 0.1067 0.1211 0.0928 -0.1207 -0.3305 -0.3084 -0.1225 -0.0108 -0.0117 -0.0630 -0.2147 -0.3142 -0.3379 -0.3274 -0.0589 0.1571 0.0646 0.0247 0.0018 -0.0260 -0.0964 -0.2490 -0.3251 -0.3374 -0.2950 0.0191 0.1413 0.0519 0.0174 -0.0044 -0.0357 -0.1348 -0.2782 -0.3325 -0.3351 -0.1912 0.0978 0.1002 0.0411 0.0117 -0.0114 -0.0501 -0.1782 -0.3002 -0.3366 -0.3314 -0.1174 0.1439 0.0778 0.0317 0.0093 -0.0328
-0.0110 0.0331 0.0759 0.1475 -0.1100 -0.3308 -0.3378 -0.3053 -0.1883 -0.0531 -0.0119 0.0112 0.0403 0.0972 0.1056 -0.1829 -0.3349 -0.3345 -0.2848 -0.1442 -0.0371 -0.0049 0.0169 0.0509 0.1346 0.0290 -0.2823 -0.3376 -0.3280 -0.2572 -0.1036 -0.0266 0.0013 0.0241 0.0634 0.1583 -0.0511 -0.3265 -0.3386 -0.3179 -0.2235 -0.0732 -0.0186 0.0066 0.0319 0.0778 0.1443 -0.1035 -0.2646 -0.2229 -0.1899 -0.2540 -0.3313 -0.3243 -0.2435 -0.0597 0.0055 0.0122 -0.0143 -0.0679 -0.2196 -0.3177 -0.3395 -0.3277 -0.0560 0.1373 0.0648 0.0270 0.0041 -0.0229 -0.0977 -0.2542 -0.3282 -0.3386 -0.2900 0.0232 0.1189 0.0533 0.0195 -0.0019 -0.0334 -0.1380 -0.2830 -0.3351 -0.3360 -0.1879 0.1011 0.0928 0.0431 0.0138 -0.0086 -0.0488 -0.1828 -0.3044 -0.3386 -0.3320 -0.1147 0.1444 0.0760 0.0353 -0.0073
0.0140 0.0746 0.1492 -0.1049 -0.3304 -0.3380 -0.3065 -0.1915 -0.0546 -0.0124 0.0109 0.0396 0.0952 0.1101 -0.1769 -0.3346 -0.3349 -0.2865 -0.1474 -0.0381 -0.0054 0.0164 0.0501 0.1307 0.0354 -0.2731 -0.3374 -0.3286 -0.2595 -0.1064 -0.0273 0.0009 0.0235 0.0624 0.1585 -0.0460 -0.3261 -0.3386 -0.3188 -0.2261 -0.0750 -0.0191 0.0062 0.0314 0.0766 0.1465 -0.1130 -0.3308 -0.3396 -0.3326 -0.3157 -0.2990 -0.2696 -0.2045 -0.0817 -0.0204 0.0267 0.0302 0.0032 -0.0298 -0.1365 -0.2854 -0.3373 -0.3374 -0.2634 0.0696 0.1042 0.0519 0.0188 -0.0025 -0.0446 -0.1806 -0.3063 -0.3406 -0.3332 -0.1890 0.1160 0.0861 0.0421 0.0125 -0.0098 -0.0674 -0.2245 -0.3217 -0.3413 -0.3279 -0.0846 0.1304 0.0722 0.0331 0.0074 -0.0192 -0.1004 -0.2610 -0.3319 -0.3399 -0.3199 0.0035 0.1273 0.0617 0.0110
