0.4507 0.4705 0.1886 0.1484 0.2010 0.3490 0.5119 0.3403 0.1486 0.1675 0.2648 0.4735 0.4580 0.1765 0.1499 0.2076 0.3642 0.5095 0.3169 0.1474 0.1714 0.2755 0.4868 0.4449 0.1684 0.1516 0.2147 0.3800 0.5057 0.2923 0.1467 0.1757 0.2867 0.4975 0.4303 0.1625 0.1536 0.2222 0.3963 0.5006 0.2672 0.1463 0.1803 0.2986 0.5052 0.4143 0.1580 0.1558 0.2279 0.3949 0.5096 0.3949 0.2279 0.1558 0.1580 0.4143 0.5052 0.2986 0.1803 0.1463 0.2672 0.5006 0.3963 0.2222 0.1536 0.1625 0.4303 0.4975 0.2867 0.1757 0.1467 0.2923 0.5057 0.3800 0.2147 0.1516 0.1684 0.4449 0.4868 0.2755 0.1714 0.1474 0.3169 0.5095 0.3642 0.2076 0.1499 0.1765 0.4580 0.4735 0.2648 0.1675 0.1486 0.3403 0.5119 0.3490 0.2010 0.1484 0.1886 0.4705 0.4507
0.4705 0.1836 0.1400 0.1953 0.3464 0.5135 0.3451 0.1401 0.1604 0.2602 0.4730 0.4609 0.1724 0.1414 0.2017 0.3614 0.5112 0.3220 0.1387 0.1644 0.2710 0.4867 0.4481 0.1628 0.1434 0.2090 0.3775 0.5075 0.2973 0.1379 0.1689 0.2825 0.4979 0.4338 0.1559 0.1456 0.2167 0.3941 0.5025 0.2718 0.1375 0.1736 0.2946 0.5060 0.4181 0.1508 0.1481 0.2243 0.4068 0.5014 0.3969 0.5014 0.4068 0.2243 0.1481 0.1508 0.4181 0.5060 0.2946 0.1736 0.1375 0.2718 0.5025 0.3941 0.2167 0.1456 0.1559 0.4338 0.4979 0.2825 0.1689 0.1379 0.2973 0.5075 0.3775 0.2090 0.1434 0.1628 0.4481 0.4867 0.2710 0.1644 0.1387 0.3220 0.5112 0.3614 0.2017 0.1414 0.1724 0.4609 0.4730 0.2602 0.1604 0.1401 0.3451 0.5135 0.3464 0.1953 0.1400 0.1836 0.4705
0.1886 0.1400 0.1944 0.3426 0.5138 0.3530 0.1408 0.1589 0.2560 0.4668 0.4658 0.1775 0.1407 0.1989 0.3549 0.5122 0.3318 0.1393 0.1627 0.2665 0.4812 0.4536 0.1663 0.1425 0.2059 0.3707 0.5091 0.3077 0.1382 0.1670 0.2777 0.4936 0.4399 0.1585 0.1447 0.2134 0.3871 0.5047 0.2825 0.1376 0.1716 0.2895 0.5029 0.4248 0.1528 0.1471 0.2212 0.4030 0.5002 0.2845 0.1448 0.2845 0.5002 0.4030 0.2212 0.1471 0.1528 0.4248 0.5029 0.2895 0.1716 0.1376 0.2825 0.5047 0.3871 0.2134 0.1447 0.1585 0.4399 0.4936 0.2777 0.1670 0.1382 0.3077 0.5091 0.3707 0.2059 0.1425 0.1663 0.4536 0.4812 0.2665 0.1627 0.1393 0.3318 0.5122 0.3549 0.1989 0.1407 0.1775 0.4658 0.4668 0.2560 0.1589 0.1408 0.3530 0.5138 0.3426 0.1944 0.1400 0.1886
0.1484 0.1953 0.3426 0.5140 0.3576 0.1413 0.1577 0.2524 0.4609 0.4701 0.1832 0.1401 0.1962 0.3486 0.5131 0.3414 0.1398 0.1610 0.2620 0.4754 0.4588 0.1705 0.1417 0.2029 0.3640 0.5106 0.3179 0.1386 0.1652 0.2729 0.4887 0.4458 0.1615 0.1437 0.2102 0.3802 0.5067 0.2931 0.1378 0.1696 0.2845 0.4994 0.4313 0.1550 0.1460 0.2179 0.3967 0.5018 0.2736 0.1368 0.1467 0.1368 0.2736 0.5018 0.3967 0.2179 0.1460 0.1550 0.4313 0.4994 0.2845 0.1696 0.1378 0.2931 0.5067 0.3802 0.2102 0.1437 0.1615 0.4458 0.4887 0.2729 0.1652 0.1386 0.3179 0.5106 0.3640 0.2029 0.1417 0.1705 0.4588 0.4754 0.2620 0.1610 0.1398 0.3414 0.5131 0.3486 0.1962 0.1401 0.1832 0.4701 0.4609 0.2524 0.1577 0.1413 0.3576 0.5140 0.3426 0.1953 0.1484
0.2010 0.3464 0.5138 0.3576 0.1415 0.1571 0.2499 0.4560 0.4737 0.1891 0.1395 0.1936 0.3425 0.5137 0.3506 0.1405 0.1594 0.2576 0.4692 0.4639 0.1753 0.1410 0.2000 0.3575 0.5118 0.3279 0.1390 0.1634 0.2683 0.4835 0.4514 0.1648 0.1429 0.2071 0.3734 0.5085 0.3036 0.1381 0.1677 0.2796 0.4953 0.4375 0.1574 0.1450 0.2147 0.3899 0.5039 0.2797 0.1374 0.1660 0.2211 0.1660 0.1374 0.2797 0.5039 0.3899 0.2147 0.1450 0.1574 0.4375 0.4953 0.2796 0.1677 0.1381 0.3036 0.5085 0.3734 0.2071 0.1429 0.1648 0.4514 0.4835 0.2683 0.1634 0.1390 0.3279 0.5118 0.3575 0.2000 0.1410 0.1753 0.4639 0.4692 0.2576 0.1594 0.1405 0.3506 0.5137 0.3425 0.1936 0.1395 0.1891 0.4737 0.4560 0.2499 0.1571 0.1415 0.3576 0.5138 0.3464 0.2010
0.3490 0.5135 0.3530 0.1413 0.1571 0.2490 0.4533 0.4761 0.1942 0.1391 0.1914 0.3371 0.5141 0.3592 0.1413 0.1579 0.2534 0.4628 0.4686 0.1810 0.1403 0.1972 0.3511 0.5128 0.3376 0.1396 0.1617 0.2638 0.4778 0.4567 0.1687 0.1421 0.2041 0.3667 0.5100 0.3139 0.1384 0.1659 0.2748 0.4907 0.4434 0.1602 0.1441 0.2115 0.3830 0.5059 0.2892 0.1377 0.1690 0.2735 0.4037 0.2735 0.1690 0.1377 0.2892 0.5059 0.3830 0.2115 0.1441 0.1602 0.4434 0.4907 0.2748 0.1659 0.1384 0.3139 0.5100 0.3667 0.2041 0.1421 0.1687 0.4567 0.4778 0.2638 0.1617 0.1396 0.3376 0.5128 0.3511 0.1972 0.1403 0.1810 0.4686 0.4628 0.2534 0.1579 0.1413 0.3592 0.5141 0.3371 0.1914 0.1391 0.1942 0.4761 0.4533 0.2490 0.1571 0.1413 0.3530 0.5135 0.3490
0.5119 0.3451 0.1408 0.1577 0.2499 0.4533 0.4770 0.1972 0.1389 0.1898 0.3327 0.5142 0.3668 0.1421 0.1565 0.2494 0.4563 0.4730 0.1874 0.1397 0.1945 0.3447 0.5135 0.3471 0.1402 0.1601 0.2593 0.4717 0.4619 0.1733 0.1413 0.2012 0.3601 0.5114 0.3239 0.1388 0.1641 0.2701 0.4857 0.4491 0.1634 0.1432 0.2083 0.3761 0.5078 0.2995 0.1379 0.1681 0.2787 0.4846 0.4992 0.4846 0.2787 0.1681 0.1379 0.2995 0.5078 0.3761 0.2083 0.1432 0.1634 0.4491 0.4857 0.2701 0.1641 0.1388 0.3239 0.5114 0.3601 0.2012 0.1413 0.1733 0.4619 0.4717 0.2593 0.1601 0.1402 0.3471 0.5135 0.3447 0.1945 0.1397 0.1874 0.4730 0.4563 0.2494 0.1565 0.1421 0.3668 0.5142 0.3327 0.1898 0.1389 0.1972 0.4770 0.4533 0.2499 0.1577 0.1408 0.3451 0.5119
0.3403 0.1401 0.1589 0.2524 0.4560 0.4761 0.1972 0.1388 0.1889 0.3297 0.5141 0.3729 0.1428 0.1553 0.2458 0.4501 0.4771 0.1945 0.1391 0.1918 0.3386 0.5140 0.3563 0.1410 0.1585 0.2550 0.4654 0.4667 0.1786 0.1406 0.1983 0.3536 0.5124 0.3338 0.1394 0.1624 0.2656 0.4801 0.4546 0.1671 0.1424 0.2053 0.3694 0.5094 0.3098 0.1383 0.1665 0.2760 0.4897 0.4545 0.2815 0.4545 0.4897 0.2760 0.1665 0.1383 0.3098 0.5094 0.3694 0.2053 0.1424 0.1671 0.4546 0.4801 0.2656 0.1624 0.1394 0.3338 0.5124 0.3536 0.1983 0.1406 0.1786 0.4667 0.4654 0.2550 0.1585 0.1410 0.3563 0.5140 0.3386 0.1918 0.1391 0.1945 0.4771 0.4501 0.2458 0.1553 0.1428 0.3729 0.5141 0.3297 0.1889 0.1388 0.1972 0.4761 0.4560 0.2524 0.1589 0.1401 0.3403
0.1486 0.1604 0.2560 0.4609 0.4737 0.1942 0.1389 0.1889 0.3287 0.5140 0.3769 0.1434 0.1544 0.2428 0.4445 0.4805 0.2019 0.1387 0.1894 0.3327 0.5141 0.3651 0.1418 0.1570 0.2508 0.4587 0.4714 0.1848 0.1399 0.1956 0.3473 0.5133 0.3433 0.1400 0.1607 0.2611 0.4742 0.4599 0.1714 0.1416 0.2023 0.3628 0.5109 0.3199 0.1387 0.1648 0.2718 0.4870 0.4500 0.1715 0.1354 0.1715 0.4500 0.4870 0.2718 0.1648 0.1387 0.3199 0.5109 0.3628 0.2023 0.1416 0.1714 0.4599 0.4742 0.2611 0.1607 0.1400 0.3433 0.5133 0.3473 0.1956 0.1399 0.1848 0.4714 0.4587 0.2508 0.1570 0.1418 0.3651 0.5141 0.3327 0.1894 0.1387 0.2019 0.4805 0.4445 0.2428 0.1544 0.1434 0.3769 0.5140 0.3287 0.1889 0.1389 0.1942 0.4737 0.4609 0.2560 0.1604 0.1486
0.1675 0.2602 0.4668 0.4701 0.1891 0.1391 0.1898 0.3297 0.5140 0.3782 0.1438 0.1538 0.2406 0.4398 0.4833 0.2088 0.1384 0.1872 0.3273 0.5140 0.3734 0.1427 0.1555 0.2467 0.4520 0.4757 0.1919 0.1393 0.1929 0.3410 0.5138 0.3526 0.1407 0.1591 0.2567 0.4679 0.4648 0.1764 0.1409 0.1995 0.3562 0.5120 0.3298 0.1391 0.1631 0.2673 0.4822 0.4532 0.1676 0.1397 0.1652 0.1397 0.1676 0.4532 0.4822 0.2673 0.1631 0.1391 0.3298 0.5120 0.3562 0.1995 0.1409 0.1764 0.4648 0.4679 0.2567 0.1591 0.1407 0.3526 0.5138 0.3410 0.1929 0.1393 0.1919 0.4757 0.4520 0.2467 0.1555 0.1427 0.3734 0.5140 0.3273 0.1872 0.1384 0.2088 0.4833 0.4398 0.2406 0.1538 0.1438 0.3782 0.5140 0.3297 0.1898 0.1391 0.1891 0.4701 0.4668 0.2602 0.1675
0.2648 0.4730 0.4658 0.1832 0.1395 0.1914 0.3327 0.5141 0.3769 0.1438 0.1536 0.2394 0.4368 0.4854 0.2147 0.1381 0.1853 0.3225 0.5137 0.3809 0.1437 0.1542 0.2428 0.4452 0.4798 0.1998 0.1388 0.1903 0.3349 0.5141 0.3616 0.1415 0.1576 0.2525 0.4614 0.4695 0.1822 0.1402 0.1967 0.3498 0.5130 0.3395 0.1397 0.1614 0.2629 0.4765 0.4580 0.1702 0.1413 0.1948 0.2737 0.1948 0.1413 0.1702 0.4580 0.4765 0.2629 0.1614 0.1397 0.3395 0.5130 0.3498 0.1967 0.1402 0.1822 0.4695 0.4614 0.2525 0.1576 0.1415 0.3616 0.5141 0.3349 0.1903 0.1388 0.1998 0.4798 0.4452 0.2428 0.1542 0.1437 0.3809 0.5137 0.3225 0.1853 0.1381 0.2147 0.4854 0.4368 0.2394 0.1536 0.1438 0.3769 0.5141 0.3327 0.1914 0.1395 0.1832 0.4658 0.4730 0.2648
0.4735 0.4609 0.1775 0.1401 0.1936 0.3371 0.5142 0.3729 0.1434 0.1538 0.2394 0.4358 0.4864 0.2187 0.1380 0.1838 0.3185 0.5132 0.3875 0.1447 0.1530 0.2392 0.4386 0.4835 0.2083 0.1384 0.1877 0.3289 0.5141 0.3704 0.1424 0.1561 0.2483 0.4547 0.4740 0.1889 0.1396 0.1939 0.3435 0.5136 0.3489 0.1404 0.1597 0.2585 0.4705 0.4629 0.1745 0.1410 0.1987 0.3429 0.4876 0.3429 0.1987 0.1410 0.1745 0.4629 0.4705 0.2585 0.1597 0.1404 0.3489 0.5136 0.3435 0.1939 0.1396 0.1889 0.4740 0.4547 0.2483 0.1561 0.1424 0.3704 0.5141 0.3289 0.1877 0.1384 0.2083 0.4835 0.4386 0.2392 0.1530 0.1447 0.3875 0.5132 0.3185 0.1838 0.1380 0.2187 0.4864 0.4358 0.2394 0.1538 0.1434 0.3729 0.5142 0.3371 0.1936 0.1401 0.1775 0.4609 0.4735
0.4580 0.1724 0.1407 0.1962 0.3425 0.5141 0.3668 0.1428 0.1544 0.2406 0.4368 0.4864 0.2201 0.1379 0.1829 0.3156 0.5126 0.3928 0.1457 0.1520 0.2360 0.4324 0.4868 0.2170 0.1381 0.1853 0.3231 0.5138 0.3788 0.1434 0.1547 0.2443 0.4478 0.4782 0.1965 0.1390 0.1913 0.3373 0.5140 0.3581 0.1412 0.1582 0.2542 0.4641 0.4677 0.1798 0.1404 0.1973 0.3487 0.5127 0.4518 0.5127 0.3487 0.1973 0.1404 0.1798 0.4677 0.4641 0.2542 0.1582 0.1412 0.3581 0.5140 0.3373 0.1913 0.1390 0.1965 0.4782 0.4478 0.2443 0.1547 0.1434 0.3788 0.5138 0.3231 0.1853 0.1381 0.2170 0.4868 0.4324 0.2360 0.1520 0.1457 0.3928 0.5126 0.3156 0.1829 0.1379 0.2201 0.4864 0.4368 0.2406 0.1544 0.1428 0.3668 0.5141 0.3425 0.1962 0.1407 0.1724 0.4580
0.1765 0.1414 0.1989 0.3486 0.5137 0.3592 0.1421 0.1553 0.2428 0.4398 0.4854 0.2187 0.1379 0.1826 0.3142 0.5122 0.3966 0.1464 0.1511 0.2333 0.4268 0.4897 0.2255 0.1378 0.1831 0.3177 0.5132 0.3868 0.1445 0.1533 0.2403 0.4409 0.4822 0.2049 0.1386 0.1887 0.3313 0.5141 0.3669 0.1420 0.1567 0.2500 0.4575 0.4722 0.1861 0.1398 0.1949 0.3451 0.5134 0.3684 0.1688 0.3684 0.5134 0.3451 0.1949 0.1398 0.1861 0.4722 0.4575 0.2500 0.1567 0.1420 0.3669 0.5141 0.3313 0.1887 0.1386 0.2049 0.4822 0.4409 0.2403 0.1533 0.1445 0.3868 0.5132 0.3177 0.1831 0.1378 0.2255 0.4897 0.4268 0.2333 0.1511 0.1464 0.3966 0.5122 0.3142 0.1826 0.1379 0.2187 0.4854 0.4398 0.2428 0.1553 0.1421 0.3592 0.5137 0.3486 0.1989 0.1414 0.1765
0.1499 0.2017 0.3549 0.5131 0.3506 0.1413 0.1565 0.2458 0.4445 0.4833 0.2147 0.1380 0.1829 0.3142 0.5120 0.3985 0.1470 0.1506 0.2312 0.4222 0.4920 0.2333 0.1377 0.1811 0.3127 0.5122 0.3942 0.1457 0.1520 0.2365 0.4338 0.4859 0.2140 0.1382 0.1862 0.3254 0.5140 0.3755 0.1430 0.1552 0.2459 0.4506 0.4765 0.1933 0.1392 0.1923 0.3395 0.5139 0.3595 0.1422 0.1390 0.1422 0.3595 0.5139 0.3395 0.1923 0.1392 0.1933 0.4765 0.4506 0.2459 0.1552 0.1430 0.3755 0.5140 0.3254 0.1862 0.1382 0.2140 0.4859 0.4338 0.2365 0.1520 0.1457 0.3942 0.5122 0.3127 0.1811 0.1377 0.2333 0.4920 0.4222 0.2312 0.1506 0.1470 0.3985 0.5120 0.3142 0.1829 0.1380 0.2147 0.4833 0.4445 0.2458 0.1565 0.1413 0.3506 0.5131 0.3549 0.2017 0.1499
0.2076 0.3614 0.5122 0.3414 0.1405 0.1579 0.2494 0.4501 0.4805 0.2088 0.1381 0.1838 0.3156 0.5122 0.3985 0.1472 0.1503 0.2299 0.4190 0.4937 0.2398 0.1376 0.1794 0.3083 0.5111 0.4010 0.1470 0.1508 0.2329 0.4269 0.4893 0.2237 0.1379 0.1838 0.3196 0.5134 0.3838 0.1441 0.1538 0.2419 0.4437 0.4806 0.2015 0.1388 0.1897 0.3336 0.5141 0.3647 0.1420 0.1523 0.1941 0.1523 0.1420 0.3647 0.5141 0.3336 0.1897 0.1388 0.2015 0.4806 0.4437 0.2419 0.1538 0.1441 0.3838 0.5134 0.3196 0.1838 0.1379 0.2237 0.4893 0.4269 0.2329 0.1508 0.1470 0.4010 0.5111 0.3083 0.1794 0.1376 0.2398 0.4937 0.4190 0.2299 0.1503 0.1472 0.3985 0.5122 0.3156 0.1838 0.1381 0.2088 0.4805 0.4501 0.2494 0.1579 0.1405 0.3414 0.5122 0.3614 0.2076
0.3642 0.5112 0.3318 0.1398 0.1594 0.2534 0.4563 0.4771 0.2019 0.1384 0.1853 0.3185 0.5126 0.3966 0.1470 0.1503 0.2294 0.4172 0.4948 0.2445 0.1375 0.1781 0.3046 0.5099 0.4068 0.1482 0.1498 0.2296 0.4202 0.4924 0.2335 0.1377 0.1815 0.3139 0.5126 0.3918 0.1453 0.1525 0.2380 0.4366 0.4844 0.2104 0.1383 0.1872 0.3277 0.5141 0.3724 0.1427 0.1547 0.2363 0.3447 0.2363 0.1547 0.1427 0.3724 0.5141 0.3277 0.1872 0.1383 0.2104 0.4844 0.4366 0.2380 0.1525 0.1453 0.3918 0.5126 0.3139 0.1815 0.1377 0.2335 0.4924 0.4202 0.2296 0.1498 0.1482 0.4068 0.5099 0.3046 0.1781 0.1375 0.2445 0.4948 0.4172 0.2294 0.1503 0.1470 0.3966 0.5126 0.3185 0.1853 0.1384 0.2019 0.4771 0.4563 0.2534 0.1594 0.1398 0.3318 0.5112 0.3642
0.5095 0.3220 0.1393 0.1610 0.2576 0.4628 0.4730 0.1945 0.1387 0.1872 0.3225 0.5132 0.3928 0.1464 0.1506 0.2299 0.4172 0.4951 0.2469 0.1375 0.1771 0.3018 0.5087 0.4116 0.1494 0.1489 0.2266 0.4141 0.4952 0.2431 0.1375 0.1793 0.3085 0.5113 0.3994 0.1466 0.1512 0.2342 0.4295 0.4880 0.2198 0.1380 0.1848 0.3219 0.5137 0.3806 0.1436 0.1541 0.2410 0.4288 0.5118 0.4288 0.2410 0.1541 0.1436 0.3806 0.5137 0.3219 0.1848 0.1380 0.2198 0.4880 0.4295 0.2342 0.1512 0.1466 0.3994 0.5113 0.3085 0.1793 0.1375 0.2431 0.4952 0.4141 0.2266 0.1489 0.1494 0.4116 0.5087 0.3018 0.1771 0.1375 0.2469 0.4951 0.4172 0.2299 0.1506 0.1464 0.3928 0.5132 0.3225 0.1872 0.1387 0.1945 0.4730 0.4628 0.2576 0.1610 0.1393 0.3220 0.5095
0.3169 0.1387 0.1627 0.2620 0.4692 0.4686 0.1874 0.1391 0.1894 0.3273 0.5137 0.3875 0.1457 0.1511 0.2312 0.4190 0.4948 0.2469 0.1375 0.1766 0.3000 0.5077 0.4152 0.1505 0.1481 0.2241 0.4086 0.4975 0.2521 0.1374 0.1773 0.3035 0.5097 0.4066 0.1481 0.1500 0.2305 0.4224 0.4914 0.2298 0.1378 0.1824 0.3162 0.5129 0.3886 0.1448 0.1530 0.2389 0.4353 0.4903 0.3654 0.4903 0.4353 0.2389 0.1530 0.1448 0.3886 0.5129 0.3162 0.1824 0.1378 0.2298 0.4914 0.4224 0.2305 0.1500 0.1481 0.4066 0.5097 0.3035 0.1773 0.1374 0.2521 0.4975 0.4086 0.2241 0.1481 0.1505 0.4152 0.5077 0.3000 0.1766 0.1375 0.2469 0.4948 0.4190 0.2312 0.1511 0.1457 0.3875 0.5137 0.3273 0.1894 0.1391 0.1874 0.4686 0.4692 0.2620 0.1627 0.1387 0.3169
0.1474 0.1644 0.2665 0.4754 0.4639 0.1810 0.1397 0.1918 0.3327 0.5140 0.3809 0.1447 0.1520 0.2333 0.4222 0.4937 0.2445 0.1375 0.1766 0.2994 0.5072 0.4174 0.1513 0.1476 0.2221 0.4040 0.4994 0.2602 0.1374 0.1755 0.2988 0.5078 0.4133 0.1496 0.1489 0.2269 0.4153 0.4945 0.2401 0.1376 0.1801 0.3106 0.5118 0.3964 0.1461 0.1517 0.2355 0.4313 0.4884 0.2417 0.1398 0.2417 0.4884 0.4313 0.2355 0.1517 0.1461 0.3964 0.5118 0.3106 0.1801 0.1376 0.2401 0.4945 0.4153 0.2269 0.1489 0.1496 0.4133 0.5078 0.2988 0.1755 0.1374 0.2602 0.4994 0.4040 0.2221 0.1476 0.1513 0.4174 0.5072 0.2994 0.1766 0.1375 0.2445 0.4937 0.4222 0.2333 0.1520 0.1447 0.3809 0.5140 0.3327 0.1918 0.1397 0.1810 0.4639 0.4754 0.2665 0.1644 0.1474
0.1714 0.2710 0.4812 0.4588 0.1753 0.1403 0.1945 0.3386 0.5141 0.3734 0.1437 0.1530 0.2360 0.4268 0.4920 0.2398 0.1375 0.1771 0.3000 0.5072 0.4181 0.1517 0.1473 0.2207 0.4006 0.5008 0.2669 0.1375 0.1739 0.2946 0.5056 0.4194 0.1513 0.1478 0.2236 0.4084 0.4973 0.2505 0.1375 0.1779 0.3051 0.5103 0.4040 0.1475 0.1505 0.2319 0.4249 0.4905 0.2314 0.1364 0.1516 0.1364 0.2314 0.4905 0.4249 0.2319 0.1505 0.1475 0.4040 0.5103 0.3051 0.1779 0.1375 0.2505 0.4973 0.4084 0.2236 0.1478 0.1513 0.4194 0.5056 0.2946 0.1739 0.1375 0.2669 0.5008 0.4006 0.2207 0.1473 0.1517 0.4181 0.5072 0.3000 0.1771 0.1375 0.2398 0.4920 0.4268 0.2360 0.1530 0.1437 0.3734 0.5141 0.3386 0.1945 0.1403 0.1753 0.4588 0.4812 0.2710 0.1714
0.2755 0.4867 0.4536 0.1705 0.1410 0.1972 0.3447 0.5140 0.3651 0.1427 0.1542 0.2392 0.4324 0.4897 0.2333 0.1376 0.1781 0.3018 0.5077 0.4174 0.1517 0.1472 0.2201 0.3985 0.5018 0.2721 0.1375 0.1726 0.2911 0.5035 0.4246 0.1529 0.1469 0.2205 0.4019 0.4998 0.2608 0.1374 0.1757 0.2998 0.5083 0.4112 0.1491 0.1493 0.2283 0.4180 0.4934 0.2374 0.1373 0.1739 0.2359 0.1739 0.1373 0.2374 0.4934 0.4180 0.2283 0.1493 0.1491 0.4112 0.5083 0.2998 0.1757 0.1374 0.2608 0.4998 0.4019 0.2205 0.1469 0.1529 0.4246 0.5035 0.2911 0.1726 0.1375 0.2721 0.5018 0.3985 0.2201 0.1472 0.1517 0.4174 0.5077 0.3018 0.1781 0.1376 0.2333 0.4897 0.4324 0.2392 0.1542 0.1427 0.3651 0.5140 0.3447 0.1972 0.1410 0.1705 0.4536 0.4867 0.2755
0.4868 0.4481 0.1663 0.1417 0.2000 0.3511 0.5135 0.3563 0.1418 0.1555 0.2428 0.4386 0.4868 0.2255 0.1377 0.1794 0.3046 0.5087 0.4152 0.1513 0.1473 0.2201 0.3978 0.5023 0.2753 0.1375 0.1717 0.2884 0.5014 0.4290 0.1545 0.1461 0.2177 0.3958 0.5021 0.2707 0.1375 0.1737 0.2947 0.5059 0.4181 0.1508 0.1481 0.2247 0.4109 0.4963 0.2469 0.1374 0.1772 0.2934 0.4325 0.2934 0.1772 0.1374 0.2469 0.4963 0.4109 0.2247 0.1481 0.1508 0.4181 0.5059 0.2947 0.1737 0.1375 0.2707 0.5021 0.3958 0.2177 0.1461 0.1545 0.4290 0.5014 0.2884 0.1717 0.1375 0.2753 0.5023 0.3978 0.2201 0.1473 0.1513 0.4152 0.5087 0.3046 0.1794 0.1377 0.2255 0.4868 0.4386 0.2428 0.1555 0.1418 0.3563 0.5135 0.3511 0.2000 0.1417 0.1663 0.4481 0.4868
0.4449 0.1628 0.1425 0.2029 0.3575 0.5128 0.3471 0.1410 0.1570 0.2467 0.4452 0.4835 0.2170 0.1378 0.1811 0.3083 0.5099 0.4116 0.1505 0.1476 0.2207 0.3985 0.5023 0.2764 0.1376 0.1711 0.2864 0.4997 0.4324 0.1560 0.1454 0.2154 0.3904 0.5039 0.2798 0.1376 0.1719 0.2899 0.5031 0.4247 0.1528 0.1471 0.2213 0.4038 0.4990 0.2572 0.1374 0.1762 0.2987 0.5017 0.4880 0.5017 0.2987 0.1762 0.1374 0.2572 0.4990 0.4038 0.2213 0.1471 0.1528 0.4247 0.5031 0.2899 0.1719 0.1376 0.2798 0.5039 0.3904 0.2154 0.1454 0.1560 0.4324 0.4997 0.2864 0.1711 0.1376 0.2764 0.5023 0.3985 0.2207 0.1476 0.1505 0.4116 0.5099 0.3083 0.1811 0.1378 0.2170 0.4835 0.4452 0.2467 0.1570 0.1410 0.3471 0.5128 0.3575 0.2029 0.1425 0.1628 0.4449
0.1684 0.1434 0.2059 0.3640 0.5118 0.3376 0.1402 0.1585 0.2508 0.4520 0.4798 0.2083 0.1381 0.1831 0.3127 0.5111 0.4068 0.1494 0.1481 0.2221 0.4006 0.5018 0.2753 0.1376 0.1709 0.2854 0.4986 0.4348 0.1571 0.1449 0.2134 0.3859 0.5054 0.2878 0.1377 0.1702 0.2855 0.4999 0.4307 0.1549 0.1461 0.2180 0.3969 0.5015 0.2678 0.1374 0.1743 0.2958 0.5051 0.4320 0.2391 0.4320 0.5051 0.2958 0.1743 0.1374 0.2678 0.5015 0.3969 0.2180 0.1461 0.1549 0.4307 0.4999 0.2855 0.1702 0.1377 0.2878 0.5054 0.3859 0.2134 0.1449 0.1571 0.4348 0.4986 0.2854 0.1709 0.1376 0.2753 0.5018 0.4006 0.2221 0.1481 0.1494 0.4068 0.5111 0.3127 0.1831 0.1381 0.2083 0.4798 0.4520 0.2508 0.1585 0.1402 0.3376 0.5118 0.3640 0.2059 0.1434 0.1684
0.1516 0.2090 0.3707 0.5106 0.3279 0.1396 0.1601 0.2550 0.4587 0.4757 0.1998 0.1384 0.1853 0.3177 0.5122 0.4010 0.1482 0.1489 0.2241 0.4040 0.5008 0.2721 0.1375 0.1711 0.2854 0.4982 0.4360 0.1579 0.1446 0.2120 0.3823 0.5066 0.2946 0.1379 0.1687 0.2816 0.4966 0.4362 0.1570 0.1451 0.2149 0.3901 0.5038 0.2783 0.1375 0.1723 0.2912 0.5036 0.4260 0.1571 0.1355 0.1571 0.4260 0.5036 0.2912 0.1723 0.1375 0.2783 0.5038 0.3901 0.2149 0.1451 0.1570 0.4362 0.4966 0.2816 0.1687 0.1379 0.2946 0.5066 0.3823 0.2120 0.1446 0.1579 0.4360 0.4982 0.2854 0.1711 0.1375 0.2721 0.5008 0.4040 0.2241 0.1489 0.1482 0.4010 0.5122 0.3177 0.1853 0.1384 0.1998 0.4757 0.4587 0.2550 0.1601 0.1396 0.3279 0.5106 0.3707 0.2090 0.1516
0.2147 0.3775 0.5091 0.3179 0.1390 0.1617 0.2593 0.4654 0.4714 0.1919 0.1388 0.1877 0.3231 0.5132 0.3942 0.1470 0.1498 0.2266 0.4086 0.4994 0.2669 0.1375 0.1717 0.2864 0.4986 0.4360 0.1581 0.1444 0.2111 0.3798 0.5074 0.3000 0.1380 0.1675 0.2782 0.4934 0.4409 0.1593 0.1443 0.2120 0.3837 0.5058 0.2885 0.1377 0.1704 0.2863 0.5007 0.4297 0.1552 0.1428 0.1731 0.1428 0.1552 0.4297 0.5007 0.2863 0.1704 0.1377 0.2885 0.5058 0.3837 0.2120 0.1443 0.1593 0.4409 0.4934 0.2782 0.1675 0.1380 0.3000 0.5074 0.3798 0.2111 0.1444 0.1581 0.4360 0.4986 0.2864 0.1717 0.1375 0.2669 0.4994 0.4086 0.2266 0.1498 0.1470 0.3942 0.5132 0.3231 0.1877 0.1388 0.1919 0.4714 0.4654 0.2593 0.1617 0.1390 0.3179 0.5091 0.3775 0.2147
0.3800 0.5075 0.3077 0.1386 0.1634 0.2638 0.4717 0.4667 0.1848 0.1393 0.1903 0.3289 0.5138 0.3868 0.1457 0.1508 0.2296 0.4141 0.4975 0.2602 0.1375 0.1726 0.2884 0.4997 0.4348 0.1579 0.1444 0.2108 0.3784 0.5079 0.3038 0.1382 0.1666 0.2755 0.4904 0.4449 0.1615 0.1436 0.2094 0.3778 0.5075 0.2981 0.1379 0.1686 0.2816 0.4970 0.4353 0.1568 0.1447 0.2065 0.2940 0.2065 0.1447 0.1568 0.4353 0.4970 0.2816 0.1686 0.1379 0.2981 0.5075 0.3778 0.2094 0.1436 0.1615 0.4449 0.4904 0.2755 0.1666 0.1382 0.3038 0.5079 0.3784 0.2108 0.1444 0.1579 0.4348 0.4997 0.2884 0.1726 0.1375 0.2602 0.4975 0.4141 0.2296 0.1508 0.1457 0.3868 0.5138 0.3289 0.1903 0.1393 0.1848 0.4667 0.4717 0.2638 0.1634 0.1386 0.3077 0.5075 0.3800
0.5057 0.2973 0.1382 0.1652 0.2683 0.4778 0.4619 0.1786 0.1399 0.1929 0.3349 0.5141 0.3788 0.1445 0.1520 0.2329 0.4202 0.4952 0.2521 0.1374 0.1739 0.2911 0.5014 0.4324 0.1571 0.1446 0.2111 0.3784 0.5081 0.3058 0.1383 0.1659 0.2735 0.4879 0.4481 0.1636 0.1430 0.2072 0.3726 0.5089 0.3070 0.1382 0.1669 0.2771 0.4928 0.4410 0.1592 0.1443 0.2106 0.3687 0.5033 0.3687 0.2106 0.1443 0.1592 0.4410 0.4928 0.2771 0.1669 0.1382 0.3070 0.5089 0.3726 0.2072 0.1430 0.1636 0.4481 0.4879 0.2735 0.1659 0.1383 0.3058 0.5081 0.3784 0.2111 0.1446 0.1571 0.4324 0.5014 0.2911 0.1739 0.1374 0.2521 0.4952 0.4202 0.2329 0.1520 0.1445 0.3788 0.5141 0.3349 0.1929 0.1399 0.1786 0.4619 0.4778 0.2683 0.1652 0.1382 0.2973 0.5057
0.2923 0.1379 0.1670 0.2729 0.4835 0.4567 0.1733 0.1406 0.1956 0.3410 0.5141 0.3704 0.1434 0.1533 0.2365 0.4269 0.4924 0.2431 0.1374 0.1755 0.2946 0.5035 0.4290 0.1560 0.1449 0.2120 0.3798 0.5079 0.3058 0.1383 0.1656 0.2722 0.4861 0.4505 0.1653 0.1426 0.2053 0.3681 0.5100 0.3150 0.1385 0.1653 0.2729 0.4884 0.4464 0.1619 0.1435 0.2091 0.3749 0.5095 0.4289 0.5095 0.3749 0.2091 0.1435 0.1619 0.4464 0.4884 0.2729 0.1653 0.1385 0.3150 0.5100 0.3681 0.2053 0.1426 0.1653 0.4505 0.4861 0.2722 0.1656 0.1383 0.3058 0.5079 0.3798 0.2120 0.1449 0.1560 0.4290 0.5035 0.2946 0.1755 0.1374 0.2431 0.4924 0.4269 0.2365 0.1533 0.1434 0.3704 0.5141 0.3410 0.1956 0.1406 0.1733 0.4567 0.4835 0.2729 0.1670 0.1379 0.2923
0.1467 0.1689 0.2777 0.4887 0.4514 0.1687 0.1413 0.1983 0.3473 0.5138 0.3616 0.1424 0.1547 0.2403 0.4338 0.4893 0.2335 0.1375 0.1773 0.2988 0.5056 0.4246 0.1545 0.1454 0.2134 0.3823 0.5074 0.3038 0.1383 0.1656 0.2717 0.4851 0.4520 0.1666 0.1422 0.2039 0.3644 0.5108 0.3217 0.1388 0.1640 0.2692 0.4840 0.4513 0.1650 0.1428 0.2066 0.3713 0.5094 0.3314 0.1543 0.3314 0.5094 0.3713 0.2066 0.1428 0.1650 0.4513 0.4840 0.2692 0.1640 0.1388 0.3217 0.5108 0.3644 0.2039 0.1422 0.1666 0.4520 0.4851 0.2717 0.1656 0.1383 0.3038 0.5074 0.3823 0.2134 0.1454 0.1545 0.4246 0.5056 0.2988 0.1773 0.1375 0.2335 0.4893 0.4338 0.2403 0.1547 0.1424 0.3616 0.5138 0.3473 0.1983 0.1413 0.1687 0.4514 0.4887 0.2777 0.1689 0.1467
0.1757 0.2825 0.4936 0.4458 0.1648 0.1421 0.2012 0.3536 0.5133 0.3526 0.1415 0.1561 0.2443 0.4409 0.4859 0.2237 0.1377 0.1793 0.3035 0.5078 0.4194 0.1529 0.1461 0.2154 0.3859 0.5066 0.3000 0.1382 0.1659 0.2722 0.4851 0.4525 0.1673 0.1420 0.2029 0.3617 0.5114 0.3270 0.1391 0.1628 0.2660 0.4798 0.4556 0.1683 0.1421 0.2040 0.3659 0.5104 0.3211 0.1388 0.1421 0.1388 0.3211 0.5104 0.3659 0.2040 0.1421 0.1683 0.4556 0.4798 0.2660 0.1628 0.1391 0.3270 0.5114 0.3617 0.2029 0.1420 0.1673 0.4525 0.4851 0.2722 0.1659 0.1382 0.3000 0.5066 0.3859 0.2154 0.1461 0.1529 0.4194 0.5078 0.3035 0.1793 0.1377 0.2237 0.4859 0.4409 0.2443 0.1561 0.1415 0.3526 0.5133 0.3536 0.2012 0.1421 0.1648 0.4458 0.4936 0.2825 0.1757
0.2867 0.4979 0.4399 0.1615 0.1429 0.2041 0.3601 0.5124 0.3433 0.1407 0.1576 0.2483 0.4478 0.4822 0.2140 0.1379 0.1815 0.3085 0.5097 0.4133 0.1513 0.1469 0.2177 0.3904 0.5054 0.2946 0.1380 0.1666 0.2735 0.4861 0.4520 0.1673 0.1420 0.2023 0.3600 0.5118 0.3310 0.1394 0.1619 0.2633 0.4759 0.4593 0.1716 0.1415 0.2016 0.3603 0.5114 0.3260 0.1390 0.1582 0.2060 0.1582 0.1390 0.3260 0.5114 0.3603 0.2016 0.1415 0.1716 0.4593 0.4759 0.2633 0.1619 0.1394 0.3310 0.5118 0.3600 0.2023 0.1420 0.1673 0.4520 0.4861 0.2735 0.1666 0.1380 0.2946 0.5054 0.3904 0.2177 0.1469 0.1513 0.4133 0.5097 0.3085 0.1815 0.1379 0.2140 0.4822 0.4478 0.2483 0.1576 0.1407 0.3433 0.5124 0.3601 0.2041 0.1429 0.1615 0.4399 0.4979 0.2867
0.4975 0.4338 0.1585 0.1437 0.2071 0.3667 0.5114 0.3338 0.1400 0.1591 0.2525 0.4547 0.4782 0.2049 0.1382 0.1838 0.3139 0.5113 0.4066 0.1496 0.1478 0.2205 0.3958 0.5039 0.2878 0.1379 0.1675 0.2755 0.4879 0.4505 0.1666 0.1420 0.2023 0.3595 0.5120 0.3334 0.1396 0.1613 0.2612 0.4727 0.4622 0.1747 0.1410 0.1994 0.3553 0.5123 0.3335 0.1394 0.1611 0.2530 0.3719 0.2530 0.1611 0.1394 0.3335 0.5123 0.3553 0.1994 0.1410 0.1747 0.4622 0.4727 0.2612 0.1613 0.1396 0.3334 0.5120 0.3595 0.2023 0.1420 0.1666 0.4505 0.4879 0.2755 0.1675 0.1379 0.2878 0.5039 0.3958 0.2205 0.1478 0.1496 0.4066 0.5113 0.3139 0.1838 0.1382 0.2049 0.4782 0.4547 0.2525 0.1591 0.1400 0.3338 0.5114 0.3667 0.2071 0.1437 0.1585 0.4338 0.4975
0.4303 0.1559 0.1447 0.2102 0.3734 0.5100 0.3239 0.1394 0.1607 0.2567 0.4614 0.4740 0.1965 0.1386 0.1862 0.3196 0.5126 0.3994 0.1481 0.1489 0.2236 0.4019 0.5021 0.2798 0.1377 0.1687 0.2782 0.4904 0.4481 0.1653 0.1422 0.2029 0.3600 0.5120 0.3343 0.1397 0.1609 0.2598 0.4703 0.4645 0.1775 0.1405 0.1976 0.3508 0.5130 0.3407 0.1399 0.1606 0.2585 0.4577 0.5079 0.4577 0.2585 0.1606 0.1399 0.3407 0.5130 0.3508 0.1976 0.1405 0.1775 0.4645 0.4703 0.2598 0.1609 0.1397 0.3343 0.5120 0.3600 0.2029 0.1422 0.1653 0.4481 0.4904 0.2782 0.1687 0.1377 0.2798 0.5021 0.4019 0.2236 0.1489 0.1481 0.3994 0.5126 0.3196 0.1862 0.1386 0.1965 0.4740 0.4614 0.2567 0.1607 0.1394 0.3239 0.5100 0.3734 0.2102 0.1447 0.1559 0.4303
0.1625 0.1456 0.2134 0.3802 0.5085 0.3139 0.1388 0.1624 0.2611 0.4679 0.4695 0.1889 0.1390 0.1887 0.3254 0.5134 0.3918 0.1466 0.1500 0.2269 0.4084 0.4998 0.2707 0.1376 0.1702 0.2816 0.4934 0.4449 0.1636 0.1426 0.2039 0.3617 0.5118 0.3334 0.1397 0.1607 0.2591 0.4688 0.4660 0.1797 0.1402 0.1962 0.3472 0.5134 0.3471 0.1404 0.1595 0.2569 0.4648 0.4748 0.3265 0.4748 0.4648 0.2569 0.1595 0.1404 0.3471 0.5134 0.3472 0.1962 0.1402 0.1797 0.4660 0.4688 0.2591 0.1607 0.1397 0.3334 0.5118 0.3617 0.2039 0.1426 0.1636 0.4449 0.4934 0.2816 0.1702 0.1376 0.2707 0.4998 0.4084 0.2269 0.1500 0.1466 0.3918 0.5134 0.3254 0.1887 0.1390 0.1889 0.4695 0.4679 0.2611 0.1624 0.1388 0.3139 0.5085 0.3802 0.2134 0.1456 0.1625
0.1536 0.2167 0.3871 0.5067 0.3036 0.1384 0.1641 0.2656 0.4742 0.4648 0.1822 0.1396 0.1913 0.3313 0.5140 0.3838 0.1453 0.1512 0.2305 0.4153 0.4973 0.2608 0.1375 0.1719 0.2855 0.4966 0.4409 0.1615 0.1430 0.2053 0.3644 0.5114 0.3310 0.1396 0.1609 0.2591 0.4682 0.4668 0.1812 0.1400 0.1952 0.3444 0.5137 0.3525 0.1408 0.1585 0.2543 0.4627 0.4710 0.1996 0.1366 0.1996 0.4710 0.4627 0.2543 0.1585 0.1408 0.3525 0.5137 0.3444 0.1952 0.1400 0.1812 0.4668 0.4682 0.2591 0.1609 0.1396 0.3310 0.5114 0.3644 0.2053 0.1430 0.1615 0.4409 0.4966 0.2855 0.1719 0.1375 0.2608 0.4973 0.4153 0.2305 0.1512 0.1453 0.3838 0.5140 0.3313 0.1913 0.1396 0.1822 0.4648 0.4742 0.2656 0.1641 0.1384 0.3036 0.5067 0.3871 0.2167 0.1536
0.2222 0.3941 0.5047 0.2931 0.1381 0.1659 0.2701 0.4801 0.4599 0.1764 0.1402 0.1939 0.3373 0.5141 0.3755 0.1441 0.1525 0.2342 0.4224 0.4945 0.2505 0.1374 0.1737 0.2899 0.4999 0.4362 0.1593 0.1436 0.2072 0.3681 0.5108 0.3270 0.1394 0.1613 0.2598 0.4688 0.4668 0.1816 0.1399 0.1945 0.3424 0.5139 0.3565 0.1412 0.1577 0.2518 0.4589 0.4724 0.1902 0.1374 0.1580 0.1374 0.1902 0.4724 0.4589 0.2518 0.1577 0.1412 0.3565 0.5139 0.3424 0.1945 0.1399 0.1816 0.4668 0.4688 0.2598 0.1613 0.1394 0.3270 0.5108 0.3681 0.2072 0.1436 0.1593 0.4362 0.4999 0.2899 0.1737 0.1374 0.2505 0.4945 0.4224 0.2342 0.1525 0.1441 0.3755 0.5141 0.3373 0.1939 0.1402 0.1764 0.4599 0.4801 0.2701 0.1659 0.1381 0.2931 0.5047 0.3941 0.2222
0.3963 0.5025 0.2825 0.1378 0.1677 0.2748 0.4857 0.4546 0.1714 0.1409 0.1967 0.3435 0.5140 0.3669 0.1430 0.1538 0.2380 0.4295 0.4914 0.2401 0.1375 0.1757 0.2947 0.5031 0.4307 0.1570 0.1443 0.2094 0.3726 0.5100 0.3217 0.1391 0.1619 0.2612 0.4703 0.4660 0.1812 0.1399 0.1943 0.3414 0.5140 0.3593 0.1416 0.1570 0.2497 0.4552 0.4747 0.1922 0.1388 0.1845 0.2550 0.1845 0.1388 0.1922 0.4747 0.4552 0.2497 0.1570 0.1416 0.3593 0.5140 0.3414 0.1943 0.1399 0.1812 0.4660 0.4703 0.2612 0.1619 0.1391 0.3217 0.5100 0.3726 0.2094 0.1443 0.1570 0.4307 0.5031 0.2947 0.1757 0.1375 0.2401 0.4914 0.4295 0.2380 0.1538 0.1430 0.3669 0.5140 0.3435 0.1967 0.1409 0.1714 0.4546 0.4857 0.2748 0.1677 0.1378 0.2825 0.5025 0.3963
0.5006 0.2718 0.1376 0.1696 0.2796 0.4907 0.4491 0.1671 0.1416 0.1995 0.3498 0.5136 0.3581 0.1420 0.1552 0.2419 0.4366 0.4880 0.2298 0.1376 0.1779 0.2998 0.5059 0.4247 0.1549 0.1451 0.2120 0.3778 0.5089 0.3150 0.1388 0.1628 0.2633 0.4727 0.4645 0.1797 0.1400 0.1945 0.3414 0.5140 0.3607 0.1418 0.1565 0.2482 0.4523 0.4767 0.1958 0.1389 0.1889 0.3199 0.4651 0.3199 0.1889 0.1389 0.1958 0.4767 0.4523 0.2482 0.1565 0.1418 0.3607 0.5140 0.3414 0.1945 0.1400 0.1797 0.4645 0.4727 0.2633 0.1628 0.1388 0.3150 0.5089 0.3778 0.2120 0.1451 0.1549 0.4247 0.5059 0.2998 0.1779 0.1376 0.2298 0.4880 0.4366 0.2419 0.1552 0.1420 0.3581 0.5136 0.3498 0.1995 0.1416 0.1671 0.4491 0.4907 0.2796 0.1696 0.1376 0.2718 0.5006
0.2672 0.1375 0.1716 0.2845 0.4953 0.4434 0.1634 0.1424 0.2023 0.3562 0.5130 0.3489 0.1412 0.1567 0.2459 0.4437 0.4844 0.2198 0.1378 0.1801 0.3051 0.5083 0.4181 0.1528 0.1461 0.2149 0.3837 0.5075 0.3070 0.1385 0.1640 0.2660 0.4759 0.4622 0.1775 0.1402 0.1952 0.3424 0.5140 0.3607 0.1418 0.1563 0.2472 0.4502 0.4782 0.1992 0.1387 0.1887 0.3276 0.5117 0.4694 0.5117 0.3276 0.1887 0.1387 0.1992 0.4782 0.4502 0.2472 0.1563 0.1418 0.3607 0.5140 0.3424 0.1952 0.1402 0.1775 0.4622 0.4759 0.2660 0.1640 0.1385 0.3070 0.5075 0.3837 0.2149 0.1461 0.1528 0.4181 0.5083 0.3051 0.1801 0.1378 0.2198 0.4844 0.4437 0.2459 0.1567 0.1412 0.3489 0.5130 0.3562 0.2023 0.1424 0.1634 0.4434 0.4953 0.2845 0.1716 0.1375 0.2672
0.1463 0.1736 0.2895 0.4994 0.4375 0.1602 0.1432 0.2053 0.3628 0.5120 0.3395 0.1404 0.1582 0.2500 0.4506 0.4806 0.2104 0.1380 0.1824 0.3106 0.5103 0.4112 0.1508 0.1471 0.2180 0.3901 0.5058 0.2981 0.1382 0.1653 0.2692 0.4798 0.4593 0.1747 0.1405 0.1962 0.3444 0.5139 0.3593 0.1418 0.1563 0.2469 0.4492 0.4792 0.2017 0.1386 0.1879 0.3272 0.5135 0.3958 0.1904 0.3959 0.5135 0.3271 0.1879 0.1386 0.2017 0.4792 0.4492 0.2469 0.1563 0.1418 0.3593 0.5139 0.3444 0.1962 0.1405 0.1747 0.4593 0.4798 0.2692 0.1653 0.1382 0.2981 0.5058 0.3901 0.2180 0.1471 0.1508 0.4112 0.5103 0.3106 0.1824 0.1380 0.2104 0.4806 0.4506 0.2500 0.1582 0.1404 0.3395 0.5120 0.3628 0.2053 0.1432 0.1602 0.4375 0.4994 0.2895 0.1736 0.1463
0.1803 0.2946 0.5029 0.4313 0.1574 0.1441 0.2083 0.3694 0.5109 0.3298 0.1397 0.1597 0.2542 0.4575 0.4765 0.2015 0.1383 0.1848 0.3162 0.5118 0.4040 0.1491 0.1481 0.2213 0.3969 0.5038 0.2885 0.1379 0.1669 0.2729 0.4840 0.4556 0.1716 0.1410 0.1976 0.3472 0.5137 0.3565 0.1416 0.1565 0.2472 0.4492 0.4795 0.2030 0.1385 0.1872 0.3258 0.5138 0.3836 0.1460 0.1372 0.1461 0.3845 0.5138 0.3254 0.1871 0.1385 0.2029 0.4795 0.4492 0.2472 0.1565 0.1416 0.3565 0.5137 0.3472 0.1976 0.1410 0.1716 0.4556 0.4840 0.2729 0.1669 0.1379 0.2885 0.5038 0.3969 0.2213 0.1481 0.1491 0.4040 0.5118 0.3162 0.1848 0.1383 0.2015 0.4765 0.4575 0.2542 0.1597 0.1397 0.3298 0.5109 0.3694 0.2083 0.1441 0.1574 0.4313 0.5029 0.2946 0.1803
0.2986 0.5060 0.4248 0.1550 0.1450 0.2115 0.3761 0.5094 0.3199 0.1391 0.1614 0.2585 0.4641 0.4722 0.1933 0.1388 0.1872 0.3219 0.5129 0.3964 0.1475 0.1493 0.2247 0.4038 0.5015 0.2783 0.1377 0.1686 0.2771 0.4884 0.4513 0.1683 0.1415 0.1994 0.3508 0.5134 0.3525 0.1412 0.1570 0.2482 0.4502 0.4792 0.2030 0.1382 0.1866 0.3235 0.5136 0.3835 0.1443 0.1491 0.1861 0.1487 0.1449 0.3835 0.5134 0.3247 0.1865 0.1386 0.2025 0.4792 0.4502 0.2482 0.1570 0.1412 0.3525 0.5134 0.3508 0.1994 0.1415 0.1683 0.4513 0.4884 0.2771 0.1686 0.1377 0.2783 0.5015 0.4038 0.2247 0.1493 0.1475 0.3964 0.5129 0.3219 0.1872 0.1388 0.1933 0.4722 0.4641 0.2585 0.1614 0.1391 0.3199 0.5094 0.3761 0.2115 0.1450 0.1550 0.4248 0.5060 0.2986
0.5052 0.4181 0.1528 0.1460 0.2147 0.3830 0.5078 0.3098 0.1387 0.1631 0.2629 0.4705 0.4677 0.1861 0.1392 0.1897 0.3277 0.5137 0.3886 0.1461 0.1505 0.2283 0.4109 0.4990 0.2678 0.1375 0.1704 0.2816 0.4928 0.4464 0.1650 0.1421 0.2016 0.3553 0.5130 0.3471 0.1408 0.1577 0.2497 0.4523 0.4782 0.2016 0.1385 0.1867 0.3240 0.5143 0.3832 0.1440 0.1528 0.2287 0.3286 0.2272 0.1515 0.1451 0.3899 0.5135 0.3232 0.1864 0.1384 0.2018 0.4782 0.4523 0.2497 0.1577 0.1408 0.3471 0.5130 0.3553 0.2016 0.1421 0.1650 0.4464 0.4928 0.2816 0.1704 0.1375 0.2678 0.4990 0.4109 0.2283 0.1505 0.1461 0.3886 0.5137 0.3277 0.1897 0.1392 0.1861 0.4677 0.4705 0.2629 0.1631 0.1387 0.3098 0.5078 0.3830 0.2147 0.1460 0.1528 0.4181 0.5052
0.4143 0.1508 0.1471 0.2179 0.3899 0.5059 0.2995 0.1383 0.1648 0.2673 0.4765 0.4629 0.1798 0.1398 0.1923 0.3336 0.5141 0.3806 0.1448 0.1517 0.2319 0.4180 0.4963 0.2572 0.1374 0.1723 0.2863 0.4970 0.4410 0.1619 0.1428 0.2040 0.3603 0.5123 0.3407 0.1404 0.1585 0.2518 0.4552 0.4767 0.1992 0.1386 0.1875 0.3286 0.5141 0.3800 0.1438 0.1534 0.2362 0.4203 0.5119 0.4081 0.2311 0.1519 0.1454 0.3878 0.5138 0.3206 0.1868 0.1386 0.1992 0.4767 0.4552 0.2518 0.1585 0.1404 0.3407 0.5123 0.3603 0.2040 0.1428 0.1619 0.4410 0.4970 0.2863 0.1723 0.1374 0.2572 0.4963 0.4180 0.2319 0.1517 0.1448 0.3806 0.5141 0.3336 0.1923 0.1398 0.1798 0.4629 0.4765 0.2673 0.1648 0.1383 0.2995 0.5059 0.3899 0.2179 0.1471 0.1508 0.4143
0.1580 0.1481 0.2212 0.3967 0.5039 0.2892 0.1379 0.1665 0.2718 0.4822 0.4580 0.1745 0.1404 0.1949 0.3395 0.5141 0.3724 0.1436 0.1530 0.2355 0.4249 0.4934 0.2469 0.1374 0.1743 0.2912 0.5007 0.4353 0.1592 0.1435 0.2066 0.3659 0.5114 0.3335 0.1399 0.1595 0.2543 0.4589 0.4747 0.1958 0.1387 0.1879 0.3260 0.5134 0.3833 0.1439 0.1524 0.2357 0.4273 0.4947 0.3806 0.4962 0.4222 0.2350 0.1526 0.1450 0.3859 0.5134 0.3242 0.1879 0.1387 0.1958 0.4747 0.4589 0.2543 0.1595 0.1399 0.3335 0.5114 0.3659 0.2066 0.1435 0.1592 0.4353 0.5007 0.2912 0.1743 0.1374 0.2469 0.4934 0.4249 0.2355 0.1530 0.1436 0.3724 0.5141 0.3395 0.1949 0.1404 0.1745 0.4580 0.4822 0.2718 0.1665 0.1379 0.2892 0.5039 0.3967 0.2212 0.1481 0.1580
0.1558 0.2243 0.4030 0.5018 0.2797 0.1377 0.1681 0.2760 0.4870 0.4532 0.1702 0.1410 0.1973 0.3451 0.5139 0.3647 0.1427 0.1541 0.2389 0.4313 0.4905 0.2374 0.1374 0.1762 0.2958 0.5036 0.4297 0.1568 0.1443 0.2091 0.3713 0.5104 0.3260 0.1394 0.1606 0.2569 0.4627 0.4724 0.1922 0.1389 0.1887 0.3272 0.5138 0.3836 0.1444 0.1525 0.2370 0.4306 0.4915 0.2571 0.1411 0.2581 0.4921 0.4271 0.2370 0.1532 0.1445 0.3837 0.5137 0.3271 0.1887 0.1389 0.1922 0.4724 0.4627 0.2569 0.1606 0.1394 0.3260 0.5104 0.3713 0.2091 0.1443 0.1568 0.4297 0.5036 0.2958 0.1762 0.1374 0.2374 0.4905 0.4313 0.2389 0.1541 0.1427 0.3647 0.5139 0.3451 0.1973 0.1410 0.1702 0.4532 0.4870 0.2760 0.1681 0.1377 0.2797 0.5018 0.4030 0.2243 0.1558
0.2279 0.4068 0.5002 0.2736 0.1374 0.1690 0.2787 0.4897 0.4500 0.1676 0.1413 0.1987 0.3487 0.5134 0.3595 0.1420 0.1547 0.2410 0.4353 0.4884 0.2314 0.1373 0.1772 0.2987 0.5051 0.4260 0.1552 0.1447 0.2106 0.3749 0.5094 0.3211 0.1390 0.1611 0.2585 0.4648 0.4710 0.1902 0.1388 0.1889 0.3276 0.5135 0.3840 0.1447 0.1521 0.2341 0.4219 0.4939 0.2439 0.1364 0.1501 0.1364 0.2432 0.4913 0.4325 0.2359 0.1521 0.1447 0.3843 0.5136 0.3276 0.1889 0.1388 0.1902 0.4710 0.4648 0.2585 0.1611 0.1390 0.3211 0.5094 0.3749 0.2106 0.1447 0.1552 0.4260 0.5051 0.2987 0.1772 0.1373 0.2314 0.4884 0.4353 0.2410 0.1547 0.1420 0.3595 0.5134 0.3487 0.1987 0.1413 0.1676 0.4500 0.4897 0.2787 0.1690 0.1374 0.2736 0.5002 0.4068 0.2279
0.3949 0.5014 0.2845 0.1368 0.1660 0.2735 0.4846 0.4545 0.1715 0.1397 0.1948 0.3429 0.5127 0.3684 0.1422 0.1523 0.2363 0.4288 0.4903 0.2417 0.1364 0.1739 0.2934 0.5017 0.4320 0.1571 0.1428 0.2065 0.3687 0.5095 0.3314 0.1388 0.1582 0.2530 0.4577 0.4748 0.1996 0.1374 0.1845 0.3199 0.5117 0.3959 0.1461 0.1491 0.2287 0.4150 0.4978 0.2604 0.1363 0.1679 0.2259 0.1678 0.1363 0.2578 0.4935 0.4198 0.2286 0.1495 0.1456 0.3954 0.5117 0.3199 0.1845 0.1374 0.1996 0.4748 0.4577 0.2530 0.1582 0.1388 0.3314 0.5095 0.3687 0.2065 0.1428 0.1571 0.4320 0.5017 0.2934 0.1739 0.1364 0.2417 0.4903 0.4288 0.2363 0.1523 0.1422 0.3684 0.5127 0.3429 0.1948 0.1397 0.1715 0.4545 0.4846 0.2735 0.1660 0.1368 0.2845 0.5014 0.3949
0.5096 0.3969 0.1448 0.1467 0.2211 0.4037 0.4992 0.2815 0.1354 0.1652 0.2737 0.4876 0.4518 0.1688 0.1390 0.1941 0.3447 0.5118 0.3654 0.1398 0.1516 0.2359 0.4325 0.4880 0.2391 0.1355 0.1731 0.2940 0.5033 0.4289 0.1543 0.1421 0.2060 0.3719 0.5079 0.3265 0.1366 0.1580 0.2550 0.4651 0.4694 0.1904 0.1372 0.1861 0.3313 0.5127 0.3804 0.1416 0.1498 0.2243 0.3249 0.2233 0.1494 0.1416 0.3756 0.5122 0.3318 0.1874 0.1372 0.1902 0.4694 0.4651 0.2550 0.1580 0.1366 0.3265 0.5079 0.3719 0.2060 0.1421 0.1543 0.4289 0.5033 0.2940 0.1731 0.1355 0.2391 0.4880 0.4325 0.2359 0.1516 0.1398 0.3654 0.5118 0.3447 0.1941 0.1390 0.1688 0.4518 0.4876 0.2737 0.1652 0.1354 0.2815 0.4992 0.4037 0.2211 0.1467 0.1448 0.3969 0.5096
0.3949 0.5014 0.2845 0.1368 0.1660 0.2735 0.4846 0.4545 0.1715 0.1397 0.1948 0.3429 0.5127 0.3684 0.1422 0.1523 0.2363 0.4288 0.4903 0.2417 0.1364 0.1739 0.2934 0.5017 0.4320 0.1571 0.1428 0.2065 0.3687 0.5095 0.3314 0.1388 0.1582 0.2530 0.4577 0.4748 0.1996 0.1374 0.1845 0.3199 0.5117 0.3959 0.1461 0.1489 0.2267 0.4140 0.4958 0.2579 0.1364 0.1664 0.2223 0.1670 0.1364 0.2551 0.4947 0.4128 0.2266 0.1488 0.1464 0.3959 0.5117 0.3199 0.1845 0.1374 0.1996 0.4748 0.4577 0.2530 0.1582 0.1388 0.3314 0.5095 0.3687 0.2065 0.1428 0.1571 0.4320 0.5017 0.2934 0.1739 0.1364 0.2417 0.4903 0.4288 0.2363 0.1523 0.1422 0.3684 0.5127 0.3429 0.1948 0.1397 0.1715 0.4545 0.4846 0.2735 0.1660 0.1368 0.2845 0.5014 0.3949
0.2279 0.4068 0.5002 0.2736 0.1374 0.1690 0.2787 0.4897 0.4500 0.1676 0.1413 0.1987 0.3487 0.5134 0.3595 0.1420 0.1547 0.2410 0.4353 0.4884 0.2314 0.1373 0.1772 0.2987 0.5051 0.4260 0.1552 0.1447 0.2106 0.3749 0.5094 0.3211 0.1390 0.1611 0.2585 0.4648 0.4710 0.1902 0.1388 0.1889 0.3276 0.5135 0.3841 0.1448 0.1515 0.2337 0.4291 0.4900 0.2395 0.1362 0.1486 0.1363 0.2452 0.4919 0.4268 0.2337 0.1522 0.1450 0.3850 0.5135 0.3275 0.1889 0.1388 0.1902 0.4710 0.4648 0.2585 0.1611 0.1390 0.3211 0.5094 0.3749 0.2106 0.1447 0.1552 0.4260 0.5051 0.2987 0.1772 0.1373 0.2314 0.4884 0.4353 0.2410 0.1547 0.1420 0.3595 0.5134 0.3487 0.1987 0.1413 0.1676 0.4500 0.4897 0.2787 0.1690 0.1374 0.2736 0.5002 0.4068 0.2279
0.1558 0.2243 0.4030 0.5018 0.2797 0.1377 0.1681 0.2760 0.4870 0.4532 0.1702 0.1410 0.1973 0.3451 0.5139 0.3647 0.1427 0.1541 0.2389 0.4313 0.4905 0.2374 0.1374 0.1762 0.2958 0.5036 0.4297 0.1568 0.1443 0.2091 0.3713 0.5104 0.3260 0.1394 0.1606 0.2569 0.4627 0.4724 0.1922 0.1389 0.1887 0.3272 0.5138 0.3822 0.1444 0.1520 0.2369 0.4291 0.4900 0.2550 0.1419 0.2549 0.4931 0.4262 0.2350 0.1519 0.1455 0.3872 0.5138 0.3269 0.1887 0.1389 0.1922 0.4724 0.4627 0.2569 0.1606 0.1394 0.3260 0.5104 0.3713 0.2091 0.1443 0.1568 0.4297 0.5036 0.2958 0.1762 0.1374 0.2374 0.4905 0.4313 0.2389 0.1541 0.1427 0.3647 0.5139 0.3451 0.1973 0.1410 0.1702 0.4532 0.4870 0.2760 0.1681 0.1377 0.2797 0.5018 0.4030 0.2243 0.1558
0.1580 0.1481 0.2212 0.3967 0.5039 0.2892 0.1379 0.1665 0.2718 0.4822 0.4580 0.1745 0.1404 0.1949 0.3395 0.5141 0.3724 0.1436 0.1530 0.2355 0.4249 0.4934 0.2469 0.1374 0.1743 0.2912 0.5007 0.4353 0.1592 0.1435 0.2066 0.3659 0.5114 0.3335 0.1399 0.1595 0.2543 0.4589 0.4747 0.1958 0.1387 0.1879 0.3256 0.5134 0.3833 0.1449 0.1527 0.2364 0.4303 0.4946 0.3830 0.4950 0.4225 0.2328 0.1516 0.1452 0.3879 0.5135 0.3203 0.1877 0.1387 0.1958 0.4747 0.4589 0.2543 0.1595 0.1399 0.3335 0.5114 0.3659 0.2066 0.1435 0.1592 0.4353 0.5007 0.2912 0.1743 0.1374 0.2469 0.4934 0.4249 0.2355 0.1530 0.1436 0.3724 0.5141 0.3395 0.1949 0.1404 0.1745 0.4580 0.4822 0.2718 0.1665 0.1379 0.2892 0.5039 0.3967 0.2212 0.1481 0.1580
0.4143 0.1508 0.1471 0.2179 0.3899 0.5059 0.2995 0.1383 0.1648 0.2673 0.4765 0.4629 0.1798 0.1398 0.1923 0.3336 0.5141 0.3806 0.1448 0.1517 0.2319 0.4180 0.4963 0.2572 0.1374 0.1723 0.2863 0.4970 0.4410 0.1619 0.1428 0.2040 0.3603 0.5123 0.3407 0.1404 0.1585 0.2518 0.4552 0.4767 0.1992 0.1386 0.1873 0.3256 0.5140 0.3855 0.1450 0.1528 0.2371 0.4185 0.5119 0.4166 0.2325 0.1521 0.1454 0.3845 0.5135 0.3229 0.1860 0.1385 0.1992 0.4767 0.4552 0.2518 0.1585 0.1404 0.3407 0.5123 0.3603 0.2040 0.1428 0.1619 0.4410 0.4970 0.2863 0.1723 0.1374 0.2572 0.4963 0.4180 0.2319 0.1517 0.1448 0.3806 0.5141 0.3336 0.1923 0.1398 0.1798 0.4629 0.4765 0.2673 0.1648 0.1383 0.2995 0.5059 0.3899 0.2179 0.1471 0.1508 0.4143
