0.1986 0.1484 0.2008 0.3485 0.5120 0.3408 0.1486 0.1675 0.2647 0.4732 0.4582 0.1766 0.1498 0.2075 0.3639 0.5096 0.3173 0.1474 0.1713 0.2753 0.4866 0.4451 0.1685 0.1516 0.2145 0.3797 0.5058 0.2928 0.1467 0.1756 0.2865 0.4974 0.4305 0.1626 0.1536 0.2220 0.3960 0.5007 0.2676 0.1463 0.1802 0.2984 0.5051 0.4145 0.1581 0.1559 0.2299 0.4117 0.4957 0.2702 0.1509 0.2702 0.4957 0.4117 0.2299 0.1559 0.1581 0.4145 0.5051 0.2984 0.1802 0.1463 0.2676 0.5007 0.3960 0.2220 0.1536 0.1626 0.4305 0.4974 0.2865 0.1756 0.1467 0.2928 0.5058 0.3797 0.2145 0.1516 0.1685 0.4451 0.4866 0.2753 0.1713 0.1474 0.3173 0.5096 0.3639 0.2075 0.1498 0.1766 0.4582 0.4732 0.2647 0.1675 0.1486 0.3408 0.5120 0.3485 0.2008 0.1484 0.1986
0.1484 0.1961 0.3470 0.5135 0.3451 0.1401 0.1604 0.2601 0.4728 0.4611 0.1725 0.1414 0.2016 0.3612 0.5112 0.3224 0.1388 0.1644 0.2709 0.4865 0.4483 0.1629 0.1434 0.2088 0.3772 0.5076 0.2978 0.1379 0.1688 0.2824 0.4978 0.4340 0.1560 0.1456 0.2165 0.3938 0.5026 0.2722 0.1375 0.1736 0.2945 0.5059 0.4183 0.1508 0.1481 0.2247 0.4106 0.4967 0.2527 0.1365 0.1491 0.1365 0.2527 0.4967 0.4106 0.2247 0.1481 0.1508 0.4183 0.5059 0.2945 0.1736 0.1375 0.2722 0.5026 0.3938 0.2165 0.1456 0.1560 0.4340 0.4978 0.2824 0.1688 0.1379 0.2978 0.5076 0.3772 0.2088 0.1434 0.1629 0.4483 0.4865 0.2709 0.1644 0.1388 0.3224 0.5112 0.3612 0.2016 0.1414 0.1725 0.4611 0.4728 0.2601 0.1604 0.1401 0.3451 0.5135 0.3470 0.1961 0.1484
0.2008 0.3470 0.5136 0.3507 0.1407 0.1590 0.2562 0.4668 0.4658 0.1776 0.1407 0.1988 0.3547 0.5123 0.3322 0.1393 0.1627 0.2663 0.4810 0.4537 0.1665 0.1425 0.2058 0.3705 0.5092 0.3081 0.1382 0.1669 0.2775 0.4934 0.4401 0.1586 0.1446 0.2132 0.3868 0.5048 0.2830 0.1376 0.1715 0.2893 0.5028 0.4250 0.1528 0.1470 0.2212 0.4037 0.4991 0.2587 0.1372 0.1697 0.2282 0.1697 0.1372 0.2587 0.4991 0.4037 0.2212 0.1470 0.1528 0.4250 0.5028 0.2893 0.1715 0.1376 0.2830 0.5048 0.3868 0.2132 0.1446 0.1586 0.4401 0.4934 0.2775 0.1669 0.1382 0.3081 0.5092 0.3705 0.2058 0.1425 0.1665 0.4537 0.4810 0.2663 0.1627 0.1393 0.3322 0.5123 0.3547 0.1988 0.1407 0.1776 0.4658 0.4668 0.2562 0.1590 0.1407 0.3507 0.5136 0.3470 0.2008
0.3485 0.5135 0.3507 0.1409 0.1583 0.2533 0.4618 0.4698 0.1830 0.1401 0.1961 0.3484 0.5131 0.3417 0.1399 0.1610 0.2618 0.4751 0.4590 0.1707 0.1417 0.2028 0.3638 0.5107 0.3183 0.1386 0.1651 0.2727 0.4885 0.4460 0.1616 0.1437 0.2101 0.3799 0.5068 0.2936 0.1378 0.1695 0.2843 0.4993 0.4315 0.1551 0.1460 0.2178 0.3966 0.5016 0.2683 0.1374 0.1729 0.2830 0.4179 0.2830 0.1729 0.1374 0.2683 0.5016 0.3966 0.2178 0.1460 0.1551 0.4315 0.4993 0.2843 0.1695 0.1378 0.2936 0.5068 0.3799 0.2101 0.1437 0.1616 0.4460 0.4885 0.2727 0.1651 0.1386 0.3183 0.5107 0.3638 0.2028 0.1417 0.1707 0.4590 0.4751 0.2618 0.1610 0.1399 0.3417 0.5131 0.3484 0.1961 0.1401 0.1830 0.4698 0.4618 0.2533 0.1583 0.1409 0.3507 0.5135 0.3485
0.5120 0.3451 0.1407 0.1583 0.2523 0.4588 0.4725 0.1878 0.1396 0.1938 0.3427 0.5137 0.3507 0.1405 0.1594 0.2575 0.4690 0.4641 0.1756 0.1410 0.1999 0.3572 0.5119 0.3283 0.1391 0.1633 0.2681 0.4832 0.4516 0.1650 0.1428 0.2070 0.3732 0.5085 0.3040 0.1381 0.1676 0.2794 0.4952 0.4377 0.1575 0.1450 0.2146 0.3897 0.5039 0.2787 0.1375 0.1720 0.2884 0.4940 0.4941 0.4940 0.2884 0.1720 0.1375 0.2787 0.5039 0.3897 0.2146 0.1450 0.1575 0.4377 0.4952 0.2794 0.1676 0.1381 0.3040 0.5085 0.3732 0.2070 0.1428 0.1650 0.4516 0.4832 0.2681 0.1633 0.1391 0.3283 0.5119 0.3572 0.1999 0.1410 0.1756 0.4641 0.4690 0.2575 0.1594 0.1405 0.3507 0.5137 0.3427 0.1938 0.1396 0.1878 0.4725 0.4588 0.2523 0.1583 0.1407 0.3451 0.5120
0.3408 0.1401 0.1590 0.2533 0.4588 0.4735 0.1908 0.1393 0.1920 0.3380 0.5140 0.3588 0.1413 0.1579 0.2533 0.4627 0.4688 0.1812 0.1403 0.1971 0.3508 0.5128 0.3380 0.1396 0.1616 0.2636 0.4775 0.4569 0.1689 0.1420 0.2040 0.3665 0.5101 0.3142 0.1384 0.1658 0.2746 0.4905 0.4437 0.1603 0.1441 0.2114 0.3827 0.5060 0.2893 0.1377 0.1703 0.2856 0.4984 0.4439 0.2607 0.4439 0.4984 0.2856 0.1703 0.1377 0.2893 0.5060 0.3827 0.2114 0.1441 0.1603 0.4437 0.4905 0.2746 0.1658 0.1384 0.3142 0.5101 0.3665 0.2040 0.1420 0.1689 0.4569 0.4775 0.2636 0.1616 0.1396 0.3380 0.5128 0.3508 0.1971 0.1403 0.1812 0.4688 0.4627 0.2533 0.1579 0.1413 0.3588 0.5140 0.3380 0.1920 0.1393 0.1908 0.4735 0.4588 0.2533 0.1590 0.1401 0.3408
0.1486 0.1604 0.2562 0.4618 0.4725 0.1908 0.1392 0.1910 0.3348 0.5142 0.3653 0.1420 0.1566 0.2496 0.4565 0.4730 0.1876 0.1397 0.1944 0.3445 0.5135 0.3474 0.1403 0.1600 0.2592 0.4715 0.4621 0.1735 0.1413 0.2011 0.3599 0.5114 0.3243 0.1389 0.1640 0.2699 0.4854 0.4494 0.1636 0.1432 0.2082 0.3759 0.5079 0.2998 0.1379 0.1684 0.2812 0.4962 0.4387 0.1634 0.1353 0.1634 0.4387 0.4962 0.2812 0.1684 0.1379 0.2998 0.5079 0.3759 0.2082 0.1432 0.1636 0.4494 0.4854 0.2699 0.1640 0.1389 0.3243 0.5114 0.3599 0.2011 0.1413 0.1735 0.4621 0.4715 0.2592 0.1600 0.1403 0.3474 0.5135 0.3445 0.1944 0.1397 0.1876 0.4730 0.4565 0.2496 0.1566 0.1420 0.3653 0.5142 0.3348 0.1910 0.1392 0.1908 0.4725 0.4618 0.2562 0.1604 0.1486
0.1675 0.2601 0.4668 0.4698 0.1878 0.1393 0.1910 0.3336 0.5142 0.3696 0.1425 0.1556 0.2464 0.4508 0.4768 0.1943 0.1392 0.1919 0.3385 0.5140 0.3566 0.1410 0.1584 0.2548 0.4651 0.4669 0.1788 0.1405 0.1982 0.3534 0.5125 0.3341 0.1394 0.1623 0.2654 0.4799 0.4548 0.1673 0.1423 0.2052 0.3691 0.5095 0.3102 0.1383 0.1665 0.2765 0.4923 0.4421 0.1607 0.1411 0.1690 0.1411 0.1607 0.4421 0.4923 0.2765 0.1665 0.1383 0.3102 0.5095 0.3691 0.2052 0.1423 0.1673 0.4548 0.4799 0.2654 0.1623 0.1394 0.3341 0.5125 0.3534 0.1982 0.1405 0.1788 0.4669 0.4651 0.2548 0.1584 0.1410 0.3566 0.5140 0.3385 0.1919 0.1392 0.1943 0.4768 0.4508 0.2464 0.1556 0.1425 0.3696 0.5142 0.3336 0.1910 0.1393 0.1878 0.4698 0.4668 0.2601 0.1675
0.2647 0.4728 0.4658 0.1830 0.1396 0.1920 0.3348 0.5142 0.3711 0.1429 0.1550 0.2441 0.4461 0.4799 0.2008 0.1388 0.1895 0.3328 0.5141 0.3652 0.1418 0.1569 0.2506 0.4585 0.4715 0.1850 0.1399 0.1954 0.3470 0.5133 0.3437 0.1400 0.1607 0.2609 0.4739 0.4600 0.1716 0.1416 0.2022 0.3625 0.5109 0.3203 0.1387 0.1647 0.2718 0.4875 0.4473 0.1626 0.1428 0.2004 0.2835 0.2004 0.1428 0.1626 0.4473 0.4875 0.2718 0.1647 0.1387 0.3203 0.5109 0.3625 0.2022 0.1416 0.1716 0.4600 0.4739 0.2609 0.1607 0.1400 0.3437 0.5133 0.3470 0.1954 0.1399 0.1850 0.4715 0.4585 0.2506 0.1569 0.1418 0.3652 0.5141 0.3328 0.1895 0.1388 0.2008 0.4799 0.4461 0.2441 0.1550 0.1429 0.3711 0.5142 0.3348 0.1920 0.1396 0.1830 0.4658 0.4728 0.2647
0.4732 0.4611 0.1776 0.1401 0.1938 0.3380 0.5142 0.3696 0.1429 0.1547 0.2428 0.4429 0.4821 0.2065 0.1385 0.1875 0.3279 0.5141 0.3731 0.1427 0.1555 0.2467 0.4518 0.4758 0.1921 0.1393 0.1928 0.3408 0.5138 0.3530 0.1407 0.1591 0.2566 0.4677 0.4650 0.1766 0.1408 0.1993 0.3560 0.5121 0.3302 0.1392 0.1630 0.2672 0.4822 0.4527 0.1659 0.1425 0.2044 0.3554 0.4964 0.3554 0.2044 0.1425 0.1659 0.4527 0.4822 0.2672 0.1630 0.1392 0.3302 0.5121 0.3560 0.1993 0.1408 0.1766 0.4650 0.4677 0.2566 0.1591 0.1407 0.3530 0.5138 0.3408 0.1928 0.1393 0.1921 0.4758 0.4518 0.2467 0.1555 0.1427 0.3731 0.5141 0.3279 0.1875 0.1385 0.2065 0.4821 0.4429 0.2428 0.1547 0.1429 0.3696 0.5142 0.3380 0.1938 0.1401 0.1776 0.4611 0.4732
0.4582 0.1725 0.1407 0.1961 0.3427 0.5140 0.3653 0.1425 0.1550 0.2428 0.4418 0.4832 0.2104 0.1383 0.1860 0.3237 0.5138 0.3800 0.1436 0.1543 0.2429 0.4452 0.4798 0.2000 0.1388 0.1902 0.3347 0.5141 0.3620 0.1415 0.1575 0.2523 0.4612 0.4697 0.1824 0.1401 0.1965 0.3495 0.5130 0.3399 0.1397 0.1613 0.2627 0.4764 0.4580 0.1698 0.1418 0.2029 0.3613 0.5116 0.4411 0.5116 0.3613 0.2029 0.1418 0.1698 0.4580 0.4764 0.2627 0.1613 0.1397 0.3399 0.5130 0.3495 0.1965 0.1401 0.1824 0.4697 0.4612 0.2523 0.1575 0.1415 0.3620 0.5141 0.3347 0.1902 0.1388 0.2000 0.4798 0.4452 0.2429 0.1543 0.1436 0.3800 0.5138 0.3237 0.1860 0.1383 0.2104 0.4832 0.4418 0.2428 0.1550 0.1425 0.3653 0.5140 0.3427 0.1961 0.1407 0.1725 0.4582
0.1766 0.1414 0.1988 0.3484 0.5137 0.3588 0.1420 0.1556 0.2441 0.4429 0.4832 0.2118 0.1382 0.1850 0.3207 0.5134 0.3856 0.1445 0.1532 0.2396 0.4390 0.4834 0.2082 0.1384 0.1877 0.3288 0.5141 0.3707 0.1424 0.1560 0.2482 0.4544 0.4742 0.1892 0.1395 0.1938 0.3432 0.5137 0.3493 0.1404 0.1597 0.2583 0.4702 0.4631 0.1745 0.1411 0.2004 0.3576 0.5119 0.3509 0.1606 0.3509 0.5119 0.3576 0.2004 0.1411 0.1745 0.4631 0.4702 0.2583 0.1597 0.1404 0.3493 0.5137 0.3432 0.1938 0.1395 0.1892 0.4742 0.4544 0.2482 0.1560 0.1424 0.3707 0.5141 0.3288 0.1877 0.1384 0.2082 0.4834 0.4390 0.2396 0.1532 0.1445 0.3856 0.5134 0.3207 0.1850 0.1382 0.2118 0.4832 0.4429 0.2441 0.1556 0.1420 0.3588 0.5137 0.3484 0.1988 0.1414 0.1766
0.1498 0.2016 0.3547 0.5131 0.3507 0.1413 0.1566 0.2464 0.4461 0.4821 0.2104 0.1382 0.1846 0.3191 0.5131 0.3896 0.1452 0.1523 0.2367 0.4334 0.4865 0.2164 0.1381 0.1854 0.3231 0.5138 0.3790 0.1434 0.1546 0.2441 0.4476 0.4784 0.1968 0.1390 0.1912 0.3371 0.5140 0.3584 0.1412 0.1581 0.2540 0.4638 0.4679 0.1800 0.1404 0.1976 0.3519 0.5127 0.3414 0.1403 0.1405 0.1403 0.3414 0.5127 0.3519 0.1976 0.1404 0.1800 0.4679 0.4638 0.2540 0.1581 0.1412 0.3584 0.5140 0.3371 0.1912 0.1390 0.1968 0.4784 0.4476 0.2441 0.1546 0.1434 0.3790 0.5138 0.3231 0.1854 0.1381 0.2164 0.4865 0.4334 0.2367 0.1523 0.1452 0.3896 0.5131 0.3191 0.1846 0.1382 0.2104 0.4821 0.4461 0.2464 0.1566 0.1413 0.3507 0.5131 0.3547 0.2016 0.1498
0.2075 0.3612 0.5123 0.3417 0.1405 0.1579 0.2496 0.4508 0.4799 0.2065 0.1383 0.1850 0.3191 0.5130 0.3917 0.1457 0.1517 0.2345 0.4287 0.4890 0.2240 0.1379 0.1833 0.3180 0.5132 0.3868 0.1445 0.1533 0.2402 0.4406 0.4823 0.2053 0.1386 0.1886 0.3311 0.5141 0.3672 0.1420 0.1566 0.2498 0.4572 0.4724 0.1864 0.1398 0.1949 0.3457 0.5134 0.3469 0.1403 0.1551 0.1997 0.1551 0.1403 0.3469 0.5134 0.3457 0.1949 0.1398 0.1864 0.4724 0.4572 0.2498 0.1566 0.1420 0.3672 0.5141 0.3311 0.1886 0.1386 0.2053 0.4823 0.4406 0.2402 0.1533 0.1445 0.3868 0.5132 0.3180 0.1833 0.1379 0.2240 0.4890 0.4287 0.2345 0.1517 0.1457 0.3917 0.5130 0.3191 0.1850 0.1383 0.2065 0.4799 0.4508 0.2496 0.1579 0.1405 0.3417 0.5123 0.3612 0.2075
0.3639 0.5112 0.3322 0.1399 0.1594 0.2533 0.4565 0.4768 0.2008 0.1385 0.1860 0.3207 0.5131 0.3917 0.1459 0.1513 0.2331 0.4253 0.4909 0.2304 0.1377 0.1815 0.3134 0.5123 0.3938 0.1457 0.1520 0.2365 0.4337 0.4860 0.2144 0.1382 0.1862 0.3252 0.5139 0.3758 0.1430 0.1552 0.2457 0.4503 0.4767 0.1937 0.1392 0.1922 0.3395 0.5139 0.3552 0.1409 0.1576 0.2441 0.3575 0.2441 0.1576 0.1409 0.3552 0.5139 0.3395 0.1922 0.1392 0.1937 0.4767 0.4503 0.2457 0.1552 0.1430 0.3758 0.5139 0.3252 0.1862 0.1382 0.2144 0.4860 0.4337 0.2365 0.1520 0.1457 0.3938 0.5123 0.3134 0.1815 0.1377 0.2304 0.4909 0.4253 0.2331 0.1513 0.1459 0.3917 0.5131 0.3207 0.1860 0.1385 0.2008 0.4768 0.4565 0.2533 0.1594 0.1399 0.3322 0.5112 0.3639
0.5096 0.3224 0.1393 0.1610 0.2575 0.4627 0.4730 0.1943 0.1388 0.1875 0.3237 0.5134 0.3896 0.1457 0.1513 0.2327 0.4235 0.4920 0.2351 0.1376 0.1801 0.3096 0.5114 0.3999 0.1468 0.1509 0.2331 0.4270 0.4893 0.2238 0.1379 0.1837 0.3194 0.5134 0.3841 0.1441 0.1538 0.2417 0.4434 0.4808 0.2018 0.1387 0.1896 0.3334 0.5141 0.3639 0.1417 0.1569 0.2489 0.4426 0.5105 0.4426 0.2489 0.1569 0.1417 0.3639 0.5141 0.3334 0.1896 0.1387 0.2018 0.4808 0.4434 0.2417 0.1538 0.1441 0.3841 0.5134 0.3194 0.1837 0.1379 0.2238 0.4893 0.4270 0.2331 0.1509 0.1468 0.3999 0.5114 0.3096 0.1801 0.1376 0.2351 0.4920 0.4235 0.2327 0.1513 0.1457 0.3896 0.5134 0.3237 0.1875 0.1388 0.1943 0.4730 0.4627 0.2575 0.1610 0.1393 0.3224 0.5096
0.3173 0.1388 0.1627 0.2618 0.4690 0.4688 0.1876 0.1392 0.1895 0.3279 0.5138 0.3856 0.1452 0.1517 0.2331 0.4235 0.4924 0.2376 0.1376 0.1791 0.3066 0.5104 0.4050 0.1479 0.1500 0.2300 0.4208 0.4923 0.2332 0.1377 0.1815 0.3138 0.5125 0.3920 0.1453 0.1525 0.2378 0.4363 0.4846 0.2107 0.1383 0.1871 0.3275 0.5141 0.3724 0.1426 0.1557 0.2467 0.4490 0.4837 0.3478 0.4837 0.4490 0.2467 0.1557 0.1426 0.3724 0.5141 0.3275 0.1871 0.1383 0.2107 0.4846 0.4363 0.2378 0.1525 0.1453 0.3920 0.5125 0.3138 0.1815 0.1377 0.2332 0.4923 0.4208 0.2300 0.1500 0.1479 0.4050 0.5104 0.3066 0.1791 0.1376 0.2376 0.4924 0.4235 0.2331 0.1517 0.1452 0.3856 0.5138 0.3279 0.1895 0.1392 0.1876 0.4688 0.4690 0.2618 0.1627 0.1388 0.3173
0.1474 0.1644 0.2663 0.4751 0.4641 0.1812 0.1397 0.1919 0.3328 0.5141 0.3800 0.1445 0.1523 0.2345 0.4253 0.4920 0.2376 0.1375 0.1786 0.3048 0.5096 0.4088 0.1489 0.1492 0.2274 0.4152 0.4948 0.2421 0.1375 0.1794 0.3086 0.5113 0.3995 0.1466 0.1512 0.2341 0.4292 0.4881 0.2202 0.1380 0.1847 0.3217 0.5137 0.3808 0.1437 0.1543 0.2431 0.4452 0.4812 0.2216 0.1381 0.2216 0.4812 0.4452 0.2431 0.1543 0.1437 0.3808 0.5137 0.3217 0.1847 0.1380 0.2202 0.4881 0.4292 0.2341 0.1512 0.1466 0.3995 0.5113 0.3086 0.1794 0.1375 0.2421 0.4948 0.4152 0.2274 0.1492 0.1489 0.4088 0.5096 0.3048 0.1786 0.1375 0.2376 0.4920 0.4253 0.2345 0.1523 0.1445 0.3800 0.5141 0.3328 0.1919 0.1397 0.1812 0.4641 0.4751 0.2663 0.1644 0.1474
0.1713 0.2709 0.4810 0.4590 0.1756 0.1403 0.1944 0.3385 0.5141 0.3731 0.1436 0.1532 0.2367 0.4287 0.4909 0.2351 0.1376 0.1786 0.3042 0.5092 0.4112 0.1496 0.1486 0.2253 0.4105 0.4969 0.2502 0.1375 0.1775 0.3038 0.5098 0.4065 0.1481 0.1500 0.2304 0.4221 0.4915 0.2301 0.1377 0.1823 0.3159 0.5129 0.3889 0.1448 0.1530 0.2393 0.4389 0.4836 0.2121 0.1367 0.1543 0.1367 0.2121 0.4836 0.4389 0.2393 0.1530 0.1448 0.3889 0.5129 0.3159 0.1823 0.1377 0.2301 0.4915 0.4221 0.2304 0.1500 0.1481 0.4065 0.5098 0.3038 0.1775 0.1375 0.2502 0.4969 0.4105 0.2253 0.1486 0.1496 0.4112 0.5092 0.3042 0.1786 0.1376 0.2351 0.4909 0.4287 0.2367 0.1532 0.1436 0.3731 0.5141 0.3385 0.1944 0.1403 0.1756 0.4590 0.4810 0.2709 0.1713
0.2753 0.4865 0.4537 0.1707 0.1410 0.1971 0.3445 0.5140 0.3652 0.1427 0.1543 0.2396 0.4334 0.4890 0.2304 0.1376 0.1791 0.3048 0.5092 0.4120 0.1500 0.1482 0.2238 0.4070 0.4985 0.2571 0.1374 0.1759 0.2995 0.5080 0.4128 0.1496 0.1489 0.2270 0.4152 0.4945 0.2404 0.1376 0.1800 0.3103 0.5118 0.3967 0.1461 0.1517 0.2355 0.4320 0.4869 0.2177 0.1377 0.1782 0.2438 0.1782 0.1377 0.2177 0.4869 0.4320 0.2355 0.1517 0.1461 0.3967 0.5118 0.3103 0.1800 0.1376 0.2404 0.4945 0.4152 0.2270 0.1489 0.1496 0.4128 0.5080 0.2995 0.1759 0.1374 0.2571 0.4985 0.4070 0.2238 0.1482 0.1500 0.4120 0.5092 0.3048 0.1791 0.1376 0.2304 0.4890 0.4334 0.2396 0.1543 0.1427 0.3652 0.5140 0.3445 0.1971 0.1410 0.1707 0.4537 0.4865 0.2753
0.4866 0.4483 0.1665 0.1417 0.1999 0.3508 0.5135 0.3566 0.1418 0.1555 0.2429 0.4390 0.4865 0.2240 0.1377 0.1801 0.3066 0.5096 0.4112 0.1500 0.1481 0.2231 0.4048 0.4995 0.2623 0.1374 0.1745 0.2959 0.5062 0.4184 0.1511 0.1479 0.2238 0.4086 0.4973 0.2506 0.1375 0.1778 0.3049 0.5102 0.4042 0.1475 0.1504 0.2318 0.4249 0.4902 0.2265 0.1378 0.1816 0.3039 0.4464 0.3039 0.1816 0.1378 0.2265 0.4902 0.4249 0.2318 0.1504 0.1475 0.4042 0.5102 0.3049 0.1778 0.1375 0.2506 0.4973 0.4086 0.2238 0.1479 0.1511 0.4184 0.5062 0.2959 0.1745 0.1374 0.2623 0.4995 0.4048 0.2231 0.1481 0.1500 0.4112 0.5096 0.3066 0.1801 0.1377 0.2240 0.4865 0.4390 0.2429 0.1555 0.1418 0.3566 0.5135 0.3508 0.1999 0.1417 0.1665 0.4483 0.4866
0.4451 0.1629 0.1425 0.2028 0.3572 0.5128 0.3474 0.1410 0.1569 0.2467 0.4452 0.4834 0.2164 0.1379 0.1815 0.3096 0.5104 0.4088 0.1496 0.1482 0.2231 0.4041 0.5001 0.2655 0.1375 0.1735 0.2930 0.5044 0.4230 0.1525 0.1471 0.2209 0.4025 0.4997 0.2605 0.1374 0.1757 0.2997 0.5083 0.4114 0.1491 0.1492 0.2282 0.4178 0.4934 0.2365 0.1376 0.1805 0.3093 0.5070 0.4812 0.5070 0.3093 0.1805 0.1376 0.2365 0.4934 0.4178 0.2282 0.1492 0.1491 0.4114 0.5083 0.2997 0.1757 0.1374 0.2605 0.4997 0.4025 0.2209 0.1471 0.1525 0.4230 0.5044 0.2930 0.1735 0.1375 0.2655 0.5001 0.4041 0.2231 0.1482 0.1496 0.4088 0.5104 0.3096 0.1815 0.1379 0.2164 0.4834 0.4452 0.2467 0.1569 0.1410 0.3474 0.5128 0.3572 0.2028 0.1425 0.1629 0.4451
0.1685 0.1434 0.2058 0.3638 0.5119 0.3380 0.1403 0.1584 0.2506 0.4518 0.4798 0.2082 0.1381 0.1833 0.3134 0.5114 0.4050 0.1489 0.1486 0.2238 0.4048 0.5001 0.2666 0.1375 0.1729 0.2910 0.5029 0.4266 0.1538 0.1464 0.2185 0.3970 0.5018 0.2697 0.1375 0.1738 0.2948 0.5059 0.4182 0.1509 0.1481 0.2246 0.4107 0.4964 0.2469 0.1375 0.1785 0.3063 0.5097 0.4193 0.2190 0.4193 0.5097 0.3063 0.1785 0.1375 0.2469 0.4964 0.4107 0.2246 0.1481 0.1509 0.4182 0.5059 0.2948 0.1738 0.1375 0.2697 0.5018 0.3970 0.2185 0.1464 0.1538 0.4266 0.5029 0.2910 0.1729 0.1375 0.2666 0.5001 0.4048 0.2238 0.1486 0.1489 0.4050 0.5114 0.3134 0.1833 0.1381 0.2082 0.4798 0.4518 0.2506 0.1584 0.1403 0.3380 0.5119 0.3638 0.2058 0.1434 0.1685
0.1516 0.2088 0.3705 0.5107 0.3283 0.1396 0.1600 0.2548 0.4585 0.4758 0.2000 0.1384 0.1854 0.3180 0.5123 0.3999 0.1479 0.1492 0.2253 0.4070 0.4995 0.2655 0.1375 0.1727 0.2900 0.5019 0.4290 0.1549 0.1458 0.2165 0.3923 0.5034 0.2779 0.1375 0.1720 0.2902 0.5032 0.4245 0.1528 0.1471 0.2212 0.4036 0.4991 0.2575 0.1374 0.1764 0.3015 0.5087 0.4126 0.1523 0.1359 0.1523 0.4126 0.5087 0.3015 0.1764 0.1374 0.2575 0.4991 0.4036 0.2212 0.1471 0.1528 0.4245 0.5032 0.2902 0.1720 0.1375 0.2779 0.5034 0.3923 0.2165 0.1458 0.1549 0.4290 0.5019 0.2900 0.1727 0.1375 0.2655 0.4995 0.4070 0.2253 0.1492 0.1479 0.3999 0.5123 0.3180 0.1854 0.1384 0.2000 0.4758 0.4585 0.2548 0.1600 0.1396 0.3283 0.5107 0.3705 0.2088 0.1516
0.2145 0.3772 0.5092 0.3183 0.1391 0.1616 0.2592 0.4651 0.4715 0.1921 0.1388 0.1877 0.3231 0.5132 0.3938 0.1468 0.1500 0.2274 0.4105 0.4985 0.2623 0.1375 0.1729 0.2900 0.5016 0.4303 0.1556 0.1454 0.2150 0.3886 0.5047 0.2848 0.1377 0.1705 0.2862 0.5003 0.4302 0.1547 0.1461 0.2180 0.3968 0.5016 0.2681 0.1374 0.1743 0.2963 0.5067 0.4167 0.1510 0.1446 0.1774 0.1446 0.1510 0.4167 0.5067 0.2963 0.1743 0.1374 0.2681 0.5016 0.3968 0.2180 0.1461 0.1547 0.4302 0.5003 0.2862 0.1705 0.1377 0.2848 0.5047 0.3886 0.2150 0.1454 0.1556 0.4303 0.5016 0.2900 0.1729 0.1375 0.2623 0.4985 0.4105 0.2274 0.1500 0.1468 0.3938 0.5132 0.3231 0.1877 0.1388 0.1921 0.4715 0.4651 0.2592 0.1616 0.1391 0.3183 0.5092 0.3772 0.2145
0.3797 0.5076 0.3081 0.1386 0.1633 0.2636 0.4715 0.4669 0.1850 0.1393 0.1902 0.3288 0.5138 0.3868 0.1457 0.1509 0.2300 0.4152 0.4969 0.2571 0.1374 0.1735 0.2910 0.5019 0.4303 0.1558 0.1452 0.2140 0.3860 0.5057 0.2904 0.1378 0.1693 0.2827 0.4974 0.4352 0.1568 0.1452 0.2150 0.3903 0.5038 0.2783 0.1375 0.1723 0.2913 0.5040 0.4228 0.1523 0.1466 0.2127 0.3048 0.2127 0.1466 0.1523 0.4228 0.5040 0.2913 0.1723 0.1375 0.2783 0.5038 0.3903 0.2150 0.1452 0.1568 0.4352 0.4974 0.2827 0.1693 0.1378 0.2904 0.5057 0.3860 0.2140 0.1452 0.1558 0.4303 0.5019 0.2910 0.1735 0.1374 0.2571 0.4969 0.4152 0.2300 0.1509 0.1457 0.3868 0.5138 0.3288 0.1902 0.1393 0.1850 0.4669 0.4715 0.2636 0.1633 0.1386 0.3081 0.5076 0.3797
0.5058 0.2978 0.1382 0.1651 0.2681 0.4775 0.4621 0.1788 0.1399 0.1928 0.3347 0.5141 0.3790 0.1445 0.1520 0.2331 0.4208 0.4948 0.2502 0.1374 0.1745 0.2930 0.5029 0.4290 0.1556 0.1452 0.2137 0.3847 0.5062 0.2943 0.1379 0.1683 0.2799 0.4947 0.4394 0.1587 0.1445 0.2124 0.3843 0.5057 0.2881 0.1377 0.1704 0.2864 0.5007 0.4291 0.1542 0.1462 0.2170 0.3820 0.5079 0.3820 0.2170 0.1462 0.1542 0.4291 0.5007 0.2864 0.1704 0.1377 0.2881 0.5057 0.3843 0.2124 0.1445 0.1587 0.4394 0.4947 0.2799 0.1683 0.1379 0.2943 0.5062 0.3847 0.2137 0.1452 0.1556 0.4290 0.5029 0.2930 0.1745 0.1374 0.2502 0.4948 0.4208 0.2331 0.1520 0.1445 0.3790 0.5141 0.3347 0.1928 0.1399 0.1788 0.4621 0.4775 0.2681 0.1651 0.1382 0.2978 0.5058
0.2928 0.1379 0.1669 0.2727 0.4832 0.4569 0.1735 0.1405 0.1954 0.3408 0.5141 0.3707 0.1434 0.1533 0.2365 0.4270 0.4923 0.2421 0.1375 0.1759 0.2959 0.5044 0.4266 0.1549 0.1454 0.2140 0.3847 0.5064 0.2963 0.1380 0.1676 0.2778 0.4924 0.4428 0.1606 0.1438 0.2101 0.3789 0.5073 0.2972 0.1379 0.1686 0.2817 0.4970 0.4352 0.1565 0.1453 0.2153 0.3882 0.5066 0.4163 0.5066 0.3882 0.2153 0.1453 0.1565 0.4352 0.4970 0.2817 0.1686 0.1379 0.2972 0.5073 0.3789 0.2101 0.1438 0.1606 0.4428 0.4924 0.2778 0.1676 0.1380 0.2963 0.5064 0.3847 0.2140 0.1454 0.1549 0.4266 0.5044 0.2959 0.1759 0.1375 0.2421 0.4923 0.4270 0.2365 0.1533 0.1434 0.3707 0.5141 0.3408 0.1954 0.1405 0.1735 0.4569 0.4832 0.2727 0.1669 0.1379 0.2928
0.1467 0.1688 0.2775 0.4885 0.4516 0.1689 0.1413 0.1982 0.3470 0.5138 0.3620 0.1424 0.1546 0.2402 0.4337 0.4893 0.2332 0.1375 0.1775 0.2995 0.5062 0.4230 0.1538 0.1458 0.2150 0.3860 0.5062 0.2963 0.1380 0.1673 0.2765 0.4907 0.4453 0.1621 0.1433 0.2081 0.3743 0.5085 0.3053 0.1381 0.1670 0.2775 0.4931 0.4408 0.1591 0.1444 0.2125 0.3844 0.5061 0.3121 0.1497 0.3121 0.5061 0.3844 0.2125 0.1444 0.1591 0.4408 0.4931 0.2775 0.1670 0.1381 0.3053 0.5085 0.3743 0.2081 0.1433 0.1621 0.4453 0.4907 0.2765 0.1673 0.1380 0.2963 0.5062 0.3860 0.2150 0.1458 0.1538 0.4230 0.5062 0.2995 0.1775 0.1375 0.2332 0.4893 0.4337 0.2402 0.1546 0.1424 0.3620 0.5138 0.3470 0.1982 0.1413 0.1689 0.4516 0.4885 0.2775 0.1688 0.1467
0.1756 0.2824 0.4934 0.4460 0.1650 0.1420 0.2011 0.3534 0.5133 0.3530 0.1415 0.1560 0.2441 0.4406 0.4860 0.2238 0.1377 0.1794 0.3038 0.5080 0.4184 0.1525 0.1464 0.2165 0.3886 0.5057 0.2943 0.1380 0.1673 0.2760 0.4898 0.4469 0.1633 0.1430 0.2066 0.3706 0.5095 0.3122 0.1384 0.1656 0.2736 0.4890 0.4459 0.1618 0.1436 0.2096 0.3785 0.5073 0.3015 0.1377 0.1439 0.1377 0.3015 0.5073 0.3785 0.2096 0.1436 0.1618 0.4459 0.4890 0.2736 0.1656 0.1384 0.3122 0.5095 0.3706 0.2066 0.1430 0.1633 0.4469 0.4898 0.2760 0.1673 0.1380 0.2943 0.5057 0.3886 0.2165 0.1464 0.1525 0.4184 0.5080 0.3038 0.1794 0.1377 0.2238 0.4860 0.4406 0.2441 0.1560 0.1415 0.3530 0.5133 0.3534 0.2011 0.1420 0.1650 0.4460 0.4934 0.2824 0.1756
0.2865 0.4978 0.4401 0.1616 0.1428 0.2040 0.3599 0.5125 0.3437 0.1407 0.1575 0.2482 0.4476 0.4823 0.2144 0.1379 0.1815 0.3086 0.5098 0.4128 0.1511 0.1471 0.2185 0.3923 0.5047 0.2904 0.1379 0.1676 0.2765 0.4898 0.4474 0.1639 0.1428 0.2056 0.3678 0.5102 0.3178 0.1387 0.1644 0.2702 0.4850 0.4505 0.1646 0.1429 0.2068 0.3724 0.5088 0.3071 0.1381 0.1614 0.2121 0.1614 0.1381 0.3071 0.5088 0.3724 0.2068 0.1429 0.1646 0.4505 0.4850 0.2702 0.1644 0.1387 0.3178 0.5102 0.3678 0.2056 0.1428 0.1639 0.4474 0.4898 0.2765 0.1676 0.1379 0.2904 0.5047 0.3923 0.2185 0.1471 0.1511 0.4128 0.5098 0.3086 0.1815 0.1379 0.2144 0.4823 0.4476 0.2482 0.1575 0.1407 0.3437 0.5125 0.3599 0.2040 0.1428 0.1616 0.4401 0.4978 0.2865
0.4974 0.4340 0.1586 0.1437 0.2070 0.3665 0.5114 0.3341 0.1400 0.1591 0.2523 0.4544 0.4784 0.2053 0.1382 0.1837 0.3138 0.5113 0.4065 0.1496 0.1479 0.2209 0.3970 0.5034 0.2848 0.1378 0.1683 0.2778 0.4907 0.4469 0.1639 0.1427 0.2050 0.3661 0.5107 0.3219 0.1389 0.1635 0.2675 0.4814 0.4543 0.1675 0.1422 0.2043 0.3667 0.5102 0.3155 0.1385 0.1642 0.2613 0.3850 0.2613 0.1642 0.1385 0.3155 0.5102 0.3667 0.2043 0.1422 0.1675 0.4543 0.4814 0.2675 0.1635 0.1389 0.3219 0.5107 0.3661 0.2050 0.1427 0.1639 0.4469 0.4907 0.2778 0.1683 0.1378 0.2848 0.5034 0.3970 0.2209 0.1479 0.1496 0.4065 0.5113 0.3138 0.1837 0.1382 0.2053 0.4784 0.4544 0.2523 0.1591 0.1400 0.3341 0.5114 0.3665 0.2070 0.1437 0.1586 0.4340 0.4974
0.4305 0.1560 0.1446 0.2101 0.3732 0.5101 0.3243 0.1394 0.1607 0.2566 0.4612 0.4742 0.1968 0.1386 0.1862 0.3194 0.5125 0.3995 0.1481 0.1489 0.2238 0.4025 0.5018 0.2779 0.1377 0.1693 0.2799 0.4924 0.4453 0.1633 0.1428 0.2050 0.3655 0.5109 0.3245 0.1391 0.1628 0.2653 0.4783 0.4575 0.1703 0.1417 0.2021 0.3614 0.5112 0.3239 0.1389 0.1636 0.2666 0.4696 0.5048 0.4696 0.2666 0.1636 0.1389 0.3239 0.5112 0.3614 0.2021 0.1417 0.1703 0.4575 0.4783 0.2653 0.1628 0.1391 0.3245 0.5109 0.3655 0.2050 0.1428 0.1633 0.4453 0.4924 0.2799 0.1693 0.1377 0.2779 0.5018 0.4025 0.2238 0.1489 0.1481 0.3995 0.5125 0.3194 0.1862 0.1386 0.1968 0.4742 0.4612 0.2566 0.1607 0.1394 0.3243 0.5101 0.3732 0.2101 0.1446 0.1560 0.4305
0.1626 0.1456 0.2132 0.3799 0.5085 0.3142 0.1389 0.1623 0.2609 0.4677 0.4697 0.1892 0.1390 0.1886 0.3252 0.5134 0.3920 0.1466 0.1500 0.2270 0.4086 0.4997 0.2697 0.1375 0.1705 0.2827 0.4947 0.4428 0.1621 0.1430 0.2056 0.3661 0.5109 0.3253 0.1392 0.1624 0.2639 0.4759 0.4599 0.1727 0.1412 0.2003 0.3568 0.5121 0.3317 0.1393 0.1624 0.2647 0.4760 0.4669 0.3082 0.4669 0.4760 0.2647 0.1624 0.1393 0.3317 0.5121 0.3568 0.2003 0.1412 0.1727 0.4599 0.4759 0.2639 0.1624 0.1392 0.3253 0.5109 0.3661 0.2056 0.1430 0.1621 0.4428 0.4947 0.2827 0.1705 0.1375 0.2697 0.4997 0.4086 0.2270 0.1500 0.1466 0.3920 0.5134 0.3252 0.1886 0.1390 0.1892 0.4697 0.4677 0.2609 0.1623 0.1389 0.3142 0.5085 0.3799 0.2132 0.1456 0.1626
0.1536 0.2165 0.3868 0.5068 0.3040 0.1384 0.1640 0.2654 0.4739 0.4650 0.1824 0.1395 0.1912 0.3311 0.5139 0.3841 0.1453 0.1512 0.2304 0.4152 0.4973 0.2605 0.1375 0.1720 0.2862 0.4974 0.4394 0.1606 0.1433 0.2066 0.3678 0.5107 0.3245 0.1392 0.1622 0.2631 0.4745 0.4615 0.1746 0.1409 0.1988 0.3531 0.5127 0.3383 0.1397 0.1611 0.2615 0.4735 0.4628 0.1858 0.1359 0.1858 0.4628 0.4735 0.2615 0.1611 0.1397 0.3383 0.5127 0.3531 0.1988 0.1409 0.1746 0.4615 0.4745 0.2631 0.1622 0.1392 0.3245 0.5107 0.3678 0.2066 0.1433 0.1606 0.4394 0.4974 0.2862 0.1720 0.1375 0.2605 0.4973 0.4152 0.2304 0.1512 0.1453 0.3841 0.5139 0.3311 0.1912 0.1395 0.1824 0.4650 0.4739 0.2654 0.1640 0.1384 0.3040 0.5068 0.3868 0.2165 0.1536
0.2220 0.3938 0.5048 0.2936 0.1381 0.1658 0.2699 0.4799 0.4600 0.1766 0.1401 0.1938 0.3371 0.5141 0.3758 0.1441 0.1525 0.2341 0.4221 0.4945 0.2506 0.1374 0.1738 0.2902 0.5003 0.4352 0.1587 0.1438 0.2081 0.3706 0.5102 0.3219 0.1391 0.1624 0.2631 0.4740 0.4623 0.1759 0.1407 0.1977 0.3502 0.5131 0.3438 0.1402 0.1600 0.2584 0.4694 0.4647 0.1790 0.1382 0.1609 0.1382 0.1790 0.4647 0.4694 0.2584 0.1600 0.1402 0.3438 0.5131 0.3502 0.1977 0.1407 0.1759 0.4623 0.4740 0.2631 0.1624 0.1391 0.3219 0.5102 0.3706 0.2081 0.1438 0.1587 0.4352 0.5003 0.2902 0.1738 0.1374 0.2506 0.4945 0.4221 0.2341 0.1525 0.1441 0.3758 0.5141 0.3371 0.1938 0.1401 0.1766 0.4600 0.4799 0.2699 0.1658 0.1381 0.2936 0.5048 0.3938 0.2220
0.3960 0.5026 0.2830 0.1378 0.1676 0.2746 0.4854 0.4548 0.1716 0.1408 0.1965 0.3432 0.5140 0.3672 0.1430 0.1538 0.2378 0.4292 0.4915 0.2404 0.1375 0.1757 0.2948 0.5032 0.4302 0.1568 0.1445 0.2101 0.3743 0.5095 0.3178 0.1389 0.1628 0.2639 0.4745 0.4623 0.1763 0.1405 0.1970 0.3482 0.5134 0.3480 0.1405 0.1591 0.2557 0.4652 0.4677 0.1812 0.1397 0.1887 0.2627 0.1887 0.1397 0.1812 0.4677 0.4652 0.2557 0.1591 0.1405 0.3480 0.5134 0.3482 0.1970 0.1405 0.1763 0.4623 0.4745 0.2639 0.1628 0.1389 0.3178 0.5095 0.3743 0.2101 0.1445 0.1568 0.4302 0.5032 0.2948 0.1757 0.1375 0.2404 0.4915 0.4292 0.2378 0.1538 0.1430 0.3672 0.5140 0.3432 0.1965 0.1408 0.1716 0.4548 0.4854 0.2746 0.1676 0.1378 0.2830 0.5026 0.3960
0.5007 0.2722 0.1376 0.1695 0.2794 0.4905 0.4494 0.1673 0.1416 0.1993 0.3495 0.5137 0.3584 0.1420 0.1552 0.2417 0.4363 0.4881 0.2301 0.1376 0.1778 0.2997 0.5059 0.4245 0.1547 0.1452 0.2124 0.3789 0.5085 0.3122 0.1387 0.1635 0.2653 0.4759 0.4615 0.1759 0.1405 0.1968 0.3472 0.5135 0.3509 0.1408 0.1584 0.2536 0.4615 0.4705 0.1849 0.1397 0.1930 0.3296 0.4754 0.3296 0.1930 0.1397 0.1849 0.4705 0.4615 0.2536 0.1584 0.1408 0.3509 0.5135 0.3472 0.1968 0.1405 0.1759 0.4615 0.4759 0.2653 0.1635 0.1387 0.3122 0.5085 0.3789 0.2124 0.1452 0.1547 0.4245 0.5059 0.2997 0.1778 0.1376 0.2301 0.4881 0.4363 0.2417 0.1552 0.1420 0.3584 0.5137 0.3495 0.1993 0.1416 0.1673 0.4494 0.4905 0.2794 0.1695 0.1376 0.2722 0.5007
0.2676 0.1375 0.1715 0.2843 0.4952 0.4437 0.1636 0.1423 0.2022 0.3560 0.5130 0.3493 0.1412 0.1566 0.2457 0.4434 0.4846 0.2202 0.1377 0.1800 0.3049 0.5083 0.4182 0.1528 0.1461 0.2150 0.3843 0.5073 0.3053 0.1384 0.1644 0.2675 0.4783 0.4599 0.1746 0.1407 0.1970 0.3472 0.5136 0.3523 0.1410 0.1579 0.2520 0.4586 0.4727 0.1886 0.1394 0.1926 0.3369 0.5126 0.4621 0.5126 0.3369 0.1926 0.1394 0.1886 0.4727 0.4586 0.2520 0.1579 0.1410 0.3523 0.5136 0.3472 0.1970 0.1407 0.1746 0.4599 0.4783 0.2675 0.1644 0.1384 0.3053 0.5073 0.3843 0.2150 0.1461 0.1528 0.4182 0.5083 0.3049 0.1800 0.1377 0.2202 0.4846 0.4434 0.2457 0.1566 0.1412 0.3493 0.5130 0.3560 0.2022 0.1423 0.1636 0.4437 0.4952 0.2843 0.1715 0.1375 0.2676
0.1463 0.1736 0.2893 0.4993 0.4377 0.1603 0.1432 0.2052 0.3625 0.5121 0.3399 0.1404 0.1581 0.2498 0.4503 0.4808 0.2107 0.1380 0.1823 0.3103 0.5102 0.4114 0.1509 0.1471 0.2180 0.3903 0.5057 0.2972 0.1381 0.1656 0.2702 0.4814 0.4575 0.1727 0.1409 0.1977 0.3482 0.5135 0.3523 0.1410 0.1577 0.2510 0.4565 0.4744 0.1918 0.1392 0.1914 0.3357 0.5139 0.3839 0.1794 0.3839 0.5139 0.3357 0.1914 0.1392 0.1918 0.4744 0.4565 0.2510 0.1577 0.1410 0.3523 0.5135 0.3482 0.1977 0.1409 0.1727 0.4575 0.4814 0.2702 0.1656 0.1381 0.2972 0.5057 0.3903 0.2180 0.1471 0.1509 0.4114 0.5102 0.3103 0.1823 0.1380 0.2107 0.4808 0.4503 0.2498 0.1581 0.1404 0.3399 0.5121 0.3625 0.2052 0.1432 0.1603 0.4377 0.4993 0.2893 0.1736 0.1463
0.1802 0.2945 0.5028 0.4315 0.1575 0.1441 0.2082 0.3691 0.5109 0.3302 0.1397 0.1597 0.2540 0.4572 0.4767 0.2018 0.1383 0.1847 0.3159 0.5118 0.4042 0.1491 0.1481 0.2212 0.3968 0.5038 0.2881 0.1379 0.1670 0.2736 0.4850 0.4543 0.1703 0.1412 0.1988 0.3502 0.5134 0.3509 0.1410 0.1577 0.2507 0.4555 0.4753 0.1941 0.1390 0.1903 0.3333 0.5141 0.3725 0.1441 0.1380 0.1441 0.3725 0.5141 0.3333 0.1903 0.1390 0.1941 0.4753 0.4555 0.2507 0.1577 0.1410 0.3509 0.5134 0.3502 0.1988 0.1412 0.1703 0.4543 0.4850 0.2736 0.1670 0.1379 0.2881 0.5038 0.3968 0.2212 0.1481 0.1491 0.4042 0.5118 0.3159 0.1847 0.1383 0.2018 0.4767 0.4572 0.2540 0.1597 0.1397 0.3302 0.5109 0.3691 0.2082 0.1441 0.1575 0.4315 0.5028 0.2945 0.1802
0.2984 0.5059 0.4250 0.1551 0.1450 0.2114 0.3759 0.5095 0.3203 0.1392 0.1613 0.2583 0.4638 0.4724 0.1937 0.1387 0.1871 0.3217 0.5129 0.3967 0.1475 0.1492 0.2246 0.4036 0.5016 0.2783 0.1377 0.1686 0.2775 0.4890 0.4505 0.1675 0.1417 0.2003 0.3531 0.5131 0.3480 0.1408 0.1579 0.2510 0.4555 0.4757 0.1953 0.1389 0.1896 0.3312 0.5141 0.3732 0.1432 0.1505 0.1901 0.1505 0.1432 0.3733 0.5141 0.3311 0.1896 0.1389 0.1953 0.4757 0.4555 0.2510 0.1579 0.1408 0.3480 0.5131 0.3531 0.2003 0.1417 0.1675 0.4505 0.4890 0.2775 0.1686 0.1377 0.2783 0.5016 0.4036 0.2246 0.1492 0.1475 0.3967 0.5129 0.3217 0.1871 0.1387 0.1937 0.4724 0.4638 0.2583 0.1613 0.1392 0.3203 0.5095 0.3759 0.2114 0.1450 0.1551 0.4250 0.5059 0.2984
0.5051 0.4183 0.1528 0.1460 0.2146 0.3827 0.5079 0.3102 0.1387 0.1630 0.2627 0.4702 0.4679 0.1864 0.1392 0.1896 0.3275 0.5137 0.3889 0.1461 0.1504 0.2282 0.4107 0.4991 0.2681 0.1375 0.1704 0.2817 0.4931 0.4459 0.1646 0.1422 0.2021 0.3568 0.5127 0.3438 0.1405 0.1584 0.2520 0.4565 0.4753 0.1953 0.1389 0.1893 0.3298 0.5141 0.3755 0.1434 0.1533 0.2319 0.3370 0.2321 0.1535 0.1434 0.3760 0.5141 0.3296 0.1892 0.1389 0.1952 0.4753 0.4565 0.2520 0.1584 0.1405 0.3438 0.5127 0.3568 0.2021 0.1422 0.1646 0.4459 0.4931 0.2817 0.1704 0.1375 0.2681 0.4991 0.4107 0.2282 0.1504 0.1461 0.3889 0.5137 0.3275 0.1896 0.1392 0.1864 0.4679 0.4702 0.2627 0.1630 0.1387 0.3102 0.5079 0.3827 0.2146 0.1460 0.1528 0.4183 0.5051
0.4145 0.1508 0.1470 0.2178 0.3897 0.5060 0.2998 0.1383 0.1647 0.2672 0.4764 0.4631 0.1800 0.1398 0.1922 0.3334 0.5141 0.3808 0.1448 0.1517 0.2318 0.4178 0.4964 0.2575 0.1374 0.1723 0.2864 0.4970 0.4408 0.1618 0.1429 0.2043 0.3614 0.5121 0.3383 0.1402 0.1591 0.2536 0.4586 0.4744 0.1941 0.1389 0.1893 0.3310 0.5139 0.3751 0.1435 0.1531 0.2356 0.4205 0.5121 0.4240 0.2398 0.1540 0.1435 0.3765 0.5142 0.3312 0.1907 0.1390 0.1941 0.4744 0.4586 0.2536 0.1591 0.1402 0.3383 0.5121 0.3614 0.2043 0.1429 0.1618 0.4408 0.4970 0.2864 0.1723 0.1374 0.2575 0.4964 0.4178 0.2318 0.1517 0.1448 0.3808 0.5141 0.3334 0.1922 0.1398 0.1800 0.4631 0.4764 0.2672 0.1647 0.1383 0.2998 0.5060 0.3897 0.2178 0.1470 0.1508 0.4145
0.1581 0.1481 0.2212 0.3966 0.5039 0.2893 0.1379 0.1665 0.2718 0.4822 0.4580 0.1745 0.1404 0.1949 0.3395 0.5141 0.3724 0.1437 0.1530 0.2355 0.4249 0.4934 0.2469 0.1374 0.1743 0.2913 0.5007 0.4352 0.1591 0.1436 0.2068 0.3667 0.5112 0.3317 0.1397 0.1600 0.2557 0.4615 0.4727 0.1918 0.1390 0.1896 0.3299 0.5143 0.3759 0.1438 0.1531 0.2368 0.4331 0.4932 0.3700 0.4918 0.4339 0.2385 0.1534 0.1433 0.3740 0.5145 0.3284 0.1895 0.1390 0.1918 0.4727 0.4615 0.2557 0.1600 0.1397 0.3317 0.5112 0.3667 0.2068 0.1436 0.1591 0.4352 0.5007 0.2913 0.1743 0.1374 0.2469 0.4934 0.4249 0.2355 0.1530 0.1437 0.3724 0.5141 0.3395 0.1949 0.1404 0.1745 0.4580 0.4822 0.2718 0.1665 0.1379 0.2893 0.5039 0.3966 0.2212 0.1481 0.1581
0.1559 0.2247 0.4037 0.5016 0.2787 0.1377 0.1684 0.2765 0.4875 0.4527 0.1698 0.1411 0.1976 0.3457 0.5139 0.3639 0.1426 0.1543 0.2393 0.4320 0.4902 0.2365 0.1375 0.1764 0.2963 0.5040 0.4291 0.1565 0.1444 0.2096 0.3724 0.5102 0.3239 0.1393 0.1611 0.2584 0.4652 0.4705 0.1886 0.1392 0.1903 0.3311 0.5140 0.3814 0.1436 0.1532 0.2375 0.4354 0.4881 0.2459 0.1397 0.2396 0.4858 0.4361 0.2401 0.1541 0.1430 0.3739 0.5138 0.3312 0.1904 0.1392 0.1886 0.4705 0.4652 0.2584 0.1611 0.1393 0.3239 0.5102 0.3724 0.2096 0.1444 0.1565 0.4291 0.5040 0.2963 0.1764 0.1375 0.2365 0.4902 0.4320 0.2393 0.1543 0.1426 0.3639 0.5139 0.3457 0.1976 0.1411 0.1698 0.4527 0.4875 0.2765 0.1684 0.1377 0.2787 0.5016 0.4037 0.2247 0.1559
0.2299 0.4106 0.4991 0.2683 0.1375 0.1703 0.2812 0.4923 0.4473 0.1659 0.1418 0.2004 0.3519 0.5134 0.3552 0.1417 0.1557 0.2431 0.4389 0.4869 0.2265 0.1376 0.1785 0.3015 0.5067 0.4228 0.1542 0.1453 0.2125 0.3785 0.5088 0.3155 0.1389 0.1624 0.2615 0.4694 0.4677 0.1849 0.1394 0.1914 0.3332 0.5141 0.3759 0.1438 0.1536 0.2361 0.4324 0.4897 0.2280 0.1366 0.1520 0.1365 0.2236 0.4870 0.4388 0.2406 0.1542 0.1438 0.3756 0.5141 0.3333 0.1914 0.1394 0.1849 0.4677 0.4694 0.2615 0.1624 0.1389 0.3155 0.5088 0.3785 0.2125 0.1453 0.1542 0.4228 0.5067 0.3015 0.1785 0.1376 0.2265 0.4869 0.4389 0.2431 0.1557 0.1417 0.3552 0.5134 0.3519 0.2004 0.1418 0.1659 0.4473 0.4923 0.2812 0.1703 0.1375 0.2683 0.4991 0.4106 0.2299
0.4117 0.4967 0.2587 0.1374 0.1720 0.2856 0.4962 0.4421 0.1626 0.1425 0.2029 0.3576 0.5127 0.3469 0.1409 0.1569 0.2467 0.4452 0.4836 0.2177 0.1378 0.1805 0.3063 0.5087 0.4167 0.1523 0.1462 0.2153 0.3844 0.5073 0.3071 0.1385 0.1636 0.2647 0.4735 0.4647 0.1812 0.1397 0.1926 0.3357 0.5141 0.3733 0.1434 0.1527 0.2373 0.4273 0.4880 0.2301 0.1373 0.1748 0.2385 0.1754 0.1374 0.2249 0.4850 0.4357 0.2412 0.1542 0.1428 0.3724 0.5141 0.3357 0.1926 0.1397 0.1812 0.4647 0.4735 0.2647 0.1636 0.1385 0.3071 0.5073 0.3844 0.2153 0.1462 0.1523 0.4167 0.5087 0.3063 0.1805 0.1378 0.2177 0.4836 0.4452 0.2467 0.1569 0.1409 0.3469 0.5127 0.3576 0.2029 0.1425 0.1626 0.4421 0.4962 0.2856 0.1720 0.1374 0.2587 0.4967 0.4117
0.4957 0.2527 0.1372 0.1729 0.2884 0.4984 0.4387 0.1607 0.1428 0.2044 0.3613 0.5119 0.3414 0.1403 0.1576 0.2489 0.4490 0.4812 0.2121 0.1377 0.1816 0.3093 0.5097 0.4126 0.1510 0.1466 0.2170 0.3882 0.5061 0.3015 0.1381 0.1642 0.2666 0.4760 0.4628 0.1790 0.1397 0.1930 0.3369 0.5139 0.3725 0.1432 0.1534 0.2383 0.4317 0.4885 0.2255 0.1374 0.1783 0.2976 0.4350 0.2973 0.1780 0.1373 0.2215 0.4877 0.4331 0.2396 0.1539 0.1432 0.3724 0.5139 0.3369 0.1930 0.1397 0.1790 0.4628 0.4760 0.2666 0.1642 0.1381 0.3015 0.5061 0.3882 0.2170 0.1466 0.1510 0.4126 0.5097 0.3093 0.1816 0.1377 0.2121 0.4812 0.4490 0.2489 0.1576 0.1403 0.3414 0.5119 0.3613 0.2044 0.1428 0.1607 0.4387 0.4984 0.2884 0.1729 0.1372 0.2527 0.4957
0.2702 0.1365 0.1697 0.2830 0.4940 0.4439 0.1634 0.1411 0.2004 0.3554 0.5116 0.3509 0.1403 0.1551 0.2441 0.4426 0.4837 0.2216 0.1367 0.1782 0.3039 0.5070 0.4193 0.1523 0.1446 0.2127 0.3820 0.5066 0.3121 0.1377 0.1614 0.2613 0.4696 0.4669 0.1858 0.1382 0.1887 0.3296 0.5126 0.3839 0.1441 0.1505 0.2320 0.4259 0.4898 0.2364 0.1366 0.1757 0.2970 0.4997 0.4898 0.5006 0.2940 0.1746 0.1363 0.2433 0.4905 0.4243 0.2328 0.1505 0.1441 0.3839 0.5126 0.3296 0.1887 0.1382 0.1858 0.4669 0.4696 0.2613 0.1614 0.1377 0.3121 0.5066 0.3820 0.2127 0.1446 0.1523 0.4193 0.5070 0.3039 0.1782 0.1367 0.2216 0.4837 0.4426 0.2441 0.1551 0.1403 0.3509 0.5116 0.3554 0.2004 0.1411 0.1634 0.4439 0.4940 0.2830 0.1697 0.1365 0.2702
0.1509 0.1491 0.2282 0.4179 0.4941 0.2607 0.1353 0.1690 0.2835 0.4964 0.4411 0.1606 0.1405 0.1997 0.3575 0.5105 0.3478 0.1381 0.1543 0.2438 0.4464 0.4812 0.2190 0.1359 0.1774 0.3048 0.5079 0.4163 0.1497 0.1439 0.2121 0.3850 0.5048 0.3082 0.1359 0.1609 0.2627 0.4754 0.4621 0.1794 0.1380 0.1901 0.3370 0.5124 0.3689 0.1398 0.1519 0.2380 0.4374 0.4878 0.3745 0.4895 0.4346 0.2362 0.1517 0.1402 0.3713 0.5122 0.3353 0.1900 0.1380 0.1794 0.4621 0.4754 0.2627 0.1609 0.1359 0.3082 0.5048 0.3850 0.2121 0.1439 0.1497 0.4163 0.5079 0.3048 0.1774 0.1359 0.2190 0.4812 0.4464 0.2438 0.1543 0.1381 0.3478 0.5105 0.3575 0.1997 0.1405 0.1606 0.4411 0.4964 0.2835 0.1690 0.1353 0.2607 0.4941 0.4179 0.2282 0.1491 0.1509
0.2702 0.1365 0.1697 0.2830 0.4940 0.4439 0.1634 0.1411 0.2004 0.3554 0.5116 0.3509 0.1403 0.1551 0.2441 0.4426 0.4837 0.2216 0.1367 0.1782 0.3039 0.5070 0.4193 0.1523 0.1446 0.2127 0.3820 0.5066 0.3121 0.1377 0.1614 0.2613 0.4696 0.4669 0.1858 0.1382 0.1887 0.3296 0.5126 0.3838 0.1441 0.1506 0.2322 0.4244 0.4923 0.2410 0.1365 0.1752 0.2969 0.5005 0.4895 0.4977 0.2976 0.1752 0.1363 0.2450 0.4931 0.4222 0.2316 0.1505 0.1441 0.3838 0.5126 0.3296 0.1887 0.1382 0.1858 0.4669 0.4696 0.2613 0.1614 0.1377 0.3121 0.5066 0.3820 0.2127 0.1446 0.1523 0.4193 0.5070 0.3039 0.1782 0.1367 0.2216 0.4837 0.4426 0.2441 0.1551 0.1403 0.3509 0.5116 0.3554 0.2004 0.1411 0.1634 0.4439 0.4940 0.2830 0.1697 0.1365 0.2702
0.4957 0.2527 0.1372 0.1729 0.2884 0.4984 0.4387 0.1607 0.1428 0.2044 0.3613 0.5119 0.3414 0.1403 0.1576 0.2489 0.4490 0.4812 0.2121 0.1377 0.1816 0.3093 0.5097 0.4126 0.1510 0.1466 0.2170 0.3882 0.5061 0.3015 0.1381 0.1642 0.2666 0.4760 0.4628 0.1790 0.1397 0.1930 0.3368 0.5139 0.3725 0.1432 0.1535 0.2390 0.4312 0.4866 0.2272 0.1377 0.1796 0.3001 0.4364 0.2957 0.1802 0.1374 0.2279 0.4917 0.4281 0.2387 0.1537 0.1432 0.3725 0.5139 0.3368 0.1930 0.1397 0.1790 0.4628 0.4760 0.2666 0.1642 0.1381 0.3015 0.5061 0.3882 0.2170 0.1466 0.1510 0.4126 0.5097 0.3093 0.1816 0.1377 0.2121 0.4812 0.4490 0.2489 0.1576 0.1403 0.3414 0.5119 0.3613 0.2044 0.1428 0.1607 0.4387 0.4984 0.2884 0.1729 0.1372 0.2527 0.4957
0.4117 0.4967 0.2587 0.1374 0.1720 0.2856 0.4962 0.4421 0.1626 0.1425 0.2029 0.3576 0.5127 0.3469 0.1409 0.1569 0.2467 0.4452 0.4836 0.2177 0.1378 0.1805 0.3063 0.5087 0.4167 0.1523 0.1462 0.2153 0.3844 0.5073 0.3071 0.1385 0.1636 0.2647 0.4735 0.4647 0.1812 0.1397 0.1926 0.3357 0.5141 0.3732 0.1433 0.1535 0.2378 0.4342 0.4889 0.2250 0.1376 0.1761 0.2393 0.1766 0.1377 0.2262 0.4898 0.4304 0.2374 0.1533 0.1435 0.3734 0.5141 0.3357 0.1926 0.1397 0.1812 0.4647 0.4735 0.2647 0.1636 0.1385 0.3071 0.5073 0.3844 0.2153 0.1462 0.1523 0.4167 0.5087 0.3063 0.1805 0.1378 0.2177 0.4836 0.4452 0.2467 0.1569 0.1409 0.3469 0.5127 0.3576 0.2029 0.1425 0.1626 0.4421 0.4962 0.2856 0.1720 0.1374 0.2587 0.4967 0.4117
0.2299 0.4106 0.4991 0.2683 0.1375 0.1703 0.2812 0.4923 0.4473 0.1659 0.1418 0.2004 0.3519 0.5134 0.3552 0.1417 0.1557 0.2431 0.4389 0.4869 0.2265 0.1376 0.1785 0.3015 0.5067 0.4228 0.1542 0.1453 0.2125 0.3785 0.5088 0.3155 0.1389 0.1624 0.2615 0.4694 0.4677 0.1849 0.1394 0.1914 0.3333 0.5141 0.3753 0.1436 0.1536 0.2367 0.4283 0.4910 0.2298 0.1365 0.1516 0.1367 0.2306 0.4895 0.4327 0.2365 0.1526 0.1435 0.3759 0.5141 0.3332 0.1914 0.1394 0.1849 0.4677 0.4694 0.2615 0.1624 0.1389 0.3155 0.5088 0.3785 0.2125 0.1453 0.1542 0.4228 0.5067 0.3015 0.1785 0.1376 0.2265 0.4869 0.4389 0.2431 0.1557 0.1417 0.3552 0.5134 0.3519 0.2004 0.1418 0.1659 0.4473 0.4923 0.2812 0.1703 0.1375 0.2683 0.4991 0.4106 0.2299
0.1559 0.2247 0.4037 0.5016 0.2787 0.1377 0.1684 0.2765 0.4875 0.4527 0.1698 0.1411 0.1976 0.3457 0.5139 0.3639 0.1426 0.1543 0.2393 0.4320 0.4902 0.2365 0.1375 0.1764 0.2963 0.5040 0.4291 0.1565 0.1444 0.2096 0.3724 0.5102 0.3239 0.1393 0.1611 0.2584 0.4652 0.4705 0.1886 0.1392 0.1904 0.3312 0.5140 0.3791 0.1436 0.1531 0.2358 0.4349 0.4851 0.2345 0.1403 0.2485 0.4902 0.4298 0.2360 0.1526 0.1449 0.3761 0.5136 0.3313 0.1904 0.1392 0.1886 0.4705 0.4652 0.2584 0.1611 0.1393 0.3239 0.5102 0.3724 0.2096 0.1444 0.1565 0.4291 0.5040 0.2963 0.1764 0.1375 0.2365 0.4902 0.4320 0.2393 0.1543 0.1426 0.3639 0.5139 0.3457 0.1976 0.1411 0.1698 0.4527 0.4875 0.2765 0.1684 0.1377 0.2787 0.5016 0.4037 0.2247 0.1559
