-29.6101 -40.8328 -38.1239 14.9420 20.9871 -26.1465 -37.1143 -43.3626 0.4251 29.0756 -17.6160 -32.5664 -41.3510 -34.8970 16.8528 12.5371 -27.2237 -37.7415 -43.5073 3.3851 30.6358 -19.1914 -33.2721 -41.7676 -30.6896 18.8361 3.6647 -28.2864 -38.3493 -43.4707 5.8431 31.8210 -20.6002 -33.9684 -42.1428 -25.3175 20.7049 -3.3552 -29.1055 -38.9365 -43.1695 7.9892 32.3495 -21.8916 -34.6548 -42.4757 -19.1002 22.3453 -7.1489 -28.9801 -35.7388 -28.9801 -7.1489 22.3453 -19.1002 -42.4757 -34.6548 -21.8916 32.3495 7.9892 -43.1695 -38.9365 -29.1055 -3.3552 20.7049 -25.3175 -42.1428 -33.9684 -20.6002 31.8210 5.8431 -43.4707 -38.3493 -28.2864 3.6647 18.8361 -30.6896 -41.7676 -33.2721 -19.1914 30.6358 3.3851 -43.5073 -37.7415 -27.2237 12.5371 16.8528 -34.8970 -41.3510 -32.5664 -17.6160 29.0756 0.4251 -43.3626 -37.1143 -26.1465 20.9871 14.9420 -38.1239 -40.8328 -29.6101
-40.8328 -38.7794 14.9465 24.0664 -27.5476 -38.9948 -44.8294 0.2191 28.7797 -17.6098 -34.5261 -43.0879 -36.0494 16.6070 16.6905 -28.8382 -39.6029 -44.9169 3.2341 30.4735 -19.3982 -35.2169 -43.4758 -31.8033 18.5154 7.4248 -30.1772 -40.1966 -44.8446 5.7257 31.8967 -21.0029 -35.9001 -43.8207 -26.3699 20.4756 -0.8119 -31.1593 -40.7683 -44.5053 7.8821 32.7914 -22.4841 -36.5749 -44.1216 -19.9488 22.1572 -6.3798 -31.7044 -41.1448 -46.0140 -41.1448 -31.7044 -6.3798 22.1572 -19.9488 -44.1216 -36.5749 -22.4841 32.7914 7.8821 -44.5053 -40.7683 -31.1593 -0.8119 20.4756 -26.3699 -43.8207 -35.9001 -21.0029 31.8967 5.7257 -44.8446 -40.1966 -30.1772 7.4248 18.5154 -31.8033 -43.4758 -35.2169 -19.3982 30.4735 3.2341 -44.9169 -39.6029 -28.8382 16.6905 16.6070 -36.0494 -43.0879 -34.5261 -17.6098 28.7797 0.2191 -44.8294 -38.9948 -27.5476 24.0664 14.9465 -38.7794 -40.8328
-38.1239 14.9465 25.0190 -27.2134 -38.7942 -44.7803 -1.1193 28.0794 -16.8228 -34.2422 -42.9140 -37.4709 15.8295 20.1670 -28.2889 -39.3498 -44.8855 2.0527 29.7857 -18.6811 -34.9303 -43.3191 -33.6994 17.6906 11.3159 -29.6172 -39.9509 -44.8988 4.7362 31.3530 -20.3532 -35.6165 -43.6816 -28.7624 19.6681 2.3413 -30.8476 -40.5311 -44.6790 7.0084 32.5017 -21.8781 -36.2937 -44.0006 -22.7033 21.4409 -4.4182 -31.5398 -41.0387 -44.9085 -13.5429 -44.9085 -41.0387 -31.5398 -4.4182 21.4409 -22.7033 -44.0006 -36.2937 -21.8781 32.5017 7.0084 -44.6790 -40.5311 -30.8476 2.3413 19.6681 -28.7624 -43.6816 -35.6165 -20.3532 31.3530 4.7362 -44.8988 -39.9509 -29.6172 11.3159 17.6906 -33.6994 -43.3191 -34.9303 -18.6811 29.7857 2.0527 -44.8855 -39.3498 -28.2889 20.1670 15.8295 -37.4709 -42.9140 -34.2422 -16.8228 28.0794 -1.1193 -44.7803 -38.7942 -27.2134 25.0190 14.9465 -38.1239
14.9420 24.0664 -27.2134 -38.7162 -44.7484 -2.1956 27.4999 -16.0819 -33.9794 -42.7438 -38.6901 15.0927 23.1850 -27.7445 -39.0939 -44.8449 0.7607 29.0626 -17.9241 -34.6410 -43.1556 -35.4125 16.9003 15.2001 -29.0586 -39.7020 -44.9164 3.6787 30.7368 -19.6773 -35.3307 -43.5361 -30.9725 18.8232 5.9150 -30.4017 -40.2914 -44.8039 6.0988 32.0899 -21.2565 -36.0114 -43.8724 -25.3581 20.7377 -1.9269 -31.2713 -40.8477 -44.5188 5.9869 21.8852 5.9869 -44.5188 -40.8477 -31.2713 -1.9269 20.7377 -25.3581 -43.8724 -36.0114 -21.2565 32.0899 6.0988 -44.8039 -40.2914 -30.4017 5.9150 18.8232 -30.9725 -43.5361 -35.3307 -19.6773 30.7368 3.6787 -44.9164 -39.7020 -29.0586 15.2001 16.9003 -35.4125 -43.1556 -34.6410 -17.9241 29.0626 0.7607 -44.8449 -39.0939 -27.7445 23.1850 15.0927 -38.6901 -42.7438 -33.9794 -16.0819 27.4999 -2.1956 -44.7484 -38.7162 -27.2134 24.0664 14.9420
20.9871 -27.5476 -38.7942 -44.7484 -2.6218 27.1607 -15.5224 -33.7672 -42.5905 -39.6574 14.4132 25.6502 -27.2167 -38.8409 -44.7980 -0.6592 28.3279 -17.1234 -34.3507 -42.9837 -36.9288 16.1281 18.8377 -28.5046 -39.4504 -44.8988 2.5379 30.0666 -18.9729 -35.0439 -43.3818 -32.9689 18.0075 9.7631 -29.8372 -40.0490 -44.8804 5.1399 31.5811 -20.6173 -35.7294 -43.7377 -27.8301 19.9821 1.0360 -30.9758 -40.6239 -44.6341 6.8378 31.5208 -5.5262 31.5208 6.8378 -44.6341 -40.6239 -30.9758 1.0360 19.9821 -27.8301 -43.7377 -35.7294 -20.6173 31.5811 5.1399 -44.8804 -40.0490 -29.8372 9.7631 18.0075 -32.9689 -43.3818 -35.0439 -18.9729 30.0666 2.5379 -44.8988 -39.4504 -28.5046 18.8377 16.1281 -36.9288 -42.9837 -34.3507 -17.1234 28.3279 -0.6592 -44.7980 -38.8409 -27.2167 25.6502 14.4132 -39.6574 -42.5905 -33.7672 -15.5224 27.1607 -2.6218 -44.7484 -38.7942 -27.5476 20.9871
-26.1465 -38.9948 -44.7803 -2.1956 27.1607 -15.3120 -33.6465 -42.4804 -40.3370 13.8453 27.4919 -26.7342 -38.6010 -44.7463 -2.1827 27.6016 -16.2813 -34.0610 -42.8055 -38.2555 15.3718 22.0688 -27.9572 -39.1964 -44.8616 1.2962 29.3578 -18.2353 -34.7570 -43.2215 -34.7506 17.2156 13.6616 -29.2811 -39.8027 -44.9140 4.1160 30.9937 -19.9542 -35.4454 -43.5949 -30.1117 19.1595 4.4382 -30.5856 -40.3890 -44.7631 6.3387 32.0246 -19.8922 -31.3999 -19.8922 32.0246 6.3387 -44.7631 -40.3890 -30.5856 4.4382 19.1595 -30.1117 -43.5949 -35.4454 -19.9542 30.9937 4.1160 -44.9140 -39.8027 -29.2811 13.6616 17.2156 -34.7506 -43.2215 -34.7570 -18.2353 29.3578 1.2962 -44.8616 -39.1964 -27.9572 22.0688 15.3718 -38.2555 -42.8055 -34.0610 -16.2813 27.6016 -2.1827 -44.7463 -38.6010 -26.7342 27.4919 13.8453 -40.3370 -42.4804 -33.6465 -15.3120 27.1607 -2.1956 -44.7803 -38.9948 -26.1465
-37.1143 -44.8294 -1.1193 27.4999 -15.5224 -33.6465 -42.4407 -40.6902 13.4572 28.6903 -26.3338 -38.3869 -44.6936 -3.7601 26.9087 -15.4105 -33.7780 -42.6237 -39.4071 14.6244 24.8461 -27.4115 -38.9394 -44.8172 -0.0723 28.6261 -17.4553 -34.4682 -43.0534 -36.3381 16.4394 17.4067 -28.7286 -39.5533 -44.9090 3.0115 30.3440 -19.2623 -35.1590 -43.4435 -32.1929 18.3332 8.1982 -30.0638 -40.1479 -44.8558 5.4938 31.7251 -20.5246 -35.2103 -41.5017 -35.2103 -20.5246 31.7251 5.4938 -44.8558 -40.1479 -30.0638 8.1982 18.3332 -32.1929 -43.4435 -35.1590 -19.2623 30.3440 3.0115 -44.9090 -39.5533 -28.7286 17.4067 16.4394 -36.3381 -43.0534 -34.4682 -17.4553 28.6261 -0.0723 -44.8172 -38.9394 -27.4115 24.8461 14.6244 -39.4071 -42.6237 -33.7780 -15.4105 26.9087 -3.7601 -44.6936 -38.3869 -26.3338 28.6903 13.4572 -40.6902 -42.4407 -33.6465 -15.5224 27.4999 -1.1193 -44.8294 -37.1143
-43.3626 0.2191 28.0794 -16.0819 -33.7672 -42.4804 -40.6902 13.3167 29.2774 -26.0618 -38.2238 -44.6461 -5.2731 26.2883 -14.5467 -33.5126 -42.4457 -40.3817 13.8982 27.1359 -26.8667 -38.6800 -44.7669 -1.5932 27.8817 -16.6206 -34.1775 -42.8779 -37.7423 15.6753 20.8217 -28.1781 -39.2993 -44.8778 1.8064 29.6448 -18.5348 -34.8718 -43.2852 -34.0618 17.5310 12.1101 -29.5041 -39.9014 -44.9055 4.5200 31.2138 -20.1315 -35.4182 -43.9531 -45.9074 -43.9531 -35.4182 -20.1315 31.2138 4.5200 -44.9055 -39.9014 -29.5041 12.1101 17.5310 -34.0618 -43.2852 -34.8718 -18.5348 29.6448 1.8064 -44.8778 -39.2993 -28.1781 20.8217 15.6753 -37.7423 -42.8779 -34.1775 -16.6206 27.8817 -1.5932 -44.7669 -38.6800 -26.8667 27.1359 13.8982 -40.3817 -42.4457 -33.5126 -14.5467 26.2883 -5.2731 -44.6461 -38.2238 -26.0618 29.2774 13.3167 -40.6902 -42.4804 -33.7672 -16.0819 28.0794 0.2191 -43.3626
0.4251 28.7797 -16.8228 -33.9794 -42.5905 -40.3370 13.4572 29.2774 -25.9646 -38.1347 -44.6120 -6.4874 25.7859 -13.7504 -33.2752 -42.2777 -41.1757 13.2132 28.9175 -26.3356 -38.4215 -44.7098 -3.2846 27.1383 -15.7266 -33.8863 -42.6964 -38.9713 14.9228 23.7932 -27.6305 -39.0421 -44.8360 0.4865 28.9176 -17.7696 -34.5843 -43.1207 -35.7232 16.7500 15.9351 -28.9509 -39.6533 -44.9153 3.4595 30.6027 -19.5168 -35.2387 -43.5368 -35.5995 6.5313 -35.5995 -43.5368 -35.2387 -19.5168 30.6027 3.4595 -44.9153 -39.6533 -28.9509 15.9351 16.7500 -35.7232 -43.1207 -34.5843 -17.7696 28.9176 0.4865 -44.8360 -39.0421 -27.6305 23.7932 14.9228 -38.9713 -42.6964 -33.8863 -15.7266 27.1383 -3.2846 -44.7098 -38.4215 -26.3356 28.9175 13.2132 -41.1757 -42.2777 -33.2752 -13.7504 25.7859 -6.4874 -44.6120 -38.1347 -25.9646 29.2774 13.4572 -40.3370 -42.5905 -33.9794 -16.8228 28.7797 0.4251
29.0756 -17.6098 -34.2422 -42.7438 -39.6574 13.8453 28.6903 -26.0618 -38.1347 -44.5988 -7.1689 25.4546 -13.1177 -33.0826 -42.1313 -41.7923 12.5911 30.2284 -25.8354 -38.1717 -44.6472 -5.1376 26.4047 -14.7733 -33.5950 -42.5093 -40.0399 14.1787 26.2886 -27.0850 -38.7833 -44.7884 -0.9682 28.1809 -16.9615 -34.2952 -42.9490 -37.1957 15.9834 19.4890 -28.4009 -39.4013 -44.8927 2.3025 29.9288 -18.8237 -34.9769 -43.3549 -34.3216 15.5527 31.0391 15.5527 -34.3216 -43.3549 -34.9769 -18.8237 29.9288 2.3025 -44.8927 -39.4013 -28.4009 19.4890 15.9834 -37.1957 -42.9490 -34.2952 -16.9615 28.1809 -0.9682 -44.7884 -38.7833 -27.0850 26.2886 14.1787 -40.0399 -42.5093 -33.5950 -14.7733 26.4047 -5.1376 -44.6472 -38.1717 -25.8354 30.2284 12.5911 -41.7923 -42.1313 -33.0826 -13.1177 25.4546 -7.1689 -44.5988 -38.1347 -26.0618 28.6903 13.8453 -39.6574 -42.7438 -34.2422 -17.6098 29.0756
-17.6160 -34.5261 -42.9140 -38.6901 14.4132 27.4919 -26.3338 -38.2238 -44.6120 -7.1689 25.3385 -12.7655 -32.9557 -42.0202 -42.2347 12.0639 31.1335 -25.3818 -37.9384 -44.5824 -7.0953 25.6966 -13.7597 -33.3063 -42.3164 -40.9643 13.4381 28.3225 -26.5392 -38.5210 -44.7340 -2.5926 27.4376 -16.0963 -34.0045 -42.7716 -38.4928 15.2260 22.6450 -27.8524 -39.1452 -44.8533 1.0319 29.2120 -18.0808 -34.6956 -43.1871 -35.3093 16.5143 23.3631 -20.6890 23.3631 16.5143 -35.3093 -43.1871 -34.6956 -18.0808 29.2120 1.0319 -44.8533 -39.1452 -27.8524 22.6450 15.2260 -38.4928 -42.7716 -34.0045 -16.0963 27.4376 -2.5926 -44.7340 -38.5210 -26.5392 28.3225 13.4381 -40.9643 -42.3164 -33.3063 -13.7597 25.6966 -7.0953 -44.5824 -37.9384 -25.3818 31.1335 12.0639 -42.2347 -42.0202 -32.9557 -12.7655 25.3385 -7.1689 -44.6120 -38.2238 -26.3338 27.4919 14.4132 -38.6901 -42.9140 -34.5261 -17.6160
-32.5664 -43.0879 -37.4709 15.0927 25.6502 -26.7342 -38.3869 -44.6461 -6.4874 25.4546 -12.7655 -32.9113 -41.9588 -42.4976 11.6740 31.6993 -24.9992 -37.7339 -44.5173 -9.0719 25.0403 -12.7039 -33.0275 -42.1233 -41.7469 12.7016 29.9219 -25.9924 -38.2569 -44.6720 -4.4145 26.6908 -15.1622 -33.7115 -42.5865 -39.6304 14.4746 25.3466 -27.3028 -38.8866 -44.8077 -0.3676 28.4764 -17.2911 -34.4095 -43.0180 -36.6852 16.1574 20.0834 -27.3657 -35.3040 -27.3657 20.0834 16.1574 -36.6852 -43.0180 -34.4095 -17.2911 28.4764 -0.3676 -44.8077 -38.8866 -27.3028 25.3466 14.4746 -39.6304 -42.5865 -33.7115 -15.1622 26.6908 -4.4145 -44.6720 -38.2569 -25.9924 29.9219 12.7016 -41.7469 -42.1233 -33.0275 -12.7039 25.0403 -9.0719 -44.5173 -37.7339 -24.9992 31.6993 11.6740 -42.4976 -41.9588 -32.9113 -12.7655 25.4546 -6.4874 -44.6461 -38.3869 -26.7342 25.6502 15.0927 -37.4709 -43.0879 -32.5664
-41.3510 -36.0494 15.8295 23.1850 -27.2167 -38.6010 -44.6936 -5.2731 25.7859 -13.1177 -32.9557 -41.9588 -42.5834 11.4690 32.0013 -24.7175 -37.5728 -44.4593 -10.9169 24.4548 -11.6446 -32.7684 -41.9378 -42.3877 11.9871 31.1131 -25.4459 -37.9910 -44.6035 -6.4490 25.9461 -14.1486 -33.4177 -42.3943 -40.6160 13.7301 27.5711 -26.7545 -38.6263 -44.7561 -1.9180 27.7365 -16.4514 -34.1204 -42.8432 -38.0092 15.4943 21.8764 -27.7970 -38.8550 -44.5653 -38.8550 -27.7970 21.8764 15.4943 -38.0092 -42.8432 -34.1204 -16.4514 27.7365 -1.9180 -44.7561 -38.6263 -26.7545 27.5711 13.7301 -40.6160 -42.3943 -33.4177 -14.1486 25.9461 -6.4490 -44.6035 -37.9910 -25.4459 31.1131 11.9871 -42.3877 -41.9378 -32.7684 -11.6446 24.4548 -10.9169 -44.4593 -37.5728 -24.7175 32.0013 11.4690 -42.5834 -41.9588 -32.9557 -13.1177 25.7859 -5.2731 -44.6936 -38.6010 -27.2167 23.1850 15.8295 -36.0494 -41.3510
-34.8970 16.6070 20.1670 -27.7445 -38.8409 -44.7463 -3.7601 26.2883 -13.7504 -33.0826 -42.0202 -42.4976 11.4690 32.0954 -24.5697 -37.4685 -44.4148 -12.4260 23.9698 -10.6401 -32.5374 -41.7637 -42.8969 11.3152 31.9325 -24.9165 -37.7291 -44.5276 -8.6765 25.2091 -13.0387 -33.1241 -42.1974 -41.4618 12.9897 29.3402 -26.2080 -38.3630 -44.6975 -3.6521 26.9929 -15.5491 -33.8291 -42.6611 -39.1952 14.7666 24.4209 -27.4558 -38.8970 -45.4184 -35.1595 -45.4184 -38.8970 -27.4558 24.4209 14.7666 -39.1952 -42.6611 -33.8291 -15.5491 26.9929 -3.6521 -44.6975 -38.3630 -26.2080 29.3402 12.9897 -41.4618 -42.1974 -33.1241 -13.0387 25.2091 -8.6765 -44.5276 -37.7291 -24.9165 31.9325 11.3152 -42.8969 -41.7637 -32.5374 -10.6401 23.9698 -12.4260 -44.4148 -37.4685 -24.5697 32.0954 11.4690 -42.4976 -42.0202 -33.0826 -13.7504 26.2883 -3.7601 -44.7463 -38.8409 -27.7445 20.1670 16.6070 -34.8970
16.8528 16.6905 -28.2889 -39.0939 -44.7980 -2.1827 26.9087 -14.5467 -33.2752 -42.1313 -42.2347 11.6740 32.0013 -24.5697 -37.4325 -44.3899 -13.4183 23.6253 -9.7984 -32.3474 -41.6111 -43.2887 10.6978 32.4491 -24.4200 -37.4797 -44.4467 -11.0452 24.4910 -11.8223 -32.8309 -41.9948 -42.1857 12.2470 30.7019 -25.6585 -38.0973 -44.6324 -5.5974 26.2475 -14.5702 -33.5357 -42.4712 -40.2376 14.0270 26.7561 -26.9556 -38.7058 -44.8118 -5.5838 15.6120 -5.5838 -44.8118 -38.7058 -26.9556 26.7561 14.0270 -40.2376 -42.4712 -33.5357 -14.5702 26.2475 -5.5974 -44.6324 -38.0973 -25.6585 30.7019 12.2470 -42.1857 -41.9948 -32.8309 -11.8223 24.4910 -11.0452 -44.4467 -37.4797 -24.4200 32.4491 10.6978 -43.2887 -41.6111 -32.3474 -9.7984 23.6253 -13.4183 -44.3899 -37.4325 -24.5697 32.0013 11.6740 -42.2347 -42.1313 -33.2752 -14.5467 26.9087 -2.1827 -44.7980 -39.0939 -28.2889 16.6905 16.8528
12.5371 -28.8382 -39.3498 -44.8449 -0.6592 27.6016 -15.4105 -33.5126 -42.2777 -41.7923 12.0639 31.6993 -24.7175 -37.4685 -44.3899 -13.7637 23.4479 -9.2296 -32.2116 -41.4927 -43.5719 10.1633 32.7412 -23.9692 -37.2491 -44.3641 -13.4617 23.8042 -10.5035 -32.5421 -41.7891 -42.7967 11.4997 31.6964 -25.1056 -37.8280 -44.5591 -7.7760 25.5016 -13.4956 -33.2415 -42.2757 -41.1388 13.2864 28.6860 -26.4217 -38.4610 -44.7281 -3.9611 24.8953 23.1614 24.8953 -3.9611 -44.7281 -38.4610 -26.4217 28.6860 13.2864 -41.1388 -42.2757 -33.2415 -13.4956 25.5016 -7.7760 -44.5591 -37.8280 -25.1056 31.6964 11.4997 -42.7967 -41.7891 -32.5421 -10.5035 23.8042 -13.4617 -44.3641 -37.2491 -23.9692 32.7412 10.1633 -43.5719 -41.4927 -32.2116 -9.2296 23.4479 -13.7637 -44.3899 -37.4685 -24.7175 31.6993 12.0639 -41.7923 -42.2777 -33.5126 -15.4105 27.6016 -0.6592 -44.8449 -39.3498 -28.8382 12.5371
-27.2237 -39.6029 -44.8855 0.7607 28.3279 -16.2813 -33.7780 -42.4457 -41.1757 12.5911 31.1335 -24.9992 -37.5728 -44.4148 -13.4183 23.4479 -9.0210 -32.1396 -41.4156 -43.7518 9.7455 32.8794 -23.5822 -37.0471 -44.2858 -15.7622 23.1673 -9.0966 -32.2653 -41.5856 -43.3004 10.7540 32.3657 -24.5497 -37.5575 -44.4770 -10.1762 24.7606 -12.3098 -32.9473 -42.0753 -41.9099 12.5454 30.2027 -25.8797 -38.2013 -44.6603 -5.0723 26.1194 -12.0878 -27.9221 -12.0878 26.1194 -5.0723 -44.6603 -38.2013 -25.8797 30.2027 12.5454 -41.9099 -42.0753 -32.9473 -12.3098 24.7606 -10.1762 -44.4770 -37.5575 -24.5497 32.3657 10.7540 -43.3004 -41.5856 -32.2653 -9.0966 23.1673 -15.7622 -44.2858 -37.0471 -23.5822 32.8794 9.7455 -43.7518 -41.4156 -32.1396 -9.0210 23.4479 -13.4183 -44.4148 -37.5728 -24.9992 31.1335 12.5911 -41.1757 -42.4457 -33.7780 -16.2813 28.3279 0.7607 -44.8855 -39.6029 -27.2237
-37.7415 -44.9169 2.0527 29.0626 -17.1234 -34.0610 -42.6237 -40.3817 13.2132 30.2284 -25.3818 -37.7339 -44.4593 -12.4260 23.6253 -9.2296 -32.1396 -41.3881 -43.8383 9.4772 32.9277 -23.2801 -36.8811 -44.2165 -17.7973 22.6050 -7.6587 -32.0090 -41.3899 -43.7015 10.0253 32.7565 -23.9995 -37.2882 -44.3875 -12.7628 24.0274 -10.9901 -32.6517 -41.8692 -42.5672 11.7997 31.3393 -25.3292 -37.9356 -44.5883 -6.9566 25.6958 -13.3159 -32.6168 -39.0714 -32.6168 -13.3159 25.6958 -6.9566 -44.5883 -37.9356 -25.3292 31.3393 11.7997 -42.5672 -41.8692 -32.6517 -10.9901 24.0274 -12.7628 -44.3875 -37.2882 -23.9995 32.7565 10.0253 -43.7015 -41.3899 -32.0090 -7.6587 22.6050 -17.7973 -44.2165 -36.8811 -23.2801 32.9277 9.4772 -43.8383 -41.3881 -32.1396 -9.2296 23.6253 -12.4260 -44.4593 -37.7339 -25.3818 30.2284 13.2132 -40.3817 -42.6237 -34.0610 -17.1234 29.0626 2.0527 -44.9169 -37.7415
-43.5073 3.2341 29.7857 -17.9241 -34.3507 -42.8055 -39.4071 13.8982 28.9175 -25.8354 -37.9384 -44.5173 -10.9169 23.9698 -9.7984 -32.2116 -41.4156 -43.8383 9.3854 32.9372 -23.0874 -36.7624 -44.1574 -19.4656 22.1339 -6.2534 -31.7793 -41.2075 -44.0087 9.3295 32.9221 -23.4629 -37.0257 -44.2908 -15.4608 23.3047 -9.4972 -32.3551 -41.6575 -43.1221 11.0442 32.1386 -24.7729 -37.6654 -44.5095 -9.2100 25.0277 -12.6323 -32.9013 -42.1341 -46.3592 -42.1341 -32.9013 -12.6323 25.0277 -9.2100 -44.5095 -37.6654 -24.7729 32.1386 11.0442 -43.1221 -41.6575 -32.3551 -9.4972 23.3047 -15.4608 -44.2908 -37.0257 -23.4629 32.9221 9.3295 -44.0087 -41.2075 -31.7793 -6.2534 22.1339 -19.4656 -44.1574 -36.7624 -23.0874 32.9372 9.3854 -43.8383 -41.4156 -32.2116 -9.7984 23.9698 -10.9169 -44.5173 -37.9384 -25.8354 28.9175 13.8982 -39.4071 -42.8055 -34.3507 -17.9241 29.7857 3.2341 -43.5073
3.3851 30.4735 -18.6811 -34.6410 -42.9837 -38.2555 14.6244 27.1359 -26.3356 -38.1717 -44.5824 -9.0719 24.4548 -10.6401 -32.3474 -41.4927 -43.7518 9.4772 32.9372 -23.0208 -36.7024 -44.1196 -20.6342 21.7780 -4.9897 -31.5849 -41.0480 -44.2377 8.6847 32.9219 -22.9499 -36.7752 -44.1924 -18.1376 22.6009 -7.8107 -32.0588 -41.4414 -43.5832 10.2775 32.6436 -24.2082 -37.3930 -44.4230 -11.7109 24.3109 -11.4830 -32.7288 -41.9287 -43.5919 -4.2131 -43.5919 -41.9287 -32.7288 -11.4830 24.3109 -11.7109 -44.4230 -37.3930 -24.2082 32.6436 10.2775 -43.5832 -41.4414 -32.0588 -7.8107 22.6009 -18.1376 -44.1924 -36.7752 -22.9499 32.9219 8.6847 -44.2377 -41.0480 -31.5849 -4.9897 21.7780 -20.6342 -44.1196 -36.7024 -23.0208 32.9372 9.4772 -43.7518 -41.4927 -32.3474 -10.6401 24.4548 -9.0719 -44.5824 -38.1717 -26.3356 27.1359 14.6244 -38.2555 -42.9837 -34.6410 -18.6811 30.4735 3.3851
30.6358 -19.3982 -34.9303 -43.1556 -36.9288 15.3718 24.8461 -26.8667 -38.4215 -44.6472 -7.0953 25.0403 -11.6446 -32.5374 -41.6111 -43.5719 9.7455 32.9277 -23.0874 -36.7024 -44.1076 -21.2152 21.5601 -4.0591 -31.4389 -40.9197 -44.4000 8.1110 32.8171 -22.4808 -36.5420 -44.0944 -20.6677 21.9342 -5.9378 -31.7679 -41.2240 -43.9587 9.4989 32.8932 -23.6368 -37.1196 -44.3286 -14.3926 23.5886 -10.1007 -32.4619 -41.7348 -43.1854 9.3295 24.8558 9.3295 -43.1854 -41.7348 -32.4619 -10.1007 23.5886 -14.3926 -44.3286 -37.1196 -23.6368 32.8932 9.4989 -43.9587 -41.2240 -31.7679 -5.9378 21.9342 -20.6677 -44.0944 -36.5420 -22.4808 32.8171 8.1110 -44.4000 -40.9197 -31.4389 -4.0591 21.5601 -21.2152 -44.1076 -36.7024 -23.0874 32.9277 9.7455 -43.5719 -41.6111 -32.5374 -11.6446 25.0403 -7.0953 -44.6472 -38.4215 -26.8667 24.8461 15.3718 -36.9288 -43.1556 -34.9303 -19.3982 30.6358
-19.1914 -35.2169 -43.3191 -35.4125 16.1281 22.0688 -27.4115 -38.6800 -44.7098 -5.1376 25.6966 -12.7039 -32.7684 -41.7637 -43.2887 10.1633 32.8794 -23.2801 -36.7624 -44.1196 -21.2152 21.4871 -3.5689 -31.3487 -40.8271 -44.5052 7.6399 32.6641 -22.0715 -36.3364 -43.9979 -22.9392 21.3213 -3.8946 -31.4898 -41.0103 -44.2545 8.7135 32.9304 -23.0635 -36.8447 -44.2260 -17.1809 22.8647 -8.4962 -32.1716 -41.5254 -43.4687 10.1087 32.9885 -12.3926 32.9885 10.1087 -43.4687 -41.5254 -32.1716 -8.4962 22.8647 -17.1809 -44.2260 -36.8447 -23.0635 32.9304 8.7135 -44.2545 -41.0103 -31.4898 -3.8946 21.3213 -22.9392 -43.9979 -36.3364 -22.0715 32.6641 7.6399 -44.5052 -40.8271 -31.3487 -3.5689 21.4871 -21.2152 -44.1196 -36.7624 -23.2801 32.8794 10.1633 -43.2887 -41.7637 -32.7684 -12.7039 25.6966 -5.1376 -44.7098 -38.6800 -27.4115 22.0688 16.1281 -35.4125 -43.3191 -35.2169 -19.1914
-33.2721 -43.4758 -33.6994 16.9003 18.8377 -27.9572 -38.9394 -44.7669 -3.2846 26.4047 -13.7597 -33.0275 -41.9378 -42.8969 10.6978 32.7412 -23.5822 -36.8811 -44.1574 -20.6342 21.5601 -3.5689 -31.3176 -40.7784 -44.5643 7.3008 32.5124 -21.7374 -36.1645 -43.9114 -24.8689 20.7748 -1.7513 -31.2311 -40.8047 -44.4777 7.9327 32.7989 -22.4896 -36.5713 -44.1165 -19.9923 22.1466 -6.6280 -31.8740 -41.3080 -43.8356 9.6869 32.9299 -22.4504 -32.6488 -22.4504 32.9299 9.6869 -43.8356 -41.3080 -31.8740 -6.6280 22.1466 -19.9923 -44.1165 -36.5713 -22.4896 32.7989 7.9327 -44.4777 -40.8047 -31.2311 -1.7513 20.7748 -24.8689 -43.9114 -36.1645 -21.7374 32.5124 7.3008 -44.5643 -40.7784 -31.3176 -3.5689 21.5601 -20.6342 -44.1574 -36.8811 -23.5822 32.7412 10.6978 -42.8969 -41.9378 -33.0275 -13.7597 26.4047 -3.2846 -44.7669 -38.9394 -27.9572 18.8377 16.9003 -33.6994 -43.4758 -33.2721
-41.7676 -31.8033 17.6906 15.2001 -28.5046 -39.1964 -44.8172 -1.5932 27.1383 -14.7733 -33.3063 -42.1233 -42.3877 11.3152 32.4491 -23.9692 -37.0471 -44.2165 -19.4656 21.7780 -4.0591 -31.3487 -40.7784 -44.5833 7.1211 32.4026 -21.4964 -36.0332 -43.8413 -26.4079 20.3041 0.3574 -30.9988 -40.6130 -44.6379 7.1702 32.5454 -21.9263 -36.3042 -44.0010 -22.7125 21.4389 -4.4532 -31.5748 -41.0831 -44.1583 8.9765 32.9421 -22.9808 -36.3867 -42.5543 -36.3867 -22.9808 32.9421 8.9765 -44.1583 -41.0831 -31.5748 -4.4532 21.4389 -22.7125 -44.0010 -36.3042 -21.9263 32.5454 7.1702 -44.6379 -40.6130 -30.9988 0.3574 20.3041 -26.4079 -43.8413 -36.0332 -21.4964 32.4026 7.1211 -44.5833 -40.7784 -31.3487 -4.0591 21.7780 -19.4656 -44.2165 -37.0471 -23.9692 32.4491 11.3152 -42.3877 -42.1233 -33.3063 -14.7733 27.1383 -1.5932 -44.8172 -39.1964 -28.5046 15.2001 17.6906 -31.8033 -41.7676
-30.6896 18.5154 11.3159 -29.0586 -39.4504 -44.8616 -0.0723 27.8817 -15.7266 -33.5950 -42.3164 -41.7469 11.9871 31.9325 -24.4200 -37.2491 -44.2858 -17.7973 22.1339 -4.9897 -31.4389 -40.8271 -44.5643 7.1211 32.3624 -21.3696 -35.9498 -43.7898 -27.5361 19.8909 2.2816 -30.7938 -40.4449 -44.7473 6.4490 32.2144 -21.3844 -36.0491 -43.8813 -25.2373 20.7524 -1.9457 -31.2774 -40.8551 -44.4178 8.1824 32.8569 -22.6275 -36.5497 -44.6056 -44.4102 -44.6056 -36.5497 -22.6275 32.8569 8.1824 -44.4178 -40.8551 -31.2774 -1.9457 20.7524 -25.2373 -43.8813 -36.0491 -21.3844 32.2144 6.4490 -44.7473 -40.4449 -30.7938 2.2816 19.8909 -27.5361 -43.7898 -35.9498 -21.3696 32.3624 7.1211 -44.5643 -40.8271 -31.4389 -4.9897 22.1339 -17.7973 -44.2858 -37.2491 -24.4200 31.9325 11.9871 -41.7469 -42.3164 -33.5950 -15.7266 27.8817 -0.0723 -44.8616 -39.4504 -29.0586 11.3159 18.5154 -30.6896
18.8361 7.4248 -29.6172 -39.7020 -44.8988 1.2962 28.6261 -16.6206 -33.8863 -42.5093 -40.9643 12.7016 31.1131 -24.9165 -37.4797 -44.3641 -15.7622 22.6050 -6.2534 -31.5849 -40.9197 -44.5052 7.3008 32.4026 -21.3696 -35.9209 -43.7619 -28.2338 19.5677 3.8349 -30.5715 -40.3064 -44.8179 5.7984 31.8592 -20.8769 -35.8134 -43.7634 -27.4875 20.0601 0.8559 -30.9859 -40.6281 -44.6157 7.3451 32.6242 -22.0862 -36.3671 -44.0949 -27.7377 9.6788 -27.7377 -44.0949 -36.3671 -22.0862 32.6242 7.3451 -44.6157 -40.6281 -30.9859 0.8559 20.0601 -27.4875 -43.7634 -35.8134 -20.8769 31.8592 5.7984 -44.8179 -40.3064 -30.5715 3.8349 19.5677 -28.2338 -43.7619 -35.9209 -21.3696 32.4026 7.3008 -44.5052 -40.9197 -31.5849 -6.2534 22.6050 -15.7622 -44.3641 -37.4797 -24.9165 31.1131 12.7016 -40.9643 -42.5093 -33.8863 -16.6206 28.6261 1.2962 -44.8988 -39.7020 -29.6172 7.4248 18.8361
3.6647 -30.1772 -39.9509 -44.9164 2.5379 29.3578 -17.4553 -34.1775 -42.6964 -40.0399 13.4381 29.9219 -25.4459 -37.7291 -44.4467 -13.4617 23.1673 -7.6587 -31.7793 -41.0480 -44.4000 7.6399 32.5124 -21.4964 -35.9498 -43.7619 -28.4707 19.3974 4.8608 -30.3619 -40.1986 -44.8598 5.2422 31.5214 -20.4278 -35.6036 -43.6532 -29.4054 19.3535 3.8649 -30.6385 -40.4053 -44.7554 6.4801 32.2656 -21.4906 -36.1106 -43.9304 -25.7883 18.4655 32.5363 18.4655 -25.7883 -43.9304 -36.1106 -21.4906 32.2656 6.4801 -44.7554 -40.4053 -30.6385 3.8649 19.3535 -29.4054 -43.6532 -35.6036 -20.4278 31.5214 5.2422 -44.8598 -40.1986 -30.3619 4.8608 19.3974 -28.4707 -43.7619 -35.9498 -21.4964 32.5124 7.6399 -44.4000 -41.0480 -31.7793 -7.6587 23.1673 -13.4617 -44.4467 -37.7291 -25.4459 29.9219 13.4381 -40.0399 -42.6964 -34.1775 -17.4553 29.3578 2.5379 -44.9164 -39.9509 -30.1772 3.6647
-28.2864 -40.1966 -44.8988 3.6787 30.0666 -18.2353 -34.4682 -42.8779 -38.9713 14.1787 28.3225 -25.9924 -37.9910 -44.5276 -11.0452 23.8042 -9.0966 -32.0090 -41.2075 -44.2377 8.1110 32.6641 -21.7374 -36.0332 -43.7898 -28.2338 19.3974 5.2305 -30.2492 -40.1274 -44.8820 4.8038 31.2299 -20.0499 -35.4235 -43.5525 -30.9902 18.7047 6.9039 -30.2018 -40.1893 -44.8462 5.6057 31.8157 -20.8822 -35.8394 -43.7920 -27.2348 19.6861 9.1377 -23.5694 9.1377 19.6861 -27.2348 -43.7920 -35.8394 -20.8822 31.8157 5.6057 -44.8462 -40.1893 -30.2018 6.9039 18.7047 -30.9902 -43.5525 -35.4235 -20.0499 31.2299 4.8038 -44.8820 -40.1274 -30.2492 5.2305 19.3974 -28.2338 -43.7898 -36.0332 -21.7374 32.6641 8.1110 -44.2377 -41.2075 -32.0090 -9.0966 23.8042 -11.0452 -44.5276 -37.9910 -25.9924 28.3225 14.1787 -38.9713 -42.8779 -34.4682 -18.2353 30.0666 3.6787 -44.8988 -40.1966 -28.2864
-38.3493 -44.8446 4.7362 30.7368 -18.9729 -34.7570 -43.0534 -37.7423 14.9228 26.2886 -26.5392 -38.2569 -44.6035 -8.6765 24.4910 -10.5035 -32.2653 -41.3899 -44.0087 8.6847 32.8171 -22.0715 -36.1645 -43.8413 -27.5361 19.5677 4.8608 -30.2492 -40.1022 -44.8915 4.5177 31.0126 -19.7568 -35.2809 -43.4672 -32.2600 18.1571 9.7063 -29.7683 -39.9886 -44.8966 4.7273 31.3140 -20.2756 -35.5715 -43.6553 -29.3041 19.3362 5.1118 -29.5991 -36.5133 -29.5991 5.1118 19.3362 -29.3041 -43.6553 -35.5715 -20.2756 31.3140 4.7273 -44.8966 -39.9886 -29.7683 9.7063 18.1571 -32.2600 -43.4672 -35.2809 -19.7568 31.0126 4.5177 -44.8915 -40.1022 -30.2492 4.8608 19.5677 -27.5361 -43.8413 -36.1645 -22.0715 32.8171 8.6847 -44.0087 -41.3899 -32.2653 -10.5035 24.4910 -8.6765 -44.6035 -38.2569 -26.5392 26.2886 14.9228 -37.7423 -43.0534 -34.7570 -18.9729 30.7368 4.7362 -44.8446 -38.3493
-43.4707 5.7257 31.3530 -19.6773 -35.0439 -43.2215 -36.3381 15.6753 23.7932 -27.0850 -38.5210 -44.6720 -6.4490 25.2091 -11.8223 -32.5421 -41.5856 -43.7015 9.3295 32.9219 -22.4808 -36.3364 -43.9114 -26.4079 19.8909 3.8349 -30.3619 -40.1274 -44.8915 4.4174 30.8940 -19.5672 -35.1816 -43.4010 -33.2101 17.7112 12.1114 -29.3971 -39.8117 -44.9155 3.8712 30.7935 -19.6815 -35.3143 -43.5180 -31.3011 18.6411 7.1758 -30.0130 -39.9481 -45.3201 -39.9481 -30.0130 7.1758 18.6411 -31.3011 -43.5180 -35.3143 -19.6815 30.7935 3.8712 -44.9155 -39.8117 -29.3971 12.1114 17.7112 -33.2101 -43.4010 -35.1816 -19.5672 30.8940 4.4174 -44.8915 -40.1274 -30.3619 3.8349 19.8909 -26.4079 -43.9114 -36.3364 -22.4808 32.9219 9.3295 -43.7015 -41.5856 -32.5421 -11.8223 25.2091 -6.4490 -44.6720 -38.5210 -27.0850 23.7932 15.6753 -36.3381 -43.2215 -35.0439 -19.6773 31.3530 5.7257 -43.4707
5.8431 31.8967 -20.3532 -35.3307 -43.3818 -34.7506 16.4394 20.8217 -27.6305 -38.7833 -44.7340 -4.4145 25.9461 -13.0387 -32.8309 -41.7891 -43.3004 10.0253 32.9221 -22.9499 -36.5420 -43.9979 -24.8689 20.3041 2.2816 -30.5715 -40.1986 -44.8820 4.5177 30.8940 -19.4998 -35.1281 -43.3580 -33.8400 17.3789 14.0014 -29.0918 -39.6591 -44.9135 3.0756 30.2877 -19.1178 -35.0731 -43.3820 -33.0599 17.9186 10.4453 -29.6766 -39.9285 -45.4242 -26.4209 -45.4242 -39.9285 -29.6766 10.4453 17.9186 -33.0599 -43.3820 -35.0731 -19.1178 30.2877 3.0756 -44.9135 -39.6591 -29.0918 14.0014 17.3789 -33.8400 -43.3580 -35.1281 -19.4998 30.8940 4.5177 -44.8820 -40.1986 -30.5715 2.2816 20.3041 -24.8689 -43.9979 -36.5420 -22.9499 32.9221 10.0253 -43.3004 -41.7891 -32.8309 -13.0387 25.9461 -4.4145 -44.7340 -38.7833 -27.6305 20.8217 16.4394 -34.7506 -43.3818 -35.3307 -20.3532 31.8967 5.8431
31.8210 -21.0029 -35.6165 -43.5361 -32.9689 17.2156 17.4067 -28.1781 -39.0421 -44.7884 -2.5926 26.6908 -14.1486 -33.1241 -41.9948 -42.7967 10.7540 32.7565 -23.4629 -36.7752 -44.0944 -22.9392 20.7748 0.3574 -30.7938 -40.3064 -44.8598 4.8038 31.0126 -19.5672 -35.1281 -43.3438 -34.1580 17.1742 15.2869 -28.8619 -39.5376 -44.9003 2.3707 29.8300 -18.5996 -34.8553 -43.2532 -34.5596 17.2374 13.8328 -29.2138 -39.7514 -44.9049 1.0206 18.4825 1.0206 -44.9049 -39.7514 -29.2138 13.8328 17.2374 -34.5596 -43.2532 -34.8553 -18.5996 29.8300 2.3707 -44.9003 -39.5376 -28.8619 15.2869 17.1742 -34.1580 -43.3438 -35.1281 -19.5672 31.0126 4.8038 -44.8598 -40.3064 -30.7938 0.3574 20.7748 -22.9392 -44.0944 -36.7752 -23.4629 32.7565 10.7540 -42.7967 -41.9948 -33.1241 -14.1486 26.6908 -2.5926 -44.7884 -39.0421 -28.1781 17.4067 17.2156 -32.9689 -43.5361 -35.6165 -21.0029 31.8210
-20.6002 -35.9001 -43.6816 -30.9725 18.0075 13.6616 -28.7286 -39.2993 -44.8360 -0.9682 27.4376 -15.1622 -33.4177 -42.1974 -42.1857 11.4997 32.3657 -23.9995 -37.0257 -44.1924 -20.6677 21.3213 -1.7513 -30.9988 -40.4449 -44.8179 5.2422 31.2299 -19.7568 -35.1816 -43.3580 -34.1580 17.1054 15.9503 -28.7209 -39.4530 -44.8856 1.7898 29.4463 -18.1526 -34.6678 -43.1373 -35.7917 16.6189 16.9454 -28.7486 -39.5413 -44.9008 2.1884 28.1968 8.8217 28.1968 2.1884 -44.9008 -39.5413 -28.7486 16.9454 16.6189 -35.7917 -43.1373 -34.6678 -18.1526 29.4463 1.7898 -44.8856 -39.4530 -28.7209 15.9503 17.1054 -34.1580 -43.3580 -35.1816 -19.7568 31.2299 5.2422 -44.8179 -40.4449 -30.9988 -1.7513 21.3213 -20.6677 -44.1924 -37.0257 -23.9995 32.3657 11.4997 -42.1857 -42.1974 -33.4177 -15.1622 27.4376 -0.9682 -44.8360 -39.2993 -28.7286 13.6616 18.0075 -30.9725 -43.6816 -35.9001 -20.6002
-33.9684 -43.8207 -28.7624 18.8232 9.7631 -29.2811 -39.5533 -44.8778 0.4865 28.1809 -16.0963 -33.7115 -42.3943 -41.4618 12.2470 31.6964 -24.5497 -37.2882 -44.2908 -18.1376 21.9342 -3.8946 -31.2311 -40.6130 -44.7473 5.7984 31.5214 -20.0499 -35.2809 -43.4010 -33.8400 17.1742 15.9503 -28.6748 -39.4081 -44.8756 1.3760 29.1577 -17.7934 -34.5152 -43.0362 -36.7533 16.0861 19.5623 -28.3182 -39.3346 -44.8772 1.6161 29.1950 -16.4114 -29.7338 -16.4114 29.1950 1.6161 -44.8772 -39.3346 -28.3182 19.5623 16.0861 -36.7533 -43.0362 -34.5152 -17.7934 29.1577 1.3760 -44.8756 -39.4081 -28.6748 15.9503 17.1742 -33.8400 -43.4010 -35.2809 -20.0499 31.5214 5.7984 -44.7473 -40.6130 -31.2311 -3.8946 21.9342 -18.1376 -44.2908 -37.2882 -24.5497 31.6964 12.2470 -41.4618 -42.3943 -33.7115 -16.0963 28.1809 0.4865 -44.8778 -39.5533 -29.2811 9.7631 18.8232 -28.7624 -43.8207 -33.9684
-42.1428 -26.3699 19.6681 5.9150 -29.8372 -39.8027 -44.9090 1.8064 28.9176 -16.9615 -34.0045 -42.5865 -40.6160 12.9897 30.7019 -25.1056 -37.5575 -44.3875 -15.4608 22.6009 -5.9378 -31.4898 -40.8047 -44.6379 6.4490 31.8592 -20.4278 -35.4235 -43.4672 -33.2101 17.3789 15.2869 -28.7209 -39.4081 -44.8723 1.1589 28.9794 -17.5367 -34.4016 -42.9560 -37.4778 15.6467 21.6103 -27.9397 -39.1468 -44.8461 0.6752 28.8739 -17.3384 -33.8815 -40.2630 -33.8815 -17.3384 28.8739 0.6752 -44.8461 -39.1468 -27.9397 21.6103 15.6467 -37.4778 -42.9560 -34.4016 -17.5367 28.9794 1.1589 -44.8723 -39.4081 -28.7209 15.2869 17.3789 -33.2101 -43.4672 -35.4235 -20.4278 31.8592 6.4490 -44.6379 -40.8047 -31.4898 -5.9378 22.6009 -15.4608 -44.3875 -37.5575 -25.1056 30.7019 12.9897 -40.6160 -42.5865 -34.0045 -16.9615 28.9176 1.8064 -44.9090 -39.8027 -29.8372 5.9150 19.6681 -26.3699 -42.1428
-25.3175 20.4756 2.3413 -30.4017 -40.0490 -44.9140 3.0115 29.6448 -17.7696 -34.2952 -42.7716 -39.6304 13.7301 29.3402 -25.6585 -37.8280 -44.4770 -12.7628 23.3047 -7.8107 -31.7679 -41.0103 -44.4777 7.1702 32.2144 -20.8769 -35.6036 -43.5525 -32.2600 17.7112 14.0014 -28.8619 -39.4530 -44.8756 1.1589 28.9198 -17.4060 -34.3308 -42.9016 -37.9859 15.3029 23.1492 -27.6248 -38.9837 -44.8142 -0.3227 28.3780 -17.0124 -34.1740 -43.0877 -46.4450 -43.0877 -34.1740 -17.0124 28.3780 -0.3227 -44.8142 -38.9837 -27.6248 23.1492 15.3029 -37.9859 -42.9016 -34.3308 -17.4060 28.9198 1.1589 -44.8756 -39.4530 -28.8619 14.0014 17.7112 -32.2600 -43.5525 -35.6036 -20.8769 32.2144 7.1702 -44.4777 -41.0103 -31.7679 -7.8107 23.3047 -12.7628 -44.4770 -37.8280 -25.6585 29.3402 13.7301 -39.6304 -42.7716 -34.2952 -17.7696 29.6448 3.0115 -44.9140 -40.0490 -30.4017 2.3413 20.4756 -25.3175
20.7049 -0.8119 -30.8476 -40.2914 -44.8804 4.1160 30.3440 -18.5348 -34.5843 -42.9490 -38.4928 14.4746 27.5711 -26.2080 -38.0973 -44.5591 -10.1762 24.0274 -9.4972 -32.0588 -41.2240 -44.2545 7.9327 32.5454 -21.3844 -35.8134 -43.6532 -30.9902 18.1571 12.1114 -29.0918 -39.5376 -44.8856 1.3760 28.9794 -17.4060 -34.3071 -42.8727 -38.2894 15.0676 24.2061 -27.3798 -38.8509 -44.7847 -1.2708 27.8913 -16.4768 -34.0624 -42.8143 -40.7351 2.2368 -40.7351 -42.8143 -34.0624 -16.4768 27.8913 -1.2708 -44.7847 -38.8509 -27.3798 24.2061 15.0676 -38.2894 -42.8727 -34.3071 -17.4060 28.9794 1.3760 -44.8856 -39.5376 -29.0918 12.1114 18.1571 -30.9902 -43.6532 -35.8134 -21.3844 32.5454 7.9327 -44.2545 -41.2240 -32.0588 -9.4972 24.0274 -10.1762 -44.5591 -38.0973 -26.2080 27.5711 14.4746 -38.4928 -42.9490 -34.5843 -18.5348 30.3440 4.1160 -44.8804 -40.2914 -30.8476 -0.8119 20.7049
-3.3552 -31.1593 -40.5311 -44.8039 5.1399 30.9937 -19.2623 -34.8718 -43.1207 -37.1957 15.2260 25.3466 -26.7545 -38.3630 -44.6324 -7.7760 24.7606 -10.9901 -32.3551 -41.4414 -43.9587 8.7135 32.7989 -21.9263 -36.0491 -43.7634 -29.4054 18.7047 9.7063 -29.3971 -39.6591 -44.9003 1.7898 29.1577 -17.5367 -34.3308 -42.8727 -38.3928 14.9485 24.8195 -27.2075 -38.7513 -44.7609 -2.0959 27.4688 -15.9412 -33.8929 -42.6733 -39.8112 12.6289 28.2097 12.6289 -39.8112 -42.6733 -33.8929 -15.9412 27.4688 -2.0959 -44.7609 -38.7513 -27.2075 24.8195 14.9485 -38.3928 -42.8727 -34.3308 -17.5367 29.1577 1.7898 -44.9003 -39.6591 -29.3971 9.7063 18.7047 -29.4054 -43.7634 -36.0491 -21.9263 32.7989 8.7135 -43.9587 -41.4414 -32.3551 -10.9901 24.7606 -7.7760 -44.6324 -38.3630 -26.7545 25.3466 15.2260 -37.1957 -43.1207 -34.8718 -19.2623 30.9937 5.1399 -44.8039 -40.5311 -31.1593 -3.3552
-29.1055 -40.7683 -44.6790 6.0988 31.5811 -19.9542 -35.1590 -43.2852 -35.7232 15.9834 22.6450 -27.3028 -38.6263 -44.6975 -5.5974 25.5016 -12.3098 -32.6517 -41.6575 -43.5832 9.4989 32.9304 -22.4896 -36.3042 -43.8813 -27.4875 19.3535 6.9039 -29.7683 -39.8117 -44.9135 2.3707 29.4463 -17.7934 -34.4016 -42.9016 -38.2894 14.9485 25.0253 -27.1192 -38.6901 -44.7439 -2.7373 27.1420 -15.4802 -33.7344 -42.5553 -40.0884 13.6468 31.0096 -17.3554 31.0096 13.6468 -40.0884 -42.5553 -33.7344 -15.4802 27.1420 -2.7373 -44.7439 -38.6901 -27.1192 25.0253 14.9485 -38.2894 -42.9016 -34.4016 -17.7934 29.4463 2.3707 -44.9135 -39.8117 -29.7683 6.9039 19.3535 -27.4875 -43.8813 -36.3042 -22.4896 32.9304 9.4989 -43.5832 -41.6575 -32.6517 -12.3098 25.5016 -5.5974 -44.6975 -38.6263 -27.3028 22.6450 15.9834 -35.7232 -43.2852 -35.1590 -19.9542 31.5811 6.0988 -44.6790 -40.7683 -29.1055
-38.9365 -44.5053 7.0084 32.0899 -20.6173 -35.4454 -43.4435 -34.0618 16.7500 19.4890 -27.8524 -38.8866 -44.7561 -3.6521 26.2475 -13.4956 -32.9473 -41.8692 -43.1221 10.2775 32.8932 -23.0635 -36.5713 -44.0010 -25.2373 20.0601 3.8649 -30.2018 -39.9886 -44.9155 3.0756 29.8300 -18.1526 -34.5152 -42.9560 -37.9859 15.0676 24.8195 -27.1192 -38.6700 -44.7352 -3.1420 26.9195 -15.1249 -33.6074 -42.4592 -40.5349 13.5506 29.0962 -25.2372 -34.1132 -25.2372 29.0962 13.5506 -40.5347 -42.4591 -33.6074 -15.1249 26.9195 -3.1420 -44.7352 -38.6700 -27.1192 24.8195 15.0676 -37.9859 -42.9560 -34.5152 -18.1526 29.8300 3.0756 -44.9155 -39.9886 -30.2018 3.8649 20.0601 -25.2373 -44.0010 -36.5713 -23.0635 32.8932 10.2775 -43.1221 -41.8692 -32.9473 -13.4956 26.2475 -3.6521 -44.7561 -38.8866 -27.8524 19.4890 16.7500 -34.0618 -43.4435 -35.4454 -20.6173 32.0899 7.0084 -44.5053 -38.9365
-43.1695 7.8821 32.5017 -21.2565 -35.7294 -43.5949 -32.1929 17.5310 15.9351 -28.4009 -39.1452 -44.8077 -1.9180 26.9929 -14.5702 -33.2415 -42.0753 -42.5672 11.0442 32.6436 -23.6368 -36.8447 -44.1165 -22.7125 20.7524 0.8559 -30.6385 -40.1893 -44.8966 3.8712 30.2877 -18.5996 -34.6678 -43.0362 -37.4778 15.3029 24.2061 -27.2075 -38.6901 -44.7352 -3.2793 26.8050 -14.8997 -33.5203 -42.3886 -40.9063 13.2620 29.3059 -25.9003 -37.8304 -43.7436 -37.8299 -25.9003 29.3143 13.2611 -40.9065 -42.3890 -33.5203 -14.8997 26.8050 -3.2793 -44.7352 -38.6901 -27.2075 24.2061 15.3029 -37.4778 -43.0362 -34.6678 -18.5996 30.2877 3.8712 -44.8966 -40.1893 -30.6385 0.8559 20.7524 -22.7125 -44.1165 -36.8447 -23.6368 32.6436 11.0442 -42.5672 -42.0753 -33.2415 -14.5702 26.9929 -1.9180 -44.8077 -39.1452 -28.4009 15.9351 17.5310 -32.1929 -43.5949 -35.7294 -21.2565 32.5017 7.8821 -43.1695
7.9892 32.7914 -21.8781 -36.0114 -43.7377 -30.1117 18.3332 12.1101 -28.9509 -39.4013 -44.8533 -0.3676 27.7365 -15.5491 -33.5357 -42.2757 -41.9099 11.7997 32.1386 -24.2082 -37.1196 -44.2260 -19.9923 21.4389 -1.9457 -30.9859 -40.4053 -44.8462 4.7273 30.7935 -19.1178 -34.8553 -43.1373 -36.7533 15.6467 23.1492 -27.3798 -38.7513 -44.7439 -3.1420 26.8050 -14.8232 -33.4756 -42.3477 -41.1564 13.0097 29.8001 -25.8348 -38.0427 -45.2046 -40.1889 -45.2007 -38.0419 -25.8349 29.8195 13.0048 -41.1552 -42.3471 -33.4751 -14.8232 26.8050 -3.1420 -44.7439 -38.7513 -27.3798 23.1492 15.6467 -36.7533 -43.1373 -34.8553 -19.1178 30.7935 4.7273 -44.8462 -40.4053 -30.9859 -1.9457 21.4389 -19.9923 -44.2260 -37.1196 -24.2082 32.1386 11.7997 -41.9099 -42.2757 -33.5357 -15.5491 27.7365 -0.3676 -44.8533 -39.4013 -28.9509 12.1101 18.3332 -30.1117 -43.7377 -36.0114 -21.8781 32.7914 7.9892
32.3495 -22.4841 -36.2937 -43.8724 -27.8301 19.1595 8.1982 -29.5041 -39.6533 -44.8927 1.0319 28.4764 -16.4514 -33.8291 -42.4712 -41.1388 12.5454 31.3393 -24.7729 -37.3930 -44.3286 -17.1809 22.1466 -4.4532 -31.2774 -40.6281 -44.7554 5.6057 31.3140 -19.6815 -35.0731 -43.2532 -35.7917 16.0861 21.6103 -27.6248 -38.8509 -44.7609 -2.7373 26.9195 -14.8997 -33.4756 -42.3343 -41.2937 12.8302 30.1457 -25.7019 -38.0110 -44.6353 -12.9946 13.4473 -12.8313 -44.6269 -38.0107 -25.6784 30.2160 12.8429 -41.2837 -42.3239 -33.4746 -14.8997 26.9195 -2.7373 -44.7609 -38.8509 -27.6248 21.6103 16.0861 -35.7917 -43.2532 -35.0731 -19.6815 31.3140 5.6057 -44.7554 -40.6281 -31.2774 -4.4532 22.1466 -17.1809 -44.3286 -37.3930 -24.7729 31.3393 12.5454 -41.1388 -42.4712 -33.8291 -16.4514 28.4764 1.0319 -44.8927 -39.6533 -29.5041 8.1982 19.1595 -27.8301 -43.8724 -36.2937 -22.4841 32.3495
-21.8916 -36.5749 -44.0006 -25.3581 19.9821 4.4382 -30.0638 -39.9014 -44.9153 2.3025 29.2120 -17.2911 -34.1204 -42.6611 -40.2376 13.2864 30.2027 -25.3292 -37.6654 -44.4230 -14.3926 22.8647 -6.6280 -31.5748 -40.8551 -44.6157 6.4801 31.8157 -20.2756 -35.3143 -43.3820 -34.5596 16.6189 19.5623 -27.9397 -38.9837 -44.7847 -2.0959 27.1420 -15.1249 -33.5203 -42.3477 -41.2938 12.5666 30.2464 -25.6963 -38.1718 -44.4919 -9.1409 22.7143 29.1748 23.0886 -8.7619 -44.5509 -37.9812 -25.4067 30.2729 12.4343 -41.3176 -42.3375 -33.5199 -15.1249 27.1420 -2.0959 -44.7847 -38.9837 -27.9397 19.5623 16.6189 -34.5596 -43.3820 -35.3143 -20.2756 31.8157 6.4801 -44.6157 -40.8551 -31.5748 -6.6280 22.8647 -14.3926 -44.4230 -37.6654 -25.3292 30.2027 13.2864 -40.2376 -42.6611 -34.1204 -17.2911 29.2120 2.3025 -44.9153 -39.9014 -30.0638 4.4382 19.9821 -25.3581 -44.0006 -36.5749 -21.8916
-34.6548 -44.1216 -22.7033 20.7377 1.0360 -30.5856 -40.1479 -44.9055 3.4595 29.9288 -18.0808 -34.4095 -42.8432 -39.1952 14.0270 28.6860 -25.8797 -37.9356 -44.5095 -11.7109 23.5886 -8.4962 -31.8740 -41.0831 -44.4178 7.3451 32.2656 -20.8822 -35.5715 -43.5180 -33.0599 17.2374 16.9454 -28.3182 -39.1468 -44.8142 -1.2708 27.4688 -15.4802 -33.6074 -42.3886 -41.1567 12.8540 29.8741 -25.8428 -37.8187 -44.5188 -9.9449 24.4887 -8.0481 -26.6258 -9.0796 24.5103 -8.2286 -44.6885 -37.7771 -25.6961 30.3068 12.8605 -41.1459 -42.3882 -33.6075 -15.4802 27.4688 -1.2708 -44.8142 -39.1468 -28.3182 16.9454 17.2374 -33.0599 -43.5180 -35.5715 -20.8822 32.2656 7.3451 -44.4178 -41.0831 -31.8740 -8.4962 23.5886 -11.7109 -44.5095 -37.9356 -25.8797 28.6860 14.0270 -39.1952 -42.8432 -34.4095 -18.0808 29.9288 3.4595 -44.9055 -40.1479 -30.5856 1.0360 20.7377 -22.7033 -44.1216 -34.6548
-42.4757 -19.9488 21.4409 -1.9269 -30.9758 -40.3890 -44.8558 4.5200 30.6027 -18.8237 -34.6956 -43.0180 -38.0092 14.7666 26.7561 -26.4217 -38.2013 -44.5883 -9.2100 24.3109 -10.1007 -32.1716 -41.3080 -44.1583 8.1824 32.6242 -21.4906 -35.8394 -43.6553 -31.3011 17.9186 13.8328 -28.7486 -39.3346 -44.8461 -0.3227 27.8913 -15.9412 -33.7344 -42.4591 -40.9063 13.0057 30.1894 -25.8106 -37.9131 -44.6230 -9.5707 24.9329 -10.4445 -31.9189 -38.3879 -32.0006 -11.6490 25.0844 -8.2477 -44.3887 -37.8401 -25.5867 29.7209 13.0432 -40.9006 -42.4596 -33.7344 -15.9412 27.8913 -0.3227 -44.8461 -39.3346 -28.7486 13.8328 17.9186 -31.3011 -43.6553 -35.8394 -21.4906 32.6242 8.1824 -44.1583 -41.3080 -32.1716 -10.1007 24.3109 -9.2100 -44.5883 -38.2013 -26.4217 26.7561 14.7666 -38.0092 -43.0180 -34.6956 -18.8237 30.6027 4.5200 -44.8558 -40.3890 -30.9758 -1.9269 21.4409 -19.9488 -42.4757
