0.0047 0.0676 0.9007 1.0000 0.0001 0.0015 0.0205 0.2723 1.0000 1.0000 0.0005 0.0062 0.0817 1.0000 1.0000 0.0001 0.0019 0.0246 0.3256 1.0000 1.0000 0.0006 0.0074 0.0977 1.0000 1.0000 0.0002 0.0022 0.0294 0.3893 1.0000 0.0001 0.0007 0.0088 0.1168 1.0000 1.0000 0.0002 0.0026 0.0351 0.4656 1.0000 0.0001 0.0008 0.0105 0.1397 1.0000 1.0000 0.0002 0.0026 0.0137 0.0026 0.0002 1.0000 1.0000 0.1397 0.0105 0.0008 0.0001 1.0000 0.4656 0.0351 0.0026 0.0002 1.0000 1.0000 0.1168 0.0088 0.0007 0.0001 1.0000 0.3893 0.0294 0.0022 0.0002 1.0000 1.0000 0.0977 0.0074 0.0006 1.0000 1.0000 0.3256 0.0246 0.0019 0.0001 1.0000 1.0000 0.0817 0.0062 0.0005 1.0000 1.0000 0.2723 0.0205 0.0015 0.0001 1.0000 0.9007 0.0676 0.0047
0.0676 0.9232 1.0000 0.0001 0.0015 0.0204 0.2697 1.0000 1.0000 0.0005 0.0061 0.0809 1.0000 1.0000 0.0001 0.0018 0.0243 0.3219 1.0000 1.0000 0.0006 0.0073 0.0968 1.0000 1.0000 0.0002 0.0022 0.0290 0.3849 1.0000 0.0000 0.0007 0.0087 0.1157 1.0000 1.0000 0.0002 0.0026 0.0347 0.4603 1.0000 0.0001 0.0008 0.0104 0.1381 1.0000 1.0000 0.0002 0.0030 0.0345 0.1768 0.0345 0.0030 0.0002 1.0000 1.0000 0.1381 0.0104 0.0008 0.0001 1.0000 0.4603 0.0347 0.0026 0.0002 1.0000 1.0000 0.1157 0.0087 0.0007 0.0000 1.0000 0.3849 0.0290 0.0022 0.0002 1.0000 1.0000 0.0968 0.0073 0.0006 1.0000 1.0000 0.3219 0.0243 0.0018 0.0001 1.0000 1.0000 0.0809 0.0061 0.0005 1.0000 1.0000 0.2697 0.0204 0.0015 0.0001 1.0000 0.9232 0.0676
0.9007 1.0000 0.0001 0.0015 0.0193 0.2533 1.0000 1.0000 0.0004 0.0057 0.0751 0.9962 1.0000 0.0001 0.0017 0.0225 0.2989 1.0000 1.0000 0.0005 0.0068 0.0897 1.0000 1.0000 0.0002 0.0020 0.0270 0.3574 1.0000 1.0000 0.0006 0.0081 0.1072 1.0000 1.0000 0.0002 0.0024 0.0322 0.4274 1.0000 0.0001 0.0007 0.0097 0.1282 1.0000 1.0000 0.0002 0.0029 0.0369 0.4249 1.0000 0.4249 0.0369 0.0029 0.0002 1.0000 1.0000 0.1282 0.0097 0.0007 0.0001 1.0000 0.4274 0.0322 0.0024 0.0002 1.0000 1.0000 0.1072 0.0081 0.0006 1.0000 1.0000 0.3574 0.0270 0.0020 0.0002 1.0000 1.0000 0.0897 0.0068 0.0005 1.0000 1.0000 0.2989 0.0225 0.0017 0.0001 1.0000 0.9962 0.0751 0.0057 0.0004 1.0000 1.0000 0.2533 0.0193 0.0015 0.0001 1.0000 0.9007
1.0000 0.0001 0.0015 0.0189 0.2439 1.0000 1.0000 0.0004 0.0053 0.0700 0.9267 1.0000 0.0001 0.0016 0.0209 0.2775 1.0000 1.0000 0.0005 0.0063 0.0833 1.0000 1.0000 0.0001 0.0019 0.0250 0.3319 1.0000 1.0000 0.0006 0.0075 0.0996 1.0000 1.0000 0.0002 0.0023 0.0299 0.3968 1.0000 0.0001 0.0007 0.0090 0.1191 1.0000 1.0000 0.0002 0.0027 0.0354 0.4542 1.0000 1.0000 1.0000 0.4542 0.0354 0.0027 0.0002 1.0000 1.0000 0.1191 0.0090 0.0007 0.0001 1.0000 0.3968 0.0299 0.0023 0.0002 1.0000 1.0000 0.0996 0.0075 0.0006 1.0000 1.0000 0.3319 0.0250 0.0019 0.0001 1.0000 1.0000 0.0833 0.0063 0.0005 1.0000 1.0000 0.2775 0.0209 0.0016 0.0001 1.0000 0.9267 0.0700 0.0053 0.0004 1.0000 1.0000 0.2439 0.0189 0.0015 0.0001 1.0000
0.0001 0.0015 0.0193 0.2439 1.0000 1.0000 0.0004 0.0050 0.0660 0.8687 1.0000 0.0001 0.0015 0.0195 0.2577 1.0000 1.0000 0.0004 0.0058 0.0773 1.0000 1.0000 0.0001 0.0018 0.0232 0.3081 1.0000 1.0000 0.0005 0.0070 0.0925 1.0000 1.0000 0.0002 0.0021 0.0278 0.3685 1.0000 0.0000 0.0006 0.0083 0.1105 1.0000 1.0000 0.0002 0.0025 0.0331 0.4356 1.0000 1.0000 0.0002 1.0000 1.0000 0.4356 0.0331 0.0025 0.0002 1.0000 1.0000 0.1105 0.0083 0.0006 0.0000 1.0000 0.3685 0.0278 0.0021 0.0002 1.0000 1.0000 0.0925 0.0070 0.0005 1.0000 1.0000 0.3081 0.0232 0.0018 0.0001 1.0000 1.0000 0.0773 0.0058 0.0004 1.0000 1.0000 0.2577 0.0195 0.0015 0.0001 1.0000 0.8687 0.0660 0.0050 0.0004 1.0000 1.0000 0.2439 0.0193 0.0015 0.0001
0.0015 0.0204 0.2533 1.0000 1.0000 0.0004 0.0049 0.0633 0.8268 1.0000 0.0001 0.0014 0.0182 0.2406 1.0000 1.0000 0.0004 0.0054 0.0718 0.9518 1.0000 0.0001 0.0016 0.0216 0.2861 1.0000 1.0000 0.0005 0.0065 0.0858 1.0000 1.0000 0.0001 0.0019 0.0258 0.3421 1.0000 1.0000 0.0006 0.0077 0.1026 1.0000 1.0000 0.0002 0.0023 0.0308 0.4075 1.0000 0.0001 0.0006 0.0030 0.0006 0.0001 1.0000 0.4075 0.0308 0.0023 0.0002 1.0000 1.0000 0.1026 0.0077 0.0006 1.0000 1.0000 0.3421 0.0258 0.0019 0.0001 1.0000 1.0000 0.0858 0.0065 0.0005 1.0000 1.0000 0.2861 0.0216 0.0016 0.0001 1.0000 0.9518 0.0718 0.0054 0.0004 1.0000 1.0000 0.2406 0.0182 0.0014 0.0001 1.0000 0.8268 0.0633 0.0049 0.0004 1.0000 1.0000 0.2533 0.0204 0.0015
0.0205 0.2697 1.0000 1.0000 0.0004 0.0049 0.0624 0.8036 1.0000 0.0001 0.0013 0.0171 0.2256 1.0000 1.0000 0.0004 0.0050 0.0668 0.8854 1.0000 0.0001 0.0015 0.0200 0.2651 1.0000 1.0000 0.0005 0.0060 0.0797 1.0000 1.0000 0.0001 0.0018 0.0239 0.3171 1.0000 1.0000 0.0005 0.0072 0.0953 1.0000 1.0000 0.0002 0.0022 0.0286 0.3791 1.0000 0.0000 0.0006 0.0072 0.0364 0.0072 0.0006 0.0000 1.0000 0.3791 0.0286 0.0022 0.0002 1.0000 1.0000 0.0953 0.0072 0.0005 1.0000 1.0000 0.3171 0.0239 0.0018 0.0001 1.0000 1.0000 0.0797 0.0060 0.0005 1.0000 1.0000 0.2651 0.0200 0.0015 0.0001 1.0000 0.8854 0.0668 0.0050 0.0004 1.0000 1.0000 0.2256 0.0171 0.0013 0.0001 1.0000 0.8036 0.0624 0.0049 0.0004 1.0000 1.0000 0.2697 0.0205
0.2723 1.0000 1.0000 0.0004 0.0050 0.0633 0.8036 1.0000 0.0001 0.0013 0.0164 0.2139 1.0000 1.0000 0.0004 0.0047 0.0622 0.8237 1.0000 0.0001 0.0014 0.0186 0.2462 1.0000 1.0000 0.0004 0.0056 0.0740 0.9812 1.0000 0.0001 0.0017 0.0222 0.2944 1.0000 1.0000 0.0005 0.0067 0.0885 1.0000 1.0000 0.0002 0.0020 0.0266 0.3520 1.0000 1.0000 0.0006 0.0076 0.0882 0.4482 0.0882 0.0076 0.0006 1.0000 1.0000 0.3520 0.0266 0.0020 0.0002 1.0000 1.0000 0.0885 0.0067 0.0005 1.0000 1.0000 0.2944 0.0222 0.0017 0.0001 1.0000 0.9812 0.0740 0.0056 0.0004 1.0000 1.0000 0.2462 0.0186 0.0014 0.0001 1.0000 0.8237 0.0622 0.0047 0.0004 1.0000 1.0000 0.2139 0.0164 0.0013 0.0001 1.0000 0.8036 0.0633 0.0050 0.0004 1.0000 1.0000 0.2723
1.0000 1.0000 0.0004 0.0053 0.0660 0.8268 1.0000 0.0001 0.0012 0.0160 0.2067 1.0000 1.0000 0.0003 0.0044 0.0585 0.7706 1.0000 0.0001 0.0013 0.0173 0.2290 1.0000 1.0000 0.0004 0.0052 0.0687 0.9110 1.0000 0.0001 0.0016 0.0206 0.2733 1.0000 1.0000 0.0005 0.0062 0.0822 1.0000 1.0000 0.0001 0.0019 0.0247 0.3268 1.0000 1.0000 0.0006 0.0073 0.0940 1.0000 1.0000 1.0000 0.0940 0.0073 0.0006 1.0000 1.0000 0.3268 0.0247 0.0019 0.0001 1.0000 1.0000 0.0822 0.0062 0.0005 1.0000 1.0000 0.2733 0.0206 0.0016 0.0001 1.0000 0.9110 0.0687 0.0052 0.0004 1.0000 1.0000 0.2290 0.0173 0.0013 0.0001 1.0000 0.7706 0.0585 0.0044 0.0003 1.0000 1.0000 0.2067 0.0160 0.0012 0.0001 1.0000 0.8268 0.0660 0.0053 0.0004 1.0000 1.0000
1.0000 0.0005 0.0057 0.0700 0.8687 1.0000 0.0001 0.0013 0.0160 0.2039 1.0000 1.0000 0.0003 0.0042 0.0553 0.7265 1.0000 0.0001 0.0012 0.0161 0.2131 1.0000 1.0000 0.0004 0.0048 0.0638 0.8459 1.0000 0.0001 0.0014 0.0191 0.2538 1.0000 1.0000 0.0004 0.0058 0.0763 1.0000 1.0000 0.0001 0.0017 0.0229 0.3035 1.0000 1.0000 0.0005 0.0069 0.0902 1.0000 1.0000 0.0000 1.0000 1.0000 0.0902 0.0069 0.0005 1.0000 1.0000 0.3035 0.0229 0.0017 0.0001 1.0000 1.0000 0.0763 0.0058 0.0004 1.0000 1.0000 0.2538 0.0191 0.0014 0.0001 1.0000 0.8459 0.0638 0.0048 0.0004 1.0000 1.0000 0.2131 0.0161 0.0012 0.0001 1.0000 0.7265 0.0553 0.0042 0.0003 1.0000 1.0000 0.2039 0.0160 0.0013 0.0001 1.0000 0.8687 0.0700 0.0057 0.0005 1.0000
0.0005 0.0061 0.0751 0.9267 1.0000 0.0001 0.0013 0.0164 0.2067 1.0000 1.0000 0.0003 0.0041 0.0532 0.6928 1.0000 0.0001 0.0011 0.0151 0.1993 1.0000 1.0000 0.0003 0.0045 0.0592 0.7854 1.0000 0.0001 0.0013 0.0178 0.2357 1.0000 1.0000 0.0004 0.0053 0.0707 0.9374 1.0000 0.0001 0.0016 0.0213 0.2818 1.0000 1.0000 0.0005 0.0064 0.0844 1.0000 1.0000 0.0001 0.0006 0.0001 1.0000 1.0000 0.0844 0.0064 0.0005 1.0000 1.0000 0.2818 0.0213 0.0016 0.0001 1.0000 0.9374 0.0707 0.0053 0.0004 1.0000 1.0000 0.2357 0.0178 0.0013 0.0001 1.0000 0.7854 0.0592 0.0045 0.0003 1.0000 1.0000 0.1993 0.0151 0.0011 0.0001 1.0000 0.6928 0.0532 0.0041 0.0003 1.0000 1.0000 0.2067 0.0164 0.0013 0.0001 1.0000 0.9267 0.0751 0.0061 0.0005
0.0062 0.0809 0.9962 1.0000 0.0001 0.0014 0.0171 0.2139 1.0000 1.0000 0.0003 0.0040 0.0521 0.6720 1.0000 0.0001 0.0011 0.0143 0.1876 1.0000 1.0000 0.0003 0.0042 0.0551 0.7307 1.0000 0.0001 0.0012 0.0165 0.2188 1.0000 1.0000 0.0004 0.0050 0.0657 0.8704 1.0000 0.0001 0.0015 0.0197 0.2616 1.0000 1.0000 0.0004 0.0059 0.0785 1.0000 1.0000 0.0001 0.0015 0.0075 0.0015 0.0001 1.0000 1.0000 0.0785 0.0059 0.0004 1.0000 1.0000 0.2616 0.0197 0.0015 0.0001 1.0000 0.8704 0.0657 0.0050 0.0004 1.0000 1.0000 0.2188 0.0165 0.0012 0.0001 1.0000 0.7307 0.0551 0.0042 0.0003 1.0000 1.0000 0.1876 0.0143 0.0011 0.0001 1.0000 0.6720 0.0521 0.0040 0.0003 1.0000 1.0000 0.2139 0.0171 0.0014 0.0001 1.0000 0.9962 0.0809 0.0062
0.0817 1.0000 1.0000 0.0001 0.0015 0.0182 0.2256 1.0000 1.0000 0.0003 0.0041 0.0521 0.6657 1.0000 0.0001 0.0010 0.0137 0.1785 1.0000 1.0000 0.0003 0.0039 0.0516 0.6810 1.0000 0.0001 0.0012 0.0153 0.2032 1.0000 1.0000 0.0003 0.0046 0.0610 0.8082 1.0000 0.0001 0.0014 0.0183 0.2429 1.0000 1.0000 0.0004 0.0055 0.0729 0.9663 1.0000 0.0001 0.0016 0.0183 0.0928 0.0183 0.0016 0.0001 1.0000 0.9663 0.0729 0.0055 0.0004 1.0000 1.0000 0.2429 0.0183 0.0014 0.0001 1.0000 0.8082 0.0610 0.0046 0.0003 1.0000 1.0000 0.2032 0.0153 0.0012 0.0001 1.0000 0.6810 0.0516 0.0039 0.0003 1.0000 1.0000 0.1785 0.0137 0.0010 0.0001 1.0000 0.6657 0.0521 0.0041 0.0003 1.0000 1.0000 0.2256 0.0182 0.0015 0.0001 1.0000 1.0000 0.0817
1.0000 1.0000 0.0001 0.0016 0.0195 0.2406 1.0000 1.0000 0.0003 0.0042 0.0532 0.6720 1.0000 0.0001 0.0010 0.0133 0.1722 1.0000 1.0000 0.0003 0.0037 0.0485 0.6384 1.0000 0.0001 0.0011 0.0143 0.1890 1.0000 1.0000 0.0003 0.0043 0.0566 0.7504 1.0000 0.0001 0.0013 0.0170 0.2256 1.0000 1.0000 0.0004 0.0051 0.0677 0.8973 1.0000 0.0001 0.0015 0.0195 0.2247 1.0000 0.2247 0.0195 0.0015 0.0001 1.0000 0.8973 0.0677 0.0051 0.0004 1.0000 1.0000 0.2256 0.0170 0.0013 0.0001 1.0000 0.7504 0.0566 0.0043 0.0003 1.0000 1.0000 0.1890 0.0143 0.0011 0.0001 1.0000 0.6384 0.0485 0.0037 0.0003 1.0000 1.0000 0.1722 0.0133 0.0010 0.0001 1.0000 0.6720 0.0532 0.0042 0.0003 1.0000 1.0000 0.2406 0.0195 0.0016 0.0001 1.0000 1.0000
1.0000 0.0001 0.0017 0.0209 0.2577 1.0000 1.0000 0.0004 0.0044 0.0553 0.6928 1.0000 0.0001 0.0010 0.0132 0.1689 1.0000 1.0000 0.0003 0.0035 0.0460 0.6030 1.0000 0.0001 0.0010 0.0133 0.1762 1.0000 1.0000 0.0003 0.0040 0.0526 0.6967 1.0000 0.0001 0.0012 0.0158 0.2090 1.0000 1.0000 0.0004 0.0047 0.0628 0.8331 1.0000 0.0001 0.0014 0.0187 0.2397 1.0000 1.0000 1.0000 0.2397 0.0187 0.0014 0.0001 1.0000 0.8331 0.0628 0.0047 0.0004 1.0000 1.0000 0.2090 0.0158 0.0012 0.0001 1.0000 0.6967 0.0526 0.0040 0.0003 1.0000 1.0000 0.1762 0.0133 0.0010 0.0001 1.0000 0.6030 0.0460 0.0035 0.0003 1.0000 1.0000 0.1689 0.0132 0.0010 0.0001 1.0000 0.6928 0.0553 0.0044 0.0004 1.0000 1.0000 0.2577 0.0209 0.0017 0.0001 1.0000
0.0001 0.0018 0.0225 0.2775 1.0000 1.0000 0.0004 0.0047 0.0585 0.7265 1.0000 0.0001 0.0010 0.0133 0.1689 1.0000 1.0000 0.0003 0.0034 0.0441 0.5761 1.0000 0.0001 0.0010 0.0125 0.1648 1.0000 1.0000 0.0003 0.0037 0.0489 0.6469 1.0000 0.0001 0.0011 0.0146 0.1941 1.0000 1.0000 0.0003 0.0044 0.0583 0.7736 1.0000 0.0001 0.0013 0.0175 0.2299 1.0000 1.0000 0.0001 1.0000 1.0000 0.2299 0.0175 0.0013 0.0001 1.0000 0.7736 0.0583 0.0044 0.0003 1.0000 1.0000 0.1941 0.0146 0.0011 0.0001 1.0000 0.6469 0.0489 0.0037 0.0003 1.0000 1.0000 0.1648 0.0125 0.0010 0.0001 1.0000 0.5761 0.0441 0.0034 0.0003 1.0000 1.0000 0.1689 0.0133 0.0010 0.0001 1.0000 0.7265 0.0585 0.0047 0.0004 1.0000 1.0000 0.2775 0.0225 0.0018 0.0001
0.0019 0.0243 0.2989 1.0000 1.0000 0.0004 0.0050 0.0622 0.7706 1.0000 0.0001 0.0011 0.0137 0.1722 1.0000 1.0000 0.0003 0.0033 0.0430 0.5567 1.0000 0.0001 0.0009 0.0119 0.1554 1.0000 1.0000 0.0003 0.0034 0.0455 0.6018 1.0000 0.0001 0.0010 0.0136 0.1802 1.0000 1.0000 0.0003 0.0041 0.0542 0.7183 1.0000 0.0001 0.0012 0.0163 0.2151 1.0000 1.0000 0.0003 0.0016 0.0003 1.0000 1.0000 0.2151 0.0163 0.0012 0.0001 1.0000 0.7183 0.0542 0.0041 0.0003 1.0000 1.0000 0.1802 0.0136 0.0010 0.0001 1.0000 0.6018 0.0455 0.0034 0.0003 1.0000 1.0000 0.1554 0.0119 0.0009 0.0001 1.0000 0.5567 0.0430 0.0033 0.0003 1.0000 1.0000 0.1722 0.0137 0.0011 0.0001 1.0000 0.7706 0.0622 0.0050 0.0004 1.0000 1.0000 0.2989 0.0243 0.0019
0.0246 0.3219 1.0000 1.0000 0.0004 0.0054 0.0668 0.8237 1.0000 0.0001 0.0011 0.0143 0.1785 1.0000 1.0000 0.0003 0.0033 0.0426 0.5472 1.0000 0.0001 0.0009 0.0113 0.1479 1.0000 1.0000 0.0002 0.0032 0.0426 0.5620 1.0000 0.0001 0.0010 0.0126 0.1673 1.0000 1.0000 0.0003 0.0038 0.0503 0.6669 1.0000 0.0001 0.0011 0.0151 0.2001 1.0000 1.0000 0.0003 0.0038 0.0192 0.0038 0.0003 1.0000 1.0000 0.2001 0.0151 0.0011 0.0001 1.0000 0.6669 0.0503 0.0038 0.0003 1.0000 1.0000 0.1673 0.0126 0.0010 0.0001 1.0000 0.5620 0.0426 0.0032 0.0002 1.0000 1.0000 0.1479 0.0113 0.0009 0.0001 1.0000 0.5472 0.0426 0.0033 0.0003 1.0000 1.0000 0.1785 0.0143 0.0011 0.0001 1.0000 0.8237 0.0668 0.0054 0.0004 1.0000 1.0000 0.3219 0.0246
0.3256 1.0000 1.0000 0.0005 0.0058 0.0718 0.8854 1.0000 0.0001 0.0012 0.0151 0.1876 1.0000 1.0000 0.0003 0.0034 0.0430 0.5472 1.0000 0.0001 0.0008 0.0110 0.1424 1.0000 1.0000 0.0002 0.0031 0.0401 0.5278 1.0000 0.0001 0.0009 0.0118 0.1557 1.0000 1.0000 0.0003 0.0035 0.0466 0.6181 1.0000 0.0001 0.0011 0.0140 0.1858 1.0000 1.0000 0.0003 0.0040 0.0465 0.2366 0.0465 0.0040 0.0003 1.0000 1.0000 0.1858 0.0140 0.0011 0.0001 1.0000 0.6181 0.0466 0.0035 0.0003 1.0000 1.0000 0.1557 0.0118 0.0009 0.0001 1.0000 0.5278 0.0401 0.0031 0.0002 1.0000 1.0000 0.1424 0.0110 0.0008 0.0001 1.0000 0.5472 0.0430 0.0034 0.0003 1.0000 1.0000 0.1876 0.0151 0.0012 0.0001 1.0000 0.8854 0.0718 0.0058 0.0005 1.0000 1.0000 0.3256
1.0000 1.0000 0.0005 0.0063 0.0773 0.9518 1.0000 0.0001 0.0013 0.0161 0.1993 1.0000 1.0000 0.0003 0.0035 0.0441 0.5567 1.0000 0.0001 0.0008 0.0108 0.1392 1.0000 1.0000 0.0002 0.0029 0.0380 0.4995 1.0000 0.0001 0.0008 0.0110 0.1454 1.0000 1.0000 0.0002 0.0033 0.0434 0.5739 1.0000 0.0001 0.0010 0.0130 0.1725 1.0000 1.0000 0.0003 0.0039 0.0496 0.5728 1.0000 0.5728 0.0496 0.0039 0.0003 1.0000 1.0000 0.1725 0.0130 0.0010 0.0001 1.0000 0.5739 0.0434 0.0033 0.0002 1.0000 1.0000 0.1454 0.0110 0.0008 0.0001 1.0000 0.4995 0.0380 0.0029 0.0002 1.0000 1.0000 0.1392 0.0108 0.0008 0.0001 1.0000 0.5567 0.0441 0.0035 0.0003 1.0000 1.0000 0.1993 0.0161 0.0013 0.0001 1.0000 0.9518 0.0773 0.0063 0.0005 1.0000 1.0000
1.0000 0.0006 0.0068 0.0833 1.0000 1.0000 0.0001 0.0014 0.0173 0.2131 1.0000 1.0000 0.0003 0.0037 0.0460 0.5761 1.0000 0.0001 0.0008 0.0108 0.1381 1.0000 1.0000 0.0002 0.0028 0.0365 0.4763 1.0000 0.0001 0.0008 0.0103 0.1363 1.0000 1.0000 0.0002 0.0030 0.0403 0.5339 1.0000 0.0001 0.0009 0.0121 0.1602 1.0000 1.0000 0.0003 0.0036 0.0476 0.6111 1.0000 1.0000 1.0000 0.6111 0.0476 0.0036 0.0003 1.0000 1.0000 0.1602 0.0121 0.0009 0.0001 1.0000 0.5339 0.0403 0.0030 0.0002 1.0000 1.0000 0.1363 0.0103 0.0008 0.0001 1.0000 0.4763 0.0365 0.0028 0.0002 1.0000 1.0000 0.1381 0.0108 0.0008 0.0001 1.0000 0.5761 0.0460 0.0037 0.0003 1.0000 1.0000 0.2131 0.0173 0.0014 0.0001 1.0000 1.0000 0.0833 0.0068 0.0006 1.0000
0.0006 0.0073 0.0897 1.0000 1.0000 0.0001 0.0015 0.0186 0.2290 1.0000 1.0000 0.0003 0.0039 0.0485 0.6030 1.0000 0.0001 0.0009 0.0110 0.1392 1.0000 1.0000 0.0002 0.0027 0.0355 0.4594 1.0000 0.0001 0.0007 0.0098 0.1285 1.0000 1.0000 0.0002 0.0028 0.0375 0.4967 1.0000 0.0001 0.0008 0.0112 0.1487 1.0000 1.0000 0.0003 0.0034 0.0445 0.5849 1.0000 0.0001 0.0003 0.0001 1.0000 0.5849 0.0445 0.0034 0.0003 1.0000 1.0000 0.1487 0.0112 0.0008 0.0001 1.0000 0.4967 0.0375 0.0028 0.0002 1.0000 1.0000 0.1285 0.0098 0.0007 0.0001 1.0000 0.4594 0.0355 0.0027 0.0002 1.0000 1.0000 0.1392 0.0110 0.0009 0.0001 1.0000 0.6030 0.0485 0.0039 0.0003 1.0000 1.0000 0.2290 0.0186 0.0015 0.0001 1.0000 1.0000 0.0897 0.0073 0.0006
0.0074 0.0968 1.0000 1.0000 0.0001 0.0016 0.0200 0.2462 1.0000 1.0000 0.0003 0.0042 0.0516 0.6384 1.0000 0.0001 0.0009 0.0113 0.1424 1.0000 1.0000 0.0002 0.0027 0.0349 0.4490 1.0000 0.0001 0.0007 0.0093 0.1223 1.0000 1.0000 0.0002 0.0027 0.0352 0.4638 1.0000 0.0001 0.0008 0.0104 0.1381 1.0000 1.0000 0.0002 0.0031 0.0414 0.5472 1.0000 0.0001 0.0008 0.0040 0.0008 0.0001 1.0000 0.5472 0.0414 0.0031 0.0002 1.0000 1.0000 0.1381 0.0104 0.0008 0.0001 1.0000 0.4638 0.0352 0.0027 0.0002 1.0000 1.0000 0.1223 0.0093 0.0007 0.0001 1.0000 0.4490 0.0349 0.0027 0.0002 1.0000 1.0000 0.1424 0.0113 0.0009 0.0001 1.0000 0.6384 0.0516 0.0042 0.0003 1.0000 1.0000 0.2462 0.0200 0.0016 0.0001 1.0000 1.0000 0.0968 0.0074
0.0977 1.0000 1.0000 0.0001 0.0018 0.0216 0.2651 1.0000 1.0000 0.0004 0.0045 0.0551 0.6810 1.0000 0.0001 0.0010 0.0119 0.1479 1.0000 1.0000 0.0002 0.0027 0.0349 0.4456 1.0000 0.0001 0.0007 0.0090 0.1175 1.0000 1.0000 0.0002 0.0025 0.0331 0.4356 1.0000 0.0001 0.0007 0.0097 0.1285 1.0000 1.0000 0.0002 0.0029 0.0385 0.5091 1.0000 0.0001 0.0008 0.0096 0.0490 0.0096 0.0008 0.0001 1.0000 0.5091 0.0385 0.0029 0.0002 1.0000 1.0000 0.1285 0.0097 0.0007 0.0001 1.0000 0.4356 0.0331 0.0025 0.0002 1.0000 1.0000 0.1175 0.0090 0.0007 0.0001 1.0000 0.4456 0.0349 0.0027 0.0002 1.0000 1.0000 0.1479 0.0119 0.0010 0.0001 1.0000 0.6810 0.0551 0.0045 0.0004 1.0000 1.0000 0.2651 0.0216 0.0018 0.0001 1.0000 1.0000 0.0977
1.0000 1.0000 0.0002 0.0019 0.0232 0.2861 1.0000 1.0000 0.0004 0.0048 0.0592 0.7307 1.0000 0.0001 0.0010 0.0125 0.1554 1.0000 1.0000 0.0002 0.0028 0.0355 0.4490 1.0000 0.0001 0.0007 0.0088 0.1142 1.0000 1.0000 0.0002 0.0024 0.0314 0.4114 1.0000 0.0001 0.0007 0.0091 0.1197 1.0000 1.0000 0.0002 0.0027 0.0357 0.4736 1.0000 0.0001 0.0008 0.0103 0.1186 0.6030 0.1186 0.0103 0.0008 0.0001 1.0000 0.4736 0.0357 0.0027 0.0002 1.0000 1.0000 0.1197 0.0091 0.0007 0.0001 1.0000 0.4114 0.0314 0.0024 0.0002 1.0000 1.0000 0.1142 0.0088 0.0007 0.0001 1.0000 0.4490 0.0355 0.0028 0.0002 1.0000 1.0000 0.1554 0.0125 0.0010 0.0001 1.0000 0.7307 0.0592 0.0048 0.0004 1.0000 1.0000 0.2861 0.0232 0.0019 0.0002 1.0000 1.0000
1.0000 0.0002 0.0020 0.0250 0.3081 1.0000 1.0000 0.0004 0.0052 0.0638 0.7854 1.0000 0.0001 0.0011 0.0133 0.1648 1.0000 1.0000 0.0002 0.0029 0.0365 0.4594 1.0000 0.0001 0.0007 0.0088 0.1125 1.0000 1.0000 0.0002 0.0023 0.0300 0.3923 1.0000 0.0000 0.0006 0.0085 0.1125 1.0000 1.0000 0.0002 0.0025 0.0332 0.4397 1.0000 0.0001 0.0007 0.0099 0.1265 1.0000 1.0000 1.0000 0.1265 0.0099 0.0007 0.0001 1.0000 0.4397 0.0332 0.0025 0.0002 1.0000 1.0000 0.1125 0.0085 0.0006 0.0000 1.0000 0.3923 0.0300 0.0023 0.0002 1.0000 1.0000 0.1125 0.0088 0.0007 0.0001 1.0000 0.4594 0.0365 0.0029 0.0002 1.0000 1.0000 0.1648 0.0133 0.0011 0.0001 1.0000 0.7854 0.0638 0.0052 0.0004 1.0000 1.0000 0.3081 0.0250 0.0020 0.0002 1.0000
0.0002 0.0022 0.0270 0.3319 1.0000 1.0000 0.0005 0.0056 0.0687 0.8459 1.0000 0.0001 0.0012 0.0143 0.1762 1.0000 1.0000 0.0002 0.0031 0.0380 0.4763 1.0000 0.0001 0.0007 0.0088 0.1125 1.0000 1.0000 0.0002 0.0022 0.0291 0.3777 1.0000 0.0000 0.0006 0.0081 0.1060 1.0000 1.0000 0.0002 0.0023 0.0310 0.4099 1.0000 0.0001 0.0007 0.0092 0.1213 1.0000 1.0000 0.0001 1.0000 1.0000 0.1213 0.0092 0.0007 0.0001 1.0000 0.4099 0.0310 0.0023 0.0002 1.0000 1.0000 0.1060 0.0081 0.0006 0.0000 1.0000 0.3777 0.0291 0.0022 0.0002 1.0000 1.0000 0.1125 0.0088 0.0007 0.0001 1.0000 0.4763 0.0380 0.0031 0.0002 1.0000 1.0000 0.1762 0.0143 0.0012 0.0001 1.0000 0.8459 0.0687 0.0056 0.0005 1.0000 1.0000 0.3319 0.0270 0.0022 0.0002
0.0022 0.0290 0.3574 1.0000 1.0000 0.0005 0.0060 0.0740 0.9110 1.0000 0.0001 0.0012 0.0153 0.1890 1.0000 1.0000 0.0003 0.0032 0.0401 0.4995 1.0000 0.0001 0.0007 0.0090 0.1142 1.0000 1.0000 0.0002 0.0022 0.0285 0.3678 1.0000 1.0000 0.0006 0.0077 0.1007 1.0000 1.0000 0.0002 0.0022 0.0290 0.3827 1.0000 0.0000 0.0006 0.0086 0.1135 1.0000 1.0000 0.0002 0.0008 0.0002 1.0000 1.0000 0.1135 0.0086 0.0006 0.0000 1.0000 0.3827 0.0290 0.0022 0.0002 1.0000 1.0000 0.1007 0.0077 0.0006 1.0000 1.0000 0.3678 0.0285 0.0022 0.0002 1.0000 1.0000 0.1142 0.0090 0.0007 0.0001 1.0000 0.4995 0.0401 0.0032 0.0003 1.0000 1.0000 0.1890 0.0153 0.0012 0.0001 1.0000 0.9110 0.0740 0.0060 0.0005 1.0000 1.0000 0.3574 0.0290 0.0022
0.0294 0.3849 1.0000 1.0000 0.0005 0.0065 0.0797 0.9812 1.0000 0.0001 0.0013 0.0165 0.2032 1.0000 1.0000 0.0003 0.0034 0.0426 0.5278 1.0000 0.0001 0.0007 0.0093 0.1175 1.0000 1.0000 0.0002 0.0022 0.0283 0.3629 1.0000 1.0000 0.0006 0.0074 0.0966 1.0000 1.0000 0.0002 0.0021 0.0273 0.3595 1.0000 1.0000 0.0006 0.0080 0.1058 1.0000 1.0000 0.0002 0.0020 0.0101 0.0020 0.0002 1.0000 1.0000 0.1058 0.0080 0.0006 1.0000 1.0000 0.3595 0.0273 0.0021 0.0002 1.0000 1.0000 0.0966 0.0074 0.0006 1.0000 1.0000 0.3629 0.0283 0.0022 0.0002 1.0000 1.0000 0.1175 0.0093 0.0007 0.0001 1.0000 0.5278 0.0426 0.0034 0.0003 1.0000 1.0000 0.2032 0.0165 0.0013 0.0001 1.0000 0.9812 0.0797 0.0065 0.0005 1.0000 1.0000 0.3849 0.0294
0.3893 1.0000 1.0000 0.0006 0.0070 0.0858 1.0000 1.0000 0.0001 0.0014 0.0178 0.2188 1.0000 1.0000 0.0003 0.0037 0.0455 0.5620 1.0000 0.0001 0.0008 0.0098 0.1223 1.0000 1.0000 0.0002 0.0022 0.0285 0.3629 1.0000 1.0000 0.0006 0.0072 0.0935 1.0000 1.0000 0.0002 0.0020 0.0259 0.3389 1.0000 1.0000 0.0006 0.0075 0.0988 1.0000 1.0000 0.0002 0.0021 0.0246 0.1249 0.0246 0.0021 0.0002 1.0000 1.0000 0.0988 0.0075 0.0006 1.0000 1.0000 0.3389 0.0259 0.0020 0.0002 1.0000 1.0000 0.0935 0.0072 0.0006 1.0000 1.0000 0.3629 0.0285 0.0022 0.0002 1.0000 1.0000 0.1223 0.0098 0.0008 0.0001 1.0000 0.5620 0.0455 0.0037 0.0003 1.0000 1.0000 0.2188 0.0178 0.0014 0.0001 1.0000 1.0000 0.0858 0.0070 0.0006 1.0000 1.0000 0.3893
1.0000 0.0000 0.0006 0.0075 0.0925 1.0000 1.0000 0.0001 0.0016 0.0191 0.2357 1.0000 1.0000 0.0003 0.0040 0.0489 0.6018 1.0000 0.0001 0.0008 0.0103 0.1285 1.0000 1.0000 0.0002 0.0023 0.0291 0.3678 1.0000 1.0000 0.0006 0.0071 0.0918 1.0000 1.0000 0.0001 0.0019 0.0247 0.3225 1.0000 1.0000 0.0005 0.0070 0.0926 1.0000 1.0000 0.0002 0.0020 0.0263 0.3029 1.0000 0.3029 0.0263 0.0020 0.0002 1.0000 1.0000 0.0926 0.0070 0.0005 1.0000 1.0000 0.3225 0.0247 0.0019 0.0001 1.0000 1.0000 0.0918 0.0071 0.0006 1.0000 1.0000 0.3678 0.0291 0.0023 0.0002 1.0000 1.0000 0.1285 0.0103 0.0008 0.0001 1.0000 0.6018 0.0489 0.0040 0.0003 1.0000 1.0000 0.2357 0.0191 0.0016 0.0001 1.0000 1.0000 0.0925 0.0075 0.0006 0.0000 1.0000
0.0001 0.0007 0.0081 0.0996 1.0000 1.0000 0.0001 0.0017 0.0206 0.2538 1.0000 1.0000 0.0003 0.0043 0.0526 0.6469 1.0000 0.0001 0.0009 0.0110 0.1363 1.0000 1.0000 0.0002 0.0024 0.0300 0.3777 1.0000 1.0000 0.0006 0.0071 0.0911 1.0000 1.0000 0.0001 0.0018 0.0238 0.3099 1.0000 1.0000 0.0005 0.0066 0.0873 1.0000 1.0000 0.0001 0.0019 0.0253 0.3238 1.0000 1.0000 1.0000 0.3238 0.0253 0.0019 0.0001 1.0000 1.0000 0.0873 0.0066 0.0005 1.0000 1.0000 0.3099 0.0238 0.0018 0.0001 1.0000 1.0000 0.0911 0.0071 0.0006 1.0000 1.0000 0.3777 0.0300 0.0024 0.0002 1.0000 1.0000 0.1363 0.0110 0.0009 0.0001 1.0000 0.6469 0.0526 0.0043 0.0003 1.0000 1.0000 0.2538 0.0206 0.0017 0.0001 1.0000 1.0000 0.0996 0.0081 0.0007 0.0001
0.0007 0.0087 0.1072 1.0000 1.0000 0.0001 0.0018 0.0222 0.2733 1.0000 1.0000 0.0004 0.0046 0.0566 0.6967 1.0000 0.0001 0.0010 0.0118 0.1454 1.0000 1.0000 0.0002 0.0025 0.0314 0.3923 1.0000 1.0000 0.0006 0.0072 0.0918 1.0000 1.0000 0.0001 0.0018 0.0233 0.3006 1.0000 1.0000 0.0005 0.0063 0.0828 1.0000 1.0000 0.0001 0.0018 0.0238 0.3123 1.0000 1.0000 0.0002 1.0000 1.0000 0.3123 0.0238 0.0018 0.0001 1.0000 1.0000 0.0828 0.0063 0.0005 1.0000 1.0000 0.3006 0.0233 0.0018 0.0001 1.0000 1.0000 0.0918 0.0072 0.0006 1.0000 1.0000 0.3923 0.0314 0.0025 0.0002 1.0000 1.0000 0.1454 0.0118 0.0010 0.0001 1.0000 0.6967 0.0566 0.0046 0.0004 1.0000 1.0000 0.2733 0.0222 0.0018 0.0001 1.0000 1.0000 0.1072 0.0087 0.0007
0.0088 0.1157 1.0000 1.0000 0.0002 0.0019 0.0239 0.2944 1.0000 1.0000 0.0004 0.0050 0.0610 0.7504 1.0000 0.0001 0.0010 0.0126 0.1557 1.0000 1.0000 0.0002 0.0027 0.0331 0.4114 1.0000 0.0000 0.0006 0.0074 0.0935 1.0000 1.0000 0.0001 0.0018 0.0230 0.2955 1.0000 1.0000 0.0005 0.0061 0.0793 1.0000 1.0000 0.0001 0.0017 0.0225 0.2955 1.0000 1.0000 0.0004 0.0021 0.0004 1.0000 1.0000 0.2955 0.0225 0.0017 0.0001 1.0000 1.0000 0.0793 0.0061 0.0005 1.0000 1.0000 0.2955 0.0230 0.0018 0.0001 1.0000 1.0000 0.0935 0.0074 0.0006 0.0000 1.0000 0.4114 0.0331 0.0027 0.0002 1.0000 1.0000 0.1557 0.0126 0.0010 0.0001 1.0000 0.7504 0.0610 0.0050 0.0004 1.0000 1.0000 0.2944 0.0239 0.0019 0.0002 1.0000 1.0000 0.1157 0.0088
0.1168 1.0000 1.0000 0.0002 0.0021 0.0258 0.3171 1.0000 1.0000 0.0004 0.0053 0.0657 0.8082 1.0000 0.0001 0.0011 0.0136 0.1673 1.0000 1.0000 0.0002 0.0028 0.0352 0.4356 1.0000 0.0000 0.0006 0.0077 0.0966 1.0000 1.0000 0.0001 0.0018 0.0230 0.2938 1.0000 1.0000 0.0005 0.0059 0.0766 0.9962 1.0000 0.0001 0.0016 0.0213 0.2791 1.0000 1.0000 0.0004 0.0052 0.0262 0.0052 0.0004 1.0000 1.0000 0.2791 0.0213 0.0016 0.0001 1.0000 0.9962 0.0766 0.0059 0.0005 1.0000 1.0000 0.2938 0.0230 0.0018 0.0001 1.0000 1.0000 0.0966 0.0077 0.0006 0.0000 1.0000 0.4356 0.0352 0.0028 0.0002 1.0000 1.0000 0.1673 0.0136 0.0011 0.0001 1.0000 0.8082 0.0657 0.0053 0.0004 1.0000 1.0000 0.3171 0.0258 0.0021 0.0002 1.0000 1.0000 0.1168
1.0000 1.0000 0.0002 0.0023 0.0278 0.3421 1.0000 1.0000 0.0005 0.0058 0.0707 0.8704 1.0000 0.0001 0.0012 0.0146 0.1802 1.0000 1.0000 0.0002 0.0030 0.0375 0.4638 1.0000 0.0001 0.0006 0.0081 0.1007 1.0000 1.0000 0.0001 0.0018 0.0233 0.2955 1.0000 1.0000 0.0005 0.0058 0.0749 0.9663 1.0000 0.0001 0.0016 0.0203 0.2651 1.0000 1.0000 0.0004 0.0056 0.0638 0.3238 0.0638 0.0056 0.0004 1.0000 1.0000 0.2651 0.0203 0.0016 0.0001 1.0000 0.9663 0.0749 0.0058 0.0005 1.0000 1.0000 0.2955 0.0233 0.0018 0.0001 1.0000 1.0000 0.1007 0.0081 0.0006 0.0001 1.0000 0.4638 0.0375 0.0030 0.0002 1.0000 1.0000 0.1802 0.0146 0.0012 0.0001 1.0000 0.8704 0.0707 0.0058 0.0005 1.0000 1.0000 0.3421 0.0278 0.0023 0.0002 1.0000 1.0000
1.0000 0.0002 0.0024 0.0299 0.3685 1.0000 1.0000 0.0005 0.0062 0.0763 0.9374 1.0000 0.0001 0.0013 0.0158 0.1941 1.0000 1.0000 0.0003 0.0033 0.0403 0.4967 1.0000 0.0001 0.0007 0.0085 0.1060 1.0000 1.0000 0.0002 0.0019 0.0238 0.3006 1.0000 1.0000 0.0005 0.0058 0.0739 0.9499 1.0000 0.0001 0.0015 0.0195 0.2543 1.0000 1.0000 0.0004 0.0054 0.0690 0.7914 1.0000 0.7914 0.0690 0.0054 0.0004 1.0000 1.0000 0.2543 0.0195 0.0015 0.0001 1.0000 0.9499 0.0739 0.0058 0.0005 1.0000 1.0000 0.3006 0.0238 0.0019 0.0002 1.0000 1.0000 0.1060 0.0085 0.0007 0.0001 1.0000 0.4967 0.0403 0.0033 0.0003 1.0000 1.0000 0.1941 0.0158 0.0013 0.0001 1.0000 0.9374 0.0763 0.0062 0.0005 1.0000 1.0000 0.3685 0.0299 0.0024 0.0002 1.0000
0.0002 0.0026 0.0322 0.3968 1.0000 1.0000 0.0005 0.0067 0.0822 1.0000 1.0000 0.0001 0.0014 0.0170 0.2090 1.0000 1.0000 0.0003 0.0035 0.0434 0.5339 1.0000 0.0001 0.0007 0.0091 0.1125 1.0000 1.0000 0.0002 0.0020 0.0247 0.3099 1.0000 1.0000 0.0005 0.0058 0.0739 0.9445 1.0000 0.0001 0.0015 0.0190 0.2457 1.0000 1.0000 0.0004 0.0052 0.0674 0.8572 1.0000 1.0000 1.0000 0.8572 0.0674 0.0052 0.0004 1.0000 1.0000 0.2457 0.0190 0.0015 0.0001 1.0000 0.9445 0.0739 0.0058 0.0005 1.0000 1.0000 0.3099 0.0247 0.0020 0.0002 1.0000 1.0000 0.1125 0.0091 0.0007 0.0001 1.0000 0.5339 0.0434 0.0035 0.0003 1.0000 1.0000 0.2090 0.0170 0.0014 0.0001 1.0000 1.0000 0.0822 0.0067 0.0005 1.0000 1.0000 0.3968 0.0322 0.0026 0.0002
0.0026 0.0347 0.4274 1.0000 0.0000 0.0006 0.0072 0.0885 1.0000 1.0000 0.0001 0.0015 0.0183 0.2256 1.0000 1.0000 0.0003 0.0038 0.0466 0.5739 1.0000 0.0001 0.0008 0.0097 0.1197 1.0000 1.0000 0.0002 0.0021 0.0259 0.3225 1.0000 1.0000 0.0005 0.0059 0.0749 0.9499 1.0000 0.0001 0.0015 0.0186 0.2402 1.0000 1.0000 0.0004 0.0050 0.0649 0.8427 1.0000 0.0001 0.0005 0.0001 1.0000 0.8427 0.0649 0.0050 0.0004 1.0000 1.0000 0.2402 0.0186 0.0015 0.0001 1.0000 0.9499 0.0749 0.0059 0.0005 1.0000 1.0000 0.3225 0.0259 0.0021 0.0002 1.0000 1.0000 0.1197 0.0097 0.0008 0.0001 1.0000 0.5739 0.0466 0.0038 0.0003 1.0000 1.0000 0.2256 0.0183 0.0015 0.0001 1.0000 1.0000 0.0885 0.0072 0.0006 0.0000 1.0000 0.4274 0.0347 0.0026
0.0351 0.4603 1.0000 0.0001 0.0006 0.0077 0.0953 1.0000 1.0000 0.0001 0.0016 0.0197 0.2429 1.0000 1.0000 0.0003 0.0041 0.0503 0.6181 1.0000 0.0001 0.0008 0.0104 0.1285 1.0000 1.0000 0.0002 0.0022 0.0273 0.3389 1.0000 1.0000 0.0005 0.0061 0.0766 0.9663 1.0000 0.0001 0.0015 0.0185 0.2375 1.0000 1.0000 0.0004 0.0048 0.0626 0.8143 1.0000 0.0001 0.0011 0.0057 0.0011 0.0001 1.0000 0.8143 0.0626 0.0048 0.0004 1.0000 1.0000 0.2375 0.0185 0.0015 0.0001 1.0000 0.9663 0.0766 0.0061 0.0005 1.0000 1.0000 0.3389 0.0273 0.0022 0.0002 1.0000 1.0000 0.1285 0.0104 0.0008 0.0001 1.0000 0.6181 0.0503 0.0041 0.0003 1.0000 1.0000 0.2429 0.0197 0.0016 0.0001 1.0000 1.0000 0.0953 0.0077 0.0006 0.0001 1.0000 0.4603 0.0351
0.4656 1.0000 0.0001 0.0007 0.0083 0.1026 1.0000 1.0000 0.0001 0.0017 0.0213 0.2616 1.0000 1.0000 0.0004 0.0044 0.0542 0.6669 1.0000 0.0001 0.0009 0.0112 0.1381 1.0000 1.0000 0.0002 0.0023 0.0290 0.3595 1.0000 1.0000 0.0005 0.0063 0.0793 0.9962 1.0000 0.0001 0.0015 0.0186 0.2375 1.0000 1.0000 0.0004 0.0047 0.0610 0.7884 1.0000 0.0001 0.0012 0.0140 0.0706 0.0140 0.0012 0.0001 1.0000 0.7884 0.0610 0.0047 0.0004 1.0000 1.0000 0.2375 0.0186 0.0015 0.0001 1.0000 0.9962 0.0793 0.0063 0.0005 1.0000 1.0000 0.3595 0.0290 0.0023 0.0002 1.0000 1.0000 0.1381 0.0112 0.0009 0.0001 1.0000 0.6669 0.0542 0.0044 0.0004 1.0000 1.0000 0.2616 0.0213 0.0017 0.0001 1.0000 1.0000 0.1026 0.0083 0.0007 0.0001 1.0000 0.4656
1.0000 0.0001 0.0007 0.0090 0.1105 1.0000 1.0000 0.0002 0.0019 0.0229 0.2818 1.0000 1.0000 0.0004 0.0047 0.0583 0.7183 1.0000 0.0001 0.0010 0.0121 0.1487 1.0000 1.0000 0.0002 0.0025 0.0310 0.3827 1.0000 1.0000 0.0005 0.0066 0.0828 1.0000 1.0000 0.0001 0.0015 0.0190 0.2402 1.0000 1.0000 0.0004 0.0047 0.0599 0.7721 1.0000 0.0001 0.0012 0.0154 0.1752 0.8837 0.1748 0.0154 0.0012 0.0001 1.0000 0.7721 0.0599 0.0047 0.0004 1.0000 1.0000 0.2402 0.0190 0.0015 0.0001 1.0000 1.0000 0.0828 0.0066 0.0005 1.0000 1.0000 0.3827 0.0310 0.0025 0.0002 1.0000 1.0000 0.1487 0.0121 0.0010 0.0001 1.0000 0.7183 0.0583 0.0047 0.0004 1.0000 1.0000 0.2818 0.0229 0.0019 0.0002 1.0000 1.0000 0.1105 0.0090 0.0007 0.0001 1.0000
0.0001 0.0008 0.0097 0.1191 1.0000 1.0000 0.0002 0.0020 0.0247 0.3035 1.0000 1.0000 0.0004 0.0051 0.0628 0.7736 1.0000 0.0001 0.0011 0.0130 0.1602 1.0000 1.0000 0.0002 0.0027 0.0332 0.4099 1.0000 1.0000 0.0006 0.0070 0.0873 1.0000 1.0000 0.0001 0.0016 0.0195 0.2457 1.0000 1.0000 0.0004 0.0047 0.0596 0.7604 1.0000 0.0001 0.0012 0.0154 0.1937 1.0000 1.0000 1.0000 0.1934 0.0154 0.0012 0.0001 1.0000 0.7633 0.0595 0.0047 0.0004 1.0000 1.0000 0.2457 0.0195 0.0016 0.0001 1.0000 1.0000 0.0873 0.0070 0.0006 1.0000 1.0000 0.4099 0.0332 0.0027 0.0002 1.0000 1.0000 0.1602 0.0130 0.0011 0.0001 1.0000 0.7736 0.0628 0.0051 0.0004 1.0000 1.0000 0.3035 0.0247 0.0020 0.0002 1.0000 1.0000 0.1191 0.0097 0.0008 0.0001
0.0008 0.0104 0.1282 1.0000 1.0000 0.0002 0.0022 0.0266 0.3268 1.0000 1.0000 0.0004 0.0055 0.0677 0.8331 1.0000 0.0001 0.0011 0.0140 0.1725 1.0000 1.0000 0.0002 0.0029 0.0357 0.4397 1.0000 0.0000 0.0006 0.0075 0.0926 1.0000 1.0000 0.0001 0.0016 0.0203 0.2543 1.0000 1.0000 0.0004 0.0047 0.0599 0.7604 1.0000 0.0001 0.0012 0.0149 0.1971 1.0000 1.0000 0.0001 1.0000 1.0000 0.1997 0.0149 0.0011 0.0001 1.0000 0.7405 0.0597 0.0047 0.0004 1.0000 1.0000 0.2543 0.0203 0.0016 0.0001 1.0000 1.0000 0.0926 0.0075 0.0006 0.0000 1.0000 0.4397 0.0357 0.0029 0.0002 1.0000 1.0000 0.1725 0.0140 0.0011 0.0001 1.0000 0.8331 0.0677 0.0055 0.0004 1.0000 1.0000 0.3268 0.0266 0.0022 0.0002 1.0000 1.0000 0.1282 0.0104 0.0008
0.0105 0.1381 1.0000 1.0000 0.0002 0.0023 0.0286 0.3520 1.0000 1.0000 0.0005 0.0059 0.0729 0.8973 1.0000 0.0001 0.0012 0.0151 0.1858 1.0000 1.0000 0.0003 0.0031 0.0385 0.4736 1.0000 0.0001 0.0006 0.0080 0.0988 1.0000 1.0000 0.0001 0.0017 0.0213 0.2651 1.0000 1.0000 0.0004 0.0048 0.0610 0.7721 1.0000 0.0001 0.0012 0.0151 0.1862 1.0000 1.0000 0.0003 0.0013 0.0003 1.0000 1.0000 0.1908 0.0146 0.0011 0.0001 1.0000 0.7692 0.0610 0.0048 0.0004 1.0000 1.0000 0.2651 0.0213 0.0017 0.0001 1.0000 1.0000 0.0988 0.0080 0.0006 0.0001 1.0000 0.4736 0.0385 0.0031 0.0003 1.0000 1.0000 0.1858 0.0151 0.0012 0.0001 1.0000 0.8973 0.0729 0.0059 0.0005 1.0000 1.0000 0.3520 0.0286 0.0023 0.0002 1.0000 1.0000 0.1381 0.0105
0.1397 1.0000 1.0000 0.0002 0.0025 0.0308 0.3791 1.0000 1.0000 0.0005 0.0064 0.0785 0.9663 1.0000 0.0001 0.0013 0.0163 0.2001 1.0000 1.0000 0.0003 0.0034 0.0414 0.5091 1.0000 0.0001 0.0007 0.0086 0.1058 1.0000 1.0000 0.0001 0.0018 0.0225 0.2791 1.0000 1.0000 0.0004 0.0050 0.0626 0.7884 1.0000 0.0001 0.0011 0.0147 0.1923 1.0000 1.0000 0.0003 0.0034 0.0165 0.0032 0.0003 1.0000 1.0000 0.1862 0.0146 0.0012 0.0001 1.0000 0.7884 0.0626 0.0050 0.0004 1.0000 1.0000 0.2791 0.0225 0.0018 0.0001 1.0000 1.0000 0.1058 0.0086 0.0007 0.0001 1.0000 0.5091 0.0414 0.0034 0.0003 1.0000 1.0000 0.2001 0.0163 0.0013 0.0001 1.0000 0.9663 0.0785 0.0064 0.0005 1.0000 1.0000 0.3791 0.0308 0.0025 0.0002 1.0000 1.0000 0.1397
1.0000 1.0000 0.0002 0.0027 0.0331 0.4075 1.0000 1.0000 0.0006 0.0069 0.0844 1.0000 1.0000 0.0001 0.0014 0.0175 0.2151 1.0000 1.0000 0.0003 0.0036 0.0445 0.5472 1.0000 0.0001 0.0007 0.0092 0.1135 1.0000 1.0000 0.0002 0.0019 0.0238 0.2955 1.0000 1.0000 0.0004 0.0052 0.0649 0.8143 1.0000 0.0001 0.0012 0.0141 0.1813 1.0000 1.0000 0.0003 0.0035 0.0410 0.2067 0.0397 0.0035 0.0003 1.0000 1.0000 0.1915 0.0152 0.0011 0.0001 1.0000 0.8143 0.0649 0.0052 0.0004 1.0000 1.0000 0.2955 0.0238 0.0019 0.0002 1.0000 1.0000 0.1135 0.0092 0.0007 0.0001 1.0000 0.5472 0.0445 0.0036 0.0003 1.0000 1.0000 0.2151 0.0175 0.0014 0.0001 1.0000 1.0000 0.0844 0.0069 0.0006 1.0000 1.0000 0.4075 0.0331 0.0027 0.0002 1.0000 1.0000
1.0000 0.0002 0.0029 0.0354 0.4356 1.0000 0.0000 0.0006 0.0073 0.0902 1.0000 1.0000 0.0001 0.0015 0.0187 0.2299 1.0000 1.0000 0.0003 0.0039 0.0476 0.5849 1.0000 0.0001 0.0008 0.0099 0.1213 1.0000 1.0000 0.0002 0.0020 0.0253 0.3123 1.0000 1.0000 0.0004 0.0054 0.0674 0.8427 1.0000 0.0001 0.0012 0.0153 0.1890 1.0000 1.0000 0.0003 0.0037 0.0455 0.5329 1.0000 0.5004 0.0449 0.0035 0.0003 1.0000 1.0000 0.1897 0.0152 0.0012 0.0001 1.0000 0.8427 0.0674 0.0054 0.0004 1.0000 1.0000 0.3123 0.0253 0.0020 0.0002 1.0000 1.0000 0.1213 0.0099 0.0008 0.0001 1.0000 0.5849 0.0476 0.0039 0.0003 1.0000 1.0000 0.2299 0.0187 0.0015 0.0001 1.0000 1.0000 0.0902 0.0073 0.0006 0.0000 1.0000 0.4356 0.0354 0.0029 0.0002 1.0000
0.0002 0.0030 0.0369 0.4542 1.0000 0.0001 0.0006 0.0076 0.0940 1.0000 1.0000 0.0001 0.0016 0.0195 0.2397 1.0000 1.0000 0.0003 0.0040 0.0496 0.6111 1.0000 0.0001 0.0008 0.0103 0.1265 1.0000 1.0000 0.0002 0.0021 0.0263 0.3238 1.0000 1.0000 0.0004 0.0056 0.0690 0.8572 1.0000 0.0001 0.0012 0.0154 0.1937 1.0000 1.0000 0.0003 0.0036 0.0452 0.5588 1.0000 1.0000 1.0000 0.5641 0.0456 0.0037 0.0003 1.0000 1.0000 0.1897 0.0153 0.0012 0.0001 1.0000 0.8572 0.0690 0.0056 0.0004 1.0000 1.0000 0.3238 0.0263 0.0021 0.0002 1.0000 1.0000 0.1265 0.0103 0.0008 0.0001 1.0000 0.6111 0.0496 0.0040 0.0003 1.0000 1.0000 0.2397 0.0195 0.0016 0.0001 1.0000 1.0000 0.0940 0.0076 0.0006 0.0001 1.0000 0.4542 0.0369 0.0030 0.0002
0.0026 0.0345 0.4249 1.0000 1.0000 0.0006 0.0072 0.0882 1.0000 1.0000 0.0001 0.0015 0.0183 0.2247 1.0000 1.0000 0.0003 0.0038 0.0465 0.5728 1.0000 0.0001 0.0008 0.0096 0.1186 1.0000 1.0000 0.0002 0.0020 0.0246 0.3029 1.0000 1.0000 0.0004 0.0052 0.0638 0.7914 1.0000 0.0001 0.0011 0.0140 0.1752 1.0000 1.0000 0.0003 0.0032 0.0400 0.4948 1.0000 0.0001 0.0003 0.0001 1.0000 0.5081 0.0422 0.0035 0.0003 1.0000 1.0000 0.1752 0.0140 0.0011 0.0001 1.0000 0.7914 0.0638 0.0052 0.0004 1.0000 1.0000 0.3029 0.0246 0.0020 0.0002 1.0000 1.0000 0.1186 0.0096 0.0008 0.0001 1.0000 0.5728 0.0465 0.0038 0.0003 1.0000 1.0000 0.2247 0.0183 0.0015 0.0001 1.0000 1.0000 0.0882 0.0072 0.0006 1.0000 1.0000 0.4249 0.0345 0.0026
0.0137 0.1768 1.0000 1.0000 0.0002 0.0030 0.0364 0.4482 1.0000 0.0000 0.0006 0.0075 0.0928 1.0000 1.0000 0.0001 0.0016 0.0192 0.2366 1.0000 1.0000 0.0003 0.0040 0.0490 0.6030 1.0000 0.0001 0.0008 0.0101 0.1249 1.0000 1.0000 0.0002 0.0021 0.0262 0.3238 1.0000 1.0000 0.0005 0.0057 0.0706 0.8837 1.0000 0.0001 0.0013 0.0165 0.2143 1.0000 1.0000 0.0003 0.0013 0.0003 1.0000 1.0000 0.2071 0.0162 0.0012 0.0001 1.0000 0.8820 0.0706 0.0057 0.0005 1.0000 1.0000 0.3238 0.0262 0.0021 0.0002 1.0000 1.0000 0.1249 0.0101 0.0008 0.0001 1.0000 0.6030 0.0490 0.0040 0.0003 1.0000 1.0000 0.2366 0.0192 0.0016 0.0001 1.0000 1.0000 0.0928 0.0075 0.0006 0.0000 1.0000 0.4482 0.0364 0.0030 0.0002 1.0000 1.0000 0.1768 0.0137
0.0026 0.0345 0.4249 1.0000 1.0000 0.0006 0.0072 0.0882 1.0000 1.0000 0.0001 0.0015 0.0183 0.2247 1.0000 1.0000 0.0003 0.0038 0.0465 0.5728 1.0000 0.0001 0.0008 0.0096 0.1186 1.0000 1.0000 0.0002 0.0020 0.0246 0.3029 1.0000 1.0000 0.0004 0.0052 0.0638 0.7914 1.0000 0.0001 0.0011 0.0140 0.1748 1.0000 1.0000 0.0003 0.0032 0.0425 0.5014 1.0000 0.0001 0.0003 0.0001 1.0000 0.5369 0.0412 0.0032 0.0003 1.0000 1.0000 0.1752 0.0140 0.0011 0.0001 1.0000 0.7914 0.0638 0.0052 0.0004 1.0000 1.0000 0.3029 0.0246 0.0020 0.0002 1.0000 1.0000 0.1186 0.0096 0.0008 0.0001 1.0000 0.5728 0.0465 0.0038 0.0003 1.0000 1.0000 0.2247 0.0183 0.0015 0.0001 1.0000 1.0000 0.0882 0.0072 0.0006 1.0000 1.0000 0.4249 0.0345 0.0026
0.0002 0.0030 0.0369 0.4542 1.0000 0.0001 0.0006 0.0076 0.0940 1.0000 1.0000 0.0001 0.0016 0.0195 0.2397 1.0000 1.0000 0.0003 0.0040 0.0496 0.6111 1.0000 0.0001 0.0008 0.0103 0.1265 1.0000 1.0000 0.0002 0.0021 0.0263 0.3238 1.0000 1.0000 0.0004 0.0056 0.0690 0.8572 1.0000 0.0001 0.0012 0.0154 0.1930 1.0000 1.0000 0.0003 0.0037 0.0444 0.5674 1.0000 1.0000 1.0000 0.5783 0.0464 0.0037 0.0003 1.0000 1.0000 0.1975 0.0154 0.0012 0.0001 1.0000 0.8572 0.0690 0.0056 0.0004 1.0000 1.0000 0.3238 0.0263 0.0021 0.0002 1.0000 1.0000 0.1265 0.0103 0.0008 0.0001 1.0000 0.6111 0.0496 0.0040 0.0003 1.0000 1.0000 0.2397 0.0195 0.0016 0.0001 1.0000 1.0000 0.0940 0.0076 0.0006 0.0001 1.0000 0.4542 0.0369 0.0030 0.0002
1.0000 0.0002 0.0029 0.0354 0.4356 1.0000 0.0000 0.0006 0.0073 0.0902 1.0000 1.0000 0.0001 0.0015 0.0187 0.2299 1.0000 1.0000 0.0003 0.0039 0.0476 0.5849 1.0000 0.0001 0.0008 0.0099 0.1213 1.0000 1.0000 0.0002 0.0020 0.0253 0.3123 1.0000 1.0000 0.0004 0.0054 0.0674 0.8427 1.0000 0.0001 0.0012 0.0153 0.1897 1.0000 1.0000 0.0003 0.0036 0.0459 0.4995 1.0000 0.5278 0.0475 0.0036 0.0003 1.0000 1.0000 0.1934 0.0148 0.0012 0.0001 1.0000 0.8427 0.0674 0.0054 0.0004 1.0000 1.0000 0.3123 0.0253 0.0020 0.0002 1.0000 1.0000 0.1213 0.0099 0.0008 0.0001 1.0000 0.5849 0.0476 0.0039 0.0003 1.0000 1.0000 0.2299 0.0187 0.0015 0.0001 1.0000 1.0000 0.0902 0.0073 0.0006 0.0000 1.0000 0.4356 0.0354 0.0029 0.0002 1.0000
1.0000 1.0000 0.0002 0.0027 0.0331 0.4075 1.0000 1.0000 0.0006 0.0069 0.0844 1.0000 1.0000 0.0001 0.0014 0.0175 0.2151 1.0000 1.0000 0.0003 0.0036 0.0445 0.5472 1.0000 0.0001 0.0007 0.0092 0.1135 1.0000 1.0000 0.0002 0.0019 0.0238 0.2955 1.0000 1.0000 0.0004 0.0052 0.0649 0.8143 1.0000 0.0001 0.0012 0.0147 0.1894 1.0000 1.0000 0.0003 0.0036 0.0397 0.1990 0.0411 0.0037 0.0003 1.0000 1.0000 0.1897 0.0150 0.0012 0.0001 1.0000 0.8143 0.0649 0.0052 0.0004 1.0000 1.0000 0.2955 0.0238 0.0019 0.0002 1.0000 1.0000 0.1135 0.0092 0.0007 0.0001 1.0000 0.5472 0.0445 0.0036 0.0003 1.0000 1.0000 0.2151 0.0175 0.0014 0.0001 1.0000 1.0000 0.0844 0.0069 0.0006 1.0000 1.0000 0.4075 0.0331 0.0027 0.0002 1.0000 1.0000
0.1397 1.0000 1.0000 0.0002 0.0025 0.0308 0.3791 1.0000 1.0000 0.0005 0.0064 0.0785 0.9663 1.0000 0.0001 0.0013 0.0163 0.2001 1.0000 1.0000 0.0003 0.0034 0.0414 0.5091 1.0000 0.0001 0.0007 0.0086 0.1058 1.0000 1.0000 0.0001 0.0018 0.0225 0.2791 1.0000 1.0000 0.0004 0.0050 0.0626 0.7884 1.0000 0.0001 0.0012 0.0148 0.1945 1.0000 1.0000 0.0003 0.0033 0.0159 0.0033 0.0003 1.0000 1.0000 0.2009 0.0150 0.0012 0.0001 1.0000 0.7884 0.0626 0.0050 0.0004 1.0000 1.0000 0.2791 0.0225 0.0018 0.0001 1.0000 1.0000 0.1058 0.0086 0.0007 0.0001 1.0000 0.5091 0.0414 0.0034 0.0003 1.0000 1.0000 0.2001 0.0163 0.0013 0.0001 1.0000 0.9663 0.0785 0.0064 0.0005 1.0000 1.0000 0.3791 0.0308 0.0025 0.0002 1.0000 1.0000 0.1397
