0.3406 0.2438 0.2651 0.3055 0.3579 0.4039 0.4261 0.4294 0.4100 0.3525 0.2609 0.2465 0.2748 0.3194 0.3726 0.4124 0.4289 0.4265 0.3992 0.3244 0.2493 0.2526 0.2858 0.3341 0.3863 0.4189 0.4304 0.4218 0.3849 0.2959 0.2443 0.2602 0.2979 0.3492 0.3981 0.4239 0.4302 0.4150 0.3662 0.2714 0.2443 0.2691 0.3112 0.3642 0.4077 0.4274 0.4284 0.4060 0.3397 0.2544 0.2407 0.2544 0.3397 0.4060 0.4284 0.4274 0.4077 0.3642 0.3112 0.2691 0.2443 0.2714 0.3662 0.4150 0.4302 0.4239 0.3981 0.3492 0.2979 0.2602 0.2443 0.2959 0.3849 0.4218 0.4304 0.4189 0.3863 0.3341 0.2858 0.2526 0.2493 0.3244 0.3992 0.4265 0.4289 0.4124 0.3726 0.3194 0.2748 0.2465 0.2609 0.3525 0.4100 0.4294 0.4261 0.4039 0.3579 0.3055 0.2651 0.2438 0.3406
0.2438 0.2178 0.2761 0.3486 0.4103 0.4305 0.4223 0.3903 0.3173 0.2011 0.1867 0.2322 0.2955 0.3690 0.4197 0.4306 0.4159 0.3757 0.2827 0.1866 0.1976 0.2482 0.3158 0.3876 0.4258 0.4288 0.4077 0.3573 0.2467 0.1811 0.2100 0.2656 0.3367 0.4031 0.4294 0.4252 0.3974 0.3340 0.2147 0.1825 0.2237 0.2842 0.3574 0.4147 0.4308 0.4198 0.3846 0.3031 0.1941 0.1924 0.2138 0.1924 0.1941 0.3031 0.3846 0.4198 0.4308 0.4147 0.3574 0.2842 0.2237 0.1825 0.2147 0.3340 0.3974 0.4252 0.4294 0.4031 0.3367 0.2656 0.2100 0.1811 0.2467 0.3573 0.4077 0.4288 0.4258 0.3876 0.3158 0.2482 0.1976 0.1866 0.2827 0.3757 0.4159 0.4306 0.4197 0.3690 0.2955 0.2322 0.1867 0.2011 0.3173 0.3903 0.4223 0.4305 0.4103 0.3486 0.2761 0.2178 0.2438
0.2651 0.2761 0.3484 0.4092 0.4283 0.4208 0.3901 0.3166 0.2006 0.1867 0.2324 0.2957 0.3689 0.4182 0.4284 0.4149 0.3754 0.2820 0.1863 0.1977 0.2484 0.3160 0.3872 0.4239 0.4268 0.4071 0.3569 0.2460 0.1809 0.2101 0.2658 0.3368 0.4023 0.4273 0.4235 0.3971 0.3334 0.2140 0.1825 0.2238 0.2843 0.3574 0.4135 0.4286 0.4185 0.3843 0.3024 0.1932 0.1928 0.2410 0.2721 0.2410 0.1928 0.1932 0.3024 0.3843 0.4185 0.4286 0.4135 0.3574 0.2843 0.2238 0.1825 0.2140 0.3334 0.3971 0.4235 0.4273 0.4023 0.3368 0.2658 0.2101 0.1809 0.2460 0.3569 0.4071 0.4268 0.4239 0.3872 0.3160 0.2484 0.1977 0.1863 0.2820 0.3754 0.4149 0.4284 0.4182 0.3689 0.2957 0.2324 0.1867 0.2006 0.3166 0.3901 0.4208 0.4283 0.4092 0.3484 0.2761 0.2651
0.3055 0.3486 0.4092 0.4285 0.4208 0.3898 0.3160 0.2002 0.1869 0.2327 0.2961 0.3693 0.4185 0.4286 0.4148 0.3751 0.2814 0.1862 0.1979 0.2487 0.3164 0.3876 0.4242 0.4269 0.4070 0.3565 0.2454 0.1809 0.2103 0.2661 0.3372 0.4027 0.4275 0.4235 0.3969 0.3329 0.2136 0.1826 0.2241 0.2847 0.3578 0.4138 0.4288 0.4185 0.3840 0.3018 0.1930 0.1913 0.2414 0.3077 0.3462 0.3077 0.2414 0.1913 0.1930 0.3018 0.3840 0.4185 0.4288 0.4138 0.3578 0.2847 0.2241 0.1826 0.2136 0.3329 0.3969 0.4235 0.4275 0.4027 0.3372 0.2661 0.2103 0.1809 0.2454 0.3565 0.4070 0.4269 0.4242 0.3876 0.3164 0.2487 0.1979 0.1862 0.2814 0.3751 0.4148 0.4286 0.4185 0.3693 0.2961 0.2327 0.1869 0.2002 0.3160 0.3898 0.4208 0.4285 0.4092 0.3486 0.3055
0.3579 0.4103 0.4283 0.4208 0.3897 0.3156 0.1999 0.1871 0.2329 0.2964 0.3696 0.4186 0.4286 0.4147 0.3748 0.2807 0.1860 0.1981 0.2490 0.3167 0.3878 0.4243 0.4268 0.4068 0.3562 0.2447 0.1809 0.2106 0.2664 0.3376 0.4029 0.4275 0.4234 0.3967 0.3325 0.2131 0.1827 0.2243 0.2850 0.3581 0.4140 0.4287 0.4184 0.3838 0.3012 0.1927 0.1915 0.2394 0.3073 0.3815 0.4108 0.3815 0.3073 0.2394 0.1915 0.1927 0.3012 0.3838 0.4184 0.4287 0.4140 0.3581 0.2850 0.2243 0.1827 0.2131 0.3325 0.3967 0.4234 0.4275 0.4029 0.3376 0.2664 0.2106 0.1809 0.2447 0.3562 0.4068 0.4268 0.4243 0.3878 0.3167 0.2490 0.1981 0.1860 0.2807 0.3748 0.4147 0.4286 0.4186 0.3696 0.2964 0.2329 0.1871 0.1999 0.3156 0.3897 0.4208 0.4283 0.4103 0.3579
0.4039 0.4305 0.4208 0.3898 0.3156 0.1997 0.1872 0.2332 0.2967 0.3699 0.4188 0.4286 0.4146 0.3745 0.2801 0.1859 0.1983 0.2493 0.3171 0.3881 0.4243 0.4268 0.4067 0.3558 0.2441 0.1808 0.2108 0.2667 0.3379 0.4031 0.4276 0.4233 0.3965 0.3320 0.2126 0.1828 0.2245 0.2854 0.3585 0.4141 0.4288 0.4183 0.3835 0.3006 0.1925 0.1918 0.2397 0.3051 0.3795 0.4235 0.4278 0.4235 0.3795 0.3051 0.2397 0.1918 0.1925 0.3006 0.3835 0.4183 0.4288 0.4141 0.3585 0.2854 0.2245 0.1828 0.2126 0.3320 0.3965 0.4233 0.4276 0.4031 0.3379 0.2667 0.2108 0.1808 0.2441 0.3558 0.4067 0.4268 0.4243 0.3881 0.3171 0.2493 0.1983 0.1859 0.2801 0.3745 0.4146 0.4286 0.4188 0.3699 0.2967 0.2332 0.1872 0.1997 0.3156 0.3898 0.4208 0.4305 0.4039
0.4261 0.4223 0.3901 0.3160 0.1999 0.1872 0.2333 0.2970 0.3702 0.4189 0.4285 0.4144 0.3742 0.2795 0.1857 0.1985 0.2495 0.3175 0.3884 0.4244 0.4268 0.4065 0.3555 0.2435 0.1808 0.2110 0.2670 0.3383 0.4034 0.4276 0.4233 0.3963 0.3315 0.2122 0.1829 0.2248 0.2857 0.3588 0.4143 0.4288 0.4182 0.3832 0.3000 0.1922 0.1920 0.2401 0.3055 0.3781 0.4216 0.4271 0.4151 0.4271 0.4216 0.3781 0.3055 0.2401 0.1920 0.1922 0.3000 0.3832 0.4182 0.4288 0.4143 0.3588 0.2857 0.2248 0.1829 0.2122 0.3315 0.3963 0.4233 0.4276 0.4034 0.3383 0.2670 0.2110 0.1808 0.2435 0.3555 0.4065 0.4268 0.4244 0.3884 0.3175 0.2495 0.1985 0.1857 0.2795 0.3742 0.4144 0.4285 0.4189 0.3702 0.2970 0.2333 0.1872 0.1999 0.3160 0.3901 0.4223 0.4261
0.4294 0.3903 0.3166 0.2002 0.1871 0.2332 0.2970 0.3704 0.4190 0.4285 0.4143 0.3739 0.2789 0.1856 0.1988 0.2498 0.3178 0.3887 0.4245 0.4267 0.4064 0.3551 0.2429 0.1808 0.2112 0.2674 0.3387 0.4036 0.4276 0.4232 0.3961 0.3311 0.2117 0.1830 0.2250 0.2860 0.3592 0.4144 0.4288 0.4181 0.3830 0.2994 0.1920 0.1921 0.2403 0.3059 0.3785 0.4216 0.4280 0.4077 0.3777 0.4077 0.4280 0.4216 0.3785 0.3059 0.2403 0.1921 0.1920 0.2994 0.3830 0.4181 0.4288 0.4144 0.3592 0.2860 0.2250 0.1830 0.2117 0.3311 0.3961 0.4232 0.4276 0.4036 0.3387 0.2674 0.2112 0.1808 0.2429 0.3551 0.4064 0.4267 0.4245 0.3887 0.3178 0.2498 0.1988 0.1856 0.2789 0.3739 0.4143 0.4285 0.4190 0.3704 0.2970 0.2332 0.1871 0.2002 0.3166 0.3903 0.4294
0.4100 0.3173 0.2006 0.1869 0.2329 0.2967 0.3702 0.4190 0.4285 0.4142 0.3736 0.2783 0.1854 0.1990 0.2501 0.3182 0.3890 0.4246 0.4267 0.4062 0.3547 0.2423 0.1808 0.2115 0.2677 0.3390 0.4038 0.4277 0.4231 0.3959 0.3306 0.2113 0.1831 0.2253 0.2864 0.3595 0.4146 0.4288 0.4180 0.3827 0.2988 0.1918 0.1923 0.2406 0.3063 0.3789 0.4217 0.4280 0.4111 0.3600 0.2985 0.3600 0.4111 0.4280 0.4217 0.3789 0.3063 0.2406 0.1923 0.1918 0.2988 0.3827 0.4180 0.4288 0.4146 0.3595 0.2864 0.2253 0.1831 0.2113 0.3306 0.3959 0.4231 0.4277 0.4038 0.3390 0.2677 0.2115 0.1808 0.2423 0.3547 0.4062 0.4267 0.4246 0.3890 0.3182 0.2501 0.1990 0.1854 0.2783 0.3736 0.4142 0.4285 0.4190 0.3702 0.2967 0.2329 0.1869 0.2006 0.3173 0.4100
0.3525 0.2011 0.1867 0.2327 0.2964 0.3699 0.4189 0.4285 0.4142 0.3735 0.2777 0.1852 0.1992 0.2504 0.3185 0.3893 0.4246 0.4266 0.4061 0.3544 0.2417 0.1808 0.2117 0.2680 0.3394 0.4040 0.4277 0.4230 0.3957 0.3301 0.2108 0.1832 0.2256 0.2867 0.3599 0.4147 0.4288 0.4179 0.3825 0.2982 0.1915 0.1925 0.2409 0.3066 0.3792 0.4218 0.4279 0.4111 0.3656 0.2597 0.1881 0.2597 0.3656 0.4111 0.4279 0.4218 0.3792 0.3066 0.2409 0.1925 0.1915 0.2982 0.3825 0.4179 0.4288 0.4147 0.3599 0.2867 0.2256 0.1832 0.2108 0.3301 0.3957 0.4230 0.4277 0.4040 0.3394 0.2680 0.2117 0.1808 0.2417 0.3544 0.4061 0.4266 0.4246 0.3893 0.3185 0.2504 0.1992 0.1852 0.2777 0.3735 0.4142 0.4285 0.4189 0.3699 0.2964 0.2327 0.1867 0.2011 0.3525
0.2609 0.1867 0.2324 0.2961 0.3696 0.4188 0.4285 0.4143 0.3736 0.2777 0.1852 0.1993 0.2507 0.3189 0.3896 0.4247 0.4266 0.4059 0.3540 0.2411 0.1807 0.2119 0.2683 0.3397 0.4043 0.4278 0.4230 0.3955 0.3296 0.2104 0.1833 0.2258 0.2871 0.3602 0.4149 0.4288 0.4178 0.3822 0.2976 0.1913 0.1927 0.2412 0.3070 0.3795 0.4219 0.4279 0.4108 0.3657 0.2610 0.1823 0.1848 0.1823 0.2610 0.3657 0.4108 0.4279 0.4219 0.3795 0.3070 0.2412 0.1927 0.1913 0.2976 0.3822 0.4178 0.4288 0.4149 0.3602 0.2871 0.2258 0.1833 0.2104 0.3296 0.3955 0.4230 0.4278 0.4043 0.3397 0.2683 0.2119 0.1807 0.2411 0.3540 0.4059 0.4266 0.4247 0.3896 0.3189 0.2507 0.1993 0.1852 0.2777 0.3736 0.4143 0.4285 0.4188 0.3696 0.2961 0.2324 0.1867 0.2609
0.2465 0.2322 0.2957 0.3693 0.4186 0.4286 0.4144 0.3739 0.2783 0.1852 0.1993 0.2508 0.3192 0.3898 0.4248 0.4265 0.4057 0.3536 0.2405 0.1807 0.2122 0.2686 0.3401 0.4045 0.4278 0.4229 0.3952 0.3291 0.2099 0.1834 0.2261 0.2874 0.3606 0.4150 0.4288 0.4176 0.3820 0.2970 0.1911 0.1929 0.2415 0.3074 0.3798 0.4220 0.4279 0.4107 0.3652 0.2611 0.1833 0.2061 0.2305 0.2061 0.1833 0.2611 0.3652 0.4107 0.4279 0.4220 0.3798 0.3074 0.2415 0.1929 0.1911 0.2970 0.3820 0.4176 0.4288 0.4150 0.3606 0.2874 0.2261 0.1834 0.2099 0.3291 0.3952 0.4229 0.4278 0.4045 0.3401 0.2686 0.2122 0.1807 0.2405 0.3536 0.4057 0.4265 0.4248 0.3898 0.3192 0.2508 0.1993 0.1852 0.2783 0.3739 0.4144 0.4286 0.4186 0.3693 0.2957 0.2322 0.2465
0.2748 0.2955 0.3689 0.4185 0.4286 0.4146 0.3742 0.2789 0.1854 0.1992 0.2507 0.3192 0.3900 0.4248 0.4265 0.4056 0.3532 0.2399 0.1807 0.2124 0.2689 0.3405 0.4047 0.4278 0.4228 0.3950 0.3286 0.2095 0.1835 0.2263 0.2877 0.3609 0.4152 0.4288 0.4175 0.3817 0.2964 0.1908 0.1931 0.2417 0.3077 0.3801 0.4221 0.4278 0.4105 0.3649 0.2605 0.1822 0.2068 0.2609 0.2949 0.2609 0.2068 0.1822 0.2605 0.3649 0.4105 0.4278 0.4221 0.3801 0.3077 0.2417 0.1931 0.1908 0.2964 0.3817 0.4175 0.4288 0.4152 0.3609 0.2877 0.2263 0.1835 0.2095 0.3286 0.3950 0.4228 0.4278 0.4047 0.3405 0.2689 0.2124 0.1807 0.2399 0.3532 0.4056 0.4265 0.4248 0.3900 0.3192 0.2507 0.1992 0.1854 0.2789 0.3742 0.4146 0.4286 0.4185 0.3689 0.2955 0.2748
0.3194 0.3690 0.4182 0.4286 0.4147 0.3745 0.2795 0.1856 0.1990 0.2504 0.3189 0.3898 0.4248 0.4265 0.4054 0.3529 0.2393 0.1807 0.2126 0.2693 0.3408 0.4049 0.4279 0.4227 0.3948 0.3281 0.2091 0.1836 0.2266 0.2881 0.3613 0.4153 0.4288 0.4174 0.3814 0.2958 0.1906 0.1933 0.2420 0.3081 0.3805 0.4222 0.4278 0.4104 0.3646 0.2598 0.1821 0.2051 0.2612 0.3322 0.3707 0.3322 0.2612 0.2051 0.1821 0.2598 0.3646 0.4104 0.4278 0.4222 0.3805 0.3081 0.2420 0.1933 0.1906 0.2958 0.3814 0.4174 0.4288 0.4153 0.3613 0.2881 0.2266 0.1836 0.2091 0.3281 0.3948 0.4227 0.4279 0.4049 0.3408 0.2693 0.2126 0.1807 0.2393 0.3529 0.4054 0.4265 0.4248 0.3898 0.3189 0.2504 0.1990 0.1856 0.2795 0.3745 0.4147 0.4286 0.4182 0.3690 0.3194
0.3726 0.4197 0.4284 0.4148 0.3748 0.2801 0.1857 0.1988 0.2501 0.3185 0.3896 0.4248 0.4265 0.4054 0.3527 0.2388 0.1807 0.2129 0.2696 0.3412 0.4051 0.4279 0.4227 0.3946 0.3277 0.2086 0.1837 0.2268 0.2884 0.3616 0.4155 0.4288 0.4173 0.3812 0.2951 0.1904 0.1935 0.2423 0.3084 0.3808 0.4223 0.4278 0.4103 0.3642 0.2592 0.1821 0.2053 0.2591 0.3315 0.4009 0.4213 0.4009 0.3315 0.2591 0.2053 0.1821 0.2592 0.3642 0.4103 0.4278 0.4223 0.3808 0.3084 0.2423 0.1935 0.1904 0.2951 0.3812 0.4173 0.4288 0.4155 0.3616 0.2884 0.2268 0.1837 0.2086 0.3277 0.3946 0.4227 0.4279 0.4051 0.3412 0.2696 0.2129 0.1807 0.2388 0.3527 0.4054 0.4265 0.4248 0.3896 0.3185 0.2501 0.1988 0.1857 0.2801 0.3748 0.4148 0.4284 0.4197 0.3726
0.4124 0.4306 0.4149 0.3751 0.2807 0.1859 0.1985 0.2498 0.3182 0.3893 0.4247 0.4265 0.4056 0.3529 0.2388 0.1807 0.2130 0.2699 0.3416 0.4053 0.4279 0.4226 0.3944 0.3272 0.2082 0.1838 0.2271 0.2888 0.3620 0.4156 0.4288 0.4172 0.3809 0.2945 0.1902 0.1937 0.2426 0.3088 0.3811 0.4224 0.4277 0.4101 0.3639 0.2586 0.1820 0.2056 0.2594 0.3293 0.3985 0.4276 0.4260 0.4276 0.3985 0.3293 0.2594 0.2056 0.1820 0.2586 0.3639 0.4101 0.4277 0.4224 0.3811 0.3088 0.2426 0.1937 0.1902 0.2945 0.3809 0.4172 0.4288 0.4156 0.3620 0.2888 0.2271 0.1838 0.2082 0.3272 0.3944 0.4226 0.4279 0.4053 0.3416 0.2699 0.2130 0.1807 0.2388 0.3529 0.4056 0.4265 0.4247 0.3893 0.3182 0.2498 0.1985 0.1859 0.2807 0.3751 0.4149 0.4306 0.4124
0.4289 0.4159 0.3754 0.2814 0.1860 0.1983 0.2495 0.3178 0.3890 0.4246 0.4266 0.4057 0.3532 0.2393 0.1807 0.2130 0.2700 0.3419 0.4055 0.4280 0.4225 0.3942 0.3267 0.2078 0.1840 0.2273 0.2891 0.3623 0.4158 0.4288 0.4171 0.3807 0.2939 0.1899 0.1939 0.2429 0.3091 0.3814 0.4225 0.4277 0.4100 0.3636 0.2579 0.1819 0.2058 0.2598 0.3298 0.3976 0.4266 0.4231 0.4062 0.4231 0.4266 0.3976 0.3298 0.2598 0.2058 0.1819 0.2579 0.3636 0.4100 0.4277 0.4225 0.3814 0.3091 0.2429 0.1939 0.1899 0.2939 0.3807 0.4171 0.4288 0.4158 0.3623 0.2891 0.2273 0.1840 0.2078 0.3267 0.3942 0.4225 0.4280 0.4055 0.3419 0.2700 0.2130 0.1807 0.2393 0.3532 0.4057 0.4266 0.4246 0.3890 0.3178 0.2495 0.1983 0.1860 0.2814 0.3754 0.4159 0.4289
0.4265 0.3757 0.2820 0.1862 0.1981 0.2493 0.3175 0.3887 0.4246 0.4266 0.4059 0.3536 0.2399 0.1807 0.2129 0.2699 0.3419 0.4056 0.4280 0.4224 0.3940 0.3262 0.2074 0.1841 0.2276 0.2894 0.3626 0.4159 0.4288 0.4170 0.3804 0.2933 0.1897 0.1941 0.2431 0.3095 0.3817 0.4226 0.4277 0.4098 0.3632 0.2573 0.1819 0.2060 0.2601 0.3302 0.3980 0.4266 0.4248 0.3961 0.3576 0.3961 0.4248 0.4266 0.3980 0.3302 0.2601 0.2060 0.1819 0.2573 0.3632 0.4098 0.4277 0.4226 0.3817 0.3095 0.2431 0.1941 0.1897 0.2933 0.3804 0.4170 0.4288 0.4159 0.3626 0.2894 0.2276 0.1841 0.2074 0.3262 0.3940 0.4224 0.4280 0.4056 0.3419 0.2699 0.2129 0.1807 0.2399 0.3536 0.4059 0.4266 0.4246 0.3887 0.3175 0.2493 0.1981 0.1862 0.2820 0.3757 0.4265
0.3992 0.2827 0.1863 0.1979 0.2490 0.3171 0.3884 0.4245 0.4267 0.4061 0.3540 0.2405 0.1807 0.2126 0.2696 0.3416 0.4055 0.4280 0.4224 0.3938 0.3257 0.2070 0.1842 0.2279 0.2898 0.3630 0.4161 0.4288 0.4169 0.3801 0.2927 0.1895 0.1943 0.2434 0.3098 0.3820 0.4227 0.4276 0.4097 0.3629 0.2567 0.1818 0.2062 0.2604 0.3306 0.3983 0.4267 0.4248 0.4003 0.3347 0.2599 0.3347 0.4003 0.4248 0.4267 0.3983 0.3306 0.2604 0.2062 0.1818 0.2567 0.3629 0.4097 0.4276 0.4227 0.3820 0.3098 0.2434 0.1943 0.1895 0.2927 0.3801 0.4169 0.4288 0.4161 0.3630 0.2898 0.2279 0.1842 0.2070 0.3257 0.3938 0.4224 0.4280 0.4055 0.3416 0.2696 0.2126 0.1807 0.2405 0.3540 0.4061 0.4267 0.4245 0.3884 0.3171 0.2490 0.1979 0.1863 0.2827 0.3992
0.3244 0.1866 0.1977 0.2487 0.3167 0.3881 0.4244 0.4267 0.4062 0.3544 0.2411 0.1807 0.2124 0.2693 0.3412 0.4053 0.4280 0.4224 0.3938 0.3254 0.2066 0.1843 0.2281 0.2901 0.3633 0.4162 0.4287 0.4168 0.3799 0.2921 0.1893 0.1945 0.2437 0.3102 0.3823 0.4228 0.4276 0.4096 0.3626 0.2561 0.1817 0.2065 0.2607 0.3309 0.3985 0.4267 0.4247 0.4003 0.3403 0.2201 0.1745 0.2201 0.3403 0.4003 0.4247 0.4267 0.3985 0.3309 0.2607 0.2065 0.1817 0.2561 0.3626 0.4096 0.4276 0.4228 0.3823 0.3102 0.2437 0.1945 0.1893 0.2921 0.3799 0.4168 0.4287 0.4162 0.3633 0.2901 0.2281 0.1843 0.2066 0.3254 0.3938 0.4224 0.4280 0.4053 0.3412 0.2693 0.2124 0.1807 0.2411 0.3544 0.4062 0.4267 0.4244 0.3881 0.3167 0.2487 0.1977 0.1866 0.3244
0.2493 0.1976 0.2484 0.3164 0.3878 0.4243 0.4268 0.4064 0.3547 0.2417 0.1807 0.2122 0.2689 0.3408 0.4051 0.4279 0.4225 0.3940 0.3257 0.2066 0.1844 0.2283 0.2904 0.3637 0.4164 0.4287 0.4167 0.3796 0.2915 0.1891 0.1947 0.2440 0.3105 0.3826 0.4228 0.4275 0.4094 0.3622 0.2554 0.1817 0.2067 0.2610 0.3313 0.3988 0.4268 0.4246 0.4000 0.3404 0.2214 0.1820 0.1977 0.1820 0.2214 0.3404 0.4000 0.4246 0.4268 0.3988 0.3313 0.2610 0.2067 0.1817 0.2554 0.3622 0.4094 0.4275 0.4228 0.3826 0.3105 0.2440 0.1947 0.1891 0.2915 0.3796 0.4167 0.4287 0.4164 0.3637 0.2904 0.2283 0.1844 0.2066 0.3257 0.3940 0.4225 0.4279 0.4051 0.3408 0.2689 0.2122 0.1807 0.2417 0.3547 0.4064 0.4268 0.4243 0.3878 0.3164 0.2484 0.1976 0.2493
0.2526 0.2482 0.3160 0.3876 0.4243 0.4268 0.4065 0.3551 0.2423 0.1808 0.2119 0.2686 0.3405 0.4049 0.4279 0.4226 0.3942 0.3262 0.2070 0.1843 0.2283 0.2905 0.3640 0.4165 0.4287 0.4166 0.3793 0.2909 0.1889 0.1949 0.2443 0.3109 0.3829 0.4229 0.4275 0.4093 0.3619 0.2548 0.1816 0.2069 0.2613 0.3317 0.3990 0.4268 0.4246 0.3998 0.3398 0.2212 0.1828 0.2220 0.2495 0.2220 0.1828 0.2212 0.3398 0.3998 0.4246 0.4268 0.3990 0.3317 0.2613 0.2069 0.1816 0.2548 0.3619 0.4093 0.4275 0.4229 0.3829 0.3109 0.2443 0.1949 0.1889 0.2909 0.3793 0.4166 0.4287 0.4165 0.3640 0.2905 0.2283 0.1843 0.2070 0.3262 0.3942 0.4226 0.4279 0.4049 0.3405 0.2686 0.2119 0.1808 0.2423 0.3551 0.4065 0.4268 0.4243 0.3876 0.3160 0.2482 0.2526
0.2858 0.3158 0.3872 0.4242 0.4268 0.4067 0.3555 0.2429 0.1808 0.2117 0.2683 0.3401 0.4047 0.4279 0.4227 0.3944 0.3267 0.2074 0.1842 0.2281 0.2904 0.3640 0.4166 0.4287 0.4165 0.3791 0.2902 0.1887 0.1951 0.2446 0.3113 0.3832 0.4230 0.4275 0.4091 0.3616 0.2542 0.1815 0.2071 0.2616 0.3320 0.3993 0.4269 0.4245 0.3996 0.3394 0.2206 0.1815 0.2226 0.2828 0.3193 0.2828 0.2226 0.1815 0.2206 0.3394 0.3996 0.4245 0.4269 0.3993 0.3320 0.2616 0.2071 0.1815 0.2542 0.3616 0.4091 0.4275 0.4230 0.3832 0.3113 0.2446 0.1951 0.1887 0.2902 0.3791 0.4165 0.4287 0.4166 0.3640 0.2904 0.2281 0.1842 0.2074 0.3267 0.3944 0.4227 0.4279 0.4047 0.3401 0.2683 0.2117 0.1808 0.2429 0.3555 0.4067 0.4268 0.4242 0.3872 0.3158 0.2858
0.3341 0.3876 0.4239 0.4269 0.4068 0.3558 0.2435 0.1808 0.2115 0.2680 0.3397 0.4045 0.4278 0.4227 0.3946 0.3272 0.2078 0.1841 0.2279 0.2901 0.3637 0.4165 0.4287 0.4164 0.3788 0.2896 0.1885 0.1953 0.2448 0.3116 0.3835 0.4231 0.4274 0.4090 0.3612 0.2536 0.1815 0.2073 0.2619 0.3324 0.3995 0.4269 0.4244 0.3994 0.3390 0.2201 0.1816 0.2207 0.2828 0.3569 0.3928 0.3569 0.2828 0.2207 0.1816 0.2201 0.3390 0.3994 0.4244 0.4269 0.3995 0.3324 0.2619 0.2073 0.1815 0.2536 0.3612 0.4090 0.4274 0.4231 0.3835 0.3116 0.2448 0.1953 0.1885 0.2896 0.3788 0.4164 0.4287 0.4165 0.3637 0.2901 0.2279 0.1841 0.2078 0.3272 0.3946 0.4227 0.4278 0.4045 0.3397 0.2680 0.2115 0.1808 0.2435 0.3558 0.4068 0.4269 0.4239 0.3876 0.3341
0.3863 0.4258 0.4268 0.4070 0.3562 0.2441 0.1808 0.2112 0.2677 0.3394 0.4043 0.4278 0.4228 0.3948 0.3277 0.2082 0.1840 0.2276 0.2898 0.3633 0.4164 0.4287 0.4165 0.3788 0.2893 0.1884 0.1954 0.2451 0.3120 0.3839 0.4232 0.4274 0.4088 0.3609 0.2530 0.1814 0.2076 0.2623 0.3327 0.3998 0.4270 0.4244 0.3992 0.3385 0.2196 0.1817 0.2210 0.2806 0.3556 0.4148 0.4266 0.4148 0.3556 0.2806 0.2210 0.1817 0.2196 0.3385 0.3992 0.4244 0.4270 0.3998 0.3327 0.2623 0.2076 0.1814 0.2530 0.3609 0.4088 0.4274 0.4232 0.3839 0.3120 0.2451 0.1954 0.1884 0.2893 0.3788 0.4165 0.4287 0.4164 0.3633 0.2898 0.2276 0.1840 0.2082 0.3277 0.3948 0.4228 0.4278 0.4043 0.3394 0.2677 0.2112 0.1808 0.2441 0.3562 0.4070 0.4268 0.4258 0.3863
0.4189 0.4288 0.4071 0.3565 0.2447 0.1808 0.2110 0.2674 0.3390 0.4040 0.4278 0.4229 0.3950 0.3281 0.2086 0.1838 0.2273 0.2894 0.3630 0.4162 0.4287 0.4166 0.3791 0.2896 0.1884 0.1955 0.2454 0.3123 0.3842 0.4233 0.4274 0.4087 0.3605 0.2523 0.1814 0.2078 0.2626 0.3331 0.4000 0.4270 0.4243 0.3991 0.3381 0.2191 0.1817 0.2213 0.2810 0.3537 0.4124 0.4287 0.4218 0.4287 0.4124 0.3537 0.2810 0.2213 0.1817 0.2191 0.3381 0.3991 0.4243 0.4270 0.4000 0.3331 0.2626 0.2078 0.1814 0.2523 0.3605 0.4087 0.4274 0.4233 0.3842 0.3123 0.2454 0.1955 0.1884 0.2896 0.3791 0.4166 0.4287 0.4162 0.3630 0.2894 0.2273 0.1838 0.2086 0.3281 0.3950 0.4229 0.4278 0.4040 0.3390 0.2674 0.2110 0.1808 0.2447 0.3565 0.4071 0.4288 0.4189
0.4304 0.4077 0.3569 0.2454 0.1809 0.2108 0.2670 0.3387 0.4038 0.4277 0.4230 0.3952 0.3286 0.2091 0.1837 0.2271 0.2891 0.3626 0.4161 0.4287 0.4167 0.3793 0.2902 0.1885 0.1954 0.2454 0.3124 0.3844 0.4234 0.4273 0.4085 0.3602 0.2517 0.1813 0.2080 0.2629 0.3335 0.4003 0.4271 0.4242 0.3989 0.3376 0.2186 0.1818 0.2216 0.2814 0.3542 0.4120 0.4287 0.4168 0.3943 0.4168 0.4287 0.4120 0.3542 0.2814 0.2216 0.1818 0.2186 0.3376 0.3989 0.4242 0.4271 0.4003 0.3335 0.2629 0.2080 0.1813 0.2517 0.3602 0.4085 0.4273 0.4234 0.3844 0.3124 0.2454 0.1954 0.1885 0.2902 0.3793 0.4167 0.4287 0.4161 0.3626 0.2891 0.2271 0.1837 0.2091 0.3286 0.3952 0.4230 0.4277 0.4038 0.3387 0.2670 0.2108 0.1809 0.2454 0.3569 0.4077 0.4304
0.4218 0.3573 0.2460 0.1809 0.2106 0.2667 0.3383 0.4036 0.4277 0.4230 0.3955 0.3291 0.2095 0.1836 0.2268 0.2888 0.3623 0.4159 0.4288 0.4168 0.3796 0.2909 0.1887 0.1953 0.2451 0.3123 0.3844 0.4234 0.4273 0.4084 0.3598 0.2511 0.1813 0.2082 0.2632 0.3338 0.4005 0.4271 0.4241 0.3987 0.3372 0.2181 0.1819 0.2218 0.2817 0.3546 0.4123 0.4287 0.4194 0.3808 0.3325 0.3808 0.4194 0.4287 0.4123 0.3546 0.2817 0.2218 0.1819 0.2181 0.3372 0.3987 0.4241 0.4271 0.4005 0.3338 0.2632 0.2082 0.1813 0.2511 0.3598 0.4084 0.4273 0.4234 0.3844 0.3123 0.2451 0.1953 0.1887 0.2909 0.3796 0.4168 0.4288 0.4159 0.3623 0.2888 0.2268 0.1836 0.2095 0.3291 0.3955 0.4230 0.4277 0.4036 0.3383 0.2667 0.2106 0.1809 0.2460 0.3573 0.4218
0.3849 0.2467 0.1809 0.2103 0.2664 0.3379 0.4034 0.4276 0.4231 0.3957 0.3296 0.2099 0.1835 0.2266 0.2884 0.3620 0.4158 0.4288 0.4169 0.3799 0.2915 0.1889 0.1951 0.2448 0.3120 0.3842 0.4234 0.4273 0.4083 0.3595 0.2505 0.1812 0.2085 0.2635 0.3342 0.4007 0.4271 0.4241 0.3985 0.3367 0.2176 0.1820 0.2220 0.2820 0.3549 0.4125 0.4287 0.4194 0.3859 0.3019 0.2203 0.3019 0.3859 0.4194 0.4287 0.4125 0.3549 0.2820 0.2220 0.1820 0.2176 0.3367 0.3985 0.4241 0.4271 0.4007 0.3342 0.2635 0.2085 0.1812 0.2505 0.3595 0.4083 0.4273 0.4234 0.3842 0.3120 0.2448 0.1951 0.1889 0.2915 0.3799 0.4169 0.4288 0.4158 0.3620 0.2884 0.2266 0.1835 0.2099 0.3296 0.3957 0.4231 0.4276 0.4034 0.3379 0.2664 0.2103 0.1809 0.2467 0.3849
0.2959 0.1811 0.2101 0.2661 0.3376 0.4031 0.4276 0.4232 0.3959 0.3301 0.2104 0.1834 0.2263 0.2881 0.3616 0.4156 0.4288 0.4170 0.3801 0.2921 0.1891 0.1949 0.2446 0.3116 0.3839 0.4233 0.4273 0.4084 0.3595 0.2502 0.1812 0.2087 0.2638 0.3346 0.4010 0.4272 0.4240 0.3983 0.3363 0.2171 0.1820 0.2223 0.2824 0.3553 0.4127 0.4287 0.4192 0.3859 0.3051 0.1939 0.1753 0.1939 0.3051 0.3859 0.4192 0.4287 0.4127 0.3553 0.2824 0.2223 0.1820 0.2171 0.3363 0.3983 0.4240 0.4272 0.4010 0.3346 0.2638 0.2087 0.1812 0.2502 0.3595 0.4084 0.4273 0.4233 0.3839 0.3116 0.2446 0.1949 0.1891 0.2921 0.3801 0.4170 0.4288 0.4156 0.3616 0.2881 0.2263 0.1834 0.2104 0.3301 0.3959 0.4232 0.4276 0.4031 0.3376 0.2661 0.2101 0.1811 0.2959
0.2443 0.2100 0.2658 0.3372 0.4029 0.4276 0.4233 0.3961 0.3306 0.2108 0.1833 0.2261 0.2877 0.3613 0.4155 0.4288 0.4171 0.3804 0.2927 0.1893 0.1947 0.2443 0.3113 0.3835 0.4232 0.4274 0.4085 0.3598 0.2505 0.1812 0.2087 0.2641 0.3349 0.4012 0.4272 0.4239 0.3981 0.3358 0.2166 0.1821 0.2225 0.2827 0.3556 0.4128 0.4287 0.4191 0.3855 0.3054 0.1950 0.1914 0.2126 0.1914 0.1950 0.3054 0.3855 0.4191 0.4287 0.4128 0.3556 0.2827 0.2225 0.1821 0.2166 0.3358 0.3981 0.4239 0.4272 0.4012 0.3349 0.2641 0.2087 0.1812 0.2505 0.3598 0.4085 0.4274 0.4232 0.3835 0.3113 0.2443 0.1947 0.1893 0.2927 0.3804 0.4171 0.4288 0.4155 0.3613 0.2877 0.2261 0.1833 0.2108 0.3306 0.3961 0.4233 0.4276 0.4029 0.3372 0.2658 0.2100 0.2443
0.2602 0.2656 0.3368 0.4027 0.4275 0.4233 0.3963 0.3311 0.2113 0.1832 0.2258 0.2874 0.3609 0.4153 0.4288 0.4172 0.3807 0.2933 0.1895 0.1945 0.2440 0.3109 0.3832 0.4231 0.4274 0.4087 0.3602 0.2511 0.1812 0.2087 0.2641 0.3350 0.4014 0.4273 0.4239 0.3979 0.3354 0.2161 0.1822 0.2228 0.2830 0.3560 0.4130 0.4287 0.4190 0.3852 0.3048 0.1943 0.1921 0.2398 0.2706 0.2398 0.1921 0.1943 0.3048 0.3852 0.4190 0.4287 0.4130 0.3560 0.2830 0.2228 0.1822 0.2161 0.3354 0.3979 0.4239 0.4273 0.4014 0.3350 0.2641 0.2087 0.1812 0.2511 0.3602 0.4087 0.4274 0.4231 0.3832 0.3109 0.2440 0.1945 0.1895 0.2933 0.3807 0.4172 0.4288 0.4153 0.3609 0.2874 0.2258 0.1832 0.2113 0.3311 0.3963 0.4233 0.4275 0.4027 0.3368 0.2656 0.2602
0.2979 0.3367 0.4023 0.4275 0.4234 0.3965 0.3315 0.2117 0.1831 0.2256 0.2871 0.3606 0.4152 0.4288 0.4173 0.3809 0.2939 0.1897 0.1943 0.2437 0.3105 0.3829 0.4230 0.4274 0.4088 0.3605 0.2517 0.1813 0.2085 0.2638 0.3349 0.4014 0.4273 0.4238 0.3977 0.3349 0.2156 0.1823 0.2230 0.2834 0.3563 0.4132 0.4287 0.4189 0.3850 0.3042 0.1940 0.1906 0.2403 0.3062 0.3446 0.3062 0.2403 0.1906 0.1940 0.3042 0.3850 0.4189 0.4287 0.4132 0.3563 0.2834 0.2230 0.1823 0.2156 0.3349 0.3977 0.4238 0.4273 0.4014 0.3349 0.2638 0.2085 0.1813 0.2517 0.3605 0.4088 0.4274 0.4230 0.3829 0.3105 0.2437 0.1943 0.1897 0.2939 0.3809 0.4173 0.4288 0.4152 0.3606 0.2871 0.2256 0.1831 0.2117 0.3315 0.3965 0.4234 0.4275 0.4023 0.3367 0.2979
0.3492 0.4031 0.4273 0.4235 0.3967 0.3320 0.2122 0.1830 0.2253 0.2867 0.3602 0.4150 0.4288 0.4174 0.3812 0.2945 0.1899 0.1941 0.2434 0.3102 0.3826 0.4229 0.4275 0.4090 0.3609 0.2523 0.1813 0.2082 0.2635 0.3346 0.4012 0.4273 0.4238 0.3976 0.3346 0.2152 0.1823 0.2233 0.2837 0.3567 0.4133 0.4287 0.4188 0.3848 0.3036 0.1938 0.1908 0.2383 0.3059 0.3802 0.4099 0.3802 0.3059 0.2383 0.1908 0.1938 0.3036 0.3848 0.4188 0.4287 0.4133 0.3567 0.2837 0.2233 0.1823 0.2152 0.3346 0.3976 0.4238 0.4273 0.4012 0.3346 0.2635 0.2082 0.1813 0.2523 0.3609 0.4090 0.4275 0.4229 0.3826 0.3102 0.2434 0.1941 0.1899 0.2945 0.3812 0.4174 0.4288 0.4150 0.3602 0.2867 0.2253 0.1830 0.2122 0.3320 0.3967 0.4235 0.4273 0.4031 0.3492
0.3981 0.4294 0.4235 0.3969 0.3325 0.2126 0.1829 0.2250 0.2864 0.3599 0.4149 0.4288 0.4175 0.3814 0.2951 0.1902 0.1939 0.2431 0.3098 0.3823 0.4228 0.4275 0.4091 0.3612 0.2530 0.1814 0.2080 0.2632 0.3342 0.4010 0.4272 0.4239 0.3977 0.3346 0.2149 0.1824 0.2235 0.2840 0.3571 0.4135 0.4287 0.4187 0.3845 0.3030 0.1935 0.1910 0.2386 0.3037 0.3783 0.4232 0.4279 0.4232 0.3783 0.3037 0.2386 0.1910 0.1935 0.3030 0.3845 0.4187 0.4287 0.4135 0.3571 0.2840 0.2235 0.1824 0.2149 0.3346 0.3977 0.4239 0.4272 0.4010 0.3342 0.2632 0.2080 0.1814 0.2530 0.3612 0.4091 0.4275 0.4228 0.3823 0.3098 0.2431 0.1939 0.1902 0.2951 0.3814 0.4175 0.4288 0.4149 0.3599 0.2864 0.2250 0.1829 0.2126 0.3325 0.3969 0.4235 0.4294 0.3981
0.4239 0.4252 0.3971 0.3329 0.2131 0.1828 0.2248 0.2860 0.3595 0.4147 0.4288 0.4176 0.3817 0.2958 0.1904 0.1937 0.2429 0.3095 0.3820 0.4228 0.4275 0.4093 0.3616 0.2536 0.1814 0.2078 0.2629 0.3338 0.4007 0.4272 0.4239 0.3979 0.3349 0.2152 0.1824 0.2236 0.2843 0.3574 0.4136 0.4287 0.4186 0.3843 0.3024 0.1933 0.1912 0.2390 0.3041 0.3768 0.4212 0.4272 0.4155 0.4272 0.4212 0.3768 0.3041 0.2390 0.1912 0.1933 0.3024 0.3843 0.4186 0.4287 0.4136 0.3574 0.2843 0.2236 0.1824 0.2152 0.3349 0.3979 0.4239 0.4272 0.4007 0.3338 0.2629 0.2078 0.1814 0.2536 0.3616 0.4093 0.4275 0.4228 0.3820 0.3095 0.2429 0.1937 0.1904 0.2958 0.3817 0.4176 0.4288 0.4147 0.3595 0.2860 0.2248 0.1828 0.2131 0.3329 0.3971 0.4252 0.4239
0.4302 0.3974 0.3334 0.2136 0.1827 0.2245 0.2857 0.3592 0.4146 0.4288 0.4178 0.3820 0.2964 0.1906 0.1935 0.2426 0.3091 0.3817 0.4227 0.4276 0.4094 0.3619 0.2542 0.1815 0.2076 0.2626 0.3335 0.4005 0.4271 0.4240 0.3981 0.3354 0.2156 0.1823 0.2235 0.2843 0.3575 0.4138 0.4287 0.4185 0.3840 0.3018 0.1930 0.1914 0.2392 0.3045 0.3772 0.4212 0.4281 0.4083 0.3787 0.4083 0.4281 0.4212 0.3772 0.3045 0.2392 0.1914 0.1930 0.3018 0.3840 0.4185 0.4287 0.4138 0.3575 0.2843 0.2235 0.1823 0.2156 0.3354 0.3981 0.4240 0.4271 0.4005 0.3335 0.2626 0.2076 0.1815 0.2542 0.3619 0.4094 0.4276 0.4227 0.3817 0.3091 0.2426 0.1935 0.1906 0.2964 0.3820 0.4178 0.4288 0.4146 0.3592 0.2857 0.2245 0.1827 0.2136 0.3334 0.3974 0.4302
0.4150 0.3340 0.2140 0.1826 0.2243 0.2854 0.3588 0.4144 0.4288 0.4179 0.3822 0.2970 0.1908 0.1933 0.2423 0.3088 0.3814 0.4226 0.4276 0.4096 0.3622 0.2548 0.1815 0.2073 0.2623 0.3331 0.4003 0.4271 0.4241 0.3983 0.3358 0.2161 0.1823 0.2233 0.2840 0.3574 0.4138 0.4288 0.4184 0.3838 0.3012 0.1927 0.1916 0.2395 0.3049 0.3776 0.4213 0.4281 0.4116 0.3613 0.3006 0.3613 0.4116 0.4281 0.4213 0.3776 0.3049 0.2395 0.1916 0.1927 0.3012 0.3838 0.4184 0.4288 0.4138 0.3574 0.2840 0.2233 0.1823 0.2161 0.3358 0.3983 0.4241 0.4271 0.4003 0.3331 0.2623 0.2073 0.1815 0.2548 0.3622 0.4096 0.4276 0.4226 0.3814 0.3088 0.2423 0.1933 0.1908 0.2970 0.3822 0.4179 0.4288 0.4144 0.3588 0.2854 0.2243 0.1826 0.2140 0.3340 0.4150
0.3662 0.2147 0.1825 0.2241 0.2850 0.3585 0.4143 0.4288 0.4180 0.3825 0.2976 0.1911 0.1931 0.2420 0.3084 0.3811 0.4225 0.4277 0.4097 0.3626 0.2554 0.1816 0.2071 0.2619 0.3327 0.4000 0.4271 0.4241 0.3985 0.3363 0.2166 0.1822 0.2230 0.2837 0.3571 0.4136 0.4287 0.4184 0.3836 0.3007 0.1925 0.1918 0.2398 0.3052 0.3779 0.4214 0.4280 0.4116 0.3669 0.2623 0.1894 0.2623 0.3669 0.4116 0.4280 0.4214 0.3779 0.3052 0.2398 0.1918 0.1925 0.3007 0.3836 0.4184 0.4287 0.4136 0.3571 0.2837 0.2230 0.1822 0.2166 0.3363 0.3985 0.4241 0.4271 0.4000 0.3327 0.2619 0.2071 0.1816 0.2554 0.3626 0.4097 0.4277 0.4225 0.3811 0.3084 0.2420 0.1931 0.1911 0.2976 0.3825 0.4180 0.4288 0.4143 0.3585 0.2850 0.2241 0.1825 0.2147 0.3662
0.2714 0.1825 0.2238 0.2847 0.3581 0.4141 0.4288 0.4181 0.3827 0.2982 0.1913 0.1929 0.2417 0.3081 0.3808 0.4224 0.4277 0.4098 0.3629 0.2561 0.1817 0.2069 0.2616 0.3324 0.3998 0.4270 0.4242 0.3987 0.3367 0.2171 0.1821 0.2228 0.2834 0.3567 0.4135 0.4287 0.4185 0.3838 0.3007 0.1923 0.1919 0.2400 0.3056 0.3782 0.4215 0.4280 0.4114 0.3670 0.2635 0.1826 0.1840 0.1826 0.2635 0.3670 0.4114 0.4280 0.4215 0.3782 0.3056 0.2400 0.1919 0.1923 0.3007 0.3838 0.4185 0.4287 0.4135 0.3567 0.2834 0.2228 0.1821 0.2171 0.3367 0.3987 0.4242 0.4270 0.3998 0.3324 0.2616 0.2069 0.1817 0.2561 0.3629 0.4098 0.4277 0.4224 0.3808 0.3081 0.2417 0.1929 0.1913 0.2982 0.3827 0.4181 0.4288 0.4141 0.3581 0.2847 0.2238 0.1825 0.2714
0.2443 0.2237 0.2843 0.3578 0.4140 0.4288 0.4182 0.3830 0.2988 0.1915 0.1927 0.2415 0.3077 0.3805 0.4223 0.4277 0.4100 0.3632 0.2567 0.1817 0.2067 0.2613 0.3320 0.3995 0.4270 0.4243 0.3989 0.3372 0.2176 0.1820 0.2225 0.2830 0.3563 0.4133 0.4287 0.4186 0.3840 0.3012 0.1925 0.1919 0.2401 0.3059 0.3785 0.4216 0.4280 0.4112 0.3665 0.2636 0.1835 0.2052 0.2294 0.2052 0.1835 0.2636 0.3665 0.4112 0.4280 0.4216 0.3785 0.3059 0.2401 0.1919 0.1925 0.3012 0.3840 0.4186 0.4287 0.4133 0.3563 0.2830 0.2225 0.1820 0.2176 0.3372 0.3989 0.4243 0.4270 0.3995 0.3320 0.2613 0.2067 0.1817 0.2567 0.3632 0.4100 0.4277 0.4223 0.3805 0.3077 0.2415 0.1927 0.1915 0.2988 0.3830 0.4182 0.4288 0.4140 0.3578 0.2843 0.2237 0.2443
0.2691 0.2842 0.3574 0.4138 0.4287 0.4183 0.3832 0.2994 0.1918 0.1925 0.2412 0.3074 0.3801 0.4222 0.4278 0.4101 0.3636 0.2573 0.1818 0.2065 0.2610 0.3317 0.3993 0.4269 0.4244 0.3991 0.3376 0.2181 0.1820 0.2223 0.2827 0.3560 0.4132 0.4287 0.4187 0.3843 0.3018 0.1927 0.1918 0.2400 0.3059 0.3787 0.4217 0.4280 0.4111 0.3662 0.2630 0.1825 0.2058 0.2595 0.2934 0.2595 0.2058 0.1825 0.2630 0.3662 0.4111 0.4280 0.4217 0.3787 0.3059 0.2400 0.1918 0.1927 0.3018 0.3843 0.4187 0.4287 0.4132 0.3560 0.2827 0.2223 0.1820 0.2181 0.3376 0.3991 0.4244 0.4269 0.3993 0.3317 0.2610 0.2065 0.1818 0.2573 0.3636 0.4101 0.4278 0.4222 0.3801 0.3074 0.2412 0.1925 0.1918 0.2994 0.3832 0.4183 0.4287 0.4138 0.3574 0.2842 0.2691
0.3112 0.3574 0.4135 0.4288 0.4184 0.3835 0.3000 0.1920 0.1923 0.2409 0.3070 0.3798 0.4221 0.4278 0.4103 0.3639 0.2579 0.1819 0.2062 0.2607 0.3313 0.3990 0.4269 0.4244 0.3992 0.3381 0.2186 0.1819 0.2220 0.2824 0.3556 0.4130 0.4287 0.4188 0.3845 0.3024 0.1930 0.1916 0.2398 0.3056 0.3785 0.4217 0.4279 0.4110 0.3659 0.2623 0.1824 0.2042 0.2599 0.3307 0.3692 0.3307 0.2599 0.2042 0.1824 0.2623 0.3659 0.4110 0.4279 0.4217 0.3785 0.3056 0.2398 0.1916 0.1930 0.3024 0.3845 0.4188 0.4287 0.4130 0.3556 0.2824 0.2220 0.1819 0.2186 0.3381 0.3992 0.4244 0.4269 0.3990 0.3313 0.2607 0.2062 0.1819 0.2579 0.3639 0.4103 0.4278 0.4221 0.3798 0.3070 0.2409 0.1923 0.1920 0.3000 0.3835 0.4184 0.4288 0.4135 0.3574 0.3112
0.3642 0.4147 0.4286 0.4185 0.3838 0.3006 0.1922 0.1921 0.2406 0.3066 0.3795 0.4220 0.4278 0.4104 0.3642 0.2586 0.1819 0.2060 0.2604 0.3309 0.3988 0.4268 0.4245 0.3994 0.3385 0.2191 0.1818 0.2218 0.2820 0.3553 0.4128 0.4287 0.4189 0.3848 0.3030 0.1933 0.1914 0.2395 0.3052 0.3782 0.4216 0.4280 0.4110 0.3657 0.2618 0.1823 0.2044 0.2578 0.3299 0.3998 0.4208 0.3998 0.3299 0.2578 0.2044 0.1823 0.2618 0.3657 0.4110 0.4280 0.4216 0.3782 0.3052 0.2395 0.1914 0.1933 0.3030 0.3848 0.4189 0.4287 0.4128 0.3553 0.2820 0.2218 0.1818 0.2191 0.3385 0.3994 0.4245 0.4268 0.3988 0.3309 0.2604 0.2060 0.1819 0.2586 0.3642 0.4104 0.4278 0.4220 0.3795 0.3066 0.2406 0.1921 0.1922 0.3006 0.3838 0.4185 0.4286 0.4147 0.3642
0.4077 0.4308 0.4185 0.3840 0.3012 0.1925 0.1920 0.2403 0.3063 0.3792 0.4219 0.4279 0.4105 0.3646 0.2592 0.1820 0.2058 0.2601 0.3306 0.3985 0.4268 0.4246 0.3996 0.3390 0.2196 0.1817 0.2216 0.2817 0.3549 0.4127 0.4287 0.4190 0.3850 0.3036 0.1935 0.1912 0.2392 0.3049 0.3779 0.4215 0.4280 0.4111 0.3659 0.2618 0.1823 0.2046 0.2581 0.3278 0.3974 0.4275 0.4262 0.4275 0.3974 0.3278 0.2581 0.2046 0.1823 0.2618 0.3659 0.4111 0.4280 0.4215 0.3779 0.3049 0.2392 0.1912 0.1935 0.3036 0.3850 0.4190 0.4287 0.4127 0.3549 0.2817 0.2216 0.1817 0.2196 0.3390 0.3996 0.4246 0.4268 0.3985 0.3306 0.2601 0.2058 0.1820 0.2592 0.3646 0.4105 0.4279 0.4219 0.3792 0.3063 0.2403 0.1920 0.1925 0.3012 0.3840 0.4185 0.4308 0.4077
0.4274 0.4198 0.3843 0.3018 0.1927 0.1918 0.2401 0.3059 0.3789 0.4218 0.4279 0.4107 0.3649 0.2598 0.1821 0.2056 0.2598 0.3302 0.3983 0.4267 0.4246 0.3998 0.3394 0.2201 0.1817 0.2213 0.2814 0.3546 0.4125 0.4287 0.4191 0.3852 0.3042 0.1938 0.1910 0.2390 0.3045 0.3776 0.4214 0.4280 0.4112 0.3662 0.2623 0.1823 0.2046 0.2583 0.3282 0.3965 0.4264 0.4234 0.4069 0.4234 0.4264 0.3965 0.3282 0.2583 0.2046 0.1823 0.2623 0.3662 0.4112 0.4280 0.4214 0.3776 0.3045 0.2390 0.1910 0.1938 0.3042 0.3852 0.4191 0.4287 0.4125 0.3546 0.2814 0.2213 0.1817 0.2201 0.3394 0.3998 0.4246 0.4267 0.3983 0.3302 0.2598 0.2056 0.1821 0.2598 0.3649 0.4107 0.4279 0.4218 0.3789 0.3059 0.2401 0.1918 0.1927 0.3018 0.3843 0.4198 0.4274
0.4284 0.3846 0.3024 0.1930 0.1916 0.2398 0.3056 0.3786 0.4217 0.4279 0.4108 0.3652 0.2605 0.1821 0.2054 0.2595 0.3298 0.3980 0.4267 0.4247 0.4000 0.3398 0.2206 0.1816 0.2211 0.2810 0.3542 0.4123 0.4287 0.4192 0.3855 0.3048 0.1940 0.1908 0.2387 0.3042 0.3773 0.4213 0.4280 0.4114 0.3665 0.2630 0.1824 0.2044 0.2581 0.3282 0.3967 0.4263 0.4251 0.3969 0.3590 0.3969 0.4251 0.4263 0.3967 0.3282 0.2581 0.2044 0.1824 0.2630 0.3665 0.4114 0.4280 0.4213 0.3772 0.3041 0.2386 0.1908 0.1940 0.3048 0.3855 0.4192 0.4287 0.4123 0.3542 0.2810 0.2210 0.1816 0.2206 0.3398 0.4000 0.4247 0.4267 0.3980 0.3298 0.2594 0.2053 0.1821 0.2605 0.3652 0.4108 0.4279 0.4217 0.3785 0.3055 0.2397 0.1915 0.1930 0.3024 0.3846 0.4284
0.4058 0.3031 0.1932 0.1914 0.2395 0.3052 0.3782 0.4216 0.4279 0.4109 0.3655 0.2611 0.1822 0.2052 0.2592 0.3295 0.3978 0.4266 0.4247 0.4002 0.3403 0.2212 0.1816 0.2208 0.2807 0.3539 0.4122 0.4287 0.4193 0.3857 0.3054 0.1943 0.1906 0.2384 0.3038 0.3769 0.4212 0.4281 0.4115 0.3668 0.2636 0.1825 0.2042 0.2579 0.3279 0.3967 0.4264 0.4251 0.4011 0.3366 0.2626 0.3367 0.4012 0.4252 0.4263 0.3965 0.3278 0.2578 0.2042 0.1825 0.2636 0.3670 0.4116 0.4281 0.4212 0.3768 0.3037 0.2383 0.1906 0.1943 0.3054 0.3859 0.4194 0.4287 0.4120 0.3537 0.2806 0.2207 0.1815 0.2212 0.3404 0.4003 0.4248 0.4266 0.3976 0.3293 0.2591 0.2051 0.1822 0.2611 0.3657 0.4111 0.4280 0.4216 0.3781 0.3051 0.2394 0.1913 0.1932 0.3031 0.4060
0.3409 0.1936 0.1912 0.2393 0.3049 0.3779 0.4215 0.4280 0.4111 0.3659 0.2617 0.1823 0.2049 0.2589 0.3291 0.3975 0.4266 0.4248 0.4004 0.3407 0.2217 0.1815 0.2206 0.2804 0.3535 0.4120 0.4287 0.4194 0.3860 0.3060 0.1946 0.1904 0.2381 0.3035 0.3766 0.4211 0.4281 0.4116 0.3671 0.2642 0.1826 0.2040 0.2576 0.3276 0.3964 0.4263 0.4251 0.4013 0.3424 0.2226 0.1754 0.2225 0.3420 0.4012 0.4251 0.4264 0.3974 0.3299 0.2599 0.2058 0.1835 0.2635 0.3669 0.4116 0.4281 0.4212 0.3783 0.3059 0.2403 0.1921 0.1950 0.3051 0.3859 0.4194 0.4287 0.4124 0.3556 0.2828 0.2226 0.1828 0.2214 0.3403 0.4003 0.4248 0.4266 0.3985 0.3315 0.2612 0.2068 0.1833 0.2610 0.3656 0.4111 0.4280 0.4216 0.3795 0.3073 0.2414 0.1928 0.1941 0.3397
0.2551 0.1911 0.2389 0.3045 0.3776 0.4214 0.4280 0.4112 0.3662 0.2623 0.1824 0.2047 0.2586 0.3288 0.3973 0.4265 0.4249 0.4005 0.3411 0.2222 0.1814 0.2203 0.2801 0.3532 0.4118 0.4287 0.4195 0.3862 0.3065 0.1949 0.1903 0.2379 0.3031 0.3763 0.4210 0.4281 0.4118 0.3675 0.2649 0.1827 0.2038 0.2573 0.3272 0.3961 0.4263 0.4251 0.4013 0.3431 0.2243 0.1832 0.1976 0.1787 0.2225 0.3368 0.3969 0.4234 0.4275 0.3998 0.3307 0.2595 0.2052 0.1826 0.2623 0.3613 0.4083 0.4272 0.4232 0.3802 0.3062 0.2398 0.1914 0.1939 0.3019 0.3808 0.4168 0.4287 0.4148 0.3569 0.2828 0.2220 0.1820 0.2201 0.3347 0.3961 0.4231 0.4276 0.4009 0.3322 0.2609 0.2061 0.1823 0.2597 0.3600 0.4077 0.4271 0.4235 0.3815 0.3077 0.2410 0.1924 0.2544
0.2489 0.2388 0.3042 0.3773 0.4213 0.4280 0.4113 0.3665 0.2630 0.1825 0.2045 0.2583 0.3284 0.3970 0.4265 0.4249 0.4007 0.3416 0.2227 0.1814 0.2201 0.2797 0.3528 0.4116 0.4286 0.4196 0.3865 0.3071 0.1951 0.1901 0.2376 0.3028 0.3760 0.4209 0.4281 0.4119 0.3678 0.2655 0.1828 0.2036 0.2570 0.3268 0.3959 0.4262 0.4252 0.4015 0.3434 0.2250 0.1839 0.2224 0.2248 0.1901 0.1745 0.2619 0.3590 0.4069 0.4262 0.4208 0.3692 0.2934 0.2294 0.1840 0.1894 0.3006 0.3787 0.4155 0.4279 0.4099 0.3446 0.2706 0.2126 0.1753 0.2203 0.3325 0.3943 0.4218 0.4266 0.3928 0.3193 0.2495 0.1977 0.1745 0.2599 0.3576 0.4062 0.4260 0.4213 0.3707 0.2949 0.2305 0.1848 0.1881 0.2985 0.3777 0.4151 0.4278 0.4108 0.3462 0.2721 0.2138 0.2407
0.2792 0.3039 0.3768 0.4213 0.4281 0.4115 0.3668 0.2636 0.1825 0.2042 0.2579 0.3279 0.3967 0.4264 0.4250 0.4009 0.3420 0.2233 0.1813 0.2198 0.2793 0.3524 0.4114 0.4286 0.4197 0.3867 0.3077 0.1954 0.1898 0.2372 0.3023 0.3756 0.4208 0.4282 0.4120 0.3681 0.2661 0.1828 0.2033 0.2566 0.3264 0.3956 0.4262 0.4253 0.4017 0.3438 0.2256 0.1814 0.2229 0.2658 0.2558 0.2355 0.2331 0.3341 0.3970 0.4234 0.4275 0.3998 0.3307 0.2595 0.2052 0.1826 0.2623 0.3613 0.4083 0.4272 0.4232 0.3802 0.3062 0.2398 0.1914 0.1939 0.3019 0.3808 0.4168 0.4287 0.4148 0.3569 0.2828 0.2220 0.1820 0.2201 0.3347 0.3961 0.4231 0.4276 0.4009 0.3322 0.2609 0.2061 0.1823 0.2597 0.3600 0.4077 0.4271 0.4235 0.3815 0.3077 0.2410 0.1924 0.2544
0.3256 0.3770 0.4209 0.4282 0.4117 0.3673 0.2641 0.1826 0.2040 0.2576 0.3275 0.3963 0.4263 0.4251 0.4013 0.3426 0.2238 0.1812 0.2195 0.2790 0.3519 0.4112 0.4286 0.4199 0.3871 0.3083 0.1957 0.1896 0.2370 0.3019 0.3752 0.4206 0.4282 0.4123 0.3686 0.2668 0.1830 0.2031 0.2563 0.3260 0.3952 0.4261 0.4254 0.4020 0.3443 0.2261 0.1810 0.2189 0.2799 0.3430 0.3774 0.4297 0.3463 0.3982 0.4252 0.4264 0.3974 0.3299 0.2599 0.2058 0.1835 0.2635 0.3669 0.4116 0.4281 0.4212 0.3783 0.3059 0.2403 0.1921 0.1950 0.3051 0.3859 0.4194 0.4287 0.4124 0.3556 0.2828 0.2226 0.1828 0.2214 0.3403 0.4003 0.4248 0.4266 0.3985 0.3315 0.2612 0.2068 0.1833 0.2610 0.3656 0.4111 0.4280 0.4216 0.3795 0.3073 0.2414 0.1928 0.1941 0.3397
0.3814 0.4229 0.4280 0.4116 0.3670 0.2637 0.1839 0.2062 0.2604 0.3304 0.3976 0.4264 0.4251 0.4011 0.3422 0.2239 0.1829 0.2219 0.2819 0.3545 0.4117 0.4287 0.4198 0.3869 0.3079 0.1965 0.1916 0.2396 0.3049 0.3772 0.4208 0.4282 0.4122 0.3683 0.2664 0.1843 0.2053 0.2591 0.3289 0.3966 0.4262 0.4254 0.4018 0.3439 0.2260 0.1827 0.2209 0.2810 0.3540 0.4088 0.4270 0.3953 0.3912 0.4253 0.4262 0.3964 0.3278 0.2578 0.2042 0.1825 0.2636 0.3670 0.4116 0.4281 0.4212 0.3768 0.3037 0.2383 0.1906 0.1943 0.3054 0.3859 0.4194 0.4287 0.4120 0.3537 0.2806 0.2207 0.1815 0.2212 0.3404 0.4003 0.4248 0.4266 0.3976 0.3293 0.2591 0.2051 0.1822 0.2611 0.3657 0.4111 0.4280 0.4216 0.3781 0.3051 0.2394 0.1913 0.1932 0.3031 0.4060
0.4170 0.4288 0.4076 0.3600 0.2621 0.1821 0.2042 0.2584 0.3295 0.3995 0.4277 0.4230 0.3960 0.3352 0.2225 0.1810 0.2199 0.2801 0.3544 0.4141 0.4288 0.4168 0.3808 0.3031 0.1949 0.1897 0.2375 0.3034 0.3781 0.4230 0.4272 0.4082 0.3614 0.2647 0.1825 0.2033 0.2571 0.3280 0.3984 0.4275 0.4233 0.3968 0.3368 0.2247 0.1808 0.2189 0.2787 0.3529 0.4135 0.4287 0.4174 0.3938 0.4243 0.4262 0.3965 0.3281 0.2581 0.2044 0.1824 0.2630 0.3665 0.4114 0.4280 0.4213 0.3772 0.3041 0.2386 0.1908 0.1940 0.3048 0.3855 0.4192 0.4287 0.4123 0.3542 0.2810 0.2210 0.1816 0.2206 0.3398 0.4000 0.4247 0.4267 0.3980 0.3298 0.2594 0.2053 0.1821 0.2605 0.3652 0.4108 0.4279 0.4217 0.3785 0.3055 0.2397 0.1915 0.1930 0.3024 0.3846 0.4284
0.4251 0.4194 0.3860 0.3159 0.2018 0.1795 0.2219 0.2832 0.3587 0.4168 0.4274 0.4111 0.3685 0.2802 0.1802 0.1911 0.2398 0.3070 0.3823 0.4246 0.4243 0.4009 0.3460 0.2404 0.1740 0.2050 0.2599 0.3320 0.4022 0.4278 0.4191 0.3872 0.3179 0.2037 0.1790 0.2208 0.2819 0.3572 0.4162 0.4275 0.4117 0.3696 0.2825 0.1810 0.1902 0.2384 0.3051 0.3804 0.4242 0.4238 0.4053 0.4223 0.4262 0.3961 0.3281 0.2583 0.2046 0.1823 0.2623 0.3662 0.4112 0.4280 0.4214 0.3776 0.3045 0.2390 0.1910 0.1938 0.3042 0.3852 0.4191 0.4287 0.4125 0.3546 0.2814 0.2213 0.1817 0.2201 0.3394 0.3998 0.4246 0.4267 0.3983 0.3302 0.2598 0.2056 0.1821 0.2598 0.3649 0.4107 0.4279 0.4218 0.3789 0.3059 0.2401 0.1918 0.1927 0.3018 0.3843 0.4198 0.4274
