0.4284 0.4255 0.3900 0.3050 0.2453 0.2576 0.2939 0.3443 0.3945 0.4224 0.4305 0.4174 0.3728 0.2786 0.2438 0.2660 0.3068 0.3594 0.4049 0.4264 0.4292 0.4091 0.3499 0.2594 0.2470 0.2758 0.3208 0.3740 0.4131 0.4291 0.4262 0.3980 0.3216 0.2486 0.2533 0.2869 0.3355 0.3875 0.4194 0.4304 0.4212 0.3833 0.2932 0.2441 0.2610 0.2992 0.3506 0.3992 0.4245 0.4288 0.4159 0.4288 0.4245 0.3992 0.3506 0.2992 0.2610 0.2441 0.2932 0.3833 0.4212 0.4304 0.4194 0.3875 0.3355 0.2869 0.2533 0.2486 0.3216 0.3980 0.4262 0.4291 0.4131 0.3740 0.3208 0.2758 0.2470 0.2594 0.3499 0.4091 0.4292 0.4264 0.4049 0.3594 0.3068 0.2660 0.2438 0.2786 0.3728 0.4174 0.4305 0.4224 0.3945 0.3443 0.2939 0.2576 0.2453 0.3050 0.3900 0.4255 0.4284
0.4255 0.3640 0.2584 0.1820 0.2058 0.2598 0.3299 0.3985 0.4285 0.4266 0.4010 0.3422 0.2241 0.1813 0.2191 0.2780 0.3507 0.4114 0.4306 0.4218 0.3891 0.3141 0.1991 0.1876 0.2338 0.2975 0.3709 0.4205 0.4305 0.4152 0.3741 0.2792 0.1857 0.1988 0.2499 0.3179 0.3892 0.4263 0.4286 0.4068 0.3553 0.2433 0.1809 0.2113 0.2674 0.3388 0.4044 0.4296 0.4247 0.3913 0.3487 0.3913 0.4247 0.4296 0.4044 0.3388 0.2674 0.2113 0.1809 0.2433 0.3553 0.4068 0.4286 0.4263 0.3892 0.3179 0.2499 0.1988 0.1857 0.2792 0.3741 0.4152 0.4305 0.4205 0.3709 0.2975 0.2338 0.1876 0.1991 0.3141 0.3891 0.4218 0.4306 0.4114 0.3507 0.2780 0.2191 0.1813 0.2241 0.3422 0.4010 0.4266 0.4285 0.3985 0.3299 0.2598 0.2058 0.1820 0.2584 0.3640 0.4255
0.3900 0.2584 0.1818 0.2059 0.2599 0.3300 0.3978 0.4264 0.4247 0.4006 0.3417 0.2234 0.1812 0.2192 0.2782 0.3507 0.4103 0.4284 0.4203 0.3888 0.3134 0.1987 0.1877 0.2339 0.2976 0.3708 0.4189 0.4284 0.4142 0.3737 0.2785 0.1854 0.1989 0.2500 0.3180 0.3888 0.4244 0.4265 0.4063 0.3548 0.2425 0.1808 0.2114 0.2675 0.3389 0.4036 0.4275 0.4231 0.3958 0.3245 0.2459 0.3245 0.3958 0.4231 0.4275 0.4036 0.3389 0.2675 0.2114 0.1808 0.2425 0.3548 0.4063 0.4265 0.4244 0.3888 0.3180 0.2500 0.1989 0.1854 0.2785 0.3737 0.4142 0.4284 0.4189 0.3708 0.2976 0.2339 0.1877 0.1987 0.3134 0.3888 0.4203 0.4284 0.4103 0.3507 0.2782 0.2192 0.1812 0.2234 0.3417 0.4006 0.4247 0.4264 0.3978 0.3300 0.2599 0.2059 0.1818 0.2584 0.3900
0.3050 0.1820 0.2059 0.2601 0.3304 0.3982 0.4267 0.4248 0.4004 0.3413 0.2229 0.1813 0.2194 0.2785 0.3512 0.4106 0.4286 0.4203 0.3885 0.3128 0.1984 0.1879 0.2342 0.2980 0.3712 0.4192 0.4285 0.4141 0.3734 0.2778 0.1853 0.1991 0.2503 0.3184 0.3892 0.4246 0.4267 0.4061 0.3545 0.2419 0.1808 0.2116 0.2679 0.3393 0.4040 0.4277 0.4231 0.3959 0.3297 0.2093 0.1732 0.2093 0.3297 0.3959 0.4231 0.4277 0.4040 0.3393 0.2679 0.2116 0.1808 0.2419 0.3545 0.4061 0.4267 0.4246 0.3892 0.3184 0.2503 0.1991 0.1853 0.2778 0.3734 0.4141 0.4285 0.4192 0.3712 0.2980 0.2342 0.1879 0.1984 0.3128 0.3885 0.4203 0.4286 0.4106 0.3512 0.2785 0.2194 0.1813 0.2229 0.3413 0.4004 0.4248 0.4267 0.3982 0.3304 0.2601 0.2059 0.1820 0.3050
0.2453 0.2058 0.2599 0.3304 0.3983 0.4267 0.4247 0.4002 0.3408 0.2224 0.1813 0.2197 0.2788 0.3515 0.4108 0.4286 0.4202 0.3883 0.3122 0.1980 0.1881 0.2344 0.2984 0.3715 0.4193 0.4285 0.4140 0.3731 0.2772 0.1852 0.1993 0.2506 0.3188 0.3895 0.4247 0.4266 0.4059 0.3541 0.2413 0.1807 0.2119 0.2682 0.3396 0.4042 0.4277 0.4230 0.3955 0.3299 0.2105 0.1841 0.2026 0.1841 0.2105 0.3299 0.3955 0.4230 0.4277 0.4042 0.3396 0.2682 0.2119 0.1807 0.2413 0.3541 0.4059 0.4266 0.4247 0.3895 0.3188 0.2506 0.1993 0.1852 0.2772 0.3731 0.4140 0.4285 0.4193 0.3715 0.2984 0.2344 0.1881 0.1980 0.3122 0.3883 0.4202 0.4286 0.4108 0.3515 0.2788 0.2197 0.1813 0.2224 0.3408 0.4002 0.4247 0.4267 0.3983 0.3304 0.2599 0.2058 0.2453
0.2576 0.2598 0.3300 0.3982 0.4267 0.4247 0.4001 0.3404 0.2219 0.1814 0.2199 0.2792 0.3519 0.4110 0.4286 0.4201 0.3881 0.3116 0.1977 0.1883 0.2347 0.2987 0.3718 0.4194 0.4285 0.4139 0.3728 0.2766 0.1850 0.1995 0.2509 0.3191 0.3898 0.4247 0.4265 0.4058 0.3537 0.2407 0.1807 0.2121 0.2685 0.3400 0.4044 0.4278 0.4229 0.3953 0.3293 0.2101 0.1848 0.2278 0.2565 0.2278 0.1848 0.2101 0.3293 0.3953 0.4229 0.4278 0.4044 0.3400 0.2685 0.2121 0.1807 0.2407 0.3537 0.4058 0.4265 0.4247 0.3898 0.3191 0.2509 0.1995 0.1850 0.2766 0.3728 0.4139 0.4285 0.4194 0.3718 0.2987 0.2347 0.1883 0.1977 0.3116 0.3881 0.4201 0.4286 0.4110 0.3519 0.2792 0.2199 0.1814 0.2219 0.3404 0.4001 0.4247 0.4267 0.3982 0.3300 0.2598 0.2576
0.2939 0.3299 0.3978 0.4267 0.4247 0.4001 0.3402 0.2214 0.1814 0.2202 0.2795 0.3522 0.4112 0.4286 0.4200 0.3878 0.3111 0.1974 0.1885 0.2350 0.2991 0.3722 0.4196 0.4284 0.4138 0.3725 0.2760 0.1849 0.1997 0.2512 0.3195 0.3900 0.4248 0.4265 0.4056 0.3534 0.2401 0.1807 0.2123 0.2688 0.3404 0.4046 0.4278 0.4228 0.3951 0.3288 0.2097 0.1835 0.2284 0.2906 0.3279 0.2906 0.2284 0.1835 0.2097 0.3288 0.3951 0.4228 0.4278 0.4046 0.3404 0.2688 0.2123 0.1807 0.2401 0.3534 0.4056 0.4265 0.4248 0.3900 0.3195 0.2512 0.1997 0.1849 0.2760 0.3725 0.4138 0.4284 0.4196 0.3722 0.2991 0.2350 0.1885 0.1974 0.3111 0.3878 0.4200 0.4286 0.4112 0.3522 0.2795 0.2202 0.1814 0.2214 0.3402 0.4001 0.4247 0.4267 0.3978 0.3299 0.2939
0.3443 0.3985 0.4264 0.4248 0.4002 0.3404 0.2214 0.1814 0.2204 0.2798 0.3526 0.4113 0.4286 0.4199 0.3876 0.3105 0.1971 0.1886 0.2352 0.2994 0.3725 0.4197 0.4284 0.4136 0.3722 0.2753 0.1848 0.1999 0.2515 0.3199 0.3903 0.4249 0.4264 0.4055 0.3530 0.2395 0.1807 0.2126 0.2691 0.3407 0.4048 0.4278 0.4228 0.3949 0.3283 0.2092 0.1836 0.2265 0.2905 0.3651 0.3993 0.3651 0.2905 0.2265 0.1836 0.2092 0.3283 0.3949 0.4228 0.4278 0.4048 0.3407 0.2691 0.2126 0.1807 0.2395 0.3530 0.4055 0.4264 0.4249 0.3903 0.3199 0.2515 0.1999 0.1848 0.2753 0.3722 0.4136 0.4284 0.4197 0.3725 0.2994 0.2352 0.1886 0.1971 0.3105 0.3876 0.4199 0.4286 0.4113 0.3526 0.2798 0.2204 0.1814 0.2214 0.3404 0.4002 0.4248 0.4264 0.3985 0.3443
0.3945 0.4285 0.4247 0.4004 0.3408 0.2219 0.1814 0.2204 0.2799 0.3529 0.4115 0.4286 0.4198 0.3873 0.3099 0.1968 0.1888 0.2355 0.2997 0.3728 0.4198 0.4284 0.4135 0.3720 0.2747 0.1846 0.2001 0.2518 0.3202 0.3906 0.4250 0.4264 0.4053 0.3526 0.2389 0.1807 0.2128 0.2695 0.3411 0.4051 0.4279 0.4227 0.3947 0.3278 0.2088 0.1837 0.2268 0.2883 0.3636 0.4182 0.4274 0.4182 0.3636 0.2883 0.2268 0.1837 0.2088 0.3278 0.3947 0.4227 0.4279 0.4051 0.3411 0.2695 0.2128 0.1807 0.2389 0.3526 0.4053 0.4264 0.4250 0.3906 0.3202 0.2518 0.2001 0.1846 0.2747 0.3720 0.4135 0.4284 0.4198 0.3728 0.2997 0.2355 0.1888 0.1968 0.3099 0.3873 0.4198 0.4286 0.4115 0.3529 0.2799 0.2204 0.1814 0.2219 0.3408 0.4004 0.4247 0.4285 0.3945
0.4224 0.4266 0.4006 0.3413 0.2224 0.1814 0.2202 0.2798 0.3529 0.4116 0.4286 0.4197 0.3871 0.3093 0.1965 0.1890 0.2358 0.3001 0.3731 0.4199 0.4284 0.4134 0.3717 0.2741 0.1845 0.2003 0.2521 0.3206 0.3909 0.4250 0.4263 0.4051 0.3522 0.2383 0.1807 0.2130 0.2698 0.3414 0.4053 0.4279 0.4226 0.3945 0.3273 0.2084 0.1839 0.2271 0.2887 0.3618 0.4159 0.4285 0.4199 0.4285 0.4159 0.3618 0.2887 0.2271 0.1839 0.2084 0.3273 0.3945 0.4226 0.4279 0.4053 0.3414 0.2698 0.2130 0.1807 0.2383 0.3522 0.4051 0.4263 0.4250 0.3909 0.3206 0.2521 0.2003 0.1845 0.2741 0.3717 0.4134 0.4284 0.4199 0.3731 0.3001 0.2358 0.1890 0.1965 0.3093 0.3871 0.4197 0.4286 0.4116 0.3529 0.2798 0.2202 0.1814 0.2224 0.3413 0.4006 0.4266 0.4224
0.4305 0.4010 0.3417 0.2229 0.1813 0.2199 0.2795 0.3526 0.4115 0.4286 0.4197 0.3869 0.3087 0.1962 0.1892 0.2361 0.3004 0.3735 0.4200 0.4284 0.4133 0.3714 0.2734 0.1844 0.2005 0.2524 0.3209 0.3912 0.4251 0.4263 0.4050 0.3519 0.2377 0.1807 0.2132 0.2701 0.3418 0.4055 0.4279 0.4225 0.3943 0.3268 0.2080 0.1840 0.2273 0.2891 0.3622 0.4157 0.4288 0.4142 0.3894 0.4142 0.4288 0.4157 0.3622 0.2891 0.2273 0.1840 0.2080 0.3268 0.3943 0.4225 0.4279 0.4055 0.3418 0.2701 0.2132 0.1807 0.2377 0.3519 0.4050 0.4263 0.4251 0.3912 0.3209 0.2524 0.2005 0.1844 0.2734 0.3714 0.4133 0.4284 0.4200 0.3735 0.3004 0.2361 0.1892 0.1962 0.3087 0.3869 0.4197 0.4286 0.4115 0.3526 0.2795 0.2199 0.1813 0.2229 0.3417 0.4010 0.4305
0.4174 0.3422 0.2234 0.1813 0.2197 0.2792 0.3522 0.4113 0.4286 0.4197 0.3869 0.3084 0.1960 0.1894 0.2363 0.3008 0.3738 0.4201 0.4283 0.4131 0.3711 0.2728 0.1842 0.2008 0.2527 0.3213 0.3915 0.4252 0.4262 0.4048 0.3515 0.2372 0.1807 0.2135 0.2704 0.3422 0.4057 0.4280 0.4224 0.3941 0.3263 0.2075 0.1841 0.2276 0.2894 0.3626 0.4159 0.4288 0.4170 0.3747 0.3225 0.3747 0.4170 0.4288 0.4159 0.3626 0.2894 0.2276 0.1841 0.2075 0.3263 0.3941 0.4224 0.4280 0.4057 0.3422 0.2704 0.2135 0.1807 0.2372 0.3515 0.4048 0.4262 0.4252 0.3915 0.3213 0.2527 0.2008 0.1842 0.2728 0.3711 0.4131 0.4283 0.4201 0.3738 0.3008 0.2363 0.1894 0.1960 0.3084 0.3869 0.4197 0.4286 0.4113 0.3522 0.2792 0.2197 0.1813 0.2234 0.3422 0.4174
0.3728 0.2241 0.1812 0.2194 0.2788 0.3519 0.4112 0.4286 0.4198 0.3871 0.3087 0.1960 0.1894 0.2365 0.3011 0.3741 0.4202 0.4283 0.4130 0.3707 0.2722 0.1841 0.2010 0.2530 0.3217 0.3917 0.4252 0.4262 0.4047 0.3511 0.2366 0.1807 0.2137 0.2707 0.3425 0.4059 0.4280 0.4224 0.3939 0.3258 0.2071 0.1842 0.2279 0.2898 0.3630 0.4161 0.4288 0.4170 0.3800 0.2891 0.2082 0.2891 0.3800 0.4170 0.4288 0.4161 0.3630 0.2898 0.2279 0.1842 0.2071 0.3258 0.3939 0.4224 0.4280 0.4059 0.3425 0.2707 0.2137 0.1807 0.2366 0.3511 0.4047 0.4262 0.4252 0.3917 0.3217 0.2530 0.2010 0.1841 0.2722 0.3707 0.4130 0.4283 0.4202 0.3741 0.3011 0.2365 0.1894 0.1960 0.3087 0.3871 0.4198 0.4286 0.4112 0.3519 0.2788 0.2194 0.1812 0.2241 0.3728
0.2786 0.1813 0.2192 0.2785 0.3515 0.4110 0.4286 0.4199 0.3873 0.3093 0.1962 0.1894 0.2365 0.3013 0.3744 0.4203 0.4283 0.4129 0.3704 0.2716 0.1840 0.2012 0.2533 0.3220 0.3920 0.4253 0.4261 0.4045 0.3507 0.2360 0.1807 0.2139 0.2711 0.3429 0.4061 0.4280 0.4223 0.3936 0.3253 0.2067 0.1843 0.2281 0.2901 0.3633 0.4162 0.4287 0.4168 0.3800 0.2913 0.1887 0.1776 0.1887 0.2913 0.3800 0.4168 0.4287 0.4162 0.3633 0.2901 0.2281 0.1843 0.2067 0.3253 0.3936 0.4223 0.4280 0.4061 0.3429 0.2711 0.2139 0.1807 0.2360 0.3507 0.4045 0.4261 0.4253 0.3920 0.3220 0.2533 0.2012 0.1840 0.2716 0.3704 0.4129 0.4283 0.4203 0.3744 0.3013 0.2365 0.1894 0.1962 0.3093 0.3873 0.4199 0.4286 0.4110 0.3515 0.2785 0.2192 0.1813 0.2786
0.2438 0.2191 0.2782 0.3512 0.4108 0.4286 0.4200 0.3876 0.3099 0.1965 0.1892 0.2363 0.3011 0.3744 0.4204 0.4283 0.4127 0.3701 0.2709 0.1839 0.2014 0.2536 0.3224 0.3923 0.4254 0.4261 0.4043 0.3503 0.2354 0.1807 0.2142 0.2714 0.3432 0.4063 0.4281 0.4222 0.3934 0.3248 0.2063 0.1845 0.2284 0.2904 0.3637 0.4164 0.4287 0.4167 0.3796 0.2915 0.1897 0.1958 0.2180 0.1958 0.1897 0.2915 0.3796 0.4167 0.4287 0.4164 0.3637 0.2904 0.2284 0.1845 0.2063 0.3248 0.3934 0.4222 0.4281 0.4063 0.3432 0.2714 0.2142 0.1807 0.2354 0.3503 0.4043 0.4261 0.4254 0.3923 0.3224 0.2536 0.2014 0.1839 0.2709 0.3701 0.4127 0.4283 0.4204 0.3744 0.3011 0.2363 0.1892 0.1965 0.3099 0.3876 0.4200 0.4286 0.4108 0.3512 0.2782 0.2191 0.2438
0.2660 0.2780 0.3507 0.4106 0.4286 0.4201 0.3878 0.3105 0.1968 0.1890 0.2361 0.3008 0.3741 0.4203 0.4283 0.4127 0.3699 0.2703 0.1838 0.2016 0.2539 0.3227 0.3926 0.4254 0.4260 0.4042 0.3499 0.2348 0.1807 0.2144 0.2717 0.3436 0.4065 0.4281 0.4221 0.3932 0.3243 0.2059 0.1846 0.2286 0.2908 0.3640 0.4165 0.4287 0.4166 0.3793 0.2909 0.1888 0.1965 0.2462 0.2781 0.2462 0.1965 0.1888 0.2909 0.3793 0.4166 0.4287 0.4165 0.3640 0.2908 0.2286 0.1846 0.2059 0.3243 0.3932 0.4221 0.4281 0.4065 0.3436 0.2717 0.2144 0.1807 0.2348 0.3499 0.4042 0.4260 0.4254 0.3926 0.3227 0.2539 0.2016 0.1838 0.2703 0.3699 0.4127 0.4283 0.4203 0.3741 0.3008 0.2361 0.1890 0.1968 0.3105 0.3878 0.4201 0.4286 0.4106 0.3507 0.2780 0.2660
0.3068 0.3507 0.4103 0.4286 0.4202 0.3881 0.3111 0.1971 0.1888 0.2358 0.3004 0.3738 0.4202 0.4283 0.4127 0.3699 0.2700 0.1837 0.2018 0.2542 0.3231 0.3928 0.4255 0.4260 0.4040 0.3496 0.2342 0.1807 0.2146 0.2720 0.3440 0.4067 0.4281 0.4220 0.3930 0.3238 0.2055 0.1847 0.2289 0.2911 0.3644 0.4166 0.4287 0.4165 0.3791 0.2903 0.1887 0.1949 0.2467 0.3144 0.3530 0.3144 0.2467 0.1949 0.1887 0.2903 0.3791 0.4165 0.4287 0.4166 0.3644 0.2911 0.2289 0.1847 0.2055 0.3238 0.3930 0.4220 0.4281 0.4067 0.3440 0.2720 0.2146 0.1807 0.2342 0.3496 0.4040 0.4260 0.4255 0.3928 0.3231 0.2542 0.2018 0.1837 0.2700 0.3699 0.4127 0.4283 0.4202 0.3738 0.3004 0.2358 0.1888 0.1971 0.3111 0.3881 0.4202 0.4286 0.4103 0.3507 0.3068
0.3594 0.4114 0.4284 0.4203 0.3883 0.3116 0.1974 0.1886 0.2355 0.3001 0.3735 0.4201 0.4283 0.4129 0.3701 0.2703 0.1837 0.2019 0.2544 0.3234 0.3931 0.4255 0.4259 0.4038 0.3492 0.2336 0.1807 0.2149 0.2723 0.3443 0.4070 0.4281 0.4219 0.3928 0.3233 0.2051 0.1849 0.2291 0.2915 0.3647 0.4168 0.4287 0.4163 0.3788 0.2896 0.1885 0.1952 0.2447 0.3139 0.3873 0.4143 0.3873 0.3139 0.2447 0.1952 0.1885 0.2896 0.3788 0.4163 0.4287 0.4168 0.3647 0.2915 0.2291 0.1849 0.2051 0.3233 0.3928 0.4219 0.4281 0.4070 0.3443 0.2723 0.2149 0.1807 0.2336 0.3492 0.4038 0.4259 0.4255 0.3931 0.3234 0.2544 0.2019 0.1837 0.2703 0.3701 0.4129 0.4283 0.4201 0.3735 0.3001 0.2355 0.1886 0.1974 0.3116 0.3883 0.4203 0.4284 0.4114 0.3594
0.4049 0.4306 0.4203 0.3885 0.3122 0.1977 0.1885 0.2352 0.2997 0.3731 0.4200 0.4283 0.4130 0.3704 0.2709 0.1838 0.2018 0.2544 0.3236 0.3933 0.4256 0.4259 0.4037 0.3488 0.2331 0.1807 0.2151 0.2727 0.3447 0.4072 0.4282 0.4219 0.3926 0.3227 0.2047 0.1850 0.2294 0.2918 0.3651 0.4169 0.4287 0.4162 0.3785 0.2890 0.1883 0.1954 0.2450 0.3117 0.3852 0.4250 0.4276 0.4250 0.3852 0.3117 0.2450 0.1954 0.1883 0.2890 0.3785 0.4162 0.4287 0.4169 0.3651 0.2918 0.2294 0.1850 0.2047 0.3227 0.3926 0.4219 0.4282 0.4072 0.3447 0.2727 0.2151 0.1807 0.2331 0.3488 0.4037 0.4259 0.4256 0.3933 0.3236 0.2544 0.2018 0.1838 0.2709 0.3704 0.4130 0.4283 0.4200 0.3731 0.2997 0.2352 0.1885 0.1977 0.3122 0.3885 0.4203 0.4306 0.4049
0.4264 0.4218 0.3888 0.3128 0.1980 0.1883 0.2350 0.2994 0.3728 0.4199 0.4284 0.4131 0.3707 0.2716 0.1839 0.2016 0.2542 0.3234 0.3933 0.4257 0.4258 0.4035 0.3484 0.2325 0.1807 0.2154 0.2730 0.3450 0.4074 0.4282 0.4218 0.3924 0.3222 0.2043 0.1852 0.2297 0.2922 0.3654 0.4170 0.4287 0.4161 0.3782 0.2884 0.1881 0.1956 0.2453 0.3121 0.3839 0.4233 0.4262 0.4129 0.4262 0.4233 0.3839 0.3121 0.2453 0.1956 0.1881 0.2884 0.3782 0.4161 0.4287 0.4170 0.3654 0.2922 0.2297 0.1852 0.2043 0.3222 0.3924 0.4218 0.4282 0.4074 0.3450 0.2730 0.2154 0.1807 0.2325 0.3484 0.4035 0.4258 0.4257 0.3933 0.3234 0.2542 0.2016 0.1839 0.2716 0.3707 0.4131 0.4284 0.4199 0.3728 0.2994 0.2350 0.1883 0.1980 0.3128 0.3888 0.4218 0.4264
0.4292 0.3891 0.3134 0.1984 0.1881 0.2347 0.2991 0.3725 0.4198 0.4284 0.4133 0.3711 0.2722 0.1840 0.2014 0.2539 0.3231 0.3931 0.4256 0.4258 0.4034 0.3480 0.2319 0.1808 0.2156 0.2733 0.3454 0.4076 0.4282 0.4217 0.3921 0.3217 0.2040 0.1853 0.2299 0.2925 0.3657 0.4172 0.4287 0.4160 0.3780 0.2878 0.1879 0.1958 0.2456 0.3126 0.3843 0.4233 0.4274 0.4048 0.3726 0.4048 0.4274 0.4233 0.3843 0.3126 0.2456 0.1958 0.1879 0.2878 0.3780 0.4160 0.4287 0.4172 0.3657 0.2925 0.2299 0.1853 0.2040 0.3217 0.3921 0.4217 0.4282 0.4076 0.3454 0.2733 0.2156 0.1808 0.2319 0.3480 0.4034 0.4258 0.4256 0.3931 0.3231 0.2539 0.2014 0.1840 0.2722 0.3711 0.4133 0.4284 0.4198 0.3725 0.2991 0.2347 0.1881 0.1984 0.3134 0.3891 0.4292
0.4091 0.3141 0.1987 0.1879 0.2344 0.2987 0.3722 0.4197 0.4284 0.4134 0.3714 0.2728 0.1841 0.2012 0.2536 0.3227 0.3928 0.4255 0.4259 0.4035 0.3480 0.2316 0.1808 0.2158 0.2736 0.3458 0.4078 0.4282 0.4216 0.3919 0.3212 0.2036 0.1854 0.2302 0.2928 0.3661 0.4173 0.4287 0.4159 0.3777 0.2872 0.1877 0.1960 0.2459 0.3129 0.3847 0.4234 0.4273 0.4084 0.3536 0.2883 0.3536 0.4084 0.4273 0.4234 0.3847 0.3129 0.2459 0.1960 0.1877 0.2872 0.3777 0.4159 0.4287 0.4173 0.3661 0.2928 0.2302 0.1854 0.2036 0.3212 0.3919 0.4216 0.4282 0.4078 0.3458 0.2736 0.2158 0.1808 0.2316 0.3480 0.4035 0.4259 0.4255 0.3928 0.3227 0.2536 0.2012 0.1841 0.2728 0.3714 0.4134 0.4284 0.4197 0.3722 0.2987 0.2344 0.1879 0.1987 0.3141 0.4091
0.3499 0.1991 0.1877 0.2342 0.2984 0.3718 0.4196 0.4284 0.4135 0.3717 0.2734 0.1842 0.2010 0.2533 0.3224 0.3926 0.4255 0.4259 0.4037 0.3484 0.2319 0.1808 0.2159 0.2739 0.3461 0.4080 0.4283 0.4215 0.3917 0.3206 0.2032 0.1856 0.2305 0.2932 0.3664 0.4174 0.4287 0.4158 0.3774 0.2866 0.1875 0.1962 0.2462 0.3133 0.3850 0.4235 0.4273 0.4084 0.3593 0.2482 0.1827 0.2482 0.3593 0.4084 0.4273 0.4235 0.3850 0.3133 0.2462 0.1962 0.1875 0.2866 0.3774 0.4158 0.4287 0.4174 0.3664 0.2932 0.2305 0.1856 0.2032 0.3206 0.3917 0.4215 0.4283 0.4080 0.3461 0.2739 0.2159 0.1808 0.2319 0.3484 0.4037 0.4259 0.4255 0.3926 0.3224 0.2533 0.2010 0.1842 0.2734 0.3717 0.4135 0.4284 0.4196 0.3718 0.2984 0.2342 0.1877 0.1991 0.3499
0.2594 0.1876 0.2339 0.2980 0.3715 0.4194 0.4284 0.4136 0.3720 0.2741 0.1844 0.2008 0.2530 0.3220 0.3923 0.4254 0.4260 0.4038 0.3488 0.2325 0.1808 0.2158 0.2739 0.3462 0.4081 0.4283 0.4214 0.3915 0.3201 0.2028 0.1857 0.2307 0.2935 0.3668 0.4176 0.4287 0.4157 0.3771 0.2859 0.1874 0.1964 0.2465 0.3136 0.3853 0.4236 0.4272 0.4081 0.3594 0.2494 0.1813 0.1882 0.1813 0.2494 0.3594 0.4081 0.4272 0.4236 0.3853 0.3136 0.2465 0.1964 0.1874 0.2859 0.3771 0.4157 0.4287 0.4176 0.3668 0.2935 0.2307 0.1857 0.2028 0.3201 0.3915 0.4214 0.4283 0.4081 0.3462 0.2739 0.2158 0.1808 0.2325 0.3488 0.4038 0.4260 0.4254 0.3923 0.3220 0.2530 0.2008 0.1844 0.2741 0.3720 0.4136 0.4284 0.4194 0.3715 0.2980 0.2339 0.1876 0.2594
0.2470 0.2338 0.2976 0.3712 0.4193 0.4285 0.4138 0.3722 0.2747 0.1845 0.2005 0.2527 0.3217 0.3920 0.4254 0.4260 0.4040 0.3492 0.2331 0.1807 0.2156 0.2736 0.3461 0.4081 0.4283 0.4214 0.3913 0.3195 0.2025 0.1859 0.2310 0.2939 0.3671 0.4177 0.4287 0.4156 0.3769 0.2853 0.1872 0.1966 0.2468 0.3140 0.3856 0.4237 0.4272 0.4080 0.3589 0.2495 0.1822 0.2103 0.2355 0.2103 0.1822 0.2495 0.3589 0.4080 0.4272 0.4237 0.3856 0.3140 0.2468 0.1966 0.1872 0.2853 0.3769 0.4156 0.4287 0.4177 0.3671 0.2939 0.2310 0.1859 0.2025 0.3195 0.3913 0.4214 0.4283 0.4081 0.3461 0.2736 0.2156 0.1807 0.2331 0.3492 0.4040 0.4260 0.4254 0.3920 0.3217 0.2527 0.2005 0.1845 0.2747 0.3722 0.4138 0.4285 0.4193 0.3712 0.2976 0.2338 0.2470
0.2758 0.2975 0.3708 0.4192 0.4285 0.4139 0.3725 0.2753 0.1846 0.2003 0.2524 0.3213 0.3917 0.4253 0.4261 0.4042 0.3496 0.2336 0.1807 0.2154 0.2733 0.3458 0.4080 0.4283 0.4214 0.3911 0.3191 0.2021 0.1860 0.2312 0.2942 0.3674 0.4178 0.4287 0.4154 0.3766 0.2847 0.1870 0.1968 0.2470 0.3144 0.3859 0.4237 0.4271 0.4078 0.3586 0.2488 0.1811 0.2109 0.2667 0.3015 0.2667 0.2109 0.1811 0.2488 0.3586 0.4078 0.4271 0.4237 0.3859 0.3144 0.2470 0.1968 0.1870 0.2847 0.3766 0.4154 0.4287 0.4178 0.3674 0.2942 0.2312 0.1860 0.2021 0.3191 0.3911 0.4214 0.4283 0.4080 0.3458 0.2733 0.2154 0.1807 0.2336 0.3496 0.4042 0.4261 0.4253 0.3917 0.3213 0.2524 0.2003 0.1846 0.2753 0.3725 0.4139 0.4285 0.4192 0.3708 0.2975 0.2758
0.3208 0.3709 0.4189 0.4285 0.4140 0.3728 0.2760 0.1848 0.2001 0.2521 0.3209 0.3915 0.4252 0.4261 0.4043 0.3499 0.2342 0.1807 0.2151 0.2730 0.3454 0.4078 0.4283 0.4214 0.3913 0.3191 0.2019 0.1862 0.2315 0.2946 0.3678 0.4180 0.4286 0.4153 0.3763 0.2841 0.1868 0.1970 0.2473 0.3147 0.3862 0.4238 0.4271 0.4077 0.3582 0.2482 0.1810 0.2092 0.2670 0.3391 0.3772 0.3391 0.2670 0.2092 0.1810 0.2482 0.3582 0.4077 0.4271 0.4238 0.3862 0.3147 0.2473 0.1970 0.1868 0.2841 0.3763 0.4153 0.4286 0.4180 0.3678 0.2946 0.2315 0.1862 0.2019 0.3191 0.3913 0.4214 0.4283 0.4078 0.3454 0.2730 0.2151 0.1807 0.2342 0.3499 0.4043 0.4261 0.4252 0.3915 0.3209 0.2521 0.2001 0.1848 0.2760 0.3728 0.4140 0.4285 0.4189 0.3709 0.3208
0.3740 0.4205 0.4284 0.4141 0.3731 0.2766 0.1849 0.1999 0.2518 0.3206 0.3912 0.4252 0.4262 0.4045 0.3503 0.2348 0.1807 0.2149 0.2727 0.3450 0.4076 0.4282 0.4215 0.3915 0.3195 0.2021 0.1862 0.2316 0.2948 0.3681 0.4181 0.4286 0.4152 0.3760 0.2835 0.1867 0.1972 0.2476 0.3151 0.3865 0.4239 0.4270 0.4075 0.3579 0.2476 0.1810 0.2095 0.2648 0.3382 0.4053 0.4232 0.4053 0.3382 0.2648 0.2095 0.1810 0.2476 0.3579 0.4075 0.4270 0.4239 0.3865 0.3151 0.2476 0.1972 0.1867 0.2835 0.3760 0.4152 0.4286 0.4181 0.3681 0.2948 0.2316 0.1862 0.2021 0.3195 0.3915 0.4215 0.4282 0.4076 0.3450 0.2727 0.2149 0.1807 0.2348 0.3503 0.4045 0.4262 0.4252 0.3912 0.3206 0.2518 0.1999 0.1849 0.2766 0.3731 0.4141 0.4284 0.4205 0.3740
0.4131 0.4305 0.4142 0.3734 0.2772 0.1850 0.1997 0.2515 0.3202 0.3909 0.4251 0.4262 0.4047 0.3507 0.2354 0.1807 0.2146 0.2723 0.3447 0.4074 0.4282 0.4216 0.3917 0.3201 0.2025 0.1860 0.2315 0.2948 0.3682 0.4182 0.4286 0.4151 0.3757 0.2828 0.1865 0.1974 0.2479 0.3154 0.3868 0.4240 0.4270 0.4074 0.3575 0.2470 0.1810 0.2097 0.2652 0.3361 0.4029 0.4282 0.4251 0.4282 0.4029 0.3361 0.2652 0.2097 0.1810 0.2470 0.3575 0.4074 0.4270 0.4240 0.3868 0.3154 0.2479 0.1974 0.1865 0.2828 0.3757 0.4151 0.4286 0.4182 0.3682 0.2948 0.2315 0.1860 0.2025 0.3201 0.3917 0.4216 0.4282 0.4074 0.3447 0.2723 0.2146 0.1807 0.2354 0.3507 0.4047 0.4262 0.4251 0.3909 0.3202 0.2515 0.1997 0.1850 0.2772 0.3734 0.4142 0.4305 0.4131
0.4291 0.4152 0.3737 0.2778 0.1852 0.1995 0.2512 0.3199 0.3906 0.4250 0.4263 0.4048 0.3511 0.2360 0.1807 0.2144 0.2720 0.3443 0.4072 0.4282 0.4217 0.3919 0.3206 0.2028 0.1859 0.2312 0.2946 0.3681 0.4182 0.4286 0.4150 0.3755 0.2822 0.1863 0.1976 0.2482 0.3158 0.3871 0.4241 0.4270 0.4072 0.3571 0.2464 0.1809 0.2100 0.2656 0.3366 0.4022 0.4275 0.4216 0.4033 0.4216 0.4275 0.4022 0.3366 0.2656 0.2100 0.1809 0.2464 0.3571 0.4072 0.4270 0.4241 0.3871 0.3158 0.2482 0.1976 0.1863 0.2822 0.3755 0.4150 0.4286 0.4182 0.3681 0.2946 0.2312 0.1859 0.2028 0.3206 0.3919 0.4217 0.4282 0.4072 0.3443 0.2720 0.2144 0.1807 0.2360 0.3511 0.4048 0.4263 0.4250 0.3906 0.3199 0.2512 0.1995 0.1852 0.2778 0.3737 0.4152 0.4291
0.4262 0.3741 0.2785 0.1853 0.1993 0.2509 0.3195 0.3903 0.4250 0.4263 0.4050 0.3515 0.2366 0.1807 0.2142 0.2717 0.3440 0.4070 0.4282 0.4218 0.3921 0.3212 0.2032 0.1857 0.2310 0.2942 0.3678 0.4181 0.4286 0.4150 0.3753 0.2817 0.1862 0.1978 0.2485 0.3161 0.3873 0.4241 0.4269 0.4071 0.3568 0.2458 0.1809 0.2102 0.2659 0.3370 0.4025 0.4274 0.4235 0.3923 0.3512 0.3923 0.4235 0.4274 0.4025 0.3370 0.2659 0.2102 0.1809 0.2458 0.3568 0.4071 0.4269 0.4241 0.3873 0.3161 0.2485 0.1978 0.1862 0.2817 0.3753 0.4150 0.4286 0.4181 0.3678 0.2942 0.2310 0.1857 0.2032 0.3212 0.3921 0.4218 0.4282 0.4070 0.3440 0.2717 0.2142 0.1807 0.2366 0.3515 0.4050 0.4263 0.4250 0.3903 0.3195 0.2509 0.1993 0.1853 0.2785 0.3741 0.4262
0.3980 0.2792 0.1854 0.1991 0.2506 0.3191 0.3900 0.4249 0.4264 0.4051 0.3519 0.2372 0.1807 0.2139 0.2714 0.3436 0.4067 0.4281 0.4219 0.3924 0.3217 0.2036 0.1856 0.2307 0.2939 0.3674 0.4180 0.4286 0.4151 0.3755 0.2817 0.1861 0.1980 0.2487 0.3165 0.3876 0.4242 0.4269 0.4069 0.3564 0.2452 0.1809 0.2104 0.2662 0.3373 0.4028 0.4275 0.4235 0.3967 0.3266 0.2488 0.3266 0.3967 0.4235 0.4275 0.4028 0.3373 0.2662 0.2104 0.1809 0.2452 0.3564 0.4069 0.4269 0.4242 0.3876 0.3165 0.2487 0.1980 0.1861 0.2817 0.3755 0.4151 0.4286 0.4180 0.3674 0.2939 0.2307 0.1856 0.2036 0.3217 0.3924 0.4219 0.4281 0.4067 0.3436 0.2714 0.2139 0.1807 0.2372 0.3519 0.4051 0.4264 0.4249 0.3900 0.3191 0.2506 0.1991 0.1854 0.2792 0.3980
0.3216 0.1857 0.1989 0.2503 0.3188 0.3898 0.4248 0.4264 0.4053 0.3522 0.2377 0.1807 0.2137 0.2711 0.3432 0.4065 0.4281 0.4219 0.3926 0.3222 0.2040 0.1854 0.2305 0.2935 0.3671 0.4178 0.4286 0.4152 0.3757 0.2822 0.1862 0.1980 0.2489 0.3168 0.3879 0.4243 0.4268 0.4068 0.3561 0.2445 0.1809 0.2106 0.2665 0.3377 0.4030 0.4275 0.4234 0.3967 0.3318 0.2112 0.1734 0.2112 0.3318 0.3967 0.4234 0.4275 0.4030 0.3377 0.2665 0.2106 0.1809 0.2445 0.3561 0.4068 0.4268 0.4243 0.3879 0.3168 0.2489 0.1980 0.1862 0.2822 0.3757 0.4152 0.4286 0.4178 0.3671 0.2935 0.2305 0.1854 0.2040 0.3222 0.3926 0.4219 0.4281 0.4065 0.3432 0.2711 0.2137 0.1807 0.2377 0.3522 0.4053 0.4264 0.4248 0.3898 0.3188 0.2503 0.1989 0.1857 0.3216
0.2486 0.1988 0.2500 0.3184 0.3895 0.4247 0.4265 0.4055 0.3526 0.2383 0.1807 0.2135 0.2707 0.3429 0.4063 0.4281 0.4220 0.3928 0.3227 0.2043 0.1853 0.2302 0.2932 0.3668 0.4177 0.4287 0.4153 0.3760 0.2828 0.1863 0.1978 0.2487 0.3168 0.3880 0.4243 0.4268 0.4066 0.3557 0.2439 0.1808 0.2109 0.2668 0.3381 0.4032 0.4276 0.4233 0.3964 0.3319 0.2124 0.1836 0.2017 0.1836 0.2124 0.3319 0.3964 0.4233 0.4276 0.4032 0.3381 0.2668 0.2109 0.1808 0.2439 0.3557 0.4066 0.4268 0.4243 0.3880 0.3168 0.2487 0.1978 0.1863 0.2828 0.3760 0.4153 0.4287 0.4177 0.3668 0.2932 0.2302 0.1853 0.2043 0.3227 0.3928 0.4220 0.4281 0.4063 0.3429 0.2707 0.2135 0.1807 0.2383 0.3526 0.4055 0.4265 0.4247 0.3895 0.3184 0.2500 0.1988 0.2486
0.2533 0.2499 0.3180 0.3892 0.4247 0.4265 0.4056 0.3530 0.2389 0.1807 0.2132 0.2704 0.3425 0.4061 0.4281 0.4221 0.3930 0.3233 0.2047 0.1852 0.2299 0.2928 0.3664 0.4176 0.4287 0.4154 0.3763 0.2835 0.1865 0.1976 0.2485 0.3165 0.3879 0.4243 0.4268 0.4065 0.3553 0.2433 0.1808 0.2111 0.2671 0.3384 0.4034 0.4276 0.4232 0.3962 0.3314 0.2120 0.1844 0.2267 0.2551 0.2267 0.1844 0.2120 0.3314 0.3962 0.4232 0.4276 0.4034 0.3384 0.2671 0.2111 0.1808 0.2433 0.3553 0.4065 0.4268 0.4243 0.3879 0.3165 0.2485 0.1976 0.1865 0.2835 0.3763 0.4154 0.4287 0.4176 0.3664 0.2928 0.2299 0.1852 0.2047 0.3233 0.3930 0.4221 0.4281 0.4061 0.3425 0.2704 0.2132 0.1807 0.2389 0.3530 0.4056 0.4265 0.4247 0.3892 0.3180 0.2499 0.2533
0.2869 0.3179 0.3888 0.4246 0.4266 0.4058 0.3534 0.2395 0.1807 0.2130 0.2701 0.3422 0.4059 0.4280 0.4222 0.3932 0.3238 0.2051 0.1850 0.2297 0.2925 0.3661 0.4174 0.4287 0.4156 0.3766 0.2841 0.1867 0.1974 0.2482 0.3161 0.3876 0.4243 0.4268 0.4065 0.3552 0.2428 0.1808 0.2113 0.2675 0.3388 0.4037 0.4277 0.4232 0.3960 0.3309 0.2116 0.1830 0.2273 0.2891 0.3263 0.2891 0.2273 0.1830 0.2116 0.3309 0.3960 0.4232 0.4277 0.4037 0.3388 0.2675 0.2113 0.1808 0.2428 0.3552 0.4065 0.4268 0.4243 0.3876 0.3161 0.2482 0.1974 0.1867 0.2841 0.3766 0.4156 0.4287 0.4174 0.3661 0.2925 0.2297 0.1850 0.2051 0.3238 0.3932 0.4222 0.4280 0.4059 0.3422 0.2701 0.2130 0.1807 0.2395 0.3534 0.4058 0.4266 0.4246 0.3888 0.3179 0.2869
0.3355 0.3892 0.4244 0.4267 0.4059 0.3537 0.2401 0.1807 0.2128 0.2698 0.3418 0.4057 0.4280 0.4223 0.3934 0.3243 0.2055 0.1849 0.2294 0.2922 0.3657 0.4173 0.4287 0.4157 0.3769 0.2847 0.1868 0.1972 0.2479 0.3158 0.3873 0.4242 0.4268 0.4066 0.3553 0.2428 0.1807 0.2115 0.2677 0.3391 0.4039 0.4277 0.4231 0.3958 0.3304 0.2111 0.1831 0.2254 0.2891 0.3636 0.3981 0.3636 0.2891 0.2254 0.1831 0.2111 0.3304 0.3958 0.4231 0.4277 0.4039 0.3391 0.2677 0.2115 0.1807 0.2428 0.3553 0.4066 0.4268 0.4242 0.3873 0.3158 0.2479 0.1972 0.1868 0.2847 0.3769 0.4157 0.4287 0.4173 0.3657 0.2922 0.2294 0.1849 0.2055 0.3243 0.3934 0.4223 0.4280 0.4057 0.3418 0.2698 0.2128 0.1807 0.2401 0.3537 0.4059 0.4267 0.4244 0.3892 0.3355
0.3875 0.4263 0.4265 0.4061 0.3541 0.2407 0.1807 0.2126 0.2695 0.3414 0.4055 0.4280 0.4224 0.3936 0.3248 0.2059 0.1847 0.2291 0.2918 0.3654 0.4172 0.4287 0.4158 0.3771 0.2853 0.1870 0.1970 0.2476 0.3154 0.3871 0.4241 0.4269 0.4068 0.3557 0.2433 0.1808 0.2115 0.2679 0.3394 0.4041 0.4277 0.4230 0.3956 0.3299 0.2107 0.1833 0.2257 0.2868 0.3621 0.4176 0.4273 0.4176 0.3621 0.2868 0.2257 0.1833 0.2107 0.3299 0.3956 0.4230 0.4277 0.4041 0.3394 0.2679 0.2115 0.1808 0.2433 0.3557 0.4068 0.4269 0.4241 0.3871 0.3154 0.2476 0.1970 0.1870 0.2853 0.3771 0.4158 0.4287 0.4172 0.3654 0.2918 0.2291 0.1847 0.2059 0.3248 0.3936 0.4224 0.4280 0.4055 0.3414 0.2695 0.2126 0.1807 0.2407 0.3541 0.4061 0.4265 0.4263 0.3875
0.4194 0.4286 0.4063 0.3545 0.2413 0.1807 0.2123 0.2691 0.3411 0.4053 0.4279 0.4224 0.3939 0.3253 0.2063 0.1846 0.2289 0.2915 0.3651 0.4170 0.4287 0.4159 0.3774 0.2859 0.1872 0.1968 0.2473 0.3151 0.3868 0.4241 0.4269 0.4069 0.3561 0.2439 0.1808 0.2113 0.2677 0.3394 0.4042 0.4278 0.4229 0.3954 0.3294 0.2103 0.1834 0.2260 0.2872 0.3603 0.4153 0.4286 0.4203 0.4286 0.4153 0.3603 0.2872 0.2260 0.1834 0.2103 0.3294 0.3954 0.4229 0.4278 0.4042 0.3394 0.2677 0.2113 0.1808 0.2439 0.3561 0.4069 0.4269 0.4241 0.3868 0.3151 0.2473 0.1968 0.1872 0.2859 0.3774 0.4159 0.4287 0.4170 0.3651 0.2915 0.2289 0.1846 0.2063 0.3253 0.3939 0.4224 0.4279 0.4053 0.3411 0.2691 0.2123 0.1807 0.2413 0.3545 0.4063 0.4286 0.4194
0.4304 0.4068 0.3548 0.2419 0.1807 0.2121 0.2688 0.3407 0.4051 0.4279 0.4225 0.3941 0.3258 0.2067 0.1845 0.2286 0.2911 0.3647 0.4169 0.4287 0.4160 0.3777 0.2866 0.1874 0.1966 0.2470 0.3147 0.3865 0.4240 0.4270 0.4071 0.3564 0.2445 0.1808 0.2111 0.2675 0.3391 0.4041 0.4278 0.4229 0.3952 0.3290 0.2098 0.1835 0.2262 0.2876 0.3607 0.4151 0.4288 0.4147 0.3904 0.4147 0.4288 0.4151 0.3607 0.2876 0.2262 0.1835 0.2098 0.3290 0.3952 0.4229 0.4278 0.4041 0.3391 0.2675 0.2111 0.1808 0.2445 0.3564 0.4071 0.4270 0.4240 0.3865 0.3147 0.2470 0.1966 0.1874 0.2866 0.3777 0.4160 0.4287 0.4169 0.3647 0.2911 0.2286 0.1845 0.2067 0.3258 0.3941 0.4225 0.4279 0.4051 0.3407 0.2688 0.2121 0.1807 0.2419 0.3548 0.4068 0.4304
0.4212 0.3553 0.2425 0.1808 0.2119 0.2685 0.3404 0.4048 0.4279 0.4226 0.3943 0.3263 0.2071 0.1843 0.2284 0.2908 0.3644 0.4168 0.4287 0.4161 0.3780 0.2872 0.1875 0.1964 0.2468 0.3144 0.3862 0.4239 0.4270 0.4072 0.3568 0.2452 0.1809 0.2109 0.2671 0.3388 0.4039 0.4277 0.4229 0.3952 0.3287 0.2095 0.1836 0.2265 0.2880 0.3611 0.4153 0.4288 0.4175 0.3759 0.3244 0.3759 0.4175 0.4288 0.4153 0.3611 0.2880 0.2265 0.1836 0.2095 0.3287 0.3952 0.4229 0.4277 0.4039 0.3388 0.2671 0.2109 0.1809 0.2452 0.3568 0.4072 0.4270 0.4239 0.3862 0.3144 0.2468 0.1964 0.1875 0.2872 0.3780 0.4161 0.4287 0.4168 0.3644 0.2908 0.2284 0.1843 0.2071 0.3263 0.3943 0.4226 0.4279 0.4048 0.3404 0.2685 0.2119 0.1808 0.2425 0.3553 0.4212
0.3833 0.2433 0.1808 0.2116 0.2682 0.3400 0.4046 0.4278 0.4227 0.3945 0.3268 0.2075 0.1842 0.2281 0.2904 0.3640 0.4166 0.4287 0.4162 0.3782 0.2878 0.1877 0.1962 0.2465 0.3140 0.3859 0.4238 0.4270 0.4074 0.3571 0.2458 0.1809 0.2106 0.2668 0.3384 0.4037 0.4277 0.4230 0.3954 0.3290 0.2095 0.1836 0.2267 0.2883 0.3615 0.4154 0.4288 0.4175 0.3811 0.2916 0.2104 0.2916 0.3811 0.4175 0.4288 0.4154 0.3615 0.2883 0.2267 0.1836 0.2095 0.3290 0.3954 0.4230 0.4277 0.4037 0.3384 0.2668 0.2106 0.1809 0.2458 0.3571 0.4074 0.4270 0.4238 0.3859 0.3140 0.2465 0.1962 0.1877 0.2878 0.3782 0.4162 0.4287 0.4166 0.3640 0.2904 0.2281 0.1842 0.2075 0.3268 0.3945 0.4227 0.4278 0.4046 0.3400 0.2682 0.2116 0.1808 0.2433 0.3833
0.2932 0.1809 0.2114 0.2679 0.3396 0.4044 0.4278 0.4228 0.3947 0.3273 0.2080 0.1841 0.2279 0.2901 0.3637 0.4165 0.4287 0.4163 0.3785 0.2884 0.1879 0.1960 0.2462 0.3136 0.3856 0.4237 0.4271 0.4075 0.3575 0.2464 0.1809 0.2104 0.2665 0.3381 0.4034 0.4277 0.4231 0.3956 0.3294 0.2098 0.1836 0.2267 0.2884 0.3618 0.4156 0.4288 0.4173 0.3812 0.2939 0.1896 0.1771 0.1896 0.2939 0.3812 0.4173 0.4288 0.4156 0.3618 0.2884 0.2267 0.1836 0.2098 0.3294 0.3956 0.4231 0.4277 0.4034 0.3381 0.2665 0.2104 0.1809 0.2464 0.3575 0.4075 0.4271 0.4237 0.3856 0.3136 0.2462 0.1960 0.1879 0.2884 0.3785 0.4163 0.4287 0.4165 0.3637 0.2901 0.2279 0.1841 0.2080 0.3273 0.3947 0.4228 0.4278 0.4044 0.3396 0.2679 0.2114 0.1809 0.2932
0.2441 0.2113 0.2675 0.3393 0.4042 0.4278 0.4228 0.3949 0.3278 0.2084 0.1840 0.2276 0.2898 0.3633 0.4164 0.4287 0.4165 0.3788 0.2890 0.1881 0.1958 0.2459 0.3133 0.3853 0.4237 0.4271 0.4077 0.3579 0.2470 0.1809 0.2102 0.2662 0.3377 0.4032 0.4276 0.4232 0.3958 0.3299 0.2103 0.1835 0.2265 0.2883 0.3618 0.4157 0.4288 0.4171 0.3807 0.2941 0.1906 0.1950 0.2171 0.1950 0.1906 0.2941 0.3807 0.4171 0.4288 0.4157 0.3618 0.2883 0.2265 0.1835 0.2103 0.3299 0.3958 0.4232 0.4276 0.4032 0.3377 0.2662 0.2102 0.1809 0.2470 0.3579 0.4077 0.4271 0.4237 0.3853 0.3133 0.2459 0.1958 0.1881 0.2890 0.3788 0.4165 0.4287 0.4164 0.3633 0.2898 0.2276 0.1840 0.2084 0.3278 0.3949 0.4228 0.4278 0.4042 0.3393 0.2675 0.2113 0.2441
0.2610 0.2674 0.3389 0.4040 0.4277 0.4229 0.3951 0.3283 0.2088 0.1839 0.2273 0.2894 0.3630 0.4162 0.4287 0.4166 0.3791 0.2896 0.1883 0.1956 0.2456 0.3129 0.3850 0.4236 0.4272 0.4078 0.3582 0.2476 0.1810 0.2100 0.2659 0.3373 0.4030 0.4276 0.4232 0.3960 0.3304 0.2107 0.1834 0.2262 0.2880 0.3615 0.4156 0.4288 0.4171 0.3805 0.2935 0.1898 0.1957 0.2451 0.2767 0.2451 0.1957 0.1898 0.2935 0.3805 0.4171 0.4288 0.4156 0.3615 0.2880 0.2262 0.1834 0.2107 0.3304 0.3960 0.4232 0.4276 0.4030 0.3373 0.2659 0.2100 0.1810 0.2476 0.3582 0.4078 0.4272 0.4236 0.3850 0.3129 0.2456 0.1956 0.1883 0.2896 0.3791 0.4166 0.4287 0.4162 0.3630 0.2894 0.2273 0.1839 0.2088 0.3283 0.3951 0.4229 0.4277 0.4040 0.3389 0.2674 0.2610
0.2992 0.3388 0.4036 0.4277 0.4230 0.3953 0.3288 0.2092 0.1837 0.2271 0.2891 0.3626 0.4161 0.4287 0.4167 0.3793 0.2903 0.1885 0.1954 0.2453 0.3126 0.3847 0.4235 0.4272 0.4080 0.3586 0.2482 0.1810 0.2097 0.2656 0.3370 0.4028 0.4275 0.4233 0.3962 0.3309 0.2111 0.1833 0.2260 0.2876 0.3611 0.4154 0.4288 0.4171 0.3805 0.2932 0.1896 0.1941 0.2456 0.3129 0.3515 0.3129 0.2456 0.1941 0.1896 0.2932 0.3805 0.4171 0.4288 0.4154 0.3611 0.2876 0.2260 0.1833 0.2111 0.3309 0.3962 0.4233 0.4275 0.4028 0.3370 0.2656 0.2097 0.1810 0.2482 0.3586 0.4080 0.4272 0.4235 0.3847 0.3126 0.2453 0.1954 0.1885 0.2903 0.3793 0.4167 0.4287 0.4161 0.3626 0.2891 0.2271 0.1837 0.2092 0.3288 0.3953 0.4230 0.4277 0.4036 0.3388 0.2992
0.3507 0.4045 0.4275 0.4231 0.3955 0.3293 0.2097 0.1836 0.2268 0.2887 0.3623 0.4159 0.4288 0.4168 0.3796 0.2909 0.1887 0.1952 0.2450 0.3122 0.3844 0.4234 0.4273 0.4081 0.3589 0.2488 0.1811 0.2095 0.2653 0.3366 0.4025 0.4275 0.4234 0.3964 0.3314 0.2116 0.1832 0.2257 0.2873 0.3608 0.4153 0.4288 0.4173 0.3807 0.2935 0.1896 0.1942 0.2435 0.3126 0.3861 0.4136 0.3861 0.3125 0.2434 0.1942 0.1896 0.2935 0.3807 0.4173 0.4288 0.4153 0.3607 0.2872 0.2257 0.1831 0.2116 0.3314 0.3964 0.4234 0.4275 0.4025 0.3366 0.2652 0.2095 0.1810 0.2488 0.3589 0.4081 0.4273 0.4234 0.3843 0.3121 0.2450 0.1952 0.1887 0.2909 0.3796 0.4168 0.4288 0.4159 0.3622 0.2887 0.2268 0.1836 0.2097 0.3293 0.3955 0.4231 0.4275 0.4044 0.3506
0.3992 0.4296 0.4230 0.3957 0.3298 0.2101 0.1835 0.2266 0.2884 0.3619 0.4158 0.4288 0.4169 0.3799 0.2915 0.1889 0.1950 0.2448 0.3119 0.3841 0.4233 0.4273 0.4083 0.3593 0.2494 0.1811 0.2093 0.2649 0.3362 0.4023 0.4275 0.4235 0.3966 0.3318 0.2120 0.1831 0.2255 0.2869 0.3604 0.4151 0.4288 0.4174 0.3810 0.2941 0.1898 0.1942 0.2435 0.3101 0.3840 0.4247 0.4277 0.4247 0.3838 0.3100 0.2435 0.1941 0.1898 0.2941 0.3812 0.4175 0.4288 0.4151 0.3603 0.2868 0.2254 0.1830 0.2120 0.3319 0.3967 0.4235 0.4274 0.4022 0.3361 0.2648 0.2092 0.1811 0.2495 0.3594 0.4084 0.4273 0.4233 0.3839 0.3117 0.2447 0.1949 0.1888 0.2915 0.3800 0.4170 0.4288 0.4157 0.3618 0.2883 0.2265 0.1835 0.2101 0.3299 0.3959 0.4231 0.4296 0.3992
0.4243 0.4247 0.3959 0.3302 0.2106 0.1834 0.2263 0.2881 0.3616 0.4156 0.4288 0.4170 0.3801 0.2921 0.1891 0.1948 0.2445 0.3115 0.3838 0.4233 0.4273 0.4084 0.3596 0.2501 0.1811 0.2091 0.2646 0.3359 0.4021 0.4274 0.4235 0.3968 0.3323 0.2125 0.1830 0.2252 0.2866 0.3601 0.4150 0.4288 0.4175 0.3813 0.2947 0.1900 0.1940 0.2433 0.3100 0.3823 0.4229 0.4264 0.4134 0.4264 0.4229 0.3837 0.3125 0.2456 0.1957 0.1906 0.2939 0.3811 0.4175 0.4288 0.4153 0.3621 0.2891 0.2273 0.1844 0.2124 0.3318 0.3967 0.4235 0.4275 0.4029 0.3382 0.2670 0.2109 0.1822 0.2494 0.3593 0.4084 0.4274 0.4233 0.3852 0.3139 0.2467 0.1965 0.1897 0.2913 0.3800 0.4170 0.4288 0.4159 0.3636 0.2905 0.2284 0.1848 0.2105 0.3297 0.3958 0.4247 0.4245
0.4301 0.3962 0.3307 0.2110 0.1833 0.2261 0.2877 0.3613 0.4155 0.4288 0.4171 0.3804 0.2927 0.1893 0.1946 0.2442 0.3111 0.3834 0.4232 0.4274 0.4086 0.3600 0.2507 0.1812 0.2088 0.2643 0.3355 0.4018 0.4274 0.4236 0.3970 0.3328 0.2130 0.1829 0.2250 0.2863 0.3597 0.4148 0.4288 0.4176 0.3815 0.2953 0.1902 0.1938 0.2431 0.3097 0.3822 0.4228 0.4276 0.4057 0.3711 0.4006 0.4263 0.4246 0.3860 0.3129 0.2451 0.1950 0.1896 0.2916 0.3759 0.4147 0.4286 0.4176 0.3636 0.2891 0.2267 0.1836 0.2112 0.3266 0.3923 0.4216 0.4282 0.4053 0.3391 0.2667 0.2103 0.1813 0.2482 0.3536 0.4048 0.4262 0.4250 0.3873 0.3144 0.2462 0.1958 0.1887 0.2891 0.3747 0.4142 0.4285 0.4182 0.3651 0.2906 0.2278 0.1841 0.2093 0.3245 0.3913 0.4288
0.4142 0.3313 0.2114 0.1832 0.2258 0.2874 0.3609 0.4153 0.4288 0.4172 0.3807 0.2933 0.1895 0.1944 0.2439 0.3108 0.3831 0.4231 0.4274 0.4087 0.3603 0.2513 0.1812 0.2086 0.2640 0.3352 0.4016 0.4273 0.4237 0.3972 0.3332 0.2134 0.1828 0.2247 0.2859 0.3594 0.4147 0.4288 0.4177 0.3818 0.2960 0.1905 0.1936 0.2428 0.3094 0.3819 0.4227 0.4276 0.4095 0.3515 0.3059 0.3873 0.4132 0.4276 0.4135 0.3515 0.2767 0.2171 0.1771 0.2104 0.3244 0.3904 0.4203 0.4273 0.3981 0.3263 0.2551 0.2017 0.1734 0.2488 0.3512 0.4033 0.4251 0.4232 0.3772 0.3015 0.2355 0.1882 0.1827 0.2883 0.3726 0.4129 0.4276 0.4143 0.3530 0.2781 0.2180 0.1776 0.2082 0.3225 0.3894 0.4199 0.4274 0.3993 0.3279 0.2565 0.2026 0.1732 0.2459 0.3487 0.4159
0.3641 0.2121 0.1830 0.2255 0.2870 0.3605 0.4152 0.4288 0.4173 0.3809 0.2939 0.1897 0.1941 0.2435 0.3103 0.3828 0.4230 0.4275 0.4089 0.3607 0.2519 0.1812 0.2083 0.2636 0.3347 0.4013 0.4273 0.4238 0.3974 0.3337 0.2139 0.1826 0.2244 0.2855 0.3590 0.4145 0.4288 0.4178 0.3821 0.2966 0.1906 0.1934 0.2424 0.3089 0.3815 0.4226 0.4276 0.4097 0.3603 0.2532 0.3241 0.4458 0.4259 0.4252 0.3865 0.3129 0.2451 0.1950 0.1896 0.2916 0.3759 0.4147 0.4286 0.4176 0.3636 0.2891 0.2267 0.1836 0.2112 0.3266 0.3923 0.4216 0.4282 0.4053 0.3391 0.2667 0.2103 0.1813 0.2482 0.3536 0.4048 0.4262 0.4250 0.3873 0.3144 0.2462 0.1958 0.1887 0.2891 0.3747 0.4142 0.4285 0.4182 0.3651 0.2906 0.2278 0.1841 0.2093 0.3245 0.3913 0.4288
0.2695 0.1831 0.2252 0.2866 0.3600 0.4149 0.4288 0.4176 0.3814 0.2946 0.1899 0.1940 0.2433 0.3100 0.3824 0.4228 0.4275 0.4092 0.3611 0.2525 0.1813 0.2081 0.2633 0.3343 0.4010 0.4272 0.4239 0.3977 0.3342 0.2143 0.1825 0.2241 0.2852 0.3585 0.4143 0.4288 0.4180 0.3825 0.2972 0.1909 0.1932 0.2421 0.3085 0.3811 0.4225 0.4277 0.4098 0.3627 0.2535 0.1784 0.2311 0.3772 0.4211 0.3882 0.3141 0.2454 0.1957 0.1906 0.2939 0.3811 0.4175 0.4288 0.4153 0.3621 0.2891 0.2273 0.1844 0.2124 0.3318 0.3967 0.4235 0.4275 0.4029 0.3382 0.2670 0.2109 0.1822 0.2494 0.3593 0.4084 0.4274 0.4233 0.3852 0.3139 0.2467 0.1965 0.1897 0.2913 0.3800 0.4170 0.4288 0.4159 0.3636 0.2905 0.2284 0.1848 0.2105 0.3297 0.3958 0.4247 0.4245
0.2458 0.2280 0.2895 0.3625 0.4153 0.4288 0.4175 0.3812 0.2941 0.1909 0.1960 0.2460 0.3130 0.3843 0.4230 0.4275 0.4090 0.3608 0.2521 0.1827 0.2104 0.2662 0.3372 0.4021 0.4273 0.4238 0.3975 0.3338 0.2145 0.1842 0.2266 0.2881 0.3610 0.4147 0.4288 0.4179 0.3823 0.2967 0.1919 0.1952 0.2448 0.3115 0.3830 0.4226 0.4277 0.4096 0.3623 0.2547 0.1828 0.2041 0.2726 0.3699 0.3851 0.3176 0.2432 0.1940 0.1898 0.2941 0.3812 0.4175 0.4288 0.4151 0.3603 0.2868 0.2254 0.1830 0.2120 0.3319 0.3967 0.4235 0.4274 0.4022 0.3361 0.2648 0.2092 0.1811 0.2495 0.3594 0.4084 0.4273 0.4233 0.3839 0.3117 0.2447 0.1949 0.1888 0.2915 0.3800 0.4170 0.4288 0.4157 0.3618 0.2883 0.2265 0.1835 0.2101 0.3299 0.3959 0.4231 0.4296 0.3992
0.2708 0.2883 0.3627 0.4178 0.4285 0.4141 0.3747 0.2906 0.1892 0.1941 0.2439 0.3117 0.3855 0.4249 0.4262 0.4047 0.3537 0.2509 0.1809 0.2084 0.2643 0.3365 0.4042 0.4283 0.4215 0.3922 0.3270 0.2130 0.1824 0.2245 0.2863 0.3611 0.4171 0.4286 0.4147 0.3759 0.2930 0.1902 0.1933 0.2427 0.3101 0.3841 0.4246 0.4264 0.4054 0.3551 0.2535 0.1811 0.2075 0.2660 0.3302 0.3663 0.3222 0.2446 0.1938 0.1896 0.2935 0.3807 0.4173 0.4288 0.4153 0.3607 0.2872 0.2257 0.1831 0.2116 0.3314 0.3964 0.4234 0.4275 0.4025 0.3366 0.2652 0.2095 0.1810 0.2488 0.3589 0.4081 0.4273 0.4234 0.3843 0.3121 0.2450 0.1952 0.1887 0.2909 0.3796 0.4168 0.4288 0.4159 0.3622 0.2887 0.2268 0.1836 0.2097 0.3293 0.3955 0.4231 0.4275 0.4044 0.3506
0.2846 0.3165 0.3898 0.4262 0.4228 0.3966 0.3372 0.2270 0.1747 0.2102 0.2671 0.3406 0.4077 0.4280 0.4168 0.3817 0.3067 0.1940 0.1823 0.2267 0.2897 0.3655 0.4195 0.4268 0.4086 0.3627 0.2693 0.1770 0.1947 0.2452 0.3138 0.3883 0.4259 0.4231 0.3974 0.3389 0.2295 0.1745 0.2092 0.2657 0.3390 0.4067 0.4280 0.4173 0.3829 0.3093 0.1962 0.1814 0.2264 0.2889 0.3367 0.3187 0.2487 0.1937 0.1896 0.2932 0.3805 0.4171 0.4288 0.4154 0.3611 0.2876 0.2260 0.1833 0.2111 0.3309 0.3962 0.4233 0.4275 0.4028 0.3370 0.2656 0.2097 0.1810 0.2482 0.3586 0.4080 0.4272 0.4235 0.3847 0.3126 0.2453 0.1954 0.1885 0.2903 0.3793 0.4167 0.4287 0.4161 0.3626 0.2891 0.2271 0.1837 0.2092 0.3288 0.3953 0.4230 0.4277 0.4036 0.3388 0.2992
