0.3204 0.3016 0.3541 0.4015 0.4252 0.4298 0.4123 0.3587 0.2651 0.2454 0.2723 0.3158 0.3690 0.4105 0.4283 0.4274 0.4022 0.3316 0.2515 0.2510 0.2829 0.3303 0.3830 0.4174 0.4302 0.4232 0.3889 0.3029 0.2450 0.2582 0.2948 0.3453 0.3953 0.4227 0.4304 0.4169 0.3714 0.2770 0.2439 0.2667 0.3078 0.3605 0.4055 0.4267 0.4290 0.4084 0.3479 0.2583 0.2485 0.2784 0.2986 0.2784 0.2485 0.2583 0.3479 0.4084 0.4290 0.4267 0.4055 0.3605 0.3078 0.2667 0.2439 0.2770 0.3714 0.4169 0.4304 0.4227 0.3953 0.3453 0.2948 0.2582 0.2450 0.3029 0.3889 0.4232 0.4302 0.4174 0.3830 0.3303 0.2829 0.2510 0.2515 0.3316 0.4022 0.4274 0.4283 0.4105 0.3690 0.3158 0.2723 0.2454 0.2651 0.3587 0.4123 0.4298 0.4252 0.4015 0.3541 0.3016 0.3204
0.3016 0.3441 0.4071 0.4301 0.4236 0.3935 0.3249 0.2065 0.1846 0.2285 0.2906 0.3640 0.4177 0.4308 0.4177 0.3797 0.2916 0.1892 0.1948 0.2441 0.3107 0.3832 0.4246 0.4295 0.4099 0.3623 0.2556 0.1817 0.2067 0.2611 0.3314 0.3995 0.4287 0.4263 0.4002 0.3405 0.2220 0.1815 0.2201 0.2794 0.3523 0.4122 0.4306 0.4213 0.3880 0.3116 0.1977 0.1884 0.2373 0.3024 0.3413 0.3024 0.2373 0.1884 0.1977 0.3116 0.3880 0.4213 0.4306 0.4122 0.3523 0.2794 0.2201 0.1815 0.2220 0.3405 0.4002 0.4263 0.4287 0.3995 0.3314 0.2611 0.2067 0.1817 0.2556 0.3623 0.4099 0.4295 0.4246 0.3832 0.3107 0.2441 0.1948 0.1892 0.2916 0.3797 0.4177 0.4308 0.4177 0.3640 0.2906 0.2285 0.1846 0.2065 0.3249 0.3935 0.4236 0.4301 0.4071 0.3441 0.3016
0.3541 0.4071 0.4277 0.4221 0.3932 0.3243 0.2059 0.1846 0.2286 0.2908 0.3640 0.4164 0.4286 0.4165 0.3793 0.2909 0.1889 0.1949 0.2443 0.3109 0.3829 0.4228 0.4274 0.4093 0.3619 0.2548 0.1815 0.2068 0.2612 0.3315 0.3988 0.4266 0.4245 0.3999 0.3400 0.2213 0.1815 0.2202 0.2796 0.3523 0.4111 0.4284 0.4199 0.3877 0.3109 0.1973 0.1885 0.2350 0.3017 0.3762 0.4072 0.3762 0.3017 0.2350 0.1885 0.1973 0.3109 0.3877 0.4199 0.4284 0.4111 0.3523 0.2796 0.2202 0.1815 0.2213 0.3400 0.3999 0.4245 0.4266 0.3988 0.3315 0.2612 0.2068 0.1815 0.2548 0.3619 0.4093 0.4274 0.4228 0.3829 0.3109 0.2443 0.1949 0.1889 0.2909 0.3793 0.4165 0.4286 0.4164 0.3640 0.2908 0.2286 0.1846 0.2059 0.3243 0.3932 0.4221 0.4277 0.4071 0.3541
0.4015 0.4301 0.4221 0.3931 0.3239 0.2055 0.1847 0.2289 0.2911 0.3644 0.4167 0.4288 0.4165 0.3791 0.2902 0.1887 0.1951 0.2446 0.3113 0.3833 0.4230 0.4275 0.4091 0.3616 0.2542 0.1815 0.2071 0.2616 0.3319 0.3992 0.4269 0.4245 0.3997 0.3395 0.2208 0.1815 0.2205 0.2800 0.3527 0.4114 0.4286 0.4199 0.3875 0.3103 0.1970 0.1887 0.2353 0.2994 0.3744 0.4220 0.4279 0.4220 0.3744 0.2994 0.2353 0.1887 0.1970 0.3103 0.3875 0.4199 0.4286 0.4114 0.3527 0.2800 0.2205 0.1815 0.2208 0.3395 0.3997 0.4245 0.4269 0.3992 0.3319 0.2616 0.2071 0.1815 0.2542 0.3616 0.4091 0.4275 0.4230 0.3833 0.3113 0.2446 0.1951 0.1887 0.2902 0.3791 0.4165 0.4288 0.4167 0.3644 0.2911 0.2289 0.1847 0.2055 0.3239 0.3931 0.4221 0.4301 0.4015
0.4252 0.4236 0.3932 0.3239 0.2053 0.1849 0.2291 0.2915 0.3647 0.4168 0.4287 0.4163 0.3788 0.2896 0.1885 0.1953 0.2448 0.3116 0.3835 0.4231 0.4274 0.4090 0.3612 0.2536 0.1814 0.2073 0.2618 0.3323 0.3994 0.4269 0.4244 0.3995 0.3391 0.2203 0.1816 0.2207 0.2803 0.3530 0.4116 0.4286 0.4198 0.3873 0.3097 0.1967 0.1889 0.2356 0.2998 0.3728 0.4199 0.4277 0.4168 0.4277 0.4199 0.3728 0.2998 0.2356 0.1889 0.1967 0.3097 0.3873 0.4198 0.4286 0.4116 0.3530 0.2803 0.2207 0.1816 0.2203 0.3391 0.3995 0.4244 0.4269 0.3994 0.3323 0.2618 0.2073 0.1814 0.2536 0.3612 0.4090 0.4274 0.4231 0.3835 0.3116 0.2448 0.1953 0.1885 0.2896 0.3788 0.4163 0.4287 0.4168 0.3647 0.2915 0.2291 0.1849 0.2053 0.3239 0.3932 0.4236 0.4252
0.4298 0.3935 0.3243 0.2055 0.1849 0.2292 0.2918 0.3650 0.4169 0.4287 0.4162 0.3785 0.2890 0.1883 0.1955 0.2451 0.3120 0.3838 0.4232 0.4274 0.4088 0.3609 0.2530 0.1814 0.2075 0.2622 0.3326 0.3997 0.4269 0.4244 0.3993 0.3387 0.2198 0.1817 0.2210 0.2806 0.3534 0.4118 0.4286 0.4197 0.3870 0.3091 0.1964 0.1891 0.2359 0.3002 0.3732 0.4199 0.4284 0.4100 0.3818 0.4100 0.4284 0.4199 0.3732 0.3002 0.2359 0.1891 0.1964 0.3091 0.3870 0.4197 0.4286 0.4118 0.3534 0.2806 0.2210 0.1817 0.2198 0.3387 0.3993 0.4244 0.4269 0.3997 0.3326 0.2622 0.2075 0.1814 0.2530 0.3609 0.4088 0.4274 0.4232 0.3838 0.3120 0.2451 0.1955 0.1883 0.2890 0.3785 0.4162 0.4287 0.4169 0.3650 0.2918 0.2292 0.1849 0.2055 0.3243 0.3935 0.4298
0.4123 0.3249 0.2059 0.1847 0.2291 0.2918 0.3652 0.4170 0.4287 0.4161 0.3782 0.2884 0.1881 0.1957 0.2454 0.3123 0.3842 0.4233 0.4274 0.4087 0.3605 0.2523 0.1813 0.2077 0.2625 0.3330 0.3999 0.4270 0.4243 0.3991 0.3382 0.2193 0.1817 0.2212 0.2809 0.3538 0.4119 0.4287 0.4196 0.3868 0.3085 0.1961 0.1893 0.2361 0.3006 0.3736 0.4200 0.4284 0.4132 0.3652 0.3071 0.3652 0.4132 0.4284 0.4200 0.3736 0.3006 0.2361 0.1893 0.1961 0.3085 0.3868 0.4196 0.4287 0.4119 0.3538 0.2809 0.2212 0.1817 0.2193 0.3382 0.3991 0.4243 0.4270 0.3999 0.3330 0.2625 0.2077 0.1813 0.2523 0.3605 0.4087 0.4274 0.4233 0.3842 0.3123 0.2454 0.1957 0.1881 0.2884 0.3782 0.4161 0.4287 0.4170 0.3652 0.2918 0.2291 0.1847 0.2059 0.3249 0.4123
0.3587 0.2065 0.1846 0.2289 0.2915 0.3650 0.4170 0.4287 0.4160 0.3780 0.2878 0.1879 0.1959 0.2457 0.3127 0.3845 0.4234 0.4273 0.4085 0.3602 0.2517 0.1813 0.2079 0.2628 0.3334 0.4002 0.4270 0.4242 0.3989 0.3378 0.2188 0.1818 0.2215 0.2813 0.3541 0.4121 0.4287 0.4195 0.3865 0.3079 0.1958 0.1894 0.2364 0.3009 0.3739 0.4202 0.4283 0.4132 0.3708 0.2699 0.1939 0.2699 0.3708 0.4132 0.4283 0.4202 0.3739 0.3009 0.2364 0.1894 0.1958 0.3079 0.3865 0.4195 0.4287 0.4121 0.3541 0.2813 0.2215 0.1818 0.2188 0.3378 0.3989 0.4242 0.4270 0.4002 0.3334 0.2628 0.2079 0.1813 0.2517 0.3602 0.4085 0.4273 0.4234 0.3845 0.3127 0.2457 0.1959 0.1879 0.2878 0.3780 0.4160 0.4287 0.4170 0.3650 0.2915 0.2289 0.1846 0.2065 0.3587
0.2651 0.1846 0.2286 0.2911 0.3647 0.4169 0.4287 0.4160 0.3778 0.2873 0.1877 0.1961 0.2460 0.3130 0.3848 0.4234 0.4273 0.4084 0.3598 0.2511 0.1812 0.2082 0.2631 0.3337 0.4004 0.4271 0.4242 0.3987 0.3373 0.2183 0.1819 0.2217 0.2816 0.3545 0.4123 0.4287 0.4194 0.3863 0.3073 0.1955 0.1896 0.2367 0.3013 0.3742 0.4203 0.4283 0.4130 0.3708 0.2712 0.1838 0.1820 0.1838 0.2712 0.3708 0.4130 0.4283 0.4203 0.3742 0.3013 0.2367 0.1896 0.1955 0.3073 0.3863 0.4194 0.4287 0.4123 0.3545 0.2816 0.2217 0.1819 0.2183 0.3373 0.3987 0.4242 0.4271 0.4004 0.3337 0.2631 0.2082 0.1812 0.2511 0.3598 0.4084 0.4273 0.4234 0.3848 0.3130 0.2460 0.1961 0.1877 0.2873 0.3778 0.4160 0.4287 0.4169 0.3647 0.2911 0.2286 0.1846 0.2651
0.2454 0.2285 0.2908 0.3644 0.4168 0.4287 0.4161 0.3780 0.2873 0.1876 0.1962 0.2462 0.3134 0.3851 0.4235 0.4272 0.4083 0.3595 0.2505 0.1812 0.2084 0.2634 0.3341 0.4007 0.4271 0.4241 0.3985 0.3369 0.2178 0.1819 0.2220 0.2819 0.3548 0.4124 0.4287 0.4193 0.3861 0.3067 0.1952 0.1898 0.2370 0.3016 0.3746 0.4204 0.4283 0.4128 0.3703 0.2714 0.1848 0.2025 0.2263 0.2025 0.1848 0.2714 0.3703 0.4128 0.4283 0.4204 0.3746 0.3016 0.2370 0.1898 0.1952 0.3067 0.3861 0.4193 0.4287 0.4124 0.3548 0.2819 0.2220 0.1819 0.2178 0.3369 0.3985 0.4241 0.4271 0.4007 0.3341 0.2634 0.2084 0.1812 0.2505 0.3595 0.4083 0.4272 0.4235 0.3851 0.3134 0.2462 0.1962 0.1876 0.2873 0.3780 0.4161 0.4287 0.4168 0.3644 0.2908 0.2285 0.2454
0.2723 0.2906 0.3640 0.4167 0.4287 0.4162 0.3782 0.2878 0.1877 0.1962 0.2464 0.3137 0.3853 0.4236 0.4272 0.4081 0.3592 0.2499 0.1811 0.2086 0.2637 0.3344 0.4009 0.4272 0.4240 0.3984 0.3365 0.2173 0.1820 0.2222 0.2823 0.3552 0.4126 0.4287 0.4192 0.3858 0.3062 0.1950 0.1900 0.2372 0.3020 0.3749 0.4205 0.4283 0.4127 0.3700 0.2707 0.1838 0.2032 0.2559 0.2891 0.2559 0.2032 0.1838 0.2707 0.3700 0.4127 0.4283 0.4205 0.3749 0.3020 0.2372 0.1900 0.1950 0.3062 0.3858 0.4192 0.4287 0.4126 0.3552 0.2823 0.2222 0.1820 0.2173 0.3365 0.3984 0.4240 0.4272 0.4009 0.3344 0.2637 0.2086 0.1811 0.2499 0.3592 0.4081 0.4272 0.4236 0.3853 0.3137 0.2464 0.1962 0.1877 0.2878 0.3782 0.4162 0.4287 0.4167 0.3640 0.2906 0.2723
0.3158 0.3640 0.4164 0.4288 0.4163 0.3785 0.2884 0.1879 0.1961 0.2462 0.3137 0.3855 0.4237 0.4272 0.4080 0.3588 0.2492 0.1811 0.2088 0.2640 0.3348 0.4011 0.4272 0.4240 0.3982 0.3360 0.2168 0.1821 0.2225 0.2826 0.3555 0.4128 0.4287 0.4191 0.3856 0.3056 0.1947 0.1902 0.2375 0.3023 0.3752 0.4206 0.4282 0.4126 0.3697 0.2701 0.1837 0.2016 0.2563 0.3262 0.3649 0.3262 0.2563 0.2016 0.1837 0.2701 0.3697 0.4126 0.4282 0.4206 0.3752 0.3023 0.2375 0.1902 0.1947 0.3056 0.3856 0.4191 0.4287 0.4128 0.3555 0.2826 0.2225 0.1821 0.2168 0.3360 0.3982 0.4240 0.4272 0.4011 0.3348 0.2640 0.2088 0.1811 0.2492 0.3588 0.4080 0.4272 0.4237 0.3855 0.3137 0.2462 0.1961 0.1879 0.2884 0.3785 0.4163 0.4288 0.4164 0.3640 0.3158
0.3690 0.4177 0.4286 0.4165 0.3788 0.2890 0.1881 0.1959 0.2460 0.3134 0.3853 0.4237 0.4272 0.4078 0.3585 0.2486 0.1810 0.2091 0.2643 0.3352 0.4014 0.4273 0.4239 0.3980 0.3355 0.2163 0.1822 0.2227 0.2829 0.3559 0.4129 0.4287 0.4190 0.3853 0.3050 0.1944 0.1904 0.2378 0.3027 0.3755 0.4207 0.4282 0.4124 0.3694 0.2695 0.1836 0.2018 0.2542 0.3256 0.3967 0.4193 0.3967 0.3256 0.2542 0.2018 0.1836 0.2695 0.3694 0.4124 0.4282 0.4207 0.3755 0.3027 0.2378 0.1904 0.1944 0.3050 0.3853 0.4190 0.4287 0.4129 0.3559 0.2829 0.2227 0.1822 0.2163 0.3355 0.3980 0.4239 0.4273 0.4014 0.3352 0.2643 0.2091 0.1810 0.2486 0.3585 0.4078 0.4272 0.4237 0.3853 0.3134 0.2460 0.1959 0.1881 0.2890 0.3788 0.4165 0.4286 0.4177 0.3690
0.4105 0.4308 0.4165 0.3791 0.2896 0.1883 0.1957 0.2457 0.3130 0.3851 0.4236 0.4272 0.4078 0.3583 0.2481 0.1810 0.2093 0.2646 0.3355 0.4016 0.4273 0.4238 0.3978 0.3351 0.2158 0.1822 0.2230 0.2833 0.3562 0.4131 0.4287 0.4189 0.3851 0.3044 0.1941 0.1906 0.2381 0.3030 0.3759 0.4208 0.4282 0.4123 0.3691 0.2688 0.1835 0.2021 0.2545 0.3234 0.3944 0.4269 0.4267 0.4269 0.3944 0.3234 0.2545 0.2021 0.1835 0.2688 0.3691 0.4123 0.4282 0.4208 0.3759 0.3030 0.2381 0.1906 0.1941 0.3044 0.3851 0.4189 0.4287 0.4131 0.3562 0.2833 0.2230 0.1822 0.2158 0.3351 0.3978 0.4238 0.4273 0.4016 0.3355 0.2646 0.2093 0.1810 0.2481 0.3583 0.4078 0.4272 0.4236 0.3851 0.3130 0.2457 0.1957 0.1883 0.2896 0.3791 0.4165 0.4308 0.4105
0.4283 0.4177 0.3793 0.2902 0.1885 0.1955 0.2454 0.3127 0.3848 0.4235 0.4272 0.4080 0.3585 0.2481 0.1809 0.2095 0.2649 0.3359 0.4018 0.4273 0.4238 0.3976 0.3346 0.2153 0.1823 0.2232 0.2836 0.3566 0.4133 0.4287 0.4188 0.3848 0.3038 0.1939 0.1908 0.2383 0.3034 0.3762 0.4209 0.4282 0.4122 0.3688 0.2682 0.1834 0.2023 0.2549 0.3239 0.3933 0.4257 0.4242 0.4086 0.4242 0.4257 0.3933 0.3239 0.2549 0.2023 0.1834 0.2682 0.3688 0.4122 0.4282 0.4209 0.3762 0.3034 0.2383 0.1908 0.1939 0.3038 0.3848 0.4188 0.4287 0.4133 0.3566 0.2836 0.2232 0.1823 0.2153 0.3346 0.3976 0.4238 0.4273 0.4018 0.3359 0.2649 0.2095 0.1809 0.2481 0.3585 0.4080 0.4272 0.4235 0.3848 0.3127 0.2454 0.1955 0.1885 0.2902 0.3793 0.4177 0.4283
0.4274 0.3797 0.2909 0.1887 0.1953 0.2451 0.3123 0.3845 0.4234 0.4272 0.4081 0.3588 0.2486 0.1810 0.2095 0.2650 0.3362 0.4021 0.4274 0.4237 0.3974 0.3342 0.2148 0.1824 0.2235 0.2839 0.3569 0.4134 0.4287 0.4187 0.3846 0.3032 0.1936 0.1909 0.2386 0.3037 0.3765 0.4210 0.4281 0.4121 0.3685 0.2676 0.1833 0.2025 0.2552 0.3243 0.3937 0.4257 0.4258 0.3992 0.3629 0.3992 0.4258 0.4257 0.3937 0.3243 0.2552 0.2025 0.1833 0.2676 0.3685 0.4121 0.4281 0.4210 0.3765 0.3037 0.2386 0.1909 0.1936 0.3032 0.3846 0.4187 0.4287 0.4134 0.3569 0.2839 0.2235 0.1824 0.2148 0.3342 0.3974 0.4237 0.4274 0.4021 0.3362 0.2650 0.2095 0.1810 0.2486 0.3588 0.4081 0.4272 0.4234 0.3845 0.3123 0.2451 0.1953 0.1887 0.2909 0.3797 0.4274
0.4022 0.2916 0.1889 0.1951 0.2448 0.3120 0.3842 0.4234 0.4273 0.4083 0.3592 0.2492 0.1810 0.2093 0.2649 0.3362 0.4022 0.4274 0.4236 0.3972 0.3337 0.2144 0.1825 0.2237 0.2843 0.3573 0.4136 0.4287 0.4186 0.3843 0.3026 0.1933 0.1911 0.2389 0.3041 0.3768 0.4211 0.4281 0.4119 0.3682 0.2669 0.1832 0.2027 0.2555 0.3247 0.3940 0.4258 0.4258 0.4032 0.3414 0.2696 0.3414 0.4032 0.4258 0.4258 0.3940 0.3247 0.2555 0.2027 0.1832 0.2669 0.3682 0.4119 0.4281 0.4211 0.3768 0.3041 0.2389 0.1911 0.1933 0.3026 0.3843 0.4186 0.4287 0.4136 0.3573 0.2843 0.2237 0.1825 0.2144 0.3337 0.3972 0.4236 0.4274 0.4022 0.3362 0.2649 0.2093 0.1810 0.2492 0.3592 0.4083 0.4273 0.4234 0.3842 0.3120 0.2448 0.1951 0.1889 0.2916 0.4022
0.3316 0.1892 0.1949 0.2446 0.3116 0.3838 0.4233 0.4273 0.4084 0.3595 0.2499 0.1811 0.2091 0.2646 0.3359 0.4021 0.4274 0.4236 0.3970 0.3332 0.2139 0.1826 0.2240 0.2846 0.3576 0.4138 0.4287 0.4185 0.3841 0.3020 0.1931 0.1913 0.2391 0.3044 0.3772 0.4212 0.4281 0.4118 0.3679 0.2663 0.1831 0.2029 0.2558 0.3250 0.3943 0.4258 0.4257 0.4032 0.3471 0.2289 0.1764 0.2289 0.3471 0.4032 0.4257 0.4258 0.3943 0.3250 0.2558 0.2029 0.1831 0.2663 0.3679 0.4118 0.4281 0.4212 0.3772 0.3044 0.2391 0.1913 0.1931 0.3020 0.3841 0.4185 0.4287 0.4138 0.3576 0.2846 0.2240 0.1826 0.2139 0.3332 0.3970 0.4236 0.4274 0.4021 0.3359 0.2646 0.2091 0.1811 0.2499 0.3595 0.4084 0.4273 0.4233 0.3838 0.3116 0.2446 0.1949 0.1892 0.3316
0.2515 0.1948 0.2443 0.3113 0.3835 0.4232 0.4274 0.4085 0.3598 0.2505 0.1811 0.2088 0.2643 0.3355 0.4018 0.4274 0.4236 0.3970 0.3330 0.2135 0.1827 0.2242 0.2849 0.3580 0.4139 0.4287 0.4184 0.3838 0.3014 0.1928 0.1915 0.2394 0.3048 0.3775 0.4213 0.4281 0.4117 0.3676 0.2657 0.1830 0.2031 0.2561 0.3254 0.3946 0.4259 0.4256 0.4029 0.3472 0.2301 0.1812 0.1944 0.1812 0.2301 0.3472 0.4029 0.4256 0.4259 0.3946 0.3254 0.2561 0.2031 0.1830 0.2657 0.3676 0.4117 0.4281 0.4213 0.3775 0.3048 0.2394 0.1915 0.1928 0.3014 0.3838 0.4184 0.4287 0.4139 0.3580 0.2849 0.2242 0.1827 0.2135 0.3330 0.3970 0.4236 0.4274 0.4018 0.3355 0.2643 0.2088 0.1811 0.2505 0.3598 0.4085 0.4274 0.4232 0.3835 0.3113 0.2443 0.1948 0.2515
0.2510 0.2441 0.3109 0.3833 0.4231 0.4274 0.4087 0.3602 0.2511 0.1812 0.2086 0.2640 0.3352 0.4016 0.4273 0.4237 0.3972 0.3332 0.2135 0.1827 0.2244 0.2852 0.3583 0.4141 0.4288 0.4183 0.3836 0.3008 0.1926 0.1917 0.2397 0.3051 0.3778 0.4214 0.4280 0.4115 0.3672 0.2651 0.1829 0.2034 0.2564 0.3257 0.3948 0.4259 0.4256 0.4027 0.3467 0.2300 0.1820 0.2179 0.2448 0.2179 0.1820 0.2300 0.3467 0.4027 0.4256 0.4259 0.3948 0.3257 0.2564 0.2034 0.1829 0.2651 0.3672 0.4115 0.4280 0.4214 0.3778 0.3051 0.2397 0.1917 0.1926 0.3008 0.3836 0.4183 0.4288 0.4141 0.3583 0.2852 0.2244 0.1827 0.2135 0.3332 0.3972 0.4237 0.4273 0.4016 0.3352 0.2640 0.2086 0.1812 0.2511 0.3602 0.4087 0.4274 0.4231 0.3833 0.3109 0.2441 0.2510
0.2829 0.3107 0.3829 0.4230 0.4274 0.4088 0.3605 0.2517 0.1812 0.2084 0.2637 0.3348 0.4014 0.4273 0.4238 0.3974 0.3337 0.2139 0.1827 0.2244 0.2854 0.3586 0.4142 0.4288 0.4182 0.3833 0.3002 0.1923 0.1919 0.2400 0.3055 0.3781 0.4215 0.4280 0.4114 0.3669 0.2644 0.1828 0.2036 0.2567 0.3261 0.3951 0.4260 0.4255 0.4026 0.3462 0.2295 0.1808 0.2186 0.2773 0.3133 0.2773 0.2186 0.1808 0.2295 0.3462 0.4026 0.4255 0.4260 0.3951 0.3261 0.2567 0.2036 0.1828 0.2644 0.3669 0.4114 0.4280 0.4215 0.3781 0.3055 0.2400 0.1919 0.1923 0.3002 0.3833 0.4182 0.4288 0.4142 0.3586 0.2854 0.2244 0.1827 0.2139 0.3337 0.3974 0.4238 0.4273 0.4014 0.3348 0.2637 0.2084 0.1812 0.2517 0.3605 0.4088 0.4274 0.4230 0.3829 0.3107 0.2829
0.3303 0.3832 0.4228 0.4275 0.4090 0.3609 0.2523 0.1813 0.2082 0.2634 0.3344 0.4011 0.4273 0.4238 0.3976 0.3342 0.2144 0.1826 0.2242 0.2852 0.3586 0.4143 0.4288 0.4181 0.3831 0.2996 0.1921 0.1921 0.2403 0.3058 0.3784 0.4216 0.4280 0.4113 0.3666 0.2638 0.1827 0.2038 0.2570 0.3265 0.3954 0.4261 0.4254 0.4024 0.3458 0.2289 0.1808 0.2168 0.2774 0.3510 0.3879 0.3510 0.2774 0.2168 0.1808 0.2289 0.3458 0.4024 0.4254 0.4261 0.3954 0.3265 0.2570 0.2038 0.1827 0.2638 0.3666 0.4113 0.4280 0.4216 0.3784 0.3058 0.2403 0.1921 0.1921 0.2996 0.3831 0.4181 0.4288 0.4143 0.3586 0.2852 0.2242 0.1826 0.2144 0.3342 0.3976 0.4238 0.4273 0.4011 0.3344 0.2634 0.2082 0.1813 0.2523 0.3609 0.4090 0.4275 0.4228 0.3832 0.3303
0.3830 0.4246 0.4274 0.4091 0.3612 0.2530 0.1813 0.2079 0.2631 0.3341 0.4009 0.4272 0.4239 0.3978 0.3346 0.2148 0.1825 0.2240 0.2849 0.3583 0.4142 0.4288 0.4181 0.3829 0.2990 0.1918 0.1923 0.2405 0.3062 0.3788 0.4217 0.4280 0.4111 0.3663 0.2632 0.1826 0.2040 0.2573 0.3268 0.3956 0.4261 0.4254 0.4022 0.3454 0.2284 0.1809 0.2170 0.2752 0.3499 0.4120 0.4257 0.4120 0.3499 0.2752 0.2170 0.1809 0.2284 0.3454 0.4022 0.4254 0.4261 0.3956 0.3268 0.2573 0.2040 0.1826 0.2632 0.3663 0.4111 0.4280 0.4217 0.3788 0.3062 0.2405 0.1923 0.1918 0.2990 0.3829 0.4181 0.4288 0.4142 0.3583 0.2849 0.2240 0.1825 0.2148 0.3346 0.3978 0.4239 0.4272 0.4009 0.3341 0.2631 0.2079 0.1813 0.2530 0.3612 0.4091 0.4274 0.4246 0.3830
0.4174 0.4295 0.4093 0.3616 0.2536 0.1814 0.2077 0.2628 0.3337 0.4007 0.4272 0.4240 0.3980 0.3351 0.2153 0.1824 0.2237 0.2846 0.3580 0.4141 0.4288 0.4181 0.3829 0.2987 0.1916 0.1924 0.2408 0.3065 0.3791 0.4218 0.4279 0.4110 0.3660 0.2625 0.1825 0.2042 0.2576 0.3272 0.3959 0.4262 0.4253 0.4020 0.3450 0.2278 0.1809 0.2173 0.2756 0.3479 0.4095 0.4287 0.4230 0.4287 0.4095 0.3479 0.2756 0.2173 0.1809 0.2278 0.3450 0.4020 0.4253 0.4262 0.3959 0.3272 0.2576 0.2042 0.1825 0.2625 0.3660 0.4110 0.4279 0.4218 0.3791 0.3065 0.2408 0.1924 0.1916 0.2987 0.3829 0.4181 0.4288 0.4141 0.3580 0.2846 0.2237 0.1824 0.2153 0.3351 0.3980 0.4240 0.4272 0.4007 0.3337 0.2628 0.2077 0.1814 0.2536 0.3616 0.4093 0.4295 0.4174
0.4302 0.4099 0.3619 0.2542 0.1814 0.2075 0.2625 0.3334 0.4004 0.4271 0.4240 0.3982 0.3355 0.2158 0.1823 0.2235 0.2843 0.3576 0.4139 0.4288 0.4182 0.3831 0.2990 0.1916 0.1925 0.2410 0.3069 0.3794 0.4219 0.4279 0.4109 0.3656 0.2619 0.1824 0.2044 0.2579 0.3276 0.3961 0.4262 0.4253 0.4019 0.3446 0.2272 0.1810 0.2176 0.2760 0.3483 0.4091 0.4285 0.4185 0.3975 0.4185 0.4285 0.4091 0.3483 0.2760 0.2176 0.1810 0.2272 0.3446 0.4019 0.4253 0.4262 0.3961 0.3276 0.2579 0.2044 0.1824 0.2619 0.3656 0.4109 0.4279 0.4219 0.3794 0.3069 0.2410 0.1925 0.1916 0.2990 0.3831 0.4182 0.4288 0.4139 0.3576 0.2843 0.2235 0.1823 0.2158 0.3355 0.3982 0.4240 0.4271 0.4004 0.3334 0.2625 0.2075 0.1814 0.2542 0.3619 0.4099 0.4302
0.4232 0.3623 0.2548 0.1815 0.2073 0.2622 0.3330 0.4002 0.4271 0.4241 0.3984 0.3360 0.2163 0.1822 0.2232 0.2839 0.3573 0.4138 0.4287 0.4183 0.3833 0.2996 0.1918 0.1924 0.2410 0.3070 0.3797 0.4220 0.4279 0.4107 0.3653 0.2613 0.1823 0.2046 0.2582 0.3279 0.3964 0.4263 0.4252 0.4017 0.3442 0.2267 0.1810 0.2178 0.2763 0.3488 0.4094 0.4284 0.4209 0.3849 0.3390 0.3849 0.4209 0.4284 0.4094 0.3488 0.2763 0.2178 0.1810 0.2267 0.3442 0.4017 0.4252 0.4263 0.3964 0.3279 0.2582 0.2046 0.1823 0.2613 0.3653 0.4107 0.4279 0.4220 0.3797 0.3070 0.2410 0.1924 0.1918 0.2996 0.3833 0.4183 0.4287 0.4138 0.3573 0.2839 0.2232 0.1822 0.2163 0.3360 0.3984 0.4241 0.4271 0.4002 0.3330 0.2622 0.2073 0.1815 0.2548 0.3623 0.4232
0.3889 0.2556 0.1815 0.2071 0.2618 0.3326 0.3999 0.4270 0.4242 0.3985 0.3365 0.2168 0.1822 0.2230 0.2836 0.3569 0.4136 0.4287 0.4184 0.3836 0.3002 0.1921 0.1923 0.2408 0.3069 0.3797 0.4221 0.4278 0.4106 0.3650 0.2607 0.1823 0.2049 0.2585 0.3283 0.3967 0.4263 0.4251 0.4015 0.3438 0.2261 0.1810 0.2181 0.2767 0.3491 0.4096 0.4285 0.4209 0.3897 0.3107 0.2296 0.3107 0.3897 0.4209 0.4285 0.4096 0.3491 0.2767 0.2181 0.1810 0.2261 0.3438 0.4015 0.4251 0.4263 0.3967 0.3283 0.2585 0.2049 0.1823 0.2607 0.3650 0.4106 0.4278 0.4221 0.3797 0.3069 0.2408 0.1923 0.1921 0.3002 0.3836 0.4184 0.4287 0.4136 0.3569 0.2836 0.2230 0.1822 0.2168 0.3365 0.3985 0.4242 0.4270 0.3999 0.3326 0.2618 0.2071 0.1815 0.2556 0.3889
0.3029 0.1817 0.2068 0.2616 0.3323 0.3997 0.4270 0.4242 0.3987 0.3369 0.2173 0.1821 0.2227 0.2833 0.3566 0.4134 0.4287 0.4185 0.3838 0.3008 0.1923 0.1921 0.2405 0.3065 0.3794 0.4220 0.4278 0.4105 0.3647 0.2600 0.1822 0.2051 0.2588 0.3286 0.3969 0.4264 0.4251 0.4013 0.3434 0.2256 0.1811 0.2183 0.2770 0.3495 0.4098 0.4285 0.4207 0.3898 0.3147 0.1986 0.1740 0.1986 0.3147 0.3898 0.4207 0.4285 0.4098 0.3495 0.2770 0.2183 0.1811 0.2256 0.3434 0.4013 0.4251 0.4264 0.3969 0.3286 0.2588 0.2051 0.1822 0.2600 0.3647 0.4105 0.4278 0.4220 0.3794 0.3065 0.2405 0.1921 0.1923 0.3008 0.3838 0.4185 0.4287 0.4134 0.3566 0.2833 0.2227 0.1821 0.2173 0.3369 0.3987 0.4242 0.4270 0.3997 0.3323 0.2616 0.2068 0.1817 0.3029
0.2450 0.2067 0.2612 0.3319 0.3994 0.4269 0.4243 0.3989 0.3373 0.2178 0.1820 0.2225 0.2829 0.3562 0.4133 0.4287 0.4186 0.3841 0.3014 0.1926 0.1919 0.2403 0.3062 0.3791 0.4219 0.4279 0.4106 0.3647 0.2597 0.1821 0.2053 0.2591 0.3290 0.3972 0.4264 0.4250 0.4012 0.3430 0.2251 0.1811 0.2185 0.2773 0.3498 0.4099 0.4285 0.4206 0.3894 0.3149 0.1998 0.1883 0.2088 0.1883 0.1998 0.3149 0.3894 0.4206 0.4285 0.4099 0.3498 0.2773 0.2185 0.1811 0.2251 0.3430 0.4012 0.4250 0.4264 0.3972 0.3290 0.2591 0.2053 0.1821 0.2597 0.3647 0.4106 0.4279 0.4219 0.3791 0.3062 0.2403 0.1919 0.1926 0.3014 0.3841 0.4186 0.4287 0.4133 0.3562 0.2829 0.2225 0.1820 0.2178 0.3373 0.3989 0.4243 0.4269 0.3994 0.3319 0.2612 0.2067 0.2450
0.2582 0.2611 0.3315 0.3992 0.4269 0.4244 0.3991 0.3378 0.2183 0.1819 0.2222 0.2826 0.3559 0.4131 0.4287 0.4187 0.3843 0.3020 0.1928 0.1917 0.2400 0.3058 0.3788 0.4218 0.4279 0.4107 0.3650 0.2600 0.1821 0.2054 0.2593 0.3293 0.3974 0.4265 0.4250 0.4010 0.3425 0.2245 0.1812 0.2188 0.2776 0.3502 0.4101 0.4285 0.4205 0.3891 0.3143 0.1992 0.1889 0.2352 0.2652 0.2352 0.1889 0.1992 0.3143 0.3891 0.4205 0.4285 0.4101 0.3502 0.2776 0.2188 0.1812 0.2245 0.3425 0.4010 0.4250 0.4265 0.3974 0.3293 0.2593 0.2054 0.1821 0.2600 0.3650 0.4107 0.4279 0.4218 0.3788 0.3058 0.2400 0.1917 0.1928 0.3020 0.3843 0.4187 0.4287 0.4131 0.3559 0.2826 0.2222 0.1819 0.2183 0.3378 0.3991 0.4244 0.4269 0.3992 0.3315 0.2611 0.2582
0.2948 0.3314 0.3988 0.4269 0.4244 0.3993 0.3382 0.2188 0.1819 0.2220 0.2823 0.3555 0.4129 0.4287 0.4188 0.3846 0.3026 0.1931 0.1915 0.2397 0.3055 0.3784 0.4217 0.4279 0.4109 0.3653 0.2607 0.1822 0.2053 0.2593 0.3295 0.3976 0.4266 0.4249 0.4008 0.3421 0.2240 0.1812 0.2190 0.2780 0.3505 0.4103 0.4285 0.4204 0.3889 0.3138 0.1988 0.1875 0.2358 0.3003 0.3383 0.3003 0.2358 0.1875 0.1988 0.3138 0.3889 0.4204 0.4285 0.4103 0.3505 0.2780 0.2190 0.1812 0.2240 0.3421 0.4008 0.4249 0.4266 0.3976 0.3295 0.2593 0.2053 0.1822 0.2607 0.3653 0.4109 0.4279 0.4217 0.3784 0.3055 0.2397 0.1915 0.1931 0.3026 0.3846 0.4188 0.4287 0.4129 0.3555 0.2823 0.2220 0.1819 0.2188 0.3382 0.3993 0.4244 0.4269 0.3988 0.3314 0.2948
0.3453 0.3995 0.4266 0.4245 0.3995 0.3387 0.2193 0.1818 0.2217 0.2819 0.3552 0.4128 0.4287 0.4189 0.3848 0.3032 0.1933 0.1913 0.2394 0.3051 0.3781 0.4216 0.4280 0.4110 0.3656 0.2613 0.1823 0.2051 0.2591 0.3293 0.3976 0.4266 0.4248 0.4006 0.3417 0.2234 0.1813 0.2193 0.2783 0.3509 0.4105 0.4285 0.4203 0.3887 0.3132 0.1985 0.1877 0.2338 0.3001 0.3747 0.4063 0.3747 0.3001 0.2338 0.1877 0.1985 0.3132 0.3887 0.4203 0.4285 0.4105 0.3509 0.2783 0.2193 0.1813 0.2234 0.3417 0.4006 0.4248 0.4266 0.3976 0.3293 0.2591 0.2051 0.1823 0.2613 0.3656 0.4110 0.4280 0.4216 0.3781 0.3051 0.2394 0.1913 0.1933 0.3032 0.3848 0.4189 0.4287 0.4128 0.3552 0.2819 0.2217 0.1818 0.2193 0.3387 0.3995 0.4245 0.4266 0.3995 0.3453
0.3953 0.4287 0.4245 0.3997 0.3391 0.2198 0.1817 0.2215 0.2816 0.3548 0.4126 0.4287 0.4190 0.3851 0.3038 0.1936 0.1911 0.2391 0.3048 0.3778 0.4215 0.4280 0.4111 0.3660 0.2619 0.1823 0.2049 0.2588 0.3290 0.3974 0.4266 0.4248 0.4005 0.3413 0.2229 0.1813 0.2195 0.2786 0.3513 0.4107 0.4286 0.4203 0.3885 0.3126 0.1982 0.1879 0.2341 0.2979 0.3729 0.4216 0.4279 0.4216 0.3729 0.2979 0.2341 0.1879 0.1982 0.3126 0.3885 0.4203 0.4286 0.4107 0.3513 0.2786 0.2195 0.1813 0.2229 0.3413 0.4005 0.4248 0.4266 0.3974 0.3290 0.2588 0.2049 0.1823 0.2619 0.3660 0.4111 0.4280 0.4215 0.3778 0.3048 0.2391 0.1911 0.1936 0.3038 0.3851 0.4190 0.4287 0.4126 0.3548 0.2816 0.2215 0.1817 0.2198 0.3391 0.3997 0.4245 0.4287 0.3953
0.4227 0.4263 0.3999 0.3395 0.2203 0.1817 0.2212 0.2813 0.3545 0.4124 0.4287 0.4191 0.3853 0.3044 0.1939 0.1909 0.2389 0.3044 0.3775 0.4214 0.4280 0.4113 0.3663 0.2625 0.1824 0.2046 0.2585 0.3286 0.3972 0.4265 0.4249 0.4006 0.3413 0.2226 0.1814 0.2197 0.2790 0.3516 0.4109 0.4286 0.4202 0.3882 0.3120 0.1979 0.1881 0.2344 0.2983 0.3713 0.4195 0.4278 0.4173 0.4278 0.4195 0.3713 0.2983 0.2344 0.1881 0.1979 0.3120 0.3882 0.4202 0.4286 0.4109 0.3516 0.2790 0.2197 0.1814 0.2226 0.3413 0.4006 0.4249 0.4265 0.3972 0.3286 0.2585 0.2046 0.1824 0.2625 0.3663 0.4113 0.4280 0.4214 0.3775 0.3044 0.2389 0.1909 0.1939 0.3044 0.3853 0.4191 0.4287 0.4124 0.3545 0.2813 0.2212 0.1817 0.2203 0.3395 0.3999 0.4263 0.4227
0.4304 0.4002 0.3400 0.2208 0.1816 0.2210 0.2809 0.3541 0.4123 0.4287 0.4192 0.3856 0.3050 0.1941 0.1908 0.2386 0.3041 0.3772 0.4213 0.4280 0.4114 0.3666 0.2632 0.1825 0.2044 0.2582 0.3283 0.3969 0.4264 0.4250 0.4008 0.3417 0.2229 0.1814 0.2198 0.2792 0.3519 0.4110 0.4286 0.4201 0.3880 0.3114 0.1976 0.1883 0.2347 0.2987 0.3718 0.4194 0.4285 0.4106 0.3829 0.4106 0.4285 0.4194 0.3718 0.2987 0.2347 0.1883 0.1976 0.3114 0.3880 0.4201 0.4286 0.4110 0.3519 0.2792 0.2198 0.1814 0.2229 0.3417 0.4008 0.4250 0.4264 0.3969 0.3283 0.2582 0.2044 0.1825 0.2632 0.3666 0.4114 0.4280 0.4213 0.3772 0.3041 0.2386 0.1908 0.1941 0.3050 0.3856 0.4192 0.4287 0.4123 0.3541 0.2809 0.2210 0.1816 0.2208 0.3400 0.4002 0.4304
0.4169 0.3405 0.2213 0.1815 0.2207 0.2806 0.3538 0.4121 0.4287 0.4193 0.3858 0.3056 0.1944 0.1906 0.2383 0.3037 0.3768 0.4212 0.4281 0.4115 0.3669 0.2638 0.1826 0.2042 0.2579 0.3279 0.3967 0.4264 0.4250 0.4010 0.3421 0.2234 0.1813 0.2197 0.2792 0.3521 0.4112 0.4286 0.4200 0.3877 0.3109 0.1973 0.1885 0.2350 0.2991 0.3722 0.4195 0.4285 0.4137 0.3665 0.3093 0.3665 0.4137 0.4285 0.4195 0.3722 0.2991 0.2350 0.1885 0.1973 0.3109 0.3877 0.4200 0.4286 0.4112 0.3521 0.2792 0.2197 0.1813 0.2234 0.3421 0.4010 0.4250 0.4264 0.3967 0.3279 0.2579 0.2042 0.1826 0.2638 0.3669 0.4115 0.4281 0.4212 0.3768 0.3037 0.2383 0.1906 0.1944 0.3056 0.3858 0.4193 0.4287 0.4121 0.3538 0.2806 0.2207 0.1815 0.2213 0.3405 0.4169
0.3714 0.2220 0.1815 0.2205 0.2803 0.3534 0.4119 0.4287 0.4194 0.3861 0.3062 0.1947 0.1904 0.2381 0.3034 0.3765 0.4211 0.4281 0.4117 0.3672 0.2644 0.1827 0.2040 0.2576 0.3276 0.3964 0.4263 0.4251 0.4012 0.3425 0.2240 0.1813 0.2195 0.2790 0.3519 0.4112 0.4286 0.4199 0.3875 0.3103 0.1970 0.1886 0.2352 0.2994 0.3725 0.4197 0.4284 0.4137 0.3721 0.2725 0.1956 0.2725 0.3721 0.4137 0.4284 0.4197 0.3725 0.2994 0.2352 0.1886 0.1970 0.3103 0.3875 0.4199 0.4286 0.4112 0.3519 0.2790 0.2195 0.1813 0.2240 0.3425 0.4012 0.4251 0.4263 0.3964 0.3276 0.2576 0.2040 0.1827 0.2644 0.3672 0.4117 0.4281 0.4211 0.3765 0.3034 0.2381 0.1904 0.1947 0.3062 0.3861 0.4194 0.4287 0.4119 0.3534 0.2803 0.2205 0.1815 0.2220 0.3714
0.2770 0.1815 0.2202 0.2800 0.3530 0.4118 0.4287 0.4195 0.3863 0.3067 0.1950 0.1902 0.2378 0.3030 0.3762 0.4210 0.4281 0.4118 0.3676 0.2651 0.1828 0.2038 0.2573 0.3272 0.3961 0.4263 0.4251 0.4013 0.3430 0.2245 0.1812 0.2193 0.2786 0.3516 0.4110 0.4286 0.4199 0.3874 0.3098 0.1967 0.1888 0.2355 0.2997 0.3728 0.4198 0.4284 0.4135 0.3721 0.2739 0.1843 0.1814 0.1843 0.2739 0.3721 0.4135 0.4284 0.4198 0.3728 0.2997 0.2355 0.1888 0.1967 0.3098 0.3874 0.4199 0.4286 0.4110 0.3516 0.2786 0.2193 0.1812 0.2245 0.3430 0.4013 0.4251 0.4263 0.3961 0.3272 0.2573 0.2038 0.1828 0.2651 0.3676 0.4118 0.4281 0.4210 0.3762 0.3030 0.2378 0.1902 0.1950 0.3067 0.3863 0.4195 0.4287 0.4118 0.3530 0.2800 0.2202 0.1815 0.2770
0.2439 0.2201 0.2796 0.3527 0.4116 0.4286 0.4196 0.3865 0.3073 0.1952 0.1900 0.2375 0.3027 0.3759 0.4209 0.4281 0.4119 0.3679 0.2657 0.1829 0.2036 0.2570 0.3268 0.3959 0.4262 0.4252 0.4015 0.3434 0.2251 0.1812 0.2190 0.2783 0.3513 0.4109 0.4286 0.4200 0.3875 0.3098 0.1965 0.1890 0.2358 0.3001 0.3731 0.4199 0.4284 0.4134 0.3717 0.2741 0.1853 0.2016 0.2251 0.2016 0.1853 0.2741 0.3717 0.4134 0.4284 0.4199 0.3731 0.3001 0.2358 0.1890 0.1965 0.3098 0.3875 0.4200 0.4286 0.4109 0.3513 0.2783 0.2190 0.1812 0.2251 0.3434 0.4015 0.4252 0.4262 0.3959 0.3268 0.2570 0.2036 0.1829 0.2657 0.3679 0.4119 0.4281 0.4209 0.3759 0.3027 0.2375 0.1900 0.1952 0.3073 0.3865 0.4196 0.4286 0.4116 0.3527 0.2796 0.2201 0.2439
0.2667 0.2794 0.3523 0.4114 0.4286 0.4197 0.3868 0.3079 0.1955 0.1898 0.2372 0.3023 0.3755 0.4208 0.4282 0.4121 0.3682 0.2663 0.1830 0.2034 0.2567 0.3265 0.3956 0.4262 0.4253 0.4017 0.3438 0.2256 0.1811 0.2188 0.2780 0.3509 0.4107 0.4286 0.4201 0.3877 0.3103 0.1967 0.1890 0.2359 0.3004 0.3735 0.4200 0.4284 0.4133 0.3714 0.2734 0.1843 0.2023 0.2546 0.2877 0.2546 0.2023 0.1843 0.2734 0.3714 0.4133 0.4284 0.4200 0.3735 0.3004 0.2359 0.1890 0.1967 0.3103 0.3877 0.4201 0.4286 0.4107 0.3509 0.2780 0.2188 0.1811 0.2256 0.3438 0.4017 0.4253 0.4262 0.3956 0.3265 0.2567 0.2034 0.1830 0.2663 0.3682 0.4121 0.4282 0.4208 0.3755 0.3023 0.2372 0.1898 0.1955 0.3079 0.3868 0.4197 0.4286 0.4114 0.3523 0.2794 0.2667
0.3078 0.3523 0.4111 0.4286 0.4198 0.3870 0.3085 0.1958 0.1896 0.2370 0.3020 0.3752 0.4207 0.4282 0.4122 0.3685 0.2669 0.1831 0.2031 0.2564 0.3261 0.3954 0.4261 0.4253 0.4019 0.3442 0.2261 0.1811 0.2185 0.2776 0.3505 0.4105 0.4286 0.4202 0.3880 0.3109 0.1970 0.1888 0.2358 0.3004 0.3736 0.4201 0.4284 0.4131 0.3711 0.2728 0.1842 0.2007 0.2550 0.3247 0.3634 0.3247 0.2550 0.2007 0.1842 0.2728 0.3711 0.4131 0.4284 0.4201 0.3736 0.3004 0.2358 0.1888 0.1970 0.3109 0.3880 0.4202 0.4286 0.4105 0.3505 0.2776 0.2185 0.1811 0.2261 0.3442 0.4019 0.4253 0.4261 0.3954 0.3261 0.2564 0.2031 0.1831 0.2669 0.3685 0.4122 0.4282 0.4207 0.3752 0.3020 0.2370 0.1896 0.1958 0.3085 0.3870 0.4198 0.4286 0.4111 0.3523 0.3078
0.3605 0.4122 0.4284 0.4199 0.3873 0.3091 0.1961 0.1894 0.2367 0.3016 0.3749 0.4206 0.4282 0.4123 0.3688 0.2676 0.1832 0.2029 0.2561 0.3257 0.3951 0.4261 0.4254 0.4020 0.3446 0.2267 0.1810 0.2183 0.2773 0.3502 0.4103 0.4285 0.4203 0.3882 0.3114 0.1973 0.1886 0.2355 0.3001 0.3735 0.4201 0.4283 0.4130 0.3708 0.2722 0.1841 0.2009 0.2529 0.3241 0.3955 0.4187 0.3955 0.3241 0.2529 0.2009 0.1841 0.2722 0.3708 0.4130 0.4283 0.4201 0.3735 0.3001 0.2355 0.1886 0.1973 0.3114 0.3882 0.4203 0.4285 0.4103 0.3502 0.2773 0.2183 0.1810 0.2267 0.3446 0.4020 0.4254 0.4261 0.3951 0.3257 0.2561 0.2029 0.1832 0.2676 0.3688 0.4123 0.4282 0.4206 0.3749 0.3016 0.2367 0.1894 0.1961 0.3091 0.3873 0.4199 0.4284 0.4122 0.3605
0.4055 0.4306 0.4199 0.3875 0.3097 0.1964 0.1893 0.2364 0.3013 0.3746 0.4205 0.4282 0.4124 0.3691 0.2682 0.1833 0.2027 0.2558 0.3254 0.3948 0.4260 0.4254 0.4022 0.3450 0.2272 0.1810 0.2181 0.2770 0.3498 0.4101 0.4285 0.4203 0.3885 0.3120 0.1976 0.1885 0.2352 0.2997 0.3731 0.4200 0.4284 0.4130 0.3706 0.2717 0.1840 0.2012 0.2532 0.3219 0.3932 0.4267 0.4268 0.4267 0.3932 0.3219 0.2532 0.2012 0.1840 0.2717 0.3706 0.4130 0.4284 0.4200 0.3731 0.2997 0.2352 0.1885 0.1976 0.3120 0.3885 0.4203 0.4285 0.4101 0.3498 0.2770 0.2181 0.1810 0.2272 0.3450 0.4022 0.4254 0.4260 0.3948 0.3254 0.2558 0.2027 0.1833 0.2682 0.3691 0.4124 0.4282 0.4205 0.3746 0.3013 0.2364 0.1893 0.1964 0.3097 0.3875 0.4199 0.4306 0.4055
0.4267 0.4213 0.3877 0.3103 0.1967 0.1891 0.2361 0.3009 0.3742 0.4204 0.4283 0.4126 0.3694 0.2688 0.1834 0.2025 0.2555 0.3250 0.3946 0.4259 0.4255 0.4024 0.3454 0.2278 0.1810 0.2178 0.2767 0.3495 0.4099 0.4285 0.4204 0.3887 0.3126 0.1979 0.1883 0.2350 0.2994 0.3728 0.4199 0.4284 0.4131 0.3708 0.2717 0.1839 0.2013 0.2535 0.3223 0.3922 0.4254 0.4245 0.4092 0.4245 0.4254 0.3922 0.3223 0.2535 0.2013 0.1839 0.2717 0.3708 0.4131 0.4284 0.4199 0.3728 0.2994 0.2350 0.1883 0.1979 0.3126 0.3887 0.4204 0.4285 0.4099 0.3495 0.2767 0.2178 0.1810 0.2278 0.3454 0.4024 0.4255 0.4259 0.3946 0.3250 0.2555 0.2025 0.1834 0.2688 0.3694 0.4126 0.4283 0.4204 0.3742 0.3009 0.2361 0.1891 0.1967 0.3103 0.3877 0.4213 0.4267
0.4290 0.3880 0.3109 0.1970 0.1889 0.2359 0.3006 0.3739 0.4203 0.4283 0.4127 0.3697 0.2695 0.1835 0.2023 0.2552 0.3247 0.3943 0.4259 0.4256 0.4026 0.3458 0.2284 0.1809 0.2176 0.2763 0.3491 0.4098 0.4285 0.4205 0.3889 0.3132 0.1982 0.1881 0.2347 0.2991 0.3725 0.4198 0.4284 0.4133 0.3711 0.2722 0.1840 0.2013 0.2537 0.3227 0.3925 0.4254 0.4260 0.4000 0.3642 0.4000 0.4260 0.4254 0.3925 0.3227 0.2537 0.2013 0.1840 0.2722 0.3711 0.4133 0.4284 0.4198 0.3725 0.2991 0.2347 0.1881 0.1982 0.3132 0.3889 0.4205 0.4285 0.4098 0.3491 0.2763 0.2176 0.1809 0.2284 0.3458 0.4026 0.4256 0.4259 0.3943 0.3247 0.2552 0.2023 0.1835 0.2695 0.3697 0.4127 0.4283 0.4203 0.3739 0.3006 0.2359 0.1889 0.1970 0.3109 0.3880 0.4290
0.4084 0.3116 0.1973 0.1887 0.2356 0.3002 0.3736 0.4202 0.4283 0.4128 0.3700 0.2701 0.1836 0.2021 0.2549 0.3243 0.3940 0.4258 0.4256 0.4027 0.3462 0.2289 0.1809 0.2173 0.2760 0.3488 0.4096 0.4285 0.4206 0.3891 0.3138 0.1985 0.1879 0.2344 0.2987 0.3722 0.4197 0.4284 0.4134 0.3714 0.2728 0.1841 0.2012 0.2535 0.3227 0.3927 0.4255 0.4260 0.4039 0.3431 0.2721 0.3431 0.4039 0.4260 0.4255 0.3927 0.3227 0.2535 0.2012 0.1841 0.2728 0.3714 0.4134 0.4284 0.4197 0.3722 0.2987 0.2344 0.1879 0.1985 0.3138 0.3891 0.4206 0.4285 0.4096 0.3488 0.2760 0.2173 0.1809 0.2289 0.3462 0.4027 0.4256 0.4258 0.3940 0.3243 0.2549 0.2021 0.1836 0.2701 0.3700 0.4128 0.4283 0.4202 0.3736 0.3002 0.2356 0.1887 0.1973 0.3116 0.4084
0.3478 0.1978 0.1885 0.2353 0.2999 0.3733 0.4200 0.4283 0.4130 0.3703 0.2707 0.1837 0.2019 0.2546 0.3239 0.3938 0.4258 0.4257 0.4029 0.3467 0.2295 0.1809 0.2171 0.2757 0.3484 0.4094 0.4285 0.4207 0.3894 0.3143 0.1989 0.1877 0.2342 0.2984 0.3718 0.4196 0.4284 0.4135 0.3717 0.2734 0.1842 0.2010 0.2533 0.3224 0.3926 0.4255 0.4260 0.4040 0.3488 0.2313 0.1770 0.2313 0.3488 0.4040 0.4260 0.4255 0.3925 0.3223 0.2532 0.2009 0.1842 0.2734 0.3717 0.4135 0.4284 0.4195 0.3718 0.2983 0.2341 0.1877 0.1988 0.3143 0.3894 0.4207 0.4285 0.4094 0.3483 0.2756 0.2170 0.1808 0.2295 0.3467 0.4029 0.4257 0.4258 0.3937 0.3239 0.2545 0.2018 0.1837 0.2707 0.3703 0.4130 0.4283 0.4200 0.3732 0.2998 0.2353 0.1885 0.1977 0.3479
0.2583 0.1884 0.2350 0.2995 0.3729 0.4199 0.4284 0.4131 0.3706 0.2713 0.1838 0.2017 0.2543 0.3236 0.3935 0.4257 0.4257 0.4031 0.3471 0.2300 0.1809 0.2169 0.2754 0.3480 0.4092 0.4284 0.4208 0.3896 0.3149 0.1992 0.1875 0.2339 0.2980 0.3715 0.4194 0.4284 0.4136 0.3720 0.2741 0.1844 0.2008 0.2530 0.3220 0.3923 0.4254 0.4260 0.4039 0.3491 0.2327 0.1810 0.1935 0.1811 0.2327 0.3492 0.4040 0.4260 0.4254 0.3922 0.3219 0.2529 0.2007 0.1843 0.2741 0.3721 0.4137 0.4285 0.4194 0.3713 0.2979 0.2338 0.1875 0.1992 0.3149 0.3898 0.4209 0.4284 0.4091 0.3479 0.2752 0.2168 0.1808 0.2300 0.3472 0.4032 0.4258 0.4257 0.3933 0.3234 0.2542 0.2016 0.1838 0.2714 0.3708 0.4132 0.4284 0.4199 0.3728 0.2994 0.2350 0.1884 0.2583
0.2474 0.2349 0.2991 0.3726 0.4198 0.4284 0.4132 0.3710 0.2720 0.1840 0.2015 0.2540 0.3232 0.3932 0.4256 0.4258 0.4033 0.3475 0.2306 0.1808 0.2166 0.2750 0.3477 0.4090 0.4284 0.4209 0.3898 0.3155 0.1995 0.1874 0.2336 0.2977 0.3712 0.4193 0.4285 0.4138 0.3722 0.2747 0.1845 0.2005 0.2527 0.3217 0.3920 0.4254 0.4260 0.4040 0.3492 0.2332 0.1818 0.2167 0.2445 0.2195 0.1834 0.2327 0.3488 0.4039 0.4260 0.4254 0.3932 0.3241 0.2550 0.2023 0.1853 0.2739 0.3721 0.4137 0.4285 0.4195 0.3729 0.3001 0.2358 0.1889 0.1998 0.3147 0.3897 0.4209 0.4285 0.4095 0.3499 0.2774 0.2186 0.1820 0.2301 0.3471 0.4032 0.4258 0.4257 0.3944 0.3256 0.2563 0.2032 0.1848 0.2712 0.3708 0.4132 0.4284 0.4199 0.3744 0.3017 0.2373 0.2485
0.2766 0.2990 0.3722 0.4197 0.4284 0.4133 0.3713 0.2726 0.1841 0.2012 0.2537 0.3229 0.3929 0.4256 0.4258 0.4034 0.3479 0.2312 0.1808 0.2164 0.2747 0.3473 0.4088 0.4284 0.4210 0.3901 0.3161 0.1999 0.1872 0.2334 0.2973 0.3708 0.4192 0.4285 0.4139 0.3725 0.2753 0.1846 0.2003 0.2524 0.3213 0.3917 0.4253 0.4261 0.4042 0.3496 0.2336 0.1806 0.2170 0.2781 0.3138 0.2725 0.2197 0.1814 0.2313 0.3431 0.4000 0.4245 0.4267 0.3955 0.3247 0.2546 0.2016 0.1843 0.2725 0.3665 0.4106 0.4278 0.4216 0.3747 0.3003 0.2352 0.1883 0.1986 0.3107 0.3849 0.4185 0.4287 0.4120 0.3510 0.2773 0.2179 0.1812 0.2289 0.3414 0.3992 0.4242 0.4269 0.3967 0.3262 0.2559 0.2025 0.1838 0.2699 0.3652 0.4100 0.4277 0.4220 0.3762 0.3024 0.2784
0.3219 0.3723 0.4194 0.4284 0.4135 0.3716 0.2732 0.1842 0.2010 0.2534 0.3225 0.3927 0.4255 0.4259 0.4036 0.3482 0.2317 0.1808 0.2161 0.2744 0.3470 0.4086 0.4284 0.4211 0.3903 0.3166 0.2002 0.1870 0.2331 0.2970 0.3705 0.4191 0.4285 0.4140 0.3728 0.2760 0.1848 0.2001 0.2521 0.3209 0.3915 0.4252 0.4261 0.4043 0.3499 0.2342 0.1806 0.2149 0.2776 0.3523 0.3653 0.2978 0.2401 0.1940 0.1772 0.2721 0.3642 0.4092 0.4268 0.4187 0.3634 0.2877 0.2251 0.1814 0.1956 0.3093 0.3829 0.4173 0.4279 0.4063 0.3383 0.2652 0.2088 0.1740 0.2296 0.3390 0.3975 0.4230 0.4257 0.3879 0.3133 0.2448 0.1944 0.1764 0.2696 0.3629 0.4086 0.4267 0.4193 0.3649 0.2891 0.2263 0.1820 0.1939 0.3071 0.3818 0.4168 0.4279 0.4072 0.3413 0.2986
0.3750 0.4210 0.4283 0.4136 0.3719 0.2739 0.1843 0.2008 0.2530 0.3220 0.3923 0.4254 0.4260 0.4038 0.3486 0.2323 0.1807 0.2158 0.2740 0.3465 0.4084 0.4283 0.4212 0.3905 0.3172 0.2005 0.1868 0.2327 0.2965 0.3701 0.4189 0.4285 0.4141 0.3732 0.2766 0.1848 0.1998 0.2517 0.3205 0.3911 0.4252 0.4262 0.4045 0.3504 0.2348 0.1806 0.2147 0.2731 0.3501 0.4053 0.3788 0.2479 0.2039 0.1812 0.2312 0.3431 0.4000 0.4245 0.4267 0.3955 0.3247 0.2546 0.2016 0.1843 0.2725 0.3665 0.4106 0.4278 0.4216 0.3747 0.3003 0.2352 0.1883 0.1986 0.3107 0.3849 0.4185 0.4287 0.4120 0.3510 0.2773 0.2179 0.1812 0.2289 0.3414 0.3992 0.4242 0.4269 0.3967 0.3262 0.2559 0.2025 0.1838 0.2699 0.3652 0.4100 0.4277 0.4220 0.3762 0.3024 0.2784
0.4136 0.4305 0.4138 0.3724 0.2745 0.1844 0.2006 0.2527 0.3216 0.3919 0.4253 0.4261 0.4041 0.3492 0.2329 0.1807 0.2156 0.2736 0.3461 0.4081 0.4283 0.4213 0.3909 0.3178 0.2009 0.1867 0.2325 0.2962 0.3697 0.4188 0.4286 0.4144 0.3736 0.2771 0.1850 0.1997 0.2514 0.3201 0.3908 0.4250 0.4263 0.4048 0.3509 0.2353 0.1806 0.2146 0.2721 0.3449 0.4085 0.4279 0.4489 0.2803 0.1719 0.2314 0.3491 0.4040 0.4260 0.4254 0.3932 0.3241 0.2550 0.2023 0.1853 0.2739 0.3721 0.4137 0.4285 0.4195 0.3729 0.3001 0.2358 0.1889 0.1998 0.3147 0.3897 0.4209 0.4285 0.4095 0.3499 0.2774 0.2186 0.1820 0.2301 0.3471 0.4032 0.4258 0.4257 0.3944 0.3256 0.2563 0.2032 0.1848 0.2712 0.3708 0.4132 0.4284 0.4199 0.3744 0.3017 0.2373 0.2485
0.4295 0.4144 0.3721 0.2741 0.1856 0.2027 0.2554 0.3245 0.3934 0.4254 0.4261 0.4040 0.3489 0.2329 0.1823 0.2179 0.2765 0.3487 0.4088 0.4284 0.4213 0.3907 0.3173 0.2016 0.1885 0.2351 0.2992 0.3719 0.4190 0.4286 0.4142 0.3733 0.2766 0.1861 0.2018 0.2542 0.3231 0.3923 0.4252 0.4263 0.4046 0.3505 0.2351 0.1821 0.2169 0.2751 0.3472 0.4081 0.4284 0.4212 0.4119 0.2427 0.2272 0.3493 0.4043 0.4260 0.4254 0.3922 0.3219 0.2529 0.2007 0.1843 0.2741 0.3721 0.4137 0.4285 0.4194 0.3713 0.2979 0.2338 0.1875 0.1992 0.3149 0.3898 0.4209 0.4284 0.4091 0.3479 0.2752 0.2168 0.1808 0.2300 0.3472 0.4032 0.4258 0.4257 0.3933 0.3234 0.2542 0.2016 0.1838 0.2714 0.3708 0.4132 0.4284 0.4199 0.3728 0.2994 0.2350 0.1884 0.2583
0.4224 0.3653 0.2720 0.1839 0.2008 0.2535 0.3235 0.3951 0.4269 0.4242 0.3991 0.3417 0.2315 0.1804 0.2159 0.2746 0.3484 0.4111 0.4287 0.4185 0.3849 0.3116 0.2000 0.1867 0.2330 0.2977 0.3726 0.4213 0.4278 0.4105 0.3665 0.2744 0.1844 0.1999 0.2522 0.3220 0.3939 0.4267 0.4245 0.3999 0.3433 0.2338 0.1803 0.2149 0.2732 0.3469 0.4103 0.4287 0.4187 0.3859 0.3153 0.2404 0.3456 0.4045 0.4259 0.4255 0.3925 0.3223 0.2532 0.2009 0.1842 0.2734 0.3717 0.4135 0.4284 0.4195 0.3718 0.2983 0.2341 0.1877 0.1988 0.3143 0.3894 0.4207 0.4285 0.4094 0.3483 0.2756 0.2170 0.1808 0.2295 0.3467 0.4029 0.4257 0.4258 0.3937 0.3239 0.2545 0.2018 0.1837 0.2707 0.3703 0.4130 0.4283 0.4200 0.3732 0.2998 0.2353 0.1885 0.1977 0.3479
0.4070 0.3224 0.2092 0.1775 0.2179 0.2778 0.3526 0.4141 0.4277 0.4132 0.3732 0.2894 0.1838 0.1880 0.2353 0.3011 0.3769 0.4232 0.4253 0.4036 0.3519 0.2501 0.1743 0.2015 0.2548 0.3259 0.3979 0.4274 0.4205 0.3908 0.3253 0.2117 0.1770 0.2168 0.2764 0.3511 0.4134 0.4278 0.4137 0.3743 0.2916 0.1849 0.1872 0.2341 0.2995 0.3752 0.4227 0.4256 0.4045 0.3507 0.2759 0.3386 0.4044 0.4261 0.4255 0.3927 0.3227 0.2535 0.2012 0.1841 0.2728 0.3714 0.4134 0.4284 0.4197 0.3722 0.2987 0.2344 0.1879 0.1985 0.3138 0.3891 0.4206 0.4285 0.4096 0.3488 0.2760 0.2173 0.1809 0.2289 0.3462 0.4027 0.4256 0.4258 0.3940 0.3243 0.2549 0.2021 0.1836 0.2701 0.3700 0.4128 0.4283 0.4202 0.3736 0.3002 0.2356 0.1887 0.1973 0.3116 0.4084
