-29.2126 -46.5026 -15.3122 -44.0733 27.3932 -35.1772 -7.8120 -24.8249 -48.4854 21.8853 -39.8498 14.9498 -30.7326 -43.8216 -17.8426 -45.0848 30.3370 -36.1285 -0.1879 -26.0804 -48.7815 7.6002 -40.7628 17.8657 -31.8600 -38.8137 -19.9821 -46.0992 32.7477 -37.0371 4.8815 -27.2547 -48.7566 -4.4031 -41.7855 20.8570 -32.9726 -30.8374 -21.7747 -47.0343 33.5034 -37.9552 8.6551 -28.4068 -48.2356 -11.0067 -42.8879 23.9710 -34.0643 -19.7148 -23.3513 -47.8554 30.5061 -39.1179 14.0817 -32.3959 -5.6462 -31.9689 11.9164 -38.3305 33.3580 -47.1305 -21.9332 -29.9492 -33.0730 21.1314 -41.8842 -5.1671 -48.7383 -27.3567 5.2543 -37.1182 32.9018 -46.1858 -20.1529 -38.2375 -31.9584 18.1265 -40.8427 6.2962 -48.7888 -26.1883 0.3456 -36.2100 30.5866 -45.1771 -18.0511 -43.4761 -30.8342 15.2068 -39.9324 20.7757 -48.5261 -24.9427 -6.9678 -35.2670 27.6741 -44.1684 -15.5830 -46.2978 -29.3164
-46.5026 -15.0545 -44.2134 27.8760 -35.7412 -5.1218 -25.7256 -48.6405 25.1660 -40.1385 15.5086 -31.4677 -42.4211 -18.2614 -45.3145 31.0641 -36.6550 1.4877 -26.9771 -48.8343 10.8822 -40.9414 18.3787 -32.5642 -36.5456 -20.6023 -46.3438 33.7453 -37.5215 5.9794 -28.1017 -48.6480 -2.9177 -41.9069 21.3521 -33.6437 -27.5143 -22.5368 -47.2757 34.9761 -38.3924 9.4609 -29.2134 -47.8647 -10.6131 -43.0540 24.4842 -34.6976 -15.8952 -24.2060 -48.0635 33.0200 -39.3175 13.1709 -31.3375 -35.8055 -26.5091 -38.9152 -30.5804 10.6458 -38.5473 34.9615 -47.3574 -22.6990 -26.5426 -33.7411 21.6291 -42.0091 -3.8124 -48.6105 -28.2000 6.3147 -37.5996 33.9334 -46.4301 -20.7861 -35.8750 -32.6600 18.6345 -41.0114 9.4425 -48.8295 -27.0807 1.9533 -36.7312 31.3304 -45.4089 -18.4914 -42.0117 -31.5666 15.7599 -40.2112 24.1347 -48.6745 -25.8439 -4.3988 -35.8268 28.1670 -44.3111 -15.3670 -46.2978
-15.3122 -44.2134 28.1636 -35.8949 -3.6761 -25.9901 -48.7194 22.4185 -40.3921 16.1875 -31.7350 -41.2507 -18.8783 -45.5712 31.7905 -36.8882 2.7240 -27.2514 -48.8112 7.0134 -41.2086 19.0941 -32.8356 -34.6403 -21.1068 -46.5827 34.2328 -37.7642 6.8961 -28.3700 -48.5319 -5.2704 -42.1883 22.1062 -33.9143 -24.8192 -22.9673 -47.4850 34.8859 -38.6423 10.2363 -29.4836 -47.5288 -11.9101 -43.3323 25.2751 -34.9618 -13.0624 -24.5799 -48.2237 31.8687 -39.5302 13.4069 -30.9148 -42.7307 -21.4363 -48.6675 -20.5040 -45.3723 -29.9893 10.7664 -38.7414 34.7959 -47.5599 -23.1223 -23.7796 -34.0110 22.3837 -42.2910 -6.0387 -48.4787 -28.4696 7.2151 -37.8423 34.3846 -46.6673 -21.2832 -33.9022 -32.9325 19.3558 -41.2799 5.6346 -48.7936 -27.3523 3.1499 -36.9643 32.0433 -45.6647 -19.0962 -40.7818 -31.8341 16.4437 -40.4661 21.2474 -48.7471 -26.1049 -3.0207 -35.9794 28.4545 -44.3111 -15.5830
-44.0733 27.8760 -35.8949 -3.1540 -26.1456 -48.7672 19.9263 -40.5574 16.8035 -31.9815 -39.9894 -19.4425 -45.8188 32.4671 -37.0971 3.8444 -27.5221 -48.7724 3.4062 -41.3974 19.8118 -33.0997 -32.5441 -21.5875 -46.8138 34.6140 -37.9783 7.7604 -28.6405 -48.3711 -7.2673 -42.4675 22.8659 -34.1737 -21.9876 -23.3824 -47.6834 34.5792 -38.8561 10.9862 -29.7533 -47.1258 -13.0505 -43.6077 26.0694 -35.2105 -10.3873 -24.9432 -48.3699 30.3063 -39.7290 13.9749 -30.9576 -43.7846 -18.7473 -46.6969 16.4541 -46.2494 -16.7166 -46.3628 -29.9736 11.3190 -38.9387 34.4064 -47.7536 -23.5302 -20.9286 -34.2689 23.1454 -42.5710 -7.9299 -48.3010 -28.7407 8.0671 -38.0555 34.7223 -46.8969 -21.7578 -31.7405 -33.1969 20.0810 -41.4670 2.1646 -48.7533 -27.6212 4.2335 -37.1743 32.7058 -45.9111 -19.6511 -39.4555 -32.0791 17.0623 -40.6329 18.6541 -48.7890 -26.2585 -2.5216 -35.9794 28.1670 -44.1684
27.3932 -35.7412 -3.6761 -26.1456 -48.7829 18.4001 -40.6727 17.2885 -32.1853 -38.7452 -19.9361 -46.0485 33.0706 -37.3005 4.8571 -27.7865 -48.7288 0.2074 -41.6107 20.5344 -33.3610 -30.2637 -22.0476 -47.0373 34.8690 -38.1907 8.5839 -28.9103 -48.1615 -8.9764 -42.7453 23.6304 -34.4292 -19.0849 -23.7807 -47.8696 34.0254 -39.0683 11.7144 -30.0223 -46.6497 -14.0703 -43.8809 26.8632 -35.4536 -7.9336 -25.2923 -48.4989 28.3345 -39.9334 14.6348 -31.1582 -43.4534 -18.0533 -45.7090 35.0253 -41.1862 34.5084 -44.9339 -15.4659 -46.2620 -30.1568 11.9938 -39.1458 33.7574 -47.9354 -23.9223 -18.0328 -34.5230 23.9148 -42.8487 -9.5515 -48.0721 -29.0105 8.8796 -38.2686 34.9266 -47.1177 -22.2112 -29.3873 -33.4579 20.8033 -41.6963 -0.8599 -48.7083 -27.8843 5.2191 -37.3788 33.2910 -46.1389 -20.1332 -38.1648 -32.2827 17.5450 -40.7475 17.0753 -48.8022 -26.2585 -3.0207 -35.8268 27.6741
-35.1772 -5.1218 -25.9901 -48.7672 18.4001 -40.7145 17.5571 -32.3232 -37.7210 -20.3252 -46.2444 33.5673 -37.4904 5.7608 -28.0401 -48.6637 -2.4988 -41.8653 21.2548 -33.6179 -27.8173 -22.4873 -47.2527 34.9758 -38.4033 9.3757 -29.1797 -47.8971 -10.4585 -43.0235 24.4031 -34.6819 -16.1952 -24.1650 -48.0438 33.1925 -39.2785 12.4307 -30.2920 -46.0906 -14.9941 -44.1535 27.6584 -35.6920 -5.7300 -25.6288 -48.6098 25.9444 -40.1378 15.3184 -31.4066 -42.6312 -18.2717 -45.4726 32.9443 -38.5520 18.8189 -38.1598 30.8429 -44.5549 -15.6122 -45.8034 -30.4002 12.6961 -39.3558 32.8128 -48.1050 -24.3019 -15.1612 -34.7744 24.6888 -43.1249 -10.9624 -47.7852 -29.2803 9.6626 -38.4811 34.9730 -47.3302 -22.6456 -26.8634 -33.7142 21.5228 -41.9671 -3.4106 -48.6298 -28.1390 6.1016 -37.5679 33.7629 -46.3333 -20.5152 -37.0992 -32.4211 17.8162 -40.7887 17.0753 -48.7890 -26.1049 -4.3988 -35.2670
-7.8120 -25.7256 -48.7194 19.9263 -40.6727 17.5571 -32.3732 -37.1311 -20.5752 -46.3883 33.9292 -37.6528 6.5239 -28.2740 -48.5694 -4.7170 -42.1278 21.9643 -33.8677 -25.2459 -22.9054 -47.4570 34.9086 -38.6146 10.1413 -29.4485 -47.5733 -11.7580 -43.3004 25.1824 -34.9318 -13.3801 -24.5370 -48.2049 32.0394 -39.4888 13.1374 -30.5615 -45.4393 -15.8421 -44.4237 28.4512 -35.9258 -3.7578 -25.9542 -48.7010 23.1143 -40.3415 16.0108 -31.6690 -41.5466 -18.7691 -45.5705 32.2511 -37.4882 10.3255 -33.3533 8.8936 -36.8506 29.6577 -44.6110 -16.2109 -45.1603 -30.6614 13.3985 -39.5656 31.5329 -48.2614 -24.6696 -12.3915 -35.0229 25.4703 -43.4001 -12.2028 -47.4354 -29.5487 10.4188 -38.6925 34.8341 -47.5320 -23.0593 -24.2369 -33.9630 22.2352 -42.2294 -5.5158 -48.5216 -28.3725 6.8471 -37.7308 34.1049 -46.4769 -20.7639 -36.4775 -32.4704 17.8162 -40.7475 18.6541 -48.7471 -25.8439 -6.9678
-24.8249 -48.6405 22.4185 -40.5574 17.2885 -32.3232 -37.1311 -20.6627 -46.4652 34.1445 -37.7735 7.1089 -28.4711 -48.4571 -6.4817 -42.3712 22.6419 -34.1064 -22.6243 -23.3000 -47.6487 34.6457 -38.8227 10.8779 -29.7159 -47.1842 -12.9065 -43.5732 25.9680 -35.1783 -10.7130 -24.8974 -48.3519 30.5250 -39.6981 13.8378 -30.8309 -44.6869 -16.6221 -44.6903 29.2387 -36.1542 -1.9989 -26.2687 -48.7704 19.8582 -40.5438 16.7053 -31.9354 -40.2708 -19.3255 -45.7766 32.4863 -37.2487 6.4822 -30.2687 -31.2974 -29.8507 3.4686 -36.5067 29.7967 -44.8121 -16.9049 -44.3789 -30.9284 14.0978 -39.7755 29.8791 -48.4029 -25.0267 -9.7925 -35.2682 26.2579 -43.6736 -13.3014 -47.0216 -29.8140 11.1487 -38.9007 34.4864 -47.7194 -23.4493 -21.5773 -34.2007 22.9199 -42.4740 -7.1810 -48.3953 -28.5696 7.4253 -37.8524 34.3071 -46.5534 -20.8501 -36.4775 -32.4211 17.5450 -40.6329 21.2474 -48.6745 -24.9427
-48.4854 25.1660 -40.3921 16.8035 -32.1853 -37.7210 -20.5752 -46.4652 34.2152 -37.8386 7.4827 -28.6149 -48.3467 -7.7962 -42.5841 23.2573 -34.3245 -20.0831 -23.6646 -47.8243 34.1740 -39.0251 11.5842 -29.9785 -46.7280 -13.9292 -43.8424 26.7536 -35.4207 -8.2488 -25.2463 -48.4829 28.6139 -39.9062 14.5372 -31.0999 -43.8242 -17.3420 -44.9542 30.0154 -36.3768 -0.4277 -26.5722 -48.8157 16.2341 -40.7437 17.4038 -32.2028 -38.8236 -19.8776 -46.0127 33.0019 -37.3178 5.5352 -28.7238 -46.6083 -22.5623 -47.4401 -27.9526 1.6684 -36.5396 30.3726 -45.0572 -17.5942 -43.4754 -31.1964 14.7922 -39.9837 27.8059 -48.5276 -25.3713 -7.4102 -35.5097 27.0436 -43.9439 -14.2802 -46.5408 -30.0760 11.8531 -39.1034 33.9212 -47.8908 -23.8089 -19.0195 -34.4179 23.5409 -42.6874 -8.4213 -48.2729 -28.7146 7.7970 -37.9177 34.3719 -46.5534 -20.7639 -37.0992 -32.2827 17.0623 -40.4661 24.1347 -48.5261
21.8853 -40.1385 16.1875 -31.9815 -38.7452 -20.3252 -46.3883 34.1445 -37.8386 7.6103 -28.6933 -48.2636 -8.6653 -42.7523 23.7789 -34.5112 -17.7862 -23.9882 -47.9790 33.5044 -39.2197 12.2558 -30.2323 -46.2070 -14.8378 -44.1074 27.5316 -35.6563 -6.0324 -25.5817 -48.5965 26.2866 -40.1126 15.2338 -31.3676 -42.8391 -18.0138 -45.2151 30.7755 -36.5931 0.9837 -26.8648 -48.8344 12.3737 -40.9411 18.1100 -32.4695 -37.1998 -20.4085 -46.2540 33.5539 -37.4868 5.8839 -28.3126 -48.2669 -15.1190 -47.1015 -13.3246 -48.6879 -27.3768 1.9112 -36.6952 31.0701 -45.3115 -18.2480 -42.4446 -31.4639 15.4851 -40.1890 25.3176 -48.6336 -25.7034 -5.2738 -35.7439 27.8211 -44.2072 -15.1594 -45.9869 -30.3319 12.5198 -39.2968 33.1526 -48.0420 -24.1287 -16.7254 -34.6044 24.0606 -42.8543 -9.2501 -48.1821 -28.7930 7.9239 -37.9177 34.3071 -46.4769 -20.5152 -38.1648 -32.0791 16.4437 -40.2112 20.7757
-39.8498 15.5086 -31.7350 -39.9894 -19.9361 -46.2444 33.9292 -37.7735 7.4827 -28.6933 -48.2319 -9.1129 -42.8618 24.1593 -34.6580 -15.8940 -24.2606 -48.1095 32.6796 -39.3997 12.8809 -30.4755 -45.6283 -15.6434 -44.3653 28.2947 -35.8837 -4.0733 -25.9030 -48.6904 23.5464 -40.3161 15.9212 -31.6347 -41.7199 -18.6443 -45.4727 31.5112 -36.8054 2.2626 -27.1461 -48.8235 8.4664 -41.1354 18.8213 -32.7342 -35.3905 -20.9165 -46.4925 34.0595 -37.6865 6.6217 -28.3627 -48.4538 -9.7884 -44.3578 34.9844 -43.8461 -4.1321 -48.7591 -27.3699 2.8174 -36.8889 31.7789 -45.5656 -18.8644 -41.2729 -31.7308 16.1745 -40.3901 22.4254 -48.7190 -26.0212 -3.3882 -35.9697 28.5856 -44.4624 -15.9445 -45.3715 -30.5749 13.1400 -39.4748 32.2265 -48.1687 -24.3976 -14.8543 -34.7496 24.4424 -42.9626 -9.6748 -48.1478 -28.7930 7.7970 -37.8524 34.1049 -46.3333 -20.1332 -39.4555 -31.8341 15.7599 -39.9324
14.9498 -31.4677 -41.2507 -19.4425 -46.0485 33.5673 -37.6528 7.1089 -28.6149 -48.2636 -9.1129 -42.9004 24.3638 -34.7514 -14.5575 -24.4685 -48.2112 31.7859 -39.5570 13.4420 -30.7008 -45.0050 -16.3564 -44.6102 29.0317 -36.1021 -2.3526 -26.2098 -48.7614 20.4297 -40.5149 16.6055 -31.8985 -40.4616 -19.2383 -45.7264 32.2129 -37.0169 3.4299 -27.4199 -48.7869 4.7344 -41.3258 19.5357 -32.9980 -33.3872 -21.4030 -46.7253 34.4796 -37.8959 7.4478 -28.5651 -48.3926 -8.1914 -43.1552 29.3350 -39.0939 27.8616 -42.3174 -0.2020 -48.7543 -27.5541 3.8601 -37.0969 32.4625 -45.8176 -19.4469 -39.9605 -31.9952 16.8596 -40.5867 19.1524 -48.7818 -26.3225 -1.7365 -36.1850 29.3205 -44.7063 -16.6332 -44.7184 -30.7979 13.6993 -39.6314 31.2476 -48.2668 -24.6025 -13.5346 -34.8429 24.6482 -43.0005 -9.6748 -48.1821 -28.7146 7.4253 -37.7308 33.7629 -46.1389 -19.6511 -40.7818 -31.5666 15.2068
-30.7326 -42.4211 -18.8783 -45.8188 33.0706 -37.4904 6.5239 -28.4711 -48.3467 -8.6653 -42.8618 24.3638 -34.7827 -13.8734 -24.5983 -48.2803 30.9762 -39.6855 13.9169 -30.8962 -44.3732 -16.9691 -44.8357 29.7220 -36.3049 -0.8578 -26.4962 -48.8093 17.0001 -40.7068 17.2835 -32.1583 -39.0612 -19.7941 -45.9740 32.8663 -37.2284 4.5004 -27.6914 -48.7448 1.3541 -41.5241 20.2576 -33.2607 -31.1844 -21.8701 -46.9520 34.7857 -38.1083 8.2762 -28.8147 -48.2325 -8.7930 -42.8871 25.6057 -36.4592 12.0131 -36.0596 23.2597 -41.9096 -0.7852 -48.7237 -27.8000 4.8880 -37.3077 33.0976 -46.0638 -19.9927 -38.4974 -32.2556 17.5405 -40.7787 15.6242 -48.8213 -26.6054 -0.3075 -36.3855 30.0030 -44.9321 -17.2256 -44.0596 -30.9925 14.1723 -39.7613 30.3625 -48.3333 -24.7322 -12.8473 -34.8756 24.6482 -42.9626 -9.2501 -48.2729 -28.5696 6.8471 -37.5679 33.2910 -45.9111 -19.0962 -42.0117 -30.8342
-43.8216 -18.2614 -45.5712 32.4671 -37.3005 5.7608 -28.2740 -48.4571 -7.7962 -42.7523 24.1593 -34.7514 -13.8734 -24.6426 -48.3146 30.4109 -39.7767 14.2804 -31.0545 -43.7894 -17.4703 -45.0369 30.3389 -36.4879 0.4163 -26.7587 -48.8338 13.4504 -40.8927 17.9493 -32.4135 -37.5141 -20.3161 -46.2136 33.4574 -37.4393 5.4879 -27.9607 -48.6898 -1.5979 -41.7676 20.9877 -33.5221 -28.7828 -22.3203 -47.1713 34.9539 -38.3225 9.0782 -29.0785 -48.0010 -10.0246 -42.9898 24.8069 -35.3957 1.0816 -31.1176 -1.6553 -34.7022 22.1133 -41.9654 -2.8224 -48.6571 -28.0641 5.8491 -37.5169 33.6625 -46.3023 -20.5049 -36.8876 -32.5119 18.2116 -40.9637 12.0265 -48.8363 -26.8652 0.9117 -36.5670 30.6132 -45.1321 -17.7148 -43.4468 -31.1516 14.5374 -39.8526 29.7417 -48.3667 -24.7772 -12.8473 -34.8429 24.4424 -42.8543 -8.4213 -48.3953 -28.3725 6.1016 -37.3788 32.7058 -45.6647 -18.4914 -43.4761
-17.8426 -45.3145 31.7905 -37.0971 4.8571 -28.0401 -48.5694 -6.4817 -42.5841 23.7789 -34.6580 -14.5575 -24.5983 -48.3146 30.2040 -39.8233 14.5089 -31.1661 -43.3098 -17.8593 -45.2051 30.8665 -36.6481 1.4725 -26.9951 -48.8349 10.0062 -41.0703 18.6011 -32.6607 -35.8411 -20.8077 -46.4455 33.9708 -37.6478 6.4099 -28.2268 -48.5978 -4.1133 -42.0447 21.7262 -33.7820 -26.2002 -22.7541 -47.3823 34.9562 -38.5364 9.8540 -29.3465 -47.7040 -11.3013 -43.2132 25.0914 -35.1047 -7.0470 -27.6093 -45.1581 -27.0782 -14.8020 -34.2401 22.2553 -42.1752 -5.0116 -48.5506 -28.3282 6.7415 -37.7240 34.1433 -46.5315 -20.9903 -35.1431 -32.7593 18.8627 -41.1388 8.5777 -48.8277 -27.0969 1.9341 -36.7251 31.1350 -45.2994 -18.0956 -42.9380 -31.2649 14.7642 -39.8977 29.5212 -48.3667 -24.7322 -13.5346 -34.7496 24.0606 -42.6874 -7.1810 -48.5216 -28.1390 5.2191 -37.1743 32.0433 -45.4089 -18.0511
-45.0848 31.0641 -36.8882 3.8444 -27.7865 -48.6637 -4.7170 -42.3712 23.2573 -34.5112 -15.8940 -24.4685 -48.2803 30.4109 -39.8233 14.5873 -31.2229 -42.9937 -18.1239 -45.3318 31.2868 -36.7811 2.3274 -27.1983 -48.8162 6.8717 -41.2332 19.2241 -32.8975 -34.0685 -21.2647 -46.6664 34.3916 -37.8518 7.2689 -28.4894 -48.4655 -6.2334 -42.3189 22.4679 -34.0380 -23.4660 -23.1706 -47.5832 34.7620 -38.7481 10.6074 -29.6154 -47.3401 -12.4858 -43.4721 25.7211 -35.1648 -9.4146 -25.9097 -48.7662 -17.0215 -48.7702 -24.8653 -19.1507 -34.2421 22.8184 -42.4302 -6.9707 -48.4039 -28.5882 7.5819 -37.9286 34.5273 -46.7504 -21.4408 -33.2904 -32.9937 19.4873 -41.2999 5.5203 -48.8003 -27.2968 2.7630 -36.8578 31.5504 -45.4264 -18.3574 -42.6024 -31.3226 14.8393 -39.8977 29.7417 -48.3333 -24.6025 -14.8543 -34.6044 23.5409 -42.4740 -5.5158 -48.6298 -27.8843 4.2335 -36.9643 31.3304 -45.1771
30.3370 -36.6550 2.7240 -27.5221 -48.7288 -2.4988 -42.1278 22.6419 -34.3245 -17.7862 -24.2606 -48.2112 30.9762 -39.7767 14.5089 -31.2229 -42.8826 -18.2550 -45.4103 31.5725 -36.8835 2.9868 -27.3647 -48.7840 4.2412 -41.3759 19.8032 -33.1183 -32.2313 -21.6851 -46.8738 34.7045 -38.0499 8.0683 -28.7466 -48.2916 -8.0358 -42.5899 23.2074 -34.2907 -20.6374 -23.5707 -47.7738 34.3458 -38.9580 11.3422 -29.8841 -46.9047 -13.5595 -43.7413 26.4657 -35.3520 -8.5314 -25.4736 -48.6061 1.3057 -44.7269 8.0110 -48.2830 -24.2037 -18.6027 -34.4160 23.5110 -42.6943 -8.6542 -48.2132 -28.8456 8.3710 -38.1280 34.7989 -46.9562 -21.8535 -31.3950 -33.2135 20.0678 -41.4438 2.9965 -48.7698 -27.4632 3.3989 -36.9601 31.8337 -45.5039 -18.4875 -42.4867 -31.3226 14.7642 -39.8526 30.3625 -48.2668 -24.3976 -16.7254 -34.4179 22.9199 -42.2294 -3.4106 -48.7083 -27.6212 3.1499 -36.7312 30.5866
-36.1285 1.4877 -27.2514 -48.7724 0.2074 -41.8653 21.9643 -34.1064 -20.0831 -23.9882 -48.1095 31.7859 -39.6855 14.2804 -31.1661 -42.9937 -18.2550 -45.4366 31.7128 -36.9466 3.4306 -27.4923 -48.7596 2.1826 -41.4983 20.3160 -33.3153 -30.4150 -22.0637 -47.0644 34.9001 -38.2418 8.8135 -28.9967 -48.0748 -9.5683 -42.8575 23.9479 -34.5378 -17.8142 -23.9556 -47.9519 33.6759 -39.1675 12.0593 -30.1518 -46.3909 -14.5280 -44.0124 27.2497 -35.5752 -6.6828 -25.5623 -48.6118 18.5859 -41.9291 31.1310 -41.5735 27.7119 -48.1651 -24.2392 -16.4684 -34.6396 24.2377 -42.9589 -10.1034 -47.9765 -29.0975 9.1063 -38.3193 34.9475 -47.1435 -22.2278 -29.5256 -33.4102 20.5803 -41.5821 1.0270 -48.7486 -27.5919 3.8289 -37.0229 31.9699 -45.5294 -18.4875 -42.6024 -31.2649 14.5374 -39.7613 31.2476 -48.1687 -24.1287 -19.0195 -34.2007 22.2352 -41.9671 -0.8599 -48.7533 -27.3523 1.9533 -36.2100
-0.1879 -26.9771 -48.8112 3.4062 -41.6107 21.2548 -33.8677 -22.6243 -23.6646 -47.9790 32.6796 -39.5570 13.9169 -31.0545 -43.3098 -18.1239 -45.4103 31.7128 -36.9666 3.6404 -27.5715 -48.7480 0.7116 -41.6175 20.7469 -33.4834 -28.7220 -22.3924 -47.2329 34.9758 -38.4221 9.5006 -29.2369 -47.8177 -10.8709 -43.1175 24.6867 -34.7782 -15.0593 -24.3228 -48.1159 32.7211 -39.3747 12.7602 -30.4180 -45.7952 -15.4060 -44.2819 28.0398 -35.8068 -4.7142 -25.8171 -48.6699 21.9379 -40.8944 21.7847 -36.9824 20.3954 -40.2811 30.6537 -48.2176 -24.5019 -13.9308 -34.8728 24.9700 -43.2168 -11.3501 -47.6982 -29.3371 9.7825 -38.4991 34.9720 -47.3102 -22.5524 -27.7830 -33.5780 21.0130 -41.7170 -0.3821 -48.7330 -27.6718 4.0330 -37.0431 31.9699 -45.5039 -18.3574 -42.9380 -31.1516 14.1723 -39.6314 32.2265 -48.0420 -23.8089 -21.5773 -33.9630 21.5228 -41.6963 2.1646 -48.7936 -27.0807 0.3456
-26.0804 -48.8343 7.0134 -41.3974 20.5344 -33.6179 -25.2459 -23.3000 -47.8243 33.5044 -39.3997 13.4420 -30.8962 -43.7894 -17.8593 -45.3318 31.5725 -36.9466 3.6404 -27.5971 -48.7409 -0.1542 -41.7211 21.0812 -33.6170 -27.2484 -22.6658 -47.3760 34.9442 -38.5858 10.1186 -29.4623 -47.5275 -11.9868 -43.3660 25.4044 -35.0115 -12.4275 -24.6721 -48.2654 31.4651 -39.5778 13.4473 -30.6824 -45.1096 -16.2066 -44.5479 28.8236 -36.0368 -2.8738 -26.1149 -48.7403 20.6986 -40.6457 18.3897 -34.2839 3.8368 -33.8514 16.2380 -39.9190 30.3267 -48.3306 -24.8182 -11.4307 -35.1014 25.6875 -43.4651 -12.4162 -47.3883 -29.5612 10.3935 -38.6638 34.8885 -47.4523 -22.8222 -26.2736 -33.7123 21.3482 -41.8221 -1.2113 -48.7234 -27.6973 4.0330 -37.0229 31.8337 -45.4264 -18.0956 -43.4468 -30.9925 13.6993 -39.4748 33.1526 -47.8908 -23.4493 -24.2369 -33.7142 20.8033 -41.4670 5.6346 -48.8295 -26.1883
-48.7815 10.8822 -41.2086 19.8118 -33.3610 -27.8173 -22.9054 -47.6487 34.1740 -39.2197 12.8809 -30.7008 -44.3732 -17.4703 -45.2051 31.2868 -36.8835 3.4306 -27.5715 -48.7409 -0.4316 -41.7738 21.2900 -33.7125 -26.0767 -22.8794 -47.4913 34.8353 -38.7291 10.6572 -29.6671 -47.2146 -12.9317 -43.5995 26.0937 -35.2312 -10.0329 -25.0039 -48.3988 29.8902 -39.7772 14.1213 -30.9417 -44.3273 -16.9442 -44.8091 29.5945 -36.2596 -1.2262 -26.4180 -48.7960 17.8712 -40.7043 17.6796 -33.0174 -20.4486 -28.4870 -25.7905 -32.2489 15.1727 -39.9354 28.9750 -48.4491 -25.1356 -9.1398 -35.3203 26.3794 -43.6994 -13.3193 -47.0548 -29.7651 10.9297 -38.8079 34.7301 -47.5655 -23.0337 -25.0811 -33.8084 21.5581 -41.8748 -1.4736 -48.7234 -27.6718 3.8289 -36.9601 31.5504 -45.2994 -17.7148 -44.0596 -30.7979 13.1400 -39.2968 33.9212 -47.7194 -23.0593 -26.8634 -33.4579 20.0810 -41.2799 9.4425 -48.7888
7.6002 -40.9414 19.0941 -33.0997 -30.2637 -22.4873 -47.4570 34.6457 -39.0251 12.2558 -30.4755 -45.0050 -16.9691 -45.0369 30.8665 -36.7811 2.9868 -27.4923 -48.7480 -0.1542 -41.7738 21.3599 -33.7615 -25.3166 -23.0314 -47.5780 34.6883 -38.8460 11.1061 -29.8439 -46.8957 -13.7174 -43.8139 26.7429 -35.4351 -7.9326 -25.3123 -48.5140 28.0018 -39.9703 14.7768 -31.1966 -43.4521 -17.6209 -45.0646 30.3480 -36.4739 0.2349 -26.7117 -48.8287 14.3304 -40.8578 17.9348 -32.6386 -32.5444 -24.2345 -48.6625 -23.4762 -38.3901 -31.6913 15.2737 -40.0712 27.0789 -48.5553 -25.4366 -7.1034 -35.5237 27.0299 -43.9143 -14.0756 -46.7165 -29.9426 11.3752 -38.9246 34.5409 -47.6494 -23.1829 -24.3088 -33.8573 21.6282 -41.8748 -1.2113 -48.7330 -27.5919 3.3989 -36.8578 31.1350 -45.1321 -17.2256 -44.7184 -30.5749 12.5198 -39.1034 34.4864 -47.5320 -22.6456 -29.3873 -33.1969 19.3558 -41.0114 6.2962
-40.7628 18.3787 -32.8356 -32.5441 -22.0476 -47.2527 34.9086 -38.8227 11.5842 -30.2323 -45.6283 -16.3564 -44.8357 30.3389 -36.6481 2.3274 -27.3647 -48.7596 0.7116 -41.7211 21.2900 -33.7615 -25.0592 -23.1091 -47.6324 34.5466 -38.9346 11.4583 -29.9894 -46.5960 -14.3483 -44.0046 27.3303 -35.6211 -6.1337 -25.5942 -48.6090 25.8510 -40.1557 15.4118 -31.4460 -42.4811 -18.2438 -45.3137 31.0726 -36.6815 1.5462 -26.9909 -48.8340 10.5283 -41.0377 18.5023 -32.6895 -34.6320 -22.1298 -47.9207 -4.7923 -47.5603 -20.6190 -40.6486 -31.6646 15.7379 -40.2380 24.8417 -48.6447 -25.7141 -5.3681 -35.7082 27.6182 -44.1042 -14.6892 -46.4014 -30.0881 11.7255 -39.0123 34.3693 -47.7021 -23.2588 -24.0467 -33.8573 21.5581 -41.8221 -0.3821 -48.7486 -27.4632 2.7630 -36.7251 30.6132 -44.9321 -16.6332 -45.3715 -30.3319 11.8531 -38.9007 34.8341 -47.3302 -22.2112 -31.7405 -32.9325 18.6345 -40.8427
17.8657 -32.5642 -34.6403 -21.5875 -47.0373 34.9758 -38.6146 10.8779 -29.9785 -46.2070 -15.6434 -44.6102 29.7220 -36.4879 1.4725 -27.1983 -48.7840 2.1826 -41.6175 21.0812 -33.7125 -25.3166 -23.1091 -47.6507 34.4620 -38.9913 11.7085 -30.0993 -46.3394 -14.8377 -44.1640 27.8382 -35.7849 -4.6402 -25.8463 -48.6843 23.5070 -40.3302 16.0192 -31.6853 -41.4231 -18.8196 -45.5553 31.7600 -36.8837 2.7321 -27.2576 -48.8096 6.7990 -41.2226 19.1619 -32.8854 -33.9054 -21.6132 -47.1914 31.5134 -42.5644 33.7731 -46.4835 -19.7219 -40.5050 -31.8201 16.2943 -40.4078 22.3884 -48.7142 -25.9646 -3.9300 -35.8704 28.1305 -44.2624 -15.1592 -46.1295 -30.1979 11.9732 -39.0691 34.2698 -47.7203 -23.2588 -24.3088 -33.8084 21.3482 -41.7170 1.0270 -48.7698 -27.2968 1.9341 -36.5670 30.0030 -44.7063 -15.9445 -45.9869 -30.0760 11.1487 -38.6925 34.9730 -47.1177 -21.7578 -33.9022 -32.6600 18.1265
-31.8600 -36.5456 -21.1068 -46.8138 34.8690 -38.4033 10.1413 -29.7159 -46.7280 -14.8378 -44.3653 29.0317 -36.3049 0.4163 -26.9951 -48.8162 4.2412 -41.4983 20.7469 -33.6170 -26.0767 -23.0314 -47.6324 34.4620 -39.0111 11.8353 -30.1695 -46.1452 -15.1901 -44.2895 28.2542 -35.9203 -3.4416 -26.0632 -48.7406 21.1059 -40.4908 16.5902 -31.9107 -40.2973 -19.3423 -45.7859 32.3963 -37.0810 3.7977 -27.5155 -48.7716 3.3337 -41.4042 19.8489 -33.1239 -32.2170 -21.7597 -47.0185 34.9699 -39.9325 23.5015 -39.5306 34.6016 -46.1482 -19.7561 -39.6298 -32.0210 16.8562 -40.5666 19.8612 -48.7651 -26.1805 -2.7730 -36.0051 28.5445 -44.3867 -15.5013 -45.9237 -30.2674 12.0988 -39.0895 34.2698 -47.7021 -23.1829 -25.0811 -33.7123 21.0130 -41.5821 2.9965 -48.8003 -27.0969 0.9117 -36.3855 29.3205 -44.4624 -15.1594 -46.5408 -29.8140 10.4188 -38.4811 34.9266 -46.8969 -21.2832 -35.8750 -31.9584
-38.8137 -20.6023 -46.5827 34.6140 -38.1907 9.3757 -29.4485 -47.1842 -13.9292 -44.1074 28.2947 -36.1021 -0.8578 -26.7587 -48.8349 6.8717 -41.3759 20.3160 -33.4834 -27.2484 -22.8794 -47.5780 34.5466 -38.9913 11.8353 -30.1947 -46.0409 -15.4072 -44.3772 28.5679 -36.0255 -2.5247 -26.2413 -48.7800 18.8129 -40.6346 17.1154 -32.1195 -39.1338 -19.8117 -46.0011 32.9676 -37.2726 4.7529 -27.7674 -48.7313 0.2819 -41.6095 20.5461 -33.3714 -30.1061 -22.1113 -47.1061 34.9948 -38.8694 14.8941 -34.8248 13.5432 -38.1969 33.8849 -46.1785 -20.0808 -38.5044 -32.2224 17.3782 -40.7086 17.4695 -48.7990 -26.3562 -1.9013 -36.1091 28.8525 -44.4749 -15.7127 -45.8134 -30.2913 12.0988 -39.0691 34.3693 -47.6494 -23.0337 -26.2736 -33.5780 20.5803 -41.4438 5.5203 -48.8277 -26.8652 -0.3075 -36.1850 28.5856 -44.2072 -14.2802 -47.0216 -29.5487 9.6626 -38.2686 34.7223 -46.6673 -20.7861 -38.2375
-19.9821 -46.3438 34.2328 -37.9783 8.5839 -29.1797 -47.5733 -12.9065 -43.8424 27.5316 -35.8837 -2.3526 -26.4962 -48.8338 10.0062 -41.2332 19.8032 -33.3153 -28.7220 -22.6658 -47.4913 34.6883 -38.9346 11.7085 -30.1695 -46.0409 -15.4839 -44.4216 28.7623 -36.0984 -1.8698 -26.3792 -48.8049 16.7625 -40.7575 17.5783 -32.3078 -37.9710 -20.2296 -46.1971 33.4649 -37.4558 5.6174 -28.0098 -48.6718 -2.3264 -41.8529 21.2374 -33.6173 -27.7673 -22.5121 -47.2774 34.9809 -38.6248 11.6102 -31.9473 -13.7325 -31.5408 9.3263 -37.8524 33.9335 -46.3252 -20.4548 -37.3192 -32.4073 17.8356 -40.8296 15.3661 -48.8192 -26.4911 -1.2847 -36.1807 29.0495 -44.5208 -15.7832 -45.8134 -30.2674 11.9732 -39.0123 34.5409 -47.5655 -22.8222 -27.7830 -33.4102 20.0678 -41.2999 8.5777 -48.8363 -26.6054 -1.7365 -35.9697 27.8211 -43.9439 -13.3014 -47.4354 -29.2803 8.8796 -38.0555 34.3846 -46.4301 -20.1529
-46.0992 33.7453 -37.7642 7.7604 -28.9103 -47.8971 -11.7580 -43.5732 26.7536 -35.6563 -4.0733 -26.2098 -48.8093 13.4504 -41.0703 19.2241 -33.1183 -30.4150 -22.3924 -47.3760 34.8353 -38.8460 11.4583 -30.0993 -46.1452 -15.4072 -44.4216 28.8285 -36.1352 -1.4758 -26.4743 -48.8193 15.0932 -40.8555 17.9668 -32.4681 -36.8584 -20.5928 -46.3735 33.8766 -37.6254 6.3968 -28.2411 -48.5843 -4.5013 -42.1050 21.9189 -33.8576 -25.3031 -22.9093 -47.4660 34.8911 -38.6884 10.8642 -30.4710 -40.9413 -25.3766 -42.6553 -29.9483 8.5511 -37.9246 34.2336 -46.4907 -20.8041 -36.1785 -32.5664 18.2234 -40.9274 13.6659 -48.8296 -26.5834 -0.9073 -36.2187 29.1183 -44.5208 -15.7127 -45.9237 -30.1979 11.7255 -38.9246 34.7301 -47.4523 -22.5524 -29.5256 -33.2135 19.4873 -41.1388 12.0265 -48.8213 -26.3225 -3.3882 -35.7439 27.0436 -43.6736 -12.2028 -47.7852 -29.0105 8.0671 -37.8423 33.9334 -46.1858
32.7477 -37.5215 6.8961 -28.6405 -48.1615 -10.4585 -43.3004 25.9680 -35.4207 -6.0324 -25.9030 -48.7614 17.0001 -40.8927 18.6011 -32.8975 -32.2313 -22.0637 -47.2329 34.9442 -38.7291 11.1061 -29.9894 -46.3394 -15.1901 -44.3772 28.7623 -36.1352 -1.3463 -26.5226 -48.8268 13.9203 -40.9270 18.2719 -32.5972 -35.8734 -20.8932 -46.5271 34.2011 -37.7791 7.0770 -28.4561 -48.4709 -6.3054 -42.3459 22.5846 -34.0904 -22.7620 -23.2883 -47.6485 34.6332 -38.8497 11.1179 -30.0590 -45.4835 -19.8802 -48.4029 -19.7881 -45.5201 -30.4268 9.5663 -38.1253 34.5216 -46.6425 -21.0999 -35.1632 -32.6963 18.5325 -40.9993 12.4935 -48.8342 -26.6304 -0.7807 -36.2187 29.0495 -44.4749 -15.5013 -46.1295 -30.0881 11.3752 -38.8079 34.8885 -47.3102 -22.2278 -31.3950 -32.9937 18.8627 -40.9637 15.6242 -48.7818 -26.0212 -5.2738 -35.5097 26.2579 -43.4001 -10.9624 -48.0721 -28.7407 7.2151 -37.5996 32.9018
-37.0371 5.9794 -28.3700 -48.3711 -8.9764 -43.0235 25.1824 -35.1783 -8.2488 -25.5817 -48.6904 20.4297 -40.7068 17.9493 -32.6607 -34.0685 -21.6851 -47.0644 34.9758 -38.5858 10.6572 -29.8439 -46.5960 -14.8377 -44.2895 28.5679 -36.0984 -1.4758 -26.5226 -48.8288 13.3139 -40.9715 18.4805 -32.6933 -35.0734 -21.1295 -46.6521 34.4409 -37.9153 7.6562 -28.6481 -48.3397 -7.7883 -42.5732 23.2218 -34.3116 -20.2274 -23.6478 -47.8192 34.1762 -39.0368 11.6866 -30.1126 -46.1436 -16.7197 -46.1138 20.0623 -46.6969 -20.6200 -33.3565 -31.8723 10.7421 -38.2985 34.7176 -46.7672 -21.3333 -34.3222 -32.7924 18.7431 -41.0433 11.8977 -48.8361 -26.6304 -0.9073 -36.1807 28.8525 -44.3867 -15.1592 -46.4014 -29.9426 10.9297 -38.6638 34.9720 -47.1435 -21.8535 -33.2904 -32.7593 18.2116 -40.7787 19.1524 -48.7190 -25.7034 -7.4102 -35.2682 25.4703 -43.1249 -9.5515 -48.3010 -28.4696 6.3147 -37.1182
4.8815 -28.1017 -48.5319 -7.2673 -42.7453 24.4031 -34.9318 -10.7130 -25.2463 -48.5965 23.5464 -40.5149 17.2835 -32.4135 -35.8411 -21.2647 -46.8738 34.9001 -38.4221 10.1186 -29.6671 -46.8957 -14.3483 -44.1640 28.2542 -36.0255 -1.8698 -26.4743 -48.8268 13.3139 -40.9868 18.5855 -32.7519 -34.5065 -21.3024 -46.7479 34.6066 -38.0275 8.1390 -28.8151 -48.2007 -8.9669 -42.7814 23.8196 -34.5167 -17.8074 -23.9834 -47.9758 33.5058 -39.2301 12.3432 -30.3442 -45.8321 -15.9813 -45.0011 34.3629 -41.1032 34.2256 -48.0841 -30.1247 -8.5401 -32.5718 11.1890 -38.3950 34.8327 -46.8633 -21.5061 -33.7178 -32.8507 18.8491 -41.0594 11.8977 -48.8342 -26.5834 -1.2847 -36.1091 28.5445 -44.2624 -14.6892 -46.7165 -29.7651 10.3935 -38.4991 34.9475 -46.9562 -21.4408 -35.1431 -32.5119 17.5405 -40.5867 22.4254 -48.6336 -25.3713 -9.7925 -35.0229 24.6888 -42.8487 -7.9299 -48.4787 -28.2000 5.2543
-27.2547 -48.6480 -5.2704 -42.4675 23.6304 -34.6819 -13.3801 -24.8974 -48.4829 26.2866 -40.3161 16.6055 -32.1583 -37.5141 -20.8077 -46.6664 34.7045 -38.2418 9.5006 -29.4623 -47.2146 -13.7174 -44.0046 27.8382 -35.9203 -2.5247 -26.3792 -48.8193 13.9203 -40.9715 18.5855 -32.7713 -34.2158 -21.4059 -46.8131 34.7115 -38.1134 8.5197 -28.9539 -48.0632 -9.8959 -42.9639 24.3600 -34.7030 -15.5837 -24.2874 -48.1146 32.6291 -39.4187 13.0132 -30.6477 -44.9885 -16.8577 -44.9443 31.3682 -37.8212 14.0574 -31.5186 -43.9395 21.5658 -33.5794 -9.8959 -32.1455 11.0837 -38.4602 34.9066 -46.9327 -21.6153 -33.4010 -32.8705 18.8491 -41.0433 12.4935 -48.8296 -26.4911 -1.9013 -36.0051 28.1305 -44.1042 -14.0756 -47.0548 -29.5612 9.7825 -38.3193 34.7989 -46.7504 -20.9903 -36.8876 -32.2556 16.8596 -40.3901 25.3176 -48.5276 -25.0267 -12.3915 -34.7744 23.9148 -42.5710 -6.0387 -48.6105 -27.3567
-48.7566 -2.9177 -42.1883 22.8659 -34.4292 -16.1952 -24.5370 -48.3519 28.6139 -40.1126 15.9212 -31.8985 -39.0612 -20.3161 -46.4455 34.3916 -38.0499 8.8135 -29.2369 -47.5275 -12.9317 -43.8139 27.3303 -35.7849 -3.4416 -26.2413 -48.8049 15.0932 -40.9270 18.4805 -32.7519 -34.2158 -21.4394 -46.8461 34.7686 -38.1728 8.7937 -29.0626 -47.9393 -10.6148 -43.1187 24.8313 -34.8666 -13.6335 -24.5586 -48.2354 31.5852 -39.5942 13.6459 -30.9565 -43.7554 -18.4828 -45.8083 33.0901 -37.3501 7.3882 -30.1897 -42.4285 7.7006 -39.1282 7.0356 -30.3059 -28.2924 -31.5437 11.2335 -38.5690 34.9608 -46.9747 -21.6582 -33.3955 -32.8518 18.7431 -40.9993 13.6659 -48.8192 -26.3562 -2.7730 -35.8704 27.6182 -43.9143 -13.3193 -47.3883 -29.3371 9.1063 -38.1280 34.5273 -46.5315 -20.5049 -38.4974 -31.9952 16.1745 -40.1890 27.8059 -48.4029 -24.6696 -15.1612 -34.5230 23.1454 -42.2910 -3.8124 -48.7383
-4.4031 -41.9069 22.1062 -34.1737 -19.0849 -24.1650 -48.2049 30.5250 -39.9062 15.2338 -31.6347 -40.4616 -19.7941 -46.2136 33.9708 -37.8518 8.0683 -28.9967 -47.8177 -11.9868 -43.5995 26.7429 -35.6211 -4.6402 -26.0632 -48.7800 16.7625 -40.8555 18.2719 -32.6933 -34.5065 -21.4059 -46.8461 34.7873 -38.2041 8.9628 -29.1368 -47.8401 -11.1445 -43.2425 25.2222 -35.0037 -11.9987 -24.7927 -48.3374 30.4311 -39.7543 14.2174 -31.2183 -42.4512 -19.9144 -46.8508 31.6716 -39.5726 9.4332 -29.0379 -47.1823 -15.8510 -43.4910 20.5276 -32.6397 -34.8145 -27.1289 -33.7151 -31.8663 12.2321 -38.7534 34.9939 -46.9830 -21.6272 -33.7113 -32.7927 18.5324 -40.9274 15.3661 -48.7990 -26.1805 -3.9300 -35.7082 27.0299 -43.6994 -12.4162 -47.6982 -29.0975 8.3710 -37.9286 34.1433 -46.3023 -19.9927 -39.9605 -31.7308 15.4851 -39.9837 29.8791 -48.2614 -24.3019 -18.0328 -34.2689 22.3837 -42.0091 -5.1671
-41.7855 21.3521 -33.9143 -21.9876 -23.7807 -48.0438 32.0394 -39.6981 14.5372 -31.3676 -41.7199 -19.2383 -45.9740 33.4574 -37.6478 7.2689 -28.7466 -48.0748 -10.8709 -43.3660 26.0937 -35.4351 -6.1337 -25.8463 -48.7406 18.8129 -40.7575 17.9668 -32.5972 -35.0734 -21.3024 -46.8131 34.7686 -38.2041 9.0220 -29.1734 -47.7758 -11.4895 -43.3338 25.5279 -35.1133 -10.6971 -24.9853 -48.4182 29.2458 -39.8949 14.7136 -31.4210 -41.4027 -20.6728 -47.3945 2.9137 -45.6676 32.8328 -28.2967 -48.3497 -11.1060 -43.8667 26.7635 -35.0915 -15.5784 -26.5665 -46.3755 -27.4646 -19.6062 -33.1621 13.9210 -38.9184 35.0000 -46.9477 -21.5158 -34.3222 -32.6963 18.2233 -40.8296 17.4695 -48.7651 -25.9646 -5.3681 -35.5237 26.3794 -43.4651 -11.3501 -47.9765 -28.8456 7.5819 -37.7240 33.6625 -46.0638 -19.4469 -41.2729 -31.4639 14.7922 -39.7755 31.5329 -48.1050 -23.9223 -20.9286 -34.0110 21.6291 -41.8842
20.8570 -33.6437 -24.8192 -23.3824 -47.8696 33.1925 -39.4888 13.8378 -31.0999 -42.8391 -18.6443 -45.7264 32.8663 -37.4393 6.4099 -28.4894 -48.2916 -9.5683 -43.1175 25.4044 -35.2312 -7.9326 -25.5942 -48.6843 21.1059 -40.6346 17.5783 -32.4681 -35.8734 -21.1295 -46.7479 34.7115 -38.1728 8.9628 -29.1734 -47.7534 -11.6594 -43.3912 25.7405 -35.1937 -9.7313 -25.1369 -48.4802 28.1376 -40.0114 15.1252 -31.5722 -40.6559 -20.9312 -47.5085 -1.7336 -47.3190 -20.4008 -31.0660 -40.8326 34.5597 -41.0880 22.8706 -35.1721 -5.7749 -27.3738 -47.0980 -25.5755 -34.5107 -31.4592 4.1070 -34.6619 14.9050 -38.8902 34.9626 -46.8702 -21.3333 -35.1701 -32.5664 17.8356 -40.7086 19.8612 -48.7142 -25.7141 -7.1034 -35.3203 25.6875 -43.2168 -10.1061 -48.2132 -28.5882 6.7415 -37.5169 33.0976 -45.8176 -18.8644 -42.4446 -31.1964 14.0978 -39.5656 32.8128 -47.9354 -23.5302 -23.7796 -33.7411 21.1314
-32.9726 -27.5143 -22.9673 -47.6834 34.0254 -39.2785 13.1374 -30.8309 -43.8242 -18.0138 -45.4727 32.2129 -37.2284 5.4879 -28.2268 -48.4655 -8.0358 -42.8575 24.6867 -35.0115 -10.0329 -25.3123 -48.6090 23.5070 -40.4908 17.1154 -32.3078 -36.8584 -20.8932 -46.6521 34.6066 -38.1134 8.7937 -29.1368 -47.7753 -11.6613 -43.4111 25.8493 -35.2433 -9.0800 -25.2471 -48.5258 27.1716 -40.1046 15.4528 -31.6760 -40.1739 -21.0256 -47.4649 6.0735 -45.7940 -10.7310 -48.5377 -28.4779 10.9078 -35.7114 11.6860 -32.7356 -17.7744 -26.6113 -47.9334 -23.8480 -39.6236 -31.5751 11.0075 -36.2078 13.8141 -34.8525 13.8593 -38.6298 34.8435 -46.7596 -21.0902 -36.1872 -32.4073 17.3782 -40.5666 22.3884 -48.6447 -25.4366 -9.1398 -35.1014 24.9748 -42.9594 -8.6576 -48.4039 -28.3282 5.8491 -37.3077 32.4626 -45.5656 -18.2480 -43.4754 -30.9284 13.3985 -39.3558 33.7574 -47.7536 -23.1223 -26.5426 -33.0730
-30.8374 -22.5368 -47.4850 34.5792 -39.0683 12.4307 -30.5615 -44.6869 -17.3420 -45.2151 31.5112 -37.0169 4.5004 -27.9607 -48.5978 -6.2334 -42.5899 23.9479 -34.7782 -12.4275 -25.0039 -48.5140 25.8510 -40.3302 16.5902 -32.1195 -37.9710 -20.5928 -46.5271 34.4409 -38.0276 8.5198 -29.0628 -47.8390 -11.4931 -43.3928 25.8540 -35.2609 -8.7496 -25.3164 -48.5552 26.3859 -40.1783 15.7077 -31.7386 -39.9949 -20.9518 -47.4323 5.9379 -45.1231 13.5417 -46.8904 -17.7302 -46.8454 -27.9628 -26.0216 -28.0822 -43.0817 -23.2556 -48.7642 -19.5469 -47.6224 -29.3965 11.2238 -39.8910 32.0183 -39.6875 8.5337 -32.9375 11.3376 -38.3017 34.6439 -46.6259 -20.7915 -37.3268 -32.2223 16.8562 -40.4078 24.8415 -48.5553 -25.1356 -11.4306 -34.8739 24.2426 -42.6949 -6.9707 -48.5506 -28.0641 4.8887 -37.0973 31.7793 -45.3115 -17.5942 -44.3789 -30.6614 12.6961 -39.1458 34.4064 -47.5599 -22.6990 -29.9492
-21.7747 -47.2757 34.8859 -38.8561 11.7144 -30.2920 -45.4393 -16.6221 -44.9542 30.7755 -36.8054 3.4299 -27.6914 -48.6898 -4.1133 -42.3189 23.2074 -34.5378 -15.0593 -24.6721 -48.3988 28.0018 -40.1557 16.0192 -31.9107 -39.1338 -20.2296 -46.3735 34.2011 -37.9153 8.1392 -28.9544 -47.9381 -11.1534 -43.3383 25.7532 -35.2467 -8.7261 -25.3455 -48.5704 25.8549 -40.2302 15.9048 -31.7806 -40.0375 -20.6050 -47.2589 7.0110 -46.0658 1.2877 -46.0257 2.1594 -47.1168 -15.4016 -48.8220 -19.8106 -48.8054 -14.9141 -47.3571 -6.6749 -47.9823 -22.7934 -20.3591 -35.1484 -3.0530 -48.2349 18.5293 -27.8011 -35.3659 -30.3750 9.2597 -38.0624 34.3974 -46.4733 -20.4434 -38.5125 -32.0209 16.2950 -40.2381 27.0774 -48.4491 -24.8184 -13.9227 -34.6412 23.5115 -42.4302 -5.0136 -48.6570 -27.8021 3.8632 -36.8894 31.0704 -45.0572 -16.9049 -45.1603 -30.4002 11.9938 -38.9387 34.7959 -47.3574 -21.9332
-47.0343 34.9761 -38.6423 10.9862 -30.0223 -46.0906 -15.8421 -44.6903 30.0154 -36.5931 2.2626 -27.4199 -48.7448 -1.5979 -42.0447 22.4679 -34.2907 -17.8122 -24.3229 -48.2654 29.8901 -39.9703 15.4118 -31.6853 -40.2973 -19.8117 -46.1971 33.8766 -37.7792 7.6587 -28.8170 -48.0609 -10.6388 -43.2505 25.5617 -35.2064 -8.9559 -25.3371 -48.5735 25.5751 -40.2639 16.0516 -31.8217 -40.0649 -20.1586 -46.8560 24.0273 -45.6326 -16.6106 -48.5983 -13.6908 -46.6413 10.0959 -45.6427 14.2457 -45.4604 26.7259 -44.0559 34.0985 -44.2467 1.7582 -48.6752 -25.0609 -39.0079 -38.4255 -30.3996 11.3917 -47.2321 -18.4827 -46.7608 -29.2961 8.3068 -37.9033 34.1173 -46.3115 -20.0733 -39.6289 -31.8214 15.7394 -40.0715 28.9732 -48.3318 -24.5044 -16.4510 -34.4174 22.8225 -42.1775 -2.8458 -48.7233 -27.5564 2.8201 -36.6953 30.3726 -44.8121 -16.2109 -45.8034 -30.1568 11.3190 -38.7414 34.9615 -47.1305
33.5034 -38.3924 10.2363 -29.7533 -46.6497 -14.9941 -44.4237 29.2387 -36.3768 0.9837 -27.1461 -48.7869 1.3541 -41.7676 21.7262 -34.0380 -20.6352 -23.9558 -48.1165 31.4642 -39.7777 14.7774 -31.4460 -41.4231 -19.3423 -46.0011 33.4661 -37.6257 7.0825 -28.6538 -48.1933 -9.9676 -43.1397 25.3103 -35.1528 -9.3525 -25.3117 -48.5690 25.4349 -40.2914 16.1710 -31.8757 -39.9142 -19.9099 -46.4151 34.8510 -42.3240 12.0951 -38.7849 -26.6688 -48.1152 -14.5286 -45.6866 33.8187 -42.5634 32.4614 -40.6719 28.0930 -40.4826 32.8162 -43.7245 2.2777 -48.2957 -13.4831 -38.9579 13.8794 -36.5548 33.1482 -44.8722 -13.9430 -47.7178 -28.9971 7.7949 -37.7929 33.8634 -46.1722 -19.7576 -40.4956 -31.6676 15.2748 -39.9358 30.3098 -48.2201 -24.2454 -18.5632 -34.2467 22.2670 -41.9694 -0.8200 -48.7541 -27.3713 1.9121 -36.5400 29.7983 -44.6113 -15.6132 -46.2617 -29.9736 10.7664 -38.5474 33.3580
-37.9552 9.4609 -29.4836 -47.1258 -14.0703 -44.1535 28.4512 -36.1542 -0.4277 -26.8648 -48.8235 4.7344 -41.5241 20.9877 -33.7821 -23.4636 -23.5710 -47.9526 32.7189 -39.5789 14.1221 -31.1978 -42.4786 -18.8196 -45.7864 32.9709 -37.4569 6.4125 -28.4688 -48.3255 -9.1689 -43.0232 25.0671 -35.1198 -9.6004 -25.3232 -48.5670 25.0879 -40.3425 16.3527 -31.9741 -39.4754 -19.9665 -46.2469 34.4413 -38.8729 16.6736 -30.4126 -35.0046 5.1123 -27.9174 -48.7583 1.6196 -43.1527 29.6121 -38.9116 19.3073 -37.3032 19.6157 -39.2630 31.0789 -43.0839 32.0639 -43.9135 25.8750 -36.7618 14.8552 -38.2674 31.2768 -44.2161 -12.7044 -47.8401 -29.0247 7.7943 -37.8026 33.8638 -46.1483 -19.7309 -40.6363 -31.6948 15.1805 -39.9212 30.6156 -48.1689 -24.2137 -19.0707 -34.2483 22.1325 -41.9153 -0.2474 -48.7590 -27.3806 1.6817 -36.5087 29.6644 -44.5563 -15.4681 -46.3619 -29.9906 10.6466 -38.3309
8.6551 -29.2134 -47.5288 -13.0513 -43.8809 27.6584 -35.9258 -1.9982 -26.5725 -48.8344 8.4664 -41.3258 20.2579 -33.5226 -26.1977 -23.1711 -47.7749 33.6729 -39.3757 13.4495 -30.9435 -43.4488 -18.2455 -45.5564 32.4000 -37.2763 5.6510 -28.2653 -48.4488 -8.2836 -42.9304 25.0084 -35.1980 -8.8010 -25.5123 -48.5932 23.5343 -40.4862 16.7989 -32.1932 -38.3907 -20.3327 -46.3531 34.2191 -38.1258 10.6865 -31.0505 -42.8228 34.0757 -36.2880 -14.4350 -22.8412 -47.0083 35.1547 -39.8905 18.2954 -35.9247 12.3033 -36.2689 19.2812 -39.5219 30.2274 -41.8048 31.4128 -39.4178 18.3746 -36.4649 16.6279 -38.4380 31.4635 -44.4202 -14.1246 -47.2710 -29.6372 9.1633 -38.1891 34.6080 -46.4887 -20.6354 -38.3483 -32.2576 16.2608 -40.2897 27.6238 -48.2887 -24.8832 -14.6744 -34.7121 23.2882 -42.3270 -4.1996 -48.6861 -27.9608 3.4946 -36.8550 30.8553 -44.9378 -16.7283 -45.3643 -30.5844 11.9262
-28.4085 -47.8644 -11.9126 -43.6084 26.8659 -35.6928 -3.7528 -26.2706 -48.8155 12.3582 -41.1358 19.5377 -33.2626 -28.7721 -22.7563 -47.5846 34.3434 -39.1705 12.7667 -30.6860 -44.3208 -17.6279 -45.3160 31.7689 -37.0871 4.7958 -28.0453 -48.5565 -7.3097 -42.8948 25.4630 -35.5641 -4.8904 -26.2614 -48.6796 17.5051 -40.8810 17.9569 -32.6913 -35.5871 -21.1624 -46.7079 34.7110 -38.2263 9.3350 -30.1252 -44.1347 -17.5506 -42.6368 16.1611 -30.7666 -47.5319 -9.6073 -43.4619 26.2192 -37.1368 11.8339 -35.1914 15.2824 -38.1149 26.5426 -41.2395 33.3544 -41.8098 29.5451 -39.3134 19.7213 -37.1494 18.8433 -39.2888 34.3837 -45.6821 -18.6754 -43.2280 -31.5032 13.5639 -39.5434 33.7138 -47.5741 -23.5071 -25.5953 -33.8683 20.4485 -41.5898 7.7295 -48.7726 -27.1043 -1.5413 -36.0756 27.9132 -43.8616 -13.3862 -47.4205 -29.8657 8.9327 -38.1715 34.5275 -46.2585 -20.5275 -38.8456 -31.9811
-48.2318 -10.6393 -43.3365 26.0822 -35.4594 -5.6985 -25.9619 -48.7704 16.1419 -40.9456 18.8323 -33.0048 -31.1339 -22.3323 -47.3861 34.7582 -38.9638 12.0760 -30.4283 -45.0891 -16.9684 -45.0720 31.0987 -36.8924 3.8542 -27.8113 -48.6469 -6.0798 -42.8810 26.6447 -36.4503 3.6098 -28.3603 -48.7008 -0.5115 -41.8579 20.7512 -33.7060 -27.9826 -22.7455 -47.3936 34.8952 -38.9296 11.2419 -30.2870 -45.2645 -17.9948 -45.4749 28.6203 -35.1857 -17.7766 -23.8491 -47.6710 34.2127 -40.1670 18.7092 -36.4427 16.4380 -38.4836 29.7287 -42.5013 32.3476 -45.0057 26.7309 -43.9343 34.1733 -40.4358 22.7622 -38.2957 24.7034 -41.5747 22.6454 -48.3495 -25.3270 -13.5646 -34.8498 23.6053 -42.5950 -5.0844 -48.6507 -28.5260 3.9781 -37.0094 31.2254 -44.7586 -17.1140 -45.0639 -31.1468 12.0993 -39.1216 34.9518 -47.1263 -22.6146 -31.0598 -33.3766 18.8943 -41.2084 16.0873 -48.6751 -26.5438 -5.4287
