-19.7282 -46.0896 32.6554 -36.9730 4.5317 -27.1457 -48.7709 -3.4888 -41.6718 20.5350 -32.8523 -31.8929 -21.5835 -46.9318 33.5499 -37.8481 8.2558 -28.2739 -48.3369 -10.4178 -42.7589 23.5995 -33.9382 -21.1334 -23.1707 -47.7586 31.4113 -38.7737 11.4984 -29.4177 -47.0270 -14.5880 -43.8528 26.7876 -34.9939 -9.5544 -24.5973 -48.4016 23.7957 -39.7010 14.4827 -30.5544 -44.3964 -17.4607 -44.9202 29.8817 -35.9814 -1.1879 -25.8881 -48.7594 9.9207 -40.6383 17.6015 -32.0194 -34.5084 -23.6217 -48.7275 -22.9482 -39.6570 -31.0826 14.9900 -39.8056 22.7455 -48.4466 -24.7159 -8.6581 -35.0849 27.0693 -43.9484 -14.8852 -46.8551 -29.5196 11.7735 -38.8570 30.9837 -47.8259 -23.3064 -20.0577 -34.0360 23.8817 -42.8573 -10.8709 -48.2610 -28.3748 8.5618 -37.9298 33.5180 -47.0107 -21.7334 -31.0560 -32.9509 20.8082 -41.7704 -4.3162 -48.7577 -27.2504 4.9148 -37.0541 32.8157 -46.1760 -19.8770
-46.0896 33.3674 -37.4077 5.5366 -27.9712 -48.6851 -1.7578 -41.7833 21.0264 -33.5260 -28.6810 -22.3326 -47.1747 34.9540 -38.2904 9.0873 -29.0834 -48.0032 -9.9364 -42.9199 24.1081 -34.5760 -17.2913 -24.0213 -47.9789 33.5417 -39.1561 12.1604 -30.1920 -46.3118 -14.6576 -44.0518 27.3553 -35.5870 -6.5433 -25.5037 -48.5698 26.9038 -40.0046 15.0515 -31.2956 -43.1056 -17.8419 -45.1466 30.5811 -36.5181 0.6251 -26.7926 -48.8328 13.4107 -40.8211 17.9681 -32.4870 -36.0055 -21.8424 -47.8325 -3.8708 -47.4767 -20.3577 -41.3630 -31.5139 15.3648 -40.0815 25.9902 -48.6088 -25.6254 -5.7726 -35.6738 27.6475 -44.1495 -14.9874 -46.0957 -30.2896 12.4260 -39.2333 33.1950 -48.0430 -24.1641 -16.2398 -34.6696 24.3944 -43.0207 -10.4506 -47.8989 -29.1814 9.3725 -38.3681 34.9742 -47.2524 -22.4937 -27.7499 -33.6207 21.2991 -41.8865 -2.7440 -48.6544 -28.0714 5.8857 -37.4853 33.5716 -46.1760
32.6554 -37.4077 5.8824 -28.1239 -48.6172 -3.8773 -42.0329 21.7194 -33.7832 -26.1393 -22.7623 -47.3857 34.9550 -38.5374 9.8653 -29.3514 -47.7007 -11.3030 -43.1984 24.8934 -34.8407 -14.4113 -24.4004 -48.1472 32.5077 -39.4116 12.8769 -30.4624 -45.6937 -15.5383 -44.3236 28.1544 -35.8403 -4.4646 -25.8342 -48.6699 24.2184 -40.2672 15.7527 -31.5684 -42.0094 -18.4912 -45.4088 31.3321 -36.7531 1.9528 -27.0765 -48.8295 9.4589 -41.0872 18.6442 -32.6902 -35.3747 -21.2723 -47.0545 32.2780 -42.4524 34.1288 -46.3682 -19.4315 -41.1599 -31.6982 16.0176 -40.3424 23.1387 -48.7009 -25.9524 -3.7724 -35.9249 28.4479 -44.4217 -15.8364 -45.4417 -30.5602 13.1362 -39.4889 32.0404 -48.2048 -24.5366 -13.3948 -34.9315 25.1801 -43.2989 -11.7624 -47.5725 -29.4496 10.1424 -38.6166 34.9070 -47.4601 -22.9162 -25.1546 -33.8764 21.9933 -42.1362 -4.7298 -48.5757 -28.2225 6.2238 -37.4853 32.8157
-36.9730 5.5366 -28.1239 -48.5850 -5.0236 -42.2140 22.2831 -33.9966 -23.7078 -23.1503 -47.5789 34.7668 -38.7453 10.6080 -29.6164 -47.3376 -12.5009 -43.4725 25.6781 -35.0898 -11.6723 -24.7666 -48.3006 31.1293 -39.6209 13.5825 -30.7311 -44.9809 -16.3398 -44.5918 28.9496 -36.0724 -2.6222 -26.1542 -48.7484 21.1040 -40.4700 16.4518 -31.8373 -40.7738 -19.1003 -45.6668 32.0510 -36.9668 3.1579 -27.3536 -48.7936 5.6262 -41.2799 19.3576 -32.9380 -33.7544 -21.4207 -46.8633 35.0318 -39.8084 23.1084 -39.4243 34.4164 -46.0334 -19.5138 -40.1575 -31.9427 16.7064 -40.5450 19.8593 -48.7703 -26.2685 -1.9994 -36.1541 29.2382 -44.6902 -16.6183 -44.6889 -30.8297 13.8367 -39.6975 30.5283 -48.3517 -24.8971 -10.7131 -35.1782 25.9674 -43.5728 -12.9118 -47.1833 -29.7152 10.8807 -38.8245 34.6426 -47.6506 -23.2979 -22.6918 -34.0895 22.5607 -42.3179 -5.7994 -48.5391 -28.2225 5.8857 -37.0541
4.5317 -27.9712 -48.6172 -5.0236 -42.2814 22.6070 -34.1421 -21.7412 -23.4650 -47.7418 34.4067 -38.9408 11.3036 -29.8734 -46.9156 -13.5505 -43.7415 26.4569 -35.3318 -9.1340 -25.1195 -48.4375 29.3714 -39.8290 14.2792 -30.9996 -44.1605 -17.0816 -44.8573 29.7349 -36.2969 -0.9843 -26.4617 -48.8028 17.6063 -40.6707 17.1496 -32.1042 -39.3843 -19.6728 -45.9181 32.7242 -37.1800 4.2554 -27.6257 -48.7529 2.1384 -41.4673 20.0817 -33.1980 -31.6935 -21.7946 -46.9540 34.9344 -38.7296 14.4700 -34.6944 13.1771 -38.0894 33.6490 -46.0879 -19.9263 -38.7947 -32.2043 17.4039 -40.7437 16.2341 -48.8157 -26.5722 -0.4277 -36.3768 30.0154 -44.9542 -17.3419 -43.8248 -31.0989 14.5328 -39.9053 28.6224 -48.4830 -25.2460 -8.2519 -35.4199 26.7525 -43.8416 -13.9198 -46.7333 -29.9724 11.5717 -39.0195 34.2046 -47.8104 -23.6096 -20.6958 -34.2365 22.8878 -42.3858 -5.7994 -48.5757 -28.0714 4.9148
-27.1457 -48.6851 -3.8773 -42.2140 22.6070 -34.1939 -20.6341 -23.6734 -47.8620 33.9580 -39.1101 11.9207 -30.1123 -46.4452 -14.4672 -44.0022 27.2235 -35.5656 -6.8491 -25.4579 -48.5568 27.2061 -40.0352 14.9723 -31.2671 -43.2219 -17.7721 -45.1195 30.5020 -36.5151 0.4822 -26.7579 -48.8315 13.8178 -40.8687 17.8512 -32.3706 -37.8177 -20.2161 -46.1642 33.3376 -37.3919 5.2698 -27.8965 -48.7061 -0.9226 -41.7002 20.8112 -33.4597 -29.3701 -22.2219 -47.1344 34.9626 -38.4810 11.1225 -31.7772 -15.5623 -31.3549 8.8263 -37.7313 33.7376 -46.2736 -20.4190 -37.1971 -32.4695 18.1100 -40.9411 12.3737 -48.8344 -26.8648 0.9837 -36.5931 30.7755 -45.2151 -18.0138 -42.8396 -31.3675 15.2249 -40.1113 26.2966 -48.5960 -25.5806 -6.0489 -35.6534 27.5179 -44.1024 -14.8026 -46.2372 -30.2105 12.1816 -39.1884 33.6822 -47.9268 -23.8168 -19.5811 -34.2894 22.8878 -42.3179 -4.7298 -48.6544 -27.2504
-48.7709 -1.7578 -42.0329 22.2831 -34.1421 -20.6341 -23.7468 -47.9264 33.5724 -39.2367 12.4160 -30.3172 -45.9641 -15.2424 -44.2444 27.9572 -35.7876 -4.8509 -25.7772 -48.6560 24.6449 -40.2388 15.6589 -31.5328 -42.1573 -18.4144 -45.3784 31.2474 -36.7282 1.8053 -27.0429 -48.8318 9.9087 -41.0639 18.5586 -32.6363 -36.0690 -20.7331 -46.4052 33.8813 -37.6043 6.2184 -28.1667 -48.6219 -3.5539 -41.9791 21.5496 -33.7206 -26.8205 -22.6537 -47.3354 34.9708 -38.5459 10.3612 -30.2796 -41.8836 -25.0035 -43.8163 -29.5133 7.5712 -37.7610 34.1067 -46.4961 -20.9194 -35.3904 -32.7342 18.8213 -41.1354 8.4664 -48.8235 -27.1461 2.2626 -36.8052 31.5110 -45.4727 -18.6440 -41.7267 -31.6318 15.9117 -40.3127 23.5718 -48.6884 -25.8960 -4.1355 -35.8739 28.2469 -44.3445 -15.5520 -45.7320 -30.4145 12.6751 -39.3140 33.2425 -47.9893 -23.8899 -19.5811 -34.2365 22.5607 -42.1362 -2.7440 -48.7577
-3.4888 -41.7833 21.7194 -33.9966 -21.7412 -23.6734 -47.9264 33.4199 -39.3053 12.7409 -30.4694 -45.5338 -15.8529 -44.4569 28.6231 -35.9902 -3.1494 -26.0729 -48.7336 21.7430 -40.4345 16.3353 -31.7949 -40.9603 -19.0142 -45.6321 31.9583 -36.9397 3.0088 -27.3183 -48.8005 6.0917 -41.2572 19.2720 -32.9006 -34.1369 -21.2274 -46.6402 34.3381 -37.8170 7.1136 -28.4368 -48.4959 -5.7961 -42.2578 22.2977 -33.9798 -24.0999 -23.0746 -47.5365 34.8257 -38.7128 10.6291 -29.8679 -45.9888 -19.2736 -48.1958 -18.1230 -47.4677 -28.9399 7.7329 -37.9177 34.4909 -46.7263 -21.4041 -33.3873 -32.9980 19.5357 -41.3258 4.7344 -48.7869 -27.4194 3.4270 -37.0165 32.2122 -45.7244 -19.2313 -40.4832 -31.8921 16.5912 -40.5069 20.5241 -48.7585 -26.1875 -2.5030 -36.0749 28.9130 -44.5564 -16.1446 -45.2760 -30.5658 13.0008 -39.3816 33.0704 -47.9893 -23.8168 -20.6958 -34.0895 21.9933 -41.8865 -4.3162
-41.6718 21.0264 -33.7832 -23.7078 -23.4650 -47.8620 33.5724 -39.3053 12.8545 -30.5511 -45.2235 -16.2807 -44.6254 29.1757 -36.1647 -1.7500 -26.3376 -48.7886 18.6369 -40.6209 16.9961 -32.0505 -39.6405 -19.5754 -45.8783 32.6240 -37.1497 4.1080 -27.5892 -48.7604 2.5667 -41.4466 19.9914 -33.1639 -32.0069 -21.7013 -46.8689 34.6884 -38.0298 7.9652 -28.7075 -48.3241 -7.7116 -42.5374 23.0548 -34.2366 -21.2703 -23.4818 -47.7301 34.4645 -38.9121 11.2228 -29.9157 -46.5689 -16.0046 -45.8027 28.5580 -45.3207 -13.2334 -47.9614 -28.9302 8.3541 -38.1149 34.7877 -46.9519 -21.8698 -31.1849 -33.2607 20.2575 -41.5241 1.3564 -48.7450 -27.6898 4.4964 -37.2272 32.8604 -45.9687 -19.7799 -39.1037 -32.1476 17.2515 -40.6924 17.3135 -48.8055 -26.4497 -1.1623 -36.2479 29.4659 -44.7238 -16.5576 -44.9495 -30.6476 13.1132 -39.3816 33.2425 -47.9268 -23.6096 -22.6918 -33.8764 21.2991 -41.7704
20.5350 -33.5260 -26.1393 -23.1503 -47.7418 33.9580 -39.2367 12.7409 -30.5511 -45.1088 -16.5050 -44.7354 29.5760 -36.2998 -0.6772 -26.5612 -48.8214 15.5596 -40.7934 17.6235 -32.2944 -38.2186 -20.0981 -46.1158 33.2283 -37.3559 5.1158 -27.8572 -48.7150 -0.5386 -41.6707 20.7182 -33.4258 -29.6783 -22.1568 -47.0906 34.9097 -38.2431 8.7807 -28.9781 -48.1013 -9.3673 -42.8159 23.8195 -34.4912 -18.3790 -23.8755 -47.9132 33.8485 -39.1205 11.9084 -30.1169 -46.3726 -15.1417 -44.7072 33.4538 -40.3493 32.2751 -43.8977 -11.4824 -47.9083 -29.1124 9.0946 -38.3232 34.9537 -47.1708 -22.3190 -28.7856 -33.5221 20.9873 -41.7662 -1.5811 -48.6908 -27.9567 5.4793 -37.4352 33.4416 -46.2052 -20.2928 -37.6160 -32.3908 17.8769 -40.8646 14.1564 -48.8306 -26.6708 -0.1316 -36.3822 29.8642 -44.8330 -16.7757 -44.8317 -30.6476 13.0008 -39.3140 33.6822 -47.8104 -23.2979 -25.1546 -33.6207 20.8082
-32.8523 -28.6810 -22.7623 -47.5789 34.4067 -39.1101 12.4160 -30.4694 -45.2235 -16.5050 -44.7745 29.7927 -36.3869 0.0445 -26.7319 -48.8359 12.7827 -40.9438 18.1936 -32.5194 -36.7311 -20.5740 -46.3410 33.7561 -37.5582 6.0388 -28.1198 -48.6387 -3.1774 -41.9391 21.4485 -33.6850 -27.1630 -22.5953 -47.3043 34.9763 -38.4562 9.5668 -29.2485 -47.8224 -10.8049 -43.0922 24.5927 -34.7431 -15.5003 -24.2567 -48.0844 32.9407 -39.3308 12.6108 -30.3654 -45.8915 -15.4444 -44.4568 30.1590 -37.7000 16.0527 -37.3084 27.7925 -43.5044 -11.7160 -47.6722 -29.3556 9.8567 -38.5352 34.9571 -47.3813 -22.7518 -26.2048 -33.7797 21.7184 -42.0409 -4.0691 -48.6001 -28.2184 6.3793 -37.6371 33.9426 -46.4284 -20.7586 -36.0769 -32.6163 18.4520 -41.0151 11.3304 -48.8388 -26.8394 0.5671 -36.4672 30.0781 -44.8715 -16.7757 -44.9495 -30.5658 12.6751 -39.1884 34.2046 -47.6506 -22.9162 -27.7499 -32.9509
-31.8929 -22.3326 -47.3857 34.7668 -38.9408 11.9207 -30.3172 -45.5338 -16.2807 -44.7354 29.7927 -36.4179 0.4175 -26.8397 -48.8392 10.5893 -41.0675 18.6890 -32.7171 -35.2685 -20.9932 -46.5474 34.1907 -37.7533 6.8827 -28.3747 -48.5263 -5.4024 -42.2095 22.1737 -33.9398 -24.5144 -23.0155 -47.5084 34.8600 -38.6680 10.3284 -29.5185 -47.4820 -12.0629 -43.3673 25.3733 -34.9921 -12.7137 -24.6262 -48.2424 31.7008 -39.5410 13.3135 -30.6296 -45.2526 -16.0961 -44.5580 29.3617 -36.6565 7.1810 -32.4478 5.4845 -36.0114 26.5803 -43.5610 -12.5981 -47.3288 -29.6183 10.6072 -38.7468 34.7666 -47.5821 -23.1665 -23.5037 -34.0335 22.4486 -42.3113 -6.1585 -48.4722 -28.4725 7.2056 -37.8318 34.3443 -46.6321 -21.1713 -34.5536 -32.8147 18.9525 -41.1388 9.1398 -48.8366 -26.9453 0.9182 -36.4963 30.0781 -44.8330 -16.5576 -45.2760 -30.4145 12.1816 -39.0195 34.6426 -47.4601 -22.4937 -31.0560
-21.5835 -47.1747 34.9550 -38.7453 11.3036 -30.1123 -45.9641 -15.8529 -44.6254 29.5760 -36.3869 0.4175 -26.8769 -48.8389 9.1988 -41.1549 19.0775 -32.8794 -33.9284 -21.3477 -46.7287 34.5185 -37.9346 7.6462 -28.6174 -48.3787 -7.2613 -42.4731 22.8964 -34.1879 -21.7776 -23.4158 -47.7009 34.5341 -38.8778 11.0675 -29.7849 -47.0735 -13.1815 -43.6412 26.1604 -35.2380 -10.0867 -24.9841 -48.3856 30.0900 -39.7501 14.0152 -30.8972 -44.4860 -16.8136 -44.7725 29.6408 -36.4240 2.4527 -29.2316 -38.7763 -28.7950 -1.7784 -35.6463 26.7298 -43.7681 -13.5913 -46.9010 -29.8846 11.3377 -38.9553 34.3532 -47.7710 -23.5613 -20.7378 -34.2822 23.1748 -42.5760 -7.9093 -48.3089 -28.7162 7.9523 -38.0139 34.6390 -46.8111 -21.5220 -33.1560 -32.9760 19.3385 -41.2257 7.7699 -48.8326 -26.9805 0.9182 -36.4672 29.8642 -44.7238 -16.1446 -45.7320 -30.2105 11.5717 -38.8245 34.9070 -47.2524 -21.7334
-46.9318 34.9540 -38.5374 10.6080 -29.8734 -46.4452 -15.2424 -44.4569 29.1757 -36.2998 0.0445 -26.8397 -48.8389 8.7255 -41.2008 19.3201 -32.9954 -32.8142 -21.6299 -46.8786 34.7399 -38.0972 8.3158 -28.8426 -48.2014 -8.7937 -42.7273 23.6052 -34.4277 -19.0137 -23.7973 -47.8806 33.9763 -39.0852 11.7823 -30.0499 -46.5926 -14.1795 -43.9134 26.9518 -35.4800 -7.6735 -25.3310 -48.5133 28.0746 -39.9572 14.7097 -31.1650 -43.5959 -17.5114 -45.0218 30.2624 -36.4940 1.1812 -27.6678 -48.0860 -20.6258 -48.4656 -26.8255 -4.4749 -35.6656 27.3253 -44.0205 -14.5359 -46.3945 -30.1485 12.0477 -39.1627 33.6970 -47.9459 -23.9389 -17.9676 -34.5222 23.8874 -42.8297 -9.3736 -48.1153 -28.9430 8.6127 -38.1750 34.8273 -46.9595 -21.7988 -32.0163 -33.0916 19.5829 -41.2691 7.3084 -48.8326 -26.9453 0.5671 -36.3822 29.4659 -44.5564 -15.5520 -46.2372 -29.9724 10.8807 -38.6166 34.9742 -47.0107
33.5499 -38.2904 9.8653 -29.6164 -46.9156 -14.4672 -44.2444 28.6231 -36.1647 -0.6772 -26.7319 -48.8392 9.1988 -41.2008 19.4018 -33.0549 -32.0822 -21.8283 -46.9922 34.8699 -38.2341 8.8791 -29.0440 -48.0059 -10.0518 -42.9649 24.2828 -34.6566 -16.3501 -24.1569 -48.0463 33.1634 -39.2888 12.4760 -30.3124 -46.0369 -15.0800 -44.1812 27.7403 -35.7174 -5.5016 -25.6656 -48.6226 25.6317 -40.1628 15.4024 -31.4326 -42.5796 -18.1711 -45.2794 30.9725 -36.6634 1.6601 -27.2567 -48.7392 -10.8872 -46.1815 -8.0289 -48.7676 -26.2216 -4.1054 -35.8318 28.0548 -44.2827 -15.3975 -45.8096 -30.4102 12.7387 -39.3674 32.7755 -48.1063 -24.2946 -15.3100 -34.7493 24.5719 -43.0671 -10.5772 -47.9020 -29.1429 9.1681 -38.3117 34.9269 -47.0719 -21.9940 -31.2604 -33.1515 19.6691 -41.2691 7.7699 -48.8366 -26.8394 -0.1316 -36.2479 28.9130 -44.3445 -14.8026 -46.7333 -29.7152 10.1424 -38.3681 33.5180
-37.8481 9.0873 -29.3514 -47.3376 -13.5505 -44.0022 27.9572 -35.9902 -1.7500 -26.5612 -48.8359 10.5893 -41.1549 19.3201 -33.0549 -31.8335 -21.9288 -47.0630 34.9325 -38.3379 9.3245 -29.2123 -47.8068 -11.0617 -43.1797 24.9191 -34.8684 -13.8891 -24.4898 -48.1946 32.0937 -39.4864 13.1508 -30.5705 -45.4048 -15.8943 -44.4435 28.5193 -35.9475 -3.5735 -25.9877 -48.7109 22.7649 -40.3662 16.0952 -31.6998 -41.4258 -18.7925 -45.5359 31.6894 -36.8630 2.6522 -27.3096 -48.7647 -1.9749 -43.3231 34.6194 -42.8701 8.1381 -48.7453 -26.2332 -2.7416 -36.0395 28.8168 -44.5427 -16.1853 -45.1400 -30.6688 13.4101 -39.5646 31.5884 -48.2499 -24.6235 -12.8741 -34.9590 25.2078 -43.2819 -11.5309 -47.6884 -29.3096 9.6069 -38.4162 34.9659 -47.1418 -22.0941 -30.9949 -33.1515 19.5829 -41.2257 9.1398 -48.8388 -26.6708 -1.1623 -36.0749 28.2469 -44.1024 -13.9198 -47.1833 -29.4496 9.3725 -37.9298
8.2558 -29.0834 -47.7007 -12.5009 -43.7415 27.2235 -35.7876 -3.1494 -26.3376 -48.8214 12.7827 -41.0675 19.0775 -32.9954 -32.0822 -21.9288 -47.0866 34.9543 -38.4032 9.6308 -29.3414 -47.6241 -11.8332 -43.3644 25.4845 -35.0571 -11.7046 -24.7924 -48.3236 30.7880 -39.6757 13.7947 -30.8223 -44.6900 -16.6355 -44.6999 29.2836 -36.1695 -1.8705 -26.2966 -48.7770 19.5065 -40.5670 16.7847 -31.9664 -40.1219 -19.3791 -45.7887 32.3797 -37.0720 3.7224 -27.5137 -48.7591 0.9099 -42.0820 26.2387 -38.2388 24.7615 -41.4451 13.9419 -48.7922 -26.4461 -1.2314 -36.2545 29.5712 -44.7982 -16.9051 -44.3846 -30.9201 14.0532 -39.7528 30.1654 -48.3740 -24.9235 -10.7489 -35.1477 25.7718 -43.4647 -12.2621 -47.4943 -29.4384 9.9120 -38.4813 34.9748 -47.1653 -22.0941 -31.2604 -33.0916 19.3385 -41.1388 11.3304 -48.8306 -26.4497 -2.5030 -35.8739 27.5179 -43.8416 -12.9118 -47.5725 -29.1814 8.5618
-28.2739 -48.0032 -11.3030 -43.4725 26.4569 -35.5656 -4.8509 -26.0729 -48.7886 15.5596 -40.9438 18.6890 -32.8794 -32.8142 -21.8283 -47.0630 34.9543 -38.4252 9.7839 -29.4213 -47.4840 -12.3872 -43.5121 25.9578 -35.2185 -9.8780 -25.0589 -48.4321 29.2935 -39.8539 14.4049 -31.0627 -43.9031 -17.3100 -44.9491 30.0250 -36.3842 -0.3605 -26.5907 -48.8189 15.9129 -40.7634 17.4735 -32.2300 -38.6623 -19.9349 -46.0366 33.0228 -37.2835 4.7593 -27.7646 -48.7313 -0.2092 -41.8076 22.5993 -35.6004 9.0889 -35.1797 20.3375 -41.0886 13.1899 -48.8248 -26.7103 0.1899 -36.4646 30.3033 -45.0461 -17.5589 -43.5581 -31.1599 14.6616 -39.9293 28.5421 -48.4773 -25.1874 -8.9752 -35.3081 26.2437 -43.6121 -12.7949 -47.3443 -29.5180 10.0639 -38.5039 34.9748 -47.1418 -21.9940 -32.0163 -32.9760 18.9525 -41.0151 14.1564 -48.8055 -26.1875 -4.1355 -35.6534 26.7525 -43.5728 -11.7624 -47.8989 -28.3748
-48.3369 -9.9364 -43.1984 25.6781 -35.3318 -6.8491 -25.7772 -48.7336 18.6369 -40.7934 18.1936 -32.7171 -33.9284 -21.6299 -46.9922 34.9325 -38.4032 9.7839 -29.4468 -47.4120 -12.7190 -43.6165 26.3219 -35.3472 -8.4416 -25.2816 -48.5181 27.7041 -40.0153 14.9724 -31.2883 -43.0615 -17.9119 -45.1881 30.7269 -36.5871 0.9805 -26.8696 -48.8354 12.1608 -40.9544 18.1641 -32.4908 -37.0441 -20.4602 -46.2780 33.6033 -37.4940 5.7358 -28.0292 -48.6687 -2.4550 -41.9104 21.8395 -34.4751 -5.3794 -30.1224 -9.6594 -33.7389 19.2378 -41.1033 10.3248 -48.8326 -26.9775 1.4660 -36.6641 31.0001 -45.2834 -18.1477 -42.6786 -31.3850 15.2281 -40.0895 26.8290 -48.5597 -25.4076 -7.5855 -35.4353 26.6104 -43.7172 -13.1131 -47.2669 -29.5436 10.0639 -38.4813 34.9659 -47.0719 -21.7988 -33.1560 -32.8147 18.4520 -40.8646 17.3135 -48.7585 -25.8960 -6.0489 -35.4199 25.9674 -43.2989 -10.4506 -48.2610
-10.4178 -42.9199 24.8934 -35.0898 -9.1340 -25.4579 -48.6560 21.7430 -40.6209 17.6235 -32.5194 -35.2685 -21.3477 -46.8786 34.8699 -38.3379 9.6308 -29.4213 -47.4120 -12.8233 -43.6683 26.5487 -35.4381 -7.3925 -25.4564 -48.5826 26.1629 -40.1562 15.4810 -31.4937 -42.1935 -18.4470 -45.4109 31.3790 -36.7787 2.1576 -27.1315 -48.8253 8.4590 -41.1403 18.8514 -32.7485 -35.2617 -20.9557 -46.5129 34.1053 -37.7034 6.6515 -28.2973 -48.5657 -4.7316 -42.1365 22.1140 -34.1371 -17.2495 -26.3616 -47.3423 -25.7404 -25.9860 -33.2269 19.3579 -41.2347 6.9374 -48.8123 -27.2329 2.5996 -36.8550 31.6445 -45.5052 -18.6705 -41.7692 -31.5916 15.7346 -40.2302 25.1790 -48.6211 -25.5794 -6.5840 -35.5254 26.8401 -43.7689 -13.2133 -47.2669 -29.5180 9.9120 -38.4162 34.9269 -46.9595 -21.5220 -34.5536 -32.6163 17.8769 -40.6924 20.5241 -48.6884 -25.5806 -8.2519 -35.1782 25.1801 -43.0207 -10.8709
-42.7589 24.1081 -34.8407 -11.6723 -25.1195 -48.5568 24.6449 -40.4345 16.9961 -32.2944 -36.7311 -20.9932 -46.7287 34.7399 -38.2341 9.3245 -29.3414 -47.4840 -12.7190 -43.6683 26.6235 -35.4837 -6.7600 -25.5797 -48.6284 24.8059 -40.2721 15.9156 -31.6732 -41.3433 -18.9101 -45.6137 31.9703 -36.9589 3.1911 -27.3761 -48.7894 4.9914 -41.3202 19.5300 -33.0016 -33.3148 -21.4265 -46.7403 34.5084 -37.9131 7.5149 -28.5644 -48.4200 -6.7681 -42.3999 22.7216 -34.1923 -20.1477 -24.5230 -48.6707 -13.6026 -48.4901 -23.3178 -29.8960 -33.2142 19.8677 -41.3957 3.6554 -48.7765 -27.4761 3.6024 -37.0363 32.2223 -45.7074 -19.1256 -40.8770 -31.7715 16.1661 -40.3458 23.7451 -48.6635 -25.7010 -5.9764 -35.5707 26.9150 -43.7689 -13.1131 -47.3443 -29.4384 9.6069 -38.3117 34.8273 -46.8111 -21.1713 -36.0769 -32.3908 17.2515 -40.5069 23.5718 -48.5960 -25.2460 -10.7131 -34.9315 24.3944 -42.8573
23.5995 -34.5760 -14.4113 -24.7666 -48.4375 27.2061 -40.2388 16.3353 -32.0505 -38.2186 -20.5740 -46.5474 34.5185 -38.0972 8.8791 -29.2123 -47.6241 -12.3872 -43.6165 26.5487 -35.4837 -6.5532 -25.6413 -48.6557 23.7670 -40.3594 16.2570 -31.8221 -40.5546 -19.2966 -45.7928 32.4821 -37.1252 4.0939 -27.6043 -48.7529 1.9386 -41.4931 20.1934 -33.2480 -31.2155 -21.8728 -46.9577 34.7958 -38.1202 8.3286 -28.8288 -48.2285 -8.5261 -42.6719 23.4365 -34.3850 -19.0989 -24.0645 -48.2030 15.9147 -43.8942 22.6397 -47.6846 -22.5854 -29.5366 -33.3775 20.4854 -41.5800 0.7548 -48.7399 -27.7050 4.4803 -37.2040 32.7212 -45.8842 -19.5054 -40.0588 -31.9190 16.5116 -40.4332 22.6540 -48.6883 -25.7629 -5.7777 -35.5707 26.8401 -43.7172 -12.7949 -47.4943 -29.3096 9.1681 -38.1750 34.6390 -46.6321 -20.7586 -37.6160 -32.1476 16.5912 -40.3127 26.2966 -48.4830 -24.8971 -13.3948 -34.6696 23.8817
-33.9382 -17.2913 -24.4004 -48.3006 29.3714 -40.0352 15.6589 -31.7949 -39.6405 -20.0981 -46.3410 34.1907 -37.9346 8.3158 -29.0440 -47.8068 -11.8332 -43.5121 26.3219 -35.4381 -6.7600 -25.6413 -48.6644 23.2239 -40.4149 16.4994 -31.9342 -39.8880 -19.6064 -45.9429 32.9026 -37.2739 4.8616 -27.8160 -48.7177 -0.6319 -41.6946 20.8361 -33.4821 -29.0231 -22.2919 -47.1649 34.9528 -38.3238 9.0992 -29.0896 -47.9889 -10.0269 -42.9420 24.1834 -34.6183 -16.7861 -24.1762 -48.1211 29.4810 -41.1417 28.0609 -40.7662 33.7470 -47.4558 -22.6160 -27.8420 -33.5885 21.1178 -41.7965 -1.6687 -48.6938 -27.9156 5.2273 -37.3522 33.1286 -46.0325 -19.8081 -39.3594 -32.0313 16.7567 -40.4882 22.0629 -48.6963 -25.7629 -5.9764 -35.5254 26.6104 -43.6121 -12.2621 -47.6884 -29.1429 8.6127 -38.0139 34.3443 -46.4284 -20.2928 -39.1037 -31.8921 15.9117 -40.1113 28.6224 -48.3517 -24.5366 -16.2398 -34.0360
-21.1334 -24.0213 -48.1472 31.1293 -39.8290 14.9723 -31.5328 -40.9603 -19.5754 -46.1158 33.7561 -37.7533 7.6462 -28.8426 -48.0059 -11.0617 -43.3644 25.9578 -35.3472 -7.3925 -25.5797 -48.6557 23.2239 -40.4339 16.6256 -32.0038 -39.3968 -19.8360 -46.0602 33.2288 -37.3993 5.4963 -28.0033 -48.6648 -2.7416 -41.9176 21.4499 -33.7038 -26.8023 -22.6799 -47.3582 34.9629 -38.5243 9.8329 -29.3460 -47.6984 -11.3293 -43.2089 24.9349 -34.8593 -14.1376 -24.4652 -48.1960 31.1662 -40.0936 18.9317 -36.1277 17.5647 -39.4397 34.6392 -47.4959 -22.8860 -25.7329 -33.8030 21.7255 -42.0199 -3.6443 -48.6308 -28.1019 5.8412 -37.4777 33.4421 -46.1504 -20.0335 -38.8348 -32.1030 16.8841 -40.5072 22.0629 -48.6883 -25.7010 -6.5840 -35.4353 26.2437 -43.4647 -11.5309 -47.9020 -28.9430 7.9523 -37.8318 33.9426 -46.2052 -19.7799 -40.4832 -31.6318 15.2249 -39.9053 30.5283 -48.2048 -24.1641 -20.0577
-23.1707 -47.9789 32.5077 -39.6209 14.2792 -31.2671 -42.1573 -19.0142 -45.8783 33.2283 -37.5582 6.8827 -28.6174 -48.2014 -10.0518 -43.1797 25.4845 -35.2185 -8.4416 -25.4564 -48.6284 23.7670 -40.4149 16.6256 -32.0275 -39.1363 -19.9775 -46.1426 33.4625 -37.4985 5.9945 -28.1591 -48.6023 -4.3994 -42.1199 22.0196 -33.9097 -24.5873 -23.0356 -47.5343 34.8176 -38.7182 10.5300 -29.5964 -47.3551 -12.4742 -43.4718 25.6872 -35.0974 -11.5361 -24.7974 -48.3194 30.5652 -39.8451 15.6597 -33.3686 -1.3071 -32.9211 13.4379 -39.0611 34.5816 -47.6243 -23.2028 -23.5295 -34.0064 22.2921 -42.2218 -5.2082 -48.5588 -28.2584 6.3347 -37.5782 33.6656 -46.2335 -20.1758 -38.5621 -32.1280 16.8841 -40.4882 22.6540 -48.6635 -25.5794 -7.5855 -35.3081 25.7718 -43.2819 -10.5772 -48.1153 -28.7162 7.2056 -37.6371 33.4416 -45.9687 -19.2313 -41.7267 -31.3675 14.5328 -39.6975 32.0404 -48.0430 -23.3064
-47.7586 33.5417 -39.4116 13.5825 -30.9996 -43.2219 -18.4144 -45.6321 32.6240 -37.3559 6.0388 -28.3747 -48.3787 -8.7937 -42.9649 24.9191 -35.0571 -9.8780 -25.2816 -48.5826 24.8059 -40.3594 16.4994 -32.0038 -39.1363 -20.0246 -46.1855 33.6043 -37.5679 6.3590 -28.2821 -48.5391 -5.6435 -42.2945 22.5239 -34.0932 -22.4793 -23.3582 -47.6927 34.5217 -38.9014 11.1830 -29.8383 -46.9616 -13.4776 -43.7287 26.4357 -35.3295 -9.1066 -25.1324 -48.4451 29.1009 -39.9043 14.9547 -31.9915 -30.8892 -27.2619 -35.1096 -31.1752 12.2888 -39.0583 34.2789 -47.7675 -23.5122 -21.4071 -34.1888 22.7983 -42.3949 -6.3918 -48.4866 -28.3820 6.6950 -37.6475 33.8021 -46.2754 -20.2255 -38.5621 -32.1030 16.7567 -40.4332 23.7451 -48.6211 -25.4076 -8.9752 -35.1477 25.2078 -43.0671 -9.3736 -48.3089 -28.4725 6.3793 -37.4352 32.8604 -45.7244 -18.6440 -42.8396 -31.0989 13.8367 -39.4889 33.1950 -47.8259
31.4113 -39.1561 12.8769 -30.7311 -44.1605 -17.7721 -45.3784 31.9583 -37.1497 5.1158 -28.1198 -48.5263 -7.2613 -42.7273 24.2828 -34.8684 -11.7046 -25.0589 -48.5181 26.1629 -40.2721 16.2570 -31.9342 -39.3968 -19.9775 -46.1855 33.6525 -37.6048 6.5831 -28.3682 -48.4836 -6.5406 -42.4343 22.9456 -34.2504 -20.5862 -23.6403 -47.8316 34.0906 -39.0703 11.7886 -30.0693 -46.5238 -14.3563 -43.9760 27.1722 -35.5554 -6.9098 -25.4560 -48.5586 27.0790 -40.0615 15.1942 -31.5937 -39.6274 -22.5627 -48.7760 -21.6372 -43.5508 -30.5722 12.3064 -39.1722 33.8011 -47.9007 -23.7881 -19.5048 -34.3440 23.2244 -42.5356 -7.2399 -48.4246 -28.4679 6.9137 -37.6826 33.8492 -46.2754 -20.1758 -38.8348 -32.0313 16.5116 -40.3458 25.1790 -48.5597 -25.1874 -10.7489 -34.9590 24.5719 -42.8297 -7.9093 -48.4722 -28.2184 5.4793 -37.2272 32.2122 -45.4727 -18.0138 -43.8248 -30.8297 13.1362 -39.2333 30.9837
-38.7737 12.1604 -30.4624 -44.9809 -17.0816 -45.1195 31.2474 -36.9397 4.1080 -27.8572 -48.6387 -5.4024 -42.4731 23.6052 -34.6566 -13.8891 -24.7924 -48.4321 27.7041 -40.1562 15.9156 -31.8221 -39.8880 -19.8360 -46.1426 33.6043 -37.6048 6.6575 -28.4120 -48.4456 -7.1308 -42.5387 23.2780 -34.3775 -18.9846 -23.8769 -47.9491 33.5598 -39.2244 12.3398 -30.2837 -46.0503 -15.1267 -44.2114 27.8795 -35.7713 -4.9700 -25.7639 -48.6547 24.6410 -40.2459 15.7333 -31.6361 -41.0132 -20.1764 -47.1819 7.5297 -46.7154 -18.2018 -45.0025 -30.5067 12.6780 -39.3119 33.2046 -48.0139 -24.0196 -17.9081 -34.4701 23.5601 -42.6402 -7.7955 -48.3825 -28.5117 6.9876 -37.6826 33.8021 -46.2335 -20.0335 -39.3594 -31.9190 16.1661 -40.2302 26.8290 -48.4773 -24.9235 -12.8741 -34.7493 23.8874 -42.5760 -6.1585 -48.6001 -27.9567 4.4964 -37.0165 31.5110 -45.2151 -17.3419 -44.6889 -30.5602 12.4260 -38.8570
11.4984 -30.1920 -45.6937 -16.3398 -44.8573 30.5020 -36.7282 3.0088 -27.5892 -48.7150 -3.1774 -42.2095 22.8964 -34.4277 -16.3501 -24.4898 -48.3236 29.2935 -40.0153 15.4810 -31.6732 -40.5546 -19.6064 -46.0602 33.4625 -37.5679 6.5831 -28.4120 -48.4322 -7.4262 -42.6044 23.5104 -34.4710 -17.7302 -24.0654 -48.0432 32.9890 -39.3605 12.8274 -30.4791 -45.5562 -15.7948 -44.4333 28.5482 -35.9724 -3.2807 -26.0544 -48.7299 21.8621 -40.4331 16.3515 -31.8245 -40.5768 -19.5729 -46.3111 34.8897 -41.6538 35.0780 -45.4551 -16.9830 -45.0375 -30.6156 13.1150 -39.4427 32.5675 -48.1040 -24.2042 -16.6645 -34.5637 23.7914 -42.7048 -8.0734 -48.3677 -28.5117 6.9137 -37.6475 33.6656 -46.1504 -19.8081 -40.0588 -31.7715 15.7346 -40.0895 28.5421 -48.3740 -24.6235 -15.3100 -34.5222 23.1748 -42.3113 -4.0691 -48.6908 -27.6898 3.4270 -36.8052 30.7755 -44.9542 -16.6183 -45.4417 -30.2896 11.7735
-29.4177 -46.3118 -15.5383 -44.5918 29.7349 -36.5151 1.8053 -27.3183 -48.7604 -0.5386 -41.9391 22.1737 -34.1879 -19.0137 -24.1569 -48.1946 30.7880 -39.8539 14.9724 -31.4937 -41.3433 -19.2966 -45.9429 33.2288 -37.4985 6.3590 -28.3682 -48.4456 -7.4262 -42.6268 23.6295 -34.5283 -16.8738 -24.2032 -48.1131 32.4445 -39.4730 13.2420 -30.6500 -45.0690 -16.3628 -44.6352 29.1695 -36.1567 -1.8376 -26.3235 -48.7847 18.8220 -40.6137 16.9798 -32.0540 -39.5329 -19.7411 -46.0946 34.2801 -39.0686 20.4339 -38.6135 32.2339 -45.0296 -16.9036 -44.6973 -30.7608 13.5116 -39.5522 31.9705 -48.1723 -24.3391 -15.8088 -34.6217 23.9093 -42.7273 -8.0734 -48.3825 -28.4679 6.6950 -37.5782 33.4421 -46.0325 -19.5054 -40.8770 -31.5916 15.2281 -39.9293 30.1654 -48.2499 -24.2946 -17.9676 -34.2822 22.4486 -42.0409 -1.5811 -48.7450 -27.4194 2.2626 -36.5931 30.0154 -44.6902 -15.8364 -46.0957 -29.5196
-47.0270 -14.6576 -44.3236 28.9496 -36.2969 0.4822 -27.0429 -48.8005 2.5667 -41.6707 21.4485 -33.9398 -21.7776 -23.7973 -48.0463 32.0937 -39.6757 14.4049 -31.2883 -42.1935 -18.9101 -45.7928 32.9026 -37.3993 5.9945 -28.2821 -48.4836 -7.1308 -42.6044 23.6295 -34.5478 -16.4437 -24.2864 -48.1594 31.9880 -39.5599 13.5734 -30.7903 -44.6187 -16.8308 -44.8116 29.7200 -36.3228 -0.6148 -26.5659 -48.8197 15.6588 -40.7856 17.5961 -32.2894 -38.2181 -20.1388 -46.1800 33.7575 -38.0111 12.0517 -33.8577 10.4253 -37.2351 30.9008 -44.9991 -17.1737 -44.2791 -30.8937 13.8349 -39.6384 31.4786 -48.2173 -24.4234 -15.3763 -34.6422 23.9093 -42.7048 -7.7955 -48.4246 -28.3820 6.3347 -37.4777 33.1286 -45.8842 -19.1256 -41.7692 -31.3850 14.6616 -39.7528 31.5884 -48.1063 -23.9389 -20.7378 -34.0335 21.7184 -41.7662 1.3564 -48.7869 -27.1461 0.9837 -36.3768 29.2382 -44.4217 -14.9874 -46.8551
-14.5880 -44.0518 28.1544 -36.0724 -0.9843 -26.7579 -48.8318 6.0917 -41.4466 20.7182 -33.6850 -24.5144 -23.4158 -47.8806 33.1634 -39.4864 13.7947 -31.0627 -43.0615 -18.4470 -45.6137 32.4821 -37.2739 5.4963 -28.1591 -48.5391 -6.5406 -42.5387 23.5104 -34.5283 -16.4437 -24.3136 -48.1827 31.6874 -39.6192 13.8182 -30.8996 -44.2299 -17.2014 -44.9611 30.1916 -36.4680 0.4018 -26.7814 -48.8352 12.5765 -40.9482 18.1935 -32.5173 -36.7577 -20.5773 -46.3568 33.9022 -37.7648 8.5415 -30.8680 -25.9965 -30.3467 5.1854 -36.8096 30.7450 -45.0848 -17.4823 -43.8910 -30.9990 14.0723 -39.6965 31.1454 -48.2397 -24.4526 -15.3763 -34.6217 23.7914 -42.6402 -7.2399 -48.4866 -28.2584 5.8412 -37.3522 32.7212 -45.7074 -18.6705 -42.6786 -31.1599 14.0532 -39.5646 32.7755 -47.9459 -23.5613 -23.5037 -33.7797 20.9873 -41.5241 4.7344 -48.8235 -26.8648 -0.4277 -36.1541 28.4479 -44.1495 -14.8852
-43.8528 27.3553 -35.8403 -2.6222 -26.4617 -48.8315 9.9087 -41.2572 19.9914 -33.4258 -27.1630 -23.0155 -47.7009 33.9763 -39.2888 13.1508 -30.8223 -43.9031 -17.9119 -45.4109 31.9703 -37.1252 4.8616 -28.0033 -48.6023 -5.6435 -42.4343 23.2780 -34.4710 -16.8738 -24.2864 -48.1827 31.5859 -39.6491 13.9661 -30.9751 -43.9200 -17.4823 -45.0809 30.5812 -36.5889 1.2271 -26.9686 -48.8345 9.7269 -41.0968 18.7568 -32.7350 -35.2075 -21.0011 -46.5521 34.2286 -37.8164 7.6730 -29.3544 -45.1956 -23.4679 -46.6651 -28.3527 3.1285 -36.7454 30.9407 -45.1854 -17.7363 -43.5789 -31.0729 14.2176 -39.7254 31.0271 -48.2397 -24.4234 -15.8088 -34.5637 23.5601 -42.5356 -6.3918 -48.5588 -28.1019 5.2273 -37.2040 32.2223 -45.5052 -18.1477 -43.5581 -30.9201 13.4101 -39.3674 33.6970 -47.7710 -23.1665 -26.2048 -33.5221 20.2575 -41.3258 8.4664 -48.8344 -26.5722 -1.9994 -35.9249 27.6475 -43.9484
26.7876 -35.5870 -4.4646 -26.1542 -48.8028 13.8178 -41.0639 19.2720 -33.1639 -29.6783 -22.5953 -47.5084 34.5341 -39.0852 12.4760 -30.5705 -44.6900 -17.3100 -45.1881 31.3790 -36.9589 4.0939 -27.8160 -48.6648 -4.3994 -42.2945 22.9456 -34.3775 -17.7302 -24.2032 -48.1594 31.6874 -39.6491 14.0134 -31.0130 -43.7246 -17.6717 -45.1705 30.8803 -36.6841 1.8777 -27.1232 -48.8222 7.2282 -41.2283 19.2735 -32.9355 -33.6253 -21.3958 -46.7427 34.5413 -37.9600 7.8959 -28.9339 -47.6321 -16.8951 -47.5118 -14.8857 -48.5629 -27.6400 2.7603 -36.7861 31.1791 -45.2676 -17.9130 -43.3796 -31.1109 14.2660 -39.7254 31.1454 -48.2173 -24.3391 -16.6645 -34.4701 23.2244 -42.3949 -5.2082 -48.6308 -27.9156 4.4803 -37.0363 31.6445 -45.2834 -17.5589 -44.3846 -30.6688 12.7387 -39.1627 34.3532 -47.5821 -22.7518 -28.7856 -33.2607 19.5357 -41.1354 12.3737 -48.8157 -26.2685 -3.7724 -35.6738 27.0693
-34.9939 -6.5433 -25.8342 -48.7484 17.6063 -40.8687 18.5586 -32.9006 -32.0069 -22.1568 -47.3043 34.8600 -38.8778 11.7823 -30.3124 -45.4048 -16.6355 -44.9491 30.7269 -36.7787 3.1911 -27.6043 -48.7177 -2.7416 -42.1199 22.5239 -34.2504 -18.9846 -24.0654 -48.1131 31.9880 -39.6192 13.9661 -31.0130 -43.6608 -17.7648 -45.2253 31.0859 -36.7549 2.3569 -27.2451 -48.8024 5.1877 -41.3428 19.7363 -33.1140 -32.0781 -21.7493 -46.9195 34.7773 -38.1240 8.4398 -28.9535 -47.9665 -12.6609 -44.9059 34.0994 -44.2117 -6.3401 -48.7369 -27.4737 2.9227 -36.8409 31.3608 -45.3191 -18.0050 -43.3124 -31.1109 14.2176 -39.6965 31.4786 -48.1723 -24.2042 -17.9081 -34.3440 22.7983 -42.2218 -3.6443 -48.6938 -27.7050 3.6024 -36.8550 31.0001 -45.0461 -16.9051 -45.1400 -30.4102 12.0478 -38.9553 34.7666 -47.3813 -22.3190 -31.1849 -32.9980 18.8213 -40.9411 16.2341 -48.7703 -25.9524 -5.7726 -35.0849
-9.5544 -25.5037 -48.6699 21.1040 -40.6707 17.8512 -32.6363 -34.1369 -21.7013 -47.0906 34.9763 -38.6680 11.0675 -30.0499 -46.0369 -15.8943 -44.6999 30.0250 -36.5871 2.1576 -27.3761 -48.7529 -0.6319 -41.9176 22.0196 -34.0932 -20.5862 -23.8769 -48.0432 32.4445 -39.5599 13.8182 -30.9751 -43.7246 -17.7648 -45.2428 31.1881 -36.7989 2.6783 -27.3333 -48.7818 3.6323 -41.4346 20.1281 -33.2687 -30.6263 -22.0571 -47.0771 34.9199 -38.2858 9.0387 -29.1085 -47.9031 -11.3565 -43.7413 30.8879 -39.4588 28.8239 -42.5257 -1.2848 -48.7531 -27.4733 3.1466 -36.8786 31.4559 -45.3361 -18.0050 -43.3796 -31.0729 14.0723 -39.6384 31.9705 -48.1040 -24.0196 -19.5048 -34.1888 22.2921 -42.0199 -1.6687 -48.7399 -27.4761 2.5996 -36.6641 30.3034 -44.7982 -16.1853 -45.8095 -30.1485 11.3377 -38.7468 34.9571 -47.1708 -21.8698 -33.3873 -32.7342 18.1100 -40.7437 19.8593 -48.7009 -25.6254 -8.6581
-24.5973 -48.5698 24.2184 -40.4700 17.1496 -32.3706 -36.0690 -21.2274 -46.8689 34.9097 -38.4562 10.3284 -29.7849 -46.5926 -15.0800 -44.4435 29.2836 -36.3842 0.9805 -27.1315 -48.7894 1.9386 -41.6946 21.4499 -33.9097 -22.4793 -23.6403 -47.9491 32.9890 -39.4730 13.5734 -30.8996 -43.9200 -17.6717 -45.2253 31.1881 -36.8129 2.8394 -27.3872 -48.7670 2.5584 -41.5030 20.4403 -33.3946 -29.3438 -22.3158 -47.2125 34.9750 -38.4344 9.6028 -29.2950 -47.7143 -11.6029 -43.4515 27.2294 -36.8641 13.0908 -36.2738 23.6141 -41.9194 0.2052 -48.7528 -27.5013 3.2769 -36.8909 31.4559 -45.3191 -17.9130 -43.5789 -30.9990 13.8349 -39.5522 32.5675 -48.0139 -23.7881 -21.4071 -34.0064 21.7257 -41.7965 0.7548 -48.7765 -27.2329 1.4663 -36.4646 29.5715 -44.5428 -15.3976 -46.3944 -29.8846 10.6072 -38.5355 34.9537 -46.9519 -21.4041 -35.3904 -32.4695 17.4039 -40.5450 23.1387 -48.6088 -24.7159
-48.4016 26.9038 -40.2672 16.4518 -32.1042 -37.8177 -20.7331 -46.6402 34.6884 -38.2431 9.5668 -29.5185 -47.0735 -14.1795 -44.1812 28.5193 -36.1695 -0.3605 -26.8696 -48.8253 4.9914 -41.4931 20.8361 -33.7038 -24.5873 -23.3582 -47.8316 33.5598 -39.3605 13.2420 -30.7903 -44.2299 -17.4823 -45.1705 31.0859 -36.7989 2.8394 -27.4056 -48.7610 1.9226 -41.5541 20.6715 -33.4911 -28.2971 -22.5214 -47.3237 34.9605 -38.5637 10.0986 -29.4772 -47.4749 -12.2901 -43.5017 26.3316 -35.8273 3.2521 -31.4220 -0.5159 -34.7361 21.8702 -41.7592 0.3620 -48.7509 -27.5147 3.2769 -36.8786 31.3608 -45.2676 -17.7363 -43.8910 -30.8937 13.5116 -39.4427 33.2046 -47.9007 -23.5122 -23.5264 -33.8030 21.1180 -41.5805 3.6551 -48.8123 -26.9775 0.1935 -36.2551 28.8178 -44.2829 -14.5360 -46.9009 -29.6193 9.8571 -38.3238 34.7877 -46.7263 -20.9194 -37.1971 -32.2043 16.7064 -40.3424 25.9902 -48.4466
23.7957 -40.0046 15.7527 -31.8373 -39.3843 -20.2161 -46.4052 34.3381 -38.0298 8.7807 -29.2485 -47.4820 -13.1815 -43.9134 27.7403 -35.9475 -1.8705 -26.5907 -48.8354 8.4590 -41.3202 20.1934 -33.4821 -26.8023 -23.0356 -47.6927 34.0906 -39.2244 12.8274 -30.6500 -44.6187 -17.2014 -45.0809 30.8803 -36.7549 2.6783 -27.3872 -48.7610 1.7091 -41.5846 20.8128 -33.5580 -27.5048 -22.6784 -47.4090 34.9033 -38.6744 10.5178 -29.6385 -47.2237 -13.0043 -43.6504 26.4448 -35.5346 -3.3709 -28.0653 -44.2307 -27.2356 -15.2884 -34.0676 21.3952 -41.7288 0.3170 -48.7509 -27.5013 3.1466 -36.8409 31.1791 -45.1854 -17.4823 -44.2791 -30.7608 13.1150 -39.3119 33.8011 -47.7676 -23.2030 -25.7299 -33.5896 20.4856 -41.3962 6.9352 -48.8328 -26.7115 -1.2218 -36.0408 28.0566 -44.0207 -13.5913 -47.3287 -29.3574 9.0952 -38.1151 34.4909 -46.4961 -20.4190 -38.7947 -31.9427 16.0176 -40.0815 22.7455
-39.7010 15.0515 -31.5684 -40.7738 -19.6728 -46.1642 33.8813 -37.8170 7.9652 -28.9781 -47.8224 -12.0629 -43.6412 26.9518 -35.7174 -3.5735 -26.2966 -48.8189 12.1608 -41.1403 19.5300 -33.2480 -29.0231 -22.6799 -47.5343 34.5217 -39.0703 12.3398 -30.4791 -45.0690 -16.8308 -44.9611 30.5812 -36.6841 2.3569 -27.3333 -48.7670 1.9226 -41.5846 20.8586 -33.5921 -26.9911 -22.7871 -47.4712 34.8273 -38.7619 10.8635 -29.7749 -46.9815 -13.6158 -43.8122 26.8401 -35.5375 -5.6373 -26.4477 -48.7199 -17.7142 -48.7787 -24.7002 -22.1722 -33.8549 21.3066 -41.7288 0.3617 -48.7528 -27.4733 2.9228 -36.7861 30.9407 -45.0852 -17.1744 -44.6973 -30.6161 12.6782 -39.1723 34.2788 -47.6243 -22.8861 -27.8404 -33.3795 19.8680 -41.2348 10.3129 -48.8254 -26.4488 -2.7239 -35.8337 27.3281 -43.7683 -12.6025 -47.6717 -29.1133 8.3542 -37.9177 34.1067 -46.2736 -19.9263 -40.1575 -31.6982 15.3648 -39.8056
14.4827 -31.2956 -42.0094 -19.1003 -45.9181 33.3376 -37.6043 7.1136 -28.7075 -48.1013 -10.8049 -43.3673 26.1604 -35.4800 -5.5016 -25.9877 -48.7770 15.9102 -40.9544 18.8515 -33.0016 -31.2154 -22.2919 -47.3582 34.8176 -38.9014 11.7886 -30.2837 -45.5562 -16.3628 -44.8116 30.1916 -36.5889 1.8777 -27.2451 -48.7818 2.5584 -41.5541 20.8128 -33.5921 -26.8139 -22.8428 -47.5105 34.7578 -38.8257 11.1264 -29.8843 -46.7625 -14.1064 -43.9572 27.2664 -35.6372 -5.4912 -25.9659 -48.7213 -2.5972 -44.9504 7.6896 -48.1788 -23.7401 -23.6821 -33.8554 21.3970 -41.7595 0.1989 -48.7531 -27.4741 2.7625 -36.7466 30.7489 -45.0001 -16.9083 -45.0351 -30.5078 12.3081 -39.0587 34.5809 -47.4957 -22.6192 -29.5291 -33.2163 19.3648 -41.1060 13.1624 -48.7931 -26.2389 -4.0725 -35.6684 26.7368 -43.5625 -11.7222 -47.9080 -28.9302 7.7330 -37.7612 33.7381 -46.0884 -19.5138 -41.1598 -31.5139 14.9900
-30.5544 -43.1056 -18.4912 -45.6668 32.7242 -37.3919 6.2184 -28.4368 -48.3241 -9.3673 -43.0922 25.3733 -35.2380 -7.6735 -25.6656 -48.7109 19.4979 -40.7640 18.1672 -32.7496 -33.3140 -21.8728 -47.1649 34.9629 -38.7183 11.1831 -30.0693 -46.0503 -15.7948 -44.6354 29.7202 -36.4680 1.2272 -27.1232 -48.8024 3.6323 -41.5031 20.6715 -33.5590 -26.9887 -22.8428 -47.5240 34.7174 -38.8664 11.3096 -29.9654 -46.5841 -14.4848 -44.0789 27.6501 -35.7497 -4.6810 -25.9411 -48.7125 13.2660 -42.2387 31.8256 -41.6627 28.4311 -47.9887 -23.7435 -22.1379 -34.0697 21.8794 -41.9225 -1.3095 -48.7364 -27.6423 3.1425 -36.8129 30.9130 -45.0331 -16.9941 -44.9906 -30.5751 12.2974 -39.0618 34.6348 -47.4575 -22.5930 -29.8519 -33.2321 19.2507 -41.0943 13.8671 -48.7459 -26.2309 -4.4235 -35.6514 26.5916 -43.5067 -11.4853 -47.9607 -28.9416 7.5747 -37.7336 33.6502 -46.0341 -19.4333 -41.3616 -31.0833
-44.3964 -17.8419 -45.4088 32.0510 -37.1800 5.2700 -28.1678 -48.4957 -7.7118 -42.8159 24.5929 -34.9929 -10.0829 -25.3311 -48.6226 22.7591 -40.5679 17.4829 -32.4944 -35.2469 -21.4300 -46.9582 34.9532 -38.5251 10.5319 -29.8389 -46.5228 -15.1267 -44.4335 29.1702 -36.3239 0.4045 -26.9691 -48.8222 5.1869 -41.4352 20.4409 -33.4926 -27.4958 -22.7898 -47.5118 34.7168 -38.8812 11.4281 -30.0199 -46.4579 -14.7485 -44.1670 27.9910 -35.8634 -3.7677 -26.0539 -48.7339 17.8818 -41.2000 23.0337 -37.3944 21.7269 -40.6881 28.4007 -48.1815 -24.7101 -15.2083 -34.7421 23.6365 -42.5325 -6.3942 -48.5594 -28.3621 5.2169 -37.2423 32.2614 -45.4650 -18.2227 -43.5190 -31.1841 13.4594 -39.4445 33.7220 -47.6911 -23.3320 -25.8774 -33.7501 20.3615 -41.4541 7.9832 -48.7685 -26.8390 -1.7187 -36.0192 27.8078 -43.9026 -13.2508 -47.4625 -29.5194 8.8375 -38.0938 34.4232 -46.3705 -20.3642 -39.6382
-17.4620 -45.1468 31.3330 -36.9673 4.2568 -27.8990 -48.6213 -5.8140 -42.5393 23.8209 -34.7451 -12.6994 -24.9869 -48.5140 25.6273 -40.3669 16.7932 -32.2347 -37.0071 -20.9642 -46.7421 34.7984 -38.3268 9.8435 -29.5998 -46.9563 -14.3611 -44.2130 28.5507 -36.1583 -0.6042 -26.7851 -48.8341 7.2045 -41.3447 20.1315 -33.3978 -28.2750 -22.6844 -47.4748 34.7553 -38.8703 11.4414 -30.1017 -46.3766 -14.7570 -44.2209 28.2903 -36.0129 -2.8375 -26.3199 -48.7834 16.6289 -40.7142 19.7245 -35.1165 8.5146 -35.2139 21.8465 -41.6716 7.4720 -48.7797 -27.2551 -0.4212 -36.2872 28.8754 -44.2266 -14.9488 -46.6287 -30.3671 10.4801 -38.6300 35.0868 -46.7287 -21.6719 -34.9794 -32.9382 17.6144 -40.7819 22.4299 -48.4995 -25.7684 -9.4741 -35.1974 24.8185 -42.8896 -8.1603 -48.4537 -28.8178 5.5473 -37.3222 32.3130 -45.3334 -18.1573 -43.7734 -31.3688 13.2117 -39.4352 34.0962 -47.4859 -22.9662
-44.9244 30.5920 -36.7565 3.1735 -27.6332 -48.7049 -3.6219 -42.2651 23.0687 -34.4979 -15.4466 -24.6371 -48.3884 28.0349 -40.1667 16.1068 -31.9746 -38.6090 -20.4774 -46.5202 34.5184 -38.1273 9.1255 -29.3568 -47.3434 -13.5029 -43.9825 27.8948 -35.9768 -1.7990 -26.5758 -48.8342 9.6108 -41.2346 19.7530 -33.2779 -29.2816 -22.5344 -47.4153 34.8204 -38.8352 11.3439 -30.0741 -46.0250 -15.1467 -44.3702 28.1315 -35.8807 -2.7387 -26.3715 -48.8367 15.3360 -40.7265 18.6792 -34.2523 -1.6730 -32.8115 8.6400 -37.1910 31.8843 -44.9781 -17.7916 -44.1302 -31.4488 13.1731 -39.4841 34.0079 -47.5367 -23.5224 -25.6477 -33.8871 20.5286 -41.6778 7.0437 -48.7776 -27.3029 -1.1012 -36.1564 28.1654 -43.9238 -13.7337 -47.2910 -30.1562 9.1893 -38.2670 34.6668 -46.2145 -20.6956 -38.5845 -32.4771 16.1381 -40.3742 28.3093 -48.2129 -25.0433 -15.2624 -34.7184 23.1903 -42.4778 -4.1054 -48.7209
