-14.4813 -43.5723 25.8521 -34.6654 -13.0781 -24.1365 -48.2106 27.1683 -39.3794 13.4542 -30.1537 -45.5217 -16.5320 -44.5410 28.8053 -35.6381 -3.7467 -25.4413 -48.6722 15.3833 -40.2928 16.3576 -31.2803 -41.7077 -18.9358 -45.5846 31.6346 -36.5699 2.5053 -26.6556 -48.7852 0.9751 -41.2187 19.3041 -32.4022 -35.3625 -20.8852 -46.5651 33.4102 -37.4806 6.8147 -27.8146 -48.5962 -8.0879 -42.3194 22.3491 -33.5049 -25.7703 -22.5580 -47.4466 32.7738 -38.4220 10.4686 -29.3084 -46.2927 -19.3357 -48.1954 -18.3588 -47.6515 -28.3539 7.4641 -37.5847 33.4814 -46.6482 -21.0433 -34.6473 -32.5000 19.5689 -41.3163 -0.0771 -48.7819 -26.7599 2.9446 -36.6501 31.8488 -45.6745 -19.1232 -41.2616 -31.3810 16.6164 -40.3743 14.0647 -48.6986 -25.5527 -3.0729 -35.7244 29.0769 -44.6365 -16.7714 -45.2622 -30.2532 13.7159 -39.4618 26.3840 -48.2640 -24.2596 -12.0760 -34.7583 26.1407 -43.6695 -14.7443
-43.5723 26.0159 -35.2083 -9.9883 -25.0014 -48.3973 29.9808 -39.7083 14.0465 -30.9039 -44.4609 -16.8174 -44.7571 29.4431 -36.1957 -1.5660 -26.3533 -48.7851 18.9273 -40.5321 16.8880 -32.0002 -39.9191 -19.4599 -45.8230 32.4748 -37.0755 3.8476 -27.5277 -48.7725 3.4160 -41.3321 19.8056 -33.0908 -32.5878 -21.5810 -46.8108 34.6070 -37.9433 7.7486 -28.6405 -48.3749 -7.2429 -42.4633 22.8482 -34.1584 -22.0480 -23.3732 -47.6786 34.5850 -38.8159 11.0247 -29.8475 -46.6896 -15.8797 -45.7888 28.5386 -45.3100 -13.0784 -48.0249 -28.8630 8.1310 -38.0251 34.7182 -46.8925 -21.7501 -31.7706 -33.1857 20.0669 -41.4182 2.1792 -48.7543 -27.6271 4.2406 -37.1515 32.7111 -45.9149 -19.6667 -39.3969 -32.0985 17.1440 -40.6029 17.6216 -48.8024 -26.4634 -0.9933 -36.2773 29.7306 -44.8562 -17.0799 -44.1491 -31.0021 14.3006 -39.7842 29.2884 -48.4457 -25.1285 -9.0791 -35.2973 26.3121 -43.6695
25.8521 -35.2083 -9.0890 -25.2041 -48.4953 28.3098 -39.9443 14.6957 -31.1608 -43.5856 -17.5177 -45.0203 30.2150 -36.4345 -0.0346 -26.6507 -48.8240 15.2207 -40.7967 17.5899 -32.2708 -38.4185 -20.0152 -46.0723 33.1158 -37.3135 4.9024 -27.7974 -48.7277 0.1604 -41.6143 20.5378 -33.3613 -30.2810 -22.0455 -47.0367 34.8683 -38.1903 8.5809 -28.9102 -48.1634 -8.9678 -42.7436 23.6210 -34.4265 -19.1350 -23.7751 -47.8678 34.0363 -39.0668 11.7211 -30.0477 -46.5130 -14.9367 -44.6595 33.3917 -40.3329 32.2044 -43.8509 -11.1886 -47.9805 -29.0423 8.8899 -38.2681 34.9263 -47.1166 -22.2095 -29.3946 -33.4574 20.8038 -41.6999 -0.9087 -48.7066 -27.8954 5.2653 -37.3908 33.3332 -46.1633 -20.2128 -37.8317 -32.3695 17.8477 -40.8679 13.8254 -48.8315 -26.7571 0.4772 -36.5152 30.4955 -45.1176 -17.7649 -43.2280 -31.2605 14.9476 -40.0216 27.4890 -48.5385 -25.3282 -8.2103 -35.2973 26.1407
-34.6654 -9.9883 -25.2041 -48.5306 27.1568 -40.0775 15.2196 -31.3817 -42.6911 -18.1310 -45.2701 30.9462 -36.6447 1.3162 -26.9358 -48.8360 11.3662 -40.9924 18.2931 -32.5363 -36.7480 -20.5418 -46.3157 33.6892 -37.5264 5.8808 -28.0693 -48.6575 -2.6445 -41.8774 21.2742 -33.6230 -27.7882 -22.4906 -47.2534 34.9762 -38.4055 9.3815 -29.1826 -47.8965 -10.4641 -43.0230 24.4006 -34.6814 -16.2145 -24.1640 -48.0438 33.1959 -39.2801 12.4333 -30.2993 -46.0474 -15.2319 -44.3956 30.0089 -37.6686 15.9698 -37.2774 27.6361 -43.4423 -11.4040 -47.7561 -29.2873 9.6660 -38.4829 34.9725 -47.3317 -22.6504 -26.8426 -33.7195 21.5462 -41.9784 -3.5494 -48.6219 -28.1666 6.2178 -37.6046 33.8811 -46.4049 -20.7315 -36.0927 -32.6345 18.5528 -41.0621 9.9404 -48.8321 -27.0391 1.7821 -36.7232 31.2173 -45.3643 -18.3669 -42.2863 -31.4801 15.4702 -40.1534 26.2650 -48.5717 -25.3282 -9.0791 -34.7583
-13.0781 -25.0014 -48.4953 27.1568 -40.1268 15.5194 -31.5343 -41.9116 -18.6206 -45.4871 31.5956 -36.8402 2.4923 -27.2023 -48.8187 7.5873 -41.1833 18.9970 -32.7995 -34.8933 -21.0434 -46.5528 34.1815 -37.7392 6.7943 -28.3395 -48.5475 -5.0200 -42.1559 22.0173 -33.8826 -25.1331 -22.9182 -47.4610 34.9059 -38.6183 10.1533 -29.4531 -47.5708 -11.7706 -43.3005 25.1825 -34.9319 -13.3734 -24.5378 -48.2055 32.0305 -39.4915 13.1430 -30.5642 -45.4265 -15.9018 -44.4930 29.1790 -36.6126 7.0315 -32.4127 5.3220 -35.9681 26.3984 -43.4945 -12.3098 -47.4284 -29.5522 10.4257 -38.6965 34.8286 -47.5359 -23.0732 -24.1322 -33.9786 22.2938 -42.2571 -5.7920 -48.4963 -28.4366 7.1133 -37.8169 34.3380 -46.6402 -21.2241 -34.1708 -32.8959 19.2566 -41.2503 6.2097 -48.8032 -27.3037 2.9234 -36.9170 31.8587 -45.5804 -18.8434 -41.4737 -31.6326 15.7700 -40.2017 26.2650 -48.5385 -25.1285 -12.0760
-24.1365 -48.3973 28.3098 -40.0775 15.5194 -31.5893 -41.4512 -18.9402 -45.6507 32.1103 -37.0093 3.4800 -27.4445 -48.7815 4.1332 -41.3642 19.6891 -33.0569 -32.8717 -21.5202 -46.7821 34.5714 -37.9508 7.6597 -28.6091 -48.3935 -7.0448 -42.4340 22.7697 -34.1410 -22.3378 -23.3312 -47.6601 34.6277 -38.8305 10.8990 -29.7220 -47.1793 -12.9209 -43.5749 25.9693 -35.1793 -10.7005 -24.8989 -48.3534 30.5125 -39.6997 13.8460 -30.8320 -44.6849 -16.6337 -44.7078 29.4533 -36.3741 2.1951 -29.1822 -39.0393 -28.7445 -2.1128 -35.5947 26.5375 -43.7009 -13.3364 -47.0152 -29.8199 11.1653 -38.9078 34.4662 -47.7300 -23.4814 -21.2863 -34.2359 23.0506 -42.5352 -7.7057 -48.3250 -28.7062 7.9637 -38.0299 34.6861 -46.8664 -21.6905 -32.0834 -33.1516 19.9489 -41.4298 2.8619 -48.7654 -27.5448 3.8783 -37.0863 32.3618 -45.7439 -19.1560 -40.9929 -31.6882 15.7700 -40.1534 27.4890 -48.4457 -24.2596
-48.2106 29.9808 -39.9443 15.2196 -31.5343 -41.4512 -19.0519 -45.7402 32.4412 -37.1357 4.2308 -27.6498 -48.7461 1.2341 -41.5440 20.3540 -33.3030 -30.7219 -21.9670 -47.0018 34.8394 -38.1600 8.4780 -28.8760 -48.1914 -8.7815 -42.7114 23.5312 -34.3973 -19.4532 -23.7316 -47.8484 34.1088 -39.0421 11.6283 -29.9907 -46.7140 -13.9522 -43.8482 26.7607 -35.4230 -8.2302 -25.2492 -48.4849 28.6012 -39.9072 14.5411 -31.0999 -43.8236 -17.3453 -44.9583 30.0765 -36.4425 0.8706 -27.6072 -48.1356 -20.5268 -48.4953 -26.7614 -4.9080 -35.6106 27.1309 -43.9545 -14.3109 -46.5211 -30.0877 11.8897 -39.1191 33.8501 -47.9132 -23.8754 -18.3797 -34.4909 23.8152 -42.8121 -9.3522 -48.1033 -28.9744 8.7728 -38.2400 34.9050 -47.0818 -22.1300 -29.8636 -33.3979 20.6192 -41.6269 0.0899 -48.7304 -27.7502 4.6059 -37.2131 32.6824 -45.8329 -19.2670 -40.9929 -31.6326 15.4702 -40.0216 29.2884 -48.2640
27.1683 -39.7083 14.6957 -31.3817 -41.9116 -18.9402 -45.7402 32.5551 -37.2042 4.7008 -27.8013 -48.7144 -0.9652 -41.7371 20.9695 -33.5309 -28.5307 -22.3795 -47.2075 34.9677 -38.3651 9.2517 -29.1387 -47.9390 -10.2744 -42.9860 24.2995 -34.6492 -16.5542 -24.1186 -48.0240 33.3128 -39.2529 12.3450 -30.2594 -46.1666 -14.8872 -44.1199 27.5551 -35.6632 -5.9922 -25.5877 -48.5981 26.2647 -40.1130 15.2340 -31.3676 -42.8388 -18.0155 -45.2166 30.7953 -36.6119 1.3474 -27.1904 -48.7481 -10.5941 -46.1323 -7.6755 -48.7620 -26.1524 -4.5427 -35.7766 27.8683 -44.2210 -15.2061 -45.9415 -30.3573 12.6032 -39.3296 32.9431 -48.0842 -24.2566 -15.5017 -34.7419 24.5857 -43.0873 -10.7761 -47.8297 -29.2380 9.5363 -38.4443 34.9774 -47.2849 -22.5386 -27.6099 -33.6256 21.2383 -41.8397 -1.9956 -48.6900 -27.9024 5.0656 -37.2821 32.7928 -45.8329 -19.1560 -41.4737 -31.4801 14.9476 -39.7842 26.3840
-39.3794 14.0465 -31.1608 -42.6911 -18.6206 -45.6507 32.4412 -37.2042 4.8629 -27.8836 -48.6851 -2.4284 -41.9128 21.4904 -33.7298 -26.4341 -22.7493 -47.3939 34.9450 -38.5630 9.9798 -29.3964 -47.6350 -11.5607 -43.2574 25.0708 -34.8969 -13.7410 -24.4898 -48.1867 32.2020 -39.4629 13.0520 -30.5282 -45.5288 -15.7409 -44.3897 28.3526 -35.8986 -3.9908 -25.9145 -48.6917 23.4893 -40.3170 15.9267 -31.6349 -41.7184 -18.6461 -45.4740 31.5197 -36.8117 2.3638 -27.2431 -48.7659 -1.3154 -43.2628 34.5378 -42.8251 8.9596 -48.7368 -26.1639 -3.1364 -35.9879 28.6469 -44.4888 -16.0366 -45.2665 -30.6268 13.3080 -39.5392 31.7069 -48.2423 -24.6233 -12.7394 -34.9877 25.3557 -43.3579 -12.0066 -47.5045 -29.4949 10.2559 -38.6412 34.8924 -47.4687 -22.9035 -25.4546 -33.8241 21.7634 -42.0171 -3.3773 -48.6543 -27.9844 5.2247 -37.2821 32.6824 -45.7439 -18.8434 -42.2863 -31.2605 14.3006 -39.4618
13.4542 -30.9039 -43.5856 -18.1310 -45.4871 32.1103 -37.1357 4.7008 -27.8836 -48.6731 -3.1736 -42.0275 21.8717 -33.8855 -24.5883 -23.0601 -47.5543 34.7812 -38.7477 10.6506 -29.6435 -47.2822 -12.6788 -43.5222 25.8325 -35.1386 -11.1024 -24.8464 -48.3339 30.7470 -39.6715 13.7519 -30.7963 -44.7917 -16.5271 -44.6571 29.1447 -36.1274 -2.2058 -26.2301 -48.7639 20.2850 -40.5191 16.6210 -31.9022 -40.4506 -19.2422 -45.7284 32.2195 -37.0206 3.4562 -27.4478 -48.7632 1.6789 -42.0151 26.0551 -38.1928 24.6010 -41.4079 14.7675 -48.7843 -26.3814 -1.5546 -36.2103 29.4295 -44.7547 -16.8020 -44.4878 -30.8942 14.0054 -39.7481 30.1172 -48.3847 -24.9759 -10.1706 -35.2274 26.1202 -43.6209 -13.0762 -47.1290 -29.7417 10.9234 -38.8257 34.6631 -47.6263 -23.2097 -23.5751 -33.9806 22.1490 -42.1308 -4.0718 -48.6400 -27.9844 5.0656 -37.2131 32.3618 -45.5804 -18.3669 -43.2280 -31.0021 13.7159
-30.1537 -44.4609 -17.5177 -45.2701 31.5956 -37.0093 4.2308 -27.8013 -48.6851 -3.1736 -42.0679 22.0788 -33.9854 -23.2160 -23.2983 -47.6829 34.5158 -38.9112 11.2507 -29.8719 -46.8936 -13.6386 -43.7741 26.5720 -35.3713 -8.6959 -25.1867 -48.4638 28.9278 -39.8763 14.4414 -31.0627 -43.9462 -17.2516 -44.9214 29.9232 -36.3504 -0.6130 -26.5347 -48.8123 16.7070 -40.7190 17.3194 -32.1689 -39.0219 -19.8071 -45.9784 32.8790 -37.2316 4.5107 -27.6988 -48.7418 0.5201 -41.7403 22.4191 -35.5481 8.9215 -35.1347 20.1902 -41.0517 13.9850 -48.8210 -26.6551 -0.0592 -36.4304 30.2021 -45.0179 -17.5061 -43.6019 -31.1604 14.6948 -39.9530 28.1468 -48.5091 -25.3127 -7.8311 -35.4588 26.8645 -43.8734 -14.0035 -46.7133 -29.9696 11.5172 -38.9888 34.3325 -47.7519 -23.4456 -22.1809 -34.0806 22.3550 -42.1701 -4.0718 -48.6543 -27.9024 4.6059 -37.0863 31.8587 -45.3643 -17.7649 -44.1491 -30.2532
-45.5217 -16.8174 -45.0203 30.9462 -36.8402 3.4800 -27.6498 -48.7144 -2.4284 -42.0275 22.0788 -34.0200 -22.4876 -23.4488 -47.7721 34.2187 -39.0464 11.7612 -30.0732 -46.4890 -14.4479 -44.0092 27.2788 -35.5915 -6.5679 -25.5071 -48.5758 26.7440 -40.0764 15.1178 -31.3255 -42.9870 -17.9210 -45.1813 30.6800 -36.5675 0.8161 -26.8282 -48.8343 12.8712 -40.9163 18.0222 -32.4352 -37.4119 -20.3440 -46.2233 33.4769 -37.4435 5.5063 -27.9645 -48.6880 -1.8118 -41.8430 21.6595 -34.4171 -5.8480 -30.0670 -10.1458 -33.6915 19.0995 -41.0672 11.0360 -48.8333 -26.9364 1.3075 -36.6447 30.9549 -45.2761 -18.1608 -42.6012 -31.4237 15.3734 -40.1519 25.7996 -48.6148 -25.6303 -5.7800 -35.6772 27.5727 -44.1101 -14.7865 -46.2819 -30.1702 12.0213 -39.1223 33.9806 -47.8393 -23.5938 -21.4227 -34.1151 22.3550 -42.1308 -3.3773 -48.6900 -27.7502 3.8783 -36.9170 31.2173 -45.1176 -17.0799 -45.2622
-16.5320 -44.7571 30.2150 -36.6447 2.4923 -27.4445 -48.7461 -0.9652 -41.9128 21.8717 -33.9854 -22.4876 -23.4998 -47.8174 33.9861 -39.1420 12.1489 -30.2373 -46.1018 -15.1095 -44.2197 27.9297 -35.7920 -4.7317 -25.8063 -48.6671 24.2426 -40.2724 15.7857 -31.5838 -41.9211 -18.5440 -45.4346 31.4090 -36.7780 2.1008 -27.1100 -48.8272 8.9692 -41.1104 18.7311 -32.7006 -35.6171 -20.8553 -46.4629 34.0011 -37.6560 6.4409 -28.2336 -48.5947 -4.1902 -42.0689 21.9327 -34.0758 -17.9333 -26.2872 -47.4212 -25.6728 -26.4578 -33.1803 19.2353 -41.2037 7.4561 -48.8154 -27.2125 2.5445 -36.8551 31.6736 -45.5291 -18.7714 -41.4835 -31.6815 16.0394 -40.3465 23.1405 -48.6995 -25.9249 -4.0294 -35.8777 28.2250 -44.3211 -15.4224 -45.8737 -30.3349 12.4095 -39.2183 33.7133 -47.8849 -23.6438 -21.4227 -34.0806 22.1490 -42.0171 -1.9956 -48.7304 -27.5448 2.9234 -36.7232 30.4955 -44.8562 -16.7714
-44.5410 29.4431 -36.4345 1.3162 -27.2023 -48.7815 1.2341 -41.7371 21.4904 -33.8855 -23.2160 -23.4488 -47.8174 33.8987 -39.1906 12.3917 -30.3541 -45.7748 -15.6132 -44.3969 28.4988 -35.9683 -3.2109 -26.0757 -48.7375 21.4900 -40.4580 16.4319 -31.8358 -40.7459 -19.1239 -45.6807 32.1016 -36.9841 3.2613 -27.3813 -48.7909 5.2239 -41.3008 19.4426 -32.9645 -33.6372 -21.3445 -46.6965 34.4340 -37.8688 7.3251 -28.5035 -48.4583 -6.3085 -42.3324 22.5385 -34.1302 -20.8468 -24.4352 -48.6539 -13.3951 -48.4703 -23.2462 -30.2702 -33.1760 19.7758 -41.3757 3.8796 -48.7783 -27.4816 3.6706 -37.0628 32.3482 -45.7745 -19.3361 -40.2510 -31.9324 16.6853 -40.5322 20.2616 -48.7619 -26.1901 -2.5738 -36.0537 28.7887 -44.4976 -15.9129 -45.5285 -30.4527 12.6534 -39.2687 33.6125 -47.8849 -23.5938 -22.1809 -33.9806 21.7634 -41.8397 0.0899 -48.7654 -27.3037 1.7821 -36.5152 29.7306 -44.6365
28.8053 -36.1957 -0.0346 -26.9358 -48.8187 4.1332 -41.5440 20.9695 -33.7298 -24.5883 -23.2983 -47.7721 33.9861 -39.1906 12.4767 -30.4153 -45.5527 -15.9592 -44.5329 28.9546 -36.1157 -2.0019 -26.3076 -48.7870 18.6451 -40.6298 17.0453 -32.0773 -39.4660 -19.6589 -45.9182 32.7401 -37.1890 4.3175 -27.6453 -48.7504 1.8376 -41.4909 20.1552 -33.2264 -31.4754 -21.8134 -46.9235 34.7550 -38.0817 8.1673 -28.7743 -48.2743 -8.1451 -42.6069 23.2525 -34.3234 -19.8004 -23.9717 -48.1700 16.7168 -43.8526 23.1810 -47.6578 -22.5257 -29.8088 -33.3553 20.4476 -41.5794 0.6523 -48.7361 -27.7458 4.6969 -37.2666 32.9683 -46.0099 -19.8580 -38.9202 -32.1736 17.3024 -40.7021 17.3186 -48.8035 -26.4195 -1.4126 -36.1998 29.2440 -44.6326 -16.2484 -45.2957 -30.5129 12.7370 -39.2687 33.7133 -47.8393 -23.4456 -23.5751 -33.8241 21.2383 -41.6269 2.8619 -48.8032 -27.0391 0.4772 -36.2773 29.0769
-35.6381 -1.5660 -26.6507 -48.8360 7.5873 -41.3642 20.3540 -33.5309 -26.4341 -23.0601 -47.6829 34.2187 -39.1420 12.3917 -30.4153 -45.4736 -16.1352 -44.6183 29.2726 -36.2262 -1.0925 -26.4987 -48.8169 15.9554 -40.7841 17.6163 -32.3025 -38.1221 -20.1458 -46.1436 33.3111 -37.3894 5.2829 -27.9049 -48.7030 -1.1040 -41.7228 20.8736 -33.4844 -29.1324 -22.2616 -47.1424 34.9410 -38.2943 8.9737 -29.0438 -48.0383 -9.7410 -42.8833 24.0079 -34.5588 -17.4730 -24.0849 -48.0825 29.9169 -41.0999 27.9155 -40.7333 33.8583 -47.4336 -22.5825 -27.9394 -33.5899 21.1538 -41.8262 -2.1241 -48.6755 -28.0049 5.6334 -37.4667 33.5180 -46.2336 -20.3377 -37.5197 -32.3993 17.8723 -40.8540 14.5459 -48.8271 -26.6073 -0.5296 -36.3101 29.5642 -44.7164 -16.4155 -45.2157 -30.5129 12.6534 -39.2183 33.9806 -47.7519 -23.2097 -25.4546 -33.6256 20.6192 -41.4298 6.2097 -48.8321 -26.7571 -0.9933 -35.7244
-3.7467 -26.3533 -48.8240 11.3662 -41.1833 19.6891 -33.3030 -28.5307 -22.7493 -47.5543 34.5158 -39.0464 12.1489 -30.3541 -45.5527 -16.1352 -44.6470 29.4381 -36.2944 -0.4961 -26.6410 -48.8319 13.5935 -40.9140 18.1193 -32.5040 -36.7612 -20.5832 -46.3526 33.8014 -37.5822 6.1592 -28.1582 -48.6220 -3.6039 -41.9911 21.5901 -33.7381 -26.6182 -22.6896 -47.3516 34.9668 -38.5057 9.7509 -29.3115 -47.7469 -11.1251 -43.1592 24.7820 -34.8050 -14.7666 -24.3801 -48.1591 31.5266 -40.0470 18.7867 -36.0885 17.4603 -39.4154 34.6697 -47.4896 -22.8924 -25.5427 -33.8367 21.8654 -42.0935 -4.4744 -48.5809 -28.2569 6.4933 -37.6608 33.9832 -46.4405 -20.7698 -36.1045 -32.6013 18.3776 -40.9844 12.1673 -48.8372 -26.7488 0.0539 -36.3764 29.7254 -44.7445 -16.4155 -45.2957 -30.4527 12.4095 -39.1223 34.3325 -47.6263 -22.9035 -27.6099 -33.3979 19.9489 -41.2503 9.9404 -48.8315 -26.4634 -3.0729
-25.4413 -48.7851 15.2207 -40.9924 18.9970 -33.0569 -30.7219 -22.3795 -47.3939 34.7812 -38.9112 11.7612 -30.2373 -45.7748 -15.9592 -44.6183 29.4381 -36.3176 -0.1996 -26.7263 -48.8377 11.7459 -41.0189 18.5453 -32.6768 -35.4647 -20.9624 -46.5410 34.1984 -37.7649 6.9531 -28.4021 -48.5085 -5.6960 -42.2541 22.2992 -33.9864 -23.9823 -23.0985 -47.5502 34.8092 -38.7155 10.5017 -29.5780 -47.3932 -12.3373 -43.4325 25.5638 -35.0523 -12.0465 -24.7224 -48.2876 30.9352 -39.7990 15.5090 -33.3225 -1.5717 -32.8906 13.3807 -39.0545 34.5726 -47.6403 -23.2634 -22.9316 -34.0826 22.5789 -42.3558 -6.4450 -48.4527 -28.4999 7.2747 -37.8422 34.3530 -46.6271 -21.1427 -34.7641 -32.7749 18.8062 -41.0905 10.3104 -48.8391 -26.8346 0.3284 -36.3977 29.7254 -44.7164 -16.2484 -45.5285 -30.3349 12.0213 -38.9888 34.6631 -47.4687 -22.5386 -29.8636 -33.1516 19.2566 -41.0621 13.8254 -48.8024 -25.5527
-48.6722 18.9273 -40.7967 18.2931 -32.7995 -32.8717 -21.9670 -47.2075 34.9450 -38.7477 11.2507 -30.0732 -46.1018 -15.6132 -44.5329 29.2726 -36.2944 -0.1996 -26.7540 -48.8390 10.6126 -41.0952 18.8778 -32.8171 -34.3191 -21.2771 -46.7031 34.4959 -37.9308 7.6600 -28.6302 -48.3647 -7.4407 -42.5082 22.9999 -34.2277 -21.2933 -23.4884 -47.7371 34.4427 -38.9229 11.2253 -29.8430 -46.9721 -13.4138 -43.7038 26.3475 -35.2968 -9.4814 -25.0710 -48.4209 29.4960 -39.8618 14.8127 -31.9386 -31.3275 -27.2119 -35.3053 -31.1660 12.3105 -39.0780 34.1815 -47.8107 -23.6384 -20.2340 -34.3217 23.2809 -42.6082 -8.0859 -48.2935 -28.7281 7.9684 -38.0084 34.6206 -46.7878 -21.4526 -33.5661 -32.9137 19.1381 -41.1660 9.1614 -48.8375 -26.8618 0.3284 -36.3764 29.5642 -44.6326 -15.9129 -45.8737 -30.1702 11.5172 -38.8257 34.8924 -47.2849 -22.1300 -32.0834 -32.8959 18.5528 -40.8679 17.6216 -48.6986
15.3833 -40.5321 17.5899 -32.5363 -34.8933 -21.5202 -47.0018 34.9677 -38.5630 10.6506 -29.8719 -46.4890 -15.1095 -44.3969 28.9546 -36.2262 -0.4961 -26.7263 -48.8390 10.2414 -41.1318 19.0833 -32.9176 -33.3813 -21.5233 -46.8352 34.7002 -38.0751 8.2642 -28.8362 -48.1984 -8.8680 -42.7473 23.6787 -34.4591 -18.6372 -23.8570 -47.9115 33.8459 -39.1258 11.9226 -30.1043 -46.4828 -14.3821 -43.9732 27.1294 -35.5367 -7.1489 -25.4121 -48.5416 27.4849 -40.0251 15.0630 -31.5423 -39.9035 -22.4823 -48.7722 -21.6097 -43.5251 -30.6005 12.4343 -39.2263 33.5212 -47.9761 -23.9994 -17.5789 -34.5505 23.9612 -42.8476 -9.4389 -48.1125 -28.9345 8.5644 -38.1536 34.7956 -46.9185 -21.6948 -32.5956 -33.0124 19.3458 -41.2011 8.7960 -48.8375 -26.8346 0.0539 -36.3101 29.2440 -44.4976 -15.4224 -46.2819 -29.9696 10.9234 -38.6412 34.9774 -47.0818 -21.6905 -34.1708 -32.6345 17.8477 -40.6029 14.0647
-40.2928 16.8880 -32.2708 -36.7480 -21.0434 -46.7821 34.8394 -38.3651 9.9798 -29.6435 -46.8936 -14.4479 -44.2197 28.4988 -36.1157 -1.0925 -26.6410 -48.8377 10.6126 -41.1318 19.1507 -32.9674 -32.7663 -21.6968 -46.9354 34.8264 -38.1953 8.7652 -29.0173 -48.0224 -10.0162 -42.9680 24.3191 -34.6742 -16.0941 -24.2000 -48.0695 33.0098 -39.3243 12.5994 -30.3615 -45.9213 -15.2535 -44.2364 27.9068 -35.7692 -5.0546 -25.7414 -48.6444 24.9790 -40.2169 15.6192 -31.5918 -41.2409 -20.0802 -47.1491 7.9089 -46.7172 -18.2680 -44.8526 -30.5821 12.9343 -39.4071 32.5927 -48.1280 -24.3373 -15.0648 -34.7653 24.6013 -43.0692 -10.5344 -47.9208 -29.1148 9.0591 -38.2739 34.8960 -47.0171 -21.8647 -31.9705 -33.0621 19.4135 -41.2011 9.1614 -48.8391 -26.7488 -0.5296 -36.1998 28.7887 -44.3211 -14.7865 -46.7133 -29.7417 10.2559 -38.4443 34.9050 -46.8664 -21.2241 -36.0927 -32.3695 17.1440 -40.3743
16.3576 -32.0002 -38.4185 -20.5418 -46.5528 34.5714 -38.1600 9.2517 -29.3964 -47.2822 -13.6386 -44.0092 27.9297 -35.9683 -2.0019 -26.4987 -48.8319 11.7459 -41.0952 19.0833 -32.9674 -32.5611 -21.7843 -46.9982 34.8952 -38.2883 9.1598 -29.1670 -47.8487 -10.9333 -43.1627 24.9028 -34.8701 -13.7774 -24.5135 -48.2086 31.9445 -39.5159 13.2511 -30.6122 -45.2846 -16.0399 -44.4940 28.6744 -35.9948 -3.1909 -26.0562 -48.7276 22.0399 -40.4150 16.2740 -31.7917 -40.7761 -19.4828 -46.2735 34.9290 -41.6420 35.0847 -45.5027 -17.1922 -44.7362 -30.7476 13.5306 -39.5920 31.4202 -48.2633 -24.6468 -12.7848 -34.9618 25.1889 -43.2654 -11.4043 -47.7331 -29.2646 9.4483 -38.3662 34.9441 -47.0788 -21.9510 -31.7585 -33.0621 19.3458 -41.1660 10.3104 -48.8372 -26.6073 -1.4126 -36.0537 28.2250 -44.1101 -14.0035 -47.1290 -29.4949 9.5363 -38.2400 34.6861 -46.6402 -20.7315 -37.8317 -32.0985 16.6164
-31.2803 -39.9191 -20.0152 -46.3157 34.1815 -37.9508 8.4780 -29.1387 -47.6350 -12.6788 -43.7741 27.2788 -35.7920 -3.2109 -26.3076 -48.8169 13.5935 -41.0189 18.8778 -32.9176 -32.7663 -21.7843 -47.0191 34.9229 -38.3475 9.4393 -29.2793 -47.6934 -11.6354 -43.3280 25.4109 -35.0436 -11.7673 -24.7940 -48.3280 30.6848 -39.6961 13.8695 -30.8538 -44.5803 -16.7507 -44.7447 29.4224 -36.2130 -1.5487 -26.3580 -48.7880 18.7362 -40.6124 16.9506 -32.0352 -39.6726 -19.6754 -46.0610 34.2182 -39.0478 20.4287 -38.6422 32.4242 -45.1344 -17.2683 -44.1763 -30.9629 14.1299 -39.7708 30.0428 -48.3787 -24.9246 -10.8202 -35.1348 25.7024 -43.4290 -12.0719 -47.5663 -29.3782 9.7215 -38.4239 34.9606 -47.0994 -21.9510 -31.9705 -33.0124 19.1381 -41.0905 12.1673 -48.8271 -26.4195 -2.5738 -35.8777 27.5727 -43.8734 -13.0762 -47.5045 -29.2380 8.7728 -38.0299 34.3380 -46.4049 -20.2128 -39.3969 -31.3810
-41.7077 -19.4599 -46.0723 33.6892 -37.7392 7.6597 -28.8760 -47.9390 -11.5607 -43.5222 26.5720 -35.5915 -4.7317 -26.0757 -48.7870 15.9554 -40.9140 18.5453 -32.8171 -33.3813 -21.6968 -46.9982 34.9229 -38.3676 9.5805 -29.3508 -47.5736 -12.1271 -43.4594 25.8322 -35.1879 -10.1138 -25.0388 -48.4272 29.2880 -39.8610 14.4472 -31.0831 -43.8169 -17.3890 -44.9843 30.1406 -36.4201 -0.0983 -26.6456 -48.8250 15.1499 -40.8040 17.6290 -32.2897 -38.2710 -20.1047 -46.1571 33.6957 -37.9880 12.0024 -33.8719 10.5878 -37.3172 31.2911 -45.1697 -17.7103 -43.4373 -31.1851 14.7022 -39.9364 28.5252 -48.4742 -25.1660 -9.2054 -35.2780 26.1200 -43.5581 -12.5459 -47.4381 -29.4504 9.8586 -38.4440 34.9606 -47.0788 -21.8647 -32.5956 -32.9137 18.8062 -40.9844 14.5459 -48.8035 -26.1901 -4.0294 -35.6772 26.8645 -43.6209 -12.0066 -47.8297 -28.9744 7.9637 -37.8169 33.8811 -46.1633 -19.6667 -41.2616
-18.9358 -45.8230 33.1158 -37.5264 6.7943 -28.6091 -48.1914 -10.2744 -43.2574 25.8325 -35.3713 -6.5679 -25.8063 -48.7375 18.6451 -40.7841 18.1193 -32.6768 -34.3191 -21.5233 -46.9354 34.8952 -38.3475 9.5805 -29.3761 -47.5098 -12.4282 -43.5513 26.1485 -35.3017 -8.8185 -25.2399 -48.5066 27.8409 -40.0089 14.9738 -31.2961 -43.0089 -17.9588 -45.2116 30.8140 -36.6150 1.1793 -26.9161 -48.8361 11.4457 -40.9917 18.3063 -32.5457 -36.6575 -20.5831 -46.3499 33.8706 -37.7477 8.4716 -30.8690 -25.6841 -30.4253 5.6752 -36.9522 31.3450 -45.3329 -18.2174 -42.6152 -31.3955 15.2307 -40.0855 26.9784 -48.5497 -25.3652 -7.9568 -35.3900 26.4336 -43.6502 -12.8388 -47.3700 -29.4757 9.8586 -38.4239 34.9441 -47.0171 -21.6948 -33.5661 -32.7749 18.3776 -40.8540 17.3186 -48.7619 -25.9249 -5.7800 -35.4588 26.1202 -43.3579 -10.7761 -48.1033 -28.7062 7.1133 -37.6046 33.3332 -45.9149 -19.1232
-45.5846 32.4748 -37.3135 5.8808 -28.3395 -48.3935 -8.7815 -42.9860 25.0708 -35.1386 -8.6959 -25.5071 -48.6671 21.4900 -40.6298 17.6163 -32.5040 -35.4647 -21.2771 -46.8352 34.8264 -38.2883 9.4393 -29.3508 -47.5098 -12.5347 -43.5988 26.3495 -35.3810 -7.8779 -25.3951 -48.5667 26.4679 -40.1370 15.4380 -31.4865 -42.1947 -18.4628 -45.4225 31.4297 -36.7979 2.2938 -27.1677 -48.8209 7.8338 -41.1731 18.9773 -32.7986 -34.8696 -21.0603 -46.5686 34.2373 -37.8133 7.6307 -29.3466 -45.1797 -23.5524 -46.4448 -28.5213 4.0349 -36.9548 31.7705 -45.5239 -18.6937 -41.7687 -31.5843 15.6946 -40.2138 25.5235 -48.6052 -25.5194 -7.0588 -35.4692 26.6359 -43.6978 -12.9411 -47.3700 -29.4504 9.7215 -38.3662 34.8960 -46.9185 -21.4526 -34.7641 -32.6013 17.8723 -40.7021 20.2616 -48.6995 -25.6303 -7.8311 -35.2274 25.3557 -43.0873 -9.3522 -48.3250 -28.4366 6.2178 -37.3908 32.7111 -45.6745
31.6346 -37.0755 4.9024 -28.0693 -48.5475 -7.0448 -42.7114 24.2995 -34.8969 -11.1024 -25.1867 -48.5758 24.2426 -40.4580 17.0453 -32.3025 -36.7612 -20.9624 -46.7031 34.7002 -38.1953 9.1598 -29.2793 -47.5736 -12.4282 -43.5988 26.4222 -35.4209 -7.3147 -25.5027 -48.6083 25.3008 -40.2414 15.8272 -31.6503 -41.4140 -18.8938 -45.6129 31.9848 -36.9684 3.2660 -27.4015 -48.7854 4.5297 -41.3450 19.6412 -33.0449 -32.9342 -21.5183 -46.7880 34.5871 -37.9777 7.9219 -28.9346 -47.6334 -16.9542 -47.5639 -15.3541 -48.4513 -27.9041 4.0591 -37.0701 32.2619 -45.7082 -19.1110 -40.9551 -31.7473 16.0850 -40.3160 24.2662 -48.6436 -25.6247 -6.5086 -35.5096 26.7091 -43.6978 -12.8388 -47.4381 -29.3782 9.4483 -38.2739 34.7956 -46.7878 -21.1427 -36.1045 -32.3993 17.3024 -40.5322 23.1405 -48.6148 -25.3127 -10.1706 -34.9877 24.5857 -42.8121 -7.7057 -48.4963 -28.1666 5.2653 -37.1515 31.8488
-36.5699 3.8476 -27.7974 -48.6575 -5.0200 -42.4340 23.5312 -34.6492 -13.7410 -24.8464 -48.4638 26.7440 -40.2724 16.4319 -32.0773 -38.1221 -20.5832 -46.5410 34.4959 -38.0751 8.7652 -29.1670 -47.6934 -12.1271 -43.5513 26.3495 -35.4209 -7.1259 -25.5570 -48.6324 24.4352 -40.3179 16.1330 -31.7839 -40.7109 -19.2495 -45.7791 32.4637 -37.1248 4.1133 -27.6173 -48.7508 1.6504 -41.5147 20.2847 -33.2831 -30.8647 -21.9492 -46.9975 34.8407 -38.1703 8.5636 -28.9790 -47.9520 -12.7165 -44.9379 33.8287 -44.3819 -8.0515 -48.6606 -27.8400 4.6094 -37.2101 32.7110 -45.8708 -19.4591 -40.2224 -31.8806 16.3929 -40.3922 23.3504 -48.6666 -25.6775 -6.3195 -35.5096 26.6359 -43.6502 -12.5459 -47.5663 -29.2646 9.0591 -38.1536 34.6206 -46.6271 -20.7698 -37.5197 -32.1736 16.6853 -40.3465 25.7996 -48.5091 -24.9759 -12.7394 -34.7419 23.8152 -42.5352 -5.7920 -48.6219 -27.8954 4.2406 -36.6501
2.5053 -27.5277 -48.7277 -2.6445 -42.1559 22.7697 -34.3973 -16.5542 -24.4898 -48.3339 28.9278 -40.0764 15.7857 -31.8358 -39.4660 -20.1458 -46.3526 34.1984 -37.9308 8.2642 -29.0173 -47.8487 -11.6354 -43.4594 26.1485 -35.3810 -7.3147 -25.5570 -48.6402 23.9693 -40.3645 16.3457 -31.8819 -40.1269 -19.5300 -45.9157 32.8497 -37.2617 4.8304 -27.8134 -48.7166 -0.7581 -41.7117 20.8991 -33.5093 -28.7265 -22.3521 -47.1964 34.9662 -38.3650 9.2749 -29.1712 -47.8527 -11.5082 -43.7733 31.0471 -39.5576 29.4356 -42.8270 -4.6533 -48.6650 -27.9517 5.2305 -37.3424 33.0804 -46.0051 -19.7318 -39.6065 -31.9792 16.6020 -40.4412 22.8779 -48.6743 -25.6775 -6.5086 -35.4692 26.4336 -43.5581 -12.0719 -47.7331 -29.1148 8.5644 -38.0084 34.3530 -46.4405 -20.3377 -38.9202 -31.9324 16.0394 -40.1519 28.1468 -48.3847 -24.6233 -15.5017 -34.4909 23.0506 -42.2571 -3.5494 -48.7066 -27.6271 2.9446
-26.6556 -48.7725 0.1604 -41.8774 22.0173 -34.1410 -19.4532 -24.1186 -48.1867 30.7470 -39.8763 15.1178 -31.5838 -40.7459 -19.6589 -46.1436 33.8014 -37.7649 7.6600 -28.8362 -48.0224 -10.9333 -43.3280 25.8322 -35.3017 -7.8779 -25.5027 -48.6324 23.9693 -40.3809 16.4556 -31.9420 -39.7119 -19.7316 -46.0200 33.1461 -37.3749 5.4086 -27.9854 -48.6683 -2.7050 -41.9223 21.4791 -33.7208 -26.5764 -22.7249 -47.3809 34.9515 -38.5552 9.9691 -29.4032 -47.6059 -11.9116 -43.5069 27.3864 -36.9273 13.4777 -36.4747 24.5900 -42.3470 -4.4573 -48.6239 -28.0970 5.7733 -37.4537 33.3624 -46.1100 -19.9302 -39.1714 -32.0400 16.7081 -40.4584 22.8779 -48.6666 -25.6247 -7.0588 -35.3900 26.1200 -43.4290 -11.4043 -47.9208 -28.9345 7.9684 -37.8422 33.9832 -46.2336 -19.8580 -40.2510 -31.6815 15.3734 -39.9530 30.1172 -48.2423 -24.2566 -18.3797 -34.2359 22.2938 -41.9784 -0.9087 -48.7543 -26.7599
-48.7852 3.4160 -41.6143 21.2742 -33.8826 -22.3378 -23.7316 -48.0240 32.2020 -39.6715 14.4414 -31.3255 -41.9211 -19.1239 -45.9182 33.3111 -37.5822 6.9531 -28.6302 -48.1984 -10.0162 -43.1627 25.4109 -35.1879 -8.8185 -25.3951 -48.6083 24.4352 -40.3645 16.4556 -31.9624 -39.4978 -19.8522 -46.0906 33.3541 -37.4629 5.8591 -28.1273 -48.6128 -4.2412 -42.1091 22.0087 -33.9146 -24.4607 -23.0628 -47.5489 34.7921 -38.7399 10.6295 -29.6401 -47.2788 -12.7656 -43.5965 26.5557 -35.8888 3.6751 -31.5830 0.9869 -35.0716 23.1755 -42.3075 -5.2933 -48.5660 -28.2309 6.2051 -37.5418 33.5623 -46.1816 -20.0503 -38.9501 -32.0611 16.7081 -40.4412 23.3504 -48.6436 -25.5194 -7.9568 -35.2780 25.7024 -43.2654 -10.5344 -48.1125 -28.7281 7.2747 -37.6608 33.5180 -46.0099 -19.3361 -41.4835 -31.4237 14.6948 -39.7481 31.7069 -48.0842 -23.8754 -21.2863 -33.9786 21.5462 -41.6999 2.1792 -48.7819
0.9751 -41.3321 20.5378 -33.6230 -25.1331 -23.3312 -47.8484 33.3128 -39.4629 13.7519 -31.0627 -42.9870 -18.5440 -45.6807 32.7401 -37.3894 6.1592 -28.4021 -48.3647 -8.8680 -42.9680 24.9028 -35.0436 -10.1138 -25.2399 -48.5667 25.3008 -40.3179 16.3457 -31.9420 -39.4978 -19.8922 -46.1263 33.4776 -37.5233 6.1838 -28.2367 -48.5580 -5.3966 -42.2677 22.4719 -34.0848 -22.4904 -23.3663 -47.7000 34.4934 -38.9159 11.2530 -29.8709 -46.8947 -13.6566 -43.7951 26.7898 -35.6244 -2.7326 -28.2133 -43.5276 -27.6039 -10.9205 -34.5452 23.0225 -42.3985 -6.2170 -48.5059 -28.3377 6.5197 -37.6031 33.6797 -46.2155 -20.0900 -38.9501 -32.0400 16.6020 -40.3922 24.2662 -48.6052 -25.3652 -9.2054 -35.1348 25.1889 -43.0692 -9.4389 -48.2935 -28.4999 6.4933 -37.4667 32.9683 -45.7745 -18.7714 -42.6012 -31.1604 14.0054 -39.5392 32.9431 -47.9132 -23.4814 -24.1322 -33.7195 20.8038 -41.4182 -0.0771
-41.2187 19.8056 -33.3613 -27.7882 -22.9182 -47.6601 34.1088 -39.2529 13.0520 -30.7963 -43.9462 -17.9210 -45.4346 32.1016 -37.1890 5.2829 -28.1582 -48.5085 -7.4407 -42.7473 24.3191 -34.8701 -11.7673 -25.0388 -48.5066 26.4679 -40.2414 16.1330 -31.8819 -39.7119 -19.8522 -46.1263 33.5202 -37.5546 6.3800 -28.3121 -48.5119 -6.2145 -42.3941 22.8577 -34.2289 -20.7551 -23.6284 -47.8307 34.0772 -39.0777 11.8275 -30.0904 -46.4698 -14.4730 -44.0182 27.3507 -35.6681 -4.6838 -26.5946 -48.6824 -18.2986 -48.7737 -25.3211 -16.2532 -34.4361 23.2231 -42.5065 -6.9587 -48.4549 -28.4114 6.7110 -37.6329 33.7166 -46.2155 -20.0503 -39.1714 -31.9792 16.3929 -40.3160 25.5235 -48.5497 -25.1660 -10.8202 -34.9618 24.6013 -42.8476 -8.0859 -48.4527 -28.2569 5.6334 -37.2666 32.3482 -45.5291 -18.1608 -43.6019 -30.8942 13.3080 -39.3296 33.8501 -47.7300 -23.0732 -26.8426 -33.4574 20.0669 -41.3163
19.3041 -33.0908 -30.2810 -22.4906 -47.4610 34.6277 -39.0421 12.3450 -30.5282 -44.7917 -17.2516 -45.1813 31.4090 -36.9841 4.3175 -27.9049 -48.6220 -5.6960 -42.5082 23.6787 -34.6742 -13.7774 -24.7940 -48.4272 27.8409 -40.1370 15.8272 -31.7839 -40.1269 -19.7316 -46.0906 33.4776 -37.5546 6.4479 -28.3504 -48.4813 -6.7498 -42.4874 23.1568 -34.3437 -19.3011 -23.8445 -47.9390 33.5830 -39.2232 12.3482 -30.2932 -46.0174 -15.1954 -44.2393 27.9846 -35.8204 -4.1757 -26.1531 -48.7472 -4.1212 -45.1445 2.9762 -48.3942 -24.4910 -17.1732 -34.4717 23.4693 -42.5939 -7.4517 -48.4210 -28.4495 6.7747 -37.6329 33.6797 -46.1816 -19.9302 -39.6065 -31.8806 16.0850 -40.2138 26.9784 -48.4742 -24.9246 -12.7848 -34.7653 23.9612 -42.6082 -6.4450 -48.5809 -28.0049 4.6969 -37.0628 31.6736 -45.2761 -17.5061 -44.4878 -30.6268 12.6032 -39.1191 34.4662 -47.5359 -22.6504 -29.3946 -33.1857 19.5689
-32.4022 -32.5878 -22.0455 -47.2534 34.9059 -38.8305 11.6283 -30.2594 -45.5288 -16.5271 -44.9214 30.6800 -36.7780 3.2613 -27.6453 -48.7030 -3.6039 -42.2541 22.9999 -34.4591 -16.0941 -24.5135 -48.3280 29.2880 -40.0089 15.4380 -31.6503 -40.7109 -19.5300 -46.0200 33.3541 -37.5233 6.3800 -28.3504 -48.4707 -7.0209 -42.5445 23.3626 -34.4271 -18.1665 -24.0170 -48.0254 33.0700 -39.3510 12.8089 -30.4766 -45.5498 -15.8217 -44.4479 28.6101 -35.9978 -2.9560 -26.1941 -48.7498 10.9571 -42.3729 32.2903 -41.8121 25.6984 -48.2360 -24.3105 -16.7736 -34.5314 23.6585 -42.6492 -7.6913 -48.4089 -28.4495 6.7110 -37.6031 33.5623 -46.1100 -19.7318 -40.2224 -31.7473 15.6946 -40.0855 28.5252 -48.3787 -24.6468 -15.0648 -34.5505 23.2809 -42.3558 -4.4744 -48.6755 -27.7458 3.6706 -36.8551 30.9549 -45.0179 -16.8020 -45.2665 -30.3573 11.8897 -38.9078 34.8286 -47.3317 -22.2095 -31.7706 -32.5000
-35.3625 -21.5810 -47.0367 34.9762 -38.6183 10.8990 -29.9907 -46.1666 -15.7409 -44.6571 29.9232 -36.5675 2.1008 -27.3813 -48.7504 -1.1040 -41.9911 22.2992 -34.2277 -18.6372 -24.2000 -48.2086 30.6848 -39.8610 14.9738 -31.4865 -41.4140 -19.2495 -45.9157 33.1461 -37.4629 6.1838 -28.3121 -48.4813 -7.0209 -42.5634 23.4697 -34.4783 -17.3938 -24.1406 -48.0898 32.5884 -39.4547 13.1903 -30.6355 -45.0922 -16.3525 -44.6379 29.1920 -36.1702 -1.6888 -26.3787 -48.7897 15.1183 -41.2714 23.1352 -37.2989 21.1326 -40.3998 30.3381 -48.1959 -24.3255 -16.2333 -34.5756 23.7557 -42.6679 -7.6913 -48.4210 -28.4114 6.5197 -37.5418 33.3624 -46.0051 -19.4591 -40.9551 -31.5843 15.2307 -39.9364 30.0428 -48.2633 -24.3373 -17.5789 -34.3217 22.5790 -42.0935 -2.1279 -48.7361 -27.4819 2.5449 -36.6447 30.2021 -44.7547 -16.0366 -45.9415 -30.0877 11.1653 -38.6965 34.9725 -47.1166 -21.7501 -34.6473
-20.8852 -46.8108 34.8683 -38.4055 10.1533 -29.7220 -46.7140 -14.8872 -44.3897 29.1447 -36.3504 0.8161 -27.1100 -48.7909 1.8376 -41.7228 21.5901 -33.9864 -21.2933 -23.8570 -48.0695 31.9445 -39.6961 14.4472 -31.2961 -42.1947 -18.8938 -45.7791 32.8497 -37.3749 5.8591 -28.2367 -48.5119 -6.7498 -42.5445 23.4697 -34.4954 -17.0056 -24.2149 -48.1320 32.1965 -39.5314 13.4895 -30.7649 -44.6789 -16.7906 -44.8037 29.7106 -36.3262 -0.5611 -26.5892 -48.8198 14.3068 -41.0059 19.6905 -34.6659 5.1937 -34.0269 16.4292 -39.8897 31.1610 -48.2046 -24.3683 -15.9082 -34.5916 23.7557 -42.6492 -7.4517 -48.4549 -28.3377 6.2051 -37.4537 33.0804 -45.8708 -19.1110 -41.7687 -31.3955 14.7022 -39.7708 31.4202 -48.1280 -23.9995 -20.2307 -34.0826 21.8692 -41.8262 0.6404 -48.7783 -27.2128 1.3080 -36.4304 29.4295 -44.4888 -15.2061 -46.5211 -29.8199 10.4257 -38.4829 34.9263 -46.8925 -21.0433
-46.5651 34.6070 -38.1903 9.3815 -29.4531 -47.1793 -13.9522 -44.1199 28.3526 -36.1274 -0.6130 -26.8282 -48.8272 5.2239 -41.4909 20.8736 -33.7381 -23.9823 -23.4884 -47.9115 33.0098 -39.5159 13.8695 -31.0831 -43.0089 -18.4628 -45.6129 32.4637 -37.2617 5.4086 -28.1273 -48.5580 -6.2145 -42.4874 23.3626 -34.4783 -17.0056 -24.2403 -48.1531 31.9416 -39.5850 13.7066 -30.8628 -44.3291 -17.1356 -44.9419 30.1557 -36.4616 0.3902 -26.7878 -48.8344 12.0705 -41.0223 18.8850 -33.4500 -15.9549 -28.8078 -24.2899 -32.2510 14.8350 -39.7522 31.2413 -48.2159 -24.3869 -15.9082 -34.5756 23.6585 -42.5939 -6.9587 -48.5059 -28.2309 5.7733 -37.3424 32.7110 -45.7082 -18.6938 -42.6135 -31.1854 14.1299 -39.5920 32.5927 -47.9767 -23.6393 -22.9281 -33.8366 21.1575 -41.5802 3.8652 -48.8155 -26.9365 -0.0591 -36.2103 28.6469 -44.2210 -14.3109 -47.0152 -29.5522 9.6660 -38.2681 34.7182 -46.6482
33.4102 -37.9433 8.5809 -29.1826 -47.5708 -12.9209 -43.8482 27.5551 -35.8986 -2.2058 -26.5347 -48.8343 8.9692 -41.3008 20.1552 -33.4844 -26.6182 -23.0985 -47.7371 33.8459 -39.3243 13.2511 -30.8538 -43.8169 -17.9588 -45.4225 31.9848 -37.1248 4.8304 -27.9854 -48.6128 -5.3966 -42.3941 23.1568 -34.4271 -17.3938 -24.2149 -48.1531 31.8495 -39.6129 13.8411 -30.9303 -44.0592 -17.3894 -45.0510 30.5112 -36.5728 1.1577 -26.9598 -48.8344 9.5871 -41.1196 18.9836 -33.0469 -28.8439 -24.7751 -48.5604 -23.6052 -38.9066 -31.4760 14.3923 -39.7242 31.2229 -48.2159 -24.3683 -16.2333 -34.5314 23.4693 -42.5065 -6.2170 -48.5660 -28.0970 5.2305 -37.2103 32.2627 -45.5253 -18.2204 -43.4356 -30.9632 13.5306 -39.4071 33.5187 -47.8113 -23.2642 -25.5424 -33.5910 20.4521 -41.3779 7.4444 -48.8334 -26.6552 -1.5546 -35.9879 27.8683 -43.9545 -13.3364 -47.4284 -29.2873 8.8899 -38.0251 33.4814
-37.4806 7.7486 -28.9102 -47.8965 -11.7706 -43.5749 26.7607 -35.6632 -3.9908 -26.2301 -48.8123 12.8712 -41.1104 19.4426 -33.2264 -29.1324 -22.6896 -47.5502 34.4426 -39.1260 12.6005 -30.6122 -44.5803 -17.3890 -45.2116 31.4297 -36.9684 4.1133 -27.8134 -48.6683 -4.2412 -42.2677 22.8577 -34.3437 -18.1665 -24.1406 -48.1320 31.9416 -39.6129 13.8881 -30.9659 -43.8881 -17.5591 -45.1319 30.7805 -36.6597 1.7526 -27.1019 -48.8238 7.3395 -41.2314 19.3360 -33.0326 -31.6204 -22.7672 -48.1348 -6.4343 -47.5746 -20.3019 -42.0727 -31.2441 14.3093 -39.7242 31.2392 -48.2047 -24.3255 -16.7736 -34.4717 23.2231 -42.3990 -5.2934 -48.6237 -27.9522 4.6141 -37.0712 31.7774 -45.3346 -17.7136 -44.1762 -30.7476 12.9346 -39.2268 34.1795 -47.6406 -22.8938 -27.9255 -33.3593 19.7839 -41.2059 11.0239 -48.8204 -26.3818 -3.1364 -35.7766 27.1309 -43.7011 -12.3098 -47.7561 -29.0423 8.1310 -37.5847
6.8147 -28.6405 -48.1634 -10.4641 -43.3005 25.9693 -35.4230 -5.9922 -25.9145 -48.7639 16.7070 -40.9163 18.7311 -32.9645 -31.4754 -22.2616 -47.3516 34.8092 -38.9231 11.9239 -30.3620 -45.2809 -16.7507 -44.9843 30.8140 -36.7979 3.2660 -27.6173 -48.7166 -2.7050 -42.1091 22.4719 -34.2289 -19.3011 -24.0170 -48.0898 32.1965 -39.5850 13.8411 -30.9659 -43.8282 -17.6475 -45.1816 30.9663 -36.7243 2.1995 -27.2143 -48.8076 5.4822 -41.3324 19.7276 -33.1390 -31.4528 -22.1880 -47.4551 29.5490 -42.7210 33.8362 -46.2980 -18.9762 -42.6639 -31.2446 14.3973 -39.7526 31.1572 -48.1957 -24.3116 -17.1732 -34.4375 23.0244 -42.3097 -4.4624 -48.6642 -27.8430 4.0723 -36.9564 31.3532 -45.1703 -17.2699 -44.7361 -30.5831 12.4364 -39.0801 34.5682 -47.4919 -22.5898 -29.7618 -33.1824 19.2460 -41.0684 13.9580 -48.7839 -26.1648 -4.5417 -35.6112 26.5377 -43.4947 -11.4041 -47.9805 -28.8631 7.4641
-27.8146 -48.3749 -8.9678 -43.0230 25.1825 -35.1793 -8.2302 -25.5877 -48.6917 20.2850 -40.7190 18.0222 -32.7006 -33.6372 -21.8134 -47.1424 34.9668 -38.7157 11.2254 -30.1048 -45.9170 -16.0401 -44.7448 30.1406 -36.6150 2.2943 -27.4015 -48.7508 -0.7591 -41.9223 22.0087 -34.0848 -20.7551 -23.8445 -48.0254 32.5884 -39.5314 13.7066 -30.9303 -43.8881 -17.6478 -45.1975 31.0621 -36.7652 2.5064 -27.2991 -48.7867 4.0217 -41.4162 20.0806 -33.2667 -30.4875 -22.1861 -47.2525 34.6278 -40.1680 24.0946 -39.5908 34.4812 -45.9111 -18.9807 -42.0595 -31.4787 14.8459 -39.8916 30.3189 -48.2356 -24.4940 -16.2238 -34.5493 23.1862 -42.3517 -4.6903 -48.6592 -27.9101 4.0559 -36.9547 31.3004 -45.1356 -17.1967 -44.8441 -30.6050 12.3236 -39.0596 34.6597 -47.4394 -22.5393 -30.1991 -33.1878 19.1135 -41.0538 14.7221 -48.7367 -26.1538 -4.8989 -35.5958 26.3988 -43.4423 -11.1926 -48.0246 -28.3541
-48.5962 -7.2429 -42.7436 24.4007 -34.9327 -10.7004 -25.2492 -48.5981 23.4887 -40.5193 17.3205 -32.4352 -35.6171 -21.3446 -46.9237 34.9414 -38.5064 10.5026 -29.8438 -46.4816 -15.2552 -44.4959 29.4245 -36.4202 1.1800 -27.1678 -48.7854 1.6460 -41.7123 21.4806 -33.9156 -22.4876 -23.6289 -47.9391 33.0700 -39.4547 13.4906 -30.8633 -44.0575 -17.5608 -45.1818 31.0637 -36.7795 2.6270 -27.3412 -48.7689 2.6870 -41.4911 20.3786 -33.3821 -29.3812 -22.3375 -47.2604 34.9365 -39.1342 15.9168 -35.2666 14.7648 -38.5941 34.4912 -46.3035 -20.3170 -38.8519 -32.2601 16.4477 -40.4039 25.6229 -48.3956 -25.3328 -10.8288 -35.0798 24.6215 -42.8377 -8.1229 -48.4458 -28.5315 5.7054 -37.3236 32.4460 -45.5088 -18.2853 -43.4887 -31.1778 13.4133 -39.4256 33.8219 -47.6657 -23.2651 -26.3654 -33.7002 20.2104 -41.4134 8.8835 -48.7623 -26.7669 -2.0943 -35.9701 27.6476 -43.8536 -13.0878 -47.6471
-8.0929 -42.4638 23.6228 -34.6831 -13.3654 -24.9015 -48.4849 26.2613 -40.3181 16.6247 -32.1707 -37.3998 -20.8562 -46.6975 34.7568 -38.2962 9.7587 -29.5817 -46.9691 -14.3895 -44.2391 28.6834 -36.2148 -0.0840 -26.9181 -48.8203 4.5141 -41.5165 20.9052 -33.7247 -24.4405 -23.3707 -47.8320 33.5779 -39.3518 13.1923 -30.7666 -44.3203 -17.3960 -45.1349 30.9752 -36.7672 2.6312 -27.2455 -48.7837 1.9907 -41.7013 20.8598 -33.3821 -28.0629 -22.3775 -47.2926 34.8559 -38.9364 13.0870 -32.7584 -3.0338 -33.2867 14.6077 -39.6120 33.7817 -47.5871 -23.6329 -24.0977 -34.0425 21.1787 -41.8244 2.7594 -48.7724 -27.6278 1.0882 -36.4913 29.4993 -44.4013 -15.4183 -46.4053 -30.4454 10.6411 -38.6578 35.0923 -46.7308 -21.6455 -35.1533 -32.9097 17.5139 -40.7507 22.9397 -48.4783 -25.6982 -9.9902 -35.1481 24.6469 -42.8368 -7.7606 -48.4879 -28.7589 5.3620 -37.2864 32.2343 -45.3199 -18.3833
-42.3243 22.8622 -34.4330 -16.1567 -24.5474 -48.3552 28.5645 -40.1174 15.9398 -31.9108 -38.9818 -20.3539 -46.4673 34.4419 -38.0883 8.9962 -29.3208 -47.3827 -13.4417 -43.9794 27.9304 -36.0022 -1.4964 -26.6555 -48.8339 7.7432 -41.3511 20.3043 -33.5191 -26.5020 -23.0768 -47.7046 34.0586 -39.2296 12.8243 -30.6440 -44.6601 -17.1537 -45.0596 30.8078 -36.7322 2.5392 -27.3471 -48.7831 3.8494 -41.7740 21.0926 -33.5763 -27.5504 -22.7470 -47.6131 34.8390 -38.7186 11.7288 -31.7481 -23.1856 -30.3740 -2.9191 -35.3534 24.1824 -42.7465 -6.6753 -48.5438 -28.8430 5.3097 -37.3231 32.3674 -45.1747 -18.3758 -43.4049 -31.6122 13.5685 -39.5868 33.7136 -47.5902 -23.6073 -25.3426 -33.9011 20.5250 -41.6685 7.4174 -48.7752 -27.2540 -1.3678 -36.1162 28.0140 -43.8806 -13.5262 -47.3744 -30.0976 9.0135 -38.2178 34.5822 -46.1574 -20.5809 -38.8925 -32.4342 16.0348 -40.3533 28.3152 -48.2110
