-1.3941 -40.9351 18.4378 -32.0454 -37.7459 -20.2721 -46.2421 32.9866 -37.1637 5.4488 -27.4064 -48.7284 -5.4904 -41.9256 21.2467 -33.1137 -29.5816 -21.9843 -47.1454 33.4019 -38.0717 9.0805 -28.5518 -48.1145 -11.6077 -43.0246 24.3660 -34.1978 -18.2207 -23.5290 -47.9340 30.1642 -38.9979 12.2332 -29.6927 -46.5349 -15.3688 -44.1130 27.5567 -35.2407 -7.1684 -24.9219 -48.5191 20.9163 -39.9249 15.1913 -30.8289 -43.4888 -18.0435 -45.1740 30.5892 -36.2251 0.7209 -26.5358 -48.7786 -12.1804 -46.1658 -9.9845 -48.7594 -25.4945 -5.6151 -35.3562 27.8511 -44.2101 -15.6427 -46.3299 -29.7956 12.5062 -39.0826 29.6139 -47.9975 -23.6593 -17.1425 -34.2938 24.6498 -43.1221 -12.0097 -48.0190 -28.6525 9.3743 -38.1536 33.2960 -47.2215 -22.1289 -28.6736 -33.2102 21.5180 -42.0232 -6.1958 -48.7028 -27.5108 5.8150 -37.2462 33.1217 -46.3284 -20.4397 -37.1287 -32.1455 18.7012 -41.0344 -2.2658
-40.9351 18.6025 -32.6702 -35.5574 -20.8773 -46.4777 34.0244 -37.6390 6.4866 -28.2467 -48.5917 -4.1915 -42.0524 21.7426 -33.7798 -26.1462 -22.7617 -47.3852 34.9537 -38.5011 9.8638 -29.3524 -47.7025 -11.2967 -43.1956 24.8839 -34.8257 -14.4387 -24.3978 -48.1450 32.5151 -39.3628 12.8691 -30.4584 -45.6991 -15.5260 -44.3200 28.1480 -35.8212 -4.4843 -25.8336 -48.6688 24.2416 -40.2058 15.7440 -31.5624 -42.0223 -18.4827 -45.4050 31.3253 -36.7323 2.0268 -27.1751 -48.7678 -0.8671 -43.2476 34.5349 -42.8166 9.5502 -48.7236 -26.0824 -3.6355 -35.9107 28.4415 -44.4182 -15.8310 -45.4472 -30.5584 13.1325 -39.4416 32.0485 -48.2043 -24.5354 -13.4233 -34.9179 25.1730 -43.2958 -11.7494 -47.5755 -29.4500 10.1384 -38.5788 34.9058 -47.4595 -22.9158 -25.1548 -33.8727 22.0129 -42.1544 -5.0274 -48.5456 -28.3470 6.8215 -37.7183 34.1951 -46.5641 -21.0594 -34.8592 -32.7675 18.8639 -41.0344
18.4378 -32.6702 -34.8578 -21.1690 -46.6528 34.3890 -37.8578 7.3112 -28.5027 -48.4564 -6.3292 -42.3308 22.4935 -34.0462 -23.3980 -23.1799 -47.5876 34.7590 -38.7509 10.6224 -29.6217 -47.3325 -12.5088 -43.4730 25.6767 -35.0883 -11.6815 -24.7648 -48.2995 31.1322 -39.6206 13.5806 -30.7309 -44.9805 -16.3376 -44.5915 28.9478 -36.0707 -2.6292 -26.1527 -48.7476 21.1168 -40.4700 16.4476 -31.8357 -40.7807 -19.0944 -45.6636 32.0431 -36.9644 3.1623 -27.3772 -48.7679 2.4418 -41.9695 25.9674 -38.1759 24.5207 -41.3734 15.6698 -48.7716 -26.3002 -1.9792 -36.1538 29.2350 -44.6882 -16.6166 -44.6897 -30.8305 13.8406 -39.6993 30.5224 -48.3519 -24.8975 -10.7254 -35.1781 25.9656 -43.5731 -12.9134 -47.1811 -29.7206 10.8934 -38.8301 34.6303 -47.6581 -23.3291 -22.3554 -34.1390 22.7660 -42.4328 -7.0423 -48.3941 -28.6026 7.6292 -37.9367 34.5264 -46.7381 -21.3460 -34.1337 -32.7675 18.7012
-32.0454 -35.5574 -21.1690 -46.7191 34.5705 -37.9953 7.9498 -28.7242 -48.2950 -8.0493 -42.5972 23.2295 -34.2967 -20.5750 -23.5790 -47.7771 34.3379 -38.9619 11.3561 -29.8911 -46.8920 -13.5852 -43.7473 26.4714 -35.3339 -9.1280 -25.1198 -48.4379 29.3683 -39.8297 14.2839 -31.0007 -44.1548 -17.0834 -44.8574 29.7348 -36.2969 -0.9852 -26.4616 -48.8028 17.6052 -40.6708 17.1508 -32.1046 -39.3784 -19.6722 -45.9174 32.7195 -37.1786 4.2525 -27.6309 -48.7509 1.2877 -41.6797 22.2720 -35.5146 8.8226 -35.1006 20.0521 -41.0073 14.9637 -48.8138 -26.5797 -0.4208 -36.3768 30.0150 -44.9541 -17.3418 -43.8244 -31.0999 14.5408 -39.9069 28.6078 -48.4831 -25.2470 -8.2423 -35.4214 26.7587 -43.8474 -13.9513 -46.7144 -29.9906 11.6242 -39.0405 34.1154 -47.8445 -23.7237 -19.5190 -34.3891 23.5072 -42.6980 -8.6681 -48.2166 -28.8243 8.2579 -38.0739 34.6866 -46.8042 -21.3460 -34.8592 -32.1455
-37.7459 -20.8773 -46.6528 34.5705 -38.0457 8.3059 -28.8772 -48.1416 -9.3110 -42.8306 23.9083 -34.5304 -17.8258 -23.9543 -47.9523 33.6705 -39.1693 12.0675 -30.1564 -46.3802 -14.5505 -44.0192 27.2641 -35.5742 -6.8057 -25.4628 -48.5582 27.1908 -40.0380 14.9790 -31.2686 -43.2112 -17.7725 -45.1196 30.5020 -36.5151 0.4825 -26.7581 -48.8317 13.8138 -40.8691 17.8533 -32.3712 -37.8090 -20.2164 -46.1642 33.3375 -37.3922 5.2696 -27.8986 -48.7051 -1.1347 -41.7757 21.4913 -34.3676 -6.2244 -30.0221 -10.5873 -33.6405 18.9394 -41.0209 12.0093 -48.8334 -26.8665 0.9885 -36.5933 30.7756 -45.2151 -18.0138 -42.8391 -31.3675 15.2339 -40.1129 26.2678 -48.5973 -25.5856 -6.0036 -35.6606 27.5523 -44.1185 -14.8843 -46.1690 -30.2566 12.3316 -39.2478 33.3449 -48.0157 -24.0947 -16.7826 -34.6216 24.1925 -42.9310 -9.8678 -48.0485 -28.9779 8.6098 -38.1256 34.6866 -46.7381 -21.0594 -37.1287
-20.2721 -46.4777 34.3890 -37.9953 8.3059 -28.9328 -48.0450 -10.0943 -43.0081 24.4749 -34.7315 -15.3852 -24.2929 -48.1091 32.7550 -39.3703 12.7526 -30.4174 -45.7928 -15.4178 -44.2874 28.0523 -35.8103 -4.7195 -25.7934 -48.6594 24.5624 -40.2442 15.6720 -31.5361 -42.1422 -18.4178 -45.3785 31.2474 -36.7283 1.8066 -27.0440 -48.8319 9.9029 -41.0656 18.5604 -32.6364 -36.0686 -20.7333 -46.4052 33.8813 -37.6044 6.2195 -28.1689 -48.6213 -3.6142 -42.0011 21.7547 -34.0171 -18.5536 -26.2197 -47.4913 -25.6028 -27.0245 -33.1221 19.0678 -41.1575 8.3825 -48.8231 -27.1467 2.2653 -36.8056 31.5119 -45.4728 -18.6444 -41.7198 -31.6348 15.9266 -40.3170 23.4909 -48.6917 -25.9129 -4.0062 -35.8945 28.3425 -44.3855 -15.7276 -45.5435 -30.5172 13.0159 -39.4491 32.3179 -48.1677 -24.4285 -14.3535 -34.8215 24.7612 -43.1094 -10.6161 -47.9437 -29.0340 8.6098 -38.0739 34.5264 -46.5641 -20.4397
-46.2421 34.0244 -37.8578 7.9498 -28.8772 -48.0450 -10.3650 -43.1063 24.8574 -34.8808 -13.4384 -24.5757 -48.2392 31.6454 -39.5587 13.4031 -30.6695 -45.1294 -16.2005 -44.5478 28.8268 -36.0388 -2.8673 -26.1115 -48.7395 21.5190 -40.4470 16.3657 -31.8031 -40.9307 -19.0251 -45.6337 31.9629 -36.9400 3.0111 -27.3205 -48.7998 6.0681 -41.2587 19.2725 -32.9007 -34.1368 -21.2275 -46.6403 34.3383 -37.8176 7.1153 -28.4391 -48.4952 -5.8269 -42.2648 22.3567 -34.0680 -21.5177 -24.3484 -48.6368 -13.1836 -48.4462 -23.1564 -30.8099 -33.1159 19.6021 -41.3304 4.7215 -48.7869 -27.4205 3.4332 -37.0173 32.2143 -45.7272 -19.2394 -40.4533 -31.9016 16.6206 -40.5190 20.2878 -48.7637 -26.2265 -2.2383 -36.1218 29.1176 -44.6457 -16.4849 -44.8453 -30.7688 13.6638 -39.6360 31.0961 -48.2936 -24.7076 -12.4446 -34.9704 25.1443 -43.2079 -10.8746 -47.9437 -28.9779 8.2579 -37.9367 34.1951 -46.3284
32.9866 -37.6390 7.3112 -28.7242 -48.1416 -10.0943 -43.1063 24.9919 -34.9609 -12.1819 -24.7813 -48.3373 30.4896 -39.7254 13.9910 -30.9035 -44.4101 -16.8979 -44.7980 29.5763 -36.2561 -1.2369 -26.4155 -48.7965 18.1186 -40.6453 17.0578 -32.0694 -39.5641 -19.5996 -45.8849 32.6388 -37.1522 4.1174 -27.5930 -48.7594 2.5310 -41.4454 19.9918 -33.1639 -32.0067 -21.7014 -46.8692 34.6893 -38.0309 7.9673 -28.7099 -48.3230 -7.7322 -42.5394 23.0686 -34.2615 -20.4858 -23.8791 -48.1373 17.5394 -43.8067 23.7782 -47.6193 -22.4306 -30.3588 -33.2951 20.2746 -41.5253 1.3496 -48.7447 -27.6916 4.5082 -37.2307 32.8719 -45.9773 -19.8029 -39.0272 -32.1679 17.3167 -40.7181 16.7606 -48.8122 -26.5252 -0.6789 -36.3379 29.8640 -44.8949 -17.1610 -44.0936 -31.0026 14.2497 -39.8003 29.8383 -48.3872 -24.9114 -11.2262 -35.0509 25.2791 -43.2079 -10.6161 -48.0485 -28.8243 7.6292 -37.7183 33.1217
-37.1637 6.4866 -28.5027 -48.2950 -9.3110 -43.0081 24.8574 -34.9609 -11.7559 -24.8904 -48.3984 29.5068 -39.8572 14.4820 -31.1077 -43.6838 -17.4993 -45.0312 30.2790 -36.4605 0.1812 -26.7017 -48.8292 14.4461 -40.8379 17.7462 -32.3331 -38.0422 -20.1447 -46.1315 33.2600 -37.3645 5.1469 -27.8647 -48.7139 -0.5797 -41.6716 20.7188 -33.4259 -29.6769 -22.1574 -47.0910 34.9107 -38.2444 8.7869 -28.9803 -48.1005 -9.3757 -42.8160 23.8209 -34.4974 -18.1617 -23.9931 -48.0443 30.3343 -41.0534 27.7474 -40.6903 34.0064 -47.3913 -22.4882 -28.5224 -33.5322 20.9937 -41.7679 -1.6001 -48.6892 -27.9622 5.5056 -37.4442 33.4711 -46.2216 -20.3381 -37.4375 -32.4310 18.0081 -40.9117 13.0415 -48.8346 -26.8075 0.6886 -36.5402 30.5610 -45.1277 -17.7498 -43.3272 -31.2064 14.7372 -39.9307 28.7681 -48.4458 -25.0193 -10.8082 -35.0509 25.1443 -43.1094 -9.8678 -48.2166 -28.6026 6.8215 -37.2462
5.4488 -28.2467 -48.4564 -8.0493 -42.8306 24.4749 -34.8808 -12.1819 -24.8904 -48.4188 28.9211 -39.9423 14.8402 -31.2684 -43.0192 -17.9929 -45.2380 30.9114 -36.6466 1.3941 -26.9648 -48.8355 10.7188 -41.0267 18.4302 -32.5913 -36.3652 -20.6578 -46.3716 33.8119 -37.5762 6.1011 -28.1350 -48.6345 -3.2585 -41.9453 21.4546 -33.6866 -27.1528 -22.5966 -47.3051 34.9766 -38.4576 9.5758 -29.2496 -47.8220 -10.8052 -43.0922 24.5929 -34.7448 -15.4536 -24.2898 -48.1210 31.8599 -39.9988 18.6254 -36.0410 17.3213 -39.3740 34.7403 -47.4469 -22.8012 -26.1161 -33.7847 21.7297 -42.0466 -4.1296 -48.5953 -28.2324 6.4400 -37.6550 33.9946 -46.4587 -20.8437 -35.6862 -32.6888 18.6894 -41.0976 9.3105 -48.8306 -27.0676 1.8646 -36.7260 31.1820 -45.3348 -18.2338 -42.6239 -31.3662 15.0924 -40.0158 28.1368 -48.4658 -25.0193 -11.2262 -34.9704 24.7612 -42.9310 -8.6681 -48.3941 -28.3470 5.8150
-27.4064 -48.5917 -6.3292 -42.5972 23.9083 -34.7315 -13.4384 -24.7813 -48.3984 28.9211 -39.9724 15.0342 -31.3722 -42.4960 -18.3645 -45.4074 31.4410 -36.8104 2.4123 -27.2000 -48.8168 7.2237 -41.2053 19.1008 -32.8431 -34.5334 -21.1406 -46.6028 34.2753 -37.7861 6.9910 -28.4023 -48.5150 -5.5414 -42.2236 22.1994 -33.9457 -24.4598 -23.0205 -47.5114 34.8583 -38.6701 10.3365 -29.5186 -47.4818 -12.0629 -43.3674 25.3735 -34.9931 -12.6994 -24.6357 -48.2518 31.3143 -39.7499 15.3468 -33.2671 -1.9158 -32.8434 13.2472 -39.0139 34.6539 -47.6011 -23.1843 -23.4143 -34.0419 22.4779 -42.3247 -6.2847 -48.4591 -28.5010 7.3173 -37.8647 34.4218 -46.6870 -21.3196 -33.7917 -32.9400 19.3612 -41.2751 5.8597 -48.8022 -27.3006 2.8452 -36.8885 31.7052 -45.5027 -18.5948 -42.0816 -31.4704 15.2857 -40.0460 28.1368 -48.4458 -24.9114 -12.4446 -34.8215 24.1925 -42.6980 -7.0423 -48.5456 -27.5108
-48.7284 -4.1915 -42.3308 23.2295 -34.5304 -15.3852 -24.5757 -48.3373 29.5068 -39.9423 15.0342 -31.4079 -42.2011 -18.5972 -45.5283 31.8372 -36.9452 3.2295 -27.4039 -48.7821 4.1742 -41.3683 19.7406 -33.0839 -32.5844 -21.5939 -46.8234 34.6317 -37.9929 7.8310 -28.6661 -48.3525 -7.4724 -42.4993 22.9526 -34.2024 -21.6470 -23.4299 -47.7077 34.5248 -38.8821 11.0778 -29.7874 -47.0732 -13.1817 -43.6413 26.1613 -35.2387 -10.0810 -24.9874 -48.3883 29.9509 -39.8115 14.6442 -31.8759 -31.8437 -27.1428 -35.6752 -31.1155 12.1755 -39.0394 34.2902 -47.7792 -23.5808 -20.5709 -34.2975 23.2334 -42.6013 -8.1172 -48.2789 -28.7662 8.1384 -38.0717 34.7378 -46.9047 -21.7643 -31.7831 -33.1807 20.0068 -41.4388 2.9137 -48.7677 -27.5032 3.6375 -37.0225 32.0971 -45.6223 -18.8212 -41.7749 -31.5077 15.2857 -40.0158 28.7681 -48.3872 -24.7076 -14.3535 -34.6216 23.5072 -42.4328 -5.0274 -48.7028
-5.4904 -42.0524 22.4935 -34.2967 -17.8258 -24.2929 -48.2392 30.4896 -39.8572 14.8402 -31.3722 -42.2011 -18.6757 -45.5921 32.0872 -37.0415 3.8291 -27.5707 -48.7534 1.7023 -41.5196 20.3330 -33.3073 -30.5926 -22.0091 -47.0296 34.8675 -38.1958 8.6201 -28.9273 -48.1442 -9.1138 -42.7725 23.7062 -34.4558 -18.7691 -23.8242 -47.8911 33.9423 -39.0935 11.8037 -30.0561 -46.5888 -14.1874 -43.9143 26.9535 -35.4815 -7.6655 -25.3323 -48.5141 28.0349 -39.9743 14.8980 -31.4774 -40.2350 -22.3789 -48.7674 -21.5146 -43.7027 -30.5525 12.3134 -39.1933 33.6352 -47.9566 -23.9682 -17.7006 -34.5481 23.9903 -42.8743 -9.6784 -48.0520 -29.0270 8.9141 -38.2731 34.9257 -47.1090 -22.1740 -29.7173 -33.4039 20.6030 -41.6060 0.5657 -48.7407 -27.6695 4.2244 -37.1188 32.3366 -45.6862 -18.9000 -41.7749 -31.4704 15.0924 -39.9307 29.8383 -48.2936 -24.4285 -16.7826 -34.3891 22.7660 -42.1544 -6.1958
-41.9256 21.7426 -34.0462 -20.5750 -23.9543 -48.1091 31.6454 -39.7254 14.4820 -31.2684 -42.4960 -18.5972 -45.5921 32.1746 -37.0913 4.1938 -27.6886 -48.7336 -0.1340 -41.6754 20.8536 -33.5063 -28.6481 -22.3820 -47.2172 34.9719 -38.3910 9.3555 -29.1812 -47.8889 -10.5325 -43.0407 24.4561 -34.7037 -15.9262 -24.2029 -48.0622 33.0794 -39.3039 12.5176 -30.3246 -46.0208 -15.0998 -44.1855 27.7481 -35.7206 -5.4847 -25.6682 -48.6227 25.6268 -40.1667 15.4543 -31.5269 -41.5395 -19.9502 -47.1060 8.6839 -46.6802 -18.1542 -44.9794 -30.5432 12.8464 -39.3874 32.6683 -48.1231 -24.3408 -14.8923 -34.7952 24.7440 -43.1417 -11.0216 -47.7757 -29.2800 9.6400 -38.4675 34.9758 -47.2954 -22.5436 -27.7006 -33.6019 21.1255 -41.7782 -1.1874 -48.7139 -27.7885 4.5776 -37.1691 32.4186 -45.6862 -18.8212 -42.0816 -31.3662 14.7372 -39.8003 31.0961 -48.1677 -24.0947 -19.5190 -34.1390 22.0129 -42.0232
21.2467 -33.7798 -23.3980 -23.5790 -47.9523 32.7550 -39.5587 13.9910 -31.1077 -43.0192 -18.3645 -45.5283 32.0872 -37.0913 4.3152 -27.7480 -48.7163 -1.3421 -41.8167 21.2799 -33.6737 -26.8521 -22.7060 -47.3830 34.9460 -38.5723 10.0350 -29.4237 -47.5916 -11.7480 -43.3020 25.2059 -34.9438 -13.2125 -24.5655 -48.2193 31.9089 -39.5111 13.2167 -30.5919 -45.3606 -15.9338 -44.4537 28.5409 -35.9548 -3.5377 -25.9922 -48.7114 22.7474 -40.3670 16.1067 -31.7272 -41.0873 -19.3449 -46.2174 34.9825 -41.6031 35.0648 -45.4635 -17.0906 -44.8302 -30.7252 13.4915 -39.5898 31.3740 -48.2748 -24.6979 -12.2143 -35.0357 25.4936 -43.4032 -12.1802 -47.4556 -29.5221 10.3092 -38.6502 34.8921 -47.4595 -22.8622 -25.8621 -33.7680 21.5524 -41.9198 -2.3488 -48.6917 -27.8494 4.6942 -37.1691 32.3366 -45.6223 -18.5948 -42.6239 -31.2064 14.2497 -39.6360 32.3179 -48.0157 -23.7237 -22.3554 -33.8727 21.5180
-33.1137 -26.1462 -23.1799 -47.7771 33.6705 -39.3703 13.4031 -30.9035 -43.6838 -17.9929 -45.4074 31.8372 -37.0415 4.1938 -27.7480 -48.7097 -1.9309 -41.9051 21.5842 -33.8014 -25.3260 -22.9708 -47.5225 34.8098 -38.7363 10.6466 -29.6509 -47.2579 -12.7801 -43.5535 25.9372 -35.1756 -10.6842 -24.9108 -48.3603 30.4079 -39.7146 13.9015 -30.8564 -44.6035 -16.6981 -44.7191 29.3251 -36.1811 -1.8027 -26.3052 -48.7779 19.4451 -40.5684 16.7939 -31.9743 -40.0081 -19.5415 -46.0030 34.1114 -39.0020 20.2903 -38.6074 32.3301 -45.1052 -17.2148 -44.2156 -30.9644 14.1640 -39.7916 29.7437 -48.4101 -25.0405 -9.7403 -35.2659 26.2271 -43.6541 -13.1738 -47.0999 -29.7492 10.9181 -38.8151 34.6979 -47.5964 -23.1222 -24.3234 -33.8945 21.8593 -42.0092 -2.9127 -48.6834 -27.8494 4.5776 -37.1188 32.0971 -45.5027 -18.2338 -43.3272 -31.0026 13.6638 -39.4491 33.3449 -47.8445 -23.3291 -25.1548 -33.2102
-29.5816 -22.7617 -47.5876 34.3379 -39.1693 12.7526 -30.6695 -44.4101 -17.4993 -45.2380 31.4410 -36.9452 3.8291 -27.6886 -48.7163 -1.9309 -41.9347 21.7393 -33.8794 -24.2330 -23.1704 -47.6321 34.6065 -38.8784 11.1749 -29.8556 -46.9007 -13.6614 -43.7890 26.6358 -35.3971 -8.3995 -25.2368 -48.4843 28.5609 -39.9144 14.5760 -31.1171 -43.7475 -17.4029 -44.9802 30.0941 -36.4009 -0.2605 -26.6067 -48.8201 15.7924 -40.7674 17.4912 -32.2358 -38.6099 -19.9829 -46.1009 33.5713 -37.9395 11.8516 -33.8301 10.4777 -37.2932 31.2374 -45.1609 -17.7212 -43.3708 -31.2186 14.8347 -39.9919 27.7499 -48.5281 -25.3644 -7.5310 -35.4846 26.9280 -43.8893 -14.0208 -46.7206 -29.9535 11.4458 -38.9571 34.4401 -47.7031 -23.3192 -23.2207 -33.9733 22.0179 -42.0392 -2.9127 -48.6917 -27.7885 4.2244 -37.0225 31.7052 -45.3348 -17.7498 -44.0936 -30.7688 13.0159 -39.2478 34.1154 -47.6581 -22.9158 -28.6736
-21.9843 -47.3852 34.7590 -38.9619 12.0675 -30.4174 -45.1294 -16.8979 -45.0312 30.9114 -36.8104 3.2295 -27.5707 -48.7336 -1.3421 -41.9051 21.7393 -33.9048 -23.6918 -23.2917 -47.7075 34.3882 -38.9935 11.6133 -30.0319 -46.5463 -14.3930 -44.0041 27.2941 -35.6017 -6.3994 -25.5414 -48.5895 26.3851 -40.1099 15.2379 -31.3744 -42.7887 -18.0534 -45.2347 30.8402 -36.6146 1.1166 -26.8959 -48.8350 11.9279 -40.9635 18.1921 -32.5002 -36.9820 -20.4792 -46.2994 33.7584 -37.7000 8.2975 -30.8172 -26.1447 -30.3919 5.6033 -36.9464 31.3650 -45.3543 -18.3097 -42.3775 -31.4737 15.4949 -40.1856 25.4200 -48.6263 -25.6644 -5.6215 -35.6882 27.5829 -44.1046 -14.7279 -46.3427 -30.1297 11.8801 -39.0709 34.1775 -47.7764 -23.4391 -22.6574 -33.9997 22.0179 -42.0092 -2.3488 -48.7139 -27.6695 3.6375 -36.8885 31.1820 -45.1277 -17.1610 -44.8453 -30.5172 12.3316 -39.0405 34.6303 -47.4595 -22.1289
-47.1454 34.9537 -38.7509 11.3561 -30.1564 -45.7928 -16.2005 -44.7980 30.2790 -36.6466 2.4123 -27.4039 -48.7534 -0.1340 -41.8167 21.5842 -33.8794 -23.6918 -23.3302 -47.7431 34.2225 -39.0752 11.9486 -30.1729 -46.2172 -14.9789 -44.1924 27.8820 -35.7862 -4.7068 -25.8197 -48.6744 23.9506 -40.2974 15.8793 -31.6252 -41.7237 -18.6562 -45.4836 31.5529 -36.8209 2.3566 -27.1711 -48.8209 8.0643 -41.1549 18.8981 -32.7637 -35.1660 -20.9767 -46.5242 34.1489 -37.7701 7.4527 -29.2928 -45.3140 -23.4870 -46.4965 -28.5117 4.0729 -36.9757 31.8876 -45.5849 -18.8862 -41.2687 -31.7228 16.1341 -40.3698 22.8449 -48.7044 -25.9383 -4.0095 -35.8716 28.1736 -44.2915 -15.2950 -45.9952 -30.2716 12.2102 -39.1509 33.9825 -47.8116 -23.4773 -22.6574 -33.9733 21.8593 -41.9198 -1.1874 -48.7407 -27.5032 2.8452 -36.7260 30.5610 -44.8949 -16.4849 -45.5435 -30.2566 11.6242 -38.8301 34.9058 -47.2215
33.4019 -38.5011 10.6224 -29.8911 -46.3802 -15.4178 -44.5478 29.5763 -36.4605 1.3941 -27.2000 -48.7821 1.7023 -41.6754 21.2799 -33.8014 -24.2330 -23.2917 -47.7431 34.1645 -39.1146 12.1561 -30.2733 -45.9426 -15.4235 -44.3477 28.3825 -35.9460 -3.3238 -26.0672 -48.7387 21.3553 -40.4721 16.4937 -31.8657 -40.5687 -19.2137 -45.7235 32.2217 -37.0238 3.4780 -27.4357 -48.7843 4.4372 -41.3421 19.6069 -33.0241 -33.1579 -21.4583 -46.7527 34.5294 -37.9384 7.7615 -28.8840 -47.6981 -16.8244 -47.5380 -15.3043 -48.4467 -27.9337 4.2507 -37.1245 32.4904 -45.8179 -19.4229 -40.0625 -31.9637 16.7467 -40.5436 20.1196 -48.7622 -26.1818 -2.6783 -36.0301 28.6745 -44.4449 -15.7272 -45.7066 -30.3727 12.4142 -39.1909 33.9149 -47.8116 -23.4391 -23.2207 -33.8945 21.5524 -41.7782 0.5657 -48.7677 -27.3006 1.8646 -36.5402 29.8640 -44.6457 -15.7276 -46.1690 -29.9906 10.8934 -38.5788 33.2960
-38.0717 9.8638 -29.6217 -46.8920 -14.5505 -44.2874 28.8268 -36.2561 0.1812 -26.9648 -48.8168 4.1742 -41.5196 20.8536 -33.6737 -25.3260 -23.1704 -47.7075 34.2225 -39.1146 12.2236 -30.3240 -45.7618 -15.7287 -44.4662 28.7819 -36.0755 -2.2392 -26.2779 -48.7836 18.7416 -40.6318 17.0699 -32.0928 -39.3392 -19.7206 -45.9508 32.8334 -37.2233 4.4973 -27.6957 -48.7435 1.1968 -41.5383 20.3138 -33.2832 -30.9511 -21.9176 -46.9770 34.8150 -38.1380 8.4312 -28.9343 -48.0007 -12.5214 -44.8964 33.9107 -44.3819 -8.2252 -48.6428 -27.9160 4.9720 -37.3074 33.0659 -46.0425 -19.9203 -38.7802 -32.1911 17.3260 -40.7022 17.4205 -48.8011 -26.3894 -1.6259 -36.1591 29.0720 -44.5630 -16.0255 -45.5158 -30.4234 12.4813 -39.1909 33.9825 -47.7764 -23.3192 -24.3234 -33.7680 21.1255 -41.6060 2.9137 -48.8022 -27.0676 0.6886 -36.3379 29.1176 -44.3855 -14.8843 -46.7144 -29.7206 10.1384 -38.1536
9.0805 -29.3524 -47.3325 -13.5852 -44.0192 28.0523 -36.0388 -1.2369 -26.7017 -48.8355 7.2237 -41.3683 20.3330 -33.5063 -26.8521 -22.9708 -47.6321 34.3882 -39.0752 12.1561 -30.3240 -45.6998 -15.8818 -44.5413 29.0667 -36.1727 -1.4286 -26.4464 -48.8115 16.3176 -40.7713 17.5964 -32.3026 -38.0670 -20.1768 -46.1651 33.3725 -37.4157 5.4193 -27.9481 -48.6908 -1.6209 -41.7762 21.0203 -33.5374 -28.5826 -22.3573 -47.1920 34.9630 -38.3478 9.1850 -29.1360 -47.8963 -11.3142 -43.7294 30.9466 -39.5449 29.4815 -42.8766 -5.2886 -48.6286 -28.0839 5.7998 -37.4966 33.5789 -46.2541 -20.3710 -37.4558 -32.3999 17.8535 -40.8430 14.9371 -48.8237 -26.5575 -0.8508 -36.2555 29.3549 -44.6379 -16.1727 -45.4503 -30.4234 12.4142 -39.1509 34.1775 -47.7031 -23.1222 -25.8621 -33.6019 20.6030 -41.4388 5.8597 -48.8306 -26.8075 -0.6789 -36.1218 28.3425 -44.1185 -13.9513 -47.1811 -29.4500 9.3743
-28.5518 -47.7025 -12.5088 -43.7473 27.2641 -35.8103 -2.8673 -26.4155 -48.8292 10.7188 -41.2053 19.7406 -33.3073 -28.6481 -22.7060 -47.5225 34.6065 -38.9935 11.9486 -30.2733 -45.7618 -15.8818 -44.5665 29.2128 -36.2338 -0.8768 -26.5719 -48.8273 14.2492 -40.8879 18.0563 -32.4886 -36.8166 -20.5837 -46.3623 33.8295 -37.5994 6.2507 -28.1910 -48.6071 -3.9886 -42.0396 21.7249 -33.7858 -26.0918 -22.7758 -47.3958 34.9485 -38.5563 9.9378 -29.3831 -47.6421 -11.7645 -43.4699 27.2771 -36.9053 13.4706 -36.5022 24.8043 -42.4569 -5.5713 -48.5506 -28.3027 6.5975 -37.6788 34.0104 -46.4482 -20.7716 -36.1527 -32.5846 18.3120 -40.9604 12.8154 -48.8342 -26.6819 -0.3258 -36.3165 29.4966 -44.6630 -16.1727 -45.5158 -30.3727 12.2102 -39.0709 34.4401 -47.5964 -22.8622 -27.7006 -33.4039 20.0068 -41.2751 9.3105 -48.8346 -26.5252 -2.2383 -35.8945 27.5523 -43.8474 -12.9134 -47.5755 -28.6525
-48.1145 -11.2967 -43.4730 26.4714 -35.5742 -4.7195 -26.1115 -48.7965 14.4461 -41.0267 19.1008 -33.0839 -30.5926 -22.3820 -47.3830 34.8098 -38.8784 11.6133 -30.1729 -45.9426 -15.7287 -44.5413 29.2128 -36.2550 -0.6044 -26.6513 -48.8346 12.6449 -40.9803 18.4304 -32.6435 -35.6462 -20.9336 -46.5360 34.1984 -37.7706 6.9986 -28.4223 -48.4944 -5.9460 -42.2927 22.4201 -34.0285 -23.4986 -23.1729 -47.5884 34.7515 -38.7607 10.6630 -29.6415 -47.2944 -12.6910 -43.5716 26.4722 -35.8656 3.6001 -31.5964 1.2766 -35.1611 23.5749 -42.4898 -6.8816 -48.4309 -28.5246 7.3241 -37.8481 34.3532 -46.6213 -21.1133 -34.9409 -32.7405 18.6911 -41.0521 11.1896 -48.8384 -26.7583 -0.0604 -36.3373 29.4966 -44.6379 -16.0255 -45.7066 -30.2716 11.8801 -38.9571 34.6979 -47.4595 -22.5436 -29.7173 -33.1807 19.3612 -41.0976 13.0415 -48.8122 -26.2265 -4.0062 -35.6606 26.7587 -43.5731 -11.7494 -48.0190
-11.6077 -43.1956 25.6767 -35.3339 -6.8057 -25.7934 -48.7395 18.1186 -40.8379 18.4302 -32.8431 -32.5844 -22.0091 -47.2172 34.9460 -38.7363 11.1749 -30.0319 -46.2172 -15.4235 -44.4662 29.0667 -36.2338 -0.6044 -26.6788 -48.8369 11.6158 -41.0454 18.7153 -32.7659 -34.6358 -21.2168 -46.6834 34.4760 -37.9250 7.6581 -28.6360 -48.3566 -7.5650 -42.5331 23.0926 -34.2612 -20.8760 -23.5497 -47.7696 34.3493 -38.9623 11.3678 -29.9008 -46.8687 -13.6683 -43.7876 26.7482 -35.6072 -2.8722 -28.2125 -43.4164 -27.6992 -9.6387 -34.7105 23.6387 -42.6648 -8.2643 -48.2813 -28.7355 7.9682 -38.0025 34.6030 -46.7676 -21.3925 -33.8846 -32.8639 18.9776 -41.1178 10.1757 -48.8388 -26.7843 -0.0604 -36.3165 29.3549 -44.5630 -15.7272 -45.9952 -30.1297 11.4458 -38.8151 34.8921 -47.2954 -22.1740 -31.7831 -32.9400 18.6894 -40.9117 16.7606 -48.7637 -25.9129 -6.0036 -35.4214 25.9656 -43.2958 -12.0097
-43.0246 24.8839 -35.0883 -9.1280 -25.4628 -48.6594 21.5190 -40.6453 17.7462 -32.5913 -34.5334 -21.5939 -47.0296 34.9719 -38.5723 10.6466 -29.8556 -46.5463 -14.9789 -44.3477 28.7819 -36.1727 -0.8768 -26.6513 -48.8369 11.2573 -41.0788 18.8968 -32.8523 -33.8469 -21.4354 -46.8012 34.6660 -38.0571 8.2179 -28.8285 -48.2006 -8.8918 -42.7581 23.7325 -34.4812 -18.3239 -23.9039 -47.9358 33.7271 -39.1615 12.0545 -30.1563 -46.3718 -14.5846 -44.0379 27.3703 -35.6662 -4.7639 -26.5846 -48.6810 -18.4201 -48.7657 -25.5446 -13.9397 -34.6839 24.0986 -42.8708 -9.4886 -48.1124 -28.9267 8.5192 -38.1362 34.7669 -46.8843 -21.6085 -33.0572 -32.9498 19.1588 -41.1513 9.8383 -48.8388 -26.7583 -0.3258 -36.2555 29.0720 -44.4449 -15.2950 -46.3427 -29.9535 10.9181 -38.6502 34.9758 -47.1090 -21.7643 -33.7917 -32.6888 18.0081 -40.7181 20.2878 -48.6917 -25.5856 -8.2423 -35.1781 25.1730 -43.1221
24.3660 -34.8257 -11.6815 -25.1198 -48.5582 24.5624 -40.4470 17.0578 -32.3331 -36.3652 -21.1406 -46.8234 34.8675 -38.3910 10.0350 -29.6509 -46.9007 -14.3930 -44.1924 28.3825 -36.0755 -1.4286 -26.5719 -48.8346 11.6158 -41.0788 18.9583 -32.8969 -33.3254 -21.5863 -46.8876 34.7863 -38.1653 8.6735 -28.9930 -48.0389 -9.9701 -42.9651 24.3289 -34.6841 -15.9138 -24.2327 -48.0851 32.8839 -39.3531 12.7128 -30.4073 -45.8044 -15.4164 -44.2936 28.0935 -35.8418 -4.0903 -26.1559 -48.7457 -4.2915 -45.2050 1.2355 -48.4803 -24.8501 -13.8672 -34.8104 24.6488 -43.0720 -10.4963 -47.9374 -29.0913 8.9655 -38.2429 34.8646 -46.9713 -21.7576 -32.5282 -32.9949 19.2223 -41.1513 10.1757 -48.8384 -26.6819 -0.8508 -36.1591 28.6745 -44.2915 -14.7279 -46.7206 -29.7492 10.3092 -38.4675 34.9257 -46.9047 -21.3196 -35.6862 -32.4310 17.3167 -40.5190 23.4909 -48.5973 -25.2470 -10.7254 -34.9179 24.6498
-34.1978 -14.4387 -24.7648 -48.4379 27.1908 -40.2442 16.3657 -32.0694 -38.0422 -20.6578 -46.6028 34.6317 -38.1958 9.3555 -29.4237 -47.2579 -13.6614 -44.0041 27.8820 -35.9460 -2.2392 -26.4464 -48.8273 12.6449 -41.0454 18.8968 -32.8969 -33.1395 -21.6636 -46.9418 34.8544 -38.2455 9.0251 -29.1263 -47.8848 -10.8139 -43.1463 24.8724 -34.8682 -13.7430 -24.5288 -48.2176 31.8294 -39.5345 13.3364 -30.6519 -45.1665 -16.1718 -44.5435 28.8313 -36.0472 -2.6818 -26.2249 -48.7516 10.7470 -42.4057 32.5270 -41.9494 23.0164 -48.3942 -24.8075 -12.4246 -34.9711 25.1749 -43.2501 -11.2921 -47.7714 -29.2253 9.3084 -38.3228 34.9157 -47.0251 -21.8343 -32.3465 -32.9949 19.1588 -41.1178 11.1896 -48.8342 -26.5575 -1.6259 -36.0301 28.1736 -44.1046 -14.0208 -47.0999 -29.5221 9.6400 -38.2731 34.7378 -46.6870 -20.8437 -37.4375 -32.1679 16.6206 -40.3170 26.2678 -48.4831 -24.8975 -13.4233 -34.2938
-18.2207 -24.3978 -48.2995 29.3683 -40.0380 15.6720 -31.8031 -39.5641 -20.1447 -46.3716 34.2753 -37.9929 8.6201 -29.1812 -47.5916 -12.7801 -43.7890 27.2941 -35.7862 -3.3238 -26.2779 -48.8115 14.2492 -40.9803 18.7153 -32.8523 -33.3254 -21.6636 -46.9603 34.8837 -38.2946 9.2616 -29.2258 -47.7496 -11.4459 -43.2955 25.3424 -35.0285 -11.8746 -24.7918 -48.3313 30.6103 -39.7062 13.9260 -30.8828 -44.4687 -16.8573 -44.7850 29.5551 -36.2536 -1.2119 -26.4482 -48.7958 14.6585 -41.2972 23.2970 -37.3954 21.7088 -40.6225 27.6076 -48.4161 -24.9673 -10.7881 -35.1242 25.6329 -43.3978 -11.9007 -47.6287 -29.3241 9.5458 -38.3734 34.9364 -47.0429 -21.8343 -32.5282 -32.9498 18.9776 -41.0521 12.8154 -48.8237 -26.3894 -2.6783 -35.8716 27.5829 -43.8893 -13.1738 -47.4556 -29.2800 8.9141 -38.0717 34.4218 -46.4587 -20.3381 -39.0272 -31.9016 15.9266 -40.1129 28.6078 -48.3519 -24.5354 -17.1425
-23.5290 -48.1450 31.1322 -39.8297 14.9790 -31.5361 -40.9307 -19.5996 -46.1315 33.8119 -37.7861 7.8310 -28.9273 -47.8889 -11.7480 -43.5535 26.6358 -35.6017 -4.7068 -26.0672 -48.7836 16.3176 -40.8879 18.4304 -32.7659 -33.8469 -21.5863 -46.9418 34.8837 -38.3118 9.3804 -29.2872 -47.6510 -11.8919 -43.4125 25.7171 -35.1593 -10.3437 -25.0172 -48.4242 29.2975 -39.8646 14.4748 -31.0990 -43.7333 -17.4638 -45.0160 30.2449 -36.4525 0.1474 -26.7055 -48.8260 13.3571 -41.0463 19.8279 -34.7348 5.7210 -34.2414 17.3097 -40.2062 27.7837 -48.4799 -25.1609 -9.3688 -35.2521 26.0081 -43.5127 -12.3280 -47.5215 -29.3850 9.6660 -38.3906 34.9364 -47.0251 -21.7576 -33.0572 -32.8639 18.6911 -40.9604 14.9371 -48.8011 -26.1818 -4.0095 -35.6882 26.9280 -43.6541 -12.1802 -47.7757 -29.0270 8.1384 -37.8647 33.9946 -46.2216 -19.8029 -40.4533 -31.6348 15.2339 -39.9069 30.5224 -48.2043 -23.6593
-47.9340 32.5151 -39.6206 14.2839 -31.2686 -42.1422 -19.0251 -45.8849 33.2600 -37.5762 6.9910 -28.6661 -48.1442 -10.5325 -43.3020 25.9372 -35.3971 -6.3994 -25.8197 -48.7387 18.7416 -40.7713 18.0563 -32.6435 -34.6358 -21.4354 -46.8876 34.8544 -38.2946 9.3804 -29.3085 -47.5994 -12.1594 -43.4928 25.9961 -35.2611 -9.1647 -25.1990 -48.4963 27.9842 -40.0031 14.9678 -31.2991 -42.9735 -17.9989 -45.2338 30.8904 -36.6394 1.3539 -26.9598 -48.8335 10.4430 -41.0890 19.0829 -33.5256 -14.8849 -29.0085 -21.3113 -32.6174 16.0327 -40.1572 26.8705 -48.5426 -25.3325 -8.2631 -35.3507 26.2885 -43.5914 -12.5805 -47.4655 -29.4057 9.6660 -38.3734 34.9157 -46.9713 -21.6085 -33.8846 -32.7405 18.3120 -40.8430 17.4205 -48.7622 -25.9383 -5.6215 -35.4846 26.2271 -43.4032 -11.0216 -48.0520 -28.7662 7.3173 -37.6550 33.4711 -45.9773 -19.2394 -41.7198 -31.3675 14.5408 -39.6993 32.0485 -47.9975
30.1642 -39.3628 13.5806 -31.0007 -43.2112 -18.4178 -45.6337 32.6388 -37.3645 6.1011 -28.4023 -48.3525 -9.1138 -43.0407 25.2059 -35.1756 -8.3995 -25.5414 -48.6744 21.3553 -40.6318 17.5964 -32.4886 -35.6462 -21.2168 -46.8012 34.7863 -38.2455 9.2616 -29.2872 -47.5994 -12.2490 -43.5329 26.1713 -35.3314 -8.3227 -25.3393 -48.5510 26.7746 -40.1192 15.3937 -31.4756 -42.2100 -18.4684 -45.4320 31.4761 -36.8153 2.4164 -27.1986 -48.8166 7.1934 -41.2210 19.2975 -33.1486 -27.9306 -24.9621 -48.4483 -24.0974 -36.2419 -31.9759 15.8921 -40.2176 25.7298 -48.5913 -25.4663 -7.4655 -35.4190 26.4607 -43.6320 -12.6629 -47.4655 -29.3850 9.5458 -38.3228 34.8646 -46.8843 -21.3925 -34.9409 -32.5846 17.8535 -40.7022 20.1196 -48.7044 -25.6644 -7.5310 -35.2659 25.4936 -43.1417 -9.6784 -48.2789 -28.5010 6.4400 -37.4442 32.8719 -45.7272 -18.6444 -42.8391 -31.0999 13.8406 -39.4416 29.6139
-38.9979 12.8691 -30.7309 -44.1548 -17.7725 -45.3785 31.9629 -37.1522 5.1469 -28.1350 -48.5150 -7.4724 -42.7725 24.4561 -34.9438 -10.6842 -25.2368 -48.5895 23.9506 -40.4721 17.0699 -32.3026 -36.8166 -20.9336 -46.6834 34.6660 -38.1653 9.0251 -29.2258 -47.6510 -12.1594 -43.5329 26.2303 -35.3655 -7.8259 -25.4352 -48.5890 25.7427 -40.2129 15.7472 -31.6242 -41.4968 -18.8695 -45.6096 31.9917 -36.9768 3.3402 -27.4219 -48.7819 4.1090 -41.3755 19.8010 -33.1794 -30.5184 -22.9649 -48.2200 -8.0490 -47.8239 -21.1818 -39.4169 -31.8470 16.0780 -40.2943 24.6950 -48.6263 -25.5583 -6.9875 -35.4536 26.5170 -43.6320 -12.5805 -47.5215 -29.3241 9.3084 -38.2429 34.7669 -46.7676 -21.1133 -36.1527 -32.3999 17.3260 -40.5436 22.8449 -48.6263 -25.3644 -9.7403 -35.0357 24.7440 -42.8743 -8.1172 -48.4591 -28.2324 5.5056 -37.2307 32.2143 -45.4728 -18.0138 -43.8244 -30.8305 13.1325 -39.0826
12.2332 -30.4584 -44.9805 -17.0834 -45.1196 31.2474 -36.9400 4.1174 -27.8647 -48.6345 -5.5414 -42.4993 23.7062 -34.7037 -13.2125 -24.9108 -48.4843 26.3851 -40.2974 16.4937 -32.0928 -38.0670 -20.5837 -46.5360 34.4760 -38.0571 8.6735 -29.1263 -47.7496 -11.8919 -43.4928 26.1713 -35.3655 -7.6684 -25.4832 -48.6103 24.9833 -40.2818 16.0215 -31.7447 -40.8678 -19.1961 -45.7627 32.4374 -37.1225 4.1255 -27.6272 -48.7490 1.3893 -41.5393 20.3814 -33.3443 -29.8929 -22.4468 -47.5574 28.2550 -42.9298 32.5059 -46.6909 -20.0942 -39.8745 -31.8808 16.3019 -40.3587 23.9278 -48.6468 -25.6050 -6.8357 -35.4536 26.4607 -43.5914 -12.3280 -47.6287 -29.2253 8.9655 -38.1362 34.6030 -46.6213 -20.7716 -37.4558 -32.1911 16.7467 -40.3698 25.4200 -48.5281 -25.0405 -12.2143 -34.7952 23.9903 -42.6013 -6.2847 -48.5953 -27.9622 4.5082 -37.0173 31.5119 -45.2151 -17.3418 -44.6897 -30.5584 12.5062
-29.6927 -45.6991 -16.3376 -44.8574 30.5020 -36.7283 3.0111 -27.5930 -48.7139 -3.2585 -42.2236 22.9526 -34.4558 -15.9262 -24.5655 -48.3603 28.5609 -40.1099 15.8793 -31.8657 -39.3392 -20.1768 -46.3623 34.1984 -37.9250 8.2179 -28.9930 -47.8848 -11.4459 -43.4125 25.9961 -35.3314 -7.8259 -25.4832 -48.6173 24.5818 -40.3234 16.2116 -31.8344 -40.3492 -19.4506 -45.8872 32.7975 -37.2502 4.7937 -27.8114 -48.7159 -0.8621 -41.7291 20.9644 -33.5422 -28.2564 -22.5345 -47.3935 34.3288 -40.2866 24.6080 -39.7605 34.8224 -46.2555 -19.8660 -39.6771 -31.9441 16.4742 -40.3988 23.5198 -48.6527 -25.6050 -6.9875 -35.4190 26.2885 -43.5127 -11.9007 -47.7714 -29.0913 8.5192 -38.0025 34.3532 -46.4482 -20.3710 -38.7802 -31.9637 16.1341 -40.1856 27.7499 -48.4101 -24.6979 -14.8923 -34.5481 23.2334 -42.3247 -4.1296 -48.6892 -27.6916 3.4332 -36.8056 30.7756 -44.9541 -16.6166 -45.4472 -29.7956
-46.5349 -15.5260 -44.5915 29.7348 -36.5151 1.8066 -27.3205 -48.7594 -0.5797 -41.9453 22.1994 -34.2024 -18.7691 -24.2029 -48.2193 30.4079 -39.9144 15.2379 -31.6252 -40.5687 -19.7206 -46.1651 33.8295 -37.7706 7.6581 -28.8285 -48.0389 -10.8139 -43.2955 25.7171 -35.2611 -8.3227 -25.4352 -48.6103 24.5818 -40.3373 16.3111 -31.8892 -39.9766 -19.6359 -45.9827 33.0682 -37.3539 5.3370 -27.9718 -48.6710 -2.6838 -41.9277 21.5102 -33.7386 -26.3127 -22.8000 -47.4525 34.7674 -39.2314 15.9935 -35.1115 14.1417 -38.2963 33.9639 -46.1587 -19.9022 -39.3989 -31.9909 16.5654 -40.4114 23.5198 -48.6468 -25.5583 -7.4655 -35.3507 26.0081 -43.3978 -11.2921 -47.9374 -28.9267 7.9682 -37.8481 34.0104 -46.2541 -19.9203 -40.0625 -31.7228 15.4949 -39.9923 29.7436 -48.2748 -24.3408 -17.7006 -34.2975 22.4779 -42.0466 -1.6001 -48.7447 -27.4205 2.2653 -36.5933 30.0150 -44.6882 -15.8310 -46.3299
-15.3688 -44.3200 28.9478 -36.2969 0.4825 -27.0440 -48.7998 2.5310 -41.6716 21.4546 -33.9457 -21.6470 -23.8242 -48.0622 31.9089 -39.7146 14.5760 -31.3744 -41.7237 -19.2137 -45.9508 33.3725 -37.5994 6.9986 -28.6360 -48.2006 -9.9701 -43.1463 25.3424 -35.1593 -9.1647 -25.3393 -48.5890 24.9833 -40.3234 16.3111 -31.9073 -39.7769 -19.7479 -46.0468 33.2593 -37.4330 5.7466 -28.1016 -48.6209 -4.1165 -42.1014 22.0042 -33.9190 -24.3492 -23.0965 -47.5778 34.6848 -38.9657 12.7563 -32.2957 -10.9193 -31.6570 9.3570 -37.7906 33.6858 -46.1639 -19.9703 -39.2294 -32.0068 16.5654 -40.3988 23.9278 -48.6263 -25.4663 -8.2631 -35.2521 25.6329 -43.2501 -10.4963 -48.1124 -28.7355 7.3241 -37.6788 33.5789 -46.0425 -19.4229 -41.2687 -31.4747 14.8348 -39.7921 31.3740 -48.1231 -23.9682 -20.5665 -34.0419 21.7297 -41.7679 1.3496 -48.7869 -27.1467 0.9885 -36.3768 29.2350 -44.4182 -15.6427
-44.1130 28.1480 -36.0707 -0.9852 -26.7581 -48.8319 6.0681 -41.4454 20.7188 -33.6866 -24.4598 -23.4299 -47.8911 33.0794 -39.5111 13.9015 -31.1171 -42.7887 -18.6562 -45.7235 32.8334 -37.4157 6.2507 -28.4223 -48.3566 -8.8918 -42.9651 24.8724 -35.0285 -10.3437 -25.1990 -48.5510 25.7427 -40.2818 16.2116 -31.8892 -39.7769 -19.7852 -46.0801 33.3748 -37.4869 6.0391 -28.2007 -48.5727 -5.1786 -42.2460 22.4316 -34.0768 -22.5163 -23.3748 -47.7108 34.4314 -38.9909 11.9545 -30.8476 -39.2598 -25.5759 -42.9051 -29.6220 7.4883 -37.6561 33.6530 -46.1804 -19.9964 -39.2294 -31.9909 16.4742 -40.3587 24.6950 -48.5913 -25.3325 -9.3688 -35.1242 25.1749 -43.0720 -9.4886 -48.2813 -28.5246 6.5976 -37.4968 33.0670 -45.8184 -18.8863 -42.3762 -31.2198 14.1642 -39.5899 32.6683 -47.9576 -23.5809 -23.4078 -33.7848 20.9937 -41.5253 4.7215 -48.8231 -26.8665 -0.4208 -36.1538 28.4415 -44.2101
27.5567 -35.8212 -2.6292 -26.4616 -48.8317 9.9029 -41.2587 19.9918 -33.4259 -27.1528 -23.0205 -47.7077 33.9423 -39.3039 13.2167 -30.8564 -43.7475 -18.0534 -45.4836 32.2217 -37.2233 5.4193 -28.1910 -48.4944 -7.5650 -42.7581 24.3289 -34.8682 -11.8746 -25.0172 -48.4963 26.7746 -40.2129 16.0215 -31.8344 -39.9766 -19.7479 -46.0801 33.4135 -37.5157 6.2200 -28.2687 -48.5326 -5.9449 -42.3612 22.7841 -34.2091 -20.9107 -23.6149 -47.8303 34.0541 -39.1019 12.0555 -30.4119 -44.5163 -20.3129 -48.3911 -18.5632 -47.4542 -28.8179 6.9336 -37.6290 33.6582 -46.1804 -19.9703 -39.3989 -31.9441 16.3019 -40.2943 25.7298 -48.5426 -25.1609 -10.7881 -34.9711 24.6488 -42.8708 -8.2644 -48.4309 -28.3032 5.8048 -37.3091 32.4931 -45.5862 -18.3120 -43.3673 -30.9647 13.4930 -39.3874 33.6350 -47.7811 -23.1846 -26.1141 -33.5322 20.2746 -41.3304 8.3825 -48.8334 -26.5797 -1.9792 -35.9107 27.8511
-35.2407 -4.4843 -26.1527 -48.8028 13.8138 -41.0656 19.2725 -33.1639 -29.6769 -22.5966 -47.5114 34.5248 -39.0935 12.5176 -30.5919 -44.6035 -17.4029 -45.2347 31.5541 -37.0238 4.4973 -27.9481 -48.6071 -5.9460 -42.5331 23.7325 -34.6841 -13.7430 -24.7918 -48.4242 27.9842 -40.1192 15.7472 -31.7447 -40.3492 -19.6359 -46.0468 33.3748 -37.5157 6.2815 -28.3036 -48.5055 -6.4531 -42.4468 23.0585 -34.3138 -19.5743 -23.8148 -47.9295 33.6077 -39.2269 12.4138 -30.3953 -45.4079 -17.4252 -46.2111 25.7007 -45.4124 -12.9469 -48.1752 -28.5828 6.8281 -37.6290 33.6531 -46.1639 -19.9032 -39.6771 -31.8808 16.0780 -40.2179 26.8691 -48.4799 -24.9674 -12.4245 -34.8104 24.0986 -42.6652 -6.8830 -48.5502 -28.0849 4.9835 -37.1262 31.8943 -45.3571 -17.7263 -44.2066 -30.7268 12.8486 -39.1955 34.2886 -47.6020 -22.8013 -28.5224 -33.2951 19.6021 -41.1575 12.0093 -48.8138 -26.3002 -3.6355 -35.3562
-7.1684 -25.8336 -48.7476 17.6052 -40.8691 18.5604 -32.9007 -32.0067 -22.1574 -47.3051 34.8583 -38.8821 11.8037 -30.3246 -45.3606 -16.6981 -44.9802 30.8429 -36.8211 3.4837 -27.6967 -48.6908 -3.9886 -42.2927 23.0926 -34.4812 -15.9138 -24.5288 -48.3313 29.2975 -40.0031 15.3937 -31.6242 -40.8678 -19.4506 -45.9827 33.2593 -37.4869 6.2200 -28.3036 -48.4956 -6.7032 -42.5002 23.2477 -34.3919 -18.5428 -23.9732 -48.0092 33.1496 -39.3387 12.8010 -30.5045 -45.3498 -16.5439 -45.1688 34.2756 -40.5710 32.4763 -43.7756 -10.0945 -48.2917 -28.5839 6.9350 -37.6566 33.6890 -46.1589 -19.8671 -39.8732 -31.8476 15.8942 -40.1583 27.7794 -48.4163 -24.8087 -13.8660 -34.6855 23.6413 -42.4926 -5.5812 -48.6282 -27.9172 4.2620 -36.9768 31.3787 -45.1649 -17.2275 -44.8189 -30.5477 12.3214 -39.0423 34.6529 -47.4470 -22.4882 -30.3587 -33.1163 19.0692 -41.0211 14.9631 -48.7716 -26.0824 -5.6151
-24.9219 -48.6688 21.1168 -40.6708 17.8533 -32.6364 -34.1368 -21.7014 -47.0910 34.9766 -38.6701 11.0778 -30.0561 -46.0208 -15.9351 -44.7196 30.0965 -36.6151 2.3716 -27.4376 -48.7435 -1.6349 -42.0396 22.4201 -34.2613 -18.3238 -24.2327 -48.2176 30.6103 -39.8647 14.9678 -31.4756 -41.4968 -19.1961 -45.8872 33.0682 -37.4330 6.0391 -28.2687 -48.5054 -6.7035 -42.5189 23.3482 -34.4431 -17.7825 -24.0939 -48.0697 32.7140 -39.4332 13.1352 -30.6322 -45.0405 -16.5683 -44.8749 31.4072 -38.0384 16.8722 -37.4386 27.7253 -43.3151 -10.1090 -48.1734 -28.8209 7.4952 -37.7928 33.9688 -46.2571 -20.0972 -39.4050 -31.9804 16.0412 -40.2094 27.5790 -48.3943 -24.8543 -13.9193 -34.7148 23.5826 -42.4612 -5.3123 -48.6418 -27.9382 4.0899 -36.9503 31.2594 -45.1116 -17.1117 -44.9634 -30.5593 12.1872 -39.0154 34.7396 -47.3912 -22.4326 -30.7894 -33.1242 18.9430 -41.0082 15.6641 -48.7239 -25.4960
-48.5191 24.2411 -40.4700 17.1508 -32.3712 -36.0684 -21.2279 -46.8694 34.9107 -38.4576 10.3366 -29.7875 -46.5884 -15.1027 -44.4541 29.3299 -36.4026 1.1341 -27.1733 -48.7843 1.1641 -41.7770 21.7260 -34.0294 -20.8728 -23.9051 -48.0853 31.8276 -39.7063 14.4760 -31.2994 -42.2075 -18.8710 -45.7626 32.7975 -37.3540 5.7472 -28.2019 -48.5324 -6.4549 -42.5014 23.3494 -34.4627 -17.2674 -24.2167 -48.1192 32.3080 -39.5058 13.4080 -30.7280 -44.6959 -16.8742 -44.8772 30.4522 -37.0239 8.8473 -33.0579 7.4395 -36.4535 27.7431 -43.7823 -12.9739 -47.4449 -29.6307 9.3785 -38.3022 34.8293 -46.6965 -21.1957 -36.1772 -32.6293 17.3336 -40.6297 22.9153 -48.4827 -25.5549 -9.5736 -35.1685 24.8248 -42.8845 -8.2861 -48.4413 -28.5234 5.6416 -37.3026 32.3620 -45.4729 -18.1789 -43.6638 -31.1254 13.2620 -39.3770 33.9972 -47.6215 -23.1634 -26.9702 -33.6464 20.0624 -41.3774 9.4910 -48.7602
20.9064 -40.2064 16.4495 -32.1058 -37.8056 -20.7346 -46.6413 34.6912 -38.2453 9.5775 -29.5191 -47.0714 -14.1926 -44.1864 28.5505 -36.1828 -0.2464 -26.8994 -48.8207 4.3961 -41.5419 21.0289 -33.7898 -23.4741 -23.5545 -47.9369 32.8728 -39.5357 13.9314 -31.1008 -42.9631 -18.4729 -45.6123 32.4441 -37.2503 5.3406 -28.1045 -48.5720 -5.9658 -42.4490 23.2529 -34.4468 -17.2613 -24.3033 -48.2743 31.7279 -39.5073 13.5250 -30.9254 -44.5835 -17.3409 -45.0516 30.5468 -36.6851 4.7456 -30.4906 -27.0330 -30.9966 7.8272 -37.4558 32.5236 -45.4256 -18.6032 -42.8364 -31.6757 14.1873 -39.7754 32.4219 -47.8367 -24.1278 -21.0897 -34.2595 21.7666 -41.9661 1.0232 -48.7650 -27.7217 1.3633 -36.5169 29.5355 -44.4003 -15.3745 -46.4574 -30.4119 10.5369 -38.6233 35.0741 -46.6933 -21.5507 -35.5429 -32.8589 17.3606 -40.7020 23.6477 -48.4513 -25.6213 -10.4556 -35.1118 24.5565 -42.8272 -10.0516
-39.9299 15.7571 -31.8429 -39.3512 -20.2262 -46.4098 34.3480 -38.0366 8.8032 -29.2555 -47.4746 -13.2019 -43.9209 27.7691 -35.9588 -1.7700 -26.6162 -48.8341 7.9595 -41.3505 20.3357 -33.5470 -26.0161 -23.1871 -47.7743 33.7047 -39.3586 13.3530 -30.8904 -43.7122 -18.0141 -45.4392 32.0143 -37.1284 4.8186 -27.9790 -48.6184 -5.2457 -42.3679 23.0792 -34.4010 -17.7191 -24.1898 -48.1624 31.8778 -39.7091 13.5092 -31.0808 -43.6218 -17.5346 -45.0921 30.5783 -36.7225 3.7490 -29.2502 -42.9383 -27.1296 -26.4846 -32.9937 16.9806 -40.5975 25.3645 -48.4058 -25.6204 -10.5928 -35.1399 24.7026 -42.9596 -8.2616 -48.4280 -29.0448 5.8456 -37.4235 32.6156 -45.2386 -18.5037 -43.2886 -31.6269 13.5579 -39.5728 33.8019 -47.5634 -23.5423 -25.8068 -33.8584 20.3835 -41.6273 8.2044 -48.7705 -27.1842 -1.7244 -36.0679 27.8396 -43.8300 -13.2928 -47.4532 -30.0505 8.9065 -38.1966 34.5756 -46.1893
