-32.0141 -35.2387 -20.8455 -46.5310 33.3614 -37.4254 6.5670 -27.7333 -48.6299 -7.5887 -42.2331 22.0965 -33.4134 -26.7137 -22.4238 -47.3758 32.9785 -38.3240 9.9768 -28.8633 -47.7942 -12.7949 -43.3254 25.2406 -34.4894 -14.9421 -23.9248 -48.1188 28.3141 -39.2520 13.0539 -30.0042 -45.8743 -16.1776 -44.4062 28.4108 -35.5127 -4.7734 -25.2766 -48.6293 17.2433 -40.1758 15.9850 -31.1372 -42.3186 -18.6590 -45.4543 31.3113 -36.4547 1.8510 -26.5131 -48.7845 1.7199 -41.3361 21.1898 -34.7709 7.4459 -34.3470 18.9935 -40.5632 14.7185 -48.6617 -25.3982 -4.0491 -35.5996 28.6847 -44.5008 -16.4251 -45.6357 -30.1057 13.3167 -39.3343 27.6138 -48.1748 -24.0493 -13.9119 -34.5829 25.5231 -43.4218 -13.1542 -47.6741 -28.9665 10.2650 -38.4077 32.7702 -47.4508 -22.5671 -25.7206 -33.5109 22.3722 -42.3307 -8.1755 -48.5881 -27.8349 6.9037 -37.5080 33.4405 -46.6140 -21.0040 -34.5247 -32.1160
-35.2387 -21.3080 -46.7227 34.4871 -37.8753 7.4817 -28.5520 -48.4288 -6.6434 -42.3722 22.5964 -34.0698 -23.0541 -23.2295 -47.6100 34.7176 -38.7374 10.7076 -29.6538 -47.2836 -12.6370 -43.5066 25.7723 -35.1047 -11.3591 -24.8104 -48.3168 30.9360 -39.5968 13.6623 -30.7609 -44.8900 -16.4246 -44.6202 29.0362 -36.0788 -2.4433 -26.1905 -48.7552 20.7516 -40.4280 16.5244 -31.8618 -40.6401 -19.1592 -45.6916 32.1167 -36.9640 3.2693 -27.3861 -48.7895 5.0223 -41.2848 20.1125 -33.9077 -10.3282 -29.5536 -15.3182 -33.1747 17.6117 -40.5783 19.2000 -48.7762 -26.3044 -1.8257 -36.1600 29.3195 -44.7181 -16.7008 -44.6022 -30.8592 13.9190 -39.6708 30.3279 -48.3687 -24.9399 -10.4212 -35.1948 26.0616 -43.6058 -13.0449 -47.1283 -29.7532 10.9828 -38.8161 34.5765 -47.6832 -23.3815 -22.0169 -34.1632 22.8742 -42.4737 -7.3299 -48.3652 -28.6510 7.7960 -37.9526 34.6139 -46.8066 -21.4812 -34.5247
-20.8455 -46.7227 34.6115 -38.0320 8.1072 -28.7698 -48.2586 -8.3225 -42.6402 23.3412 -34.3324 -20.1907 -23.6308 -47.8007 34.2633 -38.9892 11.4479 -29.9243 -46.8350 -13.7053 -43.7812 26.5658 -35.3624 -8.8279 -25.1623 -48.4524 29.1208 -39.8557 14.3634 -31.0333 -44.0485 -17.1663 -44.8881 29.8241 -36.3224 -0.8060 -26.4976 -48.8072 17.1733 -40.6946 17.2286 -32.1345 -39.2153 -19.7327 -45.9444 32.7902 -37.2020 4.3655 -27.6552 -48.7496 1.7539 -41.5099 20.3552 -33.5358 -23.8291 -25.5911 -48.0454 -24.9375 -31.5209 -32.6290 17.7232 -40.7868 15.7500 -48.8199 -26.6068 -0.2567 -36.4026 30.1045 -44.9843 -17.4218 -43.7161 -31.1303 14.6207 -39.9316 28.3626 -48.4988 -25.2885 -7.9678 -35.4515 26.8567 -43.8797 -14.0675 -46.6512 -30.0219 11.7136 -39.0685 34.0265 -47.8691 -23.7763 -19.1375 -34.4256 23.6206 -42.7407 -8.9230 -48.1788 -28.8689 8.4130 -38.1104 34.7216 -46.8066 -21.0040
-46.5310 34.4871 -38.0320 8.3413 -28.9004 -48.1095 -9.5250 -42.8720 24.0231 -34.5665 -17.4227 -24.0084 -47.9764 33.5531 -39.1980 12.1636 -30.1914 -46.3102 -14.6653 -44.0527 27.3591 -35.6025 -6.5354 -25.5034 -48.5704 26.8891 -40.0621 15.0616 -31.3025 -43.0911 -17.8542 -45.1519 30.5921 -36.5409 0.6534 -26.7946 -48.8324 13.3247 -40.8943 17.9372 -32.4034 -37.6181 -20.2775 -46.1927 33.4042 -37.4168 5.3830 -27.9291 -48.6984 -1.2600 -41.7376 20.9487 -33.5824 -26.7060 -23.6219 -48.4514 -11.0310 -48.1979 -22.3487 -34.8443 -32.6170 18.2570 -40.9704 11.8864 -48.8350 -26.9002 1.1441 -36.6200 30.8680 -45.2459 -18.0913 -42.7084 -31.3987 15.3163 -40.1392 25.9594 -48.6097 -25.6262 -5.7579 -35.6897 27.6502 -44.1508 -14.9901 -46.0944 -30.2893 12.4243 -39.2763 33.2104 -48.0397 -24.1482 -16.3661 -34.6591 24.3026 -42.9719 -10.0658 -48.0158 -28.9997 8.6446 -38.1104 34.6139 -46.6140
33.3614 -37.8753 8.1072 -28.9004 -48.0485 -10.1589 -43.0328 24.5613 -34.7611 -15.0123 -24.3435 -48.1314 32.5957 -39.3990 12.8514 -30.4521 -45.7068 -15.5269 -44.3202 28.1499 -35.8378 -4.4777 -25.8328 -48.6692 24.2154 -40.2673 15.7579 -31.5699 -42.0051 -18.4945 -45.4104 31.3350 -36.7540 1.9633 -27.0787 -48.8290 9.4062 -41.0886 18.6486 -32.6698 -35.8492 -20.7949 -46.4347 33.9408 -37.6300 6.3321 -28.2013 -48.6090 -3.8585 -42.0151 21.6537 -33.7772 -25.7722 -23.1258 -47.8457 23.6912 -43.3977 28.5092 -47.2609 -21.5718 -34.4899 -32.7978 18.9195 -41.1601 7.9788 -48.8195 -27.1811 2.4086 -36.8320 31.6016 -45.5034 -18.7178 -41.5713 -31.6661 16.0094 -40.3422 23.1154 -48.7013 -25.9509 -3.7844 -35.9234 28.4413 -44.4180 -15.8275 -45.4563 -30.5513 13.1095 -39.4772 32.1405 -48.1904 -24.4793 -13.9802 -34.8523 24.8443 -43.1324 -10.6693 -47.9486 -28.9997 8.4130 -37.9526 33.4405
-37.4254 7.4817 -28.7698 -48.1095 -10.1589 -43.0910 24.8611 -34.8922 -13.2117 -24.6119 -48.2570 31.4692 -39.5854 13.4991 -30.7039 -45.0307 -16.2991 -44.5810 28.9266 -36.0666 -2.6548 -26.1497 -48.7474 21.1220 -40.4698 16.4516 -31.8368 -40.7758 -19.0975 -45.6653 32.0466 -36.9655 3.1558 -27.3539 -48.7936 5.6133 -41.2799 19.3613 -32.9339 -33.8928 -21.2865 -46.6692 34.3864 -37.8431 7.2232 -28.4716 -48.4778 -6.0604 -42.2940 22.3946 -34.0168 -23.5578 -23.2459 -47.7158 32.9576 -40.6728 26.2805 -40.2989 34.8954 -46.9926 -21.6355 -32.9291 -33.0372 19.6234 -41.3482 4.2905 -48.7824 -27.4548 3.5683 -37.0442 32.2999 -45.7570 -19.3091 -40.2853 -31.9328 16.7037 -40.5441 19.8796 -48.7708 -26.2635 -2.0346 -36.1493 29.2167 -44.6786 -16.5797 -44.7435 -30.8029 13.7537 -39.6640 30.8932 -48.3115 -24.7446 -12.2244 -34.9828 25.1451 -43.1908 -10.6693 -48.0158 -28.8689 7.7960 -37.5080
6.5670 -28.5520 -48.2586 -9.5250 -43.0328 24.8611 -34.9387 -12.2432 -24.7877 -48.3454 30.3532 -39.7457 14.0698 -30.9354 -44.3061 -16.9859 -44.8302 29.6740 -36.2840 -1.0535 -26.4519 -48.8026 17.6765 -40.6695 17.1425 -32.1032 -39.3898 -19.6681 -45.9160 32.7160 -37.1776 4.2523 -27.6256 -48.7529 2.1381 -41.4674 20.0812 -33.1969 -31.7389 -21.7580 -46.8971 34.7228 -38.0561 8.0709 -28.7418 -48.2993 -7.9398 -42.5719 23.1496 -34.2693 -20.8762 -23.5622 -47.7978 33.8522 -39.6058 17.3203 -35.6272 16.0243 -38.9729 34.9968 -47.0494 -21.9745 -30.8441 -33.2939 20.3451 -41.5524 0.9631 -48.7400 -27.7259 4.6363 -37.2567 32.9519 -46.0064 -19.8694 -38.8386 -32.1990 17.3995 -40.7421 16.3141 -48.8158 -26.5619 -0.4938 -36.3638 29.9601 -44.9274 -17.2461 -43.9811 -31.0340 14.3273 -39.8222 29.6750 -48.3956 -24.9179 -11.2855 -35.0298 25.1451 -43.1324 -10.0658 -48.1788 -28.6510 6.9037
-27.7333 -48.4288 -8.3225 -42.8720 24.5613 -34.8922 -12.2432 -24.8488 -48.3912 29.5121 -39.8644 14.5271 -31.1300 -43.5892 -17.5748 -45.0603 30.3678 -36.4858 0.3398 -26.7363 -48.8311 13.9913 -40.8639 17.8321 -32.3661 -37.8438 -20.2099 -46.1619 33.3298 -37.3901 5.2687 -27.8964 -48.7061 -0.9219 -41.6998 20.8093 -33.4587 -29.3864 -22.2115 -47.1183 34.9269 -38.2692 8.8837 -29.0117 -48.0692 -9.5562 -42.8490 23.9150 -34.5229 -18.0255 -23.9305 -47.9466 33.5402 -39.3552 14.0499 -32.8116 -5.3425 -32.3882 11.9202 -38.6139 34.9854 -47.2162 -22.3870 -28.4547 -33.5539 21.0757 -41.8022 -1.9355 -48.6801 -27.9964 5.6248 -37.4691 33.5433 -46.2503 -20.4011 -37.2295 -32.4633 18.0914 -40.9334 12.5543 -48.8351 -26.8414 0.8473 -36.5646 30.6480 -45.1563 -17.8198 -43.2285 -31.2289 14.7856 -39.9385 28.7715 -48.4389 -24.9783 -11.2855 -34.9828 24.8443 -42.9719 -8.9230 -48.3652 -27.8349
-48.6299 -6.6434 -42.6402 24.0231 -34.7611 -13.2117 -24.7877 -48.3912 29.1959 -39.9279 14.8310 -31.2733 -42.9632 -18.0410 -45.2614 30.9819 -36.6695 1.5334 -26.9961 -48.8339 10.2813 -41.0497 18.5158 -32.6232 -36.1420 -20.7201 -46.4007 33.8725 -37.6019 6.2136 -28.1665 -48.6219 -3.5508 -41.9785 21.5461 -33.7191 -26.8437 -22.6493 -47.3315 34.9729 -38.4834 9.6672 -29.2809 -47.7834 -10.9639 -43.1251 24.6889 -34.7745 -15.1559 -24.3048 -48.1074 32.7256 -39.4186 13.3358 -31.3781 -35.6885 -26.5105 -38.8480 -30.6179 10.8180 -38.6414 34.9341 -47.4116 -22.8086 -25.8585 -33.8137 21.8164 -42.0808 -4.4154 -48.5814 -28.2665 6.5521 -37.6804 34.0549 -46.4872 -20.9051 -35.4529 -32.7210 18.7760 -41.1189 8.8595 -48.8284 -27.0978 1.9982 -36.7466 31.2512 -45.3552 -18.2772 -42.5724 -31.3719 15.0849 -40.0017 28.4321 -48.4389 -24.9179 -12.2244 -34.8523 24.3026 -42.7407 -7.3299 -48.5881
-7.5887 -42.3722 23.3412 -34.5665 -15.0123 -24.6119 -48.3454 29.5121 -39.9279 14.9387 -31.3511 -42.5256 -18.3705 -45.4184 31.4819 -36.8269 2.5218 -27.2256 -48.8134 6.8330 -41.2244 19.1808 -32.8745 -34.2945 -21.1981 -46.6304 34.3241 -37.8126 7.0977 -28.4351 -48.4973 -5.7900 -42.2568 22.2920 -33.9778 -24.1364 -23.0718 -47.5356 34.8302 -38.6970 10.4257 -29.5500 -47.4351 -12.2035 -43.4001 25.4707 -35.0235 -12.3861 -24.6720 -48.2622 31.4945 -39.5839 13.5879 -30.9752 -42.5370 -21.4887 -48.6721 -20.5592 -45.2484 -30.0510 10.9550 -38.7969 34.7180 -47.6097 -23.2233 -23.0946 -34.0727 22.5662 -42.3589 -6.5282 -48.4401 -28.5337 7.4207 -37.8897 34.4687 -46.7155 -21.3778 -33.5307 -32.9703 19.4447 -41.2943 5.4958 -48.7975 -27.3256 2.9503 -36.9032 31.7429 -45.5110 -18.5973 -42.1142 -31.4496 15.1898 -40.0017 28.7715 -48.3956 -24.7446 -13.9802 -34.6591 23.6206 -42.4737 -8.1755
-42.2331 22.5964 -34.3324 -17.4227 -24.3435 -48.2570 30.3532 -39.8644 14.8310 -31.3511 -42.3657 -18.5438 -45.5181 31.8333 -36.9493 3.2833 -27.4210 -48.7792 3.8846 -41.3851 19.8152 -33.1129 -32.3388 -21.6459 -46.8497 34.6669 -38.0191 7.9289 -28.6999 -48.3290 -7.6913 -42.5330 23.0466 -34.2343 -21.3102 -23.4792 -47.7299 34.4663 -38.9084 11.1653 -29.8188 -47.0175 -13.3076 -43.6741 26.2601 -35.2692 -9.7843 -25.0292 -48.4030 29.8530 -39.7794 14.1506 -31.0235 -43.5695 -18.8659 -46.7279 15.9963 -46.2822 -16.8631 -46.2323 -30.0412 11.5040 -38.9926 34.2716 -47.7993 -23.6267 -20.2289 -34.3276 23.3234 -42.6346 -8.3227 -48.2542 -28.7973 8.2361 -38.0964 34.7689 -46.9324 -21.8166 -31.5199 -33.2082 20.0781 -41.4548 2.6423 -48.7639 -27.5207 3.6899 -37.0269 32.0873 -45.6102 -18.7661 -41.9474 -31.4496 15.0849 -39.9385 29.6750 -48.3115 -24.4793 -16.3661 -34.4256 22.8742 -42.3307
22.0965 -34.0698 -20.1907 -24.0084 -48.1314 31.4692 -39.7457 14.5271 -31.2733 -42.5256 -18.5438 -45.5525 32.0163 -37.0286 3.8031 -27.5726 -48.7524 1.5428 -41.5344 20.3952 -33.3311 -30.3530 -22.0559 -47.0536 34.8872 -38.2200 8.7105 -28.9591 -48.1153 -9.3094 -42.8055 23.8006 -34.4863 -18.4297 -23.8714 -47.9124 33.8504 -39.1190 11.8896 -30.0875 -46.5231 -14.3018 -43.9465 27.0537 -35.5113 -7.3880 -25.3750 -48.5275 27.7928 -39.9828 14.8044 -31.2239 -43.2099 -18.2036 -45.7604 35.0505 -41.2200 34.5763 -44.9881 -15.6592 -46.1184 -30.2236 12.1728 -39.1987 33.5565 -47.9777 -24.0134 -17.3492 -34.5787 24.0846 -42.9073 -9.8523 -48.0210 -29.0574 9.0057 -38.2977 34.9393 -47.1340 -22.2186 -29.4808 -33.4262 20.6577 -41.6205 0.3949 -48.7390 -27.6715 4.1952 -37.1057 32.2635 -45.6441 -18.7661 -42.1142 -31.3719 14.7856 -39.8222 30.8932 -48.1904 -24.1482 -19.1375 -34.1632 22.3722
-33.4134 -23.0541 -23.6308 -47.9764 32.5957 -39.5854 14.0698 -31.1300 -42.9632 -18.3705 -45.5181 32.0163 -37.0561 4.0710 -27.6688 -48.7353 -0.1315 -41.6820 20.8890 -33.5221 -28.4462 -22.4197 -47.2369 34.9753 -38.4123 9.4401 -29.2109 -47.8558 -10.6928 -43.0740 24.5518 -34.7326 -15.5920 -24.2486 -48.0817 32.9529 -39.3288 12.6019 -30.3560 -45.9439 -15.2047 -44.2173 27.8494 -35.7491 -5.2300 -25.7089 -48.6339 25.2967 -40.1874 15.4866 -31.4714 -42.3612 -18.4234 -45.5325 33.0782 -38.5939 18.9490 -38.2034 31.0021 -44.6180 -15.8100 -45.6420 -30.4656 12.8673 -39.4062 32.5420 -48.1428 -24.3848 -14.5456 -34.8251 24.8383 -43.1747 -11.1708 -47.7394 -29.3100 9.7240 -38.4903 34.9729 -47.3152 -22.5775 -27.5240 -33.6167 21.1563 -41.7849 -1.1831 -48.7160 -27.7662 4.4505 -37.1319 32.2635 -45.6102 -18.5973 -42.5724 -31.2289 14.3273 -39.6640 32.1405 -48.0397 -23.7763 -22.0169 -33.5109
-26.7137 -23.2295 -47.8007 33.5531 -39.3990 13.4991 -30.9354 -43.5892 -18.0410 -45.4184 31.8333 -37.0286 4.0710 -27.7018 -48.7235 -1.1250 -41.8046 21.2741 -33.6761 -26.7474 -22.7283 -47.3966 34.9368 -38.5904 10.1097 -29.4510 -47.5533 -11.8796 -43.3340 25.2988 -34.9732 -12.8857 -24.6094 -48.2372 31.7405 -39.5354 13.3017 -30.6236 -45.2721 -16.0298 -44.4859 28.6428 -35.9817 -3.3112 -26.0317 -48.7199 22.3606 -40.3907 16.1789 -31.7336 -41.2489 -18.9151 -45.6319 32.4101 -37.5371 10.4859 -33.4021 9.0644 -36.9002 29.8439 -44.6758 -16.4001 -44.9778 -30.7259 13.5598 -39.6143 31.2031 -48.2922 -24.7417 -11.8964 -35.0637 25.5822 -43.4341 -12.3084 -47.4140 -29.5501 10.3861 -38.6695 34.8773 -47.4718 -22.8830 -25.7833 -33.7712 21.5431 -41.9065 -2.1123 -48.7013 -27.7991 4.4505 -37.1057 32.0873 -45.5110 -18.2772 -43.2285 -31.0340 13.7537 -39.4772 33.2104 -47.8691 -23.3815 -25.7206
-22.4238 -47.6100 34.2633 -39.1980 12.8514 -30.7039 -44.3061 -17.5748 -45.2614 31.4819 -36.9493 3.8031 -27.6688 -48.7235 -1.4566 -41.8683 21.5209 -33.7865 -25.3890 -22.9718 -47.5276 34.7989 -38.7494 10.7036 -29.6733 -47.2179 -12.8900 -43.5818 26.0236 -35.2037 -10.3758 -24.9520 -48.3768 30.1964 -39.7389 13.9865 -30.8879 -44.5038 -16.7868 -44.7510 29.4239 -36.2087 -1.6005 -26.3435 -48.7837 19.0097 -40.5919 16.8739 -31.9998 -39.9373 -19.4640 -45.8373 32.6466 -37.3005 6.6983 -30.3312 -30.7568 -29.9166 3.7497 -36.5605 29.9932 -44.8765 -17.0796 -44.1789 -30.9891 14.2410 -39.8168 29.5200 -48.4259 -25.0810 -9.4628 -35.2926 26.3112 -43.6833 -13.2831 -47.0557 -29.7724 10.9741 -38.8286 34.6836 -47.6006 -23.1237 -24.3949 -33.8805 21.7910 -41.9698 -2.4272 -48.7013 -27.7662 4.1952 -37.0269 31.7429 -45.3552 -17.8198 -43.9811 -30.8029 13.1095 -39.2763 34.0265 -47.6832 -22.5671
-47.3758 34.7176 -38.9892 12.1636 -30.4521 -45.0307 -16.9859 -45.0603 30.9819 -36.8269 3.2833 -27.5726 -48.7353 -1.1250 -41.8683 21.6034 -33.8439 -24.5124 -23.1410 -47.6243 34.6087 -38.8822 11.2057 -29.8695 -46.8676 -13.7387 -43.8129 26.7152 -35.4204 -8.1378 -25.2745 -48.4977 28.3201 -39.9383 14.6571 -31.1485 -43.6378 -17.4843 -45.0119 30.1873 -36.4287 -0.0822 -26.6440 -48.8227 15.3217 -40.7907 17.5730 -32.2662 -38.4493 -20.0091 -46.0724 33.1510 -37.3702 5.7737 -28.7944 -46.4678 -22.6953 -47.3214 -28.0428 2.0298 -36.5955 30.5626 -45.1177 -17.7459 -43.2736 -31.2481 14.9112 -40.0148 27.4869 -48.5413 -25.4000 -7.3009 -35.5090 27.0043 -43.9148 -14.1037 -46.6850 -29.9684 11.4732 -38.9617 34.4435 -47.6958 -23.2904 -23.5052 -33.9368 21.8766 -41.9698 -2.1123 -48.7160 -27.6715 3.6899 -36.9032 31.2512 -45.1563 -17.2461 -44.7435 -30.5513 12.4243 -39.0685 34.5765 -47.4508
32.9785 -38.7374 11.4479 -30.1914 -45.7068 -16.2991 -44.8302 30.3678 -36.6695 2.5218 -27.4210 -48.7524 -0.1315 -41.8046 21.5209 -33.8439 -24.2143 -23.2278 -47.6838 34.4303 -38.9841 11.6058 -30.0340 -46.5286 -14.4338 -44.0209 27.3535 -35.6209 -6.2041 -25.5727 -48.5991 26.1210 -40.1310 15.3145 -31.4048 -42.6632 -18.1290 -45.2654 30.9277 -36.6396 1.2765 -26.9307 -48.8349 11.4418 -40.9865 18.2754 -32.5318 -36.7785 -20.5341 -46.3131 33.6875 -37.5392 6.1191 -28.3853 -48.2047 -15.4208 -47.1914 -13.8390 -48.6469 -27.5048 2.3068 -36.7515 31.2398 -45.3648 -18.3673 -42.2611 -31.5026 15.5696 -40.2068 25.1463 -48.6369 -25.6954 -5.4425 -35.7086 27.6445 -44.1205 -14.7704 -46.3282 -30.1325 11.8723 -39.0625 34.2268 -47.7537 -23.3759 -23.2027 -33.9368 21.7910 -41.9065 -1.1831 -48.7390 -27.5207 2.9503 -36.7466 30.6480 -44.9274 -16.5797 -45.4563 -30.2893 11.7136 -38.8161 32.7702
-38.3240 10.7076 -29.9243 -46.3102 -15.5269 -44.5810 29.6740 -36.4858 1.5334 -27.2256 -48.7792 1.5428 -41.6820 21.2741 -33.7865 -24.5124 -23.2278 -47.7036 34.3244 -39.0462 11.8858 -30.1598 -46.2281 -14.9795 -44.1986 27.9134 -35.7989 -4.5789 -25.8433 -48.6807 23.6866 -40.3143 15.9494 -31.6529 -41.5873 -18.7253 -45.5118 31.6341 -36.8456 2.5028 -27.2030 -48.8177 7.6064 -41.1782 18.9830 -32.7950 -34.9293 -21.0366 -46.5501 34.1720 -37.7401 6.8490 -28.4352 -48.4051 -10.3131 -44.4980 34.6898 -44.1378 -6.3943 -48.7313 -27.5435 3.2141 -36.9434 31.9191 -45.6074 -18.9457 -41.1356 -31.7515 16.2057 -40.3903 22.5604 -48.7115 -25.9628 -3.8833 -35.8850 28.2066 -44.2967 -15.2989 -46.0081 -30.2599 12.1487 -39.1238 34.1013 -47.7734 -23.3759 -23.5052 -33.8805 21.5431 -41.7849 0.3949 -48.7639 -27.3256 1.9982 -36.5646 29.9601 -44.6786 -15.8275 -46.0944 -30.0219 10.9828 -38.4077
9.9768 -29.6538 -46.8350 -14.6653 -44.3202 28.9266 -36.2840 0.3398 -26.9961 -48.8134 3.8846 -41.5344 20.8890 -33.6761 -25.3890 -23.1410 -47.6838 34.3244 -39.0657 12.0239 -30.2370 -45.9998 -15.3784 -44.3410 28.3811 -35.9487 -3.2650 -26.0815 -48.7420 21.1328 -40.4855 16.5550 -31.8902 -40.4278 -19.2717 -45.7498 32.2959 -37.0483 3.6099 -27.4675 -48.7803 4.0307 -41.3661 19.6902 -33.0561 -32.8911 -21.5148 -46.7807 34.5655 -37.9497 7.6647 -28.6388 -48.3384 -8.7883 -43.3083 30.1769 -39.5589 30.0508 -43.1202 -5.2246 -48.7000 -27.7596 4.2038 -37.1411 32.5571 -45.8433 -19.4836 -39.9183 -31.9895 16.8138 -40.5609 19.8607 -48.7662 -26.1964 -2.6246 -36.0340 28.6699 -44.4396 -15.6908 -45.7617 -30.3384 12.2874 -39.1439 34.1013 -47.7537 -23.2904 -24.3949 -33.7712 21.1563 -41.6205 2.6423 -48.7975 -27.0978 0.8473 -36.3638 29.2167 -44.4180 -14.9901 -46.6512 -29.7532 10.2650
-28.8633 -47.2836 -13.7053 -44.0527 28.1499 -36.0666 -1.0535 -26.7363 -48.8339 6.8330 -41.3851 20.3952 -33.5221 -26.7474 -22.9718 -47.6243 34.4303 -39.0462 12.0239 -30.2625 -45.8810 -15.6180 -44.4420 28.7380 -36.0678 -2.2533 -26.2802 -48.7843 18.6040 -40.6400 17.1168 -32.1130 -39.2044 -19.7687 -45.9752 32.8965 -37.2454 4.6133 -27.7270 -48.7387 0.8313 -41.5664 20.3948 -33.3145 -30.6776 -21.9712 -47.0034 34.8393 -38.1600 8.4800 -28.8907 -48.1636 -9.3869 -43.0395 26.4087 -36.9456 15.0196 -37.6314 29.6644 -43.4702 -7.3329 -48.6221 -27.9962 5.1267 -37.3341 33.1341 -46.0670 -19.9718 -38.6413 -32.2122 17.3771 -40.7138 17.2633 -48.8028 -26.3914 -1.6564 -36.1513 29.0286 -44.5414 -15.9246 -45.6364 -30.3637 12.2874 -39.1238 34.2268 -47.6958 -23.1237 -25.7833 -33.6167 20.6577 -41.4548 5.4958 -48.8284 -26.8414 -0.4938 -36.1493 28.4413 -44.1508 -14.0675 -47.1283 -28.9665
-47.7942 -12.6370 -43.7812 27.3591 -35.8378 -2.6548 -26.4519 -48.8311 10.2813 -41.2244 19.8152 -33.3311 -28.4462 -22.7283 -47.5276 34.6087 -38.9841 11.8858 -30.2370 -45.8810 -15.6959 -44.4926 28.9604 -36.1513 -1.5307 -26.4344 -48.8113 16.3011 -40.7733 17.6184 -32.3152 -37.9647 -20.2168 -46.1852 33.4224 -37.4356 5.5196 -27.9775 -48.6822 -1.9282 -41.8070 21.1011 -33.5676 -28.3044 -22.4077 -47.2160 34.9698 -38.3715 9.2699 -29.1548 -47.9125 -10.6116 -43.1689 25.6909 -35.8912 5.4600 -33.0683 12.5658 -39.7361 33.4643 -44.0138 -8.9308 -48.5298 -28.2087 5.9658 -37.5209 33.6320 -46.2744 -20.4113 -37.3465 -32.4132 17.8775 -40.8476 14.9300 -48.8233 -26.5437 -0.9530 -36.2339 29.2547 -44.5918 -16.0000 -45.6364 -30.3384 12.1487 -39.0625 34.4435 -47.6006 -22.8830 -27.5240 -33.4262 20.0781 -41.2943 8.8595 -48.8351 -26.5619 -2.0346 -35.9234 27.6502 -43.8797 -13.0449 -47.6741
-12.7949 -43.5066 26.5658 -35.6025 -4.4777 -26.1497 -48.8026 13.9913 -41.0497 19.1808 -33.1129 -30.3530 -22.4197 -47.3966 34.7989 -38.8822 11.6058 -30.1598 -45.9998 -15.6180 -44.4926 29.0347 -36.1940 -1.0932 -26.5425 -48.8256 14.3991 -40.8844 18.0499 -32.4899 -36.7626 -20.6078 -46.3748 33.8654 -37.6160 6.3335 -28.2173 -48.5955 -4.2293 -42.0686 21.8056 -33.8152 -25.7920 -22.8233 -47.4193 34.9356 -38.5803 10.0255 -29.4190 -47.5976 -11.8594 -43.4261 26.2890 -35.8822 1.3713 -29.9260 -28.3301 -31.5329 31.6182 -42.3425 34.8261 -44.0968 -9.3981 -48.4409 -28.4024 6.7212 -37.6973 34.0466 -46.4630 -20.7964 -36.1019 -32.5877 18.3080 -40.9559 13.0006 -48.8335 -26.6516 -0.5244 -36.2763 29.3287 -44.5918 -15.9246 -45.7617 -30.2599 11.8723 -38.9617 34.6836 -47.4718 -22.5775 -29.4808 -33.2082 19.4447 -41.1189 12.5543 -48.8158 -26.2635 -3.7844 -35.6897 26.8567 -43.6058 -13.1542
-43.3254 25.7723 -35.3624 -6.5354 -25.8328 -48.7474 17.6765 -40.8639 18.5158 -32.8745 -32.3388 -22.0559 -47.2369 34.9368 -38.7494 11.2057 -30.0340 -46.2281 -15.3784 -44.4420 28.9604 -36.1940 -0.9466 -26.5978 -48.8321 13.0241 -40.9672 18.3965 -32.6351 -35.6675 -20.9352 -46.5401 34.2161 -37.7817 7.0575 -28.4431 -48.4806 -6.1338 -42.3199 22.4928 -34.0557 -23.1889 -23.2183 -47.6111 34.7131 -38.7861 10.7539 -29.6795 -47.2245 -12.9606 -43.6915 27.1286 -36.2217 4.4296 -30.7950 -41.9039 -19.4367 -44.4876 -45.5048 33.4045 -42.2386 33.6019 -43.7564 -9.3663 -48.3431 -28.5904 7.4051 -37.8614 34.3723 -46.6276 -21.1168 -34.9616 -32.7327 18.6537 -41.0371 11.6003 -48.8374 -26.7067 -0.3836 -36.2763 29.2547 -44.5414 -15.6908 -46.0081 -30.1325 11.4732 -38.8286 34.8773 -47.3152 -22.2186 -31.5199 -32.9703 18.7760 -40.9334 16.3141 -48.7708 -25.9509 -5.7579 -35.4515 26.0616 -43.4218
25.2406 -35.1047 -8.8279 -25.5034 -48.6692 21.1220 -40.6695 17.8321 -32.6232 -34.2945 -21.6459 -47.0536 34.9753 -38.5904 10.7036 -29.8695 -46.5286 -14.9795 -44.3410 28.7380 -36.1513 -1.0932 -26.5978 -48.8344 12.3239 -41.0192 18.6432 -32.7443 -34.7516 -21.1987 -46.6780 34.4749 -37.9279 7.6894 -28.6502 -48.3439 -7.7064 -42.5573 23.1560 -34.2848 -20.5787 -23.5924 -47.7901 34.2853 -38.9888 11.4583 -29.9364 -46.7888 -13.9222 -43.9309 27.7607 -36.4148 6.4335 -32.6582 -4.0924 -28.6511 -44.7273 26.3402 -20.4709 -46.2086 32.8134 -39.9057 30.1356 -43.3851 -9.5643 -48.2193 -28.7760 8.0161 -38.0087 34.6035 -46.7641 -21.3757 -34.0057 -32.8412 18.9005 -41.0890 10.8858 -48.8381 -26.7067 -0.5244 -36.2339 29.0286 -44.4396 -15.2989 -46.3282 -29.9684 10.9741 -38.6695 34.9729 -47.1340 -21.8166 -33.5307 -32.7210 18.0914 -40.7421 19.8796 -48.7013 -25.6262 -7.9678 -35.1948 25.5231
-34.4894 -11.3591 -25.1623 -48.5704 24.2154 -40.4698 17.1425 -32.3661 -36.1420 -21.1981 -46.8497 34.8872 -38.4123 10.1097 -29.6733 -46.8676 -14.4338 -44.1986 28.3811 -36.0678 -1.5307 -26.5425 -48.8321 12.3239 -41.0385 18.7680 -32.8127 -34.0727 -21.3923 -46.7859 34.6524 -38.0514 8.2168 -28.8339 -48.1920 -8.9822 -42.7766 23.7869 -34.5002 -18.0651 -23.9408 -47.9544 33.6398 -39.1854 12.1369 -30.1905 -46.2858 -14.7814 -44.1539 28.2209 -36.4007 5.7356 -32.4852 3.0743 -36.1202 30.1042 -48.0387 -22.7506 -48.7834 31.3429 -40.0327 19.1342 -37.6187 27.3930 -43.2434 -10.1559 -48.0688 -28.9499 8.5305 -38.1321 34.7559 -46.8701 -21.5667 -33.3092 -32.9104 19.0259 -41.1071 10.8858 -48.8374 -26.6516 -0.9530 -36.1513 28.6699 -44.2967 -14.7704 -46.6850 -29.7724 10.3861 -38.4903 34.9393 -46.9324 -21.3778 -35.4529 -32.4633 17.3995 -40.5441 23.1154 -48.6097 -25.2885 -10.4212 -34.5829
-14.9421 -24.8104 -48.4524 26.8891 -40.2673 16.4516 -32.1032 -37.8438 -20.7201 -46.6304 34.6669 -38.2200 9.4401 -29.4510 -47.2179 -13.7387 -44.0209 27.9134 -35.9487 -2.2533 -26.4344 -48.8256 13.0241 -41.0192 18.7680 -32.8375 -33.7140 -21.5135 -46.8611 34.7629 -38.1490 8.6347 -28.9870 -48.0380 -9.9973 -42.9737 24.3660 -34.6993 -15.7200 -24.2596 -48.1003 32.7765 -39.3750 12.7867 -30.4383 -45.7175 -15.5639 -44.3763 28.6731 -36.3378 3.6888 -30.9018 -16.2562 -32.9711 14.5707 -40.6284 28.3100 -46.7800 30.4564 -40.8700 18.2614 -34.8973 9.4714 -36.3804 26.4379 -43.3009 -10.9061 -47.9070 -29.1009 8.9399 -38.2293 34.8469 -46.9432 -21.6854 -32.9399 -32.9353 19.0259 -41.0890 11.6003 -48.8335 -26.5437 -1.6564 -36.0340 28.2066 -44.1205 -14.1037 -47.0557 -29.5501 9.7240 -38.2977 34.7689 -46.7155 -20.9051 -37.2295 -32.1990 16.7037 -40.3422 25.9594 -48.4988 -24.9399 -13.9119
-23.9248 -48.3168 29.1208 -40.0621 15.7579 -31.8368 -39.3898 -20.2099 -46.4007 34.3241 -38.0191 8.7105 -29.2109 -47.5533 -12.8900 -43.8129 27.3535 -35.7989 -3.2650 -26.2802 -48.8113 14.3991 -40.9672 18.6432 -32.8127 -33.7140 -21.5572 -46.8994 34.8217 -38.2173 8.9450 -29.1060 -47.8983 -10.7734 -43.1425 24.8802 -34.8762 -13.6112 -24.5483 -48.2280 31.7250 -39.5542 13.4036 -30.6774 -45.0839 -16.2835 -44.6017 29.1942 -36.3409 1.9944 -29.2280 -40.5389 -28.3033 -11.2393 -34.4144 18.5678 -40.0265 29.0400 -39.1247 16.2990 -33.7079 -5.8783 -31.4669 4.2164 -36.1057 26.6160 -43.4442 -11.6045 -47.7535 -29.2208 9.2435 -38.2968 34.8921 -46.9800 -21.7279 -32.9399 -32.9104 18.9005 -41.0371 13.0006 -48.8233 -26.3914 -2.6246 -35.8850 27.6445 -43.9148 -13.2831 -47.4140 -29.3100 9.0057 -38.0964 34.4687 -46.4872 -20.4011 -38.8386 -31.9328 16.0094 -40.1392 28.3626 -48.3687 -24.0493
-48.1188 30.9360 -39.8557 15.0616 -31.5699 -40.7758 -19.6681 -46.1619 33.8725 -37.8126 7.9289 -28.9591 -47.8558 -11.8796 -43.5818 26.7152 -35.6209 -4.5789 -26.0815 -48.7843 16.3011 -40.8844 18.3965 -32.7443 -34.0727 -21.5135 -46.8994 34.8401 -38.2519 9.1361 -29.1892 -47.7838 -11.3427 -43.2793 25.3108 -35.0256 -11.8269 -24.8022 -48.3372 30.5244 -39.7211 13.9838 -30.9061 -44.3891 -16.9427 -44.8304 29.7872 -36.4195 1.2788 -28.1015 -47.1911 -22.5040 -47.3236 -27.5209 -12.1118 -33.2306 10.3999 -34.8469 7.3976 -31.5754 -27.5429 -27.6458 -37.5014 -30.8595 5.0184 -36.3221 27.1530 -43.5863 -12.1337 -47.6284 -29.3032 9.4319 -38.3307 34.9055 -46.9800 -21.6854 -33.3092 -32.8412 18.6537 -40.9559 14.9300 -48.8028 -26.1964 -3.8833 -35.7086 27.0043 -43.6833 -12.3084 -47.7394 -29.0574 8.2361 -37.8897 34.0549 -46.2503 -19.8694 -40.2853 -31.6661 15.3163 -39.9316 30.3279 -48.1748
28.3141 -39.5968 14.3634 -31.3025 -42.0051 -19.0975 -45.9160 33.3298 -37.6019 7.0977 -28.6999 -48.1153 -10.6928 -43.3340 26.0236 -35.4204 -6.2041 -25.8433 -48.7420 18.6040 -40.7733 18.0499 -32.6351 -34.7516 -21.3923 -46.8611 34.8217 -38.2519 9.1997 -29.2324 -47.7072 -11.7236 -43.3805 25.6477 -35.1448 -10.4217 -25.0142 -48.4255 29.2483 -39.8741 14.5192 -31.1212 -43.6489 -17.5396 -45.0558 30.4214 -36.5524 1.4382 -27.5558 -48.5033 -16.1913 -47.9461 -16.5829 -48.6326 -25.1491 -37.8799 -28.5870 -30.3340 -27.3493 -45.2962 -23.0053 -48.4801 -25.4637 -19.0344 -32.5399 7.6765 -36.5666 27.5475 -43.6813 -12.4650 -47.5464 -29.3452 9.4948 -38.3308 34.8921 -46.9432 -21.5667 -34.0057 -32.7327 18.3080 -40.8476 17.2633 -48.7662 -25.9628 -5.4425 -35.5090 26.3112 -43.4341 -11.1708 -48.0210 -28.7973 7.4207 -37.6804 33.5433 -46.0064 -19.3091 -41.5713 -31.3987 14.6207 -39.6708 27.6138
-39.2520 13.6623 -31.0333 -43.0911 -18.4945 -45.6653 32.7160 -37.3901 6.2136 -28.4351 -48.3290 -9.3094 -43.0740 25.2988 -35.2037 -8.1378 -25.5727 -48.6807 21.1328 -40.6400 17.6184 -32.4899 -35.6675 -21.1987 -46.7859 34.7629 -38.2173 9.1361 -29.2324 -47.6803 -11.9145 -43.4435 25.8854 -35.2332 -9.3721 -25.1814 -48.4925 28.0015 -40.0075 14.9984 -31.3183 -42.8769 -18.0796 -45.2770 31.0733 -36.7233 2.1566 -27.4172 -48.7189 -9.5764 -45.3245 26.9439 -45.5425 -4.4434 -48.2329 -18.1132 -48.9111 -19.2175 -48.6927 -13.2171 -47.3682 -12.8412 -48.9370 -32.5185 6.0922 -33.7468 8.7229 -36.6131 27.6522 -43.7239 -12.6201 -47.5181 -29.3467 9.4331 -38.2975 34.8471 -46.8701 -21.3769 -34.9616 -32.5877 17.8775 -40.7138 19.8607 -48.7115 -25.6954 -7.3009 -35.2926 25.5822 -43.1747 -9.8523 -48.2542 -28.5337 6.5521 -37.4691 32.9519 -45.7570 -18.7178 -42.7084 -31.1303 13.9190 -39.3343
13.0539 -30.7609 -44.0485 -17.8542 -45.4104 32.0466 -37.1776 5.2687 -28.1665 -48.4973 -7.6913 -42.8055 24.5518 -34.9732 -10.3758 -25.2745 -48.5991 23.6866 -40.4855 17.1168 -32.3152 -36.7626 -20.9352 -46.6780 34.6524 -38.1490 8.9450 -29.1892 -47.7071 -11.9148 -43.4655 26.0097 -35.2886 -8.6547 -25.3047 -48.5415 26.8706 -40.1176 15.4091 -31.4939 -42.0994 -18.5654 -45.4932 31.7562 -36.9449 3.3017 -27.5652 -48.7386 -4.6335 -43.5183 33.1898 -41.1407 32.7451 -42.6770 33.8174 -44.7017 25.8453 -44.7580 32.8334 -43.0008 33.9714 -40.7773 18.8113 20.2381 -37.1376 9.6356 -33.6350 7.8878 -36.4928 27.5660 -43.7278 -12.6208 -47.5426 -29.3099 9.2527 -38.2311 34.7584 -46.7642 -21.1180 -36.1006 -32.4132 17.3772 -40.5609 22.5604 -48.6369 -25.4000 -9.4628 -35.0637 24.8383 -42.9073 -8.3227 -48.4401 -28.2665 5.6248 -37.2567 32.2999 -45.5034 -18.0913 -43.7161 -30.8592 13.3167
-30.0042 -44.8900 -17.1663 -45.1519 31.3350 -36.9655 4.2523 -27.8964 -48.6219 -5.7900 -42.5330 23.8006 -34.7326 -12.8857 -24.9520 -48.4977 26.1210 -40.3143 16.5550 -32.1130 -37.9647 -20.6078 -46.5401 34.4749 -38.0514 8.6347 -29.1060 -47.7836 -11.7246 -43.4444 26.0113 -35.3084 -8.2752 -25.3833 -48.5748 25.9381 -40.2070 15.7567 -31.6491 -41.3436 -18.9951 -45.6989 32.4460 -37.2425 5.1648 -28.0961 -48.6676 -4.1826 -42.6967 27.4748 -38.0244 18.2342 -37.5929 21.3239 -38.9920 25.5628 -39.5139 25.0144 -38.5808 19.8316 -36.5248 11.3112 -30.1275 -46.9329 29.0851 -36.2925 5.0497 -32.8208 6.2235 -36.3371 27.4307 -43.7125 -12.5105 -47.6066 -29.2396 8.9661 -38.1357 34.6077 -46.6286 -20.7970 -37.3452 -32.2125 16.8138 -40.3903 25.1463 -48.5413 -25.0810 -11.8964 -34.8251 24.0846 -42.6346 -6.5282 -48.5814 -27.9964 4.6363 -37.0442 31.6016 -45.2459 -17.4218 -44.6022 -30.1057
-45.8743 -16.4246 -44.8881 30.5921 -36.7540 3.1558 -27.6256 -48.7061 -3.5508 -42.2568 23.0466 -34.4863 -15.5920 -24.6094 -48.3768 28.3201 -40.1310 15.9494 -31.8902 -39.2044 -20.2168 -46.3748 34.2161 -37.9279 8.2168 -28.9870 -47.8979 -11.3456 -43.3823 25.8914 -35.2930 -8.2441 -25.4170 -48.5928 25.2404 -40.2808 16.0495 -31.7911 -40.5939 -19.3848 -45.8927 33.0775 -37.5834 7.6381 -29.7177 -47.9503 -9.1843 -42.8289 25.2849 -36.2848 8.5330 -33.3065 4.7444 -33.6636 8.3425 -34.3689 9.2812 -33.9292 5.4122 -32.1781 -9.6411 -28.3188 -47.0254 4.5691 -40.8649 17.3246 -34.1650 -3.6468 -31.9532 4.6810 -36.2363 27.3924 -43.7090 -12.3605 -47.6951 -29.1433 8.5806 -38.0151 34.3771 -46.4644 -20.4142 -38.6386 -31.9899 16.2057 -40.2068 27.4869 -48.4259 -24.7417 -14.5456 -34.5787 23.3234 -42.3589 -4.4154 -48.6801 -27.7259 3.5683 -36.8320 30.8680 -44.9843 -16.7008 -45.6357
-16.1776 -44.6202 29.8241 -36.5409 1.9633 -27.3539 -48.7529 -0.9219 -41.9785 22.2920 -34.2343 -18.4297 -24.2486 -48.2372 30.1964 -39.9383 15.3145 -31.6529 -40.4278 -19.7687 -46.1852 33.8654 -37.7817 7.6894 -28.8339 -48.0378 -10.7760 -43.2818 25.6615 -35.2428 -8.5500 -25.4083 -48.5978 24.7805 -40.3420 16.3152 -31.9376 -39.7710 -19.7792 -46.0884 33.6325 -37.8872 9.7396 -31.7985 -34.6377 -17.9975 -44.1638 26.4811 -35.7002 1.0822 -29.9324 -33.4173 -28.0598 -34.6702 -28.4204 -31.5252 -28.2873 -36.5037 -26.7137 -45.2143 -23.2143 -48.8455 -10.6394 -43.8899 29.5683 -37.9548 11.9596 -32.8025 -15.9934 -31.1186 3.8087 -36.2797 27.6812 -43.7612 -12.2708 -47.7915 -29.0270 8.0912 -37.8711 34.0558 -46.2768 -19.9742 -39.9157 -31.7515 15.5696 -40.0148 29.5200 -48.2922 -24.3848 -17.3492 -34.3276 22.5662 -42.0808 -1.9355 -48.7400 -27.4548 2.4086 -36.6200 30.1045 -44.7181 -16.4251
-44.4062 29.0362 -36.3224 0.6534 -27.0787 -48.7936 2.1381 -41.6998 21.5461 -33.9778 -21.3102 -23.8714 -48.0817 31.7405 -39.7389 14.6571 -31.4048 -41.5873 -19.2717 -45.9752 33.4224 -37.6160 7.0575 -28.6502 -48.1920 -10.0000 -43.1447 25.3263 -35.1585 -9.1630 -25.3617 -48.5903 24.4833 -40.4071 16.6177 -32.1306 -38.6266 -20.2776 -46.3356 34.1917 -38.1494 10.8781 -32.8642 -5.2062 -30.2789 -46.8537 30.0323 -35.3267 -3.9407 -27.5810 -47.2899 -21.5821 -48.8042 -19.9984 -48.8638 -19.8531 -48.8807 -17.9915 -48.4520 -12.0168 -46.8825 15.0056 -44.0234 34.8256 -41.3346 27.3165 -37.9486 8.4737 -31.0934 -30.1139 -30.5873 4.7767 -36.6373 28.6513 -43.9316 -12.3403 -47.8903 -28.8877 7.5021 -37.7080 33.6404 -46.0689 -19.4836 -41.1352 -31.5026 14.9112 -39.8168 31.2025 -48.1428 -24.0134 -20.2289 -34.0727 21.8164 -41.8022 0.9631 -48.7824 -27.1811 1.1441 -36.4026 29.3195 -44.5008
28.4108 -36.0788 -0.8060 -26.7946 -48.8290 5.6133 -41.4674 20.8093 -33.7191 -24.1364 -23.4792 -47.9124 32.9529 -39.5354 13.9865 -31.1485 -42.6632 -18.7253 -45.7498 32.8965 -37.4356 6.3335 -28.4431 -48.3438 -8.9859 -42.9754 24.8972 -35.0440 -10.0920 -25.2838 -48.5726 24.1417 -40.5087 17.0809 -32.4501 -36.5295 -21.0664 -46.7271 34.8429 -38.5237 11.6199 -32.7558 -3.6992 -34.1235 20.3184 -43.1260 -24.9384 -38.6397 -24.3607 -48.7868 -13.1079 -46.7473 7.1938 -45.7025 16.7286 -45.3563 24.5816 -44.5604 33.2217 -43.2598 35.0482 -42.4042 34.8867 -43.1291 33.2318 -44.2426 33.8117 -36.0820 -8.5874 -28.4841 -35.3772 -31.2215 8.6149 -37.5311 30.6100 -44.2486 -12.5044 -48.0114 -28.7111 6.8082 -37.5275 33.1364 -45.8435 -18.9457 -42.2608 -31.2478 14.2419 -39.6143 32.5415 -47.9777 -23.6267 -23.0946 -33.8137 21.0757 -41.5524 4.2905 -48.8195 -26.9002 -0.2567 -36.1600 28.6847
-35.5127 -2.4433 -26.4976 -48.8324 9.4062 -41.2799 20.0812 -33.4587 -26.8437 -23.0718 -47.7299 33.8504 -39.3288 13.3017 -30.8879 -43.6378 -18.1290 -45.5118 32.2959 -37.2454 5.5196 -28.2173 -48.4806 -7.7092 -42.7788 24.3875 -34.9017 -11.3605 -25.1804 -48.5477 23.4320 -40.6983 17.9521 -33.0363 -31.8164 -22.4253 -47.3695 34.7371 -39.2917 13.4033 -32.5895 -16.5778 -31.3904 7.5283 -38.4224 35.0401 -47.8587 -14.0696 -47.4303 5.9641 -44.4688 35.1097 -42.1570 32.5177 -40.9841 29.5800 -40.1667 26.8286 -39.5316 25.6437 -40.0753 31.4759 -43.1781 11.0538 -48.2748 -18.5815 -47.7617 14.7245 -29.8425 -42.3160 -27.4880 -20.9975 -33.4055 14.7259 -39.0355 33.1338 -44.5903 -12.3658 -48.1838 -28.4800 5.9968 -37.3339 32.5547 -45.6070 -18.3657 -43.2739 -30.9889 13.5608 -39.4063 33.5565 -47.7993 -23.2233 -25.8585 -33.5539 20.3451 -41.3482 7.9788 -48.8350 -26.6068 -1.8257 -35.5996
-4.7734 -26.1905 -48.8072 13.3247 -41.0886 19.3613 -33.1969 -29.3864 -22.6493 -47.5356 34.4663 -39.1190 12.6019 -30.6236 -44.5038 -17.4843 -45.2654 31.6341 -37.0483 4.6133 -27.9775 -48.5955 -6.1383 -42.5595 23.8082 -34.7289 -12.9883 -25.0414 -48.5148 21.9647 -41.0488 19.6234 -34.0443 -20.2719 -24.6750 -48.2775 26.2877 -40.7627 17.5463 -33.5100 -19.2799 -28.8160 -26.7116 -32.7316 15.3859 -40.1361 35.0229 -44.1437 28.8484 -43.8844 35.1031 -41.2172 25.8394 -38.3947 18.4057 -36.6961 14.6683 -36.0222 14.7087 -37.1538 23.3518 -41.6458 22.0902 -48.6496 -25.7937 -1.4515 -35.3561 -21.1115 -47.6114 -24.2044 -42.5455 -30.6006 6.0905 -36.5723 22.4929 -40.7844 34.7081 -44.6534 -11.3433 -48.3950 -28.2000 5.0817 -37.1341 31.9121 -45.3636 -17.7440 -44.1788 -30.7264 12.8677 -39.1988 34.2716 -47.6097 -22.8086 -28.4547 -33.2939 19.6234 -41.1601 11.8864 -48.8199 -26.3044 -4.0491
-25.2766 -48.7552 17.1733 -40.8943 18.6486 -32.9339 -31.7389 -22.2115 -47.3315 34.8302 -38.9084 11.8896 -30.3560 -45.2721 -16.7868 -45.0119 30.9277 -36.8456 3.6099 -27.7270 -48.6822 -4.2328 -42.3214 23.1751 -34.5273 -15.0479 -24.8313 -48.4661 19.8139 -41.6139 22.6204 -35.5034 -1.8279 -27.9690 -48.6405 -6.8801 -43.2322 25.3912 -35.6736 -3.1292 -28.5870 -44.1138 -27.2737 -19.0711 -33.6329 16.2921 -39.3952 33.5201 -45.2988 21.9083 -43.4620 31.4911 -38.9015 16.1325 -35.0784 6.1805 -33.2318 3.2711 -34.1747 13.7825 -38.9006 34.9569 -47.1370 -22.8562 -20.7555 -34.9190 27.9936 -47.0618 -17.0142 -48.4501 -27.3200 -6.1638 -35.1331 18.9933 -39.9699 29.9687 -41.8775 34.6760 -44.1930 -9.0608 -48.5800 -27.9061 4.0938 -36.9335 31.2309 -45.1166 -17.0814 -44.9759 -30.4661 12.1732 -38.9926 34.7179 -47.4116 -22.3870 -30.8441 -33.0372 18.9195 -40.9704 15.7500 -48.7762 -25.3982
-48.6293 20.7516 -40.6946 17.9372 -32.6698 -33.8928 -21.7580 -47.1183 34.9729 -38.6970 11.1653 -30.0875 -45.9439 -16.0298 -44.7510 30.1873 -36.6396 2.5029 -27.4675 -48.7386 -1.9318 -42.0696 22.5054 -34.3048 -17.5218 -24.5204 -48.3846 18.9355 -42.2991 27.2824 -37.5983 10.4477 -31.8836 -39.3687 -21.0958 -46.8280 35.1537 -39.0133 11.1829 -31.2434 -41.6500 -23.9790 -47.6258 -26.6037 -20.6633 -32.8229 14.6665 -38.8592 -17.8280 -48.7255 -0.9413 -43.0015 26.0024 -36.6246 7.1697 -32.3553 -12.6174 -31.5806 1.8344 -35.6161 24.5990 -43.7819 -14.7800 -43.5110 -32.0255 15.2223 -40.4177 26.9844 -47.7231 -22.0323 -35.7837 -32.8166 14.6849 -39.3994 30.1738 -42.3868 32.4063 -41.2338 32.2439 -43.3208 -5.7559 -48.6939 -27.6377 3.0862 -36.7422 30.5556 -44.8767 -16.4035 -45.6404 -30.2240 11.5063 -38.7970 34.9340 -47.2162 -21.9748 -32.9291 -32.7978 18.2570 -40.7868 19.2000 -48.6617
17.2433 -40.4280 17.2286 -32.4034 -35.8492 -21.2865 -46.8971 34.9269 -38.4834 10.4257 -29.8188 -46.5231 -15.2047 -44.4859 29.4239 -36.4287 1.2767 -27.2030 -48.7803 0.8222 -41.8095 21.8146 -34.0681 -20.2398 -24.1245 -48.2490 22.2089 -42.5528 32.2201 -40.3916 21.7972 -36.1394 2.9594 -28.8829 -48.2423 -8.9634 -43.3867 24.5181 -35.1824 -11.0684 -26.3795 -48.6151 -19.5133 -48.7193 -24.0113 -42.6399 -26.0354 -49.1126 13.1674 -28.1043 -48.8705 18.9383 -41.0657 18.2129 -34.2918 -6.0641 -30.6701 -18.7231 -32.5868 12.2799 -39.4456 30.9078 -48.8386 -28.2162 9.6558 -37.9338 30.6176 -44.2629 -10.6361 -48.2807 -28.9707 5.7390 -37.4188 26.9434 -42.5547 34.6630 -42.4314 26.9357 -38.9293 27.5473 -42.5174 -2.6039 -48.7433 -27.4421 2.2066 -36.5898 29.9931 -44.6770 -15.8151 -46.1137 -30.0422 10.9577 -38.6415 34.9855 -47.0494 -21.6363 -34.4860 -32.6170 17.7239 -40.5783 14.7185
-40.1758 16.5244 -32.1345 -37.6181 -20.7949 -46.6692 34.7228 -38.2692 9.6672 -29.5500 -47.0175 -14.3018 -44.2173 28.6428 -36.2087 -0.0819 -26.9307 -48.8178 4.0184 -41.5686 21.1115 -33.8227 -23.0083 -23.6927 -48.0561 28.2258 -41.8618 32.1484 -42.9090 34.8135 -41.1358 21.2421 -35.0002 -12.4906 -24.9261 -48.2000 32.4637 -39.7799 12.6816 -31.2720 -43.9468 -20.2129 -47.9573 -11.2482 -47.9663 -14.9357 -48.1283 18.4076 -37.1605 -8.8941 -22.7977 -46.8106 34.3250 -38.3684 10.6161 -32.5231 -16.1143 -31.1391 -0.5634 -35.4025 24.6706 -44.3031 -18.4428 -22.0067 -37.5905 29.3160 -42.4505 23.8554 -47.9834 -23.6776 -24.2702 -34.1126 18.5335 -40.7709 33.7146 -43.4107 32.2719 -39.1298 16.1738 -36.6452 24.4176 -42.1767 -1.4351 -48.7517 -27.4489 1.9852 -36.5605 29.8534 -44.6198 -15.6690 -46.2248 -30.0535 10.8215 -38.6144 34.9972 -46.9944 -21.5728 -34.8320 -32.6302 17.6130 -40.5632
15.9850 -31.8618 -39.2153 -20.2776 -46.4347 34.3867 -38.0561 8.8837 -29.2809 -47.4349 -13.3086 -43.9465 27.8494 -35.9817 -1.6004 -26.6444 -48.8351 7.5922 -41.3683 20.4046 -33.5721 -25.7058 -23.2634 -47.8402 32.4026 -40.5206 24.6055 -40.6235 9.1899 -46.6423 32.0467 -40.9888 16.9162 -32.4469 -41.3970 -17.6155 -44.9664 28.6201 -36.0937 -4.4852 -26.5161 -48.7596 -8.1106 -45.6008 26.6251 -44.4201 34.9547 -40.7552 14.4164 -30.4086 -47.8153 -7.7503 -43.1503 24.8921 -36.1363 5.3728 -32.3581 -3.8458 -33.2616 11.3381 -38.3854 34.8174 -48.0715 -24.1283 33.4953 -44.8679 21.5163 -46.6808 -18.1160 -45.7564 -30.4083 7.9069 -37.5513 26.4347 -42.1365 33.1948 -41.3112 19.5156 -34.8689 7.6670 -35.8057 24.4141 -42.4871 -4.9499 -48.6650 -28.0286 3.7615 -36.9049 31.0246 -44.9942 -16.8827 -45.2295 -30.6254 11.9322 -38.9765 34.8925 -47.2646 -22.3550 -31.4926 -33.1779 19.0024
-31.1379 -40.6386 -19.7334 -46.1932 33.9420 -37.8438 8.0742 -29.0128 -47.7826 -12.2082 -43.6752 27.0569 -35.7498 -3.3073 -26.3445 -48.8230 11.4099 -41.1820 19.7021 -33.3186 -28.2580 -22.8452 -47.6316 34.0553 -39.4940 15.8577 -33.9842 11.7972 -48.9836 -20.7100 -47.6431 35.0590 -38.5460 6.8933 -28.0680 -48.8619 16.9953 -40.8938 15.9457 -32.2884 -40.5631 -20.2012 -46.9119 30.5593 -42.4238 30.4999 -39.4613 17.4796 -33.5477 -29.1299 -22.8423 -47.5480 33.6115 -40.5712 18.4597 -35.2226 8.0872 -34.4902 8.9851 -35.5825 17.2496 -39.3592 32.0820 -40.5811 -30.0597 -20.6133 -48.1989 -17.5414 -48.1372 -27.9516 -5.1931 -34.7884 17.4486 -39.4488 28.1687 -41.0753 24.5463 -36.6923 5.3783 -32.6013 6.1435 -36.5651 28.5492 -43.9658 -13.6804 -47.3231 -29.9292 9.1142 -38.2173 34.6022 -46.2959 -20.5968 -38.7476 -32.4035 16.0579 -40.3110 28.4195 -48.2046 -24.9555 -15.1927 -34.3561
-42.2990 -19.1681 -45.9480 33.4127 -37.6350 7.2403 -28.7495 -48.0652 -10.9895 -43.4060 26.2799 -35.5175 -5.1993 -26.0383 -48.7840 15.2387 -40.9940 19.0051 -33.0664 -30.6005 -22.4301 -47.4320 34.6655 -39.0770 12.9648 -31.3975 -36.4746 -21.3444 -34.7064 -26.3833 -19.0804 -44.8264 25.6017 -34.4894 -28.9166 -20.9480 -45.9915 32.1815 -37.1733 3.2191 -28.1695 -48.6218 -7.6396 -43.9371 31.6391 -39.1313 16.0749 -34.4702 -7.3027 -27.4569 -48.3063 -14.2733 -45.3169 33.7026 -39.1530 18.1394 -36.8092 17.2108 -37.3074 17.8211 -36.9034 16.4240 -36.8766 12.7030 -29.4836 -47.2341 -22.1913 -47.1974 -27.9543 -6.9027 -34.1703 14.8075 -38.0121 23.4373 -39.7131 23.6761 -38.0203 11.6367 -33.0231 -5.6887 -33.1936 13.8591 -39.3414 34.8067 -47.1891 -22.7295 -30.5077 -33.4300 19.0427 -41.2465 15.4966 -48.6816 -26.5548 -5.1113 -35.6517 26.3609 -43.4213 -11.1610 -48.0190 -29.5809 7.5369
