0.2607 0.4884 0.4424 0.1582 0.1444 0.2102 0.3955 0.5012 0.2392 0.1392 0.1752 0.3073 0.5164 0.3763 0.1450 0.1531 0.2422 0.4604 0.4672 0.1720 0.1415 0.1966 0.3629 0.5116 0.2890 0.1398 0.1663 0.2825 0.5077 0.4132 0.1504 0.1481 0.2246 0.4269 0.4873 0.1993 0.1398 0.1847 0.3326 0.5169 0.3369 0.1418 0.1588 0.2603 0.4874 0.4440 0.1589 0.1440 0.2067 0.3704 0.5093 0.3704 0.2067 0.1440 0.1589 0.4440 0.4874 0.2603 0.1588 0.1418 0.3369 0.5169 0.3326 0.1847 0.1398 0.1993 0.4873 0.4269 0.2246 0.1481 0.1504 0.4132 0.5077 0.2825 0.1663 0.1398 0.2890 0.5116 0.3629 0.1966 0.1415 0.1720 0.4672 0.4604 0.2422 0.1531 0.1450 0.3763 0.5164 0.3073 0.1752 0.1392 0.2392 0.5012 0.3955 0.2102 0.1444 0.1582 0.4424 0.4884 0.2607
0.4884 0.4429 0.1548 0.1406 0.2075 0.3941 0.5024 0.2415 0.1350 0.1721 0.3052 0.5169 0.3790 0.1410 0.1496 0.2396 0.4596 0.4688 0.1701 0.1375 0.1937 0.3612 0.5126 0.2920 0.1356 0.1630 0.2802 0.5078 0.4155 0.1468 0.1443 0.2219 0.4257 0.4887 0.1999 0.1356 0.1817 0.3307 0.5177 0.3399 0.1377 0.1554 0.2579 0.4870 0.4459 0.1559 0.1402 0.2058 0.3860 0.5098 0.4108 0.5098 0.3860 0.2058 0.1402 0.1559 0.4459 0.4870 0.2579 0.1554 0.1377 0.3399 0.5177 0.3307 0.1817 0.1356 0.1999 0.4887 0.4257 0.2219 0.1443 0.1468 0.4155 0.5078 0.2802 0.1630 0.1356 0.2920 0.5126 0.3612 0.1937 0.1375 0.1701 0.4688 0.4596 0.2396 0.1496 0.1410 0.3790 0.5169 0.3052 0.1721 0.1350 0.2415 0.5024 0.3941 0.2075 0.1406 0.1548 0.4429 0.4884
0.4424 0.1548 0.1404 0.2065 0.3912 0.5036 0.2465 0.1350 0.1710 0.3024 0.5164 0.3833 0.1415 0.1489 0.2376 0.4560 0.4713 0.1724 0.1372 0.1923 0.3577 0.5134 0.2974 0.1358 0.1621 0.2776 0.5061 0.4191 0.1476 0.1439 0.2201 0.4219 0.4905 0.2043 0.1354 0.1804 0.3275 0.5179 0.3448 0.1380 0.1547 0.2556 0.4841 0.4489 0.1572 0.1399 0.2046 0.3865 0.5063 0.2856 0.1451 0.2856 0.5063 0.3865 0.2046 0.1399 0.1572 0.4489 0.4841 0.2556 0.1547 0.1380 0.3448 0.5179 0.3275 0.1804 0.1354 0.2043 0.4905 0.4219 0.2201 0.1439 0.1476 0.4191 0.5061 0.2776 0.1621 0.1358 0.2974 0.5134 0.3577 0.1923 0.1372 0.1724 0.4713 0.4560 0.2376 0.1489 0.1415 0.3833 0.5164 0.3024 0.1710 0.1350 0.2465 0.5036 0.3912 0.2065 0.1404 0.1548 0.4424
0.1582 0.1406 0.2065 0.3901 0.5043 0.2503 0.1350 0.1701 0.2998 0.5158 0.3873 0.1421 0.1483 0.2356 0.4524 0.4736 0.1750 0.1370 0.1909 0.3543 0.5142 0.3028 0.1359 0.1613 0.2751 0.5043 0.4226 0.1484 0.1434 0.2183 0.4181 0.4923 0.2089 0.1353 0.1793 0.3244 0.5180 0.3497 0.1383 0.1539 0.2534 0.4810 0.4518 0.1585 0.1395 0.2031 0.3838 0.5063 0.2645 0.1350 0.1426 0.1350 0.2645 0.5063 0.3838 0.2031 0.1395 0.1585 0.4518 0.4810 0.2534 0.1539 0.1383 0.3497 0.5180 0.3244 0.1793 0.1353 0.2089 0.4923 0.4181 0.2183 0.1434 0.1484 0.4226 0.5043 0.2751 0.1613 0.1359 0.3028 0.5142 0.3543 0.1909 0.1370 0.1750 0.4736 0.4524 0.2356 0.1483 0.1421 0.3873 0.5158 0.2998 0.1701 0.1350 0.2503 0.5043 0.3901 0.2065 0.1406 0.1582
0.1444 0.2075 0.3912 0.5043 0.2517 0.1350 0.1695 0.2978 0.5153 0.3909 0.1426 0.1478 0.2337 0.4488 0.4759 0.1777 0.1367 0.1896 0.3509 0.5148 0.3082 0.1361 0.1604 0.2726 0.5023 0.4261 0.1493 0.1429 0.2166 0.4144 0.4941 0.2136 0.1352 0.1781 0.3213 0.5181 0.3545 0.1387 0.1532 0.2511 0.4779 0.4546 0.1600 0.1392 0.2016 0.3804 0.5072 0.2639 0.1350 0.1615 0.2168 0.1615 0.1350 0.2639 0.5072 0.3804 0.2016 0.1392 0.1600 0.4546 0.4779 0.2511 0.1532 0.1387 0.3545 0.5181 0.3213 0.1781 0.1352 0.2136 0.4941 0.4144 0.2166 0.1429 0.1493 0.4261 0.5023 0.2726 0.1604 0.1361 0.3082 0.5148 0.3509 0.1896 0.1367 0.1777 0.4759 0.4488 0.2337 0.1478 0.1426 0.3909 0.5153 0.2978 0.1695 0.1350 0.2517 0.5043 0.3912 0.2075 0.1444
0.2102 0.3941 0.5036 0.2503 0.1350 0.1693 0.2967 0.5148 0.3937 0.1430 0.1473 0.2320 0.4455 0.4779 0.1806 0.1365 0.1882 0.3475 0.5155 0.3135 0.1363 0.1595 0.2701 0.5002 0.4295 0.1502 0.1424 0.2148 0.4106 0.4957 0.2185 0.1351 0.1769 0.3183 0.5180 0.3592 0.1391 0.1525 0.2489 0.4746 0.4574 0.1616 0.1388 0.2001 0.3768 0.5083 0.2680 0.1351 0.1656 0.2753 0.4151 0.2753 0.1656 0.1351 0.2680 0.5083 0.3768 0.2001 0.1388 0.1616 0.4574 0.4746 0.2489 0.1525 0.1391 0.3592 0.5180 0.3183 0.1769 0.1351 0.2185 0.4957 0.4106 0.2148 0.1424 0.1502 0.4295 0.5002 0.2701 0.1595 0.1363 0.3135 0.5155 0.3475 0.1882 0.1365 0.1806 0.4779 0.4455 0.2320 0.1473 0.1430 0.3937 0.5148 0.2967 0.1693 0.1350 0.2503 0.5036 0.3941 0.2102
0.3955 0.5024 0.2465 0.1350 0.1695 0.2967 0.5147 0.3951 0.1433 0.1469 0.2305 0.4426 0.4798 0.1833 0.1363 0.1870 0.3443 0.5160 0.3187 0.1365 0.1587 0.2677 0.4979 0.4328 0.1512 0.1420 0.2131 0.4068 0.4973 0.2236 0.1351 0.1758 0.3152 0.5179 0.3638 0.1395 0.1518 0.2468 0.4713 0.4601 0.1633 0.1385 0.1986 0.3732 0.5094 0.2733 0.1352 0.1659 0.2853 0.5023 0.4943 0.5023 0.2853 0.1659 0.1352 0.2733 0.5094 0.3732 0.1986 0.1385 0.1633 0.4601 0.4713 0.2468 0.1518 0.1395 0.3638 0.5179 0.3152 0.1758 0.1351 0.2236 0.4973 0.4068 0.2131 0.1420 0.1512 0.4328 0.4979 0.2677 0.1587 0.1365 0.3187 0.5160 0.3443 0.1870 0.1363 0.1833 0.4798 0.4426 0.2305 0.1469 0.1433 0.3951 0.5147 0.2967 0.1695 0.1350 0.2465 0.5024 0.3955
0.5012 0.2415 0.1350 0.1701 0.2978 0.5148 0.3951 0.1434 0.1467 0.2296 0.4402 0.4813 0.1860 0.1361 0.1859 0.3413 0.5165 0.3237 0.1368 0.1579 0.2653 0.4955 0.4361 0.1522 0.1416 0.2114 0.4031 0.4989 0.2288 0.1350 0.1747 0.3122 0.5178 0.3684 0.1399 0.1511 0.2446 0.4679 0.4627 0.1651 0.1382 0.1971 0.3696 0.5104 0.2788 0.1353 0.1652 0.2857 0.5091 0.4288 0.2234 0.4288 0.5091 0.2857 0.1652 0.1353 0.2788 0.5104 0.3696 0.1971 0.1382 0.1651 0.4627 0.4679 0.2446 0.1511 0.1399 0.3684 0.5178 0.3122 0.1747 0.1350 0.2288 0.4989 0.4031 0.2114 0.1416 0.1522 0.4361 0.4955 0.2653 0.1579 0.1368 0.3237 0.5165 0.3413 0.1859 0.1361 0.1860 0.4813 0.4402 0.2296 0.1467 0.1434 0.3951 0.5148 0.2978 0.1701 0.1350 0.2415 0.5012
0.2392 0.1350 0.1710 0.2998 0.5153 0.3937 0.1433 0.1467 0.2293 0.4390 0.4823 0.1881 0.1360 0.1849 0.3387 0.5169 0.3282 0.1370 0.1571 0.2630 0.4930 0.4393 0.1533 0.1411 0.2098 0.3993 0.5004 0.2341 0.1350 0.1736 0.3093 0.5175 0.3729 0.1404 0.1505 0.2425 0.4645 0.4653 0.1671 0.1379 0.1957 0.3661 0.5114 0.2843 0.1354 0.1643 0.2837 0.5094 0.4156 0.1505 0.1341 0.1505 0.4156 0.5094 0.2837 0.1643 0.1354 0.2843 0.5114 0.3661 0.1957 0.1379 0.1671 0.4653 0.4645 0.2425 0.1505 0.1404 0.3729 0.5175 0.3093 0.1736 0.1350 0.2341 0.5004 0.3993 0.2098 0.1411 0.1533 0.4393 0.4930 0.2630 0.1571 0.1370 0.3282 0.5169 0.3387 0.1849 0.1360 0.1881 0.4823 0.4390 0.2293 0.1467 0.1433 0.3937 0.5153 0.2998 0.1710 0.1350 0.2392
0.1392 0.1721 0.3024 0.5158 0.3909 0.1430 0.1469 0.2296 0.4390 0.4826 0.1892 0.1359 0.1842 0.3366 0.5171 0.3321 0.1372 0.1565 0.2609 0.4905 0.4422 0.1544 0.1407 0.2082 0.3956 0.5018 0.2394 0.1350 0.1725 0.3064 0.5171 0.3773 0.1408 0.1498 0.2404 0.4610 0.4678 0.1692 0.1376 0.1943 0.3626 0.5122 0.2898 0.1355 0.1634 0.2812 0.5083 0.4152 0.1475 0.1410 0.1720 0.1410 0.1475 0.4152 0.5083 0.2812 0.1634 0.1355 0.2898 0.5122 0.3626 0.1943 0.1376 0.1692 0.4678 0.4610 0.2404 0.1498 0.1408 0.3773 0.5171 0.3064 0.1725 0.1350 0.2394 0.5018 0.3956 0.2082 0.1407 0.1544 0.4422 0.4905 0.2609 0.1565 0.1372 0.3321 0.5171 0.3366 0.1842 0.1359 0.1892 0.4826 0.4390 0.2296 0.1469 0.1430 0.3909 0.5158 0.3024 0.1721 0.1392
0.1752 0.3052 0.5164 0.3873 0.1426 0.1473 0.2305 0.4402 0.4823 0.1892 0.1359 0.1838 0.3352 0.5173 0.3352 0.1374 0.1559 0.2590 0.4882 0.4449 0.1555 0.1404 0.2066 0.3920 0.5032 0.2448 0.1350 0.1714 0.3035 0.5166 0.3816 0.1413 0.1492 0.2384 0.4574 0.4703 0.1715 0.1373 0.1929 0.3591 0.5131 0.2953 0.1357 0.1625 0.2787 0.5068 0.4179 0.1475 0.1432 0.2094 0.3060 0.2094 0.1432 0.1475 0.4179 0.5068 0.2787 0.1625 0.1357 0.2953 0.5131 0.3591 0.1929 0.1373 0.1715 0.4703 0.4574 0.2384 0.1492 0.1413 0.3816 0.5166 0.3035 0.1714 0.1350 0.2448 0.5032 0.3920 0.2066 0.1404 0.1555 0.4449 0.4882 0.2590 0.1559 0.1374 0.3352 0.5173 0.3352 0.1838 0.1359 0.1892 0.4823 0.4402 0.2305 0.1473 0.1426 0.3873 0.5164 0.3052 0.1752
0.3073 0.5169 0.3833 0.1421 0.1478 0.2320 0.4426 0.4813 0.1881 0.1359 0.1838 0.3348 0.5174 0.3373 0.1376 0.1554 0.2575 0.4860 0.4473 0.1566 0.1400 0.2052 0.3886 0.5044 0.2502 0.1350 0.1704 0.3006 0.5160 0.3858 0.1419 0.1486 0.2364 0.4538 0.4727 0.1739 0.1371 0.1915 0.3557 0.5139 0.3007 0.1359 0.1616 0.2761 0.5050 0.4213 0.1481 0.1434 0.2164 0.3965 0.5159 0.3965 0.2164 0.1434 0.1481 0.4213 0.5050 0.2761 0.1616 0.1359 0.3007 0.5139 0.3557 0.1915 0.1371 0.1739 0.4727 0.4538 0.2364 0.1486 0.1419 0.3858 0.5160 0.3006 0.1704 0.1350 0.2502 0.5044 0.3886 0.2052 0.1400 0.1566 0.4473 0.4860 0.2575 0.1554 0.1376 0.3373 0.5174 0.3348 0.1838 0.1359 0.1881 0.4813 0.4426 0.2320 0.1478 0.1421 0.3833 0.5169 0.3073
0.5164 0.3790 0.1415 0.1483 0.2337 0.4455 0.4798 0.1860 0.1360 0.1842 0.3352 0.5174 0.3381 0.1377 0.1551 0.2563 0.4843 0.4493 0.1575 0.1397 0.2039 0.3855 0.5056 0.2551 0.1350 0.1694 0.2978 0.5154 0.3900 0.1424 0.1480 0.2344 0.4502 0.4750 0.1766 0.1368 0.1901 0.3522 0.5146 0.3061 0.1360 0.1607 0.2736 0.5031 0.4247 0.1489 0.1430 0.2167 0.4104 0.5022 0.3854 0.5022 0.4104 0.2167 0.1430 0.1489 0.4247 0.5031 0.2736 0.1607 0.1360 0.3061 0.5146 0.3522 0.1901 0.1368 0.1766 0.4750 0.4502 0.2344 0.1480 0.1424 0.3900 0.5154 0.2978 0.1694 0.1350 0.2551 0.5056 0.3855 0.2039 0.1397 0.1575 0.4493 0.4843 0.2563 0.1551 0.1377 0.3381 0.5174 0.3352 0.1842 0.1360 0.1860 0.4798 0.4455 0.2337 0.1483 0.1415 0.3790 0.5164
0.3763 0.1410 0.1489 0.2356 0.4488 0.4779 0.1833 0.1361 0.1849 0.3366 0.5173 0.3373 0.1377 0.1550 0.2557 0.4831 0.4506 0.1583 0.1395 0.2028 0.3828 0.5065 0.2596 0.1350 0.1685 0.2952 0.5146 0.3940 0.1430 0.1474 0.2324 0.4465 0.4773 0.1795 0.1366 0.1888 0.3489 0.5152 0.3114 0.1362 0.1599 0.2711 0.5010 0.4282 0.1498 0.1426 0.2154 0.4109 0.4972 0.2493 0.1408 0.2493 0.4972 0.4109 0.2154 0.1426 0.1498 0.4282 0.5010 0.2711 0.1599 0.1362 0.3114 0.5152 0.3489 0.1888 0.1366 0.1795 0.4773 0.4465 0.2324 0.1474 0.1430 0.3940 0.5146 0.2952 0.1685 0.1350 0.2596 0.5065 0.3828 0.2028 0.1395 0.1583 0.4506 0.4831 0.2557 0.1550 0.1377 0.3373 0.5173 0.3366 0.1849 0.1361 0.1833 0.4779 0.4488 0.2356 0.1489 0.1410 0.3763
0.1450 0.1496 0.2376 0.4524 0.4759 0.1806 0.1363 0.1859 0.3387 0.5171 0.3352 0.1376 0.1551 0.2557 0.4828 0.4514 0.1588 0.1394 0.2020 0.3805 0.5073 0.2638 0.1351 0.1677 0.2929 0.5138 0.3977 0.1436 0.1468 0.2304 0.4428 0.4795 0.1826 0.1364 0.1874 0.3455 0.5158 0.3167 0.1364 0.1590 0.2687 0.4988 0.4315 0.1508 0.1422 0.2138 0.4081 0.4972 0.2288 0.1344 0.1461 0.1344 0.2288 0.4972 0.4081 0.2138 0.1422 0.1508 0.4315 0.4988 0.2687 0.1590 0.1364 0.3167 0.5158 0.3455 0.1874 0.1364 0.1826 0.4795 0.4428 0.2304 0.1468 0.1436 0.3977 0.5138 0.2929 0.1677 0.1351 0.2638 0.5073 0.3805 0.2020 0.1394 0.1588 0.4514 0.4828 0.2557 0.1551 0.1376 0.3352 0.5171 0.3387 0.1859 0.1363 0.1806 0.4759 0.4524 0.2376 0.1496 0.1450
0.1531 0.2396 0.4560 0.4736 0.1777 0.1365 0.1870 0.3413 0.5169 0.3321 0.1374 0.1554 0.2563 0.4831 0.4514 0.1590 0.1393 0.2015 0.3789 0.5079 0.2671 0.1351 0.1670 0.2908 0.5130 0.4011 0.1441 0.1463 0.2286 0.4391 0.4816 0.1860 0.1362 0.1861 0.3422 0.5163 0.3219 0.1367 0.1582 0.2662 0.4965 0.4348 0.1518 0.1417 0.2121 0.4045 0.4984 0.2283 0.1349 0.1677 0.2290 0.1677 0.1349 0.2283 0.4984 0.4045 0.2121 0.1417 0.1518 0.4348 0.4965 0.2662 0.1582 0.1367 0.3219 0.5163 0.3422 0.1861 0.1362 0.1860 0.4816 0.4391 0.2286 0.1463 0.1441 0.4011 0.5130 0.2908 0.1670 0.1351 0.2671 0.5079 0.3789 0.2015 0.1393 0.1590 0.4514 0.4831 0.2563 0.1554 0.1374 0.3321 0.5169 0.3413 0.1870 0.1365 0.1777 0.4736 0.4560 0.2396 0.1531
0.2422 0.4596 0.4713 0.1750 0.1367 0.1882 0.3443 0.5165 0.3282 0.1372 0.1559 0.2575 0.4843 0.4506 0.1588 0.1393 0.2013 0.3780 0.5083 0.2694 0.1352 0.1664 0.2891 0.5122 0.4040 0.1446 0.1459 0.2270 0.4358 0.4836 0.1895 0.1360 0.1848 0.3389 0.5168 0.3271 0.1369 0.1574 0.2639 0.4940 0.4380 0.1528 0.1413 0.2104 0.4008 0.4998 0.2322 0.1350 0.1723 0.2927 0.4399 0.2927 0.1723 0.1350 0.2322 0.4998 0.4008 0.2104 0.1413 0.1528 0.4380 0.4940 0.2639 0.1574 0.1369 0.3271 0.5168 0.3389 0.1848 0.1360 0.1895 0.4836 0.4358 0.2270 0.1459 0.1446 0.4040 0.5122 0.2891 0.1664 0.1352 0.2694 0.5083 0.3780 0.2013 0.1393 0.1588 0.4506 0.4843 0.2575 0.1559 0.1372 0.3282 0.5165 0.3443 0.1882 0.1367 0.1750 0.4713 0.4596 0.2422
0.4604 0.4688 0.1724 0.1370 0.1896 0.3475 0.5160 0.3237 0.1370 0.1565 0.2590 0.4860 0.4493 0.1583 0.1394 0.2015 0.3780 0.5084 0.2708 0.1352 0.1660 0.2877 0.5115 0.4065 0.1451 0.1455 0.2256 0.4327 0.4853 0.1930 0.1358 0.1836 0.3358 0.5172 0.3321 0.1372 0.1566 0.2615 0.4913 0.4412 0.1540 0.1409 0.2088 0.3971 0.5013 0.2373 0.1350 0.1725 0.3034 0.5123 0.4823 0.5123 0.3034 0.1725 0.1350 0.2373 0.5013 0.3971 0.2088 0.1409 0.1540 0.4412 0.4913 0.2615 0.1566 0.1372 0.3321 0.5172 0.3358 0.1836 0.1358 0.1930 0.4853 0.4327 0.2256 0.1455 0.1451 0.4065 0.5115 0.2877 0.1660 0.1352 0.2708 0.5084 0.3780 0.2015 0.1394 0.1583 0.4493 0.4860 0.2590 0.1565 0.1370 0.3237 0.5160 0.3475 0.1896 0.1370 0.1724 0.4688 0.4604
0.4672 0.1701 0.1372 0.1909 0.3509 0.5155 0.3187 0.1368 0.1571 0.2609 0.4882 0.4473 0.1575 0.1395 0.2020 0.3789 0.5083 0.2708 0.1352 0.1658 0.2869 0.5110 0.4084 0.1455 0.1451 0.2243 0.4300 0.4867 0.1962 0.1357 0.1825 0.3328 0.5175 0.3371 0.1375 0.1558 0.2592 0.4886 0.4442 0.1552 0.1405 0.2072 0.3934 0.5027 0.2426 0.1350 0.1718 0.3037 0.5159 0.4053 0.1928 0.4053 0.5159 0.3037 0.1718 0.1350 0.2426 0.5027 0.3934 0.2072 0.1405 0.1552 0.4442 0.4886 0.2592 0.1558 0.1375 0.3371 0.5175 0.3328 0.1825 0.1357 0.1962 0.4867 0.4300 0.2243 0.1451 0.1455 0.4084 0.5110 0.2869 0.1658 0.1352 0.2708 0.5083 0.3789 0.2020 0.1395 0.1575 0.4473 0.4882 0.2609 0.1571 0.1368 0.3187 0.5155 0.3509 0.1909 0.1372 0.1701 0.4672
0.1720 0.1375 0.1923 0.3543 0.5148 0.3135 0.1365 0.1579 0.2630 0.4905 0.4449 0.1566 0.1397 0.2028 0.3805 0.5079 0.2694 0.1352 0.1658 0.2867 0.5107 0.4095 0.1458 0.1448 0.2232 0.4276 0.4880 0.1991 0.1356 0.1815 0.3301 0.5177 0.3415 0.1378 0.1551 0.2569 0.4857 0.4472 0.1564 0.1401 0.2056 0.3897 0.5040 0.2481 0.1350 0.1708 0.3016 0.5161 0.3901 0.1450 0.1347 0.1450 0.3901 0.5161 0.3016 0.1708 0.1350 0.2481 0.5040 0.3897 0.2056 0.1401 0.1564 0.4472 0.4857 0.2569 0.1551 0.1378 0.3415 0.5177 0.3301 0.1815 0.1356 0.1991 0.4880 0.4276 0.2232 0.1448 0.1458 0.4095 0.5107 0.2867 0.1658 0.1352 0.2694 0.5079 0.3805 0.2028 0.1397 0.1566 0.4449 0.4905 0.2630 0.1579 0.1365 0.3135 0.5148 0.3543 0.1923 0.1375 0.1720
0.1415 0.1937 0.3577 0.5142 0.3082 0.1363 0.1587 0.2653 0.4930 0.4422 0.1555 0.1400 0.2039 0.3828 0.5073 0.2671 0.1352 0.1660 0.2869 0.5107 0.4099 0.1460 0.1447 0.2225 0.4257 0.4891 0.2018 0.1355 0.1807 0.3277 0.5179 0.3456 0.1381 0.1544 0.2547 0.4828 0.4502 0.1578 0.1397 0.2040 0.3860 0.5053 0.2536 0.1350 0.1698 0.2989 0.5156 0.3896 0.1429 0.1441 0.1795 0.1441 0.1429 0.3896 0.5156 0.2989 0.1698 0.1350 0.2536 0.5053 0.3860 0.2040 0.1397 0.1578 0.4502 0.4828 0.2547 0.1544 0.1381 0.3456 0.5179 0.3277 0.1807 0.1355 0.2018 0.4891 0.4257 0.2225 0.1447 0.1460 0.4099 0.5107 0.2869 0.1660 0.1352 0.2671 0.5073 0.3828 0.2039 0.1400 0.1555 0.4422 0.4930 0.2653 0.1587 0.1363 0.3082 0.5142 0.3577 0.1937 0.1415
0.1966 0.3612 0.5134 0.3028 0.1361 0.1595 0.2677 0.4955 0.4393 0.1544 0.1404 0.2052 0.3855 0.5065 0.2638 0.1351 0.1664 0.2877 0.5110 0.4095 0.1460 0.1446 0.2221 0.4246 0.4899 0.2040 0.1354 0.1800 0.3257 0.5180 0.3492 0.1383 0.1538 0.2528 0.4800 0.4529 0.1592 0.1394 0.2025 0.3824 0.5065 0.2591 0.1350 0.1687 0.2962 0.5149 0.3927 0.1429 0.1466 0.2208 0.3260 0.2208 0.1466 0.1429 0.3927 0.5149 0.2962 0.1687 0.1350 0.2591 0.5065 0.3824 0.2025 0.1394 0.1592 0.4529 0.4800 0.2528 0.1538 0.1383 0.3492 0.5180 0.3257 0.1800 0.1354 0.2040 0.4899 0.4246 0.2221 0.1446 0.1460 0.4095 0.5110 0.2877 0.1664 0.1351 0.2638 0.5065 0.3855 0.2052 0.1404 0.1544 0.4393 0.4955 0.2677 0.1595 0.1361 0.3028 0.5134 0.3612 0.1966
0.3629 0.5126 0.2974 0.1359 0.1604 0.2701 0.4979 0.4361 0.1533 0.1407 0.2066 0.3886 0.5056 0.2596 0.1351 0.1670 0.2891 0.5115 0.4084 0.1458 0.1447 0.2221 0.4242 0.4902 0.2054 0.1354 0.1794 0.3240 0.5180 0.3523 0.1386 0.1533 0.2512 0.4775 0.4553 0.1605 0.1390 0.2010 0.3788 0.5077 0.2646 0.1351 0.1677 0.2934 0.5140 0.3966 0.1434 0.1468 0.2283 0.4210 0.5170 0.4210 0.2283 0.1468 0.1434 0.3966 0.5140 0.2934 0.1677 0.1351 0.2646 0.5077 0.3788 0.2010 0.1390 0.1605 0.4553 0.4775 0.2512 0.1533 0.1386 0.3523 0.5180 0.3240 0.1794 0.1354 0.2054 0.4902 0.4242 0.2221 0.1447 0.1458 0.4084 0.5115 0.2891 0.1670 0.1351 0.2596 0.5056 0.3886 0.2066 0.1407 0.1533 0.4361 0.4979 0.2701 0.1604 0.1359 0.2974 0.5126 0.3629
0.5116 0.2920 0.1358 0.1613 0.2726 0.5002 0.4328 0.1522 0.1411 0.2082 0.3920 0.5044 0.2551 0.1350 0.1677 0.2908 0.5122 0.4065 0.1455 0.1448 0.2225 0.4246 0.4902 0.2058 0.1353 0.1790 0.3227 0.5181 0.3549 0.1388 0.1529 0.2497 0.4752 0.4574 0.1618 0.1388 0.1996 0.3755 0.5087 0.2701 0.1352 0.1668 0.2907 0.5130 0.4005 0.1440 0.1464 0.2287 0.4351 0.4921 0.3563 0.4921 0.4351 0.2287 0.1464 0.1440 0.4005 0.5130 0.2907 0.1668 0.1352 0.2701 0.5087 0.3755 0.1996 0.1388 0.1618 0.4574 0.4752 0.2497 0.1529 0.1388 0.3549 0.5181 0.3227 0.1790 0.1353 0.2058 0.4902 0.4246 0.2225 0.1448 0.1455 0.4065 0.5122 0.2908 0.1677 0.1350 0.2551 0.5044 0.3920 0.2082 0.1411 0.1522 0.4328 0.5002 0.2726 0.1613 0.1358 0.2920 0.5116
0.2890 0.1356 0.1621 0.2751 0.5023 0.4295 0.1512 0.1416 0.2098 0.3956 0.5032 0.2502 0.1350 0.1685 0.2929 0.5130 0.4040 0.1451 0.1451 0.2232 0.4257 0.4899 0.2054 0.1353 0.1789 0.3221 0.5181 0.3568 0.1390 0.1525 0.2484 0.4732 0.4591 0.1630 0.1385 0.1984 0.3725 0.5097 0.2750 0.1352 0.1658 0.2880 0.5119 0.4044 0.1446 0.1459 0.2273 0.4356 0.4856 0.2148 0.1377 0.2148 0.4856 0.4356 0.2273 0.1459 0.1446 0.4044 0.5119 0.2880 0.1658 0.1352 0.2750 0.5097 0.3725 0.1984 0.1385 0.1630 0.4591 0.4732 0.2484 0.1525 0.1390 0.3568 0.5181 0.3221 0.1789 0.1353 0.2054 0.4899 0.4257 0.2232 0.1451 0.1451 0.4040 0.5130 0.2929 0.1685 0.1350 0.2502 0.5032 0.3956 0.2098 0.1416 0.1512 0.4295 0.5023 0.2751 0.1621 0.1356 0.2890
0.1398 0.1630 0.2776 0.5043 0.4261 0.1502 0.1420 0.2114 0.3993 0.5018 0.2448 0.1350 0.1694 0.2952 0.5138 0.4011 0.1446 0.1455 0.2243 0.4276 0.4891 0.2040 0.1354 0.1790 0.3221 0.5181 0.3577 0.1391 0.1522 0.2473 0.4713 0.4607 0.1641 0.1383 0.1974 0.3698 0.5105 0.2796 0.1353 0.1650 0.2855 0.5107 0.4082 0.1453 0.1454 0.2255 0.4328 0.4855 0.1975 0.1346 0.1501 0.1346 0.1975 0.4855 0.4328 0.2255 0.1454 0.1453 0.4082 0.5107 0.2855 0.1650 0.1353 0.2796 0.5105 0.3698 0.1974 0.1383 0.1641 0.4607 0.4713 0.2473 0.1522 0.1391 0.3577 0.5181 0.3221 0.1790 0.1354 0.2040 0.4891 0.4276 0.2243 0.1455 0.1446 0.4011 0.5138 0.2952 0.1694 0.1350 0.2448 0.5018 0.3993 0.2114 0.1420 0.1502 0.4261 0.5043 0.2776 0.1630 0.1398
0.1663 0.2802 0.5061 0.4226 0.1493 0.1424 0.2131 0.4031 0.5004 0.2394 0.1350 0.1704 0.2978 0.5146 0.3977 0.1441 0.1459 0.2256 0.4300 0.4880 0.2018 0.1354 0.1794 0.3227 0.5181 0.3577 0.1392 0.1521 0.2467 0.4700 0.4619 0.1650 0.1381 0.1965 0.3675 0.5111 0.2837 0.1354 0.1642 0.2832 0.5094 0.4118 0.1460 0.1448 0.2236 0.4292 0.4870 0.1971 0.1354 0.1747 0.2424 0.1747 0.1354 0.1971 0.4870 0.4292 0.2236 0.1448 0.1460 0.4118 0.5094 0.2832 0.1642 0.1354 0.2837 0.5111 0.3675 0.1965 0.1381 0.1650 0.4619 0.4700 0.2467 0.1521 0.1392 0.3577 0.5181 0.3227 0.1794 0.1354 0.2018 0.4880 0.4300 0.2256 0.1459 0.1441 0.3977 0.5146 0.2978 0.1704 0.1350 0.2394 0.5004 0.4031 0.2131 0.1424 0.1493 0.4226 0.5061 0.2802 0.1663
0.2825 0.5078 0.4191 0.1484 0.1429 0.2148 0.4068 0.4989 0.2341 0.1350 0.1714 0.3006 0.5154 0.3940 0.1436 0.1463 0.2270 0.4327 0.4867 0.1991 0.1355 0.1800 0.3240 0.5181 0.3568 0.1391 0.1521 0.2465 0.4693 0.4627 0.1658 0.1380 0.1958 0.3656 0.5117 0.2873 0.1355 0.1635 0.2813 0.5082 0.4149 0.1467 0.1444 0.2219 0.4255 0.4888 0.2003 0.1355 0.1797 0.3115 0.4637 0.3115 0.1797 0.1355 0.2003 0.4888 0.4255 0.2219 0.1444 0.1467 0.4149 0.5082 0.2813 0.1635 0.1355 0.2873 0.5117 0.3656 0.1958 0.1380 0.1658 0.4627 0.4693 0.2465 0.1521 0.1391 0.3568 0.5181 0.3240 0.1800 0.1355 0.1991 0.4867 0.4327 0.2270 0.1463 0.1436 0.3940 0.5154 0.3006 0.1714 0.1350 0.2341 0.4989 0.4068 0.2148 0.1429 0.1484 0.4191 0.5078 0.2825
0.5077 0.4155 0.1476 0.1434 0.2166 0.4106 0.4973 0.2288 0.1350 0.1725 0.3035 0.5160 0.3900 0.1430 0.1468 0.2286 0.4358 0.4853 0.1962 0.1356 0.1807 0.3257 0.5180 0.3549 0.1390 0.1522 0.2467 0.4693 0.4630 0.1662 0.1379 0.1953 0.3640 0.5121 0.2903 0.1356 0.1630 0.2795 0.5071 0.4176 0.1473 0.1439 0.2202 0.4219 0.4906 0.2044 0.1354 0.1800 0.3229 0.5167 0.4678 0.5167 0.3229 0.1800 0.1354 0.2044 0.4906 0.4219 0.2202 0.1439 0.1473 0.4176 0.5071 0.2795 0.1630 0.1356 0.2903 0.5121 0.3640 0.1953 0.1379 0.1662 0.4630 0.4693 0.2467 0.1522 0.1390 0.3549 0.5180 0.3257 0.1807 0.1356 0.1962 0.4853 0.4358 0.2286 0.1468 0.1430 0.3900 0.5160 0.3035 0.1725 0.1350 0.2288 0.4973 0.4106 0.2166 0.1434 0.1476 0.4155 0.5077
0.4132 0.1468 0.1439 0.2183 0.4144 0.4957 0.2236 0.1350 0.1736 0.3064 0.5166 0.3858 0.1424 0.1474 0.2304 0.4391 0.4836 0.1930 0.1357 0.1815 0.3277 0.5180 0.3523 0.1388 0.1525 0.2473 0.4700 0.4627 0.1662 0.1379 0.1950 0.3630 0.5125 0.2928 0.1357 0.1625 0.2780 0.5060 0.4200 0.1479 0.1436 0.2188 0.4187 0.4922 0.2086 0.1353 0.1791 0.3233 0.5179 0.3785 0.1715 0.3785 0.5179 0.3233 0.1791 0.1353 0.2086 0.4922 0.4187 0.2188 0.1436 0.1479 0.4200 0.5060 0.2780 0.1625 0.1357 0.2928 0.5125 0.3630 0.1950 0.1379 0.1662 0.4627 0.4700 0.2473 0.1525 0.1388 0.3523 0.5180 0.3277 0.1815 0.1357 0.1930 0.4836 0.4391 0.2304 0.1474 0.1424 0.3858 0.5166 0.3064 0.1736 0.1350 0.2236 0.4957 0.4144 0.2183 0.1439 0.1468 0.4132
0.1504 0.1443 0.2201 0.4181 0.4941 0.2185 0.1351 0.1747 0.3093 0.5171 0.3816 0.1419 0.1480 0.2324 0.4428 0.4816 0.1895 0.1358 0.1825 0.3301 0.5179 0.3492 0.1386 0.1529 0.2484 0.4713 0.4619 0.1658 0.1379 0.1950 0.3626 0.5126 0.2944 0.1357 0.1621 0.2767 0.5051 0.4220 0.1484 0.1433 0.2176 0.4159 0.4936 0.2126 0.1352 0.1782 0.3212 0.5180 0.3614 0.1409 0.1360 0.1409 0.3614 0.5180 0.3212 0.1782 0.1352 0.2126 0.4936 0.4159 0.2176 0.1433 0.1484 0.4220 0.5051 0.2767 0.1621 0.1357 0.2944 0.5126 0.3626 0.1950 0.1379 0.1658 0.4619 0.4713 0.2484 0.1529 0.1386 0.3492 0.5179 0.3301 0.1825 0.1358 0.1895 0.4816 0.4428 0.2324 0.1480 0.1419 0.3816 0.5171 0.3093 0.1747 0.1351 0.2185 0.4941 0.4181 0.2201 0.1443 0.1504
0.1481 0.2219 0.4219 0.4923 0.2136 0.1351 0.1758 0.3122 0.5175 0.3773 0.1413 0.1486 0.2344 0.4465 0.4795 0.1860 0.1360 0.1836 0.3328 0.5177 0.3456 0.1383 0.1533 0.2497 0.4732 0.4607 0.1650 0.1380 0.1953 0.3630 0.5126 0.2949 0.1358 0.1618 0.2758 0.5042 0.4238 0.1489 0.1430 0.2165 0.4134 0.4948 0.2163 0.1352 0.1772 0.3187 0.5180 0.3606 0.1395 0.1477 0.1879 0.1477 0.1395 0.3606 0.5180 0.3187 0.1772 0.1352 0.2163 0.4948 0.4134 0.2165 0.1430 0.1489 0.4238 0.5042 0.2758 0.1618 0.1358 0.2949 0.5126 0.3630 0.1953 0.1380 0.1650 0.4607 0.4732 0.2497 0.1533 0.1383 0.3456 0.5177 0.3328 0.1836 0.1360 0.1860 0.4795 0.4465 0.2344 0.1486 0.1413 0.3773 0.5175 0.3122 0.1758 0.1351 0.2136 0.4923 0.4219 0.2219 0.1481
0.2246 0.4257 0.4905 0.2089 0.1352 0.1769 0.3152 0.5178 0.3729 0.1408 0.1492 0.2364 0.4502 0.4773 0.1826 0.1362 0.1848 0.3358 0.5175 0.3415 0.1381 0.1538 0.2512 0.4752 0.4591 0.1641 0.1381 0.1958 0.3640 0.5125 0.2944 0.1358 0.1617 0.2753 0.5036 0.4251 0.1493 0.1428 0.2157 0.4114 0.4958 0.2195 0.1351 0.1764 0.3164 0.5180 0.3633 0.1395 0.1507 0.2334 0.3478 0.2334 0.1507 0.1395 0.3633 0.5180 0.3164 0.1764 0.1351 0.2195 0.4958 0.4114 0.2157 0.1428 0.1493 0.4251 0.5036 0.2753 0.1617 0.1358 0.2944 0.5125 0.3640 0.1958 0.1381 0.1641 0.4591 0.4752 0.2512 0.1538 0.1381 0.3415 0.5175 0.3358 0.1848 0.1362 0.1826 0.4773 0.4502 0.2364 0.1492 0.1408 0.3729 0.5178 0.3152 0.1769 0.1352 0.2089 0.4905 0.4257 0.2246
0.4269 0.4887 0.2043 0.1353 0.1781 0.3183 0.5179 0.3684 0.1404 0.1498 0.2384 0.4538 0.4750 0.1795 0.1364 0.1861 0.3389 0.5172 0.3371 0.1378 0.1544 0.2528 0.4775 0.4574 0.1630 0.1383 0.1965 0.3656 0.5121 0.2928 0.1357 0.1618 0.2753 0.5034 0.4257 0.1495 0.1426 0.2149 0.4097 0.4966 0.2223 0.1351 0.1756 0.3143 0.5179 0.3665 0.1398 0.1510 0.2417 0.4460 0.5147 0.4460 0.2417 0.1510 0.1398 0.3665 0.5179 0.3143 0.1756 0.1351 0.2223 0.4966 0.4097 0.2149 0.1426 0.1495 0.4257 0.5034 0.2753 0.1618 0.1357 0.2928 0.5121 0.3656 0.1965 0.1383 0.1630 0.4574 0.4775 0.2528 0.1544 0.1378 0.3371 0.5172 0.3389 0.1861 0.1364 0.1795 0.4750 0.4538 0.2384 0.1498 0.1404 0.3684 0.5179 0.3183 0.1781 0.1353 0.2043 0.4887 0.4269
0.4873 0.1999 0.1354 0.1793 0.3213 0.5180 0.3638 0.1399 0.1505 0.2404 0.4574 0.4727 0.1766 0.1366 0.1874 0.3422 0.5168 0.3321 0.1375 0.1551 0.2547 0.4800 0.4553 0.1618 0.1385 0.1974 0.3675 0.5117 0.2903 0.1357 0.1621 0.2758 0.5036 0.4257 0.1496 0.1425 0.2144 0.4084 0.4972 0.2246 0.1351 0.1750 0.3125 0.5177 0.3696 0.1401 0.1507 0.2424 0.4600 0.4790 0.3231 0.4790 0.4600 0.2424 0.1507 0.1401 0.3696 0.5177 0.3125 0.1750 0.1351 0.2246 0.4972 0.4084 0.2144 0.1425 0.1496 0.4257 0.5036 0.2758 0.1621 0.1357 0.2903 0.5117 0.3675 0.1974 0.1385 0.1618 0.4553 0.4800 0.2547 0.1551 0.1375 0.3321 0.5168 0.3422 0.1874 0.1366 0.1766 0.4727 0.4574 0.2404 0.1505 0.1399 0.3638 0.5180 0.3213 0.1793 0.1354 0.1999 0.4873
0.1993 0.1356 0.1804 0.3244 0.5181 0.3592 0.1395 0.1511 0.2425 0.4610 0.4703 0.1739 0.1368 0.1888 0.3455 0.5163 0.3271 0.1372 0.1558 0.2569 0.4828 0.4529 0.1605 0.1388 0.1984 0.3698 0.5111 0.2873 0.1356 0.1625 0.2767 0.5042 0.4251 0.1495 0.1425 0.2143 0.4076 0.4976 0.2264 0.1350 0.1745 0.3110 0.5176 0.3723 0.1404 0.1503 0.2415 0.4613 0.4705 0.1857 0.1356 0.1857 0.4705 0.4613 0.2415 0.1503 0.1404 0.3723 0.5176 0.3110 0.1745 0.1350 0.2264 0.4976 0.4076 0.2143 0.1425 0.1495 0.4251 0.5042 0.2767 0.1625 0.1356 0.2873 0.5111 0.3698 0.1984 0.1388 0.1605 0.4529 0.4828 0.2569 0.1558 0.1372 0.3271 0.5163 0.3455 0.1888 0.1368 0.1739 0.4703 0.4610 0.2425 0.1511 0.1395 0.3592 0.5181 0.3244 0.1804 0.1356 0.1993
0.1398 0.1817 0.3275 0.5180 0.3545 0.1391 0.1518 0.2446 0.4645 0.4678 0.1715 0.1371 0.1901 0.3489 0.5158 0.3219 0.1369 0.1566 0.2592 0.4857 0.4502 0.1592 0.1390 0.1996 0.3725 0.5105 0.2837 0.1355 0.1630 0.2780 0.5051 0.4238 0.1493 0.1426 0.2144 0.4076 0.4978 0.2274 0.1350 0.1741 0.3098 0.5174 0.3745 0.1406 0.1499 0.2404 0.4599 0.4697 0.1738 0.1354 0.1551 0.1354 0.1738 0.4697 0.4599 0.2404 0.1499 0.1406 0.3745 0.5174 0.3098 0.1741 0.1350 0.2274 0.4978 0.4076 0.2144 0.1426 0.1493 0.4238 0.5051 0.2780 0.1630 0.1355 0.2837 0.5105 0.3725 0.1996 0.1390 0.1592 0.4502 0.4857 0.2592 0.1566 0.1369 0.3219 0.5158 0.3489 0.1901 0.1371 0.1715 0.4678 0.4645 0.2446 0.1518 0.1391 0.3545 0.5180 0.3275 0.1817 0.1398
0.1847 0.3307 0.5179 0.3497 0.1387 0.1525 0.2468 0.4679 0.4653 0.1692 0.1373 0.1915 0.3522 0.5152 0.3167 0.1367 0.1574 0.2615 0.4886 0.4472 0.1578 0.1394 0.2010 0.3755 0.5097 0.2796 0.1354 0.1635 0.2795 0.5060 0.4220 0.1489 0.1428 0.2149 0.4084 0.4976 0.2274 0.1350 0.1739 0.3090 0.5173 0.3762 0.1409 0.1496 0.2393 0.4581 0.4705 0.1728 0.1367 0.1832 0.2583 0.1832 0.1367 0.1728 0.4705 0.4581 0.2393 0.1496 0.1409 0.3762 0.5173 0.3090 0.1739 0.1350 0.2274 0.4976 0.4084 0.2149 0.1428 0.1489 0.4220 0.5060 0.2795 0.1635 0.1354 0.2796 0.5097 0.3755 0.2010 0.1394 0.1578 0.4472 0.4886 0.2615 0.1574 0.1367 0.3167 0.5152 0.3522 0.1915 0.1373 0.1692 0.4653 0.4679 0.2468 0.1525 0.1387 0.3497 0.5179 0.3307 0.1847
0.3326 0.5177 0.3448 0.1383 0.1532 0.2489 0.4713 0.4627 0.1671 0.1376 0.1929 0.3557 0.5146 0.3114 0.1364 0.1582 0.2639 0.4913 0.4442 0.1564 0.1397 0.2025 0.3788 0.5087 0.2750 0.1353 0.1642 0.2813 0.5071 0.4200 0.1484 0.1430 0.2157 0.4097 0.4972 0.2264 0.1350 0.1739 0.3087 0.5172 0.3774 0.1410 0.1494 0.2384 0.4564 0.4716 0.1736 0.1369 0.1891 0.3341 0.4869 0.3341 0.1891 0.1369 0.1736 0.4716 0.4564 0.2384 0.1494 0.1410 0.3774 0.5172 0.3087 0.1739 0.1350 0.2264 0.4972 0.4097 0.2157 0.1430 0.1484 0.4200 0.5071 0.2813 0.1642 0.1353 0.2750 0.5087 0.3788 0.2025 0.1397 0.1564 0.4442 0.4913 0.2639 0.1582 0.1364 0.3114 0.5146 0.3557 0.1929 0.1376 0.1671 0.4627 0.4713 0.2489 0.1532 0.1383 0.3448 0.5177 0.3326
0.5169 0.3399 0.1380 0.1539 0.2511 0.4746 0.4601 0.1651 0.1379 0.1943 0.3591 0.5139 0.3061 0.1362 0.1590 0.2662 0.4940 0.4412 0.1552 0.1401 0.2040 0.3824 0.5077 0.2701 0.1352 0.1650 0.2832 0.5082 0.4176 0.1479 0.1433 0.2165 0.4114 0.4966 0.2246 0.1350 0.1741 0.3090 0.5172 0.3779 0.1411 0.1492 0.2377 0.4550 0.4726 0.1746 0.1369 0.1899 0.3474 0.5169 0.4480 0.5169 0.3474 0.1899 0.1369 0.1746 0.4726 0.4550 0.2377 0.1492 0.1411 0.3779 0.5172 0.3090 0.1741 0.1350 0.2246 0.4966 0.4114 0.2165 0.1433 0.1479 0.4176 0.5082 0.2832 0.1650 0.1352 0.2701 0.5077 0.3824 0.2040 0.1401 0.1552 0.4412 0.4940 0.2662 0.1590 0.1362 0.3061 0.5139 0.3591 0.1943 0.1379 0.1651 0.4601 0.4746 0.2511 0.1539 0.1380 0.3399 0.5169
0.3369 0.1377 0.1547 0.2534 0.4779 0.4574 0.1633 0.1382 0.1957 0.3626 0.5131 0.3007 0.1360 0.1599 0.2687 0.4965 0.4380 0.1540 0.1405 0.2056 0.3860 0.5065 0.2646 0.1352 0.1658 0.2855 0.5094 0.4149 0.1473 0.1436 0.2176 0.4134 0.4958 0.2223 0.1351 0.1745 0.3098 0.5173 0.3774 0.1411 0.1491 0.2373 0.4540 0.4734 0.1756 0.1368 0.1897 0.3494 0.5157 0.3427 0.1568 0.3427 0.5157 0.3494 0.1897 0.1368 0.1756 0.4734 0.4540 0.2373 0.1491 0.1411 0.3774 0.5173 0.3098 0.1745 0.1351 0.2223 0.4958 0.4134 0.2176 0.1436 0.1473 0.4149 0.5094 0.2855 0.1658 0.1352 0.2646 0.5065 0.3860 0.2056 0.1405 0.1540 0.4380 0.4965 0.2687 0.1599 0.1360 0.3007 0.5131 0.3626 0.1957 0.1382 0.1633 0.4574 0.4779 0.2534 0.1547 0.1377 0.3369
0.1418 0.1554 0.2556 0.4810 0.4546 0.1616 0.1385 0.1971 0.3661 0.5122 0.2953 0.1359 0.1607 0.2711 0.4988 0.4348 0.1528 0.1409 0.2072 0.3897 0.5053 0.2591 0.1351 0.1668 0.2880 0.5107 0.4118 0.1467 0.1439 0.2188 0.4159 0.4948 0.2195 0.1351 0.1750 0.3110 0.5174 0.3762 0.1410 0.1492 0.2373 0.4536 0.4738 0.1763 0.1367 0.1893 0.3489 0.5155 0.3213 0.1375 0.1382 0.1375 0.3213 0.5155 0.3489 0.1893 0.1367 0.1763 0.4738 0.4536 0.2373 0.1492 0.1410 0.3762 0.5174 0.3110 0.1750 0.1351 0.2195 0.4948 0.4159 0.2188 0.1439 0.1467 0.4118 0.5107 0.2880 0.1668 0.1351 0.2591 0.5053 0.3897 0.2072 0.1409 0.1528 0.4348 0.4988 0.2711 0.1607 0.1359 0.2953 0.5122 0.3661 0.1971 0.1385 0.1616 0.4546 0.4810 0.2556 0.1554 0.1418
0.1588 0.2579 0.4841 0.4518 0.1600 0.1388 0.1986 0.3696 0.5114 0.2898 0.1357 0.1616 0.2736 0.5010 0.4315 0.1518 0.1413 0.2088 0.3934 0.5040 0.2536 0.1350 0.1677 0.2907 0.5119 0.4082 0.1460 0.1444 0.2202 0.4187 0.4936 0.2163 0.1351 0.1756 0.3125 0.5176 0.3745 0.1409 0.1494 0.2377 0.4540 0.4738 0.1766 0.1367 0.1890 0.3481 0.5156 0.3178 0.1367 0.1532 0.1996 0.1532 0.1367 0.3178 0.5156 0.3481 0.1890 0.1367 0.1766 0.4738 0.4540 0.2377 0.1494 0.1409 0.3745 0.5176 0.3125 0.1756 0.1351 0.2163 0.4936 0.4187 0.2202 0.1444 0.1460 0.4082 0.5119 0.2907 0.1677 0.1350 0.2536 0.5040 0.3934 0.2088 0.1413 0.1518 0.4315 0.5010 0.2736 0.1616 0.1357 0.2898 0.5114 0.3696 0.1986 0.1388 0.1600 0.4518 0.4841 0.2579 0.1588
0.2603 0.4870 0.4489 0.1585 0.1392 0.2001 0.3732 0.5104 0.2843 0.1355 0.1625 0.2761 0.5031 0.4282 0.1508 0.1417 0.2104 0.3971 0.5027 0.2481 0.1350 0.1687 0.2934 0.5130 0.4044 0.1453 0.1448 0.2219 0.4219 0.4922 0.2126 0.1352 0.1764 0.3143 0.5177 0.3723 0.1406 0.1496 0.2384 0.4550 0.4734 0.1763 0.1367 0.1888 0.3476 0.5157 0.3180 0.1366 0.1570 0.2513 0.3772 0.2513 0.1570 0.1366 0.3180 0.5157 0.3476 0.1888 0.1367 0.1763 0.4734 0.4550 0.2384 0.1496 0.1406 0.3723 0.5177 0.3143 0.1764 0.1352 0.2126 0.4922 0.4219 0.2219 0.1448 0.1453 0.4044 0.5130 0.2934 0.1687 0.1350 0.2481 0.5027 0.3971 0.2104 0.1417 0.1508 0.4282 0.5031 0.2761 0.1625 0.1355 0.2843 0.5104 0.3732 0.2001 0.1392 0.1585 0.4489 0.4870 0.2603
0.4874 0.4459 0.1572 0.1395 0.2016 0.3768 0.5094 0.2788 0.1354 0.1634 0.2787 0.5050 0.4247 0.1498 0.1422 0.2121 0.4008 0.5013 0.2426 0.1350 0.1698 0.2962 0.5140 0.4005 0.1446 0.1454 0.2236 0.4255 0.4906 0.2086 0.1352 0.1772 0.3164 0.5179 0.3696 0.1404 0.1499 0.2393 0.4564 0.4726 0.1756 0.1367 0.1890 0.3476 0.5158 0.3185 0.1366 0.1578 0.2616 0.4765 0.5077 0.4765 0.2616 0.1578 0.1366 0.3185 0.5158 0.3476 0.1890 0.1367 0.1756 0.4726 0.4564 0.2393 0.1499 0.1404 0.3696 0.5179 0.3164 0.1772 0.1352 0.2086 0.4906 0.4255 0.2236 0.1454 0.1446 0.4005 0.5140 0.2962 0.1698 0.1350 0.2426 0.5013 0.4008 0.2121 0.1422 0.1498 0.4247 0.5050 0.2787 0.1634 0.1354 0.2788 0.5094 0.3768 0.2016 0.1395 0.1572 0.4459 0.4874
0.4440 0.1559 0.1399 0.2031 0.3804 0.5083 0.2733 0.1353 0.1643 0.2812 0.5068 0.4213 0.1489 0.1426 0.2138 0.4045 0.4998 0.2373 0.1350 0.1708 0.2989 0.5149 0.3966 0.1440 0.1459 0.2255 0.4292 0.4888 0.2044 0.1353 0.1782 0.3187 0.5180 0.3665 0.1401 0.1503 0.2404 0.4581 0.4716 0.1746 0.1368 0.1893 0.3481 0.5157 0.3185 0.1366 0.1579 0.2636 0.4897 0.4572 0.2753 0.4572 0.4897 0.2636 0.1579 0.1366 0.3185 0.5157 0.3481 0.1893 0.1368 0.1746 0.4716 0.4581 0.2404 0.1503 0.1401 0.3665 0.5180 0.3187 0.1782 0.1353 0.2044 0.4888 0.4292 0.2255 0.1459 0.1440 0.3966 0.5149 0.2989 0.1708 0.1350 0.2373 0.4998 0.4045 0.2138 0.1426 0.1489 0.4213 0.5068 0.2812 0.1643 0.1353 0.2733 0.5083 0.3804 0.2031 0.1399 0.1559 0.4440
0.1589 0.1402 0.2046 0.3838 0.5072 0.2680 0.1352 0.1652 0.2837 0.5083 0.4179 0.1481 0.1430 0.2154 0.4081 0.4984 0.2322 0.1350 0.1718 0.3016 0.5156 0.3927 0.1434 0.1464 0.2273 0.4328 0.4870 0.2003 0.1354 0.1791 0.3212 0.5180 0.3633 0.1398 0.1507 0.2415 0.4599 0.4705 0.1736 0.1369 0.1897 0.3489 0.5156 0.3180 0.1366 0.1579 0.2640 0.4921 0.4448 0.1624 0.1342 0.1624 0.4448 0.4921 0.2640 0.1579 0.1366 0.3180 0.5156 0.3489 0.1897 0.1369 0.1736 0.4705 0.4599 0.2415 0.1507 0.1398 0.3633 0.5180 0.3212 0.1791 0.1354 0.2003 0.4870 0.4328 0.2273 0.1464 0.1434 0.3927 0.5156 0.3016 0.1718 0.1350 0.2322 0.4984 0.4081 0.2154 0.1430 0.1481 0.4179 0.5083 0.2837 0.1652 0.1352 0.2680 0.5072 0.3838 0.2046 0.1402 0.1589
0.1440 0.2058 0.3865 0.5063 0.2639 0.1351 0.1659 0.2857 0.5094 0.4152 0.1475 0.1434 0.2167 0.4109 0.4972 0.2283 0.1350 0.1725 0.3037 0.5161 0.3896 0.1429 0.1468 0.2287 0.4356 0.4855 0.1971 0.1355 0.1800 0.3233 0.5180 0.3606 0.1395 0.1510 0.2424 0.4613 0.4697 0.1728 0.1369 0.1899 0.3494 0.5155 0.3178 0.1366 0.1578 0.2636 0.4921 0.4425 0.1563 0.1377 0.1629 0.1377 0.1563 0.4425 0.4921 0.2636 0.1578 0.1366 0.3178 0.5155 0.3494 0.1899 0.1369 0.1728 0.4697 0.4613 0.2424 0.1510 0.1395 0.3606 0.5180 0.3233 0.1800 0.1355 0.1971 0.4855 0.4356 0.2287 0.1468 0.1429 0.3896 0.5161 0.3037 0.1725 0.1350 0.2283 0.4972 0.4109 0.2167 0.1434 0.1475 0.4152 0.5094 0.2857 0.1659 0.1351 0.2639 0.5063 0.3865 0.2058 0.1440
0.2067 0.3860 0.5063 0.2645 0.1350 0.1656 0.2853 0.5091 0.4156 0.1475 0.1432 0.2164 0.4104 0.4972 0.2288 0.1349 0.1723 0.3034 0.5159 0.3901 0.1429 0.1466 0.2283 0.4351 0.4856 0.1975 0.1354 0.1797 0.3229 0.5179 0.3614 0.1395 0.1507 0.2417 0.4600 0.4705 0.1738 0.1367 0.1891 0.3474 0.5157 0.3213 0.1367 0.1570 0.2616 0.4897 0.4448 0.1563 0.1393 0.1946 0.2791 0.1946 0.1393 0.1563 0.4448 0.4897 0.2616 0.1570 0.1367 0.3213 0.5157 0.3474 0.1891 0.1367 0.1738 0.4705 0.4600 0.2417 0.1507 0.1395 0.3614 0.5179 0.3229 0.1797 0.1354 0.1975 0.4856 0.4351 0.2283 0.1466 0.1429 0.3901 0.5159 0.3034 0.1723 0.1349 0.2288 0.4972 0.4104 0.2164 0.1432 0.1475 0.4156 0.5091 0.2853 0.1656 0.1350 0.2645 0.5063 0.3860 0.2067
0.3704 0.5098 0.2856 0.1350 0.1615 0.2753 0.5023 0.4288 0.1505 0.1410 0.2094 0.3965 0.5022 0.2493 0.1344 0.1677 0.2927 0.5123 0.4053 0.1450 0.1441 0.2208 0.4210 0.4921 0.2148 0.1346 0.1747 0.3115 0.5167 0.3785 0.1409 0.1477 0.2334 0.4460 0.4790 0.1857 0.1354 0.1832 0.3341 0.5169 0.3427 0.1375 0.1532 0.2513 0.4765 0.4572 0.1624 0.1377 0.1946 0.3482 0.4972 0.3482 0.1946 0.1377 0.1624 0.4572 0.4765 0.2513 0.1532 0.1375 0.3427 0.5169 0.3341 0.1832 0.1354 0.1857 0.4790 0.4460 0.2334 0.1477 0.1409 0.3785 0.5167 0.3115 0.1747 0.1346 0.2148 0.4921 0.4210 0.2208 0.1441 0.1450 0.4053 0.5123 0.2927 0.1677 0.1344 0.2493 0.5022 0.3965 0.2094 0.1410 0.1505 0.4288 0.5023 0.2753 0.1615 0.1350 0.2856 0.5098 0.3704
0.5093 0.4108 0.1451 0.1426 0.2168 0.4151 0.4943 0.2234 0.1341 0.1720 0.3060 0.5159 0.3854 0.1408 0.1461 0.2290 0.4399 0.4823 0.1928 0.1347 0.1795 0.3260 0.5170 0.3563 0.1377 0.1501 0.2424 0.4637 0.4678 0.1715 0.1360 0.1879 0.3478 0.5147 0.3231 0.1356 0.1551 0.2583 0.4869 0.4480 0.1568 0.1382 0.1996 0.3772 0.5077 0.2753 0.1342 0.1629 0.2791 0.4972 0.4976 0.4972 0.2791 0.1629 0.1342 0.2753 0.5077 0.3772 0.1996 0.1382 0.1568 0.4480 0.4869 0.2583 0.1551 0.1356 0.3231 0.5147 0.3478 0.1879 0.1360 0.1715 0.4678 0.4637 0.2424 0.1501 0.1377 0.3563 0.5170 0.3260 0.1795 0.1347 0.1928 0.4823 0.4399 0.2290 0.1461 0.1408 0.3854 0.5159 0.3060 0.1720 0.1341 0.2234 0.4943 0.4151 0.2168 0.1426 0.1451 0.4108 0.5093
0.3704 0.5098 0.2856 0.1350 0.1615 0.2753 0.5023 0.4288 0.1505 0.1410 0.2094 0.3965 0.5022 0.2493 0.1344 0.1677 0.2927 0.5123 0.4053 0.1450 0.1441 0.2208 0.4210 0.4921 0.2148 0.1346 0.1747 0.3115 0.5167 0.3785 0.1409 0.1477 0.2334 0.4460 0.4790 0.1857 0.1354 0.1832 0.3341 0.5169 0.3427 0.1375 0.1532 0.2513 0.4765 0.4572 0.1624 0.1377 0.1946 0.3482 0.4972 0.3482 0.1946 0.1377 0.1624 0.4572 0.4765 0.2513 0.1532 0.1375 0.3427 0.5169 0.3341 0.1832 0.1354 0.1857 0.4790 0.4460 0.2334 0.1477 0.1409 0.3785 0.5167 0.3115 0.1747 0.1346 0.2148 0.4921 0.4210 0.2208 0.1441 0.1450 0.4053 0.5123 0.2927 0.1677 0.1344 0.2493 0.5022 0.3965 0.2094 0.1410 0.1505 0.4288 0.5023 0.2753 0.1615 0.1350 0.2856 0.5098 0.3704
0.2067 0.3860 0.5063 0.2645 0.1350 0.1656 0.2853 0.5091 0.4156 0.1475 0.1432 0.2164 0.4104 0.4972 0.2288 0.1349 0.1723 0.3034 0.5159 0.3901 0.1429 0.1466 0.2283 0.4351 0.4856 0.1975 0.1354 0.1797 0.3229 0.5179 0.3614 0.1395 0.1507 0.2417 0.4600 0.4705 0.1738 0.1367 0.1891 0.3474 0.5157 0.3213 0.1367 0.1570 0.2616 0.4897 0.4448 0.1563 0.1393 0.1946 0.2791 0.1946 0.1393 0.1563 0.4448 0.4897 0.2616 0.1570 0.1367 0.3213 0.5157 0.3474 0.1891 0.1367 0.1738 0.4705 0.4600 0.2417 0.1507 0.1395 0.3614 0.5179 0.3229 0.1797 0.1354 0.1975 0.4856 0.4351 0.2283 0.1466 0.1429 0.3901 0.5159 0.3034 0.1723 0.1349 0.2288 0.4972 0.4104 0.2164 0.1432 0.1475 0.4156 0.5091 0.2853 0.1656 0.1350 0.2645 0.5063 0.3860 0.2067
0.1440 0.2058 0.3865 0.5063 0.2639 0.1351 0.1659 0.2857 0.5094 0.4152 0.1475 0.1434 0.2167 0.4109 0.4972 0.2283 0.1350 0.1725 0.3037 0.5161 0.3896 0.1429 0.1468 0.2287 0.4356 0.4855 0.1971 0.1355 0.1800 0.3233 0.5180 0.3606 0.1395 0.1510 0.2424 0.4613 0.4697 0.1728 0.1369 0.1899 0.3494 0.5155 0.3178 0.1366 0.1578 0.2636 0.4921 0.4425 0.1563 0.1377 0.1629 0.1377 0.1563 0.4425 0.4921 0.2636 0.1578 0.1366 0.3178 0.5155 0.3494 0.1899 0.1369 0.1728 0.4697 0.4613 0.2424 0.1510 0.1395 0.3606 0.5180 0.3233 0.1800 0.1355 0.1971 0.4855 0.4356 0.2287 0.1468 0.1429 0.3896 0.5161 0.3037 0.1725 0.1350 0.2283 0.4972 0.4109 0.2167 0.1434 0.1475 0.4152 0.5094 0.2857 0.1659 0.1351 0.2639 0.5063 0.3865 0.2058 0.1440
0.1589 0.1402 0.2046 0.3838 0.5072 0.2680 0.1352 0.1652 0.2837 0.5083 0.4179 0.1481 0.1430 0.2154 0.4081 0.4984 0.2322 0.1350 0.1718 0.3016 0.5156 0.3927 0.1434 0.1464 0.2273 0.4328 0.4870 0.2003 0.1354 0.1791 0.3212 0.5180 0.3633 0.1398 0.1507 0.2415 0.4599 0.4705 0.1736 0.1369 0.1897 0.3489 0.5156 0.3180 0.1366 0.1579 0.2640 0.4921 0.4448 0.1624 0.1342 0.1624 0.4448 0.4921 0.2640 0.1579 0.1366 0.3180 0.5156 0.3489 0.1897 0.1369 0.1736 0.4705 0.4599 0.2415 0.1507 0.1398 0.3633 0.5180 0.3212 0.1791 0.1354 0.2003 0.4870 0.4328 0.2273 0.1464 0.1434 0.3927 0.5156 0.3016 0.1718 0.1350 0.2322 0.4984 0.4081 0.2154 0.1430 0.1481 0.4179 0.5083 0.2837 0.1652 0.1352 0.2680 0.5072 0.3838 0.2046 0.1402 0.1589
0.4440 0.1559 0.1399 0.2031 0.3804 0.5083 0.2733 0.1353 0.1643 0.2812 0.5068 0.4213 0.1489 0.1426 0.2138 0.4045 0.4998 0.2373 0.1350 0.1708 0.2989 0.5149 0.3966 0.1440 0.1459 0.2255 0.4292 0.4888 0.2044 0.1353 0.1782 0.3187 0.5180 0.3665 0.1401 0.1503 0.2404 0.4581 0.4716 0.1746 0.1368 0.1893 0.3481 0.5157 0.3185 0.1366 0.1579 0.2636 0.4897 0.4572 0.2753 0.4572 0.4897 0.2636 0.1579 0.1366 0.3185 0.5157 0.3481 0.1893 0.1368 0.1746 0.4716 0.4581 0.2404 0.1503 0.1401 0.3665 0.5180 0.3187 0.1782 0.1353 0.2044 0.4888 0.4292 0.2255 0.1459 0.1440 0.3966 0.5149 0.2989 0.1708 0.1350 0.2373 0.4998 0.4045 0.2138 0.1426 0.1489 0.4213 0.5068 0.2812 0.1643 0.1353 0.2733 0.5083 0.3804 0.2031 0.1399 0.1559 0.4440
