-0.2103 -0.3158 -0.3847 0.0209 0.2634 -0.1665 -0.2820 -0.3662 -0.2372 0.1778 -0.0583 -0.2462 -0.3378 -0.3767 0.0913 0.2618 -0.2024 -0.3048 -0.3801 -0.0393 0.2360 -0.1424 -0.2699 -0.3572 -0.3138 0.1479 0.0497 -0.2326 -0.3268 -0.3849 0.0589 0.2779 -0.1849 -0.2930 -0.3735 -0.1379 0.2053 -0.1087 -0.2576 -0.3474 -0.3569 0.1184 0.1916 -0.2172 -0.3154 -0.3846 0.0174 0.2608 -0.1615 -0.2730 -0.3310 -0.2730 -0.1615 0.2608 0.0174 -0.3846 -0.3154 -0.2172 0.1916 0.1184 -0.3569 -0.3474 -0.2576 -0.1087 0.2053 -0.1379 -0.3735 -0.2930 -0.1849 0.2779 0.0589 -0.3849 -0.3268 -0.2326 0.0497 0.1479 -0.3138 -0.3572 -0.2699 -0.1424 0.2360 -0.0393 -0.3801 -0.3048 -0.2024 0.2618 0.0913 -0.3767 -0.3378 -0.2462 -0.0583 0.1778 -0.2372 -0.3662 -0.2820 -0.1665 0.2634 0.0209 -0.3847 -0.3158 -0.2103
-0.3158 -0.3908 0.0209 0.2629 -0.1678 -0.2895 -0.3729 -0.2427 0.1764 -0.0506 -0.2541 -0.3449 -0.3821 0.0905 0.2689 -0.2063 -0.3121 -0.3863 -0.0420 0.2342 -0.1419 -0.2775 -0.3641 -0.3192 0.1466 0.0673 -0.2397 -0.3340 -0.3906 0.0581 0.2795 -0.1874 -0.3004 -0.3800 -0.1428 0.2036 -0.1058 -0.2654 -0.3544 -0.3623 0.1174 0.2065 -0.2225 -0.3227 -0.3905 0.0164 0.2606 -0.1652 -0.2868 -0.3694 -0.3954 -0.3694 -0.2868 -0.1652 0.2606 0.0164 -0.3905 -0.3227 -0.2225 0.2065 0.1174 -0.3623 -0.3544 -0.2654 -0.1058 0.2036 -0.1428 -0.3800 -0.3004 -0.1874 0.2795 0.0581 -0.3906 -0.3340 -0.2397 0.0673 0.1466 -0.3192 -0.3641 -0.2775 -0.1419 0.2342 -0.0420 -0.3863 -0.3121 -0.2063 0.2689 0.0905 -0.3821 -0.3449 -0.2541 -0.0506 0.1764 -0.2427 -0.3729 -0.2895 -0.1678 0.2629 0.0209 -0.3908 -0.3158
-0.3847 0.0209 0.2619 -0.1663 -0.2885 -0.3721 -0.2520 0.1734 -0.0417 -0.2528 -0.3437 -0.3836 0.0872 0.2723 -0.2044 -0.3108 -0.3857 -0.0510 0.2308 -0.1386 -0.2762 -0.3631 -0.3253 0.1434 0.0841 -0.2378 -0.3328 -0.3909 0.0541 0.2784 -0.1852 -0.2991 -0.3792 -0.1554 0.2003 -0.1007 -0.2640 -0.3533 -0.3654 0.1142 0.2175 -0.2207 -0.3214 -0.3901 0.0108 0.2578 -0.1633 -0.2868 -0.3706 -0.3100 0.0592 -0.3100 -0.3706 -0.2868 -0.1633 0.2578 0.0108 -0.3901 -0.3214 -0.2207 0.2175 0.1142 -0.3654 -0.3533 -0.2640 -0.1007 0.2003 -0.1554 -0.3792 -0.2991 -0.1852 0.2784 0.0541 -0.3909 -0.3328 -0.2378 0.0841 0.1434 -0.3253 -0.3631 -0.2762 -0.1386 0.2308 -0.0510 -0.3857 -0.3108 -0.2044 0.2723 0.0872 -0.3836 -0.3437 -0.2528 -0.0417 0.1734 -0.2520 -0.3721 -0.2885 -0.1663 0.2619 0.0209 -0.3847
0.0209 0.2629 -0.1663 -0.2880 -0.3716 -0.2588 0.1709 -0.0331 -0.2515 -0.3426 -0.3849 0.0839 0.2751 -0.2024 -0.3096 -0.3851 -0.0606 0.2275 -0.1352 -0.2749 -0.3621 -0.3310 0.1401 0.1011 -0.2360 -0.3315 -0.3911 0.0501 0.2771 -0.1830 -0.2978 -0.3784 -0.1679 0.1970 -0.0953 -0.2627 -0.3522 -0.3684 0.1111 0.2274 -0.2188 -0.3202 -0.3897 0.0049 0.2548 -0.1607 -0.2858 -0.3702 -0.2823 0.1454 0.2766 0.1454 -0.2823 -0.3702 -0.2858 -0.1607 0.2548 0.0049 -0.3897 -0.3202 -0.2188 0.2274 0.1111 -0.3684 -0.3522 -0.2627 -0.0953 0.1970 -0.1679 -0.3784 -0.2978 -0.1830 0.2771 0.0501 -0.3911 -0.3315 -0.2360 0.1011 0.1401 -0.3310 -0.3621 -0.2749 -0.1352 0.2275 -0.0606 -0.3851 -0.3096 -0.2024 0.2751 0.0839 -0.3849 -0.3426 -0.2515 -0.0331 0.1709 -0.2588 -0.3716 -0.2880 -0.1663 0.2629 0.0209
0.2634 -0.1678 -0.2885 -0.3716 -0.2614 0.1694 -0.0266 -0.2505 -0.3416 -0.3859 0.0809 0.2771 -0.2005 -0.3083 -0.3844 -0.0707 0.2241 -0.1316 -0.2735 -0.3610 -0.3364 0.1369 0.1179 -0.2341 -0.3303 -0.3913 0.0459 0.2754 -0.1808 -0.2965 -0.3776 -0.1804 0.1937 -0.0896 -0.2614 -0.3510 -0.3711 0.1079 0.2364 -0.2168 -0.3189 -0.3892 -0.0013 0.2517 -0.1580 -0.2846 -0.3694 -0.2814 0.1591 0.0824 -0.1869 0.0824 0.1591 -0.2814 -0.3694 -0.2846 -0.1580 0.2517 -0.0013 -0.3892 -0.3189 -0.2168 0.2364 0.1079 -0.3711 -0.3510 -0.2614 -0.0896 0.1937 -0.1804 -0.3776 -0.2965 -0.1808 0.2754 0.0459 -0.3913 -0.3303 -0.2341 0.1179 0.1369 -0.3364 -0.3610 -0.2735 -0.1316 0.2241 -0.0707 -0.3844 -0.3083 -0.2005 0.2771 0.0809 -0.3859 -0.3416 -0.2505 -0.0266 0.1694 -0.2614 -0.3716 -0.2885 -0.1678 0.2634
-0.1665 -0.2895 -0.3721 -0.2588 0.1694 -0.0242 -0.2500 -0.3410 -0.3866 0.0782 0.2785 -0.1987 -0.3072 -0.3838 -0.0808 0.2208 -0.1279 -0.2722 -0.3600 -0.3414 0.1337 0.1343 -0.2322 -0.3291 -0.3913 0.0416 0.2735 -0.1785 -0.2952 -0.3768 -0.1927 0.1905 -0.0835 -0.2600 -0.3499 -0.3736 0.1047 0.2443 -0.2149 -0.3177 -0.3887 -0.0079 0.2485 -0.1552 -0.2833 -0.3685 -0.2877 0.1601 0.0208 -0.2371 -0.2973 -0.2371 0.0208 0.1601 -0.2877 -0.3685 -0.2833 -0.1552 0.2485 -0.0079 -0.3887 -0.3177 -0.2149 0.2443 0.1047 -0.3736 -0.3499 -0.2600 -0.0835 0.1905 -0.1927 -0.3768 -0.2952 -0.1785 0.2735 0.0416 -0.3913 -0.3291 -0.2322 0.1343 0.1337 -0.3414 -0.3600 -0.2722 -0.1279 0.2208 -0.0808 -0.3838 -0.3072 -0.1987 0.2785 0.0782 -0.3866 -0.3410 -0.2500 -0.0242 0.1694 -0.2588 -0.3721 -0.2895 -0.1665
-0.2820 -0.3729 -0.2520 0.1709 -0.0266 -0.2500 -0.3408 -0.3870 0.0764 0.2793 -0.1972 -0.3062 -0.3832 -0.0905 0.2178 -0.1243 -0.2709 -0.3589 -0.3461 0.1305 0.1501 -0.2304 -0.3278 -0.3913 0.0371 0.2714 -0.1761 -0.2939 -0.3759 -0.2047 0.1872 -0.0769 -0.2587 -0.3488 -0.3758 0.1015 0.2514 -0.2130 -0.3164 -0.3882 -0.0149 0.2453 -0.1524 -0.2820 -0.3675 -0.2953 0.1577 0.0190 -0.2436 -0.3322 -0.3832 -0.3322 -0.2436 0.0190 0.1577 -0.2953 -0.3675 -0.2820 -0.1524 0.2453 -0.0149 -0.3882 -0.3164 -0.2130 0.2514 0.1015 -0.3758 -0.3488 -0.2587 -0.0769 0.1872 -0.2047 -0.3759 -0.2939 -0.1761 0.2714 0.0371 -0.3913 -0.3278 -0.2304 0.1501 0.1305 -0.3461 -0.3589 -0.2709 -0.1243 0.2178 -0.0905 -0.3832 -0.3062 -0.1972 0.2793 0.0764 -0.3870 -0.3408 -0.2500 -0.0266 0.1709 -0.2520 -0.3729 -0.2820
-0.3662 -0.2427 0.1734 -0.0331 -0.2505 -0.3410 -0.3870 0.0758 0.2797 -0.1962 -0.3054 -0.3827 -0.0993 0.2151 -0.1208 -0.2698 -0.3579 -0.3502 0.1274 0.1651 -0.2285 -0.3266 -0.3912 0.0324 0.2691 -0.1738 -0.2926 -0.3750 -0.2163 0.1840 -0.0699 -0.2573 -0.3476 -0.3779 0.0983 0.2575 -0.2111 -0.3152 -0.3877 -0.0223 0.2421 -0.1494 -0.2807 -0.3665 -0.3028 0.1545 0.0300 -0.2436 -0.3355 -0.3927 -0.1994 -0.3927 -0.3355 -0.2436 0.0300 0.1545 -0.3028 -0.3665 -0.2807 -0.1494 0.2421 -0.0223 -0.3877 -0.3152 -0.2111 0.2575 0.0983 -0.3779 -0.3476 -0.2573 -0.0699 0.1840 -0.2163 -0.3750 -0.2926 -0.1738 0.2691 0.0324 -0.3912 -0.3266 -0.2285 0.1651 0.1274 -0.3502 -0.3579 -0.2698 -0.1208 0.2151 -0.0993 -0.3827 -0.3054 -0.1962 0.2797 0.0758 -0.3870 -0.3410 -0.2505 -0.0331 0.1734 -0.2427 -0.3662
-0.2372 0.1764 -0.0417 -0.2515 -0.3416 -0.3866 0.0764 0.2797 -0.1959 -0.3049 -0.3824 -0.1063 0.2128 -0.1177 -0.2687 -0.3570 -0.3538 0.1246 0.1786 -0.2267 -0.3254 -0.3911 0.0276 0.2666 -0.1714 -0.2913 -0.3742 -0.2276 0.1808 -0.0623 -0.2560 -0.3465 -0.3798 0.0950 0.2628 -0.2091 -0.3139 -0.3871 -0.0301 0.2388 -0.1464 -0.2793 -0.3655 -0.3099 0.1512 0.0446 -0.2422 -0.3354 -0.3905 0.0381 0.1810 0.0381 -0.3905 -0.3354 -0.2422 0.0446 0.1512 -0.3099 -0.3655 -0.2793 -0.1464 0.2388 -0.0301 -0.3871 -0.3139 -0.2091 0.2628 0.0950 -0.3798 -0.3465 -0.2560 -0.0623 0.1808 -0.2276 -0.3742 -0.2913 -0.1714 0.2666 0.0276 -0.3911 -0.3254 -0.2267 0.1786 0.1246 -0.3538 -0.3570 -0.2687 -0.1177 0.2128 -0.1063 -0.3824 -0.3049 -0.1959 0.2797 0.0764 -0.3866 -0.3416 -0.2515 -0.0417 0.1764 -0.2372
0.1778 -0.0506 -0.2528 -0.3426 -0.3859 0.0782 0.2793 -0.1962 -0.3049 -0.3823 -0.1101 0.2113 -0.1153 -0.2678 -0.3562 -0.3567 0.1220 0.1899 -0.2250 -0.3243 -0.3908 0.0226 0.2640 -0.1689 -0.2900 -0.3733 -0.2385 0.1776 -0.0541 -0.2546 -0.3453 -0.3815 0.0918 0.2673 -0.2071 -0.3126 -0.3865 -0.0385 0.2355 -0.1432 -0.2780 -0.3645 -0.3166 0.1479 0.0607 -0.2404 -0.3344 -0.3905 0.0539 0.2697 -0.0608 0.2697 0.0539 -0.3905 -0.3344 -0.2404 0.0607 0.1479 -0.3166 -0.3645 -0.2780 -0.1432 0.2355 -0.0385 -0.3865 -0.3126 -0.2071 0.2673 0.0918 -0.3815 -0.3453 -0.2546 -0.0541 0.1776 -0.2385 -0.3733 -0.2900 -0.1689 0.2640 0.0226 -0.3908 -0.3243 -0.2250 0.1899 0.1220 -0.3567 -0.3562 -0.2678 -0.1153 0.2113 -0.1101 -0.3823 -0.3049 -0.1962 0.2793 0.0782 -0.3859 -0.3426 -0.2528 -0.0506 0.1778
-0.0583 -0.2541 -0.3437 -0.3849 0.0809 0.2785 -0.1972 -0.3054 -0.3824 -0.1101 0.2108 -0.1140 -0.2673 -0.3556 -0.3590 0.1198 0.1993 -0.2235 -0.3232 -0.3906 0.0179 0.2613 -0.1665 -0.2887 -0.3724 -0.2489 0.1744 -0.0451 -0.2533 -0.3442 -0.3830 0.0885 0.2710 -0.2052 -0.3113 -0.3859 -0.0473 0.2321 -0.1400 -0.2767 -0.3635 -0.3229 0.1447 0.0774 -0.2386 -0.3332 -0.3908 0.0544 0.2771 -0.1721 -0.2541 -0.1721 0.2771 0.0544 -0.3908 -0.3332 -0.2386 0.0774 0.1447 -0.3229 -0.3635 -0.2767 -0.1400 0.2321 -0.0473 -0.3859 -0.3113 -0.2052 0.2710 0.0885 -0.3830 -0.3442 -0.2533 -0.0451 0.1744 -0.2489 -0.3724 -0.2887 -0.1665 0.2613 0.0179 -0.3906 -0.3232 -0.2235 0.1993 0.1198 -0.3590 -0.3556 -0.2673 -0.1140 0.2108 -0.1101 -0.3824 -0.3054 -0.1972 0.2785 0.0809 -0.3849 -0.3437 -0.2541 -0.0583
-0.2462 -0.3449 -0.3836 0.0839 0.2771 -0.1987 -0.3062 -0.3827 -0.1063 0.2113 -0.1140 -0.2671 -0.3553 -0.3605 0.1182 0.2063 -0.2222 -0.3223 -0.3903 0.0134 0.2589 -0.1641 -0.2875 -0.3715 -0.2587 0.1713 -0.0354 -0.2519 -0.3430 -0.3844 0.0851 0.2741 -0.2032 -0.3101 -0.3853 -0.0567 0.2288 -0.1366 -0.2754 -0.3625 -0.3288 0.1414 0.0943 -0.2367 -0.3320 -0.3910 0.0515 0.2772 -0.1808 -0.2908 -0.3475 -0.2908 -0.1808 0.2772 0.0515 -0.3910 -0.3320 -0.2367 0.0943 0.1414 -0.3288 -0.3625 -0.2754 -0.1366 0.2288 -0.0567 -0.3853 -0.3101 -0.2032 0.2741 0.0851 -0.3844 -0.3430 -0.2519 -0.0354 0.1713 -0.2587 -0.3715 -0.2875 -0.1641 0.2589 0.0134 -0.3903 -0.3223 -0.2222 0.2063 0.1182 -0.3605 -0.3553 -0.2671 -0.1140 0.2113 -0.1063 -0.3827 -0.3062 -0.1987 0.2771 0.0839 -0.3836 -0.3449 -0.2462
-0.3378 -0.3821 0.0872 0.2751 -0.2005 -0.3072 -0.3832 -0.0993 0.2128 -0.1153 -0.2673 -0.3553 -0.3610 0.1172 0.2108 -0.2213 -0.3215 -0.3901 0.0091 0.2566 -0.1620 -0.2864 -0.3707 -0.2672 0.1683 -0.0251 -0.2506 -0.3418 -0.3857 0.0818 0.2765 -0.2011 -0.3088 -0.3847 -0.0666 0.2254 -0.1331 -0.2741 -0.3614 -0.3343 0.1382 0.1112 -0.2348 -0.3308 -0.3912 0.0475 0.2760 -0.1810 -0.2953 -0.3759 -0.3887 -0.3759 -0.2953 -0.1810 0.2760 0.0475 -0.3912 -0.3308 -0.2348 0.1112 0.1382 -0.3343 -0.3614 -0.2741 -0.1331 0.2254 -0.0666 -0.3847 -0.3088 -0.2011 0.2765 0.0818 -0.3857 -0.3418 -0.2506 -0.0251 0.1683 -0.2672 -0.3707 -0.2864 -0.1620 0.2566 0.0091 -0.3901 -0.3215 -0.2213 0.2108 0.1172 -0.3610 -0.3553 -0.2673 -0.1153 0.2128 -0.0993 -0.3832 -0.3072 -0.2005 0.2751 0.0872 -0.3821 -0.3378
-0.3767 0.0905 0.2723 -0.2024 -0.3083 -0.3838 -0.0905 0.2151 -0.1177 -0.2678 -0.3556 -0.3605 0.1172 0.2125 -0.2207 -0.3211 -0.3899 0.0058 0.2546 -0.1602 -0.2855 -0.3699 -0.2747 0.1657 -0.0149 -0.2493 -0.3407 -0.3867 0.0783 0.2783 -0.1991 -0.3075 -0.3840 -0.0771 0.2221 -0.1294 -0.2728 -0.3604 -0.3395 0.1350 0.1278 -0.2330 -0.3296 -0.3913 0.0433 0.2743 -0.1793 -0.2954 -0.3765 -0.2553 0.0820 -0.2553 -0.3765 -0.2954 -0.1793 0.2743 0.0433 -0.3913 -0.3296 -0.2330 0.1278 0.1350 -0.3395 -0.3604 -0.2728 -0.1294 0.2221 -0.0771 -0.3840 -0.3075 -0.1991 0.2783 0.0783 -0.3867 -0.3407 -0.2493 -0.0149 0.1657 -0.2747 -0.3699 -0.2855 -0.1602 0.2546 0.0058 -0.3899 -0.3211 -0.2207 0.2125 0.1172 -0.3605 -0.3556 -0.2678 -0.1177 0.2151 -0.0905 -0.3838 -0.3083 -0.2024 0.2723 0.0905 -0.3767
0.0913 0.2689 -0.2044 -0.3096 -0.3844 -0.0808 0.2178 -0.1208 -0.2687 -0.3562 -0.3590 0.1182 0.2108 -0.2207 -0.3209 -0.3898 0.0036 0.2533 -0.1587 -0.2846 -0.3693 -0.2812 0.1632 -0.0051 -0.2481 -0.3396 -0.3876 0.0750 0.2795 -0.1971 -0.3062 -0.3833 -0.0880 0.2187 -0.1256 -0.2714 -0.3593 -0.3443 0.1318 0.1439 -0.2311 -0.3283 -0.3913 0.0389 0.2723 -0.1771 -0.2944 -0.3761 -0.2165 0.1663 0.2775 0.1663 -0.2165 -0.3761 -0.2944 -0.1771 0.2723 0.0389 -0.3913 -0.3283 -0.2311 0.1439 0.1318 -0.3443 -0.3593 -0.2714 -0.1256 0.2187 -0.0880 -0.3833 -0.3062 -0.1971 0.2795 0.0750 -0.3876 -0.3396 -0.2481 -0.0051 0.1632 -0.2812 -0.3693 -0.2846 -0.1587 0.2533 0.0036 -0.3898 -0.3209 -0.2207 0.2108 0.1182 -0.3590 -0.3562 -0.2687 -0.1208 0.2178 -0.0808 -0.3844 -0.3096 -0.2044 0.2689 0.0913
0.2618 -0.2063 -0.3108 -0.3851 -0.0707 0.2208 -0.1243 -0.2698 -0.3570 -0.3567 0.1198 0.2063 -0.2213 -0.3211 -0.3898 0.0029 0.2525 -0.1577 -0.2841 -0.3688 -0.2863 0.1610 0.0042 -0.2470 -0.3386 -0.3883 0.0719 0.2803 -0.1951 -0.3050 -0.3826 -0.0995 0.2154 -0.1216 -0.2701 -0.3583 -0.3488 0.1286 0.1593 -0.2292 -0.3271 -0.3913 0.0343 0.2700 -0.1747 -0.2931 -0.3754 -0.2153 0.1807 -0.0148 -0.2016 -0.0148 0.1807 -0.2153 -0.3754 -0.2931 -0.1747 0.2700 0.0343 -0.3913 -0.3271 -0.2292 0.1593 0.1286 -0.3488 -0.3583 -0.2701 -0.1216 0.2154 -0.0995 -0.3826 -0.3050 -0.1951 0.2803 0.0719 -0.3883 -0.3386 -0.2470 0.0042 0.1610 -0.2863 -0.3688 -0.2841 -0.1577 0.2525 0.0029 -0.3898 -0.3211 -0.2213 0.2063 0.1198 -0.3567 -0.3570 -0.2698 -0.1243 0.2208 -0.0707 -0.3851 -0.3108 -0.2063 0.2618
-0.2024 -0.3121 -0.3857 -0.0606 0.2241 -0.1279 -0.2709 -0.3579 -0.3538 0.1220 0.1993 -0.2222 -0.3215 -0.3899 0.0036 0.2525 -0.1574 -0.2837 -0.3684 -0.2898 0.1593 0.0124 -0.2459 -0.3378 -0.3889 0.0691 0.2806 -0.1933 -0.3038 -0.3819 -0.1110 0.2121 -0.1175 -0.2688 -0.3572 -0.3529 0.1254 0.1738 -0.2274 -0.3259 -0.3911 0.0295 0.2676 -0.1723 -0.2918 -0.3745 -0.2238 0.1811 -0.0538 -0.2479 -0.3060 -0.2479 -0.0538 0.1811 -0.2238 -0.3745 -0.2918 -0.1723 0.2676 0.0295 -0.3911 -0.3259 -0.2274 0.1738 0.1254 -0.3529 -0.3572 -0.2688 -0.1175 0.2121 -0.1110 -0.3819 -0.3038 -0.1933 0.2806 0.0691 -0.3889 -0.3378 -0.2459 0.0124 0.1593 -0.2898 -0.3684 -0.2837 -0.1574 0.2525 0.0036 -0.3899 -0.3215 -0.2222 0.1993 0.1220 -0.3538 -0.3579 -0.2709 -0.1279 0.2241 -0.0606 -0.3857 -0.3121 -0.2024
-0.3048 -0.3863 -0.0510 0.2275 -0.1316 -0.2722 -0.3589 -0.3502 0.1246 0.1899 -0.2235 -0.3223 -0.3901 0.0058 0.2533 -0.1577 -0.2837 -0.3683 -0.2917 0.1582 0.0180 -0.2450 -0.3371 -0.3893 0.0665 0.2806 -0.1917 -0.3028 -0.3813 -0.1220 0.2089 -0.1132 -0.2675 -0.3561 -0.3568 0.1223 0.1874 -0.2255 -0.3246 -0.3909 0.0246 0.2650 -0.1699 -0.2905 -0.3736 -0.2343 0.1787 -0.0548 -0.2532 -0.3404 -0.3888 -0.3404 -0.2532 -0.0548 0.1787 -0.2343 -0.3736 -0.2905 -0.1699 0.2650 0.0246 -0.3909 -0.3246 -0.2255 0.1874 0.1223 -0.3568 -0.3561 -0.2675 -0.1132 0.2089 -0.1220 -0.3813 -0.3028 -0.1917 0.2806 0.0665 -0.3893 -0.3371 -0.2450 0.0180 0.1582 -0.2917 -0.3683 -0.2837 -0.1577 0.2533 0.0058 -0.3901 -0.3223 -0.2235 0.1899 0.1246 -0.3502 -0.3589 -0.2722 -0.1316 0.2275 -0.0510 -0.3863 -0.3048
-0.3801 -0.0420 0.2308 -0.1352 -0.2735 -0.3600 -0.3461 0.1274 0.1786 -0.2250 -0.3232 -0.3903 0.0091 0.2546 -0.1587 -0.2841 -0.3684 -0.2917 0.1578 0.0212 -0.2444 -0.3366 -0.3896 0.0644 0.2804 -0.1902 -0.3019 -0.3807 -0.1318 0.2061 -0.1091 -0.2663 -0.3550 -0.3603 0.1191 0.2000 -0.2236 -0.3234 -0.3907 0.0194 0.2623 -0.1674 -0.2892 -0.3727 -0.2448 0.1757 -0.0483 -0.2534 -0.3434 -0.3896 -0.1175 -0.3896 -0.3434 -0.2534 -0.0483 0.1757 -0.2448 -0.3727 -0.2892 -0.1674 0.2623 0.0194 -0.3907 -0.3234 -0.2236 0.2000 0.1191 -0.3603 -0.3550 -0.2663 -0.1091 0.2061 -0.1318 -0.3807 -0.3019 -0.1902 0.2804 0.0644 -0.3896 -0.3366 -0.2444 0.0212 0.1578 -0.2917 -0.3684 -0.2841 -0.1587 0.2546 0.0091 -0.3903 -0.3232 -0.2250 0.1786 0.1274 -0.3461 -0.3600 -0.2735 -0.1352 0.2308 -0.0420 -0.3801
-0.0393 0.2342 -0.1386 -0.2749 -0.3610 -0.3414 0.1305 0.1651 -0.2267 -0.3243 -0.3906 0.0134 0.2566 -0.1602 -0.2846 -0.3688 -0.2898 0.1582 0.0212 -0.2442 -0.3364 -0.3898 0.0629 0.2802 -0.1890 -0.3010 -0.3802 -0.1406 0.2036 -0.1052 -0.2651 -0.3541 -0.3633 0.1161 0.2113 -0.2217 -0.3221 -0.3903 0.0139 0.2594 -0.1648 -0.2879 -0.3718 -0.2550 0.1725 -0.0394 -0.2524 -0.3432 -0.3856 0.0646 0.2026 0.0646 -0.3856 -0.3432 -0.2524 -0.0394 0.1725 -0.2550 -0.3718 -0.2879 -0.1648 0.2594 0.0139 -0.3903 -0.3221 -0.2217 0.2113 0.1161 -0.3633 -0.3541 -0.2651 -0.1052 0.2036 -0.1406 -0.3802 -0.3010 -0.1890 0.2802 0.0629 -0.3898 -0.3364 -0.2442 0.0212 0.1582 -0.2898 -0.3688 -0.2846 -0.1602 0.2566 0.0134 -0.3906 -0.3243 -0.2267 0.1651 0.1305 -0.3414 -0.3610 -0.2749 -0.1386 0.2342 -0.0393
0.2360 -0.1419 -0.2762 -0.3621 -0.3364 0.1337 0.1501 -0.2285 -0.3254 -0.3908 0.0179 0.2589 -0.1620 -0.2855 -0.3693 -0.2863 0.1593 0.0180 -0.2444 -0.3364 -0.3899 0.0621 0.2800 -0.1881 -0.3004 -0.3798 -0.1484 0.2015 -0.1017 -0.2641 -0.3532 -0.3659 0.1135 0.2208 -0.2199 -0.3209 -0.3899 0.0082 0.2565 -0.1622 -0.2866 -0.3709 -0.2647 0.1694 -0.0292 -0.2511 -0.3422 -0.3855 0.0780 0.2804 -0.1035 0.2804 0.0780 -0.3855 -0.3422 -0.2511 -0.0292 0.1694 -0.2647 -0.3709 -0.2866 -0.1622 0.2565 0.0082 -0.3899 -0.3209 -0.2199 0.2208 0.1135 -0.3659 -0.3532 -0.2641 -0.1017 0.2015 -0.1484 -0.3798 -0.3004 -0.1881 0.2800 0.0621 -0.3899 -0.3364 -0.2444 0.0180 0.1593 -0.2863 -0.3693 -0.2855 -0.1620 0.2589 0.0179 -0.3908 -0.3254 -0.2285 0.1501 0.1337 -0.3364 -0.3621 -0.2762 -0.1419 0.2360
-0.1424 -0.2775 -0.3631 -0.3310 0.1369 0.1343 -0.2304 -0.3266 -0.3911 0.0226 0.2613 -0.1641 -0.2864 -0.3699 -0.2812 0.1610 0.0124 -0.2450 -0.3366 -0.3898 0.0621 0.2799 -0.1877 -0.3000 -0.3795 -0.1546 0.1996 -0.0985 -0.2633 -0.3524 -0.3681 0.1110 0.2286 -0.2183 -0.3198 -0.3895 0.0023 0.2534 -0.1595 -0.2853 -0.3700 -0.2739 0.1663 -0.0181 -0.2497 -0.3411 -0.3864 0.0786 0.2797 -0.1872 -0.2631 -0.1872 0.2797 0.0786 -0.3864 -0.3411 -0.2497 -0.0181 0.1663 -0.2739 -0.3700 -0.2853 -0.1595 0.2534 0.0023 -0.3895 -0.3198 -0.2183 0.2286 0.1110 -0.3681 -0.3524 -0.2633 -0.0985 0.1996 -0.1546 -0.3795 -0.3000 -0.1877 0.2799 0.0621 -0.3898 -0.3366 -0.2450 0.0124 0.1610 -0.2812 -0.3699 -0.2864 -0.1641 0.2613 0.0226 -0.3911 -0.3266 -0.2304 0.1343 0.1369 -0.3310 -0.3631 -0.2775 -0.1424
-0.2699 -0.3641 -0.3253 0.1401 0.1179 -0.2322 -0.3278 -0.3912 0.0276 0.2640 -0.1665 -0.2875 -0.3707 -0.2747 0.1632 0.0042 -0.2459 -0.3371 -0.3896 0.0629 0.2800 -0.1877 -0.2999 -0.3793 -0.1584 0.1983 -0.0959 -0.2625 -0.3517 -0.3699 0.1088 0.2351 -0.2169 -0.3188 -0.3891 -0.0034 0.2505 -0.1569 -0.2840 -0.3690 -0.2826 0.1631 -0.0061 -0.2484 -0.3399 -0.3873 0.0760 0.2795 -0.1951 -0.2995 -0.3557 -0.2995 -0.1951 0.2795 0.0760 -0.3873 -0.3399 -0.2484 -0.0061 0.1631 -0.2826 -0.3690 -0.2840 -0.1569 0.2505 -0.0034 -0.3891 -0.3188 -0.2169 0.2351 0.1088 -0.3699 -0.3517 -0.2625 -0.0959 0.1983 -0.1584 -0.3793 -0.2999 -0.1877 0.2800 0.0629 -0.3896 -0.3371 -0.2459 0.0042 0.1632 -0.2747 -0.3707 -0.2875 -0.1665 0.2640 0.0276 -0.3912 -0.3278 -0.2322 0.1179 0.1401 -0.3253 -0.3641 -0.2699
-0.3572 -0.3192 0.1434 0.1011 -0.2341 -0.3291 -0.3913 0.0324 0.2666 -0.1689 -0.2887 -0.3715 -0.2672 0.1657 -0.0051 -0.2470 -0.3378 -0.3893 0.0644 0.2802 -0.1881 -0.3000 -0.3793 -0.1597 0.1977 -0.0943 -0.2620 -0.3512 -0.3713 0.1069 0.2404 -0.2156 -0.3179 -0.3887 -0.0088 0.2478 -0.1543 -0.2828 -0.3681 -0.2907 0.1598 0.0070 -0.2469 -0.3387 -0.3882 0.0727 0.2801 -0.1952 -0.3038 -0.3817 -0.3751 -0.3817 -0.3038 -0.1952 0.2801 0.0727 -0.3882 -0.3387 -0.2469 0.0070 0.1598 -0.2907 -0.3681 -0.2828 -0.1543 0.2478 -0.0088 -0.3887 -0.3179 -0.2156 0.2404 0.1069 -0.3713 -0.3512 -0.2620 -0.0943 0.1977 -0.1597 -0.3793 -0.3000 -0.1881 0.2802 0.0644 -0.3893 -0.3378 -0.2470 -0.0051 0.1657 -0.2672 -0.3715 -0.2887 -0.1689 0.2666 0.0324 -0.3913 -0.3291 -0.2341 0.1011 0.1434 -0.3192 -0.3572
-0.3138 0.1466 0.0841 -0.2360 -0.3303 -0.3913 0.0371 0.2691 -0.1714 -0.2900 -0.3724 -0.2587 0.1683 -0.0149 -0.2481 -0.3386 -0.3889 0.0665 0.2804 -0.1890 -0.3004 -0.3795 -0.1584 0.1977 -0.0937 -0.2617 -0.3509 -0.3723 0.1054 0.2446 -0.2144 -0.3171 -0.3884 -0.0136 0.2453 -0.1520 -0.2817 -0.3672 -0.2977 0.1566 0.0207 -0.2452 -0.3375 -0.3890 0.0691 0.2805 -0.1936 -0.3038 -0.3817 -0.1816 0.1027 -0.1816 -0.3817 -0.3038 -0.1936 0.2805 0.0691 -0.3890 -0.3375 -0.2452 0.0207 0.1566 -0.2977 -0.3672 -0.2817 -0.1520 0.2453 -0.0136 -0.3884 -0.3171 -0.2144 0.2446 0.1054 -0.3723 -0.3509 -0.2617 -0.0937 0.1977 -0.1584 -0.3795 -0.3004 -0.1890 0.2804 0.0665 -0.3889 -0.3386 -0.2481 -0.0149 0.1683 -0.2587 -0.3724 -0.2900 -0.1714 0.2691 0.0371 -0.3913 -0.3303 -0.2360 0.0841 0.1466 -0.3138
0.1479 0.0673 -0.2378 -0.3315 -0.3913 0.0416 0.2714 -0.1738 -0.2913 -0.3733 -0.2489 0.1713 -0.0251 -0.2493 -0.3396 -0.3883 0.0691 0.2806 -0.1902 -0.3010 -0.3798 -0.1546 0.1983 -0.0943 -0.2617 -0.3508 -0.3728 0.1044 0.2475 -0.2135 -0.3164 -0.3881 -0.0180 0.2432 -0.1500 -0.2807 -0.3664 -0.3039 0.1537 0.0341 -0.2434 -0.3364 -0.3896 0.0654 0.2806 -0.1916 -0.3028 -0.3813 -0.1361 0.1872 0.2552 0.1872 -0.1361 -0.3813 -0.3028 -0.1916 0.2806 0.0654 -0.3896 -0.3364 -0.2434 0.0341 0.1537 -0.3039 -0.3664 -0.2807 -0.1500 0.2432 -0.0180 -0.3881 -0.3164 -0.2135 0.2475 0.1044 -0.3728 -0.3508 -0.2617 -0.0943 0.1983 -0.1546 -0.3798 -0.3010 -0.1902 0.2806 0.0691 -0.3883 -0.3396 -0.2493 -0.0251 0.1713 -0.2489 -0.3733 -0.2913 -0.1738 0.2714 0.0416 -0.3913 -0.3315 -0.2378 0.0673 0.1479
0.0497 -0.2397 -0.3328 -0.3911 0.0459 0.2735 -0.1761 -0.2926 -0.3742 -0.2385 0.1744 -0.0354 -0.2506 -0.3407 -0.3876 0.0719 0.2806 -0.1917 -0.3019 -0.3802 -0.1484 0.1996 -0.0959 -0.2620 -0.3509 -0.3728 0.1041 0.2489 -0.2129 -0.3159 -0.3878 -0.0219 0.2414 -0.1482 -0.2799 -0.3657 -0.3092 0.1512 0.0466 -0.2418 -0.3353 -0.3901 0.0618 0.2802 -0.1895 -0.3016 -0.3807 -0.1348 0.2020 -0.0748 -0.2134 -0.0748 0.2020 -0.1348 -0.3807 -0.3016 -0.1895 0.2802 0.0618 -0.3901 -0.3353 -0.2418 0.0466 0.1512 -0.3092 -0.3657 -0.2799 -0.1482 0.2414 -0.0219 -0.3878 -0.3159 -0.2129 0.2489 0.1041 -0.3728 -0.3509 -0.2620 -0.0959 0.1996 -0.1484 -0.3802 -0.3019 -0.1917 0.2806 0.0719 -0.3876 -0.3407 -0.2506 -0.0354 0.1744 -0.2385 -0.3742 -0.2926 -0.1761 0.2735 0.0459 -0.3911 -0.3328 -0.2397 0.0497
-0.2326 -0.3340 -0.3909 0.0501 0.2754 -0.1785 -0.2939 -0.3750 -0.2276 0.1776 -0.0451 -0.2519 -0.3418 -0.3867 0.0750 0.2803 -0.1933 -0.3028 -0.3807 -0.1406 0.2015 -0.0985 -0.2625 -0.3512 -0.3723 0.1044 0.2489 -0.2127 -0.3157 -0.3877 -0.0249 0.2400 -0.1466 -0.2792 -0.3651 -0.3136 0.1489 0.0582 -0.2404 -0.3343 -0.3905 0.0583 0.2795 -0.1874 -0.3003 -0.3799 -0.1441 0.2024 -0.0982 -0.2569 -0.3148 -0.2569 -0.0982 0.2024 -0.1441 -0.3799 -0.3003 -0.1874 0.2795 0.0583 -0.3905 -0.3343 -0.2404 0.0582 0.1489 -0.3136 -0.3651 -0.2792 -0.1466 0.2400 -0.0249 -0.3877 -0.3157 -0.2127 0.2489 0.1044 -0.3723 -0.3512 -0.2625 -0.0985 0.2015 -0.1406 -0.3807 -0.3028 -0.1933 0.2803 0.0750 -0.3867 -0.3418 -0.2519 -0.0451 0.1776 -0.2276 -0.3750 -0.2939 -0.1785 0.2754 0.0501 -0.3909 -0.3340 -0.2326
-0.3268 -0.3906 0.0541 0.2771 -0.1808 -0.2952 -0.3759 -0.2163 0.1808 -0.0541 -0.2533 -0.3430 -0.3857 0.0783 0.2795 -0.1951 -0.3038 -0.3813 -0.1318 0.2036 -0.1017 -0.2633 -0.3517 -0.3713 0.1054 0.2475 -0.2129 -0.3157 -0.3876 -0.0265 0.2390 -0.1455 -0.2786 -0.3646 -0.3172 0.1469 0.0688 -0.2392 -0.3335 -0.3908 0.0552 0.2786 -0.1854 -0.2991 -0.3792 -0.1557 0.1999 -0.0988 -0.2621 -0.3484 -0.3933 -0.3484 -0.2621 -0.0988 0.1999 -0.1557 -0.3792 -0.2991 -0.1854 0.2786 0.0552 -0.3908 -0.3335 -0.2392 0.0688 0.1469 -0.3172 -0.3646 -0.2786 -0.1455 0.2390 -0.0265 -0.3876 -0.3157 -0.2129 0.2475 0.1054 -0.3713 -0.3517 -0.2633 -0.1017 0.2036 -0.1318 -0.3813 -0.3038 -0.1951 0.2795 0.0783 -0.3857 -0.3430 -0.2533 -0.0541 0.1808 -0.2163 -0.3759 -0.2952 -0.1808 0.2771 0.0541 -0.3906 -0.3268
-0.3849 0.0581 0.2784 -0.1830 -0.2965 -0.3768 -0.2047 0.1840 -0.0623 -0.2546 -0.3442 -0.3844 0.0818 0.2783 -0.1971 -0.3050 -0.3819 -0.1220 0.2061 -0.1052 -0.2641 -0.3524 -0.3699 0.1069 0.2446 -0.2135 -0.3159 -0.3877 -0.0265 0.2386 -0.1448 -0.2782 -0.3643 -0.3201 0.1453 0.0781 -0.2381 -0.3327 -0.3909 0.0524 0.2776 -0.1836 -0.2980 -0.3785 -0.1673 0.1970 -0.0949 -0.2622 -0.3510 -0.3816 -0.0469 -0.3816 -0.3510 -0.2622 -0.0949 0.1970 -0.1673 -0.3785 -0.2980 -0.1836 0.2776 0.0524 -0.3909 -0.3327 -0.2381 0.0781 0.1453 -0.3201 -0.3643 -0.2782 -0.1448 0.2386 -0.0265 -0.3877 -0.3159 -0.2135 0.2446 0.1069 -0.3699 -0.3524 -0.2641 -0.1052 0.2061 -0.1220 -0.3819 -0.3050 -0.1971 0.2783 0.0818 -0.3844 -0.3442 -0.2546 -0.0623 0.1840 -0.2047 -0.3768 -0.2965 -0.1830 0.2784 0.0581 -0.3849
0.0589 0.2795 -0.1852 -0.2978 -0.3776 -0.1927 0.1872 -0.0699 -0.2560 -0.3453 -0.3830 0.0851 0.2765 -0.1991 -0.3062 -0.3826 -0.1110 0.2089 -0.1091 -0.2651 -0.3532 -0.3681 0.1088 0.2404 -0.2144 -0.3164 -0.3878 -0.0249 0.2390 -0.1448 -0.2780 -0.3641 -0.3219 0.1440 0.0857 -0.2371 -0.3320 -0.3911 0.0499 0.2767 -0.1821 -0.2970 -0.3778 -0.1778 0.1942 -0.0900 -0.2613 -0.3508 -0.3746 0.0872 0.2246 0.0872 -0.3746 -0.3508 -0.2613 -0.0900 0.1942 -0.1778 -0.3778 -0.2970 -0.1821 0.2767 0.0499 -0.3911 -0.3320 -0.2371 0.0857 0.1440 -0.3219 -0.3641 -0.2780 -0.1448 0.2390 -0.0249 -0.3878 -0.3164 -0.2144 0.2404 0.1088 -0.3681 -0.3532 -0.2651 -0.1091 0.2089 -0.1110 -0.3826 -0.3062 -0.1991 0.2765 0.0851 -0.3830 -0.3453 -0.2560 -0.0699 0.1872 -0.1927 -0.3776 -0.2978 -0.1852 0.2795 0.0589
0.2779 -0.1874 -0.2991 -0.3784 -0.1804 0.1905 -0.0769 -0.2573 -0.3465 -0.3815 0.0885 0.2741 -0.2011 -0.3075 -0.3833 -0.0995 0.2121 -0.1132 -0.2663 -0.3541 -0.3659 0.1110 0.2351 -0.2156 -0.3171 -0.3881 -0.0219 0.2400 -0.1455 -0.2782 -0.3641 -0.3225 0.1434 0.0908 -0.2364 -0.3315 -0.3912 0.0478 0.2758 -0.1807 -0.2962 -0.3772 -0.1871 0.1916 -0.0851 -0.2602 -0.3500 -0.3743 0.0998 0.2753 -0.1326 0.2753 0.0998 -0.3743 -0.3500 -0.2602 -0.0851 0.1916 -0.1871 -0.3772 -0.2962 -0.1807 0.2758 0.0478 -0.3912 -0.3315 -0.2364 0.0908 0.1434 -0.3225 -0.3641 -0.2782 -0.1455 0.2400 -0.0219 -0.3881 -0.3171 -0.2156 0.2351 0.1110 -0.3659 -0.3541 -0.2663 -0.1132 0.2121 -0.0995 -0.3833 -0.3075 -0.2011 0.2741 0.0885 -0.3815 -0.3465 -0.2573 -0.0769 0.1905 -0.1804 -0.3784 -0.2991 -0.1874 0.2779
-0.1849 -0.3004 -0.3792 -0.1679 0.1937 -0.0835 -0.2587 -0.3476 -0.3798 0.0918 0.2710 -0.2032 -0.3088 -0.3840 -0.0880 0.2154 -0.1175 -0.2675 -0.3550 -0.3633 0.1135 0.2286 -0.2169 -0.3179 -0.3884 -0.0180 0.2414 -0.1466 -0.2786 -0.3643 -0.3219 0.1434 0.0924 -0.2361 -0.3311 -0.3912 0.0459 0.2749 -0.1796 -0.2955 -0.3767 -0.1950 0.1893 -0.0803 -0.2592 -0.3491 -0.3756 0.1007 0.2598 -0.2012 -0.2722 -0.2012 0.2598 0.1007 -0.3756 -0.3491 -0.2592 -0.0803 0.1893 -0.1950 -0.3767 -0.2955 -0.1796 0.2749 0.0459 -0.3912 -0.3311 -0.2361 0.0924 0.1434 -0.3219 -0.3643 -0.2786 -0.1466 0.2414 -0.0180 -0.3884 -0.3179 -0.2169 0.2286 0.1135 -0.3633 -0.3550 -0.2675 -0.1175 0.2154 -0.0880 -0.3840 -0.3088 -0.2032 0.2710 0.0918 -0.3798 -0.3476 -0.2587 -0.0835 0.1937 -0.1679 -0.3792 -0.3004 -0.1849
-0.2930 -0.3800 -0.1554 0.1970 -0.0896 -0.2600 -0.3488 -0.3779 0.0950 0.2673 -0.2052 -0.3101 -0.3847 -0.0771 0.2187 -0.1216 -0.2688 -0.3561 -0.3603 0.1161 0.2208 -0.2183 -0.3188 -0.3887 -0.0136 0.2432 -0.1482 -0.2792 -0.3646 -0.3201 0.1440 0.0908 -0.2361 -0.3310 -0.3912 0.0446 0.2742 -0.1786 -0.2949 -0.3763 -0.2016 0.1873 -0.0760 -0.2583 -0.3483 -0.3771 0.0990 0.2584 -0.2086 -0.3083 -0.3637 -0.3083 -0.2086 0.2584 0.0990 -0.3771 -0.3483 -0.2583 -0.0760 0.1873 -0.2016 -0.3763 -0.2949 -0.1786 0.2742 0.0446 -0.3912 -0.3310 -0.2361 0.0908 0.1440 -0.3201 -0.3646 -0.2792 -0.1482 0.2432 -0.0136 -0.3887 -0.3188 -0.2183 0.2208 0.1161 -0.3603 -0.3561 -0.2688 -0.1216 0.2187 -0.0771 -0.3847 -0.3101 -0.2052 0.2673 0.0950 -0.3779 -0.3488 -0.2600 -0.0896 0.1970 -0.1554 -0.3800 -0.2930
-0.3735 -0.1428 0.2003 -0.0953 -0.2614 -0.3499 -0.3758 0.0983 0.2628 -0.2071 -0.3113 -0.3853 -0.0666 0.2221 -0.1256 -0.2701 -0.3572 -0.3568 0.1191 0.2113 -0.2199 -0.3198 -0.3891 -0.0088 0.2453 -0.1500 -0.2799 -0.3651 -0.3172 0.1453 0.0857 -0.2364 -0.3311 -0.3912 0.0442 0.2738 -0.1779 -0.2944 -0.3760 -0.2069 0.1857 -0.0721 -0.2574 -0.3475 -0.3784 0.0969 0.2610 -0.2091 -0.3125 -0.3867 -0.3510 -0.3867 -0.3125 -0.2091 0.2610 0.0969 -0.3784 -0.3475 -0.2574 -0.0721 0.1857 -0.2069 -0.3760 -0.2944 -0.1779 0.2738 0.0442 -0.3912 -0.3311 -0.2364 0.0857 0.1453 -0.3172 -0.3651 -0.2799 -0.1500 0.2453 -0.0088 -0.3891 -0.3198 -0.2199 0.2113 0.1191 -0.3568 -0.3572 -0.2701 -0.1256 0.2221 -0.0666 -0.3853 -0.3113 -0.2071 0.2628 0.0983 -0.3758 -0.3499 -0.2614 -0.0953 0.2003 -0.1428 -0.3735
-0.1379 0.2036 -0.1007 -0.2627 -0.3510 -0.3736 0.1015 0.2575 -0.2091 -0.3126 -0.3859 -0.0567 0.2254 -0.1294 -0.2714 -0.3583 -0.3529 0.1223 0.2000 -0.2217 -0.3209 -0.3895 -0.0034 0.2478 -0.1520 -0.2807 -0.3657 -0.3136 0.1469 0.0781 -0.2371 -0.3315 -0.3912 0.0446 0.2738 -0.1777 -0.2942 -0.3757 -0.2110 0.1844 -0.0689 -0.2568 -0.3469 -0.3795 0.0949 0.2640 -0.2082 -0.3128 -0.3862 -0.0975 0.1235 -0.0975 -0.3862 -0.3128 -0.2082 0.2640 0.0949 -0.3795 -0.3469 -0.2568 -0.0689 0.1844 -0.2110 -0.3757 -0.2942 -0.1777 0.2738 0.0446 -0.3912 -0.3315 -0.2371 0.0781 0.1469 -0.3136 -0.3657 -0.2807 -0.1520 0.2478 -0.0034 -0.3895 -0.3209 -0.2217 0.2000 0.1223 -0.3529 -0.3583 -0.2714 -0.1294 0.2254 -0.0567 -0.3859 -0.3126 -0.2091 0.2575 0.1015 -0.3736 -0.3510 -0.2627 -0.1007 0.2036 -0.1379
0.2053 -0.1058 -0.2640 -0.3522 -0.3711 0.1047 0.2514 -0.2111 -0.3139 -0.3865 -0.0473 0.2288 -0.1331 -0.2728 -0.3593 -0.3488 0.1254 0.1874 -0.2236 -0.3221 -0.3899 0.0023 0.2505 -0.1543 -0.2817 -0.3664 -0.3092 0.1489 0.0688 -0.2381 -0.3320 -0.3912 0.0459 0.2742 -0.1779 -0.2942 -0.3756 -0.2134 0.1835 -0.0662 -0.2562 -0.3464 -0.3804 0.0931 0.2665 -0.2071 -0.3122 -0.3862 -0.0566 0.2105 0.1916 0.2105 -0.0566 -0.3862 -0.3122 -0.2071 0.2665 0.0931 -0.3804 -0.3464 -0.2562 -0.0662 0.1835 -0.2134 -0.3756 -0.2942 -0.1779 0.2742 0.0459 -0.3912 -0.3320 -0.2381 0.0688 0.1489 -0.3092 -0.3664 -0.2817 -0.1543 0.2505 0.0023 -0.3899 -0.3221 -0.2236 0.1874 0.1254 -0.3488 -0.3593 -0.2728 -0.1331 0.2288 -0.0473 -0.3865 -0.3139 -0.2111 0.2514 0.1047 -0.3711 -0.3522 -0.2640 -0.1058 0.2053
-0.1087 -0.2654 -0.3533 -0.3684 0.1079 0.2443 -0.2130 -0.3152 -0.3871 -0.0385 0.2321 -0.1366 -0.2741 -0.3604 -0.3443 0.1286 0.1738 -0.2255 -0.3234 -0.3903 0.0082 0.2534 -0.1569 -0.2828 -0.3672 -0.3039 0.1512 0.0582 -0.2392 -0.3327 -0.3911 0.0478 0.2749 -0.1786 -0.2944 -0.3757 -0.2134 0.1832 -0.0647 -0.2559 -0.3460 -0.3811 0.0916 0.2685 -0.2061 -0.3116 -0.3859 -0.0524 0.2260 -0.1143 -0.2256 -0.1143 0.2260 -0.0524 -0.3859 -0.3116 -0.2061 0.2685 0.0916 -0.3811 -0.3460 -0.2559 -0.0647 0.1832 -0.2134 -0.3757 -0.2944 -0.1786 0.2749 0.0478 -0.3911 -0.3327 -0.2392 0.0582 0.1512 -0.3039 -0.3672 -0.2828 -0.1569 0.2534 0.0082 -0.3903 -0.3234 -0.2255 0.1738 0.1286 -0.3443 -0.3604 -0.2741 -0.1366 0.2321 -0.0385 -0.3871 -0.3152 -0.2130 0.2443 0.1079 -0.3684 -0.3533 -0.2654 -0.1087
-0.2576 -0.3544 -0.3654 0.1111 0.2364 -0.2149 -0.3164 -0.3877 -0.0301 0.2355 -0.1400 -0.2754 -0.3614 -0.3395 0.1318 0.1593 -0.2274 -0.3246 -0.3907 0.0139 0.2565 -0.1595 -0.2840 -0.3681 -0.2977 0.1537 0.0466 -0.2404 -0.3335 -0.3909 0.0499 0.2758 -0.1796 -0.2949 -0.3760 -0.2110 0.1835 -0.0647 -0.2557 -0.3457 -0.3816 0.0905 0.2700 -0.2052 -0.3110 -0.3856 -0.0553 0.2277 -0.1308 -0.2668 -0.3244 -0.2668 -0.1308 0.2277 -0.0553 -0.3856 -0.3110 -0.2052 0.2700 0.0905 -0.3816 -0.3457 -0.2557 -0.0647 0.1835 -0.2110 -0.3760 -0.2949 -0.1796 0.2758 0.0499 -0.3909 -0.3335 -0.2404 0.0466 0.1537 -0.2977 -0.3681 -0.2840 -0.1595 0.2565 0.0139 -0.3907 -0.3246 -0.2274 0.1593 0.1318 -0.3395 -0.3614 -0.2754 -0.1400 0.2355 -0.0301 -0.3877 -0.3164 -0.2149 0.2364 0.1111 -0.3654 -0.3544 -0.2576
-0.3474 -0.3623 0.1142 0.2274 -0.2168 -0.3177 -0.3882 -0.0223 0.2388 -0.1432 -0.2767 -0.3625 -0.3343 0.1350 0.1439 -0.2292 -0.3259 -0.3909 0.0194 0.2594 -0.1622 -0.2853 -0.3690 -0.2907 0.1566 0.0341 -0.2418 -0.3343 -0.3908 0.0524 0.2767 -0.1807 -0.2955 -0.3763 -0.2069 0.1844 -0.0662 -0.2559 -0.3457 -0.3817 0.0898 0.2710 -0.2045 -0.3105 -0.3853 -0.0591 0.2268 -0.1327 -0.2723 -0.3572 -0.3968 -0.3572 -0.2723 -0.1327 0.2268 -0.0591 -0.3853 -0.3105 -0.2045 0.2710 0.0898 -0.3817 -0.3457 -0.2559 -0.0662 0.1844 -0.2069 -0.3763 -0.2955 -0.1807 0.2767 0.0524 -0.3908 -0.3343 -0.2418 0.0341 0.1566 -0.2907 -0.3690 -0.2853 -0.1622 0.2594 0.0194 -0.3909 -0.3259 -0.2292 0.1439 0.1350 -0.3343 -0.3625 -0.2767 -0.1432 0.2388 -0.0223 -0.3882 -0.3177 -0.2168 0.2274 0.1142 -0.3623 -0.3474
-0.3569 0.1174 0.2175 -0.2188 -0.3189 -0.3887 -0.0149 0.2421 -0.1464 -0.2780 -0.3635 -0.3288 0.1382 0.1278 -0.2311 -0.3271 -0.3911 0.0246 0.2623 -0.1648 -0.2866 -0.3700 -0.2826 0.1598 0.0207 -0.2434 -0.3353 -0.3905 0.0552 0.2776 -0.1821 -0.2962 -0.3767 -0.2016 0.1857 -0.0689 -0.2562 -0.3460 -0.3816 0.0898 0.2713 -0.2041 -0.3101 -0.3851 -0.0628 0.2257 -0.1320 -0.2730 -0.3597 -0.3632 0.0088 -0.3632 -0.3597 -0.2730 -0.1320 0.2257 -0.0628 -0.3851 -0.3101 -0.2041 0.2713 0.0898 -0.3816 -0.3460 -0.2562 -0.0689 0.1857 -0.2016 -0.3767 -0.2962 -0.1821 0.2776 0.0552 -0.3905 -0.3353 -0.2434 0.0207 0.1598 -0.2826 -0.3700 -0.2866 -0.1648 0.2623 0.0246 -0.3911 -0.3271 -0.2311 0.1278 0.1382 -0.3288 -0.3635 -0.2780 -0.1464 0.2421 -0.0149 -0.3887 -0.3189 -0.2188 0.2175 0.1174 -0.3569
0.1184 0.2065 -0.2207 -0.3202 -0.3892 -0.0079 0.2453 -0.1494 -0.2793 -0.3645 -0.3229 0.1414 0.1112 -0.2330 -0.3283 -0.3913 0.0295 0.2650 -0.1674 -0.2879 -0.3709 -0.2739 0.1631 0.0070 -0.2452 -0.3364 -0.3901 0.0583 0.2786 -0.1836 -0.2970 -0.3772 -0.1950 0.1873 -0.0721 -0.2568 -0.3464 -0.3811 0.0905 0.2710 -0.2041 -0.3100 -0.3850 -0.0655 0.2246 -0.1309 -0.2728 -0.3599 -0.3481 0.1125 0.2506 0.1125 -0.3481 -0.3599 -0.2728 -0.1309 0.2246 -0.0655 -0.3850 -0.3100 -0.2041 0.2710 0.0905 -0.3811 -0.3464 -0.2568 -0.0721 0.1873 -0.1950 -0.3772 -0.2970 -0.1836 0.2786 0.0583 -0.3901 -0.3364 -0.2452 0.0070 0.1631 -0.2739 -0.3709 -0.2879 -0.1674 0.2650 0.0295 -0.3913 -0.3283 -0.2330 0.1112 0.1414 -0.3229 -0.3645 -0.2793 -0.1494 0.2453 -0.0079 -0.3892 -0.3202 -0.2207 0.2065 0.1184
0.1916 -0.2225 -0.3214 -0.3897 -0.0013 0.2485 -0.1524 -0.2807 -0.3655 -0.3166 0.1447 0.0943 -0.2348 -0.3296 -0.3913 0.0343 0.2676 -0.1699 -0.2892 -0.3718 -0.2647 0.1663 -0.0061 -0.2469 -0.3375 -0.3896 0.0618 0.2795 -0.1854 -0.2980 -0.3778 -0.1871 0.1893 -0.0760 -0.2574 -0.3469 -0.3804 0.0916 0.2700 -0.2045 -0.3101 -0.3850 -0.0665 0.2240 -0.1300 -0.2725 -0.3597 -0.3453 0.1263 0.2285 -0.1594 0.2285 0.1263 -0.3453 -0.3597 -0.2725 -0.1300 0.2240 -0.0665 -0.3850 -0.3101 -0.2045 0.2700 0.0916 -0.3804 -0.3469 -0.2574 -0.0760 0.1893 -0.1871 -0.3778 -0.2980 -0.1854 0.2795 0.0618 -0.3896 -0.3375 -0.2469 -0.0061 0.1663 -0.2647 -0.3718 -0.2892 -0.1699 0.2676 0.0343 -0.3913 -0.3296 -0.2348 0.0943 0.1447 -0.3166 -0.3655 -0.2807 -0.1524 0.2485 -0.0013 -0.3897 -0.3214 -0.2225 0.1916
-0.2172 -0.3227 -0.3901 0.0049 0.2517 -0.1552 -0.2820 -0.3665 -0.3099 0.1479 0.0774 -0.2367 -0.3308 -0.3913 0.0389 0.2700 -0.1723 -0.2905 -0.3727 -0.2550 0.1694 -0.0181 -0.2484 -0.3387 -0.3890 0.0654 0.2802 -0.1874 -0.2991 -0.3785 -0.1778 0.1916 -0.0803 -0.2583 -0.3475 -0.3795 0.0931 0.2685 -0.2052 -0.3105 -0.3851 -0.0655 0.2240 -0.1296 -0.2722 -0.3595 -0.3454 0.1289 0.1779 -0.2180 -0.2835 -0.2180 0.1779 0.1289 -0.3454 -0.3595 -0.2722 -0.1296 0.2240 -0.0655 -0.3851 -0.3105 -0.2052 0.2685 0.0931 -0.3795 -0.3475 -0.2583 -0.0803 0.1916 -0.1778 -0.3785 -0.2991 -0.1874 0.2802 0.0654 -0.3890 -0.3387 -0.2484 -0.0181 0.1694 -0.2550 -0.3727 -0.2905 -0.1723 0.2700 0.0389 -0.3913 -0.3308 -0.2367 0.0774 0.1479 -0.3099 -0.3665 -0.2820 -0.1552 0.2517 0.0049 -0.3901 -0.3227 -0.2172
-0.3154 -0.3905 0.0108 0.2548 -0.1580 -0.2833 -0.3675 -0.3028 0.1512 0.0607 -0.2386 -0.3320 -0.3912 0.0433 0.2723 -0.1747 -0.2918 -0.3736 -0.2448 0.1725 -0.0292 -0.2497 -0.3399 -0.3882 0.0691 0.2806 -0.1895 -0.3003 -0.3792 -0.1673 0.1942 -0.0851 -0.2592 -0.3483 -0.3784 0.0949 0.2665 -0.2061 -0.3110 -0.3853 -0.0628 0.2246 -0.1300 -0.2722 -0.3594 -0.3459 0.1291 0.1667 -0.2258 -0.3196 -0.3733 -0.3196 -0.2258 0.1667 0.1291 -0.3459 -0.3594 -0.2722 -0.1300 0.2246 -0.0628 -0.3853 -0.3110 -0.2061 0.2665 0.0949 -0.3784 -0.3483 -0.2592 -0.0851 0.1942 -0.1673 -0.3792 -0.3003 -0.1895 0.2806 0.0691 -0.3882 -0.3399 -0.2497 -0.0292 0.1725 -0.2448 -0.3736 -0.2918 -0.1747 0.2723 0.0433 -0.3912 -0.3320 -0.2386 0.0607 0.1512 -0.3028 -0.3675 -0.2833 -0.1580 0.2548 0.0108 -0.3905 -0.3154
-0.3846 0.0164 0.2578 -0.1607 -0.2846 -0.3685 -0.2953 0.1545 0.0446 -0.2404 -0.3332 -0.3910 0.0475 0.2743 -0.1771 -0.2931 -0.3745 -0.2343 0.1757 -0.0394 -0.2511 -0.3411 -0.3873 0.0727 0.2805 -0.1916 -0.3016 -0.3799 -0.1557 0.1970 -0.0900 -0.2602 -0.3491 -0.3771 0.0969 0.2640 -0.2071 -0.3116 -0.3856 -0.0591 0.2257 -0.1309 -0.2725 -0.3595 -0.3459 0.1291 0.1650 -0.2272 -0.3242 -0.3915 -0.2962 -0.3915 -0.3242 -0.2272 0.1650 0.1291 -0.3459 -0.3595 -0.2725 -0.1309 0.2257 -0.0591 -0.3856 -0.3116 -0.2071 0.2640 0.0969 -0.3771 -0.3491 -0.2602 -0.0900 0.1970 -0.1557 -0.3799 -0.3016 -0.1916 0.2805 0.0727 -0.3873 -0.3411 -0.2511 -0.0394 0.1757 -0.2343 -0.3745 -0.2931 -0.1771 0.2743 0.0475 -0.3910 -0.3332 -0.2404 0.0446 0.1545 -0.2953 -0.3685 -0.2846 -0.1607 0.2578 0.0164 -0.3846
0.0174 0.2606 -0.1633 -0.2858 -0.3694 -0.2877 0.1577 0.0300 -0.2422 -0.3344 -0.3908 0.0515 0.2760 -0.1793 -0.2944 -0.3754 -0.2238 0.1787 -0.0483 -0.2524 -0.3422 -0.3864 0.0760 0.2801 -0.1936 -0.3028 -0.3807 -0.1441 0.1999 -0.0949 -0.2613 -0.3500 -0.3756 0.0990 0.2610 -0.2082 -0.3122 -0.3859 -0.0553 0.2268 -0.1320 -0.2728 -0.3597 -0.3454 0.1291 0.1650 -0.2275 -0.3251 -0.3906 -0.0120 0.1516 -0.0120 -0.3906 -0.3251 -0.2275 0.1650 0.1291 -0.3454 -0.3597 -0.2728 -0.1320 0.2268 -0.0553 -0.3859 -0.3122 -0.2082 0.2610 0.0990 -0.3756 -0.3500 -0.2613 -0.0949 0.1999 -0.1441 -0.3807 -0.3028 -0.1936 0.2801 0.0760 -0.3864 -0.3422 -0.2524 -0.0483 0.1787 -0.2238 -0.3754 -0.2944 -0.1793 0.2760 0.0515 -0.3908 -0.3344 -0.2422 0.0300 0.1577 -0.2877 -0.3694 -0.2858 -0.1633 0.2606 0.0174
0.2608 -0.1652 -0.2868 -0.3702 -0.2814 0.1601 0.0190 -0.2436 -0.3354 -0.3905 0.0544 0.2772 -0.1810 -0.2954 -0.3761 -0.2153 0.1811 -0.0548 -0.2534 -0.3432 -0.3855 0.0786 0.2795 -0.1952 -0.3038 -0.3813 -0.1348 0.2024 -0.0988 -0.2622 -0.3508 -0.3743 0.1007 0.2584 -0.2091 -0.3128 -0.3862 -0.0524 0.2277 -0.1327 -0.2730 -0.3599 -0.3453 0.1289 0.1667 -0.2272 -0.3251 -0.3908 0.0139 0.2429 0.0469 0.2429 0.0139 -0.3908 -0.3251 -0.2272 0.1667 0.1289 -0.3453 -0.3599 -0.2730 -0.1327 0.2277 -0.0524 -0.3862 -0.3128 -0.2091 0.2584 0.1007 -0.3743 -0.3508 -0.2622 -0.0988 0.2024 -0.1348 -0.3813 -0.3038 -0.1952 0.2795 0.0786 -0.3855 -0.3432 -0.2534 -0.0548 0.1811 -0.2153 -0.3761 -0.2954 -0.1810 0.2772 0.0544 -0.3905 -0.3354 -0.2436 0.0190 0.1601 -0.2814 -0.3702 -0.2868 -0.1652 0.2608
-0.1615 -0.2868 -0.3706 -0.2823 0.1591 0.0208 -0.2436 -0.3355 -0.3905 0.0539 0.2771 -0.1808 -0.2953 -0.3765 -0.2165 0.1807 -0.0538 -0.2532 -0.3434 -0.3856 0.0780 0.2797 -0.1951 -0.3038 -0.3817 -0.1361 0.2020 -0.0982 -0.2621 -0.3510 -0.3746 0.0998 0.2598 -0.2086 -0.3125 -0.3862 -0.0566 0.2260 -0.1308 -0.2723 -0.3597 -0.3481 0.1263 0.1779 -0.2258 -0.3242 -0.3906 0.0139 0.2549 -0.1462 -0.2398 -0.1462 0.2549 0.0139 -0.3906 -0.3242 -0.2258 0.1779 0.1263 -0.3481 -0.3597 -0.2723 -0.1308 0.2260 -0.0566 -0.3862 -0.3125 -0.2086 0.2598 0.0998 -0.3746 -0.3510 -0.2621 -0.0982 0.2020 -0.1361 -0.3817 -0.3038 -0.1951 0.2797 0.0780 -0.3856 -0.3434 -0.2532 -0.0538 0.1807 -0.2165 -0.3765 -0.2953 -0.1808 0.2771 0.0539 -0.3905 -0.3355 -0.2436 0.0208 0.1591 -0.2823 -0.3706 -0.2868 -0.1615
-0.2730 -0.3694 -0.3100 0.1454 0.0824 -0.2371 -0.3322 -0.3927 0.0381 0.2697 -0.1721 -0.2908 -0.3759 -0.2553 0.1663 -0.0148 -0.2479 -0.3404 -0.3896 0.0646 0.2804 -0.1872 -0.2995 -0.3817 -0.1816 0.1872 -0.0748 -0.2569 -0.3484 -0.3816 0.0872 0.2753 -0.2012 -0.3083 -0.3867 -0.0975 0.2105 -0.1143 -0.2668 -0.3572 -0.3632 0.1125 0.2285 -0.2180 -0.3196 -0.3915 -0.0120 0.2429 -0.1462 -0.2727 -0.3312 -0.2727 -0.1462 0.2429 -0.0120 -0.3915 -0.3196 -0.2180 0.2285 0.1125 -0.3632 -0.3572 -0.2668 -0.1143 0.2105 -0.0975 -0.3867 -0.3083 -0.2012 0.2753 0.0872 -0.3816 -0.3484 -0.2569 -0.0748 0.1872 -0.1816 -0.3817 -0.2995 -0.1872 0.2804 0.0646 -0.3896 -0.3404 -0.2479 -0.0148 0.1663 -0.2553 -0.3759 -0.2908 -0.1721 0.2697 0.0381 -0.3927 -0.3322 -0.2371 0.0824 0.1454 -0.3100 -0.3694 -0.2730
-0.3310 -0.3954 0.0592 0.2766 -0.1869 -0.2973 -0.3832 -0.1994 0.1810 -0.0608 -0.2541 -0.3475 -0.3887 0.0820 0.2775 -0.2016 -0.3060 -0.3888 -0.1175 0.2026 -0.1035 -0.2631 -0.3557 -0.3751 0.1027 0.2552 -0.2134 -0.3148 -0.3933 -0.0469 0.2246 -0.1326 -0.2722 -0.3637 -0.3510 0.1235 0.1916 -0.2256 -0.3244 -0.3968 0.0088 0.2506 -0.1594 -0.2835 -0.3733 -0.2963 0.1516 0.0469 -0.2398 -0.3312 -0.3866 -0.3312 -0.2398 0.0469 0.1516 -0.2962 -0.3733 -0.2835 -0.1594 0.2506 0.0088 -0.3968 -0.3244 -0.2256 0.1916 0.1235 -0.3510 -0.3637 -0.2722 -0.1326 0.2246 -0.0469 -0.3933 -0.3148 -0.2134 0.2552 0.1027 -0.3751 -0.3557 -0.2631 -0.1035 0.2026 -0.1175 -0.3888 -0.3060 -0.2016 0.2775 0.0820 -0.3887 -0.3475 -0.2541 -0.0608 0.1810 -0.1994 -0.3832 -0.2973 -0.1869 0.2766 0.0592 -0.3954 -0.3310
