0.1494 0.1534 0.2433 0.4627 0.4655 0.1705 0.1417 0.1978 0.3657 0.5109 0.2846 0.1397 0.1671 0.2846 0.5088 0.4102 0.1498 0.1484 0.2261 0.4299 0.4858 0.1961 0.1399 0.1857 0.3352 0.5167 0.3329 0.1416 0.1594 0.2622 0.4896 0.4415 0.1579 0.1444 0.2104 0.3958 0.5012 0.2390 0.1392 0.1753 0.3075 0.5164 0.3761 0.1449 0.1531 0.2423 0.4603 0.4679 0.1749 0.1397 0.1590 0.1397 0.1749 0.4679 0.4603 0.2423 0.1531 0.1449 0.3761 0.5164 0.3075 0.1753 0.1392 0.2390 0.5012 0.3958 0.2104 0.1444 0.1579 0.4415 0.4896 0.2622 0.1594 0.1416 0.3329 0.5167 0.3352 0.1857 0.1399 0.1961 0.4858 0.4299 0.2261 0.1484 0.1498 0.4102 0.5088 0.2846 0.1671 0.1397 0.2846 0.5109 0.3657 0.1978 0.1417 0.1705 0.4655 0.4627 0.2433 0.1534 0.1494
0.1534 0.2418 0.4627 0.4668 0.1684 0.1377 0.1948 0.3640 0.5119 0.2876 0.1355 0.1638 0.2823 0.5090 0.4126 0.1461 0.1448 0.2234 0.4287 0.4872 0.1965 0.1357 0.1826 0.3333 0.5175 0.3359 0.1374 0.1560 0.2597 0.4893 0.4435 0.1549 0.1406 0.2076 0.3943 0.5023 0.2413 0.1350 0.1721 0.3054 0.5170 0.3788 0.1410 0.1496 0.2397 0.4597 0.4689 0.1707 0.1370 0.1846 0.2613 0.1846 0.1370 0.1707 0.4689 0.4597 0.2397 0.1496 0.1410 0.3788 0.5170 0.3054 0.1721 0.1350 0.2413 0.5023 0.3943 0.2076 0.1406 0.1549 0.4435 0.4893 0.2597 0.1560 0.1374 0.3359 0.5175 0.3333 0.1826 0.1357 0.1965 0.4872 0.4287 0.2234 0.1448 0.1461 0.4126 0.5090 0.2823 0.1638 0.1355 0.2876 0.5119 0.3640 0.1948 0.1377 0.1684 0.4668 0.4627 0.2418 0.1534
0.2433 0.4627 0.4677 0.1697 0.1375 0.1936 0.3608 0.5127 0.2929 0.1356 0.1629 0.2797 0.5075 0.4162 0.1469 0.1442 0.2215 0.4249 0.4891 0.2007 0.1355 0.1814 0.3301 0.5177 0.3409 0.1377 0.1553 0.2574 0.4864 0.4465 0.1561 0.1402 0.2060 0.3906 0.5037 0.2467 0.1350 0.1711 0.3025 0.5164 0.3831 0.1415 0.1490 0.2377 0.4561 0.4712 0.1724 0.1371 0.1902 0.3372 0.4898 0.3372 0.1902 0.1371 0.1724 0.4712 0.4561 0.2377 0.1490 0.1415 0.3831 0.5164 0.3025 0.1711 0.1350 0.2467 0.5037 0.3906 0.2060 0.1402 0.1561 0.4465 0.4864 0.2574 0.1553 0.1377 0.3409 0.5177 0.3301 0.1814 0.1355 0.2007 0.4891 0.4249 0.2215 0.1442 0.1469 0.4162 0.5075 0.2797 0.1629 0.1356 0.2929 0.5127 0.3608 0.1936 0.1375 0.1697 0.4677 0.4627 0.2433
0.4627 0.4668 0.1697 0.1374 0.1929 0.3584 0.5134 0.2976 0.1358 0.1620 0.2773 0.5058 0.4197 0.1477 0.1438 0.2197 0.4211 0.4909 0.2052 0.1354 0.1802 0.3269 0.5179 0.3458 0.1381 0.1545 0.2552 0.4835 0.4495 0.1574 0.1398 0.2044 0.3869 0.5050 0.2522 0.1350 0.1700 0.2997 0.5158 0.3873 0.1420 0.1484 0.2357 0.4525 0.4735 0.1749 0.1369 0.1905 0.3496 0.5167 0.4455 0.5167 0.3496 0.1905 0.1369 0.1749 0.4735 0.4525 0.2357 0.1484 0.1420 0.3873 0.5158 0.2997 0.1700 0.1350 0.2522 0.5050 0.3869 0.2044 0.1398 0.1574 0.4495 0.4835 0.2552 0.1545 0.1381 0.3458 0.5179 0.3269 0.1802 0.1354 0.2052 0.4909 0.4211 0.2197 0.1438 0.1477 0.4197 0.5058 0.2773 0.1620 0.1358 0.2976 0.5134 0.3584 0.1929 0.1374 0.1697 0.4668 0.4627
0.4655 0.1684 0.1375 0.1929 0.3575 0.5137 0.3009 0.1359 0.1613 0.2751 0.5042 0.4230 0.1485 0.1433 0.2180 0.4174 0.4927 0.2098 0.1353 0.1790 0.3238 0.5180 0.3507 0.1384 0.1538 0.2529 0.4804 0.4524 0.1588 0.1395 0.2028 0.3833 0.5062 0.2577 0.1350 0.1690 0.2969 0.5151 0.3915 0.1426 0.1478 0.2337 0.4489 0.4758 0.1776 0.1367 0.1895 0.3500 0.5155 0.3401 0.1560 0.3401 0.5155 0.3500 0.1895 0.1367 0.1776 0.4758 0.4489 0.2337 0.1478 0.1426 0.3915 0.5151 0.2969 0.1690 0.1350 0.2577 0.5062 0.3833 0.2028 0.1395 0.1588 0.4524 0.4804 0.2529 0.1538 0.1384 0.3507 0.5180 0.3238 0.1790 0.1353 0.2098 0.4927 0.4174 0.2180 0.1433 0.1485 0.4230 0.5042 0.2751 0.1613 0.1359 0.3009 0.5137 0.3575 0.1929 0.1375 0.1684 0.4655
0.1705 0.1377 0.1936 0.3584 0.5137 0.3021 0.1360 0.1608 0.2734 0.5027 0.4259 0.1493 0.1429 0.2164 0.4138 0.4943 0.2146 0.1352 0.1778 0.3207 0.5181 0.3554 0.1388 0.1531 0.2507 0.4772 0.4552 0.1603 0.1391 0.2013 0.3797 0.5074 0.2633 0.1351 0.1680 0.2941 0.5143 0.3955 0.1432 0.1472 0.2317 0.4452 0.4781 0.1806 0.1365 0.1883 0.3475 0.5156 0.3207 0.1374 0.1384 0.1374 0.3207 0.5156 0.3475 0.1883 0.1365 0.1806 0.4781 0.4452 0.2317 0.1472 0.1432 0.3955 0.5143 0.2941 0.1680 0.1351 0.2633 0.5074 0.3797 0.2013 0.1391 0.1603 0.4552 0.4772 0.2507 0.1531 0.1388 0.3554 0.5181 0.3207 0.1778 0.1352 0.2146 0.4943 0.4138 0.2164 0.1429 0.1493 0.4259 0.5027 0.2734 0.1608 0.1360 0.3021 0.5137 0.3584 0.1936 0.1377 0.1705
0.1417 0.1948 0.3608 0.5134 0.3009 0.1360 0.1607 0.2725 0.5016 0.4281 0.1500 0.1425 0.2149 0.4105 0.4958 0.2193 0.1351 0.1767 0.3177 0.5180 0.3601 0.1392 0.1524 0.2485 0.4740 0.4579 0.1619 0.1388 0.1998 0.3760 0.5085 0.2688 0.1351 0.1670 0.2913 0.5133 0.3995 0.1438 0.1466 0.2298 0.4415 0.4802 0.1838 0.1363 0.1870 0.3443 0.5160 0.3201 0.1367 0.1532 0.1997 0.1532 0.1367 0.3201 0.5160 0.3443 0.1870 0.1363 0.1838 0.4802 0.4415 0.2298 0.1466 0.1438 0.3995 0.5133 0.2913 0.1670 0.1351 0.2688 0.5085 0.3760 0.1998 0.1388 0.1619 0.4579 0.4740 0.2485 0.1524 0.1392 0.3601 0.5180 0.3177 0.1767 0.1351 0.2193 0.4958 0.4105 0.2149 0.1425 0.1500 0.4281 0.5016 0.2725 0.1607 0.1360 0.3009 0.5134 0.3608 0.1948 0.1417
0.1978 0.3640 0.5127 0.2976 0.1359 0.1608 0.2725 0.5012 0.4292 0.1504 0.1422 0.2137 0.4076 0.4972 0.2236 0.1351 0.1757 0.3148 0.5179 0.3647 0.1396 0.1517 0.2463 0.4706 0.4606 0.1637 0.1384 0.1983 0.3725 0.5096 0.2744 0.1352 0.1660 0.2886 0.5122 0.4034 0.1445 0.1460 0.2278 0.4377 0.4823 0.1872 0.1361 0.1857 0.3410 0.5165 0.3240 0.1368 0.1566 0.2507 0.3765 0.2507 0.1566 0.1368 0.3240 0.5165 0.3410 0.1857 0.1361 0.1872 0.4823 0.4377 0.2278 0.1460 0.1445 0.4034 0.5122 0.2886 0.1660 0.1352 0.2744 0.5096 0.3725 0.1983 0.1384 0.1637 0.4606 0.4706 0.2463 0.1517 0.1396 0.3647 0.5179 0.3148 0.1757 0.1351 0.2236 0.4972 0.4076 0.2137 0.1422 0.1504 0.4292 0.5012 0.2725 0.1608 0.1359 0.2976 0.5127 0.3640 0.1978
0.3657 0.5119 0.2929 0.1358 0.1613 0.2734 0.5016 0.4292 0.1506 0.1421 0.2129 0.4054 0.4983 0.2274 0.1350 0.1747 0.3122 0.5177 0.3690 0.1400 0.1510 0.2442 0.4672 0.4633 0.1655 0.1381 0.1968 0.3689 0.5106 0.2799 0.1353 0.1651 0.2860 0.5110 0.4073 0.1451 0.1455 0.2260 0.4340 0.4844 0.1909 0.1359 0.1844 0.3378 0.5169 0.3289 0.1370 0.1568 0.2596 0.4745 0.5082 0.4745 0.2596 0.1568 0.1370 0.3289 0.5169 0.3378 0.1844 0.1359 0.1909 0.4844 0.4340 0.2260 0.1455 0.1451 0.4073 0.5110 0.2860 0.1651 0.1353 0.2799 0.5106 0.3689 0.1968 0.1381 0.1655 0.4633 0.4672 0.2442 0.1510 0.1400 0.3690 0.5177 0.3122 0.1747 0.1350 0.2274 0.4983 0.4054 0.2129 0.1421 0.1506 0.4292 0.5016 0.2734 0.1613 0.1358 0.2929 0.5119 0.3657
0.5109 0.2876 0.1356 0.1620 0.2751 0.5027 0.4281 0.1504 0.1421 0.2127 0.4042 0.4989 0.2304 0.1350 0.1739 0.3099 0.5175 0.3728 0.1404 0.1504 0.2422 0.4639 0.4658 0.1675 0.1378 0.1954 0.3654 0.5115 0.2854 0.1354 0.1641 0.2833 0.5096 0.4111 0.1459 0.1450 0.2241 0.4302 0.4864 0.1948 0.1357 0.1831 0.3345 0.5173 0.3339 0.1373 0.1563 0.2599 0.4862 0.4597 0.2799 0.4597 0.4862 0.2599 0.1563 0.1373 0.3339 0.5173 0.3345 0.1831 0.1357 0.1948 0.4864 0.4302 0.2241 0.1450 0.1459 0.4111 0.5096 0.2833 0.1641 0.1354 0.2854 0.5115 0.3654 0.1954 0.1378 0.1675 0.4658 0.4639 0.2422 0.1504 0.1404 0.3728 0.5175 0.3099 0.1739 0.1350 0.2304 0.4989 0.4042 0.2127 0.1421 0.1504 0.4281 0.5027 0.2751 0.1620 0.1356 0.2876 0.5109
0.2846 0.1355 0.1629 0.2773 0.5042 0.4259 0.1500 0.1422 0.2129 0.4042 0.4992 0.2319 0.1350 0.1734 0.3081 0.5173 0.3761 0.1408 0.1499 0.2404 0.4607 0.4682 0.1696 0.1375 0.1940 0.3619 0.5124 0.2909 0.1356 0.1632 0.2807 0.5081 0.4148 0.1466 0.1445 0.2223 0.4264 0.4883 0.1990 0.1356 0.1819 0.3313 0.5176 0.3389 0.1376 0.1556 0.2582 0.4866 0.4495 0.1648 0.1343 0.1648 0.4495 0.4866 0.2582 0.1556 0.1376 0.3389 0.5176 0.3313 0.1819 0.1356 0.1990 0.4883 0.4264 0.2223 0.1445 0.1466 0.4148 0.5081 0.2807 0.1632 0.1356 0.2909 0.5124 0.3619 0.1940 0.1375 0.1696 0.4682 0.4607 0.2404 0.1499 0.1408 0.3761 0.5173 0.3081 0.1734 0.1350 0.2319 0.4992 0.4042 0.2129 0.1422 0.1500 0.4259 0.5042 0.2773 0.1629 0.1355 0.2846
0.1397 0.1638 0.2797 0.5058 0.4230 0.1493 0.1425 0.2137 0.4054 0.4989 0.2319 0.1350 0.1730 0.3069 0.5171 0.3787 0.1411 0.1494 0.2388 0.4578 0.4703 0.1716 0.1373 0.1927 0.3585 0.5132 0.2963 0.1357 0.1623 0.2782 0.5065 0.4184 0.1474 0.1439 0.2205 0.4227 0.4902 0.2034 0.1355 0.1807 0.3282 0.5178 0.3439 0.1379 0.1548 0.2561 0.4845 0.4492 0.1588 0.1373 0.1617 0.1373 0.1588 0.4492 0.4845 0.2561 0.1548 0.1379 0.3439 0.5178 0.3282 0.1807 0.1355 0.2034 0.4902 0.4227 0.2205 0.1439 0.1474 0.4184 0.5065 0.2782 0.1623 0.1357 0.2963 0.5132 0.3585 0.1927 0.1373 0.1716 0.4703 0.4578 0.2388 0.1494 0.1411 0.3787 0.5171 0.3069 0.1730 0.1350 0.2319 0.4989 0.4054 0.2137 0.1425 0.1493 0.4230 0.5058 0.2797 0.1638 0.1397
0.1671 0.2823 0.5075 0.4197 0.1485 0.1429 0.2149 0.4076 0.4983 0.2304 0.1350 0.1730 0.3064 0.5169 0.3804 0.1414 0.1490 0.2374 0.4551 0.4721 0.1736 0.1371 0.1914 0.3554 0.5140 0.3016 0.1359 0.1614 0.2756 0.5047 0.4219 0.1482 0.1435 0.2187 0.4189 0.4920 0.2079 0.1353 0.1795 0.3250 0.5180 0.3487 0.1383 0.1541 0.2538 0.4816 0.4514 0.1587 0.1390 0.1935 0.2773 0.1935 0.1390 0.1587 0.4514 0.4816 0.2538 0.1541 0.1383 0.3487 0.5180 0.3250 0.1795 0.1353 0.2079 0.4920 0.4189 0.2187 0.1435 0.1482 0.4219 0.5047 0.2756 0.1614 0.1359 0.3016 0.5140 0.3554 0.1914 0.1371 0.1736 0.4721 0.4551 0.2374 0.1490 0.1414 0.3804 0.5169 0.3064 0.1730 0.1350 0.2304 0.4983 0.4076 0.2149 0.1429 0.1485 0.4197 0.5075 0.2823 0.1671
0.2846 0.5090 0.4162 0.1477 0.1433 0.2164 0.4105 0.4972 0.2274 0.1350 0.1734 0.3069 0.5169 0.3811 0.1415 0.1488 0.2364 0.4531 0.4736 0.1754 0.1369 0.1904 0.3526 0.5146 0.3065 0.1361 0.1606 0.2732 0.5027 0.4254 0.1491 0.1430 0.2169 0.4151 0.4937 0.2127 0.1352 0.1783 0.3219 0.5181 0.3535 0.1386 0.1534 0.2516 0.4785 0.4541 0.1598 0.1391 0.1996 0.3592 0.5047 0.3592 0.1996 0.1391 0.1598 0.4541 0.4785 0.2516 0.1534 0.1386 0.3535 0.5181 0.3219 0.1783 0.1352 0.2127 0.4937 0.4151 0.2169 0.1430 0.1491 0.4254 0.5027 0.2732 0.1606 0.1361 0.3065 0.5146 0.3526 0.1904 0.1369 0.1754 0.4736 0.4531 0.2364 0.1488 0.1415 0.3811 0.5169 0.3069 0.1734 0.1350 0.2274 0.4972 0.4105 0.2164 0.1433 0.1477 0.4162 0.5090 0.2846
0.5088 0.4126 0.1469 0.1438 0.2180 0.4138 0.4958 0.2236 0.1350 0.1739 0.3081 0.5171 0.3804 0.1415 0.1487 0.2360 0.4518 0.4747 0.1769 0.1367 0.1894 0.3501 0.5151 0.3107 0.1362 0.1598 0.2709 0.5007 0.4288 0.1500 0.1425 0.2152 0.4113 0.4954 0.2176 0.1352 0.1772 0.3189 0.5181 0.3582 0.1390 0.1526 0.2494 0.4753 0.4568 0.1613 0.1389 0.1999 0.3723 0.5131 0.4247 0.5131 0.3723 0.1999 0.1389 0.1613 0.4568 0.4753 0.2494 0.1526 0.1390 0.3582 0.5181 0.3189 0.1772 0.1352 0.2176 0.4954 0.4113 0.2152 0.1425 0.1500 0.4288 0.5007 0.2709 0.1598 0.1362 0.3107 0.5151 0.3501 0.1894 0.1367 0.1769 0.4747 0.4518 0.2360 0.1487 0.1415 0.3804 0.5171 0.3081 0.1739 0.1350 0.2236 0.4958 0.4138 0.2180 0.1438 0.1469 0.4126 0.5088
0.4102 0.1461 0.1442 0.2197 0.4174 0.4943 0.2193 0.1351 0.1747 0.3099 0.5173 0.3787 0.1414 0.1488 0.2360 0.4513 0.4753 0.1779 0.1366 0.1887 0.3481 0.5155 0.3145 0.1364 0.1592 0.2688 0.4988 0.4318 0.1509 0.1421 0.2135 0.4076 0.4970 0.2226 0.1351 0.1760 0.3158 0.5180 0.3629 0.1394 0.1519 0.2472 0.4720 0.4596 0.1630 0.1386 0.1988 0.3728 0.5104 0.3062 0.1484 0.3062 0.5104 0.3728 0.1988 0.1386 0.1630 0.4596 0.4720 0.2472 0.1519 0.1394 0.3629 0.5180 0.3158 0.1760 0.1351 0.2226 0.4970 0.4076 0.2135 0.1421 0.1509 0.4318 0.4988 0.2688 0.1592 0.1364 0.3145 0.5155 0.3481 0.1887 0.1366 0.1779 0.4753 0.4513 0.2360 0.1488 0.1414 0.3787 0.5173 0.3099 0.1747 0.1351 0.2193 0.4943 0.4174 0.2197 0.1442 0.1461 0.4102
0.1498 0.1448 0.2215 0.4211 0.4927 0.2146 0.1351 0.1757 0.3122 0.5175 0.3761 0.1411 0.1490 0.2364 0.4518 0.4753 0.1783 0.1366 0.1883 0.3466 0.5158 0.3177 0.1365 0.1586 0.2670 0.4969 0.4345 0.1518 0.1417 0.2119 0.4039 0.4986 0.2277 0.1350 0.1749 0.3128 0.5178 0.3675 0.1398 0.1513 0.2451 0.4686 0.4622 0.1647 0.1383 0.1974 0.3701 0.5105 0.2855 0.1357 0.1409 0.1357 0.2855 0.5105 0.3701 0.1974 0.1383 0.1647 0.4622 0.4686 0.2451 0.1513 0.1398 0.3675 0.5178 0.3128 0.1749 0.1350 0.2277 0.4986 0.4039 0.2119 0.1417 0.1518 0.4345 0.4969 0.2670 0.1586 0.1365 0.3177 0.5158 0.3466 0.1883 0.1366 0.1783 0.4753 0.4518 0.2364 0.1490 0.1411 0.3761 0.5175 0.3122 0.1757 0.1351 0.2146 0.4927 0.4211 0.2215 0.1448 0.1498
0.1484 0.2234 0.4249 0.4909 0.2098 0.1352 0.1767 0.3148 0.5177 0.3728 0.1408 0.1494 0.2374 0.4531 0.4747 0.1779 0.1366 0.1881 0.3458 0.5160 0.3198 0.1367 0.1581 0.2654 0.4952 0.4369 0.1526 0.1414 0.2105 0.4005 0.5000 0.2328 0.1350 0.1738 0.3099 0.5175 0.3720 0.1403 0.1506 0.2429 0.4652 0.4648 0.1667 0.1379 0.1960 0.3668 0.5112 0.2849 0.1354 0.1583 0.2102 0.1583 0.1354 0.2849 0.5112 0.3668 0.1960 0.1379 0.1667 0.4648 0.4652 0.2429 0.1506 0.1403 0.3720 0.5175 0.3099 0.1738 0.1350 0.2328 0.5000 0.4005 0.2105 0.1414 0.1526 0.4369 0.4952 0.2654 0.1581 0.1367 0.3198 0.5160 0.3458 0.1881 0.1366 0.1779 0.4747 0.4531 0.2374 0.1494 0.1408 0.3728 0.5177 0.3148 0.1767 0.1352 0.2098 0.4909 0.4249 0.2234 0.1484
0.2261 0.4287 0.4891 0.2052 0.1353 0.1778 0.3177 0.5179 0.3690 0.1404 0.1499 0.2388 0.4551 0.4736 0.1769 0.1366 0.1883 0.3458 0.5160 0.3209 0.1367 0.1578 0.2642 0.4937 0.4389 0.1534 0.1411 0.2092 0.3976 0.5012 0.2376 0.1350 0.1728 0.3070 0.5172 0.3764 0.1407 0.1500 0.2409 0.4617 0.4674 0.1688 0.1377 0.1945 0.3633 0.5121 0.2890 0.1355 0.1621 0.2659 0.4008 0.2659 0.1621 0.1355 0.2890 0.5121 0.3633 0.1945 0.1377 0.1688 0.4674 0.4617 0.2409 0.1500 0.1407 0.3764 0.5172 0.3070 0.1728 0.1350 0.2376 0.5012 0.3976 0.2092 0.1411 0.1534 0.4389 0.4937 0.2642 0.1578 0.1367 0.3209 0.5160 0.3458 0.1883 0.1366 0.1769 0.4736 0.4551 0.2388 0.1499 0.1404 0.3690 0.5179 0.3177 0.1778 0.1353 0.2052 0.4891 0.4287 0.2261
0.4299 0.4872 0.2007 0.1354 0.1790 0.3207 0.5180 0.3647 0.1400 0.1504 0.2404 0.4578 0.4721 0.1754 0.1367 0.1887 0.3466 0.5160 0.3209 0.1368 0.1576 0.2635 0.4927 0.4405 0.1540 0.1408 0.2081 0.3950 0.5023 0.2419 0.1350 0.1718 0.3044 0.5168 0.3806 0.1412 0.1493 0.2388 0.4581 0.4698 0.1710 0.1374 0.1931 0.3598 0.5129 0.2942 0.1357 0.1624 0.2755 0.4937 0.5001 0.4937 0.2755 0.1624 0.1357 0.2942 0.5129 0.3598 0.1931 0.1374 0.1710 0.4698 0.4581 0.2388 0.1493 0.1412 0.3806 0.5168 0.3044 0.1718 0.1350 0.2419 0.5023 0.3950 0.2081 0.1408 0.1540 0.4405 0.4927 0.2635 0.1576 0.1368 0.3209 0.5160 0.3466 0.1887 0.1367 0.1754 0.4721 0.4578 0.2404 0.1504 0.1400 0.3647 0.5180 0.3207 0.1790 0.1354 0.2007 0.4872 0.4299
0.4858 0.1965 0.1355 0.1802 0.3238 0.5181 0.3601 0.1396 0.1510 0.2422 0.4607 0.4703 0.1736 0.1369 0.1894 0.3481 0.5158 0.3198 0.1367 0.1576 0.2633 0.4922 0.4414 0.1545 0.1406 0.2072 0.3927 0.5032 0.2457 0.1350 0.1710 0.3021 0.5163 0.3845 0.1417 0.1487 0.2368 0.4545 0.4722 0.1734 0.1371 0.1917 0.3563 0.5137 0.2996 0.1358 0.1617 0.2758 0.5025 0.4410 0.2437 0.4410 0.5025 0.2758 0.1617 0.1358 0.2996 0.5137 0.3563 0.1917 0.1371 0.1734 0.4722 0.4545 0.2368 0.1487 0.1417 0.3845 0.5163 0.3021 0.1710 0.1350 0.2457 0.5032 0.3927 0.2072 0.1406 0.1545 0.4414 0.4922 0.2633 0.1576 0.1367 0.3198 0.5158 0.3481 0.1894 0.1369 0.1736 0.4703 0.4607 0.2422 0.1510 0.1396 0.3601 0.5181 0.3238 0.1802 0.1355 0.1965 0.4858
0.1961 0.1357 0.1814 0.3269 0.5180 0.3554 0.1392 0.1517 0.2442 0.4639 0.4682 0.1716 0.1371 0.1904 0.3501 0.5155 0.3177 0.1367 0.1578 0.2635 0.4922 0.4418 0.1547 0.1405 0.2066 0.3908 0.5039 0.2490 0.1350 0.1703 0.3000 0.5158 0.3878 0.1422 0.1482 0.2349 0.4510 0.4745 0.1761 0.1369 0.1904 0.3529 0.5144 0.3050 0.1360 0.1609 0.2740 0.5029 0.4289 0.1547 0.1340 0.1547 0.4289 0.5029 0.2740 0.1609 0.1360 0.3050 0.5144 0.3529 0.1904 0.1369 0.1761 0.4745 0.4510 0.2349 0.1482 0.1422 0.3878 0.5158 0.3000 0.1703 0.1350 0.2490 0.5039 0.3908 0.2066 0.1405 0.1547 0.4418 0.4922 0.2635 0.1578 0.1367 0.3177 0.5155 0.3501 0.1904 0.1371 0.1716 0.4682 0.4639 0.2442 0.1517 0.1392 0.3554 0.5180 0.3269 0.1814 0.1357 0.1961
0.1399 0.1826 0.3301 0.5179 0.3507 0.1388 0.1524 0.2463 0.4672 0.4658 0.1696 0.1373 0.1914 0.3526 0.5151 0.3145 0.1365 0.1581 0.2642 0.4927 0.4414 0.1547 0.1404 0.2062 0.3897 0.5044 0.2516 0.1350 0.1696 0.2981 0.5153 0.3908 0.1426 0.1477 0.2332 0.4477 0.4767 0.1788 0.1366 0.1890 0.3495 0.5151 0.3103 0.1362 0.1601 0.2716 0.5013 0.4285 0.1509 0.1395 0.1680 0.1395 0.1509 0.4285 0.5013 0.2716 0.1601 0.1362 0.3103 0.5151 0.3495 0.1890 0.1366 0.1788 0.4767 0.4477 0.2332 0.1477 0.1426 0.3908 0.5153 0.2981 0.1696 0.1350 0.2516 0.5044 0.3897 0.2062 0.1404 0.1547 0.4414 0.4927 0.2642 0.1581 0.1365 0.3145 0.5151 0.3526 0.1914 0.1373 0.1696 0.4658 0.4672 0.2463 0.1524 0.1388 0.3507 0.5179 0.3301 0.1826 0.1399
0.1857 0.3333 0.5177 0.3458 0.1384 0.1531 0.2485 0.4706 0.4633 0.1675 0.1375 0.1927 0.3554 0.5146 0.3107 0.1364 0.1586 0.2654 0.4937 0.4405 0.1545 0.1405 0.2062 0.3894 0.5047 0.2533 0.1350 0.1692 0.2966 0.5148 0.3935 0.1430 0.1473 0.2317 0.4447 0.4786 0.1816 0.1364 0.1878 0.3463 0.5157 0.3156 0.1364 0.1592 0.2692 0.4993 0.4310 0.1509 0.1415 0.2033 0.2950 0.2033 0.1415 0.1509 0.4310 0.4993 0.2692 0.1592 0.1364 0.3156 0.5157 0.3463 0.1878 0.1364 0.1816 0.4786 0.4447 0.2317 0.1473 0.1430 0.3935 0.5148 0.2966 0.1692 0.1350 0.2533 0.5047 0.3894 0.2062 0.1405 0.1545 0.4405 0.4937 0.2654 0.1586 0.1364 0.3107 0.5146 0.3554 0.1927 0.1375 0.1675 0.4633 0.4706 0.2485 0.1531 0.1384 0.3458 0.5177 0.3333 0.1857
0.3352 0.5175 0.3409 0.1381 0.1538 0.2507 0.4740 0.4606 0.1655 0.1378 0.1940 0.3585 0.5140 0.3065 0.1362 0.1592 0.2670 0.4952 0.4389 0.1540 0.1406 0.2066 0.3897 0.5047 0.2538 0.1350 0.1689 0.2955 0.5144 0.3957 0.1434 0.1469 0.2304 0.4421 0.4802 0.1842 0.1362 0.1866 0.3433 0.5162 0.3207 0.1366 0.1584 0.2667 0.4970 0.4342 0.1516 0.1416 0.2099 0.3825 0.5133 0.3825 0.2099 0.1416 0.1516 0.4342 0.4970 0.2667 0.1584 0.1366 0.3207 0.5162 0.3433 0.1866 0.1362 0.1842 0.4802 0.4421 0.2304 0.1469 0.1434 0.3957 0.5144 0.2955 0.1689 0.1350 0.2538 0.5047 0.3897 0.2066 0.1406 0.1540 0.4389 0.4952 0.2670 0.1592 0.1362 0.3065 0.5140 0.3585 0.1940 0.1378 0.1655 0.4606 0.4740 0.2507 0.1538 0.1381 0.3409 0.5175 0.3352
0.5167 0.3359 0.1377 0.1545 0.2529 0.4772 0.4579 0.1637 0.1381 0.1954 0.3619 0.5132 0.3016 0.1361 0.1598 0.2688 0.4969 0.4369 0.1534 0.1408 0.2072 0.3908 0.5044 0.2533 0.1350 0.1688 0.2949 0.5142 0.3973 0.1436 0.1466 0.2293 0.4399 0.4816 0.1866 0.1361 0.1856 0.3406 0.5166 0.3254 0.1369 0.1576 0.2643 0.4945 0.4374 0.1526 0.1414 0.2102 0.3962 0.5069 0.4007 0.5069 0.3962 0.2102 0.1414 0.1526 0.4374 0.4945 0.2643 0.1576 0.1369 0.3254 0.5166 0.3406 0.1856 0.1361 0.1866 0.4816 0.4399 0.2293 0.1466 0.1436 0.3973 0.5142 0.2949 0.1688 0.1350 0.2533 0.5044 0.3908 0.2072 0.1408 0.1534 0.4369 0.4969 0.2688 0.1598 0.1361 0.3016 0.5132 0.3619 0.1954 0.1381 0.1637 0.4579 0.4772 0.2529 0.1545 0.1377 0.3359 0.5167
0.3329 0.1374 0.1553 0.2552 0.4804 0.4552 0.1619 0.1384 0.1968 0.3654 0.5124 0.2963 0.1359 0.1606 0.2709 0.4988 0.4345 0.1526 0.1411 0.2081 0.3927 0.5039 0.2516 0.1350 0.1689 0.2949 0.5141 0.3981 0.1438 0.1464 0.2284 0.4379 0.4827 0.1887 0.1360 0.1847 0.3381 0.5170 0.3295 0.1371 0.1569 0.2621 0.4919 0.4405 0.1537 0.1410 0.2090 0.3967 0.5028 0.2703 0.1432 0.2703 0.5028 0.3967 0.2090 0.1410 0.1537 0.4405 0.4919 0.2621 0.1569 0.1371 0.3295 0.5170 0.3381 0.1847 0.1360 0.1887 0.4827 0.4379 0.2284 0.1464 0.1438 0.3981 0.5141 0.2949 0.1689 0.1350 0.2516 0.5039 0.3927 0.2081 0.1411 0.1526 0.4345 0.4988 0.2709 0.1606 0.1359 0.2963 0.5124 0.3654 0.1968 0.1384 0.1619 0.4552 0.4804 0.2552 0.1553 0.1374 0.3329
0.1416 0.1560 0.2574 0.4835 0.4524 0.1603 0.1388 0.1983 0.3689 0.5115 0.2909 0.1357 0.1614 0.2732 0.5007 0.4318 0.1518 0.1414 0.2092 0.3950 0.5032 0.2490 0.1350 0.1692 0.2955 0.5142 0.3981 0.1439 0.1463 0.2279 0.4364 0.4837 0.1906 0.1359 0.1839 0.3360 0.5172 0.3331 0.1373 0.1562 0.2601 0.4895 0.4434 0.1549 0.1406 0.2075 0.3939 0.5028 0.2493 0.1347 0.1440 0.1347 0.2493 0.5028 0.3939 0.2075 0.1406 0.1549 0.4434 0.4895 0.2601 0.1562 0.1373 0.3331 0.5172 0.3360 0.1839 0.1359 0.1906 0.4837 0.4364 0.2279 0.1463 0.1439 0.3981 0.5142 0.2955 0.1692 0.1350 0.2490 0.5032 0.3950 0.2092 0.1414 0.1518 0.4318 0.5007 0.2732 0.1614 0.1357 0.2909 0.5115 0.3689 0.1983 0.1388 0.1603 0.4524 0.4835 0.2574 0.1560 0.1416
0.1594 0.2597 0.4864 0.4495 0.1588 0.1391 0.1998 0.3725 0.5106 0.2854 0.1356 0.1623 0.2756 0.5027 0.4288 0.1509 0.1417 0.2105 0.3976 0.5023 0.2457 0.1350 0.1696 0.2966 0.5144 0.3973 0.1438 0.1463 0.2277 0.4357 0.4843 0.1920 0.1358 0.1833 0.3342 0.5174 0.3364 0.1375 0.1557 0.2584 0.4872 0.4460 0.1560 0.1402 0.2060 0.3905 0.5038 0.2487 0.1349 0.1641 0.2218 0.1641 0.1349 0.2487 0.5038 0.3905 0.2060 0.1402 0.1560 0.4460 0.4872 0.2584 0.1557 0.1375 0.3364 0.5174 0.3342 0.1833 0.1358 0.1920 0.4843 0.4357 0.2277 0.1463 0.1438 0.3973 0.5144 0.2966 0.1696 0.1350 0.2457 0.5023 0.3976 0.2105 0.1417 0.1509 0.4288 0.5027 0.2756 0.1623 0.1356 0.2854 0.5106 0.3725 0.1998 0.1391 0.1588 0.4495 0.4864 0.2597 0.1594
0.2622 0.4893 0.4465 0.1574 0.1395 0.2013 0.3760 0.5096 0.2799 0.1354 0.1632 0.2782 0.5047 0.4254 0.1500 0.1421 0.2119 0.4005 0.5012 0.2419 0.1350 0.1703 0.2981 0.5148 0.3957 0.1436 0.1464 0.2279 0.4357 0.4845 0.1928 0.1358 0.1828 0.3328 0.5176 0.3391 0.1377 0.1552 0.2569 0.4852 0.4483 0.1571 0.1399 0.2045 0.3871 0.5050 0.2527 0.1350 0.1683 0.2825 0.4256 0.2825 0.1683 0.1350 0.2527 0.5050 0.3871 0.2045 0.1399 0.1571 0.4483 0.4852 0.2569 0.1552 0.1377 0.3391 0.5176 0.3328 0.1828 0.1358 0.1928 0.4845 0.4357 0.2279 0.1464 0.1436 0.3957 0.5148 0.2981 0.1703 0.1350 0.2419 0.5012 0.4005 0.2119 0.1421 0.1500 0.4254 0.5047 0.2782 0.1632 0.1354 0.2799 0.5096 0.3760 0.2013 0.1395 0.1574 0.4465 0.4893 0.2622
0.4896 0.4435 0.1561 0.1398 0.2028 0.3797 0.5085 0.2744 0.1353 0.1641 0.2807 0.5065 0.4219 0.1491 0.1425 0.2135 0.4039 0.5000 0.2376 0.1350 0.1710 0.3000 0.5153 0.3935 0.1434 0.1466 0.2284 0.4364 0.4843 0.1928 0.1357 0.1826 0.3318 0.5177 0.3414 0.1378 0.1548 0.2556 0.4834 0.4502 0.1580 0.1396 0.2033 0.3840 0.5061 0.2573 0.1350 0.1686 0.2927 0.5073 0.4896 0.5073 0.2927 0.1686 0.1350 0.2573 0.5061 0.3840 0.2033 0.1396 0.1580 0.4502 0.4834 0.2556 0.1548 0.1378 0.3414 0.5177 0.3318 0.1826 0.1357 0.1928 0.4843 0.4364 0.2284 0.1466 0.1434 0.3935 0.5153 0.3000 0.1710 0.1350 0.2376 0.5000 0.4039 0.2135 0.1425 0.1491 0.4219 0.5065 0.2807 0.1641 0.1353 0.2744 0.5085 0.3797 0.2028 0.1398 0.1561 0.4435 0.4896
0.4415 0.1549 0.1402 0.2044 0.3833 0.5074 0.2688 0.1352 0.1651 0.2833 0.5081 0.4184 0.1482 0.1430 0.2152 0.4076 0.4986 0.2328 0.1350 0.1718 0.3021 0.5158 0.3908 0.1430 0.1469 0.2293 0.4379 0.4837 0.1920 0.1358 0.1826 0.3315 0.5177 0.3428 0.1380 0.1545 0.2544 0.4818 0.4518 0.1589 0.1394 0.2022 0.3813 0.5070 0.2619 0.1351 0.1680 0.2932 0.5127 0.4192 0.2095 0.4192 0.5127 0.2932 0.1680 0.1351 0.2619 0.5070 0.3813 0.2022 0.1394 0.1589 0.4518 0.4818 0.2544 0.1545 0.1380 0.3428 0.5177 0.3315 0.1826 0.1358 0.1920 0.4837 0.4379 0.2293 0.1469 0.1430 0.3908 0.5158 0.3021 0.1718 0.1350 0.2328 0.4986 0.4076 0.2152 0.1430 0.1482 0.4184 0.5081 0.2833 0.1651 0.1352 0.2688 0.5074 0.3833 0.2044 0.1402 0.1549 0.4415
0.1579 0.1406 0.2060 0.3869 0.5062 0.2633 0.1351 0.1660 0.2860 0.5096 0.4148 0.1474 0.1435 0.2169 0.4113 0.4970 0.2277 0.1350 0.1728 0.3044 0.5163 0.3878 0.1426 0.1473 0.2304 0.4399 0.4827 0.1906 0.1358 0.1828 0.3318 0.5177 0.3433 0.1380 0.1543 0.2536 0.4804 0.4531 0.1596 0.1392 0.2013 0.3790 0.5078 0.2660 0.1351 0.1673 0.2916 0.5130 0.4049 0.1479 0.1343 0.1479 0.4049 0.5130 0.2916 0.1673 0.1351 0.2660 0.5078 0.3790 0.2013 0.1392 0.1596 0.4531 0.4804 0.2536 0.1543 0.1380 0.3433 0.5177 0.3318 0.1828 0.1358 0.1906 0.4827 0.4399 0.2304 0.1473 0.1426 0.3878 0.5163 0.3044 0.1728 0.1350 0.2277 0.4970 0.4113 0.2169 0.1435 0.1474 0.4148 0.5096 0.2860 0.1660 0.1351 0.2633 0.5062 0.3869 0.2060 0.1406 0.1579
0.1444 0.2076 0.3906 0.5050 0.2577 0.1351 0.1670 0.2886 0.5110 0.4111 0.1466 0.1439 0.2187 0.4151 0.4954 0.2226 0.1350 0.1738 0.3070 0.5168 0.3845 0.1422 0.1477 0.2317 0.4421 0.4816 0.1887 0.1359 0.1833 0.3328 0.5177 0.3428 0.1380 0.1542 0.2532 0.4795 0.4542 0.1603 0.1390 0.2005 0.3770 0.5085 0.2696 0.1352 0.1666 0.2897 0.5124 0.4040 0.1452 0.1423 0.1752 0.1423 0.1452 0.4040 0.5124 0.2897 0.1666 0.1352 0.2696 0.5085 0.3770 0.2005 0.1390 0.1603 0.4542 0.4795 0.2532 0.1542 0.1380 0.3428 0.5177 0.3328 0.1833 0.1359 0.1887 0.4816 0.4421 0.2317 0.1477 0.1422 0.3845 0.5168 0.3070 0.1738 0.1350 0.2226 0.4954 0.4151 0.2187 0.1439 0.1466 0.4111 0.5110 0.2886 0.1670 0.1351 0.2577 0.5050 0.3906 0.2076 0.1444
0.2104 0.3943 0.5037 0.2522 0.1350 0.1680 0.2913 0.5122 0.4073 0.1459 0.1445 0.2205 0.4189 0.4937 0.2176 0.1351 0.1749 0.3099 0.5172 0.3806 0.1417 0.1482 0.2332 0.4447 0.4802 0.1866 0.1360 0.1839 0.3342 0.5176 0.3414 0.1380 0.1543 0.2532 0.4792 0.4547 0.1607 0.1389 0.1999 0.3754 0.5090 0.2726 0.1352 0.1659 0.2879 0.5117 0.4059 0.1451 0.1447 0.2144 0.3148 0.2144 0.1447 0.1451 0.4059 0.5117 0.2879 0.1659 0.1352 0.2726 0.5090 0.3754 0.1999 0.1389 0.1607 0.4547 0.4792 0.2532 0.1543 0.1380 0.3414 0.5176 0.3342 0.1839 0.1360 0.1866 0.4802 0.4447 0.2332 0.1482 0.1417 0.3806 0.5172 0.3099 0.1749 0.1351 0.2176 0.4937 0.4189 0.2205 0.1445 0.1459 0.4073 0.5122 0.2913 0.1680 0.1350 0.2522 0.5037 0.3943 0.2104
0.3958 0.5023 0.2467 0.1350 0.1690 0.2941 0.5133 0.4034 0.1451 0.1450 0.2223 0.4227 0.4920 0.2127 0.1352 0.1760 0.3128 0.5175 0.3764 0.1412 0.1487 0.2349 0.4477 0.4786 0.1842 0.1361 0.1847 0.3360 0.5174 0.3391 0.1378 0.1545 0.2536 0.4795 0.4547 0.1609 0.1388 0.1995 0.3741 0.5094 0.2751 0.1353 0.1654 0.2863 0.5109 0.4082 0.1455 0.1450 0.2219 0.4078 0.5169 0.4078 0.2219 0.1450 0.1455 0.4082 0.5109 0.2863 0.1654 0.1353 0.2751 0.5094 0.3741 0.1995 0.1388 0.1609 0.4547 0.4795 0.2536 0.1545 0.1378 0.3391 0.5174 0.3360 0.1847 0.1361 0.1842 0.4786 0.4477 0.2349 0.1487 0.1412 0.3764 0.5175 0.3128 0.1760 0.1352 0.2127 0.4920 0.4227 0.2223 0.1450 0.1451 0.4034 0.5133 0.2941 0.1690 0.1350 0.2467 0.5023 0.3958
0.5012 0.2413 0.1350 0.1700 0.2969 0.5143 0.3995 0.1445 0.1455 0.2241 0.4264 0.4902 0.2079 0.1352 0.1772 0.3158 0.5178 0.3720 0.1407 0.1493 0.2368 0.4510 0.4767 0.1816 0.1362 0.1856 0.3381 0.5172 0.3364 0.1377 0.1548 0.2544 0.4804 0.4542 0.1607 0.1388 0.1994 0.3734 0.5097 0.2771 0.1353 0.1650 0.2850 0.5102 0.4104 0.1459 0.1448 0.2227 0.4226 0.4976 0.3718 0.4976 0.4226 0.2227 0.1448 0.1459 0.4104 0.5102 0.2850 0.1650 0.1353 0.2771 0.5097 0.3734 0.1994 0.1388 0.1607 0.4542 0.4804 0.2544 0.1548 0.1377 0.3364 0.5172 0.3381 0.1856 0.1362 0.1816 0.4767 0.4510 0.2368 0.1493 0.1407 0.3720 0.5178 0.3158 0.1772 0.1352 0.2079 0.4902 0.4264 0.2241 0.1455 0.1445 0.3995 0.5143 0.2969 0.1700 0.1350 0.2413 0.5012
0.2390 0.1350 0.1711 0.2997 0.5151 0.3955 0.1438 0.1460 0.2260 0.4302 0.4883 0.2034 0.1353 0.1783 0.3189 0.5180 0.3675 0.1403 0.1500 0.2388 0.4545 0.4745 0.1788 0.1364 0.1866 0.3406 0.5170 0.3331 0.1375 0.1552 0.2556 0.4818 0.4531 0.1603 0.1389 0.1995 0.3734 0.5098 0.2782 0.1353 0.1647 0.2839 0.5096 0.4122 0.1463 0.1446 0.2221 0.4243 0.4915 0.2314 0.1391 0.2314 0.4915 0.4243 0.2221 0.1446 0.1463 0.4122 0.5096 0.2839 0.1647 0.1353 0.2782 0.5098 0.3734 0.1995 0.1389 0.1603 0.4531 0.4818 0.2556 0.1552 0.1375 0.3331 0.5170 0.3406 0.1866 0.1364 0.1788 0.4745 0.4545 0.2388 0.1500 0.1403 0.3675 0.5180 0.3189 0.1783 0.1353 0.2034 0.4883 0.4302 0.2260 0.1460 0.1438 0.3955 0.5151 0.2997 0.1711 0.1350 0.2390
0.1392 0.1721 0.3025 0.5158 0.3915 0.1432 0.1466 0.2278 0.4340 0.4864 0.1990 0.1355 0.1795 0.3219 0.5181 0.3629 0.1398 0.1506 0.2409 0.4581 0.4722 0.1761 0.1366 0.1878 0.3433 0.5166 0.3295 0.1373 0.1557 0.2569 0.4834 0.4518 0.1596 0.1390 0.1999 0.3741 0.5097 0.2782 0.1353 0.1645 0.2832 0.5091 0.4137 0.1466 0.1443 0.2213 0.4232 0.4907 0.2108 0.1344 0.1481 0.1344 0.2108 0.4907 0.4232 0.2213 0.1443 0.1466 0.4137 0.5091 0.2832 0.1645 0.1353 0.2782 0.5097 0.3741 0.1999 0.1390 0.1596 0.4518 0.4834 0.2569 0.1557 0.1373 0.3295 0.5166 0.3433 0.1878 0.1366 0.1761 0.4722 0.4581 0.2409 0.1506 0.1398 0.3629 0.5181 0.3219 0.1795 0.1355 0.1990 0.4864 0.4340 0.2278 0.1466 0.1432 0.3915 0.5158 0.3025 0.1721 0.1392
0.1753 0.3054 0.5164 0.3873 0.1426 0.1472 0.2298 0.4377 0.4844 0.1948 0.1356 0.1807 0.3250 0.5181 0.3582 0.1394 0.1513 0.2429 0.4617 0.4698 0.1734 0.1369 0.1890 0.3463 0.5162 0.3254 0.1371 0.1562 0.2584 0.4852 0.4502 0.1589 0.1392 0.2005 0.3754 0.5094 0.2771 0.1353 0.1645 0.2830 0.5088 0.4147 0.1469 0.1441 0.2206 0.4217 0.4912 0.2084 0.1351 0.1716 0.2363 0.1716 0.1351 0.2084 0.4912 0.4217 0.2206 0.1441 0.1469 0.4147 0.5088 0.2830 0.1645 0.1353 0.2771 0.5094 0.3754 0.2005 0.1392 0.1589 0.4502 0.4852 0.2584 0.1562 0.1371 0.3254 0.5162 0.3463 0.1890 0.1369 0.1734 0.4698 0.4617 0.2429 0.1513 0.1394 0.3582 0.5181 0.3250 0.1807 0.1356 0.1948 0.4844 0.4377 0.2298 0.1472 0.1426 0.3873 0.5164 0.3054 0.1753
0.3075 0.5170 0.3831 0.1420 0.1478 0.2317 0.4415 0.4823 0.1909 0.1357 0.1819 0.3282 0.5180 0.3535 0.1390 0.1519 0.2451 0.4652 0.4674 0.1710 0.1371 0.1904 0.3495 0.5157 0.3207 0.1369 0.1569 0.2601 0.4872 0.4483 0.1580 0.1394 0.2013 0.3770 0.5090 0.2751 0.1353 0.1647 0.2832 0.5088 0.4151 0.1470 0.1440 0.2199 0.4203 0.4918 0.2093 0.1352 0.1768 0.3038 0.4541 0.3038 0.1768 0.1352 0.2093 0.4918 0.4203 0.2199 0.1440 0.1470 0.4151 0.5088 0.2832 0.1647 0.1353 0.2751 0.5090 0.3770 0.2013 0.1394 0.1580 0.4483 0.4872 0.2601 0.1569 0.1369 0.3207 0.5157 0.3495 0.1904 0.1371 0.1710 0.4674 0.4652 0.2451 0.1519 0.1390 0.3535 0.5180 0.3282 0.1819 0.1357 0.1909 0.4823 0.4415 0.2317 0.1478 0.1420 0.3831 0.5170 0.3075
0.5164 0.3788 0.1415 0.1484 0.2337 0.4452 0.4802 0.1872 0.1359 0.1831 0.3313 0.5178 0.3487 0.1386 0.1526 0.2472 0.4686 0.4648 0.1688 0.1374 0.1917 0.3529 0.5151 0.3156 0.1366 0.1576 0.2621 0.4895 0.4460 0.1571 0.1396 0.2022 0.3790 0.5085 0.2726 0.1353 0.1650 0.2839 0.5091 0.4147 0.1470 0.1439 0.2196 0.4193 0.4924 0.2107 0.1352 0.1776 0.3161 0.5157 0.4735 0.5157 0.3161 0.1776 0.1352 0.2107 0.4924 0.4193 0.2196 0.1439 0.1470 0.4147 0.5091 0.2839 0.1650 0.1353 0.2726 0.5085 0.3790 0.2022 0.1396 0.1571 0.4460 0.4895 0.2621 0.1576 0.1366 0.3156 0.5151 0.3529 0.1917 0.1374 0.1688 0.4648 0.4686 0.2472 0.1526 0.1386 0.3487 0.5178 0.3313 0.1831 0.1359 0.1872 0.4802 0.4452 0.2337 0.1484 0.1415 0.3788 0.5164
0.3761 0.1410 0.1490 0.2357 0.4489 0.4781 0.1838 0.1361 0.1844 0.3345 0.5176 0.3439 0.1383 0.1534 0.2494 0.4720 0.4622 0.1667 0.1377 0.1931 0.3563 0.5144 0.3103 0.1364 0.1584 0.2643 0.4919 0.4434 0.1560 0.1399 0.2033 0.3813 0.5078 0.2696 0.1352 0.1654 0.2850 0.5096 0.4137 0.1469 0.1440 0.2196 0.4189 0.4927 0.2119 0.1352 0.1776 0.3182 0.5177 0.3874 0.1775 0.3874 0.5177 0.3182 0.1776 0.1352 0.2119 0.4927 0.4189 0.2196 0.1440 0.1469 0.4137 0.5096 0.2850 0.1654 0.1352 0.2696 0.5078 0.3813 0.2033 0.1399 0.1560 0.4434 0.4919 0.2643 0.1584 0.1364 0.3103 0.5144 0.3563 0.1931 0.1377 0.1667 0.4622 0.4720 0.2494 0.1534 0.1383 0.3439 0.5176 0.3345 0.1844 0.1361 0.1838 0.4781 0.4489 0.2357 0.1490 0.1410 0.3761
0.1449 0.1496 0.2377 0.4525 0.4758 0.1806 0.1363 0.1857 0.3378 0.5173 0.3389 0.1379 0.1541 0.2516 0.4753 0.4596 0.1647 0.1379 0.1945 0.3598 0.5137 0.3050 0.1362 0.1592 0.2667 0.4945 0.4405 0.1549 0.1402 0.2045 0.3840 0.5070 0.2660 0.1352 0.1659 0.2863 0.5102 0.4122 0.1466 0.1441 0.2199 0.4193 0.4927 0.2124 0.1352 0.1774 0.3181 0.5179 0.3687 0.1419 0.1355 0.1419 0.3687 0.5179 0.3181 0.1774 0.1352 0.2124 0.4927 0.4193 0.2199 0.1441 0.1466 0.4122 0.5102 0.2863 0.1659 0.1352 0.2660 0.5070 0.3840 0.2045 0.1402 0.1549 0.4405 0.4945 0.2667 0.1592 0.1362 0.3050 0.5137 0.3598 0.1945 0.1379 0.1647 0.4596 0.4753 0.2516 0.1541 0.1379 0.3389 0.5173 0.3378 0.1857 0.1363 0.1806 0.4758 0.4525 0.2377 0.1496 0.1449
0.1531 0.2397 0.4561 0.4735 0.1776 0.1365 0.1870 0.3410 0.5169 0.3339 0.1376 0.1548 0.2538 0.4785 0.4568 0.1630 0.1383 0.1960 0.3633 0.5129 0.2996 0.1360 0.1601 0.2692 0.4970 0.4374 0.1537 0.1406 0.2060 0.3871 0.5061 0.2619 0.1351 0.1666 0.2879 0.5109 0.4104 0.1463 0.1443 0.2206 0.4203 0.4924 0.2119 0.1352 0.1773 0.3178 0.5180 0.3652 0.1401 0.1468 0.1858 0.1468 0.1401 0.3652 0.5180 0.3178 0.1773 0.1352 0.2119 0.4924 0.4203 0.2206 0.1443 0.1463 0.4104 0.5109 0.2879 0.1666 0.1351 0.2619 0.5061 0.3871 0.2060 0.1406 0.1537 0.4374 0.4970 0.2692 0.1601 0.1360 0.2996 0.5129 0.3633 0.1960 0.1383 0.1630 0.4568 0.4785 0.2538 0.1548 0.1376 0.3339 0.5169 0.3410 0.1870 0.1365 0.1776 0.4735 0.4561 0.2397 0.1531
0.2423 0.4597 0.4712 0.1749 0.1367 0.1883 0.3443 0.5165 0.3289 0.1373 0.1556 0.2561 0.4816 0.4541 0.1613 0.1386 0.1974 0.3668 0.5121 0.2942 0.1358 0.1609 0.2716 0.4993 0.4342 0.1526 0.1410 0.2075 0.3905 0.5050 0.2573 0.1351 0.1673 0.2897 0.5117 0.4082 0.1459 0.1446 0.2213 0.4217 0.4918 0.2107 0.1352 0.1774 0.3178 0.5180 0.3647 0.1398 0.1501 0.2310 0.3432 0.2310 0.1501 0.1398 0.3647 0.5180 0.3178 0.1774 0.1352 0.2107 0.4918 0.4217 0.2213 0.1446 0.1459 0.4082 0.5117 0.2897 0.1673 0.1351 0.2573 0.5050 0.3905 0.2075 0.1410 0.1526 0.4342 0.4993 0.2716 0.1609 0.1358 0.2942 0.5121 0.3668 0.1974 0.1386 0.1613 0.4541 0.4816 0.2561 0.1556 0.1373 0.3289 0.5165 0.3443 0.1883 0.1367 0.1749 0.4712 0.4597 0.2423
0.4603 0.4689 0.1724 0.1369 0.1895 0.3475 0.5160 0.3240 0.1370 0.1563 0.2582 0.4845 0.4514 0.1598 0.1389 0.1988 0.3701 0.5112 0.2890 0.1357 0.1617 0.2740 0.5013 0.4310 0.1516 0.1414 0.2090 0.3939 0.5038 0.2527 0.1350 0.1680 0.2916 0.5124 0.4059 0.1455 0.1448 0.2221 0.4232 0.4912 0.2093 0.1352 0.1776 0.3181 0.5180 0.3647 0.1398 0.1508 0.2404 0.4426 0.5153 0.4426 0.2404 0.1508 0.1398 0.3647 0.5180 0.3181 0.1776 0.1352 0.2093 0.4912 0.4232 0.2221 0.1448 0.1455 0.4059 0.5124 0.2916 0.1680 0.1350 0.2527 0.5038 0.3939 0.2090 0.1414 0.1516 0.4310 0.5013 0.2740 0.1617 0.1357 0.2890 0.5112 0.3701 0.1988 0.1389 0.1598 0.4514 0.4845 0.2582 0.1563 0.1370 0.3240 0.5160 0.3475 0.1895 0.1369 0.1724 0.4689 0.4603
0.4679 0.1707 0.1371 0.1905 0.3500 0.5156 0.3201 0.1368 0.1568 0.2599 0.4866 0.4492 0.1587 0.1391 0.1999 0.3728 0.5105 0.2849 0.1355 0.1624 0.2758 0.5029 0.4285 0.1509 0.1416 0.2102 0.3967 0.5028 0.2487 0.1350 0.1686 0.2932 0.5130 0.4040 0.1451 0.1450 0.2227 0.4243 0.4907 0.2084 0.1352 0.1776 0.3182 0.5179 0.3652 0.1398 0.1508 0.2420 0.4581 0.4807 0.3280 0.4807 0.4581 0.2420 0.1508 0.1398 0.3652 0.5179 0.3182 0.1776 0.1352 0.2084 0.4907 0.4243 0.2227 0.1450 0.1451 0.4040 0.5130 0.2932 0.1686 0.1350 0.2487 0.5028 0.3967 0.2102 0.1416 0.1509 0.4285 0.5029 0.2758 0.1624 0.1355 0.2849 0.5105 0.3728 0.1999 0.1391 0.1587 0.4492 0.4866 0.2599 0.1568 0.1368 0.3201 0.5156 0.3500 0.1905 0.1371 0.1707 0.4679
0.1749 0.1370 0.1902 0.3496 0.5155 0.3207 0.1367 0.1566 0.2596 0.4862 0.4495 0.1588 0.1390 0.1996 0.3723 0.5104 0.2855 0.1354 0.1621 0.2755 0.5025 0.4289 0.1509 0.1415 0.2099 0.3962 0.5028 0.2493 0.1349 0.1683 0.2927 0.5127 0.4049 0.1452 0.1447 0.2219 0.4226 0.4915 0.2108 0.1351 0.1768 0.3161 0.5177 0.3687 0.1401 0.1501 0.2404 0.4581 0.4734 0.1911 0.1359 0.1911 0.4734 0.4581 0.2404 0.1501 0.1401 0.3687 0.5177 0.3161 0.1768 0.1351 0.2108 0.4915 0.4226 0.2219 0.1447 0.1452 0.4049 0.5127 0.2927 0.1683 0.1349 0.2493 0.5028 0.3962 0.2099 0.1415 0.1509 0.4289 0.5025 0.2755 0.1621 0.1354 0.2855 0.5104 0.3723 0.1996 0.1390 0.1588 0.4495 0.4862 0.2596 0.1566 0.1367 0.3207 0.5155 0.3496 0.1902 0.1370 0.1749
0.1397 0.1846 0.3372 0.5167 0.3401 0.1374 0.1532 0.2507 0.4745 0.4597 0.1648 0.1373 0.1935 0.3592 0.5131 0.3062 0.1357 0.1583 0.2659 0.4937 0.4410 0.1547 0.1395 0.2033 0.3825 0.5069 0.2703 0.1347 0.1641 0.2825 0.5073 0.4192 0.1479 0.1423 0.2144 0.4078 0.4976 0.2314 0.1344 0.1716 0.3038 0.5157 0.3874 0.1419 0.1468 0.2310 0.4426 0.4807 0.1911 0.1341 0.1500 0.1341 0.1911 0.4807 0.4426 0.2310 0.1468 0.1419 0.3874 0.5157 0.3038 0.1716 0.1344 0.2314 0.4976 0.4078 0.2144 0.1423 0.1479 0.4192 0.5073 0.2825 0.1641 0.1347 0.2703 0.5069 0.3825 0.2033 0.1395 0.1547 0.4410 0.4937 0.2659 0.1583 0.1357 0.3062 0.5131 0.3592 0.1935 0.1373 0.1648 0.4597 0.4745 0.2507 0.1532 0.1374 0.3401 0.5167 0.3372 0.1846 0.1397
0.1590 0.2613 0.4898 0.4455 0.1560 0.1384 0.1997 0.3765 0.5082 0.2799 0.1343 0.1617 0.2773 0.5047 0.4247 0.1484 0.1409 0.2102 0.4008 0.5001 0.2437 0.1340 0.1680 0.2950 0.5133 0.4007 0.1432 0.1440 0.2218 0.4256 0.4896 0.2095 0.1343 0.1752 0.3148 0.5169 0.3718 0.1391 0.1481 0.2363 0.4541 0.4735 0.1775 0.1355 0.1858 0.3432 0.5153 0.3280 0.1359 0.1500 0.1935 0.1500 0.1359 0.3280 0.5153 0.3432 0.1858 0.1355 0.1775 0.4735 0.4541 0.2363 0.1481 0.1391 0.3718 0.5169 0.3148 0.1752 0.1343 0.2095 0.4896 0.4256 0.2218 0.1440 0.1432 0.4007 0.5133 0.2950 0.1680 0.1340 0.2437 0.5001 0.4008 0.2102 0.1409 0.1484 0.4247 0.5047 0.2773 0.1617 0.1343 0.2799 0.5082 0.3765 0.1997 0.1384 0.1560 0.4455 0.4898 0.2613 0.1590
0.1397 0.1846 0.3372 0.5167 0.3401 0.1374 0.1532 0.2507 0.4745 0.4597 0.1648 0.1373 0.1935 0.3592 0.5131 0.3062 0.1357 0.1583 0.2659 0.4937 0.4410 0.1547 0.1395 0.2033 0.3825 0.5069 0.2703 0.1347 0.1641 0.2825 0.5073 0.4192 0.1479 0.1423 0.2144 0.4078 0.4976 0.2314 0.1344 0.1716 0.3038 0.5157 0.3874 0.1419 0.1468 0.2310 0.4426 0.4807 0.1911 0.1341 0.1500 0.1341 0.1911 0.4807 0.4426 0.2310 0.1468 0.1419 0.3874 0.5157 0.3038 0.1716 0.1344 0.2314 0.4976 0.4078 0.2144 0.1423 0.1479 0.4192 0.5073 0.2825 0.1641 0.1347 0.2703 0.5069 0.3825 0.2033 0.1395 0.1547 0.4410 0.4937 0.2659 0.1583 0.1357 0.3062 0.5131 0.3592 0.1935 0.1373 0.1648 0.4597 0.4745 0.2507 0.1532 0.1374 0.3401 0.5167 0.3372 0.1846 0.1397
0.1749 0.1370 0.1902 0.3496 0.5155 0.3207 0.1367 0.1566 0.2596 0.4862 0.4495 0.1588 0.1390 0.1996 0.3723 0.5104 0.2855 0.1354 0.1621 0.2755 0.5025 0.4289 0.1509 0.1415 0.2099 0.3962 0.5028 0.2493 0.1349 0.1683 0.2927 0.5127 0.4049 0.1452 0.1447 0.2219 0.4226 0.4915 0.2108 0.1351 0.1768 0.3161 0.5177 0.3687 0.1401 0.1501 0.2404 0.4581 0.4734 0.1911 0.1359 0.1911 0.4734 0.4581 0.2404 0.1501 0.1401 0.3687 0.5177 0.3161 0.1768 0.1351 0.2108 0.4915 0.4226 0.2219 0.1447 0.1452 0.4049 0.5127 0.2927 0.1683 0.1349 0.2493 0.5028 0.3962 0.2099 0.1415 0.1509 0.4289 0.5025 0.2755 0.1621 0.1354 0.2855 0.5104 0.3723 0.1996 0.1390 0.1588 0.4495 0.4862 0.2596 0.1566 0.1367 0.3207 0.5155 0.3496 0.1902 0.1370 0.1749
0.4679 0.1707 0.1371 0.1905 0.3500 0.5156 0.3201 0.1368 0.1568 0.2599 0.4866 0.4492 0.1587 0.1391 0.1999 0.3728 0.5105 0.2849 0.1355 0.1624 0.2758 0.5029 0.4285 0.1509 0.1416 0.2102 0.3967 0.5028 0.2487 0.1350 0.1686 0.2932 0.5130 0.4040 0.1451 0.1450 0.2227 0.4243 0.4907 0.2084 0.1352 0.1776 0.3182 0.5179 0.3652 0.1398 0.1508 0.2420 0.4581 0.4807 0.3280 0.4807 0.4581 0.2420 0.1508 0.1398 0.3652 0.5179 0.3182 0.1776 0.1352 0.2084 0.4907 0.4243 0.2227 0.1450 0.1451 0.4040 0.5130 0.2932 0.1686 0.1350 0.2487 0.5028 0.3967 0.2102 0.1416 0.1509 0.4285 0.5029 0.2758 0.1624 0.1355 0.2849 0.5105 0.3728 0.1999 0.1391 0.1587 0.4492 0.4866 0.2599 0.1568 0.1368 0.3201 0.5156 0.3500 0.1905 0.1371 0.1707 0.4679
0.4603 0.4689 0.1724 0.1369 0.1895 0.3475 0.5160 0.3240 0.1370 0.1563 0.2582 0.4845 0.4514 0.1598 0.1389 0.1988 0.3701 0.5112 0.2890 0.1357 0.1617 0.2740 0.5013 0.4310 0.1516 0.1414 0.2090 0.3939 0.5038 0.2527 0.1350 0.1680 0.2916 0.5124 0.4059 0.1455 0.1448 0.2221 0.4232 0.4912 0.2093 0.1352 0.1776 0.3181 0.5180 0.3647 0.1398 0.1508 0.2404 0.4426 0.5153 0.4426 0.2404 0.1508 0.1398 0.3647 0.5180 0.3181 0.1776 0.1352 0.2093 0.4912 0.4232 0.2221 0.1448 0.1455 0.4059 0.5124 0.2916 0.1680 0.1350 0.2527 0.5038 0.3939 0.2090 0.1414 0.1516 0.4310 0.5013 0.2740 0.1617 0.1357 0.2890 0.5112 0.3701 0.1988 0.1389 0.1598 0.4514 0.4845 0.2582 0.1563 0.1370 0.3240 0.5160 0.3475 0.1895 0.1369 0.1724 0.4689 0.4603
0.2423 0.4597 0.4712 0.1749 0.1367 0.1883 0.3443 0.5165 0.3289 0.1373 0.1556 0.2561 0.4816 0.4541 0.1613 0.1386 0.1974 0.3668 0.5121 0.2942 0.1358 0.1609 0.2716 0.4993 0.4342 0.1526 0.1410 0.2075 0.3905 0.5050 0.2573 0.1351 0.1673 0.2897 0.5117 0.4082 0.1459 0.1446 0.2213 0.4217 0.4918 0.2107 0.1352 0.1774 0.3178 0.5180 0.3647 0.1398 0.1501 0.2310 0.3432 0.2310 0.1501 0.1398 0.3647 0.5180 0.3178 0.1774 0.1352 0.2107 0.4918 0.4217 0.2213 0.1446 0.1459 0.4082 0.5117 0.2897 0.1673 0.1351 0.2573 0.5050 0.3905 0.2075 0.1410 0.1526 0.4342 0.4993 0.2716 0.1609 0.1358 0.2942 0.5121 0.3668 0.1974 0.1386 0.1613 0.4541 0.4816 0.2561 0.1556 0.1373 0.3289 0.5165 0.3443 0.1883 0.1367 0.1749 0.4712 0.4597 0.2423
