0.3141 0.5173 0.3626 0.1436 0.1552 0.2489 0.4716 0.4586 0.1659 0.1425 0.2014 0.3745 0.5085 0.2709 0.1395 0.1694 0.2911 0.5120 0.4006 0.1481 0.1497 0.2307 0.4392 0.4807 0.1873 0.1403 0.1888 0.3432 0.5156 0.3202 0.1409 0.1614 0.2680 0.4961 0.4336 0.1553 0.1454 0.2145 0.4050 0.4975 0.2260 0.1393 0.1780 0.3148 0.5172 0.3650 0.1439 0.1545 0.2443 0.4470 0.5137 0.4470 0.2443 0.1545 0.1439 0.3650 0.5172 0.3148 0.1780 0.1393 0.2260 0.4975 0.4050 0.2145 0.1454 0.1553 0.4336 0.4961 0.2680 0.1614 0.1409 0.3202 0.5156 0.3432 0.1888 0.1403 0.1873 0.4807 0.4392 0.2307 0.1497 0.1481 0.4006 0.5120 0.2911 0.1694 0.1395 0.2709 0.5085 0.3745 0.2014 0.1425 0.1659 0.4586 0.4716 0.2489 0.1552 0.1436 0.3626 0.5173 0.3141
0.5173 0.3632 0.1395 0.1518 0.2465 0.4710 0.4604 0.1635 0.1385 0.1985 0.3728 0.5095 0.2738 0.1352 0.1661 0.2889 0.5123 0.4031 0.1444 0.1461 0.2280 0.4381 0.4821 0.1869 0.1361 0.1858 0.3414 0.5165 0.3232 0.1367 0.1580 0.2657 0.4959 0.4356 0.1520 0.1416 0.2117 0.4036 0.4987 0.2280 0.1350 0.1748 0.3127 0.5178 0.3677 0.1398 0.1512 0.2443 0.4634 0.4768 0.3173 0.4768 0.4634 0.2443 0.1512 0.1398 0.3677 0.5178 0.3127 0.1748 0.1350 0.2280 0.4987 0.4036 0.2117 0.1416 0.1520 0.4356 0.4959 0.2657 0.1580 0.1367 0.3232 0.5165 0.3414 0.1858 0.1361 0.1869 0.4821 0.4381 0.2280 0.1461 0.1444 0.4031 0.5123 0.2889 0.1661 0.1352 0.2738 0.5095 0.3728 0.1985 0.1385 0.1635 0.4604 0.4710 0.2465 0.1518 0.1395 0.3632 0.5173
0.3626 0.1395 0.1515 0.2452 0.4683 0.4627 0.1651 0.1382 0.1971 0.3694 0.5105 0.2793 0.1353 0.1652 0.2862 0.5111 0.4069 0.1451 0.1456 0.2261 0.4344 0.4842 0.1905 0.1359 0.1845 0.3381 0.5169 0.3283 0.1370 0.1572 0.2633 0.4933 0.4388 0.1531 0.1412 0.2100 0.3999 0.5002 0.2333 0.1350 0.1737 0.3097 0.5175 0.3722 0.1403 0.1506 0.2427 0.4639 0.4685 0.1826 0.1354 0.1826 0.4685 0.4639 0.2427 0.1506 0.1403 0.3722 0.5175 0.3097 0.1737 0.1350 0.2333 0.5002 0.3999 0.2100 0.1412 0.1531 0.4388 0.4933 0.2633 0.1572 0.1370 0.3283 0.5169 0.3381 0.1845 0.1359 0.1905 0.4842 0.4344 0.2261 0.1456 0.1451 0.4069 0.5111 0.2862 0.1652 0.1353 0.2793 0.5105 0.3694 0.1971 0.1382 0.1651 0.4627 0.4683 0.2452 0.1515 0.1395 0.3626
0.1436 0.1518 0.2452 0.4672 0.4641 0.1665 0.1379 0.1958 0.3661 0.5114 0.2845 0.1354 0.1643 0.2836 0.5098 0.4107 0.1458 0.1450 0.2243 0.4306 0.4862 0.1944 0.1358 0.1833 0.3349 0.5173 0.3334 0.1373 0.1564 0.2609 0.4907 0.4419 0.1543 0.1408 0.2084 0.3962 0.5016 0.2386 0.1350 0.1726 0.3068 0.5172 0.3766 0.1408 0.1499 0.2407 0.4613 0.4682 0.1720 0.1356 0.1558 0.1356 0.1720 0.4682 0.4613 0.2407 0.1499 0.1408 0.3766 0.5172 0.3068 0.1726 0.1350 0.2386 0.5016 0.3962 0.2084 0.1408 0.1543 0.4419 0.4907 0.2609 0.1564 0.1373 0.3334 0.5173 0.3349 0.1833 0.1358 0.1944 0.4862 0.4306 0.2243 0.1450 0.1458 0.4107 0.5098 0.2836 0.1643 0.1354 0.2845 0.5114 0.3661 0.1958 0.1379 0.1665 0.4641 0.4672 0.2452 0.1518 0.1436
0.1552 0.2465 0.4683 0.4641 0.1670 0.1378 0.1949 0.3635 0.5121 0.2893 0.1355 0.1634 0.2811 0.5083 0.4143 0.1465 0.1445 0.2224 0.4268 0.4881 0.1986 0.1356 0.1820 0.3317 0.5176 0.3384 0.1376 0.1557 0.2586 0.4879 0.4450 0.1555 0.1404 0.2068 0.3925 0.5030 0.2440 0.1350 0.1716 0.3039 0.5167 0.3809 0.1413 0.1493 0.2387 0.4579 0.4701 0.1718 0.1369 0.1840 0.2598 0.1840 0.1369 0.1718 0.4701 0.4579 0.2387 0.1493 0.1413 0.3809 0.5167 0.3039 0.1716 0.1350 0.2440 0.5030 0.3925 0.2068 0.1404 0.1555 0.4450 0.4879 0.2586 0.1557 0.1376 0.3384 0.5176 0.3317 0.1820 0.1356 0.1986 0.4881 0.4268 0.2224 0.1445 0.1465 0.4143 0.5083 0.2811 0.1634 0.1355 0.2893 0.5121 0.3635 0.1949 0.1378 0.1670 0.4641 0.4683 0.2465 0.1552
0.2489 0.4710 0.4627 0.1665 0.1378 0.1946 0.3622 0.5126 0.2931 0.1357 0.1627 0.2789 0.5069 0.4177 0.1473 0.1440 0.2206 0.4231 0.4900 0.2029 0.1355 0.1808 0.3285 0.5178 0.3434 0.1379 0.1549 0.2563 0.4850 0.4480 0.1568 0.1400 0.2052 0.3888 0.5043 0.2495 0.1350 0.1705 0.3011 0.5161 0.3852 0.1418 0.1487 0.2367 0.4543 0.4724 0.1737 0.1370 0.1896 0.3356 0.4884 0.3356 0.1896 0.1370 0.1737 0.4724 0.4543 0.2367 0.1487 0.1418 0.3852 0.5161 0.3011 0.1705 0.1350 0.2495 0.5043 0.3888 0.2052 0.1400 0.1568 0.4480 0.4850 0.2563 0.1549 0.1379 0.3434 0.5178 0.3285 0.1808 0.1355 0.2029 0.4900 0.4231 0.2206 0.1440 0.1473 0.4177 0.5069 0.2789 0.1627 0.1357 0.2931 0.5126 0.3622 0.1946 0.1378 0.1665 0.4627 0.4710 0.2489
0.4716 0.4604 0.1651 0.1379 0.1949 0.3622 0.5127 0.2950 0.1357 0.1621 0.2770 0.5055 0.4207 0.1480 0.1436 0.2190 0.4194 0.4917 0.2074 0.1354 0.1796 0.3253 0.5180 0.3482 0.1382 0.1542 0.2540 0.4819 0.4509 0.1581 0.1396 0.2036 0.3851 0.5056 0.2550 0.1350 0.1695 0.2982 0.5155 0.3894 0.1423 0.1481 0.2347 0.4507 0.4747 0.1762 0.1368 0.1898 0.3479 0.5168 0.4470 0.5168 0.3479 0.1898 0.1368 0.1762 0.4747 0.4507 0.2347 0.1481 0.1423 0.3894 0.5155 0.2982 0.1695 0.1350 0.2550 0.5056 0.3851 0.2036 0.1396 0.1581 0.4509 0.4819 0.2540 0.1542 0.1382 0.3482 0.5180 0.3253 0.1796 0.1354 0.2074 0.4917 0.4194 0.2190 0.1436 0.1480 0.4207 0.5055 0.2770 0.1621 0.1357 0.2950 0.5127 0.3622 0.1949 0.1379 0.1651 0.4604 0.4716
0.4586 0.1635 0.1382 0.1958 0.3635 0.5126 0.2950 0.1358 0.1618 0.2758 0.5043 0.4232 0.1486 0.1432 0.2175 0.4160 0.4934 0.2119 0.1353 0.1784 0.3223 0.5181 0.3531 0.1386 0.1534 0.2518 0.4788 0.4538 0.1596 0.1393 0.2021 0.3815 0.5068 0.2605 0.1350 0.1685 0.2955 0.5147 0.3935 0.1429 0.1475 0.2327 0.4470 0.4769 0.1791 0.1366 0.1889 0.3483 0.5158 0.3426 0.1567 0.3426 0.5158 0.3483 0.1889 0.1366 0.1791 0.4769 0.4470 0.2327 0.1475 0.1429 0.3935 0.5147 0.2955 0.1685 0.1350 0.2605 0.5068 0.3815 0.2021 0.1393 0.1596 0.4538 0.4788 0.2518 0.1534 0.1386 0.3531 0.5181 0.3223 0.1784 0.1353 0.2119 0.4934 0.4160 0.2175 0.1432 0.1486 0.4232 0.5043 0.2758 0.1618 0.1358 0.2950 0.5126 0.3635 0.1958 0.1382 0.1635 0.4586
0.1659 0.1385 0.1971 0.3661 0.5121 0.2931 0.1357 0.1618 0.2754 0.5037 0.4248 0.1492 0.1429 0.2162 0.4130 0.4948 0.2162 0.1352 0.1773 0.3193 0.5181 0.3578 0.1390 0.1527 0.2496 0.4756 0.4566 0.1611 0.1389 0.2006 0.3778 0.5080 0.2660 0.1351 0.1675 0.2927 0.5138 0.3975 0.1435 0.1469 0.2307 0.4433 0.4792 0.1822 0.1364 0.1876 0.3458 0.5159 0.3233 0.1376 0.1382 0.1376 0.3233 0.5159 0.3458 0.1876 0.1364 0.1822 0.4792 0.4433 0.2307 0.1469 0.1435 0.3975 0.5138 0.2927 0.1675 0.1351 0.2660 0.5080 0.3778 0.2006 0.1389 0.1611 0.4566 0.4756 0.2496 0.1527 0.1390 0.3578 0.5181 0.3193 0.1773 0.1352 0.2162 0.4948 0.4130 0.2162 0.1429 0.1492 0.4248 0.5037 0.2754 0.1618 0.1357 0.2931 0.5121 0.3661 0.1971 0.1385 0.1659
0.1425 0.1985 0.3694 0.5114 0.2893 0.1357 0.1621 0.2758 0.5037 0.4254 0.1495 0.1426 0.2152 0.4106 0.4960 0.2200 0.1351 0.1764 0.3165 0.5180 0.3622 0.1393 0.1520 0.2474 0.4723 0.4593 0.1628 0.1386 0.1991 0.3742 0.5091 0.2716 0.1352 0.1665 0.2900 0.5128 0.4015 0.1441 0.1463 0.2288 0.4396 0.4813 0.1855 0.1362 0.1863 0.3427 0.5163 0.3227 0.1369 0.1528 0.1990 0.1528 0.1369 0.3227 0.5163 0.3427 0.1863 0.1362 0.1855 0.4813 0.4396 0.2288 0.1463 0.1441 0.4015 0.5128 0.2900 0.1665 0.1352 0.2716 0.5091 0.3742 0.1991 0.1386 0.1628 0.4593 0.4723 0.2474 0.1520 0.1393 0.3622 0.5180 0.3165 0.1764 0.1351 0.2200 0.4960 0.4106 0.2152 0.1426 0.1495 0.4254 0.5037 0.2758 0.1621 0.1357 0.2893 0.5114 0.3694 0.1985 0.1425
0.2014 0.3728 0.5105 0.2845 0.1355 0.1627 0.2770 0.5043 0.4248 0.1495 0.1426 0.2147 0.4090 0.4969 0.2231 0.1351 0.1755 0.3142 0.5179 0.3662 0.1397 0.1514 0.2453 0.4690 0.4620 0.1646 0.1383 0.1976 0.3707 0.5101 0.2771 0.1353 0.1656 0.2873 0.5116 0.4054 0.1448 0.1458 0.2269 0.4359 0.4834 0.1890 0.1360 0.1850 0.3394 0.5167 0.3266 0.1369 0.1562 0.2496 0.3747 0.2496 0.1562 0.1369 0.3266 0.5167 0.3394 0.1850 0.1360 0.1890 0.4834 0.4359 0.2269 0.1458 0.1448 0.4054 0.5116 0.2873 0.1656 0.1353 0.2771 0.5101 0.3707 0.1976 0.1383 0.1646 0.4620 0.4690 0.2453 0.1514 0.1397 0.3662 0.5179 0.3142 0.1755 0.1351 0.2231 0.4969 0.4090 0.2147 0.1426 0.1495 0.4248 0.5043 0.2770 0.1627 0.1355 0.2845 0.5105 0.3728 0.2014
0.3745 0.5095 0.2793 0.1354 0.1634 0.2789 0.5055 0.4232 0.1492 0.1426 0.2147 0.4084 0.4973 0.2253 0.1351 0.1749 0.3122 0.5177 0.3698 0.1401 0.1508 0.2434 0.4659 0.4644 0.1664 0.1380 0.1961 0.3671 0.5111 0.2826 0.1354 0.1646 0.2846 0.5103 0.4092 0.1455 0.1452 0.2250 0.4321 0.4854 0.1929 0.1358 0.1838 0.3362 0.5171 0.3314 0.1372 0.1565 0.2584 0.4729 0.5087 0.4729 0.2584 0.1565 0.1372 0.3314 0.5171 0.3362 0.1838 0.1358 0.1929 0.4854 0.4321 0.2250 0.1452 0.1455 0.4092 0.5103 0.2846 0.1646 0.1354 0.2826 0.5111 0.3671 0.1961 0.1380 0.1664 0.4644 0.4659 0.2434 0.1508 0.1401 0.3698 0.5177 0.3122 0.1749 0.1351 0.2253 0.4973 0.4084 0.2147 0.1426 0.1492 0.4232 0.5055 0.2789 0.1634 0.1354 0.2793 0.5095 0.3745
0.5085 0.2738 0.1353 0.1643 0.2811 0.5069 0.4207 0.1486 0.1429 0.2152 0.4090 0.4973 0.2261 0.1350 0.1744 0.3107 0.5175 0.3728 0.1404 0.1503 0.2418 0.4629 0.4666 0.1683 0.1377 0.1947 0.3636 0.5120 0.2881 0.1355 0.1637 0.2820 0.5089 0.4129 0.1462 0.1447 0.2232 0.4283 0.4873 0.1969 0.1357 0.1825 0.3329 0.5175 0.3364 0.1375 0.1559 0.2588 0.4847 0.4610 0.2826 0.4610 0.4847 0.2588 0.1559 0.1375 0.3364 0.5175 0.3329 0.1825 0.1357 0.1969 0.4873 0.4283 0.2232 0.1447 0.1462 0.4129 0.5089 0.2820 0.1637 0.1355 0.2881 0.5120 0.3636 0.1947 0.1377 0.1683 0.4666 0.4629 0.2418 0.1503 0.1404 0.3728 0.5175 0.3107 0.1744 0.1350 0.2261 0.4973 0.4090 0.2152 0.1429 0.1486 0.4207 0.5069 0.2811 0.1643 0.1353 0.2738 0.5085
0.2709 0.1352 0.1652 0.2836 0.5083 0.4177 0.1480 0.1432 0.2162 0.4106 0.4969 0.2253 0.1350 0.1743 0.3099 0.5174 0.3749 0.1407 0.1499 0.2403 0.4603 0.4686 0.1701 0.1375 0.1934 0.3604 0.5128 0.2935 0.1356 0.1628 0.2794 0.5073 0.4166 0.1470 0.1442 0.2214 0.4245 0.4892 0.2012 0.1355 0.1813 0.3297 0.5177 0.3414 0.1378 0.1552 0.2571 0.4852 0.4510 0.1657 0.1343 0.1657 0.4510 0.4852 0.2571 0.1552 0.1378 0.3414 0.5177 0.3297 0.1813 0.1355 0.2012 0.4892 0.4245 0.2214 0.1442 0.1470 0.4166 0.5073 0.2794 0.1628 0.1356 0.2935 0.5128 0.3604 0.1934 0.1375 0.1701 0.4686 0.4603 0.2403 0.1499 0.1407 0.3749 0.5174 0.3099 0.1743 0.1350 0.2253 0.4969 0.4106 0.2162 0.1432 0.1480 0.4177 0.5083 0.2836 0.1652 0.1352 0.2709
0.1395 0.1661 0.2862 0.5098 0.4143 0.1473 0.1436 0.2175 0.4130 0.4960 0.2231 0.1351 0.1744 0.3099 0.5174 0.3760 0.1409 0.1496 0.2392 0.4581 0.4703 0.1718 0.1373 0.1923 0.3574 0.5135 0.2985 0.1358 0.1619 0.2769 0.5056 0.4202 0.1478 0.1437 0.2196 0.4208 0.4911 0.2056 0.1354 0.1801 0.3266 0.5179 0.3463 0.1381 0.1544 0.2549 0.4830 0.4506 0.1595 0.1372 0.1613 0.1372 0.1595 0.4506 0.4830 0.2549 0.1544 0.1381 0.3463 0.5179 0.3266 0.1801 0.1354 0.2056 0.4911 0.4208 0.2196 0.1437 0.1478 0.4202 0.5056 0.2769 0.1619 0.1358 0.2985 0.5135 0.3574 0.1923 0.1373 0.1718 0.4703 0.4581 0.2392 0.1496 0.1409 0.3760 0.5174 0.3099 0.1744 0.1351 0.2231 0.4960 0.4130 0.2175 0.1436 0.1473 0.4143 0.5098 0.2862 0.1661 0.1395
0.1694 0.2889 0.5111 0.4107 0.1465 0.1440 0.2190 0.4160 0.4948 0.2200 0.1351 0.1749 0.3107 0.5174 0.3760 0.1409 0.1494 0.2385 0.4565 0.4715 0.1733 0.1371 0.1913 0.3548 0.5141 0.3031 0.1359 0.1611 0.2745 0.5038 0.4237 0.1487 0.1432 0.2178 0.4170 0.4928 0.2103 0.1353 0.1789 0.3235 0.5180 0.3511 0.1384 0.1537 0.2527 0.4801 0.4528 0.1594 0.1388 0.1928 0.2760 0.1928 0.1388 0.1594 0.4528 0.4801 0.2527 0.1537 0.1384 0.3511 0.5180 0.3235 0.1789 0.1353 0.2103 0.4928 0.4170 0.2178 0.1432 0.1487 0.4237 0.5038 0.2745 0.1611 0.1359 0.3031 0.5141 0.3548 0.1913 0.1371 0.1733 0.4715 0.4565 0.2385 0.1494 0.1409 0.3760 0.5174 0.3107 0.1749 0.1351 0.2200 0.4948 0.4160 0.2190 0.1440 0.1465 0.4107 0.5111 0.2889 0.1694
0.2911 0.5123 0.4069 0.1458 0.1445 0.2206 0.4194 0.4934 0.2162 0.1351 0.1755 0.3122 0.5175 0.3749 0.1409 0.1494 0.2382 0.4556 0.4724 0.1744 0.1369 0.1905 0.3526 0.5146 0.3071 0.1361 0.1604 0.2724 0.5019 0.4269 0.1495 0.1428 0.2161 0.4132 0.4946 0.2151 0.1352 0.1777 0.3204 0.5181 0.3559 0.1388 0.1530 0.2505 0.4769 0.4555 0.1606 0.1389 0.1989 0.3575 0.5037 0.3575 0.1989 0.1389 0.1606 0.4555 0.4769 0.2505 0.1530 0.1388 0.3559 0.5181 0.3204 0.1777 0.1352 0.2151 0.4946 0.4132 0.2161 0.1428 0.1495 0.4269 0.5019 0.2724 0.1604 0.1361 0.3071 0.5146 0.3526 0.1905 0.1369 0.1744 0.4724 0.4556 0.2382 0.1494 0.1409 0.3749 0.5175 0.3122 0.1755 0.1351 0.2162 0.4934 0.4194 0.2206 0.1445 0.1458 0.4069 0.5123 0.2911
0.5120 0.4031 0.1451 0.1450 0.2224 0.4231 0.4917 0.2119 0.1352 0.1764 0.3142 0.5177 0.3728 0.1407 0.1496 0.2385 0.4556 0.4727 0.1750 0.1369 0.1900 0.3509 0.5150 0.3105 0.1362 0.1598 0.2705 0.5002 0.4298 0.1504 0.1423 0.2144 0.4095 0.4962 0.2201 0.1351 0.1766 0.3174 0.5180 0.3606 0.1392 0.1523 0.2483 0.4736 0.4582 0.1621 0.1387 0.1992 0.3705 0.5135 0.4264 0.5135 0.3705 0.1992 0.1387 0.1621 0.4582 0.4736 0.2483 0.1523 0.1392 0.3606 0.5180 0.3174 0.1766 0.1351 0.2201 0.4962 0.4095 0.2144 0.1423 0.1504 0.4298 0.5002 0.2705 0.1598 0.1362 0.3105 0.5150 0.3509 0.1900 0.1369 0.1750 0.4727 0.4556 0.2385 0.1496 0.1407 0.3728 0.5177 0.3142 0.1764 0.1352 0.2119 0.4917 0.4231 0.2224 0.1450 0.1451 0.4031 0.5120
0.4006 0.1444 0.1456 0.2243 0.4268 0.4900 0.2074 0.1353 0.1773 0.3165 0.5179 0.3698 0.1404 0.1499 0.2392 0.4565 0.4724 0.1750 0.1368 0.1897 0.3499 0.5153 0.3132 0.1364 0.1592 0.2688 0.4986 0.4323 0.1511 0.1419 0.2129 0.4061 0.4977 0.2250 0.1351 0.1754 0.3143 0.5179 0.3652 0.1396 0.1516 0.2461 0.4703 0.4609 0.1638 0.1384 0.1981 0.3710 0.5109 0.3089 0.1489 0.3089 0.5109 0.3710 0.1981 0.1384 0.1638 0.4609 0.4703 0.2461 0.1516 0.1396 0.3652 0.5179 0.3143 0.1754 0.1351 0.2250 0.4977 0.4061 0.2129 0.1419 0.1511 0.4323 0.4986 0.2688 0.1592 0.1364 0.3132 0.5153 0.3499 0.1897 0.1368 0.1750 0.4724 0.4565 0.2392 0.1499 0.1404 0.3698 0.5179 0.3165 0.1773 0.1353 0.2074 0.4900 0.4268 0.2243 0.1456 0.1444 0.4006
0.1481 0.1461 0.2261 0.4306 0.4881 0.2029 0.1354 0.1784 0.3193 0.5180 0.3662 0.1401 0.1503 0.2403 0.4581 0.4715 0.1744 0.1369 0.1897 0.3496 0.5154 0.3148 0.1364 0.1588 0.2674 0.4971 0.4345 0.1519 0.1416 0.2115 0.4029 0.4991 0.2297 0.1350 0.1744 0.3114 0.5177 0.3697 0.1400 0.1509 0.2440 0.4669 0.4635 0.1657 0.1381 0.1967 0.3684 0.5109 0.2882 0.1358 0.1407 0.1358 0.2882 0.5109 0.3684 0.1967 0.1381 0.1657 0.4635 0.4669 0.2440 0.1509 0.1400 0.3697 0.5177 0.3114 0.1744 0.1350 0.2297 0.4991 0.4029 0.2115 0.1416 0.1519 0.4345 0.4971 0.2674 0.1588 0.1364 0.3148 0.5154 0.3496 0.1897 0.1369 0.1744 0.4715 0.4581 0.2403 0.1503 0.1401 0.3662 0.5180 0.3193 0.1784 0.1354 0.2029 0.4881 0.4306 0.2261 0.1461 0.1481
0.1497 0.2280 0.4344 0.4862 0.1986 0.1355 0.1796 0.3223 0.5181 0.3622 0.1397 0.1508 0.2418 0.4603 0.4703 0.1733 0.1369 0.1900 0.3499 0.5154 0.3153 0.1365 0.1586 0.2664 0.4959 0.4364 0.1525 0.1413 0.2103 0.4001 0.5003 0.2340 0.1350 0.1734 0.3086 0.5174 0.3742 0.1405 0.1503 0.2419 0.4634 0.4661 0.1677 0.1378 0.1953 0.3650 0.5117 0.2876 0.1355 0.1579 0.2094 0.1579 0.1355 0.2876 0.5117 0.3650 0.1953 0.1378 0.1677 0.4661 0.4634 0.2419 0.1503 0.1405 0.3742 0.5174 0.3086 0.1734 0.1350 0.2340 0.5003 0.4001 0.2103 0.1413 0.1525 0.4364 0.4959 0.2664 0.1586 0.1365 0.3153 0.5154 0.3499 0.1900 0.1369 0.1733 0.4703 0.4603 0.2418 0.1508 0.1397 0.3622 0.5181 0.3223 0.1796 0.1355 0.1986 0.4862 0.4344 0.2280 0.1497
0.2307 0.4381 0.4842 0.1944 0.1356 0.1808 0.3253 0.5181 0.3578 0.1393 0.1514 0.2434 0.4629 0.4686 0.1718 0.1371 0.1905 0.3509 0.5153 0.3148 0.1365 0.1585 0.2659 0.4951 0.4377 0.1531 0.1411 0.2094 0.3977 0.5013 0.2380 0.1350 0.1725 0.3061 0.5170 0.3783 0.1410 0.1496 0.2398 0.4599 0.4686 0.1699 0.1375 0.1938 0.3615 0.5125 0.2917 0.1356 0.1617 0.2647 0.3989 0.2647 0.1617 0.1356 0.2917 0.5125 0.3615 0.1938 0.1375 0.1699 0.4686 0.4599 0.2398 0.1496 0.1410 0.3783 0.5170 0.3061 0.1725 0.1350 0.2380 0.5013 0.3977 0.2094 0.1411 0.1531 0.4377 0.4951 0.2659 0.1585 0.1365 0.3148 0.5153 0.3509 0.1905 0.1371 0.1718 0.4686 0.4629 0.2434 0.1514 0.1393 0.3578 0.5181 0.3253 0.1808 0.1356 0.1944 0.4842 0.4381 0.2307
0.4392 0.4821 0.1905 0.1358 0.1820 0.3285 0.5180 0.3531 0.1390 0.1520 0.2453 0.4659 0.4666 0.1701 0.1373 0.1913 0.3526 0.5150 0.3132 0.1364 0.1586 0.2659 0.4949 0.4383 0.1534 0.1410 0.2086 0.3956 0.5021 0.2415 0.1350 0.1717 0.3039 0.5166 0.3820 0.1414 0.1490 0.2378 0.4564 0.4710 0.1722 0.1372 0.1924 0.3581 0.5133 0.2969 0.1357 0.1619 0.2742 0.4924 0.5008 0.4924 0.2742 0.1619 0.1357 0.2969 0.5133 0.3581 0.1924 0.1372 0.1722 0.4710 0.4564 0.2378 0.1490 0.1414 0.3820 0.5166 0.3039 0.1717 0.1350 0.2415 0.5021 0.3956 0.2086 0.1410 0.1534 0.4383 0.4949 0.2659 0.1586 0.1364 0.3132 0.5150 0.3526 0.1913 0.1373 0.1701 0.4666 0.4659 0.2453 0.1520 0.1390 0.3531 0.5180 0.3285 0.1820 0.1358 0.1905 0.4821 0.4392
0.4807 0.1869 0.1359 0.1833 0.3317 0.5178 0.3482 0.1386 0.1527 0.2474 0.4690 0.4644 0.1683 0.1375 0.1923 0.3548 0.5146 0.3105 0.1364 0.1588 0.2664 0.4951 0.4383 0.1535 0.1409 0.2081 0.3942 0.5028 0.2445 0.1350 0.1711 0.3020 0.5162 0.3852 0.1418 0.1485 0.2360 0.4531 0.4733 0.1747 0.1370 0.1911 0.3546 0.5141 0.3023 0.1359 0.1613 0.2746 0.5015 0.4425 0.2464 0.4425 0.5015 0.2746 0.1613 0.1359 0.3023 0.5141 0.3546 0.1911 0.1370 0.1747 0.4733 0.4531 0.2360 0.1485 0.1418 0.3852 0.5162 0.3020 0.1711 0.1350 0.2445 0.5028 0.3942 0.2081 0.1409 0.1535 0.4383 0.4951 0.2664 0.1588 0.1364 0.3105 0.5146 0.3548 0.1923 0.1375 0.1683 0.4644 0.4690 0.2474 0.1527 0.1386 0.3482 0.5178 0.3317 0.1833 0.1359 0.1869 0.4807
0.1873 0.1361 0.1845 0.3349 0.5176 0.3434 0.1382 0.1534 0.2496 0.4723 0.4620 0.1664 0.1377 0.1934 0.3574 0.5141 0.3071 0.1362 0.1592 0.2674 0.4959 0.4377 0.1534 0.1409 0.2079 0.3934 0.5032 0.2467 0.1350 0.1705 0.3003 0.5159 0.3879 0.1422 0.1481 0.2344 0.4500 0.4753 0.1771 0.1368 0.1897 0.3512 0.5148 0.3077 0.1361 0.1605 0.2727 0.5018 0.4306 0.1554 0.1340 0.1554 0.4306 0.5018 0.2727 0.1605 0.1361 0.3077 0.5148 0.3512 0.1897 0.1368 0.1771 0.4753 0.4500 0.2344 0.1481 0.1422 0.3879 0.5159 0.3003 0.1705 0.1350 0.2467 0.5032 0.3934 0.2079 0.1409 0.1534 0.4377 0.4959 0.2674 0.1592 0.1362 0.3071 0.5141 0.3574 0.1934 0.1377 0.1664 0.4620 0.4723 0.2496 0.1534 0.1382 0.3434 0.5176 0.3349 0.1845 0.1361 0.1873
0.1403 0.1858 0.3381 0.5173 0.3384 0.1379 0.1542 0.2518 0.4756 0.4593 0.1646 0.1380 0.1947 0.3604 0.5135 0.3031 0.1361 0.1598 0.2688 0.4971 0.4364 0.1531 0.1410 0.2081 0.3934 0.5033 0.2478 0.1350 0.1701 0.2990 0.5155 0.3903 0.1426 0.1477 0.2330 0.4472 0.4771 0.1795 0.1366 0.1885 0.3481 0.5154 0.3130 0.1363 0.1596 0.2704 0.5003 0.4302 0.1514 0.1393 0.1675 0.1393 0.1514 0.4302 0.5003 0.2704 0.1596 0.1363 0.3130 0.5154 0.3481 0.1885 0.1366 0.1795 0.4771 0.4472 0.2330 0.1477 0.1426 0.3903 0.5155 0.2990 0.1701 0.1350 0.2478 0.5033 0.3934 0.2081 0.1410 0.1531 0.4364 0.4971 0.2688 0.1598 0.1361 0.3031 0.5135 0.3604 0.1947 0.1380 0.1646 0.4593 0.4756 0.2518 0.1542 0.1379 0.3384 0.5173 0.3381 0.1858 0.1403
0.1888 0.3414 0.5169 0.3334 0.1376 0.1549 0.2540 0.4788 0.4566 0.1628 0.1383 0.1961 0.3636 0.5128 0.2985 0.1359 0.1604 0.2705 0.4986 0.4345 0.1525 0.1411 0.2086 0.3942 0.5032 0.2478 0.1350 0.1699 0.2981 0.5152 0.3922 0.1429 0.1474 0.2319 0.4448 0.4786 0.1818 0.1364 0.1875 0.3452 0.5159 0.3179 0.1365 0.1588 0.2679 0.4981 0.4327 0.1514 0.1413 0.2025 0.2936 0.2025 0.1413 0.1514 0.4327 0.4981 0.2679 0.1588 0.1365 0.3179 0.5159 0.3452 0.1875 0.1364 0.1818 0.4786 0.4448 0.2319 0.1474 0.1429 0.3922 0.5152 0.2981 0.1699 0.1350 0.2478 0.5032 0.3942 0.2086 0.1411 0.1525 0.4345 0.4986 0.2705 0.1604 0.1359 0.2985 0.5128 0.3636 0.1961 0.1383 0.1628 0.4566 0.4788 0.2540 0.1549 0.1376 0.3334 0.5169 0.3414 0.1888
0.3432 0.5165 0.3283 0.1373 0.1557 0.2563 0.4819 0.4538 0.1611 0.1386 0.1976 0.3671 0.5120 0.2935 0.1358 0.1611 0.2724 0.5002 0.4323 0.1519 0.1413 0.2094 0.3956 0.5028 0.2467 0.1350 0.1699 0.2979 0.5150 0.3935 0.1431 0.1471 0.2309 0.4428 0.4799 0.1839 0.1362 0.1865 0.3427 0.5163 0.3224 0.1367 0.1580 0.2656 0.4957 0.4358 0.1522 0.1414 0.2091 0.3807 0.5129 0.3807 0.2091 0.1414 0.1522 0.4358 0.4957 0.2656 0.1580 0.1367 0.3224 0.5163 0.3427 0.1865 0.1362 0.1839 0.4799 0.4428 0.2309 0.1471 0.1431 0.3935 0.5150 0.2979 0.1699 0.1350 0.2467 0.5028 0.3956 0.2094 0.1413 0.1519 0.4323 0.5002 0.2724 0.1611 0.1358 0.2935 0.5120 0.3671 0.1976 0.1386 0.1611 0.4538 0.4819 0.2563 0.1557 0.1373 0.3283 0.5165 0.3432
0.5156 0.3232 0.1370 0.1564 0.2586 0.4850 0.4509 0.1596 0.1389 0.1991 0.3707 0.5111 0.2881 0.1356 0.1619 0.2745 0.5019 0.4298 0.1511 0.1416 0.2103 0.3977 0.5021 0.2445 0.1350 0.1701 0.2981 0.5150 0.3939 0.1432 0.1469 0.2302 0.4411 0.4810 0.1858 0.1361 0.1857 0.3405 0.5167 0.3262 0.1369 0.1573 0.2634 0.4933 0.4389 0.1532 0.1411 0.2094 0.3943 0.5075 0.4027 0.5075 0.3943 0.2094 0.1411 0.1532 0.4389 0.4933 0.2634 0.1573 0.1369 0.3262 0.5167 0.3405 0.1857 0.1361 0.1858 0.4810 0.4411 0.2302 0.1469 0.1432 0.3939 0.5150 0.2981 0.1701 0.1350 0.2445 0.5021 0.3977 0.2103 0.1416 0.1511 0.4298 0.5019 0.2745 0.1619 0.1356 0.2881 0.5111 0.3707 0.1991 0.1389 0.1596 0.4509 0.4850 0.2586 0.1564 0.1370 0.3232 0.5156
0.3202 0.1367 0.1572 0.2609 0.4879 0.4480 0.1581 0.1393 0.2006 0.3742 0.5101 0.2826 0.1355 0.1628 0.2769 0.5038 0.4269 0.1504 0.1419 0.2115 0.4001 0.5013 0.2415 0.1350 0.1705 0.2990 0.5152 0.3935 0.1432 0.1469 0.2298 0.4400 0.4818 0.1874 0.1360 0.1850 0.3385 0.5169 0.3296 0.1371 0.1567 0.2616 0.4911 0.4417 0.1542 0.1408 0.2083 0.3948 0.5035 0.2731 0.1435 0.2731 0.5035 0.3948 0.2083 0.1408 0.1542 0.4417 0.4911 0.2616 0.1567 0.1371 0.3296 0.5169 0.3385 0.1850 0.1360 0.1874 0.4818 0.4400 0.2298 0.1469 0.1432 0.3935 0.5152 0.2990 0.1705 0.1350 0.2415 0.5013 0.4001 0.2115 0.1419 0.1504 0.4269 0.5038 0.2769 0.1628 0.1355 0.2826 0.5101 0.3742 0.2006 0.1393 0.1581 0.4480 0.4879 0.2609 0.1572 0.1367 0.3202
0.1409 0.1580 0.2633 0.4907 0.4450 0.1568 0.1396 0.2021 0.3778 0.5091 0.2771 0.1354 0.1637 0.2794 0.5056 0.4237 0.1495 0.1423 0.2129 0.4029 0.5003 0.2380 0.1350 0.1711 0.3003 0.5155 0.3922 0.1431 0.1469 0.2298 0.4396 0.4822 0.1885 0.1360 0.1844 0.3369 0.5171 0.3325 0.1373 0.1562 0.2599 0.4890 0.4441 0.1552 0.1404 0.2069 0.3923 0.5034 0.2520 0.1347 0.1437 0.1347 0.2520 0.5034 0.3923 0.2069 0.1404 0.1552 0.4441 0.4890 0.2599 0.1562 0.1373 0.3325 0.5171 0.3369 0.1844 0.1360 0.1885 0.4822 0.4396 0.2298 0.1469 0.1431 0.3922 0.5155 0.3003 0.1711 0.1350 0.2380 0.5003 0.4029 0.2129 0.1423 0.1495 0.4237 0.5056 0.2794 0.1637 0.1354 0.2771 0.5091 0.3778 0.2021 0.1396 0.1568 0.4450 0.4907 0.2633 0.1580 0.1409
0.1614 0.2657 0.4933 0.4419 0.1555 0.1400 0.2036 0.3815 0.5080 0.2716 0.1353 0.1646 0.2820 0.5073 0.4202 0.1487 0.1428 0.2144 0.4061 0.4991 0.2340 0.1350 0.1717 0.3020 0.5159 0.3903 0.1429 0.1471 0.2302 0.4400 0.4822 0.1888 0.1359 0.1840 0.3357 0.5173 0.3350 0.1374 0.1558 0.2585 0.4872 0.4462 0.1562 0.1401 0.2056 0.3893 0.5043 0.2511 0.1349 0.1636 0.2209 0.1636 0.1349 0.2511 0.5043 0.3893 0.2056 0.1401 0.1562 0.4462 0.4872 0.2585 0.1558 0.1374 0.3350 0.5173 0.3357 0.1840 0.1359 0.1888 0.4822 0.4400 0.2302 0.1471 0.1429 0.3903 0.5159 0.3020 0.1717 0.1350 0.2340 0.4991 0.4061 0.2144 0.1428 0.1487 0.4202 0.5073 0.2820 0.1646 0.1353 0.2716 0.5080 0.3815 0.2036 0.1400 0.1555 0.4419 0.4933 0.2657 0.1614
0.2680 0.4959 0.4388 0.1543 0.1404 0.2052 0.3851 0.5068 0.2660 0.1352 0.1656 0.2846 0.5089 0.4166 0.1478 0.1432 0.2161 0.4095 0.4977 0.2297 0.1350 0.1725 0.3039 0.5162 0.3879 0.1426 0.1474 0.2309 0.4411 0.4818 0.1885 0.1359 0.1839 0.3351 0.5174 0.3369 0.1376 0.1555 0.2574 0.4856 0.4480 0.1570 0.1399 0.2044 0.3865 0.5053 0.2544 0.1350 0.1679 0.2813 0.4240 0.2813 0.1679 0.1350 0.2544 0.5053 0.3865 0.2044 0.1399 0.1570 0.4480 0.4856 0.2574 0.1555 0.1376 0.3369 0.5174 0.3351 0.1839 0.1359 0.1885 0.4818 0.4411 0.2309 0.1474 0.1426 0.3879 0.5162 0.3039 0.1725 0.1350 0.2297 0.4977 0.4095 0.2161 0.1432 0.1478 0.4166 0.5089 0.2846 0.1656 0.1352 0.2660 0.5068 0.3851 0.2052 0.1404 0.1543 0.4388 0.4959 0.2680
0.4961 0.4356 0.1531 0.1408 0.2068 0.3888 0.5056 0.2605 0.1351 0.1665 0.2873 0.5103 0.4129 0.1470 0.1437 0.2178 0.4132 0.4962 0.2250 0.1350 0.1734 0.3061 0.5166 0.3852 0.1422 0.1477 0.2319 0.4428 0.4810 0.1874 0.1360 0.1840 0.3351 0.5174 0.3379 0.1377 0.1552 0.2564 0.4842 0.4495 0.1578 0.1397 0.2034 0.3840 0.5061 0.2583 0.1350 0.1683 0.2918 0.5067 0.4902 0.5067 0.2918 0.1683 0.1350 0.2583 0.5061 0.3840 0.2034 0.1397 0.1578 0.4495 0.4842 0.2564 0.1552 0.1377 0.3379 0.5174 0.3351 0.1840 0.1360 0.1874 0.4810 0.4428 0.2319 0.1477 0.1422 0.3852 0.5166 0.3061 0.1734 0.1350 0.2250 0.4962 0.4132 0.2178 0.1437 0.1470 0.4129 0.5103 0.2873 0.1665 0.1351 0.2605 0.5056 0.3888 0.2068 0.1408 0.1531 0.4356 0.4961
0.4336 0.1520 0.1412 0.2084 0.3925 0.5043 0.2550 0.1350 0.1675 0.2900 0.5116 0.4092 0.1462 0.1442 0.2196 0.4170 0.4946 0.2201 0.1351 0.1744 0.3086 0.5170 0.3820 0.1418 0.1481 0.2330 0.4448 0.4799 0.1858 0.1360 0.1844 0.3357 0.5174 0.3379 0.1377 0.1550 0.2557 0.4832 0.4507 0.1584 0.1395 0.2026 0.3818 0.5069 0.2620 0.1351 0.1678 0.2926 0.5123 0.4203 0.2112 0.4203 0.5123 0.2926 0.1678 0.1351 0.2620 0.5069 0.3818 0.2026 0.1395 0.1584 0.4507 0.4832 0.2557 0.1550 0.1377 0.3379 0.5174 0.3357 0.1844 0.1360 0.1858 0.4799 0.4448 0.2330 0.1481 0.1418 0.3820 0.5170 0.3086 0.1744 0.1351 0.2201 0.4946 0.4170 0.2196 0.1442 0.1462 0.4092 0.5116 0.2900 0.1675 0.1350 0.2550 0.5043 0.3925 0.2084 0.1412 0.1520 0.4336
0.1553 0.1416 0.2100 0.3962 0.5030 0.2495 0.1350 0.1685 0.2927 0.5128 0.4054 0.1455 0.1447 0.2214 0.4208 0.4928 0.2151 0.1351 0.1754 0.3114 0.5174 0.3783 0.1414 0.1485 0.2344 0.4472 0.4786 0.1839 0.1361 0.1850 0.3369 0.5173 0.3369 0.1377 0.1550 0.2555 0.4826 0.4515 0.1589 0.1393 0.2019 0.3800 0.5076 0.2653 0.1351 0.1672 0.2914 0.5128 0.4058 0.1481 0.1342 0.1481 0.4058 0.5128 0.2914 0.1672 0.1351 0.2653 0.5076 0.3800 0.2019 0.1393 0.1589 0.4515 0.4826 0.2555 0.1550 0.1377 0.3369 0.5173 0.3369 0.1850 0.1361 0.1839 0.4786 0.4472 0.2344 0.1485 0.1414 0.3783 0.5174 0.3114 0.1754 0.1351 0.2151 0.4928 0.4208 0.2214 0.1447 0.1455 0.4054 0.5128 0.2927 0.1685 0.1350 0.2495 0.5030 0.3962 0.2100 0.1416 0.1553
0.1454 0.2117 0.3999 0.5016 0.2440 0.1350 0.1695 0.2955 0.5138 0.4015 0.1448 0.1452 0.2232 0.4245 0.4911 0.2103 0.1352 0.1766 0.3143 0.5177 0.3742 0.1410 0.1490 0.2360 0.4500 0.4771 0.1818 0.1362 0.1857 0.3385 0.5171 0.3350 0.1376 0.1552 0.2557 0.4826 0.4518 0.1592 0.1392 0.2013 0.3785 0.5081 0.2681 0.1351 0.1667 0.2899 0.5124 0.4043 0.1454 0.1422 0.1749 0.1422 0.1454 0.4043 0.5124 0.2899 0.1667 0.1351 0.2681 0.5081 0.3785 0.2013 0.1392 0.1592 0.4518 0.4826 0.2557 0.1552 0.1376 0.3350 0.5171 0.3385 0.1857 0.1362 0.1818 0.4771 0.4500 0.2360 0.1490 0.1410 0.3742 0.5177 0.3143 0.1766 0.1352 0.2103 0.4911 0.4245 0.2232 0.1452 0.1448 0.4015 0.5138 0.2955 0.1695 0.1350 0.2440 0.5016 0.3999 0.2117 0.1454
0.2145 0.4036 0.5002 0.2386 0.1350 0.1705 0.2982 0.5147 0.3975 0.1441 0.1458 0.2250 0.4283 0.4892 0.2056 0.1353 0.1777 0.3174 0.5179 0.3697 0.1405 0.1496 0.2378 0.4531 0.4753 0.1795 0.1364 0.1865 0.3405 0.5169 0.3325 0.1374 0.1555 0.2564 0.4832 0.4515 0.1592 0.1392 0.2010 0.3775 0.5085 0.2703 0.1352 0.1662 0.2885 0.5119 0.4057 0.1451 0.1447 0.2142 0.3143 0.2142 0.1447 0.1451 0.4057 0.5119 0.2885 0.1662 0.1352 0.2703 0.5085 0.3775 0.2010 0.1392 0.1592 0.4515 0.4832 0.2564 0.1555 0.1374 0.3325 0.5169 0.3405 0.1865 0.1364 0.1795 0.4753 0.4531 0.2378 0.1496 0.1405 0.3697 0.5179 0.3174 0.1777 0.1353 0.2056 0.4892 0.4283 0.2250 0.1458 0.1441 0.3975 0.5147 0.2982 0.1705 0.1350 0.2386 0.5002 0.4036 0.2145
0.4050 0.4987 0.2333 0.1350 0.1716 0.3011 0.5155 0.3935 0.1435 0.1463 0.2269 0.4321 0.4873 0.2012 0.1354 0.1789 0.3204 0.5180 0.3652 0.1400 0.1503 0.2398 0.4564 0.4733 0.1771 0.1366 0.1875 0.3427 0.5167 0.3296 0.1373 0.1558 0.2574 0.4842 0.4507 0.1589 0.1392 0.2010 0.3772 0.5087 0.2718 0.1352 0.1658 0.2873 0.5113 0.4074 0.1454 0.1450 0.2219 0.4076 0.5168 0.4076 0.2219 0.1450 0.1454 0.4074 0.5113 0.2873 0.1658 0.1352 0.2718 0.5087 0.3772 0.2010 0.1392 0.1589 0.4507 0.4842 0.2574 0.1558 0.1373 0.3296 0.5167 0.3427 0.1875 0.1366 0.1771 0.4733 0.4564 0.2398 0.1503 0.1400 0.3652 0.5180 0.3204 0.1789 0.1354 0.2012 0.4873 0.4321 0.2269 0.1463 0.1435 0.3935 0.5155 0.3011 0.1716 0.1350 0.2333 0.4987 0.4050
0.4975 0.2280 0.1350 0.1726 0.3039 0.5161 0.3894 0.1429 0.1469 0.2288 0.4359 0.4854 0.1969 0.1355 0.1801 0.3235 0.5181 0.3606 0.1396 0.1509 0.2419 0.4599 0.4710 0.1747 0.1368 0.1885 0.3452 0.5163 0.3262 0.1371 0.1562 0.2585 0.4856 0.4495 0.1584 0.1393 0.2013 0.3775 0.5087 0.2724 0.1352 0.1656 0.2864 0.5108 0.4090 0.1457 0.1449 0.2230 0.4229 0.4975 0.3719 0.4975 0.4229 0.2230 0.1449 0.1457 0.4090 0.5108 0.2864 0.1656 0.1352 0.2724 0.5087 0.3775 0.2013 0.1393 0.1584 0.4495 0.4856 0.2585 0.1562 0.1371 0.3262 0.5163 0.3452 0.1885 0.1368 0.1747 0.4710 0.4599 0.2419 0.1509 0.1396 0.3606 0.5181 0.3235 0.1801 0.1355 0.1969 0.4854 0.4359 0.2288 0.1469 0.1429 0.3894 0.5161 0.3039 0.1726 0.1350 0.2280 0.4975
0.2260 0.1350 0.1737 0.3068 0.5167 0.3852 0.1423 0.1475 0.2307 0.4396 0.4834 0.1929 0.1357 0.1813 0.3266 0.5180 0.3559 0.1392 0.1516 0.2440 0.4634 0.4686 0.1722 0.1370 0.1897 0.3481 0.5159 0.3224 0.1369 0.1567 0.2599 0.4872 0.4480 0.1578 0.1395 0.2019 0.3785 0.5085 0.2718 0.1352 0.1655 0.2859 0.5104 0.4103 0.1459 0.1447 0.2226 0.4252 0.4912 0.2308 0.1391 0.2308 0.4912 0.4252 0.2226 0.1447 0.1459 0.4103 0.5104 0.2859 0.1655 0.1352 0.2718 0.5085 0.3785 0.2019 0.1395 0.1578 0.4480 0.4872 0.2599 0.1567 0.1369 0.3224 0.5159 0.3481 0.1897 0.1370 0.1722 0.4686 0.4634 0.2440 0.1516 0.1392 0.3559 0.5180 0.3266 0.1813 0.1357 0.1929 0.4834 0.4396 0.2307 0.1475 0.1423 0.3852 0.5167 0.3068 0.1737 0.1350 0.2260
0.1393 0.1748 0.3097 0.5172 0.3809 0.1418 0.1481 0.2327 0.4433 0.4813 0.1890 0.1358 0.1825 0.3297 0.5179 0.3511 0.1388 0.1523 0.2461 0.4669 0.4661 0.1699 0.1372 0.1911 0.3512 0.5154 0.3179 0.1367 0.1573 0.2616 0.4890 0.4462 0.1570 0.1397 0.2026 0.3800 0.5081 0.2703 0.1352 0.1656 0.2859 0.5103 0.4110 0.1461 0.1446 0.2221 0.4246 0.4902 0.2096 0.1344 0.1482 0.1344 0.2096 0.4902 0.4246 0.2221 0.1446 0.1461 0.4110 0.5103 0.2859 0.1656 0.1352 0.2703 0.5081 0.3800 0.2026 0.1397 0.1570 0.4462 0.4890 0.2616 0.1573 0.1367 0.3179 0.5154 0.3512 0.1911 0.1372 0.1699 0.4661 0.4669 0.2461 0.1523 0.1388 0.3511 0.5179 0.3297 0.1825 0.1358 0.1890 0.4813 0.4433 0.2327 0.1481 0.1418 0.3809 0.5172 0.3097 0.1748 0.1393
0.1780 0.3127 0.5175 0.3766 0.1413 0.1487 0.2347 0.4470 0.4792 0.1855 0.1360 0.1838 0.3329 0.5177 0.3463 0.1384 0.1530 0.2483 0.4703 0.4635 0.1677 0.1375 0.1924 0.3546 0.5148 0.3130 0.1365 0.1580 0.2634 0.4911 0.4441 0.1562 0.1399 0.2034 0.3818 0.5076 0.2681 0.1352 0.1658 0.2864 0.5104 0.4110 0.1462 0.1445 0.2216 0.4237 0.4904 0.2066 0.1351 0.1719 0.2367 0.1719 0.1351 0.2066 0.4904 0.4237 0.2216 0.1445 0.1462 0.4110 0.5104 0.2864 0.1658 0.1352 0.2681 0.5076 0.3818 0.2034 0.1399 0.1562 0.4441 0.4911 0.2634 0.1580 0.1365 0.3130 0.5148 0.3546 0.1924 0.1375 0.1677 0.4635 0.4703 0.2483 0.1530 0.1384 0.3463 0.5177 0.3329 0.1838 0.1360 0.1855 0.4792 0.4470 0.2347 0.1487 0.1413 0.3766 0.5175 0.3127 0.1780
0.3148 0.5178 0.3722 0.1408 0.1493 0.2367 0.4507 0.4769 0.1822 0.1362 0.1850 0.3362 0.5175 0.3414 0.1381 0.1537 0.2505 0.4736 0.4609 0.1657 0.1378 0.1938 0.3581 0.5141 0.3077 0.1363 0.1588 0.2656 0.4933 0.4417 0.1552 0.1401 0.2044 0.3840 0.5069 0.2653 0.1351 0.1662 0.2873 0.5108 0.4103 0.1461 0.1445 0.2215 0.4231 0.4907 0.2068 0.1353 0.1772 0.3047 0.4551 0.3047 0.1772 0.1353 0.2068 0.4907 0.4231 0.2215 0.1445 0.1461 0.4103 0.5108 0.2873 0.1662 0.1351 0.2653 0.5069 0.3840 0.2044 0.1401 0.1552 0.4417 0.4933 0.2656 0.1588 0.1363 0.3077 0.5141 0.3581 0.1938 0.1378 0.1657 0.4609 0.4736 0.2505 0.1537 0.1381 0.3414 0.5175 0.3362 0.1850 0.1362 0.1822 0.4769 0.4507 0.2367 0.1493 0.1408 0.3722 0.5178 0.3148
0.5172 0.3677 0.1403 0.1499 0.2387 0.4543 0.4747 0.1791 0.1364 0.1863 0.3394 0.5171 0.3364 0.1378 0.1544 0.2527 0.4769 0.4582 0.1638 0.1381 0.1953 0.3615 0.5133 0.3023 0.1361 0.1596 0.2679 0.4957 0.4389 0.1542 0.1404 0.2056 0.3865 0.5061 0.2620 0.1351 0.1667 0.2885 0.5113 0.4090 0.1459 0.1446 0.2216 0.4231 0.4909 0.2072 0.1353 0.1783 0.3175 0.5159 0.4728 0.5159 0.3175 0.1783 0.1353 0.2072 0.4909 0.4231 0.2216 0.1446 0.1459 0.4090 0.5113 0.2885 0.1667 0.1351 0.2620 0.5061 0.3865 0.2056 0.1404 0.1542 0.4389 0.4957 0.2679 0.1596 0.1361 0.3023 0.5133 0.3615 0.1953 0.1381 0.1638 0.4582 0.4769 0.2527 0.1544 0.1378 0.3364 0.5171 0.3394 0.1863 0.1364 0.1791 0.4747 0.4543 0.2387 0.1499 0.1403 0.3677 0.5172
0.3650 0.1398 0.1506 0.2407 0.4579 0.4724 0.1762 0.1366 0.1876 0.3427 0.5167 0.3314 0.1375 0.1552 0.2549 0.4801 0.4555 0.1621 0.1384 0.1967 0.3650 0.5125 0.2969 0.1359 0.1605 0.2704 0.4981 0.4358 0.1532 0.1408 0.2069 0.3893 0.5053 0.2583 0.1351 0.1672 0.2899 0.5119 0.4074 0.1457 0.1447 0.2221 0.4237 0.4907 0.2072 0.1353 0.1784 0.3201 0.5178 0.3855 0.1763 0.3855 0.5178 0.3201 0.1784 0.1353 0.2072 0.4907 0.4237 0.2221 0.1447 0.1457 0.4074 0.5119 0.2899 0.1672 0.1351 0.2583 0.5053 0.3893 0.2069 0.1408 0.1532 0.4358 0.4981 0.2704 0.1605 0.1359 0.2969 0.5125 0.3650 0.1967 0.1384 0.1621 0.4555 0.4801 0.2549 0.1552 0.1375 0.3314 0.5167 0.3427 0.1876 0.1366 0.1762 0.4724 0.4579 0.2407 0.1506 0.1398 0.3650
0.1439 0.1512 0.2427 0.4613 0.4701 0.1737 0.1368 0.1889 0.3458 0.5163 0.3266 0.1372 0.1559 0.2571 0.4830 0.4528 0.1606 0.1387 0.1981 0.3684 0.5117 0.2917 0.1357 0.1613 0.2727 0.5003 0.4327 0.1522 0.1411 0.2083 0.3923 0.5043 0.2544 0.1350 0.1678 0.2914 0.5124 0.4057 0.1454 0.1449 0.2226 0.4246 0.4904 0.2068 0.1353 0.1784 0.3205 0.5180 0.3660 0.1416 0.1356 0.1416 0.3660 0.5180 0.3205 0.1784 0.1353 0.2068 0.4904 0.4246 0.2226 0.1449 0.1454 0.4057 0.5124 0.2914 0.1678 0.1350 0.2544 0.5043 0.3923 0.2083 0.1411 0.1522 0.4327 0.5003 0.2727 0.1613 0.1357 0.2917 0.5117 0.3684 0.1981 0.1387 0.1606 0.4528 0.4830 0.2571 0.1559 0.1372 0.3266 0.5163 0.3458 0.1889 0.1368 0.1737 0.4701 0.4613 0.2427 0.1512 0.1439
0.1545 0.2443 0.4639 0.4682 0.1718 0.1370 0.1898 0.3483 0.5159 0.3227 0.1369 0.1565 0.2588 0.4852 0.4506 0.1594 0.1389 0.1992 0.3710 0.5109 0.2876 0.1356 0.1619 0.2746 0.5018 0.4302 0.1514 0.1414 0.2094 0.3948 0.5034 0.2511 0.1350 0.1683 0.2926 0.5128 0.4043 0.1451 0.1450 0.2230 0.4252 0.4902 0.2066 0.1353 0.1783 0.3201 0.5180 0.3626 0.1399 0.1470 0.1862 0.1470 0.1399 0.3626 0.5180 0.3201 0.1783 0.1353 0.2066 0.4902 0.4252 0.2230 0.1450 0.1451 0.4043 0.5128 0.2926 0.1683 0.1350 0.2511 0.5034 0.3948 0.2094 0.1414 0.1514 0.4302 0.5018 0.2746 0.1619 0.1356 0.2876 0.5109 0.3710 0.1992 0.1389 0.1594 0.4506 0.4852 0.2588 0.1565 0.1369 0.3227 0.5159 0.3483 0.1898 0.1370 0.1718 0.4682 0.4639 0.2443 0.1545
0.2443 0.4634 0.4685 0.1720 0.1369 0.1896 0.3479 0.5158 0.3233 0.1369 0.1562 0.2584 0.4847 0.4510 0.1595 0.1388 0.1989 0.3705 0.5109 0.2882 0.1355 0.1617 0.2742 0.5015 0.4306 0.1514 0.1413 0.2091 0.3943 0.5035 0.2520 0.1349 0.1679 0.2918 0.5123 0.4058 0.1454 0.1447 0.2219 0.4229 0.4912 0.2096 0.1351 0.1772 0.3175 0.5178 0.3660 0.1399 0.1496 0.2298 0.3411 0.2298 0.1496 0.1399 0.3660 0.5178 0.3175 0.1772 0.1351 0.2096 0.4912 0.4229 0.2219 0.1447 0.1454 0.4058 0.5123 0.2918 0.1679 0.1349 0.2520 0.5035 0.3943 0.2091 0.1413 0.1514 0.4306 0.5015 0.2742 0.1617 0.1355 0.2882 0.5109 0.3705 0.1989 0.1388 0.1595 0.4510 0.4847 0.2584 0.1562 0.1369 0.3233 0.5158 0.3479 0.1896 0.1369 0.1720 0.4685 0.4634 0.2443
0.4470 0.4768 0.1826 0.1356 0.1840 0.3356 0.5168 0.3426 0.1376 0.1528 0.2496 0.4729 0.4610 0.1657 0.1372 0.1928 0.3575 0.5135 0.3089 0.1358 0.1579 0.2647 0.4924 0.4425 0.1554 0.1393 0.2025 0.3807 0.5075 0.2731 0.1347 0.1636 0.2813 0.5067 0.4203 0.1481 0.1422 0.2142 0.4076 0.4975 0.2308 0.1344 0.1719 0.3047 0.5159 0.3855 0.1416 0.1470 0.2298 0.4237 0.5163 0.4237 0.2298 0.1470 0.1416 0.3855 0.5159 0.3047 0.1719 0.1344 0.2308 0.4975 0.4076 0.2142 0.1422 0.1481 0.4203 0.5067 0.2813 0.1636 0.1347 0.2731 0.5075 0.3807 0.2025 0.1393 0.1554 0.4425 0.4924 0.2647 0.1579 0.1358 0.3089 0.5135 0.3575 0.1928 0.1372 0.1657 0.4610 0.4729 0.2496 0.1528 0.1376 0.3426 0.5168 0.3356 0.1840 0.1356 0.1826 0.4768 0.4470
0.5137 0.3173 0.1354 0.1558 0.2598 0.4884 0.4470 0.1567 0.1382 0.1990 0.3747 0.5087 0.2826 0.1343 0.1613 0.2760 0.5037 0.4264 0.1489 0.1407 0.2094 0.3989 0.5008 0.2464 0.1340 0.1675 0.2936 0.5129 0.4027 0.1435 0.1437 0.2209 0.4240 0.4902 0.2112 0.1342 0.1749 0.3143 0.5168 0.3719 0.1391 0.1482 0.2367 0.4551 0.4728 0.1763 0.1356 0.1862 0.3411 0.5163 0.4547 0.5163 0.3411 0.1862 0.1356 0.1763 0.4728 0.4551 0.2367 0.1482 0.1391 0.3719 0.5168 0.3143 0.1749 0.1342 0.2112 0.4902 0.4240 0.2209 0.1437 0.1435 0.4027 0.5129 0.2936 0.1675 0.1340 0.2464 0.5008 0.3989 0.2094 0.1407 0.1489 0.4264 0.5037 0.2760 0.1613 0.1343 0.2826 0.5087 0.3747 0.1990 0.1382 0.1567 0.4470 0.4884 0.2598 0.1558 0.1354 0.3173 0.5137
0.4470 0.4768 0.1826 0.1356 0.1840 0.3356 0.5168 0.3426 0.1376 0.1528 0.2496 0.4729 0.4610 0.1657 0.1372 0.1928 0.3575 0.5135 0.3089 0.1358 0.1579 0.2647 0.4924 0.4425 0.1554 0.1393 0.2025 0.3807 0.5075 0.2731 0.1347 0.1636 0.2813 0.5067 0.4203 0.1481 0.1422 0.2142 0.4076 0.4975 0.2308 0.1344 0.1719 0.3047 0.5159 0.3855 0.1416 0.1470 0.2298 0.4237 0.5163 0.4237 0.2298 0.1470 0.1416 0.3855 0.5159 0.3047 0.1719 0.1344 0.2308 0.4975 0.4076 0.2142 0.1422 0.1481 0.4203 0.5067 0.2813 0.1636 0.1347 0.2731 0.5075 0.3807 0.2025 0.1393 0.1554 0.4425 0.4924 0.2647 0.1579 0.1358 0.3089 0.5135 0.3575 0.1928 0.1372 0.1657 0.4610 0.4729 0.2496 0.1528 0.1376 0.3426 0.5168 0.3356 0.1840 0.1356 0.1826 0.4768 0.4470
0.2443 0.4634 0.4685 0.1720 0.1369 0.1896 0.3479 0.5158 0.3233 0.1369 0.1562 0.2584 0.4847 0.4510 0.1595 0.1388 0.1989 0.3705 0.5109 0.2882 0.1355 0.1617 0.2742 0.5015 0.4306 0.1514 0.1413 0.2091 0.3943 0.5035 0.2520 0.1349 0.1679 0.2918 0.5123 0.4058 0.1454 0.1447 0.2219 0.4229 0.4912 0.2096 0.1351 0.1772 0.3175 0.5178 0.3660 0.1399 0.1496 0.2298 0.3411 0.2298 0.1496 0.1399 0.3660 0.5178 0.3175 0.1772 0.1351 0.2096 0.4912 0.4229 0.2219 0.1447 0.1454 0.4058 0.5123 0.2918 0.1679 0.1349 0.2520 0.5035 0.3943 0.2091 0.1413 0.1514 0.4306 0.5015 0.2742 0.1617 0.1355 0.2882 0.5109 0.3705 0.1989 0.1388 0.1595 0.4510 0.4847 0.2584 0.1562 0.1369 0.3233 0.5158 0.3479 0.1896 0.1369 0.1720 0.4685 0.4634 0.2443
0.1545 0.2443 0.4639 0.4682 0.1718 0.1370 0.1898 0.3483 0.5159 0.3227 0.1369 0.1565 0.2588 0.4852 0.4506 0.1594 0.1389 0.1992 0.3710 0.5109 0.2876 0.1356 0.1619 0.2746 0.5018 0.4302 0.1514 0.1414 0.2094 0.3948 0.5034 0.2511 0.1350 0.1683 0.2926 0.5128 0.4043 0.1451 0.1450 0.2230 0.4252 0.4902 0.2066 0.1353 0.1783 0.3201 0.5180 0.3626 0.1399 0.1470 0.1862 0.1470 0.1399 0.3626 0.5180 0.3201 0.1783 0.1353 0.2066 0.4902 0.4252 0.2230 0.1450 0.1451 0.4043 0.5128 0.2926 0.1683 0.1350 0.2511 0.5034 0.3948 0.2094 0.1414 0.1514 0.4302 0.5018 0.2746 0.1619 0.1356 0.2876 0.5109 0.3710 0.1992 0.1389 0.1594 0.4506 0.4852 0.2588 0.1565 0.1369 0.3227 0.5159 0.3483 0.1898 0.1370 0.1718 0.4682 0.4639 0.2443 0.1545
0.1439 0.1512 0.2427 0.4613 0.4701 0.1737 0.1368 0.1889 0.3458 0.5163 0.3266 0.1372 0.1559 0.2571 0.4830 0.4528 0.1606 0.1387 0.1981 0.3684 0.5117 0.2917 0.1357 0.1613 0.2727 0.5003 0.4327 0.1522 0.1411 0.2083 0.3923 0.5043 0.2544 0.1350 0.1678 0.2914 0.5124 0.4057 0.1454 0.1449 0.2226 0.4246 0.4904 0.2068 0.1353 0.1784 0.3205 0.5180 0.3660 0.1416 0.1356 0.1416 0.3660 0.5180 0.3205 0.1784 0.1353 0.2068 0.4904 0.4246 0.2226 0.1449 0.1454 0.4057 0.5124 0.2914 0.1678 0.1350 0.2544 0.5043 0.3923 0.2083 0.1411 0.1522 0.4327 0.5003 0.2727 0.1613 0.1357 0.2917 0.5117 0.3684 0.1981 0.1387 0.1606 0.4528 0.4830 0.2571 0.1559 0.1372 0.3266 0.5163 0.3458 0.1889 0.1368 0.1737 0.4701 0.4613 0.2427 0.1512 0.1439
0.3650 0.1398 0.1506 0.2407 0.4579 0.4724 0.1762 0.1366 0.1876 0.3427 0.5167 0.3314 0.1375 0.1552 0.2549 0.4801 0.4555 0.1621 0.1384 0.1967 0.3650 0.5125 0.2969 0.1359 0.1605 0.2704 0.4981 0.4358 0.1532 0.1408 0.2069 0.3893 0.5053 0.2583 0.1351 0.1672 0.2899 0.5119 0.4074 0.1457 0.1447 0.2221 0.4237 0.4907 0.2072 0.1353 0.1784 0.3201 0.5178 0.3855 0.1763 0.3855 0.5178 0.3201 0.1784 0.1353 0.2072 0.4907 0.4237 0.2221 0.1447 0.1457 0.4074 0.5119 0.2899 0.1672 0.1351 0.2583 0.5053 0.3893 0.2069 0.1408 0.1532 0.4358 0.4981 0.2704 0.1605 0.1359 0.2969 0.5125 0.3650 0.1967 0.1384 0.1621 0.4555 0.4801 0.2549 0.1552 0.1375 0.3314 0.5167 0.3427 0.1876 0.1366 0.1762 0.4724 0.4579 0.2407 0.1506 0.1398 0.3650
