0.1472 0.2071 0.3885 0.5037 0.2489 0.1393 0.1734 0.3025 0.5155 0.3836 0.1458 0.1521 0.2388 0.4544 0.4713 0.1757 0.1411 0.1943 0.3571 0.5130 0.2982 0.1401 0.1648 0.2782 0.5048 0.4194 0.1517 0.1472 0.2216 0.4205 0.4905 0.2064 0.1396 0.1827 0.3273 0.5173 0.3453 0.1423 0.1576 0.2565 0.4824 0.4491 0.1610 0.1435 0.2065 0.3866 0.5046 0.2541 0.1392 0.1660 0.2224 0.1660 0.1392 0.2541 0.5046 0.3866 0.2065 0.1435 0.1610 0.4491 0.4824 0.2565 0.1576 0.1423 0.3453 0.5173 0.3273 0.1827 0.1396 0.2064 0.4905 0.4205 0.2216 0.1472 0.1517 0.4194 0.5048 0.2782 0.1648 0.1401 0.2982 0.5130 0.3571 0.1943 0.1411 0.1757 0.4713 0.4544 0.2388 0.1521 0.1458 0.3836 0.5155 0.3025 0.1734 0.1393 0.2489 0.5037 0.3885 0.2071 0.1472
0.2071 0.3888 0.5046 0.2507 0.1350 0.1703 0.3004 0.5160 0.3862 0.1419 0.1485 0.2362 0.4534 0.4729 0.1742 0.1370 0.1913 0.3553 0.5140 0.3012 0.1359 0.1615 0.2759 0.5049 0.4216 0.1481 0.1435 0.2189 0.4193 0.4918 0.2075 0.1354 0.1796 0.3253 0.5180 0.3482 0.1382 0.1542 0.2540 0.4819 0.4509 0.1581 0.1396 0.2036 0.3851 0.5056 0.2553 0.1350 0.1679 0.2813 0.4243 0.2813 0.1679 0.1350 0.2553 0.5056 0.3851 0.2036 0.1396 0.1581 0.4509 0.4819 0.2540 0.1542 0.1382 0.3482 0.5180 0.3253 0.1796 0.1354 0.2075 0.4918 0.4193 0.2189 0.1435 0.1481 0.4216 0.5049 0.2759 0.1615 0.1359 0.3012 0.5140 0.3553 0.1913 0.1370 0.1742 0.4729 0.4534 0.2362 0.1485 0.1419 0.3862 0.5160 0.3004 0.1703 0.1350 0.2507 0.5046 0.3888 0.2071
0.3885 0.5046 0.2527 0.1350 0.1695 0.2979 0.5154 0.3902 0.1424 0.1479 0.2342 0.4498 0.4752 0.1769 0.1368 0.1900 0.3519 0.5146 0.3066 0.1361 0.1607 0.2734 0.5029 0.4251 0.1490 0.1430 0.2171 0.4155 0.4935 0.2122 0.1353 0.1784 0.3222 0.5181 0.3531 0.1386 0.1534 0.2518 0.4788 0.4538 0.1596 0.1393 0.2021 0.3815 0.5068 0.2605 0.1350 0.1681 0.2915 0.5065 0.4903 0.5065 0.2915 0.1681 0.1350 0.2605 0.5068 0.3815 0.2021 0.1393 0.1596 0.4538 0.4788 0.2518 0.1534 0.1386 0.3531 0.5181 0.3222 0.1784 0.1353 0.2122 0.4935 0.4155 0.2171 0.1430 0.1490 0.4251 0.5029 0.2734 0.1607 0.1361 0.3066 0.5146 0.3519 0.1900 0.1368 0.1769 0.4752 0.4498 0.2342 0.1479 0.1424 0.3902 0.5154 0.2979 0.1695 0.1350 0.2527 0.5046 0.3885
0.5037 0.2507 0.1350 0.1692 0.2964 0.5148 0.3934 0.1429 0.1474 0.2324 0.4463 0.4774 0.1797 0.1366 0.1886 0.3485 0.5153 0.3119 0.1363 0.1598 0.2709 0.5008 0.4285 0.1499 0.1426 0.2154 0.4117 0.4952 0.2171 0.1352 0.1773 0.3192 0.5181 0.3578 0.1390 0.1527 0.2496 0.4756 0.4566 0.1611 0.1389 0.2006 0.3778 0.5080 0.2660 0.1351 0.1674 0.2918 0.5121 0.4209 0.2118 0.4209 0.5121 0.2918 0.1674 0.1351 0.2660 0.5080 0.3778 0.2006 0.1389 0.1611 0.4566 0.4756 0.2496 0.1527 0.1390 0.3578 0.5181 0.3192 0.1773 0.1352 0.2171 0.4952 0.4117 0.2154 0.1426 0.1499 0.4285 0.5008 0.2709 0.1598 0.1363 0.3119 0.5153 0.3485 0.1886 0.1366 0.1797 0.4774 0.4463 0.2324 0.1474 0.1429 0.3934 0.5148 0.2964 0.1692 0.1350 0.2507 0.5037
0.2489 0.1350 0.1695 0.2964 0.5146 0.3953 0.1433 0.1470 0.2307 0.4431 0.4794 0.1826 0.1364 0.1873 0.3453 0.5159 0.3172 0.1365 0.1590 0.2684 0.4986 0.4318 0.1509 0.1421 0.2136 0.4079 0.4969 0.2221 0.1351 0.1761 0.3161 0.5180 0.3624 0.1394 0.1520 0.2474 0.4723 0.4593 0.1628 0.1386 0.1991 0.3742 0.5091 0.2716 0.1352 0.1665 0.2898 0.5124 0.4070 0.1484 0.1342 0.1484 0.4070 0.5124 0.2898 0.1665 0.1352 0.2716 0.5091 0.3742 0.1991 0.1386 0.1628 0.4593 0.4723 0.2474 0.1520 0.1394 0.3624 0.5180 0.3161 0.1761 0.1351 0.2221 0.4969 0.4079 0.2136 0.1421 0.1509 0.4318 0.4986 0.2684 0.1590 0.1365 0.3172 0.5159 0.3453 0.1873 0.1364 0.1826 0.4794 0.4431 0.2307 0.1470 0.1433 0.3953 0.5146 0.2964 0.1695 0.1350 0.2489
0.1393 0.1703 0.2979 0.5148 0.3953 0.1435 0.1467 0.2297 0.4405 0.4810 0.1854 0.1362 0.1862 0.3422 0.5164 0.3223 0.1367 0.1581 0.2660 0.4962 0.4351 0.1519 0.1417 0.2119 0.4042 0.4984 0.2272 0.1350 0.1750 0.3131 0.5178 0.3670 0.1398 0.1513 0.2453 0.4690 0.4620 0.1646 0.1383 0.1976 0.3707 0.5101 0.2771 0.1353 0.1656 0.2873 0.5115 0.4066 0.1457 0.1420 0.1745 0.1420 0.1457 0.4066 0.5115 0.2873 0.1656 0.1353 0.2771 0.5101 0.3707 0.1976 0.1383 0.1646 0.4620 0.4690 0.2453 0.1513 0.1398 0.3670 0.5178 0.3131 0.1750 0.1350 0.2272 0.4984 0.4042 0.2119 0.1417 0.1519 0.4351 0.4962 0.2660 0.1581 0.1367 0.3223 0.5164 0.3422 0.1862 0.1362 0.1854 0.4810 0.4405 0.2297 0.1467 0.1435 0.3953 0.5148 0.2979 0.1703 0.1393
0.1734 0.3004 0.5154 0.3934 0.1433 0.1467 0.2293 0.4392 0.4821 0.1877 0.1360 0.1852 0.3395 0.5168 0.3269 0.1369 0.1574 0.2637 0.4937 0.4383 0.1530 0.1413 0.2103 0.4005 0.4999 0.2325 0.1350 0.1739 0.3102 0.5176 0.3715 0.1402 0.1507 0.2432 0.4655 0.4646 0.1665 0.1380 0.1961 0.3671 0.5111 0.2826 0.1354 0.1646 0.2846 0.5103 0.4094 0.1457 0.1443 0.2133 0.3128 0.2133 0.1443 0.1457 0.4094 0.5103 0.2846 0.1646 0.1354 0.2826 0.5111 0.3671 0.1961 0.1380 0.1665 0.4646 0.4655 0.2432 0.1507 0.1402 0.3715 0.5176 0.3102 0.1739 0.1350 0.2325 0.4999 0.4005 0.2103 0.1413 0.1530 0.4383 0.4937 0.2637 0.1574 0.1369 0.3269 0.5168 0.3395 0.1852 0.1360 0.1877 0.4821 0.4392 0.2293 0.1467 0.1433 0.3934 0.5154 0.3004 0.1734
0.3025 0.5160 0.3902 0.1429 0.1470 0.2297 0.4392 0.4825 0.1889 0.1360 0.1844 0.3371 0.5171 0.3311 0.1372 0.1567 0.2615 0.4912 0.4414 0.1541 0.1408 0.2086 0.3967 0.5014 0.2378 0.1350 0.1728 0.3072 0.5172 0.3759 0.1407 0.1500 0.2411 0.4620 0.4671 0.1685 0.1377 0.1947 0.3636 0.5120 0.2881 0.1355 0.1637 0.2820 0.5089 0.4129 0.1463 0.1445 0.2205 0.4050 0.5167 0.4050 0.2205 0.1445 0.1463 0.4129 0.5089 0.2820 0.1637 0.1355 0.2881 0.5120 0.3636 0.1947 0.1377 0.1685 0.4671 0.4620 0.2411 0.1500 0.1407 0.3759 0.5172 0.3072 0.1728 0.1350 0.2378 0.5014 0.3967 0.2086 0.1408 0.1541 0.4414 0.4912 0.2615 0.1567 0.1372 0.3311 0.5171 0.3371 0.1844 0.1360 0.1889 0.4825 0.4392 0.2297 0.1470 0.1429 0.3902 0.5160 0.3025
0.5155 0.3862 0.1424 0.1474 0.2307 0.4405 0.4821 0.1889 0.1359 0.1840 0.3356 0.5173 0.3346 0.1374 0.1560 0.2595 0.4888 0.4442 0.1552 0.1405 0.2071 0.3930 0.5028 0.2432 0.1350 0.1717 0.3044 0.5168 0.3803 0.1412 0.1494 0.2390 0.4585 0.4696 0.1708 0.1374 0.1933 0.3601 0.5128 0.2936 0.1356 0.1628 0.2794 0.5073 0.4166 0.1470 0.1442 0.2208 0.4191 0.4989 0.3755 0.4989 0.4191 0.2208 0.1442 0.1470 0.4166 0.5073 0.2794 0.1628 0.1356 0.2936 0.5128 0.3601 0.1933 0.1374 0.1708 0.4696 0.4585 0.2390 0.1494 0.1412 0.3803 0.5168 0.3044 0.1717 0.1350 0.2432 0.5028 0.3930 0.2071 0.1405 0.1552 0.4442 0.4888 0.2595 0.1560 0.1374 0.3346 0.5173 0.3356 0.1840 0.1359 0.1889 0.4821 0.4405 0.2307 0.1474 0.1424 0.3862 0.5155
0.3836 0.1419 0.1479 0.2324 0.4431 0.4810 0.1877 0.1360 0.1840 0.3351 0.5174 0.3368 0.1376 0.1555 0.2579 0.4866 0.4466 0.1563 0.1401 0.2056 0.3895 0.5041 0.2486 0.1350 0.1707 0.3015 0.5162 0.3846 0.1417 0.1488 0.2370 0.4549 0.4720 0.1732 0.1371 0.1919 0.3567 0.5136 0.2991 0.1358 0.1619 0.2769 0.5056 0.4202 0.1478 0.1437 0.2195 0.4196 0.4935 0.2368 0.1396 0.2368 0.4935 0.4196 0.2195 0.1437 0.1478 0.4202 0.5056 0.2769 0.1619 0.1358 0.2991 0.5136 0.3567 0.1919 0.1371 0.1732 0.4720 0.4549 0.2370 0.1488 0.1417 0.3846 0.5162 0.3015 0.1707 0.1350 0.2486 0.5041 0.3895 0.2056 0.1401 0.1563 0.4466 0.4866 0.2579 0.1555 0.1376 0.3368 0.5174 0.3351 0.1840 0.1360 0.1877 0.4810 0.4431 0.2324 0.1479 0.1419 0.3836
0.1458 0.1485 0.2342 0.4463 0.4794 0.1854 0.1360 0.1844 0.3356 0.5174 0.3376 0.1377 0.1552 0.2566 0.4848 0.4487 0.1573 0.1398 0.2043 0.3863 0.5053 0.2538 0.1350 0.1697 0.2987 0.5156 0.3888 0.1422 0.1481 0.2350 0.4512 0.4743 0.1758 0.1369 0.1905 0.3533 0.5144 0.3045 0.1360 0.1610 0.2744 0.5037 0.4237 0.1487 0.1432 0.2178 0.4168 0.4934 0.2171 0.1344 0.1474 0.1344 0.2171 0.4934 0.4168 0.2178 0.1432 0.1487 0.4237 0.5037 0.2744 0.1610 0.1360 0.3045 0.5144 0.3533 0.1905 0.1369 0.1758 0.4743 0.4512 0.2350 0.1481 0.1422 0.3888 0.5156 0.2987 0.1697 0.1350 0.2538 0.5053 0.3863 0.2043 0.1398 0.1573 0.4487 0.4848 0.2566 0.1552 0.1377 0.3376 0.5174 0.3356 0.1844 0.1360 0.1854 0.4794 0.4463 0.2342 0.1485 0.1458
0.1521 0.2362 0.4498 0.4774 0.1826 0.1362 0.1852 0.3371 0.5173 0.3368 0.1377 0.1551 0.2560 0.4835 0.4502 0.1581 0.1396 0.2031 0.3834 0.5063 0.2585 0.1350 0.1687 0.2960 0.5148 0.3929 0.1428 0.1476 0.2330 0.4476 0.4766 0.1786 0.1366 0.1892 0.3499 0.5150 0.3098 0.1362 0.1601 0.2719 0.5017 0.4271 0.1495 0.1428 0.2160 0.4132 0.4946 0.2166 0.1350 0.1701 0.2336 0.1701 0.1350 0.2166 0.4946 0.4132 0.2160 0.1428 0.1495 0.4271 0.5017 0.2719 0.1601 0.1362 0.3098 0.5150 0.3499 0.1892 0.1366 0.1786 0.4766 0.4476 0.2330 0.1476 0.1428 0.3929 0.5148 0.2960 0.1687 0.1350 0.2585 0.5063 0.3834 0.2031 0.1396 0.1581 0.4502 0.4835 0.2560 0.1551 0.1377 0.3368 0.5173 0.3371 0.1852 0.1362 0.1826 0.4774 0.4498 0.2362 0.1521
0.2388 0.4534 0.4752 0.1797 0.1364 0.1862 0.3395 0.5171 0.3346 0.1376 0.1552 0.2560 0.4831 0.4511 0.1587 0.1394 0.2022 0.3810 0.5071 0.2628 0.1351 0.1679 0.2936 0.5141 0.3967 0.1434 0.1470 0.2310 0.4439 0.4788 0.1817 0.1364 0.1878 0.3465 0.5157 0.3151 0.1364 0.1593 0.2694 0.4995 0.4305 0.1505 0.1423 0.2143 0.4095 0.4962 0.2203 0.1351 0.1748 0.2991 0.4485 0.2991 0.1748 0.1351 0.2203 0.4962 0.4095 0.2143 0.1423 0.1505 0.4305 0.4995 0.2694 0.1593 0.1364 0.3151 0.5157 0.3465 0.1878 0.1364 0.1817 0.4788 0.4439 0.2310 0.1470 0.1434 0.3967 0.5141 0.2936 0.1679 0.1351 0.2628 0.5071 0.3810 0.2022 0.1394 0.1587 0.4511 0.4831 0.2560 0.1552 0.1376 0.3346 0.5171 0.3395 0.1862 0.1364 0.1797 0.4752 0.4534 0.2388
0.4544 0.4729 0.1769 0.1366 0.1873 0.3422 0.5168 0.3311 0.1374 0.1555 0.2566 0.4835 0.4511 0.1589 0.1393 0.2016 0.3793 0.5078 0.2663 0.1351 0.1672 0.2914 0.5133 0.4001 0.1440 0.1464 0.2292 0.4403 0.4810 0.1850 0.1362 0.1865 0.3432 0.5162 0.3203 0.1366 0.1585 0.2670 0.4972 0.4338 0.1515 0.1419 0.2126 0.4057 0.4978 0.2252 0.1351 0.1751 0.3100 0.5144 0.4775 0.5144 0.3100 0.1751 0.1351 0.2252 0.4978 0.4057 0.2126 0.1419 0.1515 0.4338 0.4972 0.2670 0.1585 0.1366 0.3203 0.5162 0.3432 0.1865 0.1362 0.1850 0.4810 0.4403 0.2292 0.1464 0.1440 0.4001 0.5133 0.2914 0.1672 0.1351 0.2663 0.5078 0.3793 0.2016 0.1393 0.1589 0.4511 0.4835 0.2566 0.1555 0.1374 0.3311 0.5168 0.3422 0.1873 0.1366 0.1769 0.4729 0.4544
0.4713 0.1742 0.1368 0.1886 0.3453 0.5164 0.3269 0.1372 0.1560 0.2579 0.4848 0.4502 0.1587 0.1393 0.2014 0.3784 0.5082 0.2688 0.1352 0.1666 0.2896 0.5124 0.4031 0.1445 0.1460 0.2274 0.4368 0.4829 0.1884 0.1360 0.1852 0.3399 0.5167 0.3255 0.1369 0.1577 0.2646 0.4947 0.4371 0.1525 0.1414 0.2109 0.4019 0.4993 0.2304 0.1350 0.1743 0.3104 0.5170 0.3963 0.1842 0.3963 0.5170 0.3104 0.1743 0.1350 0.2304 0.4993 0.4019 0.2109 0.1414 0.1525 0.4371 0.4947 0.2646 0.1577 0.1369 0.3255 0.5167 0.3399 0.1852 0.1360 0.1884 0.4829 0.4368 0.2274 0.1460 0.1445 0.4031 0.5124 0.2896 0.1666 0.1352 0.2688 0.5082 0.3784 0.2014 0.1393 0.1587 0.4502 0.4848 0.2579 0.1560 0.1372 0.3269 0.5164 0.3453 0.1886 0.1368 0.1742 0.4713
0.1757 0.1370 0.1900 0.3485 0.5159 0.3223 0.1369 0.1567 0.2595 0.4866 0.4487 0.1581 0.1394 0.2016 0.3784 0.5083 0.2702 0.1352 0.1661 0.2882 0.5117 0.4057 0.1450 0.1456 0.2259 0.4336 0.4847 0.1918 0.1359 0.1840 0.3367 0.5171 0.3306 0.1371 0.1569 0.2622 0.4921 0.4402 0.1536 0.1410 0.2093 0.3982 0.5008 0.2356 0.1350 0.1732 0.3083 0.5172 0.3804 0.1434 0.1351 0.1434 0.3804 0.5172 0.3083 0.1732 0.1350 0.2356 0.5008 0.3982 0.2093 0.1410 0.1536 0.4402 0.4921 0.2622 0.1569 0.1371 0.3306 0.5171 0.3367 0.1840 0.1359 0.1918 0.4847 0.4336 0.2259 0.1456 0.1450 0.4057 0.5117 0.2882 0.1661 0.1352 0.2702 0.5083 0.3784 0.2016 0.1394 0.1581 0.4487 0.4866 0.2595 0.1567 0.1369 0.3223 0.5159 0.3485 0.1900 0.1370 0.1757
0.1411 0.1913 0.3519 0.5153 0.3172 0.1367 0.1574 0.2615 0.4888 0.4466 0.1573 0.1396 0.2022 0.3793 0.5082 0.2702 0.1352 0.1659 0.2873 0.5112 0.4076 0.1454 0.1452 0.2246 0.4308 0.4863 0.1950 0.1357 0.1829 0.3336 0.5174 0.3357 0.1374 0.1561 0.2599 0.4894 0.4433 0.1548 0.1406 0.2077 0.3945 0.5022 0.2410 0.1350 0.1722 0.3055 0.5169 0.3799 0.1416 0.1453 0.1824 0.1453 0.1416 0.3799 0.5169 0.3055 0.1722 0.1350 0.2410 0.5022 0.3945 0.2077 0.1406 0.1548 0.4433 0.4894 0.2599 0.1561 0.1374 0.3357 0.5174 0.3336 0.1829 0.1357 0.1950 0.4863 0.4308 0.2246 0.1452 0.1454 0.4076 0.5112 0.2873 0.1659 0.1352 0.2702 0.5082 0.3793 0.2022 0.1396 0.1573 0.4466 0.4888 0.2615 0.1574 0.1367 0.3172 0.5153 0.3519 0.1913 0.1411
0.1943 0.3553 0.5146 0.3119 0.1365 0.1581 0.2637 0.4912 0.4442 0.1563 0.1398 0.2031 0.3810 0.5078 0.2688 0.1352 0.1659 0.2870 0.5109 0.4089 0.1457 0.1449 0.2236 0.4284 0.4877 0.1981 0.1356 0.1819 0.3309 0.5177 0.3404 0.1377 0.1553 0.2576 0.4866 0.4464 0.1560 0.1402 0.2061 0.3908 0.5036 0.2465 0.1350 0.1711 0.3026 0.5165 0.3831 0.1416 0.1480 0.2250 0.3334 0.2250 0.1480 0.1416 0.3831 0.5165 0.3026 0.1711 0.1350 0.2465 0.5036 0.3908 0.2061 0.1402 0.1560 0.4464 0.4866 0.2576 0.1553 0.1377 0.3404 0.5177 0.3309 0.1819 0.1356 0.1981 0.4877 0.4284 0.2236 0.1449 0.1457 0.4089 0.5109 0.2870 0.1659 0.1352 0.2688 0.5078 0.3810 0.2031 0.1398 0.1563 0.4442 0.4912 0.2637 0.1581 0.1365 0.3119 0.5146 0.3553 0.1943
0.3571 0.5140 0.3066 0.1363 0.1590 0.2660 0.4937 0.4414 0.1552 0.1401 0.2043 0.3834 0.5071 0.2663 0.1352 0.1661 0.2873 0.5109 0.4093 0.1458 0.1448 0.2228 0.4265 0.4888 0.2009 0.1355 0.1810 0.3285 0.5178 0.3446 0.1380 0.1546 0.2554 0.4837 0.4493 0.1574 0.1398 0.2045 0.3871 0.5049 0.2519 0.1350 0.1701 0.2998 0.5159 0.3871 0.1420 0.1482 0.2328 0.4297 0.5166 0.4297 0.2328 0.1482 0.1420 0.3871 0.5159 0.2998 0.1701 0.1350 0.2519 0.5049 0.3871 0.2045 0.1398 0.1574 0.4493 0.4837 0.2554 0.1546 0.1380 0.3446 0.5178 0.3285 0.1810 0.1355 0.2009 0.4888 0.4265 0.2228 0.1448 0.1458 0.4093 0.5109 0.2873 0.1661 0.1352 0.2663 0.5071 0.3834 0.2043 0.1401 0.1552 0.4414 0.4937 0.2660 0.1590 0.1363 0.3066 0.5140 0.3571
0.5130 0.3012 0.1361 0.1598 0.2684 0.4962 0.4383 0.1541 0.1405 0.2056 0.3863 0.5063 0.2628 0.1351 0.1666 0.2882 0.5112 0.4089 0.1458 0.1447 0.2225 0.4253 0.4895 0.2031 0.1354 0.1802 0.3264 0.5180 0.3482 0.1383 0.1540 0.2534 0.4809 0.4520 0.1587 0.1395 0.2029 0.3835 0.5062 0.2575 0.1350 0.1690 0.2970 0.5151 0.3913 0.1426 0.1477 0.2331 0.4437 0.4879 0.3453 0.4879 0.4437 0.2331 0.1477 0.1426 0.3913 0.5151 0.2970 0.1690 0.1350 0.2575 0.5062 0.3835 0.2029 0.1395 0.1587 0.4520 0.4809 0.2534 0.1540 0.1383 0.3482 0.5180 0.3264 0.1802 0.1354 0.2031 0.4895 0.4253 0.2225 0.1447 0.1458 0.4089 0.5112 0.2882 0.1666 0.1351 0.2628 0.5063 0.3863 0.2056 0.1405 0.1541 0.4383 0.4962 0.2684 0.1598 0.1361 0.3012 0.5130
0.2982 0.1359 0.1607 0.2709 0.4986 0.4351 0.1530 0.1408 0.2071 0.3895 0.5053 0.2585 0.1351 0.1672 0.2896 0.5117 0.4076 0.1457 0.1448 0.2225 0.4250 0.4899 0.2044 0.1354 0.1796 0.3246 0.5180 0.3513 0.1385 0.1535 0.2517 0.4784 0.4545 0.1601 0.1391 0.2014 0.3798 0.5073 0.2630 0.1351 0.1680 0.2942 0.5143 0.3953 0.1432 0.1472 0.2317 0.4442 0.4809 0.2040 0.1369 0.2040 0.4809 0.4442 0.2317 0.1472 0.1432 0.3953 0.5143 0.2942 0.1680 0.1351 0.2630 0.5073 0.3798 0.2014 0.1391 0.1601 0.4545 0.4784 0.2517 0.1535 0.1385 0.3513 0.5180 0.3246 0.1796 0.1354 0.2044 0.4899 0.4250 0.2225 0.1448 0.1457 0.4076 0.5117 0.2896 0.1672 0.1351 0.2585 0.5053 0.3895 0.2071 0.1408 0.1530 0.4351 0.4986 0.2709 0.1607 0.1359 0.2982
0.1401 0.1615 0.2734 0.5008 0.4318 0.1519 0.1413 0.2086 0.3930 0.5041 0.2538 0.1350 0.1679 0.2914 0.5124 0.4057 0.1454 0.1449 0.2228 0.4253 0.4899 0.2049 0.1354 0.1793 0.3234 0.5181 0.3540 0.1387 0.1530 0.2501 0.4760 0.4566 0.1613 0.1389 0.2001 0.3764 0.5084 0.2685 0.1351 0.1670 0.2915 0.5133 0.3993 0.1438 0.1466 0.2298 0.4414 0.4808 0.1885 0.1348 0.1517 0.1348 0.1885 0.4808 0.4414 0.2298 0.1466 0.1438 0.3993 0.5133 0.2915 0.1670 0.1351 0.2685 0.5084 0.3764 0.2001 0.1389 0.1613 0.4566 0.4760 0.2501 0.1530 0.1387 0.3540 0.5181 0.3234 0.1793 0.1354 0.2049 0.4899 0.4253 0.2228 0.1449 0.1454 0.4057 0.5124 0.2914 0.1679 0.1350 0.2538 0.5041 0.3930 0.2086 0.1413 0.1519 0.4318 0.5008 0.2734 0.1615 0.1401
0.1648 0.2759 0.5029 0.4285 0.1509 0.1417 0.2103 0.3967 0.5028 0.2486 0.1350 0.1687 0.2936 0.5133 0.4031 0.1450 0.1452 0.2236 0.4265 0.4895 0.2044 0.1354 0.1791 0.3227 0.5181 0.3559 0.1389 0.1526 0.2488 0.4738 0.4585 0.1625 0.1386 0.1989 0.3734 0.5094 0.2737 0.1352 0.1661 0.2888 0.5123 0.4033 0.1444 0.1461 0.2279 0.4379 0.4823 0.1881 0.1357 0.1773 0.2474 0.1773 0.1357 0.1881 0.4823 0.4379 0.2279 0.1461 0.1444 0.4033 0.5123 0.2888 0.1661 0.1352 0.2737 0.5094 0.3734 0.1989 0.1386 0.1625 0.4585 0.4738 0.2488 0.1526 0.1389 0.3559 0.5181 0.3227 0.1791 0.1354 0.2044 0.4895 0.4265 0.2236 0.1452 0.1450 0.4031 0.5133 0.2936 0.1687 0.1350 0.2486 0.5028 0.3967 0.2103 0.1417 0.1509 0.4285 0.5029 0.2759 0.1648
0.2782 0.5049 0.4251 0.1499 0.1421 0.2119 0.4005 0.5014 0.2432 0.1350 0.1697 0.2960 0.5141 0.4001 0.1445 0.1456 0.2246 0.4284 0.4888 0.2031 0.1354 0.1793 0.3227 0.5181 0.3568 0.1390 0.1523 0.2478 0.4720 0.4601 0.1636 0.1384 0.1978 0.3707 0.5102 0.2785 0.1353 0.1652 0.2863 0.5111 0.4071 0.1451 0.1455 0.2261 0.4342 0.4843 0.1909 0.1358 0.1825 0.3184 0.4716 0.3184 0.1825 0.1358 0.1909 0.4843 0.4342 0.2261 0.1455 0.1451 0.4071 0.5111 0.2863 0.1652 0.1353 0.2785 0.5102 0.3707 0.1978 0.1384 0.1636 0.4601 0.4720 0.2478 0.1523 0.1390 0.3568 0.5181 0.3227 0.1793 0.1354 0.2031 0.4888 0.4284 0.2246 0.1456 0.1445 0.4001 0.5141 0.2960 0.1697 0.1350 0.2432 0.5014 0.4005 0.2119 0.1421 0.1499 0.4251 0.5049 0.2782
0.5048 0.4216 0.1490 0.1426 0.2136 0.4042 0.4999 0.2378 0.1350 0.1707 0.2987 0.5148 0.3967 0.1440 0.1460 0.2259 0.4308 0.4877 0.2009 0.1354 0.1796 0.3234 0.5181 0.3568 0.1391 0.1522 0.2471 0.4707 0.4614 0.1646 0.1382 0.1969 0.3684 0.5109 0.2826 0.1354 0.1644 0.2839 0.5099 0.4107 0.1458 0.1450 0.2242 0.4304 0.4863 0.1947 0.1357 0.1828 0.3301 0.5173 0.4620 0.5173 0.3301 0.1828 0.1357 0.1947 0.4863 0.4304 0.2242 0.1450 0.1458 0.4107 0.5099 0.2839 0.1644 0.1354 0.2826 0.5109 0.3684 0.1969 0.1382 0.1646 0.4614 0.4707 0.2471 0.1522 0.1391 0.3568 0.5181 0.3234 0.1796 0.1354 0.2009 0.4877 0.4308 0.2259 0.1460 0.1440 0.3967 0.5148 0.2987 0.1707 0.1350 0.2378 0.4999 0.4042 0.2136 0.1426 0.1490 0.4216 0.5048
0.4194 0.1481 0.1430 0.2154 0.4079 0.4984 0.2325 0.1350 0.1717 0.3015 0.5156 0.3929 0.1434 0.1464 0.2274 0.4336 0.4863 0.1981 0.1355 0.1802 0.3246 0.5181 0.3559 0.1390 0.1522 0.2469 0.4700 0.4622 0.1654 0.1381 0.1961 0.3664 0.5115 0.2862 0.1355 0.1637 0.2819 0.5087 0.4138 0.1465 0.1445 0.2224 0.4266 0.4882 0.1988 0.1356 0.1819 0.3305 0.5177 0.3683 0.1661 0.3683 0.5177 0.3305 0.1819 0.1356 0.1988 0.4882 0.4266 0.2224 0.1445 0.1465 0.4138 0.5087 0.2819 0.1637 0.1355 0.2862 0.5115 0.3664 0.1961 0.1381 0.1654 0.4622 0.4700 0.2469 0.1522 0.1390 0.3559 0.5181 0.3246 0.1802 0.1355 0.1981 0.4863 0.4336 0.2274 0.1464 0.1434 0.3929 0.5156 0.3015 0.1717 0.1350 0.2325 0.4984 0.4079 0.2154 0.1430 0.1481 0.4194
0.1517 0.1435 0.2171 0.4117 0.4969 0.2272 0.1350 0.1728 0.3044 0.5162 0.3888 0.1428 0.1470 0.2292 0.4368 0.4847 0.1950 0.1356 0.1810 0.3264 0.5180 0.3540 0.1389 0.1523 0.2471 0.4700 0.4625 0.1658 0.1380 0.1956 0.3647 0.5119 0.2892 0.1356 0.1631 0.2800 0.5075 0.4166 0.1471 0.1441 0.2208 0.4231 0.4900 0.2031 0.1355 0.1807 0.3281 0.5178 0.3505 0.1398 0.1365 0.1398 0.3505 0.5178 0.3281 0.1807 0.1355 0.2031 0.4900 0.4231 0.2208 0.1441 0.1471 0.4166 0.5075 0.2800 0.1631 0.1356 0.2892 0.5119 0.3647 0.1956 0.1380 0.1658 0.4625 0.4700 0.2471 0.1523 0.1389 0.3540 0.5180 0.3264 0.1810 0.1356 0.1950 0.4847 0.4368 0.2292 0.1470 0.1428 0.3888 0.5162 0.3044 0.1728 0.1350 0.2272 0.4969 0.4117 0.2171 0.1435 0.1517
0.1472 0.2189 0.4155 0.4952 0.2221 0.1350 0.1739 0.3072 0.5168 0.3846 0.1422 0.1476 0.2310 0.4403 0.4829 0.1918 0.1357 0.1819 0.3285 0.5180 0.3513 0.1387 0.1526 0.2478 0.4707 0.4622 0.1658 0.1379 0.1953 0.3637 0.5123 0.2917 0.1356 0.1626 0.2785 0.5064 0.4192 0.1477 0.1437 0.2193 0.4199 0.4917 0.2074 0.1354 0.1796 0.3252 0.5180 0.3500 0.1386 0.1491 0.1910 0.1491 0.1386 0.3500 0.5180 0.3252 0.1796 0.1354 0.2074 0.4917 0.4199 0.2193 0.1437 0.1477 0.4192 0.5064 0.2785 0.1626 0.1356 0.2917 0.5123 0.3637 0.1953 0.1379 0.1658 0.4622 0.4707 0.2478 0.1526 0.1387 0.3513 0.5180 0.3285 0.1819 0.1357 0.1918 0.4829 0.4403 0.2310 0.1476 0.1422 0.3846 0.5168 0.3072 0.1739 0.1350 0.2221 0.4952 0.4155 0.2189 0.1472
0.2216 0.4193 0.4935 0.2171 0.1351 0.1750 0.3102 0.5172 0.3803 0.1417 0.1481 0.2330 0.4439 0.4810 0.1884 0.1359 0.1829 0.3309 0.5178 0.3482 0.1385 0.1530 0.2488 0.4720 0.4614 0.1654 0.1380 0.1953 0.3633 0.5125 0.2933 0.1357 0.1622 0.2772 0.5054 0.4213 0.1482 0.1434 0.2181 0.4170 0.4931 0.2114 0.1353 0.1784 0.3222 0.5181 0.3535 0.1387 0.1522 0.2379 0.3554 0.2379 0.1522 0.1387 0.3535 0.5181 0.3222 0.1784 0.1353 0.2114 0.4931 0.4170 0.2181 0.1434 0.1482 0.4213 0.5054 0.2772 0.1622 0.1357 0.2933 0.5125 0.3633 0.1953 0.1380 0.1654 0.4614 0.4720 0.2488 0.1530 0.1385 0.3482 0.5178 0.3309 0.1829 0.1359 0.1884 0.4810 0.4439 0.2330 0.1481 0.1417 0.3803 0.5172 0.3102 0.1750 0.1351 0.2171 0.4935 0.4193 0.2216
0.4205 0.4918 0.2122 0.1352 0.1761 0.3131 0.5176 0.3759 0.1412 0.1488 0.2350 0.4476 0.4788 0.1850 0.1360 0.1840 0.3336 0.5177 0.3446 0.1383 0.1535 0.2501 0.4738 0.4601 0.1646 0.1381 0.1956 0.3637 0.5125 0.2938 0.1357 0.1620 0.2763 0.5046 0.4231 0.1487 0.1431 0.2170 0.4146 0.4943 0.2151 0.1352 0.1775 0.3194 0.5181 0.3578 0.1390 0.1524 0.2463 0.4539 0.5134 0.4539 0.2463 0.1524 0.1390 0.3578 0.5181 0.3194 0.1775 0.1352 0.2151 0.4943 0.4146 0.2170 0.1431 0.1487 0.4231 0.5046 0.2763 0.1620 0.1357 0.2938 0.5125 0.3637 0.1956 0.1381 0.1646 0.4601 0.4738 0.2501 0.1535 0.1383 0.3446 0.5177 0.3336 0.1840 0.1360 0.1850 0.4788 0.4476 0.2350 0.1488 0.1412 0.3759 0.5176 0.3131 0.1761 0.1352 0.2122 0.4918 0.4205
0.4905 0.2075 0.1353 0.1773 0.3161 0.5178 0.3715 0.1407 0.1494 0.2370 0.4512 0.4766 0.1817 0.1362 0.1852 0.3367 0.5174 0.3404 0.1380 0.1540 0.2517 0.4760 0.4585 0.1636 0.1382 0.1961 0.3647 0.5123 0.2933 0.1357 0.1619 0.2758 0.5040 0.4244 0.1491 0.1429 0.2161 0.4124 0.4953 0.2183 0.1351 0.1766 0.3170 0.5180 0.3618 0.1393 0.1520 0.2467 0.4672 0.4743 0.3121 0.4743 0.4672 0.2467 0.1520 0.1393 0.3618 0.5180 0.3170 0.1766 0.1351 0.2183 0.4953 0.4124 0.2161 0.1429 0.1491 0.4244 0.5040 0.2758 0.1619 0.1357 0.2933 0.5123 0.3647 0.1961 0.1382 0.1636 0.4585 0.4760 0.2517 0.1540 0.1380 0.3404 0.5174 0.3367 0.1852 0.1362 0.1817 0.4766 0.4512 0.2370 0.1494 0.1407 0.3715 0.5178 0.3161 0.1773 0.1353 0.2075 0.4905
0.2064 0.1354 0.1784 0.3192 0.5180 0.3670 0.1402 0.1500 0.2390 0.4549 0.4743 0.1786 0.1364 0.1865 0.3399 0.5171 0.3357 0.1377 0.1546 0.2534 0.4784 0.4566 0.1625 0.1384 0.1969 0.3664 0.5119 0.2917 0.1357 0.1620 0.2758 0.5038 0.4251 0.1494 0.1427 0.2153 0.4105 0.4961 0.2210 0.1351 0.1759 0.3149 0.5179 0.3655 0.1397 0.1514 0.2453 0.4679 0.4657 0.1790 0.1352 0.1790 0.4657 0.4679 0.2453 0.1514 0.1397 0.3655 0.5179 0.3149 0.1759 0.1351 0.2210 0.4961 0.4105 0.2153 0.1427 0.1494 0.4251 0.5038 0.2758 0.1620 0.1357 0.2917 0.5119 0.3664 0.1969 0.1384 0.1625 0.4566 0.4784 0.2534 0.1546 0.1377 0.3357 0.5171 0.3399 0.1865 0.1364 0.1786 0.4743 0.4549 0.2390 0.1500 0.1402 0.3670 0.5180 0.3192 0.1784 0.1354 0.2064
0.1396 0.1796 0.3222 0.5181 0.3624 0.1398 0.1507 0.2411 0.4585 0.4720 0.1758 0.1366 0.1878 0.3432 0.5167 0.3306 0.1374 0.1553 0.2554 0.4809 0.4545 0.1613 0.1386 0.1978 0.3684 0.5115 0.2892 0.1356 0.1622 0.2763 0.5040 0.4251 0.1494 0.1426 0.2148 0.4091 0.4968 0.2234 0.1351 0.1752 0.3131 0.5178 0.3687 0.1400 0.1509 0.2437 0.4659 0.4652 0.1693 0.1358 0.1567 0.1358 0.1693 0.4652 0.4659 0.2437 0.1509 0.1400 0.3687 0.5178 0.3131 0.1752 0.1351 0.2234 0.4968 0.4091 0.2148 0.1426 0.1494 0.4251 0.5040 0.2763 0.1622 0.1356 0.2892 0.5115 0.3684 0.1978 0.1386 0.1613 0.4545 0.4809 0.2554 0.1553 0.1374 0.3306 0.5167 0.3432 0.1878 0.1366 0.1758 0.4720 0.4585 0.2411 0.1507 0.1398 0.3624 0.5181 0.3222 0.1796 0.1396
0.1827 0.3253 0.5181 0.3578 0.1394 0.1513 0.2432 0.4620 0.4696 0.1732 0.1369 0.1892 0.3465 0.5162 0.3255 0.1371 0.1561 0.2576 0.4837 0.4520 0.1601 0.1389 0.1989 0.3707 0.5109 0.2862 0.1356 0.1626 0.2772 0.5046 0.4244 0.1494 0.1426 0.2146 0.4084 0.4973 0.2254 0.1350 0.1747 0.3116 0.5176 0.3714 0.1403 0.1505 0.2422 0.4634 0.4665 0.1688 0.1372 0.1856 0.2628 0.1856 0.1372 0.1688 0.4665 0.4634 0.2422 0.1505 0.1403 0.3714 0.5176 0.3116 0.1747 0.1350 0.2254 0.4973 0.4084 0.2146 0.1426 0.1494 0.4244 0.5046 0.2772 0.1626 0.1356 0.2862 0.5109 0.3707 0.1989 0.1389 0.1601 0.4520 0.4837 0.2576 0.1561 0.1371 0.3255 0.5162 0.3465 0.1892 0.1369 0.1732 0.4696 0.4620 0.2432 0.1513 0.1394 0.3578 0.5181 0.3253 0.1827
0.3273 0.5180 0.3531 0.1390 0.1520 0.2453 0.4655 0.4671 0.1708 0.1371 0.1905 0.3499 0.5157 0.3203 0.1369 0.1569 0.2599 0.4866 0.4493 0.1587 0.1391 0.2001 0.3734 0.5102 0.2826 0.1355 0.1631 0.2785 0.5054 0.4231 0.1491 0.1427 0.2148 0.4084 0.4975 0.2264 0.1350 0.1743 0.3104 0.5175 0.3736 0.1405 0.1501 0.2409 0.4611 0.4682 0.1700 0.1374 0.1914 0.3398 0.4919 0.3398 0.1914 0.1374 0.1700 0.4682 0.4611 0.2409 0.1501 0.1405 0.3736 0.5175 0.3104 0.1743 0.1350 0.2264 0.4975 0.4084 0.2148 0.1427 0.1491 0.4231 0.5054 0.2785 0.1631 0.1355 0.2826 0.5102 0.3734 0.2001 0.1391 0.1587 0.4493 0.4866 0.2599 0.1569 0.1369 0.3203 0.5157 0.3499 0.1905 0.1371 0.1708 0.4671 0.4655 0.2453 0.1520 0.1390 0.3531 0.5180 0.3273
0.5173 0.3482 0.1386 0.1527 0.2474 0.4690 0.4646 0.1685 0.1374 0.1919 0.3533 0.5150 0.3151 0.1366 0.1577 0.2622 0.4894 0.4464 0.1574 0.1395 0.2014 0.3764 0.5094 0.2785 0.1354 0.1637 0.2800 0.5064 0.4213 0.1487 0.1429 0.2153 0.4091 0.4973 0.2264 0.1350 0.1741 0.3096 0.5174 0.3754 0.1408 0.1498 0.2397 0.4590 0.4697 0.1714 0.1373 0.1920 0.3528 0.5163 0.4429 0.5163 0.3528 0.1920 0.1373 0.1714 0.4697 0.4590 0.2397 0.1498 0.1408 0.3754 0.5174 0.3096 0.1741 0.1350 0.2264 0.4973 0.4091 0.2153 0.1429 0.1487 0.4213 0.5064 0.2800 0.1637 0.1354 0.2785 0.5094 0.3764 0.2014 0.1395 0.1574 0.4464 0.4894 0.2622 0.1577 0.1366 0.3151 0.5150 0.3533 0.1919 0.1374 0.1685 0.4646 0.4690 0.2474 0.1527 0.1386 0.3482 0.5173
0.3453 0.1382 0.1534 0.2496 0.4723 0.4620 0.1665 0.1377 0.1933 0.3567 0.5144 0.3098 0.1364 0.1585 0.2646 0.4921 0.4433 0.1560 0.1398 0.2029 0.3798 0.5084 0.2737 0.1353 0.1644 0.2819 0.5075 0.4192 0.1482 0.1431 0.2161 0.4105 0.4968 0.2254 0.1350 0.1741 0.3093 0.5173 0.3766 0.1409 0.1495 0.2388 0.4572 0.4710 0.1727 0.1371 0.1915 0.3542 0.5149 0.3350 0.1546 0.3350 0.5149 0.3542 0.1915 0.1371 0.1727 0.4710 0.4572 0.2388 0.1495 0.1409 0.3766 0.5173 0.3093 0.1741 0.1350 0.2254 0.4968 0.4105 0.2161 0.1431 0.1482 0.4192 0.5075 0.2819 0.1644 0.1353 0.2737 0.5084 0.3798 0.2029 0.1398 0.1560 0.4433 0.4921 0.2646 0.1585 0.1364 0.3098 0.5144 0.3567 0.1933 0.1377 0.1665 0.4620 0.4723 0.2496 0.1534 0.1382 0.3453
0.1423 0.1542 0.2518 0.4756 0.4593 0.1646 0.1380 0.1947 0.3601 0.5136 0.3045 0.1362 0.1593 0.2670 0.4947 0.4402 0.1548 0.1402 0.2045 0.3835 0.5073 0.2685 0.1352 0.1652 0.2839 0.5087 0.4166 0.1477 0.1434 0.2170 0.4124 0.4961 0.2234 0.1350 0.1743 0.3096 0.5173 0.3770 0.1410 0.1493 0.2381 0.4557 0.4721 0.1740 0.1370 0.1908 0.3530 0.5147 0.3141 0.1371 0.1388 0.1371 0.3141 0.5147 0.3530 0.1908 0.1370 0.1740 0.4721 0.4557 0.2381 0.1493 0.1410 0.3770 0.5173 0.3096 0.1743 0.1350 0.2234 0.4961 0.4124 0.2170 0.1434 0.1477 0.4166 0.5087 0.2839 0.1652 0.1352 0.2685 0.5073 0.3835 0.2045 0.1402 0.1548 0.4402 0.4947 0.2670 0.1593 0.1362 0.3045 0.5136 0.3601 0.1947 0.1380 0.1646 0.4593 0.4756 0.2518 0.1542 0.1423
0.1576 0.2540 0.4788 0.4566 0.1628 0.1383 0.1961 0.3636 0.5128 0.2991 0.1360 0.1601 0.2694 0.4972 0.4371 0.1536 0.1406 0.2061 0.3871 0.5062 0.2630 0.1351 0.1661 0.2863 0.5099 0.4138 0.1471 0.1437 0.2181 0.4146 0.4953 0.2210 0.1351 0.1747 0.3104 0.5174 0.3766 0.1410 0.1493 0.2377 0.4547 0.4729 0.1750 0.1369 0.1901 0.3515 0.5149 0.3116 0.1364 0.1542 0.2017 0.1542 0.1364 0.3116 0.5149 0.3515 0.1901 0.1369 0.1750 0.4729 0.4547 0.2377 0.1493 0.1410 0.3766 0.5174 0.3104 0.1747 0.1351 0.2210 0.4953 0.4146 0.2181 0.1437 0.1471 0.4138 0.5099 0.2863 0.1661 0.1351 0.2630 0.5062 0.3871 0.2061 0.1406 0.1536 0.4371 0.4972 0.2694 0.1601 0.1360 0.2991 0.5128 0.3636 0.1961 0.1383 0.1628 0.4566 0.4788 0.2540 0.1576
0.2565 0.4819 0.4538 0.1611 0.1386 0.1976 0.3671 0.5120 0.2936 0.1358 0.1610 0.2719 0.4995 0.4338 0.1525 0.1410 0.2077 0.3908 0.5049 0.2575 0.1351 0.1670 0.2888 0.5111 0.4107 0.1465 0.1441 0.2193 0.4170 0.4943 0.2183 0.1351 0.1752 0.3116 0.5175 0.3754 0.1409 0.1493 0.2377 0.4544 0.4734 0.1758 0.1368 0.1896 0.3501 0.5152 0.3129 0.1364 0.1580 0.2542 0.3819 0.2542 0.1580 0.1364 0.3129 0.5152 0.3501 0.1896 0.1368 0.1758 0.4734 0.4544 0.2377 0.1493 0.1409 0.3754 0.5175 0.3116 0.1752 0.1351 0.2183 0.4943 0.4170 0.2193 0.1441 0.1465 0.4107 0.5111 0.2888 0.1670 0.1351 0.2575 0.5049 0.3908 0.2077 0.1410 0.1525 0.4338 0.4995 0.2719 0.1610 0.1358 0.2936 0.5120 0.3671 0.1976 0.1386 0.1611 0.4538 0.4819 0.2565
0.4824 0.4509 0.1596 0.1389 0.1991 0.3707 0.5111 0.2881 0.1356 0.1619 0.2744 0.5017 0.4305 0.1515 0.1414 0.2093 0.3945 0.5036 0.2519 0.1350 0.1680 0.2915 0.5123 0.4071 0.1458 0.1445 0.2208 0.4199 0.4931 0.2151 0.1351 0.1759 0.3131 0.5176 0.3736 0.1408 0.1495 0.2381 0.4547 0.4734 0.1760 0.1368 0.1892 0.3489 0.5154 0.3147 0.1364 0.1586 0.2641 0.4802 0.5063 0.4802 0.2641 0.1586 0.1364 0.3147 0.5154 0.3489 0.1892 0.1368 0.1760 0.4734 0.4547 0.2381 0.1495 0.1408 0.3736 0.5176 0.3131 0.1759 0.1351 0.2151 0.4931 0.4199 0.2208 0.1445 0.1458 0.4071 0.5123 0.2915 0.1680 0.1350 0.2519 0.5036 0.3945 0.2093 0.1414 0.1515 0.4305 0.5017 0.2744 0.1619 0.1356 0.2881 0.5111 0.3707 0.1991 0.1389 0.1596 0.4509 0.4824
0.4491 0.1581 0.1393 0.2006 0.3742 0.5101 0.2826 0.1355 0.1628 0.2769 0.5037 0.4271 0.1505 0.1419 0.2109 0.3982 0.5022 0.2465 0.1350 0.1690 0.2942 0.5133 0.4033 0.1451 0.1450 0.2224 0.4231 0.4917 0.2114 0.1352 0.1766 0.3149 0.5178 0.3714 0.1405 0.1498 0.2388 0.4557 0.4729 0.1758 0.1368 0.1891 0.3482 0.5156 0.3164 0.1365 0.1585 0.2656 0.4923 0.4542 0.2691 0.4542 0.4923 0.2656 0.1585 0.1365 0.3164 0.5156 0.3482 0.1891 0.1368 0.1758 0.4729 0.4557 0.2388 0.1498 0.1405 0.3714 0.5178 0.3149 0.1766 0.1352 0.2114 0.4917 0.4231 0.2224 0.1450 0.1451 0.4033 0.5133 0.2942 0.1690 0.1350 0.2465 0.5022 0.3982 0.2109 0.1419 0.1505 0.4271 0.5037 0.2769 0.1628 0.1355 0.2826 0.5101 0.3742 0.2006 0.1393 0.1581 0.4491
0.1610 0.1396 0.2021 0.3778 0.5091 0.2771 0.1354 0.1637 0.2794 0.5056 0.4237 0.1495 0.1423 0.2126 0.4019 0.5008 0.2410 0.1350 0.1701 0.2970 0.5143 0.3993 0.1444 0.1455 0.2242 0.4266 0.4900 0.2074 0.1353 0.1775 0.3170 0.5179 0.3687 0.1403 0.1501 0.2397 0.4572 0.4721 0.1750 0.1368 0.1892 0.3482 0.5157 0.3174 0.1366 0.1583 0.2654 0.4941 0.4421 0.1607 0.1341 0.1607 0.4421 0.4941 0.2654 0.1583 0.1366 0.3174 0.5157 0.3482 0.1892 0.1368 0.1750 0.4721 0.4572 0.2397 0.1501 0.1403 0.3687 0.5179 0.3170 0.1775 0.1353 0.2074 0.4900 0.4266 0.2242 0.1455 0.1444 0.3993 0.5143 0.2970 0.1701 0.1350 0.2410 0.5008 0.4019 0.2126 0.1423 0.1495 0.4237 0.5056 0.2794 0.1637 0.1354 0.2771 0.5091 0.3778 0.2021 0.1396 0.1610
0.1435 0.2036 0.3815 0.5080 0.2716 0.1353 0.1646 0.2820 0.5073 0.4202 0.1487 0.1428 0.2143 0.4057 0.4993 0.2356 0.1350 0.1711 0.2998 0.5151 0.3953 0.1438 0.1461 0.2261 0.4304 0.4882 0.2031 0.1354 0.1784 0.3194 0.5180 0.3655 0.1400 0.1505 0.2409 0.4590 0.4710 0.1740 0.1369 0.1896 0.3489 0.5156 0.3174 0.1366 0.1581 0.2650 0.4941 0.4398 0.1550 0.1381 0.1640 0.1381 0.1550 0.4398 0.4941 0.2650 0.1581 0.1366 0.3174 0.5156 0.3489 0.1896 0.1369 0.1740 0.4710 0.4590 0.2409 0.1505 0.1400 0.3655 0.5180 0.3194 0.1784 0.1354 0.2031 0.4882 0.4304 0.2261 0.1461 0.1438 0.3953 0.5151 0.2998 0.1711 0.1350 0.2356 0.4993 0.4057 0.2143 0.1428 0.1487 0.4202 0.5073 0.2820 0.1646 0.1353 0.2716 0.5080 0.3815 0.2036 0.1435
0.2065 0.3851 0.5068 0.2660 0.1352 0.1656 0.2846 0.5089 0.4166 0.1478 0.1432 0.2160 0.4095 0.4978 0.2304 0.1350 0.1722 0.3026 0.5159 0.3913 0.1432 0.1466 0.2279 0.4342 0.4863 0.1988 0.1355 0.1796 0.3222 0.5181 0.3618 0.1397 0.1509 0.2422 0.4611 0.4697 0.1727 0.1370 0.1901 0.3501 0.5154 0.3164 0.1366 0.1581 0.2648 0.4938 0.4397 0.1542 0.1401 0.1977 0.2847 0.1977 0.1401 0.1542 0.4397 0.4938 0.2648 0.1581 0.1366 0.3164 0.5154 0.3501 0.1901 0.1370 0.1727 0.4697 0.4611 0.2422 0.1509 0.1397 0.3618 0.5181 0.3222 0.1796 0.1355 0.1988 0.4863 0.4342 0.2279 0.1466 0.1432 0.3913 0.5159 0.3026 0.1722 0.1350 0.2304 0.4978 0.4095 0.2160 0.1432 0.1478 0.4166 0.5089 0.2846 0.1656 0.1352 0.2660 0.5068 0.3851 0.2065
0.3866 0.5056 0.2605 0.1351 0.1665 0.2873 0.5103 0.4129 0.1470 0.1437 0.2178 0.4132 0.4962 0.2252 0.1350 0.1732 0.3055 0.5165 0.3871 0.1426 0.1472 0.2298 0.4379 0.4843 0.1947 0.1356 0.1807 0.3252 0.5181 0.3578 0.1393 0.1514 0.2437 0.4634 0.4682 0.1714 0.1371 0.1908 0.3515 0.5152 0.3147 0.1365 0.1583 0.2650 0.4938 0.4398 0.1541 0.1405 0.2050 0.3707 0.5096 0.3707 0.2050 0.1405 0.1541 0.4398 0.4938 0.2650 0.1583 0.1365 0.3147 0.5152 0.3515 0.1908 0.1371 0.1714 0.4682 0.4634 0.2437 0.1514 0.1393 0.3578 0.5181 0.3252 0.1807 0.1356 0.1947 0.4843 0.4379 0.2298 0.1472 0.1426 0.3871 0.5165 0.3055 0.1732 0.1350 0.2252 0.4962 0.4132 0.2178 0.1437 0.1470 0.4129 0.5103 0.2873 0.1665 0.1351 0.2605 0.5056 0.3866
0.5046 0.2553 0.1350 0.1674 0.2898 0.5115 0.4094 0.1463 0.1442 0.2195 0.4168 0.4946 0.2203 0.1351 0.1743 0.3083 0.5169 0.3831 0.1420 0.1477 0.2317 0.4414 0.4823 0.1909 0.1357 0.1819 0.3281 0.5180 0.3535 0.1390 0.1520 0.2453 0.4659 0.4665 0.1700 0.1373 0.1915 0.3530 0.5149 0.3129 0.1364 0.1585 0.2654 0.4941 0.4397 0.1541 0.1406 0.2065 0.3864 0.5100 0.4125 0.5100 0.3864 0.2065 0.1406 0.1541 0.4397 0.4941 0.2654 0.1585 0.1364 0.3129 0.5149 0.3530 0.1915 0.1373 0.1700 0.4665 0.4659 0.2453 0.1520 0.1390 0.3535 0.5180 0.3281 0.1819 0.1357 0.1909 0.4823 0.4414 0.2317 0.1477 0.1420 0.3831 0.5169 0.3083 0.1743 0.1351 0.2203 0.4946 0.4168 0.2195 0.1442 0.1463 0.4094 0.5115 0.2898 0.1674 0.1350 0.2553 0.5046
0.2541 0.1350 0.1681 0.2918 0.5124 0.4066 0.1457 0.1445 0.2208 0.4196 0.4934 0.2166 0.1351 0.1751 0.3104 0.5172 0.3799 0.1416 0.1482 0.2331 0.4442 0.4808 0.1881 0.1358 0.1828 0.3305 0.5178 0.3500 0.1387 0.1524 0.2467 0.4679 0.4652 0.1688 0.1374 0.1920 0.3542 0.5147 0.3116 0.1364 0.1586 0.2656 0.4941 0.4398 0.1542 0.1405 0.2065 0.3891 0.5059 0.2857 0.1453 0.2857 0.5059 0.3891 0.2065 0.1405 0.1542 0.4398 0.4941 0.2656 0.1586 0.1364 0.3116 0.5147 0.3542 0.1920 0.1374 0.1688 0.4652 0.4679 0.2467 0.1524 0.1387 0.3500 0.5178 0.3305 0.1828 0.1358 0.1881 0.4808 0.4442 0.2331 0.1482 0.1416 0.3799 0.5172 0.3104 0.1751 0.1351 0.2166 0.4934 0.4196 0.2208 0.1445 0.1457 0.4066 0.5124 0.2918 0.1681 0.1350 0.2541
0.1392 0.1679 0.2915 0.5121 0.4070 0.1457 0.1443 0.2205 0.4191 0.4935 0.2171 0.1350 0.1748 0.3100 0.5170 0.3804 0.1416 0.1480 0.2328 0.4437 0.4809 0.1885 0.1357 0.1825 0.3301 0.5177 0.3505 0.1386 0.1522 0.2463 0.4672 0.4657 0.1693 0.1372 0.1914 0.3528 0.5149 0.3141 0.1364 0.1580 0.2641 0.4923 0.4421 0.1550 0.1401 0.2050 0.3864 0.5059 0.2659 0.1350 0.1421 0.1350 0.2659 0.5059 0.3864 0.2050 0.1401 0.1550 0.4421 0.4923 0.2641 0.1580 0.1364 0.3141 0.5149 0.3528 0.1914 0.1372 0.1693 0.4657 0.4672 0.2463 0.1522 0.1386 0.3505 0.5177 0.3301 0.1825 0.1357 0.1885 0.4809 0.4437 0.2328 0.1480 0.1416 0.3804 0.5170 0.3100 0.1748 0.1350 0.2171 0.4935 0.4191 0.2205 0.1443 0.1457 0.4070 0.5121 0.2915 0.1679 0.1392
0.1660 0.2813 0.5065 0.4209 0.1484 0.1420 0.2133 0.4050 0.4989 0.2368 0.1344 0.1701 0.2991 0.5144 0.3963 0.1434 0.1453 0.2250 0.4297 0.4879 0.2040 0.1348 0.1773 0.3184 0.5173 0.3683 0.1398 0.1491 0.2379 0.4539 0.4743 0.1790 0.1358 0.1856 0.3398 0.5163 0.3350 0.1371 0.1542 0.2542 0.4802 0.4542 0.1607 0.1381 0.1977 0.3707 0.5100 0.2857 0.1350 0.1567 0.2075 0.1567 0.1350 0.2857 0.5100 0.3707 0.1977 0.1381 0.1607 0.4542 0.4802 0.2542 0.1542 0.1371 0.3350 0.5163 0.3398 0.1856 0.1358 0.1790 0.4743 0.4539 0.2379 0.1491 0.1398 0.3683 0.5173 0.3184 0.1773 0.1348 0.2040 0.4879 0.4297 0.2250 0.1453 0.1434 0.3963 0.5144 0.2991 0.1701 0.1344 0.2368 0.4989 0.4050 0.2133 0.1420 0.1484 0.4209 0.5065 0.2813 0.1660
0.2224 0.4243 0.4903 0.2118 0.1342 0.1745 0.3128 0.5167 0.3755 0.1396 0.1474 0.2336 0.4485 0.4775 0.1842 0.1351 0.1824 0.3334 0.5166 0.3453 0.1369 0.1517 0.2474 0.4716 0.4620 0.1661 0.1365 0.1910 0.3554 0.5134 0.3121 0.1352 0.1567 0.2628 0.4919 0.4429 0.1546 0.1388 0.2017 0.3819 0.5063 0.2691 0.1341 0.1640 0.2847 0.5096 0.4125 0.1453 0.1421 0.2075 0.3032 0.2075 0.1421 0.1453 0.4125 0.5096 0.2847 0.1640 0.1341 0.2691 0.5063 0.3819 0.2017 0.1388 0.1546 0.4429 0.4919 0.2628 0.1567 0.1352 0.3121 0.5134 0.3554 0.1910 0.1365 0.1661 0.4620 0.4716 0.2474 0.1517 0.1369 0.3453 0.5166 0.3334 0.1824 0.1351 0.1842 0.4775 0.4485 0.2336 0.1474 0.1396 0.3755 0.5167 0.3128 0.1745 0.1342 0.2118 0.4903 0.4243 0.2224
0.1660 0.2813 0.5065 0.4209 0.1484 0.1420 0.2133 0.4050 0.4989 0.2368 0.1344 0.1701 0.2991 0.5144 0.3963 0.1434 0.1453 0.2250 0.4297 0.4879 0.2040 0.1348 0.1773 0.3184 0.5173 0.3683 0.1398 0.1491 0.2379 0.4539 0.4743 0.1790 0.1358 0.1856 0.3398 0.5163 0.3350 0.1371 0.1542 0.2542 0.4802 0.4542 0.1607 0.1381 0.1977 0.3707 0.5100 0.2857 0.1350 0.1567 0.2075 0.1567 0.1350 0.2857 0.5100 0.3707 0.1977 0.1381 0.1607 0.4542 0.4802 0.2542 0.1542 0.1371 0.3350 0.5163 0.3398 0.1856 0.1358 0.1790 0.4743 0.4539 0.2379 0.1491 0.1398 0.3683 0.5173 0.3184 0.1773 0.1348 0.2040 0.4879 0.4297 0.2250 0.1453 0.1434 0.3963 0.5144 0.2991 0.1701 0.1344 0.2368 0.4989 0.4050 0.2133 0.1420 0.1484 0.4209 0.5065 0.2813 0.1660
0.1392 0.1679 0.2915 0.5121 0.4070 0.1457 0.1443 0.2205 0.4191 0.4935 0.2171 0.1350 0.1748 0.3100 0.5170 0.3804 0.1416 0.1480 0.2328 0.4437 0.4809 0.1885 0.1357 0.1825 0.3301 0.5177 0.3505 0.1386 0.1522 0.2463 0.4672 0.4657 0.1693 0.1372 0.1914 0.3528 0.5149 0.3141 0.1364 0.1580 0.2641 0.4923 0.4421 0.1550 0.1401 0.2050 0.3864 0.5059 0.2659 0.1350 0.1421 0.1350 0.2659 0.5059 0.3864 0.2050 0.1401 0.1550 0.4421 0.4923 0.2641 0.1580 0.1364 0.3141 0.5149 0.3528 0.1914 0.1372 0.1693 0.4657 0.4672 0.2463 0.1522 0.1386 0.3505 0.5177 0.3301 0.1825 0.1357 0.1885 0.4809 0.4437 0.2328 0.1480 0.1416 0.3804 0.5170 0.3100 0.1748 0.1350 0.2171 0.4935 0.4191 0.2205 0.1443 0.1457 0.4070 0.5121 0.2915 0.1679 0.1392
0.2541 0.1350 0.1681 0.2918 0.5124 0.4066 0.1457 0.1445 0.2208 0.4196 0.4934 0.2166 0.1351 0.1751 0.3104 0.5172 0.3799 0.1416 0.1482 0.2331 0.4442 0.4808 0.1881 0.1358 0.1828 0.3305 0.5178 0.3500 0.1387 0.1524 0.2467 0.4679 0.4652 0.1688 0.1374 0.1920 0.3542 0.5147 0.3116 0.1364 0.1586 0.2656 0.4941 0.4398 0.1542 0.1405 0.2065 0.3891 0.5059 0.2857 0.1453 0.2857 0.5059 0.3891 0.2065 0.1405 0.1542 0.4398 0.4941 0.2656 0.1586 0.1364 0.3116 0.5147 0.3542 0.1920 0.1374 0.1688 0.4652 0.4679 0.2467 0.1524 0.1387 0.3500 0.5178 0.3305 0.1828 0.1358 0.1881 0.4808 0.4442 0.2331 0.1482 0.1416 0.3799 0.5172 0.3104 0.1751 0.1351 0.2166 0.4934 0.4196 0.2208 0.1445 0.1457 0.4066 0.5124 0.2918 0.1681 0.1350 0.2541
0.5046 0.2553 0.1350 0.1674 0.2898 0.5115 0.4094 0.1463 0.1442 0.2195 0.4168 0.4946 0.2203 0.1351 0.1743 0.3083 0.5169 0.3831 0.1420 0.1477 0.2317 0.4414 0.4823 0.1909 0.1357 0.1819 0.3281 0.5180 0.3535 0.1390 0.1520 0.2453 0.4659 0.4665 0.1700 0.1373 0.1915 0.3530 0.5149 0.3129 0.1364 0.1585 0.2654 0.4941 0.4397 0.1541 0.1406 0.2065 0.3864 0.5100 0.4125 0.5100 0.3864 0.2065 0.1406 0.1541 0.4397 0.4941 0.2654 0.1585 0.1364 0.3129 0.5149 0.3530 0.1915 0.1373 0.1700 0.4665 0.4659 0.2453 0.1520 0.1390 0.3535 0.5180 0.3281 0.1819 0.1357 0.1909 0.4823 0.4414 0.2317 0.1477 0.1420 0.3831 0.5169 0.3083 0.1743 0.1351 0.2203 0.4946 0.4168 0.2195 0.1442 0.1463 0.4094 0.5115 0.2898 0.1674 0.1350 0.2553 0.5046
0.3866 0.5056 0.2605 0.1351 0.1665 0.2873 0.5103 0.4129 0.1470 0.1437 0.2178 0.4132 0.4962 0.2252 0.1350 0.1732 0.3055 0.5165 0.3871 0.1426 0.1472 0.2298 0.4379 0.4843 0.1947 0.1356 0.1807 0.3252 0.5181 0.3578 0.1393 0.1514 0.2437 0.4634 0.4682 0.1714 0.1371 0.1908 0.3515 0.5152 0.3147 0.1365 0.1583 0.2650 0.4938 0.4398 0.1541 0.1405 0.2050 0.3707 0.5096 0.3707 0.2050 0.1405 0.1541 0.4398 0.4938 0.2650 0.1583 0.1365 0.3147 0.5152 0.3515 0.1908 0.1371 0.1714 0.4682 0.4634 0.2437 0.1514 0.1393 0.3578 0.5181 0.3252 0.1807 0.1356 0.1947 0.4843 0.4379 0.2298 0.1472 0.1426 0.3871 0.5165 0.3055 0.1732 0.1350 0.2252 0.4962 0.4132 0.2178 0.1437 0.1470 0.4129 0.5103 0.2873 0.1665 0.1351 0.2605 0.5056 0.3866
