-0.1740 -0.2891 -0.3712 -0.1714 0.1965 -0.0959 -0.2541 -0.3445 -0.3645 0.1102 0.2201 -0.2128 -0.3122 -0.3835 0.0032 0.2545 -0.1586 -0.2776 -0.3631 -0.2692 0.1672 -0.0278 -0.2416 -0.3338 -0.3811 0.0787 0.2749 -0.1936 -0.2973 -0.3751 -0.1471 0.1899 -0.0377 -0.2272 -0.2991 -0.3444 -0.3558 -0.3566 -0.3566 -0.3566 -0.3566 -0.3566 -0.3566 -0.3566 -0.3566 -0.3566 -0.3566 -0.3566 -0.3566 -0.3566 -0.3566 -0.3566 -0.3566 -0.3566 -0.3566 -0.3566 -0.3566 -0.3566 -0.3566 -0.3566 -0.3566 -0.3566 -0.3566 -0.3566 -0.3558 -0.3444 -0.2991 -0.2272 -0.0377 0.1899 -0.1471 -0.3751 -0.2973 -0.1936 0.2749 0.0787 -0.3811 -0.3338 -0.2416 -0.0278 0.1672 -0.2692 -0.3631 -0.2776 -0.1586 0.2545 0.0032 -0.3835 -0.3122 -0.2128 0.2201 0.1102 -0.3645 -0.3445 -0.2541 -0.0959 0.1965 -0.1714 -0.3712 -0.2891 -0.1740
-0.2891 -0.3781 -0.1737 0.1953 -0.0921 -0.2620 -0.3516 -0.3699 0.1094 0.2324 -0.2177 -0.3195 -0.3894 0.0015 0.2531 -0.1593 -0.2852 -0.3699 -0.2748 0.1660 -0.0169 -0.2496 -0.3410 -0.3865 0.0787 0.2785 -0.1981 -0.3060 -0.3826 -0.1210 0.2012 -0.0801 -0.2504 -0.3304 -0.3875 -0.3734 -0.3292 -0.3237 -0.3234 -0.3234 -0.3234 -0.3234 -0.3234 -0.3234 -0.3234 -0.3234 -0.3234 -0.3234 -0.3234 -0.3234 -0.3234 -0.3234 -0.3234 -0.3234 -0.3234 -0.3234 -0.3234 -0.3234 -0.3234 -0.3234 -0.3234 -0.3234 -0.3234 -0.3237 -0.3292 -0.3734 -0.3875 -0.3304 -0.2504 -0.0801 0.2012 -0.1210 -0.3826 -0.3060 -0.1981 0.2785 0.0787 -0.3865 -0.3410 -0.2496 -0.0169 0.1660 -0.2748 -0.3699 -0.2852 -0.1593 0.2531 0.0015 -0.3894 -0.3195 -0.2177 0.2324 0.1094 -0.3699 -0.3516 -0.2620 -0.0921 0.1953 -0.1737 -0.3781 -0.2891
-0.3712 -0.1737 0.1941 -0.0886 -0.2609 -0.3505 -0.3722 0.1064 0.2406 -0.2158 -0.3183 -0.3890 -0.0049 0.2500 -0.1565 -0.2839 -0.3689 -0.2834 0.1628 -0.0048 -0.2482 -0.3398 -0.3874 0.0756 0.2795 -0.1968 -0.3055 -0.3826 -0.1140 0.2060 -0.0971 -0.2576 -0.3415 -0.3917 -0.0874 0.1079 0.1451 0.1482 0.1483 0.1483 0.1483 0.1483 0.1483 0.1483 0.1483 0.1483 0.1483 0.1483 0.1483 0.1483 0.1483 0.1483 0.1483 0.1483 0.1483 0.1483 0.1483 0.1483 0.1483 0.1483 0.1483 0.1483 0.1483 0.1482 0.1451 0.1079 -0.0874 -0.3917 -0.3415 -0.2576 -0.0971 0.2060 -0.1140 -0.3826 -0.3055 -0.1968 0.2795 0.0756 -0.3874 -0.3398 -0.2482 -0.0048 0.1628 -0.2834 -0.3689 -0.2839 -0.1565 0.2500 -0.0049 -0.3890 -0.3183 -0.2158 0.2406 0.1064 -0.3722 -0.3505 -0.2609 -0.0886 0.1941 -0.1737 -0.3712
-0.1714 0.1953 -0.0886 -0.2605 -0.3499 -0.3739 0.1038 0.2471 -0.2141 -0.3171 -0.3885 -0.0115 0.2469 -0.1537 -0.2826 -0.3679 -0.2917 0.1594 0.0083 -0.2467 -0.3386 -0.3883 0.0723 0.2802 -0.1951 -0.3047 -0.3823 -0.1140 0.2079 -0.1045 -0.2616 -0.3474 -0.3873 0.0359 0.2151 0.2277 0.0384 0.0214 0.0207 0.0206 0.0206 0.0206 0.0206 0.0206 0.0206 0.0206 0.0206 0.0206 0.0206 0.0206 0.0206 0.0206 0.0206 0.0206 0.0206 0.0206 0.0206 0.0206 0.0206 0.0206 0.0206 0.0206 0.0207 0.0214 0.0384 0.2277 0.2151 0.0359 -0.3873 -0.3474 -0.2616 -0.1045 0.2079 -0.1140 -0.3823 -0.3047 -0.1951 0.2802 0.0723 -0.3883 -0.3386 -0.2467 0.0083 0.1594 -0.2917 -0.3679 -0.2826 -0.1537 0.2469 -0.0115 -0.3885 -0.3171 -0.2141 0.2471 0.1038 -0.3739 -0.3499 -0.2605 -0.0886 0.1953 -0.1714
0.1965 -0.0921 -0.2609 -0.3499 -0.3745 0.1024 0.2513 -0.2126 -0.3160 -0.3880 -0.0179 0.2439 -0.1509 -0.2813 -0.3670 -0.2994 0.1561 0.0225 -0.2450 -0.3374 -0.3890 0.0687 0.2806 -0.1933 -0.3037 -0.3818 -0.1186 0.2079 -0.1073 -0.2636 -0.3505 -0.3808 0.0721 0.2695 -0.1230 -0.2178 -0.2387 -0.2405 -0.2406 -0.2406 -0.2406 -0.2406 -0.2406 -0.2406 -0.2406 -0.2406 -0.2406 -0.2406 -0.2406 -0.2406 -0.2406 -0.2406 -0.2406 -0.2406 -0.2406 -0.2406 -0.2406 -0.2406 -0.2406 -0.2406 -0.2406 -0.2406 -0.2406 -0.2405 -0.2387 -0.2178 -0.1230 0.2695 0.0721 -0.3808 -0.3505 -0.2636 -0.1073 0.2079 -0.1186 -0.3818 -0.3037 -0.1933 0.2806 0.0687 -0.3890 -0.3374 -0.2450 0.0225 0.1561 -0.2994 -0.3670 -0.2813 -0.1509 0.2439 -0.0179 -0.3880 -0.3160 -0.2126 0.2513 0.1024 -0.3745 -0.3499 -0.2609 -0.0921 0.1965
-0.0959 -0.2620 -0.3505 -0.3739 0.1024 0.2527 -0.2119 -0.3153 -0.3876 -0.0236 0.2411 -0.1483 -0.2801 -0.3661 -0.3063 0.1528 0.0374 -0.2431 -0.3362 -0.3897 0.0651 0.2806 -0.1913 -0.3026 -0.3812 -0.1261 0.2067 -0.1073 -0.2644 -0.3520 -0.3753 0.0896 0.2808 -0.1727 -0.2683 -0.3197 -0.3368 -0.3383 -0.3384 -0.3384 -0.3384 -0.3384 -0.3384 -0.3384 -0.3384 -0.3384 -0.3384 -0.3384 -0.3384 -0.3384 -0.3384 -0.3384 -0.3384 -0.3384 -0.3384 -0.3384 -0.3384 -0.3384 -0.3384 -0.3384 -0.3384 -0.3384 -0.3384 -0.3383 -0.3368 -0.3197 -0.2683 -0.1727 0.2808 0.0896 -0.3753 -0.3520 -0.2644 -0.1073 0.2067 -0.1261 -0.3812 -0.3026 -0.1913 0.2806 0.0651 -0.3897 -0.3362 -0.2431 0.0374 0.1528 -0.3063 -0.3661 -0.2801 -0.1483 0.2411 -0.0236 -0.3876 -0.3153 -0.2119 0.2527 0.1024 -0.3739 -0.3505 -0.2620 -0.0959
-0.2541 -0.3516 -0.3722 0.1038 0.2513 -0.2119 -0.3151 -0.3874 -0.0277 0.2390 -0.1461 -0.2791 -0.3652 -0.3124 0.1498 0.0524 -0.2413 -0.3350 -0.3902 0.0613 0.2801 -0.1893 -0.3014 -0.3806 -0.1355 0.2047 -0.1054 -0.2644 -0.3526 -0.3719 0.0988 0.2728 -0.1925 -0.2903 -0.3592 -0.3944 -0.3928 -0.3912 -0.3911 -0.3911 -0.3911 -0.3911 -0.3911 -0.3911 -0.3911 -0.3911 -0.3911 -0.3911 -0.3911 -0.3911 -0.3911 -0.3911 -0.3911 -0.3911 -0.3911 -0.3911 -0.3911 -0.3911 -0.3911 -0.3911 -0.3911 -0.3911 -0.3911 -0.3912 -0.3928 -0.3944 -0.3592 -0.2903 -0.1925 0.2728 0.0988 -0.3719 -0.3526 -0.2644 -0.1054 0.2047 -0.1355 -0.3806 -0.3014 -0.1893 0.2801 0.0613 -0.3902 -0.3350 -0.2413 0.0524 0.1498 -0.3124 -0.3652 -0.2791 -0.1461 0.2390 -0.0277 -0.3874 -0.3151 -0.2119 0.2513 0.1038 -0.3722 -0.3516 -0.2541
-0.3445 -0.3699 0.1064 0.2471 -0.2126 -0.3153 -0.3874 -0.0291 0.2380 -0.1446 -0.2783 -0.3645 -0.3175 0.1471 0.0663 -0.2396 -0.3339 -0.3906 0.0576 0.2794 -0.1871 -0.3002 -0.3798 -0.1463 0.2022 -0.1024 -0.2639 -0.3525 -0.3704 0.1035 0.2616 -0.2025 -0.3019 -0.3747 -0.3553 0.0050 0.0731 0.0784 0.0787 0.0787 0.0787 0.0787 0.0787 0.0787 0.0787 0.0787 0.0787 0.0787 0.0787 0.0787 0.0787 0.0787 0.0787 0.0787 0.0787 0.0787 0.0787 0.0787 0.0787 0.0787 0.0787 0.0787 0.0787 0.0784 0.0731 0.0050 -0.3553 -0.3747 -0.3019 -0.2025 0.2616 0.1035 -0.3704 -0.3525 -0.2639 -0.1024 0.2022 -0.1463 -0.3798 -0.3002 -0.1871 0.2794 0.0576 -0.3906 -0.3339 -0.2396 0.0663 0.1471 -0.3175 -0.3645 -0.2783 -0.1446 0.2380 -0.0291 -0.3874 -0.3153 -0.2126 0.2471 0.1064 -0.3699 -0.3445
-0.3645 0.1094 0.2406 -0.2141 -0.3160 -0.3876 -0.0277 0.2380 -0.1441 -0.2778 -0.3640 -0.3212 0.1449 0.0788 -0.2382 -0.3329 -0.3909 0.0540 0.2783 -0.1850 -0.2989 -0.3791 -0.1578 0.1993 -0.0984 -0.2631 -0.3521 -0.3704 0.1053 0.2536 -0.2079 -0.3082 -0.3812 -0.2512 0.1205 0.2537 0.2754 0.2713 0.2711 0.2711 0.2711 0.2711 0.2711 0.2711 0.2711 0.2711 0.2711 0.2711 0.2711 0.2711 0.2711 0.2711 0.2711 0.2711 0.2711 0.2711 0.2711 0.2711 0.2711 0.2711 0.2711 0.2711 0.2711 0.2713 0.2754 0.2537 0.1205 -0.2512 -0.3812 -0.3082 -0.2079 0.2536 0.1053 -0.3704 -0.3521 -0.2631 -0.0984 0.1993 -0.1578 -0.3791 -0.2989 -0.1850 0.2783 0.0540 -0.3909 -0.3329 -0.2382 0.0788 0.1449 -0.3212 -0.3640 -0.2778 -0.1441 0.2380 -0.0277 -0.3876 -0.3160 -0.2141 0.2406 0.1094 -0.3645
0.1102 0.2324 -0.2158 -0.3171 -0.3880 -0.0236 0.2390 -0.1446 -0.2778 -0.3639 -0.3232 0.1434 0.0884 -0.2370 -0.3320 -0.3911 0.0507 0.2771 -0.1830 -0.2977 -0.3783 -0.1696 0.1964 -0.0938 -0.2621 -0.3514 -0.3713 0.1054 0.2499 -0.2105 -0.3117 -0.3842 -0.1516 0.1695 0.1941 -0.1637 -0.1996 -0.2028 -0.2029 -0.2030 -0.2030 -0.2030 -0.2030 -0.2030 -0.2030 -0.2030 -0.2030 -0.2030 -0.2030 -0.2030 -0.2030 -0.2030 -0.2030 -0.2030 -0.2030 -0.2030 -0.2030 -0.2030 -0.2030 -0.2030 -0.2030 -0.2030 -0.2029 -0.2028 -0.1996 -0.1637 0.1941 0.1695 -0.1516 -0.3842 -0.3117 -0.2105 0.2499 0.1054 -0.3713 -0.3514 -0.2621 -0.0938 0.1964 -0.1696 -0.3783 -0.2977 -0.1830 0.2771 0.0507 -0.3911 -0.3320 -0.2370 0.0884 0.1434 -0.3232 -0.3639 -0.2778 -0.1446 0.2390 -0.0236 -0.3880 -0.3171 -0.2158 0.2324 0.1102
0.2201 -0.2177 -0.3183 -0.3885 -0.0179 0.2411 -0.1461 -0.2783 -0.3640 -0.3232 0.1429 0.0934 -0.2362 -0.3313 -0.3912 0.0478 0.2759 -0.1812 -0.2966 -0.3776 -0.1807 0.1934 -0.0887 -0.2610 -0.3506 -0.3728 0.1043 0.2498 -0.2116 -0.3135 -0.3857 -0.0929 0.1983 -0.0292 -0.2246 -0.2848 -0.3073 -0.3098 -0.3099 -0.3099 -0.3099 -0.3099 -0.3099 -0.3099 -0.3099 -0.3099 -0.3099 -0.3099 -0.3099 -0.3099 -0.3099 -0.3099 -0.3099 -0.3099 -0.3099 -0.3099 -0.3099 -0.3099 -0.3099 -0.3099 -0.3099 -0.3099 -0.3099 -0.3098 -0.3073 -0.2848 -0.2246 -0.0292 0.1983 -0.0929 -0.3857 -0.3135 -0.2116 0.2498 0.1043 -0.3728 -0.3506 -0.2610 -0.0887 0.1934 -0.1807 -0.3776 -0.2966 -0.1812 0.2759 0.0478 -0.3912 -0.3313 -0.2362 0.0934 0.1429 -0.3232 -0.3640 -0.2783 -0.1461 0.2411 -0.0179 -0.3885 -0.3183 -0.2177 0.2201
-0.2128 -0.3195 -0.3890 -0.0115 0.2439 -0.1483 -0.2791 -0.3645 -0.3212 0.1434 0.0934 -0.2359 -0.3310 -0.3912 0.0457 0.2749 -0.1797 -0.2957 -0.3769 -0.1908 0.1907 -0.0834 -0.2599 -0.3497 -0.3745 0.1025 0.2520 -0.2116 -0.3142 -0.3865 -0.0640 0.2142 -0.0934 -0.2492 -0.3230 -0.3744 -0.3902 -0.3912 -0.3912 -0.3912 -0.3912 -0.3912 -0.3912 -0.3912 -0.3912 -0.3912 -0.3912 -0.3912 -0.3912 -0.3912 -0.3912 -0.3912 -0.3912 -0.3912 -0.3912 -0.3912 -0.3912 -0.3912 -0.3912 -0.3912 -0.3912 -0.3912 -0.3912 -0.3912 -0.3902 -0.3744 -0.3230 -0.2492 -0.0934 0.2142 -0.0640 -0.3865 -0.3142 -0.2116 0.2520 0.1025 -0.3745 -0.3497 -0.2599 -0.0834 0.1907 -0.1908 -0.3769 -0.2957 -0.1797 0.2749 0.0457 -0.3912 -0.3310 -0.2359 0.0934 0.1434 -0.3212 -0.3645 -0.2791 -0.1483 0.2439 -0.0115 -0.3890 -0.3195 -0.2128
-0.3122 -0.3894 -0.0049 0.2469 -0.1509 -0.2801 -0.3652 -0.3175 0.1449 0.0884 -0.2362 -0.3310 -0.3913 0.0444 0.2741 -0.1785 -0.2949 -0.3764 -0.1997 0.1882 -0.0782 -0.2588 -0.3487 -0.3762 0.1003 0.2555 -0.2109 -0.3142 -0.3867 -0.0505 0.2231 -0.1166 -0.2606 -0.3411 -0.3923 -0.2668 -0.0498 -0.0299 -0.0290 -0.0289 -0.0289 -0.0289 -0.0289 -0.0289 -0.0289 -0.0289 -0.0289 -0.0289 -0.0289 -0.0289 -0.0289 -0.0289 -0.0289 -0.0289 -0.0289 -0.0289 -0.0289 -0.0289 -0.0289 -0.0289 -0.0289 -0.0289 -0.0290 -0.0299 -0.0498 -0.2668 -0.3923 -0.3411 -0.2606 -0.1166 0.2231 -0.0505 -0.3867 -0.3142 -0.2109 0.2555 0.1003 -0.3762 -0.3487 -0.2588 -0.0782 0.1882 -0.1997 -0.3764 -0.2949 -0.1785 0.2741 0.0444 -0.3913 -0.3310 -0.2362 0.0884 0.1449 -0.3175 -0.3652 -0.2801 -0.1509 0.2469 -0.0049 -0.3894 -0.3122
-0.3835 0.0015 0.2500 -0.1537 -0.2813 -0.3661 -0.3124 0.1471 0.0788 -0.2370 -0.3313 -0.3912 0.0444 0.2738 -0.1779 -0.2944 -0.3760 -0.2065 0.1861 -0.0734 -0.2578 -0.3479 -0.3778 0.0980 0.2592 -0.2099 -0.3138 -0.3867 -0.0452 0.2278 -0.1272 -0.2670 -0.3504 -0.3876 0.0096 0.1661 0.2336 0.2422 0.2426 0.2427 0.2427 0.2427 0.2427 0.2427 0.2427 0.2427 0.2427 0.2427 0.2427 0.2427 0.2427 0.2427 0.2427 0.2427 0.2427 0.2427 0.2427 0.2427 0.2427 0.2427 0.2427 0.2427 0.2426 0.2422 0.2336 0.1661 0.0096 -0.3876 -0.3504 -0.2670 -0.1272 0.2278 -0.0452 -0.3867 -0.3138 -0.2099 0.2592 0.0980 -0.3778 -0.3479 -0.2578 -0.0734 0.1861 -0.2065 -0.3760 -0.2944 -0.1779 0.2738 0.0444 -0.3912 -0.3313 -0.2370 0.0788 0.1471 -0.3124 -0.3661 -0.2813 -0.1537 0.2500 0.0015 -0.3835
0.0032 0.2531 -0.1565 -0.2826 -0.3670 -0.3063 0.1498 0.0663 -0.2382 -0.3320 -0.3912 0.0457 0.2741 -0.1779 -0.2943 -0.3758 -0.2106 0.1846 -0.0695 -0.2570 -0.3471 -0.3791 0.0957 0.2627 -0.2087 -0.3132 -0.3866 -0.0446 0.2297 -0.1323 -0.2705 -0.3553 -0.3760 0.0716 0.2563 -0.0319 -0.1482 -0.1554 -0.1558 -0.1558 -0.1558 -0.1558 -0.1558 -0.1558 -0.1558 -0.1558 -0.1558 -0.1558 -0.1558 -0.1558 -0.1558 -0.1558 -0.1558 -0.1558 -0.1558 -0.1558 -0.1558 -0.1558 -0.1558 -0.1558 -0.1558 -0.1558 -0.1558 -0.1554 -0.1482 -0.0319 0.2563 0.0716 -0.3760 -0.3553 -0.2705 -0.1323 0.2297 -0.0446 -0.3866 -0.3132 -0.2087 0.2627 0.0957 -0.3791 -0.3471 -0.2570 -0.0695 0.1846 -0.2106 -0.3758 -0.2943 -0.1779 0.2741 0.0457 -0.3912 -0.3320 -0.2382 0.0663 0.1498 -0.3063 -0.3670 -0.2826 -0.1565 0.2531 0.0032
0.2545 -0.1593 -0.2839 -0.3679 -0.2994 0.1528 0.0524 -0.2396 -0.3329 -0.3911 0.0478 0.2749 -0.1785 -0.2944 -0.3758 -0.2121 0.1838 -0.0669 -0.2564 -0.3465 -0.3802 0.0936 0.2657 -0.2074 -0.3125 -0.3863 -0.0468 0.2300 -0.1343 -0.2724 -0.3580 -0.3639 0.0981 0.2808 -0.1614 -0.2485 -0.2766 -0.2804 -0.2806 -0.2807 -0.2807 -0.2807 -0.2807 -0.2807 -0.2807 -0.2807 -0.2807 -0.2807 -0.2807 -0.2807 -0.2807 -0.2807 -0.2807 -0.2807 -0.2807 -0.2807 -0.2807 -0.2807 -0.2807 -0.2807 -0.2807 -0.2807 -0.2806 -0.2804 -0.2766 -0.2485 -0.1614 0.2808 0.0981 -0.3639 -0.3580 -0.2724 -0.1343 0.2300 -0.0468 -0.3863 -0.3125 -0.2074 0.2657 0.0936 -0.3802 -0.3465 -0.2564 -0.0669 0.1838 -0.2121 -0.3758 -0.2944 -0.1785 0.2749 0.0478 -0.3911 -0.3329 -0.2396 0.0524 0.1528 -0.2994 -0.3679 -0.2839 -0.1593 0.2545
-0.1586 -0.2852 -0.3689 -0.2917 0.1561 0.0374 -0.2413 -0.3339 -0.3909 0.0507 0.2759 -0.1797 -0.2949 -0.3760 -0.2106 0.1838 -0.0659 -0.2561 -0.3461 -0.3809 0.0920 0.2681 -0.2063 -0.3117 -0.3860 -0.0505 0.2293 -0.1347 -0.2732 -0.3594 -0.3548 0.1126 0.2616 -0.1932 -0.2845 -0.3434 -0.3692 -0.3724 -0.3725 -0.3725 -0.3725 -0.3725 -0.3725 -0.3725 -0.3725 -0.3725 -0.3725 -0.3725 -0.3725 -0.3725 -0.3725 -0.3725 -0.3725 -0.3725 -0.3725 -0.3725 -0.3725 -0.3725 -0.3725 -0.3725 -0.3725 -0.3725 -0.3725 -0.3724 -0.3692 -0.3434 -0.2845 -0.1932 0.2616 0.1126 -0.3548 -0.3594 -0.2732 -0.1347 0.2293 -0.0505 -0.3860 -0.3117 -0.2063 0.2681 0.0920 -0.3809 -0.3461 -0.2561 -0.0659 0.1838 -0.2106 -0.3760 -0.2949 -0.1797 0.2759 0.0507 -0.3909 -0.3339 -0.2413 0.0374 0.1561 -0.2917 -0.3689 -0.2852 -0.1586
-0.2776 -0.3699 -0.2834 0.1594 0.0225 -0.2431 -0.3350 -0.3906 0.0540 0.2771 -0.1812 -0.2957 -0.3764 -0.2065 0.1846 -0.0669 -0.2561 -0.3460 -0.3813 0.0910 0.2696 -0.2054 -0.3111 -0.3856 -0.0548 0.2281 -0.1341 -0.2734 -0.3600 -0.3491 0.1208 0.2299 -0.2086 -0.3024 -0.3716 -0.3879 -0.3006 -0.2714 -0.2696 -0.2695 -0.2695 -0.2695 -0.2695 -0.2695 -0.2695 -0.2695 -0.2695 -0.2695 -0.2695 -0.2695 -0.2695 -0.2695 -0.2695 -0.2695 -0.2695 -0.2695 -0.2695 -0.2695 -0.2695 -0.2695 -0.2695 -0.2695 -0.2696 -0.2714 -0.3006 -0.3879 -0.3716 -0.3024 -0.2086 0.2299 0.1208 -0.3491 -0.3600 -0.2734 -0.1341 0.2281 -0.0548 -0.3856 -0.3111 -0.2054 0.2696 0.0910 -0.3813 -0.3460 -0.2561 -0.0669 0.1846 -0.2065 -0.3764 -0.2957 -0.1812 0.2771 0.0540 -0.3906 -0.3350 -0.2431 0.0225 0.1594 -0.2834 -0.3699 -0.2776
-0.3631 -0.2748 0.1628 0.0083 -0.2450 -0.3362 -0.3902 0.0576 0.2783 -0.1830 -0.2966 -0.3769 -0.1997 0.1861 -0.0695 -0.2564 -0.3461 -0.3813 0.0907 0.2703 -0.2048 -0.3106 -0.3854 -0.0589 0.2269 -0.1331 -0.2733 -0.3601 -0.3461 0.1254 0.2030 -0.2170 -0.3122 -0.3821 -0.2853 0.0812 0.1575 0.1697 0.1704 0.1704 0.1704 0.1704 0.1704 0.1704 0.1704 0.1704 0.1704 0.1704 0.1704 0.1704 0.1704 0.1704 0.1704 0.1704 0.1704 0.1704 0.1704 0.1704 0.1704 0.1704 0.1704 0.1704 0.1704 0.1697 0.1575 0.0812 -0.2853 -0.3821 -0.3122 -0.2170 0.2030 0.1254 -0.3461 -0.3601 -0.2733 -0.1331 0.2269 -0.0589 -0.3854 -0.3106 -0.2048 0.2703 0.0907 -0.3813 -0.3461 -0.2564 -0.0695 0.1861 -0.1997 -0.3769 -0.2966 -0.1830 0.2783 0.0576 -0.3902 -0.3362 -0.2450 0.0083 0.1628 -0.2748 -0.3631
-0.2692 0.1660 -0.0048 -0.2467 -0.3374 -0.3897 0.0613 0.2794 -0.1850 -0.2977 -0.3776 -0.1908 0.1882 -0.0734 -0.2570 -0.3465 -0.3809 0.0910 0.2703 -0.2046 -0.3104 -0.3852 -0.0619 0.2257 -0.1319 -0.2730 -0.3600 -0.3451 0.1276 0.1850 -0.2217 -0.3178 -0.3864 -0.1415 0.1579 0.2766 -0.0113 -0.0555 -0.0573 -0.0574 -0.0574 -0.0574 -0.0574 -0.0574 -0.0574 -0.0574 -0.0574 -0.0574 -0.0574 -0.0574 -0.0574 -0.0574 -0.0574 -0.0574 -0.0574 -0.0574 -0.0574 -0.0574 -0.0574 -0.0574 -0.0574 -0.0574 -0.0573 -0.0555 -0.0113 0.2766 0.1579 -0.1415 -0.3864 -0.3178 -0.2217 0.1850 0.1276 -0.3451 -0.3600 -0.2730 -0.1319 0.2257 -0.0619 -0.3852 -0.3104 -0.2046 0.2703 0.0910 -0.3809 -0.3465 -0.2570 -0.0734 0.1882 -0.1908 -0.3776 -0.2977 -0.1850 0.2794 0.0613 -0.3897 -0.3374 -0.2467 -0.0048 0.1660 -0.2692
0.1672 -0.0169 -0.2482 -0.3386 -0.3890 0.0651 0.2801 -0.1871 -0.2989 -0.3783 -0.1807 0.1907 -0.0782 -0.2578 -0.3471 -0.3802 0.0920 0.2696 -0.2048 -0.3104 -0.3852 -0.0636 0.2250 -0.1310 -0.2727 -0.3598 -0.3450 0.1286 0.1751 -0.2244 -0.3210 -0.3885 -0.0571 0.2014 0.0090 -0.2030 -0.2447 -0.2503 -0.2506 -0.2507 -0.2507 -0.2507 -0.2507 -0.2507 -0.2507 -0.2507 -0.2507 -0.2507 -0.2507 -0.2507 -0.2507 -0.2507 -0.2507 -0.2507 -0.2507 -0.2507 -0.2507 -0.2507 -0.2507 -0.2507 -0.2507 -0.2507 -0.2506 -0.2503 -0.2447 -0.2030 0.0090 0.2014 -0.0571 -0.3885 -0.3210 -0.2244 0.1751 0.1286 -0.3450 -0.3598 -0.2727 -0.1310 0.2250 -0.0636 -0.3852 -0.3104 -0.2048 0.2696 0.0920 -0.3802 -0.3471 -0.2578 -0.0782 0.1907 -0.1807 -0.3783 -0.2989 -0.1871 0.2801 0.0651 -0.3890 -0.3386 -0.2482 -0.0169 0.1672
-0.0278 -0.2496 -0.3398 -0.3883 0.0687 0.2806 -0.1893 -0.3002 -0.3791 -0.1696 0.1934 -0.0834 -0.2588 -0.3479 -0.3791 0.0936 0.2681 -0.2054 -0.3106 -0.3852 -0.0636 0.2248 -0.1306 -0.2725 -0.3597 -0.3454 0.1288 0.1704 -0.2258 -0.3228 -0.3896 -0.0199 0.2261 -0.1002 -0.2446 -0.3082 -0.3413 -0.3468 -0.3470 -0.3471 -0.3471 -0.3471 -0.3471 -0.3471 -0.3471 -0.3471 -0.3471 -0.3471 -0.3471 -0.3471 -0.3471 -0.3471 -0.3471 -0.3471 -0.3471 -0.3471 -0.3471 -0.3471 -0.3471 -0.3471 -0.3471 -0.3471 -0.3470 -0.3468 -0.3413 -0.3082 -0.2446 -0.1002 0.2261 -0.0199 -0.3896 -0.3228 -0.2258 0.1704 0.1288 -0.3454 -0.3597 -0.2725 -0.1306 0.2248 -0.0636 -0.3852 -0.3106 -0.2054 0.2681 0.0936 -0.3791 -0.3479 -0.2588 -0.0834 0.1934 -0.1696 -0.3791 -0.3002 -0.1893 0.2806 0.0687 -0.3883 -0.3398 -0.2496 -0.0278
-0.2416 -0.3410 -0.3874 0.0723 0.2806 -0.1913 -0.3014 -0.3798 -0.1578 0.1964 -0.0887 -0.2599 -0.3487 -0.3778 0.0957 0.2657 -0.2063 -0.3111 -0.3854 -0.0619 0.2250 -0.1306 -0.2724 -0.3596 -0.3458 0.1288 0.1687 -0.2265 -0.3238 -0.3902 -0.0020 0.2406 -0.1315 -0.2623 -0.3381 -0.3888 -0.3899 -0.3820 -0.3812 -0.3812 -0.3812 -0.3812 -0.3812 -0.3812 -0.3812 -0.3812 -0.3812 -0.3812 -0.3812 -0.3812 -0.3812 -0.3812 -0.3812 -0.3812 -0.3812 -0.3812 -0.3812 -0.3812 -0.3812 -0.3812 -0.3812 -0.3812 -0.3812 -0.3820 -0.3899 -0.3888 -0.3381 -0.2623 -0.1315 0.2406 -0.0020 -0.3902 -0.3238 -0.2265 0.1687 0.1288 -0.3458 -0.3596 -0.2724 -0.1306 0.2250 -0.0619 -0.3854 -0.3111 -0.2063 0.2657 0.0957 -0.3778 -0.3487 -0.2599 -0.0887 0.1964 -0.1578 -0.3798 -0.3014 -0.1913 0.2806 0.0723 -0.3874 -0.3410 -0.2416
-0.3338 -0.3865 0.0756 0.2802 -0.1933 -0.3026 -0.3806 -0.1463 0.1993 -0.0938 -0.2610 -0.3497 -0.3762 0.0980 0.2627 -0.2074 -0.3117 -0.3856 -0.0589 0.2257 -0.1310 -0.2725 -0.3596 -0.3460 0.1287 0.1684 -0.2267 -0.3243 -0.3905 0.0073 0.2489 -0.1458 -0.2721 -0.3524 -0.3897 -0.0722 0.0819 0.0995 0.1005 0.1005 0.1005 0.1005 0.1005 0.1005 0.1005 0.1005 0.1005 0.1005 0.1005 0.1005 0.1005 0.1005 0.1005 0.1005 0.1005 0.1005 0.1005 0.1005 0.1005 0.1005 0.1005 0.1005 0.1005 0.0995 0.0819 -0.0722 -0.3897 -0.3524 -0.2721 -0.1458 0.2489 0.0073 -0.3905 -0.3243 -0.2267 0.1684 0.1287 -0.3460 -0.3596 -0.2725 -0.1310 0.2257 -0.0589 -0.3856 -0.3117 -0.2074 0.2627 0.0980 -0.3762 -0.3497 -0.2610 -0.0938 0.1993 -0.1463 -0.3806 -0.3026 -0.1933 0.2802 0.0756 -0.3865 -0.3338
-0.3811 0.0787 0.2795 -0.1951 -0.3037 -0.3812 -0.1355 0.2022 -0.0984 -0.2621 -0.3506 -0.3745 0.1003 0.2592 -0.2087 -0.3125 -0.3860 -0.0548 0.2269 -0.1319 -0.2727 -0.3597 -0.3458 0.1287 0.1683 -0.2268 -0.3245 -0.3906 0.0122 0.2536 -0.1533 -0.2777 -0.3599 -0.3721 0.0631 0.2207 0.2713 0.2402 0.2374 0.2372 0.2372 0.2372 0.2372 0.2372 0.2372 0.2372 0.2372 0.2372 0.2372 0.2372 0.2372 0.2372 0.2372 0.2372 0.2372 0.2372 0.2372 0.2372 0.2372 0.2372 0.2372 0.2372 0.2374 0.2402 0.2713 0.2207 0.0631 -0.3721 -0.3599 -0.2777 -0.1533 0.2536 0.0122 -0.3906 -0.3245 -0.2268 0.1683 0.1287 -0.3458 -0.3597 -0.2727 -0.1319 0.2269 -0.0548 -0.3860 -0.3125 -0.2087 0.2592 0.1003 -0.3745 -0.3506 -0.2621 -0.0984 0.2022 -0.1355 -0.3812 -0.3037 -0.1951 0.2795 0.0787 -0.3811
0.0787 0.2785 -0.1968 -0.3047 -0.3818 -0.1261 0.2047 -0.1024 -0.2631 -0.3514 -0.3728 0.1025 0.2555 -0.2099 -0.3132 -0.3863 -0.0505 0.2281 -0.1331 -0.2730 -0.3598 -0.3454 0.1288 0.1684 -0.2268 -0.3246 -0.3907 0.0145 0.2561 -0.1574 -0.2811 -0.3640 -0.3490 0.1034 0.2806 -0.1309 -0.2033 -0.2133 -0.2140 -0.2140 -0.2140 -0.2140 -0.2140 -0.2140 -0.2140 -0.2140 -0.2140 -0.2140 -0.2140 -0.2140 -0.2140 -0.2140 -0.2140 -0.2140 -0.2140 -0.2140 -0.2140 -0.2140 -0.2140 -0.2140 -0.2140 -0.2140 -0.2140 -0.2133 -0.2033 -0.1309 0.2806 0.1034 -0.3490 -0.3640 -0.2811 -0.1574 0.2561 0.0145 -0.3907 -0.3246 -0.2268 0.1684 0.1288 -0.3454 -0.3598 -0.2730 -0.1331 0.2281 -0.0505 -0.3863 -0.3132 -0.2099 0.2555 0.1025 -0.3728 -0.3514 -0.2631 -0.1024 0.2047 -0.1261 -0.3818 -0.3047 -0.1968 0.2785 0.0787
0.2749 -0.1981 -0.3055 -0.3823 -0.1186 0.2067 -0.1054 -0.2639 -0.3521 -0.3713 0.1043 0.2520 -0.2109 -0.3138 -0.3866 -0.0468 0.2293 -0.1341 -0.2733 -0.3600 -0.3450 0.1288 0.1687 -0.2267 -0.3245 -0.3907 0.0152 0.2572 -0.1594 -0.2829 -0.3663 -0.3288 0.1248 0.2518 -0.1887 -0.2706 -0.3090 -0.3169 -0.3174 -0.3174 -0.3174 -0.3174 -0.3174 -0.3174 -0.3174 -0.3174 -0.3174 -0.3174 -0.3174 -0.3174 -0.3174 -0.3174 -0.3174 -0.3174 -0.3174 -0.3174 -0.3174 -0.3174 -0.3174 -0.3174 -0.3174 -0.3174 -0.3174 -0.3169 -0.3090 -0.2706 -0.1887 0.2518 0.1248 -0.3288 -0.3663 -0.2829 -0.1594 0.2572 0.0152 -0.3907 -0.3245 -0.2267 0.1687 0.1288 -0.3450 -0.3600 -0.2733 -0.1341 0.2293 -0.0468 -0.3866 -0.3138 -0.2109 0.2520 0.1043 -0.3713 -0.3521 -0.2639 -0.1054 0.2067 -0.1186 -0.3823 -0.3055 -0.1981 0.2749
-0.1936 -0.3060 -0.3826 -0.1140 0.2079 -0.1073 -0.2644 -0.3525 -0.3704 0.1054 0.2498 -0.2116 -0.3142 -0.3867 -0.0446 0.2300 -0.1347 -0.2734 -0.3601 -0.3451 0.1286 0.1704 -0.2265 -0.3243 -0.3906 0.0145 0.2572 -0.1600 -0.2837 -0.3674 -0.3151 0.1371 0.1883 -0.2116 -0.2991 -0.3617 -0.3904 -0.3938 -0.3938 -0.3938 -0.3938 -0.3938 -0.3938 -0.3938 -0.3938 -0.3938 -0.3938 -0.3938 -0.3938 -0.3938 -0.3938 -0.3938 -0.3938 -0.3938 -0.3938 -0.3938 -0.3938 -0.3938 -0.3938 -0.3938 -0.3938 -0.3938 -0.3938 -0.3938 -0.3904 -0.3617 -0.2991 -0.2116 0.1883 0.1371 -0.3151 -0.3674 -0.2837 -0.1600 0.2572 0.0145 -0.3906 -0.3243 -0.2265 0.1704 0.1286 -0.3451 -0.3601 -0.2734 -0.1347 0.2300 -0.0446 -0.3867 -0.3142 -0.2116 0.2498 0.1054 -0.3704 -0.3525 -0.2644 -0.1073 0.2079 -0.1140 -0.3826 -0.3060 -0.1936
-0.2973 -0.3826 -0.1140 0.2079 -0.1073 -0.2644 -0.3526 -0.3704 0.1053 0.2499 -0.2116 -0.3142 -0.3867 -0.0452 0.2297 -0.1343 -0.2732 -0.3600 -0.3461 0.1276 0.1751 -0.2258 -0.3238 -0.3905 0.0122 0.2561 -0.1594 -0.2837 -0.3678 -0.3083 0.1436 0.1359 -0.2234 -0.3134 -0.3807 -0.3499 -0.0607 -0.0050 -0.0021 -0.0020 -0.0020 -0.0020 -0.0020 -0.0020 -0.0020 -0.0020 -0.0020 -0.0020 -0.0020 -0.0020 -0.0020 -0.0020 -0.0020 -0.0020 -0.0020 -0.0020 -0.0020 -0.0020 -0.0020 -0.0020 -0.0020 -0.0020 -0.0021 -0.0050 -0.0607 -0.3499 -0.3807 -0.3134 -0.2234 0.1359 0.1436 -0.3083 -0.3678 -0.2837 -0.1594 0.2561 0.0122 -0.3905 -0.3238 -0.2258 0.1751 0.1276 -0.3461 -0.3600 -0.2732 -0.1343 0.2297 -0.0452 -0.3867 -0.3142 -0.2116 0.2499 0.1053 -0.3704 -0.3526 -0.2644 -0.1073 0.2079 -0.1140 -0.3826 -0.2973
-0.3751 -0.1210 0.2060 -0.1045 -0.2636 -0.3520 -0.3719 0.1035 0.2536 -0.2105 -0.3135 -0.3865 -0.0505 0.2278 -0.1323 -0.2724 -0.3594 -0.3491 0.1254 0.1850 -0.2244 -0.3228 -0.3902 0.0073 0.2536 -0.1574 -0.2829 -0.3674 -0.3083 0.1457 0.1096 -0.2292 -0.3208 -0.3869 -0.1905 0.1218 0.2231 0.2478 0.2493 0.2494 0.2494 0.2494 0.2494 0.2494 0.2494 0.2494 0.2494 0.2494 0.2494 0.2494 0.2494 0.2494 0.2494 0.2494 0.2494 0.2494 0.2494 0.2494 0.2494 0.2494 0.2494 0.2494 0.2493 0.2478 0.2231 0.1218 -0.1905 -0.3869 -0.3208 -0.2292 0.1096 0.1457 -0.3083 -0.3674 -0.2829 -0.1574 0.2536 0.0073 -0.3902 -0.3228 -0.2244 0.1850 0.1254 -0.3491 -0.3594 -0.2724 -0.1323 0.2278 -0.0505 -0.3865 -0.3135 -0.2105 0.2536 0.1035 -0.3719 -0.3520 -0.2636 -0.1045 0.2060 -0.1210 -0.3751
-0.1471 0.2012 -0.0971 -0.2616 -0.3505 -0.3753 0.0988 0.2616 -0.2079 -0.3117 -0.3857 -0.0640 0.2231 -0.1272 -0.2705 -0.3580 -0.3548 0.1208 0.2029 -0.2218 -0.3210 -0.3896 -0.0020 0.2489 -0.1533 -0.2811 -0.3663 -0.3151 0.1436 0.1096 -0.2310 -0.3240 -0.3890 -0.0739 0.1815 0.2073 -0.1291 -0.1533 -0.1546 -0.1547 -0.1547 -0.1547 -0.1547 -0.1547 -0.1547 -0.1547 -0.1547 -0.1547 -0.1547 -0.1547 -0.1547 -0.1547 -0.1547 -0.1547 -0.1547 -0.1547 -0.1547 -0.1547 -0.1547 -0.1547 -0.1547 -0.1547 -0.1546 -0.1533 -0.1291 0.2073 0.1815 -0.0739 -0.3890 -0.3239 -0.2310 0.1096 0.1436 -0.3151 -0.3663 -0.2811 -0.1533 0.2489 -0.0020 -0.3896 -0.3210 -0.2217 0.2030 0.1208 -0.3548 -0.3580 -0.2705 -0.1272 0.2231 -0.0640 -0.3857 -0.3117 -0.2079 0.2616 0.0988 -0.3753 -0.3505 -0.2616 -0.0971 0.2012 -0.1471
0.1899 -0.0801 -0.2576 -0.3474 -0.3808 0.0896 0.2728 -0.2026 -0.3082 -0.3842 -0.0928 0.2142 -0.1166 -0.2670 -0.3553 -0.3639 0.1126 0.2298 -0.2170 -0.3178 -0.3885 -0.0199 0.2406 -0.1458 -0.2777 -0.3640 -0.3288 0.1372 0.1358 -0.2292 -0.3240 -0.3895 -0.0350 0.2118 -0.0427 -0.2175 -0.2640 -0.2738 -0.2744 -0.2745 -0.2745 -0.2745 -0.2745 -0.2745 -0.2745 -0.2745 -0.2745 -0.2745 -0.2745 -0.2745 -0.2745 -0.2745 -0.2745 -0.2745 -0.2745 -0.2745 -0.2745 -0.2745 -0.2745 -0.2745 -0.2745 -0.2745 -0.2744 -0.2738 -0.2640 -0.2175 -0.0427 0.2118 -0.0350 -0.3895 -0.3239 -0.2292 0.1359 0.1371 -0.3288 -0.3640 -0.2777 -0.1458 0.2406 -0.0199 -0.3885 -0.3178 -0.2170 0.2299 0.1126 -0.3639 -0.3553 -0.2670 -0.1166 0.2142 -0.0929 -0.3842 -0.3082 -0.2025 0.2728 0.0896 -0.3808 -0.3474 -0.2576 -0.0801 0.1899
-0.0379 -0.2504 -0.3415 -0.3873 0.0722 0.2808 -0.1925 -0.3019 -0.3812 -0.1514 0.1983 -0.0935 -0.2606 -0.3504 -0.3759 0.0981 0.2615 -0.2086 -0.3122 -0.3864 -0.0570 0.2262 -0.1316 -0.2721 -0.3599 -0.3489 0.1249 0.1881 -0.2234 -0.3208 -0.3890 -0.0349 0.2204 -0.0940 -0.2443 -0.3118 -0.3522 -0.3610 -0.3616 -0.3616 -0.3616 -0.3616 -0.3616 -0.3616 -0.3616 -0.3616 -0.3616 -0.3616 -0.3616 -0.3616 -0.3616 -0.3616 -0.3616 -0.3616 -0.3616 -0.3616 -0.3616 -0.3616 -0.3616 -0.3616 -0.3616 -0.3616 -0.3615 -0.3610 -0.3522 -0.3118 -0.2443 -0.0940 0.2204 -0.0350 -0.3890 -0.3208 -0.2234 0.1883 0.1248 -0.3490 -0.3599 -0.2721 -0.1315 0.2261 -0.0571 -0.3864 -0.3122 -0.2086 0.2616 0.0981 -0.3760 -0.3504 -0.2606 -0.0934 0.1983 -0.1516 -0.3812 -0.3019 -0.1925 0.2808 0.0721 -0.3873 -0.3415 -0.2504 -0.0377
-0.2273 -0.3305 -0.3916 0.0362 0.2697 -0.1729 -0.2904 -0.3747 -0.2505 0.1697 -0.0299 -0.2493 -0.3412 -0.3875 0.0718 0.2808 -0.1934 -0.3025 -0.3821 -0.1407 0.2017 -0.1005 -0.2624 -0.3524 -0.3719 0.1036 0.2515 -0.2118 -0.3135 -0.3870 -0.0732 0.2120 -0.0942 -0.2508 -0.3292 -0.3861 -0.3912 -0.3801 -0.3788 -0.3787 -0.3787 -0.3787 -0.3787 -0.3787 -0.3787 -0.3787 -0.3787 -0.3787 -0.3788 -0.3788 -0.3788 -0.3788 -0.3788 -0.3789 -0.3789 -0.3789 -0.3789 -0.3789 -0.3789 -0.3789 -0.3789 -0.3789 -0.3790 -0.3803 -0.3912 -0.3860 -0.3292 -0.2507 -0.0940 0.2118 -0.0739 -0.3869 -0.3134 -0.2116 0.2518 0.1034 -0.3721 -0.3524 -0.2623 -0.1002 0.2014 -0.1415 -0.3821 -0.3024 -0.1932 0.2808 0.0716 -0.3876 -0.3411 -0.2492 -0.0292 0.1695 -0.2512 -0.3747 -0.2903 -0.1727 0.2695 0.0359 -0.3917 -0.3304 -0.2272
-0.2995 -0.3876 -0.0838 0.2163 -0.1242 -0.2687 -0.3595 -0.3542 0.1213 0.1907 -0.2250 -0.3234 -0.3923 0.0110 0.2570 -0.1621 -0.2848 -0.3718 -0.2834 0.1587 0.0061 -0.2449 -0.3383 -0.3896 0.0638 0.2807 -0.1892 -0.2994 -0.3808 -0.1882 0.1821 -0.0443 -0.2446 -0.3294 -0.3908 -0.2859 0.0067 0.0388 0.0406 0.0406 0.0406 0.0406 0.0406 0.0406 0.0406 0.0406 0.0405 0.0404 0.0403 0.0401 0.0400 0.0398 0.0396 0.0395 0.0394 0.0393 0.0393 0.0393 0.0393 0.0392 0.0392 0.0392 0.0391 0.0373 0.0049 -0.2878 -0.3908 -0.3292 -0.2443 -0.0427 0.1815 -0.1905 -0.3807 -0.2991 -0.1887 0.2806 0.0631 -0.3897 -0.3381 -0.2446 0.0090 0.1579 -0.2853 -0.3716 -0.2845 -0.1614 0.2563 0.0096 -0.3923 -0.3230 -0.2246 0.1941 0.1205 -0.3553 -0.3592 -0.2683 -0.1230 0.2151 -0.0874 -0.3875 -0.2991
-0.3462 -0.3692 0.1121 0.2151 -0.2201 -0.3213 -0.3947 0.0117 0.2571 -0.1665 -0.2862 -0.3753 -0.2571 0.1692 -0.0414 -0.2498 -0.3445 -0.3865 0.0841 0.2745 -0.2047 -0.3092 -0.3891 -0.0645 0.2233 -0.1336 -0.2716 -0.3624 -0.3468 0.1238 0.1995 -0.2187 -0.3127 -0.3864 -0.2817 0.0806 0.1546 0.1682 0.1690 0.1691 0.1691 0.1691 0.1690 0.1690 0.1689 0.1688 0.1686 0.1683 0.1679 0.1675 0.1670 0.1665 0.1660 0.1656 0.1653 0.1650 0.1649 0.1648 0.1647 0.1647 0.1647 0.1647 0.1647 0.1639 0.1508 0.0776 -0.2878 -0.3860 -0.3118 -0.2175 0.2073 0.1218 -0.3499 -0.3617 -0.2706 -0.1309 0.2207 -0.0722 -0.3888 -0.3082 -0.2030 0.2766 0.0812 -0.3879 -0.3434 -0.2485 -0.0319 0.1661 -0.2668 -0.3744 -0.2848 -0.1637 0.2537 0.0050 -0.3944 -0.3197 -0.2178 0.2277 0.1079 -0.3734 -0.3444
-0.3603 -0.3036 0.1572 -0.0137 -0.2446 -0.3416 -0.3889 0.0854 0.2656 -0.2062 -0.3120 -0.3923 -0.0214 0.2445 -0.1576 -0.2811 -0.3727 -0.2740 0.1672 -0.0439 -0.2490 -0.3451 -0.3856 0.0913 0.2609 -0.2085 -0.3128 -0.3920 -0.0367 0.2317 -0.1382 -0.2676 -0.3554 -0.3880 0.0202 0.1607 0.2121 0.2175 0.2178 0.2178 0.2178 0.2177 0.2177 0.2175 0.2173 0.2169 0.2163 0.2155 0.2143 0.2130 0.2115 0.2100 0.2086 0.2073 0.2063 0.2056 0.2051 0.2048 0.2047 0.2046 0.2046 0.2046 0.2046 0.2043 0.1994 0.1508 0.0049 -0.3912 -0.3522 -0.2640 -0.1291 0.2231 -0.0607 -0.3904 -0.3090 -0.2033 0.2713 0.0819 -0.3899 -0.3413 -0.2447 -0.0113 0.1575 -0.3006 -0.3692 -0.2766 -0.1482 0.2336 -0.0498 -0.3902 -0.3073 -0.1996 0.2754 0.0731 -0.3928 -0.3368 -0.2387 0.0384 0.1451 -0.3292 -0.3558
-0.3637 -0.2756 0.1683 -0.0519 -0.2498 -0.3463 -0.3822 0.0993 0.2391 -0.2141 -0.3181 -0.3944 0.0121 0.2611 -0.1709 -0.2888 -0.3786 -0.2057 0.1897 -0.0970 -0.2589 -0.3543 -0.3661 0.1188 0.1746 -0.2239 -0.3249 -0.3956 0.0289 0.2651 -0.1687 -0.2820 -0.3680 -0.3637 0.0621 0.1844 0.2264 0.2299 0.2301 0.2301 0.2301 0.2300 0.2299 0.2297 0.2293 0.2286 0.2276 0.2261 0.2242 0.2219 0.2195 0.2169 0.2146 0.2125 0.2109 0.2097 0.2089 0.2084 0.2081 0.2080 0.2080 0.2080 0.2080 0.2078 0.2043 0.1639 0.0373 -0.3803 -0.3610 -0.2738 -0.1533 0.2478 -0.0050 -0.3938 -0.3169 -0.2133 0.2402 0.0995 -0.3820 -0.3468 -0.2503 -0.0555 0.1697 -0.2714 -0.3724 -0.2804 -0.1554 0.2422 -0.0299 -0.3912 -0.3098 -0.2028 0.2713 0.0784 -0.3912 -0.3383 -0.2405 0.0214 0.1482 -0.3237 -0.3566
-0.3671 -0.2447 0.1785 -0.0765 -0.2542 -0.3503 -0.3750 0.1095 0.2084 -0.2198 -0.3224 -0.3952 0.0293 0.2692 -0.1783 -0.2933 -0.3817 -0.1644 0.2009 -0.1136 -0.2636 -0.3584 -0.3528 0.1298 0.1191 -0.2300 -0.3296 -0.3952 0.0456 0.2731 -0.1772 -0.2871 -0.3721 -0.3485 0.0752 0.1961 0.2375 0.2408 0.2410 0.2410 0.2409 0.2408 0.2407 0.2403 0.2397 0.2387 0.2371 0.2350 0.2321 0.2288 0.2251 0.2213 0.2179 0.2149 0.2125 0.2108 0.2096 0.2088 0.2084 0.2082 0.2082 0.2081 0.2081 0.2080 0.2046 0.1647 0.0391 -0.3790 -0.3615 -0.2744 -0.1546 0.2493 -0.0021 -0.3938 -0.3174 -0.2140 0.2374 0.1005 -0.3812 -0.3470 -0.2506 -0.0573 0.1704 -0.2696 -0.3725 -0.2806 -0.1558 0.2426 -0.0290 -0.3912 -0.3099 -0.2029 0.2711 0.0787 -0.3911 -0.3384 -0.2406 0.0207 0.1483 -0.3234 -0.3566
-0.3712 -0.1994 0.1915 -0.1002 -0.2598 -0.3551 -0.3629 0.1220 0.1557 -0.2266 -0.3276 -0.3953 0.0472 0.2760 -0.1867 -0.2986 -0.3851 -0.1150 0.2142 -0.1293 -0.2690 -0.3630 -0.3335 0.1423 0.0528 -0.2366 -0.3347 -0.3938 0.0614 0.2777 -0.1857 -0.2924 -0.3762 -0.3278 0.0885 0.2098 0.2505 0.2536 0.2537 0.2537 0.2536 0.2535 0.2533 0.2528 0.2520 0.2506 0.2485 0.2454 0.2415 0.2368 0.2316 0.2264 0.2216 0.2175 0.2142 0.2118 0.2102 0.2092 0.2086 0.2083 0.2082 0.2081 0.2081 0.2080 0.2046 0.1647 0.0392 -0.3789 -0.3616 -0.2745 -0.1547 0.2494 -0.0020 -0.3938 -0.3174 -0.2140 0.2372 0.1005 -0.3812 -0.3471 -0.2507 -0.0574 0.1704 -0.2695 -0.3725 -0.2807 -0.1558 0.2427 -0.0289 -0.3912 -0.3099 -0.2030 0.2711 0.0787 -0.3911 -0.3384 -0.2406 0.0206 0.1483 -0.3234 -0.3566
-0.3758 -0.1389 0.2078 -0.1222 -0.2665 -0.3609 -0.3426 0.1372 0.0762 -0.2348 -0.3339 -0.3937 0.0660 0.2773 -0.1962 -0.3051 -0.3888 -0.0617 0.2304 -0.1452 -0.2755 -0.3684 -0.3023 0.1576 -0.0152 -0.2443 -0.3408 -0.3898 0.0786 0.2751 -0.1952 -0.2989 -0.3809 -0.2947 0.1037 0.2265 0.2642 0.2665 0.2666 0.2666 0.2665 0.2664 0.2661 0.2656 0.2646 0.2631 0.2605 0.2568 0.2519 0.2457 0.2390 0.2321 0.2258 0.2204 0.2161 0.2130 0.2109 0.2096 0.2088 0.2084 0.2082 0.2081 0.2081 0.2080 0.2046 0.1647 0.0392 -0.3789 -0.3616 -0.2745 -0.1547 0.2494 -0.0020 -0.3938 -0.3174 -0.2140 0.2372 0.1005 -0.3812 -0.3471 -0.2507 -0.0574 0.1704 -0.2695 -0.3725 -0.2807 -0.1558 0.2427 -0.0289 -0.3912 -0.3099 -0.2030 0.2711 0.0787 -0.3911 -0.3384 -0.2406 0.0206 0.1483 -0.3234 -0.3566
-0.3806 -0.0732 0.2267 -0.1419 -0.2741 -0.3672 -0.3091 0.1551 -0.0076 -0.2439 -0.3410 -0.3887 0.0854 0.2643 -0.2066 -0.3125 -0.3923 -0.0148 0.2485 -0.1606 -0.2831 -0.3743 -0.2537 0.1751 -0.0677 -0.2520 -0.3478 -0.3813 0.0968 0.2553 -0.2055 -0.3063 -0.3857 -0.2440 0.1207 0.2451 0.2741 0.2748 0.2748 0.2748 0.2748 0.2747 0.2746 0.2744 0.2739 0.2728 0.2708 0.2673 0.2619 0.2548 0.2465 0.2380 0.2301 0.2234 0.2181 0.2142 0.2116 0.2099 0.2090 0.2085 0.2082 0.2082 0.2081 0.2080 0.2046 0.1647 0.0392 -0.3789 -0.3616 -0.2745 -0.1547 0.2494 -0.0020 -0.3938 -0.3174 -0.2140 0.2372 0.1005 -0.3812 -0.3471 -0.2507 -0.0574 0.1704 -0.2695 -0.3725 -0.2807 -0.1558 0.2427 -0.0289 -0.3912 -0.3099 -0.2030 0.2711 0.0787 -0.3911 -0.3384 -0.2406 0.0206 0.1483 -0.3234 -0.3566
-0.3850 -0.0192 0.2466 -0.1591 -0.2823 -0.3737 -0.2582 0.1741 -0.0668 -0.2523 -0.3486 -0.3783 0.1050 0.2235 -0.2173 -0.3204 -0.3949 0.0217 0.2657 -0.1749 -0.2912 -0.3802 -0.1859 0.1948 -0.1040 -0.2603 -0.3551 -0.3657 0.1157 0.2045 -0.2163 -0.3144 -0.3902 -0.1743 0.1390 0.2628 0.2721 0.2697 0.2695 0.2696 0.2697 0.2700 0.2706 0.2715 0.2729 0.2744 0.2752 0.2740 0.2699 0.2628 0.2535 0.2436 0.2342 0.2262 0.2199 0.2154 0.2123 0.2103 0.2092 0.2086 0.2083 0.2082 0.2081 0.2080 0.2046 0.1647 0.0392 -0.3789 -0.3616 -0.2745 -0.1547 0.2494 -0.0020 -0.3938 -0.3174 -0.2140 0.2372 0.1005 -0.3812 -0.3471 -0.2507 -0.0574 0.1704 -0.2695 -0.3725 -0.2807 -0.1558 0.2427 -0.0289 -0.3912 -0.3099 -0.2030 0.2711 0.0787 -0.3911 -0.3384 -0.2406 0.0206 0.1483 -0.3234 -0.3566
-0.3882 0.0180 0.2640 -0.1734 -0.2903 -0.3796 -0.1920 0.1935 -0.1032 -0.2606 -0.3558 -0.3611 0.1237 0.1479 -0.2275 -0.3283 -0.3953 0.0491 0.2765 -0.1876 -0.2992 -0.3854 -0.1121 0.2146 -0.1290 -0.2684 -0.3621 -0.3415 0.1342 0.1197 -0.2264 -0.3222 -0.3934 -0.1015 0.1572 0.2742 0.2488 0.2414 0.2411 0.2413 0.2418 0.2429 0.2450 0.2488 0.2547 0.2623 0.2699 0.2746 0.2743 0.2686 0.2592 0.2483 0.2378 0.2287 0.2216 0.2164 0.2129 0.2106 0.2093 0.2086 0.2083 0.2082 0.2081 0.2080 0.2046 0.1647 0.0392 -0.3789 -0.3616 -0.2745 -0.1547 0.2494 -0.0020 -0.3938 -0.3174 -0.2140 0.2372 0.1005 -0.3812 -0.3471 -0.2507 -0.0574 0.1704 -0.2695 -0.3725 -0.2807 -0.1558 0.2427 -0.0289 -0.3912 -0.3099 -0.2030 0.2711 0.0787 -0.3911 -0.3384 -0.2406 0.0206 0.1483 -0.3234 -0.3566
-0.3895 0.0410 0.2740 -0.1837 -0.2967 -0.3840 -0.1323 0.2095 -0.1241 -0.2671 -0.3615 -0.3402 0.1388 0.0681 -0.2356 -0.3345 -0.3936 0.0678 0.2769 -0.1970 -0.3056 -0.3891 -0.0594 0.2308 -0.1449 -0.2750 -0.3675 -0.3134 0.1494 0.0402 -0.2345 -0.3285 -0.3950 -0.0510 0.1724 0.2754 0.2077 0.1950 0.1945 0.1949 0.1960 0.1982 0.2026 0.2106 0.2230 0.2395 0.2568 0.2700 0.2751 0.2720 0.2630 0.2516 0.2403 0.2305 0.2227 0.2171 0.2133 0.2109 0.2095 0.2087 0.2083 0.2082 0.2081 0.2080 0.2046 0.1647 0.0392 -0.3789 -0.3616 -0.2745 -0.1547 0.2494 -0.0020 -0.3938 -0.3174 -0.2140 0.2372 0.1005 -0.3812 -0.3471 -0.2507 -0.0574 0.1704 -0.2695 -0.3725 -0.2807 -0.1558 0.2427 -0.0289 -0.3912 -0.3099 -0.2030 0.2711 0.0787 -0.3911 -0.3384 -0.2406 0.0206 0.1483 -0.3234 -0.3566
-0.3896 0.0502 0.2767 -0.1882 -0.2996 -0.3858 -0.1057 0.2169 -0.1321 -0.2701 -0.3640 -0.3282 0.1458 0.0328 -0.2392 -0.3373 -0.3920 0.0756 0.2735 -0.2011 -0.3085 -0.3906 -0.0392 0.2380 -0.1512 -0.2779 -0.3700 -0.2976 0.1564 0.0081 -0.2381 -0.3314 -0.3954 -0.0320 0.1796 0.2724 0.1802 0.1649 0.1644 0.1649 0.1663 0.1692 0.1750 0.1853 0.2018 0.2239 0.2474 0.2660 0.2746 0.2732 0.2647 0.2532 0.2415 0.2314 0.2234 0.2175 0.2135 0.2110 0.2095 0.2087 0.2083 0.2082 0.2081 0.2080 0.2046 0.1647 0.0392 -0.3789 -0.3616 -0.2745 -0.1547 0.2494 -0.0020 -0.3938 -0.3174 -0.2140 0.2372 0.1005 -0.3812 -0.3471 -0.2507 -0.0574 0.1704 -0.2695 -0.3725 -0.2807 -0.1558 0.2427 -0.0289 -0.3912 -0.3099 -0.2030 0.2711 0.0787 -0.3911 -0.3384 -0.2406 0.0206 0.1483 -0.3234 -0.3566
-0.3896 0.0441 0.2751 -0.1852 -0.2977 -0.3846 -0.1234 0.2119 -0.1269 -0.2681 -0.3623 -0.3365 0.1411 0.0562 -0.2368 -0.3354 -0.3932 0.0703 0.2761 -0.1983 -0.3065 -0.3896 -0.0527 0.2331 -0.1469 -0.2759 -0.3683 -0.3086 0.1516 0.0296 -0.2356 -0.3294 -0.3952 -0.0444 0.1749 0.2746 0.1964 0.1824 0.1819 0.1823 0.1835 0.1860 0.1909 0.1997 0.2137 0.2324 0.2523 0.2679 0.2749 0.2728 0.2642 0.2528 0.2413 0.2313 0.2233 0.2175 0.2135 0.2110 0.2095 0.2087 0.2083 0.2082 0.2081 0.2080 0.2046 0.1647 0.0392 -0.3789 -0.3616 -0.2745 -0.1547 0.2494 -0.0020 -0.3938 -0.3174 -0.2140 0.2372 0.1005 -0.3812 -0.3471 -0.2507 -0.0574 0.1704 -0.2695 -0.3725 -0.2807 -0.1558 0.2427 -0.0289 -0.3912 -0.3099 -0.2030 0.2711 0.0787 -0.3911 -0.3384 -0.2406 0.0206 0.1483 -0.3234 -0.3566
-0.3886 0.0235 0.2665 -0.1757 -0.2917 -0.3806 -0.1794 0.1969 -0.1082 -0.2620 -0.3571 -0.3571 0.1269 0.1315 -0.2292 -0.3296 -0.3951 0.0533 0.2774 -0.1896 -0.3005 -0.3862 -0.1005 0.2179 -0.1325 -0.2698 -0.3632 -0.3365 0.1372 0.1035 -0.2281 -0.3235 -0.3938 -0.0894 0.1607 0.2754 0.2387 0.2296 0.2292 0.2295 0.2301 0.2314 0.2340 0.2387 0.2461 0.2559 0.2661 0.2733 0.2750 0.2704 0.2614 0.2504 0.2395 0.2301 0.2226 0.2170 0.2133 0.2109 0.2095 0.2087 0.2083 0.2082 0.2081 0.2080 0.2046 0.1647 0.0392 -0.3789 -0.3616 -0.2745 -0.1547 0.2494 -0.0020 -0.3938 -0.3174 -0.2140 0.2372 0.1005 -0.3812 -0.3471 -0.2507 -0.0574 0.1704 -0.2695 -0.3725 -0.2807 -0.1558 0.2427 -0.0289 -0.3912 -0.3099 -0.2030 0.2711 0.0787 -0.3911 -0.3384 -0.2406 0.0206 0.1483 -0.3234 -0.3566
-0.3856 -0.0120 0.2498 -0.1616 -0.2837 -0.3748 -0.2481 0.1773 -0.0741 -0.2537 -0.3498 -0.3760 0.1081 0.2135 -0.2190 -0.3218 -0.3951 0.0267 0.2680 -0.1771 -0.2925 -0.3810 -0.1744 0.1978 -0.1084 -0.2616 -0.3562 -0.3627 0.1186 0.1936 -0.2178 -0.3156 -0.3907 -0.1620 0.1423 0.2658 0.2688 0.2652 0.2651 0.2651 0.2653 0.2657 0.2665 0.2679 0.2700 0.2726 0.2747 0.2749 0.2719 0.2654 0.2563 0.2461 0.2364 0.2279 0.2212 0.2162 0.2128 0.2106 0.2093 0.2086 0.2083 0.2082 0.2081 0.2080 0.2046 0.1647 0.0392 -0.3789 -0.3616 -0.2745 -0.1547 0.2494 -0.0020 -0.3938 -0.3174 -0.2140 0.2372 0.1005 -0.3812 -0.3471 -0.2507 -0.0574 0.1704 -0.2695 -0.3725 -0.2807 -0.1558 0.2427 -0.0289 -0.3912 -0.3099 -0.2030 0.2711 0.0787 -0.3911 -0.3384 -0.2406 0.0206 0.1483 -0.3234 -0.3566
-0.3812 -0.0657 0.2291 -0.1441 -0.2751 -0.3680 -0.3039 0.1573 -0.0164 -0.2449 -0.3419 -0.3878 0.0878 0.2611 -0.2079 -0.3134 -0.3927 -0.0098 0.2507 -0.1624 -0.2840 -0.3750 -0.2469 0.1773 -0.0726 -0.2530 -0.3486 -0.3800 0.0989 0.2513 -0.2068 -0.3072 -0.3863 -0.2362 0.1232 0.2483 0.2750 0.2752 0.2752 0.2752 0.2752 0.2752 0.2751 0.2751 0.2748 0.2741 0.2726 0.2695 0.2645 0.2576 0.2493 0.2405 0.2322 0.2250 0.2193 0.2150 0.2121 0.2103 0.2091 0.2085 0.2083 0.2082 0.2081 0.2080 0.2046 0.1647 0.0392 -0.3789 -0.3616 -0.2745 -0.1547 0.2494 -0.0020 -0.3938 -0.3174 -0.2140 0.2372 0.1005 -0.3812 -0.3471 -0.2507 -0.0574 0.1704 -0.2695 -0.3725 -0.2807 -0.1558 0.2427 -0.0289 -0.3912 -0.3099 -0.2030 0.2711 0.0787 -0.3911 -0.3384 -0.2406 0.0206 0.1483 -0.3234 -0.3566
-0.3762 -0.1334 0.2092 -0.1238 -0.2670 -0.3614 -0.3404 0.1386 0.0692 -0.2355 -0.3344 -0.3934 0.0676 0.2770 -0.1970 -0.3056 -0.3891 -0.0577 0.2318 -0.1464 -0.2761 -0.3688 -0.2993 0.1588 -0.0198 -0.2448 -0.3413 -0.3894 0.0799 0.2743 -0.1959 -0.2994 -0.3813 -0.2912 0.1053 0.2288 0.2661 0.2682 0.2683 0.2683 0.2683 0.2682 0.2679 0.2674 0.2666 0.2651 0.2627 0.2591 0.2542 0.2481 0.2412 0.2341 0.2275 0.2217 0.2171 0.2137 0.2113 0.2098 0.2089 0.2085 0.2082 0.2082 0.2081 0.2080 0.2046 0.1647 0.0392 -0.3789 -0.3616 -0.2745 -0.1547 0.2494 -0.0020 -0.3938 -0.3174 -0.2140 0.2372 0.1005 -0.3812 -0.3471 -0.2507 -0.0574 0.1704 -0.2695 -0.3725 -0.2807 -0.1558 0.2427 -0.0289 -0.3912 -0.3099 -0.2030 0.2711 0.0787 -0.3911 -0.3384 -0.2406 0.0206 0.1483 -0.3234 -0.3566
