0.4055 0.3686 0.3301 0.2920 0.2580 0.2314 0.2129 0.2012 0.1943 0.1903 0.1881 0.1869 0.1863 0.1860 0.1858 0.1857 0.1857 0.1857 0.1857 0.1857 0.1857 0.1857 0.1857 0.1857 0.1857 0.1857 0.1857 0.1857 0.1857 0.1857 0.1857 0.1857 0.1857 0.1857 0.1857 0.1857 0.1857 0.1857 0.1857 0.1857 0.1857 0.1857 0.1857 0.1857 0.1857 0.1857 0.1857 0.1857 0.1857 0.1857 0.1857 0.1857 0.1857 0.1857 0.1857 0.1857 0.1857 0.1857 0.1857 0.1857 0.1857 0.1857 0.1857 0.1857 0.1857 0.1857 0.1857 0.1857 0.1857 0.1857 0.1857 0.1857 0.1857 0.1857 0.1857 0.1857 0.1857 0.1857 0.1857 0.1857 0.1857 0.1857 0.1857 0.1857 0.1857 0.1857 0.1858 0.1860 0.1863 0.1869 0.1881 0.1903 0.1943 0.2012 0.2129 0.2314 0.2580 0.2920 0.3301 0.3686 0.4055
0.3686 0.3262 0.2835 0.2438 0.2120 0.1908 0.1786 0.1719 0.1683 0.1662 0.1651 0.1645 0.1641 0.1640 0.1639 0.1638 0.1638 0.1638 0.1638 0.1638 0.1638 0.1638 0.1638 0.1638 0.1638 0.1638 0.1638 0.1638 0.1638 0.1638 0.1638 0.1638 0.1638 0.1638 0.1638 0.1638 0.1638 0.1638 0.1638 0.1638 0.1638 0.1638 0.1638 0.1638 0.1638 0.1638 0.1638 0.1638 0.1638 0.1638 0.1638 0.1638 0.1638 0.1638 0.1638 0.1638 0.1638 0.1638 0.1638 0.1638 0.1638 0.1638 0.1638 0.1638 0.1638 0.1638 0.1638 0.1638 0.1638 0.1638 0.1638 0.1638 0.1638 0.1638 0.1638 0.1638 0.1638 0.1638 0.1638 0.1638 0.1638 0.1638 0.1638 0.1638 0.1638 0.1638 0.1639 0.1640 0.1641 0.1645 0.1651 0.1662 0.1683 0.1719 0.1786 0.1908 0.2120 0.2438 0.2835 0.3262 0.3686
0.3301 0.2835 0.2392 0.2031 0.1800 0.1677 0.1612 0.1575 0.1554 0.1542 0.1535 0.1531 0.1529 0.1528 0.1528 0.1528 0.1527 0.1527 0.1527 0.1527 0.1527 0.1527 0.1527 0.1527 0.1527 0.1527 0.1527 0.1527 0.1527 0.1527 0.1527 0.1527 0.1527 0.1527 0.1527 0.1527 0.1527 0.1527 0.1527 0.1527 0.1527 0.1527 0.1527 0.1527 0.1527 0.1527 0.1527 0.1527 0.1527 0.1527 0.1527 0.1527 0.1527 0.1527 0.1527 0.1527 0.1527 0.1527 0.1527 0.1527 0.1527 0.1527 0.1527 0.1527 0.1527 0.1527 0.1527 0.1527 0.1527 0.1527 0.1527 0.1527 0.1527 0.1527 0.1527 0.1527 0.1527 0.1527 0.1527 0.1527 0.1527 0.1527 0.1527 0.1527 0.1527 0.1528 0.1528 0.1528 0.1529 0.1531 0.1535 0.1542 0.1554 0.1575 0.1612 0.1677 0.1800 0.2031 0.2392 0.2835 0.3301
0.2920 0.2438 0.2031 0.1769 0.1634 0.1561 0.1520 0.1495 0.1481 0.1472 0.1467 0.1465 0.1463 0.1463 0.1462 0.1462 0.1462 0.1462 0.1462 0.1462 0.1462 0.1462 0.1462 0.1462 0.1462 0.1462 0.1462 0.1462 0.1462 0.1462 0.1462 0.1462 0.1462 0.1462 0.1462 0.1462 0.1462 0.1462 0.1462 0.1462 0.1462 0.1462 0.1462 0.1462 0.1462 0.1462 0.1462 0.1462 0.1462 0.1462 0.1462 0.1462 0.1462 0.1462 0.1462 0.1462 0.1462 0.1462 0.1462 0.1462 0.1462 0.1462 0.1462 0.1462 0.1462 0.1462 0.1462 0.1462 0.1462 0.1462 0.1462 0.1462 0.1462 0.1462 0.1462 0.1462 0.1462 0.1462 0.1462 0.1462 0.1462 0.1462 0.1462 0.1462 0.1462 0.1462 0.1462 0.1463 0.1463 0.1465 0.1467 0.1472 0.1481 0.1495 0.1520 0.1561 0.1634 0.1769 0.2031 0.2438 0.2920
0.2580 0.2120 0.1800 0.1634 0.1546 0.1495 0.1465 0.1446 0.1435 0.1429 0.1425 0.1423 0.1422 0.1422 0.1422 0.1421 0.1421 0.1421 0.1421 0.1421 0.1421 0.1421 0.1421 0.1421 0.1421 0.1421 0.1421 0.1421 0.1421 0.1421 0.1421 0.1421 0.1421 0.1421 0.1421 0.1421 0.1421 0.1421 0.1421 0.1421 0.1421 0.1421 0.1421 0.1421 0.1421 0.1421 0.1421 0.1421 0.1421 0.1421 0.1421 0.1421 0.1421 0.1421 0.1421 0.1421 0.1421 0.1421 0.1421 0.1421 0.1421 0.1421 0.1421 0.1421 0.1421 0.1421 0.1421 0.1421 0.1421 0.1421 0.1421 0.1421 0.1421 0.1421 0.1421 0.1421 0.1421 0.1421 0.1421 0.1421 0.1421 0.1421 0.1421 0.1421 0.1421 0.1421 0.1422 0.1422 0.1422 0.1423 0.1425 0.1429 0.1435 0.1446 0.1465 0.1495 0.1546 0.1634 0.1800 0.2120 0.2580
0.2314 0.1908 0.1677 0.1561 0.1495 0.1455 0.1431 0.1416 0.1407 0.1402 0.1399 0.1398 0.1397 0.1396 0.1396 0.1396 0.1396 0.1396 0.1396 0.1396 0.1396 0.1396 0.1396 0.1396 0.1396 0.1396 0.1396 0.1396 0.1396 0.1396 0.1396 0.1396 0.1396 0.1396 0.1396 0.1396 0.1396 0.1396 0.1396 0.1396 0.1396 0.1396 0.1396 0.1396 0.1396 0.1396 0.1396 0.1396 0.1396 0.1396 0.1396 0.1396 0.1396 0.1396 0.1396 0.1396 0.1396 0.1396 0.1396 0.1396 0.1396 0.1396 0.1396 0.1396 0.1396 0.1396 0.1396 0.1396 0.1396 0.1396 0.1396 0.1396 0.1396 0.1396 0.1396 0.1396 0.1396 0.1396 0.1396 0.1396 0.1396 0.1396 0.1396 0.1396 0.1396 0.1396 0.1396 0.1396 0.1397 0.1398 0.1399 0.1402 0.1407 0.1416 0.1431 0.1455 0.1495 0.1561 0.1677 0.1908 0.2314
0.2129 0.1786 0.1612 0.1520 0.1465 0.1431 0.1410 0.1397 0.1390 0.1385 0.1383 0.1382 0.1381 0.1381 0.1380 0.1380 0.1380 0.1380 0.1380 0.1380 0.1380 0.1380 0.1380 0.1380 0.1380 0.1380 0.1380 0.1380 0.1380 0.1380 0.1380 0.1380 0.1380 0.1380 0.1380 0.1380 0.1380 0.1380 0.1380 0.1380 0.1380 0.1380 0.1380 0.1380 0.1380 0.1380 0.1380 0.1380 0.1380 0.1380 0.1380 0.1380 0.1380 0.1380 0.1380 0.1380 0.1380 0.1380 0.1380 0.1380 0.1380 0.1380 0.1380 0.1380 0.1380 0.1380 0.1380 0.1380 0.1380 0.1380 0.1380 0.1380 0.1380 0.1380 0.1380 0.1380 0.1380 0.1380 0.1380 0.1380 0.1380 0.1380 0.1380 0.1380 0.1380 0.1380 0.1380 0.1381 0.1381 0.1382 0.1383 0.1385 0.1390 0.1397 0.1410 0.1431 0.1465 0.1520 0.1612 0.1786 0.2129
0.2012 0.1719 0.1575 0.1495 0.1446 0.1416 0.1397 0.1386 0.1379 0.1376 0.1373 0.1372 0.1371 0.1371 0.1371 0.1371 0.1371 0.1371 0.1371 0.1371 0.1371 0.1371 0.1371 0.1371 0.1371 0.1371 0.1371 0.1371 0.1371 0.1371 0.1371 0.1371 0.1371 0.1371 0.1371 0.1371 0.1371 0.1371 0.1371 0.1371 0.1371 0.1371 0.1371 0.1371 0.1371 0.1371 0.1371 0.1371 0.1371 0.1371 0.1371 0.1371 0.1371 0.1371 0.1371 0.1371 0.1371 0.1371 0.1371 0.1371 0.1371 0.1371 0.1371 0.1371 0.1371 0.1371 0.1371 0.1371 0.1371 0.1371 0.1371 0.1371 0.1371 0.1371 0.1371 0.1371 0.1371 0.1371 0.1371 0.1371 0.1371 0.1371 0.1371 0.1371 0.1371 0.1371 0.1371 0.1371 0.1371 0.1372 0.1373 0.1376 0.1379 0.1386 0.1397 0.1416 0.1446 0.1495 0.1575 0.1719 0.2012
0.1943 0.1683 0.1554 0.1481 0.1435 0.1407 0.1390 0.1379 0.1373 0.1370 0.1368 0.1367 0.1366 0.1366 0.1365 0.1365 0.1365 0.1365 0.1365 0.1365 0.1365 0.1365 0.1365 0.1365 0.1365 0.1365 0.1365 0.1365 0.1365 0.1365 0.1365 0.1365 0.1365 0.1365 0.1365 0.1365 0.1365 0.1365 0.1365 0.1365 0.1365 0.1365 0.1365 0.1365 0.1365 0.1365 0.1365 0.1365 0.1365 0.1365 0.1365 0.1365 0.1365 0.1365 0.1365 0.1365 0.1365 0.1365 0.1365 0.1365 0.1365 0.1365 0.1365 0.1365 0.1365 0.1365 0.1365 0.1365 0.1365 0.1365 0.1365 0.1365 0.1365 0.1365 0.1365 0.1365 0.1365 0.1365 0.1365 0.1365 0.1365 0.1365 0.1365 0.1365 0.1365 0.1365 0.1365 0.1366 0.1366 0.1367 0.1368 0.1370 0.1373 0.1379 0.1390 0.1407 0.1435 0.1481 0.1554 0.1683 0.1943
0.1903 0.1662 0.1542 0.1472 0.1429 0.1402 0.1385 0.1376 0.1370 0.1366 0.1364 0.1363 0.1363 0.1362 0.1362 0.1362 0.1362 0.1362 0.1362 0.1362 0.1362 0.1362 0.1362 0.1362 0.1362 0.1362 0.1362 0.1362 0.1362 0.1362 0.1362 0.1362 0.1362 0.1362 0.1362 0.1362 0.1362 0.1362 0.1362 0.1362 0.1362 0.1362 0.1362 0.1362 0.1362 0.1362 0.1362 0.1362 0.1362 0.1362 0.1362 0.1362 0.1362 0.1362 0.1362 0.1362 0.1362 0.1362 0.1362 0.1362 0.1362 0.1362 0.1362 0.1362 0.1362 0.1362 0.1362 0.1362 0.1362 0.1362 0.1362 0.1362 0.1362 0.1362 0.1362 0.1362 0.1362 0.1362 0.1362 0.1362 0.1362 0.1362 0.1362 0.1362 0.1362 0.1362 0.1362 0.1362 0.1363 0.1363 0.1364 0.1366 0.1370 0.1376 0.1385 0.1402 0.1429 0.1472 0.1542 0.1662 0.1903
0.1881 0.1651 0.1535 0.1467 0.1425 0.1399 0.1383 0.1373 0.1368 0.1364 0.1363 0.1362 0.1361 0.1361 0.1361 0.1360 0.1360 0.1360 0.1360 0.1360 0.1360 0.1360 0.1360 0.1360 0.1360 0.1360 0.1360 0.1360 0.1360 0.1360 0.1360 0.1360 0.1360 0.1360 0.1360 0.1360 0.1360 0.1360 0.1360 0.1360 0.1360 0.1360 0.1360 0.1360 0.1360 0.1360 0.1360 0.1360 0.1360 0.1360 0.1360 0.1360 0.1360 0.1360 0.1360 0.1360 0.1360 0.1360 0.1360 0.1360 0.1360 0.1360 0.1360 0.1360 0.1360 0.1360 0.1360 0.1360 0.1360 0.1360 0.1360 0.1360 0.1360 0.1360 0.1360 0.1360 0.1360 0.1360 0.1360 0.1360 0.1360 0.1360 0.1360 0.1360 0.1360 0.1360 0.1361 0.1361 0.1361 0.1362 0.1363 0.1364 0.1368 0.1373 0.1383 0.1399 0.1425 0.1467 0.1535 0.1651 0.1881
0.1869 0.1645 0.1531 0.1465 0.1423 0.1398 0.1382 0.1372 0.1367 0.1363 0.1362 0.1361 0.1360 0.1360 0.1360 0.1359 0.1359 0.1359 0.1359 0.1359 0.1359 0.1359 0.1359 0.1359 0.1359 0.1359 0.1359 0.1359 0.1359 0.1359 0.1359 0.1359 0.1359 0.1359 0.1359 0.1359 0.1359 0.1359 0.1359 0.1359 0.1359 0.1359 0.1359 0.1359 0.1359 0.1359 0.1359 0.1359 0.1359 0.1359 0.1359 0.1359 0.1359 0.1359 0.1359 0.1359 0.1359 0.1359 0.1359 0.1359 0.1359 0.1359 0.1359 0.1359 0.1359 0.1359 0.1359 0.1359 0.1359 0.1359 0.1359 0.1359 0.1359 0.1359 0.1359 0.1359 0.1359 0.1359 0.1359 0.1359 0.1359 0.1359 0.1359 0.1359 0.1359 0.1359 0.1360 0.1360 0.1360 0.1361 0.1362 0.1363 0.1367 0.1372 0.1382 0.1398 0.1423 0.1465 0.1531 0.1645 0.1869
0.1863 0.1641 0.1529 0.1463 0.1422 0.1397 0.1381 0.1371 0.1366 0.1363 0.1361 0.1360 0.1359 0.1359 0.1359 0.1359 0.1359 0.1359 0.1359 0.1359 0.1359 0.1359 0.1359 0.1359 0.1359 0.1359 0.1359 0.1359 0.1359 0.1359 0.1359 0.1359 0.1359 0.1359 0.1359 0.1359 0.1359 0.1359 0.1359 0.1359 0.1359 0.1359 0.1359 0.1359 0.1359 0.1359 0.1359 0.1359 0.1359 0.1359 0.1359 0.1359 0.1359 0.1359 0.1359 0.1359 0.1359 0.1359 0.1359 0.1359 0.1359 0.1359 0.1359 0.1359 0.1359 0.1359 0.1359 0.1359 0.1359 0.1359 0.1359 0.1359 0.1359 0.1359 0.1359 0.1359 0.1359 0.1359 0.1359 0.1359 0.1359 0.1359 0.1359 0.1359 0.1359 0.1359 0.1359 0.1359 0.1359 0.1360 0.1361 0.1363 0.1366 0.1371 0.1381 0.1397 0.1422 0.1463 0.1529 0.1641 0.1863
0.1860 0.1640 0.1528 0.1463 0.1422 0.1396 0.1381 0.1371 0.1366 0.1362 0.1361 0.1360 0.1359 0.1359 0.1359 0.1359 0.1359 0.1359 0.1359 0.1359 0.1359 0.1359 0.1359 0.1359 0.1359 0.1359 0.1358 0.1358 0.1358 0.1358 0.1358 0.1358 0.1358 0.1358 0.1358 0.1358 0.1358 0.1358 0.1358 0.1358 0.1358 0.1358 0.1358 0.1358 0.1358 0.1358 0.1358 0.1358 0.1358 0.1358 0.1358 0.1358 0.1358 0.1358 0.1358 0.1358 0.1358 0.1358 0.1358 0.1358 0.1358 0.1358 0.1358 0.1358 0.1358 0.1358 0.1358 0.1358 0.1358 0.1358 0.1358 0.1358 0.1358 0.1358 0.1358 0.1359 0.1359 0.1359 0.1359 0.1359 0.1359 0.1359 0.1359 0.1359 0.1359 0.1359 0.1359 0.1359 0.1359 0.1360 0.1361 0.1362 0.1366 0.1371 0.1381 0.1396 0.1422 0.1463 0.1528 0.1640 0.1860
0.1858 0.1639 0.1528 0.1462 0.1422 0.1396 0.1380 0.1371 0.1365 0.1362 0.1361 0.1360 0.1359 0.1359 0.1359 0.1359 0.1359 0.1358 0.1358 0.1358 0.1358 0.1358 0.1358 0.1358 0.1358 0.1358 0.1358 0.1358 0.1358 0.1358 0.1358 0.1358 0.1358 0.1358 0.1358 0.1358 0.1358 0.1358 0.1358 0.1358 0.1358 0.1358 0.1358 0.1358 0.1358 0.1358 0.1358 0.1358 0.1358 0.1358 0.1358 0.1358 0.1358 0.1358 0.1358 0.1358 0.1358 0.1358 0.1358 0.1358 0.1358 0.1358 0.1358 0.1358 0.1358 0.1358 0.1358 0.1358 0.1358 0.1358 0.1358 0.1358 0.1358 0.1358 0.1358 0.1358 0.1358 0.1358 0.1358 0.1358 0.1358 0.1358 0.1358 0.1358 0.1359 0.1359 0.1359 0.1359 0.1359 0.1360 0.1361 0.1362 0.1365 0.1371 0.1380 0.1396 0.1422 0.1462 0.1528 0.1639 0.1858
0.1857 0.1638 0.1528 0.1462 0.1421 0.1396 0.1380 0.1371 0.1365 0.1362 0.1360 0.1359 0.1359 0.1359 0.1359 0.1358 0.1358 0.1358 0.1358 0.1358 0.1358 0.1358 0.1358 0.1358 0.1358 0.1358 0.1358 0.1358 0.1358 0.1358 0.1358 0.1358 0.1358 0.1358 0.1358 0.1358 0.1358 0.1358 0.1358 0.1358 0.1358 0.1358 0.1358 0.1358 0.1358 0.1358 0.1358 0.1358 0.1358 0.1358 0.1358 0.1358 0.1358 0.1358 0.1358 0.1358 0.1358 0.1358 0.1358 0.1358 0.1358 0.1358 0.1358 0.1358 0.1358 0.1358 0.1358 0.1358 0.1358 0.1358 0.1358 0.1358 0.1358 0.1358 0.1358 0.1358 0.1358 0.1358 0.1358 0.1358 0.1358 0.1358 0.1358 0.1358 0.1358 0.1358 0.1359 0.1359 0.1359 0.1359 0.1360 0.1362 0.1365 0.1371 0.1380 0.1396 0.1421 0.1462 0.1528 0.1638 0.1857
0.1857 0.1638 0.1527 0.1462 0.1421 0.1396 0.1380 0.1371 0.1365 0.1362 0.1360 0.1359 0.1359 0.1359 0.1359 0.1358 0.1358 0.1358 0.1358 0.1358 0.1358 0.1358 0.1358 0.1358 0.1358 0.1358 0.1358 0.1358 0.1358 0.1358 0.1358 0.1358 0.1358 0.1358 0.1358 0.1358 0.1358 0.1358 0.1358 0.1358 0.1358 0.1358 0.1358 0.1358 0.1358 0.1358 0.1358 0.1358 0.1358 0.1358 0.1358 0.1358 0.1358 0.1358 0.1358 0.1358 0.1358 0.1358 0.1358 0.1358 0.1358 0.1358 0.1358 0.1358 0.1358 0.1358 0.1358 0.1358 0.1358 0.1358 0.1358 0.1358 0.1358 0.1358 0.1358 0.1358 0.1358 0.1358 0.1358 0.1358 0.1358 0.1358 0.1358 0.1358 0.1358 0.1358 0.1359 0.1359 0.1359 0.1359 0.1360 0.1362 0.1365 0.1371 0.1380 0.1396 0.1421 0.1462 0.1527 0.1638 0.1857
0.1857 0.1638 0.1527 0.1462 0.1421 0.1396 0.1380 0.1371 0.1365 0.1362 0.1360 0.1359 0.1359 0.1359 0.1358 0.1358 0.1358 0.1358 0.1358 0.1358 0.1358 0.1358 0.1358 0.1358 0.1358 0.1358 0.1358 0.1358 0.1358 0.1358 0.1358 0.1358 0.1358 0.1358 0.1358 0.1358 0.1358 0.1358 0.1358 0.1358 0.1358 0.1358 0.1358 0.1358 0.1358 0.1358 0.1358 0.1358 0.1358 0.1358 0.1358 0.1358 0.1358 0.1358 0.1358 0.1358 0.1358 0.1358 0.1358 0.1358 0.1358 0.1358 0.1358 0.1358 0.1358 0.1358 0.1358 0.1358 0.1358 0.1358 0.1358 0.1358 0.1358 0.1358 0.1358 0.1358 0.1358 0.1358 0.1358 0.1358 0.1358 0.1358 0.1358 0.1358 0.1358 0.1358 0.1358 0.1359 0.1359 0.1359 0.1360 0.1362 0.1365 0.1371 0.1380 0.1396 0.1421 0.1462 0.1527 0.1638 0.1857
0.1857 0.1638 0.1527 0.1462 0.1421 0.1396 0.1380 0.1371 0.1365 0.1362 0.1360 0.1359 0.1359 0.1359 0.1358 0.1358 0.1358 0.1358 0.1358 0.1358 0.1358 0.1358 0.1358 0.1358 0.1358 0.1358 0.1358 0.1358 0.1358 0.1358 0.1358 0.1358 0.1358 0.1358 0.1358 0.1358 0.1358 0.1358 0.1358 0.1358 0.1358 0.1358 0.1358 0.1358 0.1358 0.1358 0.1358 0.1358 0.1358 0.1358 0.1358 0.1358 0.1358 0.1358 0.1358 0.1358 0.1358 0.1358 0.1358 0.1358 0.1358 0.1358 0.1358 0.1358 0.1358 0.1358 0.1358 0.1358 0.1358 0.1358 0.1358 0.1358 0.1358 0.1358 0.1358 0.1358 0.1358 0.1358 0.1358 0.1358 0.1358 0.1358 0.1358 0.1358 0.1358 0.1358 0.1358 0.1359 0.1359 0.1359 0.1360 0.1362 0.1365 0.1371 0.1380 0.1396 0.1421 0.1462 0.1527 0.1638 0.1857
0.1857 0.1638 0.1527 0.1462 0.1421 0.1396 0.1380 0.1371 0.1365 0.1362 0.1360 0.1359 0.1359 0.1359 0.1358 0.1358 0.1358 0.1358 0.1358 0.1358 0.1358 0.1358 0.1358 0.1358 0.1358 0.1358 0.1358 0.1358 0.1358 0.1358 0.1358 0.1358 0.1358 0.1358 0.1358 0.1358 0.1358 0.1358 0.1358 0.1358 0.1358 0.1358 0.1358 0.1358 0.1358 0.1358 0.1358 0.1358 0.1358 0.1358 0.1358 0.1358 0.1358 0.1358 0.1358 0.1358 0.1358 0.1358 0.1358 0.1358 0.1358 0.1358 0.1358 0.1358 0.1358 0.1358 0.1358 0.1358 0.1358 0.1358 0.1358 0.1358 0.1358 0.1358 0.1358 0.1358 0.1358 0.1358 0.1358 0.1358 0.1358 0.1358 0.1358 0.1358 0.1358 0.1358 0.1358 0.1359 0.1359 0.1359 0.1360 0.1362 0.1365 0.1371 0.1380 0.1396 0.1421 0.1462 0.1527 0.1638 0.1857
0.1857 0.1638 0.1527 0.1462 0.1421 0.1396 0.1380 0.1371 0.1365 0.1362 0.1360 0.1359 0.1359 0.1359 0.1358 0.1358 0.1358 0.1358 0.1358 0.1358 0.1358 0.1358 0.1358 0.1358 0.1358 0.1358 0.1358 0.1358 0.1358 0.1358 0.1358 0.1358 0.1358 0.1358 0.1358 0.1358 0.1358 0.1358 0.1358 0.1358 0.1358 0.1358 0.1358 0.1358 0.1358 0.1358 0.1358 0.1358 0.1358 0.1358 0.1358 0.1358 0.1358 0.1358 0.1358 0.1358 0.1358 0.1358 0.1358 0.1358 0.1358 0.1358 0.1358 0.1358 0.1358 0.1358 0.1358 0.1358 0.1358 0.1358 0.1358 0.1358 0.1358 0.1358 0.1358 0.1358 0.1358 0.1358 0.1358 0.1358 0.1358 0.1358 0.1358 0.1358 0.1358 0.1358 0.1358 0.1359 0.1359 0.1359 0.1360 0.1362 0.1365 0.1371 0.1380 0.1396 0.1421 0.1462 0.1527 0.1638 0.1857
0.1856 0.1638 0.1527 0.1462 0.1421 0.1396 0.1380 0.1371 0.1365 0.1362 0.1360 0.1359 0.1359 0.1359 0.1358 0.1358 0.1358 0.1358 0.1358 0.1358 0.1358 0.1358 0.1358 0.1358 0.1358 0.1358 0.1358 0.1358 0.1358 0.1358 0.1358 0.1358 0.1358 0.1358 0.1358 0.1358 0.1358 0.1358 0.1358 0.1358 0.1358 0.1358 0.1358 0.1358 0.1358 0.1358 0.1358 0.1358 0.1358 0.1358 0.1358 0.1358 0.1358 0.1358 0.1358 0.1358 0.1358 0.1358 0.1358 0.1358 0.1358 0.1358 0.1358 0.1358 0.1358 0.1358 0.1358 0.1358 0.1358 0.1358 0.1358 0.1358 0.1358 0.1358 0.1358 0.1358 0.1358 0.1358 0.1358 0.1358 0.1358 0.1358 0.1358 0.1358 0.1358 0.1358 0.1358 0.1359 0.1359 0.1359 0.1360 0.1362 0.1365 0.1371 0.1380 0.1396 0.1421 0.1462 0.1527 0.1638 0.1857
0.1856 0.1638 0.1527 0.1462 0.1421 0.1396 0.1380 0.1371 0.1365 0.1362 0.1360 0.1359 0.1359 0.1359 0.1358 0.1358 0.1358 0.1358 0.1358 0.1358 0.1358 0.1358 0.1358 0.1358 0.1358 0.1358 0.1358 0.1358 0.1358 0.1358 0.1358 0.1358 0.1358 0.1358 0.1358 0.1358 0.1358 0.1358 0.1358 0.1358 0.1358 0.1358 0.1358 0.1358 0.1358 0.1358 0.1358 0.1358 0.1358 0.1358 0.1358 0.1358 0.1358 0.1358 0.1358 0.1358 0.1358 0.1358 0.1358 0.1358 0.1358 0.1358 0.1358 0.1358 0.1358 0.1358 0.1358 0.1358 0.1358 0.1358 0.1358 0.1358 0.1358 0.1358 0.1358 0.1358 0.1358 0.1358 0.1358 0.1358 0.1358 0.1358 0.1358 0.1358 0.1358 0.1358 0.1358 0.1359 0.1359 0.1359 0.1360 0.1362 0.1365 0.1371 0.1380 0.1396 0.1421 0.1462 0.1527 0.1638 0.1857
0.1856 0.1638 0.1527 0.1462 0.1421 0.1396 0.1380 0.1371 0.1365 0.1362 0.1360 0.1359 0.1359 0.1359 0.1358 0.1358 0.1358 0.1358 0.1358 0.1358 0.1358 0.1358 0.1358 0.1358 0.1358 0.1358 0.1358 0.1358 0.1358 0.1358 0.1358 0.1358 0.1358 0.1358 0.1358 0.1358 0.1358 0.1358 0.1358 0.1358 0.1358 0.1358 0.1358 0.1358 0.1358 0.1358 0.1358 0.1358 0.1358 0.1358 0.1358 0.1358 0.1358 0.1358 0.1358 0.1358 0.1358 0.1358 0.1358 0.1358 0.1358 0.1358 0.1358 0.1358 0.1358 0.1358 0.1358 0.1358 0.1358 0.1358 0.1358 0.1358 0.1358 0.1358 0.1358 0.1358 0.1358 0.1358 0.1358 0.1358 0.1358 0.1358 0.1358 0.1358 0.1358 0.1358 0.1358 0.1359 0.1359 0.1359 0.1360 0.1362 0.1365 0.1371 0.1380 0.1396 0.1421 0.1462 0.1527 0.1638 0.1857
0.1856 0.1638 0.1527 0.1462 0.1421 0.1396 0.1380 0.1371 0.1365 0.1362 0.1360 0.1359 0.1359 0.1359 0.1358 0.1358 0.1358 0.1358 0.1358 0.1358 0.1358 0.1358 0.1358 0.1358 0.1358 0.1358 0.1358 0.1358 0.1358 0.1358 0.1358 0.1358 0.1358 0.1358 0.1358 0.1358 0.1358 0.1358 0.1358 0.1358 0.1358 0.1358 0.1358 0.1358 0.1358 0.1358 0.1358 0.1358 0.1358 0.1358 0.1358 0.1358 0.1358 0.1358 0.1358 0.1358 0.1358 0.1358 0.1358 0.1358 0.1358 0.1358 0.1358 0.1358 0.1358 0.1358 0.1358 0.1358 0.1358 0.1358 0.1358 0.1358 0.1358 0.1358 0.1358 0.1358 0.1358 0.1358 0.1358 0.1358 0.1358 0.1358 0.1358 0.1358 0.1358 0.1358 0.1358 0.1359 0.1359 0.1359 0.1360 0.1362 0.1365 0.1371 0.1380 0.1396 0.1421 0.1462 0.1527 0.1638 0.1857
0.1856 0.1638 0.1527 0.1462 0.1421 0.1396 0.1380 0.1371 0.1365 0.1362 0.1360 0.1359 0.1359 0.1358 0.1358 0.1358 0.1358 0.1358 0.1358 0.1358 0.1358 0.1358 0.1358 0.1358 0.1358 0.1358 0.1358 0.1358 0.1358 0.1358 0.1358 0.1358 0.1358 0.1358 0.1358 0.1358 0.1358 0.1358 0.1358 0.1358 0.1358 0.1358 0.1358 0.1358 0.1358 0.1358 0.1358 0.1358 0.1358 0.1358 0.1358 0.1358 0.1358 0.1358 0.1358 0.1358 0.1358 0.1358 0.1358 0.1358 0.1358 0.1358 0.1358 0.1358 0.1358 0.1358 0.1358 0.1358 0.1358 0.1358 0.1358 0.1358 0.1358 0.1358 0.1358 0.1358 0.1358 0.1358 0.1358 0.1358 0.1358 0.1358 0.1358 0.1358 0.1358 0.1358 0.1358 0.1359 0.1359 0.1359 0.1360 0.1362 0.1365 0.1371 0.1380 0.1396 0.1421 0.1462 0.1527 0.1638 0.1857
0.1855 0.1637 0.1527 0.1462 0.1421 0.1396 0.1380 0.1371 0.1365 0.1362 0.1360 0.1359 0.1359 0.1358 0.1358 0.1358 0.1358 0.1358 0.1358 0.1358 0.1358 0.1358 0.1358 0.1358 0.1358 0.1358 0.1358 0.1358 0.1358 0.1358 0.1358 0.1358 0.1358 0.1358 0.1358 0.1358 0.1358 0.1358 0.1358 0.1358 0.1358 0.1358 0.1358 0.1358 0.1358 0.1358 0.1358 0.1358 0.1358 0.1358 0.1358 0.1358 0.1358 0.1358 0.1358 0.1358 0.1358 0.1358 0.1358 0.1358 0.1358 0.1358 0.1358 0.1358 0.1358 0.1358 0.1358 0.1358 0.1358 0.1358 0.1358 0.1358 0.1358 0.1358 0.1358 0.1358 0.1358 0.1358 0.1358 0.1358 0.1358 0.1358 0.1358 0.1358 0.1358 0.1358 0.1358 0.1358 0.1359 0.1359 0.1360 0.1362 0.1365 0.1371 0.1380 0.1396 0.1421 0.1462 0.1527 0.1638 0.1857
0.1853 0.1637 0.1526 0.1461 0.1421 0.1395 0.1380 0.1370 0.1365 0.1362 0.1360 0.1359 0.1359 0.1358 0.1358 0.1358 0.1358 0.1358 0.1358 0.1358 0.1358 0.1358 0.1358 0.1358 0.1358 0.1358 0.1358 0.1358 0.1358 0.1358 0.1358 0.1358 0.1358 0.1358 0.1358 0.1358 0.1358 0.1358 0.1358 0.1358 0.1358 0.1358 0.1358 0.1358 0.1358 0.1358 0.1358 0.1358 0.1358 0.1358 0.1358 0.1358 0.1358 0.1358 0.1358 0.1358 0.1358 0.1358 0.1358 0.1358 0.1358 0.1358 0.1358 0.1358 0.1358 0.1358 0.1358 0.1358 0.1358 0.1358 0.1358 0.1358 0.1358 0.1358 0.1358 0.1358 0.1358 0.1358 0.1358 0.1358 0.1358 0.1358 0.1358 0.1358 0.1358 0.1358 0.1358 0.1358 0.1359 0.1359 0.1360 0.1362 0.1365 0.1371 0.1380 0.1396 0.1421 0.1462 0.1527 0.1638 0.1857
0.1851 0.1635 0.1526 0.1461 0.1420 0.1395 0.1380 0.1370 0.1365 0.1362 0.1360 0.1359 0.1358 0.1358 0.1358 0.1358 0.1358 0.1358 0.1358 0.1358 0.1358 0.1358 0.1358 0.1358 0.1358 0.1358 0.1358 0.1358 0.1358 0.1358 0.1358 0.1358 0.1358 0.1358 0.1358 0.1358 0.1358 0.1358 0.1358 0.1358 0.1358 0.1358 0.1358 0.1358 0.1358 0.1358 0.1358 0.1358 0.1358 0.1358 0.1358 0.1358 0.1358 0.1358 0.1358 0.1358 0.1358 0.1358 0.1358 0.1358 0.1358 0.1358 0.1358 0.1358 0.1358 0.1358 0.1358 0.1358 0.1358 0.1358 0.1358 0.1358 0.1358 0.1358 0.1358 0.1358 0.1358 0.1358 0.1358 0.1358 0.1358 0.1358 0.1358 0.1358 0.1358 0.1358 0.1358 0.1358 0.1359 0.1359 0.1360 0.1362 0.1365 0.1371 0.1380 0.1396 0.1421 0.1462 0.1527 0.1638 0.1857
0.1846 0.1633 0.1524 0.1460 0.1420 0.1394 0.1379 0.1370 0.1364 0.1361 0.1360 0.1359 0.1358 0.1358 0.1358 0.1358 0.1358 0.1358 0.1358 0.1358 0.1358 0.1358 0.1358 0.1358 0.1358 0.1358 0.1358 0.1358 0.1358 0.1358 0.1358 0.1358 0.1358 0.1358 0.1358 0.1358 0.1358 0.1358 0.1358 0.1358 0.1358 0.1358 0.1358 0.1358 0.1358 0.1358 0.1358 0.1358 0.1358 0.1358 0.1358 0.1358 0.1358 0.1358 0.1358 0.1358 0.1358 0.1358 0.1358 0.1358 0.1358 0.1358 0.1358 0.1358 0.1358 0.1358 0.1358 0.1358 0.1358 0.1358 0.1358 0.1358 0.1358 0.1358 0.1358 0.1358 0.1358 0.1358 0.1358 0.1358 0.1358 0.1358 0.1358 0.1358 0.1358 0.1358 0.1358 0.1358 0.1359 0.1359 0.1360 0.1362 0.1365 0.1371 0.1380 0.1396 0.1421 0.1462 0.1527 0.1638 0.1857
0.1839 0.1629 0.1522 0.1458 0.1418 0.1393 0.1378 0.1369 0.1364 0.1361 0.1359 0.1358 0.1357 0.1357 0.1357 0.1357 0.1357 0.1357 0.1357 0.1357 0.1357 0.1357 0.1357 0.1357 0.1357 0.1357 0.1357 0.1357 0.1357 0.1357 0.1357 0.1357 0.1357 0.1357 0.1357 0.1357 0.1357 0.1357 0.1357 0.1357 0.1357 0.1357 0.1357 0.1357 0.1357 0.1357 0.1357 0.1357 0.1357 0.1357 0.1358 0.1358 0.1358 0.1358 0.1358 0.1358 0.1358 0.1358 0.1358 0.1358 0.1358 0.1358 0.1358 0.1358 0.1358 0.1358 0.1358 0.1358 0.1358 0.1358 0.1358 0.1358 0.1358 0.1358 0.1358 0.1358 0.1358 0.1358 0.1358 0.1358 0.1358 0.1358 0.1358 0.1358 0.1358 0.1358 0.1358 0.1358 0.1359 0.1359 0.1360 0.1362 0.1365 0.1371 0.1380 0.1396 0.1421 0.1462 0.1527 0.1638 0.1857
0.1828 0.1623 0.1518 0.1456 0.1416 0.1392 0.1377 0.1368 0.1363 0.1360 0.1358 0.1357 0.1357 0.1356 0.1356 0.1356 0.1356 0.1356 0.1356 0.1356 0.1356 0.1356 0.1356 0.1356 0.1356 0.1356 0.1356 0.1356 0.1356 0.1356 0.1356 0.1356 0.1356 0.1356 0.1356 0.1356 0.1356 0.1356 0.1356 0.1356 0.1356 0.1356 0.1356 0.1356 0.1356 0.1356 0.1356 0.1357 0.1357 0.1357 0.1357 0.1357 0.1357 0.1358 0.1358 0.1358 0.1358 0.1358 0.1358 0.1358 0.1358 0.1358 0.1358 0.1358 0.1358 0.1358 0.1358 0.1358 0.1358 0.1358 0.1358 0.1358 0.1358 0.1358 0.1358 0.1358 0.1358 0.1358 0.1358 0.1358 0.1358 0.1358 0.1358 0.1358 0.1358 0.1358 0.1358 0.1358 0.1359 0.1359 0.1360 0.1362 0.1365 0.1371 0.1380 0.1396 0.1421 0.1462 0.1527 0.1638 0.1857
0.1811 0.1615 0.1513 0.1452 0.1414 0.1390 0.1375 0.1366 0.1361 0.1358 0.1357 0.1356 0.1355 0.1355 0.1355 0.1355 0.1355 0.1355 0.1355 0.1355 0.1355 0.1355 0.1355 0.1355 0.1355 0.1355 0.1355 0.1355 0.1355 0.1355 0.1355 0.1355 0.1355 0.1355 0.1355 0.1355 0.1355 0.1355 0.1355 0.1355 0.1355 0.1355 0.1355 0.1355 0.1355 0.1355 0.1355 0.1356 0.1356 0.1356 0.1356 0.1357 0.1357 0.1357 0.1358 0.1358 0.1358 0.1358 0.1358 0.1358 0.1358 0.1358 0.1358 0.1358 0.1358 0.1358 0.1358 0.1358 0.1358 0.1358 0.1358 0.1358 0.1358 0.1358 0.1358 0.1358 0.1358 0.1358 0.1358 0.1358 0.1358 0.1358 0.1358 0.1358 0.1358 0.1358 0.1358 0.1358 0.1359 0.1359 0.1360 0.1362 0.1365 0.1371 0.1380 0.1396 0.1421 0.1462 0.1527 0.1638 0.1857
0.1789 0.1603 0.1506 0.1447 0.1410 0.1386 0.1372 0.1364 0.1359 0.1356 0.1355 0.1354 0.1353 0.1353 0.1353 0.1353 0.1353 0.1353 0.1353 0.1353 0.1353 0.1353 0.1353 0.1353 0.1353 0.1353 0.1353 0.1353 0.1353 0.1353 0.1353 0.1353 0.1353 0.1353 0.1353 0.1353 0.1353 0.1353 0.1353 0.1353 0.1353 0.1353 0.1353 0.1353 0.1353 0.1354 0.1354 0.1354 0.1355 0.1355 0.1355 0.1356 0.1356 0.1357 0.1357 0.1357 0.1358 0.1358 0.1358 0.1358 0.1358 0.1358 0.1358 0.1358 0.1358 0.1358 0.1358 0.1358 0.1358 0.1358 0.1358 0.1358 0.1358 0.1358 0.1358 0.1358 0.1358 0.1358 0.1358 0.1358 0.1358 0.1358 0.1358 0.1358 0.1358 0.1358 0.1358 0.1358 0.1359 0.1359 0.1360 0.1362 0.1365 0.1371 0.1380 0.1396 0.1421 0.1462 0.1527 0.1638 0.1857
0.1760 0.1588 0.1496 0.1440 0.1404 0.1382 0.1369 0.1361 0.1356 0.1354 0.1352 0.1351 0.1351 0.1351 0.1351 0.1350 0.1350 0.1350 0.1350 0.1350 0.1350 0.1350 0.1350 0.1350 0.1350 0.1350 0.1350 0.1350 0.1350 0.1350 0.1350 0.1350 0.1350 0.1350 0.1350 0.1350 0.1350 0.1350 0.1350 0.1351 0.1351 0.1351 0.1351 0.1351 0.1351 0.1351 0.1352 0.1352 0.1353 0.1353 0.1354 0.1355 0.1355 0.1356 0.1357 0.1357 0.1357 0.1358 0.1358 0.1358 0.1358 0.1358 0.1358 0.1358 0.1358 0.1358 0.1358 0.1358 0.1358 0.1358 0.1358 0.1358 0.1358 0.1358 0.1358 0.1358 0.1358 0.1358 0.1358 0.1358 0.1358 0.1358 0.1358 0.1358 0.1358 0.1358 0.1358 0.1358 0.1359 0.1359 0.1360 0.1362 0.1365 0.1371 0.1380 0.1396 0.1421 0.1462 0.1527 0.1638 0.1857
0.1724 0.1569 0.1484 0.1431 0.1398 0.1377 0.1364 0.1357 0.1353 0.1350 0.1349 0.1348 0.1348 0.1348 0.1347 0.1347 0.1347 0.1347 0.1347 0.1347 0.1347 0.1347 0.1347 0.1347 0.1347 0.1347 0.1347 0.1347 0.1347 0.1347 0.1347 0.1347 0.1347 0.1347 0.1347 0.1347 0.1347 0.1347 0.1347 0.1347 0.1347 0.1348 0.1348 0.1348 0.1348 0.1349 0.1349 0.1350 0.1351 0.1351 0.1352 0.1353 0.1354 0.1355 0.1356 0.1356 0.1357 0.1357 0.1358 0.1358 0.1358 0.1358 0.1358 0.1358 0.1358 0.1358 0.1358 0.1358 0.1358 0.1358 0.1358 0.1358 0.1358 0.1358 0.1358 0.1358 0.1358 0.1358 0.1358 0.1358 0.1358 0.1358 0.1358 0.1358 0.1358 0.1358 0.1358 0.1358 0.1359 0.1359 0.1360 0.1362 0.1365 0.1371 0.1380 0.1396 0.1421 0.1462 0.1527 0.1638 0.1857
0.1682 0.1546 0.1469 0.1420 0.1389 0.1370 0.1359 0.1352 0.1348 0.1346 0.1345 0.1344 0.1344 0.1344 0.1344 0.1344 0.1344 0.1344 0.1344 0.1344 0.1344 0.1344 0.1344 0.1344 0.1344 0.1344 0.1344 0.1344 0.1344 0.1344 0.1344 0.1344 0.1344 0.1344 0.1344 0.1344 0.1344 0.1344 0.1344 0.1344 0.1344 0.1344 0.1344 0.1344 0.1345 0.1345 0.1346 0.1347 0.1348 0.1349 0.1350 0.1351 0.1353 0.1354 0.1355 0.1356 0.1357 0.1357 0.1357 0.1358 0.1358 0.1358 0.1358 0.1358 0.1358 0.1358 0.1358 0.1358 0.1358 0.1358 0.1358 0.1358 0.1358 0.1358 0.1358 0.1358 0.1358 0.1358 0.1358 0.1358 0.1358 0.1358 0.1358 0.1358 0.1358 0.1358 0.1358 0.1358 0.1359 0.1359 0.1360 0.1362 0.1365 0.1371 0.1380 0.1396 0.1421 0.1462 0.1527 0.1638 0.1857
0.1638 0.1521 0.1451 0.1407 0.1380 0.1363 0.1353 0.1347 0.1344 0.1342 0.1341 0.1341 0.1340 0.1340 0.1340 0.1340 0.1340 0.1340 0.1340 0.1340 0.1340 0.1340 0.1340 0.1340 0.1340 0.1340 0.1340 0.1340 0.1340 0.1340 0.1340 0.1340 0.1340 0.1340 0.1340 0.1340 0.1340 0.1340 0.1340 0.1340 0.1340 0.1340 0.1340 0.1341 0.1341 0.1342 0.1343 0.1344 0.1345 0.1346 0.1348 0.1349 0.1351 0.1352 0.1354 0.1355 0.1356 0.1357 0.1357 0.1358 0.1358 0.1358 0.1358 0.1358 0.1358 0.1358 0.1358 0.1358 0.1358 0.1358 0.1358 0.1358 0.1358 0.1358 0.1358 0.1358 0.1358 0.1358 0.1358 0.1358 0.1358 0.1358 0.1358 0.1358 0.1358 0.1358 0.1358 0.1358 0.1359 0.1359 0.1360 0.1362 0.1365 0.1371 0.1380 0.1396 0.1421 0.1462 0.1527 0.1638 0.1857
0.1593 0.1494 0.1433 0.1394 0.1370 0.1355 0.1346 0.1342 0.1339 0.1338 0.1337 0.1337 0.1337 0.1336 0.1336 0.1336 0.1336 0.1336 0.1336 0.1336 0.1336 0.1336 0.1336 0.1336 0.1336 0.1336 0.1336 0.1336 0.1336 0.1336 0.1336 0.1336 0.1336 0.1336 0.1336 0.1336 0.1336 0.1336 0.1336 0.1336 0.1337 0.1337 0.1337 0.1337 0.1338 0.1338 0.1339 0.1340 0.1342 0.1343 0.1345 0.1347 0.1349 0.1351 0.1353 0.1354 0.1355 0.1356 0.1357 0.1357 0.1358 0.1358 0.1358 0.1358 0.1358 0.1358 0.1358 0.1358 0.1358 0.1358 0.1358 0.1358 0.1358 0.1358 0.1358 0.1358 0.1358 0.1358 0.1358 0.1358 0.1358 0.1358 0.1358 0.1358 0.1358 0.1358 0.1358 0.1358 0.1359 0.1359 0.1360 0.1362 0.1365 0.1371 0.1380 0.1396 0.1421 0.1462 0.1527 0.1638 0.1857
0.1550 0.1466 0.1414 0.1380 0.1359 0.1347 0.1341 0.1337 0.1335 0.1334 0.1334 0.1334 0.1334 0.1333 0.1333 0.1333 0.1333 0.1333 0.1333 0.1333 0.1333 0.1333 0.1333 0.1333 0.1333 0.1333 0.1333 0.1333 0.1333 0.1333 0.1333 0.1333 0.1333 0.1333 0.1333 0.1333 0.1333 0.1333 0.1333 0.1334 0.1334 0.1334 0.1334 0.1334 0.1335 0.1335 0.1336 0.1337 0.1339 0.1340 0.1342 0.1345 0.1347 0.1349 0.1351 0.1353 0.1355 0.1356 0.1357 0.1357 0.1358 0.1358 0.1358 0.1358 0.1358 0.1358 0.1358 0.1358 0.1358 0.1358 0.1358 0.1358 0.1358 0.1358 0.1358 0.1358 0.1358 0.1358 0.1358 0.1358 0.1358 0.1358 0.1358 0.1358 0.1358 0.1358 0.1358 0.1358 0.1359 0.1359 0.1360 0.1362 0.1365 0.1371 0.1380 0.1396 0.1421 0.1462 0.1527 0.1638 0.1857
0.1511 0.1440 0.1396 0.1367 0.1350 0.1341 0.1336 0.1334 0.1333 0.1332 0.1332 0.1332 0.1332 0.1332 0.1332 0.1332 0.1332 0.1332 0.1332 0.1332 0.1332 0.1332 0.1332 0.1332 0.1332 0.1332 0.1332 0.1332 0.1332 0.1332 0.1332 0.1332 0.1332 0.1332 0.1332 0.1332 0.1332 0.1332 0.1332 0.1332 0.1332 0.1332 0.1332 0.1332 0.1332 0.1333 0.1334 0.1334 0.1336 0.1338 0.1340 0.1342 0.1345 0.1347 0.1350 0.1352 0.1354 0.1355 0.1356 0.1357 0.1357 0.1358 0.1358 0.1358 0.1358 0.1358 0.1358 0.1358 0.1358 0.1358 0.1358 0.1358 0.1358 0.1358 0.1358 0.1358 0.1358 0.1358 0.1358 0.1358 0.1358 0.1358 0.1358 0.1358 0.1358 0.1358 0.1358 0.1358 0.1359 0.1359 0.1360 0.1362 0.1365 0.1371 0.1380 0.1396 0.1421 0.1462 0.1527 0.1638 0.1857
0.1476 0.1417 0.1379 0.1356 0.1342 0.1336 0.1333 0.1332 0.1332 0.1332 0.1332 0.1332 0.1332 0.1332 0.1332 0.1332 0.1332 0.1332 0.1332 0.1332 0.1332 0.1332 0.1332 0.1332 0.1332 0.1332 0.1332 0.1332 0.1332 0.1332 0.1332 0.1332 0.1332 0.1332 0.1332 0.1332 0.1332 0.1332 0.1332 0.1332 0.1332 0.1332 0.1332 0.1332 0.1332 0.1332 0.1332 0.1333 0.1334 0.1335 0.1338 0.1340 0.1343 0.1346 0.1349 0.1351 0.1353 0.1355 0.1356 0.1357 0.1357 0.1358 0.1358 0.1358 0.1358 0.1358 0.1358 0.1358 0.1358 0.1358 0.1358 0.1358 0.1358 0.1358 0.1358 0.1358 0.1358 0.1358 0.1358 0.1358 0.1358 0.1358 0.1358 0.1358 0.1358 0.1358 0.1358 0.1358 0.1359 0.1359 0.1360 0.1362 0.1365 0.1371 0.1380 0.1396 0.1421 0.1462 0.1527 0.1638 0.1857
0.1447 0.1397 0.1366 0.1347 0.1337 0.1333 0.1332 0.1332 0.1333 0.1333 0.1334 0.1334 0.1334 0.1334 0.1334 0.1334 0.1334 0.1334 0.1334 0.1334 0.1334 0.1334 0.1334 0.1334 0.1334 0.1334 0.1334 0.1334 0.1334 0.1334 0.1334 0.1334 0.1334 0.1334 0.1334 0.1334 0.1334 0.1334 0.1334 0.1334 0.1334 0.1334 0.1333 0.1333 0.1332 0.1332 0.1332 0.1332 0.1333 0.1334 0.1336 0.1338 0.1341 0.1344 0.1347 0.1350 0.1352 0.1354 0.1356 0.1357 0.1357 0.1358 0.1358 0.1358 0.1358 0.1358 0.1358 0.1358 0.1358 0.1358 0.1358 0.1358 0.1358 0.1358 0.1358 0.1358 0.1358 0.1358 0.1358 0.1358 0.1358 0.1358 0.1358 0.1358 0.1358 0.1358 0.1358 0.1358 0.1359 0.1359 0.1360 0.1362 0.1365 0.1371 0.1380 0.1396 0.1421 0.1462 0.1527 0.1638 0.1857
0.1426 0.1383 0.1356 0.1341 0.1334 0.1332 0.1332 0.1334 0.1335 0.1336 0.1337 0.1337 0.1337 0.1337 0.1337 0.1337 0.1337 0.1337 0.1338 0.1338 0.1338 0.1338 0.1338 0.1338 0.1338 0.1338 0.1338 0.1338 0.1338 0.1338 0.1338 0.1338 0.1337 0.1337 0.1337 0.1337 0.1337 0.1337 0.1337 0.1337 0.1337 0.1336 0.1336 0.1335 0.1334 0.1333 0.1332 0.1332 0.1332 0.1333 0.1335 0.1337 0.1340 0.1343 0.1347 0.1349 0.1352 0.1354 0.1355 0.1356 0.1357 0.1358 0.1358 0.1358 0.1358 0.1358 0.1358 0.1358 0.1358 0.1358 0.1358 0.1358 0.1358 0.1358 0.1358 0.1358 0.1358 0.1358 0.1358 0.1358 0.1358 0.1358 0.1358 0.1358 0.1358 0.1358 0.1358 0.1358 0.1359 0.1359 0.1360 0.1362 0.1365 0.1371 0.1380 0.1396 0.1421 0.1462 0.1527 0.1638 0.1857
0.1412 0.1374 0.1350 0.1337 0.1332 0.1332 0.1334 0.1336 0.1338 0.1339 0.1340 0.1340 0.1340 0.1341 0.1341 0.1341 0.1341 0.1341 0.1341 0.1341 0.1341 0.1341 0.1341 0.1341 0.1341 0.1341 0.1341 0.1341 0.1341 0.1341 0.1341 0.1341 0.1341 0.1341 0.1341 0.1341 0.1341 0.1341 0.1340 0.1340 0.1340 0.1339 0.1338 0.1337 0.1336 0.1334 0.1333 0.1332 0.1332 0.1332 0.1334 0.1336 0.1339 0.1343 0.1346 0.1349 0.1352 0.1354 0.1355 0.1356 0.1357 0.1358 0.1358 0.1358 0.1358 0.1358 0.1358 0.1358 0.1358 0.1358 0.1358 0.1358 0.1358 0.1358 0.1358 0.1358 0.1358 0.1358 0.1358 0.1358 0.1358 0.1358 0.1358 0.1358 0.1358 0.1358 0.1358 0.1358 0.1359 0.1359 0.1360 0.1362 0.1365 0.1371 0.1380 0.1396 0.1421 0.1462 0.1527 0.1638 0.1857
0.1407 0.1370 0.1348 0.1336 0.1332 0.1332 0.1334 0.1337 0.1339 0.1340 0.1341 0.1342 0.1342 0.1342 0.1342 0.1342 0.1342 0.1342 0.1342 0.1342 0.1342 0.1342 0.1342 0.1342 0.1342 0.1342 0.1342 0.1342 0.1342 0.1342 0.1342 0.1342 0.1342 0.1342 0.1342 0.1342 0.1342 0.1342 0.1342 0.1342 0.1341 0.1341 0.1340 0.1338 0.1337 0.1335 0.1333 0.1332 0.1332 0.1332 0.1334 0.1336 0.1339 0.1342 0.1346 0.1349 0.1351 0.1353 0.1355 0.1356 0.1357 0.1358 0.1358 0.1358 0.1358 0.1358 0.1358 0.1358 0.1358 0.1358 0.1358 0.1358 0.1358 0.1358 0.1358 0.1358 0.1358 0.1358 0.1358 0.1358 0.1358 0.1358 0.1358 0.1358 0.1358 0.1358 0.1358 0.1358 0.1359 0.1359 0.1360 0.1362 0.1365 0.1371 0.1380 0.1396 0.1421 0.1462 0.1527 0.1638 0.1857
0.1410 0.1373 0.1349 0.1337 0.1332 0.1332 0.1334 0.1336 0.1338 0.1339 0.1340 0.1341 0.1341 0.1341 0.1341 0.1341 0.1341 0.1341 0.1341 0.1341 0.1341 0.1341 0.1341 0.1341 0.1341 0.1341 0.1341 0.1341 0.1341 0.1341 0.1341 0.1341 0.1341 0.1341 0.1341 0.1341 0.1341 0.1341 0.1341 0.1341 0.1340 0.1340 0.1339 0.1338 0.1336 0.1334 0.1333 0.1332 0.1332 0.1332 0.1334 0.1336 0.1339 0.1343 0.1346 0.1349 0.1351 0.1354 0.1355 0.1356 0.1357 0.1358 0.1358 0.1358 0.1358 0.1358 0.1358 0.1358 0.1358 0.1358 0.1358 0.1358 0.1358 0.1358 0.1358 0.1358 0.1358 0.1358 0.1358 0.1358 0.1358 0.1358 0.1358 0.1358 0.1358 0.1358 0.1358 0.1358 0.1359 0.1359 0.1360 0.1362 0.1365 0.1371 0.1380 0.1396 0.1421 0.1462 0.1527 0.1638 0.1857
0.1423 0.1381 0.1355 0.1340 0.1333 0.1332 0.1332 0.1334 0.1335 0.1337 0.1337 0.1338 0.1338 0.1338 0.1338 0.1338 0.1338 0.1338 0.1338 0.1338 0.1338 0.1338 0.1338 0.1338 0.1338 0.1338 0.1338 0.1338 0.1338 0.1338 0.1338 0.1338 0.1338 0.1338 0.1338 0.1338 0.1338 0.1338 0.1338 0.1338 0.1337 0.1337 0.1336 0.1335 0.1334 0.1333 0.1332 0.1332 0.1332 0.1333 0.1334 0.1337 0.1340 0.1343 0.1346 0.1349 0.1352 0.1354 0.1355 0.1356 0.1357 0.1358 0.1358 0.1358 0.1358 0.1358 0.1358 0.1358 0.1358 0.1358 0.1358 0.1358 0.1358 0.1358 0.1358 0.1358 0.1358 0.1358 0.1358 0.1358 0.1358 0.1358 0.1358 0.1358 0.1358 0.1358 0.1358 0.1358 0.1359 0.1359 0.1360 0.1362 0.1365 0.1371 0.1380 0.1396 0.1421 0.1462 0.1527 0.1638 0.1857
0.1443 0.1395 0.1364 0.1346 0.1336 0.1332 0.1332 0.1332 0.1333 0.1334 0.1334 0.1334 0.1334 0.1335 0.1335 0.1335 0.1335 0.1335 0.1335 0.1335 0.1335 0.1335 0.1335 0.1335 0.1335 0.1335 0.1335 0.1335 0.1335 0.1335 0.1335 0.1335 0.1335 0.1335 0.1335 0.1335 0.1335 0.1335 0.1335 0.1334 0.1334 0.1334 0.1334 0.1333 0.1333 0.1332 0.1332 0.1332 0.1332 0.1334 0.1335 0.1338 0.1341 0.1344 0.1347 0.1350 0.1352 0.1354 0.1355 0.1356 0.1357 0.1358 0.1358 0.1358 0.1358 0.1358 0.1358 0.1358 0.1358 0.1358 0.1358 0.1358 0.1358 0.1358 0.1358 0.1358 0.1358 0.1358 0.1358 0.1358 0.1358 0.1358 0.1358 0.1358 0.1358 0.1358 0.1358 0.1358 0.1359 0.1359 0.1360 0.1362 0.1365 0.1371 0.1380 0.1396 0.1421 0.1462 0.1527 0.1638 0.1857
0.1471 0.1414 0.1377 0.1354 0.1341 0.1335 0.1332 0.1332 0.1332 0.1332 0.1332 0.1332 0.1332 0.1332 0.1332 0.1332 0.1332 0.1332 0.1332 0.1332 0.1332 0.1332 0.1332 0.1332 0.1332 0.1332 0.1332 0.1332 0.1332 0.1332 0.1332 0.1332 0.1332 0.1332 0.1332 0.1332 0.1332 0.1332 0.1332 0.1332 0.1332 0.1332 0.1332 0.1332 0.1332 0.1332 0.1332 0.1332 0.1333 0.1335 0.1337 0.1340 0.1342 0.1345 0.1348 0.1351 0.1353 0.1354 0.1356 0.1357 0.1357 0.1358 0.1358 0.1358 0.1358 0.1358 0.1358 0.1358 0.1358 0.1358 0.1358 0.1358 0.1358 0.1358 0.1358 0.1358 0.1358 0.1358 0.1358 0.1358 0.1358 0.1358 0.1358 0.1358 0.1358 0.1358 0.1358 0.1358 0.1359 0.1359 0.1360 0.1362 0.1365 0.1371 0.1380 0.1396 0.1421 0.1462 0.1527 0.1638 0.1857
0.1506 0.1437 0.1393 0.1366 0.1349 0.1340 0.1335 0.1333 0.1332 0.1332 0.1332 0.1332 0.1332 0.1332 0.1332 0.1332 0.1332 0.1332 0.1332 0.1332 0.1332 0.1332 0.1332 0.1332 0.1332 0.1332 0.1332 0.1332 0.1332 0.1332 0.1332 0.1332 0.1332 0.1332 0.1332 0.1332 0.1332 0.1332 0.1332 0.1332 0.1332 0.1332 0.1332 0.1332 0.1332 0.1333 0.1333 0.1334 0.1335 0.1337 0.1339 0.1342 0.1344 0.1347 0.1349 0.1352 0.1353 0.1355 0.1356 0.1357 0.1357 0.1358 0.1358 0.1358 0.1358 0.1358 0.1358 0.1358 0.1358 0.1358 0.1358 0.1358 0.1358 0.1358 0.1358 0.1358 0.1358 0.1358 0.1358 0.1358 0.1358 0.1358 0.1358 0.1358 0.1358 0.1358 0.1358 0.1358 0.1359 0.1359 0.1360 0.1362 0.1365 0.1371 0.1380 0.1396 0.1421 0.1462 0.1527 0.1638 0.1857
0.1545 0.1463 0.1412 0.1379 0.1358 0.1346 0.1340 0.1337 0.1335 0.1334 0.1334 0.1333 0.1333 0.1333 0.1333 0.1333 0.1333 0.1333 0.1333 0.1333 0.1333 0.1333 0.1333 0.1333 0.1333 0.1333 0.1333 0.1333 0.1333 0.1333 0.1333 0.1333 0.1333 0.1333 0.1333 0.1333 0.1333 0.1333 0.1333 0.1333 0.1333 0.1333 0.1334 0.1334 0.1334 0.1335 0.1336 0.1337 0.1338 0.1340 0.1342 0.1344 0.1346 0.1349 0.1351 0.1353 0.1354 0.1356 0.1356 0.1357 0.1358 0.1358 0.1358 0.1358 0.1358 0.1358 0.1358 0.1358 0.1358 0.1358 0.1358 0.1358 0.1358 0.1358 0.1358 0.1358 0.1358 0.1358 0.1358 0.1358 0.1358 0.1358 0.1358 0.1358 0.1358 0.1358 0.1358 0.1358 0.1359 0.1359 0.1360 0.1362 0.1365 0.1371 0.1380 0.1396 0.1421 0.1462 0.1527 0.1638 0.1857
0.1589 0.1491 0.1431 0.1393 0.1369 0.1354 0.1346 0.1341 0.1339 0.1337 0.1337 0.1336 0.1336 0.1336 0.1336 0.1336 0.1336 0.1336 0.1336 0.1336 0.1336 0.1336 0.1336 0.1336 0.1336 0.1336 0.1336 0.1336 0.1336 0.1336 0.1336 0.1336 0.1336 0.1336 0.1336 0.1336 0.1336 0.1336 0.1336 0.1336 0.1336 0.1336 0.1337 0.1337 0.1337 0.1338 0.1339 0.1340 0.1341 0.1343 0.1344 0.1346 0.1348 0.1350 0.1352 0.1354 0.1355 0.1356 0.1357 0.1357 0.1358 0.1358 0.1358 0.1358 0.1358 0.1358 0.1358 0.1358 0.1358 0.1358 0.1358 0.1358 0.1358 0.1358 0.1358 0.1358 0.1358 0.1358 0.1358 0.1358 0.1358 0.1358 0.1358 0.1358 0.1358 0.1358 0.1358 0.1358 0.1359 0.1359 0.1360 0.1362 0.1365 0.1371 0.1380 0.1396 0.1421 0.1462 0.1527 0.1638 0.1857
0.1635 0.1519 0.1450 0.1407 0.1379 0.1362 0.1352 0.1347 0.1343 0.1342 0.1341 0.1340 0.1340 0.1340 0.1340 0.1340 0.1340 0.1340 0.1340 0.1340 0.1340 0.1340 0.1340 0.1340 0.1340 0.1340 0.1340 0.1340 0.1340 0.1340 0.1340 0.1340 0.1340 0.1340 0.1340 0.1340 0.1340 0.1340 0.1340 0.1340 0.1340 0.1340 0.1340 0.1340 0.1341 0.1341 0.1342 0.1343 0.1344 0.1346 0.1347 0.1349 0.1351 0.1352 0.1353 0.1355 0.1356 0.1357 0.1357 0.1358 0.1358 0.1358 0.1358 0.1358 0.1358 0.1358 0.1358 0.1358 0.1358 0.1358 0.1358 0.1358 0.1358 0.1358 0.1358 0.1358 0.1358 0.1358 0.1358 0.1358 0.1358 0.1358 0.1358 0.1358 0.1358 0.1358 0.1358 0.1358 0.1359 0.1359 0.1360 0.1362 0.1365 0.1371 0.1380 0.1396 0.1421 0.1462 0.1527 0.1638 0.1857
0.1680 0.1545 0.1468 0.1419 0.1389 0.1370 0.1359 0.1352 0.1348 0.1346 0.1345 0.1344 0.1344 0.1344 0.1344 0.1344 0.1344 0.1344 0.1344 0.1344 0.1344 0.1344 0.1344 0.1344 0.1344 0.1344 0.1344 0.1344 0.1344 0.1344 0.1344 0.1344 0.1344 0.1344 0.1344 0.1344 0.1344 0.1344 0.1344 0.1344 0.1344 0.1344 0.1344 0.1344 0.1345 0.1345 0.1346 0.1347 0.1348 0.1349 0.1350 0.1351 0.1352 0.1354 0.1355 0.1356 0.1356 0.1357 0.1357 0.1358 0.1358 0.1358 0.1358 0.1358 0.1358 0.1358 0.1358 0.1358 0.1358 0.1358 0.1358 0.1358 0.1358 0.1358 0.1358 0.1358 0.1358 0.1358 0.1358 0.1358 0.1358 0.1358 0.1358 0.1358 0.1358 0.1358 0.1358 0.1358 0.1359 0.1359 0.1360 0.1362 0.1365 0.1371 0.1380 0.1396 0.1421 0.1462 0.1527 0.1638 0.1857
0.1722 0.1568 0.1483 0.1431 0.1397 0.1377 0.1364 0.1357 0.1352 0.1350 0.1349 0.1348 0.1348 0.1347 0.1347 0.1347 0.1347 0.1347 0.1347 0.1347 0.1347 0.1347 0.1347 0.1347 0.1347 0.1347 0.1347 0.1347 0.1347 0.1347 0.1347 0.1347 0.1347 0.1347 0.1347 0.1347 0.1347 0.1347 0.1347 0.1347 0.1347 0.1347 0.1348 0.1348 0.1348 0.1348 0.1349 0.1350 0.1350 0.1351 0.1352 0.1353 0.1354 0.1355 0.1356 0.1356 0.1357 0.1357 0.1358 0.1358 0.1358 0.1358 0.1358 0.1358 0.1358 0.1358 0.1358 0.1358 0.1358 0.1358 0.1358 0.1358 0.1358 0.1358 0.1358 0.1358 0.1358 0.1358 0.1358 0.1358 0.1358 0.1358 0.1358 0.1358 0.1358 0.1358 0.1358 0.1358 0.1359 0.1359 0.1360 0.1362 0.1365 0.1371 0.1380 0.1396 0.1421 0.1462 0.1527 0.1638 0.1857
