0.2692 1.0000 1.0000 0.0004 0.0050 0.0575 0.6657 1.0000 0.0001 0.0010 0.0110 0.1277 1.0000 1.0000 0.0002 0.0021 0.0245 0.2834 1.0000 1.0000 0.0004 0.0047 0.0543 0.6287 1.0000 0.0001 0.0009 0.0104 0.1204 1.0000 1.0000 0.0002 0.0020 0.0231 0.2672 1.0000 1.0000 0.0004 0.0044 0.0512 0.5916 1.0000 0.0001 0.0008 0.0098 0.1135 1.0000 1.0000 0.0002 0.0016 0.0075 0.0016 0.0002 1.0000 1.0000 0.1135 0.0098 0.0008 0.0001 1.0000 0.5916 0.0512 0.0044 0.0004 1.0000 1.0000 0.2672 0.0231 0.0020 0.0002 1.0000 1.0000 0.1204 0.0104 0.0009 0.0001 1.0000 0.6287 0.0543 0.0047 0.0004 1.0000 1.0000 0.2834 0.0245 0.0021 0.0002 1.0000 1.0000 0.1277 0.0110 0.0010 0.0001 1.0000 0.6657 0.0575 0.0050 0.0004 1.0000 1.0000 0.2692
1.0000 1.0000 0.0004 0.0050 0.0573 0.6619 1.0000 0.0001 0.0009 0.0109 0.1265 1.0000 1.0000 0.0002 0.0021 0.0243 0.2807 1.0000 1.0000 0.0004 0.0047 0.0538 0.6228 1.0000 0.0001 0.0009 0.0103 0.1193 1.0000 1.0000 0.0002 0.0020 0.0229 0.2646 1.0000 1.0000 0.0004 0.0044 0.0507 0.5871 1.0000 0.0001 0.0008 0.0097 0.1125 1.0000 1.0000 0.0002 0.0018 0.0188 0.0850 0.0188 0.0018 0.0002 1.0000 1.0000 0.1125 0.0097 0.0008 0.0001 1.0000 0.5871 0.0507 0.0044 0.0004 1.0000 1.0000 0.2646 0.0229 0.0020 0.0002 1.0000 1.0000 0.1193 0.0103 0.0009 0.0001 1.0000 0.6228 0.0538 0.0047 0.0004 1.0000 1.0000 0.2807 0.0243 0.0021 0.0002 1.0000 1.0000 0.1265 0.0109 0.0009 0.0001 1.0000 0.6619 0.0573 0.0050 0.0004 1.0000 1.0000
1.0000 0.0004 0.0048 0.0542 0.6169 1.0000 0.0001 0.0009 0.0100 0.1155 1.0000 1.0000 0.0002 0.0019 0.0221 0.2562 1.0000 1.0000 0.0004 0.0042 0.0491 0.5674 1.0000 0.0001 0.0008 0.0094 0.1089 1.0000 1.0000 0.0002 0.0018 0.0209 0.2411 1.0000 1.0000 0.0003 0.0040 0.0463 0.5349 1.0000 1.0000 0.0008 0.0089 0.1026 1.0000 1.0000 0.0001 0.0017 0.0191 0.1990 0.8905 0.1990 0.0191 0.0017 0.0001 1.0000 1.0000 0.1026 0.0089 0.0008 1.0000 1.0000 0.5349 0.0463 0.0040 0.0003 1.0000 1.0000 0.2411 0.0209 0.0018 0.0002 1.0000 1.0000 0.1089 0.0094 0.0008 0.0001 1.0000 0.5674 0.0491 0.0042 0.0004 1.0000 1.0000 0.2562 0.0221 0.0019 0.0002 1.0000 1.0000 0.1155 0.0100 0.0009 0.0001 1.0000 0.6169 0.0542 0.0048 0.0004 1.0000
0.0004 0.0050 0.0542 0.5995 1.0000 0.0001 0.0008 0.0092 0.1062 1.0000 1.0000 0.0002 0.0017 0.0202 0.2334 1.0000 1.0000 0.0003 0.0039 0.0447 0.5179 1.0000 1.0000 0.0007 0.0086 0.0992 1.0000 1.0000 0.0001 0.0016 0.0190 0.2201 1.0000 1.0000 0.0003 0.0036 0.0422 0.4882 1.0000 1.0000 0.0007 0.0081 0.0935 1.0000 1.0000 0.0001 0.0015 0.0178 0.2020 1.0000 1.0000 1.0000 0.2020 0.0178 0.0015 0.0001 1.0000 1.0000 0.0935 0.0081 0.0007 1.0000 1.0000 0.4882 0.0422 0.0036 0.0003 1.0000 1.0000 0.2201 0.0190 0.0016 0.0001 1.0000 1.0000 0.0992 0.0086 0.0007 1.0000 1.0000 0.5179 0.0447 0.0039 0.0003 1.0000 1.0000 0.2334 0.0202 0.0017 0.0002 1.0000 1.0000 0.1062 0.0092 0.0008 0.0001 1.0000 0.5995 0.0542 0.0050 0.0004
0.0050 0.0573 0.6169 1.0000 0.0001 0.0008 0.0087 0.0994 1.0000 1.0000 0.0001 0.0016 0.0185 0.2135 1.0000 1.0000 0.0003 0.0035 0.0408 0.4718 1.0000 1.0000 0.0007 0.0078 0.0905 1.0000 1.0000 0.0001 0.0015 0.0173 0.2009 1.0000 1.0000 0.0003 0.0033 0.0385 0.4448 1.0000 1.0000 0.0006 0.0074 0.0854 0.9868 1.0000 0.0001 0.0014 0.0163 0.1883 1.0000 1.0000 0.0001 1.0000 1.0000 0.1883 0.0163 0.0014 0.0001 1.0000 0.9868 0.0854 0.0074 0.0006 1.0000 1.0000 0.4448 0.0385 0.0033 0.0003 1.0000 1.0000 0.2009 0.0173 0.0015 0.0001 1.0000 1.0000 0.0905 0.0078 0.0007 1.0000 1.0000 0.4718 0.0408 0.0035 0.0003 1.0000 1.0000 0.2135 0.0185 0.0016 0.0001 1.0000 1.0000 0.0994 0.0087 0.0008 0.0001 1.0000 0.6169 0.0573 0.0050
0.0575 0.6619 1.0000 0.0001 0.0008 0.0085 0.0957 1.0000 1.0000 0.0001 0.0015 0.0170 0.1960 1.0000 1.0000 0.0003 0.0032 0.0372 0.4306 1.0000 1.0000 0.0006 0.0071 0.0825 0.9554 1.0000 0.0001 0.0014 0.0158 0.1830 1.0000 1.0000 0.0003 0.0030 0.0351 0.4060 1.0000 1.0000 0.0006 0.0067 0.0778 0.9007 1.0000 0.0001 0.0013 0.0149 0.1722 1.0000 1.0000 0.0002 0.0010 0.0002 1.0000 1.0000 0.1722 0.0149 0.0013 0.0001 1.0000 0.9007 0.0778 0.0067 0.0006 1.0000 1.0000 0.4060 0.0351 0.0030 0.0003 1.0000 1.0000 0.1830 0.0158 0.0014 0.0001 1.0000 0.9554 0.0825 0.0071 0.0006 1.0000 1.0000 0.4306 0.0372 0.0032 0.0003 1.0000 1.0000 0.1960 0.0170 0.0015 0.0001 1.0000 1.0000 0.0957 0.0085 0.0008 0.0001 1.0000 0.6619 0.0575
0.6657 1.0000 0.0001 0.0008 0.0087 0.0957 1.0000 1.0000 0.0001 0.0014 0.0159 0.1820 1.0000 1.0000 0.0003 0.0030 0.0341 0.3938 1.0000 1.0000 0.0006 0.0065 0.0753 0.8704 1.0000 0.0001 0.0012 0.0144 0.1670 1.0000 1.0000 0.0002 0.0028 0.0320 0.3706 1.0000 1.0000 0.0005 0.0061 0.0710 0.8205 1.0000 0.0001 0.0012 0.0136 0.1575 1.0000 1.0000 0.0002 0.0023 0.0102 0.0023 0.0002 1.0000 1.0000 0.1575 0.0136 0.0012 0.0001 1.0000 0.8205 0.0710 0.0061 0.0005 1.0000 1.0000 0.3706 0.0320 0.0028 0.0002 1.0000 1.0000 0.1670 0.0144 0.0012 0.0001 1.0000 0.8704 0.0753 0.0065 0.0006 1.0000 1.0000 0.3938 0.0341 0.0030 0.0003 1.0000 1.0000 0.1820 0.0159 0.0014 0.0001 1.0000 1.0000 0.0957 0.0087 0.0008 0.0001 1.0000 0.6657
1.0000 0.0001 0.0009 0.0092 0.0994 1.0000 1.0000 0.0001 0.0013 0.0152 0.1719 1.0000 1.0000 0.0002 0.0027 0.0313 0.3615 1.0000 1.0000 0.0005 0.0059 0.0687 0.7960 1.0000 0.0001 0.0011 0.0132 0.1522 1.0000 1.0000 0.0002 0.0025 0.0292 0.3376 1.0000 1.0000 0.0005 0.0056 0.0647 0.7490 1.0000 0.0001 0.0011 0.0124 0.1435 1.0000 1.0000 0.0002 0.0023 0.0241 0.1076 0.0241 0.0023 0.0002 1.0000 1.0000 0.1435 0.0124 0.0011 0.0001 1.0000 0.7490 0.0647 0.0056 0.0005 1.0000 1.0000 0.3376 0.0292 0.0025 0.0002 1.0000 1.0000 0.1522 0.0132 0.0011 0.0001 1.0000 0.7960 0.0687 0.0059 0.0005 1.0000 1.0000 0.3615 0.0313 0.0027 0.0002 1.0000 1.0000 0.1719 0.0152 0.0013 0.0001 1.0000 1.0000 0.0994 0.0092 0.0009 0.0001 1.0000
0.0001 0.0009 0.0100 0.1062 1.0000 1.0000 0.0001 0.0013 0.0149 0.1664 1.0000 1.0000 0.0002 0.0025 0.0290 0.3338 1.0000 1.0000 0.0005 0.0054 0.0628 0.7265 1.0000 0.0001 0.0010 0.0120 0.1389 1.0000 1.0000 0.0002 0.0023 0.0266 0.3081 1.0000 1.0000 0.0004 0.0051 0.0590 0.6823 1.0000 0.0001 0.0010 0.0113 0.1309 1.0000 1.0000 0.0002 0.0022 0.0245 0.2543 1.0000 0.2543 0.0245 0.0022 0.0002 1.0000 1.0000 0.1309 0.0113 0.0010 0.0001 1.0000 0.6823 0.0590 0.0051 0.0004 1.0000 1.0000 0.3081 0.0266 0.0023 0.0002 1.0000 1.0000 0.1389 0.0120 0.0010 0.0001 1.0000 0.7265 0.0628 0.0054 0.0005 1.0000 1.0000 0.3338 0.0290 0.0025 0.0002 1.0000 1.0000 0.1664 0.0149 0.0013 0.0001 1.0000 1.0000 0.1062 0.0100 0.0009 0.0001
0.0010 0.0109 0.1155 1.0000 1.0000 0.0001 0.0014 0.0152 0.1664 1.0000 1.0000 0.0002 0.0024 0.0273 0.3117 1.0000 1.0000 0.0004 0.0050 0.0577 0.6657 1.0000 0.0001 0.0009 0.0110 0.1268 1.0000 1.0000 0.0002 0.0021 0.0243 0.2807 1.0000 1.0000 0.0004 0.0047 0.0539 0.6228 1.0000 0.0001 0.0009 0.0103 0.1193 1.0000 1.0000 0.0002 0.0020 0.0228 0.2582 1.0000 1.0000 1.0000 0.2582 0.0228 0.0020 0.0002 1.0000 1.0000 0.1193 0.0103 0.0009 0.0001 1.0000 0.6228 0.0539 0.0047 0.0004 1.0000 1.0000 0.2807 0.0243 0.0021 0.0002 1.0000 1.0000 0.1268 0.0110 0.0009 0.0001 1.0000 0.6657 0.0577 0.0050 0.0004 1.0000 1.0000 0.3117 0.0273 0.0024 0.0002 1.0000 1.0000 0.1664 0.0152 0.0014 0.0001 1.0000 1.0000 0.1155 0.0109 0.0010
0.0110 0.1265 1.0000 1.0000 0.0001 0.0015 0.0159 0.1719 1.0000 1.0000 0.0002 0.0023 0.0263 0.2961 1.0000 1.0000 0.0004 0.0046 0.0533 0.6122 1.0000 0.0001 0.0009 0.0100 0.1159 1.0000 1.0000 0.0002 0.0019 0.0222 0.2562 1.0000 1.0000 0.0004 0.0042 0.0491 0.5685 1.0000 0.0001 0.0008 0.0094 0.1089 1.0000 1.0000 0.0002 0.0018 0.0209 0.2402 1.0000 1.0000 0.0001 1.0000 1.0000 0.2402 0.0209 0.0018 0.0002 1.0000 1.0000 0.1089 0.0094 0.0008 0.0001 1.0000 0.5685 0.0491 0.0042 0.0004 1.0000 1.0000 0.2562 0.0222 0.0019 0.0002 1.0000 1.0000 0.1159 0.0100 0.0009 0.0001 1.0000 0.6122 0.0533 0.0046 0.0004 1.0000 1.0000 0.2961 0.0263 0.0023 0.0002 1.0000 1.0000 0.1719 0.0159 0.0015 0.0001 1.0000 1.0000 0.1265 0.0110
0.1277 1.0000 1.0000 0.0002 0.0016 0.0170 0.1820 1.0000 1.0000 0.0002 0.0023 0.0259 0.2883 1.0000 1.0000 0.0004 0.0043 0.0496 0.5674 1.0000 0.0001 0.0008 0.0092 0.1062 1.0000 1.0000 0.0002 0.0018 0.0203 0.2343 1.0000 1.0000 0.0003 0.0039 0.0448 0.5179 1.0000 1.0000 0.0007 0.0086 0.0994 1.0000 1.0000 0.0001 0.0016 0.0190 0.2201 1.0000 1.0000 0.0003 0.0012 0.0003 1.0000 1.0000 0.2201 0.0190 0.0016 0.0001 1.0000 1.0000 0.0994 0.0086 0.0007 1.0000 1.0000 0.5179 0.0448 0.0039 0.0003 1.0000 1.0000 0.2343 0.0203 0.0018 0.0002 1.0000 1.0000 0.1062 0.0092 0.0008 0.0001 1.0000 0.5674 0.0496 0.0043 0.0004 1.0000 1.0000 0.2883 0.0259 0.0023 0.0002 1.0000 1.0000 0.1820 0.0170 0.0016 0.0002 1.0000 1.0000 0.1277
1.0000 1.0000 0.0002 0.0017 0.0185 0.1960 1.0000 1.0000 0.0002 0.0024 0.0263 0.2883 1.0000 1.0000 0.0004 0.0041 0.0469 0.5329 1.0000 1.0000 0.0007 0.0085 0.0977 1.0000 1.0000 0.0001 0.0016 0.0185 0.2143 1.0000 1.0000 0.0003 0.0035 0.0409 0.4727 1.0000 1.0000 0.0007 0.0078 0.0905 1.0000 1.0000 0.0001 0.0015 0.0173 0.2009 1.0000 1.0000 0.0003 0.0029 0.0130 0.0029 0.0003 1.0000 1.0000 0.2009 0.0173 0.0015 0.0001 1.0000 1.0000 0.0905 0.0078 0.0007 1.0000 1.0000 0.4727 0.0409 0.0035 0.0003 1.0000 1.0000 0.2143 0.0185 0.0016 0.0001 1.0000 1.0000 0.0977 0.0085 0.0007 1.0000 1.0000 0.5329 0.0469 0.0041 0.0004 1.0000 1.0000 0.2883 0.0263 0.0024 0.0002 1.0000 1.0000 0.1960 0.0185 0.0017 0.0002 1.0000 1.0000
1.0000 0.0002 0.0019 0.0202 0.2135 1.0000 1.0000 0.0002 0.0025 0.0273 0.2961 1.0000 1.0000 0.0004 0.0040 0.0452 0.5091 1.0000 1.0000 0.0007 0.0079 0.0904 1.0000 1.0000 0.0001 0.0015 0.0170 0.1960 1.0000 1.0000 0.0003 0.0032 0.0374 0.4323 1.0000 1.0000 0.0006 0.0071 0.0826 0.9554 1.0000 0.0001 0.0014 0.0158 0.1830 1.0000 1.0000 0.0003 0.0030 0.0307 0.1373 0.0307 0.0030 0.0003 1.0000 1.0000 0.1830 0.0158 0.0014 0.0001 1.0000 0.9554 0.0826 0.0071 0.0006 1.0000 1.0000 0.4323 0.0374 0.0032 0.0003 1.0000 1.0000 0.1960 0.0170 0.0015 0.0001 1.0000 1.0000 0.0904 0.0079 0.0007 1.0000 1.0000 0.5091 0.0452 0.0040 0.0004 1.0000 1.0000 0.2961 0.0273 0.0025 0.0002 1.0000 1.0000 0.2135 0.0202 0.0019 0.0002 1.0000
0.0002 0.0021 0.0221 0.2334 1.0000 1.0000 0.0003 0.0027 0.0290 0.3117 1.0000 1.0000 0.0004 0.0040 0.0447 0.4976 1.0000 1.0000 0.0007 0.0074 0.0845 0.9663 1.0000 0.0001 0.0014 0.0156 0.1795 1.0000 1.0000 0.0003 0.0030 0.0342 0.3953 1.0000 1.0000 0.0006 0.0065 0.0754 0.8720 1.0000 0.0001 0.0012 0.0144 0.1670 1.0000 1.0000 0.0002 0.0028 0.0312 0.3244 1.0000 0.3244 0.0312 0.0028 0.0002 1.0000 1.0000 0.1670 0.0144 0.0012 0.0001 1.0000 0.8720 0.0754 0.0065 0.0006 1.0000 1.0000 0.3953 0.0342 0.0030 0.0003 1.0000 1.0000 0.1795 0.0156 0.0014 0.0001 1.0000 0.9663 0.0845 0.0074 0.0007 1.0000 1.0000 0.4976 0.0447 0.0040 0.0004 1.0000 1.0000 0.3117 0.0290 0.0027 0.0003 1.0000 1.0000 0.2334 0.0221 0.0021 0.0002
0.0021 0.0243 0.2562 1.0000 1.0000 0.0003 0.0030 0.0313 0.3338 1.0000 1.0000 0.0004 0.0041 0.0452 0.4976 1.0000 1.0000 0.0006 0.0071 0.0803 0.9110 1.0000 0.0001 0.0013 0.0144 0.1654 1.0000 1.0000 0.0002 0.0027 0.0313 0.3615 1.0000 1.0000 0.0005 0.0060 0.0690 0.7975 1.0000 0.0001 0.0011 0.0132 0.1525 1.0000 1.0000 0.0002 0.0025 0.0290 0.3293 1.0000 1.0000 1.0000 0.3293 0.0290 0.0025 0.0002 1.0000 1.0000 0.1525 0.0132 0.0011 0.0001 1.0000 0.7975 0.0690 0.0060 0.0005 1.0000 1.0000 0.3615 0.0313 0.0027 0.0002 1.0000 1.0000 0.1654 0.0144 0.0013 0.0001 1.0000 0.9110 0.0803 0.0071 0.0006 1.0000 1.0000 0.4976 0.0452 0.0041 0.0004 1.0000 1.0000 0.3338 0.0313 0.0030 0.0003 1.0000 1.0000 0.2562 0.0243 0.0021
0.0245 0.2807 1.0000 1.0000 0.0003 0.0032 0.0341 0.3615 1.0000 1.0000 0.0004 0.0043 0.0469 0.5091 1.0000 1.0000 0.0006 0.0070 0.0778 0.8737 1.0000 0.0001 0.0012 0.0134 0.1536 1.0000 1.0000 0.0002 0.0025 0.0287 0.3306 1.0000 1.0000 0.0005 0.0055 0.0631 0.7293 1.0000 0.0001 0.0010 0.0120 0.1392 1.0000 1.0000 0.0002 0.0023 0.0266 0.3064 1.0000 1.0000 0.0001 1.0000 1.0000 0.3064 0.0266 0.0023 0.0002 1.0000 1.0000 0.1392 0.0120 0.0010 0.0001 1.0000 0.7293 0.0631 0.0055 0.0005 1.0000 1.0000 0.3306 0.0287 0.0025 0.0002 1.0000 1.0000 0.1536 0.0134 0.0012 0.0001 1.0000 0.8737 0.0778 0.0070 0.0006 1.0000 1.0000 0.5091 0.0469 0.0043 0.0004 1.0000 1.0000 0.3615 0.0341 0.0032 0.0003 1.0000 1.0000 0.2807 0.0245
0.2834 1.0000 1.0000 0.0003 0.0035 0.0372 0.3938 1.0000 1.0000 0.0004 0.0046 0.0496 0.5329 1.0000 1.0000 0.0006 0.0070 0.0769 0.8556 1.0000 0.0001 0.0011 0.0127 0.1443 1.0000 1.0000 0.0002 0.0023 0.0264 0.3041 1.0000 1.0000 0.0004 0.0050 0.0577 0.6669 1.0000 0.0001 0.0010 0.0110 0.1273 1.0000 1.0000 0.0002 0.0021 0.0243 0.2813 1.0000 1.0000 0.0004 0.0016 0.0004 1.0000 1.0000 0.2813 0.0243 0.0021 0.0002 1.0000 1.0000 0.1273 0.0110 0.0010 0.0001 1.0000 0.6669 0.0577 0.0050 0.0004 1.0000 1.0000 0.3041 0.0264 0.0023 0.0002 1.0000 1.0000 0.1443 0.0127 0.0011 0.0001 1.0000 0.8556 0.0769 0.0070 0.0006 1.0000 1.0000 0.5329 0.0496 0.0046 0.0004 1.0000 1.0000 0.3938 0.0372 0.0035 0.0003 1.0000 1.0000 0.2834
1.0000 1.0000 0.0004 0.0039 0.0408 0.4306 1.0000 1.0000 0.0005 0.0050 0.0533 0.5674 1.0000 1.0000 0.0007 0.0071 0.0778 0.8556 1.0000 0.0001 0.0011 0.0122 0.1376 1.0000 1.0000 0.0002 0.0021 0.0244 0.2807 1.0000 1.0000 0.0004 0.0046 0.0528 0.6099 1.0000 0.0001 0.0009 0.0101 0.1164 1.0000 1.0000 0.0002 0.0019 0.0222 0.2567 1.0000 1.0000 0.0004 0.0037 0.0166 0.0037 0.0004 1.0000 1.0000 0.2567 0.0222 0.0019 0.0002 1.0000 1.0000 0.1164 0.0101 0.0009 0.0001 1.0000 0.6099 0.0528 0.0046 0.0004 1.0000 1.0000 0.2807 0.0244 0.0021 0.0002 1.0000 1.0000 0.1376 0.0122 0.0011 0.0001 1.0000 0.8556 0.0778 0.0071 0.0007 1.0000 1.0000 0.5674 0.0533 0.0050 0.0005 1.0000 1.0000 0.4306 0.0408 0.0039 0.0004 1.0000 1.0000
1.0000 0.0004 0.0042 0.0447 0.4718 1.0000 1.0000 0.0005 0.0054 0.0577 0.6122 1.0000 1.0000 0.0007 0.0074 0.0803 0.8737 1.0000 0.0001 0.0011 0.0119 0.1335 1.0000 1.0000 0.0002 0.0020 0.0229 0.2611 1.0000 1.0000 0.0004 0.0042 0.0484 0.5588 1.0000 0.0001 0.0008 0.0092 0.1064 1.0000 1.0000 0.0002 0.0018 0.0203 0.2348 1.0000 1.0000 0.0003 0.0038 0.0394 0.1758 0.0394 0.0038 0.0003 1.0000 1.0000 0.2348 0.0203 0.0018 0.0002 1.0000 1.0000 0.1064 0.0092 0.0008 0.0001 1.0000 0.5588 0.0484 0.0042 0.0004 1.0000 1.0000 0.2611 0.0229 0.0020 0.0002 1.0000 1.0000 0.1335 0.0119 0.0011 0.0001 1.0000 0.8737 0.0803 0.0074 0.0007 1.0000 1.0000 0.6122 0.0577 0.0054 0.0005 1.0000 1.0000 0.4718 0.0447 0.0042 0.0004 1.0000
0.0004 0.0047 0.0491 0.5179 1.0000 1.0000 0.0006 0.0059 0.0628 0.6657 1.0000 0.0001 0.0007 0.0079 0.0845 0.9110 1.0000 0.0001 0.0011 0.0119 0.1319 1.0000 1.0000 0.0002 0.0019 0.0217 0.2462 1.0000 1.0000 0.0003 0.0039 0.0446 0.5139 1.0000 1.0000 0.0007 0.0084 0.0973 1.0000 1.0000 0.0001 0.0016 0.0186 0.2147 1.0000 1.0000 0.0003 0.0035 0.0400 0.4161 1.0000 0.4161 0.0400 0.0035 0.0003 1.0000 1.0000 0.2147 0.0186 0.0016 0.0001 1.0000 1.0000 0.0973 0.0084 0.0007 1.0000 1.0000 0.5139 0.0446 0.0039 0.0003 1.0000 1.0000 0.2462 0.0217 0.0019 0.0002 1.0000 1.0000 0.1319 0.0119 0.0011 0.0001 1.0000 0.9110 0.0845 0.0079 0.0007 0.0001 1.0000 0.6657 0.0628 0.0059 0.0006 1.0000 1.0000 0.5179 0.0491 0.0047 0.0004
0.0047 0.0538 0.5674 1.0000 1.0000 0.0006 0.0065 0.0687 0.7265 1.0000 0.0001 0.0008 0.0085 0.0904 0.9663 1.0000 0.0001 0.0011 0.0122 0.1335 1.0000 1.0000 0.0002 0.0019 0.0209 0.2352 1.0000 1.0000 0.0003 0.0036 0.0414 0.4754 1.0000 1.0000 0.0007 0.0077 0.0892 1.0000 1.0000 0.0001 0.0015 0.0170 0.1963 1.0000 1.0000 0.0003 0.0032 0.0373 0.4233 1.0000 1.0000 1.0000 0.4233 0.0373 0.0032 0.0003 1.0000 1.0000 0.1963 0.0170 0.0015 0.0001 1.0000 1.0000 0.0892 0.0077 0.0007 1.0000 1.0000 0.4754 0.0414 0.0036 0.0003 1.0000 1.0000 0.2352 0.0209 0.0019 0.0002 1.0000 1.0000 0.1335 0.0122 0.0011 0.0001 1.0000 0.9663 0.0904 0.0085 0.0008 0.0001 1.0000 0.7265 0.0687 0.0065 0.0006 1.0000 1.0000 0.5674 0.0538 0.0047
0.0543 0.6228 1.0000 1.0000 0.0007 0.0071 0.0753 0.7960 1.0000 0.0001 0.0009 0.0092 0.0977 1.0000 1.0000 0.0001 0.0012 0.0127 0.1376 1.0000 1.0000 0.0002 0.0018 0.0205 0.2282 1.0000 1.0000 0.0003 0.0034 0.0389 0.4439 1.0000 1.0000 0.0006 0.0071 0.0819 0.9445 1.0000 0.0001 0.0013 0.0155 0.1795 1.0000 1.0000 0.0003 0.0030 0.0343 0.3946 1.0000 1.0000 0.0002 1.0000 1.0000 0.3946 0.0343 0.0030 0.0003 1.0000 1.0000 0.1795 0.0155 0.0013 0.0001 1.0000 0.9445 0.0819 0.0071 0.0006 1.0000 1.0000 0.4439 0.0389 0.0034 0.0003 1.0000 1.0000 0.2282 0.0205 0.0018 0.0002 1.0000 1.0000 0.1376 0.0127 0.0012 0.0001 1.0000 1.0000 0.0977 0.0092 0.0009 0.0001 1.0000 0.7960 0.0753 0.0071 0.0007 1.0000 1.0000 0.6228 0.0543
0.6287 1.0000 0.0001 0.0007 0.0078 0.0825 0.8704 1.0000 0.0001 0.0009 0.0100 0.1062 1.0000 1.0000 0.0001 0.0013 0.0134 0.1443 1.0000 1.0000 0.0002 0.0019 0.0205 0.2260 1.0000 1.0000 0.0003 0.0033 0.0370 0.4193 1.0000 1.0000 0.0006 0.0066 0.0757 0.8704 1.0000 0.0001 0.0012 0.0142 0.1642 1.0000 1.0000 0.0002 0.0027 0.0314 0.3622 1.0000 1.0000 0.0005 0.0020 0.0005 1.0000 1.0000 0.3622 0.0314 0.0027 0.0002 1.0000 1.0000 0.1642 0.0142 0.0012 0.0001 1.0000 0.8704 0.0757 0.0066 0.0006 1.0000 1.0000 0.4193 0.0370 0.0033 0.0003 1.0000 1.0000 0.2260 0.0205 0.0019 0.0002 1.0000 1.0000 0.1443 0.0134 0.0013 0.0001 1.0000 1.0000 0.1062 0.0100 0.0009 0.0001 1.0000 0.8704 0.0825 0.0078 0.0007 0.0001 1.0000 0.6287
1.0000 0.0001 0.0008 0.0086 0.0905 0.9554 1.0000 0.0001 0.0010 0.0110 0.1159 1.0000 1.0000 0.0001 0.0014 0.0144 0.1536 1.0000 1.0000 0.0002 0.0019 0.0209 0.2282 1.0000 1.0000 0.0003 0.0032 0.0357 0.4014 1.0000 1.0000 0.0005 0.0062 0.0704 0.8066 1.0000 0.0001 0.0011 0.0131 0.1504 1.0000 1.0000 0.0002 0.0025 0.0287 0.3319 1.0000 1.0000 0.0005 0.0048 0.0214 0.0048 0.0005 1.0000 1.0000 0.3319 0.0287 0.0025 0.0002 1.0000 1.0000 0.1504 0.0131 0.0011 0.0001 1.0000 0.8066 0.0704 0.0062 0.0005 1.0000 1.0000 0.4014 0.0357 0.0032 0.0003 1.0000 1.0000 0.2282 0.0209 0.0019 0.0002 1.0000 1.0000 0.1536 0.0144 0.0014 0.0001 1.0000 1.0000 0.1159 0.0110 0.0010 0.0001 1.0000 0.9554 0.0905 0.0086 0.0008 0.0001 1.0000
0.0001 0.0009 0.0094 0.0992 1.0000 1.0000 0.0001 0.0011 0.0120 0.1268 1.0000 1.0000 0.0001 0.0015 0.0156 0.1654 1.0000 1.0000 0.0002 0.0020 0.0217 0.2352 1.0000 1.0000 0.0003 0.0031 0.0350 0.3908 1.0000 1.0000 0.0005 0.0058 0.0662 0.7547 1.0000 0.0001 0.0010 0.0120 0.1386 1.0000 1.0000 0.0002 0.0023 0.0263 0.3035 1.0000 1.0000 0.0004 0.0049 0.0508 0.2264 0.0508 0.0049 0.0004 1.0000 1.0000 0.3035 0.0263 0.0023 0.0002 1.0000 1.0000 0.1386 0.0120 0.0010 0.0001 1.0000 0.7547 0.0662 0.0058 0.0005 1.0000 1.0000 0.3908 0.0350 0.0031 0.0003 1.0000 1.0000 0.2352 0.0217 0.0020 0.0002 1.0000 1.0000 0.1654 0.0156 0.0015 0.0001 1.0000 1.0000 0.1268 0.0120 0.0011 0.0001 1.0000 1.0000 0.0992 0.0094 0.0009 0.0001
0.0009 0.0103 0.1089 1.0000 1.0000 0.0001 0.0012 0.0132 0.1389 1.0000 1.0000 0.0002 0.0016 0.0170 0.1795 1.0000 1.0000 0.0002 0.0021 0.0229 0.2462 1.0000 1.0000 0.0003 0.0032 0.0350 0.3871 1.0000 1.0000 0.0005 0.0056 0.0631 0.7142 1.0000 0.0001 0.0010 0.0112 0.1282 1.0000 1.0000 0.0002 0.0021 0.0240 0.2775 1.0000 1.0000 0.0004 0.0046 0.0517 0.5369 1.0000 0.5369 0.0517 0.0046 0.0004 1.0000 1.0000 0.2775 0.0240 0.0021 0.0002 1.0000 1.0000 0.1282 0.0112 0.0010 0.0001 1.0000 0.7142 0.0631 0.0056 0.0005 1.0000 1.0000 0.3871 0.0350 0.0032 0.0003 1.0000 1.0000 0.2462 0.0229 0.0021 0.0002 1.0000 1.0000 0.1795 0.0170 0.0016 0.0002 1.0000 1.0000 0.1389 0.0132 0.0012 0.0001 1.0000 1.0000 0.1089 0.0103 0.0009
0.0104 0.1193 1.0000 1.0000 0.0001 0.0014 0.0144 0.1522 1.0000 1.0000 0.0002 0.0018 0.0185 0.1960 1.0000 1.0000 0.0002 0.0023 0.0244 0.2611 1.0000 1.0000 0.0003 0.0033 0.0357 0.3908 1.0000 1.0000 0.0005 0.0054 0.0608 0.6849 1.0000 0.0001 0.0009 0.0105 0.1195 1.0000 1.0000 0.0002 0.0019 0.0221 0.2543 1.0000 1.0000 0.0004 0.0042 0.0482 0.5462 1.0000 1.0000 1.0000 0.5462 0.0482 0.0042 0.0004 1.0000 1.0000 0.2543 0.0221 0.0019 0.0002 1.0000 1.0000 0.1195 0.0105 0.0009 0.0001 1.0000 0.6849 0.0608 0.0054 0.0005 1.0000 1.0000 0.3908 0.0357 0.0033 0.0003 1.0000 1.0000 0.2611 0.0244 0.0023 0.0002 1.0000 1.0000 0.1960 0.0185 0.0018 0.0002 1.0000 1.0000 0.1522 0.0144 0.0014 0.0001 1.0000 1.0000 0.1193 0.0104
0.1204 1.0000 1.0000 0.0001 0.0015 0.0158 0.1670 1.0000 1.0000 0.0002 0.0019 0.0203 0.2143 1.0000 1.0000 0.0002 0.0025 0.0264 0.2807 1.0000 1.0000 0.0003 0.0034 0.0370 0.4014 1.0000 1.0000 0.0005 0.0054 0.0598 0.6669 1.0000 0.0001 0.0009 0.0099 0.1125 1.0000 1.0000 0.0002 0.0018 0.0204 0.2343 1.0000 1.0000 0.0003 0.0038 0.0442 0.5091 1.0000 1.0000 0.0002 1.0000 1.0000 0.5091 0.0442 0.0038 0.0003 1.0000 1.0000 0.2343 0.0204 0.0018 0.0002 1.0000 1.0000 0.1125 0.0099 0.0009 0.0001 1.0000 0.6669 0.0598 0.0054 0.0005 1.0000 1.0000 0.4014 0.0370 0.0034 0.0003 1.0000 1.0000 0.2807 0.0264 0.0025 0.0002 1.0000 1.0000 0.2143 0.0203 0.0019 0.0002 1.0000 1.0000 0.1670 0.0158 0.0015 0.0001 1.0000 1.0000 0.1204
1.0000 1.0000 0.0002 0.0016 0.0173 0.1830 1.0000 1.0000 0.0002 0.0021 0.0222 0.2343 1.0000 1.0000 0.0003 0.0027 0.0287 0.3041 1.0000 1.0000 0.0003 0.0036 0.0389 0.4193 1.0000 1.0000 0.0005 0.0054 0.0598 0.6606 1.0000 0.0001 0.0008 0.0095 0.1072 1.0000 1.0000 0.0001 0.0017 0.0190 0.2172 1.0000 1.0000 0.0003 0.0035 0.0406 0.4682 1.0000 1.0000 0.0006 0.0026 0.0006 1.0000 1.0000 0.4682 0.0406 0.0035 0.0003 1.0000 1.0000 0.2172 0.0190 0.0017 0.0001 1.0000 1.0000 0.1072 0.0095 0.0008 0.0001 1.0000 0.6606 0.0598 0.0054 0.0005 1.0000 1.0000 0.4193 0.0389 0.0036 0.0003 1.0000 1.0000 0.3041 0.0287 0.0027 0.0003 1.0000 1.0000 0.2343 0.0222 0.0021 0.0002 1.0000 1.0000 0.1830 0.0173 0.0016 0.0002 1.0000 1.0000
1.0000 0.0002 0.0018 0.0190 0.2009 1.0000 1.0000 0.0002 0.0023 0.0243 0.2562 1.0000 1.0000 0.0003 0.0030 0.0313 0.3306 1.0000 1.0000 0.0004 0.0039 0.0414 0.4439 1.0000 1.0000 0.0005 0.0056 0.0608 0.6669 1.0000 0.0001 0.0008 0.0093 0.1038 1.0000 1.0000 0.0001 0.0016 0.0178 0.2028 1.0000 1.0000 0.0003 0.0032 0.0373 0.4298 1.0000 1.0000 0.0006 0.0062 0.0277 0.0062 0.0006 1.0000 1.0000 0.4298 0.0373 0.0032 0.0003 1.0000 1.0000 0.2028 0.0178 0.0016 0.0001 1.0000 1.0000 0.1038 0.0093 0.0008 0.0001 1.0000 0.6669 0.0608 0.0056 0.0005 1.0000 1.0000 0.4439 0.0414 0.0039 0.0004 1.0000 1.0000 0.3306 0.0313 0.0030 0.0003 1.0000 1.0000 0.2562 0.0243 0.0023 0.0002 1.0000 1.0000 0.2009 0.0190 0.0018 0.0002 1.0000
0.0002 0.0020 0.0209 0.2201 1.0000 1.0000 0.0002 0.0025 0.0266 0.2807 1.0000 1.0000 0.0003 0.0032 0.0342 0.3615 1.0000 1.0000 0.0004 0.0042 0.0446 0.4754 1.0000 1.0000 0.0005 0.0058 0.0631 0.6849 1.0000 0.0001 0.0008 0.0092 0.1021 1.0000 1.0000 0.0001 0.0015 0.0169 0.1915 1.0000 1.0000 0.0003 0.0030 0.0345 0.3961 1.0000 1.0000 0.0006 0.0063 0.0655 0.2927 0.0655 0.0063 0.0006 1.0000 1.0000 0.3961 0.0345 0.0030 0.0003 1.0000 1.0000 0.1915 0.0169 0.0015 0.0001 1.0000 1.0000 0.1021 0.0092 0.0008 0.0001 1.0000 0.6849 0.0631 0.0058 0.0005 1.0000 1.0000 0.4754 0.0446 0.0042 0.0004 1.0000 1.0000 0.3615 0.0342 0.0032 0.0003 1.0000 1.0000 0.2807 0.0266 0.0025 0.0002 1.0000 1.0000 0.2201 0.0209 0.0020 0.0002
0.0020 0.0229 0.2411 1.0000 1.0000 0.0003 0.0028 0.0292 0.3081 1.0000 1.0000 0.0003 0.0035 0.0374 0.3953 1.0000 1.0000 0.0004 0.0046 0.0484 0.5139 1.0000 1.0000 0.0006 0.0062 0.0662 0.7142 1.0000 0.0001 0.0008 0.0093 0.1021 1.0000 1.0000 0.0001 0.0014 0.0162 0.1830 1.0000 1.0000 0.0002 0.0028 0.0321 0.3678 1.0000 1.0000 0.0005 0.0059 0.0669 0.6941 1.0000 0.6941 0.0669 0.0059 0.0005 1.0000 1.0000 0.3678 0.0321 0.0028 0.0002 1.0000 1.0000 0.1830 0.0162 0.0014 0.0001 1.0000 1.0000 0.1021 0.0093 0.0008 0.0001 1.0000 0.7142 0.0662 0.0062 0.0006 1.0000 1.0000 0.5139 0.0484 0.0046 0.0004 1.0000 1.0000 0.3953 0.0374 0.0035 0.0003 1.0000 1.0000 0.3081 0.0292 0.0028 0.0003 1.0000 1.0000 0.2411 0.0229 0.0020
0.0231 0.2646 1.0000 1.0000 0.0003 0.0030 0.0320 0.3376 1.0000 1.0000 0.0004 0.0039 0.0409 0.4323 1.0000 1.0000 0.0005 0.0050 0.0528 0.5588 1.0000 1.0000 0.0006 0.0066 0.0704 0.7547 1.0000 0.0001 0.0009 0.0095 0.1038 1.0000 1.0000 0.0001 0.0014 0.0158 0.1772 1.0000 1.0000 0.0002 0.0027 0.0302 0.3441 1.0000 1.0000 0.0005 0.0055 0.0628 0.7088 1.0000 1.0000 1.0000 0.7088 0.0628 0.0055 0.0005 1.0000 1.0000 0.3441 0.0302 0.0027 0.0002 1.0000 1.0000 0.1772 0.0158 0.0014 0.0001 1.0000 1.0000 0.1038 0.0095 0.0009 0.0001 1.0000 0.7547 0.0704 0.0066 0.0006 1.0000 1.0000 0.5588 0.0528 0.0050 0.0005 1.0000 1.0000 0.4323 0.0409 0.0039 0.0004 1.0000 1.0000 0.3376 0.0320 0.0030 0.0003 1.0000 1.0000 0.2646 0.0231
0.2672 1.0000 1.0000 0.0003 0.0033 0.0351 0.3706 1.0000 1.0000 0.0004 0.0042 0.0448 0.4727 1.0000 1.0000 0.0005 0.0055 0.0577 0.6099 1.0000 1.0000 0.0007 0.0071 0.0757 0.8066 1.0000 0.0001 0.0009 0.0099 0.1072 1.0000 1.0000 0.0001 0.0014 0.0157 0.1742 1.0000 1.0000 0.0002 0.0025 0.0287 0.3250 1.0000 1.0000 0.0004 0.0051 0.0583 0.6682 1.0000 0.0001 0.0003 0.0001 1.0000 0.6682 0.0583 0.0051 0.0004 1.0000 1.0000 0.3250 0.0287 0.0025 0.0002 1.0000 1.0000 0.1742 0.0157 0.0014 0.0001 1.0000 1.0000 0.1072 0.0099 0.0009 0.0001 1.0000 0.8066 0.0757 0.0071 0.0007 1.0000 1.0000 0.6099 0.0577 0.0055 0.0005 1.0000 1.0000 0.4727 0.0448 0.0042 0.0004 1.0000 1.0000 0.3706 0.0351 0.0033 0.0003 1.0000 1.0000 0.2672
1.0000 1.0000 0.0003 0.0036 0.0385 0.4060 1.0000 1.0000 0.0004 0.0047 0.0491 0.5179 1.0000 1.0000 0.0006 0.0060 0.0631 0.6669 1.0000 0.0001 0.0007 0.0077 0.0819 0.8704 1.0000 0.0001 0.0010 0.0105 0.1125 1.0000 1.0000 0.0001 0.0014 0.0158 0.1742 1.0000 1.0000 0.0002 0.0025 0.0276 0.3111 1.0000 1.0000 0.0004 0.0048 0.0545 0.6228 1.0000 0.0001 0.0008 0.0034 0.0008 0.0001 1.0000 0.6228 0.0545 0.0048 0.0004 1.0000 1.0000 0.3111 0.0276 0.0025 0.0002 1.0000 1.0000 0.1742 0.0158 0.0014 0.0001 1.0000 1.0000 0.1125 0.0105 0.0010 0.0001 1.0000 0.8704 0.0819 0.0077 0.0007 0.0001 1.0000 0.6669 0.0631 0.0060 0.0006 1.0000 1.0000 0.5179 0.0491 0.0047 0.0004 1.0000 1.0000 0.4060 0.0385 0.0036 0.0003 1.0000 1.0000
1.0000 0.0004 0.0040 0.0422 0.4448 1.0000 1.0000 0.0005 0.0051 0.0539 0.5685 1.0000 1.0000 0.0006 0.0065 0.0690 0.7293 1.0000 0.0001 0.0008 0.0084 0.0892 0.9445 1.0000 0.0001 0.0010 0.0112 0.1195 1.0000 1.0000 0.0001 0.0015 0.0162 0.1772 1.0000 1.0000 0.0002 0.0024 0.0270 0.3018 1.0000 1.0000 0.0004 0.0045 0.0513 0.5838 1.0000 0.0001 0.0008 0.0082 0.0363 0.0082 0.0008 0.0001 1.0000 0.5838 0.0513 0.0045 0.0004 1.0000 1.0000 0.3018 0.0270 0.0024 0.0002 1.0000 1.0000 0.1772 0.0162 0.0015 0.0001 1.0000 1.0000 0.1195 0.0112 0.0010 0.0001 1.0000 0.9445 0.0892 0.0084 0.0008 0.0001 1.0000 0.7293 0.0690 0.0065 0.0006 1.0000 1.0000 0.5685 0.0539 0.0051 0.0005 1.0000 1.0000 0.4448 0.0422 0.0040 0.0004 1.0000
0.0004 0.0044 0.0463 0.4882 1.0000 1.0000 0.0005 0.0056 0.0590 0.6228 1.0000 1.0000 0.0007 0.0071 0.0754 0.7975 1.0000 0.0001 0.0009 0.0092 0.0973 1.0000 1.0000 0.0001 0.0011 0.0120 0.1282 1.0000 1.0000 0.0001 0.0016 0.0169 0.1830 1.0000 1.0000 0.0002 0.0024 0.0268 0.2966 1.0000 1.0000 0.0004 0.0043 0.0488 0.5525 1.0000 1.0000 0.0008 0.0084 0.0870 0.3871 0.0870 0.0084 0.0008 1.0000 1.0000 0.5525 0.0488 0.0043 0.0004 1.0000 1.0000 0.2966 0.0268 0.0024 0.0002 1.0000 1.0000 0.1830 0.0169 0.0016 0.0001 1.0000 1.0000 0.1282 0.0120 0.0011 0.0001 1.0000 1.0000 0.0973 0.0092 0.0009 0.0001 1.0000 0.7975 0.0754 0.0071 0.0007 1.0000 1.0000 0.6228 0.0590 0.0056 0.0005 1.0000 1.0000 0.4882 0.0463 0.0044 0.0004
0.0044 0.0507 0.5349 1.0000 1.0000 0.0006 0.0061 0.0647 0.6823 1.0000 0.0001 0.0007 0.0078 0.0826 0.8720 1.0000 0.0001 0.0010 0.0101 0.1064 1.0000 1.0000 0.0001 0.0012 0.0131 0.1386 1.0000 1.0000 0.0002 0.0017 0.0178 0.1915 1.0000 1.0000 0.0002 0.0025 0.0270 0.2966 1.0000 1.0000 0.0004 0.0042 0.0470 0.5288 1.0000 1.0000 0.0007 0.0081 0.0902 0.9285 1.0000 0.9285 0.0902 0.0081 0.0007 1.0000 1.0000 0.5288 0.0470 0.0042 0.0004 1.0000 1.0000 0.2966 0.0270 0.0025 0.0002 1.0000 1.0000 0.1915 0.0178 0.0017 0.0002 1.0000 1.0000 0.1386 0.0131 0.0012 0.0001 1.0000 1.0000 0.1064 0.0101 0.0010 0.0001 1.0000 0.8720 0.0826 0.0078 0.0007 0.0001 1.0000 0.6823 0.0647 0.0061 0.0006 1.0000 1.0000 0.5349 0.0507 0.0044
0.0512 0.5871 1.0000 1.0000 0.0006 0.0067 0.0710 0.7490 1.0000 0.0001 0.0008 0.0086 0.0905 0.9554 1.0000 0.0001 0.0010 0.0110 0.1164 1.0000 1.0000 0.0001 0.0013 0.0142 0.1504 1.0000 1.0000 0.0002 0.0018 0.0190 0.2028 1.0000 1.0000 0.0002 0.0025 0.0276 0.3018 1.0000 1.0000 0.0004 0.0041 0.0459 0.5130 1.0000 1.0000 0.0007 0.0077 0.0867 0.9682 1.0000 1.0000 1.0000 0.9682 0.0867 0.0077 0.0007 1.0000 1.0000 0.5130 0.0459 0.0041 0.0004 1.0000 1.0000 0.3018 0.0276 0.0025 0.0002 1.0000 1.0000 0.2028 0.0190 0.0018 0.0002 1.0000 1.0000 0.1504 0.0142 0.0013 0.0001 1.0000 1.0000 0.1164 0.0110 0.0010 0.0001 1.0000 0.9554 0.0905 0.0086 0.0008 0.0001 1.0000 0.7490 0.0710 0.0067 0.0006 1.0000 1.0000 0.5871 0.0512
0.5916 1.0000 1.0000 0.0007 0.0074 0.0778 0.8205 1.0000 0.0001 0.0009 0.0094 0.0994 1.0000 1.0000 0.0001 0.0011 0.0120 0.1273 1.0000 1.0000 0.0001 0.0015 0.0155 0.1642 1.0000 1.0000 0.0002 0.0019 0.0204 0.2172 1.0000 1.0000 0.0002 0.0027 0.0287 0.3111 1.0000 1.0000 0.0004 0.0041 0.0456 0.5052 1.0000 1.0000 0.0007 0.0073 0.0828 0.9356 1.0000 0.0001 0.0004 0.0001 1.0000 0.9356 0.0828 0.0073 0.0007 1.0000 1.0000 0.5052 0.0456 0.0041 0.0004 1.0000 1.0000 0.3111 0.0287 0.0027 0.0002 1.0000 1.0000 0.2172 0.0204 0.0019 0.0002 1.0000 1.0000 0.1642 0.0155 0.0015 0.0001 1.0000 1.0000 0.1273 0.0120 0.0011 0.0001 1.0000 1.0000 0.0994 0.0094 0.0009 0.0001 1.0000 0.8205 0.0778 0.0074 0.0007 1.0000 1.0000 0.5916
1.0000 0.0001 0.0008 0.0081 0.0854 0.9007 1.0000 0.0001 0.0010 0.0103 0.1089 1.0000 1.0000 0.0001 0.0012 0.0132 0.1392 1.0000 1.0000 0.0002 0.0016 0.0170 0.1795 1.0000 1.0000 0.0002 0.0021 0.0221 0.2343 1.0000 1.0000 0.0003 0.0028 0.0302 0.3250 1.0000 1.0000 0.0004 0.0042 0.0459 0.5052 1.0000 1.0000 0.0006 0.0071 0.0799 0.8990 1.0000 0.0001 0.0011 0.0047 0.0011 0.0001 1.0000 0.8990 0.0799 0.0071 0.0006 1.0000 1.0000 0.5052 0.0459 0.0042 0.0004 1.0000 1.0000 0.3250 0.0302 0.0028 0.0003 1.0000 1.0000 0.2343 0.0221 0.0021 0.0002 1.0000 1.0000 0.1795 0.0170 0.0016 0.0002 1.0000 1.0000 0.1392 0.0132 0.0012 0.0001 1.0000 1.0000 0.1089 0.0103 0.0010 0.0001 1.0000 0.9007 0.0854 0.0081 0.0008 0.0001 1.0000
0.0001 0.0008 0.0089 0.0935 0.9868 1.0000 0.0001 0.0011 0.0113 0.1193 1.0000 1.0000 0.0001 0.0014 0.0144 0.1525 1.0000 1.0000 0.0002 0.0018 0.0186 0.1963 1.0000 1.0000 0.0002 0.0023 0.0240 0.2543 1.0000 1.0000 0.0003 0.0030 0.0321 0.3441 1.0000 1.0000 0.0004 0.0043 0.0470 0.5130 1.0000 1.0000 0.0006 0.0070 0.0781 0.8720 1.0000 0.0001 0.0011 0.0115 0.0508 0.0115 0.0011 0.0001 1.0000 0.8720 0.0781 0.0070 0.0006 1.0000 1.0000 0.5130 0.0470 0.0043 0.0004 1.0000 1.0000 0.3441 0.0321 0.0030 0.0003 1.0000 1.0000 0.2543 0.0240 0.0023 0.0002 1.0000 1.0000 0.1963 0.0186 0.0018 0.0002 1.0000 1.0000 0.1525 0.0144 0.0014 0.0001 1.0000 1.0000 0.1193 0.0113 0.0011 0.0001 1.0000 0.9868 0.0935 0.0089 0.0008 0.0001
0.0008 0.0097 0.1026 1.0000 1.0000 0.0001 0.0012 0.0124 0.1309 1.0000 1.0000 0.0001 0.0015 0.0158 0.1670 1.0000 1.0000 0.0002 0.0019 0.0203 0.2147 1.0000 1.0000 0.0002 0.0025 0.0263 0.2775 1.0000 1.0000 0.0003 0.0032 0.0345 0.3678 1.0000 1.0000 0.0004 0.0045 0.0488 0.5288 1.0000 1.0000 0.0006 0.0070 0.0775 0.8605 1.0000 0.0001 0.0011 0.0122 0.1241 0.5493 0.1241 0.0122 0.0011 0.0001 1.0000 0.8605 0.0775 0.0070 0.0006 1.0000 1.0000 0.5288 0.0488 0.0045 0.0004 1.0000 1.0000 0.3678 0.0345 0.0032 0.0003 1.0000 1.0000 0.2775 0.0263 0.0025 0.0002 1.0000 1.0000 0.2147 0.0203 0.0019 0.0002 1.0000 1.0000 0.1670 0.0158 0.0015 0.0001 1.0000 1.0000 0.1309 0.0124 0.0012 0.0001 1.0000 1.0000 0.1026 0.0097 0.0008
0.0098 0.1125 1.0000 1.0000 0.0001 0.0013 0.0136 0.1435 1.0000 1.0000 0.0002 0.0016 0.0173 0.1830 1.0000 1.0000 0.0002 0.0021 0.0222 0.2348 1.0000 1.0000 0.0003 0.0027 0.0287 0.3035 1.0000 1.0000 0.0003 0.0035 0.0373 0.3961 1.0000 1.0000 0.0004 0.0048 0.0513 0.5525 1.0000 1.0000 0.0007 0.0071 0.0781 0.8605 1.0000 0.0001 0.0011 0.0121 0.1329 1.0000 1.0000 1.0000 0.1329 0.0121 0.0011 0.0001 1.0000 0.8605 0.0781 0.0071 0.0007 1.0000 1.0000 0.5525 0.0513 0.0048 0.0004 1.0000 1.0000 0.3961 0.0373 0.0035 0.0003 1.0000 1.0000 0.3035 0.0287 0.0027 0.0003 1.0000 1.0000 0.2348 0.0222 0.0021 0.0002 1.0000 1.0000 0.1830 0.0173 0.0016 0.0002 1.0000 1.0000 0.1435 0.0136 0.0013 0.0001 1.0000 1.0000 0.1125 0.0098
0.1135 1.0000 1.0000 0.0001 0.0014 0.0149 0.1575 1.0000 1.0000 0.0002 0.0018 0.0190 0.2009 1.0000 1.0000 0.0002 0.0023 0.0243 0.2567 1.0000 1.0000 0.0003 0.0030 0.0314 0.3319 1.0000 1.0000 0.0004 0.0038 0.0406 0.4298 1.0000 1.0000 0.0005 0.0051 0.0545 0.5838 1.0000 1.0000 0.0007 0.0073 0.0799 0.8720 1.0000 0.0001 0.0011 0.0119 0.1324 1.0000 1.0000 1.0000 1.0000 1.0000 0.1324 0.0119 0.0011 0.0001 1.0000 0.8720 0.0799 0.0073 0.0007 1.0000 1.0000 0.5838 0.0545 0.0051 0.0005 1.0000 1.0000 0.4298 0.0406 0.0038 0.0004 1.0000 1.0000 0.3319 0.0314 0.0030 0.0003 1.0000 1.0000 0.2567 0.0243 0.0023 0.0002 1.0000 1.0000 0.2009 0.0190 0.0018 0.0002 1.0000 1.0000 0.1575 0.0149 0.0014 0.0001 1.0000 1.0000 0.1135
1.0000 1.0000 0.0001 0.0015 0.0163 0.1722 1.0000 1.0000 0.0002 0.0020 0.0209 0.2201 1.0000 1.0000 0.0002 0.0025 0.0266 0.2813 1.0000 1.0000 0.0003 0.0032 0.0343 0.3622 1.0000 1.0000 0.0004 0.0042 0.0442 0.4682 1.0000 1.0000 0.0005 0.0055 0.0583 0.6228 1.0000 1.0000 0.0007 0.0077 0.0828 0.8990 1.0000 0.0001 0.0011 0.0119 0.1317 1.0000 1.0000 0.0001 0.0007 0.0001 1.0000 1.0000 0.1317 0.0119 0.0011 0.0001 1.0000 0.8990 0.0828 0.0077 0.0007 1.0000 1.0000 0.6228 0.0583 0.0055 0.0005 1.0000 1.0000 0.4682 0.0442 0.0042 0.0004 1.0000 1.0000 0.3622 0.0343 0.0032 0.0003 1.0000 1.0000 0.2813 0.0266 0.0025 0.0002 1.0000 1.0000 0.2201 0.0209 0.0020 0.0002 1.0000 1.0000 0.1722 0.0163 0.0015 0.0001 1.0000 1.0000
1.0000 0.0002 0.0017 0.0178 0.1883 1.0000 1.0000 0.0002 0.0022 0.0228 0.2402 1.0000 1.0000 0.0003 0.0028 0.0290 0.3064 1.0000 1.0000 0.0003 0.0035 0.0373 0.3946 1.0000 1.0000 0.0004 0.0046 0.0482 0.5091 1.0000 1.0000 0.0006 0.0059 0.0628 0.6682 1.0000 0.0001 0.0008 0.0081 0.0867 0.9356 1.0000 0.0001 0.0011 0.0121 0.1324 1.0000 1.0000 0.0002 0.0016 0.0072 0.0016 0.0002 1.0000 1.0000 0.1324 0.0121 0.0011 0.0001 1.0000 0.9356 0.0867 0.0081 0.0008 0.0001 1.0000 0.6682 0.0628 0.0059 0.0006 1.0000 1.0000 0.5091 0.0482 0.0046 0.0004 1.0000 1.0000 0.3946 0.0373 0.0035 0.0003 1.0000 1.0000 0.3064 0.0290 0.0028 0.0003 1.0000 1.0000 0.2402 0.0228 0.0022 0.0002 1.0000 1.0000 0.1883 0.0178 0.0017 0.0002 1.0000
0.0002 0.0018 0.0191 0.2020 1.0000 1.0000 0.0002 0.0023 0.0245 0.2582 1.0000 1.0000 0.0003 0.0030 0.0312 0.3293 1.0000 1.0000 0.0004 0.0038 0.0400 0.4233 1.0000 1.0000 0.0005 0.0049 0.0517 0.5462 1.0000 1.0000 0.0006 0.0063 0.0669 0.7088 1.0000 0.0001 0.0008 0.0084 0.0902 0.9682 1.0000 0.0001 0.0011 0.0122 0.1329 1.0000 1.0000 0.0002 0.0018 0.0176 0.0775 0.0176 0.0018 0.0002 1.0000 1.0000 0.1329 0.0122 0.0011 0.0001 1.0000 0.9682 0.0902 0.0084 0.0008 0.0001 1.0000 0.7088 0.0669 0.0063 0.0006 1.0000 1.0000 0.5462 0.0517 0.0049 0.0005 1.0000 1.0000 0.4233 0.0400 0.0038 0.0004 1.0000 1.0000 0.3293 0.0312 0.0030 0.0003 1.0000 1.0000 0.2582 0.0245 0.0023 0.0002 1.0000 1.0000 0.2020 0.0191 0.0018 0.0002
0.0016 0.0188 0.1990 1.0000 1.0000 0.0002 0.0023 0.0241 0.2543 1.0000 1.0000 0.0003 0.0029 0.0307 0.3244 1.0000 1.0000 0.0004 0.0037 0.0394 0.4161 1.0000 1.0000 0.0005 0.0048 0.0508 0.5369 1.0000 1.0000 0.0006 0.0062 0.0655 0.6941 1.0000 0.0001 0.0008 0.0082 0.0870 0.9285 1.0000 0.0001 0.0011 0.0115 0.1241 1.0000 1.0000 0.0001 0.0016 0.0176 0.1768 0.7721 0.1768 0.0176 0.0016 0.0001 1.0000 1.0000 0.1241 0.0115 0.0011 0.0001 1.0000 0.9285 0.0870 0.0082 0.0008 0.0001 1.0000 0.6941 0.0655 0.0062 0.0006 1.0000 1.0000 0.5369 0.0508 0.0048 0.0005 1.0000 1.0000 0.4161 0.0394 0.0037 0.0004 1.0000 1.0000 0.3244 0.0307 0.0029 0.0003 1.0000 1.0000 0.2543 0.0241 0.0023 0.0002 1.0000 1.0000 0.1990 0.0188 0.0016
0.0075 0.0850 0.8905 1.0000 0.0001 0.0010 0.0102 0.1076 1.0000 1.0000 0.0001 0.0012 0.0130 0.1373 1.0000 1.0000 0.0001 0.0016 0.0166 0.1758 1.0000 1.0000 0.0002 0.0020 0.0214 0.2264 1.0000 1.0000 0.0002 0.0026 0.0277 0.2927 1.0000 1.0000 0.0003 0.0034 0.0363 0.3871 1.0000 1.0000 0.0004 0.0047 0.0508 0.5493 1.0000 1.0000 0.0007 0.0072 0.0775 0.7721 1.0000 0.7721 0.0775 0.0072 0.0007 1.0000 1.0000 0.5493 0.0508 0.0047 0.0004 1.0000 1.0000 0.3871 0.0363 0.0034 0.0003 1.0000 1.0000 0.2927 0.0277 0.0026 0.0002 1.0000 1.0000 0.2264 0.0214 0.0020 0.0002 1.0000 1.0000 0.1758 0.0166 0.0016 0.0001 1.0000 1.0000 0.1373 0.0130 0.0012 0.0001 1.0000 1.0000 0.1076 0.0102 0.0010 0.0001 1.0000 0.8905 0.0850 0.0075
0.0016 0.0188 0.1990 1.0000 1.0000 0.0002 0.0023 0.0241 0.2543 1.0000 1.0000 0.0003 0.0029 0.0307 0.3244 1.0000 1.0000 0.0004 0.0037 0.0394 0.4161 1.0000 1.0000 0.0005 0.0048 0.0508 0.5369 1.0000 1.0000 0.0006 0.0062 0.0655 0.6941 1.0000 0.0001 0.0008 0.0082 0.0870 0.9285 1.0000 0.0001 0.0011 0.0115 0.1241 1.0000 1.0000 0.0001 0.0016 0.0176 0.1768 0.7721 0.1768 0.0176 0.0016 0.0001 1.0000 1.0000 0.1241 0.0115 0.0011 0.0001 1.0000 0.9285 0.0870 0.0082 0.0008 0.0001 1.0000 0.6941 0.0655 0.0062 0.0006 1.0000 1.0000 0.5369 0.0508 0.0048 0.0005 1.0000 1.0000 0.4161 0.0394 0.0037 0.0004 1.0000 1.0000 0.3244 0.0307 0.0029 0.0003 1.0000 1.0000 0.2543 0.0241 0.0023 0.0002 1.0000 1.0000 0.1990 0.0188 0.0016
0.0002 0.0018 0.0191 0.2020 1.0000 1.0000 0.0002 0.0023 0.0245 0.2582 1.0000 1.0000 0.0003 0.0030 0.0312 0.3293 1.0000 1.0000 0.0004 0.0038 0.0400 0.4233 1.0000 1.0000 0.0005 0.0049 0.0517 0.5462 1.0000 1.0000 0.0006 0.0063 0.0669 0.7088 1.0000 0.0001 0.0008 0.0084 0.0902 0.9682 1.0000 0.0001 0.0011 0.0122 0.1329 1.0000 1.0000 0.0002 0.0018 0.0176 0.0775 0.0176 0.0018 0.0002 1.0000 1.0000 0.1329 0.0122 0.0011 0.0001 1.0000 0.9682 0.0902 0.0084 0.0008 0.0001 1.0000 0.7088 0.0669 0.0063 0.0006 1.0000 1.0000 0.5462 0.0517 0.0049 0.0005 1.0000 1.0000 0.4233 0.0400 0.0038 0.0004 1.0000 1.0000 0.3293 0.0312 0.0030 0.0003 1.0000 1.0000 0.2582 0.0245 0.0023 0.0002 1.0000 1.0000 0.2020 0.0191 0.0018 0.0002
1.0000 0.0002 0.0017 0.0178 0.1883 1.0000 1.0000 0.0002 0.0022 0.0228 0.2402 1.0000 1.0000 0.0003 0.0028 0.0290 0.3064 1.0000 1.0000 0.0003 0.0035 0.0373 0.3946 1.0000 1.0000 0.0004 0.0046 0.0482 0.5091 1.0000 1.0000 0.0006 0.0059 0.0628 0.6682 1.0000 0.0001 0.0008 0.0081 0.0867 0.9356 1.0000 0.0001 0.0011 0.0121 0.1324 1.0000 1.0000 0.0002 0.0016 0.0072 0.0016 0.0002 1.0000 1.0000 0.1324 0.0121 0.0011 0.0001 1.0000 0.9356 0.0867 0.0081 0.0008 0.0001 1.0000 0.6682 0.0628 0.0059 0.0006 1.0000 1.0000 0.5091 0.0482 0.0046 0.0004 1.0000 1.0000 0.3946 0.0373 0.0035 0.0003 1.0000 1.0000 0.3064 0.0290 0.0028 0.0003 1.0000 1.0000 0.2402 0.0228 0.0022 0.0002 1.0000 1.0000 0.1883 0.0178 0.0017 0.0002 1.0000
1.0000 1.0000 0.0001 0.0015 0.0163 0.1722 1.0000 1.0000 0.0002 0.0020 0.0209 0.2201 1.0000 1.0000 0.0002 0.0025 0.0266 0.2813 1.0000 1.0000 0.0003 0.0032 0.0343 0.3622 1.0000 1.0000 0.0004 0.0042 0.0442 0.4682 1.0000 1.0000 0.0005 0.0055 0.0583 0.6228 1.0000 1.0000 0.0007 0.0077 0.0828 0.8990 1.0000 0.0001 0.0011 0.0119 0.1317 1.0000 1.0000 0.0001 0.0007 0.0001 1.0000 1.0000 0.1317 0.0119 0.0011 0.0001 1.0000 0.8990 0.0828 0.0077 0.0007 1.0000 1.0000 0.6228 0.0583 0.0055 0.0005 1.0000 1.0000 0.4682 0.0442 0.0042 0.0004 1.0000 1.0000 0.3622 0.0343 0.0032 0.0003 1.0000 1.0000 0.2813 0.0266 0.0025 0.0002 1.0000 1.0000 0.2201 0.0209 0.0020 0.0002 1.0000 1.0000 0.1722 0.0163 0.0015 0.0001 1.0000 1.0000
0.1135 1.0000 1.0000 0.0001 0.0014 0.0149 0.1575 1.0000 1.0000 0.0002 0.0018 0.0190 0.2009 1.0000 1.0000 0.0002 0.0023 0.0243 0.2567 1.0000 1.0000 0.0003 0.0030 0.0314 0.3319 1.0000 1.0000 0.0004 0.0038 0.0406 0.4298 1.0000 1.0000 0.0005 0.0051 0.0545 0.5838 1.0000 1.0000 0.0007 0.0073 0.0799 0.8720 1.0000 0.0001 0.0011 0.0119 0.1324 1.0000 1.0000 1.0000 1.0000 1.0000 0.1324 0.0119 0.0011 0.0001 1.0000 0.8720 0.0799 0.0073 0.0007 1.0000 1.0000 0.5838 0.0545 0.0051 0.0005 1.0000 1.0000 0.4298 0.0406 0.0038 0.0004 1.0000 1.0000 0.3319 0.0314 0.0030 0.0003 1.0000 1.0000 0.2567 0.0243 0.0023 0.0002 1.0000 1.0000 0.2009 0.0190 0.0018 0.0002 1.0000 1.0000 0.1575 0.0149 0.0014 0.0001 1.0000 1.0000 0.1135
