0.2231 0.1520 0.1960 0.3186 0.5047 0.4127 0.1645 0.1596 0.2258 0.3827 0.5041 0.3226 0.1526 0.1735 0.2649 0.4543 0.4751 0.2164 0.1517 0.1944 0.3149 0.5032 0.4179 0.1660 0.1588 0.2234 0.3776 0.5053 0.3303 0.1531 0.1723 0.2616 0.4492 0.4781 0.2234 0.1515 0.1926 0.3108 0.5014 0.4232 0.1677 0.1580 0.2209 0.3725 0.5062 0.3378 0.1536 0.1709 0.2567 0.4305 0.5061 0.4305 0.2567 0.1709 0.1536 0.3378 0.5062 0.3725 0.2209 0.1580 0.1677 0.4232 0.5014 0.3108 0.1926 0.1515 0.2234 0.4781 0.4492 0.2616 0.1723 0.1531 0.3303 0.5053 0.3776 0.2234 0.1588 0.1660 0.4179 0.5032 0.3149 0.1944 0.1517 0.2164 0.4751 0.4543 0.2649 0.1735 0.1526 0.3226 0.5041 0.3827 0.2258 0.1596 0.1645 0.4127 0.5047 0.3186 0.1960 0.1520 0.2231
0.1520 0.1893 0.3159 0.5061 0.4165 0.1553 0.1491 0.2187 0.3801 0.5059 0.3284 0.1414 0.1642 0.2590 0.4535 0.4776 0.2181 0.1401 0.1861 0.3104 0.5043 0.4221 0.1572 0.1482 0.2161 0.3748 0.5069 0.3360 0.1419 0.1628 0.2556 0.4482 0.4806 0.2258 0.1398 0.1842 0.3062 0.5024 0.4272 0.1593 0.1473 0.2136 0.3695 0.5079 0.3435 0.1425 0.1615 0.2520 0.4403 0.4881 0.3803 0.4881 0.4403 0.2520 0.1615 0.1425 0.3435 0.5079 0.3695 0.2136 0.1473 0.1593 0.4272 0.5024 0.3062 0.1842 0.1398 0.2258 0.4806 0.4482 0.2556 0.1628 0.1419 0.3360 0.5069 0.3748 0.2161 0.1482 0.1572 0.4221 0.5043 0.3104 0.1861 0.1401 0.2181 0.4776 0.4535 0.2590 0.1642 0.1414 0.3284 0.5059 0.3801 0.2187 0.1491 0.1553 0.4165 0.5061 0.3159 0.1893 0.1520
0.1960 0.3159 0.5051 0.4215 0.1576 0.1479 0.2151 0.3722 0.5073 0.3400 0.1422 0.1621 0.2538 0.4451 0.4821 0.2302 0.1397 0.1832 0.3038 0.5010 0.4300 0.1606 0.1469 0.2122 0.3666 0.5082 0.3476 0.1429 0.1608 0.2505 0.4397 0.4848 0.2383 0.1396 0.1813 0.2997 0.4986 0.4349 0.1630 0.1461 0.2097 0.3615 0.5089 0.3548 0.1435 0.1595 0.2472 0.4337 0.4883 0.2683 0.1448 0.2683 0.4883 0.4337 0.2472 0.1595 0.1435 0.3548 0.5089 0.3615 0.2097 0.1461 0.1630 0.4349 0.4986 0.2997 0.1813 0.1396 0.2383 0.4848 0.4397 0.2505 0.1608 0.1429 0.3476 0.5082 0.3666 0.2122 0.1469 0.1606 0.4300 0.5010 0.3038 0.1832 0.1397 0.2302 0.4821 0.4451 0.2538 0.1621 0.1422 0.3400 0.5073 0.3722 0.2151 0.1479 0.1576 0.4215 0.5051 0.3159 0.1960
0.3186 0.5061 0.4215 0.1586 0.1473 0.2124 0.3658 0.5085 0.3504 0.1432 0.1602 0.2489 0.4368 0.4863 0.2428 0.1395 0.1804 0.2974 0.4971 0.4375 0.1646 0.1457 0.2084 0.3586 0.5092 0.3588 0.1440 0.1589 0.2455 0.4312 0.4888 0.2513 0.1394 0.1786 0.2934 0.4942 0.4422 0.1675 0.1449 0.2060 0.3536 0.5097 0.3657 0.1448 0.1577 0.2424 0.4256 0.4914 0.2634 0.1383 0.1485 0.1383 0.2634 0.4914 0.4256 0.2424 0.1577 0.1448 0.3657 0.5097 0.3536 0.2060 0.1449 0.1675 0.4422 0.4942 0.2934 0.1786 0.1394 0.2513 0.4888 0.4312 0.2455 0.1589 0.1440 0.3588 0.5092 0.3586 0.2084 0.1457 0.1646 0.4375 0.4971 0.2974 0.1804 0.1395 0.2428 0.4863 0.4368 0.2489 0.1602 0.1432 0.3504 0.5085 0.3658 0.2124 0.1473 0.1586 0.4215 0.5061 0.3186
0.5047 0.4165 0.1576 0.1473 0.2115 0.3621 0.5091 0.3586 0.1441 0.1585 0.2444 0.4288 0.4900 0.2556 0.1394 0.1777 0.2912 0.4924 0.4447 0.1693 0.1445 0.2047 0.3508 0.5098 0.3695 0.1453 0.1570 0.2407 0.4226 0.4925 0.2644 0.1394 0.1759 0.2873 0.4890 0.4491 0.1728 0.1438 0.2024 0.3460 0.5100 0.3762 0.1462 0.1559 0.2377 0.4170 0.4947 0.2736 0.1393 0.1686 0.2178 0.1686 0.1393 0.2736 0.4947 0.4170 0.2377 0.1559 0.1462 0.3762 0.5100 0.3460 0.2024 0.1438 0.1728 0.4491 0.4890 0.2873 0.1759 0.1394 0.2644 0.4925 0.4226 0.2407 0.1570 0.1453 0.3695 0.5098 0.3508 0.2047 0.1445 0.1693 0.4447 0.4924 0.2912 0.1777 0.1394 0.2556 0.4900 0.4288 0.2444 0.1585 0.1441 0.3586 0.5091 0.3621 0.2115 0.1473 0.1576 0.4165 0.5047
0.4127 0.1553 0.1479 0.2124 0.3621 0.5093 0.3631 0.1448 0.1573 0.2406 0.4215 0.4932 0.2677 0.1395 0.1752 0.2853 0.4870 0.4514 0.1749 0.1434 0.2011 0.3433 0.5100 0.3798 0.1467 0.1553 0.2360 0.4139 0.4958 0.2776 0.1395 0.1734 0.2813 0.4830 0.4555 0.1793 0.1428 0.1989 0.3385 0.5099 0.3862 0.1478 0.1542 0.2331 0.4084 0.4977 0.2861 0.1397 0.1709 0.2677 0.3788 0.2677 0.1709 0.1397 0.2861 0.4977 0.4084 0.2331 0.1542 0.1478 0.3862 0.5099 0.3385 0.1989 0.1428 0.1793 0.4555 0.4830 0.2813 0.1734 0.1395 0.2776 0.4958 0.4139 0.2360 0.1553 0.1467 0.3798 0.5100 0.3433 0.2011 0.1434 0.1749 0.4514 0.4870 0.2853 0.1752 0.1395 0.2677 0.4932 0.4215 0.2406 0.1573 0.1448 0.3631 0.5093 0.3621 0.2124 0.1479 0.1553 0.4127
0.1645 0.1491 0.2151 0.3658 0.5091 0.3631 0.1451 0.1566 0.2381 0.4159 0.4956 0.2784 0.1396 0.1729 0.2798 0.4811 0.4575 0.1816 0.1425 0.1977 0.3359 0.5098 0.3897 0.1485 0.1536 0.2315 0.4053 0.4988 0.2906 0.1398 0.1709 0.2755 0.4763 0.4616 0.1870 0.1419 0.1955 0.3312 0.5093 0.3958 0.1497 0.1526 0.2287 0.3999 0.5005 0.2989 0.1400 0.1692 0.2702 0.4600 0.5045 0.4600 0.2702 0.1692 0.1400 0.2989 0.5005 0.3999 0.2287 0.1526 0.1497 0.3958 0.5093 0.3312 0.1955 0.1419 0.1870 0.4616 0.4763 0.2755 0.1709 0.1398 0.2906 0.4988 0.4053 0.2315 0.1536 0.1485 0.3897 0.5098 0.3359 0.1977 0.1425 0.1816 0.4575 0.4811 0.2798 0.1729 0.1396 0.2784 0.4956 0.4159 0.2381 0.1566 0.1451 0.3631 0.5091 0.3658 0.2151 0.1491 0.1645
0.1596 0.2187 0.3722 0.5085 0.3586 0.1448 0.1566 0.2373 0.4128 0.4972 0.2865 0.1398 0.1710 0.2750 0.4751 0.4629 0.1893 0.1417 0.1945 0.3289 0.5090 0.3990 0.1504 0.1520 0.2271 0.3968 0.5014 0.3035 0.1402 0.1686 0.2698 0.4691 0.4673 0.1961 0.1412 0.1923 0.3241 0.5082 0.4050 0.1519 0.1510 0.2244 0.3914 0.5030 0.3116 0.1405 0.1671 0.2659 0.4620 0.4768 0.3534 0.4768 0.4620 0.2659 0.1671 0.1405 0.3116 0.5030 0.3914 0.2244 0.1510 0.1519 0.4050 0.5082 0.3241 0.1923 0.1412 0.1961 0.4673 0.4691 0.2698 0.1686 0.1402 0.3035 0.5014 0.3968 0.2271 0.1520 0.1504 0.3990 0.5090 0.3289 0.1945 0.1417 0.1893 0.4629 0.4751 0.2750 0.1710 0.1398 0.2865 0.4972 0.4128 0.2373 0.1566 0.1448 0.3586 0.5085 0.3722 0.2187 0.1596
0.2258 0.3801 0.5073 0.3504 0.1441 0.1573 0.2381 0.4128 0.4978 0.2909 0.1399 0.1696 0.2711 0.4696 0.4676 0.1974 0.1411 0.1915 0.3222 0.5078 0.4077 0.1526 0.1505 0.2229 0.3885 0.5037 0.3160 0.1407 0.1663 0.2643 0.4614 0.4726 0.2065 0.1406 0.1891 0.3172 0.5065 0.4137 0.1543 0.1496 0.2202 0.3830 0.5051 0.3239 0.1411 0.1649 0.2608 0.4559 0.4769 0.2335 0.1406 0.2335 0.4769 0.4559 0.2608 0.1649 0.1411 0.3239 0.5051 0.3830 0.2202 0.1496 0.1543 0.4137 0.5065 0.3172 0.1891 0.1406 0.2065 0.4726 0.4614 0.2643 0.1663 0.1407 0.3160 0.5037 0.3885 0.2229 0.1505 0.1526 0.4077 0.5078 0.3222 0.1915 0.1411 0.1974 0.4676 0.4696 0.2711 0.1696 0.1399 0.2909 0.4978 0.4128 0.2381 0.1573 0.1441 0.3504 0.5073 0.3801 0.2258
0.3827 0.5059 0.3400 0.1432 0.1585 0.2406 0.4159 0.4972 0.2909 0.1400 0.1688 0.2685 0.4653 0.4711 0.2051 0.1406 0.1889 0.3161 0.5061 0.4158 0.1551 0.1491 0.2189 0.3804 0.5057 0.3280 0.1414 0.1642 0.2590 0.4535 0.4775 0.2179 0.1401 0.1861 0.3104 0.5041 0.4220 0.1572 0.1482 0.2161 0.3747 0.5068 0.3359 0.1419 0.1628 0.2556 0.4481 0.4807 0.2291 0.1381 0.1526 0.1381 0.2291 0.4807 0.4481 0.2556 0.1628 0.1419 0.3359 0.5068 0.3747 0.2161 0.1482 0.1572 0.4220 0.5041 0.3104 0.1861 0.1401 0.2179 0.4775 0.4535 0.2590 0.1642 0.1414 0.3280 0.5057 0.3804 0.2189 0.1491 0.1551 0.4158 0.5061 0.3161 0.1889 0.1406 0.2051 0.4711 0.4653 0.2685 0.1688 0.1400 0.2909 0.4972 0.4159 0.2406 0.1585 0.1432 0.3400 0.5059 0.3827
0.5041 0.3284 0.1422 0.1602 0.2444 0.4215 0.4956 0.2865 0.1399 0.1688 0.2676 0.4630 0.4733 0.2112 0.1403 0.1867 0.3108 0.5040 0.4230 0.1578 0.1479 0.2151 0.3725 0.5073 0.3395 0.1422 0.1622 0.2539 0.4454 0.4820 0.2300 0.1397 0.1832 0.3038 0.5010 0.4300 0.1606 0.1469 0.2122 0.3666 0.5082 0.3475 0.1429 0.1608 0.2505 0.4397 0.4848 0.2390 0.1393 0.1752 0.2294 0.1752 0.1393 0.2390 0.4848 0.4397 0.2505 0.1608 0.1429 0.3475 0.5082 0.3666 0.2122 0.1469 0.1606 0.4300 0.5010 0.3038 0.1832 0.1397 0.2300 0.4820 0.4454 0.2539 0.1622 0.1422 0.3395 0.5073 0.3725 0.2151 0.1479 0.1578 0.4230 0.5040 0.3108 0.1867 0.1403 0.2112 0.4733 0.4630 0.2676 0.1688 0.1399 0.2865 0.4956 0.4215 0.2444 0.1602 0.1422 0.3284 0.5041
0.3226 0.1414 0.1621 0.2489 0.4288 0.4932 0.2784 0.1398 0.1696 0.2685 0.4630 0.4741 0.2145 0.1401 0.1851 0.3067 0.5019 0.4291 0.1606 0.1468 0.2116 0.3650 0.5085 0.3505 0.1431 0.1602 0.2490 0.4372 0.4861 0.2424 0.1395 0.1804 0.2975 0.4972 0.4375 0.1645 0.1457 0.2084 0.3587 0.5092 0.3587 0.1440 0.1589 0.2456 0.4312 0.4888 0.2514 0.1394 0.1776 0.2832 0.4016 0.2832 0.1776 0.1394 0.2514 0.4888 0.4312 0.2456 0.1589 0.1440 0.3587 0.5092 0.3587 0.2084 0.1457 0.1645 0.4375 0.4972 0.2975 0.1804 0.1395 0.2424 0.4861 0.4372 0.2490 0.1602 0.1431 0.3505 0.5085 0.3650 0.2116 0.1468 0.1606 0.4291 0.5019 0.3067 0.1851 0.1401 0.2145 0.4741 0.4630 0.2685 0.1696 0.1398 0.2784 0.4932 0.4288 0.2489 0.1621 0.1414 0.3226
0.1526 0.1642 0.2538 0.4368 0.4900 0.2677 0.1396 0.1710 0.2711 0.4653 0.4733 0.2145 0.1400 0.1843 0.3041 0.5001 0.4337 0.1632 0.1459 0.2086 0.3583 0.5093 0.3606 0.1442 0.1584 0.2443 0.4289 0.4899 0.2551 0.1394 0.1778 0.2914 0.4925 0.4445 0.1692 0.1445 0.2047 0.3509 0.5098 0.3694 0.1452 0.1570 0.2408 0.4226 0.4924 0.2644 0.1394 0.1758 0.2855 0.4792 0.4994 0.4792 0.2855 0.1758 0.1394 0.2644 0.4924 0.4226 0.2408 0.1570 0.1452 0.3694 0.5098 0.3509 0.2047 0.1445 0.1692 0.4445 0.4925 0.2914 0.1778 0.1394 0.2551 0.4899 0.4289 0.2443 0.1584 0.1442 0.3606 0.5093 0.3583 0.2086 0.1459 0.1632 0.4337 0.5001 0.3041 0.1843 0.1400 0.2145 0.4733 0.4653 0.2711 0.1710 0.1396 0.2677 0.4900 0.4368 0.2538 0.1642 0.1526
0.1735 0.2590 0.4451 0.4863 0.2556 0.1395 0.1729 0.2750 0.4696 0.4711 0.2112 0.1401 0.1843 0.3031 0.4991 0.4366 0.1653 0.1452 0.2061 0.3526 0.5098 0.3696 0.1454 0.1568 0.2398 0.4207 0.4933 0.2678 0.1394 0.1752 0.2855 0.4872 0.4511 0.1747 0.1435 0.2012 0.3434 0.5100 0.3798 0.1467 0.1553 0.2361 0.4140 0.4958 0.2775 0.1395 0.1734 0.2810 0.4811 0.4635 0.3230 0.4635 0.4811 0.2810 0.1734 0.1395 0.2775 0.4958 0.4140 0.2361 0.1553 0.1467 0.3798 0.5100 0.3434 0.2012 0.1435 0.1747 0.4511 0.4872 0.2855 0.1752 0.1394 0.2678 0.4933 0.4207 0.2398 0.1568 0.1454 0.3696 0.5098 0.3526 0.2061 0.1452 0.1653 0.4366 0.4991 0.3031 0.1843 0.1401 0.2112 0.4711 0.4696 0.2750 0.1729 0.1395 0.2556 0.4863 0.4451 0.2590 0.1735
0.2649 0.4535 0.4821 0.2428 0.1394 0.1752 0.2798 0.4751 0.4676 0.2051 0.1403 0.1851 0.3041 0.4991 0.4376 0.1665 0.1448 0.2044 0.3482 0.5100 0.3771 0.1465 0.1553 0.2358 0.4129 0.4963 0.2803 0.1396 0.1728 0.2798 0.4812 0.4573 0.1813 0.1425 0.1979 0.3362 0.5098 0.3895 0.1484 0.1536 0.2316 0.4054 0.4988 0.2905 0.1398 0.1710 0.2755 0.4760 0.4630 0.2022 0.1380 0.2022 0.4630 0.4760 0.2755 0.1710 0.1398 0.2905 0.4988 0.4054 0.2316 0.1536 0.1484 0.3895 0.5098 0.3362 0.1979 0.1425 0.1813 0.4573 0.4812 0.2798 0.1728 0.1396 0.2803 0.4963 0.4129 0.2358 0.1553 0.1465 0.3771 0.5100 0.3482 0.2044 0.1448 0.1665 0.4376 0.4991 0.3041 0.1851 0.1403 0.2051 0.4676 0.4751 0.2798 0.1752 0.1394 0.2428 0.4821 0.4535 0.2649
0.4543 0.4776 0.2302 0.1395 0.1777 0.2853 0.4811 0.4629 0.1974 0.1406 0.1867 0.3067 0.5001 0.4366 0.1665 0.1446 0.2035 0.3454 0.5101 0.3827 0.1476 0.1541 0.2323 0.4059 0.4989 0.2919 0.1399 0.1705 0.2742 0.4747 0.4631 0.1892 0.1417 0.1946 0.3291 0.5091 0.3986 0.1503 0.1520 0.2272 0.3970 0.5014 0.3033 0.1402 0.1686 0.2699 0.4691 0.4675 0.1987 0.1389 0.1574 0.1389 0.1987 0.4675 0.4691 0.2699 0.1686 0.1402 0.3033 0.5014 0.3970 0.2272 0.1520 0.1503 0.3986 0.5091 0.3291 0.1946 0.1417 0.1892 0.4631 0.4747 0.2742 0.1705 0.1399 0.2919 0.4989 0.4059 0.2323 0.1541 0.1476 0.3827 0.5101 0.3454 0.2035 0.1446 0.1665 0.4366 0.5001 0.3067 0.1867 0.1406 0.1974 0.4629 0.4811 0.2853 0.1777 0.1395 0.2302 0.4776 0.4543
0.4751 0.2181 0.1397 0.1804 0.2912 0.4870 0.4575 0.1893 0.1411 0.1889 0.3108 0.5019 0.4337 0.1653 0.1448 0.2035 0.3444 0.5100 0.3863 0.1484 0.1532 0.2295 0.4000 0.5009 0.3022 0.1402 0.1684 0.2691 0.4679 0.4684 0.1983 0.1410 0.1915 0.3223 0.5078 0.4074 0.1525 0.1506 0.2231 0.3887 0.5037 0.3157 0.1407 0.1664 0.2644 0.4615 0.4726 0.2070 0.1402 0.1825 0.2421 0.1825 0.1402 0.2070 0.4726 0.4615 0.2644 0.1664 0.1407 0.3157 0.5037 0.3887 0.2231 0.1506 0.1525 0.4074 0.5078 0.3223 0.1915 0.1410 0.1983 0.4684 0.4679 0.2691 0.1684 0.1402 0.3022 0.5009 0.4000 0.2295 0.1532 0.1484 0.3863 0.5100 0.3444 0.2035 0.1448 0.1653 0.4337 0.5019 0.3108 0.1889 0.1411 0.1893 0.4575 0.4870 0.2912 0.1804 0.1397 0.2181 0.4751
0.2164 0.1401 0.1832 0.2974 0.4924 0.4514 0.1816 0.1417 0.1915 0.3161 0.5040 0.4291 0.1632 0.1452 0.2044 0.3454 0.5100 0.3875 0.1488 0.1527 0.2276 0.3954 0.5024 0.3109 0.1406 0.1666 0.2646 0.4612 0.4731 0.2081 0.1405 0.1885 0.3156 0.5060 0.4158 0.1550 0.1492 0.2191 0.3806 0.5056 0.3276 0.1414 0.1642 0.2592 0.4536 0.4774 0.2178 0.1400 0.1851 0.2999 0.4247 0.2999 0.1851 0.1400 0.2178 0.4774 0.4536 0.2592 0.1642 0.1414 0.3276 0.5056 0.3806 0.2191 0.1492 0.1550 0.4158 0.5060 0.3156 0.1885 0.1405 0.2081 0.4731 0.4612 0.2646 0.1666 0.1406 0.3109 0.5024 0.3954 0.2276 0.1527 0.1488 0.3875 0.5100 0.3454 0.2044 0.1452 0.1632 0.4291 0.5040 0.3161 0.1915 0.1417 0.1816 0.4514 0.4924 0.2974 0.1832 0.1401 0.2164
0.1517 0.1861 0.3038 0.4971 0.4447 0.1749 0.1425 0.1945 0.3222 0.5061 0.4230 0.1606 0.1459 0.2061 0.3482 0.5101 0.3863 0.1488 0.1525 0.2266 0.3925 0.5034 0.3174 0.1410 0.1652 0.2606 0.4549 0.4771 0.2181 0.1401 0.1857 0.3093 0.5036 0.4237 0.1579 0.1479 0.2152 0.3727 0.5072 0.3391 0.1422 0.1622 0.2541 0.4456 0.4819 0.2297 0.1397 0.1830 0.3021 0.4941 0.4920 0.4941 0.3021 0.1830 0.1397 0.2297 0.4819 0.4456 0.2541 0.1622 0.1422 0.3391 0.5072 0.3727 0.2152 0.1479 0.1579 0.4237 0.5036 0.3093 0.1857 0.1401 0.2181 0.4771 0.4549 0.2606 0.1652 0.1410 0.3174 0.5034 0.3925 0.2266 0.1525 0.1488 0.3863 0.5101 0.3482 0.2061 0.1459 0.1606 0.4230 0.5061 0.3222 0.1945 0.1425 0.1749 0.4447 0.4971 0.3038 0.1861 0.1517
0.1944 0.3104 0.5010 0.4375 0.1693 0.1434 0.1977 0.3289 0.5078 0.4158 0.1578 0.1468 0.2086 0.3526 0.5100 0.3827 0.1484 0.1527 0.2266 0.3915 0.5039 0.3215 0.1412 0.1641 0.2575 0.4495 0.4805 0.2275 0.1398 0.1832 0.3035 0.5006 0.4311 0.1612 0.1466 0.2114 0.3648 0.5085 0.3503 0.1431 0.1603 0.2492 0.4374 0.4860 0.2420 0.1395 0.1805 0.2973 0.4959 0.4474 0.2895 0.4474 0.4959 0.2973 0.1805 0.1395 0.2420 0.4860 0.4374 0.2492 0.1603 0.1431 0.3503 0.5085 0.3648 0.2114 0.1466 0.1612 0.4311 0.5006 0.3035 0.1832 0.1398 0.2275 0.4805 0.4495 0.2575 0.1641 0.1412 0.3215 0.5039 0.3915 0.2266 0.1527 0.1484 0.3827 0.5100 0.3526 0.2086 0.1468 0.1578 0.4158 0.5078 0.3289 0.1977 0.1434 0.1693 0.4375 0.5010 0.3104 0.1944
0.3149 0.5043 0.4300 0.1646 0.1445 0.2011 0.3359 0.5090 0.4077 0.1551 0.1479 0.2116 0.3583 0.5098 0.3771 0.1476 0.1532 0.2276 0.3925 0.5039 0.3229 0.1414 0.1634 0.2553 0.4453 0.4831 0.2356 0.1396 0.1811 0.2983 0.4973 0.4377 0.1649 0.1455 0.2078 0.3572 0.5094 0.3610 0.1442 0.1584 0.2444 0.4291 0.4898 0.2547 0.1394 0.1779 0.2915 0.4924 0.4462 0.1781 0.1366 0.1781 0.4462 0.4924 0.2915 0.1779 0.1394 0.2547 0.4898 0.4291 0.2444 0.1584 0.1442 0.3610 0.5094 0.3572 0.2078 0.1455 0.1649 0.4377 0.4973 0.2983 0.1811 0.1396 0.2356 0.4831 0.4453 0.2553 0.1634 0.1414 0.3229 0.5039 0.3925 0.2276 0.1532 0.1476 0.3771 0.5098 0.3583 0.2116 0.1479 0.1551 0.4077 0.5090 0.3359 0.2011 0.1445 0.1646 0.4300 0.5043 0.3149
0.5032 0.4221 0.1606 0.1457 0.2047 0.3433 0.5098 0.3990 0.1526 0.1491 0.2151 0.3650 0.5093 0.3696 0.1465 0.1541 0.2295 0.3954 0.5034 0.3215 0.1414 0.1632 0.2542 0.4426 0.4848 0.2420 0.1395 0.1793 0.2939 0.4939 0.4435 0.1689 0.1445 0.2045 0.3501 0.5099 0.3712 0.1455 0.1567 0.2398 0.4208 0.4932 0.2674 0.1395 0.1753 0.2857 0.4873 0.4513 0.1761 0.1407 0.1629 0.1407 0.1761 0.4513 0.4873 0.2857 0.1753 0.1395 0.2674 0.4932 0.4208 0.2398 0.1567 0.1455 0.3712 0.5099 0.3501 0.2045 0.1445 0.1689 0.4435 0.4939 0.2939 0.1793 0.1395 0.2420 0.4848 0.4426 0.2542 0.1632 0.1414 0.3215 0.5034 0.3954 0.2295 0.1541 0.1465 0.3696 0.5093 0.3650 0.2151 0.1491 0.1526 0.3990 0.5098 0.3433 0.2047 0.1457 0.1606 0.4221 0.5032
0.4179 0.1572 0.1469 0.2084 0.3508 0.5100 0.3897 0.1504 0.1505 0.2189 0.3725 0.5085 0.3606 0.1454 0.1553 0.2323 0.4000 0.5024 0.3174 0.1412 0.1634 0.2542 0.4417 0.4857 0.2461 0.1395 0.1780 0.2904 0.4906 0.4483 0.1730 0.1437 0.2015 0.3435 0.5100 0.3807 0.1469 0.1550 0.2353 0.4124 0.4964 0.2802 0.1396 0.1729 0.2800 0.4814 0.4572 0.1815 0.1421 0.1909 0.2563 0.1909 0.1421 0.1815 0.4572 0.4814 0.2800 0.1729 0.1396 0.2802 0.4964 0.4124 0.2353 0.1550 0.1469 0.3807 0.5100 0.3435 0.2015 0.1437 0.1730 0.4483 0.4906 0.2904 0.1780 0.1395 0.2461 0.4857 0.4417 0.2542 0.1634 0.1412 0.3174 0.5024 0.4000 0.2323 0.1553 0.1454 0.3606 0.5085 0.3725 0.2189 0.1505 0.1504 0.3897 0.5100 0.3508 0.2084 0.1469 0.1572 0.4179
0.1660 0.1482 0.2122 0.3586 0.5098 0.3798 0.1485 0.1520 0.2229 0.3804 0.5073 0.3505 0.1442 0.1568 0.2358 0.4059 0.5009 0.3109 0.1410 0.1641 0.2553 0.4426 0.4857 0.2475 0.1394 0.1772 0.2880 0.4879 0.4519 0.1769 0.1430 0.1990 0.3376 0.5098 0.3892 0.1485 0.1535 0.2310 0.4042 0.4992 0.2928 0.1399 0.1705 0.2744 0.4749 0.4629 0.1891 0.1417 0.1936 0.3184 0.4482 0.3184 0.1936 0.1417 0.1891 0.4629 0.4749 0.2744 0.1705 0.1399 0.2928 0.4992 0.4042 0.2310 0.1535 0.1485 0.3892 0.5098 0.3376 0.1990 0.1430 0.1769 0.4519 0.4879 0.2880 0.1772 0.1394 0.2475 0.4857 0.4426 0.2553 0.1641 0.1410 0.3109 0.5009 0.4059 0.2358 0.1568 0.1442 0.3505 0.5073 0.3804 0.2229 0.1520 0.1485 0.3798 0.5098 0.3586 0.2122 0.1482 0.1660
0.1588 0.2161 0.3666 0.5092 0.3695 0.1467 0.1536 0.2271 0.3885 0.5057 0.3395 0.1431 0.1584 0.2398 0.4129 0.4989 0.3022 0.1406 0.1652 0.2575 0.4453 0.4848 0.2461 0.1394 0.1769 0.2867 0.4862 0.4545 0.1801 0.1425 0.1969 0.3327 0.5094 0.3966 0.1501 0.1521 0.2271 0.3964 0.5017 0.3050 0.1403 0.1682 0.2689 0.4678 0.4683 0.1981 0.1410 0.1914 0.3206 0.5037 0.4820 0.5037 0.3206 0.1914 0.1410 0.1981 0.4683 0.4678 0.2689 0.1682 0.1403 0.3050 0.5017 0.3964 0.2271 0.1521 0.1501 0.3966 0.5094 0.3327 0.1969 0.1425 0.1801 0.4545 0.4862 0.2867 0.1769 0.1394 0.2461 0.4848 0.4453 0.2575 0.1652 0.1406 0.3022 0.4989 0.4129 0.2398 0.1584 0.1431 0.3395 0.5057 0.3885 0.2271 0.1536 0.1467 0.3695 0.5092 0.3666 0.2161 0.1588
0.2234 0.3748 0.5082 0.3588 0.1453 0.1553 0.2315 0.3968 0.5037 0.3280 0.1422 0.1602 0.2443 0.4207 0.4963 0.2919 0.1402 0.1666 0.2606 0.4495 0.4831 0.2420 0.1395 0.1772 0.2867 0.4855 0.4557 0.1823 0.1421 0.1953 0.3288 0.5088 0.4028 0.1517 0.1510 0.2237 0.3892 0.5037 0.3164 0.1408 0.1661 0.2637 0.4604 0.4733 0.2083 0.1405 0.1885 0.3155 0.5052 0.4279 0.2535 0.4279 0.5052 0.3155 0.1885 0.1405 0.2083 0.4733 0.4604 0.2637 0.1661 0.1408 0.3164 0.5037 0.3892 0.2237 0.1510 0.1517 0.4028 0.5088 0.3288 0.1953 0.1421 0.1823 0.4557 0.4855 0.2867 0.1772 0.1395 0.2420 0.4831 0.4495 0.2606 0.1666 0.1402 0.2919 0.4963 0.4207 0.2443 0.1602 0.1422 0.3280 0.5037 0.3968 0.2315 0.1553 0.1453 0.3588 0.5082 0.3748 0.2234
0.3776 0.5069 0.3476 0.1440 0.1570 0.2360 0.4053 0.5014 0.3160 0.1414 0.1622 0.2490 0.4289 0.4933 0.2803 0.1399 0.1684 0.2646 0.4549 0.4805 0.2356 0.1395 0.1780 0.2880 0.4862 0.4557 0.1831 0.1420 0.1944 0.3261 0.5082 0.4075 0.1531 0.1500 0.2207 0.3829 0.5053 0.3266 0.1414 0.1641 0.2587 0.4527 0.4780 0.2194 0.1400 0.1856 0.3092 0.5035 0.4257 0.1628 0.1365 0.1628 0.4257 0.5035 0.3092 0.1856 0.1400 0.2194 0.4780 0.4527 0.2587 0.1641 0.1414 0.3266 0.5053 0.3829 0.2207 0.1500 0.1531 0.4075 0.5082 0.3261 0.1944 0.1420 0.1831 0.4557 0.4862 0.2880 0.1780 0.1395 0.2356 0.4805 0.4549 0.2646 0.1684 0.1399 0.2803 0.4933 0.4289 0.2490 0.1622 0.1414 0.3160 0.5014 0.4053 0.2360 0.1570 0.1440 0.3476 0.5069 0.3776
0.5053 0.3360 0.1429 0.1589 0.2407 0.4139 0.4988 0.3035 0.1407 0.1642 0.2539 0.4372 0.4899 0.2678 0.1396 0.1705 0.2691 0.4612 0.4771 0.2275 0.1396 0.1793 0.2904 0.4879 0.4545 0.1823 0.1420 0.1940 0.3247 0.5078 0.4108 0.1543 0.1492 0.2182 0.3774 0.5066 0.3357 0.1420 0.1624 0.2542 0.4453 0.4822 0.2311 0.1397 0.1829 0.3030 0.5005 0.4316 0.1620 0.1434 0.1693 0.1434 0.1620 0.4316 0.5005 0.3030 0.1829 0.1397 0.2311 0.4822 0.4453 0.2542 0.1624 0.1420 0.3357 0.5066 0.3774 0.2182 0.1492 0.1543 0.4108 0.5078 0.3247 0.1940 0.1420 0.1823 0.4545 0.4879 0.2904 0.1793 0.1396 0.2275 0.4771 0.4612 0.2691 0.1705 0.1396 0.2678 0.4899 0.4372 0.2539 0.1642 0.1407 0.3035 0.4988 0.4139 0.2407 0.1589 0.1429 0.3360 0.5053
0.3303 0.1419 0.1608 0.2455 0.4226 0.4958 0.2906 0.1402 0.1663 0.2590 0.4454 0.4861 0.2551 0.1394 0.1728 0.2742 0.4679 0.4731 0.2181 0.1398 0.1811 0.2939 0.4906 0.4519 0.1801 0.1421 0.1944 0.3247 0.5076 0.4125 0.1550 0.1487 0.2164 0.3731 0.5075 0.3434 0.1427 0.1609 0.2502 0.4383 0.4859 0.2425 0.1395 0.1802 0.2969 0.4966 0.4385 0.1653 0.1450 0.2003 0.2720 0.2003 0.1450 0.1653 0.4385 0.4966 0.2969 0.1802 0.1395 0.2425 0.4859 0.4383 0.2502 0.1609 0.1427 0.3434 0.5075 0.3731 0.2164 0.1487 0.1550 0.4125 0.5076 0.3247 0.1944 0.1421 0.1801 0.4519 0.4906 0.2939 0.1811 0.1398 0.2181 0.4731 0.4679 0.2742 0.1728 0.1394 0.2551 0.4861 0.4454 0.2590 0.1663 0.1402 0.2906 0.4958 0.4226 0.2455 0.1608 0.1419 0.3303
0.1531 0.1628 0.2505 0.4312 0.4925 0.2776 0.1398 0.1686 0.2643 0.4535 0.4820 0.2424 0.1394 0.1752 0.2798 0.4747 0.4684 0.2081 0.1401 0.1832 0.2983 0.4939 0.4483 0.1769 0.1425 0.1953 0.3261 0.5078 0.4125 0.1553 0.1485 0.2153 0.3701 0.5081 0.3493 0.1433 0.1596 0.2467 0.4319 0.4890 0.2532 0.1394 0.1778 0.2912 0.4922 0.4452 0.1698 0.1443 0.2030 0.3385 0.4701 0.3385 0.2030 0.1443 0.1698 0.4452 0.4922 0.2912 0.1778 0.1394 0.2532 0.4890 0.4319 0.2467 0.1596 0.1433 0.3493 0.5081 0.3701 0.2153 0.1485 0.1553 0.4125 0.5078 0.3261 0.1953 0.1425 0.1769 0.4483 0.4939 0.2983 0.1832 0.1401 0.2081 0.4684 0.4747 0.2798 0.1752 0.1394 0.2424 0.4820 0.4535 0.2643 0.1686 0.1398 0.2776 0.4925 0.4312 0.2505 0.1628 0.1531
0.1723 0.2556 0.4397 0.4888 0.2644 0.1395 0.1709 0.2698 0.4614 0.4775 0.2300 0.1395 0.1778 0.2855 0.4812 0.4631 0.1983 0.1405 0.1857 0.3035 0.4973 0.4435 0.1730 0.1430 0.1969 0.3288 0.5082 0.4108 0.1550 0.1485 0.2150 0.3686 0.5084 0.3533 0.1438 0.1587 0.2439 0.4265 0.4915 0.2629 0.1394 0.1756 0.2860 0.4874 0.4513 0.1751 0.1434 0.2006 0.3405 0.5080 0.4695 0.5080 0.3405 0.2006 0.1434 0.1751 0.4513 0.4874 0.2860 0.1756 0.1394 0.2629 0.4915 0.4265 0.2439 0.1587 0.1438 0.3533 0.5084 0.3686 0.2150 0.1485 0.1550 0.4108 0.5082 0.3288 0.1969 0.1430 0.1730 0.4435 0.4973 0.3035 0.1857 0.1405 0.1983 0.4631 0.4812 0.2855 0.1778 0.1395 0.2300 0.4775 0.4614 0.2698 0.1709 0.1395 0.2644 0.4888 0.4397 0.2556 0.1723
0.2616 0.4482 0.4848 0.2513 0.1394 0.1734 0.2755 0.4691 0.4726 0.2179 0.1397 0.1804 0.2914 0.4872 0.4573 0.1892 0.1410 0.1885 0.3093 0.5006 0.4377 0.1689 0.1437 0.1990 0.3327 0.5088 0.4075 0.1543 0.1487 0.2153 0.3686 0.5085 0.3554 0.1441 0.1580 0.2418 0.4221 0.4935 0.2712 0.1395 0.1738 0.2814 0.4824 0.4567 0.1811 0.1425 0.1976 0.3352 0.5093 0.4052 0.2179 0.4052 0.5093 0.3352 0.1976 0.1425 0.1811 0.4567 0.4824 0.2814 0.1738 0.1395 0.2712 0.4935 0.4221 0.2418 0.1580 0.1441 0.3554 0.5085 0.3686 0.2153 0.1487 0.1543 0.4075 0.5088 0.3327 0.1990 0.1437 0.1689 0.4377 0.5006 0.3093 0.1885 0.1410 0.1892 0.4573 0.4872 0.2914 0.1804 0.1397 0.2179 0.4726 0.4691 0.2755 0.1734 0.1394 0.2513 0.4848 0.4482 0.2616
0.4492 0.4806 0.2383 0.1394 0.1759 0.2813 0.4763 0.4673 0.2065 0.1401 0.1832 0.2975 0.4925 0.4511 0.1813 0.1417 0.1915 0.3156 0.5036 0.4311 0.1649 0.1445 0.2015 0.3376 0.5094 0.4028 0.1531 0.1492 0.2164 0.3701 0.5084 0.3554 0.1442 0.1577 0.2405 0.4191 0.4949 0.2777 0.1396 0.1722 0.2774 0.4775 0.4614 0.1876 0.1418 0.1948 0.3290 0.5089 0.4018 0.1533 0.1371 0.1533 0.4018 0.5089 0.3290 0.1948 0.1418 0.1876 0.4614 0.4775 0.2774 0.1722 0.1396 0.2777 0.4949 0.4191 0.2405 0.1577 0.1442 0.3554 0.5084 0.3701 0.2164 0.1492 0.1531 0.4028 0.5094 0.3376 0.2015 0.1445 0.1649 0.4311 0.5036 0.3156 0.1915 0.1417 0.1813 0.4511 0.4925 0.2975 0.1832 0.1401 0.2065 0.4673 0.4763 0.2813 0.1759 0.1394 0.2383 0.4806 0.4492
0.4781 0.2258 0.1396 0.1786 0.2873 0.4830 0.4616 0.1961 0.1406 0.1861 0.3038 0.4972 0.4445 0.1747 0.1425 0.1946 0.3223 0.5060 0.4237 0.1612 0.1455 0.2045 0.3435 0.5098 0.3966 0.1517 0.1500 0.2182 0.3731 0.5081 0.3533 0.1441 0.1577 0.2401 0.4175 0.4958 0.2822 0.1397 0.1710 0.2742 0.4732 0.4652 0.1941 0.1412 0.1922 0.3232 0.5079 0.4079 0.1531 0.1468 0.1765 0.1468 0.1531 0.4079 0.5079 0.3232 0.1922 0.1412 0.1941 0.4652 0.4732 0.2742 0.1710 0.1397 0.2822 0.4958 0.4175 0.2401 0.1577 0.1441 0.3533 0.5081 0.3731 0.2182 0.1500 0.1517 0.3966 0.5098 0.3435 0.2045 0.1455 0.1612 0.4237 0.5060 0.3223 0.1946 0.1425 0.1747 0.4445 0.4972 0.3038 0.1861 0.1406 0.1961 0.4616 0.4830 0.2873 0.1786 0.1396 0.2258 0.4781
0.2234 0.1398 0.1813 0.2934 0.4890 0.4555 0.1870 0.1412 0.1891 0.3104 0.5010 0.4375 0.1692 0.1435 0.1979 0.3291 0.5078 0.4158 0.1579 0.1466 0.2078 0.3501 0.5100 0.3892 0.1501 0.1510 0.2207 0.3774 0.5075 0.3493 0.1438 0.1580 0.2405 0.4175 0.4961 0.2846 0.1398 0.1702 0.2719 0.4696 0.4683 0.2002 0.1408 0.1899 0.3179 0.5065 0.4147 0.1550 0.1486 0.2110 0.2894 0.2110 0.1486 0.1550 0.4147 0.5065 0.3179 0.1899 0.1408 0.2002 0.4683 0.4696 0.2719 0.1702 0.1398 0.2846 0.4961 0.4175 0.2405 0.1580 0.1438 0.3493 0.5075 0.3774 0.2207 0.1510 0.1501 0.3892 0.5100 0.3501 0.2078 0.1466 0.1579 0.4158 0.5078 0.3291 0.1979 0.1435 0.1692 0.4375 0.5010 0.3104 0.1891 0.1412 0.1870 0.4555 0.4890 0.2934 0.1813 0.1398 0.2234
0.1515 0.1842 0.2997 0.4942 0.4491 0.1793 0.1419 0.1923 0.3172 0.5041 0.4300 0.1645 0.1445 0.2012 0.3362 0.5091 0.4074 0.1550 0.1479 0.2114 0.3572 0.5099 0.3807 0.1485 0.1521 0.2237 0.3829 0.5066 0.3434 0.1433 0.1587 0.2418 0.4191 0.4958 0.2846 0.1398 0.1698 0.2704 0.4671 0.4705 0.2053 0.1405 0.1880 0.3134 0.5049 0.4209 0.1572 0.1480 0.2142 0.3609 0.4884 0.3609 0.2142 0.1480 0.1572 0.4209 0.5049 0.3134 0.1880 0.1405 0.2053 0.4705 0.4671 0.2704 0.1698 0.1398 0.2846 0.4958 0.4191 0.2418 0.1587 0.1433 0.3434 0.5066 0.3829 0.2237 0.1521 0.1485 0.3807 0.5099 0.3572 0.2114 0.1479 0.1550 0.4074 0.5091 0.3362 0.2012 0.1445 0.1645 0.4300 0.5041 0.3172 0.1923 0.1419 0.1793 0.4491 0.4942 0.2997 0.1842 0.1515
0.1926 0.3062 0.4986 0.4422 0.1728 0.1428 0.1955 0.3241 0.5065 0.4220 0.1606 0.1457 0.2047 0.3434 0.5098 0.3986 0.1525 0.1492 0.2152 0.3648 0.5094 0.3712 0.1469 0.1535 0.2271 0.3892 0.5053 0.3357 0.1427 0.1596 0.2439 0.4221 0.4949 0.2822 0.1398 0.1698 0.2699 0.4658 0.4718 0.2090 0.1403 0.1866 0.3097 0.5032 0.4262 0.1595 0.1471 0.2121 0.3639 0.5081 0.4532 0.5081 0.3639 0.2121 0.1471 0.1595 0.4262 0.5032 0.3097 0.1866 0.1403 0.2090 0.4718 0.4658 0.2699 0.1698 0.1398 0.2822 0.4949 0.4221 0.2439 0.1596 0.1427 0.3357 0.5053 0.3892 0.2271 0.1535 0.1469 0.3712 0.5094 0.3648 0.2152 0.1492 0.1525 0.3986 0.5098 0.3434 0.2047 0.1457 0.1606 0.4220 0.5065 0.3241 0.1955 0.1428 0.1728 0.4422 0.4986 0.3062 0.1926
0.3108 0.5024 0.4349 0.1675 0.1438 0.1989 0.3312 0.5082 0.4137 0.1572 0.1469 0.2084 0.3509 0.5100 0.3895 0.1503 0.1506 0.2191 0.3727 0.5085 0.3610 0.1455 0.1550 0.2310 0.3964 0.5037 0.3266 0.1420 0.1609 0.2467 0.4265 0.4935 0.2777 0.1397 0.1702 0.2704 0.4658 0.4723 0.2109 0.1402 0.1856 0.3070 0.5017 0.4305 0.1617 0.1463 0.2096 0.3598 0.5091 0.3762 0.1853 0.3762 0.5091 0.3598 0.2096 0.1463 0.1617 0.4305 0.5017 0.3070 0.1856 0.1402 0.2109 0.4723 0.4658 0.2704 0.1702 0.1397 0.2777 0.4935 0.4265 0.2467 0.1609 0.1420 0.3266 0.5037 0.3964 0.2310 0.1550 0.1455 0.3610 0.5085 0.3727 0.2191 0.1506 0.1503 0.3895 0.5100 0.3509 0.2084 0.1469 0.1572 0.4137 0.5082 0.3312 0.1989 0.1438 0.1675 0.4349 0.5024 0.3108
0.5014 0.4272 0.1630 0.1449 0.2024 0.3385 0.5093 0.4050 0.1543 0.1482 0.2122 0.3587 0.5098 0.3798 0.1484 0.1520 0.2231 0.3806 0.5072 0.3503 0.1442 0.1567 0.2353 0.4042 0.5017 0.3164 0.1414 0.1624 0.2502 0.4319 0.4915 0.2712 0.1396 0.1710 0.2719 0.4671 0.4718 0.2109 0.1401 0.1851 0.3054 0.5005 0.4336 0.1636 0.1456 0.2074 0.3550 0.5096 0.3699 0.1464 0.1388 0.1464 0.3699 0.5096 0.3550 0.2074 0.1456 0.1636 0.4336 0.5005 0.3054 0.1851 0.1401 0.2109 0.4718 0.4671 0.2719 0.1710 0.1396 0.2712 0.4915 0.4319 0.2502 0.1624 0.1414 0.3164 0.5017 0.4042 0.2353 0.1567 0.1442 0.3503 0.5072 0.3806 0.2231 0.1520 0.1484 0.3798 0.5098 0.3587 0.2122 0.1482 0.1543 0.4050 0.5093 0.3385 0.2024 0.1449 0.1630 0.4272 0.5014
0.4232 0.1593 0.1461 0.2060 0.3460 0.5099 0.3958 0.1519 0.1496 0.2161 0.3666 0.5092 0.3694 0.1467 0.1536 0.2272 0.3887 0.5056 0.3391 0.1431 0.1584 0.2398 0.4124 0.4992 0.3050 0.1408 0.1641 0.2542 0.4383 0.4890 0.2629 0.1395 0.1722 0.2742 0.4696 0.4705 0.2090 0.1402 0.1851 0.3048 0.4999 0.4355 0.1650 0.1452 0.2057 0.3509 0.5099 0.3744 0.1463 0.1515 0.1860 0.1515 0.1463 0.3744 0.5099 0.3509 0.2057 0.1452 0.1650 0.4355 0.4999 0.3048 0.1851 0.1402 0.2090 0.4705 0.4696 0.2742 0.1722 0.1395 0.2629 0.4890 0.4383 0.2542 0.1641 0.1408 0.3050 0.4992 0.4124 0.2398 0.1584 0.1431 0.3391 0.5056 0.3887 0.2272 0.1536 0.1467 0.3694 0.5092 0.3666 0.2161 0.1496 0.1519 0.3958 0.5099 0.3460 0.2060 0.1461 0.1593 0.4232
0.1677 0.1473 0.2097 0.3536 0.5100 0.3862 0.1497 0.1510 0.2202 0.3747 0.5082 0.3587 0.1452 0.1553 0.2316 0.3970 0.5037 0.3276 0.1422 0.1603 0.2444 0.4208 0.4964 0.2928 0.1403 0.1661 0.2587 0.4453 0.4859 0.2532 0.1394 0.1738 0.2774 0.4732 0.4683 0.2053 0.1403 0.1856 0.3054 0.4999 0.4361 0.1657 0.1449 0.2045 0.3479 0.5100 0.3794 0.1471 0.1539 0.2251 0.3120 0.2251 0.1539 0.1471 0.3794 0.5100 0.3479 0.2045 0.1449 0.1657 0.4361 0.4999 0.3054 0.1856 0.1403 0.2053 0.4683 0.4732 0.2774 0.1738 0.1394 0.2532 0.4859 0.4453 0.2587 0.1661 0.1403 0.2928 0.4964 0.4208 0.2444 0.1603 0.1422 0.3276 0.5037 0.3970 0.2316 0.1553 0.1452 0.3587 0.5082 0.3747 0.2202 0.1510 0.1497 0.3862 0.5100 0.3536 0.2097 0.1473 0.1677
0.1580 0.2136 0.3615 0.5097 0.3762 0.1478 0.1526 0.2244 0.3830 0.5068 0.3475 0.1440 0.1570 0.2361 0.4054 0.5014 0.3157 0.1414 0.1622 0.2492 0.4291 0.4932 0.2802 0.1399 0.1682 0.2637 0.4527 0.4822 0.2425 0.1394 0.1756 0.2814 0.4775 0.4652 0.2002 0.1405 0.1866 0.3070 0.5005 0.4355 0.1657 0.1448 0.2039 0.3460 0.5100 0.3834 0.1478 0.1536 0.2295 0.3902 0.5023 0.3902 0.2295 0.1536 0.1478 0.3834 0.5100 0.3460 0.2039 0.1448 0.1657 0.4355 0.5005 0.3070 0.1866 0.1405 0.2002 0.4652 0.4775 0.2814 0.1756 0.1394 0.2425 0.4822 0.4527 0.2637 0.1682 0.1399 0.2802 0.4932 0.4291 0.2492 0.1622 0.1414 0.3157 0.5014 0.4054 0.2361 0.1570 0.1440 0.3475 0.5068 0.3830 0.2244 0.1526 0.1478 0.3762 0.5097 0.3615 0.2136 0.1580
0.2209 0.3695 0.5089 0.3657 0.1462 0.1542 0.2287 0.3914 0.5051 0.3359 0.1429 0.1589 0.2408 0.4140 0.4988 0.3033 0.1407 0.1642 0.2541 0.4374 0.4898 0.2674 0.1396 0.1705 0.2689 0.4604 0.4780 0.2311 0.1395 0.1778 0.2860 0.4824 0.4614 0.1941 0.1408 0.1880 0.3097 0.5017 0.4336 0.1650 0.1449 0.2039 0.3453 0.5100 0.3858 0.1484 0.1531 0.2286 0.3956 0.5033 0.4283 0.5033 0.3956 0.2286 0.1531 0.1484 0.3858 0.5100 0.3453 0.2039 0.1449 0.1650 0.4336 0.5017 0.3097 0.1880 0.1408 0.1941 0.4614 0.4824 0.2860 0.1778 0.1395 0.2311 0.4780 0.4604 0.2689 0.1705 0.1396 0.2674 0.4898 0.4374 0.2541 0.1642 0.1407 0.3033 0.4988 0.4140 0.2408 0.1589 0.1429 0.3359 0.5051 0.3914 0.2287 0.1542 0.1462 0.3657 0.5089 0.3695 0.2209
0.3725 0.5079 0.3548 0.1448 0.1559 0.2331 0.3999 0.5030 0.3239 0.1419 0.1608 0.2456 0.4226 0.4958 0.2905 0.1402 0.1664 0.2592 0.4456 0.4860 0.2547 0.1395 0.1729 0.2744 0.4678 0.4733 0.2194 0.1397 0.1802 0.2912 0.4874 0.4567 0.1876 0.1412 0.1899 0.3134 0.5032 0.4305 0.1636 0.1452 0.2045 0.3460 0.5100 0.3866 0.1487 0.1527 0.2274 0.3941 0.5031 0.3333 0.1605 0.3333 0.5031 0.3941 0.2274 0.1527 0.1487 0.3866 0.5100 0.3460 0.2045 0.1452 0.1636 0.4305 0.5032 0.3134 0.1899 0.1412 0.1876 0.4567 0.4874 0.2912 0.1802 0.1397 0.2194 0.4733 0.4678 0.2744 0.1729 0.1395 0.2547 0.4860 0.4456 0.2592 0.1664 0.1402 0.2905 0.4958 0.4226 0.2456 0.1608 0.1419 0.3239 0.5030 0.3999 0.2331 0.1559 0.1448 0.3548 0.5079 0.3725
0.5062 0.3435 0.1435 0.1577 0.2377 0.4084 0.5005 0.3116 0.1411 0.1628 0.2505 0.4312 0.4924 0.2775 0.1398 0.1686 0.2644 0.4536 0.4819 0.2420 0.1394 0.1753 0.2800 0.4749 0.4683 0.2083 0.1400 0.1829 0.2969 0.4922 0.4513 0.1811 0.1418 0.1922 0.3179 0.5049 0.4262 0.1617 0.1456 0.2057 0.3479 0.5100 0.3858 0.1487 0.1526 0.2267 0.3923 0.5036 0.3220 0.1411 0.1424 0.1411 0.3220 0.5036 0.3923 0.2267 0.1526 0.1487 0.3858 0.5100 0.3479 0.2057 0.1456 0.1617 0.4262 0.5049 0.3179 0.1922 0.1418 0.1811 0.4513 0.4922 0.2969 0.1829 0.1400 0.2083 0.4683 0.4749 0.2800 0.1753 0.1394 0.2420 0.4819 0.4536 0.2644 0.1686 0.1398 0.2775 0.4924 0.4312 0.2505 0.1628 0.1411 0.3116 0.5005 0.4084 0.2377 0.1577 0.1435 0.3435 0.5062
0.3378 0.1425 0.1595 0.2424 0.4170 0.4977 0.2989 0.1405 0.1649 0.2556 0.4397 0.4888 0.2644 0.1395 0.1710 0.2699 0.4615 0.4774 0.2297 0.1395 0.1779 0.2857 0.4814 0.4629 0.1981 0.1405 0.1856 0.3030 0.4966 0.4452 0.1751 0.1425 0.1948 0.3232 0.5065 0.4209 0.1595 0.1463 0.2074 0.3509 0.5100 0.3834 0.1484 0.1527 0.2267 0.3916 0.5039 0.3224 0.1413 0.1590 0.2000 0.1590 0.1413 0.3224 0.5039 0.3916 0.2267 0.1527 0.1484 0.3834 0.5100 0.3509 0.2074 0.1463 0.1595 0.4209 0.5065 0.3232 0.1948 0.1425 0.1751 0.4452 0.4966 0.3030 0.1856 0.1405 0.1981 0.4629 0.4814 0.2857 0.1779 0.1395 0.2297 0.4774 0.4615 0.2699 0.1710 0.1395 0.2644 0.4888 0.4397 0.2556 0.1649 0.1405 0.2989 0.4977 0.4170 0.2424 0.1595 0.1425 0.3378
0.1536 0.1615 0.2472 0.4256 0.4947 0.2861 0.1400 0.1671 0.2608 0.4481 0.4848 0.2514 0.1394 0.1734 0.2755 0.4691 0.4726 0.2178 0.1397 0.1805 0.2915 0.4873 0.4572 0.1891 0.1410 0.1885 0.3092 0.5005 0.4385 0.1698 0.1434 0.1976 0.3290 0.5079 0.4147 0.1572 0.1471 0.2096 0.3550 0.5099 0.3794 0.1478 0.1531 0.2274 0.3923 0.5039 0.3230 0.1414 0.1625 0.2460 0.3443 0.2460 0.1625 0.1414 0.3230 0.5039 0.3923 0.2274 0.1531 0.1478 0.3794 0.5099 0.3550 0.2096 0.1471 0.1572 0.4147 0.5079 0.3290 0.1976 0.1434 0.1698 0.4385 0.5005 0.3092 0.1885 0.1410 0.1891 0.4572 0.4873 0.2915 0.1805 0.1397 0.2178 0.4726 0.4691 0.2755 0.1734 0.1394 0.2514 0.4848 0.4481 0.2608 0.1671 0.1400 0.2861 0.4947 0.4256 0.2472 0.1615 0.1536
0.1709 0.2520 0.4337 0.4914 0.2736 0.1397 0.1692 0.2659 0.4559 0.4807 0.2390 0.1394 0.1758 0.2810 0.4760 0.4675 0.2070 0.1400 0.1830 0.2973 0.4924 0.4513 0.1815 0.1417 0.1914 0.3155 0.5035 0.4316 0.1653 0.1443 0.2006 0.3352 0.5089 0.4079 0.1550 0.1480 0.2121 0.3598 0.5096 0.3744 0.1471 0.1536 0.2286 0.3941 0.5036 0.3224 0.1414 0.1628 0.2523 0.4296 0.5076 0.4296 0.2523 0.1628 0.1414 0.3224 0.5036 0.3941 0.2286 0.1536 0.1471 0.3744 0.5096 0.3598 0.2121 0.1480 0.1550 0.4079 0.5089 0.3352 0.2006 0.1443 0.1653 0.4316 0.5035 0.3155 0.1914 0.1417 0.1815 0.4513 0.4924 0.2973 0.1830 0.1400 0.2070 0.4675 0.4760 0.2810 0.1758 0.1394 0.2390 0.4807 0.4559 0.2659 0.1692 0.1397 0.2736 0.4914 0.4337 0.2520 0.1709
0.2567 0.4403 0.4883 0.2634 0.1393 0.1709 0.2702 0.4620 0.4769 0.2291 0.1393 0.1776 0.2855 0.4811 0.4630 0.1987 0.1402 0.1851 0.3021 0.4959 0.4462 0.1761 0.1421 0.1936 0.3206 0.5052 0.4257 0.1620 0.1450 0.2030 0.3405 0.5093 0.4018 0.1531 0.1486 0.2142 0.3639 0.5091 0.3699 0.1463 0.1539 0.2295 0.3956 0.5031 0.3220 0.1413 0.1625 0.2523 0.4370 0.4904 0.3898 0.4904 0.4370 0.2523 0.1625 0.1413 0.3220 0.5031 0.3956 0.2295 0.1539 0.1463 0.3699 0.5091 0.3639 0.2142 0.1486 0.1531 0.4018 0.5093 0.3405 0.2030 0.1450 0.1620 0.4257 0.5052 0.3206 0.1936 0.1421 0.1761 0.4462 0.4959 0.3021 0.1851 0.1402 0.1987 0.4630 0.4811 0.2855 0.1776 0.1393 0.2291 0.4769 0.4620 0.2702 0.1709 0.1393 0.2634 0.4883 0.4403 0.2567
0.4305 0.4881 0.2683 0.1383 0.1686 0.2677 0.4600 0.4768 0.2335 0.1381 0.1752 0.2832 0.4792 0.4635 0.2022 0.1389 0.1825 0.2999 0.4941 0.4474 0.1781 0.1407 0.1909 0.3184 0.5037 0.4279 0.1628 0.1434 0.2003 0.3385 0.5080 0.4052 0.1533 0.1468 0.2110 0.3609 0.5081 0.3762 0.1464 0.1515 0.2251 0.3902 0.5033 0.3333 0.1411 0.1590 0.2460 0.4296 0.4904 0.2881 0.1477 0.2881 0.4904 0.4296 0.2460 0.1590 0.1411 0.3333 0.5033 0.3902 0.2251 0.1515 0.1464 0.3762 0.5081 0.3609 0.2110 0.1468 0.1533 0.4052 0.5080 0.3385 0.2003 0.1434 0.1628 0.4279 0.5037 0.3184 0.1909 0.1407 0.1781 0.4474 0.4941 0.2999 0.1825 0.1389 0.2022 0.4635 0.4792 0.2832 0.1752 0.1381 0.2335 0.4768 0.4600 0.2677 0.1686 0.1383 0.2683 0.4881 0.4305
0.5061 0.3803 0.1448 0.1485 0.2178 0.3788 0.5045 0.3534 0.1406 0.1526 0.2294 0.4016 0.4994 0.3230 0.1380 0.1574 0.2421 0.4247 0.4920 0.2895 0.1366 0.1629 0.2563 0.4482 0.4820 0.2535 0.1365 0.1693 0.2720 0.4701 0.4695 0.2179 0.1371 0.1765 0.2894 0.4884 0.4532 0.1853 0.1388 0.1860 0.3120 0.5023 0.4283 0.1605 0.1424 0.2000 0.3443 0.5076 0.3898 0.1477 0.1345 0.1477 0.3898 0.5076 0.3443 0.2000 0.1424 0.1605 0.4283 0.5023 0.3120 0.1860 0.1388 0.1853 0.4532 0.4884 0.2894 0.1765 0.1371 0.2179 0.4695 0.4701 0.2720 0.1693 0.1365 0.2535 0.4820 0.4482 0.2563 0.1629 0.1366 0.2895 0.4920 0.4247 0.2421 0.1574 0.1380 0.3230 0.4994 0.4016 0.2294 0.1526 0.1406 0.3534 0.5045 0.3788 0.2178 0.1485 0.1448 0.3803 0.5061
0.4305 0.4881 0.2683 0.1383 0.1686 0.2677 0.4600 0.4768 0.2335 0.1381 0.1752 0.2832 0.4792 0.4635 0.2022 0.1389 0.1825 0.2999 0.4941 0.4474 0.1781 0.1407 0.1909 0.3184 0.5037 0.4279 0.1628 0.1434 0.2003 0.3385 0.5080 0.4052 0.1533 0.1468 0.2110 0.3609 0.5081 0.3762 0.1464 0.1515 0.2251 0.3902 0.5033 0.3333 0.1411 0.1590 0.2460 0.4296 0.4904 0.2881 0.1477 0.2881 0.4904 0.4296 0.2460 0.1590 0.1411 0.3333 0.5033 0.3902 0.2251 0.1515 0.1464 0.3762 0.5081 0.3609 0.2110 0.1468 0.1533 0.4052 0.5080 0.3385 0.2003 0.1434 0.1628 0.4279 0.5037 0.3184 0.1909 0.1407 0.1781 0.4474 0.4941 0.2999 0.1825 0.1389 0.2022 0.4635 0.4792 0.2832 0.1752 0.1381 0.2335 0.4768 0.4600 0.2677 0.1686 0.1383 0.2683 0.4881 0.4305
0.2567 0.4403 0.4883 0.2634 0.1393 0.1709 0.2702 0.4620 0.4769 0.2291 0.1393 0.1776 0.2855 0.4811 0.4630 0.1987 0.1402 0.1851 0.3021 0.4959 0.4462 0.1761 0.1421 0.1936 0.3206 0.5052 0.4257 0.1620 0.1450 0.2030 0.3405 0.5093 0.4018 0.1531 0.1486 0.2142 0.3639 0.5091 0.3699 0.1463 0.1539 0.2295 0.3956 0.5031 0.3220 0.1413 0.1625 0.2523 0.4370 0.4904 0.3898 0.4904 0.4370 0.2523 0.1625 0.1413 0.3220 0.5031 0.3956 0.2295 0.1539 0.1463 0.3699 0.5091 0.3639 0.2142 0.1486 0.1531 0.4018 0.5093 0.3405 0.2030 0.1450 0.1620 0.4257 0.5052 0.3206 0.1936 0.1421 0.1761 0.4462 0.4959 0.3021 0.1851 0.1402 0.1987 0.4630 0.4811 0.2855 0.1776 0.1393 0.2291 0.4769 0.4620 0.2702 0.1709 0.1393 0.2634 0.4883 0.4403 0.2567
0.1709 0.2520 0.4337 0.4914 0.2736 0.1397 0.1692 0.2659 0.4559 0.4807 0.2390 0.1394 0.1758 0.2810 0.4760 0.4675 0.2070 0.1400 0.1830 0.2973 0.4924 0.4513 0.1815 0.1417 0.1914 0.3155 0.5035 0.4316 0.1653 0.1443 0.2006 0.3352 0.5089 0.4079 0.1550 0.1480 0.2121 0.3598 0.5096 0.3744 0.1471 0.1536 0.2286 0.3941 0.5036 0.3224 0.1414 0.1628 0.2523 0.4296 0.5076 0.4296 0.2523 0.1628 0.1414 0.3224 0.5036 0.3941 0.2286 0.1536 0.1471 0.3744 0.5096 0.3598 0.2121 0.1480 0.1550 0.4079 0.5089 0.3352 0.2006 0.1443 0.1653 0.4316 0.5035 0.3155 0.1914 0.1417 0.1815 0.4513 0.4924 0.2973 0.1830 0.1400 0.2070 0.4675 0.4760 0.2810 0.1758 0.1394 0.2390 0.4807 0.4559 0.2659 0.1692 0.1397 0.2736 0.4914 0.4337 0.2520 0.1709
0.1536 0.1615 0.2472 0.4256 0.4947 0.2861 0.1400 0.1671 0.2608 0.4481 0.4848 0.2514 0.1394 0.1734 0.2755 0.4691 0.4726 0.2178 0.1397 0.1805 0.2915 0.4873 0.4572 0.1891 0.1410 0.1885 0.3092 0.5005 0.4385 0.1698 0.1434 0.1976 0.3290 0.5079 0.4147 0.1572 0.1471 0.2096 0.3550 0.5099 0.3794 0.1478 0.1531 0.2274 0.3923 0.5039 0.3230 0.1414 0.1625 0.2460 0.3443 0.2460 0.1625 0.1414 0.3230 0.5039 0.3923 0.2274 0.1531 0.1478 0.3794 0.5099 0.3550 0.2096 0.1471 0.1572 0.4147 0.5079 0.3290 0.1976 0.1434 0.1698 0.4385 0.5005 0.3092 0.1885 0.1410 0.1891 0.4572 0.4873 0.2915 0.1805 0.1397 0.2178 0.4726 0.4691 0.2755 0.1734 0.1394 0.2514 0.4848 0.4481 0.2608 0.1671 0.1400 0.2861 0.4947 0.4256 0.2472 0.1615 0.1536
0.3378 0.1425 0.1595 0.2424 0.4170 0.4977 0.2989 0.1405 0.1649 0.2556 0.4397 0.4888 0.2644 0.1395 0.1710 0.2699 0.4615 0.4774 0.2297 0.1395 0.1779 0.2857 0.4814 0.4629 0.1981 0.1405 0.1856 0.3030 0.4966 0.4452 0.1751 0.1425 0.1948 0.3232 0.5065 0.4209 0.1595 0.1463 0.2074 0.3509 0.5100 0.3834 0.1484 0.1527 0.2267 0.3916 0.5039 0.3224 0.1413 0.1590 0.2000 0.1590 0.1413 0.3224 0.5039 0.3916 0.2267 0.1527 0.1484 0.3834 0.5100 0.3509 0.2074 0.1463 0.1595 0.4209 0.5065 0.3232 0.1948 0.1425 0.1751 0.4452 0.4966 0.3030 0.1856 0.1405 0.1981 0.4629 0.4814 0.2857 0.1779 0.1395 0.2297 0.4774 0.4615 0.2699 0.1710 0.1395 0.2644 0.4888 0.4397 0.2556 0.1649 0.1405 0.2989 0.4977 0.4170 0.2424 0.1595 0.1425 0.3378
