-0.2225 -0.3187 -0.3459 0.0510 0.2568 -0.1591 -0.2734 -0.3349 -0.2869 0.1210 0.2017 -0.2076 -0.2972 -0.3442 -0.0902 0.1921 -0.0638 -0.2455 -0.3181 -0.3467 0.0456 0.2538 -0.1550 -0.2716 -0.3340 -0.2954 0.1161 0.2163 -0.2044 -0.2956 -0.3437 -0.1065 0.1873 -0.0516 -0.2435 -0.3167 -0.3474 0.0392 0.2502 -0.1506 -0.2697 -0.3331 -0.3030 0.1112 0.2285 -0.2011 -0.2939 -0.3433 -0.1313 0.1620 0.2588 0.1620 -0.1313 -0.3433 -0.2939 -0.2011 0.2285 0.1112 -0.3030 -0.3331 -0.2697 -0.1506 0.2502 0.0392 -0.3474 -0.3167 -0.2435 -0.0516 0.1873 -0.1065 -0.3437 -0.2956 -0.2044 0.2163 0.1161 -0.2954 -0.3340 -0.2716 -0.1550 0.2538 0.0456 -0.3467 -0.3181 -0.2455 -0.0638 0.1921 -0.0902 -0.3442 -0.2972 -0.2076 0.2017 0.1210 -0.2869 -0.3349 -0.2734 -0.1591 0.2568 0.0510 -0.3459 -0.3187 -0.2225
-0.3187 -0.3591 0.0525 0.2575 -0.1620 -0.2952 -0.3539 -0.2980 0.1190 0.2304 -0.2200 -0.3183 -0.3612 -0.0951 0.1886 -0.0466 -0.2682 -0.3383 -0.3609 0.0449 0.2531 -0.1566 -0.2934 -0.3531 -0.3068 0.1142 0.2416 -0.2159 -0.3167 -0.3609 -0.1121 0.1840 -0.0312 -0.2663 -0.3370 -0.3618 0.0385 0.2488 -0.1514 -0.2916 -0.3523 -0.3148 0.1095 0.2505 -0.2118 -0.3151 -0.3606 -0.1313 0.1748 0.0447 -0.2006 0.0447 0.1748 -0.1313 -0.3606 -0.3151 -0.2118 0.2505 0.1095 -0.3148 -0.3523 -0.2916 -0.1514 0.2488 0.0385 -0.3618 -0.3370 -0.2663 -0.0312 0.1840 -0.1121 -0.3609 -0.3167 -0.2159 0.2416 0.1142 -0.3068 -0.3531 -0.2934 -0.1566 0.2531 0.0449 -0.3609 -0.3383 -0.2682 -0.0466 0.1886 -0.0951 -0.3612 -0.3183 -0.2200 0.2304 0.1190 -0.2980 -0.3539 -0.2952 -0.1620 0.2575 0.0525 -0.3591 -0.3187
-0.3459 0.0525 0.2553 -0.1572 -0.2930 -0.3527 -0.3102 0.1118 0.2464 -0.2138 -0.3158 -0.3607 -0.1219 0.1809 -0.0217 -0.2652 -0.3362 -0.3621 0.0347 0.2463 -0.1484 -0.2905 -0.3517 -0.3187 0.1067 0.2547 -0.2096 -0.3141 -0.3603 -0.1398 0.1755 -0.0030 -0.2633 -0.3348 -0.3626 0.0278 0.2417 -0.1428 -0.2887 -0.3508 -0.3254 0.1019 0.2607 -0.2055 -0.3124 -0.3600 -0.1580 0.1689 0.0283 -0.2522 -0.3046 -0.2522 0.0283 0.1689 -0.1580 -0.3600 -0.3124 -0.2055 0.2607 0.1019 -0.3254 -0.3508 -0.2887 -0.1428 0.2417 0.0278 -0.3626 -0.3348 -0.2633 -0.0030 0.1755 -0.1398 -0.3603 -0.3141 -0.2096 0.2547 0.1067 -0.3187 -0.3517 -0.2905 -0.1484 0.2463 0.0347 -0.3621 -0.3362 -0.2652 -0.0217 0.1809 -0.1219 -0.3607 -0.3158 -0.2138 0.2464 0.1118 -0.3102 -0.3527 -0.2930 -0.1572 0.2553 0.0525 -0.3459
0.0510 0.2575 -0.1572 -0.2922 -0.3519 -0.3182 0.1060 0.2566 -0.2080 -0.3133 -0.3601 -0.1491 0.1725 0.0080 -0.2618 -0.3341 -0.3628 0.0237 0.2390 -0.1396 -0.2877 -0.3503 -0.3288 0.0993 0.2634 -0.2032 -0.3115 -0.3597 -0.1678 0.1665 0.0305 -0.2586 -0.3326 -0.3629 0.0160 0.2342 -0.1335 -0.2858 -0.3493 -0.3343 0.0945 0.2669 -0.1990 -0.3098 -0.3593 -0.1854 0.1608 0.0568 -0.2530 -0.3311 -0.3702 -0.3311 -0.2530 0.0568 0.1608 -0.1854 -0.3593 -0.3098 -0.1990 0.2669 0.0945 -0.3343 -0.3493 -0.2858 -0.1335 0.2342 0.0160 -0.3629 -0.3326 -0.2586 0.0305 0.1665 -0.1678 -0.3597 -0.3115 -0.2032 0.2634 0.0993 -0.3288 -0.3503 -0.2877 -0.1396 0.2390 0.0237 -0.3628 -0.3341 -0.2618 0.0080 0.1725 -0.1491 -0.3601 -0.3133 -0.2080 0.2566 0.1060 -0.3182 -0.3519 -0.2922 -0.1572 0.2575 0.0510
0.2568 -0.1620 -0.2930 -0.3519 -0.3210 0.1026 0.2620 -0.2033 -0.3112 -0.3595 -0.1746 0.1641 0.0419 -0.2566 -0.3319 -0.3629 0.0116 0.2314 -0.1300 -0.2848 -0.3487 -0.3371 0.0918 0.2683 -0.1967 -0.3089 -0.3590 -0.1950 0.1578 0.0687 -0.2521 -0.3304 -0.3628 0.0029 0.2264 -0.1233 -0.2830 -0.3476 -0.3417 0.0869 0.2698 -0.1925 -0.3071 -0.3585 -0.2116 0.1525 0.0946 -0.2476 -0.3288 -0.3696 -0.2836 -0.3696 -0.3288 -0.2476 0.0946 0.1525 -0.2116 -0.3585 -0.3071 -0.1925 0.2698 0.0869 -0.3417 -0.3476 -0.2830 -0.1233 0.2264 0.0029 -0.3628 -0.3304 -0.2521 0.0687 0.1578 -0.1950 -0.3590 -0.3089 -0.1967 0.2683 0.0918 -0.3371 -0.3487 -0.2848 -0.1300 0.2314 0.0116 -0.3629 -0.3319 -0.2566 0.0419 0.1641 -0.1746 -0.3595 -0.3112 -0.2033 0.2620 0.1026 -0.3210 -0.3519 -0.2930 -0.1620 0.2568
-0.1591 -0.2952 -0.3527 -0.3182 0.1026 0.2636 -0.2005 -0.3097 -0.3589 -0.1957 0.1569 0.0764 -0.2505 -0.3297 -0.3627 -0.0016 0.2238 -0.1196 -0.2819 -0.3470 -0.3440 0.0842 0.2701 -0.1902 -0.3062 -0.3582 -0.2204 0.1495 0.1085 -0.2456 -0.3281 -0.3625 -0.0119 0.2185 -0.1120 -0.2800 -0.3459 -0.3476 0.0792 0.2699 -0.1858 -0.3044 -0.3576 -0.2355 0.1444 0.1335 -0.2414 -0.3265 -0.3627 -0.0492 0.1139 -0.0492 -0.3627 -0.3265 -0.2414 0.1335 0.1444 -0.2355 -0.3576 -0.3044 -0.1858 0.2699 0.0792 -0.3476 -0.3459 -0.2800 -0.1120 0.2185 -0.0119 -0.3625 -0.3281 -0.2456 0.1085 0.1495 -0.2204 -0.3582 -0.3062 -0.1902 0.2701 0.0842 -0.3440 -0.3470 -0.2819 -0.1196 0.2238 -0.0016 -0.3627 -0.3297 -0.2505 0.0764 0.1569 -0.1957 -0.3589 -0.3097 -0.2005 0.2636 0.1026 -0.3182 -0.3527 -0.2952 -0.1591
-0.2734 -0.3539 -0.3102 0.1060 0.2620 -0.2005 -0.3091 -0.3586 -0.2096 0.1514 0.1061 -0.2452 -0.3277 -0.3624 -0.0160 0.2163 -0.1083 -0.2791 -0.3453 -0.3494 0.0765 0.2695 -0.1834 -0.3035 -0.3573 -0.2436 0.1416 0.1467 -0.2391 -0.3257 -0.3622 -0.0288 0.2107 -0.0992 -0.2771 -0.3441 -0.3524 0.0712 0.2679 -0.1790 -0.3017 -0.3566 -0.2571 0.1366 0.1689 -0.2350 -0.3242 -0.3621 -0.0463 0.1869 0.2511 0.1869 -0.0463 -0.3621 -0.3242 -0.2350 0.1689 0.1366 -0.2571 -0.3566 -0.3017 -0.1790 0.2679 0.0712 -0.3524 -0.3441 -0.2771 -0.0992 0.2107 -0.0288 -0.3622 -0.3257 -0.2391 0.1467 0.1416 -0.2436 -0.3573 -0.3035 -0.1834 0.2695 0.0765 -0.3494 -0.3453 -0.2791 -0.1083 0.2163 -0.0160 -0.3624 -0.3277 -0.2452 0.1061 0.1514 -0.2096 -0.3586 -0.3091 -0.2005 0.2620 0.1060 -0.3102 -0.3539 -0.2734
-0.3349 -0.2980 0.1118 0.2566 -0.2033 -0.3097 -0.3586 -0.2145 0.1485 0.1259 -0.2411 -0.3260 -0.3622 -0.0306 0.2094 -0.0961 -0.2763 -0.3436 -0.3536 0.0686 0.2669 -0.1766 -0.3008 -0.3563 -0.2642 0.1338 0.1803 -0.2327 -0.3233 -0.3619 -0.0481 0.2031 -0.0845 -0.2742 -0.3423 -0.3561 0.0629 0.2642 -0.1719 -0.2990 -0.3556 -0.2761 0.1290 0.1989 -0.2286 -0.3217 -0.3617 -0.0633 0.1962 -0.0388 -0.2172 -0.0388 0.1962 -0.0633 -0.3617 -0.3217 -0.2286 0.1989 0.1290 -0.2761 -0.3556 -0.2990 -0.1719 0.2642 0.0629 -0.3561 -0.3423 -0.2742 -0.0845 0.2031 -0.0481 -0.3619 -0.3233 -0.2327 0.1803 0.1338 -0.2642 -0.3563 -0.3008 -0.1766 0.2669 0.0686 -0.3536 -0.3436 -0.2763 -0.0961 0.2094 -0.0306 -0.3622 -0.3260 -0.2411 0.1259 0.1485 -0.2145 -0.3586 -0.3097 -0.2033 0.2566 0.1118 -0.2980 -0.3349
-0.2869 0.1190 0.2464 -0.2080 -0.3112 -0.3589 -0.2096 0.1485 0.1328 -0.2389 -0.3248 -0.3619 -0.0438 0.2036 -0.0839 -0.2738 -0.3419 -0.3568 0.0606 0.2628 -0.1696 -0.2981 -0.3552 -0.2820 0.1264 0.2080 -0.2264 -0.3208 -0.3616 -0.0702 0.1957 -0.0673 -0.2712 -0.3403 -0.3589 0.0541 0.2592 -0.1645 -0.2962 -0.3544 -0.2926 0.1215 0.2230 -0.2223 -0.3192 -0.3613 -0.0861 0.1905 -0.0483 -0.2644 -0.3125 -0.2644 -0.0483 0.1905 -0.0861 -0.3613 -0.3192 -0.2223 0.2230 0.1215 -0.2926 -0.3544 -0.2962 -0.1645 0.2592 0.0541 -0.3589 -0.3403 -0.2712 -0.0673 0.1957 -0.0702 -0.3616 -0.3208 -0.2264 0.2080 0.1264 -0.2820 -0.3552 -0.2981 -0.1696 0.2628 0.0606 -0.3568 -0.3419 -0.2738 -0.0839 0.2036 -0.0438 -0.3619 -0.3248 -0.2389 0.1328 0.1485 -0.2096 -0.3589 -0.3112 -0.2080 0.2464 0.1190 -0.2869
0.1210 0.2304 -0.2138 -0.3133 -0.3595 -0.1957 0.1514 0.1259 -0.2389 -0.3244 -0.3618 -0.0532 0.1993 -0.0726 -0.2716 -0.3403 -0.3591 0.0527 0.2580 -0.1626 -0.2954 -0.3540 -0.2972 0.1191 0.2297 -0.2201 -0.3184 -0.3612 -0.0949 0.1884 -0.0468 -0.2682 -0.3383 -0.3608 0.0448 0.2531 -0.1567 -0.2934 -0.3531 -0.3067 0.1141 0.2414 -0.2160 -0.3167 -0.3609 -0.1120 0.1837 -0.0298 -0.2655 -0.3378 -0.3742 -0.3378 -0.2655 -0.0298 0.1837 -0.1120 -0.3609 -0.3167 -0.2160 0.2414 0.1141 -0.3067 -0.3531 -0.2934 -0.1567 0.2531 0.0448 -0.3608 -0.3383 -0.2682 -0.0468 0.1884 -0.0949 -0.3612 -0.3184 -0.2201 0.2297 0.1191 -0.2972 -0.3540 -0.2954 -0.1626 0.2580 0.0527 -0.3591 -0.3403 -0.2716 -0.0726 0.1993 -0.0532 -0.3618 -0.3244 -0.2389 0.1259 0.1514 -0.1957 -0.3595 -0.3133 -0.2138 0.2304 0.1210
0.2017 -0.2200 -0.3158 -0.3601 -0.1746 0.1569 0.1061 -0.2411 -0.3248 -0.3618 -0.0567 0.1971 -0.0646 -0.2700 -0.3390 -0.3605 0.0454 0.2528 -0.1557 -0.2928 -0.3528 -0.3100 0.1120 0.2458 -0.2140 -0.3159 -0.3607 -0.1211 0.1811 -0.0222 -0.2652 -0.3362 -0.3621 0.0347 0.2463 -0.1485 -0.2906 -0.3517 -0.3187 0.1067 0.2546 -0.2096 -0.3141 -0.3603 -0.1396 0.1756 -0.0028 -0.2631 -0.3349 -0.3681 -0.2259 -0.3681 -0.3349 -0.2631 -0.0028 0.1756 -0.1396 -0.3603 -0.3141 -0.2096 0.2546 0.1067 -0.3187 -0.3517 -0.2906 -0.1485 0.2463 0.0347 -0.3621 -0.3362 -0.2652 -0.0222 0.1811 -0.1211 -0.3607 -0.3159 -0.2140 0.2458 0.1120 -0.3100 -0.3528 -0.2928 -0.1557 0.2528 0.0454 -0.3605 -0.3390 -0.2700 -0.0646 0.1971 -0.0567 -0.3618 -0.3248 -0.2411 0.1061 0.1569 -0.1746 -0.3601 -0.3158 -0.2200 0.2017
-0.2076 -0.3183 -0.3607 -0.1491 0.1641 0.0764 -0.2452 -0.3260 -0.3619 -0.0532 0.1971 -0.0616 -0.2691 -0.3381 -0.3613 0.0392 0.2481 -0.1494 -0.2905 -0.3516 -0.3203 0.1052 0.2571 -0.2079 -0.3134 -0.3602 -0.1482 0.1728 0.0071 -0.2619 -0.3341 -0.3627 0.0238 0.2391 -0.1397 -0.2877 -0.3503 -0.3287 0.0993 0.2633 -0.2032 -0.3115 -0.3597 -0.1676 0.1666 0.0304 -0.2586 -0.3326 -0.3628 -0.0032 0.1323 -0.0032 -0.3628 -0.3326 -0.2586 0.0304 0.1666 -0.1676 -0.3597 -0.3115 -0.2032 0.2633 0.0993 -0.3287 -0.3503 -0.2877 -0.1397 0.2391 0.0238 -0.3627 -0.3341 -0.2619 0.0071 0.1728 -0.1482 -0.3602 -0.3134 -0.2079 0.2571 0.1052 -0.3203 -0.3516 -0.2905 -0.1494 0.2481 0.0392 -0.3613 -0.3381 -0.2691 -0.0616 0.1971 -0.0532 -0.3619 -0.3260 -0.2452 0.0764 0.1641 -0.1491 -0.3607 -0.3183 -0.2076
-0.2972 -0.3612 -0.1219 0.1725 0.0419 -0.2505 -0.3277 -0.3622 -0.0438 0.1993 -0.0646 -0.2691 -0.3378 -0.3617 0.0351 0.2445 -0.1442 -0.2886 -0.3504 -0.3283 0.0990 0.2641 -0.2021 -0.3109 -0.3595 -0.1750 0.1641 0.0411 -0.2568 -0.3320 -0.3629 0.0120 0.2316 -0.1302 -0.2849 -0.3487 -0.3370 0.0918 0.2683 -0.1967 -0.3089 -0.3590 -0.1948 0.1579 0.0684 -0.2522 -0.3304 -0.3627 -0.0009 0.2079 0.2051 0.2079 -0.0009 -0.3627 -0.3304 -0.2522 0.0684 0.1579 -0.1948 -0.3590 -0.3089 -0.1967 0.2683 0.0918 -0.3370 -0.3487 -0.2849 -0.1302 0.2316 0.0120 -0.3629 -0.3320 -0.2568 0.0411 0.1641 -0.1750 -0.3595 -0.3109 -0.2021 0.2641 0.0990 -0.3283 -0.3504 -0.2886 -0.1442 0.2445 0.0351 -0.3617 -0.3378 -0.2691 -0.0646 0.1993 -0.0438 -0.3622 -0.3277 -0.2505 0.0419 0.1725 -0.1219 -0.3612 -0.2972
-0.3442 -0.0951 0.1809 0.0080 -0.2566 -0.3297 -0.3624 -0.0306 0.2036 -0.0726 -0.2700 -0.3381 -0.3617 0.0336 0.2425 -0.1407 -0.2872 -0.3495 -0.3341 0.0935 0.2680 -0.1966 -0.3086 -0.3589 -0.2000 0.1559 0.0785 -0.2504 -0.3297 -0.3627 -0.0012 0.2240 -0.1199 -0.2820 -0.3471 -0.3438 0.0843 0.2701 -0.1902 -0.3062 -0.3582 -0.2203 0.1496 0.1083 -0.2456 -0.3281 -0.3625 -0.0127 0.2163 -0.0896 -0.2304 -0.0896 0.2163 -0.0127 -0.3625 -0.3281 -0.2456 0.1083 0.1496 -0.2203 -0.3582 -0.3062 -0.1902 0.2701 0.0843 -0.3438 -0.3471 -0.2820 -0.1199 0.2240 -0.0012 -0.3627 -0.3297 -0.2504 0.0785 0.1559 -0.2000 -0.3589 -0.3086 -0.1966 0.2680 0.0935 -0.3341 -0.3495 -0.2872 -0.1407 0.2425 0.0336 -0.3617 -0.3381 -0.2700 -0.0726 0.2036 -0.0306 -0.3624 -0.3297 -0.2566 0.0080 0.1809 -0.0951 -0.3442
-0.0902 0.1886 -0.0217 -0.2618 -0.3319 -0.3627 -0.0160 0.2094 -0.0839 -0.2716 -0.3390 -0.3613 0.0351 0.2425 -0.1394 -0.2864 -0.3489 -0.3379 0.0891 0.2697 -0.1919 -0.3065 -0.3582 -0.2218 0.1486 0.1153 -0.2442 -0.3275 -0.3624 -0.0161 0.2164 -0.1086 -0.2792 -0.3454 -0.3492 0.0767 0.2695 -0.1836 -0.3035 -0.3573 -0.2434 0.1416 0.1464 -0.2391 -0.3257 -0.3622 -0.0289 0.2103 -0.0953 -0.2726 -0.3203 -0.2726 -0.0953 0.2103 -0.0289 -0.3622 -0.3257 -0.2391 0.1464 0.1416 -0.2434 -0.3573 -0.3035 -0.1836 0.2695 0.0767 -0.3492 -0.3454 -0.2792 -0.1086 0.2164 -0.0161 -0.3624 -0.3275 -0.2442 0.1153 0.1486 -0.2218 -0.3582 -0.3065 -0.1919 0.2697 0.0891 -0.3379 -0.3489 -0.2864 -0.1394 0.2425 0.0351 -0.3613 -0.3390 -0.2716 -0.0839 0.2094 -0.0160 -0.3627 -0.3319 -0.2618 -0.0217 0.1886 -0.0902
0.1921 -0.0466 -0.2652 -0.3341 -0.3629 -0.0016 0.2163 -0.0961 -0.2738 -0.3403 -0.3605 0.0392 0.2445 -0.1407 -0.2864 -0.3487 -0.3397 0.0864 0.2701 -0.1882 -0.3048 -0.3575 -0.2396 0.1421 0.1477 -0.2385 -0.3253 -0.3622 -0.0327 0.2089 -0.0957 -0.2764 -0.3437 -0.3535 0.0689 0.2670 -0.1769 -0.3009 -0.3563 -0.2637 0.1340 0.1798 -0.2328 -0.3233 -0.3619 -0.0481 0.2030 -0.0837 -0.2734 -0.3442 -0.3772 -0.3442 -0.2734 -0.0837 0.2030 -0.0481 -0.3619 -0.3233 -0.2328 0.1798 0.1340 -0.2637 -0.3563 -0.3009 -0.1769 0.2670 0.0689 -0.3535 -0.3437 -0.2764 -0.0957 0.2089 -0.0327 -0.3622 -0.3253 -0.2385 0.1477 0.1421 -0.2396 -0.3575 -0.3048 -0.1882 0.2701 0.0864 -0.3397 -0.3487 -0.2864 -0.1407 0.2445 0.0392 -0.3605 -0.3403 -0.2738 -0.0961 0.2163 -0.0016 -0.3629 -0.3341 -0.2652 -0.0466 0.1921
-0.0638 -0.2682 -0.3362 -0.3628 0.0116 0.2238 -0.1083 -0.2763 -0.3419 -0.3591 0.0454 0.2481 -0.1442 -0.2872 -0.3489 -0.3397 0.0854 0.2701 -0.1858 -0.3036 -0.3570 -0.2532 0.1367 0.1734 -0.2333 -0.3233 -0.3619 -0.0507 0.2018 -0.0813 -0.2735 -0.3418 -0.3568 0.0607 0.2630 -0.1699 -0.2982 -0.3552 -0.2813 0.1266 0.2073 -0.2265 -0.3209 -0.3616 -0.0700 0.1957 -0.0672 -0.2711 -0.3405 -0.3643 -0.1531 -0.3643 -0.3405 -0.2711 -0.0672 0.1957 -0.0700 -0.3616 -0.3209 -0.2265 0.2073 0.1266 -0.2813 -0.3552 -0.2982 -0.1699 0.2630 0.0607 -0.3568 -0.3418 -0.2735 -0.0813 0.2018 -0.0507 -0.3619 -0.3233 -0.2333 0.1734 0.1367 -0.2532 -0.3570 -0.3036 -0.1858 0.2701 0.0854 -0.3397 -0.3489 -0.2872 -0.1442 0.2481 0.0454 -0.3591 -0.3419 -0.2763 -0.1083 0.2238 0.0116 -0.3628 -0.3362 -0.2682 -0.0638
-0.2455 -0.3383 -0.3621 0.0237 0.2314 -0.1196 -0.2791 -0.3436 -0.3568 0.0527 0.2528 -0.1494 -0.2886 -0.3495 -0.3379 0.0864 0.2701 -0.1850 -0.3029 -0.3566 -0.2622 0.1326 0.1920 -0.2290 -0.3214 -0.3616 -0.0693 0.1954 -0.0654 -0.2708 -0.3400 -0.3593 0.0521 0.2578 -0.1627 -0.2955 -0.3541 -0.2966 0.1194 0.2289 -0.2204 -0.3184 -0.3612 -0.0941 0.1885 -0.0471 -0.2682 -0.3384 -0.3611 0.0298 0.1521 0.0298 -0.3611 -0.3384 -0.2682 -0.0471 0.1885 -0.0941 -0.3612 -0.3184 -0.2204 0.2289 0.1194 -0.2966 -0.3541 -0.2955 -0.1627 0.2578 0.0521 -0.3593 -0.3400 -0.2708 -0.0654 0.1954 -0.0693 -0.3616 -0.3214 -0.2290 0.1920 0.1326 -0.2622 -0.3566 -0.3029 -0.1850 0.2701 0.0864 -0.3379 -0.3495 -0.2886 -0.1494 0.2528 0.0527 -0.3568 -0.3436 -0.2791 -0.1196 0.2314 0.0237 -0.3621 -0.3383 -0.2455
-0.3181 -0.3609 0.0347 0.2390 -0.1300 -0.2819 -0.3453 -0.3536 0.0606 0.2580 -0.1557 -0.2905 -0.3504 -0.3341 0.0891 0.2701 -0.1858 -0.3029 -0.3565 -0.2667 0.1300 0.2039 -0.2256 -0.3199 -0.3613 -0.0871 0.1897 -0.0484 -0.2682 -0.3381 -0.3610 0.0432 0.2519 -0.1550 -0.2927 -0.3528 -0.3098 0.1122 0.2453 -0.2143 -0.3160 -0.3607 -0.1201 0.1814 -0.0230 -0.2653 -0.3363 -0.3621 0.0320 0.2305 0.1184 0.2305 0.0320 -0.3621 -0.3363 -0.2653 -0.0230 0.1814 -0.1201 -0.3607 -0.3160 -0.2143 0.2453 0.1122 -0.3098 -0.3528 -0.2927 -0.1550 0.2519 0.0432 -0.3610 -0.3381 -0.2682 -0.0484 0.1897 -0.0871 -0.3613 -0.3199 -0.2256 0.2039 0.1300 -0.2667 -0.3565 -0.3029 -0.1858 0.2701 0.0891 -0.3341 -0.3504 -0.2905 -0.1557 0.2580 0.0606 -0.3536 -0.3453 -0.2819 -0.1300 0.2390 0.0347 -0.3609 -0.3181
-0.3467 0.0449 0.2463 -0.1396 -0.2848 -0.3470 -0.3494 0.0686 0.2628 -0.1626 -0.2928 -0.3516 -0.3283 0.0935 0.2697 -0.1882 -0.3036 -0.3566 -0.2667 0.1291 0.2098 -0.2236 -0.3189 -0.3611 -0.1025 0.1848 -0.0311 -0.2659 -0.3364 -0.3621 0.0341 0.2456 -0.1472 -0.2900 -0.3514 -0.3209 0.1051 0.2570 -0.2081 -0.3135 -0.3602 -0.1471 0.1732 0.0058 -0.2621 -0.3342 -0.3627 0.0236 0.2373 -0.1237 -0.2437 -0.1237 0.2373 0.0236 -0.3627 -0.3342 -0.2621 0.0058 0.1732 -0.1471 -0.3602 -0.3135 -0.2081 0.2570 0.1051 -0.3209 -0.3514 -0.2900 -0.1472 0.2456 0.0341 -0.3621 -0.3364 -0.2659 -0.0311 0.1848 -0.1025 -0.3611 -0.3189 -0.2236 0.2098 0.1291 -0.2667 -0.3566 -0.3036 -0.1882 0.2697 0.0935 -0.3283 -0.3516 -0.2928 -0.1626 0.2628 0.0686 -0.3494 -0.3470 -0.2848 -0.1396 0.2463 0.0449 -0.3467
0.0456 0.2531 -0.1484 -0.2877 -0.3487 -0.3440 0.0765 0.2669 -0.1696 -0.2954 -0.3528 -0.3203 0.0990 0.2680 -0.1919 -0.3048 -0.3570 -0.2622 0.1300 0.2098 -0.2228 -0.3183 -0.3609 -0.1137 0.1812 -0.0154 -0.2639 -0.3349 -0.3626 0.0253 0.2394 -0.1394 -0.2874 -0.3500 -0.3302 0.0980 0.2646 -0.2019 -0.3109 -0.3596 -0.1742 0.1644 0.0397 -0.2571 -0.3320 -0.3629 0.0123 0.2314 -0.1277 -0.2808 -0.3280 -0.2808 -0.1277 0.2314 0.0123 -0.3629 -0.3320 -0.2571 0.0397 0.1644 -0.1742 -0.3596 -0.3109 -0.2019 0.2646 0.0980 -0.3302 -0.3500 -0.2874 -0.1394 0.2394 0.0253 -0.3626 -0.3349 -0.2639 -0.0154 0.1812 -0.1137 -0.3609 -0.3183 -0.2228 0.2098 0.1300 -0.2622 -0.3570 -0.3048 -0.1919 0.2680 0.0990 -0.3203 -0.3528 -0.2954 -0.1696 0.2669 0.0765 -0.3440 -0.3487 -0.2877 -0.1484 0.2531 0.0456
0.2538 -0.1566 -0.2905 -0.3503 -0.3371 0.0842 0.2695 -0.1766 -0.2981 -0.3540 -0.3100 0.1052 0.2641 -0.1966 -0.3065 -0.3575 -0.2532 0.1326 0.2039 -0.2236 -0.3183 -0.3608 -0.1197 0.1789 -0.0032 -0.2624 -0.3336 -0.3629 0.0171 0.2337 -0.1317 -0.2850 -0.3487 -0.3375 0.0910 0.2687 -0.1957 -0.3084 -0.3589 -0.2003 0.1561 0.0774 -0.2506 -0.3298 -0.3627 -0.0007 0.2242 -0.1197 -0.2814 -0.3501 -0.3792 -0.3501 -0.2814 -0.1197 0.2242 -0.0007 -0.3627 -0.3298 -0.2506 0.0774 0.1561 -0.2003 -0.3589 -0.3084 -0.1957 0.2687 0.0910 -0.3375 -0.3487 -0.2850 -0.1317 0.2337 0.0171 -0.3629 -0.3336 -0.2624 -0.0032 0.1789 -0.1197 -0.3608 -0.3183 -0.2236 0.2039 0.1326 -0.2532 -0.3575 -0.3065 -0.1966 0.2641 0.1052 -0.3100 -0.3540 -0.2981 -0.1766 0.2695 0.0842 -0.3371 -0.3503 -0.2905 -0.1566 0.2538
-0.1550 -0.2934 -0.3517 -0.3288 0.0918 0.2701 -0.1834 -0.3008 -0.3552 -0.2972 0.1120 0.2571 -0.2021 -0.3086 -0.3582 -0.2396 0.1367 0.1920 -0.2256 -0.3189 -0.3609 -0.1197 0.1780 0.0037 -0.2613 -0.3327 -0.3629 0.0099 0.2288 -0.1246 -0.2829 -0.3474 -0.3433 0.0844 0.2701 -0.1896 -0.3058 -0.3580 -0.2245 0.1481 0.1161 -0.2443 -0.3276 -0.3624 -0.0155 0.2166 -0.1088 -0.2791 -0.3458 -0.3558 -0.0788 -0.3558 -0.3458 -0.2791 -0.1088 0.2166 -0.0155 -0.3624 -0.3276 -0.2443 0.1161 0.1481 -0.2245 -0.3580 -0.3058 -0.1896 0.2701 0.0844 -0.3433 -0.3474 -0.2829 -0.1246 0.2288 0.0099 -0.3629 -0.3327 -0.2613 0.0037 0.1780 -0.1197 -0.3609 -0.3189 -0.2256 0.1920 0.1367 -0.2396 -0.3582 -0.3086 -0.2021 0.2571 0.1120 -0.2972 -0.3552 -0.3008 -0.1834 0.2701 0.0918 -0.3288 -0.3517 -0.2934 -0.1550
-0.2716 -0.3531 -0.3187 0.0993 0.2683 -0.1902 -0.3035 -0.3563 -0.2820 0.1191 0.2458 -0.2079 -0.3109 -0.3589 -0.2218 0.1421 0.1734 -0.2290 -0.3199 -0.3611 -0.1137 0.1789 0.0037 -0.2608 -0.3322 -0.3629 0.0046 0.2250 -0.1186 -0.2810 -0.3462 -0.3476 0.0783 0.2697 -0.1837 -0.3034 -0.3572 -0.2459 0.1405 0.1523 -0.2380 -0.3253 -0.3622 -0.0324 0.2091 -0.0962 -0.2764 -0.3437 -0.3543 0.0561 0.1742 0.0561 -0.3543 -0.3437 -0.2764 -0.0962 0.2091 -0.0324 -0.3622 -0.3253 -0.2380 0.1523 0.1405 -0.2459 -0.3572 -0.3034 -0.1837 0.2697 0.0783 -0.3476 -0.3462 -0.2810 -0.1186 0.2250 0.0046 -0.3629 -0.3322 -0.2608 0.0037 0.1789 -0.1137 -0.3611 -0.3199 -0.2290 0.1734 0.1421 -0.2218 -0.3589 -0.3109 -0.2079 0.2458 0.1191 -0.2820 -0.3563 -0.3035 -0.1902 0.2683 0.0993 -0.3187 -0.3531 -0.2716
-0.3340 -0.3068 0.1067 0.2634 -0.1967 -0.3062 -0.3573 -0.2642 0.1264 0.2297 -0.2140 -0.3134 -0.3595 -0.2000 0.1486 0.1477 -0.2333 -0.3214 -0.3613 -0.1025 0.1812 -0.0032 -0.2613 -0.3322 -0.3628 0.0017 0.2226 -0.1141 -0.2797 -0.3452 -0.3507 0.0729 0.2680 -0.1784 -0.3012 -0.3563 -0.2641 0.1335 0.1831 -0.2319 -0.3229 -0.3619 -0.0517 0.2018 -0.0815 -0.2736 -0.3419 -0.3569 0.0584 0.2536 0.0127 0.2536 0.0584 -0.3569 -0.3419 -0.2736 -0.0815 0.2018 -0.0517 -0.3619 -0.3229 -0.2319 0.1831 0.1335 -0.2641 -0.3563 -0.3012 -0.1784 0.2680 0.0729 -0.3507 -0.3452 -0.2797 -0.1141 0.2226 0.0017 -0.3628 -0.3322 -0.2613 -0.0032 0.1812 -0.1025 -0.3613 -0.3214 -0.2333 0.1477 0.1486 -0.2000 -0.3595 -0.3134 -0.2140 0.2297 0.1264 -0.2642 -0.3573 -0.3062 -0.1967 0.2634 0.1067 -0.3068 -0.3340
-0.2954 0.1142 0.2547 -0.2032 -0.3089 -0.3582 -0.2436 0.1338 0.2080 -0.2201 -0.3159 -0.3602 -0.1750 0.1559 0.1153 -0.2385 -0.3233 -0.3616 -0.0871 0.1848 -0.0154 -0.2624 -0.3327 -0.3629 0.0017 0.2218 -0.1116 -0.2788 -0.3445 -0.3527 0.0685 0.2660 -0.1736 -0.2992 -0.3555 -0.2790 0.1270 0.2075 -0.2262 -0.3206 -0.3615 -0.0733 0.1946 -0.0643 -0.2707 -0.3400 -0.3593 0.0518 0.2564 -0.1501 -0.2575 -0.1501 0.2564 0.0518 -0.3593 -0.3400 -0.2707 -0.0643 0.1946 -0.0733 -0.3615 -0.3206 -0.2262 0.2075 0.1270 -0.2790 -0.3555 -0.2992 -0.1736 0.2660 0.0685 -0.3527 -0.3445 -0.2788 -0.1116 0.2218 0.0017 -0.3629 -0.3327 -0.2624 -0.0154 0.1848 -0.0871 -0.3616 -0.3233 -0.2385 0.1153 0.1559 -0.1750 -0.3602 -0.3159 -0.2201 0.2080 0.1338 -0.2436 -0.3582 -0.3089 -0.2032 0.2547 0.1142 -0.2954
0.1161 0.2416 -0.2096 -0.3115 -0.3590 -0.2204 0.1416 0.1803 -0.2264 -0.3184 -0.3607 -0.1482 0.1641 0.0785 -0.2442 -0.3253 -0.3619 -0.0693 0.1897 -0.0311 -0.2639 -0.3336 -0.3629 0.0046 0.2226 -0.1116 -0.2785 -0.3441 -0.3539 0.0653 0.2641 -0.1698 -0.2975 -0.3547 -0.2908 0.1213 0.2259 -0.2208 -0.3185 -0.3611 -0.0964 0.1877 -0.0442 -0.2678 -0.3380 -0.3611 0.0431 0.2516 -0.1531 -0.2892 -0.3358 -0.2892 -0.1531 0.2516 0.0431 -0.3611 -0.3380 -0.2678 -0.0442 0.1877 -0.0964 -0.3611 -0.3185 -0.2208 0.2259 0.1213 -0.2908 -0.3547 -0.2975 -0.1698 0.2641 0.0653 -0.3539 -0.3441 -0.2785 -0.1116 0.2226 0.0046 -0.3629 -0.3336 -0.2639 -0.0311 0.1897 -0.0693 -0.3619 -0.3253 -0.2442 0.0785 0.1641 -0.1482 -0.3607 -0.3184 -0.2264 0.1803 0.1416 -0.2204 -0.3590 -0.3115 -0.2096 0.2416 0.1161
0.2163 -0.2159 -0.3141 -0.3597 -0.1950 0.1495 0.1467 -0.2327 -0.3208 -0.3612 -0.1211 0.1728 0.0411 -0.2504 -0.3275 -0.3622 -0.0507 0.1954 -0.0484 -0.2659 -0.3349 -0.3629 0.0099 0.2250 -0.1141 -0.2788 -0.3441 -0.3543 0.0636 0.2628 -0.1670 -0.2962 -0.3540 -0.2997 0.1165 0.2390 -0.2160 -0.3164 -0.3607 -0.1197 0.1811 -0.0209 -0.2650 -0.3360 -0.3622 0.0333 0.2452 -0.1467 -0.2895 -0.3557 -0.3797 -0.3557 -0.2895 -0.1467 0.2452 0.0333 -0.3622 -0.3360 -0.2650 -0.0209 0.1811 -0.1197 -0.3607 -0.3164 -0.2160 0.2390 0.1165 -0.2997 -0.3540 -0.2962 -0.1670 0.2628 0.0636 -0.3543 -0.3441 -0.2788 -0.1141 0.2250 0.0099 -0.3629 -0.3349 -0.2659 -0.0484 0.1954 -0.0507 -0.3622 -0.3275 -0.2504 0.0411 0.1728 -0.1211 -0.3612 -0.3208 -0.2327 0.1467 0.1495 -0.1950 -0.3597 -0.3141 -0.2159 0.2163
-0.2044 -0.3167 -0.3603 -0.1678 0.1578 0.1085 -0.2391 -0.3233 -0.3616 -0.0949 0.1811 0.0071 -0.2568 -0.3297 -0.3624 -0.0327 0.2018 -0.0654 -0.2682 -0.3364 -0.3626 0.0171 0.2288 -0.1186 -0.2797 -0.3445 -0.3539 0.0636 0.2623 -0.1655 -0.2954 -0.3535 -0.3058 0.1126 0.2478 -0.2119 -0.3146 -0.3603 -0.1418 0.1741 0.0050 -0.2621 -0.3340 -0.3628 0.0228 0.2382 -0.1384 -0.2872 -0.3505 -0.3403 -0.0217 -0.3403 -0.3505 -0.2872 -0.1384 0.2382 0.0228 -0.3628 -0.3340 -0.2621 0.0050 0.1741 -0.1418 -0.3603 -0.3146 -0.2119 0.2478 0.1126 -0.3058 -0.3535 -0.2954 -0.1655 0.2623 0.0636 -0.3539 -0.3445 -0.2797 -0.1186 0.2288 0.0171 -0.3626 -0.3364 -0.2682 -0.0654 0.2018 -0.0327 -0.3624 -0.3297 -0.2568 0.0071 0.1811 -0.0949 -0.3616 -0.3233 -0.2391 0.1085 0.1578 -0.1678 -0.3603 -0.3167 -0.2044
-0.2956 -0.3609 -0.1398 0.1665 0.0687 -0.2456 -0.3257 -0.3619 -0.0702 0.1884 -0.0222 -0.2619 -0.3320 -0.3627 -0.0161 0.2089 -0.0813 -0.2708 -0.3381 -0.3621 0.0253 0.2337 -0.1246 -0.2810 -0.3452 -0.3527 0.0653 0.2628 -0.1655 -0.2952 -0.3533 -0.3094 0.1099 0.2533 -0.2086 -0.3131 -0.3599 -0.1614 0.1673 0.0321 -0.2579 -0.3321 -0.3629 0.0116 0.2311 -0.1292 -0.2845 -0.3486 -0.3397 0.0784 0.1952 0.0784 -0.3397 -0.3486 -0.2845 -0.1292 0.2311 0.0116 -0.3629 -0.3321 -0.2579 0.0321 0.1673 -0.1614 -0.3599 -0.3131 -0.2086 0.2533 0.1099 -0.3094 -0.3533 -0.2952 -0.1655 0.2628 0.0653 -0.3527 -0.3452 -0.2810 -0.1246 0.2337 0.0253 -0.3621 -0.3381 -0.2708 -0.0813 0.2089 -0.0161 -0.3627 -0.3320 -0.2619 -0.0222 0.1884 -0.0702 -0.3619 -0.3257 -0.2456 0.0687 0.1665 -0.1398 -0.3609 -0.2956
-0.3437 -0.1121 0.1755 0.0305 -0.2521 -0.3281 -0.3622 -0.0481 0.1957 -0.0468 -0.2652 -0.3341 -0.3629 -0.0012 0.2164 -0.0957 -0.2735 -0.3400 -0.3610 0.0341 0.2394 -0.1317 -0.2829 -0.3462 -0.3507 0.0685 0.2641 -0.1670 -0.2954 -0.3533 -0.3105 0.1086 0.2562 -0.2063 -0.3119 -0.3596 -0.1773 0.1617 0.0582 -0.2529 -0.3303 -0.3627 0.0000 0.2242 -0.1196 -0.2818 -0.3469 -0.3447 0.0811 0.2682 -0.0619 0.2682 0.0811 -0.3447 -0.3469 -0.2818 -0.1196 0.2242 0.0000 -0.3627 -0.3303 -0.2529 0.0582 0.1617 -0.1773 -0.3596 -0.3119 -0.2063 0.2562 0.1086 -0.3105 -0.3533 -0.2954 -0.1670 0.2641 0.0685 -0.3507 -0.3462 -0.2829 -0.1317 0.2394 0.0341 -0.3610 -0.3400 -0.2735 -0.0957 0.2164 -0.0012 -0.3629 -0.3341 -0.2652 -0.0468 0.1957 -0.0481 -0.3622 -0.3281 -0.2521 0.0305 0.1755 -0.1121 -0.3437
-0.1065 0.1840 -0.0030 -0.2586 -0.3304 -0.3625 -0.0288 0.2031 -0.0673 -0.2682 -0.3362 -0.3627 0.0120 0.2240 -0.1086 -0.2764 -0.3418 -0.3593 0.0432 0.2456 -0.1394 -0.2850 -0.3474 -0.3476 0.0729 0.2660 -0.1698 -0.2962 -0.3535 -0.3094 0.1086 0.2572 -0.2052 -0.3112 -0.3593 -0.1889 0.1574 0.0808 -0.2487 -0.3287 -0.3625 -0.0116 0.2178 -0.1098 -0.2793 -0.3453 -0.3495 0.0756 0.2688 -0.1719 -0.2670 -0.1719 0.2688 0.0756 -0.3495 -0.3453 -0.2793 -0.1098 0.2178 -0.0116 -0.3625 -0.3287 -0.2487 0.0808 0.1574 -0.1889 -0.3593 -0.3112 -0.2052 0.2572 0.1086 -0.3094 -0.3535 -0.2962 -0.1698 0.2660 0.0729 -0.3476 -0.3474 -0.2850 -0.1394 0.2456 0.0432 -0.3593 -0.3418 -0.2764 -0.1086 0.2240 0.0120 -0.3627 -0.3362 -0.2682 -0.0673 0.2031 -0.0288 -0.3625 -0.3304 -0.2586 -0.0030 0.1840 -0.1065
0.1873 -0.0312 -0.2633 -0.3326 -0.3628 -0.0119 0.2107 -0.0845 -0.2712 -0.3383 -0.3621 0.0238 0.2316 -0.1199 -0.2792 -0.3437 -0.3568 0.0521 0.2519 -0.1472 -0.2874 -0.3487 -0.3433 0.0783 0.2680 -0.1736 -0.2975 -0.3540 -0.3058 0.1099 0.2562 -0.2052 -0.3110 -0.3592 -0.1960 0.1545 0.0975 -0.2455 -0.3274 -0.3623 -0.0228 0.2121 -0.0999 -0.2769 -0.3438 -0.3534 0.0687 0.2666 -0.1745 -0.2974 -0.3433 -0.2974 -0.1745 0.2666 0.0687 -0.3534 -0.3438 -0.2769 -0.0999 0.2121 -0.0228 -0.3623 -0.3274 -0.2455 0.0975 0.1545 -0.1960 -0.3592 -0.3110 -0.2052 0.2562 0.1099 -0.3058 -0.3540 -0.2975 -0.1736 0.2680 0.0783 -0.3433 -0.3487 -0.2874 -0.1472 0.2519 0.0521 -0.3568 -0.3437 -0.2792 -0.1199 0.2316 0.0238 -0.3621 -0.3383 -0.2712 -0.0845 0.2107 -0.0119 -0.3628 -0.3326 -0.2633 -0.0312 0.1873
-0.0516 -0.2663 -0.3348 -0.3629 0.0029 0.2185 -0.0992 -0.2742 -0.3403 -0.3608 0.0347 0.2391 -0.1302 -0.2820 -0.3454 -0.3535 0.0607 0.2578 -0.1550 -0.2900 -0.3500 -0.3375 0.0844 0.2697 -0.1784 -0.2992 -0.3547 -0.2997 0.1126 0.2533 -0.2063 -0.3112 -0.3592 -0.1985 0.1530 0.1079 -0.2433 -0.3264 -0.3622 -0.0329 0.2074 -0.0903 -0.2748 -0.3424 -0.3562 0.0618 0.2632 -0.1695 -0.2975 -0.3605 -0.3781 -0.3605 -0.2975 -0.1695 0.2632 0.0618 -0.3562 -0.3424 -0.2748 -0.0903 0.2074 -0.0329 -0.3622 -0.3264 -0.2433 0.1079 0.1530 -0.1985 -0.3592 -0.3112 -0.2063 0.2533 0.1126 -0.2997 -0.3547 -0.2992 -0.1784 0.2697 0.0844 -0.3375 -0.3500 -0.2900 -0.1550 0.2578 0.0607 -0.3535 -0.3454 -0.2820 -0.1302 0.2391 0.0347 -0.3608 -0.3403 -0.2742 -0.0992 0.2185 0.0029 -0.3629 -0.3348 -0.2663 -0.0516
-0.2435 -0.3370 -0.3626 0.0160 0.2264 -0.1120 -0.2771 -0.3423 -0.3589 0.0448 0.2463 -0.1397 -0.2849 -0.3471 -0.3492 0.0689 0.2630 -0.1627 -0.2927 -0.3514 -0.3302 0.0910 0.2701 -0.1837 -0.3012 -0.3555 -0.2908 0.1165 0.2478 -0.2086 -0.3119 -0.3593 -0.1960 0.1530 0.1116 -0.2421 -0.3258 -0.3621 -0.0409 0.2036 -0.0816 -0.2730 -0.3411 -0.3583 0.0551 0.2591 -0.1636 -0.2955 -0.3547 -0.3143 0.0181 -0.3143 -0.3547 -0.2955 -0.1636 0.2591 0.0551 -0.3583 -0.3411 -0.2730 -0.0816 0.2036 -0.0409 -0.3621 -0.3258 -0.2421 0.1116 0.1530 -0.1960 -0.3593 -0.3119 -0.2086 0.2478 0.1165 -0.2908 -0.3555 -0.3012 -0.1837 0.2701 0.0910 -0.3302 -0.3514 -0.2927 -0.1627 0.2630 0.0689 -0.3492 -0.3471 -0.2849 -0.1397 0.2463 0.0448 -0.3589 -0.3423 -0.2771 -0.1120 0.2264 0.0160 -0.3626 -0.3370 -0.2435
-0.3167 -0.3618 0.0278 0.2342 -0.1233 -0.2800 -0.3441 -0.3561 0.0541 0.2531 -0.1485 -0.2877 -0.3487 -0.3438 0.0767 0.2670 -0.1699 -0.2955 -0.3528 -0.3209 0.0980 0.2687 -0.1896 -0.3034 -0.3563 -0.2790 0.1213 0.2390 -0.2119 -0.3131 -0.3596 -0.1889 0.1545 0.1079 -0.2421 -0.3256 -0.3620 -0.0461 0.2011 -0.0746 -0.2715 -0.3400 -0.3597 0.0490 0.2549 -0.1578 -0.2934 -0.3531 -0.3119 0.0996 0.2178 0.0996 -0.3119 -0.3531 -0.2934 -0.1578 0.2549 0.0490 -0.3597 -0.3400 -0.2715 -0.0746 0.2011 -0.0461 -0.3620 -0.3256 -0.2421 0.1079 0.1545 -0.1889 -0.3596 -0.3131 -0.2119 0.2390 0.1213 -0.2790 -0.3563 -0.3034 -0.1896 0.2687 0.0980 -0.3209 -0.3528 -0.2955 -0.1699 0.2670 0.0767 -0.3438 -0.3487 -0.2877 -0.1485 0.2531 0.0541 -0.3561 -0.3441 -0.2800 -0.1233 0.2342 0.0278 -0.3618 -0.3167
-0.3474 0.0385 0.2417 -0.1335 -0.2830 -0.3459 -0.3524 0.0629 0.2592 -0.1567 -0.2906 -0.3503 -0.3370 0.0843 0.2695 -0.1769 -0.2982 -0.3541 -0.3098 0.1051 0.2646 -0.1957 -0.3058 -0.3572 -0.2641 0.1270 0.2259 -0.2160 -0.3146 -0.3599 -0.1773 0.1574 0.0975 -0.2433 -0.3258 -0.3620 -0.0479 0.1998 -0.0700 -0.2705 -0.3392 -0.3606 0.0438 0.2509 -0.1524 -0.2914 -0.3519 -0.3188 0.1038 0.2685 -0.1107 0.2685 0.1038 -0.3188 -0.3519 -0.2914 -0.1524 0.2509 0.0438 -0.3606 -0.3392 -0.2705 -0.0700 0.1998 -0.0479 -0.3620 -0.3258 -0.2433 0.0975 0.1574 -0.1773 -0.3599 -0.3146 -0.2160 0.2259 0.1270 -0.2641 -0.3572 -0.3058 -0.1957 0.2646 0.1051 -0.3098 -0.3541 -0.2982 -0.1769 0.2695 0.0843 -0.3370 -0.3503 -0.2906 -0.1567 0.2592 0.0629 -0.3524 -0.3459 -0.2830 -0.1335 0.2417 0.0385 -0.3474
0.0392 0.2488 -0.1428 -0.2858 -0.3476 -0.3476 0.0712 0.2642 -0.1645 -0.2934 -0.3517 -0.3287 0.0918 0.2701 -0.1836 -0.3009 -0.3552 -0.2966 0.1122 0.2570 -0.2019 -0.3084 -0.3580 -0.2459 0.1335 0.2075 -0.2208 -0.3164 -0.3603 -0.1614 0.1617 0.0808 -0.2455 -0.3264 -0.3621 -0.0461 0.1998 -0.0684 -0.2701 -0.3387 -0.3611 0.0398 0.2477 -0.1478 -0.2897 -0.3510 -0.3256 0.1002 0.2648 -0.1933 -0.2766 -0.1933 0.2648 0.1002 -0.3256 -0.3510 -0.2897 -0.1478 0.2477 0.0398 -0.3611 -0.3387 -0.2701 -0.0684 0.1998 -0.0461 -0.3621 -0.3264 -0.2455 0.0808 0.1617 -0.1614 -0.3603 -0.3164 -0.2208 0.2075 0.1335 -0.2459 -0.3580 -0.3084 -0.2019 0.2570 0.1122 -0.2966 -0.3552 -0.3009 -0.1836 0.2701 0.0918 -0.3287 -0.3517 -0.2934 -0.1645 0.2642 0.0712 -0.3476 -0.3476 -0.2858 -0.1428 0.2488 0.0392
0.2502 -0.1514 -0.2887 -0.3493 -0.3417 0.0792 0.2679 -0.1719 -0.2962 -0.3531 -0.3187 0.0993 0.2683 -0.1902 -0.3035 -0.3563 -0.2813 0.1194 0.2453 -0.2081 -0.3109 -0.3589 -0.2245 0.1405 0.1831 -0.2262 -0.3185 -0.3607 -0.1418 0.1673 0.0582 -0.2487 -0.3274 -0.3622 -0.0409 0.2011 -0.0700 -0.2701 -0.3385 -0.3614 0.0372 0.2454 -0.1443 -0.2883 -0.3502 -0.3310 0.0958 0.2671 -0.1966 -0.3067 -0.3512 -0.3067 -0.1966 0.2671 0.0958 -0.3310 -0.3502 -0.2883 -0.1443 0.2454 0.0372 -0.3614 -0.3385 -0.2701 -0.0700 0.2011 -0.0409 -0.3622 -0.3274 -0.2487 0.0582 0.1673 -0.1418 -0.3607 -0.3185 -0.2262 0.1831 0.1405 -0.2245 -0.3589 -0.3109 -0.2081 0.2453 0.1194 -0.2813 -0.3563 -0.3035 -0.1902 0.2683 0.0993 -0.3187 -0.3531 -0.2962 -0.1719 0.2679 0.0792 -0.3417 -0.3493 -0.2887 -0.1514 0.2502
-0.1506 -0.2916 -0.3508 -0.3343 0.0869 0.2699 -0.1790 -0.2990 -0.3544 -0.3067 0.1067 0.2633 -0.1967 -0.3062 -0.3573 -0.2637 0.1266 0.2289 -0.2143 -0.3135 -0.3596 -0.2003 0.1481 0.1523 -0.2319 -0.3206 -0.3611 -0.1197 0.1741 0.0321 -0.2529 -0.3287 -0.3623 -0.0329 0.2036 -0.0746 -0.2705 -0.3387 -0.3614 0.0363 0.2442 -0.1421 -0.2874 -0.3496 -0.3350 0.0919 0.2690 -0.1937 -0.3068 -0.3650 -0.3703 -0.3650 -0.3068 -0.1937 0.2690 0.0919 -0.3350 -0.3496 -0.2874 -0.1421 0.2442 0.0363 -0.3614 -0.3387 -0.2705 -0.0746 0.2036 -0.0329 -0.3623 -0.3287 -0.2529 0.0321 0.1741 -0.1197 -0.3611 -0.3206 -0.2319 0.1523 0.1481 -0.2003 -0.3596 -0.3135 -0.2143 0.2289 0.1266 -0.2637 -0.3573 -0.3062 -0.1967 0.2633 0.1067 -0.3067 -0.3544 -0.2990 -0.1790 0.2699 0.0869 -0.3343 -0.3508 -0.2916 -0.1506
-0.2697 -0.3523 -0.3254 0.0945 0.2698 -0.1858 -0.3017 -0.3556 -0.2926 0.1141 0.2546 -0.2032 -0.3089 -0.3582 -0.2434 0.1340 0.2073 -0.2204 -0.3160 -0.3602 -0.1742 0.1561 0.1161 -0.2380 -0.3229 -0.3615 -0.0964 0.1811 0.0050 -0.2579 -0.3303 -0.3625 -0.0228 0.2074 -0.0816 -0.2715 -0.3392 -0.3611 0.0372 0.2442 -0.1414 -0.2869 -0.3492 -0.3375 0.0888 0.2698 -0.1904 -0.3056 -0.3586 -0.2616 0.0517 -0.2616 -0.3586 -0.3056 -0.1904 0.2698 0.0888 -0.3375 -0.3492 -0.2869 -0.1414 0.2442 0.0372 -0.3611 -0.3392 -0.2715 -0.0816 0.2074 -0.0228 -0.3625 -0.3303 -0.2579 0.0050 0.1811 -0.0964 -0.3615 -0.3229 -0.2380 0.1161 0.1561 -0.1742 -0.3602 -0.3160 -0.2204 0.2073 0.1340 -0.2434 -0.3582 -0.3089 -0.2032 0.2546 0.1141 -0.2926 -0.3556 -0.3017 -0.1858 0.2698 0.0945 -0.3254 -0.3523 -0.2697
-0.3331 -0.3148 0.1019 0.2669 -0.1925 -0.3044 -0.3566 -0.2761 0.1215 0.2414 -0.2096 -0.3115 -0.3590 -0.2203 0.1416 0.1798 -0.2265 -0.3184 -0.3607 -0.1471 0.1644 0.0774 -0.2443 -0.3253 -0.3619 -0.0733 0.1877 -0.0209 -0.2621 -0.3321 -0.3627 -0.0116 0.2121 -0.0903 -0.2730 -0.3400 -0.3606 0.0398 0.2454 -0.1421 -0.2869 -0.3490 -0.3387 0.0870 0.2701 -0.1878 -0.3044 -0.3574 -0.2518 0.1247 0.2439 0.1247 -0.2518 -0.3574 -0.3044 -0.1878 0.2701 0.0870 -0.3387 -0.3490 -0.2869 -0.1421 0.2454 0.0398 -0.3606 -0.3400 -0.2730 -0.0903 0.2121 -0.0116 -0.3627 -0.3321 -0.2621 -0.0209 0.1877 -0.0733 -0.3619 -0.3253 -0.2443 0.0774 0.1644 -0.1471 -0.3607 -0.3184 -0.2265 0.1798 0.1416 -0.2203 -0.3590 -0.3115 -0.2096 0.2414 0.1215 -0.2761 -0.3566 -0.3044 -0.1925 0.2669 0.1019 -0.3148 -0.3331
-0.3030 0.1095 0.2607 -0.1990 -0.3071 -0.3576 -0.2571 0.1290 0.2230 -0.2160 -0.3141 -0.3597 -0.1948 0.1496 0.1464 -0.2328 -0.3209 -0.3612 -0.1201 0.1732 0.0397 -0.2506 -0.3276 -0.3622 -0.0517 0.1946 -0.0442 -0.2650 -0.3340 -0.3629 0.0000 0.2178 -0.0999 -0.2748 -0.3411 -0.3597 0.0438 0.2477 -0.1443 -0.2874 -0.3492 -0.3387 0.0863 0.2702 -0.1861 -0.3035 -0.3569 -0.2574 0.1321 0.2262 -0.1520 0.2262 0.1321 -0.2574 -0.3569 -0.3035 -0.1861 0.2702 0.0863 -0.3387 -0.3492 -0.2874 -0.1443 0.2477 0.0438 -0.3597 -0.3411 -0.2748 -0.0999 0.2178 0.0000 -0.3629 -0.3340 -0.2650 -0.0442 0.1946 -0.0517 -0.3622 -0.3276 -0.2506 0.0397 0.1732 -0.1201 -0.3612 -0.3209 -0.2328 0.1464 0.1496 -0.1948 -0.3597 -0.3141 -0.2160 0.2230 0.1290 -0.2571 -0.3576 -0.3071 -0.1990 0.2607 0.1095 -0.3030
0.1112 0.2505 -0.2055 -0.3098 -0.3585 -0.2355 0.1366 0.1989 -0.2223 -0.3167 -0.3603 -0.1676 0.1579 0.1083 -0.2391 -0.3233 -0.3616 -0.0941 0.1814 0.0058 -0.2571 -0.3298 -0.3624 -0.0324 0.2018 -0.0643 -0.2678 -0.3360 -0.3628 0.0116 0.2242 -0.1098 -0.2769 -0.3424 -0.3583 0.0490 0.2509 -0.1478 -0.2883 -0.3496 -0.3375 0.0870 0.2702 -0.1856 -0.3031 -0.3567 -0.2631 0.1313 0.2042 -0.2187 -0.2885 -0.2187 0.2042 0.1313 -0.2631 -0.3567 -0.3031 -0.1856 0.2702 0.0870 -0.3375 -0.3496 -0.2883 -0.1478 0.2509 0.0490 -0.3583 -0.3424 -0.2769 -0.1098 0.2242 0.0116 -0.3628 -0.3360 -0.2678 -0.0643 0.2018 -0.0324 -0.3624 -0.3298 -0.2571 0.0058 0.1814 -0.0941 -0.3616 -0.3233 -0.2391 0.1083 0.1579 -0.1676 -0.3603 -0.3167 -0.2223 0.1989 0.1366 -0.2355 -0.3585 -0.3098 -0.2055 0.2505 0.1112
0.2285 -0.2118 -0.3124 -0.3593 -0.2116 0.1444 0.1689 -0.2286 -0.3192 -0.3609 -0.1396 0.1666 0.0684 -0.2456 -0.3257 -0.3619 -0.0700 0.1885 -0.0230 -0.2621 -0.3320 -0.3627 -0.0155 0.2091 -0.0815 -0.2707 -0.3380 -0.3622 0.0228 0.2311 -0.1196 -0.2793 -0.3438 -0.3562 0.0551 0.2549 -0.1524 -0.2897 -0.3502 -0.3350 0.0888 0.2701 -0.1861 -0.3031 -0.3566 -0.2662 0.1298 0.2068 -0.2235 -0.3181 -0.3603 -0.3181 -0.2235 0.2068 0.1298 -0.2662 -0.3566 -0.3031 -0.1861 0.2701 0.0888 -0.3350 -0.3502 -0.2897 -0.1524 0.2549 0.0551 -0.3562 -0.3438 -0.2793 -0.1196 0.2311 0.0228 -0.3622 -0.3380 -0.2707 -0.0815 0.2091 -0.0155 -0.3627 -0.3320 -0.2621 -0.0230 0.1885 -0.0700 -0.3619 -0.3257 -0.2456 0.0684 0.1666 -0.1396 -0.3609 -0.3192 -0.2286 0.1689 0.1444 -0.2116 -0.3593 -0.3124 -0.2118 0.2285
-0.2011 -0.3151 -0.3600 -0.1854 0.1525 0.1335 -0.2350 -0.3217 -0.3613 -0.1120 0.1756 0.0304 -0.2522 -0.3281 -0.3622 -0.0481 0.1957 -0.0471 -0.2653 -0.3342 -0.3629 -0.0007 0.2166 -0.0962 -0.2736 -0.3400 -0.3611 0.0333 0.2382 -0.1292 -0.2818 -0.3453 -0.3534 0.0618 0.2591 -0.1578 -0.2914 -0.3510 -0.3310 0.0919 0.2698 -0.1878 -0.3035 -0.3567 -0.2662 0.1292 0.2100 -0.2231 -0.3185 -0.3686 -0.3450 -0.3686 -0.3185 -0.2231 0.2100 0.1292 -0.2662 -0.3567 -0.3035 -0.1878 0.2698 0.0919 -0.3310 -0.3510 -0.2914 -0.1578 0.2591 0.0618 -0.3534 -0.3453 -0.2818 -0.1292 0.2382 0.0333 -0.3611 -0.3400 -0.2736 -0.0962 0.2166 -0.0007 -0.3629 -0.3342 -0.2653 -0.0471 0.1957 -0.0481 -0.3622 -0.3281 -0.2522 0.0304 0.1756 -0.1120 -0.3613 -0.3217 -0.2350 0.1335 0.1525 -0.1854 -0.3600 -0.3151 -0.2011
-0.2939 -0.3606 -0.1580 0.1608 0.0946 -0.2414 -0.3242 -0.3617 -0.0861 0.1837 -0.0028 -0.2586 -0.3304 -0.3625 -0.0289 0.2030 -0.0672 -0.2682 -0.3363 -0.3627 0.0123 0.2242 -0.1088 -0.2764 -0.3419 -0.3593 0.0431 0.2452 -0.1384 -0.2845 -0.3469 -0.3495 0.0687 0.2632 -0.1636 -0.2934 -0.3519 -0.3256 0.0958 0.2690 -0.1904 -0.3044 -0.3569 -0.2631 0.1298 0.2100 -0.2227 -0.3182 -0.3616 -0.1525 0.0852 -0.1525 -0.3616 -0.3182 -0.2227 0.2100 0.1298 -0.2631 -0.3569 -0.3044 -0.1904 0.2690 0.0958 -0.3256 -0.3519 -0.2934 -0.1636 0.2632 0.0687 -0.3495 -0.3469 -0.2845 -0.1384 0.2452 0.0431 -0.3593 -0.3419 -0.2764 -0.1088 0.2242 0.0123 -0.3627 -0.3363 -0.2682 -0.0672 0.2030 -0.0289 -0.3625 -0.3304 -0.2586 -0.0028 0.1837 -0.0861 -0.3617 -0.3242 -0.2414 0.0946 0.1608 -0.1580 -0.3606 -0.2939
-0.3433 -0.1313 0.1689 0.0568 -0.2476 -0.3265 -0.3621 -0.0633 0.1905 -0.0298 -0.2631 -0.3326 -0.3627 -0.0127 0.2103 -0.0837 -0.2711 -0.3384 -0.3621 0.0236 0.2314 -0.1197 -0.2791 -0.3437 -0.3569 0.0518 0.2516 -0.1467 -0.2872 -0.3486 -0.3447 0.0756 0.2666 -0.1695 -0.2955 -0.3531 -0.3188 0.1002 0.2671 -0.1937 -0.3056 -0.3574 -0.2574 0.1313 0.2068 -0.2231 -0.3182 -0.3611 -0.1284 0.1584 0.2654 0.1584 -0.1284 -0.3611 -0.3182 -0.2231 0.2068 0.1313 -0.2574 -0.3574 -0.3056 -0.1937 0.2671 0.1002 -0.3188 -0.3531 -0.2955 -0.1695 0.2666 0.0756 -0.3447 -0.3486 -0.2872 -0.1467 0.2516 0.0518 -0.3569 -0.3437 -0.2791 -0.1197 0.2314 0.0236 -0.3621 -0.3384 -0.2711 -0.0837 0.2103 -0.0127 -0.3627 -0.3326 -0.2631 -0.0298 0.1905 -0.0633 -0.3621 -0.3265 -0.2476 0.0568 0.1689 -0.1313 -0.3433
-0.1313 0.1748 0.0283 -0.2530 -0.3288 -0.3627 -0.0463 0.1962 -0.0483 -0.2655 -0.3349 -0.3628 -0.0009 0.2163 -0.0953 -0.2734 -0.3405 -0.3611 0.0320 0.2373 -0.1277 -0.2814 -0.3458 -0.3543 0.0584 0.2564 -0.1531 -0.2895 -0.3505 -0.3397 0.0811 0.2688 -0.1745 -0.2975 -0.3547 -0.3119 0.1038 0.2648 -0.1966 -0.3068 -0.3586 -0.2518 0.1321 0.2042 -0.2235 -0.3185 -0.3616 -0.1284 0.1700 0.0730 -0.1925 0.0730 0.1700 -0.1284 -0.3616 -0.3185 -0.2235 0.2042 0.1321 -0.2518 -0.3586 -0.3068 -0.1966 0.2648 0.1038 -0.3119 -0.3547 -0.2975 -0.1745 0.2688 0.0811 -0.3397 -0.3505 -0.2895 -0.1531 0.2564 0.0584 -0.3543 -0.3458 -0.2814 -0.1277 0.2373 0.0320 -0.3611 -0.3405 -0.2734 -0.0953 0.2163 -0.0009 -0.3628 -0.3349 -0.2655 -0.0483 0.1962 -0.0463 -0.3627 -0.3288 -0.2530 0.0283 0.1748 -0.1313
0.1620 0.0447 -0.2522 -0.3311 -0.3696 -0.0492 0.1869 -0.0388 -0.2644 -0.3378 -0.3681 -0.0032 0.2079 -0.0896 -0.2726 -0.3442 -0.3643 0.0298 0.2305 -0.1237 -0.2808 -0.3501 -0.3558 0.0561 0.2536 -0.1501 -0.2892 -0.3557 -0.3403 0.0784 0.2682 -0.1719 -0.2974 -0.3605 -0.3143 0.0996 0.2685 -0.1933 -0.3067 -0.3650 -0.2616 0.1247 0.2262 -0.2187 -0.3181 -0.3686 -0.1525 0.1584 0.0730 -0.2438 -0.3008 -0.2438 0.0730 0.1584 -0.1525 -0.3686 -0.3181 -0.2187 0.2262 0.1247 -0.2616 -0.3650 -0.3067 -0.1933 0.2685 0.0996 -0.3143 -0.3605 -0.2974 -0.1719 0.2682 0.0784 -0.3403 -0.3557 -0.2892 -0.1501 0.2536 0.0561 -0.3558 -0.3501 -0.2808 -0.1237 0.2305 0.0298 -0.3643 -0.3442 -0.2726 -0.0896 0.2079 -0.0032 -0.3681 -0.3378 -0.2644 -0.0388 0.1869 -0.0492 -0.3696 -0.3311 -0.2522 0.0447 0.1620
0.2588 -0.2006 -0.3046 -0.3702 -0.2836 0.1139 0.2511 -0.2172 -0.3125 -0.3742 -0.2259 0.1323 0.2051 -0.2304 -0.3203 -0.3772 -0.1531 0.1521 0.1184 -0.2437 -0.3280 -0.3792 -0.0788 0.1742 0.0127 -0.2575 -0.3358 -0.3797 -0.0217 0.1952 -0.0619 -0.2670 -0.3433 -0.3781 0.0181 0.2178 -0.1107 -0.2766 -0.3512 -0.3703 0.0517 0.2439 -0.1520 -0.2885 -0.3603 -0.3450 0.0852 0.2654 -0.1925 -0.3008 -0.3511 -0.3008 -0.1925 0.2654 0.0852 -0.3450 -0.3603 -0.2885 -0.1520 0.2439 0.0517 -0.3703 -0.3512 -0.2766 -0.1107 0.2178 0.0181 -0.3781 -0.3433 -0.2670 -0.0619 0.1952 -0.0217 -0.3797 -0.3358 -0.2575 0.0127 0.1742 -0.0788 -0.3792 -0.3280 -0.2437 0.1184 0.1521 -0.1531 -0.3772 -0.3203 -0.2304 0.2051 0.1323 -0.2259 -0.3742 -0.3125 -0.2172 0.2511 0.1139 -0.2836 -0.3702 -0.3046 -0.2006 0.2588
