0.1672 0.2186 0.3679 0.5070 0.3439 0.1540 0.1701 0.2560 0.4399 0.4831 0.2364 0.1512 0.1895 0.3037 0.4975 0.4320 0.1712 0.1568 0.2167 0.3637 0.5076 0.3507 0.1546 0.1690 0.2530 0.4346 0.4858 0.2442 0.1511 0.1879 0.2998 0.4948 0.4368 0.1735 0.1562 0.2144 0.3588 0.5081 0.3578 0.1552 0.1679 0.2499 0.4293 0.4883 0.2521 0.1511 0.1862 0.2955 0.4900 0.4518 0.2946 0.4518 0.4900 0.2955 0.1862 0.1511 0.2521 0.4883 0.4293 0.2499 0.1679 0.1552 0.3578 0.5081 0.3588 0.2144 0.1562 0.1735 0.4368 0.4948 0.2998 0.1879 0.1511 0.2442 0.4858 0.4346 0.2530 0.1690 0.1546 0.3507 0.5076 0.3637 0.2167 0.1568 0.1712 0.4320 0.4975 0.3037 0.1895 0.1512 0.2364 0.4831 0.4399 0.2560 0.1701 0.1540 0.3439 0.5070 0.3679 0.2186 0.1672
0.2186 0.3687 0.5084 0.3481 0.1430 0.1606 0.2499 0.4388 0.4854 0.2400 0.1396 0.1810 0.2989 0.4982 0.4359 0.1636 0.1459 0.2093 0.3605 0.5091 0.3562 0.1437 0.1593 0.2467 0.4333 0.4880 0.2483 0.1395 0.1792 0.2949 0.4954 0.4406 0.1664 0.1452 0.2069 0.3555 0.5097 0.3632 0.1445 0.1581 0.2436 0.4278 0.4905 0.2567 0.1394 0.1775 0.2908 0.4919 0.4471 0.1791 0.1366 0.1791 0.4471 0.4919 0.2908 0.1775 0.1394 0.2567 0.4905 0.4278 0.2436 0.1581 0.1445 0.3632 0.5097 0.3555 0.2069 0.1452 0.1664 0.4406 0.4954 0.2949 0.1792 0.1395 0.2483 0.4880 0.4333 0.2467 0.1593 0.1437 0.3562 0.5091 0.3605 0.2093 0.1459 0.1636 0.4359 0.4982 0.2989 0.1810 0.1396 0.2400 0.4854 0.4388 0.2499 0.1606 0.1430 0.3481 0.5084 0.3687 0.2186
0.3679 0.5084 0.3523 0.1437 0.1592 0.2457 0.4309 0.4891 0.2525 0.1394 0.1783 0.2926 0.4936 0.4430 0.1681 0.1448 0.2055 0.3527 0.5097 0.3670 0.1449 0.1574 0.2418 0.4246 0.4916 0.2614 0.1394 0.1765 0.2887 0.4902 0.4475 0.1715 0.1441 0.2032 0.3477 0.5100 0.3738 0.1458 0.1563 0.2388 0.4190 0.4939 0.2698 0.1395 0.1749 0.2848 0.4865 0.4521 0.1770 0.1405 0.1627 0.1405 0.1770 0.4521 0.4865 0.2848 0.1749 0.1395 0.2698 0.4939 0.4190 0.2388 0.1563 0.1458 0.3738 0.5100 0.3477 0.2032 0.1441 0.1715 0.4475 0.4902 0.2887 0.1765 0.1394 0.2614 0.4916 0.4246 0.2418 0.1574 0.1449 0.3670 0.5097 0.3527 0.2055 0.1448 0.1681 0.4430 0.4936 0.2926 0.1783 0.1394 0.2525 0.4891 0.4309 0.2457 0.1592 0.1437 0.3523 0.5084 0.3679
0.5070 0.3481 0.1437 0.1586 0.2432 0.4250 0.4920 0.2638 0.1394 0.1758 0.2868 0.4884 0.4498 0.1735 0.1437 0.2020 0.3450 0.5100 0.3775 0.1464 0.1557 0.2371 0.4160 0.4950 0.2745 0.1395 0.1740 0.2827 0.4844 0.4541 0.1776 0.1430 0.1997 0.3402 0.5100 0.3839 0.1474 0.1546 0.2342 0.4104 0.4971 0.2829 0.1396 0.1724 0.2789 0.4803 0.4581 0.1826 0.1420 0.1904 0.2555 0.1904 0.1420 0.1826 0.4581 0.4803 0.2789 0.1724 0.1396 0.2829 0.4971 0.4104 0.2342 0.1546 0.1474 0.3839 0.5100 0.3402 0.1997 0.1430 0.1776 0.4541 0.4844 0.2827 0.1740 0.1395 0.2745 0.4950 0.4160 0.2371 0.1557 0.1464 0.3775 0.5100 0.3450 0.2020 0.1437 0.1735 0.4498 0.4884 0.2868 0.1758 0.1394 0.2638 0.4920 0.4250 0.2432 0.1586 0.1437 0.3481 0.5070
0.3439 0.1430 0.1592 0.2432 0.4228 0.4936 0.2720 0.1395 0.1737 0.2815 0.4829 0.4559 0.1798 0.1427 0.1986 0.3377 0.5099 0.3874 0.1480 0.1540 0.2326 0.4073 0.4981 0.2876 0.1397 0.1715 0.2768 0.4779 0.4602 0.1851 0.1421 0.1963 0.3329 0.5095 0.3936 0.1492 0.1529 0.2297 0.4019 0.4999 0.2959 0.1399 0.1700 0.2732 0.4734 0.4640 0.1906 0.1415 0.1930 0.3173 0.4469 0.3173 0.1930 0.1415 0.1906 0.4640 0.4734 0.2732 0.1700 0.1399 0.2959 0.4999 0.4019 0.2297 0.1529 0.1492 0.3936 0.5095 0.3329 0.1963 0.1421 0.1851 0.4602 0.4779 0.2768 0.1715 0.1397 0.2876 0.4981 0.4073 0.2326 0.1540 0.1480 0.3874 0.5099 0.3377 0.1986 0.1427 0.1798 0.4559 0.4829 0.2815 0.1737 0.1395 0.2720 0.4936 0.4228 0.2432 0.1592 0.1430 0.3439
0.1540 0.1606 0.2457 0.4250 0.4936 0.2750 0.1396 0.1723 0.2775 0.4778 0.4610 0.1867 0.1419 0.1954 0.3307 0.5093 0.3967 0.1499 0.1524 0.2282 0.3988 0.5008 0.3005 0.1401 0.1691 0.2711 0.4708 0.4660 0.1939 0.1413 0.1930 0.3257 0.5085 0.4029 0.1513 0.1514 0.2254 0.3933 0.5024 0.3086 0.1404 0.1677 0.2676 0.4660 0.4695 0.2002 0.1409 0.1908 0.3193 0.5032 0.4827 0.5032 0.3193 0.1908 0.1409 0.2002 0.4695 0.4660 0.2676 0.1677 0.1404 0.3086 0.5024 0.3933 0.2254 0.1514 0.1513 0.4029 0.5085 0.3257 0.1930 0.1413 0.1939 0.4660 0.4708 0.2711 0.1691 0.1401 0.3005 0.5008 0.3988 0.2282 0.1524 0.1499 0.3967 0.5093 0.3307 0.1954 0.1419 0.1867 0.4610 0.4778 0.2775 0.1723 0.1396 0.2750 0.4936 0.4250 0.2457 0.1606 0.1540
0.1701 0.2499 0.4309 0.4920 0.2720 0.1396 0.1718 0.2753 0.4740 0.4648 0.1933 0.1413 0.1926 0.3243 0.5082 0.4054 0.1520 0.1509 0.2239 0.3904 0.5032 0.3130 0.1406 0.1668 0.2656 0.4633 0.4714 0.2040 0.1407 0.1899 0.3188 0.5070 0.4117 0.1537 0.1499 0.2211 0.3849 0.5046 0.3211 0.1410 0.1654 0.2621 0.4582 0.4746 0.2111 0.1404 0.1878 0.3140 0.5047 0.4294 0.2562 0.4294 0.5047 0.3140 0.1878 0.1404 0.2111 0.4746 0.4582 0.2621 0.1654 0.1410 0.3211 0.5046 0.3849 0.2211 0.1499 0.1537 0.4117 0.5070 0.3188 0.1899 0.1407 0.2040 0.4714 0.4633 0.2656 0.1668 0.1406 0.3130 0.5032 0.3904 0.2239 0.1509 0.1520 0.4054 0.5082 0.3243 0.1926 0.1413 0.1933 0.4648 0.4740 0.2753 0.1718 0.1396 0.2720 0.4920 0.4309 0.2499 0.1701
0.2560 0.4388 0.4891 0.2638 0.1395 0.1723 0.2753 0.4726 0.4668 0.1982 0.1409 0.1903 0.3188 0.5068 0.4132 0.1543 0.1495 0.2200 0.3824 0.5052 0.3251 0.1412 0.1647 0.2603 0.4553 0.4764 0.2152 0.1402 0.1868 0.3120 0.5048 0.4201 0.1565 0.1485 0.2171 0.3766 0.5064 0.3332 0.1417 0.1633 0.2568 0.4501 0.4794 0.2228 0.1399 0.1849 0.3076 0.5027 0.4275 0.1638 0.1364 0.1638 0.4275 0.5027 0.3076 0.1849 0.1399 0.2228 0.4794 0.4501 0.2568 0.1633 0.1417 0.3332 0.5064 0.3766 0.2171 0.1485 0.1565 0.4201 0.5048 0.3120 0.1868 0.1402 0.2152 0.4764 0.4553 0.2603 0.1647 0.1412 0.3251 0.5052 0.3824 0.2200 0.1495 0.1543 0.4132 0.5068 0.3188 0.1903 0.1409 0.1982 0.4668 0.4726 0.2753 0.1723 0.1395 0.2638 0.4891 0.4388 0.2560
0.4399 0.4854 0.2525 0.1394 0.1737 0.2775 0.4740 0.4668 0.2001 0.1407 0.1889 0.3147 0.5053 0.4196 0.1566 0.1483 0.2163 0.3747 0.5069 0.3366 0.1420 0.1626 0.2551 0.4473 0.4810 0.2271 0.1398 0.1839 0.3054 0.5018 0.4281 0.1597 0.1472 0.2131 0.3685 0.5079 0.3448 0.1426 0.1613 0.2517 0.4417 0.4838 0.2353 0.1396 0.1820 0.3012 0.4995 0.4335 0.1631 0.1431 0.1687 0.1431 0.1631 0.4335 0.4995 0.3012 0.1820 0.1396 0.2353 0.4838 0.4417 0.2517 0.1613 0.1426 0.3448 0.5079 0.3685 0.2131 0.1472 0.1597 0.4281 0.5018 0.3054 0.1839 0.1398 0.2271 0.4810 0.4473 0.2551 0.1626 0.1420 0.3366 0.5069 0.3747 0.2163 0.1483 0.1566 0.4196 0.5053 0.3147 0.1889 0.1407 0.2001 0.4668 0.4740 0.2775 0.1737 0.1394 0.2525 0.4854 0.4399
0.4831 0.2400 0.1394 0.1758 0.2815 0.4778 0.4648 0.1982 0.1407 0.1883 0.3126 0.5041 0.4242 0.1588 0.1474 0.2131 0.3678 0.5081 0.3472 0.1429 0.1607 0.2502 0.4391 0.4852 0.2395 0.1396 0.1811 0.2990 0.4981 0.4357 0.1635 0.1459 0.2093 0.3605 0.5090 0.3561 0.1437 0.1593 0.2467 0.4332 0.4879 0.2482 0.1395 0.1792 0.2949 0.4953 0.4406 0.1666 0.1447 0.1993 0.2704 0.1993 0.1447 0.1666 0.4406 0.4953 0.2949 0.1792 0.1395 0.2482 0.4879 0.4332 0.2467 0.1593 0.1437 0.3561 0.5090 0.3605 0.2093 0.1459 0.1635 0.4357 0.4981 0.2990 0.1811 0.1396 0.2395 0.4852 0.4391 0.2502 0.1607 0.1429 0.3472 0.5081 0.3678 0.2131 0.1474 0.1588 0.4242 0.5041 0.3126 0.1883 0.1407 0.1982 0.4648 0.4778 0.2815 0.1758 0.1394 0.2400 0.4831
0.2364 0.1396 0.1783 0.2868 0.4829 0.4610 0.1933 0.1409 0.1889 0.3126 0.5037 0.4266 0.1603 0.1467 0.2107 0.3621 0.5090 0.3566 0.1438 0.1590 0.2456 0.4310 0.4890 0.2520 0.1394 0.1784 0.2928 0.4937 0.4429 0.1680 0.1448 0.2056 0.3527 0.5097 0.3670 0.1449 0.1574 0.2419 0.4246 0.4916 0.2613 0.1394 0.1766 0.2887 0.4903 0.4475 0.1715 0.1440 0.2020 0.3363 0.4679 0.3363 0.2020 0.1440 0.1715 0.4475 0.4903 0.2887 0.1766 0.1394 0.2613 0.4916 0.4246 0.2419 0.1574 0.1449 0.3670 0.5097 0.3527 0.2056 0.1448 0.1680 0.4429 0.4937 0.2928 0.1784 0.1394 0.2520 0.4890 0.4310 0.2456 0.1590 0.1438 0.3566 0.5090 0.3621 0.2107 0.1467 0.1603 0.4266 0.5037 0.3126 0.1889 0.1409 0.1933 0.4610 0.4829 0.2868 0.1783 0.1396 0.2364
0.1512 0.1810 0.2926 0.4884 0.4559 0.1867 0.1413 0.1903 0.3147 0.5041 0.4266 0.1608 0.1463 0.2091 0.3579 0.5095 0.3642 0.1448 0.1575 0.2415 0.4233 0.4923 0.2644 0.1394 0.1758 0.2869 0.4886 0.4496 0.1733 0.1437 0.2020 0.3452 0.5100 0.3774 0.1464 0.1557 0.2372 0.4160 0.4950 0.2745 0.1395 0.1740 0.2827 0.4845 0.4540 0.1776 0.1430 0.1995 0.3381 0.5077 0.4710 0.5077 0.3381 0.1995 0.1430 0.1776 0.4540 0.4845 0.2827 0.1740 0.1395 0.2745 0.4950 0.4160 0.2372 0.1557 0.1464 0.3774 0.5100 0.3452 0.2020 0.1437 0.1733 0.4496 0.4886 0.2869 0.1758 0.1394 0.2644 0.4923 0.4233 0.2415 0.1575 0.1448 0.3642 0.5095 0.3579 0.2091 0.1463 0.1608 0.4266 0.5041 0.3147 0.1903 0.1413 0.1867 0.4559 0.4884 0.2926 0.1810 0.1512
0.1895 0.2989 0.4936 0.4498 0.1798 0.1419 0.1926 0.3188 0.5053 0.4242 0.1603 0.1463 0.2086 0.3557 0.5097 0.3697 0.1456 0.1562 0.2379 0.4164 0.4952 0.2761 0.1395 0.1735 0.2812 0.4828 0.4558 0.1796 0.1428 0.1987 0.3379 0.5099 0.3872 0.1480 0.1540 0.2326 0.4074 0.4981 0.2875 0.1397 0.1715 0.2769 0.4780 0.4602 0.1850 0.1421 0.1963 0.3325 0.5090 0.4081 0.2220 0.4081 0.5090 0.3325 0.1963 0.1421 0.1850 0.4602 0.4780 0.2769 0.1715 0.1397 0.2875 0.4981 0.4074 0.2326 0.1540 0.1480 0.3872 0.5099 0.3379 0.1987 0.1428 0.1796 0.4558 0.4828 0.2812 0.1735 0.1395 0.2761 0.4952 0.4164 0.2379 0.1562 0.1456 0.3697 0.5097 0.3557 0.2086 0.1463 0.1603 0.4242 0.5053 0.3188 0.1926 0.1419 0.1798 0.4498 0.4936 0.2989 0.1895
0.3037 0.4982 0.4430 0.1735 0.1427 0.1954 0.3243 0.5068 0.4196 0.1588 0.1467 0.2091 0.3557 0.5098 0.3726 0.1462 0.1554 0.2352 0.4106 0.4975 0.2864 0.1397 0.1713 0.2760 0.4766 0.4616 0.1871 0.1419 0.1954 0.3308 0.5093 0.3965 0.1499 0.1524 0.2283 0.3990 0.5008 0.3003 0.1401 0.1691 0.2712 0.4709 0.4660 0.1938 0.1414 0.1930 0.3257 0.5084 0.4054 0.1543 0.1370 0.1543 0.4054 0.5084 0.3257 0.1930 0.1414 0.1938 0.4660 0.4709 0.2712 0.1691 0.1401 0.3003 0.5008 0.3990 0.2283 0.1524 0.1499 0.3965 0.5093 0.3308 0.1954 0.1419 0.1871 0.4616 0.4766 0.2760 0.1713 0.1397 0.2864 0.4975 0.4106 0.2352 0.1554 0.1462 0.3726 0.5098 0.3557 0.2091 0.1467 0.1588 0.4196 0.5068 0.3243 0.1954 0.1427 0.1735 0.4430 0.4982 0.3037
0.4975 0.4359 0.1681 0.1437 0.1986 0.3307 0.5082 0.4132 0.1566 0.1474 0.2107 0.3579 0.5097 0.3726 0.1464 0.1549 0.2335 0.4065 0.4991 0.2949 0.1400 0.1695 0.2713 0.4704 0.4667 0.1955 0.1412 0.1923 0.3240 0.5082 0.4053 0.1520 0.1509 0.2241 0.3908 0.5031 0.3127 0.1406 0.1669 0.2657 0.4634 0.4713 0.2039 0.1407 0.1899 0.3188 0.5070 0.4122 0.1543 0.1462 0.1754 0.1462 0.1543 0.4122 0.5070 0.3188 0.1899 0.1407 0.2039 0.4713 0.4634 0.2657 0.1669 0.1406 0.3127 0.5031 0.3908 0.2241 0.1509 0.1520 0.4053 0.5082 0.3240 0.1923 0.1412 0.1955 0.4667 0.4704 0.2713 0.1695 0.1400 0.2949 0.4991 0.4065 0.2335 0.1549 0.1464 0.3726 0.5097 0.3579 0.2107 0.1474 0.1566 0.4132 0.5082 0.3307 0.1986 0.1437 0.1681 0.4359 0.4975
0.4320 0.1636 0.1448 0.2020 0.3377 0.5093 0.4054 0.1543 0.1483 0.2131 0.3621 0.5095 0.3697 0.1462 0.1549 0.2329 0.4043 0.5001 0.3009 0.1402 0.1680 0.2674 0.4647 0.4711 0.2043 0.1407 0.1894 0.3175 0.5066 0.4137 0.1544 0.1495 0.2201 0.3827 0.5052 0.3246 0.1412 0.1648 0.2604 0.4556 0.4763 0.2150 0.1402 0.1868 0.3120 0.5048 0.4202 0.1566 0.1479 0.2091 0.2865 0.2091 0.1479 0.1566 0.4202 0.5048 0.3120 0.1868 0.1402 0.2150 0.4763 0.4556 0.2604 0.1648 0.1412 0.3246 0.5052 0.3827 0.2201 0.1495 0.1544 0.4137 0.5066 0.3175 0.1894 0.1407 0.2043 0.4711 0.4647 0.2674 0.1680 0.1402 0.3009 0.5001 0.4043 0.2329 0.1549 0.1462 0.3697 0.5095 0.3621 0.2131 0.1483 0.1543 0.4054 0.5093 0.3377 0.2020 0.1448 0.1636 0.4320
0.1712 0.1459 0.2055 0.3450 0.5099 0.3967 0.1520 0.1495 0.2163 0.3678 0.5090 0.3642 0.1456 0.1554 0.2335 0.4043 0.5005 0.3040 0.1404 0.1670 0.2644 0.4598 0.4746 0.2127 0.1402 0.1868 0.3115 0.5044 0.4215 0.1571 0.1482 0.2161 0.3747 0.5068 0.3363 0.1419 0.1627 0.2553 0.4476 0.4808 0.2267 0.1398 0.1839 0.3055 0.5019 0.4281 0.1598 0.1471 0.2118 0.3566 0.4856 0.3566 0.2118 0.1471 0.1598 0.4281 0.5019 0.3055 0.1839 0.1398 0.2267 0.4808 0.4476 0.2553 0.1627 0.1419 0.3363 0.5068 0.3747 0.2161 0.1482 0.1571 0.4215 0.5044 0.3115 0.1868 0.1402 0.2127 0.4746 0.4598 0.2644 0.1670 0.1404 0.3040 0.5005 0.4043 0.2335 0.1554 0.1456 0.3642 0.5090 0.3678 0.2163 0.1495 0.1520 0.3967 0.5099 0.3450 0.2055 0.1459 0.1712
0.1568 0.2093 0.3527 0.5100 0.3874 0.1499 0.1509 0.2200 0.3747 0.5081 0.3566 0.1448 0.1562 0.2352 0.4065 0.5001 0.3040 0.1405 0.1664 0.2625 0.4562 0.4772 0.2198 0.1400 0.1846 0.3063 0.5020 0.4284 0.1601 0.1470 0.2124 0.3669 0.5082 0.3475 0.1429 0.1608 0.2504 0.4394 0.4850 0.2390 0.1396 0.1812 0.2992 0.4982 0.4356 0.1635 0.1459 0.2091 0.3584 0.5084 0.4568 0.5084 0.3584 0.2091 0.1459 0.1635 0.4356 0.4982 0.2992 0.1812 0.1396 0.2390 0.4850 0.4394 0.2504 0.1608 0.1429 0.3475 0.5082 0.3669 0.2124 0.1470 0.1601 0.4284 0.5020 0.3063 0.1846 0.1400 0.2198 0.4772 0.4562 0.2625 0.1664 0.1405 0.3040 0.5001 0.4065 0.2352 0.1562 0.1448 0.3566 0.5081 0.3747 0.2200 0.1509 0.1499 0.3874 0.5100 0.3527 0.2093 0.1568
0.2167 0.3605 0.5097 0.3775 0.1480 0.1524 0.2239 0.3824 0.5069 0.3472 0.1438 0.1575 0.2379 0.4106 0.4991 0.3009 0.1404 0.1664 0.2619 0.4543 0.4788 0.2251 0.1398 0.1829 0.3019 0.4993 0.4344 0.1633 0.1459 0.2090 0.3595 0.5092 0.3582 0.1439 0.1589 0.2456 0.4312 0.4889 0.2516 0.1394 0.1785 0.2931 0.4939 0.4427 0.1679 0.1448 0.2056 0.3525 0.5095 0.3836 0.1919 0.3836 0.5095 0.3525 0.2056 0.1448 0.1679 0.4427 0.4939 0.2931 0.1785 0.1394 0.2516 0.4889 0.4312 0.2456 0.1589 0.1439 0.3582 0.5092 0.3595 0.2090 0.1459 0.1633 0.4344 0.4993 0.3019 0.1829 0.1398 0.2251 0.4788 0.4543 0.2619 0.1664 0.1404 0.3009 0.4991 0.4106 0.2379 0.1575 0.1438 0.3472 0.5069 0.3824 0.2239 0.1524 0.1480 0.3775 0.5097 0.3605 0.2167
0.3637 0.5091 0.3670 0.1464 0.1540 0.2282 0.3904 0.5052 0.3366 0.1429 0.1590 0.2415 0.4164 0.4975 0.2949 0.1402 0.1670 0.2625 0.4543 0.4793 0.2280 0.1397 0.1817 0.2986 0.4969 0.4393 0.1664 0.1450 0.2060 0.3528 0.5098 0.3681 0.1451 0.1571 0.2409 0.4228 0.4924 0.2643 0.1394 0.1759 0.2871 0.4888 0.4493 0.1731 0.1438 0.2022 0.3454 0.5100 0.3799 0.1480 0.1382 0.1480 0.3799 0.5100 0.3454 0.2022 0.1438 0.1731 0.4493 0.4888 0.2871 0.1759 0.1394 0.2643 0.4924 0.4228 0.2409 0.1571 0.1451 0.3681 0.5098 0.3528 0.2060 0.1450 0.1664 0.4393 0.4969 0.2986 0.1817 0.1397 0.2280 0.4793 0.4543 0.2625 0.1670 0.1402 0.2949 0.4975 0.4164 0.2415 0.1590 0.1429 0.3366 0.5052 0.3904 0.2282 0.1540 0.1464 0.3670 0.5091 0.3637
0.5076 0.3562 0.1449 0.1557 0.2326 0.3988 0.5032 0.3251 0.1420 0.1607 0.2456 0.4233 0.4952 0.2864 0.1400 0.1680 0.2644 0.4562 0.4788 0.2280 0.1397 0.1811 0.2966 0.4950 0.4430 0.1692 0.1443 0.2034 0.3470 0.5100 0.3770 0.1464 0.1555 0.2366 0.4146 0.4956 0.2770 0.1395 0.1734 0.2813 0.4830 0.4556 0.1794 0.1428 0.1988 0.3382 0.5099 0.3874 0.1483 0.1499 0.1830 0.1499 0.1483 0.3874 0.5099 0.3382 0.1988 0.1428 0.1794 0.4556 0.4830 0.2813 0.1734 0.1395 0.2770 0.4956 0.4146 0.2366 0.1555 0.1464 0.3770 0.5100 0.3470 0.2034 0.1443 0.1692 0.4430 0.4950 0.2966 0.1811 0.1397 0.2280 0.4788 0.4562 0.2644 0.1680 0.1400 0.2864 0.4952 0.4233 0.2456 0.1607 0.1420 0.3251 0.5032 0.3988 0.2326 0.1557 0.1449 0.3562 0.5076
0.3507 0.1437 0.1574 0.2371 0.4073 0.5008 0.3130 0.1412 0.1626 0.2502 0.4310 0.4923 0.2761 0.1397 0.1695 0.2674 0.4598 0.4772 0.2251 0.1397 0.1811 0.2959 0.4940 0.4452 0.1715 0.1438 0.2013 0.3421 0.5100 0.3845 0.1477 0.1541 0.2326 0.4069 0.4984 0.2894 0.1398 0.1711 0.2757 0.4765 0.4615 0.1869 0.1419 0.1955 0.3311 0.5093 0.3963 0.1499 0.1518 0.2200 0.3043 0.2200 0.1518 0.1499 0.3963 0.5093 0.3311 0.1955 0.1419 0.1869 0.4615 0.4765 0.2757 0.1711 0.1398 0.2894 0.4984 0.4069 0.2326 0.1541 0.1477 0.3845 0.5100 0.3421 0.2013 0.1438 0.1715 0.4452 0.4940 0.2959 0.1811 0.1397 0.2251 0.4772 0.4598 0.2674 0.1695 0.1397 0.2761 0.4923 0.4310 0.2502 0.1626 0.1412 0.3130 0.5008 0.4073 0.2371 0.1574 0.1437 0.3507
0.1546 0.1593 0.2418 0.4160 0.4981 0.3005 0.1406 0.1647 0.2551 0.4391 0.4890 0.2644 0.1395 0.1713 0.2713 0.4647 0.4746 0.2198 0.1398 0.1817 0.2966 0.4940 0.4460 0.1727 0.1434 0.1999 0.3385 0.5098 0.3907 0.1490 0.1529 0.2291 0.3997 0.5008 0.3010 0.1401 0.1688 0.2703 0.4696 0.4670 0.1957 0.1412 0.1924 0.3242 0.5082 0.4050 0.1519 0.1509 0.2228 0.3786 0.4983 0.3786 0.2228 0.1509 0.1519 0.4050 0.5082 0.3242 0.1924 0.1412 0.1957 0.4670 0.4696 0.2703 0.1688 0.1401 0.3010 0.5008 0.3997 0.2291 0.1529 0.1490 0.3907 0.5098 0.3385 0.1999 0.1434 0.1727 0.4460 0.4940 0.2966 0.1817 0.1398 0.2198 0.4746 0.4647 0.2713 0.1713 0.1395 0.2644 0.4890 0.4391 0.2551 0.1647 0.1406 0.3005 0.4981 0.4160 0.2418 0.1593 0.1546
0.1690 0.2467 0.4246 0.4950 0.2876 0.1401 0.1668 0.2603 0.4473 0.4852 0.2520 0.1394 0.1735 0.2760 0.4704 0.4711 0.2127 0.1400 0.1829 0.2986 0.4950 0.4452 0.1727 0.1433 0.1992 0.3363 0.5096 0.3953 0.1501 0.1519 0.2261 0.3934 0.5027 0.3114 0.1406 0.1668 0.2652 0.4624 0.4721 0.2057 0.1406 0.1893 0.3175 0.5066 0.4135 0.1543 0.1495 0.2199 0.3806 0.5060 0.4393 0.5060 0.3806 0.2199 0.1495 0.1543 0.4135 0.5066 0.3175 0.1893 0.1406 0.2057 0.4721 0.4624 0.2652 0.1668 0.1406 0.3114 0.5027 0.3934 0.2261 0.1519 0.1501 0.3953 0.5096 0.3363 0.1992 0.1433 0.1727 0.4452 0.4950 0.2986 0.1829 0.1400 0.2127 0.4711 0.4704 0.2760 0.1735 0.1394 0.2520 0.4852 0.4473 0.2603 0.1668 0.1401 0.2876 0.4950 0.4246 0.2467 0.1690
0.2530 0.4333 0.4916 0.2745 0.1397 0.1691 0.2656 0.4553 0.4810 0.2395 0.1394 0.1758 0.2812 0.4766 0.4667 0.2043 0.1402 0.1846 0.3019 0.4969 0.4430 0.1715 0.1434 0.1992 0.3355 0.5095 0.3981 0.1510 0.1512 0.2237 0.3882 0.5042 0.3205 0.1410 0.1650 0.2606 0.4554 0.4766 0.2163 0.1401 0.1864 0.3109 0.5043 0.4216 0.1571 0.1482 0.2162 0.3744 0.5069 0.3548 0.1698 0.3548 0.5069 0.3744 0.2162 0.1482 0.1571 0.4216 0.5043 0.3109 0.1864 0.1401 0.2163 0.4766 0.4554 0.2606 0.1650 0.1410 0.3205 0.5042 0.3882 0.2237 0.1512 0.1510 0.3981 0.5095 0.3355 0.1992 0.1434 0.1715 0.4430 0.4969 0.3019 0.1846 0.1402 0.2043 0.4667 0.4766 0.2812 0.1758 0.1394 0.2395 0.4810 0.4553 0.2656 0.1691 0.1397 0.2745 0.4916 0.4333 0.2530
0.4346 0.4880 0.2614 0.1395 0.1715 0.2711 0.4633 0.4764 0.2271 0.1396 0.1784 0.2869 0.4828 0.4616 0.1955 0.1407 0.1868 0.3063 0.4993 0.4393 0.1692 0.1438 0.1999 0.3363 0.5095 0.3991 0.1514 0.1508 0.2221 0.3843 0.5053 0.3279 0.1415 0.1635 0.2566 0.4487 0.4806 0.2269 0.1398 0.1837 0.3047 0.5014 0.4293 0.1603 0.1470 0.2124 0.3669 0.5082 0.3503 0.1435 0.1403 0.1435 0.3503 0.5082 0.3669 0.2124 0.1470 0.1603 0.4293 0.5014 0.3047 0.1837 0.1398 0.2269 0.4806 0.4487 0.2566 0.1635 0.1415 0.3279 0.5053 0.3843 0.2221 0.1508 0.1514 0.3991 0.5095 0.3363 0.1999 0.1438 0.1692 0.4393 0.4993 0.3063 0.1868 0.1407 0.1955 0.4616 0.4828 0.2869 0.1784 0.1396 0.2271 0.4764 0.4633 0.2711 0.1715 0.1395 0.2614 0.4880 0.4346
0.4858 0.2483 0.1394 0.1740 0.2768 0.4708 0.4714 0.2152 0.1398 0.1811 0.2928 0.4886 0.4558 0.1871 0.1412 0.1894 0.3115 0.5020 0.4344 0.1664 0.1443 0.2013 0.3385 0.5096 0.3981 0.1514 0.1506 0.2213 0.3819 0.5060 0.3334 0.1420 0.1622 0.2531 0.4427 0.4839 0.2370 0.1396 0.1812 0.2989 0.4979 0.4364 0.1640 0.1458 0.2087 0.3593 0.5092 0.3587 0.1440 0.1544 0.1917 0.1544 0.1440 0.3587 0.5092 0.3593 0.2087 0.1458 0.1640 0.4364 0.4979 0.2989 0.1812 0.1396 0.2370 0.4839 0.4427 0.2531 0.1622 0.1420 0.3334 0.5060 0.3819 0.2213 0.1506 0.1514 0.3981 0.5096 0.3385 0.2013 0.1443 0.1664 0.4344 0.5020 0.3115 0.1894 0.1412 0.1871 0.4558 0.4886 0.2928 0.1811 0.1398 0.2152 0.4714 0.4708 0.2768 0.1740 0.1394 0.2483 0.4858
0.2442 0.1395 0.1765 0.2827 0.4779 0.4660 0.2040 0.1402 0.1839 0.2990 0.4937 0.4496 0.1796 0.1419 0.1923 0.3175 0.5044 0.4284 0.1633 0.1450 0.2034 0.3421 0.5098 0.3953 0.1510 0.1508 0.2213 0.3811 0.5063 0.3368 0.1423 0.1613 0.2505 0.4376 0.4866 0.2462 0.1395 0.1790 0.2936 0.4940 0.4429 0.1682 0.1447 0.2052 0.3518 0.5098 0.3687 0.1452 0.1564 0.2322 0.3238 0.2322 0.1564 0.1452 0.3687 0.5098 0.3518 0.2052 0.1447 0.1682 0.4429 0.4940 0.2936 0.1790 0.1395 0.2462 0.4866 0.4376 0.2505 0.1613 0.1423 0.3368 0.5063 0.3811 0.2213 0.1508 0.1510 0.3953 0.5098 0.3421 0.2034 0.1450 0.1633 0.4284 0.5044 0.3175 0.1923 0.1419 0.1796 0.4496 0.4937 0.2990 0.1839 0.1402 0.2040 0.4660 0.4779 0.2827 0.1765 0.1395 0.2442
0.1511 0.1792 0.2887 0.4844 0.4602 0.1939 0.1407 0.1868 0.3054 0.4981 0.4429 0.1733 0.1428 0.1954 0.3240 0.5066 0.4215 0.1601 0.1459 0.2060 0.3470 0.5100 0.3907 0.1501 0.1512 0.2221 0.3819 0.5063 0.3380 0.1425 0.1608 0.2486 0.4338 0.4887 0.2539 0.1394 0.1771 0.2890 0.4899 0.4487 0.1729 0.1437 0.2019 0.3446 0.5100 0.3785 0.1466 0.1553 0.2351 0.4019 0.5052 0.4019 0.2351 0.1553 0.1466 0.3785 0.5100 0.3446 0.2019 0.1437 0.1729 0.4487 0.4899 0.2890 0.1771 0.1394 0.2539 0.4887 0.4338 0.2486 0.1608 0.1425 0.3380 0.5063 0.3819 0.2221 0.1512 0.1501 0.3907 0.5100 0.3470 0.2060 0.1459 0.1601 0.4215 0.5066 0.3240 0.1954 0.1428 0.1733 0.4429 0.4981 0.3054 0.1868 0.1407 0.1939 0.4602 0.4844 0.2887 0.1792 0.1511
0.1879 0.2949 0.4902 0.4541 0.1851 0.1413 0.1899 0.3120 0.5018 0.4357 0.1680 0.1437 0.1987 0.3308 0.5082 0.4137 0.1571 0.1470 0.2090 0.3528 0.5100 0.3845 0.1490 0.1519 0.2237 0.3843 0.5060 0.3368 0.1425 0.1606 0.2477 0.4314 0.4901 0.2597 0.1394 0.1756 0.2851 0.4858 0.4536 0.1779 0.1429 0.1989 0.3380 0.5099 0.3878 0.1482 0.1538 0.2318 0.4040 0.5007 0.4187 0.5007 0.4040 0.2318 0.1538 0.1482 0.3878 0.5099 0.3380 0.1989 0.1429 0.1779 0.4536 0.4858 0.2851 0.1756 0.1394 0.2597 0.4901 0.4314 0.2477 0.1606 0.1425 0.3368 0.5060 0.3843 0.2237 0.1519 0.1490 0.3845 0.5100 0.3528 0.2090 0.1470 0.1571 0.4137 0.5082 0.3308 0.1987 0.1437 0.1680 0.4357 0.5018 0.3120 0.1899 0.1413 0.1851 0.4541 0.4902 0.2949 0.1879
0.2998 0.4954 0.4475 0.1776 0.1421 0.1930 0.3188 0.5048 0.4281 0.1635 0.1448 0.2020 0.3379 0.5093 0.4053 0.1544 0.1482 0.2124 0.3595 0.5098 0.3770 0.1477 0.1529 0.2261 0.3882 0.5053 0.3334 0.1423 0.1608 0.2477 0.4306 0.4907 0.2633 0.1395 0.1744 0.2821 0.4823 0.4576 0.1830 0.1422 0.1963 0.3320 0.5094 0.3962 0.1499 0.1523 0.2278 0.3977 0.5014 0.3223 0.1563 0.3223 0.5014 0.3977 0.2278 0.1523 0.1499 0.3962 0.5094 0.3320 0.1963 0.1422 0.1830 0.4576 0.4823 0.2821 0.1744 0.1395 0.2633 0.4907 0.4306 0.2477 0.1608 0.1423 0.3334 0.5053 0.3882 0.2261 0.1529 0.1477 0.3770 0.5098 0.3595 0.2124 0.1482 0.1544 0.4053 0.5093 0.3379 0.2020 0.1448 0.1635 0.4281 0.5048 0.3188 0.1930 0.1421 0.1776 0.4475 0.4954 0.2998
0.4948 0.4406 0.1715 0.1430 0.1963 0.3257 0.5070 0.4201 0.1597 0.1459 0.2056 0.3452 0.5099 0.3965 0.1520 0.1495 0.2161 0.3669 0.5092 0.3681 0.1464 0.1541 0.2291 0.3934 0.5042 0.3279 0.1420 0.1613 0.2486 0.4314 0.4907 0.2645 0.1395 0.1738 0.2800 0.4795 0.4606 0.1876 0.1417 0.1940 0.3268 0.5086 0.4037 0.1517 0.1510 0.2240 0.3902 0.5034 0.3173 0.1405 0.1431 0.1405 0.3173 0.5034 0.3902 0.2240 0.1510 0.1517 0.4037 0.5086 0.3268 0.1940 0.1417 0.1876 0.4606 0.4795 0.2800 0.1738 0.1395 0.2645 0.4907 0.4314 0.2486 0.1613 0.1420 0.3279 0.5042 0.3934 0.2291 0.1541 0.1464 0.3681 0.5092 0.3669 0.2161 0.1495 0.1520 0.3965 0.5099 0.3452 0.2056 0.1459 0.1597 0.4201 0.5070 0.3257 0.1963 0.1430 0.1715 0.4406 0.4948
0.4368 0.1664 0.1441 0.1997 0.3329 0.5085 0.4117 0.1565 0.1472 0.2093 0.3527 0.5100 0.3872 0.1499 0.1509 0.2201 0.3747 0.5082 0.3582 0.1451 0.1555 0.2326 0.3997 0.5027 0.3205 0.1415 0.1622 0.2505 0.4338 0.4901 0.2633 0.1395 0.1735 0.2789 0.4777 0.4626 0.1913 0.1413 0.1922 0.3224 0.5076 0.4101 0.1536 0.1498 0.2205 0.3830 0.5052 0.3259 0.1413 0.1596 0.2014 0.1596 0.1413 0.3259 0.5052 0.3830 0.2205 0.1498 0.1536 0.4101 0.5076 0.3224 0.1922 0.1413 0.1913 0.4626 0.4777 0.2789 0.1735 0.1395 0.2633 0.4901 0.4338 0.2505 0.1622 0.1415 0.3205 0.5027 0.3997 0.2326 0.1555 0.1451 0.3582 0.5082 0.3747 0.2201 0.1509 0.1499 0.3872 0.5100 0.3527 0.2093 0.1472 0.1565 0.4117 0.5085 0.3329 0.1997 0.1441 0.1664 0.4368
0.1735 0.1452 0.2032 0.3402 0.5095 0.4029 0.1537 0.1485 0.2131 0.3605 0.5097 0.3774 0.1480 0.1524 0.2241 0.3827 0.5068 0.3475 0.1439 0.1571 0.2366 0.4069 0.5008 0.3114 0.1410 0.1635 0.2531 0.4376 0.4887 0.2597 0.1395 0.1738 0.2789 0.4770 0.4637 0.1937 0.1411 0.1909 0.3190 0.5065 0.4154 0.1554 0.1488 0.2174 0.3764 0.5066 0.3358 0.1420 0.1618 0.2457 0.3450 0.2457 0.1618 0.1420 0.3358 0.5066 0.3764 0.2174 0.1488 0.1554 0.4154 0.5065 0.3190 0.1909 0.1411 0.1937 0.4637 0.4770 0.2789 0.1738 0.1395 0.2597 0.4887 0.4376 0.2531 0.1635 0.1410 0.3114 0.5008 0.4069 0.2366 0.1571 0.1439 0.3475 0.5068 0.3827 0.2241 0.1524 0.1480 0.3774 0.5097 0.3605 0.2131 0.1485 0.1537 0.4029 0.5095 0.3402 0.2032 0.1452 0.1735
0.1562 0.2069 0.3477 0.5100 0.3936 0.1513 0.1499 0.2171 0.3685 0.5090 0.3670 0.1464 0.1540 0.2283 0.3908 0.5052 0.3363 0.1429 0.1589 0.2409 0.4146 0.4984 0.3010 0.1406 0.1650 0.2566 0.4427 0.4866 0.2539 0.1394 0.1744 0.2800 0.4777 0.4637 0.1946 0.1410 0.1901 0.3166 0.5056 0.4195 0.1570 0.1480 0.2147 0.3705 0.5078 0.3450 0.1427 0.1607 0.2489 0.4263 0.5075 0.4263 0.2489 0.1607 0.1427 0.3450 0.5078 0.3705 0.2147 0.1480 0.1570 0.4195 0.5056 0.3166 0.1901 0.1410 0.1946 0.4637 0.4777 0.2800 0.1744 0.1394 0.2539 0.4866 0.4427 0.2566 0.1650 0.1406 0.3010 0.4984 0.4146 0.2409 0.1589 0.1429 0.3363 0.5052 0.3908 0.2283 0.1540 0.1464 0.3670 0.5090 0.3685 0.2171 0.1499 0.1513 0.3936 0.5100 0.3477 0.2069 0.1562
0.2144 0.3555 0.5100 0.3839 0.1492 0.1514 0.2211 0.3766 0.5079 0.3561 0.1449 0.1557 0.2326 0.3990 0.5031 0.3246 0.1419 0.1608 0.2456 0.4228 0.4956 0.2894 0.1401 0.1668 0.2606 0.4487 0.4839 0.2462 0.1394 0.1756 0.2821 0.4795 0.4626 0.1937 0.1410 0.1898 0.3154 0.5050 0.4223 0.1584 0.1473 0.2126 0.3656 0.5086 0.3530 0.1435 0.1593 0.2460 0.4294 0.4925 0.3938 0.4925 0.4294 0.2460 0.1593 0.1435 0.3530 0.5086 0.3656 0.2126 0.1473 0.1584 0.4223 0.5050 0.3154 0.1898 0.1410 0.1937 0.4626 0.4795 0.2821 0.1756 0.1394 0.2462 0.4839 0.4487 0.2606 0.1668 0.1401 0.2894 0.4956 0.4228 0.2456 0.1608 0.1419 0.3246 0.5031 0.3990 0.2326 0.1557 0.1449 0.3561 0.5079 0.3766 0.2211 0.1514 0.1492 0.3839 0.5100 0.3555 0.2144
0.3588 0.5097 0.3738 0.1474 0.1529 0.2254 0.3849 0.5064 0.3448 0.1437 0.1574 0.2372 0.4074 0.5008 0.3127 0.1412 0.1627 0.2504 0.4312 0.4924 0.2770 0.1398 0.1688 0.2652 0.4554 0.4806 0.2370 0.1395 0.1771 0.2851 0.4823 0.4606 0.1913 0.1411 0.1901 0.3154 0.5048 0.4237 0.1592 0.1469 0.2110 0.3618 0.5091 0.3598 0.1443 0.1580 0.2426 0.4245 0.4925 0.2845 0.1476 0.2845 0.4925 0.4245 0.2426 0.1580 0.1443 0.3598 0.5091 0.3618 0.2110 0.1469 0.1592 0.4237 0.5048 0.3154 0.1901 0.1411 0.1913 0.4606 0.4823 0.2851 0.1771 0.1395 0.2370 0.4806 0.4554 0.2652 0.1688 0.1398 0.2770 0.4924 0.4312 0.2504 0.1627 0.1412 0.3127 0.5008 0.4074 0.2372 0.1574 0.1437 0.3448 0.5064 0.3849 0.2254 0.1529 0.1474 0.3738 0.5097 0.3588
0.5081 0.3632 0.1458 0.1546 0.2297 0.3933 0.5046 0.3332 0.1426 0.1593 0.2419 0.4160 0.4981 0.3003 0.1406 0.1648 0.2553 0.4394 0.4889 0.2643 0.1395 0.1711 0.2703 0.4624 0.4766 0.2269 0.1396 0.1790 0.2890 0.4858 0.4576 0.1876 0.1413 0.1909 0.3166 0.5050 0.4237 0.1595 0.1467 0.2100 0.3591 0.5094 0.3649 0.1450 0.1569 0.2395 0.4189 0.4945 0.2771 0.1386 0.1469 0.1386 0.2771 0.4945 0.4189 0.2395 0.1569 0.1450 0.3649 0.5094 0.3591 0.2100 0.1467 0.1595 0.4237 0.5050 0.3166 0.1909 0.1413 0.1876 0.4576 0.4858 0.2890 0.1790 0.1396 0.2269 0.4766 0.4624 0.2703 0.1711 0.1395 0.2643 0.4889 0.4394 0.2553 0.1648 0.1406 0.3003 0.4981 0.4160 0.2419 0.1593 0.1426 0.3332 0.5046 0.3933 0.2297 0.1546 0.1458 0.3632 0.5081
0.3578 0.1445 0.1563 0.2342 0.4019 0.5024 0.3211 0.1417 0.1613 0.2467 0.4246 0.4950 0.2875 0.1401 0.1669 0.2604 0.4476 0.4850 0.2516 0.1394 0.1734 0.2757 0.4696 0.4721 0.2163 0.1398 0.1812 0.2936 0.4899 0.4536 0.1830 0.1417 0.1922 0.3190 0.5056 0.4223 0.1592 0.1467 0.2097 0.3577 0.5096 0.3685 0.1456 0.1561 0.2370 0.4138 0.4965 0.2834 0.1395 0.1663 0.2135 0.1663 0.1395 0.2834 0.4965 0.4138 0.2370 0.1561 0.1456 0.3685 0.5096 0.3577 0.2097 0.1467 0.1592 0.4223 0.5056 0.3190 0.1922 0.1417 0.1830 0.4536 0.4899 0.2936 0.1812 0.1398 0.2163 0.4721 0.4696 0.2757 0.1734 0.1394 0.2516 0.4850 0.4476 0.2604 0.1669 0.1401 0.2875 0.4950 0.4246 0.2467 0.1613 0.1417 0.3211 0.5024 0.4019 0.2342 0.1563 0.1445 0.3578
0.1552 0.1581 0.2388 0.4104 0.4999 0.3086 0.1410 0.1633 0.2517 0.4332 0.4916 0.2745 0.1397 0.1691 0.2657 0.4556 0.4808 0.2390 0.1394 0.1759 0.2813 0.4765 0.4670 0.2057 0.1401 0.1837 0.2989 0.4940 0.4487 0.1779 0.1422 0.1940 0.3224 0.5065 0.4195 0.1584 0.1469 0.2100 0.3577 0.5097 0.3702 0.1460 0.1555 0.2352 0.4097 0.4981 0.2905 0.1398 0.1692 0.2631 0.3714 0.2631 0.1692 0.1398 0.2905 0.4981 0.4097 0.2352 0.1555 0.1460 0.3702 0.5097 0.3577 0.2100 0.1469 0.1584 0.4195 0.5065 0.3224 0.1940 0.1422 0.1779 0.4487 0.4940 0.2989 0.1837 0.1401 0.2057 0.4670 0.4765 0.2813 0.1759 0.1394 0.2390 0.4808 0.4556 0.2657 0.1691 0.1397 0.2745 0.4916 0.4332 0.2517 0.1633 0.1410 0.3086 0.4999 0.4104 0.2388 0.1581 0.1552
0.1679 0.2436 0.4190 0.4971 0.2959 0.1404 0.1654 0.2568 0.4417 0.4879 0.2613 0.1395 0.1715 0.2712 0.4634 0.4763 0.2267 0.1396 0.1785 0.2871 0.4830 0.4615 0.1957 0.1406 0.1864 0.3047 0.4979 0.4429 0.1729 0.1429 0.1963 0.3268 0.5076 0.4154 0.1570 0.1473 0.2110 0.3591 0.5096 0.3702 0.1461 0.1552 0.2340 0.4069 0.4992 0.2965 0.1401 0.1685 0.2674 0.4550 0.5055 0.4550 0.2674 0.1685 0.1401 0.2965 0.4992 0.4069 0.2340 0.1552 0.1461 0.3702 0.5096 0.3591 0.2110 0.1473 0.1570 0.4154 0.5076 0.3268 0.1963 0.1429 0.1729 0.4429 0.4979 0.3047 0.1864 0.1406 0.1957 0.4615 0.4830 0.2871 0.1785 0.1396 0.2267 0.4763 0.4634 0.2712 0.1715 0.1395 0.2613 0.4879 0.4417 0.2568 0.1654 0.1404 0.2959 0.4971 0.4190 0.2436 0.1679
0.2499 0.4278 0.4939 0.2829 0.1399 0.1677 0.2621 0.4501 0.4838 0.2482 0.1394 0.1740 0.2769 0.4709 0.4713 0.2150 0.1398 0.1812 0.2931 0.4888 0.4556 0.1869 0.1412 0.1893 0.3109 0.5014 0.4364 0.1682 0.1437 0.1989 0.3320 0.5086 0.4101 0.1554 0.1480 0.2126 0.3618 0.5094 0.3685 0.1460 0.1552 0.2336 0.4055 0.4999 0.3007 0.1403 0.1676 0.2658 0.4600 0.4788 0.3589 0.4788 0.4600 0.2658 0.1676 0.1403 0.3007 0.4999 0.4055 0.2336 0.1552 0.1460 0.3685 0.5094 0.3618 0.2126 0.1480 0.1554 0.4101 0.5086 0.3320 0.1989 0.1437 0.1682 0.4364 0.5014 0.3109 0.1893 0.1412 0.1869 0.4556 0.4888 0.2931 0.1812 0.1398 0.2150 0.4713 0.4709 0.2769 0.1740 0.1394 0.2482 0.4838 0.4501 0.2621 0.1677 0.1399 0.2829 0.4939 0.4278 0.2499
0.4293 0.4905 0.2698 0.1396 0.1700 0.2676 0.4582 0.4794 0.2353 0.1395 0.1766 0.2827 0.4780 0.4660 0.2039 0.1402 0.1839 0.2992 0.4939 0.4493 0.1794 0.1419 0.1924 0.3175 0.5043 0.4293 0.1640 0.1447 0.2019 0.3380 0.5094 0.4037 0.1536 0.1488 0.2147 0.3656 0.5091 0.3649 0.1456 0.1555 0.2340 0.4055 0.5001 0.3028 0.1404 0.1669 0.2638 0.4581 0.4768 0.2358 0.1411 0.2358 0.4768 0.4581 0.2638 0.1669 0.1404 0.3028 0.5001 0.4055 0.2340 0.1555 0.1456 0.3649 0.5091 0.3656 0.2147 0.1488 0.1536 0.4037 0.5094 0.3380 0.2019 0.1447 0.1640 0.4293 0.5043 0.3175 0.1924 0.1419 0.1794 0.4493 0.4939 0.2992 0.1839 0.1402 0.2039 0.4660 0.4780 0.2827 0.1766 0.1395 0.2353 0.4794 0.4582 0.2676 0.1700 0.1396 0.2698 0.4905 0.4293
0.4883 0.2567 0.1395 0.1724 0.2732 0.4660 0.4746 0.2228 0.1396 0.1792 0.2887 0.4845 0.4602 0.1938 0.1407 0.1868 0.3055 0.4982 0.4427 0.1731 0.1428 0.1955 0.3242 0.5066 0.4216 0.1603 0.1458 0.2052 0.3446 0.5099 0.3962 0.1517 0.1498 0.2174 0.3705 0.5086 0.3598 0.1450 0.1561 0.2352 0.4069 0.4999 0.3028 0.1404 0.1666 0.2626 0.4558 0.4779 0.2250 0.1382 0.1527 0.1382 0.2250 0.4779 0.4558 0.2626 0.1666 0.1404 0.3028 0.4999 0.4069 0.2352 0.1561 0.1450 0.3598 0.5086 0.3705 0.2174 0.1498 0.1517 0.3962 0.5099 0.3446 0.2052 0.1458 0.1603 0.4216 0.5066 0.3242 0.1955 0.1428 0.1731 0.4427 0.4982 0.3055 0.1868 0.1407 0.1938 0.4602 0.4845 0.2887 0.1792 0.1396 0.2228 0.4746 0.4660 0.2732 0.1724 0.1395 0.2567 0.4883
0.2521 0.1394 0.1749 0.2789 0.4734 0.4695 0.2111 0.1399 0.1820 0.2949 0.4903 0.4540 0.1850 0.1414 0.1899 0.3120 0.5019 0.4356 0.1679 0.1438 0.1988 0.3311 0.5082 0.4135 0.1571 0.1470 0.2087 0.3518 0.5100 0.3878 0.1499 0.1510 0.2205 0.3764 0.5078 0.3530 0.1443 0.1569 0.2370 0.4097 0.4992 0.3007 0.1404 0.1666 0.2621 0.4545 0.4789 0.2265 0.1395 0.1764 0.2309 0.1764 0.1395 0.2265 0.4789 0.4545 0.2621 0.1666 0.1404 0.3007 0.4992 0.4097 0.2370 0.1569 0.1443 0.3530 0.5078 0.3764 0.2205 0.1510 0.1499 0.3878 0.5100 0.3518 0.2087 0.1470 0.1571 0.4135 0.5082 0.3311 0.1988 0.1438 0.1679 0.4356 0.5019 0.3120 0.1899 0.1414 0.1850 0.4540 0.4903 0.2949 0.1820 0.1399 0.2111 0.4695 0.4734 0.2789 0.1749 0.1394 0.2521
0.1511 0.1775 0.2848 0.4803 0.4640 0.2002 0.1404 0.1849 0.3012 0.4953 0.4475 0.1776 0.1421 0.1930 0.3188 0.5048 0.4281 0.1635 0.1448 0.2022 0.3382 0.5093 0.4050 0.1543 0.1482 0.2124 0.3593 0.5098 0.3785 0.1482 0.1523 0.2240 0.3830 0.5066 0.3450 0.1435 0.1580 0.2395 0.4138 0.4981 0.2965 0.1403 0.1669 0.2626 0.4545 0.4792 0.2281 0.1396 0.1805 0.2879 0.4071 0.2879 0.1805 0.1396 0.2281 0.4792 0.4545 0.2626 0.1669 0.1403 0.2965 0.4981 0.4138 0.2395 0.1580 0.1435 0.3450 0.5066 0.3830 0.2240 0.1523 0.1482 0.3785 0.5098 0.3593 0.2124 0.1482 0.1543 0.4050 0.5093 0.3382 0.2022 0.1448 0.1635 0.4281 0.5048 0.3188 0.1930 0.1421 0.1776 0.4475 0.4953 0.3012 0.1849 0.1404 0.2002 0.4640 0.4803 0.2848 0.1775 0.1511
0.1862 0.2908 0.4865 0.4581 0.1906 0.1409 0.1878 0.3076 0.4995 0.4406 0.1715 0.1430 0.1963 0.3257 0.5070 0.4202 0.1598 0.1459 0.2056 0.3454 0.5099 0.3963 0.1519 0.1495 0.2162 0.3669 0.5092 0.3687 0.1466 0.1538 0.2278 0.3902 0.5052 0.3358 0.1427 0.1593 0.2426 0.4189 0.4965 0.2905 0.1401 0.1676 0.2638 0.4558 0.4789 0.2281 0.1396 0.1808 0.2946 0.4863 0.4969 0.4863 0.2946 0.1808 0.1396 0.2281 0.4789 0.4558 0.2638 0.1676 0.1401 0.2905 0.4965 0.4189 0.2426 0.1593 0.1427 0.3358 0.5052 0.3902 0.2278 0.1538 0.1466 0.3687 0.5092 0.3669 0.2162 0.1495 0.1519 0.3963 0.5099 0.3454 0.2056 0.1459 0.1598 0.4202 0.5070 0.3257 0.1963 0.1430 0.1715 0.4406 0.4995 0.3076 0.1878 0.1409 0.1906 0.4581 0.4865 0.2908 0.1862
0.2955 0.4919 0.4521 0.1826 0.1415 0.1908 0.3140 0.5027 0.4335 0.1666 0.1440 0.1995 0.3325 0.5084 0.4122 0.1566 0.1471 0.2091 0.3525 0.5100 0.3874 0.1499 0.1509 0.2199 0.3744 0.5082 0.3587 0.1452 0.1553 0.2318 0.3977 0.5034 0.3259 0.1420 0.1607 0.2460 0.4245 0.4945 0.2834 0.1398 0.1685 0.2658 0.4581 0.4779 0.2265 0.1396 0.1808 0.2951 0.4921 0.4545 0.3058 0.4545 0.4921 0.2951 0.1808 0.1396 0.2265 0.4779 0.4581 0.2658 0.1685 0.1398 0.2834 0.4945 0.4245 0.2460 0.1607 0.1420 0.3259 0.5034 0.3977 0.2318 0.1553 0.1452 0.3587 0.5082 0.3744 0.2199 0.1509 0.1499 0.3874 0.5100 0.3525 0.2091 0.1471 0.1566 0.4122 0.5084 0.3325 0.1995 0.1440 0.1666 0.4335 0.5027 0.3140 0.1908 0.1415 0.1826 0.4521 0.4919 0.2955
0.4900 0.4471 0.1770 0.1420 0.1930 0.3193 0.5047 0.4275 0.1631 0.1447 0.2020 0.3381 0.5090 0.4054 0.1543 0.1479 0.2118 0.3584 0.5095 0.3799 0.1483 0.1518 0.2228 0.3806 0.5069 0.3503 0.1440 0.1564 0.2351 0.4040 0.5014 0.3173 0.1413 0.1618 0.2489 0.4294 0.4925 0.2771 0.1395 0.1692 0.2674 0.4600 0.4768 0.2250 0.1395 0.1805 0.2946 0.4921 0.4494 0.1846 0.1370 0.1846 0.4494 0.4921 0.2946 0.1805 0.1395 0.2250 0.4768 0.4600 0.2674 0.1692 0.1395 0.2771 0.4925 0.4294 0.2489 0.1618 0.1413 0.3173 0.5014 0.4040 0.2351 0.1564 0.1440 0.3503 0.5069 0.3806 0.2228 0.1518 0.1483 0.3799 0.5095 0.3584 0.2118 0.1479 0.1543 0.4054 0.5090 0.3381 0.2020 0.1447 0.1631 0.4275 0.5047 0.3193 0.1930 0.1420 0.1770 0.4471 0.4900
0.4518 0.1791 0.1405 0.1904 0.3173 0.5032 0.4294 0.1638 0.1431 0.1993 0.3363 0.5077 0.4081 0.1543 0.1462 0.2091 0.3566 0.5084 0.3836 0.1480 0.1499 0.2200 0.3786 0.5060 0.3548 0.1435 0.1544 0.2322 0.4019 0.5007 0.3223 0.1405 0.1596 0.2457 0.4263 0.4925 0.2845 0.1386 0.1663 0.2631 0.4550 0.4788 0.2358 0.1382 0.1764 0.2879 0.4863 0.4545 0.1846 0.1383 0.1574 0.1383 0.1846 0.4545 0.4863 0.2879 0.1764 0.1382 0.2358 0.4788 0.4550 0.2631 0.1663 0.1386 0.2845 0.4925 0.4263 0.2457 0.1596 0.1405 0.3223 0.5007 0.4019 0.2322 0.1544 0.1435 0.3548 0.5060 0.3786 0.2200 0.1499 0.1480 0.3836 0.5084 0.3566 0.2091 0.1462 0.1543 0.4081 0.5077 0.3363 0.1993 0.1431 0.1638 0.4294 0.5032 0.3173 0.1904 0.1405 0.1791 0.4518
0.2946 0.1366 0.1627 0.2555 0.4469 0.4827 0.2562 0.1364 0.1687 0.2704 0.4679 0.4710 0.2220 0.1370 0.1754 0.2865 0.4856 0.4568 0.1919 0.1382 0.1830 0.3043 0.4983 0.4393 0.1698 0.1403 0.1917 0.3238 0.5052 0.4187 0.1563 0.1431 0.2014 0.3450 0.5075 0.3938 0.1476 0.1469 0.2135 0.3714 0.5055 0.3589 0.1411 0.1527 0.2309 0.4071 0.4969 0.3058 0.1370 0.1574 0.1976 0.1574 0.1370 0.3058 0.4969 0.4071 0.2309 0.1527 0.1411 0.3589 0.5055 0.3714 0.2135 0.1469 0.1476 0.3938 0.5075 0.3450 0.2014 0.1431 0.1563 0.4187 0.5052 0.3238 0.1917 0.1403 0.1698 0.4393 0.4983 0.3043 0.1830 0.1382 0.1919 0.4568 0.4856 0.2865 0.1754 0.1370 0.2220 0.4710 0.4679 0.2704 0.1687 0.1364 0.2562 0.4827 0.4469 0.2555 0.1627 0.1366 0.2946
0.4518 0.1791 0.1405 0.1904 0.3173 0.5032 0.4294 0.1638 0.1431 0.1993 0.3363 0.5077 0.4081 0.1543 0.1462 0.2091 0.3566 0.5084 0.3836 0.1480 0.1499 0.2200 0.3786 0.5060 0.3548 0.1435 0.1544 0.2322 0.4019 0.5007 0.3223 0.1405 0.1596 0.2457 0.4263 0.4925 0.2845 0.1386 0.1663 0.2631 0.4550 0.4788 0.2358 0.1382 0.1764 0.2879 0.4863 0.4545 0.1846 0.1383 0.1574 0.1383 0.1846 0.4545 0.4863 0.2879 0.1764 0.1382 0.2358 0.4788 0.4550 0.2631 0.1663 0.1386 0.2845 0.4925 0.4263 0.2457 0.1596 0.1405 0.3223 0.5007 0.4019 0.2322 0.1544 0.1435 0.3548 0.5060 0.3786 0.2200 0.1499 0.1480 0.3836 0.5084 0.3566 0.2091 0.1462 0.1543 0.4081 0.5077 0.3363 0.1993 0.1431 0.1638 0.4294 0.5032 0.3173 0.1904 0.1405 0.1791 0.4518
0.4900 0.4471 0.1770 0.1420 0.1930 0.3193 0.5047 0.4275 0.1631 0.1447 0.2020 0.3381 0.5090 0.4054 0.1543 0.1479 0.2118 0.3584 0.5095 0.3799 0.1483 0.1518 0.2228 0.3806 0.5069 0.3503 0.1440 0.1564 0.2351 0.4040 0.5014 0.3173 0.1413 0.1618 0.2489 0.4294 0.4925 0.2771 0.1395 0.1692 0.2674 0.4600 0.4768 0.2250 0.1395 0.1805 0.2946 0.4921 0.4494 0.1846 0.1370 0.1846 0.4494 0.4921 0.2946 0.1805 0.1395 0.2250 0.4768 0.4600 0.2674 0.1692 0.1395 0.2771 0.4925 0.4294 0.2489 0.1618 0.1413 0.3173 0.5014 0.4040 0.2351 0.1564 0.1440 0.3503 0.5069 0.3806 0.2228 0.1518 0.1483 0.3799 0.5095 0.3584 0.2118 0.1479 0.1543 0.4054 0.5090 0.3381 0.2020 0.1447 0.1631 0.4275 0.5047 0.3193 0.1930 0.1420 0.1770 0.4471 0.4900
0.2955 0.4919 0.4521 0.1826 0.1415 0.1908 0.3140 0.5027 0.4335 0.1666 0.1440 0.1995 0.3325 0.5084 0.4122 0.1566 0.1471 0.2091 0.3525 0.5100 0.3874 0.1499 0.1509 0.2199 0.3744 0.5082 0.3587 0.1452 0.1553 0.2318 0.3977 0.5034 0.3259 0.1420 0.1607 0.2460 0.4245 0.4945 0.2834 0.1398 0.1685 0.2658 0.4581 0.4779 0.2265 0.1396 0.1808 0.2951 0.4921 0.4545 0.3058 0.4545 0.4921 0.2951 0.1808 0.1396 0.2265 0.4779 0.4581 0.2658 0.1685 0.1398 0.2834 0.4945 0.4245 0.2460 0.1607 0.1420 0.3259 0.5034 0.3977 0.2318 0.1553 0.1452 0.3587 0.5082 0.3744 0.2199 0.1509 0.1499 0.3874 0.5100 0.3525 0.2091 0.1471 0.1566 0.4122 0.5084 0.3325 0.1995 0.1440 0.1666 0.4335 0.5027 0.3140 0.1908 0.1415 0.1826 0.4521 0.4919 0.2955
0.1862 0.2908 0.4865 0.4581 0.1906 0.1409 0.1878 0.3076 0.4995 0.4406 0.1715 0.1430 0.1963 0.3257 0.5070 0.4202 0.1598 0.1459 0.2056 0.3454 0.5099 0.3963 0.1519 0.1495 0.2162 0.3669 0.5092 0.3687 0.1466 0.1538 0.2278 0.3902 0.5052 0.3358 0.1427 0.1593 0.2426 0.4189 0.4965 0.2905 0.1401 0.1676 0.2638 0.4558 0.4789 0.2281 0.1396 0.1808 0.2946 0.4863 0.4969 0.4863 0.2946 0.1808 0.1396 0.2281 0.4789 0.4558 0.2638 0.1676 0.1401 0.2905 0.4965 0.4189 0.2426 0.1593 0.1427 0.3358 0.5052 0.3902 0.2278 0.1538 0.1466 0.3687 0.5092 0.3669 0.2162 0.1495 0.1519 0.3963 0.5099 0.3454 0.2056 0.1459 0.1598 0.4202 0.5070 0.3257 0.1963 0.1430 0.1715 0.4406 0.4995 0.3076 0.1878 0.1409 0.1906 0.4581 0.4865 0.2908 0.1862
0.1511 0.1775 0.2848 0.4803 0.4640 0.2002 0.1404 0.1849 0.3012 0.4953 0.4475 0.1776 0.1421 0.1930 0.3188 0.5048 0.4281 0.1635 0.1448 0.2022 0.3382 0.5093 0.4050 0.1543 0.1482 0.2124 0.3593 0.5098 0.3785 0.1482 0.1523 0.2240 0.3830 0.5066 0.3450 0.1435 0.1580 0.2395 0.4138 0.4981 0.2965 0.1403 0.1669 0.2626 0.4545 0.4792 0.2281 0.1396 0.1805 0.2879 0.4071 0.2879 0.1805 0.1396 0.2281 0.4792 0.4545 0.2626 0.1669 0.1403 0.2965 0.4981 0.4138 0.2395 0.1580 0.1435 0.3450 0.5066 0.3830 0.2240 0.1523 0.1482 0.3785 0.5098 0.3593 0.2124 0.1482 0.1543 0.4050 0.5093 0.3382 0.2022 0.1448 0.1635 0.4281 0.5048 0.3188 0.1930 0.1421 0.1776 0.4475 0.4953 0.3012 0.1849 0.1404 0.2002 0.4640 0.4803 0.2848 0.1775 0.1511
