0.3781 0.5040 0.3195 0.1525 0.1742 0.2666 0.4570 0.4733 0.2127 0.1519 0.1955 0.3172 0.5041 0.4149 0.1651 0.1592 0.2248 0.3805 0.5046 0.3260 0.1528 0.1730 0.2635 0.4521 0.4764 0.2194 0.1516 0.1936 0.3131 0.5025 0.4203 0.1667 0.1585 0.2223 0.3753 0.5057 0.3336 0.1533 0.1717 0.2602 0.4469 0.4794 0.2265 0.1514 0.1918 0.3090 0.5005 0.4259 0.1693 0.1546 0.1794 0.1546 0.1693 0.4259 0.5005 0.3090 0.1918 0.1514 0.2265 0.4794 0.4469 0.2602 0.1717 0.1533 0.3336 0.5057 0.3753 0.2223 0.1585 0.1667 0.4203 0.5025 0.3131 0.1936 0.1516 0.2194 0.4764 0.4521 0.2635 0.1730 0.1528 0.3260 0.5046 0.3805 0.2248 0.1592 0.1651 0.4149 0.5041 0.3172 0.1955 0.1519 0.2127 0.4733 0.4570 0.2666 0.1742 0.1525 0.3195 0.5040 0.3781
0.5040 0.3194 0.1411 0.1652 0.2611 0.4566 0.4759 0.2137 0.1403 0.1872 0.3128 0.5052 0.4191 0.1561 0.1487 0.2176 0.3777 0.5064 0.3317 0.1416 0.1636 0.2575 0.4512 0.4789 0.2214 0.1400 0.1853 0.3086 0.5035 0.4244 0.1581 0.1478 0.2150 0.3725 0.5074 0.3393 0.1422 0.1622 0.2542 0.4459 0.4818 0.2293 0.1398 0.1834 0.3044 0.5014 0.4295 0.1605 0.1464 0.2046 0.2798 0.2046 0.1464 0.1605 0.4295 0.5014 0.3044 0.1834 0.1398 0.2293 0.4818 0.4459 0.2542 0.1622 0.1422 0.3393 0.5074 0.3725 0.2150 0.1478 0.1581 0.4244 0.5035 0.3086 0.1853 0.1400 0.2214 0.4789 0.4512 0.2575 0.1636 0.1416 0.3317 0.5064 0.3777 0.2176 0.1487 0.1561 0.4191 0.5052 0.3128 0.1872 0.1403 0.2137 0.4759 0.4566 0.2611 0.1652 0.1411 0.3194 0.5040
0.3195 0.1411 0.1644 0.2579 0.4503 0.4798 0.2247 0.1399 0.1843 0.3063 0.5023 0.4271 0.1593 0.1473 0.2136 0.3695 0.5077 0.3434 0.1425 0.1615 0.2523 0.4428 0.4833 0.2338 0.1397 0.1824 0.3020 0.5000 0.4322 0.1616 0.1465 0.2111 0.3643 0.5085 0.3508 0.1431 0.1602 0.2491 0.4373 0.4860 0.2420 0.1395 0.1806 0.2979 0.4974 0.4370 0.1642 0.1456 0.2074 0.3474 0.4784 0.3474 0.2074 0.1456 0.1642 0.4370 0.4974 0.2979 0.1806 0.1395 0.2420 0.4860 0.4373 0.2491 0.1602 0.1431 0.3508 0.5085 0.3643 0.2111 0.1465 0.1616 0.4322 0.5000 0.3020 0.1824 0.1397 0.2338 0.4833 0.4428 0.2523 0.1615 0.1425 0.3434 0.5077 0.3695 0.2136 0.1473 0.1593 0.4271 0.5023 0.3063 0.1843 0.1399 0.2247 0.4798 0.4503 0.2579 0.1644 0.1411 0.3195
0.1525 0.1652 0.2579 0.4478 0.4822 0.2332 0.1397 0.1819 0.3004 0.4989 0.4345 0.1629 0.1461 0.2098 0.3615 0.5089 0.3548 0.1435 0.1595 0.2473 0.4343 0.4874 0.2466 0.1395 0.1796 0.2957 0.4959 0.4396 0.1658 0.1453 0.2073 0.3564 0.5094 0.3618 0.1443 0.1583 0.2442 0.4288 0.4899 0.2549 0.1394 0.1778 0.2916 0.4928 0.4442 0.1689 0.1446 0.2047 0.3493 0.5085 0.4634 0.5085 0.3493 0.2047 0.1446 0.1689 0.4442 0.4928 0.2916 0.1778 0.1394 0.2549 0.4899 0.4288 0.2442 0.1583 0.1443 0.3618 0.5094 0.3564 0.2073 0.1453 0.1658 0.4396 0.4959 0.2957 0.1796 0.1395 0.2466 0.4874 0.4343 0.2473 0.1595 0.1435 0.3548 0.5089 0.3615 0.2098 0.1461 0.1629 0.4345 0.4989 0.3004 0.1819 0.1397 0.2332 0.4822 0.4478 0.2579 0.1652 0.1525
0.1742 0.2611 0.4503 0.4822 0.2364 0.1396 0.1801 0.2957 0.4954 0.4409 0.1669 0.1450 0.2062 0.3539 0.5096 0.3656 0.1448 0.1577 0.2425 0.4257 0.4912 0.2597 0.1394 0.1769 0.2895 0.4909 0.4466 0.1708 0.1442 0.2037 0.3487 0.5099 0.3724 0.1457 0.1565 0.2394 0.4202 0.4934 0.2681 0.1394 0.1752 0.2856 0.4873 0.4509 0.1745 0.1435 0.2014 0.3434 0.5097 0.3949 0.2045 0.3949 0.5097 0.3434 0.2014 0.1435 0.1745 0.4509 0.4873 0.2856 0.1752 0.1394 0.2681 0.4934 0.4202 0.2394 0.1565 0.1457 0.3724 0.5099 0.3487 0.2037 0.1442 0.1708 0.4466 0.4909 0.2895 0.1769 0.1394 0.2597 0.4912 0.4257 0.2425 0.1577 0.1448 0.3656 0.5096 0.3539 0.2062 0.1450 0.1669 0.4409 0.4954 0.2957 0.1801 0.1396 0.2364 0.4822 0.4503 0.2611 0.1742
0.2666 0.4566 0.4798 0.2332 0.1396 0.1795 0.2931 0.4926 0.4458 0.1709 0.1441 0.2030 0.3468 0.5100 0.3756 0.1461 0.1559 0.2378 0.4171 0.4946 0.2728 0.1395 0.1743 0.2834 0.4852 0.4532 0.1768 0.1432 0.2002 0.3412 0.5100 0.3826 0.1472 0.1548 0.2348 0.4115 0.4967 0.2812 0.1396 0.1727 0.2796 0.4812 0.4573 0.1813 0.1426 0.1980 0.3364 0.5097 0.3917 0.1505 0.1376 0.1505 0.3917 0.5097 0.3364 0.1980 0.1426 0.1813 0.4573 0.4812 0.2796 0.1727 0.1396 0.2812 0.4967 0.4115 0.2348 0.1548 0.1472 0.3826 0.5100 0.3412 0.2002 0.1432 0.1768 0.4532 0.4852 0.2834 0.1743 0.1395 0.2728 0.4946 0.4171 0.2378 0.1559 0.1461 0.3756 0.5100 0.3468 0.2030 0.1441 0.1709 0.4458 0.4926 0.2931 0.1795 0.1396 0.2332 0.4798 0.4566 0.2666
0.4570 0.4759 0.2247 0.1397 0.1801 0.2931 0.4915 0.4485 0.1740 0.1434 0.2004 0.3407 0.5100 0.3847 0.1476 0.1543 0.2334 0.4088 0.4977 0.2857 0.1397 0.1718 0.2776 0.4788 0.4595 0.1840 0.1422 0.1967 0.3338 0.5096 0.3924 0.1490 0.1531 0.2303 0.4029 0.4996 0.2942 0.1399 0.1703 0.2739 0.4744 0.4632 0.1894 0.1417 0.1946 0.3292 0.5091 0.3989 0.1507 0.1482 0.1795 0.1482 0.1507 0.3989 0.5091 0.3292 0.1946 0.1417 0.1894 0.4632 0.4744 0.2739 0.1703 0.1399 0.2942 0.4996 0.4029 0.2303 0.1531 0.1490 0.3924 0.5096 0.3338 0.1967 0.1422 0.1840 0.4595 0.4788 0.2776 0.1718 0.1397 0.2857 0.4977 0.4088 0.2334 0.1543 0.1476 0.3847 0.5100 0.3407 0.2004 0.1434 0.1740 0.4485 0.4915 0.2931 0.1801 0.1397 0.2247 0.4759 0.4570
0.4733 0.2137 0.1399 0.1819 0.2957 0.4926 0.4485 0.1752 0.1431 0.1987 0.3362 0.5097 0.3923 0.1492 0.1529 0.2293 0.4007 0.5003 0.2982 0.1400 0.1695 0.2720 0.4719 0.4652 0.1927 0.1414 0.1934 0.3266 0.5087 0.4017 0.1510 0.1516 0.2259 0.3944 0.5021 0.3070 0.1403 0.1679 0.2683 0.4670 0.4688 0.1989 0.1410 0.1914 0.3221 0.5078 0.4076 0.1526 0.1500 0.2149 0.2960 0.2149 0.1500 0.1526 0.4076 0.5078 0.3221 0.1914 0.1410 0.1989 0.4688 0.4670 0.2683 0.1679 0.1403 0.3070 0.5021 0.3944 0.2259 0.1516 0.1510 0.4017 0.5087 0.3266 0.1934 0.1414 0.1927 0.4652 0.4719 0.2720 0.1695 0.1400 0.2982 0.5003 0.4007 0.2293 0.1529 0.1492 0.3923 0.5097 0.3362 0.1987 0.1431 0.1752 0.4485 0.4926 0.2957 0.1819 0.1399 0.2137 0.4733
0.2127 0.1403 0.1843 0.3004 0.4954 0.4458 0.1740 0.1431 0.1980 0.3337 0.5094 0.3979 0.1506 0.1517 0.2257 0.3934 0.5026 0.3100 0.1405 0.1673 0.2666 0.4646 0.4706 0.2024 0.1408 0.1903 0.3197 0.5072 0.4106 0.1534 0.1501 0.2217 0.3860 0.5043 0.3195 0.1409 0.1657 0.2628 0.4592 0.4740 0.2096 0.1404 0.1883 0.3153 0.5059 0.4161 0.1551 0.1490 0.2177 0.3684 0.4932 0.3684 0.2177 0.1490 0.1551 0.4161 0.5059 0.3153 0.1883 0.1404 0.2096 0.4740 0.4592 0.2628 0.1657 0.1409 0.3195 0.5043 0.3860 0.2217 0.1501 0.1534 0.4106 0.5072 0.3197 0.1903 0.1408 0.2024 0.4706 0.4646 0.2666 0.1673 0.1405 0.3100 0.5026 0.3934 0.2257 0.1517 0.1506 0.3979 0.5094 0.3337 0.1980 0.1431 0.1740 0.4458 0.4954 0.3004 0.1843 0.1403 0.2127
0.1519 0.1872 0.3063 0.4989 0.4409 0.1709 0.1434 0.1987 0.3337 0.5093 0.4009 0.1516 0.1508 0.2229 0.3871 0.5043 0.3205 0.1410 0.1653 0.2615 0.4570 0.4754 0.2131 0.1403 0.1873 0.3130 0.5051 0.4190 0.1561 0.1487 0.2176 0.3777 0.5062 0.3317 0.1416 0.1636 0.2575 0.4511 0.4788 0.2213 0.1400 0.1853 0.3086 0.5034 0.4243 0.1581 0.1478 0.2147 0.3701 0.5074 0.4478 0.5074 0.3701 0.2147 0.1478 0.1581 0.4243 0.5034 0.3086 0.1853 0.1400 0.2213 0.4788 0.4511 0.2575 0.1636 0.1416 0.3317 0.5062 0.3777 0.2176 0.1487 0.1561 0.4190 0.5051 0.3130 0.1873 0.1403 0.2131 0.4754 0.4570 0.2615 0.1653 0.1410 0.3205 0.5043 0.3871 0.2229 0.1508 0.1516 0.4009 0.5093 0.3337 0.1987 0.1434 0.1709 0.4409 0.4989 0.3063 0.1872 0.1519
0.1955 0.3128 0.5023 0.4345 0.1669 0.1441 0.2004 0.3362 0.5094 0.4009 0.1520 0.1504 0.2211 0.3825 0.5056 0.3293 0.1416 0.1635 0.2569 0.4497 0.4798 0.2244 0.1399 0.1844 0.3065 0.5024 0.4269 0.1592 0.1474 0.2137 0.3696 0.5077 0.3433 0.1425 0.1615 0.2523 0.4428 0.4833 0.2337 0.1397 0.1824 0.3020 0.5000 0.4321 0.1616 0.1465 0.2111 0.3639 0.5085 0.3687 0.1789 0.3687 0.5085 0.3639 0.2111 0.1465 0.1616 0.4321 0.5000 0.3020 0.1824 0.1397 0.2337 0.4833 0.4428 0.2523 0.1615 0.1425 0.3433 0.5077 0.3696 0.2137 0.1474 0.1592 0.4269 0.5024 0.3065 0.1844 0.1399 0.2244 0.4798 0.4497 0.2569 0.1635 0.1416 0.3293 0.5056 0.3825 0.2211 0.1504 0.1520 0.4009 0.5094 0.3362 0.2004 0.1441 0.1669 0.4345 0.5023 0.3128 0.1955
0.3172 0.5052 0.4271 0.1629 0.1450 0.2030 0.3407 0.5097 0.3979 0.1516 0.1504 0.2205 0.3801 0.5063 0.3356 0.1421 0.1621 0.2529 0.4428 0.4836 0.2356 0.1396 0.1817 0.3003 0.4989 0.4343 0.1628 0.1461 0.2099 0.3618 0.5089 0.3545 0.1435 0.1596 0.2474 0.4343 0.4874 0.2465 0.1395 0.1796 0.2957 0.4959 0.4395 0.1658 0.1453 0.2073 0.3564 0.5094 0.3648 0.1454 0.1392 0.1454 0.3648 0.5094 0.3564 0.2073 0.1453 0.1658 0.4395 0.4959 0.2957 0.1796 0.1395 0.2465 0.4874 0.4343 0.2474 0.1596 0.1435 0.3545 0.5089 0.3618 0.2099 0.1461 0.1628 0.4343 0.4989 0.3003 0.1817 0.1396 0.2356 0.4836 0.4428 0.2529 0.1621 0.1421 0.3356 0.5063 0.3801 0.2205 0.1504 0.1516 0.3979 0.5097 0.3407 0.2030 0.1450 0.1629 0.4271 0.5052 0.3172
0.5041 0.4191 0.1593 0.1461 0.2062 0.3468 0.5100 0.3923 0.1506 0.1508 0.2211 0.3801 0.5066 0.3389 0.1425 0.1610 0.2499 0.4370 0.4868 0.2459 0.1395 0.1793 0.2946 0.4949 0.4413 0.1670 0.1450 0.2063 0.3542 0.5096 0.3652 0.1447 0.1577 0.2426 0.4258 0.4911 0.2595 0.1394 0.1769 0.2895 0.4910 0.4466 0.1707 0.1442 0.2037 0.3488 0.5099 0.3730 0.1459 0.1522 0.1875 0.1522 0.1459 0.3730 0.5099 0.3488 0.2037 0.1442 0.1707 0.4466 0.4910 0.2895 0.1769 0.1394 0.2595 0.4911 0.4258 0.2426 0.1577 0.1447 0.3652 0.5096 0.3542 0.2063 0.1450 0.1670 0.4413 0.4949 0.2946 0.1793 0.1395 0.2459 0.4868 0.4370 0.2499 0.1610 0.1425 0.3389 0.5066 0.3801 0.2211 0.1508 0.1506 0.3923 0.5100 0.3468 0.2062 0.1461 0.1593 0.4191 0.5041
0.4149 0.1561 0.1473 0.2098 0.3539 0.5100 0.3847 0.1492 0.1517 0.2229 0.3825 0.5063 0.3389 0.1426 0.1605 0.2479 0.4328 0.4891 0.2547 0.1394 0.1772 0.2894 0.4905 0.4476 0.1718 0.1440 0.2028 0.3467 0.5100 0.3754 0.1461 0.1560 0.2380 0.4175 0.4945 0.2725 0.1395 0.1743 0.2835 0.4852 0.4532 0.1768 0.1432 0.2002 0.3412 0.5100 0.3827 0.1473 0.1541 0.2262 0.3141 0.2262 0.1541 0.1473 0.3827 0.5100 0.3412 0.2002 0.1432 0.1768 0.4532 0.4852 0.2835 0.1743 0.1395 0.2725 0.4945 0.4175 0.2380 0.1560 0.1461 0.3754 0.5100 0.3467 0.2028 0.1440 0.1718 0.4476 0.4905 0.2894 0.1772 0.1394 0.2547 0.4891 0.4328 0.2479 0.1605 0.1426 0.3389 0.5063 0.3825 0.2229 0.1517 0.1492 0.3847 0.5100 0.3539 0.2098 0.1473 0.1561 0.4149
0.1651 0.1487 0.2136 0.3615 0.5096 0.3756 0.1476 0.1529 0.2257 0.3871 0.5056 0.3356 0.1425 0.1605 0.2473 0.4305 0.4905 0.2610 0.1394 0.1754 0.2850 0.4860 0.4531 0.1772 0.1430 0.1996 0.3397 0.5100 0.3851 0.1477 0.1543 0.2335 0.4091 0.4975 0.2852 0.1397 0.1719 0.2777 0.4789 0.4594 0.1840 0.1422 0.1968 0.3339 0.5096 0.3923 0.1490 0.1530 0.2289 0.3903 0.5025 0.3903 0.2289 0.1530 0.1490 0.3923 0.5096 0.3339 0.1968 0.1422 0.1840 0.4594 0.4789 0.2777 0.1719 0.1397 0.2852 0.4975 0.4091 0.2335 0.1543 0.1477 0.3851 0.5100 0.3397 0.1996 0.1430 0.1772 0.4531 0.4860 0.2850 0.1754 0.1394 0.2610 0.4905 0.4305 0.2473 0.1605 0.1425 0.3356 0.5056 0.3871 0.2257 0.1529 0.1476 0.3756 0.5096 0.3615 0.2136 0.1487 0.1651
0.1592 0.2176 0.3695 0.5089 0.3656 0.1461 0.1543 0.2293 0.3934 0.5043 0.3293 0.1421 0.1610 0.2479 0.4305 0.4910 0.2643 0.1395 0.1742 0.2817 0.4821 0.4575 0.1826 0.1423 0.1967 0.3331 0.5095 0.3941 0.1494 0.1528 0.2292 0.4008 0.5003 0.2977 0.1400 0.1696 0.2722 0.4721 0.4651 0.1924 0.1415 0.1935 0.3267 0.5087 0.4016 0.1510 0.1515 0.2256 0.3921 0.5037 0.4294 0.5037 0.3921 0.2256 0.1515 0.1510 0.4016 0.5087 0.3267 0.1935 0.1415 0.1924 0.4651 0.4721 0.2722 0.1696 0.1400 0.2977 0.5003 0.4008 0.2292 0.1528 0.1494 0.3941 0.5095 0.3331 0.1967 0.1423 0.1826 0.4575 0.4821 0.2817 0.1742 0.1395 0.2643 0.4910 0.4305 0.2479 0.1610 0.1421 0.3293 0.5043 0.3934 0.2293 0.1543 0.1461 0.3656 0.5089 0.3695 0.2176 0.1592
0.2248 0.3777 0.5077 0.3548 0.1448 0.1559 0.2334 0.4007 0.5026 0.3205 0.1416 0.1621 0.2499 0.4328 0.4905 0.2643 0.1395 0.1736 0.2796 0.4791 0.4608 0.1877 0.1417 0.1942 0.3273 0.5087 0.4023 0.1513 0.1513 0.2251 0.3926 0.5027 0.3101 0.1405 0.1673 0.2668 0.4649 0.4704 0.2020 0.1408 0.1904 0.3199 0.5073 0.4105 0.1534 0.1501 0.2217 0.3856 0.5046 0.3392 0.1623 0.3392 0.5046 0.3856 0.2217 0.1501 0.1534 0.4105 0.5073 0.3199 0.1904 0.1408 0.2020 0.4704 0.4649 0.2668 0.1673 0.1405 0.3101 0.5027 0.3926 0.2251 0.1513 0.1513 0.4023 0.5087 0.3273 0.1942 0.1417 0.1877 0.4608 0.4791 0.2796 0.1736 0.1395 0.2643 0.4905 0.4328 0.2499 0.1621 0.1416 0.3205 0.5026 0.4007 0.2334 0.1559 0.1448 0.3548 0.5077 0.3777 0.2248
0.3805 0.5064 0.3434 0.1435 0.1577 0.2378 0.4088 0.5003 0.3100 0.1410 0.1635 0.2529 0.4370 0.4891 0.2610 0.1395 0.1736 0.2789 0.4775 0.4629 0.1917 0.1413 0.1922 0.3225 0.5077 0.4094 0.1533 0.1500 0.2213 0.3848 0.5047 0.3220 0.1410 0.1652 0.2615 0.4572 0.4753 0.2127 0.1403 0.1874 0.3132 0.5052 0.4187 0.1560 0.1487 0.2176 0.3777 0.5062 0.3348 0.1419 0.1416 0.1419 0.3348 0.5062 0.3777 0.2176 0.1487 0.1560 0.4187 0.5052 0.3132 0.1874 0.1403 0.2127 0.4753 0.4572 0.2615 0.1652 0.1410 0.3220 0.5047 0.3848 0.2213 0.1500 0.1533 0.4094 0.5077 0.3225 0.1922 0.1413 0.1917 0.4629 0.4775 0.2789 0.1736 0.1395 0.2610 0.4891 0.4370 0.2529 0.1635 0.1410 0.3100 0.5003 0.4088 0.2378 0.1577 0.1435 0.3434 0.5064 0.3805
0.5046 0.3317 0.1425 0.1595 0.2425 0.4171 0.4977 0.2982 0.1405 0.1653 0.2569 0.4428 0.4868 0.2547 0.1394 0.1742 0.2796 0.4775 0.4636 0.1939 0.1411 0.1908 0.3189 0.5066 0.4152 0.1552 0.1489 0.2179 0.3776 0.5064 0.3332 0.1418 0.1632 0.2564 0.4493 0.4799 0.2242 0.1399 0.1845 0.3068 0.5025 0.4266 0.1591 0.1474 0.2138 0.3698 0.5077 0.3438 0.1426 0.1568 0.1963 0.1568 0.1426 0.3438 0.5077 0.3698 0.2138 0.1474 0.1591 0.4266 0.5025 0.3068 0.1845 0.1399 0.2242 0.4799 0.4493 0.2564 0.1632 0.1418 0.3332 0.5064 0.3776 0.2179 0.1489 0.1552 0.4152 0.5066 0.3189 0.1908 0.1411 0.1939 0.4636 0.4775 0.2796 0.1742 0.1394 0.2547 0.4868 0.4428 0.2569 0.1653 0.1405 0.2982 0.4977 0.4171 0.2425 0.1595 0.1425 0.3317 0.5046
0.3260 0.1416 0.1615 0.2473 0.4257 0.4946 0.2857 0.1400 0.1673 0.2615 0.4497 0.4836 0.2459 0.1394 0.1754 0.2817 0.4791 0.4629 0.1939 0.1410 0.1901 0.3166 0.5057 0.4195 0.1570 0.1480 0.2150 0.3713 0.5076 0.3432 0.1426 0.1613 0.2516 0.4413 0.4841 0.2363 0.1396 0.1817 0.3005 0.4991 0.4341 0.1626 0.1462 0.2100 0.3620 0.5088 0.3543 0.1435 0.1588 0.2384 0.3337 0.2384 0.1588 0.1435 0.3543 0.5088 0.3620 0.2100 0.1462 0.1626 0.4341 0.4991 0.3005 0.1817 0.1396 0.2363 0.4841 0.4413 0.2516 0.1613 0.1426 0.3432 0.5076 0.3713 0.2150 0.1480 0.1570 0.4195 0.5057 0.3166 0.1901 0.1410 0.1939 0.4629 0.4791 0.2817 0.1754 0.1394 0.2459 0.4836 0.4497 0.2615 0.1673 0.1400 0.2857 0.4946 0.4257 0.2473 0.1615 0.1416 0.3260
0.1528 0.1636 0.2523 0.4343 0.4912 0.2728 0.1397 0.1695 0.2666 0.4570 0.4798 0.2356 0.1395 0.1772 0.2850 0.4821 0.4608 0.1917 0.1411 0.1901 0.3159 0.5051 0.4221 0.1583 0.1474 0.2127 0.3661 0.5085 0.3519 0.1434 0.1596 0.2472 0.4336 0.4879 0.2486 0.1395 0.1791 0.2944 0.4949 0.4412 0.1669 0.1450 0.2064 0.3544 0.5096 0.3648 0.1447 0.1576 0.2412 0.4132 0.5068 0.4132 0.2412 0.1576 0.1447 0.3648 0.5096 0.3544 0.2064 0.1450 0.1669 0.4412 0.4949 0.2944 0.1791 0.1395 0.2486 0.4879 0.4336 0.2472 0.1596 0.1434 0.3519 0.5085 0.3661 0.2127 0.1474 0.1583 0.4221 0.5051 0.3159 0.1901 0.1411 0.1917 0.4608 0.4821 0.2850 0.1772 0.1395 0.2356 0.4798 0.4570 0.2666 0.1695 0.1397 0.2728 0.4912 0.4343 0.2523 0.1636 0.1528
0.1730 0.2575 0.4428 0.4874 0.2597 0.1395 0.1718 0.2720 0.4646 0.4754 0.2244 0.1396 0.1793 0.2894 0.4860 0.4575 0.1877 0.1413 0.1908 0.3166 0.5051 0.4230 0.1590 0.1470 0.2111 0.3621 0.5091 0.3590 0.1442 0.1582 0.2433 0.4264 0.4912 0.2604 0.1394 0.1765 0.2885 0.4899 0.4479 0.1719 0.1440 0.2029 0.3470 0.5100 0.3750 0.1460 0.1560 0.2378 0.4152 0.4974 0.4078 0.4974 0.4152 0.2378 0.1560 0.1460 0.3750 0.5100 0.3470 0.2029 0.1440 0.1719 0.4479 0.4899 0.2885 0.1765 0.1394 0.2604 0.4912 0.4264 0.2433 0.1582 0.1442 0.3590 0.5091 0.3621 0.2111 0.1470 0.1590 0.4230 0.5051 0.3166 0.1908 0.1413 0.1877 0.4575 0.4860 0.2894 0.1793 0.1396 0.2244 0.4754 0.4646 0.2720 0.1718 0.1395 0.2597 0.4874 0.4428 0.2575 0.1730
0.2635 0.4512 0.4833 0.2466 0.1394 0.1743 0.2776 0.4719 0.4706 0.2131 0.1399 0.1817 0.2946 0.4905 0.4531 0.1826 0.1417 0.1922 0.3189 0.5057 0.4221 0.1590 0.1468 0.2103 0.3596 0.5094 0.3643 0.1449 0.1571 0.2400 0.4199 0.4939 0.2714 0.1395 0.1742 0.2829 0.4844 0.4542 0.1779 0.1430 0.1995 0.3397 0.5100 0.3848 0.1476 0.1544 0.2336 0.4088 0.4980 0.3060 0.1519 0.3060 0.4980 0.4088 0.2336 0.1544 0.1476 0.3848 0.5100 0.3397 0.1995 0.1430 0.1779 0.4542 0.4844 0.2829 0.1742 0.1395 0.2714 0.4939 0.4199 0.2400 0.1571 0.1449 0.3643 0.5094 0.3596 0.2103 0.1468 0.1590 0.4221 0.5057 0.3189 0.1922 0.1417 0.1826 0.4531 0.4905 0.2946 0.1817 0.1399 0.2131 0.4706 0.4719 0.2776 0.1743 0.1394 0.2466 0.4833 0.4512 0.2635
0.4521 0.4789 0.2338 0.1395 0.1769 0.2834 0.4788 0.4652 0.2024 0.1403 0.1844 0.3003 0.4949 0.4476 0.1772 0.1423 0.1942 0.3225 0.5066 0.4195 0.1583 0.1470 0.2103 0.3587 0.5095 0.3676 0.1455 0.1562 0.2374 0.4145 0.4962 0.2811 0.1396 0.1722 0.2779 0.4787 0.4599 0.1849 0.1421 0.1962 0.3326 0.5095 0.3942 0.1494 0.1528 0.2293 0.4009 0.5003 0.3010 0.1395 0.1446 0.1395 0.3010 0.5003 0.4009 0.2293 0.1528 0.1494 0.3942 0.5095 0.3326 0.1962 0.1421 0.1849 0.4599 0.4787 0.2779 0.1722 0.1396 0.2811 0.4962 0.4145 0.2374 0.1562 0.1455 0.3676 0.5095 0.3587 0.2103 0.1470 0.1583 0.4195 0.5066 0.3225 0.1942 0.1423 0.1772 0.4476 0.4949 0.3003 0.1844 0.1403 0.2024 0.4652 0.4788 0.2834 0.1769 0.1395 0.2338 0.4789 0.4521
0.4764 0.2214 0.1397 0.1796 0.2895 0.4852 0.4595 0.1927 0.1408 0.1873 0.3065 0.4989 0.4413 0.1718 0.1430 0.1967 0.3273 0.5077 0.4152 0.1570 0.1474 0.2111 0.3596 0.5095 0.3687 0.1458 0.1557 0.2356 0.4105 0.4978 0.2891 0.1398 0.1704 0.2734 0.4730 0.4649 0.1926 0.1414 0.1932 0.3258 0.5085 0.4031 0.1514 0.1513 0.2251 0.3927 0.5026 0.3105 0.1404 0.1622 0.2063 0.1622 0.1404 0.3105 0.5026 0.3927 0.2251 0.1513 0.1514 0.4031 0.5085 0.3258 0.1932 0.1414 0.1926 0.4649 0.4730 0.2734 0.1704 0.1398 0.2891 0.4978 0.4105 0.2356 0.1557 0.1458 0.3687 0.5095 0.3596 0.2111 0.1474 0.1570 0.4152 0.5077 0.3273 0.1967 0.1430 0.1718 0.4413 0.4989 0.3065 0.1873 0.1408 0.1927 0.4595 0.4852 0.2895 0.1796 0.1397 0.2214 0.4764
0.2194 0.1400 0.1824 0.2957 0.4909 0.4532 0.1840 0.1414 0.1903 0.3130 0.5024 0.4343 0.1670 0.1440 0.1996 0.3331 0.5087 0.4094 0.1552 0.1480 0.2127 0.3621 0.5094 0.3676 0.1458 0.1555 0.2346 0.4079 0.4989 0.2952 0.1400 0.1690 0.2696 0.4676 0.4691 0.2006 0.1408 0.1904 0.3195 0.5071 0.4115 0.1537 0.1499 0.2210 0.3846 0.5047 0.3220 0.1410 0.1644 0.2522 0.3552 0.2522 0.1644 0.1410 0.3220 0.5047 0.3846 0.2210 0.1499 0.1537 0.4115 0.5071 0.3195 0.1904 0.1408 0.2006 0.4691 0.4676 0.2696 0.1690 0.1400 0.2952 0.4989 0.4079 0.2346 0.1555 0.1458 0.3676 0.5094 0.3621 0.2127 0.1480 0.1552 0.4094 0.5087 0.3331 0.1996 0.1440 0.1670 0.4343 0.5024 0.3130 0.1903 0.1414 0.1840 0.4532 0.4909 0.2957 0.1824 0.1400 0.2194
0.1516 0.1853 0.3020 0.4959 0.4466 0.1768 0.1422 0.1934 0.3197 0.5051 0.4269 0.1628 0.1450 0.2028 0.3397 0.5095 0.4023 0.1533 0.1489 0.2150 0.3661 0.5091 0.3643 0.1455 0.1557 0.2346 0.4070 0.4995 0.2989 0.1402 0.1679 0.2667 0.4630 0.4726 0.2083 0.1404 0.1879 0.3137 0.5052 0.4191 0.1563 0.1486 0.2171 0.3766 0.5065 0.3335 0.1418 0.1630 0.2550 0.4369 0.5073 0.4369 0.2550 0.1630 0.1418 0.3335 0.5065 0.3766 0.2171 0.1486 0.1563 0.4191 0.5052 0.3137 0.1879 0.1404 0.2083 0.4726 0.4630 0.2667 0.1679 0.1402 0.2989 0.4995 0.4070 0.2346 0.1557 0.1455 0.3643 0.5091 0.3661 0.2150 0.1489 0.1533 0.4023 0.5095 0.3397 0.2028 0.1450 0.1628 0.4269 0.5051 0.3197 0.1934 0.1422 0.1768 0.4466 0.4959 0.3020 0.1853 0.1516
0.1936 0.3086 0.5000 0.4396 0.1708 0.1432 0.1967 0.3266 0.5072 0.4190 0.1592 0.1461 0.2063 0.3467 0.5100 0.3941 0.1513 0.1500 0.2179 0.3713 0.5085 0.3590 0.1449 0.1562 0.2356 0.4079 0.4995 0.3002 0.1403 0.1673 0.2647 0.4595 0.4752 0.2151 0.1401 0.1858 0.3087 0.5030 0.4259 0.1590 0.1474 0.2135 0.3690 0.5079 0.3447 0.1426 0.1612 0.2512 0.4390 0.4884 0.3825 0.4884 0.4390 0.2512 0.1612 0.1426 0.3447 0.5079 0.3690 0.2135 0.1474 0.1590 0.4259 0.5030 0.3087 0.1858 0.1401 0.2151 0.4752 0.4595 0.2647 0.1673 0.1403 0.3002 0.4995 0.4079 0.2356 0.1562 0.1449 0.3590 0.5085 0.3713 0.2179 0.1500 0.1513 0.3941 0.5100 0.3467 0.2063 0.1461 0.1592 0.4190 0.5072 0.3266 0.1967 0.1432 0.1708 0.4396 0.5000 0.3086 0.1936
0.3131 0.5035 0.4322 0.1658 0.1442 0.2002 0.3338 0.5087 0.4106 0.1561 0.1474 0.2099 0.3542 0.5100 0.3851 0.1494 0.1513 0.2213 0.3776 0.5076 0.3519 0.1442 0.1571 0.2374 0.4105 0.4989 0.2989 0.1403 0.1670 0.2636 0.4572 0.4770 0.2205 0.1399 0.1840 0.3044 0.5007 0.4317 0.1619 0.1463 0.2101 0.3618 0.5089 0.3553 0.1436 0.1593 0.2467 0.4327 0.4887 0.2699 0.1451 0.2699 0.4887 0.4327 0.2467 0.1593 0.1436 0.3553 0.5089 0.3618 0.2101 0.1463 0.1619 0.4317 0.5007 0.3044 0.1840 0.1399 0.2205 0.4770 0.4572 0.2636 0.1670 0.1403 0.2989 0.4989 0.4105 0.2374 0.1571 0.1442 0.3519 0.5076 0.3776 0.2213 0.1513 0.1494 0.3851 0.5100 0.3542 0.2099 0.1474 0.1561 0.4106 0.5087 0.3338 0.2002 0.1442 0.1658 0.4322 0.5035 0.3131
0.5025 0.4244 0.1616 0.1453 0.2037 0.3412 0.5096 0.4017 0.1534 0.1487 0.2137 0.3618 0.5096 0.3754 0.1477 0.1528 0.2251 0.3848 0.5064 0.3432 0.1434 0.1582 0.2400 0.4145 0.4978 0.2952 0.1402 0.1673 0.2636 0.4564 0.4779 0.2238 0.1398 0.1827 0.3010 0.4985 0.4366 0.1648 0.1454 0.2072 0.3553 0.5096 0.3651 0.1448 0.1576 0.2421 0.4248 0.4917 0.2648 0.1383 0.1483 0.1383 0.2648 0.4917 0.4248 0.2421 0.1576 0.1448 0.3651 0.5096 0.3553 0.2072 0.1454 0.1648 0.4366 0.4985 0.3010 0.1827 0.1398 0.2238 0.4779 0.4564 0.2636 0.1673 0.1402 0.2952 0.4978 0.4145 0.2400 0.1582 0.1434 0.3432 0.5064 0.3848 0.2251 0.1528 0.1477 0.3754 0.5096 0.3618 0.2137 0.1487 0.1534 0.4017 0.5096 0.3412 0.2037 0.1453 0.1616 0.4244 0.5025
0.4203 0.1581 0.1465 0.2073 0.3487 0.5100 0.3924 0.1510 0.1501 0.2176 0.3696 0.5089 0.3652 0.1461 0.1543 0.2292 0.3926 0.5047 0.3332 0.1426 0.1596 0.2433 0.4199 0.4962 0.2891 0.1400 0.1679 0.2647 0.4572 0.4779 0.2249 0.1397 0.1820 0.2988 0.4967 0.4403 0.1674 0.1447 0.2047 0.3496 0.5099 0.3737 0.1460 0.1560 0.2378 0.4169 0.4948 0.2745 0.1393 0.1684 0.2174 0.1684 0.1393 0.2745 0.4948 0.4169 0.2378 0.1560 0.1460 0.3737 0.5099 0.3496 0.2047 0.1447 0.1674 0.4403 0.4967 0.2988 0.1820 0.1397 0.2249 0.4779 0.4572 0.2647 0.1679 0.1400 0.2891 0.4962 0.4199 0.2433 0.1596 0.1426 0.3332 0.5047 0.3926 0.2292 0.1543 0.1461 0.3652 0.5089 0.3696 0.2176 0.1501 0.1510 0.3924 0.5100 0.3487 0.2073 0.1465 0.1581 0.4203
0.1667 0.1478 0.2111 0.3564 0.5099 0.3826 0.1490 0.1516 0.2217 0.3777 0.5077 0.3545 0.1447 0.1560 0.2335 0.4008 0.5027 0.3220 0.1418 0.1613 0.2472 0.4264 0.4939 0.2811 0.1398 0.1690 0.2667 0.4595 0.4770 0.2238 0.1397 0.1817 0.2976 0.4955 0.4428 0.1695 0.1442 0.2026 0.3448 0.5100 0.3812 0.1472 0.1546 0.2339 0.4093 0.4976 0.2861 0.1397 0.1708 0.2673 0.3781 0.2673 0.1708 0.1397 0.2861 0.4976 0.4093 0.2339 0.1546 0.1472 0.3812 0.5100 0.3448 0.2026 0.1442 0.1695 0.4428 0.4955 0.2976 0.1817 0.1397 0.2238 0.4770 0.4595 0.2667 0.1690 0.1398 0.2811 0.4939 0.4264 0.2472 0.1613 0.1418 0.3220 0.5027 0.4008 0.2335 0.1560 0.1447 0.3545 0.5077 0.3777 0.2217 0.1516 0.1490 0.3826 0.5099 0.3564 0.2111 0.1478 0.1667
0.1585 0.2150 0.3643 0.5094 0.3724 0.1472 0.1531 0.2259 0.3860 0.5062 0.3433 0.1435 0.1577 0.2380 0.4091 0.5003 0.3101 0.1410 0.1632 0.2516 0.4336 0.4912 0.2714 0.1396 0.1704 0.2696 0.4630 0.4752 0.2205 0.1398 0.1820 0.2976 0.4950 0.4441 0.1710 0.1438 0.2011 0.3411 0.5100 0.3874 0.1484 0.1534 0.2305 0.4024 0.5000 0.2973 0.1400 0.1693 0.2701 0.4597 0.5045 0.4597 0.2701 0.1693 0.1400 0.2973 0.5000 0.4024 0.2305 0.1534 0.1484 0.3874 0.5100 0.3411 0.2011 0.1438 0.1710 0.4441 0.4950 0.2976 0.1820 0.1398 0.2205 0.4752 0.4630 0.2696 0.1704 0.1396 0.2714 0.4912 0.4336 0.2516 0.1632 0.1410 0.3101 0.5003 0.4091 0.2380 0.1577 0.1435 0.3433 0.5062 0.3860 0.2259 0.1531 0.1472 0.3724 0.5094 0.3643 0.2150 0.1585
0.2223 0.3725 0.5085 0.3618 0.1457 0.1548 0.2303 0.3944 0.5043 0.3317 0.1425 0.1596 0.2426 0.4175 0.4975 0.2977 0.1405 0.1652 0.2564 0.4413 0.4879 0.2604 0.1395 0.1722 0.2734 0.4676 0.4726 0.2151 0.1399 0.1827 0.2988 0.4955 0.4441 0.1715 0.1436 0.2002 0.3386 0.5098 0.3921 0.1494 0.1524 0.2275 0.3962 0.5019 0.3074 0.1404 0.1674 0.2665 0.4623 0.4768 0.3535 0.4768 0.4623 0.2665 0.1674 0.1404 0.3074 0.5019 0.3962 0.2275 0.1524 0.1494 0.3921 0.5098 0.3386 0.2002 0.1436 0.1715 0.4441 0.4955 0.2988 0.1827 0.1399 0.2151 0.4726 0.4676 0.2734 0.1722 0.1395 0.2604 0.4879 0.4413 0.2564 0.1652 0.1405 0.2977 0.4975 0.4175 0.2426 0.1596 0.1425 0.3317 0.5043 0.3944 0.2303 0.1548 0.1457 0.3618 0.5085 0.3725 0.2223
0.3753 0.5074 0.3508 0.1443 0.1565 0.2348 0.4029 0.5021 0.3195 0.1416 0.1615 0.2474 0.4258 0.4945 0.2852 0.1400 0.1673 0.2615 0.4493 0.4841 0.2486 0.1394 0.1742 0.2779 0.4730 0.4691 0.2083 0.1401 0.1840 0.3010 0.4967 0.4428 0.1710 0.1436 0.1999 0.3372 0.5097 0.3953 0.1503 0.1517 0.2251 0.3910 0.5035 0.3165 0.1408 0.1657 0.2622 0.4573 0.4763 0.2326 0.1406 0.2326 0.4763 0.4573 0.2622 0.1657 0.1408 0.3165 0.5035 0.3910 0.2251 0.1517 0.1503 0.3953 0.5097 0.3372 0.1999 0.1436 0.1710 0.4428 0.4967 0.3010 0.1840 0.1401 0.2083 0.4691 0.4730 0.2779 0.1742 0.1394 0.2486 0.4841 0.4493 0.2615 0.1673 0.1400 0.2852 0.4945 0.4258 0.2474 0.1615 0.1416 0.3195 0.5021 0.4029 0.2348 0.1565 0.1443 0.3508 0.5074 0.3753
0.5057 0.3393 0.1431 0.1583 0.2394 0.4115 0.4996 0.3070 0.1409 0.1636 0.2523 0.4343 0.4911 0.2725 0.1397 0.1696 0.2668 0.4572 0.4799 0.2363 0.1395 0.1765 0.2829 0.4787 0.4649 0.2006 0.1404 0.1858 0.3044 0.4985 0.4403 0.1695 0.1438 0.2002 0.3372 0.5096 0.3970 0.1508 0.1512 0.2234 0.3869 0.5046 0.3240 0.1413 0.1642 0.2582 0.4512 0.4794 0.2266 0.1382 0.1529 0.1382 0.2266 0.4794 0.4512 0.2582 0.1642 0.1413 0.3240 0.5046 0.3869 0.2234 0.1512 0.1508 0.3970 0.5096 0.3372 0.2002 0.1438 0.1695 0.4403 0.4985 0.3044 0.1858 0.1404 0.2006 0.4649 0.4787 0.2829 0.1765 0.1395 0.2363 0.4799 0.4572 0.2668 0.1696 0.1397 0.2725 0.4911 0.4343 0.2523 0.1636 0.1409 0.3070 0.4996 0.4115 0.2394 0.1583 0.1431 0.3393 0.5057
0.3336 0.1422 0.1602 0.2442 0.4202 0.4967 0.2942 0.1403 0.1657 0.2575 0.4428 0.4874 0.2595 0.1395 0.1719 0.2722 0.4649 0.4753 0.2242 0.1396 0.1791 0.2885 0.4844 0.4599 0.1926 0.1408 0.1879 0.3087 0.5007 0.4366 0.1674 0.1442 0.2011 0.3386 0.5097 0.3970 0.1510 0.1509 0.2223 0.3841 0.5054 0.3297 0.1417 0.1629 0.2548 0.4454 0.4826 0.2338 0.1394 0.1758 0.2304 0.1758 0.1394 0.2338 0.4826 0.4454 0.2548 0.1629 0.1417 0.3297 0.5054 0.3841 0.2223 0.1509 0.1510 0.3970 0.5097 0.3386 0.2011 0.1442 0.1674 0.4366 0.5007 0.3087 0.1879 0.1408 0.1926 0.4599 0.4844 0.2885 0.1791 0.1396 0.2242 0.4753 0.4649 0.2722 0.1719 0.1395 0.2595 0.4874 0.4428 0.2575 0.1657 0.1403 0.2942 0.4967 0.4202 0.2442 0.1602 0.1422 0.3336
0.1533 0.1622 0.2491 0.4288 0.4934 0.2812 0.1399 0.1679 0.2628 0.4511 0.4833 0.2465 0.1394 0.1743 0.2777 0.4721 0.4704 0.2127 0.1399 0.1817 0.2944 0.4899 0.4542 0.1849 0.1414 0.1904 0.3137 0.5030 0.4317 0.1648 0.1447 0.2026 0.3411 0.5098 0.3953 0.1508 0.1509 0.2219 0.3827 0.5059 0.3338 0.1420 0.1619 0.2520 0.4403 0.4854 0.2423 0.1395 0.1788 0.2853 0.4043 0.2853 0.1788 0.1395 0.2423 0.4854 0.4403 0.2520 0.1619 0.1420 0.3338 0.5059 0.3827 0.2219 0.1509 0.1508 0.3953 0.5098 0.3411 0.2026 0.1447 0.1648 0.4317 0.5030 0.3137 0.1904 0.1414 0.1849 0.4542 0.4899 0.2944 0.1817 0.1399 0.2127 0.4704 0.4721 0.2777 0.1743 0.1394 0.2465 0.4833 0.4511 0.2628 0.1679 0.1399 0.2812 0.4934 0.4288 0.2491 0.1622 0.1533
0.1717 0.2542 0.4373 0.4899 0.2681 0.1396 0.1703 0.2683 0.4592 0.4788 0.2337 0.1395 0.1769 0.2835 0.4789 0.4651 0.2020 0.1403 0.1845 0.3005 0.4949 0.4479 0.1779 0.1421 0.1932 0.3195 0.5052 0.4259 0.1619 0.1454 0.2047 0.3448 0.5100 0.3921 0.1503 0.1512 0.2223 0.3827 0.5060 0.3358 0.1423 0.1612 0.2500 0.4363 0.4875 0.2499 0.1394 0.1777 0.2891 0.4823 0.4983 0.4823 0.2891 0.1777 0.1394 0.2499 0.4875 0.4363 0.2500 0.1612 0.1423 0.3358 0.5060 0.3827 0.2223 0.1512 0.1503 0.3921 0.5100 0.3448 0.2047 0.1454 0.1619 0.4259 0.5052 0.3195 0.1932 0.1421 0.1779 0.4479 0.4949 0.3005 0.1845 0.1403 0.2020 0.4651 0.4789 0.2835 0.1769 0.1395 0.2337 0.4788 0.4592 0.2683 0.1703 0.1396 0.2681 0.4899 0.4373 0.2542 0.1717
0.2602 0.4459 0.4860 0.2549 0.1394 0.1727 0.2739 0.4670 0.4740 0.2213 0.1397 0.1796 0.2895 0.4852 0.4594 0.1924 0.1408 0.1874 0.3068 0.4991 0.4412 0.1719 0.1430 0.1962 0.3258 0.5071 0.4191 0.1590 0.1463 0.2072 0.3496 0.5100 0.3874 0.1494 0.1517 0.2234 0.3841 0.5059 0.3358 0.1424 0.1609 0.2487 0.4334 0.4891 0.2561 0.1394 0.1763 0.2866 0.4859 0.4598 0.3157 0.4598 0.4859 0.2866 0.1763 0.1394 0.2561 0.4891 0.4334 0.2487 0.1609 0.1424 0.3358 0.5059 0.3841 0.2234 0.1517 0.1494 0.3874 0.5100 0.3496 0.2072 0.1463 0.1590 0.4191 0.5071 0.3258 0.1962 0.1430 0.1719 0.4412 0.4991 0.3068 0.1874 0.1408 0.1924 0.4594 0.4852 0.2895 0.1796 0.1397 0.2213 0.4740 0.4670 0.2739 0.1727 0.1394 0.2549 0.4860 0.4459 0.2602
0.4469 0.4818 0.2420 0.1394 0.1752 0.2796 0.4744 0.4688 0.2096 0.1400 0.1824 0.2957 0.4910 0.4532 0.1840 0.1415 0.1904 0.3132 0.5025 0.4341 0.1669 0.1440 0.1995 0.3326 0.5085 0.4115 0.1563 0.1474 0.2101 0.3553 0.5099 0.3812 0.1484 0.1524 0.2251 0.3869 0.5054 0.3338 0.1423 0.1609 0.2483 0.4320 0.4900 0.2603 0.1394 0.1751 0.2837 0.4838 0.4572 0.1936 0.1375 0.1936 0.4572 0.4838 0.2837 0.1751 0.1394 0.2603 0.4900 0.4320 0.2483 0.1609 0.1423 0.3338 0.5054 0.3869 0.2251 0.1524 0.1484 0.3812 0.5099 0.3553 0.2101 0.1474 0.1563 0.4115 0.5085 0.3326 0.1995 0.1440 0.1669 0.4341 0.5025 0.3132 0.1904 0.1415 0.1840 0.4532 0.4910 0.2957 0.1824 0.1400 0.2096 0.4688 0.4744 0.2796 0.1752 0.1394 0.2420 0.4818 0.4469
0.4794 0.2293 0.1395 0.1778 0.2856 0.4812 0.4632 0.1989 0.1404 0.1853 0.3020 0.4959 0.4466 0.1768 0.1422 0.1935 0.3199 0.5052 0.4266 0.1626 0.1450 0.2029 0.3397 0.5095 0.4031 0.1537 0.1486 0.2135 0.3618 0.5096 0.3737 0.1472 0.1534 0.2275 0.3910 0.5046 0.3297 0.1420 0.1612 0.2487 0.4320 0.4903 0.2625 0.1394 0.1743 0.2813 0.4810 0.4593 0.1873 0.1395 0.1594 0.1395 0.1873 0.4593 0.4810 0.2813 0.1743 0.1394 0.2625 0.4903 0.4320 0.2487 0.1612 0.1420 0.3297 0.5046 0.3910 0.2275 0.1534 0.1472 0.3737 0.5096 0.3618 0.2135 0.1486 0.1537 0.4031 0.5095 0.3397 0.2029 0.1450 0.1626 0.4266 0.5052 0.3199 0.1935 0.1422 0.1768 0.4466 0.4959 0.3020 0.1853 0.1404 0.1989 0.4632 0.4812 0.2856 0.1778 0.1395 0.2293 0.4794
0.2265 0.1398 0.1806 0.2916 0.4873 0.4573 0.1894 0.1410 0.1883 0.3086 0.5000 0.4395 0.1707 0.1432 0.1968 0.3267 0.5073 0.4187 0.1591 0.1462 0.2064 0.3470 0.5100 0.3942 0.1514 0.1499 0.2171 0.3690 0.5089 0.3651 0.1460 0.1546 0.2305 0.3962 0.5035 0.3240 0.1417 0.1619 0.2500 0.4334 0.4900 0.2625 0.1395 0.1739 0.2799 0.4789 0.4614 0.1896 0.1412 0.1865 0.2483 0.1865 0.1412 0.1896 0.4614 0.4789 0.2799 0.1739 0.1395 0.2625 0.4900 0.4334 0.2500 0.1619 0.1417 0.3240 0.5035 0.3962 0.2305 0.1546 0.1460 0.3651 0.5089 0.3690 0.2171 0.1499 0.1514 0.3942 0.5100 0.3470 0.2064 0.1462 0.1591 0.4187 0.5073 0.3267 0.1968 0.1432 0.1707 0.4395 0.5000 0.3086 0.1883 0.1410 0.1894 0.4573 0.4873 0.2916 0.1806 0.1398 0.2265
0.1514 0.1834 0.2979 0.4928 0.4509 0.1813 0.1417 0.1914 0.3153 0.5034 0.4321 0.1658 0.1442 0.2002 0.3339 0.5087 0.4105 0.1560 0.1474 0.2100 0.3544 0.5100 0.3848 0.1494 0.1513 0.2210 0.3766 0.5079 0.3553 0.1448 0.1560 0.2339 0.4024 0.5019 0.3165 0.1413 0.1629 0.2520 0.4363 0.4891 0.2603 0.1394 0.1739 0.2794 0.4779 0.4628 0.1922 0.1412 0.1906 0.3105 0.4376 0.3105 0.1906 0.1412 0.1922 0.4628 0.4779 0.2794 0.1739 0.1394 0.2603 0.4891 0.4363 0.2520 0.1629 0.1413 0.3165 0.5019 0.4024 0.2339 0.1560 0.1448 0.3553 0.5079 0.3766 0.2210 0.1513 0.1494 0.3848 0.5100 0.3544 0.2100 0.1474 0.1560 0.4105 0.5087 0.3339 0.2002 0.1442 0.1658 0.4321 0.5034 0.3153 0.1914 0.1417 0.1813 0.4509 0.4928 0.2979 0.1834 0.1514
0.1918 0.3044 0.4974 0.4442 0.1745 0.1426 0.1946 0.3221 0.5059 0.4243 0.1616 0.1453 0.2037 0.3412 0.5096 0.4016 0.1534 0.1487 0.2138 0.3620 0.5096 0.3750 0.1476 0.1528 0.2251 0.3846 0.5065 0.3447 0.1436 0.1576 0.2378 0.4093 0.5000 0.3074 0.1408 0.1642 0.2548 0.4403 0.4875 0.2561 0.1394 0.1743 0.2799 0.4779 0.4632 0.1936 0.1411 0.1904 0.3163 0.5013 0.4859 0.5013 0.3163 0.1904 0.1411 0.1936 0.4632 0.4779 0.2799 0.1743 0.1394 0.2561 0.4875 0.4403 0.2548 0.1642 0.1408 0.3074 0.5000 0.4093 0.2378 0.1576 0.1436 0.3447 0.5065 0.3846 0.2251 0.1528 0.1476 0.3750 0.5096 0.3620 0.2138 0.1487 0.1534 0.4016 0.5096 0.3412 0.2037 0.1453 0.1616 0.4243 0.5059 0.3221 0.1946 0.1426 0.1745 0.4442 0.4974 0.3044 0.1918
0.3090 0.5014 0.4370 0.1689 0.1435 0.1980 0.3292 0.5078 0.4161 0.1581 0.1465 0.2073 0.3488 0.5100 0.3923 0.1510 0.1501 0.2176 0.3698 0.5088 0.3648 0.1460 0.1544 0.2293 0.3927 0.5047 0.3335 0.1426 0.1593 0.2421 0.4169 0.4976 0.2973 0.1404 0.1657 0.2582 0.4454 0.4854 0.2499 0.1394 0.1751 0.2813 0.4789 0.4628 0.1936 0.1410 0.1901 0.3160 0.5046 0.4319 0.2622 0.4319 0.5046 0.3160 0.1901 0.1410 0.1936 0.4628 0.4789 0.2813 0.1751 0.1394 0.2499 0.4854 0.4454 0.2582 0.1657 0.1404 0.2973 0.4976 0.4169 0.2421 0.1593 0.1426 0.3335 0.5047 0.3927 0.2293 0.1544 0.1460 0.3648 0.5088 0.3698 0.2176 0.1501 0.1510 0.3923 0.5100 0.3488 0.2073 0.1465 0.1581 0.4161 0.5078 0.3292 0.1980 0.1435 0.1689 0.4370 0.5014 0.3090
0.5005 0.4295 0.1642 0.1446 0.2014 0.3364 0.5091 0.4076 0.1551 0.1478 0.2111 0.3564 0.5099 0.3827 0.1490 0.1515 0.2217 0.3777 0.5077 0.3543 0.1447 0.1560 0.2336 0.4009 0.5026 0.3220 0.1418 0.1612 0.2467 0.4248 0.4948 0.2861 0.1400 0.1674 0.2622 0.4512 0.4826 0.2423 0.1394 0.1763 0.2837 0.4810 0.4614 0.1922 0.1411 0.1901 0.3157 0.5049 0.4246 0.1636 0.1366 0.1636 0.4246 0.5049 0.3157 0.1901 0.1411 0.1922 0.4614 0.4810 0.2837 0.1763 0.1394 0.2423 0.4826 0.4512 0.2622 0.1674 0.1400 0.2861 0.4948 0.4248 0.2467 0.1612 0.1418 0.3220 0.5026 0.4009 0.2336 0.1560 0.1447 0.3543 0.5077 0.3777 0.2217 0.1515 0.1490 0.3827 0.5099 0.3564 0.2111 0.1478 0.1551 0.4076 0.5091 0.3364 0.2014 0.1446 0.1642 0.4295 0.5005
0.4259 0.1605 0.1456 0.2047 0.3434 0.5097 0.3989 0.1526 0.1490 0.2147 0.3639 0.5094 0.3730 0.1473 0.1530 0.2256 0.3856 0.5062 0.3438 0.1435 0.1576 0.2378 0.4088 0.5003 0.3105 0.1410 0.1630 0.2512 0.4327 0.4917 0.2745 0.1397 0.1693 0.2665 0.4573 0.4794 0.2338 0.1395 0.1777 0.2866 0.4838 0.4593 0.1896 0.1412 0.1904 0.3160 0.5049 0.4240 0.1600 0.1436 0.1694 0.1436 0.1600 0.4240 0.5049 0.3160 0.1904 0.1412 0.1896 0.4593 0.4838 0.2866 0.1777 0.1395 0.2338 0.4794 0.4573 0.2665 0.1693 0.1397 0.2745 0.4917 0.4327 0.2512 0.1630 0.1410 0.3105 0.5003 0.4088 0.2378 0.1576 0.1435 0.3438 0.5062 0.3856 0.2256 0.1530 0.1473 0.3730 0.5094 0.3639 0.2147 0.1490 0.1526 0.3989 0.5097 0.3434 0.2047 0.1456 0.1605 0.4259
0.1693 0.1464 0.2074 0.3493 0.5097 0.3917 0.1507 0.1500 0.2177 0.3701 0.5085 0.3648 0.1459 0.1541 0.2289 0.3921 0.5046 0.3348 0.1426 0.1588 0.2412 0.4152 0.4980 0.3010 0.1404 0.1644 0.2550 0.4390 0.4887 0.2648 0.1393 0.1708 0.2701 0.4623 0.4763 0.2266 0.1394 0.1788 0.2891 0.4859 0.4572 0.1873 0.1412 0.1906 0.3163 0.5046 0.4246 0.1600 0.1458 0.2018 0.2737 0.2018 0.1458 0.1600 0.4246 0.5046 0.3163 0.1906 0.1412 0.1873 0.4572 0.4859 0.2891 0.1788 0.1394 0.2266 0.4763 0.4623 0.2701 0.1708 0.1393 0.2648 0.4887 0.4390 0.2550 0.1644 0.1404 0.3010 0.4980 0.4152 0.2412 0.1588 0.1426 0.3348 0.5046 0.3921 0.2289 0.1541 0.1459 0.3648 0.5085 0.3701 0.2177 0.1500 0.1507 0.3917 0.5097 0.3493 0.2074 0.1464 0.1693
0.1546 0.2046 0.3474 0.5085 0.3949 0.1505 0.1482 0.2149 0.3684 0.5074 0.3687 0.1454 0.1522 0.2262 0.3903 0.5037 0.3392 0.1419 0.1568 0.2384 0.4132 0.4974 0.3060 0.1395 0.1622 0.2522 0.4369 0.4884 0.2699 0.1383 0.1684 0.2673 0.4597 0.4768 0.2326 0.1382 0.1758 0.2853 0.4823 0.4598 0.1936 0.1395 0.1865 0.3105 0.5013 0.4319 0.1636 0.1436 0.2018 0.3370 0.4669 0.3370 0.2018 0.1436 0.1636 0.4319 0.5013 0.3105 0.1865 0.1395 0.1936 0.4598 0.4823 0.2853 0.1758 0.1382 0.2326 0.4768 0.4597 0.2673 0.1684 0.1383 0.2699 0.4884 0.4369 0.2522 0.1622 0.1395 0.3060 0.4974 0.4132 0.2384 0.1568 0.1419 0.3392 0.5037 0.3903 0.2262 0.1522 0.1454 0.3687 0.5074 0.3684 0.2149 0.1482 0.1505 0.3949 0.5085 0.3474 0.2046 0.1546
0.1794 0.2798 0.4784 0.4634 0.2045 0.1376 0.1795 0.2960 0.4932 0.4478 0.1789 0.1392 0.1875 0.3141 0.5025 0.4294 0.1623 0.1416 0.1963 0.3337 0.5068 0.4078 0.1519 0.1446 0.2063 0.3552 0.5073 0.3825 0.1451 0.1483 0.2174 0.3781 0.5045 0.3535 0.1406 0.1529 0.2304 0.4043 0.4983 0.3157 0.1375 0.1594 0.2483 0.4376 0.4859 0.2622 0.1366 0.1694 0.2737 0.4669 0.5014 0.4669 0.2737 0.1694 0.1366 0.2622 0.4859 0.4376 0.2483 0.1594 0.1375 0.3157 0.4983 0.4043 0.2304 0.1529 0.1406 0.3535 0.5045 0.3781 0.2174 0.1483 0.1451 0.3825 0.5073 0.3552 0.2063 0.1446 0.1519 0.4078 0.5068 0.3337 0.1963 0.1416 0.1623 0.4294 0.5025 0.3141 0.1875 0.1392 0.1789 0.4478 0.4932 0.2960 0.1795 0.1376 0.2045 0.4634 0.4784 0.2798 0.1794
0.1546 0.2046 0.3474 0.5085 0.3949 0.1505 0.1482 0.2149 0.3684 0.5074 0.3687 0.1454 0.1522 0.2262 0.3903 0.5037 0.3392 0.1419 0.1568 0.2384 0.4132 0.4974 0.3060 0.1395 0.1622 0.2522 0.4369 0.4884 0.2699 0.1383 0.1684 0.2673 0.4597 0.4768 0.2326 0.1382 0.1758 0.2853 0.4823 0.4598 0.1936 0.1395 0.1865 0.3105 0.5013 0.4319 0.1636 0.1436 0.2018 0.3370 0.4669 0.3370 0.2018 0.1436 0.1636 0.4319 0.5013 0.3105 0.1865 0.1395 0.1936 0.4598 0.4823 0.2853 0.1758 0.1382 0.2326 0.4768 0.4597 0.2673 0.1684 0.1383 0.2699 0.4884 0.4369 0.2522 0.1622 0.1395 0.3060 0.4974 0.4132 0.2384 0.1568 0.1419 0.3392 0.5037 0.3903 0.2262 0.1522 0.1454 0.3687 0.5074 0.3684 0.2149 0.1482 0.1505 0.3949 0.5085 0.3474 0.2046 0.1546
0.1693 0.1464 0.2074 0.3493 0.5097 0.3917 0.1507 0.1500 0.2177 0.3701 0.5085 0.3648 0.1459 0.1541 0.2289 0.3921 0.5046 0.3348 0.1426 0.1588 0.2412 0.4152 0.4980 0.3010 0.1404 0.1644 0.2550 0.4390 0.4887 0.2648 0.1393 0.1708 0.2701 0.4623 0.4763 0.2266 0.1394 0.1788 0.2891 0.4859 0.4572 0.1873 0.1412 0.1906 0.3163 0.5046 0.4246 0.1600 0.1458 0.2018 0.2737 0.2018 0.1458 0.1600 0.4246 0.5046 0.3163 0.1906 0.1412 0.1873 0.4572 0.4859 0.2891 0.1788 0.1394 0.2266 0.4763 0.4623 0.2701 0.1708 0.1393 0.2648 0.4887 0.4390 0.2550 0.1644 0.1404 0.3010 0.4980 0.4152 0.2412 0.1588 0.1426 0.3348 0.5046 0.3921 0.2289 0.1541 0.1459 0.3648 0.5085 0.3701 0.2177 0.1500 0.1507 0.3917 0.5097 0.3493 0.2074 0.1464 0.1693
0.4259 0.1605 0.1456 0.2047 0.3434 0.5097 0.3989 0.1526 0.1490 0.2147 0.3639 0.5094 0.3730 0.1473 0.1530 0.2256 0.3856 0.5062 0.3438 0.1435 0.1576 0.2378 0.4088 0.5003 0.3105 0.1410 0.1630 0.2512 0.4327 0.4917 0.2745 0.1397 0.1693 0.2665 0.4573 0.4794 0.2338 0.1395 0.1777 0.2866 0.4838 0.4593 0.1896 0.1412 0.1904 0.3160 0.5049 0.4240 0.1600 0.1436 0.1694 0.1436 0.1600 0.4240 0.5049 0.3160 0.1904 0.1412 0.1896 0.4593 0.4838 0.2866 0.1777 0.1395 0.2338 0.4794 0.4573 0.2665 0.1693 0.1397 0.2745 0.4917 0.4327 0.2512 0.1630 0.1410 0.3105 0.5003 0.4088 0.2378 0.1576 0.1435 0.3438 0.5062 0.3856 0.2256 0.1530 0.1473 0.3730 0.5094 0.3639 0.2147 0.1490 0.1526 0.3989 0.5097 0.3434 0.2047 0.1456 0.1605 0.4259
0.5005 0.4295 0.1642 0.1446 0.2014 0.3364 0.5091 0.4076 0.1551 0.1478 0.2111 0.3564 0.5099 0.3827 0.1490 0.1515 0.2217 0.3777 0.5077 0.3543 0.1447 0.1560 0.2336 0.4009 0.5026 0.3220 0.1418 0.1612 0.2467 0.4248 0.4948 0.2861 0.1400 0.1674 0.2622 0.4512 0.4826 0.2423 0.1394 0.1763 0.2837 0.4810 0.4614 0.1922 0.1411 0.1901 0.3157 0.5049 0.4246 0.1636 0.1366 0.1636 0.4246 0.5049 0.3157 0.1901 0.1411 0.1922 0.4614 0.4810 0.2837 0.1763 0.1394 0.2423 0.4826 0.4512 0.2622 0.1674 0.1400 0.2861 0.4948 0.4248 0.2467 0.1612 0.1418 0.3220 0.5026 0.4009 0.2336 0.1560 0.1447 0.3543 0.5077 0.3777 0.2217 0.1515 0.1490 0.3827 0.5099 0.3564 0.2111 0.1478 0.1551 0.4076 0.5091 0.3364 0.2014 0.1446 0.1642 0.4295 0.5005
0.3090 0.5014 0.4370 0.1689 0.1435 0.1980 0.3292 0.5078 0.4161 0.1581 0.1465 0.2073 0.3488 0.5100 0.3923 0.1510 0.1501 0.2176 0.3698 0.5088 0.3648 0.1460 0.1544 0.2293 0.3927 0.5047 0.3335 0.1426 0.1593 0.2421 0.4169 0.4976 0.2973 0.1404 0.1657 0.2582 0.4454 0.4854 0.2499 0.1394 0.1751 0.2813 0.4789 0.4628 0.1936 0.1410 0.1901 0.3160 0.5046 0.4319 0.2622 0.4319 0.5046 0.3160 0.1901 0.1410 0.1936 0.4628 0.4789 0.2813 0.1751 0.1394 0.2499 0.4854 0.4454 0.2582 0.1657 0.1404 0.2973 0.4976 0.4169 0.2421 0.1593 0.1426 0.3335 0.5047 0.3927 0.2293 0.1544 0.1460 0.3648 0.5088 0.3698 0.2176 0.1501 0.1510 0.3923 0.5100 0.3488 0.2073 0.1465 0.1581 0.4161 0.5078 0.3292 0.1980 0.1435 0.1689 0.4370 0.5014 0.3090
