0.1437 1.0000 1.0000 0.0002 0.0026 0.0307 0.3554 1.0000 1.0000 0.0005 0.0059 0.0683 0.7899 1.0000 0.0001 0.0011 0.0131 0.1513 1.0000 1.0000 0.0002 0.0025 0.0290 0.3357 1.0000 1.0000 0.0005 0.0056 0.0644 0.7447 1.0000 0.0001 0.0011 0.0123 0.1426 1.0000 1.0000 0.0002 0.0024 0.0274 0.3164 1.0000 1.0000 0.0005 0.0052 0.0607 0.7021 1.0000 0.0001 0.0009 0.0040 0.0009 0.0001 1.0000 0.7021 0.0607 0.0052 0.0005 1.0000 1.0000 0.3164 0.0274 0.0024 0.0002 1.0000 1.0000 0.1426 0.0123 0.0011 0.0001 1.0000 0.7447 0.0644 0.0056 0.0005 1.0000 1.0000 0.3357 0.0290 0.0025 0.0002 1.0000 1.0000 0.1513 0.0131 0.0011 0.0001 1.0000 0.7899 0.0683 0.0059 0.0005 1.0000 1.0000 0.3554 0.0307 0.0026 0.0002 1.0000 1.0000 0.1437
1.0000 1.0000 0.0002 0.0027 0.0306 0.3540 1.0000 1.0000 0.0005 0.0059 0.0677 0.7824 1.0000 0.0001 0.0011 0.0130 0.1502 1.0000 1.0000 0.0002 0.0025 0.0288 0.3331 1.0000 1.0000 0.0005 0.0055 0.0638 0.7376 1.0000 0.0001 0.0011 0.0122 0.1416 1.0000 1.0000 0.0002 0.0023 0.0271 0.3141 1.0000 1.0000 0.0004 0.0052 0.0602 0.6954 1.0000 0.0001 0.0010 0.0101 0.0454 0.0101 0.0010 0.0001 1.0000 0.6954 0.0602 0.0052 0.0004 1.0000 1.0000 0.3141 0.0271 0.0023 0.0002 1.0000 1.0000 0.1416 0.0122 0.0011 0.0001 1.0000 0.7376 0.0638 0.0055 0.0005 1.0000 1.0000 0.3331 0.0288 0.0025 0.0002 1.0000 1.0000 0.1502 0.0130 0.0011 0.0001 1.0000 0.7824 0.0677 0.0059 0.0005 1.0000 1.0000 0.3540 0.0306 0.0027 0.0002 1.0000 1.0000
1.0000 0.0002 0.0026 0.0289 0.3293 1.0000 1.0000 0.0005 0.0053 0.0618 0.7142 1.0000 0.0001 0.0010 0.0118 0.1368 1.0000 1.0000 0.0002 0.0023 0.0263 0.3035 1.0000 1.0000 0.0004 0.0050 0.0581 0.6733 1.0000 0.0001 0.0010 0.0112 0.1290 1.0000 1.0000 0.0002 0.0021 0.0247 0.2861 1.0000 1.0000 0.0004 0.0047 0.0548 0.6347 1.0000 0.0001 0.0009 0.0102 0.1064 0.4763 0.1064 0.0102 0.0009 0.0001 1.0000 0.6347 0.0548 0.0047 0.0004 1.0000 1.0000 0.2861 0.0247 0.0021 0.0002 1.0000 1.0000 0.1290 0.0112 0.0010 0.0001 1.0000 0.6733 0.0581 0.0050 0.0004 1.0000 1.0000 0.3035 0.0263 0.0023 0.0002 1.0000 1.0000 0.1368 0.0118 0.0010 0.0001 1.0000 0.7142 0.0618 0.0053 0.0005 1.0000 1.0000 0.3293 0.0289 0.0026 0.0002 1.0000
0.0002 0.0027 0.0289 0.3207 1.0000 1.0000 0.0004 0.0049 0.0568 0.6556 1.0000 0.0001 0.0009 0.0108 0.1249 1.0000 1.0000 0.0002 0.0021 0.0239 0.2770 1.0000 1.0000 0.0004 0.0046 0.0531 0.6134 1.0000 0.0001 0.0009 0.0102 0.1177 1.0000 1.0000 0.0002 0.0020 0.0225 0.2611 1.0000 1.0000 0.0004 0.0043 0.0500 0.5783 1.0000 0.0001 0.0008 0.0095 0.1081 1.0000 1.0000 1.0000 0.1081 0.0095 0.0008 0.0001 1.0000 0.5783 0.0500 0.0043 0.0004 1.0000 1.0000 0.2611 0.0225 0.0020 0.0002 1.0000 1.0000 0.1177 0.0102 0.0009 0.0001 1.0000 0.6134 0.0531 0.0046 0.0004 1.0000 1.0000 0.2770 0.0239 0.0021 0.0002 1.0000 1.0000 0.1249 0.0108 0.0009 0.0001 1.0000 0.6556 0.0568 0.0049 0.0004 1.0000 1.0000 0.3207 0.0289 0.0027 0.0002
0.0026 0.0306 0.3293 1.0000 1.0000 0.0004 0.0047 0.0532 0.6076 1.0000 0.0001 0.0009 0.0099 0.1142 1.0000 1.0000 0.0002 0.0019 0.0218 0.2524 1.0000 1.0000 0.0004 0.0042 0.0484 0.5599 1.0000 0.0001 0.0008 0.0093 0.1072 1.0000 1.0000 0.0002 0.0018 0.0206 0.2379 1.0000 1.0000 0.0003 0.0039 0.0456 0.5278 1.0000 1.0000 0.0008 0.0087 0.1005 1.0000 1.0000 1.0000 1.0000 1.0000 0.1005 0.0087 0.0008 1.0000 1.0000 0.5278 0.0456 0.0039 0.0003 1.0000 1.0000 0.2379 0.0206 0.0018 0.0002 1.0000 1.0000 0.1072 0.0093 0.0008 0.0001 1.0000 0.5599 0.0484 0.0042 0.0004 1.0000 1.0000 0.2524 0.0218 0.0019 0.0002 1.0000 1.0000 0.1142 0.0099 0.0009 0.0001 1.0000 0.6076 0.0532 0.0047 0.0004 1.0000 1.0000 0.3293 0.0306 0.0026
0.0307 0.3540 1.0000 1.0000 0.0004 0.0046 0.0511 0.5761 1.0000 0.0001 0.0008 0.0091 0.1048 1.0000 1.0000 0.0001 0.0017 0.0199 0.2303 1.0000 1.0000 0.0003 0.0038 0.0441 0.5110 1.0000 1.0000 0.0007 0.0085 0.0979 1.0000 1.0000 0.0001 0.0016 0.0187 0.2172 1.0000 1.0000 0.0003 0.0036 0.0416 0.4809 1.0000 1.0000 0.0007 0.0080 0.0921 1.0000 1.0000 0.0001 0.0005 0.0001 1.0000 1.0000 0.0921 0.0080 0.0007 1.0000 1.0000 0.4809 0.0416 0.0036 0.0003 1.0000 1.0000 0.2172 0.0187 0.0016 0.0001 1.0000 1.0000 0.0979 0.0085 0.0007 1.0000 1.0000 0.5110 0.0441 0.0038 0.0003 1.0000 1.0000 0.2303 0.0199 0.0017 0.0001 1.0000 1.0000 0.1048 0.0091 0.0008 0.0001 1.0000 0.5761 0.0511 0.0046 0.0004 1.0000 1.0000 0.3540 0.0307
0.3554 1.0000 1.0000 0.0004 0.0047 0.0511 0.5652 1.0000 1.0000 0.0007 0.0085 0.0973 1.0000 1.0000 0.0001 0.0016 0.0183 0.2106 1.0000 1.0000 0.0003 0.0035 0.0403 0.4656 1.0000 1.0000 0.0007 0.0077 0.0892 1.0000 1.0000 0.0001 0.0015 0.0171 0.1978 1.0000 1.0000 0.0003 0.0033 0.0380 0.4389 1.0000 1.0000 0.0006 0.0073 0.0841 0.9719 1.0000 0.0001 0.0012 0.0054 0.0012 0.0001 1.0000 0.9719 0.0841 0.0073 0.0006 1.0000 1.0000 0.4389 0.0380 0.0033 0.0003 1.0000 1.0000 0.1978 0.0171 0.0015 0.0001 1.0000 1.0000 0.0892 0.0077 0.0007 1.0000 1.0000 0.4656 0.0403 0.0035 0.0003 1.0000 1.0000 0.2106 0.0183 0.0016 0.0001 1.0000 1.0000 0.0973 0.0085 0.0007 1.0000 1.0000 0.5652 0.0511 0.0047 0.0004 1.0000 1.0000 0.3554
1.0000 1.0000 0.0005 0.0049 0.0532 0.5761 1.0000 1.0000 0.0007 0.0081 0.0919 1.0000 1.0000 0.0001 0.0015 0.0168 0.1934 1.0000 1.0000 0.0003 0.0032 0.0368 0.4249 1.0000 1.0000 0.0006 0.0070 0.0814 0.9410 1.0000 0.0001 0.0013 0.0156 0.1806 1.0000 1.0000 0.0003 0.0030 0.0346 0.4006 1.0000 1.0000 0.0006 0.0066 0.0767 0.8871 1.0000 0.0001 0.0012 0.0129 0.0575 0.0129 0.0012 0.0001 1.0000 0.8871 0.0767 0.0066 0.0006 1.0000 1.0000 0.4006 0.0346 0.0030 0.0003 1.0000 1.0000 0.1806 0.0156 0.0013 0.0001 1.0000 0.9410 0.0814 0.0070 0.0006 1.0000 1.0000 0.4249 0.0368 0.0032 0.0003 1.0000 1.0000 0.1934 0.0168 0.0015 0.0001 1.0000 1.0000 0.0919 0.0081 0.0007 1.0000 1.0000 0.5761 0.0532 0.0049 0.0005 1.0000 1.0000
1.0000 0.0005 0.0053 0.0568 0.6076 1.0000 1.0000 0.0007 0.0080 0.0890 1.0000 1.0000 0.0001 0.0014 0.0155 0.1785 1.0000 1.0000 0.0003 0.0029 0.0336 0.3886 1.0000 1.0000 0.0006 0.0064 0.0743 0.8589 1.0000 0.0001 0.0012 0.0142 0.1645 1.0000 1.0000 0.0002 0.0027 0.0316 0.3650 1.0000 1.0000 0.0005 0.0060 0.0700 0.8097 1.0000 0.0001 0.0012 0.0131 0.1360 0.6064 0.1360 0.0131 0.0012 0.0001 1.0000 0.8097 0.0700 0.0060 0.0005 1.0000 1.0000 0.3650 0.0316 0.0027 0.0002 1.0000 1.0000 0.1645 0.0142 0.0012 0.0001 1.0000 0.8589 0.0743 0.0064 0.0006 1.0000 1.0000 0.3886 0.0336 0.0029 0.0003 1.0000 1.0000 0.1785 0.0155 0.0014 0.0001 1.0000 1.0000 0.0890 0.0080 0.0007 1.0000 1.0000 0.6076 0.0568 0.0053 0.0005 1.0000
0.0005 0.0059 0.0618 0.6556 1.0000 0.0001 0.0007 0.0081 0.0890 0.9849 1.0000 0.0001 0.0013 0.0146 0.1667 1.0000 1.0000 0.0002 0.0027 0.0309 0.3561 1.0000 1.0000 0.0005 0.0059 0.0678 0.7839 1.0000 0.0001 0.0011 0.0130 0.1502 1.0000 1.0000 0.0002 0.0025 0.0288 0.3331 1.0000 1.0000 0.0005 0.0055 0.0638 0.7391 1.0000 0.0001 0.0011 0.0122 0.1378 1.0000 1.0000 1.0000 0.1378 0.0122 0.0011 0.0001 1.0000 0.7391 0.0638 0.0055 0.0005 1.0000 1.0000 0.3331 0.0288 0.0025 0.0002 1.0000 1.0000 0.1502 0.0130 0.0011 0.0001 1.0000 0.7839 0.0678 0.0059 0.0005 1.0000 1.0000 0.3561 0.0309 0.0027 0.0002 1.0000 1.0000 0.1667 0.0146 0.0013 0.0001 1.0000 0.9849 0.0890 0.0081 0.0007 0.0001 1.0000 0.6556 0.0618 0.0059 0.0005
0.0059 0.0677 0.7142 1.0000 0.0001 0.0008 0.0085 0.0919 1.0000 1.0000 0.0001 0.0013 0.0140 0.1584 1.0000 1.0000 0.0002 0.0025 0.0284 0.3275 1.0000 1.0000 0.0005 0.0054 0.0620 0.7169 1.0000 0.0001 0.0010 0.0119 0.1371 1.0000 1.0000 0.0002 0.0023 0.0263 0.3035 1.0000 1.0000 0.0004 0.0050 0.0582 0.6733 1.0000 0.0001 0.0010 0.0111 0.1285 1.0000 1.0000 1.0000 1.0000 1.0000 0.1285 0.0111 0.0010 0.0001 1.0000 0.6733 0.0582 0.0050 0.0004 1.0000 1.0000 0.3035 0.0263 0.0023 0.0002 1.0000 1.0000 0.1371 0.0119 0.0010 0.0001 1.0000 0.7169 0.0620 0.0054 0.0005 1.0000 1.0000 0.3275 0.0284 0.0025 0.0002 1.0000 1.0000 0.1584 0.0140 0.0013 0.0001 1.0000 1.0000 0.0919 0.0085 0.0008 0.0001 1.0000 0.7142 0.0677 0.0059
0.0683 0.7824 1.0000 0.0001 0.0009 0.0091 0.0973 1.0000 1.0000 0.0001 0.0013 0.0139 0.1542 1.0000 1.0000 0.0002 0.0023 0.0265 0.3035 1.0000 1.0000 0.0004 0.0049 0.0568 0.6556 1.0000 0.0001 0.0009 0.0108 0.1251 1.0000 1.0000 0.0002 0.0021 0.0239 0.2770 1.0000 1.0000 0.0004 0.0046 0.0531 0.6146 1.0000 0.0001 0.0009 0.0102 0.1175 1.0000 1.0000 0.0001 0.0007 0.0001 1.0000 1.0000 0.1175 0.0102 0.0009 0.0001 1.0000 0.6146 0.0531 0.0046 0.0004 1.0000 1.0000 0.2770 0.0239 0.0021 0.0002 1.0000 1.0000 0.1251 0.0108 0.0009 0.0001 1.0000 0.6556 0.0568 0.0049 0.0004 1.0000 1.0000 0.3035 0.0265 0.0023 0.0002 1.0000 1.0000 0.1542 0.0139 0.0013 0.0001 1.0000 1.0000 0.0973 0.0091 0.0009 0.0001 1.0000 0.7824 0.0683
0.7899 1.0000 0.0001 0.0009 0.0099 0.1048 1.0000 1.0000 0.0001 0.0013 0.0140 0.1542 1.0000 1.0000 0.0002 0.0022 0.0251 0.2850 1.0000 1.0000 0.0004 0.0045 0.0523 0.6018 1.0000 0.0001 0.0009 0.0099 0.1144 1.0000 1.0000 0.0002 0.0019 0.0219 0.2528 1.0000 1.0000 0.0004 0.0042 0.0484 0.5599 1.0000 0.0001 0.0008 0.0093 0.1074 1.0000 1.0000 0.0001 0.0016 0.0070 0.0016 0.0001 1.0000 1.0000 0.1074 0.0093 0.0008 0.0001 1.0000 0.5599 0.0484 0.0042 0.0004 1.0000 1.0000 0.2528 0.0219 0.0019 0.0002 1.0000 1.0000 0.1144 0.0099 0.0009 0.0001 1.0000 0.6018 0.0523 0.0045 0.0004 1.0000 1.0000 0.2850 0.0251 0.0022 0.0002 1.0000 1.0000 0.1542 0.0140 0.0013 0.0001 1.0000 1.0000 0.1048 0.0099 0.0009 0.0001 1.0000 0.7899
1.0000 0.0001 0.0010 0.0108 0.1142 1.0000 1.0000 0.0001 0.0014 0.0146 0.1584 1.0000 1.0000 0.0002 0.0022 0.0242 0.2723 1.0000 1.0000 0.0004 0.0042 0.0483 0.5556 1.0000 0.0001 0.0008 0.0091 0.1048 1.0000 1.0000 0.0001 0.0017 0.0200 0.2312 1.0000 1.0000 0.0003 0.0038 0.0441 0.5110 1.0000 1.0000 0.0007 0.0085 0.0979 1.0000 1.0000 0.0001 0.0016 0.0164 0.0734 0.0164 0.0016 0.0001 1.0000 1.0000 0.0979 0.0085 0.0007 1.0000 1.0000 0.5110 0.0441 0.0038 0.0003 1.0000 1.0000 0.2312 0.0200 0.0017 0.0001 1.0000 1.0000 0.1048 0.0091 0.0008 0.0001 1.0000 0.5556 0.0483 0.0042 0.0004 1.0000 1.0000 0.2723 0.0242 0.0022 0.0002 1.0000 1.0000 0.1584 0.0146 0.0014 0.0001 1.0000 1.0000 0.1142 0.0108 0.0010 0.0001 1.0000
0.0001 0.0011 0.0118 0.1249 1.0000 1.0000 0.0001 0.0015 0.0155 0.1667 1.0000 1.0000 0.0002 0.0022 0.0239 0.2657 1.0000 1.0000 0.0003 0.0040 0.0452 0.5169 1.0000 1.0000 0.0007 0.0083 0.0960 1.0000 1.0000 0.0001 0.0016 0.0183 0.2114 1.0000 1.0000 0.0003 0.0035 0.0403 0.4664 1.0000 1.0000 0.0007 0.0077 0.0893 1.0000 1.0000 0.0001 0.0015 0.0167 0.1735 0.7750 0.1735 0.0167 0.0015 0.0001 1.0000 1.0000 0.0893 0.0077 0.0007 1.0000 1.0000 0.4664 0.0403 0.0035 0.0003 1.0000 1.0000 0.2114 0.0183 0.0016 0.0001 1.0000 1.0000 0.0960 0.0083 0.0007 1.0000 1.0000 0.5169 0.0452 0.0040 0.0003 1.0000 1.0000 0.2657 0.0239 0.0022 0.0002 1.0000 1.0000 0.1667 0.0155 0.0015 0.0001 1.0000 1.0000 0.1249 0.0118 0.0011 0.0001
0.0011 0.0130 0.1368 1.0000 1.0000 0.0001 0.0016 0.0168 0.1785 1.0000 1.0000 0.0002 0.0022 0.0242 0.2657 1.0000 1.0000 0.0003 0.0038 0.0430 0.4873 1.0000 1.0000 0.0007 0.0077 0.0885 1.0000 1.0000 0.0001 0.0014 0.0167 0.1934 1.0000 1.0000 0.0003 0.0032 0.0369 0.4266 1.0000 1.0000 0.0006 0.0070 0.0815 0.9427 1.0000 0.0001 0.0013 0.0155 0.1762 1.0000 1.0000 1.0000 0.1762 0.0155 0.0013 0.0001 1.0000 0.9427 0.0815 0.0070 0.0006 1.0000 1.0000 0.4266 0.0369 0.0032 0.0003 1.0000 1.0000 0.1934 0.0167 0.0014 0.0001 1.0000 1.0000 0.0885 0.0077 0.0007 1.0000 1.0000 0.4873 0.0430 0.0038 0.0003 1.0000 1.0000 0.2657 0.0242 0.0022 0.0002 1.0000 1.0000 0.1785 0.0168 0.0016 0.0001 1.0000 1.0000 0.1368 0.0130 0.0011
0.0131 0.1502 1.0000 1.0000 0.0002 0.0017 0.0183 0.1934 1.0000 1.0000 0.0002 0.0023 0.0251 0.2723 1.0000 1.0000 0.0003 0.0037 0.0416 0.4673 1.0000 1.0000 0.0006 0.0072 0.0822 0.9427 1.0000 0.0001 0.0013 0.0153 0.1768 1.0000 1.0000 0.0003 0.0029 0.0337 0.3901 1.0000 1.0000 0.0006 0.0064 0.0744 0.8605 1.0000 0.0001 0.0012 0.0142 0.1639 1.0000 1.0000 0.0001 1.0000 1.0000 0.1639 0.0142 0.0012 0.0001 1.0000 0.8605 0.0744 0.0064 0.0006 1.0000 1.0000 0.3901 0.0337 0.0029 0.0003 1.0000 1.0000 0.1768 0.0153 0.0013 0.0001 1.0000 0.9427 0.0822 0.0072 0.0006 1.0000 1.0000 0.4673 0.0416 0.0037 0.0003 1.0000 1.0000 0.2723 0.0251 0.0023 0.0002 1.0000 1.0000 0.1934 0.0183 0.0017 0.0002 1.0000 1.0000 0.1502 0.0131
0.1513 1.0000 1.0000 0.0002 0.0019 0.0199 0.2106 1.0000 1.0000 0.0002 0.0025 0.0265 0.2850 1.0000 1.0000 0.0003 0.0037 0.0411 0.4568 1.0000 1.0000 0.0006 0.0068 0.0772 0.8804 1.0000 0.0001 0.0012 0.0141 0.1623 1.0000 1.0000 0.0002 0.0027 0.0309 0.3567 1.0000 1.0000 0.0005 0.0059 0.0681 0.7869 1.0000 0.0001 0.0011 0.0130 0.1502 1.0000 1.0000 0.0002 0.0008 0.0002 1.0000 1.0000 0.1502 0.0130 0.0011 0.0001 1.0000 0.7869 0.0681 0.0059 0.0005 1.0000 1.0000 0.3567 0.0309 0.0027 0.0002 1.0000 1.0000 0.1623 0.0141 0.0012 0.0001 1.0000 0.8804 0.0772 0.0068 0.0006 1.0000 1.0000 0.4568 0.0411 0.0037 0.0003 1.0000 1.0000 0.2850 0.0265 0.0025 0.0002 1.0000 1.0000 0.2106 0.0199 0.0019 0.0002 1.0000 1.0000 0.1513
1.0000 1.0000 0.0002 0.0021 0.0218 0.2303 1.0000 1.0000 0.0003 0.0027 0.0284 0.3035 1.0000 1.0000 0.0003 0.0038 0.0416 0.4568 1.0000 1.0000 0.0006 0.0065 0.0734 0.8315 1.0000 0.0001 0.0011 0.0131 0.1499 1.0000 1.0000 0.0002 0.0024 0.0282 0.3262 1.0000 1.0000 0.0005 0.0054 0.0622 0.7196 1.0000 0.0001 0.0010 0.0119 0.1373 1.0000 1.0000 0.0002 0.0020 0.0089 0.0020 0.0002 1.0000 1.0000 0.1373 0.0119 0.0010 0.0001 1.0000 0.7196 0.0622 0.0054 0.0005 1.0000 1.0000 0.3262 0.0282 0.0024 0.0002 1.0000 1.0000 0.1499 0.0131 0.0011 0.0001 1.0000 0.8315 0.0734 0.0065 0.0006 1.0000 1.0000 0.4568 0.0416 0.0038 0.0003 1.0000 1.0000 0.3035 0.0284 0.0027 0.0003 1.0000 1.0000 0.2303 0.0218 0.0021 0.0002 1.0000 1.0000
1.0000 0.0002 0.0023 0.0239 0.2524 1.0000 1.0000 0.0003 0.0029 0.0309 0.3275 1.0000 1.0000 0.0004 0.0040 0.0430 0.4673 1.0000 1.0000 0.0006 0.0064 0.0712 0.8005 1.0000 0.0001 0.0011 0.0122 0.1397 1.0000 1.0000 0.0002 0.0022 0.0259 0.2989 1.0000 1.0000 0.0004 0.0049 0.0569 0.6581 1.0000 0.0001 0.0009 0.0109 0.1256 1.0000 1.0000 0.0002 0.0020 0.0211 0.0939 0.0211 0.0020 0.0002 1.0000 1.0000 0.1256 0.0109 0.0009 0.0001 1.0000 0.6581 0.0569 0.0049 0.0004 1.0000 1.0000 0.2989 0.0259 0.0022 0.0002 1.0000 1.0000 0.1397 0.0122 0.0011 0.0001 1.0000 0.8005 0.0712 0.0064 0.0006 1.0000 1.0000 0.4673 0.0430 0.0040 0.0004 1.0000 1.0000 0.3275 0.0309 0.0029 0.0003 1.0000 1.0000 0.2524 0.0239 0.0023 0.0002 1.0000
0.0002 0.0025 0.0263 0.2770 1.0000 1.0000 0.0003 0.0032 0.0336 0.3561 1.0000 1.0000 0.0004 0.0042 0.0452 0.4873 1.0000 1.0000 0.0006 0.0064 0.0706 0.7839 1.0000 0.0001 0.0010 0.0116 0.1317 1.0000 1.0000 0.0002 0.0021 0.0239 0.2749 1.0000 1.0000 0.0004 0.0045 0.0521 0.6018 1.0000 0.0001 0.0009 0.0099 0.1148 1.0000 1.0000 0.0002 0.0019 0.0214 0.2222 0.9924 0.2222 0.0214 0.0019 0.0002 1.0000 1.0000 0.1148 0.0099 0.0009 0.0001 1.0000 0.6018 0.0521 0.0045 0.0004 1.0000 1.0000 0.2749 0.0239 0.0021 0.0002 1.0000 1.0000 0.1317 0.0116 0.0010 0.0001 1.0000 0.7839 0.0706 0.0064 0.0006 1.0000 1.0000 0.4873 0.0452 0.0042 0.0004 1.0000 1.0000 0.3561 0.0336 0.0032 0.0003 1.0000 1.0000 0.2770 0.0263 0.0025 0.0002
0.0025 0.0288 0.3035 1.0000 1.0000 0.0003 0.0035 0.0368 0.3886 1.0000 1.0000 0.0004 0.0045 0.0483 0.5169 1.0000 1.0000 0.0006 0.0065 0.0712 0.7839 1.0000 0.0001 0.0010 0.0112 0.1258 1.0000 1.0000 0.0002 0.0019 0.0222 0.2543 1.0000 1.0000 0.0004 0.0041 0.0477 0.5504 1.0000 0.0001 0.0008 0.0091 0.1050 1.0000 1.0000 0.0001 0.0017 0.0199 0.2260 1.0000 1.0000 1.0000 0.2260 0.0199 0.0017 0.0001 1.0000 1.0000 0.1050 0.0091 0.0008 0.0001 1.0000 0.5504 0.0477 0.0041 0.0004 1.0000 1.0000 0.2543 0.0222 0.0019 0.0002 1.0000 1.0000 0.1258 0.0112 0.0010 0.0001 1.0000 0.7839 0.0712 0.0065 0.0006 1.0000 1.0000 0.5169 0.0483 0.0045 0.0004 1.0000 1.0000 0.3886 0.0368 0.0035 0.0003 1.0000 1.0000 0.3035 0.0288 0.0025
0.0290 0.3331 1.0000 1.0000 0.0004 0.0038 0.0403 0.4249 1.0000 1.0000 0.0005 0.0049 0.0523 0.5556 1.0000 1.0000 0.0006 0.0068 0.0734 0.8005 1.0000 0.0001 0.0010 0.0109 0.1220 1.0000 1.0000 0.0002 0.0018 0.0208 0.2375 1.0000 1.0000 0.0003 0.0038 0.0438 0.5043 1.0000 1.0000 0.0007 0.0083 0.0960 1.0000 1.0000 0.0001 0.0016 0.0183 0.2106 1.0000 1.0000 0.0001 1.0000 1.0000 0.2106 0.0183 0.0016 0.0001 1.0000 1.0000 0.0960 0.0083 0.0007 1.0000 1.0000 0.5043 0.0438 0.0038 0.0003 1.0000 1.0000 0.2375 0.0208 0.0018 0.0002 1.0000 1.0000 0.1220 0.0109 0.0010 0.0001 1.0000 0.8005 0.0734 0.0068 0.0006 1.0000 1.0000 0.5556 0.0523 0.0049 0.0005 1.0000 1.0000 0.4249 0.0403 0.0038 0.0004 1.0000 1.0000 0.3331 0.0290
0.3357 1.0000 1.0000 0.0004 0.0042 0.0441 0.4656 1.0000 1.0000 0.0005 0.0054 0.0568 0.6018 1.0000 1.0000 0.0007 0.0072 0.0772 0.8315 1.0000 0.0001 0.0010 0.0109 0.1209 1.0000 1.0000 0.0002 0.0017 0.0198 0.2239 1.0000 1.0000 0.0003 0.0035 0.0404 0.4647 1.0000 1.0000 0.0007 0.0076 0.0878 1.0000 1.0000 0.0001 0.0014 0.0168 0.1934 1.0000 1.0000 0.0002 0.0011 0.0002 1.0000 1.0000 0.1934 0.0168 0.0014 0.0001 1.0000 1.0000 0.0878 0.0076 0.0007 1.0000 1.0000 0.4647 0.0404 0.0035 0.0003 1.0000 1.0000 0.2239 0.0198 0.0017 0.0002 1.0000 1.0000 0.1209 0.0109 0.0010 0.0001 1.0000 0.8315 0.0772 0.0072 0.0007 1.0000 1.0000 0.6018 0.0568 0.0054 0.0005 1.0000 1.0000 0.4656 0.0441 0.0042 0.0004 1.0000 1.0000 0.3357
1.0000 1.0000 0.0004 0.0046 0.0484 0.5110 1.0000 1.0000 0.0006 0.0059 0.0620 0.6556 1.0000 0.0001 0.0007 0.0077 0.0822 0.8804 1.0000 0.0001 0.0010 0.0112 0.1220 1.0000 1.0000 0.0002 0.0017 0.0190 0.2147 1.0000 1.0000 0.0003 0.0033 0.0376 0.4315 1.0000 1.0000 0.0006 0.0070 0.0805 0.9303 1.0000 0.0001 0.0013 0.0153 0.1772 1.0000 1.0000 0.0002 0.0026 0.0115 0.0026 0.0002 1.0000 1.0000 0.1772 0.0153 0.0013 0.0001 1.0000 0.9303 0.0805 0.0070 0.0006 1.0000 1.0000 0.4315 0.0376 0.0033 0.0003 1.0000 1.0000 0.2147 0.0190 0.0017 0.0002 1.0000 1.0000 0.1220 0.0112 0.0010 0.0001 1.0000 0.8804 0.0822 0.0077 0.0007 0.0001 1.0000 0.6556 0.0620 0.0059 0.0006 1.0000 1.0000 0.5110 0.0484 0.0046 0.0004 1.0000 1.0000
1.0000 0.0005 0.0050 0.0531 0.5599 1.0000 1.0000 0.0006 0.0064 0.0678 0.7169 1.0000 0.0001 0.0008 0.0083 0.0885 0.9427 1.0000 0.0001 0.0011 0.0116 0.1258 1.0000 1.0000 0.0002 0.0017 0.0187 0.2087 1.0000 1.0000 0.0003 0.0031 0.0354 0.4037 1.0000 1.0000 0.0006 0.0064 0.0740 0.8540 1.0000 0.0001 0.0012 0.0140 0.1620 1.0000 1.0000 0.0002 0.0026 0.0271 0.1211 0.0271 0.0026 0.0002 1.0000 1.0000 0.1620 0.0140 0.0012 0.0001 1.0000 0.8540 0.0740 0.0064 0.0006 1.0000 1.0000 0.4037 0.0354 0.0031 0.0003 1.0000 1.0000 0.2087 0.0187 0.0017 0.0002 1.0000 1.0000 0.1258 0.0116 0.0011 0.0001 1.0000 0.9427 0.0885 0.0083 0.0008 0.0001 1.0000 0.7169 0.0678 0.0064 0.0006 1.0000 1.0000 0.5599 0.0531 0.0050 0.0005 1.0000
0.0005 0.0055 0.0581 0.6134 1.0000 1.0000 0.0007 0.0070 0.0743 0.7839 1.0000 0.0001 0.0009 0.0091 0.0960 1.0000 1.0000 0.0001 0.0011 0.0122 0.1317 1.0000 1.0000 0.0002 0.0017 0.0187 0.2067 1.0000 1.0000 0.0003 0.0030 0.0337 0.3813 1.0000 1.0000 0.0005 0.0060 0.0686 0.7869 1.0000 0.0001 0.0011 0.0128 0.1484 1.0000 1.0000 0.0002 0.0024 0.0276 0.2867 1.0000 0.2867 0.0276 0.0024 0.0002 1.0000 1.0000 0.1484 0.0128 0.0011 0.0001 1.0000 0.7869 0.0686 0.0060 0.0005 1.0000 1.0000 0.3813 0.0337 0.0030 0.0003 1.0000 1.0000 0.2067 0.0187 0.0017 0.0002 1.0000 1.0000 0.1317 0.0122 0.0011 0.0001 1.0000 1.0000 0.0960 0.0091 0.0009 0.0001 1.0000 0.7839 0.0743 0.0070 0.0007 1.0000 1.0000 0.6134 0.0581 0.0055 0.0005
0.0056 0.0638 0.6733 1.0000 0.0001 0.0007 0.0077 0.0814 0.8589 1.0000 0.0001 0.0009 0.0099 0.1048 1.0000 1.0000 0.0001 0.0012 0.0131 0.1397 1.0000 1.0000 0.0002 0.0017 0.0190 0.2087 1.0000 1.0000 0.0003 0.0029 0.0325 0.3664 1.0000 1.0000 0.0005 0.0056 0.0639 0.7307 1.0000 0.0001 0.0010 0.0118 0.1360 1.0000 1.0000 0.0002 0.0022 0.0258 0.2916 1.0000 1.0000 1.0000 0.2916 0.0258 0.0022 0.0002 1.0000 1.0000 0.1360 0.0118 0.0010 0.0001 1.0000 0.7307 0.0639 0.0056 0.0005 1.0000 1.0000 0.3664 0.0325 0.0029 0.0003 1.0000 1.0000 0.2087 0.0190 0.0017 0.0002 1.0000 1.0000 0.1397 0.0131 0.0012 0.0001 1.0000 1.0000 0.1048 0.0099 0.0009 0.0001 1.0000 0.8589 0.0814 0.0077 0.0007 0.0001 1.0000 0.6733 0.0638 0.0056
0.0644 0.7376 1.0000 0.0001 0.0008 0.0085 0.0892 0.9410 1.0000 0.0001 0.0010 0.0108 0.1144 1.0000 1.0000 0.0001 0.0013 0.0141 0.1499 1.0000 1.0000 0.0002 0.0018 0.0198 0.2147 1.0000 1.0000 0.0003 0.0029 0.0319 0.3567 1.0000 1.0000 0.0005 0.0053 0.0602 0.6849 1.0000 0.0001 0.0009 0.0109 0.1253 1.0000 1.0000 0.0002 0.0020 0.0236 0.2723 1.0000 1.0000 0.0001 1.0000 1.0000 0.2723 0.0236 0.0020 0.0002 1.0000 1.0000 0.1253 0.0109 0.0009 0.0001 1.0000 0.6849 0.0602 0.0053 0.0005 1.0000 1.0000 0.3567 0.0319 0.0029 0.0003 1.0000 1.0000 0.2147 0.0198 0.0018 0.0002 1.0000 1.0000 0.1499 0.0141 0.0013 0.0001 1.0000 1.0000 0.1144 0.0108 0.0010 0.0001 1.0000 0.9410 0.0892 0.0085 0.0008 0.0001 1.0000 0.7376 0.0644
0.7447 1.0000 0.0001 0.0009 0.0093 0.0979 1.0000 1.0000 0.0001 0.0011 0.0119 0.1251 1.0000 1.0000 0.0001 0.0014 0.0153 0.1623 1.0000 1.0000 0.0002 0.0019 0.0208 0.2239 1.0000 1.0000 0.0003 0.0029 0.0319 0.3534 1.0000 1.0000 0.0005 0.0051 0.0574 0.6494 1.0000 0.0001 0.0009 0.0101 0.1162 1.0000 1.0000 0.0002 0.0019 0.0217 0.2500 1.0000 1.0000 0.0003 0.0014 0.0003 1.0000 1.0000 0.2500 0.0217 0.0019 0.0002 1.0000 1.0000 0.1162 0.0101 0.0009 0.0001 1.0000 0.6494 0.0574 0.0051 0.0005 1.0000 1.0000 0.3534 0.0319 0.0029 0.0003 1.0000 1.0000 0.2239 0.0208 0.0019 0.0002 1.0000 1.0000 0.1623 0.0153 0.0014 0.0001 1.0000 1.0000 0.1251 0.0119 0.0011 0.0001 1.0000 1.0000 0.0979 0.0093 0.0009 0.0001 1.0000 0.7447
1.0000 0.0001 0.0010 0.0102 0.1072 1.0000 1.0000 0.0001 0.0012 0.0130 0.1371 1.0000 1.0000 0.0001 0.0016 0.0167 0.1768 1.0000 1.0000 0.0002 0.0021 0.0222 0.2375 1.0000 1.0000 0.0003 0.0030 0.0325 0.3567 1.0000 1.0000 0.0004 0.0050 0.0555 0.6240 1.0000 0.0001 0.0008 0.0095 0.1085 1.0000 1.0000 0.0002 0.0017 0.0199 0.2299 1.0000 1.0000 0.0003 0.0033 0.0148 0.0033 0.0003 1.0000 1.0000 0.2299 0.0199 0.0017 0.0002 1.0000 1.0000 0.1085 0.0095 0.0008 0.0001 1.0000 0.6240 0.0555 0.0050 0.0004 1.0000 1.0000 0.3567 0.0325 0.0030 0.0003 1.0000 1.0000 0.2375 0.0222 0.0021 0.0002 1.0000 1.0000 0.1768 0.0167 0.0016 0.0001 1.0000 1.0000 0.1371 0.0130 0.0012 0.0001 1.0000 1.0000 0.1072 0.0102 0.0010 0.0001 1.0000
0.0001 0.0011 0.0112 0.1177 1.0000 1.0000 0.0001 0.0013 0.0142 0.1502 1.0000 1.0000 0.0002 0.0017 0.0183 0.1934 1.0000 1.0000 0.0002 0.0022 0.0239 0.2543 1.0000 1.0000 0.0003 0.0031 0.0337 0.3664 1.0000 1.0000 0.0004 0.0049 0.0546 0.6087 1.0000 0.0001 0.0008 0.0090 0.1023 1.0000 1.0000 0.0001 0.0016 0.0184 0.2119 1.0000 1.0000 0.0003 0.0034 0.0350 0.1563 0.0350 0.0034 0.0003 1.0000 1.0000 0.2119 0.0184 0.0016 0.0001 1.0000 1.0000 0.1023 0.0090 0.0008 0.0001 1.0000 0.6087 0.0546 0.0049 0.0004 1.0000 1.0000 0.3664 0.0337 0.0031 0.0003 1.0000 1.0000 0.2543 0.0239 0.0022 0.0002 1.0000 1.0000 0.1934 0.0183 0.0017 0.0002 1.0000 1.0000 0.1502 0.0142 0.0013 0.0001 1.0000 1.0000 0.1177 0.0112 0.0011 0.0001
0.0011 0.0122 0.1290 1.0000 1.0000 0.0001 0.0015 0.0156 0.1645 1.0000 1.0000 0.0002 0.0019 0.0200 0.2114 1.0000 1.0000 0.0002 0.0024 0.0259 0.2749 1.0000 1.0000 0.0003 0.0033 0.0354 0.3813 1.0000 1.0000 0.0005 0.0050 0.0546 0.6030 1.0000 0.0001 0.0008 0.0087 0.0977 1.0000 1.0000 0.0001 0.0015 0.0172 0.1967 1.0000 1.0000 0.0003 0.0032 0.0357 0.3706 1.0000 0.3706 0.0357 0.0032 0.0003 1.0000 1.0000 0.1967 0.0172 0.0015 0.0001 1.0000 1.0000 0.0977 0.0087 0.0008 0.0001 1.0000 0.6030 0.0546 0.0050 0.0005 1.0000 1.0000 0.3813 0.0354 0.0033 0.0003 1.0000 1.0000 0.2749 0.0259 0.0024 0.0002 1.0000 1.0000 0.2114 0.0200 0.0019 0.0002 1.0000 1.0000 0.1645 0.0156 0.0015 0.0001 1.0000 1.0000 0.1290 0.0122 0.0011
0.0123 0.1416 1.0000 1.0000 0.0002 0.0016 0.0171 0.1806 1.0000 1.0000 0.0002 0.0021 0.0219 0.2312 1.0000 1.0000 0.0003 0.0027 0.0282 0.2989 1.0000 1.0000 0.0003 0.0035 0.0376 0.4037 1.0000 1.0000 0.0005 0.0051 0.0555 0.6087 1.0000 0.0001 0.0008 0.0085 0.0948 1.0000 1.0000 0.0001 0.0014 0.0161 0.1840 1.0000 1.0000 0.0003 0.0029 0.0335 0.3791 1.0000 1.0000 1.0000 0.3791 0.0335 0.0029 0.0003 1.0000 1.0000 0.1840 0.0161 0.0014 0.0001 1.0000 1.0000 0.0948 0.0085 0.0008 0.0001 1.0000 0.6087 0.0555 0.0051 0.0005 1.0000 1.0000 0.4037 0.0376 0.0035 0.0003 1.0000 1.0000 0.2989 0.0282 0.0027 0.0003 1.0000 1.0000 0.2312 0.0219 0.0021 0.0002 1.0000 1.0000 0.1806 0.0171 0.0016 0.0002 1.0000 1.0000 0.1416 0.0123
0.1426 1.0000 1.0000 0.0002 0.0018 0.0187 0.1978 1.0000 1.0000 0.0002 0.0023 0.0239 0.2528 1.0000 1.0000 0.0003 0.0029 0.0309 0.3262 1.0000 1.0000 0.0004 0.0038 0.0404 0.4315 1.0000 1.0000 0.0005 0.0053 0.0574 0.6240 1.0000 0.0001 0.0008 0.0084 0.0932 1.0000 1.0000 0.0001 0.0014 0.0154 0.1738 1.0000 1.0000 0.0002 0.0027 0.0312 0.3567 1.0000 1.0000 0.0002 1.0000 1.0000 0.3567 0.0312 0.0027 0.0002 1.0000 1.0000 0.1738 0.0154 0.0014 0.0001 1.0000 1.0000 0.0932 0.0084 0.0008 0.0001 1.0000 0.6240 0.0574 0.0053 0.0005 1.0000 1.0000 0.4315 0.0404 0.0038 0.0004 1.0000 1.0000 0.3262 0.0309 0.0029 0.0003 1.0000 1.0000 0.2528 0.0239 0.0023 0.0002 1.0000 1.0000 0.1978 0.0187 0.0018 0.0002 1.0000 1.0000 0.1426
1.0000 1.0000 0.0002 0.0020 0.0206 0.2172 1.0000 1.0000 0.0002 0.0025 0.0263 0.2770 1.0000 1.0000 0.0003 0.0032 0.0337 0.3567 1.0000 1.0000 0.0004 0.0041 0.0438 0.4647 1.0000 1.0000 0.0005 0.0056 0.0602 0.6494 1.0000 0.0001 0.0008 0.0085 0.0932 1.0000 1.0000 0.0001 0.0013 0.0148 0.1664 1.0000 1.0000 0.0002 0.0025 0.0291 0.3331 1.0000 1.0000 0.0004 0.0018 0.0004 1.0000 1.0000 0.3331 0.0291 0.0025 0.0002 1.0000 1.0000 0.1664 0.0148 0.0013 0.0001 1.0000 1.0000 0.0932 0.0085 0.0008 0.0001 1.0000 0.6494 0.0602 0.0056 0.0005 1.0000 1.0000 0.4647 0.0438 0.0041 0.0004 1.0000 1.0000 0.3567 0.0337 0.0032 0.0003 1.0000 1.0000 0.2770 0.0263 0.0025 0.0002 1.0000 1.0000 0.2172 0.0206 0.0020 0.0002 1.0000 1.0000
1.0000 0.0002 0.0021 0.0225 0.2379 1.0000 1.0000 0.0003 0.0027 0.0288 0.3035 1.0000 1.0000 0.0003 0.0035 0.0369 0.3901 1.0000 1.0000 0.0004 0.0045 0.0477 0.5043 1.0000 1.0000 0.0006 0.0060 0.0639 0.6849 1.0000 0.0001 0.0008 0.0087 0.0948 1.0000 1.0000 0.0001 0.0013 0.0144 0.1614 1.0000 1.0000 0.0002 0.0024 0.0274 0.3123 1.0000 1.0000 0.0004 0.0044 0.0194 0.0044 0.0004 1.0000 1.0000 0.3123 0.0274 0.0024 0.0002 1.0000 1.0000 0.1614 0.0144 0.0013 0.0001 1.0000 1.0000 0.0948 0.0087 0.0008 0.0001 1.0000 0.6849 0.0639 0.0060 0.0006 1.0000 1.0000 0.5043 0.0477 0.0045 0.0004 1.0000 1.0000 0.3901 0.0369 0.0035 0.0003 1.0000 1.0000 0.3035 0.0288 0.0027 0.0003 1.0000 1.0000 0.2379 0.0225 0.0021 0.0002 1.0000
0.0002 0.0023 0.0247 0.2611 1.0000 1.0000 0.0003 0.0030 0.0316 0.3331 1.0000 1.0000 0.0004 0.0038 0.0403 0.4266 1.0000 1.0000 0.0005 0.0049 0.0521 0.5504 1.0000 1.0000 0.0006 0.0064 0.0686 0.7307 1.0000 0.0001 0.0008 0.0090 0.0977 1.0000 1.0000 0.0001 0.0013 0.0143 0.1587 1.0000 1.0000 0.0002 0.0023 0.0261 0.2955 1.0000 1.0000 0.0004 0.0045 0.0464 0.2067 0.0464 0.0045 0.0004 1.0000 1.0000 0.2955 0.0261 0.0023 0.0002 1.0000 1.0000 0.1587 0.0143 0.0013 0.0001 1.0000 1.0000 0.0977 0.0090 0.0008 0.0001 1.0000 0.7307 0.0686 0.0064 0.0006 1.0000 1.0000 0.5504 0.0521 0.0049 0.0005 1.0000 1.0000 0.4266 0.0403 0.0038 0.0004 1.0000 1.0000 0.3331 0.0316 0.0030 0.0003 1.0000 1.0000 0.2611 0.0247 0.0023 0.0002
0.0024 0.0271 0.2861 1.0000 1.0000 0.0003 0.0033 0.0346 0.3650 1.0000 1.0000 0.0004 0.0042 0.0441 0.4664 1.0000 1.0000 0.0005 0.0054 0.0569 0.6018 1.0000 1.0000 0.0007 0.0070 0.0740 0.7869 1.0000 0.0001 0.0009 0.0095 0.1023 1.0000 1.0000 0.0001 0.0013 0.0144 0.1587 1.0000 1.0000 0.0002 0.0022 0.0251 0.2829 1.0000 1.0000 0.0004 0.0043 0.0482 0.4967 1.0000 0.4967 0.0482 0.0043 0.0004 1.0000 1.0000 0.2829 0.0251 0.0022 0.0002 1.0000 1.0000 0.1587 0.0144 0.0013 0.0001 1.0000 1.0000 0.1023 0.0095 0.0009 0.0001 1.0000 0.7869 0.0740 0.0070 0.0007 1.0000 1.0000 0.6018 0.0569 0.0054 0.0005 1.0000 1.0000 0.4664 0.0441 0.0042 0.0004 1.0000 1.0000 0.3650 0.0346 0.0033 0.0003 1.0000 1.0000 0.2861 0.0271 0.0024
0.0274 0.3141 1.0000 1.0000 0.0003 0.0036 0.0380 0.4006 1.0000 1.0000 0.0004 0.0046 0.0484 0.5110 1.0000 1.0000 0.0006 0.0059 0.0622 0.6581 1.0000 0.0001 0.0007 0.0076 0.0805 0.8540 1.0000 0.0001 0.0009 0.0101 0.1085 1.0000 1.0000 0.0001 0.0014 0.0148 0.1614 1.0000 1.0000 0.0002 0.0022 0.0246 0.2744 1.0000 1.0000 0.0004 0.0041 0.0464 0.5179 1.0000 1.0000 1.0000 0.5179 0.0464 0.0041 0.0004 1.0000 1.0000 0.2744 0.0246 0.0022 0.0002 1.0000 1.0000 0.1614 0.0148 0.0014 0.0001 1.0000 1.0000 0.1085 0.0101 0.0009 0.0001 1.0000 0.8540 0.0805 0.0076 0.0007 0.0001 1.0000 0.6581 0.0622 0.0059 0.0006 1.0000 1.0000 0.5110 0.0484 0.0046 0.0004 1.0000 1.0000 0.4006 0.0380 0.0036 0.0003 1.0000 1.0000 0.3141 0.0274
0.3164 1.0000 1.0000 0.0004 0.0039 0.0416 0.4389 1.0000 1.0000 0.0005 0.0050 0.0531 0.5599 1.0000 1.0000 0.0006 0.0064 0.0681 0.7196 1.0000 0.0001 0.0008 0.0083 0.0878 0.9303 1.0000 0.0001 0.0010 0.0109 0.1162 1.0000 1.0000 0.0001 0.0014 0.0154 0.1664 1.0000 1.0000 0.0002 0.0022 0.0244 0.2702 1.0000 1.0000 0.0003 0.0039 0.0443 0.4995 1.0000 1.0000 0.0002 1.0000 1.0000 0.4995 0.0443 0.0039 0.0003 1.0000 1.0000 0.2702 0.0244 0.0022 0.0002 1.0000 1.0000 0.1664 0.0154 0.0014 0.0001 1.0000 1.0000 0.1162 0.0109 0.0010 0.0001 1.0000 0.9303 0.0878 0.0083 0.0008 0.0001 1.0000 0.7196 0.0681 0.0064 0.0006 1.0000 1.0000 0.5599 0.0531 0.0050 0.0005 1.0000 1.0000 0.4389 0.0416 0.0039 0.0004 1.0000 1.0000 0.3164
1.0000 1.0000 0.0004 0.0043 0.0456 0.4809 1.0000 1.0000 0.0005 0.0055 0.0582 0.6146 1.0000 1.0000 0.0007 0.0070 0.0744 0.7869 1.0000 0.0001 0.0009 0.0091 0.0960 1.0000 1.0000 0.0001 0.0011 0.0118 0.1253 1.0000 1.0000 0.0001 0.0015 0.0161 0.1738 1.0000 1.0000 0.0002 0.0022 0.0246 0.2702 1.0000 1.0000 0.0003 0.0038 0.0427 0.4799 1.0000 1.0000 0.0006 0.0025 0.0006 1.0000 1.0000 0.4799 0.0427 0.0038 0.0003 1.0000 1.0000 0.2702 0.0246 0.0022 0.0002 1.0000 1.0000 0.1738 0.0161 0.0015 0.0001 1.0000 1.0000 0.1253 0.0118 0.0011 0.0001 1.0000 1.0000 0.0960 0.0091 0.0009 0.0001 1.0000 0.7869 0.0744 0.0070 0.0007 1.0000 1.0000 0.6146 0.0582 0.0055 0.0005 1.0000 1.0000 0.4809 0.0456 0.0043 0.0004 1.0000 1.0000
1.0000 0.0004 0.0047 0.0500 0.5278 1.0000 1.0000 0.0006 0.0060 0.0638 0.6733 1.0000 0.0001 0.0007 0.0077 0.0815 0.8605 1.0000 0.0001 0.0009 0.0099 0.1050 1.0000 1.0000 0.0001 0.0012 0.0128 0.1360 1.0000 1.0000 0.0002 0.0016 0.0172 0.1840 1.0000 1.0000 0.0002 0.0023 0.0251 0.2744 1.0000 1.0000 0.0003 0.0038 0.0418 0.4664 1.0000 1.0000 0.0006 0.0061 0.0272 0.0061 0.0006 1.0000 1.0000 0.4664 0.0418 0.0038 0.0003 1.0000 1.0000 0.2744 0.0251 0.0023 0.0002 1.0000 1.0000 0.1840 0.0172 0.0016 0.0002 1.0000 1.0000 0.1360 0.0128 0.0012 0.0001 1.0000 1.0000 0.1050 0.0099 0.0009 0.0001 1.0000 0.8605 0.0815 0.0077 0.0007 0.0001 1.0000 0.6733 0.0638 0.0060 0.0006 1.0000 1.0000 0.5278 0.0500 0.0047 0.0004 1.0000
0.0005 0.0052 0.0548 0.5783 1.0000 1.0000 0.0006 0.0066 0.0700 0.7391 1.0000 0.0001 0.0008 0.0085 0.0893 0.9427 1.0000 0.0001 0.0010 0.0109 0.1148 1.0000 1.0000 0.0001 0.0013 0.0140 0.1484 1.0000 1.0000 0.0002 0.0017 0.0184 0.1967 1.0000 1.0000 0.0002 0.0024 0.0261 0.2829 1.0000 1.0000 0.0003 0.0038 0.0414 0.4594 1.0000 1.0000 0.0006 0.0065 0.0664 0.2938 0.0664 0.0065 0.0006 1.0000 1.0000 0.4594 0.0414 0.0038 0.0003 1.0000 1.0000 0.2829 0.0261 0.0024 0.0002 1.0000 1.0000 0.1967 0.0184 0.0017 0.0002 1.0000 1.0000 0.1484 0.0140 0.0013 0.0001 1.0000 1.0000 0.1148 0.0109 0.0010 0.0001 1.0000 0.9427 0.0893 0.0085 0.0008 0.0001 1.0000 0.7391 0.0700 0.0066 0.0006 1.0000 1.0000 0.5783 0.0548 0.0052 0.0005
0.0052 0.0602 0.6347 1.0000 1.0000 0.0007 0.0073 0.0767 0.8097 1.0000 0.0001 0.0009 0.0093 0.0979 1.0000 1.0000 0.0001 0.0011 0.0119 0.1256 1.0000 1.0000 0.0001 0.0014 0.0153 0.1620 1.0000 1.0000 0.0002 0.0019 0.0199 0.2119 1.0000 1.0000 0.0002 0.0025 0.0274 0.2955 1.0000 1.0000 0.0003 0.0038 0.0418 0.4594 1.0000 1.0000 0.0006 0.0065 0.0710 0.7210 1.0000 0.7210 0.0710 0.0065 0.0006 1.0000 1.0000 0.4594 0.0418 0.0038 0.0003 1.0000 1.0000 0.2955 0.0274 0.0025 0.0002 1.0000 1.0000 0.2119 0.0199 0.0019 0.0002 1.0000 1.0000 0.1620 0.0153 0.0014 0.0001 1.0000 1.0000 0.1256 0.0119 0.0011 0.0001 1.0000 1.0000 0.0979 0.0093 0.0009 0.0001 1.0000 0.8097 0.0767 0.0073 0.0007 1.0000 1.0000 0.6347 0.0602 0.0052
0.0607 0.6954 1.0000 0.0001 0.0008 0.0080 0.0841 0.8871 1.0000 0.0001 0.0010 0.0102 0.1074 1.0000 1.0000 0.0001 0.0012 0.0130 0.1373 1.0000 1.0000 0.0001 0.0016 0.0168 0.1772 1.0000 1.0000 0.0002 0.0020 0.0217 0.2299 1.0000 1.0000 0.0003 0.0027 0.0291 0.3123 1.0000 1.0000 0.0004 0.0039 0.0427 0.4664 1.0000 1.0000 0.0006 0.0064 0.0707 0.7765 1.0000 1.0000 1.0000 0.7765 0.0707 0.0064 0.0006 1.0000 1.0000 0.4664 0.0427 0.0039 0.0004 1.0000 1.0000 0.3123 0.0291 0.0027 0.0003 1.0000 1.0000 0.2299 0.0217 0.0020 0.0002 1.0000 1.0000 0.1772 0.0168 0.0016 0.0001 1.0000 1.0000 0.1373 0.0130 0.0012 0.0001 1.0000 1.0000 0.1074 0.0102 0.0010 0.0001 1.0000 0.8871 0.0841 0.0080 0.0008 0.0001 1.0000 0.6954 0.0607
0.7021 1.0000 0.0001 0.0008 0.0087 0.0921 0.9719 1.0000 0.0001 0.0011 0.0111 0.1175 1.0000 1.0000 0.0001 0.0013 0.0142 0.1502 1.0000 1.0000 0.0002 0.0017 0.0183 0.1934 1.0000 1.0000 0.0002 0.0022 0.0236 0.2500 1.0000 1.0000 0.0003 0.0029 0.0312 0.3331 1.0000 1.0000 0.0004 0.0041 0.0443 0.4799 1.0000 1.0000 0.0006 0.0064 0.0704 0.7780 1.0000 0.0001 0.0004 0.0001 1.0000 0.7780 0.0704 0.0064 0.0006 1.0000 1.0000 0.4799 0.0443 0.0041 0.0004 1.0000 1.0000 0.3331 0.0312 0.0029 0.0003 1.0000 1.0000 0.2500 0.0236 0.0022 0.0002 1.0000 1.0000 0.1934 0.0183 0.0017 0.0002 1.0000 1.0000 0.1502 0.0142 0.0013 0.0001 1.0000 1.0000 0.1175 0.0111 0.0011 0.0001 1.0000 0.9719 0.0921 0.0087 0.0008 0.0001 1.0000 0.7021
1.0000 0.0001 0.0009 0.0095 0.1005 1.0000 1.0000 0.0001 0.0012 0.0122 0.1285 1.0000 1.0000 0.0001 0.0015 0.0155 0.1639 1.0000 1.0000 0.0002 0.0019 0.0199 0.2106 1.0000 1.0000 0.0002 0.0024 0.0258 0.2723 1.0000 1.0000 0.0003 0.0032 0.0335 0.3567 1.0000 1.0000 0.0004 0.0043 0.0464 0.4995 1.0000 1.0000 0.0006 0.0065 0.0707 0.7780 1.0000 0.0001 0.0009 0.0038 0.0009 0.0001 1.0000 0.7780 0.0707 0.0065 0.0006 1.0000 1.0000 0.4995 0.0464 0.0043 0.0004 1.0000 1.0000 0.3567 0.0335 0.0032 0.0003 1.0000 1.0000 0.2723 0.0258 0.0024 0.0002 1.0000 1.0000 0.2106 0.0199 0.0019 0.0002 1.0000 1.0000 0.1639 0.0155 0.0015 0.0001 1.0000 1.0000 0.1285 0.0122 0.0012 0.0001 1.0000 1.0000 0.1005 0.0095 0.0009 0.0001 1.0000
0.0001 0.0010 0.0102 0.1081 1.0000 1.0000 0.0001 0.0012 0.0131 0.1378 1.0000 1.0000 0.0001 0.0016 0.0167 0.1762 1.0000 1.0000 0.0002 0.0020 0.0214 0.2260 1.0000 1.0000 0.0002 0.0026 0.0276 0.2916 1.0000 1.0000 0.0003 0.0034 0.0357 0.3791 1.0000 1.0000 0.0004 0.0045 0.0482 0.5179 1.0000 1.0000 0.0006 0.0065 0.0710 0.7765 1.0000 0.0001 0.0009 0.0094 0.0414 0.0094 0.0009 0.0001 1.0000 0.7765 0.0710 0.0065 0.0006 1.0000 1.0000 0.5179 0.0482 0.0045 0.0004 1.0000 1.0000 0.3791 0.0357 0.0034 0.0003 1.0000 1.0000 0.2916 0.0276 0.0026 0.0002 1.0000 1.0000 0.2260 0.0214 0.0020 0.0002 1.0000 1.0000 0.1762 0.0167 0.0016 0.0001 1.0000 1.0000 0.1378 0.0131 0.0012 0.0001 1.0000 1.0000 0.1081 0.0102 0.0010 0.0001
0.0009 0.0101 0.1064 1.0000 1.0000 0.0001 0.0012 0.0129 0.1360 1.0000 1.0000 0.0001 0.0016 0.0164 0.1735 1.0000 1.0000 0.0002 0.0020 0.0211 0.2222 1.0000 1.0000 0.0002 0.0026 0.0271 0.2867 1.0000 1.0000 0.0003 0.0033 0.0350 0.3706 1.0000 1.0000 0.0004 0.0044 0.0464 0.4967 1.0000 1.0000 0.0006 0.0061 0.0664 0.7210 1.0000 0.0001 0.0009 0.0094 0.0946 0.4130 0.0946 0.0094 0.0009 0.0001 1.0000 0.7210 0.0664 0.0061 0.0006 1.0000 1.0000 0.4967 0.0464 0.0044 0.0004 1.0000 1.0000 0.3706 0.0350 0.0033 0.0003 1.0000 1.0000 0.2867 0.0271 0.0026 0.0002 1.0000 1.0000 0.2222 0.0211 0.0020 0.0002 1.0000 1.0000 0.1735 0.0164 0.0016 0.0001 1.0000 1.0000 0.1360 0.0129 0.0012 0.0001 1.0000 1.0000 0.1064 0.0101 0.0009
0.0040 0.0454 0.4763 1.0000 1.0000 0.0005 0.0054 0.0575 0.6064 1.0000 1.0000 0.0007 0.0070 0.0734 0.7750 1.0000 0.0001 0.0008 0.0089 0.0939 0.9924 1.0000 0.0001 0.0011 0.0115 0.1211 1.0000 1.0000 0.0001 0.0014 0.0148 0.1563 1.0000 1.0000 0.0002 0.0018 0.0194 0.2067 1.0000 1.0000 0.0002 0.0025 0.0272 0.2938 1.0000 1.0000 0.0004 0.0038 0.0414 0.4130 1.0000 0.4130 0.0414 0.0038 0.0004 1.0000 1.0000 0.2938 0.0272 0.0025 0.0002 1.0000 1.0000 0.2067 0.0194 0.0018 0.0002 1.0000 1.0000 0.1563 0.0148 0.0014 0.0001 1.0000 1.0000 0.1211 0.0115 0.0011 0.0001 1.0000 0.9924 0.0939 0.0089 0.0008 0.0001 1.0000 0.7750 0.0734 0.0070 0.0007 1.0000 1.0000 0.6064 0.0575 0.0054 0.0005 1.0000 1.0000 0.4763 0.0454 0.0040
0.0009 0.0101 0.1064 1.0000 1.0000 0.0001 0.0012 0.0129 0.1360 1.0000 1.0000 0.0001 0.0016 0.0164 0.1735 1.0000 1.0000 0.0002 0.0020 0.0211 0.2222 1.0000 1.0000 0.0002 0.0026 0.0271 0.2867 1.0000 1.0000 0.0003 0.0033 0.0350 0.3706 1.0000 1.0000 0.0004 0.0044 0.0464 0.4967 1.0000 1.0000 0.0006 0.0061 0.0664 0.7210 1.0000 0.0001 0.0009 0.0094 0.0946 0.4130 0.0946 0.0094 0.0009 0.0001 1.0000 0.7210 0.0664 0.0061 0.0006 1.0000 1.0000 0.4967 0.0464 0.0044 0.0004 1.0000 1.0000 0.3706 0.0350 0.0033 0.0003 1.0000 1.0000 0.2867 0.0271 0.0026 0.0002 1.0000 1.0000 0.2222 0.0211 0.0020 0.0002 1.0000 1.0000 0.1735 0.0164 0.0016 0.0001 1.0000 1.0000 0.1360 0.0129 0.0012 0.0001 1.0000 1.0000 0.1064 0.0101 0.0009
0.0001 0.0010 0.0102 0.1081 1.0000 1.0000 0.0001 0.0012 0.0131 0.1378 1.0000 1.0000 0.0001 0.0016 0.0167 0.1762 1.0000 1.0000 0.0002 0.0020 0.0214 0.2260 1.0000 1.0000 0.0002 0.0026 0.0276 0.2916 1.0000 1.0000 0.0003 0.0034 0.0357 0.3791 1.0000 1.0000 0.0004 0.0045 0.0482 0.5179 1.0000 1.0000 0.0006 0.0065 0.0710 0.7765 1.0000 0.0001 0.0009 0.0094 0.0414 0.0094 0.0009 0.0001 1.0000 0.7765 0.0710 0.0065 0.0006 1.0000 1.0000 0.5179 0.0482 0.0045 0.0004 1.0000 1.0000 0.3791 0.0357 0.0034 0.0003 1.0000 1.0000 0.2916 0.0276 0.0026 0.0002 1.0000 1.0000 0.2260 0.0214 0.0020 0.0002 1.0000 1.0000 0.1762 0.0167 0.0016 0.0001 1.0000 1.0000 0.1378 0.0131 0.0012 0.0001 1.0000 1.0000 0.1081 0.0102 0.0010 0.0001
1.0000 0.0001 0.0009 0.0095 0.1005 1.0000 1.0000 0.0001 0.0012 0.0122 0.1285 1.0000 1.0000 0.0001 0.0015 0.0155 0.1639 1.0000 1.0000 0.0002 0.0019 0.0199 0.2106 1.0000 1.0000 0.0002 0.0024 0.0258 0.2723 1.0000 1.0000 0.0003 0.0032 0.0335 0.3567 1.0000 1.0000 0.0004 0.0043 0.0464 0.4995 1.0000 1.0000 0.0006 0.0065 0.0707 0.7780 1.0000 0.0001 0.0009 0.0038 0.0009 0.0001 1.0000 0.7780 0.0707 0.0065 0.0006 1.0000 1.0000 0.4995 0.0464 0.0043 0.0004 1.0000 1.0000 0.3567 0.0335 0.0032 0.0003 1.0000 1.0000 0.2723 0.0258 0.0024 0.0002 1.0000 1.0000 0.2106 0.0199 0.0019 0.0002 1.0000 1.0000 0.1639 0.0155 0.0015 0.0001 1.0000 1.0000 0.1285 0.0122 0.0012 0.0001 1.0000 1.0000 0.1005 0.0095 0.0009 0.0001 1.0000
0.7021 1.0000 0.0001 0.0008 0.0087 0.0921 0.9719 1.0000 0.0001 0.0011 0.0111 0.1175 1.0000 1.0000 0.0001 0.0013 0.0142 0.1502 1.0000 1.0000 0.0002 0.0017 0.0183 0.1934 1.0000 1.0000 0.0002 0.0022 0.0236 0.2500 1.0000 1.0000 0.0003 0.0029 0.0312 0.3331 1.0000 1.0000 0.0004 0.0041 0.0443 0.4799 1.0000 1.0000 0.0006 0.0064 0.0704 0.7780 1.0000 0.0001 0.0004 0.0001 1.0000 0.7780 0.0704 0.0064 0.0006 1.0000 1.0000 0.4799 0.0443 0.0041 0.0004 1.0000 1.0000 0.3331 0.0312 0.0029 0.0003 1.0000 1.0000 0.2500 0.0236 0.0022 0.0002 1.0000 1.0000 0.1934 0.0183 0.0017 0.0002 1.0000 1.0000 0.1502 0.0142 0.0013 0.0001 1.0000 1.0000 0.1175 0.0111 0.0011 0.0001 1.0000 0.9719 0.0921 0.0087 0.0008 0.0001 1.0000 0.7021
0.0607 0.6954 1.0000 0.0001 0.0008 0.0080 0.0841 0.8871 1.0000 0.0001 0.0010 0.0102 0.1074 1.0000 1.0000 0.0001 0.0012 0.0130 0.1373 1.0000 1.0000 0.0001 0.0016 0.0168 0.1772 1.0000 1.0000 0.0002 0.0020 0.0217 0.2299 1.0000 1.0000 0.0003 0.0027 0.0291 0.3123 1.0000 1.0000 0.0004 0.0039 0.0427 0.4664 1.0000 1.0000 0.0006 0.0064 0.0707 0.7765 1.0000 1.0000 1.0000 0.7765 0.0707 0.0064 0.0006 1.0000 1.0000 0.4664 0.0427 0.0039 0.0004 1.0000 1.0000 0.3123 0.0291 0.0027 0.0003 1.0000 1.0000 0.2299 0.0217 0.0020 0.0002 1.0000 1.0000 0.1772 0.0168 0.0016 0.0001 1.0000 1.0000 0.1373 0.0130 0.0012 0.0001 1.0000 1.0000 0.1074 0.0102 0.0010 0.0001 1.0000 0.8871 0.0841 0.0080 0.0008 0.0001 1.0000 0.6954 0.0607
