0.7854 1.0000 0.0001 0.0012 0.0145 0.1677 1.0000 1.0000 0.0002 0.0028 0.0322 0.3727 1.0000 1.0000 0.0005 0.0062 0.0715 0.8268 1.0000 0.0001 0.0012 0.0137 0.1584 1.0000 1.0000 0.0002 0.0026 0.0304 0.3513 1.0000 1.0000 0.0005 0.0058 0.0674 0.7795 1.0000 0.0001 0.0011 0.0129 0.1493 1.0000 1.0000 0.0002 0.0025 0.0287 0.3312 1.0000 1.0000 0.0005 0.0048 0.0220 0.0048 0.0005 1.0000 1.0000 0.3312 0.0287 0.0025 0.0002 1.0000 1.0000 0.1493 0.0129 0.0011 0.0001 1.0000 0.7795 0.0674 0.0058 0.0005 1.0000 1.0000 0.3513 0.0304 0.0026 0.0002 1.0000 1.0000 0.1584 0.0137 0.0012 0.0001 1.0000 0.8268 0.0715 0.0062 0.0005 1.0000 1.0000 0.3727 0.0322 0.0028 0.0002 1.0000 1.0000 0.1677 0.0145 0.0012 0.0001 1.0000 0.7854
1.0000 0.0001 0.0013 0.0145 0.1673 1.0000 1.0000 0.0002 0.0028 0.0319 0.3699 1.0000 1.0000 0.0005 0.0061 0.0708 0.8190 1.0000 0.0001 0.0012 0.0136 0.1572 1.0000 1.0000 0.0002 0.0026 0.0301 0.3487 1.0000 1.0000 0.0005 0.0058 0.0668 0.7721 1.0000 0.0001 0.0011 0.0128 0.1482 1.0000 1.0000 0.0002 0.0025 0.0284 0.3287 1.0000 1.0000 0.0005 0.0053 0.0550 0.2481 0.0550 0.0053 0.0005 1.0000 1.0000 0.3287 0.0284 0.0025 0.0002 1.0000 1.0000 0.1482 0.0128 0.0011 0.0001 1.0000 0.7721 0.0668 0.0058 0.0005 1.0000 1.0000 0.3487 0.0301 0.0026 0.0002 1.0000 1.0000 0.1572 0.0136 0.0012 0.0001 1.0000 0.8190 0.0708 0.0061 0.0005 1.0000 1.0000 0.3699 0.0319 0.0028 0.0002 1.0000 1.0000 0.1673 0.0145 0.0013 0.0001 1.0000
0.0001 0.0013 0.0140 0.1581 1.0000 1.0000 0.0002 0.0025 0.0292 0.3376 1.0000 1.0000 0.0005 0.0056 0.0645 0.7475 1.0000 0.0001 0.0011 0.0124 0.1432 1.0000 1.0000 0.0002 0.0024 0.0275 0.3177 1.0000 1.0000 0.0005 0.0053 0.0608 0.7047 1.0000 0.0001 0.0010 0.0117 0.1350 1.0000 1.0000 0.0002 0.0022 0.0259 0.2995 1.0000 1.0000 0.0004 0.0049 0.0560 0.5805 1.0000 0.5805 0.0560 0.0049 0.0004 1.0000 1.0000 0.2995 0.0259 0.0022 0.0002 1.0000 1.0000 0.1350 0.0117 0.0010 0.0001 1.0000 0.7047 0.0608 0.0053 0.0005 1.0000 1.0000 0.3177 0.0275 0.0024 0.0002 1.0000 1.0000 0.1432 0.0124 0.0011 0.0001 1.0000 0.7475 0.0645 0.0056 0.0005 1.0000 1.0000 0.3376 0.0292 0.0025 0.0002 1.0000 1.0000 0.1581 0.0140 0.0013 0.0001
0.0012 0.0145 0.1581 1.0000 1.0000 0.0002 0.0024 0.0270 0.3105 1.0000 1.0000 0.0004 0.0051 0.0590 0.6823 1.0000 0.0001 0.0010 0.0113 0.1307 1.0000 1.0000 0.0002 0.0022 0.0250 0.2899 1.0000 1.0000 0.0004 0.0048 0.0555 0.6420 1.0000 0.0001 0.0009 0.0106 0.1232 1.0000 1.0000 0.0002 0.0020 0.0236 0.2733 1.0000 1.0000 0.0004 0.0045 0.0521 0.5905 1.0000 1.0000 1.0000 0.5905 0.0521 0.0045 0.0004 1.0000 1.0000 0.2733 0.0236 0.0020 0.0002 1.0000 1.0000 0.1232 0.0106 0.0009 0.0001 1.0000 0.6420 0.0555 0.0048 0.0004 1.0000 1.0000 0.2899 0.0250 0.0022 0.0002 1.0000 1.0000 0.1307 0.0113 0.0010 0.0001 1.0000 0.6823 0.0590 0.0051 0.0004 1.0000 1.0000 0.3105 0.0270 0.0024 0.0002 1.0000 1.0000 0.1581 0.0145 0.0012
0.0145 0.1673 1.0000 1.0000 0.0002 0.0023 0.0255 0.2899 1.0000 1.0000 0.0004 0.0047 0.0540 0.6240 1.0000 0.0001 0.0009 0.0103 0.1191 1.0000 1.0000 0.0002 0.0020 0.0228 0.2641 1.0000 1.0000 0.0004 0.0044 0.0507 0.5860 1.0000 0.0001 0.0008 0.0097 0.1122 1.0000 1.0000 0.0002 0.0019 0.0215 0.2490 1.0000 1.0000 0.0004 0.0041 0.0477 0.5493 1.0000 1.0000 0.0003 1.0000 1.0000 0.5493 0.0477 0.0041 0.0004 1.0000 1.0000 0.2490 0.0215 0.0019 0.0002 1.0000 1.0000 0.1122 0.0097 0.0008 0.0001 1.0000 0.5860 0.0507 0.0044 0.0004 1.0000 1.0000 0.2641 0.0228 0.0020 0.0002 1.0000 1.0000 0.1191 0.0103 0.0009 0.0001 1.0000 0.6240 0.0540 0.0047 0.0004 1.0000 1.0000 0.2899 0.0255 0.0023 0.0002 1.0000 1.0000 0.1673 0.0145
0.1677 1.0000 1.0000 0.0002 0.0023 0.0249 0.2791 1.0000 1.0000 0.0004 0.0043 0.0497 0.5728 1.0000 0.0001 0.0008 0.0094 0.1089 1.0000 1.0000 0.0002 0.0018 0.0208 0.2411 1.0000 1.0000 0.0003 0.0040 0.0462 0.5349 1.0000 1.0000 0.0008 0.0088 0.1025 1.0000 1.0000 0.0001 0.0017 0.0196 0.2273 1.0000 1.0000 0.0003 0.0038 0.0435 0.5033 1.0000 1.0000 0.0006 0.0028 0.0006 1.0000 1.0000 0.5033 0.0435 0.0038 0.0003 1.0000 1.0000 0.2273 0.0196 0.0017 0.0001 1.0000 1.0000 0.1025 0.0088 0.0008 1.0000 1.0000 0.5349 0.0462 0.0040 0.0003 1.0000 1.0000 0.2411 0.0208 0.0018 0.0002 1.0000 1.0000 0.1089 0.0094 0.0008 0.0001 1.0000 0.5728 0.0497 0.0043 0.0004 1.0000 1.0000 0.2791 0.0249 0.0023 0.0002 1.0000 1.0000 0.1677
1.0000 1.0000 0.0002 0.0024 0.0255 0.2791 1.0000 1.0000 0.0004 0.0041 0.0464 0.5318 1.0000 1.0000 0.0007 0.0086 0.0996 1.0000 1.0000 0.0001 0.0016 0.0190 0.2196 1.0000 1.0000 0.0003 0.0036 0.0422 0.4873 1.0000 1.0000 0.0007 0.0081 0.0933 1.0000 1.0000 0.0001 0.0015 0.0179 0.2071 1.0000 1.0000 0.0003 0.0034 0.0397 0.4594 1.0000 1.0000 0.0006 0.0067 0.0298 0.0067 0.0006 1.0000 1.0000 0.4594 0.0397 0.0034 0.0003 1.0000 1.0000 0.2071 0.0179 0.0015 0.0001 1.0000 1.0000 0.0933 0.0081 0.0007 1.0000 1.0000 0.4873 0.0422 0.0036 0.0003 1.0000 1.0000 0.2196 0.0190 0.0016 0.0001 1.0000 1.0000 0.0996 0.0086 0.0007 1.0000 1.0000 0.5318 0.0464 0.0041 0.0004 1.0000 1.0000 0.2791 0.0255 0.0024 0.0002 1.0000 1.0000
1.0000 0.0002 0.0025 0.0270 0.2899 1.0000 1.0000 0.0004 0.0039 0.0443 0.5014 1.0000 1.0000 0.0007 0.0079 0.0916 1.0000 1.0000 0.0001 0.0015 0.0174 0.2009 1.0000 1.0000 0.0003 0.0033 0.0384 0.4448 1.0000 1.0000 0.0006 0.0074 0.0852 0.9849 1.0000 0.0001 0.0014 0.0163 0.1890 1.0000 1.0000 0.0003 0.0031 0.0362 0.4193 1.0000 1.0000 0.0006 0.0068 0.0703 0.3141 0.0703 0.0068 0.0006 1.0000 1.0000 0.4193 0.0362 0.0031 0.0003 1.0000 1.0000 0.1890 0.0163 0.0014 0.0001 1.0000 0.9849 0.0852 0.0074 0.0006 1.0000 1.0000 0.4448 0.0384 0.0033 0.0003 1.0000 1.0000 0.2009 0.0174 0.0015 0.0001 1.0000 1.0000 0.0916 0.0079 0.0007 1.0000 1.0000 0.5014 0.0443 0.0039 0.0004 1.0000 1.0000 0.2899 0.0270 0.0025 0.0002 1.0000
0.0002 0.0028 0.0292 0.3105 1.0000 1.0000 0.0004 0.0039 0.0435 0.4864 1.0000 1.0000 0.0006 0.0074 0.0849 0.9737 1.0000 0.0001 0.0014 0.0159 0.1837 1.0000 1.0000 0.0003 0.0030 0.0350 0.4052 1.0000 1.0000 0.0006 0.0067 0.0778 0.8990 1.0000 0.0001 0.0013 0.0149 0.1722 1.0000 1.0000 0.0002 0.0029 0.0330 0.3820 1.0000 1.0000 0.0005 0.0063 0.0714 0.7419 1.0000 0.7419 0.0714 0.0063 0.0005 1.0000 1.0000 0.3820 0.0330 0.0029 0.0002 1.0000 1.0000 0.1722 0.0149 0.0013 0.0001 1.0000 0.8990 0.0778 0.0067 0.0006 1.0000 1.0000 0.4052 0.0350 0.0030 0.0003 1.0000 1.0000 0.1837 0.0159 0.0014 0.0001 1.0000 0.9737 0.0849 0.0074 0.0006 1.0000 1.0000 0.4864 0.0435 0.0039 0.0004 1.0000 1.0000 0.3105 0.0292 0.0028 0.0002
0.0028 0.0319 0.3376 1.0000 1.0000 0.0004 0.0041 0.0443 0.4864 1.0000 1.0000 0.0006 0.0070 0.0799 0.9093 1.0000 0.0001 0.0013 0.0146 0.1686 1.0000 1.0000 0.0002 0.0028 0.0321 0.3706 1.0000 1.0000 0.0005 0.0061 0.0708 0.8205 1.0000 0.0001 0.0012 0.0136 0.1572 1.0000 1.0000 0.0002 0.0026 0.0301 0.3487 1.0000 1.0000 0.0005 0.0058 0.0664 0.7532 1.0000 1.0000 1.0000 0.7532 0.0664 0.0058 0.0005 1.0000 1.0000 0.3487 0.0301 0.0026 0.0002 1.0000 1.0000 0.1572 0.0136 0.0012 0.0001 1.0000 0.8205 0.0708 0.0061 0.0005 1.0000 1.0000 0.3706 0.0321 0.0028 0.0002 1.0000 1.0000 0.1686 0.0146 0.0013 0.0001 1.0000 0.9093 0.0799 0.0070 0.0006 1.0000 1.0000 0.4864 0.0443 0.0041 0.0004 1.0000 1.0000 0.3376 0.0319 0.0028
0.0322 0.3699 1.0000 1.0000 0.0004 0.0043 0.0464 0.5014 1.0000 1.0000 0.0006 0.0068 0.0766 0.8654 1.0000 0.0001 0.0012 0.0135 0.1554 1.0000 1.0000 0.0002 0.0025 0.0293 0.3389 1.0000 1.0000 0.0005 0.0056 0.0647 0.7475 1.0000 0.0001 0.0011 0.0124 0.1435 1.0000 1.0000 0.0002 0.0024 0.0275 0.3177 1.0000 1.0000 0.0005 0.0053 0.0608 0.7007 1.0000 0.0001 0.0003 0.0001 1.0000 0.7007 0.0608 0.0053 0.0005 1.0000 1.0000 0.3177 0.0275 0.0024 0.0002 1.0000 1.0000 0.1435 0.0124 0.0011 0.0001 1.0000 0.7475 0.0647 0.0056 0.0005 1.0000 1.0000 0.3389 0.0293 0.0025 0.0002 1.0000 1.0000 0.1554 0.0135 0.0012 0.0001 1.0000 0.8654 0.0766 0.0068 0.0006 1.0000 1.0000 0.5014 0.0464 0.0043 0.0004 1.0000 1.0000 0.3699 0.0322
0.3727 1.0000 1.0000 0.0004 0.0047 0.0497 0.5318 1.0000 1.0000 0.0006 0.0068 0.0756 0.8427 1.0000 0.0001 0.0011 0.0127 0.1448 1.0000 1.0000 0.0002 0.0023 0.0269 0.3105 1.0000 1.0000 0.0004 0.0051 0.0591 0.6836 1.0000 0.0001 0.0010 0.0113 0.1307 1.0000 1.0000 0.0002 0.0022 0.0250 0.2899 1.0000 1.0000 0.0004 0.0048 0.0555 0.6420 1.0000 0.0001 0.0008 0.0036 0.0008 0.0001 1.0000 0.6420 0.0555 0.0048 0.0004 1.0000 1.0000 0.2899 0.0250 0.0022 0.0002 1.0000 1.0000 0.1307 0.0113 0.0010 0.0001 1.0000 0.6836 0.0591 0.0051 0.0004 1.0000 1.0000 0.3105 0.0269 0.0023 0.0002 1.0000 1.0000 0.1448 0.0127 0.0011 0.0001 1.0000 0.8427 0.0756 0.0068 0.0006 1.0000 1.0000 0.5318 0.0497 0.0047 0.0004 1.0000 1.0000 0.3727
1.0000 1.0000 0.0005 0.0051 0.0540 0.5728 1.0000 1.0000 0.0006 0.0070 0.0766 0.8427 1.0000 0.0001 0.0011 0.0121 0.1371 1.0000 1.0000 0.0002 0.0022 0.0247 0.2850 1.0000 1.0000 0.0004 0.0047 0.0541 0.6252 1.0000 0.0001 0.0009 0.0103 0.1193 1.0000 1.0000 0.0002 0.0020 0.0228 0.2641 1.0000 1.0000 0.0004 0.0044 0.0507 0.5860 1.0000 0.0001 0.0008 0.0085 0.0380 0.0085 0.0008 0.0001 1.0000 0.5860 0.0507 0.0044 0.0004 1.0000 1.0000 0.2641 0.0228 0.0020 0.0002 1.0000 1.0000 0.1193 0.0103 0.0009 0.0001 1.0000 0.6252 0.0541 0.0047 0.0004 1.0000 1.0000 0.2850 0.0247 0.0022 0.0002 1.0000 1.0000 0.1371 0.0121 0.0011 0.0001 1.0000 0.8427 0.0766 0.0070 0.0006 1.0000 1.0000 0.5728 0.0540 0.0051 0.0005 1.0000 1.0000
1.0000 0.0005 0.0056 0.0590 0.6240 1.0000 1.0000 0.0007 0.0074 0.0799 0.8654 1.0000 0.0001 0.0011 0.0118 0.1322 1.0000 1.0000 0.0002 0.0020 0.0230 0.2641 1.0000 1.0000 0.0004 0.0043 0.0495 0.5717 1.0000 0.0001 0.0008 0.0094 0.1091 1.0000 1.0000 0.0002 0.0018 0.0209 0.2411 1.0000 1.0000 0.0003 0.0040 0.0462 0.5349 1.0000 1.0000 0.0008 0.0086 0.0897 0.4006 0.0897 0.0086 0.0008 1.0000 1.0000 0.5349 0.0462 0.0040 0.0003 1.0000 1.0000 0.2411 0.0209 0.0018 0.0002 1.0000 1.0000 0.1091 0.0094 0.0008 0.0001 1.0000 0.5717 0.0495 0.0043 0.0004 1.0000 1.0000 0.2641 0.0230 0.0020 0.0002 1.0000 1.0000 0.1322 0.0118 0.0011 0.0001 1.0000 0.8654 0.0799 0.0074 0.0007 1.0000 1.0000 0.6240 0.0590 0.0056 0.0005 1.0000
0.0005 0.0061 0.0645 0.6823 1.0000 0.0001 0.0007 0.0079 0.0849 0.9093 1.0000 0.0001 0.0011 0.0118 0.1304 1.0000 1.0000 0.0002 0.0019 0.0217 0.2471 1.0000 1.0000 0.0003 0.0039 0.0455 0.5238 1.0000 1.0000 0.0007 0.0086 0.0998 1.0000 1.0000 0.0001 0.0016 0.0190 0.2201 1.0000 1.0000 0.0003 0.0036 0.0422 0.4873 1.0000 1.0000 0.0007 0.0080 0.0911 0.9463 1.0000 0.9463 0.0911 0.0080 0.0007 1.0000 1.0000 0.4873 0.0422 0.0036 0.0003 1.0000 1.0000 0.2201 0.0190 0.0016 0.0001 1.0000 1.0000 0.0998 0.0086 0.0007 1.0000 1.0000 0.5238 0.0455 0.0039 0.0003 1.0000 1.0000 0.2471 0.0217 0.0019 0.0002 1.0000 1.0000 0.1304 0.0118 0.0011 0.0001 1.0000 0.9093 0.0849 0.0079 0.0007 0.0001 1.0000 0.6823 0.0645 0.0061 0.0005
0.0062 0.0708 0.7475 1.0000 0.0001 0.0008 0.0086 0.0916 0.9737 1.0000 0.0001 0.0011 0.0121 0.1322 1.0000 1.0000 0.0002 0.0018 0.0208 0.2343 1.0000 1.0000 0.0003 0.0037 0.0420 0.4827 1.0000 1.0000 0.0007 0.0079 0.0912 1.0000 1.0000 0.0001 0.0015 0.0174 0.2012 1.0000 1.0000 0.0003 0.0033 0.0385 0.4448 1.0000 1.0000 0.0006 0.0074 0.0847 0.9608 1.0000 1.0000 1.0000 0.9608 0.0847 0.0074 0.0006 1.0000 1.0000 0.4448 0.0385 0.0033 0.0003 1.0000 1.0000 0.2012 0.0174 0.0015 0.0001 1.0000 1.0000 0.0912 0.0079 0.0007 1.0000 1.0000 0.4827 0.0420 0.0037 0.0003 1.0000 1.0000 0.2343 0.0208 0.0018 0.0002 1.0000 1.0000 0.1322 0.0121 0.0011 0.0001 1.0000 0.9737 0.0916 0.0086 0.0008 0.0001 1.0000 0.7475 0.0708 0.0062
0.0715 0.8190 1.0000 0.0001 0.0009 0.0094 0.0996 1.0000 1.0000 0.0001 0.0012 0.0127 0.1371 1.0000 1.0000 0.0002 0.0018 0.0203 0.2269 1.0000 1.0000 0.0003 0.0034 0.0392 0.4482 1.0000 1.0000 0.0006 0.0073 0.0836 0.9663 1.0000 0.0001 0.0014 0.0159 0.1840 1.0000 1.0000 0.0003 0.0030 0.0352 0.4068 1.0000 1.0000 0.0006 0.0067 0.0776 0.8956 1.0000 0.0001 0.0004 0.0001 1.0000 0.8956 0.0776 0.0067 0.0006 1.0000 1.0000 0.4068 0.0352 0.0030 0.0003 1.0000 1.0000 0.1840 0.0159 0.0014 0.0001 1.0000 0.9663 0.0836 0.0073 0.0006 1.0000 1.0000 0.4482 0.0392 0.0034 0.0003 1.0000 1.0000 0.2269 0.0203 0.0018 0.0002 1.0000 1.0000 0.1371 0.0127 0.0012 0.0001 1.0000 1.0000 0.0996 0.0094 0.0009 0.0001 1.0000 0.8190 0.0715
0.8268 1.0000 0.0001 0.0010 0.0103 0.1089 1.0000 1.0000 0.0001 0.0013 0.0135 0.1448 1.0000 1.0000 0.0002 0.0018 0.0203 0.2247 1.0000 1.0000 0.0003 0.0033 0.0370 0.4209 1.0000 1.0000 0.0006 0.0067 0.0770 0.8871 1.0000 0.0001 0.0013 0.0146 0.1683 1.0000 1.0000 0.0002 0.0028 0.0322 0.3720 1.0000 1.0000 0.0005 0.0061 0.0710 0.8205 1.0000 0.0001 0.0010 0.0046 0.0010 0.0001 1.0000 0.8205 0.0710 0.0061 0.0005 1.0000 1.0000 0.3720 0.0322 0.0028 0.0002 1.0000 1.0000 0.1683 0.0146 0.0013 0.0001 1.0000 0.8871 0.0770 0.0067 0.0006 1.0000 1.0000 0.4209 0.0370 0.0033 0.0003 1.0000 1.0000 0.2247 0.0203 0.0018 0.0002 1.0000 1.0000 0.1448 0.0135 0.0013 0.0001 1.0000 1.0000 0.1089 0.0103 0.0010 0.0001 1.0000 0.8268
1.0000 0.0001 0.0011 0.0113 0.1191 1.0000 1.0000 0.0001 0.0014 0.0146 0.1554 1.0000 1.0000 0.0002 0.0019 0.0208 0.2269 1.0000 1.0000 0.0003 0.0032 0.0356 0.4014 1.0000 1.0000 0.0005 0.0062 0.0714 0.8190 1.0000 0.0001 0.0012 0.0133 0.1542 1.0000 1.0000 0.0002 0.0025 0.0294 0.3402 1.0000 1.0000 0.0005 0.0056 0.0649 0.7504 1.0000 0.0001 0.0010 0.0109 0.0485 0.0109 0.0010 0.0001 1.0000 0.7504 0.0649 0.0056 0.0005 1.0000 1.0000 0.3402 0.0294 0.0025 0.0002 1.0000 1.0000 0.1542 0.0133 0.0012 0.0001 1.0000 0.8190 0.0714 0.0062 0.0005 1.0000 1.0000 0.4014 0.0356 0.0032 0.0003 1.0000 1.0000 0.2269 0.0208 0.0019 0.0002 1.0000 1.0000 0.1554 0.0146 0.0014 0.0001 1.0000 1.0000 0.1191 0.0113 0.0011 0.0001 1.0000
0.0001 0.0012 0.0124 0.1307 1.0000 1.0000 0.0001 0.0015 0.0159 0.1686 1.0000 1.0000 0.0002 0.0020 0.0217 0.2343 1.0000 1.0000 0.0003 0.0031 0.0349 0.3893 1.0000 1.0000 0.0005 0.0059 0.0668 0.7619 1.0000 0.0001 0.0011 0.0123 0.1413 1.0000 1.0000 0.0002 0.0023 0.0269 0.3111 1.0000 1.0000 0.0004 0.0051 0.0594 0.6862 1.0000 0.0001 0.0010 0.0110 0.1148 0.5130 0.1148 0.0110 0.0010 0.0001 1.0000 0.6862 0.0594 0.0051 0.0004 1.0000 1.0000 0.3111 0.0269 0.0023 0.0002 1.0000 1.0000 0.1413 0.0123 0.0011 0.0001 1.0000 0.7619 0.0668 0.0059 0.0005 1.0000 1.0000 0.3893 0.0349 0.0031 0.0003 1.0000 1.0000 0.2343 0.0217 0.0020 0.0002 1.0000 1.0000 0.1686 0.0159 0.0015 0.0001 1.0000 1.0000 0.1307 0.0124 0.0012 0.0001
0.0012 0.0136 0.1432 1.0000 1.0000 0.0002 0.0016 0.0174 0.1837 1.0000 1.0000 0.0002 0.0022 0.0230 0.2471 1.0000 1.0000 0.0003 0.0032 0.0349 0.3857 1.0000 1.0000 0.0005 0.0056 0.0632 0.7183 1.0000 0.0001 0.0010 0.0113 0.1304 1.0000 1.0000 0.0002 0.0021 0.0246 0.2845 1.0000 1.0000 0.0004 0.0047 0.0543 0.6275 1.0000 0.0001 0.0009 0.0103 0.1168 1.0000 1.0000 1.0000 0.1168 0.0103 0.0009 0.0001 1.0000 0.6275 0.0543 0.0047 0.0004 1.0000 1.0000 0.2845 0.0246 0.0021 0.0002 1.0000 1.0000 0.1304 0.0113 0.0010 0.0001 1.0000 0.7183 0.0632 0.0056 0.0005 1.0000 1.0000 0.3857 0.0349 0.0032 0.0003 1.0000 1.0000 0.2471 0.0230 0.0022 0.0002 1.0000 1.0000 0.1837 0.0174 0.0016 0.0002 1.0000 1.0000 0.1432 0.0136 0.0012
0.0137 0.1572 1.0000 1.0000 0.0002 0.0018 0.0190 0.2009 1.0000 1.0000 0.0002 0.0023 0.0247 0.2641 1.0000 1.0000 0.0003 0.0033 0.0356 0.3893 1.0000 1.0000 0.0005 0.0054 0.0608 0.6862 1.0000 0.0001 0.0009 0.0106 0.1211 1.0000 1.0000 0.0002 0.0020 0.0225 0.2602 1.0000 1.0000 0.0004 0.0043 0.0496 0.5739 1.0000 0.0001 0.0008 0.0095 0.1089 1.0000 1.0000 1.0000 1.0000 1.0000 0.1089 0.0095 0.0008 0.0001 1.0000 0.5739 0.0496 0.0043 0.0004 1.0000 1.0000 0.2602 0.0225 0.0020 0.0002 1.0000 1.0000 0.1211 0.0106 0.0009 0.0001 1.0000 0.6862 0.0608 0.0054 0.0005 1.0000 1.0000 0.3893 0.0356 0.0033 0.0003 1.0000 1.0000 0.2641 0.0247 0.0023 0.0002 1.0000 1.0000 0.2009 0.0190 0.0018 0.0002 1.0000 1.0000 0.1572 0.0137
0.1584 1.0000 1.0000 0.0002 0.0020 0.0208 0.2196 1.0000 1.0000 0.0002 0.0025 0.0269 0.2850 1.0000 1.0000 0.0003 0.0034 0.0370 0.4014 1.0000 1.0000 0.0005 0.0054 0.0597 0.6669 1.0000 0.0001 0.0009 0.0100 0.1135 1.0000 1.0000 0.0002 0.0018 0.0208 0.2393 1.0000 1.0000 0.0003 0.0039 0.0454 0.5248 1.0000 1.0000 0.0007 0.0087 0.0999 1.0000 1.0000 0.0001 0.0006 0.0001 1.0000 1.0000 0.0999 0.0087 0.0007 1.0000 1.0000 0.5248 0.0454 0.0039 0.0003 1.0000 1.0000 0.2393 0.0208 0.0018 0.0002 1.0000 1.0000 0.1135 0.0100 0.0009 0.0001 1.0000 0.6669 0.0597 0.0054 0.0005 1.0000 1.0000 0.4014 0.0370 0.0034 0.0003 1.0000 1.0000 0.2850 0.0269 0.0025 0.0002 1.0000 1.0000 0.2196 0.0208 0.0020 0.0002 1.0000 1.0000 0.1584
1.0000 1.0000 0.0002 0.0022 0.0228 0.2411 1.0000 1.0000 0.0003 0.0028 0.0293 0.3105 1.0000 1.0000 0.0003 0.0037 0.0392 0.4209 1.0000 1.0000 0.0005 0.0054 0.0597 0.6606 1.0000 0.0001 0.0008 0.0095 0.1078 1.0000 1.0000 0.0001 0.0017 0.0193 0.2209 1.0000 1.0000 0.0003 0.0036 0.0415 0.4799 1.0000 1.0000 0.0007 0.0079 0.0916 1.0000 1.0000 0.0001 0.0013 0.0059 0.0013 0.0001 1.0000 1.0000 0.0916 0.0079 0.0007 1.0000 1.0000 0.4799 0.0415 0.0036 0.0003 1.0000 1.0000 0.2209 0.0193 0.0017 0.0001 1.0000 1.0000 0.1078 0.0095 0.0008 0.0001 1.0000 0.6606 0.0597 0.0054 0.0005 1.0000 1.0000 0.4209 0.0392 0.0037 0.0003 1.0000 1.0000 0.3105 0.0293 0.0028 0.0003 1.0000 1.0000 0.2411 0.0228 0.0022 0.0002 1.0000 1.0000
1.0000 0.0002 0.0024 0.0250 0.2641 1.0000 1.0000 0.0003 0.0030 0.0321 0.3389 1.0000 1.0000 0.0004 0.0039 0.0420 0.4482 1.0000 1.0000 0.0005 0.0056 0.0608 0.6669 1.0000 0.0001 0.0008 0.0093 0.1040 1.0000 1.0000 0.0001 0.0016 0.0180 0.2055 1.0000 1.0000 0.0003 0.0033 0.0381 0.4397 1.0000 1.0000 0.0006 0.0072 0.0837 0.9682 1.0000 0.0001 0.0013 0.0140 0.0626 0.0140 0.0013 0.0001 1.0000 0.9682 0.0837 0.0072 0.0006 1.0000 1.0000 0.4397 0.0381 0.0033 0.0003 1.0000 1.0000 0.2055 0.0180 0.0016 0.0001 1.0000 1.0000 0.1040 0.0093 0.0008 0.0001 1.0000 0.6669 0.0608 0.0056 0.0005 1.0000 1.0000 0.4482 0.0420 0.0039 0.0004 1.0000 1.0000 0.3389 0.0321 0.0030 0.0003 1.0000 1.0000 0.2641 0.0250 0.0024 0.0002 1.0000
0.0002 0.0026 0.0275 0.2899 1.0000 1.0000 0.0003 0.0033 0.0350 0.3706 1.0000 1.0000 0.0004 0.0043 0.0455 0.4827 1.0000 1.0000 0.0005 0.0059 0.0632 0.6862 1.0000 0.0001 0.0008 0.0092 0.1021 1.0000 1.0000 0.0001 0.0015 0.0170 0.1934 1.0000 1.0000 0.0003 0.0031 0.0351 0.4044 1.0000 1.0000 0.0006 0.0066 0.0766 0.8854 1.0000 0.0001 0.0013 0.0143 0.1482 0.6619 0.1482 0.0143 0.0013 0.0001 1.0000 0.8854 0.0766 0.0066 0.0006 1.0000 1.0000 0.4044 0.0351 0.0031 0.0003 1.0000 1.0000 0.1934 0.0170 0.0015 0.0001 1.0000 1.0000 0.1021 0.0092 0.0008 0.0001 1.0000 0.6862 0.0632 0.0059 0.0005 1.0000 1.0000 0.4827 0.0455 0.0043 0.0004 1.0000 1.0000 0.3706 0.0350 0.0033 0.0003 1.0000 1.0000 0.2899 0.0275 0.0026 0.0002
0.0026 0.0301 0.3177 1.0000 1.0000 0.0003 0.0036 0.0384 0.4052 1.0000 1.0000 0.0004 0.0047 0.0495 0.5238 1.0000 1.0000 0.0006 0.0062 0.0668 0.7183 1.0000 0.0001 0.0008 0.0093 0.1021 1.0000 1.0000 0.0001 0.0014 0.0163 0.1840 1.0000 1.0000 0.0002 0.0028 0.0326 0.3741 1.0000 1.0000 0.0005 0.0061 0.0702 0.8097 1.0000 0.0001 0.0012 0.0133 0.1507 1.0000 1.0000 1.0000 0.1507 0.0133 0.0012 0.0001 1.0000 0.8097 0.0702 0.0061 0.0005 1.0000 1.0000 0.3741 0.0326 0.0028 0.0002 1.0000 1.0000 0.1840 0.0163 0.0014 0.0001 1.0000 1.0000 0.1021 0.0093 0.0008 0.0001 1.0000 0.7183 0.0668 0.0062 0.0006 1.0000 1.0000 0.5238 0.0495 0.0047 0.0004 1.0000 1.0000 0.4052 0.0384 0.0036 0.0003 1.0000 1.0000 0.3177 0.0301 0.0026
0.0304 0.3487 1.0000 1.0000 0.0004 0.0040 0.0422 0.4448 1.0000 1.0000 0.0005 0.0051 0.0541 0.5717 1.0000 1.0000 0.0006 0.0067 0.0714 0.7619 1.0000 0.0001 0.0009 0.0095 0.1040 1.0000 1.0000 0.0001 0.0014 0.0159 0.1778 1.0000 1.0000 0.0002 0.0027 0.0306 0.3487 1.0000 1.0000 0.0005 0.0056 0.0644 0.7433 1.0000 0.0001 0.0011 0.0122 0.1405 1.0000 1.0000 1.0000 1.0000 1.0000 0.1405 0.0122 0.0011 0.0001 1.0000 0.7433 0.0644 0.0056 0.0005 1.0000 1.0000 0.3487 0.0306 0.0027 0.0002 1.0000 1.0000 0.1778 0.0159 0.0014 0.0001 1.0000 1.0000 0.1040 0.0095 0.0009 0.0001 1.0000 0.7619 0.0714 0.0067 0.0006 1.0000 1.0000 0.5717 0.0541 0.0051 0.0005 1.0000 1.0000 0.4448 0.0422 0.0040 0.0004 1.0000 1.0000 0.3487 0.0304
0.3513 1.0000 1.0000 0.0004 0.0044 0.0462 0.4873 1.0000 1.0000 0.0005 0.0056 0.0591 0.6252 1.0000 1.0000 0.0007 0.0073 0.0770 0.8190 1.0000 0.0001 0.0009 0.0100 0.1078 1.0000 1.0000 0.0001 0.0014 0.0157 0.1745 1.0000 1.0000 0.0002 0.0026 0.0289 0.3287 1.0000 1.0000 0.0005 0.0052 0.0595 0.6836 1.0000 0.0001 0.0010 0.0112 0.1290 1.0000 1.0000 0.0002 0.0007 0.0002 1.0000 1.0000 0.1290 0.0112 0.0010 0.0001 1.0000 0.6836 0.0595 0.0052 0.0005 1.0000 1.0000 0.3287 0.0289 0.0026 0.0002 1.0000 1.0000 0.1745 0.0157 0.0014 0.0001 1.0000 1.0000 0.1078 0.0100 0.0009 0.0001 1.0000 0.8190 0.0770 0.0073 0.0007 1.0000 1.0000 0.6252 0.0591 0.0056 0.0005 1.0000 1.0000 0.4873 0.0462 0.0044 0.0004 1.0000 1.0000 0.3513
1.0000 1.0000 0.0005 0.0048 0.0507 0.5349 1.0000 1.0000 0.0006 0.0061 0.0647 0.6836 1.0000 0.0001 0.0007 0.0079 0.0836 0.8871 1.0000 0.0001 0.0010 0.0106 0.1135 1.0000 1.0000 0.0001 0.0014 0.0159 0.1745 1.0000 1.0000 0.0002 0.0025 0.0278 0.3135 1.0000 1.0000 0.0004 0.0048 0.0553 0.6335 1.0000 0.0001 0.0009 0.0103 0.1184 1.0000 1.0000 0.0002 0.0017 0.0076 0.0017 0.0002 1.0000 1.0000 0.1184 0.0103 0.0009 0.0001 1.0000 0.6335 0.0553 0.0048 0.0004 1.0000 1.0000 0.3135 0.0278 0.0025 0.0002 1.0000 1.0000 0.1745 0.0159 0.0014 0.0001 1.0000 1.0000 0.1135 0.0106 0.0010 0.0001 1.0000 0.8871 0.0836 0.0079 0.0007 0.0001 1.0000 0.6836 0.0647 0.0061 0.0006 1.0000 1.0000 0.5349 0.0507 0.0048 0.0005 1.0000 1.0000
1.0000 0.0005 0.0053 0.0555 0.5860 1.0000 1.0000 0.0006 0.0067 0.0708 0.7475 1.0000 0.0001 0.0008 0.0086 0.0912 0.9663 1.0000 0.0001 0.0011 0.0113 0.1211 1.0000 1.0000 0.0001 0.0015 0.0163 0.1778 1.0000 1.0000 0.0002 0.0024 0.0271 0.3029 1.0000 1.0000 0.0004 0.0046 0.0519 0.5916 1.0000 0.0001 0.0008 0.0095 0.1089 1.0000 1.0000 0.0002 0.0017 0.0181 0.0808 0.0181 0.0017 0.0002 1.0000 1.0000 0.1089 0.0095 0.0008 0.0001 1.0000 0.5916 0.0519 0.0046 0.0004 1.0000 1.0000 0.3029 0.0271 0.0024 0.0002 1.0000 1.0000 0.1778 0.0163 0.0015 0.0001 1.0000 1.0000 0.1211 0.0113 0.0011 0.0001 1.0000 0.9663 0.0912 0.0086 0.0008 0.0001 1.0000 0.7475 0.0708 0.0067 0.0006 1.0000 1.0000 0.5860 0.0555 0.0053 0.0005 1.0000
0.0005 0.0058 0.0608 0.6420 1.0000 1.0000 0.0007 0.0074 0.0778 0.8205 1.0000 0.0001 0.0009 0.0094 0.0998 1.0000 1.0000 0.0001 0.0012 0.0123 0.1304 1.0000 1.0000 0.0001 0.0016 0.0170 0.1840 1.0000 1.0000 0.0002 0.0024 0.0269 0.2978 1.0000 1.0000 0.0004 0.0044 0.0493 0.5588 1.0000 1.0000 0.0008 0.0088 0.1007 1.0000 1.0000 0.0001 0.0016 0.0184 0.1912 0.8540 0.1912 0.0184 0.0016 0.0001 1.0000 1.0000 0.1007 0.0088 0.0008 1.0000 1.0000 0.5588 0.0493 0.0044 0.0004 1.0000 1.0000 0.2978 0.0269 0.0024 0.0002 1.0000 1.0000 0.1840 0.0170 0.0016 0.0001 1.0000 1.0000 0.1304 0.0123 0.0012 0.0001 1.0000 1.0000 0.0998 0.0094 0.0009 0.0001 1.0000 0.8205 0.0778 0.0074 0.0007 1.0000 1.0000 0.6420 0.0608 0.0058 0.0005
0.0058 0.0668 0.7047 1.0000 0.0001 0.0008 0.0081 0.0852 0.8990 1.0000 0.0001 0.0010 0.0103 0.1091 1.0000 1.0000 0.0001 0.0013 0.0133 0.1413 1.0000 1.0000 0.0002 0.0017 0.0180 0.1934 1.0000 1.0000 0.0002 0.0025 0.0271 0.2978 1.0000 1.0000 0.0004 0.0042 0.0473 0.5339 1.0000 1.0000 0.0007 0.0082 0.0937 1.0000 1.0000 0.0001 0.0015 0.0173 0.1952 1.0000 1.0000 1.0000 0.1952 0.0173 0.0015 0.0001 1.0000 1.0000 0.0937 0.0082 0.0007 1.0000 1.0000 0.5339 0.0473 0.0042 0.0004 1.0000 1.0000 0.2978 0.0271 0.0025 0.0002 1.0000 1.0000 0.1934 0.0180 0.0017 0.0002 1.0000 1.0000 0.1413 0.0133 0.0013 0.0001 1.0000 1.0000 0.1091 0.0103 0.0010 0.0001 1.0000 0.8990 0.0852 0.0081 0.0008 0.0001 1.0000 0.7047 0.0668 0.0058
0.0674 0.7721 1.0000 0.0001 0.0008 0.0088 0.0933 0.9849 1.0000 0.0001 0.0011 0.0113 0.1193 1.0000 1.0000 0.0001 0.0014 0.0146 0.1542 1.0000 1.0000 0.0002 0.0018 0.0193 0.2055 1.0000 1.0000 0.0002 0.0026 0.0278 0.3029 1.0000 1.0000 0.0004 0.0041 0.0462 0.5169 1.0000 1.0000 0.0007 0.0077 0.0882 1.0000 1.0000 0.0001 0.0014 0.0160 0.1833 1.0000 1.0000 0.0001 1.0000 1.0000 0.1833 0.0160 0.0014 0.0001 1.0000 1.0000 0.0882 0.0077 0.0007 1.0000 1.0000 0.5169 0.0462 0.0041 0.0004 1.0000 1.0000 0.3029 0.0278 0.0026 0.0002 1.0000 1.0000 0.2055 0.0193 0.0018 0.0002 1.0000 1.0000 0.1542 0.0146 0.0014 0.0001 1.0000 1.0000 0.1193 0.0113 0.0011 0.0001 1.0000 0.9849 0.0933 0.0088 0.0008 0.0001 1.0000 0.7721 0.0674
0.7795 1.0000 0.0001 0.0009 0.0097 0.1025 1.0000 1.0000 0.0001 0.0012 0.0124 0.1307 1.0000 1.0000 0.0001 0.0015 0.0159 0.1683 1.0000 1.0000 0.0002 0.0020 0.0208 0.2209 1.0000 1.0000 0.0002 0.0027 0.0289 0.3135 1.0000 1.0000 0.0004 0.0041 0.0458 0.5091 1.0000 1.0000 0.0007 0.0074 0.0837 0.9499 1.0000 0.0001 0.0013 0.0149 0.1706 1.0000 1.0000 0.0002 0.0009 0.0002 1.0000 1.0000 0.1706 0.0149 0.0013 0.0001 1.0000 0.9499 0.0837 0.0074 0.0007 1.0000 1.0000 0.5091 0.0458 0.0041 0.0004 1.0000 1.0000 0.3135 0.0289 0.0027 0.0002 1.0000 1.0000 0.2209 0.0208 0.0020 0.0002 1.0000 1.0000 0.1683 0.0159 0.0015 0.0001 1.0000 1.0000 0.1307 0.0124 0.0012 0.0001 1.0000 1.0000 0.1025 0.0097 0.0009 0.0001 1.0000 0.7795
1.0000 0.0001 0.0010 0.0106 0.1122 1.0000 1.0000 0.0001 0.0013 0.0136 0.1435 1.0000 1.0000 0.0002 0.0016 0.0174 0.1840 1.0000 1.0000 0.0002 0.0021 0.0225 0.2393 1.0000 1.0000 0.0003 0.0028 0.0306 0.3287 1.0000 1.0000 0.0004 0.0042 0.0462 0.5091 1.0000 1.0000 0.0006 0.0072 0.0806 0.9093 1.0000 0.0001 0.0012 0.0139 0.1593 1.0000 1.0000 0.0002 0.0022 0.0100 0.0022 0.0002 1.0000 1.0000 0.1593 0.0139 0.0012 0.0001 1.0000 0.9093 0.0806 0.0072 0.0006 1.0000 1.0000 0.5091 0.0462 0.0042 0.0004 1.0000 1.0000 0.3287 0.0306 0.0028 0.0003 1.0000 1.0000 0.2393 0.0225 0.0021 0.0002 1.0000 1.0000 0.1840 0.0174 0.0016 0.0002 1.0000 1.0000 0.1435 0.0136 0.0013 0.0001 1.0000 1.0000 0.1122 0.0106 0.0010 0.0001 1.0000
0.0001 0.0011 0.0117 0.1232 1.0000 1.0000 0.0001 0.0014 0.0149 0.1572 1.0000 1.0000 0.0002 0.0018 0.0190 0.2012 1.0000 1.0000 0.0002 0.0023 0.0246 0.2602 1.0000 1.0000 0.0003 0.0031 0.0326 0.3487 1.0000 1.0000 0.0004 0.0044 0.0473 0.5169 1.0000 1.0000 0.0006 0.0071 0.0788 0.8804 1.0000 0.0001 0.0012 0.0132 0.1499 1.0000 1.0000 0.0002 0.0023 0.0238 0.1060 0.0238 0.0023 0.0002 1.0000 1.0000 0.1499 0.0132 0.0012 0.0001 1.0000 0.8804 0.0788 0.0071 0.0006 1.0000 1.0000 0.5169 0.0473 0.0044 0.0004 1.0000 1.0000 0.3487 0.0326 0.0031 0.0003 1.0000 1.0000 0.2602 0.0246 0.0023 0.0002 1.0000 1.0000 0.2012 0.0190 0.0018 0.0002 1.0000 1.0000 0.1572 0.0149 0.0014 0.0001 1.0000 1.0000 0.1232 0.0117 0.0011 0.0001
0.0011 0.0128 0.1350 1.0000 1.0000 0.0001 0.0015 0.0163 0.1722 1.0000 1.0000 0.0002 0.0020 0.0209 0.2201 1.0000 1.0000 0.0002 0.0025 0.0269 0.2845 1.0000 1.0000 0.0003 0.0033 0.0351 0.3741 1.0000 1.0000 0.0004 0.0046 0.0493 0.5339 1.0000 1.0000 0.0006 0.0071 0.0782 0.8671 1.0000 0.0001 0.0011 0.0126 0.1424 1.0000 1.0000 0.0002 0.0022 0.0246 0.2538 1.0000 0.2538 0.0246 0.0022 0.0002 1.0000 1.0000 0.1424 0.0126 0.0011 0.0001 1.0000 0.8671 0.0782 0.0071 0.0006 1.0000 1.0000 0.5339 0.0493 0.0046 0.0004 1.0000 1.0000 0.3741 0.0351 0.0033 0.0003 1.0000 1.0000 0.2845 0.0269 0.0025 0.0002 1.0000 1.0000 0.2201 0.0209 0.0020 0.0002 1.0000 1.0000 0.1722 0.0163 0.0015 0.0001 1.0000 1.0000 0.1350 0.0128 0.0011
0.0129 0.1482 1.0000 1.0000 0.0002 0.0017 0.0179 0.1890 1.0000 1.0000 0.0002 0.0022 0.0228 0.2411 1.0000 1.0000 0.0003 0.0028 0.0294 0.3111 1.0000 1.0000 0.0003 0.0036 0.0381 0.4044 1.0000 1.0000 0.0005 0.0048 0.0519 0.5588 1.0000 1.0000 0.0007 0.0072 0.0788 0.8671 1.0000 0.0001 0.0011 0.0122 0.1373 1.0000 1.0000 0.0002 0.0021 0.0235 0.2636 1.0000 1.0000 1.0000 0.2636 0.0235 0.0021 0.0002 1.0000 1.0000 0.1373 0.0122 0.0011 0.0001 1.0000 0.8671 0.0788 0.0072 0.0007 1.0000 1.0000 0.5588 0.0519 0.0048 0.0005 1.0000 1.0000 0.4044 0.0381 0.0036 0.0003 1.0000 1.0000 0.3111 0.0294 0.0028 0.0003 1.0000 1.0000 0.2411 0.0228 0.0022 0.0002 1.0000 1.0000 0.1890 0.0179 0.0017 0.0002 1.0000 1.0000 0.1482 0.0129
0.1493 1.0000 1.0000 0.0002 0.0019 0.0196 0.2071 1.0000 1.0000 0.0002 0.0024 0.0250 0.2641 1.0000 1.0000 0.0003 0.0030 0.0322 0.3402 1.0000 1.0000 0.0004 0.0039 0.0415 0.4397 1.0000 1.0000 0.0005 0.0052 0.0553 0.5916 1.0000 1.0000 0.0007 0.0074 0.0806 0.8804 1.0000 0.0001 0.0011 0.0120 0.1340 1.0000 1.0000 0.0002 0.0020 0.0224 0.2528 1.0000 1.0000 0.0001 1.0000 1.0000 0.2528 0.0224 0.0020 0.0002 1.0000 1.0000 0.1340 0.0120 0.0011 0.0001 1.0000 0.8804 0.0806 0.0074 0.0007 1.0000 1.0000 0.5916 0.0553 0.0052 0.0005 1.0000 1.0000 0.4397 0.0415 0.0039 0.0004 1.0000 1.0000 0.3402 0.0322 0.0030 0.0003 1.0000 1.0000 0.2641 0.0250 0.0024 0.0002 1.0000 1.0000 0.2071 0.0196 0.0019 0.0002 1.0000 1.0000 0.1493
1.0000 1.0000 0.0002 0.0020 0.0215 0.2273 1.0000 1.0000 0.0002 0.0026 0.0275 0.2899 1.0000 1.0000 0.0003 0.0033 0.0352 0.3720 1.0000 1.0000 0.0004 0.0043 0.0454 0.4799 1.0000 1.0000 0.0005 0.0056 0.0595 0.6335 1.0000 1.0000 0.0007 0.0077 0.0837 0.9093 1.0000 0.0001 0.0011 0.0120 0.1329 1.0000 1.0000 0.0002 0.0019 0.0214 0.2420 1.0000 1.0000 0.0003 0.0013 0.0003 1.0000 1.0000 0.2420 0.0214 0.0019 0.0002 1.0000 1.0000 0.1329 0.0120 0.0011 0.0001 1.0000 0.9093 0.0837 0.0077 0.0007 1.0000 1.0000 0.6335 0.0595 0.0056 0.0005 1.0000 1.0000 0.4799 0.0454 0.0043 0.0004 1.0000 1.0000 0.3720 0.0352 0.0033 0.0003 1.0000 1.0000 0.2899 0.0275 0.0026 0.0002 1.0000 1.0000 0.2273 0.0215 0.0020 0.0002 1.0000 1.0000
1.0000 0.0002 0.0022 0.0236 0.2490 1.0000 1.0000 0.0003 0.0029 0.0301 0.3177 1.0000 1.0000 0.0003 0.0036 0.0385 0.4068 1.0000 1.0000 0.0004 0.0047 0.0496 0.5248 1.0000 1.0000 0.0006 0.0061 0.0644 0.6836 1.0000 0.0001 0.0008 0.0082 0.0882 0.9499 1.0000 0.0001 0.0011 0.0122 0.1340 1.0000 1.0000 0.0002 0.0019 0.0208 0.2330 1.0000 1.0000 0.0003 0.0031 0.0138 0.0031 0.0003 1.0000 1.0000 0.2330 0.0208 0.0019 0.0002 1.0000 1.0000 0.1340 0.0122 0.0011 0.0001 1.0000 0.9499 0.0882 0.0082 0.0008 0.0001 1.0000 0.6836 0.0644 0.0061 0.0006 1.0000 1.0000 0.5248 0.0496 0.0047 0.0004 1.0000 1.0000 0.4068 0.0385 0.0036 0.0003 1.0000 1.0000 0.3177 0.0301 0.0029 0.0003 1.0000 1.0000 0.2490 0.0236 0.0022 0.0002 1.0000
0.0002 0.0025 0.0259 0.2733 1.0000 1.0000 0.0003 0.0031 0.0330 0.3487 1.0000 1.0000 0.0004 0.0040 0.0422 0.4448 1.0000 1.0000 0.0005 0.0051 0.0543 0.5739 1.0000 1.0000 0.0006 0.0066 0.0702 0.7433 1.0000 0.0001 0.0008 0.0088 0.0937 1.0000 1.0000 0.0001 0.0012 0.0126 0.1373 1.0000 1.0000 0.0002 0.0018 0.0205 0.2282 1.0000 1.0000 0.0003 0.0033 0.0335 0.1484 0.0335 0.0033 0.0003 1.0000 1.0000 0.2282 0.0205 0.0018 0.0002 1.0000 1.0000 0.1373 0.0126 0.0012 0.0001 1.0000 1.0000 0.0937 0.0088 0.0008 0.0001 1.0000 0.7433 0.0702 0.0066 0.0006 1.0000 1.0000 0.5739 0.0543 0.0051 0.0005 1.0000 1.0000 0.4448 0.0422 0.0040 0.0004 1.0000 1.0000 0.3487 0.0330 0.0031 0.0003 1.0000 1.0000 0.2733 0.0259 0.0025 0.0002
0.0025 0.0284 0.2995 1.0000 1.0000 0.0003 0.0034 0.0362 0.3820 1.0000 1.0000 0.0004 0.0044 0.0462 0.4873 1.0000 1.0000 0.0005 0.0056 0.0594 0.6275 1.0000 1.0000 0.0007 0.0072 0.0766 0.8097 1.0000 0.0001 0.0009 0.0095 0.1007 1.0000 1.0000 0.0001 0.0012 0.0132 0.1424 1.0000 1.0000 0.0002 0.0019 0.0205 0.2264 1.0000 1.0000 0.0003 0.0032 0.0357 0.3629 1.0000 0.3629 0.0357 0.0032 0.0003 1.0000 1.0000 0.2264 0.0205 0.0019 0.0002 1.0000 1.0000 0.1424 0.0132 0.0012 0.0001 1.0000 1.0000 0.1007 0.0095 0.0009 0.0001 1.0000 0.8097 0.0766 0.0072 0.0007 1.0000 1.0000 0.6275 0.0594 0.0056 0.0005 1.0000 1.0000 0.4873 0.0462 0.0044 0.0004 1.0000 1.0000 0.3820 0.0362 0.0034 0.0003 1.0000 1.0000 0.2995 0.0284 0.0025
0.0287 0.3287 1.0000 1.0000 0.0004 0.0038 0.0397 0.4193 1.0000 1.0000 0.0005 0.0048 0.0507 0.5349 1.0000 1.0000 0.0006 0.0061 0.0649 0.6862 1.0000 0.0001 0.0007 0.0079 0.0837 0.8854 1.0000 0.0001 0.0010 0.0103 0.1089 1.0000 1.0000 0.0001 0.0013 0.0139 0.1499 1.0000 1.0000 0.0002 0.0019 0.0208 0.2282 1.0000 1.0000 0.0003 0.0032 0.0353 0.3879 1.0000 1.0000 1.0000 0.3879 0.0353 0.0032 0.0003 1.0000 1.0000 0.2282 0.0208 0.0019 0.0002 1.0000 1.0000 0.1499 0.0139 0.0013 0.0001 1.0000 1.0000 0.1089 0.0103 0.0010 0.0001 1.0000 0.8854 0.0837 0.0079 0.0007 0.0001 1.0000 0.6862 0.0649 0.0061 0.0006 1.0000 1.0000 0.5349 0.0507 0.0048 0.0005 1.0000 1.0000 0.4193 0.0397 0.0038 0.0004 1.0000 1.0000 0.3287 0.0287
0.3312 1.0000 1.0000 0.0004 0.0041 0.0435 0.4594 1.0000 1.0000 0.0005 0.0053 0.0555 0.5860 1.0000 1.0000 0.0006 0.0067 0.0710 0.7504 1.0000 0.0001 0.0008 0.0087 0.0916 0.9682 1.0000 0.0001 0.0011 0.0112 0.1184 1.0000 1.0000 0.0001 0.0014 0.0149 0.1593 1.0000 1.0000 0.0002 0.0020 0.0214 0.2330 1.0000 1.0000 0.0003 0.0031 0.0348 0.3864 1.0000 1.0000 0.0002 1.0000 1.0000 0.3864 0.0348 0.0031 0.0003 1.0000 1.0000 0.2330 0.0214 0.0020 0.0002 1.0000 1.0000 0.1593 0.0149 0.0014 0.0001 1.0000 1.0000 0.1184 0.0112 0.0011 0.0001 1.0000 0.9682 0.0916 0.0087 0.0008 0.0001 1.0000 0.7504 0.0710 0.0067 0.0006 1.0000 1.0000 0.5860 0.0555 0.0053 0.0005 1.0000 1.0000 0.4594 0.0435 0.0041 0.0004 1.0000 1.0000 0.3312
1.0000 1.0000 0.0004 0.0045 0.0477 0.5033 1.0000 1.0000 0.0005 0.0058 0.0608 0.6420 1.0000 1.0000 0.0007 0.0074 0.0776 0.8205 1.0000 0.0001 0.0009 0.0095 0.0999 1.0000 1.0000 0.0001 0.0012 0.0122 0.1290 1.0000 1.0000 0.0001 0.0015 0.0160 0.1706 1.0000 1.0000 0.0002 0.0021 0.0224 0.2420 1.0000 1.0000 0.0003 0.0032 0.0348 0.3842 1.0000 1.0000 0.0004 0.0019 0.0004 1.0000 1.0000 0.3842 0.0348 0.0032 0.0003 1.0000 1.0000 0.2420 0.0224 0.0021 0.0002 1.0000 1.0000 0.1706 0.0160 0.0015 0.0001 1.0000 1.0000 0.1290 0.0122 0.0012 0.0001 1.0000 1.0000 0.0999 0.0095 0.0009 0.0001 1.0000 0.8205 0.0776 0.0074 0.0007 1.0000 1.0000 0.6420 0.0608 0.0058 0.0005 1.0000 1.0000 0.5033 0.0477 0.0045 0.0004 1.0000 1.0000
1.0000 0.0005 0.0049 0.0521 0.5493 1.0000 1.0000 0.0006 0.0063 0.0664 0.7007 1.0000 0.0001 0.0008 0.0080 0.0847 0.8956 1.0000 0.0001 0.0010 0.0103 0.1089 1.0000 1.0000 0.0001 0.0013 0.0133 0.1405 1.0000 1.0000 0.0002 0.0016 0.0173 0.1833 1.0000 1.0000 0.0002 0.0022 0.0235 0.2528 1.0000 1.0000 0.0003 0.0032 0.0353 0.3864 1.0000 1.0000 0.0005 0.0047 0.0209 0.0047 0.0005 1.0000 1.0000 0.3864 0.0353 0.0032 0.0003 1.0000 1.0000 0.2528 0.0235 0.0022 0.0002 1.0000 1.0000 0.1833 0.0173 0.0016 0.0002 1.0000 1.0000 0.1405 0.0133 0.0013 0.0001 1.0000 1.0000 0.1089 0.0103 0.0010 0.0001 1.0000 0.8956 0.0847 0.0080 0.0008 0.0001 1.0000 0.7007 0.0664 0.0063 0.0006 1.0000 1.0000 0.5493 0.0521 0.0049 0.0005 1.0000
0.0005 0.0053 0.0560 0.5905 1.0000 1.0000 0.0006 0.0068 0.0714 0.7532 1.0000 0.0001 0.0008 0.0086 0.0911 0.9608 1.0000 0.0001 0.0010 0.0110 0.1168 1.0000 1.0000 0.0001 0.0013 0.0143 0.1507 1.0000 1.0000 0.0002 0.0017 0.0184 0.1952 1.0000 1.0000 0.0002 0.0023 0.0246 0.2636 1.0000 1.0000 0.0003 0.0033 0.0357 0.3879 1.0000 1.0000 0.0005 0.0051 0.0515 0.2260 0.0515 0.0051 0.0005 1.0000 1.0000 0.3879 0.0357 0.0033 0.0003 1.0000 1.0000 0.2636 0.0246 0.0023 0.0002 1.0000 1.0000 0.1952 0.0184 0.0017 0.0002 1.0000 1.0000 0.1507 0.0143 0.0013 0.0001 1.0000 1.0000 0.1168 0.0110 0.0010 0.0001 1.0000 0.9608 0.0911 0.0086 0.0008 0.0001 1.0000 0.7532 0.0714 0.0068 0.0006 1.0000 1.0000 0.5905 0.0560 0.0053 0.0005
0.0048 0.0550 0.5805 1.0000 1.0000 0.0006 0.0067 0.0703 0.7419 1.0000 0.0001 0.0008 0.0085 0.0897 0.9463 1.0000 0.0001 0.0010 0.0109 0.1148 1.0000 1.0000 0.0001 0.0013 0.0140 0.1482 1.0000 1.0000 0.0002 0.0017 0.0181 0.1912 1.0000 1.0000 0.0002 0.0022 0.0238 0.2538 1.0000 1.0000 0.0003 0.0031 0.0335 0.3629 1.0000 1.0000 0.0004 0.0047 0.0515 0.5159 1.0000 0.5159 0.0515 0.0047 0.0004 1.0000 1.0000 0.3629 0.0335 0.0031 0.0003 1.0000 1.0000 0.2538 0.0238 0.0022 0.0002 1.0000 1.0000 0.1912 0.0181 0.0017 0.0002 1.0000 1.0000 0.1482 0.0140 0.0013 0.0001 1.0000 1.0000 0.1148 0.0109 0.0010 0.0001 1.0000 0.9463 0.0897 0.0085 0.0008 0.0001 1.0000 0.7419 0.0703 0.0067 0.0006 1.0000 1.0000 0.5805 0.0550 0.0048
0.0220 0.2481 1.0000 1.0000 0.0003 0.0028 0.0298 0.3141 1.0000 1.0000 0.0003 0.0036 0.0380 0.4006 1.0000 1.0000 0.0004 0.0046 0.0485 0.5130 1.0000 1.0000 0.0006 0.0059 0.0626 0.6619 1.0000 1.0000 0.0007 0.0076 0.0808 0.8540 1.0000 0.0001 0.0009 0.0100 0.1060 1.0000 1.0000 0.0001 0.0013 0.0138 0.1484 1.0000 1.0000 0.0002 0.0019 0.0209 0.2260 1.0000 1.0000 1.0000 0.2260 0.0209 0.0019 0.0002 1.0000 1.0000 0.1484 0.0138 0.0013 0.0001 1.0000 1.0000 0.1060 0.0100 0.0009 0.0001 1.0000 0.8540 0.0808 0.0076 0.0007 1.0000 1.0000 0.6619 0.0626 0.0059 0.0006 1.0000 1.0000 0.5130 0.0485 0.0046 0.0004 1.0000 1.0000 0.4006 0.0380 0.0036 0.0003 1.0000 1.0000 0.3141 0.0298 0.0028 0.0003 1.0000 1.0000 0.2481 0.0220
0.0048 0.0550 0.5805 1.0000 1.0000 0.0006 0.0067 0.0703 0.7419 1.0000 0.0001 0.0008 0.0085 0.0897 0.9463 1.0000 0.0001 0.0010 0.0109 0.1148 1.0000 1.0000 0.0001 0.0013 0.0140 0.1482 1.0000 1.0000 0.0002 0.0017 0.0181 0.1912 1.0000 1.0000 0.0002 0.0022 0.0238 0.2538 1.0000 1.0000 0.0003 0.0031 0.0335 0.3629 1.0000 1.0000 0.0004 0.0047 0.0515 0.5159 1.0000 0.5159 0.0515 0.0047 0.0004 1.0000 1.0000 0.3629 0.0335 0.0031 0.0003 1.0000 1.0000 0.2538 0.0238 0.0022 0.0002 1.0000 1.0000 0.1912 0.0181 0.0017 0.0002 1.0000 1.0000 0.1482 0.0140 0.0013 0.0001 1.0000 1.0000 0.1148 0.0109 0.0010 0.0001 1.0000 0.9463 0.0897 0.0085 0.0008 0.0001 1.0000 0.7419 0.0703 0.0067 0.0006 1.0000 1.0000 0.5805 0.0550 0.0048
0.0005 0.0053 0.0560 0.5905 1.0000 1.0000 0.0006 0.0068 0.0714 0.7532 1.0000 0.0001 0.0008 0.0086 0.0911 0.9608 1.0000 0.0001 0.0010 0.0110 0.1168 1.0000 1.0000 0.0001 0.0013 0.0143 0.1507 1.0000 1.0000 0.0002 0.0017 0.0184 0.1952 1.0000 1.0000 0.0002 0.0023 0.0246 0.2636 1.0000 1.0000 0.0003 0.0033 0.0357 0.3879 1.0000 1.0000 0.0005 0.0051 0.0515 0.2260 0.0515 0.0051 0.0005 1.0000 1.0000 0.3879 0.0357 0.0033 0.0003 1.0000 1.0000 0.2636 0.0246 0.0023 0.0002 1.0000 1.0000 0.1952 0.0184 0.0017 0.0002 1.0000 1.0000 0.1507 0.0143 0.0013 0.0001 1.0000 1.0000 0.1168 0.0110 0.0010 0.0001 1.0000 0.9608 0.0911 0.0086 0.0008 0.0001 1.0000 0.7532 0.0714 0.0068 0.0006 1.0000 1.0000 0.5905 0.0560 0.0053 0.0005
1.0000 0.0005 0.0049 0.0521 0.5493 1.0000 1.0000 0.0006 0.0063 0.0664 0.7007 1.0000 0.0001 0.0008 0.0080 0.0847 0.8956 1.0000 0.0001 0.0010 0.0103 0.1089 1.0000 1.0000 0.0001 0.0013 0.0133 0.1405 1.0000 1.0000 0.0002 0.0016 0.0173 0.1833 1.0000 1.0000 0.0002 0.0022 0.0235 0.2528 1.0000 1.0000 0.0003 0.0032 0.0353 0.3864 1.0000 1.0000 0.0005 0.0047 0.0209 0.0047 0.0005 1.0000 1.0000 0.3864 0.0353 0.0032 0.0003 1.0000 1.0000 0.2528 0.0235 0.0022 0.0002 1.0000 1.0000 0.1833 0.0173 0.0016 0.0002 1.0000 1.0000 0.1405 0.0133 0.0013 0.0001 1.0000 1.0000 0.1089 0.0103 0.0010 0.0001 1.0000 0.8956 0.0847 0.0080 0.0008 0.0001 1.0000 0.7007 0.0664 0.0063 0.0006 1.0000 1.0000 0.5493 0.0521 0.0049 0.0005 1.0000
1.0000 1.0000 0.0004 0.0045 0.0477 0.5033 1.0000 1.0000 0.0005 0.0058 0.0608 0.6420 1.0000 1.0000 0.0007 0.0074 0.0776 0.8205 1.0000 0.0001 0.0009 0.0095 0.0999 1.0000 1.0000 0.0001 0.0012 0.0122 0.1290 1.0000 1.0000 0.0001 0.0015 0.0160 0.1706 1.0000 1.0000 0.0002 0.0021 0.0224 0.2420 1.0000 1.0000 0.0003 0.0032 0.0348 0.3842 1.0000 1.0000 0.0004 0.0019 0.0004 1.0000 1.0000 0.3842 0.0348 0.0032 0.0003 1.0000 1.0000 0.2420 0.0224 0.0021 0.0002 1.0000 1.0000 0.1706 0.0160 0.0015 0.0001 1.0000 1.0000 0.1290 0.0122 0.0012 0.0001 1.0000 1.0000 0.0999 0.0095 0.0009 0.0001 1.0000 0.8205 0.0776 0.0074 0.0007 1.0000 1.0000 0.6420 0.0608 0.0058 0.0005 1.0000 1.0000 0.5033 0.0477 0.0045 0.0004 1.0000 1.0000
0.3312 1.0000 1.0000 0.0004 0.0041 0.0435 0.4594 1.0000 1.0000 0.0005 0.0053 0.0555 0.5860 1.0000 1.0000 0.0006 0.0067 0.0710 0.7504 1.0000 0.0001 0.0008 0.0087 0.0916 0.9682 1.0000 0.0001 0.0011 0.0112 0.1184 1.0000 1.0000 0.0001 0.0014 0.0149 0.1593 1.0000 1.0000 0.0002 0.0020 0.0214 0.2330 1.0000 1.0000 0.0003 0.0031 0.0348 0.3864 1.0000 1.0000 0.0002 1.0000 1.0000 0.3864 0.0348 0.0031 0.0003 1.0000 1.0000 0.2330 0.0214 0.0020 0.0002 1.0000 1.0000 0.1593 0.0149 0.0014 0.0001 1.0000 1.0000 0.1184 0.0112 0.0011 0.0001 1.0000 0.9682 0.0916 0.0087 0.0008 0.0001 1.0000 0.7504 0.0710 0.0067 0.0006 1.0000 1.0000 0.5860 0.0555 0.0053 0.0005 1.0000 1.0000 0.4594 0.0435 0.0041 0.0004 1.0000 1.0000 0.3312
