0.4690 0.1991 0.1527 0.2002 0.3279 0.5071 0.4007 0.1615 0.1613 0.2313 0.3937 0.5013 0.3060 0.1519 0.1763 0.2720 0.4648 0.4681 0.2031 0.1523 0.1984 0.3238 0.5061 0.4063 0.1628 0.1605 0.2287 0.3885 0.5027 0.3139 0.1522 0.1750 0.2686 0.4599 0.4715 0.2091 0.1520 0.1965 0.3195 0.5049 0.4119 0.1642 0.1597 0.2261 0.3833 0.5040 0.3219 0.1526 0.1728 0.2557 0.3571 0.2557 0.1728 0.1526 0.3219 0.5040 0.3833 0.2261 0.1597 0.1642 0.4119 0.5049 0.3195 0.1965 0.1520 0.2091 0.4715 0.4599 0.2686 0.1750 0.1522 0.3139 0.5027 0.3885 0.2287 0.1605 0.1628 0.4063 0.5061 0.3238 0.1984 0.1523 0.2031 0.4681 0.4648 0.2720 0.1763 0.1519 0.3060 0.5013 0.3937 0.2313 0.1613 0.1615 0.4007 0.5071 0.3279 0.2002 0.1527 0.1991 0.4690
0.1991 0.1415 0.1929 0.3247 0.5084 0.4050 0.1519 0.1510 0.2243 0.3913 0.5031 0.3117 0.1405 0.1671 0.2663 0.4643 0.4709 0.2028 0.1408 0.1902 0.3196 0.5073 0.4107 0.1534 0.1501 0.2216 0.3859 0.5045 0.3197 0.1409 0.1657 0.2628 0.4592 0.4742 0.2098 0.1404 0.1883 0.3152 0.5060 0.4162 0.1551 0.1491 0.2190 0.3806 0.5057 0.3275 0.1414 0.1641 0.2576 0.4412 0.5070 0.4412 0.2576 0.1641 0.1414 0.3275 0.5057 0.3806 0.2190 0.1491 0.1551 0.4162 0.5060 0.3152 0.1883 0.1404 0.2098 0.4742 0.4592 0.2628 0.1657 0.1409 0.3197 0.5045 0.3859 0.2216 0.1501 0.1534 0.4107 0.5073 0.3196 0.1902 0.1408 0.2028 0.4709 0.4643 0.2663 0.1671 0.1405 0.3117 0.5031 0.3913 0.2243 0.1510 0.1519 0.4050 0.5084 0.3247 0.1929 0.1415 0.1991
0.1527 0.1929 0.3220 0.5074 0.4116 0.1540 0.1497 0.2204 0.3831 0.5051 0.3239 0.1412 0.1649 0.2608 0.4563 0.4758 0.2138 0.1402 0.1871 0.3127 0.5050 0.4192 0.1562 0.1487 0.2175 0.3776 0.5062 0.3318 0.1416 0.1635 0.2574 0.4510 0.4789 0.2215 0.1400 0.1852 0.3085 0.5033 0.4244 0.1581 0.1478 0.2150 0.3723 0.5072 0.3394 0.1422 0.1622 0.2538 0.4432 0.4866 0.3773 0.4866 0.4432 0.2538 0.1622 0.1422 0.3394 0.5072 0.3723 0.2150 0.1478 0.1581 0.4244 0.5033 0.3085 0.1852 0.1400 0.2215 0.4789 0.4510 0.2574 0.1635 0.1416 0.3318 0.5062 0.3776 0.2175 0.1487 0.1562 0.4192 0.5050 0.3127 0.1871 0.1402 0.2138 0.4758 0.4563 0.2608 0.1649 0.1412 0.3239 0.5051 0.3831 0.2204 0.1497 0.1540 0.4116 0.5074 0.3220 0.1929 0.1527
0.2002 0.3247 0.5074 0.4142 0.1554 0.1488 0.2172 0.3760 0.5067 0.3353 0.1419 0.1629 0.2557 0.4482 0.4805 0.2258 0.1398 0.1842 0.3061 0.5022 0.4273 0.1593 0.1473 0.2136 0.3694 0.5078 0.3436 0.1425 0.1615 0.2523 0.4427 0.4833 0.2338 0.1397 0.1823 0.3020 0.5000 0.4322 0.1617 0.1465 0.2111 0.3643 0.5085 0.3509 0.1432 0.1602 0.2490 0.4367 0.4869 0.2636 0.1442 0.2636 0.4869 0.4367 0.2490 0.1602 0.1432 0.3509 0.5085 0.3643 0.2111 0.1465 0.1617 0.4322 0.5000 0.3020 0.1823 0.1397 0.2338 0.4833 0.4427 0.2523 0.1615 0.1425 0.3436 0.5078 0.3694 0.2136 0.1473 0.1593 0.4273 0.5022 0.3061 0.1842 0.1398 0.2258 0.4805 0.4482 0.2557 0.1629 0.1419 0.3353 0.5067 0.3760 0.2172 0.1488 0.1554 0.4142 0.5074 0.3247 0.2002
0.3279 0.5084 0.4116 0.1554 0.1484 0.2153 0.3710 0.5078 0.3448 0.1427 0.1610 0.2509 0.4401 0.4847 0.2382 0.1396 0.1814 0.2996 0.4986 0.4349 0.1631 0.1461 0.2097 0.3614 0.5089 0.3549 0.1436 0.1595 0.2473 0.4342 0.4875 0.2467 0.1395 0.1796 0.2956 0.4958 0.4396 0.1658 0.1453 0.2073 0.3564 0.5094 0.3619 0.1443 0.1583 0.2441 0.4286 0.4901 0.2588 0.1382 0.1490 0.1382 0.2588 0.4901 0.4286 0.2441 0.1583 0.1443 0.3619 0.5094 0.3564 0.2073 0.1453 0.1658 0.4396 0.4958 0.2956 0.1796 0.1395 0.2467 0.4875 0.4342 0.2473 0.1595 0.1436 0.3549 0.5089 0.3614 0.2097 0.1461 0.1631 0.4349 0.4986 0.2996 0.1814 0.1396 0.2382 0.4847 0.4401 0.2509 0.1610 0.1427 0.3448 0.5078 0.3710 0.2153 0.1484 0.1554 0.4116 0.5084 0.3279
0.5071 0.4050 0.1540 0.1488 0.2153 0.3692 0.5083 0.3513 0.1434 0.1595 0.2467 0.4325 0.4884 0.2504 0.1394 0.1787 0.2935 0.4942 0.4421 0.1675 0.1449 0.2060 0.3536 0.5097 0.3658 0.1448 0.1576 0.2424 0.4256 0.4912 0.2598 0.1394 0.1769 0.2894 0.4909 0.4467 0.1708 0.1442 0.2037 0.3486 0.5099 0.3725 0.1457 0.1565 0.2394 0.4201 0.4935 0.2690 0.1393 0.1694 0.2193 0.1694 0.1393 0.2690 0.4935 0.4201 0.2394 0.1565 0.1457 0.3725 0.5099 0.3486 0.2037 0.1442 0.1708 0.4467 0.4909 0.2894 0.1769 0.1394 0.2598 0.4912 0.4256 0.2424 0.1576 0.1448 0.3658 0.5097 0.3536 0.2060 0.1449 0.1675 0.4421 0.4942 0.2935 0.1787 0.1394 0.2504 0.4884 0.4325 0.2467 0.1595 0.1434 0.3513 0.5083 0.3692 0.2153 0.1488 0.1540 0.4050 0.5071
0.4007 0.1519 0.1497 0.2172 0.3710 0.5083 0.3537 0.1439 0.1585 0.2435 0.4261 0.4915 0.2617 0.1394 0.1762 0.2877 0.4892 0.4489 0.1727 0.1438 0.2024 0.3460 0.5100 0.3762 0.1462 0.1559 0.2377 0.4170 0.4947 0.2729 0.1395 0.1743 0.2834 0.4852 0.4533 0.1768 0.1432 0.2001 0.3411 0.5100 0.3827 0.1472 0.1548 0.2347 0.4114 0.4967 0.2815 0.1396 0.1717 0.2697 0.3818 0.2697 0.1717 0.1396 0.2815 0.4967 0.4114 0.2347 0.1548 0.1472 0.3827 0.5100 0.3411 0.2001 0.1432 0.1768 0.4533 0.4852 0.2834 0.1743 0.1395 0.2729 0.4947 0.4170 0.2377 0.1559 0.1462 0.3762 0.5100 0.3460 0.2024 0.1438 0.1727 0.4489 0.4892 0.2877 0.1762 0.1394 0.2617 0.4915 0.4261 0.2435 0.1585 0.1439 0.3537 0.5083 0.3710 0.2172 0.1497 0.1519 0.4007
0.1615 0.1510 0.2204 0.3760 0.5078 0.3513 0.1439 0.1582 0.2418 0.4218 0.4936 0.2711 0.1395 0.1741 0.2823 0.4838 0.4550 0.1788 0.1429 0.1990 0.3386 0.5099 0.3861 0.1478 0.1542 0.2331 0.4084 0.4978 0.2860 0.1397 0.1718 0.2775 0.4787 0.4595 0.1841 0.1422 0.1967 0.3338 0.5096 0.3925 0.1490 0.1531 0.2302 0.4029 0.4996 0.2944 0.1399 0.1701 0.2721 0.4628 0.5039 0.4628 0.2721 0.1701 0.1399 0.2944 0.4996 0.4029 0.2302 0.1531 0.1490 0.3925 0.5096 0.3338 0.1967 0.1422 0.1841 0.4595 0.4787 0.2775 0.1718 0.1397 0.2860 0.4978 0.4084 0.2331 0.1542 0.1478 0.3861 0.5099 0.3386 0.1990 0.1429 0.1788 0.4550 0.4838 0.2823 0.1741 0.1395 0.2711 0.4936 0.4218 0.2418 0.1582 0.1439 0.3513 0.5078 0.3760 0.2204 0.1510 0.1615
0.1613 0.2243 0.3831 0.5067 0.3448 0.1434 0.1585 0.2418 0.4202 0.4948 0.2774 0.1396 0.1724 0.2779 0.4784 0.4603 0.1857 0.1420 0.1958 0.3316 0.5094 0.3955 0.1497 0.1526 0.2287 0.3999 0.5005 0.2989 0.1400 0.1694 0.2718 0.4717 0.4653 0.1928 0.1414 0.1934 0.3266 0.5087 0.4018 0.1511 0.1516 0.2259 0.3944 0.5021 0.3071 0.1403 0.1679 0.2679 0.4647 0.4752 0.3495 0.4752 0.4647 0.2679 0.1679 0.1403 0.3071 0.5021 0.3944 0.2259 0.1516 0.1511 0.4018 0.5087 0.3266 0.1934 0.1414 0.1928 0.4653 0.4717 0.2718 0.1694 0.1400 0.2989 0.5005 0.3999 0.2287 0.1526 0.1497 0.3955 0.5094 0.3316 0.1958 0.1420 0.1857 0.4603 0.4784 0.2779 0.1724 0.1396 0.2774 0.4948 0.4202 0.2418 0.1585 0.1434 0.3448 0.5067 0.3831 0.2243 0.1613
0.2313 0.3913 0.5051 0.3353 0.1427 0.1595 0.2435 0.4218 0.4948 0.2797 0.1397 0.1712 0.2746 0.4738 0.4646 0.1927 0.1414 0.1929 0.3251 0.5084 0.4043 0.1517 0.1511 0.2245 0.3916 0.5029 0.3114 0.1405 0.1671 0.2663 0.4642 0.4708 0.2027 0.1408 0.1902 0.3196 0.5072 0.4107 0.1534 0.1501 0.2216 0.3859 0.5043 0.3196 0.1409 0.1657 0.2627 0.4587 0.4752 0.2290 0.1402 0.2290 0.4752 0.4587 0.2627 0.1657 0.1409 0.3196 0.5043 0.3859 0.2216 0.1501 0.1534 0.4107 0.5072 0.3196 0.1902 0.1408 0.2027 0.4708 0.4642 0.2663 0.1671 0.1405 0.3114 0.5029 0.3916 0.2245 0.1511 0.1517 0.4043 0.5084 0.3251 0.1929 0.1414 0.1927 0.4646 0.4738 0.2746 0.1712 0.1397 0.2797 0.4948 0.4218 0.2435 0.1595 0.1427 0.3353 0.5051 0.3913 0.2313
0.3937 0.5031 0.3239 0.1419 0.1610 0.2467 0.4261 0.4936 0.2774 0.1397 0.1709 0.2729 0.4707 0.4677 0.1989 0.1409 0.1904 0.3193 0.5070 0.4122 0.1540 0.1497 0.2205 0.3835 0.5050 0.3235 0.1411 0.1650 0.2610 0.4564 0.4758 0.2137 0.1402 0.1872 0.3128 0.5051 0.4191 0.1561 0.1487 0.2175 0.3776 0.5062 0.3317 0.1416 0.1635 0.2574 0.4510 0.4791 0.2247 0.1382 0.1532 0.1382 0.2247 0.4791 0.4510 0.2574 0.1635 0.1416 0.3317 0.5062 0.3776 0.2175 0.1487 0.1561 0.4191 0.5051 0.3128 0.1872 0.1402 0.2137 0.4758 0.4564 0.2610 0.1650 0.1411 0.3235 0.5050 0.3835 0.2205 0.1497 0.1540 0.4122 0.5070 0.3193 0.1904 0.1409 0.1989 0.4677 0.4707 0.2729 0.1709 0.1397 0.2774 0.4936 0.4261 0.2467 0.1610 0.1419 0.3239 0.5031 0.3937
0.5013 0.3117 0.1412 0.1629 0.2509 0.4325 0.4915 0.2711 0.1396 0.1712 0.2729 0.4696 0.4692 0.2033 0.1406 0.1885 0.3145 0.5054 0.4192 0.1564 0.1485 0.2167 0.3757 0.5067 0.3351 0.1419 0.1629 0.2559 0.4484 0.4803 0.2255 0.1399 0.1842 0.3062 0.5022 0.4272 0.1593 0.1473 0.2136 0.3695 0.5077 0.3435 0.1425 0.1615 0.2523 0.4427 0.4833 0.2345 0.1394 0.1761 0.2310 0.1761 0.1394 0.2345 0.4833 0.4427 0.2523 0.1615 0.1425 0.3435 0.5077 0.3695 0.2136 0.1473 0.1593 0.4272 0.5022 0.3062 0.1842 0.1399 0.2255 0.4803 0.4484 0.2559 0.1629 0.1419 0.3351 0.5067 0.3757 0.2167 0.1485 0.1564 0.4192 0.5054 0.3145 0.1885 0.1406 0.2033 0.4692 0.4696 0.2729 0.1712 0.1396 0.2711 0.4915 0.4325 0.2509 0.1629 0.1412 0.3117 0.5013
0.3060 0.1405 0.1649 0.2557 0.4401 0.4884 0.2617 0.1395 0.1724 0.2746 0.4707 0.4692 0.2049 0.1405 0.1873 0.3111 0.5038 0.4247 0.1588 0.1474 0.2134 0.3685 0.5080 0.3459 0.1428 0.1610 0.2509 0.4403 0.4846 0.2377 0.1396 0.1814 0.2998 0.4987 0.4348 0.1630 0.1461 0.2097 0.3615 0.5089 0.3548 0.1435 0.1595 0.2473 0.4343 0.4874 0.2468 0.1394 0.1785 0.2853 0.4046 0.2853 0.1785 0.1394 0.2468 0.4874 0.4343 0.2473 0.1595 0.1435 0.3548 0.5089 0.3615 0.2097 0.1461 0.1630 0.4348 0.4987 0.2998 0.1814 0.1396 0.2377 0.4846 0.4403 0.2509 0.1610 0.1428 0.3459 0.5080 0.3685 0.2134 0.1474 0.1588 0.4247 0.5038 0.3111 0.1873 0.1405 0.2049 0.4692 0.4707 0.2746 0.1724 0.1395 0.2617 0.4884 0.4401 0.2557 0.1649 0.1405 0.3060
0.1519 0.1671 0.2608 0.4482 0.4847 0.2504 0.1394 0.1741 0.2779 0.4738 0.4677 0.2033 0.1405 0.1869 0.3093 0.5026 0.4286 0.1608 0.1466 0.2106 0.3621 0.5089 0.3558 0.1437 0.1592 0.2462 0.4321 0.4885 0.2502 0.1394 0.1788 0.2937 0.4944 0.4419 0.1674 0.1449 0.2060 0.3537 0.5097 0.3657 0.1448 0.1577 0.2424 0.4257 0.4912 0.2598 0.1394 0.1767 0.2877 0.4814 0.4985 0.4814 0.2877 0.1767 0.1394 0.2598 0.4912 0.4257 0.2424 0.1577 0.1448 0.3657 0.5097 0.3537 0.2060 0.1449 0.1674 0.4419 0.4944 0.2937 0.1788 0.1394 0.2502 0.4885 0.4321 0.2462 0.1592 0.1437 0.3558 0.5089 0.3621 0.2106 0.1466 0.1608 0.4286 0.5026 0.3093 0.1869 0.1405 0.2033 0.4677 0.4738 0.2779 0.1741 0.1394 0.2504 0.4847 0.4482 0.2608 0.1671 0.1519
0.1763 0.2663 0.4563 0.4805 0.2382 0.1394 0.1762 0.2823 0.4784 0.4646 0.1989 0.1406 0.1873 0.3093 0.5022 0.4307 0.1623 0.1460 0.2084 0.3570 0.5095 0.3644 0.1447 0.1576 0.2418 0.4242 0.4920 0.2628 0.1394 0.1762 0.2878 0.4894 0.4486 0.1725 0.1439 0.2025 0.3462 0.5100 0.3761 0.1462 0.1559 0.2377 0.4170 0.4946 0.2729 0.1395 0.1743 0.2831 0.4833 0.4615 0.3187 0.4615 0.4833 0.2831 0.1743 0.1395 0.2729 0.4946 0.4170 0.2377 0.1559 0.1462 0.3761 0.5100 0.3462 0.2025 0.1439 0.1725 0.4486 0.4894 0.2878 0.1762 0.1394 0.2628 0.4920 0.4242 0.2418 0.1576 0.1447 0.3644 0.5095 0.3570 0.2084 0.1460 0.1623 0.4307 0.5022 0.3093 0.1873 0.1406 0.1989 0.4646 0.4784 0.2823 0.1762 0.1394 0.2382 0.4805 0.4563 0.2663 0.1763
0.2720 0.4643 0.4758 0.2258 0.1396 0.1787 0.2877 0.4838 0.4603 0.1927 0.1409 0.1885 0.3111 0.5026 0.4307 0.1628 0.1457 0.2070 0.3533 0.5098 0.3711 0.1457 0.1562 0.2380 0.4168 0.4950 0.2749 0.1395 0.1737 0.2820 0.4836 0.4550 0.1787 0.1429 0.1991 0.3389 0.5099 0.3858 0.1478 0.1542 0.2332 0.4085 0.4977 0.2859 0.1397 0.1718 0.2775 0.4784 0.4610 0.1985 0.1377 0.1985 0.4610 0.4784 0.2775 0.1718 0.1397 0.2859 0.4977 0.4085 0.2332 0.1542 0.1478 0.3858 0.5099 0.3389 0.1991 0.1429 0.1787 0.4550 0.4836 0.2820 0.1737 0.1395 0.2749 0.4950 0.4168 0.2380 0.1562 0.1457 0.3711 0.5098 0.3533 0.2070 0.1457 0.1628 0.4307 0.5026 0.3111 0.1885 0.1409 0.1927 0.4603 0.4838 0.2877 0.1787 0.1396 0.2258 0.4758 0.4643 0.2720
0.4648 0.4709 0.2138 0.1398 0.1814 0.2935 0.4892 0.4550 0.1857 0.1414 0.1904 0.3145 0.5038 0.4286 0.1623 0.1457 0.2066 0.3515 0.5100 0.3758 0.1466 0.1551 0.2348 0.4103 0.4975 0.2859 0.1397 0.1715 0.2765 0.4774 0.4608 0.1860 0.1420 0.1959 0.3318 0.5094 0.3952 0.1496 0.1526 0.2289 0.4001 0.5005 0.2987 0.1400 0.1694 0.2718 0.4717 0.4656 0.1952 0.1391 0.1581 0.1391 0.1952 0.4656 0.4717 0.2718 0.1694 0.1400 0.2987 0.5005 0.4001 0.2289 0.1526 0.1496 0.3952 0.5094 0.3318 0.1959 0.1420 0.1860 0.4608 0.4774 0.2765 0.1715 0.1397 0.2859 0.4975 0.4103 0.2348 0.1551 0.1466 0.3758 0.5100 0.3515 0.2066 0.1457 0.1623 0.4286 0.5038 0.3145 0.1904 0.1414 0.1857 0.4550 0.4892 0.2935 0.1814 0.1398 0.2138 0.4709 0.4648
0.4681 0.2028 0.1402 0.1842 0.2996 0.4942 0.4489 0.1788 0.1420 0.1929 0.3193 0.5054 0.4247 0.1608 0.1460 0.2070 0.3515 0.5100 0.3783 0.1471 0.1544 0.2324 0.4050 0.4994 0.2956 0.1400 0.1695 0.2716 0.4710 0.4661 0.1945 0.1413 0.1927 0.3249 0.5084 0.4041 0.1517 0.1511 0.2247 0.3919 0.5028 0.3110 0.1405 0.1672 0.2664 0.4643 0.4707 0.2032 0.1404 0.1836 0.2439 0.1836 0.1404 0.2032 0.4707 0.4643 0.2664 0.1672 0.1405 0.3110 0.5028 0.3919 0.2247 0.1511 0.1517 0.4041 0.5084 0.3249 0.1927 0.1413 0.1945 0.4661 0.4710 0.2716 0.1695 0.1400 0.2956 0.4994 0.4050 0.2324 0.1544 0.1471 0.3783 0.5100 0.3515 0.2070 0.1460 0.1608 0.4247 0.5054 0.3193 0.1929 0.1420 0.1788 0.4489 0.4942 0.2996 0.1842 0.1402 0.2028 0.4681
0.2031 0.1408 0.1871 0.3061 0.4986 0.4421 0.1727 0.1429 0.1958 0.3251 0.5070 0.4192 0.1588 0.1466 0.2084 0.3533 0.5100 0.3783 0.1473 0.1540 0.2309 0.4013 0.5008 0.3033 0.1403 0.1678 0.2672 0.4648 0.4708 0.2036 0.1407 0.1897 0.3182 0.5068 0.4126 0.1540 0.1497 0.2206 0.3837 0.5049 0.3231 0.1411 0.1650 0.2611 0.4567 0.4756 0.2136 0.1402 0.1861 0.3022 0.4279 0.3022 0.1861 0.1402 0.2136 0.4756 0.4567 0.2611 0.1650 0.1411 0.3231 0.5049 0.3837 0.2206 0.1497 0.1540 0.4126 0.5068 0.3182 0.1897 0.1407 0.2036 0.4708 0.4648 0.2672 0.1678 0.1403 0.3033 0.5008 0.4013 0.2309 0.1540 0.1473 0.3783 0.5100 0.3533 0.2084 0.1466 0.1588 0.4192 0.5070 0.3251 0.1958 0.1429 0.1727 0.4421 0.4986 0.3061 0.1871 0.1408 0.2031
0.1523 0.1902 0.3127 0.5022 0.4349 0.1675 0.1438 0.1990 0.3316 0.5084 0.4122 0.1564 0.1474 0.2106 0.3570 0.5098 0.3758 0.1471 0.1540 0.2303 0.3993 0.5017 0.3087 0.1406 0.1665 0.2636 0.4591 0.4748 0.2126 0.1403 0.1870 0.3120 0.5047 0.4206 0.1567 0.1484 0.2166 0.3757 0.5066 0.3347 0.1418 0.1630 0.2560 0.4487 0.4802 0.2251 0.1399 0.1841 0.3045 0.4957 0.4908 0.4957 0.3045 0.1841 0.1399 0.2251 0.4802 0.4487 0.2560 0.1630 0.1418 0.3347 0.5066 0.3757 0.2166 0.1484 0.1567 0.4206 0.5047 0.3120 0.1870 0.1403 0.2126 0.4748 0.4591 0.2636 0.1665 0.1406 0.3087 0.5017 0.3993 0.2303 0.1540 0.1471 0.3758 0.5098 0.3570 0.2106 0.1474 0.1564 0.4122 0.5084 0.3316 0.1990 0.1438 0.1675 0.4349 0.5022 0.3127 0.1902 0.1523
0.1984 0.3196 0.5050 0.4273 0.1631 0.1449 0.2024 0.3386 0.5094 0.4043 0.1540 0.1485 0.2134 0.3621 0.5095 0.3711 0.1466 0.1544 0.2309 0.3993 0.5019 0.3115 0.1407 0.1656 0.2609 0.4544 0.4779 0.2210 0.1399 0.1846 0.3064 0.5021 0.4279 0.1598 0.1471 0.2129 0.3678 0.5080 0.3460 0.1427 0.1610 0.2511 0.4406 0.4844 0.2373 0.1396 0.1815 0.2997 0.4975 0.4449 0.2848 0.4449 0.4975 0.2997 0.1815 0.1396 0.2373 0.4844 0.4406 0.2511 0.1610 0.1427 0.3460 0.5080 0.3678 0.2129 0.1471 0.1598 0.4279 0.5021 0.3064 0.1846 0.1399 0.2210 0.4779 0.4544 0.2609 0.1656 0.1407 0.3115 0.5019 0.3993 0.2309 0.1544 0.1466 0.3711 0.5095 0.3621 0.2134 0.1485 0.1540 0.4043 0.5094 0.3386 0.2024 0.1449 0.1631 0.4273 0.5050 0.3196 0.1984
0.3238 0.5073 0.4192 0.1593 0.1461 0.2060 0.3460 0.5099 0.3955 0.1517 0.1497 0.2167 0.3685 0.5089 0.3644 0.1457 0.1551 0.2324 0.4013 0.5017 0.3115 0.1408 0.1651 0.2592 0.4511 0.4802 0.2280 0.1397 0.1826 0.3015 0.4993 0.4343 0.1631 0.1460 0.2093 0.3603 0.5091 0.3569 0.1438 0.1591 0.2462 0.4323 0.4883 0.2498 0.1395 0.1789 0.2938 0.4942 0.4436 0.1755 0.1366 0.1755 0.4436 0.4942 0.2938 0.1789 0.1395 0.2498 0.4883 0.4323 0.2462 0.1591 0.1438 0.3569 0.5091 0.3603 0.2093 0.1460 0.1631 0.4343 0.4993 0.3015 0.1826 0.1397 0.2280 0.4802 0.4511 0.2592 0.1651 0.1408 0.3115 0.5017 0.4013 0.2324 0.1551 0.1457 0.3644 0.5089 0.3685 0.2167 0.1497 0.1517 0.3955 0.5099 0.3460 0.2060 0.1461 0.1593 0.4192 0.5073 0.3238
0.5061 0.4107 0.1562 0.1473 0.2097 0.3536 0.5100 0.3861 0.1497 0.1511 0.2205 0.3757 0.5080 0.3558 0.1447 0.1562 0.2348 0.4050 0.5008 0.3087 0.1407 0.1651 0.2587 0.4493 0.4816 0.2331 0.1396 0.1810 0.2975 0.4964 0.4399 0.1665 0.1450 0.2061 0.3533 0.5097 0.3671 0.1450 0.1573 0.2415 0.4240 0.4919 0.2625 0.1394 0.1763 0.2880 0.4895 0.4488 0.1738 0.1410 0.1637 0.1410 0.1738 0.4488 0.4895 0.2880 0.1763 0.1394 0.2625 0.4919 0.4240 0.2415 0.1573 0.1450 0.3671 0.5097 0.3533 0.2061 0.1450 0.1665 0.4399 0.4964 0.2975 0.1810 0.1396 0.2331 0.4816 0.4493 0.2587 0.1651 0.1407 0.3087 0.5008 0.4050 0.2348 0.1562 0.1447 0.3558 0.5080 0.3757 0.2205 0.1511 0.1497 0.3861 0.5100 0.3536 0.2097 0.1473 0.1562 0.4107 0.5061
0.4063 0.1534 0.1487 0.2136 0.3614 0.5097 0.3762 0.1478 0.1526 0.2245 0.3835 0.5067 0.3459 0.1437 0.1576 0.2380 0.4103 0.4994 0.3033 0.1406 0.1656 0.2592 0.4493 0.4821 0.2358 0.1396 0.1799 0.2945 0.4938 0.4443 0.1699 0.1442 0.2032 0.3469 0.5100 0.3764 0.1463 0.1557 0.2371 0.4157 0.4952 0.2753 0.1395 0.1738 0.2822 0.4838 0.4548 0.1788 0.1425 0.1921 0.2583 0.1921 0.1425 0.1788 0.4548 0.4838 0.2822 0.1738 0.1395 0.2753 0.4952 0.4157 0.2371 0.1557 0.1463 0.3764 0.5100 0.3469 0.2032 0.1442 0.1699 0.4443 0.4938 0.2945 0.1799 0.1396 0.2358 0.4821 0.4493 0.2592 0.1656 0.1406 0.3033 0.4994 0.4103 0.2380 0.1576 0.1437 0.3459 0.5067 0.3835 0.2245 0.1526 0.1478 0.3762 0.5097 0.3614 0.2136 0.1487 0.1534 0.4063
0.1628 0.1501 0.2175 0.3694 0.5089 0.3658 0.1462 0.1542 0.2287 0.3916 0.5050 0.3351 0.1428 0.1592 0.2418 0.4168 0.4975 0.2956 0.1403 0.1665 0.2609 0.4511 0.4816 0.2358 0.1395 0.1793 0.2926 0.4918 0.4475 0.1730 0.1436 0.2008 0.3414 0.5100 0.3847 0.1477 0.1542 0.2329 0.4076 0.4981 0.2879 0.1397 0.1714 0.2765 0.4775 0.4607 0.1859 0.1420 0.1948 0.3211 0.4513 0.3211 0.1948 0.1420 0.1859 0.4607 0.4775 0.2765 0.1714 0.1397 0.2879 0.4981 0.4076 0.2329 0.1542 0.1477 0.3847 0.5100 0.3414 0.2008 0.1436 0.1730 0.4475 0.4918 0.2926 0.1793 0.1395 0.2358 0.4816 0.4511 0.2609 0.1665 0.1403 0.2956 0.4975 0.4168 0.2418 0.1592 0.1428 0.3351 0.5050 0.3916 0.2287 0.1542 0.1462 0.3658 0.5089 0.3694 0.2175 0.1501 0.1628
0.1605 0.2216 0.3776 0.5078 0.3549 0.1448 0.1559 0.2331 0.3999 0.5029 0.3235 0.1419 0.1610 0.2462 0.4242 0.4950 0.2859 0.1400 0.1678 0.2636 0.4544 0.4802 0.2331 0.1396 0.1793 0.2919 0.4907 0.4495 0.1753 0.1431 0.1990 0.3369 0.5098 0.3917 0.1491 0.1529 0.2291 0.4001 0.5006 0.2999 0.1401 0.1691 0.2710 0.4706 0.4662 0.1944 0.1413 0.1926 0.3232 0.5045 0.4805 0.5045 0.3232 0.1926 0.1413 0.1944 0.4662 0.4706 0.2710 0.1691 0.1401 0.2999 0.5006 0.4001 0.2291 0.1529 0.1491 0.3917 0.5098 0.3369 0.1990 0.1431 0.1753 0.4495 0.4907 0.2919 0.1793 0.1396 0.2331 0.4802 0.4544 0.2636 0.1678 0.1400 0.2859 0.4950 0.4242 0.2462 0.1610 0.1419 0.3235 0.5029 0.3999 0.2331 0.1559 0.1448 0.3549 0.5078 0.3776 0.2216 0.1605
0.2287 0.3859 0.5062 0.3436 0.1436 0.1576 0.2377 0.4084 0.5005 0.3114 0.1411 0.1629 0.2509 0.4321 0.4920 0.2749 0.1397 0.1695 0.2672 0.4591 0.4779 0.2280 0.1396 0.1799 0.2926 0.4907 0.4502 0.1767 0.1428 0.1977 0.3336 0.5094 0.3974 0.1505 0.1517 0.2258 0.3932 0.5027 0.3109 0.1405 0.1670 0.2658 0.4634 0.4714 0.2042 0.1407 0.1897 0.3180 0.5060 0.4250 0.2486 0.4250 0.5060 0.3180 0.1897 0.1407 0.2042 0.4714 0.4634 0.2658 0.1670 0.1405 0.3109 0.5027 0.3932 0.2258 0.1517 0.1505 0.3974 0.5094 0.3336 0.1977 0.1428 0.1767 0.4502 0.4907 0.2926 0.1799 0.1396 0.2280 0.4779 0.4591 0.2672 0.1695 0.1397 0.2749 0.4920 0.4321 0.2509 0.1629 0.1411 0.3114 0.5005 0.4084 0.2377 0.1576 0.1436 0.3436 0.5062 0.3859 0.2287
0.3885 0.5045 0.3318 0.1425 0.1595 0.2424 0.4170 0.4978 0.2989 0.1405 0.1650 0.2559 0.4403 0.4885 0.2628 0.1395 0.1715 0.2716 0.4648 0.4748 0.2210 0.1397 0.1810 0.2945 0.4918 0.4495 0.1767 0.1427 0.1970 0.3315 0.5091 0.4016 0.1516 0.1508 0.2230 0.3872 0.5043 0.3208 0.1410 0.1651 0.2609 0.4560 0.4762 0.2149 0.1402 0.1868 0.3117 0.5045 0.4227 0.1613 0.1365 0.1613 0.4227 0.5045 0.3117 0.1868 0.1402 0.2149 0.4762 0.4560 0.2609 0.1651 0.1410 0.3208 0.5043 0.3872 0.2230 0.1508 0.1516 0.4016 0.5091 0.3315 0.1970 0.1427 0.1767 0.4495 0.4918 0.2945 0.1810 0.1397 0.2210 0.4748 0.4648 0.2716 0.1715 0.1395 0.2628 0.4885 0.4403 0.2559 0.1650 0.1405 0.2989 0.4978 0.4170 0.2424 0.1595 0.1425 0.3318 0.5045 0.3885
0.5027 0.3197 0.1416 0.1615 0.2473 0.4256 0.4947 0.2860 0.1400 0.1671 0.2610 0.4484 0.4846 0.2502 0.1394 0.1737 0.2765 0.4710 0.4708 0.2126 0.1399 0.1826 0.2975 0.4938 0.4475 0.1753 0.1428 0.1970 0.3308 0.5089 0.4041 0.1525 0.1502 0.2208 0.3823 0.5056 0.3295 0.1416 0.1634 0.2566 0.4489 0.4804 0.2260 0.1398 0.1840 0.3054 0.5018 0.4287 0.1606 0.1438 0.1702 0.1438 0.1606 0.4287 0.5018 0.3054 0.1840 0.1398 0.2260 0.4804 0.4489 0.2566 0.1634 0.1416 0.3295 0.5056 0.3823 0.2208 0.1502 0.1525 0.4041 0.5089 0.3308 0.1970 0.1428 0.1753 0.4475 0.4938 0.2975 0.1826 0.1399 0.2126 0.4708 0.4710 0.2765 0.1737 0.1394 0.2502 0.4846 0.4484 0.2610 0.1671 0.1400 0.2860 0.4947 0.4256 0.2473 0.1615 0.1416 0.3197 0.5027
0.3139 0.1409 0.1635 0.2523 0.4342 0.4912 0.2729 0.1397 0.1694 0.2663 0.4564 0.4803 0.2377 0.1394 0.1762 0.2820 0.4774 0.4661 0.2036 0.1403 0.1846 0.3015 0.4964 0.4443 0.1730 0.1431 0.1977 0.3315 0.5089 0.4049 0.1529 0.1498 0.2193 0.3786 0.5065 0.3364 0.1421 0.1620 0.2527 0.4423 0.4840 0.2367 0.1396 0.1813 0.2994 0.4983 0.4357 0.1637 0.1454 0.2016 0.2742 0.2016 0.1454 0.1637 0.4357 0.4983 0.2994 0.1813 0.1396 0.2367 0.4840 0.4423 0.2527 0.1620 0.1421 0.3364 0.5065 0.3786 0.2193 0.1498 0.1529 0.4049 0.5089 0.3315 0.1977 0.1431 0.1730 0.4443 0.4964 0.3015 0.1846 0.1403 0.2036 0.4661 0.4774 0.2820 0.1762 0.1394 0.2377 0.4803 0.4564 0.2663 0.1694 0.1397 0.2729 0.4912 0.4342 0.2523 0.1635 0.1409 0.3139
0.1522 0.1657 0.2574 0.4427 0.4875 0.2598 0.1395 0.1718 0.2718 0.4642 0.4758 0.2255 0.1396 0.1788 0.2878 0.4836 0.4608 0.1945 0.1407 0.1870 0.3064 0.4993 0.4399 0.1699 0.1436 0.1990 0.3336 0.5091 0.4041 0.1529 0.1496 0.2186 0.3764 0.5071 0.3415 0.1426 0.1608 0.2495 0.4365 0.4870 0.2468 0.1395 0.1790 0.2939 0.4943 0.4424 0.1678 0.1447 0.2044 0.3413 0.4727 0.3413 0.2044 0.1447 0.1678 0.4424 0.4943 0.2939 0.1790 0.1395 0.2468 0.4870 0.4365 0.2495 0.1608 0.1426 0.3415 0.5071 0.3764 0.2186 0.1496 0.1529 0.4041 0.5091 0.3336 0.1990 0.1436 0.1699 0.4399 0.4993 0.3064 0.1870 0.1407 0.1945 0.4608 0.4836 0.2878 0.1788 0.1396 0.2255 0.4758 0.4642 0.2718 0.1718 0.1395 0.2598 0.4875 0.4427 0.2574 0.1657 0.1522
0.1750 0.2628 0.4510 0.4833 0.2467 0.1394 0.1743 0.2775 0.4717 0.4708 0.2137 0.1399 0.1814 0.2937 0.4894 0.4550 0.1860 0.1413 0.1897 0.3120 0.5021 0.4343 0.1665 0.1442 0.2008 0.3369 0.5094 0.4016 0.1525 0.1498 0.2186 0.3756 0.5073 0.3446 0.1430 0.1600 0.2470 0.4316 0.4894 0.2558 0.1394 0.1769 0.2888 0.4899 0.4485 0.1726 0.1438 0.2020 0.3434 0.5082 0.4676 0.5082 0.3434 0.2020 0.1438 0.1726 0.4485 0.4899 0.2888 0.1769 0.1394 0.2558 0.4894 0.4316 0.2470 0.1600 0.1430 0.3446 0.5073 0.3756 0.2186 0.1498 0.1525 0.4016 0.5094 0.3369 0.2008 0.1442 0.1665 0.4343 0.5021 0.3120 0.1897 0.1413 0.1860 0.4550 0.4894 0.2937 0.1814 0.1399 0.2137 0.4708 0.4717 0.2775 0.1743 0.1394 0.2467 0.4833 0.4510 0.2628 0.1750
0.2686 0.4592 0.4789 0.2338 0.1395 0.1769 0.2834 0.4787 0.4653 0.2027 0.1402 0.1842 0.2998 0.4944 0.4486 0.1787 0.1420 0.1927 0.3182 0.5047 0.4279 0.1631 0.1450 0.2032 0.3414 0.5098 0.3974 0.1516 0.1502 0.2193 0.3764 0.5073 0.3457 0.1432 0.1595 0.2453 0.4280 0.4913 0.2633 0.1394 0.1752 0.2844 0.4854 0.4538 0.1779 0.1429 0.1991 0.3381 0.5095 0.4017 0.2133 0.4017 0.5095 0.3381 0.1991 0.1429 0.1779 0.4538 0.4854 0.2844 0.1752 0.1394 0.2633 0.4913 0.4280 0.2453 0.1595 0.1432 0.3457 0.5073 0.3764 0.2193 0.1502 0.1516 0.3974 0.5098 0.3414 0.2032 0.1450 0.1631 0.4279 0.5047 0.3182 0.1927 0.1420 0.1787 0.4486 0.4944 0.2998 0.1842 0.1402 0.2027 0.4653 0.4787 0.2834 0.1769 0.1395 0.2338 0.4789 0.4592 0.2686
0.4599 0.4742 0.2215 0.1397 0.1796 0.2894 0.4852 0.4595 0.1928 0.1408 0.1872 0.3062 0.4987 0.4419 0.1725 0.1429 0.1959 0.3249 0.5068 0.4206 0.1598 0.1460 0.2061 0.3469 0.5100 0.3917 0.1505 0.1508 0.2208 0.3786 0.5071 0.3446 0.1432 0.1593 0.2444 0.4257 0.4925 0.2687 0.1395 0.1737 0.2808 0.4812 0.4583 0.1835 0.1422 0.1963 0.3321 0.5093 0.3981 0.1523 0.1373 0.1523 0.3981 0.5093 0.3321 0.1963 0.1422 0.1835 0.4583 0.4812 0.2808 0.1737 0.1395 0.2687 0.4925 0.4257 0.2444 0.1593 0.1432 0.3446 0.5071 0.3786 0.2208 0.1508 0.1505 0.3917 0.5100 0.3469 0.2061 0.1460 0.1598 0.4206 0.5068 0.3249 0.1959 0.1429 0.1725 0.4419 0.4987 0.3062 0.1872 0.1408 0.1928 0.4595 0.4852 0.2894 0.1796 0.1397 0.2215 0.4742 0.4599
0.4715 0.2098 0.1400 0.1823 0.2956 0.4909 0.4533 0.1841 0.1414 0.1902 0.3128 0.5022 0.4348 0.1674 0.1439 0.1991 0.3318 0.5084 0.4126 0.1567 0.1471 0.2093 0.3533 0.5100 0.3847 0.1491 0.1517 0.2230 0.3823 0.5065 0.3415 0.1430 0.1595 0.2444 0.4249 0.4931 0.2721 0.1395 0.1727 0.2779 0.4775 0.4619 0.1891 0.1416 0.1938 0.3265 0.5085 0.4040 0.1521 0.1473 0.1777 0.1473 0.1521 0.4040 0.5085 0.3265 0.1938 0.1416 0.1891 0.4619 0.4775 0.2779 0.1727 0.1395 0.2721 0.4931 0.4249 0.2444 0.1595 0.1430 0.3415 0.5065 0.3823 0.2230 0.1517 0.1491 0.3847 0.5100 0.3533 0.2093 0.1471 0.1567 0.4126 0.5084 0.3318 0.1991 0.1439 0.1674 0.4348 0.5022 0.3128 0.1902 0.1414 0.1841 0.4533 0.4909 0.2956 0.1823 0.1400 0.2098 0.4715
0.2091 0.1404 0.1852 0.3020 0.4958 0.4467 0.1768 0.1422 0.1934 0.3196 0.5051 0.4272 0.1630 0.1449 0.2025 0.3389 0.5094 0.4041 0.1540 0.1484 0.2129 0.3603 0.5097 0.3764 0.1477 0.1529 0.2258 0.3872 0.5056 0.3364 0.1426 0.1600 0.2453 0.4257 0.4931 0.2734 0.1396 0.1721 0.2760 0.4746 0.4647 0.1941 0.1412 0.1916 0.3215 0.5074 0.4106 0.1537 0.1492 0.2126 0.2921 0.2126 0.1492 0.1537 0.4106 0.5074 0.3215 0.1916 0.1412 0.1941 0.4647 0.4746 0.2760 0.1721 0.1396 0.2734 0.4931 0.4257 0.2453 0.1600 0.1426 0.3364 0.5056 0.3872 0.2258 0.1529 0.1477 0.3764 0.5097 0.3603 0.2129 0.1484 0.1540 0.4041 0.5094 0.3389 0.2025 0.1449 0.1630 0.4272 0.5051 0.3196 0.1934 0.1422 0.1768 0.4467 0.4958 0.3020 0.1852 0.1404 0.2091
0.1520 0.1883 0.3085 0.5000 0.4396 0.1708 0.1432 0.1967 0.3266 0.5072 0.4191 0.1593 0.1461 0.2060 0.3462 0.5099 0.3952 0.1517 0.1497 0.2166 0.3678 0.5091 0.3671 0.1463 0.1542 0.2291 0.3932 0.5043 0.3295 0.1421 0.1608 0.2470 0.4280 0.4925 0.2721 0.1396 0.1719 0.2750 0.4728 0.4666 0.1981 0.1409 0.1899 0.3173 0.5062 0.4166 0.1557 0.1486 0.2160 0.3645 0.4907 0.3645 0.2160 0.1486 0.1557 0.4166 0.5062 0.3173 0.1899 0.1409 0.1981 0.4666 0.4728 0.2750 0.1719 0.1396 0.2721 0.4925 0.4280 0.2470 0.1608 0.1421 0.3295 0.5043 0.3932 0.2291 0.1542 0.1463 0.3671 0.5091 0.3678 0.2166 0.1497 0.1517 0.3952 0.5099 0.3462 0.2060 0.1461 0.1593 0.4191 0.5072 0.3266 0.1967 0.1432 0.1708 0.4396 0.5000 0.3085 0.1883 0.1520
0.1965 0.3152 0.5033 0.4322 0.1658 0.1442 0.2001 0.3338 0.5087 0.4107 0.1561 0.1473 0.2097 0.3537 0.5100 0.3858 0.1496 0.1511 0.2206 0.3757 0.5080 0.3569 0.1450 0.1557 0.2329 0.4001 0.5027 0.3208 0.1416 0.1620 0.2495 0.4316 0.4913 0.2687 0.1395 0.1721 0.2750 0.4722 0.4675 0.2007 0.1407 0.1887 0.3140 0.5049 0.4215 0.1577 0.1478 0.2141 0.3678 0.5078 0.4503 0.5078 0.3678 0.2141 0.1478 0.1577 0.4215 0.5049 0.3140 0.1887 0.1407 0.2007 0.4675 0.4722 0.2750 0.1721 0.1395 0.2687 0.4913 0.4316 0.2495 0.1620 0.1416 0.3208 0.5027 0.4001 0.2329 0.1557 0.1450 0.3569 0.5080 0.3757 0.2206 0.1511 0.1496 0.3858 0.5100 0.3537 0.2097 0.1473 0.1561 0.4107 0.5087 0.3338 0.2001 0.1442 0.1658 0.4322 0.5033 0.3152 0.1965
0.3195 0.5060 0.4244 0.1617 0.1453 0.2037 0.3411 0.5096 0.4018 0.1534 0.1487 0.2136 0.3615 0.5097 0.3761 0.1478 0.1526 0.2247 0.3837 0.5066 0.3460 0.1438 0.1573 0.2371 0.4076 0.5006 0.3109 0.1410 0.1634 0.2527 0.4365 0.4894 0.2633 0.1395 0.1727 0.2760 0.4728 0.4675 0.2016 0.1406 0.1879 0.3118 0.5038 0.4254 0.1594 0.1470 0.2118 0.3640 0.5086 0.3711 0.1812 0.3711 0.5086 0.3640 0.2118 0.1470 0.1594 0.4254 0.5038 0.3118 0.1879 0.1406 0.2016 0.4675 0.4728 0.2760 0.1727 0.1395 0.2633 0.4894 0.4365 0.2527 0.1634 0.1410 0.3109 0.5006 0.4076 0.2371 0.1573 0.1438 0.3460 0.5066 0.3837 0.2247 0.1526 0.1478 0.3761 0.5097 0.3615 0.2136 0.1487 0.1534 0.4018 0.5096 0.3411 0.2037 0.1453 0.1617 0.4244 0.5060 0.3195
0.5049 0.4162 0.1581 0.1465 0.2073 0.3486 0.5100 0.3925 0.1511 0.1501 0.2175 0.3695 0.5089 0.3657 0.1462 0.1542 0.2289 0.3919 0.5049 0.3347 0.1427 0.1591 0.2415 0.4157 0.4981 0.2999 0.1405 0.1651 0.2566 0.4423 0.4870 0.2558 0.1394 0.1737 0.2779 0.4746 0.4666 0.2007 0.1406 0.1876 0.3107 0.5031 0.4280 0.1609 0.1464 0.2097 0.3596 0.5093 0.3642 0.1455 0.1392 0.1455 0.3642 0.5093 0.3596 0.2097 0.1464 0.1609 0.4280 0.5031 0.3107 0.1876 0.1406 0.2007 0.4666 0.4746 0.2779 0.1737 0.1394 0.2558 0.4870 0.4423 0.2566 0.1651 0.1405 0.2999 0.4981 0.4157 0.2415 0.1591 0.1427 0.3347 0.5049 0.3919 0.2289 0.1542 0.1462 0.3657 0.5089 0.3695 0.2175 0.1501 0.1511 0.3925 0.5100 0.3486 0.2073 0.1465 0.1581 0.4162 0.5049
0.4119 0.1551 0.1478 0.2111 0.3564 0.5099 0.3827 0.1490 0.1516 0.2216 0.3776 0.5077 0.3548 0.1448 0.1559 0.2332 0.4001 0.5028 0.3231 0.1418 0.1610 0.2462 0.4240 0.4952 0.2879 0.1401 0.1670 0.2609 0.4489 0.4840 0.2468 0.1394 0.1752 0.2808 0.4775 0.4647 0.1981 0.1407 0.1879 0.3107 0.5028 0.4293 0.1618 0.1460 0.2082 0.3560 0.5096 0.3682 0.1455 0.1524 0.1876 0.1524 0.1455 0.3682 0.5096 0.3560 0.2082 0.1460 0.1618 0.4293 0.5028 0.3107 0.1879 0.1407 0.1981 0.4647 0.4775 0.2808 0.1752 0.1394 0.2468 0.4840 0.4489 0.2609 0.1670 0.1401 0.2879 0.4952 0.4240 0.2462 0.1610 0.1418 0.3231 0.5028 0.4001 0.2332 0.1559 0.1448 0.3548 0.5077 0.3776 0.2216 0.1516 0.1490 0.3827 0.5099 0.3564 0.2111 0.1478 0.1551 0.4119
0.1642 0.1491 0.2150 0.3643 0.5094 0.3725 0.1472 0.1531 0.2259 0.3859 0.5062 0.3435 0.1435 0.1577 0.2377 0.4085 0.5005 0.3110 0.1411 0.1630 0.2511 0.4323 0.4919 0.2753 0.1397 0.1691 0.2658 0.4560 0.4804 0.2367 0.1395 0.1769 0.2844 0.4812 0.4619 0.1941 0.1409 0.1887 0.3118 0.5031 0.4293 0.1621 0.1458 0.2073 0.3535 0.5098 0.3727 0.1461 0.1549 0.2276 0.3159 0.2276 0.1549 0.1461 0.3727 0.5098 0.3535 0.2073 0.1458 0.1621 0.4293 0.5031 0.3118 0.1887 0.1409 0.1941 0.4619 0.4812 0.2844 0.1769 0.1395 0.2367 0.4804 0.4560 0.2658 0.1691 0.1397 0.2753 0.4919 0.4323 0.2511 0.1630 0.1411 0.3110 0.5005 0.4085 0.2377 0.1577 0.1435 0.3435 0.5062 0.3859 0.2259 0.1531 0.1472 0.3725 0.5094 0.3643 0.2150 0.1491 0.1642
0.1597 0.2190 0.3723 0.5085 0.3619 0.1457 0.1548 0.2302 0.3944 0.5043 0.3317 0.1425 0.1595 0.2424 0.4170 0.4977 0.2987 0.1405 0.1650 0.2560 0.4406 0.4883 0.2625 0.1395 0.1714 0.2710 0.4634 0.4762 0.2260 0.1396 0.1790 0.2888 0.4854 0.4583 0.1891 0.1412 0.1899 0.3140 0.5038 0.4280 0.1618 0.1458 0.2070 0.3522 0.5099 0.3760 0.1467 0.1547 0.2323 0.3952 0.5037 0.3952 0.2323 0.1547 0.1467 0.3760 0.5099 0.3522 0.2070 0.1458 0.1618 0.4280 0.5038 0.3140 0.1899 0.1412 0.1891 0.4583 0.4854 0.2888 0.1790 0.1396 0.2260 0.4762 0.4634 0.2710 0.1714 0.1395 0.2625 0.4883 0.4406 0.2560 0.1650 0.1405 0.2987 0.4977 0.4170 0.2424 0.1595 0.1425 0.3317 0.5043 0.3944 0.2302 0.1548 0.1457 0.3619 0.5085 0.3723 0.2190 0.1597
0.2261 0.3806 0.5072 0.3509 0.1443 0.1565 0.2347 0.4029 0.5021 0.3196 0.1416 0.1615 0.2473 0.4257 0.4946 0.2859 0.1400 0.1672 0.2611 0.4487 0.4844 0.2498 0.1394 0.1738 0.2765 0.4706 0.4714 0.2149 0.1398 0.1813 0.2939 0.4899 0.4538 0.1835 0.1416 0.1916 0.3173 0.5049 0.4254 0.1609 0.1460 0.2073 0.3522 0.5100 0.3777 0.1471 0.1543 0.2316 0.4013 0.5020 0.4237 0.5020 0.4013 0.2316 0.1543 0.1471 0.3777 0.5100 0.3522 0.2073 0.1460 0.1609 0.4254 0.5049 0.3173 0.1916 0.1416 0.1835 0.4538 0.4899 0.2939 0.1813 0.1398 0.2149 0.4714 0.4706 0.2765 0.1738 0.1394 0.2498 0.4844 0.4487 0.2611 0.1672 0.1400 0.2859 0.4946 0.4257 0.2473 0.1615 0.1416 0.3196 0.5021 0.4029 0.2347 0.1565 0.1443 0.3509 0.5072 0.3806 0.2261
0.3833 0.5057 0.3394 0.1432 0.1583 0.2394 0.4114 0.4996 0.3071 0.1409 0.1635 0.2523 0.4343 0.4912 0.2729 0.1397 0.1694 0.2664 0.4567 0.4802 0.2373 0.1395 0.1763 0.2822 0.4775 0.4662 0.2042 0.1402 0.1840 0.2994 0.4943 0.4485 0.1779 0.1422 0.1938 0.3215 0.5062 0.4215 0.1594 0.1464 0.2082 0.3535 0.5099 0.3777 0.1472 0.1540 0.2308 0.4003 0.5015 0.3253 0.1578 0.3253 0.5015 0.4003 0.2308 0.1540 0.1472 0.3777 0.5099 0.3535 0.2082 0.1464 0.1594 0.4215 0.5062 0.3215 0.1938 0.1422 0.1779 0.4485 0.4943 0.2994 0.1840 0.1402 0.2042 0.4662 0.4775 0.2822 0.1763 0.1395 0.2373 0.4802 0.4567 0.2664 0.1694 0.1397 0.2729 0.4912 0.4343 0.2523 0.1635 0.1409 0.3071 0.4996 0.4114 0.2394 0.1583 0.1432 0.3394 0.5057 0.3833
0.5040 0.3275 0.1422 0.1602 0.2441 0.4201 0.4967 0.2944 0.1403 0.1657 0.2574 0.4427 0.4874 0.2598 0.1395 0.1718 0.2718 0.4643 0.4756 0.2251 0.1396 0.1789 0.2880 0.4838 0.4607 0.1944 0.1407 0.1868 0.3054 0.4983 0.4424 0.1726 0.1429 0.1963 0.3265 0.5074 0.4166 0.1577 0.1470 0.2097 0.3560 0.5098 0.3760 0.1471 0.1540 0.2304 0.3992 0.5018 0.3129 0.1405 0.1431 0.1405 0.3129 0.5018 0.3992 0.2304 0.1540 0.1471 0.3760 0.5098 0.3560 0.2097 0.1470 0.1577 0.4166 0.5074 0.3265 0.1963 0.1429 0.1726 0.4424 0.4983 0.3054 0.1868 0.1407 0.1944 0.4607 0.4838 0.2880 0.1789 0.1396 0.2251 0.4756 0.4643 0.2718 0.1718 0.1395 0.2598 0.4874 0.4427 0.2574 0.1657 0.1403 0.2944 0.4967 0.4201 0.2441 0.1602 0.1422 0.3275 0.5040
0.3219 0.1414 0.1622 0.2490 0.4286 0.4935 0.2815 0.1399 0.1679 0.2627 0.4510 0.4833 0.2468 0.1394 0.1743 0.2775 0.4717 0.4707 0.2136 0.1399 0.1815 0.2938 0.4895 0.4548 0.1859 0.1413 0.1897 0.3117 0.5018 0.4357 0.1678 0.1438 0.1991 0.3321 0.5085 0.4106 0.1557 0.1478 0.2118 0.3596 0.5096 0.3727 0.1467 0.1543 0.2308 0.3992 0.5020 0.3125 0.1407 0.1605 0.2026 0.1605 0.1407 0.3125 0.5020 0.3992 0.2308 0.1543 0.1467 0.3727 0.5096 0.3596 0.2118 0.1478 0.1557 0.4106 0.5085 0.3321 0.1991 0.1438 0.1678 0.4357 0.5018 0.3117 0.1897 0.1413 0.1859 0.4548 0.4895 0.2938 0.1815 0.1399 0.2136 0.4707 0.4717 0.2775 0.1743 0.1394 0.2468 0.4833 0.4510 0.2627 0.1679 0.1399 0.2815 0.4935 0.4286 0.2490 0.1622 0.1414 0.3219
0.1526 0.1641 0.2538 0.4367 0.4901 0.2690 0.1396 0.1701 0.2679 0.4587 0.4791 0.2345 0.1394 0.1767 0.2831 0.4784 0.4656 0.2032 0.1402 0.1841 0.2997 0.4942 0.4488 0.1788 0.1420 0.1926 0.3180 0.5045 0.4287 0.1637 0.1447 0.2020 0.3381 0.5093 0.4040 0.1537 0.1486 0.2141 0.3640 0.5093 0.3682 0.1461 0.1547 0.2316 0.4003 0.5018 0.3125 0.1408 0.1641 0.2497 0.3501 0.2497 0.1641 0.1408 0.3125 0.5018 0.4003 0.2316 0.1547 0.1461 0.3682 0.5093 0.3640 0.2141 0.1486 0.1537 0.4040 0.5093 0.3381 0.2020 0.1447 0.1637 0.4287 0.5045 0.3180 0.1926 0.1420 0.1788 0.4488 0.4942 0.2997 0.1841 0.1402 0.2032 0.4656 0.4784 0.2831 0.1767 0.1394 0.2345 0.4791 0.4587 0.2679 0.1701 0.1396 0.2690 0.4901 0.4367 0.2538 0.1641 0.1526
0.1728 0.2576 0.4432 0.4869 0.2588 0.1393 0.1717 0.2721 0.4647 0.4752 0.2247 0.1394 0.1785 0.2877 0.4833 0.4610 0.1952 0.1404 0.1861 0.3045 0.4975 0.4436 0.1738 0.1425 0.1948 0.3232 0.5060 0.4227 0.1606 0.1454 0.2044 0.3434 0.5095 0.3981 0.1521 0.1492 0.2160 0.3678 0.5086 0.3642 0.1455 0.1549 0.2323 0.4013 0.5015 0.3129 0.1407 0.1641 0.2556 0.4350 0.5072 0.4350 0.2556 0.1641 0.1407 0.3129 0.5015 0.4013 0.2323 0.1549 0.1455 0.3642 0.5086 0.3678 0.2160 0.1492 0.1521 0.3981 0.5095 0.3434 0.2044 0.1454 0.1606 0.4227 0.5060 0.3232 0.1948 0.1425 0.1738 0.4436 0.4975 0.3045 0.1861 0.1404 0.1952 0.4610 0.4833 0.2877 0.1785 0.1394 0.2247 0.4752 0.4647 0.2721 0.1717 0.1393 0.2588 0.4869 0.4432 0.2576 0.1728
0.2557 0.4412 0.4866 0.2636 0.1382 0.1694 0.2697 0.4628 0.4752 0.2290 0.1382 0.1761 0.2853 0.4814 0.4615 0.1985 0.1391 0.1836 0.3022 0.4957 0.4449 0.1755 0.1410 0.1921 0.3211 0.5045 0.4250 0.1613 0.1438 0.2016 0.3413 0.5082 0.4017 0.1523 0.1473 0.2126 0.3645 0.5078 0.3711 0.1455 0.1524 0.2276 0.3952 0.5020 0.3253 0.1405 0.1605 0.2497 0.4350 0.4901 0.3938 0.4901 0.4350 0.2497 0.1605 0.1405 0.3253 0.5020 0.3952 0.2276 0.1524 0.1455 0.3711 0.5078 0.3645 0.2126 0.1473 0.1523 0.4017 0.5082 0.3413 0.2016 0.1438 0.1613 0.4250 0.5045 0.3211 0.1921 0.1410 0.1755 0.4449 0.4957 0.3022 0.1836 0.1391 0.1985 0.4615 0.4814 0.2853 0.1761 0.1382 0.2290 0.4752 0.4628 0.2697 0.1694 0.1382 0.2636 0.4866 0.4412 0.2557
0.3571 0.5070 0.3773 0.1442 0.1490 0.2193 0.3818 0.5039 0.3495 0.1402 0.1532 0.2310 0.4046 0.4985 0.3187 0.1377 0.1581 0.2439 0.4279 0.4908 0.2848 0.1366 0.1637 0.2583 0.4513 0.4805 0.2486 0.1365 0.1702 0.2742 0.4727 0.4676 0.2133 0.1373 0.1777 0.2921 0.4907 0.4503 0.1812 0.1392 0.1876 0.3159 0.5037 0.4237 0.1578 0.1431 0.2026 0.3501 0.5072 0.3938 0.2110 0.3938 0.5072 0.3501 0.2026 0.1431 0.1578 0.4237 0.5037 0.3159 0.1876 0.1392 0.1812 0.4503 0.4907 0.2921 0.1777 0.1373 0.2133 0.4676 0.4727 0.2742 0.1702 0.1365 0.2486 0.4805 0.4513 0.2583 0.1637 0.1366 0.2848 0.4908 0.4279 0.2439 0.1581 0.1377 0.3187 0.4985 0.4046 0.2310 0.1532 0.1402 0.3495 0.5039 0.3818 0.2193 0.1490 0.1442 0.3773 0.5070 0.3571
0.2557 0.4412 0.4866 0.2636 0.1382 0.1694 0.2697 0.4628 0.4752 0.2290 0.1382 0.1761 0.2853 0.4814 0.4615 0.1985 0.1391 0.1836 0.3022 0.4957 0.4449 0.1755 0.1410 0.1921 0.3211 0.5045 0.4250 0.1613 0.1438 0.2016 0.3413 0.5082 0.4017 0.1523 0.1473 0.2126 0.3645 0.5078 0.3711 0.1455 0.1524 0.2276 0.3952 0.5020 0.3253 0.1405 0.1605 0.2497 0.4350 0.4901 0.3938 0.4901 0.4350 0.2497 0.1605 0.1405 0.3253 0.5020 0.3952 0.2276 0.1524 0.1455 0.3711 0.5078 0.3645 0.2126 0.1473 0.1523 0.4017 0.5082 0.3413 0.2016 0.1438 0.1613 0.4250 0.5045 0.3211 0.1921 0.1410 0.1755 0.4449 0.4957 0.3022 0.1836 0.1391 0.1985 0.4615 0.4814 0.2853 0.1761 0.1382 0.2290 0.4752 0.4628 0.2697 0.1694 0.1382 0.2636 0.4866 0.4412 0.2557
0.1728 0.2576 0.4432 0.4869 0.2588 0.1393 0.1717 0.2721 0.4647 0.4752 0.2247 0.1394 0.1785 0.2877 0.4833 0.4610 0.1952 0.1404 0.1861 0.3045 0.4975 0.4436 0.1738 0.1425 0.1948 0.3232 0.5060 0.4227 0.1606 0.1454 0.2044 0.3434 0.5095 0.3981 0.1521 0.1492 0.2160 0.3678 0.5086 0.3642 0.1455 0.1549 0.2323 0.4013 0.5015 0.3129 0.1407 0.1641 0.2556 0.4350 0.5072 0.4350 0.2556 0.1641 0.1407 0.3129 0.5015 0.4013 0.2323 0.1549 0.1455 0.3642 0.5086 0.3678 0.2160 0.1492 0.1521 0.3981 0.5095 0.3434 0.2044 0.1454 0.1606 0.4227 0.5060 0.3232 0.1948 0.1425 0.1738 0.4436 0.4975 0.3045 0.1861 0.1404 0.1952 0.4610 0.4833 0.2877 0.1785 0.1394 0.2247 0.4752 0.4647 0.2721 0.1717 0.1393 0.2588 0.4869 0.4432 0.2576 0.1728
0.1526 0.1641 0.2538 0.4367 0.4901 0.2690 0.1396 0.1701 0.2679 0.4587 0.4791 0.2345 0.1394 0.1767 0.2831 0.4784 0.4656 0.2032 0.1402 0.1841 0.2997 0.4942 0.4488 0.1788 0.1420 0.1926 0.3180 0.5045 0.4287 0.1637 0.1447 0.2020 0.3381 0.5093 0.4040 0.1537 0.1486 0.2141 0.3640 0.5093 0.3682 0.1461 0.1547 0.2316 0.4003 0.5018 0.3125 0.1408 0.1641 0.2497 0.3501 0.2497 0.1641 0.1408 0.3125 0.5018 0.4003 0.2316 0.1547 0.1461 0.3682 0.5093 0.3640 0.2141 0.1486 0.1537 0.4040 0.5093 0.3381 0.2020 0.1447 0.1637 0.4287 0.5045 0.3180 0.1926 0.1420 0.1788 0.4488 0.4942 0.2997 0.1841 0.1402 0.2032 0.4656 0.4784 0.2831 0.1767 0.1394 0.2345 0.4791 0.4587 0.2679 0.1701 0.1396 0.2690 0.4901 0.4367 0.2538 0.1641 0.1526
0.3219 0.1414 0.1622 0.2490 0.4286 0.4935 0.2815 0.1399 0.1679 0.2627 0.4510 0.4833 0.2468 0.1394 0.1743 0.2775 0.4717 0.4707 0.2136 0.1399 0.1815 0.2938 0.4895 0.4548 0.1859 0.1413 0.1897 0.3117 0.5018 0.4357 0.1678 0.1438 0.1991 0.3321 0.5085 0.4106 0.1557 0.1478 0.2118 0.3596 0.5096 0.3727 0.1467 0.1543 0.2308 0.3992 0.5020 0.3125 0.1407 0.1605 0.2026 0.1605 0.1407 0.3125 0.5020 0.3992 0.2308 0.1543 0.1467 0.3727 0.5096 0.3596 0.2118 0.1478 0.1557 0.4106 0.5085 0.3321 0.1991 0.1438 0.1678 0.4357 0.5018 0.3117 0.1897 0.1413 0.1859 0.4548 0.4895 0.2938 0.1815 0.1399 0.2136 0.4707 0.4717 0.2775 0.1743 0.1394 0.2468 0.4833 0.4510 0.2627 0.1679 0.1399 0.2815 0.4935 0.4286 0.2490 0.1622 0.1414 0.3219
0.5040 0.3275 0.1422 0.1602 0.2441 0.4201 0.4967 0.2944 0.1403 0.1657 0.2574 0.4427 0.4874 0.2598 0.1395 0.1718 0.2718 0.4643 0.4756 0.2251 0.1396 0.1789 0.2880 0.4838 0.4607 0.1944 0.1407 0.1868 0.3054 0.4983 0.4424 0.1726 0.1429 0.1963 0.3265 0.5074 0.4166 0.1577 0.1470 0.2097 0.3560 0.5098 0.3760 0.1471 0.1540 0.2304 0.3992 0.5018 0.3129 0.1405 0.1431 0.1405 0.3129 0.5018 0.3992 0.2304 0.1540 0.1471 0.3760 0.5098 0.3560 0.2097 0.1470 0.1577 0.4166 0.5074 0.3265 0.1963 0.1429 0.1726 0.4424 0.4983 0.3054 0.1868 0.1407 0.1944 0.4607 0.4838 0.2880 0.1789 0.1396 0.2251 0.4756 0.4643 0.2718 0.1718 0.1395 0.2598 0.4874 0.4427 0.2574 0.1657 0.1403 0.2944 0.4967 0.4201 0.2441 0.1602 0.1422 0.3275 0.5040
