0.2547 -0.1836 -0.2851 -0.3401 -0.2062 0.1556 0.0574 -0.2286 -0.3080 -0.3471 -0.0064 0.2242 -0.1196 -0.2586 -0.3266 -0.3333 0.0823 0.2628 -0.1811 -0.2837 -0.3396 -0.2203 0.1502 0.0811 -0.2255 -0.3064 -0.3467 -0.0163 0.2194 -0.1132 -0.2566 -0.3254 -0.3365 0.0771 0.2638 -0.1775 -0.2819 -0.3389 -0.2345 0.1448 0.1057 -0.2224 -0.3048 -0.3462 -0.0271 0.2145 -0.1061 -0.2545 -0.3243 -0.3449 -0.0866 -0.3449 -0.3243 -0.2545 -0.1061 0.2145 -0.0271 -0.3462 -0.3048 -0.2224 0.1057 0.1448 -0.2345 -0.3389 -0.2819 -0.1775 0.2638 0.0771 -0.3365 -0.3254 -0.2566 -0.1132 0.2194 -0.0163 -0.3467 -0.3064 -0.2255 0.0811 0.1502 -0.2203 -0.3396 -0.2837 -0.1811 0.2628 0.0823 -0.3333 -0.3266 -0.2586 -0.1196 0.2242 -0.0064 -0.3471 -0.3080 -0.2286 0.0574 0.1556 -0.2062 -0.3401 -0.2851 -0.1836 0.2547
-0.1836 -0.3077 -0.3582 -0.2125 0.1523 0.0979 -0.2472 -0.3287 -0.3626 -0.0079 0.2205 -0.1149 -0.2808 -0.3464 -0.3463 0.0813 0.2701 -0.1875 -0.3051 -0.3579 -0.2298 0.1467 0.1238 -0.2430 -0.3272 -0.3625 -0.0181 0.2155 -0.1072 -0.2789 -0.3453 -0.3497 0.0763 0.2694 -0.1832 -0.3034 -0.3573 -0.2443 0.1416 0.1479 -0.2389 -0.3257 -0.3623 -0.0293 0.2106 -0.0987 -0.2770 -0.3442 -0.3536 0.0578 0.1767 0.0578 -0.3536 -0.3442 -0.2770 -0.0987 0.2106 -0.0293 -0.3623 -0.3257 -0.2389 0.1479 0.1416 -0.2443 -0.3573 -0.3034 -0.1832 0.2694 0.0763 -0.3497 -0.3453 -0.2789 -0.1072 0.2155 -0.0181 -0.3625 -0.3272 -0.2430 0.1238 0.1467 -0.2298 -0.3579 -0.3051 -0.1875 0.2701 0.0813 -0.3463 -0.3464 -0.2808 -0.1149 0.2205 -0.0079 -0.3626 -0.3287 -0.2472 0.0979 0.1523 -0.2125 -0.3582 -0.3077 -0.1836
-0.2851 -0.3582 -0.2216 0.1472 0.1277 -0.2416 -0.3265 -0.3623 -0.0238 0.2128 -0.1027 -0.2779 -0.3446 -0.3513 0.0732 0.2686 -0.1807 -0.3024 -0.3569 -0.2519 0.1385 0.1604 -0.2366 -0.3248 -0.3621 -0.0361 0.2077 -0.0937 -0.2760 -0.3434 -0.3540 0.0680 0.2666 -0.1762 -0.3006 -0.3562 -0.2648 0.1336 0.1814 -0.2325 -0.3232 -0.3619 -0.0489 0.2029 -0.0840 -0.2741 -0.3422 -0.3563 0.0600 0.2551 0.0057 0.2551 0.0600 -0.3563 -0.3422 -0.2741 -0.0840 0.2029 -0.0489 -0.3619 -0.3232 -0.2325 0.1814 0.1336 -0.2648 -0.3562 -0.3006 -0.1762 0.2666 0.0680 -0.3540 -0.3434 -0.2760 -0.0937 0.2077 -0.0361 -0.3621 -0.3248 -0.2366 0.1604 0.1385 -0.2519 -0.3569 -0.3024 -0.1807 0.2686 0.0732 -0.3513 -0.3446 -0.2779 -0.1027 0.2128 -0.0238 -0.3623 -0.3265 -0.2416 0.1277 0.1472 -0.2216 -0.3582 -0.2851
-0.3401 -0.2125 0.1472 0.1389 -0.2383 -0.3248 -0.3620 -0.0397 0.2058 -0.0895 -0.2750 -0.3428 -0.3552 0.0651 0.2653 -0.1737 -0.2996 -0.3558 -0.2716 0.1309 0.1920 -0.2302 -0.3223 -0.3618 -0.0564 0.2002 -0.0781 -0.2730 -0.3415 -0.3573 0.0595 0.2623 -0.1690 -0.2979 -0.3551 -0.2828 0.1260 0.2091 -0.2261 -0.3207 -0.3616 -0.0709 0.1954 -0.0667 -0.2711 -0.3403 -0.3590 0.0533 0.2574 -0.1515 -0.2584 -0.1515 0.2574 0.0533 -0.3590 -0.3403 -0.2711 -0.0667 0.1954 -0.0709 -0.3616 -0.3207 -0.2261 0.2091 0.1260 -0.2828 -0.3551 -0.2979 -0.1690 0.2623 0.0595 -0.3573 -0.3415 -0.2730 -0.0781 0.2002 -0.0564 -0.3618 -0.3223 -0.2302 0.1920 0.1309 -0.2716 -0.3558 -0.2996 -0.1737 0.2653 0.0651 -0.3552 -0.3428 -0.2750 -0.0895 0.2058 -0.0397 -0.3620 -0.3248 -0.2383 0.1389 0.1472 -0.2125 -0.3401
-0.2062 0.1523 0.1277 -0.2383 -0.3242 -0.3618 -0.0524 0.2003 -0.0763 -0.2725 -0.3410 -0.3581 0.0568 0.2607 -0.1665 -0.2969 -0.3547 -0.2886 0.1233 0.2176 -0.2239 -0.3199 -0.3614 -0.0796 0.1928 -0.0597 -0.2701 -0.3396 -0.3597 0.0505 0.2569 -0.1615 -0.2951 -0.3539 -0.2983 0.1186 0.2309 -0.2198 -0.3182 -0.3612 -0.0957 0.1881 -0.0460 -0.2681 -0.3382 -0.3609 0.0444 0.2526 -0.1543 -0.2896 -0.3362 -0.2896 -0.1543 0.2526 0.0444 -0.3609 -0.3382 -0.2681 -0.0460 0.1881 -0.0957 -0.3612 -0.3182 -0.2198 0.2309 0.1186 -0.2983 -0.3539 -0.2951 -0.1615 0.2569 0.0505 -0.3597 -0.3396 -0.2701 -0.0597 0.1928 -0.0796 -0.3614 -0.3199 -0.2239 0.2176 0.1233 -0.2886 -0.3547 -0.2969 -0.1665 0.2607 0.0568 -0.3581 -0.3410 -0.2725 -0.0763 0.2003 -0.0524 -0.3618 -0.3242 -0.2383 0.1277 0.1523 -0.2062
0.1556 0.0979 -0.2416 -0.3248 -0.3618 -0.0573 0.1971 -0.0660 -0.2704 -0.3394 -0.3600 0.0487 0.2554 -0.1593 -0.2942 -0.3535 -0.3030 0.1160 0.2372 -0.2176 -0.3173 -0.3610 -0.1052 0.1855 -0.0376 -0.2671 -0.3375 -0.3614 0.0410 0.2505 -0.1535 -0.2923 -0.3526 -0.3116 0.1112 0.2472 -0.2135 -0.3157 -0.3607 -0.1226 0.1806 -0.0210 -0.2651 -0.3362 -0.3621 0.0344 0.2461 -0.1477 -0.2898 -0.3559 -0.3796 -0.3559 -0.2898 -0.1477 0.2461 0.0344 -0.3621 -0.3362 -0.2651 -0.0210 0.1806 -0.1226 -0.3607 -0.3157 -0.2135 0.2472 0.1112 -0.3116 -0.3526 -0.2923 -0.1535 0.2505 0.0410 -0.3614 -0.3375 -0.2671 -0.0376 0.1855 -0.1052 -0.3610 -0.3173 -0.2176 0.2372 0.1160 -0.3030 -0.3535 -0.2942 -0.1593 0.2554 0.0487 -0.3600 -0.3394 -0.2704 -0.0660 0.1971 -0.0573 -0.3618 -0.3248 -0.2416 0.0979 0.1556
0.0574 -0.2472 -0.3265 -0.3620 -0.0524 0.1971 -0.0619 -0.2692 -0.3383 -0.3611 0.0415 0.2501 -0.1523 -0.2917 -0.3522 -0.3150 0.1089 0.2513 -0.2114 -0.3148 -0.3605 -0.1324 0.1777 -0.0108 -0.2640 -0.3354 -0.3624 0.0306 0.2436 -0.1451 -0.2894 -0.3512 -0.3228 0.1038 0.2585 -0.2071 -0.3131 -0.3601 -0.1506 0.1721 0.0092 -0.2616 -0.3340 -0.3628 0.0234 0.2388 -0.1392 -0.2875 -0.3507 -0.3396 -0.0198 -0.3396 -0.3507 -0.2875 -0.1392 0.2388 0.0234 -0.3628 -0.3340 -0.2616 0.0092 0.1721 -0.1506 -0.3601 -0.3131 -0.2071 0.2585 0.1038 -0.3228 -0.3512 -0.2894 -0.1451 0.2436 0.0306 -0.3624 -0.3354 -0.2640 -0.0108 0.1777 -0.1324 -0.3605 -0.3148 -0.2114 0.2513 0.1089 -0.3150 -0.3522 -0.2917 -0.1523 0.2501 0.0415 -0.3611 -0.3383 -0.2692 -0.0619 0.1971 -0.0524 -0.3620 -0.3265 -0.2472 0.0574
-0.2286 -0.3287 -0.3623 -0.0397 0.2003 -0.0660 -0.2692 -0.3379 -0.3616 0.0364 0.2458 -0.1463 -0.2894 -0.3510 -0.3246 0.1022 0.2607 -0.2053 -0.3123 -0.3599 -0.1599 0.1690 0.0211 -0.2599 -0.3332 -0.3629 0.0192 0.2361 -0.1360 -0.2866 -0.3497 -0.3322 0.0964 0.2657 -0.2007 -0.3105 -0.3595 -0.1784 0.1631 0.0448 -0.2563 -0.3318 -0.3629 0.0112 0.2312 -0.1297 -0.2847 -0.3487 -0.3391 0.0791 0.1960 0.0791 -0.3391 -0.3487 -0.2847 -0.1297 0.2312 0.0112 -0.3629 -0.3318 -0.2563 0.0448 0.1631 -0.1784 -0.3595 -0.3105 -0.2007 0.2657 0.0964 -0.3322 -0.3497 -0.2866 -0.1360 0.2361 0.0192 -0.3629 -0.3332 -0.2599 0.0211 0.1690 -0.1599 -0.3599 -0.3123 -0.2053 0.2607 0.1022 -0.3246 -0.3510 -0.2894 -0.1463 0.2458 0.0364 -0.3616 -0.3379 -0.2692 -0.0660 0.2003 -0.0397 -0.3623 -0.3287 -0.2286
-0.3080 -0.3626 -0.0238 0.2058 -0.0763 -0.2704 -0.3383 -0.3616 0.0346 0.2434 -0.1420 -0.2877 -0.3499 -0.3316 0.0961 0.2663 -0.1994 -0.3098 -0.3592 -0.1863 0.1605 0.0571 -0.2540 -0.3310 -0.3628 0.0066 0.2284 -0.1261 -0.2837 -0.3481 -0.3399 0.0889 0.2693 -0.1942 -0.3078 -0.3587 -0.2050 0.1546 0.0840 -0.2496 -0.3295 -0.3627 -0.0025 0.2234 -0.1191 -0.2818 -0.3470 -0.3444 0.0815 0.2684 -0.0634 0.2684 0.0815 -0.3444 -0.3470 -0.2818 -0.1191 0.2234 -0.0025 -0.3627 -0.3295 -0.2496 0.0840 0.1546 -0.2050 -0.3587 -0.3078 -0.1942 0.2693 0.0889 -0.3399 -0.3481 -0.2837 -0.1261 0.2284 0.0066 -0.3628 -0.3310 -0.2540 0.0571 0.1605 -0.1863 -0.3592 -0.3098 -0.1994 0.2663 0.0961 -0.3316 -0.3499 -0.2877 -0.1420 0.2434 0.0346 -0.3616 -0.3383 -0.2704 -0.0763 0.2058 -0.0238 -0.3626 -0.3080
-0.3471 -0.0079 0.2128 -0.0895 -0.2725 -0.3394 -0.3611 0.0364 0.2434 -0.1405 -0.2868 -0.3492 -0.3362 0.0911 0.2690 -0.1942 -0.3076 -0.3585 -0.2103 0.1526 0.0949 -0.2477 -0.3288 -0.3626 -0.0074 0.2207 -0.1152 -0.2808 -0.3464 -0.3462 0.0812 0.2701 -0.1876 -0.3051 -0.3579 -0.2297 0.1464 0.1236 -0.2431 -0.3272 -0.3624 -0.0181 0.2155 -0.1073 -0.2789 -0.3453 -0.3496 0.0757 0.2689 -0.1723 -0.2672 -0.1723 0.2689 0.0757 -0.3496 -0.3453 -0.2789 -0.1073 0.2155 -0.0181 -0.3624 -0.3272 -0.2431 0.1236 0.1464 -0.2297 -0.3579 -0.3051 -0.1876 0.2701 0.0812 -0.3462 -0.3464 -0.2808 -0.1152 0.2207 -0.0074 -0.3626 -0.3288 -0.2477 0.0949 0.1526 -0.2103 -0.3585 -0.3076 -0.1942 0.2690 0.0911 -0.3362 -0.3492 -0.2868 -0.1405 0.2434 0.0364 -0.3611 -0.3394 -0.2725 -0.0895 0.2128 -0.0079 -0.3471
-0.0064 0.2205 -0.1027 -0.2750 -0.3410 -0.3600 0.0415 0.2458 -0.1420 -0.2868 -0.3489 -0.3385 0.0878 0.2700 -0.1900 -0.3056 -0.3578 -0.2306 0.1455 0.1304 -0.2416 -0.3265 -0.3623 -0.0232 0.2131 -0.1032 -0.2780 -0.3447 -0.3512 0.0734 0.2686 -0.1808 -0.3024 -0.3569 -0.2518 0.1385 0.1603 -0.2366 -0.3248 -0.3621 -0.0359 0.2078 -0.0938 -0.2760 -0.3434 -0.3539 0.0680 0.2665 -0.1744 -0.2975 -0.3434 -0.2975 -0.1744 0.2665 0.0680 -0.3539 -0.3434 -0.2760 -0.0938 0.2078 -0.0359 -0.3621 -0.3248 -0.2366 0.1603 0.1385 -0.2518 -0.3569 -0.3024 -0.1808 0.2686 0.0734 -0.3512 -0.3447 -0.2780 -0.1032 0.2131 -0.0232 -0.3623 -0.3265 -0.2416 0.1304 0.1455 -0.2306 -0.3578 -0.3056 -0.1900 0.2700 0.0878 -0.3385 -0.3489 -0.2868 -0.1420 0.2458 0.0415 -0.3600 -0.3410 -0.2750 -0.1027 0.2205 -0.0064
0.2242 -0.1149 -0.2779 -0.3428 -0.3581 0.0487 0.2501 -0.1463 -0.2877 -0.3492 -0.3385 0.0867 0.2701 -0.1872 -0.3042 -0.3572 -0.2464 0.1395 0.1602 -0.2361 -0.3244 -0.3620 -0.0406 0.2057 -0.0896 -0.2751 -0.3429 -0.3551 0.0653 0.2654 -0.1738 -0.2997 -0.3559 -0.2713 0.1309 0.1918 -0.2302 -0.3223 -0.3618 -0.0563 0.2002 -0.0782 -0.2730 -0.3415 -0.3573 0.0596 0.2623 -0.1687 -0.2973 -0.3605 -0.3781 -0.3605 -0.2973 -0.1687 0.2623 0.0596 -0.3573 -0.3415 -0.2730 -0.0782 0.2002 -0.0563 -0.3618 -0.3223 -0.2302 0.1918 0.1309 -0.2713 -0.3559 -0.2997 -0.1738 0.2654 0.0653 -0.3551 -0.3429 -0.2751 -0.0896 0.2057 -0.0406 -0.3620 -0.3244 -0.2361 0.1602 0.1395 -0.2464 -0.3572 -0.3042 -0.1872 0.2701 0.0867 -0.3385 -0.3492 -0.2877 -0.1463 0.2501 0.0487 -0.3581 -0.3428 -0.2779 -0.1149 0.2242
-0.1196 -0.2808 -0.3446 -0.3552 0.0568 0.2554 -0.1523 -0.2894 -0.3499 -0.3362 0.0878 0.2701 -0.1862 -0.3034 -0.3568 -0.2572 0.1348 0.1824 -0.2313 -0.3224 -0.3617 -0.0591 0.1989 -0.0745 -0.2723 -0.3410 -0.3580 0.0570 0.2608 -0.1668 -0.2970 -0.3547 -0.2882 0.1235 0.2173 -0.2239 -0.3199 -0.3614 -0.0795 0.1928 -0.0599 -0.2701 -0.3396 -0.3597 0.0506 0.2569 -0.1615 -0.2950 -0.3545 -0.3153 0.0173 -0.3153 -0.3545 -0.2950 -0.1615 0.2569 0.0506 -0.3597 -0.3396 -0.2701 -0.0599 0.1928 -0.0795 -0.3614 -0.3199 -0.2239 0.2173 0.1235 -0.2882 -0.3547 -0.2970 -0.1668 0.2608 0.0570 -0.3580 -0.3410 -0.2723 -0.0745 0.1989 -0.0591 -0.3617 -0.3224 -0.2313 0.1824 0.1348 -0.2572 -0.3568 -0.3034 -0.1862 0.2701 0.0878 -0.3362 -0.3499 -0.2894 -0.1523 0.2554 0.0568 -0.3552 -0.3446 -0.2808 -0.1196
-0.2586 -0.3464 -0.3513 0.0651 0.2607 -0.1593 -0.2917 -0.3510 -0.3316 0.0911 0.2700 -0.1872 -0.3034 -0.3567 -0.2626 0.1318 0.1968 -0.2275 -0.3208 -0.3614 -0.0774 0.1927 -0.0580 -0.2696 -0.3391 -0.3602 0.0482 0.2553 -0.1593 -0.2943 -0.3535 -0.3026 0.1163 0.2367 -0.2177 -0.3174 -0.3610 -0.1049 0.1856 -0.0377 -0.2671 -0.3375 -0.3614 0.0410 0.2506 -0.1536 -0.2923 -0.3527 -0.3145 0.0985 0.2167 0.0985 -0.3145 -0.3527 -0.2923 -0.1536 0.2506 0.0410 -0.3614 -0.3375 -0.2671 -0.0377 0.1856 -0.1049 -0.3610 -0.3174 -0.2177 0.2367 0.1163 -0.3026 -0.3535 -0.2943 -0.1593 0.2553 0.0482 -0.3602 -0.3391 -0.2696 -0.0580 0.1927 -0.0774 -0.3614 -0.3208 -0.2275 0.1968 0.1318 -0.2626 -0.3567 -0.3034 -0.1872 0.2700 0.0911 -0.3316 -0.3510 -0.2917 -0.1593 0.2607 0.0651 -0.3513 -0.3464 -0.2586
-0.3266 -0.3463 0.0732 0.2653 -0.1665 -0.2942 -0.3522 -0.3246 0.0961 0.2690 -0.1900 -0.3042 -0.3568 -0.2626 0.1308 0.2039 -0.2251 -0.3196 -0.3612 -0.0938 0.1875 -0.0409 -0.2672 -0.3373 -0.3616 0.0393 0.2491 -0.1516 -0.2916 -0.3522 -0.3149 0.1091 0.2509 -0.2116 -0.3149 -0.3605 -0.1316 0.1779 -0.0114 -0.2641 -0.3354 -0.3624 0.0306 0.2436 -0.1451 -0.2894 -0.3512 -0.3233 0.1014 0.2694 -0.1077 0.2694 0.1014 -0.3233 -0.3512 -0.2894 -0.1451 0.2436 0.0306 -0.3624 -0.3354 -0.2641 -0.0114 0.1779 -0.1316 -0.3605 -0.3149 -0.2116 0.2509 0.1091 -0.3149 -0.3522 -0.2916 -0.1516 0.2491 0.0393 -0.3616 -0.3373 -0.2672 -0.0409 0.1875 -0.0938 -0.3612 -0.3196 -0.2251 0.2039 0.1308 -0.2626 -0.3568 -0.3042 -0.1900 0.2690 0.0961 -0.3246 -0.3522 -0.2942 -0.1665 0.2653 0.0732 -0.3463 -0.3266
-0.3333 0.0813 0.2686 -0.1737 -0.2969 -0.3535 -0.3150 0.1022 0.2663 -0.1942 -0.3056 -0.3572 -0.2572 0.1318 0.2039 -0.2243 -0.3189 -0.3610 -0.1061 0.1834 -0.0248 -0.2650 -0.3357 -0.3624 0.0303 0.2429 -0.1438 -0.2889 -0.3508 -0.3252 0.1020 0.2608 -0.2054 -0.3124 -0.3599 -0.1588 0.1694 0.0197 -0.2601 -0.3333 -0.3629 0.0193 0.2362 -0.1360 -0.2866 -0.3497 -0.3322 0.0960 0.2672 -0.1909 -0.2755 -0.1909 0.2672 0.0960 -0.3322 -0.3497 -0.2866 -0.1360 0.2362 0.0193 -0.3629 -0.3333 -0.2601 0.0197 0.1694 -0.1588 -0.3599 -0.3124 -0.2054 0.2608 0.1020 -0.3252 -0.3508 -0.2889 -0.1438 0.2429 0.0303 -0.3624 -0.3357 -0.2650 -0.0248 0.1834 -0.1061 -0.3610 -0.3189 -0.2243 0.2039 0.1318 -0.2572 -0.3572 -0.3056 -0.1942 0.2663 0.1022 -0.3150 -0.3535 -0.2969 -0.1737 0.2686 0.0813 -0.3333
0.0823 0.2701 -0.1807 -0.2996 -0.3547 -0.3030 0.1089 0.2607 -0.1994 -0.3076 -0.3578 -0.2464 0.1348 0.1968 -0.2251 -0.3189 -0.3610 -0.1127 0.1809 -0.0120 -0.2634 -0.3344 -0.3628 0.0218 0.2369 -0.1360 -0.2864 -0.3494 -0.3336 0.0949 0.2668 -0.1992 -0.3098 -0.3593 -0.1855 0.1608 0.0555 -0.2543 -0.3311 -0.3628 0.0070 0.2286 -0.1263 -0.2837 -0.3481 -0.3399 0.0888 0.2695 -0.1926 -0.3052 -0.3501 -0.3052 -0.1926 0.2695 0.0888 -0.3399 -0.3481 -0.2837 -0.1263 0.2286 0.0070 -0.3628 -0.3311 -0.2543 0.0555 0.1608 -0.1855 -0.3593 -0.3098 -0.1992 0.2668 0.0949 -0.3336 -0.3494 -0.2864 -0.1360 0.2369 0.0218 -0.3628 -0.3344 -0.2634 -0.0120 0.1809 -0.1127 -0.3610 -0.3189 -0.2251 0.1968 0.1348 -0.2464 -0.3578 -0.3076 -0.1994 0.2607 0.1089 -0.3030 -0.3547 -0.2996 -0.1807 0.2701 0.0823
0.2628 -0.1875 -0.3024 -0.3558 -0.2886 0.1160 0.2513 -0.2053 -0.3098 -0.3585 -0.2306 0.1395 0.1824 -0.2275 -0.3196 -0.3610 -0.1127 0.1801 -0.0049 -0.2623 -0.3334 -0.3629 0.0144 0.2316 -0.1287 -0.2841 -0.3481 -0.3402 0.0881 0.2696 -0.1930 -0.3073 -0.3585 -0.2109 0.1526 0.0940 -0.2479 -0.3289 -0.3626 -0.0068 0.2210 -0.1156 -0.2809 -0.3464 -0.3461 0.0813 0.2701 -0.1873 -0.3047 -0.3643 -0.3724 -0.3643 -0.3047 -0.1873 0.2701 0.0813 -0.3461 -0.3464 -0.2809 -0.1156 0.2210 -0.0068 -0.3626 -0.3289 -0.2479 0.0940 0.1526 -0.2109 -0.3585 -0.3073 -0.1930 0.2696 0.0881 -0.3402 -0.3481 -0.2841 -0.1287 0.2316 0.0144 -0.3629 -0.3334 -0.2623 -0.0049 0.1801 -0.1127 -0.3610 -0.3196 -0.2275 0.1824 0.1395 -0.2306 -0.3585 -0.3098 -0.2053 0.2513 0.1160 -0.2886 -0.3558 -0.3024 -0.1875 0.2628
-0.1811 -0.3051 -0.3569 -0.2716 0.1233 0.2372 -0.2114 -0.3123 -0.3592 -0.2103 0.1455 0.1602 -0.2313 -0.3208 -0.3612 -0.1061 0.1809 -0.0049 -0.2620 -0.3329 -0.3629 0.0087 0.2275 -0.1224 -0.2821 -0.3469 -0.3452 0.0817 0.2701 -0.1870 -0.3048 -0.3577 -0.2341 0.1448 0.1320 -0.2416 -0.3266 -0.3623 -0.0225 0.2134 -0.1037 -0.2781 -0.3447 -0.3510 0.0737 0.2687 -0.1809 -0.3024 -0.3577 -0.2773 0.0447 -0.2773 -0.3577 -0.3024 -0.1809 0.2687 0.0737 -0.3510 -0.3447 -0.2781 -0.1037 0.2134 -0.0225 -0.3623 -0.3266 -0.2416 0.1320 0.1448 -0.2341 -0.3577 -0.3048 -0.1870 0.2701 0.0817 -0.3452 -0.3469 -0.2821 -0.1224 0.2275 0.0087 -0.3629 -0.3329 -0.2620 -0.0049 0.1809 -0.1061 -0.3612 -0.3208 -0.2313 0.1602 0.1455 -0.2103 -0.3592 -0.3123 -0.2114 0.2372 0.1233 -0.2716 -0.3569 -0.3051 -0.1811
-0.2837 -0.3579 -0.2519 0.1309 0.2176 -0.2176 -0.3148 -0.3599 -0.1863 0.1526 0.1304 -0.2361 -0.3224 -0.3614 -0.0938 0.1834 -0.0120 -0.2623 -0.3329 -0.3629 0.0057 0.2250 -0.1177 -0.2806 -0.3458 -0.3488 0.0761 0.2691 -0.1815 -0.3024 -0.3568 -0.2541 0.1374 0.1663 -0.2354 -0.3243 -0.3620 -0.0404 0.2060 -0.0902 -0.2752 -0.3429 -0.3549 0.0657 0.2656 -0.1741 -0.2998 -0.3560 -0.2754 0.1172 0.2370 0.1172 -0.2754 -0.3560 -0.2998 -0.1741 0.2656 0.0657 -0.3549 -0.3429 -0.2752 -0.0902 0.2060 -0.0404 -0.3620 -0.3243 -0.2354 0.1663 0.1374 -0.2541 -0.3568 -0.3024 -0.1815 0.2691 0.0761 -0.3488 -0.3458 -0.2806 -0.1177 0.2250 0.0057 -0.3629 -0.3329 -0.2623 -0.0120 0.1834 -0.0938 -0.3614 -0.3224 -0.2361 0.1304 0.1526 -0.1863 -0.3599 -0.3148 -0.2176 0.2176 0.1309 -0.2519 -0.3579 -0.2837
-0.3396 -0.2298 0.1385 0.1920 -0.2239 -0.3173 -0.3605 -0.1599 0.1605 0.0949 -0.2416 -0.3244 -0.3617 -0.0774 0.1875 -0.0248 -0.2634 -0.3334 -0.3629 0.0057 0.2241 -0.1151 -0.2797 -0.3451 -0.3513 0.0714 0.2674 -0.1765 -0.3004 -0.3559 -0.2707 0.1307 0.1942 -0.2294 -0.3219 -0.3617 -0.0607 0.1987 -0.0745 -0.2724 -0.3411 -0.3579 0.0574 0.2610 -0.1671 -0.2971 -0.3548 -0.2886 0.1211 0.2482 -0.1398 0.2482 0.1211 -0.2886 -0.3548 -0.2971 -0.1671 0.2610 0.0574 -0.3579 -0.3411 -0.2724 -0.0745 0.1987 -0.0607 -0.3617 -0.3219 -0.2294 0.1942 0.1307 -0.2707 -0.3559 -0.3004 -0.1765 0.2674 0.0714 -0.3513 -0.3451 -0.2797 -0.1151 0.2241 0.0057 -0.3629 -0.3334 -0.2634 -0.0248 0.1875 -0.0774 -0.3617 -0.3244 -0.2416 0.0949 0.1605 -0.1599 -0.3605 -0.3173 -0.2239 0.1920 0.1385 -0.2298 -0.3396
-0.2203 0.1467 0.1604 -0.2302 -0.3199 -0.3610 -0.1324 0.1690 0.0571 -0.2477 -0.3265 -0.3620 -0.0591 0.1927 -0.0409 -0.2650 -0.3344 -0.3629 0.0087 0.2250 -0.1151 -0.2794 -0.3447 -0.3526 0.0680 0.2655 -0.1724 -0.2986 -0.3551 -0.2839 0.1247 0.2157 -0.2239 -0.3197 -0.3614 -0.0831 0.1916 -0.0560 -0.2695 -0.3391 -0.3601 0.0485 0.2555 -0.1597 -0.2944 -0.3536 -0.3023 0.1160 0.2410 -0.2087 -0.2840 -0.2087 0.2410 0.1160 -0.3023 -0.3536 -0.2944 -0.1597 0.2555 0.0485 -0.3601 -0.3391 -0.2695 -0.0560 0.1916 -0.0831 -0.3614 -0.3197 -0.2239 0.2157 0.1247 -0.2839 -0.3551 -0.2986 -0.1724 0.2655 0.0680 -0.3526 -0.3447 -0.2794 -0.1151 0.2250 0.0087 -0.3629 -0.3344 -0.2650 -0.0409 0.1927 -0.0591 -0.3620 -0.3265 -0.2477 0.0571 0.1690 -0.1324 -0.3610 -0.3199 -0.2302 0.1604 0.1467 -0.2203
0.1502 0.1238 -0.2366 -0.3223 -0.3614 -0.1052 0.1777 0.0211 -0.2540 -0.3288 -0.3623 -0.0406 0.1989 -0.0580 -0.2672 -0.3357 -0.3628 0.0144 0.2275 -0.1177 -0.2797 -0.3447 -0.3531 0.0662 0.2642 -0.1695 -0.2972 -0.3545 -0.2939 0.1195 0.2314 -0.2189 -0.3176 -0.3610 -0.1062 0.1849 -0.0345 -0.2666 -0.3371 -0.3616 0.0391 0.2492 -0.1518 -0.2917 -0.3523 -0.3144 0.1092 0.2513 -0.2102 -0.3130 -0.3567 -0.3130 -0.2102 0.2513 0.1092 -0.3144 -0.3523 -0.2917 -0.1518 0.2492 0.0391 -0.3616 -0.3371 -0.2666 -0.0345 0.1849 -0.1062 -0.3610 -0.3176 -0.2189 0.2314 0.1195 -0.2939 -0.3545 -0.2972 -0.1695 0.2642 0.0662 -0.3531 -0.3447 -0.2797 -0.1177 0.2275 0.0144 -0.3628 -0.3357 -0.2672 -0.0580 0.1989 -0.0406 -0.3623 -0.3288 -0.2540 0.0211 0.1777 -0.1052 -0.3614 -0.3223 -0.2366 0.1238 0.1502
0.0811 -0.2430 -0.3248 -0.3618 -0.0796 0.1855 -0.0108 -0.2599 -0.3310 -0.3626 -0.0232 0.2057 -0.0745 -0.2696 -0.3373 -0.3624 0.0218 0.2316 -0.1224 -0.2806 -0.3451 -0.3526 0.0662 0.2637 -0.1679 -0.2964 -0.3540 -0.3009 0.1154 0.2421 -0.2145 -0.3157 -0.3606 -0.1288 0.1782 -0.0103 -0.2638 -0.3351 -0.3625 0.0289 0.2423 -0.1435 -0.2889 -0.3509 -0.3249 0.1022 0.2606 -0.2053 -0.3121 -0.3673 -0.3600 -0.3673 -0.3121 -0.2053 0.2606 0.1022 -0.3249 -0.3509 -0.2889 -0.1435 0.2423 0.0289 -0.3625 -0.3351 -0.2638 -0.0103 0.1782 -0.1288 -0.3606 -0.3157 -0.2145 0.2421 0.1154 -0.3009 -0.3540 -0.2964 -0.1679 0.2637 0.0662 -0.3526 -0.3451 -0.2806 -0.1224 0.2316 0.0218 -0.3624 -0.3373 -0.2696 -0.0745 0.2057 -0.0232 -0.3626 -0.3310 -0.2599 -0.0108 0.1855 -0.0796 -0.3618 -0.3248 -0.2430 0.0811
-0.2255 -0.3272 -0.3621 -0.0564 0.1928 -0.0376 -0.2640 -0.3332 -0.3628 -0.0074 0.2131 -0.0896 -0.2723 -0.3391 -0.3616 0.0303 0.2369 -0.1287 -0.2821 -0.3458 -0.3513 0.0680 0.2642 -0.1679 -0.2961 -0.3537 -0.3050 0.1125 0.2488 -0.2110 -0.3141 -0.3602 -0.1494 0.1713 0.0158 -0.2604 -0.3332 -0.3629 0.0181 0.2352 -0.1346 -0.2861 -0.3494 -0.3336 0.0950 0.2666 -0.1993 -0.3098 -0.3601 -0.2198 0.0676 -0.2198 -0.3601 -0.3098 -0.1993 0.2666 0.0950 -0.3336 -0.3494 -0.2861 -0.1346 0.2352 0.0181 -0.3629 -0.3332 -0.2604 0.0158 0.1713 -0.1494 -0.3602 -0.3141 -0.2110 0.2488 0.1125 -0.3050 -0.3537 -0.2961 -0.1679 0.2642 0.0680 -0.3513 -0.3458 -0.2821 -0.1287 0.2369 0.0303 -0.3616 -0.3391 -0.2723 -0.0896 0.2131 -0.0074 -0.3628 -0.3332 -0.2640 -0.0376 0.1928 -0.0564 -0.3621 -0.3272 -0.2255
-0.3064 -0.3625 -0.0361 0.2002 -0.0597 -0.2671 -0.3354 -0.3629 0.0066 0.2207 -0.1032 -0.2751 -0.3410 -0.3602 0.0393 0.2429 -0.1360 -0.2841 -0.3469 -0.3488 0.0714 0.2655 -0.1695 -0.2964 -0.3537 -0.3064 0.1110 0.2525 -0.2086 -0.3129 -0.3598 -0.1664 0.1653 0.0417 -0.2559 -0.3314 -0.3628 0.0068 0.2282 -0.1253 -0.2834 -0.3479 -0.3409 0.0877 0.2696 -0.1930 -0.3073 -0.3587 -0.2166 0.1366 0.2551 0.1366 -0.2166 -0.3587 -0.3073 -0.1930 0.2696 0.0877 -0.3409 -0.3479 -0.2834 -0.1253 0.2282 0.0068 -0.3628 -0.3314 -0.2559 0.0417 0.1653 -0.1664 -0.3598 -0.3129 -0.2086 0.2525 0.1110 -0.3064 -0.3537 -0.2964 -0.1695 0.2655 0.0714 -0.3488 -0.3469 -0.2841 -0.1360 0.2429 0.0393 -0.3602 -0.3410 -0.2751 -0.1032 0.2207 0.0066 -0.3629 -0.3354 -0.2671 -0.0597 0.2002 -0.0361 -0.3625 -0.3064
-0.3467 -0.0181 0.2077 -0.0781 -0.2701 -0.3375 -0.3624 0.0192 0.2284 -0.1152 -0.2780 -0.3429 -0.3580 0.0482 0.2491 -0.1438 -0.2864 -0.3481 -0.3452 0.0761 0.2674 -0.1724 -0.2972 -0.3540 -0.3050 0.1110 0.2537 -0.2073 -0.3121 -0.3595 -0.1790 0.1607 0.0647 -0.2515 -0.3297 -0.3626 -0.0046 0.2215 -0.1157 -0.2808 -0.3463 -0.3467 0.0803 0.2700 -0.1866 -0.3047 -0.3577 -0.2350 0.1419 0.1894 -0.1666 0.1894 0.1419 -0.2350 -0.3577 -0.3047 -0.1866 0.2700 0.0803 -0.3467 -0.3463 -0.2808 -0.1157 0.2215 -0.0046 -0.3626 -0.3297 -0.2515 0.0647 0.1607 -0.1790 -0.3595 -0.3121 -0.2073 0.2537 0.1110 -0.3050 -0.3540 -0.2972 -0.1724 0.2674 0.0761 -0.3452 -0.3481 -0.2864 -0.1438 0.2491 0.0482 -0.3580 -0.3429 -0.2780 -0.1152 0.2284 0.0192 -0.3624 -0.3375 -0.2701 -0.0781 0.2077 -0.0181 -0.3467
-0.0163 0.2155 -0.0937 -0.2730 -0.3396 -0.3614 0.0306 0.2361 -0.1261 -0.2808 -0.3447 -0.3551 0.0570 0.2553 -0.1516 -0.2889 -0.3494 -0.3402 0.0817 0.2691 -0.1765 -0.2986 -0.3545 -0.3009 0.1125 0.2525 -0.2073 -0.3119 -0.3594 -0.1869 0.1575 0.0829 -0.2480 -0.3283 -0.3624 -0.0156 0.2156 -0.1059 -0.2783 -0.3447 -0.3512 0.0730 0.2684 -0.1801 -0.3021 -0.3568 -0.2551 0.1368 0.1752 -0.2266 -0.2926 -0.2266 0.1752 0.1368 -0.2551 -0.3568 -0.3021 -0.1801 0.2684 0.0730 -0.3512 -0.3447 -0.2783 -0.1059 0.2156 -0.0156 -0.3624 -0.3283 -0.2480 0.0829 0.1575 -0.1869 -0.3594 -0.3119 -0.2073 0.2525 0.1125 -0.3009 -0.3545 -0.2986 -0.1765 0.2691 0.0817 -0.3402 -0.3494 -0.2889 -0.1516 0.2553 0.0570 -0.3551 -0.3447 -0.2808 -0.1261 0.2361 0.0306 -0.3614 -0.3396 -0.2730 -0.0937 0.2155 -0.0163
0.2194 -0.1072 -0.2760 -0.3415 -0.3597 0.0410 0.2436 -0.1360 -0.2837 -0.3464 -0.3512 0.0653 0.2608 -0.1593 -0.2916 -0.3508 -0.3336 0.0881 0.2701 -0.1815 -0.3004 -0.3551 -0.2939 0.1154 0.2488 -0.2086 -0.3121 -0.3594 -0.1896 0.1558 0.0944 -0.2456 -0.3273 -0.3623 -0.0256 0.2105 -0.0965 -0.2761 -0.3433 -0.3546 0.0659 0.2654 -0.1736 -0.2995 -0.3558 -0.2735 0.1298 0.1972 -0.2278 -0.3208 -0.3628 -0.3208 -0.2278 0.1972 0.1298 -0.2735 -0.3558 -0.2995 -0.1736 0.2654 0.0659 -0.3546 -0.3433 -0.2761 -0.0965 0.2105 -0.0256 -0.3623 -0.3273 -0.2456 0.0944 0.1558 -0.1896 -0.3594 -0.3121 -0.2086 0.2488 0.1154 -0.2939 -0.3551 -0.3004 -0.1815 0.2701 0.0881 -0.3336 -0.3508 -0.2916 -0.1593 0.2608 0.0653 -0.3512 -0.3464 -0.2837 -0.1360 0.2436 0.0410 -0.3597 -0.3415 -0.2760 -0.1072 0.2194
-0.1132 -0.2789 -0.3434 -0.3573 0.0505 0.2505 -0.1451 -0.2866 -0.3481 -0.3462 0.0734 0.2654 -0.1668 -0.2943 -0.3522 -0.3252 0.0949 0.2696 -0.1870 -0.3024 -0.3559 -0.2839 0.1195 0.2421 -0.2110 -0.3129 -0.3595 -0.1869 0.1558 0.0982 -0.2443 -0.3266 -0.3622 -0.0337 0.2066 -0.0880 -0.2742 -0.3419 -0.3570 0.0592 0.2616 -0.1673 -0.2970 -0.3547 -0.2892 0.1228 0.2199 -0.2229 -0.3193 -0.3691 -0.3380 -0.3691 -0.3193 -0.2229 0.2199 0.1228 -0.2892 -0.3547 -0.2970 -0.1673 0.2616 0.0592 -0.3570 -0.3419 -0.2742 -0.0880 0.2066 -0.0337 -0.3622 -0.3266 -0.2443 0.0982 0.1558 -0.1869 -0.3595 -0.3129 -0.2110 0.2421 0.1195 -0.2839 -0.3559 -0.3024 -0.1870 0.2696 0.0949 -0.3252 -0.3522 -0.2943 -0.1668 0.2654 0.0734 -0.3462 -0.3481 -0.2866 -0.1451 0.2505 0.0505 -0.3573 -0.3434 -0.2789 -0.1132
-0.2566 -0.3453 -0.3540 0.0595 0.2569 -0.1535 -0.2894 -0.3497 -0.3399 0.0812 0.2686 -0.1738 -0.2970 -0.3535 -0.3149 0.1020 0.2668 -0.1930 -0.3048 -0.3568 -0.2707 0.1247 0.2314 -0.2145 -0.3141 -0.3598 -0.1790 0.1575 0.0944 -0.2443 -0.3264 -0.3621 -0.0390 0.2039 -0.0811 -0.2727 -0.3408 -0.3587 0.0530 0.2576 -0.1614 -0.2947 -0.3536 -0.3023 0.1161 0.2377 -0.2171 -0.3171 -0.3617 -0.1458 0.0878 -0.1458 -0.3617 -0.3171 -0.2171 0.2377 0.1161 -0.3023 -0.3536 -0.2947 -0.1614 0.2576 0.0530 -0.3587 -0.3408 -0.2727 -0.0811 0.2039 -0.0390 -0.3621 -0.3264 -0.2443 0.0944 0.1575 -0.1790 -0.3598 -0.3141 -0.2145 0.2314 0.1247 -0.2707 -0.3568 -0.3048 -0.1930 0.2668 0.1020 -0.3149 -0.3535 -0.2970 -0.1738 0.2686 0.0812 -0.3399 -0.3497 -0.2894 -0.1535 0.2569 0.0595 -0.3540 -0.3453 -0.2566
-0.3254 -0.3497 0.0680 0.2623 -0.1615 -0.2923 -0.3512 -0.3322 0.0889 0.2701 -0.1808 -0.2997 -0.3547 -0.3026 0.1091 0.2608 -0.1992 -0.3073 -0.3577 -0.2541 0.1307 0.2157 -0.2189 -0.3157 -0.3602 -0.1664 0.1607 0.0829 -0.2456 -0.3266 -0.3621 -0.0408 0.2025 -0.0765 -0.2717 -0.3400 -0.3598 0.0477 0.2537 -0.1560 -0.2927 -0.3526 -0.3128 0.1098 0.2505 -0.2115 -0.3147 -0.3606 -0.1415 0.1572 0.2655 0.1572 -0.1415 -0.3606 -0.3147 -0.2115 0.2505 0.1098 -0.3128 -0.3526 -0.2927 -0.1560 0.2537 0.0477 -0.3598 -0.3400 -0.2717 -0.0765 0.2025 -0.0408 -0.3621 -0.3266 -0.2456 0.0829 0.1607 -0.1664 -0.3602 -0.3157 -0.2189 0.2157 0.1307 -0.2541 -0.3577 -0.3073 -0.1992 0.2608 0.1091 -0.3026 -0.3547 -0.2997 -0.1808 0.2701 0.0889 -0.3322 -0.3512 -0.2923 -0.1615 0.2623 0.0680 -0.3497 -0.3254
-0.3365 0.0763 0.2666 -0.1690 -0.2951 -0.3526 -0.3228 0.0964 0.2693 -0.1876 -0.3024 -0.3559 -0.2882 0.1163 0.2509 -0.2054 -0.3098 -0.3585 -0.2341 0.1374 0.1942 -0.2239 -0.3176 -0.3606 -0.1494 0.1653 0.0647 -0.2480 -0.3273 -0.3622 -0.0390 0.2025 -0.0749 -0.2711 -0.3394 -0.3605 0.0437 0.2505 -0.1514 -0.2909 -0.3516 -0.3209 0.1042 0.2591 -0.2061 -0.3125 -0.3599 -0.1617 0.1647 0.0884 -0.1906 0.0884 0.1647 -0.1617 -0.3599 -0.3125 -0.2061 0.2591 0.1042 -0.3209 -0.3516 -0.2909 -0.1514 0.2505 0.0437 -0.3605 -0.3394 -0.2711 -0.0749 0.2025 -0.0390 -0.3622 -0.3273 -0.2480 0.0647 0.1653 -0.1494 -0.3606 -0.3176 -0.2239 0.1942 0.1374 -0.2341 -0.3585 -0.3098 -0.2054 0.2509 0.1163 -0.2882 -0.3559 -0.3024 -0.1876 0.2693 0.0964 -0.3228 -0.3526 -0.2951 -0.1690 0.2666 0.0763 -0.3365
0.0771 0.2694 -0.1762 -0.2979 -0.3539 -0.3116 0.1038 0.2657 -0.1942 -0.3051 -0.3569 -0.2713 0.1235 0.2367 -0.2116 -0.3124 -0.3593 -0.2109 0.1448 0.1663 -0.2294 -0.3197 -0.3610 -0.1288 0.1713 0.0417 -0.2515 -0.3283 -0.3623 -0.0337 0.2039 -0.0765 -0.2711 -0.3392 -0.3608 0.0411 0.2482 -0.1479 -0.2895 -0.3508 -0.3271 0.0992 0.2645 -0.2012 -0.3104 -0.3593 -0.1845 0.1601 0.0683 -0.2450 -0.3011 -0.2450 0.0683 0.1601 -0.1845 -0.3593 -0.3104 -0.2012 0.2645 0.0992 -0.3271 -0.3508 -0.2895 -0.1479 0.2482 0.0411 -0.3608 -0.3392 -0.2711 -0.0765 0.2039 -0.0337 -0.3623 -0.3283 -0.2515 0.0417 0.1713 -0.1288 -0.3610 -0.3197 -0.2294 0.1663 0.1448 -0.2109 -0.3593 -0.3124 -0.2116 0.2367 0.1235 -0.2713 -0.3569 -0.3051 -0.1942 0.2657 0.1038 -0.3116 -0.3539 -0.2979 -0.1762 0.2694 0.0771
0.2638 -0.1832 -0.3006 -0.3551 -0.2983 0.1112 0.2585 -0.2007 -0.3078 -0.3579 -0.2518 0.1309 0.2173 -0.2177 -0.3149 -0.3599 -0.1855 0.1526 0.1320 -0.2354 -0.3219 -0.3614 -0.1062 0.1782 0.0158 -0.2559 -0.3297 -0.3624 -0.0256 0.2066 -0.0811 -0.2717 -0.3394 -0.3608 0.0402 0.2469 -0.1456 -0.2885 -0.3502 -0.3316 0.0951 0.2675 -0.1969 -0.3085 -0.3587 -0.2053 0.1536 0.0938 -0.2465 -0.3284 -0.3683 -0.3284 -0.2465 0.0938 0.1536 -0.2053 -0.3587 -0.3085 -0.1969 0.2675 0.0951 -0.3316 -0.3502 -0.2885 -0.1456 0.2469 0.0402 -0.3608 -0.3394 -0.2717 -0.0811 0.2066 -0.0256 -0.3624 -0.3297 -0.2559 0.0158 0.1782 -0.1062 -0.3614 -0.3219 -0.2354 0.1320 0.1526 -0.1855 -0.3599 -0.3149 -0.2177 0.2173 0.1309 -0.2518 -0.3579 -0.3078 -0.2007 0.2585 0.1112 -0.2983 -0.3551 -0.3006 -0.1832 0.2638
-0.1775 -0.3034 -0.3562 -0.2828 0.1186 0.2472 -0.2071 -0.3105 -0.3587 -0.2297 0.1385 0.1918 -0.2239 -0.3174 -0.3605 -0.1588 0.1608 0.0940 -0.2416 -0.3243 -0.3617 -0.0831 0.1849 -0.0103 -0.2604 -0.3314 -0.3626 -0.0156 0.2105 -0.0880 -0.2727 -0.3400 -0.3605 0.0411 0.2469 -0.1449 -0.2881 -0.3498 -0.3344 0.0919 0.2691 -0.1933 -0.3068 -0.3582 -0.2231 0.1475 0.1234 -0.2422 -0.3266 -0.3697 -0.3006 -0.3697 -0.3266 -0.2422 0.1234 0.1475 -0.2231 -0.3582 -0.3068 -0.1933 0.2691 0.0919 -0.3344 -0.3498 -0.2881 -0.1449 0.2469 0.0411 -0.3605 -0.3400 -0.2727 -0.0880 0.2105 -0.0156 -0.3626 -0.3314 -0.2604 -0.0103 0.1849 -0.0831 -0.3617 -0.3243 -0.2416 0.0940 0.1608 -0.1588 -0.3605 -0.3174 -0.2239 0.1918 0.1385 -0.2297 -0.3587 -0.3105 -0.2071 0.2472 0.1186 -0.2828 -0.3562 -0.3034 -0.1775
-0.2819 -0.3573 -0.2648 0.1260 0.2309 -0.2135 -0.3131 -0.3595 -0.2050 0.1464 0.1603 -0.2302 -0.3199 -0.3610 -0.1316 0.1694 0.0555 -0.2479 -0.3266 -0.3620 -0.0607 0.1916 -0.0345 -0.2638 -0.3332 -0.3628 -0.0046 0.2156 -0.0965 -0.2742 -0.3408 -0.3598 0.0437 0.2482 -0.1456 -0.2881 -0.3496 -0.3358 0.0900 0.2697 -0.1905 -0.3055 -0.3577 -0.2373 0.1423 0.1496 -0.2376 -0.3248 -0.3625 -0.0680 0.1079 -0.0680 -0.3625 -0.3248 -0.2376 0.1496 0.1423 -0.2373 -0.3577 -0.3055 -0.1905 0.2697 0.0900 -0.3358 -0.3496 -0.2881 -0.1456 0.2482 0.0437 -0.3598 -0.3408 -0.2742 -0.0965 0.2156 -0.0046 -0.3628 -0.3332 -0.2638 -0.0345 0.1916 -0.0607 -0.3620 -0.3266 -0.2479 0.0555 0.1694 -0.1316 -0.3610 -0.3199 -0.2302 0.1603 0.1464 -0.2050 -0.3595 -0.3131 -0.2135 0.2309 0.1260 -0.2648 -0.3573 -0.2819
-0.3389 -0.2443 0.1336 0.2091 -0.2198 -0.3157 -0.3601 -0.1784 0.1546 0.1236 -0.2366 -0.3223 -0.3614 -0.1049 0.1779 0.0197 -0.2543 -0.3289 -0.3623 -0.0404 0.1987 -0.0560 -0.2666 -0.3351 -0.3629 0.0068 0.2215 -0.1059 -0.2761 -0.3419 -0.3587 0.0477 0.2505 -0.1479 -0.2885 -0.3498 -0.3358 0.0893 0.2699 -0.1888 -0.3046 -0.3573 -0.2478 0.1380 0.1702 -0.2335 -0.3232 -0.3619 -0.0604 0.1813 0.2581 0.1813 -0.0604 -0.3619 -0.3232 -0.2335 0.1702 0.1380 -0.2478 -0.3573 -0.3046 -0.1888 0.2699 0.0893 -0.3358 -0.3498 -0.2885 -0.1479 0.2505 0.0477 -0.3587 -0.3419 -0.2761 -0.1059 0.2215 0.0068 -0.3629 -0.3351 -0.2666 -0.0560 0.1987 -0.0404 -0.3623 -0.3289 -0.2543 0.0197 0.1779 -0.1049 -0.3614 -0.3223 -0.2366 0.1236 0.1546 -0.1784 -0.3601 -0.3157 -0.2198 0.2091 0.1336 -0.2443 -0.3389
-0.2345 0.1416 0.1814 -0.2261 -0.3182 -0.3607 -0.1506 0.1631 0.0840 -0.2431 -0.3248 -0.3618 -0.0795 0.1856 -0.0114 -0.2601 -0.3311 -0.3626 -0.0225 0.2060 -0.0745 -0.2695 -0.3371 -0.3625 0.0181 0.2282 -0.1157 -0.2783 -0.3433 -0.3570 0.0530 0.2537 -0.1514 -0.2895 -0.3502 -0.3344 0.0900 0.2699 -0.1883 -0.3042 -0.3571 -0.2548 0.1349 0.1852 -0.2300 -0.3217 -0.3616 -0.0718 0.1924 -0.0232 -0.2137 -0.0232 0.1924 -0.0718 -0.3616 -0.3217 -0.2300 0.1852 0.1349 -0.2548 -0.3571 -0.3042 -0.1883 0.2699 0.0900 -0.3344 -0.3502 -0.2895 -0.1514 0.2537 0.0530 -0.3570 -0.3433 -0.2783 -0.1157 0.2282 0.0181 -0.3625 -0.3371 -0.2695 -0.0745 0.2060 -0.0225 -0.3626 -0.3311 -0.2601 -0.0114 0.1856 -0.0795 -0.3618 -0.3248 -0.2431 0.0840 0.1631 -0.1506 -0.3607 -0.3182 -0.2261 0.1814 0.1416 -0.2345
0.1448 0.1479 -0.2325 -0.3207 -0.3612 -0.1226 0.1721 0.0448 -0.2496 -0.3272 -0.3621 -0.0563 0.1928 -0.0377 -0.2641 -0.3333 -0.3628 -0.0068 0.2134 -0.0902 -0.2724 -0.3391 -0.3616 0.0289 0.2352 -0.1253 -0.2808 -0.3447 -0.3546 0.0592 0.2576 -0.1560 -0.2909 -0.3508 -0.3316 0.0919 0.2697 -0.1888 -0.3042 -0.3570 -0.2581 0.1330 0.1948 -0.2274 -0.3205 -0.3614 -0.0853 0.1893 -0.0409 -0.2630 -0.3109 -0.2630 -0.0409 0.1893 -0.0853 -0.3614 -0.3205 -0.2274 0.1948 0.1330 -0.2581 -0.3570 -0.3042 -0.1888 0.2697 0.0919 -0.3316 -0.3508 -0.2909 -0.1560 0.2576 0.0592 -0.3546 -0.3447 -0.2808 -0.1253 0.2352 0.0289 -0.3616 -0.3391 -0.2724 -0.0902 0.2134 -0.0068 -0.3628 -0.3333 -0.2641 -0.0377 0.1928 -0.0563 -0.3621 -0.3272 -0.2496 0.0448 0.1721 -0.1226 -0.3612 -0.3207 -0.2325 0.1479 0.1448
0.1057 -0.2389 -0.3232 -0.3616 -0.0957 0.1806 0.0092 -0.2563 -0.3295 -0.3624 -0.0359 0.2002 -0.0599 -0.2671 -0.3354 -0.3629 0.0070 0.2210 -0.1037 -0.2752 -0.3411 -0.3601 0.0391 0.2423 -0.1346 -0.2834 -0.3463 -0.3512 0.0659 0.2616 -0.1614 -0.2927 -0.3516 -0.3271 0.0951 0.2691 -0.1905 -0.3046 -0.3571 -0.2581 0.1324 0.1993 -0.2259 -0.3197 -0.3612 -0.0971 0.1858 -0.0318 -0.2651 -0.3371 -0.3736 -0.3371 -0.2651 -0.0318 0.1858 -0.0971 -0.3612 -0.3197 -0.2259 0.1993 0.1324 -0.2581 -0.3571 -0.3046 -0.1905 0.2691 0.0951 -0.3271 -0.3516 -0.2927 -0.1614 0.2616 0.0659 -0.3512 -0.3463 -0.2834 -0.1346 0.2423 0.0391 -0.3601 -0.3411 -0.2752 -0.1037 0.2210 0.0070 -0.3629 -0.3354 -0.2671 -0.0599 0.2002 -0.0359 -0.3624 -0.3295 -0.2563 0.0092 0.1806 -0.0957 -0.3616 -0.3232 -0.2389 0.1057
-0.2224 -0.3257 -0.3619 -0.0709 0.1881 -0.0210 -0.2616 -0.3318 -0.3627 -0.0181 0.2078 -0.0782 -0.2701 -0.3375 -0.3624 0.0193 0.2286 -0.1156 -0.2781 -0.3429 -0.3579 0.0485 0.2492 -0.1435 -0.2861 -0.3479 -0.3467 0.0730 0.2654 -0.1673 -0.2947 -0.3526 -0.3209 0.0992 0.2675 -0.1933 -0.3055 -0.3573 -0.2548 0.1330 0.1993 -0.2254 -0.3193 -0.3611 -0.1057 0.1830 -0.0205 -0.2642 -0.3351 -0.3683 -0.2291 -0.3683 -0.3351 -0.2642 -0.0205 0.1830 -0.1057 -0.3611 -0.3193 -0.2254 0.1993 0.1330 -0.2548 -0.3573 -0.3055 -0.1933 0.2675 0.0992 -0.3209 -0.3526 -0.2947 -0.1673 0.2654 0.0730 -0.3467 -0.3479 -0.2861 -0.1435 0.2492 0.0485 -0.3579 -0.3429 -0.2781 -0.1156 0.2286 0.0193 -0.3624 -0.3375 -0.2701 -0.0782 0.2078 -0.0181 -0.3627 -0.3318 -0.2616 -0.0210 0.1881 -0.0709 -0.3619 -0.3257 -0.2224
-0.3048 -0.3623 -0.0489 0.1954 -0.0460 -0.2651 -0.3340 -0.3629 -0.0025 0.2155 -0.0938 -0.2730 -0.3396 -0.3614 0.0306 0.2362 -0.1263 -0.2809 -0.3447 -0.3549 0.0574 0.2555 -0.1518 -0.2889 -0.3494 -0.3409 0.0803 0.2684 -0.1736 -0.2970 -0.3536 -0.3128 0.1042 0.2645 -0.1969 -0.3068 -0.3577 -0.2478 0.1349 0.1948 -0.2259 -0.3193 -0.3610 -0.1102 0.1812 -0.0115 -0.2631 -0.3340 -0.3628 -0.0003 0.1334 -0.0003 -0.3628 -0.3340 -0.2631 -0.0115 0.1812 -0.1102 -0.3610 -0.3193 -0.2259 0.1948 0.1349 -0.2478 -0.3577 -0.3068 -0.1969 0.2645 0.1042 -0.3128 -0.3536 -0.2970 -0.1736 0.2684 0.0803 -0.3409 -0.3494 -0.2889 -0.1518 0.2555 0.0574 -0.3549 -0.3447 -0.2809 -0.1263 0.2362 0.0306 -0.3614 -0.3396 -0.2730 -0.0938 0.2155 -0.0025 -0.3629 -0.3340 -0.2651 -0.0460 0.1954 -0.0489 -0.3623 -0.3048
-0.3462 -0.0293 0.2029 -0.0667 -0.2681 -0.3362 -0.3628 0.0112 0.2234 -0.1073 -0.2760 -0.3415 -0.3597 0.0410 0.2436 -0.1360 -0.2837 -0.3464 -0.3510 0.0657 0.2610 -0.1597 -0.2917 -0.3509 -0.3336 0.0877 0.2700 -0.1801 -0.2995 -0.3547 -0.3023 0.1098 0.2591 -0.2012 -0.3085 -0.3582 -0.2373 0.1380 0.1852 -0.2274 -0.3197 -0.3611 -0.1102 0.1806 -0.0067 -0.2624 -0.3333 -0.3629 0.0088 0.2119 0.1950 0.2119 0.0088 -0.3629 -0.3333 -0.2624 -0.0067 0.1806 -0.1102 -0.3611 -0.3197 -0.2274 0.1852 0.1380 -0.2373 -0.3582 -0.3085 -0.2012 0.2591 0.1098 -0.3023 -0.3547 -0.2995 -0.1801 0.2700 0.0877 -0.3336 -0.3509 -0.2917 -0.1597 0.2610 0.0657 -0.3510 -0.3464 -0.2837 -0.1360 0.2436 0.0410 -0.3597 -0.3415 -0.2760 -0.1073 0.2234 0.0112 -0.3628 -0.3362 -0.2681 -0.0667 0.2029 -0.0293 -0.3462
-0.0271 0.2106 -0.0840 -0.2711 -0.3382 -0.3621 0.0234 0.2312 -0.1191 -0.2789 -0.3434 -0.3573 0.0506 0.2506 -0.1451 -0.2866 -0.3481 -0.3461 0.0737 0.2656 -0.1671 -0.2944 -0.3523 -0.3249 0.0950 0.2696 -0.1866 -0.3021 -0.3558 -0.2892 0.1161 0.2505 -0.2061 -0.3104 -0.3587 -0.2231 0.1423 0.1702 -0.2300 -0.3205 -0.3612 -0.1057 0.1812 -0.0067 -0.2621 -0.3329 -0.3629 0.0072 0.2246 -0.1011 -0.2333 -0.1011 0.2246 0.0072 -0.3629 -0.3329 -0.2621 -0.0067 0.1812 -0.1057 -0.3612 -0.3205 -0.2300 0.1702 0.1423 -0.2231 -0.3587 -0.3104 -0.2061 0.2505 0.1161 -0.2892 -0.3558 -0.3021 -0.1866 0.2696 0.0950 -0.3249 -0.3523 -0.2944 -0.1671 0.2656 0.0737 -0.3461 -0.3481 -0.2866 -0.1451 0.2506 0.0506 -0.3573 -0.3434 -0.2789 -0.1191 0.2312 0.0234 -0.3621 -0.3382 -0.2711 -0.0840 0.2106 -0.0271
0.2145 -0.0987 -0.2741 -0.3403 -0.3609 0.0344 0.2388 -0.1297 -0.2818 -0.3453 -0.3539 0.0596 0.2569 -0.1536 -0.2894 -0.3497 -0.3399 0.0813 0.2687 -0.1741 -0.2971 -0.3536 -0.3144 0.1022 0.2666 -0.1930 -0.3047 -0.3568 -0.2735 0.1228 0.2377 -0.2115 -0.3125 -0.3593 -0.2053 0.1475 0.1496 -0.2335 -0.3217 -0.3614 -0.0971 0.1830 -0.0115 -0.2624 -0.3329 -0.3629 0.0055 0.2243 -0.1138 -0.2761 -0.3231 -0.2761 -0.1138 0.2243 0.0055 -0.3629 -0.3329 -0.2624 -0.0115 0.1830 -0.0971 -0.3614 -0.3217 -0.2335 0.1496 0.1475 -0.2053 -0.3593 -0.3125 -0.2115 0.2377 0.1228 -0.2735 -0.3568 -0.3047 -0.1930 0.2666 0.1022 -0.3144 -0.3536 -0.2971 -0.1741 0.2687 0.0813 -0.3399 -0.3497 -0.2894 -0.1536 0.2569 0.0596 -0.3539 -0.3453 -0.2818 -0.1297 0.2388 0.0344 -0.3609 -0.3403 -0.2741 -0.0987 0.2145
-0.1061 -0.2770 -0.3422 -0.3590 0.0444 0.2461 -0.1392 -0.2847 -0.3470 -0.3496 0.0680 0.2623 -0.1615 -0.2923 -0.3512 -0.3322 0.0888 0.2701 -0.1809 -0.2998 -0.3548 -0.3023 0.1092 0.2606 -0.1993 -0.3073 -0.3577 -0.2551 0.1298 0.2199 -0.2171 -0.3147 -0.3599 -0.1845 0.1536 0.1234 -0.2376 -0.3232 -0.3616 -0.0853 0.1858 -0.0205 -0.2631 -0.3333 -0.3629 0.0055 0.2239 -0.1142 -0.2789 -0.3474 -0.3781 -0.3474 -0.2789 -0.1142 0.2239 0.0055 -0.3629 -0.3333 -0.2631 -0.0205 0.1858 -0.0853 -0.3616 -0.3232 -0.2376 0.1234 0.1536 -0.1845 -0.3599 -0.3147 -0.2171 0.2199 0.1298 -0.2551 -0.3577 -0.3073 -0.1993 0.2606 0.1092 -0.3023 -0.3548 -0.2998 -0.1809 0.2701 0.0888 -0.3322 -0.3512 -0.2923 -0.1615 0.2623 0.0680 -0.3496 -0.3470 -0.2847 -0.1392 0.2461 0.0444 -0.3590 -0.3422 -0.2770 -0.1061
-0.2545 -0.3442 -0.3563 0.0533 0.2526 -0.1477 -0.2875 -0.3487 -0.3444 0.0757 0.2665 -0.1687 -0.2950 -0.3527 -0.3233 0.0960 0.2695 -0.1873 -0.3024 -0.3560 -0.2886 0.1160 0.2513 -0.2053 -0.3098 -0.3587 -0.2350 0.1368 0.1972 -0.2229 -0.3171 -0.3606 -0.1617 0.1601 0.0938 -0.2422 -0.3248 -0.3619 -0.0718 0.1893 -0.0318 -0.2642 -0.3340 -0.3629 0.0072 0.2243 -0.1142 -0.2791 -0.3450 -0.3590 -0.1036 -0.3590 -0.3450 -0.2791 -0.1142 0.2243 0.0072 -0.3629 -0.3340 -0.2642 -0.0318 0.1893 -0.0718 -0.3619 -0.3248 -0.2422 0.0938 0.1601 -0.1617 -0.3606 -0.3171 -0.2229 0.1972 0.1368 -0.2350 -0.3587 -0.3098 -0.2053 0.2513 0.1160 -0.2886 -0.3560 -0.3024 -0.1873 0.2695 0.0960 -0.3233 -0.3527 -0.2950 -0.1687 0.2665 0.0757 -0.3444 -0.3487 -0.2875 -0.1477 0.2526 0.0533 -0.3563 -0.3442 -0.2545
-0.3243 -0.3536 0.0600 0.2574 -0.1543 -0.2898 -0.3507 -0.3391 0.0815 0.2689 -0.1744 -0.2973 -0.3545 -0.3145 0.1014 0.2672 -0.1926 -0.3047 -0.3577 -0.2754 0.1211 0.2410 -0.2102 -0.3121 -0.3601 -0.2166 0.1419 0.1752 -0.2278 -0.3193 -0.3617 -0.1415 0.1647 0.0683 -0.2465 -0.3266 -0.3625 -0.0604 0.1924 -0.0409 -0.2651 -0.3351 -0.3628 0.0088 0.2246 -0.1138 -0.2789 -0.3450 -0.3547 0.0513 0.1675 0.0513 -0.3547 -0.3450 -0.2789 -0.1138 0.2246 0.0088 -0.3628 -0.3351 -0.2651 -0.0409 0.1924 -0.0604 -0.3625 -0.3266 -0.2465 0.0683 0.1647 -0.1415 -0.3617 -0.3193 -0.2278 0.1752 0.1419 -0.2166 -0.3601 -0.3121 -0.2102 0.2410 0.1211 -0.2754 -0.3577 -0.3047 -0.1926 0.2672 0.1014 -0.3145 -0.3545 -0.2973 -0.1744 0.2689 0.0815 -0.3391 -0.3507 -0.2898 -0.1543 0.2574 0.0600 -0.3536 -0.3243
-0.3449 0.0578 0.2551 -0.1515 -0.2896 -0.3559 -0.3396 0.0791 0.2684 -0.1723 -0.2975 -0.3605 -0.3153 0.0985 0.2694 -0.1909 -0.3052 -0.3643 -0.2773 0.1172 0.2482 -0.2087 -0.3130 -0.3673 -0.2198 0.1366 0.1894 -0.2266 -0.3208 -0.3691 -0.1458 0.1572 0.0884 -0.2450 -0.3284 -0.3697 -0.0680 0.1813 -0.0232 -0.2630 -0.3371 -0.3683 -0.0003 0.2119 -0.1011 -0.2761 -0.3474 -0.3590 0.0513 0.2395 0.0731 0.2395 0.0513 -0.3590 -0.3474 -0.2761 -0.1011 0.2119 -0.0003 -0.3683 -0.3371 -0.2630 -0.0232 0.1813 -0.0680 -0.3697 -0.3284 -0.2450 0.0884 0.1572 -0.1458 -0.3691 -0.3208 -0.2266 0.1894 0.1366 -0.2198 -0.3673 -0.3130 -0.2087 0.2482 0.1172 -0.2773 -0.3643 -0.3052 -0.1909 0.2694 0.0985 -0.3153 -0.3605 -0.2975 -0.1723 0.2684 0.0791 -0.3396 -0.3559 -0.2896 -0.1515 0.2551 0.0578 -0.3449
-0.0866 0.1767 0.0057 -0.2584 -0.3362 -0.3796 -0.0198 0.1960 -0.0634 -0.2672 -0.3434 -0.3781 0.0173 0.2167 -0.1077 -0.2755 -0.3501 -0.3724 0.0447 0.2370 -0.1398 -0.2840 -0.3567 -0.3600 0.0676 0.2551 -0.1666 -0.2926 -0.3628 -0.3380 0.0878 0.2655 -0.1906 -0.3011 -0.3683 -0.3006 0.1079 0.2581 -0.2137 -0.3109 -0.3736 -0.2291 0.1334 0.1950 -0.2333 -0.3231 -0.3781 -0.1036 0.1675 0.0731 -0.2025 0.0731 0.1675 -0.1036 -0.3781 -0.3231 -0.2333 0.1950 0.1334 -0.2291 -0.3736 -0.3109 -0.2137 0.2581 0.1079 -0.3006 -0.3683 -0.3011 -0.1906 0.2655 0.0878 -0.3380 -0.3628 -0.2926 -0.1666 0.2551 0.0676 -0.3600 -0.3567 -0.2840 -0.1398 0.2370 0.0447 -0.3724 -0.3501 -0.2755 -0.1077 0.2167 0.0173 -0.3781 -0.3434 -0.2672 -0.0634 0.1960 -0.0198 -0.3796 -0.3362 -0.2584 0.0057 0.1767 -0.0866
