0.0001 0.0015 0.0175 0.2036 1.0000 1.0000 0.0003 0.0034 0.0392 0.4533 1.0000 1.0000 0.0006 0.0075 0.0870 1.0000 1.0000 0.0001 0.0014 0.0167 0.1930 1.0000 1.0000 0.0003 0.0032 0.0370 0.4274 1.0000 1.0000 0.0006 0.0071 0.0820 0.9481 1.0000 0.0001 0.0014 0.0157 0.1816 1.0000 1.0000 0.0003 0.0030 0.0349 0.4029 1.0000 1.0000 0.0006 0.0066 0.0751 0.7765 1.0000 0.7765 0.0751 0.0066 0.0006 1.0000 1.0000 0.4029 0.0349 0.0030 0.0003 1.0000 1.0000 0.1816 0.0157 0.0014 0.0001 1.0000 0.9481 0.0820 0.0071 0.0006 1.0000 1.0000 0.4274 0.0370 0.0032 0.0003 1.0000 1.0000 0.1930 0.0167 0.0014 0.0001 1.0000 1.0000 0.0870 0.0075 0.0006 1.0000 1.0000 0.4533 0.0392 0.0034 0.0003 1.0000 1.0000 0.2036 0.0175 0.0015 0.0001
0.0015 0.0182 0.2059 1.0000 1.0000 0.0003 0.0034 0.0389 0.4499 1.0000 1.0000 0.0006 0.0075 0.0862 0.9981 1.0000 0.0001 0.0014 0.0165 0.1912 1.0000 1.0000 0.0003 0.0032 0.0366 0.4241 1.0000 1.0000 0.0006 0.0070 0.0812 0.9392 1.0000 0.0001 0.0013 0.0156 0.1802 1.0000 1.0000 0.0003 0.0030 0.0345 0.3998 1.0000 1.0000 0.0006 0.0066 0.0763 0.8638 1.0000 1.0000 1.0000 0.8638 0.0763 0.0066 0.0006 1.0000 1.0000 0.3998 0.0345 0.0030 0.0003 1.0000 1.0000 0.1802 0.0156 0.0013 0.0001 1.0000 0.9392 0.0812 0.0070 0.0006 1.0000 1.0000 0.4241 0.0366 0.0032 0.0003 1.0000 1.0000 0.1912 0.0165 0.0014 0.0001 1.0000 0.9981 0.0862 0.0075 0.0006 1.0000 1.0000 0.4499 0.0389 0.0034 0.0003 1.0000 1.0000 0.2059 0.0182 0.0015
0.0175 0.2059 1.0000 1.0000 0.0003 0.0031 0.0357 0.4122 1.0000 1.0000 0.0006 0.0068 0.0787 0.9093 1.0000 0.0001 0.0013 0.0151 0.1742 1.0000 1.0000 0.0002 0.0029 0.0334 0.3864 1.0000 1.0000 0.0006 0.0064 0.0740 0.8572 1.0000 0.0001 0.0012 0.0142 0.1642 1.0000 1.0000 0.0002 0.0027 0.0315 0.3643 1.0000 1.0000 0.0005 0.0060 0.0698 0.8036 1.0000 0.0001 0.0004 0.0001 1.0000 0.8036 0.0698 0.0060 0.0005 1.0000 1.0000 0.3643 0.0315 0.0027 0.0002 1.0000 1.0000 0.1642 0.0142 0.0012 0.0001 1.0000 0.8572 0.0740 0.0064 0.0006 1.0000 1.0000 0.3864 0.0334 0.0029 0.0002 1.0000 1.0000 0.1742 0.0151 0.0013 0.0001 1.0000 0.9093 0.0787 0.0068 0.0006 1.0000 1.0000 0.4122 0.0357 0.0031 0.0003 1.0000 1.0000 0.2059 0.0175
0.2036 1.0000 1.0000 0.0003 0.0030 0.0335 0.3835 1.0000 1.0000 0.0005 0.0062 0.0718 0.8300 1.0000 0.0001 0.0012 0.0137 0.1590 1.0000 1.0000 0.0002 0.0026 0.0304 0.3527 1.0000 1.0000 0.0005 0.0058 0.0676 0.7810 1.0000 0.0001 0.0011 0.0129 0.1499 1.0000 1.0000 0.0002 0.0025 0.0287 0.3325 1.0000 1.0000 0.0005 0.0055 0.0637 0.7362 1.0000 0.0001 0.0009 0.0041 0.0009 0.0001 1.0000 0.7362 0.0637 0.0055 0.0005 1.0000 1.0000 0.3325 0.0287 0.0025 0.0002 1.0000 1.0000 0.1499 0.0129 0.0011 0.0001 1.0000 0.7810 0.0676 0.0058 0.0005 1.0000 1.0000 0.3527 0.0304 0.0026 0.0002 1.0000 1.0000 0.1590 0.0137 0.0012 0.0001 1.0000 0.8300 0.0718 0.0062 0.0005 1.0000 1.0000 0.3835 0.0335 0.0030 0.0003 1.0000 1.0000 0.2036
1.0000 1.0000 0.0003 0.0030 0.0327 0.3671 1.0000 1.0000 0.0005 0.0057 0.0660 0.7619 1.0000 0.0001 0.0011 0.0126 0.1451 1.0000 1.0000 0.0002 0.0024 0.0278 0.3213 1.0000 1.0000 0.0005 0.0053 0.0617 0.7128 1.0000 0.0001 0.0010 0.0118 0.1365 1.0000 1.0000 0.0002 0.0023 0.0262 0.3029 1.0000 1.0000 0.0004 0.0050 0.0581 0.6720 1.0000 0.0001 0.0009 0.0097 0.0435 0.0097 0.0009 0.0001 1.0000 0.6720 0.0581 0.0050 0.0004 1.0000 1.0000 0.3029 0.0262 0.0023 0.0002 1.0000 1.0000 0.1365 0.0118 0.0010 0.0001 1.0000 0.7128 0.0617 0.0053 0.0005 1.0000 1.0000 0.3213 0.0278 0.0024 0.0002 1.0000 1.0000 0.1451 0.0126 0.0011 0.0001 1.0000 0.7619 0.0660 0.0057 0.0005 1.0000 1.0000 0.3671 0.0327 0.0030 0.0003 1.0000 1.0000
1.0000 0.0003 0.0031 0.0335 0.3671 1.0000 1.0000 0.0005 0.0054 0.0614 0.7047 1.0000 0.0001 0.0010 0.0115 0.1327 1.0000 1.0000 0.0002 0.0022 0.0253 0.2933 1.0000 1.0000 0.0004 0.0049 0.0562 0.6506 1.0000 0.0001 0.0009 0.0108 0.1246 1.0000 1.0000 0.0002 0.0021 0.0239 0.2765 1.0000 1.0000 0.0004 0.0046 0.0530 0.6134 1.0000 0.0001 0.0009 0.0099 0.1028 0.4594 0.1028 0.0099 0.0009 0.0001 1.0000 0.6134 0.0530 0.0046 0.0004 1.0000 1.0000 0.2765 0.0239 0.0021 0.0002 1.0000 1.0000 0.1246 0.0108 0.0009 0.0001 1.0000 0.6506 0.0562 0.0049 0.0004 1.0000 1.0000 0.2933 0.0253 0.0022 0.0002 1.0000 1.0000 0.1327 0.0115 0.0010 0.0001 1.0000 0.7047 0.0614 0.0054 0.0005 1.0000 1.0000 0.3671 0.0335 0.0031 0.0003 1.0000
0.0003 0.0034 0.0357 0.3835 1.0000 1.0000 0.0005 0.0052 0.0586 0.6631 1.0000 0.0001 0.0009 0.0106 0.1218 1.0000 1.0000 0.0002 0.0020 0.0232 0.2677 1.0000 1.0000 0.0004 0.0044 0.0513 0.5927 1.0000 0.0001 0.0008 0.0098 0.1137 1.0000 1.0000 0.0002 0.0019 0.0218 0.2519 1.0000 1.0000 0.0004 0.0042 0.0483 0.5588 1.0000 0.0001 0.0008 0.0092 0.1044 1.0000 1.0000 1.0000 0.1044 0.0092 0.0008 0.0001 1.0000 0.5588 0.0483 0.0042 0.0004 1.0000 1.0000 0.2519 0.0218 0.0019 0.0002 1.0000 1.0000 0.1137 0.0098 0.0008 0.0001 1.0000 0.5927 0.0513 0.0044 0.0004 1.0000 1.0000 0.2677 0.0232 0.0020 0.0002 1.0000 1.0000 0.1218 0.0106 0.0009 0.0001 1.0000 0.6631 0.0586 0.0052 0.0005 1.0000 1.0000 0.3835 0.0357 0.0034 0.0003
0.0034 0.0389 0.4122 1.0000 1.0000 0.0005 0.0052 0.0575 0.6420 1.0000 0.0001 0.0009 0.0098 0.1127 1.0000 1.0000 0.0002 0.0018 0.0212 0.2448 1.0000 1.0000 0.0003 0.0040 0.0467 0.5410 1.0000 1.0000 0.0008 0.0090 0.1036 1.0000 1.0000 0.0001 0.0017 0.0198 0.2299 1.0000 1.0000 0.0003 0.0038 0.0440 0.5101 1.0000 1.0000 0.0007 0.0084 0.0971 1.0000 1.0000 1.0000 1.0000 1.0000 0.0971 0.0084 0.0007 1.0000 1.0000 0.5101 0.0440 0.0038 0.0003 1.0000 1.0000 0.2299 0.0198 0.0017 0.0001 1.0000 1.0000 0.1036 0.0090 0.0008 1.0000 1.0000 0.5410 0.0467 0.0040 0.0003 1.0000 1.0000 0.2448 0.0212 0.0018 0.0002 1.0000 1.0000 0.1127 0.0098 0.0009 0.0001 1.0000 0.6420 0.0575 0.0052 0.0005 1.0000 1.0000 0.4122 0.0389 0.0034
0.0392 0.4499 1.0000 1.0000 0.0005 0.0054 0.0586 0.6420 1.0000 0.0001 0.0008 0.0093 0.1056 1.0000 1.0000 0.0001 0.0017 0.0194 0.2243 1.0000 1.0000 0.0003 0.0037 0.0427 0.4938 1.0000 1.0000 0.0007 0.0082 0.0946 1.0000 1.0000 0.0001 0.0016 0.0181 0.2094 1.0000 1.0000 0.0003 0.0035 0.0402 0.4647 1.0000 1.0000 0.0007 0.0077 0.0890 1.0000 1.0000 0.0001 0.0005 0.0001 1.0000 1.0000 0.0890 0.0077 0.0007 1.0000 1.0000 0.4647 0.0402 0.0035 0.0003 1.0000 1.0000 0.2094 0.0181 0.0016 0.0001 1.0000 1.0000 0.0946 0.0082 0.0007 1.0000 1.0000 0.4938 0.0427 0.0037 0.0003 1.0000 1.0000 0.2243 0.0194 0.0017 0.0001 1.0000 1.0000 0.1056 0.0093 0.0008 0.0001 1.0000 0.6420 0.0586 0.0054 0.0005 1.0000 1.0000 0.4499 0.0392
0.4533 1.0000 1.0000 0.0005 0.0057 0.0614 0.6631 1.0000 0.0001 0.0008 0.0090 0.1013 1.0000 1.0000 0.0001 0.0016 0.0180 0.2067 1.0000 1.0000 0.0003 0.0034 0.0391 0.4516 1.0000 1.0000 0.0006 0.0075 0.0862 0.9981 1.0000 0.0001 0.0014 0.0165 0.1912 1.0000 1.0000 0.0003 0.0032 0.0366 0.4241 1.0000 1.0000 0.0006 0.0070 0.0812 0.9392 1.0000 0.0001 0.0012 0.0053 0.0012 0.0001 1.0000 0.9392 0.0812 0.0070 0.0006 1.0000 1.0000 0.4241 0.0366 0.0032 0.0003 1.0000 1.0000 0.1912 0.0165 0.0014 0.0001 1.0000 0.9981 0.0862 0.0075 0.0006 1.0000 1.0000 0.4516 0.0391 0.0034 0.0003 1.0000 1.0000 0.2067 0.0180 0.0016 0.0001 1.0000 1.0000 0.1013 0.0090 0.0008 0.0001 1.0000 0.6631 0.0614 0.0057 0.0005 1.0000 1.0000 0.4533
1.0000 1.0000 0.0006 0.0062 0.0660 0.7047 1.0000 0.0001 0.0008 0.0090 0.0999 1.0000 1.0000 0.0001 0.0015 0.0168 0.1923 1.0000 1.0000 0.0003 0.0031 0.0358 0.4130 1.0000 1.0000 0.0006 0.0068 0.0788 0.9110 1.0000 0.0001 0.0013 0.0151 0.1745 1.0000 1.0000 0.0002 0.0029 0.0334 0.3864 1.0000 1.0000 0.0006 0.0064 0.0741 0.8572 1.0000 0.0001 0.0012 0.0124 0.0555 0.0124 0.0012 0.0001 1.0000 0.8572 0.0741 0.0064 0.0006 1.0000 1.0000 0.3864 0.0334 0.0029 0.0002 1.0000 1.0000 0.1745 0.0151 0.0013 0.0001 1.0000 0.9110 0.0788 0.0068 0.0006 1.0000 1.0000 0.4130 0.0358 0.0031 0.0003 1.0000 1.0000 0.1923 0.0168 0.0015 0.0001 1.0000 1.0000 0.0999 0.0090 0.0008 0.0001 1.0000 0.7047 0.0660 0.0062 0.0006 1.0000 1.0000
1.0000 0.0006 0.0068 0.0718 0.7619 1.0000 0.0001 0.0009 0.0093 0.1013 1.0000 1.0000 0.0001 0.0014 0.0160 0.1816 1.0000 1.0000 0.0002 0.0029 0.0330 0.3798 1.0000 1.0000 0.0005 0.0062 0.0721 0.8331 1.0000 0.0001 0.0012 0.0138 0.1593 1.0000 1.0000 0.0002 0.0026 0.0305 0.3527 1.0000 1.0000 0.0005 0.0058 0.0676 0.7824 1.0000 0.0001 0.0011 0.0126 0.1312 0.5860 0.1312 0.0126 0.0011 0.0001 1.0000 0.7824 0.0676 0.0058 0.0005 1.0000 1.0000 0.3527 0.0305 0.0026 0.0002 1.0000 1.0000 0.1593 0.0138 0.0012 0.0001 1.0000 0.8331 0.0721 0.0062 0.0005 1.0000 1.0000 0.3798 0.0330 0.0029 0.0002 1.0000 1.0000 0.1816 0.0160 0.0014 0.0001 1.0000 1.0000 0.1013 0.0093 0.0009 0.0001 1.0000 0.7619 0.0718 0.0068 0.0006 1.0000
0.0006 0.0075 0.0787 0.8300 1.0000 0.0001 0.0009 0.0098 0.1056 1.0000 1.0000 0.0001 0.0014 0.0156 0.1748 1.0000 1.0000 0.0002 0.0027 0.0306 0.3507 1.0000 1.0000 0.0005 0.0057 0.0659 0.7619 1.0000 0.0001 0.0011 0.0126 0.1454 1.0000 1.0000 0.0002 0.0024 0.0278 0.3219 1.0000 1.0000 0.0005 0.0053 0.0617 0.7128 1.0000 0.0001 0.0010 0.0117 0.1332 1.0000 1.0000 1.0000 0.1332 0.0117 0.0010 0.0001 1.0000 0.7128 0.0617 0.0053 0.0005 1.0000 1.0000 0.3219 0.0278 0.0024 0.0002 1.0000 1.0000 0.1454 0.0126 0.0011 0.0001 1.0000 0.7619 0.0659 0.0057 0.0005 1.0000 1.0000 0.3507 0.0306 0.0027 0.0002 1.0000 1.0000 0.1748 0.0156 0.0014 0.0001 1.0000 1.0000 0.1056 0.0098 0.0009 0.0001 1.0000 0.8300 0.0787 0.0075 0.0006
0.0075 0.0862 0.9093 1.0000 0.0001 0.0010 0.0106 0.1127 1.0000 1.0000 0.0001 0.0014 0.0156 0.1725 1.0000 1.0000 0.0002 0.0025 0.0288 0.3281 1.0000 1.0000 0.0005 0.0053 0.0605 0.6981 1.0000 0.0001 0.0010 0.0115 0.1329 1.0000 1.0000 0.0002 0.0022 0.0254 0.2938 1.0000 1.0000 0.0004 0.0049 0.0562 0.6506 1.0000 0.0001 0.0009 0.0108 0.1239 1.0000 1.0000 1.0000 1.0000 1.0000 0.1239 0.0108 0.0009 0.0001 1.0000 0.6506 0.0562 0.0049 0.0004 1.0000 1.0000 0.2938 0.0254 0.0022 0.0002 1.0000 1.0000 0.1329 0.0115 0.0010 0.0001 1.0000 0.6981 0.0605 0.0053 0.0005 1.0000 1.0000 0.3281 0.0288 0.0025 0.0002 1.0000 1.0000 0.1725 0.0156 0.0014 0.0001 1.0000 1.0000 0.1127 0.0106 0.0010 0.0001 1.0000 0.9093 0.0862 0.0075
0.0870 0.9981 1.0000 0.0001 0.0011 0.0115 0.1218 1.0000 1.0000 0.0001 0.0015 0.0160 0.1748 1.0000 1.0000 0.0002 0.0024 0.0275 0.3111 1.0000 1.0000 0.0004 0.0049 0.0560 0.6433 1.0000 0.0001 0.0009 0.0105 0.1216 1.0000 1.0000 0.0002 0.0020 0.0232 0.2682 1.0000 1.0000 0.0004 0.0044 0.0513 0.5927 1.0000 0.0001 0.0008 0.0098 0.1135 1.0000 1.0000 0.0001 0.0006 0.0001 1.0000 1.0000 0.1135 0.0098 0.0008 0.0001 1.0000 0.5927 0.0513 0.0044 0.0004 1.0000 1.0000 0.2682 0.0232 0.0020 0.0002 1.0000 1.0000 0.1216 0.0105 0.0009 0.0001 1.0000 0.6433 0.0560 0.0049 0.0004 1.0000 1.0000 0.3111 0.0275 0.0024 0.0002 1.0000 1.0000 0.1748 0.0160 0.0015 0.0001 1.0000 1.0000 0.1218 0.0115 0.0011 0.0001 1.0000 0.9981 0.0870
1.0000 1.0000 0.0001 0.0012 0.0126 0.1327 1.0000 1.0000 0.0001 0.0016 0.0168 0.1816 1.0000 1.0000 0.0002 0.0024 0.0269 0.3006 1.0000 1.0000 0.0004 0.0046 0.0522 0.5961 1.0000 0.0001 0.0008 0.0097 0.1114 1.0000 1.0000 0.0002 0.0018 0.0212 0.2453 1.0000 1.0000 0.0004 0.0041 0.0469 0.5421 1.0000 1.0000 0.0008 0.0090 0.1036 1.0000 1.0000 0.0001 0.0015 0.0067 0.0015 0.0001 1.0000 1.0000 0.1036 0.0090 0.0008 1.0000 1.0000 0.5421 0.0469 0.0041 0.0004 1.0000 1.0000 0.2453 0.0212 0.0018 0.0002 1.0000 1.0000 0.1114 0.0097 0.0008 0.0001 1.0000 0.5961 0.0522 0.0046 0.0004 1.0000 1.0000 0.3006 0.0269 0.0024 0.0002 1.0000 1.0000 0.1816 0.0168 0.0016 0.0001 1.0000 1.0000 0.1327 0.0126 0.0012 0.0001 1.0000 1.0000
1.0000 0.0001 0.0013 0.0137 0.1451 1.0000 1.0000 0.0002 0.0017 0.0180 0.1923 1.0000 1.0000 0.0002 0.0024 0.0269 0.2972 1.0000 1.0000 0.0004 0.0043 0.0492 0.5599 1.0000 1.0000 0.0008 0.0089 0.1025 1.0000 1.0000 0.0001 0.0017 0.0194 0.2243 1.0000 1.0000 0.0003 0.0037 0.0429 0.4957 1.0000 1.0000 0.0007 0.0082 0.0946 1.0000 1.0000 0.0001 0.0015 0.0159 0.0708 0.0159 0.0015 0.0001 1.0000 1.0000 0.0946 0.0082 0.0007 1.0000 1.0000 0.4957 0.0429 0.0037 0.0003 1.0000 1.0000 0.2243 0.0194 0.0017 0.0001 1.0000 1.0000 0.1025 0.0089 0.0008 1.0000 1.0000 0.5599 0.0492 0.0043 0.0004 1.0000 1.0000 0.2972 0.0269 0.0024 0.0002 1.0000 1.0000 0.1923 0.0180 0.0017 0.0002 1.0000 1.0000 0.1451 0.0137 0.0013 0.0001 1.0000
0.0001 0.0014 0.0151 0.1590 1.0000 1.0000 0.0002 0.0018 0.0194 0.2067 1.0000 1.0000 0.0002 0.0025 0.0275 0.3006 1.0000 1.0000 0.0004 0.0042 0.0472 0.5329 1.0000 1.0000 0.0007 0.0083 0.0948 1.0000 1.0000 0.0001 0.0015 0.0178 0.2055 1.0000 1.0000 0.0003 0.0034 0.0392 0.4533 1.0000 1.0000 0.0006 0.0075 0.0865 1.0000 1.0000 0.0001 0.0014 0.0161 0.1677 0.7490 0.1677 0.0161 0.0014 0.0001 1.0000 1.0000 0.0865 0.0075 0.0006 1.0000 1.0000 0.4533 0.0392 0.0034 0.0003 1.0000 1.0000 0.2055 0.0178 0.0015 0.0001 1.0000 1.0000 0.0948 0.0083 0.0007 1.0000 1.0000 0.5329 0.0472 0.0042 0.0004 1.0000 1.0000 0.3006 0.0275 0.0025 0.0002 1.0000 1.0000 0.2067 0.0194 0.0018 0.0002 1.0000 1.0000 0.1590 0.0151 0.0014 0.0001
0.0014 0.0165 0.1742 1.0000 1.0000 0.0002 0.0020 0.0212 0.2243 1.0000 1.0000 0.0002 0.0027 0.0288 0.3111 1.0000 1.0000 0.0004 0.0042 0.0462 0.5159 1.0000 1.0000 0.0007 0.0078 0.0887 1.0000 1.0000 0.0001 0.0014 0.0163 0.1883 1.0000 1.0000 0.0003 0.0031 0.0359 0.4146 1.0000 1.0000 0.0006 0.0068 0.0791 0.9145 1.0000 0.0001 0.0013 0.0150 0.1702 1.0000 1.0000 1.0000 0.1702 0.0150 0.0013 0.0001 1.0000 0.9145 0.0791 0.0068 0.0006 1.0000 1.0000 0.4146 0.0359 0.0031 0.0003 1.0000 1.0000 0.1883 0.0163 0.0014 0.0001 1.0000 1.0000 0.0887 0.0078 0.0007 1.0000 1.0000 0.5159 0.0462 0.0042 0.0004 1.0000 1.0000 0.3111 0.0288 0.0027 0.0002 1.0000 1.0000 0.2243 0.0212 0.0020 0.0002 1.0000 1.0000 0.1742 0.0165 0.0014
0.0167 0.1912 1.0000 1.0000 0.0002 0.0022 0.0232 0.2448 1.0000 1.0000 0.0003 0.0029 0.0306 0.3281 1.0000 1.0000 0.0004 0.0042 0.0462 0.5110 1.0000 1.0000 0.0007 0.0074 0.0839 0.9536 1.0000 0.0001 0.0013 0.0151 0.1735 1.0000 1.0000 0.0002 0.0028 0.0328 0.3791 1.0000 1.0000 0.0005 0.0063 0.0723 0.8363 1.0000 0.0001 0.0012 0.0138 0.1587 1.0000 1.0000 0.0001 1.0000 1.0000 0.1587 0.0138 0.0012 0.0001 1.0000 0.8363 0.0723 0.0063 0.0005 1.0000 1.0000 0.3791 0.0328 0.0028 0.0002 1.0000 1.0000 0.1735 0.0151 0.0013 0.0001 1.0000 0.9536 0.0839 0.0074 0.0007 1.0000 1.0000 0.5110 0.0462 0.0042 0.0004 1.0000 1.0000 0.3281 0.0306 0.0029 0.0003 1.0000 1.0000 0.2448 0.0232 0.0022 0.0002 1.0000 1.0000 0.1912 0.0167
0.1930 1.0000 1.0000 0.0002 0.0024 0.0253 0.2677 1.0000 1.0000 0.0003 0.0031 0.0330 0.3507 1.0000 1.0000 0.0004 0.0043 0.0472 0.5159 1.0000 1.0000 0.0006 0.0072 0.0808 0.9110 1.0000 0.0001 0.0012 0.0141 0.1611 1.0000 1.0000 0.0002 0.0026 0.0300 0.3467 1.0000 1.0000 0.0005 0.0057 0.0662 0.7648 1.0000 0.0001 0.0011 0.0126 0.1457 1.0000 1.0000 0.0002 0.0008 0.0002 1.0000 1.0000 0.1457 0.0126 0.0011 0.0001 1.0000 0.7648 0.0662 0.0057 0.0005 1.0000 1.0000 0.3467 0.0300 0.0026 0.0002 1.0000 1.0000 0.1611 0.0141 0.0012 0.0001 1.0000 0.9110 0.0808 0.0072 0.0006 1.0000 1.0000 0.5159 0.0472 0.0043 0.0004 1.0000 1.0000 0.3507 0.0330 0.0031 0.0003 1.0000 1.0000 0.2677 0.0253 0.0024 0.0002 1.0000 1.0000 0.1930
1.0000 1.0000 0.0002 0.0026 0.0278 0.2933 1.0000 1.0000 0.0003 0.0034 0.0358 0.3798 1.0000 1.0000 0.0004 0.0046 0.0492 0.5329 1.0000 1.0000 0.0006 0.0071 0.0791 0.8837 1.0000 0.0001 0.0012 0.0133 0.1510 1.0000 1.0000 0.0002 0.0024 0.0276 0.3183 1.0000 1.0000 0.0005 0.0052 0.0605 0.6994 1.0000 0.0001 0.0010 0.0115 0.1335 1.0000 1.0000 0.0002 0.0019 0.0086 0.0019 0.0002 1.0000 1.0000 0.1335 0.0115 0.0010 0.0001 1.0000 0.6994 0.0605 0.0052 0.0005 1.0000 1.0000 0.3183 0.0276 0.0024 0.0002 1.0000 1.0000 0.1510 0.0133 0.0012 0.0001 1.0000 0.8837 0.0791 0.0071 0.0006 1.0000 1.0000 0.5329 0.0492 0.0046 0.0004 1.0000 1.0000 0.3798 0.0358 0.0034 0.0003 1.0000 1.0000 0.2933 0.0278 0.0026 0.0002 1.0000 1.0000
1.0000 0.0003 0.0029 0.0304 0.3213 1.0000 1.0000 0.0003 0.0037 0.0391 0.4130 1.0000 1.0000 0.0005 0.0049 0.0522 0.5599 1.0000 1.0000 0.0007 0.0072 0.0791 0.8754 1.0000 0.0001 0.0011 0.0127 0.1432 1.0000 1.0000 0.0002 0.0022 0.0256 0.2938 1.0000 1.0000 0.0004 0.0048 0.0553 0.6396 1.0000 0.0001 0.0009 0.0106 0.1220 1.0000 1.0000 0.0002 0.0020 0.0204 0.0912 0.0204 0.0020 0.0002 1.0000 1.0000 0.1220 0.0106 0.0009 0.0001 1.0000 0.6396 0.0553 0.0048 0.0004 1.0000 1.0000 0.2938 0.0256 0.0022 0.0002 1.0000 1.0000 0.1432 0.0127 0.0011 0.0001 1.0000 0.8754 0.0791 0.0072 0.0007 1.0000 1.0000 0.5599 0.0522 0.0049 0.0005 1.0000 1.0000 0.4130 0.0391 0.0037 0.0003 1.0000 1.0000 0.3213 0.0304 0.0029 0.0003 1.0000
0.0003 0.0032 0.0334 0.3527 1.0000 1.0000 0.0004 0.0040 0.0427 0.4516 1.0000 1.0000 0.0005 0.0053 0.0560 0.5961 1.0000 1.0000 0.0007 0.0074 0.0808 0.8837 1.0000 0.0001 0.0011 0.0123 0.1381 1.0000 1.0000 0.0002 0.0021 0.0239 0.2733 1.0000 1.0000 0.0004 0.0044 0.0508 0.5860 1.0000 0.0001 0.0008 0.0097 0.1116 1.0000 1.0000 0.0002 0.0018 0.0208 0.2159 0.9645 0.2159 0.0208 0.0018 0.0002 1.0000 1.0000 0.1116 0.0097 0.0008 0.0001 1.0000 0.5860 0.0508 0.0044 0.0004 1.0000 1.0000 0.2733 0.0239 0.0021 0.0002 1.0000 1.0000 0.1381 0.0123 0.0011 0.0001 1.0000 0.8837 0.0808 0.0074 0.0007 1.0000 1.0000 0.5961 0.0560 0.0053 0.0005 1.0000 1.0000 0.4516 0.0427 0.0040 0.0004 1.0000 1.0000 0.3527 0.0334 0.0032 0.0003
0.0032 0.0366 0.3864 1.0000 1.0000 0.0004 0.0044 0.0467 0.4938 1.0000 1.0000 0.0005 0.0057 0.0605 0.6433 1.0000 1.0000 0.0007 0.0078 0.0839 0.9110 1.0000 0.0001 0.0011 0.0122 0.1355 1.0000 1.0000 0.0002 0.0020 0.0226 0.2567 1.0000 1.0000 0.0004 0.0041 0.0468 0.5380 1.0000 1.0000 0.0008 0.0088 0.1021 1.0000 1.0000 0.0001 0.0017 0.0194 0.2196 1.0000 1.0000 1.0000 0.2196 0.0194 0.0017 0.0001 1.0000 1.0000 0.1021 0.0088 0.0008 1.0000 1.0000 0.5380 0.0468 0.0041 0.0004 1.0000 1.0000 0.2567 0.0226 0.0020 0.0002 1.0000 1.0000 0.1355 0.0122 0.0011 0.0001 1.0000 0.9110 0.0839 0.0078 0.0007 1.0000 1.0000 0.6433 0.0605 0.0057 0.0005 1.0000 1.0000 0.4938 0.0467 0.0044 0.0004 1.0000 1.0000 0.3864 0.0366 0.0032
0.0370 0.4241 1.0000 1.0000 0.0005 0.0049 0.0513 0.5410 1.0000 1.0000 0.0006 0.0062 0.0659 0.6981 1.0000 0.0001 0.0008 0.0083 0.0887 0.9536 1.0000 0.0001 0.0011 0.0123 0.1355 1.0000 1.0000 0.0002 0.0019 0.0216 0.2443 1.0000 1.0000 0.0003 0.0038 0.0434 0.4976 1.0000 1.0000 0.0007 0.0081 0.0933 1.0000 1.0000 0.0001 0.0015 0.0178 0.2047 1.0000 1.0000 0.0001 1.0000 1.0000 0.2047 0.0178 0.0015 0.0001 1.0000 1.0000 0.0933 0.0081 0.0007 1.0000 1.0000 0.4976 0.0434 0.0038 0.0003 1.0000 1.0000 0.2443 0.0216 0.0019 0.0002 1.0000 1.0000 0.1355 0.0123 0.0011 0.0001 1.0000 0.9536 0.0887 0.0083 0.0008 0.0001 1.0000 0.6981 0.0659 0.0062 0.0006 1.0000 1.0000 0.5410 0.0513 0.0049 0.0005 1.0000 1.0000 0.4241 0.0370
0.4274 1.0000 1.0000 0.0005 0.0053 0.0562 0.5927 1.0000 1.0000 0.0006 0.0068 0.0721 0.7619 1.0000 0.0001 0.0008 0.0089 0.0948 1.0000 1.0000 0.0001 0.0012 0.0127 0.1381 1.0000 1.0000 0.0002 0.0019 0.0211 0.2361 1.0000 1.0000 0.0003 0.0036 0.0407 0.4638 1.0000 1.0000 0.0006 0.0075 0.0858 0.9887 1.0000 0.0001 0.0014 0.0163 0.1879 1.0000 1.0000 0.0002 0.0011 0.0002 1.0000 1.0000 0.1879 0.0163 0.0014 0.0001 1.0000 0.9887 0.0858 0.0075 0.0006 1.0000 1.0000 0.4638 0.0407 0.0036 0.0003 1.0000 1.0000 0.2361 0.0211 0.0019 0.0002 1.0000 1.0000 0.1381 0.0127 0.0012 0.0001 1.0000 1.0000 0.0948 0.0089 0.0008 0.0001 1.0000 0.7619 0.0721 0.0068 0.0006 1.0000 1.0000 0.5927 0.0562 0.0053 0.0005 1.0000 1.0000 0.4274
1.0000 1.0000 0.0006 0.0058 0.0617 0.6506 1.0000 1.0000 0.0007 0.0075 0.0788 0.8331 1.0000 0.0001 0.0009 0.0097 0.1025 1.0000 1.0000 0.0001 0.0012 0.0133 0.1432 1.0000 1.0000 0.0002 0.0019 0.0209 0.2317 1.0000 1.0000 0.0003 0.0034 0.0385 0.4364 1.0000 1.0000 0.0006 0.0069 0.0793 0.9110 1.0000 0.0001 0.0013 0.0149 0.1722 1.0000 1.0000 0.0002 0.0025 0.0111 0.0025 0.0002 1.0000 1.0000 0.1722 0.0149 0.0013 0.0001 1.0000 0.9110 0.0793 0.0069 0.0006 1.0000 1.0000 0.4364 0.0385 0.0034 0.0003 1.0000 1.0000 0.2317 0.0209 0.0019 0.0002 1.0000 1.0000 0.1432 0.0133 0.0012 0.0001 1.0000 1.0000 0.1025 0.0097 0.0009 0.0001 1.0000 0.8331 0.0788 0.0075 0.0007 1.0000 1.0000 0.6506 0.0617 0.0058 0.0006 1.0000 1.0000
1.0000 0.0006 0.0064 0.0676 0.7128 1.0000 0.0001 0.0008 0.0082 0.0862 0.9110 1.0000 0.0001 0.0010 0.0105 0.1114 1.0000 1.0000 0.0001 0.0013 0.0141 0.1510 1.0000 1.0000 0.0002 0.0019 0.0211 0.2317 1.0000 1.0000 0.0003 0.0033 0.0369 0.4161 1.0000 1.0000 0.0006 0.0064 0.0736 0.8443 1.0000 0.0001 0.0012 0.0137 0.1578 1.0000 1.0000 0.0002 0.0025 0.0264 0.1177 0.0264 0.0025 0.0002 1.0000 1.0000 0.1578 0.0137 0.0012 0.0001 1.0000 0.8443 0.0736 0.0064 0.0006 1.0000 1.0000 0.4161 0.0369 0.0033 0.0003 1.0000 1.0000 0.2317 0.0211 0.0019 0.0002 1.0000 1.0000 0.1510 0.0141 0.0013 0.0001 1.0000 1.0000 0.1114 0.0105 0.0010 0.0001 1.0000 0.9110 0.0862 0.0082 0.0008 0.0001 1.0000 0.7128 0.0676 0.0064 0.0006 1.0000
0.0006 0.0070 0.0740 0.7810 1.0000 0.0001 0.0008 0.0090 0.0946 0.9981 1.0000 0.0001 0.0011 0.0115 0.1216 1.0000 1.0000 0.0001 0.0014 0.0151 0.1611 1.0000 1.0000 0.0002 0.0020 0.0216 0.2361 1.0000 1.0000 0.0003 0.0032 0.0359 0.4021 1.0000 1.0000 0.0005 0.0061 0.0690 0.7884 1.0000 0.0001 0.0011 0.0126 0.1451 1.0000 1.0000 0.0002 0.0024 0.0268 0.2786 1.0000 0.2786 0.0268 0.0024 0.0002 1.0000 1.0000 0.1451 0.0126 0.0011 0.0001 1.0000 0.7884 0.0690 0.0061 0.0005 1.0000 1.0000 0.4021 0.0359 0.0032 0.0003 1.0000 1.0000 0.2361 0.0216 0.0020 0.0002 1.0000 1.0000 0.1611 0.0151 0.0014 0.0001 1.0000 1.0000 0.1216 0.0115 0.0011 0.0001 1.0000 0.9981 0.0946 0.0090 0.0008 0.0001 1.0000 0.7810 0.0740 0.0070 0.0006
0.0071 0.0812 0.8572 1.0000 0.0001 0.0009 0.0098 0.1036 1.0000 1.0000 0.0001 0.0012 0.0126 0.1329 1.0000 1.0000 0.0001 0.0015 0.0163 0.1735 1.0000 1.0000 0.0002 0.0021 0.0226 0.2443 1.0000 1.0000 0.0003 0.0032 0.0357 0.3953 1.0000 1.0000 0.0005 0.0058 0.0654 0.7433 1.0000 0.0001 0.0010 0.0117 0.1340 1.0000 1.0000 0.0002 0.0022 0.0250 0.2834 1.0000 1.0000 1.0000 0.2834 0.0250 0.0022 0.0002 1.0000 1.0000 0.1340 0.0117 0.0010 0.0001 1.0000 0.7433 0.0654 0.0058 0.0005 1.0000 1.0000 0.3953 0.0357 0.0032 0.0003 1.0000 1.0000 0.2443 0.0226 0.0021 0.0002 1.0000 1.0000 0.1735 0.0163 0.0015 0.0001 1.0000 1.0000 0.1329 0.0126 0.0012 0.0001 1.0000 1.0000 0.1036 0.0098 0.0009 0.0001 1.0000 0.8572 0.0812 0.0071
0.0820 0.9392 1.0000 0.0001 0.0010 0.0108 0.1137 1.0000 1.0000 0.0001 0.0013 0.0138 0.1454 1.0000 1.0000 0.0002 0.0017 0.0178 0.1883 1.0000 1.0000 0.0002 0.0022 0.0239 0.2567 1.0000 1.0000 0.0003 0.0033 0.0359 0.3953 1.0000 1.0000 0.0005 0.0056 0.0630 0.7088 1.0000 0.0001 0.0010 0.0109 0.1249 1.0000 1.0000 0.0002 0.0020 0.0231 0.2651 1.0000 1.0000 0.0001 1.0000 1.0000 0.2651 0.0231 0.0020 0.0002 1.0000 1.0000 0.1249 0.0109 0.0010 0.0001 1.0000 0.7088 0.0630 0.0056 0.0005 1.0000 1.0000 0.3953 0.0359 0.0033 0.0003 1.0000 1.0000 0.2567 0.0239 0.0022 0.0002 1.0000 1.0000 0.1883 0.0178 0.0017 0.0002 1.0000 1.0000 0.1454 0.0138 0.0013 0.0001 1.0000 1.0000 0.1137 0.0108 0.0010 0.0001 1.0000 0.9392 0.0820
0.9481 1.0000 0.0001 0.0011 0.0118 0.1246 1.0000 1.0000 0.0001 0.0014 0.0151 0.1593 1.0000 1.0000 0.0002 0.0018 0.0194 0.2055 1.0000 1.0000 0.0002 0.0024 0.0256 0.2733 1.0000 1.0000 0.0003 0.0034 0.0369 0.4021 1.0000 1.0000 0.0005 0.0055 0.0613 0.6875 1.0000 0.0001 0.0009 0.0103 0.1173 1.0000 1.0000 0.0002 0.0019 0.0213 0.2448 1.0000 1.0000 0.0003 0.0014 0.0003 1.0000 1.0000 0.2448 0.0213 0.0019 0.0002 1.0000 1.0000 0.1173 0.0103 0.0009 0.0001 1.0000 0.6875 0.0613 0.0055 0.0005 1.0000 1.0000 0.4021 0.0369 0.0034 0.0003 1.0000 1.0000 0.2733 0.0256 0.0024 0.0002 1.0000 1.0000 0.2055 0.0194 0.0018 0.0002 1.0000 1.0000 0.1593 0.0151 0.0014 0.0001 1.0000 1.0000 0.1246 0.0118 0.0011 0.0001 1.0000 0.9481
1.0000 0.0001 0.0012 0.0129 0.1365 1.0000 1.0000 0.0001 0.0016 0.0165 0.1745 1.0000 1.0000 0.0002 0.0020 0.0212 0.2243 1.0000 1.0000 0.0002 0.0026 0.0276 0.2938 1.0000 1.0000 0.0003 0.0036 0.0385 0.4161 1.0000 1.0000 0.0005 0.0055 0.0608 0.6759 1.0000 0.0001 0.0009 0.0099 0.1114 1.0000 1.0000 0.0002 0.0017 0.0198 0.2269 1.0000 1.0000 0.0003 0.0032 0.0144 0.0032 0.0003 1.0000 1.0000 0.2269 0.0198 0.0017 0.0002 1.0000 1.0000 0.1114 0.0099 0.0009 0.0001 1.0000 0.6759 0.0608 0.0055 0.0005 1.0000 1.0000 0.4161 0.0385 0.0036 0.0003 1.0000 1.0000 0.2938 0.0276 0.0026 0.0002 1.0000 1.0000 0.2243 0.0212 0.0020 0.0002 1.0000 1.0000 0.1745 0.0165 0.0016 0.0001 1.0000 1.0000 0.1365 0.0129 0.0012 0.0001 1.0000
0.0001 0.0013 0.0142 0.1499 1.0000 1.0000 0.0002 0.0017 0.0181 0.1912 1.0000 1.0000 0.0002 0.0022 0.0232 0.2453 1.0000 1.0000 0.0003 0.0028 0.0300 0.3183 1.0000 1.0000 0.0004 0.0038 0.0407 0.4364 1.0000 1.0000 0.0005 0.0056 0.0613 0.6759 1.0000 0.0001 0.0009 0.0095 0.1072 1.0000 1.0000 0.0001 0.0016 0.0185 0.2119 1.0000 1.0000 0.0003 0.0033 0.0343 0.1527 0.0343 0.0033 0.0003 1.0000 1.0000 0.2119 0.0185 0.0016 0.0001 1.0000 1.0000 0.1072 0.0095 0.0009 0.0001 1.0000 0.6759 0.0613 0.0056 0.0005 1.0000 1.0000 0.4364 0.0407 0.0038 0.0004 1.0000 1.0000 0.3183 0.0300 0.0028 0.0003 1.0000 1.0000 0.2453 0.0232 0.0022 0.0002 1.0000 1.0000 0.1912 0.0181 0.0017 0.0002 1.0000 1.0000 0.1499 0.0142 0.0013 0.0001
0.0014 0.0156 0.1642 1.0000 1.0000 0.0002 0.0019 0.0198 0.2094 1.0000 1.0000 0.0002 0.0024 0.0254 0.2682 1.0000 1.0000 0.0003 0.0031 0.0328 0.3467 1.0000 1.0000 0.0004 0.0041 0.0434 0.4638 1.0000 1.0000 0.0005 0.0058 0.0630 0.6875 1.0000 0.0001 0.0008 0.0094 0.1046 1.0000 1.0000 0.0001 0.0015 0.0175 0.1990 1.0000 1.0000 0.0003 0.0031 0.0352 0.3643 1.0000 0.3643 0.0352 0.0031 0.0003 1.0000 1.0000 0.1990 0.0175 0.0015 0.0001 1.0000 1.0000 0.1046 0.0094 0.0008 0.0001 1.0000 0.6875 0.0630 0.0058 0.0005 1.0000 1.0000 0.4638 0.0434 0.0041 0.0004 1.0000 1.0000 0.3467 0.0328 0.0031 0.0003 1.0000 1.0000 0.2682 0.0254 0.0024 0.0002 1.0000 1.0000 0.2094 0.0198 0.0019 0.0002 1.0000 1.0000 0.1642 0.0156 0.0014
0.0157 0.1802 1.0000 1.0000 0.0002 0.0021 0.0218 0.2299 1.0000 1.0000 0.0002 0.0026 0.0278 0.2938 1.0000 1.0000 0.0003 0.0034 0.0359 0.3791 1.0000 1.0000 0.0004 0.0044 0.0468 0.4976 1.0000 1.0000 0.0006 0.0061 0.0654 0.7088 1.0000 0.0001 0.0009 0.0094 0.1038 1.0000 1.0000 0.0001 0.0015 0.0168 0.1894 1.0000 1.0000 0.0003 0.0029 0.0334 0.3755 1.0000 1.0000 1.0000 0.3755 0.0334 0.0029 0.0003 1.0000 1.0000 0.1894 0.0168 0.0015 0.0001 1.0000 1.0000 0.1038 0.0094 0.0009 0.0001 1.0000 0.7088 0.0654 0.0061 0.0006 1.0000 1.0000 0.4976 0.0468 0.0044 0.0004 1.0000 1.0000 0.3791 0.0359 0.0034 0.0003 1.0000 1.0000 0.2938 0.0278 0.0026 0.0002 1.0000 1.0000 0.2299 0.0218 0.0021 0.0002 1.0000 1.0000 0.1802 0.0157
0.1816 1.0000 1.0000 0.0002 0.0023 0.0239 0.2519 1.0000 1.0000 0.0003 0.0029 0.0305 0.3219 1.0000 1.0000 0.0004 0.0037 0.0392 0.4146 1.0000 1.0000 0.0005 0.0048 0.0508 0.5380 1.0000 1.0000 0.0006 0.0064 0.0690 0.7433 1.0000 0.0001 0.0009 0.0095 0.1046 1.0000 1.0000 0.0001 0.0015 0.0163 0.1823 1.0000 1.0000 0.0002 0.0028 0.0314 0.3574 1.0000 1.0000 0.0002 1.0000 1.0000 0.3574 0.0314 0.0028 0.0002 1.0000 1.0000 0.1823 0.0163 0.0015 0.0001 1.0000 1.0000 0.1046 0.0095 0.0009 0.0001 1.0000 0.7433 0.0690 0.0064 0.0006 1.0000 1.0000 0.5380 0.0508 0.0048 0.0005 1.0000 1.0000 0.4146 0.0392 0.0037 0.0004 1.0000 1.0000 0.3219 0.0305 0.0029 0.0003 1.0000 1.0000 0.2519 0.0239 0.0023 0.0002 1.0000 1.0000 0.1816
1.0000 1.0000 0.0002 0.0025 0.0262 0.2765 1.0000 1.0000 0.0003 0.0032 0.0334 0.3527 1.0000 1.0000 0.0004 0.0041 0.0429 0.4533 1.0000 1.0000 0.0005 0.0052 0.0553 0.5860 1.0000 1.0000 0.0006 0.0069 0.0736 0.7884 1.0000 0.0001 0.0009 0.0099 0.1072 1.0000 1.0000 0.0001 0.0014 0.0160 0.1782 1.0000 1.0000 0.0002 0.0026 0.0298 0.3376 1.0000 1.0000 0.0004 0.0018 0.0004 1.0000 1.0000 0.3376 0.0298 0.0026 0.0002 1.0000 1.0000 0.1782 0.0160 0.0014 0.0001 1.0000 1.0000 0.1072 0.0099 0.0009 0.0001 1.0000 0.7884 0.0736 0.0069 0.0006 1.0000 1.0000 0.5860 0.0553 0.0052 0.0005 1.0000 1.0000 0.4533 0.0429 0.0041 0.0004 1.0000 1.0000 0.3527 0.0334 0.0032 0.0003 1.0000 1.0000 0.2765 0.0262 0.0025 0.0002 1.0000 1.0000
1.0000 0.0003 0.0027 0.0287 0.3029 1.0000 1.0000 0.0003 0.0035 0.0366 0.3864 1.0000 1.0000 0.0004 0.0044 0.0469 0.4957 1.0000 1.0000 0.0005 0.0057 0.0605 0.6396 1.0000 1.0000 0.0007 0.0075 0.0793 0.8443 1.0000 0.0001 0.0010 0.0103 0.1114 1.0000 1.0000 0.0001 0.0015 0.0160 0.1768 1.0000 1.0000 0.0002 0.0025 0.0285 0.3219 1.0000 1.0000 0.0004 0.0044 0.0194 0.0044 0.0004 1.0000 1.0000 0.3219 0.0285 0.0025 0.0002 1.0000 1.0000 0.1768 0.0160 0.0015 0.0001 1.0000 1.0000 0.1114 0.0103 0.0010 0.0001 1.0000 0.8443 0.0793 0.0075 0.0007 1.0000 1.0000 0.6396 0.0605 0.0057 0.0005 1.0000 1.0000 0.4957 0.0469 0.0044 0.0004 1.0000 1.0000 0.3864 0.0366 0.0035 0.0003 1.0000 1.0000 0.3029 0.0287 0.0027 0.0003 1.0000
0.0003 0.0030 0.0315 0.3325 1.0000 1.0000 0.0004 0.0038 0.0402 0.4241 1.0000 1.0000 0.0005 0.0049 0.0513 0.5421 1.0000 1.0000 0.0006 0.0063 0.0662 0.6994 1.0000 0.0001 0.0008 0.0081 0.0858 0.9110 1.0000 0.0001 0.0010 0.0109 0.1173 1.0000 1.0000 0.0001 0.0015 0.0163 0.1782 1.0000 1.0000 0.0002 0.0025 0.0276 0.3099 1.0000 1.0000 0.0004 0.0046 0.0470 0.2083 0.0470 0.0046 0.0004 1.0000 1.0000 0.3099 0.0276 0.0025 0.0002 1.0000 1.0000 0.1782 0.0163 0.0015 0.0001 1.0000 1.0000 0.1173 0.0109 0.0010 0.0001 1.0000 0.9110 0.0858 0.0081 0.0008 0.0001 1.0000 0.6994 0.0662 0.0063 0.0006 1.0000 1.0000 0.5421 0.0513 0.0049 0.0005 1.0000 1.0000 0.4241 0.0402 0.0038 0.0004 1.0000 1.0000 0.3325 0.0315 0.0030 0.0003
0.0030 0.0345 0.3643 1.0000 1.0000 0.0004 0.0042 0.0440 0.4647 1.0000 1.0000 0.0005 0.0053 0.0562 0.5927 1.0000 1.0000 0.0006 0.0068 0.0723 0.7648 1.0000 0.0001 0.0008 0.0088 0.0933 0.9887 1.0000 0.0001 0.0011 0.0117 0.1249 1.0000 1.0000 0.0001 0.0015 0.0168 0.1823 1.0000 1.0000 0.0002 0.0025 0.0272 0.3029 1.0000 1.0000 0.0004 0.0044 0.0494 0.5052 1.0000 0.5052 0.0494 0.0044 0.0004 1.0000 1.0000 0.3029 0.0272 0.0025 0.0002 1.0000 1.0000 0.1823 0.0168 0.0015 0.0001 1.0000 1.0000 0.1249 0.0117 0.0011 0.0001 1.0000 0.9887 0.0933 0.0088 0.0008 0.0001 1.0000 0.7648 0.0723 0.0068 0.0006 1.0000 1.0000 0.5927 0.0562 0.0053 0.0005 1.0000 1.0000 0.4647 0.0440 0.0042 0.0004 1.0000 1.0000 0.3643 0.0345 0.0030
0.0349 0.3998 1.0000 1.0000 0.0004 0.0046 0.0483 0.5101 1.0000 1.0000 0.0006 0.0058 0.0617 0.6506 1.0000 1.0000 0.0007 0.0075 0.0791 0.8363 1.0000 0.0001 0.0009 0.0097 0.1021 1.0000 1.0000 0.0001 0.0012 0.0126 0.1340 1.0000 1.0000 0.0002 0.0016 0.0175 0.1894 1.0000 1.0000 0.0002 0.0025 0.0272 0.3006 1.0000 1.0000 0.0004 0.0043 0.0482 0.5339 1.0000 1.0000 1.0000 0.5339 0.0482 0.0043 0.0004 1.0000 1.0000 0.3006 0.0272 0.0025 0.0002 1.0000 1.0000 0.1894 0.0175 0.0016 0.0002 1.0000 1.0000 0.1340 0.0126 0.0012 0.0001 1.0000 1.0000 0.1021 0.0097 0.0009 0.0001 1.0000 0.8363 0.0791 0.0075 0.0007 1.0000 1.0000 0.6506 0.0617 0.0058 0.0006 1.0000 1.0000 0.5101 0.0483 0.0046 0.0004 1.0000 1.0000 0.3998 0.0349
0.4029 1.0000 1.0000 0.0005 0.0050 0.0530 0.5588 1.0000 1.0000 0.0006 0.0064 0.0676 0.7128 1.0000 0.0001 0.0008 0.0082 0.0865 0.9145 1.0000 0.0001 0.0010 0.0106 0.1116 1.0000 1.0000 0.0001 0.0013 0.0137 0.1451 1.0000 1.0000 0.0002 0.0017 0.0185 0.1990 1.0000 1.0000 0.0002 0.0025 0.0276 0.3029 1.0000 1.0000 0.0004 0.0042 0.0470 0.5248 1.0000 1.0000 0.0002 1.0000 1.0000 0.5248 0.0470 0.0042 0.0004 1.0000 1.0000 0.3029 0.0276 0.0025 0.0002 1.0000 1.0000 0.1990 0.0185 0.0017 0.0002 1.0000 1.0000 0.1451 0.0137 0.0013 0.0001 1.0000 1.0000 0.1116 0.0106 0.0010 0.0001 1.0000 0.9145 0.0865 0.0082 0.0008 0.0001 1.0000 0.7128 0.0676 0.0064 0.0006 1.0000 1.0000 0.5588 0.0530 0.0050 0.0005 1.0000 1.0000 0.4029
1.0000 1.0000 0.0005 0.0055 0.0581 0.6134 1.0000 1.0000 0.0007 0.0070 0.0741 0.7824 1.0000 0.0001 0.0008 0.0090 0.0946 1.0000 1.0000 0.0001 0.0011 0.0115 0.1220 1.0000 1.0000 0.0001 0.0014 0.0149 0.1578 1.0000 1.0000 0.0002 0.0019 0.0198 0.2119 1.0000 1.0000 0.0002 0.0026 0.0285 0.3099 1.0000 1.0000 0.0004 0.0042 0.0463 0.5149 1.0000 1.0000 0.0006 0.0026 0.0006 1.0000 1.0000 0.5149 0.0463 0.0042 0.0004 1.0000 1.0000 0.3099 0.0285 0.0026 0.0002 1.0000 1.0000 0.2119 0.0198 0.0019 0.0002 1.0000 1.0000 0.1578 0.0149 0.0014 0.0001 1.0000 1.0000 0.1220 0.0115 0.0011 0.0001 1.0000 1.0000 0.0946 0.0090 0.0008 0.0001 1.0000 0.7824 0.0741 0.0070 0.0007 1.0000 1.0000 0.6134 0.0581 0.0055 0.0005 1.0000 1.0000
1.0000 0.0006 0.0060 0.0637 0.6720 1.0000 0.0001 0.0007 0.0077 0.0812 0.8572 1.0000 0.0001 0.0009 0.0098 0.1036 1.0000 1.0000 0.0001 0.0012 0.0126 0.1335 1.0000 1.0000 0.0001 0.0015 0.0163 0.1722 1.0000 1.0000 0.0002 0.0020 0.0213 0.2269 1.0000 1.0000 0.0003 0.0028 0.0298 0.3219 1.0000 1.0000 0.0004 0.0042 0.0463 0.5110 1.0000 1.0000 0.0006 0.0065 0.0285 0.0065 0.0006 1.0000 1.0000 0.5110 0.0463 0.0042 0.0004 1.0000 1.0000 0.3219 0.0298 0.0028 0.0003 1.0000 1.0000 0.2269 0.0213 0.0020 0.0002 1.0000 1.0000 0.1722 0.0163 0.0015 0.0001 1.0000 1.0000 0.1335 0.0126 0.0012 0.0001 1.0000 1.0000 0.1036 0.0098 0.0009 0.0001 1.0000 0.8572 0.0812 0.0077 0.0007 0.0001 1.0000 0.6720 0.0637 0.0060 0.0006 1.0000
0.0006 0.0066 0.0698 0.7362 1.0000 0.0001 0.0008 0.0084 0.0890 0.9392 1.0000 0.0001 0.0010 0.0108 0.1135 1.0000 1.0000 0.0001 0.0013 0.0138 0.1457 1.0000 1.0000 0.0002 0.0017 0.0178 0.1879 1.0000 1.0000 0.0002 0.0022 0.0231 0.2448 1.0000 1.0000 0.0003 0.0029 0.0314 0.3376 1.0000 1.0000 0.0004 0.0043 0.0470 0.5149 1.0000 1.0000 0.0006 0.0070 0.0707 0.3117 0.0707 0.0070 0.0006 1.0000 1.0000 0.5149 0.0470 0.0043 0.0004 1.0000 1.0000 0.3376 0.0314 0.0029 0.0003 1.0000 1.0000 0.2448 0.0231 0.0022 0.0002 1.0000 1.0000 0.1879 0.0178 0.0017 0.0002 1.0000 1.0000 0.1457 0.0138 0.0013 0.0001 1.0000 1.0000 0.1135 0.0108 0.0010 0.0001 1.0000 0.9392 0.0890 0.0084 0.0008 0.0001 1.0000 0.7362 0.0698 0.0066 0.0006
0.0066 0.0763 0.8036 1.0000 0.0001 0.0009 0.0092 0.0971 1.0000 1.0000 0.0001 0.0011 0.0117 0.1239 1.0000 1.0000 0.0001 0.0014 0.0150 0.1587 1.0000 1.0000 0.0002 0.0018 0.0194 0.2047 1.0000 1.0000 0.0002 0.0024 0.0250 0.2651 1.0000 1.0000 0.0003 0.0031 0.0334 0.3574 1.0000 1.0000 0.0004 0.0044 0.0482 0.5248 1.0000 1.0000 0.0006 0.0070 0.0769 0.7736 1.0000 0.7736 0.0769 0.0070 0.0006 1.0000 1.0000 0.5248 0.0482 0.0044 0.0004 1.0000 1.0000 0.3574 0.0334 0.0031 0.0003 1.0000 1.0000 0.2651 0.0250 0.0024 0.0002 1.0000 1.0000 0.2047 0.0194 0.0018 0.0002 1.0000 1.0000 0.1587 0.0150 0.0014 0.0001 1.0000 1.0000 0.1239 0.0117 0.0011 0.0001 1.0000 1.0000 0.0971 0.0092 0.0009 0.0001 1.0000 0.8036 0.0763 0.0066
0.0751 0.8638 1.0000 0.0001 0.0009 0.0099 0.1044 1.0000 1.0000 0.0001 0.0012 0.0126 0.1332 1.0000 1.0000 0.0001 0.0015 0.0161 0.1702 1.0000 1.0000 0.0002 0.0020 0.0208 0.2196 1.0000 1.0000 0.0002 0.0025 0.0268 0.2834 1.0000 1.0000 0.0003 0.0033 0.0352 0.3755 1.0000 1.0000 0.0004 0.0046 0.0494 0.5339 1.0000 1.0000 0.0006 0.0070 0.0769 0.8347 1.0000 1.0000 1.0000 0.8347 0.0769 0.0070 0.0006 1.0000 1.0000 0.5339 0.0494 0.0046 0.0004 1.0000 1.0000 0.3755 0.0352 0.0033 0.0003 1.0000 1.0000 0.2834 0.0268 0.0025 0.0002 1.0000 1.0000 0.2196 0.0208 0.0020 0.0002 1.0000 1.0000 0.1702 0.0161 0.0015 0.0001 1.0000 1.0000 0.1332 0.0126 0.0012 0.0001 1.0000 1.0000 0.1044 0.0099 0.0009 0.0001 1.0000 0.8638 0.0751
0.7765 1.0000 0.0001 0.0009 0.0097 0.1028 1.0000 1.0000 0.0001 0.0012 0.0124 0.1312 1.0000 1.0000 0.0001 0.0015 0.0159 0.1677 1.0000 1.0000 0.0002 0.0019 0.0204 0.2159 1.0000 1.0000 0.0002 0.0025 0.0264 0.2786 1.0000 1.0000 0.0003 0.0032 0.0343 0.3643 1.0000 1.0000 0.0004 0.0044 0.0470 0.5052 1.0000 1.0000 0.0006 0.0065 0.0707 0.7736 1.0000 0.0001 0.0003 0.0001 1.0000 0.7736 0.0707 0.0065 0.0006 1.0000 1.0000 0.5052 0.0470 0.0044 0.0004 1.0000 1.0000 0.3643 0.0343 0.0032 0.0003 1.0000 1.0000 0.2786 0.0264 0.0025 0.0002 1.0000 1.0000 0.2159 0.0204 0.0019 0.0002 1.0000 1.0000 0.1677 0.0159 0.0015 0.0001 1.0000 1.0000 0.1312 0.0124 0.0012 0.0001 1.0000 1.0000 0.1028 0.0097 0.0009 0.0001 1.0000 0.7765
1.0000 1.0000 0.0004 0.0041 0.0435 0.4594 1.0000 1.0000 0.0005 0.0053 0.0555 0.5860 1.0000 1.0000 0.0006 0.0067 0.0708 0.7490 1.0000 0.0001 0.0008 0.0086 0.0912 0.9645 1.0000 0.0001 0.0011 0.0111 0.1177 1.0000 1.0000 0.0001 0.0014 0.0144 0.1527 1.0000 1.0000 0.0002 0.0018 0.0194 0.2083 1.0000 1.0000 0.0002 0.0026 0.0285 0.3117 1.0000 1.0000 0.0003 0.0014 0.0003 1.0000 1.0000 0.3117 0.0285 0.0026 0.0002 1.0000 1.0000 0.2083 0.0194 0.0018 0.0002 1.0000 1.0000 0.1527 0.0144 0.0014 0.0001 1.0000 1.0000 0.1177 0.0111 0.0011 0.0001 1.0000 0.9645 0.0912 0.0086 0.0008 0.0001 1.0000 0.7490 0.0708 0.0067 0.0006 1.0000 1.0000 0.5860 0.0555 0.0053 0.0005 1.0000 1.0000 0.4594 0.0435 0.0041 0.0004 1.0000 1.0000
0.7765 1.0000 0.0001 0.0009 0.0097 0.1028 1.0000 1.0000 0.0001 0.0012 0.0124 0.1312 1.0000 1.0000 0.0001 0.0015 0.0159 0.1677 1.0000 1.0000 0.0002 0.0019 0.0204 0.2159 1.0000 1.0000 0.0002 0.0025 0.0264 0.2786 1.0000 1.0000 0.0003 0.0032 0.0343 0.3643 1.0000 1.0000 0.0004 0.0044 0.0470 0.5052 1.0000 1.0000 0.0006 0.0065 0.0707 0.7736 1.0000 0.0001 0.0003 0.0001 1.0000 0.7736 0.0707 0.0065 0.0006 1.0000 1.0000 0.5052 0.0470 0.0044 0.0004 1.0000 1.0000 0.3643 0.0343 0.0032 0.0003 1.0000 1.0000 0.2786 0.0264 0.0025 0.0002 1.0000 1.0000 0.2159 0.0204 0.0019 0.0002 1.0000 1.0000 0.1677 0.0159 0.0015 0.0001 1.0000 1.0000 0.1312 0.0124 0.0012 0.0001 1.0000 1.0000 0.1028 0.0097 0.0009 0.0001 1.0000 0.7765
0.0751 0.8638 1.0000 0.0001 0.0009 0.0099 0.1044 1.0000 1.0000 0.0001 0.0012 0.0126 0.1332 1.0000 1.0000 0.0001 0.0015 0.0161 0.1702 1.0000 1.0000 0.0002 0.0020 0.0208 0.2196 1.0000 1.0000 0.0002 0.0025 0.0268 0.2834 1.0000 1.0000 0.0003 0.0033 0.0352 0.3755 1.0000 1.0000 0.0004 0.0046 0.0494 0.5339 1.0000 1.0000 0.0006 0.0070 0.0769 0.8347 1.0000 1.0000 1.0000 0.8347 0.0769 0.0070 0.0006 1.0000 1.0000 0.5339 0.0494 0.0046 0.0004 1.0000 1.0000 0.3755 0.0352 0.0033 0.0003 1.0000 1.0000 0.2834 0.0268 0.0025 0.0002 1.0000 1.0000 0.2196 0.0208 0.0020 0.0002 1.0000 1.0000 0.1702 0.0161 0.0015 0.0001 1.0000 1.0000 0.1332 0.0126 0.0012 0.0001 1.0000 1.0000 0.1044 0.0099 0.0009 0.0001 1.0000 0.8638 0.0751
0.0066 0.0763 0.8036 1.0000 0.0001 0.0009 0.0092 0.0971 1.0000 1.0000 0.0001 0.0011 0.0117 0.1239 1.0000 1.0000 0.0001 0.0014 0.0150 0.1587 1.0000 1.0000 0.0002 0.0018 0.0194 0.2047 1.0000 1.0000 0.0002 0.0024 0.0250 0.2651 1.0000 1.0000 0.0003 0.0031 0.0334 0.3574 1.0000 1.0000 0.0004 0.0044 0.0482 0.5248 1.0000 1.0000 0.0006 0.0070 0.0769 0.7736 1.0000 0.7736 0.0769 0.0070 0.0006 1.0000 1.0000 0.5248 0.0482 0.0044 0.0004 1.0000 1.0000 0.3574 0.0334 0.0031 0.0003 1.0000 1.0000 0.2651 0.0250 0.0024 0.0002 1.0000 1.0000 0.2047 0.0194 0.0018 0.0002 1.0000 1.0000 0.1587 0.0150 0.0014 0.0001 1.0000 1.0000 0.1239 0.0117 0.0011 0.0001 1.0000 1.0000 0.0971 0.0092 0.0009 0.0001 1.0000 0.8036 0.0763 0.0066
0.0006 0.0066 0.0698 0.7362 1.0000 0.0001 0.0008 0.0084 0.0890 0.9392 1.0000 0.0001 0.0010 0.0108 0.1135 1.0000 1.0000 0.0001 0.0013 0.0138 0.1457 1.0000 1.0000 0.0002 0.0017 0.0178 0.1879 1.0000 1.0000 0.0002 0.0022 0.0231 0.2448 1.0000 1.0000 0.0003 0.0029 0.0314 0.3376 1.0000 1.0000 0.0004 0.0043 0.0470 0.5149 1.0000 1.0000 0.0006 0.0070 0.0707 0.3117 0.0707 0.0070 0.0006 1.0000 1.0000 0.5149 0.0470 0.0043 0.0004 1.0000 1.0000 0.3376 0.0314 0.0029 0.0003 1.0000 1.0000 0.2448 0.0231 0.0022 0.0002 1.0000 1.0000 0.1879 0.0178 0.0017 0.0002 1.0000 1.0000 0.1457 0.0138 0.0013 0.0001 1.0000 1.0000 0.1135 0.0108 0.0010 0.0001 1.0000 0.9392 0.0890 0.0084 0.0008 0.0001 1.0000 0.7362 0.0698 0.0066 0.0006
1.0000 0.0006 0.0060 0.0637 0.6720 1.0000 0.0001 0.0007 0.0077 0.0812 0.8572 1.0000 0.0001 0.0009 0.0098 0.1036 1.0000 1.0000 0.0001 0.0012 0.0126 0.1335 1.0000 1.0000 0.0001 0.0015 0.0163 0.1722 1.0000 1.0000 0.0002 0.0020 0.0213 0.2269 1.0000 1.0000 0.0003 0.0028 0.0298 0.3219 1.0000 1.0000 0.0004 0.0042 0.0463 0.5110 1.0000 1.0000 0.0006 0.0065 0.0285 0.0065 0.0006 1.0000 1.0000 0.5110 0.0463 0.0042 0.0004 1.0000 1.0000 0.3219 0.0298 0.0028 0.0003 1.0000 1.0000 0.2269 0.0213 0.0020 0.0002 1.0000 1.0000 0.1722 0.0163 0.0015 0.0001 1.0000 1.0000 0.1335 0.0126 0.0012 0.0001 1.0000 1.0000 0.1036 0.0098 0.0009 0.0001 1.0000 0.8572 0.0812 0.0077 0.0007 0.0001 1.0000 0.6720 0.0637 0.0060 0.0006 1.0000
