0.1649 0.2067 0.3424 0.5087 0.3804 0.1579 0.1644 0.2403 0.4114 0.4955 0.2791 0.1512 0.1811 0.2836 0.4797 0.4557 0.1870 0.1537 0.2050 0.3385 0.5084 0.3864 0.1589 0.1634 0.2376 0.4061 0.4974 0.2873 0.1514 0.1796 0.2800 0.4754 0.4596 0.1912 0.1532 0.2030 0.3340 0.5080 0.3926 0.1599 0.1625 0.2348 0.4007 0.4992 0.2954 0.1516 0.1781 0.2761 0.4686 0.4708 0.3357 0.4708 0.4686 0.2761 0.1781 0.1516 0.2954 0.4992 0.4007 0.2348 0.1625 0.1599 0.3926 0.5080 0.3340 0.2030 0.1532 0.1912 0.4596 0.4754 0.2800 0.1796 0.1514 0.2873 0.4974 0.4061 0.2376 0.1634 0.1589 0.3864 0.5084 0.3385 0.2050 0.1537 0.1870 0.4557 0.4797 0.2836 0.1811 0.1512 0.2791 0.4955 0.4114 0.2403 0.1644 0.1579 0.3804 0.5087 0.3424 0.2067 0.1649
0.2067 0.3422 0.5102 0.3842 0.1476 0.1544 0.2337 0.4095 0.4975 0.2845 0.1397 0.1721 0.2783 0.4797 0.4589 0.1832 0.1423 0.1971 0.3347 0.5098 0.3913 0.1488 0.1533 0.2308 0.4040 0.4994 0.2928 0.1399 0.1705 0.2746 0.4753 0.4627 0.1884 0.1418 0.1950 0.3300 0.5093 0.3974 0.1500 0.1523 0.2280 0.3985 0.5011 0.3010 0.1401 0.1690 0.2709 0.4702 0.4677 0.2116 0.1385 0.2116 0.4677 0.4702 0.2709 0.1690 0.1401 0.3010 0.5011 0.3985 0.2280 0.1523 0.1500 0.3974 0.5093 0.3300 0.1950 0.1418 0.1884 0.4627 0.4753 0.2746 0.1705 0.1399 0.2928 0.4994 0.4040 0.2308 0.1533 0.1488 0.3913 0.5098 0.3347 0.1971 0.1423 0.1832 0.4589 0.4797 0.2783 0.1721 0.1397 0.2845 0.4975 0.4095 0.2337 0.1544 0.1476 0.3842 0.5102 0.3422 0.2067
0.3424 0.5102 0.3879 0.1487 0.1532 0.2299 0.4016 0.5001 0.2970 0.1400 0.1697 0.2725 0.4726 0.4646 0.1916 0.1415 0.1938 0.3274 0.5088 0.4007 0.1508 0.1517 0.2264 0.3954 0.5018 0.3056 0.1403 0.1682 0.2689 0.4679 0.4682 0.1977 0.1411 0.1918 0.3229 0.5080 0.4065 0.1522 0.1508 0.2237 0.3900 0.5033 0.3137 0.1406 0.1668 0.2654 0.4629 0.4719 0.2075 0.1386 0.1559 0.1386 0.2075 0.4719 0.4629 0.2654 0.1668 0.1406 0.3137 0.5033 0.3900 0.2237 0.1508 0.1522 0.4065 0.5080 0.3229 0.1918 0.1411 0.1977 0.4682 0.4679 0.2689 0.1682 0.1403 0.3056 0.5018 0.3954 0.2264 0.1517 0.1508 0.4007 0.5088 0.3274 0.1938 0.1415 0.1916 0.4646 0.4726 0.2725 0.1697 0.1400 0.2970 0.5001 0.4016 0.2299 0.1532 0.1487 0.3879 0.5102 0.3424
0.5087 0.3842 0.1487 0.1527 0.2276 0.3958 0.5021 0.3080 0.1404 0.1676 0.2672 0.4654 0.4700 0.2013 0.1409 0.1906 0.3205 0.5074 0.4096 0.1531 0.1502 0.2222 0.3869 0.5041 0.3181 0.1408 0.1660 0.2634 0.4601 0.4734 0.2083 0.1405 0.1886 0.3160 0.5062 0.4151 0.1548 0.1493 0.2195 0.3816 0.5054 0.3260 0.1413 0.1646 0.2600 0.4550 0.4766 0.2163 0.1398 0.1802 0.2381 0.1802 0.1398 0.2163 0.4766 0.4550 0.2600 0.1646 0.1413 0.3260 0.5054 0.3816 0.2195 0.1493 0.1548 0.4151 0.5062 0.3160 0.1886 0.1405 0.2083 0.4734 0.4601 0.2634 0.1660 0.1408 0.3181 0.5041 0.3869 0.2222 0.1502 0.1531 0.4096 0.5074 0.3205 0.1906 0.1409 0.2013 0.4700 0.4654 0.2672 0.1676 0.1404 0.3080 0.5021 0.3958 0.2276 0.1527 0.1487 0.3842 0.5087
0.3804 0.1476 0.1532 0.2276 0.3937 0.5032 0.3157 0.1408 0.1658 0.2624 0.4582 0.4748 0.2118 0.1403 0.1876 0.3137 0.5054 0.4181 0.1558 0.1488 0.2180 0.3786 0.5060 0.3303 0.1415 0.1638 0.2581 0.4521 0.4783 0.2199 0.1400 0.1856 0.3093 0.5037 0.4234 0.1577 0.1480 0.2155 0.3734 0.5071 0.3379 0.1421 0.1625 0.2548 0.4468 0.4812 0.2279 0.1397 0.1827 0.2946 0.4176 0.2946 0.1827 0.1397 0.2279 0.4812 0.4468 0.2548 0.1625 0.1421 0.3379 0.5071 0.3734 0.2155 0.1480 0.1577 0.4234 0.5037 0.3093 0.1856 0.1400 0.2199 0.4783 0.4521 0.2581 0.1638 0.1415 0.3303 0.5060 0.3786 0.2180 0.1488 0.1558 0.4181 0.5054 0.3137 0.1876 0.1403 0.2118 0.4748 0.4582 0.2624 0.1658 0.1408 0.3157 0.5032 0.3937 0.2276 0.1532 0.1476 0.3804
0.1579 0.1544 0.2299 0.3958 0.5032 0.3186 0.1411 0.1645 0.2588 0.4519 0.4789 0.2223 0.1399 0.1848 0.3073 0.5027 0.4261 0.1589 0.1475 0.2141 0.3705 0.5076 0.3421 0.1424 0.1617 0.2529 0.4438 0.4828 0.2323 0.1397 0.1827 0.3028 0.5004 0.4312 0.1612 0.1467 0.2116 0.3653 0.5084 0.3494 0.1430 0.1605 0.2497 0.4383 0.4855 0.2404 0.1395 0.1807 0.2968 0.4900 0.4945 0.4900 0.2968 0.1807 0.1395 0.2404 0.4855 0.4383 0.2497 0.1605 0.1430 0.3494 0.5084 0.3653 0.2116 0.1467 0.1612 0.4312 0.5004 0.3028 0.1827 0.1397 0.2323 0.4828 0.4438 0.2529 0.1617 0.1424 0.3421 0.5076 0.3705 0.2141 0.1475 0.1589 0.4261 0.5027 0.3073 0.1848 0.1399 0.2223 0.4789 0.4519 0.2588 0.1645 0.1411 0.3186 0.5032 0.3958 0.2299 0.1544 0.1579
0.1644 0.2337 0.4016 0.5021 0.3157 0.1411 0.1641 0.2567 0.4475 0.4818 0.2315 0.1397 0.1823 0.3014 0.4995 0.4334 0.1624 0.1463 0.2103 0.3626 0.5088 0.3534 0.1434 0.1598 0.2479 0.4353 0.4869 0.2450 0.1395 0.1799 0.2964 0.4964 0.4387 0.1652 0.1455 0.2078 0.3574 0.5093 0.3605 0.1442 0.1586 0.2448 0.4298 0.4894 0.2534 0.1394 0.1781 0.2920 0.4918 0.4527 0.3003 0.4527 0.4918 0.2920 0.1781 0.1394 0.2534 0.4894 0.4298 0.2448 0.1586 0.1442 0.3605 0.5093 0.3574 0.2078 0.1455 0.1652 0.4387 0.4964 0.2964 0.1799 0.1395 0.2450 0.4869 0.4353 0.2479 0.1598 0.1434 0.3534 0.5088 0.3626 0.2103 0.1463 0.1624 0.4334 0.4995 0.3014 0.1823 0.1397 0.2315 0.4818 0.4475 0.2567 0.1641 0.1411 0.3157 0.5021 0.4016 0.2337 0.1644
0.2403 0.4095 0.5001 0.3080 0.1408 0.1645 0.2567 0.4459 0.4834 0.2379 0.1396 0.1803 0.2964 0.4960 0.4400 0.1663 0.1452 0.2067 0.3550 0.5096 0.3641 0.1446 0.1579 0.2431 0.4268 0.4907 0.2581 0.1394 0.1772 0.2902 0.4916 0.4458 0.1701 0.1443 0.2041 0.3496 0.5099 0.3712 0.1455 0.1567 0.2400 0.4212 0.4930 0.2665 0.1394 0.1755 0.2862 0.4877 0.4519 0.1847 0.1369 0.1847 0.4519 0.4877 0.2862 0.1755 0.1394 0.2665 0.4930 0.4212 0.2400 0.1567 0.1455 0.3712 0.5099 0.3496 0.2041 0.1443 0.1701 0.4458 0.4916 0.2902 0.1772 0.1394 0.2581 0.4907 0.4268 0.2431 0.1579 0.1446 0.3641 0.5096 0.3550 0.2067 0.1452 0.1663 0.4400 0.4960 0.2964 0.1803 0.1396 0.2379 0.4834 0.4459 0.2567 0.1645 0.1408 0.3080 0.5001 0.4095 0.2403
0.4114 0.4975 0.2970 0.1404 0.1658 0.2588 0.4475 0.4834 0.2402 0.1395 0.1790 0.2927 0.4927 0.4454 0.1704 0.1442 0.2034 0.3478 0.5100 0.3742 0.1459 0.1562 0.2384 0.4183 0.4942 0.2712 0.1395 0.1746 0.2841 0.4859 0.4525 0.1760 0.1433 0.2006 0.3421 0.5100 0.3814 0.1470 0.1550 0.2353 0.4126 0.4963 0.2797 0.1396 0.1730 0.2803 0.4819 0.4569 0.1824 0.1400 0.1610 0.1400 0.1824 0.4569 0.4819 0.2803 0.1730 0.1396 0.2797 0.4963 0.4126 0.2353 0.1550 0.1470 0.3814 0.5100 0.3421 0.2006 0.1433 0.1760 0.4525 0.4859 0.2841 0.1746 0.1395 0.2712 0.4942 0.4183 0.2384 0.1562 0.1459 0.3742 0.5100 0.3478 0.2034 0.1442 0.1704 0.4454 0.4927 0.2927 0.1790 0.1395 0.2402 0.4834 0.4475 0.2588 0.1658 0.1404 0.2970 0.4975 0.4114
0.4955 0.2845 0.1400 0.1676 0.2624 0.4519 0.4818 0.2379 0.1395 0.1785 0.2907 0.4903 0.4492 0.1742 0.1434 0.2006 0.3414 0.5100 0.3835 0.1474 0.1545 0.2340 0.4099 0.4973 0.2840 0.1397 0.1722 0.2783 0.4796 0.4587 0.1831 0.1423 0.1971 0.3347 0.5097 0.3913 0.1488 0.1533 0.2308 0.4040 0.4992 0.2927 0.1399 0.1706 0.2746 0.4752 0.4626 0.1889 0.1414 0.1881 0.2515 0.1881 0.1414 0.1889 0.4626 0.4752 0.2746 0.1706 0.1399 0.2927 0.4992 0.4040 0.2308 0.1533 0.1488 0.3913 0.5097 0.3347 0.1971 0.1423 0.1831 0.4587 0.4796 0.2783 0.1722 0.1397 0.2840 0.4973 0.4099 0.2340 0.1545 0.1474 0.3835 0.5100 0.3414 0.2006 0.1434 0.1742 0.4492 0.4903 0.2907 0.1785 0.1395 0.2379 0.4818 0.4519 0.2624 0.1676 0.1400 0.2845 0.4955
0.2791 0.1397 0.1697 0.2672 0.4582 0.4789 0.2315 0.1396 0.1790 0.2907 0.4894 0.4512 0.1769 0.1429 0.1984 0.3361 0.5097 0.3917 0.1490 0.1530 0.2298 0.4017 0.5000 0.2965 0.1400 0.1698 0.2728 0.4729 0.4645 0.1914 0.1415 0.1938 0.3275 0.5088 0.4006 0.1508 0.1517 0.2264 0.3954 0.5018 0.3055 0.1403 0.1682 0.2689 0.4679 0.4682 0.1978 0.1410 0.1906 0.3121 0.4406 0.3121 0.1906 0.1410 0.1978 0.4682 0.4679 0.2689 0.1682 0.1403 0.3055 0.5018 0.3954 0.2264 0.1517 0.1508 0.4006 0.5088 0.3275 0.1938 0.1415 0.1914 0.4645 0.4729 0.2728 0.1698 0.1400 0.2965 0.5000 0.4017 0.2298 0.1530 0.1490 0.3917 0.5097 0.3361 0.1984 0.1429 0.1769 0.4512 0.4894 0.2907 0.1790 0.1396 0.2315 0.4789 0.4582 0.2672 0.1697 0.1397 0.2791
0.1512 0.1721 0.2725 0.4654 0.4748 0.2223 0.1397 0.1803 0.2927 0.4903 0.4512 0.1780 0.1426 0.1970 0.3322 0.5093 0.3983 0.1505 0.1518 0.2261 0.3941 0.5023 0.3085 0.1404 0.1676 0.2673 0.4656 0.4698 0.2009 0.1409 0.1907 0.3206 0.5074 0.4095 0.1531 0.1503 0.2222 0.3870 0.5041 0.3180 0.1408 0.1660 0.2635 0.4602 0.4734 0.2083 0.1405 0.1884 0.3142 0.5011 0.4856 0.5011 0.3142 0.1884 0.1405 0.2083 0.4734 0.4602 0.2635 0.1660 0.1408 0.3180 0.5041 0.3870 0.2222 0.1503 0.1531 0.4095 0.5074 0.3206 0.1907 0.1409 0.2009 0.4698 0.4656 0.2673 0.1676 0.1404 0.3085 0.5023 0.3941 0.2261 0.1518 0.1505 0.3983 0.5093 0.3322 0.1970 0.1426 0.1780 0.4512 0.4903 0.2927 0.1803 0.1397 0.2223 0.4748 0.4654 0.2725 0.1721 0.1512
0.1811 0.2783 0.4726 0.4700 0.2118 0.1399 0.1823 0.2964 0.4927 0.4492 0.1769 0.1426 0.1965 0.3302 0.5089 0.4030 0.1519 0.1507 0.2229 0.3874 0.5042 0.3195 0.1409 0.1655 0.2621 0.4581 0.4748 0.2115 0.1403 0.1877 0.3139 0.5055 0.4179 0.1557 0.1489 0.2181 0.3787 0.5060 0.3302 0.1415 0.1638 0.2581 0.4521 0.4782 0.2198 0.1400 0.1856 0.3090 0.5026 0.4350 0.2660 0.4350 0.5026 0.3090 0.1856 0.1400 0.2198 0.4782 0.4521 0.2581 0.1638 0.1415 0.3302 0.5060 0.3787 0.2181 0.1489 0.1557 0.4179 0.5055 0.3139 0.1877 0.1403 0.2115 0.4748 0.4581 0.2621 0.1655 0.1409 0.3195 0.5042 0.3874 0.2229 0.1507 0.1519 0.4030 0.5089 0.3302 0.1965 0.1426 0.1769 0.4492 0.4927 0.2964 0.1823 0.1399 0.2118 0.4700 0.4726 0.2783 0.1811
0.2836 0.4797 0.4646 0.2013 0.1403 0.1848 0.3014 0.4960 0.4454 0.1742 0.1429 0.1970 0.3302 0.5087 0.4054 0.1528 0.1500 0.2204 0.3818 0.5056 0.3292 0.1415 0.1636 0.2573 0.4505 0.4793 0.2228 0.1399 0.1848 0.3075 0.5028 0.4258 0.1587 0.1475 0.2142 0.3707 0.5076 0.3419 0.1424 0.1618 0.2530 0.4438 0.4828 0.2321 0.1397 0.1827 0.3028 0.5002 0.4333 0.1673 0.1364 0.1673 0.4333 0.5002 0.3028 0.1827 0.1397 0.2321 0.4828 0.4438 0.2530 0.1618 0.1424 0.3419 0.5076 0.3707 0.2142 0.1475 0.1587 0.4258 0.5028 0.3075 0.1848 0.1399 0.2228 0.4793 0.4505 0.2573 0.1636 0.1415 0.3292 0.5056 0.3818 0.2204 0.1500 0.1528 0.4054 0.5087 0.3302 0.1970 0.1429 0.1742 0.4454 0.4960 0.3014 0.1848 0.1403 0.2013 0.4646 0.4797 0.2836
0.4797 0.4589 0.1916 0.1409 0.1876 0.3073 0.4995 0.4400 0.1704 0.1434 0.1984 0.3322 0.5089 0.4054 0.1532 0.1496 0.2189 0.3778 0.5066 0.3370 0.1421 0.1620 0.2531 0.4433 0.4833 0.2344 0.1396 0.1821 0.3012 0.4995 0.4333 0.1622 0.1463 0.2104 0.3628 0.5087 0.3531 0.1434 0.1598 0.2480 0.4354 0.4869 0.2449 0.1395 0.1799 0.2964 0.4964 0.4391 0.1663 0.1423 0.1669 0.1423 0.1663 0.4391 0.4964 0.2964 0.1799 0.1395 0.2449 0.4869 0.4354 0.2480 0.1598 0.1434 0.3531 0.5087 0.3628 0.2104 0.1463 0.1622 0.4333 0.4995 0.3012 0.1821 0.1396 0.2344 0.4833 0.4433 0.2531 0.1620 0.1421 0.3370 0.5066 0.3778 0.2189 0.1496 0.1532 0.4054 0.5089 0.3322 0.1984 0.1434 0.1704 0.4400 0.4995 0.3073 0.1876 0.1409 0.1916 0.4589 0.4797
0.4557 0.1832 0.1415 0.1906 0.3137 0.5027 0.4334 0.1663 0.1442 0.2006 0.3361 0.5093 0.4030 0.1528 0.1496 0.2184 0.3757 0.5072 0.3424 0.1427 0.1607 0.2495 0.4368 0.4867 0.2453 0.1395 0.1795 0.2952 0.4954 0.4404 0.1664 0.1452 0.2068 0.3552 0.5095 0.3637 0.1445 0.1580 0.2432 0.4269 0.4907 0.2579 0.1394 0.1772 0.2902 0.4916 0.4458 0.1703 0.1438 0.1967 0.2661 0.1967 0.1438 0.1703 0.4458 0.4916 0.2902 0.1772 0.1394 0.2579 0.4907 0.4269 0.2432 0.1580 0.1445 0.3637 0.5095 0.3552 0.2068 0.1452 0.1664 0.4404 0.4954 0.2952 0.1795 0.1395 0.2453 0.4867 0.4368 0.2495 0.1607 0.1427 0.3424 0.5072 0.3757 0.2184 0.1496 0.1528 0.4030 0.5093 0.3361 0.2006 0.1442 0.1663 0.4334 0.5027 0.3137 0.1906 0.1415 0.1832 0.4557
0.1870 0.1423 0.1938 0.3205 0.5054 0.4261 0.1624 0.1452 0.2034 0.3414 0.5097 0.3983 0.1519 0.1500 0.2189 0.3757 0.5074 0.3452 0.1430 0.1599 0.2468 0.4314 0.4894 0.2552 0.1394 0.1772 0.2898 0.4909 0.4470 0.1712 0.1441 0.2033 0.3477 0.5100 0.3740 0.1459 0.1562 0.2386 0.4186 0.4941 0.2708 0.1395 0.1747 0.2842 0.4860 0.4524 0.1760 0.1432 0.1994 0.3308 0.4622 0.3308 0.1994 0.1432 0.1760 0.4524 0.4860 0.2842 0.1747 0.1395 0.2708 0.4941 0.4186 0.2386 0.1562 0.1459 0.3740 0.5100 0.3477 0.2033 0.1441 0.1712 0.4470 0.4909 0.2898 0.1772 0.1394 0.2552 0.4894 0.4314 0.2468 0.1599 0.1430 0.3452 0.5074 0.3757 0.2189 0.1500 0.1519 0.3983 0.5097 0.3414 0.2034 0.1452 0.1624 0.4261 0.5054 0.3205 0.1938 0.1423 0.1870
0.1537 0.1971 0.3274 0.5074 0.4181 0.1589 0.1463 0.2067 0.3478 0.5100 0.3917 0.1505 0.1507 0.2204 0.3778 0.5072 0.3452 0.1432 0.1594 0.2451 0.4276 0.4914 0.2633 0.1394 0.1753 0.2850 0.4862 0.4527 0.1766 0.1431 0.1999 0.3405 0.5100 0.3838 0.1474 0.1545 0.2341 0.4102 0.4972 0.2835 0.1396 0.1722 0.2785 0.4798 0.4586 0.1830 0.1423 0.1969 0.3327 0.5069 0.4745 0.5069 0.3327 0.1969 0.1423 0.1830 0.4586 0.4798 0.2785 0.1722 0.1396 0.2835 0.4972 0.4102 0.2341 0.1545 0.1474 0.3838 0.5100 0.3405 0.1999 0.1431 0.1766 0.4527 0.4862 0.2850 0.1753 0.1394 0.2633 0.4914 0.4276 0.2451 0.1594 0.1432 0.3452 0.5072 0.3778 0.2204 0.1507 0.1505 0.3917 0.5100 0.3478 0.2067 0.1463 0.1589 0.4181 0.5074 0.3274 0.1971 0.1537
0.2050 0.3347 0.5088 0.4096 0.1558 0.1475 0.2103 0.3550 0.5100 0.3835 0.1490 0.1518 0.2229 0.3818 0.5066 0.3424 0.1430 0.1594 0.2446 0.4256 0.4926 0.2690 0.1395 0.1738 0.2810 0.4816 0.4577 0.1825 0.1423 0.1969 0.3337 0.5096 0.3931 0.1492 0.1530 0.2298 0.4019 0.4999 0.2961 0.1400 0.1699 0.2729 0.4731 0.4643 0.1912 0.1416 0.1939 0.3272 0.5083 0.4143 0.2313 0.4143 0.5083 0.3272 0.1939 0.1416 0.1912 0.4643 0.4731 0.2729 0.1699 0.1400 0.2961 0.4999 0.4019 0.2298 0.1530 0.1492 0.3931 0.5096 0.3337 0.1969 0.1423 0.1825 0.4577 0.4816 0.2810 0.1738 0.1395 0.2690 0.4926 0.4256 0.2446 0.1594 0.1430 0.3424 0.5066 0.3818 0.2229 0.1518 0.1490 0.3835 0.5100 0.3550 0.2103 0.1475 0.1558 0.4096 0.5088 0.3347 0.2050
0.3385 0.5098 0.4007 0.1531 0.1488 0.2141 0.3626 0.5096 0.3742 0.1474 0.1530 0.2261 0.3874 0.5056 0.3370 0.1427 0.1599 0.2451 0.4256 0.4930 0.2720 0.1396 0.1727 0.2780 0.4777 0.4616 0.1884 0.1417 0.1942 0.3276 0.5088 0.4016 0.1511 0.1515 0.2256 0.3936 0.5024 0.3084 0.1404 0.1676 0.2675 0.4659 0.4696 0.2006 0.1409 0.1908 0.3207 0.5074 0.4117 0.1565 0.1368 0.1565 0.4117 0.5074 0.3207 0.1908 0.1409 0.2006 0.4696 0.4659 0.2675 0.1676 0.1404 0.3084 0.5024 0.3936 0.2256 0.1515 0.1511 0.4016 0.5088 0.3276 0.1942 0.1417 0.1884 0.4616 0.4777 0.2780 0.1727 0.1396 0.2720 0.4930 0.4256 0.2451 0.1599 0.1427 0.3370 0.5056 0.3874 0.2261 0.1530 0.1474 0.3742 0.5096 0.3626 0.2141 0.1488 0.1531 0.4007 0.5098 0.3385
0.5084 0.3913 0.1508 0.1502 0.2180 0.3705 0.5088 0.3641 0.1459 0.1545 0.2298 0.3941 0.5042 0.3292 0.1421 0.1607 0.2468 0.4276 0.4926 0.2720 0.1396 0.1722 0.2761 0.4748 0.4646 0.1937 0.1412 0.1919 0.3222 0.5077 0.4092 0.1532 0.1501 0.2216 0.3856 0.5045 0.3205 0.1410 0.1655 0.2622 0.4583 0.4746 0.2111 0.1404 0.1878 0.3142 0.5055 0.4180 0.1562 0.1453 0.1736 0.1453 0.1562 0.4180 0.5055 0.3142 0.1878 0.1404 0.2111 0.4746 0.4583 0.2622 0.1655 0.1410 0.3205 0.5045 0.3856 0.2216 0.1501 0.1532 0.4092 0.5077 0.3222 0.1919 0.1412 0.1937 0.4646 0.4748 0.2761 0.1722 0.1396 0.2720 0.4926 0.4276 0.2468 0.1607 0.1421 0.3292 0.5042 0.3941 0.2298 0.1545 0.1459 0.3641 0.5088 0.3705 0.2180 0.1502 0.1508 0.3913 0.5084
0.3864 0.1488 0.1517 0.2222 0.3786 0.5076 0.3534 0.1446 0.1562 0.2340 0.4017 0.5023 0.3195 0.1415 0.1620 0.2495 0.4314 0.4914 0.2690 0.1396 0.1722 0.2755 0.4732 0.4664 0.1977 0.1409 0.1901 0.3178 0.5063 0.4157 0.1553 0.1489 0.2181 0.3782 0.5062 0.3320 0.1417 0.1634 0.2571 0.4504 0.4793 0.2226 0.1399 0.1849 0.3077 0.5029 0.4256 0.1588 0.1470 0.2065 0.2822 0.2065 0.1470 0.1588 0.4256 0.5029 0.3077 0.1849 0.1399 0.2226 0.4793 0.4504 0.2571 0.1634 0.1417 0.3320 0.5062 0.3782 0.2181 0.1489 0.1553 0.4157 0.5063 0.3178 0.1901 0.1409 0.1977 0.4664 0.4732 0.2755 0.1722 0.1396 0.2690 0.4914 0.4314 0.2495 0.1620 0.1415 0.3195 0.5023 0.4017 0.2340 0.1562 0.1446 0.3534 0.5076 0.3786 0.2222 0.1517 0.1488 0.3864
0.1589 0.1533 0.2264 0.3869 0.5060 0.3421 0.1434 0.1579 0.2384 0.4099 0.5000 0.3085 0.1409 0.1636 0.2531 0.4368 0.4894 0.2633 0.1395 0.1727 0.2761 0.4732 0.4670 0.1999 0.1407 0.1888 0.3145 0.5051 0.4209 0.1574 0.1479 0.2149 0.3713 0.5075 0.3425 0.1425 0.1615 0.2522 0.4424 0.4836 0.2346 0.1396 0.1821 0.3014 0.4996 0.4331 0.1622 0.1463 0.2093 0.3514 0.4815 0.3514 0.2093 0.1463 0.1622 0.4331 0.4996 0.3014 0.1821 0.1396 0.2346 0.4836 0.4424 0.2522 0.1615 0.1425 0.3425 0.5075 0.3713 0.2149 0.1479 0.1574 0.4209 0.5051 0.3145 0.1888 0.1407 0.1999 0.4670 0.4732 0.2761 0.1727 0.1395 0.2633 0.4894 0.4368 0.2531 0.1636 0.1409 0.3085 0.5000 0.4099 0.2384 0.1579 0.1434 0.3421 0.5060 0.3869 0.2264 0.1533 0.1589
0.1634 0.2308 0.3954 0.5041 0.3303 0.1424 0.1598 0.2431 0.4183 0.4973 0.2965 0.1404 0.1655 0.2573 0.4433 0.4867 0.2552 0.1394 0.1738 0.2780 0.4748 0.4664 0.1999 0.1407 0.1882 0.3124 0.5040 0.4248 0.1592 0.1471 0.2122 0.3654 0.5085 0.3519 0.1434 0.1597 0.2476 0.4344 0.4875 0.2470 0.1395 0.1794 0.2953 0.4955 0.4402 0.1662 0.1452 0.2067 0.3533 0.5085 0.4606 0.5085 0.3533 0.2067 0.1452 0.1662 0.4402 0.4955 0.2953 0.1794 0.1395 0.2470 0.4875 0.4344 0.2476 0.1597 0.1434 0.3519 0.5085 0.3654 0.2122 0.1471 0.1592 0.4248 0.5040 0.3124 0.1882 0.1407 0.1999 0.4664 0.4748 0.2780 0.1738 0.1394 0.2552 0.4867 0.4433 0.2573 0.1655 0.1404 0.2965 0.4973 0.4183 0.2431 0.1598 0.1424 0.3303 0.5041 0.3954 0.2308 0.1634
0.2376 0.4040 0.5018 0.3181 0.1415 0.1617 0.2479 0.4268 0.4942 0.2840 0.1400 0.1676 0.2621 0.4505 0.4833 0.2453 0.1394 0.1753 0.2810 0.4777 0.4646 0.1977 0.1407 0.1882 0.3117 0.5034 0.4272 0.1605 0.1465 0.2101 0.3605 0.5092 0.3600 0.1443 0.1582 0.2434 0.4268 0.4909 0.2592 0.1394 0.1768 0.2893 0.4907 0.4470 0.1711 0.1441 0.2033 0.3476 0.5097 0.3898 0.1986 0.3898 0.5097 0.3476 0.2033 0.1441 0.1711 0.4470 0.4907 0.2893 0.1768 0.1394 0.2592 0.4909 0.4268 0.2434 0.1582 0.1443 0.3600 0.5092 0.3605 0.2101 0.1465 0.1605 0.4272 0.5034 0.3117 0.1882 0.1407 0.1977 0.4646 0.4777 0.2810 0.1753 0.1394 0.2453 0.4833 0.4505 0.2621 0.1676 0.1400 0.2840 0.4942 0.4268 0.2479 0.1617 0.1415 0.3181 0.5018 0.4040 0.2376
0.4061 0.4994 0.3056 0.1408 0.1638 0.2529 0.4353 0.4907 0.2712 0.1397 0.1698 0.2673 0.4581 0.4793 0.2344 0.1395 0.1772 0.2850 0.4816 0.4616 0.1937 0.1409 0.1888 0.3124 0.5034 0.4280 0.1613 0.1462 0.2087 0.3568 0.5096 0.3666 0.1451 0.1569 0.2397 0.4198 0.4939 0.2708 0.1395 0.1744 0.2835 0.4852 0.4534 0.1770 0.1431 0.2000 0.3406 0.5099 0.3862 0.1493 0.1379 0.1493 0.3862 0.5099 0.3406 0.2000 0.1431 0.1770 0.4534 0.4852 0.2835 0.1744 0.1395 0.2708 0.4939 0.4198 0.2397 0.1569 0.1451 0.3666 0.5096 0.3568 0.2087 0.1462 0.1613 0.4280 0.5034 0.3124 0.1888 0.1409 0.1937 0.4616 0.4816 0.2850 0.1772 0.1395 0.2344 0.4793 0.4581 0.2673 0.1698 0.1397 0.2712 0.4907 0.4353 0.2529 0.1638 0.1408 0.3056 0.4994 0.4061
0.4974 0.2928 0.1403 0.1660 0.2581 0.4438 0.4869 0.2581 0.1395 0.1722 0.2728 0.4656 0.4748 0.2228 0.1396 0.1795 0.2898 0.4862 0.4577 0.1884 0.1412 0.1901 0.3145 0.5040 0.4272 0.1613 0.1460 0.2079 0.3545 0.5098 0.3714 0.1459 0.1558 0.2366 0.4136 0.4964 0.2814 0.1396 0.1723 0.2782 0.4792 0.4593 0.1840 0.1422 0.1967 0.3335 0.5096 0.3934 0.1495 0.1490 0.1812 0.1490 0.1495 0.3934 0.5096 0.3335 0.1967 0.1422 0.1840 0.4593 0.4792 0.2782 0.1723 0.1396 0.2814 0.4964 0.4136 0.2366 0.1558 0.1459 0.3714 0.5098 0.3545 0.2079 0.1460 0.1613 0.4272 0.5040 0.3145 0.1901 0.1412 0.1884 0.4577 0.4862 0.2898 0.1795 0.1396 0.2228 0.4748 0.4656 0.2728 0.1722 0.1395 0.2581 0.4869 0.4438 0.2581 0.1660 0.1403 0.2928 0.4974
0.2873 0.1399 0.1682 0.2634 0.4521 0.4828 0.2450 0.1394 0.1746 0.2783 0.4729 0.4698 0.2115 0.1399 0.1821 0.2952 0.4909 0.4527 0.1825 0.1417 0.1919 0.3178 0.5051 0.4248 0.1605 0.1462 0.2079 0.3537 0.5099 0.3744 0.1465 0.1550 0.2342 0.4084 0.4983 0.2907 0.1399 0.1703 0.2734 0.4732 0.4645 0.1919 0.1415 0.1935 0.3267 0.5087 0.4021 0.1512 0.1509 0.2174 0.3001 0.2174 0.1509 0.1512 0.4021 0.5087 0.3267 0.1935 0.1415 0.1919 0.4645 0.4732 0.2734 0.1703 0.1399 0.2907 0.4983 0.4084 0.2342 0.1550 0.1465 0.3744 0.5099 0.3537 0.2079 0.1462 0.1605 0.4248 0.5051 0.3178 0.1919 0.1417 0.1825 0.4527 0.4909 0.2952 0.1821 0.1399 0.2115 0.4698 0.4729 0.2783 0.1746 0.1394 0.2450 0.4828 0.4521 0.2634 0.1682 0.1399 0.2873
0.1514 0.1705 0.2689 0.4601 0.4783 0.2323 0.1395 0.1772 0.2841 0.4796 0.4645 0.2009 0.1403 0.1848 0.3012 0.4954 0.4470 0.1766 0.1423 0.1942 0.3222 0.5063 0.4209 0.1592 0.1465 0.2087 0.3545 0.5099 0.3755 0.1468 0.1546 0.2325 0.4046 0.4998 0.2983 0.1401 0.1687 0.2692 0.4673 0.4691 0.2004 0.1409 0.1906 0.3201 0.5073 0.4105 0.1534 0.1499 0.2202 0.3735 0.4959 0.3735 0.2202 0.1499 0.1534 0.4105 0.5073 0.3201 0.1906 0.1409 0.2004 0.4691 0.4673 0.2692 0.1687 0.1401 0.2983 0.4998 0.4046 0.2325 0.1546 0.1468 0.3755 0.5099 0.3545 0.2087 0.1465 0.1592 0.4209 0.5063 0.3222 0.1942 0.1423 0.1766 0.4470 0.4954 0.3012 0.1848 0.1403 0.2009 0.4645 0.4796 0.2841 0.1772 0.1395 0.2323 0.4783 0.4601 0.2689 0.1705 0.1514
0.1796 0.2746 0.4679 0.4734 0.2199 0.1397 0.1799 0.2902 0.4859 0.4587 0.1914 0.1409 0.1877 0.3075 0.4995 0.4404 0.1712 0.1431 0.1969 0.3276 0.5077 0.4157 0.1574 0.1471 0.2101 0.3568 0.5098 0.3744 0.1468 0.1544 0.2317 0.4022 0.5008 0.3040 0.1404 0.1673 0.2656 0.4620 0.4730 0.2088 0.1404 0.1879 0.3140 0.5054 0.4184 0.1560 0.1487 0.2174 0.3754 0.5068 0.4436 0.5068 0.3754 0.2174 0.1487 0.1560 0.4184 0.5054 0.3140 0.1879 0.1404 0.2088 0.4730 0.4620 0.2656 0.1673 0.1404 0.3040 0.5008 0.4022 0.2317 0.1544 0.1468 0.3744 0.5098 0.3568 0.2101 0.1471 0.1574 0.4157 0.5077 0.3276 0.1969 0.1431 0.1712 0.4404 0.4995 0.3075 0.1877 0.1409 0.1914 0.4587 0.4859 0.2902 0.1799 0.1397 0.2199 0.4734 0.4679 0.2746 0.1796
0.2800 0.4753 0.4682 0.2083 0.1400 0.1827 0.2964 0.4916 0.4525 0.1831 0.1415 0.1907 0.3139 0.5028 0.4333 0.1664 0.1441 0.1999 0.3337 0.5088 0.4092 0.1553 0.1479 0.2122 0.3605 0.5096 0.3714 0.1465 0.1546 0.2317 0.4014 0.5012 0.3074 0.1405 0.1664 0.2629 0.4574 0.4761 0.2167 0.1401 0.1856 0.3085 0.5031 0.4256 0.1588 0.1475 0.2138 0.3694 0.5078 0.3616 0.1739 0.3616 0.5078 0.3694 0.2138 0.1475 0.1588 0.4256 0.5031 0.3085 0.1856 0.1401 0.2167 0.4761 0.4574 0.2629 0.1664 0.1405 0.3074 0.5012 0.4014 0.2317 0.1546 0.1465 0.3714 0.5096 0.3605 0.2122 0.1479 0.1553 0.4092 0.5088 0.3337 0.1999 0.1441 0.1664 0.4333 0.5028 0.3139 0.1907 0.1415 0.1831 0.4525 0.4916 0.2964 0.1827 0.1400 0.2083 0.4682 0.4753 0.2800
0.4754 0.4627 0.1977 0.1405 0.1856 0.3028 0.4964 0.4458 0.1760 0.1423 0.1938 0.3206 0.5055 0.4258 0.1622 0.1452 0.2033 0.3405 0.5096 0.4016 0.1532 0.1489 0.2149 0.3654 0.5092 0.3666 0.1459 0.1550 0.2325 0.4022 0.5012 0.3086 0.1406 0.1658 0.2610 0.4539 0.4785 0.2235 0.1398 0.1836 0.3037 0.5005 0.4319 0.1619 0.1464 0.2103 0.3623 0.5088 0.3572 0.1443 0.1398 0.1443 0.3572 0.5088 0.3623 0.2103 0.1464 0.1619 0.4319 0.5005 0.3037 0.1836 0.1398 0.2235 0.4785 0.4539 0.2610 0.1658 0.1406 0.3086 0.5012 0.4022 0.2325 0.1550 0.1459 0.3666 0.5092 0.3654 0.2149 0.1489 0.1532 0.4016 0.5096 0.3405 0.2033 0.1452 0.1622 0.4258 0.5055 0.3206 0.1938 0.1423 0.1760 0.4458 0.4964 0.3028 0.1856 0.1405 0.1977 0.4627 0.4754
0.4596 0.1884 0.1411 0.1886 0.3093 0.5004 0.4387 0.1701 0.1433 0.1971 0.3275 0.5074 0.4179 0.1587 0.1463 0.2068 0.3477 0.5100 0.3931 0.1511 0.1501 0.2181 0.3713 0.5085 0.3600 0.1451 0.1558 0.2342 0.4046 0.5008 0.3074 0.1406 0.1656 0.2600 0.4517 0.4802 0.2288 0.1397 0.1820 0.2997 0.4979 0.4374 0.1651 0.1454 0.2072 0.3555 0.5095 0.3648 0.1448 0.1534 0.1897 0.1534 0.1448 0.3648 0.5095 0.3555 0.2072 0.1454 0.1651 0.4374 0.4979 0.2997 0.1820 0.1397 0.2288 0.4802 0.4517 0.2600 0.1656 0.1406 0.3074 0.5008 0.4046 0.2342 0.1558 0.1451 0.3600 0.5085 0.3713 0.2181 0.1501 0.1511 0.3931 0.5100 0.3477 0.2068 0.1463 0.1587 0.4179 0.5074 0.3275 0.1971 0.1433 0.1701 0.4387 0.5004 0.3093 0.1886 0.1411 0.1884 0.4596
0.1912 0.1418 0.1918 0.3160 0.5037 0.4312 0.1652 0.1443 0.2006 0.3347 0.5088 0.4095 0.1557 0.1475 0.2104 0.3552 0.5100 0.3838 0.1492 0.1515 0.2216 0.3782 0.5075 0.3519 0.1443 0.1569 0.2366 0.4084 0.4998 0.3040 0.1405 0.1658 0.2600 0.4510 0.4810 0.2321 0.1396 0.1808 0.2966 0.4954 0.4419 0.1682 0.1446 0.2044 0.3493 0.5099 0.3735 0.1459 0.1554 0.2296 0.3195 0.2296 0.1554 0.1459 0.3735 0.5099 0.3493 0.2044 0.1446 0.1682 0.4419 0.4954 0.2966 0.1808 0.1396 0.2321 0.4810 0.4510 0.2600 0.1658 0.1405 0.3040 0.4998 0.4084 0.2366 0.1569 0.1443 0.3519 0.5075 0.3782 0.2216 0.1515 0.1492 0.3838 0.5100 0.3552 0.2104 0.1475 0.1557 0.4095 0.5088 0.3347 0.2006 0.1443 0.1652 0.4312 0.5037 0.3160 0.1918 0.1418 0.1912
0.1532 0.1950 0.3229 0.5062 0.4234 0.1612 0.1455 0.2041 0.3421 0.5097 0.4006 0.1531 0.1489 0.2142 0.3628 0.5095 0.3740 0.1474 0.1530 0.2256 0.3856 0.5062 0.3425 0.1434 0.1582 0.2397 0.4136 0.4983 0.2983 0.1404 0.1664 0.2610 0.4517 0.4810 0.2333 0.1396 0.1801 0.2945 0.4934 0.4453 0.1711 0.1439 0.2020 0.3439 0.5100 0.3815 0.1472 0.1545 0.2327 0.3973 0.5043 0.3973 0.2327 0.1545 0.1472 0.3815 0.5100 0.3439 0.2020 0.1439 0.1711 0.4453 0.4934 0.2945 0.1801 0.1396 0.2333 0.4810 0.4517 0.2610 0.1664 0.1404 0.2983 0.4983 0.4136 0.2397 0.1582 0.1434 0.3425 0.5062 0.3856 0.2256 0.1530 0.1474 0.3740 0.5095 0.3628 0.2142 0.1489 0.1531 0.4006 0.5097 0.3421 0.2041 0.1455 0.1612 0.4234 0.5062 0.3229 0.1950 0.1532
0.2030 0.3300 0.5080 0.4151 0.1577 0.1467 0.2078 0.3496 0.5100 0.3913 0.1508 0.1503 0.2181 0.3707 0.5087 0.3637 0.1459 0.1545 0.2298 0.3936 0.5045 0.3320 0.1425 0.1597 0.2434 0.4198 0.4964 0.2907 0.1401 0.1673 0.2629 0.4539 0.4802 0.2321 0.1396 0.1798 0.2934 0.4921 0.4476 0.1735 0.1434 0.2001 0.3394 0.5099 0.3886 0.1485 0.1533 0.2301 0.4002 0.5019 0.4228 0.5019 0.4002 0.2301 0.1533 0.1485 0.3886 0.5099 0.3394 0.2001 0.1434 0.1735 0.4476 0.4921 0.2934 0.1798 0.1396 0.2321 0.4802 0.4539 0.2629 0.1673 0.1401 0.2907 0.4964 0.4198 0.2434 0.1597 0.1425 0.3320 0.5045 0.3936 0.2298 0.1545 0.1459 0.3637 0.5087 0.3707 0.2181 0.1503 0.1508 0.3913 0.5100 0.3496 0.2078 0.1467 0.1577 0.4151 0.5080 0.3300 0.2030
0.3340 0.5093 0.4065 0.1548 0.1480 0.2116 0.3574 0.5099 0.3814 0.1488 0.1517 0.2222 0.3787 0.5076 0.3531 0.1445 0.1562 0.2341 0.4019 0.5024 0.3205 0.1417 0.1615 0.2476 0.4268 0.4939 0.2814 0.1399 0.1687 0.2656 0.4574 0.4785 0.2288 0.1396 0.1801 0.2934 0.4917 0.4488 0.1751 0.1431 0.1987 0.3358 0.5096 0.3944 0.1498 0.1522 0.2271 0.3953 0.5023 0.3275 0.1581 0.3275 0.5023 0.3953 0.2271 0.1522 0.1498 0.3944 0.5096 0.3358 0.1987 0.1431 0.1751 0.4488 0.4917 0.2934 0.1801 0.1396 0.2288 0.4785 0.4574 0.2656 0.1687 0.1399 0.2814 0.4939 0.4268 0.2476 0.1615 0.1417 0.3205 0.5024 0.4019 0.2341 0.1562 0.1445 0.3531 0.5076 0.3787 0.2222 0.1517 0.1488 0.3814 0.5099 0.3574 0.2116 0.1480 0.1548 0.4065 0.5093 0.3340
0.5080 0.3974 0.1522 0.1493 0.2155 0.3653 0.5093 0.3712 0.1470 0.1533 0.2264 0.3870 0.5060 0.3419 0.1434 0.1580 0.2386 0.4102 0.4999 0.3084 0.1410 0.1634 0.2522 0.4344 0.4909 0.2708 0.1396 0.1703 0.2692 0.4620 0.4761 0.2235 0.1397 0.1808 0.2945 0.4921 0.4488 0.1756 0.1429 0.1978 0.3334 0.5093 0.3989 0.1509 0.1513 0.2243 0.3897 0.5038 0.3205 0.1408 0.1427 0.1408 0.3205 0.5038 0.3897 0.2243 0.1513 0.1509 0.3989 0.5093 0.3334 0.1978 0.1429 0.1756 0.4488 0.4921 0.2945 0.1808 0.1397 0.2235 0.4761 0.4620 0.2692 0.1703 0.1396 0.2708 0.4909 0.4344 0.2522 0.1634 0.1410 0.3084 0.4999 0.4102 0.2386 0.1580 0.1434 0.3419 0.5060 0.3870 0.2264 0.1533 0.1470 0.3712 0.5093 0.3653 0.2155 0.1493 0.1522 0.3974 0.5080
0.3926 0.1500 0.1508 0.2195 0.3734 0.5084 0.3605 0.1455 0.1550 0.2308 0.3954 0.5041 0.3302 0.1424 0.1598 0.2432 0.4186 0.4972 0.2961 0.1404 0.1655 0.2571 0.4424 0.4875 0.2592 0.1395 0.1723 0.2734 0.4673 0.4730 0.2167 0.1398 0.1820 0.2966 0.4934 0.4476 0.1751 0.1429 0.1975 0.3321 0.5091 0.4019 0.1518 0.1506 0.2221 0.3848 0.5050 0.3264 0.1414 0.1591 0.2005 0.1591 0.1414 0.3264 0.5050 0.3848 0.2221 0.1506 0.1518 0.4019 0.5091 0.3321 0.1975 0.1429 0.1751 0.4476 0.4934 0.2966 0.1820 0.1398 0.2167 0.4730 0.4673 0.2734 0.1723 0.1395 0.2592 0.4875 0.4424 0.2571 0.1655 0.1404 0.2961 0.4972 0.4186 0.2432 0.1598 0.1424 0.3302 0.5041 0.3954 0.2308 0.1550 0.1455 0.3605 0.5084 0.3734 0.2195 0.1508 0.1500 0.3926
0.1599 0.1523 0.2237 0.3816 0.5071 0.3494 0.1442 0.1567 0.2353 0.4040 0.5018 0.3180 0.1415 0.1618 0.2480 0.4269 0.4941 0.2835 0.1400 0.1676 0.2622 0.4504 0.4836 0.2470 0.1394 0.1744 0.2782 0.4732 0.4691 0.2088 0.1401 0.1836 0.2997 0.4954 0.4453 0.1735 0.1431 0.1978 0.3321 0.5090 0.4034 0.1524 0.1501 0.2204 0.3809 0.5060 0.3330 0.1419 0.1618 0.2452 0.3438 0.2452 0.1618 0.1419 0.3330 0.5060 0.3809 0.2204 0.1501 0.1524 0.4034 0.5090 0.3321 0.1978 0.1431 0.1735 0.4453 0.4954 0.2997 0.1836 0.1401 0.2088 0.4691 0.4732 0.2782 0.1744 0.1394 0.2470 0.4836 0.4504 0.2622 0.1676 0.1400 0.2835 0.4941 0.4269 0.2480 0.1618 0.1415 0.3180 0.5018 0.4040 0.2353 0.1567 0.1442 0.3494 0.5071 0.3816 0.2237 0.1523 0.1599
0.1625 0.2280 0.3900 0.5054 0.3379 0.1430 0.1586 0.2400 0.4126 0.4992 0.3055 0.1408 0.1638 0.2530 0.4354 0.4907 0.2708 0.1396 0.1699 0.2675 0.4583 0.4793 0.2346 0.1395 0.1768 0.2835 0.4792 0.4645 0.2004 0.1404 0.1856 0.3037 0.4979 0.4419 0.1711 0.1434 0.1987 0.3334 0.5091 0.4034 0.1526 0.1499 0.2194 0.3782 0.5067 0.3385 0.1424 0.1612 0.2495 0.4266 0.5075 0.4266 0.2495 0.1612 0.1424 0.3385 0.5067 0.3782 0.2194 0.1499 0.1526 0.4034 0.5091 0.3334 0.1987 0.1434 0.1711 0.4419 0.4979 0.3037 0.1856 0.1404 0.2004 0.4645 0.4792 0.2835 0.1768 0.1395 0.2346 0.4793 0.4583 0.2675 0.1699 0.1396 0.2708 0.4907 0.4354 0.2530 0.1638 0.1408 0.3055 0.4992 0.4126 0.2400 0.1586 0.1430 0.3379 0.5054 0.3900 0.2280 0.1625
0.2348 0.3985 0.5033 0.3260 0.1421 0.1605 0.2448 0.4212 0.4963 0.2927 0.1403 0.1660 0.2581 0.4438 0.4869 0.2579 0.1395 0.1722 0.2729 0.4659 0.4746 0.2226 0.1396 0.1794 0.2893 0.4852 0.4593 0.1919 0.1409 0.1879 0.3085 0.5005 0.4374 0.1682 0.1439 0.2001 0.3358 0.5093 0.4019 0.1524 0.1499 0.2190 0.3768 0.5071 0.3423 0.1427 0.1604 0.2480 0.4317 0.4920 0.3928 0.4920 0.4317 0.2480 0.1604 0.1427 0.3423 0.5071 0.3768 0.2190 0.1499 0.1524 0.4019 0.5093 0.3358 0.2001 0.1439 0.1682 0.4374 0.5005 0.3085 0.1879 0.1409 0.1919 0.4593 0.4852 0.2893 0.1794 0.1396 0.2226 0.4746 0.4659 0.2729 0.1722 0.1395 0.2579 0.4869 0.4438 0.2581 0.1660 0.1403 0.2927 0.4963 0.4212 0.2448 0.1605 0.1421 0.3260 0.5033 0.3985 0.2348
0.4007 0.5011 0.3137 0.1413 0.1625 0.2497 0.4298 0.4930 0.2797 0.1399 0.1682 0.2635 0.4521 0.4828 0.2449 0.1394 0.1747 0.2785 0.4731 0.4696 0.2111 0.1399 0.1821 0.2953 0.4907 0.4534 0.1840 0.1415 0.1906 0.3140 0.5031 0.4319 0.1651 0.1446 0.2020 0.3394 0.5096 0.3989 0.1518 0.1501 0.2194 0.3768 0.5072 0.3442 0.1430 0.1598 0.2463 0.4296 0.4910 0.2803 0.1470 0.2803 0.4910 0.4296 0.2463 0.1598 0.1430 0.3442 0.5072 0.3768 0.2194 0.1501 0.1518 0.3989 0.5096 0.3394 0.2020 0.1446 0.1651 0.4319 0.5031 0.3140 0.1906 0.1415 0.1840 0.4534 0.4907 0.2953 0.1821 0.1399 0.2111 0.4696 0.4731 0.2785 0.1747 0.1394 0.2449 0.4828 0.4521 0.2635 0.1682 0.1399 0.2797 0.4930 0.4298 0.2497 0.1625 0.1413 0.3137 0.5011 0.4007
0.4992 0.3010 0.1406 0.1646 0.2548 0.4383 0.4894 0.2665 0.1396 0.1706 0.2689 0.4602 0.4782 0.2321 0.1395 0.1772 0.2842 0.4798 0.4643 0.2006 0.1404 0.1849 0.3014 0.4955 0.4470 0.1770 0.1422 0.1935 0.3201 0.5054 0.4256 0.1619 0.1454 0.2044 0.3439 0.5099 0.3944 0.1509 0.1506 0.2204 0.3782 0.5071 0.3442 0.1431 0.1595 0.2451 0.4272 0.4919 0.2690 0.1385 0.1475 0.1385 0.2690 0.4919 0.4272 0.2451 0.1595 0.1431 0.3442 0.5071 0.3782 0.2204 0.1506 0.1509 0.3944 0.5099 0.3439 0.2044 0.1454 0.1619 0.4256 0.5054 0.3201 0.1935 0.1422 0.1770 0.4470 0.4955 0.3014 0.1849 0.1404 0.2006 0.4643 0.4798 0.2842 0.1772 0.1395 0.2321 0.4782 0.4602 0.2689 0.1706 0.1396 0.2665 0.4894 0.4383 0.2548 0.1646 0.1406 0.3010 0.4992
0.2954 0.1401 0.1668 0.2600 0.4468 0.4855 0.2534 0.1394 0.1730 0.2746 0.4679 0.4734 0.2198 0.1397 0.1799 0.2902 0.4860 0.4586 0.1912 0.1409 0.1878 0.3077 0.4996 0.4402 0.1711 0.1431 0.1967 0.3267 0.5073 0.4184 0.1588 0.1464 0.2072 0.3493 0.5100 0.3886 0.1498 0.1513 0.2221 0.3809 0.5067 0.3423 0.1430 0.1595 0.2448 0.4258 0.4926 0.2705 0.1394 0.1679 0.2160 0.1679 0.1394 0.2705 0.4926 0.4258 0.2448 0.1595 0.1430 0.3423 0.5067 0.3809 0.2221 0.1513 0.1498 0.3886 0.5100 0.3493 0.2072 0.1464 0.1588 0.4184 0.5073 0.3267 0.1967 0.1431 0.1711 0.4402 0.4996 0.3077 0.1878 0.1409 0.1912 0.4586 0.4860 0.2902 0.1799 0.1397 0.2198 0.4734 0.4679 0.2746 0.1730 0.1394 0.2534 0.4855 0.4468 0.2600 0.1668 0.1401 0.2954
0.1516 0.1690 0.2654 0.4550 0.4812 0.2404 0.1394 0.1755 0.2803 0.4752 0.4682 0.2083 0.1400 0.1827 0.2964 0.4916 0.4524 0.1830 0.1416 0.1908 0.3142 0.5029 0.4331 0.1662 0.1441 0.2000 0.3335 0.5087 0.4105 0.1560 0.1475 0.2103 0.3555 0.5099 0.3815 0.1485 0.1522 0.2243 0.3848 0.5060 0.3385 0.1427 0.1598 0.2451 0.4258 0.4929 0.2721 0.1395 0.1716 0.2678 0.3779 0.2678 0.1716 0.1395 0.2721 0.4929 0.4258 0.2451 0.1598 0.1427 0.3385 0.5060 0.3848 0.2243 0.1522 0.1485 0.3815 0.5099 0.3555 0.2103 0.1475 0.1560 0.4105 0.5087 0.3335 0.2000 0.1441 0.1662 0.4331 0.5029 0.3142 0.1908 0.1416 0.1830 0.4524 0.4916 0.2964 0.1827 0.1400 0.2083 0.4682 0.4752 0.2803 0.1755 0.1394 0.2404 0.4812 0.4550 0.2654 0.1690 0.1516
0.1781 0.2709 0.4629 0.4766 0.2279 0.1395 0.1781 0.2862 0.4819 0.4626 0.1978 0.1405 0.1856 0.3028 0.4964 0.4458 0.1760 0.1423 0.1939 0.3207 0.5055 0.4256 0.1622 0.1452 0.2033 0.3406 0.5096 0.4021 0.1534 0.1487 0.2138 0.3623 0.5095 0.3735 0.1472 0.1533 0.2271 0.3897 0.5050 0.3330 0.1424 0.1604 0.2463 0.4272 0.4926 0.2721 0.1396 0.1719 0.2742 0.4632 0.5042 0.4632 0.2742 0.1719 0.1396 0.2721 0.4926 0.4272 0.2463 0.1604 0.1424 0.3330 0.5050 0.3897 0.2271 0.1533 0.1472 0.3735 0.5095 0.3623 0.2138 0.1487 0.1534 0.4021 0.5096 0.3406 0.2033 0.1452 0.1622 0.4256 0.5055 0.3207 0.1939 0.1423 0.1760 0.4458 0.4964 0.3028 0.1856 0.1405 0.1978 0.4626 0.4819 0.2862 0.1781 0.1395 0.2279 0.4766 0.4629 0.2709 0.1781
0.2761 0.4702 0.4719 0.2163 0.1397 0.1807 0.2920 0.4877 0.4569 0.1889 0.1410 0.1884 0.3090 0.5002 0.4391 0.1703 0.1432 0.1969 0.3272 0.5074 0.4180 0.1588 0.1463 0.2067 0.3476 0.5099 0.3934 0.1512 0.1499 0.2174 0.3694 0.5088 0.3648 0.1459 0.1545 0.2301 0.3953 0.5038 0.3264 0.1419 0.1612 0.2480 0.4296 0.4919 0.2705 0.1395 0.1719 0.2747 0.4706 0.4731 0.3463 0.4731 0.4706 0.2747 0.1719 0.1395 0.2705 0.4919 0.4296 0.2480 0.1612 0.1419 0.3264 0.5038 0.3953 0.2301 0.1545 0.1459 0.3648 0.5088 0.3694 0.2174 0.1499 0.1512 0.3934 0.5099 0.3476 0.2067 0.1463 0.1588 0.4180 0.5074 0.3272 0.1969 0.1432 0.1703 0.4391 0.5002 0.3090 0.1884 0.1410 0.1889 0.4569 0.4877 0.2920 0.1807 0.1397 0.2163 0.4719 0.4702 0.2761
0.4686 0.4677 0.2075 0.1398 0.1827 0.2968 0.4918 0.4519 0.1824 0.1414 0.1906 0.3142 0.5026 0.4333 0.1663 0.1438 0.1994 0.3327 0.5083 0.4117 0.1562 0.1470 0.2093 0.3533 0.5097 0.3862 0.1495 0.1509 0.2202 0.3754 0.5078 0.3572 0.1448 0.1554 0.2327 0.4002 0.5023 0.3205 0.1414 0.1618 0.2495 0.4317 0.4910 0.2690 0.1394 0.1716 0.2742 0.4706 0.4694 0.2201 0.1396 0.2201 0.4694 0.4706 0.2742 0.1716 0.1394 0.2690 0.4910 0.4317 0.2495 0.1618 0.1414 0.3205 0.5023 0.4002 0.2327 0.1554 0.1448 0.3572 0.5078 0.3754 0.2202 0.1509 0.1495 0.3862 0.5097 0.3533 0.2093 0.1470 0.1562 0.4117 0.5083 0.3327 0.1994 0.1438 0.1663 0.4333 0.5026 0.3142 0.1906 0.1414 0.1824 0.4519 0.4918 0.2968 0.1827 0.1398 0.2075 0.4677 0.4686
0.4708 0.2116 0.1386 0.1802 0.2946 0.4900 0.4527 0.1847 0.1400 0.1881 0.3121 0.5011 0.4350 0.1673 0.1423 0.1967 0.3308 0.5069 0.4143 0.1565 0.1453 0.2065 0.3514 0.5085 0.3898 0.1493 0.1490 0.2174 0.3735 0.5068 0.3616 0.1443 0.1534 0.2296 0.3973 0.5019 0.3275 0.1408 0.1591 0.2452 0.4266 0.4920 0.2803 0.1385 0.1679 0.2678 0.4632 0.4731 0.2201 0.1370 0.1512 0.1370 0.2201 0.4731 0.4632 0.2678 0.1679 0.1385 0.2803 0.4920 0.4266 0.2452 0.1591 0.1408 0.3275 0.5019 0.3973 0.2296 0.1534 0.1443 0.3616 0.5068 0.3735 0.2174 0.1490 0.1493 0.3898 0.5085 0.3514 0.2065 0.1453 0.1565 0.4143 0.5069 0.3308 0.1967 0.1423 0.1673 0.4350 0.5011 0.3121 0.1881 0.1400 0.1847 0.4527 0.4900 0.2946 0.1802 0.1386 0.2116 0.4708
0.3357 0.1385 0.1559 0.2381 0.4176 0.4945 0.3003 0.1369 0.1610 0.2515 0.4406 0.4856 0.2660 0.1364 0.1669 0.2661 0.4622 0.4745 0.2313 0.1368 0.1736 0.2822 0.4815 0.4606 0.1986 0.1379 0.1812 0.3001 0.4959 0.4436 0.1739 0.1398 0.1897 0.3195 0.5043 0.4228 0.1581 0.1427 0.2005 0.3438 0.5075 0.3928 0.1470 0.1475 0.2160 0.3779 0.5042 0.3463 0.1396 0.1512 0.1859 0.1512 0.1396 0.3463 0.5042 0.3779 0.2160 0.1475 0.1470 0.3928 0.5075 0.3438 0.2005 0.1427 0.1581 0.4228 0.5043 0.3195 0.1897 0.1398 0.1739 0.4436 0.4959 0.3001 0.1812 0.1379 0.1986 0.4606 0.4815 0.2822 0.1736 0.1368 0.2313 0.4745 0.4622 0.2661 0.1669 0.1364 0.2660 0.4856 0.4406 0.2515 0.1610 0.1369 0.3003 0.4945 0.4176 0.2381 0.1559 0.1385 0.3357
0.4708 0.2116 0.1386 0.1802 0.2946 0.4900 0.4527 0.1847 0.1400 0.1881 0.3121 0.5011 0.4350 0.1673 0.1423 0.1967 0.3308 0.5069 0.4143 0.1565 0.1453 0.2065 0.3514 0.5085 0.3898 0.1493 0.1490 0.2174 0.3735 0.5068 0.3616 0.1443 0.1534 0.2296 0.3973 0.5019 0.3275 0.1408 0.1591 0.2452 0.4266 0.4920 0.2803 0.1385 0.1679 0.2678 0.4632 0.4731 0.2201 0.1370 0.1512 0.1370 0.2201 0.4731 0.4632 0.2678 0.1679 0.1385 0.2803 0.4920 0.4266 0.2452 0.1591 0.1408 0.3275 0.5019 0.3973 0.2296 0.1534 0.1443 0.3616 0.5068 0.3735 0.2174 0.1490 0.1493 0.3898 0.5085 0.3514 0.2065 0.1453 0.1565 0.4143 0.5069 0.3308 0.1967 0.1423 0.1673 0.4350 0.5011 0.3121 0.1881 0.1400 0.1847 0.4527 0.4900 0.2946 0.1802 0.1386 0.2116 0.4708
0.4686 0.4677 0.2075 0.1398 0.1827 0.2968 0.4918 0.4519 0.1824 0.1414 0.1906 0.3142 0.5026 0.4333 0.1663 0.1438 0.1994 0.3327 0.5083 0.4117 0.1562 0.1470 0.2093 0.3533 0.5097 0.3862 0.1495 0.1509 0.2202 0.3754 0.5078 0.3572 0.1448 0.1554 0.2327 0.4002 0.5023 0.3205 0.1414 0.1618 0.2495 0.4317 0.4910 0.2690 0.1394 0.1716 0.2742 0.4706 0.4694 0.2201 0.1396 0.2201 0.4694 0.4706 0.2742 0.1716 0.1394 0.2690 0.4910 0.4317 0.2495 0.1618 0.1414 0.3205 0.5023 0.4002 0.2327 0.1554 0.1448 0.3572 0.5078 0.3754 0.2202 0.1509 0.1495 0.3862 0.5097 0.3533 0.2093 0.1470 0.1562 0.4117 0.5083 0.3327 0.1994 0.1438 0.1663 0.4333 0.5026 0.3142 0.1906 0.1414 0.1824 0.4519 0.4918 0.2968 0.1827 0.1398 0.2075 0.4677 0.4686
0.2761 0.4702 0.4719 0.2163 0.1397 0.1807 0.2920 0.4877 0.4569 0.1889 0.1410 0.1884 0.3090 0.5002 0.4391 0.1703 0.1432 0.1969 0.3272 0.5074 0.4180 0.1588 0.1463 0.2067 0.3476 0.5099 0.3934 0.1512 0.1499 0.2174 0.3694 0.5088 0.3648 0.1459 0.1545 0.2301 0.3953 0.5038 0.3264 0.1419 0.1612 0.2480 0.4296 0.4919 0.2705 0.1395 0.1719 0.2747 0.4706 0.4731 0.3463 0.4731 0.4706 0.2747 0.1719 0.1395 0.2705 0.4919 0.4296 0.2480 0.1612 0.1419 0.3264 0.5038 0.3953 0.2301 0.1545 0.1459 0.3648 0.5088 0.3694 0.2174 0.1499 0.1512 0.3934 0.5099 0.3476 0.2067 0.1463 0.1588 0.4180 0.5074 0.3272 0.1969 0.1432 0.1703 0.4391 0.5002 0.3090 0.1884 0.1410 0.1889 0.4569 0.4877 0.2920 0.1807 0.1397 0.2163 0.4719 0.4702 0.2761
0.1781 0.2709 0.4629 0.4766 0.2279 0.1395 0.1781 0.2862 0.4819 0.4626 0.1978 0.1405 0.1856 0.3028 0.4964 0.4458 0.1760 0.1423 0.1939 0.3207 0.5055 0.4256 0.1622 0.1452 0.2033 0.3406 0.5096 0.4021 0.1534 0.1487 0.2138 0.3623 0.5095 0.3735 0.1472 0.1533 0.2271 0.3897 0.5050 0.3330 0.1424 0.1604 0.2463 0.4272 0.4926 0.2721 0.1396 0.1719 0.2742 0.4632 0.5042 0.4632 0.2742 0.1719 0.1396 0.2721 0.4926 0.4272 0.2463 0.1604 0.1424 0.3330 0.5050 0.3897 0.2271 0.1533 0.1472 0.3735 0.5095 0.3623 0.2138 0.1487 0.1534 0.4021 0.5096 0.3406 0.2033 0.1452 0.1622 0.4256 0.5055 0.3207 0.1939 0.1423 0.1760 0.4458 0.4964 0.3028 0.1856 0.1405 0.1978 0.4626 0.4819 0.2862 0.1781 0.1395 0.2279 0.4766 0.4629 0.2709 0.1781
0.1516 0.1690 0.2654 0.4550 0.4812 0.2404 0.1394 0.1755 0.2803 0.4752 0.4682 0.2083 0.1400 0.1827 0.2964 0.4916 0.4524 0.1830 0.1416 0.1908 0.3142 0.5029 0.4331 0.1662 0.1441 0.2000 0.3335 0.5087 0.4105 0.1560 0.1475 0.2103 0.3555 0.5099 0.3815 0.1485 0.1522 0.2243 0.3848 0.5060 0.3385 0.1427 0.1598 0.2451 0.4258 0.4929 0.2721 0.1395 0.1716 0.2678 0.3779 0.2678 0.1716 0.1395 0.2721 0.4929 0.4258 0.2451 0.1598 0.1427 0.3385 0.5060 0.3848 0.2243 0.1522 0.1485 0.3815 0.5099 0.3555 0.2103 0.1475 0.1560 0.4105 0.5087 0.3335 0.2000 0.1441 0.1662 0.4331 0.5029 0.3142 0.1908 0.1416 0.1830 0.4524 0.4916 0.2964 0.1827 0.1400 0.2083 0.4682 0.4752 0.2803 0.1755 0.1394 0.2404 0.4812 0.4550 0.2654 0.1690 0.1516
