0.1897 0.2892 0.4860 0.4487 0.1808 0.1546 0.2087 0.3466 0.5087 0.3750 0.1572 0.1652 0.2425 0.4156 0.4940 0.2727 0.1512 0.1822 0.2864 0.4828 0.4525 0.1840 0.1541 0.2067 0.3421 0.5086 0.3815 0.1581 0.1642 0.2397 0.4103 0.4960 0.2809 0.1513 0.1807 0.2828 0.4787 0.4566 0.1879 0.1536 0.2046 0.3375 0.5084 0.3878 0.1591 0.1632 0.2369 0.4044 0.4984 0.3107 0.1623 0.3107 0.4984 0.4044 0.2369 0.1632 0.1591 0.3878 0.5084 0.3375 0.2046 0.1536 0.1879 0.4566 0.4787 0.2828 0.1807 0.1513 0.2809 0.4960 0.4103 0.2397 0.1642 0.1581 0.3815 0.5086 0.3421 0.2067 0.1541 0.1840 0.4525 0.4828 0.2864 0.1822 0.1512 0.2727 0.4940 0.4156 0.2425 0.1652 0.1572 0.3750 0.5087 0.3466 0.2087 0.1546 0.1808 0.4487 0.4860 0.2892 0.1897
0.2892 0.4892 0.4506 0.1747 0.1435 0.2011 0.3431 0.5102 0.3801 0.1468 0.1552 0.2360 0.4138 0.4960 0.2780 0.1396 0.1733 0.2812 0.4829 0.4558 0.1795 0.1428 0.1988 0.3383 0.5100 0.3865 0.1479 0.1541 0.2330 0.4083 0.4979 0.2864 0.1397 0.1717 0.2774 0.4787 0.4597 0.1843 0.1422 0.1967 0.3336 0.5097 0.3927 0.1491 0.1531 0.2301 0.4027 0.4999 0.2984 0.1394 0.1450 0.1394 0.2984 0.4999 0.4027 0.2301 0.1531 0.1491 0.3927 0.5097 0.3336 0.1967 0.1422 0.1843 0.4597 0.4787 0.2774 0.1717 0.1397 0.2864 0.4979 0.4083 0.2330 0.1541 0.1479 0.3865 0.5100 0.3383 0.1988 0.1428 0.1795 0.4558 0.4829 0.2812 0.1733 0.1396 0.2780 0.4960 0.4138 0.2360 0.1552 0.1468 0.3801 0.5102 0.3431 0.2011 0.1435 0.1747 0.4506 0.4892 0.2892
0.4860 0.4506 0.1771 0.1429 0.1985 0.3367 0.5098 0.3895 0.1485 0.1536 0.2314 0.4051 0.4989 0.2909 0.1398 0.1709 0.2753 0.4761 0.4618 0.1872 0.1419 0.1954 0.3310 0.5093 0.3961 0.1498 0.1525 0.2285 0.3996 0.5006 0.2993 0.1400 0.1693 0.2717 0.4715 0.4655 0.1930 0.1414 0.1933 0.3264 0.5087 0.4020 0.1511 0.1515 0.2258 0.3941 0.5022 0.3081 0.1403 0.1626 0.2071 0.1626 0.1403 0.3081 0.5022 0.3941 0.2258 0.1515 0.1511 0.4020 0.5087 0.3264 0.1933 0.1414 0.1930 0.4655 0.4715 0.2717 0.1693 0.1400 0.2993 0.5006 0.3996 0.2285 0.1525 0.1498 0.3961 0.5093 0.3310 0.1954 0.1419 0.1872 0.4618 0.4761 0.2753 0.1709 0.1398 0.2909 0.4989 0.4051 0.2314 0.1536 0.1485 0.3895 0.5098 0.3367 0.1985 0.1429 0.1771 0.4506 0.4860
0.4487 0.1747 0.1429 0.1975 0.3329 0.5094 0.3970 0.1502 0.1521 0.2273 0.3969 0.5014 0.3036 0.1402 0.1685 0.2697 0.4689 0.4674 0.1964 0.1412 0.1922 0.3239 0.5082 0.4052 0.1519 0.1510 0.2242 0.3911 0.5030 0.3119 0.1405 0.1671 0.2661 0.4640 0.4709 0.2030 0.1408 0.1902 0.3194 0.5072 0.4109 0.1535 0.1500 0.2216 0.3857 0.5044 0.3200 0.1409 0.1648 0.2531 0.3566 0.2531 0.1648 0.1409 0.3200 0.5044 0.3857 0.2216 0.1500 0.1535 0.4109 0.5072 0.3194 0.1902 0.1408 0.2030 0.4709 0.4640 0.2661 0.1671 0.1405 0.3119 0.5030 0.3911 0.2242 0.1510 0.1519 0.4052 0.5082 0.3239 0.1922 0.1412 0.1964 0.4674 0.4689 0.2697 0.1685 0.1402 0.3036 0.5014 0.3969 0.2273 0.1521 0.1502 0.3970 0.5094 0.3329 0.1975 0.1429 0.1747 0.4487
0.1808 0.1435 0.1985 0.3329 0.5092 0.4012 0.1515 0.1510 0.2238 0.3895 0.5036 0.3155 0.1407 0.1663 0.2643 0.4613 0.4727 0.2068 0.1406 0.1891 0.3170 0.5065 0.4140 0.1544 0.1495 0.2201 0.3828 0.5051 0.3243 0.1412 0.1649 0.2607 0.4561 0.4759 0.2141 0.1402 0.1871 0.3126 0.5050 0.4193 0.1562 0.1486 0.2175 0.3775 0.5063 0.3320 0.1416 0.1633 0.2557 0.4381 0.5072 0.4381 0.2557 0.1633 0.1416 0.3320 0.5063 0.3775 0.2175 0.1486 0.1562 0.4193 0.5050 0.3126 0.1871 0.1402 0.2141 0.4759 0.4561 0.2607 0.1649 0.1412 0.3243 0.5051 0.3828 0.2201 0.1495 0.1544 0.4140 0.5065 0.3170 0.1891 0.1406 0.2068 0.4727 0.4613 0.2643 0.1663 0.1407 0.3155 0.5036 0.3895 0.2238 0.1510 0.1515 0.4012 0.5092 0.3329 0.1985 0.1435 0.1808
0.1546 0.2011 0.3367 0.5094 0.4012 0.1520 0.1504 0.2214 0.3837 0.5052 0.3258 0.1413 0.1643 0.2592 0.4536 0.4775 0.2180 0.1401 0.1860 0.3103 0.5041 0.4222 0.1573 0.1481 0.2160 0.3745 0.5068 0.3363 0.1419 0.1628 0.2555 0.4479 0.4806 0.2261 0.1398 0.1841 0.3060 0.5021 0.4274 0.1594 0.1473 0.2135 0.3693 0.5078 0.3438 0.1425 0.1614 0.2519 0.4401 0.4879 0.3812 0.4879 0.4401 0.2519 0.1614 0.1425 0.3438 0.5078 0.3693 0.2135 0.1473 0.1594 0.4274 0.5021 0.3060 0.1841 0.1398 0.2261 0.4806 0.4479 0.2555 0.1628 0.1419 0.3363 0.5068 0.3745 0.2160 0.1481 0.1573 0.4222 0.5041 0.3103 0.1860 0.1401 0.2180 0.4775 0.4536 0.2592 0.1643 0.1413 0.3258 0.5052 0.3837 0.2214 0.1504 0.1520 0.4012 0.5094 0.3367 0.2011 0.1546
0.2087 0.3431 0.5098 0.3970 0.1515 0.1504 0.2205 0.3805 0.5062 0.3337 0.1419 0.1626 0.2547 0.4462 0.4817 0.2296 0.1397 0.1832 0.3038 0.5010 0.4301 0.1606 0.1468 0.2121 0.3664 0.5082 0.3478 0.1429 0.1607 0.2504 0.4395 0.4849 0.2387 0.1396 0.1813 0.2995 0.4985 0.4351 0.1631 0.1461 0.2096 0.3613 0.5089 0.3550 0.1436 0.1595 0.2471 0.4335 0.4883 0.2685 0.1449 0.2685 0.4883 0.4335 0.2471 0.1595 0.1436 0.3550 0.5089 0.3613 0.2096 0.1461 0.1631 0.4351 0.4985 0.2995 0.1813 0.1396 0.2387 0.4849 0.4395 0.2504 0.1607 0.1429 0.3478 0.5082 0.3664 0.2121 0.1468 0.1606 0.4301 0.5010 0.3038 0.1832 0.1397 0.2296 0.4817 0.4462 0.2547 0.1626 0.1419 0.3337 0.5062 0.3805 0.2205 0.1504 0.1515 0.3970 0.5098 0.3431 0.2087
0.3466 0.5102 0.3895 0.1502 0.1510 0.2214 0.3805 0.5065 0.3380 0.1424 0.1614 0.2511 0.4395 0.4853 0.2409 0.1395 0.1806 0.2977 0.4972 0.4374 0.1645 0.1456 0.2083 0.3585 0.5092 0.3590 0.1440 0.1588 0.2454 0.4310 0.4889 0.2516 0.1394 0.1785 0.2932 0.4941 0.4423 0.1676 0.1449 0.2059 0.3534 0.5097 0.3659 0.1448 0.1576 0.2423 0.4254 0.4914 0.2637 0.1383 0.1485 0.1383 0.2637 0.4914 0.4254 0.2423 0.1576 0.1448 0.3659 0.5097 0.3534 0.2059 0.1449 0.1676 0.4423 0.4941 0.2932 0.1785 0.1394 0.2516 0.4889 0.4310 0.2454 0.1588 0.1440 0.3590 0.5092 0.3585 0.2083 0.1456 0.1645 0.4374 0.4972 0.2977 0.1806 0.1395 0.2409 0.4853 0.4395 0.2511 0.1614 0.1424 0.3380 0.5065 0.3805 0.2214 0.1510 0.1502 0.3895 0.5102 0.3466
0.5087 0.3801 0.1485 0.1521 0.2238 0.3837 0.5062 0.3380 0.1425 0.1607 0.2487 0.4345 0.4881 0.2507 0.1394 0.1782 0.2920 0.4929 0.4442 0.1690 0.1445 0.2047 0.3509 0.5098 0.3696 0.1453 0.1570 0.2406 0.4224 0.4925 0.2647 0.1394 0.1759 0.2871 0.4888 0.4492 0.1729 0.1438 0.2023 0.3458 0.5100 0.3764 0.1462 0.1558 0.2376 0.4168 0.4947 0.2739 0.1393 0.1685 0.2177 0.1685 0.1393 0.2739 0.4947 0.4168 0.2376 0.1558 0.1462 0.3764 0.5100 0.3458 0.2023 0.1438 0.1729 0.4492 0.4888 0.2871 0.1759 0.1394 0.2647 0.4925 0.4224 0.2406 0.1570 0.1453 0.3696 0.5098 0.3509 0.2047 0.1445 0.1690 0.4442 0.4929 0.2920 0.1782 0.1394 0.2507 0.4881 0.4345 0.2487 0.1607 0.1425 0.3380 0.5062 0.3837 0.2238 0.1521 0.1485 0.3801 0.5087
0.3750 0.1468 0.1536 0.2273 0.3895 0.5052 0.3337 0.1424 0.1607 0.2478 0.4317 0.4898 0.2582 0.1394 0.1762 0.2871 0.4883 0.4503 0.1742 0.1435 0.2013 0.3436 0.5100 0.3797 0.1467 0.1552 0.2360 0.4138 0.4959 0.2778 0.1395 0.1733 0.2812 0.4828 0.4557 0.1794 0.1428 0.1988 0.3383 0.5099 0.3864 0.1479 0.1541 0.2330 0.4082 0.4978 0.2864 0.1397 0.1708 0.2675 0.3786 0.2675 0.1708 0.1397 0.2864 0.4978 0.4082 0.2330 0.1541 0.1479 0.3864 0.5099 0.3383 0.1988 0.1428 0.1794 0.4557 0.4828 0.2812 0.1733 0.1395 0.2778 0.4959 0.4138 0.2360 0.1552 0.1467 0.3797 0.5100 0.3436 0.2013 0.1435 0.1742 0.4503 0.4883 0.2871 0.1762 0.1394 0.2582 0.4898 0.4317 0.2478 0.1607 0.1424 0.3337 0.5052 0.3895 0.2273 0.1536 0.1468 0.3750
0.1572 0.1552 0.2314 0.3969 0.5036 0.3258 0.1419 0.1614 0.2487 0.4317 0.4904 0.2622 0.1395 0.1748 0.2833 0.4841 0.4553 0.1797 0.1427 0.1982 0.3367 0.5098 0.3892 0.1484 0.1536 0.2316 0.4054 0.4988 0.2907 0.1398 0.1709 0.2754 0.4762 0.4618 0.1872 0.1419 0.1955 0.3310 0.5093 0.3960 0.1497 0.1525 0.2286 0.3996 0.5006 0.2992 0.1400 0.1692 0.2700 0.4598 0.5045 0.4598 0.2700 0.1692 0.1400 0.2992 0.5006 0.3996 0.2286 0.1525 0.1497 0.3960 0.5093 0.3310 0.1955 0.1419 0.1872 0.4618 0.4762 0.2754 0.1709 0.1398 0.2907 0.4988 0.4054 0.2316 0.1536 0.1484 0.3892 0.5098 0.3367 0.1982 0.1427 0.1797 0.4553 0.4841 0.2833 0.1748 0.1395 0.2622 0.4904 0.4317 0.2487 0.1614 0.1419 0.3258 0.5036 0.3969 0.2314 0.1552 0.1572
0.1652 0.2360 0.4051 0.5014 0.3155 0.1413 0.1626 0.2511 0.4345 0.4898 0.2622 0.1395 0.1741 0.2809 0.4807 0.4592 0.1851 0.1420 0.1955 0.3304 0.5092 0.3979 0.1502 0.1521 0.2274 0.3971 0.5014 0.3032 0.1402 0.1686 0.2698 0.4690 0.4674 0.1963 0.1412 0.1922 0.3239 0.5082 0.4052 0.1519 0.1510 0.2243 0.3912 0.5030 0.3119 0.1405 0.1670 0.2658 0.4617 0.4769 0.3537 0.4769 0.4617 0.2658 0.1670 0.1405 0.3119 0.5030 0.3912 0.2243 0.1510 0.1519 0.4052 0.5082 0.3239 0.1922 0.1412 0.1963 0.4674 0.4690 0.2698 0.1686 0.1402 0.3032 0.5014 0.3971 0.2274 0.1521 0.1502 0.3979 0.5092 0.3304 0.1955 0.1420 0.1851 0.4592 0.4807 0.2809 0.1741 0.1395 0.2622 0.4898 0.4345 0.2511 0.1626 0.1413 0.3155 0.5014 0.4051 0.2360 0.1652
0.2425 0.4138 0.4989 0.3036 0.1407 0.1643 0.2547 0.4395 0.4881 0.2582 0.1395 0.1741 0.2800 0.4788 0.4616 0.1894 0.1415 0.1933 0.3251 0.5083 0.4056 0.1522 0.1507 0.2234 0.3891 0.5036 0.3154 0.1407 0.1664 0.2645 0.4616 0.4725 0.2065 0.1406 0.1891 0.3171 0.5065 0.4139 0.1544 0.1495 0.2201 0.3828 0.5051 0.3242 0.1412 0.1649 0.2607 0.4557 0.4770 0.2339 0.1407 0.2339 0.4770 0.4557 0.2607 0.1649 0.1412 0.3242 0.5051 0.3828 0.2201 0.1495 0.1544 0.4139 0.5065 0.3171 0.1891 0.1406 0.2065 0.4725 0.4616 0.2645 0.1664 0.1407 0.3154 0.5036 0.3891 0.2234 0.1507 0.1522 0.4056 0.5083 0.3251 0.1933 0.1415 0.1894 0.4616 0.4788 0.2800 0.1741 0.1395 0.2582 0.4881 0.4395 0.2547 0.1643 0.1407 0.3036 0.4989 0.4138 0.2425
0.4156 0.4960 0.2909 0.1402 0.1663 0.2592 0.4462 0.4853 0.2507 0.1394 0.1748 0.2809 0.4788 0.4624 0.1919 0.1413 0.1917 0.3210 0.5072 0.4120 0.1542 0.1495 0.2197 0.3816 0.5055 0.3271 0.1413 0.1643 0.2593 0.4538 0.4773 0.2176 0.1401 0.1862 0.3105 0.5041 0.4221 0.1573 0.1482 0.2160 0.3745 0.5068 0.3362 0.1419 0.1628 0.2555 0.4478 0.4808 0.2294 0.1381 0.1526 0.1381 0.2294 0.4808 0.4478 0.2555 0.1628 0.1419 0.3362 0.5068 0.3745 0.2160 0.1482 0.1573 0.4221 0.5041 0.3105 0.1862 0.1401 0.2176 0.4773 0.4538 0.2593 0.1643 0.1413 0.3271 0.5055 0.3816 0.2197 0.1495 0.1542 0.4120 0.5072 0.3210 0.1917 0.1413 0.1919 0.4624 0.4788 0.2809 0.1748 0.1394 0.2507 0.4853 0.4462 0.2592 0.1663 0.1402 0.2909 0.4960 0.4156
0.4940 0.2780 0.1398 0.1685 0.2643 0.4536 0.4817 0.2409 0.1394 0.1762 0.2833 0.4807 0.4616 0.1919 0.1412 0.1908 0.3183 0.5063 0.4169 0.1560 0.1485 0.2166 0.3748 0.5069 0.3377 0.1421 0.1623 0.2543 0.4458 0.4818 0.2294 0.1398 0.1833 0.3041 0.5011 0.4298 0.1605 0.1469 0.2122 0.3665 0.5082 0.3478 0.1429 0.1607 0.2504 0.4395 0.4849 0.2393 0.1393 0.1751 0.2293 0.1751 0.1393 0.2393 0.4849 0.4395 0.2504 0.1607 0.1429 0.3478 0.5082 0.3665 0.2122 0.1469 0.1605 0.4298 0.5011 0.3041 0.1833 0.1398 0.2294 0.4818 0.4458 0.2543 0.1623 0.1421 0.3377 0.5069 0.3748 0.2166 0.1485 0.1560 0.4169 0.5063 0.3183 0.1908 0.1412 0.1919 0.4616 0.4807 0.2833 0.1762 0.1394 0.2409 0.4817 0.4536 0.2643 0.1685 0.1398 0.2780 0.4940
0.2727 0.1396 0.1709 0.2697 0.4613 0.4775 0.2296 0.1395 0.1782 0.2871 0.4841 0.4592 0.1894 0.1413 0.1908 0.3174 0.5057 0.4200 0.1574 0.1478 0.2140 0.3690 0.5080 0.3472 0.1429 0.1606 0.2497 0.4379 0.4858 0.2417 0.1395 0.1806 0.2979 0.4974 0.4372 0.1644 0.1457 0.2085 0.3587 0.5092 0.3588 0.1440 0.1588 0.2455 0.4310 0.4889 0.2517 0.1394 0.1775 0.2830 0.4014 0.2830 0.1775 0.1394 0.2517 0.4889 0.4310 0.2455 0.1588 0.1440 0.3588 0.5092 0.3587 0.2085 0.1457 0.1644 0.4372 0.4974 0.2979 0.1806 0.1395 0.2417 0.4858 0.4379 0.2497 0.1606 0.1429 0.3472 0.5080 0.3690 0.2140 0.1478 0.1574 0.4200 0.5057 0.3174 0.1908 0.1413 0.1894 0.4592 0.4841 0.2871 0.1782 0.1395 0.2296 0.4775 0.4613 0.2697 0.1709 0.1396 0.2727
0.1512 0.1733 0.2753 0.4689 0.4727 0.2180 0.1397 0.1806 0.2920 0.4883 0.4553 0.1851 0.1415 0.1917 0.3183 0.5057 0.4210 0.1582 0.1473 0.2123 0.3646 0.5087 0.3550 0.1437 0.1590 0.2455 0.4304 0.4894 0.2538 0.1394 0.1779 0.2918 0.4929 0.4441 0.1689 0.1446 0.2049 0.3512 0.5098 0.3692 0.1452 0.1570 0.2407 0.4225 0.4925 0.2647 0.1394 0.1757 0.2854 0.4790 0.4994 0.4790 0.2854 0.1757 0.1394 0.2647 0.4925 0.4225 0.2407 0.1570 0.1452 0.3692 0.5098 0.3512 0.2049 0.1446 0.1689 0.4441 0.4929 0.2918 0.1779 0.1394 0.2538 0.4894 0.4304 0.2455 0.1590 0.1437 0.3550 0.5087 0.3646 0.2123 0.1473 0.1582 0.4210 0.5057 0.3183 0.1917 0.1415 0.1851 0.4553 0.4883 0.2920 0.1806 0.1397 0.2180 0.4727 0.4689 0.2753 0.1733 0.1512
0.1822 0.2812 0.4761 0.4674 0.2068 0.1401 0.1832 0.2977 0.4929 0.4503 0.1797 0.1420 0.1933 0.3210 0.5063 0.4200 0.1582 0.1472 0.2114 0.3618 0.5092 0.3608 0.1445 0.1577 0.2419 0.4236 0.4924 0.2652 0.1394 0.1755 0.2860 0.4877 0.4507 0.1743 0.1435 0.2014 0.3438 0.5100 0.3793 0.1467 0.1553 0.2362 0.4141 0.4958 0.2776 0.1395 0.1733 0.2809 0.4809 0.4636 0.3232 0.4636 0.4809 0.2809 0.1733 0.1395 0.2776 0.4958 0.4141 0.2362 0.1553 0.1467 0.3793 0.5100 0.3438 0.2014 0.1435 0.1743 0.4507 0.4877 0.2860 0.1755 0.1394 0.2652 0.4924 0.4236 0.2419 0.1577 0.1445 0.3608 0.5092 0.3618 0.2114 0.1472 0.1582 0.4200 0.5063 0.3210 0.1933 0.1420 0.1797 0.4503 0.4929 0.2977 0.1832 0.1401 0.2068 0.4674 0.4761 0.2812 0.1822
0.2864 0.4829 0.4618 0.1964 0.1406 0.1860 0.3038 0.4972 0.4442 0.1742 0.1427 0.1955 0.3251 0.5072 0.4169 0.1574 0.1473 0.2114 0.3609 0.5094 0.3645 0.1451 0.1568 0.2390 0.4178 0.4949 0.2755 0.1395 0.1733 0.2807 0.4820 0.4568 0.1808 0.1426 0.1981 0.3366 0.5098 0.3889 0.1483 0.1537 0.2318 0.4057 0.4987 0.2903 0.1398 0.1710 0.2754 0.4759 0.4631 0.2022 0.1380 0.2022 0.4631 0.4759 0.2754 0.1710 0.1398 0.2903 0.4987 0.4057 0.2318 0.1537 0.1483 0.3889 0.5098 0.3366 0.1981 0.1426 0.1808 0.4568 0.4820 0.2807 0.1733 0.1395 0.2755 0.4949 0.4178 0.2390 0.1568 0.1451 0.3645 0.5094 0.3609 0.2114 0.1473 0.1574 0.4169 0.5072 0.3251 0.1955 0.1427 0.1742 0.4442 0.4972 0.3038 0.1860 0.1406 0.1964 0.4618 0.4829 0.2864
0.4828 0.4558 0.1872 0.1412 0.1891 0.3103 0.5010 0.4374 0.1690 0.1435 0.1982 0.3304 0.5083 0.4120 0.1560 0.1478 0.2123 0.3618 0.5094 0.3658 0.1454 0.1562 0.2370 0.4133 0.4968 0.2842 0.1397 0.1714 0.2760 0.4763 0.4621 0.1881 0.1418 0.1949 0.3296 0.5091 0.3981 0.1502 0.1521 0.2275 0.3974 0.5013 0.3027 0.1402 0.1687 0.2700 0.4692 0.4675 0.1987 0.1389 0.1574 0.1389 0.1987 0.4675 0.4692 0.2700 0.1687 0.1402 0.3027 0.5013 0.3974 0.2275 0.1521 0.1502 0.3981 0.5091 0.3296 0.1949 0.1418 0.1881 0.4621 0.4763 0.2760 0.1714 0.1397 0.2842 0.4968 0.4133 0.2370 0.1562 0.1454 0.3658 0.5094 0.3618 0.2123 0.1478 0.1560 0.4120 0.5083 0.3304 0.1982 0.1435 0.1690 0.4374 0.5010 0.3103 0.1891 0.1412 0.1872 0.4558 0.4828
0.4525 0.1795 0.1419 0.1922 0.3170 0.5041 0.4301 0.1645 0.1445 0.2013 0.3367 0.5092 0.4056 0.1542 0.1485 0.2140 0.3646 0.5092 0.3645 0.1454 0.1560 0.2360 0.4106 0.4980 0.2908 0.1399 0.1699 0.2719 0.4708 0.4667 0.1959 0.1412 0.1919 0.3230 0.5080 0.4068 0.1524 0.1507 0.2233 0.3892 0.5035 0.3149 0.1407 0.1665 0.2647 0.4618 0.4724 0.2068 0.1402 0.1826 0.2422 0.1826 0.1402 0.2068 0.4724 0.4618 0.2647 0.1665 0.1407 0.3149 0.5035 0.3892 0.2233 0.1507 0.1524 0.4068 0.5080 0.3230 0.1919 0.1412 0.1959 0.4667 0.4708 0.2719 0.1699 0.1399 0.2908 0.4980 0.4106 0.2360 0.1560 0.1454 0.3645 0.5092 0.3646 0.2140 0.1485 0.1542 0.4056 0.5092 0.3367 0.2013 0.1445 0.1645 0.4301 0.5041 0.3170 0.1922 0.1419 0.1795 0.4525
0.1840 0.1428 0.1954 0.3239 0.5065 0.4222 0.1606 0.1456 0.2047 0.3436 0.5098 0.3979 0.1522 0.1495 0.2166 0.3690 0.5087 0.3608 0.1451 0.1562 0.2360 0.4096 0.4986 0.2950 0.1401 0.1687 0.2687 0.4660 0.4705 0.2036 0.1407 0.1893 0.3170 0.5063 0.4148 0.1548 0.1493 0.2193 0.3811 0.5055 0.3269 0.1413 0.1644 0.2595 0.4541 0.4772 0.2174 0.1401 0.1852 0.3001 0.4250 0.3001 0.1852 0.1401 0.2174 0.4772 0.4541 0.2595 0.1644 0.1413 0.3269 0.5055 0.3811 0.2193 0.1493 0.1548 0.4148 0.5063 0.3170 0.1893 0.1407 0.2036 0.4705 0.4660 0.2687 0.1687 0.1401 0.2950 0.4986 0.4096 0.2360 0.1562 0.1451 0.3608 0.5087 0.3690 0.2166 0.1495 0.1522 0.3979 0.5098 0.3436 0.2047 0.1456 0.1606 0.4222 0.5065 0.3239 0.1954 0.1428 0.1840
0.1541 0.1988 0.3310 0.5082 0.4140 0.1573 0.1468 0.2083 0.3509 0.5100 0.3892 0.1502 0.1507 0.2197 0.3748 0.5080 0.3550 0.1445 0.1568 0.2370 0.4106 0.4986 0.2964 0.1401 0.1680 0.2665 0.4622 0.4734 0.2106 0.1403 0.1870 0.3116 0.5044 0.4220 0.1574 0.1480 0.2155 0.3733 0.5071 0.3384 0.1421 0.1623 0.2544 0.4461 0.4816 0.2290 0.1398 0.1832 0.3024 0.4943 0.4918 0.4943 0.3024 0.1832 0.1398 0.2290 0.4816 0.4461 0.2544 0.1623 0.1421 0.3384 0.5071 0.3733 0.2155 0.1480 0.1574 0.4220 0.5044 0.3116 0.1870 0.1403 0.2106 0.4734 0.4622 0.2665 0.1680 0.1401 0.2964 0.4986 0.4106 0.2370 0.1568 0.1445 0.3550 0.5080 0.3748 0.2197 0.1507 0.1502 0.3892 0.5100 0.3509 0.2083 0.1468 0.1573 0.4140 0.5082 0.3310 0.1988 0.1541
0.2067 0.3383 0.5093 0.4052 0.1544 0.1481 0.2121 0.3585 0.5098 0.3797 0.1484 0.1521 0.2234 0.3816 0.5069 0.3472 0.1437 0.1577 0.2390 0.4133 0.4980 0.2950 0.1401 0.1677 0.2653 0.4598 0.4754 0.2162 0.1401 0.1852 0.3070 0.5022 0.4283 0.1602 0.1469 0.2120 0.3658 0.5084 0.3494 0.1430 0.1604 0.2495 0.4379 0.4857 0.2413 0.1395 0.1806 0.2977 0.4961 0.4471 0.2890 0.4471 0.4961 0.2977 0.1806 0.1395 0.2413 0.4857 0.4379 0.2495 0.1604 0.1430 0.3494 0.5084 0.3658 0.2120 0.1469 0.1602 0.4283 0.5022 0.3070 0.1852 0.1401 0.2162 0.4754 0.4598 0.2653 0.1677 0.1401 0.2950 0.4980 0.4133 0.2390 0.1577 0.1437 0.3472 0.5069 0.3816 0.2234 0.1521 0.1484 0.3797 0.5098 0.3585 0.2121 0.1481 0.1544 0.4052 0.5093 0.3383 0.2067
0.3421 0.5100 0.3961 0.1519 0.1495 0.2160 0.3664 0.5092 0.3696 0.1467 0.1536 0.2274 0.3891 0.5055 0.3377 0.1429 0.1590 0.2419 0.4178 0.4968 0.2908 0.1401 0.1680 0.2653 0.4590 0.4764 0.2198 0.1399 0.1838 0.3035 0.5000 0.4335 0.1630 0.1460 0.2089 0.3590 0.5092 0.3596 0.1441 0.1586 0.2447 0.4296 0.4895 0.2539 0.1394 0.1780 0.2919 0.4927 0.4458 0.1777 0.1366 0.1777 0.4458 0.4927 0.2919 0.1780 0.1394 0.2539 0.4895 0.4296 0.2447 0.1586 0.1441 0.3596 0.5092 0.3590 0.2089 0.1460 0.1630 0.4335 0.5000 0.3035 0.1838 0.1399 0.2198 0.4764 0.4590 0.2653 0.1680 0.1401 0.2908 0.4968 0.4178 0.2419 0.1590 0.1429 0.3377 0.5055 0.3891 0.2274 0.1536 0.1467 0.3696 0.5092 0.3664 0.2160 0.1495 0.1519 0.3961 0.5100 0.3421
0.5086 0.3865 0.1498 0.1510 0.2201 0.3745 0.5082 0.3590 0.1453 0.1552 0.2316 0.3971 0.5036 0.3271 0.1421 0.1606 0.2455 0.4236 0.4949 0.2842 0.1399 0.1687 0.2665 0.4598 0.4764 0.2210 0.1398 0.1830 0.3010 0.4982 0.4375 0.1656 0.1452 0.2062 0.3530 0.5098 0.3687 0.1453 0.1569 0.2403 0.4214 0.4930 0.2666 0.1394 0.1755 0.2860 0.4877 0.4509 0.1758 0.1407 0.1630 0.1407 0.1758 0.4509 0.4877 0.2860 0.1755 0.1394 0.2666 0.4930 0.4214 0.2403 0.1569 0.1453 0.3687 0.5098 0.3530 0.2062 0.1452 0.1656 0.4375 0.4982 0.3010 0.1830 0.1398 0.2210 0.4764 0.4598 0.2665 0.1687 0.1399 0.2842 0.4949 0.4236 0.2455 0.1606 0.1421 0.3271 0.5036 0.3971 0.2316 0.1552 0.1453 0.3590 0.5082 0.3745 0.2201 0.1510 0.1498 0.3865 0.5086
0.3815 0.1479 0.1525 0.2242 0.3828 0.5068 0.3478 0.1440 0.1570 0.2360 0.4054 0.5014 0.3154 0.1413 0.1623 0.2497 0.4304 0.4924 0.2755 0.1397 0.1699 0.2687 0.4622 0.4754 0.2198 0.1398 0.1827 0.2997 0.4970 0.4403 0.1677 0.1446 0.2040 0.3479 0.5100 0.3766 0.1464 0.1554 0.2362 0.4137 0.4960 0.2791 0.1396 0.1730 0.2803 0.4818 0.4568 0.1811 0.1422 0.1911 0.2566 0.1911 0.1422 0.1811 0.4568 0.4818 0.2803 0.1730 0.1396 0.2791 0.4960 0.4137 0.2362 0.1554 0.1464 0.3766 0.5100 0.3479 0.2040 0.1446 0.1677 0.4403 0.4970 0.2997 0.1827 0.1398 0.2198 0.4754 0.4622 0.2687 0.1699 0.1397 0.2755 0.4924 0.4304 0.2497 0.1623 0.1413 0.3154 0.5014 0.4054 0.2360 0.1570 0.1440 0.3478 0.5068 0.3828 0.2242 0.1525 0.1479 0.3815
0.1581 0.1541 0.2285 0.3911 0.5051 0.3363 0.1429 0.1588 0.2406 0.4138 0.4988 0.3032 0.1407 0.1643 0.2543 0.4379 0.4894 0.2652 0.1395 0.1714 0.2719 0.4660 0.4734 0.2162 0.1399 0.1830 0.2997 0.4965 0.4417 0.1691 0.1442 0.2024 0.3439 0.5100 0.3833 0.1476 0.1542 0.2326 0.4065 0.4986 0.2908 0.1398 0.1707 0.2748 0.4753 0.4625 0.1886 0.1417 0.1938 0.3189 0.4487 0.3189 0.1938 0.1417 0.1886 0.4625 0.4753 0.2748 0.1707 0.1398 0.2908 0.4986 0.4065 0.2326 0.1542 0.1476 0.3833 0.5100 0.3439 0.2024 0.1442 0.1691 0.4417 0.4965 0.2997 0.1830 0.1399 0.2162 0.4734 0.4660 0.2719 0.1714 0.1395 0.2652 0.4894 0.4379 0.2543 0.1643 0.1407 0.3032 0.4988 0.4138 0.2406 0.1588 0.1429 0.3363 0.5051 0.3911 0.2285 0.1541 0.1581
0.1642 0.2330 0.3996 0.5030 0.3243 0.1419 0.1607 0.2454 0.4224 0.4959 0.2907 0.1402 0.1664 0.2593 0.4458 0.4858 0.2538 0.1394 0.1733 0.2760 0.4708 0.4705 0.2106 0.1401 0.1838 0.3010 0.4970 0.4417 0.1697 0.1440 0.2014 0.3412 0.5099 0.3884 0.1487 0.1531 0.2294 0.4001 0.5008 0.3015 0.1402 0.1686 0.2696 0.4685 0.4679 0.1974 0.1411 0.1916 0.3210 0.5038 0.4818 0.5038 0.3210 0.1916 0.1411 0.1974 0.4679 0.4685 0.2696 0.1686 0.1402 0.3015 0.5008 0.4001 0.2294 0.1531 0.1487 0.3884 0.5099 0.3412 0.2014 0.1440 0.1697 0.4417 0.4970 0.3010 0.1838 0.1401 0.2106 0.4705 0.4708 0.2760 0.1733 0.1394 0.2538 0.4858 0.4458 0.2593 0.1664 0.1402 0.2907 0.4959 0.4224 0.2454 0.1607 0.1419 0.3243 0.5030 0.3996 0.2330 0.1642
0.2397 0.4083 0.5006 0.3119 0.1412 0.1628 0.2504 0.4310 0.4925 0.2778 0.1398 0.1686 0.2645 0.4538 0.4818 0.2417 0.1394 0.1755 0.2807 0.4763 0.4667 0.2036 0.1403 0.1852 0.3035 0.4982 0.4403 0.1691 0.1440 0.2011 0.3398 0.5098 0.3919 0.1495 0.1523 0.2269 0.3946 0.5025 0.3109 0.1406 0.1667 0.2649 0.4617 0.4727 0.2072 0.1405 0.1887 0.3159 0.5054 0.4274 0.2527 0.4274 0.5054 0.3159 0.1887 0.1405 0.2072 0.4727 0.4617 0.2649 0.1667 0.1406 0.3109 0.5025 0.3946 0.2269 0.1523 0.1495 0.3919 0.5098 0.3398 0.2011 0.1440 0.1691 0.4403 0.4982 0.3035 0.1852 0.1403 0.2036 0.4667 0.4763 0.2807 0.1755 0.1394 0.2417 0.4818 0.4538 0.2645 0.1686 0.1398 0.2778 0.4925 0.4310 0.2504 0.1628 0.1412 0.3119 0.5006 0.4083 0.2397
0.4103 0.4979 0.2993 0.1405 0.1649 0.2555 0.4395 0.4889 0.2647 0.1395 0.1709 0.2698 0.4616 0.4773 0.2294 0.1395 0.1779 0.2860 0.4820 0.4621 0.1959 0.1407 0.1870 0.3070 0.5000 0.4375 0.1677 0.1442 0.2014 0.3398 0.5098 0.3937 0.1501 0.1517 0.2250 0.3903 0.5038 0.3188 0.1410 0.1651 0.2607 0.4552 0.4769 0.2173 0.1401 0.1860 0.3098 0.5037 0.4252 0.1625 0.1365 0.1625 0.4252 0.5037 0.3098 0.1860 0.1401 0.2173 0.4769 0.4552 0.2607 0.1651 0.1410 0.3188 0.5038 0.3903 0.2250 0.1517 0.1501 0.3937 0.5098 0.3398 0.2014 0.1442 0.1677 0.4375 0.5000 0.3070 0.1870 0.1407 0.1959 0.4621 0.4820 0.2860 0.1779 0.1395 0.2294 0.4773 0.4616 0.2698 0.1709 0.1395 0.2647 0.4889 0.4395 0.2555 0.1649 0.1405 0.2993 0.4979 0.4103
0.4960 0.2864 0.1400 0.1671 0.2607 0.4479 0.4849 0.2516 0.1394 0.1733 0.2754 0.4690 0.4725 0.2176 0.1398 0.1806 0.2918 0.4877 0.4568 0.1881 0.1412 0.1893 0.3116 0.5022 0.4335 0.1656 0.1446 0.2024 0.3412 0.5098 0.3937 0.1503 0.1515 0.2239 0.3873 0.5047 0.3249 0.1414 0.1638 0.2571 0.4491 0.4805 0.2272 0.1398 0.1834 0.3039 0.5009 0.4309 0.1618 0.1434 0.1694 0.1434 0.1618 0.4309 0.5009 0.3039 0.1834 0.1398 0.2272 0.4805 0.4491 0.2571 0.1638 0.1414 0.3249 0.5047 0.3873 0.2239 0.1515 0.1503 0.3937 0.5098 0.3412 0.2024 0.1446 0.1656 0.4335 0.5022 0.3116 0.1893 0.1412 0.1881 0.4568 0.4877 0.2918 0.1806 0.1398 0.2176 0.4725 0.4690 0.2754 0.1733 0.1394 0.2516 0.4849 0.4479 0.2607 0.1671 0.1400 0.2864 0.4960
0.2809 0.1397 0.1693 0.2661 0.4561 0.4806 0.2387 0.1394 0.1759 0.2812 0.4762 0.4674 0.2065 0.1401 0.1833 0.2979 0.4929 0.4507 0.1808 0.1418 0.1919 0.3170 0.5044 0.4283 0.1630 0.1452 0.2040 0.3439 0.5099 0.3919 0.1501 0.1515 0.2235 0.3858 0.5052 0.3291 0.1417 0.1627 0.2541 0.4439 0.4835 0.2363 0.1396 0.1811 0.2985 0.4975 0.4373 0.1648 0.1451 0.2006 0.2724 0.2006 0.1451 0.1648 0.4373 0.4975 0.2985 0.1811 0.1396 0.2363 0.4835 0.4439 0.2541 0.1627 0.1417 0.3291 0.5052 0.3858 0.2235 0.1515 0.1501 0.3919 0.5099 0.3439 0.2040 0.1452 0.1630 0.4283 0.5044 0.3170 0.1919 0.1418 0.1808 0.4507 0.4929 0.2979 0.1833 0.1401 0.2065 0.4674 0.4762 0.2812 0.1759 0.1394 0.2387 0.4806 0.4561 0.2661 0.1693 0.1397 0.2809
0.1513 0.1717 0.2717 0.4640 0.4759 0.2261 0.1396 0.1785 0.2871 0.4828 0.4618 0.1963 0.1406 0.1862 0.3041 0.4974 0.4441 0.1743 0.1426 0.1949 0.3230 0.5063 0.4220 0.1602 0.1460 0.2062 0.3479 0.5100 0.3884 0.1495 0.1517 0.2239 0.3858 0.5054 0.3313 0.1419 0.1620 0.2520 0.4397 0.4859 0.2443 0.1395 0.1791 0.2937 0.4939 0.4433 0.1687 0.1445 0.2035 0.3393 0.4707 0.3393 0.2035 0.1445 0.1687 0.4433 0.4939 0.2937 0.1791 0.1395 0.2443 0.4859 0.4397 0.2520 0.1620 0.1419 0.3313 0.5054 0.3858 0.2239 0.1517 0.1495 0.3884 0.5100 0.3479 0.2062 0.1460 0.1602 0.4220 0.5063 0.3230 0.1949 0.1426 0.1743 0.4441 0.4974 0.3041 0.1862 0.1406 0.1963 0.4618 0.4828 0.2871 0.1785 0.1396 0.2261 0.4759 0.4640 0.2717 0.1717 0.1513
0.1807 0.2774 0.4715 0.4709 0.2141 0.1398 0.1813 0.2932 0.4888 0.4557 0.1872 0.1412 0.1891 0.3105 0.5011 0.4372 0.1689 0.1435 0.1981 0.3296 0.5080 0.4148 0.1574 0.1469 0.2089 0.3530 0.5100 0.3833 0.1487 0.1523 0.2250 0.3873 0.5052 0.3313 0.1420 0.1617 0.2507 0.4369 0.4875 0.2506 0.1394 0.1775 0.2896 0.4902 0.4485 0.1730 0.1437 0.2014 0.3418 0.5081 0.4689 0.5081 0.3418 0.2014 0.1437 0.1730 0.4485 0.4902 0.2896 0.1775 0.1394 0.2506 0.4875 0.4369 0.2507 0.1617 0.1420 0.3313 0.5052 0.3873 0.2250 0.1523 0.1487 0.3833 0.5100 0.3530 0.2089 0.1469 0.1574 0.4148 0.5080 0.3296 0.1981 0.1435 0.1689 0.4372 0.5011 0.3105 0.1891 0.1412 0.1872 0.4557 0.4888 0.2932 0.1813 0.1398 0.2141 0.4709 0.4715 0.2774 0.1807
0.2828 0.4787 0.4655 0.2030 0.1402 0.1841 0.2995 0.4941 0.4492 0.1794 0.1419 0.1922 0.3171 0.5041 0.4298 0.1644 0.1446 0.2014 0.3366 0.5091 0.4068 0.1548 0.1480 0.2120 0.3590 0.5098 0.3766 0.1476 0.1531 0.2269 0.3903 0.5047 0.3291 0.1419 0.1617 0.2503 0.4354 0.4885 0.2551 0.1394 0.1762 0.2862 0.4867 0.4529 0.1775 0.1429 0.1989 0.3373 0.5094 0.4036 0.2159 0.4036 0.5094 0.3373 0.1989 0.1429 0.1775 0.4529 0.4867 0.2862 0.1762 0.1394 0.2551 0.4885 0.4354 0.2503 0.1617 0.1419 0.3291 0.5047 0.3903 0.2269 0.1531 0.1476 0.3766 0.5098 0.3590 0.2120 0.1480 0.1548 0.4068 0.5091 0.3366 0.2014 0.1446 0.1644 0.4298 0.5041 0.3171 0.1922 0.1419 0.1794 0.4492 0.4941 0.2995 0.1841 0.1402 0.2030 0.4655 0.4787 0.2828
0.4787 0.4597 0.1930 0.1408 0.1871 0.3060 0.4985 0.4423 0.1729 0.1428 0.1955 0.3239 0.5065 0.4221 0.1605 0.1457 0.2049 0.3438 0.5098 0.3981 0.1524 0.1493 0.2155 0.3658 0.5092 0.3687 0.1464 0.1542 0.2294 0.3946 0.5038 0.3249 0.1417 0.1620 0.2507 0.4354 0.4889 0.2573 0.1394 0.1753 0.2838 0.4838 0.4564 0.1819 0.1423 0.1965 0.3321 0.5093 0.3992 0.1527 0.1372 0.1527 0.3992 0.5093 0.3321 0.1965 0.1423 0.1819 0.4564 0.4838 0.2838 0.1753 0.1394 0.2573 0.4889 0.4354 0.2507 0.1620 0.1417 0.3249 0.5038 0.3946 0.2294 0.1542 0.1464 0.3687 0.5092 0.3658 0.2155 0.1493 0.1524 0.3981 0.5098 0.3438 0.2049 0.1457 0.1605 0.4221 0.5065 0.3239 0.1955 0.1428 0.1729 0.4423 0.4985 0.3060 0.1871 0.1408 0.1930 0.4597 0.4787
0.4566 0.1843 0.1414 0.1902 0.3126 0.5021 0.4351 0.1676 0.1438 0.1988 0.3310 0.5082 0.4139 0.1573 0.1469 0.2085 0.3512 0.5100 0.3889 0.1502 0.1507 0.2193 0.3733 0.5084 0.3596 0.1453 0.1554 0.2326 0.4001 0.5025 0.3188 0.1414 0.1627 0.2520 0.4369 0.4885 0.2573 0.1394 0.1749 0.2823 0.4817 0.4589 0.1856 0.1419 0.1945 0.3275 0.5086 0.4040 0.1522 0.1472 0.1773 0.1472 0.1522 0.4040 0.5086 0.3275 0.1945 0.1419 0.1856 0.4589 0.4817 0.2823 0.1749 0.1394 0.2573 0.4885 0.4369 0.2520 0.1627 0.1414 0.3188 0.5025 0.4001 0.2326 0.1554 0.1453 0.3596 0.5084 0.3733 0.2193 0.1507 0.1502 0.3889 0.5100 0.3512 0.2085 0.1469 0.1573 0.4139 0.5082 0.3310 0.1988 0.1438 0.1676 0.4351 0.5021 0.3126 0.1902 0.1414 0.1843 0.4566
0.1879 0.1422 0.1933 0.3194 0.5050 0.4274 0.1631 0.1449 0.2023 0.3383 0.5093 0.4052 0.1544 0.1482 0.2122 0.3587 0.5098 0.3793 0.1483 0.1521 0.2233 0.3811 0.5071 0.3494 0.1441 0.1569 0.2362 0.4065 0.5008 0.3109 0.1410 0.1638 0.2541 0.4397 0.4875 0.2551 0.1394 0.1749 0.2818 0.4805 0.4604 0.1884 0.1415 0.1930 0.3237 0.5078 0.4093 0.1535 0.1493 0.2125 0.2918 0.2125 0.1493 0.1535 0.4093 0.5078 0.3237 0.1930 0.1415 0.1884 0.4604 0.4805 0.2818 0.1749 0.1394 0.2551 0.4875 0.4397 0.2541 0.1638 0.1410 0.3109 0.5008 0.4065 0.2362 0.1569 0.1441 0.3494 0.5071 0.3811 0.2233 0.1521 0.1483 0.3793 0.5098 0.3587 0.2122 0.1482 0.1544 0.4052 0.5093 0.3383 0.2023 0.1449 0.1631 0.4274 0.5050 0.3194 0.1933 0.1422 0.1879
0.1536 0.1967 0.3264 0.5072 0.4193 0.1594 0.1461 0.2059 0.3458 0.5099 0.3960 0.1519 0.1495 0.2160 0.3665 0.5092 0.3692 0.1467 0.1537 0.2275 0.3892 0.5055 0.3384 0.1430 0.1586 0.2403 0.4137 0.4986 0.3015 0.1406 0.1651 0.2571 0.4439 0.4859 0.2506 0.1394 0.1753 0.2823 0.4805 0.4609 0.1899 0.1414 0.1919 0.3209 0.5070 0.4139 0.1550 0.1488 0.2164 0.3648 0.4908 0.3648 0.2164 0.1488 0.1550 0.4139 0.5070 0.3209 0.1919 0.1414 0.1899 0.4609 0.4805 0.2823 0.1753 0.1394 0.2506 0.4859 0.4439 0.2571 0.1651 0.1406 0.3015 0.4986 0.4137 0.2403 0.1586 0.1430 0.3384 0.5055 0.3892 0.2275 0.1537 0.1467 0.3692 0.5092 0.3665 0.2160 0.1495 0.1519 0.3960 0.5099 0.3458 0.2059 0.1461 0.1594 0.4193 0.5072 0.3264 0.1967 0.1536
0.2046 0.3336 0.5087 0.4109 0.1562 0.1473 0.2096 0.3534 0.5100 0.3864 0.1497 0.1510 0.2201 0.3745 0.5082 0.3588 0.1452 0.1553 0.2318 0.3974 0.5035 0.3269 0.1421 0.1604 0.2447 0.4214 0.4960 0.2908 0.1402 0.1667 0.2607 0.4491 0.4835 0.2443 0.1394 0.1762 0.2838 0.4817 0.4604 0.1899 0.1413 0.1914 0.3192 0.5064 0.4173 0.1564 0.1482 0.2151 0.3692 0.5077 0.4498 0.5077 0.3692 0.2151 0.1482 0.1564 0.4173 0.5064 0.3192 0.1914 0.1413 0.1899 0.4604 0.4817 0.2838 0.1762 0.1394 0.2443 0.4835 0.4491 0.2607 0.1667 0.1402 0.2908 0.4960 0.4214 0.2447 0.1604 0.1421 0.3269 0.5035 0.3974 0.2318 0.1553 0.1452 0.3588 0.5082 0.3745 0.2201 0.1510 0.1497 0.3864 0.5100 0.3534 0.2096 0.1473 0.1562 0.4109 0.5087 0.3336 0.2046
0.3375 0.5097 0.4020 0.1535 0.1486 0.2135 0.3613 0.5097 0.3764 0.1479 0.1525 0.2243 0.3828 0.5068 0.3478 0.1440 0.1570 0.2362 0.4057 0.5013 0.3149 0.1413 0.1623 0.2495 0.4296 0.4930 0.2791 0.1398 0.1686 0.2649 0.4552 0.4805 0.2363 0.1395 0.1775 0.2862 0.4838 0.4589 0.1884 0.1414 0.1914 0.3186 0.5060 0.4193 0.1574 0.1477 0.2134 0.3667 0.5084 0.3691 0.1799 0.3691 0.5084 0.3667 0.2134 0.1477 0.1574 0.4193 0.5060 0.3186 0.1914 0.1414 0.1884 0.4589 0.4838 0.2862 0.1775 0.1395 0.2363 0.4805 0.4552 0.2649 0.1686 0.1398 0.2791 0.4930 0.4296 0.2495 0.1623 0.1413 0.3149 0.5013 0.4057 0.2362 0.1570 0.1440 0.3478 0.5068 0.3828 0.2243 0.1525 0.1479 0.3764 0.5097 0.3613 0.2135 0.1486 0.1535 0.4020 0.5097 0.3375
0.5084 0.3927 0.1511 0.1500 0.2175 0.3693 0.5089 0.3659 0.1462 0.1541 0.2286 0.3912 0.5051 0.3362 0.1429 0.1588 0.2407 0.4141 0.4987 0.3027 0.1407 0.1644 0.2544 0.4379 0.4895 0.2666 0.1396 0.1707 0.2696 0.4617 0.4769 0.2272 0.1396 0.1791 0.2896 0.4867 0.4564 0.1856 0.1415 0.1919 0.3192 0.5060 0.4200 0.1579 0.1474 0.2122 0.3638 0.5089 0.3604 0.1451 0.1394 0.1451 0.3604 0.5089 0.3638 0.2122 0.1474 0.1579 0.4200 0.5060 0.3192 0.1919 0.1415 0.1856 0.4564 0.4867 0.2896 0.1791 0.1396 0.2272 0.4769 0.4617 0.2696 0.1707 0.1396 0.2666 0.4895 0.4379 0.2544 0.1644 0.1407 0.3027 0.4987 0.4141 0.2407 0.1588 0.1429 0.3362 0.5051 0.3912 0.2286 0.1541 0.1462 0.3659 0.5089 0.3693 0.2175 0.1500 0.1511 0.3927 0.5084
0.3878 0.1491 0.1515 0.2216 0.3775 0.5078 0.3550 0.1448 0.1558 0.2330 0.3996 0.5030 0.3242 0.1419 0.1607 0.2455 0.4225 0.4958 0.2903 0.1402 0.1665 0.2595 0.4461 0.4857 0.2539 0.1394 0.1730 0.2748 0.4685 0.4727 0.2173 0.1398 0.1811 0.2937 0.4902 0.4529 0.1819 0.1419 0.1930 0.3209 0.5064 0.4193 0.1579 0.1473 0.2116 0.3619 0.5092 0.3625 0.1449 0.1530 0.1887 0.1530 0.1449 0.3625 0.5092 0.3619 0.2116 0.1473 0.1579 0.4193 0.5064 0.3209 0.1930 0.1419 0.1819 0.4529 0.4902 0.2937 0.1811 0.1398 0.2173 0.4727 0.4685 0.2748 0.1730 0.1394 0.2539 0.4857 0.4461 0.2595 0.1665 0.1402 0.2903 0.4958 0.4225 0.2455 0.1607 0.1419 0.3242 0.5030 0.3996 0.2330 0.1558 0.1448 0.3550 0.5078 0.3775 0.2216 0.1515 0.1491 0.3878
0.1591 0.1531 0.2258 0.3857 0.5063 0.3438 0.1436 0.1576 0.2376 0.4082 0.5006 0.3119 0.1412 0.1628 0.2504 0.4310 0.4925 0.2776 0.1398 0.1687 0.2647 0.4541 0.4816 0.2413 0.1394 0.1755 0.2803 0.4753 0.4679 0.2072 0.1401 0.1834 0.2985 0.4939 0.4485 0.1775 0.1423 0.1945 0.3237 0.5070 0.4173 0.1574 0.1474 0.2116 0.3613 0.5093 0.3647 0.1452 0.1559 0.2297 0.3189 0.2297 0.1559 0.1452 0.3647 0.5093 0.3613 0.2116 0.1474 0.1574 0.4173 0.5070 0.3237 0.1945 0.1423 0.1775 0.4485 0.4939 0.2985 0.1834 0.1401 0.2072 0.4679 0.4753 0.2803 0.1755 0.1394 0.2413 0.4816 0.4541 0.2647 0.1687 0.1398 0.2776 0.4925 0.4310 0.2504 0.1628 0.1412 0.3119 0.5006 0.4082 0.2376 0.1576 0.1436 0.3438 0.5063 0.3857 0.2258 0.1531 0.1591
0.1632 0.2301 0.3941 0.5044 0.3320 0.1425 0.1595 0.2423 0.4168 0.4978 0.2992 0.1405 0.1649 0.2555 0.4395 0.4889 0.2647 0.1395 0.1710 0.2700 0.4618 0.4772 0.2290 0.1395 0.1780 0.2860 0.4818 0.4625 0.1974 0.1405 0.1860 0.3039 0.4975 0.4433 0.1730 0.1429 0.1965 0.3275 0.5078 0.4139 0.1564 0.1477 0.2122 0.3619 0.5093 0.3656 0.1454 0.1560 0.2353 0.4000 0.5047 0.4000 0.2353 0.1560 0.1454 0.3656 0.5093 0.3619 0.2122 0.1477 0.1564 0.4139 0.5078 0.3275 0.1965 0.1429 0.1730 0.4433 0.4975 0.3039 0.1860 0.1405 0.1974 0.4625 0.4818 0.2860 0.1780 0.1395 0.2290 0.4772 0.4618 0.2700 0.1710 0.1395 0.2647 0.4889 0.4395 0.2555 0.1649 0.1405 0.2992 0.4978 0.4168 0.2423 0.1595 0.1425 0.3320 0.5044 0.3941 0.2301 0.1632
0.2369 0.4027 0.5022 0.3200 0.1416 0.1614 0.2471 0.4254 0.4947 0.2864 0.1400 0.1670 0.2607 0.4478 0.4849 0.2517 0.1394 0.1733 0.2754 0.4692 0.4724 0.2174 0.1398 0.1806 0.2919 0.4877 0.4568 0.1886 0.1411 0.1887 0.3098 0.5009 0.4373 0.1687 0.1437 0.1989 0.3321 0.5086 0.4093 0.1550 0.1482 0.2134 0.3638 0.5092 0.3647 0.1454 0.1560 0.2356 0.4078 0.5005 0.4187 0.5005 0.4078 0.2356 0.1560 0.1454 0.3647 0.5092 0.3638 0.2134 0.1482 0.1550 0.4093 0.5086 0.3321 0.1989 0.1437 0.1687 0.4373 0.5009 0.3098 0.1887 0.1411 0.1886 0.4568 0.4877 0.2919 0.1806 0.1398 0.2174 0.4724 0.4692 0.2754 0.1733 0.1394 0.2517 0.4849 0.4478 0.2607 0.1670 0.1400 0.2864 0.4947 0.4254 0.2471 0.1614 0.1416 0.3200 0.5022 0.4027 0.2369
0.4044 0.4999 0.3081 0.1409 0.1633 0.2519 0.4335 0.4914 0.2739 0.1397 0.1692 0.2658 0.4557 0.4808 0.2393 0.1394 0.1757 0.2809 0.4759 0.4675 0.2068 0.1401 0.1832 0.2977 0.4927 0.4509 0.1811 0.1417 0.1916 0.3159 0.5037 0.4309 0.1648 0.1445 0.2014 0.3373 0.5093 0.4040 0.1535 0.1488 0.2151 0.3667 0.5089 0.3625 0.1452 0.1560 0.2356 0.4085 0.4992 0.3160 0.1551 0.3160 0.4992 0.4085 0.2356 0.1560 0.1452 0.3625 0.5089 0.3667 0.2151 0.1488 0.1535 0.4040 0.5093 0.3373 0.2014 0.1445 0.1648 0.4309 0.5037 0.3159 0.1916 0.1417 0.1811 0.4509 0.4927 0.2977 0.1832 0.1401 0.2068 0.4675 0.4759 0.2809 0.1757 0.1394 0.2393 0.4808 0.4557 0.2658 0.1692 0.1397 0.2739 0.4914 0.4335 0.2519 0.1633 0.1409 0.3081 0.4999 0.4044
0.4984 0.2984 0.1403 0.1648 0.2557 0.4401 0.4883 0.2637 0.1393 0.1708 0.2700 0.4617 0.4770 0.2294 0.1393 0.1775 0.2854 0.4809 0.4631 0.1987 0.1402 0.1852 0.3024 0.4961 0.4458 0.1758 0.1422 0.1938 0.3210 0.5054 0.4252 0.1618 0.1451 0.2035 0.3418 0.5094 0.3992 0.1522 0.1493 0.2164 0.3692 0.5084 0.3604 0.1449 0.1559 0.2353 0.4078 0.4992 0.3031 0.1398 0.1437 0.1398 0.3031 0.4992 0.4078 0.2353 0.1559 0.1449 0.3604 0.5084 0.3692 0.2164 0.1493 0.1522 0.3992 0.5094 0.3418 0.2035 0.1451 0.1618 0.4252 0.5054 0.3210 0.1938 0.1422 0.1758 0.4458 0.4961 0.3024 0.1852 0.1402 0.1987 0.4631 0.4809 0.2854 0.1775 0.1393 0.2294 0.4770 0.4617 0.2700 0.1708 0.1393 0.2637 0.4883 0.4401 0.2557 0.1648 0.1403 0.2984 0.4984
0.3107 0.1394 0.1626 0.2531 0.4381 0.4879 0.2685 0.1383 0.1685 0.2675 0.4598 0.4769 0.2339 0.1381 0.1751 0.2830 0.4790 0.4636 0.2022 0.1389 0.1826 0.3001 0.4943 0.4471 0.1777 0.1407 0.1911 0.3189 0.5038 0.4274 0.1625 0.1434 0.2006 0.3393 0.5081 0.4036 0.1527 0.1472 0.2125 0.3648 0.5077 0.3691 0.1451 0.1530 0.2297 0.4000 0.5005 0.3160 0.1398 0.1580 0.1990 0.1580 0.1398 0.3160 0.5005 0.4000 0.2297 0.1530 0.1451 0.3691 0.5077 0.3648 0.2125 0.1472 0.1527 0.4036 0.5081 0.3393 0.2006 0.1434 0.1625 0.4274 0.5038 0.3189 0.1911 0.1407 0.1777 0.4471 0.4943 0.3001 0.1826 0.1389 0.2022 0.4636 0.4790 0.2830 0.1751 0.1381 0.2339 0.4769 0.4598 0.2675 0.1685 0.1383 0.2685 0.4879 0.4381 0.2531 0.1626 0.1394 0.3107
0.1623 0.1450 0.2071 0.3566 0.5072 0.3812 0.1449 0.1485 0.2177 0.3786 0.5045 0.3537 0.1407 0.1526 0.2293 0.4014 0.4994 0.3232 0.1380 0.1574 0.2422 0.4250 0.4918 0.2890 0.1366 0.1630 0.2566 0.4487 0.4818 0.2527 0.1365 0.1694 0.2724 0.4707 0.4689 0.2159 0.1372 0.1773 0.2918 0.4908 0.4498 0.1799 0.1394 0.1887 0.3189 0.5047 0.4187 0.1551 0.1437 0.1990 0.2701 0.1990 0.1437 0.1551 0.4187 0.5047 0.3189 0.1887 0.1394 0.1799 0.4498 0.4908 0.2918 0.1773 0.1372 0.2159 0.4689 0.4707 0.2724 0.1694 0.1365 0.2527 0.4818 0.4487 0.2566 0.1630 0.1366 0.2890 0.4918 0.4250 0.2422 0.1574 0.1380 0.3232 0.4994 0.4014 0.2293 0.1526 0.1407 0.3537 0.5045 0.3786 0.2177 0.1485 0.1449 0.3812 0.5072 0.3566 0.2071 0.1450 0.1623
0.3107 0.1394 0.1626 0.2531 0.4381 0.4879 0.2685 0.1383 0.1685 0.2675 0.4598 0.4769 0.2339 0.1381 0.1751 0.2830 0.4790 0.4636 0.2022 0.1389 0.1826 0.3001 0.4943 0.4471 0.1777 0.1407 0.1911 0.3189 0.5038 0.4274 0.1625 0.1434 0.2006 0.3393 0.5081 0.4036 0.1527 0.1472 0.2125 0.3648 0.5077 0.3691 0.1451 0.1530 0.2297 0.4000 0.5005 0.3160 0.1398 0.1580 0.1990 0.1580 0.1398 0.3160 0.5005 0.4000 0.2297 0.1530 0.1451 0.3691 0.5077 0.3648 0.2125 0.1472 0.1527 0.4036 0.5081 0.3393 0.2006 0.1434 0.1625 0.4274 0.5038 0.3189 0.1911 0.1407 0.1777 0.4471 0.4943 0.3001 0.1826 0.1389 0.2022 0.4636 0.4790 0.2830 0.1751 0.1381 0.2339 0.4769 0.4598 0.2675 0.1685 0.1383 0.2685 0.4879 0.4381 0.2531 0.1626 0.1394 0.3107
0.4984 0.2984 0.1403 0.1648 0.2557 0.4401 0.4883 0.2637 0.1393 0.1708 0.2700 0.4617 0.4770 0.2294 0.1393 0.1775 0.2854 0.4809 0.4631 0.1987 0.1402 0.1852 0.3024 0.4961 0.4458 0.1758 0.1422 0.1938 0.3210 0.5054 0.4252 0.1618 0.1451 0.2035 0.3418 0.5094 0.3992 0.1522 0.1493 0.2164 0.3692 0.5084 0.3604 0.1449 0.1559 0.2353 0.4078 0.4992 0.3031 0.1398 0.1437 0.1398 0.3031 0.4992 0.4078 0.2353 0.1559 0.1449 0.3604 0.5084 0.3692 0.2164 0.1493 0.1522 0.3992 0.5094 0.3418 0.2035 0.1451 0.1618 0.4252 0.5054 0.3210 0.1938 0.1422 0.1758 0.4458 0.4961 0.3024 0.1852 0.1402 0.1987 0.4631 0.4809 0.2854 0.1775 0.1393 0.2294 0.4770 0.4617 0.2700 0.1708 0.1393 0.2637 0.4883 0.4401 0.2557 0.1648 0.1403 0.2984 0.4984
0.4044 0.4999 0.3081 0.1409 0.1633 0.2519 0.4335 0.4914 0.2739 0.1397 0.1692 0.2658 0.4557 0.4808 0.2393 0.1394 0.1757 0.2809 0.4759 0.4675 0.2068 0.1401 0.1832 0.2977 0.4927 0.4509 0.1811 0.1417 0.1916 0.3159 0.5037 0.4309 0.1648 0.1445 0.2014 0.3373 0.5093 0.4040 0.1535 0.1488 0.2151 0.3667 0.5089 0.3625 0.1452 0.1560 0.2356 0.4085 0.4992 0.3160 0.1551 0.3160 0.4992 0.4085 0.2356 0.1560 0.1452 0.3625 0.5089 0.3667 0.2151 0.1488 0.1535 0.4040 0.5093 0.3373 0.2014 0.1445 0.1648 0.4309 0.5037 0.3159 0.1916 0.1417 0.1811 0.4509 0.4927 0.2977 0.1832 0.1401 0.2068 0.4675 0.4759 0.2809 0.1757 0.1394 0.2393 0.4808 0.4557 0.2658 0.1692 0.1397 0.2739 0.4914 0.4335 0.2519 0.1633 0.1409 0.3081 0.4999 0.4044
0.2369 0.4027 0.5022 0.3200 0.1416 0.1614 0.2471 0.4254 0.4947 0.2864 0.1400 0.1670 0.2607 0.4478 0.4849 0.2517 0.1394 0.1733 0.2754 0.4692 0.4724 0.2174 0.1398 0.1806 0.2919 0.4877 0.4568 0.1886 0.1411 0.1887 0.3098 0.5009 0.4373 0.1687 0.1437 0.1989 0.3321 0.5086 0.4093 0.1550 0.1482 0.2134 0.3638 0.5092 0.3647 0.1454 0.1560 0.2356 0.4078 0.5005 0.4187 0.5005 0.4078 0.2356 0.1560 0.1454 0.3647 0.5092 0.3638 0.2134 0.1482 0.1550 0.4093 0.5086 0.3321 0.1989 0.1437 0.1687 0.4373 0.5009 0.3098 0.1887 0.1411 0.1886 0.4568 0.4877 0.2919 0.1806 0.1398 0.2174 0.4724 0.4692 0.2754 0.1733 0.1394 0.2517 0.4849 0.4478 0.2607 0.1670 0.1400 0.2864 0.4947 0.4254 0.2471 0.1614 0.1416 0.3200 0.5022 0.4027 0.2369
0.1632 0.2301 0.3941 0.5044 0.3320 0.1425 0.1595 0.2423 0.4168 0.4978 0.2992 0.1405 0.1649 0.2555 0.4395 0.4889 0.2647 0.1395 0.1710 0.2700 0.4618 0.4772 0.2290 0.1395 0.1780 0.2860 0.4818 0.4625 0.1974 0.1405 0.1860 0.3039 0.4975 0.4433 0.1730 0.1429 0.1965 0.3275 0.5078 0.4139 0.1564 0.1477 0.2122 0.3619 0.5093 0.3656 0.1454 0.1560 0.2353 0.4000 0.5047 0.4000 0.2353 0.1560 0.1454 0.3656 0.5093 0.3619 0.2122 0.1477 0.1564 0.4139 0.5078 0.3275 0.1965 0.1429 0.1730 0.4433 0.4975 0.3039 0.1860 0.1405 0.1974 0.4625 0.4818 0.2860 0.1780 0.1395 0.2290 0.4772 0.4618 0.2700 0.1710 0.1395 0.2647 0.4889 0.4395 0.2555 0.1649 0.1405 0.2992 0.4978 0.4168 0.2423 0.1595 0.1425 0.3320 0.5044 0.3941 0.2301 0.1632
