0.3527 0.5085 0.3588 0.1553 0.1678 0.2499 0.4292 0.4883 0.2521 0.1511 0.1862 0.2960 0.4918 0.4414 0.1760 0.1555 0.2122 0.3541 0.5085 0.3646 0.1559 0.1668 0.2470 0.4240 0.4906 0.2601 0.1511 0.1846 0.2922 0.4885 0.4459 0.1789 0.1550 0.2100 0.3493 0.5087 0.3714 0.1567 0.1657 0.2441 0.4186 0.4928 0.2683 0.1511 0.1831 0.2884 0.4848 0.4506 0.1836 0.1519 0.1720 0.1519 0.1836 0.4506 0.4848 0.2884 0.1831 0.1511 0.2683 0.4928 0.4186 0.2441 0.1657 0.1567 0.3714 0.5087 0.3493 0.2100 0.1550 0.1789 0.4459 0.4885 0.2922 0.1846 0.1511 0.2601 0.4906 0.4240 0.2470 0.1668 0.1559 0.3646 0.5085 0.3541 0.2122 0.1555 0.1760 0.4414 0.4918 0.2960 0.1862 0.1511 0.2521 0.4883 0.4292 0.2499 0.1678 0.1553 0.3588 0.5085 0.3527
0.5085 0.3591 0.1443 0.1583 0.2439 0.4280 0.4904 0.2565 0.1394 0.1775 0.2910 0.4923 0.4450 0.1695 0.1445 0.2046 0.3506 0.5100 0.3700 0.1453 0.1570 0.2406 0.4223 0.4927 0.2650 0.1394 0.1759 0.2871 0.4889 0.4494 0.1730 0.1438 0.2023 0.3458 0.5102 0.3766 0.1463 0.1558 0.2376 0.4168 0.4949 0.2734 0.1395 0.1742 0.2832 0.4851 0.4536 0.1774 0.1426 0.1928 0.2599 0.1928 0.1426 0.1774 0.4536 0.4851 0.2832 0.1742 0.1395 0.2734 0.4949 0.4168 0.2376 0.1558 0.1463 0.3766 0.5102 0.3458 0.2023 0.1438 0.1730 0.4494 0.4889 0.2871 0.1759 0.1394 0.2650 0.4927 0.4223 0.2406 0.1570 0.1453 0.3700 0.5100 0.3506 0.2046 0.1445 0.1695 0.4450 0.4923 0.2910 0.1775 0.1394 0.2565 0.4904 0.4280 0.2439 0.1583 0.1443 0.3591 0.5085
0.3588 0.1443 0.1577 0.2409 0.4214 0.4933 0.2685 0.1395 0.1750 0.2850 0.4867 0.4517 0.1752 0.1434 0.2010 0.3430 0.5100 0.3802 0.1468 0.1552 0.2359 0.4136 0.4959 0.2781 0.1396 0.1733 0.2811 0.4827 0.4558 0.1795 0.1428 0.1988 0.3382 0.5099 0.3866 0.1479 0.1541 0.2329 0.4081 0.4979 0.2865 0.1397 0.1717 0.2773 0.4785 0.4597 0.1844 0.1421 0.1954 0.3223 0.4530 0.3223 0.1954 0.1421 0.1844 0.4597 0.4785 0.2773 0.1717 0.1397 0.2865 0.4979 0.4081 0.2329 0.1541 0.1479 0.3866 0.5099 0.3382 0.1988 0.1428 0.1795 0.4558 0.4827 0.2811 0.1733 0.1396 0.2781 0.4959 0.4136 0.2359 0.1552 0.1468 0.3802 0.5100 0.3430 0.2010 0.1434 0.1752 0.4517 0.4867 0.2850 0.1750 0.1395 0.2685 0.4933 0.4214 0.2409 0.1577 0.1443 0.3588
0.1553 0.1583 0.2409 0.4188 0.4951 0.2774 0.1396 0.1728 0.2796 0.4809 0.4577 0.1820 0.1425 0.1976 0.3356 0.5098 0.3901 0.1485 0.1535 0.2314 0.4050 0.4989 0.2911 0.1398 0.1708 0.2753 0.4761 0.4618 0.1873 0.1419 0.1954 0.3309 0.5093 0.3961 0.1498 0.1525 0.2285 0.3995 0.5006 0.2994 0.1401 0.1693 0.2716 0.4715 0.4655 0.1931 0.1414 0.1931 0.3243 0.5049 0.4797 0.5049 0.3243 0.1931 0.1414 0.1931 0.4655 0.4715 0.2716 0.1693 0.1401 0.2994 0.5006 0.3995 0.2285 0.1525 0.1498 0.3961 0.5093 0.3309 0.1954 0.1419 0.1873 0.4618 0.4761 0.2753 0.1708 0.1398 0.2911 0.4989 0.4050 0.2314 0.1535 0.1485 0.3901 0.5098 0.3356 0.1976 0.1425 0.1820 0.4577 0.4809 0.2796 0.1728 0.1396 0.2774 0.4951 0.4188 0.2409 0.1583 0.1553
0.1678 0.2439 0.4214 0.4951 0.2807 0.1397 0.1714 0.2754 0.4753 0.4630 0.1894 0.1417 0.1944 0.3286 0.5090 0.3994 0.1505 0.1519 0.2270 0.3965 0.5015 0.3039 0.1402 0.1685 0.2696 0.4688 0.4675 0.1965 0.1412 0.1922 0.3238 0.5082 0.4053 0.1519 0.1510 0.2242 0.3911 0.5030 0.3121 0.1405 0.1670 0.2661 0.4639 0.4709 0.2031 0.1408 0.1901 0.3190 0.5063 0.4238 0.2465 0.4238 0.5063 0.3190 0.1901 0.1408 0.2031 0.4709 0.4639 0.2661 0.1670 0.1405 0.3121 0.5030 0.3911 0.2242 0.1510 0.1519 0.4053 0.5082 0.3238 0.1922 0.1412 0.1965 0.4675 0.4688 0.2696 0.1685 0.1402 0.3039 0.5015 0.3965 0.2270 0.1519 0.1505 0.3994 0.5090 0.3286 0.1944 0.1417 0.1894 0.4630 0.4753 0.2754 0.1714 0.1397 0.2807 0.4951 0.4214 0.2439 0.1678
0.2499 0.4280 0.4933 0.2774 0.1397 0.1708 0.2730 0.4712 0.4669 0.1967 0.1411 0.1915 0.3221 0.5078 0.4080 0.1527 0.1505 0.2227 0.3881 0.5038 0.3165 0.1407 0.1662 0.2641 0.4611 0.4728 0.2069 0.1406 0.1890 0.3169 0.5064 0.4140 0.1544 0.1495 0.2200 0.3827 0.5051 0.3244 0.1412 0.1648 0.2607 0.4560 0.4760 0.2142 0.1402 0.1871 0.3125 0.5048 0.4217 0.1607 0.1365 0.1607 0.4217 0.5048 0.3125 0.1871 0.1402 0.2142 0.4760 0.4560 0.2607 0.1648 0.1412 0.3244 0.5051 0.3827 0.2200 0.1495 0.1544 0.4140 0.5064 0.3169 0.1890 0.1406 0.2069 0.4728 0.4611 0.2641 0.1662 0.1407 0.3165 0.5038 0.3881 0.2227 0.1505 0.1527 0.4080 0.5078 0.3221 0.1915 0.1411 0.1967 0.4669 0.4712 0.2730 0.1708 0.1397 0.2774 0.4933 0.4280 0.2499
0.4292 0.4904 0.2685 0.1396 0.1714 0.2730 0.4696 0.4690 0.2022 0.1407 0.1892 0.3165 0.5061 0.4158 0.1552 0.1491 0.2188 0.3800 0.5058 0.3286 0.1414 0.1641 0.2588 0.4531 0.4777 0.2184 0.1401 0.1860 0.3102 0.5040 0.4224 0.1573 0.1481 0.2160 0.3744 0.5069 0.3364 0.1420 0.1627 0.2554 0.4479 0.4806 0.2262 0.1398 0.1841 0.3059 0.5021 0.4279 0.1602 0.1439 0.1705 0.1439 0.1602 0.4279 0.5021 0.3059 0.1841 0.1398 0.2262 0.4806 0.4479 0.2554 0.1627 0.1420 0.3364 0.5069 0.3744 0.2160 0.1481 0.1573 0.4224 0.5040 0.3102 0.1860 0.1401 0.2184 0.4777 0.4531 0.2588 0.1641 0.1414 0.3286 0.5058 0.3800 0.2188 0.1491 0.1552 0.4158 0.5061 0.3165 0.1892 0.1407 0.2022 0.4690 0.4696 0.2730 0.1714 0.1396 0.2685 0.4904 0.4292
0.4883 0.2565 0.1395 0.1728 0.2754 0.4712 0.4690 0.2043 0.1405 0.1877 0.3123 0.5044 0.4223 0.1576 0.1479 0.2151 0.3723 0.5073 0.3400 0.1422 0.1621 0.2537 0.4449 0.4822 0.2306 0.1397 0.1831 0.3036 0.5009 0.4303 0.1607 0.1468 0.2120 0.3663 0.5082 0.3479 0.1429 0.1607 0.2503 0.4394 0.4849 0.2388 0.1396 0.1812 0.2995 0.4985 0.4352 0.1634 0.1455 0.2020 0.2747 0.2020 0.1455 0.1634 0.4352 0.4985 0.2995 0.1812 0.1396 0.2388 0.4849 0.4394 0.2503 0.1607 0.1429 0.3479 0.5082 0.3663 0.2120 0.1468 0.1607 0.4303 0.5009 0.3036 0.1831 0.1397 0.2306 0.4822 0.4449 0.2537 0.1621 0.1422 0.3400 0.5073 0.3723 0.2151 0.1479 0.1576 0.4223 0.5044 0.3123 0.1877 0.1405 0.2043 0.4690 0.4712 0.2754 0.1728 0.1395 0.2565 0.4883
0.2521 0.1394 0.1750 0.2796 0.4753 0.4669 0.2022 0.1405 0.1872 0.3100 0.5031 0.4271 0.1599 0.1469 0.2119 0.3653 0.5085 0.3506 0.1432 0.1602 0.2488 0.4367 0.4863 0.2432 0.1395 0.1803 0.2972 0.4970 0.4378 0.1647 0.1456 0.2082 0.3584 0.5092 0.3591 0.1440 0.1588 0.2454 0.4309 0.4889 0.2517 0.1394 0.1785 0.2932 0.4940 0.4424 0.1677 0.1448 0.2046 0.3418 0.4732 0.3418 0.2046 0.1448 0.1677 0.4424 0.4940 0.2932 0.1785 0.1394 0.2517 0.4889 0.4309 0.2454 0.1588 0.1440 0.3591 0.5092 0.3584 0.2082 0.1456 0.1647 0.4378 0.4970 0.2972 0.1803 0.1395 0.2432 0.4863 0.4367 0.2488 0.1602 0.1432 0.3506 0.5085 0.3653 0.2119 0.1469 0.1599 0.4271 0.5031 0.3100 0.1872 0.1405 0.2022 0.4669 0.4753 0.2796 0.1750 0.1394 0.2521
0.1511 0.1775 0.2850 0.4809 0.4630 0.1967 0.1407 0.1877 0.3100 0.5026 0.4296 0.1616 0.1462 0.2094 0.3594 0.5092 0.3601 0.1442 0.1584 0.2442 0.4285 0.4901 0.2558 0.1394 0.1776 0.2911 0.4923 0.4449 0.1694 0.1445 0.2046 0.3506 0.5098 0.3699 0.1453 0.1570 0.2406 0.4223 0.4926 0.2648 0.1394 0.1759 0.2871 0.4888 0.4493 0.1730 0.1438 0.2020 0.3436 0.5082 0.4673 0.5082 0.3436 0.2020 0.1438 0.1730 0.4493 0.4888 0.2871 0.1759 0.1394 0.2648 0.4926 0.4223 0.2406 0.1570 0.1453 0.3699 0.5098 0.3506 0.2046 0.1445 0.1694 0.4449 0.4923 0.2911 0.1776 0.1394 0.2558 0.4901 0.4285 0.2442 0.1584 0.1442 0.3601 0.5092 0.3594 0.2094 0.1462 0.1616 0.4296 0.5026 0.3100 0.1877 0.1407 0.1967 0.4630 0.4809 0.2850 0.1775 0.1511
0.1862 0.2910 0.4867 0.4577 0.1894 0.1411 0.1892 0.3123 0.5031 0.4296 0.1622 0.1459 0.2078 0.3551 0.5097 0.3678 0.1452 0.1569 0.2400 0.4208 0.4934 0.2683 0.1395 0.1751 0.2852 0.4869 0.4514 0.1750 0.1434 0.2011 0.3431 0.5100 0.3802 0.1468 0.1552 0.2359 0.4137 0.4959 0.2780 0.1396 0.1733 0.2811 0.4828 0.4558 0.1795 0.1428 0.1988 0.3379 0.5095 0.4017 0.2131 0.4017 0.5095 0.3379 0.1988 0.1428 0.1795 0.4558 0.4828 0.2811 0.1733 0.1396 0.2780 0.4959 0.4137 0.2359 0.1552 0.1468 0.3802 0.5100 0.3431 0.2011 0.1434 0.1750 0.4514 0.4869 0.2852 0.1751 0.1395 0.2683 0.4934 0.4208 0.2400 0.1569 0.1452 0.3678 0.5097 0.3551 0.2078 0.1459 0.1622 0.4296 0.5031 0.3123 0.1892 0.1411 0.1894 0.4577 0.4867 0.2910 0.1862
0.2960 0.4923 0.4517 0.1820 0.1417 0.1915 0.3165 0.5044 0.4271 0.1616 0.1459 0.2072 0.3529 0.5099 0.3733 0.1461 0.1557 0.2364 0.4137 0.4962 0.2800 0.1396 0.1727 0.2796 0.4810 0.4576 0.1817 0.1425 0.1977 0.3358 0.5098 0.3899 0.1485 0.1535 0.2314 0.4051 0.4989 0.2910 0.1398 0.1709 0.2753 0.4761 0.4618 0.1873 0.1419 0.1954 0.3309 0.5092 0.3987 0.1523 0.1372 0.1523 0.3987 0.5092 0.3309 0.1954 0.1419 0.1873 0.4618 0.4761 0.2753 0.1709 0.1398 0.2910 0.4989 0.4051 0.2314 0.1535 0.1485 0.3899 0.5098 0.3358 0.1977 0.1425 0.1817 0.4576 0.4810 0.2796 0.1727 0.1396 0.2800 0.4962 0.4137 0.2364 0.1557 0.1461 0.3733 0.5099 0.3529 0.2072 0.1459 0.1616 0.4271 0.5044 0.3165 0.1915 0.1417 0.1820 0.4517 0.4923 0.2960
0.4918 0.4450 0.1752 0.1425 0.1944 0.3221 0.5061 0.4223 0.1599 0.1462 0.2078 0.3529 0.5100 0.3762 0.1468 0.1548 0.2337 0.4078 0.4984 0.2904 0.1398 0.1706 0.2743 0.4746 0.4633 0.1896 0.1417 0.1945 0.3288 0.5090 0.3990 0.1504 0.1520 0.2270 0.3966 0.5015 0.3039 0.1402 0.1685 0.2697 0.4689 0.4675 0.1964 0.1412 0.1922 0.3239 0.5082 0.4057 0.1524 0.1472 0.1774 0.1472 0.1524 0.4057 0.5082 0.3239 0.1922 0.1412 0.1964 0.4675 0.4689 0.2697 0.1685 0.1402 0.3039 0.5015 0.3966 0.2270 0.1520 0.1504 0.3990 0.5090 0.3288 0.1945 0.1417 0.1896 0.4633 0.4746 0.2743 0.1706 0.1398 0.2904 0.4984 0.4078 0.2337 0.1548 0.1468 0.3762 0.5100 0.3529 0.2078 0.1462 0.1599 0.4223 0.5061 0.3221 0.1944 0.1425 0.1752 0.4450 0.4918
0.4414 0.1695 0.1434 0.1976 0.3286 0.5078 0.4158 0.1576 0.1469 0.2094 0.3551 0.5099 0.3762 0.1470 0.1543 0.2319 0.4035 0.5001 0.2991 0.1401 0.1687 0.2696 0.4682 0.4683 0.1984 0.1410 0.1914 0.3220 0.5078 0.4078 0.1526 0.1505 0.2229 0.3884 0.5038 0.3162 0.1407 0.1663 0.2642 0.4612 0.4727 0.2069 0.1406 0.1890 0.3170 0.5065 0.4140 0.1545 0.1489 0.2119 0.2912 0.2119 0.1489 0.1545 0.4140 0.5065 0.3170 0.1890 0.1406 0.2069 0.4727 0.4612 0.2642 0.1663 0.1407 0.3162 0.5038 0.3884 0.2229 0.1505 0.1526 0.4078 0.5078 0.3220 0.1914 0.1410 0.1984 0.4683 0.4682 0.2696 0.1687 0.1401 0.2991 0.5001 0.4035 0.2319 0.1543 0.1470 0.3762 0.5099 0.3551 0.2094 0.1469 0.1576 0.4158 0.5078 0.3286 0.1976 0.1434 0.1695 0.4414
0.1760 0.1445 0.2010 0.3356 0.5090 0.4080 0.1552 0.1479 0.2119 0.3594 0.5097 0.3733 0.1468 0.1543 0.2313 0.4013 0.5011 0.3052 0.1404 0.1672 0.2656 0.4622 0.4726 0.2076 0.1405 0.1885 0.3155 0.5060 0.4161 0.1551 0.1491 0.2189 0.3803 0.5057 0.3281 0.1414 0.1641 0.2589 0.4533 0.4776 0.2183 0.1401 0.1860 0.3102 0.5041 0.4223 0.1573 0.1480 0.2146 0.3624 0.4895 0.3624 0.2146 0.1480 0.1573 0.4223 0.5041 0.3102 0.1860 0.1401 0.2183 0.4776 0.4533 0.2589 0.1641 0.1414 0.3281 0.5057 0.3803 0.2189 0.1491 0.1551 0.4161 0.5060 0.3155 0.1885 0.1405 0.2076 0.4726 0.4622 0.2656 0.1672 0.1404 0.3052 0.5011 0.4013 0.2313 0.1543 0.1468 0.3733 0.5097 0.3594 0.2119 0.1479 0.1552 0.4080 0.5090 0.3356 0.2010 0.1445 0.1760
0.1555 0.2046 0.3430 0.5098 0.3994 0.1527 0.1491 0.2151 0.3653 0.5092 0.3678 0.1461 0.1548 0.2319 0.4013 0.5014 0.3085 0.1406 0.1662 0.2626 0.4571 0.4762 0.2163 0.1401 0.1859 0.3095 0.5036 0.4238 0.1580 0.1478 0.2150 0.3723 0.5073 0.3396 0.1422 0.1621 0.2539 0.4452 0.4821 0.2303 0.1397 0.1831 0.3037 0.5009 0.4302 0.1607 0.1468 0.2118 0.3641 0.5080 0.4525 0.5080 0.3641 0.2118 0.1468 0.1607 0.4302 0.5009 0.3037 0.1831 0.1397 0.2303 0.4821 0.4452 0.2539 0.1621 0.1422 0.3396 0.5073 0.3723 0.2150 0.1478 0.1580 0.4238 0.5036 0.3095 0.1859 0.1401 0.2163 0.4762 0.4571 0.2626 0.1662 0.1406 0.3085 0.5014 0.4013 0.2319 0.1548 0.1461 0.3678 0.5092 0.3653 0.2151 0.1491 0.1527 0.3994 0.5098 0.3430 0.2046 0.1555
0.2122 0.3506 0.5100 0.3901 0.1505 0.1505 0.2188 0.3723 0.5085 0.3601 0.1452 0.1557 0.2337 0.4035 0.5011 0.3085 0.1407 0.1657 0.2607 0.4534 0.4788 0.2238 0.1399 0.1837 0.3042 0.5009 0.4308 0.1612 0.1466 0.2113 0.3646 0.5085 0.3508 0.1432 0.1602 0.2490 0.4370 0.4862 0.2426 0.1395 0.1804 0.2974 0.4971 0.4376 0.1646 0.1456 0.2082 0.3580 0.5091 0.3765 0.1852 0.3765 0.5091 0.3580 0.2082 0.1456 0.1646 0.4376 0.4971 0.2974 0.1804 0.1395 0.2426 0.4862 0.4370 0.2490 0.1602 0.1432 0.3508 0.5085 0.3646 0.2113 0.1466 0.1612 0.4308 0.5009 0.3042 0.1837 0.1399 0.2238 0.4788 0.4534 0.2607 0.1657 0.1407 0.3085 0.5011 0.4035 0.2337 0.1557 0.1452 0.3601 0.5085 0.3723 0.2188 0.1505 0.1505 0.3901 0.5100 0.3506 0.2122
0.3541 0.5100 0.3802 0.1485 0.1519 0.2227 0.3800 0.5073 0.3506 0.1442 0.1569 0.2364 0.4078 0.5001 0.3052 0.1406 0.1657 0.2600 0.4515 0.4804 0.2293 0.1397 0.1820 0.2998 0.4981 0.4367 0.1645 0.1456 0.2079 0.3572 0.5094 0.3614 0.1443 0.1584 0.2442 0.4287 0.4899 0.2553 0.1394 0.1777 0.2913 0.4925 0.4446 0.1693 0.1445 0.2047 0.3507 0.5098 0.3727 0.1467 0.1387 0.1467 0.3727 0.5098 0.3507 0.2047 0.1445 0.1693 0.4446 0.4925 0.2913 0.1777 0.1394 0.2553 0.4899 0.4287 0.2442 0.1584 0.1443 0.3614 0.5094 0.3572 0.2079 0.1456 0.1645 0.4367 0.4981 0.2998 0.1820 0.1397 0.2293 0.4804 0.4515 0.2600 0.1657 0.1406 0.3052 0.5001 0.4078 0.2364 0.1569 0.1442 0.3506 0.5073 0.3800 0.2227 0.1519 0.1485 0.3802 0.5100 0.3541
0.5085 0.3700 0.1468 0.1535 0.2270 0.3881 0.5058 0.3400 0.1432 0.1584 0.2400 0.4137 0.4984 0.2991 0.1404 0.1662 0.2607 0.4515 0.4809 0.2322 0.1396 0.1808 0.2965 0.4955 0.4416 0.1679 0.1447 0.2049 0.3505 0.5099 0.3712 0.1455 0.1566 0.2396 0.4204 0.4934 0.2680 0.1394 0.1752 0.2855 0.4872 0.4512 0.1748 0.1435 0.2012 0.3433 0.5100 0.3805 0.1470 0.1510 0.1852 0.1510 0.1470 0.3805 0.5100 0.3433 0.2012 0.1435 0.1748 0.4512 0.4872 0.2855 0.1752 0.1394 0.2680 0.4934 0.4204 0.2396 0.1566 0.1455 0.3712 0.5099 0.3505 0.2049 0.1447 0.1679 0.4416 0.4955 0.2965 0.1808 0.1396 0.2322 0.4809 0.4515 0.2607 0.1662 0.1404 0.2991 0.4984 0.4137 0.2400 0.1584 0.1432 0.3400 0.5058 0.3881 0.2270 0.1535 0.1468 0.3700 0.5085
0.3646 0.1453 0.1552 0.2314 0.3965 0.5038 0.3286 0.1422 0.1602 0.2442 0.4208 0.4962 0.2904 0.1401 0.1672 0.2626 0.4534 0.4804 0.2322 0.1396 0.1801 0.2945 0.4934 0.4453 0.1710 0.1440 0.2023 0.3446 0.5100 0.3800 0.1469 0.1550 0.2352 0.4122 0.4965 0.2808 0.1396 0.1727 0.2797 0.4812 0.4573 0.1814 0.1425 0.1979 0.3361 0.5098 0.3897 0.1485 0.1529 0.2230 0.3091 0.2230 0.1529 0.1485 0.3897 0.5098 0.3361 0.1979 0.1425 0.1814 0.4573 0.4812 0.2797 0.1727 0.1396 0.2808 0.4965 0.4122 0.2352 0.1550 0.1469 0.3800 0.5100 0.3446 0.2023 0.1440 0.1710 0.4453 0.4934 0.2945 0.1801 0.1396 0.2322 0.4804 0.4534 0.2626 0.1672 0.1401 0.2904 0.4962 0.4208 0.2442 0.1602 0.1422 0.3286 0.5038 0.3965 0.2314 0.1552 0.1453 0.3646
0.1559 0.1570 0.2359 0.4050 0.5015 0.3165 0.1414 0.1621 0.2488 0.4285 0.4934 0.2800 0.1398 0.1687 0.2656 0.4571 0.4788 0.2293 0.1396 0.1801 0.2937 0.4923 0.4475 0.1734 0.1434 0.2002 0.3398 0.5099 0.3876 0.1483 0.1536 0.2312 0.4043 0.4992 0.2932 0.1399 0.1704 0.2741 0.4746 0.4631 0.1893 0.1417 0.1946 0.3291 0.5091 0.3987 0.1504 0.1519 0.2258 0.3844 0.5005 0.3844 0.2258 0.1519 0.1504 0.3987 0.5091 0.3291 0.1946 0.1417 0.1893 0.4631 0.4746 0.2741 0.1704 0.1399 0.2932 0.4992 0.4043 0.2312 0.1536 0.1483 0.3876 0.5099 0.3398 0.2002 0.1434 0.1734 0.4475 0.4923 0.2937 0.1801 0.1396 0.2293 0.4788 0.4571 0.2656 0.1687 0.1398 0.2800 0.4934 0.4285 0.2488 0.1621 0.1414 0.3165 0.5015 0.4050 0.2359 0.1570 0.1559
0.1668 0.2406 0.4136 0.4989 0.3039 0.1407 0.1641 0.2537 0.4367 0.4901 0.2683 0.1396 0.1706 0.2696 0.4622 0.4762 0.2238 0.1397 0.1808 0.2945 0.4923 0.4483 0.1747 0.1431 0.1988 0.3361 0.5097 0.3937 0.1496 0.1524 0.2277 0.3971 0.5015 0.3047 0.1403 0.1682 0.2687 0.4675 0.4685 0.1985 0.1410 0.1915 0.3223 0.5078 0.4074 0.1525 0.1505 0.2228 0.3863 0.5049 0.4345 0.5049 0.3863 0.2228 0.1505 0.1525 0.4074 0.5078 0.3223 0.1915 0.1410 0.1985 0.4685 0.4675 0.2687 0.1682 0.1403 0.3047 0.5015 0.3971 0.2277 0.1524 0.1496 0.3937 0.5097 0.3361 0.1988 0.1431 0.1747 0.4483 0.4923 0.2945 0.1808 0.1397 0.2238 0.4762 0.4622 0.2696 0.1706 0.1396 0.2683 0.4901 0.4367 0.2537 0.1641 0.1407 0.3039 0.4989 0.4136 0.2406 0.1668
0.2470 0.4223 0.4959 0.2911 0.1402 0.1662 0.2588 0.4449 0.4863 0.2558 0.1395 0.1727 0.2743 0.4682 0.4726 0.2163 0.1399 0.1820 0.2965 0.4934 0.4475 0.1747 0.1430 0.1981 0.3338 0.5094 0.3983 0.1508 0.1514 0.2247 0.3908 0.5034 0.3151 0.1407 0.1662 0.2637 0.4602 0.4735 0.2087 0.1405 0.1885 0.3156 0.5060 0.4158 0.1550 0.1492 0.2189 0.3801 0.5058 0.3470 0.1658 0.3470 0.5058 0.3801 0.2189 0.1492 0.1550 0.4158 0.5060 0.3156 0.1885 0.1405 0.2087 0.4735 0.4602 0.2637 0.1662 0.1407 0.3151 0.5034 0.3908 0.2247 0.1514 0.1508 0.3983 0.5094 0.3338 0.1981 0.1430 0.1747 0.4475 0.4934 0.2965 0.1820 0.1399 0.2163 0.4726 0.4682 0.2743 0.1727 0.1395 0.2558 0.4863 0.4449 0.2588 0.1662 0.1402 0.2911 0.4959 0.4223 0.2470
0.4240 0.4927 0.2781 0.1398 0.1685 0.2641 0.4531 0.4822 0.2432 0.1394 0.1751 0.2796 0.4746 0.4683 0.2076 0.1401 0.1837 0.2998 0.4955 0.4453 0.1734 0.1431 0.1981 0.3330 0.5092 0.4012 0.1517 0.1507 0.2224 0.3856 0.5048 0.3243 0.1413 0.1644 0.2591 0.4530 0.4780 0.2197 0.1400 0.1856 0.3091 0.5036 0.4238 0.1579 0.1479 0.2151 0.3725 0.5073 0.3424 0.1426 0.1410 0.1426 0.3424 0.5073 0.3725 0.2151 0.1479 0.1579 0.4238 0.5036 0.3091 0.1856 0.1400 0.2197 0.4780 0.4530 0.2591 0.1644 0.1413 0.3243 0.5048 0.3856 0.2224 0.1507 0.1517 0.4012 0.5092 0.3330 0.1981 0.1431 0.1734 0.4453 0.4955 0.2998 0.1837 0.1401 0.2076 0.4683 0.4746 0.2796 0.1751 0.1394 0.2432 0.4822 0.4531 0.2641 0.1685 0.1398 0.2781 0.4927 0.4240
0.4906 0.2650 0.1396 0.1708 0.2696 0.4611 0.4777 0.2306 0.1395 0.1776 0.2852 0.4810 0.4633 0.1984 0.1405 0.1859 0.3042 0.4981 0.4416 0.1710 0.1434 0.1988 0.3338 0.5092 0.4021 0.1522 0.1503 0.2208 0.3817 0.5058 0.3317 0.1418 0.1628 0.2550 0.4462 0.4819 0.2306 0.1397 0.1828 0.3028 0.5004 0.4314 0.1613 0.1466 0.2114 0.3647 0.5085 0.3510 0.1432 0.1556 0.1941 0.1556 0.1432 0.3510 0.5085 0.3647 0.2114 0.1466 0.1613 0.4314 0.5004 0.3028 0.1828 0.1397 0.2306 0.4819 0.4462 0.2550 0.1628 0.1418 0.3317 0.5058 0.3817 0.2208 0.1503 0.1522 0.4021 0.5092 0.3338 0.1988 0.1434 0.1710 0.4416 0.4981 0.3042 0.1859 0.1405 0.1984 0.4633 0.4810 0.2852 0.1776 0.1395 0.2306 0.4777 0.4611 0.2696 0.1708 0.1396 0.2650 0.4906
0.2601 0.1394 0.1733 0.2753 0.4688 0.4728 0.2184 0.1397 0.1803 0.2911 0.4869 0.4576 0.1896 0.1410 0.1885 0.3095 0.5009 0.4367 0.1679 0.1440 0.2002 0.3361 0.5094 0.4012 0.1522 0.1501 0.2199 0.3792 0.5065 0.3372 0.1423 0.1616 0.2516 0.4401 0.4852 0.2409 0.1395 0.1804 0.2970 0.4966 0.4385 0.1652 0.1455 0.2077 0.3571 0.5094 0.3613 0.1443 0.1577 0.2354 0.3289 0.2354 0.1577 0.1443 0.3613 0.5094 0.3571 0.2077 0.1455 0.1652 0.4385 0.4966 0.2970 0.1804 0.1395 0.2409 0.4852 0.4401 0.2516 0.1616 0.1423 0.3372 0.5065 0.3792 0.2199 0.1501 0.1522 0.4012 0.5094 0.3361 0.2002 0.1440 0.1679 0.4367 0.5009 0.3095 0.1885 0.1410 0.1896 0.4576 0.4869 0.2911 0.1803 0.1397 0.2184 0.4728 0.4688 0.2753 0.1733 0.1394 0.2601
0.1511 0.1759 0.2811 0.4761 0.4675 0.2069 0.1401 0.1831 0.2972 0.4923 0.4514 0.1817 0.1417 0.1914 0.3155 0.5036 0.4308 0.1645 0.1447 0.2023 0.3398 0.5097 0.3983 0.1517 0.1503 0.2199 0.3783 0.5068 0.3407 0.1426 0.1607 0.2489 0.4350 0.4879 0.2502 0.1394 0.1782 0.2918 0.4925 0.4450 0.1697 0.1444 0.2042 0.3496 0.5099 0.3715 0.1455 0.1565 0.2382 0.4078 0.5062 0.4078 0.2382 0.1565 0.1455 0.3715 0.5099 0.3496 0.2042 0.1444 0.1697 0.4450 0.4925 0.2918 0.1782 0.1394 0.2502 0.4879 0.4350 0.2489 0.1607 0.1426 0.3407 0.5068 0.3783 0.2199 0.1503 0.1517 0.3983 0.5097 0.3398 0.2023 0.1447 0.1645 0.4308 0.5036 0.3155 0.1914 0.1417 0.1817 0.4514 0.4923 0.2972 0.1831 0.1401 0.2069 0.4675 0.4761 0.2811 0.1759 0.1511
0.1846 0.2871 0.4827 0.4618 0.1965 0.1406 0.1860 0.3036 0.4970 0.4449 0.1750 0.1425 0.1945 0.3220 0.5060 0.4238 0.1612 0.1456 0.2049 0.3446 0.5099 0.3937 0.1508 0.1507 0.2208 0.3792 0.5068 0.3419 0.1428 0.1601 0.2471 0.4311 0.4899 0.2580 0.1394 0.1763 0.2872 0.4882 0.4506 0.1747 0.1434 0.2009 0.3425 0.5100 0.3813 0.1470 0.1549 0.2349 0.4098 0.4990 0.4130 0.4990 0.4098 0.2349 0.1549 0.1470 0.3813 0.5100 0.3425 0.2009 0.1434 0.1747 0.4506 0.4882 0.2872 0.1763 0.1394 0.2580 0.4899 0.4311 0.2471 0.1601 0.1428 0.3419 0.5068 0.3792 0.2208 0.1507 0.1508 0.3937 0.5099 0.3446 0.2049 0.1456 0.1612 0.4238 0.5060 0.3220 0.1945 0.1425 0.1750 0.4449 0.4970 0.3036 0.1860 0.1406 0.1965 0.4618 0.4827 0.2871 0.1846
0.2922 0.4889 0.4558 0.1873 0.1412 0.1890 0.3102 0.5009 0.4378 0.1694 0.1434 0.1977 0.3288 0.5078 0.4161 0.1580 0.1466 0.2079 0.3505 0.5100 0.3876 0.1496 0.1514 0.2224 0.3817 0.5065 0.3407 0.1428 0.1599 0.2461 0.4287 0.4912 0.2639 0.1394 0.1748 0.2833 0.4840 0.4555 0.1800 0.1426 0.1979 0.3358 0.5098 0.3906 0.1487 0.1534 0.2308 0.4034 0.4997 0.3138 0.1539 0.3138 0.4997 0.4034 0.2308 0.1534 0.1487 0.3906 0.5098 0.3358 0.1979 0.1426 0.1800 0.4555 0.4840 0.2833 0.1748 0.1394 0.2639 0.4912 0.4287 0.2461 0.1599 0.1428 0.3407 0.5065 0.3817 0.2224 0.1514 0.1496 0.3876 0.5100 0.3505 0.2079 0.1466 0.1580 0.4161 0.5078 0.3288 0.1977 0.1434 0.1694 0.4378 0.5009 0.3102 0.1890 0.1412 0.1873 0.4558 0.4889 0.2922
0.4885 0.4494 0.1795 0.1419 0.1922 0.3169 0.5040 0.4303 0.1647 0.1445 0.2011 0.3358 0.5090 0.4078 0.1551 0.1478 0.2113 0.3572 0.5099 0.3800 0.1483 0.1524 0.2247 0.3856 0.5058 0.3372 0.1426 0.1601 0.2461 0.4279 0.4919 0.2675 0.1395 0.1736 0.2802 0.4802 0.4594 0.1854 0.1420 0.1953 0.3299 0.5091 0.3989 0.1505 0.1519 0.2267 0.3956 0.5019 0.3089 0.1399 0.1439 0.1399 0.3089 0.5019 0.3956 0.2267 0.1519 0.1505 0.3989 0.5091 0.3299 0.1953 0.1420 0.1854 0.4594 0.4802 0.2802 0.1736 0.1395 0.2675 0.4919 0.4279 0.2461 0.1601 0.1426 0.3372 0.5058 0.3856 0.2247 0.1524 0.1483 0.3800 0.5099 0.3572 0.2113 0.1478 0.1551 0.4078 0.5090 0.3358 0.2011 0.1445 0.1647 0.4303 0.5040 0.3169 0.1922 0.1419 0.1795 0.4494 0.4885
0.4459 0.1730 0.1428 0.1954 0.3238 0.5064 0.4224 0.1607 0.1456 0.2046 0.3431 0.5098 0.3990 0.1526 0.1491 0.2150 0.3646 0.5094 0.3712 0.1469 0.1536 0.2277 0.3908 0.5048 0.3317 0.1423 0.1607 0.2471 0.4287 0.4919 0.2688 0.1395 0.1729 0.2781 0.4773 0.4625 0.1903 0.1415 0.1930 0.3246 0.5082 0.4064 0.1524 0.1506 0.2228 0.3878 0.5040 0.3181 0.1408 0.1609 0.2039 0.1609 0.1408 0.3181 0.5040 0.3878 0.2228 0.1506 0.1524 0.4064 0.5082 0.3246 0.1930 0.1415 0.1903 0.4625 0.4773 0.2781 0.1729 0.1395 0.2688 0.4919 0.4287 0.2471 0.1607 0.1423 0.3317 0.5048 0.3908 0.2277 0.1536 0.1469 0.3712 0.5094 0.3646 0.2150 0.1491 0.1526 0.3990 0.5098 0.3431 0.2046 0.1456 0.1607 0.4224 0.5064 0.3238 0.1954 0.1428 0.1730 0.4459
0.1789 0.1438 0.1988 0.3309 0.5082 0.4140 0.1573 0.1468 0.2082 0.3506 0.5100 0.3899 0.1504 0.1505 0.2189 0.3723 0.5085 0.3614 0.1455 0.1550 0.2312 0.3971 0.5034 0.3243 0.1418 0.1616 0.2489 0.4311 0.4912 0.2675 0.1395 0.1727 0.2770 0.4754 0.4645 0.1943 0.1411 0.1912 0.3202 0.5070 0.4128 0.1544 0.1494 0.2193 0.3805 0.5057 0.3289 0.1415 0.1631 0.2490 0.3502 0.2490 0.1631 0.1415 0.3289 0.5057 0.3805 0.2193 0.1494 0.1544 0.4128 0.5070 0.3202 0.1912 0.1411 0.1943 0.4645 0.4754 0.2770 0.1727 0.1395 0.2675 0.4912 0.4311 0.2489 0.1616 0.1418 0.3243 0.5034 0.3971 0.2312 0.1550 0.1455 0.3614 0.5085 0.3723 0.2189 0.1505 0.1504 0.3899 0.5100 0.3506 0.2082 0.1468 0.1573 0.4140 0.5082 0.3309 0.1988 0.1438 0.1789
0.1550 0.2023 0.3382 0.5093 0.4053 0.1544 0.1481 0.2120 0.3584 0.5098 0.3802 0.1485 0.1520 0.2229 0.3803 0.5073 0.3508 0.1443 0.1566 0.2352 0.4043 0.5015 0.3151 0.1413 0.1628 0.2516 0.4350 0.4899 0.2639 0.1395 0.1729 0.2770 0.4747 0.4655 0.1969 0.1409 0.1899 0.3168 0.5059 0.4181 0.1563 0.1484 0.2162 0.3738 0.5071 0.3391 0.1422 0.1619 0.2519 0.4317 0.5075 0.4317 0.2519 0.1619 0.1422 0.3391 0.5071 0.3738 0.2162 0.1484 0.1563 0.4181 0.5059 0.3168 0.1899 0.1409 0.1969 0.4655 0.4747 0.2770 0.1729 0.1395 0.2639 0.4899 0.4350 0.2516 0.1628 0.1413 0.3151 0.5015 0.4043 0.2352 0.1566 0.1443 0.3508 0.5073 0.3803 0.2229 0.1520 0.1485 0.3802 0.5098 0.3584 0.2120 0.1481 0.1544 0.4053 0.5093 0.3382 0.2023 0.1550
0.2100 0.3458 0.5099 0.3961 0.1519 0.1495 0.2160 0.3663 0.5092 0.3699 0.1468 0.1535 0.2270 0.3884 0.5057 0.3396 0.1432 0.1584 0.2396 0.4122 0.4992 0.3047 0.1407 0.1644 0.2550 0.4401 0.4879 0.2580 0.1394 0.1736 0.2781 0.4754 0.4655 0.1978 0.1408 0.1891 0.3145 0.5049 0.4221 0.1580 0.1476 0.2135 0.3680 0.5082 0.3484 0.1430 0.1603 0.2487 0.4343 0.4905 0.3881 0.4905 0.4343 0.2487 0.1603 0.1430 0.3484 0.5082 0.3680 0.2135 0.1476 0.1580 0.4221 0.5049 0.3145 0.1891 0.1408 0.1978 0.4655 0.4754 0.2781 0.1736 0.1394 0.2580 0.4879 0.4401 0.2550 0.1644 0.1407 0.3047 0.4992 0.4122 0.2396 0.1584 0.1432 0.3396 0.5057 0.3884 0.2270 0.1535 0.1468 0.3699 0.5092 0.3663 0.2160 0.1495 0.1519 0.3961 0.5099 0.3458 0.2100
0.3493 0.5102 0.3866 0.1498 0.1510 0.2200 0.3744 0.5082 0.3591 0.1453 0.1552 0.2314 0.3966 0.5038 0.3281 0.1422 0.1602 0.2442 0.4204 0.4965 0.2932 0.1403 0.1662 0.2591 0.4462 0.4852 0.2502 0.1394 0.1748 0.2802 0.4773 0.4645 0.1969 0.1408 0.1888 0.3133 0.5042 0.4248 0.1594 0.1469 0.2114 0.3631 0.5089 0.3565 0.1439 0.1588 0.2448 0.4288 0.4906 0.2771 0.1463 0.2771 0.4906 0.4288 0.2448 0.1588 0.1439 0.3565 0.5089 0.3631 0.2114 0.1469 0.1594 0.4248 0.5042 0.3133 0.1888 0.1408 0.1969 0.4645 0.4773 0.2802 0.1748 0.1394 0.2502 0.4852 0.4462 0.2591 0.1662 0.1403 0.2932 0.4965 0.4204 0.2442 0.1602 0.1422 0.3281 0.5038 0.3966 0.2314 0.1552 0.1453 0.3591 0.5082 0.3744 0.2200 0.1510 0.1498 0.3866 0.5102 0.3493
0.5087 0.3766 0.1479 0.1525 0.2242 0.3827 0.5069 0.3479 0.1440 0.1570 0.2359 0.4051 0.5015 0.3162 0.1414 0.1621 0.2490 0.4287 0.4934 0.2808 0.1399 0.1682 0.2637 0.4530 0.4819 0.2409 0.1394 0.1763 0.2833 0.4802 0.4625 0.1943 0.1409 0.1891 0.3133 0.5040 0.4262 0.1603 0.1465 0.2098 0.3593 0.5094 0.3631 0.1447 0.1575 0.2412 0.4223 0.4930 0.2706 0.1384 0.1476 0.1384 0.2706 0.4930 0.4223 0.2412 0.1575 0.1447 0.3631 0.5094 0.3593 0.2098 0.1465 0.1603 0.4262 0.5040 0.3133 0.1891 0.1409 0.1943 0.4625 0.4802 0.2833 0.1763 0.1394 0.2409 0.4819 0.4530 0.2637 0.1682 0.1399 0.2808 0.4934 0.4287 0.2490 0.1621 0.1414 0.3162 0.5015 0.4051 0.2359 0.1570 0.1440 0.3479 0.5069 0.3827 0.2242 0.1525 0.1479 0.3766 0.5087
0.3714 0.1463 0.1541 0.2285 0.3911 0.5051 0.3364 0.1429 0.1588 0.2406 0.4137 0.4989 0.3039 0.1407 0.1641 0.2539 0.4370 0.4899 0.2680 0.1396 0.1704 0.2687 0.4602 0.4780 0.2306 0.1395 0.1782 0.2872 0.4840 0.4594 0.1903 0.1411 0.1899 0.3145 0.5042 0.4262 0.1606 0.1463 0.2088 0.3566 0.5096 0.3682 0.1455 0.1564 0.2381 0.4163 0.4954 0.2782 0.1394 0.1674 0.2155 0.1674 0.1394 0.2782 0.4954 0.4163 0.2381 0.1564 0.1455 0.3682 0.5096 0.3566 0.2088 0.1463 0.1606 0.4262 0.5042 0.3145 0.1899 0.1411 0.1903 0.4594 0.4840 0.2872 0.1782 0.1395 0.2306 0.4780 0.4602 0.2687 0.1704 0.1396 0.2680 0.4899 0.4370 0.2539 0.1641 0.1407 0.3039 0.4989 0.4137 0.2406 0.1588 0.1429 0.3364 0.5051 0.3911 0.2285 0.1541 0.1463 0.3714
0.1567 0.1558 0.2329 0.3995 0.5030 0.3244 0.1420 0.1607 0.2454 0.4223 0.4959 0.2910 0.1402 0.1663 0.2589 0.4452 0.4862 0.2553 0.1394 0.1727 0.2741 0.4675 0.4735 0.2197 0.1397 0.1804 0.2918 0.4882 0.4555 0.1854 0.1415 0.1912 0.3168 0.5049 0.4248 0.1603 0.1463 0.2085 0.3553 0.5098 0.3717 0.1460 0.1555 0.2356 0.4111 0.4974 0.2868 0.1397 0.1701 0.2654 0.3751 0.2654 0.1701 0.1397 0.2868 0.4974 0.4111 0.2356 0.1555 0.1460 0.3717 0.5098 0.3553 0.2085 0.1463 0.1603 0.4248 0.5049 0.3168 0.1912 0.1415 0.1854 0.4555 0.4882 0.2918 0.1804 0.1397 0.2197 0.4735 0.4675 0.2741 0.1727 0.1394 0.2553 0.4862 0.4452 0.2589 0.1663 0.1402 0.2910 0.4959 0.4223 0.2454 0.1607 0.1420 0.3244 0.5030 0.3995 0.2329 0.1558 0.1567
0.1657 0.2376 0.4081 0.5006 0.3121 0.1412 0.1627 0.2503 0.4309 0.4926 0.2780 0.1398 0.1685 0.2642 0.4533 0.4821 0.2426 0.1394 0.1752 0.2797 0.4746 0.4685 0.2087 0.1400 0.1828 0.2970 0.4925 0.4506 0.1800 0.1420 0.1930 0.3202 0.5059 0.4221 0.1594 0.1465 0.2088 0.3553 0.5098 0.3735 0.1464 0.1550 0.2338 0.4071 0.4990 0.2944 0.1400 0.1692 0.2693 0.4580 0.5049 0.4580 0.2693 0.1692 0.1400 0.2944 0.4990 0.4071 0.2338 0.1550 0.1464 0.3735 0.5098 0.3553 0.2088 0.1465 0.1594 0.4221 0.5059 0.3202 0.1930 0.1420 0.1800 0.4506 0.4925 0.2970 0.1828 0.1400 0.2087 0.4685 0.4746 0.2797 0.1752 0.1394 0.2426 0.4821 0.4533 0.2642 0.1685 0.1398 0.2780 0.4926 0.4309 0.2503 0.1627 0.1412 0.3121 0.5006 0.4081 0.2376 0.1657
0.2441 0.4168 0.4979 0.2994 0.1405 0.1648 0.2554 0.4394 0.4889 0.2648 0.1396 0.1709 0.2697 0.4612 0.4776 0.2303 0.1395 0.1777 0.2855 0.4812 0.4631 0.1985 0.1405 0.1856 0.3028 0.4966 0.4450 0.1747 0.1426 0.1953 0.3246 0.5070 0.4181 0.1580 0.1469 0.2098 0.3566 0.5098 0.3735 0.1466 0.1547 0.2326 0.4042 0.5001 0.3005 0.1402 0.1680 0.2670 0.4622 0.4773 0.3551 0.4773 0.4622 0.2670 0.1680 0.1402 0.3005 0.5001 0.4042 0.2326 0.1547 0.1466 0.3735 0.5098 0.3566 0.2098 0.1469 0.1580 0.4181 0.5070 0.3246 0.1953 0.1426 0.1747 0.4450 0.4966 0.3028 0.1856 0.1405 0.1985 0.4631 0.4812 0.2855 0.1777 0.1395 0.2303 0.4776 0.4612 0.2697 0.1709 0.1396 0.2648 0.4889 0.4394 0.2554 0.1648 0.1405 0.2994 0.4979 0.4168 0.2441
0.4186 0.4949 0.2865 0.1401 0.1670 0.2607 0.4479 0.4849 0.2517 0.1394 0.1733 0.2753 0.4689 0.4727 0.2183 0.1397 0.1804 0.2913 0.4872 0.4573 0.1893 0.1410 0.1885 0.3091 0.5004 0.4385 0.1697 0.1434 0.1979 0.3299 0.5082 0.4128 0.1563 0.1476 0.2114 0.3593 0.5096 0.3717 0.1464 0.1547 0.2322 0.4028 0.5007 0.3047 0.1404 0.1669 0.2643 0.4593 0.4758 0.2324 0.1407 0.2324 0.4758 0.4593 0.2643 0.1669 0.1404 0.3047 0.5007 0.4028 0.2322 0.1547 0.1464 0.3717 0.5096 0.3593 0.2114 0.1476 0.1563 0.4128 0.5082 0.3299 0.1979 0.1434 0.1697 0.4385 0.5004 0.3091 0.1885 0.1410 0.1893 0.4573 0.4872 0.2913 0.1804 0.1397 0.2183 0.4727 0.4689 0.2753 0.1733 0.1394 0.2517 0.4849 0.4479 0.2607 0.1670 0.1401 0.2865 0.4949 0.4186
0.4928 0.2734 0.1397 0.1693 0.2661 0.4560 0.4806 0.2388 0.1394 0.1759 0.2811 0.4761 0.4675 0.2069 0.1401 0.1831 0.2974 0.4925 0.4512 0.1814 0.1417 0.1915 0.3156 0.5036 0.4314 0.1652 0.1444 0.2009 0.3358 0.5091 0.4064 0.1544 0.1484 0.2135 0.3631 0.5094 0.3682 0.1460 0.1550 0.2326 0.4028 0.5009 0.3068 0.1405 0.1662 0.2622 0.4559 0.4775 0.2233 0.1382 0.1531 0.1382 0.2233 0.4775 0.4559 0.2622 0.1662 0.1405 0.3068 0.5009 0.4028 0.2326 0.1550 0.1460 0.3682 0.5094 0.3631 0.2135 0.1484 0.1544 0.4064 0.5091 0.3358 0.2009 0.1444 0.1652 0.4314 0.5036 0.3156 0.1915 0.1417 0.1814 0.4512 0.4925 0.2974 0.1831 0.1401 0.2069 0.4675 0.4761 0.2811 0.1759 0.1394 0.2388 0.4806 0.4560 0.2661 0.1693 0.1397 0.2734 0.4928
0.2683 0.1395 0.1717 0.2716 0.4639 0.4760 0.2262 0.1396 0.1785 0.2871 0.4828 0.4618 0.1964 0.1406 0.1860 0.3037 0.4971 0.4446 0.1748 0.1425 0.1946 0.3223 0.5060 0.4238 0.1613 0.1455 0.2042 0.3425 0.5098 0.3989 0.1524 0.1494 0.2162 0.3680 0.5089 0.3631 0.1455 0.1555 0.2338 0.4042 0.5007 0.3068 0.1406 0.1659 0.2609 0.4533 0.4792 0.2264 0.1395 0.1767 0.2316 0.1767 0.1395 0.2264 0.4792 0.4533 0.2609 0.1659 0.1406 0.3068 0.5007 0.4042 0.2338 0.1555 0.1455 0.3631 0.5089 0.3680 0.2162 0.1494 0.1524 0.3989 0.5098 0.3425 0.2042 0.1455 0.1613 0.4238 0.5060 0.3223 0.1946 0.1425 0.1748 0.4446 0.4971 0.3037 0.1860 0.1406 0.1964 0.4618 0.4828 0.2871 0.1785 0.1396 0.2262 0.4760 0.4639 0.2716 0.1717 0.1395 0.2683
0.1511 0.1742 0.2773 0.4715 0.4709 0.2142 0.1398 0.1812 0.2932 0.4888 0.4558 0.1873 0.1412 0.1890 0.3102 0.5009 0.4376 0.1693 0.1435 0.1979 0.3291 0.5078 0.4158 0.1579 0.1466 0.2077 0.3496 0.5100 0.3906 0.1505 0.1506 0.2193 0.3738 0.5082 0.3565 0.1447 0.1564 0.2356 0.4071 0.5001 0.3047 0.1405 0.1659 0.2605 0.4520 0.4803 0.2300 0.1396 0.1805 0.2883 0.4079 0.2883 0.1805 0.1396 0.2300 0.4803 0.4520 0.2605 0.1659 0.1405 0.3047 0.5001 0.4071 0.2356 0.1564 0.1447 0.3565 0.5082 0.3738 0.2193 0.1506 0.1505 0.3906 0.5100 0.3496 0.2077 0.1466 0.1579 0.4158 0.5078 0.3291 0.1979 0.1435 0.1693 0.4376 0.5009 0.3102 0.1890 0.1412 0.1873 0.4558 0.4888 0.2932 0.1812 0.1398 0.2142 0.4709 0.4715 0.2773 0.1742 0.1511
0.1831 0.2832 0.4785 0.4655 0.2031 0.1402 0.1841 0.2995 0.4940 0.4493 0.1795 0.1419 0.1922 0.3170 0.5041 0.4302 0.1646 0.1445 0.2012 0.3361 0.5091 0.4074 0.1550 0.1479 0.2114 0.3571 0.5099 0.3813 0.1487 0.1519 0.2228 0.3805 0.5071 0.3484 0.1439 0.1575 0.2381 0.4111 0.4990 0.3005 0.1404 0.1662 0.2609 0.4520 0.4807 0.2319 0.1396 0.1804 0.2941 0.4863 0.4968 0.4863 0.2941 0.1804 0.1396 0.2319 0.4807 0.4520 0.2609 0.1662 0.1404 0.3005 0.4990 0.4111 0.2381 0.1575 0.1439 0.3484 0.5071 0.3805 0.2228 0.1519 0.1487 0.3813 0.5099 0.3571 0.2114 0.1479 0.1550 0.4074 0.5091 0.3361 0.2012 0.1445 0.1646 0.4302 0.5041 0.3170 0.1922 0.1419 0.1795 0.4493 0.4940 0.2995 0.1841 0.1402 0.2031 0.4655 0.4785 0.2832 0.1831
0.2884 0.4851 0.4597 0.1931 0.1408 0.1871 0.3059 0.4985 0.4424 0.1730 0.1428 0.1954 0.3239 0.5065 0.4223 0.1607 0.1456 0.2047 0.3433 0.5098 0.3987 0.1525 0.1492 0.2151 0.3647 0.5094 0.3715 0.1470 0.1534 0.2267 0.3878 0.5057 0.3391 0.1430 0.1588 0.2412 0.4163 0.4974 0.2944 0.1402 0.1669 0.2622 0.4533 0.4803 0.2319 0.1396 0.1801 0.2939 0.4915 0.4548 0.3060 0.4548 0.4915 0.2939 0.1801 0.1396 0.2319 0.4803 0.4533 0.2622 0.1669 0.1402 0.2944 0.4974 0.4163 0.2412 0.1588 0.1430 0.3391 0.5057 0.3878 0.2267 0.1534 0.1470 0.3715 0.5094 0.3647 0.2151 0.1492 0.1525 0.3987 0.5098 0.3433 0.2047 0.1456 0.1607 0.4223 0.5065 0.3239 0.1954 0.1428 0.1730 0.4424 0.4985 0.3059 0.1871 0.1408 0.1931 0.4597 0.4851 0.2884
0.4848 0.4536 0.1844 0.1414 0.1901 0.3125 0.5021 0.4352 0.1677 0.1438 0.1988 0.3309 0.5082 0.4140 0.1573 0.1468 0.2082 0.3507 0.5100 0.3897 0.1504 0.1505 0.2189 0.3725 0.5085 0.3613 0.1455 0.1549 0.2308 0.3956 0.5040 0.3289 0.1422 0.1603 0.2448 0.4223 0.4954 0.2868 0.1400 0.1680 0.2643 0.4559 0.4792 0.2300 0.1396 0.1801 0.2936 0.4918 0.4495 0.1843 0.1371 0.1843 0.4495 0.4918 0.2936 0.1801 0.1396 0.2300 0.4792 0.4559 0.2643 0.1680 0.1400 0.2868 0.4954 0.4223 0.2448 0.1603 0.1422 0.3289 0.5040 0.3956 0.2308 0.1549 0.1455 0.3613 0.5085 0.3725 0.2189 0.1505 0.1504 0.3897 0.5100 0.3507 0.2082 0.1468 0.1573 0.4140 0.5082 0.3309 0.1988 0.1438 0.1677 0.4352 0.5021 0.3125 0.1901 0.1414 0.1844 0.4536 0.4848
0.4506 0.1774 0.1421 0.1931 0.3190 0.5048 0.4279 0.1634 0.1448 0.2020 0.3379 0.5092 0.4057 0.1545 0.1480 0.2118 0.3580 0.5098 0.3805 0.1485 0.1519 0.2228 0.3801 0.5073 0.3510 0.1443 0.1565 0.2349 0.4034 0.5019 0.3181 0.1415 0.1619 0.2487 0.4288 0.4930 0.2782 0.1397 0.1692 0.2670 0.4593 0.4775 0.2264 0.1396 0.1804 0.2939 0.4918 0.4490 0.1767 0.1404 0.1617 0.1404 0.1767 0.4490 0.4918 0.2939 0.1804 0.1396 0.2264 0.4775 0.4593 0.2670 0.1692 0.1397 0.2782 0.4930 0.4288 0.2487 0.1619 0.1415 0.3181 0.5019 0.4034 0.2349 0.1565 0.1443 0.3510 0.5073 0.3801 0.2228 0.1519 0.1485 0.3805 0.5098 0.3580 0.2118 0.1480 0.1545 0.4057 0.5092 0.3379 0.2020 0.1448 0.1634 0.4279 0.5048 0.3190 0.1931 0.1421 0.1774 0.4506
0.1836 0.1426 0.1954 0.3243 0.5063 0.4217 0.1602 0.1455 0.2046 0.3436 0.5095 0.3987 0.1524 0.1489 0.2146 0.3641 0.5091 0.3727 0.1470 0.1529 0.2258 0.3863 0.5058 0.3424 0.1432 0.1577 0.2382 0.4098 0.4997 0.3089 0.1408 0.1631 0.2519 0.4343 0.4906 0.2706 0.1394 0.1701 0.2693 0.4622 0.4758 0.2233 0.1395 0.1805 0.2941 0.4915 0.4495 0.1767 0.1421 0.1902 0.2544 0.1902 0.1421 0.1767 0.4495 0.4915 0.2941 0.1805 0.1395 0.2233 0.4758 0.4622 0.2693 0.1701 0.1394 0.2706 0.4906 0.4343 0.2519 0.1631 0.1408 0.3089 0.4997 0.4098 0.2382 0.1577 0.1432 0.3424 0.5058 0.3863 0.2258 0.1529 0.1470 0.3727 0.5091 0.3641 0.2146 0.1489 0.1524 0.3987 0.5095 0.3436 0.2046 0.1455 0.1602 0.4217 0.5063 0.3243 0.1954 0.1426 0.1836
0.1519 0.1928 0.3223 0.5049 0.4238 0.1607 0.1439 0.2020 0.3418 0.5082 0.4017 0.1523 0.1472 0.2119 0.3624 0.5080 0.3765 0.1467 0.1510 0.2230 0.3844 0.5049 0.3470 0.1426 0.1556 0.2354 0.4078 0.4990 0.3138 0.1399 0.1609 0.2490 0.4317 0.4905 0.2771 0.1384 0.1674 0.2654 0.4580 0.4773 0.2324 0.1382 0.1767 0.2883 0.4863 0.4548 0.1843 0.1404 0.1902 0.3123 0.4395 0.3123 0.1902 0.1404 0.1843 0.4548 0.4863 0.2883 0.1767 0.1382 0.2324 0.4773 0.4580 0.2654 0.1674 0.1384 0.2771 0.4905 0.4317 0.2490 0.1609 0.1399 0.3138 0.4990 0.4078 0.2354 0.1556 0.1426 0.3470 0.5049 0.3844 0.2230 0.1510 0.1467 0.3765 0.5080 0.3624 0.2119 0.1472 0.1523 0.4017 0.5082 0.3418 0.2020 0.1439 0.1607 0.4238 0.5049 0.3223 0.1928 0.1519
0.1720 0.2599 0.4530 0.4797 0.2465 0.1365 0.1705 0.2747 0.4732 0.4673 0.2131 0.1372 0.1774 0.2912 0.4895 0.4525 0.1852 0.1387 0.1852 0.3091 0.5005 0.4345 0.1658 0.1410 0.1941 0.3289 0.5062 0.4130 0.1539 0.1439 0.2039 0.3502 0.5075 0.3881 0.1463 0.1476 0.2155 0.3751 0.5049 0.3551 0.1407 0.1531 0.2316 0.4079 0.4968 0.3060 0.1371 0.1617 0.2544 0.4395 0.5049 0.4395 0.2544 0.1617 0.1371 0.3060 0.4968 0.4079 0.2316 0.1531 0.1407 0.3551 0.5049 0.3751 0.2155 0.1476 0.1463 0.3881 0.5075 0.3502 0.2039 0.1439 0.1539 0.4130 0.5062 0.3289 0.1941 0.1410 0.1658 0.4345 0.5005 0.3091 0.1852 0.1387 0.1852 0.4525 0.4895 0.2912 0.1774 0.1372 0.2131 0.4673 0.4732 0.2747 0.1705 0.1365 0.2465 0.4797 0.4530 0.2599 0.1720
0.1519 0.1928 0.3223 0.5049 0.4238 0.1607 0.1439 0.2020 0.3418 0.5082 0.4017 0.1523 0.1472 0.2119 0.3624 0.5080 0.3765 0.1467 0.1510 0.2230 0.3844 0.5049 0.3470 0.1426 0.1556 0.2354 0.4078 0.4990 0.3138 0.1399 0.1609 0.2490 0.4317 0.4905 0.2771 0.1384 0.1674 0.2654 0.4580 0.4773 0.2324 0.1382 0.1767 0.2883 0.4863 0.4548 0.1843 0.1404 0.1902 0.3123 0.4395 0.3123 0.1902 0.1404 0.1843 0.4548 0.4863 0.2883 0.1767 0.1382 0.2324 0.4773 0.4580 0.2654 0.1674 0.1384 0.2771 0.4905 0.4317 0.2490 0.1609 0.1399 0.3138 0.4990 0.4078 0.2354 0.1556 0.1426 0.3470 0.5049 0.3844 0.2230 0.1510 0.1467 0.3765 0.5080 0.3624 0.2119 0.1472 0.1523 0.4017 0.5082 0.3418 0.2020 0.1439 0.1607 0.4238 0.5049 0.3223 0.1928 0.1519
0.1836 0.1426 0.1954 0.3243 0.5063 0.4217 0.1602 0.1455 0.2046 0.3436 0.5095 0.3987 0.1524 0.1489 0.2146 0.3641 0.5091 0.3727 0.1470 0.1529 0.2258 0.3863 0.5058 0.3424 0.1432 0.1577 0.2382 0.4098 0.4997 0.3089 0.1408 0.1631 0.2519 0.4343 0.4906 0.2706 0.1394 0.1701 0.2693 0.4622 0.4758 0.2233 0.1395 0.1805 0.2941 0.4915 0.4495 0.1767 0.1421 0.1902 0.2544 0.1902 0.1421 0.1767 0.4495 0.4915 0.2941 0.1805 0.1395 0.2233 0.4758 0.4622 0.2693 0.1701 0.1394 0.2706 0.4906 0.4343 0.2519 0.1631 0.1408 0.3089 0.4997 0.4098 0.2382 0.1577 0.1432 0.3424 0.5058 0.3863 0.2258 0.1529 0.1470 0.3727 0.5091 0.3641 0.2146 0.1489 0.1524 0.3987 0.5095 0.3436 0.2046 0.1455 0.1602 0.4217 0.5063 0.3243 0.1954 0.1426 0.1836
0.4506 0.1774 0.1421 0.1931 0.3190 0.5048 0.4279 0.1634 0.1448 0.2020 0.3379 0.5092 0.4057 0.1545 0.1480 0.2118 0.3580 0.5098 0.3805 0.1485 0.1519 0.2228 0.3801 0.5073 0.3510 0.1443 0.1565 0.2349 0.4034 0.5019 0.3181 0.1415 0.1619 0.2487 0.4288 0.4930 0.2782 0.1397 0.1692 0.2670 0.4593 0.4775 0.2264 0.1396 0.1804 0.2939 0.4918 0.4490 0.1767 0.1404 0.1617 0.1404 0.1767 0.4490 0.4918 0.2939 0.1804 0.1396 0.2264 0.4775 0.4593 0.2670 0.1692 0.1397 0.2782 0.4930 0.4288 0.2487 0.1619 0.1415 0.3181 0.5019 0.4034 0.2349 0.1565 0.1443 0.3510 0.5073 0.3801 0.2228 0.1519 0.1485 0.3805 0.5098 0.3580 0.2118 0.1480 0.1545 0.4057 0.5092 0.3379 0.2020 0.1448 0.1634 0.4279 0.5048 0.3190 0.1931 0.1421 0.1774 0.4506
0.4848 0.4536 0.1844 0.1414 0.1901 0.3125 0.5021 0.4352 0.1677 0.1438 0.1988 0.3309 0.5082 0.4140 0.1573 0.1468 0.2082 0.3507 0.5100 0.3897 0.1504 0.1505 0.2189 0.3725 0.5085 0.3613 0.1455 0.1549 0.2308 0.3956 0.5040 0.3289 0.1422 0.1603 0.2448 0.4223 0.4954 0.2868 0.1400 0.1680 0.2643 0.4559 0.4792 0.2300 0.1396 0.1801 0.2936 0.4918 0.4495 0.1843 0.1371 0.1843 0.4495 0.4918 0.2936 0.1801 0.1396 0.2300 0.4792 0.4559 0.2643 0.1680 0.1400 0.2868 0.4954 0.4223 0.2448 0.1603 0.1422 0.3289 0.5040 0.3956 0.2308 0.1549 0.1455 0.3613 0.5085 0.3725 0.2189 0.1505 0.1504 0.3897 0.5100 0.3507 0.2082 0.1468 0.1573 0.4140 0.5082 0.3309 0.1988 0.1438 0.1677 0.4352 0.5021 0.3125 0.1901 0.1414 0.1844 0.4536 0.4848
0.2884 0.4851 0.4597 0.1931 0.1408 0.1871 0.3059 0.4985 0.4424 0.1730 0.1428 0.1954 0.3239 0.5065 0.4223 0.1607 0.1456 0.2047 0.3433 0.5098 0.3987 0.1525 0.1492 0.2151 0.3647 0.5094 0.3715 0.1470 0.1534 0.2267 0.3878 0.5057 0.3391 0.1430 0.1588 0.2412 0.4163 0.4974 0.2944 0.1402 0.1669 0.2622 0.4533 0.4803 0.2319 0.1396 0.1801 0.2939 0.4915 0.4548 0.3060 0.4548 0.4915 0.2939 0.1801 0.1396 0.2319 0.4803 0.4533 0.2622 0.1669 0.1402 0.2944 0.4974 0.4163 0.2412 0.1588 0.1430 0.3391 0.5057 0.3878 0.2267 0.1534 0.1470 0.3715 0.5094 0.3647 0.2151 0.1492 0.1525 0.3987 0.5098 0.3433 0.2047 0.1456 0.1607 0.4223 0.5065 0.3239 0.1954 0.1428 0.1730 0.4424 0.4985 0.3059 0.1871 0.1408 0.1931 0.4597 0.4851 0.2884
