0.5739 1.0000 0.0001 0.0009 0.0106 0.1227 1.0000 1.0000 0.0002 0.0020 0.0236 0.2728 1.0000 1.0000 0.0004 0.0045 0.0523 0.6041 1.0000 0.0001 0.0009 0.0100 0.1159 1.0000 1.0000 0.0002 0.0019 0.0222 0.2572 1.0000 1.0000 0.0004 0.0043 0.0493 0.5695 1.0000 0.0001 0.0008 0.0094 0.1093 1.0000 1.0000 0.0002 0.0018 0.0209 0.2425 1.0000 1.0000 0.0003 0.0035 0.0161 0.0035 0.0003 1.0000 1.0000 0.2425 0.0209 0.0018 0.0002 1.0000 1.0000 0.1093 0.0094 0.0008 0.0001 1.0000 0.5695 0.0493 0.0043 0.0004 1.0000 1.0000 0.2572 0.0222 0.0019 0.0002 1.0000 1.0000 0.1159 0.0100 0.0009 0.0001 1.0000 0.6041 0.0523 0.0045 0.0004 1.0000 1.0000 0.2728 0.0236 0.0020 0.0002 1.0000 1.0000 0.1227 0.0106 0.0009 0.0001 1.0000 0.5739
1.0000 0.0001 0.0009 0.0106 0.1223 1.0000 1.0000 0.0002 0.0020 0.0234 0.2702 1.0000 1.0000 0.0004 0.0045 0.0518 0.5995 1.0000 0.0001 0.0009 0.0099 0.1148 1.0000 1.0000 0.0002 0.0019 0.0220 0.2548 1.0000 1.0000 0.0004 0.0042 0.0488 0.5652 1.0000 0.0001 0.0008 0.0094 0.1083 1.0000 1.0000 0.0002 0.0018 0.0207 0.2402 1.0000 1.0000 0.0003 0.0039 0.0402 0.1813 0.0402 0.0039 0.0003 1.0000 1.0000 0.2402 0.0207 0.0018 0.0002 1.0000 1.0000 0.1083 0.0094 0.0008 0.0001 1.0000 0.5652 0.0488 0.0042 0.0004 1.0000 1.0000 0.2548 0.0220 0.0019 0.0002 1.0000 1.0000 0.1148 0.0099 0.0009 0.0001 1.0000 0.5995 0.0518 0.0045 0.0004 1.0000 1.0000 0.2702 0.0234 0.0020 0.0002 1.0000 1.0000 0.1223 0.0106 0.0009 0.0001 1.0000
0.0001 0.0009 0.0103 0.1155 1.0000 1.0000 0.0002 0.0018 0.0213 0.2467 1.0000 1.0000 0.0004 0.0041 0.0472 0.5462 1.0000 1.0000 0.0008 0.0090 0.1048 1.0000 1.0000 0.0001 0.0017 0.0201 0.2321 1.0000 1.0000 0.0003 0.0038 0.0445 0.5149 1.0000 1.0000 0.0007 0.0085 0.0988 1.0000 1.0000 0.0001 0.0016 0.0189 0.2188 1.0000 1.0000 0.0003 0.0036 0.0409 0.4249 1.0000 0.4249 0.0409 0.0036 0.0003 1.0000 1.0000 0.2188 0.0189 0.0016 0.0001 1.0000 1.0000 0.0988 0.0085 0.0007 1.0000 1.0000 0.5149 0.0445 0.0038 0.0003 1.0000 1.0000 0.2321 0.0201 0.0017 0.0001 1.0000 1.0000 0.1048 0.0090 0.0008 1.0000 1.0000 0.5462 0.0472 0.0041 0.0004 1.0000 1.0000 0.2467 0.0213 0.0018 0.0002 1.0000 1.0000 0.1155 0.0103 0.0009 0.0001
0.0009 0.0106 0.1155 1.0000 1.0000 0.0002 0.0017 0.0197 0.2269 1.0000 1.0000 0.0003 0.0037 0.0431 0.4985 1.0000 1.0000 0.0007 0.0083 0.0955 1.0000 1.0000 0.0001 0.0016 0.0183 0.2119 1.0000 1.0000 0.0003 0.0035 0.0406 0.4700 1.0000 1.0000 0.0007 0.0078 0.0900 1.0000 1.0000 0.0001 0.0015 0.0172 0.1997 1.0000 1.0000 0.0003 0.0033 0.0380 0.4315 1.0000 1.0000 1.0000 0.4315 0.0380 0.0033 0.0003 1.0000 1.0000 0.1997 0.0172 0.0015 0.0001 1.0000 1.0000 0.0900 0.0078 0.0007 1.0000 1.0000 0.4700 0.0406 0.0035 0.0003 1.0000 1.0000 0.2119 0.0183 0.0016 0.0001 1.0000 1.0000 0.0955 0.0083 0.0007 1.0000 1.0000 0.4985 0.0431 0.0037 0.0003 1.0000 1.0000 0.2269 0.0197 0.0017 0.0002 1.0000 1.0000 0.1155 0.0106 0.0009
0.0106 0.1223 1.0000 1.0000 0.0001 0.0016 0.0186 0.2123 1.0000 1.0000 0.0003 0.0034 0.0394 0.4559 1.0000 1.0000 0.0007 0.0075 0.0872 1.0000 1.0000 0.0001 0.0014 0.0167 0.1934 1.0000 1.0000 0.0003 0.0032 0.0370 0.4282 1.0000 1.0000 0.0006 0.0071 0.0822 0.9499 1.0000 0.0001 0.0014 0.0157 0.1820 1.0000 1.0000 0.0003 0.0030 0.0349 0.4014 1.0000 1.0000 0.0002 1.0000 1.0000 0.4014 0.0349 0.0030 0.0003 1.0000 1.0000 0.1820 0.0157 0.0014 0.0001 1.0000 0.9499 0.0822 0.0071 0.0006 1.0000 1.0000 0.4282 0.0370 0.0032 0.0003 1.0000 1.0000 0.1934 0.0167 0.0014 0.0001 1.0000 1.0000 0.0872 0.0075 0.0007 1.0000 1.0000 0.4559 0.0394 0.0034 0.0003 1.0000 1.0000 0.2123 0.0186 0.0016 0.0001 1.0000 1.0000 0.1223 0.0106
0.1227 1.0000 1.0000 0.0002 0.0016 0.0183 0.2039 1.0000 1.0000 0.0003 0.0032 0.0363 0.4185 1.0000 1.0000 0.0006 0.0069 0.0796 0.9197 1.0000 0.0001 0.0013 0.0152 0.1762 1.0000 1.0000 0.0003 0.0029 0.0337 0.3908 1.0000 1.0000 0.0006 0.0065 0.0749 0.8671 1.0000 0.0001 0.0012 0.0144 0.1661 1.0000 1.0000 0.0002 0.0028 0.0318 0.3678 1.0000 1.0000 0.0005 0.0021 0.0005 1.0000 1.0000 0.3678 0.0318 0.0028 0.0002 1.0000 1.0000 0.1661 0.0144 0.0012 0.0001 1.0000 0.8671 0.0749 0.0065 0.0006 1.0000 1.0000 0.3908 0.0337 0.0029 0.0003 1.0000 1.0000 0.1762 0.0152 0.0013 0.0001 1.0000 0.9197 0.0796 0.0069 0.0006 1.0000 1.0000 0.4185 0.0363 0.0032 0.0003 1.0000 1.0000 0.2039 0.0183 0.0016 0.0002 1.0000 1.0000 0.1227
1.0000 1.0000 0.0002 0.0017 0.0186 0.2039 1.0000 1.0000 0.0003 0.0030 0.0339 0.3886 1.0000 1.0000 0.0005 0.0063 0.0729 0.8411 1.0000 0.0001 0.0012 0.0139 0.1608 1.0000 1.0000 0.0002 0.0027 0.0308 0.3561 1.0000 1.0000 0.0005 0.0059 0.0683 0.7899 1.0000 0.0001 0.0011 0.0131 0.1516 1.0000 1.0000 0.0002 0.0025 0.0290 0.3357 1.0000 1.0000 0.0005 0.0049 0.0217 0.0049 0.0005 1.0000 1.0000 0.3357 0.0290 0.0025 0.0002 1.0000 1.0000 0.1516 0.0131 0.0011 0.0001 1.0000 0.7899 0.0683 0.0059 0.0005 1.0000 1.0000 0.3561 0.0308 0.0027 0.0002 1.0000 1.0000 0.1608 0.0139 0.0012 0.0001 1.0000 0.8411 0.0729 0.0063 0.0005 1.0000 1.0000 0.3886 0.0339 0.0030 0.0003 1.0000 1.0000 0.2039 0.0186 0.0017 0.0002 1.0000 1.0000
1.0000 0.0002 0.0018 0.0197 0.2123 1.0000 1.0000 0.0003 0.0029 0.0324 0.3671 1.0000 1.0000 0.0005 0.0058 0.0669 0.7721 1.0000 0.0001 0.0011 0.0127 0.1468 1.0000 1.0000 0.0002 0.0024 0.0281 0.3250 1.0000 1.0000 0.0005 0.0054 0.0622 0.7210 1.0000 0.0001 0.0010 0.0119 0.1381 1.0000 1.0000 0.0002 0.0023 0.0265 0.3064 1.0000 1.0000 0.0004 0.0049 0.0515 0.2295 0.0515 0.0049 0.0004 1.0000 1.0000 0.3064 0.0265 0.0023 0.0002 1.0000 1.0000 0.1381 0.0119 0.0010 0.0001 1.0000 0.7210 0.0622 0.0054 0.0005 1.0000 1.0000 0.3250 0.0281 0.0024 0.0002 1.0000 1.0000 0.1468 0.0127 0.0011 0.0001 1.0000 0.7721 0.0669 0.0058 0.0005 1.0000 1.0000 0.3671 0.0324 0.0029 0.0003 1.0000 1.0000 0.2123 0.0197 0.0018 0.0002 1.0000
0.0002 0.0020 0.0213 0.2269 1.0000 1.0000 0.0003 0.0029 0.0319 0.3554 1.0000 1.0000 0.0005 0.0054 0.0620 0.7128 1.0000 0.0001 0.0010 0.0116 0.1342 1.0000 1.0000 0.0002 0.0022 0.0257 0.2966 1.0000 1.0000 0.0004 0.0049 0.0568 0.6569 1.0000 0.0001 0.0009 0.0109 0.1261 1.0000 1.0000 0.0002 0.0021 0.0241 0.2797 1.0000 1.0000 0.0004 0.0046 0.0522 0.5431 1.0000 0.5431 0.0522 0.0046 0.0004 1.0000 1.0000 0.2797 0.0241 0.0021 0.0002 1.0000 1.0000 0.1261 0.0109 0.0009 0.0001 1.0000 0.6569 0.0568 0.0049 0.0004 1.0000 1.0000 0.2966 0.0257 0.0022 0.0002 1.0000 1.0000 0.1342 0.0116 0.0010 0.0001 1.0000 0.7128 0.0620 0.0054 0.0005 1.0000 1.0000 0.3554 0.0319 0.0029 0.0003 1.0000 1.0000 0.2269 0.0213 0.0020 0.0002
0.0020 0.0234 0.2467 1.0000 1.0000 0.0003 0.0030 0.0324 0.3554 1.0000 1.0000 0.0005 0.0051 0.0583 0.6657 1.0000 0.0001 0.0009 0.0107 0.1232 1.0000 1.0000 0.0002 0.0020 0.0234 0.2708 1.0000 1.0000 0.0004 0.0045 0.0519 0.5995 1.0000 0.0001 0.0009 0.0099 0.1148 1.0000 1.0000 0.0002 0.0019 0.0220 0.2548 1.0000 1.0000 0.0004 0.0042 0.0486 0.5504 1.0000 1.0000 1.0000 0.5504 0.0486 0.0042 0.0004 1.0000 1.0000 0.2548 0.0220 0.0019 0.0002 1.0000 1.0000 0.1148 0.0099 0.0009 0.0001 1.0000 0.5995 0.0519 0.0045 0.0004 1.0000 1.0000 0.2708 0.0234 0.0020 0.0002 1.0000 1.0000 0.1232 0.0107 0.0009 0.0001 1.0000 0.6657 0.0583 0.0051 0.0005 1.0000 1.0000 0.3554 0.0324 0.0030 0.0003 1.0000 1.0000 0.2467 0.0234 0.0020
0.0236 0.2702 1.0000 1.0000 0.0003 0.0032 0.0339 0.3671 1.0000 1.0000 0.0004 0.0050 0.0561 0.6323 1.0000 0.0001 0.0009 0.0099 0.1135 1.0000 1.0000 0.0002 0.0019 0.0214 0.2476 1.0000 1.0000 0.0004 0.0041 0.0473 0.5472 1.0000 1.0000 0.0008 0.0090 0.1048 1.0000 1.0000 0.0001 0.0017 0.0201 0.2325 1.0000 1.0000 0.0003 0.0039 0.0445 0.5130 1.0000 1.0000 0.0002 1.0000 1.0000 0.5130 0.0445 0.0039 0.0003 1.0000 1.0000 0.2325 0.0201 0.0017 0.0001 1.0000 1.0000 0.1048 0.0090 0.0008 1.0000 1.0000 0.5472 0.0473 0.0041 0.0004 1.0000 1.0000 0.2476 0.0214 0.0019 0.0002 1.0000 1.0000 0.1135 0.0099 0.0009 0.0001 1.0000 0.6323 0.0561 0.0050 0.0004 1.0000 1.0000 0.3671 0.0339 0.0032 0.0003 1.0000 1.0000 0.2702 0.0236
0.2728 1.0000 1.0000 0.0003 0.0034 0.0363 0.3886 1.0000 1.0000 0.0005 0.0050 0.0553 0.6157 1.0000 0.0001 0.0008 0.0093 0.1058 1.0000 1.0000 0.0001 0.0017 0.0197 0.2269 1.0000 1.0000 0.0003 0.0037 0.0432 0.4995 1.0000 1.0000 0.0007 0.0083 0.0955 1.0000 1.0000 0.0001 0.0016 0.0183 0.2119 1.0000 1.0000 0.0003 0.0035 0.0407 0.4691 1.0000 1.0000 0.0006 0.0026 0.0006 1.0000 1.0000 0.4691 0.0407 0.0035 0.0003 1.0000 1.0000 0.2119 0.0183 0.0016 0.0001 1.0000 1.0000 0.0955 0.0083 0.0007 1.0000 1.0000 0.4995 0.0432 0.0037 0.0003 1.0000 1.0000 0.2269 0.0197 0.0017 0.0001 1.0000 1.0000 0.1058 0.0093 0.0008 0.0001 1.0000 0.6157 0.0553 0.0050 0.0005 1.0000 1.0000 0.3886 0.0363 0.0034 0.0003 1.0000 1.0000 0.2728
1.0000 1.0000 0.0004 0.0037 0.0394 0.4185 1.0000 1.0000 0.0005 0.0051 0.0561 0.6157 1.0000 0.0001 0.0008 0.0088 0.1001 1.0000 1.0000 0.0001 0.0016 0.0181 0.2087 1.0000 1.0000 0.0003 0.0034 0.0395 0.4568 1.0000 1.0000 0.0007 0.0076 0.0873 1.0000 1.0000 0.0001 0.0014 0.0167 0.1934 1.0000 1.0000 0.0003 0.0032 0.0370 0.4290 1.0000 1.0000 0.0006 0.0062 0.0278 0.0062 0.0006 1.0000 1.0000 0.4290 0.0370 0.0032 0.0003 1.0000 1.0000 0.1934 0.0167 0.0014 0.0001 1.0000 1.0000 0.0873 0.0076 0.0007 1.0000 1.0000 0.4568 0.0395 0.0034 0.0003 1.0000 1.0000 0.2087 0.0181 0.0016 0.0001 1.0000 1.0000 0.1001 0.0088 0.0008 0.0001 1.0000 0.6157 0.0561 0.0051 0.0005 1.0000 1.0000 0.4185 0.0394 0.0037 0.0004 1.0000 1.0000
1.0000 0.0004 0.0041 0.0431 0.4559 1.0000 1.0000 0.0005 0.0054 0.0583 0.6323 1.0000 0.0001 0.0008 0.0086 0.0966 1.0000 1.0000 0.0001 0.0015 0.0169 0.1930 1.0000 1.0000 0.0003 0.0031 0.0362 0.4185 1.0000 1.0000 0.0006 0.0069 0.0799 0.9232 1.0000 0.0001 0.0013 0.0152 0.1762 1.0000 1.0000 0.0003 0.0029 0.0338 0.3908 1.0000 1.0000 0.0006 0.0063 0.0657 0.2933 0.0657 0.0063 0.0006 1.0000 1.0000 0.3908 0.0338 0.0029 0.0003 1.0000 1.0000 0.1762 0.0152 0.0013 0.0001 1.0000 0.9232 0.0799 0.0069 0.0006 1.0000 1.0000 0.4185 0.0362 0.0031 0.0003 1.0000 1.0000 0.1930 0.0169 0.0015 0.0001 1.0000 1.0000 0.0966 0.0086 0.0008 0.0001 1.0000 0.6323 0.0583 0.0054 0.0005 1.0000 1.0000 0.4559 0.0431 0.0041 0.0004 1.0000
0.0004 0.0045 0.0472 0.4985 1.0000 1.0000 0.0005 0.0058 0.0620 0.6657 1.0000 0.0001 0.0008 0.0086 0.0953 1.0000 1.0000 0.0001 0.0014 0.0159 0.1806 1.0000 1.0000 0.0003 0.0029 0.0332 0.3835 1.0000 1.0000 0.0005 0.0063 0.0730 0.8443 1.0000 0.0001 0.0012 0.0139 0.1611 1.0000 1.0000 0.0002 0.0027 0.0308 0.3567 1.0000 1.0000 0.0005 0.0059 0.0667 0.6928 1.0000 0.6928 0.0667 0.0059 0.0005 1.0000 1.0000 0.3567 0.0308 0.0027 0.0002 1.0000 1.0000 0.1611 0.0139 0.0012 0.0001 1.0000 0.8443 0.0730 0.0063 0.0005 1.0000 1.0000 0.3835 0.0332 0.0029 0.0003 1.0000 1.0000 0.1806 0.0159 0.0014 0.0001 1.0000 1.0000 0.0953 0.0086 0.0008 0.0001 1.0000 0.6657 0.0620 0.0058 0.0005 1.0000 1.0000 0.4985 0.0472 0.0045 0.0004
0.0045 0.0518 0.5462 1.0000 1.0000 0.0006 0.0063 0.0669 0.7128 1.0000 0.0001 0.0008 0.0088 0.0966 1.0000 1.0000 0.0001 0.0014 0.0152 0.1715 1.0000 1.0000 0.0002 0.0027 0.0307 0.3534 1.0000 1.0000 0.0005 0.0058 0.0668 0.7721 1.0000 0.0001 0.0011 0.0127 0.1473 1.0000 1.0000 0.0002 0.0024 0.0281 0.3256 1.0000 1.0000 0.0005 0.0054 0.0620 0.7034 1.0000 1.0000 1.0000 0.7034 0.0620 0.0054 0.0005 1.0000 1.0000 0.3256 0.0281 0.0024 0.0002 1.0000 1.0000 0.1473 0.0127 0.0011 0.0001 1.0000 0.7721 0.0668 0.0058 0.0005 1.0000 1.0000 0.3534 0.0307 0.0027 0.0002 1.0000 1.0000 0.1715 0.0152 0.0014 0.0001 1.0000 1.0000 0.0966 0.0088 0.0008 0.0001 1.0000 0.7128 0.0669 0.0063 0.0006 1.0000 1.0000 0.5462 0.0518 0.0045
0.0523 0.5995 1.0000 1.0000 0.0007 0.0069 0.0729 0.7721 1.0000 0.0001 0.0009 0.0093 0.1001 1.0000 1.0000 0.0001 0.0013 0.0148 0.1661 1.0000 1.0000 0.0002 0.0025 0.0287 0.3281 1.0000 1.0000 0.0005 0.0053 0.0612 0.7061 1.0000 0.0001 0.0010 0.0117 0.1347 1.0000 1.0000 0.0002 0.0022 0.0257 0.2972 1.0000 1.0000 0.0004 0.0049 0.0568 0.6544 1.0000 0.0001 0.0003 0.0001 1.0000 0.6544 0.0568 0.0049 0.0004 1.0000 1.0000 0.2972 0.0257 0.0022 0.0002 1.0000 1.0000 0.1347 0.0117 0.0010 0.0001 1.0000 0.7061 0.0612 0.0053 0.0005 1.0000 1.0000 0.3281 0.0287 0.0025 0.0002 1.0000 1.0000 0.1661 0.0148 0.0013 0.0001 1.0000 1.0000 0.1001 0.0093 0.0009 0.0001 1.0000 0.7721 0.0729 0.0069 0.0007 1.0000 1.0000 0.5995 0.0523
0.6041 1.0000 1.0000 0.0007 0.0075 0.0796 0.8411 1.0000 0.0001 0.0009 0.0099 0.1058 1.0000 1.0000 0.0001 0.0014 0.0148 0.1642 1.0000 1.0000 0.0002 0.0024 0.0271 0.3081 1.0000 1.0000 0.0004 0.0049 0.0563 0.6482 1.0000 0.0001 0.0009 0.0107 0.1232 1.0000 1.0000 0.0002 0.0020 0.0235 0.2718 1.0000 1.0000 0.0004 0.0045 0.0519 0.5995 1.0000 0.0001 0.0008 0.0034 0.0008 0.0001 1.0000 0.5995 0.0519 0.0045 0.0004 1.0000 1.0000 0.2718 0.0235 0.0020 0.0002 1.0000 1.0000 0.1232 0.0107 0.0009 0.0001 1.0000 0.6482 0.0563 0.0049 0.0004 1.0000 1.0000 0.3081 0.0271 0.0024 0.0002 1.0000 1.0000 0.1642 0.0148 0.0014 0.0001 1.0000 1.0000 0.1058 0.0099 0.0009 0.0001 1.0000 0.8411 0.0796 0.0075 0.0007 1.0000 1.0000 0.6041
1.0000 0.0001 0.0008 0.0083 0.0872 0.9197 1.0000 0.0001 0.0010 0.0107 0.1135 1.0000 1.0000 0.0001 0.0014 0.0152 0.1661 1.0000 1.0000 0.0002 0.0023 0.0260 0.2933 1.0000 1.0000 0.0004 0.0046 0.0522 0.5984 1.0000 0.0001 0.0008 0.0098 0.1127 1.0000 1.0000 0.0002 0.0019 0.0215 0.2485 1.0000 1.0000 0.0004 0.0041 0.0474 0.5483 1.0000 1.0000 0.0008 0.0080 0.0355 0.0080 0.0008 1.0000 1.0000 0.5483 0.0474 0.0041 0.0004 1.0000 1.0000 0.2485 0.0215 0.0019 0.0002 1.0000 1.0000 0.1127 0.0098 0.0008 0.0001 1.0000 0.5984 0.0522 0.0046 0.0004 1.0000 1.0000 0.2933 0.0260 0.0023 0.0002 1.0000 1.0000 0.1661 0.0152 0.0014 0.0001 1.0000 1.0000 0.1135 0.0107 0.0010 0.0001 1.0000 0.9197 0.0872 0.0083 0.0008 0.0001 1.0000
0.0001 0.0009 0.0090 0.0955 1.0000 1.0000 0.0001 0.0011 0.0116 0.1232 1.0000 1.0000 0.0001 0.0015 0.0159 0.1715 1.0000 1.0000 0.0002 0.0023 0.0255 0.2845 1.0000 1.0000 0.0004 0.0043 0.0488 0.5577 1.0000 0.0001 0.0008 0.0090 0.1034 1.0000 1.0000 0.0001 0.0017 0.0197 0.2273 1.0000 1.0000 0.0003 0.0038 0.0434 0.5014 1.0000 1.0000 0.0007 0.0081 0.0841 0.3748 0.0841 0.0081 0.0007 1.0000 1.0000 0.5014 0.0434 0.0038 0.0003 1.0000 1.0000 0.2273 0.0197 0.0017 0.0001 1.0000 1.0000 0.1034 0.0090 0.0008 0.0001 1.0000 0.5577 0.0488 0.0043 0.0004 1.0000 1.0000 0.2845 0.0255 0.0023 0.0002 1.0000 1.0000 0.1715 0.0159 0.0015 0.0001 1.0000 1.0000 0.1232 0.0116 0.0011 0.0001 1.0000 1.0000 0.0955 0.0090 0.0009 0.0001
0.0009 0.0099 0.1048 1.0000 1.0000 0.0001 0.0012 0.0127 0.1342 1.0000 1.0000 0.0001 0.0016 0.0169 0.1806 1.0000 1.0000 0.0002 0.0023 0.0255 0.2818 1.0000 1.0000 0.0004 0.0041 0.0463 0.5258 1.0000 1.0000 0.0007 0.0083 0.0953 1.0000 1.0000 0.0001 0.0016 0.0180 0.2079 1.0000 1.0000 0.0003 0.0034 0.0397 0.4585 1.0000 1.0000 0.0007 0.0075 0.0854 0.8871 1.0000 0.8871 0.0854 0.0075 0.0007 1.0000 1.0000 0.4585 0.0397 0.0034 0.0003 1.0000 1.0000 0.2079 0.0180 0.0016 0.0001 1.0000 1.0000 0.0953 0.0083 0.0007 1.0000 1.0000 0.5258 0.0463 0.0041 0.0004 1.0000 1.0000 0.2818 0.0255 0.0023 0.0002 1.0000 1.0000 0.1806 0.0169 0.0016 0.0001 1.0000 1.0000 0.1342 0.0127 0.0012 0.0001 1.0000 1.0000 0.1048 0.0099 0.0009
0.0100 0.1148 1.0000 1.0000 0.0001 0.0013 0.0139 0.1468 1.0000 1.0000 0.0002 0.0017 0.0181 0.1930 1.0000 1.0000 0.0002 0.0024 0.0260 0.2845 1.0000 1.0000 0.0004 0.0040 0.0445 0.5024 1.0000 1.0000 0.0007 0.0077 0.0885 1.0000 1.0000 0.0001 0.0014 0.0165 0.1904 1.0000 1.0000 0.0003 0.0031 0.0363 0.4193 1.0000 1.0000 0.0006 0.0069 0.0796 0.9024 1.0000 1.0000 1.0000 0.9024 0.0796 0.0069 0.0006 1.0000 1.0000 0.4193 0.0363 0.0031 0.0003 1.0000 1.0000 0.1904 0.0165 0.0014 0.0001 1.0000 1.0000 0.0885 0.0077 0.0007 1.0000 1.0000 0.5024 0.0445 0.0040 0.0004 1.0000 1.0000 0.2845 0.0260 0.0024 0.0002 1.0000 1.0000 0.1930 0.0181 0.0017 0.0002 1.0000 1.0000 0.1468 0.0139 0.0013 0.0001 1.0000 1.0000 0.1148 0.0100
0.1159 1.0000 1.0000 0.0001 0.0014 0.0152 0.1608 1.0000 1.0000 0.0002 0.0019 0.0197 0.2087 1.0000 1.0000 0.0002 0.0025 0.0271 0.2933 1.0000 1.0000 0.0004 0.0039 0.0436 0.4873 1.0000 1.0000 0.0006 0.0073 0.0831 0.9481 1.0000 0.0001 0.0013 0.0152 0.1748 1.0000 1.0000 0.0002 0.0029 0.0332 0.3835 1.0000 1.0000 0.0005 0.0063 0.0730 0.8411 1.0000 0.0001 0.0004 0.0001 1.0000 0.8411 0.0730 0.0063 0.0005 1.0000 1.0000 0.3835 0.0332 0.0029 0.0002 1.0000 1.0000 0.1748 0.0152 0.0013 0.0001 1.0000 0.9481 0.0831 0.0073 0.0006 1.0000 1.0000 0.4873 0.0436 0.0039 0.0004 1.0000 1.0000 0.2933 0.0271 0.0025 0.0002 1.0000 1.0000 0.2087 0.0197 0.0019 0.0002 1.0000 1.0000 0.1608 0.0152 0.0014 0.0001 1.0000 1.0000 0.1159
1.0000 1.0000 0.0001 0.0016 0.0167 0.1762 1.0000 1.0000 0.0002 0.0020 0.0214 0.2269 1.0000 1.0000 0.0003 0.0027 0.0287 0.3081 1.0000 1.0000 0.0004 0.0040 0.0436 0.4827 1.0000 1.0000 0.0006 0.0070 0.0790 0.8939 1.0000 0.0001 0.0012 0.0141 0.1614 1.0000 1.0000 0.0002 0.0026 0.0304 0.3507 1.0000 1.0000 0.0005 0.0058 0.0669 0.7721 1.0000 0.0001 0.0010 0.0043 0.0010 0.0001 1.0000 0.7721 0.0669 0.0058 0.0005 1.0000 1.0000 0.3507 0.0304 0.0026 0.0002 1.0000 1.0000 0.1614 0.0141 0.0012 0.0001 1.0000 0.8939 0.0790 0.0070 0.0006 1.0000 1.0000 0.4827 0.0436 0.0040 0.0004 1.0000 1.0000 0.3081 0.0287 0.0027 0.0003 1.0000 1.0000 0.2269 0.0214 0.0020 0.0002 1.0000 1.0000 0.1762 0.0167 0.0016 0.0001 1.0000 1.0000
1.0000 0.0002 0.0017 0.0183 0.1934 1.0000 1.0000 0.0002 0.0022 0.0234 0.2476 1.0000 1.0000 0.0003 0.0029 0.0307 0.3281 1.0000 1.0000 0.0004 0.0041 0.0445 0.4873 1.0000 1.0000 0.0006 0.0068 0.0760 0.8572 1.0000 0.0001 0.0012 0.0131 0.1502 1.0000 1.0000 0.0002 0.0024 0.0278 0.3213 1.0000 1.0000 0.0005 0.0053 0.0612 0.7074 1.0000 0.0001 0.0010 0.0102 0.0457 0.0102 0.0010 0.0001 1.0000 0.7074 0.0612 0.0053 0.0005 1.0000 1.0000 0.3213 0.0278 0.0024 0.0002 1.0000 1.0000 0.1502 0.0131 0.0012 0.0001 1.0000 0.8572 0.0760 0.0068 0.0006 1.0000 1.0000 0.4873 0.0445 0.0041 0.0004 1.0000 1.0000 0.3281 0.0307 0.0029 0.0003 1.0000 1.0000 0.2476 0.0234 0.0022 0.0002 1.0000 1.0000 0.1934 0.0183 0.0017 0.0002 1.0000
0.0002 0.0019 0.0201 0.2119 1.0000 1.0000 0.0002 0.0024 0.0257 0.2708 1.0000 1.0000 0.0003 0.0031 0.0332 0.3534 1.0000 1.0000 0.0004 0.0043 0.0463 0.5024 1.0000 1.0000 0.0006 0.0067 0.0747 0.8331 1.0000 0.0001 0.0011 0.0124 0.1413 1.0000 1.0000 0.0002 0.0022 0.0257 0.2955 1.0000 1.0000 0.0004 0.0048 0.0560 0.6469 1.0000 0.0001 0.0009 0.0104 0.1083 0.4836 0.1083 0.0104 0.0009 0.0001 1.0000 0.6469 0.0560 0.0048 0.0004 1.0000 1.0000 0.2955 0.0257 0.0022 0.0002 1.0000 1.0000 0.1413 0.0124 0.0011 0.0001 1.0000 0.8331 0.0747 0.0067 0.0006 1.0000 1.0000 0.5024 0.0463 0.0043 0.0004 1.0000 1.0000 0.3534 0.0332 0.0031 0.0003 1.0000 1.0000 0.2708 0.0257 0.0024 0.0002 1.0000 1.0000 0.2119 0.0201 0.0019 0.0002
0.0019 0.0220 0.2321 1.0000 1.0000 0.0003 0.0027 0.0281 0.2966 1.0000 1.0000 0.0003 0.0034 0.0362 0.3835 1.0000 1.0000 0.0004 0.0046 0.0488 0.5258 1.0000 1.0000 0.0006 0.0068 0.0747 0.8252 1.0000 0.0001 0.0011 0.0119 0.1345 1.0000 1.0000 0.0002 0.0021 0.0239 0.2739 1.0000 1.0000 0.0004 0.0044 0.0513 0.5927 1.0000 0.0001 0.0008 0.0097 0.1101 1.0000 1.0000 1.0000 0.1101 0.0097 0.0008 0.0001 1.0000 0.5927 0.0513 0.0044 0.0004 1.0000 1.0000 0.2739 0.0239 0.0021 0.0002 1.0000 1.0000 0.1345 0.0119 0.0011 0.0001 1.0000 0.8252 0.0747 0.0068 0.0006 1.0000 1.0000 0.5258 0.0488 0.0046 0.0004 1.0000 1.0000 0.3835 0.0362 0.0034 0.0003 1.0000 1.0000 0.2966 0.0281 0.0027 0.0003 1.0000 1.0000 0.2321 0.0220 0.0019
0.0222 0.2548 1.0000 1.0000 0.0003 0.0029 0.0308 0.3250 1.0000 1.0000 0.0004 0.0037 0.0395 0.4185 1.0000 1.0000 0.0005 0.0049 0.0522 0.5577 1.0000 1.0000 0.0006 0.0070 0.0760 0.8331 1.0000 0.0001 0.0010 0.0116 0.1299 1.0000 1.0000 0.0002 0.0020 0.0223 0.2553 1.0000 1.0000 0.0004 0.0041 0.0471 0.5431 1.0000 1.0000 0.0008 0.0089 0.1028 1.0000 1.0000 1.0000 1.0000 1.0000 0.1028 0.0089 0.0008 1.0000 1.0000 0.5431 0.0471 0.0041 0.0004 1.0000 1.0000 0.2553 0.0223 0.0020 0.0002 1.0000 1.0000 0.1299 0.0116 0.0010 0.0001 1.0000 0.8331 0.0760 0.0070 0.0006 1.0000 1.0000 0.5577 0.0522 0.0049 0.0005 1.0000 1.0000 0.4185 0.0395 0.0037 0.0004 1.0000 1.0000 0.3250 0.0308 0.0029 0.0003 1.0000 1.0000 0.2548 0.0222
0.2572 1.0000 1.0000 0.0003 0.0032 0.0337 0.3561 1.0000 1.0000 0.0004 0.0041 0.0432 0.4568 1.0000 1.0000 0.0005 0.0053 0.0563 0.5984 1.0000 1.0000 0.0007 0.0073 0.0790 0.8572 1.0000 0.0001 0.0010 0.0115 0.1275 1.0000 1.0000 0.0002 0.0019 0.0212 0.2402 1.0000 1.0000 0.0003 0.0038 0.0435 0.5004 1.0000 1.0000 0.0007 0.0082 0.0944 1.0000 1.0000 0.0001 0.0005 0.0001 1.0000 1.0000 0.0944 0.0082 0.0007 1.0000 1.0000 0.5004 0.0435 0.0038 0.0003 1.0000 1.0000 0.2402 0.0212 0.0019 0.0002 1.0000 1.0000 0.1275 0.0115 0.0010 0.0001 1.0000 0.8572 0.0790 0.0073 0.0007 1.0000 1.0000 0.5984 0.0563 0.0053 0.0005 1.0000 1.0000 0.4568 0.0432 0.0041 0.0004 1.0000 1.0000 0.3561 0.0337 0.0032 0.0003 1.0000 1.0000 0.2572
1.0000 1.0000 0.0003 0.0035 0.0370 0.3908 1.0000 1.0000 0.0004 0.0045 0.0473 0.4995 1.0000 1.0000 0.0005 0.0058 0.0612 0.6482 1.0000 0.0001 0.0007 0.0077 0.0831 0.8939 1.0000 0.0001 0.0011 0.0116 0.1275 1.0000 1.0000 0.0002 0.0018 0.0203 0.2290 1.0000 1.0000 0.0003 0.0035 0.0404 0.4638 1.0000 1.0000 0.0007 0.0075 0.0865 0.9981 1.0000 0.0001 0.0013 0.0056 0.0013 0.0001 1.0000 0.9981 0.0865 0.0075 0.0007 1.0000 1.0000 0.4638 0.0404 0.0035 0.0003 1.0000 1.0000 0.2290 0.0203 0.0018 0.0002 1.0000 1.0000 0.1275 0.0116 0.0011 0.0001 1.0000 0.8939 0.0831 0.0077 0.0007 0.0001 1.0000 0.6482 0.0612 0.0058 0.0005 1.0000 1.0000 0.4995 0.0473 0.0045 0.0004 1.0000 1.0000 0.3908 0.0370 0.0035 0.0003 1.0000 1.0000
1.0000 0.0004 0.0038 0.0406 0.4282 1.0000 1.0000 0.0005 0.0049 0.0519 0.5472 1.0000 1.0000 0.0006 0.0063 0.0668 0.7061 1.0000 0.0001 0.0008 0.0083 0.0885 0.9481 1.0000 0.0001 0.0011 0.0119 0.1299 1.0000 1.0000 0.0002 0.0018 0.0198 0.2217 1.0000 1.0000 0.0003 0.0033 0.0380 0.4331 1.0000 1.0000 0.0006 0.0069 0.0796 0.9180 1.0000 0.0001 0.0013 0.0132 0.0590 0.0132 0.0013 0.0001 1.0000 0.9180 0.0796 0.0069 0.0006 1.0000 1.0000 0.4331 0.0380 0.0033 0.0003 1.0000 1.0000 0.2217 0.0198 0.0018 0.0002 1.0000 1.0000 0.1299 0.0119 0.0011 0.0001 1.0000 0.9481 0.0885 0.0083 0.0008 0.0001 1.0000 0.7061 0.0668 0.0063 0.0006 1.0000 1.0000 0.5472 0.0519 0.0049 0.0005 1.0000 1.0000 0.4282 0.0406 0.0038 0.0004 1.0000
0.0004 0.0042 0.0445 0.4700 1.0000 1.0000 0.0005 0.0054 0.0568 0.5995 1.0000 1.0000 0.0007 0.0069 0.0730 0.7721 1.0000 0.0001 0.0008 0.0090 0.0953 1.0000 1.0000 0.0001 0.0012 0.0124 0.1345 1.0000 1.0000 0.0002 0.0018 0.0196 0.2180 1.0000 1.0000 0.0003 0.0032 0.0360 0.4083 1.0000 1.0000 0.0006 0.0064 0.0736 0.8459 1.0000 0.0001 0.0012 0.0135 0.1400 0.6240 0.1400 0.0135 0.0012 0.0001 1.0000 0.8459 0.0736 0.0064 0.0006 1.0000 1.0000 0.4083 0.0360 0.0032 0.0003 1.0000 1.0000 0.2180 0.0196 0.0018 0.0002 1.0000 1.0000 0.1345 0.0124 0.0012 0.0001 1.0000 1.0000 0.0953 0.0090 0.0008 0.0001 1.0000 0.7721 0.0730 0.0069 0.0007 1.0000 1.0000 0.5995 0.0568 0.0054 0.0005 1.0000 1.0000 0.4700 0.0445 0.0042 0.0004
0.0043 0.0488 0.5149 1.0000 1.0000 0.0006 0.0059 0.0622 0.6569 1.0000 1.0000 0.0007 0.0076 0.0799 0.8443 1.0000 0.0001 0.0009 0.0098 0.1034 1.0000 1.0000 0.0001 0.0012 0.0131 0.1413 1.0000 1.0000 0.0002 0.0018 0.0198 0.2180 1.0000 1.0000 0.0003 0.0031 0.0347 0.3901 1.0000 1.0000 0.0005 0.0060 0.0686 0.7854 1.0000 0.0001 0.0011 0.0126 0.1426 1.0000 1.0000 1.0000 0.1426 0.0126 0.0011 0.0001 1.0000 0.7854 0.0686 0.0060 0.0005 1.0000 1.0000 0.3901 0.0347 0.0031 0.0003 1.0000 1.0000 0.2180 0.0198 0.0018 0.0002 1.0000 1.0000 0.1413 0.0131 0.0012 0.0001 1.0000 1.0000 0.1034 0.0098 0.0009 0.0001 1.0000 0.8443 0.0799 0.0076 0.0007 1.0000 1.0000 0.6569 0.0622 0.0059 0.0006 1.0000 1.0000 0.5149 0.0488 0.0043
0.0493 0.5652 1.0000 1.0000 0.0006 0.0065 0.0683 0.7210 1.0000 0.0001 0.0008 0.0083 0.0873 0.9232 1.0000 0.0001 0.0010 0.0107 0.1127 1.0000 1.0000 0.0001 0.0013 0.0141 0.1502 1.0000 1.0000 0.0002 0.0019 0.0203 0.2217 1.0000 1.0000 0.0003 0.0030 0.0338 0.3784 1.0000 1.0000 0.0005 0.0057 0.0644 0.7348 1.0000 0.0001 0.0010 0.0117 0.1340 1.0000 1.0000 1.0000 1.0000 1.0000 0.1340 0.0117 0.0010 0.0001 1.0000 0.7348 0.0644 0.0057 0.0005 1.0000 1.0000 0.3784 0.0338 0.0030 0.0003 1.0000 1.0000 0.2217 0.0203 0.0019 0.0002 1.0000 1.0000 0.1502 0.0141 0.0013 0.0001 1.0000 1.0000 0.1127 0.0107 0.0010 0.0001 1.0000 0.9232 0.0873 0.0083 0.0008 0.0001 1.0000 0.7210 0.0683 0.0065 0.0006 1.0000 1.0000 0.5652 0.0493
0.5695 1.0000 1.0000 0.0007 0.0071 0.0749 0.7899 1.0000 0.0001 0.0009 0.0090 0.0955 1.0000 1.0000 0.0001 0.0011 0.0117 0.1232 1.0000 1.0000 0.0001 0.0014 0.0152 0.1614 1.0000 1.0000 0.0002 0.0020 0.0212 0.2290 1.0000 1.0000 0.0003 0.0030 0.0335 0.3720 1.0000 1.0000 0.0005 0.0054 0.0613 0.6941 1.0000 0.0001 0.0010 0.0109 0.1246 1.0000 1.0000 0.0002 0.0007 0.0002 1.0000 1.0000 0.1246 0.0109 0.0010 0.0001 1.0000 0.6941 0.0613 0.0054 0.0005 1.0000 1.0000 0.3720 0.0335 0.0030 0.0003 1.0000 1.0000 0.2290 0.0212 0.0020 0.0002 1.0000 1.0000 0.1614 0.0152 0.0014 0.0001 1.0000 1.0000 0.1232 0.0117 0.0011 0.0001 1.0000 1.0000 0.0955 0.0090 0.0009 0.0001 1.0000 0.7899 0.0749 0.0071 0.0007 1.0000 1.0000 0.5695
1.0000 0.0001 0.0007 0.0078 0.0822 0.8671 1.0000 0.0001 0.0009 0.0099 0.1048 1.0000 1.0000 0.0001 0.0012 0.0127 0.1347 1.0000 1.0000 0.0001 0.0016 0.0165 0.1748 1.0000 1.0000 0.0002 0.0021 0.0223 0.2402 1.0000 1.0000 0.0003 0.0031 0.0338 0.3720 1.0000 1.0000 0.0005 0.0053 0.0590 0.6644 1.0000 0.0001 0.0009 0.0102 0.1164 1.0000 1.0000 0.0002 0.0016 0.0073 0.0016 0.0002 1.0000 1.0000 0.1164 0.0102 0.0009 0.0001 1.0000 0.6644 0.0590 0.0053 0.0005 1.0000 1.0000 0.3720 0.0338 0.0031 0.0003 1.0000 1.0000 0.2402 0.0223 0.0021 0.0002 1.0000 1.0000 0.1748 0.0165 0.0016 0.0001 1.0000 1.0000 0.1347 0.0127 0.0012 0.0001 1.0000 1.0000 0.1048 0.0099 0.0009 0.0001 1.0000 0.8671 0.0822 0.0078 0.0007 0.0001 1.0000
0.0001 0.0008 0.0085 0.0900 0.9499 1.0000 0.0001 0.0010 0.0109 0.1148 1.0000 1.0000 0.0001 0.0013 0.0139 0.1473 1.0000 1.0000 0.0002 0.0017 0.0180 0.1904 1.0000 1.0000 0.0002 0.0022 0.0239 0.2553 1.0000 1.0000 0.0003 0.0032 0.0347 0.3784 1.0000 1.0000 0.0005 0.0052 0.0576 0.6445 1.0000 0.0001 0.0008 0.0096 0.1095 1.0000 1.0000 0.0001 0.0017 0.0174 0.0775 0.0174 0.0017 0.0001 1.0000 1.0000 0.1095 0.0096 0.0008 0.0001 1.0000 0.6445 0.0576 0.0052 0.0005 1.0000 1.0000 0.3784 0.0347 0.0032 0.0003 1.0000 1.0000 0.2553 0.0239 0.0022 0.0002 1.0000 1.0000 0.1904 0.0180 0.0017 0.0002 1.0000 1.0000 0.1473 0.0139 0.0013 0.0001 1.0000 1.0000 0.1148 0.0109 0.0010 0.0001 1.0000 0.9499 0.0900 0.0085 0.0008 0.0001
0.0008 0.0094 0.0988 1.0000 1.0000 0.0001 0.0011 0.0119 0.1261 1.0000 1.0000 0.0001 0.0014 0.0152 0.1611 1.0000 1.0000 0.0002 0.0019 0.0197 0.2079 1.0000 1.0000 0.0002 0.0024 0.0257 0.2739 1.0000 1.0000 0.0003 0.0033 0.0360 0.3901 1.0000 1.0000 0.0005 0.0052 0.0571 0.6335 1.0000 0.0001 0.0008 0.0092 0.1040 1.0000 1.0000 0.0001 0.0016 0.0180 0.1854 0.8252 0.1854 0.0180 0.0016 0.0001 1.0000 1.0000 0.1040 0.0092 0.0008 0.0001 1.0000 0.6335 0.0571 0.0052 0.0005 1.0000 1.0000 0.3901 0.0360 0.0033 0.0003 1.0000 1.0000 0.2739 0.0257 0.0024 0.0002 1.0000 1.0000 0.2079 0.0197 0.0019 0.0002 1.0000 1.0000 0.1611 0.0152 0.0014 0.0001 1.0000 1.0000 0.1261 0.0119 0.0011 0.0001 1.0000 1.0000 0.0988 0.0094 0.0008
0.0094 0.1083 1.0000 1.0000 0.0001 0.0012 0.0131 0.1381 1.0000 1.0000 0.0001 0.0016 0.0167 0.1762 1.0000 1.0000 0.0002 0.0020 0.0215 0.2273 1.0000 1.0000 0.0002 0.0026 0.0278 0.2955 1.0000 1.0000 0.0003 0.0035 0.0380 0.4083 1.0000 1.0000 0.0005 0.0053 0.0576 0.6335 1.0000 0.0001 0.0008 0.0089 0.1003 1.0000 1.0000 0.0001 0.0015 0.0172 0.1926 1.0000 1.0000 1.0000 0.1926 0.0172 0.0015 0.0001 1.0000 1.0000 0.1003 0.0089 0.0008 0.0001 1.0000 0.6335 0.0576 0.0053 0.0005 1.0000 1.0000 0.4083 0.0380 0.0035 0.0003 1.0000 1.0000 0.2955 0.0278 0.0026 0.0002 1.0000 1.0000 0.2273 0.0215 0.0020 0.0002 1.0000 1.0000 0.1762 0.0167 0.0016 0.0001 1.0000 1.0000 0.1381 0.0131 0.0012 0.0001 1.0000 1.0000 0.1083 0.0094
0.1093 1.0000 1.0000 0.0001 0.0014 0.0144 0.1516 1.0000 1.0000 0.0002 0.0017 0.0183 0.1934 1.0000 1.0000 0.0002 0.0022 0.0235 0.2485 1.0000 1.0000 0.0003 0.0029 0.0304 0.3213 1.0000 1.0000 0.0004 0.0038 0.0404 0.4331 1.0000 1.0000 0.0005 0.0054 0.0590 0.6445 1.0000 0.0001 0.0008 0.0088 0.0981 1.0000 1.0000 0.0001 0.0014 0.0163 0.1851 1.0000 1.0000 0.0001 1.0000 1.0000 0.1851 0.0163 0.0014 0.0001 1.0000 1.0000 0.0981 0.0088 0.0008 0.0001 1.0000 0.6445 0.0590 0.0054 0.0005 1.0000 1.0000 0.4331 0.0404 0.0038 0.0004 1.0000 1.0000 0.3213 0.0304 0.0029 0.0003 1.0000 1.0000 0.2485 0.0235 0.0022 0.0002 1.0000 1.0000 0.1934 0.0183 0.0017 0.0002 1.0000 1.0000 0.1516 0.0144 0.0014 0.0001 1.0000 1.0000 0.1093
1.0000 1.0000 0.0001 0.0015 0.0157 0.1661 1.0000 1.0000 0.0002 0.0019 0.0201 0.2119 1.0000 1.0000 0.0002 0.0024 0.0257 0.2718 1.0000 1.0000 0.0003 0.0031 0.0332 0.3507 1.0000 1.0000 0.0004 0.0041 0.0435 0.4638 1.0000 1.0000 0.0005 0.0057 0.0613 0.6644 1.0000 0.0001 0.0008 0.0088 0.0973 1.0000 1.0000 0.0001 0.0014 0.0157 0.1768 1.0000 1.0000 0.0002 0.0009 0.0002 1.0000 1.0000 0.1768 0.0157 0.0014 0.0001 1.0000 1.0000 0.0973 0.0088 0.0008 0.0001 1.0000 0.6644 0.0613 0.0057 0.0005 1.0000 1.0000 0.4638 0.0435 0.0041 0.0004 1.0000 1.0000 0.3507 0.0332 0.0031 0.0003 1.0000 1.0000 0.2718 0.0257 0.0024 0.0002 1.0000 1.0000 0.2119 0.0201 0.0019 0.0002 1.0000 1.0000 0.1661 0.0157 0.0015 0.0001 1.0000 1.0000
1.0000 0.0002 0.0016 0.0172 0.1820 1.0000 1.0000 0.0002 0.0021 0.0220 0.2325 1.0000 1.0000 0.0003 0.0027 0.0281 0.2972 1.0000 1.0000 0.0003 0.0034 0.0363 0.3835 1.0000 1.0000 0.0004 0.0044 0.0471 0.5004 1.0000 1.0000 0.0006 0.0060 0.0644 0.6941 1.0000 0.0001 0.0008 0.0089 0.0981 1.0000 1.0000 0.0001 0.0014 0.0152 0.1706 1.0000 1.0000 0.0002 0.0023 0.0101 0.0023 0.0002 1.0000 1.0000 0.1706 0.0152 0.0014 0.0001 1.0000 1.0000 0.0981 0.0089 0.0008 0.0001 1.0000 0.6941 0.0644 0.0060 0.0006 1.0000 1.0000 0.5004 0.0471 0.0044 0.0004 1.0000 1.0000 0.3835 0.0363 0.0034 0.0003 1.0000 1.0000 0.2972 0.0281 0.0027 0.0003 1.0000 1.0000 0.2325 0.0220 0.0021 0.0002 1.0000 1.0000 0.1820 0.0172 0.0016 0.0002 1.0000
0.0002 0.0018 0.0189 0.1997 1.0000 1.0000 0.0002 0.0023 0.0241 0.2548 1.0000 1.0000 0.0003 0.0029 0.0308 0.3256 1.0000 1.0000 0.0004 0.0038 0.0397 0.4193 1.0000 1.0000 0.0005 0.0048 0.0513 0.5431 1.0000 1.0000 0.0006 0.0064 0.0686 0.7348 1.0000 0.0001 0.0008 0.0092 0.1003 1.0000 1.0000 0.0001 0.0014 0.0150 0.1667 1.0000 1.0000 0.0002 0.0024 0.0245 0.1085 0.0245 0.0024 0.0002 1.0000 1.0000 0.1667 0.0150 0.0014 0.0001 1.0000 1.0000 0.1003 0.0092 0.0008 0.0001 1.0000 0.7348 0.0686 0.0064 0.0006 1.0000 1.0000 0.5431 0.0513 0.0048 0.0005 1.0000 1.0000 0.4193 0.0397 0.0038 0.0004 1.0000 1.0000 0.3256 0.0308 0.0029 0.0003 1.0000 1.0000 0.2548 0.0241 0.0023 0.0002 1.0000 1.0000 0.1997 0.0189 0.0018 0.0002
0.0018 0.0207 0.2188 1.0000 1.0000 0.0002 0.0025 0.0265 0.2797 1.0000 1.0000 0.0003 0.0032 0.0338 0.3567 1.0000 1.0000 0.0004 0.0041 0.0434 0.4585 1.0000 1.0000 0.0005 0.0053 0.0560 0.5927 1.0000 1.0000 0.0007 0.0069 0.0736 0.7854 1.0000 0.0001 0.0009 0.0096 0.1040 1.0000 1.0000 0.0001 0.0014 0.0150 0.1654 1.0000 1.0000 0.0002 0.0024 0.0261 0.2651 1.0000 0.2651 0.0261 0.0024 0.0002 1.0000 1.0000 0.1654 0.0150 0.0014 0.0001 1.0000 1.0000 0.1040 0.0096 0.0009 0.0001 1.0000 0.7854 0.0736 0.0069 0.0007 1.0000 1.0000 0.5927 0.0560 0.0053 0.0005 1.0000 1.0000 0.4585 0.0434 0.0041 0.0004 1.0000 1.0000 0.3567 0.0338 0.0032 0.0003 1.0000 1.0000 0.2797 0.0265 0.0025 0.0002 1.0000 1.0000 0.2188 0.0207 0.0018
0.0209 0.2402 1.0000 1.0000 0.0003 0.0028 0.0290 0.3064 1.0000 1.0000 0.0003 0.0035 0.0370 0.3908 1.0000 1.0000 0.0004 0.0045 0.0474 0.5014 1.0000 1.0000 0.0005 0.0058 0.0612 0.6469 1.0000 1.0000 0.0007 0.0075 0.0796 0.8459 1.0000 0.0001 0.0010 0.0102 0.1095 1.0000 1.0000 0.0001 0.0014 0.0152 0.1667 1.0000 1.0000 0.0002 0.0023 0.0258 0.2834 1.0000 1.0000 1.0000 0.2834 0.0258 0.0023 0.0002 1.0000 1.0000 0.1667 0.0152 0.0014 0.0001 1.0000 1.0000 0.1095 0.0102 0.0010 0.0001 1.0000 0.8459 0.0796 0.0075 0.0007 1.0000 1.0000 0.6469 0.0612 0.0058 0.0005 1.0000 1.0000 0.5014 0.0474 0.0045 0.0004 1.0000 1.0000 0.3908 0.0370 0.0035 0.0003 1.0000 1.0000 0.3064 0.0290 0.0028 0.0003 1.0000 1.0000 0.2402 0.0209
0.2425 1.0000 1.0000 0.0003 0.0030 0.0318 0.3357 1.0000 1.0000 0.0004 0.0039 0.0407 0.4290 1.0000 1.0000 0.0005 0.0049 0.0519 0.5483 1.0000 1.0000 0.0006 0.0063 0.0669 0.7074 1.0000 0.0001 0.0008 0.0082 0.0865 0.9180 1.0000 0.0001 0.0010 0.0109 0.1164 1.0000 1.0000 0.0001 0.0014 0.0157 0.1706 1.0000 1.0000 0.0002 0.0023 0.0255 0.2823 1.0000 1.0000 0.0001 1.0000 1.0000 0.2823 0.0255 0.0023 0.0002 1.0000 1.0000 0.1706 0.0157 0.0014 0.0001 1.0000 1.0000 0.1164 0.0109 0.0010 0.0001 1.0000 0.9180 0.0865 0.0082 0.0008 0.0001 1.0000 0.7074 0.0669 0.0063 0.0006 1.0000 1.0000 0.5483 0.0519 0.0049 0.0005 1.0000 1.0000 0.4290 0.0407 0.0039 0.0004 1.0000 1.0000 0.3357 0.0318 0.0030 0.0003 1.0000 1.0000 0.2425
1.0000 1.0000 0.0003 0.0033 0.0349 0.3678 1.0000 1.0000 0.0004 0.0042 0.0445 0.4691 1.0000 1.0000 0.0005 0.0054 0.0568 0.5995 1.0000 1.0000 0.0007 0.0069 0.0730 0.7721 1.0000 0.0001 0.0008 0.0089 0.0944 0.9981 1.0000 0.0001 0.0011 0.0117 0.1246 1.0000 1.0000 0.0001 0.0015 0.0163 0.1768 1.0000 1.0000 0.0002 0.0023 0.0255 0.2813 1.0000 1.0000 0.0003 0.0014 0.0003 1.0000 1.0000 0.2813 0.0255 0.0023 0.0002 1.0000 1.0000 0.1768 0.0163 0.0015 0.0001 1.0000 1.0000 0.1246 0.0117 0.0011 0.0001 1.0000 0.9981 0.0944 0.0089 0.0008 0.0001 1.0000 0.7721 0.0730 0.0069 0.0007 1.0000 1.0000 0.5995 0.0568 0.0054 0.0005 1.0000 1.0000 0.4691 0.0445 0.0042 0.0004 1.0000 1.0000 0.3678 0.0349 0.0033 0.0003 1.0000 1.0000
1.0000 0.0003 0.0036 0.0380 0.4014 1.0000 1.0000 0.0004 0.0046 0.0486 0.5130 1.0000 1.0000 0.0006 0.0059 0.0620 0.6544 1.0000 1.0000 0.0007 0.0075 0.0796 0.8411 1.0000 0.0001 0.0009 0.0097 0.1028 1.0000 1.0000 0.0001 0.0012 0.0126 0.1340 1.0000 1.0000 0.0001 0.0016 0.0172 0.1851 1.0000 1.0000 0.0002 0.0024 0.0258 0.2823 1.0000 1.0000 0.0003 0.0035 0.0153 0.0035 0.0003 1.0000 1.0000 0.2823 0.0258 0.0024 0.0002 1.0000 1.0000 0.1851 0.0172 0.0016 0.0001 1.0000 1.0000 0.1340 0.0126 0.0012 0.0001 1.0000 1.0000 0.1028 0.0097 0.0009 0.0001 1.0000 0.8411 0.0796 0.0075 0.0007 1.0000 1.0000 0.6544 0.0620 0.0059 0.0006 1.0000 1.0000 0.5130 0.0486 0.0046 0.0004 1.0000 1.0000 0.4014 0.0380 0.0036 0.0003 1.0000
0.0003 0.0039 0.0409 0.4315 1.0000 1.0000 0.0005 0.0049 0.0522 0.5504 1.0000 1.0000 0.0006 0.0063 0.0667 0.7034 1.0000 0.0001 0.0008 0.0081 0.0854 0.9024 1.0000 0.0001 0.0010 0.0104 0.1101 1.0000 1.0000 0.0001 0.0013 0.0135 0.1426 1.0000 1.0000 0.0002 0.0017 0.0180 0.1926 1.0000 1.0000 0.0002 0.0024 0.0261 0.2834 1.0000 1.0000 0.0003 0.0037 0.0377 0.1654 0.0377 0.0037 0.0003 1.0000 1.0000 0.2834 0.0261 0.0024 0.0002 1.0000 1.0000 0.1926 0.0180 0.0017 0.0002 1.0000 1.0000 0.1426 0.0135 0.0013 0.0001 1.0000 1.0000 0.1101 0.0104 0.0010 0.0001 1.0000 0.9024 0.0854 0.0081 0.0008 0.0001 1.0000 0.7034 0.0667 0.0063 0.0006 1.0000 1.0000 0.5504 0.0522 0.0049 0.0005 1.0000 1.0000 0.4315 0.0409 0.0039 0.0003
0.0035 0.0402 0.4249 1.0000 1.0000 0.0005 0.0049 0.0515 0.5431 1.0000 1.0000 0.0006 0.0062 0.0657 0.6928 1.0000 0.0001 0.0008 0.0080 0.0841 0.8871 1.0000 0.0001 0.0010 0.0102 0.1083 1.0000 1.0000 0.0001 0.0013 0.0132 0.1400 1.0000 1.0000 0.0002 0.0016 0.0174 0.1854 1.0000 1.0000 0.0002 0.0023 0.0245 0.2651 1.0000 1.0000 0.0003 0.0035 0.0377 0.3777 1.0000 0.3777 0.0377 0.0035 0.0003 1.0000 1.0000 0.2651 0.0245 0.0023 0.0002 1.0000 1.0000 0.1854 0.0174 0.0016 0.0002 1.0000 1.0000 0.1400 0.0132 0.0013 0.0001 1.0000 1.0000 0.1083 0.0102 0.0010 0.0001 1.0000 0.8871 0.0841 0.0080 0.0008 0.0001 1.0000 0.6928 0.0657 0.0062 0.0006 1.0000 1.0000 0.5431 0.0515 0.0049 0.0005 1.0000 1.0000 0.4249 0.0402 0.0035
0.0161 0.1813 1.0000 1.0000 0.0002 0.0021 0.0217 0.2295 1.0000 1.0000 0.0002 0.0026 0.0278 0.2933 1.0000 1.0000 0.0003 0.0034 0.0355 0.3748 1.0000 1.0000 0.0004 0.0043 0.0457 0.4836 1.0000 1.0000 0.0005 0.0056 0.0590 0.6240 1.0000 1.0000 0.0007 0.0073 0.0775 0.8252 1.0000 0.0001 0.0009 0.0101 0.1085 1.0000 1.0000 0.0001 0.0014 0.0153 0.1654 1.0000 1.0000 1.0000 0.1654 0.0153 0.0014 0.0001 1.0000 1.0000 0.1085 0.0101 0.0009 0.0001 1.0000 0.8252 0.0775 0.0073 0.0007 1.0000 1.0000 0.6240 0.0590 0.0056 0.0005 1.0000 1.0000 0.4836 0.0457 0.0043 0.0004 1.0000 1.0000 0.3748 0.0355 0.0034 0.0003 1.0000 1.0000 0.2933 0.0278 0.0026 0.0002 1.0000 1.0000 0.2295 0.0217 0.0021 0.0002 1.0000 1.0000 0.1813 0.0161
0.0035 0.0402 0.4249 1.0000 1.0000 0.0005 0.0049 0.0515 0.5431 1.0000 1.0000 0.0006 0.0062 0.0657 0.6928 1.0000 0.0001 0.0008 0.0080 0.0841 0.8871 1.0000 0.0001 0.0010 0.0102 0.1083 1.0000 1.0000 0.0001 0.0013 0.0132 0.1400 1.0000 1.0000 0.0002 0.0016 0.0174 0.1854 1.0000 1.0000 0.0002 0.0023 0.0245 0.2651 1.0000 1.0000 0.0003 0.0035 0.0377 0.3777 1.0000 0.3777 0.0377 0.0035 0.0003 1.0000 1.0000 0.2651 0.0245 0.0023 0.0002 1.0000 1.0000 0.1854 0.0174 0.0016 0.0002 1.0000 1.0000 0.1400 0.0132 0.0013 0.0001 1.0000 1.0000 0.1083 0.0102 0.0010 0.0001 1.0000 0.8871 0.0841 0.0080 0.0008 0.0001 1.0000 0.6928 0.0657 0.0062 0.0006 1.0000 1.0000 0.5431 0.0515 0.0049 0.0005 1.0000 1.0000 0.4249 0.0402 0.0035
0.0003 0.0039 0.0409 0.4315 1.0000 1.0000 0.0005 0.0049 0.0522 0.5504 1.0000 1.0000 0.0006 0.0063 0.0667 0.7034 1.0000 0.0001 0.0008 0.0081 0.0854 0.9024 1.0000 0.0001 0.0010 0.0104 0.1101 1.0000 1.0000 0.0001 0.0013 0.0135 0.1426 1.0000 1.0000 0.0002 0.0017 0.0180 0.1926 1.0000 1.0000 0.0002 0.0024 0.0261 0.2834 1.0000 1.0000 0.0003 0.0037 0.0377 0.1654 0.0377 0.0037 0.0003 1.0000 1.0000 0.2834 0.0261 0.0024 0.0002 1.0000 1.0000 0.1926 0.0180 0.0017 0.0002 1.0000 1.0000 0.1426 0.0135 0.0013 0.0001 1.0000 1.0000 0.1101 0.0104 0.0010 0.0001 1.0000 0.9024 0.0854 0.0081 0.0008 0.0001 1.0000 0.7034 0.0667 0.0063 0.0006 1.0000 1.0000 0.5504 0.0522 0.0049 0.0005 1.0000 1.0000 0.4315 0.0409 0.0039 0.0003
1.0000 0.0003 0.0036 0.0380 0.4014 1.0000 1.0000 0.0004 0.0046 0.0486 0.5130 1.0000 1.0000 0.0006 0.0059 0.0620 0.6544 1.0000 1.0000 0.0007 0.0075 0.0796 0.8411 1.0000 0.0001 0.0009 0.0097 0.1028 1.0000 1.0000 0.0001 0.0012 0.0126 0.1340 1.0000 1.0000 0.0001 0.0016 0.0172 0.1851 1.0000 1.0000 0.0002 0.0024 0.0258 0.2823 1.0000 1.0000 0.0003 0.0035 0.0153 0.0035 0.0003 1.0000 1.0000 0.2823 0.0258 0.0024 0.0002 1.0000 1.0000 0.1851 0.0172 0.0016 0.0001 1.0000 1.0000 0.1340 0.0126 0.0012 0.0001 1.0000 1.0000 0.1028 0.0097 0.0009 0.0001 1.0000 0.8411 0.0796 0.0075 0.0007 1.0000 1.0000 0.6544 0.0620 0.0059 0.0006 1.0000 1.0000 0.5130 0.0486 0.0046 0.0004 1.0000 1.0000 0.4014 0.0380 0.0036 0.0003 1.0000
1.0000 1.0000 0.0003 0.0033 0.0349 0.3678 1.0000 1.0000 0.0004 0.0042 0.0445 0.4691 1.0000 1.0000 0.0005 0.0054 0.0568 0.5995 1.0000 1.0000 0.0007 0.0069 0.0730 0.7721 1.0000 0.0001 0.0008 0.0089 0.0944 0.9981 1.0000 0.0001 0.0011 0.0117 0.1246 1.0000 1.0000 0.0001 0.0015 0.0163 0.1768 1.0000 1.0000 0.0002 0.0023 0.0255 0.2813 1.0000 1.0000 0.0003 0.0014 0.0003 1.0000 1.0000 0.2813 0.0255 0.0023 0.0002 1.0000 1.0000 0.1768 0.0163 0.0015 0.0001 1.0000 1.0000 0.1246 0.0117 0.0011 0.0001 1.0000 0.9981 0.0944 0.0089 0.0008 0.0001 1.0000 0.7721 0.0730 0.0069 0.0007 1.0000 1.0000 0.5995 0.0568 0.0054 0.0005 1.0000 1.0000 0.4691 0.0445 0.0042 0.0004 1.0000 1.0000 0.3678 0.0349 0.0033 0.0003 1.0000 1.0000
0.2425 1.0000 1.0000 0.0003 0.0030 0.0318 0.3357 1.0000 1.0000 0.0004 0.0039 0.0407 0.4290 1.0000 1.0000 0.0005 0.0049 0.0519 0.5483 1.0000 1.0000 0.0006 0.0063 0.0669 0.7074 1.0000 0.0001 0.0008 0.0082 0.0865 0.9180 1.0000 0.0001 0.0010 0.0109 0.1164 1.0000 1.0000 0.0001 0.0014 0.0157 0.1706 1.0000 1.0000 0.0002 0.0023 0.0255 0.2823 1.0000 1.0000 0.0001 1.0000 1.0000 0.2823 0.0255 0.0023 0.0002 1.0000 1.0000 0.1706 0.0157 0.0014 0.0001 1.0000 1.0000 0.1164 0.0109 0.0010 0.0001 1.0000 0.9180 0.0865 0.0082 0.0008 0.0001 1.0000 0.7074 0.0669 0.0063 0.0006 1.0000 1.0000 0.5483 0.0519 0.0049 0.0005 1.0000 1.0000 0.4290 0.0407 0.0039 0.0004 1.0000 1.0000 0.3357 0.0318 0.0030 0.0003 1.0000 1.0000 0.2425
