0.4907 0.4344 0.1721 0.1566 0.2161 0.3625 0.5077 0.3523 0.1547 0.1687 0.2523 0.4335 0.4863 0.2458 0.1511 0.1875 0.2989 0.4942 0.4378 0.1740 0.1560 0.2139 0.3578 0.5082 0.3593 0.1554 0.1676 0.2493 0.4281 0.4888 0.2539 0.1511 0.1859 0.2951 0.4911 0.4424 0.1767 0.1554 0.2117 0.3530 0.5085 0.3662 0.1561 0.1666 0.2464 0.4228 0.4912 0.2627 0.1509 0.1786 0.2279 0.1786 0.1509 0.2627 0.4912 0.4228 0.2464 0.1666 0.1561 0.3662 0.5085 0.3530 0.2117 0.1554 0.1767 0.4424 0.4911 0.2951 0.1859 0.1511 0.2539 0.4888 0.4281 0.2493 0.1676 0.1554 0.3593 0.5082 0.3578 0.2139 0.1560 0.1740 0.4378 0.4942 0.2989 0.1875 0.1511 0.2458 0.4863 0.4335 0.2523 0.1687 0.1547 0.3523 0.5077 0.3625 0.2161 0.1566 0.1721 0.4344 0.4907
0.4344 0.1627 0.1461 0.2091 0.3598 0.5093 0.3576 0.1439 0.1591 0.2460 0.4321 0.4885 0.2500 0.1394 0.1789 0.2940 0.4948 0.4415 0.1670 0.1450 0.2064 0.3545 0.5097 0.3647 0.1447 0.1579 0.2429 0.4266 0.4910 0.2585 0.1394 0.1772 0.2901 0.4916 0.4460 0.1703 0.1443 0.2040 0.3495 0.5100 0.3715 0.1455 0.1567 0.2399 0.4211 0.4932 0.2670 0.1394 0.1745 0.2759 0.3919 0.2759 0.1745 0.1394 0.2670 0.4932 0.4211 0.2399 0.1567 0.1455 0.3715 0.5100 0.3495 0.2040 0.1443 0.1703 0.4460 0.4916 0.2901 0.1772 0.1394 0.2585 0.4910 0.4266 0.2429 0.1579 0.1447 0.3647 0.5097 0.3545 0.2064 0.1450 0.1670 0.4415 0.4948 0.2940 0.1789 0.1394 0.2500 0.4885 0.4321 0.2460 0.1591 0.1439 0.3576 0.5093 0.3598 0.2091 0.1461 0.1627 0.4344
0.1721 0.1461 0.2077 0.3549 0.5097 0.3669 0.1450 0.1573 0.2413 0.4236 0.4921 0.2630 0.1394 0.1762 0.2878 0.4895 0.4484 0.1722 0.1439 0.2027 0.3467 0.5100 0.3752 0.1460 0.1561 0.2382 0.4179 0.4943 0.2716 0.1395 0.1745 0.2840 0.4858 0.4526 0.1761 0.1433 0.2005 0.3419 0.5100 0.3817 0.1470 0.1549 0.2352 0.4124 0.4964 0.2800 0.1396 0.1727 0.2784 0.4709 0.5019 0.4709 0.2784 0.1727 0.1396 0.2800 0.4964 0.4124 0.2352 0.1549 0.1470 0.3817 0.5100 0.3419 0.2005 0.1433 0.1761 0.4526 0.4858 0.2840 0.1745 0.1395 0.2716 0.4943 0.4179 0.2382 0.1561 0.1460 0.3752 0.5100 0.3467 0.2027 0.1439 0.1722 0.4484 0.4895 0.2878 0.1762 0.1394 0.2630 0.4921 0.4236 0.2413 0.1573 0.1450 0.3669 0.5097 0.3549 0.2077 0.1461 0.1721
0.1566 0.2091 0.3549 0.5099 0.3724 0.1460 0.1559 0.2373 0.4157 0.4953 0.2757 0.1395 0.1737 0.2819 0.4836 0.4549 0.1786 0.1429 0.1992 0.3392 0.5099 0.3852 0.1476 0.1543 0.2336 0.4093 0.4974 0.2847 0.1397 0.1720 0.2781 0.4794 0.4589 0.1833 0.1423 0.1971 0.3345 0.5097 0.3915 0.1488 0.1533 0.2307 0.4037 0.4993 0.2930 0.1399 0.1705 0.2741 0.4729 0.4698 0.3371 0.4698 0.4729 0.2741 0.1705 0.1399 0.2930 0.4993 0.4037 0.2307 0.1533 0.1488 0.3915 0.5097 0.3345 0.1971 0.1423 0.1833 0.4589 0.4794 0.2781 0.1720 0.1397 0.2847 0.4974 0.4093 0.2336 0.1543 0.1476 0.3852 0.5099 0.3392 0.1992 0.1429 0.1786 0.4549 0.4836 0.2819 0.1737 0.1395 0.2757 0.4953 0.4157 0.2373 0.1559 0.1460 0.3724 0.5099 0.3549 0.2091 0.1566
0.2161 0.3598 0.5097 0.3724 0.1464 0.1551 0.2345 0.4094 0.4978 0.2871 0.1397 0.1714 0.2763 0.4772 0.4609 0.1861 0.1420 0.1959 0.3319 0.5094 0.3949 0.1495 0.1527 0.2291 0.4007 0.5003 0.2976 0.1400 0.1697 0.2724 0.4725 0.4647 0.1918 0.1415 0.1938 0.3273 0.5088 0.4008 0.1508 0.1517 0.2263 0.3952 0.5019 0.3058 0.1403 0.1682 0.2687 0.4673 0.4696 0.2156 0.1390 0.2156 0.4696 0.4673 0.2687 0.1682 0.1403 0.3058 0.5019 0.3952 0.2263 0.1517 0.1508 0.4008 0.5088 0.3273 0.1938 0.1415 0.1918 0.4647 0.4725 0.2724 0.1697 0.1400 0.2976 0.5003 0.4007 0.2291 0.1527 0.1495 0.3949 0.5094 0.3319 0.1959 0.1420 0.1861 0.4609 0.4772 0.2763 0.1714 0.1397 0.2871 0.4978 0.4094 0.2345 0.1551 0.1464 0.3724 0.5097 0.3598 0.2161
0.3625 0.5093 0.3669 0.1460 0.1551 0.2334 0.4058 0.4994 0.2961 0.1400 0.1694 0.2713 0.4707 0.4663 0.1947 0.1413 0.1927 0.3249 0.5084 0.4040 0.1516 0.1512 0.2248 0.3922 0.5027 0.3103 0.1405 0.1673 0.2668 0.4650 0.4702 0.2016 0.1408 0.1906 0.3203 0.5074 0.4098 0.1532 0.1502 0.2221 0.3868 0.5041 0.3183 0.1408 0.1659 0.2633 0.4599 0.4738 0.2116 0.1384 0.1552 0.1384 0.2116 0.4738 0.4599 0.2633 0.1659 0.1408 0.3183 0.5041 0.3868 0.2221 0.1502 0.1532 0.4098 0.5074 0.3203 0.1906 0.1408 0.2016 0.4702 0.4650 0.2668 0.1673 0.1405 0.3103 0.5027 0.3922 0.2248 0.1512 0.1516 0.4040 0.5084 0.3249 0.1927 0.1413 0.1947 0.4663 0.4707 0.2713 0.1694 0.1400 0.2961 0.4994 0.4058 0.2334 0.1551 0.1460 0.3669 0.5093 0.3625
0.5077 0.3576 0.1450 0.1559 0.2345 0.4058 0.5000 0.3011 0.1403 0.1679 0.2672 0.4645 0.4710 0.2038 0.1407 0.1897 0.3182 0.5068 0.4126 0.1540 0.1497 0.2206 0.3838 0.5049 0.3227 0.1411 0.1651 0.2614 0.4571 0.4753 0.2126 0.1403 0.1875 0.3135 0.5053 0.4183 0.1558 0.1488 0.2180 0.3785 0.5060 0.3305 0.1415 0.1638 0.2580 0.4519 0.4784 0.2208 0.1397 0.1791 0.2362 0.1791 0.1397 0.2208 0.4784 0.4519 0.2580 0.1638 0.1415 0.3305 0.5060 0.3785 0.2180 0.1488 0.1558 0.4183 0.5053 0.3135 0.1875 0.1403 0.2126 0.4753 0.4571 0.2614 0.1651 0.1411 0.3227 0.5049 0.3838 0.2206 0.1497 0.1540 0.4126 0.5068 0.3182 0.1897 0.1407 0.2038 0.4710 0.4645 0.2672 0.1679 0.1403 0.3011 0.5000 0.4058 0.2345 0.1559 0.1450 0.3576 0.5077
0.3523 0.1439 0.1573 0.2373 0.4094 0.4994 0.3011 0.1404 0.1671 0.2644 0.4597 0.4746 0.2125 0.1403 0.1870 0.3120 0.5047 0.4207 0.1568 0.1484 0.2166 0.3757 0.5066 0.3347 0.1418 0.1630 0.2561 0.4490 0.4800 0.2245 0.1399 0.1845 0.3068 0.5025 0.4264 0.1590 0.1475 0.2140 0.3703 0.5076 0.3423 0.1424 0.1617 0.2529 0.4436 0.4829 0.2326 0.1396 0.1816 0.2922 0.4143 0.2922 0.1816 0.1396 0.2326 0.4829 0.4436 0.2529 0.1617 0.1424 0.3423 0.5076 0.3703 0.2140 0.1475 0.1590 0.4264 0.5025 0.3068 0.1845 0.1399 0.2245 0.4800 0.4490 0.2561 0.1630 0.1418 0.3347 0.5066 0.3757 0.2166 0.1484 0.1568 0.4207 0.5047 0.3120 0.1870 0.1403 0.2125 0.4746 0.4597 0.2644 0.1671 0.1404 0.3011 0.4994 0.4094 0.2373 0.1573 0.1439 0.3523
0.1547 0.1591 0.2413 0.4157 0.4978 0.2961 0.1403 0.1671 0.2634 0.4570 0.4770 0.2195 0.1400 0.1847 0.3065 0.5022 0.4279 0.1598 0.1471 0.2128 0.3678 0.5080 0.3461 0.1427 0.1610 0.2511 0.4406 0.4844 0.2370 0.1396 0.1816 0.3004 0.4990 0.4341 0.1626 0.1462 0.2101 0.3623 0.5088 0.3536 0.1434 0.1597 0.2478 0.4351 0.4870 0.2452 0.1395 0.1796 0.2945 0.4880 0.4956 0.4880 0.2945 0.1796 0.1395 0.2452 0.4870 0.4351 0.2478 0.1597 0.1434 0.3536 0.5088 0.3623 0.2101 0.1462 0.1626 0.4341 0.4990 0.3004 0.1816 0.1396 0.2370 0.4844 0.4406 0.2511 0.1610 0.1427 0.3461 0.5080 0.3678 0.2128 0.1471 0.1598 0.4279 0.5022 0.3065 0.1847 0.1400 0.2195 0.4770 0.4570 0.2634 0.1671 0.1403 0.2961 0.4978 0.4157 0.2413 0.1591 0.1547
0.1687 0.2460 0.4236 0.4953 0.2871 0.1400 0.1679 0.2644 0.4570 0.4778 0.2234 0.1398 0.1831 0.3022 0.4995 0.4341 0.1630 0.1460 0.2093 0.3603 0.5091 0.3569 0.1438 0.1591 0.2462 0.4323 0.4884 0.2498 0.1394 0.1789 0.2940 0.4947 0.4414 0.1670 0.1450 0.2064 0.3544 0.5096 0.3646 0.1446 0.1579 0.2429 0.4266 0.4908 0.2583 0.1394 0.1771 0.2897 0.4898 0.4550 0.3051 0.4550 0.4898 0.2897 0.1771 0.1394 0.2583 0.4908 0.4266 0.2429 0.1579 0.1446 0.3646 0.5096 0.3544 0.2064 0.1450 0.1670 0.4414 0.4947 0.2940 0.1789 0.1394 0.2498 0.4884 0.4323 0.2462 0.1591 0.1438 0.3569 0.5091 0.3603 0.2093 0.1460 0.1630 0.4341 0.4995 0.3022 0.1831 0.1398 0.2234 0.4778 0.4570 0.2644 0.1679 0.1400 0.2871 0.4953 0.4236 0.2460 0.1687
0.2523 0.4321 0.4921 0.2757 0.1397 0.1694 0.2672 0.4597 0.4770 0.2234 0.1398 0.1822 0.2994 0.4973 0.4388 0.1661 0.1451 0.2062 0.3535 0.5097 0.3669 0.1450 0.1573 0.2415 0.4239 0.4920 0.2626 0.1394 0.1763 0.2880 0.4896 0.4483 0.1722 0.1439 0.2028 0.3467 0.5100 0.3751 0.1460 0.1561 0.2382 0.4179 0.4943 0.2715 0.1395 0.1746 0.2840 0.4854 0.4543 0.1879 0.1371 0.1879 0.4543 0.4854 0.2840 0.1746 0.1395 0.2715 0.4943 0.4179 0.2382 0.1561 0.1460 0.3751 0.5100 0.3467 0.2028 0.1439 0.1722 0.4483 0.4896 0.2880 0.1763 0.1394 0.2626 0.4920 0.4239 0.2415 0.1573 0.1450 0.3669 0.5097 0.3535 0.2062 0.1451 0.1661 0.4388 0.4973 0.2994 0.1822 0.1398 0.2234 0.4770 0.4597 0.2672 0.1694 0.1397 0.2757 0.4921 0.4321 0.2523
0.4335 0.4885 0.2630 0.1395 0.1714 0.2713 0.4645 0.4746 0.2195 0.1398 0.1822 0.2985 0.4960 0.4418 0.1686 0.1444 0.2037 0.3476 0.5100 0.3760 0.1463 0.1557 0.2371 0.4156 0.4952 0.2754 0.1395 0.1738 0.2821 0.4838 0.4548 0.1784 0.1429 0.1993 0.3393 0.5100 0.3852 0.1476 0.1543 0.2336 0.4093 0.4974 0.2846 0.1397 0.1721 0.2781 0.4794 0.4592 0.1854 0.1397 0.1603 0.1397 0.1854 0.4592 0.4794 0.2781 0.1721 0.1397 0.2846 0.4974 0.4093 0.2336 0.1543 0.1476 0.3852 0.5100 0.3393 0.1993 0.1429 0.1784 0.4548 0.4838 0.2821 0.1738 0.1395 0.2754 0.4952 0.4156 0.2371 0.1557 0.1463 0.3760 0.5100 0.3476 0.2037 0.1444 0.1686 0.4418 0.4960 0.2985 0.1822 0.1398 0.2195 0.4746 0.4645 0.2713 0.1714 0.1395 0.2630 0.4885 0.4335
0.4863 0.2500 0.1394 0.1737 0.2763 0.4707 0.4710 0.2125 0.1400 0.1831 0.2994 0.4960 0.4428 0.1701 0.1440 0.2019 0.3430 0.5100 0.3836 0.1476 0.1543 0.2331 0.4078 0.4981 0.2878 0.1397 0.1714 0.2765 0.4775 0.4607 0.1858 0.1421 0.1960 0.3321 0.5094 0.3948 0.1495 0.1527 0.2291 0.4007 0.5002 0.2976 0.1400 0.1697 0.2724 0.4725 0.4648 0.1922 0.1411 0.1869 0.2496 0.1869 0.1411 0.1922 0.4648 0.4725 0.2724 0.1697 0.1400 0.2976 0.5002 0.4007 0.2291 0.1527 0.1495 0.3948 0.5094 0.3321 0.1960 0.1421 0.1858 0.4607 0.4775 0.2765 0.1714 0.1397 0.2878 0.4981 0.4078 0.2331 0.1543 0.1476 0.3836 0.5100 0.3430 0.2019 0.1440 0.1701 0.4428 0.4960 0.2994 0.1831 0.1400 0.2125 0.4710 0.4707 0.2763 0.1737 0.1394 0.2500 0.4863
0.2458 0.1394 0.1762 0.2819 0.4772 0.4663 0.2038 0.1403 0.1847 0.3022 0.4973 0.4418 0.1701 0.1438 0.2009 0.3401 0.5099 0.3893 0.1488 0.1531 0.2295 0.4006 0.5005 0.2995 0.1401 0.1691 0.2710 0.4706 0.4663 0.1944 0.1413 0.1928 0.3252 0.5084 0.4038 0.1516 0.1512 0.2249 0.3923 0.5027 0.3103 0.1405 0.1674 0.2669 0.4651 0.4702 0.2017 0.1408 0.1895 0.3096 0.4374 0.3096 0.1895 0.1408 0.2017 0.4702 0.4651 0.2669 0.1674 0.1405 0.3103 0.5027 0.3923 0.2249 0.1512 0.1516 0.4038 0.5084 0.3252 0.1928 0.1413 0.1944 0.4663 0.4706 0.2710 0.1691 0.1401 0.2995 0.5005 0.4006 0.2295 0.1531 0.1488 0.3893 0.5099 0.3401 0.2009 0.1438 0.1701 0.4418 0.4973 0.3022 0.1847 0.1403 0.2038 0.4663 0.4772 0.2819 0.1762 0.1394 0.2458
0.1511 0.1789 0.2878 0.4836 0.4609 0.1947 0.1407 0.1870 0.3065 0.4995 0.4388 0.1686 0.1440 0.2009 0.3391 0.5098 0.3930 0.1497 0.1522 0.2267 0.3945 0.5024 0.3100 0.1405 0.1671 0.2659 0.4634 0.4714 0.2042 0.1407 0.1897 0.3184 0.5069 0.4123 0.1539 0.1498 0.2207 0.3840 0.5048 0.3225 0.1411 0.1651 0.2615 0.4572 0.4753 0.2125 0.1403 0.1873 0.3116 0.4998 0.4870 0.4998 0.3116 0.1873 0.1403 0.2125 0.4753 0.4572 0.2615 0.1651 0.1411 0.3225 0.5048 0.3840 0.2207 0.1498 0.1539 0.4123 0.5069 0.3184 0.1897 0.1407 0.2042 0.4714 0.4634 0.2659 0.1671 0.1405 0.3100 0.5024 0.3945 0.2267 0.1522 0.1497 0.3930 0.5098 0.3391 0.2009 0.1440 0.1686 0.4388 0.4995 0.3065 0.1870 0.1407 0.1947 0.4609 0.4836 0.2878 0.1789 0.1511
0.1875 0.2940 0.4895 0.4549 0.1861 0.1413 0.1897 0.3120 0.5022 0.4341 0.1661 0.1444 0.2019 0.3401 0.5098 0.3942 0.1502 0.1516 0.2247 0.3897 0.5039 0.3188 0.1410 0.1653 0.2613 0.4564 0.4760 0.2147 0.1402 0.1868 0.3118 0.5047 0.4204 0.1566 0.1484 0.2168 0.3760 0.5066 0.3343 0.1418 0.1631 0.2562 0.4491 0.4800 0.2244 0.1399 0.1845 0.3065 0.5014 0.4376 0.2709 0.4376 0.5014 0.3065 0.1845 0.1399 0.2244 0.4800 0.4491 0.2562 0.1631 0.1418 0.3343 0.5066 0.3760 0.2168 0.1484 0.1566 0.4204 0.5047 0.3118 0.1868 0.1402 0.2147 0.4760 0.4564 0.2613 0.1653 0.1410 0.3188 0.5039 0.3897 0.2247 0.1516 0.1502 0.3942 0.5098 0.3401 0.2019 0.1444 0.1661 0.4341 0.5022 0.3120 0.1897 0.1413 0.1861 0.4549 0.4895 0.2940 0.1875
0.2989 0.4948 0.4484 0.1786 0.1420 0.1927 0.3182 0.5047 0.4279 0.1630 0.1451 0.2037 0.3430 0.5099 0.3930 0.1502 0.1514 0.2236 0.3868 0.5048 0.3254 0.1414 0.1638 0.2573 0.4498 0.4800 0.2253 0.1398 0.1840 0.3055 0.5018 0.4282 0.1598 0.1471 0.2130 0.3681 0.5080 0.3456 0.1427 0.1611 0.2512 0.4409 0.4843 0.2368 0.1396 0.1817 0.3003 0.4988 0.4361 0.1693 0.1364 0.1693 0.4361 0.4988 0.3003 0.1817 0.1396 0.2368 0.4843 0.4409 0.2512 0.1611 0.1427 0.3456 0.5080 0.3681 0.2130 0.1471 0.1598 0.4282 0.5018 0.3055 0.1840 0.1398 0.2253 0.4800 0.4498 0.2573 0.1638 0.1414 0.3254 0.5048 0.3868 0.2236 0.1514 0.1502 0.3930 0.5099 0.3430 0.2037 0.1451 0.1630 0.4279 0.5047 0.3182 0.1927 0.1420 0.1786 0.4484 0.4948 0.2989
0.4942 0.4415 0.1722 0.1429 0.1959 0.3249 0.5068 0.4207 0.1598 0.1460 0.2062 0.3476 0.5100 0.3893 0.1497 0.1516 0.2236 0.3857 0.5053 0.3296 0.1418 0.1627 0.2541 0.4441 0.4833 0.2352 0.1396 0.1815 0.2997 0.4984 0.4354 0.1634 0.1459 0.2092 0.3604 0.5090 0.3565 0.1437 0.1592 0.2464 0.4326 0.4882 0.2494 0.1394 0.1789 0.2941 0.4947 0.4417 0.1681 0.1419 0.1660 0.1419 0.1681 0.4417 0.4947 0.2941 0.1789 0.1394 0.2494 0.4882 0.4326 0.2464 0.1592 0.1437 0.3565 0.5090 0.3604 0.2092 0.1459 0.1634 0.4354 0.4984 0.2997 0.1815 0.1396 0.2352 0.4833 0.4441 0.2541 0.1627 0.1418 0.3296 0.5053 0.3857 0.2236 0.1516 0.1497 0.3893 0.5100 0.3476 0.2062 0.1460 0.1598 0.4207 0.5068 0.3249 0.1959 0.1429 0.1722 0.4415 0.4942
0.4378 0.1670 0.1439 0.1992 0.3319 0.5084 0.4126 0.1568 0.1471 0.2093 0.3535 0.5100 0.3836 0.1488 0.1522 0.2247 0.3868 0.5053 0.3311 0.1420 0.1620 0.2519 0.4397 0.4858 0.2439 0.1395 0.1794 0.2945 0.4946 0.4420 0.1676 0.1448 0.2057 0.3528 0.5097 0.3671 0.1449 0.1574 0.2417 0.4242 0.4918 0.2621 0.1394 0.1764 0.2882 0.4897 0.4482 0.1724 0.1435 0.1955 0.2640 0.1955 0.1435 0.1724 0.4482 0.4897 0.2882 0.1764 0.1394 0.2621 0.4918 0.4242 0.2417 0.1574 0.1449 0.3671 0.5097 0.3528 0.2057 0.1448 0.1676 0.4420 0.4946 0.2945 0.1794 0.1395 0.2439 0.4858 0.4397 0.2519 0.1620 0.1420 0.3311 0.5053 0.3868 0.2247 0.1522 0.1488 0.3836 0.5100 0.3535 0.2093 0.1471 0.1568 0.4126 0.5084 0.3319 0.1992 0.1439 0.1670 0.4378
0.1740 0.1450 0.2027 0.3392 0.5094 0.4040 0.1540 0.1484 0.2128 0.3603 0.5097 0.3760 0.1476 0.1531 0.2267 0.3897 0.5048 0.3296 0.1420 0.1618 0.2508 0.4369 0.4875 0.2506 0.1394 0.1776 0.2900 0.4907 0.4477 0.1721 0.1439 0.2024 0.3456 0.5100 0.3771 0.1463 0.1557 0.2371 0.4159 0.4951 0.2749 0.1395 0.1739 0.2823 0.4840 0.4546 0.1783 0.1429 0.1982 0.3283 0.4595 0.3283 0.1982 0.1429 0.1783 0.4546 0.4840 0.2823 0.1739 0.1395 0.2749 0.4951 0.4159 0.2371 0.1557 0.1463 0.3771 0.5100 0.3456 0.2024 0.1439 0.1721 0.4477 0.4907 0.2900 0.1776 0.1394 0.2506 0.4875 0.4369 0.2508 0.1618 0.1420 0.3296 0.5048 0.3897 0.2267 0.1531 0.1476 0.3760 0.5097 0.3603 0.2128 0.1484 0.1540 0.4040 0.5094 0.3392 0.2027 0.1450 0.1740
0.1560 0.2064 0.3467 0.5099 0.3949 0.1516 0.1497 0.2166 0.3678 0.5091 0.3669 0.1463 0.1543 0.2295 0.3945 0.5039 0.3254 0.1418 0.1620 0.2508 0.4359 0.4884 0.2548 0.1394 0.1763 0.2865 0.4871 0.4524 0.1768 0.1431 0.1994 0.3391 0.5099 0.3865 0.1479 0.1540 0.2327 0.4075 0.4981 0.2876 0.1397 0.1715 0.2767 0.4777 0.4605 0.1855 0.1421 0.1958 0.3303 0.5064 0.4761 0.5064 0.3303 0.1958 0.1421 0.1855 0.4605 0.4777 0.2767 0.1715 0.1397 0.2876 0.4981 0.4075 0.2327 0.1540 0.1479 0.3865 0.5099 0.3391 0.1994 0.1431 0.1768 0.4524 0.4871 0.2865 0.1763 0.1394 0.2548 0.4884 0.4359 0.2508 0.1620 0.1418 0.3254 0.5039 0.3945 0.2295 0.1543 0.1463 0.3669 0.5091 0.3678 0.2166 0.1497 0.1516 0.3949 0.5099 0.3467 0.2064 0.1560
0.2139 0.3545 0.5100 0.3852 0.1495 0.1512 0.2206 0.3757 0.5080 0.3569 0.1450 0.1557 0.2331 0.4006 0.5024 0.3188 0.1414 0.1627 0.2519 0.4369 0.4884 0.2562 0.1394 0.1754 0.2840 0.4841 0.4560 0.1813 0.1424 0.1969 0.3332 0.5095 0.3949 0.1496 0.1525 0.2285 0.3993 0.5007 0.3001 0.1401 0.1692 0.2712 0.4708 0.4661 0.1941 0.1413 0.1928 0.3249 0.5078 0.4171 0.2355 0.4171 0.5078 0.3249 0.1928 0.1413 0.1941 0.4661 0.4708 0.2712 0.1692 0.1401 0.3001 0.5007 0.3993 0.2285 0.1525 0.1496 0.3949 0.5095 0.3332 0.1969 0.1424 0.1813 0.4560 0.4841 0.2840 0.1754 0.1394 0.2562 0.4884 0.4369 0.2519 0.1627 0.1414 0.3188 0.5024 0.4006 0.2331 0.1557 0.1450 0.3569 0.5080 0.3757 0.2206 0.1512 0.1495 0.3852 0.5100 0.3545 0.2139
0.3578 0.5097 0.3752 0.1476 0.1527 0.2248 0.3838 0.5066 0.3461 0.1438 0.1573 0.2371 0.4078 0.5005 0.3100 0.1410 0.1638 0.2541 0.4397 0.4875 0.2548 0.1394 0.1752 0.2827 0.4821 0.4585 0.1851 0.1419 0.1948 0.3282 0.5088 0.4022 0.1514 0.1512 0.2246 0.3915 0.5030 0.3122 0.1406 0.1669 0.2658 0.4635 0.4713 0.2039 0.1407 0.1898 0.3185 0.5068 0.4145 0.1576 0.1367 0.1576 0.4145 0.5068 0.3185 0.1898 0.1407 0.2039 0.4713 0.4635 0.2658 0.1669 0.1406 0.3122 0.5030 0.3915 0.2246 0.1512 0.1514 0.4022 0.5088 0.3282 0.1948 0.1419 0.1851 0.4585 0.4821 0.2827 0.1752 0.1394 0.2548 0.4875 0.4397 0.2541 0.1638 0.1410 0.3100 0.5005 0.4078 0.2371 0.1573 0.1438 0.3461 0.5066 0.3838 0.2248 0.1527 0.1476 0.3752 0.5097 0.3578
0.5082 0.3647 0.1460 0.1543 0.2291 0.3922 0.5049 0.3347 0.1427 0.1591 0.2415 0.4156 0.4981 0.2995 0.1405 0.1653 0.2573 0.4441 0.4858 0.2506 0.1394 0.1754 0.2827 0.4814 0.4598 0.1877 0.1416 0.1932 0.3243 0.5080 0.4083 0.1531 0.1501 0.2212 0.3842 0.5049 0.3236 0.1412 0.1649 0.2606 0.4558 0.4762 0.2148 0.1402 0.1869 0.3120 0.5047 0.4207 0.1572 0.1449 0.1727 0.1449 0.1572 0.4207 0.5047 0.3120 0.1869 0.1402 0.2148 0.4762 0.4558 0.2606 0.1649 0.1412 0.3236 0.5049 0.3842 0.2212 0.1501 0.1531 0.4083 0.5080 0.3243 0.1932 0.1416 0.1877 0.4598 0.4814 0.2827 0.1754 0.1394 0.2506 0.4858 0.4441 0.2573 0.1653 0.1405 0.2995 0.4981 0.4156 0.2415 0.1591 0.1427 0.3347 0.5049 0.3922 0.2291 0.1543 0.1460 0.3647 0.5082
0.3593 0.1447 0.1561 0.2336 0.4007 0.5027 0.3227 0.1418 0.1610 0.2462 0.4239 0.4952 0.2878 0.1401 0.1671 0.2613 0.4498 0.4833 0.2439 0.1394 0.1763 0.2840 0.4821 0.4598 0.1886 0.1415 0.1922 0.3215 0.5072 0.4131 0.1547 0.1491 0.2182 0.3778 0.5064 0.3339 0.1418 0.1629 0.2557 0.4480 0.4807 0.2264 0.1398 0.1840 0.3056 0.5019 0.4281 0.1599 0.1466 0.2053 0.2802 0.2053 0.1466 0.1599 0.4281 0.5019 0.3056 0.1840 0.1398 0.2264 0.4807 0.4480 0.2557 0.1629 0.1418 0.3339 0.5064 0.3778 0.2182 0.1491 0.1547 0.4131 0.5072 0.3215 0.1922 0.1415 0.1886 0.4598 0.4821 0.2840 0.1763 0.1394 0.2439 0.4833 0.4498 0.2613 0.1671 0.1401 0.2878 0.4952 0.4239 0.2462 0.1610 0.1418 0.3227 0.5027 0.4007 0.2336 0.1561 0.1447 0.3593
0.1554 0.1579 0.2382 0.4093 0.5003 0.3103 0.1411 0.1630 0.2511 0.4323 0.4920 0.2754 0.1397 0.1691 0.2659 0.4564 0.4800 0.2352 0.1395 0.1776 0.2865 0.4841 0.4585 0.1877 0.1415 0.1919 0.3201 0.5066 0.4163 0.1561 0.1484 0.2157 0.3723 0.5075 0.3429 0.1426 0.1612 0.2512 0.4404 0.4847 0.2384 0.1396 0.1812 0.2994 0.4984 0.4354 0.1634 0.1459 0.2081 0.3489 0.4795 0.3489 0.2081 0.1459 0.1634 0.4354 0.4984 0.2994 0.1812 0.1396 0.2384 0.4847 0.4404 0.2512 0.1612 0.1426 0.3429 0.5075 0.3723 0.2157 0.1484 0.1561 0.4163 0.5066 0.3201 0.1919 0.1415 0.1877 0.4585 0.4841 0.2865 0.1776 0.1395 0.2352 0.4800 0.4564 0.2659 0.1691 0.1397 0.2754 0.4920 0.4323 0.2511 0.1630 0.1411 0.3103 0.5003 0.4093 0.2382 0.1579 0.1554
0.1676 0.2429 0.4179 0.4974 0.2976 0.1405 0.1651 0.2561 0.4406 0.4884 0.2626 0.1395 0.1714 0.2710 0.4634 0.4760 0.2253 0.1396 0.1794 0.2900 0.4871 0.4560 0.1851 0.1416 0.1922 0.3201 0.5064 0.4180 0.1569 0.1479 0.2139 0.3680 0.5083 0.3505 0.1433 0.1597 0.2472 0.4332 0.4882 0.2500 0.1394 0.1786 0.2933 0.4941 0.4424 0.1677 0.1448 0.2055 0.3509 0.5085 0.4623 0.5085 0.3509 0.2055 0.1448 0.1677 0.4424 0.4941 0.2933 0.1786 0.1394 0.2500 0.4882 0.4332 0.2472 0.1597 0.1433 0.3505 0.5083 0.3680 0.2139 0.1479 0.1569 0.4180 0.5064 0.3201 0.1922 0.1416 0.1851 0.4560 0.4871 0.2900 0.1794 0.1396 0.2253 0.4760 0.4634 0.2710 0.1714 0.1395 0.2626 0.4884 0.4406 0.2561 0.1651 0.1405 0.2976 0.4974 0.4179 0.2429 0.1676
0.2493 0.4266 0.4943 0.2847 0.1400 0.1673 0.2614 0.4490 0.4844 0.2498 0.1394 0.1738 0.2765 0.4706 0.4714 0.2147 0.1398 0.1815 0.2945 0.4907 0.4524 0.1813 0.1419 0.1932 0.3215 0.5066 0.4180 0.1572 0.1476 0.2128 0.3650 0.5088 0.3564 0.1440 0.1585 0.2437 0.4267 0.4912 0.2609 0.1394 0.1763 0.2877 0.4891 0.4490 0.1729 0.1438 0.2022 0.3451 0.5097 0.3928 0.2020 0.3928 0.5097 0.3451 0.2022 0.1438 0.1729 0.4490 0.4891 0.2877 0.1763 0.1394 0.2609 0.4912 0.4267 0.2437 0.1585 0.1440 0.3564 0.5088 0.3650 0.2128 0.1476 0.1572 0.4180 0.5066 0.3215 0.1932 0.1419 0.1813 0.4524 0.4907 0.2945 0.1815 0.1398 0.2147 0.4714 0.4706 0.2765 0.1738 0.1394 0.2498 0.4844 0.4490 0.2614 0.1673 0.1400 0.2847 0.4943 0.4266 0.2493
0.4281 0.4910 0.2716 0.1397 0.1697 0.2668 0.4571 0.4800 0.2370 0.1394 0.1763 0.2821 0.4775 0.4663 0.2042 0.1402 0.1840 0.2997 0.4946 0.4477 0.1768 0.1424 0.1948 0.3243 0.5072 0.4163 0.1569 0.1476 0.2124 0.3634 0.5091 0.3604 0.1446 0.1575 0.2409 0.4211 0.4937 0.2709 0.1395 0.1741 0.2825 0.4838 0.4550 0.1789 0.1428 0.1989 0.3382 0.5098 0.3893 0.1500 0.1377 0.1500 0.3893 0.5098 0.3382 0.1989 0.1428 0.1789 0.4550 0.4838 0.2825 0.1741 0.1395 0.2709 0.4937 0.4211 0.2409 0.1575 0.1446 0.3604 0.5091 0.3634 0.2124 0.1476 0.1569 0.4163 0.5072 0.3243 0.1948 0.1424 0.1768 0.4477 0.4946 0.2997 0.1840 0.1402 0.2042 0.4663 0.4775 0.2821 0.1763 0.1394 0.2370 0.4800 0.4571 0.2668 0.1697 0.1397 0.2716 0.4910 0.4281
0.4888 0.2585 0.1395 0.1720 0.2724 0.4650 0.4753 0.2245 0.1396 0.1789 0.2880 0.4838 0.4607 0.1944 0.1407 0.1868 0.3055 0.4984 0.4420 0.1721 0.1431 0.1969 0.3282 0.5080 0.4131 0.1561 0.1479 0.2128 0.3634 0.5091 0.3624 0.1449 0.1569 0.2388 0.4166 0.4956 0.2793 0.1396 0.1723 0.2779 0.4785 0.4603 0.1857 0.1420 0.1958 0.3314 0.5093 0.3964 0.1501 0.1486 0.1803 0.1486 0.1501 0.3964 0.5093 0.3314 0.1958 0.1420 0.1857 0.4603 0.4785 0.2779 0.1723 0.1396 0.2793 0.4956 0.4166 0.2388 0.1569 0.1449 0.3624 0.5091 0.3634 0.2128 0.1479 0.1561 0.4131 0.5080 0.3282 0.1969 0.1431 0.1721 0.4420 0.4984 0.3055 0.1868 0.1407 0.1944 0.4607 0.4838 0.2880 0.1789 0.1396 0.2245 0.4753 0.4650 0.2724 0.1720 0.1395 0.2585 0.4888
0.2539 0.1394 0.1745 0.2781 0.4725 0.4702 0.2126 0.1399 0.1816 0.2940 0.4896 0.4548 0.1858 0.1413 0.1897 0.3118 0.5018 0.4354 0.1676 0.1439 0.1994 0.3332 0.5088 0.4083 0.1547 0.1484 0.2139 0.3650 0.5091 0.3624 0.1450 0.1565 0.2375 0.4136 0.4969 0.2860 0.1398 0.1707 0.2739 0.4733 0.4648 0.1929 0.1414 0.1929 0.3249 0.5083 0.4046 0.1519 0.1504 0.2161 0.2979 0.2161 0.1504 0.1519 0.4046 0.5083 0.3249 0.1929 0.1414 0.1929 0.4648 0.4733 0.2739 0.1707 0.1398 0.2860 0.4969 0.4136 0.2375 0.1565 0.1450 0.3624 0.5091 0.3650 0.2139 0.1484 0.1547 0.4083 0.5088 0.3332 0.1994 0.1439 0.1676 0.4354 0.5018 0.3118 0.1897 0.1413 0.1858 0.4548 0.4896 0.2940 0.1816 0.1399 0.2126 0.4702 0.4725 0.2781 0.1745 0.1394 0.2539
0.1511 0.1772 0.2840 0.4794 0.4647 0.2016 0.1403 0.1845 0.3004 0.4947 0.4483 0.1784 0.1421 0.1928 0.3184 0.5047 0.4282 0.1634 0.1448 0.2024 0.3391 0.5095 0.4022 0.1531 0.1491 0.2157 0.3680 0.5088 0.3604 0.1449 0.1565 0.2371 0.4120 0.4977 0.2905 0.1399 0.1695 0.2707 0.4687 0.4686 0.2001 0.1409 0.1903 0.3190 0.5069 0.4125 0.1541 0.1495 0.2190 0.3709 0.4945 0.3709 0.2190 0.1495 0.1541 0.4125 0.5069 0.3190 0.1903 0.1409 0.2001 0.4686 0.4687 0.2707 0.1695 0.1399 0.2905 0.4977 0.4120 0.2371 0.1565 0.1449 0.3604 0.5088 0.3680 0.2157 0.1491 0.1531 0.4022 0.5095 0.3391 0.2024 0.1448 0.1634 0.4282 0.5047 0.3184 0.1928 0.1421 0.1784 0.4483 0.4947 0.3004 0.1845 0.1403 0.2016 0.4647 0.4794 0.2840 0.1772 0.1511
0.1859 0.2901 0.4858 0.4589 0.1918 0.1408 0.1875 0.3068 0.4990 0.4414 0.1722 0.1429 0.1960 0.3252 0.5069 0.4204 0.1598 0.1459 0.2057 0.3456 0.5099 0.3949 0.1514 0.1501 0.2182 0.3723 0.5083 0.3564 0.1446 0.1569 0.2375 0.4120 0.4980 0.2929 0.1400 0.1687 0.2684 0.4649 0.4716 0.2068 0.1405 0.1880 0.3138 0.5052 0.4196 0.1565 0.1484 0.2163 0.3731 0.5071 0.4456 0.5071 0.3731 0.2163 0.1484 0.1565 0.4196 0.5052 0.3138 0.1880 0.1405 0.2068 0.4716 0.4649 0.2684 0.1687 0.1400 0.2929 0.4980 0.4120 0.2375 0.1569 0.1446 0.3564 0.5083 0.3723 0.2182 0.1501 0.1514 0.3949 0.5099 0.3456 0.2057 0.1459 0.1598 0.4204 0.5069 0.3252 0.1960 0.1429 0.1722 0.4414 0.4990 0.3068 0.1875 0.1408 0.1918 0.4589 0.4858 0.2901 0.1859
0.2951 0.4916 0.4526 0.1833 0.1415 0.1906 0.3135 0.5025 0.4341 0.1670 0.1439 0.1993 0.3321 0.5084 0.4123 0.1566 0.1471 0.2092 0.3528 0.5100 0.3865 0.1496 0.1512 0.2212 0.3778 0.5075 0.3505 0.1440 0.1575 0.2388 0.4136 0.4977 0.2929 0.1401 0.1683 0.2669 0.4623 0.4737 0.2123 0.1402 0.1862 0.3093 0.5032 0.4258 0.1591 0.1473 0.2131 0.3677 0.5081 0.3646 0.1760 0.3646 0.5081 0.3677 0.2131 0.1473 0.1591 0.4258 0.5032 0.3093 0.1862 0.1402 0.2123 0.4737 0.4623 0.2669 0.1683 0.1401 0.2929 0.4977 0.4136 0.2388 0.1575 0.1440 0.3505 0.5075 0.3778 0.2212 0.1512 0.1496 0.3865 0.5100 0.3528 0.2092 0.1471 0.1566 0.4123 0.5084 0.3321 0.1993 0.1439 0.1670 0.4341 0.5025 0.3135 0.1906 0.1415 0.1833 0.4526 0.4916 0.2951
0.4911 0.4460 0.1761 0.1423 0.1938 0.3203 0.5053 0.4264 0.1626 0.1450 0.2028 0.3393 0.5094 0.4038 0.1539 0.1484 0.2130 0.3604 0.5097 0.3771 0.1479 0.1525 0.2246 0.3842 0.5064 0.3429 0.1433 0.1585 0.2409 0.4166 0.4969 0.2905 0.1400 0.1683 0.2664 0.4609 0.4750 0.2162 0.1400 0.1847 0.3056 0.5012 0.4310 0.1617 0.1464 0.2101 0.3614 0.5090 0.3595 0.1447 0.1396 0.1447 0.3595 0.5090 0.3614 0.2101 0.1464 0.1617 0.4310 0.5012 0.3056 0.1847 0.1400 0.2162 0.4750 0.4609 0.2664 0.1683 0.1400 0.2905 0.4969 0.4166 0.2409 0.1585 0.1433 0.3429 0.5064 0.3842 0.2246 0.1525 0.1479 0.3771 0.5097 0.3604 0.2130 0.1484 0.1539 0.4038 0.5094 0.3393 0.2028 0.1450 0.1626 0.4264 0.5053 0.3203 0.1938 0.1423 0.1761 0.4460 0.4911
0.4424 0.1703 0.1433 0.1971 0.3273 0.5074 0.4183 0.1590 0.1462 0.2064 0.3467 0.5100 0.3948 0.1516 0.1498 0.2168 0.3681 0.5090 0.3671 0.1463 0.1540 0.2285 0.3915 0.5049 0.3339 0.1426 0.1597 0.2437 0.4211 0.4956 0.2860 0.1399 0.1687 0.2669 0.4609 0.4754 0.2183 0.1399 0.1838 0.3030 0.4995 0.4352 0.1641 0.1456 0.2074 0.3555 0.5096 0.3661 0.1450 0.1530 0.1891 0.1530 0.1450 0.3661 0.5096 0.3555 0.2074 0.1456 0.1641 0.4352 0.4995 0.3030 0.1838 0.1399 0.2183 0.4754 0.4609 0.2669 0.1687 0.1399 0.2860 0.4956 0.4211 0.2437 0.1597 0.1426 0.3339 0.5049 0.3915 0.2285 0.1540 0.1463 0.3671 0.5090 0.3681 0.2168 0.1498 0.1516 0.3948 0.5100 0.3467 0.2064 0.1462 0.1590 0.4183 0.5074 0.3273 0.1971 0.1433 0.1703 0.4424
0.1767 0.1443 0.2005 0.3345 0.5088 0.4098 0.1558 0.1475 0.2101 0.3544 0.5100 0.3852 0.1495 0.1512 0.2207 0.3760 0.5080 0.3565 0.1449 0.1557 0.2327 0.3993 0.5030 0.3236 0.1418 0.1612 0.2472 0.4267 0.4937 0.2793 0.1398 0.1695 0.2684 0.4623 0.4750 0.2183 0.1399 0.1833 0.3013 0.4981 0.4382 0.1662 0.1449 0.2052 0.3504 0.5099 0.3735 0.1460 0.1553 0.2289 0.3182 0.2289 0.1553 0.1460 0.3735 0.5099 0.3504 0.2052 0.1449 0.1662 0.4382 0.4981 0.3013 0.1833 0.1399 0.2183 0.4750 0.4623 0.2684 0.1695 0.1398 0.2793 0.4937 0.4267 0.2472 0.1612 0.1418 0.3236 0.5030 0.3993 0.2327 0.1557 0.1449 0.3565 0.5080 0.3760 0.2207 0.1512 0.1495 0.3852 0.5100 0.3544 0.2101 0.1475 0.1558 0.4098 0.5088 0.3345 0.2005 0.1443 0.1767
0.1554 0.2040 0.3419 0.5097 0.4008 0.1532 0.1488 0.2140 0.3623 0.5096 0.3751 0.1476 0.1527 0.2249 0.3840 0.5066 0.3456 0.1437 0.1574 0.2371 0.4075 0.5007 0.3122 0.1412 0.1629 0.2512 0.4332 0.4912 0.2709 0.1396 0.1707 0.2707 0.4649 0.4737 0.2162 0.1399 0.1833 0.3007 0.4974 0.4401 0.1678 0.1445 0.2035 0.3462 0.5100 0.3802 0.1471 0.1545 0.2325 0.3965 0.5041 0.3965 0.2325 0.1545 0.1471 0.3802 0.5100 0.3462 0.2035 0.1445 0.1678 0.4401 0.4974 0.3007 0.1833 0.1399 0.2162 0.4737 0.4649 0.2707 0.1707 0.1396 0.2709 0.4912 0.4332 0.2512 0.1629 0.1412 0.3122 0.5007 0.4075 0.2371 0.1574 0.1437 0.3456 0.5066 0.3840 0.2249 0.1527 0.1476 0.3751 0.5096 0.3623 0.2140 0.1488 0.1532 0.4008 0.5097 0.3419 0.2040 0.1554
0.2117 0.3495 0.5100 0.3915 0.1508 0.1502 0.2180 0.3703 0.5088 0.3646 0.1460 0.1543 0.2291 0.3923 0.5048 0.3343 0.1427 0.1592 0.2417 0.4159 0.4981 0.3001 0.1406 0.1649 0.2557 0.4404 0.4882 0.2609 0.1395 0.1723 0.2739 0.4687 0.4716 0.2123 0.1400 0.1838 0.3013 0.4974 0.4407 0.1687 0.1442 0.2023 0.3432 0.5100 0.3855 0.1481 0.1536 0.2305 0.4003 0.5019 0.4231 0.5019 0.4003 0.2305 0.1536 0.1481 0.3855 0.5100 0.3432 0.2023 0.1442 0.1687 0.4407 0.4974 0.3013 0.1838 0.1400 0.2123 0.4716 0.4687 0.2739 0.1723 0.1395 0.2609 0.4882 0.4404 0.2557 0.1649 0.1406 0.3001 0.4981 0.4159 0.2417 0.1592 0.1427 0.3343 0.5048 0.3923 0.2291 0.1543 0.1460 0.3646 0.5088 0.3703 0.2180 0.1502 0.1508 0.3915 0.5100 0.3495 0.2117
0.3530 0.5100 0.3817 0.1488 0.1517 0.2221 0.3785 0.5076 0.3536 0.1446 0.1561 0.2336 0.4007 0.5027 0.3225 0.1418 0.1611 0.2464 0.4242 0.4951 0.2876 0.1401 0.1669 0.2606 0.4480 0.4847 0.2500 0.1394 0.1741 0.2779 0.4733 0.4686 0.2068 0.1402 0.1847 0.3030 0.4981 0.4401 0.1687 0.1441 0.2017 0.3413 0.5099 0.3894 0.1490 0.1527 0.2281 0.3967 0.5021 0.3270 0.1580 0.3270 0.5021 0.3967 0.2281 0.1527 0.1490 0.3894 0.5099 0.3413 0.2017 0.1441 0.1687 0.4401 0.4981 0.3030 0.1847 0.1402 0.2068 0.4686 0.4733 0.2779 0.1741 0.1394 0.2500 0.4847 0.4480 0.2606 0.1669 0.1401 0.2876 0.4951 0.4242 0.2464 0.1611 0.1418 0.3225 0.5027 0.4007 0.2336 0.1561 0.1446 0.3536 0.5076 0.3785 0.2221 0.1517 0.1488 0.3817 0.5100 0.3530
0.5085 0.3715 0.1470 0.1533 0.2263 0.3868 0.5060 0.3423 0.1434 0.1579 0.2382 0.4093 0.5002 0.3103 0.1411 0.1631 0.2512 0.4326 0.4918 0.2749 0.1397 0.1692 0.2658 0.4558 0.4807 0.2384 0.1394 0.1763 0.2825 0.4785 0.4648 0.2001 0.1405 0.1862 0.3056 0.4995 0.4382 0.1678 0.1442 0.2017 0.3407 0.5099 0.3918 0.1496 0.1521 0.2261 0.3925 0.5032 0.3183 0.1407 0.1428 0.1407 0.3183 0.5032 0.3925 0.2261 0.1521 0.1496 0.3918 0.5099 0.3407 0.2017 0.1442 0.1678 0.4382 0.4995 0.3056 0.1862 0.1405 0.2001 0.4648 0.4785 0.2825 0.1763 0.1394 0.2384 0.4807 0.4558 0.2658 0.1692 0.1397 0.2749 0.4918 0.4326 0.2512 0.1631 0.1411 0.3103 0.5002 0.4093 0.2382 0.1579 0.1434 0.3423 0.5060 0.3868 0.2263 0.1533 0.1470 0.3715 0.5085
0.3662 0.1455 0.1549 0.2307 0.3952 0.5041 0.3305 0.1424 0.1597 0.2429 0.4179 0.4974 0.2976 0.1405 0.1651 0.2562 0.4409 0.4882 0.2621 0.1395 0.1715 0.2712 0.4635 0.4762 0.2264 0.1396 0.1786 0.2877 0.4838 0.4603 0.1929 0.1409 0.1880 0.3093 0.5012 0.4352 0.1662 0.1445 0.2023 0.3413 0.5099 0.3927 0.1499 0.1517 0.2247 0.3892 0.5042 0.3223 0.1412 0.1595 0.2011 0.1595 0.1412 0.3223 0.5042 0.3892 0.2247 0.1517 0.1499 0.3927 0.5099 0.3413 0.2023 0.1445 0.1662 0.4352 0.5012 0.3093 0.1880 0.1409 0.1929 0.4603 0.4838 0.2877 0.1786 0.1396 0.2264 0.4762 0.4635 0.2712 0.1715 0.1395 0.2621 0.4882 0.4409 0.2562 0.1651 0.1405 0.2976 0.4974 0.4179 0.2429 0.1597 0.1424 0.3305 0.5041 0.3952 0.2307 0.1549 0.1455 0.3662
0.1561 0.1567 0.2352 0.4037 0.5019 0.3183 0.1415 0.1617 0.2478 0.4266 0.4943 0.2846 0.1400 0.1674 0.2615 0.4491 0.4843 0.2494 0.1394 0.1739 0.2767 0.4708 0.4713 0.2148 0.1398 0.1812 0.2933 0.4891 0.4550 0.1857 0.1414 0.1903 0.3138 0.5032 0.4310 0.1641 0.1449 0.2035 0.3432 0.5099 0.3918 0.1499 0.1516 0.2240 0.3871 0.5048 0.3267 0.1415 0.1625 0.2466 0.3458 0.2466 0.1625 0.1415 0.3267 0.5048 0.3871 0.2240 0.1516 0.1499 0.3918 0.5099 0.3432 0.2035 0.1449 0.1641 0.4310 0.5032 0.3138 0.1903 0.1414 0.1857 0.4550 0.4891 0.2933 0.1812 0.1398 0.2148 0.4713 0.4708 0.2767 0.1739 0.1394 0.2494 0.4843 0.4491 0.2615 0.1674 0.1400 0.2846 0.4943 0.4266 0.2478 0.1617 0.1415 0.3183 0.5019 0.4037 0.2352 0.1567 0.1561
0.1666 0.2399 0.4124 0.4993 0.3058 0.1408 0.1638 0.2529 0.4351 0.4908 0.2715 0.1397 0.1697 0.2669 0.4572 0.4800 0.2368 0.1394 0.1764 0.2823 0.4777 0.4661 0.2039 0.1402 0.1840 0.2994 0.4941 0.4490 0.1789 0.1420 0.1929 0.3190 0.5052 0.4258 0.1617 0.1456 0.2052 0.3462 0.5100 0.3894 0.1496 0.1517 0.2240 0.3864 0.5051 0.3295 0.1418 0.1623 0.2518 0.4297 0.5076 0.4297 0.2518 0.1623 0.1418 0.3295 0.5051 0.3864 0.2240 0.1517 0.1496 0.3894 0.5100 0.3462 0.2052 0.1456 0.1617 0.4258 0.5052 0.3190 0.1929 0.1420 0.1789 0.4490 0.4941 0.2994 0.1840 0.1402 0.2039 0.4661 0.4777 0.2823 0.1764 0.1394 0.2368 0.4800 0.4572 0.2669 0.1697 0.1397 0.2715 0.4908 0.4351 0.2529 0.1638 0.1408 0.3058 0.4993 0.4124 0.2399 0.1666
0.2464 0.4211 0.4964 0.2930 0.1403 0.1659 0.2580 0.4436 0.4870 0.2583 0.1395 0.1721 0.2724 0.4651 0.4753 0.2244 0.1396 0.1789 0.2882 0.4840 0.4605 0.1941 0.1407 0.1869 0.3056 0.4984 0.4424 0.1729 0.1428 0.1958 0.3249 0.5069 0.4196 0.1591 0.1464 0.2074 0.3504 0.5100 0.3855 0.1490 0.1521 0.2247 0.3871 0.5051 0.3305 0.1419 0.1619 0.2513 0.4364 0.4905 0.3888 0.4905 0.4364 0.2513 0.1619 0.1419 0.3305 0.5051 0.3871 0.2247 0.1521 0.1490 0.3855 0.5100 0.3504 0.2074 0.1464 0.1591 0.4196 0.5069 0.3249 0.1958 0.1428 0.1729 0.4424 0.4984 0.3056 0.1869 0.1407 0.1941 0.4605 0.4840 0.2882 0.1789 0.1396 0.2244 0.4753 0.4651 0.2724 0.1721 0.1395 0.2583 0.4870 0.4436 0.2580 0.1659 0.1403 0.2930 0.4964 0.4211 0.2464
0.4228 0.4932 0.2800 0.1399 0.1682 0.2633 0.4519 0.4829 0.2452 0.1394 0.1746 0.2781 0.4725 0.4702 0.2125 0.1399 0.1817 0.2941 0.4897 0.4546 0.1855 0.1413 0.1898 0.3120 0.5019 0.4354 0.1677 0.1438 0.1989 0.3314 0.5083 0.4125 0.1565 0.1473 0.2101 0.3555 0.5099 0.3802 0.1481 0.1527 0.2261 0.3892 0.5048 0.3295 0.1419 0.1618 0.2507 0.4361 0.4886 0.2729 0.1459 0.2729 0.4886 0.4361 0.2507 0.1618 0.1419 0.3295 0.5048 0.3892 0.2261 0.1527 0.1481 0.3802 0.5099 0.3555 0.2101 0.1473 0.1565 0.4125 0.5083 0.3314 0.1989 0.1438 0.1677 0.4354 0.5019 0.3120 0.1898 0.1413 0.1855 0.4546 0.4897 0.2941 0.1817 0.1399 0.2125 0.4702 0.4725 0.2781 0.1746 0.1394 0.2452 0.4829 0.4519 0.2633 0.1682 0.1399 0.2800 0.4932 0.4228
0.4912 0.2670 0.1396 0.1705 0.2687 0.4599 0.4784 0.2326 0.1395 0.1771 0.2840 0.4794 0.4648 0.2017 0.1403 0.1845 0.3003 0.4947 0.4482 0.1783 0.1421 0.1928 0.3185 0.5047 0.4281 0.1634 0.1448 0.2022 0.3382 0.5093 0.4046 0.1541 0.1484 0.2131 0.3614 0.5096 0.3735 0.1471 0.1536 0.2281 0.3925 0.5042 0.3267 0.1418 0.1619 0.2507 0.4357 0.4886 0.2589 0.1383 0.1484 0.1383 0.2589 0.4886 0.4357 0.2507 0.1619 0.1418 0.3267 0.5042 0.3925 0.2281 0.1536 0.1471 0.3735 0.5096 0.3614 0.2131 0.1484 0.1541 0.4046 0.5093 0.3382 0.2022 0.1448 0.1634 0.4281 0.5047 0.3185 0.1928 0.1421 0.1783 0.4482 0.4947 0.3003 0.1845 0.1403 0.2017 0.4648 0.4794 0.2840 0.1771 0.1395 0.2326 0.4784 0.4599 0.2687 0.1705 0.1396 0.2670 0.4912
0.2627 0.1394 0.1727 0.2741 0.4673 0.4738 0.2208 0.1396 0.1796 0.2897 0.4854 0.4592 0.1922 0.1408 0.1873 0.3065 0.4988 0.4417 0.1724 0.1429 0.1958 0.3249 0.5068 0.4207 0.1599 0.1459 0.2055 0.3451 0.5098 0.3964 0.1519 0.1495 0.2163 0.3677 0.5090 0.3661 0.1460 0.1545 0.2305 0.3967 0.5032 0.3223 0.1415 0.1623 0.2513 0.4361 0.4886 0.2578 0.1392 0.1696 0.2189 0.1696 0.1392 0.2578 0.4886 0.4361 0.2513 0.1623 0.1415 0.3223 0.5032 0.3967 0.2305 0.1545 0.1460 0.3661 0.5090 0.3677 0.2163 0.1495 0.1519 0.3964 0.5098 0.3451 0.2055 0.1459 0.1599 0.4207 0.5068 0.3249 0.1958 0.1429 0.1724 0.4417 0.4988 0.3065 0.1873 0.1408 0.1922 0.4592 0.4854 0.2897 0.1796 0.1396 0.2208 0.4738 0.4673 0.2741 0.1727 0.1394 0.2627
0.1509 0.1745 0.2784 0.4729 0.4696 0.2116 0.1397 0.1816 0.2945 0.4898 0.4543 0.1854 0.1411 0.1895 0.3116 0.5014 0.4361 0.1681 0.1435 0.1982 0.3303 0.5078 0.4145 0.1572 0.1466 0.2081 0.3509 0.5097 0.3893 0.1501 0.1504 0.2190 0.3731 0.5081 0.3595 0.1450 0.1553 0.2325 0.4003 0.5021 0.3183 0.1412 0.1625 0.2518 0.4364 0.4886 0.2589 0.1392 0.1733 0.2716 0.3833 0.2716 0.1733 0.1392 0.2589 0.4886 0.4364 0.2518 0.1625 0.1412 0.3183 0.5021 0.4003 0.2325 0.1553 0.1450 0.3595 0.5081 0.3731 0.2190 0.1504 0.1501 0.3893 0.5097 0.3509 0.2081 0.1466 0.1572 0.4145 0.5078 0.3303 0.1982 0.1435 0.1681 0.4361 0.5014 0.3116 0.1895 0.1411 0.1854 0.4543 0.4898 0.2945 0.1816 0.1397 0.2116 0.4696 0.4729 0.2784 0.1745 0.1509
0.1786 0.2759 0.4709 0.4698 0.2156 0.1384 0.1791 0.2922 0.4880 0.4550 0.1879 0.1397 0.1869 0.3096 0.4998 0.4376 0.1693 0.1419 0.1955 0.3283 0.5064 0.4171 0.1576 0.1449 0.2053 0.3489 0.5085 0.3928 0.1500 0.1486 0.2161 0.3709 0.5071 0.3646 0.1447 0.1530 0.2289 0.3965 0.5019 0.3270 0.1407 0.1595 0.2466 0.4297 0.4905 0.2729 0.1383 0.1696 0.2716 0.4605 0.5033 0.4605 0.2716 0.1696 0.1383 0.2729 0.4905 0.4297 0.2466 0.1595 0.1407 0.3270 0.5019 0.3965 0.2289 0.1530 0.1447 0.3646 0.5071 0.3709 0.2161 0.1486 0.1500 0.3928 0.5085 0.3489 0.2053 0.1449 0.1576 0.4171 0.5064 0.3283 0.1955 0.1419 0.1693 0.4376 0.4998 0.3096 0.1869 0.1397 0.1879 0.4550 0.4880 0.2922 0.1791 0.1384 0.2156 0.4698 0.4709 0.2759 0.1786
0.2279 0.3919 0.5019 0.3371 0.1390 0.1552 0.2362 0.4143 0.4956 0.3051 0.1371 0.1603 0.2496 0.4374 0.4870 0.2709 0.1364 0.1660 0.2640 0.4595 0.4761 0.2355 0.1367 0.1727 0.2802 0.4795 0.4623 0.2020 0.1377 0.1803 0.2979 0.4945 0.4456 0.1760 0.1396 0.1891 0.3182 0.5041 0.4231 0.1580 0.1428 0.2011 0.3458 0.5076 0.3888 0.1459 0.1484 0.2189 0.3833 0.5033 0.4419 0.5033 0.3833 0.2189 0.1484 0.1459 0.3888 0.5076 0.3458 0.2011 0.1428 0.1580 0.4231 0.5041 0.3182 0.1891 0.1396 0.1760 0.4456 0.4945 0.2979 0.1803 0.1377 0.2020 0.4623 0.4795 0.2802 0.1727 0.1367 0.2355 0.4761 0.4595 0.2640 0.1660 0.1364 0.2709 0.4870 0.4374 0.2496 0.1603 0.1371 0.3051 0.4956 0.4143 0.2362 0.1552 0.1390 0.3371 0.5019 0.3919 0.2279
0.1786 0.2759 0.4709 0.4698 0.2156 0.1384 0.1791 0.2922 0.4880 0.4550 0.1879 0.1397 0.1869 0.3096 0.4998 0.4376 0.1693 0.1419 0.1955 0.3283 0.5064 0.4171 0.1576 0.1449 0.2053 0.3489 0.5085 0.3928 0.1500 0.1486 0.2161 0.3709 0.5071 0.3646 0.1447 0.1530 0.2289 0.3965 0.5019 0.3270 0.1407 0.1595 0.2466 0.4297 0.4905 0.2729 0.1383 0.1696 0.2716 0.4605 0.5033 0.4605 0.2716 0.1696 0.1383 0.2729 0.4905 0.4297 0.2466 0.1595 0.1407 0.3270 0.5019 0.3965 0.2289 0.1530 0.1447 0.3646 0.5071 0.3709 0.2161 0.1486 0.1500 0.3928 0.5085 0.3489 0.2053 0.1449 0.1576 0.4171 0.5064 0.3283 0.1955 0.1419 0.1693 0.4376 0.4998 0.3096 0.1869 0.1397 0.1879 0.4550 0.4880 0.2922 0.1791 0.1384 0.2156 0.4698 0.4709 0.2759 0.1786
0.1509 0.1745 0.2784 0.4729 0.4696 0.2116 0.1397 0.1816 0.2945 0.4898 0.4543 0.1854 0.1411 0.1895 0.3116 0.5014 0.4361 0.1681 0.1435 0.1982 0.3303 0.5078 0.4145 0.1572 0.1466 0.2081 0.3509 0.5097 0.3893 0.1501 0.1504 0.2190 0.3731 0.5081 0.3595 0.1450 0.1553 0.2325 0.4003 0.5021 0.3183 0.1412 0.1625 0.2518 0.4364 0.4886 0.2589 0.1392 0.1733 0.2716 0.3833 0.2716 0.1733 0.1392 0.2589 0.4886 0.4364 0.2518 0.1625 0.1412 0.3183 0.5021 0.4003 0.2325 0.1553 0.1450 0.3595 0.5081 0.3731 0.2190 0.1504 0.1501 0.3893 0.5097 0.3509 0.2081 0.1466 0.1572 0.4145 0.5078 0.3303 0.1982 0.1435 0.1681 0.4361 0.5014 0.3116 0.1895 0.1411 0.1854 0.4543 0.4898 0.2945 0.1816 0.1397 0.2116 0.4696 0.4729 0.2784 0.1745 0.1509
0.2627 0.1394 0.1727 0.2741 0.4673 0.4738 0.2208 0.1396 0.1796 0.2897 0.4854 0.4592 0.1922 0.1408 0.1873 0.3065 0.4988 0.4417 0.1724 0.1429 0.1958 0.3249 0.5068 0.4207 0.1599 0.1459 0.2055 0.3451 0.5098 0.3964 0.1519 0.1495 0.2163 0.3677 0.5090 0.3661 0.1460 0.1545 0.2305 0.3967 0.5032 0.3223 0.1415 0.1623 0.2513 0.4361 0.4886 0.2578 0.1392 0.1696 0.2189 0.1696 0.1392 0.2578 0.4886 0.4361 0.2513 0.1623 0.1415 0.3223 0.5032 0.3967 0.2305 0.1545 0.1460 0.3661 0.5090 0.3677 0.2163 0.1495 0.1519 0.3964 0.5098 0.3451 0.2055 0.1459 0.1599 0.4207 0.5068 0.3249 0.1958 0.1429 0.1724 0.4417 0.4988 0.3065 0.1873 0.1408 0.1922 0.4592 0.4854 0.2897 0.1796 0.1396 0.2208 0.4738 0.4673 0.2741 0.1727 0.1394 0.2627
0.4912 0.2670 0.1396 0.1705 0.2687 0.4599 0.4784 0.2326 0.1395 0.1771 0.2840 0.4794 0.4648 0.2017 0.1403 0.1845 0.3003 0.4947 0.4482 0.1783 0.1421 0.1928 0.3185 0.5047 0.4281 0.1634 0.1448 0.2022 0.3382 0.5093 0.4046 0.1541 0.1484 0.2131 0.3614 0.5096 0.3735 0.1471 0.1536 0.2281 0.3925 0.5042 0.3267 0.1418 0.1619 0.2507 0.4357 0.4886 0.2589 0.1383 0.1484 0.1383 0.2589 0.4886 0.4357 0.2507 0.1619 0.1418 0.3267 0.5042 0.3925 0.2281 0.1536 0.1471 0.3735 0.5096 0.3614 0.2131 0.1484 0.1541 0.4046 0.5093 0.3382 0.2022 0.1448 0.1634 0.4281 0.5047 0.3185 0.1928 0.1421 0.1783 0.4482 0.4947 0.3003 0.1845 0.1403 0.2017 0.4648 0.4794 0.2840 0.1771 0.1395 0.2326 0.4784 0.4599 0.2687 0.1705 0.1396 0.2670 0.4912
0.4228 0.4932 0.2800 0.1399 0.1682 0.2633 0.4519 0.4829 0.2452 0.1394 0.1746 0.2781 0.4725 0.4702 0.2125 0.1399 0.1817 0.2941 0.4897 0.4546 0.1855 0.1413 0.1898 0.3120 0.5019 0.4354 0.1677 0.1438 0.1989 0.3314 0.5083 0.4125 0.1565 0.1473 0.2101 0.3555 0.5099 0.3802 0.1481 0.1527 0.2261 0.3892 0.5048 0.3295 0.1419 0.1618 0.2507 0.4361 0.4886 0.2729 0.1459 0.2729 0.4886 0.4361 0.2507 0.1618 0.1419 0.3295 0.5048 0.3892 0.2261 0.1527 0.1481 0.3802 0.5099 0.3555 0.2101 0.1473 0.1565 0.4125 0.5083 0.3314 0.1989 0.1438 0.1677 0.4354 0.5019 0.3120 0.1898 0.1413 0.1855 0.4546 0.4897 0.2941 0.1817 0.1399 0.2125 0.4702 0.4725 0.2781 0.1746 0.1394 0.2452 0.4829 0.4519 0.2633 0.1682 0.1399 0.2800 0.4932 0.4228
