0.1162 0.1969 -0.2089 -0.2980 -0.3444 -0.0821 0.1947 -0.0699 -0.2466 -0.3188 -0.3461 0.0490 0.2557 -0.1575 -0.2726 -0.3346 -0.2907 0.1189 0.2083 -0.2062 -0.2965 -0.3440 -0.0973 0.1901 -0.0586 -0.2446 -0.3174 -0.3470 0.0428 0.2523 -0.1531 -0.2707 -0.3336 -0.2988 0.1140 0.2220 -0.2030 -0.2948 -0.3435 -0.1139 0.1853 -0.0457 -0.2426 -0.3160 -0.3476 0.0363 0.2485 -0.1482 -0.2681 -0.3357 -0.3633 -0.3357 -0.2681 -0.1482 0.2485 0.0363 -0.3476 -0.3160 -0.2426 -0.0457 0.1853 -0.1139 -0.3435 -0.2948 -0.2030 0.2220 0.1140 -0.2988 -0.3336 -0.2707 -0.1531 0.2523 0.0428 -0.3470 -0.3174 -0.2446 -0.0586 0.1901 -0.0973 -0.3440 -0.2965 -0.2062 0.2083 0.1189 -0.2907 -0.3346 -0.2726 -0.1575 0.2557 0.0490 -0.3461 -0.3188 -0.2466 -0.0699 0.1947 -0.0821 -0.3444 -0.2980 -0.2089 0.1969 0.1162
0.1969 -0.2245 -0.3195 -0.3612 -0.0850 0.1913 -0.0546 -0.2693 -0.3391 -0.3603 0.0483 0.2554 -0.1595 -0.2944 -0.3536 -0.3020 0.1169 0.2355 -0.2182 -0.3176 -0.3611 -0.1025 0.1866 -0.0401 -0.2674 -0.3377 -0.3613 0.0421 0.2512 -0.1544 -0.2926 -0.3528 -0.3104 0.1122 0.2457 -0.2141 -0.3160 -0.3608 -0.1198 0.1818 -0.0238 -0.2655 -0.3364 -0.3621 0.0356 0.2468 -0.1490 -0.2907 -0.3524 -0.3312 -0.0017 -0.3312 -0.3524 -0.2907 -0.1490 0.2468 0.0356 -0.3621 -0.3364 -0.2655 -0.0238 0.1818 -0.1198 -0.3608 -0.3160 -0.2141 0.2457 0.1122 -0.3104 -0.3528 -0.2926 -0.1544 0.2512 0.0421 -0.3613 -0.3377 -0.2674 -0.0401 0.1866 -0.1025 -0.3611 -0.3176 -0.2182 0.2355 0.1169 -0.3020 -0.3536 -0.2944 -0.1595 0.2554 0.0483 -0.3603 -0.3391 -0.2693 -0.0546 0.1913 -0.0850 -0.3612 -0.3195 -0.2245 0.1969
-0.2089 -0.3195 -0.3609 -0.1008 0.1855 -0.0351 -0.2666 -0.3370 -0.3617 0.0386 0.2489 -0.1515 -0.2916 -0.3522 -0.3146 0.1093 0.2505 -0.2119 -0.3150 -0.3605 -0.1297 0.1785 -0.0138 -0.2644 -0.3356 -0.3623 0.0317 0.2443 -0.1460 -0.2897 -0.3513 -0.3217 0.1046 0.2575 -0.2078 -0.3134 -0.3602 -0.1476 0.1731 0.0058 -0.2622 -0.3342 -0.3627 0.0246 0.2396 -0.1403 -0.2879 -0.3505 -0.3303 0.0872 0.2046 0.0872 -0.3303 -0.3505 -0.2879 -0.1403 0.2396 0.0246 -0.3627 -0.3342 -0.2622 0.0058 0.1731 -0.1476 -0.3602 -0.3134 -0.2078 0.2575 0.1046 -0.3217 -0.3513 -0.2897 -0.1460 0.2443 0.0317 -0.3623 -0.3356 -0.2644 -0.0138 0.1785 -0.1297 -0.3605 -0.3150 -0.2119 0.2505 0.1093 -0.3146 -0.3522 -0.2916 -0.1515 0.2489 0.0386 -0.3617 -0.3370 -0.2666 -0.0351 0.1855 -0.1008 -0.3609 -0.3195 -0.2089
-0.2980 -0.3612 -0.1008 0.1834 -0.0215 -0.2645 -0.3353 -0.3625 0.0290 0.2422 -0.1432 -0.2888 -0.3508 -0.3252 0.1020 0.2607 -0.2055 -0.3125 -0.3600 -0.1578 0.1698 0.0179 -0.2604 -0.3334 -0.3628 0.0204 0.2369 -0.1370 -0.2869 -0.3498 -0.3313 0.0972 0.2651 -0.2014 -0.3108 -0.3595 -0.1755 0.1640 0.0409 -0.2570 -0.3320 -0.3629 0.0125 0.2320 -0.1308 -0.2850 -0.3489 -0.3369 0.0900 0.2708 -0.0841 0.2708 0.0900 -0.3369 -0.3489 -0.2850 -0.1308 0.2320 0.0125 -0.3629 -0.3320 -0.2570 0.0409 0.1640 -0.1755 -0.3595 -0.3108 -0.2014 0.2651 0.0972 -0.3313 -0.3498 -0.2869 -0.1370 0.2369 0.0204 -0.3628 -0.3334 -0.2604 0.0179 0.1698 -0.1578 -0.3600 -0.3125 -0.2055 0.2607 0.1020 -0.3252 -0.3508 -0.2888 -0.1432 0.2422 0.0290 -0.3625 -0.3353 -0.2645 -0.0215 0.1834 -0.1008 -0.3612 -0.2980
-0.3444 -0.0850 0.1855 -0.0215 -0.2637 -0.3343 -0.3628 0.0206 0.2361 -0.1352 -0.2862 -0.3493 -0.3339 0.0948 0.2668 -0.1992 -0.3098 -0.3593 -0.1852 0.1609 0.0545 -0.2545 -0.3312 -0.3628 0.0079 0.2292 -0.1271 -0.2840 -0.3482 -0.3392 0.0897 0.2691 -0.1949 -0.3081 -0.3588 -0.2023 0.1555 0.0798 -0.2503 -0.3297 -0.3627 -0.0010 0.2242 -0.1203 -0.2821 -0.3472 -0.3435 0.0843 0.2703 -0.1802 -0.2707 -0.1802 0.2703 0.0843 -0.3435 -0.3472 -0.2821 -0.1203 0.2242 -0.0010 -0.3627 -0.3297 -0.2503 0.0798 0.1555 -0.2023 -0.3588 -0.3081 -0.1949 0.2691 0.0897 -0.3392 -0.3482 -0.2840 -0.1271 0.2292 0.0079 -0.3628 -0.3312 -0.2545 0.0545 0.1609 -0.1852 -0.3593 -0.3098 -0.1992 0.2668 0.0948 -0.3339 -0.3493 -0.2862 -0.1352 0.2361 0.0206 -0.3628 -0.3343 -0.2637 -0.0215 0.1855 -0.0850 -0.3444
-0.0821 0.1913 -0.0351 -0.2645 -0.3343 -0.3629 0.0155 0.2317 -0.1284 -0.2839 -0.3479 -0.3406 0.0878 0.2697 -0.1929 -0.3072 -0.3585 -0.2111 0.1526 0.0940 -0.2480 -0.3289 -0.3626 -0.0063 0.2214 -0.1162 -0.2811 -0.3466 -0.3456 0.0820 0.2702 -0.1883 -0.3054 -0.3580 -0.2272 0.1473 0.1195 -0.2437 -0.3274 -0.3624 -0.0164 0.2163 -0.1086 -0.2792 -0.3454 -0.3491 0.0769 0.2695 -0.1822 -0.3007 -0.3462 -0.3007 -0.1822 0.2695 0.0769 -0.3491 -0.3454 -0.2792 -0.1086 0.2163 -0.0164 -0.3624 -0.3274 -0.2437 0.1195 0.1473 -0.2272 -0.3580 -0.3054 -0.1883 0.2702 0.0820 -0.3456 -0.3466 -0.2811 -0.1162 0.2214 -0.0063 -0.3626 -0.3289 -0.2480 0.0940 0.1526 -0.2111 -0.3585 -0.3072 -0.1929 0.2697 0.0878 -0.3406 -0.3479 -0.2839 -0.1284 0.2317 0.0155 -0.3629 -0.3343 -0.2645 -0.0351 0.1913 -0.0821
0.1947 -0.0546 -0.2666 -0.3353 -0.3628 0.0155 0.2301 -0.1243 -0.2824 -0.3468 -0.3453 0.0816 0.2701 -0.1869 -0.3047 -0.3576 -0.2344 0.1447 0.1324 -0.2415 -0.3266 -0.3623 -0.0223 0.2135 -0.1040 -0.2782 -0.3448 -0.3508 0.0741 0.2689 -0.1815 -0.3027 -0.3570 -0.2496 0.1394 0.1566 -0.2373 -0.3250 -0.3621 -0.0340 0.2086 -0.0953 -0.2763 -0.3436 -0.3535 0.0689 0.2670 -0.1767 -0.3004 -0.3622 -0.3763 -0.3622 -0.3004 -0.1767 0.2670 0.0689 -0.3535 -0.3436 -0.2763 -0.0953 0.2086 -0.0340 -0.3621 -0.3250 -0.2373 0.1566 0.1394 -0.2496 -0.3570 -0.3027 -0.1815 0.2689 0.0741 -0.3508 -0.3448 -0.2782 -0.1040 0.2135 -0.0223 -0.3623 -0.3266 -0.2415 0.1324 0.1447 -0.2344 -0.3576 -0.3047 -0.1869 0.2701 0.0816 -0.3453 -0.3468 -0.2824 -0.1243 0.2301 0.0155 -0.3628 -0.3353 -0.2666 -0.0546 0.1947
-0.0699 -0.2693 -0.3370 -0.3625 0.0206 0.2317 -0.1243 -0.2818 -0.3462 -0.3481 0.0767 0.2692 -0.1815 -0.3024 -0.3568 -0.2543 0.1374 0.1665 -0.2353 -0.3243 -0.3620 -0.0404 0.2059 -0.0902 -0.2752 -0.3430 -0.3549 0.0659 0.2657 -0.1745 -0.3000 -0.3560 -0.2695 0.1317 0.1888 -0.2309 -0.3226 -0.3618 -0.0541 0.2010 -0.0800 -0.2733 -0.3417 -0.3570 0.0605 0.2629 -0.1698 -0.2981 -0.3559 -0.3015 0.0295 -0.3015 -0.3559 -0.2981 -0.1698 0.2629 0.0605 -0.3570 -0.3417 -0.2733 -0.0800 0.2010 -0.0541 -0.3618 -0.3226 -0.2309 0.1888 0.1317 -0.2695 -0.3560 -0.3000 -0.1745 0.2657 0.0659 -0.3549 -0.3430 -0.2752 -0.0902 0.2059 -0.0404 -0.3620 -0.3243 -0.2353 0.1665 0.1374 -0.2543 -0.3568 -0.3024 -0.1815 0.2692 0.0767 -0.3481 -0.3462 -0.2818 -0.1243 0.2317 0.0206 -0.3625 -0.3370 -0.2693 -0.0699
-0.2466 -0.3391 -0.3617 0.0290 0.2361 -0.1284 -0.2824 -0.3462 -0.3491 0.0740 0.2680 -0.1774 -0.3005 -0.3559 -0.2704 0.1307 0.1942 -0.2294 -0.3219 -0.3617 -0.0608 0.1986 -0.0745 -0.2723 -0.3411 -0.3579 0.0574 0.2611 -0.1672 -0.2972 -0.3548 -0.2869 0.1242 0.2150 -0.2245 -0.3201 -0.3615 -0.0769 0.1936 -0.0619 -0.2704 -0.3398 -0.3595 0.0516 0.2575 -0.1623 -0.2954 -0.3542 -0.3004 0.1062 0.2252 0.1062 -0.3004 -0.3542 -0.2954 -0.1623 0.2575 0.0516 -0.3595 -0.3398 -0.2704 -0.0619 0.1936 -0.0769 -0.3615 -0.3201 -0.2245 0.2150 0.1242 -0.2869 -0.3548 -0.2972 -0.1672 0.2611 0.0574 -0.3579 -0.3411 -0.2723 -0.0745 0.1986 -0.0608 -0.3617 -0.3219 -0.2294 0.1942 0.1307 -0.2704 -0.3559 -0.3005 -0.1774 0.2680 0.0740 -0.3491 -0.3462 -0.2824 -0.1284 0.2361 0.0290 -0.3617 -0.3391 -0.2466
-0.3188 -0.3603 0.0386 0.2422 -0.1352 -0.2839 -0.3468 -0.3481 0.0740 0.2675 -0.1751 -0.2993 -0.3553 -0.2821 0.1252 0.2149 -0.2240 -0.3197 -0.3614 -0.0829 0.1916 -0.0560 -0.2695 -0.3391 -0.3601 0.0485 0.2555 -0.1597 -0.2944 -0.3536 -0.3018 0.1167 0.2354 -0.2182 -0.3176 -0.3610 -0.1022 0.1863 -0.0402 -0.2674 -0.3377 -0.3613 0.0421 0.2513 -0.1544 -0.2926 -0.3528 -0.3109 0.1094 0.2641 -0.1219 0.2641 0.1094 -0.3109 -0.3528 -0.2926 -0.1544 0.2513 0.0421 -0.3613 -0.3377 -0.2674 -0.0402 0.1863 -0.1022 -0.3610 -0.3176 -0.2182 0.2354 0.1167 -0.3018 -0.3536 -0.2944 -0.1597 0.2555 0.0485 -0.3601 -0.3391 -0.2695 -0.0560 0.1916 -0.0829 -0.3614 -0.3197 -0.2240 0.2149 0.1252 -0.2821 -0.3553 -0.2993 -0.1751 0.2675 0.0740 -0.3481 -0.3468 -0.2839 -0.1352 0.2422 0.0386 -0.3603 -0.3188
-0.3461 0.0483 0.2489 -0.1432 -0.2862 -0.3479 -0.3453 0.0767 0.2680 -0.1751 -0.2988 -0.3549 -0.2892 0.1211 0.2287 -0.2194 -0.3177 -0.3610 -0.1055 0.1850 -0.0347 -0.2666 -0.3372 -0.3616 0.0390 0.2492 -0.1518 -0.2916 -0.3523 -0.3144 0.1094 0.2504 -0.2119 -0.3150 -0.3605 -0.1295 0.1786 -0.0141 -0.2644 -0.3356 -0.3623 0.0318 0.2444 -0.1461 -0.2897 -0.3513 -0.3217 0.1041 0.2602 -0.1982 -0.2790 -0.1982 0.2602 0.1041 -0.3217 -0.3513 -0.2897 -0.1461 0.2444 0.0318 -0.3623 -0.3356 -0.2644 -0.0141 0.1786 -0.1295 -0.3605 -0.3150 -0.2119 0.2504 0.1094 -0.3144 -0.3523 -0.2916 -0.1518 0.2492 0.0390 -0.3616 -0.3372 -0.2666 -0.0347 0.1850 -0.1055 -0.3610 -0.3177 -0.2194 0.2287 0.1211 -0.2892 -0.3549 -0.2988 -0.1751 0.2680 0.0767 -0.3453 -0.3479 -0.2862 -0.1432 0.2489 0.0483 -0.3461
0.0490 0.2554 -0.1515 -0.2888 -0.3493 -0.3406 0.0816 0.2692 -0.1774 -0.2993 -0.3549 -0.2916 0.1190 0.2364 -0.2161 -0.3161 -0.3606 -0.1265 0.1788 -0.0115 -0.2639 -0.3352 -0.3625 0.0289 0.2423 -0.1435 -0.2889 -0.3509 -0.3249 0.1022 0.2605 -0.2056 -0.3125 -0.3600 -0.1575 0.1698 0.0175 -0.2604 -0.3335 -0.3628 0.0205 0.2370 -0.1370 -0.2869 -0.3498 -0.3312 0.0971 0.2654 -0.1998 -0.3084 -0.3528 -0.3084 -0.1998 0.2654 0.0971 -0.3312 -0.3498 -0.2869 -0.1370 0.2370 0.0205 -0.3628 -0.3335 -0.2604 0.0175 0.1698 -0.1575 -0.3600 -0.3125 -0.2056 0.2605 0.1022 -0.3249 -0.3509 -0.2889 -0.1435 0.2423 0.0289 -0.3625 -0.3352 -0.2639 -0.0115 0.1788 -0.1265 -0.3606 -0.3161 -0.2161 0.2364 0.1190 -0.2916 -0.3549 -0.2993 -0.1774 0.2692 0.0816 -0.3406 -0.3493 -0.2888 -0.1515 0.2554 0.0490
0.2557 -0.1595 -0.2916 -0.3508 -0.3339 0.0878 0.2701 -0.1815 -0.3005 -0.3553 -0.2892 0.1190 0.2388 -0.2143 -0.3151 -0.3603 -0.1434 0.1728 0.0120 -0.2609 -0.3333 -0.3629 0.0183 0.2353 -0.1347 -0.2861 -0.3494 -0.3337 0.0950 0.2667 -0.1994 -0.3099 -0.3593 -0.1848 0.1611 0.0541 -0.2546 -0.3312 -0.3628 0.0079 0.2293 -0.1272 -0.2840 -0.3483 -0.3391 0.0897 0.2691 -0.1946 -0.3077 -0.3656 -0.3684 -0.3656 -0.3077 -0.1946 0.2691 0.0897 -0.3391 -0.3483 -0.2840 -0.1272 0.2293 0.0079 -0.3628 -0.3312 -0.2546 0.0541 0.1611 -0.1848 -0.3593 -0.3099 -0.1994 0.2667 0.0950 -0.3337 -0.3494 -0.2861 -0.1347 0.2353 0.0183 -0.3629 -0.3333 -0.2609 0.0120 0.1728 -0.1434 -0.3603 -0.3151 -0.2143 0.2388 0.1190 -0.2892 -0.3553 -0.3005 -0.1815 0.2701 0.0878 -0.3339 -0.3508 -0.2916 -0.1595 0.2557
-0.1575 -0.2944 -0.3522 -0.3252 0.0948 0.2697 -0.1869 -0.3024 -0.3559 -0.2821 0.1211 0.2364 -0.2143 -0.3147 -0.3601 -0.1544 0.1683 0.0327 -0.2571 -0.3317 -0.3628 0.0077 0.2285 -0.1256 -0.2834 -0.3478 -0.3409 0.0877 0.2696 -0.1930 -0.3073 -0.3585 -0.2103 0.1528 0.0930 -0.2481 -0.3290 -0.3626 -0.0061 0.2214 -0.1163 -0.2811 -0.3466 -0.3456 0.0820 0.2702 -0.1883 -0.3053 -0.3587 -0.2569 0.0542 -0.2569 -0.3587 -0.3053 -0.1883 0.2702 0.0820 -0.3456 -0.3466 -0.2811 -0.1163 0.2214 -0.0061 -0.3626 -0.3290 -0.2481 0.0930 0.1528 -0.2103 -0.3585 -0.3073 -0.1930 0.2696 0.0877 -0.3409 -0.3478 -0.2834 -0.1256 0.2285 0.0077 -0.3628 -0.3317 -0.2571 0.0327 0.1683 -0.1544 -0.3601 -0.3147 -0.2143 0.2364 0.1211 -0.2821 -0.3559 -0.3024 -0.1869 0.2697 0.0948 -0.3252 -0.3522 -0.2944 -0.1575
-0.2726 -0.3536 -0.3146 0.1020 0.2668 -0.1929 -0.3047 -0.3568 -0.2704 0.1252 0.2287 -0.2161 -0.3151 -0.3601 -0.1582 0.1660 0.0467 -0.2539 -0.3304 -0.3627 -0.0023 0.2224 -0.1166 -0.2809 -0.3463 -0.3466 0.0804 0.2700 -0.1866 -0.3047 -0.3577 -0.2338 0.1450 0.1311 -0.2417 -0.3267 -0.3623 -0.0220 0.2137 -0.1042 -0.2782 -0.3448 -0.3508 0.0742 0.2689 -0.1815 -0.3027 -0.3572 -0.2549 0.1247 0.2446 0.1247 -0.2549 -0.3572 -0.3027 -0.1815 0.2689 0.0742 -0.3508 -0.3448 -0.2782 -0.1042 0.2137 -0.0220 -0.3623 -0.3267 -0.2417 0.1311 0.1450 -0.2338 -0.3577 -0.3047 -0.1866 0.2700 0.0804 -0.3466 -0.3463 -0.2809 -0.1166 0.2224 -0.0023 -0.3627 -0.3304 -0.2539 0.0467 0.1660 -0.1582 -0.3601 -0.3151 -0.2161 0.2287 0.1252 -0.2704 -0.3568 -0.3047 -0.1929 0.2668 0.1020 -0.3146 -0.3536 -0.2726
-0.3346 -0.3020 0.1093 0.2607 -0.1992 -0.3072 -0.3576 -0.2543 0.1307 0.2149 -0.2194 -0.3161 -0.3603 -0.1544 0.1660 0.0516 -0.2522 -0.3295 -0.3625 -0.0108 0.2173 -0.1081 -0.2787 -0.3449 -0.3509 0.0733 0.2685 -0.1802 -0.3021 -0.3568 -0.2549 0.1374 0.1659 -0.2355 -0.3243 -0.3621 -0.0398 0.2062 -0.0906 -0.2753 -0.3430 -0.3548 0.0661 0.2657 -0.1745 -0.3000 -0.3560 -0.2704 0.1289 0.2308 -0.1506 0.2308 0.1289 -0.2704 -0.3560 -0.3000 -0.1745 0.2657 0.0661 -0.3548 -0.3430 -0.2753 -0.0906 0.2062 -0.0398 -0.3621 -0.3243 -0.2355 0.1659 0.1374 -0.2549 -0.3568 -0.3021 -0.1802 0.2685 0.0733 -0.3509 -0.3449 -0.2787 -0.1081 0.2173 -0.0108 -0.3625 -0.3295 -0.2522 0.0516 0.1660 -0.1544 -0.3603 -0.3161 -0.2194 0.2149 0.1307 -0.2543 -0.3576 -0.3072 -0.1992 0.2607 0.1093 -0.3020 -0.3346
-0.2907 0.1169 0.2505 -0.2055 -0.3098 -0.3585 -0.2344 0.1374 0.1942 -0.2240 -0.3177 -0.3606 -0.1434 0.1683 0.0467 -0.2522 -0.3292 -0.3624 -0.0164 0.2138 -0.1010 -0.2769 -0.3436 -0.3541 0.0668 0.2657 -0.1740 -0.2996 -0.3558 -0.2732 0.1300 0.1956 -0.2293 -0.3220 -0.3617 -0.0601 0.1989 -0.0750 -0.2725 -0.3411 -0.3578 0.0577 0.2612 -0.1673 -0.2972 -0.3548 -0.2869 0.1237 0.2215 -0.2155 -0.2873 -0.2155 0.2215 0.1237 -0.2869 -0.3548 -0.2972 -0.1673 0.2612 0.0577 -0.3578 -0.3411 -0.2725 -0.0750 0.1989 -0.0601 -0.3617 -0.3220 -0.2293 0.1956 0.1300 -0.2732 -0.3558 -0.2996 -0.1740 0.2657 0.0668 -0.3541 -0.3436 -0.2769 -0.1010 0.2138 -0.0164 -0.3624 -0.3292 -0.2522 0.0467 0.1683 -0.1434 -0.3606 -0.3177 -0.2240 0.1942 0.1374 -0.2344 -0.3585 -0.3098 -0.2055 0.2505 0.1169 -0.2907
0.1189 0.2355 -0.2119 -0.3125 -0.3593 -0.2111 0.1447 0.1665 -0.2294 -0.3197 -0.3610 -0.1265 0.1728 0.0327 -0.2539 -0.3295 -0.3624 -0.0184 0.2119 -0.0963 -0.2755 -0.3426 -0.3562 0.0610 0.2624 -0.1682 -0.2973 -0.3547 -0.2885 0.1231 0.2193 -0.2232 -0.3196 -0.3614 -0.0829 0.1917 -0.0566 -0.2696 -0.3392 -0.3601 0.0489 0.2557 -0.1599 -0.2945 -0.3536 -0.3016 0.1168 0.2363 -0.2167 -0.3159 -0.3590 -0.3159 -0.2167 0.2363 0.1168 -0.3016 -0.3536 -0.2945 -0.1599 0.2557 0.0489 -0.3601 -0.3392 -0.2696 -0.0566 0.1917 -0.0829 -0.3614 -0.3196 -0.2232 0.2193 0.1231 -0.2885 -0.3547 -0.2973 -0.1682 0.2624 0.0610 -0.3562 -0.3426 -0.2755 -0.0963 0.2119 -0.0184 -0.3624 -0.3295 -0.2539 0.0327 0.1728 -0.1265 -0.3610 -0.3197 -0.2294 0.1665 0.1447 -0.2111 -0.3593 -0.3125 -0.2119 0.2355 0.1189
0.2083 -0.2182 -0.3150 -0.3600 -0.1852 0.1526 0.1324 -0.2353 -0.3219 -0.3614 -0.1055 0.1788 0.0120 -0.2571 -0.3304 -0.3625 -0.0164 0.2119 -0.0946 -0.2749 -0.3419 -0.3575 0.0564 0.2593 -0.1632 -0.2952 -0.3538 -0.3008 0.1166 0.2368 -0.2174 -0.3172 -0.3609 -0.1079 0.1847 -0.0346 -0.2667 -0.3372 -0.3616 0.0394 0.2494 -0.1521 -0.2917 -0.3523 -0.3140 0.1096 0.2502 -0.2117 -0.3148 -0.3681 -0.3532 -0.3681 -0.3148 -0.2117 0.2502 0.1096 -0.3140 -0.3523 -0.2917 -0.1521 0.2494 0.0394 -0.3616 -0.3372 -0.2667 -0.0346 0.1847 -0.1079 -0.3609 -0.3172 -0.2174 0.2368 0.1166 -0.3008 -0.3538 -0.2952 -0.1632 0.2593 0.0564 -0.3575 -0.3419 -0.2749 -0.0946 0.2119 -0.0164 -0.3625 -0.3304 -0.2571 0.0120 0.1788 -0.1055 -0.3614 -0.3219 -0.2353 0.1324 0.1526 -0.1852 -0.3600 -0.3150 -0.2182 0.2083
-0.2062 -0.3176 -0.3605 -0.1578 0.1609 0.0940 -0.2415 -0.3243 -0.3617 -0.0829 0.1850 -0.0115 -0.2609 -0.3317 -0.3627 -0.0108 0.2138 -0.0963 -0.2749 -0.3417 -0.3581 0.0535 0.2568 -0.1592 -0.2936 -0.3529 -0.3104 0.1109 0.2491 -0.2120 -0.3149 -0.3605 -0.1337 0.1771 -0.0082 -0.2638 -0.3352 -0.3625 0.0292 0.2426 -0.1438 -0.2890 -0.3509 -0.3245 0.1025 0.2602 -0.2058 -0.3125 -0.3608 -0.1941 0.0752 -0.1941 -0.3608 -0.3125 -0.2058 0.2602 0.1025 -0.3245 -0.3509 -0.2890 -0.1438 0.2426 0.0292 -0.3625 -0.3352 -0.2638 -0.0082 0.1771 -0.1337 -0.3605 -0.3149 -0.2120 0.2491 0.1109 -0.3104 -0.3529 -0.2936 -0.1592 0.2568 0.0535 -0.3581 -0.3417 -0.2749 -0.0963 0.2138 -0.0108 -0.3627 -0.3317 -0.2609 -0.0115 0.1850 -0.0829 -0.3617 -0.3243 -0.2415 0.0940 0.1609 -0.1578 -0.3605 -0.3176 -0.2062
-0.2965 -0.3611 -0.1297 0.1698 0.0545 -0.2480 -0.3266 -0.3620 -0.0608 0.1916 -0.0347 -0.2639 -0.3333 -0.3628 -0.0023 0.2173 -0.1010 -0.2755 -0.3419 -0.3581 0.0524 0.2555 -0.1566 -0.2924 -0.3522 -0.3173 0.1061 0.2571 -0.2071 -0.3128 -0.3599 -0.1584 0.1691 0.0221 -0.2597 -0.3330 -0.3629 0.0180 0.2353 -0.1349 -0.2862 -0.3495 -0.3334 0.0953 0.2665 -0.1996 -0.3100 -0.3595 -0.1908 0.1439 0.2601 0.1439 -0.1908 -0.3595 -0.3100 -0.1996 0.2665 0.0953 -0.3334 -0.3495 -0.2862 -0.1349 0.2353 0.0180 -0.3629 -0.3330 -0.2597 0.0221 0.1691 -0.1584 -0.3599 -0.3128 -0.2071 0.2571 0.1061 -0.3173 -0.3522 -0.2924 -0.1566 0.2555 0.0524 -0.3581 -0.3419 -0.2755 -0.1010 0.2173 -0.0023 -0.3628 -0.3333 -0.2639 -0.0347 0.1916 -0.0608 -0.3620 -0.3266 -0.2480 0.0545 0.1698 -0.1297 -0.3611 -0.2965
-0.3440 -0.1025 0.1785 0.0179 -0.2545 -0.3289 -0.3623 -0.0404 0.1986 -0.0560 -0.2666 -0.3352 -0.3629 0.0077 0.2224 -0.1081 -0.2769 -0.3426 -0.3575 0.0535 0.2555 -0.1557 -0.2918 -0.3517 -0.3217 0.1025 0.2620 -0.2030 -0.3109 -0.3594 -0.1806 0.1616 0.0544 -0.2541 -0.3309 -0.3628 0.0057 0.2278 -0.1252 -0.2834 -0.3479 -0.3407 0.0880 0.2696 -0.1933 -0.3074 -0.3586 -0.2108 0.1497 0.1569 -0.1756 0.1569 0.1497 -0.2108 -0.3586 -0.3074 -0.1933 0.2696 0.0880 -0.3407 -0.3479 -0.2834 -0.1252 0.2278 0.0057 -0.3628 -0.3309 -0.2541 0.0544 0.1616 -0.1806 -0.3594 -0.3109 -0.2030 0.2620 0.1025 -0.3217 -0.3517 -0.2918 -0.1557 0.2555 0.0535 -0.3575 -0.3426 -0.2769 -0.1081 0.2224 0.0077 -0.3629 -0.3352 -0.2666 -0.0560 0.1986 -0.0404 -0.3623 -0.3289 -0.2545 0.0179 0.1785 -0.1025 -0.3440
-0.0973 0.1866 -0.0138 -0.2604 -0.3312 -0.3626 -0.0223 0.2059 -0.0745 -0.2695 -0.3372 -0.3625 0.0183 0.2285 -0.1166 -0.2787 -0.3436 -0.3562 0.0564 0.2568 -0.1566 -0.2918 -0.3516 -0.3239 0.1002 0.2647 -0.1999 -0.3095 -0.3590 -0.1991 0.1553 0.0858 -0.2487 -0.3290 -0.3626 -0.0076 0.2204 -0.1145 -0.2806 -0.3462 -0.3467 0.0805 0.2701 -0.1868 -0.3048 -0.3577 -0.2332 0.1446 0.1405 -0.2331 -0.2957 -0.2331 0.1405 0.1446 -0.2332 -0.3577 -0.3048 -0.1868 0.2701 0.0805 -0.3467 -0.3462 -0.2806 -0.1145 0.2204 -0.0076 -0.3626 -0.3290 -0.2487 0.0858 0.1553 -0.1991 -0.3590 -0.3095 -0.1999 0.2647 0.1002 -0.3239 -0.3516 -0.2918 -0.1566 0.2568 0.0564 -0.3562 -0.3436 -0.2787 -0.1166 0.2285 0.0183 -0.3625 -0.3372 -0.2695 -0.0745 0.2059 -0.0223 -0.3626 -0.3312 -0.2604 -0.0138 0.1866 -0.0973
0.1901 -0.0401 -0.2644 -0.3334 -0.3628 -0.0063 0.2135 -0.0902 -0.2723 -0.3391 -0.3616 0.0289 0.2353 -0.1256 -0.2809 -0.3449 -0.3541 0.0610 0.2593 -0.1592 -0.2924 -0.3517 -0.3239 0.0994 0.2659 -0.1979 -0.3084 -0.3586 -0.2134 0.1501 0.1131 -0.2438 -0.3271 -0.3623 -0.0216 0.2134 -0.1031 -0.2779 -0.3445 -0.3515 0.0728 0.2684 -0.1802 -0.3022 -0.3568 -0.2542 0.1375 0.1667 -0.2342 -0.3235 -0.3648 -0.3235 -0.2342 0.1667 0.1375 -0.2542 -0.3568 -0.3022 -0.1802 0.2684 0.0728 -0.3515 -0.3445 -0.2779 -0.1031 0.2134 -0.0216 -0.3623 -0.3271 -0.2438 0.1131 0.1501 -0.2134 -0.3586 -0.3084 -0.1979 0.2659 0.0994 -0.3239 -0.3517 -0.2924 -0.1592 0.2593 0.0610 -0.3541 -0.3449 -0.2809 -0.1256 0.2353 0.0289 -0.3616 -0.3391 -0.2723 -0.0902 0.2135 -0.0063 -0.3628 -0.3334 -0.2644 -0.0401 0.1901
-0.0586 -0.2674 -0.3356 -0.3628 0.0079 0.2214 -0.1040 -0.2752 -0.3411 -0.3601 0.0390 0.2423 -0.1347 -0.2834 -0.3463 -0.3509 0.0668 0.2624 -0.1632 -0.2936 -0.3522 -0.3217 0.1002 0.2659 -0.1972 -0.3078 -0.3583 -0.2230 0.1463 0.1342 -0.2398 -0.3255 -0.3621 -0.0356 0.2071 -0.0912 -0.2753 -0.3428 -0.3552 0.0649 0.2651 -0.1734 -0.2995 -0.3558 -0.2729 0.1302 0.1950 -0.2292 -0.3218 -0.3695 -0.3269 -0.3695 -0.3218 -0.2292 0.1950 0.1302 -0.2729 -0.3558 -0.2995 -0.1734 0.2651 0.0649 -0.3552 -0.3428 -0.2753 -0.0912 0.2071 -0.0356 -0.3621 -0.3255 -0.2398 0.1342 0.1463 -0.2230 -0.3583 -0.3078 -0.1972 0.2659 0.1002 -0.3217 -0.3522 -0.2936 -0.1632 0.2624 0.0668 -0.3509 -0.3463 -0.2834 -0.1347 0.2423 0.0390 -0.3601 -0.3411 -0.2752 -0.1040 0.2214 0.0079 -0.3628 -0.3356 -0.2674 -0.0586
-0.2446 -0.3377 -0.3623 0.0204 0.2292 -0.1162 -0.2782 -0.3430 -0.3579 0.0485 0.2492 -0.1435 -0.2861 -0.3478 -0.3466 0.0733 0.2657 -0.1682 -0.2952 -0.3529 -0.3173 0.1025 0.2647 -0.1979 -0.3078 -0.3582 -0.2280 0.1440 0.1485 -0.2368 -0.3242 -0.3619 -0.0489 0.2016 -0.0791 -0.2729 -0.3412 -0.3579 0.0571 0.2607 -0.1664 -0.2968 -0.3546 -0.2894 0.1230 0.2190 -0.2233 -0.3196 -0.3621 -0.1182 0.0947 -0.1182 -0.3621 -0.3196 -0.2233 0.2190 0.1230 -0.2894 -0.3546 -0.2968 -0.1664 0.2607 0.0571 -0.3579 -0.3412 -0.2729 -0.0791 0.2016 -0.0489 -0.3619 -0.3242 -0.2368 0.1485 0.1440 -0.2280 -0.3582 -0.3078 -0.1979 0.2647 0.1025 -0.3173 -0.3529 -0.2952 -0.1682 0.2657 0.0733 -0.3466 -0.3478 -0.2861 -0.1435 0.2492 0.0485 -0.3579 -0.3430 -0.2782 -0.1162 0.2292 0.0204 -0.3623 -0.3377 -0.2446
-0.3174 -0.3613 0.0317 0.2369 -0.1271 -0.2811 -0.3448 -0.3549 0.0574 0.2555 -0.1518 -0.2889 -0.3494 -0.3409 0.0804 0.2685 -0.1740 -0.2973 -0.3538 -0.3104 0.1061 0.2620 -0.1999 -0.3084 -0.3583 -0.2280 0.1431 0.1556 -0.2349 -0.3233 -0.3617 -0.0605 0.1971 -0.0674 -0.2707 -0.3397 -0.3598 0.0495 0.2557 -0.1595 -0.2942 -0.3534 -0.3034 0.1158 0.2379 -0.2173 -0.3172 -0.3611 -0.1142 0.1649 0.2659 0.1649 -0.1142 -0.3611 -0.3172 -0.2173 0.2379 0.1158 -0.3034 -0.3534 -0.2942 -0.1595 0.2557 0.0495 -0.3598 -0.3397 -0.2707 -0.0674 0.1971 -0.0605 -0.3617 -0.3233 -0.2349 0.1556 0.1431 -0.2280 -0.3583 -0.3084 -0.1999 0.2620 0.1061 -0.3104 -0.3538 -0.2973 -0.1740 0.2685 0.0804 -0.3409 -0.3494 -0.2889 -0.1518 0.2555 0.0574 -0.3549 -0.3448 -0.2811 -0.1271 0.2369 0.0317 -0.3613 -0.3174
-0.3470 0.0421 0.2443 -0.1370 -0.2840 -0.3466 -0.3508 0.0659 0.2611 -0.1597 -0.2916 -0.3509 -0.3337 0.0877 0.2700 -0.1802 -0.2996 -0.3547 -0.3008 0.1109 0.2571 -0.2030 -0.3095 -0.3586 -0.2230 0.1440 0.1556 -0.2343 -0.3228 -0.3616 -0.0690 0.1938 -0.0571 -0.2690 -0.3383 -0.3610 0.0422 0.2506 -0.1528 -0.2918 -0.3522 -0.3150 0.1088 0.2516 -0.2111 -0.3147 -0.3605 -0.1354 0.1733 0.0494 -0.1988 0.0494 0.1733 -0.1354 -0.3605 -0.3147 -0.2111 0.2516 0.1088 -0.3150 -0.3522 -0.2918 -0.1528 0.2506 0.0422 -0.3610 -0.3383 -0.2690 -0.0571 0.1938 -0.0690 -0.3616 -0.3228 -0.2343 0.1556 0.1440 -0.2230 -0.3586 -0.3095 -0.2030 0.2571 0.1109 -0.3008 -0.3547 -0.2996 -0.1802 0.2700 0.0877 -0.3337 -0.3509 -0.2916 -0.1597 0.2611 0.0659 -0.3508 -0.3466 -0.2840 -0.1370 0.2443 0.0421 -0.3470
0.0428 0.2512 -0.1460 -0.2869 -0.3482 -0.3456 0.0741 0.2657 -0.1672 -0.2944 -0.3523 -0.3249 0.0950 0.2696 -0.1866 -0.3021 -0.3558 -0.2885 0.1166 0.2491 -0.2071 -0.3109 -0.3590 -0.2134 0.1463 0.1485 -0.2349 -0.3228 -0.3616 -0.0736 0.1917 -0.0492 -0.2676 -0.3373 -0.3618 0.0356 0.2457 -0.1465 -0.2895 -0.3510 -0.3243 0.1023 0.2608 -0.2052 -0.3122 -0.3599 -0.1614 0.1678 0.0327 -0.2514 -0.3041 -0.2514 0.0327 0.1678 -0.1614 -0.3599 -0.3122 -0.2052 0.2608 0.1023 -0.3243 -0.3510 -0.2895 -0.1465 0.2457 0.0356 -0.3618 -0.3373 -0.2676 -0.0492 0.1917 -0.0736 -0.3616 -0.3228 -0.2349 0.1485 0.1463 -0.2134 -0.3590 -0.3109 -0.2071 0.2491 0.1166 -0.2885 -0.3558 -0.3021 -0.1866 0.2696 0.0950 -0.3249 -0.3523 -0.2944 -0.1672 0.2657 0.0741 -0.3456 -0.3482 -0.2869 -0.1460 0.2512 0.0428
0.2523 -0.1544 -0.2897 -0.3498 -0.3392 0.0820 0.2689 -0.1745 -0.2972 -0.3536 -0.3144 0.1022 0.2667 -0.1930 -0.3047 -0.3568 -0.2732 0.1231 0.2368 -0.2120 -0.3128 -0.3594 -0.1991 0.1501 0.1342 -0.2368 -0.3233 -0.3616 -0.0736 0.1910 -0.0448 -0.2668 -0.3365 -0.3622 0.0301 0.2415 -0.1407 -0.2875 -0.3499 -0.3317 0.0961 0.2663 -0.1994 -0.3098 -0.3592 -0.1872 0.1600 0.0607 -0.2523 -0.3308 -0.3699 -0.3308 -0.2523 0.0607 0.1600 -0.1872 -0.3592 -0.3098 -0.1994 0.2663 0.0961 -0.3317 -0.3499 -0.2875 -0.1407 0.2415 0.0301 -0.3622 -0.3365 -0.2668 -0.0448 0.1910 -0.0736 -0.3616 -0.3233 -0.2368 0.1342 0.1501 -0.1991 -0.3594 -0.3128 -0.2120 0.2368 0.1231 -0.2732 -0.3568 -0.3047 -0.1930 0.2667 0.1022 -0.3144 -0.3536 -0.2972 -0.1745 0.2689 0.0820 -0.3392 -0.3498 -0.2897 -0.1544 0.2523
-0.1531 -0.2926 -0.3513 -0.3313 0.0897 0.2702 -0.1815 -0.3000 -0.3548 -0.3018 0.1094 0.2605 -0.1994 -0.3073 -0.3577 -0.2549 0.1300 0.2193 -0.2174 -0.3149 -0.3599 -0.1806 0.1553 0.1131 -0.2398 -0.3242 -0.3617 -0.0690 0.1917 -0.0448 -0.2665 -0.3361 -0.3625 0.0261 0.2382 -0.1360 -0.2859 -0.3489 -0.3372 0.0905 0.2691 -0.1941 -0.3076 -0.3585 -0.2109 0.1524 0.0966 -0.2471 -0.3286 -0.3696 -0.2854 -0.3696 -0.3286 -0.2471 0.0966 0.1524 -0.2109 -0.3585 -0.3076 -0.1941 0.2691 0.0905 -0.3372 -0.3489 -0.2859 -0.1360 0.2382 0.0261 -0.3625 -0.3361 -0.2665 -0.0448 0.1917 -0.0690 -0.3617 -0.3242 -0.2398 0.1131 0.1553 -0.1806 -0.3599 -0.3149 -0.2174 0.2193 0.1300 -0.2549 -0.3577 -0.3073 -0.1994 0.2605 0.1094 -0.3018 -0.3548 -0.3000 -0.1815 0.2702 0.0897 -0.3313 -0.3513 -0.2926 -0.1531
-0.2707 -0.3528 -0.3217 0.0972 0.2691 -0.1883 -0.3027 -0.3560 -0.2869 0.1167 0.2504 -0.2056 -0.3099 -0.3585 -0.2338 0.1374 0.1956 -0.2232 -0.3172 -0.3605 -0.1584 0.1616 0.0858 -0.2438 -0.3255 -0.3619 -0.0605 0.1938 -0.0492 -0.2668 -0.3361 -0.3625 0.0240 0.2362 -0.1326 -0.2846 -0.3481 -0.3413 0.0858 0.2701 -0.1892 -0.3055 -0.3578 -0.2316 0.1452 0.1318 -0.2413 -0.3264 -0.3626 -0.0505 0.1134 -0.0505 -0.3626 -0.3264 -0.2413 0.1318 0.1452 -0.2316 -0.3578 -0.3055 -0.1892 0.2701 0.0858 -0.3413 -0.3481 -0.2846 -0.1326 0.2362 0.0240 -0.3625 -0.3361 -0.2668 -0.0492 0.1938 -0.0605 -0.3619 -0.3255 -0.2438 0.0858 0.1616 -0.1584 -0.3605 -0.3172 -0.2232 0.1956 0.1374 -0.2338 -0.3585 -0.3099 -0.2056 0.2504 0.1167 -0.2869 -0.3560 -0.3027 -0.1883 0.2691 0.0972 -0.3217 -0.3528 -0.2707
-0.3336 -0.3104 0.1046 0.2651 -0.1949 -0.3054 -0.3570 -0.2695 0.1242 0.2354 -0.2119 -0.3125 -0.3593 -0.2103 0.1450 0.1659 -0.2293 -0.3196 -0.3609 -0.1337 0.1691 0.0544 -0.2487 -0.3271 -0.3621 -0.0489 0.1971 -0.0571 -0.2676 -0.3365 -0.3625 0.0240 0.2355 -0.1308 -0.2839 -0.3475 -0.3440 0.0819 0.2700 -0.1850 -0.3036 -0.3571 -0.2487 0.1389 0.1621 -0.2358 -0.3243 -0.3621 -0.0465 0.1867 0.2515 0.1867 -0.0465 -0.3621 -0.3243 -0.2358 0.1621 0.1389 -0.2487 -0.3571 -0.3036 -0.1850 0.2700 0.0819 -0.3440 -0.3475 -0.2839 -0.1308 0.2355 0.0240 -0.3625 -0.3365 -0.2676 -0.0571 0.1971 -0.0489 -0.3621 -0.3271 -0.2487 0.0544 0.1691 -0.1337 -0.3609 -0.3196 -0.2293 0.1659 0.1450 -0.2103 -0.3593 -0.3125 -0.2119 0.2354 0.1242 -0.2695 -0.3570 -0.3054 -0.1949 0.2651 0.1046 -0.3104 -0.3336
-0.2988 0.1122 0.2575 -0.2014 -0.3081 -0.3580 -0.2496 0.1317 0.2150 -0.2182 -0.3150 -0.3600 -0.1848 0.1528 0.1311 -0.2355 -0.3220 -0.3614 -0.1079 0.1771 0.0221 -0.2541 -0.3290 -0.3623 -0.0356 0.2016 -0.0674 -0.2690 -0.3373 -0.3622 0.0261 0.2362 -0.1308 -0.2836 -0.3472 -0.3456 0.0793 0.2695 -0.1817 -0.3021 -0.3565 -0.2625 0.1333 0.1865 -0.2307 -0.3223 -0.3617 -0.0613 0.1965 -0.0393 -0.2172 -0.0393 0.1965 -0.0613 -0.3617 -0.3223 -0.2307 0.1865 0.1333 -0.2625 -0.3565 -0.3021 -0.1817 0.2695 0.0793 -0.3456 -0.3472 -0.2836 -0.1308 0.2362 0.0261 -0.3622 -0.3373 -0.2690 -0.0674 0.2016 -0.0356 -0.3623 -0.3290 -0.2541 0.0221 0.1771 -0.1079 -0.3614 -0.3220 -0.2355 0.1311 0.1528 -0.1848 -0.3600 -0.3150 -0.2182 0.2150 0.1317 -0.2496 -0.3580 -0.3081 -0.2014 0.2575 0.1122 -0.2988
0.1140 0.2457 -0.2078 -0.3108 -0.3588 -0.2272 0.1394 0.1888 -0.2245 -0.3176 -0.3605 -0.1575 0.1611 0.0930 -0.2417 -0.3243 -0.3617 -0.0829 0.1847 -0.0082 -0.2597 -0.3309 -0.3626 -0.0216 0.2071 -0.0791 -0.2707 -0.3383 -0.3618 0.0301 0.2382 -0.1326 -0.2839 -0.3472 -0.3461 0.0779 0.2690 -0.1794 -0.3009 -0.3560 -0.2729 0.1287 0.2050 -0.2261 -0.3204 -0.3614 -0.0798 0.1918 -0.0509 -0.2646 -0.3126 -0.2646 -0.0509 0.1918 -0.0798 -0.3614 -0.3204 -0.2261 0.2050 0.1287 -0.2729 -0.3560 -0.3009 -0.1794 0.2690 0.0779 -0.3461 -0.3472 -0.2839 -0.1326 0.2382 0.0301 -0.3618 -0.3383 -0.2707 -0.0791 0.2071 -0.0216 -0.3626 -0.3309 -0.2597 -0.0082 0.1847 -0.0829 -0.3617 -0.3243 -0.2417 0.0930 0.1611 -0.1575 -0.3605 -0.3176 -0.2245 0.1888 0.1394 -0.2272 -0.3588 -0.3108 -0.2078 0.2457 0.1140
0.2220 -0.2141 -0.3134 -0.3595 -0.2023 0.1473 0.1566 -0.2309 -0.3201 -0.3610 -0.1295 0.1698 0.0541 -0.2481 -0.3267 -0.3621 -0.0601 0.1917 -0.0346 -0.2638 -0.3330 -0.3628 -0.0076 0.2134 -0.0912 -0.2729 -0.3397 -0.3610 0.0356 0.2415 -0.1360 -0.2846 -0.3475 -0.3456 0.0779 0.2688 -0.1781 -0.3002 -0.3556 -0.2802 0.1250 0.2183 -0.2222 -0.3187 -0.3611 -0.0987 0.1863 -0.0368 -0.2661 -0.3381 -0.3743 -0.3381 -0.2661 -0.0368 0.1863 -0.0987 -0.3611 -0.3187 -0.2222 0.2183 0.1250 -0.2802 -0.3556 -0.3002 -0.1781 0.2688 0.0779 -0.3456 -0.3475 -0.2846 -0.1360 0.2415 0.0356 -0.3610 -0.3397 -0.2729 -0.0912 0.2134 -0.0076 -0.3628 -0.3330 -0.2638 -0.0346 0.1917 -0.0601 -0.3621 -0.3267 -0.2481 0.0541 0.1698 -0.1295 -0.3610 -0.3201 -0.2309 0.1566 0.1473 -0.2023 -0.3595 -0.3134 -0.2141 0.2220
-0.2030 -0.3160 -0.3602 -0.1755 0.1555 0.1195 -0.2373 -0.3226 -0.3615 -0.1022 0.1786 0.0175 -0.2546 -0.3290 -0.3623 -0.0398 0.1989 -0.0566 -0.2667 -0.3352 -0.3629 0.0057 0.2204 -0.1031 -0.2753 -0.3412 -0.3598 0.0422 0.2457 -0.1407 -0.2859 -0.3481 -0.3440 0.0793 0.2690 -0.1781 -0.3000 -0.3554 -0.2845 0.1225 0.2270 -0.2192 -0.3173 -0.3608 -0.1164 0.1813 -0.0182 -0.2643 -0.3355 -0.3680 -0.2207 -0.3680 -0.3355 -0.2643 -0.0182 0.1813 -0.1164 -0.3608 -0.3173 -0.2192 0.2270 0.1225 -0.2845 -0.3554 -0.3000 -0.1781 0.2690 0.0793 -0.3440 -0.3481 -0.2859 -0.1407 0.2457 0.0422 -0.3598 -0.3412 -0.2753 -0.1031 0.2204 0.0057 -0.3629 -0.3352 -0.2667 -0.0566 0.1989 -0.0398 -0.3623 -0.3290 -0.2546 0.0175 0.1786 -0.1022 -0.3615 -0.3226 -0.2373 0.1195 0.1555 -0.1755 -0.3602 -0.3160 -0.2030
-0.2948 -0.3608 -0.1476 0.1640 0.0798 -0.2437 -0.3250 -0.3618 -0.0769 0.1863 -0.0141 -0.2604 -0.3312 -0.3626 -0.0220 0.2062 -0.0750 -0.2696 -0.3372 -0.3625 0.0180 0.2278 -0.1145 -0.2779 -0.3428 -0.3579 0.0495 0.2506 -0.1465 -0.2875 -0.3489 -0.3413 0.0819 0.2695 -0.1794 -0.3002 -0.3554 -0.2859 0.1212 0.2319 -0.2171 -0.3163 -0.3606 -0.1315 0.1764 0.0011 -0.2623 -0.3338 -0.3628 0.0018 0.1348 0.0018 -0.3628 -0.3338 -0.2623 0.0011 0.1764 -0.1315 -0.3606 -0.3163 -0.2171 0.2319 0.1212 -0.2859 -0.3554 -0.3002 -0.1794 0.2695 0.0819 -0.3413 -0.3489 -0.2875 -0.1465 0.2506 0.0495 -0.3579 -0.3428 -0.2779 -0.1145 0.2278 0.0180 -0.3625 -0.3372 -0.2696 -0.0750 0.2062 -0.0220 -0.3626 -0.3312 -0.2604 -0.0141 0.1863 -0.0769 -0.3618 -0.3250 -0.2437 0.0798 0.1640 -0.1476 -0.3608 -0.2948
-0.3435 -0.1198 0.1731 0.0409 -0.2503 -0.3274 -0.3621 -0.0541 0.1936 -0.0402 -0.2644 -0.3335 -0.3628 -0.0061 0.2137 -0.0906 -0.2725 -0.3392 -0.3616 0.0292 0.2353 -0.1252 -0.2806 -0.3445 -0.3552 0.0571 0.2557 -0.1528 -0.2895 -0.3499 -0.3372 0.0858 0.2700 -0.1817 -0.3009 -0.3556 -0.2845 0.1212 0.2335 -0.2160 -0.3156 -0.3604 -0.1428 0.1720 0.0188 -0.2596 -0.3324 -0.3629 0.0074 0.2120 0.1931 0.2120 0.0074 -0.3629 -0.3324 -0.2596 0.0188 0.1720 -0.1428 -0.3604 -0.3156 -0.2160 0.2335 0.1212 -0.2845 -0.3556 -0.3009 -0.1817 0.2700 0.0858 -0.3372 -0.3499 -0.2895 -0.1528 0.2557 0.0571 -0.3552 -0.3445 -0.2806 -0.1252 0.2353 0.0292 -0.3616 -0.3392 -0.2725 -0.0906 0.2137 -0.0061 -0.3628 -0.3335 -0.2644 -0.0402 0.1936 -0.0541 -0.3621 -0.3274 -0.2503 0.0409 0.1731 -0.1198 -0.3435
-0.1139 0.1818 0.0058 -0.2570 -0.3297 -0.3624 -0.0340 0.2010 -0.0619 -0.2674 -0.3356 -0.3628 0.0079 0.2214 -0.1042 -0.2753 -0.3411 -0.3601 0.0394 0.2426 -0.1349 -0.2834 -0.3462 -0.3515 0.0649 0.2607 -0.1595 -0.2918 -0.3510 -0.3317 0.0905 0.2701 -0.1850 -0.3021 -0.3560 -0.2802 0.1225 0.2319 -0.2160 -0.3154 -0.3603 -0.1498 0.1689 0.0331 -0.2564 -0.3312 -0.3628 0.0014 0.2225 -0.0992 -0.2332 -0.0992 0.2225 0.0014 -0.3628 -0.3312 -0.2564 0.0331 0.1689 -0.1498 -0.3603 -0.3154 -0.2160 0.2319 0.1225 -0.2802 -0.3560 -0.3021 -0.1850 0.2701 0.0905 -0.3317 -0.3510 -0.2918 -0.1595 0.2607 0.0649 -0.3515 -0.3462 -0.2834 -0.1349 0.2426 0.0394 -0.3601 -0.3411 -0.2753 -0.1042 0.2214 0.0079 -0.3628 -0.3356 -0.2674 -0.0619 0.2010 -0.0340 -0.3624 -0.3297 -0.2570 0.0058 0.1818 -0.1139
0.1853 -0.0238 -0.2622 -0.3320 -0.3627 -0.0164 0.2086 -0.0800 -0.2704 -0.3377 -0.3623 0.0205 0.2293 -0.1163 -0.2782 -0.3430 -0.3578 0.0489 0.2494 -0.1438 -0.2862 -0.3479 -0.3467 0.0728 0.2651 -0.1664 -0.2942 -0.3522 -0.3243 0.0961 0.2691 -0.1892 -0.3036 -0.3565 -0.2729 0.1250 0.2270 -0.2171 -0.3156 -0.3603 -0.1521 0.1674 0.0423 -0.2542 -0.3303 -0.3626 -0.0057 0.2195 -0.1085 -0.2752 -0.3225 -0.2752 -0.1085 0.2195 -0.0057 -0.3626 -0.3303 -0.2542 0.0423 0.1674 -0.1521 -0.3603 -0.3156 -0.2171 0.2270 0.1250 -0.2729 -0.3565 -0.3036 -0.1892 0.2691 0.0961 -0.3243 -0.3522 -0.2942 -0.1664 0.2651 0.0728 -0.3467 -0.3479 -0.2862 -0.1438 0.2494 0.0489 -0.3578 -0.3430 -0.2782 -0.1163 0.2293 0.0205 -0.3623 -0.3377 -0.2704 -0.0800 0.2086 -0.0164 -0.3627 -0.3320 -0.2622 -0.0238 0.1853
-0.0457 -0.2655 -0.3342 -0.3629 -0.0010 0.2163 -0.0953 -0.2733 -0.3398 -0.3613 0.0318 0.2370 -0.1272 -0.2811 -0.3448 -0.3548 0.0577 0.2557 -0.1521 -0.2890 -0.3495 -0.3407 0.0805 0.2684 -0.1734 -0.2968 -0.3534 -0.3150 0.1023 0.2663 -0.1941 -0.3055 -0.3571 -0.2625 0.1287 0.2183 -0.2192 -0.3163 -0.3604 -0.1498 0.1674 0.0455 -0.2530 -0.3297 -0.3625 -0.0118 0.2161 -0.1045 -0.2771 -0.3464 -0.3779 -0.3464 -0.2771 -0.1045 0.2161 -0.0118 -0.3625 -0.3297 -0.2530 0.0455 0.1674 -0.1498 -0.3604 -0.3163 -0.2192 0.2183 0.1287 -0.2625 -0.3571 -0.3055 -0.1941 0.2663 0.1023 -0.3150 -0.3534 -0.2968 -0.1734 0.2684 0.0805 -0.3407 -0.3495 -0.2890 -0.1521 0.2557 0.0577 -0.3548 -0.3448 -0.2811 -0.1272 0.2370 0.0318 -0.3613 -0.3398 -0.2733 -0.0953 0.2163 -0.0010 -0.3629 -0.3342 -0.2655 -0.0457
-0.2426 -0.3364 -0.3627 0.0125 0.2242 -0.1086 -0.2763 -0.3417 -0.3595 0.0421 0.2444 -0.1370 -0.2840 -0.3466 -0.3508 0.0661 0.2612 -0.1599 -0.2917 -0.3509 -0.3334 0.0880 0.2701 -0.1802 -0.2995 -0.3546 -0.3034 0.1088 0.2608 -0.1994 -0.3076 -0.3578 -0.2487 0.1333 0.2050 -0.2222 -0.3173 -0.3606 -0.1428 0.1689 0.0423 -0.2530 -0.3295 -0.3625 -0.0157 0.2136 -0.0997 -0.2763 -0.3434 -0.3610 -0.1187 -0.3610 -0.3434 -0.2763 -0.0997 0.2136 -0.0157 -0.3625 -0.3295 -0.2530 0.0423 0.1689 -0.1428 -0.3606 -0.3173 -0.2222 0.2050 0.1333 -0.2487 -0.3578 -0.3076 -0.1994 0.2608 0.1088 -0.3034 -0.3546 -0.2995 -0.1802 0.2701 0.0880 -0.3334 -0.3509 -0.2917 -0.1599 0.2612 0.0661 -0.3508 -0.3466 -0.2840 -0.1370 0.2444 0.0421 -0.3595 -0.3417 -0.2763 -0.1086 0.2242 0.0125 -0.3627 -0.3364 -0.2426
-0.3160 -0.3621 0.0246 0.2320 -0.1203 -0.2792 -0.3436 -0.3570 0.0516 0.2513 -0.1461 -0.2869 -0.3483 -0.3456 0.0742 0.2657 -0.1673 -0.2945 -0.3523 -0.3245 0.0953 0.2696 -0.1868 -0.3022 -0.3558 -0.2894 0.1158 0.2516 -0.2052 -0.3098 -0.3585 -0.2316 0.1389 0.1865 -0.2261 -0.3187 -0.3608 -0.1315 0.1720 0.0331 -0.2542 -0.3297 -0.3625 -0.0171 0.2124 -0.0964 -0.2754 -0.3424 -0.3573 0.0456 0.1642 0.0456 -0.3573 -0.3424 -0.2754 -0.0964 0.2124 -0.0171 -0.3625 -0.3297 -0.2542 0.0331 0.1720 -0.1315 -0.3608 -0.3187 -0.2261 0.1865 0.1389 -0.2316 -0.3585 -0.3098 -0.2052 0.2516 0.1158 -0.2894 -0.3558 -0.3022 -0.1868 0.2696 0.0953 -0.3245 -0.3523 -0.2945 -0.1673 0.2657 0.0742 -0.3456 -0.3483 -0.2869 -0.1461 0.2513 0.0516 -0.3570 -0.3436 -0.2792 -0.1203 0.2320 0.0246 -0.3621 -0.3160
-0.3476 0.0356 0.2396 -0.1308 -0.2821 -0.3454 -0.3535 0.0605 0.2575 -0.1544 -0.2897 -0.3498 -0.3391 0.0820 0.2689 -0.1745 -0.2972 -0.3536 -0.3140 0.1025 0.2665 -0.1933 -0.3048 -0.3568 -0.2729 0.1230 0.2379 -0.2111 -0.3122 -0.3592 -0.2109 0.1452 0.1621 -0.2307 -0.3204 -0.3611 -0.1164 0.1764 0.0188 -0.2564 -0.3303 -0.3625 -0.0157 0.2124 -0.0953 -0.2749 -0.3419 -0.3578 0.0530 0.2463 0.0481 0.2463 0.0530 -0.3578 -0.3419 -0.2749 -0.0953 0.2124 -0.0157 -0.3625 -0.3303 -0.2564 0.0188 0.1764 -0.1164 -0.3611 -0.3204 -0.2307 0.1621 0.1452 -0.2109 -0.3592 -0.3122 -0.2111 0.2379 0.1230 -0.2729 -0.3568 -0.3048 -0.1933 0.2665 0.1025 -0.3140 -0.3536 -0.2972 -0.1745 0.2689 0.0820 -0.3391 -0.3498 -0.2897 -0.1544 0.2575 0.0605 -0.3535 -0.3454 -0.2821 -0.1308 0.2396 0.0356 -0.3476
0.0363 0.2468 -0.1403 -0.2850 -0.3472 -0.3491 0.0689 0.2629 -0.1623 -0.2926 -0.3513 -0.3312 0.0897 0.2702 -0.1815 -0.3000 -0.3548 -0.3016 0.1096 0.2602 -0.1996 -0.3074 -0.3577 -0.2542 0.1302 0.2190 -0.2173 -0.3147 -0.3599 -0.1872 0.1524 0.1318 -0.2358 -0.3223 -0.3614 -0.0987 0.1813 0.0011 -0.2596 -0.3312 -0.3626 -0.0118 0.2136 -0.0964 -0.2749 -0.3418 -0.3581 0.0526 0.2548 -0.1454 -0.2536 -0.1454 0.2548 0.0526 -0.3581 -0.3418 -0.2749 -0.0964 0.2136 -0.0118 -0.3626 -0.3312 -0.2596 0.0011 0.1813 -0.0987 -0.3614 -0.3223 -0.2358 0.1318 0.1524 -0.1872 -0.3599 -0.3147 -0.2173 0.2190 0.1302 -0.2542 -0.3577 -0.3074 -0.1996 0.2602 0.1096 -0.3016 -0.3548 -0.3000 -0.1815 0.2702 0.0897 -0.3312 -0.3513 -0.2926 -0.1623 0.2629 0.0689 -0.3491 -0.3472 -0.2850 -0.1403 0.2468 0.0363
0.2485 -0.1490 -0.2879 -0.3489 -0.3435 0.0769 0.2670 -0.1698 -0.2954 -0.3528 -0.3217 0.0971 0.2691 -0.1883 -0.3027 -0.3560 -0.2869 0.1168 0.2502 -0.2058 -0.3100 -0.3586 -0.2332 0.1375 0.1950 -0.2233 -0.3172 -0.3605 -0.1614 0.1600 0.0966 -0.2413 -0.3243 -0.3617 -0.0798 0.1863 -0.0182 -0.2623 -0.3324 -0.3628 -0.0057 0.2161 -0.0997 -0.2754 -0.3419 -0.3581 0.0522 0.2550 -0.1542 -0.2886 -0.3347 -0.2886 -0.1542 0.2550 0.0522 -0.3581 -0.3419 -0.2754 -0.0997 0.2161 -0.0057 -0.3628 -0.3324 -0.2623 -0.0182 0.1863 -0.0798 -0.3617 -0.3243 -0.2413 0.0966 0.1600 -0.1614 -0.3605 -0.3172 -0.2233 0.1950 0.1375 -0.2332 -0.3586 -0.3100 -0.2058 0.2502 0.1168 -0.2869 -0.3560 -0.3027 -0.1883 0.2691 0.0971 -0.3217 -0.3528 -0.2954 -0.1698 0.2670 0.0769 -0.3435 -0.3489 -0.2879 -0.1490 0.2485
-0.1482 -0.2907 -0.3505 -0.3369 0.0843 0.2695 -0.1767 -0.2981 -0.3542 -0.3109 0.1041 0.2654 -0.1946 -0.3053 -0.3572 -0.2704 0.1237 0.2363 -0.2117 -0.3125 -0.3595 -0.2108 0.1446 0.1667 -0.2292 -0.3196 -0.3611 -0.1354 0.1678 0.0607 -0.2471 -0.3264 -0.3621 -0.0613 0.1918 -0.0368 -0.2643 -0.3338 -0.3629 0.0014 0.2195 -0.1045 -0.2763 -0.3424 -0.3578 0.0526 0.2550 -0.1548 -0.2910 -0.3559 -0.3796 -0.3559 -0.2910 -0.1548 0.2550 0.0526 -0.3578 -0.3424 -0.2763 -0.1045 0.2195 0.0014 -0.3629 -0.3338 -0.2643 -0.0368 0.1918 -0.0613 -0.3621 -0.3264 -0.2471 0.0607 0.1678 -0.1354 -0.3611 -0.3196 -0.2292 0.1667 0.1446 -0.2108 -0.3595 -0.3125 -0.2117 0.2363 0.1237 -0.2704 -0.3572 -0.3053 -0.1946 0.2654 0.1041 -0.3109 -0.3542 -0.2981 -0.1767 0.2695 0.0843 -0.3369 -0.3505 -0.2907 -0.1482
-0.2681 -0.3524 -0.3303 0.0900 0.2703 -0.1822 -0.3004 -0.3559 -0.3004 0.1094 0.2602 -0.1998 -0.3077 -0.3587 -0.2549 0.1289 0.2215 -0.2167 -0.3148 -0.3608 -0.1908 0.1497 0.1405 -0.2342 -0.3218 -0.3621 -0.1142 0.1733 0.0327 -0.2523 -0.3286 -0.3626 -0.0465 0.1965 -0.0509 -0.2661 -0.3355 -0.3628 0.0074 0.2225 -0.1085 -0.2771 -0.3434 -0.3573 0.0530 0.2548 -0.1542 -0.2910 -0.3526 -0.3367 -0.0168 -0.3367 -0.3526 -0.2910 -0.1542 0.2548 0.0530 -0.3573 -0.3434 -0.2771 -0.1085 0.2225 0.0074 -0.3628 -0.3355 -0.2661 -0.0509 0.1965 -0.0465 -0.3626 -0.3286 -0.2523 0.0327 0.1733 -0.1142 -0.3621 -0.3218 -0.2342 0.1405 0.1497 -0.1908 -0.3608 -0.3148 -0.2167 0.2215 0.1289 -0.2549 -0.3587 -0.3077 -0.1998 0.2602 0.1094 -0.3004 -0.3559 -0.3004 -0.1822 0.2703 0.0900 -0.3303 -0.3524 -0.2681
-0.3357 -0.3312 0.0872 0.2708 -0.1802 -0.3007 -0.3622 -0.3015 0.1062 0.2641 -0.1982 -0.3084 -0.3656 -0.2569 0.1247 0.2308 -0.2155 -0.3159 -0.3681 -0.1941 0.1439 0.1569 -0.2331 -0.3235 -0.3695 -0.1182 0.1649 0.0494 -0.2514 -0.3308 -0.3696 -0.0505 0.1867 -0.0393 -0.2646 -0.3381 -0.3680 0.0018 0.2120 -0.0992 -0.2752 -0.3464 -0.3610 0.0456 0.2463 -0.1454 -0.2886 -0.3559 -0.3367 0.0764 0.1850 0.0764 -0.3367 -0.3559 -0.2886 -0.1454 0.2463 0.0456 -0.3610 -0.3464 -0.2752 -0.0992 0.2120 0.0018 -0.3680 -0.3381 -0.2646 -0.0393 0.1867 -0.0505 -0.3696 -0.3308 -0.2514 0.0494 0.1649 -0.1182 -0.3695 -0.3235 -0.2331 0.1569 0.1439 -0.1941 -0.3681 -0.3159 -0.2155 0.2308 0.1247 -0.2569 -0.3656 -0.3084 -0.1982 0.2641 0.1062 -0.3015 -0.3622 -0.3007 -0.1802 0.2708 0.0872 -0.3312 -0.3357
-0.3633 -0.0017 0.2046 -0.0841 -0.2707 -0.3462 -0.3763 0.0295 0.2252 -0.1219 -0.2790 -0.3528 -0.3684 0.0542 0.2446 -0.1506 -0.2873 -0.3590 -0.3532 0.0752 0.2601 -0.1756 -0.2957 -0.3648 -0.3269 0.0947 0.2659 -0.1988 -0.3041 -0.3699 -0.2854 0.1134 0.2515 -0.2172 -0.3126 -0.3743 -0.2207 0.1348 0.1931 -0.2332 -0.3225 -0.3779 -0.1187 0.1642 0.0481 -0.2536 -0.3347 -0.3796 -0.0168 0.1850 0.2503 0.1850 -0.0168 -0.3796 -0.3347 -0.2536 0.0481 0.1642 -0.1187 -0.3779 -0.3225 -0.2332 0.1931 0.1348 -0.2207 -0.3743 -0.3126 -0.2172 0.2515 0.1134 -0.2854 -0.3699 -0.3041 -0.1988 0.2659 0.0947 -0.3269 -0.3648 -0.2957 -0.1756 0.2601 0.0752 -0.3532 -0.3590 -0.2873 -0.1506 0.2446 0.0542 -0.3684 -0.3528 -0.2790 -0.1219 0.2252 0.0295 -0.3763 -0.3462 -0.2707 -0.0841 0.2046 -0.0017 -0.3633
