0.3432 0.1535 0.1716 0.2600 0.4467 0.4795 0.2266 0.1514 0.1919 0.3090 0.5006 0.4253 0.1685 0.1577 0.2199 0.3704 0.5066 0.3409 0.1538 0.1705 0.2571 0.4417 0.4822 0.2338 0.1513 0.1901 0.3050 0.4983 0.4303 0.1705 0.1570 0.2175 0.3654 0.5073 0.3483 0.1544 0.1694 0.2540 0.4364 0.4849 0.2416 0.1512 0.1884 0.3011 0.4957 0.4352 0.1727 0.1563 0.2138 0.3483 0.4784 0.3483 0.2138 0.1563 0.1727 0.4352 0.4957 0.3011 0.1884 0.1512 0.2416 0.4849 0.4364 0.2540 0.1694 0.1544 0.3483 0.5073 0.3654 0.2175 0.1570 0.1705 0.4303 0.4983 0.3050 0.1901 0.1513 0.2338 0.4822 0.4417 0.2571 0.1705 0.1538 0.3409 0.5066 0.3704 0.2199 0.1577 0.1685 0.4253 0.5006 0.3090 0.1919 0.1514 0.2266 0.4795 0.4467 0.2600 0.1716 0.1535 0.3432
0.1535 0.1632 0.2552 0.4467 0.4816 0.2289 0.1398 0.1835 0.3044 0.5015 0.4293 0.1603 0.1470 0.2125 0.3674 0.5082 0.3466 0.1428 0.1610 0.2510 0.4406 0.4846 0.2372 0.1396 0.1816 0.3003 0.4991 0.4342 0.1627 0.1462 0.2101 0.3622 0.5089 0.3539 0.1435 0.1597 0.2478 0.4351 0.4872 0.2455 0.1395 0.1798 0.2962 0.4964 0.4390 0.1654 0.1454 0.2074 0.3549 0.5087 0.4590 0.5087 0.3549 0.2074 0.1454 0.1654 0.4390 0.4964 0.2962 0.1798 0.1395 0.2455 0.4872 0.4351 0.2478 0.1597 0.1435 0.3539 0.5089 0.3622 0.2101 0.1462 0.1627 0.4342 0.4991 0.3003 0.1816 0.1396 0.2372 0.4846 0.4406 0.2510 0.1610 0.1428 0.3466 0.5082 0.3674 0.2125 0.1470 0.1603 0.4293 0.5015 0.3044 0.1835 0.1398 0.2289 0.4816 0.4467 0.2552 0.1632 0.1535
0.1716 0.2552 0.4435 0.4842 0.2385 0.1396 0.1809 0.2983 0.4976 0.4368 0.1641 0.1458 0.2087 0.3593 0.5091 0.3578 0.1439 0.1590 0.2460 0.4320 0.4885 0.2501 0.1394 0.1788 0.2939 0.4946 0.4415 0.1670 0.1450 0.2063 0.3543 0.5096 0.3647 0.1447 0.1578 0.2429 0.4265 0.4909 0.2585 0.1394 0.1771 0.2900 0.4914 0.4460 0.1703 0.1443 0.2039 0.3489 0.5097 0.3881 0.1964 0.3881 0.5097 0.3489 0.2039 0.1443 0.1703 0.4460 0.4914 0.2900 0.1771 0.1394 0.2585 0.4909 0.4265 0.2429 0.1578 0.1447 0.3647 0.5096 0.3543 0.2063 0.1450 0.1670 0.4415 0.4946 0.2939 0.1788 0.1394 0.2501 0.4885 0.4320 0.2460 0.1590 0.1439 0.3578 0.5091 0.3593 0.2087 0.1458 0.1641 0.4368 0.4976 0.2983 0.1809 0.1396 0.2385 0.4842 0.4435 0.2552 0.1716
0.2600 0.4467 0.4842 0.2424 0.1395 0.1790 0.2934 0.4937 0.4433 0.1685 0.1447 0.2051 0.3517 0.5098 0.3685 0.1451 0.1572 0.2412 0.4234 0.4922 0.2633 0.1394 0.1762 0.2878 0.4894 0.4485 0.1723 0.1439 0.2027 0.3467 0.5100 0.3753 0.1460 0.1560 0.2381 0.4178 0.4943 0.2717 0.1395 0.1745 0.2839 0.4857 0.4527 0.1762 0.1432 0.2004 0.3417 0.5100 0.3846 0.1489 0.1380 0.1489 0.3846 0.5100 0.3417 0.2004 0.1432 0.1762 0.4527 0.4857 0.2839 0.1745 0.1395 0.2717 0.4943 0.4178 0.2381 0.1560 0.1460 0.3753 0.5100 0.3467 0.2027 0.1439 0.1723 0.4485 0.4894 0.2878 0.1762 0.1394 0.2633 0.4922 0.4234 0.2412 0.1572 0.1451 0.3685 0.5098 0.3517 0.2051 0.1447 0.1685 0.4433 0.4937 0.2934 0.1790 0.1395 0.2424 0.4842 0.4467 0.2600
0.4467 0.4816 0.2385 0.1395 0.1784 0.2905 0.4905 0.4484 0.1729 0.1437 0.2019 0.3445 0.5100 0.3786 0.1466 0.1554 0.2365 0.4147 0.4955 0.2764 0.1395 0.1736 0.2818 0.4835 0.4550 0.1786 0.1429 0.1992 0.3392 0.5099 0.3853 0.1477 0.1543 0.2335 0.4092 0.4975 0.2848 0.1397 0.1720 0.2781 0.4794 0.4589 0.1834 0.1423 0.1970 0.3344 0.5096 0.3921 0.1492 0.1492 0.1816 0.1492 0.1492 0.3921 0.5096 0.3344 0.1970 0.1423 0.1834 0.4589 0.4794 0.2781 0.1720 0.1397 0.2848 0.4975 0.4092 0.2335 0.1543 0.1477 0.3853 0.5099 0.3392 0.1992 0.1429 0.1786 0.4550 0.4835 0.2818 0.1736 0.1395 0.2764 0.4955 0.4147 0.2365 0.1554 0.1466 0.3786 0.5100 0.3445 0.2019 0.1437 0.1729 0.4484 0.4905 0.2905 0.1784 0.1395 0.2385 0.4816 0.4467
0.4795 0.2289 0.1396 0.1790 0.2905 0.4893 0.4512 0.1765 0.1430 0.1992 0.3383 0.5099 0.3878 0.1482 0.1538 0.2321 0.4063 0.4985 0.2893 0.1398 0.1712 0.2760 0.4770 0.4611 0.1863 0.1420 0.1958 0.3318 0.5094 0.3950 0.1495 0.1527 0.2291 0.4006 0.5003 0.2977 0.1400 0.1696 0.2723 0.4724 0.4648 0.1919 0.1415 0.1937 0.3272 0.5088 0.4010 0.1509 0.1510 0.2180 0.3009 0.2180 0.1510 0.1509 0.4010 0.5088 0.3272 0.1937 0.1415 0.1919 0.4648 0.4724 0.2723 0.1696 0.1400 0.2977 0.5003 0.4006 0.2291 0.1527 0.1495 0.3950 0.5094 0.3318 0.1958 0.1420 0.1863 0.4611 0.4770 0.2760 0.1712 0.1398 0.2893 0.4985 0.4063 0.2321 0.1538 0.1482 0.3878 0.5099 0.3383 0.1992 0.1430 0.1765 0.4512 0.4893 0.2905 0.1790 0.1396 0.2289 0.4795
0.2266 0.1398 0.1809 0.2934 0.4905 0.4512 0.1779 0.1427 0.1974 0.3334 0.5095 0.3956 0.1498 0.1524 0.2280 0.3982 0.5011 0.3019 0.1401 0.1688 0.2704 0.4698 0.4668 0.1952 0.1412 0.1926 0.3247 0.5084 0.4042 0.1516 0.1511 0.2247 0.3921 0.5027 0.3104 0.1405 0.1673 0.2668 0.4649 0.4703 0.2017 0.1408 0.1905 0.3202 0.5074 0.4099 0.1532 0.1501 0.2207 0.3744 0.4963 0.3744 0.2207 0.1501 0.1532 0.4099 0.5074 0.3202 0.1905 0.1408 0.2017 0.4703 0.4649 0.2668 0.1673 0.1405 0.3104 0.5027 0.3921 0.2247 0.1511 0.1516 0.4042 0.5084 0.3247 0.1926 0.1412 0.1952 0.4668 0.4698 0.2704 0.1688 0.1401 0.3019 0.5011 0.3982 0.2280 0.1524 0.1498 0.3956 0.5095 0.3334 0.1974 0.1427 0.1779 0.4512 0.4905 0.2934 0.1809 0.1398 0.2266
0.1514 0.1835 0.2983 0.4937 0.4484 0.1765 0.1427 0.1967 0.3308 0.5090 0.4013 0.1513 0.1512 0.2244 0.3907 0.5033 0.3137 0.1406 0.1666 0.2650 0.4623 0.4720 0.2054 0.1406 0.1894 0.3178 0.5067 0.4129 0.1541 0.1497 0.2205 0.3837 0.5049 0.3228 0.1411 0.1651 0.2614 0.4571 0.4753 0.2127 0.1403 0.1875 0.3134 0.5053 0.4184 0.1559 0.1488 0.2176 0.3761 0.5066 0.4430 0.5066 0.3761 0.2176 0.1488 0.1559 0.4184 0.5053 0.3134 0.1875 0.1403 0.2127 0.4753 0.4571 0.2614 0.1651 0.1411 0.3228 0.5049 0.3837 0.2205 0.1497 0.1541 0.4129 0.5067 0.3178 0.1894 0.1406 0.2054 0.4720 0.4623 0.2650 0.1666 0.1406 0.3137 0.5033 0.3907 0.2244 0.1512 0.1513 0.4013 0.5090 0.3308 0.1967 0.1427 0.1765 0.4484 0.4937 0.2983 0.1835 0.1514
0.1919 0.3044 0.4976 0.4433 0.1729 0.1430 0.1974 0.3308 0.5089 0.4044 0.1525 0.1503 0.2215 0.3843 0.5050 0.3244 0.1412 0.1646 0.2599 0.4547 0.4768 0.2165 0.1401 0.1864 0.3111 0.5044 0.4213 0.1569 0.1483 0.2165 0.3755 0.5067 0.3349 0.1418 0.1630 0.2561 0.4489 0.4801 0.2246 0.1399 0.1845 0.3068 0.5025 0.4265 0.1590 0.1475 0.2139 0.3698 0.5077 0.3609 0.1734 0.3609 0.5077 0.3698 0.2139 0.1475 0.1590 0.4265 0.5025 0.3068 0.1845 0.1399 0.2246 0.4801 0.4489 0.2561 0.1630 0.1418 0.3349 0.5067 0.3755 0.2165 0.1483 0.1569 0.4213 0.5044 0.3111 0.1864 0.1401 0.2165 0.4768 0.4547 0.2599 0.1646 0.1412 0.3244 0.5050 0.3843 0.2215 0.1503 0.1525 0.4044 0.5089 0.3308 0.1974 0.1430 0.1729 0.4433 0.4976 0.3044 0.1919
0.3090 0.5015 0.4368 0.1685 0.1437 0.1992 0.3334 0.5090 0.4044 0.1529 0.1498 0.2196 0.3796 0.5062 0.3333 0.1418 0.1628 0.2553 0.4471 0.4812 0.2280 0.1398 0.1836 0.3047 0.5014 0.4291 0.1602 0.1470 0.2126 0.3674 0.5081 0.3465 0.1428 0.1610 0.2510 0.4405 0.4844 0.2371 0.1396 0.1816 0.3003 0.4990 0.4341 0.1627 0.1462 0.2101 0.3621 0.5088 0.3568 0.1443 0.1398 0.1443 0.3568 0.5088 0.3621 0.2101 0.1462 0.1627 0.4341 0.4990 0.3003 0.1816 0.1396 0.2371 0.4844 0.4405 0.2510 0.1610 0.1428 0.3465 0.5081 0.3674 0.2126 0.1470 0.1602 0.4291 0.5014 0.3047 0.1836 0.1398 0.2280 0.4812 0.4471 0.2553 0.1628 0.1418 0.3333 0.5062 0.3796 0.2196 0.1498 0.1529 0.4044 0.5090 0.3334 0.1992 0.1437 0.1685 0.4368 0.5015 0.3090
0.5006 0.4293 0.1641 0.1447 0.2019 0.3383 0.5095 0.4013 0.1525 0.1498 0.2189 0.3771 0.5069 0.3398 0.1424 0.1614 0.2513 0.4402 0.4849 0.2394 0.1396 0.1809 0.2985 0.4978 0.4365 0.1640 0.1458 0.2088 0.3596 0.5091 0.3576 0.1438 0.1590 0.2460 0.4320 0.4884 0.2500 0.1394 0.1789 0.2940 0.4946 0.4415 0.1670 0.1450 0.2064 0.3543 0.5096 0.3653 0.1448 0.1534 0.1898 0.1534 0.1448 0.3653 0.5096 0.3543 0.2064 0.1450 0.1670 0.4415 0.4946 0.2940 0.1789 0.1394 0.2500 0.4884 0.4320 0.2460 0.1590 0.1438 0.3576 0.5091 0.3596 0.2088 0.1458 0.1640 0.4365 0.4978 0.2985 0.1809 0.1396 0.2394 0.4849 0.4402 0.2513 0.1614 0.1424 0.3398 0.5069 0.3771 0.2189 0.1498 0.1525 0.4013 0.5095 0.3383 0.2019 0.1447 0.1641 0.4293 0.5006
0.4253 0.1603 0.1458 0.2051 0.3445 0.5099 0.3956 0.1513 0.1503 0.2196 0.3771 0.5072 0.3431 0.1428 0.1603 0.2482 0.4342 0.4880 0.2501 0.1394 0.1785 0.2927 0.4935 0.4433 0.1684 0.1447 0.2053 0.3520 0.5098 0.3682 0.1451 0.1572 0.2412 0.4234 0.4921 0.2631 0.1394 0.1762 0.2878 0.4895 0.4484 0.1722 0.1439 0.2027 0.3467 0.5100 0.3753 0.1461 0.1553 0.2294 0.3193 0.2294 0.1553 0.1461 0.3753 0.5100 0.3467 0.2027 0.1439 0.1722 0.4484 0.4895 0.2878 0.1762 0.1394 0.2631 0.4921 0.4234 0.2412 0.1572 0.1451 0.3682 0.5098 0.3520 0.2053 0.1447 0.1684 0.4433 0.4935 0.2927 0.1785 0.1394 0.2501 0.4880 0.4342 0.2482 0.1603 0.1428 0.3431 0.5072 0.3771 0.2196 0.1503 0.1513 0.3956 0.5099 0.3445 0.2051 0.1458 0.1603 0.4253
0.1685 0.1470 0.2087 0.3517 0.5100 0.3878 0.1498 0.1512 0.2215 0.3796 0.5069 0.3431 0.1430 0.1598 0.2462 0.4298 0.4903 0.2590 0.1394 0.1763 0.2875 0.4888 0.4496 0.1735 0.1437 0.2018 0.3446 0.5100 0.3782 0.1465 0.1555 0.2366 0.4150 0.4954 0.2762 0.1395 0.1736 0.2819 0.4836 0.4550 0.1786 0.1429 0.1992 0.3392 0.5099 0.3853 0.1477 0.1542 0.2321 0.3965 0.5041 0.3965 0.2321 0.1542 0.1477 0.3853 0.5099 0.3392 0.1992 0.1429 0.1786 0.4550 0.4836 0.2819 0.1736 0.1395 0.2762 0.4954 0.4150 0.2366 0.1555 0.1465 0.3782 0.5100 0.3446 0.2018 0.1437 0.1735 0.4496 0.4888 0.2875 0.1763 0.1394 0.2590 0.4903 0.4298 0.2462 0.1598 0.1430 0.3431 0.5069 0.3796 0.2215 0.1512 0.1498 0.3878 0.5100 0.3517 0.2087 0.1470 0.1685
0.1577 0.2125 0.3593 0.5098 0.3786 0.1482 0.1524 0.2244 0.3843 0.5062 0.3398 0.1428 0.1598 0.2455 0.4275 0.4918 0.2656 0.1395 0.1746 0.2831 0.4841 0.4551 0.1792 0.1428 0.1986 0.3375 0.5099 0.3879 0.1481 0.1539 0.2322 0.4066 0.4984 0.2889 0.1398 0.1712 0.2761 0.4770 0.4611 0.1862 0.1420 0.1959 0.3319 0.5094 0.3949 0.1495 0.1527 0.2288 0.3982 0.5022 0.4239 0.5022 0.3982 0.2288 0.1527 0.1495 0.3949 0.5094 0.3319 0.1959 0.1420 0.1862 0.4611 0.4770 0.2761 0.1712 0.1398 0.2889 0.4984 0.4066 0.2322 0.1539 0.1481 0.3879 0.5099 0.3375 0.1986 0.1428 0.1792 0.4551 0.4841 0.2831 0.1746 0.1395 0.2656 0.4918 0.4275 0.2455 0.1598 0.1428 0.3398 0.5062 0.3843 0.2244 0.1524 0.1482 0.3786 0.5098 0.3593 0.2125 0.1577
0.2199 0.3674 0.5091 0.3685 0.1466 0.1538 0.2280 0.3907 0.5050 0.3333 0.1424 0.1603 0.2462 0.4275 0.4922 0.2690 0.1395 0.1734 0.2798 0.4799 0.4595 0.1852 0.1420 0.1957 0.3310 0.5093 0.3969 0.1500 0.1523 0.2279 0.3983 0.5010 0.3014 0.1401 0.1689 0.2706 0.4700 0.4667 0.1951 0.1413 0.1926 0.3248 0.5084 0.4041 0.1516 0.1512 0.2247 0.3917 0.5030 0.3306 0.1590 0.3306 0.5030 0.3917 0.2247 0.1512 0.1516 0.4041 0.5084 0.3248 0.1926 0.1413 0.1951 0.4667 0.4700 0.2706 0.1689 0.1401 0.3014 0.5010 0.3983 0.2279 0.1523 0.1500 0.3969 0.5093 0.3310 0.1957 0.1420 0.1852 0.4595 0.4799 0.2798 0.1734 0.1395 0.2690 0.4922 0.4275 0.2462 0.1603 0.1424 0.3333 0.5050 0.3907 0.2280 0.1538 0.1466 0.3685 0.5091 0.3674 0.2199
0.3704 0.5082 0.3578 0.1451 0.1554 0.2321 0.3982 0.5033 0.3244 0.1418 0.1614 0.2482 0.4298 0.4918 0.2690 0.1395 0.1728 0.2776 0.4767 0.4628 0.1906 0.1415 0.1932 0.3252 0.5083 0.4050 0.1520 0.1509 0.2238 0.3901 0.5033 0.3137 0.1406 0.1667 0.2652 0.4626 0.4718 0.2051 0.1406 0.1895 0.3179 0.5067 0.4129 0.1541 0.1497 0.2206 0.3837 0.5049 0.3261 0.1411 0.1423 0.1411 0.3261 0.5049 0.3837 0.2206 0.1497 0.1541 0.4129 0.5067 0.3179 0.1895 0.1406 0.2051 0.4718 0.4626 0.2652 0.1667 0.1406 0.3137 0.5033 0.3901 0.2238 0.1509 0.1520 0.4050 0.5083 0.3252 0.1932 0.1415 0.1906 0.4628 0.4767 0.2776 0.1728 0.1395 0.2690 0.4918 0.4298 0.2482 0.1614 0.1418 0.3244 0.5033 0.3982 0.2321 0.1554 0.1451 0.3578 0.5082 0.3704
0.5066 0.3466 0.1439 0.1572 0.2365 0.4063 0.5011 0.3137 0.1412 0.1628 0.2513 0.4342 0.4903 0.2656 0.1395 0.1728 0.2769 0.4751 0.4648 0.1949 0.1411 0.1912 0.3203 0.5071 0.4121 0.1541 0.1496 0.2201 0.3823 0.5053 0.3255 0.1412 0.1646 0.2600 0.4549 0.4767 0.2160 0.1402 0.1865 0.3113 0.5045 0.4211 0.1569 0.1483 0.2165 0.3755 0.5066 0.3354 0.1419 0.1581 0.1988 0.1581 0.1419 0.3354 0.5066 0.3755 0.2165 0.1483 0.1569 0.4211 0.5045 0.3113 0.1865 0.1402 0.2160 0.4767 0.4549 0.2600 0.1646 0.1412 0.3255 0.5053 0.3823 0.2201 0.1496 0.1541 0.4121 0.5071 0.3203 0.1912 0.1411 0.1949 0.4648 0.4751 0.2769 0.1728 0.1395 0.2656 0.4903 0.4342 0.2513 0.1628 0.1412 0.3137 0.5011 0.4063 0.2365 0.1572 0.1439 0.3466 0.5066
0.3409 0.1428 0.1590 0.2412 0.4147 0.4985 0.3019 0.1406 0.1646 0.2553 0.4402 0.4880 0.2590 0.1395 0.1734 0.2776 0.4751 0.4655 0.1972 0.1409 0.1898 0.3167 0.5059 0.4179 0.1561 0.1485 0.2167 0.3752 0.5068 0.3366 0.1420 0.1626 0.2549 0.4469 0.4812 0.2277 0.1398 0.1837 0.3049 0.5016 0.4288 0.1601 0.1470 0.2127 0.3675 0.5081 0.3464 0.1428 0.1602 0.2418 0.3390 0.2418 0.1602 0.1428 0.3464 0.5081 0.3675 0.2127 0.1470 0.1601 0.4288 0.5016 0.3049 0.1837 0.1398 0.2277 0.4812 0.4469 0.2549 0.1626 0.1420 0.3366 0.5068 0.3752 0.2167 0.1485 0.1561 0.4179 0.5059 0.3167 0.1898 0.1409 0.1972 0.4655 0.4751 0.2776 0.1734 0.1395 0.2590 0.4880 0.4402 0.2553 0.1646 0.1406 0.3019 0.4985 0.4147 0.2412 0.1590 0.1428 0.3409
0.1538 0.1610 0.2460 0.4234 0.4955 0.2893 0.1401 0.1666 0.2599 0.4471 0.4849 0.2501 0.1394 0.1746 0.2798 0.4767 0.4648 0.1972 0.1408 0.1891 0.3143 0.5049 0.4222 0.1580 0.1476 0.2138 0.3688 0.5080 0.3466 0.1428 0.1607 0.2501 0.4389 0.4853 0.2400 0.1395 0.1809 0.2987 0.4979 0.4362 0.1638 0.1459 0.2090 0.3598 0.5091 0.3573 0.1438 0.1589 0.2446 0.4192 0.5073 0.4192 0.2446 0.1589 0.1438 0.3573 0.5091 0.3598 0.2090 0.1459 0.1638 0.4362 0.4979 0.2987 0.1809 0.1395 0.2400 0.4853 0.4389 0.2501 0.1607 0.1428 0.3466 0.5080 0.3688 0.2138 0.1476 0.1580 0.4222 0.5049 0.3143 0.1891 0.1408 0.1972 0.4648 0.4767 0.2798 0.1746 0.1394 0.2501 0.4849 0.4471 0.2599 0.1666 0.1401 0.2893 0.4955 0.4234 0.2460 0.1610 0.1538
0.1705 0.2510 0.4320 0.4922 0.2764 0.1398 0.1688 0.2650 0.4547 0.4812 0.2394 0.1394 0.1763 0.2831 0.4799 0.4628 0.1949 0.1409 0.1891 0.3135 0.5043 0.4248 0.1594 0.1470 0.2115 0.3635 0.5088 0.3554 0.1437 0.1591 0.2457 0.4310 0.4890 0.2524 0.1394 0.1783 0.2926 0.4935 0.4432 0.1682 0.1447 0.2054 0.3522 0.5098 0.3678 0.1451 0.1572 0.2411 0.4212 0.4953 0.4017 0.4953 0.4212 0.2411 0.1572 0.1451 0.3678 0.5098 0.3522 0.2054 0.1447 0.1682 0.4432 0.4935 0.2926 0.1783 0.1394 0.2524 0.4890 0.4310 0.2457 0.1591 0.1437 0.3554 0.5088 0.3635 0.2115 0.1470 0.1594 0.4248 0.5043 0.3135 0.1891 0.1409 0.1949 0.4628 0.4799 0.2831 0.1763 0.1394 0.2394 0.4812 0.4547 0.2650 0.1688 0.1398 0.2764 0.4922 0.4320 0.2510 0.1705
0.2571 0.4406 0.4885 0.2633 0.1395 0.1712 0.2704 0.4623 0.4768 0.2280 0.1396 0.1785 0.2875 0.4841 0.4595 0.1906 0.1411 0.1898 0.3143 0.5043 0.4257 0.1602 0.1465 0.2099 0.3595 0.5093 0.3625 0.1446 0.1577 0.2418 0.4237 0.4923 0.2643 0.1394 0.1758 0.2867 0.4884 0.4499 0.1736 0.1437 0.2019 0.3448 0.5100 0.3779 0.1465 0.1556 0.2367 0.4148 0.4959 0.2970 0.1499 0.2970 0.4959 0.4148 0.2367 0.1556 0.1465 0.3779 0.5100 0.3448 0.2019 0.1437 0.1736 0.4499 0.4884 0.2867 0.1758 0.1394 0.2643 0.4923 0.4237 0.2418 0.1577 0.1446 0.3625 0.5093 0.3595 0.2099 0.1465 0.1602 0.4257 0.5043 0.3143 0.1898 0.1411 0.1906 0.4595 0.4841 0.2875 0.1785 0.1396 0.2280 0.4768 0.4623 0.2704 0.1712 0.1395 0.2633 0.4885 0.4406 0.2571
0.4417 0.4846 0.2501 0.1394 0.1736 0.2760 0.4698 0.4720 0.2165 0.1398 0.1809 0.2927 0.4888 0.4551 0.1852 0.1415 0.1912 0.3167 0.5049 0.4248 0.1602 0.1464 0.2090 0.3569 0.5096 0.3678 0.1454 0.1565 0.2385 0.4172 0.4950 0.2754 0.1395 0.1735 0.2812 0.4826 0.4560 0.1799 0.1427 0.1985 0.3376 0.5099 0.3876 0.1481 0.1539 0.2324 0.4068 0.4984 0.2920 0.1391 0.1455 0.1391 0.2920 0.4984 0.4068 0.2324 0.1539 0.1481 0.3876 0.5099 0.3376 0.1985 0.1427 0.1799 0.4560 0.4826 0.2812 0.1735 0.1395 0.2754 0.4950 0.4172 0.2385 0.1565 0.1454 0.3678 0.5096 0.3569 0.2090 0.1464 0.1602 0.4248 0.5049 0.3167 0.1912 0.1415 0.1852 0.4551 0.4888 0.2927 0.1809 0.1398 0.2165 0.4720 0.4698 0.2760 0.1736 0.1394 0.2501 0.4846 0.4417
0.4822 0.2372 0.1394 0.1762 0.2818 0.4770 0.4668 0.2054 0.1401 0.1836 0.2985 0.4935 0.4496 0.1792 0.1420 0.1932 0.3203 0.5059 0.4222 0.1594 0.1465 0.2090 0.3561 0.5097 0.3711 0.1460 0.1556 0.2359 0.4118 0.4971 0.2852 0.1397 0.1714 0.2761 0.4767 0.4616 0.1873 0.1419 0.1953 0.3305 0.5093 0.3968 0.1499 0.1524 0.2281 0.3986 0.5009 0.3017 0.1400 0.1637 0.2089 0.1637 0.1400 0.3017 0.5009 0.3986 0.2281 0.1524 0.1499 0.3968 0.5093 0.3305 0.1953 0.1419 0.1873 0.4616 0.4767 0.2761 0.1714 0.1397 0.2852 0.4971 0.4118 0.2359 0.1556 0.1460 0.3711 0.5097 0.3561 0.2090 0.1465 0.1594 0.4222 0.5059 0.3203 0.1932 0.1420 0.1792 0.4496 0.4935 0.2985 0.1836 0.1401 0.2054 0.4668 0.4770 0.2818 0.1762 0.1394 0.2372 0.4822
0.2338 0.1396 0.1788 0.2878 0.4835 0.4611 0.1952 0.1406 0.1864 0.3047 0.4978 0.4433 0.1735 0.1428 0.1957 0.3252 0.5071 0.4179 0.1580 0.1470 0.2099 0.3569 0.5097 0.3723 0.1463 0.1551 0.2341 0.4077 0.4987 0.2932 0.1399 0.1697 0.2717 0.4708 0.4665 0.1954 0.1412 0.1922 0.3238 0.5081 0.4057 0.1521 0.1509 0.2239 0.3904 0.5032 0.3134 0.1406 0.1659 0.2558 0.3608 0.2558 0.1659 0.1406 0.3134 0.5032 0.3904 0.2239 0.1509 0.1521 0.4057 0.5081 0.3238 0.1922 0.1412 0.1954 0.4665 0.4708 0.2717 0.1697 0.1399 0.2932 0.4987 0.4077 0.2341 0.1551 0.1463 0.3723 0.5097 0.3569 0.2099 0.1470 0.1580 0.4179 0.5071 0.3252 0.1957 0.1428 0.1735 0.4433 0.4978 0.3047 0.1864 0.1406 0.1952 0.4611 0.4835 0.2878 0.1788 0.1396 0.2338
0.1513 0.1816 0.2939 0.4894 0.4550 0.1863 0.1412 0.1894 0.3111 0.5014 0.4365 0.1684 0.1437 0.1986 0.3310 0.5083 0.4121 0.1561 0.1476 0.2115 0.3595 0.5096 0.3711 0.1463 0.1549 0.2332 0.4051 0.4998 0.2993 0.1402 0.1682 0.2679 0.4653 0.4707 0.2038 0.1407 0.1894 0.3174 0.5065 0.4140 0.1545 0.1495 0.2199 0.3823 0.5052 0.3252 0.1412 0.1645 0.2586 0.4427 0.5069 0.4427 0.2586 0.1645 0.1412 0.3252 0.5052 0.3823 0.2199 0.1495 0.1545 0.4140 0.5065 0.3174 0.1894 0.1407 0.2038 0.4707 0.4653 0.2679 0.1682 0.1402 0.2993 0.4998 0.4051 0.2332 0.1549 0.1463 0.3711 0.5096 0.3595 0.2115 0.1476 0.1561 0.4121 0.5083 0.3310 0.1986 0.1437 0.1684 0.4365 0.5014 0.3111 0.1894 0.1412 0.1863 0.4550 0.4894 0.2939 0.1816 0.1513
0.1901 0.3003 0.4946 0.4485 0.1786 0.1420 0.1926 0.3178 0.5044 0.4291 0.1640 0.1447 0.2018 0.3375 0.5093 0.4050 0.1541 0.1485 0.2138 0.3635 0.5093 0.3678 0.1460 0.1551 0.2332 0.4042 0.5004 0.3031 0.1404 0.1672 0.2650 0.4605 0.4741 0.2118 0.1403 0.1870 0.3117 0.5045 0.4215 0.1572 0.1482 0.2160 0.3743 0.5069 0.3367 0.1420 0.1626 0.2548 0.4448 0.4858 0.3757 0.4858 0.4448 0.2548 0.1626 0.1420 0.3367 0.5069 0.3743 0.2160 0.1482 0.1572 0.4215 0.5045 0.3117 0.1870 0.1403 0.2118 0.4741 0.4605 0.2650 0.1672 0.1404 0.3031 0.5004 0.4042 0.2332 0.1551 0.1460 0.3678 0.5093 0.3635 0.2138 0.1485 0.1541 0.4050 0.5093 0.3375 0.2018 0.1447 0.1640 0.4291 0.5044 0.3178 0.1926 0.1420 0.1786 0.4485 0.4946 0.3003 0.1901
0.3050 0.4991 0.4415 0.1723 0.1429 0.1958 0.3247 0.5067 0.4213 0.1602 0.1458 0.2053 0.3446 0.5099 0.3969 0.1520 0.1496 0.2167 0.3688 0.5088 0.3625 0.1454 0.1556 0.2341 0.4051 0.5004 0.3044 0.1405 0.1665 0.2629 0.4569 0.4767 0.2188 0.1400 0.1848 0.3067 0.5021 0.4282 0.1600 0.1470 0.2124 0.3666 0.5082 0.3479 0.1429 0.1607 0.2501 0.4385 0.4860 0.2608 0.1438 0.2608 0.4860 0.4385 0.2501 0.1607 0.1429 0.3479 0.5082 0.3666 0.2124 0.1470 0.1600 0.4282 0.5021 0.3067 0.1848 0.1400 0.2188 0.4767 0.4569 0.2629 0.1665 0.1405 0.3044 0.5004 0.4051 0.2341 0.1556 0.1454 0.3625 0.5088 0.3688 0.2167 0.1496 0.1520 0.3969 0.5099 0.3446 0.2053 0.1458 0.1602 0.4213 0.5067 0.3247 0.1958 0.1429 0.1723 0.4415 0.4991 0.3050
0.4983 0.4342 0.1670 0.1439 0.1992 0.3318 0.5084 0.4129 0.1569 0.1470 0.2088 0.3520 0.5100 0.3879 0.1500 0.1509 0.2201 0.3752 0.5080 0.3554 0.1446 0.1565 0.2359 0.4077 0.4998 0.3031 0.1405 0.1663 0.2618 0.4546 0.4785 0.2243 0.1398 0.1831 0.3024 0.4996 0.4341 0.1631 0.1460 0.2090 0.3595 0.5092 0.3585 0.1440 0.1588 0.2454 0.4307 0.4892 0.2557 0.1382 0.1494 0.1382 0.2557 0.4892 0.4307 0.2454 0.1588 0.1440 0.3585 0.5092 0.3595 0.2090 0.1460 0.1631 0.4341 0.4996 0.3024 0.1831 0.1398 0.2243 0.4785 0.4546 0.2618 0.1663 0.1405 0.3031 0.4998 0.4077 0.2359 0.1565 0.1446 0.3554 0.5080 0.3752 0.2201 0.1509 0.1500 0.3879 0.5100 0.3520 0.2088 0.1470 0.1569 0.4129 0.5084 0.3318 0.1992 0.1439 0.1670 0.4342 0.4983
0.4303 0.1627 0.1450 0.2027 0.3392 0.5094 0.4042 0.1541 0.1483 0.2126 0.3596 0.5098 0.3782 0.1481 0.1523 0.2238 0.3823 0.5068 0.3466 0.1437 0.1577 0.2385 0.4118 0.4987 0.2993 0.1404 0.1665 0.2618 0.4537 0.4794 0.2277 0.1397 0.1818 0.2990 0.4972 0.4389 0.1661 0.1451 0.2061 0.3530 0.5098 0.3682 0.1451 0.1571 0.2408 0.4225 0.4926 0.2656 0.1392 0.1700 0.2203 0.1700 0.1392 0.2656 0.4926 0.4225 0.2408 0.1571 0.1451 0.3682 0.5098 0.3530 0.2061 0.1451 0.1661 0.4389 0.4972 0.2990 0.1818 0.1397 0.2277 0.4794 0.4537 0.2618 0.1665 0.1404 0.2993 0.4987 0.4118 0.2385 0.1577 0.1437 0.3466 0.5068 0.3823 0.2238 0.1523 0.1481 0.3782 0.5098 0.3596 0.2126 0.1483 0.1541 0.4042 0.5094 0.3392 0.2027 0.1450 0.1627 0.4303
0.1705 0.1462 0.2063 0.3467 0.5099 0.3950 0.1516 0.1497 0.2165 0.3674 0.5091 0.3682 0.1465 0.1539 0.2279 0.3901 0.5053 0.3366 0.1428 0.1591 0.2418 0.4172 0.4971 0.2932 0.1402 0.1672 0.2629 0.4546 0.4794 0.2289 0.1396 0.1811 0.2967 0.4952 0.4426 0.1690 0.1444 0.2036 0.3473 0.5100 0.3768 0.1464 0.1555 0.2365 0.4144 0.4957 0.2777 0.1395 0.1724 0.2712 0.3840 0.2712 0.1724 0.1395 0.2777 0.4957 0.4144 0.2365 0.1555 0.1464 0.3768 0.5100 0.3473 0.2036 0.1444 0.1690 0.4426 0.4952 0.2967 0.1811 0.1396 0.2289 0.4794 0.4546 0.2629 0.1672 0.1402 0.2932 0.4971 0.4172 0.2418 0.1591 0.1428 0.3366 0.5053 0.3901 0.2279 0.1539 0.1465 0.3682 0.5091 0.3674 0.2165 0.1497 0.1516 0.3950 0.5099 0.3467 0.2063 0.1462 0.1705
0.1570 0.2101 0.3543 0.5100 0.3853 0.1495 0.1511 0.2205 0.3755 0.5081 0.3576 0.1451 0.1555 0.2322 0.3983 0.5033 0.3255 0.1420 0.1607 0.2457 0.4237 0.4950 0.2852 0.1399 0.1682 0.2650 0.4569 0.4785 0.2277 0.1396 0.1808 0.2955 0.4939 0.4451 0.1713 0.1438 0.2015 0.3425 0.5100 0.3842 0.1477 0.1541 0.2326 0.4068 0.4985 0.2897 0.1398 0.1708 0.2738 0.4649 0.5034 0.4649 0.2738 0.1708 0.1398 0.2897 0.4985 0.4068 0.2326 0.1541 0.1477 0.3842 0.5100 0.3425 0.2015 0.1438 0.1713 0.4451 0.4939 0.2955 0.1808 0.1396 0.2277 0.4785 0.4569 0.2650 0.1682 0.1399 0.2852 0.4950 0.4237 0.2457 0.1607 0.1420 0.3255 0.5033 0.3983 0.2322 0.1555 0.1451 0.3576 0.5081 0.3755 0.2205 0.1511 0.1495 0.3853 0.5100 0.3543 0.2101 0.1570
0.2175 0.3622 0.5096 0.3753 0.1477 0.1527 0.2247 0.3837 0.5067 0.3465 0.1438 0.1572 0.2366 0.4066 0.5010 0.3137 0.1412 0.1626 0.2501 0.4310 0.4923 0.2754 0.1397 0.1697 0.2679 0.4605 0.4767 0.2243 0.1397 0.1811 0.2955 0.4934 0.4464 0.1728 0.1434 0.2000 0.3388 0.5099 0.3904 0.1489 0.1529 0.2291 0.3998 0.5008 0.3011 0.1401 0.1688 0.2698 0.4671 0.4737 0.3461 0.4737 0.4671 0.2698 0.1688 0.1401 0.3011 0.5008 0.3998 0.2291 0.1529 0.1489 0.3904 0.5099 0.3388 0.2000 0.1434 0.1728 0.4464 0.4934 0.2955 0.1811 0.1397 0.2243 0.4767 0.4605 0.2679 0.1697 0.1397 0.2754 0.4923 0.4310 0.2501 0.1626 0.1412 0.3137 0.5010 0.4066 0.2366 0.1572 0.1438 0.3465 0.5067 0.3837 0.2247 0.1527 0.1477 0.3753 0.5096 0.3622 0.2175
0.3654 0.5089 0.3647 0.1460 0.1543 0.2291 0.3921 0.5049 0.3349 0.1428 0.1590 0.2412 0.4150 0.4984 0.3014 0.1406 0.1646 0.2549 0.4389 0.4890 0.2643 0.1395 0.1714 0.2717 0.4653 0.4741 0.2188 0.1398 0.1818 0.2967 0.4939 0.4464 0.1734 0.1433 0.1991 0.3362 0.5096 0.3951 0.1501 0.1520 0.2262 0.3936 0.5027 0.3113 0.1406 0.1668 0.2651 0.4618 0.4734 0.2248 0.1398 0.2248 0.4734 0.4618 0.2651 0.1668 0.1406 0.3113 0.5027 0.3936 0.2262 0.1520 0.1501 0.3951 0.5096 0.3362 0.1991 0.1433 0.1734 0.4464 0.4939 0.2967 0.1818 0.1398 0.2188 0.4741 0.4653 0.2717 0.1714 0.1395 0.2643 0.4890 0.4389 0.2549 0.1646 0.1406 0.3014 0.4984 0.4150 0.2412 0.1590 0.1428 0.3349 0.5049 0.3921 0.2291 0.1543 0.1460 0.3647 0.5089 0.3654
0.5073 0.3539 0.1447 0.1560 0.2335 0.4006 0.5027 0.3228 0.1418 0.1610 0.2460 0.4234 0.4954 0.2889 0.1401 0.1667 0.2600 0.4469 0.4853 0.2524 0.1394 0.1735 0.2761 0.4708 0.4707 0.2118 0.1400 0.1831 0.2990 0.4952 0.4451 0.1728 0.1433 0.1988 0.3348 0.5094 0.3983 0.1509 0.1512 0.2238 0.3884 0.5041 0.3203 0.1410 0.1650 0.2607 0.4553 0.4769 0.2196 0.1383 0.1539 0.1383 0.2196 0.4769 0.4553 0.2607 0.1650 0.1410 0.3203 0.5041 0.3884 0.2238 0.1512 0.1509 0.3983 0.5094 0.3348 0.1988 0.1433 0.1728 0.4451 0.4952 0.2990 0.1831 0.1400 0.2118 0.4707 0.4708 0.2761 0.1735 0.1394 0.2524 0.4853 0.4469 0.2600 0.1667 0.1401 0.2889 0.4954 0.4234 0.2460 0.1610 0.1418 0.3228 0.5027 0.4006 0.2335 0.1560 0.1447 0.3539 0.5073
0.3483 0.1435 0.1578 0.2381 0.4092 0.5003 0.3104 0.1411 0.1630 0.2510 0.4320 0.4921 0.2762 0.1398 0.1689 0.2652 0.4549 0.4812 0.2400 0.1394 0.1758 0.2812 0.4767 0.4665 0.2038 0.1403 0.1848 0.3024 0.4972 0.4426 0.1713 0.1434 0.1991 0.3348 0.5094 0.3999 0.1515 0.1507 0.2221 0.3843 0.5052 0.3278 0.1415 0.1635 0.2567 0.4488 0.4806 0.2276 0.1395 0.1774 0.2331 0.1774 0.1395 0.2276 0.4806 0.4488 0.2567 0.1635 0.1415 0.3278 0.5052 0.3843 0.2221 0.1507 0.1515 0.3999 0.5094 0.3348 0.1991 0.1434 0.1713 0.4426 0.4972 0.3024 0.1848 0.1403 0.2038 0.4665 0.4767 0.2812 0.1758 0.1394 0.2400 0.4812 0.4549 0.2652 0.1689 0.1398 0.2762 0.4921 0.4320 0.2510 0.1630 0.1411 0.3104 0.5003 0.4092 0.2381 0.1578 0.1435 0.3483
0.1544 0.1597 0.2429 0.4178 0.4975 0.2977 0.1405 0.1651 0.2561 0.4405 0.4884 0.2631 0.1395 0.1712 0.2706 0.4626 0.4767 0.2277 0.1395 0.1783 0.2867 0.4826 0.4616 0.1954 0.1407 0.1870 0.3067 0.4996 0.4389 0.1690 0.1438 0.2000 0.3362 0.5094 0.3999 0.1517 0.1504 0.2210 0.3815 0.5060 0.3335 0.1420 0.1623 0.2532 0.4429 0.4839 0.2370 0.1395 0.1801 0.2886 0.4089 0.2886 0.1801 0.1395 0.2370 0.4839 0.4429 0.2532 0.1623 0.1420 0.3335 0.5060 0.3815 0.2210 0.1504 0.1517 0.3999 0.5094 0.3362 0.2000 0.1438 0.1690 0.4389 0.4996 0.3067 0.1870 0.1407 0.1954 0.4616 0.4826 0.2867 0.1783 0.1395 0.2277 0.4767 0.4626 0.2706 0.1712 0.1395 0.2631 0.4884 0.4405 0.2561 0.1651 0.1405 0.2977 0.4975 0.4178 0.2429 0.1597 0.1544
0.1694 0.2478 0.4265 0.4943 0.2848 0.1400 0.1673 0.2614 0.4489 0.4844 0.2500 0.1394 0.1736 0.2761 0.4700 0.4718 0.2160 0.1398 0.1809 0.2926 0.4884 0.4560 0.1873 0.1412 0.1894 0.3117 0.5021 0.4341 0.1661 0.1444 0.2015 0.3388 0.5096 0.3983 0.1515 0.1504 0.2206 0.3801 0.5064 0.3375 0.1423 0.1613 0.2505 0.4377 0.4866 0.2460 0.1395 0.1788 0.2918 0.4852 0.4970 0.4852 0.2918 0.1788 0.1395 0.2460 0.4866 0.4377 0.2505 0.1613 0.1423 0.3375 0.5064 0.3801 0.2206 0.1504 0.1515 0.3983 0.5096 0.3388 0.2015 0.1444 0.1661 0.4341 0.5021 0.3117 0.1894 0.1412 0.1873 0.4560 0.4884 0.2926 0.1809 0.1398 0.2160 0.4718 0.4700 0.2761 0.1736 0.1394 0.2500 0.4844 0.4489 0.2614 0.1673 0.1400 0.2848 0.4943 0.4265 0.2478 0.1694
0.2540 0.4351 0.4909 0.2717 0.1397 0.1696 0.2668 0.4571 0.4801 0.2371 0.1394 0.1762 0.2819 0.4770 0.4667 0.2051 0.1402 0.1837 0.2987 0.4935 0.4499 0.1799 0.1419 0.1922 0.3174 0.5045 0.4282 0.1631 0.1451 0.2036 0.3425 0.5099 0.3951 0.1509 0.1507 0.2210 0.3801 0.5066 0.3395 0.1426 0.1606 0.2484 0.4336 0.4887 0.2539 0.1394 0.1770 0.2887 0.4882 0.4573 0.3101 0.4573 0.4882 0.2887 0.1770 0.1394 0.2539 0.4887 0.4336 0.2484 0.1606 0.1426 0.3395 0.5066 0.3801 0.2210 0.1507 0.1509 0.3951 0.5099 0.3425 0.2036 0.1451 0.1631 0.4282 0.5045 0.3174 0.1922 0.1419 0.1799 0.4499 0.4935 0.2987 0.1837 0.1402 0.2051 0.4667 0.4770 0.2819 0.1762 0.1394 0.2371 0.4801 0.4571 0.2668 0.1696 0.1397 0.2717 0.4909 0.4351 0.2540
0.4364 0.4872 0.2585 0.1395 0.1720 0.2723 0.4649 0.4753 0.2246 0.1396 0.1789 0.2878 0.4836 0.4611 0.1951 0.1406 0.1865 0.3049 0.4979 0.4432 0.1736 0.1427 0.1953 0.3238 0.5065 0.4215 0.1600 0.1460 0.2061 0.3473 0.5100 0.3904 0.1501 0.1512 0.2221 0.3815 0.5064 0.3395 0.1427 0.1603 0.2472 0.4308 0.4903 0.2601 0.1394 0.1755 0.2850 0.4855 0.4551 0.1900 0.1373 0.1900 0.4551 0.4855 0.2850 0.1755 0.1394 0.2601 0.4903 0.4308 0.2472 0.1603 0.1427 0.3395 0.5064 0.3815 0.2221 0.1512 0.1501 0.3904 0.5100 0.3473 0.2061 0.1460 0.1600 0.4215 0.5065 0.3238 0.1953 0.1427 0.1736 0.4432 0.4979 0.3049 0.1865 0.1406 0.1951 0.4611 0.4836 0.2878 0.1789 0.1396 0.2246 0.4753 0.4649 0.2723 0.1720 0.1395 0.2585 0.4872 0.4364
0.4849 0.2455 0.1394 0.1745 0.2781 0.4724 0.4703 0.2127 0.1399 0.1816 0.2940 0.4895 0.4550 0.1862 0.1413 0.1895 0.3113 0.5016 0.4362 0.1682 0.1437 0.1985 0.3305 0.5081 0.4140 0.1572 0.1470 0.2090 0.3530 0.5100 0.3842 0.1489 0.1520 0.2238 0.3843 0.5060 0.3375 0.1426 0.1603 0.2468 0.4293 0.4912 0.2645 0.1395 0.1743 0.2819 0.4821 0.4579 0.1850 0.1397 0.1600 0.1397 0.1850 0.4579 0.4821 0.2819 0.1743 0.1395 0.2645 0.4912 0.4293 0.2468 0.1603 0.1426 0.3375 0.5060 0.3843 0.2238 0.1520 0.1489 0.3842 0.5100 0.3530 0.2090 0.1470 0.1572 0.4140 0.5081 0.3305 0.1985 0.1437 0.1682 0.4362 0.5016 0.3113 0.1895 0.1413 0.1862 0.4550 0.4895 0.2940 0.1816 0.1399 0.2127 0.4703 0.4724 0.2781 0.1745 0.1394 0.2455 0.4849
0.2416 0.1395 0.1771 0.2839 0.4794 0.4648 0.2017 0.1403 0.1845 0.3003 0.4946 0.4484 0.1786 0.1420 0.1926 0.3179 0.5045 0.4288 0.1638 0.1447 0.2019 0.3376 0.5093 0.4057 0.1545 0.1482 0.2124 0.3595 0.5098 0.3768 0.1477 0.1529 0.2262 0.3884 0.5052 0.3335 0.1423 0.1606 0.2472 0.4293 0.4915 0.2667 0.1395 0.1735 0.2795 0.4790 0.4609 0.1882 0.1413 0.1873 0.2498 0.1873 0.1413 0.1882 0.4609 0.4790 0.2795 0.1735 0.1395 0.2667 0.4915 0.4293 0.2472 0.1606 0.1423 0.3335 0.5052 0.3884 0.2262 0.1529 0.1477 0.3768 0.5098 0.3595 0.2124 0.1482 0.1545 0.4057 0.5093 0.3376 0.2019 0.1447 0.1638 0.4288 0.5045 0.3179 0.1926 0.1420 0.1786 0.4484 0.4946 0.3003 0.1845 0.1403 0.2017 0.4648 0.4794 0.2839 0.1771 0.1395 0.2416
0.1512 0.1798 0.2900 0.4857 0.4589 0.1919 0.1408 0.1875 0.3068 0.4990 0.4415 0.1722 0.1429 0.1959 0.3248 0.5067 0.4211 0.1601 0.1459 0.2054 0.3448 0.5099 0.3968 0.1521 0.1495 0.2160 0.3666 0.5092 0.3682 0.1464 0.1541 0.2291 0.3936 0.5041 0.3278 0.1420 0.1613 0.2484 0.4308 0.4912 0.2667 0.1395 0.1731 0.2781 0.4768 0.4632 0.1920 0.1412 0.1910 0.3118 0.4395 0.3118 0.1910 0.1412 0.1920 0.4632 0.4768 0.2781 0.1731 0.1395 0.2667 0.4912 0.4308 0.2484 0.1613 0.1420 0.3278 0.5041 0.3936 0.2291 0.1541 0.1464 0.3682 0.5092 0.3666 0.2160 0.1495 0.1521 0.3968 0.5099 0.3448 0.2054 0.1459 0.1601 0.4211 0.5067 0.3248 0.1959 0.1429 0.1722 0.4415 0.4990 0.3068 0.1875 0.1408 0.1919 0.4589 0.4857 0.2900 0.1798 0.1512
0.1884 0.2962 0.4914 0.4527 0.1834 0.1415 0.1905 0.3134 0.5025 0.4341 0.1670 0.1439 0.1992 0.3319 0.5084 0.4129 0.1569 0.1470 0.2090 0.3522 0.5100 0.3876 0.1499 0.1509 0.2199 0.3743 0.5082 0.3585 0.1451 0.1555 0.2326 0.3998 0.5027 0.3203 0.1415 0.1623 0.2505 0.4336 0.4903 0.2645 0.1395 0.1731 0.2776 0.4757 0.4645 0.1950 0.1410 0.1904 0.3168 0.5017 0.4853 0.5017 0.3168 0.1904 0.1410 0.1950 0.4645 0.4757 0.2776 0.1731 0.1395 0.2645 0.4903 0.4336 0.2505 0.1623 0.1415 0.3203 0.5027 0.3998 0.2326 0.1555 0.1451 0.3585 0.5082 0.3743 0.2199 0.1509 0.1499 0.3876 0.5100 0.3522 0.2090 0.1470 0.1569 0.4129 0.5084 0.3319 0.1992 0.1439 0.1670 0.4341 0.5025 0.3134 0.1905 0.1415 0.1834 0.4527 0.4914 0.2962 0.1884
0.3011 0.4964 0.4460 0.1762 0.1423 0.1937 0.3202 0.5053 0.4265 0.1627 0.1450 0.2027 0.3392 0.5094 0.4041 0.1541 0.1483 0.2127 0.3598 0.5098 0.3779 0.1481 0.1524 0.2239 0.3823 0.5069 0.3479 0.1440 0.1571 0.2365 0.4068 0.5008 0.3113 0.1410 0.1635 0.2532 0.4377 0.4887 0.2601 0.1395 0.1735 0.2781 0.4757 0.4650 0.1966 0.1409 0.1896 0.3156 0.5046 0.4314 0.2610 0.4314 0.5046 0.3156 0.1896 0.1409 0.1966 0.4650 0.4757 0.2781 0.1735 0.1395 0.2601 0.4887 0.4377 0.2532 0.1635 0.1410 0.3113 0.5008 0.4068 0.2365 0.1571 0.1440 0.3479 0.5069 0.3823 0.2239 0.1524 0.1481 0.3779 0.5098 0.3598 0.2127 0.1483 0.1541 0.4041 0.5094 0.3392 0.2027 0.1450 0.1627 0.4265 0.5053 0.3202 0.1937 0.1423 0.1762 0.4460 0.4964 0.3011
0.4957 0.4390 0.1703 0.1432 0.1970 0.3272 0.5074 0.4184 0.1590 0.1462 0.2064 0.3467 0.5099 0.3949 0.1516 0.1497 0.2165 0.3675 0.5091 0.3678 0.1465 0.1539 0.2281 0.3904 0.5052 0.3367 0.1429 0.1588 0.2408 0.4144 0.4985 0.3011 0.1406 0.1650 0.2567 0.4429 0.4866 0.2539 0.1394 0.1743 0.2795 0.4768 0.4645 0.1966 0.1408 0.1891 0.3142 0.5045 0.4252 0.1636 0.1366 0.1636 0.4252 0.5045 0.3142 0.1891 0.1408 0.1966 0.4645 0.4768 0.2795 0.1743 0.1394 0.2539 0.4866 0.4429 0.2567 0.1650 0.1406 0.3011 0.4985 0.4144 0.2408 0.1588 0.1429 0.3367 0.5052 0.3904 0.2281 0.1539 0.1465 0.3678 0.5091 0.3675 0.2165 0.1497 0.1516 0.3949 0.5099 0.3467 0.2064 0.1462 0.1590 0.4184 0.5074 0.3272 0.1970 0.1432 0.1703 0.4390 0.4957
0.4352 0.1654 0.1443 0.2004 0.3344 0.5088 0.4099 0.1559 0.1475 0.2101 0.3543 0.5100 0.3853 0.1495 0.1512 0.2206 0.3755 0.5081 0.3573 0.1451 0.1556 0.2324 0.3986 0.5032 0.3252 0.1420 0.1607 0.2454 0.4225 0.4957 0.2897 0.1401 0.1668 0.2607 0.4488 0.4839 0.2460 0.1394 0.1755 0.2819 0.4790 0.4632 0.1950 0.1409 0.1891 0.3137 0.5042 0.4255 0.1605 0.1436 0.1694 0.1436 0.1605 0.4255 0.5042 0.3137 0.1891 0.1409 0.1950 0.4632 0.4790 0.2819 0.1755 0.1394 0.2460 0.4839 0.4488 0.2607 0.1668 0.1401 0.2897 0.4957 0.4225 0.2454 0.1607 0.1420 0.3252 0.5032 0.3986 0.2324 0.1556 0.1451 0.3573 0.5081 0.3755 0.2206 0.1512 0.1495 0.3853 0.5100 0.3543 0.2101 0.1475 0.1559 0.4099 0.5088 0.3344 0.2004 0.1443 0.1654 0.4352
0.1727 0.1454 0.2039 0.3417 0.5096 0.4010 0.1532 0.1488 0.2139 0.3621 0.5096 0.3753 0.1477 0.1527 0.2247 0.3837 0.5066 0.3464 0.1438 0.1572 0.2367 0.4068 0.5009 0.3134 0.1412 0.1626 0.2501 0.4307 0.4926 0.2777 0.1398 0.1688 0.2651 0.4553 0.4806 0.2370 0.1395 0.1770 0.2850 0.4821 0.4609 0.1920 0.1410 0.1896 0.3142 0.5042 0.4259 0.1605 0.1460 0.2022 0.2742 0.2022 0.1460 0.1605 0.4259 0.5042 0.3142 0.1896 0.1410 0.1920 0.4609 0.4821 0.2850 0.1770 0.1395 0.2370 0.4806 0.4553 0.2651 0.1688 0.1398 0.2777 0.4926 0.4307 0.2501 0.1626 0.1412 0.3134 0.5009 0.4068 0.2367 0.1572 0.1438 0.3464 0.5066 0.3837 0.2247 0.1527 0.1477 0.3753 0.5096 0.3621 0.2139 0.1488 0.1532 0.4010 0.5096 0.3417 0.2039 0.1454 0.1727
0.1563 0.2074 0.3489 0.5100 0.3921 0.1509 0.1501 0.2176 0.3698 0.5088 0.3653 0.1461 0.1542 0.2288 0.3917 0.5049 0.3354 0.1428 0.1589 0.2411 0.4148 0.4984 0.3017 0.1406 0.1645 0.2548 0.4385 0.4892 0.2656 0.1395 0.1708 0.2698 0.4618 0.4769 0.2276 0.1395 0.1788 0.2887 0.4855 0.4579 0.1882 0.1412 0.1904 0.3156 0.5045 0.4255 0.1605 0.1462 0.2075 0.3452 0.4753 0.3452 0.2075 0.1462 0.1605 0.4255 0.5045 0.3156 0.1904 0.1412 0.1882 0.4579 0.4855 0.2887 0.1788 0.1395 0.2276 0.4769 0.4618 0.2698 0.1708 0.1395 0.2656 0.4892 0.4385 0.2548 0.1645 0.1406 0.3017 0.4984 0.4148 0.2411 0.1589 0.1428 0.3354 0.5049 0.3917 0.2288 0.1542 0.1461 0.3653 0.5088 0.3698 0.2176 0.1501 0.1509 0.3921 0.5100 0.3489 0.2074 0.1563
0.2138 0.3549 0.5097 0.3846 0.1492 0.1510 0.2207 0.3761 0.5077 0.3568 0.1448 0.1553 0.2321 0.3982 0.5030 0.3261 0.1419 0.1602 0.2446 0.4212 0.4959 0.2920 0.1400 0.1659 0.2586 0.4448 0.4860 0.2557 0.1392 0.1724 0.2738 0.4671 0.4734 0.2196 0.1395 0.1801 0.2918 0.4882 0.4551 0.1850 0.1413 0.1910 0.3168 0.5046 0.4252 0.1605 0.1460 0.2075 0.3520 0.5083 0.4643 0.5083 0.3520 0.2075 0.1460 0.1605 0.4252 0.5046 0.3168 0.1910 0.1413 0.1850 0.4551 0.4882 0.2918 0.1801 0.1395 0.2196 0.4734 0.4671 0.2738 0.1724 0.1392 0.2557 0.4860 0.4448 0.2586 0.1659 0.1400 0.2920 0.4959 0.4212 0.2446 0.1602 0.1419 0.3261 0.5030 0.3982 0.2321 0.1553 0.1448 0.3568 0.5077 0.3761 0.2207 0.1510 0.1492 0.3846 0.5097 0.3549 0.2138
0.3483 0.5087 0.3881 0.1489 0.1492 0.2180 0.3744 0.5066 0.3609 0.1443 0.1534 0.2294 0.3965 0.5022 0.3306 0.1411 0.1581 0.2418 0.4192 0.4953 0.2970 0.1391 0.1637 0.2558 0.4427 0.4858 0.2608 0.1382 0.1700 0.2712 0.4649 0.4737 0.2248 0.1383 0.1774 0.2886 0.4852 0.4573 0.1900 0.1397 0.1873 0.3118 0.5017 0.4314 0.1636 0.1436 0.2022 0.3452 0.5083 0.4016 0.2161 0.4016 0.5083 0.3452 0.2022 0.1436 0.1636 0.4314 0.5017 0.3118 0.1873 0.1397 0.1900 0.4573 0.4852 0.2886 0.1774 0.1383 0.2248 0.4737 0.4649 0.2712 0.1700 0.1382 0.2608 0.4858 0.4427 0.2558 0.1637 0.1391 0.2970 0.4953 0.4192 0.2418 0.1581 0.1411 0.3306 0.5022 0.3965 0.2294 0.1534 0.1443 0.3609 0.5066 0.3744 0.2180 0.1492 0.1489 0.3881 0.5087 0.3483
0.4784 0.4590 0.1964 0.1380 0.1816 0.3009 0.4963 0.4430 0.1734 0.1398 0.1898 0.3193 0.5041 0.4239 0.1590 0.1423 0.1988 0.3390 0.5073 0.4017 0.1499 0.1455 0.2089 0.3608 0.5069 0.3757 0.1438 0.1494 0.2203 0.3840 0.5034 0.3461 0.1398 0.1539 0.2331 0.4089 0.4970 0.3101 0.1373 0.1600 0.2498 0.4395 0.4853 0.2610 0.1366 0.1694 0.2742 0.4753 0.4643 0.2161 0.1356 0.2161 0.4643 0.4753 0.2742 0.1694 0.1366 0.2610 0.4853 0.4395 0.2498 0.1600 0.1373 0.3101 0.4970 0.4089 0.2331 0.1539 0.1398 0.3461 0.5034 0.3840 0.2203 0.1494 0.1438 0.3757 0.5069 0.3608 0.2089 0.1455 0.1499 0.4017 0.5073 0.3390 0.1988 0.1423 0.1590 0.4239 0.5041 0.3193 0.1898 0.1398 0.1734 0.4430 0.4963 0.3009 0.1816 0.1380 0.1964 0.4590 0.4784
0.3483 0.5087 0.3881 0.1489 0.1492 0.2180 0.3744 0.5066 0.3609 0.1443 0.1534 0.2294 0.3965 0.5022 0.3306 0.1411 0.1581 0.2418 0.4192 0.4953 0.2970 0.1391 0.1637 0.2558 0.4427 0.4858 0.2608 0.1382 0.1700 0.2712 0.4649 0.4737 0.2248 0.1383 0.1774 0.2886 0.4852 0.4573 0.1900 0.1397 0.1873 0.3118 0.5017 0.4314 0.1636 0.1436 0.2022 0.3452 0.5083 0.4016 0.2161 0.4016 0.5083 0.3452 0.2022 0.1436 0.1636 0.4314 0.5017 0.3118 0.1873 0.1397 0.1900 0.4573 0.4852 0.2886 0.1774 0.1383 0.2248 0.4737 0.4649 0.2712 0.1700 0.1382 0.2608 0.4858 0.4427 0.2558 0.1637 0.1391 0.2970 0.4953 0.4192 0.2418 0.1581 0.1411 0.3306 0.5022 0.3965 0.2294 0.1534 0.1443 0.3609 0.5066 0.3744 0.2180 0.1492 0.1489 0.3881 0.5087 0.3483
0.2138 0.3549 0.5097 0.3846 0.1492 0.1510 0.2207 0.3761 0.5077 0.3568 0.1448 0.1553 0.2321 0.3982 0.5030 0.3261 0.1419 0.1602 0.2446 0.4212 0.4959 0.2920 0.1400 0.1659 0.2586 0.4448 0.4860 0.2557 0.1392 0.1724 0.2738 0.4671 0.4734 0.2196 0.1395 0.1801 0.2918 0.4882 0.4551 0.1850 0.1413 0.1910 0.3168 0.5046 0.4252 0.1605 0.1460 0.2075 0.3520 0.5083 0.4643 0.5083 0.3520 0.2075 0.1460 0.1605 0.4252 0.5046 0.3168 0.1910 0.1413 0.1850 0.4551 0.4882 0.2918 0.1801 0.1395 0.2196 0.4734 0.4671 0.2738 0.1724 0.1392 0.2557 0.4860 0.4448 0.2586 0.1659 0.1400 0.2920 0.4959 0.4212 0.2446 0.1602 0.1419 0.3261 0.5030 0.3982 0.2321 0.1553 0.1448 0.3568 0.5077 0.3761 0.2207 0.1510 0.1492 0.3846 0.5097 0.3549 0.2138
0.1563 0.2074 0.3489 0.5100 0.3921 0.1509 0.1501 0.2176 0.3698 0.5088 0.3653 0.1461 0.1542 0.2288 0.3917 0.5049 0.3354 0.1428 0.1589 0.2411 0.4148 0.4984 0.3017 0.1406 0.1645 0.2548 0.4385 0.4892 0.2656 0.1395 0.1708 0.2698 0.4618 0.4769 0.2276 0.1395 0.1788 0.2887 0.4855 0.4579 0.1882 0.1412 0.1904 0.3156 0.5045 0.4255 0.1605 0.1462 0.2075 0.3452 0.4753 0.3452 0.2075 0.1462 0.1605 0.4255 0.5045 0.3156 0.1904 0.1412 0.1882 0.4579 0.4855 0.2887 0.1788 0.1395 0.2276 0.4769 0.4618 0.2698 0.1708 0.1395 0.2656 0.4892 0.4385 0.2548 0.1645 0.1406 0.3017 0.4984 0.4148 0.2411 0.1589 0.1428 0.3354 0.5049 0.3917 0.2288 0.1542 0.1461 0.3653 0.5088 0.3698 0.2176 0.1501 0.1509 0.3921 0.5100 0.3489 0.2074 0.1563
0.1727 0.1454 0.2039 0.3417 0.5096 0.4010 0.1532 0.1488 0.2139 0.3621 0.5096 0.3753 0.1477 0.1527 0.2247 0.3837 0.5066 0.3464 0.1438 0.1572 0.2367 0.4068 0.5009 0.3134 0.1412 0.1626 0.2501 0.4307 0.4926 0.2777 0.1398 0.1688 0.2651 0.4553 0.4806 0.2370 0.1395 0.1770 0.2850 0.4821 0.4609 0.1920 0.1410 0.1896 0.3142 0.5042 0.4259 0.1605 0.1460 0.2022 0.2742 0.2022 0.1460 0.1605 0.4259 0.5042 0.3142 0.1896 0.1410 0.1920 0.4609 0.4821 0.2850 0.1770 0.1395 0.2370 0.4806 0.4553 0.2651 0.1688 0.1398 0.2777 0.4926 0.4307 0.2501 0.1626 0.1412 0.3134 0.5009 0.4068 0.2367 0.1572 0.1438 0.3464 0.5066 0.3837 0.2247 0.1527 0.1477 0.3753 0.5096 0.3621 0.2139 0.1488 0.1532 0.4010 0.5096 0.3417 0.2039 0.1454 0.1727
0.4352 0.1654 0.1443 0.2004 0.3344 0.5088 0.4099 0.1559 0.1475 0.2101 0.3543 0.5100 0.3853 0.1495 0.1512 0.2206 0.3755 0.5081 0.3573 0.1451 0.1556 0.2324 0.3986 0.5032 0.3252 0.1420 0.1607 0.2454 0.4225 0.4957 0.2897 0.1401 0.1668 0.2607 0.4488 0.4839 0.2460 0.1394 0.1755 0.2819 0.4790 0.4632 0.1950 0.1409 0.1891 0.3137 0.5042 0.4255 0.1605 0.1436 0.1694 0.1436 0.1605 0.4255 0.5042 0.3137 0.1891 0.1409 0.1950 0.4632 0.4790 0.2819 0.1755 0.1394 0.2460 0.4839 0.4488 0.2607 0.1668 0.1401 0.2897 0.4957 0.4225 0.2454 0.1607 0.1420 0.3252 0.5032 0.3986 0.2324 0.1556 0.1451 0.3573 0.5081 0.3755 0.2206 0.1512 0.1495 0.3853 0.5100 0.3543 0.2101 0.1475 0.1559 0.4099 0.5088 0.3344 0.2004 0.1443 0.1654 0.4352
