-0.1986 -0.3030 -0.3457 -0.0370 0.2105 -0.1001 -0.2531 -0.3232 -0.3410 0.0678 0.2631 -0.1709 -0.2787 -0.3375 -0.2568 0.1356 0.1468 -0.2168 -0.3020 -0.3455 -0.0484 0.2060 -0.0923 -0.2512 -0.3219 -0.3429 0.0624 0.2616 -0.1670 -0.2769 -0.3366 -0.2682 0.1305 0.1679 -0.2137 -0.3004 -0.3450 -0.0620 0.2012 -0.0834 -0.2493 -0.3206 -0.3445 0.0567 0.2594 -0.1630 -0.2750 -0.3359 -0.2827 0.1106 0.2337 0.1106 -0.2827 -0.3359 -0.2750 -0.1630 0.2594 0.0567 -0.3445 -0.3206 -0.2493 -0.0834 0.2012 -0.0620 -0.3450 -0.3004 -0.2137 0.1679 0.1305 -0.2682 -0.3366 -0.2769 -0.1670 0.2616 0.0624 -0.3429 -0.3219 -0.2512 -0.0923 0.2060 -0.0484 -0.3455 -0.3020 -0.2168 0.1468 0.1356 -0.2568 -0.3375 -0.2787 -0.1709 0.2631 0.0678 -0.3410 -0.3232 -0.2531 -0.1001 0.2105 -0.0370 -0.3457 -0.3030 -0.1986
-0.3030 -0.3620 -0.0351 0.2075 -0.0924 -0.2757 -0.3432 -0.3545 0.0671 0.2662 -0.1753 -0.3003 -0.3561 -0.2673 0.1329 0.1852 -0.2317 -0.3229 -0.3619 -0.0514 0.2021 -0.0820 -0.2737 -0.3420 -0.3567 0.0617 0.2635 -0.1707 -0.2985 -0.3554 -0.2790 0.1280 0.2032 -0.2276 -0.3214 -0.3617 -0.0656 0.1974 -0.0710 -0.2718 -0.3408 -0.3585 0.0561 0.2602 -0.1660 -0.2968 -0.3547 -0.2903 0.1204 0.2499 -0.1394 0.2499 0.1204 -0.2903 -0.3547 -0.2968 -0.1660 0.2602 0.0561 -0.3585 -0.3408 -0.2718 -0.0710 0.1974 -0.0656 -0.3617 -0.3214 -0.2276 0.2032 0.1280 -0.2790 -0.3554 -0.2985 -0.1707 0.2635 0.0617 -0.3567 -0.3420 -0.2737 -0.0820 0.2021 -0.0514 -0.3619 -0.3229 -0.2317 0.1852 0.1329 -0.2673 -0.3561 -0.3003 -0.1753 0.2662 0.0671 -0.3545 -0.3432 -0.2757 -0.0924 0.2075 -0.0351 -0.3620 -0.3030
-0.3457 -0.0351 0.2046 -0.0831 -0.2734 -0.3415 -0.3574 0.0589 0.2619 -0.1682 -0.2975 -0.3550 -0.2849 0.1251 0.2121 -0.2253 -0.3204 -0.3615 -0.0740 0.1945 -0.0643 -0.2707 -0.3400 -0.3592 0.0527 0.2583 -0.1633 -0.2957 -0.3542 -0.2949 0.1203 0.2263 -0.2213 -0.3188 -0.3613 -0.0898 0.1898 -0.0512 -0.2688 -0.3387 -0.3605 0.0467 0.2544 -0.1583 -0.2939 -0.3534 -0.3041 0.1151 0.2430 -0.2078 -0.2836 -0.2078 0.2430 0.1151 -0.3041 -0.3534 -0.2939 -0.1583 0.2544 0.0467 -0.3605 -0.3387 -0.2688 -0.0512 0.1898 -0.0898 -0.3613 -0.3188 -0.2213 0.2263 0.1203 -0.2949 -0.3542 -0.2957 -0.1633 0.2583 0.0527 -0.3592 -0.3400 -0.2707 -0.0643 0.1945 -0.0740 -0.3615 -0.3204 -0.2253 0.2121 0.1251 -0.2849 -0.3550 -0.2975 -0.1682 0.2619 0.0589 -0.3574 -0.3415 -0.2734 -0.0831 0.2046 -0.0351 -0.3457
-0.0370 0.2075 -0.0831 -0.2725 -0.3404 -0.3591 0.0519 0.2571 -0.1613 -0.2949 -0.3538 -0.2998 0.1178 0.2330 -0.2190 -0.3179 -0.3611 -0.0991 0.1872 -0.0431 -0.2678 -0.3380 -0.3611 0.0433 0.2521 -0.1554 -0.2929 -0.3529 -0.3087 0.1129 0.2439 -0.2149 -0.3163 -0.3608 -0.1163 0.1826 -0.0272 -0.2658 -0.3366 -0.3619 0.0368 0.2478 -0.1502 -0.2911 -0.3520 -0.3164 0.1081 0.2530 -0.2093 -0.3126 -0.3564 -0.3126 -0.2093 0.2530 0.1081 -0.3164 -0.3520 -0.2911 -0.1502 0.2478 0.0368 -0.3619 -0.3366 -0.2658 -0.0272 0.1826 -0.1163 -0.3608 -0.3163 -0.2149 0.2439 0.1129 -0.3087 -0.3529 -0.2929 -0.1554 0.2521 0.0433 -0.3611 -0.3380 -0.2678 -0.0431 0.1872 -0.0991 -0.3611 -0.3179 -0.2190 0.2330 0.1178 -0.2998 -0.3538 -0.2949 -0.1613 0.2571 0.0519 -0.3591 -0.3404 -0.2725 -0.0831 0.2075 -0.0370
0.2105 -0.0924 -0.2734 -0.3404 -0.3597 0.0475 0.2533 -0.1555 -0.2926 -0.3526 -0.3118 0.1108 0.2482 -0.2129 -0.3154 -0.3606 -0.1260 0.1796 -0.0176 -0.2648 -0.3359 -0.3622 0.0331 0.2452 -0.1471 -0.2901 -0.3515 -0.3204 0.1055 0.2563 -0.2086 -0.3137 -0.3603 -0.1440 0.1742 0.0018 -0.2628 -0.3345 -0.3627 0.0261 0.2406 -0.1415 -0.2883 -0.3506 -0.3268 0.1008 0.2620 -0.2042 -0.3117 -0.3671 -0.3610 -0.3671 -0.3117 -0.2042 0.2620 0.1008 -0.3268 -0.3506 -0.2883 -0.1415 0.2406 0.0261 -0.3627 -0.3345 -0.2628 0.0018 0.1742 -0.1440 -0.3603 -0.3137 -0.2086 0.2563 0.1055 -0.3204 -0.3515 -0.2901 -0.1471 0.2452 0.0331 -0.3622 -0.3359 -0.2648 -0.0176 0.1796 -0.1260 -0.3606 -0.3154 -0.2129 0.2482 0.1108 -0.3118 -0.3526 -0.2926 -0.1555 0.2533 0.0475 -0.3597 -0.3404 -0.2734 -0.0924 0.2105
-0.1001 -0.2757 -0.3415 -0.3591 0.0475 0.2518 -0.1521 -0.2910 -0.3516 -0.3206 0.1046 0.2582 -0.2070 -0.3130 -0.3600 -0.1532 0.1711 0.0129 -0.2610 -0.3337 -0.3628 0.0219 0.2379 -0.1381 -0.2872 -0.3500 -0.3301 0.0981 0.2643 -0.2022 -0.3111 -0.3596 -0.1719 0.1652 0.0362 -0.2578 -0.3323 -0.3629 0.0141 0.2330 -0.1320 -0.2854 -0.3490 -0.3355 0.0933 0.2676 -0.1980 -0.3093 -0.3600 -0.2242 0.0662 -0.2242 -0.3600 -0.3093 -0.1980 0.2676 0.0933 -0.3355 -0.3490 -0.2854 -0.1320 0.2330 0.0141 -0.3629 -0.3323 -0.2578 0.0362 0.1652 -0.1719 -0.3596 -0.3111 -0.2022 0.2643 0.0981 -0.3301 -0.3500 -0.2872 -0.1381 0.2379 0.0219 -0.3628 -0.3337 -0.2610 0.0129 0.1711 -0.1532 -0.3600 -0.3130 -0.2070 0.2582 0.1046 -0.3206 -0.3516 -0.2910 -0.1521 0.2518 0.0475 -0.3591 -0.3415 -0.2757 -0.1001
-0.2531 -0.3432 -0.3574 0.0519 0.2533 -0.1521 -0.2904 -0.3509 -0.3261 0.0998 0.2639 -0.2018 -0.3107 -0.3594 -0.1790 0.1626 0.0477 -0.2556 -0.3315 -0.3629 0.0097 0.2303 -0.1285 -0.2844 -0.3484 -0.3382 0.0906 0.2688 -0.1957 -0.3084 -0.3589 -0.1989 0.1566 0.0746 -0.2511 -0.3300 -0.3627 0.0008 0.2252 -0.1217 -0.2825 -0.3474 -0.3427 0.0858 0.2700 -0.1915 -0.3067 -0.3585 -0.2217 0.1351 0.2539 0.1351 -0.2217 -0.3585 -0.3067 -0.1915 0.2700 0.0858 -0.3427 -0.3474 -0.2825 -0.1217 0.2252 0.0008 -0.3627 -0.3300 -0.2511 0.0746 0.1566 -0.1989 -0.3589 -0.3084 -0.1957 0.2688 0.0906 -0.3382 -0.3484 -0.2844 -0.1285 0.2303 0.0097 -0.3629 -0.3315 -0.2556 0.0477 0.1626 -0.1790 -0.3594 -0.3107 -0.2018 0.2639 0.0998 -0.3261 -0.3509 -0.2904 -0.1521 0.2533 0.0519 -0.3574 -0.3432 -0.2531
-0.3232 -0.3545 0.0589 0.2571 -0.1555 -0.2910 -0.3509 -0.3279 0.0971 0.2667 -0.1978 -0.3088 -0.3588 -0.2015 0.1551 0.0836 -0.2494 -0.3293 -0.3626 -0.0038 0.2225 -0.1179 -0.2815 -0.3468 -0.3448 0.0830 0.2702 -0.1891 -0.3058 -0.3581 -0.2241 0.1483 0.1144 -0.2446 -0.3277 -0.3625 -0.0143 0.2173 -0.1102 -0.2796 -0.3457 -0.3484 0.0780 0.2698 -0.1848 -0.3040 -0.3575 -0.2401 0.1401 0.1958 -0.1646 0.1958 0.1401 -0.2401 -0.3575 -0.3040 -0.1848 0.2698 0.0780 -0.3484 -0.3457 -0.2796 -0.1102 0.2173 -0.0143 -0.3625 -0.3277 -0.2446 0.1144 0.1483 -0.2241 -0.3581 -0.3058 -0.1891 0.2702 0.0830 -0.3448 -0.3468 -0.2815 -0.1179 0.2225 -0.0038 -0.3626 -0.3293 -0.2494 0.0836 0.1551 -0.2015 -0.3588 -0.3088 -0.1978 0.2667 0.0971 -0.3279 -0.3509 -0.2910 -0.1555 0.2571 0.0589 -0.3545 -0.3232
-0.3410 0.0671 0.2619 -0.1613 -0.2926 -0.3516 -0.3261 0.0971 0.2675 -0.1955 -0.3075 -0.3583 -0.2189 0.1489 0.1162 -0.2437 -0.3272 -0.3624 -0.0186 0.2150 -0.1063 -0.2787 -0.3451 -0.3501 0.0753 0.2692 -0.1824 -0.3031 -0.3571 -0.2469 0.1404 0.1521 -0.2381 -0.3253 -0.3622 -0.0315 0.2095 -0.0971 -0.2767 -0.3439 -0.3530 0.0700 0.2674 -0.1779 -0.3013 -0.3565 -0.2603 0.1348 0.1830 -0.2250 -0.2918 -0.2250 0.1830 0.1348 -0.2603 -0.3565 -0.3013 -0.1779 0.2674 0.0700 -0.3530 -0.3439 -0.2767 -0.0971 0.2095 -0.0315 -0.3622 -0.3253 -0.2381 0.1521 0.1404 -0.2469 -0.3571 -0.3031 -0.1824 0.2692 0.0753 -0.3501 -0.3451 -0.2787 -0.1063 0.2150 -0.0186 -0.3624 -0.3272 -0.2437 0.1162 0.1489 -0.2189 -0.3583 -0.3075 -0.1955 0.2675 0.0971 -0.3261 -0.3516 -0.2926 -0.1613 0.2619 0.0671 -0.3410
0.0678 0.2662 -0.1682 -0.2949 -0.3526 -0.3206 0.0998 0.2667 -0.1955 -0.3070 -0.3580 -0.2298 0.1444 0.1415 -0.2389 -0.3253 -0.3621 -0.0345 0.2080 -0.0937 -0.2759 -0.3433 -0.3542 0.0674 0.2663 -0.1756 -0.3004 -0.3561 -0.2670 0.1327 0.1849 -0.2317 -0.3229 -0.3619 -0.0513 0.2020 -0.0821 -0.2737 -0.3420 -0.3566 0.0616 0.2635 -0.1708 -0.2985 -0.3554 -0.2788 0.1277 0.2045 -0.2261 -0.3200 -0.3622 -0.3200 -0.2261 0.2045 0.1277 -0.2788 -0.3554 -0.2985 -0.1708 0.2635 0.0616 -0.3566 -0.3420 -0.2737 -0.0821 0.2020 -0.0513 -0.3619 -0.3229 -0.2317 0.1849 0.1327 -0.2670 -0.3561 -0.3004 -0.1756 0.2663 0.0674 -0.3542 -0.3433 -0.2759 -0.0937 0.2080 -0.0345 -0.3621 -0.3253 -0.2389 0.1415 0.1444 -0.2298 -0.3580 -0.3070 -0.1955 0.2667 0.0998 -0.3206 -0.3526 -0.2949 -0.1682 0.2662 0.0678
0.2631 -0.1753 -0.2975 -0.3538 -0.3118 0.1046 0.2639 -0.1978 -0.3075 -0.3580 -0.2334 0.1420 0.1571 -0.2354 -0.3238 -0.3619 -0.0501 0.2017 -0.0802 -0.2732 -0.3415 -0.3573 0.0592 0.2621 -0.1686 -0.2977 -0.3550 -0.2844 0.1253 0.2117 -0.2254 -0.3205 -0.3615 -0.0738 0.1945 -0.0644 -0.2708 -0.3400 -0.3592 0.0528 0.2583 -0.1633 -0.2957 -0.3542 -0.2948 0.1203 0.2264 -0.2210 -0.3186 -0.3690 -0.3408 -0.3690 -0.3186 -0.2210 0.2264 0.1203 -0.2948 -0.3542 -0.2957 -0.1633 0.2583 0.0528 -0.3592 -0.3400 -0.2708 -0.0644 0.1945 -0.0738 -0.3615 -0.3205 -0.2254 0.2117 0.1253 -0.2844 -0.3550 -0.2977 -0.1686 0.2621 0.0592 -0.3573 -0.3415 -0.2732 -0.0802 0.2017 -0.0501 -0.3619 -0.3238 -0.2354 0.1571 0.1420 -0.2334 -0.3580 -0.3075 -0.1978 0.2639 0.1046 -0.3118 -0.3538 -0.2975 -0.1753 0.2631
-0.1709 -0.3003 -0.3550 -0.2998 0.1108 0.2582 -0.2018 -0.3088 -0.3583 -0.2298 0.1420 0.1624 -0.2335 -0.3227 -0.3617 -0.0636 0.1965 -0.0665 -0.2708 -0.3398 -0.3595 0.0509 0.2569 -0.1613 -0.2950 -0.3538 -0.2993 0.1180 0.2324 -0.2192 -0.3180 -0.3611 -0.0987 0.1873 -0.0434 -0.2678 -0.3380 -0.3611 0.0433 0.2521 -0.1555 -0.2929 -0.3529 -0.3086 0.1129 0.2438 -0.2150 -0.3162 -0.3616 -0.1545 0.0856 -0.1545 -0.3616 -0.3162 -0.2150 0.2438 0.1129 -0.3086 -0.3529 -0.2929 -0.1555 0.2521 0.0433 -0.3611 -0.3380 -0.2678 -0.0434 0.1873 -0.0987 -0.3611 -0.3180 -0.2192 0.2324 0.1180 -0.2993 -0.3538 -0.2950 -0.1613 0.2569 0.0509 -0.3595 -0.3398 -0.2708 -0.0665 0.1965 -0.0636 -0.3617 -0.3227 -0.2335 0.1624 0.1420 -0.2298 -0.3583 -0.3088 -0.2018 0.2582 0.1108 -0.2998 -0.3550 -0.3003 -0.1709
-0.2787 -0.3561 -0.2849 0.1178 0.2482 -0.2070 -0.3107 -0.3588 -0.2189 0.1444 0.1571 -0.2335 -0.3224 -0.3615 -0.0731 0.1927 -0.0544 -0.2687 -0.3383 -0.3610 0.0428 0.2513 -0.1541 -0.2923 -0.3526 -0.3119 0.1109 0.2479 -0.2131 -0.3155 -0.3606 -0.1251 0.1798 -0.0181 -0.2648 -0.3359 -0.3622 0.0331 0.2453 -0.1472 -0.2901 -0.3515 -0.3203 0.1056 0.2562 -0.2086 -0.3137 -0.3604 -0.1513 0.1546 0.2649 0.1546 -0.1513 -0.3604 -0.3137 -0.2086 0.2562 0.1056 -0.3203 -0.3515 -0.2901 -0.1472 0.2453 0.0331 -0.3622 -0.3359 -0.2648 -0.0181 0.1798 -0.1251 -0.3606 -0.3155 -0.2131 0.2479 0.1109 -0.3119 -0.3526 -0.2923 -0.1541 0.2513 0.0428 -0.3610 -0.3383 -0.2687 -0.0544 0.1927 -0.0731 -0.3615 -0.3224 -0.2335 0.1571 0.1444 -0.2189 -0.3588 -0.3107 -0.2070 0.2482 0.1178 -0.2849 -0.3561 -0.2787
-0.3375 -0.2673 0.1251 0.2330 -0.2129 -0.3130 -0.3594 -0.2015 0.1489 0.1415 -0.2354 -0.3227 -0.3615 -0.0765 0.1907 -0.0459 -0.2672 -0.3370 -0.3619 0.0354 0.2459 -0.1470 -0.2898 -0.3513 -0.3223 0.1039 0.2586 -0.2069 -0.3130 -0.3601 -0.1523 0.1715 0.0119 -0.2612 -0.3338 -0.3628 0.0221 0.2380 -0.1383 -0.2873 -0.3500 -0.3301 0.0982 0.2643 -0.2022 -0.3111 -0.3597 -0.1733 0.1613 0.1031 -0.1876 0.1031 0.1613 -0.1733 -0.3597 -0.3111 -0.2022 0.2643 0.0982 -0.3301 -0.3500 -0.2873 -0.1383 0.2380 0.0221 -0.3628 -0.3338 -0.2612 0.0119 0.1715 -0.1523 -0.3601 -0.3130 -0.2069 0.2586 0.1039 -0.3223 -0.3513 -0.2898 -0.1470 0.2459 0.0354 -0.3619 -0.3370 -0.2672 -0.0459 0.1907 -0.0765 -0.3615 -0.3227 -0.2354 0.1415 0.1489 -0.2015 -0.3594 -0.3130 -0.2129 0.2330 0.1251 -0.2673 -0.3375
-0.2568 0.1329 0.2121 -0.2190 -0.3154 -0.3600 -0.1790 0.1551 0.1162 -0.2389 -0.3238 -0.3617 -0.0731 0.1907 -0.0428 -0.2664 -0.3362 -0.3623 0.0293 0.2412 -0.1406 -0.2876 -0.3500 -0.3306 0.0972 0.2653 -0.2009 -0.3105 -0.3594 -0.1792 0.1628 0.0466 -0.2559 -0.3316 -0.3629 0.0101 0.2305 -0.1287 -0.2844 -0.3485 -0.3381 0.0907 0.2687 -0.1958 -0.3085 -0.3589 -0.1991 0.1559 0.0861 -0.2423 -0.2999 -0.2423 0.0861 0.1559 -0.1991 -0.3589 -0.3085 -0.1958 0.2687 0.0907 -0.3381 -0.3485 -0.2844 -0.1287 0.2305 0.0101 -0.3629 -0.3316 -0.2559 0.0466 0.1628 -0.1792 -0.3594 -0.3105 -0.2009 0.2653 0.0972 -0.3306 -0.3500 -0.2876 -0.1406 0.2412 0.0293 -0.3623 -0.3362 -0.2664 -0.0428 0.1907 -0.0731 -0.3617 -0.3238 -0.2389 0.1162 0.1551 -0.1790 -0.3600 -0.3154 -0.2190 0.2121 0.1329 -0.2568
0.1356 0.1852 -0.2253 -0.3179 -0.3606 -0.1532 0.1626 0.0836 -0.2437 -0.3253 -0.3619 -0.0636 0.1927 -0.0459 -0.2664 -0.3360 -0.3625 0.0252 0.2377 -0.1354 -0.2858 -0.3489 -0.3369 0.0911 0.2688 -0.1951 -0.3080 -0.3587 -0.2045 0.1546 0.0847 -0.2494 -0.3294 -0.3627 -0.0033 0.2229 -0.1183 -0.2816 -0.3468 -0.3447 0.0832 0.2702 -0.1892 -0.3058 -0.3581 -0.2239 0.1482 0.1166 -0.2431 -0.3272 -0.3675 -0.3272 -0.2431 0.1166 0.1482 -0.2239 -0.3581 -0.3058 -0.1892 0.2702 0.0832 -0.3447 -0.3468 -0.2816 -0.1183 0.2229 -0.0033 -0.3627 -0.3294 -0.2494 0.0847 0.1546 -0.2045 -0.3587 -0.3080 -0.1951 0.2688 0.0911 -0.3369 -0.3489 -0.2858 -0.1354 0.2377 0.0252 -0.3625 -0.3360 -0.2664 -0.0459 0.1927 -0.0636 -0.3619 -0.3253 -0.2437 0.0836 0.1626 -0.1532 -0.3606 -0.3179 -0.2253 0.1852 0.1356
0.1468 -0.2317 -0.3204 -0.3611 -0.1260 0.1711 0.0477 -0.2494 -0.3272 -0.3621 -0.0501 0.1965 -0.0544 -0.2672 -0.3362 -0.3625 0.0237 0.2358 -0.1320 -0.2845 -0.3480 -0.3414 0.0859 0.2701 -0.1898 -0.3058 -0.3580 -0.2270 0.1470 0.1224 -0.2431 -0.3272 -0.3624 -0.0185 0.2152 -0.1068 -0.2788 -0.3452 -0.3499 0.0756 0.2692 -0.1826 -0.3031 -0.3571 -0.2465 0.1404 0.1522 -0.2378 -0.3252 -0.3697 -0.3087 -0.3697 -0.3252 -0.2378 0.1522 0.1404 -0.2465 -0.3571 -0.3031 -0.1826 0.2692 0.0756 -0.3499 -0.3452 -0.2788 -0.1068 0.2152 -0.0185 -0.3624 -0.3272 -0.2431 0.1224 0.1470 -0.2270 -0.3580 -0.3058 -0.1898 0.2701 0.0859 -0.3414 -0.3480 -0.2845 -0.1320 0.2358 0.0237 -0.3625 -0.3362 -0.2672 -0.0544 0.1965 -0.0501 -0.3621 -0.3272 -0.2494 0.0477 0.1711 -0.1260 -0.3611 -0.3204 -0.2317 0.1468
-0.2168 -0.3229 -0.3615 -0.0991 0.1796 0.0129 -0.2556 -0.3293 -0.3624 -0.0345 0.2017 -0.0665 -0.2687 -0.3370 -0.3623 0.0252 0.2358 -0.1308 -0.2838 -0.3474 -0.3443 0.0817 0.2700 -0.1852 -0.3037 -0.3572 -0.2461 0.1401 0.1557 -0.2371 -0.3249 -0.3621 -0.0357 0.2077 -0.0937 -0.2759 -0.3434 -0.3541 0.0677 0.2665 -0.1759 -0.3005 -0.3561 -0.2664 0.1329 0.1844 -0.2318 -0.3229 -0.3624 -0.0831 0.1038 -0.0831 -0.3624 -0.3229 -0.2318 0.1844 0.1329 -0.2664 -0.3561 -0.3005 -0.1759 0.2665 0.0677 -0.3541 -0.3434 -0.2759 -0.0937 0.2077 -0.0357 -0.3621 -0.3249 -0.2371 0.1557 0.1401 -0.2461 -0.3572 -0.3037 -0.1852 0.2700 0.0817 -0.3443 -0.3474 -0.2838 -0.1308 0.2358 0.0252 -0.3623 -0.3370 -0.2687 -0.0665 0.2017 -0.0345 -0.3624 -0.3293 -0.2556 0.0129 0.1796 -0.0991 -0.3615 -0.3229 -0.2168
-0.3020 -0.3619 -0.0740 0.1872 -0.0176 -0.2610 -0.3315 -0.3626 -0.0186 0.2080 -0.0802 -0.2708 -0.3383 -0.3619 0.0293 0.2377 -0.1320 -0.2838 -0.3472 -0.3456 0.0791 0.2695 -0.1816 -0.3021 -0.3565 -0.2613 0.1341 0.1827 -0.2316 -0.3227 -0.3618 -0.0548 0.2005 -0.0787 -0.2731 -0.3415 -0.3573 0.0595 0.2623 -0.1689 -0.2978 -0.3551 -0.2837 0.1256 0.2109 -0.2256 -0.3205 -0.3616 -0.0797 0.1759 0.2624 0.1759 -0.0797 -0.3616 -0.3205 -0.2256 0.2109 0.1256 -0.2837 -0.3551 -0.2978 -0.1689 0.2623 0.0595 -0.3573 -0.3415 -0.2731 -0.0787 0.2005 -0.0548 -0.3618 -0.3227 -0.2316 0.1827 0.1341 -0.2613 -0.3565 -0.3021 -0.1816 0.2695 0.0791 -0.3456 -0.3472 -0.2838 -0.1320 0.2377 0.0293 -0.3619 -0.3383 -0.2708 -0.0802 0.2080 -0.0186 -0.3626 -0.3315 -0.2610 -0.0176 0.1872 -0.0740 -0.3619 -0.3020
-0.3455 -0.0514 0.1945 -0.0431 -0.2648 -0.3337 -0.3629 -0.0038 0.2150 -0.0937 -0.2732 -0.3398 -0.3610 0.0354 0.2412 -0.1354 -0.2845 -0.3474 -0.3456 0.0782 0.2690 -0.1794 -0.3009 -0.3560 -0.2725 0.1290 0.2032 -0.2267 -0.3207 -0.3615 -0.0752 0.1937 -0.0616 -0.2702 -0.3396 -0.3597 0.0508 0.2570 -0.1615 -0.2951 -0.3539 -0.2987 0.1183 0.2317 -0.2195 -0.3181 -0.3612 -0.0994 0.1854 0.0025 -0.2096 0.0025 0.1854 -0.0994 -0.3612 -0.3181 -0.2195 0.2317 0.1183 -0.2987 -0.3539 -0.2951 -0.1615 0.2570 0.0508 -0.3597 -0.3396 -0.2702 -0.0616 0.1937 -0.0752 -0.3615 -0.3207 -0.2267 0.2032 0.1290 -0.2725 -0.3560 -0.3009 -0.1794 0.2690 0.0782 -0.3456 -0.3474 -0.2845 -0.1354 0.2412 0.0354 -0.3610 -0.3398 -0.2732 -0.0937 0.2150 -0.0038 -0.3629 -0.3337 -0.2648 -0.0431 0.1945 -0.0514 -0.3455
-0.0484 0.2021 -0.0643 -0.2678 -0.3359 -0.3628 0.0097 0.2225 -0.1063 -0.2759 -0.3415 -0.3595 0.0428 0.2459 -0.1406 -0.2858 -0.3480 -0.3443 0.0791 0.2690 -0.1786 -0.3003 -0.3556 -0.2799 0.1252 0.2174 -0.2226 -0.3189 -0.3611 -0.0955 0.1875 -0.0426 -0.2675 -0.3377 -0.3613 0.0415 0.2508 -0.1538 -0.2923 -0.3526 -0.3115 0.1112 0.2473 -0.2133 -0.3156 -0.3607 -0.1245 0.1796 -0.0109 -0.2597 -0.3081 -0.2597 -0.0109 0.1796 -0.1245 -0.3607 -0.3156 -0.2133 0.2473 0.1112 -0.3115 -0.3526 -0.2923 -0.1538 0.2508 0.0415 -0.3613 -0.3377 -0.2675 -0.0426 0.1875 -0.0955 -0.3611 -0.3189 -0.2226 0.2174 0.1252 -0.2799 -0.3556 -0.3003 -0.1786 0.2690 0.0791 -0.3443 -0.3480 -0.2858 -0.1406 0.2459 0.0428 -0.3595 -0.3415 -0.2759 -0.1063 0.2225 0.0097 -0.3628 -0.3359 -0.2678 -0.0643 0.2021 -0.0484
0.2060 -0.0820 -0.2707 -0.3380 -0.3622 0.0219 0.2303 -0.1179 -0.2787 -0.3433 -0.3573 0.0509 0.2513 -0.1470 -0.2876 -0.3489 -0.3414 0.0817 0.2695 -0.1794 -0.3003 -0.3555 -0.2836 0.1229 0.2263 -0.2195 -0.3175 -0.3609 -0.1141 0.1821 -0.0224 -0.2650 -0.3359 -0.3623 0.0320 0.2442 -0.1457 -0.2896 -0.3512 -0.3225 0.1040 0.2584 -0.2072 -0.3131 -0.3601 -0.1513 0.1716 0.0127 -0.2604 -0.3342 -0.3721 -0.3342 -0.2604 0.0127 0.1716 -0.1513 -0.3601 -0.3131 -0.2072 0.2584 0.1040 -0.3225 -0.3512 -0.2896 -0.1457 0.2442 0.0320 -0.3623 -0.3359 -0.2650 -0.0224 0.1821 -0.1141 -0.3609 -0.3175 -0.2195 0.2263 0.1229 -0.2836 -0.3555 -0.3003 -0.1794 0.2695 0.0817 -0.3414 -0.3489 -0.2876 -0.1470 0.2513 0.0509 -0.3573 -0.3433 -0.2787 -0.1179 0.2303 0.0219 -0.3622 -0.3380 -0.2707 -0.0820 0.2060
-0.0923 -0.2737 -0.3400 -0.3611 0.0331 0.2379 -0.1285 -0.2815 -0.3451 -0.3542 0.0592 0.2569 -0.1541 -0.2898 -0.3500 -0.3369 0.0859 0.2700 -0.1816 -0.3009 -0.3556 -0.2836 0.1220 0.2305 -0.2175 -0.3164 -0.3606 -0.1297 0.1771 -0.0021 -0.2627 -0.3341 -0.3628 0.0223 0.2376 -0.1374 -0.2869 -0.3498 -0.3316 0.0968 0.2654 -0.2009 -0.3105 -0.3595 -0.1782 0.1631 0.0458 -0.2558 -0.3317 -0.3691 -0.2591 -0.3691 -0.3317 -0.2558 0.0458 0.1631 -0.1782 -0.3595 -0.3105 -0.2009 0.2654 0.0968 -0.3316 -0.3498 -0.2869 -0.1374 0.2376 0.0223 -0.3628 -0.3341 -0.2627 -0.0021 0.1771 -0.1297 -0.3606 -0.3164 -0.2175 0.2305 0.1220 -0.2836 -0.3556 -0.3009 -0.1816 0.2700 0.0859 -0.3369 -0.3500 -0.2898 -0.1541 0.2569 0.0592 -0.3542 -0.3451 -0.2815 -0.1285 0.2379 0.0331 -0.3611 -0.3400 -0.2737 -0.0923
-0.2512 -0.3420 -0.3592 0.0433 0.2452 -0.1381 -0.2844 -0.3468 -0.3501 0.0674 0.2621 -0.1613 -0.2923 -0.3513 -0.3306 0.0911 0.2701 -0.1852 -0.3021 -0.3560 -0.2799 0.1229 0.2305 -0.2168 -0.3159 -0.3604 -0.1408 0.1727 0.0160 -0.2600 -0.3326 -0.3629 0.0127 0.2313 -0.1289 -0.2843 -0.3483 -0.3390 0.0896 0.2692 -0.1946 -0.3080 -0.3587 -0.2041 0.1549 0.0833 -0.2496 -0.3295 -0.3627 -0.0255 0.1225 -0.0255 -0.3627 -0.3295 -0.2496 0.0833 0.1549 -0.2041 -0.3587 -0.3080 -0.1946 0.2692 0.0896 -0.3390 -0.3483 -0.2843 -0.1289 0.2313 0.0127 -0.3629 -0.3326 -0.2600 0.0160 0.1727 -0.1408 -0.3604 -0.3159 -0.2168 0.2305 0.1229 -0.2799 -0.3560 -0.3021 -0.1852 0.2701 0.0911 -0.3306 -0.3513 -0.2923 -0.1613 0.2621 0.0674 -0.3501 -0.3468 -0.2844 -0.1381 0.2452 0.0433 -0.3592 -0.3420 -0.2512
-0.3219 -0.3567 0.0527 0.2521 -0.1471 -0.2872 -0.3484 -0.3448 0.0753 0.2663 -0.1686 -0.2950 -0.3526 -0.3223 0.0972 0.2688 -0.1898 -0.3037 -0.3565 -0.2725 0.1252 0.2263 -0.2175 -0.3159 -0.3604 -0.1465 0.1699 0.0298 -0.2570 -0.3314 -0.3628 0.0037 0.2256 -0.1208 -0.2819 -0.3469 -0.3448 0.0826 0.2702 -0.1883 -0.3054 -0.3579 -0.2281 0.1469 0.1217 -0.2433 -0.3272 -0.3624 -0.0225 0.1967 0.2338 0.1967 -0.0225 -0.3624 -0.3272 -0.2433 0.1217 0.1469 -0.2281 -0.3579 -0.3054 -0.1883 0.2702 0.0826 -0.3448 -0.3469 -0.2819 -0.1208 0.2256 0.0037 -0.3628 -0.3314 -0.2570 0.0298 0.1699 -0.1465 -0.3604 -0.3159 -0.2175 0.2263 0.1252 -0.2725 -0.3565 -0.3037 -0.1898 0.2688 0.0972 -0.3223 -0.3526 -0.2950 -0.1686 0.2663 0.0753 -0.3448 -0.3484 -0.2872 -0.1471 0.2521 0.0527 -0.3567 -0.3219
-0.3429 0.0617 0.2583 -0.1554 -0.2901 -0.3500 -0.3382 0.0830 0.2692 -0.1756 -0.2977 -0.3538 -0.3119 0.1039 0.2653 -0.1951 -0.3058 -0.3572 -0.2613 0.1290 0.2174 -0.2195 -0.3164 -0.3604 -0.1465 0.1690 0.0373 -0.2550 -0.3305 -0.3627 -0.0040 0.2208 -0.1131 -0.2798 -0.3455 -0.3493 0.0760 0.2692 -0.1822 -0.3029 -0.3570 -0.2496 0.1393 0.1575 -0.2371 -0.3249 -0.3621 -0.0363 0.2058 -0.0665 -0.2236 -0.0665 0.2058 -0.0363 -0.3621 -0.3249 -0.2371 0.1575 0.1393 -0.2496 -0.3570 -0.3029 -0.1822 0.2692 0.0760 -0.3493 -0.3455 -0.2798 -0.1131 0.2208 -0.0040 -0.3627 -0.3305 -0.2550 0.0373 0.1690 -0.1465 -0.3604 -0.3164 -0.2195 0.2174 0.1290 -0.2613 -0.3572 -0.3058 -0.1951 0.2653 0.1039 -0.3119 -0.3538 -0.2977 -0.1756 0.2692 0.0830 -0.3382 -0.3500 -0.2901 -0.1554 0.2583 0.0617 -0.3429
0.0624 0.2635 -0.1633 -0.2929 -0.3515 -0.3301 0.0906 0.2702 -0.1824 -0.3004 -0.3550 -0.2993 0.1109 0.2586 -0.2009 -0.3080 -0.3580 -0.2461 0.1341 0.2032 -0.2226 -0.3175 -0.3606 -0.1408 0.1699 0.0373 -0.2543 -0.3300 -0.3626 -0.0098 0.2171 -0.1066 -0.2781 -0.3443 -0.3525 0.0698 0.2670 -0.1763 -0.3005 -0.3561 -0.2682 0.1320 0.1883 -0.2309 -0.3226 -0.3618 -0.0552 0.2002 -0.0742 -0.2684 -0.3163 -0.2684 -0.0742 0.2002 -0.0552 -0.3618 -0.3226 -0.2309 0.1883 0.1320 -0.2682 -0.3561 -0.3005 -0.1763 0.2670 0.0698 -0.3525 -0.3443 -0.2781 -0.1066 0.2171 -0.0098 -0.3626 -0.3300 -0.2543 0.0373 0.1699 -0.1408 -0.3606 -0.3175 -0.2226 0.2032 0.1341 -0.2461 -0.3580 -0.3080 -0.2009 0.2586 0.1109 -0.2993 -0.3550 -0.3004 -0.1824 0.2702 0.0906 -0.3301 -0.3515 -0.2929 -0.1633 0.2635 0.0624
0.2616 -0.1707 -0.2957 -0.3529 -0.3204 0.0981 0.2688 -0.1891 -0.3031 -0.3561 -0.2844 0.1180 0.2479 -0.2069 -0.3105 -0.3587 -0.2270 0.1401 0.1827 -0.2267 -0.3189 -0.3609 -0.1297 0.1727 0.0298 -0.2550 -0.3300 -0.3625 -0.0129 0.2148 -0.1017 -0.2767 -0.3434 -0.3548 0.0643 0.2642 -0.1709 -0.2982 -0.3551 -0.2835 0.1252 0.2129 -0.2249 -0.3202 -0.3615 -0.0771 0.1934 -0.0602 -0.2695 -0.3410 -0.3758 -0.3410 -0.2695 -0.0602 0.1934 -0.0771 -0.3615 -0.3202 -0.2249 0.2129 0.1252 -0.2835 -0.3551 -0.2982 -0.1709 0.2642 0.0643 -0.3548 -0.3434 -0.2767 -0.1017 0.2148 -0.0129 -0.3625 -0.3300 -0.2550 0.0298 0.1727 -0.1297 -0.3609 -0.3189 -0.2267 0.1827 0.1401 -0.2270 -0.3587 -0.3105 -0.2069 0.2479 0.1180 -0.2844 -0.3561 -0.3031 -0.1891 0.2688 0.0981 -0.3204 -0.3529 -0.2957 -0.1707 0.2616
-0.1670 -0.2985 -0.3542 -0.3087 0.1055 0.2643 -0.1957 -0.3058 -0.3571 -0.2670 0.1253 0.2324 -0.2131 -0.3130 -0.3594 -0.2045 0.1470 0.1557 -0.2316 -0.3207 -0.3611 -0.1141 0.1771 0.0160 -0.2570 -0.3305 -0.3626 -0.0129 0.2141 -0.0991 -0.2759 -0.3427 -0.3564 0.0598 0.2614 -0.1661 -0.2963 -0.3542 -0.2959 0.1190 0.2313 -0.2193 -0.3179 -0.3610 -0.1013 0.1864 -0.0400 -0.2672 -0.3378 -0.3667 -0.1902 -0.3667 -0.3378 -0.2672 -0.0400 0.1864 -0.1013 -0.3610 -0.3179 -0.2193 0.2313 0.1190 -0.2959 -0.3542 -0.2963 -0.1661 0.2614 0.0598 -0.3564 -0.3427 -0.2759 -0.0991 0.2141 -0.0129 -0.3626 -0.3305 -0.2570 0.0160 0.1771 -0.1141 -0.3611 -0.3207 -0.2316 0.1557 0.1470 -0.2045 -0.3594 -0.3130 -0.2131 0.2324 0.1253 -0.2670 -0.3571 -0.3058 -0.1957 0.2643 0.1055 -0.3087 -0.3542 -0.2985 -0.1670
-0.2769 -0.3554 -0.2949 0.1129 0.2563 -0.2022 -0.3084 -0.3581 -0.2469 0.1327 0.2117 -0.2192 -0.3155 -0.3601 -0.1792 0.1546 0.1224 -0.2371 -0.3227 -0.3615 -0.0955 0.1821 -0.0021 -0.2600 -0.3314 -0.3627 -0.0098 0.2148 -0.0991 -0.2756 -0.3423 -0.3572 0.0567 0.2590 -0.1621 -0.2946 -0.3534 -0.3057 0.1135 0.2445 -0.2140 -0.3157 -0.3606 -0.1261 0.1793 -0.0156 -0.2644 -0.3357 -0.3624 0.0150 0.1424 0.0150 -0.3624 -0.3357 -0.2644 -0.0156 0.1793 -0.1261 -0.3606 -0.3157 -0.2140 0.2445 0.1135 -0.3057 -0.3534 -0.2946 -0.1621 0.2590 0.0567 -0.3572 -0.3423 -0.2756 -0.0991 0.2148 -0.0098 -0.3627 -0.3314 -0.2600 -0.0021 0.1821 -0.0955 -0.3615 -0.3227 -0.2371 0.1224 0.1546 -0.1792 -0.3601 -0.3155 -0.2192 0.2117 0.1327 -0.2469 -0.3581 -0.3084 -0.2022 0.2563 0.1129 -0.2949 -0.3554 -0.2769
-0.3366 -0.2790 0.1203 0.2439 -0.2086 -0.3111 -0.3589 -0.2241 0.1404 0.1849 -0.2254 -0.3180 -0.3606 -0.1523 0.1628 0.0847 -0.2431 -0.3249 -0.3618 -0.0752 0.1875 -0.0224 -0.2627 -0.3326 -0.3628 -0.0040 0.2171 -0.1017 -0.2759 -0.3423 -0.3575 0.0550 0.2574 -0.1593 -0.2934 -0.3527 -0.3130 0.1088 0.2534 -0.2093 -0.3137 -0.3601 -0.1499 0.1717 0.0126 -0.2610 -0.3336 -0.3628 0.0176 0.2196 0.1648 0.2196 0.0176 -0.3628 -0.3336 -0.2610 0.0126 0.1717 -0.1499 -0.3601 -0.3137 -0.2093 0.2534 0.1088 -0.3130 -0.3527 -0.2934 -0.1593 0.2574 0.0550 -0.3575 -0.3423 -0.2759 -0.1017 0.2171 -0.0040 -0.3628 -0.3326 -0.2627 -0.0224 0.1875 -0.0752 -0.3618 -0.3249 -0.2431 0.0847 0.1628 -0.1523 -0.3606 -0.3180 -0.2254 0.1849 0.1404 -0.2241 -0.3589 -0.3111 -0.2086 0.2439 0.1203 -0.2790 -0.3366
-0.2682 0.1280 0.2263 -0.2149 -0.3137 -0.3596 -0.1989 0.1483 0.1521 -0.2317 -0.3205 -0.3611 -0.1251 0.1715 0.0466 -0.2494 -0.3272 -0.3621 -0.0548 0.1937 -0.0426 -0.2650 -0.3341 -0.3629 0.0037 0.2208 -0.1066 -0.2767 -0.3427 -0.3572 0.0550 0.2568 -0.1579 -0.2926 -0.3522 -0.3179 0.1051 0.2591 -0.2053 -0.3119 -0.3596 -0.1716 0.1643 0.0430 -0.2561 -0.3316 -0.3629 0.0084 0.2276 -0.1091 -0.2373 -0.1091 0.2276 0.0084 -0.3629 -0.3316 -0.2561 0.0430 0.1643 -0.1716 -0.3596 -0.3119 -0.2053 0.2591 0.1051 -0.3179 -0.3522 -0.2926 -0.1579 0.2568 0.0550 -0.3572 -0.3427 -0.2767 -0.1066 0.2208 0.0037 -0.3629 -0.3341 -0.2650 -0.0426 0.1937 -0.0548 -0.3621 -0.3272 -0.2494 0.0466 0.1715 -0.1251 -0.3611 -0.3205 -0.2317 0.1521 0.1483 -0.1989 -0.3596 -0.3137 -0.2149 0.2263 0.1280 -0.2682
0.1305 0.2032 -0.2213 -0.3163 -0.3603 -0.1719 0.1566 0.1144 -0.2381 -0.3229 -0.3615 -0.0987 0.1798 0.0119 -0.2559 -0.3294 -0.3624 -0.0357 0.2005 -0.0616 -0.2675 -0.3359 -0.3628 0.0127 0.2256 -0.1131 -0.2781 -0.3434 -0.3564 0.0567 0.2574 -0.1579 -0.2924 -0.3520 -0.3208 0.1026 0.2625 -0.2021 -0.3104 -0.3592 -0.1901 0.1581 0.0730 -0.2507 -0.3297 -0.3626 -0.0036 0.2221 -0.1143 -0.2770 -0.3244 -0.2770 -0.1143 0.2221 -0.0036 -0.3626 -0.3297 -0.2507 0.0730 0.1581 -0.1901 -0.3592 -0.3104 -0.2021 0.2625 0.1026 -0.3208 -0.3520 -0.2924 -0.1579 0.2574 0.0567 -0.3564 -0.3434 -0.2781 -0.1131 0.2256 0.0127 -0.3628 -0.3359 -0.2675 -0.0616 0.2005 -0.0357 -0.3624 -0.3294 -0.2559 0.0119 0.1798 -0.0987 -0.3615 -0.3229 -0.2381 0.1144 0.1566 -0.1719 -0.3603 -0.3163 -0.2213 0.2032 0.1305
0.1679 -0.2276 -0.3188 -0.3608 -0.1440 0.1652 0.0746 -0.2446 -0.3253 -0.3619 -0.0738 0.1873 -0.0181 -0.2612 -0.3316 -0.3627 -0.0185 0.2077 -0.0787 -0.2702 -0.3377 -0.3623 0.0223 0.2313 -0.1208 -0.2798 -0.3443 -0.3548 0.0598 0.2590 -0.1593 -0.2926 -0.3520 -0.3218 0.1012 0.2643 -0.1999 -0.3093 -0.3588 -0.2048 0.1529 0.0998 -0.2460 -0.3279 -0.3624 -0.0165 0.2156 -0.1061 -0.2779 -0.3475 -0.3784 -0.3475 -0.2779 -0.1061 0.2156 -0.0165 -0.3624 -0.3279 -0.2460 0.0998 0.1529 -0.2048 -0.3588 -0.3093 -0.1999 0.2643 0.1012 -0.3218 -0.3520 -0.2926 -0.1593 0.2590 0.0598 -0.3548 -0.3443 -0.2798 -0.1208 0.2313 0.0223 -0.3623 -0.3377 -0.2702 -0.0787 0.2077 -0.0185 -0.3627 -0.3316 -0.2612 -0.0181 0.1873 -0.0738 -0.3619 -0.3253 -0.2446 0.0746 0.1652 -0.1440 -0.3608 -0.3188 -0.2276 0.1679
-0.2137 -0.3214 -0.3613 -0.1163 0.1742 0.0362 -0.2511 -0.3277 -0.3622 -0.0513 0.1945 -0.0434 -0.2648 -0.3338 -0.3629 -0.0033 0.2152 -0.0937 -0.2731 -0.3396 -0.3613 0.0320 0.2376 -0.1289 -0.2819 -0.3455 -0.3525 0.0643 0.2614 -0.1621 -0.2934 -0.3522 -0.3208 0.1012 0.2648 -0.1988 -0.3086 -0.3586 -0.2153 0.1489 0.1215 -0.2420 -0.3263 -0.3622 -0.0296 0.2095 -0.0955 -0.2760 -0.3437 -0.3602 -0.1098 -0.3602 -0.3437 -0.2760 -0.0955 0.2095 -0.0296 -0.3622 -0.3263 -0.2420 0.1215 0.1489 -0.2153 -0.3586 -0.3086 -0.1988 0.2648 0.1012 -0.3208 -0.3522 -0.2934 -0.1621 0.2614 0.0643 -0.3525 -0.3455 -0.2819 -0.1289 0.2376 0.0320 -0.3613 -0.3396 -0.2731 -0.0937 0.2152 -0.0033 -0.3629 -0.3338 -0.2648 -0.0434 0.1945 -0.0513 -0.3622 -0.3277 -0.2511 0.0362 0.1742 -0.1163 -0.3613 -0.3214 -0.2137
-0.3004 -0.3617 -0.0898 0.1826 0.0018 -0.2578 -0.3300 -0.3625 -0.0315 0.2020 -0.0644 -0.2678 -0.3359 -0.3628 0.0101 0.2229 -0.1068 -0.2759 -0.3415 -0.3597 0.0415 0.2442 -0.1374 -0.2843 -0.3469 -0.3493 0.0698 0.2642 -0.1661 -0.2946 -0.3527 -0.3179 0.1026 0.2643 -0.1988 -0.3084 -0.3584 -0.2216 0.1462 0.1373 -0.2389 -0.3250 -0.3620 -0.0423 0.2040 -0.0842 -0.2737 -0.3419 -0.3577 0.0460 0.1648 0.0460 -0.3577 -0.3419 -0.2737 -0.0842 0.2040 -0.0423 -0.3620 -0.3250 -0.2389 0.1373 0.1462 -0.2216 -0.3584 -0.3084 -0.1988 0.2643 0.1026 -0.3179 -0.3527 -0.2946 -0.1661 0.2642 0.0698 -0.3493 -0.3469 -0.2843 -0.1374 0.2442 0.0415 -0.3597 -0.3415 -0.2759 -0.1068 0.2229 0.0101 -0.3628 -0.3359 -0.2678 -0.0644 0.2020 -0.0315 -0.3625 -0.3300 -0.2578 0.0018 0.1826 -0.0898 -0.3617 -0.3004
-0.3450 -0.0656 0.1898 -0.0272 -0.2628 -0.3323 -0.3627 -0.0143 0.2095 -0.0821 -0.2708 -0.3380 -0.3622 0.0221 0.2305 -0.1183 -0.2788 -0.3434 -0.3573 0.0508 0.2508 -0.1457 -0.2869 -0.3483 -0.3448 0.0760 0.2670 -0.1709 -0.2963 -0.3534 -0.3130 0.1051 0.2625 -0.1999 -0.3086 -0.3584 -0.2238 0.1448 0.1468 -0.2367 -0.3240 -0.3619 -0.0535 0.1995 -0.0732 -0.2717 -0.3403 -0.3592 0.0496 0.2449 0.0522 0.2449 0.0496 -0.3592 -0.3403 -0.2717 -0.0732 0.1995 -0.0535 -0.3619 -0.3240 -0.2367 0.1468 0.1448 -0.2238 -0.3584 -0.3086 -0.1999 0.2625 0.1051 -0.3130 -0.3534 -0.2963 -0.1709 0.2670 0.0760 -0.3448 -0.3483 -0.2869 -0.1457 0.2508 0.0508 -0.3573 -0.3434 -0.2788 -0.1183 0.2305 0.0221 -0.3622 -0.3380 -0.2708 -0.0821 0.2095 -0.0143 -0.3627 -0.3323 -0.2628 -0.0272 0.1898 -0.0656 -0.3450
-0.0620 0.1974 -0.0512 -0.2658 -0.3345 -0.3629 0.0008 0.2173 -0.0971 -0.2737 -0.3400 -0.3611 0.0331 0.2380 -0.1287 -0.2816 -0.3452 -0.3541 0.0595 0.2570 -0.1538 -0.2896 -0.3498 -0.3390 0.0826 0.2692 -0.1763 -0.2982 -0.3542 -0.3057 0.1088 0.2591 -0.2021 -0.3093 -0.3586 -0.2216 0.1448 0.1499 -0.2356 -0.3234 -0.3617 -0.0625 0.1960 -0.0631 -0.2699 -0.3390 -0.3605 0.0446 0.2509 -0.1416 -0.2523 -0.1416 0.2509 0.0446 -0.3605 -0.3390 -0.2699 -0.0631 0.1960 -0.0625 -0.3617 -0.3234 -0.2356 0.1499 0.1448 -0.2216 -0.3586 -0.3093 -0.2021 0.2591 0.1088 -0.3057 -0.3542 -0.2982 -0.1763 0.2692 0.0826 -0.3390 -0.3498 -0.2896 -0.1538 0.2570 0.0595 -0.3541 -0.3452 -0.2816 -0.1287 0.2380 0.0331 -0.3611 -0.3400 -0.2737 -0.0971 0.2173 0.0008 -0.3629 -0.3345 -0.2658 -0.0512 0.1974 -0.0620
0.2012 -0.0710 -0.2688 -0.3366 -0.3627 0.0141 0.2252 -0.1102 -0.2767 -0.3420 -0.3592 0.0433 0.2453 -0.1383 -0.2844 -0.3468 -0.3499 0.0677 0.2623 -0.1615 -0.2923 -0.3512 -0.3316 0.0896 0.2702 -0.1822 -0.3005 -0.3551 -0.2959 0.1135 0.2534 -0.2053 -0.3104 -0.3588 -0.2153 0.1462 0.1468 -0.2356 -0.3232 -0.3617 -0.0684 0.1935 -0.0549 -0.2685 -0.3379 -0.3614 0.0386 0.2475 -0.1468 -0.2866 -0.3333 -0.2866 -0.1468 0.2475 0.0386 -0.3614 -0.3379 -0.2685 -0.0549 0.1935 -0.0684 -0.3617 -0.3232 -0.2356 0.1468 0.1462 -0.2153 -0.3588 -0.3104 -0.2053 0.2534 0.1135 -0.2959 -0.3551 -0.3005 -0.1822 0.2702 0.0896 -0.3316 -0.3512 -0.2923 -0.1615 0.2623 0.0677 -0.3499 -0.3468 -0.2844 -0.1383 0.2453 0.0433 -0.3592 -0.3420 -0.2767 -0.1102 0.2252 0.0141 -0.3627 -0.3366 -0.2688 -0.0710 0.2012
-0.0834 -0.2718 -0.3387 -0.3619 0.0261 0.2330 -0.1217 -0.2796 -0.3439 -0.3566 0.0528 0.2521 -0.1472 -0.2873 -0.3485 -0.3447 0.0756 0.2665 -0.1689 -0.2951 -0.3526 -0.3225 0.0968 0.2692 -0.1883 -0.3029 -0.3561 -0.2835 0.1190 0.2445 -0.2093 -0.3119 -0.3592 -0.2048 0.1489 0.1373 -0.2367 -0.3234 -0.3617 -0.0704 0.1922 -0.0496 -0.2675 -0.3370 -0.3620 0.0332 0.2436 -0.1430 -0.2878 -0.3542 -0.3796 -0.3542 -0.2878 -0.1430 0.2436 0.0332 -0.3620 -0.3370 -0.2675 -0.0496 0.1922 -0.0704 -0.3617 -0.3234 -0.2367 0.1373 0.1489 -0.2048 -0.3592 -0.3119 -0.2093 0.2445 0.1190 -0.2835 -0.3561 -0.3029 -0.1883 0.2692 0.0968 -0.3225 -0.3526 -0.2951 -0.1689 0.2665 0.0756 -0.3447 -0.3485 -0.2873 -0.1472 0.2521 0.0528 -0.3566 -0.3439 -0.2796 -0.1217 0.2330 0.0261 -0.3619 -0.3387 -0.2718 -0.0834
-0.2493 -0.3408 -0.3605 0.0368 0.2406 -0.1320 -0.2825 -0.3457 -0.3530 0.0616 0.2583 -0.1555 -0.2901 -0.3500 -0.3381 0.0832 0.2692 -0.1759 -0.2978 -0.3539 -0.3115 0.1040 0.2654 -0.1946 -0.3054 -0.3570 -0.2682 0.1252 0.2313 -0.2140 -0.3137 -0.3596 -0.1901 0.1529 0.1215 -0.2389 -0.3240 -0.3617 -0.0684 0.1922 -0.0477 -0.2670 -0.3365 -0.3623 0.0289 0.2402 -0.1385 -0.2866 -0.3499 -0.3439 -0.0321 -0.3439 -0.3499 -0.2866 -0.1385 0.2402 0.0289 -0.3623 -0.3365 -0.2670 -0.0477 0.1922 -0.0684 -0.3617 -0.3240 -0.2389 0.1215 0.1529 -0.1901 -0.3596 -0.3137 -0.2140 0.2313 0.1252 -0.2682 -0.3570 -0.3054 -0.1946 0.2654 0.1040 -0.3115 -0.3539 -0.2978 -0.1759 0.2692 0.0832 -0.3381 -0.3500 -0.2901 -0.1555 0.2583 0.0616 -0.3530 -0.3457 -0.2825 -0.1320 0.2406 0.0368 -0.3605 -0.3408 -0.2493
-0.3206 -0.3585 0.0467 0.2478 -0.1415 -0.2854 -0.3474 -0.3484 0.0700 0.2635 -0.1633 -0.2929 -0.3515 -0.3301 0.0907 0.2702 -0.1826 -0.3005 -0.3551 -0.2987 0.1112 0.2584 -0.2009 -0.3080 -0.3579 -0.2496 0.1320 0.2129 -0.2193 -0.3157 -0.3601 -0.1716 0.1581 0.0998 -0.2420 -0.3250 -0.3619 -0.0625 0.1935 -0.0496 -0.2670 -0.3363 -0.3624 0.0261 0.2378 -0.1348 -0.2853 -0.3486 -0.3409 0.0759 0.1922 0.0759 -0.3409 -0.3486 -0.2853 -0.1348 0.2378 0.0261 -0.3624 -0.3363 -0.2670 -0.0496 0.1935 -0.0625 -0.3619 -0.3250 -0.2420 0.0998 0.1581 -0.1716 -0.3601 -0.3157 -0.2193 0.2129 0.1320 -0.2496 -0.3579 -0.3080 -0.2009 0.2584 0.1112 -0.2987 -0.3551 -0.3005 -0.1826 0.2702 0.0907 -0.3301 -0.3515 -0.2929 -0.1633 0.2635 0.0700 -0.3484 -0.3474 -0.2854 -0.1415 0.2478 0.0467 -0.3585 -0.3206
-0.3445 0.0561 0.2544 -0.1502 -0.2883 -0.3490 -0.3427 0.0780 0.2674 -0.1708 -0.2957 -0.3529 -0.3203 0.0982 0.2687 -0.1892 -0.3031 -0.3561 -0.2837 0.1183 0.2473 -0.2072 -0.3105 -0.3587 -0.2281 0.1393 0.1883 -0.2249 -0.3179 -0.3606 -0.1499 0.1643 0.0730 -0.2460 -0.3263 -0.3620 -0.0535 0.1960 -0.0549 -0.2675 -0.3365 -0.3624 0.0252 0.2365 -0.1324 -0.2844 -0.3479 -0.3428 0.0817 0.2678 -0.0581 0.2678 0.0817 -0.3428 -0.3479 -0.2844 -0.1324 0.2365 0.0252 -0.3624 -0.3365 -0.2675 -0.0549 0.1960 -0.0535 -0.3620 -0.3263 -0.2460 0.0730 0.1643 -0.1499 -0.3606 -0.3179 -0.2249 0.1883 0.1393 -0.2281 -0.3587 -0.3105 -0.2072 0.2473 0.1183 -0.2837 -0.3561 -0.3031 -0.1892 0.2687 0.0982 -0.3203 -0.3529 -0.2957 -0.1708 0.2674 0.0780 -0.3427 -0.3490 -0.2883 -0.1502 0.2544 0.0561 -0.3445
0.0567 0.2602 -0.1583 -0.2911 -0.3506 -0.3355 0.0858 0.2698 -0.1779 -0.2985 -0.3542 -0.3086 0.1056 0.2643 -0.1958 -0.3058 -0.3571 -0.2664 0.1256 0.2317 -0.2133 -0.3131 -0.3595 -0.2041 0.1469 0.1575 -0.2309 -0.3202 -0.3610 -0.1261 0.1717 0.0430 -0.2507 -0.3279 -0.3622 -0.0423 0.1995 -0.0631 -0.2685 -0.3370 -0.3623 0.0261 0.2365 -0.1316 -0.2839 -0.3475 -0.3446 0.0805 0.2696 -0.1730 -0.2672 -0.1730 0.2696 0.0805 -0.3446 -0.3475 -0.2839 -0.1316 0.2365 0.0261 -0.3623 -0.3370 -0.2685 -0.0631 0.1995 -0.0423 -0.3622 -0.3279 -0.2507 0.0430 0.1717 -0.1261 -0.3610 -0.3202 -0.2309 0.1575 0.1469 -0.2041 -0.3595 -0.3131 -0.2133 0.2317 0.1256 -0.2664 -0.3571 -0.3058 -0.1958 0.2643 0.1056 -0.3086 -0.3542 -0.2985 -0.1779 0.2698 0.0858 -0.3355 -0.3506 -0.2911 -0.1583 0.2602 0.0567
0.2594 -0.1660 -0.2939 -0.3520 -0.3268 0.0933 0.2700 -0.1848 -0.3013 -0.3554 -0.2948 0.1129 0.2562 -0.2022 -0.3085 -0.3581 -0.2465 0.1329 0.2109 -0.2195 -0.3156 -0.3601 -0.1782 0.1549 0.1217 -0.2371 -0.3226 -0.3615 -0.1013 0.1793 0.0126 -0.2561 -0.3297 -0.3624 -0.0296 0.2040 -0.0732 -0.2699 -0.3379 -0.3620 0.0289 0.2378 -0.1324 -0.2839 -0.3474 -0.3455 0.0789 0.2693 -0.1791 -0.2986 -0.3439 -0.2986 -0.1791 0.2693 0.0789 -0.3455 -0.3474 -0.2839 -0.1324 0.2378 0.0289 -0.3620 -0.3379 -0.2699 -0.0732 0.2040 -0.0296 -0.3624 -0.3297 -0.2561 0.0126 0.1793 -0.1013 -0.3615 -0.3226 -0.2371 0.1217 0.1549 -0.1782 -0.3601 -0.3156 -0.2195 0.2109 0.1329 -0.2465 -0.3581 -0.3085 -0.2022 0.2562 0.1129 -0.2948 -0.3554 -0.3013 -0.1848 0.2700 0.0933 -0.3268 -0.3520 -0.2939 -0.1660 0.2594
-0.1630 -0.2968 -0.3534 -0.3164 0.1008 0.2676 -0.1915 -0.3040 -0.3565 -0.2788 0.1203 0.2438 -0.2086 -0.3111 -0.3589 -0.2239 0.1404 0.1844 -0.2256 -0.3181 -0.3607 -0.1513 0.1631 0.0833 -0.2433 -0.3249 -0.3618 -0.0771 0.1864 -0.0156 -0.2610 -0.3316 -0.3626 -0.0165 0.2095 -0.0842 -0.2717 -0.3390 -0.3614 0.0332 0.2402 -0.1348 -0.2844 -0.3475 -0.3455 0.0783 0.2690 -0.1788 -0.3002 -0.3614 -0.3772 -0.3614 -0.3002 -0.1788 0.2690 0.0783 -0.3455 -0.3475 -0.2844 -0.1348 0.2402 0.0332 -0.3614 -0.3390 -0.2717 -0.0842 0.2095 -0.0165 -0.3626 -0.3316 -0.2610 -0.0156 0.1864 -0.0771 -0.3618 -0.3249 -0.2433 0.0833 0.1631 -0.1513 -0.3607 -0.3181 -0.2256 0.1844 0.1404 -0.2239 -0.3589 -0.3111 -0.2086 0.2438 0.1203 -0.2788 -0.3565 -0.3040 -0.1915 0.2676 0.1008 -0.3164 -0.3534 -0.2968 -0.1630
-0.2750 -0.3547 -0.3041 0.1081 0.2620 -0.1980 -0.3067 -0.3575 -0.2603 0.1277 0.2264 -0.2150 -0.3137 -0.3597 -0.1991 0.1482 0.1522 -0.2318 -0.3205 -0.3612 -0.1245 0.1716 0.0458 -0.2496 -0.3272 -0.3621 -0.0552 0.1934 -0.0400 -0.2644 -0.3336 -0.3629 -0.0036 0.2156 -0.0955 -0.2737 -0.3403 -0.3605 0.0386 0.2436 -0.1385 -0.2853 -0.3479 -0.3446 0.0789 0.2690 -0.1784 -0.3001 -0.3563 -0.3008 0.0285 -0.3008 -0.3563 -0.3001 -0.1784 0.2690 0.0789 -0.3446 -0.3479 -0.2853 -0.1385 0.2436 0.0386 -0.3605 -0.3403 -0.2737 -0.0955 0.2156 -0.0036 -0.3629 -0.3336 -0.2644 -0.0400 0.1934 -0.0552 -0.3621 -0.3272 -0.2496 0.0458 0.1716 -0.1245 -0.3612 -0.3205 -0.2318 0.1522 0.1482 -0.1991 -0.3597 -0.3137 -0.2150 0.2264 0.1277 -0.2603 -0.3575 -0.3067 -0.1980 0.2620 0.1081 -0.3041 -0.3547 -0.2750
-0.3359 -0.2903 0.1151 0.2530 -0.2042 -0.3093 -0.3585 -0.2401 0.1348 0.2045 -0.2210 -0.3162 -0.3604 -0.1733 0.1559 0.1166 -0.2378 -0.3229 -0.3616 -0.0994 0.1796 0.0127 -0.2558 -0.3295 -0.3624 -0.0363 0.2002 -0.0602 -0.2672 -0.3357 -0.3628 0.0084 0.2221 -0.1061 -0.2760 -0.3419 -0.3592 0.0446 0.2475 -0.1430 -0.2866 -0.3486 -0.3428 0.0805 0.2693 -0.1788 -0.3001 -0.3557 -0.2885 0.1094 0.2274 0.1094 -0.2885 -0.3557 -0.3001 -0.1788 0.2693 0.0805 -0.3428 -0.3486 -0.2866 -0.1430 0.2475 0.0446 -0.3592 -0.3419 -0.2760 -0.1061 0.2221 0.0084 -0.3628 -0.3357 -0.2672 -0.0602 0.2002 -0.0363 -0.3624 -0.3295 -0.2558 0.0127 0.1796 -0.0994 -0.3616 -0.3229 -0.2378 0.1166 0.1559 -0.1733 -0.3604 -0.3162 -0.2210 0.2045 0.1348 -0.2401 -0.3585 -0.3093 -0.2042 0.2530 0.1151 -0.2903 -0.3359
-0.2827 0.1204 0.2430 -0.2093 -0.3117 -0.3600 -0.2217 0.1401 0.1830 -0.2261 -0.3186 -0.3616 -0.1513 0.1613 0.0861 -0.2431 -0.3252 -0.3624 -0.0797 0.1854 -0.0109 -0.2604 -0.3317 -0.3627 -0.0225 0.2058 -0.0742 -0.2695 -0.3378 -0.3624 0.0176 0.2276 -0.1143 -0.2779 -0.3437 -0.3577 0.0496 0.2509 -0.1468 -0.2878 -0.3499 -0.3409 0.0817 0.2696 -0.1791 -0.3002 -0.3563 -0.2885 0.1171 0.2582 -0.1285 0.2582 0.1171 -0.2885 -0.3563 -0.3002 -0.1791 0.2696 0.0817 -0.3409 -0.3499 -0.2878 -0.1468 0.2509 0.0496 -0.3577 -0.3437 -0.2779 -0.1143 0.2276 0.0176 -0.3624 -0.3378 -0.2695 -0.0742 0.2058 -0.0225 -0.3627 -0.3317 -0.2604 -0.0109 0.1854 -0.0797 -0.3624 -0.3252 -0.2431 0.0861 0.1613 -0.1513 -0.3616 -0.3186 -0.2261 0.1830 0.1401 -0.2217 -0.3600 -0.3117 -0.2093 0.2430 0.1204 -0.2827
0.1106 0.2499 -0.2078 -0.3126 -0.3671 -0.2242 0.1351 0.1958 -0.2250 -0.3200 -0.3690 -0.1545 0.1546 0.1031 -0.2423 -0.3272 -0.3697 -0.0831 0.1759 0.0025 -0.2597 -0.3342 -0.3691 -0.0255 0.1967 -0.0665 -0.2684 -0.3410 -0.3667 0.0150 0.2196 -0.1091 -0.2770 -0.3475 -0.3602 0.0460 0.2449 -0.1416 -0.2866 -0.3542 -0.3439 0.0759 0.2678 -0.1730 -0.2986 -0.3614 -0.3008 0.1094 0.2582 -0.1988 -0.2788 -0.1988 0.2582 0.1094 -0.3008 -0.3614 -0.2986 -0.1730 0.2678 0.0759 -0.3439 -0.3542 -0.2866 -0.1416 0.2449 0.0460 -0.3602 -0.3475 -0.2770 -0.1091 0.2196 0.0150 -0.3667 -0.3410 -0.2684 -0.0665 0.1967 -0.0255 -0.3691 -0.3342 -0.2597 0.0025 0.1759 -0.0831 -0.3697 -0.3272 -0.2423 0.1031 0.1546 -0.1545 -0.3690 -0.3200 -0.2250 0.1958 0.1351 -0.2242 -0.3671 -0.3126 -0.2078 0.2499 0.1106
0.2337 -0.1394 -0.2836 -0.3564 -0.3610 0.0662 0.2539 -0.1646 -0.2918 -0.3622 -0.3408 0.0856 0.2649 -0.1876 -0.2999 -0.3675 -0.3087 0.1038 0.2624 -0.2096 -0.3081 -0.3721 -0.2591 0.1225 0.2338 -0.2236 -0.3163 -0.3758 -0.1902 0.1424 0.1648 -0.2373 -0.3244 -0.3784 -0.1098 0.1648 0.0522 -0.2523 -0.3333 -0.3796 -0.0321 0.1922 -0.0581 -0.2672 -0.3439 -0.3772 0.0285 0.2274 -0.1285 -0.2788 -0.3291 -0.2788 -0.1285 0.2274 0.0285 -0.3772 -0.3439 -0.2672 -0.0581 0.1922 -0.0321 -0.3796 -0.3333 -0.2523 0.0522 0.1648 -0.1098 -0.3784 -0.3244 -0.2373 0.1648 0.1424 -0.1902 -0.3758 -0.3163 -0.2236 0.2338 0.1225 -0.2591 -0.3721 -0.3081 -0.2096 0.2624 0.1038 -0.3087 -0.3675 -0.2999 -0.1876 0.2649 0.0856 -0.3408 -0.3622 -0.2918 -0.1646 0.2539 0.0662 -0.3610 -0.3564 -0.2836 -0.1394 0.2337
