-0.2585 -0.3382 -0.2365 0.1445 0.1067 -0.2223 -0.3048 -0.3462 -0.0270 0.2146 -0.1062 -0.2547 -0.3242 -0.3391 0.0720 0.2637 -0.1738 -0.2801 -0.3381 -0.2473 0.1396 0.1292 -0.2193 -0.3033 -0.3458 -0.0386 0.2097 -0.0986 -0.2527 -0.3229 -0.3414 0.0666 0.2628 -0.1700 -0.2783 -0.3373 -0.2595 0.1344 0.1518 -0.2161 -0.3016 -0.3454 -0.0514 0.2049 -0.0903 -0.2508 -0.3216 -0.3434 0.0582 0.2541 -0.0224 0.2541 0.0582 -0.3434 -0.3216 -0.2508 -0.0903 0.2049 -0.0514 -0.3454 -0.3016 -0.2161 0.1518 0.1344 -0.2595 -0.3373 -0.2783 -0.1700 0.2628 0.0666 -0.3414 -0.3229 -0.2527 -0.0986 0.2097 -0.0386 -0.3458 -0.3033 -0.2193 0.1292 0.1396 -0.2473 -0.3381 -0.2801 -0.1738 0.2637 0.0720 -0.3391 -0.3242 -0.2547 -0.1062 0.2146 -0.0270 -0.3462 -0.3048 -0.2223 0.1067 0.1445 -0.2365 -0.3382 -0.2585
-0.3382 -0.2361 0.1433 0.1442 -0.2392 -0.3257 -0.3622 -0.0291 0.2107 -0.0989 -0.2771 -0.3442 -0.3526 0.0712 0.2678 -0.1788 -0.3017 -0.3567 -0.2576 0.1367 0.1697 -0.2348 -0.3241 -0.3621 -0.0413 0.2058 -0.0897 -0.2752 -0.3429 -0.3550 0.0659 0.2656 -0.1743 -0.2999 -0.3560 -0.2701 0.1317 0.1895 -0.2307 -0.3226 -0.3619 -0.0546 0.2010 -0.0796 -0.2733 -0.3417 -0.3571 0.0599 0.2614 -0.1573 -0.2613 -0.1573 0.2614 0.0599 -0.3571 -0.3417 -0.2733 -0.0796 0.2010 -0.0546 -0.3619 -0.3226 -0.2307 0.1895 0.1317 -0.2701 -0.3560 -0.2999 -0.1743 0.2656 0.0659 -0.3550 -0.3429 -0.2752 -0.0897 0.2058 -0.0413 -0.3621 -0.3241 -0.2348 0.1697 0.1367 -0.2576 -0.3567 -0.3017 -0.1788 0.2678 0.0712 -0.3526 -0.3442 -0.2771 -0.0989 0.2107 -0.0291 -0.3622 -0.3257 -0.2392 0.1442 0.1433 -0.2361 -0.3382
-0.2365 0.1433 0.1574 -0.2352 -0.3238 -0.3618 -0.0468 0.2033 -0.0847 -0.2742 -0.3422 -0.3561 0.0628 0.2641 -0.1717 -0.2989 -0.3555 -0.2764 0.1288 0.1995 -0.2285 -0.3217 -0.3617 -0.0625 0.1982 -0.0735 -0.2722 -0.3410 -0.3580 0.0571 0.2610 -0.1670 -0.2971 -0.3548 -0.2872 0.1240 0.2156 -0.2244 -0.3201 -0.3615 -0.0775 0.1934 -0.0615 -0.2703 -0.3397 -0.3595 0.0512 0.2571 -0.1600 -0.2917 -0.3383 -0.2917 -0.1600 0.2571 0.0512 -0.3595 -0.3397 -0.2703 -0.0615 0.1934 -0.0775 -0.3615 -0.3201 -0.2244 0.2156 0.1240 -0.2872 -0.3548 -0.2971 -0.1670 0.2610 0.0571 -0.3580 -0.3410 -0.2722 -0.0735 0.1982 -0.0625 -0.3617 -0.3217 -0.2285 0.1995 0.1288 -0.2764 -0.3555 -0.2989 -0.1717 0.2641 0.0628 -0.3561 -0.3422 -0.2742 -0.0847 0.2033 -0.0468 -0.3618 -0.3238 -0.2352 0.1574 0.1433 -0.2365
0.1445 0.1442 -0.2352 -0.3230 -0.3616 -0.0614 0.1974 -0.0701 -0.2715 -0.3404 -0.3588 0.0542 0.2591 -0.1644 -0.2961 -0.3544 -0.2928 0.1213 0.2235 -0.2222 -0.3192 -0.3613 -0.0864 0.1908 -0.0541 -0.2692 -0.3390 -0.3603 0.0480 0.2552 -0.1594 -0.2943 -0.3535 -0.3021 0.1166 0.2359 -0.2181 -0.3176 -0.3610 -0.1030 0.1862 -0.0397 -0.2673 -0.3377 -0.3613 0.0418 0.2510 -0.1538 -0.2919 -0.3572 -0.3795 -0.3572 -0.2919 -0.1538 0.2510 0.0418 -0.3613 -0.3377 -0.2673 -0.0397 0.1862 -0.1030 -0.3610 -0.3176 -0.2181 0.2359 0.1166 -0.3021 -0.3535 -0.2943 -0.1594 0.2552 0.0480 -0.3603 -0.3390 -0.2692 -0.0541 0.1908 -0.0864 -0.3613 -0.3192 -0.2222 0.2235 0.1213 -0.2928 -0.3544 -0.2961 -0.1644 0.2591 0.0542 -0.3588 -0.3404 -0.2715 -0.0701 0.1974 -0.0614 -0.3616 -0.3230 -0.2352 0.1442 0.1445
0.1067 -0.2392 -0.3238 -0.3616 -0.0672 0.1940 -0.0581 -0.2693 -0.3387 -0.3606 0.0457 0.2535 -0.1570 -0.2934 -0.3531 -0.3068 0.1140 0.2417 -0.2158 -0.3166 -0.3609 -0.1125 0.1836 -0.0308 -0.2663 -0.3369 -0.3617 0.0382 0.2487 -0.1513 -0.2915 -0.3522 -0.3148 0.1092 0.2507 -0.2117 -0.3150 -0.3605 -0.1301 0.1783 -0.0133 -0.2643 -0.3356 -0.3624 0.0315 0.2442 -0.1457 -0.2895 -0.3518 -0.3340 -0.0082 -0.3340 -0.3518 -0.2895 -0.1457 0.2442 0.0315 -0.3624 -0.3356 -0.2643 -0.0133 0.1783 -0.1301 -0.3605 -0.3150 -0.2117 0.2507 0.1092 -0.3148 -0.3522 -0.2915 -0.1513 0.2487 0.0382 -0.3617 -0.3369 -0.2663 -0.0308 0.1836 -0.1125 -0.3609 -0.3166 -0.2158 0.2417 0.1140 -0.3068 -0.3531 -0.2934 -0.1570 0.2535 0.0457 -0.3606 -0.3387 -0.2693 -0.0581 0.1940 -0.0672 -0.3616 -0.3238 -0.2392 0.1067
-0.2223 -0.3257 -0.3618 -0.0614 0.1940 -0.0533 -0.2680 -0.3375 -0.3616 0.0380 0.2478 -0.1496 -0.2908 -0.3518 -0.3183 0.1068 0.2546 -0.2096 -0.3141 -0.3603 -0.1401 0.1754 -0.0025 -0.2632 -0.3348 -0.3626 0.0276 0.2416 -0.1427 -0.2887 -0.3508 -0.3255 0.1018 0.2608 -0.2054 -0.3124 -0.3599 -0.1581 0.1696 0.0185 -0.2603 -0.3334 -0.3628 0.0202 0.2368 -0.1368 -0.2868 -0.3499 -0.3335 0.0846 0.2016 0.0846 -0.3335 -0.3499 -0.2868 -0.1368 0.2368 0.0202 -0.3628 -0.3334 -0.2603 0.0185 0.1696 -0.1581 -0.3599 -0.3124 -0.2054 0.2608 0.1018 -0.3255 -0.3508 -0.2887 -0.1427 0.2416 0.0276 -0.3626 -0.3348 -0.2632 -0.0025 0.1754 -0.1401 -0.3603 -0.3141 -0.2096 0.2546 0.1068 -0.3183 -0.3518 -0.2908 -0.1496 0.2478 0.0380 -0.3616 -0.3375 -0.2680 -0.0533 0.1940 -0.0614 -0.3618 -0.3257 -0.2223
-0.3048 -0.3622 -0.0468 0.1974 -0.0581 -0.2680 -0.3370 -0.3621 0.0324 0.2432 -0.1432 -0.2885 -0.3505 -0.3275 0.0999 0.2630 -0.2034 -0.3115 -0.3597 -0.1678 0.1665 0.0310 -0.2585 -0.3326 -0.3629 0.0159 0.2340 -0.1334 -0.2858 -0.3492 -0.3344 0.0944 0.2670 -0.1990 -0.3098 -0.3593 -0.1858 0.1608 0.0551 -0.2544 -0.3312 -0.3628 0.0076 0.2291 -0.1269 -0.2839 -0.3482 -0.3397 0.0871 0.2702 -0.0775 0.2702 0.0871 -0.3397 -0.3482 -0.2839 -0.1269 0.2291 0.0076 -0.3628 -0.3312 -0.2544 0.0551 0.1608 -0.1858 -0.3593 -0.3098 -0.1990 0.2670 0.0944 -0.3344 -0.3492 -0.2858 -0.1334 0.2340 0.0159 -0.3629 -0.3326 -0.2585 0.0310 0.1665 -0.1678 -0.3597 -0.3115 -0.2034 0.2630 0.0999 -0.3275 -0.3505 -0.2885 -0.1432 0.2432 0.0324 -0.3621 -0.3370 -0.2680 -0.0581 0.1974 -0.0468 -0.3622 -0.3048
-0.3462 -0.0291 0.2033 -0.0701 -0.2693 -0.3375 -0.3621 0.0304 0.2405 -0.1386 -0.2867 -0.3494 -0.3344 0.0937 0.2677 -0.1975 -0.3091 -0.3590 -0.1940 0.1580 0.0682 -0.2522 -0.3304 -0.3628 0.0028 0.2263 -0.1231 -0.2829 -0.3476 -0.3418 0.0868 0.2698 -0.1924 -0.3071 -0.3585 -0.2119 0.1524 0.0948 -0.2478 -0.3289 -0.3626 -0.0066 0.2212 -0.1160 -0.2811 -0.3465 -0.3458 0.0814 0.2701 -0.1776 -0.2695 -0.1776 0.2701 0.0814 -0.3458 -0.3465 -0.2811 -0.1160 0.2212 -0.0066 -0.3626 -0.3289 -0.2478 0.0948 0.1524 -0.2119 -0.3585 -0.3071 -0.1924 0.2698 0.0868 -0.3418 -0.3476 -0.2829 -0.1231 0.2263 0.0028 -0.3628 -0.3304 -0.2522 0.0682 0.1580 -0.1940 -0.3590 -0.3091 -0.1975 0.2677 0.0937 -0.3344 -0.3494 -0.2867 -0.1386 0.2405 0.0304 -0.3621 -0.3375 -0.2693 -0.0701 0.2033 -0.0291 -0.3462
-0.0270 0.2107 -0.0847 -0.2715 -0.3387 -0.3616 0.0324 0.2405 -0.1369 -0.2857 -0.3486 -0.3390 0.0885 0.2697 -0.1921 -0.3067 -0.3583 -0.2178 0.1501 0.1065 -0.2458 -0.3281 -0.3625 -0.0118 0.2185 -0.1119 -0.2800 -0.3459 -0.3477 0.0791 0.2699 -0.1857 -0.3044 -0.3576 -0.2359 0.1443 0.1339 -0.2413 -0.3265 -0.3623 -0.0227 0.2134 -0.1038 -0.2781 -0.3448 -0.3509 0.0739 0.2687 -0.1795 -0.2996 -0.3453 -0.2996 -0.1795 0.2687 0.0739 -0.3509 -0.3448 -0.2781 -0.1038 0.2134 -0.0227 -0.3623 -0.3265 -0.2413 0.1339 0.1443 -0.2359 -0.3576 -0.3044 -0.1857 0.2699 0.0791 -0.3477 -0.3459 -0.2800 -0.1119 0.2185 -0.0118 -0.3625 -0.3281 -0.2458 0.1065 0.1501 -0.2178 -0.3583 -0.3067 -0.1921 0.2697 0.0885 -0.3390 -0.3486 -0.2857 -0.1369 0.2405 0.0324 -0.3616 -0.3387 -0.2715 -0.0847 0.2107 -0.0270
0.2146 -0.0989 -0.2742 -0.3404 -0.3606 0.0380 0.2432 -0.1386 -0.2857 -0.3483 -0.3412 0.0850 0.2702 -0.1877 -0.3047 -0.3576 -0.2380 0.1431 0.1418 -0.2397 -0.3259 -0.3622 -0.0281 0.2109 -0.0995 -0.2772 -0.3441 -0.3524 0.0712 0.2679 -0.1789 -0.3017 -0.3566 -0.2574 0.1365 0.1694 -0.2349 -0.3241 -0.3620 -0.0412 0.2057 -0.0898 -0.2752 -0.3429 -0.3549 0.0658 0.2656 -0.1740 -0.2994 -0.3616 -0.3770 -0.3616 -0.2994 -0.1740 0.2656 0.0658 -0.3549 -0.3429 -0.2752 -0.0898 0.2057 -0.0412 -0.3620 -0.3241 -0.2349 0.1694 0.1365 -0.2574 -0.3566 -0.3017 -0.1789 0.2679 0.0712 -0.3524 -0.3441 -0.2772 -0.0995 0.2109 -0.0281 -0.3622 -0.3259 -0.2397 0.1418 0.1431 -0.2380 -0.3576 -0.3047 -0.1877 0.2702 0.0850 -0.3412 -0.3483 -0.2857 -0.1386 0.2432 0.0380 -0.3606 -0.3404 -0.2742 -0.0989 0.2146
-0.1062 -0.2771 -0.3422 -0.3588 0.0457 0.2478 -0.1432 -0.2867 -0.3486 -0.3412 0.0838 0.2701 -0.1848 -0.3032 -0.3569 -0.2535 0.1370 0.1708 -0.2341 -0.3237 -0.3619 -0.0464 0.2036 -0.0853 -0.2743 -0.3423 -0.3560 0.0630 0.2642 -0.1719 -0.2989 -0.3555 -0.2764 0.1288 0.1994 -0.2285 -0.3217 -0.3617 -0.0624 0.1982 -0.0736 -0.2722 -0.3410 -0.3580 0.0572 0.2610 -0.1670 -0.2970 -0.3555 -0.3065 0.0255 -0.3065 -0.3555 -0.2970 -0.1670 0.2610 0.0572 -0.3580 -0.3410 -0.2722 -0.0736 0.1982 -0.0624 -0.3617 -0.3217 -0.2285 0.1994 0.1288 -0.2764 -0.3555 -0.2989 -0.1719 0.2642 0.0630 -0.3560 -0.3423 -0.2743 -0.0853 0.2036 -0.0464 -0.3619 -0.3237 -0.2341 0.1708 0.1370 -0.2535 -0.3569 -0.3032 -0.1848 0.2701 0.0838 -0.3412 -0.3486 -0.2867 -0.1432 0.2478 0.0457 -0.3588 -0.3422 -0.2771 -0.1062
-0.2547 -0.3442 -0.3561 0.0542 0.2535 -0.1496 -0.2885 -0.3494 -0.3390 0.0850 0.2701 -0.1837 -0.3024 -0.3564 -0.2641 0.1322 0.1923 -0.2292 -0.3217 -0.3616 -0.0658 0.1967 -0.0692 -0.2715 -0.3404 -0.3587 0.0545 0.2594 -0.1647 -0.2962 -0.3544 -0.2926 0.1214 0.2233 -0.2222 -0.3192 -0.3613 -0.0862 0.1908 -0.0543 -0.2693 -0.3390 -0.3602 0.0481 0.2553 -0.1594 -0.2943 -0.3537 -0.3055 0.1036 0.2223 0.1036 -0.3055 -0.3537 -0.2943 -0.1594 0.2553 0.0481 -0.3602 -0.3390 -0.2693 -0.0543 0.1908 -0.0862 -0.3613 -0.3192 -0.2222 0.2233 0.1214 -0.2926 -0.3544 -0.2962 -0.1647 0.2594 0.0545 -0.3587 -0.3404 -0.2715 -0.0692 0.1967 -0.0658 -0.3616 -0.3217 -0.2292 0.1923 0.1322 -0.2641 -0.3564 -0.3024 -0.1837 0.2701 0.0850 -0.3390 -0.3494 -0.2885 -0.1496 0.2535 0.0542 -0.3561 -0.3442 -0.2547
-0.3242 -0.3526 0.0628 0.2591 -0.1570 -0.2908 -0.3505 -0.3344 0.0885 0.2702 -0.1848 -0.3024 -0.3563 -0.2694 0.1292 0.2061 -0.2254 -0.3199 -0.3613 -0.0851 0.1905 -0.0517 -0.2687 -0.3385 -0.3607 0.0456 0.2535 -0.1572 -0.2935 -0.3532 -0.3063 0.1142 0.2413 -0.2160 -0.3167 -0.3609 -0.1123 0.1836 -0.0310 -0.2663 -0.3369 -0.3617 0.0383 0.2488 -0.1514 -0.2915 -0.3523 -0.3153 0.1067 0.2664 -0.1172 0.2664 0.1067 -0.3153 -0.3523 -0.2915 -0.1514 0.2488 0.0383 -0.3617 -0.3369 -0.2663 -0.0310 0.1836 -0.1123 -0.3609 -0.3167 -0.2160 0.2413 0.1142 -0.3063 -0.3532 -0.2935 -0.1572 0.2535 0.0456 -0.3607 -0.3385 -0.2687 -0.0517 0.1905 -0.0851 -0.3613 -0.3199 -0.2254 0.2061 0.1292 -0.2694 -0.3563 -0.3024 -0.1848 0.2702 0.0885 -0.3344 -0.3505 -0.2908 -0.1570 0.2591 0.0628 -0.3526 -0.3242
-0.3391 0.0712 0.2641 -0.1644 -0.2934 -0.3518 -0.3275 0.0937 0.2697 -0.1877 -0.3032 -0.3564 -0.2694 0.1281 0.2128 -0.2229 -0.3187 -0.3610 -0.1023 0.1852 -0.0332 -0.2662 -0.3367 -0.3619 0.0363 0.2472 -0.1493 -0.2908 -0.3518 -0.3180 0.1071 0.2542 -0.2098 -0.3142 -0.3603 -0.1396 0.1756 -0.0030 -0.2633 -0.3348 -0.3626 0.0277 0.2416 -0.1428 -0.2887 -0.3508 -0.3255 0.1014 0.2631 -0.1957 -0.2778 -0.1957 0.2631 0.1014 -0.3255 -0.3508 -0.2887 -0.1428 0.2416 0.0277 -0.3626 -0.3348 -0.2633 -0.0030 0.1756 -0.1396 -0.3603 -0.3142 -0.2098 0.2542 0.1071 -0.3180 -0.3518 -0.2908 -0.1493 0.2472 0.0363 -0.3619 -0.3367 -0.2662 -0.0332 0.1852 -0.1023 -0.3610 -0.3187 -0.2229 0.2128 0.1281 -0.2694 -0.3564 -0.3032 -0.1877 0.2697 0.0937 -0.3275 -0.3518 -0.2934 -0.1644 0.2641 0.0712 -0.3391
0.0720 0.2678 -0.1717 -0.2961 -0.3531 -0.3183 0.0999 0.2677 -0.1921 -0.3047 -0.3569 -0.2641 0.1292 0.2128 -0.2221 -0.3180 -0.3608 -0.1152 0.1811 -0.0156 -0.2641 -0.3350 -0.3626 0.0270 0.2407 -0.1412 -0.2881 -0.3504 -0.3279 0.0999 0.2629 -0.2036 -0.3116 -0.3597 -0.1668 0.1668 0.0299 -0.2587 -0.3326 -0.3629 0.0159 0.2341 -0.1334 -0.2858 -0.3492 -0.3344 0.0944 0.2672 -0.1973 -0.3073 -0.3519 -0.3073 -0.1973 0.2672 0.0944 -0.3344 -0.3492 -0.2858 -0.1334 0.2341 0.0159 -0.3629 -0.3326 -0.2587 0.0299 0.1668 -0.1668 -0.3597 -0.3116 -0.2036 0.2629 0.0999 -0.3279 -0.3504 -0.2881 -0.1412 0.2407 0.0270 -0.3626 -0.3350 -0.2641 -0.0156 0.1811 -0.1152 -0.3608 -0.3180 -0.2221 0.2128 0.1292 -0.2641 -0.3569 -0.3047 -0.1921 0.2677 0.0999 -0.3183 -0.3531 -0.2961 -0.1717 0.2678 0.0720
0.2637 -0.1788 -0.2989 -0.3544 -0.3068 0.1068 0.2630 -0.1975 -0.3067 -0.3576 -0.2535 0.1322 0.2061 -0.2229 -0.3180 -0.3608 -0.1222 0.1782 -0.0016 -0.2623 -0.3336 -0.3629 0.0180 0.2346 -0.1331 -0.2855 -0.3490 -0.3359 0.0928 0.2679 -0.1973 -0.3091 -0.3591 -0.1932 0.1583 0.0668 -0.2524 -0.3304 -0.3628 0.0031 0.2264 -0.1233 -0.2829 -0.3476 -0.3417 0.0869 0.2698 -0.1921 -0.3067 -0.3652 -0.3699 -0.3652 -0.3067 -0.1921 0.2698 0.0869 -0.3417 -0.3476 -0.2829 -0.1233 0.2264 0.0031 -0.3628 -0.3304 -0.2524 0.0668 0.1583 -0.1932 -0.3591 -0.3091 -0.1973 0.2679 0.0928 -0.3359 -0.3490 -0.2855 -0.1331 0.2346 0.0180 -0.3629 -0.3336 -0.2623 -0.0016 0.1782 -0.1222 -0.3608 -0.3180 -0.2229 0.2061 0.1322 -0.2535 -0.3576 -0.3067 -0.1975 0.2630 0.1068 -0.3068 -0.3544 -0.2989 -0.1788 0.2637
-0.1738 -0.3017 -0.3555 -0.2928 0.1140 0.2546 -0.2034 -0.3091 -0.3583 -0.2380 0.1370 0.1923 -0.2254 -0.3187 -0.3608 -0.1222 0.1771 0.0060 -0.2610 -0.3326 -0.3629 0.0101 0.2292 -0.1255 -0.2832 -0.3476 -0.3422 0.0859 0.2700 -0.1911 -0.3065 -0.3583 -0.2181 0.1503 0.1055 -0.2460 -0.3282 -0.3625 -0.0112 0.2188 -0.1123 -0.2801 -0.3460 -0.3476 0.0792 0.2699 -0.1858 -0.3043 -0.3584 -0.2642 0.0511 -0.2642 -0.3584 -0.3043 -0.1858 0.2699 0.0792 -0.3476 -0.3460 -0.2801 -0.1123 0.2188 -0.0112 -0.3625 -0.3282 -0.2460 0.1055 0.1503 -0.2181 -0.3583 -0.3065 -0.1911 0.2700 0.0859 -0.3422 -0.3476 -0.2832 -0.1255 0.2292 0.0101 -0.3629 -0.3326 -0.2610 0.0060 0.1771 -0.1222 -0.3608 -0.3187 -0.2254 0.1923 0.1370 -0.2380 -0.3583 -0.3091 -0.2034 0.2546 0.1140 -0.2928 -0.3555 -0.3017 -0.1738
-0.2801 -0.3567 -0.2764 0.1213 0.2417 -0.2096 -0.3115 -0.3590 -0.2178 0.1431 0.1708 -0.2292 -0.3199 -0.3610 -0.1152 0.1782 0.0060 -0.2603 -0.3321 -0.3628 0.0042 0.2250 -0.1188 -0.2812 -0.3463 -0.3470 0.0794 0.2699 -0.1851 -0.3040 -0.3574 -0.2406 0.1425 0.1427 -0.2397 -0.3259 -0.3622 -0.0275 0.2112 -0.0999 -0.2773 -0.3442 -0.3523 0.0714 0.2679 -0.1790 -0.3017 -0.3568 -0.2623 0.1221 0.2420 0.1221 -0.2623 -0.3568 -0.3017 -0.1790 0.2679 0.0714 -0.3523 -0.3442 -0.2773 -0.0999 0.2112 -0.0275 -0.3622 -0.3259 -0.2397 0.1427 0.1425 -0.2406 -0.3574 -0.3040 -0.1851 0.2699 0.0794 -0.3470 -0.3463 -0.2812 -0.1188 0.2250 0.0042 -0.3628 -0.3321 -0.2603 0.0060 0.1782 -0.1152 -0.3610 -0.3199 -0.2292 0.1708 0.1431 -0.2178 -0.3590 -0.3115 -0.2096 0.2417 0.1213 -0.2764 -0.3567 -0.2801
-0.3381 -0.2576 0.1288 0.2235 -0.2158 -0.3141 -0.3597 -0.1940 0.1501 0.1418 -0.2341 -0.3217 -0.3613 -0.1023 0.1811 -0.0016 -0.2610 -0.3321 -0.3628 0.0009 0.2223 -0.1139 -0.2797 -0.3452 -0.3504 0.0736 0.2684 -0.1794 -0.3016 -0.3565 -0.2601 0.1352 0.1756 -0.2335 -0.3236 -0.3620 -0.0461 0.2038 -0.0858 -0.2744 -0.3424 -0.3559 0.0633 0.2644 -0.1721 -0.2990 -0.3556 -0.2769 0.1262 0.2373 -0.1471 0.2373 0.1262 -0.2769 -0.3556 -0.2990 -0.1721 0.2644 0.0633 -0.3559 -0.3424 -0.2744 -0.0858 0.2038 -0.0461 -0.3620 -0.3236 -0.2335 0.1756 0.1352 -0.2601 -0.3565 -0.3016 -0.1794 0.2684 0.0736 -0.3504 -0.3452 -0.2797 -0.1139 0.2223 0.0009 -0.3628 -0.3321 -0.2610 -0.0016 0.1811 -0.1023 -0.3613 -0.3217 -0.2341 0.1418 0.1501 -0.1940 -0.3597 -0.3141 -0.2158 0.2235 0.1288 -0.2576 -0.3381
-0.2473 0.1367 0.1995 -0.2222 -0.3166 -0.3603 -0.1678 0.1580 0.1065 -0.2397 -0.3237 -0.3616 -0.0851 0.1852 -0.0156 -0.2623 -0.3326 -0.3628 0.0009 0.2213 -0.1112 -0.2787 -0.3445 -0.3527 0.0688 0.2662 -0.1743 -0.2995 -0.3556 -0.2762 0.1285 0.2023 -0.2276 -0.3212 -0.3616 -0.0672 0.1965 -0.0694 -0.2715 -0.3405 -0.3587 0.0548 0.2595 -0.1649 -0.2963 -0.3545 -0.2922 0.1211 0.2286 -0.2132 -0.2862 -0.2132 0.2286 0.1211 -0.2922 -0.3545 -0.2963 -0.1649 0.2595 0.0548 -0.3587 -0.3405 -0.2715 -0.0694 0.1965 -0.0672 -0.3616 -0.3212 -0.2276 0.2023 0.1285 -0.2762 -0.3556 -0.2995 -0.1743 0.2662 0.0688 -0.3527 -0.3445 -0.2787 -0.1112 0.2213 0.0009 -0.3628 -0.3326 -0.2623 -0.0156 0.1852 -0.0851 -0.3616 -0.3237 -0.2397 0.1065 0.1580 -0.1678 -0.3603 -0.3166 -0.2222 0.1995 0.1367 -0.2473
0.1396 0.1697 -0.2285 -0.3192 -0.3609 -0.1401 0.1665 0.0682 -0.2458 -0.3259 -0.3619 -0.0658 0.1905 -0.0332 -0.2641 -0.3336 -0.3629 0.0042 0.2223 -0.1112 -0.2784 -0.3441 -0.3540 0.0653 0.2642 -0.1701 -0.2977 -0.3548 -0.2889 0.1224 0.2225 -0.2220 -0.3190 -0.3612 -0.0903 0.1895 -0.0499 -0.2686 -0.3386 -0.3606 0.0458 0.2537 -0.1574 -0.2936 -0.3532 -0.3059 0.1143 0.2417 -0.2147 -0.3150 -0.3583 -0.3150 -0.2147 0.2417 0.1143 -0.3059 -0.3532 -0.2936 -0.1574 0.2537 0.0458 -0.3606 -0.3386 -0.2686 -0.0499 0.1895 -0.0903 -0.3612 -0.3190 -0.2220 0.2225 0.1224 -0.2889 -0.3548 -0.2977 -0.1701 0.2642 0.0653 -0.3540 -0.3441 -0.2784 -0.1112 0.2223 0.0042 -0.3629 -0.3336 -0.2641 -0.0332 0.1905 -0.0658 -0.3619 -0.3259 -0.2458 0.0682 0.1665 -0.1401 -0.3609 -0.3192 -0.2285 0.1697 0.1396
0.1292 -0.2348 -0.3217 -0.3613 -0.1125 0.1754 0.0310 -0.2522 -0.3281 -0.3622 -0.0464 0.1967 -0.0517 -0.2662 -0.3350 -0.3629 0.0101 0.2250 -0.1139 -0.2787 -0.3441 -0.3544 0.0634 0.2627 -0.1671 -0.2963 -0.3541 -0.2985 0.1172 0.2370 -0.2169 -0.3168 -0.3608 -0.1141 0.1828 -0.0271 -0.2658 -0.3366 -0.3620 0.0362 0.2472 -0.1495 -0.2909 -0.3519 -0.3176 0.1073 0.2540 -0.2097 -0.3139 -0.3678 -0.3555 -0.3678 -0.3139 -0.2097 0.2540 0.1073 -0.3176 -0.3519 -0.2909 -0.1495 0.2472 0.0362 -0.3620 -0.3366 -0.2658 -0.0271 0.1828 -0.1141 -0.3608 -0.3168 -0.2169 0.2370 0.1172 -0.2985 -0.3541 -0.2963 -0.1671 0.2627 0.0634 -0.3544 -0.3441 -0.2787 -0.1139 0.2250 0.0101 -0.3629 -0.3350 -0.2662 -0.0517 0.1967 -0.0464 -0.3622 -0.3281 -0.2522 0.0310 0.1754 -0.1125 -0.3613 -0.3217 -0.2348 0.1292
-0.2193 -0.3241 -0.3617 -0.0864 0.1836 -0.0025 -0.2585 -0.3304 -0.3625 -0.0281 0.2036 -0.0692 -0.2687 -0.3367 -0.3626 0.0180 0.2292 -0.1188 -0.2797 -0.3445 -0.3540 0.0634 0.2622 -0.1654 -0.2954 -0.3535 -0.3053 0.1130 0.2467 -0.2125 -0.3149 -0.3604 -0.1372 0.1758 -0.0014 -0.2630 -0.3345 -0.3627 0.0257 0.2402 -0.1410 -0.2881 -0.3505 -0.3275 0.1002 0.2626 -0.2037 -0.3116 -0.3605 -0.2024 0.0728 -0.2024 -0.3605 -0.3116 -0.2037 0.2626 0.1002 -0.3275 -0.3505 -0.2881 -0.1410 0.2402 0.0257 -0.3627 -0.3345 -0.2630 -0.0014 0.1758 -0.1372 -0.3604 -0.3149 -0.2125 0.2467 0.1130 -0.3053 -0.3535 -0.2954 -0.1654 0.2622 0.0634 -0.3540 -0.3445 -0.2797 -0.1188 0.2292 0.0180 -0.3626 -0.3367 -0.2687 -0.0692 0.2036 -0.0281 -0.3625 -0.3304 -0.2585 -0.0025 0.1836 -0.0864 -0.3617 -0.3241 -0.2193
-0.3033 -0.3621 -0.0625 0.1908 -0.0308 -0.2632 -0.3326 -0.3628 -0.0118 0.2109 -0.0853 -0.2715 -0.3385 -0.3619 0.0270 0.2346 -0.1255 -0.2812 -0.3452 -0.3527 0.0653 0.2627 -0.1654 -0.2951 -0.3533 -0.3093 0.1101 0.2528 -0.2090 -0.3133 -0.3600 -0.1580 0.1686 0.0262 -0.2590 -0.3325 -0.3629 0.0145 0.2330 -0.1319 -0.2853 -0.3490 -0.3359 0.0929 0.2678 -0.1975 -0.3091 -0.3592 -0.1990 0.1416 0.2586 0.1416 -0.1990 -0.3592 -0.3091 -0.1975 0.2678 0.0929 -0.3359 -0.3490 -0.2853 -0.1319 0.2330 0.0145 -0.3629 -0.3325 -0.2590 0.0262 0.1686 -0.1580 -0.3600 -0.3133 -0.2090 0.2528 0.1101 -0.3093 -0.3533 -0.2951 -0.1654 0.2627 0.0653 -0.3527 -0.3452 -0.2812 -0.1255 0.2346 0.0270 -0.3619 -0.3385 -0.2715 -0.0853 0.2109 -0.0118 -0.3628 -0.3326 -0.2632 -0.0308 0.1908 -0.0625 -0.3621 -0.3033
-0.3458 -0.0413 0.1982 -0.0541 -0.2663 -0.3348 -0.3629 0.0028 0.2185 -0.0995 -0.2743 -0.3404 -0.3607 0.0363 0.2407 -0.1331 -0.2832 -0.3463 -0.3504 0.0688 0.2642 -0.1671 -0.2954 -0.3533 -0.3106 0.1085 0.2561 -0.2065 -0.3121 -0.3596 -0.1751 0.1626 0.0534 -0.2539 -0.3307 -0.3628 0.0028 0.2259 -0.1222 -0.2826 -0.3474 -0.3427 0.0856 0.2700 -0.1912 -0.3066 -0.3583 -0.2186 0.1473 0.1677 -0.1727 0.1677 0.1473 -0.2186 -0.3583 -0.3066 -0.1912 0.2700 0.0856 -0.3427 -0.3474 -0.2826 -0.1222 0.2259 0.0028 -0.3628 -0.3307 -0.2539 0.0534 0.1626 -0.1751 -0.3596 -0.3121 -0.2065 0.2561 0.1085 -0.3106 -0.3533 -0.2954 -0.1671 0.2642 0.0688 -0.3504 -0.3463 -0.2832 -0.1331 0.2407 0.0363 -0.3607 -0.3404 -0.2743 -0.0995 0.2185 0.0028 -0.3629 -0.3348 -0.2663 -0.0541 0.1982 -0.0413 -0.3458
-0.0386 0.2058 -0.0735 -0.2692 -0.3369 -0.3626 0.0159 0.2263 -0.1119 -0.2772 -0.3423 -0.3587 0.0456 0.2472 -0.1412 -0.2855 -0.3476 -0.3470 0.0736 0.2662 -0.1701 -0.2963 -0.3535 -0.3093 0.1085 0.2572 -0.2052 -0.3113 -0.3593 -0.1877 0.1580 0.0774 -0.2494 -0.3290 -0.3625 -0.0090 0.2192 -0.1122 -0.2799 -0.3457 -0.3483 0.0781 0.2698 -0.1847 -0.3040 -0.3574 -0.2404 0.1422 0.1518 -0.2311 -0.2947 -0.2311 0.1518 0.1422 -0.2404 -0.3574 -0.3040 -0.1847 0.2698 0.0781 -0.3483 -0.3457 -0.2799 -0.1122 0.2192 -0.0090 -0.3625 -0.3290 -0.2494 0.0774 0.1580 -0.1877 -0.3593 -0.3113 -0.2052 0.2572 0.1085 -0.3093 -0.3535 -0.2963 -0.1701 0.2662 0.0736 -0.3470 -0.3476 -0.2855 -0.1412 0.2472 0.0456 -0.3587 -0.3423 -0.2772 -0.1119 0.2263 0.0159 -0.3626 -0.3369 -0.2692 -0.0735 0.2058 -0.0386
0.2097 -0.0897 -0.2722 -0.3390 -0.3617 0.0276 0.2340 -0.1231 -0.2800 -0.3441 -0.3560 0.0545 0.2535 -0.1493 -0.2881 -0.3490 -0.3422 0.0794 0.2684 -0.1743 -0.2977 -0.3541 -0.3053 0.1101 0.2561 -0.2052 -0.3110 -0.3592 -0.1956 0.1548 0.0957 -0.2459 -0.3276 -0.3623 -0.0207 0.2132 -0.1021 -0.2775 -0.3442 -0.3525 0.0707 0.2676 -0.1781 -0.3013 -0.3565 -0.2605 0.1351 0.1768 -0.2322 -0.3226 -0.3642 -0.3226 -0.2322 0.1768 0.1351 -0.2605 -0.3565 -0.3013 -0.1781 0.2676 0.0707 -0.3525 -0.3442 -0.2775 -0.1021 0.2132 -0.0207 -0.3623 -0.3276 -0.2459 0.0957 0.1548 -0.1956 -0.3592 -0.3110 -0.2052 0.2561 0.1101 -0.3053 -0.3541 -0.2977 -0.1743 0.2684 0.0794 -0.3422 -0.3490 -0.2881 -0.1493 0.2535 0.0545 -0.3560 -0.3441 -0.2800 -0.1231 0.2340 0.0276 -0.3617 -0.3390 -0.2722 -0.0897 0.2097
-0.0986 -0.2752 -0.3410 -0.3603 0.0382 0.2416 -0.1334 -0.2829 -0.3459 -0.3524 0.0630 0.2594 -0.1572 -0.2908 -0.3504 -0.3359 0.0859 0.2699 -0.1794 -0.2995 -0.3548 -0.2985 0.1130 0.2528 -0.2065 -0.3113 -0.3592 -0.1983 0.1531 0.1072 -0.2435 -0.3266 -0.3622 -0.0312 0.2082 -0.0922 -0.2752 -0.3427 -0.3556 0.0634 0.2642 -0.1715 -0.2987 -0.3554 -0.2784 0.1278 0.2036 -0.2272 -0.3210 -0.3694 -0.3305 -0.3694 -0.3210 -0.2272 0.2036 0.1278 -0.2784 -0.3554 -0.2987 -0.1715 0.2642 0.0634 -0.3556 -0.3427 -0.2752 -0.0922 0.2082 -0.0312 -0.3622 -0.3266 -0.2435 0.1072 0.1531 -0.1983 -0.3592 -0.3113 -0.2065 0.2528 0.1130 -0.2985 -0.3548 -0.2995 -0.1794 0.2699 0.0859 -0.3359 -0.3504 -0.2908 -0.1572 0.2594 0.0630 -0.3524 -0.3459 -0.2829 -0.1334 0.2416 0.0382 -0.3603 -0.3410 -0.2752 -0.0986
-0.2527 -0.3429 -0.3580 0.0480 0.2487 -0.1427 -0.2858 -0.3476 -0.3477 0.0712 0.2642 -0.1647 -0.2935 -0.3518 -0.3279 0.0928 0.2700 -0.1851 -0.3016 -0.3556 -0.2889 0.1172 0.2467 -0.2090 -0.3121 -0.3593 -0.1956 0.1531 0.1111 -0.2423 -0.3259 -0.3621 -0.0398 0.2042 -0.0831 -0.2733 -0.3413 -0.3579 0.0565 0.2601 -0.1651 -0.2962 -0.3543 -0.2936 0.1207 0.2257 -0.2213 -0.3188 -0.3619 -0.1267 0.0926 -0.1267 -0.3619 -0.3188 -0.2213 0.2257 0.1207 -0.2936 -0.3543 -0.2962 -0.1651 0.2601 0.0565 -0.3579 -0.3413 -0.2733 -0.0831 0.2042 -0.0398 -0.3621 -0.3259 -0.2423 0.1111 0.1531 -0.1956 -0.3593 -0.3121 -0.2090 0.2467 0.1172 -0.2889 -0.3556 -0.3016 -0.1851 0.2700 0.0928 -0.3279 -0.3518 -0.2935 -0.1647 0.2642 0.0712 -0.3477 -0.3476 -0.2858 -0.1427 0.2487 0.0480 -0.3580 -0.3429 -0.2527
-0.3229 -0.3550 0.0571 0.2552 -0.1513 -0.2887 -0.3492 -0.3418 0.0791 0.2679 -0.1719 -0.2962 -0.3532 -0.3180 0.0999 0.2679 -0.1911 -0.3040 -0.3565 -0.2762 0.1224 0.2370 -0.2125 -0.3133 -0.3596 -0.1877 0.1548 0.1072 -0.2423 -0.3257 -0.3620 -0.0453 0.2014 -0.0757 -0.2718 -0.3402 -0.3594 0.0502 0.2558 -0.1591 -0.2939 -0.3532 -0.3062 0.1139 0.2423 -0.2154 -0.3164 -0.3609 -0.1228 0.1625 0.2660 0.1625 -0.1228 -0.3609 -0.3164 -0.2154 0.2423 0.1139 -0.3062 -0.3532 -0.2939 -0.1591 0.2558 0.0502 -0.3594 -0.3402 -0.2718 -0.0757 0.2014 -0.0453 -0.3620 -0.3257 -0.2423 0.1072 0.1548 -0.1877 -0.3596 -0.3133 -0.2125 0.2370 0.1224 -0.2762 -0.3565 -0.3040 -0.1911 0.2679 0.0999 -0.3180 -0.3532 -0.2962 -0.1719 0.2679 0.0791 -0.3418 -0.3492 -0.2887 -0.1513 0.2552 0.0571 -0.3550 -0.3229
-0.3414 0.0659 0.2610 -0.1594 -0.2915 -0.3508 -0.3344 0.0868 0.2699 -0.1789 -0.2989 -0.3544 -0.3063 0.1071 0.2629 -0.1973 -0.3065 -0.3574 -0.2601 0.1285 0.2225 -0.2169 -0.3149 -0.3600 -0.1751 0.1580 0.0957 -0.2435 -0.3259 -0.3620 -0.0472 0.2000 -0.0708 -0.2707 -0.3393 -0.3604 0.0448 0.2517 -0.1535 -0.2918 -0.3522 -0.3162 0.1077 0.2539 -0.2096 -0.3140 -0.3603 -0.1438 0.1705 0.0615 -0.1962 0.0615 0.1705 -0.1438 -0.3603 -0.3140 -0.2096 0.2539 0.1077 -0.3162 -0.3522 -0.2918 -0.1535 0.2517 0.0448 -0.3604 -0.3393 -0.2707 -0.0708 0.2000 -0.0472 -0.3620 -0.3259 -0.2435 0.0957 0.1580 -0.1751 -0.3600 -0.3149 -0.2169 0.2225 0.1285 -0.2601 -0.3574 -0.3065 -0.1973 0.2629 0.1071 -0.3063 -0.3544 -0.2989 -0.1789 0.2699 0.0868 -0.3344 -0.3508 -0.2915 -0.1594 0.2610 0.0659 -0.3414
0.0666 0.2656 -0.1670 -0.2943 -0.3522 -0.3255 0.0944 0.2698 -0.1857 -0.3017 -0.3555 -0.2926 0.1142 0.2542 -0.2036 -0.3091 -0.3583 -0.2406 0.1352 0.2023 -0.2220 -0.3168 -0.3604 -0.1580 0.1626 0.0774 -0.2459 -0.3266 -0.3621 -0.0453 0.2000 -0.0691 -0.2702 -0.3388 -0.3610 0.0405 0.2483 -0.1488 -0.2900 -0.3512 -0.3241 0.1019 0.2616 -0.2042 -0.3117 -0.3597 -0.1686 0.1653 0.0439 -0.2493 -0.3032 -0.2493 0.0439 0.1653 -0.1686 -0.3597 -0.3117 -0.2042 0.2616 0.1019 -0.3241 -0.3512 -0.2900 -0.1488 0.2483 0.0405 -0.3610 -0.3388 -0.2702 -0.0691 0.2000 -0.0453 -0.3621 -0.3266 -0.2459 0.0774 0.1626 -0.1580 -0.3604 -0.3168 -0.2220 0.2023 0.1352 -0.2406 -0.3583 -0.3091 -0.2036 0.2542 0.1142 -0.2926 -0.3555 -0.3017 -0.1857 0.2698 0.0944 -0.3255 -0.3522 -0.2943 -0.1670 0.2656 0.0666
0.2628 -0.1743 -0.2971 -0.3535 -0.3148 0.1018 0.2670 -0.1924 -0.3044 -0.3566 -0.2764 0.1214 0.2413 -0.2098 -0.3116 -0.3591 -0.2181 0.1425 0.1756 -0.2276 -0.3190 -0.3608 -0.1372 0.1686 0.0534 -0.2494 -0.3276 -0.3622 -0.0398 0.2014 -0.0708 -0.2702 -0.3386 -0.3613 0.0378 0.2459 -0.1451 -0.2886 -0.3503 -0.3300 0.0969 0.2662 -0.1992 -0.3096 -0.3591 -0.1921 0.1582 0.0708 -0.2504 -0.3301 -0.3694 -0.3301 -0.2504 0.0708 0.1582 -0.1921 -0.3591 -0.3096 -0.1992 0.2662 0.0969 -0.3300 -0.3503 -0.2886 -0.1451 0.2459 0.0378 -0.3613 -0.3386 -0.2702 -0.0708 0.2014 -0.0398 -0.3622 -0.3276 -0.2494 0.0534 0.1686 -0.1372 -0.3608 -0.3190 -0.2276 0.1756 0.1425 -0.2181 -0.3591 -0.3116 -0.2098 0.2413 0.1214 -0.2764 -0.3566 -0.3044 -0.1924 0.2670 0.1018 -0.3148 -0.3535 -0.2971 -0.1743 0.2628
-0.1700 -0.2999 -0.3548 -0.3021 0.1092 0.2608 -0.1990 -0.3071 -0.3576 -0.2574 0.1288 0.2233 -0.2160 -0.3142 -0.3597 -0.1932 0.1503 0.1427 -0.2335 -0.3212 -0.3612 -0.1141 0.1758 0.0262 -0.2539 -0.3290 -0.3623 -0.0312 0.2042 -0.0757 -0.2707 -0.3388 -0.3613 0.0368 0.2446 -0.1428 -0.2876 -0.3497 -0.3342 0.0927 0.2686 -0.1949 -0.3076 -0.3585 -0.2129 0.1513 0.1036 -0.2457 -0.3280 -0.3696 -0.2903 -0.3696 -0.3280 -0.2457 0.1036 0.1513 -0.2129 -0.3585 -0.3076 -0.1949 0.2686 0.0927 -0.3342 -0.3497 -0.2876 -0.1428 0.2446 0.0368 -0.3613 -0.3388 -0.2707 -0.0757 0.2042 -0.0312 -0.3623 -0.3290 -0.2539 0.0262 0.1758 -0.1141 -0.3612 -0.3212 -0.2335 0.1427 0.1503 -0.1932 -0.3597 -0.3142 -0.2160 0.2233 0.1288 -0.2574 -0.3576 -0.3071 -0.1990 0.2608 0.1092 -0.3021 -0.3548 -0.2999 -0.1700
-0.2783 -0.3560 -0.2872 0.1166 0.2507 -0.2054 -0.3098 -0.3585 -0.2359 0.1365 0.1994 -0.2222 -0.3167 -0.3603 -0.1668 0.1583 0.1055 -0.2397 -0.3236 -0.3616 -0.0903 0.1828 -0.0014 -0.2590 -0.3307 -0.3625 -0.0207 0.2082 -0.0831 -0.2718 -0.3393 -0.3610 0.0378 0.2446 -0.1419 -0.2871 -0.3493 -0.3369 0.0896 0.2697 -0.1912 -0.3060 -0.3579 -0.2302 0.1452 0.1343 -0.2406 -0.3260 -0.3626 -0.0555 0.1118 -0.0555 -0.3626 -0.3260 -0.2406 0.1343 0.1452 -0.2302 -0.3579 -0.3060 -0.1912 0.2697 0.0896 -0.3369 -0.3493 -0.2871 -0.1419 0.2446 0.0378 -0.3610 -0.3393 -0.2718 -0.0831 0.2082 -0.0207 -0.3625 -0.3307 -0.2590 -0.0014 0.1828 -0.0903 -0.3616 -0.3236 -0.2397 0.1055 0.1583 -0.1668 -0.3603 -0.3167 -0.2222 0.1994 0.1365 -0.2359 -0.3585 -0.3098 -0.2054 0.2507 0.1166 -0.2872 -0.3560 -0.2783
-0.3373 -0.2701 0.1240 0.2359 -0.2117 -0.3124 -0.3593 -0.2119 0.1443 0.1694 -0.2285 -0.3192 -0.3609 -0.1396 0.1668 0.0668 -0.2460 -0.3259 -0.3620 -0.0672 0.1895 -0.0271 -0.2630 -0.3325 -0.3628 -0.0090 0.2132 -0.0922 -0.2733 -0.3402 -0.3604 0.0405 0.2459 -0.1428 -0.2871 -0.3491 -0.3382 0.0876 0.2701 -0.1884 -0.3047 -0.3574 -0.2440 0.1399 0.1600 -0.2357 -0.3241 -0.3620 -0.0499 0.1852 0.2536 0.1852 -0.0499 -0.3620 -0.3241 -0.2357 0.1600 0.1399 -0.2440 -0.3574 -0.3047 -0.1884 0.2701 0.0876 -0.3382 -0.3491 -0.2871 -0.1428 0.2459 0.0405 -0.3604 -0.3402 -0.2733 -0.0922 0.2132 -0.0090 -0.3628 -0.3325 -0.2630 -0.0271 0.1895 -0.0672 -0.3620 -0.3259 -0.2460 0.0668 0.1668 -0.1396 -0.3609 -0.3192 -0.2285 0.1694 0.1443 -0.2119 -0.3593 -0.3124 -0.2117 0.2359 0.1240 -0.2701 -0.3373
-0.2595 0.1317 0.2156 -0.2181 -0.3150 -0.3599 -0.1858 0.1524 0.1339 -0.2349 -0.3217 -0.3613 -0.1123 0.1756 0.0299 -0.2524 -0.3282 -0.3622 -0.0461 0.1965 -0.0499 -0.2658 -0.3345 -0.3629 0.0028 0.2192 -0.1021 -0.2752 -0.3413 -0.3594 0.0448 0.2483 -0.1451 -0.2876 -0.3493 -0.3382 0.0869 0.2702 -0.1867 -0.3038 -0.3570 -0.2543 0.1357 0.1799 -0.2315 -0.3224 -0.3617 -0.0627 0.1957 -0.0355 -0.2162 -0.0355 0.1957 -0.0627 -0.3617 -0.3224 -0.2315 0.1799 0.1357 -0.2543 -0.3570 -0.3038 -0.1867 0.2702 0.0869 -0.3382 -0.3493 -0.2876 -0.1451 0.2483 0.0448 -0.3594 -0.3413 -0.2752 -0.1021 0.2192 0.0028 -0.3629 -0.3345 -0.2658 -0.0499 0.1965 -0.0461 -0.3622 -0.3282 -0.2524 0.0299 0.1756 -0.1123 -0.3613 -0.3217 -0.2349 0.1339 0.1524 -0.1858 -0.3599 -0.3150 -0.2181 0.2156 0.1317 -0.2595
0.1344 0.1895 -0.2244 -0.3176 -0.3605 -0.1581 0.1608 0.0948 -0.2413 -0.3241 -0.3617 -0.0862 0.1836 -0.0030 -0.2587 -0.3304 -0.3625 -0.0275 0.2038 -0.0694 -0.2686 -0.3366 -0.3627 0.0145 0.2259 -0.1122 -0.2775 -0.3427 -0.3579 0.0502 0.2517 -0.1488 -0.2886 -0.3497 -0.3369 0.0876 0.2702 -0.1861 -0.3033 -0.3568 -0.2610 0.1325 0.1942 -0.2281 -0.3209 -0.3615 -0.0781 0.1918 -0.0498 -0.2643 -0.3123 -0.2643 -0.0498 0.1918 -0.0781 -0.3615 -0.3209 -0.2281 0.1942 0.1325 -0.2610 -0.3568 -0.3033 -0.1861 0.2702 0.0876 -0.3369 -0.3497 -0.2886 -0.1488 0.2517 0.0502 -0.3579 -0.3427 -0.2775 -0.1122 0.2259 0.0145 -0.3627 -0.3366 -0.2686 -0.0694 0.2038 -0.0275 -0.3625 -0.3304 -0.2587 -0.0030 0.1836 -0.0862 -0.3617 -0.3241 -0.2413 0.0948 0.1608 -0.1581 -0.3605 -0.3176 -0.2244 0.1895 0.1344
0.1518 -0.2307 -0.3201 -0.3610 -0.1301 0.1696 0.0551 -0.2478 -0.3265 -0.3620 -0.0624 0.1908 -0.0310 -0.2633 -0.3326 -0.3628 -0.0112 0.2112 -0.0858 -0.2715 -0.3386 -0.3620 0.0257 0.2330 -0.1222 -0.2799 -0.3442 -0.3556 0.0565 0.2558 -0.1535 -0.2900 -0.3503 -0.3342 0.0896 0.2701 -0.1867 -0.3033 -0.3567 -0.2644 0.1306 0.2031 -0.2255 -0.3197 -0.3612 -0.0928 0.1875 -0.0389 -0.2661 -0.3381 -0.3741 -0.3381 -0.2661 -0.0389 0.1875 -0.0928 -0.3612 -0.3197 -0.2255 0.2031 0.1306 -0.2644 -0.3567 -0.3033 -0.1867 0.2701 0.0896 -0.3342 -0.3503 -0.2900 -0.1535 0.2558 0.0565 -0.3556 -0.3442 -0.2799 -0.1222 0.2330 0.0257 -0.3620 -0.3386 -0.2715 -0.0858 0.2112 -0.0112 -0.3628 -0.3326 -0.2633 -0.0310 0.1908 -0.0624 -0.3620 -0.3265 -0.2478 0.0551 0.1696 -0.1301 -0.3610 -0.3201 -0.2307 0.1518
-0.2161 -0.3226 -0.3615 -0.1030 0.1783 0.0185 -0.2544 -0.3289 -0.3623 -0.0412 0.1982 -0.0543 -0.2663 -0.3348 -0.3629 0.0031 0.2188 -0.0999 -0.2744 -0.3405 -0.3606 0.0362 0.2402 -0.1319 -0.2826 -0.3457 -0.3525 0.0634 0.2601 -0.1591 -0.2918 -0.3512 -0.3300 0.0927 0.2697 -0.1884 -0.3038 -0.3568 -0.2644 0.1300 0.2074 -0.2239 -0.3189 -0.3611 -0.1052 0.1836 -0.0249 -0.2648 -0.3357 -0.3680 -0.2203 -0.3680 -0.3357 -0.2648 -0.0249 0.1836 -0.1052 -0.3611 -0.3189 -0.2239 0.2074 0.1300 -0.2644 -0.3568 -0.3038 -0.1884 0.2697 0.0927 -0.3300 -0.3512 -0.2918 -0.1591 0.2601 0.0634 -0.3525 -0.3457 -0.2826 -0.1319 0.2402 0.0362 -0.3606 -0.3405 -0.2744 -0.0999 0.2188 0.0031 -0.3629 -0.3348 -0.2663 -0.0543 0.1982 -0.0412 -0.3623 -0.3289 -0.2544 0.0185 0.1783 -0.1030 -0.3615 -0.3226 -0.2161
-0.3016 -0.3619 -0.0775 0.1862 -0.0133 -0.2603 -0.3312 -0.3626 -0.0227 0.2057 -0.0736 -0.2693 -0.3369 -0.3626 0.0159 0.2264 -0.1123 -0.2773 -0.3424 -0.3587 0.0458 0.2472 -0.1410 -0.2853 -0.3474 -0.3483 0.0707 0.2642 -0.1651 -0.2939 -0.3522 -0.3241 0.0969 0.2686 -0.1912 -0.3047 -0.3570 -0.2610 0.1306 0.2074 -0.2234 -0.3185 -0.3609 -0.1141 0.1808 -0.0119 -0.2634 -0.3344 -0.3627 0.0034 0.1355 0.0034 -0.3627 -0.3344 -0.2634 -0.0119 0.1808 -0.1141 -0.3609 -0.3185 -0.2234 0.2074 0.1306 -0.2610 -0.3570 -0.3047 -0.1912 0.2686 0.0969 -0.3241 -0.3522 -0.2939 -0.1651 0.2642 0.0707 -0.3483 -0.3474 -0.2853 -0.1410 0.2472 0.0458 -0.3587 -0.3424 -0.2773 -0.1123 0.2264 0.0159 -0.3626 -0.3369 -0.2693 -0.0736 0.2057 -0.0227 -0.3626 -0.3312 -0.2603 -0.0133 0.1862 -0.0775 -0.3619 -0.3016
-0.3454 -0.0546 0.1934 -0.0397 -0.2643 -0.3334 -0.3628 -0.0066 0.2134 -0.0898 -0.2722 -0.3390 -0.3617 0.0277 0.2341 -0.1233 -0.2801 -0.3442 -0.3559 0.0548 0.2537 -0.1495 -0.2881 -0.3490 -0.3427 0.0781 0.2676 -0.1715 -0.2962 -0.3532 -0.3162 0.1019 0.2662 -0.1949 -0.3060 -0.3574 -0.2543 0.1325 0.2031 -0.2239 -0.3185 -0.3609 -0.1187 0.1789 -0.0020 -0.2622 -0.3334 -0.3629 0.0107 0.2136 0.1886 0.2136 0.0107 -0.3629 -0.3334 -0.2622 -0.0020 0.1789 -0.1187 -0.3609 -0.3185 -0.2239 0.2031 0.1325 -0.2543 -0.3574 -0.3060 -0.1949 0.2662 0.1019 -0.3162 -0.3532 -0.2962 -0.1715 0.2676 0.0781 -0.3427 -0.3490 -0.2881 -0.1495 0.2537 0.0548 -0.3559 -0.3442 -0.2801 -0.1233 0.2341 0.0277 -0.3617 -0.3390 -0.2722 -0.0898 0.2134 -0.0066 -0.3628 -0.3334 -0.2643 -0.0397 0.1934 -0.0546 -0.3454
-0.0514 0.2010 -0.0615 -0.2673 -0.3356 -0.3628 0.0076 0.2212 -0.1038 -0.2752 -0.3410 -0.3602 0.0383 0.2416 -0.1334 -0.2829 -0.3460 -0.3523 0.0633 0.2595 -0.1574 -0.2909 -0.3505 -0.3359 0.0856 0.2698 -0.1781 -0.2987 -0.3543 -0.3062 0.1077 0.2616 -0.1992 -0.3076 -0.3579 -0.2440 0.1357 0.1942 -0.2255 -0.3189 -0.3609 -0.1187 0.1783 0.0032 -0.2613 -0.3326 -0.3629 0.0073 0.2252 -0.1029 -0.2342 -0.1029 0.2252 0.0073 -0.3629 -0.3326 -0.2613 0.0032 0.1783 -0.1187 -0.3609 -0.3189 -0.2255 0.1942 0.1357 -0.2440 -0.3579 -0.3076 -0.1992 0.2616 0.1077 -0.3062 -0.3543 -0.2987 -0.1781 0.2698 0.0856 -0.3359 -0.3505 -0.2909 -0.1574 0.2595 0.0633 -0.3523 -0.3460 -0.2829 -0.1334 0.2416 0.0383 -0.3602 -0.3410 -0.2752 -0.1038 0.2212 0.0076 -0.3628 -0.3356 -0.2673 -0.0615 0.2010 -0.0514
0.2049 -0.0796 -0.2703 -0.3377 -0.3624 0.0202 0.2291 -0.1160 -0.2781 -0.3429 -0.3580 0.0481 0.2488 -0.1428 -0.2858 -0.3476 -0.3476 0.0714 0.2644 -0.1649 -0.2936 -0.3519 -0.3275 0.0929 0.2700 -0.1847 -0.3013 -0.3554 -0.2936 0.1139 0.2539 -0.2042 -0.3096 -0.3585 -0.2302 0.1399 0.1799 -0.2281 -0.3197 -0.3611 -0.1141 0.1789 0.0032 -0.2609 -0.3322 -0.3628 0.0035 0.2237 -0.1139 -0.2763 -0.3234 -0.2763 -0.1139 0.2237 0.0035 -0.3628 -0.3322 -0.2609 0.0032 0.1789 -0.1141 -0.3611 -0.3197 -0.2281 0.1799 0.1399 -0.2302 -0.3585 -0.3096 -0.2042 0.2539 0.1139 -0.2936 -0.3554 -0.3013 -0.1847 0.2700 0.0929 -0.3275 -0.3519 -0.2936 -0.1649 0.2644 0.0714 -0.3476 -0.3476 -0.2858 -0.1428 0.2488 0.0481 -0.3580 -0.3429 -0.2781 -0.1160 0.2291 0.0202 -0.3624 -0.3377 -0.2703 -0.0796 0.2049
-0.0903 -0.2733 -0.3397 -0.3613 0.0315 0.2368 -0.1269 -0.2811 -0.3448 -0.3549 0.0572 0.2553 -0.1514 -0.2887 -0.3492 -0.3417 0.0792 0.2679 -0.1721 -0.2963 -0.3532 -0.3176 0.1002 0.2678 -0.1912 -0.3040 -0.3565 -0.2784 0.1207 0.2423 -0.2096 -0.3117 -0.3591 -0.2129 0.1452 0.1600 -0.2315 -0.3209 -0.3612 -0.1052 0.1808 -0.0020 -0.2613 -0.3322 -0.3628 0.0012 0.2221 -0.1125 -0.2787 -0.3474 -0.3781 -0.3474 -0.2787 -0.1125 0.2221 0.0012 -0.3628 -0.3322 -0.2613 -0.0020 0.1808 -0.1052 -0.3612 -0.3209 -0.2315 0.1600 0.1452 -0.2129 -0.3591 -0.3117 -0.2096 0.2423 0.1207 -0.2784 -0.3565 -0.3040 -0.1912 0.2678 0.1002 -0.3176 -0.3532 -0.2963 -0.1721 0.2679 0.0792 -0.3417 -0.3492 -0.2887 -0.1514 0.2553 0.0572 -0.3549 -0.3448 -0.2811 -0.1269 0.2368 0.0315 -0.3613 -0.3397 -0.2733 -0.0903
-0.2508 -0.3417 -0.3595 0.0418 0.2442 -0.1368 -0.2839 -0.3465 -0.3509 0.0658 0.2610 -0.1594 -0.2915 -0.3508 -0.3344 0.0869 0.2699 -0.1790 -0.2990 -0.3545 -0.3059 0.1073 0.2626 -0.1975 -0.3066 -0.3574 -0.2605 0.1278 0.2257 -0.2154 -0.3140 -0.3597 -0.1921 0.1513 0.1343 -0.2357 -0.3224 -0.3615 -0.0928 0.1836 -0.0119 -0.2622 -0.3326 -0.3628 0.0012 0.2215 -0.1110 -0.2785 -0.3446 -0.3592 -0.1041 -0.3592 -0.3446 -0.2785 -0.1110 0.2215 0.0012 -0.3628 -0.3326 -0.2622 -0.0119 0.1836 -0.0928 -0.3615 -0.3224 -0.2357 0.1343 0.1513 -0.1921 -0.3597 -0.3140 -0.2154 0.2257 0.1278 -0.2605 -0.3574 -0.3066 -0.1975 0.2626 0.1073 -0.3059 -0.3545 -0.2990 -0.1790 0.2699 0.0869 -0.3344 -0.3508 -0.2915 -0.1594 0.2610 0.0658 -0.3509 -0.3465 -0.2839 -0.1368 0.2442 0.0418 -0.3595 -0.3417 -0.2508
-0.3216 -0.3571 0.0512 0.2510 -0.1457 -0.2868 -0.3482 -0.3458 0.0739 0.2656 -0.1670 -0.2943 -0.3523 -0.3255 0.0944 0.2698 -0.1858 -0.3017 -0.3556 -0.2922 0.1143 0.2540 -0.2037 -0.3091 -0.3583 -0.2404 0.1351 0.2036 -0.2213 -0.3164 -0.3603 -0.1686 0.1582 0.1036 -0.2406 -0.3241 -0.3617 -0.0781 0.1875 -0.0249 -0.2634 -0.3334 -0.3629 0.0035 0.2221 -0.1110 -0.2783 -0.3441 -0.3549 0.0518 0.1694 0.0518 -0.3549 -0.3441 -0.2783 -0.1110 0.2221 0.0035 -0.3629 -0.3334 -0.2634 -0.0249 0.1875 -0.0781 -0.3617 -0.3241 -0.2406 0.1036 0.1582 -0.1686 -0.3603 -0.3164 -0.2213 0.2036 0.1351 -0.2404 -0.3583 -0.3091 -0.2037 0.2540 0.1143 -0.2922 -0.3556 -0.3017 -0.1858 0.2698 0.0944 -0.3255 -0.3523 -0.2943 -0.1670 0.2656 0.0739 -0.3458 -0.3482 -0.2868 -0.1457 0.2510 0.0512 -0.3571 -0.3216
-0.3434 0.0599 0.2571 -0.1538 -0.2895 -0.3499 -0.3397 0.0814 0.2687 -0.1740 -0.2970 -0.3537 -0.3153 0.1014 0.2672 -0.1921 -0.3043 -0.3568 -0.2769 0.1211 0.2417 -0.2097 -0.3116 -0.3592 -0.2186 0.1422 0.1768 -0.2272 -0.3188 -0.3609 -0.1438 0.1653 0.0708 -0.2457 -0.3260 -0.3620 -0.0627 0.1918 -0.0389 -0.2648 -0.3344 -0.3629 0.0073 0.2237 -0.1125 -0.2785 -0.3441 -0.3548 0.0604 0.2524 0.0218 0.2524 0.0604 -0.3548 -0.3441 -0.2785 -0.1125 0.2237 0.0073 -0.3629 -0.3344 -0.2648 -0.0389 0.1918 -0.0627 -0.3620 -0.3260 -0.2457 0.0708 0.1653 -0.1438 -0.3609 -0.3188 -0.2272 0.1768 0.1422 -0.2186 -0.3592 -0.3116 -0.2097 0.2417 0.1211 -0.2769 -0.3568 -0.3043 -0.1921 0.2672 0.1014 -0.3153 -0.3537 -0.2970 -0.1740 0.2687 0.0814 -0.3397 -0.3499 -0.2895 -0.1538 0.2571 0.0599 -0.3434
0.0582 0.2614 -0.1600 -0.2919 -0.3518 -0.3335 0.0871 0.2701 -0.1795 -0.2994 -0.3555 -0.3055 0.1067 0.2631 -0.1973 -0.3067 -0.3584 -0.2623 0.1262 0.2286 -0.2147 -0.3139 -0.3605 -0.1990 0.1473 0.1518 -0.2322 -0.3210 -0.3619 -0.1228 0.1705 0.0439 -0.2504 -0.3280 -0.3626 -0.0499 0.1957 -0.0498 -0.2661 -0.3357 -0.3627 0.0107 0.2252 -0.1139 -0.2787 -0.3446 -0.3549 0.0604 0.2595 -0.1513 -0.2569 -0.1513 0.2595 0.0604 -0.3549 -0.3446 -0.2787 -0.1139 0.2252 0.0107 -0.3627 -0.3357 -0.2661 -0.0498 0.1957 -0.0499 -0.3626 -0.3280 -0.2504 0.0439 0.1705 -0.1228 -0.3619 -0.3210 -0.2322 0.1518 0.1473 -0.1990 -0.3605 -0.3139 -0.2147 0.2286 0.1262 -0.2623 -0.3584 -0.3067 -0.1973 0.2631 0.1067 -0.3055 -0.3555 -0.2994 -0.1795 0.2701 0.0871 -0.3335 -0.3518 -0.2919 -0.1600 0.2614 0.0582
0.2541 -0.1573 -0.2917 -0.3572 -0.3340 0.0846 0.2702 -0.1776 -0.2996 -0.3616 -0.3065 0.1036 0.2664 -0.1957 -0.3073 -0.3652 -0.2642 0.1221 0.2373 -0.2132 -0.3150 -0.3678 -0.2024 0.1416 0.1677 -0.2311 -0.3226 -0.3694 -0.1267 0.1625 0.0615 -0.2493 -0.3301 -0.3696 -0.0555 0.1852 -0.0355 -0.2643 -0.3381 -0.3680 0.0034 0.2136 -0.1029 -0.2763 -0.3474 -0.3592 0.0518 0.2524 -0.1513 -0.2881 -0.3373 -0.2881 -0.1513 0.2524 0.0518 -0.3592 -0.3474 -0.2763 -0.1029 0.2136 0.0034 -0.3680 -0.3381 -0.2643 -0.0355 0.1852 -0.0555 -0.3696 -0.3301 -0.2493 0.0615 0.1625 -0.1267 -0.3694 -0.3226 -0.2311 0.1677 0.1416 -0.2024 -0.3678 -0.3150 -0.2132 0.2373 0.1221 -0.2642 -0.3652 -0.3073 -0.1957 0.2664 0.1036 -0.3065 -0.3616 -0.2996 -0.1776 0.2702 0.0846 -0.3340 -0.3572 -0.2917 -0.1573 0.2541
-0.0224 -0.2613 -0.3383 -0.3795 -0.0082 0.2016 -0.0775 -0.2695 -0.3453 -0.3770 0.0255 0.2223 -0.1172 -0.2778 -0.3519 -0.3699 0.0511 0.2420 -0.1471 -0.2862 -0.3583 -0.3555 0.0728 0.2586 -0.1727 -0.2947 -0.3642 -0.3305 0.0926 0.2660 -0.1962 -0.3032 -0.3694 -0.2903 0.1118 0.2536 -0.2162 -0.3123 -0.3741 -0.2203 0.1355 0.1886 -0.2342 -0.3234 -0.3781 -0.1041 0.1694 0.0218 -0.2569 -0.3373 -0.3843 -0.3373 -0.2569 0.0218 0.1694 -0.1041 -0.3781 -0.3234 -0.2342 0.1886 0.1355 -0.2203 -0.3741 -0.3123 -0.2162 0.2536 0.1118 -0.2903 -0.3694 -0.3032 -0.1962 0.2660 0.0926 -0.3305 -0.3642 -0.2947 -0.1727 0.2586 0.0728 -0.3555 -0.3583 -0.2862 -0.1471 0.2420 0.0511 -0.3699 -0.3519 -0.2778 -0.1172 0.2223 0.0255 -0.3770 -0.3453 -0.2695 -0.0775 0.2016 -0.0082 -0.3795 -0.3383 -0.2613 -0.0224
