-0.3049 -0.3351 0.0804 0.2632 -0.1801 -0.2832 -0.3394 -0.2236 0.1490 0.0863 -0.2249 -0.3061 -0.3466 -0.0185 0.2183 -0.1117 -0.2562 -0.3252 -0.3371 0.0760 0.2638 -0.1767 -0.2815 -0.3387 -0.2372 0.1437 0.1108 -0.2217 -0.3045 -0.3461 -0.0295 0.2135 -0.1046 -0.2543 -0.3239 -0.3397 0.0708 0.2636 -0.1730 -0.2797 -0.3379 -0.2502 0.1384 0.1345 -0.2186 -0.3029 -0.3457 -0.0426 0.2063 -0.0715 -0.2098 -0.0715 0.2063 -0.0426 -0.3457 -0.3029 -0.2186 0.1345 0.1384 -0.2502 -0.3379 -0.2797 -0.1730 0.2636 0.0708 -0.3397 -0.3239 -0.2543 -0.1046 0.2135 -0.0295 -0.3461 -0.3045 -0.2217 0.1108 0.1437 -0.2372 -0.3387 -0.2815 -0.1767 0.2638 0.0760 -0.3371 -0.3252 -0.2562 -0.1117 0.2183 -0.0185 -0.3466 -0.3061 -0.2249 0.0863 0.1490 -0.2236 -0.3394 -0.2832 -0.1801 0.2632 0.0804 -0.3351 -0.3049
-0.3351 0.0834 0.2701 -0.1871 -0.3048 -0.3577 -0.2329 0.1457 0.1290 -0.2421 -0.3269 -0.3624 -0.0204 0.2145 -0.1055 -0.2785 -0.3450 -0.3504 0.0752 0.2691 -0.1823 -0.3030 -0.3572 -0.2472 0.1405 0.1527 -0.2380 -0.3253 -0.3622 -0.0318 0.2096 -0.0969 -0.2766 -0.3439 -0.3532 0.0700 0.2674 -0.1778 -0.3013 -0.3565 -0.2606 0.1355 0.1744 -0.2339 -0.3238 -0.3621 -0.0444 0.2043 -0.0828 -0.2700 -0.3182 -0.2700 -0.0828 0.2043 -0.0444 -0.3621 -0.3238 -0.2339 0.1744 0.1355 -0.2606 -0.3565 -0.3013 -0.1778 0.2674 0.0700 -0.3532 -0.3439 -0.2766 -0.0969 0.2096 -0.0318 -0.3622 -0.3253 -0.2380 0.1527 0.1405 -0.2472 -0.3572 -0.3030 -0.1823 0.2691 0.0752 -0.3504 -0.3450 -0.2785 -0.1055 0.2145 -0.0204 -0.3624 -0.3269 -0.2421 0.1290 0.1457 -0.2329 -0.3577 -0.3048 -0.1871 0.2701 0.0834 -0.3351
0.0804 0.2701 -0.1846 -0.3031 -0.3568 -0.2517 0.1382 0.1633 -0.2359 -0.3245 -0.3621 -0.0385 0.2067 -0.0919 -0.2756 -0.3432 -0.3545 0.0669 0.2661 -0.1753 -0.3003 -0.3561 -0.2674 0.1326 0.1853 -0.2316 -0.3229 -0.3619 -0.0517 0.2019 -0.0819 -0.2737 -0.3420 -0.3566 0.0615 0.2634 -0.1707 -0.2985 -0.3554 -0.2790 0.1277 0.2034 -0.2275 -0.3213 -0.3616 -0.0658 0.1970 -0.0698 -0.2710 -0.3422 -0.3764 -0.3422 -0.2710 -0.0698 0.1970 -0.0658 -0.3616 -0.3213 -0.2275 0.2034 0.1277 -0.2790 -0.3554 -0.2985 -0.1707 0.2634 0.0615 -0.3566 -0.3420 -0.2737 -0.0819 0.2019 -0.0517 -0.3619 -0.3229 -0.2316 0.1853 0.1326 -0.2674 -0.3561 -0.3003 -0.1753 0.2661 0.0669 -0.3545 -0.3432 -0.2756 -0.0919 0.2067 -0.0385 -0.3621 -0.3245 -0.2359 0.1633 0.1382 -0.2517 -0.3568 -0.3031 -0.1846 0.2701 0.0804
0.2632 -0.1871 -0.3031 -0.3564 -0.2623 0.1330 0.1882 -0.2304 -0.3222 -0.3617 -0.0585 0.1994 -0.0762 -0.2727 -0.3413 -0.3576 0.0584 0.2617 -0.1680 -0.2975 -0.3550 -0.2850 0.1250 0.2123 -0.2253 -0.3204 -0.3615 -0.0742 0.1944 -0.0641 -0.2707 -0.3400 -0.3592 0.0526 0.2582 -0.1632 -0.2957 -0.3542 -0.2951 0.1202 0.2265 -0.2212 -0.3188 -0.3613 -0.0901 0.1897 -0.0508 -0.2686 -0.3388 -0.3659 -0.1765 -0.3659 -0.3388 -0.2686 -0.0508 0.1897 -0.0901 -0.3613 -0.3188 -0.2212 0.2265 0.1202 -0.2951 -0.3542 -0.2957 -0.1632 0.2582 0.0526 -0.3592 -0.3400 -0.2707 -0.0641 0.1944 -0.0742 -0.3615 -0.3204 -0.2253 0.2123 0.1250 -0.2850 -0.3550 -0.2975 -0.1680 0.2617 0.0584 -0.3576 -0.3413 -0.2727 -0.0762 0.1994 -0.0585 -0.3617 -0.3222 -0.2304 0.1882 0.1330 -0.2623 -0.3564 -0.3031 -0.1871 0.2632
-0.1801 -0.3048 -0.3568 -0.2623 0.1311 0.2011 -0.2264 -0.3204 -0.3614 -0.0788 0.1926 -0.0585 -0.2698 -0.3393 -0.3599 0.0494 0.2561 -0.1605 -0.2947 -0.3537 -0.3003 0.1176 0.2334 -0.2190 -0.3179 -0.3611 -0.0993 0.1871 -0.0429 -0.2677 -0.3380 -0.3611 0.0432 0.2520 -0.1554 -0.2929 -0.3529 -0.3088 0.1128 0.2440 -0.2149 -0.3163 -0.3608 -0.1164 0.1825 -0.0270 -0.2658 -0.3367 -0.3620 0.0206 0.1459 0.0206 -0.3620 -0.3367 -0.2658 -0.0270 0.1825 -0.1164 -0.3608 -0.3163 -0.2149 0.2440 0.1128 -0.3088 -0.3529 -0.2929 -0.1554 0.2520 0.0432 -0.3611 -0.3380 -0.2677 -0.0429 0.1871 -0.0993 -0.3611 -0.3179 -0.2190 0.2334 0.1176 -0.3003 -0.3537 -0.2947 -0.1605 0.2561 0.0494 -0.3599 -0.3393 -0.2698 -0.0585 0.1926 -0.0788 -0.3614 -0.3204 -0.2264 0.2011 0.1311 -0.2623 -0.3568 -0.3048 -0.1801
-0.2832 -0.3577 -0.2517 0.1330 0.2011 -0.2250 -0.3193 -0.3611 -0.0963 0.1870 -0.0399 -0.2671 -0.3374 -0.3615 0.0402 0.2499 -0.1527 -0.2919 -0.3524 -0.3132 0.1102 0.2489 -0.2126 -0.3153 -0.3606 -0.1264 0.1795 -0.0172 -0.2647 -0.3359 -0.3622 0.0330 0.2452 -0.1470 -0.2901 -0.3515 -0.3205 0.1055 0.2564 -0.2086 -0.3137 -0.3602 -0.1442 0.1742 0.0021 -0.2627 -0.3345 -0.3627 0.0227 0.2233 0.1496 0.2233 0.0227 -0.3627 -0.3345 -0.2627 0.0021 0.1742 -0.1442 -0.3602 -0.3137 -0.2086 0.2564 0.1055 -0.3205 -0.3515 -0.2901 -0.1470 0.2452 0.0330 -0.3622 -0.3359 -0.2647 -0.0172 0.1795 -0.1264 -0.3606 -0.3153 -0.2126 0.2489 0.1102 -0.3132 -0.3524 -0.2919 -0.1527 0.2499 0.0402 -0.3615 -0.3374 -0.2671 -0.0399 0.1870 -0.0963 -0.3611 -0.3193 -0.2250 0.2011 0.1330 -0.2517 -0.3577 -0.2832
-0.3394 -0.2329 0.1382 0.1882 -0.2264 -0.3193 -0.3610 -0.1065 0.1831 -0.0233 -0.2649 -0.3357 -0.3624 0.0307 0.2433 -0.1445 -0.2892 -0.3510 -0.3239 0.1030 0.2596 -0.2063 -0.3128 -0.3600 -0.1544 0.1709 0.0137 -0.2610 -0.3337 -0.3628 0.0218 0.2378 -0.1381 -0.2872 -0.3500 -0.3302 0.0981 0.2644 -0.2022 -0.3111 -0.3596 -0.1722 0.1651 0.0364 -0.2578 -0.3323 -0.3629 0.0133 0.2308 -0.1142 -0.2395 -0.1142 0.2308 0.0133 -0.3629 -0.3323 -0.2578 0.0364 0.1651 -0.1722 -0.3596 -0.3111 -0.2022 0.2644 0.0981 -0.3302 -0.3500 -0.2872 -0.1381 0.2378 0.0218 -0.3628 -0.3337 -0.2610 0.0137 0.1709 -0.1544 -0.3600 -0.3128 -0.2063 0.2596 0.1030 -0.3239 -0.3510 -0.2892 -0.1445 0.2433 0.0307 -0.3624 -0.3357 -0.2649 -0.0233 0.1831 -0.1065 -0.3610 -0.3193 -0.2264 0.1882 0.1382 -0.2329 -0.3394
-0.2236 0.1457 0.1633 -0.2304 -0.3204 -0.3611 -0.1065 0.1817 -0.0132 -0.2634 -0.3343 -0.3628 0.0219 0.2371 -0.1365 -0.2866 -0.3496 -0.3327 0.0958 0.2662 -0.2000 -0.3102 -0.3594 -0.1819 0.1620 0.0498 -0.2554 -0.3315 -0.3629 0.0095 0.2302 -0.1283 -0.2843 -0.3484 -0.3383 0.0906 0.2688 -0.1957 -0.3084 -0.3589 -0.1992 0.1565 0.0749 -0.2511 -0.3300 -0.3627 0.0005 0.2247 -0.1185 -0.2782 -0.3256 -0.2782 -0.1185 0.2247 0.0005 -0.3627 -0.3300 -0.2511 0.0749 0.1565 -0.1992 -0.3589 -0.3084 -0.1957 0.2688 0.0906 -0.3383 -0.3484 -0.2843 -0.1283 0.2302 0.0095 -0.3629 -0.3315 -0.2554 0.0498 0.1620 -0.1819 -0.3594 -0.3102 -0.2000 0.2662 0.0958 -0.3327 -0.3496 -0.2866 -0.1365 0.2371 0.0219 -0.3628 -0.3343 -0.2634 -0.0132 0.1817 -0.1065 -0.3611 -0.3204 -0.2304 0.1633 0.1457 -0.2236
0.1490 0.1290 -0.2359 -0.3222 -0.3614 -0.0963 0.1831 -0.0132 -0.2628 -0.3336 -0.3629 0.0146 0.2318 -0.1290 -0.2842 -0.3482 -0.3397 0.0888 0.2694 -0.1938 -0.3076 -0.3586 -0.2078 0.1537 0.0889 -0.2488 -0.3292 -0.3626 -0.0045 0.2223 -0.1176 -0.2814 -0.3468 -0.3449 0.0829 0.2702 -0.1891 -0.3057 -0.3581 -0.2243 0.1482 0.1148 -0.2445 -0.3277 -0.3625 -0.0144 0.2172 -0.1094 -0.2788 -0.3483 -0.3787 -0.3483 -0.2788 -0.1094 0.2172 -0.0144 -0.3625 -0.3277 -0.2445 0.1148 0.1482 -0.2243 -0.3581 -0.3057 -0.1891 0.2702 0.0829 -0.3449 -0.3468 -0.2814 -0.1176 0.2223 -0.0045 -0.3626 -0.3292 -0.2488 0.0889 0.1537 -0.2078 -0.3586 -0.3076 -0.1938 0.2694 0.0888 -0.3397 -0.3482 -0.2842 -0.1290 0.2318 0.0146 -0.3629 -0.3336 -0.2628 -0.0132 0.1831 -0.0963 -0.3614 -0.3222 -0.2359 0.1290 0.1490
0.0863 -0.2421 -0.3245 -0.3617 -0.0788 0.1870 -0.0233 -0.2634 -0.3336 -0.3629 0.0105 0.2283 -0.1231 -0.2823 -0.3469 -0.3449 0.0823 0.2701 -0.1877 -0.3051 -0.3578 -0.2312 0.1458 0.1272 -0.2424 -0.3269 -0.3624 -0.0202 0.2145 -0.1056 -0.2785 -0.3450 -0.3502 0.0751 0.2691 -0.1823 -0.3030 -0.3571 -0.2471 0.1403 0.1524 -0.2381 -0.3253 -0.3622 -0.0317 0.2095 -0.0968 -0.2765 -0.3441 -0.3592 -0.1018 -0.3592 -0.3441 -0.2765 -0.0968 0.2095 -0.0317 -0.3622 -0.3253 -0.2381 0.1524 0.1403 -0.2471 -0.3571 -0.3030 -0.1823 0.2691 0.0751 -0.3502 -0.3450 -0.2785 -0.1056 0.2145 -0.0202 -0.3624 -0.3269 -0.2424 0.1272 0.1458 -0.2312 -0.3578 -0.3051 -0.1877 0.2701 0.0823 -0.3449 -0.3469 -0.2823 -0.1231 0.2283 0.0105 -0.3629 -0.3336 -0.2634 -0.0233 0.1870 -0.0788 -0.3617 -0.3245 -0.2421 0.0863
-0.2249 -0.3269 -0.3621 -0.0585 0.1926 -0.0399 -0.2649 -0.3343 -0.3629 0.0105 0.2270 -0.1198 -0.2810 -0.3460 -0.3485 0.0767 0.2692 -0.1820 -0.3027 -0.3569 -0.2518 0.1383 0.1621 -0.2362 -0.3246 -0.3621 -0.0379 0.2069 -0.0921 -0.2756 -0.3432 -0.3544 0.0670 0.2662 -0.1753 -0.3003 -0.3561 -0.2673 0.1326 0.1853 -0.2317 -0.3229 -0.3619 -0.0515 0.2019 -0.0820 -0.2737 -0.3420 -0.3572 0.0478 0.1665 0.0478 -0.3572 -0.3420 -0.2737 -0.0820 0.2019 -0.0515 -0.3619 -0.3229 -0.2317 0.1853 0.1326 -0.2673 -0.3561 -0.3003 -0.1753 0.2662 0.0670 -0.3544 -0.3432 -0.2756 -0.0921 0.2069 -0.0379 -0.3621 -0.3246 -0.2362 0.1621 0.1383 -0.2518 -0.3569 -0.3027 -0.1820 0.2692 0.0767 -0.3485 -0.3460 -0.2810 -0.1198 0.2270 0.0105 -0.3629 -0.3343 -0.2649 -0.0399 0.1926 -0.0585 -0.3621 -0.3269 -0.2249
-0.3061 -0.3624 -0.0385 0.1994 -0.0585 -0.2671 -0.3357 -0.3628 0.0146 0.2283 -0.1198 -0.2806 -0.3454 -0.3505 0.0724 0.2677 -0.1771 -0.3006 -0.3560 -0.2689 0.1315 0.1912 -0.2301 -0.3222 -0.3618 -0.0579 0.1996 -0.0767 -0.2727 -0.3413 -0.3576 0.0585 0.2617 -0.1681 -0.2975 -0.3550 -0.2849 0.1250 0.2122 -0.2253 -0.3204 -0.3615 -0.0740 0.1945 -0.0643 -0.2707 -0.3400 -0.3593 0.0500 0.2459 0.0467 0.2459 0.0500 -0.3593 -0.3400 -0.2707 -0.0643 0.1945 -0.0740 -0.3615 -0.3204 -0.2253 0.2122 0.1250 -0.2849 -0.3550 -0.2975 -0.1681 0.2617 0.0585 -0.3576 -0.3413 -0.2727 -0.0767 0.1996 -0.0579 -0.3618 -0.3222 -0.2301 0.1912 0.1315 -0.2689 -0.3560 -0.3006 -0.1771 0.2677 0.0724 -0.3505 -0.3454 -0.2806 -0.1198 0.2283 0.0146 -0.3628 -0.3357 -0.2671 -0.0585 0.1994 -0.0385 -0.3624 -0.3061
-0.3466 -0.0204 0.2067 -0.0762 -0.2698 -0.3374 -0.3624 0.0219 0.2318 -0.1231 -0.2810 -0.3454 -0.3512 0.0702 0.2663 -0.1735 -0.2989 -0.3553 -0.2822 0.1254 0.2134 -0.2245 -0.3200 -0.3614 -0.0800 0.1925 -0.0586 -0.2699 -0.3394 -0.3599 0.0497 0.2563 -0.1607 -0.2948 -0.3537 -0.3000 0.1176 0.2333 -0.2190 -0.3179 -0.3611 -0.0991 0.1872 -0.0431 -0.2677 -0.3380 -0.3611 0.0426 0.2502 -0.1416 -0.2527 -0.1416 0.2502 0.0426 -0.3611 -0.3380 -0.2677 -0.0431 0.1872 -0.0991 -0.3611 -0.3179 -0.2190 0.2333 0.1176 -0.3000 -0.3537 -0.2948 -0.1607 0.2563 0.0497 -0.3599 -0.3394 -0.2699 -0.0586 0.1925 -0.0800 -0.3614 -0.3200 -0.2245 0.2134 0.1254 -0.2822 -0.3553 -0.2989 -0.1735 0.2663 0.0702 -0.3512 -0.3454 -0.2810 -0.1231 0.2318 0.0219 -0.3624 -0.3374 -0.2698 -0.0762 0.2067 -0.0204 -0.3466
-0.0185 0.2145 -0.0919 -0.2727 -0.3393 -0.3615 0.0307 0.2371 -0.1290 -0.2823 -0.3460 -0.3505 0.0702 0.2658 -0.1715 -0.2978 -0.3547 -0.2917 0.1204 0.2291 -0.2195 -0.3179 -0.3610 -0.1031 0.1858 -0.0375 -0.2670 -0.3374 -0.3615 0.0404 0.2501 -0.1529 -0.2920 -0.3525 -0.3128 0.1104 0.2487 -0.2127 -0.3154 -0.3606 -0.1262 0.1795 -0.0174 -0.2647 -0.3359 -0.3622 0.0329 0.2448 -0.1447 -0.2862 -0.3331 -0.2862 -0.1447 0.2448 0.0329 -0.3622 -0.3359 -0.2647 -0.0174 0.1795 -0.1262 -0.3606 -0.3154 -0.2127 0.2487 0.1104 -0.3128 -0.3525 -0.2920 -0.1529 0.2501 0.0404 -0.3615 -0.3374 -0.2670 -0.0375 0.1858 -0.1031 -0.3610 -0.3179 -0.2195 0.2291 0.1204 -0.2917 -0.3547 -0.2978 -0.1715 0.2658 0.0702 -0.3505 -0.3460 -0.2823 -0.1290 0.2371 0.0307 -0.3615 -0.3393 -0.2727 -0.0919 0.2145 -0.0185
0.2183 -0.1055 -0.2756 -0.3413 -0.3599 0.0402 0.2433 -0.1365 -0.2842 -0.3469 -0.3485 0.0724 0.2663 -0.1715 -0.2975 -0.3543 -0.2974 0.1169 0.2395 -0.2154 -0.3160 -0.3606 -0.1255 0.1792 -0.0137 -0.2642 -0.3354 -0.3624 0.0303 0.2433 -0.1447 -0.2893 -0.3511 -0.3235 0.1032 0.2593 -0.2065 -0.3128 -0.3600 -0.1540 0.1710 0.0135 -0.2610 -0.3337 -0.3628 0.0219 0.2378 -0.1376 -0.2866 -0.3538 -0.3797 -0.3538 -0.2866 -0.1376 0.2378 0.0219 -0.3628 -0.3337 -0.2610 0.0135 0.1710 -0.1540 -0.3600 -0.3128 -0.2065 0.2593 0.1032 -0.3235 -0.3511 -0.2893 -0.1447 0.2433 0.0303 -0.3624 -0.3354 -0.2642 -0.0137 0.1792 -0.1255 -0.3606 -0.3160 -0.2154 0.2395 0.1169 -0.2974 -0.3543 -0.2975 -0.1715 0.2663 0.0724 -0.3485 -0.3469 -0.2842 -0.1365 0.2433 0.0402 -0.3599 -0.3413 -0.2756 -0.1055 0.2183
-0.1117 -0.2785 -0.3432 -0.3576 0.0494 0.2499 -0.1445 -0.2866 -0.3482 -0.3449 0.0767 0.2677 -0.1735 -0.2978 -0.3543 -0.2993 0.1150 0.2451 -0.2124 -0.3146 -0.3602 -0.1454 0.1726 0.0117 -0.2610 -0.3335 -0.3628 0.0196 0.2362 -0.1359 -0.2865 -0.3496 -0.3325 0.0960 0.2660 -0.2003 -0.3103 -0.3594 -0.1811 0.1622 0.0491 -0.2555 -0.3315 -0.3629 0.0095 0.2302 -0.1283 -0.2842 -0.3489 -0.3469 -0.0401 -0.3469 -0.3489 -0.2842 -0.1283 0.2302 0.0095 -0.3629 -0.3315 -0.2555 0.0491 0.1622 -0.1811 -0.3594 -0.3103 -0.2003 0.2660 0.0960 -0.3325 -0.3496 -0.2865 -0.1359 0.2362 0.0196 -0.3628 -0.3335 -0.2610 0.0117 0.1726 -0.1454 -0.3602 -0.3146 -0.2124 0.2451 0.1150 -0.2993 -0.3543 -0.2978 -0.1735 0.2677 0.0767 -0.3449 -0.3482 -0.2866 -0.1445 0.2499 0.0494 -0.3576 -0.3432 -0.2785 -0.1117
-0.2562 -0.3450 -0.3545 0.0584 0.2561 -0.1527 -0.2892 -0.3496 -0.3397 0.0823 0.2692 -0.1771 -0.2989 -0.3547 -0.2974 0.1150 0.2468 -0.2109 -0.3136 -0.3599 -0.1607 0.1669 0.0361 -0.2568 -0.3317 -0.3629 0.0086 0.2292 -0.1266 -0.2838 -0.3481 -0.3400 0.0887 0.2694 -0.1940 -0.3077 -0.3587 -0.2067 0.1540 0.0874 -0.2490 -0.3293 -0.3626 -0.0043 0.2224 -0.1177 -0.2814 -0.3468 -0.3462 0.0704 0.1874 0.0704 -0.3462 -0.3468 -0.2814 -0.1177 0.2224 -0.0043 -0.3626 -0.3293 -0.2490 0.0874 0.1540 -0.2067 -0.3587 -0.3077 -0.1940 0.2694 0.0887 -0.3400 -0.3481 -0.2838 -0.1266 0.2292 0.0086 -0.3629 -0.3317 -0.2568 0.0361 0.1669 -0.1607 -0.3599 -0.3136 -0.2109 0.2468 0.1150 -0.2974 -0.3547 -0.2989 -0.1771 0.2692 0.0823 -0.3397 -0.3496 -0.2892 -0.1527 0.2561 0.0584 -0.3545 -0.3450 -0.2562
-0.3252 -0.3504 0.0669 0.2617 -0.1605 -0.2919 -0.3510 -0.3327 0.0888 0.2701 -0.1820 -0.3006 -0.3553 -0.2917 0.1169 0.2451 -0.2109 -0.3133 -0.3598 -0.1704 0.1629 0.0563 -0.2527 -0.3301 -0.3627 -0.0024 0.2226 -0.1172 -0.2811 -0.3465 -0.3460 0.0814 0.2701 -0.1875 -0.3051 -0.3578 -0.2305 0.1461 0.1257 -0.2426 -0.3270 -0.3624 -0.0197 0.2147 -0.1059 -0.2786 -0.3451 -0.3504 0.0727 0.2640 -0.0380 0.2640 0.0727 -0.3504 -0.3451 -0.2786 -0.1059 0.2147 -0.0197 -0.3624 -0.3270 -0.2426 0.1257 0.1461 -0.2305 -0.3578 -0.3051 -0.1875 0.2701 0.0814 -0.3460 -0.3465 -0.2811 -0.1172 0.2226 -0.0024 -0.3627 -0.3301 -0.2527 0.0563 0.1629 -0.1704 -0.3598 -0.3133 -0.2109 0.2451 0.1169 -0.2917 -0.3553 -0.3006 -0.1820 0.2701 0.0888 -0.3327 -0.3510 -0.2919 -0.1605 0.2617 0.0669 -0.3504 -0.3252
-0.3371 0.0752 0.2661 -0.1680 -0.2947 -0.3524 -0.3239 0.0958 0.2694 -0.1877 -0.3027 -0.3560 -0.2822 0.1204 0.2395 -0.2124 -0.3136 -0.3598 -0.1737 0.1609 0.0697 -0.2498 -0.3289 -0.3625 -0.0127 0.2168 -0.1078 -0.2787 -0.3450 -0.3506 0.0741 0.2688 -0.1810 -0.3024 -0.3569 -0.2520 0.1384 0.1611 -0.2364 -0.3247 -0.3621 -0.0372 0.2072 -0.0926 -0.2757 -0.3432 -0.3544 0.0667 0.2652 -0.1639 -0.2636 -0.1639 0.2652 0.0667 -0.3544 -0.3432 -0.2757 -0.0926 0.2072 -0.0372 -0.3621 -0.3247 -0.2364 0.1611 0.1384 -0.2520 -0.3569 -0.3024 -0.1810 0.2688 0.0741 -0.3506 -0.3450 -0.2787 -0.1078 0.2168 -0.0127 -0.3625 -0.3289 -0.2498 0.0697 0.1609 -0.1737 -0.3598 -0.3136 -0.2124 0.2395 0.1204 -0.2822 -0.3560 -0.3027 -0.1877 0.2694 0.0958 -0.3239 -0.3524 -0.2947 -0.1680 0.2661 0.0752 -0.3371
0.0760 0.2691 -0.1753 -0.2975 -0.3537 -0.3132 0.1030 0.2662 -0.1938 -0.3051 -0.3569 -0.2689 0.1254 0.2291 -0.2154 -0.3146 -0.3599 -0.1704 0.1609 0.0743 -0.2483 -0.3281 -0.3623 -0.0212 0.2122 -0.0992 -0.2766 -0.3435 -0.3540 0.0671 0.2660 -0.1746 -0.2999 -0.3559 -0.2710 0.1310 0.1917 -0.2302 -0.3223 -0.3618 -0.0571 0.1999 -0.0774 -0.2729 -0.3414 -0.3575 0.0587 0.2617 -0.1664 -0.2942 -0.3404 -0.2942 -0.1664 0.2617 0.0587 -0.3575 -0.3414 -0.2729 -0.0774 0.1999 -0.0571 -0.3618 -0.3223 -0.2302 0.1917 0.1310 -0.2710 -0.3559 -0.2999 -0.1746 0.2660 0.0671 -0.3540 -0.3435 -0.2766 -0.0992 0.2122 -0.0212 -0.3623 -0.3281 -0.2483 0.0743 0.1609 -0.1704 -0.3599 -0.3146 -0.2154 0.2291 0.1254 -0.2689 -0.3569 -0.3051 -0.1938 0.2662 0.1030 -0.3132 -0.3537 -0.2975 -0.1753 0.2691 0.0760
0.2638 -0.1823 -0.3003 -0.3550 -0.3003 0.1102 0.2596 -0.2000 -0.3076 -0.3578 -0.2518 0.1315 0.2134 -0.2195 -0.3160 -0.3602 -0.1607 0.1629 0.0697 -0.2483 -0.3279 -0.3623 -0.0268 0.2090 -0.0920 -0.2749 -0.3423 -0.3565 0.0606 0.2624 -0.1684 -0.2974 -0.3548 -0.2871 0.1239 0.2165 -0.2241 -0.3199 -0.3614 -0.0796 0.1927 -0.0594 -0.2700 -0.3395 -0.3598 0.0501 0.2564 -0.1605 -0.2943 -0.3587 -0.3791 -0.3587 -0.2943 -0.1605 0.2564 0.0501 -0.3598 -0.3395 -0.2700 -0.0594 0.1927 -0.0796 -0.3614 -0.3199 -0.2241 0.2165 0.1239 -0.2871 -0.3548 -0.2974 -0.1684 0.2624 0.0606 -0.3565 -0.3423 -0.2749 -0.0920 0.2090 -0.0268 -0.3623 -0.3279 -0.2483 0.0697 0.1629 -0.1607 -0.3602 -0.3160 -0.2195 0.2134 0.1315 -0.2518 -0.3578 -0.3076 -0.2000 0.2596 0.1102 -0.3003 -0.3550 -0.3003 -0.1823 0.2638
-0.1767 -0.3030 -0.3561 -0.2850 0.1176 0.2489 -0.2063 -0.3102 -0.3586 -0.2312 0.1383 0.1912 -0.2245 -0.3179 -0.3606 -0.1454 0.1669 0.0563 -0.2498 -0.3281 -0.3623 -0.0288 0.2073 -0.0872 -0.2737 -0.3414 -0.3581 0.0549 0.2587 -0.1628 -0.2952 -0.3538 -0.3002 0.1172 0.2352 -0.2181 -0.3175 -0.3610 -0.1044 0.1857 -0.0379 -0.2671 -0.3375 -0.3614 0.0407 0.2503 -0.1531 -0.2920 -0.3531 -0.3265 0.0038 -0.3265 -0.3531 -0.2920 -0.1531 0.2503 0.0407 -0.3614 -0.3375 -0.2671 -0.0379 0.1857 -0.1044 -0.3610 -0.3175 -0.2181 0.2352 0.1172 -0.3002 -0.3538 -0.2952 -0.1628 0.2587 0.0549 -0.3581 -0.3414 -0.2737 -0.0872 0.2073 -0.0288 -0.3623 -0.3281 -0.2498 0.0563 0.1669 -0.1454 -0.3606 -0.3179 -0.2245 0.1912 0.1383 -0.2312 -0.3586 -0.3102 -0.2063 0.2489 0.1176 -0.2850 -0.3561 -0.3030 -0.1767
-0.2815 -0.3572 -0.2674 0.1250 0.2334 -0.2126 -0.3128 -0.3594 -0.2078 0.1458 0.1621 -0.2301 -0.3200 -0.3610 -0.1255 0.1726 0.0361 -0.2527 -0.3289 -0.3623 -0.0268 0.2073 -0.0855 -0.2730 -0.3407 -0.3591 0.0505 0.2553 -0.1578 -0.2932 -0.3528 -0.3107 0.1110 0.2486 -0.2124 -0.3151 -0.3605 -0.1306 0.1781 -0.0120 -0.2642 -0.3354 -0.3624 0.0306 0.2435 -0.1450 -0.2893 -0.3512 -0.3257 0.0909 0.2084 0.0909 -0.3257 -0.3512 -0.2893 -0.1450 0.2435 0.0306 -0.3624 -0.3354 -0.2642 -0.0120 0.1781 -0.1306 -0.3605 -0.3151 -0.2124 0.2486 0.1110 -0.3107 -0.3528 -0.2932 -0.1578 0.2553 0.0505 -0.3591 -0.3407 -0.2730 -0.0855 0.2073 -0.0268 -0.3623 -0.3289 -0.2527 0.0361 0.1726 -0.1255 -0.3610 -0.3200 -0.2301 0.1621 0.1458 -0.2078 -0.3594 -0.3128 -0.2126 0.2334 0.1250 -0.2674 -0.3572 -0.2815
-0.3387 -0.2472 0.1326 0.2123 -0.2190 -0.3153 -0.3600 -0.1819 0.1537 0.1272 -0.2362 -0.3222 -0.3614 -0.1031 0.1792 0.0117 -0.2568 -0.3301 -0.3625 -0.0212 0.2090 -0.0872 -0.2730 -0.3405 -0.3596 0.0476 0.2528 -0.1539 -0.2917 -0.3519 -0.3187 0.1056 0.2575 -0.2071 -0.3129 -0.3600 -0.1563 0.1699 0.0184 -0.2602 -0.3333 -0.3629 0.0196 0.2363 -0.1361 -0.2866 -0.3497 -0.3327 0.0938 0.2710 -0.0925 0.2710 0.0938 -0.3327 -0.3497 -0.2866 -0.1361 0.2363 0.0196 -0.3629 -0.3333 -0.2602 0.0184 0.1699 -0.1563 -0.3600 -0.3129 -0.2071 0.2575 0.1056 -0.3187 -0.3519 -0.2917 -0.1539 0.2528 0.0476 -0.3596 -0.3405 -0.2730 -0.0872 0.2090 -0.0212 -0.3625 -0.3301 -0.2568 0.0117 0.1792 -0.1031 -0.3614 -0.3222 -0.2362 0.1272 0.1537 -0.1819 -0.3600 -0.3153 -0.2190 0.2123 0.1326 -0.2472 -0.3387
-0.2372 0.1405 0.1853 -0.2253 -0.3179 -0.3606 -0.1544 0.1620 0.0889 -0.2424 -0.3246 -0.3618 -0.0800 0.1858 -0.0137 -0.2610 -0.3317 -0.3627 -0.0127 0.2122 -0.0920 -0.2737 -0.3407 -0.3596 0.0466 0.2514 -0.1514 -0.2906 -0.3513 -0.3245 0.1010 0.2631 -0.2024 -0.3108 -0.3594 -0.1801 0.1620 0.0518 -0.2547 -0.3312 -0.3628 0.0073 0.2288 -0.1265 -0.2838 -0.3481 -0.3399 0.0885 0.2699 -0.1840 -0.2723 -0.1840 0.2699 0.0885 -0.3399 -0.3481 -0.2838 -0.1265 0.2288 0.0073 -0.3628 -0.3312 -0.2547 0.0518 0.1620 -0.1801 -0.3594 -0.3108 -0.2024 0.2631 0.1010 -0.3245 -0.3513 -0.2906 -0.1514 0.2514 0.0466 -0.3596 -0.3407 -0.2737 -0.0920 0.2122 -0.0127 -0.3627 -0.3317 -0.2610 -0.0137 0.1858 -0.0800 -0.3618 -0.3246 -0.2424 0.0889 0.1620 -0.1544 -0.3606 -0.3179 -0.2253 0.1853 0.1405 -0.2372
0.1437 0.1527 -0.2316 -0.3204 -0.3611 -0.1264 0.1709 0.0498 -0.2488 -0.3269 -0.3621 -0.0579 0.1925 -0.0375 -0.2642 -0.3335 -0.3629 -0.0024 0.2168 -0.0992 -0.2749 -0.3414 -0.3591 0.0476 0.2514 -0.1506 -0.2900 -0.3508 -0.3281 0.0976 0.2662 -0.1985 -0.3090 -0.3589 -0.2007 0.1551 0.0853 -0.2489 -0.3291 -0.3626 -0.0061 0.2213 -0.1159 -0.2810 -0.3465 -0.3460 0.0814 0.2701 -0.1860 -0.3023 -0.3476 -0.3023 -0.1860 0.2701 0.0814 -0.3460 -0.3465 -0.2810 -0.1159 0.2213 -0.0061 -0.3626 -0.3291 -0.2489 0.0853 0.1551 -0.2007 -0.3589 -0.3090 -0.1985 0.2662 0.0976 -0.3281 -0.3508 -0.2900 -0.1506 0.2514 0.0476 -0.3591 -0.3414 -0.2749 -0.0992 0.2168 -0.0024 -0.3629 -0.3335 -0.2642 -0.0375 0.1925 -0.0579 -0.3621 -0.3269 -0.2488 0.0498 0.1709 -0.1264 -0.3611 -0.3204 -0.2316 0.1527 0.1437
0.1108 -0.2380 -0.3229 -0.3615 -0.0993 0.1795 0.0137 -0.2554 -0.3292 -0.3624 -0.0379 0.1996 -0.0586 -0.2670 -0.3354 -0.3628 0.0086 0.2226 -0.1078 -0.2766 -0.3423 -0.3581 0.0505 0.2528 -0.1514 -0.2900 -0.3507 -0.3300 0.0954 0.2679 -0.1955 -0.3076 -0.3584 -0.2175 0.1492 0.1157 -0.2436 -0.3271 -0.3623 -0.0205 0.2140 -0.1044 -0.2782 -0.3448 -0.3509 0.0738 0.2687 -0.1807 -0.3020 -0.3630 -0.3751 -0.3630 -0.3020 -0.1807 0.2687 0.0738 -0.3509 -0.3448 -0.2782 -0.1044 0.2140 -0.0205 -0.3623 -0.3271 -0.2436 0.1157 0.1492 -0.2175 -0.3584 -0.3076 -0.1955 0.2679 0.0954 -0.3300 -0.3507 -0.2900 -0.1514 0.2528 0.0505 -0.3581 -0.3423 -0.2766 -0.1078 0.2226 0.0086 -0.3628 -0.3354 -0.2670 -0.0586 0.1996 -0.0379 -0.3624 -0.3292 -0.2554 0.0137 0.1795 -0.0993 -0.3615 -0.3229 -0.2380 0.1108
-0.2217 -0.3253 -0.3619 -0.0742 0.1871 -0.0172 -0.2610 -0.3315 -0.3626 -0.0202 0.2069 -0.0767 -0.2699 -0.3374 -0.3624 0.0196 0.2292 -0.1172 -0.2787 -0.3435 -0.3565 0.0549 0.2553 -0.1539 -0.2906 -0.3508 -0.3300 0.0946 0.2685 -0.1936 -0.3066 -0.3580 -0.2302 0.1444 0.1408 -0.2390 -0.3253 -0.3621 -0.0355 0.2073 -0.0920 -0.2755 -0.3430 -0.3548 0.0660 0.2656 -0.1742 -0.2998 -0.3566 -0.2928 0.0355 -0.2928 -0.3566 -0.2998 -0.1742 0.2656 0.0660 -0.3548 -0.3430 -0.2755 -0.0920 0.2073 -0.0355 -0.3621 -0.3253 -0.2390 0.1408 0.1444 -0.2302 -0.3580 -0.3066 -0.1936 0.2685 0.0946 -0.3300 -0.3508 -0.2906 -0.1539 0.2553 0.0549 -0.3565 -0.3435 -0.2787 -0.1172 0.2292 0.0196 -0.3624 -0.3374 -0.2699 -0.0767 0.2069 -0.0202 -0.3626 -0.3315 -0.2610 -0.0172 0.1871 -0.0742 -0.3619 -0.3253 -0.2217
-0.3045 -0.3622 -0.0517 0.1944 -0.0429 -0.2647 -0.3337 -0.3629 -0.0045 0.2145 -0.0921 -0.2727 -0.3394 -0.3615 0.0303 0.2362 -0.1266 -0.2811 -0.3450 -0.3540 0.0606 0.2587 -0.1578 -0.2917 -0.3513 -0.3281 0.0954 0.2685 -0.1930 -0.3061 -0.3577 -0.2386 0.1409 0.1594 -0.2352 -0.3238 -0.3619 -0.0505 0.2013 -0.0790 -0.2729 -0.3413 -0.3577 0.0579 0.2613 -0.1673 -0.2972 -0.3549 -0.2911 0.1106 0.2299 0.1106 -0.2911 -0.3549 -0.2972 -0.1673 0.2613 0.0579 -0.3577 -0.3413 -0.2729 -0.0790 0.2013 -0.0505 -0.3619 -0.3238 -0.2352 0.1594 0.1409 -0.2386 -0.3577 -0.3061 -0.1930 0.2685 0.0954 -0.3281 -0.3513 -0.2917 -0.1578 0.2587 0.0606 -0.3540 -0.3450 -0.2811 -0.1266 0.2362 0.0303 -0.3615 -0.3394 -0.2727 -0.0921 0.2145 -0.0045 -0.3629 -0.3337 -0.2647 -0.0429 0.1944 -0.0517 -0.3622 -0.3045
-0.3461 -0.0318 0.2019 -0.0641 -0.2677 -0.3359 -0.3628 0.0095 0.2223 -0.1056 -0.2756 -0.3413 -0.3599 0.0404 0.2433 -0.1359 -0.2838 -0.3465 -0.3506 0.0671 0.2624 -0.1628 -0.2932 -0.3519 -0.3245 0.0976 0.2679 -0.1936 -0.3061 -0.3576 -0.2428 0.1387 0.1716 -0.2324 -0.3225 -0.3617 -0.0647 0.1961 -0.0657 -0.2706 -0.3397 -0.3597 0.0499 0.2561 -0.1602 -0.2945 -0.3536 -0.3024 0.1142 0.2589 -0.1294 0.2589 0.1142 -0.3024 -0.3536 -0.2945 -0.1602 0.2561 0.0499 -0.3597 -0.3397 -0.2706 -0.0657 0.1961 -0.0647 -0.3617 -0.3225 -0.2324 0.1716 0.1387 -0.2428 -0.3576 -0.3061 -0.1936 0.2679 0.0976 -0.3245 -0.3519 -0.2932 -0.1628 0.2624 0.0671 -0.3506 -0.3465 -0.2838 -0.1359 0.2433 0.0404 -0.3599 -0.3413 -0.2756 -0.1056 0.2223 0.0095 -0.3628 -0.3359 -0.2677 -0.0641 0.2019 -0.0318 -0.3461
-0.0295 0.2096 -0.0819 -0.2707 -0.3380 -0.3622 0.0218 0.2302 -0.1176 -0.2785 -0.3432 -0.3576 0.0497 0.2501 -0.1447 -0.2865 -0.3481 -0.3460 0.0741 0.2660 -0.1684 -0.2952 -0.3528 -0.3187 0.1010 0.2662 -0.1955 -0.3066 -0.3577 -0.2428 0.1380 0.1775 -0.2307 -0.3216 -0.3615 -0.0766 0.1919 -0.0528 -0.2685 -0.3382 -0.3611 0.0420 0.2507 -0.1531 -0.2919 -0.3524 -0.3140 0.1092 0.2536 -0.2026 -0.2810 -0.2026 0.2536 0.1092 -0.3140 -0.3524 -0.2919 -0.1531 0.2507 0.0420 -0.3611 -0.3382 -0.2685 -0.0528 0.1919 -0.0766 -0.3615 -0.3216 -0.2307 0.1775 0.1380 -0.2428 -0.3577 -0.3066 -0.1955 0.2662 0.1010 -0.3187 -0.3528 -0.2952 -0.1684 0.2660 0.0741 -0.3460 -0.3481 -0.2865 -0.1447 0.2501 0.0497 -0.3576 -0.3432 -0.2785 -0.1176 0.2302 0.0218 -0.3622 -0.3380 -0.2707 -0.0819 0.2096 -0.0295
0.2135 -0.0969 -0.2737 -0.3400 -0.3611 0.0330 0.2378 -0.1283 -0.2814 -0.3450 -0.3544 0.0585 0.2563 -0.1529 -0.2893 -0.3496 -0.3400 0.0814 0.2688 -0.1746 -0.2974 -0.3538 -0.3107 0.1056 0.2631 -0.1985 -0.3076 -0.3580 -0.2386 0.1387 0.1775 -0.2301 -0.3212 -0.3614 -0.0853 0.1888 -0.0417 -0.2668 -0.3369 -0.3620 0.0346 0.2453 -0.1462 -0.2895 -0.3511 -0.3238 0.1027 0.2605 -0.2043 -0.3103 -0.3544 -0.3103 -0.2043 0.2605 0.1027 -0.3238 -0.3511 -0.2895 -0.1462 0.2453 0.0346 -0.3620 -0.3369 -0.2668 -0.0417 0.1888 -0.0853 -0.3614 -0.3212 -0.2301 0.1775 0.1387 -0.2386 -0.3580 -0.3076 -0.1985 0.2631 0.1056 -0.3107 -0.3538 -0.2974 -0.1746 0.2688 0.0814 -0.3400 -0.3496 -0.2893 -0.1529 0.2563 0.0585 -0.3544 -0.3450 -0.2814 -0.1283 0.2378 0.0330 -0.3611 -0.3400 -0.2737 -0.0969 0.2135
-0.1046 -0.2766 -0.3420 -0.3592 0.0432 0.2452 -0.1381 -0.2843 -0.3468 -0.3502 0.0670 0.2617 -0.1607 -0.2920 -0.3511 -0.3325 0.0887 0.2701 -0.1810 -0.2999 -0.3548 -0.3002 0.1110 0.2575 -0.2024 -0.3090 -0.3584 -0.2302 0.1409 0.1716 -0.2307 -0.3212 -0.3614 -0.0899 0.1869 -0.0333 -0.2656 -0.3358 -0.3625 0.0278 0.2403 -0.1398 -0.2873 -0.3499 -0.3316 0.0963 0.2661 -0.1996 -0.3097 -0.3663 -0.3651 -0.3663 -0.3097 -0.1996 0.2661 0.0963 -0.3316 -0.3499 -0.2873 -0.1398 0.2403 0.0278 -0.3625 -0.3358 -0.2656 -0.0333 0.1869 -0.0899 -0.3614 -0.3212 -0.2307 0.1716 0.1409 -0.2302 -0.3584 -0.3090 -0.2024 0.2575 0.1110 -0.3002 -0.3548 -0.2999 -0.1810 0.2701 0.0887 -0.3325 -0.3511 -0.2920 -0.1607 0.2617 0.0670 -0.3502 -0.3468 -0.2843 -0.1381 0.2452 0.0432 -0.3592 -0.3420 -0.2766 -0.1046
-0.2543 -0.3439 -0.3566 0.0526 0.2520 -0.1470 -0.2872 -0.3484 -0.3449 0.0751 0.2662 -0.1681 -0.2948 -0.3525 -0.3235 0.0960 0.2694 -0.1875 -0.3024 -0.3559 -0.2871 0.1172 0.2486 -0.2071 -0.3108 -0.3589 -0.2175 0.1444 0.1594 -0.2324 -0.3216 -0.3614 -0.0899 0.1862 -0.0286 -0.2648 -0.3351 -0.3627 0.0221 0.2361 -0.1339 -0.2854 -0.3487 -0.3377 0.0903 0.2691 -0.1942 -0.3076 -0.3594 -0.2406 0.0605 -0.2406 -0.3594 -0.3076 -0.1942 0.2691 0.0903 -0.3377 -0.3487 -0.2854 -0.1339 0.2361 0.0221 -0.3627 -0.3351 -0.2648 -0.0286 0.1862 -0.0899 -0.3614 -0.3216 -0.2324 0.1594 0.1444 -0.2175 -0.3589 -0.3108 -0.2071 0.2486 0.1172 -0.2871 -0.3559 -0.3024 -0.1875 0.2694 0.0960 -0.3235 -0.3525 -0.2948 -0.1681 0.2662 0.0751 -0.3449 -0.3484 -0.2872 -0.1470 0.2520 0.0526 -0.3566 -0.3439 -0.2543
-0.3239 -0.3532 0.0615 0.2582 -0.1554 -0.2901 -0.3500 -0.3383 0.0829 0.2691 -0.1753 -0.2975 -0.3537 -0.3128 0.1032 0.2660 -0.1940 -0.3051 -0.3569 -0.2710 0.1239 0.2352 -0.2124 -0.3129 -0.3594 -0.2007 0.1492 0.1408 -0.2352 -0.3225 -0.3615 -0.0853 0.1869 -0.0286 -0.2645 -0.3347 -0.3628 0.0181 0.2329 -0.1291 -0.2838 -0.3477 -0.3424 0.0848 0.2701 -0.1890 -0.3054 -0.3580 -0.2361 0.1305 0.2499 0.1305 -0.2361 -0.3580 -0.3054 -0.1890 0.2701 0.0848 -0.3424 -0.3477 -0.2838 -0.1291 0.2329 0.0181 -0.3628 -0.3347 -0.2645 -0.0286 0.1869 -0.0853 -0.3615 -0.3225 -0.2352 0.1408 0.1492 -0.2007 -0.3594 -0.3129 -0.2124 0.2352 0.1239 -0.2710 -0.3569 -0.3051 -0.1940 0.2660 0.1032 -0.3128 -0.3537 -0.2975 -0.1753 0.2691 0.0829 -0.3383 -0.3500 -0.2901 -0.1554 0.2582 0.0615 -0.3532 -0.3239
-0.3397 0.0700 0.2634 -0.1632 -0.2929 -0.3515 -0.3302 0.0906 0.2702 -0.1823 -0.3003 -0.3550 -0.3000 0.1104 0.2593 -0.2003 -0.3077 -0.3578 -0.2520 0.1310 0.2165 -0.2181 -0.3151 -0.3600 -0.1801 0.1551 0.1157 -0.2390 -0.3238 -0.3617 -0.0766 0.1888 -0.0333 -0.2648 -0.3347 -0.3628 0.0160 0.2309 -0.1256 -0.2826 -0.3469 -0.3458 0.0801 0.2698 -0.1842 -0.3034 -0.3571 -0.2500 0.1361 0.2111 -0.1591 0.2111 0.1361 -0.2500 -0.3571 -0.3034 -0.1842 0.2698 0.0801 -0.3458 -0.3469 -0.2826 -0.1256 0.2309 0.0160 -0.3628 -0.3347 -0.2648 -0.0333 0.1888 -0.0766 -0.3617 -0.3238 -0.2390 0.1157 0.1551 -0.1801 -0.3600 -0.3151 -0.2181 0.2165 0.1310 -0.2520 -0.3578 -0.3077 -0.2003 0.2593 0.1104 -0.3000 -0.3550 -0.3003 -0.1823 0.2702 0.0906 -0.3302 -0.3515 -0.2929 -0.1632 0.2634 0.0700 -0.3397
0.0708 0.2674 -0.1707 -0.2957 -0.3529 -0.3205 0.0981 0.2688 -0.1891 -0.3030 -0.3561 -0.2849 0.1176 0.2487 -0.2065 -0.3103 -0.3587 -0.2305 0.1384 0.1917 -0.2241 -0.3175 -0.3605 -0.1563 0.1620 0.0853 -0.2436 -0.3253 -0.3619 -0.0647 0.1919 -0.0417 -0.2656 -0.3351 -0.3628 0.0160 0.2303 -0.1238 -0.2819 -0.3463 -0.3480 0.0763 0.2689 -0.1800 -0.3016 -0.3564 -0.2643 0.1324 0.1953 -0.2219 -0.2902 -0.2219 0.1953 0.1324 -0.2643 -0.3564 -0.3016 -0.1800 0.2689 0.0763 -0.3480 -0.3463 -0.2819 -0.1238 0.2303 0.0160 -0.3628 -0.3351 -0.2656 -0.0417 0.1919 -0.0647 -0.3619 -0.3253 -0.2436 0.0853 0.1620 -0.1563 -0.3605 -0.3175 -0.2241 0.1917 0.1384 -0.2305 -0.3587 -0.3103 -0.2065 0.2487 0.1176 -0.2849 -0.3561 -0.3030 -0.1891 0.2688 0.0981 -0.3205 -0.3529 -0.2957 -0.1707 0.2674 0.0708
0.2636 -0.1778 -0.2985 -0.3542 -0.3088 0.1055 0.2644 -0.1957 -0.3057 -0.3571 -0.2673 0.1250 0.2333 -0.2127 -0.3128 -0.3594 -0.2067 0.1461 0.1611 -0.2302 -0.3199 -0.3610 -0.1306 0.1699 0.0518 -0.2489 -0.3271 -0.3621 -0.0505 0.1961 -0.0528 -0.2668 -0.3358 -0.3627 0.0181 0.2309 -0.1238 -0.2816 -0.3461 -0.3493 0.0736 0.2678 -0.1767 -0.3001 -0.3557 -0.2763 0.1275 0.2090 -0.2243 -0.3189 -0.3612 -0.3189 -0.2243 0.2090 0.1275 -0.2763 -0.3557 -0.3001 -0.1767 0.2678 0.0736 -0.3493 -0.3461 -0.2816 -0.1238 0.2309 0.0181 -0.3627 -0.3358 -0.2668 -0.0528 0.1961 -0.0505 -0.3621 -0.3271 -0.2489 0.0518 0.1699 -0.1306 -0.3610 -0.3199 -0.2302 0.1611 0.1461 -0.2067 -0.3594 -0.3128 -0.2127 0.2333 0.1250 -0.2673 -0.3571 -0.3057 -0.1957 0.2644 0.1055 -0.3088 -0.3542 -0.2985 -0.1778 0.2636
-0.1730 -0.3013 -0.3554 -0.2951 0.1128 0.2564 -0.2022 -0.3084 -0.3581 -0.2471 0.1326 0.2122 -0.2190 -0.3154 -0.3600 -0.1811 0.1540 0.1257 -0.2364 -0.3223 -0.3614 -0.1044 0.1781 0.0184 -0.2547 -0.3291 -0.3623 -0.0355 0.2013 -0.0657 -0.2685 -0.3369 -0.3625 0.0221 0.2329 -0.1256 -0.2819 -0.3461 -0.3498 0.0722 0.2670 -0.1743 -0.2990 -0.3552 -0.2854 0.1232 0.2228 -0.2210 -0.3182 -0.3688 -0.3435 -0.3688 -0.3182 -0.2210 0.2228 0.1232 -0.2854 -0.3552 -0.2990 -0.1743 0.2670 0.0722 -0.3498 -0.3461 -0.2819 -0.1256 0.2329 0.0221 -0.3625 -0.3369 -0.2685 -0.0657 0.2013 -0.0355 -0.3623 -0.3291 -0.2547 0.0184 0.1781 -0.1044 -0.3614 -0.3223 -0.2364 0.1257 0.1540 -0.1811 -0.3600 -0.3154 -0.2190 0.2122 0.1326 -0.2471 -0.3581 -0.3084 -0.2022 0.2564 0.1128 -0.2951 -0.3554 -0.3013 -0.1730
-0.2797 -0.3565 -0.2790 0.1202 0.2440 -0.2086 -0.3111 -0.3589 -0.2243 0.1403 0.1853 -0.2253 -0.3179 -0.3606 -0.1540 0.1622 0.0874 -0.2426 -0.3247 -0.3618 -0.0796 0.1857 -0.0120 -0.2602 -0.3312 -0.3626 -0.0205 0.2073 -0.0790 -0.2706 -0.3382 -0.3620 0.0278 0.2361 -0.1291 -0.2826 -0.3463 -0.3493 0.0722 0.2667 -0.1731 -0.2983 -0.3548 -0.2918 0.1196 0.2332 -0.2175 -0.3168 -0.3615 -0.1565 0.0848 -0.1565 -0.3615 -0.3168 -0.2175 0.2332 0.1196 -0.2918 -0.3548 -0.2983 -0.1731 0.2667 0.0722 -0.3493 -0.3463 -0.2826 -0.1291 0.2361 0.0278 -0.3620 -0.3382 -0.2706 -0.0790 0.2073 -0.0205 -0.3626 -0.3312 -0.2602 -0.0120 0.1857 -0.0796 -0.3618 -0.3247 -0.2426 0.0874 0.1622 -0.1540 -0.3606 -0.3179 -0.2253 0.1853 0.1403 -0.2243 -0.3589 -0.3111 -0.2086 0.2440 0.1202 -0.2790 -0.3565 -0.2797
-0.3379 -0.2606 0.1277 0.2265 -0.2149 -0.3137 -0.3596 -0.1992 0.1482 0.1524 -0.2317 -0.3204 -0.3611 -0.1262 0.1710 0.0491 -0.2490 -0.3270 -0.3621 -0.0571 0.1927 -0.0379 -0.2642 -0.3333 -0.3628 -0.0061 0.2140 -0.0920 -0.2729 -0.3397 -0.3611 0.0346 0.2403 -0.1339 -0.2838 -0.3469 -0.3480 0.0736 0.2670 -0.1731 -0.2980 -0.3546 -0.2956 0.1172 0.2401 -0.2146 -0.3154 -0.3606 -0.1439 0.1556 0.2650 0.1556 -0.1439 -0.3606 -0.3154 -0.2146 0.2401 0.1172 -0.2956 -0.3546 -0.2980 -0.1731 0.2670 0.0736 -0.3480 -0.3469 -0.2838 -0.1339 0.2403 0.0346 -0.3611 -0.3397 -0.2729 -0.0920 0.2140 -0.0061 -0.3628 -0.3333 -0.2642 -0.0379 0.1927 -0.0571 -0.3621 -0.3270 -0.2490 0.0491 0.1710 -0.1262 -0.3611 -0.3204 -0.2317 0.1524 0.1482 -0.1992 -0.3596 -0.3137 -0.2149 0.2265 0.1277 -0.2606 -0.3379
-0.2502 0.1355 0.2034 -0.2212 -0.3163 -0.3602 -0.1722 0.1565 0.1148 -0.2381 -0.3229 -0.3615 -0.0991 0.1795 0.0135 -0.2555 -0.3293 -0.3624 -0.0372 0.1999 -0.0594 -0.2671 -0.3354 -0.3629 0.0073 0.2213 -0.1044 -0.2755 -0.3413 -0.3597 0.0420 0.2453 -0.1398 -0.2854 -0.3477 -0.3458 0.0763 0.2678 -0.1743 -0.2983 -0.3546 -0.2969 0.1160 0.2439 -0.2125 -0.3144 -0.3602 -0.1534 0.1658 0.0896 -0.1897 0.0896 0.1658 -0.1534 -0.3602 -0.3144 -0.2125 0.2439 0.1160 -0.2969 -0.3546 -0.2983 -0.1743 0.2678 0.0763 -0.3458 -0.3477 -0.2854 -0.1398 0.2453 0.0420 -0.3597 -0.3413 -0.2755 -0.1044 0.2213 0.0073 -0.3629 -0.3354 -0.2671 -0.0594 0.1999 -0.0372 -0.3624 -0.3293 -0.2555 0.0135 0.1795 -0.0991 -0.3615 -0.3229 -0.2381 0.1148 0.1565 -0.1722 -0.3602 -0.3163 -0.2212 0.2034 0.1355 -0.2502
0.1384 0.1744 -0.2275 -0.3188 -0.3608 -0.1442 0.1651 0.0749 -0.2445 -0.3253 -0.3619 -0.0740 0.1872 -0.0174 -0.2610 -0.3315 -0.3626 -0.0197 0.2072 -0.0774 -0.2700 -0.3375 -0.3624 0.0196 0.2288 -0.1159 -0.2782 -0.3430 -0.3577 0.0499 0.2507 -0.1462 -0.2873 -0.3487 -0.3424 0.0801 0.2689 -0.1767 -0.2990 -0.3548 -0.2956 0.1160 0.2451 -0.2115 -0.3138 -0.3600 -0.1634 0.1648 0.0552 -0.2460 -0.3014 -0.2460 0.0552 0.1648 -0.1634 -0.3600 -0.3138 -0.2115 0.2451 0.1160 -0.2956 -0.3548 -0.2990 -0.1767 0.2689 0.0801 -0.3424 -0.3487 -0.2873 -0.1462 0.2507 0.0499 -0.3577 -0.3430 -0.2782 -0.1159 0.2288 0.0196 -0.3624 -0.3375 -0.2700 -0.0774 0.2072 -0.0197 -0.3626 -0.3315 -0.2610 -0.0174 0.1872 -0.0740 -0.3619 -0.3253 -0.2445 0.0749 0.1651 -0.1442 -0.3608 -0.3188 -0.2275 0.1744 0.1384
0.1345 -0.2339 -0.3213 -0.3613 -0.1164 0.1742 0.0364 -0.2511 -0.3277 -0.3622 -0.0515 0.1945 -0.0431 -0.2647 -0.3337 -0.3629 -0.0043 0.2147 -0.0926 -0.2729 -0.3395 -0.3614 0.0306 0.2363 -0.1265 -0.2810 -0.3448 -0.3548 0.0579 0.2561 -0.1531 -0.2895 -0.3499 -0.3377 0.0848 0.2698 -0.1800 -0.3001 -0.3552 -0.2918 0.1172 0.2439 -0.2115 -0.3136 -0.3599 -0.1700 0.1625 0.0622 -0.2502 -0.3293 -0.3686 -0.3293 -0.2502 0.0622 0.1625 -0.1700 -0.3599 -0.3136 -0.2115 0.2439 0.1172 -0.2918 -0.3552 -0.3001 -0.1800 0.2698 0.0848 -0.3377 -0.3499 -0.2895 -0.1531 0.2561 0.0579 -0.3548 -0.3448 -0.2810 -0.1265 0.2363 0.0306 -0.3614 -0.3395 -0.2729 -0.0926 0.2147 -0.0043 -0.3629 -0.3337 -0.2647 -0.0431 0.1945 -0.0515 -0.3622 -0.3277 -0.2511 0.0364 0.1742 -0.1164 -0.3613 -0.3213 -0.2339 0.1345
-0.2186 -0.3238 -0.3616 -0.0901 0.1825 0.0021 -0.2578 -0.3300 -0.3625 -0.0317 0.2019 -0.0643 -0.2677 -0.3359 -0.3628 0.0095 0.2224 -0.1059 -0.2757 -0.3414 -0.3598 0.0407 0.2435 -0.1361 -0.2838 -0.3465 -0.3509 0.0660 0.2613 -0.1602 -0.2919 -0.3511 -0.3316 0.0903 0.2701 -0.1842 -0.3016 -0.3557 -0.2854 0.1196 0.2401 -0.2125 -0.3138 -0.3599 -0.1722 0.1611 0.0705 -0.2492 -0.3286 -0.3696 -0.2918 -0.3696 -0.3286 -0.2492 0.0705 0.1611 -0.1722 -0.3599 -0.3138 -0.2125 0.2401 0.1196 -0.2854 -0.3557 -0.3016 -0.1842 0.2701 0.0903 -0.3316 -0.3511 -0.2919 -0.1602 0.2613 0.0660 -0.3509 -0.3465 -0.2838 -0.1361 0.2435 0.0407 -0.3598 -0.3414 -0.2757 -0.1059 0.2224 0.0095 -0.3628 -0.3359 -0.2677 -0.0643 0.2019 -0.0317 -0.3625 -0.3300 -0.2578 0.0021 0.1825 -0.0901 -0.3616 -0.3238 -0.2186
-0.3029 -0.3621 -0.0658 0.1897 -0.0270 -0.2627 -0.3323 -0.3627 -0.0144 0.2095 -0.0820 -0.2707 -0.3380 -0.3622 0.0219 0.2302 -0.1177 -0.2786 -0.3432 -0.3575 0.0501 0.2503 -0.1450 -0.2866 -0.3481 -0.3460 0.0738 0.2656 -0.1673 -0.2945 -0.3524 -0.3238 0.0963 0.2691 -0.1890 -0.3034 -0.3564 -0.2763 0.1232 0.2332 -0.2146 -0.3144 -0.3600 -0.1700 0.1611 0.0736 -0.2483 -0.3281 -0.3627 -0.0488 0.1133 -0.0488 -0.3627 -0.3281 -0.2483 0.0736 0.1611 -0.1700 -0.3600 -0.3144 -0.2146 0.2332 0.1232 -0.2763 -0.3564 -0.3034 -0.1890 0.2691 0.0963 -0.3238 -0.3524 -0.2945 -0.1673 0.2656 0.0738 -0.3460 -0.3481 -0.2866 -0.1450 0.2503 0.0501 -0.3575 -0.3432 -0.2786 -0.1177 0.2302 0.0219 -0.3622 -0.3380 -0.2707 -0.0820 0.2095 -0.0144 -0.3627 -0.3323 -0.2627 -0.0270 0.1897 -0.0658 -0.3621 -0.3029
-0.3457 -0.0444 0.1970 -0.0508 -0.2658 -0.3345 -0.3629 0.0005 0.2172 -0.0968 -0.2737 -0.3400 -0.3611 0.0329 0.2378 -0.1283 -0.2814 -0.3451 -0.3544 0.0587 0.2564 -0.1531 -0.2893 -0.3497 -0.3399 0.0814 0.2687 -0.1742 -0.2972 -0.3536 -0.3140 0.1027 0.2661 -0.1942 -0.3054 -0.3571 -0.2643 0.1275 0.2228 -0.2175 -0.3154 -0.3602 -0.1634 0.1625 0.0705 -0.2483 -0.3279 -0.3623 -0.0323 0.1900 0.2480 0.1900 -0.0323 -0.3623 -0.3279 -0.2483 0.0705 0.1625 -0.1634 -0.3602 -0.3154 -0.2175 0.2228 0.1275 -0.2643 -0.3571 -0.3054 -0.1942 0.2661 0.1027 -0.3140 -0.3536 -0.2972 -0.1742 0.2687 0.0814 -0.3399 -0.3497 -0.2893 -0.1531 0.2564 0.0587 -0.3544 -0.3451 -0.2814 -0.1283 0.2378 0.0329 -0.3611 -0.3400 -0.2737 -0.0968 0.2172 0.0005 -0.3629 -0.3345 -0.2658 -0.0508 0.1970 -0.0444 -0.3457
-0.0426 0.2043 -0.0698 -0.2686 -0.3367 -0.3627 0.0133 0.2247 -0.1094 -0.2765 -0.3420 -0.3593 0.0426 0.2448 -0.1376 -0.2842 -0.3468 -0.3504 0.0667 0.2617 -0.1605 -0.2920 -0.3512 -0.3327 0.0885 0.2701 -0.1807 -0.2998 -0.3549 -0.3024 0.1092 0.2605 -0.1996 -0.3076 -0.3580 -0.2500 0.1324 0.2090 -0.2210 -0.3168 -0.3606 -0.1534 0.1648 0.0622 -0.2492 -0.3281 -0.3623 -0.0310 0.2047 -0.0569 -0.2199 -0.0569 0.2047 -0.0310 -0.3623 -0.3281 -0.2492 0.0622 0.1648 -0.1534 -0.3606 -0.3168 -0.2210 0.2090 0.1324 -0.2500 -0.3580 -0.3076 -0.1996 0.2605 0.1092 -0.3024 -0.3549 -0.2998 -0.1807 0.2701 0.0885 -0.3327 -0.3512 -0.2920 -0.1605 0.2617 0.0667 -0.3504 -0.3468 -0.2842 -0.1376 0.2448 0.0426 -0.3593 -0.3420 -0.2765 -0.1094 0.2247 0.0133 -0.3627 -0.3367 -0.2686 -0.0698 0.2043 -0.0426
0.2063 -0.0828 -0.2710 -0.3388 -0.3620 0.0227 0.2308 -0.1185 -0.2788 -0.3441 -0.3572 0.0500 0.2502 -0.1447 -0.2866 -0.3489 -0.3462 0.0727 0.2652 -0.1664 -0.2943 -0.3531 -0.3257 0.0938 0.2699 -0.1860 -0.3020 -0.3566 -0.2911 0.1142 0.2536 -0.2043 -0.3097 -0.3594 -0.2361 0.1361 0.1953 -0.2243 -0.3182 -0.3615 -0.1439 0.1658 0.0552 -0.2502 -0.3286 -0.3627 -0.0323 0.2047 -0.0768 -0.2677 -0.3154 -0.2677 -0.0768 0.2047 -0.0323 -0.3627 -0.3286 -0.2502 0.0552 0.1658 -0.1439 -0.3615 -0.3182 -0.2243 0.1953 0.1361 -0.2361 -0.3594 -0.3097 -0.2043 0.2536 0.1142 -0.2911 -0.3566 -0.3020 -0.1860 0.2699 0.0938 -0.3257 -0.3531 -0.2943 -0.1664 0.2652 0.0727 -0.3462 -0.3489 -0.2866 -0.1447 0.2502 0.0500 -0.3572 -0.3441 -0.2788 -0.1185 0.2308 0.0227 -0.3620 -0.3388 -0.2710 -0.0828 0.2063
-0.0715 -0.2700 -0.3422 -0.3659 0.0206 0.2233 -0.1142 -0.2782 -0.3483 -0.3592 0.0478 0.2459 -0.1416 -0.2862 -0.3538 -0.3469 0.0704 0.2640 -0.1639 -0.2942 -0.3587 -0.3265 0.0909 0.2710 -0.1840 -0.3023 -0.3630 -0.2928 0.1106 0.2589 -0.2026 -0.3103 -0.3663 -0.2406 0.1305 0.2111 -0.2219 -0.3189 -0.3688 -0.1565 0.1556 0.0896 -0.2460 -0.3293 -0.3696 -0.0488 0.1900 -0.0569 -0.2677 -0.3429 -0.3830 -0.3429 -0.2677 -0.0569 0.1900 -0.0488 -0.3696 -0.3293 -0.2460 0.0896 0.1556 -0.1565 -0.3688 -0.3189 -0.2219 0.2111 0.1305 -0.2406 -0.3663 -0.3103 -0.2026 0.2589 0.1106 -0.2928 -0.3630 -0.3023 -0.1840 0.2710 0.0909 -0.3265 -0.3587 -0.2942 -0.1639 0.2640 0.0704 -0.3469 -0.3538 -0.2862 -0.1416 0.2459 0.0478 -0.3592 -0.3483 -0.2782 -0.1142 0.2233 0.0206 -0.3659 -0.3422 -0.2700 -0.0715
-0.2098 -0.3182 -0.3764 -0.1765 0.1459 0.1496 -0.2395 -0.3256 -0.3787 -0.1018 0.1665 0.0467 -0.2527 -0.3331 -0.3797 -0.0401 0.1874 -0.0380 -0.2636 -0.3404 -0.3791 0.0038 0.2084 -0.0925 -0.2723 -0.3476 -0.3751 0.0355 0.2299 -0.1294 -0.2810 -0.3544 -0.3651 0.0605 0.2499 -0.1591 -0.2902 -0.3612 -0.3435 0.0848 0.2650 -0.1897 -0.3014 -0.3686 -0.2918 0.1133 0.2480 -0.2199 -0.3154 -0.3830 -0.3748 -0.3830 -0.3154 -0.2199 0.2480 0.1133 -0.2918 -0.3686 -0.3014 -0.1897 0.2650 0.0848 -0.3435 -0.3612 -0.2902 -0.1591 0.2499 0.0605 -0.3651 -0.3544 -0.2810 -0.1294 0.2299 0.0355 -0.3751 -0.3476 -0.2723 -0.0925 0.2084 0.0038 -0.3791 -0.3404 -0.2636 -0.0380 0.1874 -0.0401 -0.3797 -0.3331 -0.2527 0.0467 0.1665 -0.1018 -0.3787 -0.3256 -0.2395 0.1496 0.1459 -0.1765 -0.3764 -0.3182 -0.2098
