-0.2066 0.1628 0.0296 -0.2325 -0.3099 -0.3477 0.0054 0.2305 -0.1276 -0.2611 -0.3282 -0.3283 0.0890 0.2597 -0.1859 -0.2860 -0.3405 -0.1998 0.1576 0.0488 -0.2298 -0.3085 -0.3473 -0.0032 0.2258 -0.1217 -0.2592 -0.3271 -0.3321 0.0839 0.2622 -0.1823 -0.2843 -0.3398 -0.2152 0.1520 0.0729 -0.2266 -0.3069 -0.3468 -0.0129 0.2210 -0.1154 -0.2573 -0.3258 -0.3355 0.0788 0.2637 -0.1771 -0.2788 -0.3263 -0.2788 -0.1771 0.2637 0.0788 -0.3355 -0.3258 -0.2573 -0.1154 0.2210 -0.0129 -0.3468 -0.3069 -0.2266 0.0729 0.1520 -0.2152 -0.3398 -0.2843 -0.1823 0.2622 0.0839 -0.3321 -0.3271 -0.2592 -0.1217 0.2258 -0.0032 -0.3473 -0.3085 -0.2298 0.0488 0.1576 -0.1998 -0.3405 -0.2860 -0.1859 0.2597 0.0890 -0.3283 -0.3282 -0.2611 -0.1276 0.2305 0.0054 -0.3477 -0.3099 -0.2325 0.0296 0.1628 -0.2066
0.1628 0.0498 -0.2539 -0.3307 -0.3629 0.0047 0.2273 -0.1245 -0.2833 -0.3479 -0.3410 0.0879 0.2696 -0.1932 -0.3075 -0.3586 -0.2089 0.1536 0.0901 -0.2486 -0.3292 -0.3627 -0.0047 0.2222 -0.1174 -0.2814 -0.3468 -0.3451 0.0830 0.2702 -0.1890 -0.3057 -0.3581 -0.2247 0.1484 0.1156 -0.2444 -0.3277 -0.3625 -0.0146 0.2172 -0.1098 -0.2795 -0.3457 -0.3486 0.0780 0.2697 -0.1843 -0.3035 -0.3637 -0.3736 -0.3637 -0.3035 -0.1843 0.2697 0.0780 -0.3486 -0.3457 -0.2795 -0.1098 0.2172 -0.0146 -0.3625 -0.3277 -0.2444 0.1156 0.1484 -0.2247 -0.3581 -0.3057 -0.1890 0.2702 0.0830 -0.3451 -0.3468 -0.2814 -0.1174 0.2222 -0.0047 -0.3627 -0.3292 -0.2486 0.0901 0.1536 -0.2089 -0.3586 -0.3075 -0.1932 0.2696 0.0879 -0.3410 -0.3479 -0.2833 -0.1245 0.2273 0.0047 -0.3629 -0.3307 -0.2539 0.0498 0.1628
0.0296 -0.2539 -0.3298 -0.3626 -0.0062 0.2205 -0.1143 -0.2805 -0.3461 -0.3470 0.0801 0.2700 -0.1866 -0.3047 -0.3577 -0.2331 0.1453 0.1293 -0.2421 -0.3268 -0.3624 -0.0206 0.2143 -0.1054 -0.2785 -0.3450 -0.3503 0.0750 0.2691 -0.1822 -0.3030 -0.3571 -0.2474 0.1402 0.1529 -0.2379 -0.3253 -0.3622 -0.0320 0.2094 -0.0968 -0.2766 -0.3438 -0.3531 0.0698 0.2674 -0.1777 -0.3011 -0.3572 -0.2852 0.0406 -0.2852 -0.3572 -0.3011 -0.1777 0.2674 0.0698 -0.3531 -0.3438 -0.2766 -0.0968 0.2094 -0.0320 -0.3622 -0.3253 -0.2379 0.1529 0.1402 -0.2474 -0.3571 -0.3030 -0.1822 0.2691 0.0750 -0.3503 -0.3450 -0.2785 -0.1054 0.2143 -0.0206 -0.3624 -0.3268 -0.2421 0.1293 0.1453 -0.2331 -0.3577 -0.3047 -0.1866 0.2700 0.0801 -0.3470 -0.3461 -0.2805 -0.1143 0.2205 -0.0062 -0.3626 -0.3298 -0.2539 0.0296
-0.2325 -0.3307 -0.3626 -0.0108 0.2164 -0.1061 -0.2782 -0.3446 -0.3515 0.0727 0.2683 -0.1799 -0.3021 -0.3568 -0.2548 0.1374 0.1652 -0.2357 -0.3244 -0.3621 -0.0387 0.2066 -0.0916 -0.2756 -0.3432 -0.3545 0.0668 0.2661 -0.1752 -0.3002 -0.3561 -0.2676 0.1325 0.1856 -0.2316 -0.3229 -0.3619 -0.0519 0.2018 -0.0817 -0.2737 -0.3419 -0.3566 0.0614 0.2634 -0.1706 -0.2985 -0.3555 -0.2835 0.1139 0.2336 0.1139 -0.2835 -0.3555 -0.2985 -0.1706 0.2634 0.0614 -0.3566 -0.3419 -0.2737 -0.0817 0.2018 -0.0519 -0.3619 -0.3229 -0.2316 0.1856 0.1325 -0.2676 -0.3561 -0.3002 -0.1752 0.2661 0.0668 -0.3545 -0.3432 -0.2756 -0.0916 0.2066 -0.0387 -0.3621 -0.3244 -0.2357 0.1652 0.1374 -0.2548 -0.3568 -0.3021 -0.1799 0.2683 0.0727 -0.3515 -0.3446 -0.2782 -0.1061 0.2164 -0.0108 -0.3626 -0.3307 -0.2325
-0.3099 -0.3629 -0.0062 0.2164 -0.1028 -0.2768 -0.3434 -0.3545 0.0659 0.2654 -0.1735 -0.2995 -0.3557 -0.2736 0.1299 0.1957 -0.2294 -0.3220 -0.3617 -0.0596 0.1991 -0.0757 -0.2726 -0.3413 -0.3577 0.0583 0.2616 -0.1680 -0.2975 -0.3550 -0.2852 0.1249 0.2126 -0.2252 -0.3204 -0.3615 -0.0744 0.1943 -0.0640 -0.2707 -0.3400 -0.3593 0.0525 0.2581 -0.1631 -0.2957 -0.3542 -0.2960 0.1175 0.2541 -0.1347 0.2541 0.1175 -0.2960 -0.3542 -0.2957 -0.1631 0.2581 0.0525 -0.3593 -0.3400 -0.2707 -0.0640 0.1943 -0.0744 -0.3615 -0.3204 -0.2252 0.2126 0.1249 -0.2852 -0.3550 -0.2975 -0.1680 0.2616 0.0583 -0.3577 -0.3413 -0.2726 -0.0757 0.1991 -0.0596 -0.3617 -0.3220 -0.2294 0.1957 0.1299 -0.2736 -0.3557 -0.2995 -0.1735 0.2654 0.0659 -0.3545 -0.3434 -0.2768 -0.1028 0.2164 -0.0062 -0.3629 -0.3099
-0.3477 0.0047 0.2205 -0.1061 -0.2768 -0.3429 -0.3559 0.0611 0.2622 -0.1678 -0.2971 -0.3547 -0.2893 0.1228 0.2196 -0.2232 -0.3195 -0.3614 -0.0829 0.1918 -0.0569 -0.2696 -0.3393 -0.3600 0.0492 0.2560 -0.1604 -0.2947 -0.3537 -0.3004 0.1175 0.2336 -0.2189 -0.3179 -0.3611 -0.0995 0.1871 -0.0427 -0.2677 -0.3380 -0.3611 0.0431 0.2520 -0.1553 -0.2929 -0.3529 -0.3090 0.1123 0.2482 -0.2055 -0.2824 -0.2055 0.2482 0.1123 -0.3090 -0.3529 -0.2929 -0.1553 0.2520 0.0431 -0.3611 -0.3380 -0.2677 -0.0427 0.1871 -0.0995 -0.3611 -0.3179 -0.2189 0.2336 0.1175 -0.3004 -0.3537 -0.2947 -0.1604 0.2560 0.0492 -0.3600 -0.3393 -0.2696 -0.0569 0.1918 -0.0829 -0.3614 -0.3195 -0.2232 0.2196 0.1228 -0.2893 -0.3547 -0.2971 -0.1678 0.2622 0.0611 -0.3559 -0.3429 -0.2768 -0.1061 0.2205 0.0047 -0.3477
0.0054 0.2273 -0.1143 -0.2782 -0.3434 -0.3559 0.0592 0.2602 -0.1637 -0.2953 -0.3537 -0.3013 0.1164 0.2373 -0.2172 -0.3171 -0.3609 -0.1082 0.1847 -0.0344 -0.2667 -0.3372 -0.3616 0.0395 0.2496 -0.1524 -0.2919 -0.3524 -0.3133 0.1101 0.2491 -0.2126 -0.3153 -0.3606 -0.1266 0.1794 -0.0170 -0.2647 -0.3358 -0.3623 0.0329 0.2451 -0.1470 -0.2900 -0.3515 -0.3206 0.1053 0.2570 -0.2069 -0.3116 -0.3555 -0.3116 -0.2069 0.2570 0.1053 -0.3206 -0.3515 -0.2900 -0.1470 0.2451 0.0329 -0.3623 -0.3358 -0.2647 -0.0170 0.1794 -0.1266 -0.3606 -0.3153 -0.2126 0.2491 0.1101 -0.3133 -0.3524 -0.2919 -0.1524 0.2496 0.0395 -0.3616 -0.3372 -0.2667 -0.0344 0.1847 -0.1082 -0.3609 -0.3171 -0.2172 0.2373 0.1164 -0.3013 -0.3537 -0.2953 -0.1637 0.2602 0.0592 -0.3559 -0.3434 -0.2782 -0.1143 0.2273 0.0054
0.2305 -0.1245 -0.2805 -0.3446 -0.3545 0.0611 0.2602 -0.1623 -0.2943 -0.3530 -0.3095 0.1112 0.2490 -0.2119 -0.3149 -0.3604 -0.1340 0.1771 -0.0080 -0.2637 -0.3351 -0.3625 0.0291 0.2425 -0.1438 -0.2890 -0.3510 -0.3242 0.1027 0.2598 -0.2062 -0.3127 -0.3600 -0.1546 0.1708 0.0140 -0.2609 -0.3337 -0.3628 0.0217 0.2378 -0.1380 -0.2872 -0.3500 -0.3303 0.0980 0.2645 -0.2018 -0.3107 -0.3668 -0.3631 -0.3668 -0.3107 -0.2018 0.2645 0.0980 -0.3303 -0.3500 -0.2872 -0.1380 0.2378 0.0217 -0.3628 -0.3337 -0.2609 0.0140 0.1708 -0.1546 -0.3600 -0.3127 -0.2062 0.2598 0.1027 -0.3242 -0.3510 -0.2890 -0.1438 0.2425 0.0291 -0.3625 -0.3351 -0.2637 -0.0080 0.1771 -0.1340 -0.3604 -0.3149 -0.2119 0.2490 0.1112 -0.3095 -0.3530 -0.2943 -0.1623 0.2602 0.0611 -0.3545 -0.3446 -0.2805 -0.1245 0.2305
-0.1276 -0.2833 -0.3461 -0.3515 0.0659 0.2622 -0.1637 -0.2943 -0.3527 -0.3136 0.1077 0.2559 -0.2076 -0.3129 -0.3599 -0.1582 0.1691 0.0221 -0.2597 -0.3330 -0.3629 0.0178 0.2352 -0.1348 -0.2862 -0.3495 -0.3333 0.0953 0.2664 -0.1998 -0.3101 -0.3594 -0.1823 0.1619 0.0503 -0.2553 -0.3314 -0.3629 0.0093 0.2301 -0.1283 -0.2843 -0.3484 -0.3384 0.0905 0.2688 -0.1956 -0.3083 -0.3597 -0.2329 0.0633 -0.2329 -0.3597 -0.3083 -0.1956 0.2688 0.0905 -0.3384 -0.3484 -0.2843 -0.1283 0.2301 0.0093 -0.3629 -0.3314 -0.2553 0.0503 0.1619 -0.1823 -0.3594 -0.3101 -0.1998 0.2664 0.0953 -0.3333 -0.3495 -0.2862 -0.1348 0.2352 0.0178 -0.3629 -0.3330 -0.2597 0.0221 0.1691 -0.1582 -0.3599 -0.3129 -0.2076 0.2559 0.1077 -0.3136 -0.3527 -0.2943 -0.1637 0.2622 0.0659 -0.3515 -0.3461 -0.2833 -0.1276
-0.2611 -0.3479 -0.3470 0.0727 0.2654 -0.1678 -0.2953 -0.3530 -0.3136 0.1064 0.2590 -0.2047 -0.3114 -0.3595 -0.1788 0.1620 0.0536 -0.2542 -0.3310 -0.3628 0.0056 0.2278 -0.1250 -0.2834 -0.3479 -0.3408 0.0879 0.2696 -0.1933 -0.3074 -0.3586 -0.2087 0.1534 0.0897 -0.2487 -0.3292 -0.3626 -0.0046 0.2222 -0.1175 -0.2814 -0.3468 -0.3450 0.0829 0.2702 -0.1890 -0.3057 -0.3582 -0.2306 0.1325 0.2517 0.1325 -0.2306 -0.3582 -0.3057 -0.1890 0.2702 0.0829 -0.3450 -0.3468 -0.2814 -0.1175 0.2222 -0.0046 -0.3626 -0.3292 -0.2487 0.0897 0.1534 -0.2087 -0.3586 -0.3074 -0.1933 0.2696 0.0879 -0.3408 -0.3479 -0.2834 -0.1250 0.2278 0.0056 -0.3628 -0.3310 -0.2542 0.0536 0.1620 -0.1788 -0.3595 -0.3114 -0.2047 0.2590 0.1064 -0.3136 -0.3530 -0.2953 -0.1678 0.2654 0.0727 -0.3470 -0.3479 -0.2611
-0.3282 -0.3410 0.0801 0.2683 -0.1735 -0.2971 -0.3537 -0.3095 0.1077 0.2590 -0.2036 -0.3106 -0.3591 -0.1936 0.1566 0.0820 -0.2490 -0.3290 -0.3626 -0.0073 0.2205 -0.1145 -0.2806 -0.3463 -0.3467 0.0804 0.2701 -0.1868 -0.3048 -0.3577 -0.2328 0.1453 0.1291 -0.2421 -0.3268 -0.3623 -0.0205 0.2144 -0.1055 -0.2785 -0.3450 -0.3503 0.0750 0.2691 -0.1822 -0.3030 -0.3572 -0.2483 0.1372 0.2059 -0.1612 0.2059 0.1372 -0.2483 -0.3572 -0.3030 -0.1822 0.2691 0.0750 -0.3503 -0.3450 -0.2785 -0.1055 0.2144 -0.0205 -0.3623 -0.3268 -0.2421 0.1291 0.1453 -0.2328 -0.3577 -0.3048 -0.1868 0.2701 0.0804 -0.3467 -0.3463 -0.2806 -0.1145 0.2205 -0.0073 -0.3626 -0.3290 -0.2490 0.0820 0.1566 -0.1936 -0.3591 -0.3106 -0.2036 0.2590 0.1077 -0.3095 -0.3537 -0.2971 -0.1735 0.2683 0.0801 -0.3410 -0.3282
-0.3283 0.0879 0.2700 -0.1799 -0.2995 -0.3547 -0.3013 0.1112 0.2559 -0.2047 -0.3106 -0.3590 -0.2012 0.1531 0.1030 -0.2450 -0.3274 -0.3623 -0.0205 0.2137 -0.1035 -0.2779 -0.3446 -0.3515 0.0728 0.2684 -0.1801 -0.3022 -0.3568 -0.2542 0.1376 0.1646 -0.2358 -0.3244 -0.3621 -0.0387 0.2067 -0.0917 -0.2756 -0.3432 -0.3545 0.0669 0.2661 -0.1752 -0.3003 -0.3561 -0.2675 0.1320 0.1939 -0.2226 -0.2907 -0.2226 0.1939 0.1320 -0.2675 -0.3561 -0.3003 -0.1752 0.2661 0.0669 -0.3545 -0.3432 -0.2756 -0.0917 0.2067 -0.0387 -0.3621 -0.3244 -0.2358 0.1646 0.1376 -0.2542 -0.3568 -0.3022 -0.1801 0.2684 0.0728 -0.3515 -0.3446 -0.2779 -0.1035 0.2137 -0.0205 -0.3623 -0.3274 -0.2450 0.1030 0.1531 -0.2012 -0.3590 -0.3106 -0.2047 0.2559 0.1112 -0.3013 -0.3547 -0.2995 -0.1799 0.2700 0.0879 -0.3283
0.0890 0.2696 -0.1866 -0.3021 -0.3557 -0.2893 0.1164 0.2490 -0.2076 -0.3114 -0.3591 -0.2012 0.1519 0.1141 -0.2423 -0.3262 -0.3621 -0.0327 0.2079 -0.0924 -0.2754 -0.3429 -0.3551 0.0651 0.2651 -0.1733 -0.2995 -0.3558 -0.2730 0.1302 0.1946 -0.2295 -0.3221 -0.3617 -0.0593 0.1992 -0.0758 -0.2726 -0.3413 -0.3577 0.0583 0.2617 -0.1680 -0.2975 -0.3550 -0.2851 0.1249 0.2137 -0.2238 -0.3190 -0.3614 -0.3190 -0.2238 0.2137 0.1249 -0.2851 -0.3550 -0.2975 -0.1680 0.2617 0.0583 -0.3577 -0.3413 -0.2726 -0.0758 0.1992 -0.0593 -0.3617 -0.3221 -0.2295 0.1946 0.1302 -0.2730 -0.3558 -0.2995 -0.1733 0.2651 0.0651 -0.3551 -0.3429 -0.2754 -0.0924 0.2079 -0.0327 -0.3621 -0.3262 -0.2423 0.1141 0.1519 -0.2012 -0.3591 -0.3114 -0.2076 0.2490 0.1164 -0.2893 -0.3557 -0.3021 -0.1866 0.2696 0.0890
0.2597 -0.1932 -0.3047 -0.3568 -0.2736 0.1228 0.2373 -0.2119 -0.3129 -0.3595 -0.1936 0.1531 0.1141 -0.2414 -0.3255 -0.3620 -0.0423 0.2034 -0.0821 -0.2732 -0.3414 -0.3577 0.0575 0.2609 -0.1665 -0.2969 -0.3547 -0.2894 0.1229 0.2190 -0.2234 -0.3196 -0.3614 -0.0821 0.1920 -0.0573 -0.2697 -0.3393 -0.3600 0.0493 0.2561 -0.1604 -0.2947 -0.3537 -0.3003 0.1176 0.2335 -0.2187 -0.3176 -0.3688 -0.3443 -0.3688 -0.3176 -0.2187 0.2335 0.1176 -0.3003 -0.3537 -0.2947 -0.1604 0.2561 0.0493 -0.3600 -0.3393 -0.2697 -0.0573 0.1920 -0.0821 -0.3614 -0.3196 -0.2234 0.2190 0.1229 -0.2894 -0.3547 -0.2969 -0.1665 0.2609 0.0575 -0.3577 -0.3414 -0.2732 -0.0821 0.2034 -0.0423 -0.3620 -0.3255 -0.2414 0.1141 0.1531 -0.1936 -0.3595 -0.3129 -0.2119 0.2373 0.1228 -0.2736 -0.3568 -0.3047 -0.1932 0.2597
-0.1859 -0.3075 -0.3577 -0.2548 0.1299 0.2196 -0.2172 -0.3149 -0.3599 -0.1788 0.1566 0.1030 -0.2423 -0.3255 -0.3620 -0.0476 0.2006 -0.0740 -0.2715 -0.3401 -0.3595 0.0505 0.2562 -0.1599 -0.2943 -0.3535 -0.3032 0.1158 0.2379 -0.2173 -0.3172 -0.3610 -0.1072 0.1849 -0.0354 -0.2668 -0.3373 -0.3616 0.0397 0.2497 -0.1524 -0.2919 -0.3524 -0.3133 0.1102 0.2490 -0.2126 -0.3153 -0.3614 -0.1649 0.0830 -0.1649 -0.3614 -0.3153 -0.2126 0.2490 0.1102 -0.3133 -0.3524 -0.2919 -0.1524 0.2497 0.0397 -0.3616 -0.3373 -0.2668 -0.0354 0.1849 -0.1072 -0.3610 -0.3172 -0.2173 0.2379 0.1158 -0.3032 -0.3535 -0.2943 -0.1599 0.2562 0.0505 -0.3595 -0.3401 -0.2715 -0.0740 0.2006 -0.0476 -0.3620 -0.3255 -0.2423 0.1030 0.1566 -0.1788 -0.3599 -0.3149 -0.2172 0.2196 0.1299 -0.2548 -0.3577 -0.3075 -0.1859
-0.2860 -0.3586 -0.2331 0.1374 0.1957 -0.2232 -0.3171 -0.3604 -0.1582 0.1620 0.0820 -0.2450 -0.3262 -0.3620 -0.0476 0.1996 -0.0694 -0.2705 -0.3391 -0.3606 0.0444 0.2517 -0.1538 -0.2920 -0.3523 -0.3145 0.1091 0.2514 -0.2112 -0.3147 -0.3605 -0.1338 0.1772 -0.0089 -0.2638 -0.3352 -0.3625 0.0295 0.2428 -0.1441 -0.2891 -0.3510 -0.3242 0.1028 0.2597 -0.2063 -0.3127 -0.3602 -0.1618 0.1517 0.2640 0.1517 -0.1618 -0.3602 -0.3127 -0.2063 0.2597 0.1028 -0.3242 -0.3510 -0.2891 -0.1441 0.2428 0.0295 -0.3625 -0.3352 -0.2638 -0.0089 0.1772 -0.1338 -0.3605 -0.3147 -0.2112 0.2514 0.1091 -0.3145 -0.3523 -0.2920 -0.1538 0.2517 0.0444 -0.3606 -0.3391 -0.2705 -0.0694 0.1996 -0.0476 -0.3620 -0.3262 -0.2450 0.0820 0.1620 -0.1582 -0.3604 -0.3171 -0.2232 0.1957 0.1374 -0.2331 -0.3586 -0.2860
-0.3405 -0.2089 0.1453 0.1652 -0.2294 -0.3195 -0.3609 -0.1340 0.1691 0.0536 -0.2490 -0.3274 -0.3621 -0.0423 0.2006 -0.0694 -0.2701 -0.3386 -0.3611 0.0399 0.2480 -0.1486 -0.2901 -0.3512 -0.3233 0.1028 0.2603 -0.2054 -0.3123 -0.3599 -0.1608 0.1686 0.0225 -0.2597 -0.3331 -0.3629 0.0183 0.2355 -0.1351 -0.2863 -0.3495 -0.3331 0.0955 0.2663 -0.1999 -0.3101 -0.3594 -0.1835 0.1582 0.1180 -0.1844 0.1180 0.1582 -0.1835 -0.3594 -0.3101 -0.1999 0.2663 0.0955 -0.3331 -0.3495 -0.2863 -0.1351 0.2355 0.0183 -0.3629 -0.3331 -0.2597 0.0225 0.1686 -0.1608 -0.3599 -0.3123 -0.2054 0.2603 0.1028 -0.3233 -0.3512 -0.2901 -0.1486 0.2480 0.0399 -0.3611 -0.3386 -0.2701 -0.0694 0.2006 -0.0423 -0.3621 -0.3274 -0.2490 0.0536 0.1691 -0.1340 -0.3609 -0.3195 -0.2294 0.1652 0.1453 -0.2089 -0.3405
-0.1998 0.1536 0.1293 -0.2357 -0.3220 -0.3614 -0.1082 0.1771 0.0221 -0.2542 -0.3290 -0.3623 -0.0327 0.2034 -0.0740 -0.2705 -0.3386 -0.3613 0.0375 0.2456 -0.1447 -0.2886 -0.3503 -0.3298 0.0973 0.2657 -0.2000 -0.3100 -0.3592 -0.1863 0.1603 0.0582 -0.2538 -0.3309 -0.3628 0.0059 0.2280 -0.1254 -0.2835 -0.3480 -0.3405 0.0882 0.2695 -0.1935 -0.3075 -0.3586 -0.2084 0.1528 0.1009 -0.2398 -0.2988 -0.2398 0.1009 0.1528 -0.2084 -0.3586 -0.3075 -0.1935 0.2695 0.0882 -0.3405 -0.3480 -0.2835 -0.1254 0.2280 0.0059 -0.3628 -0.3309 -0.2538 0.0582 0.1603 -0.1863 -0.3592 -0.3100 -0.2000 0.2657 0.0973 -0.3298 -0.3503 -0.2886 -0.1447 0.2456 0.0375 -0.3613 -0.3386 -0.2705 -0.0740 0.2034 -0.0327 -0.3623 -0.3290 -0.2542 0.0221 0.1771 -0.1082 -0.3614 -0.3220 -0.2357 0.1293 0.1536 -0.1998
0.1576 0.0901 -0.2421 -0.3244 -0.3617 -0.0829 0.1847 -0.0080 -0.2597 -0.3310 -0.3626 -0.0205 0.2079 -0.0821 -0.2715 -0.3391 -0.3611 0.0375 0.2447 -0.1427 -0.2876 -0.3496 -0.3343 0.0928 0.2685 -0.1953 -0.3079 -0.3586 -0.2090 0.1528 0.0949 -0.2475 -0.3287 -0.3626 -0.0080 0.2204 -0.1147 -0.2807 -0.3463 -0.3465 0.0807 0.2701 -0.1870 -0.3049 -0.3578 -0.2320 0.1454 0.1305 -0.2408 -0.3262 -0.3668 -0.3262 -0.2408 0.1305 0.1454 -0.2320 -0.3578 -0.3049 -0.1870 0.2701 0.0807 -0.3465 -0.3463 -0.2807 -0.1147 0.2204 -0.0080 -0.3626 -0.3287 -0.2475 0.0949 0.1528 -0.2090 -0.3586 -0.3079 -0.1953 0.2685 0.0928 -0.3343 -0.3496 -0.2876 -0.1427 0.2447 0.0375 -0.3611 -0.3391 -0.2715 -0.0821 0.2079 -0.0205 -0.3626 -0.3310 -0.2597 -0.0080 0.1847 -0.0829 -0.3617 -0.3244 -0.2421 0.0901 0.1576
0.0488 -0.2486 -0.3268 -0.3621 -0.0596 0.1918 -0.0344 -0.2637 -0.3330 -0.3628 -0.0073 0.2137 -0.0924 -0.2732 -0.3401 -0.3606 0.0399 0.2456 -0.1427 -0.2873 -0.3493 -0.3369 0.0896 0.2697 -0.1914 -0.3061 -0.3580 -0.2280 0.1461 0.1286 -0.2418 -0.3266 -0.3623 -0.0235 0.2128 -0.1027 -0.2779 -0.3446 -0.3514 0.0730 0.2685 -0.1804 -0.3023 -0.3568 -0.2533 0.1379 0.1639 -0.2357 -0.3243 -0.3697 -0.3137 -0.3697 -0.3243 -0.2357 0.1639 0.1379 -0.2533 -0.3568 -0.3023 -0.1804 0.2685 0.0730 -0.3514 -0.3446 -0.2779 -0.1027 0.2128 -0.0235 -0.3623 -0.3266 -0.2418 0.1286 0.1461 -0.2280 -0.3580 -0.3061 -0.1914 0.2697 0.0896 -0.3369 -0.3493 -0.2873 -0.1427 0.2456 0.0399 -0.3606 -0.3401 -0.2732 -0.0924 0.2137 -0.0073 -0.3628 -0.3330 -0.2637 -0.0344 0.1918 -0.0596 -0.3621 -0.3268 -0.2486 0.0488
-0.2298 -0.3292 -0.3624 -0.0387 0.1991 -0.0569 -0.2667 -0.3351 -0.3629 0.0056 0.2205 -0.1035 -0.2754 -0.3414 -0.3595 0.0444 0.2480 -0.1447 -0.2876 -0.3493 -0.3377 0.0879 0.2701 -0.1886 -0.3048 -0.3574 -0.2428 0.1405 0.1564 -0.2365 -0.3245 -0.3620 -0.0403 0.2057 -0.0893 -0.2750 -0.3428 -0.3552 0.0651 0.2652 -0.1736 -0.2996 -0.3558 -0.2722 0.1305 0.1937 -0.2297 -0.3221 -0.3623 -0.0915 0.1015 -0.0915 -0.3623 -0.3221 -0.2297 0.1937 0.1305 -0.2722 -0.3558 -0.2996 -0.1736 0.2652 0.0651 -0.3552 -0.3428 -0.2750 -0.0893 0.2057 -0.0403 -0.3620 -0.3245 -0.2365 0.1564 0.1405 -0.2428 -0.3574 -0.3048 -0.1886 0.2701 0.0879 -0.3377 -0.3493 -0.2876 -0.1447 0.2480 0.0444 -0.3595 -0.3414 -0.2754 -0.1035 0.2205 0.0056 -0.3629 -0.3351 -0.2667 -0.0569 0.1991 -0.0387 -0.3624 -0.3292 -0.2298
-0.3085 -0.3627 -0.0206 0.2066 -0.0757 -0.2696 -0.3372 -0.3625 0.0178 0.2278 -0.1145 -0.2779 -0.3429 -0.3577 0.0505 0.2517 -0.1486 -0.2886 -0.3496 -0.3369 0.0879 0.2701 -0.1871 -0.3039 -0.3570 -0.2534 0.1361 0.1777 -0.2321 -0.3227 -0.3618 -0.0579 0.1991 -0.0747 -0.2723 -0.3410 -0.3581 0.0567 0.2606 -0.1665 -0.2969 -0.3547 -0.2888 0.1232 0.2181 -0.2236 -0.3197 -0.3615 -0.0877 0.1732 0.2637 0.1732 -0.0877 -0.3615 -0.3197 -0.2236 0.2181 0.1232 -0.2888 -0.3547 -0.2969 -0.1665 0.2606 0.0567 -0.3581 -0.3410 -0.2723 -0.0747 0.1991 -0.0579 -0.3618 -0.3227 -0.2321 0.1777 0.1361 -0.2534 -0.3570 -0.3039 -0.1871 0.2701 0.0879 -0.3369 -0.3496 -0.2886 -0.1486 0.2517 0.0505 -0.3577 -0.3429 -0.2779 -0.1145 0.2278 0.0178 -0.3625 -0.3372 -0.2696 -0.0757 0.2066 -0.0206 -0.3627 -0.3085
-0.3473 -0.0047 0.2143 -0.0916 -0.2726 -0.3393 -0.3616 0.0291 0.2352 -0.1250 -0.2806 -0.3446 -0.3551 0.0575 0.2562 -0.1538 -0.2901 -0.3503 -0.3343 0.0896 0.2701 -0.1871 -0.3036 -0.3568 -0.2599 0.1330 0.1924 -0.2285 -0.3211 -0.3615 -0.0750 0.1933 -0.0591 -0.2697 -0.3392 -0.3602 0.0481 0.2551 -0.1591 -0.2942 -0.3535 -0.3030 0.1160 0.2372 -0.2175 -0.3173 -0.3610 -0.1077 0.1827 0.0130 -0.2070 0.0130 0.1827 -0.1077 -0.3610 -0.3173 -0.2175 0.2372 0.1160 -0.3030 -0.3535 -0.2942 -0.1591 0.2551 0.0481 -0.3602 -0.3392 -0.2697 -0.0591 0.1933 -0.0750 -0.3615 -0.3211 -0.2285 0.1924 0.1330 -0.2599 -0.3568 -0.3036 -0.1871 0.2701 0.0896 -0.3343 -0.3503 -0.2901 -0.1538 0.2562 0.0575 -0.3551 -0.3446 -0.2806 -0.1250 0.2352 0.0291 -0.3616 -0.3393 -0.2726 -0.0916 0.2143 -0.0047 -0.3473
-0.0032 0.2222 -0.1054 -0.2756 -0.3413 -0.3600 0.0395 0.2425 -0.1348 -0.2834 -0.3463 -0.3515 0.0651 0.2609 -0.1599 -0.2920 -0.3512 -0.3298 0.0928 0.2697 -0.1886 -0.3039 -0.3568 -0.2620 0.1314 0.2009 -0.2259 -0.3199 -0.3613 -0.0904 0.1883 -0.0430 -0.2674 -0.3375 -0.3615 0.0394 0.2491 -0.1515 -0.2915 -0.3522 -0.3152 0.1089 0.2513 -0.2114 -0.3148 -0.3605 -0.1333 0.1770 -0.0014 -0.2581 -0.3071 -0.2581 -0.0014 0.1770 -0.1333 -0.3605 -0.3148 -0.2114 0.2513 0.1089 -0.3152 -0.3522 -0.2915 -0.1515 0.2491 0.0394 -0.3615 -0.3375 -0.2674 -0.0430 0.1883 -0.0904 -0.3613 -0.3199 -0.2259 0.2009 0.1314 -0.2620 -0.3568 -0.3039 -0.1886 0.2697 0.0928 -0.3298 -0.3512 -0.2920 -0.1599 0.2609 0.0651 -0.3515 -0.3463 -0.2834 -0.1348 0.2425 0.0395 -0.3600 -0.3413 -0.2756 -0.1054 0.2222 -0.0032
0.2258 -0.1174 -0.2785 -0.3432 -0.3577 0.0492 0.2496 -0.1438 -0.2862 -0.3479 -0.3467 0.0728 0.2651 -0.1665 -0.2943 -0.3523 -0.3233 0.0973 0.2685 -0.1914 -0.3048 -0.3570 -0.2599 0.1314 0.2037 -0.2246 -0.3192 -0.3611 -0.1028 0.1844 -0.0278 -0.2653 -0.3359 -0.3623 0.0308 0.2430 -0.1439 -0.2889 -0.3508 -0.3254 0.1017 0.2610 -0.2052 -0.3123 -0.3599 -0.1601 0.1688 0.0234 -0.2589 -0.3334 -0.3716 -0.3334 -0.2589 0.0234 0.1688 -0.1601 -0.3599 -0.3123 -0.2052 0.2610 0.1017 -0.3254 -0.3508 -0.2889 -0.1439 0.2430 0.0308 -0.3623 -0.3359 -0.2653 -0.0278 0.1844 -0.1028 -0.3611 -0.3192 -0.2246 0.2037 0.1314 -0.2599 -0.3570 -0.3048 -0.1914 0.2685 0.0973 -0.3233 -0.3523 -0.2943 -0.1665 0.2651 0.0728 -0.3467 -0.3479 -0.2862 -0.1438 0.2496 0.0492 -0.3577 -0.3432 -0.2785 -0.1174 0.2258
-0.1217 -0.2814 -0.3450 -0.3545 0.0583 0.2560 -0.1524 -0.2890 -0.3495 -0.3408 0.0804 0.2684 -0.1733 -0.2969 -0.3535 -0.3145 0.1028 0.2657 -0.1953 -0.3061 -0.3574 -0.2534 0.1330 0.2009 -0.2246 -0.3189 -0.3610 -0.1108 0.1816 -0.0150 -0.2637 -0.3346 -0.3627 0.0227 0.2373 -0.1364 -0.2865 -0.3495 -0.3336 0.0948 0.2669 -0.1990 -0.3097 -0.3592 -0.1867 0.1604 0.0579 -0.2537 -0.3309 -0.3692 -0.2657 -0.3692 -0.3309 -0.2537 0.0579 0.1604 -0.1867 -0.3592 -0.3097 -0.1990 0.2669 0.0948 -0.3336 -0.3495 -0.2865 -0.1364 0.2373 0.0227 -0.3627 -0.3346 -0.2637 -0.0150 0.1816 -0.1108 -0.3610 -0.3189 -0.2246 0.2009 0.1330 -0.2534 -0.3574 -0.3061 -0.1953 0.2657 0.1028 -0.3145 -0.3535 -0.2969 -0.1733 0.2684 0.0804 -0.3408 -0.3495 -0.2890 -0.1524 0.2560 0.0583 -0.3545 -0.3450 -0.2814 -0.1217
-0.2592 -0.3468 -0.3503 0.0668 0.2616 -0.1604 -0.2919 -0.3510 -0.3333 0.0879 0.2701 -0.1801 -0.2995 -0.3547 -0.3032 0.1091 0.2603 -0.2000 -0.3079 -0.3580 -0.2428 0.1361 0.1924 -0.2259 -0.3192 -0.3610 -0.1136 0.1801 -0.0063 -0.2625 -0.3336 -0.3629 0.0154 0.2322 -0.1294 -0.2843 -0.3482 -0.3400 0.0882 0.2696 -0.1929 -0.3072 -0.3585 -0.2119 0.1523 0.0959 -0.2475 -0.3287 -0.3627 -0.0310 0.1203 -0.0310 -0.3627 -0.3287 -0.2475 0.0959 0.1523 -0.2119 -0.3585 -0.3072 -0.1929 0.2696 0.0882 -0.3400 -0.3482 -0.2843 -0.1294 0.2322 0.0154 -0.3629 -0.3336 -0.2625 -0.0063 0.1801 -0.1136 -0.3610 -0.3192 -0.2259 0.1924 0.1361 -0.2428 -0.3580 -0.3079 -0.2000 0.2603 0.1091 -0.3032 -0.3547 -0.2995 -0.1801 0.2701 0.0879 -0.3333 -0.3510 -0.2919 -0.1604 0.2616 0.0668 -0.3503 -0.3468 -0.2592
-0.3271 -0.3451 0.0750 0.2661 -0.1680 -0.2947 -0.3524 -0.3242 0.0953 0.2696 -0.1868 -0.3022 -0.3558 -0.2894 0.1158 0.2514 -0.2054 -0.3100 -0.3586 -0.2280 0.1405 0.1777 -0.2285 -0.3199 -0.3611 -0.1108 0.1801 -0.0031 -0.2619 -0.3329 -0.3629 0.0096 0.2281 -0.1233 -0.2823 -0.3470 -0.3449 0.0821 0.2701 -0.1871 -0.3048 -0.3577 -0.2347 0.1445 0.1335 -0.2413 -0.3265 -0.3623 -0.0280 0.1942 0.2388 0.1942 -0.0280 -0.3623 -0.3265 -0.2413 0.1335 0.1445 -0.2347 -0.3577 -0.3048 -0.1871 0.2701 0.0821 -0.3449 -0.3470 -0.2823 -0.1233 0.2281 0.0096 -0.3629 -0.3329 -0.2619 -0.0031 0.1801 -0.1108 -0.3611 -0.3199 -0.2285 0.1777 0.1405 -0.2280 -0.3586 -0.3100 -0.2054 0.2514 0.1158 -0.2894 -0.3558 -0.3022 -0.1868 0.2696 0.0953 -0.3242 -0.3524 -0.2947 -0.1680 0.2661 0.0750 -0.3451 -0.3271
-0.3321 0.0830 0.2691 -0.1752 -0.2975 -0.3537 -0.3133 0.1027 0.2664 -0.1933 -0.3048 -0.3568 -0.2730 0.1229 0.2379 -0.2112 -0.3123 -0.3592 -0.2090 0.1461 0.1564 -0.2321 -0.3211 -0.3613 -0.1028 0.1816 -0.0063 -0.2619 -0.3327 -0.3629 0.0059 0.2253 -0.1183 -0.2808 -0.3459 -0.3485 0.0765 0.2692 -0.1817 -0.3025 -0.3568 -0.2542 0.1373 0.1670 -0.2351 -0.3242 -0.3620 -0.0424 0.2035 -0.0604 -0.2221 -0.0604 0.2035 -0.0424 -0.3620 -0.3242 -0.2351 0.1670 0.1373 -0.2542 -0.3568 -0.3025 -0.1817 0.2692 0.0765 -0.3485 -0.3459 -0.2808 -0.1183 0.2253 0.0059 -0.3629 -0.3327 -0.2619 -0.0063 0.1816 -0.1028 -0.3613 -0.3211 -0.2321 0.1564 0.1461 -0.2090 -0.3592 -0.3123 -0.2112 0.2379 0.1229 -0.2730 -0.3568 -0.3048 -0.1933 0.2664 0.1027 -0.3133 -0.3537 -0.2975 -0.1752 0.2691 0.0830 -0.3321
0.0839 0.2702 -0.1822 -0.3002 -0.3550 -0.3004 0.1101 0.2598 -0.1998 -0.3074 -0.3577 -0.2542 0.1302 0.2190 -0.2173 -0.3147 -0.3599 -0.1863 0.1528 0.1286 -0.2365 -0.3227 -0.3615 -0.0904 0.1844 -0.0150 -0.2625 -0.3329 -0.3629 0.0046 0.2238 -0.1152 -0.2798 -0.3452 -0.3510 0.0718 0.2675 -0.1769 -0.3005 -0.3560 -0.2703 0.1308 0.1943 -0.2293 -0.3219 -0.3617 -0.0619 0.1979 -0.0686 -0.2675 -0.3154 -0.2675 -0.0686 0.1979 -0.0619 -0.3617 -0.3219 -0.2293 0.1943 0.1308 -0.2703 -0.3560 -0.3005 -0.1769 0.2675 0.0718 -0.3510 -0.3452 -0.2798 -0.1152 0.2238 0.0046 -0.3629 -0.3329 -0.2625 -0.0150 0.1844 -0.0904 -0.3615 -0.3227 -0.2365 0.1286 0.1528 -0.1863 -0.3599 -0.3147 -0.2173 0.2190 0.1302 -0.2542 -0.3577 -0.3074 -0.1998 0.2598 0.1101 -0.3004 -0.3550 -0.3002 -0.1822 0.2702 0.0839
0.2622 -0.1890 -0.3030 -0.3561 -0.2852 0.1175 0.2491 -0.2062 -0.3101 -0.3586 -0.2328 0.1376 0.1946 -0.2234 -0.3172 -0.3605 -0.1608 0.1603 0.0949 -0.2418 -0.3245 -0.3618 -0.0750 0.1883 -0.0278 -0.2637 -0.3336 -0.3629 0.0059 0.2238 -0.1141 -0.2792 -0.3447 -0.3526 0.0683 0.2657 -0.1727 -0.2987 -0.3552 -0.2833 0.1249 0.2154 -0.2239 -0.3197 -0.3614 -0.0837 0.1913 -0.0541 -0.2685 -0.3403 -0.3755 -0.3403 -0.2685 -0.0541 0.1913 -0.0837 -0.3614 -0.3197 -0.2239 0.2154 0.1249 -0.2833 -0.3552 -0.2987 -0.1727 0.2657 0.0683 -0.3526 -0.3447 -0.2792 -0.1141 0.2238 0.0059 -0.3629 -0.3336 -0.2637 -0.0278 0.1883 -0.0750 -0.3618 -0.3245 -0.2418 0.0949 0.1603 -0.1608 -0.3605 -0.3172 -0.2234 0.1946 0.1376 -0.2328 -0.3586 -0.3101 -0.2062 0.2491 0.1175 -0.2852 -0.3561 -0.3030 -0.1890 0.2622
-0.1823 -0.3057 -0.3571 -0.2676 0.1249 0.2336 -0.2126 -0.3127 -0.3594 -0.2087 0.1453 0.1646 -0.2295 -0.3196 -0.3610 -0.1338 0.1686 0.0582 -0.2475 -0.3266 -0.3620 -0.0579 0.1933 -0.0430 -0.2653 -0.3346 -0.3629 0.0096 0.2253 -0.1152 -0.2792 -0.3445 -0.3533 0.0660 0.2642 -0.1696 -0.2973 -0.3545 -0.2933 0.1198 0.2309 -0.2190 -0.3176 -0.3610 -0.1065 0.1848 -0.0338 -0.2664 -0.3372 -0.3671 -0.1987 -0.3671 -0.3372 -0.2664 -0.0338 0.1848 -0.1065 -0.3610 -0.3176 -0.2190 0.2309 0.1198 -0.2933 -0.3545 -0.2973 -0.1696 0.2642 0.0660 -0.3533 -0.3445 -0.2792 -0.1152 0.2253 0.0096 -0.3629 -0.3346 -0.2653 -0.0430 0.1933 -0.0579 -0.3620 -0.3266 -0.2475 0.0582 0.1686 -0.1338 -0.3610 -0.3196 -0.2295 0.1646 0.1453 -0.2087 -0.3594 -0.3127 -0.2126 0.2336 0.1249 -0.2676 -0.3571 -0.3057 -0.1823
-0.2843 -0.3581 -0.2474 0.1325 0.2126 -0.2189 -0.3153 -0.3600 -0.1823 0.1534 0.1291 -0.2358 -0.3221 -0.3614 -0.1072 0.1772 0.0225 -0.2538 -0.3287 -0.3623 -0.0403 0.1991 -0.0591 -0.2674 -0.3359 -0.3627 0.0154 0.2281 -0.1183 -0.2798 -0.3447 -0.3533 0.0653 0.2634 -0.1677 -0.2963 -0.3540 -0.3006 0.1156 0.2416 -0.2147 -0.3158 -0.3606 -0.1286 0.1782 -0.0102 -0.2638 -0.3351 -0.3626 0.0114 0.1402 0.0114 -0.3626 -0.3351 -0.2638 -0.0102 0.1782 -0.1286 -0.3606 -0.3158 -0.2147 0.2416 0.1156 -0.3006 -0.3540 -0.2963 -0.1677 0.2634 0.0653 -0.3533 -0.3447 -0.2798 -0.1183 0.2281 0.0154 -0.3627 -0.3359 -0.2674 -0.0591 0.1991 -0.0403 -0.3623 -0.3287 -0.2538 0.0225 0.1772 -0.1072 -0.3614 -0.3221 -0.2358 0.1291 0.1534 -0.1823 -0.3600 -0.3153 -0.2189 0.2126 0.1325 -0.2474 -0.3581 -0.2843
-0.3398 -0.2247 0.1402 0.1856 -0.2252 -0.3179 -0.3606 -0.1546 0.1619 0.0897 -0.2421 -0.3244 -0.3617 -0.0821 0.1849 -0.0089 -0.2597 -0.3309 -0.3626 -0.0235 0.2057 -0.0747 -0.2697 -0.3375 -0.3623 0.0227 0.2322 -0.1233 -0.2808 -0.3452 -0.3526 0.0660 0.2634 -0.1670 -0.2958 -0.3537 -0.3052 0.1125 0.2487 -0.2112 -0.3142 -0.3602 -0.1487 0.1715 0.0154 -0.2605 -0.3332 -0.3629 0.0145 0.2173 0.1737 0.2173 0.0145 -0.3629 -0.3332 -0.2605 0.0154 0.1715 -0.1487 -0.3602 -0.3142 -0.2112 0.2487 0.1125 -0.3052 -0.3537 -0.2958 -0.1670 0.2634 0.0660 -0.3526 -0.3452 -0.2808 -0.1233 0.2322 0.0227 -0.3623 -0.3375 -0.2697 -0.0747 0.2057 -0.0235 -0.3626 -0.3309 -0.2597 -0.0089 0.1849 -0.0821 -0.3617 -0.3244 -0.2421 0.0897 0.1619 -0.1546 -0.3606 -0.3179 -0.2252 0.1856 0.1402 -0.2247 -0.3398
-0.2152 0.1484 0.1529 -0.2316 -0.3204 -0.3611 -0.1266 0.1708 0.0503 -0.2487 -0.3268 -0.3621 -0.0593 0.1920 -0.0354 -0.2638 -0.3331 -0.3628 -0.0080 0.2128 -0.0893 -0.2723 -0.3392 -0.3615 0.0308 0.2373 -0.1294 -0.2823 -0.3459 -0.3510 0.0683 0.2642 -0.1677 -0.2958 -0.3536 -0.3076 0.1106 0.2529 -0.2085 -0.3129 -0.3598 -0.1658 0.1655 0.0411 -0.2560 -0.3314 -0.3628 0.0061 0.2260 -0.1061 -0.2361 -0.1061 0.2260 0.0061 -0.3628 -0.3314 -0.2560 0.0411 0.1655 -0.1658 -0.3598 -0.3129 -0.2085 0.2529 0.1106 -0.3076 -0.3536 -0.2958 -0.1677 0.2642 0.0683 -0.3510 -0.3459 -0.2823 -0.1294 0.2373 0.0308 -0.3615 -0.3392 -0.2723 -0.0893 0.2128 -0.0080 -0.3628 -0.3331 -0.2638 -0.0354 0.1920 -0.0593 -0.3621 -0.3268 -0.2487 0.0503 0.1708 -0.1266 -0.3611 -0.3204 -0.2316 0.1529 0.1484 -0.2152
0.1520 0.1156 -0.2379 -0.3229 -0.3615 -0.0995 0.1794 0.0140 -0.2553 -0.3292 -0.3623 -0.0387 0.1992 -0.0573 -0.2668 -0.3352 -0.3629 0.0059 0.2204 -0.1027 -0.2750 -0.3410 -0.3602 0.0394 0.2430 -0.1364 -0.2843 -0.3470 -0.3485 0.0718 0.2657 -0.1696 -0.2963 -0.3537 -0.3076 0.1099 0.2548 -0.2069 -0.3120 -0.3596 -0.1792 0.1607 0.0645 -0.2515 -0.3298 -0.3626 -0.0045 0.2211 -0.1124 -0.2764 -0.3238 -0.2764 -0.1124 0.2211 -0.0045 -0.3626 -0.3298 -0.2515 0.0645 0.1607 -0.1792 -0.3596 -0.3120 -0.2069 0.2548 0.1099 -0.3076 -0.3537 -0.2963 -0.1696 0.2657 0.0718 -0.3485 -0.3470 -0.2843 -0.1364 0.2430 0.0394 -0.3602 -0.3410 -0.2750 -0.1027 0.2204 0.0059 -0.3629 -0.3352 -0.2668 -0.0573 0.1992 -0.0387 -0.3623 -0.3292 -0.2553 0.0140 0.1794 -0.0995 -0.3615 -0.3229 -0.2379 0.1156 0.1520
0.0729 -0.2444 -0.3253 -0.3619 -0.0744 0.1871 -0.0170 -0.2609 -0.3314 -0.3626 -0.0205 0.2067 -0.0758 -0.2697 -0.3373 -0.3625 0.0183 0.2280 -0.1147 -0.2779 -0.3428 -0.3581 0.0481 0.2491 -0.1439 -0.2865 -0.3482 -0.3449 0.0765 0.2675 -0.1727 -0.2973 -0.3540 -0.3052 0.1106 0.2548 -0.2063 -0.3116 -0.3594 -0.1884 0.1572 0.0835 -0.2479 -0.3284 -0.3624 -0.0154 0.2155 -0.1053 -0.2776 -0.3471 -0.3782 -0.3471 -0.2776 -0.1053 0.2155 -0.0154 -0.3624 -0.3284 -0.2479 0.0835 0.1572 -0.1884 -0.3594 -0.3116 -0.2063 0.2548 0.1106 -0.3052 -0.3540 -0.2973 -0.1727 0.2675 0.0765 -0.3449 -0.3482 -0.2865 -0.1439 0.2491 0.0481 -0.3581 -0.3428 -0.2779 -0.1147 0.2280 0.0183 -0.3625 -0.3373 -0.2697 -0.0758 0.2067 -0.0205 -0.3626 -0.3314 -0.2609 -0.0170 0.1871 -0.0744 -0.3619 -0.3253 -0.2444 0.0729
-0.2266 -0.3277 -0.3622 -0.0519 0.1943 -0.0427 -0.2647 -0.3337 -0.3629 -0.0046 0.2144 -0.0917 -0.2726 -0.3393 -0.3616 0.0295 0.2355 -0.1254 -0.2807 -0.3446 -0.3552 0.0567 0.2551 -0.1515 -0.2889 -0.3495 -0.3400 0.0821 0.2692 -0.1769 -0.2987 -0.3545 -0.3006 0.1125 0.2529 -0.2069 -0.3116 -0.3593 -0.1930 0.1550 0.0968 -0.2453 -0.3272 -0.3623 -0.0256 0.2105 -0.0964 -0.2760 -0.3435 -0.3605 -0.1128 -0.3605 -0.3435 -0.2760 -0.0964 0.2105 -0.0256 -0.3623 -0.3272 -0.2453 0.0968 0.1550 -0.1930 -0.3593 -0.3116 -0.2069 0.2529 0.1125 -0.3006 -0.3545 -0.2987 -0.1769 0.2692 0.0821 -0.3400 -0.3495 -0.2889 -0.1515 0.2551 0.0567 -0.3552 -0.3446 -0.2807 -0.1254 0.2355 0.0295 -0.3616 -0.3393 -0.2726 -0.0917 0.2144 -0.0046 -0.3629 -0.3337 -0.2647 -0.0427 0.1943 -0.0519 -0.3622 -0.3277 -0.2266
-0.3069 -0.3625 -0.0320 0.2018 -0.0640 -0.2677 -0.3358 -0.3628 0.0093 0.2222 -0.1055 -0.2756 -0.3413 -0.3600 0.0397 0.2428 -0.1351 -0.2835 -0.3463 -0.3514 0.0651 0.2606 -0.1591 -0.2915 -0.3508 -0.3336 0.0882 0.2701 -0.1817 -0.3005 -0.3552 -0.2933 0.1156 0.2487 -0.2085 -0.3120 -0.3594 -0.1930 0.1543 0.1036 -0.2437 -0.3265 -0.3622 -0.0342 0.2064 -0.0878 -0.2742 -0.3420 -0.3576 0.0457 0.1645 0.0457 -0.3576 -0.3420 -0.2742 -0.0878 0.2064 -0.0342 -0.3622 -0.3265 -0.2437 0.1036 0.1543 -0.1930 -0.3594 -0.3120 -0.2085 0.2487 0.1156 -0.2933 -0.3552 -0.3005 -0.1817 0.2701 0.0882 -0.3336 -0.3508 -0.2915 -0.1591 0.2606 0.0651 -0.3514 -0.3463 -0.2835 -0.1351 0.2428 0.0397 -0.3600 -0.3413 -0.2756 -0.1055 0.2222 0.0093 -0.3628 -0.3358 -0.2677 -0.0640 0.2018 -0.0320 -0.3625 -0.3069
-0.3468 -0.0146 0.2094 -0.0817 -0.2707 -0.3380 -0.3623 0.0217 0.2301 -0.1175 -0.2785 -0.3432 -0.3577 0.0493 0.2497 -0.1441 -0.2863 -0.3480 -0.3465 0.0730 0.2652 -0.1665 -0.2942 -0.3522 -0.3254 0.0948 0.2696 -0.1871 -0.3025 -0.3560 -0.2833 0.1198 0.2416 -0.2112 -0.3129 -0.3596 -0.1884 0.1550 0.1036 -0.2431 -0.3261 -0.3621 -0.0406 0.2034 -0.0803 -0.2726 -0.3408 -0.3588 0.0505 0.2452 0.0514 0.2452 0.0505 -0.3588 -0.3408 -0.2726 -0.0803 0.2034 -0.0406 -0.3621 -0.3261 -0.2431 0.1036 0.1550 -0.1884 -0.3596 -0.3129 -0.2112 0.2416 0.1198 -0.2833 -0.3560 -0.3025 -0.1871 0.2696 0.0948 -0.3254 -0.3522 -0.2942 -0.1665 0.2652 0.0730 -0.3465 -0.3480 -0.2863 -0.1441 0.2497 0.0493 -0.3577 -0.3432 -0.2785 -0.1175 0.2301 0.0217 -0.3623 -0.3380 -0.2707 -0.0817 0.2094 -0.0146 -0.3468
-0.0129 0.2172 -0.0968 -0.2737 -0.3400 -0.3611 0.0329 0.2378 -0.1283 -0.2814 -0.3450 -0.3545 0.0583 0.2561 -0.1524 -0.2891 -0.3495 -0.3405 0.0807 0.2685 -0.1736 -0.2969 -0.3535 -0.3152 0.1017 0.2669 -0.1929 -0.3048 -0.3568 -0.2703 0.1249 0.2309 -0.2147 -0.3142 -0.3598 -0.1792 0.1572 0.0968 -0.2437 -0.3261 -0.3621 -0.0439 0.2015 -0.0747 -0.2714 -0.3399 -0.3599 0.0470 0.2520 -0.1426 -0.2526 -0.1426 0.2520 0.0470 -0.3599 -0.3399 -0.2714 -0.0747 0.2015 -0.0439 -0.3621 -0.3261 -0.2437 0.0968 0.1572 -0.1792 -0.3598 -0.3142 -0.2147 0.2309 0.1249 -0.2703 -0.3568 -0.3048 -0.1929 0.2669 0.1017 -0.3152 -0.3535 -0.2969 -0.1736 0.2685 0.0807 -0.3405 -0.3495 -0.2891 -0.1524 0.2561 0.0583 -0.3545 -0.3450 -0.2814 -0.1283 0.2378 0.0329 -0.3611 -0.3400 -0.2737 -0.0968 0.2172 -0.0129
0.2210 -0.1098 -0.2766 -0.3419 -0.3593 0.0431 0.2451 -0.1380 -0.2843 -0.3468 -0.3503 0.0669 0.2617 -0.1604 -0.2919 -0.3510 -0.3331 0.0882 0.2701 -0.1804 -0.2996 -0.3547 -0.3030 0.1089 0.2610 -0.1990 -0.3072 -0.3577 -0.2542 0.1308 0.2154 -0.2190 -0.3158 -0.3602 -0.1658 0.1607 0.0835 -0.2453 -0.3265 -0.3621 -0.0439 0.2009 -0.0718 -0.2707 -0.3392 -0.3606 0.0429 0.2498 -0.1490 -0.2872 -0.3337 -0.2872 -0.1490 0.2498 0.0429 -0.3606 -0.3392 -0.2707 -0.0718 0.2009 -0.0439 -0.3621 -0.3265 -0.2453 0.0835 0.1607 -0.1658 -0.3602 -0.3158 -0.2190 0.2154 0.1308 -0.2542 -0.3577 -0.3072 -0.1990 0.2610 0.1089 -0.3030 -0.3547 -0.2996 -0.1804 0.2701 0.0882 -0.3331 -0.3510 -0.2919 -0.1604 0.2617 0.0669 -0.3503 -0.3468 -0.2843 -0.1380 0.2451 0.0431 -0.3593 -0.3419 -0.2766 -0.1098 0.2210
-0.1154 -0.2795 -0.3438 -0.3566 0.0525 0.2520 -0.1470 -0.2872 -0.3484 -0.3450 0.0750 0.2661 -0.1680 -0.2947 -0.3524 -0.3242 0.0955 0.2695 -0.1870 -0.3023 -0.3558 -0.2888 0.1160 0.2513 -0.2052 -0.3097 -0.3585 -0.2347 0.1373 0.1943 -0.2239 -0.3176 -0.3606 -0.1487 0.1655 0.0645 -0.2479 -0.3272 -0.3622 -0.0406 0.2015 -0.0718 -0.2704 -0.3389 -0.3610 0.0398 0.2473 -0.1468 -0.2888 -0.3547 -0.3796 -0.3547 -0.2888 -0.1468 0.2473 0.0398 -0.3610 -0.3389 -0.2704 -0.0718 0.2015 -0.0406 -0.3622 -0.3272 -0.2479 0.0645 0.1655 -0.1487 -0.3606 -0.3176 -0.2239 0.1943 0.1373 -0.2347 -0.3585 -0.3097 -0.2052 0.2513 0.1160 -0.2888 -0.3558 -0.3023 -0.1870 0.2695 0.0955 -0.3242 -0.3524 -0.2947 -0.1680 0.2661 0.0750 -0.3450 -0.3484 -0.2872 -0.1470 0.2520 0.0525 -0.3566 -0.3438 -0.2795 -0.1154
-0.2573 -0.3457 -0.3531 0.0614 0.2581 -0.1553 -0.2900 -0.3500 -0.3384 0.0829 0.2691 -0.1752 -0.2975 -0.3537 -0.3133 0.1028 0.2663 -0.1935 -0.3049 -0.3568 -0.2722 0.1232 0.2372 -0.2114 -0.3123 -0.3592 -0.2119 0.1445 0.1670 -0.2293 -0.3197 -0.3610 -0.1286 0.1715 0.0411 -0.2515 -0.3284 -0.3623 -0.0342 0.2034 -0.0747 -0.2707 -0.3389 -0.3612 0.0381 0.2457 -0.1443 -0.2881 -0.3505 -0.3415 -0.0262 -0.3415 -0.3505 -0.2881 -0.1443 0.2457 0.0381 -0.3612 -0.3389 -0.2707 -0.0747 0.2034 -0.0342 -0.3623 -0.3284 -0.2515 0.0411 0.1715 -0.1286 -0.3610 -0.3197 -0.2293 0.1670 0.1445 -0.2119 -0.3592 -0.3123 -0.2114 0.2372 0.1232 -0.2722 -0.3568 -0.3049 -0.1935 0.2663 0.1028 -0.3133 -0.3537 -0.2975 -0.1752 0.2691 0.0829 -0.3384 -0.3500 -0.2900 -0.1553 0.2581 0.0614 -0.3531 -0.3457 -0.2573
-0.3258 -0.3486 0.0698 0.2634 -0.1631 -0.2929 -0.3515 -0.3303 0.0905 0.2702 -0.1822 -0.3003 -0.3550 -0.3003 0.1102 0.2597 -0.1999 -0.3075 -0.3578 -0.2533 0.1305 0.2181 -0.2175 -0.3148 -0.3599 -0.1867 0.1523 0.1335 -0.2351 -0.3219 -0.3614 -0.1065 0.1782 0.0154 -0.2560 -0.3298 -0.3624 -0.0256 0.2064 -0.0803 -0.2714 -0.3392 -0.3610 0.0381 0.2451 -0.1429 -0.2875 -0.3496 -0.3370 0.0795 0.1955 0.0795 -0.3370 -0.3496 -0.2875 -0.1429 0.2451 0.0381 -0.3610 -0.3392 -0.2714 -0.0803 0.2064 -0.0256 -0.3624 -0.3298 -0.2560 0.0154 0.1782 -0.1065 -0.3614 -0.3219 -0.2351 0.1335 0.1523 -0.1867 -0.3599 -0.3148 -0.2175 0.2181 0.1305 -0.2533 -0.3578 -0.3075 -0.1999 0.2597 0.1102 -0.3003 -0.3550 -0.3003 -0.1822 0.2702 0.0905 -0.3303 -0.3515 -0.2929 -0.1631 0.2634 0.0698 -0.3486 -0.3258
-0.3355 0.0780 0.2674 -0.1706 -0.2957 -0.3529 -0.3206 0.0980 0.2688 -0.1890 -0.3030 -0.3561 -0.2851 0.1176 0.2490 -0.2063 -0.3101 -0.3586 -0.2320 0.1379 0.1937 -0.2236 -0.3173 -0.3605 -0.1601 0.1604 0.0959 -0.2413 -0.3242 -0.3617 -0.0837 0.1848 -0.0102 -0.2605 -0.3314 -0.3626 -0.0154 0.2105 -0.0878 -0.2726 -0.3399 -0.3606 0.0398 0.2457 -0.1429 -0.2873 -0.3493 -0.3375 0.0868 0.2695 -0.0690 0.2695 0.0868 -0.3375 -0.3493 -0.2873 -0.1429 0.2457 0.0398 -0.3606 -0.3399 -0.2726 -0.0878 0.2105 -0.0154 -0.3626 -0.3314 -0.2605 -0.0102 0.1848 -0.0837 -0.3617 -0.3242 -0.2413 0.0959 0.1604 -0.1601 -0.3605 -0.3173 -0.2236 0.1937 0.1379 -0.2320 -0.3586 -0.3101 -0.2063 0.2490 0.1176 -0.2851 -0.3561 -0.3030 -0.1890 0.2688 0.0980 -0.3206 -0.3529 -0.2957 -0.1706 0.2674 0.0780 -0.3355
0.0788 0.2697 -0.1777 -0.2985 -0.3542 -0.3090 0.1053 0.2645 -0.1956 -0.3057 -0.3572 -0.2675 0.1249 0.2335 -0.2126 -0.3127 -0.3594 -0.2084 0.1454 0.1639 -0.2297 -0.3197 -0.3610 -0.1333 0.1688 0.0579 -0.2475 -0.3265 -0.3620 -0.0619 0.1913 -0.0338 -0.2638 -0.3332 -0.3628 -0.0045 0.2155 -0.0964 -0.2742 -0.3408 -0.3599 0.0429 0.2473 -0.1443 -0.2875 -0.3493 -0.3379 0.0872 0.2703 -0.1779 -0.2692 -0.1779 0.2703 0.0872 -0.3379 -0.3493 -0.2875 -0.1443 0.2473 0.0429 -0.3599 -0.3408 -0.2742 -0.0964 0.2155 -0.0045 -0.3628 -0.3332 -0.2638 -0.0338 0.1913 -0.0619 -0.3620 -0.3265 -0.2475 0.0579 0.1688 -0.1333 -0.3610 -0.3197 -0.2297 0.1639 0.1454 -0.2084 -0.3594 -0.3127 -0.2126 0.2335 0.1249 -0.2675 -0.3572 -0.3057 -0.1956 0.2645 0.1053 -0.3090 -0.3542 -0.2985 -0.1777 0.2697 0.0788
0.2637 -0.1843 -0.3011 -0.3555 -0.2960 0.1123 0.2570 -0.2018 -0.3083 -0.3582 -0.2483 0.1320 0.2137 -0.2187 -0.3153 -0.3602 -0.1835 0.1528 0.1305 -0.2357 -0.3221 -0.3615 -0.1077 0.1770 0.0234 -0.2537 -0.3287 -0.3623 -0.0424 0.1979 -0.0541 -0.2664 -0.3351 -0.3629 0.0061 0.2211 -0.1053 -0.2760 -0.3420 -0.3588 0.0470 0.2498 -0.1468 -0.2881 -0.3496 -0.3375 0.0872 0.2702 -0.1850 -0.3009 -0.3458 -0.3009 -0.1850 0.2702 0.0872 -0.3375 -0.3496 -0.2881 -0.1468 0.2498 0.0470 -0.3588 -0.3420 -0.2760 -0.1053 0.2211 0.0061 -0.3629 -0.3351 -0.2664 -0.0541 0.1979 -0.0424 -0.3623 -0.3287 -0.2537 0.0234 0.1770 -0.1077 -0.3615 -0.3221 -0.2357 0.1305 0.1528 -0.1835 -0.3602 -0.3153 -0.2187 0.2137 0.1320 -0.2483 -0.3582 -0.3083 -0.2018 0.2570 0.1123 -0.2960 -0.3555 -0.3011 -0.1843 0.2637
-0.1771 -0.3035 -0.3572 -0.2835 0.1175 0.2482 -0.2069 -0.3107 -0.3597 -0.2306 0.1372 0.1939 -0.2238 -0.3176 -0.3614 -0.1618 0.1582 0.1009 -0.2408 -0.3243 -0.3623 -0.0877 0.1827 -0.0014 -0.2589 -0.3309 -0.3627 -0.0280 0.2035 -0.0686 -0.2685 -0.3372 -0.3626 0.0145 0.2260 -0.1124 -0.2776 -0.3435 -0.3576 0.0505 0.2520 -0.1490 -0.2888 -0.3505 -0.3370 0.0868 0.2703 -0.1850 -0.3026 -0.3633 -0.3759 -0.3633 -0.3026 -0.1850 0.2703 0.0868 -0.3370 -0.3505 -0.2888 -0.1490 0.2520 0.0505 -0.3576 -0.3435 -0.2776 -0.1124 0.2260 0.0145 -0.3626 -0.3372 -0.2685 -0.0686 0.2035 -0.0280 -0.3627 -0.3309 -0.2589 -0.0014 0.1827 -0.0877 -0.3623 -0.3243 -0.2408 0.1009 0.1582 -0.1618 -0.3614 -0.3176 -0.2238 0.1939 0.1372 -0.2306 -0.3597 -0.3107 -0.2069 0.2482 0.1175 -0.2835 -0.3572 -0.3035 -0.1771
-0.2788 -0.3637 -0.2852 0.1139 0.2541 -0.2055 -0.3116 -0.3668 -0.2329 0.1325 0.2059 -0.2226 -0.3190 -0.3688 -0.1649 0.1517 0.1180 -0.2398 -0.3262 -0.3697 -0.0915 0.1732 0.0130 -0.2581 -0.3334 -0.3692 -0.0310 0.1942 -0.0604 -0.2675 -0.3403 -0.3671 0.0114 0.2173 -0.1061 -0.2764 -0.3471 -0.3605 0.0457 0.2452 -0.1426 -0.2872 -0.3547 -0.3415 0.0795 0.2695 -0.1779 -0.3009 -0.3633 -0.3030 0.0246 -0.3030 -0.3633 -0.3009 -0.1779 0.2695 0.0795 -0.3415 -0.3547 -0.2872 -0.1426 0.2452 0.0457 -0.3605 -0.3471 -0.2764 -0.1061 0.2173 0.0114 -0.3671 -0.3403 -0.2675 -0.0604 0.1942 -0.0310 -0.3692 -0.3334 -0.2581 0.0130 0.1732 -0.0915 -0.3697 -0.3262 -0.2398 0.1180 0.1517 -0.1649 -0.3688 -0.3190 -0.2226 0.2059 0.1325 -0.2329 -0.3668 -0.3116 -0.2055 0.2541 0.1139 -0.2852 -0.3637 -0.2788
-0.3263 -0.3736 0.0406 0.2336 -0.1347 -0.2824 -0.3555 -0.3631 0.0633 0.2517 -0.1612 -0.2907 -0.3614 -0.3443 0.0830 0.2640 -0.1844 -0.2988 -0.3668 -0.3137 0.1015 0.2637 -0.2070 -0.3071 -0.3716 -0.2657 0.1203 0.2388 -0.2221 -0.3154 -0.3755 -0.1987 0.1402 0.1737 -0.2361 -0.3238 -0.3782 -0.1128 0.1645 0.0514 -0.2526 -0.3337 -0.3796 -0.0262 0.1955 -0.0690 -0.2692 -0.3458 -0.3759 0.0246 0.1380 0.0246 -0.3759 -0.3458 -0.2692 -0.0690 0.1955 -0.0262 -0.3796 -0.3337 -0.2526 0.0514 0.1645 -0.1128 -0.3782 -0.3238 -0.2361 0.1737 0.1402 -0.1987 -0.3755 -0.3154 -0.2221 0.2388 0.1203 -0.2657 -0.3716 -0.3071 -0.2070 0.2637 0.1015 -0.3137 -0.3668 -0.2988 -0.1844 0.2640 0.0830 -0.3443 -0.3614 -0.2907 -0.1612 0.2517 0.0633 -0.3631 -0.3555 -0.2824 -0.1347 0.2336 0.0406 -0.3736 -0.3263
