0.4201 1.0000 1.0000 0.0007 0.0077 0.0897 1.0000 1.0000 0.0001 0.0015 0.0172 0.1993 1.0000 1.0000 0.0003 0.0033 0.0382 0.4423 1.0000 1.0000 0.0006 0.0073 0.0847 0.9812 1.0000 0.0001 0.0014 0.0163 0.1879 1.0000 1.0000 0.0003 0.0031 0.0360 0.4169 1.0000 1.0000 0.0006 0.0069 0.0799 0.9250 1.0000 0.0001 0.0013 0.0153 0.1772 1.0000 1.0000 0.0002 0.0025 0.0118 0.0025 0.0002 1.0000 1.0000 0.1772 0.0153 0.0013 0.0001 1.0000 0.9250 0.0799 0.0069 0.0006 1.0000 1.0000 0.4169 0.0360 0.0031 0.0003 1.0000 1.0000 0.1879 0.0163 0.0014 0.0001 1.0000 0.9812 0.0847 0.0073 0.0006 1.0000 1.0000 0.4423 0.0382 0.0033 0.0003 1.0000 1.0000 0.1993 0.0172 0.0015 0.0001 1.0000 1.0000 0.0897 0.0077 0.0007 1.0000 1.0000 0.4201
1.0000 1.0000 0.0007 0.0078 0.0893 1.0000 1.0000 0.0001 0.0015 0.0171 0.1975 1.0000 1.0000 0.0003 0.0033 0.0379 0.4381 1.0000 1.0000 0.0006 0.0073 0.0841 0.9719 1.0000 0.0001 0.0014 0.0161 0.1862 1.0000 1.0000 0.0003 0.0031 0.0357 0.4130 1.0000 1.0000 0.0006 0.0068 0.0791 0.9162 1.0000 0.0001 0.0013 0.0152 0.1755 1.0000 1.0000 0.0003 0.0028 0.0294 0.1324 0.0294 0.0028 0.0003 1.0000 1.0000 0.1755 0.0152 0.0013 0.0001 1.0000 0.9162 0.0791 0.0068 0.0006 1.0000 1.0000 0.4130 0.0357 0.0031 0.0003 1.0000 1.0000 0.1862 0.0161 0.0014 0.0001 1.0000 0.9719 0.0841 0.0073 0.0006 1.0000 1.0000 0.4381 0.0379 0.0033 0.0003 1.0000 1.0000 0.1975 0.0171 0.0015 0.0001 1.0000 1.0000 0.0893 0.0078 0.0007 1.0000 1.0000
1.0000 0.0007 0.0075 0.0845 0.9627 1.0000 0.0001 0.0014 0.0156 0.1802 1.0000 1.0000 0.0003 0.0030 0.0345 0.3998 1.0000 1.0000 0.0006 0.0066 0.0766 0.8854 1.0000 0.0001 0.0013 0.0147 0.1699 1.0000 1.0000 0.0002 0.0028 0.0325 0.3770 1.0000 1.0000 0.0005 0.0062 0.0722 0.8347 1.0000 0.0001 0.0012 0.0138 0.1602 1.0000 1.0000 0.0002 0.0026 0.0299 0.3105 1.0000 0.3105 0.0299 0.0026 0.0002 1.0000 1.0000 0.1602 0.0138 0.0012 0.0001 1.0000 0.8347 0.0722 0.0062 0.0005 1.0000 1.0000 0.3770 0.0325 0.0028 0.0002 1.0000 1.0000 0.1699 0.0147 0.0013 0.0001 1.0000 0.8854 0.0766 0.0066 0.0006 1.0000 1.0000 0.3998 0.0345 0.0030 0.0003 1.0000 1.0000 0.1802 0.0156 0.0014 0.0001 1.0000 0.9627 0.0845 0.0075 0.0007 1.0000
0.0007 0.0078 0.0845 0.9374 1.0000 0.0001 0.0013 0.0144 0.1658 1.0000 1.0000 0.0002 0.0027 0.0315 0.3643 1.0000 1.0000 0.0005 0.0060 0.0699 0.8082 1.0000 0.0001 0.0012 0.0134 0.1548 1.0000 1.0000 0.0002 0.0026 0.0297 0.3434 1.0000 1.0000 0.0005 0.0057 0.0658 0.7619 1.0000 0.0001 0.0011 0.0126 0.1459 1.0000 1.0000 0.0002 0.0024 0.0278 0.3158 1.0000 1.0000 1.0000 0.3158 0.0278 0.0024 0.0002 1.0000 1.0000 0.1459 0.0126 0.0011 0.0001 1.0000 0.7619 0.0658 0.0057 0.0005 1.0000 1.0000 0.3434 0.0297 0.0026 0.0002 1.0000 1.0000 0.1548 0.0134 0.0012 0.0001 1.0000 0.8082 0.0699 0.0060 0.0005 1.0000 1.0000 0.3643 0.0315 0.0027 0.0002 1.0000 1.0000 0.1658 0.0144 0.0013 0.0001 1.0000 0.9374 0.0845 0.0078 0.0007
0.0077 0.0893 0.9627 1.0000 0.0001 0.0012 0.0136 0.1551 1.0000 1.0000 0.0002 0.0025 0.0289 0.3331 1.0000 1.0000 0.0005 0.0055 0.0637 0.7376 1.0000 0.0001 0.0011 0.0122 0.1413 1.0000 1.0000 0.0002 0.0023 0.0271 0.3135 1.0000 1.0000 0.0004 0.0052 0.0600 0.6941 1.0000 0.0001 0.0010 0.0115 0.1332 1.0000 1.0000 0.0002 0.0022 0.0255 0.2938 1.0000 1.0000 0.0001 1.0000 1.0000 0.2938 0.0255 0.0022 0.0002 1.0000 1.0000 0.1332 0.0115 0.0010 0.0001 1.0000 0.6941 0.0600 0.0052 0.0004 1.0000 1.0000 0.3135 0.0271 0.0023 0.0002 1.0000 1.0000 0.1413 0.0122 0.0011 0.0001 1.0000 0.7376 0.0637 0.0055 0.0005 1.0000 1.0000 0.3331 0.0289 0.0025 0.0002 1.0000 1.0000 0.1551 0.0136 0.0012 0.0001 1.0000 0.9627 0.0893 0.0077
0.0897 1.0000 1.0000 0.0001 0.0012 0.0133 0.1493 1.0000 1.0000 0.0002 0.0023 0.0266 0.3058 1.0000 1.0000 0.0004 0.0050 0.0581 0.6720 1.0000 0.0001 0.0010 0.0111 0.1287 1.0000 1.0000 0.0002 0.0021 0.0247 0.2856 1.0000 1.0000 0.0004 0.0047 0.0548 0.6335 1.0000 0.0001 0.0009 0.0105 0.1213 1.0000 1.0000 0.0002 0.0020 0.0233 0.2692 1.0000 1.0000 0.0003 0.0015 0.0003 1.0000 1.0000 0.2692 0.0233 0.0020 0.0002 1.0000 1.0000 0.1213 0.0105 0.0009 0.0001 1.0000 0.6335 0.0548 0.0047 0.0004 1.0000 1.0000 0.2856 0.0247 0.0021 0.0002 1.0000 1.0000 0.1287 0.0111 0.0010 0.0001 1.0000 0.6720 0.0581 0.0050 0.0004 1.0000 1.0000 0.3058 0.0266 0.0023 0.0002 1.0000 1.0000 0.1493 0.0133 0.0012 0.0001 1.0000 1.0000 0.0897
1.0000 1.0000 0.0001 0.0013 0.0136 0.1493 1.0000 1.0000 0.0002 0.0022 0.0248 0.2839 1.0000 1.0000 0.0004 0.0046 0.0533 0.6146 1.0000 0.0001 0.0009 0.0102 0.1175 1.0000 1.0000 0.0002 0.0019 0.0225 0.2606 1.0000 1.0000 0.0004 0.0043 0.0499 0.5783 1.0000 0.0001 0.0008 0.0096 0.1108 1.0000 1.0000 0.0002 0.0018 0.0212 0.2457 1.0000 1.0000 0.0003 0.0036 0.0159 0.0036 0.0003 1.0000 1.0000 0.2457 0.0212 0.0018 0.0002 1.0000 1.0000 0.1108 0.0096 0.0008 0.0001 1.0000 0.5783 0.0499 0.0043 0.0004 1.0000 1.0000 0.2606 0.0225 0.0019 0.0002 1.0000 1.0000 0.1175 0.0102 0.0009 0.0001 1.0000 0.6146 0.0533 0.0046 0.0004 1.0000 1.0000 0.2839 0.0248 0.0022 0.0002 1.0000 1.0000 0.1493 0.0136 0.0013 0.0001 1.0000 1.0000
1.0000 0.0001 0.0014 0.0144 0.1551 1.0000 1.0000 0.0002 0.0021 0.0237 0.2682 1.0000 1.0000 0.0004 0.0042 0.0489 0.5641 1.0000 0.0001 0.0008 0.0093 0.1072 1.0000 1.0000 0.0002 0.0018 0.0205 0.2375 1.0000 1.0000 0.0003 0.0039 0.0456 0.5268 1.0000 1.0000 0.0008 0.0087 0.1011 1.0000 1.0000 0.0001 0.0017 0.0194 0.2239 1.0000 1.0000 0.0003 0.0036 0.0376 0.1680 0.0376 0.0036 0.0003 1.0000 1.0000 0.2239 0.0194 0.0017 0.0001 1.0000 1.0000 0.1011 0.0087 0.0008 1.0000 1.0000 0.5268 0.0456 0.0039 0.0003 1.0000 1.0000 0.2375 0.0205 0.0018 0.0002 1.0000 1.0000 0.1072 0.0093 0.0008 0.0001 1.0000 0.5641 0.0489 0.0042 0.0004 1.0000 1.0000 0.2682 0.0237 0.0021 0.0002 1.0000 1.0000 0.1551 0.0144 0.0014 0.0001 1.0000
0.0001 0.0015 0.0156 0.1658 1.0000 1.0000 0.0002 0.0021 0.0233 0.2602 1.0000 1.0000 0.0003 0.0040 0.0453 0.5208 1.0000 1.0000 0.0007 0.0085 0.0983 1.0000 1.0000 0.0001 0.0016 0.0187 0.2167 1.0000 1.0000 0.0003 0.0036 0.0415 0.4809 1.0000 1.0000 0.0007 0.0080 0.0921 1.0000 1.0000 0.0001 0.0015 0.0176 0.2043 1.0000 1.0000 0.0003 0.0034 0.0382 0.3968 1.0000 0.3968 0.0382 0.0034 0.0003 1.0000 1.0000 0.2043 0.0176 0.0015 0.0001 1.0000 1.0000 0.0921 0.0080 0.0007 1.0000 1.0000 0.4809 0.0415 0.0036 0.0003 1.0000 1.0000 0.2167 0.0187 0.0016 0.0001 1.0000 1.0000 0.0983 0.0085 0.0007 1.0000 1.0000 0.5208 0.0453 0.0040 0.0003 1.0000 1.0000 0.2602 0.0233 0.0021 0.0002 1.0000 1.0000 0.1658 0.0156 0.0015 0.0001
0.0015 0.0171 0.1802 1.0000 1.0000 0.0002 0.0022 0.0237 0.2602 1.0000 1.0000 0.0003 0.0038 0.0426 0.4864 1.0000 1.0000 0.0007 0.0078 0.0900 1.0000 1.0000 0.0001 0.0015 0.0171 0.1978 1.0000 1.0000 0.0003 0.0033 0.0379 0.4381 1.0000 1.0000 0.0006 0.0073 0.0841 0.9719 1.0000 0.0001 0.0014 0.0161 0.1862 1.0000 1.0000 0.0003 0.0031 0.0355 0.4029 1.0000 1.0000 1.0000 0.4029 0.0355 0.0031 0.0003 1.0000 1.0000 0.1862 0.0161 0.0014 0.0001 1.0000 0.9719 0.0841 0.0073 0.0006 1.0000 1.0000 0.4381 0.0379 0.0033 0.0003 1.0000 1.0000 0.1978 0.0171 0.0015 0.0001 1.0000 1.0000 0.0900 0.0078 0.0007 1.0000 1.0000 0.4864 0.0426 0.0038 0.0003 1.0000 1.0000 0.2602 0.0237 0.0022 0.0002 1.0000 1.0000 0.1802 0.0171 0.0015
0.0172 0.1975 1.0000 1.0000 0.0002 0.0023 0.0248 0.2682 1.0000 1.0000 0.0003 0.0037 0.0410 0.4620 1.0000 1.0000 0.0006 0.0072 0.0831 0.9572 1.0000 0.0001 0.0014 0.0157 0.1809 1.0000 1.0000 0.0003 0.0030 0.0346 0.3998 1.0000 1.0000 0.0006 0.0066 0.0766 0.8871 1.0000 0.0001 0.0013 0.0147 0.1699 1.0000 1.0000 0.0002 0.0028 0.0325 0.3748 1.0000 1.0000 0.0002 1.0000 1.0000 0.3748 0.0325 0.0028 0.0002 1.0000 1.0000 0.1699 0.0147 0.0013 0.0001 1.0000 0.8871 0.0766 0.0066 0.0006 1.0000 1.0000 0.3998 0.0346 0.0030 0.0003 1.0000 1.0000 0.1809 0.0157 0.0014 0.0001 1.0000 0.9572 0.0831 0.0072 0.0006 1.0000 1.0000 0.4620 0.0410 0.0037 0.0003 1.0000 1.0000 0.2682 0.0248 0.0023 0.0002 1.0000 1.0000 0.1975 0.0172
0.1993 1.0000 1.0000 0.0002 0.0025 0.0266 0.2839 1.0000 1.0000 0.0003 0.0037 0.0404 0.4499 1.0000 1.0000 0.0006 0.0068 0.0775 0.8871 1.0000 0.0001 0.0012 0.0144 0.1658 1.0000 1.0000 0.0002 0.0027 0.0316 0.3657 1.0000 1.0000 0.0005 0.0060 0.0699 0.8082 1.0000 0.0001 0.0012 0.0134 0.1551 1.0000 1.0000 0.0002 0.0026 0.0297 0.3434 1.0000 1.0000 0.0004 0.0019 0.0004 1.0000 1.0000 0.3434 0.0297 0.0026 0.0002 1.0000 1.0000 0.1551 0.0134 0.0012 0.0001 1.0000 0.8082 0.0699 0.0060 0.0005 1.0000 1.0000 0.3657 0.0316 0.0027 0.0002 1.0000 1.0000 0.1658 0.0144 0.0012 0.0001 1.0000 0.8871 0.0775 0.0068 0.0006 1.0000 1.0000 0.4499 0.0404 0.0037 0.0003 1.0000 1.0000 0.2839 0.0266 0.0025 0.0002 1.0000 1.0000 0.1993
1.0000 1.0000 0.0003 0.0027 0.0289 0.3058 1.0000 1.0000 0.0003 0.0038 0.0410 0.4499 1.0000 1.0000 0.0006 0.0065 0.0732 0.8315 1.0000 0.0001 0.0012 0.0132 0.1525 1.0000 1.0000 0.0002 0.0025 0.0289 0.3344 1.0000 1.0000 0.0005 0.0055 0.0638 0.7376 1.0000 0.0001 0.0011 0.0122 0.1413 1.0000 1.0000 0.0002 0.0023 0.0271 0.3135 1.0000 1.0000 0.0004 0.0045 0.0203 0.0045 0.0004 1.0000 1.0000 0.3135 0.0271 0.0023 0.0002 1.0000 1.0000 0.1413 0.0122 0.0011 0.0001 1.0000 0.7376 0.0638 0.0055 0.0005 1.0000 1.0000 0.3344 0.0289 0.0025 0.0002 1.0000 1.0000 0.1525 0.0132 0.0012 0.0001 1.0000 0.8315 0.0732 0.0065 0.0006 1.0000 1.0000 0.4499 0.0410 0.0038 0.0003 1.0000 1.0000 0.3058 0.0289 0.0027 0.0003 1.0000 1.0000
1.0000 0.0003 0.0030 0.0315 0.3331 1.0000 1.0000 0.0004 0.0040 0.0426 0.4620 1.0000 1.0000 0.0006 0.0063 0.0706 0.7944 1.0000 0.0001 0.0011 0.0123 0.1410 1.0000 1.0000 0.0002 0.0023 0.0265 0.3058 1.0000 1.0000 0.0004 0.0050 0.0583 0.6746 1.0000 0.0001 0.0010 0.0112 0.1290 1.0000 1.0000 0.0002 0.0021 0.0247 0.2861 1.0000 1.0000 0.0004 0.0046 0.0480 0.2143 0.0480 0.0046 0.0004 1.0000 1.0000 0.2861 0.0247 0.0021 0.0002 1.0000 1.0000 0.1290 0.0112 0.0010 0.0001 1.0000 0.6746 0.0583 0.0050 0.0004 1.0000 1.0000 0.3058 0.0265 0.0023 0.0002 1.0000 1.0000 0.1410 0.0123 0.0011 0.0001 1.0000 0.7944 0.0706 0.0063 0.0006 1.0000 1.0000 0.4620 0.0426 0.0040 0.0004 1.0000 1.0000 0.3331 0.0315 0.0030 0.0003 1.0000
0.0003 0.0033 0.0345 0.3643 1.0000 1.0000 0.0004 0.0042 0.0453 0.4864 1.0000 1.0000 0.0006 0.0063 0.0698 0.7765 1.0000 0.0001 0.0010 0.0116 0.1319 1.0000 1.0000 0.0002 0.0021 0.0243 0.2802 1.0000 1.0000 0.0004 0.0046 0.0534 0.6169 1.0000 0.0001 0.0009 0.0102 0.1177 1.0000 1.0000 0.0002 0.0019 0.0225 0.2606 1.0000 1.0000 0.0004 0.0043 0.0487 0.5062 1.0000 0.5062 0.0487 0.0043 0.0004 1.0000 1.0000 0.2606 0.0225 0.0019 0.0002 1.0000 1.0000 0.1177 0.0102 0.0009 0.0001 1.0000 0.6169 0.0534 0.0046 0.0004 1.0000 1.0000 0.2802 0.0243 0.0021 0.0002 1.0000 1.0000 0.1319 0.0116 0.0010 0.0001 1.0000 0.7765 0.0698 0.0063 0.0006 1.0000 1.0000 0.4864 0.0453 0.0042 0.0004 1.0000 1.0000 0.3643 0.0345 0.0033 0.0003
0.0033 0.0379 0.3998 1.0000 1.0000 0.0004 0.0046 0.0489 0.5208 1.0000 1.0000 0.0006 0.0065 0.0706 0.7765 1.0000 0.0001 0.0010 0.0111 0.1253 1.0000 1.0000 0.0002 0.0020 0.0225 0.2582 1.0000 1.0000 0.0004 0.0042 0.0488 0.5641 1.0000 0.0001 0.0008 0.0093 0.1076 1.0000 1.0000 0.0002 0.0018 0.0206 0.2379 1.0000 1.0000 0.0003 0.0039 0.0453 0.5139 1.0000 1.0000 1.0000 0.5139 0.0453 0.0039 0.0003 1.0000 1.0000 0.2379 0.0206 0.0018 0.0002 1.0000 1.0000 0.1076 0.0093 0.0008 0.0001 1.0000 0.5641 0.0488 0.0042 0.0004 1.0000 1.0000 0.2582 0.0225 0.0020 0.0002 1.0000 1.0000 0.1253 0.0111 0.0010 0.0001 1.0000 0.7765 0.0706 0.0065 0.0006 1.0000 1.0000 0.5208 0.0489 0.0046 0.0004 1.0000 1.0000 0.3998 0.0379 0.0033
0.0382 0.4381 1.0000 1.0000 0.0005 0.0050 0.0533 0.5641 1.0000 1.0000 0.0006 0.0068 0.0732 0.7944 1.0000 0.0001 0.0010 0.0109 0.1213 1.0000 1.0000 0.0002 0.0018 0.0210 0.2397 1.0000 1.0000 0.0003 0.0039 0.0447 0.5159 1.0000 1.0000 0.0007 0.0085 0.0984 1.0000 1.0000 0.0001 0.0016 0.0188 0.2172 1.0000 1.0000 0.0003 0.0036 0.0415 0.4781 1.0000 1.0000 0.0002 1.0000 1.0000 0.4781 0.0415 0.0036 0.0003 1.0000 1.0000 0.2172 0.0188 0.0016 0.0001 1.0000 1.0000 0.0984 0.0085 0.0007 1.0000 1.0000 0.5159 0.0447 0.0039 0.0003 1.0000 1.0000 0.2397 0.0210 0.0018 0.0002 1.0000 1.0000 0.1213 0.0109 0.0010 0.0001 1.0000 0.7944 0.0732 0.0068 0.0006 1.0000 1.0000 0.5641 0.0533 0.0050 0.0005 1.0000 1.0000 0.4381 0.0382
0.4423 1.0000 1.0000 0.0005 0.0055 0.0581 0.6146 1.0000 1.0000 0.0007 0.0072 0.0775 0.8315 1.0000 0.0001 0.0010 0.0109 0.1200 1.0000 1.0000 0.0002 0.0017 0.0198 0.2251 1.0000 1.0000 0.0003 0.0036 0.0412 0.4745 1.0000 1.0000 0.0007 0.0078 0.0900 1.0000 1.0000 0.0001 0.0015 0.0172 0.1986 1.0000 1.0000 0.0003 0.0033 0.0380 0.4389 1.0000 1.0000 0.0006 0.0025 0.0006 1.0000 1.0000 0.4389 0.0380 0.0033 0.0003 1.0000 1.0000 0.1986 0.0172 0.0015 0.0001 1.0000 1.0000 0.0900 0.0078 0.0007 1.0000 1.0000 0.4745 0.0412 0.0036 0.0003 1.0000 1.0000 0.2251 0.0198 0.0017 0.0002 1.0000 1.0000 0.1200 0.0109 0.0010 0.0001 1.0000 0.8315 0.0775 0.0072 0.0007 1.0000 1.0000 0.6146 0.0581 0.0055 0.0005 1.0000 1.0000 0.4423
1.0000 1.0000 0.0006 0.0060 0.0637 0.6720 1.0000 0.0001 0.0007 0.0078 0.0831 0.8871 1.0000 0.0001 0.0010 0.0111 0.1213 1.0000 1.0000 0.0002 0.0017 0.0190 0.2147 1.0000 1.0000 0.0003 0.0033 0.0382 0.4381 1.0000 1.0000 0.0006 0.0071 0.0825 0.9518 1.0000 0.0001 0.0014 0.0157 0.1816 1.0000 1.0000 0.0003 0.0030 0.0347 0.4014 1.0000 1.0000 0.0006 0.0058 0.0260 0.0058 0.0006 1.0000 1.0000 0.4014 0.0347 0.0030 0.0003 1.0000 1.0000 0.1816 0.0157 0.0014 0.0001 1.0000 0.9518 0.0825 0.0071 0.0006 1.0000 1.0000 0.4381 0.0382 0.0033 0.0003 1.0000 1.0000 0.2147 0.0190 0.0017 0.0002 1.0000 1.0000 0.1213 0.0111 0.0010 0.0001 1.0000 0.8871 0.0831 0.0078 0.0007 0.0001 1.0000 0.6720 0.0637 0.0060 0.0006 1.0000 1.0000
1.0000 0.0006 0.0066 0.0699 0.7376 1.0000 0.0001 0.0008 0.0085 0.0900 0.9572 1.0000 0.0001 0.0011 0.0116 0.1253 1.0000 1.0000 0.0002 0.0017 0.0186 0.2083 1.0000 1.0000 0.0003 0.0031 0.0357 0.4075 1.0000 1.0000 0.0006 0.0065 0.0756 0.8720 1.0000 0.0001 0.0012 0.0144 0.1661 1.0000 1.0000 0.0002 0.0027 0.0317 0.3671 1.0000 1.0000 0.0005 0.0059 0.0614 0.2744 0.0614 0.0059 0.0005 1.0000 1.0000 0.3671 0.0317 0.0027 0.0002 1.0000 1.0000 0.1661 0.0144 0.0012 0.0001 1.0000 0.8720 0.0756 0.0065 0.0006 1.0000 1.0000 0.4075 0.0357 0.0031 0.0003 1.0000 1.0000 0.2083 0.0186 0.0017 0.0002 1.0000 1.0000 0.1253 0.0116 0.0011 0.0001 1.0000 0.9572 0.0900 0.0085 0.0008 0.0001 1.0000 0.7376 0.0699 0.0066 0.0006 1.0000
0.0006 0.0073 0.0766 0.8082 1.0000 0.0001 0.0009 0.0093 0.0983 1.0000 1.0000 0.0001 0.0012 0.0123 0.1319 1.0000 1.0000 0.0002 0.0017 0.0186 0.2059 1.0000 1.0000 0.0003 0.0030 0.0338 0.3842 1.0000 1.0000 0.0005 0.0061 0.0696 0.8020 1.0000 0.0001 0.0011 0.0131 0.1519 1.0000 1.0000 0.0002 0.0025 0.0290 0.3357 1.0000 1.0000 0.0005 0.0055 0.0625 0.6494 1.0000 0.6494 0.0625 0.0055 0.0005 1.0000 1.0000 0.3357 0.0290 0.0025 0.0002 1.0000 1.0000 0.1519 0.0131 0.0011 0.0001 1.0000 0.8020 0.0696 0.0061 0.0005 1.0000 1.0000 0.3842 0.0338 0.0030 0.0003 1.0000 1.0000 0.2059 0.0186 0.0017 0.0002 1.0000 1.0000 0.1319 0.0123 0.0012 0.0001 1.0000 1.0000 0.0983 0.0093 0.0009 0.0001 1.0000 0.8082 0.0766 0.0073 0.0006
0.0073 0.0841 0.8854 1.0000 0.0001 0.0010 0.0102 0.1072 1.0000 1.0000 0.0001 0.0012 0.0132 0.1410 1.0000 1.0000 0.0002 0.0017 0.0190 0.2083 1.0000 1.0000 0.0003 0.0029 0.0325 0.3671 1.0000 1.0000 0.0005 0.0057 0.0647 0.7419 1.0000 0.0001 0.0010 0.0121 0.1392 1.0000 1.0000 0.0002 0.0023 0.0266 0.3070 1.0000 1.0000 0.0004 0.0051 0.0582 0.6606 1.0000 1.0000 1.0000 0.6606 0.0582 0.0051 0.0004 1.0000 1.0000 0.3070 0.0266 0.0023 0.0002 1.0000 1.0000 0.1392 0.0121 0.0010 0.0001 1.0000 0.7419 0.0647 0.0057 0.0005 1.0000 1.0000 0.3671 0.0325 0.0029 0.0003 1.0000 1.0000 0.2083 0.0190 0.0017 0.0002 1.0000 1.0000 0.1410 0.0132 0.0012 0.0001 1.0000 1.0000 0.1072 0.0102 0.0010 0.0001 1.0000 0.8854 0.0841 0.0073
0.0847 0.9719 1.0000 0.0001 0.0011 0.0111 0.1175 1.0000 1.0000 0.0001 0.0014 0.0144 0.1525 1.0000 1.0000 0.0002 0.0018 0.0198 0.2147 1.0000 1.0000 0.0003 0.0029 0.0319 0.3561 1.0000 1.0000 0.0005 0.0053 0.0607 0.6928 1.0000 0.0001 0.0010 0.0111 0.1277 1.0000 1.0000 0.0002 0.0021 0.0243 0.2807 1.0000 1.0000 0.0004 0.0046 0.0535 0.6157 1.0000 1.0000 0.0003 1.0000 1.0000 0.6157 0.0535 0.0046 0.0004 1.0000 1.0000 0.2807 0.0243 0.0021 0.0002 1.0000 1.0000 0.1277 0.0111 0.0010 0.0001 1.0000 0.6928 0.0607 0.0053 0.0005 1.0000 1.0000 0.3561 0.0319 0.0029 0.0003 1.0000 1.0000 0.2147 0.0198 0.0018 0.0002 1.0000 1.0000 0.1525 0.0144 0.0014 0.0001 1.0000 1.0000 0.1175 0.0111 0.0011 0.0001 1.0000 0.9719 0.0847
0.9812 1.0000 0.0001 0.0012 0.0122 0.1287 1.0000 1.0000 0.0001 0.0015 0.0157 0.1658 1.0000 1.0000 0.0002 0.0020 0.0210 0.2251 1.0000 1.0000 0.0003 0.0029 0.0319 0.3527 1.0000 1.0000 0.0005 0.0051 0.0577 0.6544 1.0000 0.0001 0.0009 0.0103 0.1182 1.0000 1.0000 0.0002 0.0019 0.0222 0.2567 1.0000 1.0000 0.0004 0.0042 0.0490 0.5652 1.0000 0.0001 0.0007 0.0032 0.0007 0.0001 1.0000 0.5652 0.0490 0.0042 0.0004 1.0000 1.0000 0.2567 0.0222 0.0019 0.0002 1.0000 1.0000 0.1182 0.0103 0.0009 0.0001 1.0000 0.6544 0.0577 0.0051 0.0005 1.0000 1.0000 0.3527 0.0319 0.0029 0.0003 1.0000 1.0000 0.2251 0.0210 0.0020 0.0002 1.0000 1.0000 0.1658 0.0157 0.0015 0.0001 1.0000 1.0000 0.1287 0.0122 0.0012 0.0001 1.0000 0.9812
1.0000 0.0001 0.0013 0.0134 0.1413 1.0000 1.0000 0.0002 0.0016 0.0171 0.1809 1.0000 1.0000 0.0002 0.0021 0.0225 0.2397 1.0000 1.0000 0.0003 0.0030 0.0325 0.3561 1.0000 1.0000 0.0004 0.0050 0.0556 0.6264 1.0000 0.0001 0.0008 0.0096 0.1099 1.0000 1.0000 0.0002 0.0018 0.0204 0.2352 1.0000 1.0000 0.0003 0.0039 0.0448 0.5179 1.0000 1.0000 0.0007 0.0075 0.0335 0.0075 0.0007 1.0000 1.0000 0.5179 0.0448 0.0039 0.0003 1.0000 1.0000 0.2352 0.0204 0.0018 0.0002 1.0000 1.0000 0.1099 0.0096 0.0008 0.0001 1.0000 0.6264 0.0556 0.0050 0.0004 1.0000 1.0000 0.3561 0.0325 0.0030 0.0003 1.0000 1.0000 0.2397 0.0225 0.0021 0.0002 1.0000 1.0000 0.1809 0.0171 0.0016 0.0002 1.0000 1.0000 0.1413 0.0134 0.0013 0.0001 1.0000
0.0001 0.0014 0.0147 0.1548 1.0000 1.0000 0.0002 0.0018 0.0187 0.1978 1.0000 1.0000 0.0002 0.0023 0.0243 0.2582 1.0000 1.0000 0.0003 0.0031 0.0338 0.3671 1.0000 1.0000 0.0004 0.0049 0.0546 0.6099 1.0000 0.0001 0.0008 0.0091 0.1032 1.0000 1.0000 0.0001 0.0016 0.0188 0.2163 1.0000 1.0000 0.0003 0.0035 0.0410 0.4736 1.0000 1.0000 0.0007 0.0076 0.0793 0.3540 0.0793 0.0076 0.0007 1.0000 1.0000 0.4736 0.0410 0.0035 0.0003 1.0000 1.0000 0.2163 0.0188 0.0016 0.0001 1.0000 1.0000 0.1032 0.0091 0.0008 0.0001 1.0000 0.6099 0.0546 0.0049 0.0004 1.0000 1.0000 0.3671 0.0338 0.0031 0.0003 1.0000 1.0000 0.2582 0.0243 0.0023 0.0002 1.0000 1.0000 0.1978 0.0187 0.0018 0.0002 1.0000 1.0000 0.1548 0.0147 0.0014 0.0001
0.0014 0.0161 0.1699 1.0000 1.0000 0.0002 0.0019 0.0205 0.2167 1.0000 1.0000 0.0002 0.0025 0.0265 0.2802 1.0000 1.0000 0.0003 0.0033 0.0357 0.3842 1.0000 1.0000 0.0005 0.0050 0.0546 0.6041 1.0000 0.0001 0.0008 0.0087 0.0984 1.0000 1.0000 0.0001 0.0015 0.0174 0.2001 1.0000 1.0000 0.0003 0.0032 0.0375 0.4331 1.0000 1.0000 0.0006 0.0071 0.0806 0.8379 1.0000 0.8379 0.0806 0.0071 0.0006 1.0000 1.0000 0.4331 0.0375 0.0032 0.0003 1.0000 1.0000 0.2001 0.0174 0.0015 0.0001 1.0000 1.0000 0.0984 0.0087 0.0008 0.0001 1.0000 0.6041 0.0546 0.0050 0.0005 1.0000 1.0000 0.3842 0.0357 0.0033 0.0003 1.0000 1.0000 0.2802 0.0265 0.0025 0.0002 1.0000 1.0000 0.2167 0.0205 0.0019 0.0002 1.0000 1.0000 0.1699 0.0161 0.0014
0.0163 0.1862 1.0000 1.0000 0.0002 0.0021 0.0225 0.2375 1.0000 1.0000 0.0003 0.0027 0.0289 0.3058 1.0000 1.0000 0.0003 0.0036 0.0382 0.4075 1.0000 1.0000 0.0005 0.0051 0.0556 0.6099 1.0000 0.0001 0.0008 0.0085 0.0951 1.0000 1.0000 0.0001 0.0014 0.0163 0.1865 1.0000 1.0000 0.0003 0.0030 0.0345 0.3968 1.0000 1.0000 0.0006 0.0065 0.0751 0.8524 1.0000 1.0000 1.0000 0.8524 0.0751 0.0065 0.0006 1.0000 1.0000 0.3968 0.0345 0.0030 0.0003 1.0000 1.0000 0.1865 0.0163 0.0014 0.0001 1.0000 1.0000 0.0951 0.0085 0.0008 0.0001 1.0000 0.6099 0.0556 0.0051 0.0005 1.0000 1.0000 0.4075 0.0382 0.0036 0.0003 1.0000 1.0000 0.3058 0.0289 0.0027 0.0003 1.0000 1.0000 0.2375 0.0225 0.0021 0.0002 1.0000 1.0000 0.1862 0.0163
0.1879 1.0000 1.0000 0.0002 0.0023 0.0247 0.2606 1.0000 1.0000 0.0003 0.0030 0.0316 0.3344 1.0000 1.0000 0.0004 0.0039 0.0412 0.4381 1.0000 1.0000 0.0005 0.0053 0.0577 0.6264 1.0000 0.0001 0.0008 0.0084 0.0933 1.0000 1.0000 0.0001 0.0014 0.0155 0.1758 1.0000 1.0000 0.0002 0.0028 0.0318 0.3657 1.0000 1.0000 0.0005 0.0060 0.0690 0.7944 1.0000 0.0001 0.0004 0.0001 1.0000 0.7944 0.0690 0.0060 0.0005 1.0000 1.0000 0.3657 0.0318 0.0028 0.0002 1.0000 1.0000 0.1758 0.0155 0.0014 0.0001 1.0000 1.0000 0.0933 0.0084 0.0008 0.0001 1.0000 0.6264 0.0577 0.0053 0.0005 1.0000 1.0000 0.4381 0.0412 0.0039 0.0004 1.0000 1.0000 0.3344 0.0316 0.0030 0.0003 1.0000 1.0000 0.2606 0.0247 0.0023 0.0002 1.0000 1.0000 0.1879
1.0000 1.0000 0.0002 0.0026 0.0271 0.2856 1.0000 1.0000 0.0003 0.0033 0.0346 0.3657 1.0000 1.0000 0.0004 0.0042 0.0447 0.4745 1.0000 1.0000 0.0005 0.0057 0.0607 0.6544 1.0000 0.0001 0.0008 0.0085 0.0933 1.0000 1.0000 0.0001 0.0013 0.0148 0.1677 1.0000 1.0000 0.0002 0.0026 0.0296 0.3389 1.0000 1.0000 0.0005 0.0055 0.0633 0.7307 1.0000 0.0001 0.0009 0.0041 0.0009 0.0001 1.0000 0.7307 0.0633 0.0055 0.0005 1.0000 1.0000 0.3389 0.0296 0.0026 0.0002 1.0000 1.0000 0.1677 0.0148 0.0013 0.0001 1.0000 1.0000 0.0933 0.0085 0.0008 0.0001 1.0000 0.6544 0.0607 0.0057 0.0005 1.0000 1.0000 0.4745 0.0447 0.0042 0.0004 1.0000 1.0000 0.3657 0.0346 0.0033 0.0003 1.0000 1.0000 0.2856 0.0271 0.0026 0.0002 1.0000 1.0000
1.0000 0.0003 0.0028 0.0297 0.3135 1.0000 1.0000 0.0003 0.0036 0.0379 0.3998 1.0000 1.0000 0.0004 0.0046 0.0488 0.5159 1.0000 1.0000 0.0006 0.0061 0.0647 0.6928 1.0000 0.0001 0.0008 0.0087 0.0951 1.0000 1.0000 0.0001 0.0013 0.0145 0.1620 1.0000 1.0000 0.0002 0.0024 0.0277 0.3164 1.0000 1.0000 0.0004 0.0051 0.0582 0.6707 1.0000 0.0001 0.0009 0.0097 0.0432 0.0097 0.0009 0.0001 1.0000 0.6707 0.0582 0.0051 0.0004 1.0000 1.0000 0.3164 0.0277 0.0024 0.0002 1.0000 1.0000 0.1620 0.0145 0.0013 0.0001 1.0000 1.0000 0.0951 0.0087 0.0008 0.0001 1.0000 0.6928 0.0647 0.0061 0.0006 1.0000 1.0000 0.5159 0.0488 0.0046 0.0004 1.0000 1.0000 0.3998 0.0379 0.0036 0.0003 1.0000 1.0000 0.3135 0.0297 0.0028 0.0003 1.0000
0.0003 0.0031 0.0325 0.3434 1.0000 1.0000 0.0004 0.0039 0.0415 0.4381 1.0000 1.0000 0.0005 0.0050 0.0534 0.5641 1.0000 1.0000 0.0006 0.0065 0.0696 0.7419 1.0000 0.0001 0.0008 0.0091 0.0984 1.0000 1.0000 0.0001 0.0013 0.0144 0.1593 1.0000 1.0000 0.0002 0.0023 0.0264 0.2989 1.0000 1.0000 0.0004 0.0047 0.0539 0.6181 1.0000 0.0001 0.0009 0.0098 0.1023 0.4568 0.1023 0.0098 0.0009 0.0001 1.0000 0.6181 0.0539 0.0047 0.0004 1.0000 1.0000 0.2989 0.0264 0.0023 0.0002 1.0000 1.0000 0.1593 0.0144 0.0013 0.0001 1.0000 1.0000 0.0984 0.0091 0.0008 0.0001 1.0000 0.7419 0.0696 0.0065 0.0006 1.0000 1.0000 0.5641 0.0534 0.0050 0.0005 1.0000 1.0000 0.4381 0.0415 0.0039 0.0004 1.0000 1.0000 0.3434 0.0325 0.0031 0.0003
0.0031 0.0357 0.3770 1.0000 1.0000 0.0004 0.0043 0.0456 0.4809 1.0000 1.0000 0.0005 0.0055 0.0583 0.6169 1.0000 1.0000 0.0007 0.0071 0.0756 0.8020 1.0000 0.0001 0.0009 0.0096 0.1032 1.0000 1.0000 0.0001 0.0013 0.0145 0.1593 1.0000 1.0000 0.0002 0.0023 0.0253 0.2856 1.0000 1.0000 0.0004 0.0044 0.0501 0.5739 1.0000 0.0001 0.0008 0.0092 0.1044 1.0000 1.0000 1.0000 0.1044 0.0092 0.0008 0.0001 1.0000 0.5739 0.0501 0.0044 0.0004 1.0000 1.0000 0.2856 0.0253 0.0023 0.0002 1.0000 1.0000 0.1593 0.0145 0.0013 0.0001 1.0000 1.0000 0.1032 0.0096 0.0009 0.0001 1.0000 0.8020 0.0756 0.0071 0.0007 1.0000 1.0000 0.6169 0.0583 0.0055 0.0005 1.0000 1.0000 0.4809 0.0456 0.0043 0.0004 1.0000 1.0000 0.3770 0.0357 0.0031
0.0360 0.4130 1.0000 1.0000 0.0004 0.0047 0.0499 0.5268 1.0000 1.0000 0.0006 0.0060 0.0638 0.6746 1.0000 0.0001 0.0007 0.0078 0.0825 0.8720 1.0000 0.0001 0.0010 0.0103 0.1099 1.0000 1.0000 0.0001 0.0014 0.0148 0.1620 1.0000 1.0000 0.0002 0.0022 0.0247 0.2765 1.0000 1.0000 0.0004 0.0041 0.0472 0.5369 1.0000 1.0000 0.0007 0.0085 0.0981 1.0000 1.0000 1.0000 1.0000 1.0000 0.0981 0.0085 0.0007 1.0000 1.0000 0.5369 0.0472 0.0041 0.0004 1.0000 1.0000 0.2765 0.0247 0.0022 0.0002 1.0000 1.0000 0.1620 0.0148 0.0014 0.0001 1.0000 1.0000 0.1099 0.0103 0.0010 0.0001 1.0000 0.8720 0.0825 0.0078 0.0007 0.0001 1.0000 0.6746 0.0638 0.0060 0.0006 1.0000 1.0000 0.5268 0.0499 0.0047 0.0004 1.0000 1.0000 0.4130 0.0360
0.4169 1.0000 1.0000 0.0005 0.0052 0.0548 0.5783 1.0000 1.0000 0.0006 0.0066 0.0699 0.7376 1.0000 0.0001 0.0008 0.0085 0.0900 0.9518 1.0000 0.0001 0.0010 0.0111 0.1182 1.0000 1.0000 0.0001 0.0014 0.0155 0.1677 1.0000 1.0000 0.0002 0.0022 0.0245 0.2718 1.0000 1.0000 0.0004 0.0040 0.0448 0.5081 1.0000 1.0000 0.0007 0.0080 0.0911 1.0000 1.0000 0.0001 0.0005 0.0001 1.0000 1.0000 0.0911 0.0080 0.0007 1.0000 1.0000 0.5081 0.0448 0.0040 0.0004 1.0000 1.0000 0.2718 0.0245 0.0022 0.0002 1.0000 1.0000 0.1677 0.0155 0.0014 0.0001 1.0000 1.0000 0.1182 0.0111 0.0010 0.0001 1.0000 0.9518 0.0900 0.0085 0.0008 0.0001 1.0000 0.7376 0.0699 0.0066 0.0006 1.0000 1.0000 0.5783 0.0548 0.0052 0.0005 1.0000 1.0000 0.4169
1.0000 1.0000 0.0005 0.0057 0.0600 0.6335 1.0000 1.0000 0.0007 0.0073 0.0766 0.8082 1.0000 0.0001 0.0009 0.0093 0.0984 1.0000 1.0000 0.0001 0.0011 0.0121 0.1277 1.0000 1.0000 0.0001 0.0015 0.0163 0.1758 1.0000 1.0000 0.0002 0.0023 0.0247 0.2718 1.0000 1.0000 0.0003 0.0038 0.0431 0.4854 1.0000 1.0000 0.0007 0.0075 0.0850 0.9719 1.0000 0.0001 0.0012 0.0053 0.0012 0.0001 1.0000 0.9719 0.0850 0.0075 0.0007 1.0000 1.0000 0.4854 0.0431 0.0038 0.0003 1.0000 1.0000 0.2718 0.0247 0.0023 0.0002 1.0000 1.0000 0.1758 0.0163 0.0015 0.0001 1.0000 1.0000 0.1277 0.0121 0.0011 0.0001 1.0000 1.0000 0.0984 0.0093 0.0009 0.0001 1.0000 0.8082 0.0766 0.0073 0.0007 1.0000 1.0000 0.6335 0.0600 0.0057 0.0005 1.0000 1.0000
1.0000 0.0006 0.0062 0.0658 0.6941 1.0000 0.0001 0.0008 0.0080 0.0841 0.8871 1.0000 0.0001 0.0010 0.0102 0.1076 1.0000 1.0000 0.0001 0.0012 0.0131 0.1392 1.0000 1.0000 0.0002 0.0016 0.0174 0.1865 1.0000 1.0000 0.0002 0.0023 0.0253 0.2765 1.0000 1.0000 0.0003 0.0038 0.0421 0.4709 1.0000 1.0000 0.0006 0.0070 0.0800 0.9110 1.0000 0.0001 0.0012 0.0127 0.0566 0.0127 0.0012 0.0001 1.0000 0.9110 0.0800 0.0070 0.0006 1.0000 1.0000 0.4709 0.0421 0.0038 0.0003 1.0000 1.0000 0.2765 0.0253 0.0023 0.0002 1.0000 1.0000 0.1865 0.0174 0.0016 0.0002 1.0000 1.0000 0.1392 0.0131 0.0012 0.0001 1.0000 1.0000 0.1076 0.0102 0.0010 0.0001 1.0000 0.8871 0.0841 0.0080 0.0008 0.0001 1.0000 0.6941 0.0658 0.0062 0.0006 1.0000
0.0006 0.0068 0.0722 0.7619 1.0000 0.0001 0.0008 0.0087 0.0921 0.9719 1.0000 0.0001 0.0011 0.0112 0.1177 1.0000 1.0000 0.0001 0.0014 0.0144 0.1519 1.0000 1.0000 0.0002 0.0018 0.0188 0.2001 1.0000 1.0000 0.0002 0.0024 0.0264 0.2856 1.0000 1.0000 0.0003 0.0038 0.0418 0.4638 1.0000 1.0000 0.0006 0.0067 0.0762 0.8621 1.0000 0.0001 0.0012 0.0132 0.1358 0.6041 0.1358 0.0132 0.0012 0.0001 1.0000 0.8621 0.0762 0.0067 0.0006 1.0000 1.0000 0.4638 0.0418 0.0038 0.0003 1.0000 1.0000 0.2856 0.0264 0.0024 0.0002 1.0000 1.0000 0.2001 0.0188 0.0018 0.0002 1.0000 1.0000 0.1519 0.0144 0.0014 0.0001 1.0000 1.0000 0.1177 0.0112 0.0011 0.0001 1.0000 0.9719 0.0921 0.0087 0.0008 0.0001 1.0000 0.7619 0.0722 0.0068 0.0006
0.0069 0.0791 0.8347 1.0000 0.0001 0.0009 0.0096 0.1011 1.0000 1.0000 0.0001 0.0012 0.0122 0.1290 1.0000 1.0000 0.0001 0.0015 0.0157 0.1661 1.0000 1.0000 0.0002 0.0019 0.0204 0.2163 1.0000 1.0000 0.0002 0.0026 0.0277 0.2989 1.0000 1.0000 0.0004 0.0038 0.0421 0.4638 1.0000 1.0000 0.0006 0.0065 0.0733 0.8252 1.0000 0.0001 0.0011 0.0126 0.1408 1.0000 1.0000 1.0000 0.1408 0.0126 0.0011 0.0001 1.0000 0.8252 0.0733 0.0065 0.0006 1.0000 1.0000 0.4638 0.0421 0.0038 0.0004 1.0000 1.0000 0.2989 0.0277 0.0026 0.0002 1.0000 1.0000 0.2163 0.0204 0.0019 0.0002 1.0000 1.0000 0.1661 0.0157 0.0015 0.0001 1.0000 1.0000 0.1290 0.0122 0.0012 0.0001 1.0000 1.0000 0.1011 0.0096 0.0009 0.0001 1.0000 0.8347 0.0791 0.0069
0.0799 0.9162 1.0000 0.0001 0.0010 0.0105 0.1108 1.0000 1.0000 0.0001 0.0013 0.0134 0.1413 1.0000 1.0000 0.0002 0.0016 0.0172 0.1816 1.0000 1.0000 0.0002 0.0021 0.0222 0.2352 1.0000 1.0000 0.0003 0.0028 0.0296 0.3164 1.0000 1.0000 0.0004 0.0040 0.0431 0.4709 1.0000 1.0000 0.0006 0.0064 0.0717 0.8005 1.0000 0.0001 0.0011 0.0119 0.1352 1.0000 1.0000 1.0000 1.0000 1.0000 0.1352 0.0119 0.0011 0.0001 1.0000 0.8005 0.0717 0.0064 0.0006 1.0000 1.0000 0.4709 0.0431 0.0040 0.0004 1.0000 1.0000 0.3164 0.0296 0.0028 0.0003 1.0000 1.0000 0.2352 0.0222 0.0021 0.0002 1.0000 1.0000 0.1816 0.0172 0.0016 0.0002 1.0000 1.0000 0.1413 0.0134 0.0013 0.0001 1.0000 1.0000 0.1108 0.0105 0.0010 0.0001 1.0000 0.9162 0.0799
0.9250 1.0000 0.0001 0.0011 0.0115 0.1213 1.0000 1.0000 0.0001 0.0014 0.0147 0.1551 1.0000 1.0000 0.0002 0.0018 0.0188 0.1986 1.0000 1.0000 0.0002 0.0023 0.0243 0.2567 1.0000 1.0000 0.0003 0.0030 0.0318 0.3389 1.0000 1.0000 0.0004 0.0041 0.0448 0.4854 1.0000 1.0000 0.0006 0.0064 0.0711 0.7884 1.0000 0.0001 0.0010 0.0115 0.1292 1.0000 1.0000 0.0002 0.0007 0.0002 1.0000 1.0000 0.1292 0.0115 0.0010 0.0001 1.0000 0.7884 0.0711 0.0064 0.0006 1.0000 1.0000 0.4854 0.0448 0.0041 0.0004 1.0000 1.0000 0.3389 0.0318 0.0030 0.0003 1.0000 1.0000 0.2567 0.0243 0.0023 0.0002 1.0000 1.0000 0.1986 0.0188 0.0018 0.0002 1.0000 1.0000 0.1551 0.0147 0.0014 0.0001 1.0000 1.0000 0.1213 0.0115 0.0011 0.0001 1.0000 0.9250
1.0000 0.0001 0.0012 0.0126 0.1332 1.0000 1.0000 0.0001 0.0015 0.0161 0.1699 1.0000 1.0000 0.0002 0.0019 0.0206 0.2172 1.0000 1.0000 0.0002 0.0025 0.0266 0.2807 1.0000 1.0000 0.0003 0.0032 0.0345 0.3657 1.0000 1.0000 0.0004 0.0044 0.0472 0.5081 1.0000 1.0000 0.0006 0.0065 0.0717 0.7884 1.0000 0.0001 0.0010 0.0111 0.1246 1.0000 1.0000 0.0002 0.0017 0.0074 0.0017 0.0002 1.0000 1.0000 0.1246 0.0111 0.0010 0.0001 1.0000 0.7884 0.0717 0.0065 0.0006 1.0000 1.0000 0.5081 0.0472 0.0044 0.0004 1.0000 1.0000 0.3657 0.0345 0.0032 0.0003 1.0000 1.0000 0.2807 0.0266 0.0025 0.0002 1.0000 1.0000 0.2172 0.0206 0.0019 0.0002 1.0000 1.0000 0.1699 0.0161 0.0015 0.0001 1.0000 1.0000 0.1332 0.0126 0.0012 0.0001 1.0000
0.0001 0.0013 0.0138 0.1459 1.0000 1.0000 0.0002 0.0017 0.0176 0.1862 1.0000 1.0000 0.0002 0.0021 0.0225 0.2379 1.0000 1.0000 0.0003 0.0027 0.0290 0.3070 1.0000 1.0000 0.0003 0.0035 0.0375 0.3968 1.0000 1.0000 0.0004 0.0047 0.0501 0.5369 1.0000 1.0000 0.0006 0.0067 0.0733 0.8005 1.0000 0.0001 0.0010 0.0109 0.1218 1.0000 1.0000 0.0002 0.0018 0.0179 0.0793 0.0179 0.0018 0.0002 1.0000 1.0000 0.1218 0.0109 0.0010 0.0001 1.0000 0.8005 0.0733 0.0067 0.0006 1.0000 1.0000 0.5369 0.0501 0.0047 0.0004 1.0000 1.0000 0.3968 0.0375 0.0035 0.0003 1.0000 1.0000 0.3070 0.0290 0.0027 0.0003 1.0000 1.0000 0.2379 0.0225 0.0021 0.0002 1.0000 1.0000 0.1862 0.0176 0.0017 0.0002 1.0000 1.0000 0.1459 0.0138 0.0013 0.0001
0.0013 0.0152 0.1602 1.0000 1.0000 0.0002 0.0018 0.0194 0.2043 1.0000 1.0000 0.0002 0.0023 0.0247 0.2606 1.0000 1.0000 0.0003 0.0030 0.0317 0.3357 1.0000 1.0000 0.0004 0.0039 0.0410 0.4331 1.0000 1.0000 0.0005 0.0051 0.0539 0.5739 1.0000 1.0000 0.0007 0.0070 0.0762 0.8252 1.0000 0.0001 0.0010 0.0109 0.1209 1.0000 1.0000 0.0002 0.0017 0.0190 0.1941 0.8572 0.1941 0.0190 0.0017 0.0002 1.0000 1.0000 0.1209 0.0109 0.0010 0.0001 1.0000 0.8252 0.0762 0.0070 0.0007 1.0000 1.0000 0.5739 0.0539 0.0051 0.0005 1.0000 1.0000 0.4331 0.0410 0.0039 0.0004 1.0000 1.0000 0.3357 0.0317 0.0030 0.0003 1.0000 1.0000 0.2606 0.0247 0.0023 0.0002 1.0000 1.0000 0.2043 0.0194 0.0018 0.0002 1.0000 1.0000 0.1602 0.0152 0.0013
0.0153 0.1755 1.0000 1.0000 0.0002 0.0020 0.0212 0.2239 1.0000 1.0000 0.0002 0.0026 0.0271 0.2861 1.0000 1.0000 0.0003 0.0033 0.0347 0.3671 1.0000 1.0000 0.0004 0.0042 0.0448 0.4736 1.0000 1.0000 0.0005 0.0055 0.0582 0.6181 1.0000 1.0000 0.0007 0.0075 0.0800 0.8621 1.0000 0.0001 0.0010 0.0111 0.1218 1.0000 1.0000 0.0002 0.0017 0.0189 0.2075 1.0000 1.0000 1.0000 0.2075 0.0189 0.0017 0.0002 1.0000 1.0000 0.1218 0.0111 0.0010 0.0001 1.0000 0.8621 0.0800 0.0075 0.0007 1.0000 1.0000 0.6181 0.0582 0.0055 0.0005 1.0000 1.0000 0.4736 0.0448 0.0042 0.0004 1.0000 1.0000 0.3671 0.0347 0.0033 0.0003 1.0000 1.0000 0.2861 0.0271 0.0026 0.0002 1.0000 1.0000 0.2239 0.0212 0.0020 0.0002 1.0000 1.0000 0.1755 0.0153
0.1772 1.0000 1.0000 0.0002 0.0022 0.0233 0.2457 1.0000 1.0000 0.0003 0.0028 0.0297 0.3135 1.0000 1.0000 0.0003 0.0036 0.0380 0.4014 1.0000 1.0000 0.0004 0.0046 0.0490 0.5179 1.0000 1.0000 0.0006 0.0060 0.0633 0.6707 1.0000 0.0001 0.0007 0.0080 0.0850 0.9110 1.0000 0.0001 0.0011 0.0115 0.1246 1.0000 1.0000 0.0002 0.0017 0.0186 0.2067 1.0000 1.0000 0.0001 1.0000 1.0000 0.2067 0.0186 0.0017 0.0002 1.0000 1.0000 0.1246 0.0115 0.0011 0.0001 1.0000 0.9110 0.0850 0.0080 0.0007 0.0001 1.0000 0.6707 0.0633 0.0060 0.0006 1.0000 1.0000 0.5179 0.0490 0.0046 0.0004 1.0000 1.0000 0.4014 0.0380 0.0036 0.0003 1.0000 1.0000 0.3135 0.0297 0.0028 0.0003 1.0000 1.0000 0.2457 0.0233 0.0022 0.0002 1.0000 1.0000 0.1772
1.0000 1.0000 0.0002 0.0024 0.0255 0.2692 1.0000 1.0000 0.0003 0.0031 0.0325 0.3434 1.0000 1.0000 0.0004 0.0039 0.0415 0.4389 1.0000 1.0000 0.0005 0.0051 0.0535 0.5652 1.0000 1.0000 0.0006 0.0065 0.0690 0.7307 1.0000 0.0001 0.0008 0.0085 0.0911 0.9719 1.0000 0.0001 0.0011 0.0119 0.1292 1.0000 1.0000 0.0002 0.0017 0.0186 0.2055 1.0000 1.0000 0.0002 0.0010 0.0002 1.0000 1.0000 0.2055 0.0186 0.0017 0.0002 1.0000 1.0000 0.1292 0.0119 0.0011 0.0001 1.0000 0.9719 0.0911 0.0085 0.0008 0.0001 1.0000 0.7307 0.0690 0.0065 0.0006 1.0000 1.0000 0.5652 0.0535 0.0051 0.0005 1.0000 1.0000 0.4389 0.0415 0.0039 0.0004 1.0000 1.0000 0.3434 0.0325 0.0031 0.0003 1.0000 1.0000 0.2692 0.0255 0.0024 0.0002 1.0000 1.0000
1.0000 0.0003 0.0026 0.0278 0.2938 1.0000 1.0000 0.0003 0.0034 0.0355 0.3748 1.0000 1.0000 0.0004 0.0043 0.0453 0.4781 1.0000 1.0000 0.0005 0.0055 0.0582 0.6157 1.0000 1.0000 0.0007 0.0071 0.0751 0.7944 1.0000 0.0001 0.0009 0.0092 0.0981 1.0000 1.0000 0.0001 0.0012 0.0126 0.1352 1.0000 1.0000 0.0002 0.0017 0.0189 0.2067 1.0000 1.0000 0.0003 0.0025 0.0112 0.0025 0.0003 1.0000 1.0000 0.2067 0.0189 0.0017 0.0002 1.0000 1.0000 0.1352 0.0126 0.0012 0.0001 1.0000 1.0000 0.0981 0.0092 0.0009 0.0001 1.0000 0.7944 0.0751 0.0071 0.0007 1.0000 1.0000 0.6157 0.0582 0.0055 0.0005 1.0000 1.0000 0.4781 0.0453 0.0043 0.0004 1.0000 1.0000 0.3748 0.0355 0.0034 0.0003 1.0000 1.0000 0.2938 0.0278 0.0026 0.0003 1.0000
0.0002 0.0028 0.0299 0.3158 1.0000 1.0000 0.0003 0.0036 0.0382 0.4029 1.0000 1.0000 0.0004 0.0046 0.0487 0.5139 1.0000 1.0000 0.0006 0.0059 0.0625 0.6606 1.0000 0.0001 0.0007 0.0076 0.0806 0.8524 1.0000 0.0001 0.0009 0.0098 0.1044 1.0000 1.0000 0.0001 0.0012 0.0132 0.1408 1.0000 1.0000 0.0002 0.0018 0.0190 0.2075 1.0000 1.0000 0.0003 0.0027 0.0275 0.1209 0.0275 0.0027 0.0003 1.0000 1.0000 0.2075 0.0190 0.0018 0.0002 1.0000 1.0000 0.1408 0.0132 0.0012 0.0001 1.0000 1.0000 0.1044 0.0098 0.0009 0.0001 1.0000 0.8524 0.0806 0.0076 0.0007 0.0001 1.0000 0.6606 0.0625 0.0059 0.0006 1.0000 1.0000 0.5139 0.0487 0.0046 0.0004 1.0000 1.0000 0.4029 0.0382 0.0036 0.0003 1.0000 1.0000 0.3158 0.0299 0.0028 0.0002
0.0025 0.0294 0.3105 1.0000 1.0000 0.0003 0.0036 0.0376 0.3968 1.0000 1.0000 0.0004 0.0045 0.0480 0.5062 1.0000 1.0000 0.0006 0.0058 0.0614 0.6494 1.0000 1.0000 0.0007 0.0075 0.0793 0.8379 1.0000 0.0001 0.0009 0.0097 0.1023 1.0000 1.0000 0.0001 0.0012 0.0127 0.1358 1.0000 1.0000 0.0002 0.0017 0.0179 0.1941 1.0000 1.0000 0.0002 0.0025 0.0275 0.2760 1.0000 0.2760 0.0275 0.0025 0.0002 1.0000 1.0000 0.1941 0.0179 0.0017 0.0002 1.0000 1.0000 0.1358 0.0127 0.0012 0.0001 1.0000 1.0000 0.1023 0.0097 0.0009 0.0001 1.0000 0.8379 0.0793 0.0075 0.0007 1.0000 1.0000 0.6494 0.0614 0.0058 0.0006 1.0000 1.0000 0.5062 0.0480 0.0045 0.0004 1.0000 1.0000 0.3968 0.0376 0.0036 0.0003 1.0000 1.0000 0.3105 0.0294 0.0025
0.0118 0.1324 1.0000 1.0000 0.0001 0.0015 0.0159 0.1680 1.0000 1.0000 0.0002 0.0019 0.0203 0.2143 1.0000 1.0000 0.0002 0.0025 0.0260 0.2744 1.0000 1.0000 0.0003 0.0032 0.0335 0.3540 1.0000 1.0000 0.0004 0.0041 0.0432 0.4568 1.0000 1.0000 0.0005 0.0053 0.0566 0.6041 1.0000 1.0000 0.0007 0.0074 0.0793 0.8572 1.0000 0.0001 0.0010 0.0112 0.1209 1.0000 1.0000 1.0000 0.1209 0.0112 0.0010 0.0001 1.0000 0.8572 0.0793 0.0074 0.0007 1.0000 1.0000 0.6041 0.0566 0.0053 0.0005 1.0000 1.0000 0.4568 0.0432 0.0041 0.0004 1.0000 1.0000 0.3540 0.0335 0.0032 0.0003 1.0000 1.0000 0.2744 0.0260 0.0025 0.0002 1.0000 1.0000 0.2143 0.0203 0.0019 0.0002 1.0000 1.0000 0.1680 0.0159 0.0015 0.0001 1.0000 1.0000 0.1324 0.0118
0.0025 0.0294 0.3105 1.0000 1.0000 0.0003 0.0036 0.0376 0.3968 1.0000 1.0000 0.0004 0.0045 0.0480 0.5062 1.0000 1.0000 0.0006 0.0058 0.0614 0.6494 1.0000 1.0000 0.0007 0.0075 0.0793 0.8379 1.0000 0.0001 0.0009 0.0097 0.1023 1.0000 1.0000 0.0001 0.0012 0.0127 0.1358 1.0000 1.0000 0.0002 0.0017 0.0179 0.1941 1.0000 1.0000 0.0002 0.0025 0.0275 0.2760 1.0000 0.2760 0.0275 0.0025 0.0002 1.0000 1.0000 0.1941 0.0179 0.0017 0.0002 1.0000 1.0000 0.1358 0.0127 0.0012 0.0001 1.0000 1.0000 0.1023 0.0097 0.0009 0.0001 1.0000 0.8379 0.0793 0.0075 0.0007 1.0000 1.0000 0.6494 0.0614 0.0058 0.0006 1.0000 1.0000 0.5062 0.0480 0.0045 0.0004 1.0000 1.0000 0.3968 0.0376 0.0036 0.0003 1.0000 1.0000 0.3105 0.0294 0.0025
0.0002 0.0028 0.0299 0.3158 1.0000 1.0000 0.0003 0.0036 0.0382 0.4029 1.0000 1.0000 0.0004 0.0046 0.0487 0.5139 1.0000 1.0000 0.0006 0.0059 0.0625 0.6606 1.0000 0.0001 0.0007 0.0076 0.0806 0.8524 1.0000 0.0001 0.0009 0.0098 0.1044 1.0000 1.0000 0.0001 0.0012 0.0132 0.1408 1.0000 1.0000 0.0002 0.0018 0.0190 0.2075 1.0000 1.0000 0.0003 0.0027 0.0275 0.1209 0.0275 0.0027 0.0003 1.0000 1.0000 0.2075 0.0190 0.0018 0.0002 1.0000 1.0000 0.1408 0.0132 0.0012 0.0001 1.0000 1.0000 0.1044 0.0098 0.0009 0.0001 1.0000 0.8524 0.0806 0.0076 0.0007 0.0001 1.0000 0.6606 0.0625 0.0059 0.0006 1.0000 1.0000 0.5139 0.0487 0.0046 0.0004 1.0000 1.0000 0.4029 0.0382 0.0036 0.0003 1.0000 1.0000 0.3158 0.0299 0.0028 0.0002
1.0000 0.0003 0.0026 0.0278 0.2938 1.0000 1.0000 0.0003 0.0034 0.0355 0.3748 1.0000 1.0000 0.0004 0.0043 0.0453 0.4781 1.0000 1.0000 0.0005 0.0055 0.0582 0.6157 1.0000 1.0000 0.0007 0.0071 0.0751 0.7944 1.0000 0.0001 0.0009 0.0092 0.0981 1.0000 1.0000 0.0001 0.0012 0.0126 0.1352 1.0000 1.0000 0.0002 0.0017 0.0189 0.2067 1.0000 1.0000 0.0003 0.0025 0.0112 0.0025 0.0003 1.0000 1.0000 0.2067 0.0189 0.0017 0.0002 1.0000 1.0000 0.1352 0.0126 0.0012 0.0001 1.0000 1.0000 0.0981 0.0092 0.0009 0.0001 1.0000 0.7944 0.0751 0.0071 0.0007 1.0000 1.0000 0.6157 0.0582 0.0055 0.0005 1.0000 1.0000 0.4781 0.0453 0.0043 0.0004 1.0000 1.0000 0.3748 0.0355 0.0034 0.0003 1.0000 1.0000 0.2938 0.0278 0.0026 0.0003 1.0000
1.0000 1.0000 0.0002 0.0024 0.0255 0.2692 1.0000 1.0000 0.0003 0.0031 0.0325 0.3434 1.0000 1.0000 0.0004 0.0039 0.0415 0.4389 1.0000 1.0000 0.0005 0.0051 0.0535 0.5652 1.0000 1.0000 0.0006 0.0065 0.0690 0.7307 1.0000 0.0001 0.0008 0.0085 0.0911 0.9719 1.0000 0.0001 0.0011 0.0119 0.1292 1.0000 1.0000 0.0002 0.0017 0.0186 0.2055 1.0000 1.0000 0.0002 0.0010 0.0002 1.0000 1.0000 0.2055 0.0186 0.0017 0.0002 1.0000 1.0000 0.1292 0.0119 0.0011 0.0001 1.0000 0.9719 0.0911 0.0085 0.0008 0.0001 1.0000 0.7307 0.0690 0.0065 0.0006 1.0000 1.0000 0.5652 0.0535 0.0051 0.0005 1.0000 1.0000 0.4389 0.0415 0.0039 0.0004 1.0000 1.0000 0.3434 0.0325 0.0031 0.0003 1.0000 1.0000 0.2692 0.0255 0.0024 0.0002 1.0000 1.0000
0.1772 1.0000 1.0000 0.0002 0.0022 0.0233 0.2457 1.0000 1.0000 0.0003 0.0028 0.0297 0.3135 1.0000 1.0000 0.0003 0.0036 0.0380 0.4014 1.0000 1.0000 0.0004 0.0046 0.0490 0.5179 1.0000 1.0000 0.0006 0.0060 0.0633 0.6707 1.0000 0.0001 0.0007 0.0080 0.0850 0.9110 1.0000 0.0001 0.0011 0.0115 0.1246 1.0000 1.0000 0.0002 0.0017 0.0186 0.2067 1.0000 1.0000 0.0001 1.0000 1.0000 0.2067 0.0186 0.0017 0.0002 1.0000 1.0000 0.1246 0.0115 0.0011 0.0001 1.0000 0.9110 0.0850 0.0080 0.0007 0.0001 1.0000 0.6707 0.0633 0.0060 0.0006 1.0000 1.0000 0.5179 0.0490 0.0046 0.0004 1.0000 1.0000 0.4014 0.0380 0.0036 0.0003 1.0000 1.0000 0.3135 0.0297 0.0028 0.0003 1.0000 1.0000 0.2457 0.0233 0.0022 0.0002 1.0000 1.0000 0.1772
