0.0891 0.2531 -0.1914 -0.2889 -0.3415 -0.1714 0.1679 0.0102 -0.2353 -0.3112 -0.3479 0.0122 0.2343 -0.1320 -0.2626 -0.3291 -0.3249 0.0928 0.2568 -0.1885 -0.2874 -0.3410 -0.1873 0.1621 0.0311 -0.2322 -0.3097 -0.3476 0.0037 0.2295 -0.1263 -0.2607 -0.3280 -0.3292 0.0878 0.2604 -0.1850 -0.2856 -0.3404 -0.2034 0.1564 0.0542 -0.2290 -0.3081 -0.3472 -0.0053 0.2247 -0.1198 -0.2579 -0.3285 -0.3615 -0.3285 -0.2579 -0.1198 0.2247 -0.0053 -0.3472 -0.3081 -0.2290 0.0542 0.1564 -0.2034 -0.3404 -0.2856 -0.1850 0.2604 0.0878 -0.3292 -0.3280 -0.2607 -0.1263 0.2295 0.0037 -0.3476 -0.3097 -0.2322 0.0311 0.1621 -0.1873 -0.3410 -0.2874 -0.1885 0.2568 0.0928 -0.3249 -0.3291 -0.2626 -0.1320 0.2343 0.0122 -0.3479 -0.3112 -0.2353 0.0102 0.1679 -0.1714 -0.3415 -0.2889 -0.1914 0.2531 0.0891
0.2531 -0.2029 -0.3108 -0.3593 -0.1778 0.1636 0.0450 -0.2562 -0.3318 -0.3629 0.0111 0.2311 -0.1296 -0.2847 -0.3487 -0.3375 0.0917 0.2684 -0.1965 -0.3088 -0.3590 -0.1960 0.1578 0.0703 -0.2519 -0.3303 -0.3628 0.0025 0.2261 -0.1229 -0.2829 -0.3476 -0.3420 0.0868 0.2698 -0.1922 -0.3071 -0.3585 -0.2125 0.1524 0.0959 -0.2476 -0.3288 -0.3627 -0.0068 0.2210 -0.1157 -0.2809 -0.3469 -0.3533 -0.0632 -0.3533 -0.3469 -0.2809 -0.1157 0.2210 -0.0068 -0.3627 -0.3288 -0.2476 0.0959 0.1524 -0.2125 -0.3585 -0.3071 -0.1922 0.2698 0.0868 -0.3420 -0.3476 -0.2829 -0.1229 0.2261 0.0025 -0.3628 -0.3303 -0.2519 0.0703 0.1578 -0.1960 -0.3590 -0.3088 -0.1965 0.2684 0.0917 -0.3375 -0.3487 -0.2847 -0.1296 0.2311 0.0111 -0.3629 -0.3318 -0.2562 0.0450 0.1636 -0.1778 -0.3593 -0.3108 -0.2029 0.2531
-0.1914 -0.3108 -0.3589 -0.1943 0.1569 0.0784 -0.2501 -0.3295 -0.3627 -0.0025 0.2233 -0.1190 -0.2818 -0.3470 -0.3442 0.0839 0.2701 -0.1899 -0.3061 -0.3582 -0.2214 0.1492 0.1100 -0.2453 -0.3280 -0.3625 -0.0124 0.2182 -0.1115 -0.2799 -0.3459 -0.3478 0.0789 0.2699 -0.1856 -0.3043 -0.3576 -0.2364 0.1441 0.1348 -0.2411 -0.3265 -0.3623 -0.0231 0.2132 -0.1035 -0.2780 -0.3448 -0.3520 0.0607 0.1788 0.0607 -0.3520 -0.3448 -0.2780 -0.1035 0.2132 -0.0231 -0.3623 -0.3265 -0.2411 0.1348 0.1441 -0.2364 -0.3576 -0.3043 -0.1856 0.2699 0.0789 -0.3478 -0.3459 -0.2799 -0.1115 0.2182 -0.0124 -0.3625 -0.3280 -0.2453 0.1100 0.1492 -0.2214 -0.3582 -0.3061 -0.1899 0.2701 0.0839 -0.3442 -0.3470 -0.2818 -0.1190 0.2233 -0.0025 -0.3627 -0.3295 -0.2501 0.0784 0.1569 -0.1943 -0.3589 -0.3108 -0.1914
-0.2889 -0.3593 -0.1943 0.1544 0.0992 -0.2456 -0.3277 -0.3624 -0.0166 0.2159 -0.1077 -0.2790 -0.3453 -0.3496 0.0761 0.2694 -0.1831 -0.3034 -0.3572 -0.2444 0.1413 0.1480 -0.2389 -0.3256 -0.3622 -0.0294 0.2104 -0.0987 -0.2770 -0.3441 -0.3526 0.0709 0.2678 -0.1787 -0.3016 -0.3566 -0.2579 0.1363 0.1701 -0.2347 -0.3241 -0.3620 -0.0417 0.2055 -0.0895 -0.2751 -0.3429 -0.3552 0.0630 0.2576 -0.0051 0.2576 0.0630 -0.3552 -0.3429 -0.2751 -0.0895 0.2055 -0.0417 -0.3620 -0.3241 -0.2347 0.1701 0.1363 -0.2579 -0.3566 -0.3016 -0.1787 0.2678 0.0709 -0.3526 -0.3441 -0.2770 -0.0987 0.2104 -0.0294 -0.3622 -0.3256 -0.2389 0.1480 0.1413 -0.2444 -0.3572 -0.3034 -0.1831 0.2694 0.0761 -0.3496 -0.3453 -0.2790 -0.1077 0.2159 -0.0166 -0.3624 -0.3277 -0.2456 0.0992 0.1544 -0.1943 -0.3593 -0.2889
-0.3415 -0.1778 0.1569 0.0992 -0.2439 -0.3265 -0.3621 -0.0293 0.2096 -0.0961 -0.2763 -0.3435 -0.3538 0.0682 0.2667 -0.1763 -0.3006 -0.3562 -0.2649 0.1335 0.1815 -0.2324 -0.3232 -0.3619 -0.0489 0.2028 -0.0840 -0.2741 -0.3422 -0.3562 0.0626 0.2640 -0.1716 -0.2988 -0.3555 -0.2768 0.1287 0.2000 -0.2284 -0.3216 -0.3617 -0.0628 0.1980 -0.0731 -0.2722 -0.3410 -0.3581 0.0565 0.2594 -0.1544 -0.2598 -0.1544 0.2594 0.0565 -0.3581 -0.3410 -0.2722 -0.0731 0.1980 -0.0628 -0.3617 -0.3216 -0.2284 0.2000 0.1287 -0.2768 -0.3555 -0.2988 -0.1716 0.2640 0.0626 -0.3562 -0.3422 -0.2741 -0.0840 0.2028 -0.0489 -0.3619 -0.3232 -0.2324 0.1815 0.1335 -0.2649 -0.3562 -0.3006 -0.1763 0.2667 0.0682 -0.3538 -0.3435 -0.2763 -0.0961 0.2096 -0.0293 -0.3621 -0.3265 -0.2439 0.0992 0.1569 -0.1778 -0.3415
-0.1714 0.1636 0.0784 -0.2456 -0.3265 -0.3621 -0.0371 0.2052 -0.0858 -0.2740 -0.3419 -0.3568 0.0604 0.2627 -0.1694 -0.2979 -0.3551 -0.2827 0.1261 0.2091 -0.2261 -0.3207 -0.3616 -0.0711 0.1954 -0.0666 -0.2711 -0.3403 -0.3589 0.0538 0.2589 -0.1642 -0.2961 -0.3543 -0.2931 0.1212 0.2239 -0.2220 -0.3191 -0.3613 -0.0868 0.1907 -0.0537 -0.2692 -0.3390 -0.3603 0.0478 0.2548 -0.1571 -0.2907 -0.3372 -0.2907 -0.1571 0.2548 0.0478 -0.3603 -0.3390 -0.2692 -0.0537 0.1907 -0.0868 -0.3613 -0.3191 -0.2220 0.2239 0.1212 -0.2931 -0.3543 -0.2961 -0.1642 0.2589 0.0538 -0.3589 -0.3403 -0.2711 -0.0666 0.1954 -0.0711 -0.3616 -0.3207 -0.2261 0.2091 0.1261 -0.2827 -0.3551 -0.2979 -0.1694 0.2627 0.0604 -0.3568 -0.3419 -0.2740 -0.0858 0.2052 -0.0371 -0.3621 -0.3265 -0.2456 0.0784 0.1636 -0.1714
0.1679 0.0450 -0.2501 -0.3277 -0.3621 -0.0371 0.2036 -0.0796 -0.2724 -0.3406 -0.3588 0.0532 0.2581 -0.1626 -0.2953 -0.3540 -0.2976 0.1188 0.2305 -0.2199 -0.3183 -0.3612 -0.0959 0.1881 -0.0459 -0.2681 -0.3382 -0.3609 0.0444 0.2528 -0.1564 -0.2933 -0.3531 -0.3072 0.1138 0.2420 -0.2157 -0.3166 -0.3609 -0.1130 0.1835 -0.0304 -0.2662 -0.3369 -0.3618 0.0381 0.2485 -0.1507 -0.2908 -0.3566 -0.3796 -0.3566 -0.2908 -0.1507 0.2485 0.0381 -0.3618 -0.3369 -0.2662 -0.0304 0.1835 -0.1130 -0.3609 -0.3166 -0.2157 0.2420 0.1138 -0.3072 -0.3531 -0.2933 -0.1564 0.2528 0.0444 -0.3609 -0.3382 -0.2681 -0.0459 0.1881 -0.0959 -0.3612 -0.3183 -0.2199 0.2305 0.1188 -0.2976 -0.3540 -0.2953 -0.1626 0.2581 0.0532 -0.3588 -0.3406 -0.2724 -0.0796 0.2036 -0.0371 -0.3621 -0.3277 -0.2501 0.0450 0.1679
0.0102 -0.2562 -0.3295 -0.3624 -0.0293 0.2052 -0.0796 -0.2718 -0.3399 -0.3599 0.0475 0.2538 -0.1564 -0.2930 -0.3528 -0.3100 0.1119 0.2463 -0.2138 -0.3158 -0.3607 -0.1223 0.1807 -0.0210 -0.2651 -0.3361 -0.3621 0.0343 0.2461 -0.1481 -0.2904 -0.3517 -0.3190 0.1064 0.2550 -0.2094 -0.3140 -0.3603 -0.1407 0.1752 -0.0020 -0.2632 -0.3348 -0.3626 0.0274 0.2415 -0.1424 -0.2885 -0.3513 -0.3369 -0.0141 -0.3369 -0.3513 -0.2885 -0.1424 0.2415 0.0274 -0.3626 -0.3348 -0.2632 -0.0020 0.1752 -0.1407 -0.3603 -0.3140 -0.2094 0.2550 0.1064 -0.3190 -0.3517 -0.2904 -0.1481 0.2461 0.0343 -0.3621 -0.3361 -0.2651 -0.0210 0.1807 -0.1223 -0.3607 -0.3158 -0.2138 0.2463 0.1119 -0.3100 -0.3528 -0.2930 -0.1564 0.2538 0.0475 -0.3599 -0.3399 -0.2718 -0.0796 0.2052 -0.0293 -0.3624 -0.3295 -0.2562 0.0102
-0.2353 -0.3318 -0.3627 -0.0166 0.2096 -0.0858 -0.2724 -0.3399 -0.3603 0.0442 0.2506 -0.1516 -0.2910 -0.3517 -0.3196 0.1055 0.2570 -0.2079 -0.3133 -0.3601 -0.1494 0.1724 0.0085 -0.2617 -0.3340 -0.3628 0.0233 0.2388 -0.1393 -0.2876 -0.3502 -0.3290 0.0990 0.2636 -0.2030 -0.3114 -0.3597 -0.1687 0.1662 0.0318 -0.2584 -0.3326 -0.3629 0.0156 0.2339 -0.1332 -0.2857 -0.3493 -0.3365 0.0817 0.1987 0.0817 -0.3365 -0.3493 -0.2857 -0.1332 0.2339 0.0156 -0.3629 -0.3326 -0.2584 0.0318 0.1662 -0.1687 -0.3597 -0.3114 -0.2030 0.2636 0.0990 -0.3290 -0.3502 -0.2876 -0.1393 0.2388 0.0233 -0.3628 -0.3340 -0.2617 0.0085 0.1724 -0.1494 -0.3601 -0.3133 -0.2079 0.2570 0.1055 -0.3196 -0.3517 -0.2910 -0.1516 0.2506 0.0442 -0.3603 -0.3399 -0.2724 -0.0858 0.2096 -0.0166 -0.3627 -0.3318 -0.2353
-0.3112 -0.3629 -0.0025 0.2159 -0.0961 -0.2740 -0.3406 -0.3599 0.0442 0.2495 -0.1489 -0.2897 -0.3508 -0.3264 0.1000 0.2635 -0.2024 -0.3110 -0.3595 -0.1756 0.1638 0.0425 -0.2565 -0.3319 -0.3629 0.0114 0.2313 -0.1298 -0.2847 -0.3486 -0.3373 0.0916 0.2684 -0.1965 -0.3088 -0.3590 -0.1958 0.1576 0.0699 -0.2519 -0.3303 -0.3628 0.0025 0.2261 -0.1230 -0.2829 -0.3476 -0.3422 0.0842 0.2694 -0.0704 0.2694 0.0842 -0.3422 -0.3476 -0.2829 -0.1230 0.2261 0.0025 -0.3628 -0.3303 -0.2519 0.0699 0.1576 -0.1958 -0.3590 -0.3088 -0.1965 0.2684 0.0916 -0.3373 -0.3486 -0.2847 -0.1298 0.2313 0.0114 -0.3629 -0.3319 -0.2565 0.0425 0.1638 -0.1756 -0.3595 -0.3110 -0.2024 0.2635 0.1000 -0.3264 -0.3508 -0.2897 -0.1489 0.2495 0.0442 -0.3599 -0.3406 -0.2740 -0.0961 0.2159 -0.0025 -0.3629 -0.3112
-0.3479 0.0111 0.2233 -0.1077 -0.2763 -0.3419 -0.3588 0.0475 0.2506 -0.1489 -0.2893 -0.3504 -0.3304 0.0960 0.2670 -0.1978 -0.3089 -0.3589 -0.1990 0.1561 0.0787 -0.2502 -0.3297 -0.3627 -0.0019 0.2236 -0.1194 -0.2819 -0.3470 -0.3441 0.0840 0.2701 -0.1899 -0.3061 -0.3582 -0.2213 0.1493 0.1098 -0.2454 -0.3280 -0.3625 -0.0124 0.2183 -0.1116 -0.2800 -0.3459 -0.3479 0.0784 0.2696 -0.1748 -0.2683 -0.1748 0.2696 0.0784 -0.3479 -0.3459 -0.2800 -0.1116 0.2183 -0.0124 -0.3625 -0.3280 -0.2454 0.1098 0.1493 -0.2213 -0.3582 -0.3061 -0.1899 0.2701 0.0840 -0.3441 -0.3470 -0.2819 -0.1194 0.2236 -0.0019 -0.3627 -0.3297 -0.2502 0.0787 0.1561 -0.1990 -0.3589 -0.3089 -0.1978 0.2670 0.0960 -0.3304 -0.3504 -0.2893 -0.1489 0.2506 0.0475 -0.3588 -0.3419 -0.2763 -0.1077 0.2233 0.0111 -0.3479
0.0122 0.2311 -0.1190 -0.2790 -0.3435 -0.3568 0.0532 0.2538 -0.1516 -0.2897 -0.3504 -0.3317 0.0938 0.2685 -0.1943 -0.3072 -0.3583 -0.2186 0.1493 0.1131 -0.2443 -0.3275 -0.3624 -0.0167 0.2160 -0.1080 -0.2791 -0.3453 -0.3494 0.0763 0.2694 -0.1833 -0.3034 -0.3573 -0.2443 0.1413 0.1478 -0.2389 -0.3256 -0.3622 -0.0294 0.2105 -0.0988 -0.2770 -0.3441 -0.3525 0.0708 0.2677 -0.1769 -0.2985 -0.3443 -0.2985 -0.1769 0.2677 0.0708 -0.3525 -0.3441 -0.2770 -0.0988 0.2105 -0.0294 -0.3622 -0.3256 -0.2389 0.1478 0.1413 -0.2443 -0.3573 -0.3034 -0.1833 0.2694 0.0763 -0.3494 -0.3453 -0.2791 -0.1080 0.2160 -0.0167 -0.3624 -0.3275 -0.2443 0.1131 0.1493 -0.2186 -0.3583 -0.3072 -0.1943 0.2685 0.0938 -0.3317 -0.3504 -0.2897 -0.1516 0.2538 0.0532 -0.3568 -0.3435 -0.2790 -0.1190 0.2311 0.0122
0.2343 -0.1296 -0.2818 -0.3453 -0.3538 0.0604 0.2581 -0.1564 -0.2910 -0.3508 -0.3304 0.0938 0.2690 -0.1925 -0.3062 -0.3578 -0.2330 0.1439 0.1418 -0.2391 -0.3255 -0.3621 -0.0326 0.2088 -0.0953 -0.2762 -0.3436 -0.3537 0.0685 0.2668 -0.1765 -0.3007 -0.3563 -0.2645 0.1337 0.1811 -0.2325 -0.3232 -0.3619 -0.0489 0.2029 -0.0840 -0.2741 -0.3422 -0.3562 0.0626 0.2640 -0.1712 -0.2983 -0.3611 -0.3776 -0.3611 -0.2983 -0.1712 0.2640 0.0626 -0.3562 -0.3422 -0.2741 -0.0840 0.2029 -0.0489 -0.3619 -0.3232 -0.2325 0.1811 0.1337 -0.2645 -0.3563 -0.3007 -0.1765 0.2668 0.0685 -0.3537 -0.3436 -0.2762 -0.0953 0.2088 -0.0326 -0.3621 -0.3255 -0.2391 0.1418 0.1439 -0.2330 -0.3578 -0.3062 -0.1925 0.2690 0.0938 -0.3304 -0.3508 -0.2910 -0.1564 0.2581 0.0604 -0.3538 -0.3453 -0.2818 -0.1296 0.2343
-0.1320 -0.2847 -0.3470 -0.3496 0.0682 0.2627 -0.1626 -0.2930 -0.3517 -0.3264 0.0960 0.2685 -0.1925 -0.3058 -0.3576 -0.2418 0.1400 0.1627 -0.2349 -0.3237 -0.3619 -0.0491 0.2022 -0.0816 -0.2735 -0.3418 -0.3570 0.0603 0.2627 -0.1695 -0.2981 -0.3552 -0.2820 0.1263 0.2083 -0.2263 -0.3208 -0.3616 -0.0709 0.1954 -0.0667 -0.2711 -0.3403 -0.3589 0.0538 0.2590 -0.1642 -0.2960 -0.3550 -0.3112 0.0214 -0.3112 -0.3550 -0.2960 -0.1642 0.2590 0.0538 -0.3589 -0.3403 -0.2711 -0.0667 0.1954 -0.0709 -0.3616 -0.3208 -0.2263 0.2083 0.1263 -0.2820 -0.3552 -0.2981 -0.1695 0.2627 0.0603 -0.3570 -0.3418 -0.2735 -0.0816 0.2022 -0.0491 -0.3619 -0.3237 -0.2349 0.1627 0.1400 -0.2418 -0.3576 -0.3058 -0.1925 0.2685 0.0960 -0.3264 -0.3517 -0.2930 -0.1626 0.2627 0.0682 -0.3496 -0.3470 -0.2847 -0.1320
-0.2626 -0.3487 -0.3442 0.0761 0.2667 -0.1694 -0.2953 -0.3528 -0.3196 0.1000 0.2670 -0.1943 -0.3062 -0.3576 -0.2448 0.1379 0.1752 -0.2318 -0.3223 -0.3616 -0.0650 0.1964 -0.0672 -0.2709 -0.3400 -0.3593 0.0519 0.2576 -0.1623 -0.2954 -0.3540 -0.2972 0.1191 0.2298 -0.2201 -0.3183 -0.3612 -0.0953 0.1882 -0.0462 -0.2681 -0.3382 -0.3609 0.0445 0.2529 -0.1564 -0.2933 -0.3532 -0.3103 0.1009 0.2194 0.1009 -0.3103 -0.3532 -0.2933 -0.1564 0.2529 0.0445 -0.3609 -0.3382 -0.2681 -0.0462 0.1882 -0.0953 -0.3612 -0.3183 -0.2201 0.2298 0.1191 -0.2972 -0.3540 -0.2954 -0.1623 0.2576 0.0519 -0.3593 -0.3400 -0.2709 -0.0672 0.1964 -0.0650 -0.3616 -0.3223 -0.2318 0.1752 0.1379 -0.2448 -0.3576 -0.3062 -0.1943 0.2670 0.1000 -0.3196 -0.3528 -0.2953 -0.1694 0.2667 0.0761 -0.3442 -0.3487 -0.2626
-0.3291 -0.3375 0.0839 0.2694 -0.1763 -0.2979 -0.3540 -0.3100 0.1055 0.2635 -0.1978 -0.3072 -0.3578 -0.2418 0.1379 0.1793 -0.2302 -0.3214 -0.3614 -0.0782 0.1917 -0.0530 -0.2686 -0.3383 -0.3609 0.0435 0.2519 -0.1549 -0.2927 -0.3527 -0.3103 0.1119 0.2459 -0.2140 -0.3159 -0.3607 -0.1213 0.1810 -0.0219 -0.2652 -0.3362 -0.3621 0.0345 0.2461 -0.1482 -0.2904 -0.3517 -0.3196 0.1040 0.2681 -0.1124 0.2681 0.1040 -0.3196 -0.3517 -0.2904 -0.1482 0.2461 0.0345 -0.3621 -0.3362 -0.2652 -0.0219 0.1810 -0.1213 -0.3607 -0.3159 -0.2140 0.2459 0.1119 -0.3103 -0.3527 -0.2927 -0.1549 0.2519 0.0435 -0.3609 -0.3383 -0.2686 -0.0530 0.1917 -0.0782 -0.3614 -0.3214 -0.2302 0.1793 0.1379 -0.2418 -0.3578 -0.3072 -0.1978 0.2635 0.1055 -0.3100 -0.3540 -0.2979 -0.1763 0.2694 0.0839 -0.3375 -0.3291
-0.3249 0.0917 0.2701 -0.1831 -0.3006 -0.3551 -0.2976 0.1119 0.2570 -0.2024 -0.3089 -0.3583 -0.2330 0.1400 0.1752 -0.2302 -0.3211 -0.3613 -0.0869 0.1884 -0.0407 -0.2668 -0.3369 -0.3619 0.0354 0.2461 -0.1476 -0.2901 -0.3514 -0.3212 0.1048 0.2574 -0.2078 -0.3134 -0.3602 -0.1484 0.1728 0.0072 -0.2619 -0.3341 -0.3628 0.0237 0.2390 -0.1394 -0.2876 -0.3502 -0.3291 0.0986 0.2654 -0.1933 -0.2766 -0.1933 0.2654 0.0986 -0.3291 -0.3502 -0.2876 -0.1394 0.2390 0.0237 -0.3628 -0.3341 -0.2619 0.0072 0.1728 -0.1484 -0.3602 -0.3134 -0.2078 0.2574 0.1048 -0.3212 -0.3514 -0.2901 -0.1476 0.2461 0.0354 -0.3619 -0.3369 -0.2668 -0.0407 0.1884 -0.0869 -0.3613 -0.3211 -0.2302 0.1752 0.1400 -0.2330 -0.3583 -0.3089 -0.2024 0.2570 0.1119 -0.2976 -0.3551 -0.3006 -0.1831 0.2701 0.0917 -0.3249
0.0928 0.2684 -0.1899 -0.3034 -0.3562 -0.2827 0.1188 0.2463 -0.2079 -0.3110 -0.3589 -0.2186 0.1439 0.1627 -0.2318 -0.3214 -0.3613 -0.0900 0.1866 -0.0322 -0.2654 -0.3357 -0.3625 0.0280 0.2407 -0.1405 -0.2877 -0.3501 -0.3300 0.0979 0.2647 -0.2017 -0.3108 -0.3595 -0.1754 0.1640 0.0413 -0.2568 -0.3319 -0.3629 0.0119 0.2315 -0.1301 -0.2848 -0.3487 -0.3372 0.0916 0.2686 -0.1949 -0.3062 -0.3510 -0.3062 -0.1949 0.2686 0.0916 -0.3372 -0.3487 -0.2848 -0.1301 0.2315 0.0119 -0.3629 -0.3319 -0.2568 0.0413 0.1640 -0.1754 -0.3595 -0.3108 -0.2017 0.2647 0.0979 -0.3300 -0.3501 -0.2877 -0.1405 0.2407 0.0280 -0.3625 -0.3357 -0.2654 -0.0322 0.1866 -0.0900 -0.3613 -0.3214 -0.2318 0.1627 0.1439 -0.2186 -0.3589 -0.3110 -0.2079 0.2463 0.1188 -0.2827 -0.3562 -0.3034 -0.1899 0.2684 0.0928
0.2568 -0.1965 -0.3061 -0.3572 -0.2649 0.1261 0.2305 -0.2138 -0.3133 -0.3595 -0.1990 0.1493 0.1418 -0.2349 -0.3223 -0.3614 -0.0869 0.1866 -0.0291 -0.2647 -0.3350 -0.3627 0.0220 0.2362 -0.1342 -0.2856 -0.3489 -0.3368 0.0915 0.2686 -0.1957 -0.3083 -0.3588 -0.2013 0.1557 0.0791 -0.2503 -0.3297 -0.3627 -0.0013 0.2239 -0.1198 -0.2820 -0.3471 -0.3439 0.0842 0.2701 -0.1897 -0.3057 -0.3647 -0.3712 -0.3647 -0.3057 -0.1897 0.2701 0.0842 -0.3439 -0.3471 -0.2820 -0.1198 0.2239 -0.0013 -0.3627 -0.3297 -0.2503 0.0791 0.1557 -0.2013 -0.3588 -0.3083 -0.1957 0.2686 0.0915 -0.3368 -0.3489 -0.2856 -0.1342 0.2362 0.0220 -0.3627 -0.3350 -0.2647 -0.0291 0.1866 -0.0869 -0.3614 -0.3223 -0.2349 0.1418 0.1493 -0.1990 -0.3595 -0.3133 -0.2138 0.2305 0.1261 -0.2649 -0.3572 -0.3061 -0.1965 0.2568
-0.1885 -0.3088 -0.3582 -0.2444 0.1335 0.2091 -0.2199 -0.3158 -0.3601 -0.1756 0.1561 0.1131 -0.2391 -0.3237 -0.3616 -0.0782 0.1884 -0.0322 -0.2647 -0.3347 -0.3628 0.0181 0.2329 -0.1291 -0.2839 -0.3478 -0.3419 0.0856 0.2701 -0.1900 -0.3059 -0.3580 -0.2248 0.1479 0.1175 -0.2440 -0.3275 -0.3624 -0.0162 0.2163 -0.1085 -0.2792 -0.3454 -0.3493 0.0766 0.2695 -0.1834 -0.3034 -0.3580 -0.2707 0.0480 -0.2707 -0.3580 -0.3034 -0.1834 0.2695 0.0766 -0.3493 -0.3454 -0.2792 -0.1085 0.2163 -0.0162 -0.3624 -0.3275 -0.2440 0.1175 0.1479 -0.2248 -0.3580 -0.3059 -0.1900 0.2701 0.0856 -0.3419 -0.3478 -0.2839 -0.1291 0.2329 0.0181 -0.3628 -0.3347 -0.2647 -0.0322 0.1884 -0.0782 -0.3616 -0.3237 -0.2391 0.1131 0.1561 -0.1756 -0.3601 -0.3158 -0.2199 0.2091 0.1335 -0.2444 -0.3582 -0.3088 -0.1885
-0.2874 -0.3590 -0.2214 0.1413 0.1815 -0.2261 -0.3183 -0.3607 -0.1494 0.1638 0.0787 -0.2443 -0.3255 -0.3619 -0.0650 0.1917 -0.0407 -0.2654 -0.3350 -0.3628 0.0167 0.2312 -0.1258 -0.2827 -0.3469 -0.3455 0.0806 0.2699 -0.1849 -0.3037 -0.3573 -0.2449 0.1407 0.1525 -0.2379 -0.3252 -0.3621 -0.0332 0.2088 -0.0956 -0.2763 -0.3436 -0.3536 0.0688 0.2669 -0.1768 -0.3008 -0.3564 -0.2687 0.1197 0.2396 0.1197 -0.2687 -0.3564 -0.3008 -0.1768 0.2669 0.0688 -0.3536 -0.3436 -0.2763 -0.0956 0.2088 -0.0332 -0.3621 -0.3252 -0.2379 0.1525 0.1407 -0.2449 -0.3573 -0.3037 -0.1849 0.2699 0.0806 -0.3455 -0.3469 -0.2827 -0.1258 0.2312 0.0167 -0.3628 -0.3350 -0.2654 -0.0407 0.1917 -0.0650 -0.3619 -0.3255 -0.2443 0.0787 0.1638 -0.1494 -0.3607 -0.3183 -0.2261 0.1815 0.1413 -0.2214 -0.3590 -0.2874
-0.3410 -0.1960 0.1492 0.1480 -0.2324 -0.3207 -0.3612 -0.1223 0.1724 0.0425 -0.2502 -0.3275 -0.3621 -0.0491 0.1964 -0.0530 -0.2668 -0.3357 -0.3627 0.0181 0.2312 -0.1247 -0.2820 -0.3464 -0.3478 0.0767 0.2690 -0.1805 -0.3018 -0.3565 -0.2616 0.1342 0.1814 -0.2321 -0.3229 -0.3618 -0.0524 0.2015 -0.0808 -0.2735 -0.3418 -0.3569 0.0606 0.2629 -0.1698 -0.2981 -0.3553 -0.2825 0.1238 0.2428 -0.1437 0.2428 0.1238 -0.2825 -0.3553 -0.2981 -0.1698 0.2629 0.0606 -0.3569 -0.3418 -0.2735 -0.0808 0.2015 -0.0524 -0.3618 -0.3229 -0.2321 0.1814 0.1342 -0.2616 -0.3565 -0.3018 -0.1805 0.2690 0.0767 -0.3478 -0.3464 -0.2820 -0.1247 0.2312 0.0181 -0.3627 -0.3357 -0.2668 -0.0530 0.1964 -0.0491 -0.3621 -0.3275 -0.2502 0.0425 0.1724 -0.1223 -0.3612 -0.3207 -0.2324 0.1480 0.1492 -0.1960 -0.3410
-0.1873 0.1578 0.1100 -0.2389 -0.3232 -0.3616 -0.0959 0.1807 0.0085 -0.2565 -0.3297 -0.3624 -0.0326 0.2022 -0.0672 -0.2686 -0.3369 -0.3625 0.0220 0.2329 -0.1258 -0.2820 -0.3462 -0.3490 0.0742 0.2680 -0.1771 -0.3003 -0.3558 -0.2746 0.1285 0.2039 -0.2268 -0.3208 -0.3615 -0.0732 0.1944 -0.0637 -0.2706 -0.3399 -0.3594 0.0520 0.2577 -0.1625 -0.2954 -0.3541 -0.2970 0.1187 0.2347 -0.2111 -0.2851 -0.2111 0.2347 0.1187 -0.2970 -0.3541 -0.2954 -0.1625 0.2577 0.0520 -0.3594 -0.3399 -0.2706 -0.0637 0.1944 -0.0732 -0.3615 -0.3208 -0.2268 0.2039 0.1285 -0.2746 -0.3558 -0.3003 -0.1771 0.2680 0.0742 -0.3490 -0.3462 -0.2820 -0.1258 0.2329 0.0220 -0.3625 -0.3369 -0.2686 -0.0672 0.2022 -0.0326 -0.3624 -0.3297 -0.2565 0.0085 0.1807 -0.0959 -0.3616 -0.3232 -0.2389 0.1100 0.1578 -0.1873
0.1621 0.0703 -0.2453 -0.3256 -0.3619 -0.0711 0.1881 -0.0210 -0.2617 -0.3319 -0.3627 -0.0167 0.2088 -0.0816 -0.2709 -0.3383 -0.3619 0.0280 0.2362 -0.1291 -0.2827 -0.3464 -0.3490 0.0733 0.2673 -0.1749 -0.2992 -0.3552 -0.2842 0.1238 0.2204 -0.2221 -0.3188 -0.3612 -0.0947 0.1880 -0.0443 -0.2678 -0.3379 -0.3611 0.0428 0.2517 -0.1549 -0.2927 -0.3528 -0.3100 0.1120 0.2464 -0.2126 -0.3141 -0.3575 -0.3141 -0.2126 0.2464 0.1120 -0.3100 -0.3528 -0.2927 -0.1549 0.2517 0.0428 -0.3611 -0.3379 -0.2678 -0.0443 0.1880 -0.0947 -0.3612 -0.3188 -0.2221 0.2204 0.1238 -0.2842 -0.3552 -0.2992 -0.1749 0.2673 0.0733 -0.3490 -0.3464 -0.2827 -0.1291 0.2362 0.0280 -0.3619 -0.3383 -0.2709 -0.0816 0.2088 -0.0167 -0.3627 -0.3319 -0.2617 -0.0210 0.1881 -0.0711 -0.3619 -0.3256 -0.2453 0.0703 0.1621
0.0311 -0.2519 -0.3280 -0.3622 -0.0489 0.1954 -0.0459 -0.2651 -0.3340 -0.3629 -0.0019 0.2160 -0.0953 -0.2735 -0.3400 -0.3609 0.0354 0.2407 -0.1342 -0.2839 -0.3469 -0.3478 0.0742 0.2673 -0.1742 -0.2986 -0.3549 -0.2905 0.1203 0.2315 -0.2182 -0.3171 -0.3608 -0.1154 0.1821 -0.0229 -0.2651 -0.3360 -0.3622 0.0331 0.2451 -0.1468 -0.2900 -0.3514 -0.3211 0.1050 0.2573 -0.2076 -0.3131 -0.3676 -0.3577 -0.3676 -0.3131 -0.2076 0.2573 0.1050 -0.3211 -0.3514 -0.2900 -0.1468 0.2451 0.0331 -0.3622 -0.3360 -0.2651 -0.0229 0.1821 -0.1154 -0.3608 -0.3171 -0.2182 0.2315 0.1203 -0.2905 -0.3549 -0.2986 -0.1742 0.2673 0.0742 -0.3478 -0.3469 -0.2839 -0.1342 0.2407 0.0354 -0.3609 -0.3400 -0.2735 -0.0953 0.2160 -0.0019 -0.3629 -0.3340 -0.2651 -0.0459 0.1954 -0.0489 -0.3622 -0.3280 -0.2519 0.0311
-0.2322 -0.3303 -0.3625 -0.0294 0.2028 -0.0666 -0.2681 -0.3361 -0.3628 0.0114 0.2236 -0.1080 -0.2762 -0.3418 -0.3593 0.0435 0.2461 -0.1405 -0.2856 -0.3478 -0.3455 0.0767 0.2680 -0.1749 -0.2986 -0.3547 -0.2936 0.1181 0.2383 -0.2153 -0.3157 -0.3605 -0.1339 0.1762 -0.0003 -0.2627 -0.3342 -0.3628 0.0230 0.2382 -0.1383 -0.2872 -0.3500 -0.3305 0.0978 0.2647 -0.2017 -0.3108 -0.3604 -0.2106 0.0704 -0.2106 -0.3604 -0.3108 -0.2017 0.2647 0.0978 -0.3305 -0.3500 -0.2872 -0.1383 0.2382 0.0230 -0.3628 -0.3342 -0.2627 -0.0003 0.1762 -0.1339 -0.3605 -0.3157 -0.2153 0.2383 0.1181 -0.2936 -0.3547 -0.2986 -0.1749 0.2680 0.0767 -0.3455 -0.3478 -0.2856 -0.1405 0.2461 0.0435 -0.3593 -0.3418 -0.2762 -0.1080 0.2236 0.0114 -0.3628 -0.3361 -0.2681 -0.0666 0.2028 -0.0294 -0.3625 -0.3303 -0.2322
-0.3097 -0.3628 -0.0124 0.2104 -0.0840 -0.2711 -0.3382 -0.3621 0.0233 0.2313 -0.1194 -0.2791 -0.3436 -0.3570 0.0519 0.2519 -0.1476 -0.2877 -0.3489 -0.3419 0.0806 0.2690 -0.1771 -0.2992 -0.3549 -0.2936 0.1173 0.2415 -0.2134 -0.3147 -0.3602 -0.1489 0.1706 0.0217 -0.2593 -0.3325 -0.3629 0.0128 0.2316 -0.1296 -0.2845 -0.3485 -0.3382 0.0906 0.2688 -0.1955 -0.3083 -0.3590 -0.2073 0.1393 0.2571 0.1393 -0.2073 -0.3590 -0.3083 -0.1955 0.2688 0.0906 -0.3382 -0.3485 -0.2845 -0.1296 0.2316 0.0128 -0.3629 -0.3325 -0.2593 0.0217 0.1706 -0.1489 -0.3602 -0.3147 -0.2134 0.2415 0.1173 -0.2936 -0.3549 -0.2992 -0.1771 0.2690 0.0806 -0.3419 -0.3489 -0.2877 -0.1476 0.2519 0.0519 -0.3570 -0.3436 -0.2791 -0.1194 0.2313 0.0233 -0.3621 -0.3382 -0.2711 -0.0840 0.2104 -0.0124 -0.3628 -0.3097
-0.3476 0.0025 0.2182 -0.0987 -0.2741 -0.3403 -0.3609 0.0343 0.2388 -0.1298 -0.2819 -0.3453 -0.3537 0.0603 0.2576 -0.1549 -0.2901 -0.3501 -0.3368 0.0856 0.2699 -0.1805 -0.3003 -0.3552 -0.2905 0.1181 0.2415 -0.2128 -0.3142 -0.3601 -0.1593 0.1665 0.0408 -0.2554 -0.3310 -0.3628 0.0027 0.2253 -0.1208 -0.2820 -0.3470 -0.3444 0.0834 0.2702 -0.1891 -0.3057 -0.3580 -0.2263 0.1447 0.1780 -0.1700 0.1780 0.1447 -0.2263 -0.3580 -0.3057 -0.1891 0.2702 0.0834 -0.3444 -0.3470 -0.2820 -0.1208 0.2253 0.0027 -0.3628 -0.3310 -0.2554 0.0408 0.1665 -0.1593 -0.3601 -0.3142 -0.2128 0.2415 0.1181 -0.2905 -0.3552 -0.3003 -0.1805 0.2699 0.0856 -0.3368 -0.3501 -0.2901 -0.1549 0.2576 0.0603 -0.3537 -0.3453 -0.2819 -0.1298 0.2388 0.0343 -0.3609 -0.3403 -0.2741 -0.0987 0.2182 0.0025 -0.3476
0.0037 0.2261 -0.1115 -0.2770 -0.3422 -0.3589 0.0444 0.2461 -0.1393 -0.2847 -0.3470 -0.3494 0.0685 0.2627 -0.1623 -0.2927 -0.3514 -0.3300 0.0915 0.2701 -0.1849 -0.3018 -0.3558 -0.2842 0.1203 0.2383 -0.2134 -0.3142 -0.3600 -0.1648 0.1640 0.0548 -0.2524 -0.3298 -0.3626 -0.0068 0.2197 -0.1122 -0.2797 -0.3455 -0.3491 0.0764 0.2693 -0.1828 -0.3031 -0.3571 -0.2473 0.1396 0.1629 -0.2290 -0.2937 -0.2290 0.1629 0.1396 -0.2473 -0.3571 -0.3031 -0.1828 0.2693 0.0764 -0.3491 -0.3455 -0.2797 -0.1122 0.2197 -0.0068 -0.3626 -0.3298 -0.2524 0.0548 0.1640 -0.1648 -0.3600 -0.3142 -0.2134 0.2383 0.1203 -0.2842 -0.3558 -0.3018 -0.1849 0.2701 0.0915 -0.3300 -0.3514 -0.2927 -0.1623 0.2627 0.0685 -0.3494 -0.3470 -0.2847 -0.1393 0.2461 0.0444 -0.3589 -0.3422 -0.2770 -0.1115 0.2261 0.0037
0.2295 -0.1229 -0.2799 -0.3441 -0.3562 0.0538 0.2528 -0.1481 -0.2876 -0.3486 -0.3441 0.0763 0.2668 -0.1695 -0.2954 -0.3527 -0.3212 0.0979 0.2686 -0.1900 -0.3037 -0.3565 -0.2746 0.1238 0.2315 -0.2153 -0.3147 -0.3601 -0.1648 0.1632 0.0621 -0.2505 -0.3290 -0.3625 -0.0149 0.2152 -0.1042 -0.2777 -0.3442 -0.3527 0.0697 0.2670 -0.1766 -0.3006 -0.3562 -0.2663 0.1327 0.1864 -0.2302 -0.3218 -0.3635 -0.3218 -0.2302 0.1864 0.1327 -0.2663 -0.3562 -0.3006 -0.1766 0.2670 0.0697 -0.3527 -0.3442 -0.2777 -0.1042 0.2152 -0.0149 -0.3625 -0.3290 -0.2505 0.0621 0.1632 -0.1648 -0.3601 -0.3147 -0.2153 0.2315 0.1238 -0.2746 -0.3565 -0.3037 -0.1900 0.2686 0.0979 -0.3212 -0.3527 -0.2954 -0.1695 0.2668 0.0763 -0.3441 -0.3486 -0.2876 -0.1481 0.2528 0.0538 -0.3562 -0.3441 -0.2799 -0.1229 0.2295
-0.1263 -0.2829 -0.3459 -0.3526 0.0626 0.2589 -0.1564 -0.2904 -0.3502 -0.3373 0.0840 0.2694 -0.1765 -0.2981 -0.3540 -0.3103 0.1048 0.2647 -0.1957 -0.3059 -0.3573 -0.2616 0.1285 0.2204 -0.2182 -0.3157 -0.3602 -0.1593 0.1640 0.0621 -0.2499 -0.3285 -0.3624 -0.0207 0.2118 -0.0974 -0.2760 -0.3430 -0.3553 0.0635 0.2639 -0.1707 -0.2983 -0.3552 -0.2825 0.1258 0.2108 -0.2253 -0.3203 -0.3693 -0.3341 -0.3693 -0.3203 -0.2253 0.2108 0.1258 -0.2825 -0.3552 -0.2983 -0.1707 0.2639 0.0635 -0.3553 -0.3430 -0.2760 -0.0974 0.2118 -0.0207 -0.3624 -0.3285 -0.2499 0.0621 0.1640 -0.1593 -0.3602 -0.3157 -0.2182 0.2204 0.1285 -0.2616 -0.3573 -0.3059 -0.1957 0.2647 0.1048 -0.3103 -0.3540 -0.2981 -0.1765 0.2694 0.0840 -0.3373 -0.3502 -0.2904 -0.1564 0.2589 0.0626 -0.3526 -0.3459 -0.2829 -0.1263
-0.2607 -0.3476 -0.3478 0.0709 0.2640 -0.1642 -0.2933 -0.3517 -0.3290 0.0916 0.2701 -0.1833 -0.3007 -0.3552 -0.2972 0.1119 0.2574 -0.2017 -0.3083 -0.3580 -0.2449 0.1342 0.2039 -0.2221 -0.3171 -0.3605 -0.1489 0.1665 0.0548 -0.2505 -0.3285 -0.3624 -0.0239 0.2097 -0.0923 -0.2747 -0.3421 -0.3571 0.0581 0.2606 -0.1653 -0.2961 -0.3542 -0.2959 0.1193 0.2302 -0.2197 -0.3181 -0.3618 -0.1353 0.0903 -0.1353 -0.3618 -0.3181 -0.2197 0.2302 0.1193 -0.2959 -0.3542 -0.2961 -0.1653 0.2606 0.0581 -0.3571 -0.3421 -0.2747 -0.0923 0.2097 -0.0239 -0.3624 -0.3285 -0.2505 0.0548 0.1665 -0.1489 -0.3605 -0.3171 -0.2221 0.2039 0.1342 -0.2449 -0.3580 -0.3083 -0.2017 0.2574 0.1119 -0.2972 -0.3552 -0.3007 -0.1833 0.2701 0.0916 -0.3290 -0.3517 -0.2933 -0.1642 0.2640 0.0709 -0.3478 -0.3476 -0.2607
-0.3280 -0.3420 0.0789 0.2678 -0.1716 -0.2961 -0.3531 -0.3190 0.0990 0.2684 -0.1899 -0.3034 -0.3563 -0.2820 0.1191 0.2459 -0.2078 -0.3108 -0.3588 -0.2248 0.1407 0.1814 -0.2268 -0.3188 -0.3608 -0.1339 0.1706 0.0408 -0.2524 -0.3290 -0.3624 -0.0239 0.2090 -0.0896 -0.2739 -0.3414 -0.3583 0.0537 0.2574 -0.1605 -0.2942 -0.3533 -0.3066 0.1133 0.2444 -0.2142 -0.3158 -0.3608 -0.1305 0.1601 0.2659 0.1601 -0.1305 -0.3608 -0.3158 -0.2142 0.2444 0.1133 -0.3066 -0.3533 -0.2942 -0.1605 0.2574 0.0537 -0.3583 -0.3414 -0.2739 -0.0896 0.2090 -0.0239 -0.3624 -0.3290 -0.2524 0.0408 0.1706 -0.1339 -0.3608 -0.3188 -0.2268 0.1814 0.1407 -0.2248 -0.3588 -0.3108 -0.2078 0.2459 0.1191 -0.2820 -0.3563 -0.3034 -0.1899 0.2684 0.0990 -0.3190 -0.3531 -0.2961 -0.1716 0.2678 0.0789 -0.3420 -0.3280
-0.3292 0.0868 0.2699 -0.1787 -0.2988 -0.3543 -0.3072 0.1064 0.2636 -0.1965 -0.3061 -0.3573 -0.2645 0.1263 0.2298 -0.2140 -0.3134 -0.3595 -0.2013 0.1479 0.1525 -0.2321 -0.3208 -0.3612 -0.1154 0.1762 0.0217 -0.2554 -0.3298 -0.3625 -0.0207 0.2097 -0.0896 -0.2737 -0.3410 -0.3589 0.0506 0.2549 -0.1566 -0.2926 -0.3524 -0.3149 0.1080 0.2542 -0.2092 -0.3137 -0.3602 -0.1497 0.1683 0.0723 -0.1939 0.0723 0.1683 -0.1497 -0.3602 -0.3137 -0.2092 0.2542 0.1080 -0.3149 -0.3524 -0.2926 -0.1566 0.2549 0.0506 -0.3589 -0.3410 -0.2737 -0.0896 0.2097 -0.0207 -0.3625 -0.3298 -0.2554 0.0217 0.1762 -0.1154 -0.3612 -0.3208 -0.2321 0.1525 0.1479 -0.2013 -0.3595 -0.3134 -0.2140 0.2298 0.1263 -0.2645 -0.3573 -0.3061 -0.1965 0.2636 0.1064 -0.3072 -0.3543 -0.2988 -0.1787 0.2699 0.0868 -0.3292
0.0878 0.2698 -0.1856 -0.3016 -0.3555 -0.2931 0.1138 0.2550 -0.2030 -0.3088 -0.3582 -0.2443 0.1337 0.2083 -0.2201 -0.3159 -0.3602 -0.1754 0.1557 0.1175 -0.2379 -0.3229 -0.3615 -0.0947 0.1821 -0.0003 -0.2593 -0.3310 -0.3626 -0.0149 0.2118 -0.0923 -0.2739 -0.3410 -0.3591 0.0489 0.2533 -0.1539 -0.2915 -0.3517 -0.3210 0.1034 0.2606 -0.2046 -0.3117 -0.3597 -0.1718 0.1639 0.0517 -0.2477 -0.3024 -0.2477 0.0517 0.1639 -0.1718 -0.3597 -0.3117 -0.2046 0.2606 0.1034 -0.3210 -0.3517 -0.2915 -0.1539 0.2533 0.0489 -0.3591 -0.3410 -0.2739 -0.0923 0.2118 -0.0149 -0.3626 -0.3310 -0.2593 -0.0003 0.1821 -0.0947 -0.3615 -0.3229 -0.2379 0.1175 0.1557 -0.1754 -0.3602 -0.3159 -0.2201 0.2083 0.1337 -0.2443 -0.3582 -0.3088 -0.2030 0.2550 0.1138 -0.2931 -0.3555 -0.3016 -0.1856 0.2698 0.0878
0.2604 -0.1922 -0.3043 -0.3566 -0.2768 0.1212 0.2420 -0.2094 -0.3114 -0.3590 -0.2213 0.1413 0.1811 -0.2263 -0.3183 -0.3607 -0.1484 0.1640 0.0791 -0.2440 -0.3252 -0.3618 -0.0732 0.1880 -0.0229 -0.2627 -0.3325 -0.3628 -0.0068 0.2152 -0.0974 -0.2747 -0.3414 -0.3589 0.0489 0.2527 -0.1525 -0.2907 -0.3512 -0.3252 0.0999 0.2645 -0.2006 -0.3099 -0.3591 -0.1922 0.1576 0.0754 -0.2493 -0.3295 -0.3690 -0.3295 -0.2493 0.0754 0.1576 -0.1922 -0.3591 -0.3099 -0.2006 0.2645 0.0999 -0.3252 -0.3512 -0.2907 -0.1525 0.2527 0.0489 -0.3589 -0.3414 -0.2747 -0.0974 0.2152 -0.0068 -0.3628 -0.3325 -0.2627 -0.0229 0.1880 -0.0732 -0.3618 -0.3252 -0.2440 0.0791 0.1640 -0.1484 -0.3607 -0.3183 -0.2263 0.1811 0.1413 -0.2213 -0.3590 -0.3114 -0.2094 0.2420 0.1212 -0.2768 -0.3566 -0.3043 -0.1922 0.2604
-0.1850 -0.3071 -0.3576 -0.2579 0.1287 0.2239 -0.2157 -0.3140 -0.3597 -0.1958 0.1493 0.1478 -0.2325 -0.3208 -0.3612 -0.1213 0.1728 0.0413 -0.2503 -0.3275 -0.3621 -0.0524 0.1944 -0.0443 -0.2651 -0.3342 -0.3629 0.0027 0.2197 -0.1042 -0.2760 -0.3421 -0.3583 0.0506 0.2533 -0.1525 -0.2905 -0.3510 -0.3277 0.0974 0.2667 -0.1975 -0.3085 -0.3587 -0.2095 0.1518 0.1036 -0.2453 -0.3277 -0.3696 -0.2934 -0.3696 -0.3277 -0.2453 0.1036 0.1518 -0.2095 -0.3587 -0.3085 -0.1975 0.2667 0.0974 -0.3277 -0.3510 -0.2905 -0.1525 0.2533 0.0506 -0.3583 -0.3421 -0.2760 -0.1042 0.2197 0.0027 -0.3629 -0.3342 -0.2651 -0.0443 0.1944 -0.0524 -0.3621 -0.3275 -0.2503 0.0413 0.1728 -0.1213 -0.3612 -0.3208 -0.2325 0.1478 0.1493 -0.1958 -0.3597 -0.3140 -0.2157 0.2239 0.1287 -0.2579 -0.3576 -0.3071 -0.1850
-0.2856 -0.3585 -0.2364 0.1363 0.2000 -0.2220 -0.3166 -0.3603 -0.1687 0.1576 0.1098 -0.2389 -0.3232 -0.3616 -0.0953 0.1810 0.0072 -0.2568 -0.3297 -0.3624 -0.0332 0.2015 -0.0637 -0.2678 -0.3360 -0.3628 0.0128 0.2253 -0.1122 -0.2777 -0.3430 -0.3571 0.0537 0.2549 -0.1539 -0.2907 -0.3510 -0.3286 0.0961 0.2677 -0.1953 -0.3074 -0.3583 -0.2230 0.1469 0.1291 -0.2410 -0.3260 -0.3626 -0.0576 0.1110 -0.0576 -0.3626 -0.3260 -0.2410 0.1291 0.1469 -0.2230 -0.3583 -0.3074 -0.1953 0.2677 0.0961 -0.3286 -0.3510 -0.2907 -0.1539 0.2549 0.0537 -0.3571 -0.3430 -0.2777 -0.1122 0.2253 0.0128 -0.3628 -0.3360 -0.2678 -0.0637 0.2015 -0.0332 -0.3624 -0.3297 -0.2568 0.0072 0.1810 -0.0953 -0.3616 -0.3232 -0.2389 0.1098 0.1576 -0.1687 -0.3603 -0.3166 -0.2220 0.2000 0.1363 -0.2364 -0.3585 -0.2856
-0.3404 -0.2125 0.1441 0.1701 -0.2284 -0.3191 -0.3609 -0.1407 0.1662 0.0699 -0.2454 -0.3256 -0.3619 -0.0709 0.1882 -0.0219 -0.2619 -0.3319 -0.3627 -0.0162 0.2088 -0.0808 -0.2706 -0.3379 -0.3622 0.0230 0.2316 -0.1208 -0.2797 -0.3442 -0.3553 0.0581 0.2574 -0.1566 -0.2915 -0.3512 -0.3277 0.0961 0.2680 -0.1942 -0.3067 -0.3580 -0.2326 0.1431 0.1491 -0.2372 -0.3245 -0.3620 -0.0495 0.1850 0.2541 0.1850 -0.0495 -0.3620 -0.3245 -0.2372 0.1491 0.1431 -0.2326 -0.3580 -0.3067 -0.1942 0.2680 0.0961 -0.3277 -0.3512 -0.2915 -0.1566 0.2574 0.0581 -0.3553 -0.3442 -0.2797 -0.1208 0.2316 0.0230 -0.3622 -0.3379 -0.2706 -0.0808 0.2088 -0.0162 -0.3627 -0.3319 -0.2619 -0.0219 0.1882 -0.0709 -0.3619 -0.3256 -0.2454 0.0699 0.1662 -0.1407 -0.3609 -0.3191 -0.2284 0.1701 0.1441 -0.2125 -0.3404
-0.2034 0.1524 0.1348 -0.2347 -0.3216 -0.3613 -0.1130 0.1752 0.0318 -0.2519 -0.3280 -0.3622 -0.0489 0.1954 -0.0462 -0.2652 -0.3341 -0.3629 -0.0013 0.2163 -0.0956 -0.2735 -0.3399 -0.3611 0.0331 0.2382 -0.1296 -0.2820 -0.3455 -0.3527 0.0635 0.2606 -0.1605 -0.2926 -0.3517 -0.3252 0.0974 0.2677 -0.1942 -0.3065 -0.3578 -0.2383 0.1405 0.1630 -0.2342 -0.3232 -0.3618 -0.0590 0.1964 -0.0366 -0.2162 -0.0366 0.1964 -0.0590 -0.3618 -0.3232 -0.2342 0.1630 0.1405 -0.2383 -0.3578 -0.3065 -0.1942 0.2677 0.0974 -0.3252 -0.3517 -0.2926 -0.1605 0.2606 0.0635 -0.3527 -0.3455 -0.2820 -0.1296 0.2382 0.0331 -0.3611 -0.3399 -0.2735 -0.0956 0.2163 -0.0013 -0.3629 -0.3341 -0.2652 -0.0462 0.1954 -0.0489 -0.3622 -0.3280 -0.2519 0.0318 0.1752 -0.1130 -0.3613 -0.3216 -0.2347 0.1348 0.1524 -0.2034
0.1564 0.0959 -0.2411 -0.3241 -0.3617 -0.0868 0.1835 -0.0020 -0.2584 -0.3303 -0.3625 -0.0294 0.2029 -0.0667 -0.2681 -0.3362 -0.3628 0.0119 0.2239 -0.1085 -0.2763 -0.3418 -0.3594 0.0428 0.2451 -0.1383 -0.2845 -0.3470 -0.3491 0.0697 0.2639 -0.1653 -0.2942 -0.3524 -0.3210 0.0999 0.2667 -0.1953 -0.3067 -0.3578 -0.2402 0.1392 0.1713 -0.2321 -0.3222 -0.3616 -0.0702 0.1936 -0.0536 -0.2646 -0.3125 -0.2646 -0.0536 0.1936 -0.0702 -0.3616 -0.3222 -0.2321 0.1713 0.1392 -0.2402 -0.3578 -0.3067 -0.1953 0.2667 0.0999 -0.3210 -0.3524 -0.2942 -0.1653 0.2639 0.0697 -0.3491 -0.3470 -0.2845 -0.1383 0.2451 0.0428 -0.3594 -0.3418 -0.2763 -0.1085 0.2239 0.0119 -0.3628 -0.3362 -0.2681 -0.0667 0.2029 -0.0294 -0.3625 -0.3303 -0.2584 -0.0020 0.1835 -0.0868 -0.3617 -0.3241 -0.2411 0.0959 0.1564
0.0542 -0.2476 -0.3265 -0.3620 -0.0628 0.1907 -0.0304 -0.2632 -0.3326 -0.3628 -0.0124 0.2105 -0.0840 -0.2711 -0.3382 -0.3621 0.0237 0.2315 -0.1198 -0.2792 -0.3436 -0.3569 0.0520 0.2517 -0.1468 -0.2872 -0.3485 -0.3444 0.0764 0.2670 -0.1707 -0.2961 -0.3533 -0.3149 0.1034 0.2645 -0.1975 -0.3074 -0.3580 -0.2383 0.1392 0.1741 -0.2311 -0.3216 -0.3615 -0.0797 0.1905 -0.0466 -0.2669 -0.3385 -0.3743 -0.3385 -0.2669 -0.0466 0.1905 -0.0797 -0.3615 -0.3216 -0.2311 0.1741 0.1392 -0.2383 -0.3580 -0.3074 -0.1975 0.2645 0.1034 -0.3149 -0.3533 -0.2961 -0.1707 0.2670 0.0764 -0.3444 -0.3485 -0.2872 -0.1468 0.2517 0.0520 -0.3569 -0.3436 -0.2792 -0.1198 0.2315 0.0237 -0.3621 -0.3382 -0.2711 -0.0840 0.2105 -0.0124 -0.3628 -0.3326 -0.2632 -0.0304 0.1907 -0.0628 -0.3620 -0.3265 -0.2476 0.0542
-0.2290 -0.3288 -0.3623 -0.0417 0.1980 -0.0537 -0.2662 -0.3348 -0.3629 0.0025 0.2183 -0.0988 -0.2741 -0.3403 -0.3609 0.0345 0.2390 -0.1301 -0.2820 -0.3454 -0.3536 0.0606 0.2577 -0.1549 -0.2900 -0.3500 -0.3382 0.0834 0.2693 -0.1766 -0.2983 -0.3542 -0.3066 0.1080 0.2606 -0.2006 -0.3085 -0.3583 -0.2326 0.1405 0.1713 -0.2311 -0.3214 -0.3614 -0.0858 0.1882 -0.0383 -0.2661 -0.3365 -0.3677 -0.2139 -0.3677 -0.3365 -0.2661 -0.0383 0.1882 -0.0858 -0.3614 -0.3214 -0.2311 0.1713 0.1405 -0.2326 -0.3583 -0.3085 -0.2006 0.2606 0.1080 -0.3066 -0.3542 -0.2983 -0.1766 0.2693 0.0834 -0.3382 -0.3500 -0.2900 -0.1549 0.2577 0.0606 -0.3536 -0.3454 -0.2820 -0.1301 0.2390 0.0345 -0.3609 -0.3403 -0.2741 -0.0988 0.2183 0.0025 -0.3629 -0.3348 -0.2662 -0.0537 0.1980 -0.0417 -0.3623 -0.3288 -0.2290
-0.3081 -0.3627 -0.0231 0.2055 -0.0731 -0.2692 -0.3369 -0.3626 0.0156 0.2261 -0.1116 -0.2770 -0.3422 -0.3589 0.0445 0.2461 -0.1394 -0.2848 -0.3471 -0.3493 0.0688 0.2629 -0.1625 -0.2927 -0.3514 -0.3305 0.0906 0.2702 -0.1828 -0.3006 -0.3552 -0.2959 0.1133 0.2542 -0.2046 -0.3099 -0.3587 -0.2230 0.1431 0.1630 -0.2321 -0.3216 -0.3614 -0.0879 0.1871 -0.0325 -0.2653 -0.3355 -0.3626 0.0084 0.1380 0.0084 -0.3626 -0.3355 -0.2653 -0.0325 0.1871 -0.0879 -0.3614 -0.3216 -0.2321 0.1630 0.1431 -0.2230 -0.3587 -0.3099 -0.2046 0.2542 0.1133 -0.2959 -0.3552 -0.3006 -0.1828 0.2702 0.0906 -0.3305 -0.3514 -0.2927 -0.1625 0.2629 0.0688 -0.3493 -0.3471 -0.2848 -0.1394 0.2461 0.0445 -0.3589 -0.3422 -0.2770 -0.1116 0.2261 0.0156 -0.3626 -0.3369 -0.2692 -0.0731 0.2055 -0.0231 -0.3627 -0.3081
-0.3472 -0.0068 0.2132 -0.0895 -0.2722 -0.3390 -0.3618 0.0274 0.2339 -0.1230 -0.2800 -0.3441 -0.3562 0.0538 0.2529 -0.1482 -0.2876 -0.3487 -0.3439 0.0766 0.2669 -0.1698 -0.2954 -0.3528 -0.3211 0.0978 0.2688 -0.1891 -0.3031 -0.3562 -0.2825 0.1193 0.2444 -0.2092 -0.3117 -0.3591 -0.2095 0.1469 0.1491 -0.2342 -0.3222 -0.3615 -0.0858 0.1871 -0.0304 -0.2648 -0.3350 -0.3627 0.0176 0.2175 0.1758 0.2175 0.0176 -0.3627 -0.3350 -0.2648 -0.0304 0.1871 -0.0858 -0.3615 -0.3222 -0.2342 0.1491 0.1469 -0.2095 -0.3591 -0.3117 -0.2092 0.2444 0.1193 -0.2825 -0.3562 -0.3031 -0.1891 0.2688 0.0978 -0.3211 -0.3528 -0.2954 -0.1698 0.2669 0.0766 -0.3439 -0.3487 -0.2876 -0.1482 0.2529 0.0538 -0.3562 -0.3441 -0.2800 -0.1230 0.2339 0.0274 -0.3618 -0.3390 -0.2722 -0.0895 0.2132 -0.0068 -0.3472
-0.0053 0.2210 -0.1035 -0.2751 -0.3410 -0.3603 0.0381 0.2415 -0.1332 -0.2829 -0.3459 -0.3525 0.0626 0.2590 -0.1564 -0.2904 -0.3502 -0.3372 0.0842 0.2695 -0.1768 -0.2981 -0.3541 -0.3100 0.1050 0.2647 -0.1955 -0.3057 -0.3571 -0.2663 0.1258 0.2302 -0.2142 -0.3137 -0.3597 -0.1922 0.1518 0.1291 -0.2372 -0.3232 -0.3616 -0.0797 0.1882 -0.0325 -0.2648 -0.3348 -0.3628 0.0171 0.2304 -0.1101 -0.2366 -0.1101 0.2304 0.0171 -0.3628 -0.3348 -0.2648 -0.0325 0.1882 -0.0797 -0.3616 -0.3232 -0.2372 0.1291 0.1518 -0.1922 -0.3597 -0.3137 -0.2142 0.2302 0.1258 -0.2663 -0.3571 -0.3057 -0.1955 0.2647 0.1050 -0.3100 -0.3541 -0.2981 -0.1768 0.2695 0.0842 -0.3372 -0.3502 -0.2904 -0.1564 0.2590 0.0626 -0.3525 -0.3459 -0.2829 -0.1332 0.2415 0.0381 -0.3603 -0.3410 -0.2751 -0.1035 0.2210 -0.0053
0.2247 -0.1157 -0.2780 -0.3429 -0.3581 0.0478 0.2485 -0.1424 -0.2857 -0.3476 -0.3479 0.0708 0.2640 -0.1642 -0.2933 -0.3517 -0.3291 0.0916 0.2701 -0.1834 -0.3008 -0.3553 -0.2970 0.1120 0.2573 -0.2017 -0.3083 -0.3580 -0.2473 0.1327 0.2108 -0.2197 -0.3158 -0.3602 -0.1718 0.1576 0.1036 -0.2410 -0.3245 -0.3618 -0.0702 0.1905 -0.0383 -0.2653 -0.3350 -0.3628 0.0164 0.2306 -0.1225 -0.2783 -0.3252 -0.2783 -0.1225 0.2306 0.0164 -0.3628 -0.3350 -0.2653 -0.0383 0.1905 -0.0702 -0.3618 -0.3245 -0.2410 0.1036 0.1576 -0.1718 -0.3602 -0.3158 -0.2197 0.2108 0.1327 -0.2473 -0.3580 -0.3083 -0.2017 0.2573 0.1120 -0.2970 -0.3553 -0.3008 -0.1834 0.2701 0.0916 -0.3291 -0.3517 -0.2933 -0.1642 0.2640 0.0708 -0.3479 -0.3476 -0.2857 -0.1424 0.2485 0.0478 -0.3581 -0.3429 -0.2780 -0.1157 0.2247
-0.1198 -0.2809 -0.3448 -0.3552 0.0565 0.2548 -0.1507 -0.2885 -0.3493 -0.3422 0.0784 0.2677 -0.1712 -0.2960 -0.3532 -0.3196 0.0986 0.2686 -0.1897 -0.3034 -0.3564 -0.2825 0.1187 0.2464 -0.2076 -0.3108 -0.3590 -0.2263 0.1396 0.1864 -0.2253 -0.3181 -0.3608 -0.1497 0.1639 0.0754 -0.2453 -0.3260 -0.3620 -0.0590 0.1936 -0.0466 -0.2661 -0.3355 -0.3627 0.0171 0.2306 -0.1234 -0.2812 -0.3491 -0.3787 -0.3491 -0.2812 -0.1234 0.2306 0.0171 -0.3627 -0.3355 -0.2661 -0.0466 0.1936 -0.0590 -0.3620 -0.3260 -0.2453 0.0754 0.1639 -0.1497 -0.3608 -0.3181 -0.2253 0.1864 0.1396 -0.2263 -0.3590 -0.3108 -0.2076 0.2464 0.1187 -0.2825 -0.3564 -0.3034 -0.1897 0.2686 0.0986 -0.3196 -0.3532 -0.2960 -0.1712 0.2677 0.0784 -0.3422 -0.3493 -0.2885 -0.1507 0.2548 0.0565 -0.3552 -0.3448 -0.2809 -0.1198
-0.2579 -0.3469 -0.3520 0.0630 0.2594 -0.1571 -0.2908 -0.3513 -0.3365 0.0842 0.2696 -0.1769 -0.2983 -0.3550 -0.3103 0.1040 0.2654 -0.1949 -0.3057 -0.3580 -0.2687 0.1238 0.2347 -0.2126 -0.3131 -0.3604 -0.2073 0.1447 0.1629 -0.2302 -0.3203 -0.3618 -0.1305 0.1683 0.0517 -0.2493 -0.3277 -0.3626 -0.0495 0.1964 -0.0536 -0.2669 -0.3365 -0.3626 0.0176 0.2304 -0.1225 -0.2812 -0.3468 -0.3564 -0.0870 -0.3564 -0.3468 -0.2812 -0.1225 0.2304 0.0176 -0.3626 -0.3365 -0.2669 -0.0536 0.1964 -0.0495 -0.3626 -0.3277 -0.2493 0.0517 0.1683 -0.1305 -0.3618 -0.3203 -0.2302 0.1629 0.1447 -0.2073 -0.3604 -0.3131 -0.2126 0.2347 0.1238 -0.2687 -0.3580 -0.3057 -0.1949 0.2654 0.1040 -0.3103 -0.3550 -0.2983 -0.1769 0.2696 0.0842 -0.3365 -0.3513 -0.2908 -0.1571 0.2594 0.0630 -0.3520 -0.3469 -0.2579
-0.3285 -0.3533 0.0607 0.2576 -0.1544 -0.2907 -0.3566 -0.3369 0.0817 0.2694 -0.1748 -0.2985 -0.3611 -0.3112 0.1009 0.2681 -0.1933 -0.3062 -0.3647 -0.2707 0.1197 0.2428 -0.2111 -0.3141 -0.3676 -0.2106 0.1393 0.1780 -0.2290 -0.3218 -0.3693 -0.1353 0.1601 0.0723 -0.2477 -0.3295 -0.3696 -0.0576 0.1850 -0.0366 -0.2646 -0.3385 -0.3677 0.0084 0.2175 -0.1101 -0.2783 -0.3491 -0.3564 0.0489 0.1597 0.0489 -0.3564 -0.3491 -0.2783 -0.1101 0.2175 0.0084 -0.3677 -0.3385 -0.2646 -0.0366 0.1850 -0.0576 -0.3696 -0.3295 -0.2477 0.0723 0.1601 -0.1353 -0.3693 -0.3218 -0.2290 0.1780 0.1393 -0.2106 -0.3676 -0.3141 -0.2111 0.2428 0.1197 -0.2707 -0.3647 -0.3062 -0.1933 0.2681 0.1009 -0.3112 -0.3611 -0.2985 -0.1748 0.2694 0.0817 -0.3369 -0.3566 -0.2907 -0.1544 0.2576 0.0607 -0.3533 -0.3285
-0.3615 -0.0632 0.1788 -0.0051 -0.2598 -0.3372 -0.3796 -0.0141 0.1987 -0.0704 -0.2683 -0.3443 -0.3776 0.0214 0.2194 -0.1124 -0.2766 -0.3510 -0.3712 0.0480 0.2396 -0.1437 -0.2851 -0.3575 -0.3577 0.0704 0.2571 -0.1700 -0.2937 -0.3635 -0.3341 0.0903 0.2659 -0.1939 -0.3024 -0.3690 -0.2934 0.1110 0.2541 -0.2162 -0.3125 -0.3743 -0.2139 0.1380 0.1758 -0.2366 -0.3252 -0.3787 -0.0870 0.1597 0.2617 0.1597 -0.0870 -0.3787 -0.3252 -0.2366 0.1758 0.1380 -0.2139 -0.3743 -0.3125 -0.2162 0.2541 0.1110 -0.2934 -0.3690 -0.3024 -0.1939 0.2659 0.0903 -0.3341 -0.3635 -0.2937 -0.1700 0.2571 0.0704 -0.3577 -0.3575 -0.2851 -0.1437 0.2396 0.0480 -0.3712 -0.3510 -0.2766 -0.1124 0.2194 0.0214 -0.3776 -0.3443 -0.2683 -0.0704 0.1987 -0.0141 -0.3796 -0.3372 -0.2598 -0.0051 0.1788 -0.0632 -0.3615
