0.4965 0.2767 0.1512 0.1818 0.2854 0.4818 0.4535 0.1849 0.1540 0.2062 0.3411 0.5086 0.3828 0.1583 0.1640 0.2391 0.4091 0.4964 0.2826 0.1513 0.1804 0.2820 0.4779 0.4575 0.1888 0.1535 0.2041 0.3365 0.5083 0.3891 0.1593 0.1630 0.2364 0.4038 0.4982 0.2908 0.1515 0.1790 0.2785 0.4735 0.4613 0.1933 0.1531 0.2021 0.3320 0.5078 0.3953 0.1605 0.1615 0.2252 0.3081 0.2252 0.1615 0.1605 0.3953 0.5078 0.3320 0.2021 0.1531 0.1933 0.4613 0.4735 0.2785 0.1790 0.1515 0.2908 0.4982 0.4038 0.2364 0.1630 0.1593 0.3891 0.5083 0.3365 0.2041 0.1535 0.1888 0.4575 0.4779 0.2820 0.1804 0.1513 0.2826 0.4964 0.4091 0.2391 0.1640 0.1583 0.3828 0.5086 0.3411 0.2062 0.1540 0.1849 0.4535 0.4818 0.2854 0.1818 0.1512 0.2767 0.4965
0.2767 0.1396 0.1735 0.2809 0.4823 0.4565 0.1804 0.1427 0.1984 0.3373 0.5100 0.3878 0.1481 0.1539 0.2324 0.4071 0.4983 0.2881 0.1397 0.1714 0.2766 0.4778 0.4605 0.1854 0.1421 0.1962 0.3327 0.5096 0.3940 0.1493 0.1529 0.2296 0.4016 0.5001 0.2964 0.1400 0.1699 0.2730 0.4733 0.4643 0.1909 0.1416 0.1941 0.3280 0.5091 0.4000 0.1506 0.1517 0.2253 0.3833 0.5006 0.3833 0.2253 0.1517 0.1506 0.4000 0.5091 0.3280 0.1941 0.1416 0.1909 0.4643 0.4733 0.2730 0.1699 0.1400 0.2964 0.5001 0.4016 0.2296 0.1529 0.1493 0.3940 0.5096 0.3327 0.1962 0.1421 0.1854 0.4605 0.4778 0.2766 0.1714 0.1397 0.2881 0.4983 0.4071 0.2324 0.1539 0.1481 0.3878 0.5100 0.3373 0.1984 0.1427 0.1804 0.4565 0.4823 0.2809 0.1735 0.1396 0.2767
0.1512 0.1735 0.2787 0.4782 0.4611 0.1871 0.1419 0.1952 0.3302 0.5092 0.3972 0.1500 0.1523 0.2280 0.3984 0.5009 0.3010 0.1401 0.1690 0.2709 0.4706 0.4662 0.1942 0.1413 0.1929 0.3255 0.5085 0.4032 0.1514 0.1513 0.2252 0.3930 0.5025 0.3091 0.1404 0.1676 0.2674 0.4657 0.4697 0.2006 0.1409 0.1909 0.3210 0.5075 0.4089 0.1529 0.1503 0.2222 0.3852 0.5051 0.4353 0.5051 0.3852 0.2222 0.1503 0.1529 0.4089 0.5075 0.3210 0.1909 0.1409 0.2006 0.4697 0.4657 0.2674 0.1676 0.1404 0.3091 0.5025 0.3930 0.2252 0.1513 0.1514 0.4032 0.5085 0.3255 0.1929 0.1413 0.1942 0.4662 0.4706 0.2709 0.1690 0.1401 0.3010 0.5009 0.3984 0.2280 0.1523 0.1500 0.3972 0.5092 0.3302 0.1952 0.1419 0.1871 0.4611 0.4782 0.2787 0.1735 0.1512
0.1818 0.2809 0.4782 0.4629 0.1917 0.1414 0.1926 0.3241 0.5082 0.4058 0.1521 0.1508 0.2238 0.3901 0.5033 0.3136 0.1406 0.1668 0.2654 0.4630 0.4716 0.2044 0.1407 0.1897 0.3185 0.5069 0.4120 0.1538 0.1498 0.2210 0.3846 0.5047 0.3215 0.1410 0.1653 0.2619 0.4579 0.4748 0.2115 0.1403 0.1878 0.3141 0.5055 0.4175 0.1556 0.1489 0.2183 0.3788 0.5060 0.3487 0.1665 0.3487 0.5060 0.3788 0.2183 0.1489 0.1556 0.4175 0.5055 0.3141 0.1878 0.1403 0.2115 0.4748 0.4579 0.2619 0.1653 0.1410 0.3215 0.5047 0.3846 0.2210 0.1498 0.1538 0.4120 0.5069 0.3185 0.1897 0.1407 0.2044 0.4716 0.4630 0.2654 0.1668 0.1406 0.3136 0.5033 0.3901 0.2238 0.1508 0.1521 0.4058 0.5082 0.3241 0.1926 0.1414 0.1917 0.4629 0.4782 0.2809 0.1818
0.2854 0.4823 0.4611 0.1917 0.1412 0.1912 0.3198 0.5070 0.4130 0.1543 0.1495 0.2198 0.3820 0.5053 0.3257 0.1413 0.1646 0.2600 0.4550 0.4766 0.2156 0.1402 0.1867 0.3117 0.5047 0.4204 0.1566 0.1484 0.2169 0.3763 0.5065 0.3336 0.1418 0.1632 0.2566 0.4498 0.4796 0.2233 0.1399 0.1848 0.3075 0.5028 0.4256 0.1586 0.1476 0.2144 0.3710 0.5075 0.3444 0.1428 0.1408 0.1428 0.3444 0.5075 0.3710 0.2144 0.1476 0.1586 0.4256 0.5028 0.3075 0.1848 0.1399 0.2233 0.4796 0.4498 0.2566 0.1632 0.1418 0.3336 0.5065 0.3763 0.2169 0.1484 0.1566 0.4204 0.5047 0.3117 0.1867 0.1402 0.2156 0.4766 0.4550 0.2600 0.1646 0.1413 0.3257 0.5053 0.3820 0.2198 0.1495 0.1543 0.4130 0.5070 0.3198 0.1912 0.1412 0.1917 0.4611 0.4823 0.2854
0.4818 0.4565 0.1871 0.1414 0.1912 0.3182 0.5061 0.4178 0.1563 0.1484 0.2164 0.3747 0.5069 0.3370 0.1420 0.1626 0.2549 0.4469 0.4812 0.2276 0.1398 0.1837 0.3051 0.5017 0.4284 0.1599 0.1471 0.2130 0.3682 0.5080 0.3453 0.1427 0.1612 0.2515 0.4414 0.4840 0.2358 0.1396 0.1819 0.3010 0.4994 0.4334 0.1623 0.1463 0.2105 0.3631 0.5087 0.3532 0.1434 0.1553 0.1934 0.1553 0.1434 0.3532 0.5087 0.3631 0.2105 0.1463 0.1623 0.4334 0.4994 0.3010 0.1819 0.1396 0.2358 0.4840 0.4414 0.2515 0.1612 0.1427 0.3453 0.5080 0.3682 0.2130 0.1471 0.1599 0.4284 0.5017 0.3051 0.1837 0.1398 0.2276 0.4812 0.4469 0.2549 0.1626 0.1420 0.3370 0.5069 0.3747 0.2164 0.1484 0.1563 0.4178 0.5061 0.3182 0.1912 0.1414 0.1871 0.4565 0.4818
0.4535 0.1804 0.1419 0.1926 0.3198 0.5061 0.4195 0.1575 0.1477 0.2139 0.3687 0.5081 0.3470 0.1429 0.1607 0.2501 0.4388 0.4853 0.2400 0.1395 0.1809 0.2987 0.4980 0.4360 0.1637 0.1459 0.2091 0.3602 0.5090 0.3566 0.1437 0.1592 0.2465 0.4329 0.4880 0.2487 0.1395 0.1791 0.2946 0.4951 0.4407 0.1665 0.1451 0.2067 0.3552 0.5095 0.3637 0.1445 0.1573 0.2344 0.3273 0.2344 0.1573 0.1445 0.3637 0.5095 0.3552 0.2067 0.1451 0.1665 0.4407 0.4951 0.2946 0.1791 0.1395 0.2487 0.4880 0.4329 0.2465 0.1592 0.1437 0.3566 0.5090 0.3602 0.2091 0.1459 0.1637 0.4360 0.4980 0.2987 0.1809 0.1395 0.2400 0.4853 0.4388 0.2501 0.1607 0.1429 0.3470 0.5081 0.3687 0.2139 0.1477 0.1575 0.4195 0.5061 0.3198 0.1926 0.1419 0.1804 0.4535
0.1849 0.1427 0.1952 0.3241 0.5070 0.4178 0.1575 0.1475 0.2125 0.3646 0.5088 0.3550 0.1437 0.1591 0.2457 0.4310 0.4891 0.2524 0.1394 0.1783 0.2926 0.4935 0.4432 0.1682 0.1447 0.2054 0.3524 0.5097 0.3674 0.1450 0.1574 0.2417 0.4243 0.4918 0.2618 0.1394 0.1765 0.2885 0.4901 0.4477 0.1717 0.1440 0.2031 0.3475 0.5100 0.3741 0.1459 0.1561 0.2371 0.4059 0.5059 0.4059 0.2371 0.1561 0.1459 0.3741 0.5100 0.3475 0.2031 0.1440 0.1717 0.4477 0.4901 0.2885 0.1765 0.1394 0.2618 0.4918 0.4243 0.2417 0.1574 0.1450 0.3674 0.5097 0.3524 0.2054 0.1447 0.1682 0.4432 0.4935 0.2926 0.1783 0.1394 0.2524 0.4891 0.4310 0.2457 0.1591 0.1437 0.3550 0.5088 0.3646 0.2125 0.1475 0.1575 0.4178 0.5070 0.3241 0.1952 0.1427 0.1849
0.1540 0.1984 0.3302 0.5082 0.4130 0.1563 0.1477 0.2125 0.3632 0.5091 0.3603 0.1445 0.1578 0.2420 0.4239 0.4922 0.2643 0.1394 0.1758 0.2867 0.4883 0.4499 0.1736 0.1437 0.2019 0.3448 0.5100 0.3778 0.1464 0.1556 0.2370 0.4157 0.4951 0.2750 0.1395 0.1739 0.2825 0.4842 0.4543 0.1779 0.1430 0.1996 0.3400 0.5100 0.3842 0.1475 0.1545 0.2337 0.4077 0.4997 0.4151 0.4997 0.4077 0.2337 0.1545 0.1475 0.3842 0.5100 0.3400 0.1996 0.1430 0.1779 0.4543 0.4842 0.2825 0.1739 0.1395 0.2750 0.4951 0.4157 0.2370 0.1556 0.1464 0.3778 0.5100 0.3448 0.2019 0.1437 0.1736 0.4499 0.4883 0.2867 0.1758 0.1394 0.2643 0.4922 0.4239 0.2420 0.1578 0.1445 0.3603 0.5091 0.3632 0.2125 0.1477 0.1563 0.4130 0.5082 0.3302 0.1984 0.1540
0.2062 0.3373 0.5092 0.4058 0.1543 0.1484 0.2139 0.3646 0.5091 0.3622 0.1449 0.1570 0.2393 0.4182 0.4947 0.2749 0.1395 0.1735 0.2812 0.4827 0.4560 0.1799 0.1427 0.1985 0.3375 0.5099 0.3876 0.1481 0.1539 0.2324 0.4071 0.4982 0.2880 0.1397 0.1714 0.2766 0.4777 0.4604 0.1853 0.1421 0.1962 0.3326 0.5095 0.3939 0.1493 0.1529 0.2295 0.4011 0.5004 0.3172 0.1548 0.3172 0.5004 0.4011 0.2295 0.1529 0.1493 0.3939 0.5095 0.3326 0.1962 0.1421 0.1853 0.4604 0.4777 0.2766 0.1714 0.1397 0.2880 0.4982 0.4071 0.2324 0.1539 0.1481 0.3876 0.5099 0.3375 0.1985 0.1427 0.1799 0.4560 0.4827 0.2812 0.1735 0.1395 0.2749 0.4947 0.4182 0.2393 0.1570 0.1449 0.3622 0.5091 0.3646 0.2139 0.1484 0.1543 0.4058 0.5092 0.3373 0.2062
0.3411 0.5100 0.3972 0.1521 0.1495 0.2164 0.3687 0.5088 0.3603 0.1449 0.1567 0.2379 0.4145 0.4965 0.2833 0.1397 0.1716 0.2764 0.4769 0.4615 0.1872 0.1419 0.1953 0.3305 0.5093 0.3969 0.1500 0.1523 0.2281 0.3986 0.5009 0.3008 0.1401 0.1690 0.2710 0.4706 0.4662 0.1942 0.1413 0.1929 0.3255 0.5085 0.4032 0.1514 0.1513 0.2252 0.3930 0.5026 0.3126 0.1402 0.1436 0.1402 0.3126 0.5026 0.3930 0.2252 0.1513 0.1514 0.4032 0.5085 0.3255 0.1929 0.1413 0.1942 0.4662 0.4706 0.2710 0.1690 0.1401 0.3008 0.5009 0.3986 0.2281 0.1523 0.1500 0.3969 0.5093 0.3305 0.1953 0.1419 0.1872 0.4615 0.4769 0.2764 0.1716 0.1397 0.2833 0.4965 0.4145 0.2379 0.1567 0.1449 0.3603 0.5088 0.3687 0.2164 0.1495 0.1521 0.3972 0.5100 0.3411
0.5086 0.3878 0.1500 0.1508 0.2198 0.3747 0.5081 0.3550 0.1445 0.1570 0.2379 0.4132 0.4974 0.2887 0.1399 0.1701 0.2724 0.4714 0.4662 0.1950 0.1412 0.1923 0.3238 0.5081 0.4057 0.1521 0.1509 0.2239 0.3904 0.5032 0.3133 0.1406 0.1668 0.2655 0.4630 0.4715 0.2043 0.1407 0.1898 0.3185 0.5069 0.4120 0.1538 0.1498 0.2210 0.3846 0.5047 0.3222 0.1410 0.1603 0.2028 0.1603 0.1410 0.3222 0.5047 0.3846 0.2210 0.1498 0.1538 0.4120 0.5069 0.3185 0.1898 0.1407 0.2043 0.4715 0.4630 0.2655 0.1668 0.1406 0.3133 0.5032 0.3904 0.2239 0.1509 0.1521 0.4057 0.5081 0.3238 0.1923 0.1412 0.1950 0.4662 0.4714 0.2724 0.1701 0.1399 0.2887 0.4974 0.4132 0.2379 0.1570 0.1445 0.3550 0.5081 0.3747 0.2198 0.1508 0.1500 0.3878 0.5086
0.3828 0.1481 0.1523 0.2238 0.3820 0.5069 0.3470 0.1437 0.1578 0.2393 0.4145 0.4974 0.2906 0.1400 0.1692 0.2695 0.4669 0.4699 0.2026 0.1407 0.1896 0.3177 0.5066 0.4139 0.1545 0.1495 0.2198 0.3822 0.5052 0.3252 0.1412 0.1647 0.2602 0.4552 0.4765 0.2155 0.1402 0.1867 0.3118 0.5047 0.4204 0.1566 0.1485 0.2169 0.3764 0.5065 0.3337 0.1418 0.1624 0.2473 0.3477 0.2473 0.1624 0.1418 0.3337 0.5065 0.3764 0.2169 0.1485 0.1566 0.4204 0.5047 0.3118 0.1867 0.1402 0.2155 0.4765 0.4552 0.2602 0.1647 0.1412 0.3252 0.5052 0.3822 0.2198 0.1495 0.1545 0.4139 0.5066 0.3177 0.1896 0.1407 0.2026 0.4699 0.4669 0.2695 0.1692 0.1400 0.2906 0.4974 0.4145 0.2393 0.1578 0.1437 0.3470 0.5069 0.3820 0.2238 0.1523 0.1481 0.3828
0.1583 0.1539 0.2280 0.3901 0.5053 0.3370 0.1429 0.1591 0.2420 0.4182 0.4965 0.2887 0.1400 0.1688 0.2680 0.4639 0.4725 0.2090 0.1404 0.1874 0.3124 0.5047 0.4211 0.1571 0.1482 0.2160 0.3743 0.5069 0.3368 0.1420 0.1626 0.2551 0.4472 0.4810 0.2273 0.1398 0.1838 0.3052 0.5017 0.4284 0.1598 0.1471 0.2130 0.3682 0.5079 0.3452 0.1427 0.1610 0.2500 0.4286 0.5075 0.4286 0.2500 0.1610 0.1427 0.3452 0.5079 0.3682 0.2130 0.1471 0.1598 0.4284 0.5017 0.3052 0.1838 0.1398 0.2273 0.4810 0.4472 0.2551 0.1626 0.1420 0.3368 0.5069 0.3743 0.2160 0.1482 0.1571 0.4211 0.5047 0.3124 0.1874 0.1404 0.2090 0.4725 0.4639 0.2680 0.1688 0.1400 0.2887 0.4965 0.4182 0.2420 0.1591 0.1429 0.3370 0.5053 0.3901 0.2280 0.1539 0.1583
0.1640 0.2324 0.3984 0.5033 0.3257 0.1420 0.1607 0.2457 0.4239 0.4947 0.2833 0.1399 0.1692 0.2680 0.4629 0.4738 0.2133 0.1401 0.1857 0.3080 0.5026 0.4274 0.1598 0.1471 0.2125 0.3668 0.5082 0.3479 0.1429 0.1607 0.2502 0.4391 0.4852 0.2395 0.1396 0.1810 0.2989 0.4981 0.4359 0.1636 0.1459 0.2091 0.3603 0.5090 0.3565 0.1437 0.1592 0.2462 0.4305 0.4919 0.3919 0.4919 0.4305 0.2462 0.1592 0.1437 0.3565 0.5090 0.3603 0.2091 0.1459 0.1636 0.4359 0.4981 0.2989 0.1810 0.1396 0.2395 0.4852 0.4391 0.2502 0.1607 0.1429 0.3479 0.5082 0.3668 0.2125 0.1471 0.1598 0.4274 0.5026 0.3080 0.1857 0.1401 0.2133 0.4738 0.4629 0.2680 0.1692 0.1399 0.2833 0.4947 0.4239 0.2457 0.1607 0.1420 0.3257 0.5033 0.3984 0.2324 0.1640
0.2391 0.4071 0.5009 0.3136 0.1413 0.1626 0.2501 0.4310 0.4922 0.2749 0.1397 0.1701 0.2695 0.4639 0.4738 0.2148 0.1400 0.1846 0.3049 0.5007 0.4323 0.1624 0.1461 0.2094 0.3600 0.5091 0.3582 0.1440 0.1588 0.2454 0.4308 0.4890 0.2521 0.1394 0.1784 0.2928 0.4937 0.4430 0.1681 0.1448 0.2055 0.3526 0.5097 0.3673 0.1450 0.1574 0.2417 0.4238 0.4924 0.2832 0.1473 0.2832 0.4924 0.4238 0.2417 0.1574 0.1450 0.3673 0.5097 0.3526 0.2055 0.1448 0.1681 0.4430 0.4937 0.2928 0.1784 0.1394 0.2521 0.4890 0.4308 0.2454 0.1588 0.1440 0.3582 0.5091 0.3600 0.2094 0.1461 0.1624 0.4323 0.5007 0.3049 0.1846 0.1400 0.2148 0.4738 0.4639 0.2695 0.1701 0.1397 0.2749 0.4922 0.4310 0.2501 0.1626 0.1413 0.3136 0.5009 0.4071 0.2391
0.4091 0.4983 0.3010 0.1406 0.1646 0.2549 0.4388 0.4891 0.2643 0.1395 0.1716 0.2724 0.4669 0.4725 0.2133 0.1400 0.1842 0.3033 0.4994 0.4358 0.1647 0.1454 0.2068 0.3541 0.5097 0.3673 0.1451 0.1572 0.2409 0.4226 0.4925 0.2648 0.1394 0.1758 0.2869 0.4885 0.4496 0.1733 0.1437 0.2020 0.3451 0.5100 0.3776 0.1464 0.1556 0.2370 0.4156 0.4953 0.2785 0.1386 0.1469 0.1386 0.2785 0.4953 0.4156 0.2370 0.1556 0.1464 0.3776 0.5100 0.3451 0.2020 0.1437 0.1733 0.4496 0.4885 0.2869 0.1758 0.1394 0.2648 0.4925 0.4226 0.2409 0.1572 0.1451 0.3673 0.5097 0.3541 0.2068 0.1454 0.1647 0.4358 0.4994 0.3033 0.1842 0.1400 0.2133 0.4725 0.4669 0.2724 0.1716 0.1395 0.2643 0.4891 0.4388 0.2549 0.1646 0.1406 0.3010 0.4983 0.4091
0.4964 0.2881 0.1401 0.1668 0.2600 0.4469 0.4853 0.2524 0.1394 0.1735 0.2764 0.4714 0.4699 0.2090 0.1401 0.1846 0.3033 0.4989 0.4375 0.1662 0.1449 0.2048 0.3494 0.5100 0.3751 0.1462 0.1557 0.2368 0.4148 0.4956 0.2773 0.1395 0.1733 0.2811 0.4827 0.4559 0.1797 0.1427 0.1986 0.3378 0.5099 0.3873 0.1480 0.1540 0.2325 0.4072 0.4982 0.2886 0.1396 0.1659 0.2130 0.1659 0.1396 0.2886 0.4982 0.4072 0.2325 0.1540 0.1480 0.3873 0.5099 0.3378 0.1986 0.1427 0.1797 0.4559 0.4827 0.2811 0.1733 0.1395 0.2773 0.4956 0.4148 0.2368 0.1557 0.1462 0.3751 0.5100 0.3494 0.2048 0.1449 0.1662 0.4375 0.4989 0.3033 0.1846 0.1401 0.2090 0.4699 0.4714 0.2764 0.1735 0.1394 0.2524 0.4853 0.4469 0.2600 0.1668 0.1401 0.2881 0.4964
0.2826 0.1397 0.1690 0.2654 0.4550 0.4812 0.2400 0.1394 0.1758 0.2812 0.4769 0.4662 0.2026 0.1404 0.1857 0.3049 0.4994 0.4375 0.1668 0.1446 0.2036 0.3461 0.5100 0.3813 0.1473 0.1544 0.2332 0.4077 0.4982 0.2890 0.1398 0.1710 0.2755 0.4763 0.4617 0.1873 0.1419 0.1954 0.3308 0.5093 0.3965 0.1499 0.1524 0.2282 0.3989 0.5008 0.3007 0.1401 0.1682 0.2613 0.3692 0.2613 0.1682 0.1401 0.3007 0.5008 0.3989 0.2282 0.1524 0.1499 0.3965 0.5093 0.3308 0.1954 0.1419 0.1873 0.4617 0.4763 0.2755 0.1710 0.1398 0.2890 0.4982 0.4077 0.2332 0.1544 0.1473 0.3813 0.5100 0.3461 0.2036 0.1446 0.1668 0.4375 0.4994 0.3049 0.1857 0.1404 0.2026 0.4662 0.4769 0.2812 0.1758 0.1394 0.2400 0.4812 0.4550 0.2654 0.1690 0.1397 0.2826
0.1513 0.1714 0.2709 0.4630 0.4766 0.2276 0.1395 0.1783 0.2867 0.4827 0.4615 0.1950 0.1407 0.1874 0.3080 0.5007 0.4358 0.1662 0.1446 0.2032 0.3443 0.5100 0.3855 0.1482 0.1535 0.2303 0.4015 0.5004 0.2996 0.1401 0.1689 0.2703 0.4695 0.4672 0.1961 0.1412 0.1922 0.3239 0.5082 0.4054 0.1520 0.1509 0.2240 0.3907 0.5032 0.3129 0.1406 0.1667 0.2640 0.4510 0.5059 0.4510 0.2640 0.1667 0.1406 0.3129 0.5032 0.3907 0.2240 0.1509 0.1520 0.4054 0.5082 0.3239 0.1922 0.1412 0.1961 0.4672 0.4695 0.2703 0.1689 0.1401 0.2996 0.5004 0.4015 0.2303 0.1535 0.1482 0.3855 0.5100 0.3443 0.2032 0.1446 0.1662 0.4358 0.5007 0.3080 0.1874 0.1407 0.1950 0.4615 0.4827 0.2867 0.1783 0.1395 0.2276 0.4766 0.4630 0.2709 0.1714 0.1513
0.1804 0.2766 0.4706 0.4716 0.2156 0.1398 0.1809 0.2926 0.4883 0.4560 0.1872 0.1412 0.1896 0.3124 0.5026 0.4323 0.1647 0.1449 0.2036 0.3443 0.5100 0.3877 0.1488 0.1528 0.2281 0.3965 0.5020 0.3086 0.1405 0.1671 0.2657 0.4628 0.4720 0.2058 0.1406 0.1892 0.3172 0.5065 0.4139 0.1544 0.1495 0.2200 0.3825 0.5052 0.3248 0.1412 0.1647 0.2600 0.4531 0.4817 0.3654 0.4817 0.4531 0.2600 0.1647 0.1412 0.3248 0.5052 0.3825 0.2200 0.1495 0.1544 0.4139 0.5065 0.3172 0.1892 0.1406 0.2058 0.4720 0.4628 0.2657 0.1671 0.1405 0.3086 0.5020 0.3965 0.2281 0.1528 0.1488 0.3877 0.5100 0.3443 0.2036 0.1449 0.1647 0.4323 0.5026 0.3124 0.1896 0.1412 0.1872 0.4560 0.4883 0.2926 0.1809 0.1398 0.2156 0.4716 0.4706 0.2766 0.1804
0.2820 0.4778 0.4662 0.2044 0.1402 0.1837 0.2987 0.4935 0.4499 0.1799 0.1419 0.1923 0.3177 0.5047 0.4274 0.1624 0.1454 0.2048 0.3461 0.5100 0.3877 0.1490 0.1525 0.2267 0.3930 0.5032 0.3158 0.1409 0.1655 0.2616 0.4564 0.4762 0.2156 0.1402 0.1864 0.3108 0.5042 0.4219 0.1572 0.1482 0.2161 0.3745 0.5069 0.3364 0.1420 0.1627 0.2552 0.4470 0.4819 0.2477 0.1422 0.2477 0.4819 0.4470 0.2552 0.1627 0.1420 0.3364 0.5069 0.3745 0.2161 0.1482 0.1572 0.4219 0.5042 0.3108 0.1864 0.1402 0.2156 0.4762 0.4564 0.2616 0.1655 0.1409 0.3158 0.5032 0.3930 0.2267 0.1525 0.1490 0.3877 0.5100 0.3461 0.2048 0.1454 0.1624 0.4274 0.5047 0.3177 0.1923 0.1419 0.1799 0.4499 0.4935 0.2987 0.1837 0.1402 0.2044 0.4662 0.4778 0.2820
0.4779 0.4605 0.1942 0.1407 0.1867 0.3051 0.4980 0.4432 0.1736 0.1427 0.1953 0.3238 0.5066 0.4211 0.1598 0.1461 0.2068 0.3494 0.5100 0.3855 0.1488 0.1525 0.2262 0.3912 0.5039 0.3208 0.1412 0.1643 0.2582 0.4508 0.4797 0.2251 0.1398 0.1838 0.3049 0.5014 0.4294 0.1604 0.1469 0.2123 0.3667 0.5082 0.3477 0.1429 0.1607 0.2503 0.4392 0.4853 0.2427 0.1381 0.1509 0.1381 0.2427 0.4853 0.4392 0.2503 0.1607 0.1429 0.3477 0.5082 0.3667 0.2123 0.1469 0.1604 0.4294 0.5014 0.3049 0.1838 0.1398 0.2251 0.4797 0.4508 0.2582 0.1643 0.1412 0.3208 0.5039 0.3912 0.2262 0.1525 0.1488 0.3855 0.5100 0.3494 0.2068 0.1461 0.1598 0.4211 0.5066 0.3238 0.1953 0.1427 0.1736 0.4432 0.4980 0.3051 0.1867 0.1407 0.1942 0.4605 0.4779
0.4575 0.1854 0.1413 0.1897 0.3117 0.5017 0.4360 0.1682 0.1437 0.1985 0.3305 0.5081 0.4139 0.1571 0.1471 0.2094 0.3541 0.5100 0.3813 0.1482 0.1528 0.2267 0.3912 0.5041 0.3234 0.1414 0.1635 0.2557 0.4462 0.4825 0.2337 0.1396 0.1816 0.2995 0.4982 0.4362 0.1640 0.1458 0.2086 0.3590 0.5092 0.3585 0.1439 0.1589 0.2455 0.4310 0.4890 0.2525 0.1392 0.1725 0.2247 0.1725 0.1392 0.2525 0.4890 0.4310 0.2455 0.1589 0.1439 0.3585 0.5092 0.3590 0.2086 0.1458 0.1640 0.4362 0.4982 0.2995 0.1816 0.1396 0.2337 0.4825 0.4462 0.2557 0.1635 0.1414 0.3234 0.5041 0.3912 0.2267 0.1528 0.1482 0.3813 0.5100 0.3541 0.2094 0.1471 0.1571 0.4139 0.5081 0.3305 0.1985 0.1437 0.1682 0.4360 0.5017 0.3117 0.1897 0.1413 0.1854 0.4575
0.1888 0.1421 0.1929 0.3185 0.5047 0.4284 0.1637 0.1447 0.2019 0.3375 0.5093 0.4057 0.1545 0.1482 0.2125 0.3600 0.5097 0.3751 0.1473 0.1535 0.2281 0.3930 0.5039 0.3234 0.1415 0.1630 0.2542 0.4429 0.4845 0.2407 0.1395 0.1797 0.2949 0.4947 0.4421 0.1679 0.1447 0.2053 0.3517 0.5098 0.3689 0.1452 0.1571 0.2409 0.4227 0.4925 0.2647 0.1394 0.1749 0.2770 0.3926 0.2770 0.1749 0.1394 0.2647 0.4925 0.4227 0.2409 0.1571 0.1452 0.3689 0.5098 0.3517 0.2053 0.1447 0.1679 0.4421 0.4947 0.2949 0.1797 0.1395 0.2407 0.4845 0.4429 0.2542 0.1630 0.1415 0.3234 0.5039 0.3930 0.2281 0.1535 0.1473 0.3751 0.5097 0.3600 0.2125 0.1482 0.1545 0.4057 0.5093 0.3375 0.2019 0.1447 0.1637 0.4284 0.5047 0.3185 0.1929 0.1421 0.1888
0.1535 0.1962 0.3255 0.5069 0.4204 0.1599 0.1459 0.2054 0.3448 0.5099 0.3969 0.1521 0.1495 0.2160 0.3668 0.5091 0.3673 0.1462 0.1544 0.2303 0.3965 0.5032 0.3208 0.1414 0.1630 0.2536 0.4411 0.4858 0.2457 0.1395 0.1782 0.2911 0.4914 0.4472 0.1720 0.1439 0.2022 0.3450 0.5100 0.3785 0.1466 0.1554 0.2363 0.4144 0.4957 0.2773 0.1395 0.1732 0.2795 0.4723 0.5016 0.4723 0.2795 0.1732 0.1395 0.2773 0.4957 0.4144 0.2363 0.1554 0.1466 0.3785 0.5100 0.3450 0.2022 0.1439 0.1720 0.4472 0.4914 0.2911 0.1782 0.1395 0.2457 0.4858 0.4411 0.2536 0.1630 0.1414 0.3208 0.5032 0.3965 0.2303 0.1544 0.1462 0.3673 0.5091 0.3668 0.2160 0.1495 0.1521 0.3969 0.5099 0.3448 0.2054 0.1459 0.1599 0.4204 0.5069 0.3255 0.1962 0.1535
0.2041 0.3327 0.5085 0.4120 0.1566 0.1471 0.2091 0.3524 0.5100 0.3876 0.1500 0.1509 0.2198 0.3743 0.5082 0.3582 0.1451 0.1557 0.2332 0.4015 0.5020 0.3158 0.1412 0.1635 0.2542 0.4411 0.4862 0.2483 0.1394 0.1772 0.2884 0.4884 0.4512 0.1760 0.1431 0.1996 0.3390 0.5099 0.3872 0.1481 0.1538 0.2320 0.4061 0.4986 0.2899 0.1398 0.1710 0.2753 0.4744 0.4688 0.3348 0.4688 0.4744 0.2753 0.1710 0.1398 0.2899 0.4986 0.4061 0.2320 0.1538 0.1481 0.3872 0.5099 0.3390 0.1996 0.1431 0.1760 0.4512 0.4884 0.2884 0.1772 0.1394 0.2483 0.4862 0.4411 0.2542 0.1635 0.1412 0.3158 0.5020 0.4015 0.2332 0.1557 0.1451 0.3582 0.5082 0.3743 0.2198 0.1509 0.1500 0.3876 0.5100 0.3524 0.2091 0.1471 0.1566 0.4120 0.5085 0.3327 0.2041
0.3365 0.5096 0.4032 0.1538 0.1484 0.2130 0.3602 0.5097 0.3778 0.1481 0.1523 0.2239 0.3822 0.5069 0.3479 0.1440 0.1572 0.2368 0.4077 0.5004 0.3086 0.1409 0.1643 0.2557 0.4429 0.4858 0.2483 0.1394 0.1767 0.2866 0.4863 0.4541 0.1796 0.1426 0.1973 0.3338 0.5095 0.3949 0.1497 0.1524 0.2281 0.3982 0.5011 0.3022 0.1402 0.1687 0.2700 0.4690 0.4684 0.2130 0.1388 0.2130 0.4684 0.4690 0.2700 0.1687 0.1402 0.3022 0.5011 0.3982 0.2281 0.1524 0.1497 0.3949 0.5095 0.3338 0.1973 0.1426 0.1796 0.4541 0.4863 0.2866 0.1767 0.1394 0.2483 0.4858 0.4429 0.2557 0.1643 0.1409 0.3086 0.5004 0.4077 0.2368 0.1572 0.1440 0.3479 0.5069 0.3822 0.2239 0.1523 0.1481 0.3778 0.5097 0.3602 0.2130 0.1484 0.1538 0.4032 0.5096 0.3365
0.5083 0.3940 0.1514 0.1498 0.2169 0.3682 0.5090 0.3674 0.1464 0.1539 0.2281 0.3904 0.5052 0.3368 0.1429 0.1588 0.2409 0.4148 0.4982 0.2996 0.1405 0.1655 0.2582 0.4462 0.4845 0.2457 0.1394 0.1767 0.2860 0.4851 0.4559 0.1823 0.1422 0.1956 0.3295 0.5089 0.4014 0.1513 0.1512 0.2245 0.3909 0.5032 0.3138 0.1406 0.1666 0.2648 0.4619 0.4725 0.2089 0.1385 0.1556 0.1385 0.2089 0.4725 0.4619 0.2648 0.1666 0.1406 0.3138 0.5032 0.3909 0.2245 0.1512 0.1513 0.4014 0.5089 0.3295 0.1956 0.1422 0.1823 0.4559 0.4851 0.2860 0.1767 0.1394 0.2457 0.4845 0.4462 0.2582 0.1655 0.1405 0.2996 0.4982 0.4148 0.2409 0.1588 0.1429 0.3368 0.5052 0.3904 0.2281 0.1539 0.1464 0.3674 0.5090 0.3682 0.2169 0.1498 0.1514 0.3940 0.5083
0.3891 0.1493 0.1513 0.2210 0.3763 0.5080 0.3566 0.1450 0.1556 0.2324 0.3986 0.5032 0.3252 0.1420 0.1607 0.2454 0.4226 0.4956 0.2890 0.1401 0.1671 0.2616 0.4508 0.4825 0.2407 0.1395 0.1772 0.2866 0.4851 0.4565 0.1837 0.1419 0.1944 0.3264 0.5083 0.4067 0.1528 0.1502 0.2213 0.3843 0.5050 0.3244 0.1412 0.1646 0.2598 0.4544 0.4771 0.2175 0.1398 0.1799 0.2375 0.1799 0.1398 0.2175 0.4771 0.4544 0.2598 0.1646 0.1412 0.3244 0.5050 0.3843 0.2213 0.1502 0.1528 0.4067 0.5083 0.3264 0.1944 0.1419 0.1837 0.4565 0.4851 0.2866 0.1772 0.1395 0.2407 0.4825 0.4508 0.2616 0.1671 0.1401 0.2890 0.4956 0.4226 0.2454 0.1607 0.1420 0.3252 0.5032 0.3986 0.2324 0.1556 0.1450 0.3566 0.5080 0.3763 0.2210 0.1513 0.1493 0.3891
0.1593 0.1529 0.2252 0.3846 0.5065 0.3453 0.1437 0.1574 0.2370 0.4071 0.5009 0.3133 0.1412 0.1626 0.2502 0.4308 0.4925 0.2773 0.1398 0.1689 0.2657 0.4564 0.4797 0.2337 0.1395 0.1782 0.2884 0.4863 0.4559 0.1837 0.1419 0.1938 0.3245 0.5078 0.4105 0.1541 0.1494 0.2187 0.3785 0.5063 0.3338 0.1419 0.1628 0.2552 0.4470 0.4813 0.2285 0.1397 0.1824 0.2940 0.4168 0.2940 0.1824 0.1397 0.2285 0.4813 0.4470 0.2552 0.1628 0.1419 0.3338 0.5063 0.3785 0.2187 0.1494 0.1541 0.4105 0.5078 0.3245 0.1938 0.1419 0.1837 0.4559 0.4863 0.2884 0.1782 0.1395 0.2337 0.4797 0.4564 0.2657 0.1689 0.1398 0.2773 0.4925 0.4308 0.2502 0.1626 0.1412 0.3133 0.5009 0.4071 0.2370 0.1574 0.1437 0.3453 0.5065 0.3846 0.2252 0.1529 0.1593
0.1630 0.2296 0.3930 0.5047 0.3336 0.1427 0.1592 0.2417 0.4157 0.4982 0.3008 0.1406 0.1647 0.2551 0.4391 0.4890 0.2648 0.1395 0.1710 0.2703 0.4628 0.4762 0.2251 0.1396 0.1797 0.2911 0.4884 0.4541 0.1823 0.1419 0.1938 0.3238 0.5075 0.4128 0.1550 0.1488 0.2167 0.3739 0.5073 0.3418 0.1425 0.1612 0.2510 0.4398 0.4851 0.2398 0.1395 0.1806 0.2965 0.4897 0.4947 0.4897 0.2965 0.1806 0.1395 0.2398 0.4851 0.4398 0.2510 0.1612 0.1425 0.3418 0.5073 0.3739 0.2167 0.1488 0.1550 0.4128 0.5075 0.3238 0.1938 0.1419 0.1823 0.4541 0.4884 0.2911 0.1797 0.1396 0.2251 0.4762 0.4628 0.2703 0.1710 0.1395 0.2648 0.4890 0.4391 0.2551 0.1647 0.1406 0.3008 0.4982 0.4157 0.2417 0.1592 0.1427 0.3336 0.5047 0.3930 0.2296 0.1630
0.2364 0.4016 0.5025 0.3215 0.1418 0.1612 0.2465 0.4243 0.4951 0.2880 0.1401 0.1668 0.2602 0.4472 0.4852 0.2521 0.1394 0.1733 0.2755 0.4695 0.4720 0.2156 0.1398 0.1816 0.2949 0.4914 0.4512 0.1796 0.1422 0.1944 0.3245 0.5075 0.4136 0.1556 0.1484 0.2153 0.3704 0.5080 0.3483 0.1432 0.1599 0.2474 0.4333 0.4883 0.2507 0.1394 0.1783 0.2922 0.4917 0.4530 0.3009 0.4530 0.4917 0.2922 0.1783 0.1394 0.2507 0.4883 0.4333 0.2474 0.1599 0.1432 0.3483 0.5080 0.3704 0.2153 0.1484 0.1556 0.4136 0.5075 0.3245 0.1944 0.1422 0.1796 0.4512 0.4914 0.2949 0.1816 0.1398 0.2156 0.4720 0.4695 0.2755 0.1733 0.1394 0.2521 0.4852 0.4472 0.2602 0.1668 0.1401 0.2880 0.4951 0.4243 0.2465 0.1612 0.1418 0.3215 0.5025 0.4016 0.2364
0.4038 0.5001 0.3091 0.1410 0.1632 0.2515 0.4329 0.4918 0.2750 0.1397 0.1690 0.2655 0.4552 0.4810 0.2395 0.1394 0.1758 0.2811 0.4763 0.4672 0.2058 0.1402 0.1838 0.2995 0.4947 0.4472 0.1760 0.1426 0.1956 0.3264 0.5078 0.4128 0.1556 0.1483 0.2146 0.3683 0.5084 0.3530 0.1437 0.1588 0.2444 0.4275 0.4910 0.2607 0.1394 0.1761 0.2872 0.4882 0.4516 0.1846 0.1369 0.1846 0.4516 0.4882 0.2872 0.1761 0.1394 0.2607 0.4910 0.4275 0.2444 0.1588 0.1437 0.3530 0.5084 0.3683 0.2146 0.1483 0.1556 0.4128 0.5078 0.3264 0.1956 0.1426 0.1760 0.4472 0.4947 0.2995 0.1838 0.1402 0.2058 0.4672 0.4763 0.2811 0.1758 0.1394 0.2395 0.4810 0.4552 0.2655 0.1690 0.1397 0.2750 0.4918 0.4329 0.2515 0.1632 0.1410 0.3091 0.5001 0.4038
0.4982 0.2964 0.1404 0.1653 0.2566 0.4414 0.4880 0.2618 0.1395 0.1714 0.2710 0.4630 0.4765 0.2273 0.1396 0.1784 0.2869 0.4827 0.4617 0.1961 0.1406 0.1864 0.3049 0.4982 0.4421 0.1720 0.1431 0.1973 0.3295 0.5083 0.4105 0.1550 0.1484 0.2146 0.3675 0.5086 0.3559 0.1441 0.1581 0.2421 0.4227 0.4932 0.2696 0.1395 0.1742 0.2824 0.4835 0.4558 0.1815 0.1400 0.1612 0.1400 0.1815 0.4558 0.4835 0.2824 0.1742 0.1395 0.2696 0.4932 0.4227 0.2421 0.1581 0.1441 0.3559 0.5086 0.3675 0.2146 0.1484 0.1550 0.4105 0.5083 0.3295 0.1973 0.1431 0.1720 0.4421 0.4982 0.3049 0.1864 0.1406 0.1961 0.4617 0.4827 0.2869 0.1784 0.1396 0.2273 0.4765 0.4630 0.2710 0.1714 0.1395 0.2618 0.4880 0.4414 0.2566 0.1653 0.1404 0.2964 0.4982
0.2908 0.1400 0.1676 0.2619 0.4498 0.4840 0.2487 0.1394 0.1739 0.2766 0.4706 0.4715 0.2155 0.1398 0.1810 0.2928 0.4885 0.4559 0.1873 0.1412 0.1892 0.3108 0.5014 0.4362 0.1679 0.1439 0.1996 0.3338 0.5089 0.4067 0.1541 0.1488 0.2153 0.3683 0.5086 0.3569 0.1443 0.1576 0.2404 0.4192 0.4948 0.2768 0.1396 0.1725 0.2782 0.4786 0.4604 0.1864 0.1415 0.1885 0.2522 0.1885 0.1415 0.1864 0.4604 0.4786 0.2782 0.1725 0.1396 0.2768 0.4948 0.4192 0.2404 0.1576 0.1443 0.3569 0.5086 0.3683 0.2153 0.1488 0.1541 0.4067 0.5089 0.3338 0.1996 0.1439 0.1679 0.4362 0.5014 0.3108 0.1892 0.1412 0.1873 0.4559 0.4885 0.2928 0.1810 0.1398 0.2155 0.4715 0.4706 0.2766 0.1739 0.1394 0.2487 0.4840 0.4498 0.2619 0.1676 0.1400 0.2908
0.1515 0.1699 0.2674 0.4579 0.4796 0.2358 0.1395 0.1765 0.2825 0.4777 0.4662 0.2043 0.1402 0.1838 0.2989 0.4937 0.4496 0.1797 0.1419 0.1922 0.3172 0.5042 0.4294 0.1640 0.1447 0.2022 0.3390 0.5095 0.4014 0.1528 0.1494 0.2167 0.3704 0.5084 0.3559 0.1443 0.1574 0.2396 0.4170 0.4959 0.2822 0.1397 0.1712 0.2747 0.4740 0.4645 0.1927 0.1413 0.1916 0.3137 0.4423 0.3137 0.1916 0.1413 0.1927 0.4645 0.4740 0.2747 0.1712 0.1397 0.2822 0.4959 0.4170 0.2396 0.1574 0.1443 0.3559 0.5084 0.3704 0.2167 0.1494 0.1528 0.4014 0.5095 0.3390 0.2022 0.1447 0.1640 0.4294 0.5042 0.3172 0.1922 0.1419 0.1797 0.4496 0.4937 0.2989 0.1838 0.1402 0.2043 0.4662 0.4777 0.2825 0.1765 0.1395 0.2358 0.4796 0.4579 0.2674 0.1699 0.1515
0.1790 0.2730 0.4657 0.4748 0.2233 0.1396 0.1791 0.2885 0.4842 0.4604 0.1942 0.1407 0.1867 0.3052 0.4981 0.4430 0.1733 0.1427 0.1954 0.3239 0.5065 0.4219 0.1604 0.1458 0.2053 0.3450 0.5099 0.3949 0.1513 0.1502 0.2187 0.3739 0.5080 0.3530 0.1441 0.1576 0.2396 0.4162 0.4964 0.2855 0.1398 0.1702 0.2720 0.4701 0.4678 0.1991 0.1409 0.1902 0.3172 0.5021 0.4845 0.5021 0.3172 0.1902 0.1409 0.1991 0.4678 0.4701 0.2720 0.1702 0.1398 0.2855 0.4964 0.4162 0.2396 0.1576 0.1441 0.3530 0.5080 0.3739 0.2187 0.1502 0.1513 0.3949 0.5099 0.3450 0.2053 0.1458 0.1604 0.4219 0.5065 0.3239 0.1954 0.1427 0.1733 0.4430 0.4981 0.3052 0.1867 0.1407 0.1942 0.4604 0.4842 0.2885 0.1791 0.1396 0.2233 0.4748 0.4657 0.2730 0.1790
0.2785 0.4733 0.4697 0.2115 0.1399 0.1819 0.2946 0.4901 0.4543 0.1853 0.1413 0.1898 0.3118 0.5017 0.4359 0.1681 0.1437 0.1986 0.3308 0.5082 0.4139 0.1572 0.1469 0.2086 0.3517 0.5100 0.3872 0.1497 0.1512 0.2213 0.3785 0.5073 0.3483 0.1437 0.1581 0.2404 0.4170 0.4964 0.2866 0.1399 0.1696 0.2702 0.4670 0.4704 0.2047 0.1405 0.1883 0.3139 0.5043 0.4314 0.2601 0.4314 0.5043 0.3139 0.1883 0.1405 0.2047 0.4704 0.4670 0.2702 0.1696 0.1399 0.2866 0.4964 0.4170 0.2404 0.1581 0.1437 0.3483 0.5073 0.3785 0.2213 0.1512 0.1497 0.3872 0.5100 0.3517 0.2086 0.1469 0.1572 0.4139 0.5082 0.3308 0.1986 0.1437 0.1681 0.4359 0.5017 0.3118 0.1898 0.1413 0.1853 0.4543 0.4901 0.2946 0.1819 0.1399 0.2115 0.4697 0.4733 0.2785
0.4735 0.4643 0.2006 0.1403 0.1848 0.3010 0.4951 0.4477 0.1779 0.1421 0.1929 0.3185 0.5047 0.4284 0.1636 0.1448 0.2020 0.3378 0.5093 0.4054 0.1544 0.1482 0.2123 0.3590 0.5098 0.3785 0.1481 0.1524 0.2245 0.3843 0.5063 0.3418 0.1432 0.1588 0.2421 0.4192 0.4959 0.2855 0.1399 0.1694 0.2692 0.4651 0.4721 0.2091 0.1403 0.1867 0.3102 0.5033 0.4273 0.1642 0.1365 0.1642 0.4273 0.5033 0.3102 0.1867 0.1403 0.2091 0.4721 0.4651 0.2692 0.1694 0.1399 0.2855 0.4959 0.4192 0.2421 0.1588 0.1432 0.3418 0.5063 0.3843 0.2245 0.1524 0.1481 0.3785 0.5098 0.3590 0.2123 0.1482 0.1544 0.4054 0.5093 0.3378 0.2020 0.1448 0.1636 0.4284 0.5047 0.3185 0.1929 0.1421 0.1779 0.4477 0.4951 0.3010 0.1848 0.1403 0.2006 0.4643 0.4735
0.4613 0.1909 0.1409 0.1878 0.3075 0.4994 0.4407 0.1717 0.1430 0.1962 0.3255 0.5069 0.4204 0.1598 0.1459 0.2055 0.3451 0.5099 0.3965 0.1520 0.1495 0.2161 0.3667 0.5092 0.3689 0.1466 0.1538 0.2281 0.3909 0.5050 0.3338 0.1425 0.1599 0.2444 0.4227 0.4948 0.2822 0.1398 0.1696 0.2692 0.4645 0.4729 0.2119 0.1402 0.1855 0.3071 0.5018 0.4302 0.1621 0.1432 0.1688 0.1432 0.1621 0.4302 0.5018 0.3071 0.1855 0.1402 0.2119 0.4729 0.4645 0.2692 0.1696 0.1398 0.2822 0.4948 0.4227 0.2444 0.1599 0.1425 0.3338 0.5050 0.3909 0.2281 0.1538 0.1466 0.3689 0.5092 0.3667 0.2161 0.1495 0.1520 0.3965 0.5099 0.3451 0.2055 0.1459 0.1598 0.4204 0.5069 0.3255 0.1962 0.1430 0.1717 0.4407 0.4994 0.3075 0.1878 0.1409 0.1909 0.4613
0.1933 0.1416 0.1909 0.3141 0.5028 0.4334 0.1665 0.1440 0.1996 0.3326 0.5085 0.4120 0.1566 0.1471 0.2091 0.3526 0.5100 0.3873 0.1499 0.1509 0.2200 0.3745 0.5082 0.3585 0.1452 0.1554 0.2320 0.3982 0.5032 0.3244 0.1419 0.1612 0.2474 0.4275 0.4932 0.2768 0.1397 0.1702 0.2702 0.4651 0.4729 0.2129 0.1401 0.1848 0.3050 0.5005 0.4335 0.1635 0.1452 0.2005 0.2718 0.2005 0.1452 0.1635 0.4335 0.5005 0.3050 0.1848 0.1401 0.2129 0.4729 0.4651 0.2702 0.1702 0.1397 0.2768 0.4932 0.4275 0.2474 0.1612 0.1419 0.3244 0.5032 0.3982 0.2320 0.1554 0.1452 0.3585 0.5082 0.3745 0.2200 0.1509 0.1499 0.3873 0.5100 0.3526 0.2091 0.1471 0.1566 0.4120 0.5085 0.3326 0.1996 0.1440 0.1665 0.4334 0.5028 0.3141 0.1909 0.1416 0.1933
0.1531 0.1941 0.3210 0.5055 0.4256 0.1623 0.1451 0.2031 0.3400 0.5095 0.4032 0.1538 0.1485 0.2130 0.3603 0.5097 0.3776 0.1480 0.1524 0.2240 0.3825 0.5069 0.3477 0.1439 0.1571 0.2363 0.4061 0.5011 0.3138 0.1412 0.1628 0.2510 0.4333 0.4910 0.2696 0.1396 0.1712 0.2720 0.4670 0.4721 0.2119 0.1401 0.1846 0.3039 0.4995 0.4359 0.1651 0.1451 0.2047 0.3405 0.4714 0.3405 0.2047 0.1451 0.1651 0.4359 0.4995 0.3039 0.1846 0.1401 0.2119 0.4721 0.4670 0.2720 0.1712 0.1396 0.2696 0.4910 0.4333 0.2510 0.1628 0.1412 0.3138 0.5011 0.4061 0.2363 0.1571 0.1439 0.3477 0.5069 0.3825 0.2240 0.1524 0.1480 0.3776 0.5097 0.3603 0.2130 0.1485 0.1538 0.4032 0.5095 0.3400 0.2031 0.1451 0.1623 0.4256 0.5055 0.3210 0.1941 0.1531
0.2021 0.3280 0.5075 0.4175 0.1586 0.1463 0.2067 0.3475 0.5100 0.3939 0.1514 0.1498 0.2169 0.3682 0.5090 0.3673 0.1464 0.1540 0.2282 0.3907 0.5052 0.3364 0.1429 0.1589 0.2409 0.4144 0.4986 0.3022 0.1406 0.1646 0.2552 0.4398 0.4883 0.2607 0.1395 0.1725 0.2747 0.4701 0.4704 0.2091 0.1402 0.1848 0.3039 0.4992 0.4371 0.1661 0.1448 0.2042 0.3461 0.5083 0.4673 0.5083 0.3461 0.2042 0.1448 0.1661 0.4371 0.4992 0.3039 0.1848 0.1402 0.2091 0.4704 0.4701 0.2747 0.1725 0.1395 0.2607 0.4883 0.4398 0.2552 0.1646 0.1406 0.3022 0.4986 0.4144 0.2409 0.1589 0.1429 0.3364 0.5052 0.3907 0.2282 0.1540 0.1464 0.3673 0.5090 0.3682 0.2169 0.1498 0.1514 0.3939 0.5100 0.3475 0.2067 0.1463 0.1586 0.4175 0.5075 0.3280 0.2021
0.3320 0.5091 0.4089 0.1556 0.1476 0.2105 0.3552 0.5100 0.3842 0.1493 0.1513 0.2210 0.3764 0.5079 0.3565 0.1450 0.1556 0.2325 0.3989 0.5032 0.3248 0.1420 0.1607 0.2455 0.4227 0.4957 0.2899 0.1402 0.1666 0.2598 0.4470 0.4851 0.2507 0.1394 0.1742 0.2782 0.4740 0.4678 0.2047 0.1403 0.1855 0.3050 0.4995 0.4371 0.1665 0.1446 0.2035 0.3452 0.5097 0.3979 0.2096 0.3979 0.5097 0.3452 0.2035 0.1446 0.1665 0.4371 0.4995 0.3050 0.1855 0.1403 0.2047 0.4678 0.4740 0.2782 0.1742 0.1394 0.2507 0.4851 0.4470 0.2598 0.1666 0.1402 0.2899 0.4957 0.4227 0.2455 0.1607 0.1420 0.3248 0.5032 0.3989 0.2325 0.1556 0.1450 0.3565 0.5079 0.3764 0.2210 0.1513 0.1493 0.3842 0.5100 0.3552 0.2105 0.1476 0.1556 0.4089 0.5091 0.3320
0.5078 0.4000 0.1529 0.1489 0.2144 0.3631 0.5095 0.3741 0.1475 0.1529 0.2252 0.3846 0.5065 0.3452 0.1437 0.1574 0.2370 0.4072 0.5008 0.3129 0.1412 0.1627 0.2503 0.4310 0.4925 0.2773 0.1398 0.1687 0.2648 0.4544 0.4813 0.2398 0.1394 0.1761 0.2824 0.4786 0.4645 0.1991 0.1405 0.1867 0.3071 0.5005 0.4359 0.1661 0.1446 0.2032 0.3442 0.5100 0.3887 0.1505 0.1376 0.1505 0.3887 0.5100 0.3442 0.2032 0.1446 0.1661 0.4359 0.5005 0.3071 0.1867 0.1405 0.1991 0.4645 0.4786 0.2824 0.1761 0.1394 0.2398 0.4813 0.4544 0.2648 0.1687 0.1398 0.2773 0.4925 0.4310 0.2503 0.1627 0.1412 0.3129 0.5008 0.4072 0.2370 0.1574 0.1437 0.3452 0.5065 0.3846 0.2252 0.1529 0.1475 0.3741 0.5095 0.3631 0.2144 0.1489 0.1529 0.4000 0.5078
0.3953 0.1506 0.1503 0.2183 0.3710 0.5087 0.3637 0.1459 0.1545 0.2295 0.3930 0.5047 0.3337 0.1427 0.1592 0.2417 0.4156 0.4982 0.3007 0.1406 0.1647 0.2552 0.4392 0.4890 0.2647 0.1395 0.1710 0.2700 0.4619 0.4771 0.2285 0.1395 0.1783 0.2872 0.4835 0.4604 0.1927 0.1409 0.1883 0.3102 0.5018 0.4335 0.1651 0.1448 0.2035 0.3442 0.5100 0.3884 0.1492 0.1488 0.1803 0.1488 0.1492 0.3884 0.5100 0.3442 0.2035 0.1448 0.1651 0.4335 0.5018 0.3102 0.1883 0.1409 0.1927 0.4604 0.4835 0.2872 0.1783 0.1395 0.2285 0.4771 0.4619 0.2700 0.1710 0.1395 0.2647 0.4890 0.4392 0.2552 0.1647 0.1406 0.3007 0.4982 0.4156 0.2417 0.1592 0.1427 0.3337 0.5047 0.3930 0.2295 0.1545 0.1459 0.3637 0.5087 0.3710 0.2183 0.1503 0.1506 0.3953
0.1605 0.1517 0.2222 0.3788 0.5075 0.3532 0.1445 0.1561 0.2337 0.4011 0.5026 0.3222 0.1418 0.1610 0.2462 0.4238 0.4953 0.2886 0.1401 0.1667 0.2600 0.4470 0.4853 0.2525 0.1394 0.1732 0.2753 0.4690 0.4725 0.2175 0.1397 0.1806 0.2922 0.4882 0.4558 0.1864 0.1413 0.1902 0.3139 0.5033 0.4302 0.1635 0.1451 0.2042 0.3452 0.5100 0.3884 0.1492 0.1517 0.2183 0.3003 0.2183 0.1517 0.1492 0.3884 0.5100 0.3452 0.2042 0.1451 0.1635 0.4302 0.5033 0.3139 0.1902 0.1413 0.1864 0.4558 0.4882 0.2922 0.1806 0.1397 0.2175 0.4725 0.4690 0.2753 0.1732 0.1394 0.2525 0.4853 0.4470 0.2600 0.1667 0.1401 0.2886 0.4953 0.4238 0.2462 0.1610 0.1418 0.3222 0.5026 0.4011 0.2337 0.1561 0.1445 0.3532 0.5075 0.3788 0.2222 0.1517 0.1605
0.1615 0.2253 0.3852 0.5060 0.3444 0.1434 0.1573 0.2371 0.4077 0.5004 0.3126 0.1410 0.1624 0.2500 0.4305 0.4924 0.2785 0.1396 0.1682 0.2640 0.4531 0.4819 0.2427 0.1392 0.1749 0.2795 0.4744 0.4684 0.2089 0.1398 0.1824 0.2965 0.4917 0.4516 0.1815 0.1415 0.1916 0.3172 0.5043 0.4273 0.1621 0.1452 0.2047 0.3461 0.5097 0.3887 0.1492 0.1517 0.2235 0.3773 0.4969 0.3773 0.2235 0.1517 0.1492 0.3887 0.5097 0.3461 0.2047 0.1452 0.1621 0.4273 0.5043 0.3172 0.1916 0.1415 0.1815 0.4516 0.4917 0.2965 0.1824 0.1398 0.2089 0.4684 0.4744 0.2795 0.1749 0.1392 0.2427 0.4819 0.4531 0.2640 0.1682 0.1396 0.2785 0.4924 0.4305 0.2500 0.1624 0.1410 0.3126 0.5004 0.4077 0.2371 0.1573 0.1434 0.3444 0.5060 0.3852 0.2253 0.1615
0.2252 0.3833 0.5051 0.3487 0.1428 0.1553 0.2344 0.4059 0.4997 0.3172 0.1402 0.1603 0.2473 0.4286 0.4919 0.2832 0.1386 0.1659 0.2613 0.4510 0.4817 0.2477 0.1381 0.1725 0.2770 0.4723 0.4688 0.2130 0.1385 0.1799 0.2940 0.4897 0.4530 0.1846 0.1400 0.1885 0.3137 0.5021 0.4314 0.1642 0.1432 0.2005 0.3405 0.5083 0.3979 0.1505 0.1488 0.2183 0.3773 0.5056 0.4457 0.5056 0.3773 0.2183 0.1488 0.1505 0.3979 0.5083 0.3405 0.2005 0.1432 0.1642 0.4314 0.5021 0.3137 0.1885 0.1400 0.1846 0.4530 0.4897 0.2940 0.1799 0.1385 0.2130 0.4688 0.4723 0.2770 0.1725 0.1381 0.2477 0.4817 0.4510 0.2613 0.1659 0.1386 0.2832 0.4919 0.4286 0.2473 0.1603 0.1402 0.3172 0.4997 0.4059 0.2344 0.1553 0.1428 0.3487 0.5051 0.3833 0.2252
0.3081 0.5006 0.4353 0.1665 0.1408 0.1934 0.3273 0.5059 0.4151 0.1548 0.1436 0.2028 0.3477 0.5075 0.3919 0.1473 0.1469 0.2130 0.3692 0.5059 0.3654 0.1422 0.1509 0.2247 0.3926 0.5016 0.3348 0.1388 0.1556 0.2375 0.4168 0.4947 0.3009 0.1369 0.1612 0.2522 0.4423 0.4845 0.2601 0.1365 0.1688 0.2718 0.4714 0.4673 0.2096 0.1376 0.1803 0.3003 0.4969 0.4457 0.2987 0.4457 0.4969 0.3003 0.1803 0.1376 0.2096 0.4673 0.4714 0.2718 0.1688 0.1365 0.2601 0.4845 0.4423 0.2522 0.1612 0.1369 0.3009 0.4947 0.4168 0.2375 0.1556 0.1388 0.3348 0.5016 0.3926 0.2247 0.1509 0.1422 0.3654 0.5059 0.3692 0.2130 0.1469 0.1473 0.3919 0.5075 0.3477 0.2028 0.1436 0.1548 0.4151 0.5059 0.3273 0.1934 0.1408 0.1665 0.4353 0.5006 0.3081
0.2252 0.3833 0.5051 0.3487 0.1428 0.1553 0.2344 0.4059 0.4997 0.3172 0.1402 0.1603 0.2473 0.4286 0.4919 0.2832 0.1386 0.1659 0.2613 0.4510 0.4817 0.2477 0.1381 0.1725 0.2770 0.4723 0.4688 0.2130 0.1385 0.1799 0.2940 0.4897 0.4530 0.1846 0.1400 0.1885 0.3137 0.5021 0.4314 0.1642 0.1432 0.2005 0.3405 0.5083 0.3979 0.1505 0.1488 0.2183 0.3773 0.5056 0.4457 0.5056 0.3773 0.2183 0.1488 0.1505 0.3979 0.5083 0.3405 0.2005 0.1432 0.1642 0.4314 0.5021 0.3137 0.1885 0.1400 0.1846 0.4530 0.4897 0.2940 0.1799 0.1385 0.2130 0.4688 0.4723 0.2770 0.1725 0.1381 0.2477 0.4817 0.4510 0.2613 0.1659 0.1386 0.2832 0.4919 0.4286 0.2473 0.1603 0.1402 0.3172 0.4997 0.4059 0.2344 0.1553 0.1428 0.3487 0.5051 0.3833 0.2252
0.1615 0.2253 0.3852 0.5060 0.3444 0.1434 0.1573 0.2371 0.4077 0.5004 0.3126 0.1410 0.1624 0.2500 0.4305 0.4924 0.2785 0.1396 0.1682 0.2640 0.4531 0.4819 0.2427 0.1392 0.1749 0.2795 0.4744 0.4684 0.2089 0.1398 0.1824 0.2965 0.4917 0.4516 0.1815 0.1415 0.1916 0.3172 0.5043 0.4273 0.1621 0.1452 0.2047 0.3461 0.5097 0.3887 0.1492 0.1517 0.2235 0.3773 0.4969 0.3773 0.2235 0.1517 0.1492 0.3887 0.5097 0.3461 0.2047 0.1452 0.1621 0.4273 0.5043 0.3172 0.1916 0.1415 0.1815 0.4516 0.4917 0.2965 0.1824 0.1398 0.2089 0.4684 0.4744 0.2795 0.1749 0.1392 0.2427 0.4819 0.4531 0.2640 0.1682 0.1396 0.2785 0.4924 0.4305 0.2500 0.1624 0.1410 0.3126 0.5004 0.4077 0.2371 0.1573 0.1434 0.3444 0.5060 0.3852 0.2253 0.1615
0.1605 0.1517 0.2222 0.3788 0.5075 0.3532 0.1445 0.1561 0.2337 0.4011 0.5026 0.3222 0.1418 0.1610 0.2462 0.4238 0.4953 0.2886 0.1401 0.1667 0.2600 0.4470 0.4853 0.2525 0.1394 0.1732 0.2753 0.4690 0.4725 0.2175 0.1397 0.1806 0.2922 0.4882 0.4558 0.1864 0.1413 0.1902 0.3139 0.5033 0.4302 0.1635 0.1451 0.2042 0.3452 0.5100 0.3884 0.1492 0.1517 0.2183 0.3003 0.2183 0.1517 0.1492 0.3884 0.5100 0.3452 0.2042 0.1451 0.1635 0.4302 0.5033 0.3139 0.1902 0.1413 0.1864 0.4558 0.4882 0.2922 0.1806 0.1397 0.2175 0.4725 0.4690 0.2753 0.1732 0.1394 0.2525 0.4853 0.4470 0.2600 0.1667 0.1401 0.2886 0.4953 0.4238 0.2462 0.1610 0.1418 0.3222 0.5026 0.4011 0.2337 0.1561 0.1445 0.3532 0.5075 0.3788 0.2222 0.1517 0.1605
0.3953 0.1506 0.1503 0.2183 0.3710 0.5087 0.3637 0.1459 0.1545 0.2295 0.3930 0.5047 0.3337 0.1427 0.1592 0.2417 0.4156 0.4982 0.3007 0.1406 0.1647 0.2552 0.4392 0.4890 0.2647 0.1395 0.1710 0.2700 0.4619 0.4771 0.2285 0.1395 0.1783 0.2872 0.4835 0.4604 0.1927 0.1409 0.1883 0.3102 0.5018 0.4335 0.1651 0.1448 0.2035 0.3442 0.5100 0.3884 0.1492 0.1488 0.1803 0.1488 0.1492 0.3884 0.5100 0.3442 0.2035 0.1448 0.1651 0.4335 0.5018 0.3102 0.1883 0.1409 0.1927 0.4604 0.4835 0.2872 0.1783 0.1395 0.2285 0.4771 0.4619 0.2700 0.1710 0.1395 0.2647 0.4890 0.4392 0.2552 0.1647 0.1406 0.3007 0.4982 0.4156 0.2417 0.1592 0.1427 0.3337 0.5047 0.3930 0.2295 0.1545 0.1459 0.3637 0.5087 0.3710 0.2183 0.1503 0.1506 0.3953
0.5078 0.4000 0.1529 0.1489 0.2144 0.3631 0.5095 0.3741 0.1475 0.1529 0.2252 0.3846 0.5065 0.3452 0.1437 0.1574 0.2370 0.4072 0.5008 0.3129 0.1412 0.1627 0.2503 0.4310 0.4925 0.2773 0.1398 0.1687 0.2648 0.4544 0.4813 0.2398 0.1394 0.1761 0.2824 0.4786 0.4645 0.1991 0.1405 0.1867 0.3071 0.5005 0.4359 0.1661 0.1446 0.2032 0.3442 0.5100 0.3887 0.1505 0.1376 0.1505 0.3887 0.5100 0.3442 0.2032 0.1446 0.1661 0.4359 0.5005 0.3071 0.1867 0.1405 0.1991 0.4645 0.4786 0.2824 0.1761 0.1394 0.2398 0.4813 0.4544 0.2648 0.1687 0.1398 0.2773 0.4925 0.4310 0.2503 0.1627 0.1412 0.3129 0.5008 0.4072 0.2370 0.1574 0.1437 0.3452 0.5065 0.3846 0.2252 0.1529 0.1475 0.3741 0.5095 0.3631 0.2144 0.1489 0.1529 0.4000 0.5078
