0.3796 0.1570 0.1657 0.2439 0.4183 0.4929 0.2684 0.1511 0.1831 0.2885 0.4850 0.4502 0.1820 0.1544 0.2079 0.3447 0.5087 0.3779 0.1576 0.1648 0.2413 0.4133 0.4949 0.2763 0.1512 0.1816 0.2848 0.4811 0.4544 0.1857 0.1539 0.2057 0.3400 0.5085 0.3843 0.1585 0.1638 0.2385 0.4079 0.4968 0.2845 0.1513 0.1801 0.2812 0.4769 0.4584 0.1898 0.1533 0.2024 0.3241 0.4538 0.3241 0.2024 0.1533 0.1898 0.4584 0.4769 0.2812 0.1801 0.1513 0.2845 0.4968 0.4079 0.2385 0.1638 0.1585 0.3843 0.5085 0.3400 0.2057 0.1539 0.1857 0.4544 0.4811 0.2848 0.1816 0.1512 0.2763 0.4949 0.4133 0.2413 0.1648 0.1576 0.3779 0.5087 0.3447 0.2079 0.1544 0.1820 0.4502 0.4850 0.2885 0.1831 0.1511 0.2684 0.4929 0.4183 0.2439 0.1657 0.1570 0.3796
0.1570 0.1566 0.2385 0.4176 0.4948 0.2731 0.1395 0.1743 0.2833 0.4852 0.4535 0.1770 0.1431 0.2001 0.3410 0.5101 0.3830 0.1473 0.1547 0.2347 0.4114 0.4969 0.2817 0.1396 0.1726 0.2795 0.4811 0.4575 0.1815 0.1425 0.1979 0.3363 0.5099 0.3893 0.1484 0.1537 0.2318 0.4058 0.4988 0.2900 0.1398 0.1711 0.2758 0.4768 0.4614 0.1866 0.1420 0.1955 0.3295 0.5063 0.4763 0.5063 0.3295 0.1955 0.1420 0.1866 0.4614 0.4768 0.2758 0.1711 0.1398 0.2900 0.4988 0.4058 0.2318 0.1537 0.1484 0.3893 0.5099 0.3363 0.1979 0.1425 0.1815 0.4575 0.4811 0.2795 0.1726 0.1396 0.2817 0.4969 0.4114 0.2347 0.1547 0.1473 0.3830 0.5101 0.3410 0.2001 0.1431 0.1770 0.4535 0.4852 0.2833 0.1743 0.1395 0.2731 0.4948 0.4176 0.2385 0.1566 0.1570
0.1657 0.2385 0.4143 0.4966 0.2830 0.1397 0.1720 0.2777 0.4788 0.4595 0.1842 0.1422 0.1967 0.3336 0.5096 0.3927 0.1491 0.1531 0.2301 0.4027 0.4996 0.2946 0.1399 0.1702 0.2737 0.4741 0.4634 0.1897 0.1417 0.1945 0.3290 0.5091 0.3987 0.1503 0.1521 0.2273 0.3972 0.5013 0.3029 0.1402 0.1687 0.2701 0.4695 0.4670 0.1956 0.1412 0.1924 0.3241 0.5076 0.4181 0.2370 0.4181 0.5076 0.3241 0.1924 0.1412 0.1956 0.4670 0.4695 0.2701 0.1687 0.1402 0.3029 0.5013 0.3972 0.2273 0.1521 0.1503 0.3987 0.5091 0.3290 0.1945 0.1417 0.1897 0.4634 0.4741 0.2737 0.1702 0.1399 0.2946 0.4996 0.4027 0.2301 0.1531 0.1491 0.3927 0.5096 0.3336 0.1967 0.1422 0.1842 0.4595 0.4788 0.2777 0.1720 0.1397 0.2830 0.4966 0.4143 0.2385 0.1657
0.2439 0.4176 0.4966 0.2869 0.1399 0.1704 0.2732 0.4728 0.4648 0.1923 0.1415 0.1934 0.3265 0.5087 0.4019 0.1511 0.1515 0.2258 0.3942 0.5022 0.3074 0.1403 0.1679 0.2681 0.4668 0.4690 0.1992 0.1410 0.1913 0.3219 0.5078 0.4077 0.1526 0.1506 0.2230 0.3888 0.5036 0.3154 0.1407 0.1664 0.2646 0.4618 0.4723 0.2060 0.1406 0.1893 0.3175 0.5065 0.4157 0.1581 0.1366 0.1581 0.4157 0.5065 0.3175 0.1893 0.1406 0.2060 0.4723 0.4618 0.2646 0.1664 0.1407 0.3154 0.5036 0.3888 0.2230 0.1506 0.1526 0.4077 0.5078 0.3219 0.1913 0.1410 0.1992 0.4690 0.4668 0.2681 0.1679 0.1403 0.3074 0.5022 0.3942 0.2258 0.1515 0.1511 0.4019 0.5087 0.3265 0.1934 0.1415 0.1923 0.4648 0.4728 0.2732 0.1704 0.1399 0.2869 0.4966 0.4176 0.2439
0.4183 0.4948 0.2830 0.1399 0.1698 0.2706 0.4682 0.4689 0.2003 0.1409 0.1905 0.3200 0.5073 0.4106 0.1534 0.1501 0.2216 0.3858 0.5044 0.3199 0.1409 0.1656 0.2627 0.4590 0.4741 0.2100 0.1404 0.1882 0.3151 0.5059 0.4163 0.1552 0.1491 0.2189 0.3804 0.5056 0.3277 0.1414 0.1643 0.2592 0.4538 0.4773 0.2173 0.1401 0.1863 0.3107 0.5043 0.4221 0.1578 0.1447 0.1723 0.1447 0.1578 0.4221 0.5043 0.3107 0.1863 0.1401 0.2173 0.4773 0.4538 0.2592 0.1643 0.1414 0.3277 0.5056 0.3804 0.2189 0.1491 0.1552 0.4163 0.5059 0.3151 0.1882 0.1404 0.2100 0.4741 0.4590 0.2627 0.1656 0.1409 0.3199 0.5044 0.3858 0.2216 0.1501 0.1534 0.4106 0.5073 0.3200 0.1905 0.1409 0.2003 0.4689 0.4682 0.2706 0.1698 0.1399 0.2830 0.4948 0.4183
0.4929 0.2731 0.1397 0.1704 0.2706 0.4665 0.4711 0.2064 0.1405 0.1881 0.3142 0.5054 0.4184 0.1560 0.1487 0.2176 0.3776 0.5062 0.3319 0.1416 0.1635 0.2574 0.4509 0.4789 0.2216 0.1400 0.1852 0.3084 0.5033 0.4245 0.1582 0.1478 0.2149 0.3722 0.5073 0.3396 0.1422 0.1622 0.2540 0.4456 0.4818 0.2295 0.1398 0.1833 0.3042 0.5012 0.4296 0.1605 0.1464 0.2046 0.2791 0.2046 0.1464 0.1605 0.4296 0.5012 0.3042 0.1833 0.1398 0.2295 0.4818 0.4456 0.2540 0.1622 0.1422 0.3396 0.5073 0.3722 0.2149 0.1478 0.1582 0.4245 0.5033 0.3084 0.1852 0.1400 0.2216 0.4789 0.4509 0.2574 0.1635 0.1416 0.3319 0.5062 0.3776 0.2176 0.1487 0.1560 0.4184 0.5054 0.3142 0.1881 0.1405 0.2064 0.4711 0.4665 0.2706 0.1704 0.1397 0.2731 0.4929
0.2684 0.1395 0.1720 0.2732 0.4682 0.4711 0.2087 0.1403 0.1865 0.3098 0.5035 0.4250 0.1587 0.1475 0.2139 0.3699 0.5077 0.3433 0.1425 0.1615 0.2523 0.4426 0.4834 0.2340 0.1397 0.1823 0.3018 0.4999 0.4323 0.1617 0.1465 0.2110 0.3642 0.5085 0.3511 0.1432 0.1602 0.2490 0.4371 0.4861 0.2423 0.1395 0.1805 0.2978 0.4973 0.4371 0.1643 0.1456 0.2073 0.3473 0.4782 0.3473 0.2073 0.1456 0.1643 0.4371 0.4973 0.2978 0.1805 0.1395 0.2423 0.4861 0.4371 0.2490 0.1602 0.1432 0.3511 0.5085 0.3642 0.2110 0.1465 0.1617 0.4323 0.4999 0.3018 0.1823 0.1397 0.2340 0.4834 0.4426 0.2523 0.1615 0.1425 0.3433 0.5077 0.3699 0.2139 0.1475 0.1587 0.4250 0.5035 0.3098 0.1865 0.1403 0.2087 0.4711 0.4682 0.2732 0.1720 0.1395 0.2684
0.1511 0.1743 0.2777 0.4728 0.4689 0.2064 0.1403 0.1860 0.3074 0.5019 0.4299 0.1612 0.1465 0.2106 0.3628 0.5088 0.3539 0.1435 0.1596 0.2474 0.4343 0.4874 0.2467 0.1395 0.1795 0.2955 0.4958 0.4398 0.1659 0.1453 0.2072 0.3563 0.5094 0.3621 0.1443 0.1583 0.2441 0.4286 0.4900 0.2553 0.1394 0.1778 0.2915 0.4927 0.4443 0.1690 0.1445 0.2046 0.3491 0.5085 0.4635 0.5085 0.3491 0.2046 0.1445 0.1690 0.4443 0.4927 0.2915 0.1778 0.1394 0.2553 0.4900 0.4286 0.2441 0.1583 0.1443 0.3621 0.5094 0.3563 0.2072 0.1453 0.1659 0.4398 0.4958 0.2955 0.1795 0.1395 0.2467 0.4874 0.4343 0.2474 0.1596 0.1435 0.3539 0.5088 0.3628 0.2106 0.1465 0.1612 0.4299 0.5019 0.3074 0.1860 0.1403 0.2064 0.4689 0.4728 0.2777 0.1743 0.1511
0.1831 0.2833 0.4788 0.4648 0.2003 0.1405 0.1865 0.3074 0.5013 0.4325 0.1631 0.1458 0.2081 0.3567 0.5095 0.3635 0.1446 0.1579 0.2428 0.4261 0.4911 0.2594 0.1394 0.1769 0.2894 0.4908 0.4468 0.1709 0.1442 0.2036 0.3485 0.5099 0.3727 0.1457 0.1565 0.2393 0.4200 0.4935 0.2684 0.1394 0.1752 0.2854 0.4872 0.4511 0.1746 0.1435 0.2013 0.3433 0.5097 0.3951 0.2047 0.3951 0.5097 0.3433 0.2013 0.1435 0.1746 0.4511 0.4872 0.2854 0.1752 0.1394 0.2684 0.4935 0.4200 0.2393 0.1565 0.1457 0.3727 0.5099 0.3485 0.2036 0.1442 0.1709 0.4468 0.4908 0.2894 0.1769 0.1394 0.2594 0.4911 0.4261 0.2428 0.1579 0.1446 0.3635 0.5095 0.3567 0.2081 0.1458 0.1631 0.4325 0.5013 0.3074 0.1865 0.1405 0.2003 0.4648 0.4788 0.2833 0.1831
0.2885 0.4852 0.4595 0.1923 0.1409 0.1881 0.3098 0.5019 0.4325 0.1638 0.1454 0.2064 0.3523 0.5099 0.3714 0.1457 0.1563 0.2386 0.4182 0.4943 0.2720 0.1395 0.1744 0.2835 0.4853 0.4533 0.1768 0.1432 0.2001 0.3410 0.5100 0.3829 0.1472 0.1547 0.2347 0.4113 0.4967 0.2815 0.1396 0.1726 0.2795 0.4810 0.4574 0.1815 0.1425 0.1979 0.3362 0.5097 0.3919 0.1506 0.1376 0.1506 0.3919 0.5097 0.3362 0.1979 0.1425 0.1815 0.4574 0.4810 0.2795 0.1726 0.1396 0.2815 0.4967 0.4113 0.2347 0.1547 0.1472 0.3829 0.5100 0.3410 0.2001 0.1432 0.1768 0.4533 0.4853 0.2835 0.1744 0.1395 0.2720 0.4943 0.4182 0.2386 0.1563 0.1457 0.3714 0.5099 0.3523 0.2064 0.1454 0.1638 0.4325 0.5019 0.3098 0.1881 0.1409 0.1923 0.4595 0.4852 0.2885
0.4850 0.4535 0.1842 0.1415 0.1905 0.3142 0.5035 0.4299 0.1631 0.1454 0.2058 0.3500 0.5100 0.3770 0.1467 0.1551 0.2350 0.4110 0.4971 0.2839 0.1397 0.1720 0.2779 0.4791 0.4593 0.1839 0.1422 0.1967 0.3338 0.5096 0.3925 0.1490 0.1531 0.2302 0.4027 0.4996 0.2945 0.1399 0.1702 0.2738 0.4742 0.4634 0.1896 0.1417 0.1945 0.3290 0.5090 0.3991 0.1507 0.1481 0.1794 0.1481 0.1507 0.3991 0.5090 0.3290 0.1945 0.1417 0.1896 0.4634 0.4742 0.2738 0.1702 0.1399 0.2945 0.4996 0.4027 0.2302 0.1531 0.1490 0.3925 0.5096 0.3338 0.1967 0.1422 0.1839 0.4593 0.4791 0.2779 0.1720 0.1397 0.2839 0.4971 0.4110 0.2350 0.1551 0.1467 0.3770 0.5100 0.3500 0.2058 0.1454 0.1631 0.4299 0.5035 0.3142 0.1905 0.1415 0.1842 0.4535 0.4850
0.4502 0.1770 0.1422 0.1934 0.3200 0.5054 0.4250 0.1612 0.1458 0.2064 0.3500 0.5100 0.3800 0.1474 0.1542 0.2321 0.4050 0.4993 0.2946 0.1399 0.1699 0.2726 0.4725 0.4649 0.1922 0.1415 0.1935 0.3268 0.5087 0.4017 0.1510 0.1515 0.2258 0.3942 0.5022 0.3073 0.1403 0.1679 0.2681 0.4668 0.4689 0.1992 0.1410 0.1913 0.3220 0.5078 0.4078 0.1527 0.1499 0.2148 0.2959 0.2148 0.1499 0.1527 0.4078 0.5078 0.3220 0.1913 0.1410 0.1992 0.4689 0.4668 0.2681 0.1679 0.1403 0.3073 0.5022 0.3942 0.2258 0.1515 0.1510 0.4017 0.5087 0.3268 0.1935 0.1415 0.1922 0.4649 0.4725 0.2726 0.1699 0.1399 0.2946 0.4993 0.4050 0.2321 0.1542 0.1474 0.3800 0.5100 0.3500 0.2064 0.1458 0.1612 0.4250 0.5054 0.3200 0.1934 0.1422 0.1770 0.4502
0.1820 0.1431 0.1967 0.3265 0.5073 0.4184 0.1587 0.1465 0.2081 0.3523 0.5100 0.3800 0.1476 0.1537 0.2303 0.4006 0.5009 0.3033 0.1403 0.1680 0.2679 0.4659 0.4699 0.2014 0.1408 0.1905 0.3200 0.5073 0.4103 0.1533 0.1501 0.2217 0.3860 0.5044 0.3197 0.1409 0.1657 0.2627 0.4591 0.4741 0.2099 0.1404 0.1882 0.3151 0.5059 0.4163 0.1552 0.1490 0.2176 0.3682 0.4931 0.3682 0.2176 0.1490 0.1552 0.4163 0.5059 0.3151 0.1882 0.1404 0.2099 0.4741 0.4591 0.2627 0.1657 0.1409 0.3197 0.5044 0.3860 0.2217 0.1501 0.1533 0.4103 0.5073 0.3200 0.1905 0.1408 0.2014 0.4699 0.4659 0.2679 0.1680 0.1403 0.3033 0.5009 0.4006 0.2303 0.1537 0.1476 0.3800 0.5100 0.3523 0.2081 0.1465 0.1587 0.4184 0.5073 0.3265 0.1967 0.1431 0.1820
0.1544 0.2001 0.3336 0.5087 0.4106 0.1560 0.1475 0.2106 0.3567 0.5099 0.3770 0.1474 0.1537 0.2297 0.3982 0.5019 0.3096 0.1406 0.1665 0.2639 0.4597 0.4742 0.2109 0.1403 0.1876 0.3135 0.5053 0.4185 0.1560 0.1487 0.2177 0.3779 0.5062 0.3315 0.1416 0.1636 0.2575 0.4510 0.4789 0.2216 0.1400 0.1852 0.3084 0.5033 0.4245 0.1582 0.1478 0.2146 0.3699 0.5075 0.4479 0.5075 0.3699 0.2146 0.1478 0.1582 0.4245 0.5033 0.3084 0.1852 0.1400 0.2216 0.4789 0.4510 0.2575 0.1636 0.1416 0.3315 0.5062 0.3779 0.2177 0.1487 0.1560 0.4185 0.5053 0.3135 0.1876 0.1403 0.2109 0.4742 0.4597 0.2639 0.1665 0.1406 0.3096 0.5019 0.3982 0.2297 0.1537 0.1474 0.3770 0.5099 0.3567 0.2106 0.1475 0.1560 0.4106 0.5087 0.3336 0.2001 0.1544
0.2079 0.3410 0.5096 0.4019 0.1534 0.1487 0.2139 0.3628 0.5095 0.3714 0.1467 0.1542 0.2303 0.3982 0.5023 0.3129 0.1408 0.1654 0.2608 0.4545 0.4777 0.2201 0.1400 0.1850 0.3075 0.5027 0.4262 0.1590 0.1475 0.2139 0.3700 0.5077 0.3429 0.1425 0.1616 0.2524 0.4428 0.4833 0.2338 0.1397 0.1823 0.3019 0.4999 0.4323 0.1617 0.1465 0.2110 0.3637 0.5085 0.3690 0.1791 0.3690 0.5085 0.3637 0.2110 0.1465 0.1617 0.4323 0.4999 0.3019 0.1823 0.1397 0.2338 0.4833 0.4428 0.2524 0.1616 0.1425 0.3429 0.5077 0.3700 0.2139 0.1475 0.1590 0.4262 0.5027 0.3075 0.1850 0.1400 0.2201 0.4777 0.4545 0.2608 0.1654 0.1408 0.3129 0.5023 0.3982 0.2303 0.1542 0.1467 0.3714 0.5095 0.3628 0.2139 0.1487 0.1534 0.4019 0.5096 0.3410 0.2079
0.3447 0.5101 0.3927 0.1511 0.1501 0.2176 0.3699 0.5088 0.3635 0.1457 0.1551 0.2321 0.4006 0.5019 0.3129 0.1409 0.1649 0.2588 0.4507 0.4803 0.2279 0.1398 0.1828 0.3022 0.4998 0.4331 0.1623 0.1463 0.2102 0.3623 0.5088 0.3540 0.1435 0.1596 0.2476 0.4346 0.4873 0.2463 0.1395 0.1796 0.2956 0.4958 0.4396 0.1659 0.1453 0.2073 0.3562 0.5094 0.3651 0.1454 0.1392 0.1454 0.3651 0.5094 0.3562 0.2073 0.1453 0.1659 0.4396 0.4958 0.2956 0.1796 0.1395 0.2463 0.4873 0.4346 0.2476 0.1596 0.1435 0.3540 0.5088 0.3623 0.2102 0.1463 0.1623 0.4331 0.4998 0.3022 0.1828 0.1398 0.2279 0.4803 0.4507 0.2588 0.1649 0.1409 0.3129 0.5019 0.4006 0.2321 0.1551 0.1457 0.3635 0.5088 0.3699 0.2176 0.1501 0.1511 0.3927 0.5101 0.3447
0.5087 0.3830 0.1491 0.1515 0.2216 0.3776 0.5077 0.3539 0.1446 0.1563 0.2350 0.4050 0.5009 0.3096 0.1408 0.1649 0.2582 0.4486 0.4819 0.2336 0.1396 0.1811 0.2978 0.4967 0.4390 0.1659 0.1452 0.2068 0.3550 0.5096 0.3645 0.1446 0.1578 0.2428 0.4263 0.4910 0.2590 0.1394 0.1770 0.2896 0.4910 0.4465 0.1707 0.1442 0.2037 0.3486 0.5099 0.3732 0.1459 0.1521 0.1874 0.1521 0.1459 0.3732 0.5099 0.3486 0.2037 0.1442 0.1707 0.4465 0.4910 0.2896 0.1770 0.1394 0.2590 0.4910 0.4263 0.2428 0.1578 0.1446 0.3645 0.5096 0.3550 0.2068 0.1452 0.1659 0.4390 0.4967 0.2978 0.1811 0.1396 0.2336 0.4819 0.4486 0.2582 0.1649 0.1408 0.3096 0.5009 0.4050 0.2350 0.1563 0.1446 0.3539 0.5077 0.3776 0.2216 0.1515 0.1491 0.3830 0.5087
0.3779 0.1473 0.1531 0.2258 0.3858 0.5062 0.3433 0.1435 0.1579 0.2386 0.4110 0.4993 0.3033 0.1406 0.1654 0.2588 0.4486 0.4824 0.2366 0.1395 0.1798 0.2945 0.4939 0.4439 0.1695 0.1443 0.2038 0.3482 0.5100 0.3742 0.1460 0.1561 0.2383 0.4179 0.4943 0.2718 0.1395 0.1745 0.2838 0.4855 0.4530 0.1766 0.1432 0.2002 0.3412 0.5100 0.3828 0.1473 0.1541 0.2261 0.3140 0.2261 0.1541 0.1473 0.3828 0.5100 0.3412 0.2002 0.1432 0.1766 0.4530 0.4855 0.2838 0.1745 0.1395 0.2718 0.4943 0.4179 0.2383 0.1561 0.1460 0.3742 0.5100 0.3482 0.2038 0.1443 0.1695 0.4439 0.4939 0.2945 0.1798 0.1395 0.2366 0.4824 0.4486 0.2588 0.1654 0.1406 0.3033 0.4993 0.4110 0.2386 0.1579 0.1435 0.3433 0.5062 0.3858 0.2258 0.1531 0.1473 0.3779
0.1576 0.1547 0.2301 0.3942 0.5044 0.3319 0.1425 0.1596 0.2428 0.4182 0.4971 0.2946 0.1403 0.1665 0.2608 0.4507 0.4819 0.2366 0.1395 0.1792 0.2924 0.4917 0.4475 0.1728 0.1436 0.2012 0.3423 0.5100 0.3830 0.1474 0.1545 0.2339 0.4097 0.4974 0.2845 0.1397 0.1721 0.2781 0.4793 0.4591 0.1836 0.1423 0.1969 0.3340 0.5096 0.3923 0.1490 0.1530 0.2288 0.3902 0.5025 0.3902 0.2288 0.1530 0.1490 0.3923 0.5096 0.3340 0.1969 0.1423 0.1836 0.4591 0.4793 0.2781 0.1721 0.1397 0.2845 0.4974 0.4097 0.2339 0.1545 0.1474 0.3830 0.5100 0.3423 0.2012 0.1436 0.1728 0.4475 0.4917 0.2924 0.1792 0.1395 0.2366 0.4819 0.4507 0.2608 0.1665 0.1403 0.2946 0.4971 0.4182 0.2428 0.1596 0.1425 0.3319 0.5044 0.3942 0.2301 0.1547 0.1576
0.1648 0.2347 0.4027 0.5022 0.3199 0.1416 0.1615 0.2474 0.4261 0.4943 0.2839 0.1399 0.1680 0.2639 0.4545 0.4803 0.2336 0.1395 0.1792 0.2916 0.4905 0.4497 0.1754 0.1431 0.1991 0.3374 0.5098 0.3906 0.1489 0.1531 0.2299 0.4018 0.5000 0.2969 0.1400 0.1697 0.2725 0.4726 0.4647 0.1918 0.1415 0.1937 0.3271 0.5088 0.4013 0.1510 0.1516 0.2257 0.3921 0.5037 0.4294 0.5037 0.3921 0.2257 0.1516 0.1510 0.4013 0.5088 0.3271 0.1937 0.1415 0.1918 0.4647 0.4726 0.2725 0.1697 0.1400 0.2969 0.5000 0.4018 0.2299 0.1531 0.1489 0.3906 0.5098 0.3374 0.1991 0.1431 0.1754 0.4497 0.4905 0.2916 0.1792 0.1395 0.2336 0.4803 0.4545 0.2639 0.1680 0.1399 0.2839 0.4943 0.4261 0.2474 0.1615 0.1416 0.3199 0.5022 0.4027 0.2347 0.1648
0.2413 0.4114 0.4996 0.3074 0.1409 0.1635 0.2523 0.4343 0.4911 0.2720 0.1397 0.1699 0.2679 0.4597 0.4777 0.2279 0.1396 0.1798 0.2924 0.4905 0.4505 0.1769 0.1428 0.1977 0.3337 0.5094 0.3968 0.1503 0.1519 0.2264 0.3946 0.5022 0.3084 0.1404 0.1675 0.2671 0.4653 0.4700 0.2014 0.1408 0.1906 0.3203 0.5074 0.4100 0.1532 0.1501 0.2218 0.3858 0.5045 0.3390 0.1622 0.3390 0.5045 0.3858 0.2218 0.1501 0.1532 0.4100 0.5074 0.3203 0.1906 0.1408 0.2014 0.4700 0.4653 0.2671 0.1675 0.1404 0.3084 0.5022 0.3946 0.2264 0.1519 0.1503 0.3968 0.5094 0.3337 0.1977 0.1428 0.1769 0.4505 0.4905 0.2924 0.1798 0.1396 0.2279 0.4777 0.4597 0.2679 0.1699 0.1397 0.2720 0.4911 0.4343 0.2523 0.1635 0.1409 0.3074 0.4996 0.4114 0.2413
0.4133 0.4969 0.2946 0.1403 0.1656 0.2574 0.4426 0.4874 0.2594 0.1395 0.1720 0.2726 0.4659 0.4742 0.2201 0.1398 0.1811 0.2945 0.4917 0.4497 0.1769 0.1427 0.1970 0.3314 0.5091 0.4013 0.1515 0.1509 0.2234 0.3882 0.5040 0.3189 0.1409 0.1655 0.2621 0.4579 0.4749 0.2120 0.1403 0.1876 0.3136 0.5054 0.4182 0.1558 0.1488 0.2179 0.3781 0.5062 0.3344 0.1418 0.1416 0.1418 0.3344 0.5062 0.3781 0.2179 0.1488 0.1558 0.4182 0.5054 0.3136 0.1876 0.1403 0.2120 0.4749 0.4579 0.2621 0.1655 0.1409 0.3189 0.5040 0.3882 0.2234 0.1509 0.1515 0.4013 0.5091 0.3314 0.1970 0.1427 0.1769 0.4497 0.4917 0.2945 0.1811 0.1398 0.2201 0.4742 0.4659 0.2726 0.1720 0.1395 0.2594 0.4874 0.4426 0.2574 0.1656 0.1403 0.2946 0.4969 0.4133
0.4949 0.2817 0.1399 0.1679 0.2627 0.4509 0.4834 0.2467 0.1394 0.1744 0.2779 0.4725 0.4699 0.2109 0.1400 0.1828 0.2978 0.4939 0.4475 0.1754 0.1428 0.1970 0.3306 0.5088 0.4042 0.1524 0.1502 0.2210 0.3829 0.5054 0.3280 0.1415 0.1637 0.2575 0.4506 0.4793 0.2231 0.1399 0.1847 0.3072 0.5027 0.4261 0.1589 0.1475 0.2140 0.3703 0.5076 0.3432 0.1425 0.1569 0.1964 0.1569 0.1425 0.3432 0.5076 0.3703 0.2140 0.1475 0.1589 0.4261 0.5027 0.3072 0.1847 0.1399 0.2231 0.4793 0.4506 0.2575 0.1637 0.1415 0.3280 0.5054 0.3829 0.2210 0.1502 0.1524 0.4042 0.5088 0.3306 0.1970 0.1428 0.1754 0.4475 0.4939 0.2978 0.1828 0.1400 0.2109 0.4699 0.4725 0.2779 0.1744 0.1394 0.2467 0.4834 0.4509 0.2627 0.1679 0.1399 0.2817 0.4949
0.2763 0.1396 0.1702 0.2681 0.4590 0.4789 0.2340 0.1395 0.1769 0.2835 0.4791 0.4649 0.2014 0.1403 0.1850 0.3022 0.4967 0.4439 0.1728 0.1431 0.1977 0.3314 0.5088 0.4051 0.1530 0.1498 0.2194 0.3789 0.5064 0.3355 0.1420 0.1622 0.2535 0.4437 0.4832 0.2343 0.1396 0.1820 0.3010 0.4993 0.4336 0.1624 0.1463 0.2103 0.3625 0.5088 0.3537 0.1435 0.1589 0.2387 0.3340 0.2387 0.1589 0.1435 0.3537 0.5088 0.3625 0.2103 0.1463 0.1624 0.4336 0.4993 0.3010 0.1820 0.1396 0.2343 0.4832 0.4437 0.2535 0.1622 0.1420 0.3355 0.5064 0.3789 0.2194 0.1498 0.1530 0.4051 0.5088 0.3314 0.1977 0.1431 0.1728 0.4439 0.4967 0.3022 0.1850 0.1403 0.2014 0.4649 0.4791 0.2835 0.1769 0.1395 0.2340 0.4789 0.4590 0.2681 0.1702 0.1396 0.2763
0.1512 0.1726 0.2737 0.4668 0.4741 0.2216 0.1397 0.1795 0.2894 0.4853 0.4593 0.1922 0.1408 0.1876 0.3075 0.4998 0.4390 0.1695 0.1436 0.1991 0.3337 0.5091 0.4042 0.1530 0.1496 0.2186 0.3765 0.5070 0.3410 0.1426 0.1610 0.2500 0.4375 0.4864 0.2448 0.1395 0.1795 0.2952 0.4953 0.4406 0.1665 0.1451 0.2066 0.3549 0.5096 0.3642 0.1446 0.1577 0.2415 0.4137 0.5069 0.4137 0.2415 0.1577 0.1446 0.3642 0.5096 0.3549 0.2066 0.1451 0.1665 0.4406 0.4953 0.2952 0.1795 0.1395 0.2448 0.4864 0.4375 0.2500 0.1610 0.1426 0.3410 0.5070 0.3765 0.2186 0.1496 0.1530 0.4042 0.5091 0.3337 0.1991 0.1436 0.1695 0.4390 0.4998 0.3075 0.1876 0.1408 0.1922 0.4593 0.4853 0.2894 0.1795 0.1397 0.2216 0.4741 0.4668 0.2737 0.1726 0.1512
0.1816 0.2795 0.4741 0.4690 0.2100 0.1400 0.1823 0.2955 0.4908 0.4533 0.1839 0.1415 0.1905 0.3135 0.5027 0.4331 0.1659 0.1443 0.2012 0.3374 0.5094 0.4013 0.1524 0.1498 0.2186 0.3756 0.5073 0.3445 0.1429 0.1601 0.2473 0.4323 0.4891 0.2542 0.1394 0.1773 0.2899 0.4910 0.4470 0.1713 0.1441 0.2031 0.3474 0.5100 0.3744 0.1459 0.1561 0.2381 0.4157 0.4972 0.4073 0.4972 0.4157 0.2381 0.1561 0.1459 0.3744 0.5100 0.3474 0.2031 0.1441 0.1713 0.4470 0.4910 0.2899 0.1773 0.1394 0.2542 0.4891 0.4323 0.2473 0.1601 0.1429 0.3445 0.5073 0.3756 0.2186 0.1498 0.1524 0.4013 0.5094 0.3374 0.2012 0.1443 0.1659 0.4331 0.5027 0.3135 0.1905 0.1415 0.1839 0.4533 0.4908 0.2955 0.1823 0.1400 0.2100 0.4690 0.4741 0.2795 0.1816
0.2848 0.4811 0.4634 0.1992 0.1404 0.1852 0.3018 0.4958 0.4468 0.1768 0.1422 0.1935 0.3200 0.5053 0.4262 0.1623 0.1452 0.2038 0.3423 0.5098 0.3968 0.1515 0.1502 0.2194 0.3765 0.5073 0.3456 0.1432 0.1595 0.2455 0.4284 0.4910 0.2621 0.1394 0.1755 0.2853 0.4864 0.4526 0.1766 0.1431 0.1999 0.3403 0.5100 0.3842 0.1475 0.1545 0.2338 0.4093 0.4978 0.3052 0.1517 0.3052 0.4978 0.4093 0.2338 0.1545 0.1475 0.3842 0.5100 0.3403 0.1999 0.1431 0.1766 0.4526 0.4864 0.2853 0.1755 0.1394 0.2621 0.4910 0.4284 0.2455 0.1595 0.1432 0.3456 0.5073 0.3765 0.2194 0.1502 0.1515 0.3968 0.5098 0.3423 0.2038 0.1452 0.1623 0.4262 0.5053 0.3200 0.1935 0.1422 0.1768 0.4468 0.4958 0.3018 0.1852 0.1404 0.1992 0.4634 0.4811 0.2848
0.4811 0.4575 0.1897 0.1410 0.1882 0.3084 0.4999 0.4398 0.1709 0.1432 0.1967 0.3268 0.5073 0.4185 0.1590 0.1463 0.2068 0.3482 0.5100 0.3906 0.1503 0.1509 0.2210 0.3789 0.5070 0.3445 0.1432 0.1593 0.2445 0.4259 0.4924 0.2681 0.1395 0.1740 0.2814 0.4820 0.4574 0.1822 0.1424 0.1969 0.3337 0.5096 0.3933 0.1492 0.1529 0.2296 0.4014 0.5001 0.3002 0.1395 0.1447 0.1395 0.3002 0.5001 0.4014 0.2296 0.1529 0.1492 0.3933 0.5096 0.3337 0.1969 0.1424 0.1822 0.4574 0.4820 0.2814 0.1740 0.1395 0.2681 0.4924 0.4259 0.2445 0.1593 0.1432 0.3445 0.5070 0.3789 0.2210 0.1509 0.1503 0.3906 0.5100 0.3482 0.2068 0.1463 0.1590 0.4185 0.5073 0.3268 0.1967 0.1432 0.1709 0.4398 0.4999 0.3084 0.1882 0.1410 0.1897 0.4575 0.4811
0.4544 0.1815 0.1417 0.1913 0.3151 0.5033 0.4323 0.1659 0.1442 0.2001 0.3338 0.5087 0.4103 0.1560 0.1475 0.2102 0.3550 0.5100 0.3830 0.1489 0.1519 0.2234 0.3829 0.5064 0.3410 0.1429 0.1595 0.2445 0.4250 0.4931 0.2718 0.1395 0.1728 0.2783 0.4781 0.4613 0.1880 0.1417 0.1943 0.3278 0.5088 0.4016 0.1511 0.1514 0.2254 0.3933 0.5025 0.3097 0.1404 0.1623 0.2065 0.1623 0.1404 0.3097 0.5025 0.3933 0.2254 0.1514 0.1511 0.4016 0.5088 0.3278 0.1943 0.1417 0.1880 0.4613 0.4781 0.2783 0.1728 0.1395 0.2718 0.4931 0.4250 0.2445 0.1595 0.1429 0.3410 0.5064 0.3829 0.2234 0.1519 0.1489 0.3830 0.5100 0.3550 0.2102 0.1475 0.1560 0.4103 0.5087 0.3338 0.2001 0.1442 0.1659 0.4323 0.5033 0.3151 0.1913 0.1417 0.1815 0.4544
0.1857 0.1425 0.1945 0.3219 0.5059 0.4245 0.1617 0.1453 0.2036 0.3410 0.5096 0.4017 0.1533 0.1487 0.2139 0.3623 0.5096 0.3742 0.1474 0.1531 0.2264 0.3882 0.5054 0.3355 0.1426 0.1601 0.2455 0.4259 0.4931 0.2731 0.1396 0.1721 0.2762 0.4750 0.4643 0.1932 0.1413 0.1921 0.3225 0.5077 0.4090 0.1532 0.1501 0.2216 0.3855 0.5045 0.3211 0.1410 0.1645 0.2525 0.3557 0.2525 0.1645 0.1410 0.3211 0.5045 0.3855 0.2216 0.1501 0.1532 0.4090 0.5077 0.3225 0.1921 0.1413 0.1932 0.4643 0.4750 0.2762 0.1721 0.1396 0.2731 0.4931 0.4259 0.2455 0.1601 0.1426 0.3355 0.5054 0.3882 0.2264 0.1531 0.1474 0.3742 0.5096 0.3623 0.2139 0.1487 0.1533 0.4017 0.5096 0.3410 0.2036 0.1453 0.1617 0.4245 0.5059 0.3219 0.1945 0.1425 0.1857
0.1539 0.1979 0.3290 0.5078 0.4163 0.1582 0.1465 0.2072 0.3485 0.5100 0.3925 0.1510 0.1501 0.2177 0.3700 0.5088 0.3645 0.1460 0.1545 0.2299 0.3946 0.5040 0.3280 0.1420 0.1610 0.2473 0.4284 0.4924 0.2718 0.1396 0.1719 0.2752 0.4731 0.4663 0.1975 0.1409 0.1902 0.3181 0.5064 0.4154 0.1552 0.1490 0.2181 0.3781 0.5062 0.3322 0.1417 0.1632 0.2553 0.4374 0.5072 0.4374 0.2553 0.1632 0.1417 0.3322 0.5062 0.3781 0.2181 0.1490 0.1552 0.4154 0.5064 0.3181 0.1902 0.1409 0.1975 0.4663 0.4731 0.2752 0.1719 0.1396 0.2718 0.4924 0.4284 0.2473 0.1610 0.1420 0.3280 0.5040 0.3946 0.2299 0.1545 0.1460 0.3645 0.5088 0.3700 0.2177 0.1501 0.1510 0.3925 0.5100 0.3485 0.2072 0.1465 0.1582 0.4163 0.5078 0.3290 0.1979 0.1539
0.2057 0.3363 0.5091 0.4077 0.1552 0.1478 0.2110 0.3563 0.5099 0.3829 0.1490 0.1515 0.2217 0.3779 0.5077 0.3540 0.1446 0.1561 0.2339 0.4018 0.5022 0.3189 0.1415 0.1622 0.2500 0.4323 0.4910 0.2681 0.1395 0.1721 0.2752 0.4724 0.4673 0.2002 0.1407 0.1889 0.3147 0.5052 0.4206 0.1572 0.1480 0.2150 0.3714 0.5075 0.3426 0.1425 0.1614 0.2517 0.4397 0.4882 0.3819 0.4882 0.4397 0.2517 0.1614 0.1425 0.3426 0.5075 0.3714 0.2150 0.1480 0.1572 0.4206 0.5052 0.3147 0.1889 0.1407 0.2002 0.4673 0.4724 0.2752 0.1721 0.1395 0.2681 0.4910 0.4323 0.2500 0.1622 0.1415 0.3189 0.5022 0.4018 0.2339 0.1561 0.1446 0.3540 0.5077 0.3779 0.2217 0.1515 0.1490 0.3829 0.5099 0.3563 0.2110 0.1478 0.1552 0.4077 0.5091 0.3363 0.2057
0.3400 0.5099 0.3987 0.1526 0.1491 0.2149 0.3642 0.5094 0.3727 0.1472 0.1531 0.2258 0.3860 0.5062 0.3429 0.1435 0.1578 0.2383 0.4097 0.5000 0.3084 0.1409 0.1637 0.2535 0.4375 0.4891 0.2621 0.1395 0.1728 0.2762 0.4731 0.4673 0.2012 0.1406 0.1881 0.3123 0.5041 0.4246 0.1590 0.1472 0.2123 0.3656 0.5085 0.3518 0.1434 0.1597 0.2475 0.4337 0.4884 0.2689 0.1450 0.2689 0.4884 0.4337 0.2475 0.1597 0.1434 0.3518 0.5085 0.3656 0.2123 0.1472 0.1590 0.4246 0.5041 0.3123 0.1881 0.1406 0.2012 0.4673 0.4731 0.2762 0.1728 0.1395 0.2621 0.4891 0.4375 0.2535 0.1637 0.1409 0.3084 0.5000 0.4097 0.2383 0.1578 0.1435 0.3429 0.5062 0.3860 0.2258 0.1531 0.1472 0.3727 0.5094 0.3642 0.2149 0.1491 0.1526 0.3987 0.5099 0.3400
0.5085 0.3893 0.1503 0.1506 0.2189 0.3722 0.5085 0.3621 0.1457 0.1547 0.2302 0.3942 0.5044 0.3315 0.1425 0.1596 0.2428 0.4179 0.4974 0.2969 0.1404 0.1655 0.2575 0.4437 0.4864 0.2542 0.1394 0.1740 0.2783 0.4750 0.4663 0.2002 0.1406 0.1878 0.3111 0.5033 0.4273 0.1605 0.1465 0.2102 0.3606 0.5092 0.3598 0.1443 0.1582 0.2434 0.4266 0.4911 0.2631 0.1383 0.1485 0.1383 0.2631 0.4911 0.4266 0.2434 0.1582 0.1443 0.3598 0.5092 0.3606 0.2102 0.1465 0.1605 0.4273 0.5033 0.3111 0.1878 0.1406 0.2002 0.4663 0.4750 0.2783 0.1740 0.1394 0.2542 0.4864 0.4437 0.2575 0.1655 0.1404 0.2969 0.4974 0.4179 0.2428 0.1596 0.1425 0.3315 0.5044 0.3942 0.2302 0.1547 0.1457 0.3621 0.5085 0.3722 0.2189 0.1506 0.1503 0.3893 0.5085
0.3843 0.1484 0.1521 0.2230 0.3804 0.5073 0.3511 0.1443 0.1565 0.2347 0.4027 0.5022 0.3197 0.1416 0.1616 0.2476 0.4263 0.4943 0.2845 0.1400 0.1675 0.2621 0.4506 0.4832 0.2448 0.1394 0.1755 0.2814 0.4781 0.4643 0.1975 0.1407 0.1881 0.3111 0.5030 0.4287 0.1615 0.1461 0.2086 0.3568 0.5096 0.3664 0.1451 0.1569 0.2398 0.4199 0.4939 0.2717 0.1393 0.1687 0.2179 0.1687 0.1393 0.2717 0.4939 0.4199 0.2398 0.1569 0.1451 0.3664 0.5096 0.3568 0.2086 0.1461 0.1615 0.4287 0.5030 0.3111 0.1881 0.1407 0.1975 0.4643 0.4781 0.2814 0.1755 0.1394 0.2448 0.4832 0.4506 0.2621 0.1675 0.1400 0.2845 0.4943 0.4263 0.2476 0.1616 0.1416 0.3197 0.5022 0.4027 0.2347 0.1565 0.1443 0.3511 0.5073 0.3804 0.2230 0.1521 0.1484 0.3843
0.1585 0.1537 0.2273 0.3888 0.5056 0.3396 0.1432 0.1583 0.2393 0.4113 0.4996 0.3073 0.1409 0.1636 0.2524 0.4346 0.4910 0.2718 0.1397 0.1697 0.2671 0.4579 0.4793 0.2343 0.1395 0.1773 0.2853 0.4820 0.4613 0.1932 0.1409 0.1889 0.3123 0.5033 0.4287 0.1618 0.1459 0.2076 0.3542 0.5098 0.3715 0.1459 0.1558 0.2367 0.4137 0.4963 0.2815 0.1396 0.1713 0.2683 0.3796 0.2683 0.1713 0.1396 0.2815 0.4963 0.4137 0.2367 0.1558 0.1459 0.3715 0.5098 0.3542 0.2076 0.1459 0.1618 0.4287 0.5033 0.3123 0.1889 0.1409 0.1932 0.4613 0.4820 0.2853 0.1773 0.1395 0.2343 0.4793 0.4579 0.2671 0.1697 0.1397 0.2718 0.4910 0.4346 0.2524 0.1636 0.1409 0.3073 0.4996 0.4113 0.2393 0.1583 0.1432 0.3396 0.5056 0.3888 0.2273 0.1537 0.1585
0.1638 0.2318 0.3972 0.5036 0.3277 0.1422 0.1602 0.2441 0.4200 0.4967 0.2945 0.1403 0.1657 0.2575 0.4428 0.4873 0.2590 0.1395 0.1721 0.2725 0.4653 0.4749 0.2231 0.1396 0.1795 0.2899 0.4864 0.4574 0.1880 0.1413 0.1902 0.3147 0.5041 0.4273 0.1615 0.1459 0.2073 0.3528 0.5099 0.3750 0.1465 0.1550 0.2342 0.4085 0.4983 0.2906 0.1398 0.1701 0.2717 0.4617 0.5042 0.4617 0.2717 0.1701 0.1398 0.2906 0.4983 0.4085 0.2342 0.1550 0.1465 0.3750 0.5099 0.3528 0.2073 0.1459 0.1615 0.4273 0.5041 0.3147 0.1902 0.1413 0.1880 0.4574 0.4864 0.2899 0.1795 0.1396 0.2231 0.4749 0.4653 0.2725 0.1721 0.1395 0.2590 0.4873 0.4428 0.2575 0.1657 0.1403 0.2945 0.4967 0.4200 0.2441 0.1602 0.1422 0.3277 0.5036 0.3972 0.2318 0.1638
0.2385 0.4058 0.5013 0.3154 0.1414 0.1622 0.2490 0.4286 0.4935 0.2815 0.1399 0.1679 0.2627 0.4510 0.4833 0.2463 0.1394 0.1745 0.2781 0.4726 0.4700 0.2120 0.1399 0.1820 0.2952 0.4910 0.4526 0.1822 0.1417 0.1921 0.3181 0.5052 0.4246 0.1605 0.1461 0.2076 0.3528 0.5099 0.3768 0.1469 0.1544 0.2324 0.4044 0.4998 0.2984 0.1401 0.1686 0.2689 0.4652 0.4753 0.3502 0.4753 0.4652 0.2689 0.1686 0.1401 0.2984 0.4998 0.4044 0.2324 0.1544 0.1469 0.3768 0.5099 0.3528 0.2076 0.1461 0.1605 0.4246 0.5052 0.3181 0.1921 0.1417 0.1822 0.4526 0.4910 0.2952 0.1820 0.1399 0.2120 0.4700 0.4726 0.2781 0.1745 0.1394 0.2463 0.4833 0.4510 0.2627 0.1679 0.1399 0.2815 0.4935 0.4286 0.2490 0.1622 0.1414 0.3154 0.5013 0.4058 0.2385
0.4079 0.4988 0.3029 0.1407 0.1643 0.2540 0.4371 0.4900 0.2684 0.1396 0.1702 0.2681 0.4591 0.4789 0.2338 0.1395 0.1770 0.2838 0.4793 0.4647 0.2014 0.1403 0.1847 0.3010 0.4953 0.4470 0.1766 0.1424 0.1943 0.3225 0.5064 0.4206 0.1590 0.1465 0.2086 0.3542 0.5099 0.3768 0.1471 0.1542 0.2312 0.4016 0.5009 0.3044 0.1404 0.1673 0.2656 0.4615 0.4741 0.2276 0.1402 0.2276 0.4741 0.4615 0.2656 0.1673 0.1404 0.3044 0.5009 0.4016 0.2312 0.1542 0.1471 0.3768 0.5099 0.3542 0.2086 0.1465 0.1590 0.4206 0.5064 0.3225 0.1943 0.1424 0.1766 0.4470 0.4953 0.3010 0.1847 0.1403 0.2014 0.4647 0.4793 0.2838 0.1770 0.1395 0.2338 0.4789 0.4591 0.2681 0.1702 0.1396 0.2684 0.4900 0.4371 0.2540 0.1643 0.1407 0.3029 0.4988 0.4079
0.4968 0.2900 0.1402 0.1664 0.2592 0.4456 0.4861 0.2553 0.1394 0.1726 0.2738 0.4668 0.4741 0.2216 0.1397 0.1796 0.2896 0.4855 0.4591 0.1918 0.1408 0.1876 0.3072 0.4993 0.4406 0.1713 0.1431 0.1969 0.3278 0.5077 0.4154 0.1572 0.1472 0.2102 0.3568 0.5098 0.3750 0.1469 0.1542 0.2308 0.4001 0.5015 0.3086 0.1406 0.1663 0.2627 0.4572 0.4764 0.2198 0.1383 0.1537 0.1383 0.2198 0.4764 0.4572 0.2627 0.1663 0.1406 0.3086 0.5015 0.4001 0.2308 0.1542 0.1469 0.3750 0.5098 0.3568 0.2102 0.1472 0.1572 0.4154 0.5077 0.3278 0.1969 0.1431 0.1713 0.4406 0.4993 0.3072 0.1876 0.1408 0.1918 0.4591 0.4855 0.2896 0.1796 0.1397 0.2216 0.4741 0.4668 0.2738 0.1726 0.1394 0.2553 0.4861 0.4456 0.2592 0.1664 0.1402 0.2900 0.4968
0.2845 0.1398 0.1687 0.2646 0.4538 0.4818 0.2423 0.1394 0.1752 0.2795 0.4742 0.4689 0.2099 0.1400 0.1823 0.2956 0.4910 0.4530 0.1836 0.1415 0.1906 0.3136 0.5027 0.4336 0.1665 0.1441 0.1999 0.3337 0.5088 0.4090 0.1552 0.1480 0.2123 0.3606 0.5096 0.3715 0.1465 0.1544 0.2312 0.4001 0.5017 0.3107 0.1407 0.1655 0.2606 0.4535 0.4788 0.2245 0.1396 0.1774 0.2330 0.1774 0.1396 0.2245 0.4788 0.4535 0.2606 0.1655 0.1407 0.3107 0.5017 0.4001 0.2312 0.1544 0.1465 0.3715 0.5096 0.3606 0.2123 0.1480 0.1552 0.4090 0.5088 0.3337 0.1999 0.1441 0.1665 0.4336 0.5027 0.3136 0.1906 0.1415 0.1836 0.4530 0.4910 0.2956 0.1823 0.1400 0.2099 0.4689 0.4742 0.2795 0.1752 0.1394 0.2423 0.4818 0.4538 0.2646 0.1687 0.1398 0.2845
0.1513 0.1711 0.2701 0.4618 0.4773 0.2295 0.1395 0.1778 0.2854 0.4810 0.4634 0.1992 0.1404 0.1852 0.3019 0.4958 0.4465 0.1766 0.1423 0.1937 0.3203 0.5054 0.4261 0.1624 0.1451 0.2031 0.3403 0.5096 0.4016 0.1532 0.1490 0.2150 0.3656 0.5092 0.3664 0.1459 0.1550 0.2324 0.4016 0.5015 0.3107 0.1408 0.1652 0.2593 0.4508 0.4806 0.2298 0.1396 0.1809 0.2896 0.4099 0.2896 0.1809 0.1396 0.2298 0.4806 0.4508 0.2593 0.1652 0.1408 0.3107 0.5015 0.4016 0.2324 0.1550 0.1459 0.3664 0.5092 0.3656 0.2150 0.1490 0.1532 0.4016 0.5096 0.3403 0.2031 0.1451 0.1624 0.4261 0.5054 0.3203 0.1937 0.1423 0.1766 0.4465 0.4958 0.3019 0.1852 0.1404 0.1992 0.4634 0.4810 0.2854 0.1778 0.1395 0.2295 0.4773 0.4618 0.2701 0.1711 0.1513
0.1801 0.2758 0.4695 0.4723 0.2173 0.1398 0.1805 0.2915 0.4872 0.4574 0.1896 0.1410 0.1882 0.3084 0.4999 0.4396 0.1707 0.1432 0.1969 0.3271 0.5074 0.4182 0.1589 0.1463 0.2066 0.3474 0.5100 0.3933 0.1511 0.1501 0.2181 0.3714 0.5085 0.3598 0.1451 0.1558 0.2342 0.4044 0.5009 0.3086 0.1407 0.1652 0.2588 0.4494 0.4817 0.2338 0.1396 0.1804 0.2946 0.4871 0.4964 0.4871 0.2946 0.1804 0.1396 0.2338 0.4817 0.4494 0.2588 0.1652 0.1407 0.3086 0.5009 0.4044 0.2342 0.1558 0.1451 0.3598 0.5085 0.3714 0.2181 0.1501 0.1511 0.3933 0.5100 0.3474 0.2066 0.1463 0.1589 0.4182 0.5074 0.3271 0.1969 0.1432 0.1707 0.4396 0.4999 0.3084 0.1882 0.1410 0.1896 0.4574 0.4872 0.2915 0.1805 0.1398 0.2173 0.4723 0.4695 0.2758 0.1801
0.2812 0.4768 0.4670 0.2060 0.1401 0.1833 0.2978 0.4927 0.4511 0.1815 0.1417 0.1913 0.3151 0.5033 0.4323 0.1659 0.1442 0.2002 0.3340 0.5088 0.4100 0.1558 0.1475 0.2103 0.3549 0.5100 0.3842 0.1492 0.1514 0.2216 0.3781 0.5075 0.3518 0.1443 0.1569 0.2367 0.4085 0.4998 0.3044 0.1406 0.1655 0.2593 0.4494 0.4820 0.2358 0.1395 0.1797 0.2935 0.4916 0.4544 0.3050 0.4544 0.4916 0.2935 0.1797 0.1395 0.2358 0.4820 0.4494 0.2593 0.1655 0.1406 0.3044 0.4998 0.4085 0.2367 0.1569 0.1443 0.3518 0.5075 0.3781 0.2216 0.1514 0.1492 0.3842 0.5100 0.3549 0.2103 0.1475 0.1558 0.4100 0.5088 0.3340 0.2002 0.1442 0.1659 0.4323 0.5033 0.3151 0.1913 0.1417 0.1815 0.4511 0.4927 0.2978 0.1833 0.1401 0.2060 0.4670 0.4768 0.2812
0.4769 0.4614 0.1956 0.1406 0.1863 0.3042 0.4973 0.4443 0.1746 0.1425 0.1945 0.3220 0.5059 0.4245 0.1617 0.1453 0.2037 0.3412 0.5096 0.4013 0.1532 0.1488 0.2140 0.3625 0.5096 0.3744 0.1475 0.1529 0.2254 0.3855 0.5062 0.3426 0.1434 0.1582 0.2398 0.4137 0.4983 0.2984 0.1404 0.1663 0.2606 0.4508 0.4817 0.2358 0.1395 0.1793 0.2922 0.4911 0.4500 0.1844 0.1371 0.1844 0.4500 0.4911 0.2922 0.1793 0.1395 0.2358 0.4817 0.4508 0.2606 0.1663 0.1404 0.2984 0.4983 0.4137 0.2398 0.1582 0.1434 0.3426 0.5062 0.3855 0.2254 0.1529 0.1475 0.3744 0.5096 0.3625 0.2140 0.1488 0.1532 0.4013 0.5096 0.3412 0.2037 0.1453 0.1617 0.4245 0.5059 0.3220 0.1945 0.1425 0.1746 0.4443 0.4973 0.3042 0.1863 0.1406 0.1956 0.4614 0.4769
0.4584 0.1866 0.1412 0.1893 0.3107 0.5012 0.4371 0.1690 0.1435 0.1979 0.3290 0.5078 0.4163 0.1582 0.1465 0.2073 0.3486 0.5100 0.3923 0.1510 0.1501 0.2179 0.3703 0.5088 0.3642 0.1459 0.1545 0.2296 0.3933 0.5045 0.3322 0.1425 0.1597 0.2434 0.4199 0.4963 0.2906 0.1401 0.1673 0.2627 0.4535 0.4806 0.2338 0.1395 0.1793 0.2917 0.4904 0.4503 0.1775 0.1403 0.1617 0.1403 0.1775 0.4503 0.4904 0.2917 0.1793 0.1395 0.2338 0.4806 0.4535 0.2627 0.1673 0.1401 0.2906 0.4963 0.4199 0.2434 0.1597 0.1425 0.3322 0.5045 0.3933 0.2296 0.1545 0.1459 0.3642 0.5088 0.3703 0.2179 0.1501 0.1510 0.3923 0.5100 0.3486 0.2073 0.1465 0.1582 0.4163 0.5078 0.3290 0.1979 0.1435 0.1690 0.4371 0.5012 0.3107 0.1893 0.1412 0.1866 0.4584
0.1898 0.1420 0.1924 0.3175 0.5043 0.4296 0.1643 0.1445 0.2013 0.3362 0.5090 0.4078 0.1552 0.1478 0.2110 0.3562 0.5099 0.3828 0.1490 0.1516 0.2218 0.3781 0.5076 0.3537 0.1446 0.1561 0.2338 0.4014 0.5025 0.3211 0.1417 0.1614 0.2475 0.4266 0.4939 0.2815 0.1398 0.1686 0.2656 0.4572 0.4788 0.2298 0.1396 0.1797 0.2922 0.4904 0.4507 0.1774 0.1423 0.1906 0.2549 0.1906 0.1423 0.1774 0.4507 0.4904 0.2922 0.1797 0.1396 0.2298 0.4788 0.4572 0.2656 0.1686 0.1398 0.2815 0.4939 0.4266 0.2475 0.1614 0.1417 0.3211 0.5025 0.4014 0.2338 0.1561 0.1446 0.3537 0.5076 0.3781 0.2218 0.1516 0.1490 0.3828 0.5099 0.3562 0.2110 0.1478 0.1552 0.4078 0.5090 0.3362 0.2013 0.1445 0.1643 0.4296 0.5043 0.3175 0.1924 0.1420 0.1898
0.1533 0.1955 0.3241 0.5065 0.4221 0.1605 0.1456 0.2046 0.3433 0.5097 0.3991 0.1527 0.1490 0.2146 0.3637 0.5094 0.3732 0.1473 0.1530 0.2257 0.3858 0.5062 0.3432 0.1435 0.1577 0.2381 0.4093 0.5001 0.3097 0.1410 0.1632 0.2517 0.4337 0.4911 0.2717 0.1396 0.1701 0.2689 0.4615 0.4764 0.2245 0.1396 0.1804 0.2935 0.4911 0.4503 0.1774 0.1425 0.1955 0.3203 0.4491 0.3203 0.1955 0.1425 0.1774 0.4503 0.4911 0.2935 0.1804 0.1396 0.2245 0.4764 0.4615 0.2689 0.1701 0.1396 0.2717 0.4911 0.4337 0.2517 0.1632 0.1410 0.3097 0.5001 0.4093 0.2381 0.1577 0.1435 0.3432 0.5062 0.3858 0.2257 0.1530 0.1473 0.3732 0.5094 0.3637 0.2146 0.1490 0.1527 0.3991 0.5097 0.3433 0.2046 0.1456 0.1605 0.4221 0.5065 0.3241 0.1955 0.1533
0.2024 0.3295 0.5076 0.4157 0.1578 0.1464 0.2073 0.3491 0.5097 0.3919 0.1507 0.1499 0.2176 0.3699 0.5085 0.3651 0.1459 0.1541 0.2288 0.3921 0.5045 0.3344 0.1425 0.1589 0.2415 0.4157 0.4978 0.3002 0.1404 0.1645 0.2553 0.4397 0.4884 0.2631 0.1393 0.1713 0.2717 0.4652 0.4741 0.2198 0.1396 0.1809 0.2946 0.4916 0.4500 0.1775 0.1423 0.1955 0.3269 0.5047 0.4804 0.5047 0.3269 0.1955 0.1423 0.1775 0.4500 0.4916 0.2946 0.1809 0.1396 0.2198 0.4741 0.4652 0.2717 0.1713 0.1393 0.2631 0.4884 0.4397 0.2553 0.1645 0.1404 0.3002 0.4978 0.4157 0.2415 0.1589 0.1425 0.3344 0.5045 0.3921 0.2288 0.1541 0.1459 0.3651 0.5085 0.3699 0.2176 0.1499 0.1507 0.3919 0.5097 0.3491 0.2073 0.1464 0.1578 0.4157 0.5076 0.3295 0.2024
0.3241 0.5063 0.4181 0.1581 0.1447 0.2046 0.3473 0.5085 0.3951 0.1506 0.1481 0.2148 0.3682 0.5075 0.3690 0.1454 0.1521 0.2261 0.3902 0.5037 0.3390 0.1418 0.1569 0.2387 0.4137 0.4972 0.3052 0.1395 0.1623 0.2525 0.4374 0.4882 0.2689 0.1383 0.1687 0.2683 0.4617 0.4753 0.2276 0.1383 0.1774 0.2896 0.4871 0.4544 0.1844 0.1403 0.1906 0.3203 0.5047 0.4289 0.2598 0.4289 0.5047 0.3203 0.1906 0.1403 0.1844 0.4544 0.4871 0.2896 0.1774 0.1383 0.2276 0.4753 0.4617 0.2683 0.1687 0.1383 0.2689 0.4882 0.4374 0.2525 0.1623 0.1395 0.3052 0.4972 0.4137 0.2387 0.1569 0.1418 0.3390 0.5037 0.3902 0.2261 0.1521 0.1454 0.3690 0.5075 0.3682 0.2148 0.1481 0.1506 0.3951 0.5085 0.3473 0.2046 0.1447 0.1581 0.4181 0.5063 0.3241
0.4538 0.4763 0.2370 0.1366 0.1723 0.2791 0.4782 0.4635 0.2047 0.1376 0.1794 0.2959 0.4931 0.4479 0.1791 0.1392 0.1874 0.3140 0.5025 0.4294 0.1622 0.1416 0.1964 0.3340 0.5069 0.4073 0.1517 0.1447 0.2065 0.3557 0.5072 0.3819 0.1450 0.1485 0.2179 0.3796 0.5042 0.3502 0.1402 0.1537 0.2330 0.4099 0.4964 0.3050 0.1371 0.1617 0.2549 0.4491 0.4804 0.2598 0.1406 0.2598 0.4804 0.4491 0.2549 0.1617 0.1371 0.3050 0.4964 0.4099 0.2330 0.1537 0.1402 0.3502 0.5042 0.3796 0.2179 0.1485 0.1450 0.3819 0.5072 0.3557 0.2065 0.1447 0.1517 0.4073 0.5069 0.3340 0.1964 0.1416 0.1622 0.4294 0.5025 0.3140 0.1874 0.1392 0.1791 0.4479 0.4931 0.2959 0.1794 0.1376 0.2047 0.4635 0.4782 0.2791 0.1723 0.1366 0.2370 0.4763 0.4538
0.3241 0.5063 0.4181 0.1581 0.1447 0.2046 0.3473 0.5085 0.3951 0.1506 0.1481 0.2148 0.3682 0.5075 0.3690 0.1454 0.1521 0.2261 0.3902 0.5037 0.3390 0.1418 0.1569 0.2387 0.4137 0.4972 0.3052 0.1395 0.1623 0.2525 0.4374 0.4882 0.2689 0.1383 0.1687 0.2683 0.4617 0.4753 0.2276 0.1383 0.1774 0.2896 0.4871 0.4544 0.1844 0.1403 0.1906 0.3203 0.5047 0.4289 0.2598 0.4289 0.5047 0.3203 0.1906 0.1403 0.1844 0.4544 0.4871 0.2896 0.1774 0.1383 0.2276 0.4753 0.4617 0.2683 0.1687 0.1383 0.2689 0.4882 0.4374 0.2525 0.1623 0.1395 0.3052 0.4972 0.4137 0.2387 0.1569 0.1418 0.3390 0.5037 0.3902 0.2261 0.1521 0.1454 0.3690 0.5075 0.3682 0.2148 0.1481 0.1506 0.3951 0.5085 0.3473 0.2046 0.1447 0.1581 0.4181 0.5063 0.3241
0.2024 0.3295 0.5076 0.4157 0.1578 0.1464 0.2073 0.3491 0.5097 0.3919 0.1507 0.1499 0.2176 0.3699 0.5085 0.3651 0.1459 0.1541 0.2288 0.3921 0.5045 0.3344 0.1425 0.1589 0.2415 0.4157 0.4978 0.3002 0.1404 0.1645 0.2553 0.4397 0.4884 0.2631 0.1393 0.1713 0.2717 0.4652 0.4741 0.2198 0.1396 0.1809 0.2946 0.4916 0.4500 0.1775 0.1423 0.1955 0.3269 0.5047 0.4804 0.5047 0.3269 0.1955 0.1423 0.1775 0.4500 0.4916 0.2946 0.1809 0.1396 0.2198 0.4741 0.4652 0.2717 0.1713 0.1393 0.2631 0.4884 0.4397 0.2553 0.1645 0.1404 0.3002 0.4978 0.4157 0.2415 0.1589 0.1425 0.3344 0.5045 0.3921 0.2288 0.1541 0.1459 0.3651 0.5085 0.3699 0.2176 0.1499 0.1507 0.3919 0.5097 0.3491 0.2073 0.1464 0.1578 0.4157 0.5076 0.3295 0.2024
0.1533 0.1955 0.3241 0.5065 0.4221 0.1605 0.1456 0.2046 0.3433 0.5097 0.3991 0.1527 0.1490 0.2146 0.3637 0.5094 0.3732 0.1473 0.1530 0.2257 0.3858 0.5062 0.3432 0.1435 0.1577 0.2381 0.4093 0.5001 0.3097 0.1410 0.1632 0.2517 0.4337 0.4911 0.2717 0.1396 0.1701 0.2689 0.4615 0.4764 0.2245 0.1396 0.1804 0.2935 0.4911 0.4503 0.1774 0.1425 0.1955 0.3203 0.4491 0.3203 0.1955 0.1425 0.1774 0.4503 0.4911 0.2935 0.1804 0.1396 0.2245 0.4764 0.4615 0.2689 0.1701 0.1396 0.2717 0.4911 0.4337 0.2517 0.1632 0.1410 0.3097 0.5001 0.4093 0.2381 0.1577 0.1435 0.3432 0.5062 0.3858 0.2257 0.1530 0.1473 0.3732 0.5094 0.3637 0.2146 0.1490 0.1527 0.3991 0.5097 0.3433 0.2046 0.1456 0.1605 0.4221 0.5065 0.3241 0.1955 0.1533
0.1898 0.1420 0.1924 0.3175 0.5043 0.4296 0.1643 0.1445 0.2013 0.3362 0.5090 0.4078 0.1552 0.1478 0.2110 0.3562 0.5099 0.3828 0.1490 0.1516 0.2218 0.3781 0.5076 0.3537 0.1446 0.1561 0.2338 0.4014 0.5025 0.3211 0.1417 0.1614 0.2475 0.4266 0.4939 0.2815 0.1398 0.1686 0.2656 0.4572 0.4788 0.2298 0.1396 0.1797 0.2922 0.4904 0.4507 0.1774 0.1423 0.1906 0.2549 0.1906 0.1423 0.1774 0.4507 0.4904 0.2922 0.1797 0.1396 0.2298 0.4788 0.4572 0.2656 0.1686 0.1398 0.2815 0.4939 0.4266 0.2475 0.1614 0.1417 0.3211 0.5025 0.4014 0.2338 0.1561 0.1446 0.3537 0.5076 0.3781 0.2218 0.1516 0.1490 0.3828 0.5099 0.3562 0.2110 0.1478 0.1552 0.4078 0.5090 0.3362 0.2013 0.1445 0.1643 0.4296 0.5043 0.3175 0.1924 0.1420 0.1898
0.4584 0.1866 0.1412 0.1893 0.3107 0.5012 0.4371 0.1690 0.1435 0.1979 0.3290 0.5078 0.4163 0.1582 0.1465 0.2073 0.3486 0.5100 0.3923 0.1510 0.1501 0.2179 0.3703 0.5088 0.3642 0.1459 0.1545 0.2296 0.3933 0.5045 0.3322 0.1425 0.1597 0.2434 0.4199 0.4963 0.2906 0.1401 0.1673 0.2627 0.4535 0.4806 0.2338 0.1395 0.1793 0.2917 0.4904 0.4503 0.1775 0.1403 0.1617 0.1403 0.1775 0.4503 0.4904 0.2917 0.1793 0.1395 0.2338 0.4806 0.4535 0.2627 0.1673 0.1401 0.2906 0.4963 0.4199 0.2434 0.1597 0.1425 0.3322 0.5045 0.3933 0.2296 0.1545 0.1459 0.3642 0.5088 0.3703 0.2179 0.1501 0.1510 0.3923 0.5100 0.3486 0.2073 0.1465 0.1582 0.4163 0.5078 0.3290 0.1979 0.1435 0.1690 0.4371 0.5012 0.3107 0.1893 0.1412 0.1866 0.4584
