-0.0260 -0.2406 -0.3146 -0.3479 0.0308 0.2453 -0.1448 -0.2674 -0.3318 -0.3111 0.1053 0.2404 -0.1972 -0.2918 -0.3425 -0.1440 0.1767 -0.0190 -0.2390 -0.3135 -0.3481 0.0241 0.2412 -0.1401 -0.2656 -0.3308 -0.3171 0.1004 0.2482 -0.1938 -0.2901 -0.3420 -0.1613 0.1712 -0.0009 -0.2370 -0.3120 -0.3480 0.0165 0.2368 -0.1349 -0.2637 -0.3297 -0.3223 0.0955 0.2542 -0.1904 -0.2882 -0.3420 -0.2147 0.0699 -0.2147 -0.3420 -0.2882 -0.1904 0.2542 0.0955 -0.3223 -0.3297 -0.2637 -0.1349 0.2368 0.0165 -0.3480 -0.3120 -0.2370 -0.0009 0.1712 -0.1613 -0.3420 -0.2901 -0.1938 0.2482 0.1004 -0.3171 -0.3308 -0.2656 -0.1401 0.2412 0.0241 -0.3481 -0.3135 -0.2390 -0.0190 0.1767 -0.1440 -0.3425 -0.2918 -0.1972 0.2404 0.1053 -0.3111 -0.3318 -0.2674 -0.1448 0.2453 0.0308 -0.3479 -0.3146 -0.2406 -0.0260
-0.2406 -0.3359 -0.3624 0.0314 0.2437 -0.1450 -0.2894 -0.3511 -0.3231 0.1038 0.2587 -0.2070 -0.3131 -0.3601 -0.1512 0.1722 0.0100 -0.2616 -0.3340 -0.3628 0.0232 0.2387 -0.1391 -0.2876 -0.3502 -0.3293 0.0991 0.2637 -0.2029 -0.3114 -0.3597 -0.1691 0.1664 0.0324 -0.2584 -0.3326 -0.3630 0.0155 0.2338 -0.1330 -0.2857 -0.3492 -0.3348 0.0943 0.2671 -0.1987 -0.3097 -0.3594 -0.1941 0.1432 0.2600 0.1432 -0.1941 -0.3594 -0.3097 -0.1987 0.2671 0.0943 -0.3348 -0.3492 -0.2857 -0.1330 0.2338 0.0155 -0.3630 -0.3326 -0.2584 0.0324 0.1664 -0.1691 -0.3597 -0.3114 -0.2029 0.2637 0.0991 -0.3293 -0.3502 -0.2876 -0.1391 0.2387 0.0232 -0.3628 -0.3340 -0.2616 0.0100 0.1722 -0.1512 -0.3601 -0.3131 -0.2070 0.2587 0.1038 -0.3231 -0.3511 -0.2894 -0.1450 0.2437 0.0314 -0.3624 -0.3359 -0.2406
-0.3146 -0.3624 0.0272 0.2392 -0.1382 -0.2869 -0.3497 -0.3319 0.0965 0.2657 -0.2006 -0.3104 -0.3594 -0.1790 0.1630 0.0456 -0.2561 -0.3317 -0.3629 0.0109 0.2310 -0.1295 -0.2847 -0.3486 -0.3375 0.0914 0.2685 -0.1964 -0.3087 -0.3590 -0.1962 0.1574 0.0705 -0.2518 -0.3303 -0.3628 0.0023 0.2260 -0.1228 -0.2828 -0.3476 -0.3420 0.0866 0.2698 -0.1922 -0.3070 -0.3585 -0.2141 0.1486 0.1618 -0.1746 0.1618 0.1486 -0.2141 -0.3585 -0.3070 -0.1922 0.2698 0.0866 -0.3420 -0.3476 -0.2828 -0.1228 0.2260 0.0023 -0.3628 -0.3303 -0.2518 0.0705 0.1574 -0.1962 -0.3590 -0.3087 -0.1964 0.2685 0.0914 -0.3375 -0.3486 -0.2847 -0.1295 0.2310 0.0109 -0.3629 -0.3317 -0.2561 0.0456 0.1630 -0.1790 -0.3594 -0.3104 -0.2006 0.2657 0.0965 -0.3319 -0.3497 -0.2869 -0.1382 0.2392 0.0272 -0.3624 -0.3146
-0.3479 0.0314 0.2392 -0.1353 -0.2854 -0.3485 -0.3382 0.0900 0.2691 -0.1945 -0.3079 -0.3587 -0.2051 0.1545 0.0845 -0.2495 -0.3295 -0.3627 -0.0028 0.2232 -0.1189 -0.2818 -0.3470 -0.3442 0.0838 0.2701 -0.1898 -0.3060 -0.3582 -0.2215 0.1492 0.1104 -0.2453 -0.3280 -0.3625 -0.0126 0.2182 -0.1114 -0.2799 -0.3459 -0.3479 0.0788 0.2699 -0.1855 -0.3043 -0.3576 -0.2369 0.1434 0.1461 -0.2321 -0.2952 -0.2321 0.1461 0.1434 -0.2369 -0.3576 -0.3043 -0.1855 0.2699 0.0788 -0.3479 -0.3459 -0.2799 -0.1114 0.2182 -0.0126 -0.3625 -0.3280 -0.2453 0.1104 0.1492 -0.2215 -0.3582 -0.3060 -0.1898 0.2701 0.0838 -0.3442 -0.3470 -0.2818 -0.1189 0.2232 -0.0028 -0.3627 -0.3295 -0.2495 0.0845 0.1545 -0.2051 -0.3587 -0.3079 -0.1945 0.2691 0.0900 -0.3382 -0.3485 -0.2854 -0.1353 0.2392 0.0314 -0.3479
0.0308 0.2437 -0.1382 -0.2854 -0.3481 -0.3415 0.0853 0.2701 -0.1891 -0.3055 -0.3579 -0.2283 0.1467 0.1232 -0.2431 -0.3271 -0.3624 -0.0184 0.2153 -0.1070 -0.2789 -0.3452 -0.3497 0.0760 0.2693 -0.1831 -0.3033 -0.3572 -0.2446 0.1412 0.1484 -0.2388 -0.3256 -0.3622 -0.0296 0.2104 -0.0986 -0.2770 -0.3441 -0.3526 0.0708 0.2678 -0.1787 -0.3016 -0.3566 -0.2581 0.1361 0.1724 -0.2331 -0.3230 -0.3645 -0.3230 -0.2331 0.1724 0.1361 -0.2581 -0.3566 -0.3016 -0.1787 0.2678 0.0708 -0.3526 -0.3441 -0.2770 -0.0986 0.2104 -0.0296 -0.3622 -0.3256 -0.2388 0.1484 0.1412 -0.2446 -0.3572 -0.3033 -0.1831 0.2693 0.0760 -0.3497 -0.3452 -0.2789 -0.1070 0.2153 -0.0184 -0.3624 -0.3271 -0.2431 0.1232 0.1467 -0.2283 -0.3579 -0.3055 -0.1891 0.2701 0.0853 -0.3415 -0.3481 -0.2854 -0.1382 0.2437 0.0308
0.2453 -0.1450 -0.2869 -0.3485 -0.3415 0.0836 0.2701 -0.1852 -0.3036 -0.3571 -0.2473 0.1397 0.1573 -0.2370 -0.3248 -0.3621 -0.0359 0.2077 -0.0937 -0.2759 -0.3434 -0.3540 0.0679 0.2666 -0.1761 -0.3006 -0.3562 -0.2651 0.1335 0.1818 -0.2324 -0.3232 -0.3619 -0.0491 0.2028 -0.0838 -0.2740 -0.3422 -0.3562 0.0625 0.2640 -0.1715 -0.2988 -0.3555 -0.2769 0.1286 0.2006 -0.2280 -0.3214 -0.3695 -0.3290 -0.3695 -0.3214 -0.2280 0.2006 0.1286 -0.2769 -0.3555 -0.2988 -0.1715 0.2640 0.0625 -0.3562 -0.3422 -0.2740 -0.0838 0.2028 -0.0491 -0.3619 -0.3232 -0.2324 0.1818 0.1335 -0.2651 -0.3562 -0.3006 -0.1761 0.2666 0.0679 -0.3540 -0.3434 -0.2759 -0.0937 0.2077 -0.0359 -0.3621 -0.3248 -0.2370 0.1573 0.1397 -0.2473 -0.3571 -0.3036 -0.1852 0.2701 0.0836 -0.3415 -0.3485 -0.2869 -0.1450 0.2453
-0.1448 -0.2894 -0.3497 -0.3382 0.0853 0.2701 -0.1838 -0.3026 -0.3565 -0.2609 0.1340 0.1837 -0.2314 -0.3226 -0.3618 -0.0553 0.2004 -0.0784 -0.2730 -0.3415 -0.3573 0.0594 0.2623 -0.1689 -0.2978 -0.3551 -0.2831 0.1259 0.2095 -0.2260 -0.3207 -0.3616 -0.0714 0.1953 -0.0664 -0.2711 -0.3402 -0.3590 0.0537 0.2589 -0.1641 -0.2961 -0.3543 -0.2933 0.1211 0.2241 -0.2219 -0.3190 -0.3620 -0.1237 0.0933 -0.1237 -0.3620 -0.3190 -0.2219 0.2241 0.1211 -0.2933 -0.3543 -0.2961 -0.1641 0.2589 0.0537 -0.3590 -0.3402 -0.2711 -0.0664 0.1953 -0.0714 -0.3616 -0.3207 -0.2260 0.2095 0.1259 -0.2831 -0.3551 -0.2978 -0.1689 0.2623 0.0594 -0.3573 -0.3415 -0.2730 -0.0784 0.2004 -0.0553 -0.3618 -0.3226 -0.2314 0.1837 0.1340 -0.2609 -0.3565 -0.3026 -0.1838 0.2701 0.0853 -0.3382 -0.3497 -0.2894 -0.1448
-0.2674 -0.3511 -0.3319 0.0900 0.2701 -0.1852 -0.3026 -0.3563 -0.2678 0.1302 0.2013 -0.2269 -0.3207 -0.3615 -0.0755 0.1937 -0.0613 -0.2702 -0.3396 -0.3597 0.0506 0.2569 -0.1615 -0.2951 -0.3539 -0.2985 0.1185 0.2312 -0.2197 -0.3182 -0.3611 -0.0962 0.1880 -0.0457 -0.2681 -0.3382 -0.3609 0.0444 0.2528 -0.1563 -0.2932 -0.3531 -0.3073 0.1137 0.2422 -0.2156 -0.3166 -0.3610 -0.1205 0.1632 0.2660 0.1632 -0.1205 -0.3610 -0.3166 -0.2156 0.2422 0.1137 -0.3073 -0.3531 -0.2932 -0.1563 0.2528 0.0444 -0.3609 -0.3382 -0.2681 -0.0457 0.1880 -0.0962 -0.3611 -0.3182 -0.2197 0.2312 0.1185 -0.2985 -0.3539 -0.2951 -0.1615 0.2569 0.0506 -0.3597 -0.3396 -0.2702 -0.0613 0.1937 -0.0755 -0.3615 -0.3207 -0.2269 0.2013 0.1302 -0.2678 -0.3563 -0.3026 -0.1852 0.2701 0.0900 -0.3319 -0.3511 -0.2674
-0.3318 -0.3231 0.0965 0.2691 -0.1891 -0.3036 -0.3565 -0.2678 0.1288 0.2100 -0.2238 -0.3192 -0.3612 -0.0946 0.1877 -0.0427 -0.2675 -0.3377 -0.3613 0.0415 0.2508 -0.1537 -0.2923 -0.3526 -0.3116 0.1111 0.2473 -0.2134 -0.3157 -0.3607 -0.1231 0.1805 -0.0205 -0.2651 -0.3361 -0.3621 0.0342 0.2460 -0.1481 -0.2904 -0.3517 -0.3191 0.1064 0.2551 -0.2093 -0.3140 -0.3603 -0.1425 0.1710 0.0588 -0.1968 0.0588 0.1710 -0.1425 -0.3603 -0.3140 -0.2093 0.2551 0.1064 -0.3191 -0.3517 -0.2904 -0.1481 0.2460 0.0342 -0.3621 -0.3361 -0.2651 -0.0205 0.1805 -0.1231 -0.3607 -0.3157 -0.2134 0.2473 0.1111 -0.3116 -0.3526 -0.2923 -0.1537 0.2508 0.0415 -0.3613 -0.3377 -0.2675 -0.0427 0.1877 -0.0946 -0.3612 -0.3192 -0.2238 0.2100 0.1288 -0.2678 -0.3565 -0.3036 -0.1891 0.2691 0.0965 -0.3231 -0.3318
-0.3111 0.1038 0.2657 -0.1945 -0.3055 -0.3571 -0.2609 0.1302 0.2100 -0.2228 -0.3184 -0.3609 -0.1095 0.1829 -0.0241 -0.2651 -0.3359 -0.3623 0.0320 0.2442 -0.1457 -0.2896 -0.3512 -0.3226 0.1039 0.2584 -0.2071 -0.3131 -0.3601 -0.1509 0.1720 0.0098 -0.2616 -0.3340 -0.3628 0.0232 0.2387 -0.1392 -0.2876 -0.3502 -0.3291 0.0990 0.2636 -0.2029 -0.3114 -0.3597 -0.1693 0.1654 0.0427 -0.2497 -0.3033 -0.2497 0.0427 0.1654 -0.1693 -0.3597 -0.3114 -0.2029 0.2636 0.0990 -0.3291 -0.3502 -0.2876 -0.1392 0.2387 0.0232 -0.3628 -0.3340 -0.2616 0.0098 0.1720 -0.1509 -0.3601 -0.3131 -0.2071 0.2584 0.1039 -0.3226 -0.3512 -0.2896 -0.1457 0.2442 0.0320 -0.3623 -0.3359 -0.2651 -0.0241 0.1829 -0.1095 -0.3609 -0.3184 -0.2228 0.2100 0.1302 -0.2609 -0.3571 -0.3055 -0.1945 0.2657 0.1038 -0.3111
0.1053 0.2587 -0.2006 -0.3079 -0.3579 -0.2473 0.1340 0.2013 -0.2238 -0.3184 -0.3608 -0.1178 0.1798 -0.0086 -0.2632 -0.3343 -0.3628 0.0227 0.2378 -0.1375 -0.2869 -0.3498 -0.3316 0.0968 0.2655 -0.2009 -0.3105 -0.3595 -0.1782 0.1631 0.0450 -0.2562 -0.3317 -0.3629 0.0110 0.2311 -0.1295 -0.2847 -0.3486 -0.3374 0.0915 0.2684 -0.1965 -0.3087 -0.3590 -0.1961 0.1573 0.0727 -0.2504 -0.3301 -0.3695 -0.3301 -0.2504 0.0727 0.1573 -0.1961 -0.3590 -0.3087 -0.1965 0.2684 0.0915 -0.3374 -0.3486 -0.2847 -0.1295 0.2311 0.0110 -0.3629 -0.3317 -0.2562 0.0450 0.1631 -0.1782 -0.3595 -0.3105 -0.2009 0.2655 0.0968 -0.3316 -0.3498 -0.2869 -0.1375 0.2378 0.0227 -0.3628 -0.3343 -0.2632 -0.0086 0.1798 -0.1178 -0.3608 -0.3184 -0.2238 0.2013 0.1340 -0.2473 -0.3579 -0.3079 -0.2006 0.2587 0.1053
0.2404 -0.2070 -0.3104 -0.3587 -0.2283 0.1397 0.1837 -0.2269 -0.3192 -0.3609 -0.1178 0.1788 0.0003 -0.2619 -0.3332 -0.3629 0.0143 0.2320 -0.1295 -0.2844 -0.3484 -0.3389 0.0897 0.2691 -0.1946 -0.3080 -0.3587 -0.2041 0.1548 0.0833 -0.2497 -0.3295 -0.3627 -0.0027 0.2232 -0.1190 -0.2818 -0.3470 -0.3442 0.0839 0.2701 -0.1899 -0.3061 -0.3582 -0.2214 0.1492 0.1106 -0.2450 -0.3279 -0.3696 -0.2908 -0.3696 -0.3279 -0.2450 0.1106 0.1492 -0.2214 -0.3582 -0.3061 -0.1899 0.2701 0.0839 -0.3442 -0.3470 -0.2818 -0.1190 0.2232 -0.0027 -0.3627 -0.3295 -0.2497 0.0833 0.1548 -0.2041 -0.3587 -0.3080 -0.1946 0.2691 0.0897 -0.3389 -0.3484 -0.2844 -0.1295 0.2320 0.0143 -0.3629 -0.3332 -0.2619 0.0003 0.1788 -0.1178 -0.3609 -0.3192 -0.2269 0.1837 0.1397 -0.2283 -0.3587 -0.3104 -0.2070 0.2404
-0.1972 -0.3131 -0.3594 -0.2051 0.1467 0.1573 -0.2314 -0.3207 -0.3612 -0.1095 0.1798 0.0003 -0.2615 -0.3325 -0.3629 0.0077 0.2272 -0.1224 -0.2823 -0.3470 -0.3445 0.0829 0.2702 -0.1884 -0.3054 -0.3579 -0.2281 0.1469 0.1218 -0.2433 -0.3272 -0.3624 -0.0180 0.2155 -0.1072 -0.2789 -0.3452 -0.3497 0.0760 0.2694 -0.1831 -0.3034 -0.3572 -0.2445 0.1412 0.1483 -0.2388 -0.3256 -0.3626 -0.0576 0.1112 -0.0576 -0.3626 -0.3256 -0.2388 0.1483 0.1412 -0.2445 -0.3572 -0.3034 -0.1831 0.2694 0.0760 -0.3497 -0.3452 -0.2789 -0.1072 0.2155 -0.0180 -0.3624 -0.3272 -0.2433 0.1218 0.1469 -0.2281 -0.3579 -0.3054 -0.1884 0.2702 0.0829 -0.3445 -0.3470 -0.2823 -0.1224 0.2272 0.0077 -0.3629 -0.3325 -0.2615 0.0003 0.1798 -0.1095 -0.3612 -0.3207 -0.2314 0.1573 0.1467 -0.2051 -0.3594 -0.3131 -0.1972
-0.2918 -0.3601 -0.1790 0.1545 0.1232 -0.2370 -0.3226 -0.3615 -0.0946 0.1829 -0.0086 -0.2619 -0.3325 -0.3629 0.0040 0.2241 -0.1169 -0.2805 -0.3458 -0.3486 0.0767 0.2693 -0.1825 -0.3029 -0.3570 -0.2494 0.1393 0.1575 -0.2371 -0.3249 -0.3621 -0.0352 0.2080 -0.0941 -0.2760 -0.3434 -0.3540 0.0680 0.2666 -0.1762 -0.3006 -0.3562 -0.2650 0.1335 0.1816 -0.2324 -0.3232 -0.3620 -0.0546 0.1840 0.2550 0.1840 -0.0546 -0.3620 -0.3232 -0.2324 0.1816 0.1335 -0.2650 -0.3562 -0.3006 -0.1762 0.2666 0.0680 -0.3540 -0.3434 -0.2760 -0.0941 0.2080 -0.0352 -0.3621 -0.3249 -0.2371 0.1575 0.1393 -0.2494 -0.3570 -0.3029 -0.1825 0.2693 0.0767 -0.3486 -0.3458 -0.2805 -0.1169 0.2241 0.0040 -0.3629 -0.3325 -0.2619 -0.0086 0.1829 -0.0946 -0.3615 -0.3226 -0.2370 0.1232 0.1545 -0.1790 -0.3601 -0.2918
-0.3425 -0.1512 0.1630 0.0845 -0.2431 -0.3248 -0.3618 -0.0755 0.1877 -0.0241 -0.2632 -0.3332 -0.3629 0.0040 0.2231 -0.1138 -0.2794 -0.3450 -0.3514 0.0715 0.2675 -0.1771 -0.3007 -0.3561 -0.2674 0.1322 0.1880 -0.2309 -0.3226 -0.3618 -0.0549 0.2007 -0.0791 -0.2731 -0.3416 -0.3572 0.0597 0.2624 -0.1691 -0.2979 -0.3551 -0.2829 0.1259 0.2093 -0.2261 -0.3207 -0.3616 -0.0724 0.1932 -0.0289 -0.2152 -0.0289 0.1932 -0.0724 -0.3616 -0.3207 -0.2261 0.2093 0.1259 -0.2829 -0.3551 -0.2979 -0.1691 0.2624 0.0597 -0.3572 -0.3416 -0.2731 -0.0791 0.2007 -0.0549 -0.3618 -0.3226 -0.2309 0.1880 0.1322 -0.2674 -0.3561 -0.3007 -0.1771 0.2675 0.0715 -0.3514 -0.3450 -0.2794 -0.1138 0.2231 0.0040 -0.3629 -0.3332 -0.2632 -0.0241 0.1877 -0.0755 -0.3618 -0.3248 -0.2431 0.0845 0.1630 -0.1512 -0.3425
-0.1440 0.1722 0.0456 -0.2495 -0.3271 -0.3621 -0.0553 0.1937 -0.0427 -0.2651 -0.3343 -0.3629 0.0077 0.2241 -0.1138 -0.2791 -0.3445 -0.3529 0.0676 0.2655 -0.1725 -0.2987 -0.3552 -0.2820 0.1257 0.2118 -0.2251 -0.3202 -0.3615 -0.0770 0.1935 -0.0614 -0.2703 -0.3397 -0.3596 0.0510 0.2571 -0.1617 -0.2951 -0.3539 -0.2983 0.1186 0.2310 -0.2198 -0.3182 -0.3612 -0.0962 0.1877 -0.0392 -0.2631 -0.3113 -0.2631 -0.0392 0.1877 -0.0962 -0.3612 -0.3182 -0.2198 0.2310 0.1186 -0.2983 -0.3539 -0.2951 -0.1617 0.2571 0.0510 -0.3596 -0.3397 -0.2703 -0.0614 0.1935 -0.0770 -0.3615 -0.3202 -0.2251 0.2118 0.1257 -0.2820 -0.3552 -0.2987 -0.1725 0.2655 0.0676 -0.3529 -0.3445 -0.2791 -0.1138 0.2241 0.0077 -0.3629 -0.3343 -0.2651 -0.0427 0.1937 -0.0553 -0.3621 -0.3271 -0.2495 0.0456 0.1722 -0.1440
0.1767 0.0100 -0.2561 -0.3295 -0.3624 -0.0359 0.2004 -0.0613 -0.2675 -0.3359 -0.3628 0.0143 0.2272 -0.1169 -0.2794 -0.3445 -0.3534 0.0656 0.2640 -0.1692 -0.2972 -0.3545 -0.2931 0.1201 0.2292 -0.2198 -0.3180 -0.3611 -0.1006 0.1866 -0.0406 -0.2674 -0.3377 -0.3613 0.0417 0.2510 -0.1540 -0.2924 -0.3526 -0.3112 0.1114 0.2470 -0.2135 -0.3157 -0.3607 -0.1229 0.1805 -0.0193 -0.2643 -0.3368 -0.3736 -0.3368 -0.2643 -0.0193 0.1805 -0.1229 -0.3607 -0.3157 -0.2135 0.2470 0.1114 -0.3112 -0.3526 -0.2924 -0.1540 0.2510 0.0417 -0.3613 -0.3377 -0.2674 -0.0406 0.1866 -0.1006 -0.3611 -0.3180 -0.2198 0.2292 0.1201 -0.2931 -0.3545 -0.2972 -0.1692 0.2640 0.0656 -0.3534 -0.3445 -0.2794 -0.1169 0.2272 0.0143 -0.3628 -0.3359 -0.2675 -0.0613 0.2004 -0.0359 -0.3624 -0.3295 -0.2561 0.0100 0.1767
-0.0190 -0.2616 -0.3317 -0.3627 -0.0184 0.2077 -0.0784 -0.2702 -0.3377 -0.3623 0.0227 0.2320 -0.1224 -0.2805 -0.3450 -0.3529 0.0656 0.2634 -0.1675 -0.2962 -0.3539 -0.3009 0.1156 0.2413 -0.2151 -0.3160 -0.3606 -0.1242 0.1798 -0.0165 -0.2645 -0.3357 -0.3623 0.0317 0.2443 -0.1458 -0.2897 -0.3513 -0.3222 0.1042 0.2581 -0.2073 -0.3132 -0.3601 -0.1504 0.1721 0.0096 -0.2614 -0.3340 -0.3684 -0.2357 -0.3684 -0.3340 -0.2614 0.0096 0.1721 -0.1504 -0.3601 -0.3132 -0.2073 0.2581 0.1042 -0.3222 -0.3513 -0.2897 -0.1458 0.2443 0.0317 -0.3623 -0.3357 -0.2645 -0.0165 0.1798 -0.1242 -0.3606 -0.3160 -0.2151 0.2413 0.1156 -0.3009 -0.3539 -0.2962 -0.1675 0.2634 0.0656 -0.3529 -0.3450 -0.2805 -0.1224 0.2320 0.0227 -0.3623 -0.3377 -0.2702 -0.0784 0.2077 -0.0184 -0.3627 -0.3317 -0.2616 -0.0190
-0.2390 -0.3340 -0.3629 -0.0028 0.2153 -0.0937 -0.2730 -0.3396 -0.3613 0.0320 0.2378 -0.1295 -0.2823 -0.3458 -0.3514 0.0676 0.2640 -0.1675 -0.2959 -0.3536 -0.3055 0.1124 0.2488 -0.2112 -0.3143 -0.3602 -0.1461 0.1727 0.0102 -0.2613 -0.3337 -0.3628 0.0209 0.2371 -0.1371 -0.2869 -0.3498 -0.3314 0.0970 0.2653 -0.2011 -0.3106 -0.3595 -0.1774 0.1634 0.0441 -0.2563 -0.3318 -0.3628 -0.0089 0.1296 -0.0089 -0.3628 -0.3318 -0.2563 0.0441 0.1634 -0.1774 -0.3595 -0.3106 -0.2011 0.2653 0.0970 -0.3314 -0.3498 -0.2869 -0.1371 0.2371 0.0209 -0.3628 -0.3337 -0.2613 0.0102 0.1727 -0.1461 -0.3602 -0.3143 -0.2112 0.2488 0.1124 -0.3055 -0.3536 -0.2959 -0.1675 0.2640 0.0676 -0.3514 -0.3458 -0.2823 -0.1295 0.2378 0.0320 -0.3613 -0.3396 -0.2730 -0.0937 0.2153 -0.0028 -0.3629 -0.3340 -0.2390
-0.3135 -0.3628 0.0109 0.2232 -0.1070 -0.2759 -0.3415 -0.3597 0.0415 0.2442 -0.1375 -0.2844 -0.3470 -0.3486 0.0715 0.2655 -0.1692 -0.2962 -0.3536 -0.3071 0.1107 0.2528 -0.2085 -0.3129 -0.3599 -0.1646 0.1662 0.0374 -0.2568 -0.3318 -0.3629 0.0095 0.2299 -0.1277 -0.2841 -0.3483 -0.3391 0.0897 0.2691 -0.1948 -0.3081 -0.3588 -0.2033 0.1551 0.0820 -0.2499 -0.3296 -0.3627 -0.0063 0.2048 0.2139 0.2048 -0.0063 -0.3627 -0.3296 -0.2499 0.0820 0.1551 -0.2033 -0.3588 -0.3081 -0.1948 0.2691 0.0897 -0.3391 -0.3483 -0.2841 -0.1277 0.2299 0.0095 -0.3629 -0.3318 -0.2568 0.0374 0.1662 -0.1646 -0.3599 -0.3129 -0.2085 0.2528 0.1107 -0.3071 -0.3536 -0.2962 -0.1692 0.2655 0.0715 -0.3486 -0.3470 -0.2844 -0.1375 0.2442 0.0415 -0.3597 -0.3415 -0.2759 -0.1070 0.2232 0.0109 -0.3628 -0.3135
-0.3481 0.0232 0.2310 -0.1189 -0.2789 -0.3434 -0.3573 0.0506 0.2508 -0.1457 -0.2869 -0.3484 -0.3445 0.0767 0.2675 -0.1725 -0.2972 -0.3539 -0.3055 0.1107 0.2541 -0.2071 -0.3121 -0.3596 -0.1786 0.1610 0.0622 -0.2521 -0.3300 -0.3627 -0.0022 0.2230 -0.1180 -0.2814 -0.3467 -0.3453 0.0823 0.2702 -0.1884 -0.3054 -0.3580 -0.2273 0.1472 0.1205 -0.2435 -0.3273 -0.3624 -0.0183 0.2136 -0.0842 -0.2286 -0.0842 0.2136 -0.0183 -0.3624 -0.3273 -0.2435 0.1205 0.1472 -0.2273 -0.3580 -0.3054 -0.1884 0.2702 0.0823 -0.3453 -0.3467 -0.2814 -0.1180 0.2230 -0.0022 -0.3627 -0.3300 -0.2521 0.0622 0.1610 -0.1786 -0.3596 -0.3121 -0.2071 0.2541 0.1107 -0.3055 -0.3539 -0.2972 -0.1725 0.2675 0.0767 -0.3445 -0.3484 -0.2869 -0.1457 0.2508 0.0506 -0.3573 -0.3434 -0.2789 -0.1189 0.2310 0.0232 -0.3481
0.0241 0.2387 -0.1295 -0.2818 -0.3452 -0.3540 0.0594 0.2569 -0.1537 -0.2896 -0.3498 -0.3389 0.0829 0.2693 -0.1771 -0.2987 -0.3545 -0.3009 0.1124 0.2528 -0.2071 -0.3118 -0.3594 -0.1873 0.1575 0.0819 -0.2483 -0.3285 -0.3625 -0.0137 0.2167 -0.1080 -0.2789 -0.3451 -0.3502 0.0749 0.2690 -0.1818 -0.3028 -0.3571 -0.2492 0.1395 0.1565 -0.2372 -0.3250 -0.3621 -0.0348 0.2078 -0.0906 -0.2715 -0.3193 -0.2715 -0.0906 0.2078 -0.0348 -0.3621 -0.3250 -0.2372 0.1565 0.1395 -0.2492 -0.3571 -0.3028 -0.1818 0.2690 0.0749 -0.3502 -0.3451 -0.2789 -0.1080 0.2167 -0.0137 -0.3625 -0.3285 -0.2483 0.0819 0.1575 -0.1873 -0.3594 -0.3118 -0.2071 0.2528 0.1124 -0.3009 -0.3545 -0.2987 -0.1771 0.2693 0.0829 -0.3389 -0.3498 -0.2896 -0.1537 0.2569 0.0594 -0.3540 -0.3452 -0.2818 -0.1295 0.2387 0.0241
0.2412 -0.1391 -0.2847 -0.3470 -0.3497 0.0679 0.2623 -0.1615 -0.2923 -0.3512 -0.3316 0.0897 0.2702 -0.1825 -0.3007 -0.3552 -0.2931 0.1156 0.2488 -0.2085 -0.3121 -0.3594 -0.1902 0.1557 0.0945 -0.2456 -0.3274 -0.3623 -0.0242 0.2113 -0.0982 -0.2765 -0.3436 -0.3539 0.0676 0.2663 -0.1753 -0.3002 -0.3560 -0.2686 0.1320 0.1878 -0.2311 -0.3227 -0.3618 -0.0541 0.2008 -0.0787 -0.2725 -0.3434 -0.3769 -0.3434 -0.2725 -0.0787 0.2008 -0.0541 -0.3618 -0.3227 -0.2311 0.1878 0.1320 -0.2686 -0.3560 -0.3002 -0.1753 0.2663 0.0676 -0.3539 -0.3436 -0.2765 -0.0982 0.2113 -0.0242 -0.3623 -0.3274 -0.2456 0.0945 0.1557 -0.1902 -0.3594 -0.3121 -0.2085 0.2488 0.1156 -0.2931 -0.3552 -0.3007 -0.1825 0.2702 0.0897 -0.3316 -0.3512 -0.2923 -0.1615 0.2623 0.0679 -0.3497 -0.3470 -0.2847 -0.1391 0.2412
-0.1401 -0.2876 -0.3486 -0.3442 0.0760 0.2666 -0.1689 -0.2951 -0.3526 -0.3226 0.0968 0.2691 -0.1884 -0.3029 -0.3561 -0.2820 0.1201 0.2413 -0.2112 -0.3129 -0.3596 -0.1873 0.1557 0.0988 -0.2443 -0.3266 -0.3622 -0.0329 0.2070 -0.0892 -0.2745 -0.3422 -0.3566 0.0606 0.2625 -0.1688 -0.2976 -0.3550 -0.2853 0.1248 0.2135 -0.2249 -0.3203 -0.3615 -0.0761 0.1937 -0.0618 -0.2702 -0.3399 -0.3650 -0.1620 -0.3650 -0.3399 -0.2702 -0.0618 0.1937 -0.0761 -0.3615 -0.3203 -0.2249 0.2135 0.1248 -0.2853 -0.3550 -0.2976 -0.1688 0.2625 0.0606 -0.3566 -0.3422 -0.2745 -0.0892 0.2070 -0.0329 -0.3622 -0.3266 -0.2443 0.0988 0.1557 -0.1873 -0.3596 -0.3129 -0.2112 0.2413 0.1201 -0.2820 -0.3561 -0.3029 -0.1884 0.2691 0.0968 -0.3226 -0.3526 -0.2951 -0.1689 0.2666 0.0760 -0.3442 -0.3486 -0.2876 -0.1401
-0.2656 -0.3502 -0.3375 0.0838 0.2693 -0.1761 -0.2978 -0.3539 -0.3116 0.1039 0.2655 -0.1946 -0.3054 -0.3570 -0.2674 0.1257 0.2292 -0.2151 -0.3143 -0.3599 -0.1786 0.1575 0.0945 -0.2443 -0.3264 -0.3621 -0.0387 0.2041 -0.0818 -0.2729 -0.3410 -0.3585 0.0541 0.2584 -0.1626 -0.2953 -0.3539 -0.2993 0.1178 0.2334 -0.2188 -0.3178 -0.3611 -0.1007 0.1867 -0.0412 -0.2674 -0.3378 -0.3615 0.0267 0.1499 0.0267 -0.3615 -0.3378 -0.2674 -0.0412 0.1867 -0.1007 -0.3611 -0.3178 -0.2188 0.2334 0.1178 -0.2993 -0.3539 -0.2953 -0.1626 0.2584 0.0541 -0.3585 -0.3410 -0.2729 -0.0818 0.2041 -0.0387 -0.3621 -0.3264 -0.2443 0.0945 0.1575 -0.1786 -0.3599 -0.3143 -0.2151 0.2292 0.1257 -0.2674 -0.3570 -0.3054 -0.1946 0.2655 0.1039 -0.3116 -0.3539 -0.2978 -0.1761 0.2693 0.0838 -0.3375 -0.3502 -0.2656
-0.3308 -0.3293 0.0914 0.2701 -0.1831 -0.3006 -0.3551 -0.2985 0.1111 0.2584 -0.2009 -0.3080 -0.3579 -0.2494 0.1322 0.2118 -0.2198 -0.3160 -0.3602 -0.1646 0.1610 0.0819 -0.2456 -0.3266 -0.3621 -0.0408 0.2025 -0.0768 -0.2718 -0.3400 -0.3597 0.0485 0.2544 -0.1570 -0.2931 -0.3528 -0.3105 0.1113 0.2477 -0.2129 -0.3154 -0.3606 -0.1269 0.1793 -0.0161 -0.2646 -0.3357 -0.3623 0.0291 0.2281 0.1292 0.2281 0.0291 -0.3623 -0.3357 -0.2646 -0.0161 0.1793 -0.1269 -0.3606 -0.3154 -0.2129 0.2477 0.1113 -0.3105 -0.3528 -0.2931 -0.1570 0.2544 0.0485 -0.3597 -0.3400 -0.2718 -0.0768 0.2025 -0.0408 -0.3621 -0.3266 -0.2456 0.0819 0.1610 -0.1646 -0.3602 -0.3160 -0.2198 0.2118 0.1322 -0.2494 -0.3579 -0.3080 -0.2009 0.2584 0.1111 -0.2985 -0.3551 -0.3006 -0.1831 0.2701 0.0914 -0.3293 -0.3308
-0.3171 0.0991 0.2685 -0.1898 -0.3033 -0.3562 -0.2831 0.1185 0.2473 -0.2071 -0.3105 -0.3587 -0.2281 0.1393 0.1880 -0.2251 -0.3180 -0.3606 -0.1461 0.1662 0.0622 -0.2483 -0.3274 -0.3622 -0.0387 0.2025 -0.0751 -0.2711 -0.3394 -0.3604 0.0441 0.2509 -0.1521 -0.2912 -0.3518 -0.3194 0.1054 0.2574 -0.2074 -0.3130 -0.3600 -0.1535 0.1710 0.0140 -0.2609 -0.3336 -0.3628 0.0205 0.2353 -0.1208 -0.2423 -0.1208 0.2353 0.0205 -0.3628 -0.3336 -0.2609 0.0140 0.1710 -0.1535 -0.3600 -0.3130 -0.2074 0.2574 0.1054 -0.3194 -0.3518 -0.2912 -0.1521 0.2509 0.0441 -0.3604 -0.3394 -0.2711 -0.0751 0.2025 -0.0387 -0.3622 -0.3274 -0.2483 0.0622 0.1662 -0.1461 -0.3606 -0.3180 -0.2251 0.1880 0.1393 -0.2281 -0.3587 -0.3105 -0.2071 0.2473 0.1185 -0.2831 -0.3562 -0.3033 -0.1898 0.2685 0.0991 -0.3171
0.1004 0.2637 -0.1964 -0.3060 -0.3572 -0.2651 0.1259 0.2312 -0.2134 -0.3131 -0.3595 -0.2041 0.1469 0.1575 -0.2309 -0.3202 -0.3611 -0.1242 0.1727 0.0374 -0.2521 -0.3285 -0.3623 -0.0329 0.2041 -0.0768 -0.2711 -0.3392 -0.3608 0.0413 0.2484 -0.1483 -0.2897 -0.3509 -0.3261 0.1001 0.2635 -0.2023 -0.3108 -0.3595 -0.1785 0.1627 0.0482 -0.2555 -0.3315 -0.3629 0.0090 0.2295 -0.1251 -0.2800 -0.3273 -0.2800 -0.1251 0.2295 0.0090 -0.3629 -0.3315 -0.2555 0.0482 0.1627 -0.1785 -0.3595 -0.3108 -0.2023 0.2635 0.1001 -0.3261 -0.3509 -0.2897 -0.1483 0.2484 0.0413 -0.3608 -0.3392 -0.2711 -0.0768 0.2041 -0.0329 -0.3623 -0.3285 -0.2521 0.0374 0.1727 -0.1242 -0.3611 -0.3202 -0.2309 0.1575 0.1469 -0.2041 -0.3595 -0.3131 -0.2134 0.2312 0.1259 -0.2651 -0.3572 -0.3060 -0.1964 0.2637 0.1004
0.2482 -0.2029 -0.3087 -0.3582 -0.2446 0.1335 0.2095 -0.2197 -0.3157 -0.3601 -0.1782 0.1548 0.1218 -0.2371 -0.3226 -0.3615 -0.1006 0.1798 0.0102 -0.2568 -0.3300 -0.3625 -0.0242 0.2070 -0.0818 -0.2718 -0.3394 -0.3608 0.0403 0.2470 -0.1459 -0.2886 -0.3502 -0.3310 0.0957 0.2671 -0.1977 -0.3089 -0.3589 -0.2007 0.1553 0.0833 -0.2494 -0.3293 -0.3626 -0.0044 0.2222 -0.1168 -0.2807 -0.3496 -0.3790 -0.3496 -0.2807 -0.1168 0.2222 -0.0044 -0.3626 -0.3293 -0.2494 0.0833 0.1553 -0.2007 -0.3589 -0.3089 -0.1977 0.2671 0.0957 -0.3310 -0.3502 -0.2886 -0.1459 0.2470 0.0403 -0.3608 -0.3394 -0.2718 -0.0818 0.2070 -0.0242 -0.3625 -0.3300 -0.2568 0.0102 0.1798 -0.1006 -0.3615 -0.3226 -0.2371 0.1218 0.1548 -0.1782 -0.3601 -0.3157 -0.2197 0.2095 0.1335 -0.2446 -0.3582 -0.3087 -0.2029 0.2482
-0.1938 -0.3114 -0.3590 -0.2215 0.1412 0.1818 -0.2260 -0.3182 -0.3607 -0.1509 0.1631 0.0833 -0.2433 -0.3249 -0.3618 -0.0770 0.1866 -0.0165 -0.2613 -0.3318 -0.3627 -0.0137 0.2113 -0.0892 -0.2729 -0.3400 -0.3604 0.0413 0.2470 -0.1450 -0.2881 -0.3498 -0.3340 0.0924 0.2689 -0.1938 -0.3071 -0.3583 -0.2195 0.1489 0.1161 -0.2438 -0.3272 -0.3624 -0.0191 0.2148 -0.1057 -0.2784 -0.3453 -0.3568 -0.0851 -0.3568 -0.3453 -0.2784 -0.1057 0.2148 -0.0191 -0.3624 -0.3272 -0.2438 0.1161 0.1489 -0.2195 -0.3583 -0.3071 -0.1938 0.2689 0.0924 -0.3340 -0.3498 -0.2881 -0.1450 0.2470 0.0413 -0.3604 -0.3400 -0.2729 -0.0892 0.2113 -0.0137 -0.3627 -0.3318 -0.2613 -0.0165 0.1866 -0.0770 -0.3618 -0.3249 -0.2433 0.0833 0.1631 -0.1509 -0.3607 -0.3182 -0.2260 0.1818 0.1412 -0.2215 -0.3590 -0.3114 -0.1938
-0.2901 -0.3597 -0.1962 0.1492 0.1484 -0.2324 -0.3207 -0.3611 -0.1231 0.1720 0.0450 -0.2497 -0.3272 -0.3621 -0.0549 0.1935 -0.0406 -0.2645 -0.3337 -0.3629 -0.0022 0.2167 -0.0982 -0.2745 -0.3410 -0.3597 0.0441 0.2484 -0.1459 -0.2881 -0.3497 -0.3355 0.0903 0.2696 -0.1910 -0.3057 -0.3578 -0.2346 0.1433 0.1442 -0.2387 -0.3253 -0.3621 -0.0348 0.2078 -0.0932 -0.2757 -0.3433 -0.3552 0.0538 0.1721 0.0538 -0.3552 -0.3433 -0.2757 -0.0932 0.2078 -0.0348 -0.3621 -0.3253 -0.2387 0.1442 0.1433 -0.2346 -0.3578 -0.3057 -0.1910 0.2696 0.0903 -0.3355 -0.3497 -0.2881 -0.1459 0.2484 0.0441 -0.3597 -0.3410 -0.2745 -0.0982 0.2167 -0.0022 -0.3629 -0.3337 -0.2645 -0.0406 0.1935 -0.0549 -0.3621 -0.3272 -0.2497 0.0450 0.1720 -0.1231 -0.3611 -0.3207 -0.2324 0.1484 0.1492 -0.1962 -0.3597 -0.2901
-0.3420 -0.1691 0.1574 0.1104 -0.2388 -0.3232 -0.3616 -0.0962 0.1805 0.0098 -0.2562 -0.3295 -0.3624 -0.0352 0.2007 -0.0614 -0.2674 -0.3357 -0.3628 0.0095 0.2230 -0.1080 -0.2765 -0.3422 -0.3585 0.0485 0.2509 -0.1483 -0.2886 -0.3498 -0.3355 0.0896 0.2699 -0.1892 -0.3048 -0.3574 -0.2458 0.1389 0.1663 -0.2343 -0.3235 -0.3619 -0.0511 0.2014 -0.0795 -0.2731 -0.3415 -0.3576 0.0563 0.2516 0.0214 0.2516 0.0563 -0.3576 -0.3415 -0.2731 -0.0795 0.2014 -0.0511 -0.3619 -0.3235 -0.2343 0.1663 0.1389 -0.2458 -0.3574 -0.3048 -0.1892 0.2699 0.0896 -0.3355 -0.3498 -0.2886 -0.1483 0.2509 0.0485 -0.3585 -0.3422 -0.2765 -0.1080 0.2230 0.0095 -0.3628 -0.3357 -0.2674 -0.0614 0.2007 -0.0352 -0.3624 -0.3295 -0.2562 0.0098 0.1805 -0.0962 -0.3616 -0.3232 -0.2388 0.1104 0.1574 -0.1691 -0.3420
-0.1613 0.1664 0.0705 -0.2453 -0.3256 -0.3619 -0.0714 0.1880 -0.0205 -0.2616 -0.3317 -0.3627 -0.0180 0.2080 -0.0791 -0.2703 -0.3377 -0.3623 0.0209 0.2299 -0.1180 -0.2789 -0.3436 -0.3566 0.0541 0.2544 -0.1521 -0.2897 -0.3502 -0.3340 0.0903 0.2699 -0.1886 -0.3043 -0.3571 -0.2533 0.1356 0.1821 -0.2307 -0.3220 -0.3616 -0.0673 0.1956 -0.0651 -0.2706 -0.3397 -0.3596 0.0500 0.2551 -0.1481 -0.2563 -0.1481 0.2551 0.0500 -0.3596 -0.3397 -0.2706 -0.0651 0.1956 -0.0673 -0.3616 -0.3220 -0.2307 0.1821 0.1356 -0.2533 -0.3571 -0.3043 -0.1886 0.2699 0.0903 -0.3340 -0.3502 -0.2897 -0.1521 0.2544 0.0541 -0.3566 -0.3436 -0.2789 -0.1180 0.2299 0.0209 -0.3623 -0.3377 -0.2703 -0.0791 0.2080 -0.0180 -0.3627 -0.3317 -0.2616 -0.0205 0.1880 -0.0714 -0.3619 -0.3256 -0.2453 0.0705 0.1664 -0.1613
0.1712 0.0324 -0.2518 -0.3280 -0.3622 -0.0491 0.1953 -0.0457 -0.2651 -0.3340 -0.3629 -0.0027 0.2155 -0.0941 -0.2731 -0.3397 -0.3613 0.0317 0.2371 -0.1277 -0.2814 -0.3451 -0.3539 0.0606 0.2584 -0.1570 -0.2912 -0.3509 -0.3310 0.0924 0.2696 -0.1892 -0.3043 -0.3570 -0.2570 0.1336 0.1922 -0.2281 -0.3208 -0.3614 -0.0821 0.1907 -0.0503 -0.2683 -0.3381 -0.3611 0.0422 0.2507 -0.1515 -0.2885 -0.3352 -0.2885 -0.1515 0.2507 0.0422 -0.3611 -0.3381 -0.2683 -0.0503 0.1907 -0.0821 -0.3614 -0.3208 -0.2281 0.1922 0.1336 -0.2570 -0.3570 -0.3043 -0.1892 0.2696 0.0924 -0.3310 -0.3509 -0.2912 -0.1570 0.2584 0.0606 -0.3539 -0.3451 -0.2814 -0.1277 0.2371 0.0317 -0.3613 -0.3397 -0.2731 -0.0941 0.2155 -0.0027 -0.3629 -0.3340 -0.2651 -0.0457 0.1953 -0.0491 -0.3622 -0.3280 -0.2518 0.0324 0.1712
-0.0009 -0.2584 -0.3303 -0.3625 -0.0296 0.2028 -0.0664 -0.2681 -0.3361 -0.3628 0.0110 0.2232 -0.1072 -0.2760 -0.3416 -0.3596 0.0417 0.2443 -0.1371 -0.2841 -0.3467 -0.3502 0.0676 0.2625 -0.1626 -0.2931 -0.3518 -0.3261 0.0957 0.2689 -0.1910 -0.3048 -0.3571 -0.2570 0.1329 0.1973 -0.2264 -0.3199 -0.3612 -0.0944 0.1867 -0.0361 -0.2663 -0.3366 -0.3620 0.0341 0.2452 -0.1460 -0.2890 -0.3553 -0.3797 -0.3553 -0.2890 -0.1460 0.2452 0.0341 -0.3620 -0.3366 -0.2663 -0.0361 0.1867 -0.0944 -0.3612 -0.3199 -0.2264 0.1973 0.1329 -0.2570 -0.3571 -0.3048 -0.1910 0.2689 0.0957 -0.3261 -0.3518 -0.2931 -0.1626 0.2625 0.0676 -0.3502 -0.3467 -0.2841 -0.1371 0.2443 0.0417 -0.3596 -0.3416 -0.2760 -0.1072 0.2232 0.0110 -0.3628 -0.3361 -0.2681 -0.0664 0.2028 -0.0296 -0.3625 -0.3303 -0.2584 -0.0009
-0.2370 -0.3326 -0.3628 -0.0126 0.2104 -0.0838 -0.2711 -0.3382 -0.3621 0.0232 0.2311 -0.1190 -0.2789 -0.3434 -0.3572 0.0510 0.2510 -0.1458 -0.2869 -0.3483 -0.3453 0.0749 0.2663 -0.1688 -0.2953 -0.3528 -0.3194 0.1001 0.2671 -0.1938 -0.3057 -0.3574 -0.2533 0.1336 0.1973 -0.2258 -0.3195 -0.3611 -0.1032 0.1837 -0.0236 -0.2647 -0.3353 -0.3626 0.0264 0.2397 -0.1392 -0.2872 -0.3504 -0.3412 -0.0242 -0.3412 -0.3504 -0.2872 -0.1392 0.2397 0.0264 -0.3626 -0.3353 -0.2647 -0.0236 0.1837 -0.1032 -0.3611 -0.3195 -0.2258 0.1973 0.1336 -0.2533 -0.3574 -0.3057 -0.1938 0.2671 0.1001 -0.3194 -0.3528 -0.2953 -0.1688 0.2663 0.0749 -0.3453 -0.3483 -0.2869 -0.1458 0.2510 0.0510 -0.3572 -0.3434 -0.2789 -0.1190 0.2311 0.0232 -0.3621 -0.3382 -0.2711 -0.0838 0.2104 -0.0126 -0.3628 -0.3326 -0.2370
-0.3120 -0.3630 0.0023 0.2182 -0.0986 -0.2740 -0.3402 -0.3609 0.0342 0.2387 -0.1295 -0.2818 -0.3452 -0.3540 0.0597 0.2571 -0.1540 -0.2897 -0.3498 -0.3391 0.0823 0.2690 -0.1753 -0.2976 -0.3539 -0.3105 0.1054 0.2635 -0.1977 -0.3071 -0.3578 -0.2458 0.1356 0.1922 -0.2264 -0.3195 -0.3611 -0.1079 0.1819 -0.0143 -0.2634 -0.3342 -0.3628 0.0193 0.2347 -0.1326 -0.2851 -0.3487 -0.3396 0.0780 0.1947 0.0780 -0.3396 -0.3487 -0.2851 -0.1326 0.2347 0.0193 -0.3628 -0.3342 -0.2634 -0.0143 0.1819 -0.1079 -0.3611 -0.3195 -0.2264 0.1922 0.1356 -0.2458 -0.3578 -0.3071 -0.1977 0.2635 0.1054 -0.3105 -0.3539 -0.2976 -0.1753 0.2690 0.0823 -0.3391 -0.3498 -0.2897 -0.1540 0.2571 0.0597 -0.3540 -0.3452 -0.2818 -0.1295 0.2387 0.0342 -0.3609 -0.3402 -0.2740 -0.0986 0.2182 0.0023 -0.3630 -0.3120
-0.3480 0.0155 0.2260 -0.1114 -0.2770 -0.3422 -0.3590 0.0444 0.2460 -0.1392 -0.2847 -0.3470 -0.3497 0.0680 0.2624 -0.1617 -0.2924 -0.3513 -0.3314 0.0897 0.2702 -0.1818 -0.3002 -0.3550 -0.2993 0.1113 0.2574 -0.2023 -0.3089 -0.3583 -0.2346 0.1389 0.1821 -0.2281 -0.3199 -0.3611 -0.1079 0.1813 -0.0093 -0.2627 -0.3335 -0.3629 0.0134 0.2306 -0.1266 -0.2832 -0.3475 -0.3433 0.0820 0.2684 -0.0624 0.2684 0.0820 -0.3433 -0.3475 -0.2832 -0.1266 0.2306 0.0134 -0.3629 -0.3335 -0.2627 -0.0093 0.1813 -0.1079 -0.3611 -0.3199 -0.2281 0.1821 0.1389 -0.2346 -0.3583 -0.3089 -0.2023 0.2574 0.1113 -0.2993 -0.3550 -0.3002 -0.1818 0.2702 0.0897 -0.3314 -0.3513 -0.2924 -0.1617 0.2624 0.0680 -0.3497 -0.3470 -0.2847 -0.1392 0.2460 0.0444 -0.3590 -0.3422 -0.2770 -0.1114 0.2260 0.0155 -0.3480
0.0165 0.2338 -0.1228 -0.2799 -0.3441 -0.3562 0.0537 0.2528 -0.1481 -0.2876 -0.3486 -0.3442 0.0760 0.2666 -0.1691 -0.2951 -0.3526 -0.3222 0.0970 0.2691 -0.1884 -0.3028 -0.3560 -0.2853 0.1178 0.2477 -0.2074 -0.3108 -0.3589 -0.2195 0.1433 0.1663 -0.2307 -0.3208 -0.3612 -0.1032 0.1819 -0.0093 -0.2624 -0.3332 -0.3629 0.0091 0.2274 -0.1215 -0.2817 -0.3465 -0.3469 0.0785 0.2694 -0.1731 -0.2674 -0.1731 0.2694 0.0785 -0.3469 -0.3465 -0.2817 -0.1215 0.2274 0.0091 -0.3629 -0.3332 -0.2624 -0.0093 0.1819 -0.1032 -0.3612 -0.3208 -0.2307 0.1663 0.1433 -0.2195 -0.3589 -0.3108 -0.2074 0.2477 0.1178 -0.2853 -0.3560 -0.3028 -0.1884 0.2691 0.0970 -0.3222 -0.3526 -0.2951 -0.1691 0.2666 0.0760 -0.3442 -0.3486 -0.2876 -0.1481 0.2528 0.0537 -0.3562 -0.3441 -0.2799 -0.1228 0.2338 0.0165
0.2368 -0.1330 -0.2828 -0.3459 -0.3526 0.0625 0.2589 -0.1563 -0.2904 -0.3502 -0.3374 0.0839 0.2694 -0.1762 -0.2979 -0.3539 -0.3112 0.1042 0.2653 -0.1948 -0.3054 -0.3571 -0.2686 0.1248 0.2334 -0.2129 -0.3130 -0.3595 -0.2007 0.1489 0.1442 -0.2343 -0.3220 -0.3614 -0.0944 0.1837 -0.0143 -0.2627 -0.3332 -0.3629 0.0069 0.2254 -0.1178 -0.2805 -0.3457 -0.3497 0.0742 0.2683 -0.1773 -0.2983 -0.3438 -0.2983 -0.1773 0.2683 0.0742 -0.3497 -0.3457 -0.2805 -0.1178 0.2254 0.0069 -0.3629 -0.3332 -0.2627 -0.0143 0.1837 -0.0944 -0.3614 -0.3220 -0.2343 0.1442 0.1489 -0.2007 -0.3595 -0.3130 -0.2129 0.2334 0.1248 -0.2686 -0.3571 -0.3054 -0.1948 0.2653 0.1042 -0.3112 -0.3539 -0.2979 -0.1762 0.2694 0.0839 -0.3374 -0.3502 -0.2904 -0.1563 0.2589 0.0625 -0.3526 -0.3459 -0.2828 -0.1330 0.2368
-0.1349 -0.2857 -0.3476 -0.3479 0.0708 0.2640 -0.1641 -0.2932 -0.3517 -0.3291 0.0915 0.2701 -0.1831 -0.3006 -0.3551 -0.2983 0.1114 0.2581 -0.2011 -0.3081 -0.3580 -0.2492 0.1320 0.2135 -0.2188 -0.3154 -0.3600 -0.1785 0.1553 0.1161 -0.2387 -0.3235 -0.3616 -0.0821 0.1867 -0.0236 -0.2634 -0.3335 -0.3629 0.0069 0.2247 -0.1159 -0.2798 -0.3451 -0.3515 0.0704 0.2667 -0.1745 -0.2990 -0.3611 -0.3776 -0.3611 -0.2990 -0.1745 0.2667 0.0704 -0.3515 -0.3451 -0.2798 -0.1159 0.2247 0.0069 -0.3629 -0.3335 -0.2634 -0.0236 0.1867 -0.0821 -0.3616 -0.3235 -0.2387 0.1161 0.1553 -0.1785 -0.3600 -0.3154 -0.2188 0.2135 0.1320 -0.2492 -0.3580 -0.3081 -0.2011 0.2581 0.1114 -0.2983 -0.3551 -0.3006 -0.1831 0.2701 0.0915 -0.3291 -0.3517 -0.2932 -0.1641 0.2640 0.0708 -0.3479 -0.3476 -0.2857 -0.1349
-0.2637 -0.3492 -0.3420 0.0788 0.2678 -0.1715 -0.2961 -0.3531 -0.3191 0.0990 0.2684 -0.1899 -0.3034 -0.3562 -0.2829 0.1186 0.2470 -0.2073 -0.3106 -0.3588 -0.2273 0.1395 0.1878 -0.2249 -0.3178 -0.3606 -0.1535 0.1627 0.0833 -0.2438 -0.3253 -0.3619 -0.0673 0.1907 -0.0361 -0.2647 -0.3342 -0.3629 0.0091 0.2254 -0.1159 -0.2795 -0.3448 -0.3526 0.0678 0.2652 -0.1714 -0.2980 -0.3555 -0.3071 0.0242 -0.3071 -0.3555 -0.2980 -0.1714 0.2652 0.0678 -0.3526 -0.3448 -0.2795 -0.1159 0.2254 0.0091 -0.3629 -0.3342 -0.2647 -0.0361 0.1907 -0.0673 -0.3619 -0.3253 -0.2438 0.0833 0.1627 -0.1535 -0.3606 -0.3178 -0.2249 0.1878 0.1395 -0.2273 -0.3588 -0.3106 -0.2073 0.2470 0.1186 -0.2829 -0.3562 -0.3034 -0.1899 0.2684 0.0990 -0.3191 -0.3531 -0.2961 -0.1715 0.2678 0.0788 -0.3420 -0.3492 -0.2637
-0.3297 -0.3348 0.0866 0.2699 -0.1787 -0.2988 -0.3543 -0.3073 0.1064 0.2636 -0.1965 -0.3061 -0.3572 -0.2650 0.1259 0.2310 -0.2135 -0.3132 -0.3595 -0.2033 0.1472 0.1565 -0.2311 -0.3203 -0.3611 -0.1269 0.1710 0.0482 -0.2494 -0.3272 -0.3621 -0.0511 0.1956 -0.0503 -0.2663 -0.3353 -0.3628 0.0134 0.2274 -0.1178 -0.2798 -0.3448 -0.3529 0.0664 0.2642 -0.1691 -0.2969 -0.3544 -0.3001 0.1051 0.2232 0.1051 -0.3001 -0.3544 -0.2969 -0.1691 0.2642 0.0664 -0.3529 -0.3448 -0.2798 -0.1178 0.2274 0.0134 -0.3628 -0.3353 -0.2663 -0.0503 0.1956 -0.0511 -0.3621 -0.3272 -0.2494 0.0482 0.1710 -0.1269 -0.3611 -0.3203 -0.2311 0.1565 0.1472 -0.2033 -0.3595 -0.3132 -0.2135 0.2310 0.1259 -0.2650 -0.3572 -0.3061 -0.1965 0.2636 0.1064 -0.3073 -0.3543 -0.2988 -0.1787 0.2699 0.0866 -0.3348 -0.3297
-0.3223 0.0943 0.2698 -0.1855 -0.3016 -0.3555 -0.2933 0.1137 0.2551 -0.2029 -0.3087 -0.3582 -0.2445 0.1335 0.2093 -0.2198 -0.3157 -0.3601 -0.1774 0.1551 0.1205 -0.2372 -0.3227 -0.3615 -0.1007 0.1793 0.0140 -0.2555 -0.3293 -0.3624 -0.0348 0.2014 -0.0651 -0.2683 -0.3366 -0.3626 0.0193 0.2306 -0.1215 -0.2805 -0.3451 -0.3526 0.0664 0.2638 -0.1679 -0.2963 -0.3539 -0.3030 0.1119 0.2633 -0.1220 0.2633 0.1119 -0.3030 -0.3539 -0.2963 -0.1679 0.2638 0.0664 -0.3526 -0.3451 -0.2805 -0.1215 0.2306 0.0193 -0.3626 -0.3366 -0.2683 -0.0651 0.2014 -0.0348 -0.3624 -0.3293 -0.2555 0.0140 0.1793 -0.1007 -0.3615 -0.3227 -0.2372 0.1205 0.1551 -0.1774 -0.3601 -0.3157 -0.2198 0.2093 0.1335 -0.2445 -0.3582 -0.3087 -0.2029 0.2551 0.1137 -0.2933 -0.3555 -0.3016 -0.1855 0.2698 0.0943 -0.3223
0.0955 0.2671 -0.1922 -0.3043 -0.3566 -0.2769 0.1211 0.2422 -0.2093 -0.3114 -0.3590 -0.2214 0.1412 0.1816 -0.2261 -0.3182 -0.3607 -0.1504 0.1634 0.0820 -0.2435 -0.3250 -0.3618 -0.0761 0.1867 -0.0161 -0.2609 -0.3315 -0.3626 -0.0191 0.2078 -0.0795 -0.2706 -0.3381 -0.3620 0.0264 0.2347 -0.1266 -0.2817 -0.3457 -0.3515 0.0678 0.2642 -0.1679 -0.2960 -0.3537 -0.3058 0.1115 0.2536 -0.2009 -0.2799 -0.2009 0.2536 0.1115 -0.3058 -0.3537 -0.2960 -0.1679 0.2642 0.0678 -0.3515 -0.3457 -0.2817 -0.1266 0.2347 0.0264 -0.3620 -0.3381 -0.2706 -0.0795 0.2078 -0.0191 -0.3626 -0.3315 -0.2609 -0.0161 0.1867 -0.0761 -0.3618 -0.3250 -0.2435 0.0820 0.1634 -0.1504 -0.3607 -0.3182 -0.2261 0.1816 0.1412 -0.2214 -0.3590 -0.3114 -0.2093 0.2422 0.1211 -0.2769 -0.3566 -0.3043 -0.1922 0.2671 0.0955
0.2542 -0.1987 -0.3070 -0.3576 -0.2581 0.1286 0.2241 -0.2156 -0.3140 -0.3597 -0.1961 0.1492 0.1483 -0.2324 -0.3207 -0.3612 -0.1229 0.1721 0.0441 -0.2499 -0.3273 -0.3621 -0.0541 0.1937 -0.0412 -0.2646 -0.3336 -0.3629 -0.0044 0.2148 -0.0932 -0.2731 -0.3397 -0.3611 0.0341 0.2397 -0.1326 -0.2832 -0.3465 -0.3497 0.0704 0.2652 -0.1691 -0.2963 -0.3537 -0.3068 0.1106 0.2538 -0.2065 -0.3105 -0.3541 -0.3105 -0.2065 0.2538 0.1106 -0.3068 -0.3537 -0.2963 -0.1691 0.2652 0.0704 -0.3497 -0.3465 -0.2832 -0.1326 0.2397 0.0341 -0.3611 -0.3397 -0.2731 -0.0932 0.2148 -0.0044 -0.3629 -0.3336 -0.2646 -0.0412 0.1937 -0.0541 -0.3621 -0.3273 -0.2499 0.0441 0.1721 -0.1229 -0.3612 -0.3207 -0.2324 0.1483 0.1492 -0.1961 -0.3597 -0.3140 -0.2156 0.2241 0.1286 -0.2581 -0.3576 -0.3070 -0.1987 0.2542
-0.1904 -0.3097 -0.3585 -0.2369 0.1361 0.2006 -0.2219 -0.3166 -0.3603 -0.1693 0.1573 0.1106 -0.2388 -0.3232 -0.3616 -0.0962 0.1805 0.0096 -0.2563 -0.3296 -0.3624 -0.0348 0.2008 -0.0618 -0.2674 -0.3357 -0.3628 0.0090 0.2222 -0.1057 -0.2757 -0.3415 -0.3596 0.0422 0.2452 -0.1392 -0.2851 -0.3475 -0.3469 0.0742 0.2667 -0.1714 -0.2969 -0.3539 -0.3058 0.1106 0.2544 -0.2066 -0.3116 -0.3666 -0.3636 -0.3666 -0.3116 -0.2066 0.2544 0.1106 -0.3058 -0.3539 -0.2969 -0.1714 0.2667 0.0742 -0.3469 -0.3475 -0.2851 -0.1392 0.2452 0.0422 -0.3596 -0.3415 -0.2757 -0.1057 0.2222 0.0090 -0.3628 -0.3357 -0.2674 -0.0618 0.2008 -0.0348 -0.3624 -0.3296 -0.2563 0.0096 0.1805 -0.0962 -0.3616 -0.3232 -0.2388 0.1106 0.1573 -0.1693 -0.3603 -0.3166 -0.2219 0.2006 0.1361 -0.2369 -0.3585 -0.3097 -0.1904
-0.2882 -0.3594 -0.2141 0.1434 0.1724 -0.2280 -0.3190 -0.3610 -0.1425 0.1654 0.0727 -0.2450 -0.3256 -0.3620 -0.0724 0.1877 -0.0193 -0.2614 -0.3318 -0.3627 -0.0183 0.2078 -0.0787 -0.2702 -0.3378 -0.3623 0.0205 0.2295 -0.1168 -0.2784 -0.3433 -0.3576 0.0500 0.2507 -0.1460 -0.2872 -0.3487 -0.3433 0.0785 0.2683 -0.1745 -0.2980 -0.3544 -0.3030 0.1115 0.2538 -0.2066 -0.3116 -0.3603 -0.2225 0.0656 -0.2225 -0.3603 -0.3116 -0.2066 0.2538 0.1115 -0.3030 -0.3544 -0.2980 -0.1745 0.2683 0.0785 -0.3433 -0.3487 -0.2872 -0.1460 0.2507 0.0500 -0.3576 -0.3433 -0.2784 -0.1168 0.2295 0.0205 -0.3623 -0.3378 -0.2702 -0.0787 0.2078 -0.0183 -0.3627 -0.3318 -0.2614 -0.0193 0.1877 -0.0724 -0.3620 -0.3256 -0.2450 0.0727 0.1654 -0.1425 -0.3610 -0.3190 -0.2280 0.1724 0.1434 -0.2141 -0.3594 -0.2882
-0.3420 -0.1941 0.1486 0.1461 -0.2331 -0.3214 -0.3620 -0.1205 0.1710 0.0427 -0.2504 -0.3279 -0.3626 -0.0546 0.1932 -0.0392 -0.2643 -0.3340 -0.3628 -0.0063 0.2136 -0.0906 -0.2725 -0.3399 -0.3615 0.0291 0.2353 -0.1251 -0.2807 -0.3453 -0.3552 0.0563 0.2551 -0.1515 -0.2890 -0.3504 -0.3396 0.0820 0.2694 -0.1773 -0.2990 -0.3555 -0.3001 0.1119 0.2536 -0.2065 -0.3116 -0.3603 -0.2031 0.1372 0.2550 0.1372 -0.2031 -0.3603 -0.3116 -0.2065 0.2536 0.1119 -0.3001 -0.3555 -0.2990 -0.1773 0.2694 0.0820 -0.3396 -0.3504 -0.2890 -0.1515 0.2551 0.0563 -0.3552 -0.3453 -0.2807 -0.1251 0.2353 0.0291 -0.3615 -0.3399 -0.2725 -0.0906 0.2136 -0.0063 -0.3628 -0.3340 -0.2643 -0.0392 0.1932 -0.0546 -0.3626 -0.3279 -0.2504 0.0427 0.1710 -0.1205 -0.3620 -0.3214 -0.2331 0.1461 0.1486 -0.1941 -0.3420
-0.2147 0.1432 0.1618 -0.2321 -0.3230 -0.3695 -0.1237 0.1632 0.0588 -0.2497 -0.3301 -0.3696 -0.0576 0.1840 -0.0289 -0.2631 -0.3368 -0.3684 -0.0089 0.2048 -0.0842 -0.2715 -0.3434 -0.3650 0.0267 0.2281 -0.1208 -0.2800 -0.3496 -0.3568 0.0538 0.2516 -0.1481 -0.2885 -0.3553 -0.3412 0.0780 0.2684 -0.1731 -0.2983 -0.3611 -0.3071 0.1051 0.2633 -0.2009 -0.3105 -0.3666 -0.2225 0.1372 0.2091 -0.1590 0.2091 0.1372 -0.2225 -0.3666 -0.3105 -0.2009 0.2633 0.1051 -0.3071 -0.3611 -0.2983 -0.1731 0.2684 0.0780 -0.3412 -0.3553 -0.2885 -0.1481 0.2516 0.0538 -0.3568 -0.3496 -0.2800 -0.1208 0.2281 0.0267 -0.3650 -0.3434 -0.2715 -0.0842 0.2048 -0.0089 -0.3684 -0.3368 -0.2631 -0.0289 0.1840 -0.0576 -0.3696 -0.3301 -0.2497 0.0588 0.1632 -0.1237 -0.3695 -0.3230 -0.2321 0.1618 0.1432 -0.2147
0.0699 0.2600 -0.1746 -0.2952 -0.3645 -0.3290 0.0933 0.2660 -0.1968 -0.3033 -0.3695 -0.2908 0.1112 0.2550 -0.2152 -0.3113 -0.3736 -0.2357 0.1296 0.2139 -0.2286 -0.3193 -0.3769 -0.1620 0.1499 0.1292 -0.2423 -0.3273 -0.3790 -0.0851 0.1721 0.0214 -0.2563 -0.3352 -0.3797 -0.0242 0.1947 -0.0624 -0.2674 -0.3438 -0.3776 0.0242 0.2232 -0.1220 -0.2799 -0.3541 -0.3636 0.0656 0.2550 -0.1590 -0.2561 -0.1590 0.2550 0.0656 -0.3636 -0.3541 -0.2799 -0.1220 0.2232 0.0242 -0.3776 -0.3438 -0.2674 -0.0624 0.1947 -0.0242 -0.3797 -0.3352 -0.2563 0.0214 0.1721 -0.0851 -0.3790 -0.3273 -0.2423 0.1292 0.1499 -0.1620 -0.3769 -0.3193 -0.2286 0.2139 0.1296 -0.2357 -0.3736 -0.3113 -0.2152 0.2550 0.1112 -0.2908 -0.3695 -0.3033 -0.1968 0.2660 0.0933 -0.3290 -0.3645 -0.2952 -0.1746 0.2600 0.0699
