0.1770 0.2534 0.4357 0.4852 0.2419 0.1512 0.1884 0.3011 0.4958 0.4352 0.1727 0.1564 0.2152 0.3605 0.5079 0.3553 0.1550 0.1683 0.2510 0.4312 0.4874 0.2493 0.1511 0.1868 0.2972 0.4929 0.4399 0.1751 0.1557 0.2130 0.3557 0.5084 0.3623 0.1557 0.1672 0.2480 0.4258 0.4898 0.2573 0.1511 0.1852 0.2934 0.4897 0.4444 0.1779 0.1551 0.2107 0.3504 0.5084 0.3865 0.1973 0.3865 0.5084 0.3504 0.2107 0.1551 0.1779 0.4444 0.4897 0.2934 0.1852 0.1511 0.2573 0.4898 0.4258 0.2480 0.1672 0.1557 0.3623 0.5084 0.3557 0.2130 0.1557 0.1751 0.4399 0.4929 0.2972 0.1868 0.1511 0.2493 0.4874 0.4312 0.2510 0.1683 0.1550 0.3553 0.5079 0.3605 0.2152 0.1564 0.1727 0.4352 0.4958 0.3011 0.1884 0.1512 0.2419 0.4852 0.4357 0.2534 0.1770
0.2534 0.4385 0.4865 0.2443 0.1395 0.1799 0.2964 0.4965 0.4389 0.1654 0.1454 0.2077 0.3573 0.5095 0.3607 0.1442 0.1585 0.2447 0.4297 0.4896 0.2537 0.1394 0.1781 0.2923 0.4934 0.4435 0.1684 0.1447 0.2054 0.3523 0.5099 0.3677 0.1450 0.1573 0.2416 0.4242 0.4920 0.2621 0.1394 0.1764 0.2884 0.4901 0.4479 0.1718 0.1440 0.2030 0.3473 0.5101 0.3773 0.1475 0.1384 0.1475 0.3773 0.5101 0.3473 0.2030 0.1440 0.1718 0.4479 0.4901 0.2884 0.1764 0.1394 0.2621 0.4920 0.4242 0.2416 0.1573 0.1450 0.3677 0.5099 0.3523 0.2054 0.1447 0.1684 0.4435 0.4934 0.2923 0.1781 0.1394 0.2537 0.4896 0.4297 0.2447 0.1585 0.1442 0.3607 0.5095 0.3573 0.2077 0.1454 0.1654 0.4389 0.4965 0.2964 0.1799 0.1395 0.2443 0.4865 0.4385 0.2534
0.4357 0.4865 0.2491 0.1395 0.1779 0.2910 0.4919 0.4456 0.1701 0.1443 0.2041 0.3495 0.5099 0.3714 0.1455 0.1567 0.2399 0.4210 0.4931 0.2668 0.1394 0.1755 0.2862 0.4879 0.4503 0.1739 0.1436 0.2018 0.3446 0.5100 0.3781 0.1465 0.1556 0.2369 0.4155 0.4952 0.2753 0.1395 0.1738 0.2823 0.4841 0.4544 0.1780 0.1430 0.1995 0.3398 0.5100 0.3850 0.1478 0.1503 0.1838 0.1503 0.1478 0.3850 0.5100 0.3398 0.1995 0.1430 0.1780 0.4544 0.4841 0.2823 0.1738 0.1395 0.2753 0.4952 0.4155 0.2369 0.1556 0.1465 0.3781 0.5100 0.3446 0.2018 0.1436 0.1739 0.4503 0.4879 0.2862 0.1755 0.1394 0.2668 0.4931 0.4210 0.2399 0.1567 0.1455 0.3714 0.5099 0.3495 0.2041 0.1443 0.1701 0.4456 0.4919 0.2910 0.1779 0.1395 0.2491 0.4865 0.4357
0.4852 0.2443 0.1395 0.1771 0.2878 0.4882 0.4509 0.1751 0.1434 0.2008 0.3422 0.5100 0.3815 0.1470 0.1550 0.2352 0.4124 0.4964 0.2800 0.1396 0.1729 0.2802 0.4818 0.4567 0.1806 0.1426 0.1983 0.3371 0.5099 0.3880 0.1481 0.1539 0.2323 0.4069 0.4983 0.2883 0.1397 0.1714 0.2765 0.4775 0.4606 0.1855 0.1421 0.1961 0.3325 0.5095 0.3942 0.1494 0.1522 0.2210 0.3059 0.2210 0.1522 0.1494 0.3942 0.5095 0.3325 0.1961 0.1421 0.1855 0.4606 0.4775 0.2765 0.1714 0.1397 0.2883 0.4983 0.4069 0.2323 0.1539 0.1481 0.3880 0.5099 0.3371 0.1983 0.1426 0.1806 0.4567 0.4818 0.2802 0.1729 0.1396 0.2800 0.4964 0.4124 0.2352 0.1550 0.1470 0.3815 0.5100 0.3422 0.2008 0.1434 0.1751 0.4509 0.4882 0.2878 0.1771 0.1395 0.2443 0.4852
0.2419 0.1395 0.1779 0.2878 0.4867 0.4539 0.1792 0.1427 0.1980 0.3358 0.5098 0.3907 0.1487 0.1533 0.2308 0.4039 0.4993 0.2930 0.1399 0.1705 0.2745 0.4750 0.4627 0.1886 0.1418 0.1949 0.3299 0.5092 0.3975 0.1501 0.1523 0.2279 0.3983 0.5010 0.3012 0.1401 0.1690 0.2708 0.4704 0.4663 0.1944 0.1413 0.1929 0.3253 0.5085 0.4034 0.1514 0.1512 0.2237 0.3804 0.4990 0.3804 0.2237 0.1512 0.1514 0.4034 0.5085 0.3253 0.1929 0.1413 0.1944 0.4663 0.4704 0.2708 0.1690 0.1401 0.3012 0.5010 0.3983 0.2279 0.1523 0.1501 0.3975 0.5092 0.3299 0.1949 0.1418 0.1886 0.4627 0.4750 0.2745 0.1705 0.1399 0.2930 0.4993 0.4039 0.2308 0.1533 0.1487 0.3907 0.5098 0.3358 0.1980 0.1427 0.1792 0.4539 0.4867 0.2878 0.1779 0.1395 0.2419
0.1512 0.1799 0.2910 0.4882 0.4539 0.1808 0.1423 0.1960 0.3308 0.5092 0.3987 0.1505 0.1519 0.2267 0.3957 0.5018 0.3055 0.1403 0.1682 0.2689 0.4678 0.4683 0.1979 0.1411 0.1917 0.3228 0.5080 0.4066 0.1523 0.1507 0.2236 0.3898 0.5034 0.3138 0.1406 0.1667 0.2653 0.4628 0.4717 0.2046 0.1407 0.1897 0.3184 0.5069 0.4122 0.1539 0.1498 0.2206 0.3821 0.5057 0.4380 0.5057 0.3821 0.2206 0.1498 0.1539 0.4122 0.5069 0.3184 0.1897 0.1407 0.2046 0.4717 0.4628 0.2653 0.1667 0.1406 0.3138 0.5034 0.3898 0.2236 0.1507 0.1523 0.4066 0.5080 0.3228 0.1917 0.1411 0.1979 0.4683 0.4678 0.2689 0.1682 0.1403 0.3055 0.5018 0.3957 0.2267 0.1519 0.1505 0.3987 0.5092 0.3308 0.1960 0.1423 0.1808 0.4539 0.4882 0.2910 0.1799 0.1512
0.1884 0.2964 0.4919 0.4509 0.1792 0.1423 0.1954 0.3280 0.5086 0.4046 0.1521 0.1507 0.2230 0.3881 0.5039 0.3174 0.1408 0.1660 0.2635 0.4602 0.4735 0.2085 0.1405 0.1886 0.3159 0.5061 0.4152 0.1548 0.1493 0.2194 0.3815 0.5054 0.3261 0.1413 0.1645 0.2599 0.4549 0.4767 0.2159 0.1402 0.1866 0.3116 0.5046 0.4206 0.1567 0.1484 0.2168 0.3757 0.5066 0.3529 0.1687 0.3529 0.5066 0.3757 0.2168 0.1484 0.1567 0.4206 0.5046 0.3116 0.1866 0.1402 0.2159 0.4767 0.4549 0.2599 0.1645 0.1413 0.3261 0.5054 0.3815 0.2194 0.1493 0.1548 0.4152 0.5061 0.3159 0.1886 0.1405 0.2085 0.4735 0.4602 0.2635 0.1660 0.1408 0.3174 0.5039 0.3881 0.2230 0.1507 0.1521 0.4046 0.5086 0.3280 0.1954 0.1423 0.1792 0.4509 0.4919 0.2964 0.1884
0.3011 0.4965 0.4456 0.1751 0.1427 0.1960 0.3280 0.5084 0.4078 0.1534 0.1498 0.2200 0.3815 0.5056 0.3282 0.1415 0.1640 0.2584 0.4524 0.4782 0.2198 0.1400 0.1856 0.3093 0.5036 0.4235 0.1578 0.1479 0.2154 0.3732 0.5071 0.3380 0.1421 0.1624 0.2547 0.4467 0.4813 0.2279 0.1398 0.1837 0.3050 0.5016 0.4286 0.1599 0.1471 0.2129 0.3680 0.5080 0.3487 0.1433 0.1404 0.1433 0.3487 0.5080 0.3680 0.2129 0.1471 0.1599 0.4286 0.5016 0.3050 0.1837 0.1398 0.2279 0.4813 0.4467 0.2547 0.1624 0.1421 0.3380 0.5071 0.3732 0.2154 0.1479 0.1578 0.4235 0.5036 0.3093 0.1856 0.1400 0.2198 0.4782 0.4524 0.2584 0.1640 0.1415 0.3282 0.5056 0.3815 0.2200 0.1498 0.1534 0.4078 0.5084 0.3280 0.1960 0.1427 0.1751 0.4456 0.4965 0.3011
0.4958 0.4389 0.1701 0.1434 0.1980 0.3308 0.5086 0.4078 0.1539 0.1493 0.2181 0.3766 0.5068 0.3373 0.1421 0.1622 0.2537 0.4447 0.4824 0.2316 0.1397 0.1828 0.3029 0.5005 0.4312 0.1612 0.1467 0.2115 0.3652 0.5084 0.3496 0.1430 0.1604 0.2496 0.4382 0.4855 0.2406 0.1395 0.1809 0.2986 0.4979 0.4362 0.1638 0.1459 0.2091 0.3601 0.5091 0.3574 0.1439 0.1546 0.1921 0.1546 0.1439 0.3574 0.5091 0.3601 0.2091 0.1459 0.1638 0.4362 0.4979 0.2986 0.1809 0.1395 0.2406 0.4855 0.4382 0.2496 0.1604 0.1430 0.3496 0.5084 0.3652 0.2115 0.1467 0.1612 0.4312 0.5005 0.3029 0.1828 0.1397 0.2316 0.4824 0.4447 0.2537 0.1622 0.1421 0.3373 0.5068 0.3766 0.2181 0.1493 0.1539 0.4078 0.5086 0.3308 0.1980 0.1434 0.1701 0.4389 0.4958
0.4352 0.1654 0.1443 0.2008 0.3358 0.5092 0.4046 0.1534 0.1493 0.2174 0.3740 0.5075 0.3439 0.1428 0.1607 0.2497 0.4375 0.4862 0.2432 0.1395 0.1801 0.2967 0.4966 0.4385 0.1652 0.1455 0.2078 0.3573 0.5093 0.3607 0.1442 0.1585 0.2447 0.4297 0.4895 0.2536 0.1394 0.1781 0.2923 0.4933 0.4434 0.1683 0.1447 0.2054 0.3523 0.5098 0.3677 0.1450 0.1566 0.2327 0.3246 0.2327 0.1566 0.1450 0.3677 0.5098 0.3523 0.2054 0.1447 0.1683 0.4434 0.4933 0.2923 0.1781 0.1394 0.2536 0.4895 0.4297 0.2447 0.1585 0.1442 0.3607 0.5093 0.3573 0.2078 0.1455 0.1652 0.4385 0.4966 0.2967 0.1801 0.1395 0.2432 0.4862 0.4375 0.2497 0.1607 0.1428 0.3439 0.5075 0.3740 0.2174 0.1493 0.1534 0.4046 0.5092 0.3358 0.2008 0.1443 0.1654 0.4352
0.1727 0.1454 0.2041 0.3422 0.5098 0.3987 0.1521 0.1498 0.2181 0.3740 0.5077 0.3474 0.1432 0.1597 0.2465 0.4313 0.4893 0.2541 0.1394 0.1776 0.2909 0.4920 0.4453 0.1699 0.1444 0.2042 0.3498 0.5099 0.3712 0.1455 0.1567 0.2399 0.4211 0.4931 0.2667 0.1394 0.1755 0.2862 0.4880 0.4502 0.1739 0.1436 0.2018 0.3446 0.5100 0.3780 0.1465 0.1554 0.2354 0.4026 0.5054 0.4026 0.2354 0.1554 0.1465 0.3780 0.5100 0.3446 0.2018 0.1436 0.1739 0.4502 0.4880 0.2862 0.1755 0.1394 0.2667 0.4931 0.4211 0.2399 0.1567 0.1455 0.3712 0.5099 0.3498 0.2042 0.1444 0.1699 0.4453 0.4920 0.2909 0.1776 0.1394 0.2541 0.4893 0.4313 0.2465 0.1597 0.1432 0.3474 0.5077 0.3740 0.2181 0.1498 0.1521 0.3987 0.5098 0.3422 0.2041 0.1454 0.1727
0.1564 0.2077 0.3495 0.5100 0.3907 0.1505 0.1507 0.2200 0.3766 0.5075 0.3474 0.1434 0.1591 0.2445 0.4268 0.4916 0.2633 0.1394 0.1755 0.2857 0.4871 0.4516 0.1753 0.1434 0.2008 0.3424 0.5100 0.3811 0.1470 0.1550 0.2353 0.4125 0.4963 0.2798 0.1396 0.1730 0.2803 0.4819 0.4566 0.1805 0.1426 0.1983 0.3372 0.5099 0.3879 0.1481 0.1539 0.2320 0.4044 0.5006 0.4182 0.5006 0.4044 0.2320 0.1539 0.1481 0.3879 0.5099 0.3372 0.1983 0.1426 0.1805 0.4566 0.4819 0.2803 0.1730 0.1396 0.2798 0.4963 0.4125 0.2353 0.1550 0.1470 0.3811 0.5100 0.3424 0.2008 0.1434 0.1753 0.4516 0.4871 0.2857 0.1755 0.1394 0.2633 0.4916 0.4268 0.2445 0.1591 0.1434 0.3474 0.5075 0.3766 0.2200 0.1507 0.1505 0.3907 0.5100 0.3495 0.2077 0.1564
0.2152 0.3573 0.5099 0.3815 0.1487 0.1519 0.2230 0.3815 0.5068 0.3439 0.1432 0.1591 0.2437 0.4244 0.4930 0.2701 0.1395 0.1738 0.2812 0.4821 0.4570 0.1814 0.1425 0.1976 0.3354 0.5097 0.3907 0.1487 0.1534 0.2310 0.4042 0.4992 0.2926 0.1399 0.1705 0.2745 0.4751 0.4626 0.1885 0.1418 0.1950 0.3299 0.5092 0.3975 0.1501 0.1523 0.2279 0.3979 0.5014 0.3218 0.1562 0.3218 0.5014 0.3979 0.2279 0.1523 0.1501 0.3975 0.5092 0.3299 0.1950 0.1418 0.1885 0.4626 0.4751 0.2745 0.1705 0.1399 0.2926 0.4992 0.4042 0.2310 0.1534 0.1487 0.3907 0.5097 0.3354 0.1976 0.1425 0.1814 0.4570 0.4821 0.2812 0.1738 0.1395 0.2701 0.4930 0.4244 0.2437 0.1591 0.1432 0.3439 0.5068 0.3815 0.2230 0.1519 0.1487 0.3815 0.5099 0.3573 0.2152
0.3605 0.5095 0.3714 0.1470 0.1533 0.2267 0.3881 0.5056 0.3373 0.1428 0.1597 0.2445 0.4244 0.4935 0.2737 0.1396 0.1725 0.2778 0.4777 0.4614 0.1878 0.1418 0.1947 0.3288 0.5090 0.3996 0.1506 0.1519 0.2267 0.3959 0.5017 0.3051 0.1403 0.1683 0.2690 0.4679 0.4682 0.1978 0.1411 0.1917 0.3229 0.5080 0.4066 0.1523 0.1508 0.2236 0.3898 0.5034 0.3172 0.1405 0.1431 0.1405 0.3172 0.5034 0.3898 0.2236 0.1508 0.1523 0.4066 0.5080 0.3229 0.1917 0.1411 0.1978 0.4682 0.4679 0.2690 0.1683 0.1403 0.3051 0.5017 0.3959 0.2267 0.1519 0.1506 0.3996 0.5090 0.3288 0.1947 0.1418 0.1878 0.4614 0.4777 0.2778 0.1725 0.1396 0.2737 0.4935 0.4244 0.2445 0.1597 0.1428 0.3373 0.5056 0.3881 0.2267 0.1533 0.1470 0.3714 0.5095 0.3605
0.5079 0.3607 0.1455 0.1550 0.2308 0.3957 0.5039 0.3282 0.1421 0.1607 0.2465 0.4268 0.4930 0.2737 0.1396 0.1719 0.2756 0.4743 0.4647 0.1937 0.1413 0.1922 0.3230 0.5079 0.4077 0.1527 0.1504 0.2226 0.3878 0.5039 0.3172 0.1408 0.1661 0.2637 0.4604 0.4733 0.2081 0.1405 0.1887 0.3160 0.5062 0.4152 0.1548 0.1493 0.2195 0.3815 0.5054 0.3267 0.1413 0.1595 0.2014 0.1595 0.1413 0.3267 0.5054 0.3815 0.2195 0.1493 0.1548 0.4152 0.5062 0.3160 0.1887 0.1405 0.2081 0.4733 0.4604 0.2637 0.1661 0.1408 0.3172 0.5039 0.3878 0.2226 0.1504 0.1527 0.4077 0.5079 0.3230 0.1922 0.1413 0.1937 0.4647 0.4743 0.2756 0.1719 0.1396 0.2737 0.4930 0.4268 0.2465 0.1607 0.1421 0.3282 0.5039 0.3957 0.2308 0.1550 0.1455 0.3607 0.5079
0.3553 0.1442 0.1567 0.2352 0.4039 0.5018 0.3174 0.1415 0.1622 0.2497 0.4313 0.4916 0.2701 0.1396 0.1719 0.2749 0.4726 0.4667 0.1982 0.1409 0.1901 0.3181 0.5065 0.4147 0.1549 0.1492 0.2188 0.3800 0.5058 0.3290 0.1415 0.1640 0.2585 0.4526 0.4780 0.2193 0.1400 0.1857 0.3095 0.5037 0.4233 0.1577 0.1480 0.2154 0.3733 0.5071 0.3381 0.1421 0.1616 0.2454 0.3446 0.2454 0.1616 0.1421 0.3381 0.5071 0.3733 0.2154 0.1480 0.1577 0.4233 0.5037 0.3095 0.1857 0.1400 0.2193 0.4780 0.4526 0.2585 0.1640 0.1415 0.3290 0.5058 0.3800 0.2188 0.1492 0.1549 0.4147 0.5065 0.3181 0.1901 0.1409 0.1982 0.4667 0.4726 0.2749 0.1719 0.1396 0.2701 0.4916 0.4313 0.2497 0.1622 0.1415 0.3174 0.5018 0.4039 0.2352 0.1567 0.1442 0.3553
0.1550 0.1585 0.2399 0.4124 0.4993 0.3055 0.1408 0.1640 0.2537 0.4375 0.4893 0.2633 0.1395 0.1725 0.2756 0.4726 0.4675 0.2007 0.1407 0.1887 0.3144 0.5051 0.4205 0.1571 0.1481 0.2154 0.3727 0.5073 0.3400 0.1423 0.1620 0.2535 0.4446 0.4824 0.2312 0.1397 0.1829 0.3031 0.5006 0.4309 0.1611 0.1467 0.2116 0.3653 0.5084 0.3495 0.1430 0.1603 0.2481 0.4253 0.5075 0.4253 0.2481 0.1603 0.1430 0.3495 0.5084 0.3653 0.2116 0.1467 0.1611 0.4309 0.5006 0.3031 0.1829 0.1397 0.2312 0.4824 0.4446 0.2535 0.1620 0.1423 0.3400 0.5073 0.3727 0.2154 0.1481 0.1571 0.4205 0.5051 0.3144 0.1887 0.1407 0.2007 0.4675 0.4726 0.2756 0.1725 0.1395 0.2633 0.4893 0.4375 0.2537 0.1640 0.1408 0.3055 0.4993 0.4124 0.2399 0.1585 0.1550
0.1683 0.2447 0.4210 0.4964 0.2930 0.1403 0.1660 0.2584 0.4447 0.4862 0.2541 0.1394 0.1738 0.2778 0.4743 0.4667 0.2007 0.1406 0.1880 0.3121 0.5039 0.4248 0.1591 0.1472 0.2125 0.3663 0.5084 0.3500 0.1431 0.1602 0.2487 0.4365 0.4865 0.2436 0.1395 0.1802 0.2969 0.4968 0.4382 0.1650 0.1455 0.2079 0.3576 0.5093 0.3604 0.1442 0.1585 0.2444 0.4273 0.4931 0.3954 0.4931 0.4273 0.2444 0.1585 0.1442 0.3604 0.5093 0.3576 0.2079 0.1455 0.1650 0.4382 0.4968 0.2969 0.1802 0.1395 0.2436 0.4865 0.4365 0.2487 0.1602 0.1431 0.3500 0.5084 0.3663 0.2125 0.1472 0.1591 0.4248 0.5039 0.3121 0.1880 0.1406 0.2007 0.4667 0.4743 0.2778 0.1738 0.1394 0.2541 0.4862 0.4447 0.2584 0.1660 0.1403 0.2930 0.4964 0.4210 0.2447 0.1683
0.2510 0.4297 0.4931 0.2800 0.1399 0.1682 0.2635 0.4524 0.4824 0.2432 0.1394 0.1755 0.2812 0.4777 0.4647 0.1982 0.1407 0.1880 0.3113 0.5033 0.4275 0.1606 0.1465 0.2102 0.3609 0.5091 0.3587 0.1441 0.1585 0.2443 0.4285 0.4901 0.2561 0.1394 0.1775 0.2909 0.4921 0.4451 0.1696 0.1444 0.2044 0.3501 0.5099 0.3708 0.1454 0.1568 0.2400 0.4208 0.4937 0.2880 0.1481 0.2880 0.4937 0.4208 0.2400 0.1568 0.1454 0.3708 0.5099 0.3501 0.2044 0.1444 0.1696 0.4451 0.4921 0.2909 0.1775 0.1394 0.2561 0.4901 0.4285 0.2443 0.1585 0.1441 0.3587 0.5091 0.3609 0.2102 0.1465 0.1606 0.4275 0.5033 0.3113 0.1880 0.1407 0.1982 0.4647 0.4777 0.2812 0.1755 0.1394 0.2432 0.4824 0.4524 0.2635 0.1682 0.1399 0.2800 0.4931 0.4297 0.2510
0.4312 0.4896 0.2668 0.1396 0.1705 0.2689 0.4602 0.4782 0.2316 0.1395 0.1776 0.2857 0.4821 0.4614 0.1937 0.1409 0.1887 0.3121 0.5033 0.4284 0.1615 0.1461 0.2086 0.3569 0.5096 0.3659 0.1450 0.1571 0.2404 0.4212 0.4933 0.2681 0.1395 0.1750 0.2850 0.4868 0.4517 0.1752 0.1434 0.2009 0.3427 0.5100 0.3807 0.1469 0.1551 0.2355 0.4127 0.4964 0.2831 0.1388 0.1464 0.1388 0.2831 0.4964 0.4127 0.2355 0.1551 0.1469 0.3807 0.5100 0.3427 0.2009 0.1434 0.1752 0.4517 0.4868 0.2850 0.1750 0.1395 0.2681 0.4933 0.4212 0.2404 0.1571 0.1450 0.3659 0.5096 0.3569 0.2086 0.1461 0.1615 0.4284 0.5033 0.3121 0.1887 0.1409 0.1937 0.4614 0.4821 0.2857 0.1776 0.1395 0.2316 0.4782 0.4602 0.2689 0.1705 0.1396 0.2668 0.4896 0.4312
0.4874 0.2537 0.1394 0.1729 0.2745 0.4678 0.4735 0.2198 0.1397 0.1801 0.2909 0.4871 0.4570 0.1878 0.1413 0.1901 0.3144 0.5039 0.4275 0.1615 0.1460 0.2078 0.3543 0.5098 0.3712 0.1458 0.1559 0.2371 0.4146 0.4959 0.2793 0.1396 0.1728 0.2795 0.4808 0.4578 0.1820 0.1425 0.1976 0.3355 0.5098 0.3903 0.1486 0.1535 0.2311 0.4045 0.4991 0.2929 0.1397 0.1652 0.2117 0.1652 0.1397 0.2929 0.4991 0.4045 0.2311 0.1535 0.1486 0.3903 0.5098 0.3355 0.1976 0.1425 0.1820 0.4578 0.4808 0.2795 0.1728 0.1396 0.2793 0.4959 0.4146 0.2371 0.1559 0.1458 0.3712 0.5098 0.3543 0.2078 0.1460 0.1615 0.4275 0.5039 0.3144 0.1901 0.1413 0.1878 0.4570 0.4871 0.2909 0.1801 0.1397 0.2198 0.4735 0.4678 0.2745 0.1729 0.1394 0.2537 0.4874
0.2493 0.1394 0.1755 0.2802 0.4750 0.4683 0.2085 0.1400 0.1828 0.2967 0.4920 0.4516 0.1814 0.1418 0.1922 0.3181 0.5051 0.4248 0.1606 0.1461 0.2078 0.3535 0.5099 0.3746 0.1465 0.1551 0.2344 0.4091 0.4981 0.2892 0.1398 0.1707 0.2745 0.4746 0.4633 0.1898 0.1417 0.1944 0.3285 0.5090 0.3994 0.1505 0.1519 0.2269 0.3962 0.5016 0.3048 0.1402 0.1675 0.2595 0.3665 0.2595 0.1675 0.1402 0.3048 0.5016 0.3962 0.2269 0.1519 0.1505 0.3994 0.5090 0.3285 0.1944 0.1417 0.1898 0.4633 0.4746 0.2745 0.1707 0.1398 0.2892 0.4981 0.4091 0.2344 0.1551 0.1465 0.3746 0.5099 0.3535 0.2078 0.1461 0.1606 0.4248 0.5051 0.3181 0.1922 0.1418 0.1814 0.4516 0.4920 0.2967 0.1828 0.1400 0.2085 0.4683 0.4750 0.2802 0.1755 0.1394 0.2493
0.1511 0.1781 0.2862 0.4818 0.4627 0.1979 0.1405 0.1856 0.3029 0.4966 0.4453 0.1753 0.1425 0.1947 0.3230 0.5065 0.4205 0.1591 0.1465 0.2086 0.3543 0.5099 0.3757 0.1468 0.1546 0.2326 0.4049 0.4996 0.2974 0.1401 0.1689 0.2700 0.4686 0.4681 0.1983 0.1410 0.1913 0.3218 0.5077 0.4082 0.1527 0.1505 0.2227 0.3880 0.5039 0.3168 0.1408 0.1660 0.2622 0.4484 0.5063 0.4484 0.2622 0.1660 0.1408 0.3168 0.5039 0.3880 0.2227 0.1505 0.1527 0.4082 0.5077 0.3218 0.1913 0.1410 0.1983 0.4681 0.4686 0.2700 0.1689 0.1401 0.2974 0.4996 0.4049 0.2326 0.1546 0.1468 0.3757 0.5099 0.3543 0.2086 0.1465 0.1591 0.4205 0.5065 0.3230 0.1947 0.1425 0.1753 0.4453 0.4966 0.3029 0.1856 0.1405 0.1979 0.4627 0.4818 0.2862 0.1781 0.1511
0.1868 0.2923 0.4879 0.4567 0.1886 0.1411 0.1886 0.3093 0.5005 0.4385 0.1699 0.1434 0.1976 0.3288 0.5079 0.4147 0.1571 0.1472 0.2102 0.3569 0.5098 0.3746 0.1468 0.1544 0.2317 0.4022 0.5007 0.3035 0.1403 0.1675 0.2662 0.4629 0.4723 0.2070 0.1405 0.1885 0.3155 0.5059 0.4164 0.1553 0.1491 0.2187 0.3799 0.5058 0.3286 0.1414 0.1640 0.2583 0.4505 0.4831 0.3686 0.4831 0.4505 0.2583 0.1640 0.1414 0.3286 0.5058 0.3799 0.2187 0.1491 0.1553 0.4164 0.5059 0.3155 0.1885 0.1405 0.2070 0.4723 0.4629 0.2662 0.1675 0.1403 0.3035 0.5007 0.4022 0.2317 0.1544 0.1468 0.3746 0.5098 0.3569 0.2102 0.1472 0.1571 0.4147 0.5079 0.3288 0.1976 0.1434 0.1699 0.4385 0.5005 0.3093 0.1886 0.1411 0.1886 0.4567 0.4879 0.2923 0.1868
0.2972 0.4934 0.4503 0.1806 0.1418 0.1917 0.3159 0.5036 0.4312 0.1652 0.1444 0.2008 0.3354 0.5090 0.4077 0.1549 0.1481 0.2125 0.3609 0.5096 0.3712 0.1465 0.1546 0.2317 0.4013 0.5012 0.3073 0.1405 0.1665 0.2632 0.4580 0.4757 0.2153 0.1401 0.1861 0.3097 0.5037 0.4239 0.1581 0.1478 0.2149 0.3720 0.5073 0.3401 0.1422 0.1620 0.2536 0.4443 0.4832 0.2518 0.1426 0.2518 0.4832 0.4443 0.2536 0.1620 0.1422 0.3401 0.5073 0.3720 0.2149 0.1478 0.1581 0.4239 0.5037 0.3097 0.1861 0.1401 0.2153 0.4757 0.4580 0.2632 0.1665 0.1405 0.3073 0.5012 0.4013 0.2317 0.1546 0.1465 0.3712 0.5096 0.3609 0.2125 0.1481 0.1549 0.4077 0.5090 0.3354 0.2008 0.1444 0.1652 0.4312 0.5036 0.3159 0.1917 0.1418 0.1806 0.4503 0.4934 0.2972
0.4929 0.4435 0.1739 0.1426 0.1949 0.3228 0.5061 0.4235 0.1612 0.1455 0.2042 0.3424 0.5097 0.3996 0.1527 0.1492 0.2154 0.3663 0.5091 0.3659 0.1458 0.1551 0.2326 0.4022 0.5012 0.3086 0.1406 0.1658 0.2611 0.4543 0.4782 0.2225 0.1399 0.1839 0.3046 0.5011 0.4306 0.1611 0.1466 0.2112 0.3643 0.5086 0.3512 0.1432 0.1601 0.2487 0.4365 0.4865 0.2468 0.1381 0.1504 0.1381 0.2468 0.4865 0.4365 0.2487 0.1601 0.1432 0.3512 0.5086 0.3643 0.2112 0.1466 0.1611 0.4306 0.5011 0.3046 0.1839 0.1399 0.2225 0.4782 0.4543 0.2611 0.1658 0.1406 0.3086 0.5012 0.4022 0.2326 0.1551 0.1458 0.3659 0.5091 0.3663 0.2154 0.1492 0.1527 0.3996 0.5097 0.3424 0.2042 0.1455 0.1612 0.4235 0.5061 0.3228 0.1949 0.1426 0.1739 0.4435 0.4929
0.4399 0.1684 0.1436 0.1983 0.3299 0.5080 0.4152 0.1578 0.1467 0.2078 0.3498 0.5100 0.3907 0.1506 0.1504 0.2188 0.3727 0.5084 0.3587 0.1450 0.1559 0.2344 0.4049 0.5007 0.3073 0.1406 0.1656 0.2601 0.4519 0.4800 0.2282 0.1397 0.1822 0.3004 0.4984 0.4363 0.1643 0.1456 0.2079 0.3572 0.5094 0.3617 0.1443 0.1583 0.2440 0.4283 0.4901 0.2567 0.1392 0.1717 0.2233 0.1717 0.1392 0.2567 0.4901 0.4283 0.2440 0.1583 0.1443 0.3617 0.5094 0.3572 0.2079 0.1456 0.1643 0.4363 0.4984 0.3004 0.1822 0.1397 0.2282 0.4800 0.4519 0.2601 0.1656 0.1406 0.3073 0.5007 0.4049 0.2344 0.1559 0.1450 0.3587 0.5084 0.3727 0.2188 0.1504 0.1506 0.3907 0.5100 0.3498 0.2078 0.1467 0.1578 0.4152 0.5080 0.3299 0.1983 0.1436 0.1684 0.4399
0.1751 0.1447 0.2018 0.3371 0.5092 0.4066 0.1548 0.1479 0.2115 0.3573 0.5099 0.3811 0.1487 0.1519 0.2226 0.3800 0.5073 0.3500 0.1441 0.1571 0.2371 0.4091 0.4996 0.3035 0.1405 0.1658 0.2601 0.4510 0.4809 0.2318 0.1396 0.1809 0.2970 0.4958 0.4411 0.1676 0.1447 0.2050 0.3507 0.5099 0.3713 0.1456 0.1566 0.2394 0.4200 0.4935 0.2688 0.1394 0.1741 0.2751 0.3899 0.2751 0.1741 0.1394 0.2688 0.4935 0.4200 0.2394 0.1566 0.1456 0.3713 0.5099 0.3507 0.2050 0.1447 0.1676 0.4411 0.4958 0.2970 0.1809 0.1396 0.2318 0.4809 0.4510 0.2601 0.1658 0.1405 0.3035 0.4996 0.4091 0.2371 0.1571 0.1441 0.3500 0.5073 0.3800 0.2226 0.1519 0.1487 0.3811 0.5099 0.3573 0.2115 0.1479 0.1548 0.4066 0.5092 0.3371 0.2018 0.1447 0.1751
0.1557 0.2054 0.3446 0.5099 0.3975 0.1523 0.1493 0.2154 0.3652 0.5093 0.3712 0.1470 0.1534 0.2267 0.3878 0.5058 0.3400 0.1431 0.1585 0.2404 0.4146 0.4981 0.2974 0.1403 0.1665 0.2611 0.4519 0.4809 0.2330 0.1396 0.1802 0.2947 0.4937 0.4448 0.1706 0.1440 0.2025 0.3450 0.5100 0.3798 0.1469 0.1550 0.2352 0.4119 0.4966 0.2813 0.1396 0.1724 0.2777 0.4700 0.5022 0.4700 0.2777 0.1724 0.1396 0.2813 0.4966 0.4119 0.2352 0.1550 0.1469 0.3798 0.5100 0.3450 0.2025 0.1440 0.1706 0.4448 0.4937 0.2947 0.1802 0.1396 0.2330 0.4809 0.4519 0.2611 0.1665 0.1403 0.2974 0.4981 0.4146 0.2404 0.1585 0.1431 0.3400 0.5058 0.3878 0.2267 0.1534 0.1470 0.3712 0.5093 0.3652 0.2154 0.1493 0.1523 0.3975 0.5099 0.3446 0.2054 0.1557
0.2130 0.3523 0.5100 0.3880 0.1501 0.1507 0.2194 0.3732 0.5084 0.3607 0.1455 0.1550 0.2310 0.3959 0.5039 0.3290 0.1423 0.1602 0.2443 0.4212 0.4959 0.2892 0.1401 0.1675 0.2632 0.4543 0.4800 0.2318 0.1396 0.1799 0.2935 0.4923 0.4473 0.1731 0.1435 0.2004 0.3402 0.5099 0.3872 0.1482 0.1536 0.2313 0.4043 0.4993 0.2935 0.1399 0.1703 0.2735 0.4721 0.4704 0.3384 0.4704 0.4721 0.2735 0.1703 0.1399 0.2935 0.4993 0.4043 0.2313 0.1536 0.1482 0.3872 0.5099 0.3402 0.2004 0.1435 0.1731 0.4473 0.4923 0.2935 0.1799 0.1396 0.2318 0.4800 0.4543 0.2632 0.1675 0.1401 0.2892 0.4959 0.4212 0.2443 0.1602 0.1423 0.3290 0.5039 0.3959 0.2310 0.1550 0.1455 0.3607 0.5084 0.3732 0.2194 0.1507 0.1501 0.3880 0.5100 0.3523 0.2130
0.3557 0.5099 0.3781 0.1481 0.1523 0.2236 0.3815 0.5071 0.3496 0.1442 0.1567 0.2353 0.4042 0.5017 0.3172 0.1415 0.1620 0.2487 0.4285 0.4933 0.2793 0.1398 0.1689 0.2662 0.4580 0.4782 0.2282 0.1396 0.1802 0.2935 0.4918 0.4486 0.1748 0.1431 0.1989 0.3364 0.5097 0.3933 0.1495 0.1525 0.2278 0.3973 0.5015 0.3048 0.1403 0.1681 0.2685 0.4667 0.4700 0.2167 0.1391 0.2167 0.4700 0.4667 0.2685 0.1681 0.1403 0.3048 0.5015 0.3973 0.2278 0.1525 0.1495 0.3933 0.5097 0.3364 0.1989 0.1431 0.1748 0.4486 0.4918 0.2935 0.1802 0.1396 0.2282 0.4782 0.4580 0.2662 0.1689 0.1398 0.2793 0.4933 0.4285 0.2487 0.1620 0.1415 0.3172 0.5017 0.4042 0.2353 0.1567 0.1442 0.3496 0.5071 0.3815 0.2236 0.1523 0.1481 0.3781 0.5099 0.3557
0.5084 0.3677 0.1465 0.1539 0.2279 0.3898 0.5054 0.3380 0.1430 0.1585 0.2399 0.4125 0.4992 0.3051 0.1408 0.1640 0.2535 0.4365 0.4901 0.2681 0.1396 0.1707 0.2700 0.4629 0.4757 0.2225 0.1397 0.1809 0.2947 0.4923 0.4486 0.1754 0.1429 0.1980 0.3338 0.5094 0.3980 0.1507 0.1515 0.2249 0.3910 0.5033 0.3150 0.1407 0.1662 0.2636 0.4599 0.4739 0.2122 0.1384 0.1550 0.1384 0.2122 0.4739 0.4599 0.2636 0.1662 0.1407 0.3150 0.5033 0.3910 0.2249 0.1515 0.1507 0.3980 0.5094 0.3338 0.1980 0.1429 0.1754 0.4486 0.4923 0.2947 0.1809 0.1397 0.2225 0.4757 0.4629 0.2700 0.1707 0.1396 0.2681 0.4901 0.4365 0.2535 0.1640 0.1408 0.3051 0.4992 0.4125 0.2399 0.1585 0.1430 0.3380 0.5054 0.3898 0.2279 0.1539 0.1465 0.3677 0.5084
0.3623 0.1450 0.1556 0.2323 0.3983 0.5034 0.3261 0.1421 0.1604 0.2447 0.4211 0.4963 0.2926 0.1403 0.1661 0.2585 0.4446 0.4865 0.2561 0.1395 0.1728 0.2745 0.4686 0.4723 0.2153 0.1399 0.1822 0.2970 0.4937 0.4473 0.1748 0.1429 0.1977 0.3325 0.5092 0.4012 0.1516 0.1507 0.2225 0.3858 0.5048 0.3240 0.1412 0.1644 0.2591 0.4529 0.4781 0.2205 0.1397 0.1791 0.2361 0.1791 0.1397 0.2205 0.4781 0.4529 0.2591 0.1644 0.1412 0.3240 0.5048 0.3858 0.2225 0.1507 0.1516 0.4012 0.5092 0.3325 0.1977 0.1429 0.1748 0.4473 0.4937 0.2970 0.1822 0.1399 0.2153 0.4723 0.4686 0.2745 0.1728 0.1395 0.2561 0.4865 0.4446 0.2585 0.1661 0.1403 0.2926 0.4963 0.4211 0.2447 0.1604 0.1421 0.3261 0.5034 0.3983 0.2323 0.1556 0.1450 0.3623
0.1557 0.1573 0.2369 0.4069 0.5010 0.3138 0.1413 0.1624 0.2496 0.4297 0.4931 0.2798 0.1399 0.1683 0.2637 0.4526 0.4824 0.2436 0.1394 0.1750 0.2795 0.4746 0.4681 0.2070 0.1401 0.1839 0.3004 0.4958 0.4448 0.1731 0.1431 0.1980 0.3325 0.5091 0.4028 0.1523 0.1502 0.2208 0.3817 0.5058 0.3315 0.1418 0.1629 0.2551 0.4463 0.4819 0.2307 0.1397 0.1817 0.2923 0.4143 0.2923 0.1817 0.1397 0.2307 0.4819 0.4463 0.2551 0.1629 0.1418 0.3315 0.5058 0.3817 0.2208 0.1502 0.1523 0.4028 0.5091 0.3325 0.1980 0.1431 0.1731 0.4448 0.4958 0.3004 0.1839 0.1401 0.2070 0.4681 0.4746 0.2795 0.1750 0.1394 0.2436 0.4824 0.4526 0.2637 0.1683 0.1399 0.2798 0.4931 0.4297 0.2496 0.1624 0.1413 0.3138 0.5010 0.4069 0.2369 0.1573 0.1557
0.1672 0.2416 0.4155 0.4983 0.3012 0.1406 0.1645 0.2547 0.4382 0.4895 0.2667 0.1396 0.1705 0.2690 0.4604 0.4780 0.2312 0.1395 0.1775 0.2850 0.4808 0.4633 0.1983 0.1405 0.1861 0.3046 0.4984 0.4411 0.1706 0.1435 0.1989 0.3338 0.5092 0.4028 0.1525 0.1500 0.2197 0.3789 0.5065 0.3372 0.1422 0.1616 0.2517 0.4403 0.4851 0.2407 0.1395 0.1801 0.2952 0.4884 0.4954 0.4884 0.2952 0.1801 0.1395 0.2407 0.4851 0.4403 0.2517 0.1616 0.1422 0.3372 0.5065 0.3789 0.2197 0.1500 0.1525 0.4028 0.5092 0.3338 0.1989 0.1435 0.1706 0.4411 0.4984 0.3046 0.1861 0.1405 0.1983 0.4633 0.4808 0.2850 0.1775 0.1395 0.2312 0.4780 0.4604 0.2690 0.1705 0.1396 0.2667 0.4895 0.4382 0.2547 0.1645 0.1406 0.3012 0.4983 0.4155 0.2416 0.1672
0.2480 0.4242 0.4952 0.2883 0.1401 0.1667 0.2599 0.4467 0.4855 0.2536 0.1394 0.1730 0.2745 0.4679 0.4733 0.2193 0.1397 0.1802 0.2909 0.4868 0.4578 0.1898 0.1410 0.1885 0.3097 0.5011 0.4363 0.1676 0.1440 0.2004 0.3364 0.5094 0.4012 0.1523 0.1500 0.2194 0.3775 0.5069 0.3412 0.1426 0.1607 0.2489 0.4351 0.4878 0.2500 0.1394 0.1781 0.2914 0.4909 0.4542 0.3036 0.4542 0.4909 0.2914 0.1781 0.1394 0.2500 0.4878 0.4351 0.2489 0.1607 0.1426 0.3412 0.5069 0.3775 0.2194 0.1500 0.1523 0.4012 0.5094 0.3364 0.2004 0.1440 0.1676 0.4363 0.5011 0.3097 0.1885 0.1410 0.1898 0.4578 0.4868 0.2909 0.1802 0.1397 0.2193 0.4733 0.4679 0.2745 0.1730 0.1394 0.2536 0.4855 0.4467 0.2599 0.1667 0.1401 0.2883 0.4952 0.4242 0.2480
0.4258 0.4920 0.2753 0.1397 0.1690 0.2653 0.4549 0.4813 0.2406 0.1394 0.1755 0.2803 0.4751 0.4682 0.2081 0.1400 0.1829 0.2969 0.4921 0.4517 0.1820 0.1417 0.1913 0.3155 0.5037 0.4306 0.1643 0.1447 0.2025 0.3402 0.5097 0.3980 0.1516 0.1502 0.2197 0.3775 0.5071 0.3432 0.1429 0.1600 0.2469 0.4310 0.4899 0.2579 0.1394 0.1763 0.2871 0.4878 0.4523 0.1859 0.1370 0.1859 0.4523 0.4878 0.2871 0.1763 0.1394 0.2579 0.4899 0.4310 0.2469 0.1600 0.1429 0.3432 0.5071 0.3775 0.2197 0.1502 0.1516 0.3980 0.5097 0.3402 0.2025 0.1447 0.1643 0.4306 0.5037 0.3155 0.1913 0.1417 0.1820 0.4517 0.4921 0.2969 0.1829 0.1400 0.2081 0.4682 0.4751 0.2803 0.1755 0.1394 0.2406 0.4813 0.4549 0.2653 0.1690 0.1397 0.2753 0.4920 0.4258
0.4898 0.2621 0.1395 0.1714 0.2708 0.4628 0.4767 0.2279 0.1395 0.1781 0.2862 0.4819 0.4626 0.1978 0.1405 0.1857 0.3031 0.4968 0.4451 0.1752 0.1425 0.1944 0.3218 0.5059 0.4239 0.1611 0.1456 0.2050 0.3450 0.5099 0.3933 0.1507 0.1507 0.2208 0.3789 0.5069 0.3432 0.1430 0.1597 0.2456 0.4281 0.4914 0.2642 0.1394 0.1747 0.2832 0.4839 0.4558 0.1819 0.1400 0.1609 0.1400 0.1819 0.4558 0.4839 0.2832 0.1747 0.1394 0.2642 0.4914 0.4281 0.2456 0.1597 0.1430 0.3432 0.5069 0.3789 0.2208 0.1507 0.1507 0.3933 0.5099 0.3450 0.2050 0.1456 0.1611 0.4239 0.5059 0.3218 0.1944 0.1425 0.1752 0.4451 0.4968 0.3031 0.1857 0.1405 0.1978 0.4626 0.4819 0.2862 0.1781 0.1395 0.2279 0.4767 0.4628 0.2708 0.1714 0.1395 0.2621 0.4898
0.2573 0.1394 0.1738 0.2765 0.4704 0.4717 0.2159 0.1398 0.1809 0.2923 0.4880 0.4566 0.1885 0.1411 0.1887 0.3095 0.5006 0.4382 0.1696 0.1434 0.1976 0.3285 0.5077 0.4164 0.1581 0.1466 0.2079 0.3507 0.5100 0.3872 0.1495 0.1515 0.2225 0.3817 0.5065 0.3412 0.1429 0.1597 0.2452 0.4266 0.4923 0.2686 0.1395 0.1735 0.2800 0.4801 0.4595 0.1858 0.1416 0.1885 0.2519 0.1885 0.1416 0.1858 0.4595 0.4801 0.2800 0.1735 0.1395 0.2686 0.4923 0.4266 0.2452 0.1597 0.1429 0.3412 0.5065 0.3817 0.2225 0.1515 0.1495 0.3872 0.5100 0.3507 0.2079 0.1466 0.1581 0.4164 0.5077 0.3285 0.1976 0.1434 0.1696 0.4382 0.5006 0.3095 0.1887 0.1411 0.1885 0.4566 0.4880 0.2923 0.1809 0.1398 0.2159 0.4717 0.4704 0.2765 0.1738 0.1394 0.2573
0.1511 0.1764 0.2823 0.4775 0.4663 0.2046 0.1402 0.1837 0.2986 0.4933 0.4502 0.1805 0.1418 0.1917 0.3160 0.5037 0.4309 0.1650 0.1444 0.2009 0.3355 0.5090 0.4082 0.1553 0.1478 0.2112 0.3572 0.5099 0.3798 0.1482 0.1525 0.2249 0.3858 0.5058 0.3372 0.1426 0.1600 0.2456 0.4266 0.4926 0.2708 0.1395 0.1727 0.2777 0.4769 0.4626 0.1906 0.1414 0.1919 0.3141 0.4425 0.3141 0.1919 0.1414 0.1906 0.4626 0.4769 0.2777 0.1727 0.1395 0.2708 0.4926 0.4266 0.2456 0.1600 0.1426 0.3372 0.5058 0.3858 0.2249 0.1525 0.1482 0.3798 0.5099 0.3572 0.2112 0.1478 0.1553 0.4082 0.5090 0.3355 0.2009 0.1444 0.1650 0.4309 0.5037 0.3160 0.1917 0.1418 0.1805 0.4502 0.4933 0.2986 0.1837 0.1402 0.2046 0.4663 0.4775 0.2823 0.1764 0.1511
0.1852 0.2884 0.4841 0.4606 0.1944 0.1407 0.1866 0.3050 0.4979 0.4434 0.1739 0.1426 0.1950 0.3229 0.5062 0.4233 0.1611 0.1455 0.2044 0.3427 0.5098 0.3994 0.1527 0.1491 0.2149 0.3643 0.5094 0.3713 0.1469 0.1536 0.2278 0.3910 0.5048 0.3315 0.1422 0.1607 0.2469 0.4281 0.4923 0.2708 0.1395 0.1723 0.2763 0.4747 0.4649 0.1949 0.1411 0.1909 0.3183 0.5025 0.4841 0.5025 0.3183 0.1909 0.1411 0.1949 0.4649 0.4747 0.2763 0.1723 0.1395 0.2708 0.4923 0.4281 0.2469 0.1607 0.1422 0.3315 0.5048 0.3910 0.2278 0.1536 0.1469 0.3713 0.5094 0.3643 0.2149 0.1491 0.1527 0.3994 0.5098 0.3427 0.2044 0.1455 0.1611 0.4233 0.5062 0.3229 0.1950 0.1426 0.1739 0.4434 0.4979 0.3050 0.1866 0.1407 0.1944 0.4606 0.4841 0.2884 0.1852
0.2934 0.4901 0.4544 0.1855 0.1413 0.1897 0.3116 0.5016 0.4362 0.1683 0.1436 0.1983 0.3299 0.5080 0.4152 0.1577 0.1467 0.2079 0.3501 0.5100 0.3903 0.1505 0.1505 0.2187 0.3720 0.5086 0.3617 0.1456 0.1550 0.2313 0.3973 0.5033 0.3240 0.1418 0.1616 0.2489 0.4310 0.4914 0.2686 0.1395 0.1723 0.2758 0.4735 0.4663 0.1981 0.1408 0.1896 0.3161 0.5050 0.4299 0.2580 0.4299 0.5050 0.3161 0.1896 0.1408 0.1981 0.4663 0.4735 0.2758 0.1723 0.1395 0.2686 0.4914 0.4310 0.2489 0.1616 0.1418 0.3240 0.5033 0.3973 0.2313 0.1550 0.1456 0.3617 0.5086 0.3720 0.2187 0.1505 0.1505 0.3903 0.5100 0.3501 0.2079 0.1467 0.1577 0.4152 0.5080 0.3299 0.1983 0.1436 0.1683 0.4362 0.5016 0.3116 0.1897 0.1413 0.1855 0.4544 0.4901 0.2934
0.4897 0.4479 0.1780 0.1421 0.1929 0.3184 0.5046 0.4286 0.1638 0.1447 0.2018 0.3372 0.5092 0.4066 0.1548 0.1480 0.2116 0.3576 0.5099 0.3807 0.1486 0.1519 0.2227 0.3799 0.5073 0.3512 0.1443 0.1566 0.2352 0.4043 0.5015 0.3150 0.1412 0.1629 0.2517 0.4351 0.4899 0.2642 0.1395 0.1727 0.2763 0.4735 0.4667 0.1997 0.1407 0.1887 0.3137 0.5045 0.4246 0.1630 0.1365 0.1630 0.4246 0.5045 0.3137 0.1887 0.1407 0.1997 0.4667 0.4735 0.2763 0.1727 0.1395 0.2642 0.4899 0.4351 0.2517 0.1629 0.1412 0.3150 0.5015 0.4043 0.2352 0.1566 0.1443 0.3512 0.5073 0.3799 0.2227 0.1519 0.1486 0.3807 0.5099 0.3576 0.2116 0.1480 0.1548 0.4066 0.5092 0.3372 0.2018 0.1447 0.1638 0.4286 0.5046 0.3184 0.1929 0.1421 0.1780 0.4479 0.4897
0.4444 0.1718 0.1430 0.1961 0.3253 0.5069 0.4206 0.1599 0.1459 0.2054 0.3446 0.5099 0.3975 0.1523 0.1493 0.2154 0.3653 0.5093 0.3708 0.1469 0.1535 0.2269 0.3880 0.5058 0.3401 0.1432 0.1583 0.2394 0.4119 0.4993 0.3048 0.1407 0.1644 0.2551 0.4403 0.4878 0.2579 0.1394 0.1735 0.2777 0.4747 0.4663 0.1997 0.1407 0.1882 0.3121 0.5038 0.4260 0.1604 0.1436 0.1696 0.1436 0.1604 0.4260 0.5038 0.3121 0.1882 0.1407 0.1997 0.4663 0.4747 0.2777 0.1735 0.1394 0.2579 0.4878 0.4403 0.2551 0.1644 0.1407 0.3048 0.4993 0.4119 0.2394 0.1583 0.1432 0.3401 0.5058 0.3880 0.2269 0.1535 0.1469 0.3708 0.5093 0.3653 0.2154 0.1493 0.1523 0.3975 0.5099 0.3446 0.2054 0.1459 0.1599 0.4206 0.5069 0.3253 0.1961 0.1430 0.1718 0.4444
0.1779 0.1440 0.1995 0.3325 0.5085 0.4122 0.1567 0.1471 0.2091 0.3523 0.5100 0.3879 0.1501 0.1508 0.2195 0.3733 0.5084 0.3604 0.1454 0.1551 0.2311 0.3962 0.5039 0.3286 0.1422 0.1601 0.2440 0.4200 0.4966 0.2935 0.1403 0.1662 0.2591 0.4463 0.4851 0.2500 0.1394 0.1747 0.2800 0.4769 0.4649 0.1981 0.1407 0.1882 0.3116 0.5034 0.4277 0.1610 0.1459 0.2022 0.2743 0.2022 0.1459 0.1610 0.4277 0.5034 0.3116 0.1882 0.1407 0.1981 0.4649 0.4769 0.2800 0.1747 0.1394 0.2500 0.4851 0.4463 0.2591 0.1662 0.1403 0.2935 0.4966 0.4200 0.2440 0.1601 0.1422 0.3286 0.5039 0.3962 0.2311 0.1551 0.1454 0.3604 0.5084 0.3733 0.2195 0.1508 0.1501 0.3879 0.5100 0.3523 0.2091 0.1471 0.1567 0.4122 0.5085 0.3325 0.1995 0.1440 0.1779
0.1551 0.2030 0.3398 0.5095 0.4034 0.1539 0.1484 0.2129 0.3601 0.5098 0.3780 0.1481 0.1523 0.2236 0.3815 0.5071 0.3495 0.1442 0.1568 0.2355 0.4045 0.5016 0.3168 0.1414 0.1620 0.2487 0.4283 0.4935 0.2813 0.1399 0.1681 0.2636 0.4529 0.4819 0.2407 0.1394 0.1763 0.2832 0.4801 0.4626 0.1949 0.1408 0.1887 0.3121 0.5034 0.4283 0.1615 0.1460 0.2071 0.3448 0.4751 0.3448 0.2071 0.1460 0.1615 0.4283 0.5034 0.3121 0.1887 0.1408 0.1949 0.4626 0.4801 0.2832 0.1763 0.1394 0.2407 0.4819 0.4529 0.2636 0.1681 0.1399 0.2813 0.4935 0.4283 0.2487 0.1620 0.1414 0.3168 0.5016 0.4045 0.2355 0.1568 0.1442 0.3495 0.5071 0.3815 0.2236 0.1523 0.1481 0.3780 0.5098 0.3601 0.2129 0.1484 0.1539 0.4034 0.5095 0.3398 0.2030 0.1551
0.2107 0.3473 0.5100 0.3942 0.1514 0.1498 0.2168 0.3680 0.5091 0.3677 0.1465 0.1539 0.2279 0.3898 0.5054 0.3381 0.1430 0.1585 0.2400 0.4127 0.4991 0.3048 0.1408 0.1640 0.2536 0.4365 0.4901 0.2688 0.1396 0.1703 0.2685 0.4599 0.4781 0.2307 0.1395 0.1781 0.2871 0.4839 0.4595 0.1906 0.1411 0.1896 0.3137 0.5038 0.4277 0.1615 0.1460 0.2074 0.3519 0.5086 0.4640 0.5086 0.3519 0.2074 0.1460 0.1615 0.4277 0.5038 0.3137 0.1896 0.1411 0.1906 0.4595 0.4839 0.2871 0.1781 0.1395 0.2307 0.4781 0.4599 0.2685 0.1703 0.1396 0.2688 0.4901 0.4365 0.2536 0.1640 0.1408 0.3048 0.4991 0.4127 0.2400 0.1585 0.1430 0.3381 0.5054 0.3898 0.2279 0.1539 0.1465 0.3677 0.5091 0.3680 0.2168 0.1498 0.1514 0.3942 0.5100 0.3473 0.2107
0.3504 0.5101 0.3850 0.1494 0.1512 0.2206 0.3757 0.5080 0.3574 0.1450 0.1554 0.2320 0.3979 0.5034 0.3267 0.1421 0.1603 0.2444 0.4208 0.4964 0.2929 0.1402 0.1660 0.2583 0.4443 0.4865 0.2567 0.1394 0.1724 0.2735 0.4667 0.4739 0.2205 0.1397 0.1801 0.2914 0.4878 0.4558 0.1858 0.1414 0.1909 0.3161 0.5045 0.4260 0.1610 0.1460 0.2074 0.3525 0.5097 0.3909 0.2015 0.3909 0.5097 0.3525 0.2074 0.1460 0.1610 0.4260 0.5045 0.3161 0.1909 0.1414 0.1858 0.4558 0.4878 0.2914 0.1801 0.1397 0.2205 0.4739 0.4667 0.2735 0.1724 0.1394 0.2567 0.4865 0.4443 0.2583 0.1660 0.1402 0.2929 0.4964 0.4208 0.2444 0.1603 0.1421 0.3267 0.5034 0.3979 0.2320 0.1554 0.1450 0.3574 0.5080 0.3757 0.2206 0.1512 0.1494 0.3850 0.5101 0.3504
0.5084 0.3773 0.1478 0.1522 0.2237 0.3821 0.5066 0.3487 0.1439 0.1566 0.2354 0.4044 0.5014 0.3172 0.1413 0.1616 0.2481 0.4273 0.4937 0.2831 0.1397 0.1675 0.2622 0.4505 0.4832 0.2468 0.1392 0.1741 0.2777 0.4721 0.4700 0.2122 0.1397 0.1817 0.2952 0.4909 0.4523 0.1819 0.1416 0.1919 0.3183 0.5050 0.4246 0.1604 0.1459 0.2071 0.3519 0.5097 0.3811 0.1489 0.1378 0.1489 0.3811 0.5097 0.3519 0.2071 0.1459 0.1604 0.4246 0.5050 0.3183 0.1919 0.1416 0.1819 0.4523 0.4909 0.2952 0.1817 0.1397 0.2122 0.4700 0.4721 0.2777 0.1741 0.1392 0.2468 0.4832 0.4505 0.2622 0.1675 0.1397 0.2831 0.4937 0.4273 0.2481 0.1616 0.1413 0.3172 0.5014 0.4044 0.2354 0.1566 0.1439 0.3487 0.5066 0.3821 0.2237 0.1522 0.1478 0.3773 0.5084
0.3865 0.1475 0.1503 0.2210 0.3804 0.5057 0.3529 0.1433 0.1546 0.2327 0.4026 0.5006 0.3218 0.1405 0.1595 0.2454 0.4253 0.4931 0.2880 0.1388 0.1652 0.2595 0.4484 0.4831 0.2518 0.1381 0.1717 0.2751 0.4700 0.4704 0.2167 0.1384 0.1791 0.2923 0.4884 0.4542 0.1859 0.1400 0.1885 0.3141 0.5025 0.4299 0.1630 0.1436 0.2022 0.3448 0.5086 0.3909 0.1489 0.1467 0.1771 0.1467 0.1489 0.3909 0.5086 0.3448 0.2022 0.1436 0.1630 0.4299 0.5025 0.3141 0.1885 0.1400 0.1859 0.4542 0.4884 0.2923 0.1791 0.1384 0.2167 0.4704 0.4700 0.2751 0.1717 0.1381 0.2518 0.4831 0.4484 0.2595 0.1652 0.1388 0.2880 0.4931 0.4253 0.2454 0.1595 0.1405 0.3218 0.5006 0.4026 0.2327 0.1546 0.1433 0.3529 0.5057 0.3804 0.2210 0.1503 0.1475 0.3865
0.1973 0.1384 0.1838 0.3059 0.4990 0.4380 0.1687 0.1404 0.1921 0.3246 0.5054 0.4182 0.1562 0.1431 0.2014 0.3446 0.5075 0.3954 0.1481 0.1464 0.2117 0.3665 0.5063 0.3686 0.1426 0.1504 0.2233 0.3899 0.5022 0.3384 0.1391 0.1550 0.2361 0.4143 0.4954 0.3036 0.1370 0.1609 0.2519 0.4425 0.4841 0.2580 0.1365 0.1696 0.2743 0.4751 0.4640 0.2015 0.1378 0.1771 0.2327 0.1771 0.1378 0.2015 0.4640 0.4751 0.2743 0.1696 0.1365 0.2580 0.4841 0.4425 0.2519 0.1609 0.1370 0.3036 0.4954 0.4143 0.2361 0.1550 0.1391 0.3384 0.5022 0.3899 0.2233 0.1504 0.1426 0.3686 0.5063 0.3665 0.2117 0.1464 0.1481 0.3954 0.5075 0.3446 0.2014 0.1431 0.1562 0.4182 0.5054 0.3246 0.1921 0.1404 0.1687 0.4380 0.4990 0.3059 0.1838 0.1384 0.1973
0.3865 0.1475 0.1503 0.2210 0.3804 0.5057 0.3529 0.1433 0.1546 0.2327 0.4026 0.5006 0.3218 0.1405 0.1595 0.2454 0.4253 0.4931 0.2880 0.1388 0.1652 0.2595 0.4484 0.4831 0.2518 0.1381 0.1717 0.2751 0.4700 0.4704 0.2167 0.1384 0.1791 0.2923 0.4884 0.4542 0.1859 0.1400 0.1885 0.3141 0.5025 0.4299 0.1630 0.1436 0.2022 0.3448 0.5086 0.3909 0.1489 0.1467 0.1771 0.1467 0.1489 0.3909 0.5086 0.3448 0.2022 0.1436 0.1630 0.4299 0.5025 0.3141 0.1885 0.1400 0.1859 0.4542 0.4884 0.2923 0.1791 0.1384 0.2167 0.4704 0.4700 0.2751 0.1717 0.1381 0.2518 0.4831 0.4484 0.2595 0.1652 0.1388 0.2880 0.4931 0.4253 0.2454 0.1595 0.1405 0.3218 0.5006 0.4026 0.2327 0.1546 0.1433 0.3529 0.5057 0.3804 0.2210 0.1503 0.1475 0.3865
0.5084 0.3773 0.1478 0.1522 0.2237 0.3821 0.5066 0.3487 0.1439 0.1566 0.2354 0.4044 0.5014 0.3172 0.1413 0.1616 0.2481 0.4273 0.4937 0.2831 0.1397 0.1675 0.2622 0.4505 0.4832 0.2468 0.1392 0.1741 0.2777 0.4721 0.4700 0.2122 0.1397 0.1817 0.2952 0.4909 0.4523 0.1819 0.1416 0.1919 0.3183 0.5050 0.4246 0.1604 0.1459 0.2071 0.3519 0.5097 0.3811 0.1489 0.1378 0.1489 0.3811 0.5097 0.3519 0.2071 0.1459 0.1604 0.4246 0.5050 0.3183 0.1919 0.1416 0.1819 0.4523 0.4909 0.2952 0.1817 0.1397 0.2122 0.4700 0.4721 0.2777 0.1741 0.1392 0.2468 0.4832 0.4505 0.2622 0.1675 0.1397 0.2831 0.4937 0.4273 0.2481 0.1616 0.1413 0.3172 0.5014 0.4044 0.2354 0.1566 0.1439 0.3487 0.5066 0.3821 0.2237 0.1522 0.1478 0.3773 0.5084
0.3504 0.5101 0.3850 0.1494 0.1512 0.2206 0.3757 0.5080 0.3574 0.1450 0.1554 0.2320 0.3979 0.5034 0.3267 0.1421 0.1603 0.2444 0.4208 0.4964 0.2929 0.1402 0.1660 0.2583 0.4443 0.4865 0.2567 0.1394 0.1724 0.2735 0.4667 0.4739 0.2205 0.1397 0.1801 0.2914 0.4878 0.4558 0.1858 0.1414 0.1909 0.3161 0.5045 0.4260 0.1610 0.1460 0.2074 0.3525 0.5097 0.3909 0.2015 0.3909 0.5097 0.3525 0.2074 0.1460 0.1610 0.4260 0.5045 0.3161 0.1909 0.1414 0.1858 0.4558 0.4878 0.2914 0.1801 0.1397 0.2205 0.4739 0.4667 0.2735 0.1724 0.1394 0.2567 0.4865 0.4443 0.2583 0.1660 0.1402 0.2929 0.4964 0.4208 0.2444 0.1603 0.1421 0.3267 0.5034 0.3979 0.2320 0.1554 0.1450 0.3574 0.5080 0.3757 0.2206 0.1512 0.1494 0.3850 0.5101 0.3504
0.2107 0.3473 0.5100 0.3942 0.1514 0.1498 0.2168 0.3680 0.5091 0.3677 0.1465 0.1539 0.2279 0.3898 0.5054 0.3381 0.1430 0.1585 0.2400 0.4127 0.4991 0.3048 0.1408 0.1640 0.2536 0.4365 0.4901 0.2688 0.1396 0.1703 0.2685 0.4599 0.4781 0.2307 0.1395 0.1781 0.2871 0.4839 0.4595 0.1906 0.1411 0.1896 0.3137 0.5038 0.4277 0.1615 0.1460 0.2074 0.3519 0.5086 0.4640 0.5086 0.3519 0.2074 0.1460 0.1615 0.4277 0.5038 0.3137 0.1896 0.1411 0.1906 0.4595 0.4839 0.2871 0.1781 0.1395 0.2307 0.4781 0.4599 0.2685 0.1703 0.1396 0.2688 0.4901 0.4365 0.2536 0.1640 0.1408 0.3048 0.4991 0.4127 0.2400 0.1585 0.1430 0.3381 0.5054 0.3898 0.2279 0.1539 0.1465 0.3677 0.5091 0.3680 0.2168 0.1498 0.1514 0.3942 0.5100 0.3473 0.2107
0.1551 0.2030 0.3398 0.5095 0.4034 0.1539 0.1484 0.2129 0.3601 0.5098 0.3780 0.1481 0.1523 0.2236 0.3815 0.5071 0.3495 0.1442 0.1568 0.2355 0.4045 0.5016 0.3168 0.1414 0.1620 0.2487 0.4283 0.4935 0.2813 0.1399 0.1681 0.2636 0.4529 0.4819 0.2407 0.1394 0.1763 0.2832 0.4801 0.4626 0.1949 0.1408 0.1887 0.3121 0.5034 0.4283 0.1615 0.1460 0.2071 0.3448 0.4751 0.3448 0.2071 0.1460 0.1615 0.4283 0.5034 0.3121 0.1887 0.1408 0.1949 0.4626 0.4801 0.2832 0.1763 0.1394 0.2407 0.4819 0.4529 0.2636 0.1681 0.1399 0.2813 0.4935 0.4283 0.2487 0.1620 0.1414 0.3168 0.5016 0.4045 0.2355 0.1568 0.1442 0.3495 0.5071 0.3815 0.2236 0.1523 0.1481 0.3780 0.5098 0.3601 0.2129 0.1484 0.1539 0.4034 0.5095 0.3398 0.2030 0.1551
