0.2222 0.3680 0.5070 0.3432 0.1539 0.1703 0.2564 0.4405 0.4828 0.2354 0.1512 0.1898 0.3042 0.4978 0.4314 0.1709 0.1569 0.2170 0.3643 0.5075 0.3498 0.1545 0.1691 0.2534 0.4353 0.4855 0.2432 0.1511 0.1881 0.3002 0.4952 0.4362 0.1732 0.1562 0.2147 0.3594 0.5080 0.3569 0.1551 0.1680 0.2503 0.4300 0.4880 0.2511 0.1511 0.1864 0.2963 0.4918 0.4431 0.1833 0.1485 0.1833 0.4431 0.4918 0.2963 0.1864 0.1511 0.2511 0.4880 0.4300 0.2503 0.1680 0.1551 0.3569 0.5080 0.3594 0.2147 0.1562 0.1732 0.4362 0.4952 0.3002 0.1881 0.1511 0.2432 0.4855 0.4353 0.2534 0.1691 0.1545 0.3498 0.5075 0.3643 0.2170 0.1569 0.1709 0.4314 0.4978 0.3042 0.1898 0.1512 0.2354 0.4828 0.4405 0.2564 0.1703 0.1539 0.3432 0.5070 0.3680 0.2222
0.3680 0.5082 0.3461 0.1429 0.1608 0.2504 0.4395 0.4851 0.2389 0.1396 0.1812 0.2994 0.4986 0.4353 0.1632 0.1460 0.2096 0.3612 0.5091 0.3553 0.1436 0.1595 0.2471 0.4340 0.4877 0.2472 0.1395 0.1795 0.2954 0.4958 0.4400 0.1660 0.1453 0.2072 0.3561 0.5096 0.3624 0.1444 0.1582 0.2440 0.4284 0.4902 0.2556 0.1394 0.1777 0.2914 0.4926 0.4449 0.1705 0.1415 0.1652 0.1415 0.1705 0.4449 0.4926 0.2914 0.1777 0.1394 0.2556 0.4902 0.4284 0.2440 0.1582 0.1444 0.3624 0.5096 0.3561 0.2072 0.1453 0.1660 0.4400 0.4958 0.2954 0.1795 0.1395 0.2472 0.4877 0.4340 0.2471 0.1595 0.1436 0.3553 0.5091 0.3612 0.2096 0.1460 0.1632 0.4353 0.4986 0.2994 0.1812 0.1396 0.2389 0.4851 0.4395 0.2504 0.1608 0.1429 0.3461 0.5082 0.3680
0.5070 0.3461 0.1433 0.1597 0.2466 0.4321 0.4887 0.2512 0.1394 0.1785 0.2932 0.4940 0.4424 0.1677 0.1449 0.2058 0.3533 0.5097 0.3662 0.1448 0.1576 0.2422 0.4253 0.4914 0.2603 0.1394 0.1768 0.2892 0.4907 0.4470 0.1710 0.1442 0.2035 0.3484 0.5099 0.3730 0.1457 0.1564 0.2392 0.4197 0.4936 0.2688 0.1395 0.1751 0.2853 0.4871 0.4513 0.1751 0.1430 0.1939 0.2615 0.1939 0.1430 0.1751 0.4513 0.4871 0.2853 0.1751 0.1395 0.2688 0.4936 0.4197 0.2392 0.1564 0.1457 0.3730 0.5099 0.3484 0.2035 0.1442 0.1710 0.4470 0.4907 0.2892 0.1768 0.1394 0.2603 0.4914 0.4253 0.2422 0.1576 0.1448 0.3662 0.5097 0.3533 0.2058 0.1449 0.1677 0.4424 0.4940 0.2932 0.1785 0.1394 0.2512 0.4887 0.4321 0.2466 0.1597 0.1433 0.3461 0.5070
0.3432 0.1429 0.1597 0.2452 0.4276 0.4912 0.2616 0.1394 0.1761 0.2874 0.4889 0.4492 0.1730 0.1438 0.2023 0.3456 0.5100 0.3766 0.1463 0.1558 0.2375 0.4167 0.4948 0.2735 0.1395 0.1742 0.2831 0.4849 0.4536 0.1771 0.1431 0.2000 0.3408 0.5100 0.3831 0.1473 0.1547 0.2346 0.4111 0.4968 0.2819 0.1396 0.1726 0.2794 0.4809 0.4576 0.1817 0.1424 0.1966 0.3249 0.4558 0.3249 0.1966 0.1424 0.1817 0.4576 0.4809 0.2794 0.1726 0.1396 0.2819 0.4968 0.4111 0.2346 0.1547 0.1473 0.3831 0.5100 0.3408 0.2000 0.1431 0.1771 0.4536 0.4849 0.2831 0.1742 0.1395 0.2735 0.4948 0.4167 0.2375 0.1558 0.1463 0.3766 0.5100 0.3456 0.2023 0.1438 0.1730 0.4492 0.4889 0.2874 0.1761 0.1394 0.2616 0.4912 0.4276 0.2452 0.1597 0.1429 0.3432
0.1539 0.1608 0.2466 0.4276 0.4921 0.2677 0.1395 0.1743 0.2825 0.4838 0.4551 0.1790 0.1428 0.1989 0.3383 0.5099 0.3866 0.1479 0.1541 0.2329 0.4080 0.4979 0.2866 0.1397 0.1717 0.2773 0.4785 0.4598 0.1844 0.1422 0.1966 0.3335 0.5096 0.3928 0.1491 0.1531 0.2301 0.4026 0.4997 0.2949 0.1399 0.1702 0.2736 0.4740 0.4635 0.1898 0.1417 0.1942 0.3268 0.5056 0.4782 0.5056 0.3268 0.1942 0.1417 0.1898 0.4635 0.4740 0.2736 0.1702 0.1399 0.2949 0.4997 0.4026 0.2301 0.1531 0.1491 0.3928 0.5096 0.3335 0.1966 0.1422 0.1844 0.4598 0.4785 0.2773 0.1717 0.1397 0.2866 0.4979 0.4080 0.2329 0.1541 0.1479 0.3866 0.5099 0.3383 0.1989 0.1428 0.1790 0.4551 0.4838 0.2825 0.1743 0.1395 0.2677 0.4921 0.4276 0.2466 0.1608 0.1539
0.1703 0.2504 0.4321 0.4912 0.2677 0.1395 0.1732 0.2792 0.4793 0.4599 0.1854 0.1420 0.1958 0.3314 0.5094 0.3959 0.1497 0.1525 0.2285 0.3995 0.5006 0.2994 0.1401 0.1693 0.2716 0.4714 0.4656 0.1931 0.1414 0.1933 0.3263 0.5086 0.4021 0.1511 0.1515 0.2257 0.3940 0.5022 0.3076 0.1404 0.1678 0.2680 0.4666 0.4691 0.1994 0.1410 0.1912 0.3214 0.5070 0.4210 0.2419 0.4210 0.5070 0.3214 0.1912 0.1410 0.1994 0.4691 0.4666 0.2680 0.1678 0.1404 0.3076 0.5022 0.3940 0.2257 0.1515 0.1511 0.4021 0.5086 0.3263 0.1933 0.1414 0.1931 0.4656 0.4714 0.2716 0.1693 0.1401 0.2994 0.5006 0.3995 0.2285 0.1525 0.1497 0.3959 0.5094 0.3314 0.1958 0.1420 0.1854 0.4599 0.4793 0.2792 0.1732 0.1395 0.2677 0.4912 0.4321 0.2504 0.1703
0.2564 0.4395 0.4887 0.2616 0.1395 0.1732 0.2779 0.4767 0.4630 0.1911 0.1415 0.1931 0.3253 0.5084 0.4044 0.1518 0.1510 0.2243 0.3912 0.5030 0.3120 0.1405 0.1670 0.2660 0.4639 0.4709 0.2031 0.1408 0.1901 0.3193 0.5071 0.4110 0.1535 0.1500 0.2215 0.3856 0.5044 0.3201 0.1409 0.1656 0.2626 0.4588 0.4742 0.2102 0.1404 0.1881 0.3149 0.5056 0.4188 0.1594 0.1366 0.1594 0.4188 0.5056 0.3149 0.1881 0.1404 0.2102 0.4742 0.4588 0.2626 0.1656 0.1409 0.3201 0.5044 0.3856 0.2215 0.1500 0.1535 0.4110 0.5071 0.3193 0.1901 0.1408 0.2031 0.4709 0.4639 0.2660 0.1670 0.1405 0.3120 0.5030 0.3912 0.2243 0.1510 0.1518 0.4044 0.5084 0.3253 0.1931 0.1415 0.1911 0.4630 0.4767 0.2779 0.1732 0.1395 0.2616 0.4887 0.4395 0.2564
0.4405 0.4851 0.2512 0.1394 0.1743 0.2792 0.4767 0.4641 0.1944 0.1411 0.1912 0.3203 0.5072 0.4118 0.1540 0.1497 0.2204 0.3832 0.5050 0.3241 0.1412 0.1649 0.2607 0.4560 0.4760 0.2142 0.1402 0.1871 0.3125 0.5050 0.4195 0.1563 0.1486 0.2174 0.3773 0.5063 0.3322 0.1417 0.1635 0.2573 0.4508 0.4790 0.2219 0.1400 0.1851 0.3082 0.5032 0.4251 0.1590 0.1443 0.1713 0.1443 0.1590 0.4251 0.5032 0.3082 0.1851 0.1400 0.2219 0.4790 0.4508 0.2573 0.1635 0.1417 0.3322 0.5063 0.3773 0.2174 0.1486 0.1563 0.4195 0.5050 0.3125 0.1871 0.1402 0.2142 0.4760 0.4560 0.2607 0.1649 0.1412 0.3241 0.5050 0.3832 0.2204 0.1497 0.1540 0.4118 0.5072 0.3203 0.1912 0.1411 0.1944 0.4641 0.4767 0.2792 0.1743 0.1394 0.2512 0.4851 0.4405
0.4828 0.2389 0.1394 0.1761 0.2825 0.4793 0.4630 0.1944 0.1410 0.1901 0.3170 0.5060 0.4176 0.1561 0.1486 0.2169 0.3758 0.5067 0.3354 0.1419 0.1628 0.2556 0.4480 0.4806 0.2260 0.1398 0.1841 0.3059 0.5021 0.4275 0.1595 0.1473 0.2134 0.3692 0.5078 0.3439 0.1425 0.1614 0.2521 0.4424 0.4835 0.2343 0.1397 0.1823 0.3017 0.4998 0.4326 0.1620 0.1459 0.2032 0.2769 0.2032 0.1459 0.1620 0.4326 0.4998 0.3017 0.1823 0.1397 0.2343 0.4835 0.4424 0.2521 0.1614 0.1425 0.3439 0.5078 0.3692 0.2134 0.1473 0.1595 0.4275 0.5021 0.3059 0.1841 0.1398 0.2260 0.4806 0.4480 0.2556 0.1628 0.1419 0.3354 0.5067 0.3758 0.2169 0.1486 0.1561 0.4176 0.5060 0.3170 0.1901 0.1410 0.1944 0.4630 0.4793 0.2825 0.1761 0.1394 0.2389 0.4828
0.2354 0.1396 0.1785 0.2874 0.4838 0.4599 0.1911 0.1411 0.1901 0.3158 0.5052 0.4214 0.1578 0.1477 0.2139 0.3692 0.5079 0.3458 0.1428 0.1609 0.2507 0.4399 0.4848 0.2383 0.1396 0.1813 0.2996 0.4985 0.4351 0.1632 0.1460 0.2096 0.3611 0.5089 0.3553 0.1436 0.1595 0.2471 0.4339 0.4876 0.2471 0.1395 0.1795 0.2954 0.4957 0.4399 0.1660 0.1452 0.2059 0.3445 0.4757 0.3445 0.2059 0.1452 0.1660 0.4399 0.4957 0.2954 0.1795 0.1395 0.2471 0.4876 0.4339 0.2471 0.1595 0.1436 0.3553 0.5089 0.3611 0.2096 0.1460 0.1632 0.4351 0.4985 0.2996 0.1813 0.1396 0.2383 0.4848 0.4399 0.2507 0.1609 0.1428 0.3458 0.5079 0.3692 0.2139 0.1477 0.1578 0.4214 0.5052 0.3158 0.1901 0.1411 0.1911 0.4599 0.4838 0.2874 0.1785 0.1396 0.2354
0.1512 0.1812 0.2932 0.4889 0.4551 0.1854 0.1415 0.1912 0.3170 0.5052 0.4227 0.1588 0.1471 0.2118 0.3641 0.5088 0.3546 0.1437 0.1592 0.2463 0.4320 0.4886 0.2508 0.1394 0.1786 0.2935 0.4942 0.4422 0.1676 0.1449 0.2059 0.3534 0.5097 0.3661 0.1448 0.1576 0.2423 0.4253 0.4913 0.2602 0.1394 0.1768 0.2892 0.4907 0.4469 0.1710 0.1441 0.2033 0.3463 0.5084 0.4655 0.5084 0.3463 0.2033 0.1441 0.1710 0.4469 0.4907 0.2892 0.1768 0.1394 0.2602 0.4913 0.4253 0.2423 0.1576 0.1448 0.3661 0.5097 0.3534 0.2059 0.1449 0.1676 0.4422 0.4942 0.2935 0.1786 0.1394 0.2508 0.4886 0.4320 0.2463 0.1592 0.1437 0.3546 0.5088 0.3641 0.2118 0.1471 0.1588 0.4227 0.5052 0.3170 0.1912 0.1415 0.1854 0.4551 0.4889 0.2932 0.1812 0.1512
0.1898 0.2994 0.4940 0.4492 0.1790 0.1420 0.1931 0.3203 0.5060 0.4214 0.1588 0.1469 0.2107 0.3607 0.5093 0.3614 0.1445 0.1578 0.2423 0.4246 0.4919 0.2629 0.1394 0.1761 0.2875 0.4891 0.4489 0.1727 0.1438 0.2024 0.3458 0.5100 0.3765 0.1462 0.1558 0.2376 0.4167 0.4948 0.2734 0.1395 0.1742 0.2832 0.4850 0.4535 0.1770 0.1431 0.2000 0.3405 0.5096 0.3985 0.2090 0.3985 0.5096 0.3405 0.2000 0.1431 0.1770 0.4535 0.4850 0.2832 0.1742 0.1395 0.2734 0.4948 0.4167 0.2376 0.1558 0.1462 0.3765 0.5100 0.3458 0.2024 0.1438 0.1727 0.4489 0.4891 0.2875 0.1761 0.1394 0.2629 0.4919 0.4246 0.2423 0.1578 0.1445 0.3614 0.5093 0.3607 0.2107 0.1469 0.1588 0.4214 0.5060 0.3203 0.1931 0.1420 0.1790 0.4492 0.4940 0.2994 0.1898
0.3042 0.4986 0.4424 0.1730 0.1428 0.1958 0.3253 0.5072 0.4176 0.1578 0.1471 0.2107 0.3596 0.5095 0.3658 0.1452 0.1567 0.2390 0.4181 0.4946 0.2740 0.1395 0.1738 0.2819 0.4834 0.4552 0.1789 0.1428 0.1990 0.3386 0.5099 0.3863 0.1478 0.1541 0.2330 0.4081 0.4979 0.2864 0.1397 0.1717 0.2773 0.4785 0.4597 0.1844 0.1422 0.1966 0.3335 0.5095 0.3954 0.1515 0.1374 0.1515 0.3954 0.5095 0.3335 0.1966 0.1422 0.1844 0.4597 0.4785 0.2773 0.1717 0.1397 0.2864 0.4979 0.4081 0.2330 0.1541 0.1478 0.3863 0.5099 0.3386 0.1990 0.1428 0.1789 0.4552 0.4834 0.2819 0.1738 0.1395 0.2740 0.4946 0.4181 0.2390 0.1567 0.1452 0.3658 0.5095 0.3596 0.2107 0.1471 0.1578 0.4176 0.5072 0.3253 0.1958 0.1428 0.1730 0.4424 0.4986 0.3042
0.4978 0.4353 0.1677 0.1438 0.1989 0.3314 0.5084 0.4118 0.1561 0.1477 0.2118 0.3607 0.5095 0.3673 0.1456 0.1560 0.2367 0.4130 0.4967 0.2836 0.1397 0.1717 0.2768 0.4775 0.4609 0.1862 0.1420 0.1957 0.3315 0.5094 0.3956 0.1497 0.1526 0.2287 0.3997 0.5006 0.2992 0.1400 0.1693 0.2716 0.4715 0.4655 0.1930 0.1414 0.1933 0.3263 0.5086 0.4026 0.1516 0.1476 0.1784 0.1476 0.1516 0.4026 0.5086 0.3263 0.1933 0.1414 0.1930 0.4655 0.4715 0.2716 0.1693 0.1400 0.2992 0.5006 0.3997 0.2287 0.1526 0.1497 0.3956 0.5094 0.3315 0.1957 0.1420 0.1862 0.4609 0.4775 0.2768 0.1717 0.1397 0.2836 0.4967 0.4130 0.2367 0.1560 0.1456 0.3673 0.5095 0.3607 0.2118 0.1477 0.1561 0.4118 0.5084 0.3314 0.1989 0.1438 0.1677 0.4353 0.4978
0.4314 0.1632 0.1449 0.2023 0.3383 0.5094 0.4044 0.1540 0.1486 0.2139 0.3641 0.5093 0.3658 0.1456 0.1558 0.2355 0.4098 0.4982 0.2911 0.1399 0.1700 0.2723 0.4717 0.4659 0.1942 0.1413 0.1926 0.3247 0.5083 0.4045 0.1517 0.1511 0.2245 0.3915 0.5029 0.3116 0.1405 0.1671 0.2661 0.4640 0.4709 0.2030 0.1408 0.1901 0.3194 0.5071 0.4110 0.1536 0.1494 0.2133 0.2934 0.2133 0.1494 0.1536 0.4110 0.5071 0.3194 0.1901 0.1408 0.2030 0.4709 0.4640 0.2661 0.1671 0.1405 0.3116 0.5029 0.3915 0.2245 0.1511 0.1517 0.4045 0.5083 0.3247 0.1926 0.1413 0.1942 0.4659 0.4717 0.2723 0.1700 0.1399 0.2911 0.4982 0.4098 0.2355 0.1558 0.1456 0.3658 0.5093 0.3641 0.2139 0.1486 0.1540 0.4044 0.5094 0.3383 0.2023 0.1449 0.1632 0.4314
0.1709 0.1460 0.2058 0.3456 0.5099 0.3959 0.1518 0.1497 0.2169 0.3692 0.5088 0.3614 0.1452 0.1560 0.2355 0.4087 0.4989 0.2959 0.1401 0.1687 0.2688 0.4664 0.4700 0.2024 0.1407 0.1898 0.3183 0.5068 0.4129 0.1541 0.1497 0.2204 0.3834 0.5050 0.3236 0.1411 0.1649 0.2609 0.4563 0.4759 0.2140 0.1402 0.1871 0.3126 0.5050 0.4194 0.1562 0.1485 0.2160 0.3652 0.4913 0.3652 0.2160 0.1485 0.1562 0.4194 0.5050 0.3126 0.1871 0.1402 0.2140 0.4759 0.4563 0.2609 0.1649 0.1411 0.3236 0.5050 0.3834 0.2204 0.1497 0.1541 0.4129 0.5068 0.3183 0.1898 0.1407 0.2024 0.4700 0.4664 0.2688 0.1687 0.1401 0.2959 0.4989 0.4087 0.2355 0.1560 0.1452 0.3614 0.5088 0.3692 0.2169 0.1497 0.1518 0.3959 0.5099 0.3456 0.2058 0.1460 0.1709
0.1569 0.2096 0.3533 0.5100 0.3866 0.1497 0.1510 0.2204 0.3758 0.5079 0.3546 0.1445 0.1567 0.2367 0.4098 0.4989 0.2975 0.1402 0.1678 0.2663 0.4621 0.4733 0.2100 0.1403 0.1874 0.3126 0.5048 0.4205 0.1568 0.1483 0.2165 0.3754 0.5067 0.3353 0.1419 0.1629 0.2558 0.4483 0.4804 0.2257 0.1398 0.1842 0.3061 0.5021 0.4274 0.1594 0.1473 0.2132 0.3669 0.5078 0.4503 0.5078 0.3669 0.2132 0.1473 0.1594 0.4274 0.5021 0.3061 0.1842 0.1398 0.2257 0.4804 0.4483 0.2558 0.1629 0.1419 0.3353 0.5067 0.3754 0.2165 0.1483 0.1568 0.4205 0.5048 0.3126 0.1874 0.1403 0.2100 0.4733 0.4621 0.2663 0.1678 0.1402 0.2975 0.4989 0.4098 0.2367 0.1567 0.1445 0.3546 0.5079 0.3758 0.2204 0.1510 0.1497 0.3866 0.5100 0.3533 0.2096 0.1569
0.2170 0.3612 0.5097 0.3766 0.1479 0.1525 0.2243 0.3832 0.5067 0.3458 0.1437 0.1578 0.2390 0.4130 0.4982 0.2959 0.1402 0.1676 0.2650 0.4594 0.4755 0.2162 0.1401 0.1853 0.3076 0.5026 0.4272 0.1596 0.1472 0.2128 0.3677 0.5081 0.3465 0.1428 0.1609 0.2508 0.4402 0.4846 0.2379 0.1396 0.1814 0.2998 0.4986 0.4349 0.1631 0.1461 0.2096 0.3608 0.5089 0.3728 0.1821 0.3728 0.5089 0.3608 0.2096 0.1461 0.1631 0.4349 0.4986 0.2998 0.1814 0.1396 0.2379 0.4846 0.4402 0.2508 0.1609 0.1428 0.3465 0.5081 0.3677 0.2128 0.1472 0.1596 0.4272 0.5026 0.3076 0.1853 0.1401 0.2162 0.4755 0.4594 0.2650 0.1676 0.1402 0.2959 0.4982 0.4130 0.2390 0.1578 0.1437 0.3458 0.5067 0.3832 0.2243 0.1525 0.1479 0.3766 0.5097 0.3612 0.2170
0.3643 0.5091 0.3662 0.1463 0.1541 0.2285 0.3912 0.5050 0.3354 0.1428 0.1592 0.2423 0.4181 0.4967 0.2911 0.1401 0.1678 0.2650 0.4585 0.4766 0.2202 0.1399 0.1838 0.3037 0.5003 0.4329 0.1625 0.1461 0.2095 0.3605 0.5091 0.3571 0.1438 0.1591 0.2460 0.4319 0.4885 0.2504 0.1394 0.1787 0.2936 0.4943 0.4420 0.1674 0.1449 0.2060 0.3535 0.5097 0.3689 0.1460 0.1389 0.1460 0.3689 0.5097 0.3535 0.2060 0.1449 0.1674 0.4420 0.4943 0.2936 0.1787 0.1394 0.2504 0.4885 0.4319 0.2460 0.1591 0.1438 0.3571 0.5091 0.3605 0.2095 0.1461 0.1625 0.4329 0.5003 0.3037 0.1838 0.1399 0.2202 0.4766 0.4585 0.2650 0.1678 0.1401 0.2911 0.4967 0.4181 0.2423 0.1592 0.1428 0.3354 0.5050 0.3912 0.2285 0.1541 0.1463 0.3662 0.5091 0.3643
0.5075 0.3553 0.1448 0.1558 0.2329 0.3995 0.5030 0.3241 0.1419 0.1609 0.2463 0.4246 0.4946 0.2836 0.1399 0.1687 0.2663 0.4594 0.4766 0.2216 0.1398 0.1828 0.3009 0.4983 0.4373 0.1653 0.1453 0.2066 0.3541 0.5097 0.3667 0.1450 0.1573 0.2414 0.4236 0.4921 0.2632 0.1394 0.1762 0.2877 0.4893 0.4487 0.1726 0.1439 0.2025 0.3461 0.5100 0.3767 0.1464 0.1516 0.1863 0.1516 0.1464 0.3767 0.5100 0.3461 0.2025 0.1439 0.1726 0.4487 0.4893 0.2877 0.1762 0.1394 0.2632 0.4921 0.4236 0.2414 0.1573 0.1450 0.3667 0.5097 0.3541 0.2066 0.1453 0.1653 0.4373 0.4983 0.3009 0.1828 0.1398 0.2216 0.4766 0.4594 0.2663 0.1687 0.1399 0.2836 0.4946 0.4246 0.2463 0.1609 0.1419 0.3241 0.5030 0.3995 0.2329 0.1558 0.1448 0.3553 0.5075
0.3498 0.1436 0.1576 0.2375 0.4080 0.5006 0.3120 0.1412 0.1628 0.2507 0.4320 0.4919 0.2740 0.1397 0.1700 0.2688 0.4621 0.4755 0.2202 0.1398 0.1825 0.2995 0.4969 0.4403 0.1676 0.1446 0.2043 0.3487 0.5100 0.3752 0.1462 0.1558 0.2371 0.4156 0.4953 0.2758 0.1395 0.1737 0.2819 0.4836 0.4550 0.1787 0.1429 0.1991 0.3389 0.5099 0.3861 0.1478 0.1535 0.2246 0.3116 0.2246 0.1535 0.1478 0.3861 0.5099 0.3389 0.1991 0.1429 0.1787 0.4550 0.4836 0.2819 0.1737 0.1395 0.2758 0.4953 0.4156 0.2371 0.1558 0.1462 0.3752 0.5100 0.3487 0.2043 0.1446 0.1676 0.4403 0.4969 0.2995 0.1825 0.1398 0.2202 0.4755 0.4621 0.2688 0.1700 0.1397 0.2740 0.4919 0.4320 0.2507 0.1628 0.1412 0.3120 0.5006 0.4080 0.2375 0.1576 0.1436 0.3498
0.1545 0.1595 0.2422 0.4167 0.4979 0.2994 0.1405 0.1649 0.2556 0.4399 0.4886 0.2629 0.1395 0.1717 0.2723 0.4664 0.4733 0.2162 0.1399 0.1828 0.2995 0.4964 0.4419 0.1692 0.1442 0.2025 0.3443 0.5100 0.3823 0.1474 0.1544 0.2333 0.4081 0.4980 0.2879 0.1398 0.1713 0.2763 0.4772 0.4610 0.1861 0.1420 0.1958 0.3318 0.5094 0.3953 0.1496 0.1525 0.2274 0.3875 0.5016 0.3875 0.2274 0.1525 0.1496 0.3953 0.5094 0.3318 0.1958 0.1420 0.1861 0.4610 0.4772 0.2763 0.1713 0.1398 0.2879 0.4980 0.4081 0.2333 0.1544 0.1474 0.3823 0.5100 0.3443 0.2025 0.1442 0.1692 0.4419 0.4964 0.2995 0.1828 0.1399 0.2162 0.4733 0.4664 0.2723 0.1717 0.1395 0.2629 0.4886 0.4399 0.2556 0.1649 0.1405 0.2994 0.4979 0.4167 0.2422 0.1595 0.1545
0.1691 0.2471 0.4253 0.4948 0.2866 0.1401 0.1670 0.2607 0.4480 0.4848 0.2508 0.1394 0.1738 0.2768 0.4717 0.4700 0.2100 0.1401 0.1838 0.3009 0.4969 0.4419 0.1698 0.1439 0.2014 0.3413 0.5100 0.3879 0.1485 0.1533 0.2300 0.4013 0.5004 0.2991 0.1401 0.1691 0.2709 0.4704 0.4665 0.1948 0.1413 0.1927 0.3249 0.5084 0.4041 0.1517 0.1511 0.2243 0.3894 0.5042 0.4318 0.5042 0.3894 0.2243 0.1511 0.1517 0.4041 0.5084 0.3249 0.1927 0.1413 0.1948 0.4665 0.4704 0.2709 0.1691 0.1401 0.2991 0.5004 0.4013 0.2300 0.1533 0.1485 0.3879 0.5100 0.3413 0.2014 0.1439 0.1698 0.4419 0.4969 0.3009 0.1838 0.1401 0.2100 0.4700 0.4717 0.2768 0.1738 0.1394 0.2508 0.4848 0.4480 0.2607 0.1670 0.1401 0.2866 0.4948 0.4253 0.2471 0.1691
0.2534 0.4340 0.4914 0.2735 0.1397 0.1693 0.2660 0.4560 0.4806 0.2383 0.1394 0.1761 0.2819 0.4775 0.4659 0.2024 0.1403 0.1853 0.3037 0.4983 0.4403 0.1692 0.1439 0.2010 0.3397 0.5099 0.3917 0.1494 0.1524 0.2272 0.3954 0.5022 0.3091 0.1405 0.1671 0.2659 0.4634 0.4715 0.2046 0.1407 0.1896 0.3181 0.5068 0.4126 0.1540 0.1497 0.2205 0.3832 0.5051 0.3427 0.1638 0.3427 0.5051 0.3832 0.2205 0.1497 0.1540 0.4126 0.5068 0.3181 0.1896 0.1407 0.2046 0.4715 0.4634 0.2659 0.1671 0.1405 0.3091 0.5022 0.3954 0.2272 0.1524 0.1494 0.3917 0.5099 0.3397 0.2010 0.1439 0.1692 0.4403 0.4983 0.3037 0.1853 0.1403 0.2024 0.4659 0.4775 0.2819 0.1761 0.1394 0.2383 0.4806 0.4560 0.2660 0.1693 0.1397 0.2735 0.4914 0.4340 0.2534
0.4353 0.4877 0.2603 0.1395 0.1717 0.2716 0.4639 0.4760 0.2260 0.1396 0.1786 0.2875 0.4834 0.4609 0.1942 0.1407 0.1874 0.3076 0.5003 0.4373 0.1676 0.1442 0.2014 0.3397 0.5098 0.3937 0.1501 0.1518 0.2252 0.3908 0.5036 0.3176 0.1409 0.1654 0.2615 0.4566 0.4760 0.2148 0.1402 0.1867 0.3116 0.5046 0.4208 0.1568 0.1484 0.2166 0.3755 0.5067 0.3381 0.1422 0.1413 0.1422 0.3381 0.5067 0.3755 0.2166 0.1484 0.1568 0.4208 0.5046 0.3116 0.1867 0.1402 0.2148 0.4760 0.4566 0.2615 0.1654 0.1409 0.3176 0.5036 0.3908 0.2252 0.1518 0.1501 0.3937 0.5098 0.3397 0.2014 0.1442 0.1676 0.4373 0.5003 0.3076 0.1874 0.1407 0.1942 0.4609 0.4834 0.2875 0.1786 0.1396 0.2260 0.4760 0.4639 0.2716 0.1717 0.1395 0.2603 0.4877 0.4353
0.4855 0.2472 0.1394 0.1742 0.2773 0.4714 0.4709 0.2142 0.1398 0.1813 0.2935 0.4891 0.4552 0.1862 0.1413 0.1898 0.3126 0.5026 0.4329 0.1653 0.1446 0.2025 0.3413 0.5099 0.3937 0.1503 0.1515 0.2239 0.3875 0.5046 0.3242 0.1413 0.1640 0.2577 0.4503 0.4798 0.2249 0.1398 0.1840 0.3054 0.5018 0.4285 0.1599 0.1471 0.2128 0.3677 0.5080 0.3468 0.1428 0.1563 0.1953 0.1563 0.1428 0.3468 0.5080 0.3677 0.2128 0.1471 0.1599 0.4285 0.5018 0.3054 0.1840 0.1398 0.2249 0.4798 0.4503 0.2577 0.1640 0.1413 0.3242 0.5046 0.3875 0.2239 0.1515 0.1503 0.3937 0.5099 0.3413 0.2025 0.1446 0.1653 0.4329 0.5026 0.3126 0.1898 0.1413 0.1862 0.4552 0.4891 0.2935 0.1813 0.1398 0.2142 0.4709 0.4714 0.2773 0.1742 0.1394 0.2472 0.4855
0.2432 0.1395 0.1768 0.2831 0.4785 0.4656 0.2031 0.1402 0.1841 0.2996 0.4942 0.4489 0.1789 0.1420 0.1926 0.3183 0.5048 0.4272 0.1625 0.1453 0.2043 0.3443 0.5100 0.3917 0.1501 0.1515 0.2235 0.3858 0.5052 0.3288 0.1417 0.1629 0.2546 0.4448 0.4830 0.2345 0.1396 0.1816 0.2998 0.4984 0.4356 0.1636 0.1459 0.2091 0.3601 0.5091 0.3572 0.1438 0.1584 0.2372 0.3317 0.2372 0.1584 0.1438 0.3572 0.5091 0.3601 0.2091 0.1459 0.1636 0.4356 0.4984 0.2998 0.1816 0.1396 0.2345 0.4830 0.4448 0.2546 0.1629 0.1417 0.3288 0.5052 0.3858 0.2235 0.1515 0.1501 0.3917 0.5100 0.3443 0.2043 0.1453 0.1625 0.4272 0.5048 0.3183 0.1926 0.1420 0.1789 0.4489 0.4942 0.2996 0.1841 0.1402 0.2031 0.4656 0.4785 0.2831 0.1768 0.1395 0.2432
0.1511 0.1795 0.2892 0.4849 0.4598 0.1931 0.1408 0.1871 0.3059 0.4985 0.4422 0.1727 0.1428 0.1957 0.3247 0.5068 0.4205 0.1596 0.1461 0.2066 0.3487 0.5100 0.3879 0.1494 0.1518 0.2239 0.3858 0.5054 0.3312 0.1419 0.1621 0.2523 0.4403 0.4855 0.2429 0.1395 0.1795 0.2948 0.4947 0.4419 0.1676 0.1448 0.2056 0.3526 0.5097 0.3676 0.1450 0.1572 0.2400 0.4110 0.5066 0.4110 0.2400 0.1572 0.1450 0.3676 0.5097 0.3526 0.2056 0.1448 0.1676 0.4419 0.4947 0.2948 0.1795 0.1395 0.2429 0.4855 0.4403 0.2523 0.1621 0.1419 0.3312 0.5054 0.3858 0.2239 0.1518 0.1494 0.3879 0.5100 0.3487 0.2066 0.1461 0.1596 0.4205 0.5068 0.3247 0.1957 0.1428 0.1727 0.4422 0.4985 0.3059 0.1871 0.1408 0.1931 0.4598 0.4849 0.2892 0.1795 0.1511
0.1881 0.2954 0.4907 0.4536 0.1844 0.1414 0.1901 0.3125 0.5021 0.4351 0.1676 0.1438 0.1990 0.3315 0.5083 0.4129 0.1568 0.1472 0.2095 0.3541 0.5100 0.3823 0.1485 0.1524 0.2252 0.3875 0.5052 0.3312 0.1420 0.1617 0.2508 0.4372 0.4873 0.2498 0.1394 0.1778 0.2904 0.4910 0.4474 0.1720 0.1439 0.2024 0.3455 0.5100 0.3775 0.1464 0.1556 0.2366 0.4130 0.4980 0.4099 0.4980 0.4130 0.2366 0.1556 0.1464 0.3775 0.5100 0.3455 0.2024 0.1439 0.1720 0.4474 0.4910 0.2904 0.1778 0.1394 0.2498 0.4873 0.4372 0.2508 0.1617 0.1420 0.3312 0.5052 0.3875 0.2252 0.1524 0.1485 0.3823 0.5100 0.3541 0.2095 0.1472 0.1568 0.4129 0.5083 0.3315 0.1990 0.1438 0.1676 0.4351 0.5021 0.3125 0.1901 0.1414 0.1844 0.4536 0.4907 0.2954 0.1881
0.3002 0.4958 0.4470 0.1771 0.1422 0.1933 0.3193 0.5050 0.4275 0.1632 0.1449 0.2024 0.3386 0.5094 0.4045 0.1541 0.1483 0.2128 0.3605 0.5097 0.3752 0.1474 0.1533 0.2272 0.3908 0.5046 0.3288 0.1419 0.1617 0.2504 0.4356 0.4884 0.2545 0.1394 0.1764 0.2868 0.4874 0.4521 0.1765 0.1431 0.1995 0.3391 0.5099 0.3866 0.1480 0.1540 0.2325 0.4067 0.4987 0.3091 0.1527 0.3091 0.4987 0.4067 0.2325 0.1540 0.1480 0.3866 0.5099 0.3391 0.1995 0.1431 0.1765 0.4521 0.4874 0.2868 0.1764 0.1394 0.2545 0.4884 0.4356 0.2504 0.1617 0.1419 0.3288 0.5046 0.3908 0.2272 0.1533 0.1474 0.3752 0.5097 0.3605 0.2128 0.1483 0.1541 0.4045 0.5094 0.3386 0.2024 0.1449 0.1632 0.4275 0.5050 0.3193 0.1933 0.1422 0.1771 0.4470 0.4958 0.3002
0.4952 0.4400 0.1710 0.1431 0.1966 0.3263 0.5071 0.4195 0.1595 0.1460 0.2059 0.3458 0.5099 0.3956 0.1517 0.1497 0.2165 0.3677 0.5091 0.3667 0.1462 0.1544 0.2300 0.3954 0.5036 0.3242 0.1417 0.1621 0.2508 0.4356 0.4888 0.2569 0.1394 0.1755 0.2842 0.4843 0.4557 0.1809 0.1424 0.1970 0.3334 0.5095 0.3948 0.1496 0.1525 0.2284 0.3989 0.5009 0.3041 0.1397 0.1443 0.1397 0.3041 0.5009 0.3989 0.2284 0.1525 0.1496 0.3948 0.5095 0.3334 0.1970 0.1424 0.1809 0.4557 0.4843 0.2842 0.1755 0.1394 0.2569 0.4888 0.4356 0.2508 0.1621 0.1417 0.3242 0.5036 0.3954 0.2300 0.1544 0.1462 0.3667 0.5091 0.3677 0.2165 0.1497 0.1517 0.3956 0.5099 0.3458 0.2059 0.1460 0.1595 0.4195 0.5071 0.3263 0.1966 0.1431 0.1710 0.4400 0.4952
0.4362 0.1660 0.1442 0.2000 0.3335 0.5086 0.4110 0.1563 0.1473 0.2096 0.3534 0.5100 0.3863 0.1497 0.1511 0.2204 0.3754 0.5081 0.3571 0.1450 0.1558 0.2333 0.4013 0.5022 0.3176 0.1413 0.1629 0.2523 0.4372 0.4884 0.2569 0.1394 0.1750 0.2826 0.4821 0.4584 0.1848 0.1419 0.1949 0.3284 0.5088 0.4020 0.1513 0.1512 0.2246 0.3913 0.5031 0.3133 0.1405 0.1617 0.2053 0.1617 0.1405 0.3133 0.5031 0.3913 0.2246 0.1512 0.1513 0.4020 0.5088 0.3284 0.1949 0.1419 0.1848 0.4584 0.4821 0.2826 0.1750 0.1394 0.2569 0.4884 0.4372 0.2523 0.1629 0.1413 0.3176 0.5022 0.4013 0.2333 0.1558 0.1450 0.3571 0.5081 0.3754 0.2204 0.1511 0.1497 0.3863 0.5100 0.3534 0.2096 0.1473 0.1563 0.4110 0.5086 0.3335 0.2000 0.1442 0.1660 0.4362
0.1732 0.1453 0.2035 0.3408 0.5096 0.4021 0.1535 0.1486 0.2134 0.3611 0.5097 0.3765 0.1478 0.1526 0.2245 0.3834 0.5067 0.3465 0.1438 0.1573 0.2371 0.4081 0.5004 0.3091 0.1409 0.1640 0.2546 0.4403 0.4873 0.2545 0.1394 0.1750 0.2820 0.4809 0.4600 0.1878 0.1416 0.1933 0.3245 0.5080 0.4081 0.1531 0.1501 0.2212 0.3843 0.5049 0.3238 0.1412 0.1640 0.2510 0.3533 0.2510 0.1640 0.1412 0.3238 0.5049 0.3843 0.2212 0.1501 0.1531 0.4081 0.5080 0.3245 0.1933 0.1416 0.1878 0.4600 0.4809 0.2820 0.1750 0.1394 0.2545 0.4873 0.4403 0.2546 0.1640 0.1409 0.3091 0.5004 0.4081 0.2371 0.1573 0.1438 0.3465 0.5067 0.3834 0.2245 0.1526 0.1478 0.3765 0.5097 0.3611 0.2134 0.1486 0.1535 0.4021 0.5096 0.3408 0.2035 0.1453 0.1732
0.1562 0.2072 0.3484 0.5100 0.3928 0.1511 0.1500 0.2174 0.3692 0.5089 0.3661 0.1462 0.1541 0.2287 0.3915 0.5050 0.3353 0.1428 0.1591 0.2414 0.4156 0.4980 0.2991 0.1405 0.1654 0.2577 0.4448 0.4855 0.2498 0.1394 0.1755 0.2826 0.4809 0.4606 0.1894 0.1414 0.1922 0.3215 0.5072 0.4129 0.1547 0.1491 0.2182 0.3779 0.5064 0.3338 0.1418 0.1627 0.2540 0.4351 0.5074 0.4351 0.2540 0.1627 0.1418 0.3338 0.5064 0.3779 0.2182 0.1491 0.1547 0.4129 0.5072 0.3215 0.1922 0.1414 0.1894 0.4606 0.4809 0.2826 0.1755 0.1394 0.2498 0.4855 0.4448 0.2577 0.1654 0.1405 0.2991 0.4980 0.4156 0.2414 0.1591 0.1428 0.3353 0.5050 0.3915 0.2287 0.1541 0.1462 0.3661 0.5089 0.3692 0.2174 0.1500 0.1511 0.3928 0.5100 0.3484 0.2072 0.1562
0.2147 0.3561 0.5099 0.3831 0.1491 0.1515 0.2215 0.3773 0.5078 0.3553 0.1448 0.1558 0.2330 0.3997 0.5029 0.3236 0.1419 0.1609 0.2460 0.4236 0.4953 0.2879 0.1401 0.1671 0.2615 0.4503 0.4830 0.2429 0.1394 0.1764 0.2842 0.4821 0.4600 0.1894 0.1414 0.1916 0.3197 0.5065 0.4164 0.1561 0.1484 0.2158 0.3725 0.5075 0.3427 0.1425 0.1612 0.2508 0.4378 0.4890 0.3842 0.4890 0.4378 0.2508 0.1612 0.1425 0.3427 0.5075 0.3725 0.2158 0.1484 0.1561 0.4164 0.5065 0.3197 0.1916 0.1414 0.1894 0.4600 0.4821 0.2842 0.1764 0.1394 0.2429 0.4830 0.4503 0.2615 0.1671 0.1401 0.2879 0.4953 0.4236 0.2460 0.1609 0.1419 0.3236 0.5029 0.3997 0.2330 0.1558 0.1448 0.3553 0.5078 0.3773 0.2215 0.1515 0.1491 0.3831 0.5099 0.3561 0.2147
0.3594 0.5096 0.3730 0.1473 0.1531 0.2257 0.3856 0.5063 0.3439 0.1436 0.1576 0.2376 0.4081 0.5006 0.3116 0.1411 0.1629 0.2508 0.4319 0.4921 0.2758 0.1398 0.1691 0.2659 0.4566 0.4798 0.2345 0.1395 0.1778 0.2868 0.4843 0.4584 0.1878 0.1414 0.1916 0.3191 0.5062 0.4186 0.1571 0.1478 0.2139 0.3680 0.5083 0.3503 0.1433 0.1597 0.2471 0.4327 0.4890 0.2715 0.1454 0.2715 0.4890 0.4327 0.2471 0.1597 0.1433 0.3503 0.5083 0.3680 0.2139 0.1478 0.1571 0.4186 0.5062 0.3191 0.1916 0.1414 0.1878 0.4584 0.4843 0.2868 0.1778 0.1395 0.2345 0.4798 0.4566 0.2659 0.1691 0.1398 0.2758 0.4921 0.4319 0.2508 0.1629 0.1411 0.3116 0.5006 0.4081 0.2376 0.1576 0.1436 0.3439 0.5063 0.3856 0.2257 0.1531 0.1473 0.3730 0.5096 0.3594
0.5080 0.3624 0.1457 0.1547 0.2301 0.3940 0.5044 0.3322 0.1425 0.1595 0.2423 0.4167 0.4979 0.2992 0.1405 0.1649 0.2558 0.4402 0.4885 0.2632 0.1395 0.1713 0.2709 0.4634 0.4760 0.2249 0.1396 0.1795 0.2904 0.4874 0.4557 0.1848 0.1416 0.1922 0.3197 0.5062 0.4193 0.1576 0.1475 0.2126 0.3647 0.5088 0.3564 0.1440 0.1585 0.2437 0.4266 0.4914 0.2646 0.1383 0.1482 0.1383 0.2646 0.4914 0.4266 0.2437 0.1585 0.1440 0.3564 0.5088 0.3647 0.2126 0.1475 0.1576 0.4193 0.5062 0.3197 0.1922 0.1416 0.1848 0.4557 0.4874 0.2904 0.1795 0.1396 0.2249 0.4760 0.4634 0.2709 0.1713 0.1395 0.2632 0.4885 0.4402 0.2558 0.1649 0.1405 0.2992 0.4979 0.4167 0.2423 0.1595 0.1425 0.3322 0.5044 0.3940 0.2301 0.1547 0.1457 0.3624 0.5080
0.3569 0.1444 0.1564 0.2346 0.4026 0.5022 0.3201 0.1417 0.1614 0.2471 0.4253 0.4948 0.2864 0.1400 0.1671 0.2609 0.4483 0.4846 0.2504 0.1394 0.1737 0.2763 0.4704 0.4715 0.2148 0.1398 0.1816 0.2948 0.4910 0.4521 0.1809 0.1419 0.1933 0.3215 0.5065 0.4186 0.1576 0.1474 0.2119 0.3627 0.5091 0.3609 0.1446 0.1575 0.2409 0.4210 0.4937 0.2715 0.1393 0.1685 0.2175 0.1685 0.1393 0.2715 0.4937 0.4210 0.2409 0.1575 0.1446 0.3609 0.5091 0.3627 0.2119 0.1474 0.1576 0.4186 0.5065 0.3215 0.1933 0.1419 0.1809 0.4521 0.4910 0.2948 0.1816 0.1398 0.2148 0.4715 0.4704 0.2763 0.1737 0.1394 0.2504 0.4846 0.4483 0.2609 0.1671 0.1400 0.2864 0.4948 0.4253 0.2471 0.1614 0.1417 0.3201 0.5022 0.4026 0.2346 0.1564 0.1444 0.3569
0.1551 0.1582 0.2392 0.4111 0.4997 0.3076 0.1409 0.1635 0.2521 0.4339 0.4913 0.2734 0.1397 0.1693 0.2661 0.4563 0.4804 0.2379 0.1394 0.1762 0.2819 0.4772 0.4665 0.2046 0.1402 0.1840 0.2998 0.4947 0.4474 0.1765 0.1424 0.1949 0.3245 0.5072 0.4164 0.1571 0.1475 0.2119 0.3620 0.5093 0.3636 0.1450 0.1568 0.2386 0.4164 0.4956 0.2795 0.1396 0.1714 0.2682 0.3792 0.2682 0.1714 0.1396 0.2795 0.4956 0.4164 0.2386 0.1568 0.1450 0.3636 0.5093 0.3620 0.2119 0.1475 0.1571 0.4164 0.5072 0.3245 0.1949 0.1424 0.1765 0.4474 0.4947 0.2998 0.1840 0.1402 0.2046 0.4665 0.4772 0.2819 0.1762 0.1394 0.2379 0.4804 0.4563 0.2661 0.1693 0.1397 0.2734 0.4913 0.4339 0.2521 0.1635 0.1409 0.3076 0.4997 0.4111 0.2392 0.1582 0.1551
0.1680 0.2440 0.4197 0.4968 0.2949 0.1404 0.1656 0.2573 0.4424 0.4876 0.2602 0.1395 0.1717 0.2716 0.4640 0.4759 0.2257 0.1396 0.1787 0.2877 0.4836 0.4610 0.1948 0.1407 0.1867 0.3054 0.4984 0.4419 0.1720 0.1431 0.1970 0.3284 0.5080 0.4129 0.1561 0.1478 0.2126 0.3627 0.5093 0.3645 0.1452 0.1563 0.2371 0.4129 0.4971 0.2864 0.1398 0.1705 0.2723 0.4620 0.5042 0.4620 0.2723 0.1705 0.1398 0.2864 0.4971 0.4129 0.2371 0.1563 0.1452 0.3645 0.5093 0.3627 0.2126 0.1478 0.1561 0.4129 0.5080 0.3284 0.1970 0.1431 0.1720 0.4419 0.4984 0.3054 0.1867 0.1407 0.1948 0.4610 0.4836 0.2877 0.1787 0.1396 0.2257 0.4759 0.4640 0.2716 0.1717 0.1395 0.2602 0.4876 0.4424 0.2573 0.1656 0.1404 0.2949 0.4968 0.4197 0.2440 0.1680
0.2503 0.4284 0.4936 0.2819 0.1399 0.1678 0.2626 0.4508 0.4835 0.2471 0.1394 0.1742 0.2773 0.4715 0.4709 0.2140 0.1398 0.1814 0.2936 0.4893 0.4550 0.1861 0.1413 0.1896 0.3116 0.5018 0.4356 0.1676 0.1439 0.1995 0.3334 0.5088 0.4081 0.1547 0.1484 0.2139 0.3647 0.5091 0.3636 0.1452 0.1561 0.2363 0.4108 0.4980 0.2916 0.1399 0.1694 0.2703 0.4665 0.4748 0.3493 0.4748 0.4665 0.2703 0.1694 0.1399 0.2916 0.4980 0.4108 0.2363 0.1561 0.1452 0.3636 0.5091 0.3647 0.2139 0.1484 0.1547 0.4081 0.5088 0.3334 0.1995 0.1439 0.1676 0.4356 0.5018 0.3116 0.1896 0.1413 0.1861 0.4550 0.4893 0.2936 0.1814 0.1398 0.2140 0.4709 0.4715 0.2773 0.1742 0.1394 0.2471 0.4835 0.4508 0.2626 0.1678 0.1399 0.2819 0.4936 0.4284 0.2503
0.4300 0.4902 0.2688 0.1396 0.1702 0.2680 0.4588 0.4790 0.2343 0.1395 0.1768 0.2832 0.4785 0.4655 0.2030 0.1402 0.1842 0.2998 0.4943 0.4487 0.1787 0.1420 0.1927 0.3181 0.5046 0.4285 0.1636 0.1448 0.2024 0.3391 0.5095 0.4020 0.1531 0.1491 0.2158 0.3680 0.5088 0.3609 0.1450 0.1563 0.2363 0.4101 0.4985 0.2948 0.1401 0.1685 0.2679 0.4641 0.4729 0.2252 0.1400 0.2252 0.4729 0.4641 0.2679 0.1685 0.1401 0.2948 0.4985 0.4101 0.2363 0.1563 0.1450 0.3609 0.5088 0.3680 0.2158 0.1491 0.1531 0.4020 0.5095 0.3391 0.2024 0.1448 0.1636 0.4285 0.5046 0.3181 0.1927 0.1420 0.1787 0.4487 0.4943 0.2998 0.1842 0.1402 0.2030 0.4655 0.4785 0.2832 0.1768 0.1395 0.2343 0.4790 0.4588 0.2680 0.1702 0.1396 0.2688 0.4902 0.4300
0.4880 0.2556 0.1395 0.1726 0.2736 0.4666 0.4742 0.2219 0.1397 0.1795 0.2892 0.4850 0.4597 0.1930 0.1408 0.1871 0.3061 0.4986 0.4420 0.1726 0.1429 0.1958 0.3249 0.5068 0.4208 0.1599 0.1459 0.2056 0.3455 0.5099 0.3948 0.1513 0.1501 0.2182 0.3725 0.5083 0.3564 0.1446 0.1568 0.2371 0.4108 0.4985 0.2959 0.1401 0.1679 0.2662 0.4614 0.4743 0.2157 0.1383 0.1541 0.1383 0.2157 0.4743 0.4614 0.2662 0.1679 0.1401 0.2959 0.4985 0.4108 0.2371 0.1568 0.1446 0.3564 0.5083 0.3725 0.2182 0.1501 0.1513 0.3948 0.5099 0.3455 0.2056 0.1459 0.1599 0.4208 0.5068 0.3249 0.1958 0.1429 0.1726 0.4420 0.4986 0.3061 0.1871 0.1408 0.1930 0.4597 0.4850 0.2892 0.1795 0.1397 0.2219 0.4742 0.4666 0.2736 0.1726 0.1395 0.2556 0.4880
0.2511 0.1394 0.1751 0.2794 0.4740 0.4691 0.2102 0.1400 0.1823 0.2954 0.4907 0.4535 0.1844 0.1414 0.1901 0.3126 0.5021 0.4349 0.1674 0.1439 0.1991 0.3318 0.5084 0.4126 0.1568 0.1471 0.2091 0.3526 0.5100 0.3866 0.1496 0.1512 0.2212 0.3779 0.5075 0.3503 0.1440 0.1575 0.2386 0.4129 0.4980 0.2948 0.1401 0.1678 0.2653 0.4595 0.4757 0.2180 0.1397 0.1785 0.2345 0.1785 0.1397 0.2180 0.4757 0.4595 0.2653 0.1678 0.1401 0.2948 0.4980 0.4129 0.2386 0.1575 0.1440 0.3503 0.5075 0.3779 0.2212 0.1512 0.1496 0.3866 0.5100 0.3526 0.2091 0.1471 0.1568 0.4126 0.5084 0.3318 0.1991 0.1439 0.1674 0.4349 0.5021 0.3126 0.1901 0.1414 0.1844 0.4535 0.4907 0.2954 0.1823 0.1400 0.2102 0.4691 0.4740 0.2794 0.1751 0.1394 0.2511
0.1511 0.1777 0.2853 0.4809 0.4635 0.1994 0.1404 0.1851 0.3017 0.4957 0.4469 0.1770 0.1422 0.1933 0.3194 0.5050 0.4274 0.1631 0.1449 0.2025 0.3389 0.5094 0.4041 0.1540 0.1484 0.2128 0.3601 0.5097 0.3775 0.1480 0.1525 0.2246 0.3843 0.5064 0.3427 0.1433 0.1585 0.2409 0.4164 0.4971 0.2916 0.1401 0.1679 0.2653 0.4588 0.4765 0.2205 0.1398 0.1825 0.2925 0.4137 0.2925 0.1825 0.1398 0.2205 0.4765 0.4588 0.2653 0.1679 0.1401 0.2916 0.4971 0.4164 0.2409 0.1585 0.1433 0.3427 0.5064 0.3843 0.2246 0.1525 0.1480 0.3775 0.5097 0.3601 0.2128 0.1484 0.1540 0.4041 0.5094 0.3389 0.2025 0.1449 0.1631 0.4274 0.5050 0.3194 0.1933 0.1422 0.1770 0.4469 0.4957 0.3017 0.1851 0.1404 0.1994 0.4635 0.4809 0.2853 0.1777 0.1511
0.1864 0.2914 0.4871 0.4576 0.1898 0.1410 0.1881 0.3082 0.4998 0.4399 0.1710 0.1431 0.1966 0.3263 0.5071 0.4194 0.1594 0.1461 0.2060 0.3461 0.5099 0.3953 0.1517 0.1497 0.2166 0.3677 0.5091 0.3676 0.1464 0.1540 0.2284 0.3913 0.5049 0.3338 0.1425 0.1597 0.2437 0.4210 0.4956 0.2864 0.1399 0.1685 0.2662 0.4595 0.4765 0.2215 0.1398 0.1826 0.2987 0.4902 0.4949 0.4902 0.2987 0.1826 0.1398 0.2215 0.4765 0.4595 0.2662 0.1685 0.1399 0.2864 0.4956 0.4210 0.2437 0.1597 0.1425 0.3338 0.5049 0.3913 0.2284 0.1540 0.1464 0.3676 0.5091 0.3677 0.2166 0.1497 0.1517 0.3953 0.5099 0.3461 0.2060 0.1461 0.1594 0.4194 0.5071 0.3263 0.1966 0.1431 0.1710 0.4399 0.4998 0.3082 0.1881 0.1410 0.1898 0.4576 0.4871 0.2914 0.1864
0.2963 0.4926 0.4513 0.1817 0.1417 0.1912 0.3149 0.5032 0.4326 0.1660 0.1441 0.2000 0.3335 0.5086 0.4110 0.1562 0.1473 0.2096 0.3535 0.5100 0.3861 0.1496 0.1511 0.2205 0.3755 0.5080 0.3572 0.1450 0.1556 0.2325 0.3989 0.5031 0.3238 0.1418 0.1612 0.2471 0.4266 0.4937 0.2795 0.1398 0.1694 0.2679 0.4614 0.4757 0.2205 0.1398 0.1824 0.2990 0.4953 0.4502 0.2970 0.4502 0.4953 0.2990 0.1824 0.1398 0.2205 0.4757 0.4614 0.2679 0.1694 0.1398 0.2795 0.4937 0.4266 0.2471 0.1612 0.1418 0.3238 0.5031 0.3989 0.2325 0.1556 0.1450 0.3572 0.5080 0.3755 0.2205 0.1511 0.1496 0.3861 0.5100 0.3535 0.2096 0.1473 0.1562 0.4110 0.5086 0.3335 0.2000 0.1441 0.1660 0.4326 0.5032 0.3149 0.1912 0.1417 0.1817 0.4513 0.4926 0.2963
0.4918 0.4449 0.1751 0.1424 0.1942 0.3214 0.5056 0.4251 0.1620 0.1452 0.2033 0.3405 0.5095 0.4026 0.1536 0.1485 0.2132 0.3608 0.5097 0.3767 0.1478 0.1525 0.2243 0.3832 0.5067 0.3468 0.1438 0.1572 0.2366 0.4067 0.5009 0.3133 0.1412 0.1627 0.2508 0.4327 0.4914 0.2715 0.1396 0.1705 0.2703 0.4641 0.4743 0.2180 0.1398 0.1826 0.2990 0.4958 0.4442 0.1786 0.1368 0.1786 0.4442 0.4958 0.2990 0.1826 0.1398 0.2180 0.4743 0.4641 0.2703 0.1705 0.1396 0.2715 0.4914 0.4327 0.2508 0.1627 0.1412 0.3133 0.5009 0.4067 0.2366 0.1572 0.1438 0.3468 0.5067 0.3832 0.2243 0.1525 0.1478 0.3767 0.5097 0.3608 0.2132 0.1485 0.1536 0.4026 0.5095 0.3405 0.2033 0.1452 0.1620 0.4251 0.5056 0.3214 0.1942 0.1424 0.1751 0.4449 0.4918
0.4431 0.1705 0.1430 0.1966 0.3268 0.5070 0.4188 0.1590 0.1459 0.2059 0.3463 0.5096 0.3954 0.1516 0.1494 0.2160 0.3669 0.5089 0.3689 0.1464 0.1535 0.2274 0.3894 0.5051 0.3381 0.1428 0.1584 0.2400 0.4130 0.4987 0.3041 0.1405 0.1640 0.2540 0.4378 0.4890 0.2646 0.1393 0.1714 0.2723 0.4665 0.4729 0.2157 0.1397 0.1825 0.2987 0.4953 0.4442 0.1725 0.1407 0.1628 0.1407 0.1725 0.4442 0.4953 0.2987 0.1825 0.1397 0.2157 0.4729 0.4665 0.2723 0.1714 0.1393 0.2646 0.4890 0.4378 0.2540 0.1640 0.1405 0.3041 0.4987 0.4130 0.2400 0.1584 0.1428 0.3381 0.5051 0.3894 0.2274 0.1535 0.1464 0.3689 0.5089 0.3669 0.2160 0.1494 0.1516 0.3954 0.5096 0.3463 0.2059 0.1459 0.1590 0.4188 0.5070 0.3268 0.1966 0.1430 0.1705 0.4431
0.1833 0.1415 0.1939 0.3249 0.5056 0.4210 0.1594 0.1443 0.2032 0.3445 0.5084 0.3985 0.1515 0.1476 0.2133 0.3652 0.5078 0.3728 0.1460 0.1516 0.2246 0.3875 0.5042 0.3427 0.1422 0.1563 0.2372 0.4110 0.4980 0.3091 0.1397 0.1617 0.2510 0.4351 0.4890 0.2715 0.1383 0.1685 0.2682 0.4620 0.4748 0.2252 0.1383 0.1785 0.2925 0.4902 0.4502 0.1786 0.1407 0.1875 0.2512 0.1875 0.1407 0.1786 0.4502 0.4902 0.2925 0.1785 0.1383 0.2252 0.4748 0.4620 0.2682 0.1685 0.1383 0.2715 0.4890 0.4351 0.2510 0.1617 0.1397 0.3091 0.4980 0.4110 0.2372 0.1563 0.1422 0.3427 0.5042 0.3875 0.2246 0.1516 0.1460 0.3728 0.5078 0.3652 0.2133 0.1476 0.1515 0.3985 0.5084 0.3445 0.2032 0.1443 0.1594 0.4210 0.5056 0.3249 0.1939 0.1415 0.1833
0.1485 0.1652 0.2615 0.4558 0.4782 0.2419 0.1366 0.1713 0.2769 0.4757 0.4655 0.2090 0.1374 0.1784 0.2934 0.4913 0.4503 0.1821 0.1389 0.1863 0.3116 0.5016 0.4318 0.1638 0.1413 0.1953 0.3317 0.5066 0.4099 0.1527 0.1443 0.2053 0.3533 0.5074 0.3842 0.1454 0.1482 0.2175 0.3792 0.5042 0.3493 0.1400 0.1541 0.2345 0.4137 0.4949 0.2970 0.1368 0.1628 0.2512 0.3542 0.2512 0.1628 0.1368 0.2970 0.4949 0.4137 0.2345 0.1541 0.1400 0.3493 0.5042 0.3792 0.2175 0.1482 0.1454 0.3842 0.5074 0.3533 0.2053 0.1443 0.1527 0.4099 0.5066 0.3317 0.1953 0.1413 0.1638 0.4318 0.5016 0.3116 0.1863 0.1389 0.1821 0.4503 0.4913 0.2934 0.1784 0.1374 0.2090 0.4655 0.4757 0.2769 0.1713 0.1366 0.2419 0.4782 0.4558 0.2615 0.1652 0.1485
0.1833 0.1415 0.1939 0.3249 0.5056 0.4210 0.1594 0.1443 0.2032 0.3445 0.5084 0.3985 0.1515 0.1476 0.2133 0.3652 0.5078 0.3728 0.1460 0.1516 0.2246 0.3875 0.5042 0.3427 0.1422 0.1563 0.2372 0.4110 0.4980 0.3091 0.1397 0.1617 0.2510 0.4351 0.4890 0.2715 0.1383 0.1685 0.2682 0.4620 0.4748 0.2252 0.1383 0.1785 0.2925 0.4902 0.4502 0.1786 0.1407 0.1875 0.2512 0.1875 0.1407 0.1786 0.4502 0.4902 0.2925 0.1785 0.1383 0.2252 0.4748 0.4620 0.2682 0.1685 0.1383 0.2715 0.4890 0.4351 0.2510 0.1617 0.1397 0.3091 0.4980 0.4110 0.2372 0.1563 0.1422 0.3427 0.5042 0.3875 0.2246 0.1516 0.1460 0.3728 0.5078 0.3652 0.2133 0.1476 0.1515 0.3985 0.5084 0.3445 0.2032 0.1443 0.1594 0.4210 0.5056 0.3249 0.1939 0.1415 0.1833
0.4431 0.1705 0.1430 0.1966 0.3268 0.5070 0.4188 0.1590 0.1459 0.2059 0.3463 0.5096 0.3954 0.1516 0.1494 0.2160 0.3669 0.5089 0.3689 0.1464 0.1535 0.2274 0.3894 0.5051 0.3381 0.1428 0.1584 0.2400 0.4130 0.4987 0.3041 0.1405 0.1640 0.2540 0.4378 0.4890 0.2646 0.1393 0.1714 0.2723 0.4665 0.4729 0.2157 0.1397 0.1825 0.2987 0.4953 0.4442 0.1725 0.1407 0.1628 0.1407 0.1725 0.4442 0.4953 0.2987 0.1825 0.1397 0.2157 0.4729 0.4665 0.2723 0.1714 0.1393 0.2646 0.4890 0.4378 0.2540 0.1640 0.1405 0.3041 0.4987 0.4130 0.2400 0.1584 0.1428 0.3381 0.5051 0.3894 0.2274 0.1535 0.1464 0.3689 0.5089 0.3669 0.2160 0.1494 0.1516 0.3954 0.5096 0.3463 0.2059 0.1459 0.1590 0.4188 0.5070 0.3268 0.1966 0.1430 0.1705 0.4431
0.4918 0.4449 0.1751 0.1424 0.1942 0.3214 0.5056 0.4251 0.1620 0.1452 0.2033 0.3405 0.5095 0.4026 0.1536 0.1485 0.2132 0.3608 0.5097 0.3767 0.1478 0.1525 0.2243 0.3832 0.5067 0.3468 0.1438 0.1572 0.2366 0.4067 0.5009 0.3133 0.1412 0.1627 0.2508 0.4327 0.4914 0.2715 0.1396 0.1705 0.2703 0.4641 0.4743 0.2180 0.1398 0.1826 0.2990 0.4958 0.4442 0.1786 0.1368 0.1786 0.4442 0.4958 0.2990 0.1826 0.1398 0.2180 0.4743 0.4641 0.2703 0.1705 0.1396 0.2715 0.4914 0.4327 0.2508 0.1627 0.1412 0.3133 0.5009 0.4067 0.2366 0.1572 0.1438 0.3468 0.5067 0.3832 0.2243 0.1525 0.1478 0.3767 0.5097 0.3608 0.2132 0.1485 0.1536 0.4026 0.5095 0.3405 0.2033 0.1452 0.1620 0.4251 0.5056 0.3214 0.1942 0.1424 0.1751 0.4449 0.4918
0.2963 0.4926 0.4513 0.1817 0.1417 0.1912 0.3149 0.5032 0.4326 0.1660 0.1441 0.2000 0.3335 0.5086 0.4110 0.1562 0.1473 0.2096 0.3535 0.5100 0.3861 0.1496 0.1511 0.2205 0.3755 0.5080 0.3572 0.1450 0.1556 0.2325 0.3989 0.5031 0.3238 0.1418 0.1612 0.2471 0.4266 0.4937 0.2795 0.1398 0.1694 0.2679 0.4614 0.4757 0.2205 0.1398 0.1824 0.2990 0.4953 0.4502 0.2970 0.4502 0.4953 0.2990 0.1824 0.1398 0.2205 0.4757 0.4614 0.2679 0.1694 0.1398 0.2795 0.4937 0.4266 0.2471 0.1612 0.1418 0.3238 0.5031 0.3989 0.2325 0.1556 0.1450 0.3572 0.5080 0.3755 0.2205 0.1511 0.1496 0.3861 0.5100 0.3535 0.2096 0.1473 0.1562 0.4110 0.5086 0.3335 0.2000 0.1441 0.1660 0.4326 0.5032 0.3149 0.1912 0.1417 0.1817 0.4513 0.4926 0.2963
0.1864 0.2914 0.4871 0.4576 0.1898 0.1410 0.1881 0.3082 0.4998 0.4399 0.1710 0.1431 0.1966 0.3263 0.5071 0.4194 0.1594 0.1461 0.2060 0.3461 0.5099 0.3953 0.1517 0.1497 0.2166 0.3677 0.5091 0.3676 0.1464 0.1540 0.2284 0.3913 0.5049 0.3338 0.1425 0.1597 0.2437 0.4210 0.4956 0.2864 0.1399 0.1685 0.2662 0.4595 0.4765 0.2215 0.1398 0.1826 0.2987 0.4902 0.4949 0.4902 0.2987 0.1826 0.1398 0.2215 0.4765 0.4595 0.2662 0.1685 0.1399 0.2864 0.4956 0.4210 0.2437 0.1597 0.1425 0.3338 0.5049 0.3913 0.2284 0.1540 0.1464 0.3676 0.5091 0.3677 0.2166 0.1497 0.1517 0.3953 0.5099 0.3461 0.2060 0.1461 0.1594 0.4194 0.5071 0.3263 0.1966 0.1431 0.1710 0.4399 0.4998 0.3082 0.1881 0.1410 0.1898 0.4576 0.4871 0.2914 0.1864
