-0.2976 -0.3460 0.0514 0.2570 -0.1596 -0.2735 -0.3350 -0.2859 0.1216 0.1997 -0.2080 -0.2975 -0.3443 -0.0882 0.1927 -0.0653 -0.2457 -0.3182 -0.3465 0.0464 0.2542 -0.1556 -0.2718 -0.3342 -0.2943 0.1167 0.2145 -0.2048 -0.2958 -0.3438 -0.1043 0.1880 -0.0532 -0.2437 -0.3168 -0.3473 0.0400 0.2507 -0.1512 -0.2699 -0.3332 -0.3021 0.1118 0.2271 -0.2015 -0.2941 -0.3433 -0.1228 0.1806 0.0078 -0.1960 0.0078 0.1806 -0.1228 -0.3433 -0.2941 -0.2015 0.2271 0.1118 -0.3021 -0.3332 -0.2699 -0.1512 0.2507 0.0400 -0.3473 -0.3168 -0.2437 -0.0532 0.1880 -0.1043 -0.3438 -0.2958 -0.2048 0.2145 0.1167 -0.2943 -0.3342 -0.2718 -0.1556 0.2542 0.0464 -0.3465 -0.3182 -0.2457 -0.0653 0.1927 -0.0882 -0.3443 -0.2975 -0.2080 0.1997 0.1216 -0.2859 -0.3350 -0.2735 -0.1596 0.2570 0.0514 -0.3460 -0.2976
-0.3460 0.0552 0.2585 -0.1630 -0.2955 -0.3540 -0.2968 0.1196 0.2288 -0.2205 -0.3185 -0.3613 -0.0930 0.1892 -0.0484 -0.2685 -0.3385 -0.3608 0.0457 0.2536 -0.1573 -0.2936 -0.3533 -0.3058 0.1148 0.2403 -0.2164 -0.3169 -0.3610 -0.1099 0.1846 -0.0332 -0.2666 -0.3372 -0.3617 0.0393 0.2493 -0.1521 -0.2918 -0.3524 -0.3138 0.1101 0.2495 -0.2124 -0.3153 -0.3606 -0.1278 0.1789 -0.0072 -0.2590 -0.3080 -0.2590 -0.0072 0.1789 -0.1278 -0.3606 -0.3153 -0.2124 0.2495 0.1101 -0.3138 -0.3524 -0.2918 -0.1521 0.2493 0.0393 -0.3617 -0.3372 -0.2666 -0.0332 0.1846 -0.1099 -0.3610 -0.3169 -0.2164 0.2403 0.1148 -0.3058 -0.3533 -0.2936 -0.1573 0.2536 0.0457 -0.3608 -0.3385 -0.2685 -0.0484 0.1892 -0.0930 -0.3613 -0.3185 -0.2205 0.2288 0.1196 -0.2968 -0.3540 -0.2955 -0.1630 0.2585 0.0552 -0.3460
0.0514 0.2585 -0.1601 -0.2937 -0.3529 -0.3084 0.1127 0.2449 -0.2143 -0.3160 -0.3607 -0.1196 0.1816 -0.0239 -0.2655 -0.3364 -0.3620 0.0355 0.2469 -0.1491 -0.2908 -0.3519 -0.3178 0.1072 0.2538 -0.2101 -0.3143 -0.3604 -0.1376 0.1762 -0.0055 -0.2635 -0.3350 -0.3625 0.0287 0.2423 -0.1435 -0.2889 -0.3509 -0.3246 0.1025 0.2601 -0.2060 -0.3126 -0.3600 -0.1555 0.1703 0.0172 -0.2598 -0.3339 -0.3719 -0.3339 -0.2598 0.0172 0.1703 -0.1555 -0.3600 -0.3126 -0.2060 0.2601 0.1025 -0.3246 -0.3509 -0.2889 -0.1435 0.2423 0.0287 -0.3625 -0.3350 -0.2635 -0.0055 0.1762 -0.1376 -0.3604 -0.3143 -0.2101 0.2538 0.1072 -0.3178 -0.3519 -0.2908 -0.1491 0.2469 0.0355 -0.3620 -0.3364 -0.2655 -0.0239 0.1816 -0.1196 -0.3607 -0.3160 -0.2143 0.2449 0.1127 -0.3084 -0.3529 -0.2937 -0.1601 0.2585 0.0514
0.2570 -0.1630 -0.2937 -0.3524 -0.3148 0.1077 0.2548 -0.2089 -0.3136 -0.3602 -0.1464 0.1734 0.0051 -0.2622 -0.3342 -0.3627 0.0247 0.2396 -0.1403 -0.2879 -0.3504 -0.3280 0.0998 0.2628 -0.2037 -0.3117 -0.3598 -0.1656 0.1672 0.0276 -0.2590 -0.3328 -0.3629 0.0170 0.2348 -0.1343 -0.2861 -0.3494 -0.3336 0.0951 0.2666 -0.1996 -0.3100 -0.3593 -0.1832 0.1616 0.0519 -0.2548 -0.3313 -0.3691 -0.2623 -0.3691 -0.3313 -0.2548 0.0519 0.1616 -0.1832 -0.3593 -0.3100 -0.1996 0.2666 0.0951 -0.3336 -0.3494 -0.2861 -0.1343 0.2348 0.0170 -0.3629 -0.3328 -0.2590 0.0276 0.1672 -0.1656 -0.3598 -0.3117 -0.2037 0.2628 0.0998 -0.3280 -0.3504 -0.2879 -0.1403 0.2396 0.0247 -0.3627 -0.3342 -0.2622 0.0051 0.1734 -0.1464 -0.3602 -0.3136 -0.2089 0.2548 0.1077 -0.3148 -0.3524 -0.2937 -0.1630 0.2570
-0.1596 -0.2955 -0.3529 -0.3148 0.1058 0.2593 -0.2049 -0.3117 -0.3596 -0.1708 0.1651 0.0379 -0.2573 -0.3321 -0.3629 0.0127 0.2321 -0.1308 -0.2850 -0.3488 -0.3365 0.0924 0.2680 -0.1972 -0.3091 -0.3591 -0.1929 0.1585 0.0655 -0.2527 -0.3306 -0.3628 0.0041 0.2270 -0.1242 -0.2832 -0.3478 -0.3411 0.0876 0.2697 -0.1930 -0.3074 -0.3586 -0.2095 0.1531 0.0911 -0.2484 -0.3291 -0.3627 -0.0283 0.1213 -0.0283 -0.3627 -0.3291 -0.2484 0.0911 0.1531 -0.2095 -0.3586 -0.3074 -0.1930 0.2697 0.0876 -0.3411 -0.3478 -0.2832 -0.1242 0.2270 0.0041 -0.3628 -0.3306 -0.2527 0.0655 0.1585 -0.1929 -0.3591 -0.3091 -0.1972 0.2680 0.0924 -0.3365 -0.3488 -0.2850 -0.1308 0.2321 0.0127 -0.3629 -0.3321 -0.2573 0.0379 0.1651 -0.1708 -0.3596 -0.3117 -0.2049 0.2593 0.1058 -0.3148 -0.3529 -0.2955 -0.1596
-0.2735 -0.3540 -0.3084 0.1077 0.2593 -0.2034 -0.3106 -0.3591 -0.1896 0.1584 0.0704 -0.2514 -0.3300 -0.3627 -0.0002 0.2245 -0.1205 -0.2822 -0.3472 -0.3434 0.0848 0.2701 -0.1907 -0.3064 -0.3583 -0.2184 0.1502 0.1053 -0.2461 -0.3283 -0.3625 -0.0106 0.2191 -0.1130 -0.2803 -0.3461 -0.3472 0.0798 0.2700 -0.1864 -0.3047 -0.3577 -0.2337 0.1450 0.1303 -0.2419 -0.3267 -0.3624 -0.0257 0.1953 0.2368 0.1953 -0.0257 -0.3624 -0.3267 -0.2419 0.1303 0.1450 -0.2337 -0.3577 -0.3047 -0.1864 0.2700 0.0798 -0.3472 -0.3461 -0.2803 -0.1130 0.2191 -0.0106 -0.3625 -0.3283 -0.2461 0.1053 0.1502 -0.2184 -0.3583 -0.3064 -0.1907 0.2701 0.0848 -0.3434 -0.3472 -0.2822 -0.1205 0.2245 -0.0002 -0.3627 -0.3300 -0.2514 0.0704 0.1584 -0.1896 -0.3591 -0.3106 -0.2034 0.2593 0.1077 -0.3084 -0.3540 -0.2735
-0.3350 -0.2968 0.1127 0.2548 -0.2049 -0.3106 -0.3589 -0.1999 0.1540 0.0964 -0.2465 -0.3281 -0.3624 -0.0139 0.2171 -0.1095 -0.2794 -0.3455 -0.3490 0.0771 0.2696 -0.1840 -0.3037 -0.3574 -0.2417 0.1422 0.1438 -0.2396 -0.3259 -0.3622 -0.0273 0.2113 -0.1003 -0.2774 -0.3443 -0.3520 0.0719 0.2682 -0.1796 -0.3019 -0.3567 -0.2555 0.1372 0.1662 -0.2355 -0.3244 -0.3621 -0.0404 0.2043 -0.0626 -0.2226 -0.0626 0.2043 -0.0404 -0.3621 -0.3244 -0.2355 0.1662 0.1372 -0.2555 -0.3567 -0.3019 -0.1796 0.2682 0.0719 -0.3520 -0.3443 -0.2774 -0.1003 0.2113 -0.0273 -0.3622 -0.3259 -0.2396 0.1438 0.1422 -0.2417 -0.3574 -0.3037 -0.1840 0.2696 0.0771 -0.3490 -0.3455 -0.2794 -0.1095 0.2171 -0.0139 -0.3624 -0.3281 -0.2465 0.0964 0.1540 -0.1999 -0.3589 -0.3106 -0.2049 0.2548 0.1127 -0.2968 -0.3350
-0.2859 0.1196 0.2449 -0.2089 -0.3117 -0.3591 -0.1999 0.1524 0.1108 -0.2432 -0.3266 -0.3622 -0.0272 0.2106 -0.0980 -0.2767 -0.3438 -0.3532 0.0694 0.2672 -0.1772 -0.3010 -0.3564 -0.2625 0.1345 0.1777 -0.2332 -0.3235 -0.3619 -0.0465 0.2037 -0.0858 -0.2744 -0.3424 -0.3558 0.0636 0.2646 -0.1725 -0.2992 -0.3557 -0.2746 0.1296 0.1968 -0.2291 -0.3219 -0.3617 -0.0604 0.1985 -0.0702 -0.2677 -0.3157 -0.2677 -0.0702 0.1985 -0.0604 -0.3617 -0.3219 -0.2291 0.1968 0.1296 -0.2746 -0.3557 -0.2992 -0.1725 0.2646 0.0636 -0.3558 -0.3424 -0.2744 -0.0858 0.2037 -0.0465 -0.3619 -0.3235 -0.2332 0.1777 0.1345 -0.2625 -0.3564 -0.3010 -0.1772 0.2672 0.0694 -0.3532 -0.3438 -0.2767 -0.0980 0.2106 -0.0272 -0.3622 -0.3266 -0.2432 0.1108 0.1524 -0.1999 -0.3591 -0.3117 -0.2089 0.2449 0.1196 -0.2859
0.1216 0.2288 -0.2143 -0.3136 -0.3596 -0.1896 0.1540 0.1108 -0.2420 -0.3258 -0.3620 -0.0384 0.2054 -0.0868 -0.2743 -0.3421 -0.3564 0.0616 0.2633 -0.1703 -0.2983 -0.3553 -0.2804 0.1270 0.2058 -0.2269 -0.3211 -0.3616 -0.0684 0.1962 -0.0688 -0.2715 -0.3405 -0.3587 0.0548 0.2596 -0.1651 -0.2964 -0.3545 -0.2913 0.1221 0.2214 -0.2228 -0.3194 -0.3614 -0.0838 0.1915 -0.0550 -0.2687 -0.3405 -0.3756 -0.3405 -0.2687 -0.0550 0.1915 -0.0838 -0.3614 -0.3194 -0.2228 0.2214 0.1221 -0.2913 -0.3545 -0.2964 -0.1651 0.2596 0.0548 -0.3587 -0.3405 -0.2715 -0.0688 0.1962 -0.0684 -0.3616 -0.3211 -0.2269 0.2058 0.1270 -0.2804 -0.3553 -0.2983 -0.1703 0.2633 0.0616 -0.3564 -0.3421 -0.2743 -0.0868 0.2054 -0.0384 -0.3620 -0.3258 -0.2420 0.1108 0.1540 -0.1896 -0.3596 -0.3136 -0.2143 0.2288 0.1216
0.1997 -0.2205 -0.3160 -0.3602 -0.1708 0.1584 0.0964 -0.2432 -0.3258 -0.3620 -0.0448 0.2019 -0.0776 -0.2723 -0.3407 -0.3587 0.0541 0.2587 -0.1635 -0.2957 -0.3541 -0.2957 0.1198 0.2279 -0.2207 -0.3186 -0.3612 -0.0925 0.1890 -0.0487 -0.2685 -0.3385 -0.3607 0.0456 0.2536 -0.1574 -0.2936 -0.3532 -0.3056 0.1147 0.2401 -0.2164 -0.3169 -0.3609 -0.1097 0.1843 -0.0331 -0.2664 -0.3372 -0.3670 -0.1974 -0.3670 -0.3372 -0.2664 -0.0331 0.1843 -0.1097 -0.3609 -0.3169 -0.2164 0.2401 0.1147 -0.3056 -0.3532 -0.2936 -0.1574 0.2536 0.0456 -0.3607 -0.3385 -0.2685 -0.0487 0.1890 -0.0925 -0.3612 -0.3186 -0.2207 0.2279 0.1198 -0.2957 -0.3541 -0.2957 -0.1635 0.2587 0.0541 -0.3587 -0.3407 -0.2723 -0.0776 0.2019 -0.0448 -0.3620 -0.3258 -0.2432 0.0964 0.1584 -0.1708 -0.3602 -0.3160 -0.2205 0.1997
-0.2080 -0.3185 -0.3607 -0.1464 0.1651 0.0704 -0.2465 -0.3266 -0.3620 -0.0448 0.2007 -0.0724 -0.2710 -0.3396 -0.3601 0.0474 0.2540 -0.1570 -0.2932 -0.3529 -0.3085 0.1128 0.2444 -0.2146 -0.3161 -0.3608 -0.1185 0.1819 -0.0247 -0.2655 -0.3364 -0.3620 0.0356 0.2469 -0.1491 -0.2908 -0.3519 -0.3177 0.1073 0.2537 -0.2101 -0.3143 -0.3604 -0.1373 0.1763 -0.0056 -0.2635 -0.3350 -0.3626 0.0115 0.1403 0.0115 -0.3626 -0.3350 -0.2635 -0.0056 0.1763 -0.1373 -0.3604 -0.3143 -0.2101 0.2537 0.1073 -0.3177 -0.3519 -0.2908 -0.1491 0.2469 0.0356 -0.3620 -0.3364 -0.2655 -0.0247 0.1819 -0.1185 -0.3608 -0.3161 -0.2146 0.2444 0.1128 -0.3085 -0.3529 -0.2932 -0.1570 0.2540 0.0474 -0.3601 -0.3396 -0.2710 -0.0724 0.2007 -0.0448 -0.3620 -0.3266 -0.2465 0.0704 0.1651 -0.1464 -0.3607 -0.3185 -0.2080
-0.2975 -0.3613 -0.1196 0.1734 0.0379 -0.2514 -0.3281 -0.3622 -0.0384 0.2019 -0.0724 -0.2706 -0.3390 -0.3608 0.0423 0.2499 -0.1513 -0.2911 -0.3518 -0.3187 0.1062 0.2559 -0.2086 -0.3137 -0.3602 -0.1455 0.1737 0.0039 -0.2624 -0.3343 -0.3627 0.0248 0.2397 -0.1404 -0.2879 -0.3504 -0.3280 0.0999 0.2628 -0.2037 -0.3117 -0.3598 -0.1653 0.1673 0.0274 -0.2590 -0.3328 -0.3629 0.0137 0.2170 0.1747 0.2170 0.0137 -0.3629 -0.3328 -0.2590 0.0274 0.1673 -0.1653 -0.3598 -0.3117 -0.2037 0.2628 0.0999 -0.3280 -0.3504 -0.2879 -0.1404 0.2397 0.0248 -0.3627 -0.3343 -0.2624 0.0039 0.1737 -0.1455 -0.3602 -0.3137 -0.2086 0.2559 0.1062 -0.3187 -0.3518 -0.2911 -0.1513 0.2499 0.0423 -0.3608 -0.3390 -0.2706 -0.0724 0.2019 -0.0384 -0.3622 -0.3281 -0.2514 0.0379 0.1734 -0.1196 -0.3613 -0.2975
-0.3443 -0.0930 0.1816 0.0051 -0.2573 -0.3300 -0.3624 -0.0272 0.2054 -0.0776 -0.2710 -0.3390 -0.3610 0.0395 0.2472 -0.1469 -0.2894 -0.3508 -0.3265 0.1003 0.2631 -0.2030 -0.3113 -0.3596 -0.1722 0.1650 0.0375 -0.2575 -0.3322 -0.3629 0.0132 0.2323 -0.1311 -0.2851 -0.3488 -0.3364 0.0925 0.2680 -0.1973 -0.3091 -0.3591 -0.1927 0.1586 0.0651 -0.2527 -0.3306 -0.3628 0.0034 0.2249 -0.1049 -0.2358 -0.1049 0.2249 0.0034 -0.3628 -0.3306 -0.2527 0.0651 0.1586 -0.1927 -0.3591 -0.3091 -0.1973 0.2680 0.0925 -0.3364 -0.3488 -0.2851 -0.1311 0.2323 0.0132 -0.3629 -0.3322 -0.2575 0.0375 0.1650 -0.1722 -0.3596 -0.3113 -0.2030 0.2631 0.1003 -0.3265 -0.3508 -0.2894 -0.1469 0.2472 0.0395 -0.3610 -0.3390 -0.2710 -0.0776 0.2054 -0.0272 -0.3624 -0.3300 -0.2573 0.0051 0.1816 -0.0930 -0.3443
-0.0882 0.1892 -0.0239 -0.2622 -0.3321 -0.3627 -0.0139 0.2106 -0.0868 -0.2723 -0.3396 -0.3608 0.0395 0.2461 -0.1446 -0.2882 -0.3500 -0.3318 0.0953 0.2671 -0.1978 -0.3090 -0.3589 -0.1967 0.1569 0.0741 -0.2511 -0.3300 -0.3627 0.0001 0.2247 -0.1210 -0.2823 -0.3472 -0.3433 0.0850 0.2701 -0.1908 -0.3064 -0.3583 -0.2183 0.1503 0.1050 -0.2462 -0.3283 -0.3625 -0.0106 0.2188 -0.1097 -0.2759 -0.3234 -0.2759 -0.1097 0.2188 -0.0106 -0.3625 -0.3283 -0.2462 0.1050 0.1503 -0.2183 -0.3583 -0.3064 -0.1908 0.2701 0.0850 -0.3433 -0.3472 -0.2823 -0.1210 0.2247 0.0001 -0.3627 -0.3300 -0.2511 0.0741 0.1569 -0.1967 -0.3589 -0.3090 -0.1978 0.2671 0.0953 -0.3318 -0.3500 -0.2882 -0.1446 0.2461 0.0395 -0.3608 -0.3396 -0.2723 -0.0868 0.2106 -0.0139 -0.3627 -0.3321 -0.2622 -0.0239 0.1892 -0.0882
0.1927 -0.0484 -0.2655 -0.3342 -0.3629 -0.0002 0.2171 -0.0980 -0.2743 -0.3407 -0.3601 0.0423 0.2472 -0.1446 -0.2879 -0.3496 -0.3349 0.0917 0.2691 -0.1936 -0.3071 -0.3583 -0.2177 0.1498 0.1100 -0.2450 -0.3278 -0.3624 -0.0145 0.2171 -0.1097 -0.2795 -0.3456 -0.3488 0.0774 0.2696 -0.1842 -0.3038 -0.3574 -0.2415 0.1423 0.1434 -0.2397 -0.3259 -0.3622 -0.0272 0.2113 -0.0997 -0.2766 -0.3466 -0.3782 -0.3466 -0.2766 -0.0997 0.2113 -0.0272 -0.3622 -0.3259 -0.2397 0.1434 0.1423 -0.2415 -0.3574 -0.3038 -0.1842 0.2696 0.0774 -0.3488 -0.3456 -0.2795 -0.1097 0.2171 -0.0145 -0.3624 -0.3278 -0.2450 0.1100 0.1498 -0.2177 -0.3583 -0.3071 -0.1936 0.2691 0.0917 -0.3349 -0.3496 -0.2879 -0.1446 0.2472 0.0423 -0.3601 -0.3407 -0.2743 -0.0980 0.2171 -0.0002 -0.3629 -0.3342 -0.2655 -0.0484 0.1927
-0.0653 -0.2685 -0.3364 -0.3627 0.0127 0.2245 -0.1095 -0.2767 -0.3421 -0.3587 0.0474 0.2499 -0.1469 -0.2882 -0.3496 -0.3359 0.0898 0.2698 -0.1905 -0.3056 -0.3577 -0.2347 0.1437 0.1412 -0.2395 -0.3256 -0.3622 -0.0307 0.2097 -0.0971 -0.2766 -0.3438 -0.3532 0.0696 0.2673 -0.1775 -0.3011 -0.3564 -0.2620 0.1347 0.1772 -0.2333 -0.3235 -0.3619 -0.0464 0.2038 -0.0858 -0.2743 -0.3427 -0.3616 -0.1225 -0.3616 -0.3427 -0.2743 -0.0858 0.2038 -0.0464 -0.3619 -0.3235 -0.2333 0.1772 0.1347 -0.2620 -0.3564 -0.3011 -0.1775 0.2673 0.0696 -0.3532 -0.3438 -0.2766 -0.0971 0.2097 -0.0307 -0.3622 -0.3256 -0.2395 0.1412 0.1437 -0.2347 -0.3577 -0.3056 -0.1905 0.2698 0.0898 -0.3359 -0.3496 -0.2882 -0.1469 0.2499 0.0474 -0.3587 -0.3421 -0.2767 -0.1095 0.2245 0.0127 -0.3627 -0.3364 -0.2685 -0.0653
-0.2457 -0.3385 -0.3620 0.0247 0.2321 -0.1205 -0.2794 -0.3438 -0.3564 0.0541 0.2540 -0.1513 -0.2894 -0.3500 -0.3349 0.0898 0.2699 -0.1889 -0.3046 -0.3573 -0.2469 0.1387 0.1657 -0.2346 -0.3237 -0.3619 -0.0478 0.2028 -0.0832 -0.2738 -0.3420 -0.3566 0.0615 0.2634 -0.1705 -0.2984 -0.3553 -0.2798 0.1273 0.2051 -0.2271 -0.3211 -0.3616 -0.0679 0.1963 -0.0690 -0.2715 -0.3405 -0.3591 0.0407 0.1605 0.0407 -0.3591 -0.3405 -0.2715 -0.0690 0.1963 -0.0679 -0.3616 -0.3211 -0.2271 0.2051 0.1273 -0.2798 -0.3553 -0.2984 -0.1705 0.2634 0.0615 -0.3566 -0.3420 -0.2738 -0.0832 0.2028 -0.0478 -0.3619 -0.3237 -0.2346 0.1657 0.1387 -0.2469 -0.3573 -0.3046 -0.1889 0.2699 0.0898 -0.3349 -0.3500 -0.2894 -0.1513 0.2540 0.0541 -0.3564 -0.3438 -0.2794 -0.1205 0.2321 0.0247 -0.3620 -0.3385 -0.2457
-0.3182 -0.3608 0.0355 0.2396 -0.1308 -0.2822 -0.3455 -0.3532 0.0616 0.2587 -0.1570 -0.2911 -0.3508 -0.3318 0.0917 0.2698 -0.1889 -0.3043 -0.3570 -0.2541 0.1353 0.1829 -0.2307 -0.3220 -0.3616 -0.0651 0.1965 -0.0681 -0.2712 -0.3402 -0.3591 0.0530 0.2583 -0.1633 -0.2957 -0.3542 -0.2953 0.1201 0.2272 -0.2209 -0.3187 -0.3612 -0.0918 0.1892 -0.0491 -0.2685 -0.3385 -0.3607 0.0429 0.2396 0.0761 0.2396 0.0429 -0.3607 -0.3385 -0.2685 -0.0491 0.1892 -0.0918 -0.3612 -0.3187 -0.2209 0.2272 0.1201 -0.2953 -0.3542 -0.2957 -0.1633 0.2583 0.0530 -0.3591 -0.3402 -0.2712 -0.0681 0.1965 -0.0651 -0.3616 -0.3220 -0.2307 0.1829 0.1353 -0.2541 -0.3570 -0.3043 -0.1889 0.2698 0.0917 -0.3318 -0.3508 -0.2911 -0.1570 0.2587 0.0616 -0.3532 -0.3455 -0.2822 -0.1308 0.2396 0.0355 -0.3608 -0.3182
-0.3465 0.0457 0.2469 -0.1403 -0.2850 -0.3472 -0.3490 0.0694 0.2633 -0.1635 -0.2932 -0.3518 -0.3265 0.0953 0.2691 -0.1905 -0.3046 -0.3570 -0.2564 0.1335 0.1929 -0.2279 -0.3207 -0.3614 -0.0811 0.1912 -0.0525 -0.2687 -0.3384 -0.3608 0.0443 0.2526 -0.1558 -0.2930 -0.3529 -0.3087 0.1129 0.2440 -0.2148 -0.3162 -0.3608 -0.1176 0.1821 -0.0255 -0.2656 -0.3365 -0.3620 0.0352 0.2451 -0.1346 -0.2490 -0.1346 0.2451 0.0352 -0.3620 -0.3365 -0.2656 -0.0255 0.1821 -0.1176 -0.3608 -0.3162 -0.2148 0.2440 0.1129 -0.3087 -0.3529 -0.2930 -0.1558 0.2526 0.0443 -0.3608 -0.3384 -0.2687 -0.0525 0.1912 -0.0811 -0.3614 -0.3207 -0.2279 0.1929 0.1335 -0.2564 -0.3570 -0.3046 -0.1905 0.2691 0.0953 -0.3265 -0.3518 -0.2932 -0.1635 0.2633 0.0694 -0.3490 -0.3472 -0.2850 -0.1403 0.2469 0.0457 -0.3465
0.0464 0.2536 -0.1491 -0.2879 -0.3488 -0.3434 0.0771 0.2672 -0.1703 -0.2957 -0.3529 -0.3187 0.1003 0.2671 -0.1936 -0.3056 -0.3573 -0.2541 0.1335 0.1962 -0.2265 -0.3199 -0.3612 -0.0941 0.1869 -0.0373 -0.2665 -0.3368 -0.3619 0.0357 0.2465 -0.1482 -0.2904 -0.3516 -0.3199 0.1057 0.2561 -0.2086 -0.3137 -0.3603 -0.1446 0.1740 0.0029 -0.2626 -0.3344 -0.3627 0.0251 0.2396 -0.1382 -0.2840 -0.3311 -0.2840 -0.1382 0.2396 0.0251 -0.3627 -0.3344 -0.2626 0.0029 0.1740 -0.1446 -0.3603 -0.3137 -0.2086 0.2561 0.1057 -0.3199 -0.3516 -0.2904 -0.1482 0.2465 0.0357 -0.3619 -0.3368 -0.2665 -0.0373 0.1869 -0.0941 -0.3612 -0.3199 -0.2265 0.1962 0.1335 -0.2541 -0.3573 -0.3056 -0.1936 0.2671 0.1003 -0.3187 -0.3529 -0.2957 -0.1703 0.2672 0.0771 -0.3434 -0.3488 -0.2879 -0.1491 0.2536 0.0464
0.2542 -0.1573 -0.2908 -0.3504 -0.3365 0.0848 0.2696 -0.1772 -0.2983 -0.3541 -0.3085 0.1062 0.2631 -0.1978 -0.3071 -0.3577 -0.2469 0.1353 0.1929 -0.2265 -0.3196 -0.3611 -0.1027 0.1839 -0.0244 -0.2648 -0.3354 -0.3625 0.0275 0.2407 -0.1407 -0.2878 -0.3502 -0.3291 0.0987 0.2640 -0.2024 -0.3112 -0.3596 -0.1717 0.1652 0.0363 -0.2577 -0.3322 -0.3629 0.0136 0.2325 -0.1309 -0.2845 -0.3523 -0.3795 -0.3523 -0.2845 -0.1309 0.2325 0.0136 -0.3629 -0.3322 -0.2577 0.0363 0.1652 -0.1717 -0.3596 -0.3112 -0.2024 0.2640 0.0987 -0.3291 -0.3502 -0.2878 -0.1407 0.2407 0.0275 -0.3625 -0.3354 -0.2648 -0.0244 0.1839 -0.1027 -0.3611 -0.3196 -0.2265 0.1929 0.1353 -0.2469 -0.3577 -0.3071 -0.1978 0.2631 0.1062 -0.3085 -0.3541 -0.2983 -0.1772 0.2696 0.0848 -0.3365 -0.3504 -0.2908 -0.1573 0.2542
-0.1556 -0.2936 -0.3519 -0.3280 0.0924 0.2701 -0.1840 -0.3010 -0.3553 -0.2957 0.1128 0.2559 -0.2030 -0.3090 -0.3583 -0.2347 0.1387 0.1829 -0.2279 -0.3199 -0.3611 -0.1057 0.1823 -0.0155 -0.2635 -0.3344 -0.3628 0.0202 0.2354 -0.1336 -0.2855 -0.3489 -0.3365 0.0920 0.2684 -0.1963 -0.3086 -0.3589 -0.1979 0.1568 0.0738 -0.2512 -0.3301 -0.3627 0.0007 0.2250 -0.1212 -0.2822 -0.3477 -0.3508 -0.0542 -0.3508 -0.3477 -0.2822 -0.1212 0.2250 0.0007 -0.3627 -0.3301 -0.2512 0.0738 0.1568 -0.1979 -0.3589 -0.3086 -0.1963 0.2684 0.0920 -0.3365 -0.3489 -0.2855 -0.1336 0.2354 0.0202 -0.3628 -0.3344 -0.2635 -0.0155 0.1823 -0.1057 -0.3611 -0.3199 -0.2279 0.1829 0.1387 -0.2347 -0.3583 -0.3090 -0.2030 0.2559 0.1128 -0.2957 -0.3553 -0.3010 -0.1840 0.2701 0.0924 -0.3280 -0.3519 -0.2936 -0.1556
-0.2718 -0.3533 -0.3178 0.0998 0.2680 -0.1907 -0.3037 -0.3564 -0.2804 0.1198 0.2444 -0.2086 -0.3113 -0.3589 -0.2177 0.1437 0.1657 -0.2307 -0.3207 -0.3612 -0.1027 0.1823 -0.0124 -0.2629 -0.3337 -0.3629 0.0141 0.2310 -0.1274 -0.2835 -0.3477 -0.3421 0.0856 0.2701 -0.1904 -0.3061 -0.3581 -0.2220 0.1489 0.1124 -0.2449 -0.3278 -0.3625 -0.0139 0.2174 -0.1101 -0.2795 -0.3457 -0.3497 0.0650 0.1824 0.0650 -0.3497 -0.3457 -0.2795 -0.1101 0.2174 -0.0139 -0.3625 -0.3278 -0.2449 0.1124 0.1489 -0.2220 -0.3581 -0.3061 -0.1904 0.2701 0.0856 -0.3421 -0.3477 -0.2835 -0.1274 0.2310 0.0141 -0.3629 -0.3337 -0.2629 -0.0124 0.1823 -0.1027 -0.3612 -0.3207 -0.2307 0.1657 0.1437 -0.2177 -0.3589 -0.3113 -0.2086 0.2444 0.1198 -0.2804 -0.3564 -0.3037 -0.1907 0.2680 0.0998 -0.3178 -0.3533 -0.2718
-0.3342 -0.3058 0.1072 0.2628 -0.1972 -0.3064 -0.3574 -0.2625 0.1270 0.2279 -0.2146 -0.3137 -0.3596 -0.1967 0.1498 0.1412 -0.2346 -0.3220 -0.3614 -0.0941 0.1839 -0.0155 -0.2629 -0.3334 -0.3629 0.0102 0.2279 -0.1223 -0.2819 -0.3466 -0.3463 0.0799 0.2699 -0.1849 -0.3038 -0.3573 -0.2433 0.1414 0.1486 -0.2386 -0.3255 -0.3622 -0.0306 0.2099 -0.0976 -0.2767 -0.3439 -0.3532 0.0674 0.2606 -0.0204 0.2606 0.0674 -0.3532 -0.3439 -0.2767 -0.0976 0.2099 -0.0306 -0.3622 -0.3255 -0.2386 0.1486 0.1414 -0.2433 -0.3573 -0.3038 -0.1849 0.2699 0.0799 -0.3463 -0.3466 -0.2819 -0.1223 0.2279 0.0102 -0.3629 -0.3334 -0.2629 -0.0155 0.1839 -0.0941 -0.3614 -0.3220 -0.2346 0.1412 0.1498 -0.1967 -0.3596 -0.3137 -0.2146 0.2279 0.1270 -0.2625 -0.3574 -0.3064 -0.1972 0.2628 0.1072 -0.3058 -0.3342
-0.2943 0.1148 0.2538 -0.2037 -0.3091 -0.3583 -0.2417 0.1345 0.2058 -0.2207 -0.3161 -0.3602 -0.1722 0.1569 0.1100 -0.2395 -0.3237 -0.3616 -0.0811 0.1869 -0.0244 -0.2635 -0.3337 -0.3629 0.0088 0.2263 -0.1189 -0.2808 -0.3458 -0.3492 0.0750 0.2687 -0.1798 -0.3017 -0.3565 -0.2612 0.1345 0.1793 -0.2326 -0.3232 -0.3619 -0.0496 0.2025 -0.0831 -0.2739 -0.3421 -0.3565 0.0612 0.2623 -0.1588 -0.2616 -0.1588 0.2623 0.0612 -0.3565 -0.3421 -0.2739 -0.0831 0.2025 -0.0496 -0.3619 -0.3232 -0.2326 0.1793 0.1345 -0.2612 -0.3565 -0.3017 -0.1798 0.2687 0.0750 -0.3492 -0.3458 -0.2808 -0.1189 0.2263 0.0088 -0.3629 -0.3337 -0.2635 -0.0244 0.1869 -0.0811 -0.3616 -0.3237 -0.2395 0.1100 0.1569 -0.1722 -0.3602 -0.3161 -0.2207 0.2058 0.1345 -0.2417 -0.3583 -0.3091 -0.2037 0.2538 0.1148 -0.2943
0.1167 0.2403 -0.2101 -0.3117 -0.3591 -0.2184 0.1422 0.1777 -0.2269 -0.3186 -0.3608 -0.1455 0.1650 0.0741 -0.2450 -0.3256 -0.3619 -0.0651 0.1912 -0.0373 -0.2648 -0.3344 -0.3629 0.0102 0.2263 -0.1178 -0.2802 -0.3453 -0.3510 0.0713 0.2671 -0.1756 -0.2999 -0.3557 -0.2756 0.1284 0.2035 -0.2271 -0.3209 -0.3615 -0.0708 0.1953 -0.0662 -0.2710 -0.3402 -0.3591 0.0531 0.2582 -0.1615 -0.2923 -0.3387 -0.2923 -0.1615 0.2582 0.0531 -0.3591 -0.3402 -0.2710 -0.0662 0.1953 -0.0708 -0.3615 -0.3209 -0.2271 0.2035 0.1284 -0.2756 -0.3557 -0.2999 -0.1756 0.2671 0.0713 -0.3510 -0.3453 -0.2802 -0.1178 0.2263 0.0102 -0.3629 -0.3344 -0.2648 -0.0373 0.1912 -0.0651 -0.3619 -0.3256 -0.2450 0.0741 0.1650 -0.1455 -0.3608 -0.3186 -0.2269 0.1777 0.1422 -0.2184 -0.3591 -0.3117 -0.2101 0.2403 0.1167
0.2145 -0.2164 -0.3143 -0.3598 -0.1929 0.1502 0.1438 -0.2332 -0.3211 -0.3612 -0.1185 0.1737 0.0375 -0.2511 -0.3278 -0.3622 -0.0478 0.1965 -0.0525 -0.2665 -0.3354 -0.3628 0.0141 0.2279 -0.1189 -0.2802 -0.3451 -0.3519 0.0689 0.2657 -0.1723 -0.2984 -0.3550 -0.2868 0.1230 0.2217 -0.2220 -0.3188 -0.3612 -0.0931 0.1885 -0.0466 -0.2681 -0.3382 -0.3609 0.0441 0.2525 -0.1555 -0.2925 -0.3576 -0.3794 -0.3576 -0.2925 -0.1555 0.2525 0.0441 -0.3609 -0.3382 -0.2681 -0.0466 0.1885 -0.0931 -0.3612 -0.3188 -0.2220 0.2217 0.1230 -0.2868 -0.3550 -0.2984 -0.1723 0.2657 0.0689 -0.3519 -0.3451 -0.2802 -0.1189 0.2279 0.0141 -0.3628 -0.3354 -0.2665 -0.0525 0.1965 -0.0478 -0.3622 -0.3278 -0.2511 0.0375 0.1737 -0.1185 -0.3612 -0.3211 -0.2332 0.1438 0.1502 -0.1929 -0.3598 -0.3143 -0.2164 0.2145
-0.2048 -0.3169 -0.3604 -0.1656 0.1585 0.1053 -0.2396 -0.3235 -0.3616 -0.0925 0.1819 0.0039 -0.2575 -0.3300 -0.3624 -0.0307 0.2028 -0.0681 -0.2687 -0.3368 -0.3625 0.0202 0.2310 -0.1223 -0.2808 -0.3453 -0.3519 0.0680 0.2649 -0.1702 -0.2973 -0.3545 -0.2951 0.1185 0.2346 -0.2175 -0.3169 -0.3608 -0.1152 0.1823 -0.0245 -0.2654 -0.3362 -0.3621 0.0344 0.2460 -0.1478 -0.2902 -0.3522 -0.3321 -0.0049 -0.3321 -0.3522 -0.2902 -0.1478 0.2460 0.0344 -0.3621 -0.3362 -0.2654 -0.0245 0.1823 -0.1152 -0.3608 -0.3169 -0.2175 0.2346 0.1185 -0.2951 -0.3545 -0.2973 -0.1702 0.2649 0.0680 -0.3519 -0.3453 -0.2808 -0.1223 0.2310 0.0202 -0.3625 -0.3368 -0.2687 -0.0681 0.2028 -0.0307 -0.3624 -0.3300 -0.2575 0.0039 0.1819 -0.0925 -0.3616 -0.3235 -0.2396 0.1053 0.1585 -0.1656 -0.3604 -0.3169 -0.2048
-0.2958 -0.3610 -0.1376 0.1672 0.0655 -0.2461 -0.3259 -0.3619 -0.0684 0.1890 -0.0247 -0.2624 -0.3322 -0.3627 -0.0145 0.2097 -0.0832 -0.2712 -0.3384 -0.3619 0.0275 0.2354 -0.1274 -0.2819 -0.3458 -0.3510 0.0689 0.2649 -0.1695 -0.2968 -0.3541 -0.3004 0.1152 0.2433 -0.2137 -0.3153 -0.3604 -0.1360 0.1758 -0.0003 -0.2627 -0.3343 -0.3627 0.0240 0.2390 -0.1393 -0.2875 -0.3503 -0.3314 0.0864 0.2035 0.0864 -0.3314 -0.3503 -0.2875 -0.1393 0.2390 0.0240 -0.3627 -0.3343 -0.2627 -0.0003 0.1758 -0.1360 -0.3604 -0.3153 -0.2137 0.2433 0.1152 -0.3004 -0.3541 -0.2968 -0.1695 0.2649 0.0689 -0.3510 -0.3458 -0.2819 -0.1274 0.2354 0.0275 -0.3619 -0.3384 -0.2712 -0.0832 0.2097 -0.0145 -0.3627 -0.3322 -0.2624 -0.0247 0.1890 -0.0684 -0.3619 -0.3259 -0.2461 0.0655 0.1672 -0.1376 -0.3610 -0.2958
-0.3438 -0.1099 0.1762 0.0276 -0.2527 -0.3283 -0.3622 -0.0465 0.1962 -0.0487 -0.2655 -0.3343 -0.3629 0.0001 0.2171 -0.0971 -0.2738 -0.3402 -0.3608 0.0357 0.2407 -0.1336 -0.2835 -0.3466 -0.3492 0.0713 0.2657 -0.1702 -0.2968 -0.3540 -0.3030 0.1132 0.2484 -0.2109 -0.3139 -0.3601 -0.1542 0.1694 0.0246 -0.2590 -0.3324 -0.3629 0.0133 0.2321 -0.1304 -0.2848 -0.3487 -0.3377 0.0891 0.2706 -0.0822 0.2706 0.0891 -0.3377 -0.3487 -0.2848 -0.1304 0.2321 0.0133 -0.3629 -0.3324 -0.2590 0.0246 0.1694 -0.1542 -0.3601 -0.3139 -0.2109 0.2484 0.1132 -0.3030 -0.3540 -0.2968 -0.1702 0.2657 0.0713 -0.3492 -0.3466 -0.2835 -0.1336 0.2407 0.0357 -0.3608 -0.3402 -0.2738 -0.0971 0.2171 0.0001 -0.3629 -0.3343 -0.2655 -0.0487 0.1962 -0.0465 -0.3622 -0.3283 -0.2527 0.0276 0.1762 -0.1099 -0.3438
-0.1043 0.1846 -0.0055 -0.2590 -0.3306 -0.3625 -0.0273 0.2037 -0.0688 -0.2685 -0.3364 -0.3627 0.0132 0.2247 -0.1097 -0.2766 -0.3420 -0.3591 0.0443 0.2465 -0.1407 -0.2855 -0.3477 -0.3463 0.0750 0.2671 -0.1723 -0.2973 -0.3541 -0.3030 0.1125 0.2508 -0.2092 -0.3130 -0.3598 -0.1684 0.1643 0.0479 -0.2545 -0.3308 -0.3628 0.0024 0.2254 -0.1212 -0.2822 -0.3471 -0.3438 0.0837 0.2703 -0.1796 -0.2704 -0.1796 0.2703 0.0837 -0.3438 -0.3471 -0.2822 -0.1212 0.2254 0.0024 -0.3628 -0.3308 -0.2545 0.0479 0.1643 -0.1684 -0.3598 -0.3130 -0.2092 0.2508 0.1125 -0.3030 -0.3541 -0.2973 -0.1723 0.2671 0.0750 -0.3463 -0.3477 -0.2855 -0.1407 0.2465 0.0443 -0.3591 -0.3420 -0.2766 -0.1097 0.2247 0.0132 -0.3627 -0.3364 -0.2685 -0.0688 0.2037 -0.0273 -0.3625 -0.3306 -0.2590 -0.0055 0.1846 -0.1043
0.1880 -0.0332 -0.2635 -0.3328 -0.3628 -0.0106 0.2113 -0.0858 -0.2715 -0.3385 -0.3620 0.0248 0.2323 -0.1210 -0.2795 -0.3438 -0.3566 0.0530 0.2526 -0.1482 -0.2878 -0.3489 -0.3421 0.0799 0.2687 -0.1756 -0.2984 -0.3545 -0.3004 0.1132 0.2508 -0.2086 -0.3125 -0.3596 -0.1782 0.1605 0.0675 -0.2507 -0.3294 -0.3626 -0.0083 0.2193 -0.1119 -0.2797 -0.3456 -0.3489 0.0769 0.2694 -0.1818 -0.3005 -0.3460 -0.3005 -0.1818 0.2694 0.0769 -0.3489 -0.3456 -0.2797 -0.1119 0.2193 -0.0083 -0.3626 -0.3294 -0.2507 0.0675 0.1605 -0.1782 -0.3596 -0.3125 -0.2086 0.2508 0.1132 -0.3004 -0.3545 -0.2984 -0.1756 0.2687 0.0799 -0.3421 -0.3489 -0.2878 -0.1482 0.2526 0.0530 -0.3566 -0.3438 -0.2795 -0.1210 0.2323 0.0248 -0.3620 -0.3385 -0.2715 -0.0858 0.2113 -0.0106 -0.3628 -0.3328 -0.2635 -0.0332 0.1880
-0.0532 -0.2666 -0.3350 -0.3629 0.0041 0.2191 -0.1003 -0.2744 -0.3405 -0.3607 0.0356 0.2397 -0.1311 -0.2823 -0.3456 -0.3532 0.0615 0.2583 -0.1558 -0.2904 -0.3502 -0.3365 0.0856 0.2699 -0.1798 -0.2999 -0.3550 -0.2951 0.1152 0.2484 -0.2092 -0.3125 -0.3596 -0.1832 0.1582 0.0815 -0.2479 -0.3282 -0.3624 -0.0183 0.2139 -0.1027 -0.2775 -0.3441 -0.3527 0.0700 0.2672 -0.1768 -0.3004 -0.3621 -0.3764 -0.3621 -0.3004 -0.1768 0.2672 0.0700 -0.3527 -0.3441 -0.2775 -0.1027 0.2139 -0.0183 -0.3624 -0.3282 -0.2479 0.0815 0.1582 -0.1832 -0.3596 -0.3125 -0.2092 0.2484 0.1152 -0.2951 -0.3550 -0.2999 -0.1798 0.2699 0.0856 -0.3365 -0.3502 -0.2904 -0.1558 0.2583 0.0615 -0.3532 -0.3456 -0.2823 -0.1311 0.2397 0.0356 -0.3607 -0.3405 -0.2744 -0.1003 0.2191 0.0041 -0.3629 -0.3350 -0.2666 -0.0532
-0.2437 -0.3372 -0.3625 0.0170 0.2270 -0.1130 -0.2774 -0.3424 -0.3587 0.0456 0.2469 -0.1404 -0.2851 -0.3472 -0.3488 0.0696 0.2634 -0.1633 -0.2930 -0.3516 -0.3291 0.0920 0.2701 -0.1849 -0.3017 -0.3557 -0.2868 0.1185 0.2433 -0.2109 -0.3130 -0.3596 -0.1832 0.1574 0.0888 -0.2462 -0.3274 -0.3623 -0.0267 0.2096 -0.0942 -0.2755 -0.3428 -0.3556 0.0633 0.2640 -0.1709 -0.2983 -0.3559 -0.3013 0.0296 -0.3013 -0.3559 -0.2983 -0.1709 0.2640 0.0633 -0.3556 -0.3428 -0.2755 -0.0942 0.2096 -0.0267 -0.3623 -0.3274 -0.2462 0.0888 0.1574 -0.1832 -0.3596 -0.3130 -0.2109 0.2433 0.1185 -0.2868 -0.3557 -0.3017 -0.1849 0.2701 0.0920 -0.3291 -0.3516 -0.2930 -0.1633 0.2634 0.0696 -0.3488 -0.3472 -0.2851 -0.1404 0.2469 0.0456 -0.3587 -0.3424 -0.2774 -0.1130 0.2270 0.0170 -0.3625 -0.3372 -0.2437
-0.3168 -0.3617 0.0287 0.2348 -0.1242 -0.2803 -0.3443 -0.3558 0.0548 0.2536 -0.1491 -0.2879 -0.3488 -0.3433 0.0774 0.2673 -0.1705 -0.2957 -0.3529 -0.3199 0.0987 0.2684 -0.1904 -0.3038 -0.3565 -0.2756 0.1230 0.2346 -0.2137 -0.3139 -0.3598 -0.1782 0.1582 0.0888 -0.2456 -0.3270 -0.3622 -0.0330 0.2064 -0.0869 -0.2739 -0.3416 -0.3576 0.0571 0.2602 -0.1650 -0.2961 -0.3543 -0.2988 0.1068 0.2257 0.1068 -0.2988 -0.3543 -0.2961 -0.1650 0.2602 0.0571 -0.3576 -0.3416 -0.2739 -0.0869 0.2064 -0.0330 -0.3622 -0.3270 -0.2456 0.0888 0.1582 -0.1782 -0.3598 -0.3139 -0.2137 0.2346 0.1230 -0.2756 -0.3565 -0.3038 -0.1904 0.2684 0.0987 -0.3199 -0.3529 -0.2957 -0.1705 0.2673 0.0774 -0.3433 -0.3488 -0.2879 -0.1491 0.2536 0.0548 -0.3558 -0.3443 -0.2803 -0.1242 0.2348 0.0287 -0.3617 -0.3168
-0.3473 0.0393 0.2423 -0.1343 -0.2832 -0.3461 -0.3520 0.0636 0.2596 -0.1574 -0.2908 -0.3504 -0.3364 0.0850 0.2696 -0.1775 -0.2984 -0.3542 -0.3087 0.1057 0.2640 -0.1963 -0.3061 -0.3573 -0.2612 0.1284 0.2217 -0.2175 -0.3153 -0.3601 -0.1684 0.1605 0.0815 -0.2462 -0.3270 -0.3622 -0.0363 0.2045 -0.0816 -0.2726 -0.3407 -0.3590 0.0516 0.2564 -0.1596 -0.2940 -0.3532 -0.3074 0.1109 0.2630 -0.1234 0.2630 0.1109 -0.3074 -0.3532 -0.2940 -0.1596 0.2564 0.0516 -0.3590 -0.3407 -0.2726 -0.0816 0.2045 -0.0363 -0.3622 -0.3270 -0.2462 0.0815 0.1605 -0.1684 -0.3601 -0.3153 -0.2175 0.2217 0.1284 -0.2612 -0.3573 -0.3061 -0.1963 0.2640 0.1057 -0.3087 -0.3542 -0.2984 -0.1775 0.2696 0.0850 -0.3364 -0.3504 -0.2908 -0.1574 0.2596 0.0636 -0.3520 -0.3461 -0.2832 -0.1343 0.2423 0.0393 -0.3473
0.0400 0.2493 -0.1435 -0.2861 -0.3478 -0.3472 0.0719 0.2646 -0.1651 -0.2936 -0.3519 -0.3280 0.0925 0.2701 -0.1842 -0.3011 -0.3553 -0.2953 0.1129 0.2561 -0.2024 -0.3086 -0.3581 -0.2433 0.1345 0.2035 -0.2220 -0.3169 -0.3604 -0.1542 0.1643 0.0675 -0.2479 -0.3274 -0.3622 -0.0363 0.2038 -0.0787 -0.2719 -0.3400 -0.3599 0.0470 0.2530 -0.1547 -0.2921 -0.3523 -0.3161 0.1071 0.2574 -0.1998 -0.2796 -0.1998 0.2574 0.1071 -0.3161 -0.3523 -0.2921 -0.1547 0.2530 0.0470 -0.3599 -0.3400 -0.2719 -0.0787 0.2038 -0.0363 -0.3622 -0.3274 -0.2479 0.0675 0.1643 -0.1542 -0.3604 -0.3169 -0.2220 0.2035 0.1345 -0.2433 -0.3581 -0.3086 -0.2024 0.2561 0.1129 -0.2953 -0.3553 -0.3011 -0.1842 0.2701 0.0925 -0.3280 -0.3519 -0.2936 -0.1651 0.2646 0.0719 -0.3472 -0.3478 -0.2861 -0.1435 0.2493 0.0400
0.2507 -0.1521 -0.2889 -0.3494 -0.3411 0.0798 0.2682 -0.1725 -0.2964 -0.3532 -0.3177 0.0999 0.2680 -0.1908 -0.3038 -0.3564 -0.2798 0.1201 0.2440 -0.2086 -0.3112 -0.3589 -0.2220 0.1414 0.1793 -0.2271 -0.3188 -0.3608 -0.1360 0.1694 0.0479 -0.2507 -0.3282 -0.3623 -0.0330 0.2045 -0.0787 -0.2716 -0.3397 -0.3604 0.0438 0.2502 -0.1507 -0.2906 -0.3514 -0.3231 0.1023 0.2618 -0.2026 -0.3094 -0.3535 -0.3094 -0.2026 0.2618 0.1023 -0.3231 -0.3514 -0.2906 -0.1507 0.2502 0.0438 -0.3604 -0.3397 -0.2716 -0.0787 0.2045 -0.0330 -0.3623 -0.3282 -0.2507 0.0479 0.1694 -0.1360 -0.3608 -0.3188 -0.2271 0.1793 0.1414 -0.2220 -0.3589 -0.3112 -0.2086 0.2440 0.1201 -0.2798 -0.3564 -0.3038 -0.1908 0.2680 0.0999 -0.3177 -0.3532 -0.2964 -0.1725 0.2682 0.0798 -0.3411 -0.3494 -0.2889 -0.1521 0.2507
-0.1512 -0.2918 -0.3509 -0.3336 0.0876 0.2700 -0.1796 -0.2992 -0.3545 -0.3056 0.1073 0.2628 -0.1973 -0.3064 -0.3574 -0.2620 0.1273 0.2272 -0.2148 -0.3137 -0.3596 -0.1979 0.1489 0.1486 -0.2326 -0.3209 -0.3612 -0.1152 0.1758 0.0246 -0.2545 -0.3294 -0.3624 -0.0267 0.2064 -0.0816 -0.2719 -0.3397 -0.3605 0.0422 0.2485 -0.1479 -0.2894 -0.3507 -0.3283 0.0980 0.2657 -0.1994 -0.3093 -0.3661 -0.3664 -0.3661 -0.3093 -0.1994 0.2657 0.0980 -0.3283 -0.3507 -0.2894 -0.1479 0.2485 0.0422 -0.3605 -0.3397 -0.2719 -0.0816 0.2064 -0.0267 -0.3624 -0.3294 -0.2545 0.0246 0.1758 -0.1152 -0.3612 -0.3209 -0.2326 0.1486 0.1489 -0.1979 -0.3596 -0.3137 -0.2148 0.2272 0.1273 -0.2620 -0.3574 -0.3064 -0.1973 0.2628 0.1073 -0.3056 -0.3545 -0.2992 -0.1796 0.2700 0.0876 -0.3336 -0.3509 -0.2918 -0.1512
-0.2699 -0.3524 -0.3246 0.0951 0.2697 -0.1864 -0.3019 -0.3557 -0.2913 0.1147 0.2537 -0.2037 -0.3091 -0.3583 -0.2415 0.1347 0.2051 -0.2209 -0.3162 -0.3603 -0.1717 0.1568 0.1124 -0.2386 -0.3232 -0.3615 -0.0931 0.1823 -0.0003 -0.2590 -0.3308 -0.3626 -0.0183 0.2096 -0.0869 -0.2726 -0.3400 -0.3604 0.0422 0.2480 -0.1465 -0.2887 -0.3502 -0.3319 0.0944 0.2680 -0.1958 -0.3079 -0.3593 -0.2431 0.0592 -0.2431 -0.3593 -0.3079 -0.1958 0.2680 0.0944 -0.3319 -0.3502 -0.2887 -0.1465 0.2480 0.0422 -0.3604 -0.3400 -0.2726 -0.0869 0.2096 -0.0183 -0.3626 -0.3308 -0.2590 -0.0003 0.1823 -0.0931 -0.3615 -0.3232 -0.2386 0.1124 0.1568 -0.1717 -0.3603 -0.3162 -0.2209 0.2051 0.1347 -0.2415 -0.3583 -0.3091 -0.2037 0.2537 0.1147 -0.2913 -0.3557 -0.3019 -0.1864 0.2697 0.0951 -0.3246 -0.3524 -0.2699
-0.3332 -0.3138 0.1025 0.2666 -0.1930 -0.3047 -0.3567 -0.2746 0.1221 0.2401 -0.2101 -0.3117 -0.3591 -0.2183 0.1423 0.1772 -0.2271 -0.3187 -0.3608 -0.1446 0.1652 0.0738 -0.2449 -0.3255 -0.3619 -0.0708 0.1885 -0.0245 -0.2627 -0.3324 -0.3628 -0.0083 0.2139 -0.0942 -0.2739 -0.3407 -0.3599 0.0438 0.2485 -0.1465 -0.2885 -0.3499 -0.3340 0.0920 0.2692 -0.1927 -0.3065 -0.3582 -0.2334 0.1307 0.2497 0.1307 -0.2334 -0.3582 -0.3065 -0.1927 0.2692 0.0920 -0.3340 -0.3499 -0.2885 -0.1465 0.2485 0.0438 -0.3599 -0.3407 -0.2739 -0.0942 0.2139 -0.0083 -0.3628 -0.3324 -0.2627 -0.0245 0.1885 -0.0708 -0.3619 -0.3255 -0.2449 0.0738 0.1652 -0.1446 -0.3608 -0.3187 -0.2271 0.1772 0.1423 -0.2183 -0.3591 -0.3117 -0.2101 0.2401 0.1221 -0.2746 -0.3567 -0.3047 -0.1930 0.2666 0.1025 -0.3138 -0.3332
-0.3021 0.1101 0.2601 -0.1996 -0.3074 -0.3577 -0.2555 0.1296 0.2214 -0.2164 -0.3143 -0.3598 -0.1927 0.1503 0.1434 -0.2333 -0.3211 -0.3612 -0.1176 0.1740 0.0363 -0.2512 -0.3278 -0.3622 -0.0496 0.1953 -0.0466 -0.2654 -0.3343 -0.3629 0.0024 0.2193 -0.1027 -0.2755 -0.3416 -0.3590 0.0470 0.2502 -0.1479 -0.2887 -0.3499 -0.3346 0.0907 0.2697 -0.1905 -0.3054 -0.3577 -0.2411 0.1382 0.2070 -0.1601 0.2070 0.1382 -0.2411 -0.3577 -0.3054 -0.1905 0.2697 0.0907 -0.3346 -0.3499 -0.2887 -0.1479 0.2502 0.0470 -0.3590 -0.3416 -0.2755 -0.1027 0.2193 0.0024 -0.3629 -0.3343 -0.2654 -0.0466 0.1953 -0.0496 -0.3622 -0.3278 -0.2512 0.0363 0.1740 -0.1176 -0.3612 -0.3211 -0.2333 0.1434 0.1503 -0.1927 -0.3598 -0.3143 -0.2164 0.2214 0.1296 -0.2555 -0.3577 -0.3074 -0.1996 0.2601 0.1101 -0.3021
0.1118 0.2495 -0.2060 -0.3100 -0.3586 -0.2337 0.1372 0.1968 -0.2228 -0.3169 -0.3604 -0.1653 0.1586 0.1050 -0.2397 -0.3235 -0.3616 -0.0918 0.1821 0.0029 -0.2577 -0.3301 -0.3625 -0.0306 0.2025 -0.0662 -0.2681 -0.3362 -0.3627 0.0133 0.2254 -0.1119 -0.2775 -0.3428 -0.3576 0.0516 0.2530 -0.1507 -0.2894 -0.3502 -0.3340 0.0907 0.2698 -0.1895 -0.3048 -0.3573 -0.2489 0.1369 0.1823 -0.2239 -0.2910 -0.2239 0.1823 0.1369 -0.2489 -0.3573 -0.3048 -0.1895 0.2698 0.0907 -0.3340 -0.3502 -0.2894 -0.1507 0.2530 0.0516 -0.3576 -0.3428 -0.2775 -0.1119 0.2254 0.0133 -0.3627 -0.3362 -0.2681 -0.0662 0.2025 -0.0306 -0.3625 -0.3301 -0.2577 0.0029 0.1821 -0.0918 -0.3616 -0.3235 -0.2397 0.1050 0.1586 -0.1653 -0.3604 -0.3169 -0.2228 0.1968 0.1372 -0.2337 -0.3586 -0.3100 -0.2060 0.2495 0.1118
0.2271 -0.2124 -0.3126 -0.3593 -0.2095 0.1450 0.1662 -0.2291 -0.3194 -0.3609 -0.1373 0.1673 0.0651 -0.2462 -0.3259 -0.3619 -0.0679 0.1892 -0.0255 -0.2626 -0.3322 -0.3627 -0.0139 0.2099 -0.0831 -0.2710 -0.3382 -0.3621 0.0240 0.2321 -0.1212 -0.2797 -0.3441 -0.3556 0.0571 0.2564 -0.1547 -0.2906 -0.3507 -0.3319 0.0920 0.2697 -0.1895 -0.3045 -0.3571 -0.2539 0.1348 0.1876 -0.2282 -0.3202 -0.3620 -0.3202 -0.2282 0.1876 0.1348 -0.2539 -0.3571 -0.3045 -0.1895 0.2697 0.0920 -0.3319 -0.3507 -0.2906 -0.1547 0.2564 0.0571 -0.3556 -0.3441 -0.2797 -0.1212 0.2321 0.0240 -0.3621 -0.3382 -0.2710 -0.0831 0.2099 -0.0139 -0.3627 -0.3322 -0.2626 -0.0255 0.1892 -0.0679 -0.3619 -0.3259 -0.2462 0.0651 0.1673 -0.1373 -0.3609 -0.3194 -0.2291 0.1662 0.1450 -0.2095 -0.3593 -0.3126 -0.2124 0.2271
-0.2015 -0.3153 -0.3600 -0.1832 0.1531 0.1303 -0.2355 -0.3219 -0.3614 -0.1097 0.1763 0.0274 -0.2527 -0.3283 -0.3622 -0.0464 0.1963 -0.0491 -0.2656 -0.3344 -0.3629 0.0007 0.2174 -0.0976 -0.2739 -0.3402 -0.3609 0.0344 0.2390 -0.1304 -0.2822 -0.3456 -0.3527 0.0633 0.2602 -0.1596 -0.2921 -0.3514 -0.3283 0.0944 0.2692 -0.1905 -0.3048 -0.3571 -0.2556 0.1337 0.1936 -0.2272 -0.3202 -0.3690 -0.3378 -0.3690 -0.3202 -0.2272 0.1936 0.1337 -0.2556 -0.3571 -0.3048 -0.1905 0.2692 0.0944 -0.3283 -0.3514 -0.2921 -0.1596 0.2602 0.0633 -0.3527 -0.3456 -0.2822 -0.1304 0.2390 0.0344 -0.3609 -0.3402 -0.2739 -0.0976 0.2174 0.0007 -0.3629 -0.3344 -0.2656 -0.0491 0.1963 -0.0464 -0.3622 -0.3283 -0.2527 0.0274 0.1763 -0.1097 -0.3614 -0.3219 -0.2355 0.1303 0.1531 -0.1832 -0.3600 -0.3153 -0.2015
-0.2941 -0.3606 -0.1555 0.1616 0.0911 -0.2419 -0.3244 -0.3617 -0.0838 0.1843 -0.0056 -0.2590 -0.3306 -0.3625 -0.0272 0.2038 -0.0690 -0.2685 -0.3365 -0.3627 0.0136 0.2250 -0.1101 -0.2767 -0.3421 -0.3591 0.0441 0.2460 -0.1393 -0.2848 -0.3471 -0.3489 0.0700 0.2640 -0.1650 -0.2940 -0.3523 -0.3231 0.0980 0.2680 -0.1927 -0.3054 -0.3573 -0.2539 0.1337 0.1958 -0.2264 -0.3198 -0.3619 -0.1330 0.0902 -0.1330 -0.3619 -0.3198 -0.2264 0.1958 0.1337 -0.2539 -0.3573 -0.3054 -0.1927 0.2680 0.0980 -0.3231 -0.3523 -0.2940 -0.1650 0.2640 0.0700 -0.3489 -0.3471 -0.2848 -0.1393 0.2460 0.0441 -0.3591 -0.3421 -0.2767 -0.1101 0.2250 0.0136 -0.3627 -0.3365 -0.2685 -0.0690 0.2038 -0.0272 -0.3625 -0.3306 -0.2590 -0.0056 0.1843 -0.0838 -0.3617 -0.3244 -0.2419 0.0911 0.1616 -0.1555 -0.3606 -0.2941
-0.3433 -0.1278 0.1703 0.0519 -0.2484 -0.3267 -0.3621 -0.0604 0.1915 -0.0331 -0.2635 -0.3328 -0.3628 -0.0106 0.2113 -0.0858 -0.2715 -0.3385 -0.3620 0.0251 0.2325 -0.1212 -0.2795 -0.3439 -0.3565 0.0531 0.2525 -0.1478 -0.2875 -0.3487 -0.3438 0.0769 0.2672 -0.1709 -0.2961 -0.3532 -0.3161 0.1023 0.2657 -0.1958 -0.3065 -0.3577 -0.2489 0.1348 0.1936 -0.2264 -0.3196 -0.3613 -0.1105 0.1639 0.2660 0.1639 -0.1105 -0.3613 -0.3196 -0.2264 0.1936 0.1348 -0.2489 -0.3577 -0.3065 -0.1958 0.2657 0.1023 -0.3161 -0.3532 -0.2961 -0.1709 0.2672 0.0769 -0.3438 -0.3487 -0.2875 -0.1478 0.2525 0.0531 -0.3565 -0.3439 -0.2795 -0.1212 0.2325 0.0251 -0.3620 -0.3385 -0.2715 -0.0858 0.2113 -0.0106 -0.3628 -0.3328 -0.2635 -0.0331 0.1915 -0.0604 -0.3621 -0.3267 -0.2484 0.0519 0.1703 -0.1278 -0.3433
-0.1228 0.1789 0.0172 -0.2548 -0.3291 -0.3624 -0.0404 0.1985 -0.0550 -0.2664 -0.3350 -0.3629 0.0034 0.2188 -0.0997 -0.2743 -0.3405 -0.3607 0.0352 0.2396 -0.1309 -0.2822 -0.3457 -0.3532 0.0612 0.2582 -0.1555 -0.2902 -0.3503 -0.3377 0.0837 0.2694 -0.1768 -0.2983 -0.3543 -0.3074 0.1071 0.2618 -0.1994 -0.3079 -0.3582 -0.2411 0.1369 0.1876 -0.2272 -0.3198 -0.3613 -0.1087 0.1783 0.0417 -0.1991 0.0417 0.1783 -0.1087 -0.3613 -0.3198 -0.2272 0.1876 0.1369 -0.2411 -0.3582 -0.3079 -0.1994 0.2618 0.1071 -0.3074 -0.3543 -0.2983 -0.1768 0.2694 0.0837 -0.3377 -0.3503 -0.2902 -0.1555 0.2582 0.0612 -0.3532 -0.3457 -0.2822 -0.1309 0.2396 0.0352 -0.3607 -0.3405 -0.2743 -0.0997 0.2188 0.0034 -0.3629 -0.3350 -0.2664 -0.0550 0.1985 -0.0404 -0.3624 -0.3291 -0.2548 0.0172 0.1789 -0.1228
0.1806 -0.0072 -0.2598 -0.3313 -0.3627 -0.0257 0.2043 -0.0702 -0.2687 -0.3372 -0.3626 0.0137 0.2249 -0.1097 -0.2766 -0.3427 -0.3591 0.0429 0.2451 -0.1382 -0.2845 -0.3477 -0.3497 0.0674 0.2623 -0.1615 -0.2925 -0.3522 -0.3314 0.0891 0.2703 -0.1818 -0.3004 -0.3559 -0.2988 0.1109 0.2574 -0.2026 -0.3093 -0.3593 -0.2334 0.1382 0.1823 -0.2282 -0.3202 -0.3619 -0.1105 0.1783 0.0044 -0.2547 -0.3051 -0.2547 0.0044 0.1783 -0.1105 -0.3619 -0.3202 -0.2282 0.1823 0.1382 -0.2334 -0.3593 -0.3093 -0.2026 0.2574 0.1109 -0.2988 -0.3559 -0.3004 -0.1818 0.2703 0.0891 -0.3314 -0.3522 -0.2925 -0.1615 0.2623 0.0674 -0.3497 -0.3477 -0.2845 -0.1382 0.2451 0.0429 -0.3591 -0.3427 -0.2766 -0.1097 0.2249 0.0137 -0.3626 -0.3372 -0.2687 -0.0702 0.2043 -0.0257 -0.3627 -0.3313 -0.2598 -0.0072 0.1806
0.0078 -0.2590 -0.3339 -0.3691 -0.0283 0.1953 -0.0626 -0.2677 -0.3405 -0.3670 0.0115 0.2170 -0.1049 -0.2759 -0.3466 -0.3616 0.0407 0.2396 -0.1346 -0.2840 -0.3523 -0.3508 0.0650 0.2606 -0.1588 -0.2923 -0.3576 -0.3321 0.0864 0.2706 -0.1796 -0.3005 -0.3621 -0.3013 0.1068 0.2630 -0.1998 -0.3094 -0.3661 -0.2431 0.1307 0.2070 -0.2239 -0.3202 -0.3690 -0.1330 0.1639 0.0417 -0.2547 -0.3335 -0.3771 -0.3335 -0.2547 0.0417 0.1639 -0.1330 -0.3690 -0.3202 -0.2239 0.2070 0.1307 -0.2431 -0.3661 -0.3094 -0.1998 0.2630 0.1068 -0.3013 -0.3621 -0.3005 -0.1796 0.2706 0.0864 -0.3321 -0.3576 -0.2923 -0.1588 0.2606 0.0650 -0.3508 -0.3523 -0.2840 -0.1346 0.2396 0.0407 -0.3616 -0.3466 -0.2759 -0.1049 0.2170 0.0115 -0.3670 -0.3405 -0.2677 -0.0626 0.1953 -0.0283 -0.3691 -0.3339 -0.2590 0.0078
-0.1960 -0.3080 -0.3719 -0.2623 0.1213 0.2368 -0.2226 -0.3157 -0.3756 -0.1974 0.1403 0.1747 -0.2358 -0.3234 -0.3782 -0.1225 0.1605 0.0761 -0.2490 -0.3311 -0.3795 -0.0542 0.1824 -0.0204 -0.2616 -0.3387 -0.3794 -0.0049 0.2035 -0.0822 -0.2704 -0.3460 -0.3764 0.0296 0.2257 -0.1234 -0.2796 -0.3535 -0.3664 0.0592 0.2497 -0.1601 -0.2910 -0.3620 -0.3378 0.0902 0.2660 -0.1991 -0.3051 -0.3771 -0.3906 -0.3771 -0.3051 -0.1991 0.2660 0.0902 -0.3378 -0.3620 -0.2910 -0.1601 0.2497 0.0592 -0.3664 -0.3535 -0.2796 -0.1234 0.2257 0.0296 -0.3764 -0.3460 -0.2704 -0.0822 0.2035 -0.0049 -0.3794 -0.3387 -0.2616 -0.0204 0.1824 -0.0542 -0.3795 -0.3311 -0.2490 0.0761 0.1605 -0.1225 -0.3782 -0.3234 -0.2358 0.1747 0.1403 -0.1974 -0.3756 -0.3157 -0.2226 0.2368 0.1213 -0.2623 -0.3719 -0.3080 -0.1960
