-0.3276 -0.0656 0.2005 -0.0826 -0.2492 -0.3206 -0.3445 0.0567 0.2594 -0.1630 -0.2751 -0.3358 -0.2783 0.1255 0.1866 -0.2105 -0.2987 -0.3446 -0.0762 0.1964 -0.0737 -0.2473 -0.3193 -0.3458 0.0510 0.2567 -0.1589 -0.2732 -0.3349 -0.2877 0.1206 0.2032 -0.2073 -0.2971 -0.3441 -0.0917 0.1916 -0.0627 -0.2453 -0.3179 -0.3467 0.0449 0.2535 -0.1546 -0.2714 -0.3339 -0.2963 0.1150 0.2239 -0.1963 -0.2611 -0.1963 0.2239 0.1150 -0.2963 -0.3339 -0.2714 -0.1546 0.2535 0.0449 -0.3467 -0.3179 -0.2453 -0.0627 0.1916 -0.0917 -0.3441 -0.2971 -0.2073 0.2032 0.1206 -0.2877 -0.3349 -0.2732 -0.1589 0.2567 0.0510 -0.3458 -0.3193 -0.2473 -0.0737 0.1964 -0.0762 -0.3446 -0.2987 -0.2105 0.1866 0.1255 -0.2783 -0.3358 -0.2751 -0.1630 0.2594 0.0567 -0.3445 -0.3206 -0.2492 -0.0826 0.2005 -0.0656 -0.3276
-0.0656 0.2005 -0.0743 -0.2721 -0.3407 -0.3584 0.0562 0.2603 -0.1661 -0.2968 -0.3547 -0.2893 0.1233 0.2185 -0.2236 -0.3198 -0.3615 -0.0805 0.1928 -0.0589 -0.2699 -0.3395 -0.3599 0.0503 0.2567 -0.1612 -0.2950 -0.3539 -0.2990 0.1185 0.2316 -0.2195 -0.3182 -0.3612 -0.0968 0.1881 -0.0451 -0.2680 -0.3382 -0.3610 0.0442 0.2526 -0.1561 -0.2932 -0.3531 -0.3077 0.1137 0.2435 -0.2138 -0.3146 -0.3583 -0.3146 -0.2138 0.2435 0.1137 -0.3077 -0.3531 -0.2932 -0.1561 0.2526 0.0442 -0.3610 -0.3382 -0.2680 -0.0451 0.1881 -0.0968 -0.3612 -0.3182 -0.2195 0.2316 0.1185 -0.2990 -0.3539 -0.2950 -0.1612 0.2567 0.0503 -0.3599 -0.3395 -0.2699 -0.0589 0.1928 -0.0805 -0.3615 -0.3198 -0.2236 0.2185 0.1233 -0.2893 -0.3547 -0.2968 -0.1661 0.2603 0.0562 -0.3584 -0.3407 -0.2721 -0.0743 0.2005 -0.0656
0.2005 -0.0743 -0.2710 -0.3394 -0.3600 0.0483 0.2550 -0.1588 -0.2941 -0.3534 -0.3037 0.1157 0.2379 -0.2173 -0.3172 -0.3610 -0.1063 0.1853 -0.0366 -0.2669 -0.3374 -0.3615 0.0406 0.2503 -0.1533 -0.2922 -0.3525 -0.3121 0.1109 0.2477 -0.2132 -0.3156 -0.3607 -0.1238 0.1803 -0.0199 -0.2650 -0.3361 -0.3622 0.0340 0.2458 -0.1478 -0.2903 -0.3516 -0.3194 0.1062 0.2555 -0.2088 -0.3136 -0.3677 -0.3563 -0.3677 -0.3136 -0.2088 0.2555 0.1062 -0.3194 -0.3516 -0.2903 -0.1478 0.2458 0.0340 -0.3622 -0.3361 -0.2650 -0.0199 0.1803 -0.1238 -0.3607 -0.3156 -0.2132 0.2477 0.1109 -0.3121 -0.3525 -0.2922 -0.1533 0.2503 0.0406 -0.3615 -0.3374 -0.2669 -0.0366 0.1853 -0.1063 -0.3610 -0.3172 -0.2173 0.2379 0.1157 -0.3037 -0.3534 -0.2941 -0.1588 0.2550 0.0483 -0.3600 -0.3394 -0.2710 -0.0743 0.2005
-0.0826 -0.2721 -0.3394 -0.3606 0.0433 0.2506 -0.1524 -0.2916 -0.3521 -0.3155 0.1086 0.2519 -0.2111 -0.3147 -0.3605 -0.1336 0.1773 -0.0097 -0.2639 -0.3353 -0.3624 0.0302 0.2433 -0.1448 -0.2893 -0.3511 -0.3232 0.1035 0.2589 -0.2069 -0.3130 -0.3601 -0.1517 0.1717 0.0105 -0.2614 -0.3339 -0.3628 0.0229 0.2385 -0.1389 -0.2875 -0.3502 -0.3293 0.0988 0.2638 -0.2027 -0.3112 -0.3605 -0.2063 0.0718 -0.2063 -0.3605 -0.3112 -0.2027 0.2638 0.0988 -0.3293 -0.3502 -0.2875 -0.1389 0.2385 0.0229 -0.3628 -0.3339 -0.2614 0.0105 0.1717 -0.1517 -0.3601 -0.3130 -0.2069 0.2589 0.1035 -0.3232 -0.3511 -0.2893 -0.1448 0.2433 0.0302 -0.3624 -0.3353 -0.2639 -0.0097 0.1773 -0.1336 -0.3605 -0.3147 -0.2111 0.2519 0.1086 -0.3155 -0.3521 -0.2916 -0.1524 0.2506 0.0433 -0.3606 -0.3394 -0.2721 -0.0826
-0.2492 -0.3407 -0.3600 0.0433 0.2489 -0.1486 -0.2898 -0.3510 -0.3243 0.1021 0.2609 -0.2051 -0.3122 -0.3599 -0.1610 0.1686 0.0225 -0.2597 -0.3331 -0.3629 0.0187 0.2358 -0.1356 -0.2865 -0.3496 -0.3325 0.0961 0.2659 -0.2005 -0.3104 -0.3594 -0.1795 0.1628 0.0463 -0.2560 -0.3317 -0.3629 0.0107 0.2309 -0.1293 -0.2846 -0.3486 -0.3376 0.0913 0.2685 -0.1963 -0.3087 -0.3591 -0.2035 0.1404 0.2579 0.1404 -0.2035 -0.3591 -0.3087 -0.1963 0.2685 0.0913 -0.3376 -0.3486 -0.2846 -0.1293 0.2309 0.0107 -0.3629 -0.3317 -0.2560 0.0463 0.1628 -0.1795 -0.3594 -0.3104 -0.2005 0.2659 0.0961 -0.3325 -0.3496 -0.2865 -0.1356 0.2358 0.0187 -0.3629 -0.3331 -0.2597 0.0225 0.1686 -0.1610 -0.3599 -0.3122 -0.2051 0.2609 0.1021 -0.3243 -0.3510 -0.2898 -0.1486 0.2489 0.0433 -0.3600 -0.3407 -0.2492
-0.3206 -0.3584 0.0483 0.2506 -0.1486 -0.2892 -0.3503 -0.3297 0.0970 0.2660 -0.1996 -0.3098 -0.3592 -0.1871 0.1602 0.0587 -0.2538 -0.3309 -0.3628 0.0060 0.2281 -0.1257 -0.2836 -0.3480 -0.3402 0.0886 0.2694 -0.1939 -0.3077 -0.3587 -0.2059 0.1543 0.0855 -0.2493 -0.3294 -0.3627 -0.0031 0.2230 -0.1187 -0.2817 -0.3469 -0.3443 0.0837 0.2701 -0.1897 -0.3060 -0.3582 -0.2233 0.1457 0.1739 -0.1711 0.1739 0.1457 -0.2233 -0.3582 -0.3060 -0.1897 0.2701 0.0837 -0.3443 -0.3469 -0.2817 -0.1187 0.2230 -0.0031 -0.3627 -0.3294 -0.2493 0.0855 0.1543 -0.2059 -0.3587 -0.3077 -0.1939 0.2694 0.0886 -0.3402 -0.3480 -0.2836 -0.1257 0.2281 0.0060 -0.3628 -0.3309 -0.2538 0.0587 0.1602 -0.1871 -0.3592 -0.3098 -0.1996 0.2660 0.0970 -0.3297 -0.3503 -0.2892 -0.1486 0.2506 0.0483 -0.3584 -0.3206
-0.3445 0.0562 0.2550 -0.1524 -0.2898 -0.3503 -0.3316 0.0941 0.2682 -0.1954 -0.3079 -0.3585 -0.2098 0.1526 0.0958 -0.2475 -0.3287 -0.3626 -0.0081 0.2204 -0.1147 -0.2807 -0.3463 -0.3464 0.0809 0.2701 -0.1873 -0.3050 -0.3578 -0.2305 0.1461 0.1251 -0.2428 -0.3271 -0.3624 -0.0187 0.2152 -0.1068 -0.2788 -0.3452 -0.3498 0.0759 0.2693 -0.1830 -0.3033 -0.3572 -0.2452 0.1404 0.1593 -0.2297 -0.2941 -0.2297 0.1593 0.1404 -0.2452 -0.3572 -0.3033 -0.1830 0.2693 0.0759 -0.3498 -0.3452 -0.2788 -0.1068 0.2152 -0.0187 -0.3624 -0.3271 -0.2428 0.1251 0.1461 -0.2305 -0.3578 -0.3050 -0.1873 0.2701 0.0809 -0.3464 -0.3463 -0.2807 -0.1147 0.2204 -0.0081 -0.3626 -0.3287 -0.2475 0.0958 0.1526 -0.2098 -0.3585 -0.3079 -0.1954 0.2682 0.0941 -0.3316 -0.3503 -0.2898 -0.1524 0.2550 0.0562 -0.3445
0.0567 0.2603 -0.1588 -0.2916 -0.3510 -0.3297 0.0941 0.2688 -0.1930 -0.3065 -0.3580 -0.2272 0.1462 0.1288 -0.2417 -0.3265 -0.3623 -0.0237 0.2128 -0.1027 -0.2778 -0.3446 -0.3514 0.0730 0.2685 -0.1805 -0.3023 -0.3569 -0.2526 0.1383 0.1615 -0.2364 -0.3247 -0.3621 -0.0367 0.2075 -0.0933 -0.2759 -0.3434 -0.3541 0.0677 0.2665 -0.1760 -0.3005 -0.3562 -0.2655 0.1332 0.1842 -0.2307 -0.3220 -0.3637 -0.3220 -0.2307 0.1842 0.1332 -0.2655 -0.3562 -0.3005 -0.1760 0.2665 0.0677 -0.3541 -0.3434 -0.2759 -0.0933 0.2075 -0.0367 -0.3621 -0.3247 -0.2364 0.1615 0.1383 -0.2526 -0.3569 -0.3023 -0.1805 0.2685 0.0730 -0.3514 -0.3446 -0.2778 -0.1027 0.2128 -0.0237 -0.3623 -0.3265 -0.2417 0.1288 0.1462 -0.2272 -0.3580 -0.3065 -0.1930 0.2688 0.0941 -0.3297 -0.3510 -0.2916 -0.1588 0.2603 0.0567
0.2594 -0.1661 -0.2941 -0.3521 -0.3243 0.0970 0.2682 -0.1930 -0.3060 -0.3576 -0.2384 0.1415 0.1540 -0.2368 -0.3245 -0.3620 -0.0405 0.2057 -0.0893 -0.2750 -0.3428 -0.3552 0.0650 0.2652 -0.1735 -0.2996 -0.3558 -0.2721 0.1306 0.1928 -0.2300 -0.3223 -0.3618 -0.0572 0.1999 -0.0776 -0.2729 -0.3415 -0.3574 0.0592 0.2622 -0.1688 -0.2978 -0.3551 -0.2833 0.1258 0.2102 -0.2256 -0.3204 -0.3693 -0.3333 -0.3693 -0.3204 -0.2256 0.2102 0.1258 -0.2833 -0.3551 -0.2978 -0.1688 0.2622 0.0592 -0.3574 -0.3415 -0.2729 -0.0776 0.1999 -0.0572 -0.3618 -0.3223 -0.2300 0.1928 0.1306 -0.2721 -0.3558 -0.2996 -0.1735 0.2652 0.0650 -0.3552 -0.3428 -0.2750 -0.0893 0.2057 -0.0405 -0.3620 -0.3245 -0.2368 0.1540 0.1415 -0.2384 -0.3576 -0.3060 -0.1930 0.2682 0.0970 -0.3243 -0.3521 -0.2941 -0.1661 0.2594
-0.1630 -0.2968 -0.3534 -0.3155 0.1021 0.2660 -0.1954 -0.3065 -0.3576 -0.2423 0.1390 0.1696 -0.2331 -0.3229 -0.3618 -0.0571 0.1993 -0.0749 -0.2723 -0.3409 -0.3581 0.0567 0.2606 -0.1664 -0.2969 -0.3547 -0.2889 0.1232 0.2182 -0.2237 -0.3198 -0.3614 -0.0804 0.1925 -0.0591 -0.2700 -0.3395 -0.3598 0.0503 0.2567 -0.1612 -0.2950 -0.3539 -0.2988 0.1183 0.2315 -0.2195 -0.3181 -0.3618 -0.1342 0.0907 -0.1342 -0.3618 -0.3181 -0.2195 0.2315 0.1183 -0.2988 -0.3539 -0.2950 -0.1612 0.2567 0.0503 -0.3598 -0.3395 -0.2700 -0.0591 0.1925 -0.0804 -0.3614 -0.3198 -0.2237 0.2182 0.1232 -0.2889 -0.3547 -0.2969 -0.1664 0.2606 0.0567 -0.3581 -0.3409 -0.2723 -0.0749 0.1993 -0.0571 -0.3618 -0.3229 -0.2331 0.1696 0.1390 -0.2423 -0.3576 -0.3065 -0.1954 0.2660 0.1021 -0.3155 -0.3534 -0.2968 -0.1630
-0.2751 -0.3547 -0.3037 0.1086 0.2609 -0.1996 -0.3079 -0.3580 -0.2384 0.1390 0.1747 -0.2312 -0.3218 -0.3615 -0.0717 0.1940 -0.0603 -0.2698 -0.3392 -0.3601 0.0482 0.2551 -0.1591 -0.2942 -0.3534 -0.3032 0.1159 0.2375 -0.2174 -0.3173 -0.3610 -0.1060 0.1853 -0.0368 -0.2670 -0.3374 -0.3614 0.0406 0.2503 -0.1533 -0.2922 -0.3525 -0.3120 0.1109 0.2476 -0.2133 -0.3156 -0.3608 -0.1309 0.1601 0.2660 0.1601 -0.1309 -0.3608 -0.3156 -0.2133 0.2476 0.1109 -0.3120 -0.3525 -0.2922 -0.1533 0.2503 0.0406 -0.3614 -0.3374 -0.2670 -0.0368 0.1853 -0.1060 -0.3610 -0.3173 -0.2174 0.2375 0.1159 -0.3032 -0.3534 -0.2942 -0.1591 0.2551 0.0482 -0.3601 -0.3392 -0.2698 -0.0603 0.1940 -0.0717 -0.3615 -0.3218 -0.2312 0.1747 0.1390 -0.2384 -0.3580 -0.3079 -0.1996 0.2609 0.1086 -0.3037 -0.3547 -0.2751
-0.3358 -0.2893 0.1157 0.2519 -0.2051 -0.3098 -0.3585 -0.2272 0.1415 0.1696 -0.2312 -0.3215 -0.3614 -0.0817 0.1901 -0.0471 -0.2677 -0.3376 -0.3615 0.0398 0.2493 -0.1516 -0.2915 -0.3522 -0.3153 0.1088 0.2515 -0.2113 -0.3148 -0.3605 -0.1330 0.1775 -0.0100 -0.2640 -0.3353 -0.3624 0.0302 0.2433 -0.1448 -0.2893 -0.3511 -0.3231 0.1036 0.2588 -0.2069 -0.3130 -0.3601 -0.1531 0.1676 0.0739 -0.1937 0.0739 0.1676 -0.1531 -0.3601 -0.3130 -0.2069 0.2588 0.1036 -0.3231 -0.3511 -0.2893 -0.1448 0.2433 0.0302 -0.3624 -0.3353 -0.2640 -0.0100 0.1775 -0.1330 -0.3605 -0.3148 -0.2113 0.2515 0.1088 -0.3153 -0.3522 -0.2915 -0.1516 0.2493 0.0398 -0.3615 -0.3376 -0.2677 -0.0471 0.1901 -0.0817 -0.3614 -0.3215 -0.2312 0.1696 0.1415 -0.2272 -0.3585 -0.3098 -0.2051 0.2519 0.1157 -0.2893 -0.3358
-0.2783 0.1233 0.2379 -0.2111 -0.3122 -0.3592 -0.2098 0.1462 0.1540 -0.2331 -0.3218 -0.3614 -0.0854 0.1881 -0.0377 -0.2662 -0.3363 -0.3622 0.0320 0.2436 -0.1444 -0.2890 -0.3508 -0.3253 0.1017 0.2611 -0.2051 -0.3123 -0.3599 -0.1602 0.1689 0.0215 -0.2598 -0.3332 -0.3629 0.0189 0.2359 -0.1356 -0.2865 -0.3496 -0.3325 0.0962 0.2658 -0.2005 -0.3104 -0.3594 -0.1796 0.1621 0.0572 -0.2471 -0.3022 -0.2471 0.0572 0.1621 -0.1796 -0.3594 -0.3104 -0.2005 0.2658 0.0962 -0.3325 -0.3496 -0.2865 -0.1356 0.2359 0.0189 -0.3629 -0.3332 -0.2598 0.0215 0.1689 -0.1602 -0.3599 -0.3123 -0.2051 0.2611 0.1017 -0.3253 -0.3508 -0.2890 -0.1444 0.2436 0.0320 -0.3622 -0.3363 -0.2662 -0.0377 0.1881 -0.0854 -0.3614 -0.3218 -0.2331 0.1540 0.1462 -0.2098 -0.3592 -0.3122 -0.2111 0.2379 0.1233 -0.2783
0.1255 0.2185 -0.2173 -0.3147 -0.3599 -0.1871 0.1526 0.1288 -0.2368 -0.3229 -0.3615 -0.0817 0.1881 -0.0342 -0.2654 -0.3355 -0.3626 0.0255 0.2387 -0.1377 -0.2867 -0.3495 -0.3332 0.0951 0.2668 -0.1990 -0.3097 -0.3592 -0.1869 0.1603 0.0575 -0.2540 -0.3310 -0.3628 0.0064 0.2283 -0.1258 -0.2836 -0.3480 -0.3401 0.0886 0.2694 -0.1940 -0.3077 -0.3587 -0.2059 0.1542 0.0877 -0.2478 -0.3291 -0.3688 -0.3291 -0.2478 0.0877 0.1542 -0.2059 -0.3587 -0.3077 -0.1940 0.2694 0.0886 -0.3401 -0.3480 -0.2836 -0.1258 0.2283 0.0064 -0.3628 -0.3310 -0.2540 0.0575 0.1603 -0.1869 -0.3592 -0.3097 -0.1990 0.2668 0.0951 -0.3332 -0.3495 -0.2867 -0.1377 0.2387 0.0255 -0.3626 -0.3355 -0.2654 -0.0342 0.1881 -0.0817 -0.3615 -0.3229 -0.2368 0.1288 0.1526 -0.1871 -0.3599 -0.3147 -0.2173 0.2185 0.1255
0.1866 -0.2236 -0.3172 -0.3605 -0.1610 0.1602 0.0958 -0.2417 -0.3245 -0.3618 -0.0717 0.1901 -0.0377 -0.2654 -0.3352 -0.3627 0.0211 0.2351 -0.1322 -0.2848 -0.3484 -0.3392 0.0888 0.2695 -0.1931 -0.3073 -0.3585 -0.2118 0.1522 0.0960 -0.2475 -0.3288 -0.3626 -0.0075 0.2207 -0.1151 -0.2808 -0.3464 -0.3463 0.0810 0.2701 -0.1873 -0.3051 -0.3578 -0.2304 0.1461 0.1253 -0.2425 -0.3270 -0.3697 -0.2972 -0.3697 -0.3270 -0.2425 0.1253 0.1461 -0.2304 -0.3578 -0.3051 -0.1873 0.2701 0.0810 -0.3463 -0.3464 -0.2808 -0.1151 0.2207 -0.0075 -0.3626 -0.3288 -0.2475 0.0960 0.1522 -0.2118 -0.3585 -0.3073 -0.1931 0.2695 0.0888 -0.3392 -0.3484 -0.2848 -0.1322 0.2351 0.0211 -0.3627 -0.3352 -0.2654 -0.0377 0.1901 -0.0717 -0.3618 -0.3245 -0.2417 0.0958 0.1602 -0.1610 -0.3605 -0.3172 -0.2236 0.1866
-0.2105 -0.3198 -0.3610 -0.1336 0.1686 0.0587 -0.2475 -0.3265 -0.3620 -0.0571 0.1940 -0.0471 -0.2662 -0.3355 -0.3627 0.0195 0.2331 -0.1285 -0.2835 -0.3474 -0.3435 0.0834 0.2702 -0.1877 -0.3049 -0.3577 -0.2339 0.1447 0.1333 -0.2413 -0.3265 -0.3623 -0.0232 0.2131 -0.1032 -0.2779 -0.3446 -0.3512 0.0733 0.2686 -0.1806 -0.3024 -0.3569 -0.2525 0.1383 0.1614 -0.2363 -0.3247 -0.3626 -0.0659 0.1087 -0.0659 -0.3626 -0.3247 -0.2363 0.1614 0.1383 -0.2525 -0.3569 -0.3024 -0.1806 0.2686 0.0733 -0.3512 -0.3446 -0.2779 -0.1032 0.2131 -0.0232 -0.3623 -0.3265 -0.2413 0.1333 0.1447 -0.2339 -0.3577 -0.3049 -0.1877 0.2702 0.0834 -0.3435 -0.3474 -0.2835 -0.1285 0.2331 0.0195 -0.3627 -0.3355 -0.2662 -0.0471 0.1940 -0.0571 -0.3620 -0.3265 -0.2475 0.0587 0.1686 -0.1336 -0.3610 -0.3198 -0.2105
-0.2987 -0.3615 -0.1063 0.1773 0.0225 -0.2538 -0.3287 -0.3623 -0.0405 0.1993 -0.0603 -0.2677 -0.3363 -0.3626 0.0211 0.2331 -0.1273 -0.2828 -0.3468 -0.3462 0.0792 0.2696 -0.1830 -0.3029 -0.3569 -0.2525 0.1378 0.1657 -0.2353 -0.3242 -0.3620 -0.0412 0.2056 -0.0895 -0.2751 -0.3428 -0.3551 0.0653 0.2654 -0.1738 -0.2997 -0.3558 -0.2718 0.1307 0.1926 -0.2300 -0.3223 -0.3619 -0.0629 0.1812 0.2580 0.1812 -0.0629 -0.3619 -0.3223 -0.2300 0.1926 0.1307 -0.2718 -0.3558 -0.2997 -0.1738 0.2654 0.0653 -0.3551 -0.3428 -0.2751 -0.0895 0.2056 -0.0412 -0.3620 -0.3242 -0.2353 0.1657 0.1378 -0.2525 -0.3569 -0.3029 -0.1830 0.2696 0.0792 -0.3462 -0.3468 -0.2828 -0.1273 0.2331 0.0211 -0.3626 -0.3363 -0.2677 -0.0603 0.1993 -0.0405 -0.3623 -0.3287 -0.2538 0.0225 0.1773 -0.1063 -0.3615 -0.2987
-0.3446 -0.0805 0.1853 -0.0097 -0.2597 -0.3309 -0.3626 -0.0237 0.2057 -0.0749 -0.2698 -0.3376 -0.3622 0.0255 0.2351 -0.1285 -0.2828 -0.3466 -0.3475 0.0764 0.2688 -0.1793 -0.3012 -0.3562 -0.2673 0.1317 0.1917 -0.2298 -0.3220 -0.3617 -0.0612 0.1984 -0.0738 -0.2722 -0.3410 -0.3581 0.0569 0.2608 -0.1667 -0.2970 -0.3547 -0.2884 0.1234 0.2176 -0.2238 -0.3198 -0.3614 -0.0814 0.1905 -0.0188 -0.2133 -0.0188 0.1905 -0.0814 -0.3614 -0.3198 -0.2238 0.2176 0.1234 -0.2884 -0.3547 -0.2970 -0.1667 0.2608 0.0569 -0.3581 -0.3410 -0.2722 -0.0738 0.1984 -0.0612 -0.3617 -0.3220 -0.2298 0.1917 0.1317 -0.2673 -0.3562 -0.3012 -0.1793 0.2688 0.0764 -0.3475 -0.3466 -0.2828 -0.1285 0.2351 0.0255 -0.3622 -0.3376 -0.2698 -0.0749 0.2057 -0.0237 -0.3626 -0.3309 -0.2597 -0.0097 0.1853 -0.0805 -0.3446
-0.0762 0.1928 -0.0366 -0.2639 -0.3331 -0.3628 -0.0081 0.2128 -0.0893 -0.2723 -0.3392 -0.3615 0.0320 0.2387 -0.1322 -0.2835 -0.3468 -0.3475 0.0754 0.2682 -0.1770 -0.3000 -0.3556 -0.2783 0.1266 0.2111 -0.2248 -0.3199 -0.3614 -0.0823 0.1916 -0.0556 -0.2694 -0.3390 -0.3602 0.0481 0.2552 -0.1593 -0.2943 -0.3535 -0.3027 0.1162 0.2368 -0.2177 -0.3174 -0.3610 -0.1056 0.1851 -0.0302 -0.2620 -0.3102 -0.2620 -0.0302 0.1851 -0.1056 -0.3610 -0.3174 -0.2177 0.2368 0.1162 -0.3027 -0.3535 -0.2943 -0.1593 0.2552 0.0481 -0.3602 -0.3390 -0.2694 -0.0556 0.1916 -0.0823 -0.3614 -0.3199 -0.2248 0.2111 0.1266 -0.2783 -0.3556 -0.3000 -0.1770 0.2682 0.0754 -0.3475 -0.3468 -0.2835 -0.1322 0.2387 0.0320 -0.3615 -0.3392 -0.2723 -0.0893 0.2128 -0.0081 -0.3628 -0.3331 -0.2639 -0.0366 0.1928 -0.0762
0.1964 -0.0589 -0.2669 -0.3353 -0.3629 0.0060 0.2204 -0.1027 -0.2750 -0.3409 -0.3601 0.0398 0.2436 -0.1377 -0.2848 -0.3474 -0.3462 0.0764 0.2682 -0.1761 -0.2994 -0.3552 -0.2855 0.1228 0.2245 -0.2206 -0.3181 -0.3610 -0.1033 0.1854 -0.0354 -0.2666 -0.3371 -0.3617 0.0387 0.2489 -0.1515 -0.2915 -0.3522 -0.3150 0.1091 0.2511 -0.2115 -0.3149 -0.3605 -0.1320 0.1777 -0.0093 -0.2632 -0.3360 -0.3731 -0.3360 -0.2632 -0.0093 0.1777 -0.1320 -0.3605 -0.3149 -0.2115 0.2511 0.1091 -0.3150 -0.3522 -0.2915 -0.1515 0.2489 0.0387 -0.3617 -0.3371 -0.2666 -0.0354 0.1854 -0.1033 -0.3610 -0.3181 -0.2206 0.2245 0.1228 -0.2855 -0.3552 -0.2994 -0.1761 0.2682 0.0764 -0.3462 -0.3474 -0.2848 -0.1377 0.2436 0.0398 -0.3601 -0.3409 -0.2750 -0.1027 0.2204 0.0060 -0.3629 -0.3353 -0.2669 -0.0589 0.1964
-0.0737 -0.2699 -0.3374 -0.3624 0.0187 0.2281 -0.1147 -0.2778 -0.3428 -0.3581 0.0482 0.2493 -0.1444 -0.2867 -0.3484 -0.3435 0.0792 0.2688 -0.1770 -0.2994 -0.3551 -0.2890 0.1204 0.2327 -0.2174 -0.3166 -0.3607 -0.1226 0.1797 -0.0138 -0.2641 -0.3352 -0.3625 0.0288 0.2422 -0.1432 -0.2888 -0.3508 -0.3253 0.1019 0.2608 -0.2053 -0.3123 -0.3599 -0.1592 0.1692 0.0207 -0.2598 -0.3333 -0.3687 -0.2437 -0.3687 -0.3333 -0.2598 0.0207 0.1692 -0.1592 -0.3599 -0.3123 -0.2053 0.2608 0.1019 -0.3253 -0.3508 -0.2888 -0.1432 0.2422 0.0288 -0.3625 -0.3352 -0.2641 -0.0138 0.1797 -0.1226 -0.3607 -0.3166 -0.2174 0.2327 0.1204 -0.2890 -0.3551 -0.2994 -0.1770 0.2688 0.0792 -0.3435 -0.3484 -0.2867 -0.1444 0.2493 0.0482 -0.3581 -0.3428 -0.2778 -0.1147 0.2281 0.0187 -0.3624 -0.3374 -0.2699 -0.0737
-0.2473 -0.3395 -0.3615 0.0302 0.2358 -0.1257 -0.2807 -0.3446 -0.3552 0.0567 0.2551 -0.1516 -0.2890 -0.3495 -0.3392 0.0834 0.2696 -0.1793 -0.3000 -0.3552 -0.2890 0.1195 0.2365 -0.2154 -0.3156 -0.3604 -0.1387 0.1742 0.0078 -0.2614 -0.3335 -0.3629 0.0187 0.2354 -0.1346 -0.2860 -0.3493 -0.3340 0.0947 0.2669 -0.1991 -0.3098 -0.3593 -0.1860 0.1607 0.0562 -0.2541 -0.3310 -0.3628 -0.0140 0.1273 -0.0140 -0.3628 -0.3310 -0.2541 0.0562 0.1607 -0.1860 -0.3593 -0.3098 -0.1991 0.2669 0.0947 -0.3340 -0.3493 -0.2860 -0.1346 0.2354 0.0187 -0.3629 -0.3335 -0.2614 0.0078 0.1742 -0.1387 -0.3604 -0.3156 -0.2154 0.2365 0.1195 -0.2890 -0.3552 -0.3000 -0.1793 0.2696 0.0834 -0.3392 -0.3495 -0.2890 -0.1516 0.2551 0.0567 -0.3552 -0.3446 -0.2807 -0.1257 0.2358 0.0302 -0.3615 -0.3395 -0.2473
-0.3193 -0.3599 0.0406 0.2433 -0.1356 -0.2836 -0.3463 -0.3514 0.0650 0.2606 -0.1591 -0.2915 -0.3508 -0.3332 0.0888 0.2702 -0.1830 -0.3012 -0.3556 -0.2855 0.1204 0.2365 -0.2147 -0.3150 -0.3602 -0.1500 0.1697 0.0271 -0.2580 -0.3319 -0.3629 0.0087 0.2289 -0.1259 -0.2835 -0.3478 -0.3410 0.0874 0.2697 -0.1928 -0.3072 -0.3585 -0.2113 0.1525 0.0946 -0.2478 -0.3288 -0.3626 -0.0112 0.2022 0.2210 0.2022 -0.0112 -0.3626 -0.3288 -0.2478 0.0946 0.1525 -0.2113 -0.3585 -0.3072 -0.1928 0.2697 0.0874 -0.3410 -0.3478 -0.2835 -0.1259 0.2289 0.0087 -0.3629 -0.3319 -0.2580 0.0271 0.1697 -0.1500 -0.3602 -0.3150 -0.2147 0.2365 0.1204 -0.2855 -0.3556 -0.3012 -0.1830 0.2702 0.0888 -0.3332 -0.3508 -0.2915 -0.1591 0.2606 0.0650 -0.3514 -0.3463 -0.2836 -0.1356 0.2433 0.0406 -0.3599 -0.3193
-0.3458 0.0503 0.2503 -0.1448 -0.2865 -0.3480 -0.3464 0.0730 0.2652 -0.1664 -0.2942 -0.3522 -0.3253 0.0951 0.2695 -0.1877 -0.3029 -0.3562 -0.2783 0.1228 0.2327 -0.2154 -0.3150 -0.3602 -0.1559 0.1669 0.0418 -0.2548 -0.3307 -0.3627 -0.0008 0.2231 -0.1174 -0.2811 -0.3464 -0.3465 0.0804 0.2700 -0.1864 -0.3046 -0.3576 -0.2347 0.1446 0.1326 -0.2415 -0.3266 -0.3623 -0.0237 0.2111 -0.0789 -0.2270 -0.0789 0.2111 -0.0237 -0.3623 -0.3266 -0.2415 0.1326 0.1446 -0.2347 -0.3576 -0.3046 -0.1864 0.2700 0.0804 -0.3465 -0.3464 -0.2811 -0.1174 0.2231 -0.0008 -0.3627 -0.3307 -0.2548 0.0418 0.1669 -0.1559 -0.3602 -0.3150 -0.2154 0.2327 0.1228 -0.2783 -0.3562 -0.3029 -0.1877 0.2695 0.0951 -0.3253 -0.3522 -0.2942 -0.1664 0.2652 0.0730 -0.3464 -0.3480 -0.2865 -0.1448 0.2503 0.0503 -0.3458
0.0510 0.2567 -0.1533 -0.2893 -0.3496 -0.3402 0.0809 0.2685 -0.1735 -0.2969 -0.3534 -0.3153 0.1017 0.2668 -0.1931 -0.3049 -0.3569 -0.2673 0.1266 0.2245 -0.2174 -0.3156 -0.3602 -0.1559 0.1660 0.0497 -0.2528 -0.3298 -0.3626 -0.0089 0.2183 -0.1094 -0.2789 -0.3450 -0.3507 0.0736 0.2685 -0.1801 -0.3021 -0.3567 -0.2556 0.1370 0.1672 -0.2352 -0.3242 -0.3620 -0.0409 0.2054 -0.0857 -0.2706 -0.3183 -0.2706 -0.0857 0.2054 -0.0409 -0.3620 -0.3242 -0.2352 0.1672 0.1370 -0.2556 -0.3567 -0.3021 -0.1801 0.2685 0.0736 -0.3507 -0.3450 -0.2789 -0.1094 0.2183 -0.0089 -0.3626 -0.3298 -0.2528 0.0497 0.1660 -0.1559 -0.3602 -0.3156 -0.2174 0.2245 0.1266 -0.2673 -0.3569 -0.3049 -0.1931 0.2668 0.1017 -0.3153 -0.3534 -0.2969 -0.1735 0.2685 0.0809 -0.3402 -0.3496 -0.2893 -0.1533 0.2567 0.0510
0.2567 -0.1612 -0.2922 -0.3511 -0.3325 0.0886 0.2701 -0.1805 -0.2996 -0.3547 -0.3032 0.1088 0.2611 -0.1990 -0.3073 -0.3577 -0.2525 0.1317 0.2111 -0.2206 -0.3166 -0.3604 -0.1500 0.1669 0.0497 -0.2521 -0.3293 -0.3625 -0.0150 0.2146 -0.1025 -0.2771 -0.3438 -0.3538 0.0673 0.2659 -0.1742 -0.2996 -0.3558 -0.2735 0.1298 0.1965 -0.2291 -0.3219 -0.3617 -0.0611 0.1984 -0.0732 -0.2716 -0.3427 -0.3766 -0.3427 -0.2716 -0.0732 0.1984 -0.0611 -0.3617 -0.3219 -0.2291 0.1965 0.1298 -0.2735 -0.3558 -0.2996 -0.1742 0.2659 0.0673 -0.3538 -0.3438 -0.2771 -0.1025 0.2146 -0.0150 -0.3625 -0.3293 -0.2521 0.0497 0.1669 -0.1500 -0.3604 -0.3166 -0.2206 0.2111 0.1317 -0.2525 -0.3577 -0.3073 -0.1990 0.2611 0.1088 -0.3032 -0.3547 -0.2996 -0.1805 0.2701 0.0886 -0.3325 -0.3511 -0.2922 -0.1612 0.2567
-0.1589 -0.2950 -0.3525 -0.3232 0.0961 0.2694 -0.1873 -0.3023 -0.3558 -0.2889 0.1159 0.2515 -0.2051 -0.3097 -0.3585 -0.2339 0.1378 0.1917 -0.2248 -0.3181 -0.3607 -0.1387 0.1697 0.0418 -0.2528 -0.3293 -0.3624 -0.0183 0.2123 -0.0973 -0.2758 -0.3427 -0.3559 0.0617 0.2628 -0.1686 -0.2974 -0.3548 -0.2883 0.1230 0.2195 -0.2231 -0.3195 -0.3614 -0.0839 0.1914 -0.0554 -0.2693 -0.3393 -0.3655 -0.1710 -0.3655 -0.3393 -0.2693 -0.0554 0.1914 -0.0839 -0.3614 -0.3195 -0.2231 0.2195 0.1230 -0.2883 -0.3548 -0.2974 -0.1686 0.2628 0.0617 -0.3559 -0.3427 -0.2758 -0.0973 0.2123 -0.0183 -0.3624 -0.3293 -0.2528 0.0418 0.1697 -0.1387 -0.3607 -0.3181 -0.2248 0.1917 0.1378 -0.2339 -0.3585 -0.3097 -0.2051 0.2515 0.1159 -0.2889 -0.3558 -0.3023 -0.1873 0.2694 0.0961 -0.3232 -0.3525 -0.2950 -0.1589
-0.2732 -0.3539 -0.3121 0.1035 0.2659 -0.1939 -0.3050 -0.3569 -0.2721 0.1232 0.2375 -0.2113 -0.3123 -0.3592 -0.2118 0.1447 0.1657 -0.2298 -0.3199 -0.3610 -0.1226 0.1742 0.0271 -0.2548 -0.3298 -0.3625 -0.0183 0.2115 -0.0945 -0.2750 -0.3420 -0.3573 0.0571 0.2597 -0.1637 -0.2954 -0.3538 -0.3003 0.1169 0.2366 -0.2174 -0.3172 -0.3609 -0.1087 0.1845 -0.0334 -0.2665 -0.3371 -0.3618 0.0232 0.1475 0.0232 -0.3618 -0.3371 -0.2665 -0.0334 0.1845 -0.1087 -0.3609 -0.3172 -0.2174 0.2366 0.1169 -0.3003 -0.3538 -0.2954 -0.1637 0.2597 0.0571 -0.3573 -0.3420 -0.2750 -0.0945 0.2115 -0.0183 -0.3625 -0.3298 -0.2548 0.0271 0.1742 -0.1226 -0.3610 -0.3199 -0.2298 0.1657 0.1447 -0.2118 -0.3592 -0.3123 -0.2113 0.2375 0.1232 -0.2721 -0.3569 -0.3050 -0.1939 0.2659 0.1035 -0.3121 -0.3539 -0.2732
-0.3349 -0.2990 0.1109 0.2589 -0.2005 -0.3077 -0.3578 -0.2526 0.1306 0.2182 -0.2174 -0.3148 -0.3599 -0.1869 0.1522 0.1333 -0.2353 -0.3220 -0.3614 -0.1033 0.1797 0.0078 -0.2580 -0.3307 -0.3626 -0.0150 0.2123 -0.0945 -0.2747 -0.3417 -0.3581 0.0538 0.2571 -0.1597 -0.2938 -0.3530 -0.3097 0.1113 0.2486 -0.2121 -0.3149 -0.3604 -0.1340 0.1770 -0.0072 -0.2636 -0.3350 -0.3625 0.0256 0.2254 0.1409 0.2254 0.0256 -0.3625 -0.3350 -0.2636 -0.0072 0.1770 -0.1340 -0.3604 -0.3149 -0.2121 0.2486 0.1113 -0.3097 -0.3530 -0.2938 -0.1597 0.2571 0.0538 -0.3581 -0.3417 -0.2747 -0.0945 0.2123 -0.0150 -0.3626 -0.3307 -0.2580 0.0078 0.1797 -0.1033 -0.3614 -0.3220 -0.2353 0.1333 0.1522 -0.1869 -0.3599 -0.3148 -0.2174 0.2182 0.1306 -0.2526 -0.3578 -0.3077 -0.2005 0.2589 0.1109 -0.2990 -0.3349
-0.2877 0.1185 0.2477 -0.2069 -0.3104 -0.3587 -0.2305 0.1383 0.1928 -0.2237 -0.3173 -0.3605 -0.1602 0.1603 0.0960 -0.2413 -0.3242 -0.3617 -0.0823 0.1854 -0.0138 -0.2614 -0.3319 -0.3627 -0.0089 0.2146 -0.0973 -0.2750 -0.3417 -0.3583 0.0521 0.2554 -0.1568 -0.2925 -0.3523 -0.3166 0.1066 0.2567 -0.2074 -0.3129 -0.3600 -0.1582 0.1691 0.0225 -0.2596 -0.3330 -0.3629 0.0168 0.2329 -0.1173 -0.2407 -0.1173 0.2329 0.0168 -0.3629 -0.3330 -0.2596 0.0225 0.1691 -0.1582 -0.3600 -0.3129 -0.2074 0.2567 0.1066 -0.3166 -0.3523 -0.2925 -0.1568 0.2554 0.0521 -0.3583 -0.3417 -0.2750 -0.0973 0.2146 -0.0089 -0.3627 -0.3319 -0.2614 -0.0138 0.1854 -0.0823 -0.3617 -0.3242 -0.2413 0.0960 0.1603 -0.1602 -0.3605 -0.3173 -0.2237 0.1928 0.1383 -0.2305 -0.3587 -0.3104 -0.2069 0.2477 0.1185 -0.2877
0.1206 0.2316 -0.2132 -0.3130 -0.3594 -0.2059 0.1461 0.1615 -0.2300 -0.3198 -0.3610 -0.1330 0.1689 0.0575 -0.2475 -0.3265 -0.3620 -0.0612 0.1916 -0.0354 -0.2641 -0.3335 -0.3629 -0.0008 0.2183 -0.1025 -0.2758 -0.3420 -0.3581 0.0521 0.2549 -0.1553 -0.2917 -0.3518 -0.3214 0.1028 0.2617 -0.2033 -0.3111 -0.3595 -0.1798 0.1618 0.0542 -0.2541 -0.3309 -0.3628 0.0051 0.2271 -0.1218 -0.2791 -0.3264 -0.2791 -0.1218 0.2271 0.0051 -0.3628 -0.3309 -0.2541 0.0542 0.1618 -0.1798 -0.3595 -0.3111 -0.2033 0.2617 0.1028 -0.3214 -0.3518 -0.2917 -0.1553 0.2549 0.0521 -0.3581 -0.3420 -0.2758 -0.1025 0.2183 -0.0008 -0.3629 -0.3335 -0.2641 -0.0354 0.1916 -0.0612 -0.3620 -0.3265 -0.2475 0.0575 0.1689 -0.1330 -0.3610 -0.3198 -0.2300 0.1615 0.1461 -0.2059 -0.3594 -0.3130 -0.2132 0.2316 0.1206
0.2032 -0.2195 -0.3156 -0.3601 -0.1795 0.1543 0.1251 -0.2364 -0.3223 -0.3614 -0.1060 0.1775 0.0215 -0.2540 -0.3288 -0.3623 -0.0412 0.1984 -0.0556 -0.2666 -0.3352 -0.3629 0.0087 0.2231 -0.1094 -0.2771 -0.3427 -0.3573 0.0538 0.2554 -0.1553 -0.2915 -0.3515 -0.3241 0.1002 0.2646 -0.2001 -0.3096 -0.3590 -0.1982 0.1556 0.0848 -0.2487 -0.3290 -0.3626 -0.0079 0.2201 -0.1135 -0.2798 -0.3489 -0.3788 -0.3489 -0.2798 -0.1135 0.2201 -0.0079 -0.3626 -0.3290 -0.2487 0.0848 0.1556 -0.1982 -0.3590 -0.3096 -0.2001 0.2646 0.1002 -0.3241 -0.3515 -0.2915 -0.1553 0.2554 0.0538 -0.3573 -0.3427 -0.2771 -0.1094 0.2231 0.0087 -0.3629 -0.3352 -0.2666 -0.0556 0.1984 -0.0412 -0.3623 -0.3288 -0.2540 0.0215 0.1775 -0.1060 -0.3614 -0.3223 -0.2364 0.1251 0.1543 -0.1795 -0.3601 -0.3156 -0.2195 0.2032
-0.2073 -0.3182 -0.3607 -0.1517 0.1628 0.0855 -0.2428 -0.3247 -0.3618 -0.0804 0.1853 -0.0100 -0.2598 -0.3310 -0.3626 -0.0232 0.2056 -0.0738 -0.2694 -0.3371 -0.3625 0.0187 0.2289 -0.1174 -0.2789 -0.3438 -0.3559 0.0571 0.2571 -0.1568 -0.2917 -0.3515 -0.3251 0.0988 0.2661 -0.1979 -0.3084 -0.3586 -0.2127 0.1504 0.1119 -0.2440 -0.3272 -0.3623 -0.0214 0.2133 -0.1028 -0.2777 -0.3448 -0.3580 -0.0929 -0.3580 -0.3448 -0.2777 -0.1028 0.2133 -0.0214 -0.3623 -0.3272 -0.2440 0.1119 0.1504 -0.2127 -0.3586 -0.3084 -0.1979 0.2661 0.0988 -0.3251 -0.3515 -0.2917 -0.1568 0.2571 0.0571 -0.3559 -0.3438 -0.2789 -0.1174 0.2289 0.0187 -0.3625 -0.3371 -0.2694 -0.0738 0.2056 -0.0232 -0.3626 -0.3310 -0.2598 -0.0100 0.1853 -0.0804 -0.3618 -0.3247 -0.2428 0.0855 0.1628 -0.1517 -0.3607 -0.3182 -0.2073
-0.2971 -0.3612 -0.1238 0.1717 0.0463 -0.2493 -0.3271 -0.3621 -0.0572 0.1925 -0.0368 -0.2640 -0.3332 -0.3628 -0.0075 0.2131 -0.0895 -0.2722 -0.3390 -0.3617 0.0288 0.2354 -0.1259 -0.2811 -0.3450 -0.3538 0.0617 0.2597 -0.1597 -0.2925 -0.3518 -0.3241 0.0988 0.2665 -0.1967 -0.3077 -0.3583 -0.2230 0.1464 0.1336 -0.2400 -0.3256 -0.3621 -0.0352 0.2072 -0.0913 -0.2752 -0.3429 -0.3560 0.0514 0.1697 0.0514 -0.3560 -0.3429 -0.2752 -0.0913 0.2072 -0.0352 -0.3621 -0.3256 -0.2400 0.1336 0.1464 -0.2230 -0.3583 -0.3077 -0.1967 0.2665 0.0988 -0.3241 -0.3518 -0.2925 -0.1597 0.2597 0.0617 -0.3538 -0.3450 -0.2811 -0.1259 0.2354 0.0288 -0.3617 -0.3390 -0.2722 -0.0895 0.2131 -0.0075 -0.3628 -0.3332 -0.2640 -0.0368 0.1925 -0.0572 -0.3621 -0.3271 -0.2493 0.0463 0.1717 -0.1238 -0.3612 -0.2971
-0.3441 -0.0968 0.1803 0.0105 -0.2560 -0.3294 -0.3624 -0.0367 0.1999 -0.0591 -0.2670 -0.3353 -0.3629 0.0064 0.2207 -0.1032 -0.2751 -0.3410 -0.3602 0.0387 0.2422 -0.1346 -0.2835 -0.3464 -0.3507 0.0673 0.2628 -0.1637 -0.2938 -0.3523 -0.3214 0.1002 0.2661 -0.1967 -0.3075 -0.3582 -0.2292 0.1437 0.1489 -0.2368 -0.3242 -0.3619 -0.0485 0.2018 -0.0794 -0.2729 -0.3412 -0.3580 0.0545 0.2496 0.0305 0.2496 0.0545 -0.3580 -0.3412 -0.2729 -0.0794 0.2018 -0.0485 -0.3619 -0.3242 -0.2368 0.1489 0.1437 -0.2292 -0.3582 -0.3075 -0.1967 0.2661 0.1002 -0.3214 -0.3523 -0.2938 -0.1637 0.2628 0.0673 -0.3507 -0.3464 -0.2835 -0.1346 0.2422 0.0387 -0.3602 -0.3410 -0.2751 -0.1032 0.2207 0.0064 -0.3629 -0.3353 -0.2670 -0.0591 0.1999 -0.0367 -0.3624 -0.3294 -0.2560 0.0105 0.1803 -0.0968 -0.3441
-0.0917 0.1881 -0.0199 -0.2614 -0.3317 -0.3627 -0.0187 0.2075 -0.0776 -0.2700 -0.3374 -0.3624 0.0189 0.2283 -0.1151 -0.2779 -0.3428 -0.3581 0.0481 0.2489 -0.1432 -0.2860 -0.3478 -0.3465 0.0736 0.2659 -0.1686 -0.2954 -0.3530 -0.3166 0.1028 0.2646 -0.1979 -0.3077 -0.3582 -0.2312 0.1423 0.1580 -0.2346 -0.3232 -0.3617 -0.0604 0.1972 -0.0676 -0.2708 -0.3397 -0.3598 0.0490 0.2540 -0.1463 -0.2551 -0.1463 0.2540 0.0490 -0.3598 -0.3397 -0.2708 -0.0676 0.1972 -0.0604 -0.3617 -0.3232 -0.2346 0.1580 0.1423 -0.2312 -0.3582 -0.3077 -0.1979 0.2646 0.1028 -0.3166 -0.3530 -0.2954 -0.1686 0.2659 0.0736 -0.3465 -0.3478 -0.2860 -0.1432 0.2489 0.0481 -0.3581 -0.3428 -0.2779 -0.1151 0.2283 0.0189 -0.3624 -0.3374 -0.2700 -0.0776 0.2075 -0.0187 -0.3627 -0.3317 -0.2614 -0.0199 0.1881 -0.0917
0.1916 -0.0451 -0.2650 -0.3339 -0.3629 -0.0031 0.2152 -0.0933 -0.2729 -0.3395 -0.3614 0.0302 0.2359 -0.1258 -0.2808 -0.3446 -0.3551 0.0569 0.2552 -0.1515 -0.2888 -0.3493 -0.3410 0.0804 0.2685 -0.1742 -0.2974 -0.3538 -0.3097 0.1066 0.2617 -0.2001 -0.3084 -0.3583 -0.2292 0.1423 0.1611 -0.2336 -0.3226 -0.3616 -0.0698 0.1937 -0.0569 -0.2690 -0.3384 -0.3610 0.0422 0.2502 -0.1506 -0.2880 -0.3347 -0.2880 -0.1506 0.2502 0.0422 -0.3610 -0.3384 -0.2690 -0.0569 0.1937 -0.0698 -0.3616 -0.3226 -0.2336 0.1611 0.1423 -0.2292 -0.3583 -0.3084 -0.2001 0.2617 0.1066 -0.3097 -0.3538 -0.2974 -0.1742 0.2685 0.0804 -0.3410 -0.3493 -0.2888 -0.1515 0.2552 0.0569 -0.3551 -0.3446 -0.2808 -0.1258 0.2359 0.0302 -0.3614 -0.3395 -0.2729 -0.0933 0.2152 -0.0031 -0.3629 -0.3339 -0.2650 -0.0451 0.1916
-0.0627 -0.2680 -0.3361 -0.3628 0.0107 0.2230 -0.1068 -0.2759 -0.3415 -0.3598 0.0406 0.2433 -0.1356 -0.2836 -0.3464 -0.3512 0.0653 0.2608 -0.1593 -0.2915 -0.3508 -0.3340 0.0874 0.2700 -0.1801 -0.2996 -0.3548 -0.3003 0.1113 0.2567 -0.2033 -0.3096 -0.3586 -0.2230 0.1437 0.1580 -0.2336 -0.3224 -0.3616 -0.0758 0.1912 -0.0482 -0.2675 -0.3372 -0.3618 0.0356 0.2457 -0.1460 -0.2889 -0.3551 -0.3797 -0.3551 -0.2889 -0.1460 0.2457 0.0356 -0.3618 -0.3372 -0.2675 -0.0482 0.1912 -0.0758 -0.3616 -0.3224 -0.2336 0.1580 0.1437 -0.2230 -0.3586 -0.3096 -0.2033 0.2567 0.1113 -0.3003 -0.3548 -0.2996 -0.1801 0.2700 0.0874 -0.3340 -0.3508 -0.2915 -0.1593 0.2608 0.0653 -0.3512 -0.3464 -0.2836 -0.1356 0.2433 0.0406 -0.3598 -0.3415 -0.2759 -0.1068 0.2230 0.0107 -0.3628 -0.3361 -0.2680 -0.0627
-0.2453 -0.3382 -0.3622 0.0229 0.2309 -0.1187 -0.2788 -0.3434 -0.3574 0.0503 0.2503 -0.1448 -0.2865 -0.3480 -0.3463 0.0733 0.2654 -0.1667 -0.2943 -0.3522 -0.3253 0.0947 0.2697 -0.1864 -0.3021 -0.3558 -0.2883 0.1169 0.2486 -0.2074 -0.3111 -0.3590 -0.2127 0.1464 0.1489 -0.2346 -0.3226 -0.3616 -0.0779 0.1899 -0.0424 -0.2665 -0.3364 -0.3623 0.0299 0.2415 -0.1406 -0.2874 -0.3504 -0.3414 -0.0250 -0.3414 -0.3504 -0.2874 -0.1406 0.2415 0.0299 -0.3623 -0.3364 -0.2665 -0.0424 0.1899 -0.0779 -0.3616 -0.3226 -0.2346 0.1489 0.1464 -0.2127 -0.3590 -0.3111 -0.2074 0.2486 0.1169 -0.2883 -0.3558 -0.3021 -0.1864 0.2697 0.0947 -0.3253 -0.3522 -0.2943 -0.1667 0.2654 0.0733 -0.3463 -0.3480 -0.2865 -0.1448 0.2503 0.0503 -0.3574 -0.3434 -0.2788 -0.1187 0.2309 0.0229 -0.3622 -0.3382 -0.2453
-0.3179 -0.3610 0.0340 0.2385 -0.1293 -0.2817 -0.3452 -0.3541 0.0592 0.2567 -0.1533 -0.2893 -0.3496 -0.3401 0.0810 0.2686 -0.1738 -0.2970 -0.3535 -0.3150 0.1019 0.2669 -0.1928 -0.3046 -0.3567 -0.2735 0.1230 0.2366 -0.2121 -0.3129 -0.3595 -0.1982 0.1504 0.1336 -0.2368 -0.3232 -0.3616 -0.0758 0.1899 -0.0403 -0.2660 -0.3359 -0.3625 0.0254 0.2379 -0.1357 -0.2858 -0.3490 -0.3389 0.0784 0.1949 0.0784 -0.3389 -0.3490 -0.2858 -0.1357 0.2379 0.0254 -0.3625 -0.3359 -0.2660 -0.0403 0.1899 -0.0758 -0.3616 -0.3232 -0.2368 0.1336 0.1504 -0.1982 -0.3595 -0.3129 -0.2121 0.2366 0.1230 -0.2735 -0.3567 -0.3046 -0.1928 0.2669 0.1019 -0.3150 -0.3535 -0.2970 -0.1738 0.2686 0.0810 -0.3401 -0.3496 -0.2893 -0.1533 0.2567 0.0592 -0.3541 -0.3452 -0.2817 -0.1293 0.2385 0.0340 -0.3610 -0.3179
-0.3467 0.0442 0.2458 -0.1389 -0.2846 -0.3469 -0.3498 0.0677 0.2622 -0.1612 -0.2922 -0.3511 -0.3325 0.0886 0.2701 -0.1806 -0.2997 -0.3547 -0.3027 0.1091 0.2608 -0.1991 -0.3072 -0.3576 -0.2556 0.1298 0.2195 -0.2174 -0.3149 -0.3600 -0.1798 0.1556 0.1119 -0.2400 -0.3242 -0.3617 -0.0698 0.1912 -0.0424 -0.2660 -0.3357 -0.3626 0.0225 0.2354 -0.1318 -0.2845 -0.3481 -0.3417 0.0834 0.2687 -0.0641 0.2687 0.0834 -0.3417 -0.3481 -0.2845 -0.1318 0.2354 0.0225 -0.3626 -0.3357 -0.2660 -0.0424 0.1912 -0.0698 -0.3617 -0.3242 -0.2400 0.1119 0.1556 -0.1798 -0.3600 -0.3149 -0.2174 0.2195 0.1298 -0.2556 -0.3576 -0.3072 -0.1991 0.2608 0.1091 -0.3027 -0.3547 -0.2997 -0.1806 0.2701 0.0886 -0.3325 -0.3511 -0.2922 -0.1612 0.2622 0.0677 -0.3498 -0.3469 -0.2846 -0.1389 0.2458 0.0442 -0.3467
0.0449 0.2526 -0.1478 -0.2875 -0.3486 -0.3443 0.0759 0.2665 -0.1688 -0.2950 -0.3525 -0.3231 0.0962 0.2694 -0.1873 -0.3024 -0.3558 -0.2884 0.1162 0.2511 -0.2053 -0.3098 -0.3585 -0.2347 0.1370 0.1965 -0.2231 -0.3172 -0.3604 -0.1582 0.1618 0.0848 -0.2440 -0.3256 -0.3619 -0.0604 0.1937 -0.0482 -0.2665 -0.3359 -0.3626 0.0215 0.2342 -0.1293 -0.2835 -0.3474 -0.3445 0.0811 0.2698 -0.1745 -0.2679 -0.1745 0.2698 0.0811 -0.3445 -0.3474 -0.2835 -0.1293 0.2342 0.0215 -0.3626 -0.3359 -0.2665 -0.0482 0.1937 -0.0604 -0.3619 -0.3256 -0.2440 0.0848 0.1618 -0.1582 -0.3604 -0.3172 -0.2231 0.1965 0.1370 -0.2347 -0.3585 -0.3098 -0.2053 0.2511 0.1162 -0.2884 -0.3558 -0.3024 -0.1873 0.2694 0.0962 -0.3231 -0.3525 -0.2950 -0.1688 0.2665 0.0759 -0.3443 -0.3486 -0.2875 -0.1478 0.2526 0.0449
0.2535 -0.1561 -0.2903 -0.3502 -0.3376 0.0837 0.2693 -0.1760 -0.2978 -0.3539 -0.3120 0.1036 0.2658 -0.1940 -0.3051 -0.3569 -0.2718 0.1234 0.2368 -0.2115 -0.3123 -0.3593 -0.2113 0.1446 0.1672 -0.2291 -0.3195 -0.3609 -0.1340 0.1691 0.0542 -0.2487 -0.3272 -0.3621 -0.0485 0.1972 -0.0569 -0.2675 -0.3364 -0.3625 0.0225 0.2342 -0.1285 -0.2831 -0.3470 -0.3463 0.0784 0.2693 -0.1797 -0.2991 -0.3444 -0.2991 -0.1797 0.2693 0.0784 -0.3463 -0.3470 -0.2831 -0.1285 0.2342 0.0225 -0.3625 -0.3364 -0.2675 -0.0569 0.1972 -0.0485 -0.3621 -0.3272 -0.2487 0.0542 0.1691 -0.1340 -0.3609 -0.3195 -0.2291 0.1672 0.1446 -0.2113 -0.3593 -0.3123 -0.2115 0.2368 0.1234 -0.2718 -0.3569 -0.3051 -0.1940 0.2658 0.1036 -0.3120 -0.3539 -0.2978 -0.1760 0.2693 0.0837 -0.3376 -0.3502 -0.2903 -0.1561 0.2535
-0.1546 -0.2932 -0.3516 -0.3293 0.0913 0.2701 -0.1830 -0.3005 -0.3551 -0.2988 0.1109 0.2588 -0.2005 -0.3077 -0.3578 -0.2525 0.1307 0.2176 -0.2177 -0.3149 -0.3599 -0.1860 0.1525 0.1326 -0.2352 -0.3219 -0.3614 -0.1087 0.1770 0.0225 -0.2541 -0.3290 -0.3623 -0.0352 0.2018 -0.0676 -0.2690 -0.3372 -0.3623 0.0254 0.2354 -0.1293 -0.2831 -0.3468 -0.3472 0.0765 0.2687 -0.1783 -0.3003 -0.3616 -0.3770 -0.3616 -0.3003 -0.1783 0.2687 0.0765 -0.3472 -0.3468 -0.2831 -0.1293 0.2354 0.0254 -0.3623 -0.3372 -0.2690 -0.0676 0.2018 -0.0352 -0.3623 -0.3290 -0.2541 0.0225 0.1770 -0.1087 -0.3614 -0.3219 -0.2352 0.1326 0.1525 -0.1860 -0.3599 -0.3149 -0.2177 0.2176 0.1307 -0.2525 -0.3578 -0.3077 -0.2005 0.2588 0.1109 -0.2988 -0.3551 -0.3005 -0.1830 0.2701 0.0913 -0.3293 -0.3516 -0.2932 -0.1546
-0.2714 -0.3531 -0.3194 0.0988 0.2685 -0.1897 -0.3033 -0.3562 -0.2833 0.1183 0.2476 -0.2069 -0.3104 -0.3587 -0.2304 0.1383 0.1926 -0.2238 -0.3174 -0.3605 -0.1592 0.1607 0.0946 -0.2415 -0.3242 -0.3617 -0.0839 0.1845 -0.0072 -0.2596 -0.3309 -0.3626 -0.0214 0.2072 -0.0794 -0.2708 -0.3384 -0.3618 0.0299 0.2379 -0.1318 -0.2835 -0.3470 -0.3472 0.0759 0.2682 -0.1768 -0.2998 -0.3562 -0.3009 0.0287 -0.3009 -0.3562 -0.2998 -0.1768 0.2682 0.0759 -0.3472 -0.3470 -0.2835 -0.1318 0.2379 0.0299 -0.3618 -0.3384 -0.2708 -0.0794 0.2072 -0.0214 -0.3626 -0.3309 -0.2596 -0.0072 0.1845 -0.0839 -0.3617 -0.3242 -0.2415 0.0946 0.1607 -0.1592 -0.3605 -0.3174 -0.2238 0.1926 0.1383 -0.2304 -0.3587 -0.3104 -0.2069 0.2476 0.1183 -0.2833 -0.3562 -0.3033 -0.1897 0.2685 0.0988 -0.3194 -0.3531 -0.2714
-0.3339 -0.3077 0.1062 0.2638 -0.1963 -0.3060 -0.3572 -0.2655 0.1258 0.2315 -0.2133 -0.3130 -0.3594 -0.2059 0.1461 0.1614 -0.2300 -0.3198 -0.3610 -0.1320 0.1692 0.0562 -0.2478 -0.3266 -0.3620 -0.0611 0.1914 -0.0334 -0.2636 -0.3330 -0.3628 -0.0079 0.2133 -0.0913 -0.2729 -0.3397 -0.3610 0.0356 0.2415 -0.1357 -0.2845 -0.3474 -0.3463 0.0765 0.2682 -0.1763 -0.2994 -0.3554 -0.2903 0.1091 0.2272 0.1091 -0.2903 -0.3554 -0.2994 -0.1763 0.2682 0.0765 -0.3463 -0.3474 -0.2845 -0.1357 0.2415 0.0356 -0.3610 -0.3397 -0.2729 -0.0913 0.2133 -0.0079 -0.3628 -0.3330 -0.2636 -0.0334 0.1914 -0.0611 -0.3620 -0.3266 -0.2478 0.0562 0.1692 -0.1320 -0.3610 -0.3198 -0.2300 0.1614 0.1461 -0.2059 -0.3594 -0.3130 -0.2133 0.2315 0.1258 -0.2655 -0.3572 -0.3060 -0.1963 0.2638 0.1062 -0.3077 -0.3339
-0.2963 0.1137 0.2555 -0.2027 -0.3087 -0.3582 -0.2452 0.1332 0.2102 -0.2195 -0.3156 -0.3601 -0.1796 0.1542 0.1253 -0.2363 -0.3223 -0.3614 -0.1056 0.1777 0.0207 -0.2541 -0.3288 -0.3623 -0.0409 0.1984 -0.0554 -0.2665 -0.3350 -0.3629 0.0051 0.2201 -0.1028 -0.2752 -0.3412 -0.3598 0.0422 0.2457 -0.1406 -0.2858 -0.3481 -0.3445 0.0784 0.2687 -0.1768 -0.2994 -0.3552 -0.2902 0.1175 0.2576 -0.1294 0.2576 0.1175 -0.2902 -0.3552 -0.2994 -0.1768 0.2687 0.0784 -0.3445 -0.3481 -0.2858 -0.1406 0.2457 0.0422 -0.3598 -0.3412 -0.2752 -0.1028 0.2201 0.0051 -0.3629 -0.3350 -0.2665 -0.0554 0.1984 -0.0409 -0.3623 -0.3288 -0.2541 0.0207 0.1777 -0.1056 -0.3614 -0.3223 -0.2363 0.1253 0.1542 -0.1796 -0.3601 -0.3156 -0.2195 0.2102 0.1332 -0.2452 -0.3582 -0.3087 -0.2027 0.2555 0.1137 -0.2963
0.1150 0.2435 -0.2088 -0.3112 -0.3591 -0.2233 0.1404 0.1842 -0.2256 -0.3181 -0.3608 -0.1531 0.1621 0.0877 -0.2425 -0.3247 -0.3619 -0.0814 0.1851 -0.0093 -0.2598 -0.3310 -0.3626 -0.0237 0.2054 -0.0732 -0.2693 -0.3371 -0.3625 0.0168 0.2271 -0.1135 -0.2777 -0.3429 -0.3580 0.0490 0.2502 -0.1460 -0.2874 -0.3490 -0.3417 0.0811 0.2693 -0.1783 -0.2998 -0.3554 -0.2902 0.1185 0.2423 -0.2059 -0.2821 -0.2059 0.2423 0.1185 -0.2902 -0.3554 -0.2998 -0.1783 0.2693 0.0811 -0.3417 -0.3490 -0.2874 -0.1460 0.2502 0.0490 -0.3580 -0.3429 -0.2777 -0.1135 0.2271 0.0168 -0.3625 -0.3371 -0.2693 -0.0732 0.2054 -0.0237 -0.3626 -0.3310 -0.2598 -0.0093 0.1851 -0.0814 -0.3619 -0.3247 -0.2425 0.0877 0.1621 -0.1531 -0.3608 -0.3181 -0.2256 0.1842 0.1404 -0.2233 -0.3591 -0.3112 -0.2088 0.2435 0.1150
0.2239 -0.2138 -0.3136 -0.3605 -0.2035 0.1457 0.1593 -0.2307 -0.3204 -0.3618 -0.1309 0.1676 0.0572 -0.2478 -0.3270 -0.3626 -0.0629 0.1905 -0.0302 -0.2632 -0.3333 -0.3628 -0.0112 0.2111 -0.0857 -0.2716 -0.3393 -0.3618 0.0256 0.2329 -0.1218 -0.2798 -0.3448 -0.3560 0.0545 0.2540 -0.1506 -0.2889 -0.3504 -0.3389 0.0834 0.2698 -0.1797 -0.3003 -0.3562 -0.2903 0.1175 0.2423 -0.2117 -0.3127 -0.3564 -0.3127 -0.2117 0.2423 0.1175 -0.2903 -0.3562 -0.3003 -0.1797 0.2698 0.0834 -0.3389 -0.3504 -0.2889 -0.1506 0.2540 0.0545 -0.3560 -0.3448 -0.2798 -0.1218 0.2329 0.0256 -0.3618 -0.3393 -0.2716 -0.0857 0.2111 -0.0112 -0.3628 -0.3333 -0.2632 -0.0302 0.1905 -0.0629 -0.3626 -0.3270 -0.2478 0.0572 0.1676 -0.1309 -0.3618 -0.3204 -0.2307 0.1593 0.1457 -0.2035 -0.3605 -0.3136 -0.2138 0.2239
-0.1963 -0.3146 -0.3677 -0.2063 0.1404 0.1739 -0.2297 -0.3220 -0.3693 -0.1342 0.1601 0.0739 -0.2471 -0.3291 -0.3697 -0.0659 0.1812 -0.0188 -0.2620 -0.3360 -0.3687 -0.0140 0.2022 -0.0789 -0.2706 -0.3427 -0.3655 0.0232 0.2254 -0.1173 -0.2791 -0.3489 -0.3580 0.0514 0.2496 -0.1463 -0.2880 -0.3551 -0.3414 0.0784 0.2687 -0.1745 -0.2991 -0.3616 -0.3009 0.1091 0.2576 -0.2059 -0.3127 -0.3745 -0.3661 -0.3745 -0.3127 -0.2059 0.2576 0.1091 -0.3009 -0.3616 -0.2991 -0.1745 0.2687 0.0784 -0.3414 -0.3551 -0.2880 -0.1463 0.2496 0.0514 -0.3580 -0.3489 -0.2791 -0.1173 0.2254 0.0232 -0.3655 -0.3427 -0.2706 -0.0789 0.2022 -0.0140 -0.3687 -0.3360 -0.2620 -0.0188 0.1812 -0.0659 -0.3697 -0.3291 -0.2471 0.0739 0.1601 -0.1342 -0.3693 -0.3220 -0.2297 0.1739 0.1404 -0.2063 -0.3677 -0.3146 -0.1963
-0.2611 -0.3583 -0.3563 0.0718 0.2579 -0.1711 -0.2941 -0.3637 -0.3333 0.0907 0.2660 -0.1937 -0.3022 -0.3688 -0.2972 0.1087 0.2580 -0.2133 -0.3102 -0.3731 -0.2437 0.1273 0.2210 -0.2270 -0.3183 -0.3766 -0.1710 0.1475 0.1409 -0.2407 -0.3264 -0.3788 -0.0929 0.1697 0.0305 -0.2551 -0.3347 -0.3797 -0.0250 0.1949 -0.0641 -0.2679 -0.3444 -0.3770 0.0287 0.2272 -0.1294 -0.2821 -0.3564 -0.3661 -0.0783 -0.3661 -0.3564 -0.2821 -0.1294 0.2272 0.0287 -0.3770 -0.3444 -0.2679 -0.0641 0.1949 -0.0250 -0.3797 -0.3347 -0.2551 0.0305 0.1697 -0.0929 -0.3788 -0.3264 -0.2407 0.1409 0.1475 -0.1710 -0.3766 -0.3183 -0.2270 0.2210 0.1273 -0.2437 -0.3731 -0.3102 -0.2133 0.2580 0.1087 -0.2972 -0.3688 -0.3022 -0.1937 0.2660 0.0907 -0.3333 -0.3637 -0.2941 -0.1711 0.2579 0.0718 -0.3563 -0.3583 -0.2611
