1.0000 1.0000 0.0002 0.0027 0.0309 0.3581 1.0000 1.0000 0.0005 0.0059 0.0688 0.7960 1.0000 0.0001 0.0011 0.0132 0.1525 1.0000 1.0000 0.0002 0.0025 0.0293 0.3382 1.0000 1.0000 0.0005 0.0056 0.0649 0.7504 1.0000 0.0001 0.0011 0.0124 0.1437 1.0000 1.0000 0.0002 0.0024 0.0276 0.3189 1.0000 1.0000 0.0005 0.0053 0.0611 0.7074 1.0000 0.0001 0.0010 0.0102 0.0470 0.0102 0.0010 0.0001 1.0000 0.7074 0.0611 0.0053 0.0005 1.0000 1.0000 0.3189 0.0276 0.0024 0.0002 1.0000 1.0000 0.1437 0.0124 0.0011 0.0001 1.0000 0.7504 0.0649 0.0056 0.0005 1.0000 1.0000 0.3382 0.0293 0.0025 0.0002 1.0000 1.0000 0.1525 0.0132 0.0011 0.0001 1.0000 0.7960 0.0688 0.0059 0.0005 1.0000 1.0000 0.3581 0.0309 0.0027 0.0002 1.0000 1.0000
1.0000 0.0002 0.0027 0.0310 0.3567 1.0000 1.0000 0.0005 0.0059 0.0682 0.7884 1.0000 0.0001 0.0011 0.0131 0.1513 1.0000 1.0000 0.0002 0.0025 0.0290 0.3357 1.0000 1.0000 0.0005 0.0056 0.0643 0.7433 1.0000 0.0001 0.0011 0.0123 0.1426 1.0000 1.0000 0.0002 0.0024 0.0273 0.3158 1.0000 1.0000 0.0005 0.0052 0.0606 0.7007 1.0000 0.0001 0.0010 0.0113 0.1175 0.5288 0.1175 0.0113 0.0010 0.0001 1.0000 0.7007 0.0606 0.0052 0.0005 1.0000 1.0000 0.3158 0.0273 0.0024 0.0002 1.0000 1.0000 0.1426 0.0123 0.0011 0.0001 1.0000 0.7433 0.0643 0.0056 0.0005 1.0000 1.0000 0.3357 0.0290 0.0025 0.0002 1.0000 1.0000 0.1513 0.0131 0.0011 0.0001 1.0000 0.7884 0.0682 0.0059 0.0005 1.0000 1.0000 0.3567 0.0310 0.0027 0.0002 1.0000
0.0002 0.0027 0.0299 0.3376 1.0000 1.0000 0.0005 0.0054 0.0624 0.7196 1.0000 0.0001 0.0010 0.0119 0.1378 1.0000 1.0000 0.0002 0.0023 0.0265 0.3058 1.0000 1.0000 0.0004 0.0051 0.0586 0.6784 1.0000 0.0001 0.0010 0.0112 0.1299 1.0000 1.0000 0.0002 0.0022 0.0249 0.2883 1.0000 1.0000 0.0004 0.0048 0.0552 0.6396 1.0000 0.0001 0.0009 0.0105 0.1193 1.0000 1.0000 1.0000 0.1193 0.0105 0.0009 0.0001 1.0000 0.6396 0.0552 0.0048 0.0004 1.0000 1.0000 0.2883 0.0249 0.0022 0.0002 1.0000 1.0000 0.1299 0.0112 0.0010 0.0001 1.0000 0.6784 0.0586 0.0051 0.0004 1.0000 1.0000 0.3058 0.0265 0.0023 0.0002 1.0000 1.0000 0.1378 0.0119 0.0010 0.0001 1.0000 0.7196 0.0624 0.0054 0.0005 1.0000 1.0000 0.3376 0.0299 0.0027 0.0002
0.0027 0.0310 0.3376 1.0000 1.0000 0.0004 0.0050 0.0576 0.6619 1.0000 0.0001 0.0009 0.0109 0.1258 1.0000 1.0000 0.0002 0.0021 0.0241 0.2791 1.0000 1.0000 0.0004 0.0046 0.0535 0.6181 1.0000 0.0001 0.0009 0.0102 0.1186 1.0000 1.0000 0.0002 0.0020 0.0227 0.2626 1.0000 1.0000 0.0004 0.0044 0.0504 0.5827 1.0000 0.0001 0.0008 0.0097 0.1112 1.0000 1.0000 1.0000 1.0000 1.0000 0.1112 0.0097 0.0008 0.0001 1.0000 0.5827 0.0504 0.0044 0.0004 1.0000 1.0000 0.2626 0.0227 0.0020 0.0002 1.0000 1.0000 0.1186 0.0102 0.0009 0.0001 1.0000 0.6181 0.0535 0.0046 0.0004 1.0000 1.0000 0.2791 0.0241 0.0021 0.0002 1.0000 1.0000 0.1258 0.0109 0.0009 0.0001 1.0000 0.6619 0.0576 0.0050 0.0004 1.0000 1.0000 0.3376 0.0310 0.0027
0.0309 0.3567 1.0000 1.0000 0.0004 0.0048 0.0544 0.6192 1.0000 0.0001 0.0009 0.0100 0.1153 1.0000 1.0000 0.0002 0.0019 0.0220 0.2543 1.0000 1.0000 0.0004 0.0042 0.0487 0.5641 1.0000 0.0001 0.0008 0.0093 0.1081 1.0000 1.0000 0.0002 0.0018 0.0207 0.2397 1.0000 1.0000 0.0003 0.0040 0.0459 0.5318 1.0000 1.0000 0.0008 0.0088 0.1019 1.0000 1.0000 0.0001 0.0006 0.0001 1.0000 1.0000 0.1019 0.0088 0.0008 1.0000 1.0000 0.5318 0.0459 0.0040 0.0003 1.0000 1.0000 0.2397 0.0207 0.0018 0.0002 1.0000 1.0000 0.1081 0.0093 0.0008 0.0001 1.0000 0.5641 0.0487 0.0042 0.0004 1.0000 1.0000 0.2543 0.0220 0.0019 0.0002 1.0000 1.0000 0.1153 0.0100 0.0009 0.0001 1.0000 0.6192 0.0544 0.0048 0.0004 1.0000 1.0000 0.3567 0.0309
0.3581 1.0000 1.0000 0.0004 0.0048 0.0533 0.5961 1.0000 0.0001 0.0008 0.0092 0.1060 1.0000 1.0000 0.0002 0.0017 0.0201 0.2321 1.0000 1.0000 0.0003 0.0038 0.0445 0.5139 1.0000 1.0000 0.0007 0.0085 0.0986 1.0000 1.0000 0.0001 0.0016 0.0189 0.2188 1.0000 1.0000 0.0003 0.0036 0.0419 0.4845 1.0000 1.0000 0.0007 0.0080 0.0930 1.0000 1.0000 0.0001 0.0013 0.0060 0.0013 0.0001 1.0000 1.0000 0.0930 0.0080 0.0007 1.0000 1.0000 0.4845 0.0419 0.0036 0.0003 1.0000 1.0000 0.2188 0.0189 0.0016 0.0001 1.0000 1.0000 0.0986 0.0085 0.0007 1.0000 1.0000 0.5139 0.0445 0.0038 0.0003 1.0000 1.0000 0.2321 0.0201 0.0017 0.0002 1.0000 1.0000 0.1060 0.0092 0.0008 0.0001 1.0000 0.5961 0.0533 0.0048 0.0004 1.0000 1.0000 0.3581
1.0000 1.0000 0.0005 0.0050 0.0544 0.5961 1.0000 0.0001 0.0008 0.0087 0.0992 1.0000 1.0000 0.0001 0.0016 0.0184 0.2127 1.0000 1.0000 0.0003 0.0035 0.0406 0.4691 1.0000 1.0000 0.0007 0.0078 0.0899 1.0000 1.0000 0.0001 0.0015 0.0172 0.1993 1.0000 1.0000 0.0003 0.0033 0.0383 0.4423 1.0000 1.0000 0.0006 0.0073 0.0847 0.9812 1.0000 0.0001 0.0014 0.0142 0.0636 0.0142 0.0014 0.0001 1.0000 0.9812 0.0847 0.0073 0.0006 1.0000 1.0000 0.4423 0.0383 0.0033 0.0003 1.0000 1.0000 0.1993 0.0172 0.0015 0.0001 1.0000 1.0000 0.0899 0.0078 0.0007 1.0000 1.0000 0.4691 0.0406 0.0035 0.0003 1.0000 1.0000 0.2127 0.0184 0.0016 0.0001 1.0000 1.0000 0.0992 0.0087 0.0008 0.0001 1.0000 0.5961 0.0544 0.0050 0.0005 1.0000 1.0000
1.0000 0.0005 0.0054 0.0576 0.6192 1.0000 0.0001 0.0008 0.0084 0.0946 1.0000 1.0000 0.0001 0.0015 0.0170 0.1952 1.0000 1.0000 0.0003 0.0032 0.0370 0.4282 1.0000 1.0000 0.0006 0.0071 0.0820 0.9481 1.0000 0.0001 0.0014 0.0157 0.1820 1.0000 1.0000 0.0003 0.0030 0.0349 0.4037 1.0000 1.0000 0.0006 0.0067 0.0773 0.8939 1.0000 0.0001 0.0013 0.0144 0.1502 0.6707 0.1502 0.0144 0.0013 0.0001 1.0000 0.8939 0.0773 0.0067 0.0006 1.0000 1.0000 0.4037 0.0349 0.0030 0.0003 1.0000 1.0000 0.1820 0.0157 0.0014 0.0001 1.0000 0.9481 0.0820 0.0071 0.0006 1.0000 1.0000 0.4282 0.0370 0.0032 0.0003 1.0000 1.0000 0.1952 0.0170 0.0015 0.0001 1.0000 1.0000 0.0946 0.0084 0.0008 0.0001 1.0000 0.6192 0.0576 0.0054 0.0005 1.0000
0.0005 0.0059 0.0624 0.6619 1.0000 0.0001 0.0008 0.0084 0.0930 1.0000 1.0000 0.0001 0.0014 0.0158 0.1809 1.0000 1.0000 0.0003 0.0029 0.0339 0.3923 1.0000 1.0000 0.0006 0.0065 0.0749 0.8654 1.0000 0.0001 0.0012 0.0143 0.1658 1.0000 1.0000 0.0002 0.0027 0.0318 0.3678 1.0000 1.0000 0.0005 0.0061 0.0704 0.8159 1.0000 0.0001 0.0012 0.0134 0.1525 1.0000 1.0000 1.0000 0.1525 0.0134 0.0012 0.0001 1.0000 0.8159 0.0704 0.0061 0.0005 1.0000 1.0000 0.3678 0.0318 0.0027 0.0002 1.0000 1.0000 0.1658 0.0143 0.0012 0.0001 1.0000 0.8654 0.0749 0.0065 0.0006 1.0000 1.0000 0.3923 0.0339 0.0029 0.0003 1.0000 1.0000 0.1809 0.0158 0.0014 0.0001 1.0000 1.0000 0.0930 0.0084 0.0008 0.0001 1.0000 0.6619 0.0624 0.0059 0.0005
0.0059 0.0682 0.7196 1.0000 0.0001 0.0008 0.0087 0.0946 1.0000 1.0000 0.0001 0.0013 0.0150 0.1702 1.0000 1.0000 0.0002 0.0027 0.0312 0.3595 1.0000 1.0000 0.0005 0.0059 0.0683 0.7899 1.0000 0.0001 0.0011 0.0131 0.1513 1.0000 1.0000 0.0002 0.0025 0.0290 0.3357 1.0000 1.0000 0.0005 0.0056 0.0643 0.7433 1.0000 0.0001 0.0011 0.0123 0.1418 1.0000 1.0000 1.0000 1.0000 1.0000 0.1418 0.0123 0.0011 0.0001 1.0000 0.7433 0.0643 0.0056 0.0005 1.0000 1.0000 0.3357 0.0290 0.0025 0.0002 1.0000 1.0000 0.1513 0.0131 0.0011 0.0001 1.0000 0.7899 0.0683 0.0059 0.0005 1.0000 1.0000 0.3595 0.0312 0.0027 0.0002 1.0000 1.0000 0.1702 0.0150 0.0013 0.0001 1.0000 1.0000 0.0946 0.0087 0.0008 0.0001 1.0000 0.7196 0.0682 0.0059
0.0688 0.7884 1.0000 0.0001 0.0009 0.0092 0.0992 1.0000 1.0000 0.0001 0.0013 0.0146 0.1636 1.0000 1.0000 0.0002 0.0025 0.0289 0.3319 1.0000 1.0000 0.0005 0.0054 0.0626 0.7224 1.0000 0.0001 0.0010 0.0119 0.1381 1.0000 1.0000 0.0002 0.0023 0.0265 0.3058 1.0000 1.0000 0.0004 0.0051 0.0587 0.6784 1.0000 0.0001 0.0010 0.0112 0.1299 1.0000 1.0000 0.0002 0.0007 0.0002 1.0000 1.0000 0.1299 0.0112 0.0010 0.0001 1.0000 0.6784 0.0587 0.0051 0.0004 1.0000 1.0000 0.3058 0.0265 0.0023 0.0002 1.0000 1.0000 0.1381 0.0119 0.0010 0.0001 1.0000 0.7224 0.0626 0.0054 0.0005 1.0000 1.0000 0.3319 0.0289 0.0025 0.0002 1.0000 1.0000 0.1636 0.0146 0.0013 0.0001 1.0000 1.0000 0.0992 0.0092 0.0009 0.0001 1.0000 0.7884 0.0688
0.7960 1.0000 0.0001 0.0009 0.0100 0.1060 1.0000 1.0000 0.0001 0.0013 0.0146 0.1614 1.0000 1.0000 0.0002 0.0024 0.0271 0.3093 1.0000 1.0000 0.0004 0.0050 0.0574 0.6619 1.0000 0.0001 0.0009 0.0109 0.1263 1.0000 1.0000 0.0002 0.0021 0.0241 0.2791 1.0000 1.0000 0.0004 0.0046 0.0535 0.6192 1.0000 0.0001 0.0009 0.0103 0.1186 1.0000 1.0000 0.0002 0.0017 0.0077 0.0017 0.0002 1.0000 1.0000 0.1186 0.0103 0.0009 0.0001 1.0000 0.6192 0.0535 0.0046 0.0004 1.0000 1.0000 0.2791 0.0241 0.0021 0.0002 1.0000 1.0000 0.1263 0.0109 0.0009 0.0001 1.0000 0.6619 0.0574 0.0050 0.0004 1.0000 1.0000 0.3093 0.0271 0.0024 0.0002 1.0000 1.0000 0.1614 0.0146 0.0013 0.0001 1.0000 1.0000 0.1060 0.0100 0.0009 0.0001 1.0000 0.7960
1.0000 0.0001 0.0010 0.0109 0.1153 1.0000 1.0000 0.0001 0.0014 0.0150 0.1636 1.0000 1.0000 0.0002 0.0023 0.0258 0.2922 1.0000 1.0000 0.0004 0.0046 0.0529 0.6087 1.0000 0.0001 0.0009 0.0100 0.1155 1.0000 1.0000 0.0002 0.0019 0.0220 0.2548 1.0000 1.0000 0.0004 0.0042 0.0488 0.5641 1.0000 0.0001 0.0008 0.0093 0.1083 1.0000 1.0000 0.0002 0.0017 0.0182 0.0811 0.0182 0.0017 0.0002 1.0000 1.0000 0.1083 0.0093 0.0008 0.0001 1.0000 0.5641 0.0488 0.0042 0.0004 1.0000 1.0000 0.2548 0.0220 0.0019 0.0002 1.0000 1.0000 0.1155 0.0100 0.0009 0.0001 1.0000 0.6087 0.0529 0.0046 0.0004 1.0000 1.0000 0.2922 0.0258 0.0023 0.0002 1.0000 1.0000 0.1636 0.0150 0.0014 0.0001 1.0000 1.0000 0.1153 0.0109 0.0010 0.0001 1.0000
0.0001 0.0011 0.0119 0.1258 1.0000 1.0000 0.0001 0.0015 0.0158 0.1702 1.0000 1.0000 0.0002 0.0023 0.0252 0.2818 1.0000 1.0000 0.0004 0.0043 0.0492 0.5631 1.0000 0.0001 0.0008 0.0092 0.1056 1.0000 1.0000 0.0002 0.0017 0.0202 0.2330 1.0000 1.0000 0.0003 0.0039 0.0445 0.5149 1.0000 1.0000 0.0007 0.0085 0.0986 1.0000 1.0000 0.0001 0.0016 0.0184 0.1915 0.8556 0.1915 0.0184 0.0016 0.0001 1.0000 1.0000 0.0986 0.0085 0.0007 1.0000 1.0000 0.5149 0.0445 0.0039 0.0003 1.0000 1.0000 0.2330 0.0202 0.0017 0.0002 1.0000 1.0000 0.1056 0.0092 0.0008 0.0001 1.0000 0.5631 0.0492 0.0043 0.0004 1.0000 1.0000 0.2818 0.0252 0.0023 0.0002 1.0000 1.0000 0.1702 0.0158 0.0015 0.0001 1.0000 1.0000 0.1258 0.0119 0.0011 0.0001
0.0011 0.0131 0.1378 1.0000 1.0000 0.0002 0.0016 0.0170 0.1809 1.0000 1.0000 0.0002 0.0023 0.0252 0.2786 1.0000 1.0000 0.0004 0.0041 0.0463 0.5268 1.0000 1.0000 0.0007 0.0084 0.0971 1.0000 1.0000 0.0001 0.0016 0.0184 0.2131 1.0000 1.0000 0.0003 0.0035 0.0407 0.4700 1.0000 1.0000 0.0007 0.0078 0.0900 1.0000 1.0000 0.0001 0.0015 0.0171 0.1945 1.0000 1.0000 1.0000 0.1945 0.0171 0.0015 0.0001 1.0000 1.0000 0.0900 0.0078 0.0007 1.0000 1.0000 0.4700 0.0407 0.0035 0.0003 1.0000 1.0000 0.2131 0.0184 0.0016 0.0001 1.0000 1.0000 0.0971 0.0084 0.0007 1.0000 1.0000 0.5268 0.0463 0.0041 0.0004 1.0000 1.0000 0.2786 0.0252 0.0023 0.0002 1.0000 1.0000 0.1809 0.0170 0.0016 0.0002 1.0000 1.0000 0.1378 0.0131 0.0011
0.0132 0.1513 1.0000 1.0000 0.0002 0.0017 0.0184 0.1952 1.0000 1.0000 0.0002 0.0024 0.0258 0.2818 1.0000 1.0000 0.0004 0.0039 0.0444 0.5004 1.0000 1.0000 0.0007 0.0078 0.0897 1.0000 1.0000 0.0001 0.0015 0.0169 0.1948 1.0000 1.0000 0.0003 0.0032 0.0372 0.4298 1.0000 1.0000 0.0006 0.0071 0.0822 0.9499 1.0000 0.0001 0.0014 0.0157 0.1809 1.0000 1.0000 0.0001 1.0000 1.0000 0.1809 0.0157 0.0014 0.0001 1.0000 0.9499 0.0822 0.0071 0.0006 1.0000 1.0000 0.4298 0.0372 0.0032 0.0003 1.0000 1.0000 0.1948 0.0169 0.0015 0.0001 1.0000 1.0000 0.0897 0.0078 0.0007 1.0000 1.0000 0.5004 0.0444 0.0039 0.0004 1.0000 1.0000 0.2818 0.0258 0.0024 0.0002 1.0000 1.0000 0.1952 0.0184 0.0017 0.0002 1.0000 1.0000 0.1513 0.0132
0.1525 1.0000 1.0000 0.0002 0.0019 0.0201 0.2127 1.0000 1.0000 0.0002 0.0025 0.0271 0.2922 1.0000 1.0000 0.0004 0.0039 0.0434 0.4845 1.0000 1.0000 0.0006 0.0073 0.0837 0.9572 1.0000 0.0001 0.0013 0.0155 0.1785 1.0000 1.0000 0.0003 0.0029 0.0340 0.3931 1.0000 1.0000 0.0006 0.0065 0.0750 0.8671 1.0000 0.0001 0.0012 0.0143 0.1658 1.0000 1.0000 0.0002 0.0009 0.0002 1.0000 1.0000 0.1658 0.0143 0.0012 0.0001 1.0000 0.8671 0.0750 0.0065 0.0006 1.0000 1.0000 0.3931 0.0340 0.0029 0.0003 1.0000 1.0000 0.1785 0.0155 0.0013 0.0001 1.0000 0.9572 0.0837 0.0073 0.0006 1.0000 1.0000 0.4845 0.0434 0.0039 0.0004 1.0000 1.0000 0.2922 0.0271 0.0025 0.0002 1.0000 1.0000 0.2127 0.0201 0.0019 0.0002 1.0000 1.0000 0.1525
1.0000 1.0000 0.0002 0.0021 0.0220 0.2321 1.0000 1.0000 0.0003 0.0027 0.0289 0.3093 1.0000 1.0000 0.0004 0.0039 0.0434 0.4790 1.0000 1.0000 0.0006 0.0070 0.0791 0.8990 1.0000 0.0001 0.0012 0.0143 0.1645 1.0000 1.0000 0.0002 0.0027 0.0311 0.3595 1.0000 1.0000 0.0005 0.0059 0.0686 0.7929 1.0000 0.0001 0.0011 0.0131 0.1516 1.0000 1.0000 0.0002 0.0022 0.0098 0.0022 0.0002 1.0000 1.0000 0.1516 0.0131 0.0011 0.0001 1.0000 0.7929 0.0686 0.0059 0.0005 1.0000 1.0000 0.3595 0.0311 0.0027 0.0002 1.0000 1.0000 0.1645 0.0143 0.0012 0.0001 1.0000 0.8990 0.0791 0.0070 0.0006 1.0000 1.0000 0.4790 0.0434 0.0039 0.0004 1.0000 1.0000 0.3093 0.0289 0.0027 0.0003 1.0000 1.0000 0.2321 0.0220 0.0021 0.0002 1.0000 1.0000
1.0000 0.0002 0.0023 0.0241 0.2543 1.0000 1.0000 0.0003 0.0029 0.0312 0.3319 1.0000 1.0000 0.0004 0.0041 0.0444 0.4845 1.0000 1.0000 0.0006 0.0068 0.0760 0.8572 1.0000 0.0001 0.0012 0.0133 0.1525 1.0000 1.0000 0.0002 0.0025 0.0285 0.3293 1.0000 1.0000 0.0005 0.0054 0.0627 0.7251 1.0000 0.0001 0.0010 0.0120 0.1386 1.0000 1.0000 0.0002 0.0022 0.0232 0.1036 0.0232 0.0022 0.0002 1.0000 1.0000 0.1386 0.0120 0.0010 0.0001 1.0000 0.7251 0.0627 0.0054 0.0005 1.0000 1.0000 0.3293 0.0285 0.0025 0.0002 1.0000 1.0000 0.1525 0.0133 0.0012 0.0001 1.0000 0.8572 0.0760 0.0068 0.0006 1.0000 1.0000 0.4845 0.0444 0.0041 0.0004 1.0000 1.0000 0.3319 0.0312 0.0029 0.0003 1.0000 1.0000 0.2543 0.0241 0.0023 0.0002 1.0000
0.0002 0.0025 0.0265 0.2791 1.0000 1.0000 0.0003 0.0032 0.0339 0.3595 1.0000 1.0000 0.0004 0.0043 0.0463 0.5004 1.0000 1.0000 0.0006 0.0067 0.0744 0.8315 1.0000 0.0001 0.0011 0.0125 0.1426 1.0000 1.0000 0.0002 0.0023 0.0262 0.3018 1.0000 1.0000 0.0004 0.0050 0.0574 0.6631 1.0000 0.0001 0.0009 0.0110 0.1268 1.0000 1.0000 0.0002 0.0021 0.0236 0.2453 1.0000 0.2453 0.0236 0.0021 0.0002 1.0000 1.0000 0.1268 0.0110 0.0009 0.0001 1.0000 0.6631 0.0574 0.0050 0.0004 1.0000 1.0000 0.3018 0.0262 0.0023 0.0002 1.0000 1.0000 0.1426 0.0125 0.0011 0.0001 1.0000 0.8315 0.0744 0.0067 0.0006 1.0000 1.0000 0.5004 0.0463 0.0043 0.0004 1.0000 1.0000 0.3595 0.0339 0.0032 0.0003 1.0000 1.0000 0.2791 0.0265 0.0025 0.0002
0.0025 0.0290 0.3058 1.0000 1.0000 0.0003 0.0035 0.0370 0.3923 1.0000 1.0000 0.0004 0.0046 0.0492 0.5268 1.0000 1.0000 0.0006 0.0068 0.0744 0.8221 1.0000 0.0001 0.0011 0.0119 0.1350 1.0000 1.0000 0.0002 0.0021 0.0242 0.2781 1.0000 1.0000 0.0004 0.0045 0.0525 0.6064 1.0000 0.0001 0.0009 0.0100 0.1159 1.0000 1.0000 0.0002 0.0019 0.0220 0.2495 1.0000 1.0000 1.0000 0.2495 0.0220 0.0019 0.0002 1.0000 1.0000 0.1159 0.0100 0.0009 0.0001 1.0000 0.6064 0.0525 0.0045 0.0004 1.0000 1.0000 0.2781 0.0242 0.0021 0.0002 1.0000 1.0000 0.1350 0.0119 0.0011 0.0001 1.0000 0.8221 0.0744 0.0068 0.0006 1.0000 1.0000 0.5268 0.0492 0.0046 0.0004 1.0000 1.0000 0.3923 0.0370 0.0035 0.0003 1.0000 1.0000 0.3058 0.0290 0.0025
0.0293 0.3357 1.0000 1.0000 0.0004 0.0038 0.0406 0.4282 1.0000 1.0000 0.0005 0.0050 0.0529 0.5631 1.0000 1.0000 0.0006 0.0070 0.0760 0.8315 1.0000 0.0001 0.0010 0.0116 0.1299 1.0000 1.0000 0.0002 0.0020 0.0226 0.2582 1.0000 1.0000 0.0004 0.0042 0.0482 0.5556 1.0000 0.0001 0.0008 0.0092 0.1060 1.0000 1.0000 0.0002 0.0017 0.0202 0.2325 1.0000 1.0000 0.0001 1.0000 1.0000 0.2325 0.0202 0.0017 0.0002 1.0000 1.0000 0.1060 0.0092 0.0008 0.0001 1.0000 0.5556 0.0482 0.0042 0.0004 1.0000 1.0000 0.2582 0.0226 0.0020 0.0002 1.0000 1.0000 0.1299 0.0116 0.0010 0.0001 1.0000 0.8315 0.0760 0.0070 0.0006 1.0000 1.0000 0.5631 0.0529 0.0050 0.0005 1.0000 1.0000 0.4282 0.0406 0.0038 0.0004 1.0000 1.0000 0.3357 0.0293
0.3382 1.0000 1.0000 0.0004 0.0042 0.0445 0.4691 1.0000 1.0000 0.0005 0.0054 0.0574 0.6087 1.0000 1.0000 0.0007 0.0073 0.0791 0.8572 1.0000 0.0001 0.0010 0.0115 0.1275 1.0000 1.0000 0.0002 0.0019 0.0213 0.2425 1.0000 1.0000 0.0003 0.0039 0.0443 0.5101 1.0000 1.0000 0.0007 0.0084 0.0970 1.0000 1.0000 0.0001 0.0016 0.0185 0.2135 1.0000 1.0000 0.0003 0.0012 0.0003 1.0000 1.0000 0.2135 0.0185 0.0016 0.0001 1.0000 1.0000 0.0970 0.0084 0.0007 1.0000 1.0000 0.5101 0.0443 0.0039 0.0003 1.0000 1.0000 0.2425 0.0213 0.0019 0.0002 1.0000 1.0000 0.1275 0.0115 0.0010 0.0001 1.0000 0.8572 0.0791 0.0073 0.0007 1.0000 1.0000 0.6087 0.0574 0.0054 0.0005 1.0000 1.0000 0.4691 0.0445 0.0042 0.0004 1.0000 1.0000 0.3382
1.0000 1.0000 0.0004 0.0046 0.0487 0.5139 1.0000 1.0000 0.0006 0.0059 0.0626 0.6619 1.0000 0.0001 0.0007 0.0078 0.0837 0.8990 1.0000 0.0001 0.0011 0.0116 0.1275 1.0000 1.0000 0.0002 0.0018 0.0204 0.2303 1.0000 1.0000 0.0003 0.0036 0.0410 0.4718 1.0000 1.0000 0.0007 0.0077 0.0887 1.0000 1.0000 0.0001 0.0015 0.0169 0.1956 1.0000 1.0000 0.0003 0.0028 0.0126 0.0028 0.0003 1.0000 1.0000 0.1956 0.0169 0.0015 0.0001 1.0000 1.0000 0.0887 0.0077 0.0007 1.0000 1.0000 0.4718 0.0410 0.0036 0.0003 1.0000 1.0000 0.2303 0.0204 0.0018 0.0002 1.0000 1.0000 0.1275 0.0116 0.0011 0.0001 1.0000 0.8990 0.0837 0.0078 0.0007 0.0001 1.0000 0.6619 0.0626 0.0059 0.0006 1.0000 1.0000 0.5139 0.0487 0.0046 0.0004 1.0000 1.0000
1.0000 0.0005 0.0051 0.0535 0.5641 1.0000 1.0000 0.0006 0.0065 0.0683 0.7224 1.0000 0.0001 0.0008 0.0084 0.0897 0.9572 1.0000 0.0001 0.0011 0.0119 0.1299 1.0000 1.0000 0.0002 0.0018 0.0198 0.2222 1.0000 1.0000 0.0003 0.0034 0.0384 0.4389 1.0000 1.0000 0.0006 0.0071 0.0814 0.9392 1.0000 0.0001 0.0013 0.0155 0.1789 1.0000 1.0000 0.0003 0.0029 0.0299 0.1337 0.0299 0.0029 0.0003 1.0000 1.0000 0.1789 0.0155 0.0013 0.0001 1.0000 0.9392 0.0814 0.0071 0.0006 1.0000 1.0000 0.4389 0.0384 0.0034 0.0003 1.0000 1.0000 0.2222 0.0198 0.0018 0.0002 1.0000 1.0000 0.1299 0.0119 0.0011 0.0001 1.0000 0.9572 0.0897 0.0084 0.0008 0.0001 1.0000 0.7224 0.0683 0.0065 0.0006 1.0000 1.0000 0.5641 0.0535 0.0051 0.0005 1.0000
0.0005 0.0056 0.0586 0.6181 1.0000 1.0000 0.0007 0.0071 0.0749 0.7899 1.0000 0.0001 0.0009 0.0092 0.0971 1.0000 1.0000 0.0001 0.0012 0.0125 0.1350 1.0000 1.0000 0.0002 0.0018 0.0196 0.2180 1.0000 1.0000 0.0003 0.0032 0.0363 0.4122 1.0000 1.0000 0.0006 0.0065 0.0750 0.8638 1.0000 0.0001 0.0012 0.0141 0.1636 1.0000 1.0000 0.0002 0.0027 0.0304 0.3164 1.0000 0.3164 0.0304 0.0027 0.0002 1.0000 1.0000 0.1636 0.0141 0.0012 0.0001 1.0000 0.8638 0.0750 0.0065 0.0006 1.0000 1.0000 0.4122 0.0363 0.0032 0.0003 1.0000 1.0000 0.2180 0.0196 0.0018 0.0002 1.0000 1.0000 0.1350 0.0125 0.0012 0.0001 1.0000 1.0000 0.0971 0.0092 0.0009 0.0001 1.0000 0.7899 0.0749 0.0071 0.0007 1.0000 1.0000 0.6181 0.0586 0.0056 0.0005
0.0056 0.0643 0.6784 1.0000 0.0001 0.0007 0.0078 0.0820 0.8654 1.0000 0.0001 0.0009 0.0100 0.1056 1.0000 1.0000 0.0001 0.0012 0.0133 0.1426 1.0000 1.0000 0.0002 0.0018 0.0198 0.2180 1.0000 1.0000 0.0003 0.0031 0.0348 0.3931 1.0000 1.0000 0.0005 0.0061 0.0696 0.7990 1.0000 0.0001 0.0011 0.0130 0.1496 1.0000 1.0000 0.0002 0.0025 0.0284 0.3219 1.0000 1.0000 1.0000 0.3219 0.0284 0.0025 0.0002 1.0000 1.0000 0.1496 0.0130 0.0011 0.0001 1.0000 0.7990 0.0696 0.0061 0.0005 1.0000 1.0000 0.3931 0.0348 0.0031 0.0003 1.0000 1.0000 0.2180 0.0198 0.0018 0.0002 1.0000 1.0000 0.1426 0.0133 0.0012 0.0001 1.0000 1.0000 0.1056 0.0100 0.0009 0.0001 1.0000 0.8654 0.0820 0.0078 0.0007 0.0001 1.0000 0.6784 0.0643 0.0056
0.0649 0.7433 1.0000 0.0001 0.0008 0.0085 0.0899 0.9481 1.0000 0.0001 0.0010 0.0109 0.1155 1.0000 1.0000 0.0001 0.0013 0.0143 0.1525 1.0000 1.0000 0.0002 0.0019 0.0204 0.2222 1.0000 1.0000 0.0003 0.0030 0.0339 0.3798 1.0000 1.0000 0.0005 0.0057 0.0653 0.7447 1.0000 0.0001 0.0010 0.0119 0.1376 1.0000 1.0000 0.0002 0.0023 0.0261 0.3000 1.0000 1.0000 0.0001 1.0000 1.0000 0.3000 0.0261 0.0023 0.0002 1.0000 1.0000 0.1376 0.0119 0.0010 0.0001 1.0000 0.7447 0.0653 0.0057 0.0005 1.0000 1.0000 0.3798 0.0339 0.0030 0.0003 1.0000 1.0000 0.2222 0.0204 0.0019 0.0002 1.0000 1.0000 0.1525 0.0143 0.0013 0.0001 1.0000 1.0000 0.1155 0.0109 0.0010 0.0001 1.0000 0.9481 0.0899 0.0085 0.0008 0.0001 1.0000 0.7433 0.0649
0.7504 1.0000 0.0001 0.0009 0.0093 0.0986 1.0000 1.0000 0.0001 0.0011 0.0119 0.1263 1.0000 1.0000 0.0001 0.0015 0.0155 0.1645 1.0000 1.0000 0.0002 0.0020 0.0213 0.2303 1.0000 1.0000 0.0003 0.0030 0.0335 0.3727 1.0000 1.0000 0.0005 0.0055 0.0618 0.7021 1.0000 0.0001 0.0010 0.0110 0.1270 1.0000 1.0000 0.0002 0.0021 0.0239 0.2754 1.0000 1.0000 0.0003 0.0015 0.0003 1.0000 1.0000 0.2754 0.0239 0.0021 0.0002 1.0000 1.0000 0.1270 0.0110 0.0010 0.0001 1.0000 0.7021 0.0618 0.0055 0.0005 1.0000 1.0000 0.3727 0.0335 0.0030 0.0003 1.0000 1.0000 0.2303 0.0213 0.0020 0.0002 1.0000 1.0000 0.1645 0.0155 0.0015 0.0001 1.0000 1.0000 0.1263 0.0119 0.0011 0.0001 1.0000 1.0000 0.0986 0.0093 0.0009 0.0001 1.0000 0.7504
1.0000 0.0001 0.0010 0.0102 0.1081 1.0000 1.0000 0.0001 0.0012 0.0131 0.1381 1.0000 1.0000 0.0002 0.0016 0.0169 0.1785 1.0000 1.0000 0.0002 0.0021 0.0226 0.2425 1.0000 1.0000 0.0003 0.0031 0.0339 0.3727 1.0000 1.0000 0.0005 0.0053 0.0592 0.6695 1.0000 0.0001 0.0009 0.0103 0.1182 1.0000 1.0000 0.0002 0.0019 0.0219 0.2528 1.0000 1.0000 0.0004 0.0037 0.0163 0.0037 0.0004 1.0000 1.0000 0.2528 0.0219 0.0019 0.0002 1.0000 1.0000 0.1182 0.0103 0.0009 0.0001 1.0000 0.6695 0.0592 0.0053 0.0005 1.0000 1.0000 0.3727 0.0339 0.0031 0.0003 1.0000 1.0000 0.2425 0.0226 0.0021 0.0002 1.0000 1.0000 0.1785 0.0169 0.0016 0.0002 1.0000 1.0000 0.1381 0.0131 0.0012 0.0001 1.0000 1.0000 0.1081 0.0102 0.0010 0.0001 1.0000
0.0001 0.0011 0.0112 0.1186 1.0000 1.0000 0.0001 0.0014 0.0143 0.1513 1.0000 1.0000 0.0002 0.0017 0.0184 0.1948 1.0000 1.0000 0.0002 0.0023 0.0242 0.2582 1.0000 1.0000 0.0003 0.0032 0.0348 0.3798 1.0000 1.0000 0.0005 0.0052 0.0578 0.6469 1.0000 0.0001 0.0009 0.0097 0.1108 1.0000 1.0000 0.0002 0.0018 0.0202 0.2325 1.0000 1.0000 0.0003 0.0037 0.0386 0.1725 0.0386 0.0037 0.0003 1.0000 1.0000 0.2325 0.0202 0.0018 0.0002 1.0000 1.0000 0.1108 0.0097 0.0009 0.0001 1.0000 0.6469 0.0578 0.0052 0.0005 1.0000 1.0000 0.3798 0.0348 0.0032 0.0003 1.0000 1.0000 0.2582 0.0242 0.0023 0.0002 1.0000 1.0000 0.1948 0.0184 0.0017 0.0002 1.0000 1.0000 0.1513 0.0143 0.0014 0.0001 1.0000 1.0000 0.1186 0.0112 0.0011 0.0001
0.0011 0.0123 0.1299 1.0000 1.0000 0.0001 0.0015 0.0157 0.1658 1.0000 1.0000 0.0002 0.0019 0.0202 0.2131 1.0000 1.0000 0.0002 0.0025 0.0262 0.2781 1.0000 1.0000 0.0003 0.0034 0.0363 0.3931 1.0000 1.0000 0.0005 0.0052 0.0574 0.6360 1.0000 0.0001 0.0008 0.0093 0.1052 1.0000 1.0000 0.0001 0.0016 0.0187 0.2151 1.0000 1.0000 0.0003 0.0035 0.0393 0.4083 1.0000 0.4083 0.0393 0.0035 0.0003 1.0000 1.0000 0.2151 0.0187 0.0016 0.0001 1.0000 1.0000 0.1052 0.0093 0.0008 0.0001 1.0000 0.6360 0.0574 0.0052 0.0005 1.0000 1.0000 0.3931 0.0363 0.0034 0.0003 1.0000 1.0000 0.2781 0.0262 0.0025 0.0002 1.0000 1.0000 0.2131 0.0202 0.0019 0.0002 1.0000 1.0000 0.1658 0.0157 0.0015 0.0001 1.0000 1.0000 0.1299 0.0123 0.0011
0.0124 0.1426 1.0000 1.0000 0.0002 0.0016 0.0172 0.1820 1.0000 1.0000 0.0002 0.0021 0.0220 0.2330 1.0000 1.0000 0.0003 0.0027 0.0285 0.3018 1.0000 1.0000 0.0003 0.0036 0.0384 0.4122 1.0000 1.0000 0.0005 0.0053 0.0578 0.6360 1.0000 0.0001 0.0008 0.0090 0.1011 1.0000 1.0000 0.0001 0.0015 0.0175 0.2001 1.0000 1.0000 0.0003 0.0032 0.0368 0.4169 1.0000 1.0000 1.0000 0.4169 0.0368 0.0032 0.0003 1.0000 1.0000 0.2001 0.0175 0.0015 0.0001 1.0000 1.0000 0.1011 0.0090 0.0008 0.0001 1.0000 0.6360 0.0578 0.0053 0.0005 1.0000 1.0000 0.4122 0.0384 0.0036 0.0003 1.0000 1.0000 0.3018 0.0285 0.0027 0.0003 1.0000 1.0000 0.2330 0.0220 0.0021 0.0002 1.0000 1.0000 0.1820 0.0172 0.0016 0.0002 1.0000 1.0000 0.1426 0.0124
0.1437 1.0000 1.0000 0.0002 0.0018 0.0189 0.1993 1.0000 1.0000 0.0002 0.0023 0.0241 0.2548 1.0000 1.0000 0.0003 0.0029 0.0311 0.3293 1.0000 1.0000 0.0004 0.0039 0.0410 0.4389 1.0000 1.0000 0.0005 0.0055 0.0592 0.6469 1.0000 0.0001 0.0008 0.0088 0.0986 1.0000 1.0000 0.0001 0.0015 0.0165 0.1883 1.0000 1.0000 0.0003 0.0030 0.0341 0.3916 1.0000 1.0000 0.0002 1.0000 1.0000 0.3916 0.0341 0.0030 0.0003 1.0000 1.0000 0.1883 0.0165 0.0015 0.0001 1.0000 1.0000 0.0986 0.0088 0.0008 0.0001 1.0000 0.6469 0.0592 0.0055 0.0005 1.0000 1.0000 0.4389 0.0410 0.0039 0.0004 1.0000 1.0000 0.3293 0.0311 0.0029 0.0003 1.0000 1.0000 0.2548 0.0241 0.0023 0.0002 1.0000 1.0000 0.1993 0.0189 0.0018 0.0002 1.0000 1.0000 0.1437
1.0000 1.0000 0.0002 0.0020 0.0207 0.2188 1.0000 1.0000 0.0002 0.0025 0.0265 0.2791 1.0000 1.0000 0.0003 0.0032 0.0340 0.3595 1.0000 1.0000 0.0004 0.0042 0.0443 0.4718 1.0000 1.0000 0.0005 0.0057 0.0618 0.6695 1.0000 0.0001 0.0008 0.0088 0.0979 1.0000 1.0000 0.0001 0.0014 0.0158 0.1789 1.0000 1.0000 0.0002 0.0028 0.0317 0.3636 1.0000 1.0000 0.0004 0.0020 0.0004 1.0000 1.0000 0.3636 0.0317 0.0028 0.0002 1.0000 1.0000 0.1789 0.0158 0.0014 0.0001 1.0000 1.0000 0.0979 0.0088 0.0008 0.0001 1.0000 0.6695 0.0618 0.0057 0.0005 1.0000 1.0000 0.4718 0.0443 0.0042 0.0004 1.0000 1.0000 0.3595 0.0340 0.0032 0.0003 1.0000 1.0000 0.2791 0.0265 0.0025 0.0002 1.0000 1.0000 0.2188 0.0207 0.0020 0.0002 1.0000 1.0000
1.0000 0.0002 0.0022 0.0227 0.2397 1.0000 1.0000 0.0003 0.0027 0.0290 0.3058 1.0000 1.0000 0.0003 0.0035 0.0372 0.3931 1.0000 1.0000 0.0004 0.0045 0.0482 0.5101 1.0000 1.0000 0.0006 0.0061 0.0653 0.7021 1.0000 0.0001 0.0008 0.0090 0.0986 1.0000 1.0000 0.0001 0.0014 0.0153 0.1722 1.0000 1.0000 0.0002 0.0026 0.0298 0.3395 1.0000 1.0000 0.0005 0.0048 0.0213 0.0048 0.0005 1.0000 1.0000 0.3395 0.0298 0.0026 0.0002 1.0000 1.0000 0.1722 0.0153 0.0014 0.0001 1.0000 1.0000 0.0986 0.0090 0.0008 0.0001 1.0000 0.7021 0.0653 0.0061 0.0006 1.0000 1.0000 0.5101 0.0482 0.0045 0.0004 1.0000 1.0000 0.3931 0.0372 0.0035 0.0003 1.0000 1.0000 0.3058 0.0290 0.0027 0.0003 1.0000 1.0000 0.2397 0.0227 0.0022 0.0002 1.0000
0.0002 0.0024 0.0249 0.2626 1.0000 1.0000 0.0003 0.0030 0.0318 0.3357 1.0000 1.0000 0.0004 0.0039 0.0407 0.4298 1.0000 1.0000 0.0005 0.0050 0.0525 0.5556 1.0000 1.0000 0.0006 0.0065 0.0696 0.7447 1.0000 0.0001 0.0009 0.0093 0.1011 1.0000 1.0000 0.0001 0.0014 0.0151 0.1680 1.0000 1.0000 0.0002 0.0025 0.0281 0.3195 1.0000 1.0000 0.0004 0.0049 0.0508 0.2260 0.0508 0.0049 0.0004 1.0000 1.0000 0.3195 0.0281 0.0025 0.0002 1.0000 1.0000 0.1680 0.0151 0.0014 0.0001 1.0000 1.0000 0.1011 0.0093 0.0009 0.0001 1.0000 0.7447 0.0696 0.0065 0.0006 1.0000 1.0000 0.5556 0.0525 0.0050 0.0005 1.0000 1.0000 0.4298 0.0407 0.0039 0.0004 1.0000 1.0000 0.3357 0.0318 0.0030 0.0003 1.0000 1.0000 0.2626 0.0249 0.0024 0.0002
0.0024 0.0273 0.2883 1.0000 1.0000 0.0003 0.0033 0.0349 0.3678 1.0000 1.0000 0.0004 0.0042 0.0445 0.4700 1.0000 1.0000 0.0005 0.0054 0.0574 0.6064 1.0000 1.0000 0.0007 0.0071 0.0750 0.7990 1.0000 0.0001 0.0009 0.0097 0.1052 1.0000 1.0000 0.0001 0.0014 0.0151 0.1667 1.0000 1.0000 0.0002 0.0024 0.0269 0.3041 1.0000 1.0000 0.0004 0.0047 0.0526 0.5421 1.0000 0.5421 0.0526 0.0047 0.0004 1.0000 1.0000 0.3041 0.0269 0.0024 0.0002 1.0000 1.0000 0.1667 0.0151 0.0014 0.0001 1.0000 1.0000 0.1052 0.0097 0.0009 0.0001 1.0000 0.7990 0.0750 0.0071 0.0007 1.0000 1.0000 0.6064 0.0574 0.0054 0.0005 1.0000 1.0000 0.4700 0.0445 0.0042 0.0004 1.0000 1.0000 0.3678 0.0349 0.0033 0.0003 1.0000 1.0000 0.2883 0.0273 0.0024
0.0276 0.3158 1.0000 1.0000 0.0003 0.0036 0.0383 0.4037 1.0000 1.0000 0.0004 0.0046 0.0488 0.5149 1.0000 1.0000 0.0006 0.0059 0.0627 0.6631 1.0000 0.0001 0.0007 0.0077 0.0814 0.8638 1.0000 0.0001 0.0010 0.0103 0.1108 1.0000 1.0000 0.0001 0.0014 0.0153 0.1680 1.0000 1.0000 0.0002 0.0023 0.0261 0.2927 1.0000 1.0000 0.0004 0.0044 0.0502 0.5620 1.0000 1.0000 1.0000 0.5620 0.0502 0.0044 0.0004 1.0000 1.0000 0.2927 0.0261 0.0023 0.0002 1.0000 1.0000 0.1680 0.0153 0.0014 0.0001 1.0000 1.0000 0.1108 0.0103 0.0010 0.0001 1.0000 0.8638 0.0814 0.0077 0.0007 0.0001 1.0000 0.6631 0.0627 0.0059 0.0006 1.0000 1.0000 0.5149 0.0488 0.0046 0.0004 1.0000 1.0000 0.4037 0.0383 0.0036 0.0003 1.0000 1.0000 0.3158 0.0276
0.3189 1.0000 1.0000 0.0004 0.0040 0.0419 0.4423 1.0000 1.0000 0.0005 0.0051 0.0535 0.5641 1.0000 1.0000 0.0006 0.0065 0.0686 0.7251 1.0000 0.0001 0.0008 0.0084 0.0887 0.9392 1.0000 0.0001 0.0010 0.0110 0.1182 1.0000 1.0000 0.0001 0.0015 0.0158 0.1722 1.0000 1.0000 0.0002 0.0023 0.0257 0.2861 1.0000 1.0000 0.0004 0.0042 0.0477 0.5400 1.0000 1.0000 0.0003 1.0000 1.0000 0.5400 0.0477 0.0042 0.0004 1.0000 1.0000 0.2861 0.0257 0.0023 0.0002 1.0000 1.0000 0.1722 0.0158 0.0015 0.0001 1.0000 1.0000 0.1182 0.0110 0.0010 0.0001 1.0000 0.9392 0.0887 0.0084 0.0008 0.0001 1.0000 0.7251 0.0686 0.0065 0.0006 1.0000 1.0000 0.5641 0.0535 0.0051 0.0005 1.0000 1.0000 0.4423 0.0419 0.0040 0.0004 1.0000 1.0000 0.3189
1.0000 1.0000 0.0004 0.0044 0.0459 0.4845 1.0000 1.0000 0.0005 0.0056 0.0587 0.6192 1.0000 1.0000 0.0007 0.0071 0.0750 0.7929 1.0000 0.0001 0.0009 0.0092 0.0970 1.0000 1.0000 0.0001 0.0011 0.0119 0.1270 1.0000 1.0000 0.0001 0.0015 0.0165 0.1789 1.0000 1.0000 0.0002 0.0023 0.0257 0.2839 1.0000 1.0000 0.0004 0.0041 0.0457 0.5159 1.0000 1.0000 0.0006 0.0027 0.0006 1.0000 1.0000 0.5159 0.0457 0.0041 0.0004 1.0000 1.0000 0.2839 0.0257 0.0023 0.0002 1.0000 1.0000 0.1789 0.0165 0.0015 0.0001 1.0000 1.0000 0.1270 0.0119 0.0011 0.0001 1.0000 1.0000 0.0970 0.0092 0.0009 0.0001 1.0000 0.7929 0.0750 0.0071 0.0007 1.0000 1.0000 0.6192 0.0587 0.0056 0.0005 1.0000 1.0000 0.4845 0.0459 0.0044 0.0004 1.0000 1.0000
1.0000 0.0005 0.0048 0.0504 0.5318 1.0000 1.0000 0.0006 0.0061 0.0643 0.6784 1.0000 0.0001 0.0007 0.0078 0.0822 0.8671 1.0000 0.0001 0.0009 0.0100 0.1060 1.0000 1.0000 0.0001 0.0012 0.0130 0.1376 1.0000 1.0000 0.0002 0.0016 0.0175 0.1883 1.0000 1.0000 0.0002 0.0024 0.0261 0.2861 1.0000 1.0000 0.0004 0.0040 0.0444 0.4976 1.0000 1.0000 0.0006 0.0066 0.0294 0.0066 0.0006 1.0000 1.0000 0.4976 0.0444 0.0040 0.0004 1.0000 1.0000 0.2861 0.0261 0.0024 0.0002 1.0000 1.0000 0.1883 0.0175 0.0016 0.0002 1.0000 1.0000 0.1376 0.0130 0.0012 0.0001 1.0000 1.0000 0.1060 0.0100 0.0009 0.0001 1.0000 0.8671 0.0822 0.0078 0.0007 0.0001 1.0000 0.6784 0.0643 0.0061 0.0006 1.0000 1.0000 0.5318 0.0504 0.0048 0.0005 1.0000
0.0005 0.0052 0.0552 0.5827 1.0000 1.0000 0.0006 0.0067 0.0704 0.7433 1.0000 0.0001 0.0008 0.0085 0.0900 0.9499 1.0000 0.0001 0.0010 0.0110 0.1159 1.0000 1.0000 0.0001 0.0013 0.0141 0.1496 1.0000 1.0000 0.0002 0.0018 0.0187 0.2001 1.0000 1.0000 0.0002 0.0025 0.0269 0.2927 1.0000 1.0000 0.0004 0.0039 0.0437 0.4864 1.0000 1.0000 0.0006 0.0070 0.0715 0.3164 0.0715 0.0070 0.0006 1.0000 1.0000 0.4864 0.0437 0.0039 0.0004 1.0000 1.0000 0.2927 0.0269 0.0025 0.0002 1.0000 1.0000 0.2001 0.0187 0.0018 0.0002 1.0000 1.0000 0.1496 0.0141 0.0013 0.0001 1.0000 1.0000 0.1159 0.0110 0.0010 0.0001 1.0000 0.9499 0.0900 0.0085 0.0008 0.0001 1.0000 0.7433 0.0704 0.0067 0.0006 1.0000 1.0000 0.5827 0.0552 0.0052 0.0005
0.0053 0.0606 0.6396 1.0000 1.0000 0.0007 0.0073 0.0773 0.8159 1.0000 0.0001 0.0009 0.0093 0.0986 1.0000 1.0000 0.0001 0.0011 0.0120 0.1268 1.0000 1.0000 0.0001 0.0015 0.0155 0.1636 1.0000 1.0000 0.0002 0.0019 0.0202 0.2151 1.0000 1.0000 0.0002 0.0026 0.0281 0.3041 1.0000 1.0000 0.0004 0.0040 0.0437 0.4827 1.0000 1.0000 0.0006 0.0069 0.0760 0.7750 1.0000 0.7750 0.0760 0.0069 0.0006 1.0000 1.0000 0.4827 0.0437 0.0040 0.0004 1.0000 1.0000 0.3041 0.0281 0.0026 0.0002 1.0000 1.0000 0.2151 0.0202 0.0019 0.0002 1.0000 1.0000 0.1636 0.0155 0.0015 0.0001 1.0000 1.0000 0.1268 0.0120 0.0011 0.0001 1.0000 1.0000 0.0986 0.0093 0.0009 0.0001 1.0000 0.8159 0.0773 0.0073 0.0007 1.0000 1.0000 0.6396 0.0606 0.0053
0.0611 0.7007 1.0000 0.0001 0.0008 0.0080 0.0847 0.8939 1.0000 0.0001 0.0010 0.0103 0.1083 1.0000 1.0000 0.0001 0.0012 0.0131 0.1386 1.0000 1.0000 0.0002 0.0016 0.0169 0.1789 1.0000 1.0000 0.0002 0.0021 0.0219 0.2325 1.0000 1.0000 0.0003 0.0028 0.0298 0.3195 1.0000 1.0000 0.0004 0.0041 0.0444 0.4864 1.0000 1.0000 0.0006 0.0068 0.0753 0.8284 1.0000 1.0000 1.0000 0.8284 0.0753 0.0068 0.0006 1.0000 1.0000 0.4864 0.0444 0.0041 0.0004 1.0000 1.0000 0.3195 0.0298 0.0028 0.0003 1.0000 1.0000 0.2325 0.0219 0.0021 0.0002 1.0000 1.0000 0.1789 0.0169 0.0016 0.0002 1.0000 1.0000 0.1386 0.0131 0.0012 0.0001 1.0000 1.0000 0.1083 0.0103 0.0010 0.0001 1.0000 0.8939 0.0847 0.0080 0.0008 0.0001 1.0000 0.7007 0.0611
0.7074 1.0000 0.0001 0.0008 0.0088 0.0930 0.9812 1.0000 0.0001 0.0011 0.0112 0.1186 1.0000 1.0000 0.0001 0.0014 0.0143 0.1516 1.0000 1.0000 0.0002 0.0017 0.0185 0.1956 1.0000 1.0000 0.0002 0.0023 0.0239 0.2528 1.0000 1.0000 0.0003 0.0030 0.0317 0.3395 1.0000 1.0000 0.0004 0.0042 0.0457 0.4976 1.0000 1.0000 0.0006 0.0067 0.0743 0.8252 1.0000 0.0001 0.0004 0.0001 1.0000 0.8252 0.0743 0.0067 0.0006 1.0000 1.0000 0.4976 0.0457 0.0042 0.0004 1.0000 1.0000 0.3395 0.0317 0.0030 0.0003 1.0000 1.0000 0.2528 0.0239 0.0023 0.0002 1.0000 1.0000 0.1956 0.0185 0.0017 0.0002 1.0000 1.0000 0.1516 0.0143 0.0014 0.0001 1.0000 1.0000 0.1186 0.0112 0.0011 0.0001 1.0000 0.9812 0.0930 0.0088 0.0008 0.0001 1.0000 0.7074
1.0000 0.0001 0.0009 0.0097 0.1019 1.0000 1.0000 0.0001 0.0012 0.0123 0.1299 1.0000 1.0000 0.0001 0.0015 0.0157 0.1658 1.0000 1.0000 0.0002 0.0019 0.0202 0.2135 1.0000 1.0000 0.0002 0.0025 0.0261 0.2754 1.0000 1.0000 0.0003 0.0032 0.0341 0.3636 1.0000 1.0000 0.0004 0.0044 0.0477 0.5159 1.0000 1.0000 0.0006 0.0068 0.0743 0.8205 1.0000 0.0001 0.0009 0.0041 0.0009 0.0001 1.0000 0.8205 0.0743 0.0068 0.0006 1.0000 1.0000 0.5159 0.0477 0.0044 0.0004 1.0000 1.0000 0.3636 0.0341 0.0032 0.0003 1.0000 1.0000 0.2754 0.0261 0.0025 0.0002 1.0000 1.0000 0.2135 0.0202 0.0019 0.0002 1.0000 1.0000 0.1658 0.0157 0.0015 0.0001 1.0000 1.0000 0.1299 0.0123 0.0012 0.0001 1.0000 1.0000 0.1019 0.0097 0.0009 0.0001 1.0000
0.0001 0.0010 0.0105 0.1112 1.0000 1.0000 0.0001 0.0013 0.0134 0.1418 1.0000 1.0000 0.0002 0.0016 0.0171 0.1809 1.0000 1.0000 0.0002 0.0021 0.0220 0.2325 1.0000 1.0000 0.0003 0.0027 0.0284 0.3000 1.0000 1.0000 0.0003 0.0035 0.0368 0.3916 1.0000 1.0000 0.0004 0.0047 0.0502 0.5400 1.0000 1.0000 0.0006 0.0069 0.0753 0.8252 1.0000 0.0001 0.0010 0.0101 0.0446 0.0101 0.0010 0.0001 1.0000 0.8252 0.0753 0.0069 0.0006 1.0000 1.0000 0.5400 0.0502 0.0047 0.0004 1.0000 1.0000 0.3916 0.0368 0.0035 0.0003 1.0000 1.0000 0.3000 0.0284 0.0027 0.0003 1.0000 1.0000 0.2325 0.0220 0.0021 0.0002 1.0000 1.0000 0.1809 0.0171 0.0016 0.0002 1.0000 1.0000 0.1418 0.0134 0.0013 0.0001 1.0000 1.0000 0.1112 0.0105 0.0010 0.0001
0.0010 0.0113 0.1193 1.0000 1.0000 0.0001 0.0014 0.0144 0.1525 1.0000 1.0000 0.0002 0.0017 0.0184 0.1945 1.0000 1.0000 0.0002 0.0022 0.0236 0.2495 1.0000 1.0000 0.0003 0.0029 0.0304 0.3219 1.0000 1.0000 0.0004 0.0037 0.0393 0.4169 1.0000 1.0000 0.0005 0.0049 0.0526 0.5620 1.0000 1.0000 0.0006 0.0070 0.0760 0.8284 1.0000 0.0001 0.0010 0.0109 0.1099 0.4827 0.1099 0.0109 0.0010 0.0001 1.0000 0.8284 0.0760 0.0070 0.0006 1.0000 1.0000 0.5620 0.0526 0.0049 0.0005 1.0000 1.0000 0.4169 0.0393 0.0037 0.0004 1.0000 1.0000 0.3219 0.0304 0.0029 0.0003 1.0000 1.0000 0.2495 0.0236 0.0022 0.0002 1.0000 1.0000 0.1945 0.0184 0.0017 0.0002 1.0000 1.0000 0.1525 0.0144 0.0014 0.0001 1.0000 1.0000 0.1193 0.0113 0.0010
0.0102 0.1175 1.0000 1.0000 0.0001 0.0013 0.0142 0.1502 1.0000 1.0000 0.0002 0.0017 0.0182 0.1915 1.0000 1.0000 0.0002 0.0022 0.0232 0.2453 1.0000 1.0000 0.0003 0.0028 0.0299 0.3164 1.0000 1.0000 0.0003 0.0037 0.0386 0.4083 1.0000 1.0000 0.0004 0.0048 0.0508 0.5421 1.0000 1.0000 0.0006 0.0066 0.0715 0.7750 1.0000 0.0001 0.0009 0.0101 0.1099 1.0000 1.0000 1.0000 0.1099 0.0101 0.0009 0.0001 1.0000 0.7750 0.0715 0.0066 0.0006 1.0000 1.0000 0.5421 0.0508 0.0048 0.0004 1.0000 1.0000 0.4083 0.0386 0.0037 0.0003 1.0000 1.0000 0.3164 0.0299 0.0028 0.0003 1.0000 1.0000 0.2453 0.0232 0.0022 0.0002 1.0000 1.0000 0.1915 0.0182 0.0017 0.0002 1.0000 1.0000 0.1502 0.0142 0.0013 0.0001 1.0000 1.0000 0.1175 0.0102
0.0470 0.5288 1.0000 1.0000 0.0006 0.0060 0.0636 0.6707 1.0000 1.0000 0.0007 0.0077 0.0811 0.8556 1.0000 0.0001 0.0009 0.0098 0.1036 1.0000 1.0000 0.0001 0.0012 0.0126 0.1337 1.0000 1.0000 0.0001 0.0015 0.0163 0.1725 1.0000 1.0000 0.0002 0.0020 0.0213 0.2260 1.0000 1.0000 0.0003 0.0027 0.0294 0.3164 1.0000 1.0000 0.0004 0.0041 0.0446 0.4827 1.0000 1.0000 1.0000 0.4827 0.0446 0.0041 0.0004 1.0000 1.0000 0.3164 0.0294 0.0027 0.0003 1.0000 1.0000 0.2260 0.0213 0.0020 0.0002 1.0000 1.0000 0.1725 0.0163 0.0015 0.0001 1.0000 1.0000 0.1337 0.0126 0.0012 0.0001 1.0000 1.0000 0.1036 0.0098 0.0009 0.0001 1.0000 0.8556 0.0811 0.0077 0.0007 1.0000 1.0000 0.6707 0.0636 0.0060 0.0006 1.0000 1.0000 0.5288 0.0470
0.0102 0.1175 1.0000 1.0000 0.0001 0.0013 0.0142 0.1502 1.0000 1.0000 0.0002 0.0017 0.0182 0.1915 1.0000 1.0000 0.0002 0.0022 0.0232 0.2453 1.0000 1.0000 0.0003 0.0028 0.0299 0.3164 1.0000 1.0000 0.0003 0.0037 0.0386 0.4083 1.0000 1.0000 0.0004 0.0048 0.0508 0.5421 1.0000 1.0000 0.0006 0.0066 0.0715 0.7750 1.0000 0.0001 0.0009 0.0101 0.1099 1.0000 1.0000 1.0000 0.1099 0.0101 0.0009 0.0001 1.0000 0.7750 0.0715 0.0066 0.0006 1.0000 1.0000 0.5421 0.0508 0.0048 0.0004 1.0000 1.0000 0.4083 0.0386 0.0037 0.0003 1.0000 1.0000 0.3164 0.0299 0.0028 0.0003 1.0000 1.0000 0.2453 0.0232 0.0022 0.0002 1.0000 1.0000 0.1915 0.0182 0.0017 0.0002 1.0000 1.0000 0.1502 0.0142 0.0013 0.0001 1.0000 1.0000 0.1175 0.0102
0.0010 0.0113 0.1193 1.0000 1.0000 0.0001 0.0014 0.0144 0.1525 1.0000 1.0000 0.0002 0.0017 0.0184 0.1945 1.0000 1.0000 0.0002 0.0022 0.0236 0.2495 1.0000 1.0000 0.0003 0.0029 0.0304 0.3219 1.0000 1.0000 0.0004 0.0037 0.0393 0.4169 1.0000 1.0000 0.0005 0.0049 0.0526 0.5620 1.0000 1.0000 0.0006 0.0070 0.0760 0.8284 1.0000 0.0001 0.0010 0.0109 0.1099 0.4827 0.1099 0.0109 0.0010 0.0001 1.0000 0.8284 0.0760 0.0070 0.0006 1.0000 1.0000 0.5620 0.0526 0.0049 0.0005 1.0000 1.0000 0.4169 0.0393 0.0037 0.0004 1.0000 1.0000 0.3219 0.0304 0.0029 0.0003 1.0000 1.0000 0.2495 0.0236 0.0022 0.0002 1.0000 1.0000 0.1945 0.0184 0.0017 0.0002 1.0000 1.0000 0.1525 0.0144 0.0014 0.0001 1.0000 1.0000 0.1193 0.0113 0.0010
0.0001 0.0010 0.0105 0.1112 1.0000 1.0000 0.0001 0.0013 0.0134 0.1418 1.0000 1.0000 0.0002 0.0016 0.0171 0.1809 1.0000 1.0000 0.0002 0.0021 0.0220 0.2325 1.0000 1.0000 0.0003 0.0027 0.0284 0.3000 1.0000 1.0000 0.0003 0.0035 0.0368 0.3916 1.0000 1.0000 0.0004 0.0047 0.0502 0.5400 1.0000 1.0000 0.0006 0.0069 0.0753 0.8252 1.0000 0.0001 0.0010 0.0101 0.0446 0.0101 0.0010 0.0001 1.0000 0.8252 0.0753 0.0069 0.0006 1.0000 1.0000 0.5400 0.0502 0.0047 0.0004 1.0000 1.0000 0.3916 0.0368 0.0035 0.0003 1.0000 1.0000 0.3000 0.0284 0.0027 0.0003 1.0000 1.0000 0.2325 0.0220 0.0021 0.0002 1.0000 1.0000 0.1809 0.0171 0.0016 0.0002 1.0000 1.0000 0.1418 0.0134 0.0013 0.0001 1.0000 1.0000 0.1112 0.0105 0.0010 0.0001
1.0000 0.0001 0.0009 0.0097 0.1019 1.0000 1.0000 0.0001 0.0012 0.0123 0.1299 1.0000 1.0000 0.0001 0.0015 0.0157 0.1658 1.0000 1.0000 0.0002 0.0019 0.0202 0.2135 1.0000 1.0000 0.0002 0.0025 0.0261 0.2754 1.0000 1.0000 0.0003 0.0032 0.0341 0.3636 1.0000 1.0000 0.0004 0.0044 0.0477 0.5159 1.0000 1.0000 0.0006 0.0068 0.0743 0.8205 1.0000 0.0001 0.0009 0.0041 0.0009 0.0001 1.0000 0.8205 0.0743 0.0068 0.0006 1.0000 1.0000 0.5159 0.0477 0.0044 0.0004 1.0000 1.0000 0.3636 0.0341 0.0032 0.0003 1.0000 1.0000 0.2754 0.0261 0.0025 0.0002 1.0000 1.0000 0.2135 0.0202 0.0019 0.0002 1.0000 1.0000 0.1658 0.0157 0.0015 0.0001 1.0000 1.0000 0.1299 0.0123 0.0012 0.0001 1.0000 1.0000 0.1019 0.0097 0.0009 0.0001 1.0000
0.7074 1.0000 0.0001 0.0008 0.0088 0.0930 0.9812 1.0000 0.0001 0.0011 0.0112 0.1186 1.0000 1.0000 0.0001 0.0014 0.0143 0.1516 1.0000 1.0000 0.0002 0.0017 0.0185 0.1956 1.0000 1.0000 0.0002 0.0023 0.0239 0.2528 1.0000 1.0000 0.0003 0.0030 0.0317 0.3395 1.0000 1.0000 0.0004 0.0042 0.0457 0.4976 1.0000 1.0000 0.0006 0.0067 0.0743 0.8252 1.0000 0.0001 0.0004 0.0001 1.0000 0.8252 0.0743 0.0067 0.0006 1.0000 1.0000 0.4976 0.0457 0.0042 0.0004 1.0000 1.0000 0.3395 0.0317 0.0030 0.0003 1.0000 1.0000 0.2528 0.0239 0.0023 0.0002 1.0000 1.0000 0.1956 0.0185 0.0017 0.0002 1.0000 1.0000 0.1516 0.0143 0.0014 0.0001 1.0000 1.0000 0.1186 0.0112 0.0011 0.0001 1.0000 0.9812 0.0930 0.0088 0.0008 0.0001 1.0000 0.7074
