0.0800 -0.2256 -0.3066 -0.3468 -0.0134 0.2209 -0.1153 -0.2573 -0.3259 -0.3354 0.0790 0.2635 -0.1788 -0.2825 -0.3391 -0.2296 0.1467 0.0970 -0.2235 -0.3054 -0.3464 -0.0232 0.2162 -0.1087 -0.2554 -0.3246 -0.3383 0.0738 0.2638 -0.1751 -0.2807 -0.3384 -0.2431 0.1414 0.1213 -0.2203 -0.3038 -0.3460 -0.0345 0.2114 -0.1013 -0.2534 -0.3234 -0.3407 0.0685 0.2632 -0.1712 -0.2788 -0.3382 -0.2798 0.0412 -0.2798 -0.3382 -0.2788 -0.1712 0.2632 0.0685 -0.3407 -0.3234 -0.2534 -0.1013 0.2114 -0.0345 -0.3460 -0.3038 -0.2203 0.1213 0.1414 -0.2431 -0.3384 -0.2807 -0.1751 0.2638 0.0738 -0.3383 -0.3246 -0.2554 -0.1087 0.2162 -0.0232 -0.3464 -0.3054 -0.2235 0.0970 0.1467 -0.2296 -0.3391 -0.2825 -0.1788 0.2635 0.0790 -0.3354 -0.3259 -0.2573 -0.1153 0.2209 -0.0134 -0.3468 -0.3066 -0.2256 0.0800
-0.2256 -0.3283 -0.3624 -0.0131 0.2175 -0.1102 -0.2796 -0.3457 -0.3486 0.0781 0.2697 -0.1847 -0.3040 -0.3575 -0.2393 0.1433 0.1396 -0.2403 -0.3262 -0.3623 -0.0253 0.2123 -0.1018 -0.2777 -0.3445 -0.3516 0.0729 0.2685 -0.1803 -0.3023 -0.3569 -0.2531 0.1383 0.1625 -0.2362 -0.3247 -0.3622 -0.0370 0.2074 -0.0929 -0.2758 -0.3434 -0.3542 0.0677 0.2664 -0.1758 -0.3005 -0.3564 -0.2710 0.1190 0.2394 0.1190 -0.2710 -0.3564 -0.3005 -0.1758 0.2664 0.0677 -0.3542 -0.3434 -0.2758 -0.0929 0.2074 -0.0370 -0.3622 -0.3247 -0.2362 0.1625 0.1383 -0.2531 -0.3569 -0.3023 -0.1803 0.2685 0.0729 -0.3516 -0.3445 -0.2777 -0.1018 0.2123 -0.0253 -0.3623 -0.3262 -0.2403 0.1396 0.1433 -0.2393 -0.3575 -0.3040 -0.1847 0.2697 0.0781 -0.3486 -0.3457 -0.2796 -0.1102 0.2175 -0.0131 -0.3624 -0.3283 -0.2256
-0.3066 -0.3624 -0.0193 0.2127 -0.1005 -0.2771 -0.3439 -0.3529 0.0701 0.2675 -0.1779 -0.3013 -0.3565 -0.2603 0.1353 0.1743 -0.2339 -0.3238 -0.3620 -0.0442 0.2046 -0.0875 -0.2747 -0.3426 -0.3554 0.0645 0.2650 -0.1733 -0.2995 -0.3558 -0.2726 0.1304 0.1936 -0.2298 -0.3222 -0.3618 -0.0577 0.1998 -0.0772 -0.2729 -0.3414 -0.3574 0.0590 0.2621 -0.1686 -0.2977 -0.3551 -0.2846 0.1228 0.2448 -0.1425 0.2448 0.1228 -0.2846 -0.3551 -0.2977 -0.1686 0.2621 0.0590 -0.3574 -0.3414 -0.2729 -0.0772 0.1998 -0.0577 -0.3618 -0.3222 -0.2298 0.1936 0.1304 -0.2726 -0.3558 -0.2995 -0.1733 0.2650 0.0645 -0.3554 -0.3426 -0.2747 -0.0875 0.2046 -0.0442 -0.3620 -0.3238 -0.2339 0.1743 0.1353 -0.2603 -0.3565 -0.3013 -0.1779 0.2675 0.0701 -0.3529 -0.3439 -0.2771 -0.1005 0.2127 -0.0193 -0.3624 -0.3066
-0.3468 -0.0131 0.2127 -0.0964 -0.2755 -0.3426 -0.3558 0.0629 0.2639 -0.1712 -0.2986 -0.3554 -0.2787 0.1278 0.2032 -0.2276 -0.3213 -0.3617 -0.0657 0.1971 -0.0709 -0.2718 -0.3407 -0.3584 0.0559 0.2602 -0.1660 -0.2967 -0.3546 -0.2895 0.1229 0.2188 -0.2235 -0.3197 -0.3614 -0.0810 0.1924 -0.0586 -0.2699 -0.3394 -0.3598 0.0500 0.2566 -0.1611 -0.2949 -0.3538 -0.2992 0.1177 0.2372 -0.2102 -0.2847 -0.2102 0.2372 0.1177 -0.2992 -0.3538 -0.2949 -0.1611 0.2566 0.0500 -0.3598 -0.3394 -0.2699 -0.0586 0.1924 -0.0810 -0.3614 -0.3197 -0.2235 0.2188 0.1229 -0.2895 -0.3546 -0.2967 -0.1660 0.2602 0.0559 -0.3584 -0.3407 -0.2718 -0.0709 0.1971 -0.0657 -0.3617 -0.3213 -0.2276 0.2032 0.1278 -0.2787 -0.3554 -0.2986 -0.1712 0.2639 0.0629 -0.3558 -0.3426 -0.2755 -0.0964 0.2127 -0.0131 -0.3468
-0.0134 0.2175 -0.1005 -0.2755 -0.3421 -0.3572 0.0576 0.2603 -0.1652 -0.2962 -0.3543 -0.2939 0.1206 0.2258 -0.2213 -0.3188 -0.3613 -0.0898 0.1898 -0.0510 -0.2688 -0.3387 -0.3605 0.0467 0.2544 -0.1583 -0.2939 -0.3534 -0.3041 0.1155 0.2382 -0.2172 -0.3172 -0.3610 -0.1068 0.1851 -0.0362 -0.2669 -0.3374 -0.3615 0.0404 0.2502 -0.1531 -0.2921 -0.3525 -0.3123 0.1107 0.2487 -0.2116 -0.3136 -0.3572 -0.3136 -0.2116 0.2487 0.1107 -0.3123 -0.3525 -0.2921 -0.1531 0.2502 0.0404 -0.3615 -0.3374 -0.2669 -0.0362 0.1851 -0.1068 -0.3610 -0.3172 -0.2172 0.2382 0.1155 -0.3041 -0.3534 -0.2939 -0.1583 0.2544 0.0467 -0.3605 -0.3387 -0.2688 -0.0510 0.1898 -0.0898 -0.3613 -0.3188 -0.2213 0.2258 0.1206 -0.2939 -0.3543 -0.2962 -0.1652 0.2603 0.0576 -0.3572 -0.3421 -0.2755 -0.1005 0.2175 -0.0134
0.2209 -0.1102 -0.2771 -0.3426 -0.3572 0.0556 0.2579 -0.1608 -0.2942 -0.3532 -0.3058 0.1141 0.2422 -0.2154 -0.3164 -0.3608 -0.1159 0.1827 -0.0273 -0.2658 -0.3366 -0.3619 0.0368 0.2477 -0.1501 -0.2911 -0.3520 -0.3165 0.1081 0.2524 -0.2109 -0.3146 -0.3605 -0.1341 0.1771 -0.0091 -0.2639 -0.3353 -0.3625 0.0300 0.2431 -0.1446 -0.2893 -0.3511 -0.3234 0.1034 0.2591 -0.2065 -0.3126 -0.3674 -0.3589 -0.3674 -0.3126 -0.2065 0.2591 0.1034 -0.3234 -0.3511 -0.2893 -0.1446 0.2431 0.0300 -0.3625 -0.3353 -0.2639 -0.0091 0.1771 -0.1341 -0.3605 -0.3146 -0.2109 0.2524 0.1081 -0.3165 -0.3520 -0.2911 -0.1501 0.2477 0.0368 -0.3619 -0.3366 -0.2658 -0.0273 0.1827 -0.1159 -0.3608 -0.3164 -0.2154 0.2422 0.1141 -0.3058 -0.3532 -0.2942 -0.1608 0.2579 0.0556 -0.3572 -0.3426 -0.2771 -0.1102 0.2209
-0.1153 -0.2796 -0.3439 -0.3558 0.0576 0.2579 -0.1591 -0.2931 -0.3525 -0.3140 0.1086 0.2531 -0.2099 -0.3141 -0.3603 -0.1423 0.1747 0.0007 -0.2629 -0.3345 -0.3627 0.0261 0.2406 -0.1414 -0.2883 -0.3506 -0.3269 0.1007 0.2619 -0.2045 -0.3120 -0.3598 -0.1622 0.1683 0.0235 -0.2596 -0.3331 -0.3629 0.0185 0.2357 -0.1354 -0.2864 -0.3496 -0.3326 0.0960 0.2660 -0.2003 -0.3103 -0.3602 -0.2157 0.0689 -0.2157 -0.3602 -0.3103 -0.2003 0.2660 0.0960 -0.3326 -0.3496 -0.2864 -0.1354 0.2357 0.0185 -0.3629 -0.3331 -0.2596 0.0235 0.1683 -0.1622 -0.3598 -0.3120 -0.2045 0.2619 0.1007 -0.3269 -0.3506 -0.2883 -0.1414 0.2406 0.0261 -0.3627 -0.3345 -0.2629 0.0007 0.1747 -0.1423 -0.3603 -0.3141 -0.2099 0.2531 0.1086 -0.3140 -0.3525 -0.2931 -0.1591 0.2579 0.0576 -0.3558 -0.3439 -0.2796 -0.1153
-0.2573 -0.3457 -0.3529 0.0629 0.2603 -0.1608 -0.2931 -0.3522 -0.3181 0.1049 0.2593 -0.2053 -0.3120 -0.3597 -0.1671 0.1664 0.0327 -0.2582 -0.3324 -0.3629 0.0145 0.2331 -0.1321 -0.2854 -0.3490 -0.3356 0.0933 0.2676 -0.1980 -0.3094 -0.3592 -0.1896 0.1595 0.0607 -0.2535 -0.3308 -0.3628 0.0057 0.2280 -0.1254 -0.2835 -0.3480 -0.3403 0.0885 0.2694 -0.1938 -0.3077 -0.3588 -0.2130 0.1377 0.2559 0.1377 -0.2130 -0.3588 -0.3077 -0.1938 0.2694 0.0885 -0.3403 -0.3480 -0.2835 -0.1254 0.2280 0.0057 -0.3628 -0.3308 -0.2535 0.0607 0.1595 -0.1896 -0.3592 -0.3094 -0.1980 0.2676 0.0933 -0.3356 -0.3490 -0.2854 -0.1321 0.2331 0.0145 -0.3629 -0.3324 -0.2582 0.0327 0.1664 -0.1671 -0.3597 -0.3120 -0.2053 0.2593 0.1049 -0.3181 -0.3522 -0.2931 -0.1608 0.2603 0.0629 -0.3529 -0.3457 -0.2573
-0.3259 -0.3486 0.0701 0.2639 -0.1652 -0.2942 -0.3525 -0.3181 0.1035 0.2621 -0.2023 -0.3104 -0.3592 -0.1880 0.1592 0.0658 -0.2522 -0.3303 -0.3627 0.0017 0.2256 -0.1221 -0.2826 -0.3474 -0.3426 0.0858 0.2700 -0.1915 -0.3067 -0.3584 -0.2155 0.1512 0.1005 -0.2469 -0.3285 -0.3625 -0.0087 0.2201 -0.1144 -0.2806 -0.3463 -0.3465 0.0808 0.2701 -0.1872 -0.3050 -0.3579 -0.2322 0.1428 0.1856 -0.1678 0.1856 0.1428 -0.2322 -0.3579 -0.3050 -0.1872 0.2701 0.0808 -0.3465 -0.3463 -0.2806 -0.1144 0.2201 -0.0087 -0.3625 -0.3285 -0.2469 0.1005 0.1512 -0.2155 -0.3584 -0.3067 -0.1915 0.2700 0.0858 -0.3426 -0.3474 -0.2826 -0.1221 0.2256 0.0017 -0.3627 -0.3303 -0.2522 0.0658 0.1592 -0.1880 -0.3592 -0.3104 -0.2023 0.2621 0.1035 -0.3181 -0.3525 -0.2942 -0.1652 0.2639 0.0701 -0.3486 -0.3259
-0.3354 0.0781 0.2675 -0.1712 -0.2962 -0.3532 -0.3140 0.1049 0.2621 -0.2012 -0.3096 -0.3588 -0.2030 0.1537 0.0954 -0.2469 -0.3283 -0.3625 -0.0119 0.2182 -0.1111 -0.2798 -0.3457 -0.3482 0.0782 0.2698 -0.1849 -0.3040 -0.3575 -0.2391 0.1432 0.1393 -0.2404 -0.3262 -0.3623 -0.0252 0.2123 -0.1020 -0.2777 -0.3445 -0.3515 0.0728 0.2685 -0.1804 -0.3023 -0.3569 -0.2532 0.1375 0.1719 -0.2273 -0.2929 -0.2273 0.1719 0.1375 -0.2532 -0.3569 -0.3023 -0.1804 0.2685 0.0728 -0.3515 -0.3445 -0.2777 -0.1020 0.2123 -0.0252 -0.3623 -0.3262 -0.2404 0.1393 0.1432 -0.2391 -0.3575 -0.3040 -0.1849 0.2698 0.0782 -0.3482 -0.3457 -0.2798 -0.1111 0.2182 -0.0119 -0.3625 -0.3283 -0.2469 0.0954 0.1537 -0.2030 -0.3588 -0.3096 -0.2012 0.2621 0.1049 -0.3140 -0.3532 -0.2962 -0.1712 0.2675 0.0781 -0.3354
0.0790 0.2697 -0.1779 -0.2986 -0.3543 -0.3058 0.1086 0.2593 -0.2023 -0.3096 -0.3587 -0.2107 0.1501 0.1171 -0.2427 -0.3266 -0.3622 -0.0259 0.2113 -0.0995 -0.2770 -0.3440 -0.3527 0.0705 0.2676 -0.1782 -0.3014 -0.3565 -0.2599 0.1355 0.1738 -0.2340 -0.3238 -0.3620 -0.0441 0.2046 -0.0877 -0.2748 -0.3427 -0.3554 0.0646 0.2651 -0.1733 -0.2995 -0.3558 -0.2725 0.1304 0.1950 -0.2284 -0.3210 -0.3630 -0.3210 -0.2284 0.1950 0.1304 -0.2725 -0.3558 -0.2995 -0.1733 0.2651 0.0646 -0.3554 -0.3427 -0.2748 -0.0877 0.2046 -0.0441 -0.3620 -0.3238 -0.2340 0.1738 0.1355 -0.2599 -0.3565 -0.3014 -0.1782 0.2676 0.0705 -0.3527 -0.3440 -0.2770 -0.0995 0.2113 -0.0259 -0.3622 -0.3266 -0.2427 0.1171 0.1501 -0.2107 -0.3587 -0.3096 -0.2023 0.2593 0.1086 -0.3058 -0.3543 -0.2986 -0.1779 0.2697 0.0790
0.2635 -0.1847 -0.3013 -0.3554 -0.2939 0.1141 0.2531 -0.2053 -0.3104 -0.3588 -0.2107 0.1489 0.1283 -0.2400 -0.3253 -0.3620 -0.0389 0.2054 -0.0877 -0.2745 -0.3423 -0.3561 0.0626 0.2639 -0.1713 -0.2987 -0.3554 -0.2781 0.1281 0.2025 -0.2277 -0.3213 -0.3616 -0.0656 0.1972 -0.0710 -0.2718 -0.3407 -0.3584 0.0559 0.2602 -0.1660 -0.2967 -0.3546 -0.2895 0.1229 0.2189 -0.2232 -0.3195 -0.3692 -0.3373 -0.3692 -0.3195 -0.2232 0.2189 0.1229 -0.2895 -0.3546 -0.2967 -0.1660 0.2602 0.0559 -0.3584 -0.3407 -0.2718 -0.0710 0.1972 -0.0656 -0.3616 -0.3213 -0.2277 0.2025 0.1281 -0.2781 -0.3554 -0.2987 -0.1713 0.2639 0.0626 -0.3561 -0.3423 -0.2745 -0.0877 0.2054 -0.0389 -0.3620 -0.3253 -0.2400 0.1283 0.1489 -0.2107 -0.3588 -0.3104 -0.2053 0.2531 0.1141 -0.2939 -0.3554 -0.3013 -0.1847 0.2635
-0.1788 -0.3040 -0.3565 -0.2787 0.1206 0.2422 -0.2099 -0.3120 -0.3592 -0.2030 0.1501 0.1283 -0.2391 -0.3247 -0.3619 -0.0493 0.2009 -0.0766 -0.2723 -0.3408 -0.3585 0.0548 0.2593 -0.1643 -0.2961 -0.3543 -0.2938 0.1208 0.2252 -0.2216 -0.3189 -0.3613 -0.0893 0.1899 -0.0514 -0.2688 -0.3387 -0.3605 0.0467 0.2544 -0.1583 -0.2939 -0.3534 -0.3040 0.1155 0.2382 -0.2172 -0.3171 -0.3617 -0.1447 0.0881 -0.1447 -0.3617 -0.3171 -0.2172 0.2382 0.1155 -0.3040 -0.3534 -0.2939 -0.1583 0.2544 0.0467 -0.3605 -0.3387 -0.2688 -0.0514 0.1899 -0.0893 -0.3613 -0.3189 -0.2216 0.2252 0.1208 -0.2938 -0.3543 -0.2961 -0.1643 0.2593 0.0548 -0.3585 -0.3408 -0.2723 -0.0766 0.2009 -0.0493 -0.3619 -0.3247 -0.2391 0.1283 0.1501 -0.2030 -0.3592 -0.3120 -0.2099 0.2422 0.1206 -0.2787 -0.3565 -0.3040 -0.1788
-0.2825 -0.3575 -0.2603 0.1278 0.2258 -0.2154 -0.3141 -0.3597 -0.1880 0.1537 0.1171 -0.2400 -0.3247 -0.3618 -0.0551 0.1980 -0.0677 -0.2706 -0.3394 -0.3601 0.0476 0.2543 -0.1576 -0.2935 -0.3531 -0.3071 0.1137 0.2425 -0.2154 -0.3165 -0.3608 -0.1149 0.1829 -0.0281 -0.2659 -0.3367 -0.3619 0.0369 0.2478 -0.1502 -0.2911 -0.3520 -0.3164 0.1082 0.2524 -0.2109 -0.3146 -0.3606 -0.1414 0.1572 0.2656 0.1572 -0.1414 -0.3606 -0.3146 -0.2109 0.2524 0.1082 -0.3164 -0.3520 -0.2911 -0.1502 0.2478 0.0369 -0.3619 -0.3367 -0.2659 -0.0281 0.1829 -0.1149 -0.3608 -0.3165 -0.2154 0.2425 0.1137 -0.3071 -0.3531 -0.2935 -0.1576 0.2543 0.0476 -0.3601 -0.3394 -0.2706 -0.0677 0.1980 -0.0551 -0.3618 -0.3247 -0.2400 0.1171 0.1537 -0.1880 -0.3597 -0.3141 -0.2154 0.2258 0.1278 -0.2603 -0.3575 -0.2825
-0.3391 -0.2393 0.1353 0.2032 -0.2213 -0.3164 -0.3603 -0.1671 0.1592 0.0954 -0.2427 -0.3253 -0.3619 -0.0551 0.1970 -0.0627 -0.2694 -0.3384 -0.3611 0.0412 0.2496 -0.1512 -0.2912 -0.3519 -0.3179 0.1069 0.2548 -0.2094 -0.3140 -0.3603 -0.1418 0.1749 -0.0002 -0.2630 -0.3346 -0.3626 0.0264 0.2407 -0.1416 -0.2883 -0.3506 -0.3268 0.1008 0.2619 -0.2045 -0.3120 -0.3599 -0.1636 0.1643 0.0890 -0.1905 0.0890 0.1643 -0.1636 -0.3599 -0.3120 -0.2045 0.2619 0.1008 -0.3268 -0.3506 -0.2883 -0.1416 0.2407 0.0264 -0.3626 -0.3346 -0.2630 -0.0002 0.1749 -0.1418 -0.3603 -0.3140 -0.2094 0.2548 0.1069 -0.3179 -0.3519 -0.2912 -0.1512 0.2496 0.0412 -0.3611 -0.3384 -0.2694 -0.0627 0.1970 -0.0551 -0.3619 -0.3253 -0.2427 0.0954 0.1592 -0.1671 -0.3603 -0.3164 -0.2213 0.2032 0.1353 -0.2393 -0.3391
-0.2296 0.1433 0.1743 -0.2276 -0.3188 -0.3608 -0.1423 0.1664 0.0658 -0.2469 -0.3266 -0.3620 -0.0493 0.1980 -0.0627 -0.2690 -0.3379 -0.3616 0.0365 0.2456 -0.1457 -0.2892 -0.3508 -0.3263 0.1006 0.2627 -0.2035 -0.3115 -0.3597 -0.1688 0.1661 0.0328 -0.2583 -0.3325 -0.3629 0.0149 0.2334 -0.1324 -0.2855 -0.3491 -0.3354 0.0934 0.2675 -0.1981 -0.3094 -0.3592 -0.1898 0.1589 0.0720 -0.2446 -0.3010 -0.2446 0.0720 0.1589 -0.1898 -0.3592 -0.3094 -0.1981 0.2675 0.0934 -0.3354 -0.3491 -0.2855 -0.1324 0.2334 0.0149 -0.3629 -0.3325 -0.2583 0.0328 0.1661 -0.1688 -0.3597 -0.3115 -0.2035 0.2627 0.1006 -0.3263 -0.3508 -0.2892 -0.1457 0.2456 0.0365 -0.3616 -0.3379 -0.2690 -0.0627 0.1980 -0.0493 -0.3620 -0.3266 -0.2469 0.0658 0.1664 -0.1423 -0.3608 -0.3188 -0.2276 0.1743 0.1433 -0.2296
0.1467 0.1396 -0.2339 -0.3213 -0.3613 -0.1159 0.1747 0.0327 -0.2522 -0.3283 -0.3622 -0.0389 0.2009 -0.0677 -0.2694 -0.3379 -0.3617 0.0339 0.2431 -0.1417 -0.2876 -0.3498 -0.3326 0.0949 0.2672 -0.1980 -0.3092 -0.3590 -0.1941 0.1578 0.0695 -0.2519 -0.3303 -0.3628 0.0020 0.2258 -0.1224 -0.2827 -0.3475 -0.3424 0.0861 0.2699 -0.1916 -0.3068 -0.3584 -0.2153 0.1511 0.1026 -0.2454 -0.3281 -0.3681 -0.3281 -0.2454 0.1026 0.1511 -0.2153 -0.3584 -0.3068 -0.1916 0.2699 0.0861 -0.3424 -0.3475 -0.2827 -0.1224 0.2258 0.0020 -0.3628 -0.3303 -0.2519 0.0695 0.1578 -0.1941 -0.3590 -0.3092 -0.1980 0.2672 0.0949 -0.3326 -0.3498 -0.2876 -0.1417 0.2431 0.0339 -0.3617 -0.3379 -0.2694 -0.0677 0.2009 -0.0389 -0.3622 -0.3283 -0.2522 0.0327 0.1747 -0.1159 -0.3613 -0.3213 -0.2339 0.1396 0.1467
0.0970 -0.2403 -0.3238 -0.3617 -0.0898 0.1827 0.0007 -0.2582 -0.3303 -0.3625 -0.0259 0.2054 -0.0766 -0.2706 -0.3384 -0.3616 0.0339 0.2423 -0.1396 -0.2866 -0.3491 -0.3369 0.0903 0.2693 -0.1932 -0.3071 -0.3584 -0.2164 0.1504 0.1065 -0.2457 -0.3280 -0.3625 -0.0124 0.2182 -0.1114 -0.2799 -0.3458 -0.3480 0.0785 0.2698 -0.1851 -0.3041 -0.3575 -0.2386 0.1433 0.1391 -0.2401 -0.3261 -0.3697 -0.3032 -0.3697 -0.3261 -0.2401 0.1391 0.1433 -0.2386 -0.3575 -0.3041 -0.1851 0.2698 0.0785 -0.3480 -0.3458 -0.2799 -0.1114 0.2182 -0.0124 -0.3625 -0.3280 -0.2457 0.1065 0.1504 -0.2164 -0.3584 -0.3071 -0.1932 0.2693 0.0903 -0.3369 -0.3491 -0.2866 -0.1396 0.2423 0.0339 -0.3616 -0.3384 -0.2706 -0.0766 0.2054 -0.0259 -0.3625 -0.3303 -0.2582 0.0007 0.1827 -0.0898 -0.3617 -0.3238 -0.2403 0.0970
-0.2235 -0.3262 -0.3620 -0.0657 0.1898 -0.0273 -0.2629 -0.3324 -0.3627 -0.0119 0.2113 -0.0877 -0.2723 -0.3394 -0.3611 0.0365 0.2431 -0.1396 -0.2863 -0.3487 -0.3394 0.0870 0.2701 -0.1892 -0.3053 -0.3577 -0.2351 0.1437 0.1398 -0.2398 -0.3259 -0.3622 -0.0286 0.2106 -0.0989 -0.2770 -0.3441 -0.3526 0.0708 0.2677 -0.1785 -0.3015 -0.3565 -0.2592 0.1357 0.1728 -0.2341 -0.3238 -0.3625 -0.0744 0.1062 -0.0744 -0.3625 -0.3238 -0.2341 0.1728 0.1357 -0.2592 -0.3565 -0.3015 -0.1785 0.2677 0.0708 -0.3526 -0.3441 -0.2770 -0.0989 0.2106 -0.0286 -0.3622 -0.3259 -0.2398 0.1398 0.1437 -0.2351 -0.3577 -0.3053 -0.1892 0.2701 0.0870 -0.3394 -0.3487 -0.2863 -0.1396 0.2431 0.0365 -0.3611 -0.3394 -0.2723 -0.0877 0.2113 -0.0119 -0.3627 -0.3324 -0.2629 -0.0273 0.1898 -0.0657 -0.3620 -0.3262 -0.2235
-0.3054 -0.3623 -0.0442 0.1971 -0.0510 -0.2658 -0.3345 -0.3629 0.0017 0.2182 -0.0995 -0.2745 -0.3408 -0.3601 0.0412 0.2456 -0.1417 -0.2866 -0.3487 -0.3402 0.0853 0.2702 -0.1864 -0.3039 -0.3571 -0.2497 0.1381 0.1671 -0.2346 -0.3238 -0.3619 -0.0463 0.2035 -0.0849 -0.2742 -0.3423 -0.3561 0.0627 0.2640 -0.1716 -0.2988 -0.3555 -0.2774 0.1284 0.2014 -0.2280 -0.3214 -0.3618 -0.0710 0.1786 0.2604 0.1786 -0.0710 -0.3618 -0.3214 -0.2280 0.2014 0.1284 -0.2774 -0.3555 -0.2988 -0.1716 0.2640 0.0627 -0.3561 -0.3423 -0.2742 -0.0849 0.2035 -0.0463 -0.3619 -0.3238 -0.2346 0.1671 0.1381 -0.2497 -0.3571 -0.3039 -0.1864 0.2702 0.0853 -0.3402 -0.3487 -0.2866 -0.1417 0.2456 0.0412 -0.3601 -0.3408 -0.2745 -0.0995 0.2182 0.0017 -0.3629 -0.3345 -0.2658 -0.0510 0.1971 -0.0442 -0.3623 -0.3054
-0.3464 -0.0253 0.2046 -0.0709 -0.2688 -0.3366 -0.3627 0.0145 0.2256 -0.1111 -0.2770 -0.3423 -0.3585 0.0476 0.2496 -0.1457 -0.2876 -0.3491 -0.3394 0.0853 0.2701 -0.1848 -0.3030 -0.3567 -0.2601 0.1336 0.1875 -0.2301 -0.3219 -0.3616 -0.0647 0.1969 -0.0694 -0.2714 -0.3404 -0.3588 0.0542 0.2591 -0.1644 -0.2961 -0.3543 -0.2932 0.1211 0.2244 -0.2218 -0.3190 -0.3613 -0.0898 0.1881 -0.0090 -0.2116 -0.0090 0.1881 -0.0898 -0.3613 -0.3190 -0.2218 0.2244 0.1211 -0.2932 -0.3543 -0.2961 -0.1644 0.2591 0.0542 -0.3588 -0.3404 -0.2714 -0.0694 0.1969 -0.0647 -0.3616 -0.3219 -0.2301 0.1875 0.1336 -0.2601 -0.3567 -0.3030 -0.1848 0.2701 0.0853 -0.3394 -0.3491 -0.2876 -0.1457 0.2496 0.0476 -0.3585 -0.3423 -0.2770 -0.1111 0.2256 0.0145 -0.3627 -0.3366 -0.2688 -0.0709 0.2046 -0.0253 -0.3464
-0.0232 0.2123 -0.0875 -0.2718 -0.3387 -0.3619 0.0261 0.2331 -0.1221 -0.2798 -0.3440 -0.3561 0.0548 0.2543 -0.1512 -0.2892 -0.3498 -0.3369 0.0870 0.2702 -0.1848 -0.3027 -0.3565 -0.2664 0.1305 0.2014 -0.2265 -0.3203 -0.3614 -0.0826 0.1910 -0.0527 -0.2688 -0.3386 -0.3607 0.0454 0.2533 -0.1569 -0.2934 -0.3531 -0.3069 0.1139 0.2419 -0.2157 -0.3166 -0.3608 -0.1143 0.1827 -0.0215 -0.2610 -0.3092 -0.2610 -0.0215 0.1827 -0.1143 -0.3608 -0.3166 -0.2157 0.2419 0.1139 -0.3069 -0.3531 -0.2934 -0.1569 0.2533 0.0454 -0.3607 -0.3386 -0.2688 -0.0527 0.1910 -0.0826 -0.3614 -0.3203 -0.2265 0.2014 0.1305 -0.2664 -0.3565 -0.3027 -0.1848 0.2702 0.0870 -0.3369 -0.3498 -0.2892 -0.1512 0.2543 0.0548 -0.3561 -0.3440 -0.2798 -0.1221 0.2331 0.0261 -0.3619 -0.3387 -0.2718 -0.0875 0.2123 -0.0232
0.2162 -0.1018 -0.2747 -0.3407 -0.3605 0.0368 0.2406 -0.1321 -0.2826 -0.3457 -0.3527 0.0626 0.2593 -0.1576 -0.2912 -0.3508 -0.3326 0.0903 0.2701 -0.1864 -0.3030 -0.3565 -0.2685 0.1288 0.2094 -0.2239 -0.3191 -0.3611 -0.0987 0.1860 -0.0355 -0.2664 -0.3368 -0.3619 0.0364 0.2471 -0.1491 -0.2907 -0.3518 -0.3185 0.1068 0.2546 -0.2095 -0.3141 -0.3603 -0.1408 0.1751 0.0006 -0.2622 -0.3352 -0.3726 -0.3352 -0.2622 0.0006 0.1751 -0.1408 -0.3603 -0.3141 -0.2095 0.2546 0.1068 -0.3185 -0.3518 -0.2907 -0.1491 0.2471 0.0364 -0.3619 -0.3368 -0.2664 -0.0355 0.1860 -0.0987 -0.3611 -0.3191 -0.2239 0.2094 0.1288 -0.2685 -0.3565 -0.3030 -0.1864 0.2701 0.0903 -0.3326 -0.3508 -0.2912 -0.1576 0.2593 0.0626 -0.3527 -0.3457 -0.2826 -0.1321 0.2406 0.0368 -0.3605 -0.3407 -0.2747 -0.1018 0.2162
-0.1087 -0.2777 -0.3426 -0.3584 0.0467 0.2477 -0.1414 -0.2854 -0.3474 -0.3482 0.0705 0.2639 -0.1643 -0.2935 -0.3519 -0.3263 0.0949 0.2693 -0.1892 -0.3039 -0.3567 -0.2664 0.1288 0.2120 -0.2225 -0.3183 -0.3609 -0.1115 0.1820 -0.0191 -0.2644 -0.3353 -0.3625 0.0275 0.2409 -0.1412 -0.2881 -0.3504 -0.3282 0.0996 0.2631 -0.2033 -0.3115 -0.3597 -0.1679 0.1664 0.0320 -0.2583 -0.3325 -0.3689 -0.2509 -0.3689 -0.3325 -0.2583 0.0320 0.1664 -0.1679 -0.3597 -0.3115 -0.2033 0.2631 0.0996 -0.3282 -0.3504 -0.2881 -0.1412 0.2409 0.0275 -0.3625 -0.3353 -0.2644 -0.0191 0.1820 -0.1115 -0.3609 -0.3183 -0.2225 0.2120 0.1288 -0.2664 -0.3567 -0.3039 -0.1892 0.2693 0.0949 -0.3263 -0.3519 -0.2935 -0.1643 0.2639 0.0705 -0.3482 -0.3474 -0.2854 -0.1414 0.2477 0.0467 -0.3584 -0.3426 -0.2777 -0.1087
-0.2554 -0.3445 -0.3554 0.0559 0.2544 -0.1501 -0.2883 -0.3490 -0.3426 0.0782 0.2676 -0.1713 -0.2961 -0.3531 -0.3179 0.1006 0.2672 -0.1932 -0.3053 -0.3571 -0.2601 0.1305 0.2094 -0.2225 -0.3181 -0.3608 -0.1198 0.1791 -0.0054 -0.2627 -0.3339 -0.3628 0.0190 0.2350 -0.1335 -0.2856 -0.3490 -0.3360 0.0926 0.2680 -0.1971 -0.3090 -0.3590 -0.1943 0.1580 0.0685 -0.2520 -0.3303 -0.3628 -0.0191 0.1251 -0.0191 -0.3628 -0.3303 -0.2520 0.0685 0.1580 -0.1943 -0.3590 -0.3090 -0.1971 0.2680 0.0926 -0.3360 -0.3490 -0.2856 -0.1335 0.2350 0.0190 -0.3628 -0.3339 -0.2627 -0.0054 0.1791 -0.1198 -0.3608 -0.3181 -0.2225 0.2094 0.1305 -0.2601 -0.3571 -0.3053 -0.1932 0.2672 0.1006 -0.3179 -0.3531 -0.2961 -0.1713 0.2676 0.0782 -0.3426 -0.3490 -0.2883 -0.1501 0.2544 0.0559 -0.3554 -0.3445 -0.2554
-0.3246 -0.3516 0.0645 0.2602 -0.1583 -0.2911 -0.3506 -0.3356 0.0858 0.2698 -0.1782 -0.2987 -0.3543 -0.3071 0.1069 0.2627 -0.1980 -0.3071 -0.3577 -0.2497 0.1336 0.2014 -0.2239 -0.3183 -0.3608 -0.1227 0.1774 0.0039 -0.2614 -0.3329 -0.3629 0.0115 0.2299 -0.1263 -0.2834 -0.3477 -0.3421 0.0859 0.2700 -0.1910 -0.3064 -0.3583 -0.2191 0.1499 0.1071 -0.2457 -0.3281 -0.3625 -0.0162 0.1996 0.2272 0.1996 -0.0162 -0.3625 -0.3281 -0.2457 0.1071 0.1499 -0.2191 -0.3583 -0.3064 -0.1910 0.2700 0.0859 -0.3421 -0.3477 -0.2834 -0.1263 0.2299 0.0115 -0.3629 -0.3329 -0.2614 0.0039 0.1774 -0.1227 -0.3608 -0.3183 -0.2239 0.2014 0.1336 -0.2497 -0.3577 -0.3071 -0.1980 0.2627 0.1069 -0.3071 -0.3543 -0.2987 -0.1782 0.2698 0.0858 -0.3356 -0.3506 -0.2911 -0.1583 0.2602 0.0645 -0.3516 -0.3246
-0.3383 0.0729 0.2650 -0.1660 -0.2939 -0.3520 -0.3269 0.0933 0.2700 -0.1849 -0.3014 -0.3554 -0.2938 0.1137 0.2548 -0.2035 -0.3092 -0.3584 -0.2351 0.1381 0.1875 -0.2265 -0.3191 -0.3609 -0.1198 0.1774 0.0073 -0.2604 -0.3322 -0.3629 0.0054 0.2257 -0.1198 -0.2814 -0.3465 -0.3467 0.0797 0.2699 -0.1851 -0.3040 -0.3574 -0.2412 0.1423 0.1442 -0.2395 -0.3258 -0.3622 -0.0293 0.2087 -0.0734 -0.2255 -0.0734 0.2087 -0.0293 -0.3622 -0.3258 -0.2395 0.1442 0.1423 -0.2412 -0.3574 -0.3040 -0.1851 0.2699 0.0797 -0.3467 -0.3465 -0.2814 -0.1198 0.2257 0.0054 -0.3629 -0.3322 -0.2604 0.0073 0.1774 -0.1198 -0.3609 -0.3191 -0.2265 0.1875 0.1381 -0.2351 -0.3584 -0.3092 -0.2035 0.2548 0.1137 -0.2938 -0.3554 -0.3014 -0.1849 0.2700 0.0933 -0.3269 -0.3520 -0.2939 -0.1660 0.2650 0.0729 -0.3383
0.0738 0.2685 -0.1733 -0.2967 -0.3534 -0.3165 0.1007 0.2676 -0.1915 -0.3040 -0.3565 -0.2781 0.1208 0.2425 -0.2094 -0.3115 -0.3590 -0.2164 0.1437 0.1671 -0.2301 -0.3203 -0.3611 -0.1115 0.1791 0.0039 -0.2604 -0.3320 -0.3628 0.0014 0.2227 -0.1147 -0.2799 -0.3454 -0.3501 0.0741 0.2685 -0.1797 -0.3017 -0.3565 -0.2601 0.1351 0.1763 -0.2333 -0.3235 -0.3619 -0.0473 0.2030 -0.0806 -0.2696 -0.3174 -0.2696 -0.0806 0.2030 -0.0473 -0.3619 -0.3235 -0.2333 0.1763 0.1351 -0.2601 -0.3565 -0.3017 -0.1797 0.2685 0.0741 -0.3501 -0.3454 -0.2799 -0.1147 0.2227 0.0014 -0.3628 -0.3320 -0.2604 0.0039 0.1791 -0.1115 -0.3611 -0.3203 -0.2301 0.1671 0.1437 -0.2164 -0.3590 -0.3115 -0.2094 0.2425 0.1208 -0.2781 -0.3565 -0.3040 -0.1915 0.2676 0.1007 -0.3165 -0.3534 -0.2967 -0.1733 0.2685 0.0738
0.2638 -0.1803 -0.2995 -0.3546 -0.3041 0.1081 0.2619 -0.1980 -0.3067 -0.3575 -0.2599 0.1281 0.2252 -0.2154 -0.3140 -0.3597 -0.1941 0.1504 0.1398 -0.2346 -0.3219 -0.3614 -0.0987 0.1820 -0.0054 -0.2614 -0.3322 -0.3628 -0.0000 0.2212 -0.1113 -0.2788 -0.3446 -0.3524 0.0693 0.2665 -0.1747 -0.2996 -0.3557 -0.2757 0.1285 0.2022 -0.2275 -0.3212 -0.3616 -0.0681 0.1961 -0.0675 -0.2706 -0.3419 -0.3762 -0.3419 -0.2706 -0.0675 0.1961 -0.0681 -0.3616 -0.3212 -0.2275 0.2022 0.1285 -0.2757 -0.3557 -0.2996 -0.1747 0.2665 0.0693 -0.3524 -0.3446 -0.2788 -0.1113 0.2212 -0.0000 -0.3628 -0.3322 -0.2614 -0.0054 0.1820 -0.0987 -0.3614 -0.3219 -0.2346 0.1398 0.1504 -0.1941 -0.3597 -0.3140 -0.2154 0.2252 0.1281 -0.2599 -0.3575 -0.3067 -0.1980 0.2619 0.1081 -0.3041 -0.3546 -0.2995 -0.1803 0.2638
-0.1751 -0.3023 -0.3558 -0.2895 0.1155 0.2524 -0.2045 -0.3094 -0.3584 -0.2391 0.1355 0.2025 -0.2216 -0.3165 -0.3603 -0.1688 0.1578 0.1065 -0.2398 -0.3238 -0.3616 -0.0826 0.1860 -0.0191 -0.2627 -0.3329 -0.3629 0.0014 0.2212 -0.1101 -0.2783 -0.3441 -0.3539 0.0656 0.2644 -0.1705 -0.2979 -0.3548 -0.2882 0.1226 0.2220 -0.2220 -0.3189 -0.3613 -0.0908 0.1893 -0.0489 -0.2683 -0.3386 -0.3661 -0.1798 -0.3661 -0.3386 -0.2683 -0.0489 0.1893 -0.0908 -0.3613 -0.3189 -0.2220 0.2220 0.1226 -0.2882 -0.3548 -0.2979 -0.1705 0.2644 0.0656 -0.3539 -0.3441 -0.2783 -0.1101 0.2212 0.0014 -0.3629 -0.3329 -0.2627 -0.0191 0.1860 -0.0826 -0.3616 -0.3238 -0.2398 0.1065 0.1578 -0.1688 -0.3603 -0.3165 -0.2216 0.2025 0.1355 -0.2391 -0.3584 -0.3094 -0.2045 0.2524 0.1155 -0.2895 -0.3558 -0.3023 -0.1751
-0.2807 -0.3569 -0.2726 0.1229 0.2382 -0.2109 -0.3120 -0.3592 -0.2155 0.1432 0.1738 -0.2277 -0.3189 -0.3608 -0.1418 0.1661 0.0695 -0.2457 -0.3259 -0.3619 -0.0647 0.1910 -0.0355 -0.2644 -0.3339 -0.3629 0.0054 0.2227 -0.1113 -0.2783 -0.3439 -0.3546 0.0633 0.2627 -0.1672 -0.2964 -0.3541 -0.2979 0.1175 0.2363 -0.2171 -0.3169 -0.3608 -0.1142 0.1827 -0.0266 -0.2656 -0.3365 -0.3621 0.0195 0.1452 0.0195 -0.3621 -0.3365 -0.2656 -0.0266 0.1827 -0.1142 -0.3608 -0.3169 -0.2171 0.2363 0.1175 -0.2979 -0.3541 -0.2964 -0.1672 0.2627 0.0633 -0.3546 -0.3439 -0.2783 -0.1113 0.2227 0.0054 -0.3629 -0.3339 -0.2644 -0.0355 0.1910 -0.0647 -0.3619 -0.3259 -0.2457 0.0695 0.1661 -0.1418 -0.3608 -0.3189 -0.2277 0.1738 0.1432 -0.2155 -0.3592 -0.3120 -0.2109 0.2382 0.1229 -0.2726 -0.3569 -0.2807
-0.3384 -0.2531 0.1304 0.2188 -0.2172 -0.3146 -0.3598 -0.1896 0.1512 0.1393 -0.2340 -0.3213 -0.3613 -0.1149 0.1749 0.0328 -0.2519 -0.3280 -0.3622 -0.0463 0.1969 -0.0527 -0.2664 -0.3353 -0.3628 0.0115 0.2257 -0.1147 -0.2788 -0.3441 -0.3546 0.0625 0.2618 -0.1652 -0.2954 -0.3536 -0.3049 0.1133 0.2462 -0.2128 -0.3150 -0.3604 -0.1369 0.1758 -0.0013 -0.2629 -0.3345 -0.3627 0.0221 0.2228 0.1521 0.2228 0.0221 -0.3627 -0.3345 -0.2629 -0.0013 0.1758 -0.1369 -0.3604 -0.3150 -0.2128 0.2462 0.1133 -0.3049 -0.3536 -0.2954 -0.1652 0.2618 0.0625 -0.3546 -0.3441 -0.2788 -0.1147 0.2257 0.0115 -0.3628 -0.3353 -0.2664 -0.0527 0.1969 -0.0463 -0.3622 -0.3280 -0.2519 0.0328 0.1749 -0.1149 -0.3613 -0.3213 -0.2340 0.1393 0.1512 -0.1896 -0.3598 -0.3146 -0.2172 0.2188 0.1304 -0.2531 -0.3384
-0.2431 0.1383 0.1936 -0.2235 -0.3172 -0.3605 -0.1622 0.1595 0.1005 -0.2404 -0.3238 -0.3616 -0.0893 0.1829 -0.0002 -0.2583 -0.3303 -0.3625 -0.0286 0.2035 -0.0694 -0.2688 -0.3368 -0.3625 0.0190 0.2299 -0.1198 -0.2799 -0.3446 -0.3539 0.0633 0.2618 -0.1645 -0.2949 -0.3532 -0.3094 0.1102 0.2526 -0.2092 -0.3134 -0.3600 -0.1573 0.1687 0.0258 -0.2590 -0.3326 -0.3629 0.0136 0.2307 -0.1138 -0.2392 -0.1138 0.2307 0.0136 -0.3629 -0.3326 -0.2590 0.0258 0.1687 -0.1573 -0.3600 -0.3134 -0.2092 0.2526 0.1102 -0.3094 -0.3532 -0.2949 -0.1645 0.2618 0.0633 -0.3539 -0.3446 -0.2799 -0.1198 0.2299 0.0190 -0.3625 -0.3368 -0.2688 -0.0694 0.2035 -0.0286 -0.3625 -0.3303 -0.2583 -0.0002 0.1829 -0.0893 -0.3616 -0.3238 -0.2404 0.1005 0.1595 -0.1622 -0.3605 -0.3172 -0.2235 0.1936 0.1383 -0.2431
0.1414 0.1625 -0.2298 -0.3197 -0.3610 -0.1341 0.1683 0.0607 -0.2469 -0.3262 -0.3620 -0.0656 0.1899 -0.0281 -0.2630 -0.3325 -0.3628 -0.0124 0.2106 -0.0849 -0.2714 -0.3386 -0.3619 0.0275 0.2350 -0.1263 -0.2814 -0.3454 -0.3524 0.0656 0.2627 -0.1652 -0.2949 -0.3531 -0.3116 0.1082 0.2563 -0.2065 -0.3121 -0.3596 -0.1745 0.1628 0.0525 -0.2540 -0.3307 -0.3628 0.0026 0.2254 -0.1190 -0.2782 -0.3256 -0.2782 -0.1190 0.2254 0.0026 -0.3628 -0.3307 -0.2540 0.0525 0.1628 -0.1745 -0.3596 -0.3121 -0.2065 0.2563 0.1082 -0.3116 -0.3531 -0.2949 -0.1652 0.2627 0.0656 -0.3524 -0.3454 -0.2814 -0.1263 0.2350 0.0275 -0.3619 -0.3386 -0.2714 -0.0849 0.2106 -0.0124 -0.3628 -0.3325 -0.2630 -0.0281 0.1899 -0.0656 -0.3620 -0.3262 -0.2469 0.0607 0.1683 -0.1341 -0.3610 -0.3197 -0.2298 0.1625 0.1414
0.1213 -0.2362 -0.3222 -0.3614 -0.1068 0.1771 0.0235 -0.2535 -0.3285 -0.3623 -0.0441 0.1972 -0.0514 -0.2659 -0.3346 -0.3629 0.0020 0.2182 -0.0989 -0.2742 -0.3404 -0.3607 0.0364 0.2409 -0.1335 -0.2834 -0.3465 -0.3501 0.0693 0.2644 -0.1672 -0.2954 -0.3532 -0.3116 0.1075 0.2580 -0.2048 -0.3112 -0.3593 -0.1878 0.1581 0.0766 -0.2496 -0.3291 -0.3625 -0.0089 0.2191 -0.1115 -0.2792 -0.3484 -0.3787 -0.3484 -0.2792 -0.1115 0.2191 -0.0089 -0.3625 -0.3291 -0.2496 0.0766 0.1581 -0.1878 -0.3593 -0.3112 -0.2048 0.2580 0.1075 -0.3116 -0.3532 -0.2954 -0.1672 0.2644 0.0693 -0.3501 -0.3465 -0.2834 -0.1335 0.2409 0.0364 -0.3607 -0.3404 -0.2742 -0.0989 0.2182 0.0020 -0.3629 -0.3346 -0.2659 -0.0514 0.1972 -0.0441 -0.3623 -0.3285 -0.2535 0.0235 0.1771 -0.1068 -0.3614 -0.3222 -0.2362 0.1213
-0.2203 -0.3247 -0.3618 -0.0810 0.1851 -0.0091 -0.2596 -0.3308 -0.3625 -0.0252 0.2046 -0.0710 -0.2688 -0.3367 -0.3626 0.0149 0.2258 -0.1114 -0.2770 -0.3423 -0.3588 0.0454 0.2471 -0.1412 -0.2856 -0.3477 -0.3467 0.0741 0.2665 -0.1705 -0.2964 -0.3536 -0.3094 0.1082 0.2580 -0.2043 -0.3107 -0.3592 -0.1968 0.1546 0.0960 -0.2459 -0.3276 -0.3624 -0.0204 0.2133 -0.1020 -0.2773 -0.3445 -0.3587 -0.0985 -0.3587 -0.3445 -0.2773 -0.1020 0.2133 -0.0204 -0.3624 -0.3276 -0.2459 0.0960 0.1546 -0.1968 -0.3592 -0.3107 -0.2043 0.2580 0.1082 -0.3094 -0.3536 -0.2964 -0.1705 0.2665 0.0741 -0.3467 -0.3477 -0.2856 -0.1412 0.2471 0.0454 -0.3588 -0.3423 -0.2770 -0.1114 0.2258 0.0149 -0.3626 -0.3367 -0.2688 -0.0710 0.2046 -0.0252 -0.3625 -0.3308 -0.2596 -0.0091 0.1851 -0.0810 -0.3618 -0.3247 -0.2203
-0.3038 -0.3622 -0.0577 0.1924 -0.0362 -0.2639 -0.3331 -0.3628 -0.0087 0.2123 -0.0877 -0.2718 -0.3387 -0.3619 0.0264 0.2334 -0.1224 -0.2799 -0.3441 -0.3561 0.0542 0.2533 -0.1491 -0.2881 -0.3490 -0.3421 0.0797 0.2685 -0.1747 -0.2979 -0.3541 -0.3049 0.1102 0.2563 -0.2048 -0.3107 -0.3591 -0.2013 0.1524 0.1094 -0.2433 -0.3265 -0.3622 -0.0311 0.2082 -0.0922 -0.2752 -0.3427 -0.3563 0.0501 0.1684 0.0501 -0.3563 -0.3427 -0.2752 -0.0922 0.2082 -0.0311 -0.3622 -0.3265 -0.2433 0.1094 0.1524 -0.2013 -0.3591 -0.3107 -0.2048 0.2563 0.1102 -0.3049 -0.3541 -0.2979 -0.1747 0.2685 0.0797 -0.3421 -0.3490 -0.2881 -0.1491 0.2533 0.0542 -0.3561 -0.3441 -0.2799 -0.1224 0.2334 0.0264 -0.3619 -0.3387 -0.2718 -0.0877 0.2123 -0.0087 -0.3628 -0.3331 -0.2639 -0.0362 0.1924 -0.0577 -0.3622 -0.3038
-0.3460 -0.0370 0.1998 -0.0586 -0.2669 -0.3353 -0.3629 0.0057 0.2201 -0.1020 -0.2748 -0.3407 -0.3605 0.0369 0.2407 -0.1324 -0.2827 -0.3458 -0.3526 0.0627 0.2591 -0.1569 -0.2907 -0.3504 -0.3360 0.0859 0.2699 -0.1797 -0.2996 -0.3548 -0.2979 0.1133 0.2526 -0.2065 -0.3112 -0.3592 -0.2013 0.1517 0.1162 -0.2416 -0.3257 -0.3621 -0.0402 0.2041 -0.0830 -0.2733 -0.3414 -0.3580 0.0540 0.2488 0.0345 0.2488 0.0540 -0.3580 -0.3414 -0.2733 -0.0830 0.2041 -0.0402 -0.3621 -0.3257 -0.2416 0.1162 0.1517 -0.2013 -0.3592 -0.3112 -0.2065 0.2526 0.1133 -0.2979 -0.3548 -0.2996 -0.1797 0.2699 0.0859 -0.3360 -0.3504 -0.2907 -0.1569 0.2591 0.0627 -0.3526 -0.3458 -0.2827 -0.1324 0.2407 0.0369 -0.3605 -0.3407 -0.2748 -0.1020 0.2201 0.0057 -0.3629 -0.3353 -0.2669 -0.0586 0.1998 -0.0370 -0.3460
-0.0345 0.2074 -0.0772 -0.2699 -0.3374 -0.3625 0.0185 0.2280 -0.1144 -0.2777 -0.3427 -0.3584 0.0467 0.2478 -0.1416 -0.2855 -0.3475 -0.3480 0.0708 0.2640 -0.1644 -0.2934 -0.3518 -0.3282 0.0926 0.2700 -0.1851 -0.3017 -0.3557 -0.2882 0.1175 0.2462 -0.2092 -0.3121 -0.3593 -0.1968 0.1524 0.1162 -0.2410 -0.3253 -0.3620 -0.0468 0.2010 -0.0751 -0.2717 -0.3402 -0.3595 0.0497 0.2542 -0.1461 -0.2547 -0.1461 0.2542 0.0497 -0.3595 -0.3402 -0.2717 -0.0751 0.2010 -0.0468 -0.3620 -0.3253 -0.2410 0.1162 0.1524 -0.1968 -0.3593 -0.3121 -0.2092 0.2462 0.1175 -0.2882 -0.3557 -0.3017 -0.1851 0.2700 0.0926 -0.3282 -0.3518 -0.2934 -0.1644 0.2640 0.0708 -0.3480 -0.3475 -0.2855 -0.1416 0.2478 0.0467 -0.3584 -0.3427 -0.2777 -0.1144 0.2280 0.0185 -0.3625 -0.3374 -0.2699 -0.0772 0.2074 -0.0345
0.2114 -0.0929 -0.2729 -0.3394 -0.3615 0.0300 0.2357 -0.1254 -0.2806 -0.3445 -0.3554 0.0559 0.2544 -0.1502 -0.2883 -0.3491 -0.3424 0.0785 0.2677 -0.1716 -0.2961 -0.3531 -0.3185 0.0996 0.2680 -0.1910 -0.3040 -0.3565 -0.2757 0.1226 0.2363 -0.2128 -0.3134 -0.3596 -0.1878 0.1546 0.1094 -0.2416 -0.3253 -0.3620 -0.0504 0.1992 -0.0691 -0.2705 -0.3392 -0.3605 0.0445 0.2513 -0.1514 -0.2882 -0.3347 -0.2882 -0.1514 0.2513 0.0445 -0.3605 -0.3392 -0.2705 -0.0691 0.1992 -0.0504 -0.3620 -0.3253 -0.2416 0.1094 0.1546 -0.1878 -0.3596 -0.3134 -0.2128 0.2363 0.1226 -0.2757 -0.3565 -0.3040 -0.1910 0.2680 0.0996 -0.3185 -0.3531 -0.2961 -0.1716 0.2677 0.0785 -0.3424 -0.3491 -0.2883 -0.1502 0.2544 0.0559 -0.3554 -0.3445 -0.2806 -0.1254 0.2357 0.0300 -0.3615 -0.3394 -0.2729 -0.0929 0.2114
-0.1013 -0.2758 -0.3414 -0.3598 0.0404 0.2431 -0.1354 -0.2835 -0.3463 -0.3515 0.0646 0.2602 -0.1583 -0.2911 -0.3506 -0.3354 0.0861 0.2698 -0.1785 -0.2988 -0.3543 -0.3069 0.1068 0.2631 -0.1971 -0.3064 -0.3574 -0.2601 0.1285 0.2220 -0.2171 -0.3150 -0.3600 -0.1745 0.1581 0.0960 -0.2433 -0.3257 -0.3620 -0.0504 0.1986 -0.0660 -0.2698 -0.3386 -0.3611 0.0400 0.2480 -0.1481 -0.2894 -0.3552 -0.3796 -0.3552 -0.2894 -0.1481 0.2480 0.0400 -0.3611 -0.3386 -0.2698 -0.0660 0.1986 -0.0504 -0.3620 -0.3257 -0.2433 0.0960 0.1581 -0.1745 -0.3600 -0.3150 -0.2171 0.2220 0.1285 -0.2601 -0.3574 -0.3064 -0.1971 0.2631 0.1068 -0.3069 -0.3543 -0.2988 -0.1785 0.2698 0.0861 -0.3354 -0.3506 -0.2911 -0.1583 0.2602 0.0646 -0.3515 -0.3463 -0.2835 -0.1354 0.2431 0.0404 -0.3598 -0.3414 -0.2758 -0.1013
-0.2534 -0.3434 -0.3574 0.0500 0.2502 -0.1446 -0.2864 -0.3480 -0.3465 0.0728 0.2651 -0.1660 -0.2939 -0.3520 -0.3268 0.0934 0.2699 -0.1851 -0.3015 -0.3555 -0.2932 0.1139 0.2546 -0.2033 -0.3090 -0.3583 -0.2412 0.1351 0.2022 -0.2220 -0.3169 -0.3604 -0.1573 0.1628 0.0766 -0.2459 -0.3265 -0.3621 -0.0468 0.1992 -0.0660 -0.2695 -0.3382 -0.3615 0.0366 0.2452 -0.1444 -0.2884 -0.3508 -0.3401 -0.0223 -0.3401 -0.3508 -0.2884 -0.1444 0.2452 0.0366 -0.3615 -0.3382 -0.2695 -0.0660 0.1992 -0.0468 -0.3621 -0.3265 -0.2459 0.0766 0.1628 -0.1573 -0.3604 -0.3169 -0.2220 0.2022 0.1351 -0.2412 -0.3583 -0.3090 -0.2033 0.2546 0.1139 -0.2932 -0.3555 -0.3015 -0.1851 0.2699 0.0934 -0.3268 -0.3520 -0.2939 -0.1660 0.2651 0.0728 -0.3465 -0.3480 -0.2864 -0.1446 0.2502 0.0500 -0.3574 -0.3434 -0.2534
-0.3234 -0.3542 0.0590 0.2566 -0.1531 -0.2893 -0.3496 -0.3403 0.0808 0.2685 -0.1733 -0.2967 -0.3534 -0.3164 0.1008 0.2675 -0.1916 -0.3041 -0.3565 -0.2774 0.1211 0.2419 -0.2095 -0.3115 -0.3590 -0.2191 0.1423 0.1763 -0.2275 -0.3189 -0.3608 -0.1369 0.1687 0.0525 -0.2496 -0.3276 -0.3622 -0.0402 0.2010 -0.0691 -0.2698 -0.3382 -0.3616 0.0349 0.2434 -0.1416 -0.2873 -0.3497 -0.3363 0.0805 0.1967 0.0805 -0.3363 -0.3497 -0.2873 -0.1416 0.2434 0.0349 -0.3616 -0.3382 -0.2698 -0.0691 0.2010 -0.0402 -0.3622 -0.3276 -0.2496 0.0525 0.1687 -0.1369 -0.3608 -0.3189 -0.2275 0.1763 0.1423 -0.2191 -0.3590 -0.3115 -0.2095 0.2419 0.1211 -0.2774 -0.3565 -0.3041 -0.1916 0.2675 0.1008 -0.3164 -0.3534 -0.2967 -0.1733 0.2685 0.0808 -0.3403 -0.3496 -0.2893 -0.1531 0.2566 0.0590 -0.3542 -0.3234
-0.3407 0.0677 0.2621 -0.1611 -0.2921 -0.3511 -0.3326 0.0885 0.2701 -0.1804 -0.2995 -0.3546 -0.3040 0.1082 0.2619 -0.1981 -0.3068 -0.3575 -0.2592 0.1284 0.2244 -0.2157 -0.3141 -0.3597 -0.1943 0.1499 0.1442 -0.2333 -0.3212 -0.3613 -0.1142 0.1758 0.0258 -0.2540 -0.3291 -0.3624 -0.0311 0.2041 -0.0751 -0.2705 -0.3386 -0.3615 0.0349 0.2429 -0.1401 -0.2866 -0.3491 -0.3380 0.0868 0.2697 -0.0707 0.2697 0.0868 -0.3380 -0.3491 -0.2866 -0.1401 0.2429 0.0349 -0.3615 -0.3386 -0.2705 -0.0751 0.2041 -0.0311 -0.3624 -0.3291 -0.2540 0.0258 0.1758 -0.1142 -0.3613 -0.3212 -0.2333 0.1442 0.1499 -0.1943 -0.3597 -0.3141 -0.2157 0.2244 0.1284 -0.2592 -0.3575 -0.3068 -0.1981 0.2619 0.1082 -0.3040 -0.3546 -0.2995 -0.1804 0.2701 0.0885 -0.3326 -0.3511 -0.2921 -0.1611 0.2621 0.0677 -0.3407
0.0685 0.2664 -0.1686 -0.2949 -0.3525 -0.3234 0.0960 0.2694 -0.1872 -0.3023 -0.3558 -0.2895 0.1155 0.2524 -0.2045 -0.3094 -0.3584 -0.2386 0.1357 0.2014 -0.2218 -0.3166 -0.3603 -0.1679 0.1580 0.1071 -0.2395 -0.3235 -0.3616 -0.0908 0.1827 -0.0013 -0.2590 -0.3307 -0.3625 -0.0204 0.2082 -0.0830 -0.2717 -0.3392 -0.3611 0.0366 0.2434 -0.1401 -0.2864 -0.3488 -0.3395 0.0861 0.2703 -0.1778 -0.2692 -0.1778 0.2703 0.0861 -0.3395 -0.3488 -0.2864 -0.1401 0.2434 0.0366 -0.3611 -0.3392 -0.2717 -0.0830 0.2082 -0.0204 -0.3625 -0.3307 -0.2590 -0.0013 0.1827 -0.0908 -0.3616 -0.3235 -0.2395 0.1071 0.1580 -0.1679 -0.3603 -0.3166 -0.2218 0.2014 0.1357 -0.2386 -0.3584 -0.3094 -0.2045 0.2524 0.1155 -0.2895 -0.3558 -0.3023 -0.1872 0.2694 0.0960 -0.3234 -0.3525 -0.2949 -0.1686 0.2664 0.0685
0.2632 -0.1758 -0.2977 -0.3538 -0.3123 0.1034 0.2660 -0.1938 -0.3050 -0.3569 -0.2725 0.1229 0.2382 -0.2109 -0.3120 -0.3592 -0.2153 0.1433 0.1728 -0.2280 -0.3190 -0.3608 -0.1408 0.1664 0.0685 -0.2457 -0.3258 -0.3619 -0.0681 0.1893 -0.0266 -0.2629 -0.3326 -0.3628 -0.0089 0.2133 -0.0922 -0.2733 -0.3402 -0.3605 0.0400 0.2452 -0.1416 -0.2866 -0.3488 -0.3401 0.0852 0.2702 -0.1842 -0.3007 -0.3457 -0.3007 -0.1842 0.2702 0.0852 -0.3401 -0.3488 -0.2866 -0.1416 0.2452 0.0400 -0.3605 -0.3402 -0.2733 -0.0922 0.2133 -0.0089 -0.3628 -0.3326 -0.2629 -0.0266 0.1893 -0.0681 -0.3619 -0.3258 -0.2457 0.0685 0.1664 -0.1408 -0.3608 -0.3190 -0.2280 0.1728 0.1433 -0.2153 -0.3592 -0.3120 -0.2109 0.2382 0.1229 -0.2725 -0.3569 -0.3050 -0.1938 0.2660 0.1034 -0.3123 -0.3538 -0.2977 -0.1758 0.2632
-0.1712 -0.3005 -0.3551 -0.2992 0.1107 0.2591 -0.2003 -0.3077 -0.3579 -0.2532 0.1304 0.2189 -0.2172 -0.3146 -0.3599 -0.1898 0.1511 0.1391 -0.2341 -0.3214 -0.3613 -0.1143 0.1751 0.0320 -0.2520 -0.3281 -0.3622 -0.0473 0.1961 -0.0489 -0.2656 -0.3345 -0.3629 0.0026 0.2191 -0.1020 -0.2752 -0.3414 -0.3595 0.0445 0.2480 -0.1444 -0.2873 -0.3491 -0.3395 0.0852 0.2701 -0.1843 -0.3024 -0.3625 -0.3758 -0.3625 -0.3024 -0.1843 0.2701 0.0852 -0.3395 -0.3491 -0.2873 -0.1444 0.2480 0.0445 -0.3595 -0.3414 -0.2752 -0.1020 0.2191 0.0026 -0.3629 -0.3345 -0.2656 -0.0489 0.1961 -0.0473 -0.3622 -0.3281 -0.2520 0.0320 0.1751 -0.1143 -0.3613 -0.3214 -0.2341 0.1391 0.1511 -0.1898 -0.3599 -0.3146 -0.2172 0.2189 0.1304 -0.2532 -0.3579 -0.3077 -0.2003 0.2591 0.1107 -0.2992 -0.3551 -0.3005 -0.1712
-0.2788 -0.3564 -0.2846 0.1177 0.2487 -0.2065 -0.3103 -0.3588 -0.2322 0.1375 0.1950 -0.2232 -0.3171 -0.3606 -0.1636 0.1589 0.1026 -0.2401 -0.3238 -0.3618 -0.0898 0.1827 0.0006 -0.2583 -0.3303 -0.3625 -0.0293 0.2030 -0.0675 -0.2683 -0.3365 -0.3627 0.0136 0.2254 -0.1115 -0.2773 -0.3427 -0.3580 0.0497 0.2513 -0.1481 -0.2884 -0.3497 -0.3380 0.0861 0.2702 -0.1843 -0.3024 -0.3573 -0.2897 0.0360 -0.2897 -0.3573 -0.3024 -0.1843 0.2702 0.0861 -0.3380 -0.3497 -0.2884 -0.1481 0.2513 0.0497 -0.3580 -0.3427 -0.2773 -0.1115 0.2254 0.0136 -0.3627 -0.3365 -0.2683 -0.0675 0.2030 -0.0293 -0.3625 -0.3303 -0.2583 0.0006 0.1827 -0.0898 -0.3618 -0.3238 -0.2401 0.1026 0.1589 -0.1636 -0.3606 -0.3171 -0.2232 0.1950 0.1375 -0.2322 -0.3588 -0.3103 -0.2065 0.2487 0.1177 -0.2846 -0.3564 -0.2788
-0.3382 -0.2710 0.1228 0.2372 -0.2116 -0.3126 -0.3602 -0.2130 0.1428 0.1719 -0.2284 -0.3195 -0.3617 -0.1414 0.1643 0.0720 -0.2454 -0.3261 -0.3625 -0.0710 0.1881 -0.0215 -0.2622 -0.3325 -0.3628 -0.0162 0.2087 -0.0806 -0.2706 -0.3386 -0.3621 0.0221 0.2307 -0.1190 -0.2792 -0.3445 -0.3563 0.0540 0.2542 -0.1514 -0.2894 -0.3508 -0.3363 0.0868 0.2703 -0.1842 -0.3024 -0.3573 -0.2770 0.1135 0.2321 0.1135 -0.2770 -0.3573 -0.3024 -0.1842 0.2703 0.0868 -0.3363 -0.3508 -0.2894 -0.1514 0.2542 0.0540 -0.3563 -0.3445 -0.2792 -0.1190 0.2307 0.0221 -0.3621 -0.3386 -0.2706 -0.0806 0.2087 -0.0162 -0.3628 -0.3325 -0.2622 -0.0215 0.1881 -0.0710 -0.3625 -0.3261 -0.2454 0.0720 0.1643 -0.1414 -0.3617 -0.3195 -0.2284 0.1719 0.1428 -0.2130 -0.3602 -0.3126 -0.2116 0.2372 0.1228 -0.2710 -0.3382
-0.2798 0.1190 0.2448 -0.2102 -0.3136 -0.3674 -0.2157 0.1377 0.1856 -0.2273 -0.3210 -0.3692 -0.1447 0.1572 0.0890 -0.2446 -0.3281 -0.3697 -0.0744 0.1786 -0.0090 -0.2610 -0.3352 -0.3689 -0.0191 0.1996 -0.0734 -0.2696 -0.3419 -0.3661 0.0195 0.2228 -0.1138 -0.2782 -0.3484 -0.3587 0.0501 0.2488 -0.1461 -0.2882 -0.3552 -0.3401 0.0805 0.2697 -0.1778 -0.3007 -0.3625 -0.2897 0.1135 0.2630 -0.1229 0.2630 0.1135 -0.2897 -0.3625 -0.3007 -0.1778 0.2697 0.0805 -0.3401 -0.3552 -0.2882 -0.1461 0.2488 0.0501 -0.3587 -0.3484 -0.2782 -0.1138 0.2228 0.0195 -0.3661 -0.3419 -0.2696 -0.0734 0.1996 -0.0191 -0.3689 -0.3352 -0.2610 -0.0090 0.1786 -0.0744 -0.3697 -0.3281 -0.2446 0.0890 0.1572 -0.1447 -0.3692 -0.3210 -0.2273 0.1856 0.1377 -0.2157 -0.3674 -0.3136 -0.2102 0.2448 0.1190 -0.2798
0.0412 0.2394 -0.1425 -0.2847 -0.3572 -0.3589 0.0689 0.2559 -0.1678 -0.2929 -0.3630 -0.3373 0.0881 0.2656 -0.1905 -0.3010 -0.3681 -0.3032 0.1062 0.2604 -0.2116 -0.3092 -0.3726 -0.2509 0.1251 0.2272 -0.2255 -0.3174 -0.3762 -0.1798 0.1452 0.1521 -0.2392 -0.3256 -0.3787 -0.0985 0.1684 0.0345 -0.2547 -0.3347 -0.3796 -0.0223 0.1967 -0.0707 -0.2692 -0.3457 -0.3758 0.0360 0.2321 -0.1229 -0.2444 -0.1229 0.2321 0.0360 -0.3758 -0.3457 -0.2692 -0.0707 0.1967 -0.0223 -0.3796 -0.3347 -0.2547 0.0345 0.1684 -0.0985 -0.3787 -0.3256 -0.2392 0.1521 0.1452 -0.1798 -0.3762 -0.3174 -0.2255 0.2272 0.1251 -0.2509 -0.3726 -0.3092 -0.2116 0.2604 0.1062 -0.3032 -0.3681 -0.3010 -0.1905 0.2656 0.0881 -0.3373 -0.3630 -0.2929 -0.1678 0.2559 0.0689 -0.3589 -0.3572 -0.2847 -0.1425 0.2394 0.0412
