0.0003 0.0032 0.0374 0.4339 1.0000 1.0000 0.0006 0.0072 0.0836 0.9682 1.0000 0.0001 0.0014 0.0160 0.1854 1.0000 1.0000 0.0003 0.0031 0.0356 0.4114 1.0000 1.0000 0.0006 0.0068 0.0790 0.9128 1.0000 0.0001 0.0013 0.0151 0.1748 1.0000 1.0000 0.0003 0.0029 0.0335 0.3879 1.0000 1.0000 0.0006 0.0064 0.0744 0.8605 1.0000 0.0001 0.0012 0.0142 0.1605 1.0000 1.0000 1.0000 0.1605 0.0142 0.0012 0.0001 1.0000 0.8605 0.0744 0.0064 0.0006 1.0000 1.0000 0.3879 0.0335 0.0029 0.0003 1.0000 1.0000 0.1748 0.0151 0.0013 0.0001 1.0000 0.9128 0.0790 0.0068 0.0006 1.0000 1.0000 0.4114 0.0356 0.0031 0.0003 1.0000 1.0000 0.1854 0.0160 0.0014 0.0001 1.0000 0.9682 0.0836 0.0072 0.0006 1.0000 1.0000 0.4339 0.0374 0.0032 0.0003
0.0032 0.0388 0.4397 1.0000 1.0000 0.0006 0.0072 0.0830 0.9608 1.0000 0.0001 0.0014 0.0159 0.1840 1.0000 1.0000 0.0003 0.0030 0.0353 0.4083 1.0000 1.0000 0.0006 0.0068 0.0782 0.9041 1.0000 0.0001 0.0013 0.0150 0.1735 1.0000 1.0000 0.0002 0.0029 0.0332 0.3849 1.0000 1.0000 0.0006 0.0064 0.0737 0.8524 1.0000 0.0001 0.0012 0.0141 0.1626 1.0000 1.0000 0.0001 1.0000 1.0000 0.1626 0.0141 0.0012 0.0001 1.0000 0.8524 0.0737 0.0064 0.0006 1.0000 1.0000 0.3849 0.0332 0.0029 0.0002 1.0000 1.0000 0.1735 0.0150 0.0013 0.0001 1.0000 0.9041 0.0782 0.0068 0.0006 1.0000 1.0000 0.4083 0.0353 0.0030 0.0003 1.0000 1.0000 0.1840 0.0159 0.0014 0.0001 1.0000 0.9608 0.0830 0.0072 0.0006 1.0000 1.0000 0.4397 0.0388 0.0032
0.0374 0.4397 1.0000 1.0000 0.0006 0.0066 0.0763 0.8787 1.0000 0.0001 0.0013 0.0145 0.1677 1.0000 1.0000 0.0002 0.0028 0.0322 0.3720 1.0000 1.0000 0.0005 0.0062 0.0712 0.8252 1.0000 0.0001 0.0012 0.0137 0.1581 1.0000 1.0000 0.0002 0.0026 0.0303 0.3507 1.0000 1.0000 0.0005 0.0058 0.0672 0.7780 1.0000 0.0001 0.0011 0.0129 0.1487 1.0000 1.0000 0.0002 0.0008 0.0002 1.0000 1.0000 0.1487 0.0129 0.0011 0.0001 1.0000 0.7780 0.0672 0.0058 0.0005 1.0000 1.0000 0.3507 0.0303 0.0026 0.0002 1.0000 1.0000 0.1581 0.0137 0.0012 0.0001 1.0000 0.8252 0.0712 0.0062 0.0005 1.0000 1.0000 0.3720 0.0322 0.0028 0.0002 1.0000 1.0000 0.1677 0.0145 0.0013 0.0001 1.0000 0.8787 0.0763 0.0066 0.0006 1.0000 1.0000 0.4397 0.0374
0.4339 1.0000 1.0000 0.0006 0.0063 0.0717 0.8174 1.0000 0.0001 0.0011 0.0133 0.1533 1.0000 1.0000 0.0002 0.0025 0.0293 0.3395 1.0000 1.0000 0.0005 0.0056 0.0650 0.7518 1.0000 0.0001 0.0011 0.0125 0.1443 1.0000 1.0000 0.0002 0.0024 0.0276 0.3201 1.0000 1.0000 0.0005 0.0053 0.0613 0.7088 1.0000 0.0001 0.0010 0.0117 0.1360 1.0000 1.0000 0.0002 0.0020 0.0088 0.0020 0.0002 1.0000 1.0000 0.1360 0.0117 0.0010 0.0001 1.0000 0.7088 0.0613 0.0053 0.0005 1.0000 1.0000 0.3201 0.0276 0.0024 0.0002 1.0000 1.0000 0.1443 0.0125 0.0011 0.0001 1.0000 0.7518 0.0650 0.0056 0.0005 1.0000 1.0000 0.3395 0.0293 0.0025 0.0002 1.0000 1.0000 0.1533 0.0133 0.0011 0.0001 1.0000 0.8174 0.0717 0.0063 0.0006 1.0000 1.0000 0.4339
1.0000 1.0000 0.0006 0.0063 0.0699 0.7839 1.0000 0.0001 0.0011 0.0122 0.1410 1.0000 1.0000 0.0002 0.0023 0.0268 0.3093 1.0000 1.0000 0.0004 0.0051 0.0594 0.6862 1.0000 0.0001 0.0010 0.0114 0.1314 1.0000 1.0000 0.0002 0.0022 0.0252 0.2916 1.0000 1.0000 0.0004 0.0048 0.0559 0.6469 1.0000 0.0001 0.0009 0.0107 0.1239 1.0000 1.0000 0.0002 0.0020 0.0208 0.0930 0.0208 0.0020 0.0002 1.0000 1.0000 0.1239 0.0107 0.0009 0.0001 1.0000 0.6469 0.0559 0.0048 0.0004 1.0000 1.0000 0.2916 0.0252 0.0022 0.0002 1.0000 1.0000 0.1314 0.0114 0.0010 0.0001 1.0000 0.6862 0.0594 0.0051 0.0004 1.0000 1.0000 0.3093 0.0268 0.0023 0.0002 1.0000 1.0000 0.1410 0.0122 0.0011 0.0001 1.0000 0.7839 0.0699 0.0063 0.0006 1.0000 1.0000
1.0000 0.0006 0.0066 0.0717 0.7839 1.0000 0.0001 0.0010 0.0115 0.1312 1.0000 1.0000 0.0002 0.0021 0.0245 0.2829 1.0000 1.0000 0.0004 0.0047 0.0541 0.6264 1.0000 0.0001 0.0009 0.0104 0.1200 1.0000 1.0000 0.0002 0.0020 0.0230 0.2662 1.0000 1.0000 0.0004 0.0044 0.0510 0.5894 1.0000 0.0001 0.0008 0.0098 0.1131 1.0000 1.0000 0.0002 0.0019 0.0211 0.2196 0.9812 0.2196 0.0211 0.0019 0.0002 1.0000 1.0000 0.1131 0.0098 0.0008 0.0001 1.0000 0.5894 0.0510 0.0044 0.0004 1.0000 1.0000 0.2662 0.0230 0.0020 0.0002 1.0000 1.0000 0.1200 0.0104 0.0009 0.0001 1.0000 0.6264 0.0541 0.0047 0.0004 1.0000 1.0000 0.2829 0.0245 0.0021 0.0002 1.0000 1.0000 0.1312 0.0115 0.0010 0.0001 1.0000 0.7839 0.0717 0.0066 0.0006 1.0000
0.0006 0.0072 0.0763 0.8174 1.0000 0.0001 0.0010 0.0111 0.1249 1.0000 1.0000 0.0002 0.0020 0.0225 0.2597 1.0000 1.0000 0.0004 0.0043 0.0494 0.5717 1.0000 0.0001 0.0008 0.0095 0.1093 1.0000 1.0000 0.0002 0.0018 0.0210 0.2425 1.0000 1.0000 0.0003 0.0040 0.0465 0.5380 1.0000 1.0000 0.0008 0.0089 0.1030 1.0000 1.0000 0.0001 0.0017 0.0197 0.2230 1.0000 1.0000 1.0000 0.2230 0.0197 0.0017 0.0001 1.0000 1.0000 0.1030 0.0089 0.0008 1.0000 1.0000 0.5380 0.0465 0.0040 0.0003 1.0000 1.0000 0.2425 0.0210 0.0018 0.0002 1.0000 1.0000 0.1093 0.0095 0.0008 0.0001 1.0000 0.5717 0.0494 0.0043 0.0004 1.0000 1.0000 0.2597 0.0225 0.0020 0.0002 1.0000 1.0000 0.1249 0.0111 0.0010 0.0001 1.0000 0.8174 0.0763 0.0072 0.0006
0.0072 0.0830 0.8787 1.0000 0.0001 0.0010 0.0111 0.1227 1.0000 1.0000 0.0002 0.0018 0.0210 0.2406 1.0000 1.0000 0.0003 0.0039 0.0452 0.5218 1.0000 1.0000 0.0007 0.0086 0.0998 1.0000 1.0000 0.0001 0.0017 0.0191 0.2213 1.0000 1.0000 0.0003 0.0037 0.0424 0.4910 1.0000 1.0000 0.0007 0.0081 0.0940 1.0000 1.0000 0.0001 0.0016 0.0180 0.2075 1.0000 1.0000 0.0001 1.0000 1.0000 0.2075 0.0180 0.0016 0.0001 1.0000 1.0000 0.0940 0.0081 0.0007 1.0000 1.0000 0.4910 0.0424 0.0037 0.0003 1.0000 1.0000 0.2213 0.0191 0.0017 0.0001 1.0000 1.0000 0.0998 0.0086 0.0007 1.0000 1.0000 0.5218 0.0452 0.0039 0.0003 1.0000 1.0000 0.2406 0.0210 0.0018 0.0002 1.0000 1.0000 0.1227 0.0111 0.0010 0.0001 1.0000 0.8787 0.0830 0.0072
0.0836 0.9608 1.0000 0.0001 0.0011 0.0115 0.1249 1.0000 1.0000 0.0002 0.0018 0.0198 0.2256 1.0000 1.0000 0.0003 0.0036 0.0415 0.4781 1.0000 1.0000 0.0007 0.0079 0.0911 1.0000 1.0000 0.0001 0.0015 0.0174 0.2016 1.0000 1.0000 0.0003 0.0033 0.0387 0.4473 1.0000 1.0000 0.0006 0.0074 0.0858 0.9924 1.0000 0.0001 0.0014 0.0164 0.1901 1.0000 1.0000 0.0002 0.0011 0.0002 1.0000 1.0000 0.1901 0.0164 0.0014 0.0001 1.0000 0.9924 0.0858 0.0074 0.0006 1.0000 1.0000 0.4473 0.0387 0.0033 0.0003 1.0000 1.0000 0.2016 0.0174 0.0015 0.0001 1.0000 1.0000 0.0911 0.0079 0.0007 1.0000 1.0000 0.4781 0.0415 0.0036 0.0003 1.0000 1.0000 0.2256 0.0198 0.0018 0.0002 1.0000 1.0000 0.1249 0.0115 0.0011 0.0001 1.0000 0.9608 0.0836
0.9682 1.0000 0.0001 0.0011 0.0122 0.1312 1.0000 1.0000 0.0002 0.0017 0.0193 0.2163 1.0000 1.0000 0.0003 0.0033 0.0383 0.4406 1.0000 1.0000 0.0006 0.0072 0.0833 0.9627 1.0000 0.0001 0.0014 0.0159 0.1840 1.0000 1.0000 0.0003 0.0030 0.0353 0.4083 1.0000 1.0000 0.0006 0.0068 0.0782 0.9058 1.0000 0.0001 0.0013 0.0150 0.1735 1.0000 1.0000 0.0002 0.0025 0.0112 0.0025 0.0002 1.0000 1.0000 0.1735 0.0150 0.0013 0.0001 1.0000 0.9058 0.0782 0.0068 0.0006 1.0000 1.0000 0.4083 0.0353 0.0030 0.0003 1.0000 1.0000 0.1840 0.0159 0.0014 0.0001 1.0000 0.9627 0.0833 0.0072 0.0006 1.0000 1.0000 0.4406 0.0383 0.0033 0.0003 1.0000 1.0000 0.2163 0.0193 0.0017 0.0002 1.0000 1.0000 0.1312 0.0122 0.0011 0.0001 1.0000 0.9682
1.0000 0.0001 0.0013 0.0133 0.1410 1.0000 1.0000 0.0002 0.0018 0.0193 0.2131 1.0000 1.0000 0.0003 0.0032 0.0359 0.4106 1.0000 1.0000 0.0006 0.0066 0.0764 0.8820 1.0000 0.0001 0.0013 0.0146 0.1683 1.0000 1.0000 0.0002 0.0028 0.0322 0.3720 1.0000 1.0000 0.0005 0.0062 0.0714 0.8252 1.0000 0.0001 0.0012 0.0137 0.1581 1.0000 1.0000 0.0002 0.0026 0.0266 0.1186 0.0266 0.0026 0.0002 1.0000 1.0000 0.1581 0.0137 0.0012 0.0001 1.0000 0.8252 0.0714 0.0062 0.0005 1.0000 1.0000 0.3720 0.0322 0.0028 0.0002 1.0000 1.0000 0.1683 0.0146 0.0013 0.0001 1.0000 0.8820 0.0764 0.0066 0.0006 1.0000 1.0000 0.4106 0.0359 0.0032 0.0003 1.0000 1.0000 0.2131 0.0193 0.0018 0.0002 1.0000 1.0000 0.1410 0.0133 0.0013 0.0001 1.0000
0.0001 0.0014 0.0145 0.1533 1.0000 1.0000 0.0002 0.0018 0.0198 0.2163 1.0000 1.0000 0.0003 0.0030 0.0342 0.3879 1.0000 1.0000 0.0005 0.0061 0.0703 0.8097 1.0000 0.0001 0.0012 0.0133 0.1539 1.0000 1.0000 0.0002 0.0025 0.0294 0.3395 1.0000 1.0000 0.0005 0.0056 0.0650 0.7532 1.0000 0.0001 0.0011 0.0125 0.1443 1.0000 1.0000 0.0002 0.0024 0.0270 0.2802 1.0000 0.2802 0.0270 0.0024 0.0002 1.0000 1.0000 0.1443 0.0125 0.0011 0.0001 1.0000 0.7532 0.0650 0.0056 0.0005 1.0000 1.0000 0.3395 0.0294 0.0025 0.0002 1.0000 1.0000 0.1539 0.0133 0.0012 0.0001 1.0000 0.8097 0.0703 0.0061 0.0005 1.0000 1.0000 0.3879 0.0342 0.0030 0.0003 1.0000 1.0000 0.2163 0.0198 0.0018 0.0002 1.0000 1.0000 0.1533 0.0145 0.0014 0.0001
0.0014 0.0159 0.1677 1.0000 1.0000 0.0002 0.0020 0.0210 0.2256 1.0000 1.0000 0.0003 0.0030 0.0333 0.3734 1.0000 1.0000 0.0005 0.0057 0.0654 0.7490 1.0000 0.0001 0.0011 0.0122 0.1408 1.0000 1.0000 0.0002 0.0023 0.0269 0.3105 1.0000 1.0000 0.0004 0.0051 0.0594 0.6862 1.0000 0.0001 0.0010 0.0114 0.1317 1.0000 1.0000 0.0002 0.0022 0.0251 0.2845 1.0000 1.0000 1.0000 0.2845 0.0251 0.0022 0.0002 1.0000 1.0000 0.1317 0.0114 0.0010 0.0001 1.0000 0.6862 0.0594 0.0051 0.0004 1.0000 1.0000 0.3105 0.0269 0.0023 0.0002 1.0000 1.0000 0.1408 0.0122 0.0011 0.0001 1.0000 0.7490 0.0654 0.0057 0.0005 1.0000 1.0000 0.3734 0.0333 0.0030 0.0003 1.0000 1.0000 0.2256 0.0210 0.0020 0.0002 1.0000 1.0000 0.1677 0.0159 0.0014
0.0160 0.1840 1.0000 1.0000 0.0002 0.0021 0.0225 0.2406 1.0000 1.0000 0.0003 0.0030 0.0333 0.3685 1.0000 1.0000 0.0005 0.0054 0.0614 0.7007 1.0000 0.0001 0.0010 0.0112 0.1292 1.0000 1.0000 0.0002 0.0021 0.0246 0.2839 1.0000 1.0000 0.0004 0.0047 0.0542 0.6264 1.0000 0.0001 0.0009 0.0104 0.1200 1.0000 1.0000 0.0002 0.0020 0.0230 0.2646 1.0000 1.0000 0.0001 1.0000 1.0000 0.2646 0.0230 0.0020 0.0002 1.0000 1.0000 0.1200 0.0104 0.0009 0.0001 1.0000 0.6264 0.0542 0.0047 0.0004 1.0000 1.0000 0.2839 0.0246 0.0021 0.0002 1.0000 1.0000 0.1292 0.0112 0.0010 0.0001 1.0000 0.7007 0.0614 0.0054 0.0005 1.0000 1.0000 0.3685 0.0333 0.0030 0.0003 1.0000 1.0000 0.2406 0.0225 0.0021 0.0002 1.0000 1.0000 0.1840 0.0160
0.1854 1.0000 1.0000 0.0002 0.0023 0.0245 0.2597 1.0000 1.0000 0.0003 0.0032 0.0342 0.3734 1.0000 1.0000 0.0005 0.0052 0.0588 0.6644 1.0000 0.0001 0.0009 0.0104 0.1193 1.0000 1.0000 0.0002 0.0019 0.0225 0.2597 1.0000 1.0000 0.0004 0.0043 0.0495 0.5728 1.0000 0.0001 0.0008 0.0095 0.1095 1.0000 1.0000 0.0002 0.0018 0.0210 0.2425 1.0000 1.0000 0.0003 0.0014 0.0003 1.0000 1.0000 0.2425 0.0210 0.0018 0.0002 1.0000 1.0000 0.1095 0.0095 0.0008 0.0001 1.0000 0.5728 0.0495 0.0043 0.0004 1.0000 1.0000 0.2597 0.0225 0.0019 0.0002 1.0000 1.0000 0.1193 0.0104 0.0009 0.0001 1.0000 0.6644 0.0588 0.0052 0.0005 1.0000 1.0000 0.3734 0.0342 0.0032 0.0003 1.0000 1.0000 0.2597 0.0245 0.0023 0.0002 1.0000 1.0000 0.1854
1.0000 1.0000 0.0002 0.0025 0.0268 0.2829 1.0000 1.0000 0.0003 0.0033 0.0359 0.3879 1.0000 1.0000 0.0005 0.0052 0.0574 0.6420 1.0000 0.0001 0.0009 0.0097 0.1112 1.0000 1.0000 0.0002 0.0018 0.0206 0.2379 1.0000 1.0000 0.0003 0.0039 0.0453 0.5238 1.0000 1.0000 0.0007 0.0086 0.0999 1.0000 1.0000 0.0001 0.0017 0.0191 0.2213 1.0000 1.0000 0.0003 0.0032 0.0143 0.0032 0.0003 1.0000 1.0000 0.2213 0.0191 0.0017 0.0001 1.0000 1.0000 0.0999 0.0086 0.0007 1.0000 1.0000 0.5238 0.0453 0.0039 0.0003 1.0000 1.0000 0.2379 0.0206 0.0018 0.0002 1.0000 1.0000 0.1112 0.0097 0.0009 0.0001 1.0000 0.6420 0.0574 0.0052 0.0005 1.0000 1.0000 0.3879 0.0359 0.0033 0.0003 1.0000 1.0000 0.2829 0.0268 0.0025 0.0002 1.0000 1.0000
1.0000 0.0003 0.0028 0.0293 0.3093 1.0000 1.0000 0.0003 0.0036 0.0383 0.4106 1.0000 1.0000 0.0005 0.0052 0.0574 0.6347 1.0000 0.0001 0.0008 0.0093 0.1050 1.0000 1.0000 0.0001 0.0017 0.0190 0.2188 1.0000 1.0000 0.0003 0.0036 0.0414 0.4790 1.0000 1.0000 0.0007 0.0079 0.0914 1.0000 1.0000 0.0001 0.0015 0.0175 0.2020 1.0000 1.0000 0.0003 0.0033 0.0339 0.1513 0.0339 0.0033 0.0003 1.0000 1.0000 0.2020 0.0175 0.0015 0.0001 1.0000 1.0000 0.0914 0.0079 0.0007 1.0000 1.0000 0.4790 0.0414 0.0036 0.0003 1.0000 1.0000 0.2188 0.0190 0.0017 0.0001 1.0000 1.0000 0.1050 0.0093 0.0008 0.0001 1.0000 0.6347 0.0574 0.0052 0.0005 1.0000 1.0000 0.4106 0.0383 0.0036 0.0003 1.0000 1.0000 0.3093 0.0293 0.0028 0.0003 1.0000
0.0003 0.0030 0.0322 0.3395 1.0000 1.0000 0.0004 0.0039 0.0415 0.4406 1.0000 1.0000 0.0005 0.0054 0.0588 0.6420 1.0000 0.0001 0.0008 0.0090 0.1007 1.0000 1.0000 0.0001 0.0015 0.0177 0.2024 1.0000 1.0000 0.0003 0.0033 0.0380 0.4381 1.0000 1.0000 0.0006 0.0072 0.0836 0.9663 1.0000 0.0001 0.0014 0.0159 0.1844 1.0000 1.0000 0.0003 0.0030 0.0344 0.3581 1.0000 0.3581 0.0344 0.0030 0.0003 1.0000 1.0000 0.1844 0.0159 0.0014 0.0001 1.0000 0.9663 0.0836 0.0072 0.0006 1.0000 1.0000 0.4381 0.0380 0.0033 0.0003 1.0000 1.0000 0.2024 0.0177 0.0015 0.0001 1.0000 1.0000 0.1007 0.0090 0.0008 0.0001 1.0000 0.6420 0.0588 0.0054 0.0005 1.0000 1.0000 0.4406 0.0415 0.0039 0.0004 1.0000 1.0000 0.3395 0.0322 0.0030 0.0003
0.0031 0.0353 0.3720 1.0000 1.0000 0.0004 0.0043 0.0452 0.4781 1.0000 1.0000 0.0005 0.0057 0.0614 0.6644 1.0000 0.0001 0.0008 0.0089 0.0986 1.0000 1.0000 0.0001 0.0015 0.0166 0.1894 1.0000 1.0000 0.0003 0.0030 0.0349 0.4021 1.0000 1.0000 0.0006 0.0066 0.0764 0.8837 1.0000 0.0001 0.0013 0.0146 0.1686 1.0000 1.0000 0.0002 0.0028 0.0321 0.3636 1.0000 1.0000 1.0000 0.3636 0.0321 0.0028 0.0002 1.0000 1.0000 0.1686 0.0146 0.0013 0.0001 1.0000 0.8837 0.0764 0.0066 0.0006 1.0000 1.0000 0.4021 0.0349 0.0030 0.0003 1.0000 1.0000 0.1894 0.0166 0.0015 0.0001 1.0000 1.0000 0.0986 0.0089 0.0008 0.0001 1.0000 0.6644 0.0614 0.0057 0.0005 1.0000 1.0000 0.4781 0.0452 0.0043 0.0004 1.0000 1.0000 0.3720 0.0353 0.0031
0.0356 0.4083 1.0000 1.0000 0.0004 0.0047 0.0494 0.5218 1.0000 1.0000 0.0006 0.0061 0.0654 0.7007 1.0000 0.0001 0.0008 0.0090 0.0986 1.0000 1.0000 0.0001 0.0014 0.0158 0.1792 1.0000 1.0000 0.0002 0.0028 0.0322 0.3706 1.0000 1.0000 0.0005 0.0061 0.0699 0.8082 1.0000 0.0001 0.0012 0.0133 0.1542 1.0000 1.0000 0.0002 0.0025 0.0294 0.3389 1.0000 1.0000 0.0002 1.0000 1.0000 0.3389 0.0294 0.0025 0.0002 1.0000 1.0000 0.1542 0.0133 0.0012 0.0001 1.0000 0.8082 0.0699 0.0061 0.0005 1.0000 1.0000 0.3706 0.0322 0.0028 0.0002 1.0000 1.0000 0.1792 0.0158 0.0014 0.0001 1.0000 1.0000 0.0986 0.0090 0.0008 0.0001 1.0000 0.7007 0.0654 0.0061 0.0006 1.0000 1.0000 0.5218 0.0494 0.0047 0.0004 1.0000 1.0000 0.4083 0.0356
0.4114 1.0000 1.0000 0.0005 0.0051 0.0541 0.5717 1.0000 1.0000 0.0006 0.0066 0.0703 0.7490 1.0000 0.0001 0.0009 0.0093 0.1007 1.0000 1.0000 0.0001 0.0014 0.0154 0.1725 1.0000 1.0000 0.0002 0.0026 0.0300 0.3434 1.0000 1.0000 0.0005 0.0056 0.0640 0.7405 1.0000 0.0001 0.0011 0.0122 0.1410 1.0000 1.0000 0.0002 0.0023 0.0270 0.3111 1.0000 1.0000 0.0004 0.0017 0.0004 1.0000 1.0000 0.3111 0.0270 0.0023 0.0002 1.0000 1.0000 0.1410 0.0122 0.0011 0.0001 1.0000 0.7405 0.0640 0.0056 0.0005 1.0000 1.0000 0.3434 0.0300 0.0026 0.0002 1.0000 1.0000 0.1725 0.0154 0.0014 0.0001 1.0000 1.0000 0.1007 0.0093 0.0009 0.0001 1.0000 0.7490 0.0703 0.0066 0.0006 1.0000 1.0000 0.5717 0.0541 0.0051 0.0005 1.0000 1.0000 0.4114
1.0000 1.0000 0.0005 0.0056 0.0594 0.6264 1.0000 1.0000 0.0007 0.0072 0.0764 0.8097 1.0000 0.0001 0.0009 0.0097 0.1050 1.0000 1.0000 0.0001 0.0014 0.0152 0.1689 1.0000 1.0000 0.0002 0.0025 0.0283 0.3219 1.0000 1.0000 0.0004 0.0051 0.0590 0.6797 1.0000 0.0001 0.0010 0.0112 0.1290 1.0000 1.0000 0.0002 0.0021 0.0247 0.2850 1.0000 1.0000 0.0004 0.0041 0.0184 0.0041 0.0004 1.0000 1.0000 0.2850 0.0247 0.0021 0.0002 1.0000 1.0000 0.1290 0.0112 0.0010 0.0001 1.0000 0.6797 0.0590 0.0051 0.0004 1.0000 1.0000 0.3219 0.0283 0.0025 0.0002 1.0000 1.0000 0.1689 0.0152 0.0014 0.0001 1.0000 1.0000 0.1050 0.0097 0.0009 0.0001 1.0000 0.8097 0.0764 0.0072 0.0007 1.0000 1.0000 0.6264 0.0594 0.0056 0.0005 1.0000 1.0000
1.0000 0.0006 0.0062 0.0650 0.6862 1.0000 0.0001 0.0007 0.0079 0.0833 0.8820 1.0000 0.0001 0.0010 0.0104 0.1112 1.0000 1.0000 0.0001 0.0014 0.0154 0.1689 1.0000 1.0000 0.0002 0.0024 0.0271 0.3058 1.0000 1.0000 0.0004 0.0048 0.0546 0.6275 1.0000 0.0001 0.0009 0.0102 0.1182 1.0000 1.0000 0.0002 0.0020 0.0225 0.2606 1.0000 1.0000 0.0004 0.0042 0.0436 0.1945 0.0436 0.0042 0.0004 1.0000 1.0000 0.2606 0.0225 0.0020 0.0002 1.0000 1.0000 0.1182 0.0102 0.0009 0.0001 1.0000 0.6275 0.0546 0.0048 0.0004 1.0000 1.0000 0.3058 0.0271 0.0024 0.0002 1.0000 1.0000 0.1689 0.0154 0.0014 0.0001 1.0000 1.0000 0.1112 0.0104 0.0010 0.0001 1.0000 0.8820 0.0833 0.0079 0.0007 0.0001 1.0000 0.6862 0.0650 0.0062 0.0006 1.0000
0.0006 0.0068 0.0712 0.7518 1.0000 0.0001 0.0008 0.0086 0.0911 0.9627 1.0000 0.0001 0.0011 0.0112 0.1193 1.0000 1.0000 0.0001 0.0015 0.0158 0.1725 1.0000 1.0000 0.0002 0.0024 0.0263 0.2949 1.0000 1.0000 0.0004 0.0045 0.0510 0.5838 1.0000 0.0001 0.0008 0.0094 0.1083 1.0000 1.0000 0.0002 0.0018 0.0206 0.2384 1.0000 1.0000 0.0003 0.0039 0.0444 0.4611 1.0000 0.4611 0.0444 0.0039 0.0003 1.0000 1.0000 0.2384 0.0206 0.0018 0.0002 1.0000 1.0000 0.1083 0.0094 0.0008 0.0001 1.0000 0.5838 0.0510 0.0045 0.0004 1.0000 1.0000 0.2949 0.0263 0.0024 0.0002 1.0000 1.0000 0.1725 0.0158 0.0015 0.0001 1.0000 1.0000 0.1193 0.0112 0.0011 0.0001 1.0000 0.9627 0.0911 0.0086 0.0008 0.0001 1.0000 0.7518 0.0712 0.0068 0.0006
0.0068 0.0782 0.8252 1.0000 0.0001 0.0009 0.0095 0.0998 1.0000 1.0000 0.0001 0.0012 0.0122 0.1292 1.0000 1.0000 0.0001 0.0015 0.0166 0.1792 1.0000 1.0000 0.0002 0.0024 0.0261 0.2894 1.0000 1.0000 0.0004 0.0043 0.0482 0.5483 1.0000 1.0000 0.0008 0.0087 0.0998 1.0000 1.0000 0.0001 0.0016 0.0189 0.2180 1.0000 1.0000 0.0003 0.0036 0.0414 0.4691 1.0000 1.0000 1.0000 0.4691 0.0414 0.0036 0.0003 1.0000 1.0000 0.2180 0.0189 0.0016 0.0001 1.0000 1.0000 0.0998 0.0087 0.0008 1.0000 1.0000 0.5483 0.0482 0.0043 0.0004 1.0000 1.0000 0.2894 0.0261 0.0024 0.0002 1.0000 1.0000 0.1792 0.0166 0.0015 0.0001 1.0000 1.0000 0.1292 0.0122 0.0012 0.0001 1.0000 1.0000 0.0998 0.0095 0.0009 0.0001 1.0000 0.8252 0.0782 0.0068
0.0790 0.9041 1.0000 0.0001 0.0010 0.0104 0.1093 1.0000 1.0000 0.0001 0.0013 0.0133 0.1408 1.0000 1.0000 0.0002 0.0017 0.0177 0.1894 1.0000 1.0000 0.0002 0.0024 0.0263 0.2894 1.0000 1.0000 0.0004 0.0041 0.0462 0.5218 1.0000 1.0000 0.0007 0.0081 0.0926 1.0000 1.0000 0.0001 0.0015 0.0173 0.1993 1.0000 1.0000 0.0003 0.0033 0.0380 0.4372 1.0000 1.0000 0.0002 1.0000 1.0000 0.4372 0.0380 0.0033 0.0003 1.0000 1.0000 0.1993 0.0173 0.0015 0.0001 1.0000 1.0000 0.0926 0.0081 0.0007 1.0000 1.0000 0.5218 0.0462 0.0041 0.0004 1.0000 1.0000 0.2894 0.0263 0.0024 0.0002 1.0000 1.0000 0.1894 0.0177 0.0017 0.0002 1.0000 1.0000 0.1408 0.0133 0.0013 0.0001 1.0000 1.0000 0.1093 0.0104 0.0010 0.0001 1.0000 0.9041 0.0790
0.9128 1.0000 0.0001 0.0011 0.0114 0.1200 1.0000 1.0000 0.0001 0.0014 0.0146 0.1539 1.0000 1.0000 0.0002 0.0018 0.0190 0.2024 1.0000 1.0000 0.0002 0.0025 0.0271 0.2949 1.0000 1.0000 0.0004 0.0040 0.0450 0.5033 1.0000 1.0000 0.0007 0.0076 0.0867 0.9905 1.0000 0.0001 0.0014 0.0159 0.1830 1.0000 1.0000 0.0003 0.0030 0.0348 0.4014 1.0000 1.0000 0.0005 0.0022 0.0005 1.0000 1.0000 0.4014 0.0348 0.0030 0.0003 1.0000 1.0000 0.1830 0.0159 0.0014 0.0001 1.0000 0.9905 0.0867 0.0076 0.0007 1.0000 1.0000 0.5033 0.0450 0.0040 0.0004 1.0000 1.0000 0.2949 0.0271 0.0025 0.0002 1.0000 1.0000 0.2024 0.0190 0.0018 0.0002 1.0000 1.0000 0.1539 0.0146 0.0014 0.0001 1.0000 1.0000 0.1200 0.0114 0.0011 0.0001 1.0000 0.9128
1.0000 0.0001 0.0012 0.0125 0.1314 1.0000 1.0000 0.0001 0.0015 0.0159 0.1683 1.0000 1.0000 0.0002 0.0019 0.0206 0.2188 1.0000 1.0000 0.0002 0.0026 0.0283 0.3058 1.0000 1.0000 0.0004 0.0040 0.0445 0.4948 1.0000 1.0000 0.0006 0.0072 0.0820 0.9321 1.0000 0.0001 0.0013 0.0147 0.1689 1.0000 1.0000 0.0002 0.0028 0.0318 0.3678 1.0000 1.0000 0.0005 0.0053 0.0238 0.0053 0.0005 1.0000 1.0000 0.3678 0.0318 0.0028 0.0002 1.0000 1.0000 0.1689 0.0147 0.0013 0.0001 1.0000 0.9321 0.0820 0.0072 0.0006 1.0000 1.0000 0.4948 0.0445 0.0040 0.0004 1.0000 1.0000 0.3058 0.0283 0.0026 0.0002 1.0000 1.0000 0.2188 0.0206 0.0019 0.0002 1.0000 1.0000 0.1683 0.0159 0.0015 0.0001 1.0000 1.0000 0.1314 0.0125 0.0012 0.0001 1.0000
0.0001 0.0013 0.0137 0.1443 1.0000 1.0000 0.0002 0.0017 0.0174 0.1840 1.0000 1.0000 0.0002 0.0021 0.0225 0.2379 1.0000 1.0000 0.0003 0.0028 0.0300 0.3219 1.0000 1.0000 0.0004 0.0041 0.0450 0.4948 1.0000 1.0000 0.0006 0.0070 0.0788 0.8888 1.0000 0.0001 0.0012 0.0137 0.1572 1.0000 1.0000 0.0002 0.0025 0.0292 0.3369 1.0000 1.0000 0.0005 0.0054 0.0563 0.2514 0.0563 0.0054 0.0005 1.0000 1.0000 0.3369 0.0292 0.0025 0.0002 1.0000 1.0000 0.1572 0.0137 0.0012 0.0001 1.0000 0.8888 0.0788 0.0070 0.0006 1.0000 1.0000 0.4948 0.0450 0.0041 0.0004 1.0000 1.0000 0.3219 0.0300 0.0028 0.0003 1.0000 1.0000 0.2379 0.0225 0.0021 0.0002 1.0000 1.0000 0.1840 0.0174 0.0017 0.0002 1.0000 1.0000 0.1443 0.0137 0.0013 0.0001
0.0013 0.0150 0.1581 1.0000 1.0000 0.0002 0.0018 0.0191 0.2016 1.0000 1.0000 0.0002 0.0023 0.0246 0.2597 1.0000 1.0000 0.0003 0.0030 0.0322 0.3434 1.0000 1.0000 0.0004 0.0043 0.0462 0.5033 1.0000 1.0000 0.0006 0.0069 0.0767 0.8589 1.0000 0.0001 0.0011 0.0129 0.1473 1.0000 1.0000 0.0002 0.0023 0.0269 0.3093 1.0000 1.0000 0.0004 0.0050 0.0573 0.5950 1.0000 0.5950 0.0573 0.0050 0.0004 1.0000 1.0000 0.3093 0.0269 0.0023 0.0002 1.0000 1.0000 0.1473 0.0129 0.0011 0.0001 1.0000 0.8589 0.0767 0.0069 0.0006 1.0000 1.0000 0.5033 0.0462 0.0043 0.0004 1.0000 1.0000 0.3434 0.0322 0.0030 0.0003 1.0000 1.0000 0.2597 0.0246 0.0023 0.0002 1.0000 1.0000 0.2016 0.0191 0.0018 0.0002 1.0000 1.0000 0.1581 0.0150 0.0013
0.0151 0.1735 1.0000 1.0000 0.0002 0.0020 0.0210 0.2213 1.0000 1.0000 0.0002 0.0025 0.0269 0.2839 1.0000 1.0000 0.0003 0.0033 0.0349 0.3706 1.0000 1.0000 0.0004 0.0045 0.0482 0.5218 1.0000 1.0000 0.0006 0.0069 0.0760 0.8443 1.0000 0.0001 0.0011 0.0123 0.1397 1.0000 1.0000 0.0002 0.0022 0.0249 0.2861 1.0000 1.0000 0.0004 0.0047 0.0535 0.6053 1.0000 1.0000 1.0000 0.6053 0.0535 0.0047 0.0004 1.0000 1.0000 0.2861 0.0249 0.0022 0.0002 1.0000 1.0000 0.1397 0.0123 0.0011 0.0001 1.0000 0.8443 0.0760 0.0069 0.0006 1.0000 1.0000 0.5218 0.0482 0.0045 0.0004 1.0000 1.0000 0.3706 0.0349 0.0033 0.0003 1.0000 1.0000 0.2839 0.0269 0.0025 0.0002 1.0000 1.0000 0.2213 0.0210 0.0020 0.0002 1.0000 1.0000 0.1735 0.0151
0.1748 1.0000 1.0000 0.0002 0.0022 0.0230 0.2425 1.0000 1.0000 0.0003 0.0028 0.0294 0.3105 1.0000 1.0000 0.0003 0.0036 0.0380 0.4021 1.0000 1.0000 0.0004 0.0048 0.0510 0.5483 1.0000 1.0000 0.0006 0.0070 0.0767 0.8443 1.0000 0.0001 0.0011 0.0119 0.1342 1.0000 1.0000 0.0002 0.0020 0.0233 0.2662 1.0000 1.0000 0.0004 0.0043 0.0493 0.5663 1.0000 1.0000 0.0003 1.0000 1.0000 0.5663 0.0493 0.0043 0.0004 1.0000 1.0000 0.2662 0.0233 0.0020 0.0002 1.0000 1.0000 0.1342 0.0119 0.0011 0.0001 1.0000 0.8443 0.0767 0.0070 0.0006 1.0000 1.0000 0.5483 0.0510 0.0048 0.0004 1.0000 1.0000 0.4021 0.0380 0.0036 0.0003 1.0000 1.0000 0.3105 0.0294 0.0028 0.0003 1.0000 1.0000 0.2425 0.0230 0.0022 0.0002 1.0000 1.0000 0.1748
1.0000 1.0000 0.0002 0.0024 0.0252 0.2662 1.0000 1.0000 0.0003 0.0030 0.0322 0.3395 1.0000 1.0000 0.0004 0.0039 0.0414 0.4381 1.0000 1.0000 0.0005 0.0051 0.0546 0.5838 1.0000 1.0000 0.0007 0.0072 0.0788 0.8589 1.0000 0.0001 0.0011 0.0117 0.1309 1.0000 1.0000 0.0002 0.0019 0.0220 0.2504 1.0000 1.0000 0.0003 0.0040 0.0455 0.5228 1.0000 1.0000 0.0007 0.0029 0.0007 1.0000 1.0000 0.5228 0.0455 0.0040 0.0003 1.0000 1.0000 0.2504 0.0220 0.0019 0.0002 1.0000 1.0000 0.1309 0.0117 0.0011 0.0001 1.0000 0.8589 0.0788 0.0072 0.0007 1.0000 1.0000 0.5838 0.0546 0.0051 0.0005 1.0000 1.0000 0.4381 0.0414 0.0039 0.0004 1.0000 1.0000 0.3395 0.0322 0.0030 0.0003 1.0000 1.0000 0.2662 0.0252 0.0024 0.0002 1.0000 1.0000
1.0000 0.0002 0.0026 0.0276 0.2916 1.0000 1.0000 0.0003 0.0033 0.0353 0.3720 1.0000 1.0000 0.0004 0.0043 0.0453 0.4790 1.0000 1.0000 0.0005 0.0056 0.0590 0.6275 1.0000 1.0000 0.0007 0.0076 0.0820 0.8888 1.0000 0.0001 0.0011 0.0117 0.1299 1.0000 1.0000 0.0002 0.0019 0.0210 0.2375 1.0000 1.0000 0.0003 0.0037 0.0422 0.4845 1.0000 1.0000 0.0007 0.0069 0.0307 0.0069 0.0007 1.0000 1.0000 0.4845 0.0422 0.0037 0.0003 1.0000 1.0000 0.2375 0.0210 0.0019 0.0002 1.0000 1.0000 0.1299 0.0117 0.0011 0.0001 1.0000 0.8888 0.0820 0.0076 0.0007 1.0000 1.0000 0.6275 0.0590 0.0056 0.0005 1.0000 1.0000 0.4790 0.0453 0.0043 0.0004 1.0000 1.0000 0.3720 0.0353 0.0033 0.0003 1.0000 1.0000 0.2916 0.0276 0.0026 0.0002 1.0000
0.0003 0.0029 0.0303 0.3201 1.0000 1.0000 0.0003 0.0037 0.0387 0.4083 1.0000 1.0000 0.0004 0.0047 0.0495 0.5238 1.0000 1.0000 0.0006 0.0061 0.0640 0.6797 1.0000 0.0001 0.0008 0.0081 0.0867 0.9321 1.0000 0.0001 0.0011 0.0119 0.1309 1.0000 1.0000 0.0002 0.0018 0.0204 0.2286 1.0000 1.0000 0.0003 0.0035 0.0396 0.4516 1.0000 1.0000 0.0006 0.0071 0.0732 0.3262 0.0732 0.0071 0.0006 1.0000 1.0000 0.4516 0.0396 0.0035 0.0003 1.0000 1.0000 0.2286 0.0204 0.0018 0.0002 1.0000 1.0000 0.1309 0.0119 0.0011 0.0001 1.0000 0.9321 0.0867 0.0081 0.0008 0.0001 1.0000 0.6797 0.0640 0.0061 0.0006 1.0000 1.0000 0.5238 0.0495 0.0047 0.0004 1.0000 1.0000 0.4083 0.0387 0.0037 0.0003 1.0000 1.0000 0.3201 0.0303 0.0029 0.0003
0.0029 0.0332 0.3507 1.0000 1.0000 0.0004 0.0040 0.0424 0.4473 1.0000 1.0000 0.0005 0.0051 0.0542 0.5728 1.0000 1.0000 0.0006 0.0066 0.0699 0.7405 1.0000 0.0001 0.0008 0.0087 0.0926 0.9905 1.0000 0.0001 0.0011 0.0123 0.1342 1.0000 1.0000 0.0002 0.0018 0.0200 0.2234 1.0000 1.0000 0.0003 0.0033 0.0374 0.4249 1.0000 1.0000 0.0006 0.0067 0.0751 0.7780 1.0000 0.7780 0.0751 0.0067 0.0006 1.0000 1.0000 0.4249 0.0374 0.0033 0.0003 1.0000 1.0000 0.2234 0.0200 0.0018 0.0002 1.0000 1.0000 0.1342 0.0123 0.0011 0.0001 1.0000 0.9905 0.0926 0.0087 0.0008 0.0001 1.0000 0.7405 0.0699 0.0066 0.0006 1.0000 1.0000 0.5728 0.0542 0.0051 0.0005 1.0000 1.0000 0.4473 0.0424 0.0040 0.0004 1.0000 1.0000 0.3507 0.0332 0.0029
0.0335 0.3849 1.0000 1.0000 0.0004 0.0044 0.0465 0.4910 1.0000 1.0000 0.0005 0.0056 0.0594 0.6264 1.0000 1.0000 0.0007 0.0072 0.0764 0.8082 1.0000 0.0001 0.0009 0.0094 0.0998 1.0000 1.0000 0.0001 0.0012 0.0129 0.1397 1.0000 1.0000 0.0002 0.0018 0.0200 0.2217 1.0000 1.0000 0.0003 0.0032 0.0358 0.4044 1.0000 1.0000 0.0005 0.0062 0.0712 0.8005 1.0000 1.0000 1.0000 0.8005 0.0712 0.0062 0.0005 1.0000 1.0000 0.4044 0.0358 0.0032 0.0003 1.0000 1.0000 0.2217 0.0200 0.0018 0.0002 1.0000 1.0000 0.1397 0.0129 0.0012 0.0001 1.0000 1.0000 0.0998 0.0094 0.0009 0.0001 1.0000 0.8082 0.0764 0.0072 0.0007 1.0000 1.0000 0.6264 0.0594 0.0056 0.0005 1.0000 1.0000 0.4910 0.0465 0.0044 0.0004 1.0000 1.0000 0.3849 0.0335
0.3879 1.0000 1.0000 0.0005 0.0048 0.0510 0.5380 1.0000 1.0000 0.0006 0.0062 0.0650 0.6862 1.0000 0.0001 0.0007 0.0079 0.0836 0.8837 1.0000 0.0001 0.0010 0.0102 0.1083 1.0000 1.0000 0.0001 0.0013 0.0137 0.1473 1.0000 1.0000 0.0002 0.0019 0.0204 0.2234 1.0000 1.0000 0.0003 0.0031 0.0347 0.3893 1.0000 1.0000 0.0005 0.0059 0.0670 0.7619 1.0000 0.0001 0.0004 0.0001 1.0000 0.7619 0.0670 0.0059 0.0005 1.0000 1.0000 0.3893 0.0347 0.0031 0.0003 1.0000 1.0000 0.2234 0.0204 0.0019 0.0002 1.0000 1.0000 0.1473 0.0137 0.0013 0.0001 1.0000 1.0000 0.1083 0.0102 0.0010 0.0001 1.0000 0.8837 0.0836 0.0079 0.0007 0.0001 1.0000 0.6862 0.0650 0.0062 0.0006 1.0000 1.0000 0.5380 0.0510 0.0048 0.0005 1.0000 1.0000 0.3879
1.0000 1.0000 0.0005 0.0053 0.0559 0.5894 1.0000 1.0000 0.0006 0.0068 0.0714 0.7532 1.0000 0.0001 0.0008 0.0086 0.0914 0.9663 1.0000 0.0001 0.0011 0.0112 0.1182 1.0000 1.0000 0.0001 0.0014 0.0147 0.1572 1.0000 1.0000 0.0002 0.0019 0.0210 0.2286 1.0000 1.0000 0.0003 0.0031 0.0341 0.3806 1.0000 1.0000 0.0005 0.0056 0.0634 0.7210 1.0000 0.0001 0.0009 0.0039 0.0009 0.0001 1.0000 0.7210 0.0634 0.0056 0.0005 1.0000 1.0000 0.3806 0.0341 0.0031 0.0003 1.0000 1.0000 0.2286 0.0210 0.0019 0.0002 1.0000 1.0000 0.1572 0.0147 0.0014 0.0001 1.0000 1.0000 0.1182 0.0112 0.0011 0.0001 1.0000 0.9663 0.0914 0.0086 0.0008 0.0001 1.0000 0.7532 0.0714 0.0068 0.0006 1.0000 1.0000 0.5894 0.0559 0.0053 0.0005 1.0000 1.0000
1.0000 0.0006 0.0058 0.0613 0.6469 1.0000 1.0000 0.0007 0.0074 0.0782 0.8252 1.0000 0.0001 0.0009 0.0095 0.0999 1.0000 1.0000 0.0001 0.0012 0.0122 0.1290 1.0000 1.0000 0.0001 0.0015 0.0159 0.1689 1.0000 1.0000 0.0002 0.0020 0.0220 0.2375 1.0000 1.0000 0.0003 0.0031 0.0341 0.3770 1.0000 1.0000 0.0005 0.0054 0.0608 0.6862 1.0000 0.0001 0.0009 0.0093 0.0415 0.0093 0.0009 0.0001 1.0000 0.6862 0.0608 0.0054 0.0005 1.0000 1.0000 0.3770 0.0341 0.0031 0.0003 1.0000 1.0000 0.2375 0.0220 0.0020 0.0002 1.0000 1.0000 0.1689 0.0159 0.0015 0.0001 1.0000 1.0000 0.1290 0.0122 0.0012 0.0001 1.0000 1.0000 0.0999 0.0095 0.0009 0.0001 1.0000 0.8252 0.0782 0.0074 0.0007 1.0000 1.0000 0.6469 0.0613 0.0058 0.0006 1.0000
0.0006 0.0064 0.0672 0.7088 1.0000 0.0001 0.0008 0.0081 0.0858 0.9058 1.0000 0.0001 0.0010 0.0104 0.1095 1.0000 1.0000 0.0001 0.0013 0.0133 0.1410 1.0000 1.0000 0.0002 0.0016 0.0173 0.1830 1.0000 1.0000 0.0002 0.0022 0.0233 0.2504 1.0000 1.0000 0.0003 0.0032 0.0347 0.3806 1.0000 1.0000 0.0005 0.0053 0.0590 0.6619 1.0000 0.0001 0.0009 0.0098 0.1001 0.4448 0.1001 0.0098 0.0009 0.0001 1.0000 0.6619 0.0590 0.0053 0.0005 1.0000 1.0000 0.3806 0.0347 0.0032 0.0003 1.0000 1.0000 0.2504 0.0233 0.0022 0.0002 1.0000 1.0000 0.1830 0.0173 0.0016 0.0002 1.0000 1.0000 0.1410 0.0133 0.0013 0.0001 1.0000 1.0000 0.1095 0.0104 0.0010 0.0001 1.0000 0.9058 0.0858 0.0081 0.0008 0.0001 1.0000 0.7088 0.0672 0.0064 0.0006
0.0064 0.0737 0.7780 1.0000 0.0001 0.0008 0.0089 0.0940 0.9924 1.0000 0.0001 0.0011 0.0114 0.1200 1.0000 1.0000 0.0001 0.0014 0.0146 0.1542 1.0000 1.0000 0.0002 0.0018 0.0189 0.1993 1.0000 1.0000 0.0002 0.0023 0.0249 0.2662 1.0000 1.0000 0.0003 0.0033 0.0358 0.3893 1.0000 1.0000 0.0005 0.0052 0.0581 0.6469 1.0000 0.0001 0.0008 0.0095 0.1054 1.0000 1.0000 1.0000 0.1054 0.0095 0.0008 0.0001 1.0000 0.6469 0.0581 0.0052 0.0005 1.0000 1.0000 0.3893 0.0358 0.0033 0.0003 1.0000 1.0000 0.2662 0.0249 0.0023 0.0002 1.0000 1.0000 0.1993 0.0189 0.0018 0.0002 1.0000 1.0000 0.1542 0.0146 0.0014 0.0001 1.0000 1.0000 0.1200 0.0114 0.0011 0.0001 1.0000 0.9924 0.0940 0.0089 0.0008 0.0001 1.0000 0.7780 0.0737 0.0064
0.0744 0.8524 1.0000 0.0001 0.0009 0.0098 0.1030 1.0000 1.0000 0.0001 0.0012 0.0125 0.1317 1.0000 1.0000 0.0001 0.0015 0.0159 0.1686 1.0000 1.0000 0.0002 0.0020 0.0206 0.2180 1.0000 1.0000 0.0002 0.0025 0.0269 0.2861 1.0000 1.0000 0.0003 0.0035 0.0374 0.4044 1.0000 1.0000 0.0005 0.0053 0.0581 0.6420 1.0000 0.0001 0.0008 0.0092 0.1028 1.0000 1.0000 1.0000 1.0000 1.0000 0.1028 0.0092 0.0008 0.0001 1.0000 0.6420 0.0581 0.0053 0.0005 1.0000 1.0000 0.4044 0.0374 0.0035 0.0003 1.0000 1.0000 0.2861 0.0269 0.0025 0.0002 1.0000 1.0000 0.2180 0.0206 0.0020 0.0002 1.0000 1.0000 0.1686 0.0159 0.0015 0.0001 1.0000 1.0000 0.1317 0.0125 0.0012 0.0001 1.0000 1.0000 0.1030 0.0098 0.0009 0.0001 1.0000 0.8524 0.0744
0.8605 1.0000 0.0001 0.0010 0.0107 0.1131 1.0000 1.0000 0.0001 0.0013 0.0137 0.1443 1.0000 1.0000 0.0002 0.0017 0.0175 0.1844 1.0000 1.0000 0.0002 0.0021 0.0225 0.2384 1.0000 1.0000 0.0003 0.0028 0.0292 0.3093 1.0000 1.0000 0.0003 0.0037 0.0396 0.4249 1.0000 1.0000 0.0005 0.0054 0.0590 0.6469 1.0000 0.0001 0.0008 0.0090 0.1003 1.0000 1.0000 0.0001 0.0005 0.0001 1.0000 1.0000 0.1003 0.0090 0.0008 0.0001 1.0000 0.6469 0.0590 0.0054 0.0005 1.0000 1.0000 0.4249 0.0396 0.0037 0.0003 1.0000 1.0000 0.3093 0.0292 0.0028 0.0003 1.0000 1.0000 0.2384 0.0225 0.0021 0.0002 1.0000 1.0000 0.1844 0.0175 0.0017 0.0002 1.0000 1.0000 0.1443 0.0137 0.0013 0.0001 1.0000 1.0000 0.1131 0.0107 0.0010 0.0001 1.0000 0.8605
1.0000 0.0001 0.0011 0.0117 0.1239 1.0000 1.0000 0.0001 0.0014 0.0150 0.1581 1.0000 1.0000 0.0002 0.0018 0.0191 0.2020 1.0000 1.0000 0.0002 0.0023 0.0247 0.2606 1.0000 1.0000 0.0003 0.0030 0.0318 0.3369 1.0000 1.0000 0.0004 0.0040 0.0422 0.4516 1.0000 1.0000 0.0005 0.0056 0.0608 0.6619 1.0000 0.0001 0.0008 0.0089 0.0988 1.0000 1.0000 0.0001 0.0013 0.0056 0.0013 0.0001 1.0000 1.0000 0.0988 0.0089 0.0008 0.0001 1.0000 0.6619 0.0608 0.0056 0.0005 1.0000 1.0000 0.4516 0.0422 0.0040 0.0004 1.0000 1.0000 0.3369 0.0318 0.0030 0.0003 1.0000 1.0000 0.2606 0.0247 0.0023 0.0002 1.0000 1.0000 0.2020 0.0191 0.0018 0.0002 1.0000 1.0000 0.1581 0.0150 0.0014 0.0001 1.0000 1.0000 0.1239 0.0117 0.0011 0.0001 1.0000
0.0001 0.0012 0.0129 0.1360 1.0000 1.0000 0.0001 0.0016 0.0164 0.1735 1.0000 1.0000 0.0002 0.0020 0.0210 0.2213 1.0000 1.0000 0.0002 0.0025 0.0270 0.2850 1.0000 1.0000 0.0003 0.0033 0.0348 0.3678 1.0000 1.0000 0.0004 0.0043 0.0455 0.4845 1.0000 1.0000 0.0005 0.0059 0.0634 0.6862 1.0000 0.0001 0.0008 0.0090 0.0988 1.0000 1.0000 0.0001 0.0014 0.0138 0.0610 0.0138 0.0014 0.0001 1.0000 1.0000 0.0988 0.0090 0.0008 0.0001 1.0000 0.6862 0.0634 0.0059 0.0005 1.0000 1.0000 0.4845 0.0455 0.0043 0.0004 1.0000 1.0000 0.3678 0.0348 0.0033 0.0003 1.0000 1.0000 0.2850 0.0270 0.0025 0.0002 1.0000 1.0000 0.2213 0.0210 0.0020 0.0002 1.0000 1.0000 0.1735 0.0164 0.0016 0.0001 1.0000 1.0000 0.1360 0.0129 0.0012 0.0001
0.0012 0.0141 0.1487 1.0000 1.0000 0.0002 0.0017 0.0180 0.1901 1.0000 1.0000 0.0002 0.0022 0.0230 0.2425 1.0000 1.0000 0.0003 0.0028 0.0294 0.3111 1.0000 1.0000 0.0003 0.0036 0.0380 0.4014 1.0000 1.0000 0.0004 0.0047 0.0493 0.5228 1.0000 1.0000 0.0006 0.0062 0.0670 0.7210 1.0000 0.0001 0.0008 0.0092 0.1003 1.0000 1.0000 0.0001 0.0014 0.0150 0.1510 0.6657 0.1510 0.0150 0.0014 0.0001 1.0000 1.0000 0.1003 0.0092 0.0008 0.0001 1.0000 0.7210 0.0670 0.0062 0.0006 1.0000 1.0000 0.5228 0.0493 0.0047 0.0004 1.0000 1.0000 0.4014 0.0380 0.0036 0.0003 1.0000 1.0000 0.3111 0.0294 0.0028 0.0003 1.0000 1.0000 0.2425 0.0230 0.0022 0.0002 1.0000 1.0000 0.1901 0.0180 0.0017 0.0002 1.0000 1.0000 0.1487 0.0141 0.0012
0.0142 0.1626 1.0000 1.0000 0.0002 0.0019 0.0197 0.2075 1.0000 1.0000 0.0002 0.0024 0.0251 0.2646 1.0000 1.0000 0.0003 0.0030 0.0321 0.3389 1.0000 1.0000 0.0004 0.0039 0.0414 0.4372 1.0000 1.0000 0.0005 0.0050 0.0535 0.5663 1.0000 1.0000 0.0006 0.0067 0.0712 0.7619 1.0000 0.0001 0.0009 0.0095 0.1028 1.0000 1.0000 0.0001 0.0014 0.0150 0.1642 1.0000 1.0000 1.0000 0.1642 0.0150 0.0014 0.0001 1.0000 1.0000 0.1028 0.0095 0.0009 0.0001 1.0000 0.7619 0.0712 0.0067 0.0006 1.0000 1.0000 0.5663 0.0535 0.0050 0.0005 1.0000 1.0000 0.4372 0.0414 0.0039 0.0004 1.0000 1.0000 0.3389 0.0321 0.0030 0.0003 1.0000 1.0000 0.2646 0.0251 0.0024 0.0002 1.0000 1.0000 0.2075 0.0197 0.0019 0.0002 1.0000 1.0000 0.1626 0.0142
0.1605 1.0000 1.0000 0.0002 0.0020 0.0211 0.2230 1.0000 1.0000 0.0002 0.0026 0.0270 0.2845 1.0000 1.0000 0.0003 0.0033 0.0344 0.3636 1.0000 1.0000 0.0004 0.0042 0.0444 0.4691 1.0000 1.0000 0.0005 0.0054 0.0573 0.6053 1.0000 1.0000 0.0007 0.0071 0.0751 0.8005 1.0000 0.0001 0.0009 0.0098 0.1054 1.0000 1.0000 0.0001 0.0014 0.0150 0.1642 1.0000 1.0000 1.0000 1.0000 1.0000 0.1642 0.0150 0.0014 0.0001 1.0000 1.0000 0.1054 0.0098 0.0009 0.0001 1.0000 0.8005 0.0751 0.0071 0.0007 1.0000 1.0000 0.6053 0.0573 0.0054 0.0005 1.0000 1.0000 0.4691 0.0444 0.0042 0.0004 1.0000 1.0000 0.3636 0.0344 0.0033 0.0003 1.0000 1.0000 0.2845 0.0270 0.0026 0.0002 1.0000 1.0000 0.2230 0.0211 0.0020 0.0002 1.0000 1.0000 0.1605
1.0000 1.0000 0.0002 0.0020 0.0208 0.2196 1.0000 1.0000 0.0002 0.0025 0.0266 0.2802 1.0000 1.0000 0.0003 0.0032 0.0339 0.3581 1.0000 1.0000 0.0004 0.0041 0.0436 0.4611 1.0000 1.0000 0.0005 0.0053 0.0563 0.5950 1.0000 1.0000 0.0007 0.0069 0.0732 0.7780 1.0000 0.0001 0.0009 0.0093 0.1001 1.0000 1.0000 0.0001 0.0013 0.0138 0.1510 1.0000 1.0000 0.0002 0.0007 0.0002 1.0000 1.0000 0.1510 0.0138 0.0013 0.0001 1.0000 1.0000 0.1001 0.0093 0.0009 0.0001 1.0000 0.7780 0.0732 0.0069 0.0007 1.0000 1.0000 0.5950 0.0563 0.0053 0.0005 1.0000 1.0000 0.4611 0.0436 0.0041 0.0004 1.0000 1.0000 0.3581 0.0339 0.0032 0.0003 1.0000 1.0000 0.2802 0.0266 0.0025 0.0002 1.0000 1.0000 0.2196 0.0208 0.0020 0.0002 1.0000 1.0000
1.0000 0.0001 0.0008 0.0088 0.0930 0.9812 1.0000 0.0001 0.0011 0.0112 0.1186 1.0000 1.0000 0.0001 0.0014 0.0143 0.1513 1.0000 1.0000 0.0002 0.0017 0.0184 0.1945 1.0000 1.0000 0.0002 0.0022 0.0238 0.2514 1.0000 1.0000 0.0003 0.0029 0.0307 0.3262 1.0000 1.0000 0.0004 0.0039 0.0415 0.4448 1.0000 1.0000 0.0005 0.0056 0.0610 0.6657 1.0000 1.0000 0.0007 0.0031 0.0007 1.0000 1.0000 0.6657 0.0610 0.0056 0.0005 1.0000 1.0000 0.4448 0.0415 0.0039 0.0004 1.0000 1.0000 0.3262 0.0307 0.0029 0.0003 1.0000 1.0000 0.2514 0.0238 0.0022 0.0002 1.0000 1.0000 0.1945 0.0184 0.0017 0.0002 1.0000 1.0000 0.1513 0.0143 0.0014 0.0001 1.0000 1.0000 0.1186 0.0112 0.0011 0.0001 1.0000 0.9812 0.0930 0.0088 0.0008 0.0001 1.0000
1.0000 1.0000 0.0002 0.0020 0.0208 0.2196 1.0000 1.0000 0.0002 0.0025 0.0266 0.2802 1.0000 1.0000 0.0003 0.0032 0.0339 0.3581 1.0000 1.0000 0.0004 0.0041 0.0436 0.4611 1.0000 1.0000 0.0005 0.0053 0.0563 0.5950 1.0000 1.0000 0.0007 0.0069 0.0732 0.7780 1.0000 0.0001 0.0009 0.0093 0.1001 1.0000 1.0000 0.0001 0.0013 0.0138 0.1510 1.0000 1.0000 0.0002 0.0007 0.0002 1.0000 1.0000 0.1510 0.0138 0.0013 0.0001 1.0000 1.0000 0.1001 0.0093 0.0009 0.0001 1.0000 0.7780 0.0732 0.0069 0.0007 1.0000 1.0000 0.5950 0.0563 0.0053 0.0005 1.0000 1.0000 0.4611 0.0436 0.0041 0.0004 1.0000 1.0000 0.3581 0.0339 0.0032 0.0003 1.0000 1.0000 0.2802 0.0266 0.0025 0.0002 1.0000 1.0000 0.2196 0.0208 0.0020 0.0002 1.0000 1.0000
0.1605 1.0000 1.0000 0.0002 0.0020 0.0211 0.2230 1.0000 1.0000 0.0002 0.0026 0.0270 0.2845 1.0000 1.0000 0.0003 0.0033 0.0344 0.3636 1.0000 1.0000 0.0004 0.0042 0.0444 0.4691 1.0000 1.0000 0.0005 0.0054 0.0573 0.6053 1.0000 1.0000 0.0007 0.0071 0.0751 0.8005 1.0000 0.0001 0.0009 0.0098 0.1054 1.0000 1.0000 0.0001 0.0014 0.0150 0.1642 1.0000 1.0000 1.0000 1.0000 1.0000 0.1642 0.0150 0.0014 0.0001 1.0000 1.0000 0.1054 0.0098 0.0009 0.0001 1.0000 0.8005 0.0751 0.0071 0.0007 1.0000 1.0000 0.6053 0.0573 0.0054 0.0005 1.0000 1.0000 0.4691 0.0444 0.0042 0.0004 1.0000 1.0000 0.3636 0.0344 0.0033 0.0003 1.0000 1.0000 0.2845 0.0270 0.0026 0.0002 1.0000 1.0000 0.2230 0.0211 0.0020 0.0002 1.0000 1.0000 0.1605
0.0142 0.1626 1.0000 1.0000 0.0002 0.0019 0.0197 0.2075 1.0000 1.0000 0.0002 0.0024 0.0251 0.2646 1.0000 1.0000 0.0003 0.0030 0.0321 0.3389 1.0000 1.0000 0.0004 0.0039 0.0414 0.4372 1.0000 1.0000 0.0005 0.0050 0.0535 0.5663 1.0000 1.0000 0.0006 0.0067 0.0712 0.7619 1.0000 0.0001 0.0009 0.0095 0.1028 1.0000 1.0000 0.0001 0.0014 0.0150 0.1642 1.0000 1.0000 1.0000 0.1642 0.0150 0.0014 0.0001 1.0000 1.0000 0.1028 0.0095 0.0009 0.0001 1.0000 0.7619 0.0712 0.0067 0.0006 1.0000 1.0000 0.5663 0.0535 0.0050 0.0005 1.0000 1.0000 0.4372 0.0414 0.0039 0.0004 1.0000 1.0000 0.3389 0.0321 0.0030 0.0003 1.0000 1.0000 0.2646 0.0251 0.0024 0.0002 1.0000 1.0000 0.2075 0.0197 0.0019 0.0002 1.0000 1.0000 0.1626 0.0142
0.0012 0.0141 0.1487 1.0000 1.0000 0.0002 0.0017 0.0180 0.1901 1.0000 1.0000 0.0002 0.0022 0.0230 0.2425 1.0000 1.0000 0.0003 0.0028 0.0294 0.3111 1.0000 1.0000 0.0003 0.0036 0.0380 0.4014 1.0000 1.0000 0.0004 0.0047 0.0493 0.5228 1.0000 1.0000 0.0006 0.0062 0.0670 0.7210 1.0000 0.0001 0.0008 0.0092 0.1003 1.0000 1.0000 0.0001 0.0014 0.0150 0.1510 0.6657 0.1510 0.0150 0.0014 0.0001 1.0000 1.0000 0.1003 0.0092 0.0008 0.0001 1.0000 0.7210 0.0670 0.0062 0.0006 1.0000 1.0000 0.5228 0.0493 0.0047 0.0004 1.0000 1.0000 0.4014 0.0380 0.0036 0.0003 1.0000 1.0000 0.3111 0.0294 0.0028 0.0003 1.0000 1.0000 0.2425 0.0230 0.0022 0.0002 1.0000 1.0000 0.1901 0.0180 0.0017 0.0002 1.0000 1.0000 0.1487 0.0141 0.0012
0.0001 0.0012 0.0129 0.1360 1.0000 1.0000 0.0001 0.0016 0.0164 0.1735 1.0000 1.0000 0.0002 0.0020 0.0210 0.2213 1.0000 1.0000 0.0002 0.0025 0.0270 0.2850 1.0000 1.0000 0.0003 0.0033 0.0348 0.3678 1.0000 1.0000 0.0004 0.0043 0.0455 0.4845 1.0000 1.0000 0.0005 0.0059 0.0634 0.6862 1.0000 0.0001 0.0008 0.0090 0.0988 1.0000 1.0000 0.0001 0.0014 0.0138 0.0610 0.0138 0.0014 0.0001 1.0000 1.0000 0.0988 0.0090 0.0008 0.0001 1.0000 0.6862 0.0634 0.0059 0.0005 1.0000 1.0000 0.4845 0.0455 0.0043 0.0004 1.0000 1.0000 0.3678 0.0348 0.0033 0.0003 1.0000 1.0000 0.2850 0.0270 0.0025 0.0002 1.0000 1.0000 0.2213 0.0210 0.0020 0.0002 1.0000 1.0000 0.1735 0.0164 0.0016 0.0001 1.0000 1.0000 0.1360 0.0129 0.0012 0.0001
