0.2112 0.3425 0.5087 0.3798 0.1578 0.1645 0.2406 0.4121 0.4953 0.2781 0.1512 0.1812 0.2841 0.4802 0.4552 0.1865 0.1538 0.2053 0.3391 0.5085 0.3856 0.1587 0.1636 0.2379 0.4068 0.4972 0.2862 0.1514 0.1798 0.2805 0.4760 0.4592 0.1907 0.1533 0.2032 0.3345 0.5081 0.3918 0.1598 0.1626 0.2352 0.4014 0.4990 0.2944 0.1516 0.1783 0.2769 0.4711 0.4645 0.2101 0.1498 0.2101 0.4645 0.4711 0.2769 0.1783 0.1516 0.2944 0.4990 0.4014 0.2352 0.1626 0.1598 0.3918 0.5081 0.3345 0.2032 0.1533 0.1907 0.4592 0.4760 0.2805 0.1798 0.1514 0.2862 0.4972 0.4068 0.2379 0.1636 0.1587 0.3856 0.5085 0.3391 0.2053 0.1538 0.1865 0.4552 0.4802 0.2841 0.1812 0.1512 0.2781 0.4953 0.4121 0.2406 0.1645 0.1578 0.3798 0.5087 0.3425 0.2112
0.3425 0.5104 0.3826 0.1474 0.1546 0.2342 0.4103 0.4973 0.2834 0.1396 0.1723 0.2787 0.4802 0.4583 0.1825 0.1424 0.1974 0.3353 0.5099 0.3905 0.1486 0.1534 0.2312 0.4047 0.4991 0.2917 0.1398 0.1707 0.2750 0.4759 0.4622 0.1878 0.1419 0.1953 0.3306 0.5094 0.3966 0.1499 0.1524 0.2283 0.3992 0.5009 0.3000 0.1401 0.1692 0.2714 0.4712 0.4661 0.1962 0.1390 0.1580 0.1390 0.1962 0.4661 0.4712 0.2714 0.1692 0.1401 0.3000 0.5009 0.3992 0.2283 0.1524 0.1499 0.3966 0.5094 0.3306 0.1953 0.1419 0.1878 0.4622 0.4759 0.2750 0.1707 0.1398 0.2917 0.4991 0.4047 0.2312 0.1534 0.1486 0.3905 0.5099 0.3353 0.1974 0.1424 0.1825 0.4583 0.4802 0.2787 0.1723 0.1396 0.2834 0.4973 0.4103 0.2342 0.1546 0.1474 0.3826 0.5104 0.3425
0.5087 0.3826 0.1480 0.1536 0.2307 0.4029 0.4998 0.2957 0.1400 0.1699 0.2730 0.4733 0.4642 0.1909 0.1416 0.1941 0.3280 0.5089 0.3999 0.1506 0.1519 0.2267 0.3961 0.5016 0.3046 0.1402 0.1684 0.2693 0.4685 0.4677 0.1970 0.1411 0.1920 0.3235 0.5081 0.4057 0.1521 0.1509 0.2240 0.3907 0.5031 0.3126 0.1406 0.1669 0.2658 0.4636 0.4712 0.2041 0.1404 0.1833 0.2435 0.1833 0.1404 0.2041 0.4712 0.4636 0.2658 0.1669 0.1406 0.3126 0.5031 0.3907 0.2240 0.1509 0.1521 0.4057 0.5081 0.3235 0.1920 0.1411 0.1970 0.4677 0.4685 0.2693 0.1684 0.1402 0.3046 0.5016 0.3961 0.2267 0.1519 0.1506 0.3999 0.5089 0.3280 0.1941 0.1416 0.1909 0.4642 0.4733 0.2730 0.1699 0.1400 0.2957 0.4998 0.4029 0.2307 0.1536 0.1480 0.3826 0.5087
0.3798 0.1474 0.1536 0.2294 0.3984 0.5016 0.3057 0.1403 0.1678 0.2678 0.4661 0.4695 0.2004 0.1409 0.1909 0.3210 0.5076 0.4089 0.1529 0.1504 0.2225 0.3876 0.5039 0.3171 0.1408 0.1661 0.2639 0.4608 0.4730 0.2074 0.1405 0.1889 0.3166 0.5063 0.4144 0.1546 0.1494 0.2198 0.3823 0.5052 0.3250 0.1412 0.1647 0.2604 0.4557 0.4762 0.2148 0.1401 0.1858 0.3016 0.4271 0.3016 0.1858 0.1401 0.2148 0.4762 0.4557 0.2604 0.1647 0.1412 0.3250 0.5052 0.3823 0.2198 0.1494 0.1546 0.4144 0.5063 0.3166 0.1889 0.1405 0.2074 0.4730 0.4608 0.2639 0.1661 0.1408 0.3171 0.5039 0.3876 0.2225 0.1504 0.1529 0.4089 0.5076 0.3210 0.1909 0.1409 0.2004 0.4695 0.4661 0.2678 0.1678 0.1403 0.3057 0.5016 0.3984 0.2294 0.1536 0.1474 0.3798
0.1578 0.1546 0.2307 0.3984 0.5022 0.3116 0.1407 0.1662 0.2633 0.4593 0.4743 0.2106 0.1404 0.1879 0.3143 0.5056 0.4174 0.1556 0.1489 0.2184 0.3793 0.5059 0.3293 0.1415 0.1640 0.2585 0.4527 0.4779 0.2189 0.1401 0.1859 0.3099 0.5039 0.4227 0.1575 0.1481 0.2158 0.3740 0.5069 0.3369 0.1420 0.1626 0.2552 0.4474 0.4808 0.2267 0.1398 0.1838 0.3038 0.4952 0.4912 0.4952 0.3038 0.1838 0.1398 0.2267 0.4808 0.4474 0.2552 0.1626 0.1420 0.3369 0.5069 0.3740 0.2158 0.1481 0.1575 0.4227 0.5039 0.3099 0.1859 0.1401 0.2189 0.4779 0.4527 0.2585 0.1640 0.1415 0.3293 0.5059 0.3793 0.2184 0.1489 0.1556 0.4174 0.5056 0.3143 0.1879 0.1404 0.2106 0.4743 0.4593 0.2633 0.1662 0.1407 0.3116 0.5022 0.3984 0.2307 0.1546 0.1578
0.1645 0.2342 0.4029 0.5016 0.3116 0.1408 0.1653 0.2603 0.4538 0.4780 0.2205 0.1400 0.1851 0.3080 0.5030 0.4253 0.1586 0.1476 0.2144 0.3712 0.5075 0.3411 0.1423 0.1619 0.2533 0.4444 0.4824 0.2312 0.1397 0.1829 0.3033 0.5007 0.4306 0.1609 0.1468 0.2119 0.3659 0.5083 0.3485 0.1429 0.1606 0.2501 0.4390 0.4852 0.2393 0.1396 0.1811 0.2988 0.4969 0.4458 0.2865 0.4458 0.4969 0.2988 0.1811 0.1396 0.2393 0.4852 0.4390 0.2501 0.1606 0.1429 0.3485 0.5083 0.3659 0.2119 0.1468 0.1609 0.4306 0.5007 0.3033 0.1829 0.1397 0.2312 0.4824 0.4444 0.2533 0.1619 0.1423 0.3411 0.5075 0.3712 0.2144 0.1476 0.1586 0.4253 0.5030 0.3080 0.1851 0.1400 0.2205 0.4780 0.4538 0.2603 0.1653 0.1408 0.3116 0.5016 0.4029 0.2342 0.1645
0.2406 0.4103 0.4998 0.3057 0.1407 0.1653 0.2592 0.4506 0.4805 0.2285 0.1398 0.1828 0.3024 0.5000 0.4326 0.1620 0.1464 0.2106 0.3632 0.5087 0.3524 0.1433 0.1599 0.2483 0.4360 0.4866 0.2440 0.1395 0.1801 0.2969 0.4968 0.4381 0.1649 0.1456 0.2081 0.3580 0.5093 0.3596 0.1441 0.1587 0.2451 0.4305 0.4891 0.2523 0.1394 0.1784 0.2928 0.4935 0.4447 0.1766 0.1366 0.1766 0.4447 0.4935 0.2928 0.1784 0.1394 0.2523 0.4891 0.4305 0.2451 0.1587 0.1441 0.3596 0.5093 0.3580 0.2081 0.1456 0.1649 0.4381 0.4968 0.2969 0.1801 0.1395 0.2440 0.4866 0.4360 0.2483 0.1599 0.1433 0.3524 0.5087 0.3632 0.2106 0.1464 0.1620 0.4326 0.5000 0.3024 0.1828 0.1398 0.2285 0.4805 0.4506 0.2592 0.1653 0.1407 0.3057 0.4998 0.4103 0.2406
0.4121 0.4973 0.2957 0.1403 0.1662 0.2603 0.4506 0.4814 0.2330 0.1396 0.1810 0.2978 0.4968 0.4388 0.1657 0.1453 0.2071 0.3557 0.5095 0.3631 0.1445 0.1581 0.2435 0.4275 0.4904 0.2570 0.1394 0.1774 0.2907 0.4920 0.4452 0.1697 0.1444 0.2044 0.3503 0.5099 0.3704 0.1454 0.1569 0.2404 0.4219 0.4927 0.2655 0.1394 0.1757 0.2868 0.4884 0.4500 0.1748 0.1408 0.1633 0.1408 0.1748 0.4500 0.4884 0.2868 0.1757 0.1394 0.2655 0.4927 0.4219 0.2404 0.1569 0.1454 0.3704 0.5099 0.3503 0.2044 0.1444 0.1697 0.4452 0.4920 0.2907 0.1774 0.1394 0.2570 0.4904 0.4275 0.2435 0.1581 0.1445 0.3631 0.5095 0.3557 0.2071 0.1453 0.1657 0.4388 0.4968 0.2978 0.1810 0.1396 0.2330 0.4814 0.4506 0.2603 0.1662 0.1403 0.2957 0.4973 0.4121
0.4953 0.2834 0.1400 0.1678 0.2633 0.4538 0.4805 0.2330 0.1396 0.1801 0.2948 0.4941 0.4437 0.1694 0.1444 0.2040 0.3488 0.5100 0.3731 0.1458 0.1563 0.2389 0.4191 0.4939 0.2700 0.1395 0.1748 0.2846 0.4864 0.4520 0.1755 0.1434 0.2009 0.3427 0.5100 0.3806 0.1469 0.1551 0.2357 0.4133 0.4960 0.2786 0.1396 0.1732 0.2808 0.4825 0.4561 0.1802 0.1423 0.1915 0.2573 0.1915 0.1423 0.1802 0.4561 0.4825 0.2808 0.1732 0.1396 0.2786 0.4960 0.4133 0.2357 0.1551 0.1469 0.3806 0.5100 0.3427 0.2009 0.1434 0.1755 0.4520 0.4864 0.2846 0.1748 0.1395 0.2700 0.4939 0.4191 0.2389 0.1563 0.1458 0.3731 0.5100 0.3488 0.2040 0.1444 0.1694 0.4437 0.4941 0.2948 0.1801 0.1396 0.2330 0.4805 0.4538 0.2633 0.1678 0.1400 0.2834 0.4953
0.2781 0.1396 0.1699 0.2678 0.4593 0.4780 0.2285 0.1396 0.1801 0.2937 0.4925 0.4469 0.1725 0.1437 0.2013 0.3427 0.5100 0.3822 0.1472 0.1547 0.2344 0.4107 0.4970 0.2827 0.1396 0.1724 0.2788 0.4802 0.4582 0.1825 0.1424 0.1974 0.3353 0.5097 0.3905 0.1486 0.1535 0.2312 0.4047 0.4990 0.2917 0.1398 0.1707 0.2750 0.4758 0.4621 0.1877 0.1418 0.1941 0.3196 0.4496 0.3196 0.1941 0.1418 0.1877 0.4621 0.4758 0.2750 0.1707 0.1398 0.2917 0.4990 0.4047 0.2312 0.1535 0.1486 0.3905 0.5097 0.3353 0.1974 0.1424 0.1825 0.4582 0.4802 0.2788 0.1724 0.1396 0.2827 0.4970 0.4107 0.2344 0.1547 0.1472 0.3822 0.5100 0.3427 0.2013 0.1437 0.1725 0.4469 0.4925 0.2937 0.1801 0.1396 0.2285 0.4780 0.4593 0.2678 0.1699 0.1396 0.2781
0.1512 0.1723 0.2730 0.4661 0.4743 0.2205 0.1398 0.1810 0.2948 0.4925 0.4480 0.1743 0.1432 0.1994 0.3380 0.5098 0.3899 0.1487 0.1533 0.2304 0.4027 0.4997 0.2952 0.1399 0.1700 0.2732 0.4735 0.4640 0.1907 0.1416 0.1941 0.3281 0.5089 0.3999 0.1506 0.1519 0.2268 0.3961 0.5016 0.3045 0.1402 0.1684 0.2694 0.4685 0.4677 0.1969 0.1411 0.1918 0.3215 0.5040 0.4814 0.5040 0.3215 0.1918 0.1411 0.1969 0.4677 0.4685 0.2694 0.1684 0.1402 0.3045 0.5016 0.3961 0.2268 0.1519 0.1506 0.3999 0.5089 0.3281 0.1941 0.1416 0.1907 0.4640 0.4735 0.2732 0.1700 0.1399 0.2952 0.4997 0.4027 0.2304 0.1533 0.1487 0.3899 0.5098 0.3380 0.1994 0.1432 0.1743 0.4480 0.4925 0.2948 0.1810 0.1398 0.2205 0.4743 0.4661 0.2730 0.1723 0.1512
0.1812 0.2787 0.4733 0.4695 0.2106 0.1400 0.1828 0.2978 0.4941 0.4469 0.1743 0.1431 0.1984 0.3349 0.5095 0.3958 0.1501 0.1521 0.2268 0.3954 0.5020 0.3070 0.1404 0.1678 0.2678 0.4663 0.4694 0.2001 0.1409 0.1910 0.3212 0.5076 0.4088 0.1529 0.1504 0.2225 0.3877 0.5039 0.3170 0.1408 0.1661 0.2639 0.4608 0.4730 0.2074 0.1405 0.1889 0.3162 0.5055 0.4269 0.2519 0.4269 0.5055 0.3162 0.1889 0.1405 0.2074 0.4730 0.4608 0.2639 0.1661 0.1408 0.3170 0.5039 0.3877 0.2225 0.1504 0.1529 0.4088 0.5076 0.3212 0.1910 0.1409 0.2001 0.4694 0.4663 0.2678 0.1678 0.1404 0.3070 0.5020 0.3954 0.2268 0.1521 0.1501 0.3958 0.5095 0.3349 0.1984 0.1431 0.1743 0.4469 0.4941 0.2978 0.1828 0.1400 0.2106 0.4695 0.4733 0.2787 0.1812
0.2841 0.4802 0.4642 0.2004 0.1404 0.1851 0.3024 0.4968 0.4437 0.1725 0.1432 0.1984 0.3338 0.5093 0.3996 0.1512 0.1511 0.2239 0.3891 0.5038 0.3177 0.1409 0.1658 0.2627 0.4589 0.4743 0.2105 0.1404 0.1880 0.3145 0.5057 0.4172 0.1555 0.1490 0.2184 0.3794 0.5059 0.3292 0.1415 0.1640 0.2586 0.4528 0.4779 0.2189 0.1401 0.1859 0.3098 0.5037 0.4249 0.1624 0.1365 0.1624 0.4249 0.5037 0.3098 0.1859 0.1401 0.2189 0.4779 0.4528 0.2586 0.1640 0.1415 0.3292 0.5059 0.3794 0.2184 0.1490 0.1555 0.4172 0.5057 0.3145 0.1880 0.1404 0.2105 0.4743 0.4589 0.2627 0.1658 0.1409 0.3177 0.5038 0.3891 0.2239 0.1511 0.1512 0.3996 0.5093 0.3338 0.1984 0.1432 0.1725 0.4437 0.4968 0.3024 0.1851 0.1404 0.2004 0.4642 0.4802 0.2841
0.4802 0.4583 0.1909 0.1409 0.1879 0.3080 0.5000 0.4388 0.1694 0.1437 0.1994 0.3349 0.5093 0.4009 0.1518 0.1506 0.2218 0.3841 0.5052 0.3267 0.1414 0.1640 0.2581 0.4515 0.4788 0.2217 0.1400 0.1851 0.3080 0.5031 0.4251 0.1584 0.1477 0.2145 0.3714 0.5074 0.3409 0.1423 0.1619 0.2534 0.4445 0.4824 0.2312 0.1397 0.1830 0.3033 0.5007 0.4310 0.1617 0.1435 0.1695 0.1435 0.1617 0.4310 0.5007 0.3033 0.1830 0.1397 0.2312 0.4824 0.4445 0.2534 0.1619 0.1423 0.3409 0.5074 0.3714 0.2145 0.1477 0.1584 0.4251 0.5031 0.3080 0.1851 0.1400 0.2217 0.4788 0.4515 0.2581 0.1640 0.1414 0.3267 0.5052 0.3841 0.2218 0.1506 0.1518 0.4009 0.5093 0.3349 0.1994 0.1437 0.1694 0.4388 0.5000 0.3080 0.1879 0.1409 0.1909 0.4583 0.4802
0.4552 0.1825 0.1416 0.1909 0.3143 0.5030 0.4326 0.1657 0.1444 0.2013 0.3380 0.5095 0.3996 0.1518 0.1504 0.2207 0.3810 0.5061 0.3335 0.1419 0.1625 0.2541 0.4447 0.4827 0.2328 0.1397 0.1824 0.3018 0.4998 0.4326 0.1619 0.1464 0.2108 0.3636 0.5086 0.3520 0.1433 0.1600 0.2484 0.4361 0.4866 0.2439 0.1395 0.1801 0.2970 0.4968 0.4382 0.1651 0.1450 0.2005 0.2723 0.2005 0.1450 0.1651 0.4382 0.4968 0.2970 0.1801 0.1395 0.2439 0.4866 0.4361 0.2484 0.1600 0.1433 0.3520 0.5086 0.3636 0.2108 0.1464 0.1619 0.4326 0.4998 0.3018 0.1824 0.1397 0.2328 0.4827 0.4447 0.2541 0.1625 0.1419 0.3335 0.5061 0.3810 0.2207 0.1504 0.1518 0.3996 0.5095 0.3380 0.2013 0.1444 0.1657 0.4326 0.5030 0.3143 0.1909 0.1416 0.1825 0.4552
0.1865 0.1424 0.1941 0.3210 0.5056 0.4253 0.1620 0.1453 0.2040 0.3427 0.5098 0.3958 0.1512 0.1506 0.2207 0.3799 0.5065 0.3378 0.1424 0.1613 0.2508 0.4387 0.4859 0.2432 0.1395 0.1799 0.2960 0.4959 0.4397 0.1659 0.1453 0.2071 0.3559 0.5095 0.3627 0.1444 0.1582 0.2437 0.4278 0.4903 0.2567 0.1394 0.1775 0.2907 0.4920 0.4452 0.1697 0.1443 0.2032 0.3388 0.4703 0.3388 0.2032 0.1443 0.1697 0.4452 0.4920 0.2907 0.1775 0.1394 0.2567 0.4903 0.4278 0.2437 0.1582 0.1444 0.3627 0.5095 0.3559 0.2071 0.1453 0.1659 0.4397 0.4959 0.2960 0.1799 0.1395 0.2432 0.4859 0.4387 0.2508 0.1613 0.1424 0.3378 0.5065 0.3799 0.2207 0.1506 0.1512 0.3958 0.5098 0.3427 0.2040 0.1453 0.1620 0.4253 0.5056 0.3210 0.1941 0.1424 0.1865
0.1538 0.1974 0.3280 0.5076 0.4174 0.1586 0.1464 0.2071 0.3488 0.5100 0.3899 0.1501 0.1511 0.2218 0.3810 0.5065 0.3393 0.1426 0.1606 0.2485 0.4340 0.4884 0.2522 0.1394 0.1777 0.2907 0.4916 0.4461 0.1706 0.1442 0.2036 0.3484 0.5100 0.3730 0.1458 0.1564 0.2390 0.4194 0.4938 0.2695 0.1395 0.1749 0.2848 0.4865 0.4519 0.1754 0.1434 0.2006 0.3406 0.5080 0.4694 0.5080 0.3406 0.2006 0.1434 0.1754 0.4519 0.4865 0.2848 0.1749 0.1395 0.2695 0.4938 0.4194 0.2390 0.1564 0.1458 0.3730 0.5100 0.3484 0.2036 0.1442 0.1706 0.4461 0.4916 0.2907 0.1777 0.1394 0.2522 0.4884 0.4340 0.2485 0.1606 0.1426 0.3393 0.5065 0.3810 0.2218 0.1511 0.1501 0.3899 0.5100 0.3488 0.2071 0.1464 0.1586 0.4174 0.5076 0.3280 0.1974 0.1538
0.2053 0.3353 0.5089 0.4089 0.1556 0.1476 0.2106 0.3557 0.5100 0.3822 0.1487 0.1521 0.2239 0.3841 0.5061 0.3378 0.1426 0.1604 0.2473 0.4311 0.4901 0.2592 0.1394 0.1759 0.2862 0.4872 0.4517 0.1757 0.1433 0.2003 0.3413 0.5100 0.3828 0.1473 0.1547 0.2346 0.4110 0.4969 0.2822 0.1396 0.1725 0.2790 0.4804 0.4580 0.1823 0.1424 0.1974 0.3349 0.5093 0.4052 0.2179 0.4052 0.5093 0.3349 0.1974 0.1424 0.1823 0.4580 0.4804 0.2790 0.1725 0.1396 0.2822 0.4969 0.4110 0.2346 0.1547 0.1473 0.3828 0.5100 0.3413 0.2003 0.1433 0.1757 0.4517 0.4872 0.2862 0.1759 0.1394 0.2592 0.4901 0.4311 0.2473 0.1604 0.1426 0.3378 0.5061 0.3841 0.2239 0.1521 0.1487 0.3822 0.5100 0.3557 0.2106 0.1476 0.1556 0.4089 0.5089 0.3353 0.2053
0.3391 0.5099 0.3999 0.1529 0.1489 0.2144 0.3632 0.5095 0.3731 0.1472 0.1533 0.2268 0.3891 0.5052 0.3335 0.1424 0.1606 0.2473 0.4301 0.4910 0.2637 0.1395 0.1746 0.2826 0.4832 0.4564 0.1811 0.1425 0.1974 0.3347 0.5097 0.3920 0.1490 0.1531 0.2302 0.4027 0.4997 0.2948 0.1399 0.1701 0.2735 0.4738 0.4638 0.1903 0.1416 0.1942 0.3282 0.5088 0.4022 0.1534 0.1371 0.1534 0.4022 0.5088 0.3282 0.1942 0.1416 0.1903 0.4638 0.4738 0.2735 0.1701 0.1399 0.2948 0.4997 0.4027 0.2302 0.1531 0.1490 0.3920 0.5097 0.3347 0.1974 0.1425 0.1811 0.4564 0.4832 0.2826 0.1746 0.1395 0.2637 0.4910 0.4301 0.2473 0.1606 0.1424 0.3335 0.5052 0.3891 0.2268 0.1533 0.1472 0.3731 0.5095 0.3632 0.2144 0.1489 0.1529 0.3999 0.5099 0.3391
0.5085 0.3905 0.1506 0.1504 0.2184 0.3712 0.5087 0.3631 0.1458 0.1547 0.2304 0.3954 0.5038 0.3267 0.1419 0.1613 0.2485 0.4311 0.4910 0.2652 0.1395 0.1737 0.2801 0.4798 0.4600 0.1863 0.1419 0.1948 0.3288 0.5089 0.4004 0.1508 0.1517 0.2260 0.3945 0.5021 0.3072 0.1403 0.1679 0.2680 0.4666 0.4691 0.1996 0.1409 0.1911 0.3214 0.5076 0.4090 0.1533 0.1467 0.1764 0.1467 0.1533 0.4090 0.5076 0.3214 0.1911 0.1409 0.1996 0.4691 0.4666 0.2680 0.1679 0.1403 0.3072 0.5021 0.3945 0.2260 0.1517 0.1508 0.4004 0.5089 0.3288 0.1948 0.1419 0.1863 0.4600 0.4798 0.2801 0.1737 0.1395 0.2652 0.4910 0.4311 0.2485 0.1613 0.1419 0.3267 0.5038 0.3954 0.2304 0.1547 0.1458 0.3631 0.5087 0.3712 0.2184 0.1504 0.1506 0.3905 0.5085
0.3856 0.1486 0.1519 0.2225 0.3793 0.5075 0.3524 0.1445 0.1563 0.2344 0.4027 0.5020 0.3177 0.1414 0.1625 0.2508 0.4340 0.4901 0.2637 0.1395 0.1734 0.2788 0.4776 0.4625 0.1907 0.1414 0.1927 0.3238 0.5080 0.4077 0.1528 0.1503 0.2222 0.3866 0.5043 0.3193 0.1409 0.1657 0.2627 0.4590 0.4742 0.2101 0.1404 0.1881 0.3148 0.5057 0.4170 0.1555 0.1484 0.2106 0.2889 0.2106 0.1484 0.1555 0.4170 0.5057 0.3148 0.1881 0.1404 0.2101 0.4742 0.4590 0.2627 0.1657 0.1409 0.3193 0.5043 0.3866 0.2222 0.1503 0.1528 0.4077 0.5080 0.3238 0.1927 0.1414 0.1907 0.4625 0.4776 0.2788 0.1734 0.1395 0.2637 0.4901 0.4340 0.2508 0.1625 0.1414 0.3177 0.5020 0.4027 0.2344 0.1563 0.1445 0.3524 0.5075 0.3793 0.2225 0.1519 0.1486 0.3856
0.1587 0.1534 0.2267 0.3876 0.5059 0.3411 0.1433 0.1581 0.2389 0.4107 0.4997 0.3070 0.1409 0.1640 0.2541 0.4387 0.4884 0.2592 0.1395 0.1737 0.2788 0.4768 0.4637 0.1937 0.1411 0.1911 0.3198 0.5069 0.4138 0.1548 0.1492 0.2187 0.3793 0.5060 0.3305 0.1416 0.1636 0.2576 0.4512 0.4788 0.2214 0.1400 0.1852 0.3083 0.5032 0.4248 0.1584 0.1476 0.2133 0.3597 0.4877 0.3597 0.2133 0.1476 0.1584 0.4248 0.5032 0.3083 0.1852 0.1400 0.2214 0.4788 0.4512 0.2576 0.1636 0.1416 0.3305 0.5060 0.3793 0.2187 0.1492 0.1548 0.4138 0.5069 0.3198 0.1911 0.1411 0.1937 0.4637 0.4768 0.2788 0.1737 0.1395 0.2592 0.4884 0.4387 0.2541 0.1640 0.1409 0.3070 0.4997 0.4107 0.2389 0.1581 0.1433 0.3411 0.5059 0.3876 0.2267 0.1534 0.1587
0.1636 0.2312 0.3961 0.5039 0.3293 0.1423 0.1599 0.2435 0.4191 0.4970 0.2952 0.1404 0.1658 0.2581 0.4447 0.4859 0.2522 0.1394 0.1746 0.2801 0.4776 0.4637 0.1948 0.1410 0.1901 0.3170 0.5059 0.4185 0.1566 0.1482 0.2157 0.3728 0.5073 0.3408 0.1423 0.1617 0.2527 0.4432 0.4832 0.2334 0.1397 0.1824 0.3020 0.4999 0.4323 0.1618 0.1464 0.2106 0.3616 0.5082 0.4544 0.5082 0.3616 0.2106 0.1464 0.1618 0.4323 0.4999 0.3020 0.1824 0.1397 0.2334 0.4832 0.4432 0.2527 0.1617 0.1423 0.3408 0.5073 0.3728 0.2157 0.1482 0.1566 0.4185 0.5059 0.3170 0.1901 0.1410 0.1948 0.4637 0.4776 0.2801 0.1746 0.1394 0.2522 0.4859 0.4447 0.2581 0.1658 0.1404 0.2952 0.4970 0.4191 0.2435 0.1599 0.1423 0.3293 0.5039 0.3961 0.2312 0.1636
0.2379 0.4047 0.5016 0.3171 0.1415 0.1619 0.2483 0.4275 0.4939 0.2827 0.1399 0.1678 0.2627 0.4515 0.4827 0.2432 0.1394 0.1759 0.2826 0.4798 0.4625 0.1937 0.1410 0.1898 0.3156 0.5051 0.4218 0.1580 0.1475 0.2132 0.3672 0.5083 0.3498 0.1432 0.1600 0.2482 0.4354 0.4870 0.2457 0.1395 0.1797 0.2958 0.4959 0.4395 0.1658 0.1453 0.2072 0.3557 0.5093 0.3795 0.1879 0.3795 0.5093 0.3557 0.2072 0.1453 0.1658 0.4395 0.4959 0.2958 0.1797 0.1395 0.2457 0.4870 0.4354 0.2482 0.1600 0.1432 0.3498 0.5083 0.3672 0.2132 0.1475 0.1580 0.4218 0.5051 0.3156 0.1898 0.1410 0.1937 0.4625 0.4798 0.2826 0.1759 0.1394 0.2432 0.4827 0.4515 0.2627 0.1678 0.1399 0.2827 0.4939 0.4275 0.2483 0.1619 0.1415 0.3171 0.5016 0.4047 0.2379
0.4068 0.4991 0.3046 0.1408 0.1640 0.2533 0.4360 0.4904 0.2700 0.1396 0.1700 0.2678 0.4589 0.4788 0.2328 0.1395 0.1777 0.2862 0.4832 0.4600 0.1907 0.1411 0.1901 0.3156 0.5049 0.4234 0.1590 0.1470 0.2114 0.3629 0.5090 0.3574 0.1440 0.1586 0.2442 0.4281 0.4904 0.2577 0.1394 0.1771 0.2898 0.4912 0.4464 0.1706 0.1442 0.2037 0.3486 0.5099 0.3756 0.1472 0.1385 0.1472 0.3756 0.5099 0.3486 0.2037 0.1442 0.1706 0.4464 0.4912 0.2898 0.1771 0.1394 0.2577 0.4904 0.4281 0.2442 0.1586 0.1440 0.3574 0.5090 0.3629 0.2114 0.1470 0.1590 0.4234 0.5049 0.3156 0.1901 0.1411 0.1907 0.4600 0.4832 0.2862 0.1777 0.1395 0.2328 0.4788 0.4589 0.2678 0.1700 0.1396 0.2700 0.4904 0.4360 0.2533 0.1640 0.1408 0.3046 0.4991 0.4068
0.4972 0.2917 0.1402 0.1661 0.2585 0.4444 0.4866 0.2570 0.1395 0.1724 0.2732 0.4663 0.4743 0.2217 0.1397 0.1799 0.2907 0.4872 0.4564 0.1863 0.1414 0.1911 0.3170 0.5051 0.4234 0.1594 0.1468 0.2103 0.3598 0.5094 0.3633 0.1448 0.1573 0.2407 0.4214 0.4933 0.2689 0.1395 0.1748 0.2842 0.4858 0.4528 0.1764 0.1432 0.2003 0.3413 0.5100 0.3832 0.1475 0.1506 0.1843 0.1506 0.1475 0.3832 0.5100 0.3413 0.2003 0.1432 0.1764 0.4528 0.4858 0.2842 0.1748 0.1395 0.2689 0.4933 0.4214 0.2407 0.1573 0.1448 0.3633 0.5094 0.3598 0.2103 0.1468 0.1594 0.4234 0.5051 0.3170 0.1911 0.1414 0.1863 0.4564 0.4872 0.2907 0.1799 0.1397 0.2217 0.4743 0.4663 0.2732 0.1724 0.1395 0.2570 0.4866 0.4444 0.2585 0.1661 0.1402 0.2917 0.4972
0.2862 0.1398 0.1684 0.2639 0.4527 0.4824 0.2440 0.1394 0.1748 0.2788 0.4735 0.4694 0.2105 0.1400 0.1824 0.2960 0.4916 0.4517 0.1811 0.1419 0.1927 0.3198 0.5059 0.4218 0.1590 0.1468 0.2099 0.3582 0.5096 0.3674 0.1454 0.1564 0.2379 0.4157 0.4957 0.2789 0.1396 0.1726 0.2791 0.4801 0.4586 0.1832 0.1423 0.1970 0.3342 0.5096 0.3922 0.1490 0.1525 0.2218 0.3072 0.2218 0.1525 0.1490 0.3922 0.5096 0.3342 0.1970 0.1423 0.1832 0.4586 0.4801 0.2791 0.1726 0.1396 0.2789 0.4957 0.4157 0.2379 0.1564 0.1454 0.3674 0.5096 0.3582 0.2099 0.1468 0.1590 0.4218 0.5059 0.3198 0.1927 0.1419 0.1811 0.4517 0.4916 0.2960 0.1824 0.1400 0.2105 0.4694 0.4735 0.2788 0.1748 0.1394 0.2440 0.4824 0.4527 0.2639 0.1684 0.1398 0.2862
0.1514 0.1707 0.2693 0.4608 0.4779 0.2312 0.1395 0.1774 0.2846 0.4802 0.4640 0.2001 0.1404 0.1851 0.3018 0.4959 0.4461 0.1757 0.1425 0.1948 0.3238 0.5069 0.4185 0.1580 0.1470 0.2103 0.3582 0.5096 0.3694 0.1458 0.1557 0.2358 0.4112 0.4975 0.2875 0.1398 0.1708 0.2744 0.4744 0.4637 0.1907 0.1416 0.1939 0.3273 0.5088 0.4011 0.1509 0.1515 0.2247 0.3822 0.4997 0.3822 0.2247 0.1515 0.1509 0.4011 0.5088 0.3273 0.1939 0.1416 0.1907 0.4637 0.4744 0.2744 0.1708 0.1398 0.2875 0.4975 0.4112 0.2358 0.1557 0.1458 0.3694 0.5096 0.3582 0.2103 0.1470 0.1580 0.4185 0.5069 0.3238 0.1948 0.1425 0.1757 0.4461 0.4959 0.3018 0.1851 0.1404 0.2001 0.4640 0.4802 0.2846 0.1774 0.1395 0.2312 0.4779 0.4608 0.2693 0.1707 0.1514
0.1798 0.2750 0.4685 0.4730 0.2189 0.1397 0.1801 0.2907 0.4864 0.4582 0.1907 0.1409 0.1880 0.3080 0.4998 0.4397 0.1706 0.1433 0.1974 0.3288 0.5080 0.4138 0.1566 0.1475 0.2114 0.3598 0.5096 0.3694 0.1460 0.1554 0.2345 0.4080 0.4988 0.2943 0.1400 0.1693 0.2705 0.4689 0.4681 0.1987 0.1410 0.1910 0.3209 0.5075 0.4096 0.1532 0.1502 0.2217 0.3841 0.5053 0.4363 0.5053 0.3841 0.2217 0.1502 0.1532 0.4096 0.5075 0.3209 0.1910 0.1410 0.1987 0.4681 0.4689 0.2705 0.1693 0.1400 0.2943 0.4988 0.4080 0.2345 0.1554 0.1460 0.3694 0.5096 0.3598 0.2114 0.1475 0.1566 0.4138 0.5080 0.3288 0.1974 0.1433 0.1706 0.4397 0.4998 0.3080 0.1880 0.1409 0.1907 0.4582 0.4864 0.2907 0.1801 0.1397 0.2189 0.4730 0.4685 0.2750 0.1798
0.2805 0.4759 0.4677 0.2074 0.1401 0.1829 0.2969 0.4920 0.4520 0.1825 0.1416 0.1910 0.3145 0.5031 0.4326 0.1659 0.1442 0.2003 0.3347 0.5089 0.4077 0.1548 0.1482 0.2132 0.3629 0.5094 0.3674 0.1458 0.1554 0.2341 0.4063 0.4996 0.2989 0.1402 0.1681 0.2672 0.4640 0.4718 0.2065 0.1405 0.1884 0.3150 0.5057 0.4174 0.1557 0.1488 0.2179 0.3780 0.5062 0.3499 0.1672 0.3499 0.5062 0.3780 0.2179 0.1488 0.1557 0.4174 0.5057 0.3150 0.1884 0.1405 0.2065 0.4718 0.4640 0.2672 0.1681 0.1402 0.2989 0.4996 0.4063 0.2341 0.1554 0.1458 0.3674 0.5094 0.3629 0.2132 0.1482 0.1548 0.4077 0.5089 0.3347 0.2003 0.1442 0.1659 0.4326 0.5031 0.3145 0.1910 0.1416 0.1825 0.4520 0.4920 0.2969 0.1829 0.1401 0.2074 0.4677 0.4759 0.2805
0.4760 0.4622 0.1970 0.1405 0.1859 0.3033 0.4968 0.4452 0.1755 0.1424 0.1941 0.3212 0.5057 0.4251 0.1619 0.1453 0.2036 0.3413 0.5097 0.4004 0.1528 0.1492 0.2157 0.3672 0.5090 0.3633 0.1454 0.1557 0.2345 0.4063 0.4998 0.3013 0.1403 0.1673 0.2648 0.4600 0.4747 0.2137 0.1402 0.1862 0.3097 0.5036 0.4244 0.1584 0.1476 0.2143 0.3706 0.5076 0.3453 0.1429 0.1407 0.1429 0.3453 0.5076 0.3706 0.2143 0.1476 0.1584 0.4244 0.5036 0.3097 0.1862 0.1402 0.2137 0.4747 0.4600 0.2648 0.1673 0.1403 0.3013 0.4998 0.4063 0.2345 0.1557 0.1454 0.3633 0.5090 0.3672 0.2157 0.1492 0.1528 0.4004 0.5097 0.3413 0.2036 0.1453 0.1619 0.4251 0.5057 0.3212 0.1941 0.1424 0.1755 0.4452 0.4968 0.3033 0.1859 0.1405 0.1970 0.4622 0.4760
0.4592 0.1878 0.1411 0.1889 0.3099 0.5007 0.4381 0.1697 0.1434 0.1974 0.3281 0.5076 0.4172 0.1584 0.1464 0.2071 0.3484 0.5100 0.3920 0.1508 0.1503 0.2187 0.3728 0.5083 0.3574 0.1448 0.1564 0.2358 0.4080 0.4996 0.3013 0.1404 0.1668 0.2634 0.4572 0.4768 0.2196 0.1399 0.1844 0.3052 0.5012 0.4305 0.1612 0.1466 0.2109 0.3634 0.5087 0.3535 0.1435 0.1552 0.1932 0.1552 0.1435 0.3535 0.5087 0.3634 0.2109 0.1466 0.1612 0.4305 0.5012 0.3052 0.1844 0.1399 0.2196 0.4768 0.4572 0.2634 0.1668 0.1404 0.3013 0.4996 0.4080 0.2358 0.1564 0.1448 0.3574 0.5083 0.3728 0.2187 0.1503 0.1508 0.3920 0.5100 0.3484 0.2071 0.1464 0.1584 0.4172 0.5076 0.3281 0.1974 0.1434 0.1697 0.4381 0.5007 0.3099 0.1889 0.1411 0.1878 0.4592
0.1907 0.1419 0.1920 0.3166 0.5039 0.4306 0.1649 0.1444 0.2009 0.3353 0.5089 0.4088 0.1555 0.1477 0.2108 0.3559 0.5100 0.3828 0.1490 0.1517 0.2222 0.3793 0.5073 0.3498 0.1440 0.1573 0.2379 0.4112 0.4988 0.2989 0.1403 0.1668 0.2629 0.4557 0.4781 0.2238 0.1398 0.1829 0.3016 0.4989 0.4357 0.1641 0.1456 0.2078 0.3568 0.5095 0.3630 0.1445 0.1573 0.2343 0.3271 0.2343 0.1573 0.1445 0.3630 0.5095 0.3568 0.2078 0.1456 0.1641 0.4357 0.4989 0.3016 0.1829 0.1398 0.2238 0.4781 0.4557 0.2629 0.1668 0.1403 0.2989 0.4988 0.4112 0.2379 0.1573 0.1440 0.3498 0.5073 0.3793 0.2222 0.1517 0.1490 0.3828 0.5100 0.3559 0.2108 0.1477 0.1555 0.4088 0.5089 0.3353 0.2009 0.1444 0.1649 0.4306 0.5039 0.3166 0.1920 0.1419 0.1907
0.1533 0.1953 0.3235 0.5063 0.4227 0.1609 0.1456 0.2044 0.3427 0.5097 0.3999 0.1529 0.1490 0.2145 0.3636 0.5095 0.3730 0.1473 0.1531 0.2260 0.3866 0.5060 0.3408 0.1432 0.1586 0.2407 0.4157 0.4975 0.2943 0.1402 0.1673 0.2634 0.4557 0.4785 0.2260 0.1397 0.1820 0.2989 0.4969 0.4397 0.1669 0.1448 0.2052 0.3508 0.5099 0.3718 0.1457 0.1562 0.2374 0.4060 0.5059 0.4060 0.2374 0.1562 0.1457 0.3718 0.5099 0.3508 0.2052 0.1448 0.1669 0.4397 0.4969 0.2989 0.1820 0.1397 0.2260 0.4785 0.4557 0.2634 0.1673 0.1402 0.2943 0.4975 0.4157 0.2407 0.1586 0.1432 0.3408 0.5060 0.3866 0.2260 0.1531 0.1473 0.3730 0.5095 0.3636 0.2145 0.1490 0.1529 0.3999 0.5097 0.3427 0.2044 0.1456 0.1609 0.4227 0.5063 0.3235 0.1953 0.1533
0.2032 0.3306 0.5081 0.4144 0.1575 0.1468 0.2081 0.3503 0.5100 0.3905 0.1506 0.1504 0.2184 0.3714 0.5086 0.3627 0.1458 0.1547 0.2302 0.3945 0.5043 0.3305 0.1423 0.1600 0.2442 0.4214 0.4957 0.2875 0.1400 0.1681 0.2648 0.4572 0.4781 0.2260 0.1397 0.1815 0.2973 0.4954 0.4427 0.1693 0.1442 0.2030 0.3457 0.5100 0.3796 0.1469 0.1549 0.2346 0.4087 0.4995 0.4146 0.4995 0.4087 0.2346 0.1549 0.1469 0.3796 0.5100 0.3457 0.2030 0.1442 0.1693 0.4427 0.4954 0.2973 0.1815 0.1397 0.2260 0.4781 0.4572 0.2648 0.1681 0.1400 0.2875 0.4957 0.4214 0.2442 0.1600 0.1423 0.3305 0.5043 0.3945 0.2302 0.1547 0.1458 0.3627 0.5086 0.3714 0.2184 0.1504 0.1506 0.3905 0.5100 0.3503 0.2081 0.1468 0.1575 0.4144 0.5081 0.3306 0.2032
0.3345 0.5094 0.4057 0.1546 0.1481 0.2119 0.3580 0.5099 0.3806 0.1486 0.1519 0.2225 0.3794 0.5074 0.3520 0.1444 0.1564 0.2346 0.4027 0.5021 0.3193 0.1416 0.1617 0.2482 0.4281 0.4933 0.2789 0.1398 0.1693 0.2672 0.4600 0.4768 0.2238 0.1397 0.1815 0.2968 0.4946 0.4445 0.1711 0.1438 0.2013 0.3416 0.5100 0.3862 0.1481 0.1537 0.2312 0.4035 0.4999 0.3154 0.1544 0.3154 0.4999 0.4035 0.2312 0.1537 0.1481 0.3862 0.5100 0.3416 0.2013 0.1438 0.1711 0.4445 0.4946 0.2968 0.1815 0.1397 0.2238 0.4768 0.4600 0.2672 0.1693 0.1398 0.2789 0.4933 0.4281 0.2482 0.1617 0.1416 0.3193 0.5021 0.4027 0.2346 0.1564 0.1444 0.3520 0.5074 0.3794 0.2225 0.1519 0.1486 0.3806 0.5099 0.3580 0.2119 0.1481 0.1546 0.4057 0.5094 0.3345
0.5081 0.3966 0.1521 0.1494 0.2158 0.3659 0.5093 0.3704 0.1469 0.1535 0.2268 0.3877 0.5059 0.3409 0.1433 0.1582 0.2390 0.4110 0.4997 0.3072 0.1409 0.1636 0.2527 0.4354 0.4904 0.2689 0.1396 0.1708 0.2705 0.4640 0.4747 0.2196 0.1398 0.1820 0.2973 0.4946 0.4452 0.1721 0.1435 0.2001 0.3385 0.5098 0.3915 0.1492 0.1526 0.2281 0.3974 0.5016 0.3087 0.1400 0.1438 0.1400 0.3087 0.5016 0.3974 0.2281 0.1526 0.1492 0.3915 0.5098 0.3385 0.2001 0.1435 0.1721 0.4452 0.4946 0.2973 0.1820 0.1398 0.2196 0.4747 0.4640 0.2705 0.1708 0.1396 0.2689 0.4904 0.4354 0.2527 0.1636 0.1409 0.3072 0.4997 0.4110 0.2390 0.1582 0.1433 0.3409 0.5059 0.3877 0.2268 0.1535 0.1469 0.3704 0.5093 0.3659 0.2158 0.1494 0.1521 0.3966 0.5081
0.3918 0.1499 0.1509 0.2198 0.3740 0.5083 0.3596 0.1454 0.1551 0.2312 0.3961 0.5039 0.3292 0.1423 0.1600 0.2437 0.4194 0.4969 0.2948 0.1403 0.1657 0.2576 0.4432 0.4870 0.2577 0.1395 0.1726 0.2744 0.4689 0.4718 0.2137 0.1399 0.1829 0.2989 0.4954 0.4445 0.1721 0.1434 0.1995 0.3367 0.5096 0.3953 0.1502 0.1518 0.2255 0.3919 0.5032 0.3153 0.1407 0.1610 0.2040 0.1610 0.1407 0.3153 0.5032 0.3919 0.2255 0.1518 0.1502 0.3953 0.5096 0.3367 0.1995 0.1434 0.1721 0.4445 0.4954 0.2989 0.1829 0.1399 0.2137 0.4718 0.4689 0.2744 0.1726 0.1395 0.2577 0.4870 0.4432 0.2576 0.1657 0.1403 0.2948 0.4969 0.4194 0.2437 0.1600 0.1423 0.3292 0.5039 0.3961 0.2312 0.1551 0.1454 0.3596 0.5083 0.3740 0.2198 0.1509 0.1499 0.3918
0.1598 0.1524 0.2240 0.3823 0.5069 0.3485 0.1441 0.1569 0.2357 0.4047 0.5016 0.3170 0.1415 0.1619 0.2484 0.4278 0.4938 0.2822 0.1399 0.1679 0.2627 0.4512 0.4832 0.2457 0.1394 0.1748 0.2791 0.4744 0.4681 0.2065 0.1402 0.1844 0.3016 0.4969 0.4427 0.1711 0.1435 0.1995 0.3361 0.5095 0.3977 0.1509 0.1512 0.2235 0.3874 0.5045 0.3228 0.1412 0.1637 0.2499 0.3512 0.2499 0.1637 0.1412 0.3228 0.5045 0.3874 0.2235 0.1512 0.1509 0.3977 0.5095 0.3361 0.1995 0.1435 0.1711 0.4427 0.4969 0.3016 0.1844 0.1402 0.2065 0.4681 0.4744 0.2791 0.1748 0.1394 0.2457 0.4832 0.4512 0.2627 0.1679 0.1399 0.2822 0.4938 0.4278 0.2484 0.1619 0.1415 0.3170 0.5016 0.4047 0.2357 0.1569 0.1441 0.3485 0.5069 0.3823 0.2240 0.1524 0.1598
0.1626 0.2283 0.3907 0.5052 0.3369 0.1429 0.1587 0.2404 0.4133 0.4990 0.3045 0.1408 0.1640 0.2534 0.4361 0.4903 0.2695 0.1396 0.1701 0.2680 0.4590 0.4788 0.2334 0.1395 0.1771 0.2842 0.4801 0.4637 0.1987 0.1405 0.1862 0.3052 0.4989 0.4397 0.1693 0.1438 0.2001 0.3367 0.5095 0.3985 0.1513 0.1508 0.2221 0.3840 0.5054 0.3292 0.1416 0.1630 0.2539 0.4342 0.5074 0.4342 0.2539 0.1630 0.1416 0.3292 0.5054 0.3840 0.2221 0.1508 0.1513 0.3985 0.5095 0.3367 0.2001 0.1438 0.1693 0.4397 0.4989 0.3052 0.1862 0.1405 0.1987 0.4637 0.4801 0.2842 0.1771 0.1395 0.2334 0.4788 0.4590 0.2680 0.1701 0.1396 0.2695 0.4903 0.4361 0.2534 0.1640 0.1408 0.3045 0.4990 0.4133 0.2404 0.1587 0.1429 0.3369 0.5052 0.3907 0.2283 0.1626
0.2352 0.3992 0.5031 0.3250 0.1420 0.1606 0.2451 0.4219 0.4960 0.2917 0.1402 0.1661 0.2586 0.4445 0.4866 0.2567 0.1395 0.1725 0.2735 0.4666 0.4742 0.2214 0.1397 0.1797 0.2898 0.4858 0.4586 0.1907 0.1410 0.1884 0.3097 0.5012 0.4357 0.1669 0.1442 0.2013 0.3385 0.5096 0.3977 0.1513 0.1507 0.2214 0.3819 0.5060 0.3339 0.1420 0.1620 0.2521 0.4389 0.4890 0.3845 0.4890 0.4389 0.2521 0.1620 0.1420 0.3339 0.5060 0.3819 0.2214 0.1507 0.1513 0.3977 0.5096 0.3385 0.2013 0.1442 0.1669 0.4357 0.5012 0.3097 0.1884 0.1410 0.1907 0.4586 0.4858 0.2898 0.1797 0.1397 0.2214 0.4742 0.4666 0.2735 0.1725 0.1395 0.2567 0.4866 0.4445 0.2586 0.1661 0.1402 0.2917 0.4960 0.4219 0.2451 0.1606 0.1420 0.3250 0.5031 0.3992 0.2352
0.4014 0.5009 0.3126 0.1412 0.1626 0.2501 0.4305 0.4927 0.2786 0.1398 0.1684 0.2639 0.4528 0.4824 0.2439 0.1394 0.1749 0.2790 0.4738 0.4691 0.2101 0.1400 0.1824 0.2958 0.4912 0.4528 0.1832 0.1416 0.1910 0.3150 0.5036 0.4305 0.1641 0.1448 0.2030 0.3416 0.5098 0.3953 0.1509 0.1508 0.2214 0.3812 0.5063 0.3368 0.1423 0.1612 0.2500 0.4362 0.4880 0.2693 0.1452 0.2693 0.4880 0.4362 0.2500 0.1612 0.1423 0.3368 0.5063 0.3812 0.2214 0.1508 0.1509 0.3953 0.5098 0.3416 0.2030 0.1448 0.1641 0.4305 0.5036 0.3150 0.1910 0.1416 0.1832 0.4528 0.4912 0.2958 0.1824 0.1400 0.2101 0.4691 0.4738 0.2790 0.1749 0.1394 0.2439 0.4824 0.4528 0.2639 0.1684 0.1398 0.2786 0.4927 0.4305 0.2501 0.1626 0.1412 0.3126 0.5009 0.4014
0.4990 0.3000 0.1406 0.1647 0.2552 0.4390 0.4891 0.2655 0.1396 0.1707 0.2694 0.4608 0.4779 0.2312 0.1395 0.1775 0.2848 0.4804 0.4638 0.1996 0.1404 0.1852 0.3020 0.4959 0.4464 0.1764 0.1423 0.1939 0.3209 0.5057 0.4244 0.1612 0.1456 0.2052 0.3457 0.5100 0.3915 0.1502 0.1512 0.2221 0.3819 0.5063 0.3378 0.1425 0.1607 0.2484 0.4332 0.4892 0.2588 0.1383 0.1486 0.1383 0.2588 0.4892 0.4332 0.2484 0.1607 0.1425 0.3378 0.5063 0.3819 0.2221 0.1512 0.1502 0.3915 0.5100 0.3457 0.2052 0.1456 0.1612 0.4244 0.5057 0.3209 0.1939 0.1423 0.1764 0.4464 0.4959 0.3020 0.1852 0.1404 0.1996 0.4638 0.4804 0.2848 0.1775 0.1395 0.2312 0.4779 0.4608 0.2694 0.1707 0.1396 0.2655 0.4891 0.4390 0.2552 0.1647 0.1406 0.3000 0.4990
0.2944 0.1401 0.1669 0.2604 0.4474 0.4852 0.2523 0.1394 0.1732 0.2750 0.4685 0.4730 0.2189 0.1397 0.1801 0.2907 0.4865 0.4580 0.1903 0.1409 0.1881 0.3083 0.4999 0.4395 0.1706 0.1432 0.1970 0.3273 0.5075 0.4174 0.1584 0.1466 0.2078 0.3508 0.5100 0.3862 0.1492 0.1518 0.2235 0.3840 0.5060 0.3368 0.1425 0.1606 0.2476 0.4312 0.4903 0.2612 0.1393 0.1697 0.2192 0.1697 0.1393 0.2612 0.4903 0.4312 0.2476 0.1606 0.1425 0.3368 0.5060 0.3840 0.2235 0.1518 0.1492 0.3862 0.5100 0.3508 0.2078 0.1466 0.1584 0.4174 0.5075 0.3273 0.1970 0.1432 0.1706 0.4395 0.4999 0.3083 0.1881 0.1409 0.1903 0.4580 0.4865 0.2907 0.1801 0.1397 0.2189 0.4730 0.4685 0.2750 0.1732 0.1394 0.2523 0.4852 0.4474 0.2604 0.1669 0.1401 0.2944
0.1516 0.1692 0.2658 0.4557 0.4808 0.2393 0.1394 0.1757 0.2808 0.4758 0.4677 0.2074 0.1401 0.1830 0.2970 0.4920 0.4519 0.1823 0.1416 0.1911 0.3148 0.5032 0.4323 0.1658 0.1442 0.2003 0.3342 0.5088 0.4096 0.1557 0.1476 0.2109 0.3568 0.5099 0.3796 0.1481 0.1526 0.2255 0.3874 0.5054 0.3339 0.1423 0.1607 0.2476 0.4305 0.4908 0.2639 0.1394 0.1734 0.2719 0.3842 0.2719 0.1734 0.1394 0.2639 0.4908 0.4305 0.2476 0.1607 0.1423 0.3339 0.5054 0.3874 0.2255 0.1526 0.1481 0.3796 0.5099 0.3568 0.2109 0.1476 0.1557 0.4096 0.5088 0.3342 0.2003 0.1442 0.1658 0.4323 0.5032 0.3148 0.1911 0.1416 0.1823 0.4519 0.4920 0.2970 0.1830 0.1401 0.2074 0.4677 0.4758 0.2808 0.1757 0.1394 0.2393 0.4808 0.4557 0.2658 0.1692 0.1516
0.1783 0.2714 0.4636 0.4762 0.2267 0.1396 0.1784 0.2868 0.4825 0.4621 0.1969 0.1405 0.1859 0.3033 0.4968 0.4452 0.1754 0.1424 0.1942 0.3214 0.5057 0.4248 0.1618 0.1453 0.2037 0.3413 0.5096 0.4011 0.1532 0.1488 0.2143 0.3634 0.5095 0.3718 0.1469 0.1537 0.2281 0.3919 0.5045 0.3292 0.1420 0.1612 0.2484 0.4312 0.4908 0.2650 0.1395 0.1735 0.2780 0.4684 0.5030 0.4684 0.2780 0.1735 0.1395 0.2650 0.4908 0.4312 0.2484 0.1612 0.1420 0.3292 0.5045 0.3919 0.2281 0.1537 0.1469 0.3718 0.5095 0.3634 0.2143 0.1488 0.1532 0.4011 0.5096 0.3413 0.2037 0.1453 0.1618 0.4248 0.5057 0.3214 0.1942 0.1424 0.1754 0.4452 0.4968 0.3033 0.1859 0.1405 0.1969 0.4621 0.4825 0.2868 0.1784 0.1396 0.2267 0.4762 0.4636 0.2714 0.1783
0.2769 0.4712 0.4712 0.2148 0.1398 0.1811 0.2928 0.4884 0.4561 0.1877 0.1411 0.1889 0.3098 0.5007 0.4382 0.1697 0.1434 0.1974 0.3282 0.5076 0.4170 0.1584 0.1464 0.2072 0.3486 0.5100 0.3922 0.1509 0.1502 0.2179 0.3706 0.5087 0.3630 0.1457 0.1549 0.2312 0.3974 0.5032 0.3228 0.1416 0.1620 0.2500 0.4332 0.4903 0.2639 0.1395 0.1734 0.2783 0.4753 0.4697 0.3383 0.4697 0.4753 0.2783 0.1734 0.1395 0.2639 0.4903 0.4332 0.2500 0.1620 0.1416 0.3228 0.5032 0.3974 0.2312 0.1549 0.1457 0.3630 0.5087 0.3706 0.2179 0.1502 0.1509 0.3922 0.5100 0.3486 0.2072 0.1464 0.1584 0.4170 0.5076 0.3282 0.1974 0.1434 0.1697 0.4382 0.5007 0.3098 0.1889 0.1411 0.1877 0.4561 0.4884 0.2928 0.1811 0.1398 0.2148 0.4712 0.4712 0.2769
0.4711 0.4661 0.2041 0.1401 0.1838 0.2988 0.4935 0.4500 0.1802 0.1418 0.1918 0.3162 0.5037 0.4310 0.1651 0.1443 0.2006 0.3349 0.5088 0.4090 0.1555 0.1476 0.2106 0.3557 0.5099 0.3832 0.1490 0.1515 0.2217 0.3780 0.5076 0.3535 0.1445 0.1562 0.2346 0.4035 0.5016 0.3153 0.1412 0.1630 0.2521 0.4362 0.4892 0.2612 0.1394 0.1735 0.2783 0.4760 0.4654 0.2107 0.1389 0.2107 0.4654 0.4760 0.2783 0.1735 0.1394 0.2612 0.4892 0.4362 0.2521 0.1630 0.1412 0.3153 0.5016 0.4035 0.2346 0.1562 0.1445 0.3535 0.5076 0.3780 0.2217 0.1515 0.1490 0.3832 0.5099 0.3557 0.2106 0.1476 0.1555 0.4090 0.5088 0.3349 0.2006 0.1443 0.1651 0.4310 0.5037 0.3162 0.1918 0.1418 0.1802 0.4500 0.4935 0.2988 0.1838 0.1401 0.2041 0.4661 0.4711
0.4645 0.1962 0.1404 0.1858 0.3038 0.4969 0.4447 0.1748 0.1423 0.1941 0.3215 0.5055 0.4249 0.1617 0.1450 0.2032 0.3406 0.5093 0.4022 0.1533 0.1484 0.2133 0.3616 0.5093 0.3756 0.1475 0.1525 0.2247 0.3841 0.5062 0.3453 0.1435 0.1573 0.2374 0.4087 0.4999 0.3087 0.1407 0.1637 0.2539 0.4389 0.4880 0.2588 0.1393 0.1734 0.2780 0.4753 0.4654 0.1999 0.1386 0.1560 0.1386 0.1999 0.4654 0.4753 0.2780 0.1734 0.1393 0.2588 0.4880 0.4389 0.2539 0.1637 0.1407 0.3087 0.4999 0.4087 0.2374 0.1573 0.1435 0.3453 0.5062 0.3841 0.2247 0.1525 0.1475 0.3756 0.5093 0.3616 0.2133 0.1484 0.1533 0.4022 0.5093 0.3406 0.2032 0.1450 0.1617 0.4249 0.5055 0.3215 0.1941 0.1423 0.1748 0.4447 0.4969 0.3038 0.1858 0.1404 0.1962 0.4645
0.2101 0.1390 0.1833 0.3016 0.4952 0.4458 0.1766 0.1408 0.1915 0.3196 0.5040 0.4269 0.1624 0.1435 0.2005 0.3388 0.5080 0.4052 0.1534 0.1467 0.2106 0.3597 0.5082 0.3795 0.1472 0.1506 0.2218 0.3822 0.5053 0.3499 0.1429 0.1552 0.2343 0.4060 0.4995 0.3154 0.1400 0.1610 0.2499 0.4342 0.4890 0.2693 0.1383 0.1697 0.2719 0.4684 0.4697 0.2107 0.1386 0.1774 0.2338 0.1774 0.1386 0.2107 0.4697 0.4684 0.2719 0.1697 0.1383 0.2693 0.4890 0.4342 0.2499 0.1610 0.1400 0.3154 0.4995 0.4060 0.2343 0.1552 0.1429 0.3499 0.5053 0.3822 0.2218 0.1506 0.1472 0.3795 0.5082 0.3597 0.2106 0.1467 0.1534 0.4052 0.5080 0.3388 0.2005 0.1435 0.1624 0.4269 0.5040 0.3196 0.1915 0.1408 0.1766 0.4458 0.4952 0.3016 0.1833 0.1390 0.2101
0.1498 0.1580 0.2435 0.4271 0.4912 0.2865 0.1366 0.1633 0.2573 0.4496 0.4814 0.2519 0.1365 0.1695 0.2723 0.4703 0.4694 0.2179 0.1371 0.1764 0.2889 0.4877 0.4544 0.1879 0.1385 0.1843 0.3072 0.4997 0.4363 0.1672 0.1407 0.1932 0.3271 0.5059 0.4146 0.1544 0.1438 0.2040 0.3512 0.5074 0.3845 0.1452 0.1486 0.2192 0.3842 0.5030 0.3383 0.1389 0.1560 0.2338 0.3269 0.2338 0.1560 0.1389 0.3383 0.5030 0.3842 0.2192 0.1486 0.1452 0.3845 0.5074 0.3512 0.2040 0.1438 0.1544 0.4146 0.5059 0.3271 0.1932 0.1407 0.1672 0.4363 0.4997 0.3072 0.1843 0.1385 0.1879 0.4544 0.4877 0.2889 0.1764 0.1371 0.2179 0.4694 0.4703 0.2723 0.1695 0.1365 0.2519 0.4814 0.4496 0.2573 0.1633 0.1366 0.2865 0.4912 0.4271 0.2435 0.1580 0.1498
0.2101 0.1390 0.1833 0.3016 0.4952 0.4458 0.1766 0.1408 0.1915 0.3196 0.5040 0.4269 0.1624 0.1435 0.2005 0.3388 0.5080 0.4052 0.1534 0.1467 0.2106 0.3597 0.5082 0.3795 0.1472 0.1506 0.2218 0.3822 0.5053 0.3499 0.1429 0.1552 0.2343 0.4060 0.4995 0.3154 0.1400 0.1610 0.2499 0.4342 0.4890 0.2693 0.1383 0.1697 0.2719 0.4684 0.4697 0.2107 0.1386 0.1774 0.2338 0.1774 0.1386 0.2107 0.4697 0.4684 0.2719 0.1697 0.1383 0.2693 0.4890 0.4342 0.2499 0.1610 0.1400 0.3154 0.4995 0.4060 0.2343 0.1552 0.1429 0.3499 0.5053 0.3822 0.2218 0.1506 0.1472 0.3795 0.5082 0.3597 0.2106 0.1467 0.1534 0.4052 0.5080 0.3388 0.2005 0.1435 0.1624 0.4269 0.5040 0.3196 0.1915 0.1408 0.1766 0.4458 0.4952 0.3016 0.1833 0.1390 0.2101
0.4645 0.1962 0.1404 0.1858 0.3038 0.4969 0.4447 0.1748 0.1423 0.1941 0.3215 0.5055 0.4249 0.1617 0.1450 0.2032 0.3406 0.5093 0.4022 0.1533 0.1484 0.2133 0.3616 0.5093 0.3756 0.1475 0.1525 0.2247 0.3841 0.5062 0.3453 0.1435 0.1573 0.2374 0.4087 0.4999 0.3087 0.1407 0.1637 0.2539 0.4389 0.4880 0.2588 0.1393 0.1734 0.2780 0.4753 0.4654 0.1999 0.1386 0.1560 0.1386 0.1999 0.4654 0.4753 0.2780 0.1734 0.1393 0.2588 0.4880 0.4389 0.2539 0.1637 0.1407 0.3087 0.4999 0.4087 0.2374 0.1573 0.1435 0.3453 0.5062 0.3841 0.2247 0.1525 0.1475 0.3756 0.5093 0.3616 0.2133 0.1484 0.1533 0.4022 0.5093 0.3406 0.2032 0.1450 0.1617 0.4249 0.5055 0.3215 0.1941 0.1423 0.1748 0.4447 0.4969 0.3038 0.1858 0.1404 0.1962 0.4645
0.4711 0.4661 0.2041 0.1401 0.1838 0.2988 0.4935 0.4500 0.1802 0.1418 0.1918 0.3162 0.5037 0.4310 0.1651 0.1443 0.2006 0.3349 0.5088 0.4090 0.1555 0.1476 0.2106 0.3557 0.5099 0.3832 0.1490 0.1515 0.2217 0.3780 0.5076 0.3535 0.1445 0.1562 0.2346 0.4035 0.5016 0.3153 0.1412 0.1630 0.2521 0.4362 0.4892 0.2612 0.1394 0.1735 0.2783 0.4760 0.4654 0.2107 0.1389 0.2107 0.4654 0.4760 0.2783 0.1735 0.1394 0.2612 0.4892 0.4362 0.2521 0.1630 0.1412 0.3153 0.5016 0.4035 0.2346 0.1562 0.1445 0.3535 0.5076 0.3780 0.2217 0.1515 0.1490 0.3832 0.5099 0.3557 0.2106 0.1476 0.1555 0.4090 0.5088 0.3349 0.2006 0.1443 0.1651 0.4310 0.5037 0.3162 0.1918 0.1418 0.1802 0.4500 0.4935 0.2988 0.1838 0.1401 0.2041 0.4661 0.4711
0.2769 0.4712 0.4712 0.2148 0.1398 0.1811 0.2928 0.4884 0.4561 0.1877 0.1411 0.1889 0.3098 0.5007 0.4382 0.1697 0.1434 0.1974 0.3282 0.5076 0.4170 0.1584 0.1464 0.2072 0.3486 0.5100 0.3922 0.1509 0.1502 0.2179 0.3706 0.5087 0.3630 0.1457 0.1549 0.2312 0.3974 0.5032 0.3228 0.1416 0.1620 0.2500 0.4332 0.4903 0.2639 0.1395 0.1734 0.2783 0.4753 0.4697 0.3383 0.4697 0.4753 0.2783 0.1734 0.1395 0.2639 0.4903 0.4332 0.2500 0.1620 0.1416 0.3228 0.5032 0.3974 0.2312 0.1549 0.1457 0.3630 0.5087 0.3706 0.2179 0.1502 0.1509 0.3922 0.5100 0.3486 0.2072 0.1464 0.1584 0.4170 0.5076 0.3282 0.1974 0.1434 0.1697 0.4382 0.5007 0.3098 0.1889 0.1411 0.1877 0.4561 0.4884 0.2928 0.1811 0.1398 0.2148 0.4712 0.4712 0.2769
0.1783 0.2714 0.4636 0.4762 0.2267 0.1396 0.1784 0.2868 0.4825 0.4621 0.1969 0.1405 0.1859 0.3033 0.4968 0.4452 0.1754 0.1424 0.1942 0.3214 0.5057 0.4248 0.1618 0.1453 0.2037 0.3413 0.5096 0.4011 0.1532 0.1488 0.2143 0.3634 0.5095 0.3718 0.1469 0.1537 0.2281 0.3919 0.5045 0.3292 0.1420 0.1612 0.2484 0.4312 0.4908 0.2650 0.1395 0.1735 0.2780 0.4684 0.5030 0.4684 0.2780 0.1735 0.1395 0.2650 0.4908 0.4312 0.2484 0.1612 0.1420 0.3292 0.5045 0.3919 0.2281 0.1537 0.1469 0.3718 0.5095 0.3634 0.2143 0.1488 0.1532 0.4011 0.5096 0.3413 0.2037 0.1453 0.1618 0.4248 0.5057 0.3214 0.1942 0.1424 0.1754 0.4452 0.4968 0.3033 0.1859 0.1405 0.1969 0.4621 0.4825 0.2868 0.1784 0.1396 0.2267 0.4762 0.4636 0.2714 0.1783
