0.0075 0.0959 1.0000 1.0000 0.0001 0.0016 0.0186 0.2155 1.0000 1.0000 0.0003 0.0036 0.0414 0.4781 1.0000 1.0000 0.0007 0.0079 0.0918 1.0000 1.0000 0.0001 0.0015 0.0176 0.2032 1.0000 1.0000 0.0003 0.0034 0.0390 0.4507 1.0000 1.0000 0.0006 0.0075 0.0865 1.0000 1.0000 0.0001 0.0014 0.0166 0.1915 1.0000 1.0000 0.0003 0.0032 0.0367 0.4225 1.0000 1.0000 0.0002 1.0000 1.0000 0.4225 0.0367 0.0032 0.0003 1.0000 1.0000 0.1915 0.0166 0.0014 0.0001 1.0000 1.0000 0.0865 0.0075 0.0006 1.0000 1.0000 0.4507 0.0390 0.0034 0.0003 1.0000 1.0000 0.2032 0.0176 0.0015 0.0001 1.0000 1.0000 0.0918 0.0079 0.0007 1.0000 1.0000 0.4781 0.0414 0.0036 0.0003 1.0000 1.0000 0.2155 0.0186 0.0016 0.0001 1.0000 1.0000 0.0959 0.0075
0.0959 1.0000 1.0000 0.0001 0.0016 0.0185 0.2139 1.0000 1.0000 0.0003 0.0035 0.0410 0.4745 1.0000 1.0000 0.0007 0.0079 0.0909 1.0000 1.0000 0.0001 0.0015 0.0174 0.2016 1.0000 1.0000 0.0003 0.0033 0.0386 0.4473 1.0000 1.0000 0.0006 0.0074 0.0857 0.9905 1.0000 0.0001 0.0014 0.0164 0.1901 1.0000 1.0000 0.0003 0.0031 0.0364 0.4209 1.0000 1.0000 0.0005 0.0024 0.0005 1.0000 1.0000 0.4209 0.0364 0.0031 0.0003 1.0000 1.0000 0.1901 0.0164 0.0014 0.0001 1.0000 0.9905 0.0857 0.0074 0.0006 1.0000 1.0000 0.4473 0.0386 0.0033 0.0003 1.0000 1.0000 0.2016 0.0174 0.0015 0.0001 1.0000 1.0000 0.0909 0.0079 0.0007 1.0000 1.0000 0.4745 0.0410 0.0035 0.0003 1.0000 1.0000 0.2139 0.0185 0.0016 0.0001 1.0000 1.0000 0.0959
1.0000 1.0000 0.0001 0.0015 0.0172 0.1978 1.0000 1.0000 0.0003 0.0032 0.0374 0.4331 1.0000 1.0000 0.0006 0.0072 0.0828 0.9590 1.0000 0.0001 0.0014 0.0159 0.1837 1.0000 1.0000 0.0003 0.0030 0.0353 0.4075 1.0000 1.0000 0.0006 0.0068 0.0781 0.9041 1.0000 0.0001 0.0013 0.0150 0.1732 1.0000 1.0000 0.0002 0.0029 0.0332 0.3842 1.0000 1.0000 0.0005 0.0056 0.0249 0.0056 0.0005 1.0000 1.0000 0.3842 0.0332 0.0029 0.0002 1.0000 1.0000 0.1732 0.0150 0.0013 0.0001 1.0000 0.9041 0.0781 0.0068 0.0006 1.0000 1.0000 0.4075 0.0353 0.0030 0.0003 1.0000 1.0000 0.1837 0.0159 0.0014 0.0001 1.0000 0.9590 0.0828 0.0072 0.0006 1.0000 1.0000 0.4331 0.0374 0.0032 0.0003 1.0000 1.0000 0.1978 0.0172 0.0015 0.0001 1.0000 1.0000
1.0000 0.0001 0.0015 0.0168 0.1883 1.0000 1.0000 0.0003 0.0030 0.0343 0.3961 1.0000 1.0000 0.0006 0.0065 0.0756 0.8737 1.0000 0.0001 0.0013 0.0145 0.1677 1.0000 1.0000 0.0002 0.0028 0.0321 0.3720 1.0000 1.0000 0.0005 0.0062 0.0712 0.8237 1.0000 0.0001 0.0012 0.0136 0.1581 1.0000 1.0000 0.0002 0.0026 0.0303 0.3507 1.0000 1.0000 0.0005 0.0057 0.0588 0.2626 0.0588 0.0057 0.0005 1.0000 1.0000 0.3507 0.0303 0.0026 0.0002 1.0000 1.0000 0.1581 0.0136 0.0012 0.0001 1.0000 0.8237 0.0712 0.0062 0.0005 1.0000 1.0000 0.3720 0.0321 0.0028 0.0002 1.0000 1.0000 0.1677 0.0145 0.0013 0.0001 1.0000 0.8737 0.0756 0.0065 0.0006 1.0000 1.0000 0.3961 0.0343 0.0030 0.0003 1.0000 1.0000 0.1883 0.0168 0.0015 0.0001 1.0000
0.0001 0.0016 0.0172 0.1883 1.0000 1.0000 0.0002 0.0028 0.0318 0.3650 1.0000 1.0000 0.0005 0.0060 0.0690 0.7990 1.0000 0.0001 0.0011 0.0132 0.1527 1.0000 1.0000 0.0002 0.0025 0.0293 0.3389 1.0000 1.0000 0.0005 0.0056 0.0650 0.7518 1.0000 0.0001 0.0011 0.0125 0.1440 1.0000 1.0000 0.0002 0.0024 0.0276 0.3195 1.0000 1.0000 0.0005 0.0053 0.0597 0.6204 1.0000 0.6204 0.0597 0.0053 0.0005 1.0000 1.0000 0.3195 0.0276 0.0024 0.0002 1.0000 1.0000 0.1440 0.0125 0.0011 0.0001 1.0000 0.7518 0.0650 0.0056 0.0005 1.0000 1.0000 0.3389 0.0293 0.0025 0.0002 1.0000 1.0000 0.1527 0.0132 0.0011 0.0001 1.0000 0.7990 0.0690 0.0060 0.0005 1.0000 1.0000 0.3650 0.0318 0.0028 0.0002 1.0000 1.0000 0.1883 0.0172 0.0016 0.0001
0.0016 0.0185 0.1978 1.0000 1.0000 0.0002 0.0027 0.0302 0.3428 1.0000 1.0000 0.0005 0.0055 0.0633 0.7307 1.0000 0.0001 0.0010 0.0121 0.1394 1.0000 1.0000 0.0002 0.0023 0.0267 0.3093 1.0000 1.0000 0.0004 0.0051 0.0592 0.6862 1.0000 0.0001 0.0010 0.0113 0.1314 1.0000 1.0000 0.0002 0.0022 0.0252 0.2916 1.0000 1.0000 0.0004 0.0048 0.0555 0.6299 1.0000 1.0000 1.0000 0.6299 0.0555 0.0048 0.0004 1.0000 1.0000 0.2916 0.0252 0.0022 0.0002 1.0000 1.0000 0.1314 0.0113 0.0010 0.0001 1.0000 0.6862 0.0592 0.0051 0.0004 1.0000 1.0000 0.3093 0.0267 0.0023 0.0002 1.0000 1.0000 0.1394 0.0121 0.0010 0.0001 1.0000 0.7307 0.0633 0.0055 0.0005 1.0000 1.0000 0.3428 0.0302 0.0027 0.0002 1.0000 1.0000 0.1978 0.0185 0.0016
0.0186 0.2139 1.0000 1.0000 0.0002 0.0027 0.0296 0.3306 1.0000 1.0000 0.0004 0.0051 0.0585 0.6720 1.0000 0.0001 0.0010 0.0110 0.1273 1.0000 1.0000 0.0002 0.0021 0.0244 0.2818 1.0000 1.0000 0.0004 0.0047 0.0541 0.6252 1.0000 0.0001 0.0009 0.0104 0.1197 1.0000 1.0000 0.0002 0.0020 0.0230 0.2657 1.0000 1.0000 0.0004 0.0044 0.0509 0.5860 1.0000 1.0000 0.0003 1.0000 1.0000 0.5860 0.0509 0.0044 0.0004 1.0000 1.0000 0.2657 0.0230 0.0020 0.0002 1.0000 1.0000 0.1197 0.0104 0.0009 0.0001 1.0000 0.6252 0.0541 0.0047 0.0004 1.0000 1.0000 0.2818 0.0244 0.0021 0.0002 1.0000 1.0000 0.1273 0.0110 0.0010 0.0001 1.0000 0.6720 0.0585 0.0051 0.0004 1.0000 1.0000 0.3306 0.0296 0.0027 0.0002 1.0000 1.0000 0.2139 0.0186
0.2155 1.0000 1.0000 0.0003 0.0028 0.0302 0.3306 1.0000 1.0000 0.0004 0.0048 0.0547 0.6252 1.0000 0.0001 0.0009 0.0101 0.1166 1.0000 1.0000 0.0002 0.0019 0.0222 0.2572 1.0000 1.0000 0.0004 0.0043 0.0493 0.5706 1.0000 0.0001 0.0008 0.0095 0.1093 1.0000 1.0000 0.0002 0.0018 0.0209 0.2425 1.0000 1.0000 0.0003 0.0040 0.0464 0.5369 1.0000 1.0000 0.0007 0.0030 0.0007 1.0000 1.0000 0.5369 0.0464 0.0040 0.0003 1.0000 1.0000 0.2425 0.0209 0.0018 0.0002 1.0000 1.0000 0.1093 0.0095 0.0008 0.0001 1.0000 0.5706 0.0493 0.0043 0.0004 1.0000 1.0000 0.2572 0.0222 0.0019 0.0002 1.0000 1.0000 0.1166 0.0101 0.0009 0.0001 1.0000 0.6252 0.0547 0.0048 0.0004 1.0000 1.0000 0.3306 0.0302 0.0028 0.0003 1.0000 1.0000 0.2155
1.0000 1.0000 0.0003 0.0030 0.0318 0.3428 1.0000 1.0000 0.0004 0.0047 0.0524 0.5916 1.0000 0.0001 0.0008 0.0093 0.1074 1.0000 1.0000 0.0002 0.0018 0.0203 0.2352 1.0000 1.0000 0.0003 0.0039 0.0450 0.5198 1.0000 1.0000 0.0007 0.0086 0.0998 1.0000 1.0000 0.0001 0.0017 0.0191 0.2209 1.0000 1.0000 0.0003 0.0037 0.0424 0.4901 1.0000 1.0000 0.0007 0.0071 0.0317 0.0071 0.0007 1.0000 1.0000 0.4901 0.0424 0.0037 0.0003 1.0000 1.0000 0.2209 0.0191 0.0017 0.0001 1.0000 1.0000 0.0998 0.0086 0.0007 1.0000 1.0000 0.5198 0.0450 0.0039 0.0003 1.0000 1.0000 0.2352 0.0203 0.0018 0.0002 1.0000 1.0000 0.1074 0.0093 0.0008 0.0001 1.0000 0.5916 0.0524 0.0047 0.0004 1.0000 1.0000 0.3428 0.0318 0.0030 0.0003 1.0000 1.0000
1.0000 0.0003 0.0032 0.0343 0.3650 1.0000 1.0000 0.0004 0.0047 0.0516 0.5750 1.0000 1.0000 0.0008 0.0087 0.0998 1.0000 1.0000 0.0001 0.0016 0.0186 0.2151 1.0000 1.0000 0.0003 0.0036 0.0410 0.4745 1.0000 1.0000 0.0007 0.0079 0.0909 1.0000 1.0000 0.0001 0.0015 0.0174 0.2016 1.0000 1.0000 0.0003 0.0033 0.0386 0.4473 1.0000 1.0000 0.0006 0.0072 0.0750 0.3350 0.0750 0.0072 0.0006 1.0000 1.0000 0.4473 0.0386 0.0033 0.0003 1.0000 1.0000 0.2016 0.0174 0.0015 0.0001 1.0000 1.0000 0.0909 0.0079 0.0007 1.0000 1.0000 0.4745 0.0410 0.0036 0.0003 1.0000 1.0000 0.2151 0.0186 0.0016 0.0001 1.0000 1.0000 0.0998 0.0087 0.0008 1.0000 1.0000 0.5750 0.0516 0.0047 0.0004 1.0000 1.0000 0.3650 0.0343 0.0032 0.0003 1.0000
0.0003 0.0035 0.0374 0.3961 1.0000 1.0000 0.0004 0.0048 0.0524 0.5750 1.0000 1.0000 0.0007 0.0083 0.0940 1.0000 1.0000 0.0001 0.0015 0.0171 0.1975 1.0000 1.0000 0.0003 0.0032 0.0375 0.4339 1.0000 1.0000 0.0006 0.0072 0.0830 0.9590 1.0000 0.0001 0.0014 0.0159 0.1840 1.0000 1.0000 0.0003 0.0030 0.0353 0.4075 1.0000 1.0000 0.0006 0.0067 0.0762 0.7914 1.0000 0.7914 0.0762 0.0067 0.0006 1.0000 1.0000 0.4075 0.0353 0.0030 0.0003 1.0000 1.0000 0.1840 0.0159 0.0014 0.0001 1.0000 0.9590 0.0830 0.0072 0.0006 1.0000 1.0000 0.4339 0.0375 0.0032 0.0003 1.0000 1.0000 0.1975 0.0171 0.0015 0.0001 1.0000 1.0000 0.0940 0.0083 0.0007 1.0000 1.0000 0.5750 0.0524 0.0048 0.0004 1.0000 1.0000 0.3961 0.0374 0.0035 0.0003
0.0036 0.0410 0.4331 1.0000 1.0000 0.0005 0.0051 0.0547 0.5916 1.0000 1.0000 0.0007 0.0081 0.0905 1.0000 1.0000 0.0001 0.0014 0.0159 0.1823 1.0000 1.0000 0.0003 0.0030 0.0343 0.3968 1.0000 1.0000 0.0006 0.0065 0.0757 0.8754 1.0000 0.0001 0.0013 0.0145 0.1677 1.0000 1.0000 0.0002 0.0028 0.0321 0.3720 1.0000 1.0000 0.0005 0.0062 0.0708 0.8036 1.0000 1.0000 1.0000 0.8036 0.0708 0.0062 0.0005 1.0000 1.0000 0.3720 0.0321 0.0028 0.0002 1.0000 1.0000 0.1677 0.0145 0.0013 0.0001 1.0000 0.8754 0.0757 0.0065 0.0006 1.0000 1.0000 0.3968 0.0343 0.0030 0.0003 1.0000 1.0000 0.1823 0.0159 0.0014 0.0001 1.0000 1.0000 0.0905 0.0081 0.0007 1.0000 1.0000 0.5916 0.0547 0.0051 0.0005 1.0000 1.0000 0.4331 0.0410 0.0036
0.0414 0.4745 1.0000 1.0000 0.0005 0.0055 0.0585 0.6252 1.0000 1.0000 0.0007 0.0081 0.0892 0.9943 1.0000 0.0001 0.0013 0.0149 0.1702 1.0000 1.0000 0.0002 0.0027 0.0315 0.3636 1.0000 1.0000 0.0005 0.0060 0.0692 0.8005 1.0000 0.0001 0.0011 0.0132 0.1530 1.0000 1.0000 0.0002 0.0025 0.0293 0.3389 1.0000 1.0000 0.0005 0.0056 0.0649 0.7475 1.0000 0.0001 0.0004 0.0001 1.0000 0.7475 0.0649 0.0056 0.0005 1.0000 1.0000 0.3389 0.0293 0.0025 0.0002 1.0000 1.0000 0.1530 0.0132 0.0011 0.0001 1.0000 0.8005 0.0692 0.0060 0.0005 1.0000 1.0000 0.3636 0.0315 0.0027 0.0002 1.0000 1.0000 0.1702 0.0149 0.0013 0.0001 1.0000 0.9943 0.0892 0.0081 0.0007 1.0000 1.0000 0.6252 0.0585 0.0055 0.0005 1.0000 1.0000 0.4745 0.0414
0.4781 1.0000 1.0000 0.0006 0.0060 0.0633 0.6720 1.0000 0.0001 0.0008 0.0083 0.0905 0.9943 1.0000 0.0001 0.0013 0.0143 0.1611 1.0000 1.0000 0.0002 0.0025 0.0291 0.3344 1.0000 1.0000 0.0005 0.0055 0.0633 0.7321 1.0000 0.0001 0.0010 0.0121 0.1397 1.0000 1.0000 0.0002 0.0023 0.0268 0.3093 1.0000 1.0000 0.0004 0.0051 0.0592 0.6849 1.0000 0.0001 0.0009 0.0038 0.0009 0.0001 1.0000 0.6849 0.0592 0.0051 0.0004 1.0000 1.0000 0.3093 0.0268 0.0023 0.0002 1.0000 1.0000 0.1397 0.0121 0.0010 0.0001 1.0000 0.7321 0.0633 0.0055 0.0005 1.0000 1.0000 0.3344 0.0291 0.0025 0.0002 1.0000 1.0000 0.1611 0.0143 0.0013 0.0001 1.0000 0.9943 0.0905 0.0083 0.0008 0.0001 1.0000 0.6720 0.0633 0.0060 0.0006 1.0000 1.0000 0.4781
1.0000 1.0000 0.0006 0.0065 0.0690 0.7307 1.0000 0.0001 0.0008 0.0087 0.0940 1.0000 1.0000 0.0001 0.0012 0.0139 0.1557 1.0000 1.0000 0.0002 0.0024 0.0271 0.3099 1.0000 1.0000 0.0004 0.0050 0.0580 0.6707 1.0000 0.0001 0.0010 0.0110 0.1277 1.0000 1.0000 0.0002 0.0021 0.0244 0.2823 1.0000 1.0000 0.0004 0.0047 0.0541 0.6252 1.0000 0.0001 0.0009 0.0091 0.0405 0.0091 0.0009 0.0001 1.0000 0.6252 0.0541 0.0047 0.0004 1.0000 1.0000 0.2823 0.0244 0.0021 0.0002 1.0000 1.0000 0.1277 0.0110 0.0010 0.0001 1.0000 0.6707 0.0580 0.0050 0.0004 1.0000 1.0000 0.3099 0.0271 0.0024 0.0002 1.0000 1.0000 0.1557 0.0139 0.0012 0.0001 1.0000 1.0000 0.0940 0.0087 0.0008 0.0001 1.0000 0.7307 0.0690 0.0065 0.0006 1.0000 1.0000
1.0000 0.0007 0.0072 0.0756 0.7990 1.0000 0.0001 0.0009 0.0093 0.0998 1.0000 1.0000 0.0001 0.0013 0.0139 0.1539 1.0000 1.0000 0.0002 0.0022 0.0255 0.2905 1.0000 1.0000 0.0004 0.0046 0.0533 0.6146 1.0000 0.0001 0.0009 0.0101 0.1168 1.0000 1.0000 0.0002 0.0019 0.0223 0.2582 1.0000 1.0000 0.0004 0.0043 0.0494 0.5706 1.0000 0.0001 0.0008 0.0092 0.0959 0.4274 0.0959 0.0092 0.0008 0.0001 1.0000 0.5706 0.0494 0.0043 0.0004 1.0000 1.0000 0.2582 0.0223 0.0019 0.0002 1.0000 1.0000 0.1168 0.0101 0.0009 0.0001 1.0000 0.6146 0.0533 0.0046 0.0004 1.0000 1.0000 0.2905 0.0255 0.0022 0.0002 1.0000 1.0000 0.1539 0.0139 0.0013 0.0001 1.0000 1.0000 0.0998 0.0093 0.0009 0.0001 1.0000 0.7990 0.0756 0.0072 0.0007 1.0000
0.0007 0.0079 0.0828 0.8737 1.0000 0.0001 0.0010 0.0101 0.1074 1.0000 1.0000 0.0001 0.0013 0.0143 0.1557 1.0000 1.0000 0.0002 0.0022 0.0245 0.2760 1.0000 1.0000 0.0004 0.0043 0.0493 0.5663 1.0000 0.0001 0.0008 0.0093 0.1068 1.0000 1.0000 0.0002 0.0018 0.0204 0.2361 1.0000 1.0000 0.0003 0.0039 0.0451 0.5208 1.0000 1.0000 0.0007 0.0086 0.0971 1.0000 1.0000 1.0000 0.0971 0.0086 0.0007 1.0000 1.0000 0.5208 0.0451 0.0039 0.0003 1.0000 1.0000 0.2361 0.0204 0.0018 0.0002 1.0000 1.0000 0.1068 0.0093 0.0008 0.0001 1.0000 0.5663 0.0493 0.0043 0.0004 1.0000 1.0000 0.2760 0.0245 0.0022 0.0002 1.0000 1.0000 0.1557 0.0143 0.0013 0.0001 1.0000 1.0000 0.1074 0.0101 0.0010 0.0001 1.0000 0.8737 0.0828 0.0079 0.0007
0.0079 0.0909 0.9590 1.0000 0.0001 0.0010 0.0110 0.1166 1.0000 1.0000 0.0001 0.0014 0.0149 0.1611 1.0000 1.0000 0.0002 0.0022 0.0239 0.2672 1.0000 1.0000 0.0004 0.0040 0.0460 0.5268 1.0000 1.0000 0.0007 0.0085 0.0981 1.0000 1.0000 0.0001 0.0016 0.0187 0.2159 1.0000 1.0000 0.0003 0.0036 0.0412 0.4763 1.0000 1.0000 0.0007 0.0079 0.0905 1.0000 1.0000 1.0000 1.0000 1.0000 0.0905 0.0079 0.0007 1.0000 1.0000 0.4763 0.0412 0.0036 0.0003 1.0000 1.0000 0.2159 0.0187 0.0016 0.0001 1.0000 1.0000 0.0981 0.0085 0.0007 1.0000 1.0000 0.5268 0.0460 0.0040 0.0004 1.0000 1.0000 0.2672 0.0239 0.0022 0.0002 1.0000 1.0000 0.1611 0.0149 0.0014 0.0001 1.0000 1.0000 0.1166 0.0110 0.0010 0.0001 1.0000 0.9590 0.0909 0.0079
0.0918 1.0000 1.0000 0.0001 0.0011 0.0121 0.1273 1.0000 1.0000 0.0001 0.0015 0.0159 0.1702 1.0000 1.0000 0.0002 0.0022 0.0239 0.2646 1.0000 1.0000 0.0003 0.0038 0.0435 0.4948 1.0000 1.0000 0.0007 0.0078 0.0904 1.0000 1.0000 0.0001 0.0015 0.0171 0.1975 1.0000 1.0000 0.0003 0.0033 0.0377 0.4356 1.0000 1.0000 0.0006 0.0072 0.0831 0.9572 1.0000 0.0001 0.0005 0.0001 1.0000 0.9572 0.0831 0.0072 0.0006 1.0000 1.0000 0.4356 0.0377 0.0033 0.0003 1.0000 1.0000 0.1975 0.0171 0.0015 0.0001 1.0000 1.0000 0.0904 0.0078 0.0007 1.0000 1.0000 0.4948 0.0435 0.0038 0.0003 1.0000 1.0000 0.2646 0.0239 0.0022 0.0002 1.0000 1.0000 0.1702 0.0159 0.0015 0.0001 1.0000 1.0000 0.1273 0.0121 0.0011 0.0001 1.0000 1.0000 0.0918
1.0000 1.0000 0.0001 0.0013 0.0132 0.1394 1.0000 1.0000 0.0002 0.0016 0.0171 0.1823 1.0000 1.0000 0.0002 0.0022 0.0245 0.2672 1.0000 1.0000 0.0003 0.0037 0.0419 0.4718 1.0000 1.0000 0.0006 0.0073 0.0837 0.9608 1.0000 0.0001 0.0014 0.0156 0.1806 1.0000 1.0000 0.0003 0.0030 0.0345 0.3983 1.0000 1.0000 0.0006 0.0066 0.0760 0.8770 1.0000 0.0001 0.0011 0.0049 0.0011 0.0001 1.0000 0.8770 0.0760 0.0066 0.0006 1.0000 1.0000 0.3983 0.0345 0.0030 0.0003 1.0000 1.0000 0.1806 0.0156 0.0014 0.0001 1.0000 0.9608 0.0837 0.0073 0.0006 1.0000 1.0000 0.4718 0.0419 0.0037 0.0003 1.0000 1.0000 0.2672 0.0245 0.0022 0.0002 1.0000 1.0000 0.1823 0.0171 0.0016 0.0002 1.0000 1.0000 0.1394 0.0132 0.0013 0.0001 1.0000 1.0000
1.0000 0.0001 0.0014 0.0145 0.1527 1.0000 1.0000 0.0002 0.0018 0.0186 0.1975 1.0000 1.0000 0.0002 0.0024 0.0255 0.2760 1.0000 1.0000 0.0003 0.0037 0.0410 0.4577 1.0000 1.0000 0.0006 0.0069 0.0784 0.8956 1.0000 0.0001 0.0012 0.0144 0.1658 1.0000 1.0000 0.0002 0.0027 0.0315 0.3643 1.0000 1.0000 0.0005 0.0060 0.0695 0.8036 1.0000 0.0001 0.0011 0.0116 0.0520 0.0116 0.0011 0.0001 1.0000 0.8036 0.0695 0.0060 0.0005 1.0000 1.0000 0.3643 0.0315 0.0027 0.0002 1.0000 1.0000 0.1658 0.0144 0.0012 0.0001 1.0000 0.8956 0.0784 0.0069 0.0006 1.0000 1.0000 0.4577 0.0410 0.0037 0.0003 1.0000 1.0000 0.2760 0.0255 0.0024 0.0002 1.0000 1.0000 0.1975 0.0186 0.0018 0.0002 1.0000 1.0000 0.1527 0.0145 0.0014 0.0001 1.0000
0.0001 0.0015 0.0159 0.1677 1.0000 1.0000 0.0002 0.0019 0.0203 0.2151 1.0000 1.0000 0.0002 0.0025 0.0271 0.2905 1.0000 1.0000 0.0003 0.0037 0.0410 0.4533 1.0000 1.0000 0.0006 0.0066 0.0744 0.8443 1.0000 0.0001 0.0012 0.0133 0.1530 1.0000 1.0000 0.0002 0.0025 0.0288 0.3331 1.0000 1.0000 0.0005 0.0055 0.0636 0.7348 1.0000 0.0001 0.0010 0.0118 0.1230 0.5493 0.1230 0.0118 0.0010 0.0001 1.0000 0.7348 0.0636 0.0055 0.0005 1.0000 1.0000 0.3331 0.0288 0.0025 0.0002 1.0000 1.0000 0.1530 0.0133 0.0012 0.0001 1.0000 0.8443 0.0744 0.0066 0.0006 1.0000 1.0000 0.4533 0.0410 0.0037 0.0003 1.0000 1.0000 0.2905 0.0271 0.0025 0.0002 1.0000 1.0000 0.2151 0.0203 0.0019 0.0002 1.0000 1.0000 0.1677 0.0159 0.0015 0.0001
0.0015 0.0174 0.1837 1.0000 1.0000 0.0002 0.0021 0.0222 0.2352 1.0000 1.0000 0.0003 0.0027 0.0291 0.3099 1.0000 1.0000 0.0004 0.0038 0.0419 0.4577 1.0000 1.0000 0.0006 0.0064 0.0717 0.8066 1.0000 0.0001 0.0011 0.0124 0.1421 1.0000 1.0000 0.0002 0.0023 0.0264 0.3052 1.0000 1.0000 0.0004 0.0050 0.0581 0.6720 1.0000 0.0001 0.0010 0.0110 0.1251 1.0000 1.0000 1.0000 0.1251 0.0110 0.0010 0.0001 1.0000 0.6720 0.0581 0.0050 0.0004 1.0000 1.0000 0.3052 0.0264 0.0023 0.0002 1.0000 1.0000 0.1421 0.0124 0.0011 0.0001 1.0000 0.8066 0.0717 0.0064 0.0006 1.0000 1.0000 0.4577 0.0419 0.0038 0.0004 1.0000 1.0000 0.3099 0.0291 0.0027 0.0003 1.0000 1.0000 0.2352 0.0222 0.0021 0.0002 1.0000 1.0000 0.1837 0.0174 0.0015
0.0176 0.2016 1.0000 1.0000 0.0002 0.0023 0.0244 0.2572 1.0000 1.0000 0.0003 0.0030 0.0315 0.3344 1.0000 1.0000 0.0004 0.0040 0.0435 0.4718 1.0000 1.0000 0.0006 0.0063 0.0703 0.7839 1.0000 0.0001 0.0010 0.0117 0.1335 1.0000 1.0000 0.0002 0.0021 0.0243 0.2802 1.0000 1.0000 0.0004 0.0046 0.0532 0.6146 1.0000 0.0001 0.0009 0.0101 0.1166 1.0000 1.0000 1.0000 1.0000 1.0000 0.1166 0.0101 0.0009 0.0001 1.0000 0.6146 0.0532 0.0046 0.0004 1.0000 1.0000 0.2802 0.0243 0.0021 0.0002 1.0000 1.0000 0.1335 0.0117 0.0010 0.0001 1.0000 0.7839 0.0703 0.0063 0.0006 1.0000 1.0000 0.4718 0.0435 0.0040 0.0004 1.0000 1.0000 0.3344 0.0315 0.0030 0.0003 1.0000 1.0000 0.2572 0.0244 0.0023 0.0002 1.0000 1.0000 0.2016 0.0176
0.2032 1.0000 1.0000 0.0002 0.0025 0.0267 0.2818 1.0000 1.0000 0.0003 0.0032 0.0343 0.3636 1.0000 1.0000 0.0004 0.0043 0.0460 0.4948 1.0000 1.0000 0.0006 0.0064 0.0703 0.7765 1.0000 0.0001 0.0010 0.0112 0.1268 1.0000 1.0000 0.0002 0.0020 0.0225 0.2592 1.0000 1.0000 0.0004 0.0042 0.0486 0.5620 1.0000 0.0001 0.0008 0.0093 0.1070 1.0000 1.0000 0.0001 0.0006 0.0001 1.0000 1.0000 0.1070 0.0093 0.0008 0.0001 1.0000 0.5620 0.0486 0.0042 0.0004 1.0000 1.0000 0.2592 0.0225 0.0020 0.0002 1.0000 1.0000 0.1268 0.0112 0.0010 0.0001 1.0000 0.7765 0.0703 0.0064 0.0006 1.0000 1.0000 0.4948 0.0460 0.0043 0.0004 1.0000 1.0000 0.3636 0.0343 0.0032 0.0003 1.0000 1.0000 0.2818 0.0267 0.0025 0.0002 1.0000 1.0000 0.2032
1.0000 1.0000 0.0003 0.0028 0.0293 0.3093 1.0000 1.0000 0.0003 0.0036 0.0375 0.3968 1.0000 1.0000 0.0004 0.0046 0.0493 0.5268 1.0000 1.0000 0.0006 0.0066 0.0717 0.7839 1.0000 0.0001 0.0010 0.0109 0.1223 1.0000 1.0000 0.0002 0.0019 0.0211 0.2411 1.0000 1.0000 0.0003 0.0039 0.0446 0.5149 1.0000 1.0000 0.0007 0.0085 0.0981 1.0000 1.0000 0.0001 0.0014 0.0063 0.0014 0.0001 1.0000 1.0000 0.0981 0.0085 0.0007 1.0000 1.0000 0.5149 0.0446 0.0039 0.0003 1.0000 1.0000 0.2411 0.0211 0.0019 0.0002 1.0000 1.0000 0.1223 0.0109 0.0010 0.0001 1.0000 0.7839 0.0717 0.0066 0.0006 1.0000 1.0000 0.5268 0.0493 0.0046 0.0004 1.0000 1.0000 0.3968 0.0375 0.0036 0.0003 1.0000 1.0000 0.3093 0.0293 0.0028 0.0003 1.0000 1.0000
1.0000 0.0003 0.0030 0.0321 0.3389 1.0000 1.0000 0.0004 0.0039 0.0410 0.4339 1.0000 1.0000 0.0005 0.0050 0.0533 0.5663 1.0000 1.0000 0.0006 0.0069 0.0744 0.8066 1.0000 0.0001 0.0010 0.0108 0.1202 1.0000 1.0000 0.0002 0.0018 0.0200 0.2269 1.0000 1.0000 0.0003 0.0036 0.0412 0.4745 1.0000 1.0000 0.0007 0.0078 0.0897 1.0000 1.0000 0.0001 0.0014 0.0150 0.0670 0.0150 0.0014 0.0001 1.0000 1.0000 0.0897 0.0078 0.0007 1.0000 1.0000 0.4745 0.0412 0.0036 0.0003 1.0000 1.0000 0.2269 0.0200 0.0018 0.0002 1.0000 1.0000 0.1202 0.0108 0.0010 0.0001 1.0000 0.8066 0.0744 0.0069 0.0006 1.0000 1.0000 0.5663 0.0533 0.0050 0.0005 1.0000 1.0000 0.4339 0.0410 0.0039 0.0004 1.0000 1.0000 0.3389 0.0321 0.0030 0.0003 1.0000
0.0003 0.0033 0.0353 0.3720 1.0000 1.0000 0.0004 0.0043 0.0450 0.4745 1.0000 1.0000 0.0005 0.0055 0.0580 0.6146 1.0000 1.0000 0.0007 0.0073 0.0784 0.8443 1.0000 0.0001 0.0010 0.0109 0.1202 1.0000 1.0000 0.0002 0.0017 0.0191 0.2163 1.0000 1.0000 0.0003 0.0033 0.0383 0.4389 1.0000 1.0000 0.0006 0.0071 0.0822 0.9481 1.0000 0.0001 0.0013 0.0153 0.1587 0.7088 0.1587 0.0153 0.0013 0.0001 1.0000 0.9481 0.0822 0.0071 0.0006 1.0000 1.0000 0.4389 0.0383 0.0033 0.0003 1.0000 1.0000 0.2163 0.0191 0.0017 0.0002 1.0000 1.0000 0.1202 0.0109 0.0010 0.0001 1.0000 0.8443 0.0784 0.0073 0.0007 1.0000 1.0000 0.6146 0.0580 0.0055 0.0005 1.0000 1.0000 0.4745 0.0450 0.0043 0.0004 1.0000 1.0000 0.3720 0.0353 0.0033 0.0003
0.0034 0.0386 0.4075 1.0000 1.0000 0.0004 0.0047 0.0493 0.5198 1.0000 1.0000 0.0006 0.0060 0.0633 0.6707 1.0000 0.0001 0.0007 0.0078 0.0837 0.8956 1.0000 0.0001 0.0010 0.0112 0.1223 1.0000 1.0000 0.0002 0.0017 0.0186 0.2090 1.0000 1.0000 0.0003 0.0031 0.0359 0.4099 1.0000 1.0000 0.0006 0.0066 0.0754 0.8704 1.0000 0.0001 0.0012 0.0142 0.1614 1.0000 1.0000 1.0000 0.1614 0.0142 0.0012 0.0001 1.0000 0.8704 0.0754 0.0066 0.0006 1.0000 1.0000 0.4099 0.0359 0.0031 0.0003 1.0000 1.0000 0.2090 0.0186 0.0017 0.0002 1.0000 1.0000 0.1223 0.0112 0.0010 0.0001 1.0000 0.8956 0.0837 0.0078 0.0007 0.0001 1.0000 0.6707 0.0633 0.0060 0.0006 1.0000 1.0000 0.5198 0.0493 0.0047 0.0004 1.0000 1.0000 0.4075 0.0386 0.0034
0.0390 0.4473 1.0000 1.0000 0.0005 0.0051 0.0541 0.5706 1.0000 1.0000 0.0006 0.0065 0.0692 0.7321 1.0000 0.0001 0.0008 0.0085 0.0904 0.9608 1.0000 0.0001 0.0011 0.0117 0.1268 1.0000 1.0000 0.0002 0.0017 0.0185 0.2051 1.0000 1.0000 0.0003 0.0030 0.0340 0.3857 1.0000 1.0000 0.0005 0.0061 0.0698 0.8020 1.0000 0.0001 0.0011 0.0131 0.1507 1.0000 1.0000 0.0001 1.0000 1.0000 0.1507 0.0131 0.0011 0.0001 1.0000 0.8020 0.0698 0.0061 0.0005 1.0000 1.0000 0.3857 0.0340 0.0030 0.0003 1.0000 1.0000 0.2051 0.0185 0.0017 0.0002 1.0000 1.0000 0.1268 0.0117 0.0011 0.0001 1.0000 0.9608 0.0904 0.0085 0.0008 0.0001 1.0000 0.7321 0.0692 0.0065 0.0006 1.0000 1.0000 0.5706 0.0541 0.0051 0.0005 1.0000 1.0000 0.4473 0.0390
0.4507 1.0000 1.0000 0.0005 0.0056 0.0592 0.6252 1.0000 1.0000 0.0007 0.0072 0.0757 0.8005 1.0000 0.0001 0.0009 0.0093 0.0981 1.0000 1.0000 0.0001 0.0012 0.0124 0.1335 1.0000 1.0000 0.0002 0.0017 0.0186 0.2051 1.0000 1.0000 0.0003 0.0029 0.0327 0.3685 1.0000 1.0000 0.0005 0.0057 0.0649 0.7433 1.0000 0.0001 0.0010 0.0120 0.1386 1.0000 1.0000 0.0002 0.0008 0.0002 1.0000 1.0000 0.1386 0.0120 0.0010 0.0001 1.0000 0.7433 0.0649 0.0057 0.0005 1.0000 1.0000 0.3685 0.0327 0.0029 0.0003 1.0000 1.0000 0.2051 0.0186 0.0017 0.0002 1.0000 1.0000 0.1335 0.0124 0.0012 0.0001 1.0000 1.0000 0.0981 0.0093 0.0009 0.0001 1.0000 0.8005 0.0757 0.0072 0.0007 1.0000 1.0000 0.6252 0.0592 0.0056 0.0005 1.0000 1.0000 0.4507
1.0000 1.0000 0.0006 0.0062 0.0650 0.6862 1.0000 0.0001 0.0007 0.0079 0.0830 0.8754 1.0000 0.0001 0.0010 0.0101 0.1068 1.0000 1.0000 0.0001 0.0012 0.0133 0.1421 1.0000 1.0000 0.0002 0.0018 0.0191 0.2090 1.0000 1.0000 0.0003 0.0029 0.0318 0.3567 1.0000 1.0000 0.0005 0.0054 0.0610 0.6941 1.0000 0.0001 0.0010 0.0111 0.1277 1.0000 1.0000 0.0002 0.0018 0.0082 0.0018 0.0002 1.0000 1.0000 0.1277 0.0111 0.0010 0.0001 1.0000 0.6941 0.0610 0.0054 0.0005 1.0000 1.0000 0.3567 0.0318 0.0029 0.0003 1.0000 1.0000 0.2090 0.0191 0.0018 0.0002 1.0000 1.0000 0.1421 0.0133 0.0012 0.0001 1.0000 1.0000 0.1068 0.0101 0.0010 0.0001 1.0000 0.8754 0.0830 0.0079 0.0007 0.0001 1.0000 0.6862 0.0650 0.0062 0.0006 1.0000 1.0000
1.0000 0.0006 0.0068 0.0712 0.7518 1.0000 0.0001 0.0008 0.0086 0.0909 0.9590 1.0000 0.0001 0.0010 0.0110 0.1168 1.0000 1.0000 0.0001 0.0014 0.0144 0.1530 1.0000 1.0000 0.0002 0.0019 0.0200 0.2163 1.0000 1.0000 0.0003 0.0029 0.0316 0.3507 1.0000 1.0000 0.0005 0.0051 0.0578 0.6556 1.0000 0.0001 0.0009 0.0103 0.1182 1.0000 1.0000 0.0002 0.0019 0.0194 0.0867 0.0194 0.0019 0.0002 1.0000 1.0000 0.1182 0.0103 0.0009 0.0001 1.0000 0.6556 0.0578 0.0051 0.0005 1.0000 1.0000 0.3507 0.0316 0.0029 0.0003 1.0000 1.0000 0.2163 0.0200 0.0019 0.0002 1.0000 1.0000 0.1530 0.0144 0.0014 0.0001 1.0000 1.0000 0.1168 0.0110 0.0010 0.0001 1.0000 0.9590 0.0909 0.0086 0.0008 0.0001 1.0000 0.7518 0.0712 0.0068 0.0006 1.0000
0.0006 0.0074 0.0781 0.8237 1.0000 0.0001 0.0009 0.0095 0.0998 1.0000 1.0000 0.0001 0.0011 0.0121 0.1277 1.0000 1.0000 0.0001 0.0015 0.0156 0.1658 1.0000 1.0000 0.0002 0.0020 0.0211 0.2269 1.0000 1.0000 0.0003 0.0029 0.0318 0.3507 1.0000 1.0000 0.0004 0.0050 0.0556 0.6275 1.0000 0.0001 0.0008 0.0096 0.1101 1.0000 1.0000 0.0002 0.0018 0.0198 0.2055 0.9180 0.2055 0.0198 0.0018 0.0002 1.0000 1.0000 0.1101 0.0096 0.0008 0.0001 1.0000 0.6275 0.0556 0.0050 0.0004 1.0000 1.0000 0.3507 0.0318 0.0029 0.0003 1.0000 1.0000 0.2269 0.0211 0.0020 0.0002 1.0000 1.0000 0.1658 0.0156 0.0015 0.0001 1.0000 1.0000 0.1277 0.0121 0.0011 0.0001 1.0000 1.0000 0.0998 0.0095 0.0009 0.0001 1.0000 0.8237 0.0781 0.0074 0.0006
0.0075 0.0857 0.9041 1.0000 0.0001 0.0010 0.0104 0.1093 1.0000 1.0000 0.0001 0.0013 0.0132 0.1397 1.0000 1.0000 0.0002 0.0016 0.0171 0.1806 1.0000 1.0000 0.0002 0.0021 0.0225 0.2411 1.0000 1.0000 0.0003 0.0030 0.0327 0.3567 1.0000 1.0000 0.0004 0.0049 0.0544 0.6076 1.0000 0.0001 0.0008 0.0091 0.1034 1.0000 1.0000 0.0001 0.0016 0.0187 0.2106 1.0000 1.0000 1.0000 0.2106 0.0187 0.0016 0.0001 1.0000 1.0000 0.1034 0.0091 0.0008 0.0001 1.0000 0.6076 0.0544 0.0049 0.0004 1.0000 1.0000 0.3567 0.0327 0.0030 0.0003 1.0000 1.0000 0.2411 0.0225 0.0021 0.0002 1.0000 1.0000 0.1806 0.0171 0.0016 0.0002 1.0000 1.0000 0.1397 0.0132 0.0013 0.0001 1.0000 1.0000 0.1093 0.0104 0.0010 0.0001 1.0000 0.9041 0.0857 0.0075
0.0865 0.9905 1.0000 0.0001 0.0011 0.0113 0.1197 1.0000 1.0000 0.0001 0.0014 0.0145 0.1530 1.0000 1.0000 0.0002 0.0018 0.0187 0.1975 1.0000 1.0000 0.0002 0.0023 0.0243 0.2592 1.0000 1.0000 0.0003 0.0031 0.0340 0.3685 1.0000 1.0000 0.0004 0.0049 0.0539 0.5984 1.0000 0.0001 0.0008 0.0087 0.0984 1.0000 1.0000 0.0001 0.0015 0.0174 0.1990 1.0000 1.0000 0.0001 1.0000 1.0000 0.1990 0.0174 0.0015 0.0001 1.0000 1.0000 0.0984 0.0087 0.0008 0.0001 1.0000 0.5984 0.0539 0.0049 0.0004 1.0000 1.0000 0.3685 0.0340 0.0031 0.0003 1.0000 1.0000 0.2592 0.0243 0.0023 0.0002 1.0000 1.0000 0.1975 0.0187 0.0018 0.0002 1.0000 1.0000 0.1530 0.0145 0.0014 0.0001 1.0000 1.0000 0.1197 0.0113 0.0011 0.0001 1.0000 0.9905 0.0865
1.0000 1.0000 0.0001 0.0012 0.0125 0.1314 1.0000 1.0000 0.0001 0.0015 0.0159 0.1677 1.0000 1.0000 0.0002 0.0019 0.0204 0.2159 1.0000 1.0000 0.0002 0.0025 0.0264 0.2802 1.0000 1.0000 0.0003 0.0033 0.0359 0.3857 1.0000 1.0000 0.0005 0.0050 0.0544 0.5984 1.0000 0.0001 0.0008 0.0084 0.0948 1.0000 1.0000 0.0001 0.0014 0.0163 0.1865 1.0000 1.0000 0.0002 0.0010 0.0002 1.0000 1.0000 0.1865 0.0163 0.0014 0.0001 1.0000 1.0000 0.0948 0.0084 0.0008 0.0001 1.0000 0.5984 0.0544 0.0050 0.0005 1.0000 1.0000 0.3857 0.0359 0.0033 0.0003 1.0000 1.0000 0.2802 0.0264 0.0025 0.0002 1.0000 1.0000 0.2159 0.0204 0.0019 0.0002 1.0000 1.0000 0.1677 0.0159 0.0015 0.0001 1.0000 1.0000 0.1314 0.0125 0.0012 0.0001 1.0000 1.0000
1.0000 0.0001 0.0013 0.0136 0.1440 1.0000 1.0000 0.0002 0.0017 0.0174 0.1840 1.0000 1.0000 0.0002 0.0021 0.0223 0.2361 1.0000 1.0000 0.0003 0.0027 0.0288 0.3052 1.0000 1.0000 0.0003 0.0036 0.0383 0.4099 1.0000 1.0000 0.0005 0.0051 0.0556 0.6076 1.0000 0.0001 0.0007 0.0083 0.0925 1.0000 1.0000 0.0001 0.0014 0.0155 0.1755 1.0000 1.0000 0.0002 0.0024 0.0108 0.0024 0.0002 1.0000 1.0000 0.1755 0.0155 0.0014 0.0001 1.0000 1.0000 0.0925 0.0083 0.0007 0.0001 1.0000 0.6076 0.0556 0.0051 0.0005 1.0000 1.0000 0.4099 0.0383 0.0036 0.0003 1.0000 1.0000 0.3052 0.0288 0.0027 0.0003 1.0000 1.0000 0.2361 0.0223 0.0021 0.0002 1.0000 1.0000 0.1840 0.0174 0.0017 0.0002 1.0000 1.0000 0.1440 0.0136 0.0013 0.0001 1.0000
0.0001 0.0014 0.0150 0.1581 1.0000 1.0000 0.0002 0.0018 0.0191 0.2016 1.0000 1.0000 0.0002 0.0023 0.0244 0.2582 1.0000 1.0000 0.0003 0.0030 0.0315 0.3331 1.0000 1.0000 0.0004 0.0039 0.0412 0.4389 1.0000 1.0000 0.0005 0.0054 0.0578 0.6275 1.0000 0.0001 0.0008 0.0083 0.0918 1.0000 1.0000 0.0001 0.0013 0.0148 0.1670 1.0000 1.0000 0.0002 0.0025 0.0260 0.1155 0.0260 0.0025 0.0002 1.0000 1.0000 0.1670 0.0148 0.0013 0.0001 1.0000 1.0000 0.0918 0.0083 0.0008 0.0001 1.0000 0.6275 0.0578 0.0054 0.0005 1.0000 1.0000 0.4389 0.0412 0.0039 0.0004 1.0000 1.0000 0.3331 0.0315 0.0030 0.0003 1.0000 1.0000 0.2582 0.0244 0.0023 0.0002 1.0000 1.0000 0.2016 0.0191 0.0018 0.0002 1.0000 1.0000 0.1581 0.0150 0.0014 0.0001
0.0014 0.0164 0.1732 1.0000 1.0000 0.0002 0.0020 0.0209 0.2209 1.0000 1.0000 0.0002 0.0025 0.0268 0.2823 1.0000 1.0000 0.0003 0.0033 0.0345 0.3643 1.0000 1.0000 0.0004 0.0042 0.0446 0.4745 1.0000 1.0000 0.0005 0.0057 0.0610 0.6556 1.0000 0.0001 0.0008 0.0084 0.0925 1.0000 1.0000 0.0001 0.0013 0.0144 0.1611 1.0000 1.0000 0.0002 0.0024 0.0271 0.2786 1.0000 0.2786 0.0271 0.0024 0.0002 1.0000 1.0000 0.1611 0.0144 0.0013 0.0001 1.0000 1.0000 0.0925 0.0084 0.0008 0.0001 1.0000 0.6556 0.0610 0.0057 0.0005 1.0000 1.0000 0.4745 0.0446 0.0042 0.0004 1.0000 1.0000 0.3643 0.0345 0.0033 0.0003 1.0000 1.0000 0.2823 0.0268 0.0025 0.0002 1.0000 1.0000 0.2209 0.0209 0.0020 0.0002 1.0000 1.0000 0.1732 0.0164 0.0014
0.0166 0.1901 1.0000 1.0000 0.0002 0.0022 0.0230 0.2425 1.0000 1.0000 0.0003 0.0028 0.0293 0.3093 1.0000 1.0000 0.0003 0.0036 0.0377 0.3983 1.0000 1.0000 0.0004 0.0046 0.0486 0.5149 1.0000 1.0000 0.0006 0.0061 0.0649 0.6941 1.0000 0.0001 0.0008 0.0087 0.0948 1.0000 1.0000 0.0001 0.0013 0.0141 0.1575 1.0000 1.0000 0.0002 0.0023 0.0262 0.2916 1.0000 1.0000 1.0000 0.2916 0.0262 0.0023 0.0002 1.0000 1.0000 0.1575 0.0141 0.0013 0.0001 1.0000 1.0000 0.0948 0.0087 0.0008 0.0001 1.0000 0.6941 0.0649 0.0061 0.0006 1.0000 1.0000 0.5149 0.0486 0.0046 0.0004 1.0000 1.0000 0.3983 0.0377 0.0036 0.0003 1.0000 1.0000 0.3093 0.0293 0.0028 0.0003 1.0000 1.0000 0.2425 0.0230 0.0022 0.0002 1.0000 1.0000 0.1901 0.0166
0.1915 1.0000 1.0000 0.0002 0.0024 0.0252 0.2657 1.0000 1.0000 0.0003 0.0030 0.0321 0.3389 1.0000 1.0000 0.0004 0.0039 0.0412 0.4356 1.0000 1.0000 0.0005 0.0050 0.0532 0.5620 1.0000 1.0000 0.0006 0.0066 0.0698 0.7433 1.0000 0.0001 0.0008 0.0091 0.0984 1.0000 1.0000 0.0001 0.0013 0.0141 0.1563 1.0000 1.0000 0.0002 0.0022 0.0251 0.2829 1.0000 1.0000 0.0001 1.0000 1.0000 0.2829 0.0251 0.0022 0.0002 1.0000 1.0000 0.1563 0.0141 0.0013 0.0001 1.0000 1.0000 0.0984 0.0091 0.0008 0.0001 1.0000 0.7433 0.0698 0.0066 0.0006 1.0000 1.0000 0.5620 0.0532 0.0050 0.0005 1.0000 1.0000 0.4356 0.0412 0.0039 0.0004 1.0000 1.0000 0.3389 0.0321 0.0030 0.0003 1.0000 1.0000 0.2657 0.0252 0.0024 0.0002 1.0000 1.0000 0.1915
1.0000 1.0000 0.0002 0.0026 0.0276 0.2916 1.0000 1.0000 0.0003 0.0033 0.0353 0.3720 1.0000 1.0000 0.0004 0.0043 0.0451 0.4763 1.0000 1.0000 0.0005 0.0055 0.0581 0.6146 1.0000 1.0000 0.0007 0.0071 0.0754 0.8020 1.0000 0.0001 0.0009 0.0096 0.1034 1.0000 1.0000 0.0001 0.0013 0.0144 0.1575 1.0000 1.0000 0.0002 0.0022 0.0244 0.2739 1.0000 1.0000 0.0003 0.0014 0.0003 1.0000 1.0000 0.2739 0.0244 0.0022 0.0002 1.0000 1.0000 0.1575 0.0144 0.0013 0.0001 1.0000 1.0000 0.1034 0.0096 0.0009 0.0001 1.0000 0.8020 0.0754 0.0071 0.0007 1.0000 1.0000 0.6146 0.0581 0.0055 0.0005 1.0000 1.0000 0.4763 0.0451 0.0043 0.0004 1.0000 1.0000 0.3720 0.0353 0.0033 0.0003 1.0000 1.0000 0.2916 0.0276 0.0026 0.0002 1.0000 1.0000
1.0000 0.0003 0.0029 0.0303 0.3195 1.0000 1.0000 0.0003 0.0037 0.0386 0.4075 1.0000 1.0000 0.0004 0.0047 0.0494 0.5208 1.0000 1.0000 0.0006 0.0060 0.0636 0.6720 1.0000 0.0001 0.0007 0.0078 0.0822 0.8704 1.0000 0.0001 0.0010 0.0103 0.1101 1.0000 1.0000 0.0001 0.0014 0.0148 0.1611 1.0000 1.0000 0.0002 0.0022 0.0241 0.2677 1.0000 1.0000 0.0003 0.0035 0.0154 0.0035 0.0003 1.0000 1.0000 0.2677 0.0241 0.0022 0.0002 1.0000 1.0000 0.1611 0.0148 0.0014 0.0001 1.0000 1.0000 0.1101 0.0103 0.0010 0.0001 1.0000 0.8704 0.0822 0.0078 0.0007 0.0001 1.0000 0.6720 0.0636 0.0060 0.0006 1.0000 1.0000 0.5208 0.0494 0.0047 0.0004 1.0000 1.0000 0.4075 0.0386 0.0037 0.0003 1.0000 1.0000 0.3195 0.0303 0.0029 0.0003 1.0000
0.0003 0.0031 0.0332 0.3507 1.0000 1.0000 0.0004 0.0040 0.0424 0.4473 1.0000 1.0000 0.0005 0.0051 0.0541 0.5706 1.0000 1.0000 0.0006 0.0066 0.0695 0.7348 1.0000 0.0001 0.0008 0.0085 0.0897 0.9481 1.0000 0.0001 0.0010 0.0111 0.1182 1.0000 1.0000 0.0001 0.0014 0.0155 0.1670 1.0000 1.0000 0.0002 0.0022 0.0241 0.2657 1.0000 1.0000 0.0003 0.0037 0.0377 0.1667 0.0377 0.0037 0.0003 1.0000 1.0000 0.2657 0.0241 0.0022 0.0002 1.0000 1.0000 0.1670 0.0155 0.0014 0.0001 1.0000 1.0000 0.1182 0.0111 0.0010 0.0001 1.0000 0.9481 0.0897 0.0085 0.0008 0.0001 1.0000 0.7348 0.0695 0.0066 0.0006 1.0000 1.0000 0.5706 0.0541 0.0051 0.0005 1.0000 1.0000 0.4473 0.0424 0.0040 0.0004 1.0000 1.0000 0.3507 0.0332 0.0031 0.0003
0.0032 0.0364 0.3842 1.0000 1.0000 0.0004 0.0044 0.0464 0.4901 1.0000 1.0000 0.0005 0.0056 0.0592 0.6252 1.0000 1.0000 0.0007 0.0072 0.0760 0.8036 1.0000 0.0001 0.0009 0.0093 0.0981 1.0000 1.0000 0.0001 0.0011 0.0120 0.1277 1.0000 1.0000 0.0001 0.0015 0.0163 0.1755 1.0000 1.0000 0.0002 0.0022 0.0244 0.2677 1.0000 1.0000 0.0003 0.0037 0.0407 0.4114 1.0000 0.4114 0.0407 0.0037 0.0003 1.0000 1.0000 0.2677 0.0244 0.0022 0.0002 1.0000 1.0000 0.1755 0.0163 0.0015 0.0001 1.0000 1.0000 0.1277 0.0120 0.0011 0.0001 1.0000 1.0000 0.0981 0.0093 0.0009 0.0001 1.0000 0.8036 0.0760 0.0072 0.0007 1.0000 1.0000 0.6252 0.0592 0.0056 0.0005 1.0000 1.0000 0.4901 0.0464 0.0044 0.0004 1.0000 1.0000 0.3842 0.0364 0.0032
0.0367 0.4209 1.0000 1.0000 0.0005 0.0048 0.0509 0.5369 1.0000 1.0000 0.0006 0.0062 0.0649 0.6849 1.0000 0.0001 0.0007 0.0079 0.0831 0.8770 1.0000 0.0001 0.0010 0.0101 0.1070 1.0000 1.0000 0.0001 0.0012 0.0131 0.1386 1.0000 1.0000 0.0002 0.0016 0.0174 0.1865 1.0000 1.0000 0.0002 0.0023 0.0251 0.2739 1.0000 1.0000 0.0003 0.0037 0.0407 0.4456 1.0000 1.0000 1.0000 0.4456 0.0407 0.0037 0.0003 1.0000 1.0000 0.2739 0.0251 0.0023 0.0002 1.0000 1.0000 0.1865 0.0174 0.0016 0.0002 1.0000 1.0000 0.1386 0.0131 0.0012 0.0001 1.0000 1.0000 0.1070 0.0101 0.0010 0.0001 1.0000 0.8770 0.0831 0.0079 0.0007 0.0001 1.0000 0.6849 0.0649 0.0062 0.0006 1.0000 1.0000 0.5369 0.0509 0.0048 0.0005 1.0000 1.0000 0.4209 0.0367
0.4225 1.0000 1.0000 0.0005 0.0053 0.0555 0.5860 1.0000 1.0000 0.0006 0.0067 0.0708 0.7475 1.0000 0.0001 0.0008 0.0086 0.0905 0.9572 1.0000 0.0001 0.0010 0.0110 0.1166 1.0000 1.0000 0.0001 0.0013 0.0142 0.1507 1.0000 1.0000 0.0002 0.0018 0.0187 0.1990 1.0000 1.0000 0.0002 0.0024 0.0262 0.2829 1.0000 1.0000 0.0003 0.0037 0.0407 0.4482 1.0000 1.0000 0.0002 1.0000 1.0000 0.4482 0.0407 0.0037 0.0003 1.0000 1.0000 0.2829 0.0262 0.0024 0.0002 1.0000 1.0000 0.1990 0.0187 0.0018 0.0002 1.0000 1.0000 0.1507 0.0142 0.0013 0.0001 1.0000 1.0000 0.1166 0.0110 0.0010 0.0001 1.0000 0.9572 0.0905 0.0086 0.0008 0.0001 1.0000 0.7475 0.0708 0.0067 0.0006 1.0000 1.0000 0.5860 0.0555 0.0053 0.0005 1.0000 1.0000 0.4225
1.0000 1.0000 0.0005 0.0057 0.0597 0.6299 1.0000 1.0000 0.0007 0.0072 0.0762 0.8036 1.0000 0.0001 0.0009 0.0092 0.0971 1.0000 1.0000 0.0001 0.0011 0.0118 0.1251 1.0000 1.0000 0.0001 0.0014 0.0153 0.1614 1.0000 1.0000 0.0002 0.0019 0.0198 0.2106 1.0000 1.0000 0.0002 0.0025 0.0271 0.2916 1.0000 1.0000 0.0003 0.0037 0.0407 0.4456 1.0000 1.0000 0.0005 0.0022 0.0005 1.0000 1.0000 0.4456 0.0407 0.0037 0.0003 1.0000 1.0000 0.2916 0.0271 0.0025 0.0002 1.0000 1.0000 0.2106 0.0198 0.0019 0.0002 1.0000 1.0000 0.1614 0.0153 0.0014 0.0001 1.0000 1.0000 0.1251 0.0118 0.0011 0.0001 1.0000 1.0000 0.0971 0.0092 0.0009 0.0001 1.0000 0.8036 0.0762 0.0072 0.0007 1.0000 1.0000 0.6299 0.0597 0.0057 0.0005 1.0000 1.0000
1.0000 0.0005 0.0056 0.0588 0.6204 1.0000 1.0000 0.0007 0.0071 0.0750 0.7914 1.0000 0.0001 0.0009 0.0091 0.0959 1.0000 1.0000 0.0001 0.0011 0.0116 0.1230 1.0000 1.0000 0.0001 0.0014 0.0150 0.1587 1.0000 1.0000 0.0002 0.0018 0.0194 0.2055 1.0000 1.0000 0.0002 0.0024 0.0260 0.2786 1.0000 1.0000 0.0003 0.0035 0.0377 0.4114 1.0000 1.0000 0.0005 0.0049 0.0216 0.0049 0.0005 1.0000 1.0000 0.4114 0.0377 0.0035 0.0003 1.0000 1.0000 0.2786 0.0260 0.0024 0.0002 1.0000 1.0000 0.2055 0.0194 0.0018 0.0002 1.0000 1.0000 0.1587 0.0150 0.0014 0.0001 1.0000 1.0000 0.1230 0.0116 0.0011 0.0001 1.0000 1.0000 0.0959 0.0091 0.0009 0.0001 1.0000 0.7914 0.0750 0.0071 0.0007 1.0000 1.0000 0.6204 0.0588 0.0056 0.0005 1.0000
0.0002 0.0024 0.0249 0.2626 1.0000 1.0000 0.0003 0.0030 0.0317 0.3350 1.0000 1.0000 0.0004 0.0038 0.0405 0.4274 1.0000 1.0000 0.0005 0.0049 0.0520 0.5493 1.0000 1.0000 0.0006 0.0063 0.0670 0.7088 1.0000 0.0001 0.0008 0.0082 0.0867 0.9180 1.0000 0.0001 0.0010 0.0108 0.1155 1.0000 1.0000 0.0001 0.0014 0.0154 0.1667 1.0000 1.0000 0.0002 0.0022 0.0216 0.0911 0.0216 0.0022 0.0002 1.0000 1.0000 0.1667 0.0154 0.0014 0.0001 1.0000 1.0000 0.1155 0.0108 0.0010 0.0001 1.0000 0.9180 0.0867 0.0082 0.0008 0.0001 1.0000 0.7088 0.0670 0.0063 0.0006 1.0000 1.0000 0.5493 0.0520 0.0049 0.0005 1.0000 1.0000 0.4274 0.0405 0.0038 0.0004 1.0000 1.0000 0.3350 0.0317 0.0030 0.0003 1.0000 1.0000 0.2626 0.0249 0.0024 0.0002
1.0000 0.0005 0.0056 0.0588 0.6204 1.0000 1.0000 0.0007 0.0071 0.0750 0.7914 1.0000 0.0001 0.0009 0.0091 0.0959 1.0000 1.0000 0.0001 0.0011 0.0116 0.1230 1.0000 1.0000 0.0001 0.0014 0.0150 0.1587 1.0000 1.0000 0.0002 0.0018 0.0194 0.2055 1.0000 1.0000 0.0002 0.0024 0.0260 0.2786 1.0000 1.0000 0.0003 0.0035 0.0377 0.4114 1.0000 1.0000 0.0005 0.0049 0.0216 0.0049 0.0005 1.0000 1.0000 0.4114 0.0377 0.0035 0.0003 1.0000 1.0000 0.2786 0.0260 0.0024 0.0002 1.0000 1.0000 0.2055 0.0194 0.0018 0.0002 1.0000 1.0000 0.1587 0.0150 0.0014 0.0001 1.0000 1.0000 0.1230 0.0116 0.0011 0.0001 1.0000 1.0000 0.0959 0.0091 0.0009 0.0001 1.0000 0.7914 0.0750 0.0071 0.0007 1.0000 1.0000 0.6204 0.0588 0.0056 0.0005 1.0000
1.0000 1.0000 0.0005 0.0057 0.0597 0.6299 1.0000 1.0000 0.0007 0.0072 0.0762 0.8036 1.0000 0.0001 0.0009 0.0092 0.0971 1.0000 1.0000 0.0001 0.0011 0.0118 0.1251 1.0000 1.0000 0.0001 0.0014 0.0153 0.1614 1.0000 1.0000 0.0002 0.0019 0.0198 0.2106 1.0000 1.0000 0.0002 0.0025 0.0271 0.2916 1.0000 1.0000 0.0003 0.0037 0.0407 0.4456 1.0000 1.0000 0.0005 0.0022 0.0005 1.0000 1.0000 0.4456 0.0407 0.0037 0.0003 1.0000 1.0000 0.2916 0.0271 0.0025 0.0002 1.0000 1.0000 0.2106 0.0198 0.0019 0.0002 1.0000 1.0000 0.1614 0.0153 0.0014 0.0001 1.0000 1.0000 0.1251 0.0118 0.0011 0.0001 1.0000 1.0000 0.0971 0.0092 0.0009 0.0001 1.0000 0.8036 0.0762 0.0072 0.0007 1.0000 1.0000 0.6299 0.0597 0.0057 0.0005 1.0000 1.0000
0.4225 1.0000 1.0000 0.0005 0.0053 0.0555 0.5860 1.0000 1.0000 0.0006 0.0067 0.0708 0.7475 1.0000 0.0001 0.0008 0.0086 0.0905 0.9572 1.0000 0.0001 0.0010 0.0110 0.1166 1.0000 1.0000 0.0001 0.0013 0.0142 0.1507 1.0000 1.0000 0.0002 0.0018 0.0187 0.1990 1.0000 1.0000 0.0002 0.0024 0.0262 0.2829 1.0000 1.0000 0.0003 0.0037 0.0407 0.4482 1.0000 1.0000 0.0002 1.0000 1.0000 0.4482 0.0407 0.0037 0.0003 1.0000 1.0000 0.2829 0.0262 0.0024 0.0002 1.0000 1.0000 0.1990 0.0187 0.0018 0.0002 1.0000 1.0000 0.1507 0.0142 0.0013 0.0001 1.0000 1.0000 0.1166 0.0110 0.0010 0.0001 1.0000 0.9572 0.0905 0.0086 0.0008 0.0001 1.0000 0.7475 0.0708 0.0067 0.0006 1.0000 1.0000 0.5860 0.0555 0.0053 0.0005 1.0000 1.0000 0.4225
0.0367 0.4209 1.0000 1.0000 0.0005 0.0048 0.0509 0.5369 1.0000 1.0000 0.0006 0.0062 0.0649 0.6849 1.0000 0.0001 0.0007 0.0079 0.0831 0.8770 1.0000 0.0001 0.0010 0.0101 0.1070 1.0000 1.0000 0.0001 0.0012 0.0131 0.1386 1.0000 1.0000 0.0002 0.0016 0.0174 0.1865 1.0000 1.0000 0.0002 0.0023 0.0251 0.2739 1.0000 1.0000 0.0003 0.0037 0.0407 0.4456 1.0000 1.0000 1.0000 0.4456 0.0407 0.0037 0.0003 1.0000 1.0000 0.2739 0.0251 0.0023 0.0002 1.0000 1.0000 0.1865 0.0174 0.0016 0.0002 1.0000 1.0000 0.1386 0.0131 0.0012 0.0001 1.0000 1.0000 0.1070 0.0101 0.0010 0.0001 1.0000 0.8770 0.0831 0.0079 0.0007 0.0001 1.0000 0.6849 0.0649 0.0062 0.0006 1.0000 1.0000 0.5369 0.0509 0.0048 0.0005 1.0000 1.0000 0.4209 0.0367
0.0032 0.0364 0.3842 1.0000 1.0000 0.0004 0.0044 0.0464 0.4901 1.0000 1.0000 0.0005 0.0056 0.0592 0.6252 1.0000 1.0000 0.0007 0.0072 0.0760 0.8036 1.0000 0.0001 0.0009 0.0093 0.0981 1.0000 1.0000 0.0001 0.0011 0.0120 0.1277 1.0000 1.0000 0.0001 0.0015 0.0163 0.1755 1.0000 1.0000 0.0002 0.0022 0.0244 0.2677 1.0000 1.0000 0.0003 0.0037 0.0407 0.4114 1.0000 0.4114 0.0407 0.0037 0.0003 1.0000 1.0000 0.2677 0.0244 0.0022 0.0002 1.0000 1.0000 0.1755 0.0163 0.0015 0.0001 1.0000 1.0000 0.1277 0.0120 0.0011 0.0001 1.0000 1.0000 0.0981 0.0093 0.0009 0.0001 1.0000 0.8036 0.0760 0.0072 0.0007 1.0000 1.0000 0.6252 0.0592 0.0056 0.0005 1.0000 1.0000 0.4901 0.0464 0.0044 0.0004 1.0000 1.0000 0.3842 0.0364 0.0032
