-0.2896 -0.3481 0.0154 0.2364 -0.1347 -0.2636 -0.3297 -0.3223 0.0956 0.2541 -0.1905 -0.2884 -0.3414 -0.1780 0.1654 0.0189 -0.2340 -0.3105 -0.3478 0.0086 0.2322 -0.1296 -0.2618 -0.3286 -0.3269 0.0907 0.2585 -0.1870 -0.2866 -0.3407 -0.1945 0.1596 0.0410 -0.2308 -0.3090 -0.3474 -0.0001 0.2274 -0.1238 -0.2599 -0.3275 -0.3309 0.0857 0.2615 -0.1835 -0.2849 -0.3401 -0.2115 0.1501 0.1322 -0.1718 0.1322 0.1501 -0.2115 -0.3401 -0.2849 -0.1835 0.2615 0.0857 -0.3309 -0.3275 -0.2599 -0.1238 0.2274 -0.0001 -0.3474 -0.3090 -0.2308 0.0410 0.1596 -0.1945 -0.3407 -0.2866 -0.1870 0.2585 0.0907 -0.3269 -0.3286 -0.2618 -0.1296 0.2322 0.0086 -0.3478 -0.3105 -0.2340 0.0189 0.1654 -0.1780 -0.3414 -0.2884 -0.1905 0.2541 0.0956 -0.3223 -0.3297 -0.2636 -0.1347 0.2364 0.0154 -0.3481 -0.2896
-0.3481 0.0203 0.2352 -0.1339 -0.2859 -0.3492 -0.3346 0.0944 0.2671 -0.1988 -0.3097 -0.3593 -0.1864 0.1609 0.0560 -0.2543 -0.3312 -0.3629 0.0074 0.2289 -0.1267 -0.2839 -0.3482 -0.3395 0.0895 0.2692 -0.1946 -0.3080 -0.3588 -0.2033 0.1554 0.0814 -0.2500 -0.3297 -0.3628 -0.0015 0.2238 -0.1198 -0.2820 -0.3471 -0.3438 0.0846 0.2701 -0.1904 -0.3063 -0.3583 -0.2196 0.1495 0.1188 -0.2367 -0.2977 -0.2367 0.1188 0.1495 -0.2196 -0.3583 -0.3063 -0.1904 0.2701 0.0846 -0.3438 -0.3471 -0.2820 -0.1198 0.2238 -0.0015 -0.3628 -0.3297 -0.2500 0.0814 0.1554 -0.2033 -0.3588 -0.3080 -0.1946 0.2692 0.0895 -0.3395 -0.3482 -0.2839 -0.1267 0.2289 0.0074 -0.3629 -0.3312 -0.2543 0.0560 0.1609 -0.1864 -0.3593 -0.3097 -0.1988 0.2671 0.0944 -0.3346 -0.3492 -0.2859 -0.1339 0.2352 0.0203 -0.3481
0.0154 0.2352 -0.1303 -0.2840 -0.3478 -0.3409 0.0874 0.2698 -0.1924 -0.3071 -0.3584 -0.2122 0.1522 0.0955 -0.2477 -0.3288 -0.3626 -0.0069 0.2210 -0.1158 -0.2810 -0.3465 -0.3458 0.0817 0.2701 -0.1880 -0.3053 -0.3579 -0.2280 0.1470 0.1211 -0.2435 -0.3273 -0.3624 -0.0170 0.2160 -0.1081 -0.2791 -0.3454 -0.3493 0.0767 0.2695 -0.1837 -0.3036 -0.3573 -0.2427 0.1418 0.1471 -0.2378 -0.3250 -0.3660 -0.3250 -0.2378 0.1471 0.1418 -0.2427 -0.3573 -0.3036 -0.1837 0.2695 0.0767 -0.3493 -0.3454 -0.2791 -0.1081 0.2160 -0.0170 -0.3624 -0.3273 -0.2435 0.1211 0.1470 -0.2280 -0.3579 -0.3053 -0.1880 0.2701 0.0817 -0.3458 -0.3465 -0.2810 -0.1158 0.2210 -0.0069 -0.3626 -0.3288 -0.2477 0.0955 0.1522 -0.2122 -0.3584 -0.3071 -0.1924 0.2698 0.0874 -0.3409 -0.3478 -0.2840 -0.1303 0.2352 0.0154
0.2364 -0.1339 -0.2840 -0.3473 -0.3443 0.0821 0.2701 -0.1867 -0.3046 -0.3576 -0.2354 0.1443 0.1342 -0.2413 -0.3265 -0.3623 -0.0230 0.2132 -0.1035 -0.2781 -0.3447 -0.3510 0.0738 0.2688 -0.1812 -0.3026 -0.3570 -0.2504 0.1391 0.1579 -0.2370 -0.3249 -0.3621 -0.0346 0.2083 -0.0948 -0.2762 -0.3436 -0.3537 0.0686 0.2669 -0.1767 -0.3008 -0.3563 -0.2634 0.1341 0.1793 -0.2327 -0.3232 -0.3696 -0.3200 -0.3696 -0.3232 -0.2327 0.1793 0.1341 -0.2634 -0.3563 -0.3008 -0.1767 0.2669 0.0686 -0.3537 -0.3436 -0.2762 -0.0948 0.2083 -0.0346 -0.3621 -0.3249 -0.2370 0.1579 0.1391 -0.2504 -0.3570 -0.3026 -0.1812 0.2688 0.0738 -0.3510 -0.3447 -0.2781 -0.1035 0.2132 -0.0230 -0.3623 -0.3265 -0.2413 0.1342 0.1443 -0.2354 -0.3576 -0.3046 -0.1867 0.2701 0.0821 -0.3443 -0.3473 -0.2840 -0.1339 0.2364
-0.1347 -0.2859 -0.3478 -0.3443 0.0801 0.2696 -0.1825 -0.3026 -0.3568 -0.2544 0.1372 0.1676 -0.2350 -0.3241 -0.3620 -0.0414 0.2056 -0.0895 -0.2751 -0.3429 -0.3550 0.0656 0.2656 -0.1742 -0.2998 -0.3559 -0.2702 0.1314 0.1899 -0.2307 -0.3225 -0.3618 -0.0548 0.2007 -0.0793 -0.2732 -0.3417 -0.3571 0.0602 0.2627 -0.1696 -0.2981 -0.3552 -0.2816 0.1266 0.2073 -0.2266 -0.3209 -0.3622 -0.1041 0.0982 -0.1041 -0.3622 -0.3209 -0.2266 0.2073 0.1266 -0.2816 -0.3552 -0.2981 -0.1696 0.2627 0.0602 -0.3571 -0.3417 -0.2732 -0.0793 0.2007 -0.0548 -0.3618 -0.3225 -0.2307 0.1899 0.1314 -0.2702 -0.3559 -0.2998 -0.1742 0.2656 0.0656 -0.3550 -0.3429 -0.2751 -0.0895 0.2056 -0.0414 -0.3620 -0.3241 -0.2350 0.1676 0.1372 -0.2544 -0.3568 -0.3026 -0.1825 0.2696 0.0801 -0.3443 -0.3478 -0.2859 -0.1347
-0.2636 -0.3492 -0.3409 0.0821 0.2696 -0.1809 -0.3014 -0.3561 -0.2680 0.1313 0.1935 -0.2294 -0.3219 -0.3617 -0.0617 0.1983 -0.0735 -0.2722 -0.3410 -0.3580 0.0570 0.2609 -0.1669 -0.2971 -0.3548 -0.2875 0.1239 0.2159 -0.2243 -0.3200 -0.3614 -0.0778 0.1933 -0.0612 -0.2703 -0.3397 -0.3596 0.0512 0.2573 -0.1621 -0.2953 -0.3540 -0.2973 0.1191 0.2295 -0.2203 -0.3184 -0.3613 -0.1008 0.1690 0.2652 0.1690 -0.1008 -0.3613 -0.3184 -0.2203 0.2295 0.1191 -0.2973 -0.3540 -0.2953 -0.1621 0.2573 0.0512 -0.3596 -0.3397 -0.2703 -0.0612 0.1933 -0.0778 -0.3614 -0.3200 -0.2243 0.2159 0.1239 -0.2875 -0.3548 -0.2971 -0.1669 0.2609 0.0570 -0.3580 -0.3410 -0.2722 -0.0735 0.1983 -0.0617 -0.3617 -0.3219 -0.2294 0.1935 0.1313 -0.2680 -0.3561 -0.3014 -0.1809 0.2696 0.0821 -0.3409 -0.3492 -0.2636
-0.3297 -0.3346 0.0874 0.2701 -0.1825 -0.3014 -0.3559 -0.2752 0.1273 0.2107 -0.2247 -0.3199 -0.3613 -0.0830 0.1915 -0.0553 -0.2693 -0.3390 -0.3602 0.0480 0.2552 -0.1593 -0.2943 -0.3535 -0.3024 0.1165 0.2361 -0.2180 -0.3175 -0.3610 -0.1033 0.1861 -0.0394 -0.2673 -0.3377 -0.3613 0.0417 0.2510 -0.1541 -0.2925 -0.3527 -0.3107 0.1117 0.2462 -0.2139 -0.3159 -0.3608 -0.1221 0.1777 0.0313 -0.2027 0.0313 0.1777 -0.1221 -0.3608 -0.3159 -0.2139 0.2462 0.1117 -0.3107 -0.3527 -0.2925 -0.1541 0.2510 0.0417 -0.3613 -0.3377 -0.2673 -0.0394 0.1861 -0.1033 -0.3610 -0.3175 -0.2180 0.2361 0.1165 -0.3024 -0.3535 -0.2943 -0.1593 0.2552 0.0480 -0.3602 -0.3390 -0.2693 -0.0553 0.1915 -0.0830 -0.3613 -0.3199 -0.2247 0.2107 0.1273 -0.2752 -0.3559 -0.3014 -0.1825 0.2701 0.0874 -0.3346 -0.3297
-0.3223 0.0944 0.2698 -0.1867 -0.3026 -0.3561 -0.2752 0.1258 0.2191 -0.2215 -0.3183 -0.3610 -0.1032 0.1854 -0.0351 -0.2666 -0.3371 -0.3617 0.0386 0.2489 -0.1514 -0.2915 -0.3522 -0.3149 0.1091 0.2509 -0.2117 -0.3150 -0.3605 -0.1306 0.1782 -0.0129 -0.2643 -0.3355 -0.3624 0.0314 0.2441 -0.1457 -0.2896 -0.3513 -0.3221 0.1043 0.2579 -0.2076 -0.3133 -0.3602 -0.1488 0.1720 0.0165 -0.2546 -0.3055 -0.2546 0.0165 0.1720 -0.1488 -0.3602 -0.3133 -0.2076 0.2579 0.1043 -0.3221 -0.3513 -0.2896 -0.1457 0.2441 0.0314 -0.3624 -0.3355 -0.2643 -0.0129 0.1782 -0.1306 -0.3605 -0.3150 -0.2117 0.2509 0.1091 -0.3149 -0.3522 -0.2915 -0.1514 0.2489 0.0386 -0.3617 -0.3371 -0.2666 -0.0351 0.1854 -0.1032 -0.3610 -0.3183 -0.2215 0.2191 0.1258 -0.2752 -0.3561 -0.3026 -0.1867 0.2698 0.0944 -0.3223
0.0956 0.2671 -0.1924 -0.3046 -0.3568 -0.2680 0.1273 0.2191 -0.2203 -0.3174 -0.3607 -0.1193 0.1804 -0.0148 -0.2642 -0.3352 -0.3625 0.0288 0.2422 -0.1432 -0.2888 -0.3508 -0.3254 0.1019 0.2608 -0.2054 -0.3124 -0.3599 -0.1586 0.1695 0.0189 -0.2602 -0.3334 -0.3628 0.0200 0.2367 -0.1366 -0.2868 -0.3498 -0.3315 0.0969 0.2653 -0.2012 -0.3107 -0.3595 -0.1764 0.1636 0.0442 -0.2552 -0.3320 -0.3707 -0.3320 -0.2552 0.0442 0.1636 -0.1764 -0.3595 -0.3107 -0.2012 0.2653 0.0969 -0.3315 -0.3498 -0.2868 -0.1366 0.2367 0.0200 -0.3628 -0.3334 -0.2602 0.0189 0.1695 -0.1586 -0.3599 -0.3124 -0.2054 0.2608 0.1019 -0.3254 -0.3508 -0.2888 -0.1432 0.2422 0.0288 -0.3625 -0.3352 -0.2642 -0.0148 0.1804 -0.1193 -0.3607 -0.3174 -0.2203 0.2191 0.1273 -0.2680 -0.3568 -0.3046 -0.1924 0.2671 0.0956
0.2541 -0.1988 -0.3071 -0.3576 -0.2544 0.1313 0.2107 -0.2215 -0.3174 -0.3606 -0.1282 0.1767 0.0024 -0.2621 -0.3336 -0.3628 0.0189 0.2355 -0.1347 -0.2861 -0.3493 -0.3340 0.0947 0.2669 -0.1991 -0.3098 -0.3593 -0.1859 0.1607 0.0557 -0.2544 -0.3311 -0.3628 0.0074 0.2290 -0.1268 -0.2839 -0.3482 -0.3394 0.0894 0.2692 -0.1947 -0.3080 -0.3588 -0.2031 0.1552 0.0814 -0.2498 -0.3296 -0.3695 -0.2775 -0.3695 -0.3296 -0.2498 0.0814 0.1552 -0.2031 -0.3588 -0.3080 -0.1947 0.2692 0.0894 -0.3394 -0.3482 -0.2839 -0.1268 0.2290 0.0074 -0.3628 -0.3311 -0.2544 0.0557 0.1607 -0.1859 -0.3593 -0.3098 -0.1991 0.2669 0.0947 -0.3340 -0.3493 -0.2861 -0.1347 0.2355 0.0189 -0.3628 -0.3336 -0.2621 0.0024 0.1767 -0.1282 -0.3606 -0.3174 -0.2215 0.2107 0.1313 -0.2544 -0.3576 -0.3071 -0.1988 0.2541
-0.1905 -0.3097 -0.3584 -0.2354 0.1372 0.1935 -0.2247 -0.3183 -0.3607 -0.1282 0.1753 0.0123 -0.2601 -0.3324 -0.3629 0.0100 0.2294 -0.1264 -0.2835 -0.3479 -0.3410 0.0875 0.2697 -0.1927 -0.3072 -0.3585 -0.2114 0.1525 0.0947 -0.2478 -0.3288 -0.3626 -0.0068 0.2211 -0.1159 -0.2810 -0.3465 -0.3458 0.0818 0.2702 -0.1880 -0.3053 -0.3579 -0.2279 0.1470 0.1208 -0.2435 -0.3273 -0.3627 -0.0425 0.1161 -0.0425 -0.3627 -0.3273 -0.2435 0.1208 0.1470 -0.2279 -0.3579 -0.3053 -0.1880 0.2702 0.0818 -0.3458 -0.3465 -0.2810 -0.1159 0.2211 -0.0068 -0.3626 -0.3288 -0.2478 0.0947 0.1525 -0.2114 -0.3585 -0.3072 -0.1927 0.2697 0.0875 -0.3410 -0.3479 -0.2835 -0.1264 0.2294 0.0100 -0.3629 -0.3324 -0.2601 0.0123 0.1753 -0.1282 -0.3607 -0.3183 -0.2247 0.1935 0.1372 -0.2354 -0.3584 -0.3097 -0.1905
-0.2884 -0.3593 -0.2122 0.1443 0.1676 -0.2294 -0.3199 -0.3610 -0.1193 0.1767 0.0123 -0.2590 -0.3317 -0.3628 0.0029 0.2246 -0.1188 -0.2813 -0.3465 -0.3463 0.0806 0.2700 -0.1864 -0.3046 -0.3576 -0.2348 0.1446 0.1328 -0.2415 -0.3266 -0.3623 -0.0227 0.2133 -0.1036 -0.2781 -0.3447 -0.3509 0.0739 0.2688 -0.1813 -0.3026 -0.3570 -0.2503 0.1391 0.1578 -0.2371 -0.3250 -0.3622 -0.0397 0.1894 0.2474 0.1894 -0.0397 -0.3622 -0.3250 -0.2371 0.1578 0.1391 -0.2503 -0.3570 -0.3026 -0.1813 0.2688 0.0739 -0.3509 -0.3447 -0.2781 -0.1036 0.2133 -0.0227 -0.3623 -0.3266 -0.2415 0.1328 0.1446 -0.2348 -0.3576 -0.3046 -0.1864 0.2700 0.0806 -0.3463 -0.3465 -0.2813 -0.1188 0.2246 0.0029 -0.3628 -0.3317 -0.2590 0.0123 0.1767 -0.1193 -0.3610 -0.3199 -0.2294 0.1676 0.1443 -0.2122 -0.3593 -0.2884
-0.3414 -0.1864 0.1522 0.1342 -0.2350 -0.3219 -0.3613 -0.1032 0.1804 0.0024 -0.2601 -0.3317 -0.3628 -0.0011 0.2213 -0.1129 -0.2795 -0.3452 -0.3502 0.0742 0.2687 -0.1804 -0.3021 -0.3567 -0.2555 0.1371 0.1673 -0.2352 -0.3242 -0.3620 -0.0407 0.2058 -0.0899 -0.2752 -0.3429 -0.3550 0.0657 0.2656 -0.1743 -0.2999 -0.3559 -0.2701 0.1314 0.1897 -0.2307 -0.3225 -0.3618 -0.0559 0.1986 -0.0466 -0.2189 -0.0466 0.1986 -0.0559 -0.3618 -0.3225 -0.2307 0.1897 0.1314 -0.2701 -0.3559 -0.2999 -0.1743 0.2656 0.0657 -0.3550 -0.3429 -0.2752 -0.0899 0.2058 -0.0407 -0.3620 -0.3242 -0.2352 0.1673 0.1371 -0.2555 -0.3567 -0.3021 -0.1804 0.2687 0.0742 -0.3502 -0.3452 -0.2795 -0.1129 0.2213 -0.0011 -0.3628 -0.3317 -0.2601 0.0024 0.1804 -0.1032 -0.3613 -0.3219 -0.2350 0.1342 0.1522 -0.1864 -0.3414
-0.1780 0.1609 0.0955 -0.2413 -0.3241 -0.3617 -0.0830 0.1854 -0.0148 -0.2621 -0.3324 -0.3628 -0.0011 0.2202 -0.1096 -0.2784 -0.3443 -0.3528 0.0688 0.2664 -0.1748 -0.2998 -0.3558 -0.2730 0.1300 0.1963 -0.2291 -0.3219 -0.3617 -0.0611 0.1985 -0.0742 -0.2723 -0.3411 -0.3580 0.0572 0.2610 -0.1670 -0.2971 -0.3548 -0.2874 0.1239 0.2158 -0.2243 -0.3201 -0.3615 -0.0779 0.1929 -0.0554 -0.2654 -0.3134 -0.2654 -0.0554 0.1929 -0.0779 -0.3615 -0.3201 -0.2243 0.2158 0.1239 -0.2874 -0.3548 -0.2971 -0.1670 0.2610 0.0572 -0.3580 -0.3411 -0.2723 -0.0742 0.1985 -0.0611 -0.3617 -0.3219 -0.2291 0.1963 0.1300 -0.2730 -0.3558 -0.2998 -0.1748 0.2664 0.0688 -0.3528 -0.3443 -0.2784 -0.1096 0.2202 -0.0011 -0.3628 -0.3324 -0.2621 -0.0148 0.1854 -0.0830 -0.3617 -0.3241 -0.2413 0.0955 0.1609 -0.1780
0.1654 0.0560 -0.2477 -0.3265 -0.3620 -0.0617 0.1915 -0.0351 -0.2642 -0.3336 -0.3629 0.0029 0.2213 -0.1096 -0.2780 -0.3438 -0.3543 0.0648 0.2641 -0.1701 -0.2978 -0.3549 -0.2870 0.1235 0.2187 -0.2232 -0.3195 -0.3613 -0.0839 0.1914 -0.0556 -0.2694 -0.3391 -0.3602 0.0484 0.2554 -0.1595 -0.2944 -0.3536 -0.3021 0.1166 0.2360 -0.2180 -0.3175 -0.3610 -0.1031 0.1860 -0.0381 -0.2665 -0.3386 -0.3746 -0.3386 -0.2665 -0.0381 0.1860 -0.1031 -0.3610 -0.3175 -0.2180 0.2360 0.1166 -0.3021 -0.3536 -0.2944 -0.1595 0.2554 0.0484 -0.3602 -0.3391 -0.2694 -0.0556 0.1914 -0.0839 -0.3613 -0.3195 -0.2232 0.2187 0.1235 -0.2870 -0.3549 -0.2978 -0.1701 0.2641 0.0648 -0.3543 -0.3438 -0.2780 -0.1096 0.2213 0.0029 -0.3629 -0.3336 -0.2642 -0.0351 0.1915 -0.0617 -0.3620 -0.3265 -0.2477 0.0560 0.1654
0.0189 -0.2543 -0.3288 -0.3623 -0.0414 0.1983 -0.0553 -0.2666 -0.3352 -0.3628 0.0100 0.2246 -0.1129 -0.2784 -0.3438 -0.3548 0.0627 0.2623 -0.1667 -0.2962 -0.3541 -0.2978 0.1178 0.2350 -0.2178 -0.3173 -0.3609 -0.1083 0.1845 -0.0336 -0.2665 -0.3371 -0.3617 0.0389 0.2491 -0.1517 -0.2916 -0.3523 -0.3145 0.1093 0.2506 -0.2118 -0.3150 -0.3605 -0.1304 0.1783 -0.0127 -0.2641 -0.3356 -0.3679 -0.2176 -0.3679 -0.3356 -0.2641 -0.0127 0.1783 -0.1304 -0.3605 -0.3150 -0.2118 0.2506 0.1093 -0.3145 -0.3523 -0.2916 -0.1517 0.2491 0.0389 -0.3617 -0.3371 -0.2665 -0.0336 0.1845 -0.1083 -0.3609 -0.3173 -0.2178 0.2350 0.1178 -0.2978 -0.3541 -0.2962 -0.1667 0.2623 0.0627 -0.3548 -0.3438 -0.2784 -0.1129 0.2246 0.0100 -0.3628 -0.3352 -0.2666 -0.0553 0.1983 -0.0414 -0.3623 -0.3288 -0.2543 0.0189
-0.2340 -0.3312 -0.3626 -0.0230 0.2056 -0.0735 -0.2693 -0.3371 -0.3625 0.0189 0.2294 -0.1188 -0.2795 -0.3443 -0.3543 0.0627 0.2617 -0.1648 -0.2953 -0.3535 -0.3055 0.1132 0.2460 -0.2130 -0.3152 -0.3605 -0.1325 0.1773 -0.0080 -0.2637 -0.3351 -0.3625 0.0287 0.2422 -0.1434 -0.2889 -0.3509 -0.3250 0.1022 0.2605 -0.2056 -0.3124 -0.3599 -0.1581 0.1696 0.0187 -0.2602 -0.3334 -0.3628 0.0015 0.1347 0.0015 -0.3628 -0.3334 -0.2602 0.0187 0.1696 -0.1581 -0.3599 -0.3124 -0.2056 0.2605 0.1022 -0.3250 -0.3509 -0.2889 -0.1434 0.2422 0.0287 -0.3625 -0.3351 -0.2637 -0.0080 0.1773 -0.1325 -0.3605 -0.3152 -0.2130 0.2460 0.1132 -0.3055 -0.3535 -0.2953 -0.1648 0.2617 0.0627 -0.3543 -0.3443 -0.2795 -0.1188 0.2294 0.0189 -0.3625 -0.3371 -0.2693 -0.0735 0.2056 -0.0230 -0.3626 -0.3312 -0.2340
-0.3105 -0.3629 -0.0069 0.2132 -0.0895 -0.2722 -0.3390 -0.3617 0.0288 0.2355 -0.1264 -0.2813 -0.3452 -0.3528 0.0648 0.2623 -0.1648 -0.2949 -0.3532 -0.3099 0.1099 0.2528 -0.2091 -0.3134 -0.3600 -0.1548 0.1699 0.0203 -0.2598 -0.3330 -0.3629 0.0175 0.2350 -0.1344 -0.2861 -0.3494 -0.3337 0.0950 0.2667 -0.1993 -0.3099 -0.3593 -0.1850 0.1610 0.0547 -0.2545 -0.3312 -0.3628 0.0039 0.2107 0.1964 0.2107 0.0039 -0.3628 -0.3312 -0.2545 0.0547 0.1610 -0.1850 -0.3593 -0.3099 -0.1993 0.2667 0.0950 -0.3337 -0.3494 -0.2861 -0.1344 0.2350 0.0175 -0.3629 -0.3330 -0.2598 0.0203 0.1699 -0.1548 -0.3600 -0.3134 -0.2091 0.2528 0.1099 -0.3099 -0.3532 -0.2949 -0.1648 0.2623 0.0648 -0.3528 -0.3452 -0.2813 -0.1264 0.2355 0.0288 -0.3617 -0.3390 -0.2722 -0.0895 0.2132 -0.0069 -0.3629 -0.3105
-0.3478 0.0074 0.2210 -0.1035 -0.2751 -0.3410 -0.3602 0.0386 0.2422 -0.1347 -0.2835 -0.3465 -0.3502 0.0688 0.2641 -0.1667 -0.2953 -0.3532 -0.3114 0.1082 0.2565 -0.2064 -0.3121 -0.3596 -0.1735 0.1634 0.0489 -0.2548 -0.3311 -0.3628 0.0057 0.2277 -0.1248 -0.2833 -0.3478 -0.3410 0.0876 0.2697 -0.1930 -0.3073 -0.3585 -0.2104 0.1528 0.0932 -0.2480 -0.3289 -0.3626 -0.0073 0.2191 -0.0947 -0.2321 -0.0947 0.2191 -0.0073 -0.3626 -0.3289 -0.2480 0.0932 0.1528 -0.2104 -0.3585 -0.3073 -0.1930 0.2697 0.0876 -0.3410 -0.3478 -0.2833 -0.1248 0.2277 0.0057 -0.3628 -0.3311 -0.2548 0.0489 0.1634 -0.1735 -0.3596 -0.3121 -0.2064 0.2565 0.1082 -0.3114 -0.3532 -0.2953 -0.1667 0.2641 0.0688 -0.3502 -0.3465 -0.2835 -0.1347 0.2422 0.0386 -0.3602 -0.3410 -0.2751 -0.1035 0.2210 0.0074 -0.3478
0.0086 0.2289 -0.1158 -0.2781 -0.3429 -0.3580 0.0480 0.2489 -0.1432 -0.2861 -0.3479 -0.3463 0.0742 0.2664 -0.1701 -0.2962 -0.3535 -0.3099 0.1082 0.2576 -0.2049 -0.3112 -0.3593 -0.1876 0.1583 0.0747 -0.2500 -0.3293 -0.3626 -0.0066 0.2206 -0.1146 -0.2806 -0.3462 -0.3469 0.0802 0.2700 -0.1865 -0.3047 -0.3577 -0.2339 0.1449 0.1313 -0.2417 -0.3266 -0.3623 -0.0224 0.2131 -0.1003 -0.2737 -0.3213 -0.2737 -0.1003 0.2131 -0.0224 -0.3623 -0.3266 -0.2417 0.1313 0.1449 -0.2339 -0.3577 -0.3047 -0.1865 0.2700 0.0802 -0.3469 -0.3462 -0.2806 -0.1146 0.2206 -0.0066 -0.3626 -0.3293 -0.2500 0.0747 0.1583 -0.1876 -0.3593 -0.3112 -0.2049 0.2576 0.1082 -0.3099 -0.3535 -0.2962 -0.1701 0.2664 0.0742 -0.3463 -0.3479 -0.2861 -0.1432 0.2489 0.0480 -0.3580 -0.3429 -0.2781 -0.1158 0.2289 0.0086
0.2322 -0.1267 -0.2810 -0.3447 -0.3550 0.0570 0.2552 -0.1514 -0.2888 -0.3493 -0.3410 0.0806 0.2687 -0.1748 -0.2978 -0.3541 -0.3055 0.1099 0.2565 -0.2049 -0.3109 -0.3592 -0.1963 0.1547 0.0949 -0.2462 -0.3278 -0.3624 -0.0187 0.2143 -0.1041 -0.2780 -0.3446 -0.3515 0.0726 0.2683 -0.1799 -0.3020 -0.3568 -0.2550 0.1373 0.1660 -0.2355 -0.3243 -0.3620 -0.0400 0.2060 -0.0896 -0.2745 -0.3450 -0.3776 -0.3450 -0.2745 -0.0896 0.2060 -0.0400 -0.3620 -0.3243 -0.2355 0.1660 0.1373 -0.2550 -0.3568 -0.3020 -0.1799 0.2683 0.0726 -0.3515 -0.3446 -0.2780 -0.1041 0.2143 -0.0187 -0.3624 -0.3278 -0.2462 0.0949 0.1547 -0.1963 -0.3592 -0.3109 -0.2049 0.2565 0.1099 -0.3055 -0.3541 -0.2978 -0.1748 0.2687 0.0806 -0.3410 -0.3493 -0.2888 -0.1514 0.2552 0.0570 -0.3550 -0.3447 -0.2810 -0.1267 0.2322
-0.1296 -0.2839 -0.3465 -0.3510 0.0656 0.2609 -0.1593 -0.2915 -0.3508 -0.3340 0.0875 0.2700 -0.1804 -0.2998 -0.3549 -0.2978 0.1132 0.2528 -0.2064 -0.3112 -0.3592 -0.1992 0.1529 0.1077 -0.2435 -0.3266 -0.3622 -0.0299 0.2089 -0.0938 -0.2756 -0.3430 -0.3550 0.0651 0.2651 -0.1732 -0.2994 -0.3557 -0.2737 0.1299 0.1958 -0.2293 -0.3219 -0.3617 -0.0603 0.1988 -0.0746 -0.2722 -0.3413 -0.3634 -0.1420 -0.3634 -0.3413 -0.2722 -0.0746 0.1988 -0.0603 -0.3617 -0.3219 -0.2293 0.1958 0.1299 -0.2737 -0.3557 -0.2994 -0.1732 0.2651 0.0651 -0.3550 -0.3430 -0.2756 -0.0938 0.2089 -0.0299 -0.3622 -0.3266 -0.2435 0.1077 0.1529 -0.1992 -0.3592 -0.3112 -0.2064 0.2528 0.1132 -0.2978 -0.3549 -0.2998 -0.1804 0.2700 0.0875 -0.3340 -0.3508 -0.2915 -0.1593 0.2609 0.0656 -0.3510 -0.3465 -0.2839 -0.1296
-0.2618 -0.3482 -0.3458 0.0738 0.2656 -0.1669 -0.2943 -0.3522 -0.3254 0.0947 0.2697 -0.1864 -0.3021 -0.3558 -0.2870 0.1178 0.2460 -0.2091 -0.3121 -0.3593 -0.1963 0.1529 0.1121 -0.2421 -0.3259 -0.3621 -0.0391 0.2046 -0.0843 -0.2736 -0.3416 -0.3575 0.0580 0.2611 -0.1667 -0.2968 -0.3546 -0.2898 0.1226 0.2199 -0.2231 -0.3195 -0.3614 -0.0832 0.1917 -0.0564 -0.2695 -0.3392 -0.3605 0.0340 0.1553 0.0340 -0.3605 -0.3392 -0.2695 -0.0564 0.1917 -0.0832 -0.3614 -0.3195 -0.2231 0.2199 0.1226 -0.2898 -0.3546 -0.2968 -0.1667 0.2611 0.0580 -0.3575 -0.3416 -0.2736 -0.0843 0.2046 -0.0391 -0.3621 -0.3259 -0.2421 0.1121 0.1529 -0.1963 -0.3593 -0.3121 -0.2091 0.2460 0.1178 -0.2870 -0.3558 -0.3021 -0.1864 0.2697 0.0947 -0.3254 -0.3522 -0.2943 -0.1669 0.2656 0.0738 -0.3458 -0.3482 -0.2618
-0.3286 -0.3395 0.0817 0.2688 -0.1742 -0.2971 -0.3535 -0.3149 0.1019 0.2669 -0.1927 -0.3046 -0.3567 -0.2730 0.1235 0.2350 -0.2130 -0.3134 -0.3596 -0.1876 0.1547 0.1077 -0.2421 -0.3256 -0.3620 -0.0452 0.2016 -0.0763 -0.2719 -0.3403 -0.3592 0.0513 0.2566 -0.1604 -0.2944 -0.3535 -0.3033 0.1157 0.2384 -0.2170 -0.3171 -0.3609 -0.1083 0.1846 -0.0343 -0.2666 -0.3372 -0.3617 0.0363 0.2340 0.1022 0.2340 0.0363 -0.3617 -0.3372 -0.2666 -0.0343 0.1846 -0.1083 -0.3609 -0.3171 -0.2170 0.2384 0.1157 -0.3033 -0.3535 -0.2944 -0.1604 0.2566 0.0513 -0.3592 -0.3403 -0.2719 -0.0763 0.2016 -0.0452 -0.3620 -0.3256 -0.2421 0.1077 0.1547 -0.1876 -0.3596 -0.3134 -0.2130 0.2350 0.1235 -0.2730 -0.3567 -0.3046 -0.1927 0.2669 0.1019 -0.3149 -0.3535 -0.2971 -0.1742 0.2688 0.0817 -0.3395 -0.3286
-0.3269 0.0895 0.2701 -0.1812 -0.2998 -0.3548 -0.3024 0.1091 0.2608 -0.1991 -0.3072 -0.3576 -0.2555 0.1300 0.2187 -0.2178 -0.3152 -0.3600 -0.1735 0.1583 0.0949 -0.2435 -0.3259 -0.3620 -0.0475 0.2001 -0.0710 -0.2708 -0.3394 -0.3603 0.0455 0.2524 -0.1545 -0.2922 -0.3524 -0.3141 0.1091 0.2515 -0.2111 -0.3147 -0.3604 -0.1350 0.1769 -0.0077 -0.2637 -0.3351 -0.3625 0.0283 0.2404 -0.1282 -0.2457 -0.1282 0.2404 0.0283 -0.3625 -0.3351 -0.2637 -0.0077 0.1769 -0.1350 -0.3604 -0.3147 -0.2111 0.2515 0.1091 -0.3141 -0.3524 -0.2922 -0.1545 0.2524 0.0455 -0.3603 -0.3394 -0.2708 -0.0710 0.2001 -0.0475 -0.3620 -0.3259 -0.2435 0.0949 0.1583 -0.1735 -0.3600 -0.3152 -0.2178 0.2187 0.1300 -0.2555 -0.3576 -0.3072 -0.1991 0.2608 0.1091 -0.3024 -0.3548 -0.2998 -0.1812 0.2701 0.0895 -0.3269
0.0907 0.2692 -0.1880 -0.3026 -0.3559 -0.2875 0.1165 0.2509 -0.2054 -0.3098 -0.3585 -0.2348 0.1371 0.1963 -0.2232 -0.3173 -0.3605 -0.1548 0.1634 0.0747 -0.2462 -0.3266 -0.3621 -0.0452 0.2001 -0.0692 -0.2702 -0.3388 -0.3610 0.0410 0.2488 -0.1495 -0.2903 -0.3514 -0.3226 0.1031 0.2601 -0.2055 -0.3123 -0.3599 -0.1616 0.1684 0.0240 -0.2595 -0.3330 -0.3629 0.0176 0.2347 -0.1320 -0.2821 -0.3292 -0.2821 -0.1320 0.2347 0.0176 -0.3629 -0.3330 -0.2595 0.0240 0.1684 -0.1616 -0.3599 -0.3123 -0.2055 0.2601 0.1031 -0.3226 -0.3514 -0.2903 -0.1495 0.2488 0.0410 -0.3610 -0.3388 -0.2702 -0.0692 0.2001 -0.0452 -0.3621 -0.3266 -0.2462 0.0747 0.1634 -0.1548 -0.3605 -0.3173 -0.2232 0.1963 0.1371 -0.2348 -0.3585 -0.3098 -0.2054 0.2509 0.1165 -0.2875 -0.3559 -0.3026 -0.1880 0.2692 0.0907
0.2585 -0.1946 -0.3053 -0.3570 -0.2702 0.1239 0.2361 -0.2117 -0.3124 -0.3593 -0.2114 0.1446 0.1673 -0.2291 -0.3195 -0.3609 -0.1325 0.1699 0.0489 -0.2500 -0.3278 -0.3622 -0.0391 0.2016 -0.0710 -0.2702 -0.3386 -0.3613 0.0380 0.2461 -0.1455 -0.2888 -0.3504 -0.3290 0.0978 0.2654 -0.2003 -0.3101 -0.3593 -0.1863 0.1602 0.0593 -0.2536 -0.3308 -0.3628 0.0053 0.2276 -0.1243 -0.2827 -0.3510 -0.3793 -0.3510 -0.2827 -0.1243 0.2276 0.0053 -0.3628 -0.3308 -0.2536 0.0593 0.1602 -0.1863 -0.3593 -0.3101 -0.2003 0.2654 0.0978 -0.3290 -0.3504 -0.2888 -0.1455 0.2461 0.0380 -0.3613 -0.3386 -0.2702 -0.0710 0.2016 -0.0391 -0.3622 -0.3278 -0.2500 0.0489 0.1699 -0.1325 -0.3609 -0.3195 -0.2291 0.1673 0.1446 -0.2114 -0.3593 -0.3124 -0.2117 0.2361 0.1239 -0.2702 -0.3570 -0.3053 -0.1946 0.2585
-0.1870 -0.3080 -0.3579 -0.2504 0.1314 0.2159 -0.2180 -0.3150 -0.3599 -0.1859 0.1525 0.1328 -0.2352 -0.3219 -0.3613 -0.1083 0.1773 0.0203 -0.2548 -0.3293 -0.3624 -0.0299 0.2046 -0.0763 -0.2708 -0.3388 -0.3613 0.0369 0.2447 -0.1430 -0.2877 -0.3497 -0.3336 0.0934 0.2683 -0.1957 -0.3081 -0.3586 -0.2082 0.1529 0.0950 -0.2475 -0.3287 -0.3625 -0.0086 0.2200 -0.1140 -0.2804 -0.3466 -0.3539 -0.0685 -0.3539 -0.3466 -0.2804 -0.1140 0.2200 -0.0086 -0.3625 -0.3287 -0.2475 0.0950 0.1529 -0.2082 -0.3586 -0.3081 -0.1957 0.2683 0.0934 -0.3336 -0.3497 -0.2877 -0.1430 0.2447 0.0369 -0.3613 -0.3388 -0.2708 -0.0763 0.2046 -0.0299 -0.3624 -0.3293 -0.2548 0.0203 0.1773 -0.1083 -0.3613 -0.3219 -0.2352 0.1328 0.1525 -0.1859 -0.3599 -0.3150 -0.2180 0.2159 0.1314 -0.2504 -0.3579 -0.3080 -0.1870
-0.2866 -0.3588 -0.2280 0.1391 0.1899 -0.2243 -0.3175 -0.3605 -0.1586 0.1607 0.0947 -0.2415 -0.3242 -0.3617 -0.0839 0.1845 -0.0080 -0.2598 -0.3311 -0.3626 -0.0187 0.2089 -0.0843 -0.2719 -0.3394 -0.3610 0.0380 0.2447 -0.1421 -0.2872 -0.3493 -0.3366 0.0900 0.2696 -0.1918 -0.3063 -0.3580 -0.2268 0.1464 0.1276 -0.2418 -0.3266 -0.3623 -0.0240 0.2126 -0.1021 -0.2777 -0.3445 -0.3526 0.0597 0.1778 0.0597 -0.3526 -0.3445 -0.2777 -0.1021 0.2126 -0.0240 -0.3623 -0.3266 -0.2418 0.1276 0.1464 -0.2268 -0.3580 -0.3063 -0.1918 0.2696 0.0900 -0.3366 -0.3493 -0.2872 -0.1421 0.2447 0.0380 -0.3610 -0.3394 -0.2719 -0.0843 0.2089 -0.0187 -0.3626 -0.3311 -0.2598 -0.0080 0.1845 -0.0839 -0.3617 -0.3242 -0.2415 0.0947 0.1607 -0.1586 -0.3605 -0.3175 -0.2243 0.1899 0.1391 -0.2280 -0.3588 -0.2866
-0.3407 -0.2033 0.1470 0.1579 -0.2307 -0.3200 -0.3610 -0.1306 0.1695 0.0557 -0.2478 -0.3266 -0.3620 -0.0611 0.1914 -0.0336 -0.2637 -0.3330 -0.3628 -0.0066 0.2143 -0.0938 -0.2736 -0.3403 -0.3603 0.0410 0.2461 -0.1430 -0.2872 -0.3492 -0.3380 0.0879 0.2700 -0.1889 -0.3049 -0.3575 -0.2416 0.1409 0.1550 -0.2368 -0.3246 -0.3620 -0.0405 0.2056 -0.0889 -0.2749 -0.3427 -0.3555 0.0621 0.2569 -0.0015 0.2569 0.0621 -0.3555 -0.3427 -0.2749 -0.0889 0.2056 -0.0405 -0.3620 -0.3246 -0.2368 0.1550 0.1409 -0.2416 -0.3575 -0.3049 -0.1889 0.2700 0.0879 -0.3380 -0.3492 -0.2872 -0.1430 0.2461 0.0410 -0.3603 -0.3403 -0.2736 -0.0938 0.2143 -0.0066 -0.3628 -0.3330 -0.2637 -0.0336 0.1914 -0.0611 -0.3620 -0.3266 -0.2478 0.0557 0.1695 -0.1306 -0.3610 -0.3200 -0.2307 0.1579 0.1470 -0.2033 -0.3407
-0.1945 0.1554 0.1211 -0.2370 -0.3225 -0.3614 -0.1033 0.1782 0.0189 -0.2544 -0.3288 -0.3623 -0.0407 0.1985 -0.0556 -0.2665 -0.3351 -0.3629 0.0057 0.2206 -0.1041 -0.2756 -0.3416 -0.3592 0.0455 0.2488 -0.1455 -0.2877 -0.3493 -0.3380 0.0872 0.2701 -0.1870 -0.3039 -0.3570 -0.2526 0.1364 0.1763 -0.2323 -0.3228 -0.3618 -0.0576 0.1992 -0.0746 -0.2722 -0.3409 -0.3582 0.0558 0.2590 -0.1537 -0.2595 -0.1537 0.2590 0.0558 -0.3582 -0.3409 -0.2722 -0.0746 0.1992 -0.0576 -0.3618 -0.3228 -0.2323 0.1763 0.1364 -0.2526 -0.3570 -0.3039 -0.1870 0.2701 0.0872 -0.3380 -0.3493 -0.2877 -0.1455 0.2488 0.0455 -0.3592 -0.3416 -0.2756 -0.1041 0.2206 0.0057 -0.3629 -0.3351 -0.2665 -0.0556 0.1985 -0.0407 -0.3623 -0.3288 -0.2544 0.0189 0.1782 -0.1033 -0.3614 -0.3225 -0.2370 0.1211 0.1554 -0.1945
0.1596 0.0814 -0.2435 -0.3249 -0.3618 -0.0778 0.1861 -0.0129 -0.2602 -0.3311 -0.3626 -0.0227 0.2058 -0.0742 -0.2694 -0.3371 -0.3625 0.0175 0.2277 -0.1146 -0.2780 -0.3430 -0.3575 0.0513 0.2524 -0.1495 -0.2888 -0.3497 -0.3366 0.0879 0.2701 -0.1864 -0.3034 -0.3568 -0.2598 0.1332 0.1915 -0.2287 -0.3212 -0.3615 -0.0744 0.1934 -0.0592 -0.2697 -0.3391 -0.3602 0.0478 0.2546 -0.1567 -0.2905 -0.3370 -0.2905 -0.1567 0.2546 0.0478 -0.3602 -0.3391 -0.2697 -0.0592 0.1934 -0.0744 -0.3615 -0.3212 -0.2287 0.1915 0.1332 -0.2598 -0.3568 -0.3034 -0.1864 0.2701 0.0879 -0.3366 -0.3497 -0.2888 -0.1495 0.2524 0.0513 -0.3575 -0.3430 -0.2780 -0.1146 0.2277 0.0175 -0.3625 -0.3371 -0.2694 -0.0742 0.2058 -0.0227 -0.3626 -0.3311 -0.2602 -0.0129 0.1861 -0.0778 -0.3618 -0.3249 -0.2435 0.0814 0.1596
0.0410 -0.2500 -0.3273 -0.3621 -0.0548 0.1933 -0.0394 -0.2643 -0.3334 -0.3628 -0.0068 0.2133 -0.0899 -0.2723 -0.3391 -0.3617 0.0287 0.2350 -0.1248 -0.2806 -0.3446 -0.3550 0.0580 0.2566 -0.1545 -0.2903 -0.3504 -0.3336 0.0900 0.2700 -0.1870 -0.3034 -0.3567 -0.2634 0.1311 0.2010 -0.2261 -0.3200 -0.3613 -0.0898 0.1885 -0.0435 -0.2674 -0.3375 -0.3615 0.0393 0.2490 -0.1509 -0.2908 -0.3565 -0.3796 -0.3565 -0.2908 -0.1509 0.2490 0.0393 -0.3615 -0.3375 -0.2674 -0.0435 0.1885 -0.0898 -0.3613 -0.3200 -0.2261 0.2010 0.1311 -0.2634 -0.3567 -0.3034 -0.1870 0.2700 0.0900 -0.3336 -0.3504 -0.2903 -0.1545 0.2566 0.0580 -0.3550 -0.3446 -0.2806 -0.1248 0.2350 0.0287 -0.3617 -0.3391 -0.2723 -0.0899 0.2133 -0.0068 -0.3628 -0.3334 -0.2643 -0.0394 0.1933 -0.0548 -0.3621 -0.3273 -0.2500 0.0410
-0.2308 -0.3297 -0.3624 -0.0346 0.2007 -0.0612 -0.2673 -0.3355 -0.3628 0.0074 0.2211 -0.1036 -0.2752 -0.3411 -0.3602 0.0389 0.2422 -0.1344 -0.2833 -0.3462 -0.3515 0.0651 0.2611 -0.1604 -0.2922 -0.3514 -0.3290 0.0934 0.2696 -0.1889 -0.3039 -0.3568 -0.2634 0.1304 0.2058 -0.2244 -0.3191 -0.3611 -0.1025 0.1844 -0.0283 -0.2654 -0.3360 -0.3623 0.0309 0.2431 -0.1438 -0.2887 -0.3513 -0.3368 -0.0141 -0.3368 -0.3513 -0.2887 -0.1438 0.2431 0.0309 -0.3623 -0.3360 -0.2654 -0.0283 0.1844 -0.1025 -0.3611 -0.3191 -0.2244 0.2058 0.1304 -0.2634 -0.3568 -0.3039 -0.1889 0.2696 0.0934 -0.3290 -0.3514 -0.2922 -0.1604 0.2611 0.0651 -0.3515 -0.3462 -0.2833 -0.1344 0.2422 0.0389 -0.3602 -0.3411 -0.2752 -0.1036 0.2211 0.0074 -0.3628 -0.3355 -0.2673 -0.0612 0.2007 -0.0346 -0.3624 -0.3297 -0.2308
-0.3090 -0.3628 -0.0170 0.2083 -0.0793 -0.2703 -0.3377 -0.3624 0.0200 0.2290 -0.1159 -0.2781 -0.3429 -0.3580 0.0484 0.2491 -0.1434 -0.2861 -0.3478 -0.3469 0.0726 0.2651 -0.1667 -0.2944 -0.3524 -0.3226 0.0978 0.2683 -0.1918 -0.3049 -0.3570 -0.2598 0.1311 0.2058 -0.2238 -0.3187 -0.3610 -0.1116 0.1815 -0.0149 -0.2637 -0.3346 -0.3627 0.0229 0.2375 -0.1366 -0.2864 -0.3496 -0.3356 0.0823 0.1991 0.0823 -0.3356 -0.3496 -0.2864 -0.1366 0.2375 0.0229 -0.3627 -0.3346 -0.2637 -0.0149 0.1815 -0.1116 -0.3610 -0.3187 -0.2238 0.2058 0.1311 -0.2598 -0.3570 -0.3049 -0.1918 0.2683 0.0978 -0.3226 -0.3524 -0.2944 -0.1667 0.2651 0.0726 -0.3469 -0.3478 -0.2861 -0.1434 0.2491 0.0484 -0.3580 -0.3429 -0.2781 -0.1159 0.2290 0.0200 -0.3624 -0.3377 -0.2703 -0.0793 0.2083 -0.0170 -0.3628 -0.3090
-0.3474 -0.0015 0.2160 -0.0948 -0.2732 -0.3397 -0.3613 0.0314 0.2367 -0.1268 -0.2810 -0.3447 -0.3550 0.0572 0.2554 -0.1517 -0.2889 -0.3494 -0.3410 0.0802 0.2683 -0.1732 -0.2968 -0.3535 -0.3141 0.1031 0.2654 -0.1957 -0.3063 -0.3575 -0.2526 0.1332 0.2010 -0.2244 -0.3187 -0.3609 -0.1164 0.1796 -0.0050 -0.2625 -0.3336 -0.3629 0.0156 0.2324 -0.1296 -0.2843 -0.3482 -0.3403 0.0858 0.2698 -0.0727 0.2698 0.0858 -0.3403 -0.3482 -0.2843 -0.1296 0.2324 0.0156 -0.3629 -0.3336 -0.2625 -0.0050 0.1796 -0.1164 -0.3609 -0.3187 -0.2244 0.2010 0.1332 -0.2526 -0.3575 -0.3063 -0.1957 0.2654 0.1031 -0.3141 -0.3535 -0.2968 -0.1732 0.2683 0.0802 -0.3410 -0.3494 -0.2889 -0.1517 0.2554 0.0572 -0.3550 -0.3447 -0.2810 -0.1268 0.2367 0.0314 -0.3613 -0.3397 -0.2732 -0.0948 0.2160 -0.0015 -0.3474
-0.0001 0.2238 -0.1081 -0.2762 -0.3417 -0.3596 0.0417 0.2441 -0.1366 -0.2839 -0.3465 -0.3509 0.0657 0.2610 -0.1595 -0.2916 -0.3509 -0.3337 0.0876 0.2700 -0.1799 -0.2994 -0.3546 -0.3033 0.1091 0.2601 -0.2003 -0.3081 -0.3580 -0.2416 0.1364 0.1915 -0.2261 -0.3191 -0.3610 -0.1164 0.1790 0.0004 -0.2617 -0.3328 -0.3629 0.0094 0.2282 -0.1233 -0.2824 -0.3470 -0.3449 0.0816 0.2700 -0.1766 -0.2689 -0.1766 0.2700 0.0816 -0.3449 -0.3470 -0.2824 -0.1233 0.2282 0.0094 -0.3629 -0.3328 -0.2617 0.0004 0.1790 -0.1164 -0.3610 -0.3191 -0.2261 0.1915 0.1364 -0.2416 -0.3580 -0.3081 -0.2003 0.2601 0.1091 -0.3033 -0.3546 -0.2994 -0.1799 0.2700 0.0876 -0.3337 -0.3509 -0.2916 -0.1595 0.2610 0.0657 -0.3509 -0.3465 -0.2839 -0.1366 0.2441 0.0417 -0.3596 -0.3417 -0.2762 -0.1081 0.2238 -0.0001
0.2274 -0.1198 -0.2791 -0.3436 -0.3571 0.0512 0.2510 -0.1457 -0.2868 -0.3482 -0.3458 0.0739 0.2656 -0.1670 -0.2944 -0.3523 -0.3250 0.0950 0.2697 -0.1865 -0.3020 -0.3557 -0.2898 0.1157 0.2515 -0.2055 -0.3101 -0.3586 -0.2268 0.1409 0.1763 -0.2287 -0.3200 -0.3611 -0.1116 0.1796 0.0004 -0.2614 -0.3325 -0.3629 0.0050 0.2249 -0.1181 -0.2808 -0.3460 -0.3485 0.0765 0.2691 -0.1800 -0.2995 -0.3450 -0.2995 -0.1800 0.2691 0.0765 -0.3485 -0.3460 -0.2808 -0.1181 0.2249 0.0050 -0.3629 -0.3325 -0.2614 0.0004 0.1796 -0.1116 -0.3611 -0.3200 -0.2287 0.1763 0.1409 -0.2268 -0.3586 -0.3101 -0.2055 0.2515 0.1157 -0.2898 -0.3557 -0.3020 -0.1865 0.2697 0.0950 -0.3250 -0.3523 -0.2944 -0.1670 0.2656 0.0739 -0.3458 -0.3482 -0.2868 -0.1457 0.2510 0.0512 -0.3571 -0.3436 -0.2791 -0.1198 0.2274
-0.1238 -0.2820 -0.3454 -0.3537 0.0602 0.2573 -0.1541 -0.2896 -0.3498 -0.3394 0.0818 0.2688 -0.1743 -0.2971 -0.3536 -0.3145 0.1022 0.2667 -0.1930 -0.3047 -0.3568 -0.2737 0.1226 0.2384 -0.2111 -0.3123 -0.3593 -0.2082 0.1464 0.1550 -0.2323 -0.3212 -0.3613 -0.1025 0.1815 -0.0050 -0.2617 -0.3325 -0.3628 0.0026 0.2229 -0.1142 -0.2796 -0.3451 -0.3511 0.0717 0.2675 -0.1765 -0.3000 -0.3617 -0.3769 -0.3617 -0.3000 -0.1765 0.2675 0.0717 -0.3511 -0.3451 -0.2796 -0.1142 0.2229 0.0026 -0.3628 -0.3325 -0.2617 -0.0050 0.1815 -0.1025 -0.3613 -0.3212 -0.2323 0.1550 0.1464 -0.2082 -0.3593 -0.3123 -0.2111 0.2384 0.1226 -0.2737 -0.3568 -0.3047 -0.1930 0.2667 0.1022 -0.3145 -0.3536 -0.2971 -0.1743 0.2688 0.0818 -0.3394 -0.3498 -0.2896 -0.1541 0.2573 0.0602 -0.3537 -0.3454 -0.2820 -0.1238
-0.2599 -0.3471 -0.3493 0.0686 0.2627 -0.1621 -0.2925 -0.3513 -0.3315 0.0894 0.2702 -0.1813 -0.2999 -0.3548 -0.3021 0.1093 0.2605 -0.1993 -0.3073 -0.3577 -0.2550 0.1299 0.2199 -0.2170 -0.3147 -0.3599 -0.1863 0.1529 0.1276 -0.2368 -0.3228 -0.3615 -0.0898 0.1844 -0.0149 -0.2625 -0.3328 -0.3629 0.0026 0.2223 -0.1122 -0.2789 -0.3445 -0.3529 0.0679 0.2656 -0.1726 -0.2986 -0.3559 -0.3028 0.0280 -0.3028 -0.3559 -0.2986 -0.1726 0.2656 0.0679 -0.3529 -0.3445 -0.2789 -0.1122 0.2223 0.0026 -0.3629 -0.3328 -0.2625 -0.0149 0.1844 -0.0898 -0.3615 -0.3228 -0.2368 0.1276 0.1529 -0.1863 -0.3599 -0.3147 -0.2170 0.2199 0.1299 -0.2550 -0.3577 -0.3073 -0.1993 0.2605 0.1093 -0.3021 -0.3548 -0.2999 -0.1813 0.2702 0.0894 -0.3315 -0.3513 -0.2925 -0.1621 0.2627 0.0686 -0.3493 -0.3471 -0.2599
-0.3275 -0.3438 0.0767 0.2669 -0.1696 -0.2953 -0.3527 -0.3221 0.0969 0.2692 -0.1880 -0.3026 -0.3559 -0.2874 0.1166 0.2506 -0.2056 -0.3099 -0.3585 -0.2339 0.1373 0.1958 -0.2231 -0.3171 -0.3604 -0.1616 0.1602 0.0950 -0.2418 -0.3246 -0.3618 -0.0744 0.1885 -0.0283 -0.2637 -0.3336 -0.3629 0.0050 0.2229 -0.1122 -0.2786 -0.3442 -0.3538 0.0652 0.2639 -0.1692 -0.2972 -0.3546 -0.2970 0.1070 0.2254 0.1070 -0.2970 -0.3546 -0.2972 -0.1692 0.2639 0.0652 -0.3538 -0.3442 -0.2786 -0.1122 0.2229 0.0050 -0.3629 -0.3336 -0.2637 -0.0283 0.1885 -0.0744 -0.3618 -0.3246 -0.2418 0.0950 0.1602 -0.1616 -0.3604 -0.3171 -0.2231 0.1958 0.1373 -0.2339 -0.3585 -0.3099 -0.2056 0.2506 0.1166 -0.2874 -0.3559 -0.3026 -0.1880 0.2692 0.0969 -0.3221 -0.3527 -0.2953 -0.1696 0.2669 0.0767 -0.3438 -0.3275
-0.3309 0.0846 0.2695 -0.1767 -0.2981 -0.3540 -0.3107 0.1043 0.2653 -0.1947 -0.3053 -0.3570 -0.2701 0.1239 0.2360 -0.2118 -0.3124 -0.3593 -0.2104 0.1449 0.1660 -0.2293 -0.3195 -0.3609 -0.1350 0.1684 0.0593 -0.2475 -0.3266 -0.3620 -0.0576 0.1934 -0.0435 -0.2654 -0.3346 -0.3629 0.0094 0.2249 -0.1142 -0.2789 -0.3442 -0.3542 0.0637 0.2627 -0.1668 -0.2961 -0.3539 -0.3019 0.1130 0.2618 -0.1247 0.2618 0.1130 -0.3019 -0.3539 -0.2961 -0.1668 0.2627 0.0637 -0.3542 -0.3442 -0.2789 -0.1142 0.2249 0.0094 -0.3629 -0.3346 -0.2654 -0.0435 0.1934 -0.0576 -0.3620 -0.3266 -0.2475 0.0593 0.1684 -0.1350 -0.3609 -0.3195 -0.2293 0.1660 0.1449 -0.2104 -0.3593 -0.3124 -0.2118 0.2360 0.1239 -0.2701 -0.3570 -0.3053 -0.1947 0.2653 0.1043 -0.3107 -0.3540 -0.2981 -0.1767 0.2695 0.0846 -0.3309
0.0857 0.2701 -0.1837 -0.3008 -0.3552 -0.2973 0.1117 0.2579 -0.2012 -0.3080 -0.3579 -0.2503 0.1314 0.2158 -0.2180 -0.3150 -0.3599 -0.1850 0.1528 0.1313 -0.2355 -0.3219 -0.3614 -0.1083 0.1769 0.0240 -0.2536 -0.3287 -0.3623 -0.0405 0.1992 -0.0592 -0.2674 -0.3360 -0.3627 0.0156 0.2282 -0.1181 -0.2796 -0.3445 -0.3538 0.0637 0.2623 -0.1656 -0.2954 -0.3535 -0.3067 0.1115 0.2527 -0.2018 -0.2804 -0.2018 0.2527 0.1115 -0.3067 -0.3535 -0.2954 -0.1656 0.2623 0.0637 -0.3538 -0.3445 -0.2796 -0.1181 0.2282 0.0156 -0.3627 -0.3360 -0.2674 -0.0592 0.1992 -0.0405 -0.3623 -0.3287 -0.2536 0.0240 0.1769 -0.1083 -0.3614 -0.3219 -0.2355 0.1313 0.1528 -0.1850 -0.3599 -0.3150 -0.2180 0.2158 0.1314 -0.2503 -0.3579 -0.3080 -0.2012 0.2579 0.1117 -0.2973 -0.3552 -0.3008 -0.1837 0.2701 0.0857
0.2615 -0.1904 -0.3036 -0.3563 -0.2816 0.1191 0.2462 -0.2076 -0.3107 -0.3588 -0.2279 0.1391 0.1897 -0.2243 -0.3175 -0.3605 -0.1581 0.1610 0.0932 -0.2417 -0.3243 -0.3617 -0.0832 0.1846 -0.0077 -0.2595 -0.3308 -0.3625 -0.0240 0.2056 -0.0746 -0.2697 -0.3375 -0.3623 0.0229 0.2324 -0.1233 -0.2808 -0.3451 -0.3529 0.0652 0.2627 -0.1656 -0.2952 -0.3533 -0.3097 0.1095 0.2546 -0.2066 -0.3107 -0.3544 -0.3107 -0.2066 0.2546 0.1095 -0.3097 -0.3533 -0.2952 -0.1656 0.2627 0.0652 -0.3529 -0.3451 -0.2808 -0.1233 0.2324 0.0229 -0.3623 -0.3375 -0.2697 -0.0746 0.2056 -0.0240 -0.3625 -0.3308 -0.2595 -0.0077 0.1846 -0.0832 -0.3617 -0.3243 -0.2417 0.0932 0.1610 -0.1581 -0.3605 -0.3175 -0.2243 0.1897 0.1391 -0.2279 -0.3588 -0.3107 -0.2076 0.2462 0.1191 -0.2816 -0.3563 -0.3036 -0.1904 0.2615
-0.1835 -0.3063 -0.3573 -0.2634 0.1266 0.2295 -0.2139 -0.3133 -0.3595 -0.2031 0.1470 0.1578 -0.2307 -0.3201 -0.3610 -0.1304 0.1696 0.0547 -0.2480 -0.3266 -0.3620 -0.0603 0.1917 -0.0343 -0.2637 -0.3330 -0.3628 -0.0086 0.2126 -0.0889 -0.2722 -0.3391 -0.3615 0.0309 0.2375 -0.1296 -0.2824 -0.3460 -0.3511 0.0679 0.2639 -0.1668 -0.2954 -0.3533 -0.3107 0.1084 0.2567 -0.2057 -0.3114 -0.3666 -0.3635 -0.3666 -0.3114 -0.2057 0.2567 0.1084 -0.3107 -0.3533 -0.2954 -0.1668 0.2639 0.0679 -0.3511 -0.3460 -0.2824 -0.1296 0.2375 0.0309 -0.3615 -0.3391 -0.2722 -0.0889 0.2126 -0.0086 -0.3628 -0.3330 -0.2637 -0.0343 0.1917 -0.0603 -0.3620 -0.3266 -0.2480 0.0547 0.1696 -0.1304 -0.3610 -0.3201 -0.2307 0.1578 0.1470 -0.2031 -0.3595 -0.3133 -0.2139 0.2295 0.1266 -0.2634 -0.3573 -0.3063 -0.1835
-0.2849 -0.3583 -0.2427 0.1341 0.2073 -0.2203 -0.3159 -0.3602 -0.1764 0.1552 0.1208 -0.2371 -0.3225 -0.3615 -0.1031 0.1783 0.0187 -0.2545 -0.3289 -0.3623 -0.0400 0.1988 -0.0564 -0.2666 -0.3351 -0.3629 0.0053 0.2200 -0.1021 -0.2749 -0.3409 -0.3602 0.0393 0.2431 -0.1366 -0.2843 -0.3470 -0.3485 0.0717 0.2656 -0.1692 -0.2961 -0.3535 -0.3097 0.1084 0.2575 -0.2049 -0.3110 -0.3601 -0.2238 0.0654 -0.2238 -0.3601 -0.3110 -0.2049 0.2575 0.1084 -0.3097 -0.3535 -0.2961 -0.1692 0.2656 0.0717 -0.3485 -0.3470 -0.2843 -0.1366 0.2431 0.0393 -0.3602 -0.3409 -0.2749 -0.1021 0.2200 0.0053 -0.3629 -0.3351 -0.2666 -0.0564 0.1988 -0.0400 -0.3623 -0.3289 -0.2545 0.0187 0.1783 -0.1031 -0.3615 -0.3225 -0.2371 0.1208 0.1552 -0.1764 -0.3602 -0.3159 -0.2203 0.2073 0.1341 -0.2427 -0.3583 -0.2849
-0.3401 -0.2196 0.1418 0.1793 -0.2266 -0.3184 -0.3608 -0.1488 0.1636 0.0814 -0.2435 -0.3250 -0.3618 -0.0779 0.1860 -0.0127 -0.2602 -0.3312 -0.3626 -0.0224 0.2060 -0.0746 -0.2695 -0.3372 -0.3625 0.0176 0.2276 -0.1140 -0.2777 -0.3427 -0.3582 0.0478 0.2490 -0.1438 -0.2864 -0.3482 -0.3449 0.0765 0.2675 -0.1726 -0.2972 -0.3539 -0.3067 0.1095 0.2567 -0.2049 -0.3108 -0.3593 -0.2038 0.1383 0.2554 0.1383 -0.2038 -0.3593 -0.3108 -0.2049 0.2567 0.1095 -0.3067 -0.3539 -0.2972 -0.1726 0.2675 0.0765 -0.3449 -0.3482 -0.2864 -0.1438 0.2490 0.0478 -0.3582 -0.3427 -0.2777 -0.1140 0.2276 0.0176 -0.3625 -0.3372 -0.2695 -0.0746 0.2060 -0.0224 -0.3626 -0.3312 -0.2602 -0.0127 0.1860 -0.0779 -0.3618 -0.3250 -0.2435 0.0814 0.1636 -0.1488 -0.3608 -0.3184 -0.2266 0.1793 0.1418 -0.2196 -0.3401
-0.2115 0.1495 0.1471 -0.2327 -0.3209 -0.3613 -0.1221 0.1720 0.0442 -0.2498 -0.3273 -0.3622 -0.0559 0.1929 -0.0381 -0.2641 -0.3334 -0.3628 -0.0073 0.2131 -0.0896 -0.2722 -0.3392 -0.3617 0.0283 0.2347 -0.1243 -0.2804 -0.3445 -0.3555 0.0558 0.2546 -0.1509 -0.2887 -0.3496 -0.3403 0.0816 0.2691 -0.1765 -0.2986 -0.3546 -0.3019 0.1115 0.2546 -0.2057 -0.3110 -0.3593 -0.2022 0.1490 0.1714 -0.1704 0.1714 0.1490 -0.2022 -0.3593 -0.3110 -0.2057 0.2546 0.1115 -0.3019 -0.3546 -0.2986 -0.1765 0.2691 0.0816 -0.3403 -0.3496 -0.2887 -0.1509 0.2546 0.0558 -0.3555 -0.3445 -0.2804 -0.1243 0.2347 0.0283 -0.3617 -0.3392 -0.2722 -0.0896 0.2131 -0.0073 -0.3628 -0.3334 -0.2641 -0.0381 0.1929 -0.0559 -0.3622 -0.3273 -0.2498 0.0442 0.1720 -0.1221 -0.3613 -0.3209 -0.2327 0.1471 0.1495 -0.2115
0.1501 0.1188 -0.2378 -0.3232 -0.3622 -0.1008 0.1777 0.0165 -0.2552 -0.3296 -0.3627 -0.0397 0.1986 -0.0554 -0.2665 -0.3356 -0.3628 0.0039 0.2191 -0.1003 -0.2745 -0.3413 -0.3605 0.0363 0.2404 -0.1320 -0.2827 -0.3466 -0.3526 0.0621 0.2590 -0.1567 -0.2908 -0.3513 -0.3356 0.0858 0.2700 -0.1800 -0.3000 -0.3559 -0.2970 0.1130 0.2527 -0.2066 -0.3114 -0.3601 -0.2038 0.1490 0.1333 -0.2321 -0.2947 -0.2321 0.1333 0.1490 -0.2038 -0.3601 -0.3114 -0.2066 0.2527 0.1130 -0.2970 -0.3559 -0.3000 -0.1800 0.2700 0.0858 -0.3356 -0.3513 -0.2908 -0.1567 0.2590 0.0621 -0.3526 -0.3466 -0.2827 -0.1320 0.2404 0.0363 -0.3605 -0.3413 -0.2745 -0.1003 0.2191 0.0039 -0.3628 -0.3356 -0.2665 -0.0554 0.1986 -0.0397 -0.3627 -0.3296 -0.2552 0.0165 0.1777 -0.1008 -0.3622 -0.3232 -0.2378 0.1188 0.1501
0.1322 -0.2367 -0.3250 -0.3696 -0.1041 0.1690 0.0313 -0.2546 -0.3320 -0.3695 -0.0425 0.1894 -0.0466 -0.2654 -0.3386 -0.3679 0.0015 0.2107 -0.0947 -0.2737 -0.3450 -0.3634 0.0340 0.2340 -0.1282 -0.2821 -0.3510 -0.3539 0.0597 0.2569 -0.1537 -0.2905 -0.3565 -0.3368 0.0823 0.2698 -0.1766 -0.2995 -0.3617 -0.3028 0.1070 0.2618 -0.2018 -0.3107 -0.3666 -0.2238 0.1383 0.1714 -0.2321 -0.3236 -0.3696 -0.3236 -0.2321 0.1714 0.1383 -0.2238 -0.3666 -0.3107 -0.2018 0.2618 0.1070 -0.3028 -0.3617 -0.2995 -0.1766 0.2698 0.0823 -0.3368 -0.3565 -0.2905 -0.1537 0.2569 0.0597 -0.3539 -0.3510 -0.2821 -0.1282 0.2340 0.0340 -0.3634 -0.3450 -0.2737 -0.0947 0.2107 0.0015 -0.3679 -0.3386 -0.2654 -0.0466 0.1894 -0.0425 -0.3695 -0.3320 -0.2546 0.0313 0.1690 -0.1041 -0.3696 -0.3250 -0.2367 0.1322
-0.1718 -0.2977 -0.3660 -0.3200 0.0982 0.2652 -0.2027 -0.3055 -0.3707 -0.2775 0.1161 0.2474 -0.2189 -0.3134 -0.3746 -0.2176 0.1347 0.1964 -0.2321 -0.3213 -0.3776 -0.1420 0.1553 0.1022 -0.2457 -0.3292 -0.3793 -0.0685 0.1778 -0.0015 -0.2595 -0.3370 -0.3796 -0.0141 0.1991 -0.0727 -0.2689 -0.3450 -0.3769 0.0280 0.2254 -0.1247 -0.2804 -0.3544 -0.3635 0.0654 0.2554 -0.1704 -0.2947 -0.3696 -0.3971 -0.3696 -0.2947 -0.1704 0.2554 0.0654 -0.3635 -0.3544 -0.2804 -0.1247 0.2254 0.0280 -0.3769 -0.3450 -0.2689 -0.0727 0.1991 -0.0141 -0.3796 -0.3370 -0.2595 -0.0015 0.1778 -0.0685 -0.3793 -0.3292 -0.2457 0.1022 0.1553 -0.1420 -0.3776 -0.3213 -0.2321 0.1964 0.1347 -0.2176 -0.3746 -0.3134 -0.2189 0.2474 0.1161 -0.2775 -0.3707 -0.3055 -0.2027 0.2652 0.0982 -0.3200 -0.3660 -0.2977 -0.1718
