0.4169 0.4907 0.2585 0.1511 0.1851 0.2933 0.4896 0.4444 0.1778 0.1552 0.2108 0.3510 0.5086 0.3690 0.1564 0.1661 0.2451 0.4205 0.4921 0.2654 0.1511 0.1836 0.2897 0.4862 0.4487 0.1809 0.1546 0.2086 0.3462 0.5087 0.3757 0.1573 0.1651 0.2423 0.4151 0.4942 0.2736 0.1512 0.1821 0.2860 0.4824 0.4530 0.1844 0.1541 0.2064 0.3416 0.5086 0.3827 0.1585 0.1602 0.1921 0.1602 0.1585 0.3827 0.5086 0.3416 0.2064 0.1541 0.1844 0.4530 0.4824 0.2860 0.1821 0.1512 0.2736 0.4942 0.4151 0.2423 0.1651 0.1573 0.3757 0.5087 0.3462 0.2086 0.1546 0.1809 0.4487 0.4862 0.2897 0.1836 0.1511 0.2654 0.4921 0.4205 0.2451 0.1661 0.1564 0.3690 0.5086 0.3510 0.2108 0.1552 0.1778 0.4444 0.4896 0.2933 0.1851 0.1511 0.2585 0.4907 0.4169
0.4907 0.2571 0.1395 0.1767 0.2887 0.4902 0.4478 0.1717 0.1440 0.2031 0.3475 0.5101 0.3743 0.1459 0.1562 0.2386 0.4188 0.4941 0.2704 0.1395 0.1748 0.2846 0.4865 0.4521 0.1756 0.1434 0.2008 0.3426 0.5102 0.3808 0.1469 0.1551 0.2356 0.4132 0.4962 0.2788 0.1396 0.1732 0.2808 0.4825 0.4562 0.1800 0.1427 0.1986 0.3378 0.5100 0.3872 0.1481 0.1533 0.2240 0.3114 0.2240 0.1533 0.1481 0.3872 0.5100 0.3378 0.1986 0.1427 0.1800 0.4562 0.4825 0.2808 0.1732 0.1396 0.2788 0.4962 0.4132 0.2356 0.1551 0.1469 0.3808 0.5102 0.3426 0.2008 0.1434 0.1756 0.4521 0.4865 0.2846 0.1748 0.1395 0.2704 0.4941 0.4188 0.2386 0.1562 0.1459 0.3743 0.5101 0.3475 0.2031 0.1440 0.1717 0.4478 0.4902 0.2887 0.1767 0.1395 0.2571 0.4907
0.2585 0.1395 0.1758 0.2850 0.4857 0.4534 0.1774 0.1431 0.1997 0.3400 0.5100 0.3843 0.1475 0.1545 0.2340 0.4100 0.4972 0.2835 0.1396 0.1723 0.2786 0.4800 0.4583 0.1826 0.1424 0.1974 0.3352 0.5097 0.3906 0.1486 0.1534 0.2311 0.4045 0.4990 0.2918 0.1398 0.1707 0.2749 0.4757 0.4622 0.1878 0.1419 0.1952 0.3305 0.5093 0.3967 0.1499 0.1523 0.2268 0.3863 0.5013 0.3863 0.2268 0.1523 0.1499 0.3967 0.5093 0.3305 0.1952 0.1419 0.1878 0.4622 0.4757 0.2749 0.1707 0.1398 0.2918 0.4990 0.4045 0.2311 0.1534 0.1486 0.3906 0.5097 0.3352 0.1974 0.1424 0.1826 0.4583 0.4800 0.2786 0.1723 0.1396 0.2835 0.4972 0.4100 0.2340 0.1545 0.1475 0.3843 0.5100 0.3400 0.1997 0.1431 0.1774 0.4534 0.4857 0.2850 0.1758 0.1395 0.2585
0.1511 0.1767 0.2850 0.4839 0.4567 0.1822 0.1423 0.1968 0.3334 0.5096 0.3936 0.1493 0.1529 0.2296 0.4015 0.5000 0.2965 0.1400 0.1699 0.2729 0.4731 0.4642 0.1910 0.1416 0.1941 0.3280 0.5089 0.4000 0.1506 0.1518 0.2267 0.3960 0.5017 0.3047 0.1402 0.1684 0.2693 0.4684 0.4678 0.1970 0.1411 0.1920 0.3234 0.5081 0.4058 0.1521 0.1508 0.2237 0.3881 0.5045 0.4328 0.5045 0.3881 0.2237 0.1508 0.1521 0.4058 0.5081 0.3234 0.1920 0.1411 0.1970 0.4678 0.4684 0.2693 0.1684 0.1402 0.3047 0.5017 0.3960 0.2267 0.1518 0.1506 0.4000 0.5089 0.3280 0.1941 0.1416 0.1910 0.4642 0.4731 0.2729 0.1699 0.1400 0.2965 0.5000 0.4015 0.2296 0.1529 0.1493 0.3936 0.5096 0.3334 0.1968 0.1423 0.1822 0.4567 0.4839 0.2850 0.1767 0.1511
0.1851 0.2887 0.4857 0.4567 0.1842 0.1420 0.1947 0.3281 0.5088 0.4018 0.1512 0.1514 0.2254 0.3932 0.5025 0.3090 0.1404 0.1676 0.2673 0.4657 0.4697 0.2007 0.1409 0.1909 0.3209 0.5075 0.4090 0.1529 0.1503 0.2225 0.3876 0.5039 0.3172 0.1408 0.1661 0.2638 0.4607 0.4731 0.2075 0.1405 0.1889 0.3165 0.5063 0.4145 0.1546 0.1494 0.2197 0.3817 0.5054 0.3446 0.1646 0.3446 0.5054 0.3817 0.2197 0.1494 0.1546 0.4145 0.5063 0.3165 0.1889 0.1405 0.2075 0.4731 0.4607 0.2638 0.1661 0.1408 0.3172 0.5039 0.3876 0.2225 0.1503 0.1529 0.4090 0.5075 0.3209 0.1909 0.1409 0.2007 0.4697 0.4657 0.2673 0.1676 0.1404 0.3090 0.5025 0.3932 0.2254 0.1514 0.1512 0.4018 0.5088 0.3281 0.1947 0.1420 0.1842 0.4567 0.4857 0.2887 0.1851
0.2933 0.4902 0.4534 0.1822 0.1420 0.1940 0.3251 0.5081 0.4079 0.1530 0.1502 0.2216 0.3855 0.5045 0.3209 0.1410 0.1654 0.2620 0.4579 0.4748 0.2116 0.1403 0.1878 0.3141 0.5055 0.4175 0.1556 0.1489 0.2183 0.3793 0.5059 0.3294 0.1415 0.1640 0.2585 0.4527 0.4779 0.2191 0.1401 0.1858 0.3098 0.5039 0.4228 0.1575 0.1481 0.2157 0.3739 0.5070 0.3403 0.1424 0.1411 0.1424 0.3403 0.5070 0.3739 0.2157 0.1481 0.1575 0.4228 0.5039 0.3098 0.1858 0.1401 0.2191 0.4779 0.4527 0.2585 0.1640 0.1415 0.3294 0.5059 0.3793 0.2183 0.1489 0.1556 0.4175 0.5055 0.3141 0.1878 0.1403 0.2116 0.4748 0.4579 0.2620 0.1654 0.1410 0.3209 0.5045 0.3855 0.2216 0.1502 0.1530 0.4079 0.5081 0.3251 0.1940 0.1420 0.1822 0.4534 0.4902 0.2933
0.4896 0.4478 0.1774 0.1423 0.1947 0.3251 0.5078 0.4113 0.1544 0.1493 0.2186 0.3787 0.5062 0.3319 0.1417 0.1634 0.2569 0.4500 0.4795 0.2232 0.1399 0.1848 0.3074 0.5028 0.4257 0.1587 0.1476 0.2143 0.3711 0.5075 0.3412 0.1423 0.1619 0.2533 0.4444 0.4825 0.2313 0.1397 0.1829 0.3032 0.5007 0.4307 0.1609 0.1468 0.2118 0.3659 0.5083 0.3492 0.1430 0.1559 0.1946 0.1559 0.1430 0.3492 0.5083 0.3659 0.2118 0.1468 0.1609 0.4307 0.5007 0.3032 0.1829 0.1397 0.2313 0.4825 0.4444 0.2533 0.1619 0.1423 0.3412 0.5075 0.3711 0.2143 0.1476 0.1587 0.4257 0.5028 0.3074 0.1848 0.1399 0.2232 0.4795 0.4500 0.2569 0.1634 0.1417 0.3319 0.5062 0.3787 0.2186 0.1493 0.1544 0.4113 0.5078 0.3251 0.1947 0.1423 0.1774 0.4478 0.4896
0.4444 0.1717 0.1431 0.1968 0.3281 0.5081 0.4113 0.1549 0.1488 0.2166 0.3737 0.5073 0.3412 0.1424 0.1616 0.2522 0.4422 0.4837 0.2352 0.1396 0.1820 0.3010 0.4994 0.4334 0.1623 0.1463 0.2105 0.3630 0.5087 0.3526 0.1433 0.1599 0.2483 0.4359 0.4867 0.2441 0.1395 0.1801 0.2968 0.4967 0.4382 0.1649 0.1456 0.2080 0.3579 0.5093 0.3599 0.1441 0.1579 0.2361 0.3300 0.2361 0.1579 0.1441 0.3599 0.5093 0.3579 0.2080 0.1456 0.1649 0.4382 0.4967 0.2968 0.1801 0.1395 0.2441 0.4867 0.4359 0.2483 0.1599 0.1433 0.3526 0.5087 0.3630 0.2105 0.1463 0.1623 0.4334 0.4994 0.3010 0.1820 0.1396 0.2352 0.4837 0.4422 0.2522 0.1616 0.1424 0.3412 0.5073 0.3737 0.2166 0.1488 0.1549 0.4113 0.5081 0.3281 0.1968 0.1431 0.1717 0.4444
0.1778 0.1440 0.1997 0.3334 0.5088 0.4079 0.1544 0.1488 0.2158 0.3709 0.5080 0.3480 0.1431 0.1601 0.2481 0.4348 0.4874 0.2472 0.1395 0.1793 0.2949 0.4953 0.4406 0.1665 0.1452 0.2067 0.3552 0.5095 0.3636 0.1445 0.1580 0.2434 0.4273 0.4905 0.2572 0.1394 0.1774 0.2906 0.4919 0.4453 0.1697 0.1444 0.2044 0.3502 0.5099 0.3704 0.1454 0.1567 0.2388 0.4089 0.5063 0.4089 0.2388 0.1567 0.1454 0.3704 0.5099 0.3502 0.2044 0.1444 0.1697 0.4453 0.4919 0.2906 0.1774 0.1394 0.2572 0.4905 0.4273 0.2434 0.1580 0.1445 0.3636 0.5095 0.3552 0.2067 0.1452 0.1665 0.4406 0.4953 0.2949 0.1793 0.1395 0.2472 0.4874 0.4348 0.2481 0.1601 0.1431 0.3480 0.5080 0.3709 0.2158 0.1488 0.1544 0.4079 0.5088 0.3334 0.1997 0.1440 0.1778
0.1552 0.2031 0.3400 0.5096 0.4018 0.1530 0.1493 0.2166 0.3709 0.5082 0.3517 0.1436 0.1590 0.2448 0.4285 0.4905 0.2583 0.1394 0.1769 0.2891 0.4905 0.4473 0.1714 0.1441 0.2032 0.3476 0.5100 0.3741 0.1459 0.1562 0.2386 0.4187 0.4940 0.2703 0.1395 0.1748 0.2846 0.4864 0.4520 0.1755 0.1434 0.2008 0.3426 0.5100 0.3807 0.1469 0.1551 0.2353 0.4107 0.4988 0.4122 0.4988 0.4107 0.2353 0.1551 0.1469 0.3807 0.5100 0.3426 0.2008 0.1434 0.1755 0.4520 0.4864 0.2846 0.1748 0.1395 0.2703 0.4940 0.4187 0.2386 0.1562 0.1459 0.3741 0.5100 0.3476 0.2032 0.1441 0.1714 0.4473 0.4905 0.2891 0.1769 0.1394 0.2583 0.4905 0.4285 0.2448 0.1590 0.1436 0.3517 0.5082 0.3709 0.2166 0.1493 0.1530 0.4018 0.5096 0.3400 0.2031 0.1552
0.2108 0.3475 0.5100 0.3936 0.1512 0.1502 0.2186 0.3737 0.5080 0.3517 0.1438 0.1584 0.2427 0.4238 0.4928 0.2677 0.1395 0.1747 0.2838 0.4853 0.4535 0.1772 0.1431 0.1998 0.3403 0.5100 0.3840 0.1474 0.1545 0.2341 0.4101 0.4972 0.2834 0.1396 0.1723 0.2787 0.4801 0.4583 0.1826 0.1424 0.1974 0.3352 0.5097 0.3906 0.1486 0.1534 0.2311 0.4041 0.4995 0.3128 0.1536 0.3128 0.4995 0.4041 0.2311 0.1534 0.1486 0.3906 0.5097 0.3352 0.1974 0.1424 0.1826 0.4583 0.4801 0.2787 0.1723 0.1396 0.2834 0.4972 0.4101 0.2341 0.1545 0.1474 0.3840 0.5100 0.3403 0.1998 0.1431 0.1772 0.4535 0.4853 0.2838 0.1747 0.1395 0.2677 0.4928 0.4238 0.2427 0.1584 0.1438 0.3517 0.5080 0.3737 0.2186 0.1502 0.1512 0.3936 0.5100 0.3475 0.2108
0.3510 0.5101 0.3843 0.1493 0.1514 0.2216 0.3787 0.5073 0.3480 0.1436 0.1584 0.2420 0.4213 0.4942 0.2747 0.1396 0.1729 0.2793 0.4801 0.4588 0.1837 0.1422 0.1966 0.3333 0.5096 0.3934 0.1492 0.1529 0.2297 0.4018 0.5000 0.2962 0.1400 0.1699 0.2729 0.4732 0.4642 0.1909 0.1416 0.1941 0.3280 0.5089 0.4000 0.1506 0.1519 0.2267 0.3959 0.5017 0.3082 0.1399 0.1440 0.1399 0.3082 0.5017 0.3959 0.2267 0.1519 0.1506 0.4000 0.5089 0.3280 0.1941 0.1416 0.1909 0.4642 0.4732 0.2729 0.1699 0.1400 0.2962 0.5000 0.4018 0.2297 0.1529 0.1492 0.3934 0.5096 0.3333 0.1966 0.1422 0.1837 0.4588 0.4801 0.2793 0.1729 0.1396 0.2747 0.4942 0.4213 0.2420 0.1584 0.1436 0.3480 0.5073 0.3787 0.2216 0.1514 0.1493 0.3843 0.5101 0.3510
0.5086 0.3743 0.1475 0.1529 0.2254 0.3855 0.5062 0.3412 0.1431 0.1590 0.2427 0.4213 0.4947 0.2783 0.1397 0.1717 0.2759 0.4754 0.4633 0.1905 0.1416 0.1937 0.3268 0.5087 0.4022 0.1512 0.1514 0.2255 0.3935 0.5024 0.3086 0.1404 0.1676 0.2675 0.4658 0.4696 0.2006 0.1409 0.1909 0.3210 0.5075 0.4089 0.1529 0.1504 0.2225 0.3876 0.5039 0.3179 0.1408 0.1610 0.2041 0.1610 0.1408 0.3179 0.5039 0.3876 0.2225 0.1504 0.1529 0.4089 0.5075 0.3210 0.1909 0.1409 0.2006 0.4696 0.4658 0.2675 0.1676 0.1404 0.3086 0.5024 0.3935 0.2255 0.1514 0.1512 0.4022 0.5087 0.3268 0.1937 0.1416 0.1905 0.4633 0.4754 0.2759 0.1717 0.1397 0.2783 0.4947 0.4213 0.2427 0.1590 0.1431 0.3412 0.5062 0.3855 0.2254 0.1529 0.1475 0.3743 0.5086
0.3690 0.1459 0.1545 0.2296 0.3932 0.5045 0.3319 0.1424 0.1601 0.2448 0.4238 0.4942 0.2783 0.1397 0.1710 0.2736 0.4719 0.4666 0.1968 0.1410 0.1912 0.3209 0.5074 0.4102 0.1534 0.1500 0.2214 0.3854 0.5045 0.3207 0.1410 0.1655 0.2622 0.4582 0.4747 0.2113 0.1403 0.1878 0.3141 0.5055 0.4175 0.1556 0.1489 0.2183 0.3793 0.5059 0.3295 0.1415 0.1631 0.2491 0.3504 0.2491 0.1631 0.1415 0.3295 0.5059 0.3793 0.2183 0.1489 0.1556 0.4175 0.5055 0.3141 0.1878 0.1403 0.2113 0.4747 0.4582 0.2622 0.1655 0.1410 0.3207 0.5045 0.3854 0.2214 0.1500 0.1534 0.4102 0.5074 0.3209 0.1912 0.1410 0.1968 0.4666 0.4719 0.2736 0.1710 0.1397 0.2783 0.4942 0.4238 0.2448 0.1601 0.1424 0.3319 0.5045 0.3932 0.2296 0.1545 0.1459 0.3690
0.1564 0.1562 0.2340 0.4015 0.5025 0.3209 0.1417 0.1616 0.2481 0.4285 0.4928 0.2747 0.1397 0.1710 0.2729 0.4699 0.4687 0.2017 0.1407 0.1891 0.3159 0.5059 0.4173 0.1558 0.1488 0.2176 0.3776 0.5063 0.3324 0.1417 0.1634 0.2570 0.4503 0.4793 0.2227 0.1399 0.1849 0.3076 0.5029 0.4256 0.1586 0.1476 0.2144 0.3711 0.5075 0.3412 0.1423 0.1617 0.2517 0.4316 0.5074 0.4316 0.2517 0.1617 0.1423 0.3412 0.5075 0.3711 0.2144 0.1476 0.1586 0.4256 0.5029 0.3076 0.1849 0.1399 0.2227 0.4793 0.4503 0.2570 0.1634 0.1417 0.3324 0.5063 0.3776 0.2176 0.1488 0.1558 0.4173 0.5059 0.3159 0.1891 0.1407 0.2017 0.4687 0.4699 0.2729 0.1710 0.1397 0.2747 0.4928 0.4285 0.2481 0.1616 0.1417 0.3209 0.5025 0.4015 0.2340 0.1562 0.1564
0.1661 0.2386 0.4100 0.5000 0.3090 0.1410 0.1634 0.2522 0.4348 0.4905 0.2677 0.1396 0.1717 0.2736 0.4699 0.4694 0.2044 0.1405 0.1877 0.3121 0.5043 0.4231 0.1581 0.1477 0.2142 0.3703 0.5077 0.3434 0.1425 0.1614 0.2521 0.4422 0.4836 0.2348 0.1396 0.1821 0.3013 0.4995 0.4331 0.1622 0.1463 0.2105 0.3631 0.5087 0.3526 0.1433 0.1599 0.2480 0.4335 0.4907 0.3886 0.4907 0.4335 0.2480 0.1599 0.1433 0.3526 0.5087 0.3631 0.2105 0.1463 0.1622 0.4331 0.4995 0.3013 0.1821 0.1396 0.2348 0.4836 0.4422 0.2521 0.1614 0.1425 0.3434 0.5077 0.3703 0.2142 0.1477 0.1581 0.4231 0.5043 0.3121 0.1877 0.1405 0.2044 0.4694 0.4699 0.2736 0.1717 0.1396 0.2677 0.4905 0.4348 0.2522 0.1634 0.1410 0.3090 0.5000 0.4100 0.2386 0.1661
0.2451 0.4188 0.4972 0.2965 0.1404 0.1654 0.2569 0.4422 0.4874 0.2583 0.1395 0.1729 0.2759 0.4719 0.4687 0.2044 0.1404 0.1870 0.3098 0.5030 0.4274 0.1602 0.1468 0.2113 0.3638 0.5087 0.3534 0.1435 0.1596 0.2473 0.4340 0.4876 0.2473 0.1395 0.1794 0.2951 0.4955 0.4403 0.1663 0.1452 0.2069 0.3554 0.5095 0.3635 0.1445 0.1580 0.2433 0.4269 0.4912 0.2786 0.1465 0.2786 0.4912 0.4269 0.2433 0.1580 0.1445 0.3635 0.5095 0.3554 0.2069 0.1452 0.1663 0.4403 0.4955 0.2951 0.1794 0.1395 0.2473 0.4876 0.4340 0.2473 0.1596 0.1435 0.3534 0.5087 0.3638 0.2113 0.1468 0.1602 0.4274 0.5030 0.3098 0.1870 0.1404 0.2044 0.4687 0.4719 0.2759 0.1729 0.1395 0.2583 0.4874 0.4422 0.2569 0.1654 0.1404 0.2965 0.4972 0.4188 0.2451
0.4205 0.4941 0.2835 0.1400 0.1676 0.2620 0.4500 0.4837 0.2472 0.1394 0.1747 0.2793 0.4754 0.4666 0.2017 0.1405 0.1870 0.3090 0.5022 0.4302 0.1619 0.1461 0.2090 0.3584 0.5094 0.3621 0.1445 0.1580 0.2429 0.4261 0.4912 0.2598 0.1394 0.1768 0.2891 0.4906 0.4471 0.1712 0.1441 0.2033 0.3479 0.5100 0.3738 0.1458 0.1563 0.2387 0.4187 0.4941 0.2738 0.1385 0.1474 0.1385 0.2738 0.4941 0.4187 0.2387 0.1563 0.1458 0.3738 0.5100 0.3479 0.2033 0.1441 0.1712 0.4471 0.4906 0.2891 0.1768 0.1394 0.2598 0.4912 0.4261 0.2429 0.1580 0.1445 0.3621 0.5094 0.3584 0.2090 0.1461 0.1619 0.4302 0.5022 0.3090 0.1870 0.1405 0.2017 0.4666 0.4754 0.2793 0.1747 0.1394 0.2472 0.4837 0.4500 0.2620 0.1676 0.1400 0.2835 0.4941 0.4205
0.4921 0.2704 0.1396 0.1699 0.2673 0.4579 0.4795 0.2352 0.1395 0.1769 0.2838 0.4801 0.4633 0.1968 0.1407 0.1877 0.3098 0.5022 0.4311 0.1628 0.1457 0.2074 0.3543 0.5098 0.3693 0.1455 0.1565 0.2390 0.4186 0.4943 0.2720 0.1395 0.1743 0.2833 0.4850 0.4535 0.1771 0.1431 0.1999 0.3406 0.5100 0.3836 0.1474 0.1546 0.2342 0.4104 0.4971 0.2838 0.1395 0.1668 0.2145 0.1668 0.1395 0.2838 0.4971 0.4104 0.2342 0.1546 0.1474 0.3836 0.5100 0.3406 0.1999 0.1431 0.1771 0.4535 0.4850 0.2833 0.1743 0.1395 0.2720 0.4943 0.4186 0.2390 0.1565 0.1455 0.3693 0.5098 0.3543 0.2074 0.1457 0.1628 0.4311 0.5022 0.3098 0.1877 0.1407 0.1968 0.4633 0.4801 0.2838 0.1769 0.1395 0.2352 0.4795 0.4579 0.2673 0.1699 0.1396 0.2704 0.4921
0.2654 0.1395 0.1723 0.2729 0.4657 0.4748 0.2232 0.1396 0.1793 0.2891 0.4853 0.4588 0.1905 0.1410 0.1891 0.3121 0.5030 0.4302 0.1628 0.1456 0.2065 0.3517 0.5099 0.3747 0.1463 0.1554 0.2356 0.4120 0.4969 0.2832 0.1397 0.1720 0.2778 0.4789 0.4595 0.1842 0.1422 0.1966 0.3335 0.5096 0.3930 0.1491 0.1530 0.2299 0.4021 0.4999 0.2959 0.1399 0.1691 0.2634 0.3722 0.2634 0.1691 0.1399 0.2959 0.4999 0.4021 0.2299 0.1530 0.1491 0.3930 0.5096 0.3335 0.1966 0.1422 0.1842 0.4595 0.4789 0.2778 0.1720 0.1397 0.2832 0.4969 0.4120 0.2356 0.1554 0.1463 0.3747 0.5099 0.3517 0.2065 0.1456 0.1628 0.4302 0.5030 0.3121 0.1891 0.1410 0.1905 0.4588 0.4853 0.2891 0.1793 0.1396 0.2232 0.4748 0.4657 0.2729 0.1723 0.1395 0.2654
0.1511 0.1748 0.2786 0.4731 0.4697 0.2116 0.1399 0.1820 0.2949 0.4905 0.4535 0.1837 0.1416 0.1912 0.3159 0.5043 0.4274 0.1619 0.1457 0.2065 0.3509 0.5100 0.3780 0.1470 0.1545 0.2330 0.4064 0.4989 0.2932 0.1399 0.1700 0.2728 0.4725 0.4649 0.1924 0.1414 0.1934 0.3265 0.5087 0.4021 0.1511 0.1515 0.2256 0.3938 0.5023 0.3082 0.1404 0.1675 0.2660 0.4540 0.5055 0.4540 0.2660 0.1675 0.1404 0.3082 0.5023 0.3938 0.2256 0.1515 0.1511 0.4021 0.5087 0.3265 0.1934 0.1414 0.1924 0.4649 0.4725 0.2728 0.1700 0.1399 0.2932 0.4989 0.4064 0.2330 0.1545 0.1470 0.3780 0.5100 0.3509 0.2065 0.1457 0.1619 0.4274 0.5043 0.3159 0.1912 0.1416 0.1837 0.4535 0.4905 0.2949 0.1820 0.1399 0.2116 0.4697 0.4731 0.2786 0.1748 0.1511
0.1836 0.2846 0.4800 0.4642 0.2007 0.1403 0.1848 0.3010 0.4953 0.4473 0.1772 0.1422 0.1937 0.3209 0.5059 0.4231 0.1602 0.1461 0.2074 0.3517 0.5100 0.3791 0.1474 0.1540 0.2311 0.4021 0.5005 0.3014 0.1402 0.1682 0.2683 0.4663 0.4697 0.2013 0.1408 0.1904 0.3198 0.5072 0.4107 0.1534 0.1500 0.2215 0.3856 0.5044 0.3203 0.1409 0.1655 0.2620 0.4561 0.4801 0.3615 0.4801 0.4561 0.2620 0.1655 0.1409 0.3203 0.5044 0.3856 0.2215 0.1500 0.1534 0.4107 0.5072 0.3198 0.1904 0.1408 0.2013 0.4697 0.4663 0.2683 0.1682 0.1402 0.3014 0.5005 0.4021 0.2311 0.1540 0.1474 0.3791 0.5100 0.3517 0.2074 0.1461 0.1602 0.4231 0.5059 0.3209 0.1937 0.1422 0.1772 0.4473 0.4953 0.3010 0.1848 0.1403 0.2007 0.4642 0.4800 0.2846 0.1836
0.2897 0.4865 0.4583 0.1910 0.1409 0.1878 0.3074 0.4994 0.4406 0.1714 0.1431 0.1966 0.3268 0.5074 0.4173 0.1581 0.1468 0.2090 0.3543 0.5099 0.3780 0.1474 0.1538 0.2302 0.3994 0.5015 0.3076 0.1405 0.1668 0.2645 0.4605 0.4738 0.2103 0.1404 0.1876 0.3135 0.5052 0.4188 0.1561 0.1487 0.2176 0.3776 0.5063 0.3320 0.1417 0.1635 0.2571 0.4501 0.4802 0.2428 0.1416 0.2428 0.4802 0.4501 0.2571 0.1635 0.1417 0.3320 0.5063 0.3776 0.2176 0.1487 0.1561 0.4188 0.5052 0.3135 0.1876 0.1404 0.2103 0.4738 0.4605 0.2645 0.1668 0.1405 0.3076 0.5015 0.3994 0.2302 0.1538 0.1474 0.3780 0.5099 0.3543 0.2090 0.1468 0.1581 0.4173 0.5074 0.3268 0.1966 0.1431 0.1714 0.4406 0.4994 0.3074 0.1878 0.1409 0.1910 0.4583 0.4865 0.2897
0.4862 0.4521 0.1826 0.1416 0.1909 0.3141 0.5028 0.4334 0.1665 0.1441 0.1998 0.3333 0.5087 0.4102 0.1558 0.1477 0.2113 0.3584 0.5098 0.3747 0.1470 0.1540 0.2302 0.3985 0.5020 0.3114 0.1407 0.1658 0.2615 0.4555 0.4772 0.2189 0.1400 0.1852 0.3077 0.5028 0.4262 0.1590 0.1474 0.2137 0.3697 0.5077 0.3434 0.1425 0.1615 0.2522 0.4423 0.4837 0.2379 0.1381 0.1515 0.1381 0.2379 0.4837 0.4423 0.2522 0.1615 0.1425 0.3434 0.5077 0.3697 0.2137 0.1474 0.1590 0.4262 0.5028 0.3077 0.1852 0.1400 0.2189 0.4772 0.4555 0.2615 0.1658 0.1407 0.3114 0.5020 0.3985 0.2302 0.1540 0.1470 0.3747 0.5098 0.3584 0.2113 0.1477 0.1558 0.4102 0.5087 0.3333 0.1998 0.1441 0.1665 0.4334 0.5028 0.3141 0.1909 0.1416 0.1826 0.4521 0.4862
0.4487 0.1756 0.1424 0.1941 0.3209 0.5055 0.4257 0.1623 0.1452 0.2032 0.3403 0.5096 0.4022 0.1534 0.1488 0.2142 0.3638 0.5094 0.3693 0.1463 0.1545 0.2311 0.3994 0.5020 0.3128 0.1408 0.1651 0.2594 0.4517 0.4797 0.2264 0.1398 0.1831 0.3027 0.5000 0.4329 0.1623 0.1463 0.2101 0.3620 0.5088 0.3544 0.1435 0.1596 0.2474 0.4342 0.4875 0.2476 0.1392 0.1734 0.2263 0.1734 0.1392 0.2476 0.4875 0.4342 0.2474 0.1596 0.1435 0.3544 0.5088 0.3620 0.2101 0.1463 0.1623 0.4329 0.5000 0.3027 0.1831 0.1398 0.2264 0.4797 0.4517 0.2594 0.1651 0.1408 0.3128 0.5020 0.3994 0.2311 0.1545 0.1463 0.3693 0.5094 0.3638 0.2142 0.1488 0.1534 0.4022 0.5096 0.3403 0.2032 0.1452 0.1623 0.4257 0.5055 0.3209 0.1941 0.1424 0.1756 0.4487
0.1809 0.1434 0.1974 0.3280 0.5075 0.4175 0.1587 0.1463 0.2067 0.3476 0.5100 0.3934 0.1512 0.1500 0.2176 0.3703 0.5087 0.3621 0.1455 0.1554 0.2330 0.4021 0.5015 0.3114 0.1408 0.1649 0.2584 0.4492 0.4815 0.2322 0.1396 0.1813 0.2984 0.4971 0.4386 0.1657 0.1453 0.2068 0.3549 0.5096 0.3648 0.1447 0.1578 0.2426 0.4259 0.4911 0.2598 0.1394 0.1759 0.2792 0.3958 0.2792 0.1759 0.1394 0.2598 0.4911 0.4259 0.2426 0.1578 0.1447 0.3648 0.5096 0.3549 0.2068 0.1453 0.1657 0.4386 0.4971 0.2984 0.1813 0.1396 0.2322 0.4815 0.4492 0.2584 0.1649 0.1408 0.3114 0.5015 0.4021 0.2330 0.1554 0.1455 0.3621 0.5087 0.3703 0.2176 0.1500 0.1512 0.3934 0.5100 0.3476 0.2067 0.1463 0.1587 0.4175 0.5075 0.3280 0.1974 0.1434 0.1809
0.1546 0.2008 0.3352 0.5089 0.4090 0.1556 0.1476 0.2105 0.3552 0.5100 0.3840 0.1492 0.1514 0.2214 0.3776 0.5077 0.3534 0.1445 0.1565 0.2356 0.4064 0.5005 0.3076 0.1407 0.1651 0.2584 0.4484 0.4824 0.2359 0.1396 0.1801 0.2950 0.4943 0.4434 0.1691 0.1444 0.2039 0.3484 0.5100 0.3743 0.1460 0.1561 0.2381 0.4176 0.4945 0.2724 0.1395 0.1742 0.2818 0.4749 0.5008 0.4749 0.2818 0.1742 0.1395 0.2724 0.4945 0.4176 0.2381 0.1561 0.1460 0.3743 0.5100 0.3484 0.2039 0.1444 0.1691 0.4434 0.4943 0.2950 0.1801 0.1396 0.2359 0.4824 0.4484 0.2584 0.1651 0.1407 0.3076 0.5005 0.4064 0.2356 0.1565 0.1445 0.3534 0.5077 0.3776 0.2214 0.1514 0.1492 0.3840 0.5100 0.3552 0.2105 0.1476 0.1556 0.4090 0.5089 0.3352 0.2008 0.1546
0.2086 0.3426 0.5097 0.4000 0.1529 0.1489 0.2143 0.3630 0.5095 0.3741 0.1474 0.1529 0.2255 0.3854 0.5063 0.3434 0.1435 0.1580 0.2390 0.4120 0.4989 0.3014 0.1405 0.1658 0.2594 0.4492 0.4824 0.2372 0.1395 0.1793 0.2927 0.4921 0.4470 0.1724 0.1437 0.2014 0.3427 0.5100 0.3827 0.1474 0.1545 0.2339 0.4095 0.4975 0.2850 0.1397 0.1719 0.2775 0.4770 0.4668 0.3304 0.4668 0.4770 0.2775 0.1719 0.1397 0.2850 0.4975 0.4095 0.2339 0.1545 0.1474 0.3827 0.5100 0.3427 0.2014 0.1437 0.1724 0.4470 0.4921 0.2927 0.1793 0.1395 0.2372 0.4824 0.4492 0.2594 0.1658 0.1405 0.3014 0.4989 0.4120 0.2390 0.1580 0.1435 0.3434 0.5063 0.3854 0.2255 0.1529 0.1474 0.3741 0.5095 0.3630 0.2143 0.1489 0.1529 0.4000 0.5097 0.3426 0.2086
0.3462 0.5102 0.3906 0.1506 0.1503 0.2183 0.3711 0.5087 0.3636 0.1459 0.1545 0.2297 0.3935 0.5045 0.3324 0.1425 0.1596 0.2429 0.4186 0.4969 0.2932 0.1402 0.1668 0.2615 0.4517 0.4815 0.2359 0.1395 0.1790 0.2915 0.4906 0.4495 0.1751 0.1432 0.1993 0.3379 0.5098 0.3901 0.1488 0.1532 0.2300 0.4018 0.5001 0.2971 0.1400 0.1696 0.2722 0.4718 0.4663 0.2087 0.1385 0.2087 0.4663 0.4718 0.2722 0.1696 0.1400 0.2971 0.5001 0.4018 0.2300 0.1532 0.1488 0.3901 0.5098 0.3379 0.1993 0.1432 0.1751 0.4495 0.4906 0.2915 0.1790 0.1395 0.2359 0.4815 0.4517 0.2615 0.1668 0.1402 0.2932 0.4969 0.4186 0.2429 0.1596 0.1425 0.3324 0.5045 0.3935 0.2297 0.1545 0.1459 0.3636 0.5087 0.3711 0.2183 0.1503 0.1506 0.3906 0.5102 0.3462
0.5087 0.3808 0.1486 0.1518 0.2225 0.3793 0.5075 0.3526 0.1445 0.1562 0.2341 0.4018 0.5024 0.3207 0.1417 0.1614 0.2473 0.4261 0.4943 0.2832 0.1399 0.1682 0.2645 0.4555 0.4797 0.2322 0.1396 0.1793 0.2915 0.4901 0.4507 0.1769 0.1428 0.1978 0.3341 0.5095 0.3962 0.1502 0.1520 0.2266 0.3948 0.5022 0.3084 0.1404 0.1675 0.2669 0.4649 0.4705 0.2047 0.1387 0.1563 0.1387 0.2047 0.4705 0.4649 0.2669 0.1675 0.1404 0.3084 0.5022 0.3948 0.2266 0.1520 0.1502 0.3962 0.5095 0.3341 0.1978 0.1428 0.1769 0.4507 0.4901 0.2915 0.1793 0.1396 0.2322 0.4797 0.4555 0.2645 0.1682 0.1399 0.2832 0.4943 0.4261 0.2473 0.1614 0.1417 0.3207 0.5024 0.4018 0.2341 0.1562 0.1445 0.3526 0.5075 0.3793 0.2225 0.1518 0.1486 0.3808 0.5087
0.3757 0.1469 0.1534 0.2267 0.3876 0.5059 0.3412 0.1433 0.1580 0.2386 0.4101 0.5000 0.3086 0.1410 0.1634 0.2521 0.4340 0.4912 0.2720 0.1397 0.1700 0.2683 0.4605 0.4772 0.2264 0.1396 0.1801 0.2927 0.4906 0.4507 0.1775 0.1426 0.1969 0.3315 0.5091 0.4009 0.1514 0.1510 0.2236 0.3885 0.5040 0.3187 0.1409 0.1655 0.2620 0.4577 0.4752 0.2130 0.1400 0.1809 0.2393 0.1809 0.1400 0.2130 0.4752 0.4577 0.2620 0.1655 0.1409 0.3187 0.5040 0.3885 0.2236 0.1510 0.1514 0.4009 0.5091 0.3315 0.1969 0.1426 0.1775 0.4507 0.4906 0.2927 0.1801 0.1396 0.2264 0.4772 0.4605 0.2683 0.1700 0.1397 0.2720 0.4912 0.4340 0.2521 0.1634 0.1410 0.3086 0.5000 0.4101 0.2386 0.1580 0.1433 0.3412 0.5059 0.3876 0.2267 0.1534 0.1469 0.3757
0.1573 0.1551 0.2311 0.3960 0.5039 0.3294 0.1423 0.1599 0.2434 0.4187 0.4972 0.2962 0.1404 0.1655 0.2570 0.4422 0.4876 0.2598 0.1395 0.1720 0.2728 0.4663 0.4738 0.2189 0.1398 0.1813 0.2950 0.4921 0.4495 0.1769 0.1426 0.1966 0.3302 0.5088 0.4041 0.1524 0.1503 0.2212 0.3833 0.5053 0.3276 0.1415 0.1638 0.2575 0.4505 0.4794 0.2235 0.1398 0.1835 0.2964 0.4200 0.2964 0.1835 0.1398 0.2235 0.4794 0.4505 0.2575 0.1638 0.1415 0.3276 0.5053 0.3833 0.2212 0.1503 0.1524 0.4041 0.5088 0.3302 0.1966 0.1426 0.1769 0.4495 0.4921 0.2950 0.1813 0.1398 0.2189 0.4738 0.4663 0.2728 0.1720 0.1395 0.2598 0.4876 0.4422 0.2570 0.1655 0.1404 0.2962 0.4972 0.4187 0.2434 0.1599 0.1423 0.3294 0.5039 0.3960 0.2311 0.1551 0.1573
0.1651 0.2356 0.4045 0.5017 0.3172 0.1415 0.1619 0.2483 0.4273 0.4940 0.2834 0.1400 0.1676 0.2622 0.4503 0.4836 0.2473 0.1394 0.1743 0.2778 0.4725 0.4697 0.2103 0.1400 0.1831 0.2984 0.4943 0.4470 0.1751 0.1428 0.1969 0.3302 0.5087 0.4058 0.1530 0.1498 0.2195 0.3791 0.5064 0.3351 0.1420 0.1623 0.2535 0.4438 0.4832 0.2343 0.1396 0.1817 0.2990 0.4916 0.4936 0.4916 0.2990 0.1817 0.1396 0.2343 0.4832 0.4438 0.2535 0.1623 0.1420 0.3351 0.5064 0.3791 0.2195 0.1498 0.1530 0.4058 0.5087 0.3302 0.1969 0.1428 0.1751 0.4470 0.4943 0.2984 0.1831 0.1400 0.2103 0.4697 0.4725 0.2778 0.1743 0.1394 0.2473 0.4836 0.4503 0.2622 0.1676 0.1400 0.2834 0.4940 0.4273 0.2483 0.1619 0.1415 0.3172 0.5017 0.4045 0.2356 0.1651
0.2423 0.4132 0.4990 0.3047 0.1408 0.1640 0.2533 0.4359 0.4905 0.2703 0.1396 0.1699 0.2675 0.4582 0.4793 0.2348 0.1395 0.1768 0.2833 0.4789 0.4649 0.2013 0.1404 0.1852 0.3027 0.4971 0.4434 0.1724 0.1432 0.1978 0.3315 0.5088 0.4058 0.1533 0.1495 0.2184 0.3763 0.5070 0.3409 0.1425 0.1610 0.2501 0.4377 0.4864 0.2445 0.1395 0.1795 0.2948 0.4938 0.4505 0.2958 0.4505 0.4938 0.2948 0.1795 0.1395 0.2445 0.4864 0.4377 0.2501 0.1610 0.1425 0.3409 0.5070 0.3763 0.2184 0.1495 0.1533 0.4058 0.5088 0.3315 0.1978 0.1432 0.1724 0.4434 0.4971 0.3027 0.1852 0.1404 0.2013 0.4649 0.4789 0.2833 0.1768 0.1395 0.2348 0.4793 0.4582 0.2675 0.1699 0.1396 0.2703 0.4905 0.4359 0.2533 0.1640 0.1408 0.3047 0.4990 0.4132 0.2423
0.4151 0.4962 0.2918 0.1402 0.1661 0.2585 0.4444 0.4867 0.2572 0.1395 0.1723 0.2729 0.4658 0.4747 0.2227 0.1396 0.1794 0.2891 0.4850 0.4595 0.1924 0.1408 0.1876 0.3077 0.5000 0.4386 0.1691 0.1437 0.1993 0.3341 0.5091 0.4041 0.1530 0.1495 0.2180 0.3749 0.5074 0.3448 0.1430 0.1601 0.2474 0.4324 0.4890 0.2539 0.1394 0.1774 0.2899 0.4906 0.4489 0.1813 0.1368 0.1813 0.4489 0.4906 0.2899 0.1774 0.1394 0.2539 0.4890 0.4324 0.2474 0.1601 0.1430 0.3448 0.5074 0.3749 0.2180 0.1495 0.1530 0.4041 0.5091 0.3341 0.1993 0.1437 0.1691 0.4386 0.5000 0.3077 0.1876 0.1408 0.1924 0.4595 0.4850 0.2891 0.1794 0.1396 0.2227 0.4747 0.4658 0.2729 0.1723 0.1395 0.2572 0.4867 0.4444 0.2585 0.1661 0.1402 0.2918 0.4962 0.4151
0.4942 0.2788 0.1398 0.1684 0.2638 0.4527 0.4825 0.2441 0.1394 0.1748 0.2787 0.4732 0.4696 0.2113 0.1399 0.1821 0.2951 0.4906 0.4535 0.1842 0.1414 0.1904 0.3135 0.5028 0.4329 0.1657 0.1444 0.2014 0.3379 0.5095 0.4009 0.1524 0.1498 0.2184 0.3749 0.5075 0.3468 0.1432 0.1594 0.2453 0.4283 0.4910 0.2619 0.1394 0.1755 0.2854 0.4864 0.4529 0.1784 0.1404 0.1621 0.1404 0.1784 0.4529 0.4864 0.2854 0.1755 0.1394 0.2619 0.4910 0.4283 0.2453 0.1594 0.1432 0.3468 0.5075 0.3749 0.2184 0.1498 0.1524 0.4009 0.5095 0.3379 0.2014 0.1444 0.1657 0.4329 0.5028 0.3135 0.1904 0.1414 0.1842 0.4535 0.4906 0.2951 0.1821 0.1399 0.2113 0.4696 0.4732 0.2787 0.1748 0.1394 0.2441 0.4825 0.4527 0.2638 0.1684 0.1398 0.2788 0.4942
0.2736 0.1396 0.1707 0.2693 0.4607 0.4779 0.2313 0.1395 0.1774 0.2846 0.4801 0.4642 0.2006 0.1403 0.1849 0.3013 0.4955 0.4471 0.1771 0.1422 0.1934 0.3198 0.5052 0.4262 0.1623 0.1453 0.2039 0.3427 0.5098 0.3962 0.1514 0.1503 0.2195 0.3763 0.5074 0.3468 0.1433 0.1591 0.2441 0.4254 0.4925 0.2682 0.1395 0.1740 0.2814 0.4821 0.4574 0.1826 0.1419 0.1899 0.2545 0.1899 0.1419 0.1826 0.4574 0.4821 0.2814 0.1740 0.1395 0.2682 0.4925 0.4254 0.2441 0.1591 0.1433 0.3468 0.5074 0.3763 0.2195 0.1503 0.1514 0.3962 0.5098 0.3427 0.2039 0.1453 0.1623 0.4262 0.5052 0.3198 0.1934 0.1422 0.1771 0.4471 0.4955 0.3013 0.1849 0.1403 0.2006 0.4642 0.4801 0.2846 0.1774 0.1395 0.2313 0.4779 0.4607 0.2693 0.1707 0.1396 0.2736
0.1512 0.1732 0.2749 0.4684 0.4731 0.2191 0.1397 0.1801 0.2906 0.4864 0.4583 0.1909 0.1409 0.1878 0.3076 0.4995 0.4403 0.1712 0.1431 0.1966 0.3265 0.5072 0.4188 0.1590 0.1463 0.2068 0.3484 0.5100 0.3901 0.1502 0.1510 0.2212 0.3791 0.5070 0.3448 0.1432 0.1591 0.2437 0.4240 0.4934 0.2727 0.1395 0.1728 0.2783 0.4781 0.4613 0.1880 0.1417 0.1932 0.3170 0.4462 0.3170 0.1932 0.1417 0.1880 0.4613 0.4781 0.2783 0.1728 0.1395 0.2727 0.4934 0.4240 0.2437 0.1591 0.1432 0.3448 0.5070 0.3791 0.2212 0.1510 0.1502 0.3901 0.5100 0.3484 0.2068 0.1463 0.1590 0.4188 0.5072 0.3265 0.1966 0.1431 0.1712 0.4403 0.4995 0.3076 0.1878 0.1409 0.1909 0.4583 0.4864 0.2906 0.1801 0.1397 0.2191 0.4731 0.4684 0.2749 0.1732 0.1512
0.1821 0.2808 0.4757 0.4678 0.2075 0.1401 0.1829 0.2968 0.4919 0.4520 0.1826 0.1416 0.1909 0.3141 0.5029 0.4331 0.1663 0.1441 0.1999 0.3335 0.5087 0.4107 0.1561 0.1474 0.2101 0.3549 0.5100 0.3827 0.1488 0.1520 0.2236 0.3833 0.5064 0.3409 0.1430 0.1594 0.2441 0.4240 0.4937 0.2750 0.1396 0.1720 0.2759 0.4748 0.4644 0.1933 0.1412 0.1918 0.3206 0.5035 0.4826 0.5035 0.3206 0.1918 0.1412 0.1933 0.4644 0.4748 0.2759 0.1720 0.1396 0.2750 0.4937 0.4240 0.2441 0.1594 0.1430 0.3409 0.5064 0.3833 0.2236 0.1520 0.1488 0.3827 0.5100 0.3549 0.2101 0.1474 0.1561 0.4107 0.5087 0.3335 0.1999 0.1441 0.1663 0.4331 0.5029 0.3141 0.1909 0.1416 0.1826 0.4520 0.4919 0.2968 0.1829 0.1401 0.2075 0.4678 0.4757 0.2808 0.1821
0.2860 0.4825 0.4622 0.1970 0.1405 0.1858 0.3032 0.4967 0.4453 0.1755 0.1424 0.1941 0.3210 0.5055 0.4256 0.1622 0.1452 0.2033 0.3406 0.5096 0.4021 0.1534 0.1487 0.2137 0.3620 0.5096 0.3743 0.1474 0.1532 0.2266 0.3885 0.5053 0.3351 0.1425 0.1601 0.2453 0.4254 0.4934 0.2750 0.1396 0.1715 0.2745 0.4724 0.4666 0.1979 0.1409 0.1901 0.3177 0.5056 0.4275 0.2534 0.4275 0.5056 0.3177 0.1901 0.1409 0.1979 0.4666 0.4724 0.2745 0.1715 0.1396 0.2750 0.4934 0.4254 0.2453 0.1601 0.1425 0.3351 0.5053 0.3885 0.2266 0.1532 0.1474 0.3743 0.5096 0.3620 0.2137 0.1487 0.1534 0.4021 0.5096 0.3406 0.2033 0.1452 0.1622 0.4256 0.5055 0.3210 0.1941 0.1424 0.1755 0.4453 0.4967 0.3032 0.1858 0.1405 0.1970 0.4622 0.4825 0.2860
0.4824 0.4562 0.1878 0.1411 0.1889 0.3098 0.5007 0.4382 0.1697 0.1434 0.1974 0.3280 0.5075 0.4175 0.1586 0.1463 0.2069 0.3479 0.5100 0.3930 0.1511 0.1500 0.2176 0.3697 0.5088 0.3648 0.1460 0.1545 0.2300 0.3948 0.5040 0.3276 0.1420 0.1610 0.2474 0.4283 0.4925 0.2727 0.1396 0.1715 0.2740 0.4712 0.4680 0.2012 0.1407 0.1887 0.3143 0.5049 0.4228 0.1619 0.1365 0.1619 0.4228 0.5049 0.3143 0.1887 0.1407 0.2012 0.4680 0.4712 0.2740 0.1715 0.1396 0.2727 0.4925 0.4283 0.2474 0.1610 0.1420 0.3276 0.5040 0.3948 0.2300 0.1545 0.1460 0.3648 0.5088 0.3697 0.2176 0.1500 0.1511 0.3930 0.5100 0.3479 0.2069 0.1463 0.1586 0.4175 0.5075 0.3280 0.1974 0.1434 0.1697 0.4382 0.5007 0.3098 0.1889 0.1411 0.1878 0.4562 0.4824
0.4530 0.1800 0.1419 0.1920 0.3165 0.5039 0.4307 0.1649 0.1444 0.2008 0.3352 0.5089 0.4089 0.1556 0.1476 0.2105 0.3554 0.5100 0.3836 0.1491 0.1515 0.2215 0.3776 0.5077 0.3544 0.1447 0.1561 0.2339 0.4018 0.5022 0.3187 0.1415 0.1623 0.2501 0.4324 0.4910 0.2682 0.1395 0.1720 0.2745 0.4712 0.4685 0.2030 0.1405 0.1877 0.3117 0.5038 0.4254 0.1599 0.1439 0.1702 0.1439 0.1599 0.4254 0.5038 0.3117 0.1877 0.1405 0.2030 0.4685 0.4712 0.2745 0.1720 0.1395 0.2682 0.4910 0.4324 0.2501 0.1623 0.1415 0.3187 0.5022 0.4018 0.2339 0.1561 0.1447 0.3544 0.5077 0.3776 0.2215 0.1515 0.1491 0.3836 0.5100 0.3554 0.2105 0.1476 0.1556 0.4089 0.5089 0.3352 0.2008 0.1444 0.1649 0.4307 0.5039 0.3165 0.1920 0.1419 0.1800 0.4530
0.1844 0.1427 0.1952 0.3234 0.5063 0.4228 0.1609 0.1456 0.2044 0.3426 0.5097 0.4000 0.1529 0.1489 0.2144 0.3631 0.5095 0.3738 0.1474 0.1530 0.2256 0.3856 0.5063 0.3434 0.1435 0.1578 0.2381 0.4095 0.5001 0.3084 0.1409 0.1638 0.2535 0.4377 0.4890 0.2619 0.1395 0.1728 0.2759 0.4724 0.4680 0.2030 0.1405 0.1872 0.3101 0.5029 0.4282 0.1609 0.1460 0.2026 0.2753 0.2026 0.1460 0.1609 0.4282 0.5029 0.3101 0.1872 0.1405 0.2030 0.4680 0.4724 0.2759 0.1728 0.1395 0.2619 0.4890 0.4377 0.2535 0.1638 0.1409 0.3084 0.5001 0.4095 0.2381 0.1578 0.1435 0.3434 0.5063 0.3856 0.2256 0.1530 0.1474 0.3738 0.5095 0.3631 0.2144 0.1489 0.1529 0.4000 0.5097 0.3426 0.2044 0.1456 0.1609 0.4228 0.5063 0.3234 0.1952 0.1427 0.1844
0.1541 0.1986 0.3305 0.5081 0.4145 0.1575 0.1468 0.2080 0.3502 0.5100 0.3906 0.1506 0.1504 0.2183 0.3711 0.5087 0.3635 0.1458 0.1546 0.2299 0.3938 0.5044 0.3320 0.1425 0.1596 0.2426 0.4176 0.4975 0.2971 0.1404 0.1655 0.2575 0.4438 0.4864 0.2539 0.1394 0.1740 0.2783 0.4748 0.4666 0.2012 0.1405 0.1872 0.3096 0.5024 0.4300 0.1620 0.1459 0.2071 0.3453 0.4757 0.3453 0.2071 0.1459 0.1620 0.4300 0.5024 0.3096 0.1872 0.1405 0.2012 0.4666 0.4748 0.2783 0.1740 0.1394 0.2539 0.4864 0.4438 0.2575 0.1655 0.1404 0.2971 0.4975 0.4176 0.2426 0.1596 0.1425 0.3320 0.5044 0.3938 0.2299 0.1546 0.1458 0.3635 0.5087 0.3711 0.2183 0.1504 0.1506 0.3906 0.5100 0.3502 0.2080 0.1468 0.1575 0.4145 0.5081 0.3305 0.1986 0.1541
0.2064 0.3378 0.5093 0.4058 0.1546 0.1481 0.2118 0.3579 0.5099 0.3807 0.1486 0.1519 0.2225 0.3793 0.5075 0.3526 0.1445 0.1563 0.2342 0.4021 0.5023 0.3203 0.1417 0.1615 0.2474 0.4259 0.4945 0.2850 0.1400 0.1675 0.2620 0.4505 0.4832 0.2445 0.1394 0.1755 0.2814 0.4781 0.4644 0.1979 0.1407 0.1877 0.3101 0.5024 0.4307 0.1627 0.1457 0.2069 0.3514 0.5086 0.4639 0.5086 0.3514 0.2069 0.1457 0.1627 0.4307 0.5024 0.3101 0.1877 0.1407 0.1979 0.4644 0.4781 0.2814 0.1755 0.1394 0.2445 0.4832 0.4505 0.2620 0.1675 0.1400 0.2850 0.4945 0.4259 0.2474 0.1615 0.1417 0.3203 0.5023 0.4021 0.2342 0.1563 0.1445 0.3526 0.5075 0.3793 0.2225 0.1519 0.1486 0.3807 0.5099 0.3579 0.2118 0.1481 0.1546 0.4058 0.5093 0.3378 0.2064
0.3416 0.5100 0.3967 0.1521 0.1494 0.2157 0.3659 0.5093 0.3704 0.1469 0.1534 0.2267 0.3876 0.5059 0.3412 0.1433 0.1580 0.2387 0.4104 0.4999 0.3082 0.1409 0.1635 0.2522 0.4342 0.4911 0.2724 0.1397 0.1696 0.2669 0.4577 0.4794 0.2343 0.1395 0.1774 0.2854 0.4821 0.4613 0.1933 0.1409 0.1887 0.3117 0.5029 0.4300 0.1627 0.1456 0.2065 0.3511 0.5097 0.3914 0.2018 0.3914 0.5097 0.3511 0.2065 0.1456 0.1627 0.4300 0.5029 0.3117 0.1887 0.1409 0.1933 0.4613 0.4821 0.2854 0.1774 0.1395 0.2343 0.4794 0.4577 0.2669 0.1696 0.1397 0.2724 0.4911 0.4342 0.2522 0.1635 0.1409 0.3082 0.4999 0.4104 0.2387 0.1580 0.1433 0.3412 0.5059 0.3876 0.2267 0.1534 0.1469 0.3704 0.5093 0.3659 0.2157 0.1494 0.1521 0.3967 0.5100 0.3416
0.5086 0.3872 0.1499 0.1508 0.2197 0.3739 0.5083 0.3599 0.1454 0.1551 0.2311 0.3959 0.5039 0.3295 0.1423 0.1599 0.2433 0.4187 0.4971 0.2959 0.1404 0.1655 0.2571 0.4423 0.4875 0.2598 0.1395 0.1719 0.2722 0.4649 0.4752 0.2235 0.1396 0.1795 0.2899 0.4864 0.4574 0.1880 0.1412 0.1901 0.3143 0.5038 0.4282 0.1620 0.1457 0.2065 0.3507 0.5099 0.3812 0.1489 0.1380 0.1489 0.3812 0.5099 0.3507 0.2065 0.1457 0.1620 0.4282 0.5038 0.3143 0.1901 0.1412 0.1880 0.4574 0.4864 0.2899 0.1795 0.1396 0.2235 0.4752 0.4649 0.2722 0.1719 0.1395 0.2598 0.4875 0.4423 0.2571 0.1655 0.1404 0.2959 0.4971 0.4187 0.2433 0.1599 0.1423 0.3295 0.5039 0.3959 0.2311 0.1551 0.1454 0.3599 0.5083 0.3739 0.2197 0.1508 0.1499 0.3872 0.5086
0.3827 0.1481 0.1523 0.2237 0.3817 0.5070 0.3492 0.1441 0.1567 0.2353 0.4041 0.5017 0.3179 0.1415 0.1617 0.2480 0.4269 0.4941 0.2838 0.1399 0.1675 0.2620 0.4501 0.4837 0.2476 0.1394 0.1742 0.2775 0.4718 0.4705 0.2130 0.1398 0.1817 0.2948 0.4906 0.4529 0.1826 0.1417 0.1918 0.3177 0.5049 0.4254 0.1609 0.1459 0.2069 0.3511 0.5099 0.3803 0.1477 0.1499 0.1825 0.1499 0.1477 0.3803 0.5099 0.3511 0.2069 0.1459 0.1609 0.4254 0.5049 0.3177 0.1918 0.1417 0.1826 0.4529 0.4906 0.2948 0.1817 0.1398 0.2130 0.4705 0.4718 0.2775 0.1742 0.1394 0.2476 0.4837 0.4501 0.2620 0.1675 0.1399 0.2838 0.4941 0.4269 0.2480 0.1617 0.1415 0.3179 0.5017 0.4041 0.2353 0.1567 0.1441 0.3492 0.5070 0.3817 0.2237 0.1523 0.1481 0.3827
0.1585 0.1533 0.2268 0.3881 0.5054 0.3403 0.1430 0.1579 0.2388 0.4107 0.4995 0.3082 0.1408 0.1631 0.2517 0.4335 0.4912 0.2738 0.1395 0.1691 0.2660 0.4561 0.4802 0.2379 0.1392 0.1759 0.2818 0.4770 0.4663 0.2047 0.1400 0.1835 0.2990 0.4938 0.4489 0.1784 0.1419 0.1932 0.3206 0.5056 0.4228 0.1599 0.1460 0.2071 0.3514 0.5097 0.3812 0.1477 0.1525 0.2208 0.3045 0.2208 0.1525 0.1477 0.3812 0.5097 0.3514 0.2071 0.1460 0.1599 0.4228 0.5056 0.3206 0.1932 0.1419 0.1784 0.4489 0.4938 0.2990 0.1835 0.1400 0.2047 0.4663 0.4770 0.2818 0.1759 0.1392 0.2379 0.4802 0.4561 0.2660 0.1691 0.1395 0.2738 0.4912 0.4335 0.2517 0.1631 0.1408 0.3082 0.4995 0.4107 0.2388 0.1579 0.1430 0.3403 0.5054 0.3881 0.2268 0.1533 0.1585
0.1602 0.2240 0.3863 0.5045 0.3446 0.1424 0.1559 0.2361 0.4089 0.4988 0.3128 0.1399 0.1610 0.2491 0.4316 0.4907 0.2786 0.1385 0.1668 0.2634 0.4540 0.4801 0.2428 0.1381 0.1734 0.2792 0.4749 0.4668 0.2087 0.1387 0.1809 0.2964 0.4916 0.4505 0.1813 0.1404 0.1899 0.3170 0.5035 0.4275 0.1619 0.1439 0.2026 0.3453 0.5086 0.3914 0.1489 0.1499 0.2208 0.3752 0.4950 0.3752 0.2208 0.1499 0.1489 0.3914 0.5086 0.3453 0.2026 0.1439 0.1619 0.4275 0.5035 0.3170 0.1899 0.1404 0.1813 0.4505 0.4916 0.2964 0.1809 0.1387 0.2087 0.4668 0.4749 0.2792 0.1734 0.1381 0.2428 0.4801 0.4540 0.2634 0.1668 0.1385 0.2786 0.4907 0.4316 0.2491 0.1610 0.1399 0.3128 0.4988 0.4089 0.2361 0.1559 0.1424 0.3446 0.5045 0.3863 0.2240 0.1602
0.1921 0.3114 0.5013 0.4328 0.1646 0.1411 0.1946 0.3300 0.5063 0.4122 0.1536 0.1440 0.2041 0.3504 0.5074 0.3886 0.1465 0.1474 0.2145 0.3722 0.5055 0.3615 0.1416 0.1515 0.2263 0.3958 0.5008 0.3304 0.1385 0.1563 0.2393 0.4200 0.4936 0.2958 0.1368 0.1621 0.2545 0.4462 0.4826 0.2534 0.1365 0.1702 0.2753 0.4757 0.4639 0.2018 0.1380 0.1825 0.3045 0.4950 0.4899 0.4950 0.3045 0.1825 0.1380 0.2018 0.4639 0.4757 0.2753 0.1702 0.1365 0.2534 0.4826 0.4462 0.2545 0.1621 0.1368 0.2958 0.4936 0.4200 0.2393 0.1563 0.1385 0.3304 0.5008 0.3958 0.2263 0.1515 0.1416 0.3615 0.5055 0.3722 0.2145 0.1474 0.1465 0.3886 0.5074 0.3504 0.2041 0.1440 0.1536 0.4122 0.5063 0.3300 0.1946 0.1411 0.1646 0.4328 0.5013 0.3114 0.1921
0.1602 0.2240 0.3863 0.5045 0.3446 0.1424 0.1559 0.2361 0.4089 0.4988 0.3128 0.1399 0.1610 0.2491 0.4316 0.4907 0.2786 0.1385 0.1668 0.2634 0.4540 0.4801 0.2428 0.1381 0.1734 0.2792 0.4749 0.4668 0.2087 0.1387 0.1809 0.2964 0.4916 0.4505 0.1813 0.1404 0.1899 0.3170 0.5035 0.4275 0.1619 0.1439 0.2026 0.3453 0.5086 0.3914 0.1489 0.1499 0.2208 0.3752 0.4950 0.3752 0.2208 0.1499 0.1489 0.3914 0.5086 0.3453 0.2026 0.1439 0.1619 0.4275 0.5035 0.3170 0.1899 0.1404 0.1813 0.4505 0.4916 0.2964 0.1809 0.1387 0.2087 0.4668 0.4749 0.2792 0.1734 0.1381 0.2428 0.4801 0.4540 0.2634 0.1668 0.1385 0.2786 0.4907 0.4316 0.2491 0.1610 0.1399 0.3128 0.4988 0.4089 0.2361 0.1559 0.1424 0.3446 0.5045 0.3863 0.2240 0.1602
0.1585 0.1533 0.2268 0.3881 0.5054 0.3403 0.1430 0.1579 0.2388 0.4107 0.4995 0.3082 0.1408 0.1631 0.2517 0.4335 0.4912 0.2738 0.1395 0.1691 0.2660 0.4561 0.4802 0.2379 0.1392 0.1759 0.2818 0.4770 0.4663 0.2047 0.1400 0.1835 0.2990 0.4938 0.4489 0.1784 0.1419 0.1932 0.3206 0.5056 0.4228 0.1599 0.1460 0.2071 0.3514 0.5097 0.3812 0.1477 0.1525 0.2208 0.3045 0.2208 0.1525 0.1477 0.3812 0.5097 0.3514 0.2071 0.1460 0.1599 0.4228 0.5056 0.3206 0.1932 0.1419 0.1784 0.4489 0.4938 0.2990 0.1835 0.1400 0.2047 0.4663 0.4770 0.2818 0.1759 0.1392 0.2379 0.4802 0.4561 0.2660 0.1691 0.1395 0.2738 0.4912 0.4335 0.2517 0.1631 0.1408 0.3082 0.4995 0.4107 0.2388 0.1579 0.1430 0.3403 0.5054 0.3881 0.2268 0.1533 0.1585
0.3827 0.1481 0.1523 0.2237 0.3817 0.5070 0.3492 0.1441 0.1567 0.2353 0.4041 0.5017 0.3179 0.1415 0.1617 0.2480 0.4269 0.4941 0.2838 0.1399 0.1675 0.2620 0.4501 0.4837 0.2476 0.1394 0.1742 0.2775 0.4718 0.4705 0.2130 0.1398 0.1817 0.2948 0.4906 0.4529 0.1826 0.1417 0.1918 0.3177 0.5049 0.4254 0.1609 0.1459 0.2069 0.3511 0.5099 0.3803 0.1477 0.1499 0.1825 0.1499 0.1477 0.3803 0.5099 0.3511 0.2069 0.1459 0.1609 0.4254 0.5049 0.3177 0.1918 0.1417 0.1826 0.4529 0.4906 0.2948 0.1817 0.1398 0.2130 0.4705 0.4718 0.2775 0.1742 0.1394 0.2476 0.4837 0.4501 0.2620 0.1675 0.1399 0.2838 0.4941 0.4269 0.2480 0.1617 0.1415 0.3179 0.5017 0.4041 0.2353 0.1567 0.1441 0.3492 0.5070 0.3817 0.2237 0.1523 0.1481 0.3827
0.5086 0.3872 0.1499 0.1508 0.2197 0.3739 0.5083 0.3599 0.1454 0.1551 0.2311 0.3959 0.5039 0.3295 0.1423 0.1599 0.2433 0.4187 0.4971 0.2959 0.1404 0.1655 0.2571 0.4423 0.4875 0.2598 0.1395 0.1719 0.2722 0.4649 0.4752 0.2235 0.1396 0.1795 0.2899 0.4864 0.4574 0.1880 0.1412 0.1901 0.3143 0.5038 0.4282 0.1620 0.1457 0.2065 0.3507 0.5099 0.3812 0.1489 0.1380 0.1489 0.3812 0.5099 0.3507 0.2065 0.1457 0.1620 0.4282 0.5038 0.3143 0.1901 0.1412 0.1880 0.4574 0.4864 0.2899 0.1795 0.1396 0.2235 0.4752 0.4649 0.2722 0.1719 0.1395 0.2598 0.4875 0.4423 0.2571 0.1655 0.1404 0.2959 0.4971 0.4187 0.2433 0.1599 0.1423 0.3295 0.5039 0.3959 0.2311 0.1551 0.1454 0.3599 0.5083 0.3739 0.2197 0.1508 0.1499 0.3872 0.5086
0.3416 0.5100 0.3967 0.1521 0.1494 0.2157 0.3659 0.5093 0.3704 0.1469 0.1534 0.2267 0.3876 0.5059 0.3412 0.1433 0.1580 0.2387 0.4104 0.4999 0.3082 0.1409 0.1635 0.2522 0.4342 0.4911 0.2724 0.1397 0.1696 0.2669 0.4577 0.4794 0.2343 0.1395 0.1774 0.2854 0.4821 0.4613 0.1933 0.1409 0.1887 0.3117 0.5029 0.4300 0.1627 0.1456 0.2065 0.3511 0.5097 0.3914 0.2018 0.3914 0.5097 0.3511 0.2065 0.1456 0.1627 0.4300 0.5029 0.3117 0.1887 0.1409 0.1933 0.4613 0.4821 0.2854 0.1774 0.1395 0.2343 0.4794 0.4577 0.2669 0.1696 0.1397 0.2724 0.4911 0.4342 0.2522 0.1635 0.1409 0.3082 0.4999 0.4104 0.2387 0.1580 0.1433 0.3412 0.5059 0.3876 0.2267 0.1534 0.1469 0.3704 0.5093 0.3659 0.2157 0.1494 0.1521 0.3967 0.5100 0.3416
