0.0273 0.2497 -0.1505 -0.2698 -0.3331 -0.3023 0.1117 0.2271 -0.2016 -0.2941 -0.3433 -0.1210 0.1833 -0.0398 -0.2418 -0.3154 -0.3478 0.0335 0.2469 -0.1466 -0.2681 -0.3322 -0.3089 0.1070 0.2374 -0.1983 -0.2924 -0.3427 -0.1382 0.1785 -0.0245 -0.2397 -0.3140 -0.3480 0.0266 0.2427 -0.1418 -0.2662 -0.3312 -0.3152 0.1021 0.2458 -0.1950 -0.2907 -0.3422 -0.1556 0.1730 -0.0054 -0.2366 -0.3118 -0.3525 -0.3118 -0.2366 -0.0054 0.1730 -0.1556 -0.3422 -0.2907 -0.1950 0.2458 0.1021 -0.3152 -0.3312 -0.2662 -0.1418 0.2427 0.0266 -0.3480 -0.3140 -0.2397 -0.0245 0.1785 -0.1382 -0.3427 -0.2924 -0.1983 0.2374 0.1070 -0.3089 -0.3322 -0.2681 -0.1466 0.2469 0.0335 -0.3478 -0.3154 -0.2418 -0.0398 0.1833 -0.1210 -0.3433 -0.2941 -0.2016 0.2271 0.1117 -0.3023 -0.3331 -0.2698 -0.1505 0.2497 0.0273
0.2497 -0.1552 -0.2922 -0.3523 -0.3133 0.1103 0.2493 -0.2124 -0.3153 -0.3606 -0.1272 0.1796 -0.0164 -0.2647 -0.3358 -0.3623 0.0328 0.2449 -0.1468 -0.2900 -0.3515 -0.3209 0.1054 0.2567 -0.2083 -0.3136 -0.3603 -0.1451 0.1742 0.0029 -0.2626 -0.3345 -0.3628 0.0257 0.2403 -0.1411 -0.2882 -0.3506 -0.3273 0.1007 0.2622 -0.2043 -0.3120 -0.3599 -0.1631 0.1683 0.0250 -0.2593 -0.3330 -0.3687 -0.2443 -0.3687 -0.3330 -0.2593 0.0250 0.1683 -0.1631 -0.3599 -0.3120 -0.2043 0.2622 0.1007 -0.3273 -0.3506 -0.2882 -0.1411 0.2403 0.0257 -0.3628 -0.3345 -0.2626 0.0029 0.1742 -0.1451 -0.3603 -0.3136 -0.2083 0.2567 0.1054 -0.3209 -0.3515 -0.2900 -0.1468 0.2449 0.0328 -0.3623 -0.3358 -0.2647 -0.0164 0.1796 -0.1272 -0.3606 -0.3153 -0.2124 0.2493 0.1103 -0.3133 -0.3523 -0.2922 -0.1552 0.2497
-0.1505 -0.2922 -0.3516 -0.3202 0.1046 0.2586 -0.2066 -0.3128 -0.3600 -0.1546 0.1707 0.0144 -0.2608 -0.3336 -0.3628 0.0215 0.2376 -0.1378 -0.2871 -0.3500 -0.3305 0.0978 0.2646 -0.2020 -0.3110 -0.3596 -0.1731 0.1648 0.0374 -0.2576 -0.3322 -0.3629 0.0136 0.2327 -0.1316 -0.2853 -0.3490 -0.3358 0.0930 0.2677 -0.1978 -0.3093 -0.3591 -0.1905 0.1593 0.0622 -0.2532 -0.3308 -0.3628 -0.0161 0.1264 -0.0161 -0.3628 -0.3308 -0.2532 0.0622 0.1593 -0.1905 -0.3591 -0.3093 -0.1978 0.2677 0.0930 -0.3358 -0.3490 -0.2853 -0.1316 0.2327 0.0136 -0.3629 -0.3322 -0.2576 0.0374 0.1648 -0.1731 -0.3596 -0.3110 -0.2020 0.2646 0.0978 -0.3305 -0.3500 -0.2871 -0.1378 0.2376 0.0215 -0.3628 -0.3336 -0.2608 0.0144 0.1707 -0.1546 -0.3600 -0.3128 -0.2066 0.2586 0.1046 -0.3202 -0.3516 -0.2922 -0.1505
-0.2698 -0.3523 -0.3202 0.1024 0.2627 -0.2022 -0.3107 -0.3593 -0.1800 0.1624 0.0493 -0.2553 -0.3314 -0.3629 0.0091 0.2300 -0.1281 -0.2843 -0.3484 -0.3385 0.0903 0.2689 -0.1955 -0.3083 -0.3589 -0.2000 0.1562 0.0762 -0.2509 -0.3299 -0.3627 0.0003 0.2249 -0.1212 -0.2824 -0.3473 -0.3429 0.0855 0.2700 -0.1913 -0.3066 -0.3583 -0.2163 0.1509 0.1018 -0.2466 -0.3285 -0.3626 -0.0135 0.2010 0.2237 0.2010 -0.0135 -0.3626 -0.3285 -0.2466 0.1018 0.1509 -0.2163 -0.3583 -0.3066 -0.1913 0.2700 0.0855 -0.3429 -0.3473 -0.2824 -0.1212 0.2249 0.0003 -0.3627 -0.3299 -0.2509 0.0762 0.1562 -0.2000 -0.3589 -0.3083 -0.1955 0.2689 0.0903 -0.3385 -0.3484 -0.2843 -0.1281 0.2300 0.0091 -0.3629 -0.3314 -0.2553 0.0493 0.1624 -0.1800 -0.3593 -0.3107 -0.2022 0.2627 0.1024 -0.3202 -0.3523 -0.2698
-0.3331 -0.3133 0.1046 0.2627 -0.2006 -0.3095 -0.3588 -0.1997 0.1555 0.0837 -0.2492 -0.3293 -0.3626 -0.0045 0.2222 -0.1174 -0.2814 -0.3467 -0.3451 0.0827 0.2702 -0.1889 -0.3057 -0.3580 -0.2250 0.1480 0.1160 -0.2443 -0.3276 -0.3624 -0.0149 0.2170 -0.1097 -0.2795 -0.3456 -0.3486 0.0777 0.2697 -0.1845 -0.3039 -0.3574 -0.2398 0.1429 0.1405 -0.2402 -0.3261 -0.3623 -0.0267 0.2098 -0.0761 -0.2262 -0.0761 0.2098 -0.0267 -0.3623 -0.3261 -0.2402 0.1405 0.1429 -0.2398 -0.3574 -0.3039 -0.1845 0.2697 0.0777 -0.3486 -0.3456 -0.2795 -0.1097 0.2170 -0.0149 -0.3624 -0.3276 -0.2443 0.1160 0.1480 -0.2250 -0.3580 -0.3057 -0.1889 0.2702 0.0827 -0.3451 -0.3467 -0.2814 -0.1174 0.2222 -0.0045 -0.3626 -0.3293 -0.2492 0.0837 0.1555 -0.1997 -0.3588 -0.3095 -0.2006 0.2627 0.1046 -0.3133 -0.3331
-0.3023 0.1103 0.2586 -0.2022 -0.3095 -0.3586 -0.2105 0.1508 0.1111 -0.2442 -0.3273 -0.3623 -0.0190 0.2148 -0.1058 -0.2785 -0.3450 -0.3503 0.0749 0.2691 -0.1821 -0.3030 -0.3571 -0.2477 0.1401 0.1535 -0.2379 -0.3252 -0.3622 -0.0323 0.2093 -0.0966 -0.2766 -0.3438 -0.3532 0.0697 0.2673 -0.1776 -0.3012 -0.3565 -0.2609 0.1351 0.1751 -0.2338 -0.3237 -0.3620 -0.0448 0.2040 -0.0827 -0.2700 -0.3178 -0.2700 -0.0827 0.2040 -0.0448 -0.3620 -0.3237 -0.2338 0.1751 0.1351 -0.2609 -0.3565 -0.3012 -0.1776 0.2673 0.0697 -0.3532 -0.3438 -0.2766 -0.0966 0.2093 -0.0323 -0.3622 -0.3252 -0.2379 0.1535 0.1401 -0.2477 -0.3571 -0.3030 -0.1821 0.2691 0.0749 -0.3503 -0.3450 -0.2785 -0.1058 0.2148 -0.0190 -0.3623 -0.3273 -0.2442 0.1111 0.1508 -0.2105 -0.3586 -0.3095 -0.2022 0.2586 0.1103 -0.3023
0.1117 0.2493 -0.2066 -0.3107 -0.3588 -0.2105 0.1491 0.1263 -0.2407 -0.3257 -0.3621 -0.0334 0.2081 -0.0936 -0.2758 -0.3432 -0.3544 0.0670 0.2661 -0.1752 -0.3002 -0.3561 -0.2678 0.1324 0.1861 -0.2315 -0.3228 -0.3619 -0.0521 0.2017 -0.0815 -0.2736 -0.3419 -0.3567 0.0613 0.2633 -0.1705 -0.2984 -0.3554 -0.2794 0.1275 0.2040 -0.2274 -0.3212 -0.3616 -0.0664 0.1968 -0.0694 -0.2709 -0.3422 -0.3764 -0.3422 -0.2709 -0.0694 0.1968 -0.0664 -0.3616 -0.3212 -0.2274 0.2040 0.1275 -0.2794 -0.3554 -0.2984 -0.1705 0.2633 0.0613 -0.3567 -0.3419 -0.2736 -0.0815 0.2017 -0.0521 -0.3619 -0.3228 -0.2315 0.1861 0.1324 -0.2678 -0.3561 -0.3002 -0.1752 0.2661 0.0670 -0.3544 -0.3432 -0.2758 -0.0936 0.2081 -0.0334 -0.3621 -0.3257 -0.2407 0.1263 0.1491 -0.2105 -0.3588 -0.3107 -0.2066 0.2493 0.1117
0.2271 -0.2124 -0.3128 -0.3593 -0.1997 0.1508 0.1263 -0.2394 -0.3248 -0.3619 -0.0456 0.2027 -0.0816 -0.2733 -0.3415 -0.3574 0.0590 0.2619 -0.1682 -0.2975 -0.3550 -0.2851 0.1249 0.2127 -0.2252 -0.3204 -0.3615 -0.0748 0.1943 -0.0637 -0.2706 -0.3399 -0.3593 0.0524 0.2581 -0.1631 -0.2956 -0.3542 -0.2954 0.1201 0.2270 -0.2211 -0.3187 -0.3612 -0.0907 0.1896 -0.0503 -0.2686 -0.3388 -0.3659 -0.1772 -0.3659 -0.3388 -0.2686 -0.0503 0.1896 -0.0907 -0.3612 -0.3187 -0.2211 0.2270 0.1201 -0.2954 -0.3542 -0.2956 -0.1631 0.2581 0.0524 -0.3593 -0.3399 -0.2706 -0.0637 0.1943 -0.0748 -0.3615 -0.3204 -0.2252 0.2127 0.1249 -0.2851 -0.3550 -0.2975 -0.1682 0.2619 0.0590 -0.3574 -0.3415 -0.2733 -0.0816 0.2027 -0.0456 -0.3619 -0.3248 -0.2394 0.1263 0.1508 -0.1997 -0.3593 -0.3128 -0.2124 0.2271
-0.2016 -0.3153 -0.3600 -0.1800 0.1555 0.1111 -0.2407 -0.3248 -0.3618 -0.0528 0.1991 -0.0714 -0.2713 -0.3400 -0.3594 0.0512 0.2569 -0.1612 -0.2949 -0.3538 -0.2999 0.1177 0.2332 -0.2190 -0.3179 -0.3611 -0.0998 0.1870 -0.0424 -0.2677 -0.3379 -0.3611 0.0429 0.2519 -0.1552 -0.2928 -0.3529 -0.3091 0.1127 0.2443 -0.2147 -0.3162 -0.3608 -0.1172 0.1823 -0.0264 -0.2657 -0.3366 -0.3621 0.0203 0.1457 0.0203 -0.3621 -0.3366 -0.2657 -0.0264 0.1823 -0.1172 -0.3608 -0.3162 -0.2147 0.2443 0.1127 -0.3091 -0.3529 -0.2928 -0.1552 0.2519 0.0429 -0.3611 -0.3379 -0.2677 -0.0424 0.1870 -0.0998 -0.3611 -0.3179 -0.2190 0.2332 0.1177 -0.2999 -0.3538 -0.2949 -0.1612 0.2569 0.0512 -0.3594 -0.3400 -0.2713 -0.0714 0.1991 -0.0528 -0.3618 -0.3248 -0.2407 0.1111 0.1555 -0.1800 -0.3600 -0.3153 -0.2016
-0.2941 -0.3606 -0.1546 0.1624 0.0837 -0.2442 -0.3257 -0.3619 -0.0528 0.1979 -0.0655 -0.2699 -0.3388 -0.3607 0.0442 0.2519 -0.1544 -0.2924 -0.3525 -0.3121 0.1107 0.2484 -0.2128 -0.3154 -0.3606 -0.1264 0.1795 -0.0169 -0.2647 -0.3358 -0.3623 0.0327 0.2450 -0.1468 -0.2900 -0.3515 -0.3207 0.1053 0.2566 -0.2084 -0.3136 -0.3602 -0.1450 0.1739 0.0028 -0.2626 -0.3345 -0.3627 0.0225 0.2232 0.1504 0.2232 0.0225 -0.3627 -0.3345 -0.2626 0.0028 0.1739 -0.1450 -0.3602 -0.3136 -0.2084 0.2566 0.1053 -0.3207 -0.3515 -0.2900 -0.1468 0.2450 0.0327 -0.3623 -0.3358 -0.2647 -0.0169 0.1795 -0.1264 -0.3606 -0.3154 -0.2128 0.2484 0.1107 -0.3121 -0.3525 -0.2924 -0.1544 0.2519 0.0442 -0.3607 -0.3388 -0.2699 -0.0655 0.1979 -0.0528 -0.3619 -0.3257 -0.2442 0.0837 0.1624 -0.1546 -0.3606 -0.2941
-0.3433 -0.1272 0.1707 0.0493 -0.2492 -0.3273 -0.3621 -0.0456 0.1991 -0.0655 -0.2695 -0.3382 -0.3613 0.0388 0.2476 -0.1485 -0.2902 -0.3514 -0.3220 0.1040 0.2587 -0.2068 -0.3129 -0.3600 -0.1536 0.1711 0.0134 -0.2610 -0.3337 -0.3628 0.0216 0.2376 -0.1379 -0.2871 -0.3500 -0.3304 0.0979 0.2645 -0.2020 -0.3110 -0.3596 -0.1728 0.1649 0.0373 -0.2576 -0.3322 -0.3629 0.0130 0.2306 -0.1139 -0.2394 -0.1139 0.2306 0.0130 -0.3629 -0.3322 -0.2576 0.0373 0.1649 -0.1728 -0.3596 -0.3110 -0.2020 0.2645 0.0979 -0.3304 -0.3500 -0.2871 -0.1379 0.2376 0.0216 -0.3628 -0.3337 -0.2610 0.0134 0.1711 -0.1536 -0.3600 -0.3129 -0.2068 0.2587 0.1040 -0.3220 -0.3514 -0.2902 -0.1485 0.2476 0.0388 -0.3613 -0.3382 -0.2695 -0.0655 0.1991 -0.0456 -0.3621 -0.3273 -0.2492 0.0493 0.1707 -0.1272 -0.3433
-0.1210 0.1796 0.0144 -0.2553 -0.3293 -0.3623 -0.0334 0.2027 -0.0714 -0.2699 -0.3382 -0.3615 0.0358 0.2446 -0.1439 -0.2884 -0.3503 -0.3295 0.0979 0.2650 -0.2010 -0.3105 -0.3594 -0.1801 0.1624 0.0483 -0.2556 -0.3315 -0.3629 0.0095 0.2301 -0.1282 -0.2843 -0.3484 -0.3385 0.0904 0.2688 -0.1955 -0.3084 -0.3589 -0.1998 0.1563 0.0760 -0.2509 -0.3300 -0.3627 0.0002 0.2245 -0.1182 -0.2781 -0.3255 -0.2781 -0.1182 0.2245 0.0002 -0.3627 -0.3300 -0.2509 0.0760 0.1563 -0.1998 -0.3589 -0.3084 -0.1955 0.2688 0.0904 -0.3385 -0.3484 -0.2843 -0.1282 0.2301 0.0095 -0.3629 -0.3315 -0.2556 0.0483 0.1624 -0.1801 -0.3594 -0.3105 -0.2010 0.2650 0.0979 -0.3295 -0.3503 -0.2884 -0.1439 0.2446 0.0358 -0.3615 -0.3382 -0.2699 -0.0714 0.2027 -0.0334 -0.3623 -0.3293 -0.2553 0.0144 0.1796 -0.1210
0.1833 -0.0164 -0.2608 -0.3314 -0.3626 -0.0190 0.2081 -0.0816 -0.2713 -0.3388 -0.3613 0.0358 0.2435 -0.1414 -0.2872 -0.3495 -0.3346 0.0928 0.2683 -0.1958 -0.3082 -0.3587 -0.2045 0.1545 0.0858 -0.2492 -0.3293 -0.3626 -0.0040 0.2225 -0.1178 -0.2815 -0.3468 -0.3450 0.0828 0.2702 -0.1889 -0.3057 -0.3580 -0.2249 0.1481 0.1157 -0.2444 -0.3276 -0.3624 -0.0148 0.2170 -0.1091 -0.2788 -0.3482 -0.3787 -0.3482 -0.2788 -0.1091 0.2170 -0.0148 -0.3624 -0.3276 -0.2444 0.1157 0.1481 -0.2249 -0.3580 -0.3057 -0.1889 0.2702 0.0828 -0.3450 -0.3468 -0.2815 -0.1178 0.2225 -0.0040 -0.3626 -0.3293 -0.2492 0.0858 0.1545 -0.2045 -0.3587 -0.3082 -0.1958 0.2683 0.0928 -0.3346 -0.3495 -0.2872 -0.1414 0.2435 0.0358 -0.3613 -0.3388 -0.2713 -0.0816 0.2081 -0.0190 -0.3626 -0.3314 -0.2608 -0.0164 0.1833
-0.0398 -0.2647 -0.3336 -0.3629 -0.0045 0.2148 -0.0936 -0.2733 -0.3400 -0.3607 0.0388 0.2446 -0.1414 -0.2868 -0.3490 -0.3377 0.0890 0.2697 -0.1914 -0.3062 -0.3580 -0.2253 0.1473 0.1217 -0.2431 -0.3271 -0.3624 -0.0193 0.2149 -0.1061 -0.2786 -0.3451 -0.3502 0.0751 0.2691 -0.1822 -0.3030 -0.3571 -0.2475 0.1401 0.1532 -0.2379 -0.3253 -0.3622 -0.0322 0.2093 -0.0966 -0.2764 -0.3441 -0.3593 -0.1025 -0.3593 -0.3441 -0.2764 -0.0966 0.2093 -0.0322 -0.3622 -0.3253 -0.2379 0.1532 0.1401 -0.2475 -0.3571 -0.3030 -0.1822 0.2691 0.0751 -0.3502 -0.3451 -0.2786 -0.1061 0.2149 -0.0193 -0.3624 -0.3271 -0.2431 0.1217 0.1473 -0.2253 -0.3580 -0.3062 -0.1914 0.2697 0.0890 -0.3377 -0.3490 -0.2868 -0.1414 0.2446 0.0388 -0.3607 -0.3400 -0.2733 -0.0936 0.2148 -0.0045 -0.3629 -0.3336 -0.2647 -0.0398
-0.2418 -0.3358 -0.3628 0.0091 0.2222 -0.1058 -0.2758 -0.3415 -0.3594 0.0442 0.2476 -0.1439 -0.2872 -0.3490 -0.3387 0.0870 0.2701 -0.1882 -0.3047 -0.3574 -0.2419 0.1412 0.1524 -0.2375 -0.3249 -0.3621 -0.0362 0.2075 -0.0930 -0.2758 -0.3433 -0.3543 0.0672 0.2663 -0.1755 -0.3003 -0.3561 -0.2674 0.1325 0.1857 -0.2315 -0.3228 -0.3619 -0.0520 0.2017 -0.0815 -0.2736 -0.3420 -0.3573 0.0477 0.1663 0.0477 -0.3573 -0.3420 -0.2736 -0.0815 0.2017 -0.0520 -0.3619 -0.3228 -0.2315 0.1857 0.1325 -0.2674 -0.3561 -0.3003 -0.1755 0.2663 0.0672 -0.3543 -0.3433 -0.2758 -0.0930 0.2075 -0.0362 -0.3621 -0.3249 -0.2375 0.1524 0.1412 -0.2419 -0.3574 -0.3047 -0.1882 0.2701 0.0870 -0.3387 -0.3490 -0.2872 -0.1439 0.2476 0.0442 -0.3594 -0.3415 -0.2758 -0.1058 0.2222 0.0091 -0.3628 -0.3358 -0.2418
-0.3154 -0.3623 0.0215 0.2300 -0.1174 -0.2785 -0.3432 -0.3574 0.0512 0.2519 -0.1485 -0.2884 -0.3495 -0.3377 0.0870 0.2702 -0.1865 -0.3037 -0.3569 -0.2538 0.1362 0.1763 -0.2326 -0.3230 -0.3618 -0.0542 0.2006 -0.0784 -0.2730 -0.3415 -0.3574 0.0590 0.2620 -0.1684 -0.2976 -0.3550 -0.2846 0.1252 0.2121 -0.2253 -0.3204 -0.3615 -0.0744 0.1943 -0.0638 -0.2707 -0.3400 -0.3594 0.0498 0.2457 0.0476 0.2457 0.0498 -0.3594 -0.3400 -0.2707 -0.0638 0.1943 -0.0744 -0.3615 -0.3204 -0.2253 0.2121 0.1252 -0.2846 -0.3550 -0.2976 -0.1684 0.2620 0.0590 -0.3574 -0.3415 -0.2730 -0.0784 0.2006 -0.0542 -0.3618 -0.3230 -0.2326 0.1763 0.1362 -0.2538 -0.3569 -0.3037 -0.1865 0.2702 0.0870 -0.3377 -0.3495 -0.2884 -0.1485 0.2519 0.0512 -0.3574 -0.3432 -0.2785 -0.1174 0.2300 0.0215 -0.3623 -0.3154
-0.3478 0.0328 0.2376 -0.1281 -0.2814 -0.3450 -0.3544 0.0590 0.2569 -0.1544 -0.2902 -0.3503 -0.3346 0.0890 0.2701 -0.1865 -0.3034 -0.3567 -0.2610 0.1327 0.1928 -0.2286 -0.3213 -0.3615 -0.0723 0.1943 -0.0624 -0.2703 -0.3396 -0.3597 0.0504 0.2567 -0.1611 -0.2949 -0.3538 -0.2994 0.1180 0.2326 -0.2191 -0.3180 -0.3611 -0.0990 0.1872 -0.0428 -0.2677 -0.3379 -0.3611 0.0424 0.2501 -0.1414 -0.2526 -0.1414 0.2501 0.0424 -0.3611 -0.3379 -0.2677 -0.0428 0.1872 -0.0990 -0.3611 -0.3180 -0.2191 0.2326 0.1180 -0.2994 -0.3538 -0.2949 -0.1611 0.2567 0.0504 -0.3597 -0.3396 -0.2703 -0.0624 0.1943 -0.0723 -0.3615 -0.3213 -0.2286 0.1928 0.1327 -0.2610 -0.3567 -0.3034 -0.1865 0.2701 0.0890 -0.3346 -0.3503 -0.2902 -0.1544 0.2569 0.0590 -0.3544 -0.3450 -0.2814 -0.1281 0.2376 0.0328 -0.3478
0.0335 0.2449 -0.1378 -0.2843 -0.3467 -0.3503 0.0670 0.2619 -0.1612 -0.2924 -0.3514 -0.3295 0.0928 0.2697 -0.1882 -0.3037 -0.3567 -0.2634 0.1309 0.2022 -0.2258 -0.3199 -0.3613 -0.0891 0.1888 -0.0456 -0.2678 -0.3378 -0.3613 0.0415 0.2507 -0.1535 -0.2922 -0.3525 -0.3122 0.1108 0.2480 -0.2130 -0.3155 -0.3606 -0.1253 0.1798 -0.0179 -0.2648 -0.3359 -0.3623 0.0328 0.2447 -0.1446 -0.2862 -0.3331 -0.2862 -0.1446 0.2447 0.0328 -0.3623 -0.3359 -0.2648 -0.0179 0.1798 -0.1253 -0.3606 -0.3155 -0.2130 0.2480 0.1108 -0.3122 -0.3525 -0.2922 -0.1535 0.2507 0.0415 -0.3613 -0.3378 -0.2678 -0.0456 0.1888 -0.0891 -0.3613 -0.3199 -0.2258 0.2022 0.1309 -0.2634 -0.3567 -0.3037 -0.1882 0.2697 0.0928 -0.3295 -0.3514 -0.2924 -0.1612 0.2619 0.0670 -0.3503 -0.3467 -0.2843 -0.1378 0.2449 0.0335
0.2469 -0.1468 -0.2871 -0.3484 -0.3451 0.0749 0.2661 -0.1682 -0.2949 -0.3525 -0.3220 0.0979 0.2683 -0.1914 -0.3047 -0.3569 -0.2610 0.1309 0.2053 -0.2243 -0.3191 -0.3611 -0.1028 0.1845 -0.0292 -0.2656 -0.3362 -0.3622 0.0326 0.2445 -0.1457 -0.2895 -0.3512 -0.3229 0.1036 0.2588 -0.2068 -0.3130 -0.3601 -0.1524 0.1714 0.0120 -0.2612 -0.3338 -0.3628 0.0220 0.2378 -0.1376 -0.2865 -0.3537 -0.3797 -0.3537 -0.2865 -0.1376 0.2378 0.0220 -0.3628 -0.3338 -0.2612 0.0120 0.1714 -0.1524 -0.3601 -0.3130 -0.2068 0.2588 0.1036 -0.3229 -0.3512 -0.2895 -0.1457 0.2445 0.0326 -0.3622 -0.3362 -0.2656 -0.0292 0.1845 -0.1028 -0.3611 -0.3191 -0.2243 0.2053 0.1309 -0.2610 -0.3569 -0.3047 -0.1914 0.2683 0.0979 -0.3220 -0.3525 -0.2949 -0.1682 0.2661 0.0749 -0.3451 -0.3484 -0.2871 -0.1468 0.2469
-0.1466 -0.2900 -0.3500 -0.3385 0.0827 0.2691 -0.1752 -0.2975 -0.3538 -0.3121 0.1040 0.2650 -0.1958 -0.3062 -0.3574 -0.2538 0.1327 0.2022 -0.2243 -0.3188 -0.3609 -0.1116 0.1815 -0.0151 -0.2638 -0.3347 -0.3627 0.0240 0.2384 -0.1380 -0.2870 -0.3498 -0.3317 0.0966 0.2657 -0.2006 -0.3104 -0.3594 -0.1794 0.1628 0.0468 -0.2558 -0.3316 -0.3629 0.0100 0.2304 -0.1285 -0.2842 -0.3489 -0.3469 -0.0401 -0.3469 -0.3489 -0.2842 -0.1285 0.2304 0.0100 -0.3629 -0.3316 -0.2558 0.0468 0.1628 -0.1794 -0.3594 -0.3104 -0.2006 0.2657 0.0966 -0.3317 -0.3498 -0.2870 -0.1380 0.2384 0.0240 -0.3627 -0.3347 -0.2638 -0.0151 0.1815 -0.1116 -0.3609 -0.3188 -0.2243 0.2022 0.1327 -0.2538 -0.3574 -0.3062 -0.1958 0.2650 0.1040 -0.3121 -0.3538 -0.2975 -0.1752 0.2691 0.0827 -0.3385 -0.3500 -0.2900 -0.1466
-0.2681 -0.3515 -0.3305 0.0903 0.2702 -0.1821 -0.3002 -0.3550 -0.2999 0.1107 0.2587 -0.2010 -0.3082 -0.3580 -0.2419 0.1362 0.1928 -0.2258 -0.3191 -0.3609 -0.1147 0.1799 -0.0055 -0.2625 -0.3336 -0.3629 0.0163 0.2330 -0.1306 -0.2847 -0.3484 -0.3387 0.0897 0.2692 -0.1944 -0.3079 -0.3587 -0.2052 0.1545 0.0849 -0.2494 -0.3294 -0.3626 -0.0034 0.2228 -0.1182 -0.2815 -0.3469 -0.3462 0.0705 0.1876 0.0705 -0.3462 -0.3469 -0.2815 -0.1182 0.2228 -0.0034 -0.3626 -0.3294 -0.2494 0.0849 0.1545 -0.2052 -0.3587 -0.3079 -0.1944 0.2692 0.0897 -0.3387 -0.3484 -0.2847 -0.1306 0.2330 0.0163 -0.3629 -0.3336 -0.2625 -0.0055 0.1799 -0.1147 -0.3609 -0.3191 -0.2258 0.1928 0.1362 -0.2419 -0.3580 -0.3082 -0.2010 0.2587 0.1107 -0.2999 -0.3550 -0.3002 -0.1821 0.2702 0.0903 -0.3305 -0.3515 -0.2681
-0.3322 -0.3209 0.0978 0.2689 -0.1889 -0.3030 -0.3561 -0.2851 0.1177 0.2484 -0.2068 -0.3105 -0.3587 -0.2253 0.1412 0.1763 -0.2286 -0.3199 -0.3611 -0.1116 0.1799 -0.0022 -0.2619 -0.3329 -0.3629 0.0099 0.2286 -0.1240 -0.2826 -0.3472 -0.3441 0.0833 0.2702 -0.1885 -0.3054 -0.3579 -0.2288 0.1466 0.1233 -0.2430 -0.3271 -0.3624 -0.0186 0.2152 -0.1066 -0.2787 -0.3451 -0.3503 0.0730 0.2641 -0.0389 0.2641 0.0730 -0.3503 -0.3451 -0.2787 -0.1066 0.2152 -0.0186 -0.3624 -0.3271 -0.2430 0.1233 0.1466 -0.2288 -0.3579 -0.3054 -0.1885 0.2702 0.0833 -0.3441 -0.3472 -0.2826 -0.1240 0.2286 0.0099 -0.3629 -0.3329 -0.2619 -0.0022 0.1799 -0.1116 -0.3611 -0.3199 -0.2286 0.1763 0.1412 -0.2253 -0.3587 -0.3105 -0.2068 0.2484 0.1177 -0.2851 -0.3561 -0.3030 -0.1889 0.2689 0.0978 -0.3209 -0.3322
-0.3089 0.1054 0.2646 -0.1955 -0.3057 -0.3571 -0.2678 0.1249 0.2332 -0.2128 -0.3129 -0.3594 -0.2045 0.1473 0.1524 -0.2326 -0.3213 -0.3613 -0.1028 0.1815 -0.0055 -0.2619 -0.3327 -0.3629 0.0058 0.2254 -0.1187 -0.2810 -0.3461 -0.3480 0.0775 0.2695 -0.1829 -0.3030 -0.3570 -0.2495 0.1391 0.1586 -0.2368 -0.3248 -0.3621 -0.0360 0.2077 -0.0935 -0.2759 -0.3434 -0.3542 0.0670 0.2654 -0.1642 -0.2637 -0.1642 0.2654 0.0670 -0.3542 -0.3434 -0.2759 -0.0935 0.2077 -0.0360 -0.3621 -0.3248 -0.2368 0.1586 0.1391 -0.2495 -0.3570 -0.3030 -0.1829 0.2695 0.0775 -0.3480 -0.3461 -0.2810 -0.1187 0.2254 0.0058 -0.3629 -0.3327 -0.2619 -0.0055 0.1815 -0.1028 -0.3613 -0.3213 -0.2326 0.1524 0.1473 -0.2045 -0.3594 -0.3129 -0.2128 0.2332 0.1249 -0.2678 -0.3571 -0.3057 -0.1955 0.2646 0.1054 -0.3089
0.1070 0.2567 -0.2020 -0.3083 -0.3580 -0.2477 0.1324 0.2127 -0.2190 -0.3154 -0.3600 -0.1801 0.1545 0.1217 -0.2375 -0.3230 -0.3615 -0.0891 0.1845 -0.0151 -0.2625 -0.3329 -0.3629 0.0044 0.2237 -0.1152 -0.2798 -0.3452 -0.3507 0.0725 0.2678 -0.1777 -0.3009 -0.3562 -0.2669 0.1323 0.1880 -0.2308 -0.3225 -0.3618 -0.0557 0.2004 -0.0784 -0.2730 -0.3415 -0.3573 0.0592 0.2619 -0.1667 -0.2944 -0.3405 -0.2944 -0.1667 0.2619 0.0592 -0.3573 -0.3415 -0.2730 -0.0784 0.2004 -0.0557 -0.3618 -0.3225 -0.2308 0.1880 0.1323 -0.2669 -0.3562 -0.3009 -0.1777 0.2678 0.0725 -0.3507 -0.3452 -0.2798 -0.1152 0.2237 0.0044 -0.3629 -0.3329 -0.2625 -0.0151 0.1845 -0.0891 -0.3615 -0.3230 -0.2375 0.1217 0.1545 -0.1801 -0.3600 -0.3154 -0.2190 0.2127 0.1324 -0.2477 -0.3580 -0.3083 -0.2020 0.2567 0.1070
0.2374 -0.2083 -0.3110 -0.3589 -0.2250 0.1401 0.1861 -0.2252 -0.3179 -0.3606 -0.1536 0.1624 0.0858 -0.2431 -0.3249 -0.3618 -0.0723 0.1888 -0.0292 -0.2638 -0.3336 -0.3629 0.0058 0.2237 -0.1139 -0.2792 -0.3447 -0.3525 0.0686 0.2660 -0.1733 -0.2990 -0.3554 -0.2809 0.1261 0.2111 -0.2252 -0.3202 -0.3614 -0.0777 0.1932 -0.0606 -0.2702 -0.3396 -0.3597 0.0506 0.2568 -0.1609 -0.2944 -0.3588 -0.3791 -0.3588 -0.2944 -0.1609 0.2568 0.0506 -0.3597 -0.3396 -0.2702 -0.0606 0.1932 -0.0777 -0.3614 -0.3202 -0.2252 0.2111 0.1261 -0.2809 -0.3554 -0.2990 -0.1733 0.2660 0.0686 -0.3525 -0.3447 -0.2792 -0.1139 0.2237 0.0058 -0.3629 -0.3336 -0.2638 -0.0292 0.1888 -0.0723 -0.3618 -0.3249 -0.2431 0.0858 0.1624 -0.1536 -0.3606 -0.3179 -0.2252 0.1861 0.1401 -0.2250 -0.3589 -0.3110 -0.2083 0.2374
-0.1983 -0.3136 -0.3596 -0.2000 0.1480 0.1535 -0.2315 -0.3204 -0.3611 -0.1264 0.1711 0.0483 -0.2492 -0.3271 -0.3621 -0.0542 0.1943 -0.0456 -0.2656 -0.3347 -0.3629 0.0099 0.2254 -0.1152 -0.2792 -0.3445 -0.3533 0.0662 0.2644 -0.1700 -0.2975 -0.3546 -0.2918 0.1207 0.2281 -0.2200 -0.3181 -0.3611 -0.1007 0.1865 -0.0399 -0.2673 -0.3376 -0.3613 0.0413 0.2507 -0.1536 -0.2921 -0.3532 -0.3259 0.0046 -0.3259 -0.3532 -0.2921 -0.1536 0.2507 0.0413 -0.3613 -0.3376 -0.2673 -0.0399 0.1865 -0.1007 -0.3611 -0.3181 -0.2200 0.2281 0.1207 -0.2918 -0.3546 -0.2975 -0.1700 0.2644 0.0662 -0.3533 -0.3445 -0.2792 -0.1152 0.2254 0.0099 -0.3629 -0.3347 -0.2656 -0.0456 0.1943 -0.0542 -0.3621 -0.3271 -0.2492 0.0483 0.1711 -0.1264 -0.3611 -0.3204 -0.2315 0.1535 0.1480 -0.2000 -0.3596 -0.3136 -0.1983
-0.2924 -0.3603 -0.1731 0.1562 0.1160 -0.2379 -0.3228 -0.3615 -0.0998 0.1795 0.0134 -0.2556 -0.3293 -0.3624 -0.0362 0.2006 -0.0624 -0.2678 -0.3362 -0.3627 0.0163 0.2286 -0.1187 -0.2798 -0.3447 -0.3533 0.0653 0.2634 -0.1678 -0.2964 -0.3540 -0.2997 0.1162 0.2399 -0.2155 -0.3161 -0.3607 -0.1235 0.1798 -0.0163 -0.2645 -0.3356 -0.3624 0.0313 0.2440 -0.1455 -0.2895 -0.3513 -0.3251 0.0913 0.2089 0.0913 -0.3251 -0.3513 -0.2895 -0.1455 0.2440 0.0313 -0.3624 -0.3356 -0.2645 -0.0163 0.1798 -0.1235 -0.3607 -0.3161 -0.2155 0.2399 0.1162 -0.2997 -0.3540 -0.2964 -0.1678 0.2634 0.0653 -0.3533 -0.3447 -0.2798 -0.1187 0.2286 0.0163 -0.3627 -0.3362 -0.2678 -0.0624 0.2006 -0.0362 -0.3624 -0.3293 -0.2556 0.0134 0.1795 -0.0998 -0.3615 -0.3228 -0.2379 0.1160 0.1562 -0.1731 -0.3603 -0.2924
-0.3427 -0.1451 0.1648 0.0762 -0.2443 -0.3252 -0.3619 -0.0748 0.1870 -0.0169 -0.2610 -0.3315 -0.3626 -0.0193 0.2075 -0.0784 -0.2703 -0.3378 -0.3622 0.0240 0.2330 -0.1240 -0.2810 -0.3452 -0.3525 0.0662 0.2634 -0.1670 -0.2959 -0.3537 -0.3048 0.1129 0.2477 -0.2117 -0.3144 -0.3603 -0.1447 0.1730 0.0093 -0.2614 -0.3337 -0.3628 0.0207 0.2369 -0.1367 -0.2868 -0.3498 -0.3323 0.0943 0.2710 -0.0934 0.2710 0.0943 -0.3323 -0.3498 -0.2868 -0.1367 0.2369 0.0207 -0.3628 -0.3337 -0.2614 0.0093 0.1730 -0.1447 -0.3603 -0.3144 -0.2117 0.2477 0.1129 -0.3048 -0.3537 -0.2959 -0.1670 0.2634 0.0662 -0.3525 -0.3452 -0.2810 -0.1240 0.2330 0.0240 -0.3622 -0.3378 -0.2703 -0.0784 0.2075 -0.0193 -0.3626 -0.3315 -0.2610 -0.0169 0.1870 -0.0748 -0.3619 -0.3252 -0.2443 0.0762 0.1648 -0.1451 -0.3427
-0.1382 0.1742 0.0374 -0.2509 -0.3276 -0.3622 -0.0521 0.1943 -0.0424 -0.2647 -0.3337 -0.3629 -0.0040 0.2149 -0.0930 -0.2730 -0.3396 -0.3613 0.0326 0.2384 -0.1306 -0.2826 -0.3461 -0.3507 0.0686 0.2644 -0.1678 -0.2959 -0.3536 -0.3074 0.1108 0.2524 -0.2088 -0.3131 -0.3599 -0.1629 0.1666 0.0355 -0.2571 -0.3318 -0.3629 0.0096 0.2298 -0.1275 -0.2840 -0.3482 -0.3395 0.0889 0.2699 -0.1844 -0.2725 -0.1844 0.2699 0.0889 -0.3395 -0.3482 -0.2840 -0.1275 0.2298 0.0096 -0.3629 -0.3318 -0.2571 0.0355 0.1666 -0.1629 -0.3599 -0.3131 -0.2088 0.2524 0.1108 -0.3074 -0.3536 -0.2959 -0.1678 0.2644 0.0686 -0.3507 -0.3461 -0.2826 -0.1306 0.2384 0.0326 -0.3613 -0.3396 -0.2730 -0.0930 0.2149 -0.0040 -0.3629 -0.3337 -0.2647 -0.0424 0.1943 -0.0521 -0.3622 -0.3276 -0.2509 0.0374 0.1742 -0.1382
0.1785 0.0029 -0.2576 -0.3299 -0.3624 -0.0323 0.2017 -0.0637 -0.2677 -0.3358 -0.3628 0.0095 0.2225 -0.1061 -0.2758 -0.3415 -0.3597 0.0415 0.2445 -0.1380 -0.2847 -0.3472 -0.3480 0.0725 0.2660 -0.1700 -0.2964 -0.3537 -0.3074 0.1101 0.2546 -0.2071 -0.3121 -0.3596 -0.1772 0.1615 0.0601 -0.2524 -0.3301 -0.3627 -0.0018 0.2231 -0.1179 -0.2814 -0.3467 -0.3455 0.0819 0.2702 -0.1864 -0.3025 -0.3478 -0.3025 -0.1864 0.2702 0.0819 -0.3455 -0.3467 -0.2814 -0.1179 0.2231 -0.0018 -0.3627 -0.3301 -0.2524 0.0601 0.1615 -0.1772 -0.3596 -0.3121 -0.2071 0.2546 0.1101 -0.3074 -0.3537 -0.2964 -0.1700 0.2660 0.0725 -0.3480 -0.3472 -0.2847 -0.1380 0.2445 0.0415 -0.3597 -0.3415 -0.2758 -0.1061 0.2225 0.0095 -0.3628 -0.3358 -0.2677 -0.0637 0.2017 -0.0323 -0.3624 -0.3299 -0.2576 0.0029 0.1785
-0.0245 -0.2626 -0.3322 -0.3627 -0.0149 0.2093 -0.0815 -0.2706 -0.3379 -0.3623 0.0216 0.2301 -0.1178 -0.2786 -0.3433 -0.3574 0.0504 0.2507 -0.1457 -0.2870 -0.3484 -0.3441 0.0775 0.2678 -0.1733 -0.2975 -0.3540 -0.3048 0.1108 0.2546 -0.2065 -0.3116 -0.3594 -0.1870 0.1577 0.0804 -0.2486 -0.3286 -0.3625 -0.0130 0.2169 -0.1082 -0.2789 -0.3451 -0.3503 0.0747 0.2689 -0.1812 -0.3022 -0.3631 -0.3749 -0.3631 -0.3022 -0.1812 0.2689 0.0747 -0.3503 -0.3451 -0.2789 -0.1082 0.2169 -0.0130 -0.3625 -0.3286 -0.2486 0.0804 0.1577 -0.1870 -0.3594 -0.3116 -0.2065 0.2546 0.1108 -0.3048 -0.3540 -0.2975 -0.1733 0.2678 0.0775 -0.3441 -0.3484 -0.2870 -0.1457 0.2507 0.0504 -0.3574 -0.3433 -0.2786 -0.1178 0.2301 0.0216 -0.3623 -0.3379 -0.2706 -0.0815 0.2093 -0.0149 -0.3627 -0.3322 -0.2626 -0.0245
-0.2397 -0.3345 -0.3629 0.0003 0.2170 -0.0966 -0.2736 -0.3399 -0.3611 0.0327 0.2376 -0.1282 -0.2815 -0.3451 -0.3543 0.0590 0.2567 -0.1535 -0.2895 -0.3498 -0.3387 0.0833 0.2695 -0.1777 -0.2990 -0.3546 -0.2997 0.1129 0.2524 -0.2071 -0.3116 -0.3594 -0.1919 0.1555 0.0945 -0.2458 -0.3275 -0.3623 -0.0236 0.2116 -0.0986 -0.2766 -0.3436 -0.3539 0.0675 0.2662 -0.1750 -0.3000 -0.3567 -0.2919 0.0362 -0.2919 -0.3567 -0.3000 -0.1750 0.2662 0.0675 -0.3539 -0.3436 -0.2766 -0.0986 0.2116 -0.0236 -0.3623 -0.3275 -0.2458 0.0945 0.1555 -0.1919 -0.3594 -0.3116 -0.2071 0.2524 0.1129 -0.2997 -0.3546 -0.2990 -0.1777 0.2695 0.0833 -0.3387 -0.3498 -0.2895 -0.1535 0.2567 0.0590 -0.3543 -0.3451 -0.2815 -0.1282 0.2376 0.0327 -0.3611 -0.3399 -0.2736 -0.0966 0.2170 0.0003 -0.3629 -0.3345 -0.2397
-0.3140 -0.3628 0.0136 0.2249 -0.1097 -0.2766 -0.3419 -0.3593 0.0429 0.2450 -0.1379 -0.2843 -0.3468 -0.3502 0.0672 0.2620 -0.1611 -0.2922 -0.3512 -0.3317 0.0897 0.2702 -0.1829 -0.3009 -0.3554 -0.2918 0.1162 0.2477 -0.2088 -0.3121 -0.3594 -0.1919 0.1547 0.1018 -0.2440 -0.3266 -0.3622 -0.0325 0.2073 -0.0896 -0.2746 -0.3422 -0.3566 0.0607 0.2625 -0.1688 -0.2976 -0.3551 -0.2898 0.1111 0.2305 0.1111 -0.2898 -0.3551 -0.2976 -0.1688 0.2625 0.0607 -0.3566 -0.3422 -0.2746 -0.0896 0.2073 -0.0325 -0.3622 -0.3266 -0.2440 0.1018 0.1547 -0.1919 -0.3594 -0.3121 -0.2088 0.2477 0.1162 -0.2918 -0.3554 -0.3009 -0.1829 0.2702 0.0897 -0.3317 -0.3512 -0.2922 -0.1611 0.2620 0.0672 -0.3502 -0.3468 -0.2843 -0.1379 0.2450 0.0429 -0.3593 -0.3419 -0.2766 -0.1097 0.2249 0.0136 -0.3628 -0.3140
-0.3480 0.0257 0.2327 -0.1212 -0.2795 -0.3438 -0.3567 0.0524 0.2519 -0.1468 -0.2871 -0.3484 -0.3450 0.0751 0.2663 -0.1684 -0.2949 -0.3525 -0.3229 0.0966 0.2692 -0.1885 -0.3030 -0.3562 -0.2809 0.1207 0.2399 -0.2117 -0.3131 -0.3596 -0.1870 0.1555 0.1018 -0.2434 -0.3262 -0.3621 -0.0390 0.2041 -0.0820 -0.2729 -0.3410 -0.3584 0.0543 0.2585 -0.1627 -0.2953 -0.3539 -0.3002 0.1151 0.2580 -0.1305 0.2580 0.1151 -0.3002 -0.3539 -0.2953 -0.1627 0.2585 0.0543 -0.3584 -0.3410 -0.2729 -0.0820 0.2041 -0.0390 -0.3621 -0.3262 -0.2434 0.1018 0.1555 -0.1870 -0.3596 -0.3131 -0.2117 0.2399 0.1207 -0.2809 -0.3562 -0.3030 -0.1885 0.2692 0.0966 -0.3229 -0.3525 -0.2949 -0.1684 0.2663 0.0751 -0.3450 -0.3484 -0.2871 -0.1468 0.2519 0.0524 -0.3567 -0.3438 -0.2795 -0.1212 0.2327 0.0257 -0.3480
0.0266 0.2403 -0.1316 -0.2824 -0.3456 -0.3532 0.0613 0.2581 -0.1552 -0.2900 -0.3500 -0.3385 0.0828 0.2691 -0.1755 -0.2976 -0.3538 -0.3122 0.1036 0.2657 -0.1944 -0.3054 -0.3570 -0.2669 0.1261 0.2281 -0.2155 -0.3144 -0.3599 -0.1772 0.1577 0.0945 -0.2440 -0.3262 -0.3621 -0.0425 0.2021 -0.0763 -0.2717 -0.3400 -0.3597 0.0487 0.2545 -0.1571 -0.2931 -0.3528 -0.3106 0.1108 0.2516 -0.2035 -0.2814 -0.2035 0.2516 0.1108 -0.3106 -0.3528 -0.2931 -0.1571 0.2545 0.0487 -0.3597 -0.3400 -0.2717 -0.0763 0.2021 -0.0425 -0.3621 -0.3262 -0.2440 0.0945 0.1577 -0.1772 -0.3599 -0.3144 -0.2155 0.2281 0.1261 -0.2669 -0.3570 -0.3054 -0.1944 0.2657 0.1036 -0.3122 -0.3538 -0.2976 -0.1755 0.2691 0.0828 -0.3385 -0.3500 -0.2900 -0.1552 0.2581 0.0613 -0.3532 -0.3456 -0.2824 -0.1316 0.2403 0.0266
0.2427 -0.1411 -0.2853 -0.3473 -0.3486 0.0697 0.2633 -0.1631 -0.2928 -0.3515 -0.3304 0.0904 0.2702 -0.1822 -0.3003 -0.3550 -0.2994 0.1108 0.2588 -0.2006 -0.3079 -0.3579 -0.2495 0.1323 0.2111 -0.2200 -0.3161 -0.3603 -0.1629 0.1615 0.0804 -0.2458 -0.3266 -0.3621 -0.0425 0.2014 -0.0733 -0.2710 -0.3394 -0.3605 0.0441 0.2509 -0.1522 -0.2913 -0.3518 -0.3193 0.1053 0.2580 -0.2058 -0.3109 -0.3548 -0.3109 -0.2058 0.2580 0.1053 -0.3193 -0.3518 -0.2913 -0.1522 0.2509 0.0441 -0.3605 -0.3394 -0.2710 -0.0733 0.2014 -0.0425 -0.3621 -0.3266 -0.2458 0.0804 0.1615 -0.1629 -0.3603 -0.3161 -0.2200 0.2111 0.1323 -0.2495 -0.3579 -0.3079 -0.2006 0.2588 0.1108 -0.2994 -0.3550 -0.3003 -0.1822 0.2702 0.0904 -0.3304 -0.3515 -0.2928 -0.1631 0.2633 0.0697 -0.3486 -0.3473 -0.2853 -0.1411 0.2427
-0.1418 -0.2882 -0.3490 -0.3429 0.0777 0.2673 -0.1705 -0.2956 -0.3529 -0.3207 0.0979 0.2688 -0.1889 -0.3030 -0.3561 -0.2846 0.1180 0.2480 -0.2068 -0.3104 -0.3587 -0.2288 0.1391 0.1880 -0.2252 -0.3181 -0.3607 -0.1447 0.1666 0.0601 -0.2486 -0.3275 -0.3622 -0.0390 0.2021 -0.0733 -0.2707 -0.3390 -0.3609 0.0407 0.2481 -0.1481 -0.2897 -0.3509 -0.3260 0.1001 0.2636 -0.2020 -0.3104 -0.3666 -0.3640 -0.3666 -0.3104 -0.2020 0.2636 0.1001 -0.3260 -0.3509 -0.2897 -0.1481 0.2481 0.0407 -0.3609 -0.3390 -0.2707 -0.0733 0.2021 -0.0390 -0.3622 -0.3275 -0.2486 0.0601 0.1666 -0.1447 -0.3607 -0.3181 -0.2252 0.1880 0.1391 -0.2288 -0.3587 -0.3104 -0.2068 0.2480 0.1180 -0.2846 -0.3561 -0.3030 -0.1889 0.2688 0.0979 -0.3207 -0.3529 -0.2956 -0.1705 0.2673 0.0777 -0.3429 -0.3490 -0.2882 -0.1418
-0.2662 -0.3506 -0.3358 0.0855 0.2697 -0.1776 -0.2984 -0.3542 -0.3091 0.1053 0.2645 -0.1955 -0.3057 -0.3571 -0.2674 0.1252 0.2326 -0.2130 -0.3130 -0.3594 -0.2052 0.1466 0.1586 -0.2308 -0.3202 -0.3611 -0.1235 0.1730 0.0355 -0.2524 -0.3286 -0.3623 -0.0325 0.2041 -0.0763 -0.2710 -0.3390 -0.3610 0.0390 0.2463 -0.1452 -0.2885 -0.3502 -0.3311 0.0957 0.2671 -0.1976 -0.3088 -0.3597 -0.2336 0.0628 -0.2336 -0.3597 -0.3088 -0.1976 0.2671 0.0957 -0.3311 -0.3502 -0.2885 -0.1452 0.2463 0.0390 -0.3610 -0.3390 -0.2710 -0.0763 0.2041 -0.0325 -0.3623 -0.3286 -0.2524 0.0355 0.1730 -0.1235 -0.3611 -0.3202 -0.2308 0.1586 0.1466 -0.2052 -0.3594 -0.3130 -0.2130 0.2326 0.1252 -0.2674 -0.3571 -0.3057 -0.1955 0.2645 0.1053 -0.3091 -0.3542 -0.2984 -0.1776 0.2697 0.0855 -0.3358 -0.3506 -0.2662
-0.3312 -0.3273 0.0930 0.2700 -0.1845 -0.3012 -0.3554 -0.2954 0.1127 0.2566 -0.2020 -0.3084 -0.3580 -0.2475 0.1325 0.2121 -0.2191 -0.3155 -0.3601 -0.1794 0.1545 0.1233 -0.2368 -0.3225 -0.3614 -0.1007 0.1798 0.0093 -0.2571 -0.3301 -0.3625 -0.0236 0.2073 -0.0820 -0.2717 -0.3394 -0.3609 0.0390 0.2457 -0.1438 -0.2878 -0.3497 -0.3345 0.0921 0.2689 -0.1938 -0.3071 -0.3584 -0.2255 0.1334 0.2522 0.1334 -0.2255 -0.3584 -0.3071 -0.1938 0.2689 0.0921 -0.3345 -0.3497 -0.2878 -0.1438 0.2457 0.0390 -0.3609 -0.3394 -0.2717 -0.0820 0.2073 -0.0236 -0.3625 -0.3301 -0.2571 0.0093 0.1798 -0.1007 -0.3614 -0.3225 -0.2368 0.1233 0.1545 -0.1794 -0.3601 -0.3155 -0.2191 0.2121 0.1325 -0.2475 -0.3580 -0.3084 -0.2020 0.2566 0.1127 -0.2954 -0.3554 -0.3012 -0.1845 0.2700 0.0930 -0.3273 -0.3312
-0.3152 0.1007 0.2677 -0.1913 -0.3039 -0.3565 -0.2794 0.1201 0.2443 -0.2084 -0.3110 -0.3589 -0.2249 0.1401 0.1857 -0.2253 -0.3180 -0.3606 -0.1524 0.1628 0.0849 -0.2430 -0.3248 -0.3618 -0.0777 0.1865 -0.0163 -0.2614 -0.3318 -0.3627 -0.0130 0.2116 -0.0896 -0.2729 -0.3400 -0.3605 0.0407 0.2463 -0.1438 -0.2876 -0.3495 -0.3364 0.0896 0.2698 -0.1907 -0.3057 -0.3578 -0.2360 0.1404 0.1983 -0.1633 0.1983 0.1404 -0.2360 -0.3578 -0.3057 -0.1907 0.2698 0.0896 -0.3364 -0.3495 -0.2876 -0.1438 0.2463 0.0407 -0.3605 -0.3400 -0.2729 -0.0896 0.2116 -0.0130 -0.3627 -0.3318 -0.2614 -0.0163 0.1865 -0.0777 -0.3618 -0.3248 -0.2430 0.0849 0.1628 -0.1524 -0.3606 -0.3180 -0.2253 0.1857 0.1401 -0.2249 -0.3589 -0.3110 -0.2084 0.2443 0.1201 -0.2794 -0.3565 -0.3039 -0.1913 0.2677 0.1007 -0.3152
0.1021 0.2622 -0.1978 -0.3066 -0.3574 -0.2609 0.1275 0.2270 -0.2147 -0.3136 -0.3596 -0.1998 0.1481 0.1532 -0.2315 -0.3204 -0.3611 -0.1253 0.1714 0.0468 -0.2494 -0.3271 -0.3621 -0.0557 0.1932 -0.0399 -0.2645 -0.3337 -0.3629 -0.0018 0.2169 -0.0986 -0.2746 -0.3410 -0.3597 0.0441 0.2481 -0.1452 -0.2878 -0.3495 -0.3371 0.0884 0.2700 -0.1885 -0.3046 -0.3573 -0.2469 0.1381 0.1755 -0.2256 -0.2919 -0.2256 0.1755 0.1381 -0.2469 -0.3573 -0.3046 -0.1885 0.2700 0.0884 -0.3371 -0.3495 -0.2878 -0.1452 0.2481 0.0441 -0.3597 -0.3410 -0.2746 -0.0986 0.2169 -0.0018 -0.3629 -0.3337 -0.2645 -0.0399 0.1932 -0.0557 -0.3621 -0.3271 -0.2494 0.0468 0.1714 -0.1253 -0.3611 -0.3204 -0.2315 0.1532 0.1481 -0.1998 -0.3596 -0.3136 -0.2147 0.2270 0.1275 -0.2609 -0.3574 -0.3066 -0.1978 0.2622 0.1021
0.2458 -0.2043 -0.3093 -0.3583 -0.2398 0.1351 0.2040 -0.2211 -0.3162 -0.3602 -0.1728 0.1563 0.1157 -0.2379 -0.3228 -0.3615 -0.0990 0.1798 0.0120 -0.2558 -0.3294 -0.3624 -0.0360 0.2004 -0.0606 -0.2673 -0.3356 -0.3628 0.0096 0.2231 -0.1082 -0.2766 -0.3422 -0.3584 0.0487 0.2509 -0.1481 -0.2885 -0.3497 -0.3364 0.0884 0.2701 -0.1874 -0.3039 -0.3570 -0.2552 0.1349 0.1851 -0.2291 -0.3208 -0.3625 -0.3208 -0.2291 0.1851 0.1349 -0.2552 -0.3570 -0.3039 -0.1874 0.2701 0.0884 -0.3364 -0.3497 -0.2885 -0.1481 0.2509 0.0487 -0.3584 -0.3422 -0.2766 -0.1082 0.2231 0.0096 -0.3628 -0.3356 -0.2673 -0.0606 0.2004 -0.0360 -0.3624 -0.3294 -0.2558 0.0120 0.1798 -0.0990 -0.3615 -0.3228 -0.2379 0.1157 0.1563 -0.1728 -0.3602 -0.3162 -0.2211 0.2040 0.1351 -0.2398 -0.3583 -0.3093 -0.2043 0.2458
-0.1950 -0.3120 -0.3591 -0.2163 0.1429 0.1751 -0.2274 -0.3187 -0.3608 -0.1450 0.1649 0.0760 -0.2444 -0.3253 -0.3619 -0.0744 0.1872 -0.0179 -0.2612 -0.3316 -0.3626 -0.0186 0.2077 -0.0784 -0.2702 -0.3376 -0.3624 0.0207 0.2298 -0.1179 -0.2789 -0.3436 -0.3566 0.0543 0.2545 -0.1522 -0.2897 -0.3502 -0.3345 0.0896 0.2700 -0.1874 -0.3037 -0.3568 -0.2601 0.1326 0.1954 -0.2273 -0.3204 -0.3691 -0.3362 -0.3691 -0.3204 -0.2273 0.1954 0.1326 -0.2601 -0.3568 -0.3037 -0.1874 0.2700 0.0896 -0.3345 -0.3502 -0.2897 -0.1522 0.2545 0.0543 -0.3566 -0.3436 -0.2789 -0.1179 0.2298 0.0207 -0.3624 -0.3376 -0.2702 -0.0784 0.2077 -0.0186 -0.3626 -0.3316 -0.2612 -0.0179 0.1872 -0.0744 -0.3619 -0.3253 -0.2444 0.0760 0.1649 -0.1450 -0.3608 -0.3187 -0.2274 0.1751 0.1429 -0.2163 -0.3591 -0.3120 -0.1950
-0.2907 -0.3599 -0.1905 0.1509 0.1405 -0.2338 -0.3212 -0.3612 -0.1172 0.1739 0.0373 -0.2509 -0.3276 -0.3622 -0.0520 0.1943 -0.0428 -0.2648 -0.3338 -0.3629 -0.0034 0.2152 -0.0935 -0.2730 -0.3396 -0.3613 0.0313 0.2369 -0.1275 -0.2814 -0.3451 -0.3539 0.0607 0.2585 -0.1571 -0.2913 -0.3509 -0.3311 0.0921 0.2698 -0.1885 -0.3039 -0.3568 -0.2618 0.1313 0.2018 -0.2255 -0.3196 -0.3619 -0.1312 0.0908 -0.1312 -0.3619 -0.3196 -0.2255 0.2018 0.1313 -0.2618 -0.3568 -0.3039 -0.1885 0.2698 0.0921 -0.3311 -0.3509 -0.2913 -0.1571 0.2585 0.0607 -0.3539 -0.3451 -0.2814 -0.1275 0.2369 0.0313 -0.3613 -0.3396 -0.2730 -0.0935 0.2152 -0.0034 -0.3629 -0.3338 -0.2648 -0.0428 0.1943 -0.0520 -0.3622 -0.3276 -0.2509 0.0373 0.1739 -0.1172 -0.3612 -0.3212 -0.2338 0.1405 0.1509 -0.1905 -0.3599 -0.2907
-0.3422 -0.1631 0.1593 0.1018 -0.2402 -0.3237 -0.3616 -0.0907 0.1823 0.0028 -0.2576 -0.3300 -0.3624 -0.0322 0.2017 -0.0638 -0.2677 -0.3359 -0.3628 0.0100 0.2228 -0.1066 -0.2759 -0.3415 -0.3597 0.0413 0.2440 -0.1367 -0.2840 -0.3467 -0.3503 0.0675 0.2625 -0.1627 -0.2931 -0.3518 -0.3260 0.0957 0.2689 -0.1907 -0.3046 -0.3570 -0.2601 0.1313 0.2039 -0.2245 -0.3190 -0.3612 -0.1124 0.1638 0.2660 0.1638 -0.1124 -0.3612 -0.3190 -0.2245 0.2039 0.1313 -0.2601 -0.3570 -0.3046 -0.1907 0.2689 0.0957 -0.3260 -0.3518 -0.2931 -0.1627 0.2625 0.0675 -0.3503 -0.3467 -0.2840 -0.1367 0.2440 0.0413 -0.3597 -0.3415 -0.2759 -0.1066 0.2228 0.0100 -0.3628 -0.3359 -0.2677 -0.0638 0.2017 -0.0322 -0.3624 -0.3300 -0.2576 0.0028 0.1823 -0.0907 -0.3616 -0.3237 -0.2402 0.1018 0.1593 -0.1631 -0.3422
-0.1556 0.1683 0.0622 -0.2466 -0.3261 -0.3620 -0.0664 0.1896 -0.0264 -0.2626 -0.3322 -0.3627 -0.0148 0.2093 -0.0815 -0.2707 -0.3379 -0.3623 0.0220 0.2304 -0.1182 -0.2787 -0.3434 -0.3573 0.0506 0.2507 -0.1455 -0.2868 -0.3482 -0.3455 0.0747 0.2662 -0.1688 -0.2953 -0.3528 -0.3193 0.1001 0.2671 -0.1938 -0.3057 -0.3573 -0.2552 0.1326 0.2018 -0.2245 -0.3188 -0.3610 -0.1140 0.1774 0.0435 -0.1989 0.0435 0.1774 -0.1140 -0.3610 -0.3188 -0.2245 0.2018 0.1326 -0.2552 -0.3573 -0.3057 -0.1938 0.2671 0.1001 -0.3193 -0.3528 -0.2953 -0.1688 0.2662 0.0747 -0.3455 -0.3482 -0.2868 -0.1455 0.2507 0.0506 -0.3573 -0.3434 -0.2787 -0.1182 0.2304 0.0220 -0.3623 -0.3379 -0.2707 -0.0815 0.2093 -0.0148 -0.3627 -0.3322 -0.2626 -0.0264 0.1896 -0.0664 -0.3620 -0.3261 -0.2466 0.0622 0.1683 -0.1556
0.1730 0.0250 -0.2532 -0.3285 -0.3623 -0.0448 0.1968 -0.0503 -0.2657 -0.3345 -0.3629 0.0002 0.2170 -0.0966 -0.2736 -0.3400 -0.3611 0.0328 0.2378 -0.1285 -0.2815 -0.3451 -0.3542 0.0592 0.2568 -0.1536 -0.2895 -0.3498 -0.3395 0.0819 0.2689 -0.1750 -0.2976 -0.3539 -0.3106 0.1053 0.2636 -0.1976 -0.3071 -0.3578 -0.2469 0.1349 0.1954 -0.2255 -0.3190 -0.3610 -0.1154 0.1791 0.0044 -0.2548 -0.3051 -0.2548 0.0044 0.1791 -0.1154 -0.3610 -0.3190 -0.2255 0.1954 0.1349 -0.2469 -0.3578 -0.3071 -0.1976 0.2636 0.1053 -0.3106 -0.3539 -0.2976 -0.1750 0.2689 0.0819 -0.3395 -0.3498 -0.2895 -0.1536 0.2568 0.0592 -0.3542 -0.3451 -0.2815 -0.1285 0.2378 0.0328 -0.3611 -0.3400 -0.2736 -0.0966 0.2170 0.0002 -0.3629 -0.3345 -0.2657 -0.0503 0.1968 -0.0448 -0.3623 -0.3285 -0.2532 0.0250 0.1730
-0.0054 -0.2593 -0.3308 -0.3626 -0.0267 0.2040 -0.0694 -0.2686 -0.3366 -0.3627 0.0130 0.2245 -0.1091 -0.2764 -0.3420 -0.3594 0.0424 0.2447 -0.1376 -0.2842 -0.3469 -0.3503 0.0670 0.2619 -0.1609 -0.2921 -0.3513 -0.3323 0.0889 0.2702 -0.1812 -0.3000 -0.3551 -0.3002 0.1108 0.2580 -0.2020 -0.3088 -0.3584 -0.2360 0.1381 0.1851 -0.2273 -0.3196 -0.3612 -0.1140 0.1791 0.0017 -0.2606 -0.3330 -0.3709 -0.3330 -0.2606 0.0017 0.1791 -0.1140 -0.3612 -0.3196 -0.2273 0.1851 0.1381 -0.2360 -0.3584 -0.3088 -0.2020 0.2580 0.1108 -0.3002 -0.3551 -0.3000 -0.1812 0.2702 0.0889 -0.3323 -0.3513 -0.2921 -0.1609 0.2619 0.0670 -0.3503 -0.3469 -0.2842 -0.1376 0.2447 0.0424 -0.3594 -0.3420 -0.2764 -0.1091 0.2245 0.0130 -0.3627 -0.3366 -0.2686 -0.0694 0.2040 -0.0267 -0.3626 -0.3308 -0.2593 -0.0054
-0.2366 -0.3330 -0.3628 -0.0135 0.2098 -0.0827 -0.2709 -0.3388 -0.3621 0.0225 0.2306 -0.1182 -0.2788 -0.3441 -0.3573 0.0498 0.2501 -0.1446 -0.2865 -0.3489 -0.3462 0.0730 0.2654 -0.1667 -0.2944 -0.3532 -0.3251 0.0943 0.2699 -0.1864 -0.3022 -0.3567 -0.2898 0.1151 0.2516 -0.2058 -0.3104 -0.3597 -0.2255 0.1404 0.1755 -0.2291 -0.3204 -0.3619 -0.1124 0.1774 0.0044 -0.2606 -0.3326 -0.3695 -0.2661 -0.3695 -0.3326 -0.2606 0.0044 0.1774 -0.1124 -0.3619 -0.3204 -0.2291 0.1755 0.1404 -0.2255 -0.3597 -0.3104 -0.2058 0.2516 0.1151 -0.2898 -0.3567 -0.3022 -0.1864 0.2699 0.0943 -0.3251 -0.3532 -0.2944 -0.1667 0.2654 0.0730 -0.3462 -0.3489 -0.2865 -0.1446 0.2501 0.0498 -0.3573 -0.3441 -0.2788 -0.1182 0.2306 0.0225 -0.3621 -0.3388 -0.2709 -0.0827 0.2098 -0.0135 -0.3628 -0.3330 -0.2366
-0.3118 -0.3687 -0.0161 0.2010 -0.0761 -0.2700 -0.3422 -0.3659 0.0203 0.2232 -0.1139 -0.2781 -0.3482 -0.3593 0.0477 0.2457 -0.1414 -0.2862 -0.3537 -0.3469 0.0705 0.2641 -0.1642 -0.2944 -0.3588 -0.3259 0.0913 0.2710 -0.1844 -0.3025 -0.3631 -0.2919 0.1111 0.2580 -0.2035 -0.3109 -0.3666 -0.2336 0.1334 0.1983 -0.2256 -0.3208 -0.3691 -0.1312 0.1638 0.0435 -0.2548 -0.3330 -0.3695 -0.0386 0.1134 -0.0386 -0.3695 -0.3330 -0.2548 0.0435 0.1638 -0.1312 -0.3691 -0.3208 -0.2256 0.1983 0.1334 -0.2336 -0.3666 -0.3109 -0.2035 0.2580 0.1111 -0.2919 -0.3631 -0.3025 -0.1844 0.2710 0.0913 -0.3259 -0.3588 -0.2944 -0.1642 0.2641 0.0705 -0.3469 -0.3537 -0.2862 -0.1414 0.2457 0.0477 -0.3593 -0.3482 -0.2781 -0.1139 0.2232 0.0203 -0.3659 -0.3422 -0.2700 -0.0761 0.2010 -0.0161 -0.3687 -0.3118
-0.3525 -0.2443 0.1264 0.2237 -0.2262 -0.3178 -0.3764 -0.1772 0.1457 0.1504 -0.2394 -0.3255 -0.3787 -0.1025 0.1663 0.0476 -0.2526 -0.3331 -0.3797 -0.0401 0.1876 -0.0389 -0.2637 -0.3405 -0.3791 0.0046 0.2089 -0.0934 -0.2725 -0.3478 -0.3749 0.0362 0.2305 -0.1305 -0.2814 -0.3548 -0.3640 0.0628 0.2522 -0.1633 -0.2919 -0.3625 -0.3362 0.0908 0.2660 -0.1989 -0.3051 -0.3709 -0.2661 0.1134 0.2247 0.1134 -0.2661 -0.3709 -0.3051 -0.1989 0.2660 0.0908 -0.3362 -0.3625 -0.2919 -0.1633 0.2522 0.0628 -0.3640 -0.3548 -0.2814 -0.1305 0.2305 0.0362 -0.3749 -0.3478 -0.2725 -0.0934 0.2089 0.0046 -0.3791 -0.3405 -0.2637 -0.0389 0.1876 -0.0401 -0.3797 -0.3331 -0.2526 0.0476 0.1663 -0.1025 -0.3787 -0.3255 -0.2394 0.1504 0.1457 -0.1772 -0.3764 -0.3178 -0.2262 0.2237 0.1264 -0.2443 -0.3525
