1.0000 0.0004 0.0050 0.0581 0.6733 1.0000 0.0001 0.0010 0.0112 0.1297 1.0000 1.0000 0.0002 0.0021 0.0248 0.2877 1.0000 1.0000 0.0004 0.0048 0.0551 0.6372 1.0000 0.0001 0.0009 0.0106 0.1223 1.0000 1.0000 0.0002 0.0020 0.0234 0.2713 1.0000 1.0000 0.0004 0.0045 0.0520 0.6007 1.0000 0.0001 0.0009 0.0100 0.1153 1.0000 1.0000 0.0002 0.0019 0.0215 0.2217 1.0000 0.2217 0.0215 0.0019 0.0002 1.0000 1.0000 0.1153 0.0100 0.0009 0.0001 1.0000 0.6007 0.0520 0.0045 0.0004 1.0000 1.0000 0.2713 0.0234 0.0020 0.0002 1.0000 1.0000 0.1223 0.0106 0.0009 0.0001 1.0000 0.6372 0.0551 0.0048 0.0004 1.0000 1.0000 0.2877 0.0248 0.0021 0.0002 1.0000 1.0000 0.1297 0.0112 0.0010 0.0001 1.0000 0.6733 0.0581 0.0050 0.0004 1.0000
0.0004 0.0052 0.0589 0.6759 1.0000 0.0001 0.0010 0.0111 0.1285 1.0000 1.0000 0.0002 0.0021 0.0247 0.2850 1.0000 1.0000 0.0004 0.0047 0.0546 0.6323 1.0000 0.0001 0.0009 0.0105 0.1211 1.0000 1.0000 0.0002 0.0020 0.0232 0.2687 1.0000 1.0000 0.0004 0.0045 0.0515 0.5961 1.0000 0.0001 0.0009 0.0099 0.1142 1.0000 1.0000 0.0002 0.0019 0.0218 0.2467 1.0000 1.0000 1.0000 0.2467 0.0218 0.0019 0.0002 1.0000 1.0000 0.1142 0.0099 0.0009 0.0001 1.0000 0.5961 0.0515 0.0045 0.0004 1.0000 1.0000 0.2687 0.0232 0.0020 0.0002 1.0000 1.0000 0.1211 0.0105 0.0009 0.0001 1.0000 0.6323 0.0546 0.0047 0.0004 1.0000 1.0000 0.2850 0.0247 0.0021 0.0002 1.0000 1.0000 0.1285 0.0111 0.0010 0.0001 1.0000 0.6759 0.0589 0.0052 0.0004
0.0050 0.0589 0.6531 1.0000 0.0001 0.0009 0.0102 0.1177 1.0000 1.0000 0.0002 0.0019 0.0225 0.2597 1.0000 1.0000 0.0004 0.0043 0.0498 0.5761 1.0000 0.0001 0.0008 0.0095 0.1105 1.0000 1.0000 0.0002 0.0018 0.0212 0.2448 1.0000 1.0000 0.0004 0.0041 0.0470 0.5431 1.0000 1.0000 0.0008 0.0090 0.1040 1.0000 1.0000 0.0001 0.0017 0.0199 0.2295 1.0000 1.0000 0.0001 1.0000 1.0000 0.2295 0.0199 0.0017 0.0001 1.0000 1.0000 0.1040 0.0090 0.0008 1.0000 1.0000 0.5431 0.0470 0.0041 0.0004 1.0000 1.0000 0.2448 0.0212 0.0018 0.0002 1.0000 1.0000 0.1105 0.0095 0.0008 0.0001 1.0000 0.5761 0.0498 0.0043 0.0004 1.0000 1.0000 0.2597 0.0225 0.0019 0.0002 1.0000 1.0000 0.1177 0.0102 0.0009 0.0001 1.0000 0.6531 0.0589 0.0050
0.0581 0.6759 1.0000 0.0001 0.0008 0.0096 0.1095 1.0000 1.0000 0.0002 0.0018 0.0205 0.2375 1.0000 1.0000 0.0003 0.0039 0.0454 0.5258 1.0000 1.0000 0.0008 0.0087 0.1007 1.0000 1.0000 0.0001 0.0017 0.0193 0.2234 1.0000 1.0000 0.0003 0.0037 0.0428 0.4957 1.0000 1.0000 0.0007 0.0082 0.0949 1.0000 1.0000 0.0001 0.0016 0.0182 0.2102 1.0000 1.0000 0.0003 0.0012 0.0003 1.0000 1.0000 0.2102 0.0182 0.0016 0.0001 1.0000 1.0000 0.0949 0.0082 0.0007 1.0000 1.0000 0.4957 0.0428 0.0037 0.0003 1.0000 1.0000 0.2234 0.0193 0.0017 0.0001 1.0000 1.0000 0.1007 0.0087 0.0008 1.0000 1.0000 0.5258 0.0454 0.0039 0.0003 1.0000 1.0000 0.2375 0.0205 0.0018 0.0002 1.0000 1.0000 0.1095 0.0096 0.0008 0.0001 1.0000 0.6759 0.0581
0.6733 1.0000 0.0001 0.0008 0.0094 0.1048 1.0000 1.0000 0.0001 0.0016 0.0189 0.2176 1.0000 1.0000 0.0003 0.0036 0.0414 0.4790 1.0000 1.0000 0.0007 0.0079 0.0919 1.0000 1.0000 0.0001 0.0015 0.0176 0.2036 1.0000 1.0000 0.0003 0.0034 0.0391 0.4516 1.0000 1.0000 0.0006 0.0075 0.0867 1.0000 1.0000 0.0001 0.0014 0.0166 0.1919 1.0000 1.0000 0.0003 0.0028 0.0124 0.0028 0.0003 1.0000 1.0000 0.1919 0.0166 0.0014 0.0001 1.0000 1.0000 0.0867 0.0075 0.0006 1.0000 1.0000 0.4516 0.0391 0.0034 0.0003 1.0000 1.0000 0.2036 0.0176 0.0015 0.0001 1.0000 1.0000 0.0919 0.0079 0.0007 1.0000 1.0000 0.4790 0.0414 0.0036 0.0003 1.0000 1.0000 0.2176 0.0189 0.0016 0.0001 1.0000 1.0000 0.1048 0.0094 0.0008 0.0001 1.0000 0.6733
1.0000 0.0001 0.0009 0.0096 0.1048 1.0000 1.0000 0.0001 0.0015 0.0176 0.2012 1.0000 1.0000 0.0003 0.0033 0.0379 0.4381 1.0000 1.0000 0.0006 0.0072 0.0837 0.9700 1.0000 0.0001 0.0014 0.0161 0.1858 1.0000 1.0000 0.0003 0.0031 0.0356 0.4122 1.0000 1.0000 0.0006 0.0068 0.0790 0.9145 1.0000 0.0001 0.0013 0.0152 0.1752 1.0000 1.0000 0.0002 0.0028 0.0294 0.1312 0.0294 0.0028 0.0002 1.0000 1.0000 0.1752 0.0152 0.0013 0.0001 1.0000 0.9145 0.0790 0.0068 0.0006 1.0000 1.0000 0.4122 0.0356 0.0031 0.0003 1.0000 1.0000 0.1858 0.0161 0.0014 0.0001 1.0000 0.9700 0.0837 0.0072 0.0006 1.0000 1.0000 0.4381 0.0379 0.0033 0.0003 1.0000 1.0000 0.2012 0.0176 0.0015 0.0001 1.0000 1.0000 0.1048 0.0096 0.0009 0.0001 1.0000
0.0001 0.0010 0.0102 0.1095 1.0000 1.0000 0.0001 0.0015 0.0167 0.1897 1.0000 1.0000 0.0003 0.0030 0.0348 0.4014 1.0000 1.0000 0.0006 0.0066 0.0764 0.8837 1.0000 0.0001 0.0013 0.0146 0.1696 1.0000 1.0000 0.0002 0.0028 0.0325 0.3755 1.0000 1.0000 0.0005 0.0062 0.0721 0.8331 1.0000 0.0001 0.0012 0.0138 0.1599 1.0000 1.0000 0.0002 0.0026 0.0298 0.3105 1.0000 0.3105 0.0298 0.0026 0.0002 1.0000 1.0000 0.1599 0.0138 0.0012 0.0001 1.0000 0.8331 0.0721 0.0062 0.0005 1.0000 1.0000 0.3755 0.0325 0.0028 0.0002 1.0000 1.0000 0.1696 0.0146 0.0013 0.0001 1.0000 0.8837 0.0764 0.0066 0.0006 1.0000 1.0000 0.4014 0.0348 0.0030 0.0003 1.0000 1.0000 0.1897 0.0167 0.0015 0.0001 1.0000 1.0000 0.1095 0.0102 0.0010 0.0001
0.0010 0.0111 0.1177 1.0000 1.0000 0.0001 0.0015 0.0164 0.1833 1.0000 1.0000 0.0002 0.0028 0.0322 0.3699 1.0000 1.0000 0.0005 0.0060 0.0699 0.8082 1.0000 0.0001 0.0012 0.0134 0.1545 1.0000 1.0000 0.0002 0.0026 0.0296 0.3428 1.0000 1.0000 0.0005 0.0057 0.0657 0.7604 1.0000 0.0001 0.0011 0.0126 0.1457 1.0000 1.0000 0.0002 0.0024 0.0278 0.3146 1.0000 1.0000 1.0000 0.3146 0.0278 0.0024 0.0002 1.0000 1.0000 0.1457 0.0126 0.0011 0.0001 1.0000 0.7604 0.0657 0.0057 0.0005 1.0000 1.0000 0.3428 0.0296 0.0026 0.0002 1.0000 1.0000 0.1545 0.0134 0.0012 0.0001 1.0000 0.8082 0.0699 0.0060 0.0005 1.0000 1.0000 0.3699 0.0322 0.0028 0.0002 1.0000 1.0000 0.1833 0.0164 0.0015 0.0001 1.0000 1.0000 0.1177 0.0111 0.0010
0.0112 0.1285 1.0000 1.0000 0.0001 0.0015 0.0167 0.1833 1.0000 1.0000 0.0002 0.0027 0.0302 0.3447 1.0000 1.0000 0.0005 0.0056 0.0640 0.7405 1.0000 0.0001 0.0011 0.0122 0.1410 1.0000 1.0000 0.0002 0.0023 0.0270 0.3129 1.0000 1.0000 0.0004 0.0052 0.0599 0.6928 1.0000 0.0001 0.0010 0.0115 0.1329 1.0000 1.0000 0.0002 0.0022 0.0254 0.2933 1.0000 1.0000 0.0001 1.0000 1.0000 0.2933 0.0254 0.0022 0.0002 1.0000 1.0000 0.1329 0.0115 0.0010 0.0001 1.0000 0.6928 0.0599 0.0052 0.0004 1.0000 1.0000 0.3129 0.0270 0.0023 0.0002 1.0000 1.0000 0.1410 0.0122 0.0011 0.0001 1.0000 0.7405 0.0640 0.0056 0.0005 1.0000 1.0000 0.3447 0.0302 0.0027 0.0002 1.0000 1.0000 0.1833 0.0167 0.0015 0.0001 1.0000 1.0000 0.1285 0.0112
0.1297 1.0000 1.0000 0.0002 0.0016 0.0176 0.1897 1.0000 1.0000 0.0002 0.0026 0.0290 0.3275 1.0000 1.0000 0.0004 0.0051 0.0590 0.6797 1.0000 0.0001 0.0010 0.0112 0.1290 1.0000 1.0000 0.0002 0.0021 0.0247 0.2850 1.0000 1.0000 0.0004 0.0047 0.0546 0.6323 1.0000 0.0001 0.0009 0.0105 0.1211 1.0000 1.0000 0.0002 0.0020 0.0232 0.2682 1.0000 1.0000 0.0003 0.0015 0.0003 1.0000 1.0000 0.2682 0.0232 0.0020 0.0002 1.0000 1.0000 0.1211 0.0105 0.0009 0.0001 1.0000 0.6323 0.0546 0.0047 0.0004 1.0000 1.0000 0.2850 0.0247 0.0021 0.0002 1.0000 1.0000 0.1290 0.0112 0.0010 0.0001 1.0000 0.6797 0.0590 0.0051 0.0004 1.0000 1.0000 0.3275 0.0290 0.0026 0.0002 1.0000 1.0000 0.1897 0.0176 0.0016 0.0002 1.0000 1.0000 0.1297
1.0000 1.0000 0.0002 0.0018 0.0189 0.2012 1.0000 1.0000 0.0002 0.0026 0.0285 0.3183 1.0000 1.0000 0.0004 0.0048 0.0549 0.6299 1.0000 0.0001 0.0009 0.0102 0.1182 1.0000 1.0000 0.0002 0.0019 0.0225 0.2602 1.0000 1.0000 0.0004 0.0043 0.0498 0.5761 1.0000 0.0001 0.0008 0.0095 0.1105 1.0000 1.0000 0.0002 0.0018 0.0212 0.2453 1.0000 1.0000 0.0003 0.0036 0.0159 0.0036 0.0003 1.0000 1.0000 0.2453 0.0212 0.0018 0.0002 1.0000 1.0000 0.1105 0.0095 0.0008 0.0001 1.0000 0.5761 0.0498 0.0043 0.0004 1.0000 1.0000 0.2602 0.0225 0.0019 0.0002 1.0000 1.0000 0.1182 0.0102 0.0009 0.0001 1.0000 0.6299 0.0549 0.0048 0.0004 1.0000 1.0000 0.3183 0.0285 0.0026 0.0002 1.0000 1.0000 0.2012 0.0189 0.0018 0.0002 1.0000 1.0000
1.0000 0.0002 0.0019 0.0205 0.2176 1.0000 1.0000 0.0002 0.0027 0.0290 0.3183 1.0000 1.0000 0.0004 0.0046 0.0519 0.5905 1.0000 0.0001 0.0008 0.0094 0.1085 1.0000 1.0000 0.0002 0.0018 0.0206 0.2379 1.0000 1.0000 0.0003 0.0039 0.0455 0.5258 1.0000 1.0000 0.0008 0.0087 0.1007 1.0000 1.0000 0.0001 0.0017 0.0193 0.2234 1.0000 1.0000 0.0003 0.0036 0.0375 0.1677 0.0375 0.0036 0.0003 1.0000 1.0000 0.2234 0.0193 0.0017 0.0001 1.0000 1.0000 0.1007 0.0087 0.0008 1.0000 1.0000 0.5258 0.0455 0.0039 0.0003 1.0000 1.0000 0.2379 0.0206 0.0018 0.0002 1.0000 1.0000 0.1085 0.0094 0.0008 0.0001 1.0000 0.5905 0.0519 0.0046 0.0004 1.0000 1.0000 0.3183 0.0290 0.0027 0.0002 1.0000 1.0000 0.2176 0.0205 0.0019 0.0002 1.0000
0.0002 0.0021 0.0225 0.2375 1.0000 1.0000 0.0003 0.0028 0.0302 0.3275 1.0000 1.0000 0.0004 0.0045 0.0500 0.5631 1.0000 1.0000 0.0008 0.0087 0.1003 1.0000 1.0000 0.0001 0.0016 0.0189 0.2176 1.0000 1.0000 0.0003 0.0036 0.0416 0.4809 1.0000 1.0000 0.0007 0.0080 0.0919 1.0000 1.0000 0.0001 0.0015 0.0176 0.2039 1.0000 1.0000 0.0003 0.0034 0.0381 0.3961 1.0000 0.3961 0.0381 0.0034 0.0003 1.0000 1.0000 0.2039 0.0176 0.0015 0.0001 1.0000 1.0000 0.0919 0.0080 0.0007 1.0000 1.0000 0.4809 0.0416 0.0036 0.0003 1.0000 1.0000 0.2176 0.0189 0.0016 0.0001 1.0000 1.0000 0.1003 0.0087 0.0008 1.0000 1.0000 0.5631 0.0500 0.0045 0.0004 1.0000 1.0000 0.3275 0.0302 0.0028 0.0003 1.0000 1.0000 0.2375 0.0225 0.0021 0.0002
0.0021 0.0247 0.2597 1.0000 1.0000 0.0003 0.0030 0.0322 0.3447 1.0000 1.0000 0.0004 0.0045 0.0494 0.5493 1.0000 1.0000 0.0007 0.0082 0.0937 1.0000 1.0000 0.0001 0.0015 0.0173 0.1993 1.0000 1.0000 0.0003 0.0033 0.0380 0.4397 1.0000 1.0000 0.0006 0.0073 0.0839 0.9700 1.0000 0.0001 0.0014 0.0161 0.1858 1.0000 1.0000 0.0003 0.0031 0.0355 0.4021 1.0000 1.0000 1.0000 0.4021 0.0355 0.0031 0.0003 1.0000 1.0000 0.1858 0.0161 0.0014 0.0001 1.0000 0.9700 0.0839 0.0073 0.0006 1.0000 1.0000 0.4397 0.0380 0.0033 0.0003 1.0000 1.0000 0.1993 0.0173 0.0015 0.0001 1.0000 1.0000 0.0937 0.0082 0.0007 1.0000 1.0000 0.5493 0.0494 0.0045 0.0004 1.0000 1.0000 0.3447 0.0322 0.0030 0.0003 1.0000 1.0000 0.2597 0.0247 0.0021
0.0248 0.2850 1.0000 1.0000 0.0003 0.0033 0.0348 0.3699 1.0000 1.0000 0.0004 0.0046 0.0500 0.5493 1.0000 1.0000 0.0007 0.0079 0.0888 1.0000 1.0000 0.0001 0.0014 0.0160 0.1837 1.0000 1.0000 0.0003 0.0030 0.0348 0.4021 1.0000 1.0000 0.0006 0.0066 0.0767 0.8871 1.0000 0.0001 0.0013 0.0147 0.1696 1.0000 1.0000 0.0002 0.0028 0.0325 0.3741 1.0000 1.0000 0.0002 1.0000 1.0000 0.3741 0.0325 0.0028 0.0002 1.0000 1.0000 0.1696 0.0147 0.0013 0.0001 1.0000 0.8871 0.0767 0.0066 0.0006 1.0000 1.0000 0.4021 0.0348 0.0030 0.0003 1.0000 1.0000 0.1837 0.0160 0.0014 0.0001 1.0000 1.0000 0.0888 0.0079 0.0007 1.0000 1.0000 0.5493 0.0500 0.0046 0.0004 1.0000 1.0000 0.3699 0.0348 0.0033 0.0003 1.0000 1.0000 0.2850 0.0248
0.2877 1.0000 1.0000 0.0003 0.0036 0.0379 0.4014 1.0000 1.0000 0.0004 0.0048 0.0519 0.5631 1.0000 1.0000 0.0007 0.0077 0.0860 0.9663 1.0000 0.0001 0.0013 0.0149 0.1706 1.0000 1.0000 0.0002 0.0028 0.0319 0.3678 1.0000 1.0000 0.0005 0.0061 0.0702 0.8112 1.0000 0.0001 0.0012 0.0134 0.1548 1.0000 1.0000 0.0002 0.0026 0.0296 0.3428 1.0000 1.0000 0.0004 0.0019 0.0004 1.0000 1.0000 0.3428 0.0296 0.0026 0.0002 1.0000 1.0000 0.1548 0.0134 0.0012 0.0001 1.0000 0.8112 0.0702 0.0061 0.0005 1.0000 1.0000 0.3678 0.0319 0.0028 0.0002 1.0000 1.0000 0.1706 0.0149 0.0013 0.0001 1.0000 0.9663 0.0860 0.0077 0.0007 1.0000 1.0000 0.5631 0.0519 0.0048 0.0004 1.0000 1.0000 0.4014 0.0379 0.0036 0.0003 1.0000 1.0000 0.2877
1.0000 1.0000 0.0004 0.0039 0.0414 0.4381 1.0000 1.0000 0.0005 0.0051 0.0549 0.5905 1.0000 1.0000 0.0007 0.0077 0.0850 0.9445 1.0000 0.0001 0.0012 0.0140 0.1599 1.0000 1.0000 0.0002 0.0025 0.0293 0.3376 1.0000 1.0000 0.0005 0.0056 0.0642 0.7419 1.0000 0.0001 0.0011 0.0122 0.1416 1.0000 1.0000 0.0002 0.0023 0.0271 0.3129 1.0000 1.0000 0.0004 0.0045 0.0203 0.0045 0.0004 1.0000 1.0000 0.3129 0.0271 0.0023 0.0002 1.0000 1.0000 0.1416 0.0122 0.0011 0.0001 1.0000 0.7419 0.0642 0.0056 0.0005 1.0000 1.0000 0.3376 0.0293 0.0025 0.0002 1.0000 1.0000 0.1599 0.0140 0.0012 0.0001 1.0000 0.9445 0.0850 0.0077 0.0007 1.0000 1.0000 0.5905 0.0549 0.0051 0.0005 1.0000 1.0000 0.4381 0.0414 0.0039 0.0004 1.0000 1.0000
1.0000 0.0004 0.0043 0.0454 0.4790 1.0000 1.0000 0.0005 0.0056 0.0590 0.6299 1.0000 1.0000 0.0007 0.0079 0.0860 0.9445 1.0000 0.0001 0.0012 0.0135 0.1522 1.0000 1.0000 0.0002 0.0024 0.0271 0.3117 1.0000 1.0000 0.0004 0.0051 0.0587 0.6784 1.0000 0.0001 0.0010 0.0112 0.1295 1.0000 1.0000 0.0002 0.0021 0.0247 0.2856 1.0000 1.0000 0.0004 0.0046 0.0479 0.2139 0.0479 0.0046 0.0004 1.0000 1.0000 0.2856 0.0247 0.0021 0.0002 1.0000 1.0000 0.1295 0.0112 0.0010 0.0001 1.0000 0.6784 0.0587 0.0051 0.0004 1.0000 1.0000 0.3117 0.0271 0.0024 0.0002 1.0000 1.0000 0.1522 0.0135 0.0012 0.0001 1.0000 0.9445 0.0860 0.0079 0.0007 1.0000 1.0000 0.6299 0.0590 0.0056 0.0005 1.0000 1.0000 0.4790 0.0454 0.0043 0.0004 1.0000
0.0004 0.0047 0.0498 0.5258 1.0000 1.0000 0.0006 0.0060 0.0640 0.6797 1.0000 0.0001 0.0008 0.0082 0.0888 0.9663 1.0000 0.0001 0.0012 0.0132 0.1476 1.0000 1.0000 0.0002 0.0022 0.0254 0.2899 1.0000 1.0000 0.0004 0.0047 0.0538 0.6216 1.0000 0.0001 0.0009 0.0102 0.1184 1.0000 1.0000 0.0002 0.0020 0.0226 0.2611 1.0000 1.0000 0.0004 0.0043 0.0487 0.5062 1.0000 0.5062 0.0487 0.0043 0.0004 1.0000 1.0000 0.2611 0.0226 0.0020 0.0002 1.0000 1.0000 0.1184 0.0102 0.0009 0.0001 1.0000 0.6216 0.0538 0.0047 0.0004 1.0000 1.0000 0.2899 0.0254 0.0022 0.0002 1.0000 1.0000 0.1476 0.0132 0.0012 0.0001 1.0000 0.9663 0.0888 0.0082 0.0008 0.0001 1.0000 0.6797 0.0640 0.0060 0.0006 1.0000 1.0000 0.5258 0.0498 0.0047 0.0004
0.0048 0.0546 0.5761 1.0000 1.0000 0.0006 0.0066 0.0699 0.7405 1.0000 0.0001 0.0008 0.0087 0.0937 1.0000 1.0000 0.0001 0.0012 0.0132 0.1459 1.0000 1.0000 0.0002 0.0021 0.0240 0.2728 1.0000 1.0000 0.0004 0.0043 0.0495 0.5706 1.0000 0.0001 0.0008 0.0094 0.1083 1.0000 1.0000 0.0002 0.0018 0.0207 0.2388 1.0000 1.0000 0.0003 0.0039 0.0454 0.5139 1.0000 1.0000 1.0000 0.5139 0.0454 0.0039 0.0003 1.0000 1.0000 0.2388 0.0207 0.0018 0.0002 1.0000 1.0000 0.1083 0.0094 0.0008 0.0001 1.0000 0.5706 0.0495 0.0043 0.0004 1.0000 1.0000 0.2728 0.0240 0.0021 0.0002 1.0000 1.0000 0.1459 0.0132 0.0012 0.0001 1.0000 1.0000 0.0937 0.0087 0.0008 0.0001 1.0000 0.7405 0.0699 0.0066 0.0006 1.0000 1.0000 0.5761 0.0546 0.0048
0.0551 0.6323 1.0000 1.0000 0.0007 0.0072 0.0764 0.8082 1.0000 0.0001 0.0009 0.0094 0.1003 1.0000 1.0000 0.0001 0.0012 0.0135 0.1476 1.0000 1.0000 0.0002 0.0021 0.0231 0.2602 1.0000 1.0000 0.0004 0.0040 0.0460 0.5278 1.0000 1.0000 0.0007 0.0086 0.0990 1.0000 1.0000 0.0001 0.0016 0.0189 0.2184 1.0000 1.0000 0.0003 0.0036 0.0417 0.4790 1.0000 1.0000 0.0002 1.0000 1.0000 0.4790 0.0417 0.0036 0.0003 1.0000 1.0000 0.2184 0.0189 0.0016 0.0001 1.0000 1.0000 0.0990 0.0086 0.0007 1.0000 1.0000 0.5278 0.0460 0.0040 0.0004 1.0000 1.0000 0.2602 0.0231 0.0021 0.0002 1.0000 1.0000 0.1476 0.0135 0.0012 0.0001 1.0000 1.0000 0.1003 0.0094 0.0009 0.0001 1.0000 0.8082 0.0764 0.0072 0.0007 1.0000 1.0000 0.6323 0.0551
0.6372 1.0000 0.0001 0.0008 0.0079 0.0837 0.8837 1.0000 0.0001 0.0010 0.0102 0.1085 1.0000 1.0000 0.0001 0.0013 0.0140 0.1522 1.0000 1.0000 0.0002 0.0020 0.0226 0.2528 1.0000 1.0000 0.0003 0.0038 0.0431 0.4929 1.0000 1.0000 0.0007 0.0079 0.0911 1.0000 1.0000 0.0001 0.0015 0.0173 0.1997 1.0000 1.0000 0.0003 0.0033 0.0381 0.4406 1.0000 1.0000 0.0006 0.0025 0.0006 1.0000 1.0000 0.4406 0.0381 0.0033 0.0003 1.0000 1.0000 0.1997 0.0173 0.0015 0.0001 1.0000 1.0000 0.0911 0.0079 0.0007 1.0000 1.0000 0.4929 0.0431 0.0038 0.0003 1.0000 1.0000 0.2528 0.0226 0.0020 0.0002 1.0000 1.0000 0.1522 0.0140 0.0013 0.0001 1.0000 1.0000 0.1085 0.0102 0.0010 0.0001 1.0000 0.8837 0.0837 0.0079 0.0008 0.0001 1.0000 0.6372
1.0000 0.0001 0.0008 0.0087 0.0919 0.9700 1.0000 0.0001 0.0011 0.0112 0.1182 1.0000 1.0000 0.0001 0.0014 0.0149 0.1599 1.0000 1.0000 0.0002 0.0021 0.0226 0.2504 1.0000 1.0000 0.0003 0.0036 0.0410 0.4647 1.0000 1.0000 0.0006 0.0073 0.0841 0.9663 1.0000 0.0001 0.0014 0.0158 0.1826 1.0000 1.0000 0.0003 0.0030 0.0349 0.4029 1.0000 1.0000 0.0006 0.0058 0.0261 0.0058 0.0006 1.0000 1.0000 0.4029 0.0349 0.0030 0.0003 1.0000 1.0000 0.1826 0.0158 0.0014 0.0001 1.0000 0.9663 0.0841 0.0073 0.0006 1.0000 1.0000 0.4647 0.0410 0.0036 0.0003 1.0000 1.0000 0.2504 0.0226 0.0021 0.0002 1.0000 1.0000 0.1599 0.0149 0.0014 0.0001 1.0000 1.0000 0.1182 0.0112 0.0011 0.0001 1.0000 0.9700 0.0919 0.0087 0.0008 0.0001 1.0000
0.0001 0.0009 0.0095 0.1007 1.0000 1.0000 0.0001 0.0012 0.0122 0.1290 1.0000 1.0000 0.0001 0.0015 0.0160 0.1706 1.0000 1.0000 0.0002 0.0021 0.0231 0.2528 1.0000 1.0000 0.0003 0.0035 0.0394 0.4439 1.0000 1.0000 0.0006 0.0068 0.0782 0.8956 1.0000 0.0001 0.0013 0.0145 0.1673 1.0000 1.0000 0.0002 0.0028 0.0319 0.3685 1.0000 1.0000 0.0005 0.0059 0.0617 0.2754 0.0617 0.0059 0.0005 1.0000 1.0000 0.3685 0.0319 0.0028 0.0002 1.0000 1.0000 0.1673 0.0145 0.0013 0.0001 1.0000 0.8956 0.0782 0.0068 0.0006 1.0000 1.0000 0.4439 0.0394 0.0035 0.0003 1.0000 1.0000 0.2528 0.0231 0.0021 0.0002 1.0000 1.0000 0.1706 0.0160 0.0015 0.0001 1.0000 1.0000 0.1290 0.0122 0.0012 0.0001 1.0000 1.0000 0.1007 0.0095 0.0009 0.0001
0.0009 0.0105 0.1105 1.0000 1.0000 0.0001 0.0013 0.0134 0.1410 1.0000 1.0000 0.0002 0.0016 0.0173 0.1837 1.0000 1.0000 0.0002 0.0022 0.0240 0.2602 1.0000 1.0000 0.0003 0.0035 0.0387 0.4323 1.0000 1.0000 0.0006 0.0065 0.0734 0.8363 1.0000 0.0001 0.0012 0.0134 0.1539 1.0000 1.0000 0.0002 0.0025 0.0291 0.3369 1.0000 1.0000 0.0005 0.0055 0.0627 0.6519 1.0000 0.6519 0.0627 0.0055 0.0005 1.0000 1.0000 0.3369 0.0291 0.0025 0.0002 1.0000 1.0000 0.1539 0.0134 0.0012 0.0001 1.0000 0.8363 0.0734 0.0065 0.0006 1.0000 1.0000 0.4323 0.0387 0.0035 0.0003 1.0000 1.0000 0.2602 0.0240 0.0022 0.0002 1.0000 1.0000 0.1837 0.0173 0.0016 0.0002 1.0000 1.0000 0.1410 0.0134 0.0013 0.0001 1.0000 1.0000 0.1105 0.0105 0.0009
0.0106 0.1211 1.0000 1.0000 0.0001 0.0014 0.0146 0.1545 1.0000 1.0000 0.0002 0.0018 0.0189 0.1993 1.0000 1.0000 0.0002 0.0024 0.0254 0.2728 1.0000 1.0000 0.0003 0.0035 0.0387 0.4282 1.0000 1.0000 0.0005 0.0062 0.0698 0.7914 1.0000 0.0001 0.0011 0.0124 0.1424 1.0000 1.0000 0.0002 0.0023 0.0267 0.3081 1.0000 1.0000 0.0004 0.0051 0.0586 0.6631 1.0000 1.0000 1.0000 0.6631 0.0586 0.0051 0.0004 1.0000 1.0000 0.3081 0.0267 0.0023 0.0002 1.0000 1.0000 0.1424 0.0124 0.0011 0.0001 1.0000 0.7914 0.0698 0.0062 0.0005 1.0000 1.0000 0.4282 0.0387 0.0035 0.0003 1.0000 1.0000 0.2728 0.0254 0.0024 0.0002 1.0000 1.0000 0.1993 0.0189 0.0018 0.0002 1.0000 1.0000 0.1545 0.0146 0.0014 0.0001 1.0000 1.0000 0.1211 0.0106
0.1223 1.0000 1.0000 0.0001 0.0015 0.0161 0.1696 1.0000 1.0000 0.0002 0.0019 0.0206 0.2176 1.0000 1.0000 0.0002 0.0025 0.0271 0.2899 1.0000 1.0000 0.0003 0.0036 0.0394 0.4323 1.0000 1.0000 0.0005 0.0060 0.0674 0.7590 1.0000 0.0001 0.0010 0.0116 0.1327 1.0000 1.0000 0.0002 0.0021 0.0245 0.2829 1.0000 1.0000 0.0004 0.0047 0.0538 0.6192 1.0000 1.0000 0.0003 1.0000 1.0000 0.6192 0.0538 0.0047 0.0004 1.0000 1.0000 0.2829 0.0245 0.0021 0.0002 1.0000 1.0000 0.1327 0.0116 0.0010 0.0001 1.0000 0.7590 0.0674 0.0060 0.0005 1.0000 1.0000 0.4323 0.0394 0.0036 0.0003 1.0000 1.0000 0.2899 0.0271 0.0025 0.0002 1.0000 1.0000 0.2176 0.0206 0.0019 0.0002 1.0000 1.0000 0.1696 0.0161 0.0015 0.0001 1.0000 1.0000 0.1223
1.0000 1.0000 0.0002 0.0017 0.0176 0.1858 1.0000 1.0000 0.0002 0.0021 0.0225 0.2379 1.0000 1.0000 0.0003 0.0028 0.0293 0.3117 1.0000 1.0000 0.0004 0.0038 0.0410 0.4439 1.0000 1.0000 0.0005 0.0060 0.0662 0.7391 1.0000 0.0001 0.0010 0.0110 0.1249 1.0000 1.0000 0.0002 0.0020 0.0226 0.2602 1.0000 1.0000 0.0004 0.0043 0.0493 0.5685 1.0000 0.0001 0.0007 0.0032 0.0007 0.0001 1.0000 0.5685 0.0493 0.0043 0.0004 1.0000 1.0000 0.2602 0.0226 0.0020 0.0002 1.0000 1.0000 0.1249 0.0110 0.0010 0.0001 1.0000 0.7391 0.0662 0.0060 0.0005 1.0000 1.0000 0.4439 0.0410 0.0038 0.0004 1.0000 1.0000 0.3117 0.0293 0.0028 0.0003 1.0000 1.0000 0.2379 0.0225 0.0021 0.0002 1.0000 1.0000 0.1858 0.0176 0.0017 0.0002 1.0000 1.0000
1.0000 0.0002 0.0018 0.0193 0.2036 1.0000 1.0000 0.0002 0.0023 0.0247 0.2602 1.0000 1.0000 0.0003 0.0030 0.0319 0.3376 1.0000 1.0000 0.0004 0.0040 0.0431 0.4647 1.0000 1.0000 0.0005 0.0060 0.0662 0.7321 1.0000 0.0001 0.0009 0.0105 0.1191 1.0000 1.0000 0.0002 0.0018 0.0211 0.2411 1.0000 1.0000 0.0003 0.0039 0.0451 0.5208 1.0000 1.0000 0.0007 0.0075 0.0336 0.0075 0.0007 1.0000 1.0000 0.5208 0.0451 0.0039 0.0003 1.0000 1.0000 0.2411 0.0211 0.0018 0.0002 1.0000 1.0000 0.1191 0.0105 0.0009 0.0001 1.0000 0.7321 0.0662 0.0060 0.0005 1.0000 1.0000 0.4647 0.0431 0.0040 0.0004 1.0000 1.0000 0.3376 0.0319 0.0030 0.0003 1.0000 1.0000 0.2602 0.0247 0.0023 0.0002 1.0000 1.0000 0.2036 0.0193 0.0018 0.0002 1.0000
0.0002 0.0020 0.0212 0.2234 1.0000 1.0000 0.0002 0.0026 0.0270 0.2850 1.0000 1.0000 0.0003 0.0033 0.0348 0.3678 1.0000 1.0000 0.0004 0.0043 0.0460 0.4929 1.0000 1.0000 0.0006 0.0062 0.0674 0.7391 1.0000 0.0001 0.0009 0.0103 0.1151 1.0000 1.0000 0.0002 0.0017 0.0197 0.2251 1.0000 1.0000 0.0003 0.0036 0.0414 0.4781 1.0000 1.0000 0.0007 0.0077 0.0797 0.3554 0.0797 0.0077 0.0007 1.0000 1.0000 0.4781 0.0414 0.0036 0.0003 1.0000 1.0000 0.2251 0.0197 0.0017 0.0002 1.0000 1.0000 0.1151 0.0103 0.0009 0.0001 1.0000 0.7391 0.0674 0.0062 0.0006 1.0000 1.0000 0.4929 0.0460 0.0043 0.0004 1.0000 1.0000 0.3678 0.0348 0.0033 0.0003 1.0000 1.0000 0.2850 0.0270 0.0026 0.0002 1.0000 1.0000 0.2234 0.0212 0.0020 0.0002
0.0020 0.0232 0.2448 1.0000 1.0000 0.0003 0.0028 0.0296 0.3129 1.0000 1.0000 0.0003 0.0036 0.0380 0.4021 1.0000 1.0000 0.0004 0.0047 0.0495 0.5278 1.0000 1.0000 0.0006 0.0065 0.0698 0.7590 1.0000 0.0001 0.0009 0.0102 0.1131 1.0000 1.0000 0.0001 0.0017 0.0187 0.2123 1.0000 1.0000 0.0003 0.0033 0.0383 0.4406 1.0000 1.0000 0.0006 0.0072 0.0811 0.8427 1.0000 0.8427 0.0811 0.0072 0.0006 1.0000 1.0000 0.4406 0.0383 0.0033 0.0003 1.0000 1.0000 0.2123 0.0187 0.0017 0.0001 1.0000 1.0000 0.1131 0.0102 0.0009 0.0001 1.0000 0.7590 0.0698 0.0065 0.0006 1.0000 1.0000 0.5278 0.0495 0.0047 0.0004 1.0000 1.0000 0.4021 0.0380 0.0036 0.0003 1.0000 1.0000 0.3129 0.0296 0.0028 0.0003 1.0000 1.0000 0.2448 0.0232 0.0020
0.0234 0.2687 1.0000 1.0000 0.0003 0.0031 0.0325 0.3428 1.0000 1.0000 0.0004 0.0039 0.0416 0.4397 1.0000 1.0000 0.0005 0.0051 0.0538 0.5706 1.0000 1.0000 0.0006 0.0068 0.0734 0.7914 1.0000 0.0001 0.0009 0.0103 0.1131 1.0000 1.0000 0.0001 0.0016 0.0180 0.2028 1.0000 1.0000 0.0003 0.0031 0.0357 0.4083 1.0000 1.0000 0.0006 0.0066 0.0757 0.8572 1.0000 1.0000 1.0000 0.8572 0.0757 0.0066 0.0006 1.0000 1.0000 0.4083 0.0357 0.0031 0.0003 1.0000 1.0000 0.2028 0.0180 0.0016 0.0001 1.0000 1.0000 0.1131 0.0103 0.0009 0.0001 1.0000 0.7914 0.0734 0.0068 0.0006 1.0000 1.0000 0.5706 0.0538 0.0051 0.0005 1.0000 1.0000 0.4397 0.0416 0.0039 0.0004 1.0000 1.0000 0.3428 0.0325 0.0031 0.0003 1.0000 1.0000 0.2687 0.0234
0.2713 1.0000 1.0000 0.0003 0.0034 0.0356 0.3755 1.0000 1.0000 0.0004 0.0043 0.0455 0.4809 1.0000 1.0000 0.0005 0.0056 0.0587 0.6216 1.0000 1.0000 0.0007 0.0073 0.0782 0.8363 1.0000 0.0001 0.0010 0.0105 0.1151 1.0000 1.0000 0.0001 0.0016 0.0175 0.1963 1.0000 1.0000 0.0003 0.0029 0.0335 0.3820 1.0000 1.0000 0.0005 0.0061 0.0700 0.8036 1.0000 0.0001 0.0004 0.0001 1.0000 0.8036 0.0700 0.0061 0.0005 1.0000 1.0000 0.3820 0.0335 0.0029 0.0003 1.0000 1.0000 0.1963 0.0175 0.0016 0.0001 1.0000 1.0000 0.1151 0.0105 0.0010 0.0001 1.0000 0.8363 0.0782 0.0073 0.0007 1.0000 1.0000 0.6216 0.0587 0.0056 0.0005 1.0000 1.0000 0.4809 0.0455 0.0043 0.0004 1.0000 1.0000 0.3755 0.0356 0.0034 0.0003 1.0000 1.0000 0.2713
1.0000 1.0000 0.0004 0.0037 0.0391 0.4122 1.0000 1.0000 0.0004 0.0047 0.0498 0.5258 1.0000 1.0000 0.0006 0.0061 0.0642 0.6784 1.0000 0.0001 0.0007 0.0079 0.0841 0.8956 1.0000 0.0001 0.0010 0.0110 0.1191 1.0000 1.0000 0.0001 0.0016 0.0174 0.1930 1.0000 1.0000 0.0003 0.0028 0.0318 0.3608 1.0000 1.0000 0.0005 0.0057 0.0649 0.7447 1.0000 0.0001 0.0009 0.0041 0.0009 0.0001 1.0000 0.7447 0.0649 0.0057 0.0005 1.0000 1.0000 0.3608 0.0318 0.0028 0.0003 1.0000 1.0000 0.1930 0.0174 0.0016 0.0001 1.0000 1.0000 0.1191 0.0110 0.0010 0.0001 1.0000 0.8956 0.0841 0.0079 0.0007 0.0001 1.0000 0.6784 0.0642 0.0061 0.0006 1.0000 1.0000 0.5258 0.0498 0.0047 0.0004 1.0000 1.0000 0.4122 0.0391 0.0037 0.0004 1.0000 1.0000
1.0000 0.0004 0.0041 0.0428 0.4516 1.0000 1.0000 0.0005 0.0052 0.0546 0.5761 1.0000 1.0000 0.0006 0.0066 0.0702 0.7419 1.0000 0.0001 0.0008 0.0086 0.0911 0.9663 1.0000 0.0001 0.0011 0.0116 0.1249 1.0000 1.0000 0.0001 0.0016 0.0175 0.1930 1.0000 1.0000 0.0002 0.0027 0.0306 0.3447 1.0000 1.0000 0.0005 0.0053 0.0605 0.6928 1.0000 0.0001 0.0009 0.0098 0.0437 0.0098 0.0009 0.0001 1.0000 0.6928 0.0605 0.0053 0.0005 1.0000 1.0000 0.3447 0.0306 0.0027 0.0002 1.0000 1.0000 0.1930 0.0175 0.0016 0.0001 1.0000 1.0000 0.1249 0.0116 0.0011 0.0001 1.0000 0.9663 0.0911 0.0086 0.0008 0.0001 1.0000 0.7419 0.0702 0.0066 0.0006 1.0000 1.0000 0.5761 0.0546 0.0052 0.0005 1.0000 1.0000 0.4516 0.0428 0.0041 0.0004 1.0000
0.0004 0.0045 0.0470 0.4957 1.0000 1.0000 0.0005 0.0057 0.0599 0.6323 1.0000 1.0000 0.0007 0.0073 0.0767 0.8112 1.0000 0.0001 0.0009 0.0094 0.0990 1.0000 1.0000 0.0001 0.0012 0.0124 0.1327 1.0000 1.0000 0.0002 0.0017 0.0180 0.1963 1.0000 1.0000 0.0002 0.0027 0.0299 0.3344 1.0000 1.0000 0.0004 0.0050 0.0569 0.6482 1.0000 0.0001 0.0009 0.0101 0.1040 0.4638 0.1040 0.0101 0.0009 0.0001 1.0000 0.6482 0.0569 0.0050 0.0004 1.0000 1.0000 0.3344 0.0299 0.0027 0.0002 1.0000 1.0000 0.1963 0.0180 0.0017 0.0002 1.0000 1.0000 0.1327 0.0124 0.0012 0.0001 1.0000 1.0000 0.0990 0.0094 0.0009 0.0001 1.0000 0.8112 0.0767 0.0073 0.0007 1.0000 1.0000 0.6323 0.0599 0.0057 0.0005 1.0000 1.0000 0.4957 0.0470 0.0045 0.0004
0.0045 0.0515 0.5431 1.0000 1.0000 0.0006 0.0062 0.0657 0.6928 1.0000 0.0001 0.0008 0.0080 0.0839 0.8871 1.0000 0.0001 0.0010 0.0102 0.1083 1.0000 1.0000 0.0001 0.0013 0.0134 0.1424 1.0000 1.0000 0.0002 0.0017 0.0187 0.2028 1.0000 1.0000 0.0002 0.0027 0.0296 0.3293 1.0000 1.0000 0.0004 0.0048 0.0541 0.6134 1.0000 0.0001 0.0008 0.0095 0.1072 1.0000 1.0000 1.0000 0.1072 0.0095 0.0008 0.0001 1.0000 0.6134 0.0541 0.0048 0.0004 1.0000 1.0000 0.3293 0.0296 0.0027 0.0002 1.0000 1.0000 0.2028 0.0187 0.0017 0.0002 1.0000 1.0000 0.1424 0.0134 0.0013 0.0001 1.0000 1.0000 0.1083 0.0102 0.0010 0.0001 1.0000 0.8871 0.0839 0.0080 0.0008 0.0001 1.0000 0.6928 0.0657 0.0062 0.0006 1.0000 1.0000 0.5431 0.0515 0.0045
0.0520 0.5961 1.0000 1.0000 0.0006 0.0068 0.0721 0.7604 1.0000 0.0001 0.0008 0.0087 0.0919 0.9700 1.0000 0.0001 0.0011 0.0112 0.1184 1.0000 1.0000 0.0001 0.0014 0.0145 0.1539 1.0000 1.0000 0.0002 0.0018 0.0197 0.2123 1.0000 1.0000 0.0003 0.0027 0.0299 0.3293 1.0000 1.0000 0.0004 0.0046 0.0522 0.5871 1.0000 0.0001 0.0008 0.0090 0.1021 1.0000 1.0000 1.0000 1.0000 1.0000 0.1021 0.0090 0.0008 0.0001 1.0000 0.5871 0.0522 0.0046 0.0004 1.0000 1.0000 0.3293 0.0299 0.0027 0.0003 1.0000 1.0000 0.2123 0.0197 0.0018 0.0002 1.0000 1.0000 0.1539 0.0145 0.0014 0.0001 1.0000 1.0000 0.1184 0.0112 0.0011 0.0001 1.0000 0.9700 0.0919 0.0087 0.0008 0.0001 1.0000 0.7604 0.0721 0.0068 0.0006 1.0000 1.0000 0.5961 0.0520
0.6007 1.0000 1.0000 0.0007 0.0075 0.0790 0.8331 1.0000 0.0001 0.0009 0.0095 0.1007 1.0000 1.0000 0.0001 0.0012 0.0122 0.1295 1.0000 1.0000 0.0001 0.0015 0.0158 0.1673 1.0000 1.0000 0.0002 0.0020 0.0211 0.2251 1.0000 1.0000 0.0003 0.0028 0.0306 0.3344 1.0000 1.0000 0.0004 0.0046 0.0509 0.5695 1.0000 1.0000 0.0008 0.0085 0.0966 1.0000 1.0000 0.0001 0.0005 0.0001 1.0000 1.0000 0.0966 0.0085 0.0008 1.0000 1.0000 0.5695 0.0509 0.0046 0.0004 1.0000 1.0000 0.3344 0.0306 0.0028 0.0003 1.0000 1.0000 0.2251 0.0211 0.0020 0.0002 1.0000 1.0000 0.1673 0.0158 0.0015 0.0001 1.0000 1.0000 0.1295 0.0122 0.0012 0.0001 1.0000 1.0000 0.1007 0.0095 0.0009 0.0001 1.0000 0.8331 0.0790 0.0075 0.0007 1.0000 1.0000 0.6007
1.0000 0.0001 0.0008 0.0082 0.0867 0.9145 1.0000 0.0001 0.0010 0.0105 0.1105 1.0000 1.0000 0.0001 0.0013 0.0134 0.1416 1.0000 1.0000 0.0002 0.0016 0.0173 0.1826 1.0000 1.0000 0.0002 0.0021 0.0226 0.2411 1.0000 1.0000 0.0003 0.0029 0.0318 0.3447 1.0000 1.0000 0.0004 0.0046 0.0505 0.5599 1.0000 1.0000 0.0007 0.0081 0.0919 1.0000 1.0000 0.0001 0.0012 0.0056 0.0012 0.0001 1.0000 1.0000 0.0919 0.0081 0.0007 1.0000 1.0000 0.5599 0.0505 0.0046 0.0004 1.0000 1.0000 0.3447 0.0318 0.0029 0.0003 1.0000 1.0000 0.2411 0.0226 0.0021 0.0002 1.0000 1.0000 0.1826 0.0173 0.0016 0.0002 1.0000 1.0000 0.1416 0.0134 0.0013 0.0001 1.0000 1.0000 0.1105 0.0105 0.0010 0.0001 1.0000 0.9145 0.0867 0.0082 0.0008 0.0001 1.0000
0.0001 0.0009 0.0090 0.0949 1.0000 1.0000 0.0001 0.0011 0.0115 0.1211 1.0000 1.0000 0.0001 0.0014 0.0147 0.1548 1.0000 1.0000 0.0002 0.0018 0.0189 0.1997 1.0000 1.0000 0.0002 0.0023 0.0245 0.2602 1.0000 1.0000 0.0003 0.0031 0.0335 0.3608 1.0000 1.0000 0.0004 0.0046 0.0509 0.5599 1.0000 1.0000 0.0007 0.0079 0.0887 0.9981 1.0000 0.0001 0.0013 0.0134 0.0596 0.0134 0.0013 0.0001 1.0000 0.9981 0.0887 0.0079 0.0007 1.0000 1.0000 0.5599 0.0509 0.0046 0.0004 1.0000 1.0000 0.3608 0.0335 0.0031 0.0003 1.0000 1.0000 0.2602 0.0245 0.0023 0.0002 1.0000 1.0000 0.1997 0.0189 0.0018 0.0002 1.0000 1.0000 0.1548 0.0147 0.0014 0.0001 1.0000 1.0000 0.1211 0.0115 0.0011 0.0001 1.0000 1.0000 0.0949 0.0090 0.0009 0.0001
0.0009 0.0099 0.1040 1.0000 1.0000 0.0001 0.0012 0.0126 0.1329 1.0000 1.0000 0.0001 0.0015 0.0161 0.1696 1.0000 1.0000 0.0002 0.0020 0.0207 0.2184 1.0000 1.0000 0.0002 0.0025 0.0267 0.2829 1.0000 1.0000 0.0003 0.0033 0.0357 0.3820 1.0000 1.0000 0.0004 0.0048 0.0522 0.5695 1.0000 1.0000 0.0007 0.0078 0.0867 0.9682 1.0000 0.0001 0.0013 0.0141 0.1445 0.6408 0.1445 0.0141 0.0013 0.0001 1.0000 0.9682 0.0867 0.0078 0.0007 1.0000 1.0000 0.5695 0.0522 0.0048 0.0004 1.0000 1.0000 0.3820 0.0357 0.0033 0.0003 1.0000 1.0000 0.2829 0.0267 0.0025 0.0002 1.0000 1.0000 0.2184 0.0207 0.0020 0.0002 1.0000 1.0000 0.1696 0.0161 0.0015 0.0001 1.0000 1.0000 0.1329 0.0126 0.0012 0.0001 1.0000 1.0000 0.1040 0.0099 0.0009
0.0100 0.1142 1.0000 1.0000 0.0001 0.0013 0.0138 0.1457 1.0000 1.0000 0.0002 0.0017 0.0176 0.1858 1.0000 1.0000 0.0002 0.0021 0.0226 0.2388 1.0000 1.0000 0.0003 0.0028 0.0291 0.3081 1.0000 1.0000 0.0003 0.0036 0.0383 0.4083 1.0000 1.0000 0.0005 0.0050 0.0541 0.5871 1.0000 1.0000 0.0007 0.0078 0.0860 0.9536 1.0000 0.0001 0.0012 0.0138 0.1527 1.0000 1.0000 1.0000 0.1527 0.0138 0.0012 0.0001 1.0000 0.9536 0.0860 0.0078 0.0007 1.0000 1.0000 0.5871 0.0541 0.0050 0.0005 1.0000 1.0000 0.4083 0.0383 0.0036 0.0003 1.0000 1.0000 0.3081 0.0291 0.0028 0.0003 1.0000 1.0000 0.2388 0.0226 0.0021 0.0002 1.0000 1.0000 0.1858 0.0176 0.0017 0.0002 1.0000 1.0000 0.1457 0.0138 0.0013 0.0001 1.0000 1.0000 0.1142 0.0100
0.1153 1.0000 1.0000 0.0001 0.0014 0.0152 0.1599 1.0000 1.0000 0.0002 0.0018 0.0193 0.2039 1.0000 1.0000 0.0002 0.0023 0.0247 0.2611 1.0000 1.0000 0.0003 0.0030 0.0319 0.3369 1.0000 1.0000 0.0004 0.0039 0.0414 0.4406 1.0000 1.0000 0.0005 0.0053 0.0569 0.6134 1.0000 1.0000 0.0007 0.0079 0.0867 0.9536 1.0000 0.0001 0.0012 0.0134 0.1502 1.0000 1.0000 1.0000 1.0000 1.0000 0.1502 0.0134 0.0012 0.0001 1.0000 0.9536 0.0867 0.0079 0.0007 1.0000 1.0000 0.6134 0.0569 0.0053 0.0005 1.0000 1.0000 0.4406 0.0414 0.0039 0.0004 1.0000 1.0000 0.3369 0.0319 0.0030 0.0003 1.0000 1.0000 0.2611 0.0247 0.0023 0.0002 1.0000 1.0000 0.2039 0.0193 0.0018 0.0002 1.0000 1.0000 0.1599 0.0152 0.0014 0.0001 1.0000 1.0000 0.1153
1.0000 1.0000 0.0001 0.0016 0.0166 0.1752 1.0000 1.0000 0.0002 0.0020 0.0212 0.2234 1.0000 1.0000 0.0002 0.0026 0.0271 0.2856 1.0000 1.0000 0.0003 0.0033 0.0349 0.3685 1.0000 1.0000 0.0004 0.0043 0.0451 0.4781 1.0000 1.0000 0.0005 0.0057 0.0605 0.6482 1.0000 0.0001 0.0008 0.0081 0.0887 0.9682 1.0000 0.0001 0.0012 0.0132 0.1470 1.0000 1.0000 0.0002 0.0007 0.0002 1.0000 1.0000 0.1470 0.0132 0.0012 0.0001 1.0000 0.9682 0.0887 0.0081 0.0008 0.0001 1.0000 0.6482 0.0605 0.0057 0.0005 1.0000 1.0000 0.4781 0.0451 0.0043 0.0004 1.0000 1.0000 0.3685 0.0349 0.0033 0.0003 1.0000 1.0000 0.2856 0.0271 0.0026 0.0002 1.0000 1.0000 0.2234 0.0212 0.0020 0.0002 1.0000 1.0000 0.1752 0.0166 0.0016 0.0001 1.0000 1.0000
1.0000 0.0002 0.0017 0.0182 0.1919 1.0000 1.0000 0.0002 0.0022 0.0232 0.2453 1.0000 1.0000 0.0003 0.0028 0.0296 0.3129 1.0000 1.0000 0.0003 0.0036 0.0381 0.4029 1.0000 1.0000 0.0004 0.0047 0.0493 0.5208 1.0000 1.0000 0.0006 0.0061 0.0649 0.6928 1.0000 0.0001 0.0008 0.0085 0.0919 0.9981 1.0000 0.0001 0.0012 0.0132 0.1462 1.0000 1.0000 0.0002 0.0018 0.0082 0.0018 0.0002 1.0000 1.0000 0.1462 0.0132 0.0012 0.0001 1.0000 0.9981 0.0919 0.0085 0.0008 0.0001 1.0000 0.6928 0.0649 0.0061 0.0006 1.0000 1.0000 0.5208 0.0493 0.0047 0.0004 1.0000 1.0000 0.4029 0.0381 0.0036 0.0003 1.0000 1.0000 0.3129 0.0296 0.0028 0.0003 1.0000 1.0000 0.2453 0.0232 0.0022 0.0002 1.0000 1.0000 0.1919 0.0182 0.0017 0.0002 1.0000
0.0002 0.0019 0.0199 0.2102 1.0000 1.0000 0.0002 0.0024 0.0254 0.2682 1.0000 1.0000 0.0003 0.0031 0.0325 0.3428 1.0000 1.0000 0.0004 0.0039 0.0417 0.4406 1.0000 1.0000 0.0005 0.0051 0.0538 0.5685 1.0000 1.0000 0.0006 0.0066 0.0700 0.7447 1.0000 0.0001 0.0008 0.0090 0.0966 1.0000 1.0000 0.0001 0.0012 0.0134 0.1470 1.0000 1.0000 0.0002 0.0020 0.0202 0.0890 0.0202 0.0020 0.0002 1.0000 1.0000 0.1470 0.0134 0.0012 0.0001 1.0000 1.0000 0.0966 0.0090 0.0008 0.0001 1.0000 0.7447 0.0700 0.0066 0.0006 1.0000 1.0000 0.5685 0.0538 0.0051 0.0005 1.0000 1.0000 0.4406 0.0417 0.0039 0.0004 1.0000 1.0000 0.3428 0.0325 0.0031 0.0003 1.0000 1.0000 0.2682 0.0254 0.0024 0.0002 1.0000 1.0000 0.2102 0.0199 0.0019 0.0002
0.0019 0.0218 0.2295 1.0000 1.0000 0.0002 0.0026 0.0278 0.2933 1.0000 1.0000 0.0003 0.0034 0.0355 0.3741 1.0000 1.0000 0.0004 0.0043 0.0454 0.4790 1.0000 1.0000 0.0005 0.0055 0.0586 0.6192 1.0000 1.0000 0.0007 0.0072 0.0757 0.8036 1.0000 0.0001 0.0009 0.0095 0.1021 1.0000 1.0000 0.0001 0.0013 0.0138 0.1502 1.0000 1.0000 0.0002 0.0020 0.0220 0.2213 0.9719 0.2213 0.0220 0.0020 0.0002 1.0000 1.0000 0.1502 0.0138 0.0013 0.0001 1.0000 1.0000 0.1021 0.0095 0.0009 0.0001 1.0000 0.8036 0.0757 0.0072 0.0007 1.0000 1.0000 0.6192 0.0586 0.0055 0.0005 1.0000 1.0000 0.4790 0.0454 0.0043 0.0004 1.0000 1.0000 0.3741 0.0355 0.0034 0.0003 1.0000 1.0000 0.2933 0.0278 0.0026 0.0002 1.0000 1.0000 0.2295 0.0218 0.0019
0.0215 0.2467 1.0000 1.0000 0.0003 0.0028 0.0298 0.3146 1.0000 1.0000 0.0003 0.0036 0.0381 0.4021 1.0000 1.0000 0.0004 0.0046 0.0487 0.5139 1.0000 1.0000 0.0006 0.0059 0.0627 0.6631 1.0000 0.0001 0.0007 0.0077 0.0811 0.8572 1.0000 0.0001 0.0009 0.0101 0.1072 1.0000 1.0000 0.0001 0.0013 0.0141 0.1527 1.0000 1.0000 0.0002 0.0020 0.0220 0.2384 1.0000 1.0000 1.0000 0.2384 0.0220 0.0020 0.0002 1.0000 1.0000 0.1527 0.0141 0.0013 0.0001 1.0000 1.0000 0.1072 0.0101 0.0009 0.0001 1.0000 0.8572 0.0811 0.0077 0.0007 0.0001 1.0000 0.6631 0.0627 0.0059 0.0006 1.0000 1.0000 0.5139 0.0487 0.0046 0.0004 1.0000 1.0000 0.4021 0.0381 0.0036 0.0003 1.0000 1.0000 0.3146 0.0298 0.0028 0.0003 1.0000 1.0000 0.2467 0.0215
0.2217 1.0000 1.0000 0.0003 0.0028 0.0294 0.3105 1.0000 1.0000 0.0003 0.0036 0.0375 0.3961 1.0000 1.0000 0.0004 0.0045 0.0479 0.5062 1.0000 1.0000 0.0006 0.0058 0.0617 0.6519 1.0000 1.0000 0.0007 0.0075 0.0797 0.8427 1.0000 0.0001 0.0009 0.0098 0.1040 1.0000 1.0000 0.0001 0.0012 0.0134 0.1445 1.0000 1.0000 0.0002 0.0018 0.0202 0.2213 1.0000 1.0000 0.0001 1.0000 1.0000 0.2213 0.0202 0.0018 0.0002 1.0000 1.0000 0.1445 0.0134 0.0012 0.0001 1.0000 1.0000 0.1040 0.0098 0.0009 0.0001 1.0000 0.8427 0.0797 0.0075 0.0007 1.0000 1.0000 0.6519 0.0617 0.0058 0.0006 1.0000 1.0000 0.5062 0.0479 0.0045 0.0004 1.0000 1.0000 0.3961 0.0375 0.0036 0.0003 1.0000 1.0000 0.3105 0.0294 0.0028 0.0003 1.0000 1.0000 0.2217
1.0000 1.0000 0.0001 0.0012 0.0124 0.1312 1.0000 1.0000 0.0001 0.0015 0.0159 0.1677 1.0000 1.0000 0.0002 0.0019 0.0203 0.2139 1.0000 1.0000 0.0002 0.0025 0.0261 0.2754 1.0000 1.0000 0.0003 0.0032 0.0336 0.3554 1.0000 1.0000 0.0004 0.0041 0.0437 0.4638 1.0000 1.0000 0.0005 0.0056 0.0596 0.6408 1.0000 1.0000 0.0007 0.0082 0.0890 0.9719 1.0000 0.0001 0.0004 0.0001 1.0000 0.9719 0.0890 0.0082 0.0007 1.0000 1.0000 0.6408 0.0596 0.0056 0.0005 1.0000 1.0000 0.4638 0.0437 0.0041 0.0004 1.0000 1.0000 0.3554 0.0336 0.0032 0.0003 1.0000 1.0000 0.2754 0.0261 0.0025 0.0002 1.0000 1.0000 0.2139 0.0203 0.0019 0.0002 1.0000 1.0000 0.1677 0.0159 0.0015 0.0001 1.0000 1.0000 0.1312 0.0124 0.0012 0.0001 1.0000 1.0000
0.2217 1.0000 1.0000 0.0003 0.0028 0.0294 0.3105 1.0000 1.0000 0.0003 0.0036 0.0375 0.3961 1.0000 1.0000 0.0004 0.0045 0.0479 0.5062 1.0000 1.0000 0.0006 0.0058 0.0617 0.6519 1.0000 1.0000 0.0007 0.0075 0.0797 0.8427 1.0000 0.0001 0.0009 0.0098 0.1040 1.0000 1.0000 0.0001 0.0012 0.0134 0.1445 1.0000 1.0000 0.0002 0.0018 0.0202 0.2213 1.0000 1.0000 0.0001 1.0000 1.0000 0.2213 0.0202 0.0018 0.0002 1.0000 1.0000 0.1445 0.0134 0.0012 0.0001 1.0000 1.0000 0.1040 0.0098 0.0009 0.0001 1.0000 0.8427 0.0797 0.0075 0.0007 1.0000 1.0000 0.6519 0.0617 0.0058 0.0006 1.0000 1.0000 0.5062 0.0479 0.0045 0.0004 1.0000 1.0000 0.3961 0.0375 0.0036 0.0003 1.0000 1.0000 0.3105 0.0294 0.0028 0.0003 1.0000 1.0000 0.2217
0.0215 0.2467 1.0000 1.0000 0.0003 0.0028 0.0298 0.3146 1.0000 1.0000 0.0003 0.0036 0.0381 0.4021 1.0000 1.0000 0.0004 0.0046 0.0487 0.5139 1.0000 1.0000 0.0006 0.0059 0.0627 0.6631 1.0000 0.0001 0.0007 0.0077 0.0811 0.8572 1.0000 0.0001 0.0009 0.0101 0.1072 1.0000 1.0000 0.0001 0.0013 0.0141 0.1527 1.0000 1.0000 0.0002 0.0020 0.0220 0.2384 1.0000 1.0000 1.0000 0.2384 0.0220 0.0020 0.0002 1.0000 1.0000 0.1527 0.0141 0.0013 0.0001 1.0000 1.0000 0.1072 0.0101 0.0009 0.0001 1.0000 0.8572 0.0811 0.0077 0.0007 0.0001 1.0000 0.6631 0.0627 0.0059 0.0006 1.0000 1.0000 0.5139 0.0487 0.0046 0.0004 1.0000 1.0000 0.4021 0.0381 0.0036 0.0003 1.0000 1.0000 0.3146 0.0298 0.0028 0.0003 1.0000 1.0000 0.2467 0.0215
0.0019 0.0218 0.2295 1.0000 1.0000 0.0002 0.0026 0.0278 0.2933 1.0000 1.0000 0.0003 0.0034 0.0355 0.3741 1.0000 1.0000 0.0004 0.0043 0.0454 0.4790 1.0000 1.0000 0.0005 0.0055 0.0586 0.6192 1.0000 1.0000 0.0007 0.0072 0.0757 0.8036 1.0000 0.0001 0.0009 0.0095 0.1021 1.0000 1.0000 0.0001 0.0013 0.0138 0.1502 1.0000 1.0000 0.0002 0.0020 0.0220 0.2213 0.9719 0.2213 0.0220 0.0020 0.0002 1.0000 1.0000 0.1502 0.0138 0.0013 0.0001 1.0000 1.0000 0.1021 0.0095 0.0009 0.0001 1.0000 0.8036 0.0757 0.0072 0.0007 1.0000 1.0000 0.6192 0.0586 0.0055 0.0005 1.0000 1.0000 0.4790 0.0454 0.0043 0.0004 1.0000 1.0000 0.3741 0.0355 0.0034 0.0003 1.0000 1.0000 0.2933 0.0278 0.0026 0.0002 1.0000 1.0000 0.2295 0.0218 0.0019
0.0002 0.0019 0.0199 0.2102 1.0000 1.0000 0.0002 0.0024 0.0254 0.2682 1.0000 1.0000 0.0003 0.0031 0.0325 0.3428 1.0000 1.0000 0.0004 0.0039 0.0417 0.4406 1.0000 1.0000 0.0005 0.0051 0.0538 0.5685 1.0000 1.0000 0.0006 0.0066 0.0700 0.7447 1.0000 0.0001 0.0008 0.0090 0.0966 1.0000 1.0000 0.0001 0.0012 0.0134 0.1470 1.0000 1.0000 0.0002 0.0020 0.0202 0.0890 0.0202 0.0020 0.0002 1.0000 1.0000 0.1470 0.0134 0.0012 0.0001 1.0000 1.0000 0.0966 0.0090 0.0008 0.0001 1.0000 0.7447 0.0700 0.0066 0.0006 1.0000 1.0000 0.5685 0.0538 0.0051 0.0005 1.0000 1.0000 0.4406 0.0417 0.0039 0.0004 1.0000 1.0000 0.3428 0.0325 0.0031 0.0003 1.0000 1.0000 0.2682 0.0254 0.0024 0.0002 1.0000 1.0000 0.2102 0.0199 0.0019 0.0002
1.0000 0.0002 0.0017 0.0182 0.1919 1.0000 1.0000 0.0002 0.0022 0.0232 0.2453 1.0000 1.0000 0.0003 0.0028 0.0296 0.3129 1.0000 1.0000 0.0003 0.0036 0.0381 0.4029 1.0000 1.0000 0.0004 0.0047 0.0493 0.5208 1.0000 1.0000 0.0006 0.0061 0.0649 0.6928 1.0000 0.0001 0.0008 0.0085 0.0919 0.9981 1.0000 0.0001 0.0012 0.0132 0.1462 1.0000 1.0000 0.0002 0.0018 0.0082 0.0018 0.0002 1.0000 1.0000 0.1462 0.0132 0.0012 0.0001 1.0000 0.9981 0.0919 0.0085 0.0008 0.0001 1.0000 0.6928 0.0649 0.0061 0.0006 1.0000 1.0000 0.5208 0.0493 0.0047 0.0004 1.0000 1.0000 0.4029 0.0381 0.0036 0.0003 1.0000 1.0000 0.3129 0.0296 0.0028 0.0003 1.0000 1.0000 0.2453 0.0232 0.0022 0.0002 1.0000 1.0000 0.1919 0.0182 0.0017 0.0002 1.0000
