0.2015 0.3190 0.5050 0.4116 0.1641 0.1598 0.2264 0.3840 0.5038 0.3207 0.1525 0.1739 0.2657 0.4556 0.4743 0.2147 0.1518 0.1949 0.3159 0.5036 0.4165 0.1656 0.1590 0.2240 0.3789 0.5050 0.3284 0.1530 0.1726 0.2624 0.4505 0.4774 0.2216 0.1516 0.1931 0.3118 0.5019 0.4218 0.1673 0.1582 0.2215 0.3738 0.5060 0.3359 0.1534 0.1713 0.2592 0.4448 0.4814 0.2493 0.1530 0.2493 0.4814 0.4448 0.2592 0.1713 0.1534 0.3359 0.5060 0.3738 0.2215 0.1582 0.1673 0.4218 0.5019 0.3118 0.1931 0.1516 0.2216 0.4774 0.4505 0.2624 0.1726 0.1530 0.3284 0.5050 0.3789 0.2240 0.1590 0.1656 0.4165 0.5036 0.3159 0.1949 0.1518 0.2147 0.4743 0.4556 0.2657 0.1739 0.1525 0.3207 0.5038 0.3840 0.2264 0.1598 0.1641 0.4116 0.5050 0.3190 0.2015
0.3190 0.5072 0.4140 0.1547 0.1494 0.2195 0.3814 0.5056 0.3264 0.1413 0.1645 0.2598 0.4548 0.4768 0.2161 0.1402 0.1866 0.3115 0.5047 0.4208 0.1567 0.1484 0.2168 0.3761 0.5067 0.3341 0.1418 0.1631 0.2565 0.4495 0.4798 0.2238 0.1399 0.1847 0.3073 0.5029 0.4260 0.1588 0.1475 0.2142 0.3709 0.5076 0.3416 0.1424 0.1618 0.2532 0.4441 0.4829 0.2354 0.1381 0.1519 0.1381 0.2354 0.4829 0.4441 0.2532 0.1618 0.1424 0.3416 0.5076 0.3709 0.2142 0.1475 0.1588 0.4260 0.5029 0.3073 0.1847 0.1399 0.2238 0.4798 0.4495 0.2565 0.1631 0.1418 0.3341 0.5067 0.3761 0.2168 0.1484 0.1567 0.4208 0.5047 0.3115 0.1866 0.1402 0.2161 0.4768 0.4548 0.2598 0.1645 0.1413 0.3264 0.5056 0.3814 0.2195 0.1494 0.1547 0.4140 0.5072 0.3190
0.5050 0.4140 0.1558 0.1486 0.2164 0.3743 0.5070 0.3377 0.1421 0.1624 0.2547 0.4465 0.4814 0.2281 0.1398 0.1836 0.3049 0.5016 0.4288 0.1600 0.1471 0.2128 0.3679 0.5080 0.3457 0.1427 0.1611 0.2513 0.4411 0.4842 0.2363 0.1396 0.1818 0.3007 0.4992 0.4337 0.1624 0.1463 0.2103 0.3628 0.5087 0.3530 0.1434 0.1598 0.2481 0.4356 0.4868 0.2452 0.1392 0.1739 0.2273 0.1739 0.1392 0.2452 0.4868 0.4356 0.2481 0.1598 0.1434 0.3530 0.5087 0.3628 0.2103 0.1463 0.1624 0.4337 0.4992 0.3007 0.1818 0.1396 0.2363 0.4842 0.4411 0.2513 0.1611 0.1427 0.3457 0.5080 0.3679 0.2128 0.1471 0.1600 0.4288 0.5016 0.3049 0.1836 0.1398 0.2281 0.4814 0.4465 0.2547 0.1624 0.1421 0.3377 0.5070 0.3743 0.2164 0.1486 0.1558 0.4140 0.5050
0.4116 0.1547 0.1486 0.2152 0.3701 0.5080 0.3468 0.1429 0.1606 0.2499 0.4384 0.4855 0.2406 0.1395 0.1808 0.2985 0.4978 0.4363 0.1639 0.1458 0.2090 0.3599 0.5091 0.3570 0.1438 0.1592 0.2463 0.4326 0.4882 0.2492 0.1395 0.1790 0.2944 0.4949 0.4410 0.1667 0.1451 0.2066 0.3549 0.5096 0.3640 0.1446 0.1580 0.2432 0.4270 0.4906 0.2577 0.1394 0.1763 0.2802 0.3973 0.2802 0.1763 0.1394 0.2577 0.4906 0.4270 0.2432 0.1580 0.1446 0.3640 0.5096 0.3549 0.2066 0.1451 0.1667 0.4410 0.4949 0.2944 0.1790 0.1395 0.2492 0.4882 0.4326 0.2463 0.1592 0.1438 0.3570 0.5091 0.3599 0.2090 0.1458 0.1639 0.4363 0.4978 0.2985 0.1808 0.1395 0.2406 0.4855 0.4384 0.2499 0.1606 0.1429 0.3468 0.5080 0.3701 0.2152 0.1486 0.1547 0.4116
0.1641 0.1494 0.2164 0.3701 0.5083 0.3521 0.1436 0.1592 0.2458 0.4310 0.4891 0.2529 0.1394 0.1782 0.2923 0.4933 0.4435 0.1684 0.1447 0.2053 0.3521 0.5098 0.3678 0.1450 0.1573 0.2415 0.4240 0.4919 0.2623 0.1394 0.1764 0.2882 0.4898 0.4480 0.1719 0.1440 0.2030 0.3472 0.5100 0.3745 0.1459 0.1562 0.2385 0.4184 0.4941 0.2708 0.1395 0.1745 0.2826 0.4759 0.5005 0.4759 0.2826 0.1745 0.1395 0.2708 0.4941 0.4184 0.2385 0.1562 0.1459 0.3745 0.5100 0.3472 0.2030 0.1440 0.1719 0.4480 0.4898 0.2882 0.1764 0.1394 0.2623 0.4919 0.4240 0.2415 0.1573 0.1450 0.3678 0.5098 0.3521 0.2053 0.1447 0.1684 0.4435 0.4933 0.2923 0.1782 0.1394 0.2529 0.4891 0.4310 0.2458 0.1592 0.1436 0.3521 0.5083 0.3701 0.2164 0.1494 0.1641
0.1598 0.2195 0.3743 0.5080 0.3521 0.1439 0.1585 0.2431 0.4250 0.4920 0.2639 0.1394 0.1757 0.2865 0.4881 0.4502 0.1738 0.1436 0.2017 0.3445 0.5100 0.3782 0.1465 0.1555 0.2368 0.4153 0.4953 0.2754 0.1395 0.1738 0.2823 0.4840 0.4545 0.1781 0.1430 0.1995 0.3397 0.5100 0.3846 0.1475 0.1544 0.2339 0.4098 0.4973 0.2839 0.1397 0.1722 0.2781 0.4778 0.4661 0.3288 0.4661 0.4778 0.2781 0.1722 0.1397 0.2839 0.4973 0.4098 0.2339 0.1544 0.1475 0.3846 0.5100 0.3397 0.1995 0.1430 0.1781 0.4545 0.4840 0.2823 0.1738 0.1395 0.2754 0.4953 0.4153 0.2368 0.1555 0.1465 0.3782 0.5100 0.3445 0.2017 0.1436 0.1738 0.4502 0.4881 0.2865 0.1757 0.1394 0.2639 0.4920 0.4250 0.2431 0.1585 0.1439 0.3521 0.5080 0.3743 0.2195 0.1598
0.2264 0.3814 0.5070 0.3468 0.1436 0.1585 0.2420 0.4216 0.4939 0.2725 0.1395 0.1737 0.2814 0.4827 0.4562 0.1801 0.1427 0.1984 0.3372 0.5099 0.3880 0.1482 0.1538 0.2322 0.4067 0.4983 0.2885 0.1397 0.1713 0.2764 0.4774 0.4607 0.1857 0.1421 0.1961 0.3324 0.5095 0.3943 0.1494 0.1528 0.2294 0.4012 0.5001 0.2968 0.1400 0.1698 0.2727 0.4725 0.4658 0.2075 0.1384 0.2075 0.4658 0.4725 0.2727 0.1698 0.1400 0.2968 0.5001 0.4012 0.2294 0.1528 0.1494 0.3943 0.5095 0.3324 0.1961 0.1421 0.1857 0.4607 0.4774 0.2764 0.1713 0.1397 0.2885 0.4983 0.4067 0.2322 0.1538 0.1482 0.3880 0.5099 0.3372 0.1984 0.1427 0.1801 0.4562 0.4827 0.2814 0.1737 0.1395 0.2725 0.4939 0.4216 0.2420 0.1585 0.1436 0.3468 0.5070 0.3814 0.2264
0.3840 0.5056 0.3377 0.1429 0.1592 0.2431 0.4216 0.4945 0.2773 0.1396 0.1721 0.2772 0.4775 0.4613 0.1871 0.1419 0.1952 0.3303 0.5092 0.3973 0.1500 0.1523 0.2279 0.3982 0.5010 0.3014 0.1401 0.1690 0.2707 0.4703 0.4664 0.1946 0.1413 0.1928 0.3252 0.5084 0.4035 0.1515 0.1513 0.2251 0.3927 0.5026 0.3095 0.1404 0.1675 0.2672 0.4654 0.4701 0.2038 0.1387 0.1565 0.1387 0.2038 0.4701 0.4654 0.2672 0.1675 0.1404 0.3095 0.5026 0.3927 0.2251 0.1513 0.1515 0.4035 0.5084 0.3252 0.1928 0.1413 0.1946 0.4664 0.4703 0.2707 0.1690 0.1401 0.3014 0.5010 0.3982 0.2279 0.1523 0.1500 0.3973 0.5092 0.3303 0.1952 0.1419 0.1871 0.4613 0.4775 0.2772 0.1721 0.1396 0.2773 0.4945 0.4216 0.2431 0.1592 0.1429 0.3377 0.5056 0.3840
0.5038 0.3264 0.1421 0.1606 0.2458 0.4250 0.4939 0.2773 0.1397 0.1713 0.2745 0.4733 0.4652 0.1939 0.1413 0.1924 0.3239 0.5081 0.4059 0.1522 0.1508 0.2237 0.3899 0.5034 0.3139 0.1406 0.1667 0.2652 0.4627 0.4717 0.2047 0.1407 0.1897 0.3183 0.5068 0.4123 0.1539 0.1498 0.2208 0.3843 0.5047 0.3220 0.1410 0.1653 0.2617 0.4576 0.4750 0.2125 0.1400 0.1811 0.2397 0.1811 0.1400 0.2125 0.4750 0.4576 0.2617 0.1653 0.1410 0.3220 0.5047 0.3843 0.2208 0.1498 0.1539 0.4123 0.5068 0.3183 0.1897 0.1407 0.2047 0.4717 0.4627 0.2652 0.1667 0.1406 0.3139 0.5034 0.3899 0.2237 0.1508 0.1522 0.4059 0.5081 0.3239 0.1924 0.1413 0.1939 0.4652 0.4733 0.2745 0.1713 0.1397 0.2773 0.4939 0.4250 0.2458 0.1606 0.1421 0.3264 0.5038
0.3207 0.1413 0.1624 0.2499 0.4310 0.4920 0.2725 0.1396 0.1713 0.2735 0.4710 0.4677 0.1995 0.1409 0.1901 0.3183 0.5067 0.4137 0.1545 0.1494 0.2197 0.3819 0.5053 0.3259 0.1413 0.1645 0.2599 0.4548 0.4767 0.2160 0.1402 0.1866 0.3115 0.5046 0.4207 0.1567 0.1484 0.2168 0.3761 0.5065 0.3340 0.1418 0.1631 0.2565 0.4495 0.4797 0.2238 0.1398 0.1836 0.2967 0.4205 0.2967 0.1836 0.1398 0.2238 0.4797 0.4495 0.2565 0.1631 0.1418 0.3340 0.5065 0.3761 0.2168 0.1484 0.1567 0.4207 0.5046 0.3115 0.1866 0.1402 0.2160 0.4767 0.4548 0.2599 0.1645 0.1413 0.3259 0.5053 0.3819 0.2197 0.1494 0.1545 0.4137 0.5067 0.3183 0.1901 0.1409 0.1995 0.4677 0.4710 0.2735 0.1713 0.1396 0.2725 0.4920 0.4310 0.2499 0.1624 0.1413 0.3207
0.1525 0.1645 0.2547 0.4384 0.4891 0.2639 0.1395 0.1721 0.2745 0.4710 0.4686 0.2026 0.1406 0.1884 0.3140 0.5051 0.4202 0.1568 0.1482 0.2161 0.3742 0.5070 0.3373 0.1420 0.1625 0.2548 0.4468 0.4812 0.2279 0.1398 0.1837 0.3049 0.5016 0.4287 0.1600 0.1471 0.2128 0.3679 0.5080 0.3457 0.1427 0.1611 0.2513 0.4411 0.4841 0.2362 0.1396 0.1816 0.2989 0.4917 0.4935 0.4917 0.2989 0.1816 0.1396 0.2362 0.4841 0.4411 0.2513 0.1611 0.1427 0.3457 0.5080 0.3679 0.2128 0.1471 0.1600 0.4287 0.5016 0.3049 0.1837 0.1398 0.2279 0.4812 0.4468 0.2548 0.1625 0.1420 0.3373 0.5070 0.3742 0.2161 0.1482 0.1568 0.4202 0.5051 0.3140 0.1884 0.1406 0.2026 0.4686 0.4710 0.2745 0.1721 0.1395 0.2639 0.4891 0.4384 0.2547 0.1645 0.1525
0.1739 0.2598 0.4465 0.4855 0.2529 0.1394 0.1737 0.2772 0.4733 0.4677 0.2026 0.1405 0.1875 0.3111 0.5037 0.4252 0.1591 0.1472 0.2128 0.3672 0.5082 0.3480 0.1429 0.1606 0.2499 0.4386 0.4854 0.2402 0.1395 0.1809 0.2986 0.4979 0.4362 0.1638 0.1459 0.2090 0.3600 0.5091 0.3569 0.1438 0.1592 0.2464 0.4326 0.4882 0.2491 0.1395 0.1790 0.2941 0.4934 0.4507 0.2961 0.4507 0.4934 0.2941 0.1790 0.1395 0.2491 0.4882 0.4326 0.2464 0.1592 0.1438 0.3569 0.5091 0.3600 0.2090 0.1459 0.1638 0.4362 0.4979 0.2986 0.1809 0.1395 0.2402 0.4854 0.4386 0.2499 0.1606 0.1429 0.3480 0.5082 0.3672 0.2128 0.1472 0.1591 0.4252 0.5037 0.3111 0.1875 0.1405 0.2026 0.4677 0.4733 0.2772 0.1737 0.1394 0.2529 0.4855 0.4465 0.2598 0.1739
0.2657 0.4548 0.4814 0.2406 0.1394 0.1757 0.2814 0.4775 0.4652 0.1995 0.1406 0.1875 0.3102 0.5029 0.4284 0.1609 0.1465 0.2102 0.3613 0.5090 0.3575 0.1439 0.1588 0.2453 0.4305 0.4892 0.2528 0.1394 0.1782 0.2925 0.4934 0.4433 0.1683 0.1447 0.2053 0.3522 0.5098 0.3677 0.1450 0.1573 0.2415 0.4240 0.4919 0.2622 0.1394 0.1764 0.2882 0.4895 0.4497 0.1820 0.1368 0.1820 0.4497 0.4895 0.2882 0.1764 0.1394 0.2622 0.4919 0.4240 0.2415 0.1573 0.1450 0.3677 0.5098 0.3522 0.2053 0.1447 0.1683 0.4433 0.4934 0.2925 0.1782 0.1394 0.2528 0.4892 0.4305 0.2453 0.1588 0.1439 0.3575 0.5090 0.3613 0.2102 0.1465 0.1609 0.4284 0.5029 0.3102 0.1875 0.1406 0.1995 0.4652 0.4775 0.2814 0.1757 0.1394 0.2406 0.4814 0.4548 0.2657
0.4556 0.4768 0.2281 0.1395 0.1782 0.2865 0.4827 0.4613 0.1939 0.1409 0.1884 0.3111 0.5029 0.4295 0.1620 0.1460 0.2084 0.3566 0.5096 0.3654 0.1449 0.1573 0.2411 0.4227 0.4926 0.2653 0.1394 0.1757 0.2866 0.4883 0.4500 0.1736 0.1437 0.2019 0.3447 0.5100 0.3780 0.1465 0.1555 0.2368 0.4154 0.4953 0.2754 0.1395 0.1738 0.2823 0.4840 0.4548 0.1799 0.1402 0.1617 0.1402 0.1799 0.4548 0.4840 0.2823 0.1738 0.1395 0.2754 0.4953 0.4154 0.2368 0.1555 0.1465 0.3780 0.5100 0.3447 0.2019 0.1437 0.1736 0.4500 0.4883 0.2866 0.1757 0.1394 0.2653 0.4926 0.4227 0.2411 0.1573 0.1449 0.3654 0.5096 0.3566 0.2084 0.1460 0.1620 0.4295 0.5029 0.3111 0.1884 0.1409 0.1939 0.4613 0.4827 0.2865 0.1782 0.1395 0.2281 0.4768 0.4556
0.4743 0.2161 0.1398 0.1808 0.2923 0.4881 0.4562 0.1871 0.1413 0.1901 0.3140 0.5037 0.4284 0.1620 0.1459 0.2074 0.3537 0.5098 0.3715 0.1458 0.1560 0.2374 0.4156 0.4955 0.2771 0.1396 0.1733 0.2809 0.4824 0.4562 0.1801 0.1427 0.1985 0.3375 0.5099 0.3877 0.1481 0.1539 0.2323 0.4069 0.4983 0.2884 0.1398 0.1713 0.2764 0.4775 0.4607 0.1860 0.1416 0.1891 0.2533 0.1891 0.1416 0.1860 0.4607 0.4775 0.2764 0.1713 0.1398 0.2884 0.4983 0.4069 0.2323 0.1539 0.1481 0.3877 0.5099 0.3375 0.1985 0.1427 0.1801 0.4562 0.4824 0.2809 0.1733 0.1396 0.2771 0.4955 0.4156 0.2374 0.1560 0.1458 0.3715 0.5098 0.3537 0.2074 0.1459 0.1620 0.4284 0.5037 0.3140 0.1901 0.1413 0.1871 0.4562 0.4881 0.2923 0.1808 0.1398 0.2161 0.4743
0.2147 0.1402 0.1836 0.2985 0.4933 0.4502 0.1801 0.1419 0.1924 0.3183 0.5051 0.4252 0.1609 0.1460 0.2074 0.3526 0.5099 0.3753 0.1466 0.1551 0.2345 0.4095 0.4978 0.2877 0.1398 0.1711 0.2756 0.4762 0.4619 0.1876 0.1419 0.1952 0.3305 0.5093 0.3969 0.1500 0.1523 0.2280 0.3985 0.5010 0.3011 0.1401 0.1690 0.2708 0.4704 0.4664 0.1946 0.1412 0.1917 0.3144 0.4433 0.3144 0.1917 0.1412 0.1946 0.4664 0.4704 0.2708 0.1690 0.1401 0.3011 0.5010 0.3985 0.2280 0.1523 0.1500 0.3969 0.5093 0.3305 0.1952 0.1419 0.1876 0.4619 0.4762 0.2756 0.1711 0.1398 0.2877 0.4978 0.4095 0.2345 0.1551 0.1466 0.3753 0.5099 0.3526 0.2074 0.1460 0.1609 0.4252 0.5051 0.3183 0.1924 0.1419 0.1801 0.4502 0.4933 0.2985 0.1836 0.1402 0.2147
0.1518 0.1866 0.3049 0.4978 0.4435 0.1738 0.1427 0.1952 0.3239 0.5067 0.4202 0.1591 0.1465 0.2084 0.3537 0.5099 0.3766 0.1469 0.1545 0.2325 0.4048 0.4996 0.2967 0.1400 0.1692 0.2708 0.4699 0.4671 0.1962 0.1412 0.1921 0.3236 0.5081 0.4058 0.1521 0.1509 0.2239 0.3903 0.5033 0.3134 0.1406 0.1668 0.2653 0.4629 0.4717 0.2047 0.1407 0.1895 0.3164 0.5021 0.4844 0.5021 0.3164 0.1895 0.1407 0.2047 0.4717 0.4629 0.2653 0.1668 0.1406 0.3134 0.5033 0.3903 0.2239 0.1509 0.1521 0.4058 0.5081 0.3236 0.1921 0.1412 0.1962 0.4671 0.4699 0.2708 0.1692 0.1400 0.2967 0.4996 0.4048 0.2325 0.1545 0.1469 0.3766 0.5099 0.3537 0.2084 0.1465 0.1591 0.4202 0.5067 0.3239 0.1952 0.1427 0.1738 0.4435 0.4978 0.3049 0.1866 0.1518
0.1949 0.3115 0.5016 0.4363 0.1684 0.1436 0.1984 0.3303 0.5081 0.4137 0.1568 0.1472 0.2102 0.3566 0.5098 0.3753 0.1469 0.1543 0.2314 0.4018 0.5008 0.3035 0.1403 0.1676 0.2667 0.4638 0.4715 0.2052 0.1406 0.1892 0.3170 0.5064 0.4142 0.1545 0.1494 0.2198 0.3822 0.5053 0.3254 0.1412 0.1646 0.2601 0.4551 0.4766 0.2157 0.1402 0.1866 0.3112 0.5036 0.4325 0.2616 0.4325 0.5036 0.3112 0.1866 0.1402 0.2157 0.4766 0.4551 0.2601 0.1646 0.1412 0.3254 0.5053 0.3822 0.2198 0.1494 0.1545 0.4142 0.5064 0.3170 0.1892 0.1406 0.2052 0.4715 0.4638 0.2667 0.1676 0.1403 0.3035 0.5008 0.4018 0.2314 0.1543 0.1469 0.3753 0.5098 0.3566 0.2102 0.1472 0.1568 0.4137 0.5081 0.3303 0.1984 0.1436 0.1684 0.4363 0.5016 0.3115 0.1949
0.3159 0.5047 0.4288 0.1639 0.1447 0.2017 0.3372 0.5092 0.4059 0.1545 0.1482 0.2128 0.3613 0.5096 0.3715 0.1466 0.1545 0.2314 0.4008 0.5014 0.3078 0.1405 0.1665 0.2634 0.4585 0.4752 0.2139 0.1402 0.1866 0.3110 0.5042 0.4221 0.1573 0.1481 0.2159 0.3742 0.5069 0.3370 0.1420 0.1626 0.2550 0.4471 0.4811 0.2275 0.1398 0.1838 0.3050 0.5014 0.4307 0.1656 0.1364 0.1656 0.4307 0.5014 0.3050 0.1838 0.1398 0.2275 0.4811 0.4471 0.2550 0.1626 0.1420 0.3370 0.5069 0.3742 0.2159 0.1481 0.1573 0.4221 0.5042 0.3110 0.1866 0.1402 0.2139 0.4752 0.4585 0.2634 0.1665 0.1405 0.3078 0.5014 0.4008 0.2314 0.1545 0.1466 0.3715 0.5096 0.3613 0.2128 0.1482 0.1545 0.4059 0.5092 0.3372 0.2017 0.1447 0.1639 0.4288 0.5047 0.3159
0.5036 0.4208 0.1600 0.1458 0.2053 0.3445 0.5099 0.3973 0.1522 0.1494 0.2161 0.3672 0.5090 0.3654 0.1458 0.1551 0.2325 0.4018 0.5014 0.3093 0.1407 0.1657 0.2611 0.4544 0.4781 0.2218 0.1399 0.1843 0.3056 0.5016 0.4291 0.1604 0.1469 0.2121 0.3663 0.5083 0.3482 0.1429 0.1606 0.2501 0.4390 0.4852 0.2397 0.1396 0.1810 0.2988 0.4980 0.4364 0.1647 0.1427 0.1677 0.1427 0.1647 0.4364 0.4980 0.2988 0.1810 0.1396 0.2397 0.4852 0.4390 0.2501 0.1606 0.1429 0.3482 0.5083 0.3663 0.2121 0.1469 0.1604 0.4291 0.5016 0.3056 0.1843 0.1399 0.2218 0.4781 0.4544 0.2611 0.1657 0.1407 0.3093 0.5014 0.4018 0.2325 0.1551 0.1458 0.3654 0.5090 0.3672 0.2161 0.1494 0.1522 0.3973 0.5099 0.3445 0.2053 0.1458 0.1600 0.4208 0.5036
0.4165 0.1567 0.1471 0.2090 0.3521 0.5100 0.3880 0.1500 0.1508 0.2197 0.3742 0.5082 0.3575 0.1449 0.1560 0.2345 0.4048 0.5008 0.3078 0.1407 0.1655 0.2599 0.4517 0.4800 0.2280 0.1397 0.1824 0.3010 0.4989 0.4353 0.1637 0.1458 0.2087 0.3589 0.5092 0.3589 0.1440 0.1588 0.2453 0.4307 0.4891 0.2523 0.1394 0.1783 0.2928 0.4936 0.4432 0.1684 0.1442 0.1980 0.2682 0.1980 0.1442 0.1684 0.4432 0.4936 0.2928 0.1783 0.1394 0.2523 0.4891 0.4307 0.2453 0.1588 0.1440 0.3589 0.5092 0.3589 0.2087 0.1458 0.1637 0.4353 0.4989 0.3010 0.1824 0.1397 0.2280 0.4800 0.4517 0.2599 0.1655 0.1407 0.3078 0.5008 0.4048 0.2345 0.1560 0.1449 0.3575 0.5082 0.3742 0.2197 0.1508 0.1500 0.3880 0.5100 0.3521 0.2090 0.1471 0.1567 0.4165
0.1656 0.1484 0.2128 0.3599 0.5098 0.3782 0.1482 0.1523 0.2237 0.3819 0.5070 0.3480 0.1439 0.1573 0.2374 0.4095 0.4996 0.3035 0.1405 0.1657 0.2599 0.4508 0.4810 0.2320 0.1396 0.1810 0.2973 0.4961 0.4404 0.1670 0.1449 0.2056 0.3521 0.5098 0.3689 0.1452 0.1570 0.2406 0.4223 0.4926 0.2651 0.1394 0.1758 0.2868 0.4885 0.4497 0.1735 0.1436 0.2007 0.3337 0.4652 0.3337 0.2007 0.1436 0.1735 0.4497 0.4885 0.2868 0.1758 0.1394 0.2651 0.4926 0.4223 0.2406 0.1570 0.1452 0.3689 0.5098 0.3521 0.2056 0.1449 0.1670 0.4404 0.4961 0.2973 0.1810 0.1396 0.2320 0.4810 0.4508 0.2599 0.1657 0.1405 0.3035 0.4996 0.4095 0.2374 0.1573 0.1439 0.3480 0.5070 0.3819 0.2237 0.1523 0.1482 0.3782 0.5098 0.3599 0.2128 0.1484 0.1656
0.1590 0.2168 0.3679 0.5091 0.3678 0.1465 0.1538 0.2279 0.3899 0.5053 0.3373 0.1429 0.1588 0.2411 0.4156 0.4978 0.2967 0.1403 0.1665 0.2611 0.4517 0.4810 0.2334 0.1396 0.1802 0.2948 0.4939 0.4444 0.1702 0.1441 0.2029 0.3461 0.5100 0.3779 0.1466 0.1554 0.2362 0.4141 0.4958 0.2778 0.1396 0.1733 0.2810 0.4826 0.4559 0.1798 0.1427 0.1983 0.3357 0.5074 0.4727 0.5074 0.3357 0.1983 0.1427 0.1798 0.4559 0.4826 0.2810 0.1733 0.1396 0.2778 0.4958 0.4141 0.2362 0.1554 0.1466 0.3779 0.5100 0.3461 0.2029 0.1441 0.1702 0.4444 0.4939 0.2948 0.1802 0.1396 0.2334 0.4810 0.4517 0.2611 0.1665 0.1403 0.2967 0.4978 0.4156 0.2411 0.1588 0.1429 0.3373 0.5053 0.3899 0.2279 0.1538 0.1465 0.3678 0.5091 0.3679 0.2168 0.1590
0.2240 0.3761 0.5080 0.3570 0.1450 0.1555 0.2322 0.3982 0.5034 0.3259 0.1420 0.1606 0.2453 0.4227 0.4955 0.2877 0.1400 0.1676 0.2634 0.4544 0.4800 0.2320 0.1396 0.1798 0.2935 0.4923 0.4472 0.1729 0.1435 0.2007 0.3409 0.5100 0.3857 0.1479 0.1540 0.2322 0.4061 0.4986 0.2903 0.1398 0.1709 0.2754 0.4762 0.4618 0.1874 0.1419 0.1953 0.3302 0.5087 0.4108 0.2261 0.4108 0.5087 0.3302 0.1953 0.1419 0.1874 0.4618 0.4762 0.2754 0.1709 0.1398 0.2903 0.4986 0.4061 0.2322 0.1540 0.1479 0.3857 0.5100 0.3409 0.2007 0.1435 0.1729 0.4472 0.4923 0.2935 0.1798 0.1396 0.2320 0.4800 0.4544 0.2634 0.1676 0.1400 0.2877 0.4955 0.4227 0.2453 0.1606 0.1420 0.3259 0.5034 0.3982 0.2322 0.1555 0.1450 0.3570 0.5080 0.3761 0.2240
0.3789 0.5067 0.3457 0.1438 0.1573 0.2368 0.4067 0.5010 0.3139 0.1413 0.1625 0.2499 0.4305 0.4926 0.2771 0.1398 0.1692 0.2667 0.4585 0.4781 0.2280 0.1396 0.1802 0.2935 0.4918 0.4486 0.1747 0.1431 0.1991 0.3369 0.5097 0.3923 0.1493 0.1527 0.2285 0.3988 0.5010 0.3021 0.1402 0.1687 0.2700 0.4692 0.4673 0.1962 0.1412 0.1922 0.3237 0.5080 0.4080 0.1552 0.1369 0.1552 0.4080 0.5080 0.3237 0.1922 0.1412 0.1962 0.4673 0.4692 0.2700 0.1687 0.1402 0.3021 0.5010 0.3988 0.2285 0.1527 0.1493 0.3923 0.5097 0.3369 0.1991 0.1431 0.1747 0.4486 0.4918 0.2935 0.1802 0.1396 0.2280 0.4781 0.4585 0.2667 0.1692 0.1398 0.2771 0.4926 0.4305 0.2499 0.1625 0.1413 0.3139 0.5010 0.4067 0.2368 0.1573 0.1438 0.3457 0.5067 0.3789
0.5050 0.3341 0.1427 0.1592 0.2415 0.4153 0.4983 0.3014 0.1406 0.1645 0.2548 0.4386 0.4892 0.2653 0.1396 0.1711 0.2708 0.4638 0.4752 0.2218 0.1397 0.1810 0.2948 0.4923 0.4486 0.1754 0.1429 0.1981 0.3340 0.5094 0.3974 0.1505 0.1516 0.2254 0.3922 0.5030 0.3128 0.1406 0.1666 0.2648 0.4619 0.4724 0.2063 0.1406 0.1892 0.3171 0.5064 0.4145 0.1550 0.1459 0.1747 0.1459 0.1550 0.4145 0.5064 0.3171 0.1892 0.1406 0.2063 0.4724 0.4619 0.2648 0.1666 0.1406 0.3128 0.5030 0.3922 0.2254 0.1516 0.1505 0.3974 0.5094 0.3340 0.1981 0.1429 0.1754 0.4486 0.4923 0.2948 0.1810 0.1397 0.2218 0.4752 0.4638 0.2708 0.1711 0.1396 0.2653 0.4892 0.4386 0.2548 0.1645 0.1406 0.3014 0.4983 0.4153 0.2415 0.1592 0.1427 0.3341 0.5050
0.3284 0.1418 0.1611 0.2463 0.4240 0.4953 0.2885 0.1401 0.1667 0.2599 0.4468 0.4854 0.2528 0.1394 0.1733 0.2756 0.4699 0.4715 0.2139 0.1399 0.1824 0.2973 0.4939 0.4472 0.1747 0.1429 0.1977 0.3326 0.5092 0.4009 0.1515 0.1508 0.2229 0.3867 0.5045 0.3222 0.1411 0.1648 0.2601 0.4547 0.4770 0.2171 0.1401 0.1862 0.3106 0.5042 0.4222 0.1574 0.1476 0.2081 0.2849 0.2081 0.1476 0.1574 0.4222 0.5042 0.3106 0.1862 0.1401 0.2171 0.4770 0.4547 0.2601 0.1648 0.1411 0.3222 0.5045 0.3867 0.2229 0.1508 0.1515 0.4009 0.5092 0.3326 0.1977 0.1429 0.1747 0.4472 0.4939 0.2973 0.1824 0.1399 0.2139 0.4715 0.4699 0.2756 0.1733 0.1394 0.2528 0.4854 0.4468 0.2599 0.1667 0.1401 0.2885 0.4953 0.4240 0.2463 0.1611 0.1418 0.3284
0.1530 0.1631 0.2513 0.4326 0.4919 0.2754 0.1397 0.1690 0.2652 0.4548 0.4812 0.2402 0.1394 0.1757 0.2809 0.4762 0.4671 0.2052 0.1402 0.1843 0.3010 0.4961 0.4444 0.1729 0.1431 0.1981 0.3326 0.5091 0.4028 0.1522 0.1503 0.2210 0.3823 0.5057 0.3301 0.1417 0.1632 0.2559 0.4478 0.4810 0.2279 0.1398 0.1834 0.3043 0.5012 0.4297 0.1606 0.1468 0.2109 0.3547 0.4841 0.3547 0.2109 0.1468 0.1606 0.4297 0.5012 0.3043 0.1834 0.1398 0.2279 0.4810 0.4478 0.2559 0.1632 0.1417 0.3301 0.5057 0.3823 0.2210 0.1503 0.1522 0.4028 0.5091 0.3326 0.1981 0.1431 0.1729 0.4444 0.4961 0.3010 0.1843 0.1402 0.2052 0.4671 0.4762 0.2809 0.1757 0.1394 0.2402 0.4812 0.4548 0.2652 0.1690 0.1397 0.2754 0.4919 0.4326 0.2513 0.1631 0.1530
0.1726 0.2565 0.4411 0.4882 0.2623 0.1395 0.1713 0.2707 0.4627 0.4767 0.2279 0.1395 0.1782 0.2866 0.4824 0.4619 0.1962 0.1406 0.1866 0.3056 0.4989 0.4404 0.1702 0.1435 0.1991 0.3340 0.5092 0.4028 0.1524 0.1500 0.2198 0.3792 0.5064 0.3363 0.1422 0.1619 0.2523 0.4415 0.4844 0.2385 0.1396 0.1809 0.2984 0.4976 0.4369 0.1643 0.1457 0.2083 0.3567 0.5085 0.4581 0.5085 0.3567 0.2083 0.1457 0.1643 0.4369 0.4976 0.2984 0.1809 0.1396 0.2385 0.4844 0.4415 0.2523 0.1619 0.1422 0.3363 0.5064 0.3792 0.2198 0.1500 0.1524 0.4028 0.5092 0.3340 0.1991 0.1435 0.1702 0.4404 0.4989 0.3056 0.1866 0.1406 0.1962 0.4619 0.4824 0.2866 0.1782 0.1395 0.2279 0.4767 0.4627 0.2707 0.1713 0.1395 0.2623 0.4882 0.4411 0.2565 0.1726
0.2624 0.4495 0.4842 0.2492 0.1394 0.1738 0.2764 0.4703 0.4717 0.2160 0.1398 0.1809 0.2925 0.4883 0.4562 0.1876 0.1412 0.1892 0.3110 0.5016 0.4353 0.1670 0.1441 0.2007 0.3369 0.5094 0.4009 0.1522 0.1500 0.2194 0.3777 0.5069 0.3406 0.1426 0.1608 0.2494 0.4361 0.4873 0.2481 0.1395 0.1786 0.2930 0.4935 0.4435 0.1686 0.1446 0.2049 0.3509 0.5096 0.3856 0.1941 0.3856 0.5096 0.3509 0.2049 0.1446 0.1686 0.4435 0.4935 0.2930 0.1786 0.1395 0.2481 0.4873 0.4361 0.2494 0.1608 0.1426 0.3406 0.5069 0.3777 0.2194 0.1500 0.1522 0.4009 0.5094 0.3369 0.2007 0.1441 0.1670 0.4353 0.5016 0.3110 0.1892 0.1412 0.1876 0.4562 0.4883 0.2925 0.1809 0.1398 0.2160 0.4717 0.4703 0.2764 0.1738 0.1394 0.2492 0.4842 0.4495 0.2624
0.4505 0.4798 0.2363 0.1395 0.1764 0.2823 0.4774 0.4664 0.2047 0.1402 0.1837 0.2986 0.4934 0.4500 0.1801 0.1419 0.1921 0.3170 0.5042 0.4291 0.1637 0.1449 0.2029 0.3409 0.5097 0.3974 0.1515 0.1503 0.2198 0.3777 0.5070 0.3428 0.1429 0.1601 0.2472 0.4317 0.4895 0.2565 0.1394 0.1767 0.2882 0.4892 0.4494 0.1735 0.1436 0.2016 0.3440 0.5100 0.3819 0.1484 0.1381 0.1484 0.3819 0.5100 0.3440 0.2016 0.1436 0.1735 0.4494 0.4892 0.2882 0.1767 0.1394 0.2565 0.4895 0.4317 0.2472 0.1601 0.1429 0.3428 0.5070 0.3777 0.2198 0.1503 0.1515 0.3974 0.5097 0.3409 0.2029 0.1449 0.1637 0.4291 0.5042 0.3170 0.1921 0.1419 0.1801 0.4500 0.4934 0.2986 0.1837 0.1402 0.2047 0.4664 0.4774 0.2823 0.1764 0.1395 0.2363 0.4798 0.4505
0.4774 0.2238 0.1396 0.1790 0.2882 0.4840 0.4607 0.1946 0.1407 0.1866 0.3049 0.4979 0.4433 0.1736 0.1427 0.1952 0.3236 0.5064 0.4221 0.1604 0.1458 0.2056 0.3461 0.5100 0.3923 0.1505 0.1508 0.2210 0.3792 0.5069 0.3428 0.1430 0.1598 0.2459 0.4287 0.4911 0.2630 0.1394 0.1750 0.2840 0.4849 0.4544 0.1788 0.1428 0.1986 0.3373 0.5098 0.3890 0.1486 0.1497 0.1825 0.1497 0.1486 0.3890 0.5098 0.3373 0.1986 0.1428 0.1788 0.4544 0.4849 0.2840 0.1750 0.1394 0.2630 0.4911 0.4287 0.2459 0.1598 0.1430 0.3428 0.5069 0.3792 0.2210 0.1508 0.1505 0.3923 0.5100 0.3461 0.2056 0.1458 0.1604 0.4221 0.5064 0.3236 0.1952 0.1427 0.1736 0.4433 0.4979 0.3049 0.1866 0.1407 0.1946 0.4607 0.4840 0.2882 0.1790 0.1396 0.2238 0.4774
0.2216 0.1399 0.1818 0.2944 0.4898 0.4545 0.1857 0.1413 0.1897 0.3115 0.5016 0.4362 0.1683 0.1437 0.1985 0.3305 0.5081 0.4142 0.1573 0.1469 0.2087 0.3521 0.5100 0.3857 0.1493 0.1516 0.2229 0.3823 0.5064 0.3406 0.1429 0.1598 0.2454 0.4271 0.4921 0.2675 0.1395 0.1738 0.2807 0.4809 0.4586 0.1842 0.1421 0.1959 0.3312 0.5093 0.3972 0.1501 0.1516 0.2193 0.3030 0.2193 0.1516 0.1501 0.3972 0.5093 0.3312 0.1959 0.1421 0.1842 0.4586 0.4809 0.2807 0.1738 0.1395 0.2675 0.4921 0.4271 0.2454 0.1598 0.1429 0.3406 0.5064 0.3823 0.2229 0.1516 0.1493 0.3857 0.5100 0.3521 0.2087 0.1469 0.1573 0.4142 0.5081 0.3305 0.1985 0.1437 0.1683 0.4362 0.5016 0.3115 0.1897 0.1413 0.1857 0.4545 0.4898 0.2944 0.1818 0.1399 0.2216
0.1516 0.1847 0.3007 0.4949 0.4480 0.1781 0.1421 0.1928 0.3183 0.5046 0.4287 0.1638 0.1447 0.2019 0.3375 0.5093 0.4058 0.1545 0.1481 0.2121 0.3589 0.5098 0.3779 0.1479 0.1527 0.2254 0.3867 0.5057 0.3363 0.1426 0.1601 0.2459 0.4271 0.4924 0.2700 0.1395 0.1729 0.2783 0.4776 0.4620 0.1894 0.1416 0.1935 0.3258 0.5084 0.4047 0.1520 0.1507 0.2223 0.3774 0.4977 0.3774 0.2223 0.1507 0.1520 0.4047 0.5084 0.3258 0.1935 0.1416 0.1894 0.4620 0.4776 0.2783 0.1729 0.1395 0.2700 0.4924 0.4271 0.2459 0.1601 0.1426 0.3363 0.5057 0.3867 0.2254 0.1527 0.1479 0.3779 0.5098 0.3589 0.2121 0.1481 0.1545 0.4058 0.5093 0.3375 0.2019 0.1447 0.1638 0.4287 0.5046 0.3183 0.1928 0.1421 0.1781 0.4480 0.4949 0.3007 0.1847 0.1516
0.1931 0.3073 0.4992 0.4410 0.1719 0.1430 0.1961 0.3252 0.5068 0.4207 0.1600 0.1459 0.2053 0.3447 0.5099 0.3969 0.1521 0.1494 0.2159 0.3663 0.5092 0.3689 0.1466 0.1540 0.2285 0.3922 0.5045 0.3301 0.1422 0.1608 0.2472 0.4287 0.4921 0.2700 0.1395 0.1725 0.2768 0.4753 0.4644 0.1939 0.1412 0.1915 0.3211 0.5073 0.4114 0.1539 0.1496 0.2198 0.3799 0.5061 0.4402 0.5061 0.3799 0.2198 0.1496 0.1539 0.4114 0.5073 0.3211 0.1915 0.1412 0.1939 0.4644 0.4753 0.2768 0.1725 0.1395 0.2700 0.4921 0.4287 0.2472 0.1608 0.1422 0.3301 0.5045 0.3922 0.2285 0.1540 0.1466 0.3689 0.5092 0.3663 0.2159 0.1494 0.1521 0.3969 0.5099 0.3447 0.2053 0.1459 0.1600 0.4207 0.5068 0.3252 0.1961 0.1430 0.1719 0.4410 0.4992 0.3073 0.1931
0.3118 0.5029 0.4337 0.1667 0.1440 0.1995 0.3324 0.5084 0.4123 0.1567 0.1471 0.2090 0.3522 0.5100 0.3877 0.1500 0.1509 0.2198 0.3742 0.5083 0.3589 0.1452 0.1554 0.2322 0.3988 0.5030 0.3222 0.1417 0.1619 0.2494 0.4317 0.4911 0.2675 0.1395 0.1725 0.2763 0.4741 0.4658 0.1972 0.1409 0.1900 0.3173 0.5061 0.4171 0.1559 0.1486 0.2168 0.3749 0.5069 0.3554 0.1703 0.3554 0.5069 0.3749 0.2168 0.1486 0.1559 0.4171 0.5061 0.3173 0.1900 0.1409 0.1972 0.4658 0.4741 0.2763 0.1725 0.1395 0.2675 0.4911 0.4317 0.2494 0.1619 0.1417 0.3222 0.5030 0.3988 0.2322 0.1554 0.1452 0.3589 0.5083 0.3742 0.2198 0.1509 0.1500 0.3877 0.5100 0.3522 0.2090 0.1471 0.1567 0.4123 0.5084 0.3324 0.1995 0.1440 0.1667 0.4337 0.5029 0.3118
0.5019 0.4260 0.1624 0.1451 0.2030 0.3397 0.5095 0.4035 0.1539 0.1484 0.2128 0.3600 0.5098 0.3780 0.1481 0.1523 0.2239 0.3822 0.5069 0.3482 0.1440 0.1570 0.2362 0.4061 0.5010 0.3128 0.1411 0.1632 0.2523 0.4361 0.4895 0.2630 0.1395 0.1729 0.2768 0.4741 0.4663 0.1989 0.1408 0.1890 0.3145 0.5050 0.4216 0.1577 0.1477 0.2140 0.3692 0.5080 0.3494 0.1435 0.1403 0.1435 0.3494 0.5080 0.3692 0.2140 0.1477 0.1577 0.4216 0.5050 0.3145 0.1890 0.1408 0.1989 0.4663 0.4741 0.2768 0.1729 0.1395 0.2630 0.4895 0.4361 0.2523 0.1632 0.1411 0.3128 0.5010 0.4061 0.2362 0.1570 0.1440 0.3482 0.5069 0.3822 0.2239 0.1523 0.1481 0.3780 0.5098 0.3600 0.2128 0.1484 0.1539 0.4035 0.5095 0.3397 0.2030 0.1451 0.1624 0.4260 0.5019
0.4218 0.1588 0.1463 0.2066 0.3472 0.5100 0.3943 0.1515 0.1498 0.2168 0.3679 0.5091 0.3677 0.1465 0.1539 0.2280 0.3903 0.5053 0.3370 0.1429 0.1588 0.2406 0.4141 0.4986 0.3021 0.1406 0.1648 0.2559 0.4415 0.4873 0.2565 0.1394 0.1738 0.2783 0.4753 0.4658 0.1989 0.1407 0.1885 0.3128 0.5041 0.4248 0.1593 0.1470 0.2117 0.3640 0.5088 0.3554 0.1438 0.1546 0.1920 0.1546 0.1438 0.3554 0.5088 0.3640 0.2117 0.1470 0.1593 0.4248 0.5041 0.3128 0.1885 0.1407 0.1989 0.4658 0.4753 0.2783 0.1738 0.1394 0.2565 0.4873 0.4415 0.2559 0.1648 0.1406 0.3021 0.4986 0.4141 0.2406 0.1588 0.1429 0.3370 0.5053 0.3903 0.2280 0.1539 0.1465 0.3677 0.5091 0.3679 0.2168 0.1498 0.1515 0.3943 0.5100 0.3472 0.2066 0.1463 0.1588 0.4218
0.1673 0.1475 0.2103 0.3549 0.5100 0.3846 0.1494 0.1513 0.2208 0.3761 0.5080 0.3569 0.1450 0.1555 0.2323 0.3985 0.5033 0.3254 0.1420 0.1606 0.2453 0.4223 0.4958 0.2903 0.1402 0.1666 0.2601 0.4478 0.4844 0.2481 0.1394 0.1750 0.2807 0.4776 0.4644 0.1972 0.1408 0.1885 0.3122 0.5036 0.4269 0.1605 0.1465 0.2099 0.3597 0.5093 0.3620 0.1446 0.1570 0.2333 0.3251 0.2333 0.1570 0.1446 0.3620 0.5093 0.3597 0.2099 0.1465 0.1605 0.4269 0.5036 0.3122 0.1885 0.1408 0.1972 0.4644 0.4776 0.2807 0.1750 0.1394 0.2481 0.4844 0.4478 0.2601 0.1666 0.1402 0.2903 0.4958 0.4223 0.2453 0.1606 0.1420 0.3254 0.5033 0.3985 0.2323 0.1555 0.1450 0.3569 0.5080 0.3761 0.2208 0.1513 0.1494 0.3846 0.5100 0.3549 0.2103 0.1475 0.1673
0.1582 0.2142 0.3628 0.5096 0.3745 0.1475 0.1528 0.2251 0.3843 0.5065 0.3457 0.1438 0.1573 0.2368 0.4069 0.5010 0.3134 0.1412 0.1626 0.2501 0.4307 0.4926 0.2778 0.1398 0.1687 0.2648 0.4547 0.4810 0.2385 0.1395 0.1767 0.2840 0.4809 0.4620 0.1939 0.1409 0.1890 0.3128 0.5036 0.4275 0.1611 0.1462 0.2086 0.3566 0.5096 0.3677 0.1453 0.1564 0.2373 0.4051 0.5057 0.4051 0.2373 0.1564 0.1453 0.3677 0.5096 0.3566 0.2086 0.1462 0.1611 0.4275 0.5036 0.3128 0.1890 0.1409 0.1939 0.4620 0.4809 0.2840 0.1767 0.1395 0.2385 0.4810 0.4547 0.2648 0.1687 0.1398 0.2778 0.4926 0.4307 0.2501 0.1626 0.1412 0.3134 0.5010 0.4069 0.2368 0.1573 0.1438 0.3457 0.5065 0.3843 0.2251 0.1528 0.1475 0.3745 0.5096 0.3628 0.2142 0.1582
0.2215 0.3709 0.5087 0.3640 0.1459 0.1544 0.2294 0.3927 0.5047 0.3340 0.1427 0.1592 0.2415 0.4154 0.4983 0.3011 0.1406 0.1646 0.2550 0.4390 0.4891 0.2651 0.1396 0.1709 0.2700 0.4619 0.4770 0.2279 0.1396 0.1786 0.2882 0.4849 0.4586 0.1894 0.1412 0.1900 0.3145 0.5041 0.4269 0.1611 0.1461 0.2080 0.3546 0.5098 0.3719 0.1460 0.1556 0.2357 0.4097 0.4995 0.4149 0.4995 0.4097 0.2357 0.1556 0.1460 0.3719 0.5098 0.3546 0.2080 0.1461 0.1611 0.4269 0.5041 0.3145 0.1900 0.1412 0.1894 0.4586 0.4849 0.2882 0.1786 0.1396 0.2279 0.4770 0.4619 0.2700 0.1709 0.1396 0.2651 0.4891 0.4390 0.2550 0.1646 0.1406 0.3011 0.4983 0.4154 0.2415 0.1592 0.1427 0.3340 0.5047 0.3927 0.2294 0.1544 0.1459 0.3640 0.5087 0.3709 0.2215
0.3738 0.5076 0.3530 0.1446 0.1562 0.2339 0.4012 0.5026 0.3220 0.1418 0.1611 0.2464 0.4240 0.4953 0.2884 0.1401 0.1668 0.2601 0.4471 0.4852 0.2523 0.1394 0.1733 0.2754 0.4692 0.4724 0.2171 0.1398 0.1809 0.2930 0.4892 0.4544 0.1842 0.1416 0.1915 0.3173 0.5050 0.4248 0.1605 0.1462 0.2080 0.3540 0.5099 0.3745 0.1465 0.1549 0.2338 0.4070 0.4992 0.3133 0.1541 0.3133 0.4992 0.4070 0.2338 0.1549 0.1465 0.3745 0.5099 0.3540 0.2080 0.1462 0.1605 0.4248 0.5050 0.3173 0.1915 0.1416 0.1842 0.4544 0.4892 0.2930 0.1809 0.1398 0.2171 0.4724 0.4692 0.2754 0.1733 0.1394 0.2523 0.4852 0.4471 0.2601 0.1668 0.1401 0.2884 0.4953 0.4240 0.2464 0.1611 0.1418 0.3220 0.5026 0.4012 0.2339 0.1562 0.1446 0.3530 0.5076 0.3738
0.5060 0.3416 0.1434 0.1580 0.2385 0.4098 0.5001 0.3095 0.1410 0.1631 0.2513 0.4326 0.4919 0.2754 0.1398 0.1690 0.2653 0.4551 0.4811 0.2397 0.1394 0.1758 0.2810 0.4762 0.4673 0.2063 0.1401 0.1834 0.2984 0.4935 0.4494 0.1788 0.1421 0.1935 0.3211 0.5061 0.4216 0.1593 0.1465 0.2086 0.3546 0.5099 0.3754 0.1468 0.1545 0.2324 0.4039 0.5001 0.3031 0.1398 0.1442 0.1398 0.3031 0.5001 0.4039 0.2324 0.1545 0.1468 0.3754 0.5099 0.3546 0.2086 0.1465 0.1593 0.4216 0.5061 0.3211 0.1935 0.1421 0.1788 0.4494 0.4935 0.2984 0.1834 0.1401 0.2063 0.4673 0.4762 0.2810 0.1758 0.1394 0.2397 0.4811 0.4551 0.2653 0.1690 0.1398 0.2754 0.4919 0.4326 0.2513 0.1631 0.1410 0.3095 0.5001 0.4098 0.2385 0.1580 0.1434 0.3416 0.5060
0.3359 0.1424 0.1598 0.2432 0.4184 0.4973 0.2968 0.1404 0.1653 0.2565 0.4411 0.4882 0.2622 0.1395 0.1713 0.2708 0.4629 0.4766 0.2275 0.1396 0.1783 0.2868 0.4826 0.4618 0.1962 0.1406 0.1862 0.3043 0.4976 0.4435 0.1735 0.1428 0.1959 0.3258 0.5073 0.4171 0.1577 0.1470 0.2099 0.3566 0.5098 0.3745 0.1468 0.1544 0.2316 0.4019 0.5009 0.3054 0.1403 0.1620 0.2056 0.1620 0.1403 0.3054 0.5009 0.4019 0.2316 0.1544 0.1468 0.3745 0.5098 0.3566 0.2099 0.1470 0.1577 0.4171 0.5073 0.3258 0.1959 0.1428 0.1735 0.4435 0.4976 0.3043 0.1862 0.1406 0.1962 0.4618 0.4826 0.2868 0.1783 0.1396 0.2275 0.4766 0.4629 0.2708 0.1713 0.1395 0.2622 0.4882 0.4411 0.2565 0.1653 0.1404 0.2968 0.4973 0.4184 0.2432 0.1598 0.1424 0.3359
0.1534 0.1618 0.2481 0.4270 0.4941 0.2839 0.1400 0.1675 0.2617 0.4495 0.4841 0.2491 0.1394 0.1738 0.2764 0.4704 0.4717 0.2157 0.1398 0.1810 0.2928 0.4885 0.4559 0.1874 0.1412 0.1892 0.3106 0.5012 0.4369 0.1686 0.1436 0.1986 0.3312 0.5084 0.4114 0.1559 0.1477 0.2117 0.3597 0.5096 0.3719 0.1465 0.1545 0.2316 0.4012 0.5013 0.3081 0.1406 0.1654 0.2533 0.3559 0.2533 0.1654 0.1406 0.3081 0.5013 0.4012 0.2316 0.1545 0.1465 0.3719 0.5096 0.3597 0.2117 0.1477 0.1559 0.4114 0.5084 0.3312 0.1986 0.1436 0.1686 0.4369 0.5012 0.3106 0.1892 0.1412 0.1874 0.4559 0.4885 0.2928 0.1810 0.1398 0.2157 0.4717 0.4704 0.2764 0.1738 0.1394 0.2491 0.4841 0.4495 0.2617 0.1675 0.1400 0.2839 0.4941 0.4270 0.2481 0.1618 0.1534
0.1713 0.2532 0.4356 0.4906 0.2708 0.1397 0.1698 0.2672 0.4576 0.4797 0.2362 0.1395 0.1764 0.2823 0.4775 0.4664 0.2047 0.1402 0.1838 0.2988 0.4936 0.4497 0.1798 0.1419 0.1922 0.3171 0.5042 0.4297 0.1643 0.1446 0.2016 0.3373 0.5093 0.4047 0.1539 0.1486 0.2140 0.3640 0.5093 0.3677 0.1460 0.1549 0.2324 0.4019 0.5013 0.3091 0.1407 0.1655 0.2592 0.4413 0.5071 0.4413 0.2592 0.1655 0.1407 0.3091 0.5013 0.4019 0.2324 0.1549 0.1460 0.3677 0.5093 0.3640 0.2140 0.1486 0.1539 0.4047 0.5093 0.3373 0.2016 0.1446 0.1643 0.4297 0.5042 0.3171 0.1922 0.1419 0.1798 0.4497 0.4936 0.2988 0.1838 0.1402 0.2047 0.4664 0.4775 0.2823 0.1764 0.1395 0.2362 0.4797 0.4576 0.2672 0.1698 0.1397 0.2708 0.4906 0.4356 0.2532 0.1713
0.2592 0.4441 0.4868 0.2577 0.1395 0.1722 0.2727 0.4654 0.4750 0.2238 0.1396 0.1790 0.2882 0.4840 0.4607 0.1946 0.1407 0.1866 0.3050 0.4980 0.4432 0.1735 0.1427 0.1953 0.3237 0.5064 0.4222 0.1606 0.1457 0.2049 0.3440 0.5098 0.3972 0.1520 0.1496 0.2168 0.3692 0.5088 0.3620 0.1453 0.1556 0.2338 0.4039 0.5009 0.3081 0.1407 0.1654 0.2595 0.4491 0.4851 0.3750 0.4851 0.4491 0.2595 0.1654 0.1407 0.3081 0.5009 0.4039 0.2338 0.1556 0.1453 0.3620 0.5088 0.3692 0.2168 0.1496 0.1520 0.3972 0.5098 0.3440 0.2049 0.1457 0.1606 0.4222 0.5064 0.3237 0.1953 0.1427 0.1735 0.4432 0.4980 0.3050 0.1866 0.1407 0.1946 0.4607 0.4840 0.2882 0.1790 0.1396 0.2238 0.4750 0.4654 0.2727 0.1722 0.1395 0.2577 0.4868 0.4441 0.2592
0.4448 0.4829 0.2452 0.1394 0.1745 0.2781 0.4725 0.4701 0.2125 0.1398 0.1816 0.2941 0.4895 0.4548 0.1860 0.1412 0.1895 0.3112 0.5014 0.4364 0.1684 0.1436 0.1983 0.3302 0.5080 0.4145 0.1574 0.1468 0.2083 0.3509 0.5100 0.3890 0.1501 0.1507 0.2198 0.3749 0.5080 0.3554 0.1446 0.1564 0.2357 0.4070 0.5001 0.3054 0.1406 0.1655 0.2595 0.4498 0.4822 0.2533 0.1432 0.2533 0.4822 0.4498 0.2595 0.1655 0.1406 0.3054 0.5001 0.4070 0.2357 0.1564 0.1446 0.3554 0.5080 0.3749 0.2198 0.1507 0.1501 0.3890 0.5100 0.3509 0.2083 0.1468 0.1574 0.4145 0.5080 0.3302 0.1983 0.1436 0.1684 0.4364 0.5014 0.3112 0.1895 0.1412 0.1860 0.4548 0.4895 0.2941 0.1816 0.1398 0.2125 0.4701 0.4725 0.2781 0.1745 0.1394 0.2452 0.4829 0.4448
0.4814 0.2354 0.1392 0.1763 0.2826 0.4778 0.4658 0.2038 0.1400 0.1836 0.2989 0.4934 0.4497 0.1799 0.1416 0.1917 0.3164 0.5036 0.4307 0.1647 0.1442 0.2007 0.3357 0.5087 0.4080 0.1550 0.1476 0.2109 0.3567 0.5096 0.3819 0.1486 0.1516 0.2223 0.3799 0.5069 0.3494 0.1438 0.1570 0.2373 0.4097 0.4992 0.3031 0.1403 0.1654 0.2592 0.4491 0.4822 0.2400 0.1380 0.1502 0.1380 0.2400 0.4822 0.4491 0.2592 0.1654 0.1403 0.3031 0.4992 0.4097 0.2373 0.1570 0.1438 0.3494 0.5069 0.3799 0.2223 0.1516 0.1486 0.3819 0.5096 0.3567 0.2109 0.1476 0.1550 0.4080 0.5087 0.3357 0.2007 0.1442 0.1647 0.4307 0.5036 0.3164 0.1917 0.1416 0.1799 0.4497 0.4934 0.2989 0.1836 0.1400 0.2038 0.4658 0.4778 0.2826 0.1763 0.1392 0.2354 0.4814
0.2493 0.1381 0.1739 0.2802 0.4759 0.4661 0.2075 0.1387 0.1811 0.2967 0.4917 0.4507 0.1820 0.1402 0.1891 0.3144 0.5021 0.4325 0.1656 0.1427 0.1980 0.3337 0.5074 0.4108 0.1552 0.1459 0.2081 0.3547 0.5085 0.3856 0.1484 0.1497 0.2193 0.3774 0.5061 0.3554 0.1435 0.1546 0.2333 0.4051 0.4995 0.3133 0.1398 0.1620 0.2533 0.4413 0.4851 0.2533 0.1380 0.1686 0.2182 0.1686 0.1380 0.2533 0.4851 0.4413 0.2533 0.1620 0.1398 0.3133 0.4995 0.4051 0.2333 0.1546 0.1435 0.3554 0.5061 0.3774 0.2193 0.1497 0.1484 0.3856 0.5085 0.3547 0.2081 0.1459 0.1552 0.4108 0.5074 0.3337 0.1980 0.1427 0.1656 0.4325 0.5021 0.3144 0.1891 0.1402 0.1820 0.4507 0.4917 0.2967 0.1811 0.1387 0.2075 0.4661 0.4759 0.2802 0.1739 0.1381 0.2493
0.1530 0.1519 0.2273 0.3973 0.5005 0.3288 0.1384 0.1565 0.2397 0.4205 0.4935 0.2961 0.1368 0.1617 0.2533 0.4433 0.4844 0.2616 0.1364 0.1677 0.2682 0.4652 0.4727 0.2261 0.1369 0.1747 0.2849 0.4841 0.4581 0.1941 0.1381 0.1825 0.3030 0.4977 0.4402 0.1703 0.1403 0.1920 0.3251 0.5057 0.4149 0.1541 0.1442 0.2056 0.3559 0.5071 0.3750 0.1432 0.1502 0.2182 0.3018 0.2182 0.1502 0.1432 0.3750 0.5071 0.3559 0.2056 0.1442 0.1541 0.4149 0.5057 0.3251 0.1920 0.1403 0.1703 0.4402 0.4977 0.3030 0.1825 0.1381 0.1941 0.4581 0.4841 0.2849 0.1747 0.1369 0.2261 0.4727 0.4652 0.2682 0.1677 0.1364 0.2616 0.4844 0.4433 0.2533 0.1617 0.1368 0.2961 0.4935 0.4205 0.2397 0.1565 0.1384 0.3288 0.5005 0.3973 0.2273 0.1519 0.1530
0.2493 0.1381 0.1739 0.2802 0.4759 0.4661 0.2075 0.1387 0.1811 0.2967 0.4917 0.4507 0.1820 0.1402 0.1891 0.3144 0.5021 0.4325 0.1656 0.1427 0.1980 0.3337 0.5074 0.4108 0.1552 0.1459 0.2081 0.3547 0.5085 0.3856 0.1484 0.1497 0.2193 0.3774 0.5061 0.3554 0.1435 0.1546 0.2333 0.4051 0.4995 0.3133 0.1398 0.1620 0.2533 0.4413 0.4851 0.2533 0.1380 0.1686 0.2182 0.1686 0.1380 0.2533 0.4851 0.4413 0.2533 0.1620 0.1398 0.3133 0.4995 0.4051 0.2333 0.1546 0.1435 0.3554 0.5061 0.3774 0.2193 0.1497 0.1484 0.3856 0.5085 0.3547 0.2081 0.1459 0.1552 0.4108 0.5074 0.3337 0.1980 0.1427 0.1656 0.4325 0.5021 0.3144 0.1891 0.1402 0.1820 0.4507 0.4917 0.2967 0.1811 0.1387 0.2075 0.4661 0.4759 0.2802 0.1739 0.1381 0.2493
0.4814 0.2354 0.1392 0.1763 0.2826 0.4778 0.4658 0.2038 0.1400 0.1836 0.2989 0.4934 0.4497 0.1799 0.1416 0.1917 0.3164 0.5036 0.4307 0.1647 0.1442 0.2007 0.3357 0.5087 0.4080 0.1550 0.1476 0.2109 0.3567 0.5096 0.3819 0.1486 0.1516 0.2223 0.3799 0.5069 0.3494 0.1438 0.1570 0.2373 0.4097 0.4992 0.3031 0.1403 0.1654 0.2592 0.4491 0.4822 0.2400 0.1380 0.1502 0.1380 0.2400 0.4822 0.4491 0.2592 0.1654 0.1403 0.3031 0.4992 0.4097 0.2373 0.1570 0.1438 0.3494 0.5069 0.3799 0.2223 0.1516 0.1486 0.3819 0.5096 0.3567 0.2109 0.1476 0.1550 0.4080 0.5087 0.3357 0.2007 0.1442 0.1647 0.4307 0.5036 0.3164 0.1917 0.1416 0.1799 0.4497 0.4934 0.2989 0.1836 0.1400 0.2038 0.4658 0.4778 0.2826 0.1763 0.1392 0.2354 0.4814
0.4448 0.4829 0.2452 0.1394 0.1745 0.2781 0.4725 0.4701 0.2125 0.1398 0.1816 0.2941 0.4895 0.4548 0.1860 0.1412 0.1895 0.3112 0.5014 0.4364 0.1684 0.1436 0.1983 0.3302 0.5080 0.4145 0.1574 0.1468 0.2083 0.3509 0.5100 0.3890 0.1501 0.1507 0.2198 0.3749 0.5080 0.3554 0.1446 0.1564 0.2357 0.4070 0.5001 0.3054 0.1406 0.1655 0.2595 0.4498 0.4822 0.2533 0.1432 0.2533 0.4822 0.4498 0.2595 0.1655 0.1406 0.3054 0.5001 0.4070 0.2357 0.1564 0.1446 0.3554 0.5080 0.3749 0.2198 0.1507 0.1501 0.3890 0.5100 0.3509 0.2083 0.1468 0.1574 0.4145 0.5080 0.3302 0.1983 0.1436 0.1684 0.4364 0.5014 0.3112 0.1895 0.1412 0.1860 0.4548 0.4895 0.2941 0.1816 0.1398 0.2125 0.4701 0.4725 0.2781 0.1745 0.1394 0.2452 0.4829 0.4448
0.2592 0.4441 0.4868 0.2577 0.1395 0.1722 0.2727 0.4654 0.4750 0.2238 0.1396 0.1790 0.2882 0.4840 0.4607 0.1946 0.1407 0.1866 0.3050 0.4980 0.4432 0.1735 0.1427 0.1953 0.3237 0.5064 0.4222 0.1606 0.1457 0.2049 0.3440 0.5098 0.3972 0.1520 0.1496 0.2168 0.3692 0.5088 0.3620 0.1453 0.1556 0.2338 0.4039 0.5009 0.3081 0.1407 0.1654 0.2595 0.4491 0.4851 0.3750 0.4851 0.4491 0.2595 0.1654 0.1407 0.3081 0.5009 0.4039 0.2338 0.1556 0.1453 0.3620 0.5088 0.3692 0.2168 0.1496 0.1520 0.3972 0.5098 0.3440 0.2049 0.1457 0.1606 0.4222 0.5064 0.3237 0.1953 0.1427 0.1735 0.4432 0.4980 0.3050 0.1866 0.1407 0.1946 0.4607 0.4840 0.2882 0.1790 0.1396 0.2238 0.4750 0.4654 0.2727 0.1722 0.1395 0.2577 0.4868 0.4441 0.2592
0.1713 0.2532 0.4356 0.4906 0.2708 0.1397 0.1698 0.2672 0.4576 0.4797 0.2362 0.1395 0.1764 0.2823 0.4775 0.4664 0.2047 0.1402 0.1838 0.2988 0.4936 0.4497 0.1798 0.1419 0.1922 0.3171 0.5042 0.4297 0.1643 0.1446 0.2016 0.3373 0.5093 0.4047 0.1539 0.1486 0.2140 0.3640 0.5093 0.3677 0.1460 0.1549 0.2324 0.4019 0.5013 0.3091 0.1407 0.1655 0.2592 0.4413 0.5071 0.4413 0.2592 0.1655 0.1407 0.3091 0.5013 0.4019 0.2324 0.1549 0.1460 0.3677 0.5093 0.3640 0.2140 0.1486 0.1539 0.4047 0.5093 0.3373 0.2016 0.1446 0.1643 0.4297 0.5042 0.3171 0.1922 0.1419 0.1798 0.4497 0.4936 0.2988 0.1838 0.1402 0.2047 0.4664 0.4775 0.2823 0.1764 0.1395 0.2362 0.4797 0.4576 0.2672 0.1698 0.1397 0.2708 0.4906 0.4356 0.2532 0.1713
