0.2708 0.4633 0.4690 0.2042 0.1523 0.1982 0.3233 0.5060 0.4068 0.1629 0.1604 0.2285 0.3881 0.5028 0.3145 0.1523 0.1749 0.2683 0.4595 0.4718 0.2097 0.1520 0.1963 0.3192 0.5048 0.4123 0.1644 0.1596 0.2259 0.3829 0.5041 0.3224 0.1526 0.1736 0.2650 0.4544 0.4750 0.2162 0.1517 0.1945 0.3150 0.5033 0.4178 0.1659 0.1588 0.2234 0.3777 0.5053 0.3337 0.1533 0.1528 0.1533 0.3337 0.5053 0.3777 0.2234 0.1588 0.1659 0.4178 0.5033 0.3150 0.1945 0.1517 0.2162 0.4750 0.4544 0.2650 0.1736 0.1526 0.3224 0.5041 0.3829 0.2259 0.1596 0.1644 0.4123 0.5048 0.3192 0.1963 0.1520 0.2097 0.4718 0.4595 0.2683 0.1749 0.1523 0.3145 0.5028 0.3881 0.2285 0.1604 0.1629 0.4068 0.5060 0.3233 0.1982 0.1523 0.2042 0.4690 0.4633 0.2708
0.4633 0.4693 0.2016 0.1408 0.1902 0.3194 0.5073 0.4112 0.1536 0.1500 0.2214 0.3855 0.5046 0.3203 0.1409 0.1656 0.2625 0.4588 0.4744 0.2104 0.1404 0.1881 0.3148 0.5059 0.4167 0.1553 0.1491 0.2188 0.3802 0.5058 0.3282 0.1414 0.1642 0.2591 0.4536 0.4775 0.2179 0.1401 0.1862 0.3105 0.5043 0.4220 0.1572 0.1482 0.2162 0.3749 0.5069 0.3364 0.1420 0.1579 0.1987 0.1579 0.1420 0.3364 0.5069 0.3749 0.2162 0.1482 0.1572 0.4220 0.5043 0.3105 0.1862 0.1401 0.2179 0.4775 0.4536 0.2591 0.1642 0.1414 0.3282 0.5058 0.3802 0.2188 0.1491 0.1553 0.4167 0.5059 0.3148 0.1881 0.1404 0.2104 0.4744 0.4588 0.2625 0.1656 0.1409 0.3203 0.5046 0.3855 0.2214 0.1500 0.1536 0.4112 0.5073 0.3194 0.1902 0.1408 0.2016 0.4693 0.4633
0.4690 0.2016 0.1406 0.1884 0.3141 0.5053 0.4189 0.1562 0.1486 0.2174 0.3772 0.5063 0.3324 0.1417 0.1634 0.2572 0.4506 0.4791 0.2221 0.1400 0.1851 0.3081 0.5031 0.4248 0.1583 0.1477 0.2147 0.3719 0.5073 0.3400 0.1422 0.1621 0.2538 0.4453 0.4820 0.2300 0.1397 0.1832 0.3039 0.5011 0.4299 0.1605 0.1469 0.2122 0.3667 0.5082 0.3475 0.1428 0.1600 0.2414 0.3384 0.2414 0.1600 0.1428 0.3475 0.5082 0.3667 0.2122 0.1469 0.1605 0.4299 0.5011 0.3039 0.1832 0.1397 0.2300 0.4820 0.4453 0.2538 0.1621 0.1422 0.3400 0.5073 0.3719 0.2147 0.1477 0.1583 0.4248 0.5031 0.3081 0.1851 0.1400 0.2221 0.4791 0.4506 0.2572 0.1634 0.1417 0.3324 0.5063 0.3772 0.2174 0.1486 0.1562 0.4189 0.5053 0.3141 0.1884 0.1406 0.2016 0.4690
0.2042 0.1408 0.1884 0.3121 0.5040 0.4245 0.1586 0.1475 0.2138 0.3696 0.5078 0.3439 0.1426 0.1614 0.2520 0.4423 0.4836 0.2346 0.1396 0.1822 0.3016 0.4998 0.4326 0.1619 0.1464 0.2109 0.3639 0.5086 0.3515 0.1432 0.1601 0.2488 0.4368 0.4862 0.2428 0.1395 0.1804 0.2975 0.4972 0.4374 0.1645 0.1457 0.2084 0.3588 0.5092 0.3586 0.1439 0.1587 0.2441 0.4183 0.5072 0.4183 0.2441 0.1587 0.1439 0.3586 0.5092 0.3588 0.2084 0.1457 0.1645 0.4374 0.4972 0.2975 0.1804 0.1395 0.2428 0.4862 0.4368 0.2488 0.1601 0.1432 0.3515 0.5086 0.3639 0.2109 0.1464 0.1619 0.4326 0.4998 0.3016 0.1822 0.1396 0.2346 0.4836 0.4423 0.2520 0.1614 0.1426 0.3439 0.5078 0.3696 0.2138 0.1475 0.1586 0.4245 0.5040 0.3121 0.1884 0.1408 0.2042
0.1523 0.1902 0.3141 0.5040 0.4265 0.1603 0.1467 0.2109 0.3630 0.5088 0.3542 0.1435 0.1595 0.2472 0.4339 0.4876 0.2473 0.1395 0.1794 0.2953 0.4956 0.4400 0.1661 0.1453 0.2071 0.3560 0.5095 0.3625 0.1444 0.1582 0.2439 0.4282 0.4901 0.2557 0.1394 0.1777 0.2913 0.4925 0.4446 0.1692 0.1445 0.2047 0.3510 0.5098 0.3693 0.1452 0.1570 0.2405 0.4202 0.4957 0.4027 0.4957 0.4202 0.2405 0.1570 0.1452 0.3693 0.5098 0.3510 0.2047 0.1445 0.1692 0.4446 0.4925 0.2913 0.1777 0.1394 0.2557 0.4901 0.4282 0.2439 0.1582 0.1444 0.3625 0.5095 0.3560 0.2071 0.1453 0.1661 0.4400 0.4956 0.2953 0.1794 0.1395 0.2473 0.4876 0.4339 0.2472 0.1595 0.1435 0.3542 0.5088 0.3630 0.2109 0.1467 0.1603 0.4265 0.5040 0.3141 0.1902 0.1523
0.1982 0.3194 0.5053 0.4245 0.1603 0.1464 0.2094 0.3585 0.5094 0.3627 0.1446 0.1579 0.2427 0.4258 0.4912 0.2600 0.1394 0.1768 0.2891 0.4906 0.4470 0.1711 0.1441 0.2035 0.3482 0.5099 0.3731 0.1457 0.1564 0.2391 0.4196 0.4936 0.2689 0.1395 0.1751 0.2852 0.4870 0.4513 0.1749 0.1435 0.2012 0.3434 0.5100 0.3797 0.1467 0.1553 0.2361 0.4136 0.4963 0.2988 0.1503 0.2988 0.4963 0.4136 0.2361 0.1553 0.1467 0.3797 0.5100 0.3434 0.2012 0.1435 0.1749 0.4513 0.4870 0.2852 0.1751 0.1395 0.2689 0.4936 0.4196 0.2391 0.1564 0.1457 0.3731 0.5099 0.3482 0.2035 0.1441 0.1711 0.4470 0.4906 0.2891 0.1768 0.1394 0.2600 0.4912 0.4258 0.2427 0.1579 0.1446 0.3627 0.5094 0.3585 0.2094 0.1464 0.1603 0.4245 0.5053 0.3194 0.1982
0.3233 0.5073 0.4189 0.1586 0.1467 0.2094 0.3568 0.5097 0.3685 0.1454 0.1565 0.2389 0.4184 0.4943 0.2723 0.1395 0.1743 0.2833 0.4850 0.4536 0.1771 0.1431 0.1999 0.3407 0.5100 0.3833 0.1473 0.1547 0.2345 0.4110 0.4968 0.2820 0.1396 0.1725 0.2793 0.4808 0.4577 0.1818 0.1425 0.1977 0.3360 0.5098 0.3896 0.1484 0.1536 0.2316 0.4054 0.4988 0.2940 0.1392 0.1453 0.1392 0.2940 0.4988 0.4054 0.2316 0.1536 0.1484 0.3896 0.5098 0.3360 0.1977 0.1425 0.1818 0.4577 0.4808 0.2793 0.1725 0.1396 0.2820 0.4968 0.4110 0.2345 0.1547 0.1473 0.3833 0.5100 0.3407 0.1999 0.1431 0.1771 0.4536 0.4850 0.2833 0.1743 0.1395 0.2723 0.4943 0.4184 0.2389 0.1565 0.1454 0.3685 0.5097 0.3568 0.2094 0.1467 0.1586 0.4189 0.5073 0.3233
0.5060 0.4112 0.1562 0.1475 0.2109 0.3585 0.5097 0.3705 0.1460 0.1557 0.2360 0.4122 0.4969 0.2833 0.1397 0.1720 0.2778 0.4788 0.4596 0.1842 0.1422 0.1966 0.3335 0.5096 0.3929 0.1491 0.1530 0.2300 0.4024 0.4997 0.2950 0.1399 0.1701 0.2735 0.4739 0.4636 0.1900 0.1417 0.1944 0.3288 0.5090 0.3990 0.1504 0.1520 0.2272 0.3969 0.5014 0.3039 0.1401 0.1633 0.2083 0.1633 0.1401 0.3039 0.5014 0.3969 0.2272 0.1520 0.1504 0.3990 0.5090 0.3288 0.1944 0.1417 0.1900 0.4636 0.4739 0.2735 0.1701 0.1399 0.2950 0.4997 0.4024 0.2300 0.1530 0.1491 0.3929 0.5096 0.3335 0.1966 0.1422 0.1842 0.4596 0.4788 0.2778 0.1720 0.1397 0.2833 0.4969 0.4122 0.2360 0.1557 0.1460 0.3705 0.5097 0.3585 0.2109 0.1475 0.1562 0.4112 0.5060
0.4068 0.1536 0.1486 0.2138 0.3630 0.5094 0.3685 0.1460 0.1554 0.2344 0.4081 0.4986 0.2923 0.1399 0.1701 0.2728 0.4725 0.4650 0.1924 0.1415 0.1934 0.3265 0.5087 0.4021 0.1511 0.1515 0.2257 0.3939 0.5023 0.3078 0.1404 0.1678 0.2679 0.4665 0.4691 0.1995 0.1410 0.1912 0.3217 0.5077 0.4080 0.1527 0.1505 0.2229 0.3885 0.5037 0.3159 0.1407 0.1655 0.2548 0.3593 0.2548 0.1655 0.1407 0.3159 0.5037 0.3885 0.2229 0.1505 0.1527 0.4080 0.5077 0.3217 0.1912 0.1410 0.1995 0.4691 0.4665 0.2679 0.1678 0.1404 0.3078 0.5023 0.3939 0.2257 0.1515 0.1511 0.4021 0.5087 0.3265 0.1934 0.1415 0.1924 0.4650 0.4725 0.2728 0.1701 0.1399 0.2923 0.4986 0.4081 0.2344 0.1554 0.1460 0.3685 0.5094 0.3630 0.2138 0.1486 0.1536 0.4068
0.1629 0.1500 0.2174 0.3696 0.5088 0.3627 0.1454 0.1557 0.2344 0.4066 0.4995 0.2981 0.1401 0.1685 0.2687 0.4666 0.4696 0.2012 0.1408 0.1904 0.3198 0.5072 0.4107 0.1534 0.1500 0.2215 0.3856 0.5044 0.3202 0.1409 0.1656 0.2625 0.4587 0.4743 0.2103 0.1404 0.1881 0.3148 0.5058 0.4166 0.1553 0.1491 0.2188 0.3801 0.5057 0.3281 0.1414 0.1640 0.2574 0.4409 0.5070 0.4409 0.2574 0.1640 0.1414 0.3281 0.5057 0.3801 0.2188 0.1491 0.1553 0.4166 0.5058 0.3148 0.1881 0.1404 0.2103 0.4743 0.4587 0.2625 0.1656 0.1409 0.3202 0.5044 0.3856 0.2215 0.1500 0.1534 0.4107 0.5072 0.3198 0.1904 0.1408 0.2012 0.4696 0.4666 0.2687 0.1685 0.1401 0.2981 0.4995 0.4066 0.2344 0.1557 0.1454 0.3627 0.5088 0.3696 0.2174 0.1500 0.1629
0.1604 0.2214 0.3772 0.5078 0.3542 0.1446 0.1565 0.2360 0.4081 0.4995 0.3001 0.1403 0.1675 0.2657 0.4616 0.4733 0.2096 0.1404 0.1877 0.3136 0.5053 0.4187 0.1561 0.1487 0.2175 0.3775 0.5063 0.3321 0.1417 0.1635 0.2572 0.4506 0.4791 0.2220 0.1400 0.1851 0.3082 0.5032 0.4248 0.1583 0.1477 0.2148 0.3719 0.5073 0.3399 0.1422 0.1621 0.2535 0.4428 0.4867 0.3780 0.4867 0.4428 0.2535 0.1621 0.1422 0.3399 0.5073 0.3719 0.2148 0.1477 0.1583 0.4248 0.5032 0.3082 0.1851 0.1400 0.2220 0.4791 0.4506 0.2572 0.1635 0.1417 0.3321 0.5063 0.3775 0.2175 0.1487 0.1561 0.4187 0.5053 0.3136 0.1877 0.1404 0.2096 0.4733 0.4616 0.2657 0.1675 0.1403 0.3001 0.4995 0.4081 0.2360 0.1565 0.1446 0.3542 0.5078 0.3772 0.2214 0.1604
0.2285 0.3855 0.5063 0.3439 0.1435 0.1579 0.2389 0.4122 0.4986 0.2981 0.1403 0.1672 0.2641 0.4583 0.4760 0.2168 0.1401 0.1854 0.3082 0.5029 0.4260 0.1590 0.1474 0.2137 0.3697 0.5077 0.3435 0.1425 0.1615 0.2522 0.4424 0.4835 0.2343 0.1396 0.1822 0.3016 0.4998 0.4326 0.1618 0.1465 0.2109 0.3639 0.5086 0.3514 0.1432 0.1601 0.2488 0.4364 0.4871 0.2641 0.1443 0.2641 0.4871 0.4364 0.2488 0.1601 0.1432 0.3514 0.5086 0.3639 0.2109 0.1465 0.1618 0.4326 0.4998 0.3016 0.1822 0.1396 0.2343 0.4835 0.4424 0.2522 0.1615 0.1425 0.3435 0.5077 0.3697 0.2137 0.1474 0.1590 0.4260 0.5029 0.3082 0.1854 0.1401 0.2168 0.4760 0.4583 0.2641 0.1672 0.1403 0.2981 0.4986 0.4122 0.2389 0.1579 0.1435 0.3439 0.5063 0.3855 0.2285
0.3881 0.5046 0.3324 0.1426 0.1595 0.2427 0.4184 0.4969 0.2923 0.1401 0.1675 0.2641 0.4571 0.4773 0.2217 0.1399 0.1837 0.3037 0.5004 0.4322 0.1621 0.1463 0.2102 0.3621 0.5088 0.3544 0.1435 0.1596 0.2473 0.4342 0.4875 0.2469 0.1395 0.1795 0.2954 0.4956 0.4400 0.1660 0.1453 0.2071 0.3560 0.5095 0.3625 0.1444 0.1582 0.2439 0.4282 0.4902 0.2594 0.1382 0.1489 0.1382 0.2594 0.4902 0.4282 0.2439 0.1582 0.1444 0.3625 0.5095 0.3560 0.2071 0.1453 0.1660 0.4400 0.4956 0.2954 0.1795 0.1395 0.2469 0.4875 0.4342 0.2473 0.1596 0.1435 0.3544 0.5088 0.3621 0.2102 0.1463 0.1621 0.4322 0.5004 0.3037 0.1837 0.1399 0.2217 0.4773 0.4571 0.2641 0.1675 0.1401 0.2923 0.4969 0.4184 0.2427 0.1595 0.1426 0.3324 0.5046 0.3881
0.5028 0.3203 0.1417 0.1614 0.2472 0.4258 0.4943 0.2833 0.1399 0.1685 0.2657 0.4583 0.4773 0.2234 0.1398 0.1826 0.3005 0.4981 0.4372 0.1651 0.1454 0.2071 0.3553 0.5096 0.3645 0.1447 0.1578 0.2426 0.4259 0.4912 0.2596 0.1394 0.1769 0.2893 0.4908 0.4469 0.1710 0.1442 0.2035 0.3483 0.5099 0.3730 0.1457 0.1564 0.2391 0.4197 0.4937 0.2696 0.1393 0.1693 0.2190 0.1693 0.1393 0.2696 0.4937 0.4197 0.2391 0.1564 0.1457 0.3730 0.5099 0.3483 0.2035 0.1442 0.1710 0.4469 0.4908 0.2893 0.1769 0.1394 0.2596 0.4912 0.4259 0.2426 0.1578 0.1447 0.3645 0.5096 0.3553 0.2071 0.1454 0.1651 0.4372 0.4981 0.3005 0.1826 0.1398 0.2234 0.4773 0.4583 0.2657 0.1685 0.1399 0.2833 0.4943 0.4258 0.2472 0.1614 0.1417 0.3203 0.5028
0.3145 0.1409 0.1634 0.2520 0.4339 0.4912 0.2723 0.1397 0.1701 0.2687 0.4616 0.4760 0.2217 0.1398 0.1822 0.2988 0.4965 0.4408 0.1677 0.1446 0.2044 0.3493 0.5100 0.3736 0.1459 0.1561 0.2382 0.4176 0.4945 0.2724 0.1395 0.1743 0.2835 0.4852 0.4533 0.1769 0.1431 0.2001 0.3409 0.5100 0.3831 0.1473 0.1547 0.2345 0.4111 0.4968 0.2821 0.1396 0.1716 0.2694 0.3813 0.2694 0.1716 0.1396 0.2821 0.4968 0.4111 0.2345 0.1547 0.1473 0.3831 0.5100 0.3409 0.2001 0.1431 0.1769 0.4533 0.4852 0.2835 0.1743 0.1395 0.2724 0.4945 0.4176 0.2382 0.1561 0.1459 0.3736 0.5100 0.3493 0.2044 0.1446 0.1677 0.4408 0.4965 0.2988 0.1822 0.1398 0.2217 0.4760 0.4616 0.2687 0.1701 0.1397 0.2723 0.4912 0.4339 0.2520 0.1634 0.1409 0.3145
0.1523 0.1656 0.2572 0.4423 0.4876 0.2600 0.1395 0.1720 0.2728 0.4666 0.4733 0.2168 0.1399 0.1826 0.2988 0.4959 0.4425 0.1696 0.1441 0.2025 0.3444 0.5100 0.3814 0.1472 0.1546 0.2341 0.4097 0.4974 0.2849 0.1397 0.1719 0.2778 0.4790 0.4594 0.1840 0.1422 0.1967 0.3337 0.5096 0.3927 0.1491 0.1531 0.2301 0.4025 0.4997 0.2950 0.1399 0.1699 0.2719 0.4624 0.5040 0.4624 0.2719 0.1699 0.1399 0.2950 0.4997 0.4025 0.2301 0.1531 0.1491 0.3927 0.5096 0.3337 0.1967 0.1422 0.1840 0.4594 0.4790 0.2778 0.1719 0.1397 0.2849 0.4974 0.4097 0.2341 0.1546 0.1472 0.3814 0.5100 0.3444 0.2025 0.1441 0.1696 0.4425 0.4959 0.2988 0.1826 0.1399 0.2168 0.4733 0.4666 0.2728 0.1720 0.1395 0.2600 0.4876 0.4423 0.2572 0.1656 0.1523
0.1749 0.2625 0.4506 0.4836 0.2473 0.1394 0.1743 0.2778 0.4725 0.4696 0.2096 0.1401 0.1837 0.3005 0.4965 0.4425 0.1703 0.1439 0.2012 0.3410 0.5100 0.3876 0.1484 0.1534 0.2305 0.4024 0.4999 0.2966 0.1400 0.1697 0.2723 0.4722 0.4650 0.1923 0.1415 0.1935 0.3268 0.5087 0.4017 0.1511 0.1515 0.2258 0.3941 0.5022 0.3076 0.1404 0.1678 0.2676 0.4643 0.4754 0.3501 0.4754 0.4643 0.2676 0.1678 0.1404 0.3076 0.5022 0.3941 0.2258 0.1515 0.1511 0.4017 0.5087 0.3268 0.1935 0.1415 0.1923 0.4650 0.4722 0.2723 0.1697 0.1400 0.2966 0.4999 0.4024 0.2305 0.1534 0.1484 0.3876 0.5100 0.3410 0.2012 0.1439 0.1703 0.4425 0.4965 0.3005 0.1837 0.1401 0.2096 0.4696 0.4725 0.2778 0.1743 0.1394 0.2473 0.4836 0.4506 0.2625 0.1749
0.2683 0.4588 0.4791 0.2346 0.1395 0.1768 0.2833 0.4788 0.4650 0.2012 0.1404 0.1854 0.3037 0.4981 0.4408 0.1696 0.1439 0.2008 0.3392 0.5098 0.3920 0.1494 0.1524 0.2275 0.3961 0.5019 0.3073 0.1404 0.1676 0.2671 0.4652 0.4702 0.2018 0.1408 0.1904 0.3200 0.5073 0.4103 0.1533 0.1501 0.2217 0.3859 0.5044 0.3198 0.1409 0.1656 0.2625 0.4584 0.4754 0.2296 0.1402 0.2296 0.4754 0.4584 0.2625 0.1656 0.1409 0.3198 0.5044 0.3859 0.2217 0.1501 0.1533 0.4103 0.5073 0.3200 0.1904 0.1408 0.2018 0.4702 0.4652 0.2671 0.1676 0.1404 0.3073 0.5019 0.3961 0.2275 0.1524 0.1494 0.3920 0.5098 0.3392 0.2008 0.1439 0.1696 0.4408 0.4981 0.3037 0.1854 0.1404 0.2012 0.4650 0.4788 0.2833 0.1768 0.1395 0.2346 0.4791 0.4588 0.2683
0.4595 0.4744 0.2221 0.1396 0.1794 0.2891 0.4850 0.4596 0.1924 0.1408 0.1877 0.3082 0.5004 0.4372 0.1677 0.1441 0.2012 0.3392 0.5098 0.3942 0.1501 0.1517 0.2252 0.3910 0.5035 0.3165 0.1408 0.1657 0.2624 0.4581 0.4749 0.2122 0.1403 0.1875 0.3134 0.5053 0.4186 0.1560 0.1487 0.2177 0.3779 0.5062 0.3316 0.1416 0.1635 0.2574 0.4508 0.4792 0.2251 0.1382 0.1532 0.1382 0.2251 0.4792 0.4508 0.2574 0.1635 0.1416 0.3316 0.5062 0.3779 0.2177 0.1487 0.1560 0.4186 0.5053 0.3134 0.1875 0.1403 0.2122 0.4749 0.4581 0.2624 0.1657 0.1408 0.3165 0.5035 0.3910 0.2252 0.1517 0.1501 0.3942 0.5098 0.3392 0.2012 0.1441 0.1677 0.4372 0.5004 0.3082 0.1877 0.1408 0.1924 0.4596 0.4850 0.2891 0.1794 0.1396 0.2221 0.4744 0.4595
0.4718 0.2104 0.1400 0.1822 0.2953 0.4906 0.4536 0.1842 0.1415 0.1904 0.3136 0.5029 0.4322 0.1651 0.1446 0.2025 0.3410 0.5098 0.3942 0.1504 0.1514 0.2238 0.3874 0.5046 0.3238 0.1413 0.1642 0.2583 0.4515 0.4790 0.2227 0.1399 0.1847 0.3070 0.5026 0.4264 0.1590 0.1474 0.2138 0.3700 0.5077 0.3430 0.1425 0.1615 0.2524 0.4428 0.4834 0.2347 0.1394 0.1761 0.2309 0.1761 0.1394 0.2347 0.4834 0.4428 0.2524 0.1615 0.1425 0.3430 0.5077 0.3700 0.2138 0.1474 0.1590 0.4264 0.5026 0.3070 0.1847 0.1399 0.2227 0.4790 0.4515 0.2583 0.1642 0.1413 0.3238 0.5046 0.3874 0.2238 0.1514 0.1504 0.3942 0.5098 0.3410 0.2025 0.1446 0.1651 0.4322 0.5029 0.3136 0.1904 0.1415 0.1842 0.4536 0.4906 0.2953 0.1822 0.1400 0.2104 0.4718
0.2097 0.1404 0.1851 0.3016 0.4956 0.4470 0.1771 0.1422 0.1934 0.3198 0.5053 0.4260 0.1621 0.1454 0.2044 0.3444 0.5100 0.3920 0.1501 0.1514 0.2233 0.3856 0.5052 0.3289 0.1417 0.1630 0.2549 0.4456 0.4825 0.2328 0.1397 0.1821 0.3011 0.4993 0.4338 0.1626 0.1462 0.2101 0.3622 0.5088 0.3540 0.1435 0.1596 0.2475 0.4345 0.4873 0.2466 0.1394 0.1785 0.2853 0.4046 0.2853 0.1785 0.1394 0.2466 0.4873 0.4345 0.2475 0.1596 0.1435 0.3540 0.5088 0.3622 0.2101 0.1462 0.1626 0.4338 0.4993 0.3011 0.1821 0.1397 0.2328 0.4825 0.4456 0.2549 0.1630 0.1417 0.3289 0.5052 0.3856 0.2233 0.1514 0.1501 0.3920 0.5100 0.3444 0.2044 0.1454 0.1621 0.4260 0.5053 0.3198 0.1934 0.1422 0.1771 0.4470 0.4956 0.3016 0.1851 0.1404 0.2097
0.1520 0.1881 0.3081 0.4998 0.4400 0.1711 0.1431 0.1966 0.3265 0.5072 0.4187 0.1590 0.1463 0.2071 0.3493 0.5100 0.3876 0.1494 0.1517 0.2238 0.3856 0.5054 0.3315 0.1419 0.1621 0.2524 0.4408 0.4852 0.2417 0.1395 0.1799 0.2958 0.4956 0.4405 0.1665 0.1451 0.2065 0.3546 0.5096 0.3646 0.1446 0.1578 0.2428 0.4262 0.4910 0.2591 0.1394 0.1767 0.2878 0.4815 0.4985 0.4815 0.2878 0.1767 0.1394 0.2591 0.4910 0.4262 0.2428 0.1578 0.1446 0.3646 0.5096 0.3546 0.2065 0.1451 0.1665 0.4405 0.4956 0.2958 0.1799 0.1395 0.2417 0.4852 0.4408 0.2524 0.1621 0.1419 0.3315 0.5054 0.3856 0.2238 0.1517 0.1494 0.3876 0.5100 0.3493 0.2071 0.1463 0.1590 0.4187 0.5072 0.3265 0.1966 0.1431 0.1711 0.4400 0.4998 0.3081 0.1881 0.1520
0.1963 0.3148 0.5031 0.4326 0.1661 0.1441 0.1999 0.3335 0.5087 0.4107 0.1561 0.1474 0.2102 0.3553 0.5100 0.3814 0.1484 0.1524 0.2252 0.3874 0.5052 0.3315 0.1420 0.1617 0.2508 0.4374 0.4872 0.2490 0.1394 0.1780 0.2911 0.4917 0.4463 0.1709 0.1441 0.2032 0.3473 0.5100 0.3748 0.1460 0.1561 0.2382 0.4178 0.4944 0.2719 0.1395 0.1744 0.2833 0.4835 0.4613 0.3183 0.4613 0.4835 0.2833 0.1744 0.1395 0.2719 0.4944 0.4178 0.2382 0.1561 0.1460 0.3748 0.5100 0.3473 0.2032 0.1441 0.1709 0.4463 0.4917 0.2911 0.1780 0.1394 0.2490 0.4872 0.4374 0.2508 0.1617 0.1420 0.3315 0.5052 0.3874 0.2252 0.1524 0.1484 0.3814 0.5100 0.3553 0.2102 0.1474 0.1561 0.4107 0.5087 0.3335 0.1999 0.1441 0.1661 0.4326 0.5031 0.3148 0.1963
0.3192 0.5059 0.4248 0.1619 0.1453 0.2035 0.3407 0.5096 0.4021 0.1534 0.1487 0.2137 0.3621 0.5096 0.3736 0.1472 0.1534 0.2275 0.3910 0.5046 0.3289 0.1419 0.1617 0.2503 0.4355 0.4884 0.2542 0.1394 0.1765 0.2873 0.4879 0.4513 0.1756 0.1432 0.2001 0.3406 0.5100 0.3843 0.1475 0.1544 0.2337 0.4095 0.4974 0.2846 0.1397 0.1720 0.2779 0.4788 0.4607 0.1979 0.1377 0.1979 0.4607 0.4788 0.2779 0.1720 0.1397 0.2846 0.4974 0.4095 0.2337 0.1544 0.1475 0.3843 0.5100 0.3406 0.2001 0.1432 0.1756 0.4513 0.4879 0.2873 0.1765 0.1394 0.2542 0.4884 0.4355 0.2503 0.1617 0.1419 0.3289 0.5046 0.3910 0.2275 0.1534 0.1472 0.3736 0.5096 0.3621 0.2137 0.1487 0.1534 0.4021 0.5096 0.3407 0.2035 0.1453 0.1619 0.4248 0.5059 0.3192
0.5048 0.4167 0.1583 0.1464 0.2071 0.3482 0.5100 0.3929 0.1511 0.1500 0.2175 0.3697 0.5088 0.3645 0.1459 0.1546 0.2305 0.3961 0.5035 0.3238 0.1417 0.1621 0.2508 0.4355 0.4888 0.2569 0.1394 0.1755 0.2844 0.4847 0.4552 0.1802 0.1425 0.1975 0.3345 0.5096 0.3929 0.1492 0.1529 0.2295 0.4012 0.5001 0.2972 0.1400 0.1697 0.2724 0.4723 0.4651 0.1945 0.1391 0.1582 0.1391 0.1945 0.4651 0.4723 0.2724 0.1697 0.1400 0.2972 0.5001 0.4012 0.2295 0.1529 0.1492 0.3929 0.5096 0.3345 0.1975 0.1425 0.1802 0.4552 0.4847 0.2844 0.1755 0.1394 0.2569 0.4888 0.4355 0.2508 0.1621 0.1417 0.3238 0.5035 0.3961 0.2305 0.1546 0.1459 0.3645 0.5088 0.3697 0.2175 0.1500 0.1511 0.3929 0.5100 0.3482 0.2071 0.1464 0.1583 0.4167 0.5048
0.4123 0.1553 0.1477 0.2109 0.3560 0.5099 0.3833 0.1491 0.1515 0.2215 0.3775 0.5077 0.3544 0.1447 0.1561 0.2341 0.4024 0.5019 0.3165 0.1413 0.1630 0.2524 0.4374 0.4884 0.2569 0.1394 0.1750 0.2827 0.4823 0.4581 0.1843 0.1420 0.1952 0.3293 0.5090 0.4005 0.1510 0.1515 0.2255 0.3933 0.5025 0.3094 0.1404 0.1674 0.2670 0.4652 0.4702 0.2022 0.1405 0.1839 0.2443 0.1839 0.1405 0.2022 0.4702 0.4652 0.2670 0.1674 0.1404 0.3094 0.5025 0.3933 0.2255 0.1515 0.1510 0.4005 0.5090 0.3293 0.1952 0.1420 0.1843 0.4581 0.4823 0.2827 0.1750 0.1394 0.2569 0.4884 0.4374 0.2524 0.1630 0.1413 0.3165 0.5019 0.4024 0.2341 0.1561 0.1447 0.3544 0.5077 0.3775 0.2215 0.1515 0.1491 0.3833 0.5099 0.3560 0.2109 0.1477 0.1553 0.4123
0.1644 0.1491 0.2147 0.3639 0.5095 0.3731 0.1473 0.1530 0.2257 0.3856 0.5063 0.3435 0.1435 0.1578 0.2382 0.4097 0.4999 0.3073 0.1408 0.1642 0.2549 0.4408 0.4872 0.2542 0.1394 0.1750 0.2821 0.4809 0.4599 0.1875 0.1417 0.1935 0.3250 0.5082 0.4069 0.1527 0.1503 0.2220 0.3860 0.5045 0.3209 0.1410 0.1653 0.2618 0.4576 0.4751 0.2124 0.1402 0.1864 0.3029 0.4288 0.3029 0.1864 0.1402 0.2124 0.4751 0.4576 0.2618 0.1653 0.1410 0.3209 0.5045 0.3860 0.2220 0.1503 0.1527 0.4069 0.5082 0.3250 0.1935 0.1417 0.1875 0.4599 0.4809 0.2821 0.1750 0.1394 0.2542 0.4872 0.4408 0.2549 0.1642 0.1408 0.3073 0.4999 0.4097 0.2382 0.1578 0.1435 0.3435 0.5063 0.3856 0.2257 0.1530 0.1473 0.3731 0.5095 0.3639 0.2147 0.1491 0.1644
0.1596 0.2188 0.3719 0.5086 0.3625 0.1457 0.1547 0.2300 0.3939 0.5044 0.3321 0.1425 0.1596 0.2426 0.4176 0.4974 0.2966 0.1404 0.1657 0.2583 0.4456 0.4852 0.2490 0.1394 0.1755 0.2827 0.4809 0.4605 0.1892 0.1414 0.1923 0.3219 0.5073 0.4122 0.1544 0.1493 0.2189 0.3793 0.5060 0.3314 0.1417 0.1634 0.2568 0.4498 0.4796 0.2237 0.1399 0.1844 0.3052 0.4961 0.4904 0.4961 0.3052 0.1844 0.1399 0.2237 0.4796 0.4498 0.2568 0.1634 0.1417 0.3314 0.5060 0.3793 0.2189 0.1493 0.1544 0.4122 0.5073 0.3219 0.1923 0.1414 0.1892 0.4605 0.4809 0.2827 0.1755 0.1394 0.2490 0.4852 0.4456 0.2583 0.1657 0.1404 0.2966 0.4974 0.4176 0.2426 0.1596 0.1425 0.3321 0.5044 0.3939 0.2300 0.1547 0.1457 0.3625 0.5086 0.3719 0.2188 0.1596
0.2259 0.3802 0.5073 0.3515 0.1444 0.1564 0.2345 0.4024 0.5023 0.3202 0.1417 0.1615 0.2473 0.4259 0.4945 0.2849 0.1400 0.1676 0.2624 0.4515 0.4825 0.2417 0.1394 0.1765 0.2844 0.4823 0.4599 0.1892 0.1414 0.1917 0.3199 0.5066 0.4160 0.1559 0.1485 0.2162 0.3735 0.5073 0.3408 0.1424 0.1616 0.2522 0.4421 0.4838 0.2356 0.1396 0.1818 0.3004 0.4979 0.4442 0.2834 0.4442 0.4979 0.3004 0.1818 0.1396 0.2356 0.4838 0.4421 0.2522 0.1616 0.1424 0.3408 0.5073 0.3735 0.2162 0.1485 0.1559 0.4160 0.5066 0.3199 0.1917 0.1414 0.1892 0.4599 0.4823 0.2844 0.1765 0.1394 0.2417 0.4825 0.4515 0.2624 0.1676 0.1400 0.2849 0.4945 0.4259 0.2473 0.1615 0.1417 0.3202 0.5023 0.4024 0.2345 0.1564 0.1444 0.3515 0.5073 0.3802 0.2259
0.3829 0.5058 0.3400 0.1432 0.1582 0.2391 0.4110 0.4997 0.3078 0.1409 0.1635 0.2522 0.4342 0.4912 0.2724 0.1397 0.1697 0.2671 0.4581 0.4790 0.2328 0.1395 0.1780 0.2873 0.4847 0.4581 0.1875 0.1414 0.1917 0.3193 0.5062 0.4183 0.1569 0.1479 0.2142 0.3688 0.5081 0.3488 0.1431 0.1600 0.2481 0.4348 0.4874 0.2474 0.1395 0.1792 0.2946 0.4948 0.4428 0.1748 0.1365 0.1748 0.4428 0.4948 0.2946 0.1792 0.1395 0.2474 0.4874 0.4348 0.2481 0.1600 0.1431 0.3488 0.5081 0.3688 0.2142 0.1479 0.1569 0.4183 0.5062 0.3193 0.1917 0.1414 0.1875 0.4581 0.4847 0.2873 0.1780 0.1395 0.2328 0.4790 0.4581 0.2671 0.1697 0.1397 0.2724 0.4912 0.4342 0.2522 0.1635 0.1409 0.3078 0.4997 0.4110 0.2391 0.1582 0.1432 0.3400 0.5058 0.3829
0.5041 0.3282 0.1422 0.1601 0.2439 0.4196 0.4968 0.2950 0.1404 0.1656 0.2572 0.4424 0.4875 0.2596 0.1395 0.1719 0.2723 0.4652 0.4749 0.2227 0.1397 0.1799 0.2911 0.4879 0.4552 0.1843 0.1417 0.1923 0.3199 0.5062 0.4191 0.1575 0.1475 0.2128 0.3652 0.5087 0.3553 0.1438 0.1587 0.2444 0.4281 0.4906 0.2585 0.1394 0.1768 0.2890 0.4903 0.4479 0.1731 0.1411 0.1640 0.1411 0.1731 0.4479 0.4903 0.2890 0.1768 0.1394 0.2585 0.4906 0.4281 0.2444 0.1587 0.1438 0.3553 0.5087 0.3652 0.2128 0.1475 0.1575 0.4191 0.5062 0.3199 0.1923 0.1417 0.1843 0.4552 0.4879 0.2911 0.1799 0.1397 0.2227 0.4749 0.4652 0.2723 0.1719 0.1395 0.2596 0.4875 0.4424 0.2572 0.1656 0.1404 0.2950 0.4968 0.4196 0.2439 0.1601 0.1422 0.3282 0.5041
0.3224 0.1414 0.1621 0.2488 0.4282 0.4936 0.2820 0.1399 0.1678 0.2625 0.4506 0.4835 0.2469 0.1394 0.1743 0.2778 0.4722 0.4702 0.2122 0.1399 0.1821 0.2958 0.4917 0.4513 0.1802 0.1420 0.1935 0.3219 0.5066 0.4183 0.1575 0.1474 0.2121 0.3631 0.5091 0.3600 0.1445 0.1577 0.2414 0.4222 0.4932 0.2687 0.1395 0.1746 0.2837 0.4851 0.4537 0.1778 0.1426 0.1925 0.2590 0.1925 0.1426 0.1778 0.4537 0.4851 0.2837 0.1746 0.1395 0.2687 0.4932 0.4222 0.2414 0.1577 0.1445 0.3600 0.5091 0.3631 0.2121 0.1474 0.1575 0.4183 0.5066 0.3219 0.1935 0.1420 0.1802 0.4513 0.4917 0.2958 0.1821 0.1399 0.2122 0.4702 0.4722 0.2778 0.1743 0.1394 0.2469 0.4835 0.4506 0.2625 0.1678 0.1399 0.2820 0.4936 0.4282 0.2488 0.1621 0.1414 0.3224
0.1526 0.1642 0.2538 0.4368 0.4901 0.2689 0.1396 0.1701 0.2679 0.4587 0.4791 0.2343 0.1395 0.1769 0.2835 0.4790 0.4650 0.2018 0.1403 0.1847 0.3011 0.4956 0.4463 0.1756 0.1425 0.1952 0.3250 0.5073 0.4160 0.1569 0.1475 0.2121 0.3623 0.5092 0.3629 0.1449 0.1569 0.2391 0.4174 0.4952 0.2777 0.1396 0.1727 0.2789 0.4797 0.4591 0.1841 0.1421 0.1953 0.3220 0.4524 0.3220 0.1953 0.1421 0.1841 0.4591 0.4797 0.2789 0.1727 0.1396 0.2777 0.4952 0.4174 0.2391 0.1569 0.1449 0.3629 0.5092 0.3623 0.2121 0.1475 0.1569 0.4160 0.5073 0.3250 0.1952 0.1425 0.1756 0.4463 0.4956 0.3011 0.1847 0.1403 0.2018 0.4650 0.4790 0.2835 0.1769 0.1395 0.2343 0.4791 0.4587 0.2679 0.1701 0.1396 0.2689 0.4901 0.4368 0.2538 0.1642 0.1526
0.1736 0.2591 0.4453 0.4862 0.2557 0.1395 0.1725 0.2735 0.4665 0.4743 0.2220 0.1396 0.1795 0.2893 0.4852 0.4594 0.1923 0.1408 0.1875 0.3070 0.4993 0.4405 0.1709 0.1432 0.1975 0.3293 0.5082 0.4122 0.1559 0.1479 0.2128 0.3631 0.5092 0.3639 0.1452 0.1564 0.2375 0.4138 0.4968 0.2850 0.1397 0.1710 0.2747 0.4744 0.4638 0.1912 0.1415 0.1933 0.3245 0.5049 0.4798 0.5049 0.3245 0.1933 0.1415 0.1912 0.4638 0.4744 0.2747 0.1710 0.1397 0.2850 0.4968 0.4138 0.2375 0.1564 0.1452 0.3639 0.5092 0.3631 0.2128 0.1479 0.1559 0.4122 0.5082 0.3293 0.1975 0.1432 0.1709 0.4405 0.4993 0.3070 0.1875 0.1408 0.1923 0.4594 0.4852 0.2893 0.1795 0.1396 0.2220 0.4743 0.4665 0.2735 0.1725 0.1395 0.2557 0.4862 0.4453 0.2591 0.1736
0.2650 0.4536 0.4820 0.2428 0.1394 0.1751 0.2793 0.4739 0.4691 0.2103 0.1400 0.1822 0.2954 0.4908 0.4533 0.1840 0.1415 0.1904 0.3134 0.5026 0.4338 0.1665 0.1441 0.2001 0.3345 0.5090 0.4069 0.1544 0.1485 0.2142 0.3652 0.5091 0.3629 0.1452 0.1563 0.2367 0.4115 0.4978 0.2904 0.1399 0.1697 0.2713 0.4696 0.4678 0.1985 0.1410 0.1908 0.3200 0.5065 0.4235 0.2461 0.4235 0.5065 0.3200 0.1908 0.1410 0.1985 0.4678 0.4696 0.2713 0.1697 0.1399 0.2904 0.4978 0.4115 0.2367 0.1563 0.1452 0.3629 0.5091 0.3652 0.2142 0.1485 0.1544 0.4069 0.5090 0.3345 0.2001 0.1441 0.1665 0.4338 0.5026 0.3134 0.1904 0.1415 0.1840 0.4533 0.4908 0.2954 0.1822 0.1400 0.2103 0.4691 0.4739 0.2793 0.1751 0.1394 0.2428 0.4820 0.4536 0.2650
0.4544 0.4775 0.2300 0.1395 0.1777 0.2852 0.4808 0.4636 0.1995 0.1404 0.1851 0.3016 0.4956 0.4469 0.1769 0.1422 0.1935 0.3200 0.5053 0.4264 0.1626 0.1451 0.2032 0.3406 0.5096 0.4005 0.1527 0.1493 0.2162 0.3688 0.5087 0.3600 0.1449 0.1564 0.2367 0.4108 0.4983 0.2937 0.1400 0.1687 0.2686 0.4655 0.4711 0.2054 0.1405 0.1885 0.3149 0.5054 0.4202 0.1603 0.1366 0.1603 0.4202 0.5054 0.3149 0.1885 0.1405 0.2054 0.4711 0.4655 0.2686 0.1687 0.1400 0.2937 0.4983 0.4108 0.2367 0.1564 0.1449 0.3600 0.5087 0.3688 0.2162 0.1493 0.1527 0.4005 0.5096 0.3406 0.2032 0.1451 0.1626 0.4264 0.5053 0.3200 0.1935 0.1422 0.1769 0.4469 0.4956 0.3016 0.1851 0.1404 0.1995 0.4636 0.4808 0.2852 0.1777 0.1395 0.2300 0.4775 0.4544
0.4750 0.2179 0.1397 0.1804 0.2913 0.4870 0.4577 0.1900 0.1410 0.1881 0.3082 0.4998 0.4400 0.1710 0.1431 0.1967 0.3268 0.5073 0.4186 0.1590 0.1462 0.2065 0.3473 0.5100 0.3929 0.1510 0.1503 0.2189 0.3735 0.5081 0.3553 0.1445 0.1569 0.2375 0.4115 0.4983 0.2949 0.1401 0.1682 0.2667 0.4623 0.4735 0.2115 0.1402 0.1865 0.3102 0.5036 0.4249 0.1593 0.1442 0.1709 0.1442 0.1593 0.4249 0.5036 0.3102 0.1865 0.1402 0.2115 0.4735 0.4623 0.2667 0.1682 0.1401 0.2949 0.4983 0.4115 0.2375 0.1569 0.1445 0.3553 0.5081 0.3735 0.2189 0.1503 0.1510 0.3929 0.5100 0.3473 0.2065 0.1462 0.1590 0.4186 0.5073 0.3268 0.1967 0.1431 0.1710 0.4400 0.4998 0.3082 0.1881 0.1410 0.1900 0.4577 0.4870 0.2913 0.1804 0.1397 0.2179 0.4750
0.2162 0.1401 0.1832 0.2975 0.4925 0.4513 0.1818 0.1417 0.1912 0.3148 0.5032 0.4326 0.1660 0.1442 0.2001 0.3337 0.5087 0.4103 0.1560 0.1474 0.2101 0.3546 0.5100 0.3843 0.1492 0.1515 0.2220 0.3793 0.5073 0.3488 0.1438 0.1577 0.2391 0.4138 0.4978 0.2937 0.1401 0.1680 0.2658 0.4603 0.4752 0.2162 0.1400 0.1849 0.3062 0.5016 0.4301 0.1613 0.1460 0.2032 0.2765 0.2032 0.1460 0.1613 0.4301 0.5016 0.3062 0.1849 0.1400 0.2162 0.4752 0.4603 0.2658 0.1680 0.1401 0.2937 0.4978 0.4138 0.2391 0.1577 0.1438 0.3488 0.5073 0.3793 0.2220 0.1515 0.1492 0.3843 0.5100 0.3546 0.2101 0.1474 0.1560 0.4103 0.5087 0.3337 0.2001 0.1442 0.1660 0.4326 0.5032 0.3148 0.1912 0.1417 0.1818 0.4513 0.4925 0.2975 0.1832 0.1401 0.2162
0.1517 0.1862 0.3039 0.4972 0.4446 0.1749 0.1425 0.1944 0.3217 0.5058 0.4248 0.1618 0.1453 0.2035 0.3409 0.5096 0.4017 0.1533 0.1487 0.2138 0.3622 0.5096 0.3748 0.1475 0.1529 0.2255 0.3860 0.5060 0.3408 0.1431 0.1587 0.2414 0.4174 0.4968 0.2904 0.1400 0.1682 0.2658 0.4596 0.4760 0.2192 0.1399 0.1837 0.3031 0.4996 0.4346 0.1637 0.1456 0.2067 0.3454 0.4762 0.3454 0.2067 0.1456 0.1637 0.4346 0.4996 0.3031 0.1837 0.1399 0.2192 0.4760 0.4596 0.2658 0.1682 0.1400 0.2904 0.4968 0.4174 0.2414 0.1587 0.1431 0.3408 0.5060 0.3860 0.2255 0.1529 0.1475 0.3748 0.5096 0.3622 0.2138 0.1487 0.1533 0.4017 0.5096 0.3409 0.2035 0.1453 0.1618 0.4248 0.5058 0.3217 0.1944 0.1425 0.1749 0.4446 0.4972 0.3039 0.1862 0.1517
0.1945 0.3105 0.5011 0.4374 0.1692 0.1435 0.1977 0.3288 0.5077 0.4166 0.1583 0.1465 0.2071 0.3483 0.5100 0.3927 0.1511 0.1501 0.2177 0.3700 0.5088 0.3646 0.1460 0.1544 0.2295 0.3933 0.5045 0.3314 0.1424 0.1600 0.2444 0.4222 0.4952 0.2850 0.1399 0.1687 0.2667 0.4603 0.4760 0.2203 0.1399 0.1830 0.3010 0.4981 0.4381 0.1660 0.1450 0.2054 0.3493 0.5085 0.4643 0.5085 0.3493 0.2054 0.1450 0.1660 0.4381 0.4981 0.3010 0.1830 0.1399 0.2203 0.4760 0.4603 0.2667 0.1687 0.1399 0.2850 0.4952 0.4222 0.2444 0.1600 0.1424 0.3314 0.5045 0.3933 0.2295 0.1544 0.1460 0.3646 0.5088 0.3700 0.2177 0.1501 0.1511 0.3927 0.5100 0.3483 0.2071 0.1465 0.1583 0.4166 0.5077 0.3288 0.1977 0.1435 0.1692 0.4374 0.5011 0.3105 0.1945
0.3150 0.5043 0.4299 0.1645 0.1445 0.2012 0.3360 0.5090 0.4080 0.1553 0.1477 0.2109 0.3560 0.5099 0.3831 0.1491 0.1515 0.2217 0.3779 0.5077 0.3540 0.1446 0.1561 0.2337 0.4012 0.5025 0.3209 0.1417 0.1616 0.2481 0.4281 0.4932 0.2777 0.1397 0.1697 0.2686 0.4623 0.4752 0.2192 0.1399 0.1828 0.2999 0.4970 0.4404 0.1679 0.1445 0.2036 0.3464 0.5098 0.3942 0.2044 0.3942 0.5098 0.3464 0.2036 0.1445 0.1679 0.4404 0.4970 0.2999 0.1828 0.1399 0.2192 0.4752 0.4623 0.2686 0.1697 0.1397 0.2777 0.4932 0.4281 0.2481 0.1616 0.1417 0.3209 0.5025 0.4012 0.2337 0.1561 0.1446 0.3540 0.5077 0.3779 0.2217 0.1515 0.1491 0.3831 0.5099 0.3560 0.2109 0.1477 0.1553 0.4080 0.5090 0.3360 0.2012 0.1445 0.1645 0.4299 0.5043 0.3150
0.5033 0.4220 0.1605 0.1457 0.2047 0.3434 0.5098 0.3990 0.1527 0.1491 0.2148 0.3639 0.5095 0.3730 0.1473 0.1531 0.2258 0.3859 0.5062 0.3430 0.1435 0.1578 0.2382 0.4095 0.5001 0.3094 0.1410 0.1634 0.2522 0.4348 0.4906 0.2687 0.1396 0.1710 0.2713 0.4655 0.4735 0.2162 0.1399 0.1830 0.2999 0.4966 0.4416 0.1692 0.1441 0.2022 0.3432 0.5100 0.3873 0.1499 0.1377 0.1499 0.3873 0.5100 0.3432 0.2022 0.1441 0.1692 0.4416 0.4966 0.2999 0.1830 0.1399 0.2162 0.4735 0.4655 0.2713 0.1710 0.1396 0.2687 0.4906 0.4348 0.2522 0.1634 0.1410 0.3094 0.5001 0.4095 0.2382 0.1578 0.1435 0.3430 0.5062 0.3859 0.2258 0.1531 0.1473 0.3730 0.5095 0.3639 0.2148 0.1491 0.1527 0.3990 0.5098 0.3434 0.2047 0.1457 0.1605 0.4220 0.5033
0.4178 0.1572 0.1469 0.2084 0.3510 0.5100 0.3896 0.1504 0.1505 0.2188 0.3719 0.5086 0.3625 0.1457 0.1547 0.2301 0.3941 0.5044 0.3316 0.1425 0.1596 0.2428 0.4178 0.4974 0.2972 0.1404 0.1653 0.2568 0.4421 0.4874 0.2585 0.1395 0.1727 0.2747 0.4696 0.4711 0.2115 0.1400 0.1837 0.3010 0.4970 0.4416 0.1696 0.1440 0.2013 0.3408 0.5099 0.3898 0.1492 0.1490 0.1809 0.1490 0.1492 0.3898 0.5099 0.3408 0.2013 0.1440 0.1696 0.4416 0.4970 0.3010 0.1837 0.1400 0.2115 0.4711 0.4696 0.2747 0.1727 0.1395 0.2585 0.4874 0.4421 0.2568 0.1653 0.1404 0.2972 0.4974 0.4178 0.2428 0.1596 0.1425 0.3316 0.5044 0.3941 0.2301 0.1547 0.1457 0.3625 0.5086 0.3719 0.2188 0.1505 0.1504 0.3896 0.5100 0.3510 0.2084 0.1469 0.1572 0.4178
0.1659 0.1482 0.2122 0.3588 0.5098 0.3797 0.1484 0.1520 0.2229 0.3801 0.5073 0.3514 0.1444 0.1564 0.2345 0.4025 0.5022 0.3198 0.1416 0.1615 0.2475 0.4262 0.4944 0.2846 0.1400 0.1674 0.2618 0.4498 0.4838 0.2474 0.1394 0.1746 0.2789 0.4744 0.4678 0.2054 0.1402 0.1849 0.3031 0.4981 0.4404 0.1692 0.1440 0.2011 0.3396 0.5098 0.3925 0.1497 0.1515 0.2183 0.3008 0.2183 0.1515 0.1497 0.3925 0.5098 0.3396 0.2011 0.1440 0.1692 0.4404 0.4981 0.3031 0.1849 0.1402 0.2054 0.4678 0.4744 0.2789 0.1746 0.1394 0.2474 0.4838 0.4498 0.2618 0.1674 0.1400 0.2846 0.4944 0.4262 0.2475 0.1615 0.1416 0.3198 0.5022 0.4025 0.2345 0.1564 0.1444 0.3514 0.5073 0.3801 0.2229 0.1520 0.1484 0.3797 0.5098 0.3588 0.2122 0.1482 0.1659
0.1588 0.2162 0.3667 0.5092 0.3693 0.1467 0.1536 0.2272 0.3885 0.5057 0.3399 0.1432 0.1582 0.2391 0.4111 0.4997 0.3076 0.1409 0.1635 0.2524 0.4345 0.4910 0.2719 0.1397 0.1697 0.2670 0.4576 0.4796 0.2356 0.1395 0.1768 0.2837 0.4797 0.4638 0.1985 0.1405 0.1865 0.3062 0.4996 0.4381 0.1679 0.1441 0.2013 0.3396 0.5098 0.3939 0.1502 0.1515 0.2234 0.3776 0.4974 0.3776 0.2234 0.1515 0.1502 0.3939 0.5098 0.3396 0.2013 0.1441 0.1679 0.4381 0.4996 0.3062 0.1865 0.1405 0.1985 0.4638 0.4797 0.2837 0.1768 0.1395 0.2356 0.4796 0.4576 0.2670 0.1697 0.1397 0.2719 0.4910 0.4345 0.2524 0.1635 0.1409 0.3076 0.4997 0.4111 0.2391 0.1582 0.1432 0.3399 0.5057 0.3885 0.2272 0.1536 0.1467 0.3693 0.5092 0.3667 0.2162 0.1588
0.2234 0.3749 0.5082 0.3586 0.1452 0.1553 0.2316 0.3969 0.5037 0.3281 0.1422 0.1601 0.2439 0.4197 0.4968 0.2950 0.1404 0.1656 0.2574 0.4428 0.4873 0.2591 0.1395 0.1720 0.2724 0.4652 0.4751 0.2237 0.1396 0.1792 0.2890 0.4851 0.4591 0.1912 0.1410 0.1885 0.3102 0.5016 0.4346 0.1660 0.1445 0.2022 0.3408 0.5098 0.3939 0.1503 0.1514 0.2234 0.3846 0.5057 0.4388 0.5057 0.3846 0.2234 0.1514 0.1503 0.3939 0.5098 0.3408 0.2022 0.1445 0.1660 0.4346 0.5016 0.3102 0.1885 0.1410 0.1912 0.4591 0.4851 0.2890 0.1792 0.1396 0.2237 0.4751 0.4652 0.2724 0.1720 0.1395 0.2591 0.4873 0.4428 0.2574 0.1656 0.1404 0.2950 0.4968 0.4197 0.2439 0.1601 0.1422 0.3281 0.5037 0.3969 0.2316 0.1553 0.1452 0.3586 0.5082 0.3749 0.2234
0.3777 0.5069 0.3475 0.1439 0.1570 0.2361 0.4054 0.5014 0.3159 0.1414 0.1621 0.2488 0.4282 0.4937 0.2821 0.1399 0.1678 0.2625 0.4508 0.4834 0.2466 0.1394 0.1744 0.2779 0.4723 0.4702 0.2124 0.1399 0.1818 0.2946 0.4903 0.4537 0.1841 0.1415 0.1908 0.3149 0.5036 0.4301 0.1637 0.1450 0.2036 0.3432 0.5099 0.3925 0.1502 0.1514 0.2232 0.3849 0.5055 0.3483 0.1673 0.3483 0.5055 0.3849 0.2232 0.1514 0.1502 0.3925 0.5099 0.3432 0.2036 0.1450 0.1637 0.4301 0.5036 0.3149 0.1908 0.1415 0.1841 0.4537 0.4903 0.2946 0.1818 0.1399 0.2124 0.4702 0.4723 0.2779 0.1744 0.1394 0.2466 0.4834 0.4508 0.2625 0.1678 0.1399 0.2821 0.4937 0.4282 0.2488 0.1621 0.1414 0.3159 0.5014 0.4054 0.2361 0.1570 0.1439 0.3475 0.5069 0.3777
0.5053 0.3364 0.1428 0.1587 0.2405 0.4136 0.4988 0.3039 0.1407 0.1640 0.2535 0.4364 0.4902 0.2696 0.1396 0.1699 0.2676 0.4584 0.4792 0.2347 0.1394 0.1767 0.2833 0.4788 0.4651 0.2022 0.1402 0.1844 0.3004 0.4948 0.4479 0.1778 0.1421 0.1933 0.3200 0.5054 0.4249 0.1613 0.1456 0.2054 0.3464 0.5100 0.3898 0.1497 0.1515 0.2234 0.3849 0.5055 0.3354 0.1423 0.1411 0.1423 0.3354 0.5055 0.3849 0.2234 0.1515 0.1497 0.3898 0.5100 0.3464 0.2054 0.1456 0.1613 0.4249 0.5054 0.3200 0.1933 0.1421 0.1778 0.4479 0.4948 0.3004 0.1844 0.1402 0.2022 0.4651 0.4788 0.2833 0.1767 0.1394 0.2347 0.4792 0.4584 0.2676 0.1699 0.1396 0.2696 0.4902 0.4364 0.2535 0.1640 0.1407 0.3039 0.4988 0.4136 0.2405 0.1587 0.1428 0.3364 0.5053
0.3337 0.1420 0.1600 0.2441 0.4202 0.4963 0.2940 0.1401 0.1655 0.2574 0.4428 0.4871 0.2594 0.1393 0.1716 0.2719 0.4643 0.4754 0.2251 0.1394 0.1785 0.2878 0.4835 0.4607 0.1945 0.1405 0.1864 0.3052 0.4979 0.4428 0.1731 0.1426 0.1953 0.3245 0.5065 0.4202 0.1593 0.1460 0.2067 0.3493 0.5098 0.3873 0.1492 0.1515 0.2234 0.3846 0.5055 0.3354 0.1422 0.1564 0.1951 0.1564 0.1422 0.3354 0.5055 0.3846 0.2234 0.1515 0.1492 0.3873 0.5098 0.3493 0.2067 0.1460 0.1593 0.4202 0.5065 0.3245 0.1953 0.1426 0.1731 0.4428 0.4979 0.3052 0.1864 0.1405 0.1945 0.4607 0.4835 0.2878 0.1785 0.1394 0.2251 0.4754 0.4643 0.2719 0.1716 0.1393 0.2594 0.4871 0.4428 0.2574 0.1655 0.1401 0.2940 0.4963 0.4202 0.2441 0.1600 0.1420 0.3337
0.1533 0.1579 0.2414 0.4183 0.4957 0.2988 0.1392 0.1633 0.2548 0.4409 0.4867 0.2641 0.1382 0.1693 0.2694 0.4624 0.4754 0.2296 0.1382 0.1761 0.2853 0.4815 0.4613 0.1979 0.1391 0.1839 0.3029 0.4961 0.4442 0.1748 0.1411 0.1925 0.3220 0.5049 0.4235 0.1603 0.1442 0.2032 0.3454 0.5085 0.3942 0.1499 0.1490 0.2183 0.3776 0.5057 0.3483 0.1423 0.1564 0.2331 0.3261 0.2331 0.1564 0.1423 0.3483 0.5057 0.3776 0.2183 0.1490 0.1499 0.3942 0.5085 0.3454 0.2032 0.1442 0.1603 0.4235 0.5049 0.3220 0.1925 0.1411 0.1748 0.4442 0.4961 0.3029 0.1839 0.1391 0.1979 0.4613 0.4815 0.2853 0.1761 0.1382 0.2296 0.4754 0.4624 0.2694 0.1693 0.1382 0.2641 0.4867 0.4409 0.2548 0.1633 0.1392 0.2988 0.4957 0.4183 0.2414 0.1579 0.1533
0.1528 0.1987 0.3384 0.5072 0.4027 0.1503 0.1453 0.2083 0.3593 0.5070 0.3780 0.1443 0.1489 0.2190 0.3813 0.5040 0.3501 0.1402 0.1532 0.2309 0.4046 0.4985 0.3183 0.1377 0.1582 0.2443 0.4288 0.4904 0.2834 0.1365 0.1640 0.2590 0.4524 0.4798 0.2461 0.1366 0.1709 0.2765 0.4762 0.4643 0.2044 0.1377 0.1809 0.3008 0.4974 0.4388 0.1673 0.1411 0.1951 0.3261 0.4549 0.3261 0.1951 0.1411 0.1673 0.4388 0.4974 0.3008 0.1809 0.1377 0.2044 0.4643 0.4762 0.2765 0.1709 0.1366 0.2461 0.4798 0.4524 0.2590 0.1640 0.1365 0.2834 0.4904 0.4288 0.2443 0.1582 0.1377 0.3183 0.4985 0.4046 0.2309 0.1532 0.1402 0.3501 0.5040 0.3813 0.2190 0.1489 0.1443 0.3780 0.5070 0.3593 0.2083 0.1453 0.1503 0.4027 0.5072 0.3384 0.1987 0.1528
0.1533 0.1579 0.2414 0.4183 0.4957 0.2988 0.1392 0.1633 0.2548 0.4409 0.4867 0.2641 0.1382 0.1693 0.2694 0.4624 0.4754 0.2296 0.1382 0.1761 0.2853 0.4815 0.4613 0.1979 0.1391 0.1839 0.3029 0.4961 0.4442 0.1748 0.1411 0.1925 0.3220 0.5049 0.4235 0.1603 0.1442 0.2032 0.3454 0.5085 0.3942 0.1499 0.1490 0.2183 0.3776 0.5057 0.3483 0.1423 0.1564 0.2331 0.3261 0.2331 0.1564 0.1423 0.3483 0.5057 0.3776 0.2183 0.1490 0.1499 0.3942 0.5085 0.3454 0.2032 0.1442 0.1603 0.4235 0.5049 0.3220 0.1925 0.1411 0.1748 0.4442 0.4961 0.3029 0.1839 0.1391 0.1979 0.4613 0.4815 0.2853 0.1761 0.1382 0.2296 0.4754 0.4624 0.2694 0.1693 0.1382 0.2641 0.4867 0.4409 0.2548 0.1633 0.1392 0.2988 0.4957 0.4183 0.2414 0.1579 0.1533
0.3337 0.1420 0.1600 0.2441 0.4202 0.4963 0.2940 0.1401 0.1655 0.2574 0.4428 0.4871 0.2594 0.1393 0.1716 0.2719 0.4643 0.4754 0.2251 0.1394 0.1785 0.2878 0.4835 0.4607 0.1945 0.1405 0.1864 0.3052 0.4979 0.4428 0.1731 0.1426 0.1953 0.3245 0.5065 0.4202 0.1593 0.1460 0.2067 0.3493 0.5098 0.3873 0.1492 0.1515 0.2234 0.3846 0.5055 0.3354 0.1422 0.1564 0.1951 0.1564 0.1422 0.3354 0.5055 0.3846 0.2234 0.1515 0.1492 0.3873 0.5098 0.3493 0.2067 0.1460 0.1593 0.4202 0.5065 0.3245 0.1953 0.1426 0.1731 0.4428 0.4979 0.3052 0.1864 0.1405 0.1945 0.4607 0.4835 0.2878 0.1785 0.1394 0.2251 0.4754 0.4643 0.2719 0.1716 0.1393 0.2594 0.4871 0.4428 0.2574 0.1655 0.1401 0.2940 0.4963 0.4202 0.2441 0.1600 0.1420 0.3337
0.5053 0.3364 0.1428 0.1587 0.2405 0.4136 0.4988 0.3039 0.1407 0.1640 0.2535 0.4364 0.4902 0.2696 0.1396 0.1699 0.2676 0.4584 0.4792 0.2347 0.1394 0.1767 0.2833 0.4788 0.4651 0.2022 0.1402 0.1844 0.3004 0.4948 0.4479 0.1778 0.1421 0.1933 0.3200 0.5054 0.4249 0.1613 0.1456 0.2054 0.3464 0.5100 0.3898 0.1497 0.1515 0.2234 0.3849 0.5055 0.3354 0.1423 0.1411 0.1423 0.3354 0.5055 0.3849 0.2234 0.1515 0.1497 0.3898 0.5100 0.3464 0.2054 0.1456 0.1613 0.4249 0.5054 0.3200 0.1933 0.1421 0.1778 0.4479 0.4948 0.3004 0.1844 0.1402 0.2022 0.4651 0.4788 0.2833 0.1767 0.1394 0.2347 0.4792 0.4584 0.2676 0.1699 0.1396 0.2696 0.4902 0.4364 0.2535 0.1640 0.1407 0.3039 0.4988 0.4136 0.2405 0.1587 0.1428 0.3364 0.5053
0.3777 0.5069 0.3475 0.1439 0.1570 0.2361 0.4054 0.5014 0.3159 0.1414 0.1621 0.2488 0.4282 0.4937 0.2821 0.1399 0.1678 0.2625 0.4508 0.4834 0.2466 0.1394 0.1744 0.2779 0.4723 0.4702 0.2124 0.1399 0.1818 0.2946 0.4903 0.4537 0.1841 0.1415 0.1908 0.3149 0.5036 0.4301 0.1637 0.1450 0.2036 0.3432 0.5099 0.3925 0.1502 0.1514 0.2232 0.3849 0.5055 0.3483 0.1673 0.3483 0.5055 0.3849 0.2232 0.1514 0.1502 0.3925 0.5099 0.3432 0.2036 0.1450 0.1637 0.4301 0.5036 0.3149 0.1908 0.1415 0.1841 0.4537 0.4903 0.2946 0.1818 0.1399 0.2124 0.4702 0.4723 0.2779 0.1744 0.1394 0.2466 0.4834 0.4508 0.2625 0.1678 0.1399 0.2821 0.4937 0.4282 0.2488 0.1621 0.1414 0.3159 0.5014 0.4054 0.2361 0.1570 0.1439 0.3475 0.5069 0.3777
0.2234 0.3749 0.5082 0.3586 0.1452 0.1553 0.2316 0.3969 0.5037 0.3281 0.1422 0.1601 0.2439 0.4197 0.4968 0.2950 0.1404 0.1656 0.2574 0.4428 0.4873 0.2591 0.1395 0.1720 0.2724 0.4652 0.4751 0.2237 0.1396 0.1792 0.2890 0.4851 0.4591 0.1912 0.1410 0.1885 0.3102 0.5016 0.4346 0.1660 0.1445 0.2022 0.3408 0.5098 0.3939 0.1503 0.1514 0.2234 0.3846 0.5057 0.4388 0.5057 0.3846 0.2234 0.1514 0.1503 0.3939 0.5098 0.3408 0.2022 0.1445 0.1660 0.4346 0.5016 0.3102 0.1885 0.1410 0.1912 0.4591 0.4851 0.2890 0.1792 0.1396 0.2237 0.4751 0.4652 0.2724 0.1720 0.1395 0.2591 0.4873 0.4428 0.2574 0.1656 0.1404 0.2950 0.4968 0.4197 0.2439 0.1601 0.1422 0.3281 0.5037 0.3969 0.2316 0.1553 0.1452 0.3586 0.5082 0.3749 0.2234
