0.1642 1.0000 1.0000 0.0003 0.0030 0.0350 0.4060 1.0000 1.0000 0.0006 0.0067 0.0779 0.9024 1.0000 0.0001 0.0013 0.0149 0.1728 1.0000 1.0000 0.0002 0.0029 0.0331 0.3835 1.0000 1.0000 0.0005 0.0064 0.0734 0.8491 1.0000 0.0001 0.0012 0.0141 0.1629 1.0000 1.0000 0.0002 0.0027 0.0312 0.3615 1.0000 1.0000 0.0005 0.0060 0.0692 0.8005 1.0000 0.0001 0.0010 0.0046 0.0010 0.0001 1.0000 0.8005 0.0692 0.0060 0.0005 1.0000 1.0000 0.3615 0.0312 0.0027 0.0002 1.0000 1.0000 0.1629 0.0141 0.0012 0.0001 1.0000 0.8491 0.0734 0.0064 0.0005 1.0000 1.0000 0.3835 0.0331 0.0029 0.0002 1.0000 1.0000 0.1728 0.0149 0.0013 0.0001 1.0000 0.9024 0.0779 0.0067 0.0006 1.0000 1.0000 0.4060 0.0350 0.0030 0.0003 1.0000 1.0000 0.1642
1.0000 1.0000 0.0003 0.0030 0.0349 0.4037 1.0000 1.0000 0.0006 0.0067 0.0772 0.8939 1.0000 0.0001 0.0013 0.0148 0.1712 1.0000 1.0000 0.0002 0.0028 0.0329 0.3798 1.0000 1.0000 0.0005 0.0063 0.0728 0.8427 1.0000 0.0001 0.0012 0.0140 0.1614 1.0000 1.0000 0.0002 0.0027 0.0310 0.3581 1.0000 1.0000 0.0005 0.0059 0.0686 0.7944 1.0000 0.0001 0.0011 0.0115 0.0518 0.0115 0.0011 0.0001 1.0000 0.7944 0.0686 0.0059 0.0005 1.0000 1.0000 0.3581 0.0310 0.0027 0.0002 1.0000 1.0000 0.1614 0.0140 0.0012 0.0001 1.0000 0.8427 0.0728 0.0063 0.0005 1.0000 1.0000 0.3798 0.0329 0.0028 0.0002 1.0000 1.0000 0.1712 0.0148 0.0013 0.0001 1.0000 0.8939 0.0772 0.0067 0.0006 1.0000 1.0000 0.4037 0.0349 0.0030 0.0003 1.0000 1.0000
1.0000 0.0003 0.0029 0.0330 0.3762 1.0000 1.0000 0.0005 0.0061 0.0706 0.8159 1.0000 0.0001 0.0012 0.0135 0.1563 1.0000 1.0000 0.0002 0.0026 0.0299 0.3460 1.0000 1.0000 0.0005 0.0057 0.0664 0.7677 1.0000 0.0001 0.0011 0.0127 0.1473 1.0000 1.0000 0.0002 0.0024 0.0282 0.3262 1.0000 1.0000 0.0005 0.0054 0.0626 0.7238 1.0000 0.0001 0.0010 0.0117 0.1213 0.5431 0.1213 0.0117 0.0010 0.0001 1.0000 0.7238 0.0626 0.0054 0.0005 1.0000 1.0000 0.3262 0.0282 0.0024 0.0002 1.0000 1.0000 0.1473 0.0127 0.0011 0.0001 1.0000 0.7677 0.0664 0.0057 0.0005 1.0000 1.0000 0.3460 0.0299 0.0026 0.0002 1.0000 1.0000 0.1563 0.0135 0.0012 0.0001 1.0000 0.8159 0.0706 0.0061 0.0005 1.0000 1.0000 0.3762 0.0330 0.0029 0.0003 1.0000
0.0003 0.0030 0.0330 0.3664 1.0000 1.0000 0.0005 0.0056 0.0649 0.7475 1.0000 0.0001 0.0011 0.0123 0.1424 1.0000 1.0000 0.0002 0.0024 0.0273 0.3158 1.0000 1.0000 0.0005 0.0052 0.0605 0.7007 1.0000 0.0001 0.0010 0.0116 0.1342 1.0000 1.0000 0.0002 0.0022 0.0258 0.2978 1.0000 1.0000 0.0004 0.0049 0.0570 0.6606 1.0000 0.0001 0.0009 0.0109 0.1234 1.0000 1.0000 1.0000 0.1234 0.0109 0.0009 0.0001 1.0000 0.6606 0.0570 0.0049 0.0004 1.0000 1.0000 0.2978 0.0258 0.0022 0.0002 1.0000 1.0000 0.1342 0.0116 0.0010 0.0001 1.0000 0.7007 0.0605 0.0052 0.0005 1.0000 1.0000 0.3158 0.0273 0.0024 0.0002 1.0000 1.0000 0.1424 0.0123 0.0011 0.0001 1.0000 0.7475 0.0649 0.0056 0.0005 1.0000 1.0000 0.3664 0.0330 0.0030 0.0003
0.0030 0.0349 0.3762 1.0000 1.0000 0.0005 0.0053 0.0606 0.6941 1.0000 0.0001 0.0010 0.0113 0.1302 1.0000 1.0000 0.0002 0.0022 0.0249 0.2883 1.0000 1.0000 0.0004 0.0048 0.0552 0.6384 1.0000 0.0001 0.0009 0.0106 0.1225 1.0000 1.0000 0.0002 0.0020 0.0235 0.2718 1.0000 1.0000 0.0004 0.0045 0.0521 0.6018 1.0000 0.0001 0.0009 0.0100 0.1148 1.0000 1.0000 1.0000 1.0000 1.0000 0.1148 0.0100 0.0009 0.0001 1.0000 0.6018 0.0521 0.0045 0.0004 1.0000 1.0000 0.2718 0.0235 0.0020 0.0002 1.0000 1.0000 0.1225 0.0106 0.0009 0.0001 1.0000 0.6384 0.0552 0.0048 0.0004 1.0000 1.0000 0.2883 0.0249 0.0022 0.0002 1.0000 1.0000 0.1302 0.0113 0.0010 0.0001 1.0000 0.6941 0.0606 0.0053 0.0005 1.0000 1.0000 0.3762 0.0349 0.0030
0.0350 0.4037 1.0000 1.0000 0.0005 0.0052 0.0583 0.6581 1.0000 0.0001 0.0009 0.0104 0.1197 1.0000 1.0000 0.0002 0.0020 0.0227 0.2631 1.0000 1.0000 0.0004 0.0044 0.0504 0.5827 1.0000 0.0001 0.0008 0.0097 0.1116 1.0000 1.0000 0.0002 0.0018 0.0214 0.2476 1.0000 1.0000 0.0004 0.0041 0.0474 0.5493 1.0000 0.0001 0.0008 0.0091 0.1052 1.0000 1.0000 0.0001 0.0006 0.0001 1.0000 1.0000 0.1052 0.0091 0.0008 0.0001 1.0000 0.5493 0.0474 0.0041 0.0004 1.0000 1.0000 0.2476 0.0214 0.0018 0.0002 1.0000 1.0000 0.1116 0.0097 0.0008 0.0001 1.0000 0.5827 0.0504 0.0044 0.0004 1.0000 1.0000 0.2631 0.0227 0.0020 0.0002 1.0000 1.0000 0.1197 0.0104 0.0009 0.0001 1.0000 0.6581 0.0583 0.0052 0.0005 1.0000 1.0000 0.4037 0.0350
0.4060 1.0000 1.0000 0.0005 0.0053 0.0583 0.6457 1.0000 0.0001 0.0009 0.0097 0.1110 1.0000 1.0000 0.0002 0.0018 0.0208 0.2402 1.0000 1.0000 0.0003 0.0040 0.0459 0.5318 1.0000 1.0000 0.0008 0.0088 0.1019 1.0000 1.0000 0.0001 0.0017 0.0195 0.2260 1.0000 1.0000 0.0003 0.0037 0.0433 0.5004 1.0000 1.0000 0.0007 0.0083 0.0960 1.0000 1.0000 0.0001 0.0014 0.0062 0.0014 0.0001 1.0000 1.0000 0.0960 0.0083 0.0007 1.0000 1.0000 0.5004 0.0433 0.0037 0.0003 1.0000 1.0000 0.2260 0.0195 0.0017 0.0001 1.0000 1.0000 0.1019 0.0088 0.0008 1.0000 1.0000 0.5318 0.0459 0.0040 0.0003 1.0000 1.0000 0.2402 0.0208 0.0018 0.0002 1.0000 1.0000 0.1110 0.0097 0.0009 0.0001 1.0000 0.6457 0.0583 0.0053 0.0005 1.0000 1.0000 0.4060
1.0000 1.0000 0.0005 0.0056 0.0606 0.6581 1.0000 0.0001 0.0008 0.0093 0.1048 1.0000 1.0000 0.0001 0.0017 0.0191 0.2205 1.0000 1.0000 0.0003 0.0036 0.0419 0.4854 1.0000 1.0000 0.0007 0.0080 0.0928 1.0000 1.0000 0.0001 0.0015 0.0178 0.2059 1.0000 1.0000 0.0003 0.0034 0.0395 0.4568 1.0000 1.0000 0.0007 0.0076 0.0875 1.0000 1.0000 0.0001 0.0014 0.0147 0.0657 0.0147 0.0014 0.0001 1.0000 1.0000 0.0875 0.0076 0.0007 1.0000 1.0000 0.4568 0.0395 0.0034 0.0003 1.0000 1.0000 0.2059 0.0178 0.0015 0.0001 1.0000 1.0000 0.0928 0.0080 0.0007 1.0000 1.0000 0.4854 0.0419 0.0036 0.0003 1.0000 1.0000 0.2205 0.0191 0.0017 0.0001 1.0000 1.0000 0.1048 0.0093 0.0008 0.0001 1.0000 0.6581 0.0606 0.0056 0.0005 1.0000 1.0000
1.0000 0.0006 0.0061 0.0649 0.6941 1.0000 0.0001 0.0008 0.0091 0.1017 1.0000 1.0000 0.0001 0.0015 0.0177 0.2036 1.0000 1.0000 0.0003 0.0033 0.0384 0.4431 1.0000 1.0000 0.0006 0.0073 0.0847 0.9793 1.0000 0.0001 0.0014 0.0162 0.1879 1.0000 1.0000 0.0003 0.0031 0.0360 0.4169 1.0000 1.0000 0.0006 0.0069 0.0799 0.9232 1.0000 0.0001 0.0013 0.0149 0.1551 0.6928 0.1551 0.0149 0.0013 0.0001 1.0000 0.9232 0.0799 0.0069 0.0006 1.0000 1.0000 0.4169 0.0360 0.0031 0.0003 1.0000 1.0000 0.1879 0.0162 0.0014 0.0001 1.0000 0.9793 0.0847 0.0073 0.0006 1.0000 1.0000 0.4431 0.0384 0.0033 0.0003 1.0000 1.0000 0.2036 0.0177 0.0015 0.0001 1.0000 1.0000 0.1017 0.0091 0.0008 0.0001 1.0000 0.6941 0.0649 0.0061 0.0006 1.0000
0.0006 0.0067 0.0706 0.7475 1.0000 0.0001 0.0009 0.0093 0.1017 1.0000 1.0000 0.0001 0.0015 0.0167 0.1901 1.0000 1.0000 0.0003 0.0031 0.0352 0.4060 1.0000 1.0000 0.0006 0.0067 0.0775 0.8956 1.0000 0.0001 0.0013 0.0148 0.1712 1.0000 1.0000 0.0002 0.0028 0.0329 0.3798 1.0000 1.0000 0.0005 0.0063 0.0729 0.8427 1.0000 0.0001 0.0012 0.0139 0.1575 1.0000 1.0000 1.0000 0.1575 0.0139 0.0012 0.0001 1.0000 0.8427 0.0729 0.0063 0.0005 1.0000 1.0000 0.3798 0.0329 0.0028 0.0002 1.0000 1.0000 0.1712 0.0148 0.0013 0.0001 1.0000 0.8956 0.0775 0.0067 0.0006 1.0000 1.0000 0.4060 0.0352 0.0031 0.0003 1.0000 1.0000 0.1901 0.0167 0.0015 0.0001 1.0000 1.0000 0.1017 0.0093 0.0009 0.0001 1.0000 0.7475 0.0706 0.0067 0.0006
0.0067 0.0772 0.8159 1.0000 0.0001 0.0009 0.0097 0.1048 1.0000 1.0000 0.0001 0.0014 0.0160 0.1806 1.0000 1.0000 0.0002 0.0028 0.0325 0.3741 1.0000 1.0000 0.0005 0.0061 0.0708 0.8190 1.0000 0.0001 0.0012 0.0135 0.1563 1.0000 1.0000 0.0002 0.0026 0.0299 0.3467 1.0000 1.0000 0.0005 0.0057 0.0664 0.7692 1.0000 0.0001 0.0011 0.0127 0.1465 1.0000 1.0000 1.0000 1.0000 1.0000 0.1465 0.0127 0.0011 0.0001 1.0000 0.7692 0.0664 0.0057 0.0005 1.0000 1.0000 0.3467 0.0299 0.0026 0.0002 1.0000 1.0000 0.1563 0.0135 0.0012 0.0001 1.0000 0.8190 0.0708 0.0061 0.0005 1.0000 1.0000 0.3741 0.0325 0.0028 0.0002 1.0000 1.0000 0.1806 0.0160 0.0014 0.0001 1.0000 1.0000 0.1048 0.0097 0.0009 0.0001 1.0000 0.8159 0.0772 0.0067
0.0779 0.8939 1.0000 0.0001 0.0010 0.0104 0.1110 1.0000 1.0000 0.0001 0.0014 0.0158 0.1758 1.0000 1.0000 0.0002 0.0026 0.0303 0.3467 1.0000 1.0000 0.0005 0.0056 0.0648 0.7490 1.0000 0.0001 0.0011 0.0124 0.1429 1.0000 1.0000 0.0002 0.0024 0.0273 0.3158 1.0000 1.0000 0.0005 0.0052 0.0606 0.7007 1.0000 0.0001 0.0010 0.0116 0.1342 1.0000 1.0000 0.0002 0.0008 0.0002 1.0000 1.0000 0.1342 0.0116 0.0010 0.0001 1.0000 0.7007 0.0606 0.0052 0.0005 1.0000 1.0000 0.3158 0.0273 0.0024 0.0002 1.0000 1.0000 0.1429 0.0124 0.0011 0.0001 1.0000 0.7490 0.0648 0.0056 0.0005 1.0000 1.0000 0.3467 0.0303 0.0026 0.0002 1.0000 1.0000 0.1758 0.0158 0.0014 0.0001 1.0000 1.0000 0.1110 0.0104 0.0010 0.0001 1.0000 0.8939 0.0779
0.9024 1.0000 0.0001 0.0011 0.0113 0.1197 1.0000 1.0000 0.0001 0.0015 0.0160 0.1758 1.0000 1.0000 0.0002 0.0025 0.0286 0.3250 1.0000 1.0000 0.0005 0.0052 0.0596 0.6875 1.0000 0.0001 0.0010 0.0113 0.1307 1.0000 1.0000 0.0002 0.0022 0.0249 0.2883 1.0000 1.0000 0.0004 0.0048 0.0552 0.6396 1.0000 0.0001 0.0009 0.0106 0.1225 1.0000 1.0000 0.0002 0.0018 0.0079 0.0018 0.0002 1.0000 1.0000 0.1225 0.0106 0.0009 0.0001 1.0000 0.6396 0.0552 0.0048 0.0004 1.0000 1.0000 0.2883 0.0249 0.0022 0.0002 1.0000 1.0000 0.1307 0.0113 0.0010 0.0001 1.0000 0.6875 0.0596 0.0052 0.0005 1.0000 1.0000 0.3250 0.0286 0.0025 0.0002 1.0000 1.0000 0.1758 0.0160 0.0015 0.0001 1.0000 1.0000 0.1197 0.0113 0.0011 0.0001 1.0000 0.9024
1.0000 0.0001 0.0012 0.0123 0.1302 1.0000 1.0000 0.0001 0.0015 0.0167 0.1806 1.0000 1.0000 0.0002 0.0025 0.0276 0.3105 1.0000 1.0000 0.0004 0.0048 0.0552 0.6335 1.0000 0.0001 0.0009 0.0103 0.1195 1.0000 1.0000 0.0002 0.0020 0.0228 0.2636 1.0000 1.0000 0.0004 0.0044 0.0504 0.5827 1.0000 0.0001 0.0008 0.0097 0.1118 1.0000 1.0000 0.0002 0.0018 0.0187 0.0837 0.0187 0.0018 0.0002 1.0000 1.0000 0.1118 0.0097 0.0008 0.0001 1.0000 0.5827 0.0504 0.0044 0.0004 1.0000 1.0000 0.2636 0.0228 0.0020 0.0002 1.0000 1.0000 0.1195 0.0103 0.0009 0.0001 1.0000 0.6335 0.0552 0.0048 0.0004 1.0000 1.0000 0.3105 0.0276 0.0025 0.0002 1.0000 1.0000 0.1806 0.0167 0.0015 0.0001 1.0000 1.0000 0.1302 0.0123 0.0012 0.0001 1.0000
0.0001 0.0013 0.0135 0.1424 1.0000 1.0000 0.0002 0.0017 0.0177 0.1901 1.0000 1.0000 0.0002 0.0025 0.0273 0.3035 1.0000 1.0000 0.0004 0.0045 0.0517 0.5894 1.0000 0.0001 0.0008 0.0095 0.1095 1.0000 1.0000 0.0002 0.0018 0.0209 0.2411 1.0000 1.0000 0.0003 0.0040 0.0460 0.5318 1.0000 1.0000 0.0008 0.0088 0.1019 1.0000 1.0000 0.0001 0.0017 0.0190 0.1978 0.8837 0.1978 0.0190 0.0017 0.0001 1.0000 1.0000 0.1019 0.0088 0.0008 1.0000 1.0000 0.5318 0.0460 0.0040 0.0003 1.0000 1.0000 0.2411 0.0209 0.0018 0.0002 1.0000 1.0000 0.1095 0.0095 0.0008 0.0001 1.0000 0.5894 0.0517 0.0045 0.0004 1.0000 1.0000 0.3035 0.0273 0.0025 0.0002 1.0000 1.0000 0.1901 0.0177 0.0017 0.0002 1.0000 1.0000 0.1424 0.0135 0.0013 0.0001
0.0013 0.0148 0.1563 1.0000 1.0000 0.0002 0.0018 0.0191 0.2036 1.0000 1.0000 0.0002 0.0025 0.0276 0.3035 1.0000 1.0000 0.0004 0.0043 0.0490 0.5556 1.0000 1.0000 0.0008 0.0088 0.1009 1.0000 1.0000 0.0001 0.0016 0.0191 0.2205 1.0000 1.0000 0.0003 0.0036 0.0421 0.4864 1.0000 1.0000 0.0007 0.0080 0.0930 1.0000 1.0000 0.0001 0.0015 0.0177 0.2009 1.0000 1.0000 1.0000 0.2009 0.0177 0.0015 0.0001 1.0000 1.0000 0.0930 0.0080 0.0007 1.0000 1.0000 0.4864 0.0421 0.0036 0.0003 1.0000 1.0000 0.2205 0.0191 0.0016 0.0001 1.0000 1.0000 0.1009 0.0088 0.0008 1.0000 1.0000 0.5556 0.0490 0.0043 0.0004 1.0000 1.0000 0.3035 0.0276 0.0025 0.0002 1.0000 1.0000 0.2036 0.0191 0.0018 0.0002 1.0000 1.0000 0.1563 0.0148 0.0013
0.0149 0.1712 1.0000 1.0000 0.0002 0.0020 0.0208 0.2205 1.0000 1.0000 0.0002 0.0026 0.0286 0.3105 1.0000 1.0000 0.0004 0.0042 0.0474 0.5329 1.0000 1.0000 0.0007 0.0082 0.0937 1.0000 1.0000 0.0001 0.0015 0.0175 0.2016 1.0000 1.0000 0.0003 0.0033 0.0385 0.4448 1.0000 1.0000 0.0006 0.0073 0.0849 0.9830 1.0000 0.0001 0.0014 0.0162 0.1869 1.0000 1.0000 0.0001 1.0000 1.0000 0.1869 0.0162 0.0014 0.0001 1.0000 0.9830 0.0849 0.0073 0.0006 1.0000 1.0000 0.4448 0.0385 0.0033 0.0003 1.0000 1.0000 0.2016 0.0175 0.0015 0.0001 1.0000 1.0000 0.0937 0.0082 0.0007 1.0000 1.0000 0.5329 0.0474 0.0042 0.0004 1.0000 1.0000 0.3105 0.0286 0.0026 0.0002 1.0000 1.0000 0.2205 0.0208 0.0020 0.0002 1.0000 1.0000 0.1712 0.0149
0.1728 1.0000 1.0000 0.0002 0.0022 0.0227 0.2402 1.0000 1.0000 0.0003 0.0028 0.0303 0.3250 1.0000 1.0000 0.0004 0.0042 0.0469 0.5218 1.0000 1.0000 0.0007 0.0077 0.0880 1.0000 1.0000 0.0001 0.0014 0.0161 0.1854 1.0000 1.0000 0.0003 0.0030 0.0352 0.4068 1.0000 1.0000 0.0006 0.0067 0.0776 0.8973 1.0000 0.0001 0.0013 0.0148 0.1715 1.0000 1.0000 0.0002 0.0010 0.0002 1.0000 1.0000 0.1715 0.0148 0.0013 0.0001 1.0000 0.8973 0.0776 0.0067 0.0006 1.0000 1.0000 0.4068 0.0352 0.0030 0.0003 1.0000 1.0000 0.1854 0.0161 0.0014 0.0001 1.0000 1.0000 0.0880 0.0077 0.0007 1.0000 1.0000 0.5218 0.0469 0.0042 0.0004 1.0000 1.0000 0.3250 0.0303 0.0028 0.0003 1.0000 1.0000 0.2402 0.0227 0.0022 0.0002 1.0000 1.0000 0.1728
1.0000 1.0000 0.0002 0.0024 0.0249 0.2631 1.0000 1.0000 0.0003 0.0031 0.0325 0.3467 1.0000 1.0000 0.0004 0.0043 0.0474 0.5218 1.0000 1.0000 0.0007 0.0074 0.0839 0.9499 1.0000 0.0001 0.0013 0.0149 0.1712 1.0000 1.0000 0.0002 0.0028 0.0322 0.3720 1.0000 1.0000 0.0005 0.0061 0.0710 0.8205 1.0000 0.0001 0.0012 0.0136 0.1569 1.0000 1.0000 0.0002 0.0023 0.0101 0.0023 0.0002 1.0000 1.0000 0.1569 0.0136 0.0012 0.0001 1.0000 0.8205 0.0710 0.0061 0.0005 1.0000 1.0000 0.3720 0.0322 0.0028 0.0002 1.0000 1.0000 0.1712 0.0149 0.0013 0.0001 1.0000 0.9499 0.0839 0.0074 0.0007 1.0000 1.0000 0.5218 0.0474 0.0043 0.0004 1.0000 1.0000 0.3467 0.0325 0.0031 0.0003 1.0000 1.0000 0.2631 0.0249 0.0024 0.0002 1.0000 1.0000
1.0000 0.0002 0.0026 0.0273 0.2883 1.0000 1.0000 0.0003 0.0033 0.0352 0.3741 1.0000 1.0000 0.0004 0.0045 0.0490 0.5329 1.0000 1.0000 0.0007 0.0073 0.0814 0.9128 1.0000 0.0001 0.0012 0.0140 0.1593 1.0000 1.0000 0.0002 0.0026 0.0295 0.3408 1.0000 1.0000 0.0005 0.0056 0.0649 0.7504 1.0000 0.0001 0.0011 0.0124 0.1435 1.0000 1.0000 0.0002 0.0023 0.0240 0.1072 0.0240 0.0023 0.0002 1.0000 1.0000 0.1435 0.0124 0.0011 0.0001 1.0000 0.7504 0.0649 0.0056 0.0005 1.0000 1.0000 0.3408 0.0295 0.0026 0.0002 1.0000 1.0000 0.1593 0.0140 0.0012 0.0001 1.0000 0.9128 0.0814 0.0073 0.0007 1.0000 1.0000 0.5329 0.0490 0.0045 0.0004 1.0000 1.0000 0.3741 0.0352 0.0033 0.0003 1.0000 1.0000 0.2883 0.0273 0.0026 0.0002 1.0000
0.0002 0.0028 0.0299 0.3158 1.0000 1.0000 0.0003 0.0036 0.0384 0.4060 1.0000 1.0000 0.0005 0.0048 0.0517 0.5556 1.0000 1.0000 0.0007 0.0073 0.0805 0.8939 1.0000 0.0001 0.0012 0.0132 0.1502 1.0000 1.0000 0.0002 0.0024 0.0272 0.3135 1.0000 1.0000 0.0004 0.0051 0.0594 0.6862 1.0000 0.0001 0.0010 0.0113 0.1312 1.0000 1.0000 0.0002 0.0022 0.0244 0.2538 1.0000 0.2538 0.0244 0.0022 0.0002 1.0000 1.0000 0.1312 0.0113 0.0010 0.0001 1.0000 0.6862 0.0594 0.0051 0.0004 1.0000 1.0000 0.3135 0.0272 0.0024 0.0002 1.0000 1.0000 0.1502 0.0132 0.0012 0.0001 1.0000 0.8939 0.0805 0.0073 0.0007 1.0000 1.0000 0.5556 0.0517 0.0048 0.0005 1.0000 1.0000 0.4060 0.0384 0.0036 0.0003 1.0000 1.0000 0.3158 0.0299 0.0028 0.0002
0.0029 0.0329 0.3460 1.0000 1.0000 0.0004 0.0040 0.0419 0.4431 1.0000 1.0000 0.0005 0.0052 0.0552 0.5894 1.0000 1.0000 0.0007 0.0074 0.0814 0.8939 1.0000 0.0001 0.0011 0.0127 0.1435 1.0000 1.0000 0.0002 0.0022 0.0253 0.2899 1.0000 1.0000 0.0004 0.0047 0.0544 0.6287 1.0000 0.0001 0.0009 0.0104 0.1200 1.0000 1.0000 0.0002 0.0020 0.0228 0.2582 1.0000 1.0000 1.0000 0.2582 0.0228 0.0020 0.0002 1.0000 1.0000 0.1200 0.0104 0.0009 0.0001 1.0000 0.6287 0.0544 0.0047 0.0004 1.0000 1.0000 0.2899 0.0253 0.0022 0.0002 1.0000 1.0000 0.1435 0.0127 0.0011 0.0001 1.0000 0.8939 0.0814 0.0074 0.0007 1.0000 1.0000 0.5894 0.0552 0.0052 0.0005 1.0000 1.0000 0.4431 0.0419 0.0040 0.0004 1.0000 1.0000 0.3460 0.0329 0.0029
0.0331 0.3798 1.0000 1.0000 0.0004 0.0044 0.0459 0.4854 1.0000 1.0000 0.0005 0.0056 0.0596 0.6335 1.0000 1.0000 0.0007 0.0077 0.0839 0.9128 1.0000 0.0001 0.0011 0.0125 0.1392 1.0000 1.0000 0.0002 0.0021 0.0237 0.2708 1.0000 1.0000 0.0004 0.0043 0.0499 0.5761 1.0000 0.0001 0.0008 0.0095 0.1097 1.0000 1.0000 0.0002 0.0018 0.0209 0.2406 1.0000 1.0000 0.0001 1.0000 1.0000 0.2406 0.0209 0.0018 0.0002 1.0000 1.0000 0.1097 0.0095 0.0008 0.0001 1.0000 0.5761 0.0499 0.0043 0.0004 1.0000 1.0000 0.2708 0.0237 0.0021 0.0002 1.0000 1.0000 0.1392 0.0125 0.0011 0.0001 1.0000 0.9128 0.0839 0.0077 0.0007 1.0000 1.0000 0.6335 0.0596 0.0056 0.0005 1.0000 1.0000 0.4854 0.0459 0.0044 0.0004 1.0000 1.0000 0.3798 0.0331
0.3835 1.0000 1.0000 0.0005 0.0048 0.0504 0.5318 1.0000 1.0000 0.0006 0.0061 0.0648 0.6875 1.0000 0.0001 0.0008 0.0082 0.0880 0.9499 1.0000 0.0001 0.0011 0.0125 0.1378 1.0000 1.0000 0.0002 0.0020 0.0225 0.2557 1.0000 1.0000 0.0004 0.0040 0.0462 0.5308 1.0000 1.0000 0.0008 0.0087 0.1003 1.0000 1.0000 0.0001 0.0017 0.0191 0.2209 1.0000 1.0000 0.0003 0.0012 0.0003 1.0000 1.0000 0.2209 0.0191 0.0017 0.0001 1.0000 1.0000 0.1003 0.0087 0.0008 1.0000 1.0000 0.5308 0.0462 0.0040 0.0004 1.0000 1.0000 0.2557 0.0225 0.0020 0.0002 1.0000 1.0000 0.1378 0.0125 0.0011 0.0001 1.0000 0.9499 0.0880 0.0082 0.0008 0.0001 1.0000 0.6875 0.0648 0.0061 0.0006 1.0000 1.0000 0.5318 0.0504 0.0048 0.0005 1.0000 1.0000 0.3835
1.0000 1.0000 0.0005 0.0052 0.0552 0.5827 1.0000 1.0000 0.0006 0.0067 0.0708 0.7490 1.0000 0.0001 0.0008 0.0088 0.0937 1.0000 1.0000 0.0001 0.0012 0.0127 0.1392 1.0000 1.0000 0.0002 0.0019 0.0217 0.2448 1.0000 1.0000 0.0003 0.0038 0.0430 0.4920 1.0000 1.0000 0.0007 0.0080 0.0919 1.0000 1.0000 0.0001 0.0015 0.0175 0.2024 1.0000 1.0000 0.0003 0.0029 0.0131 0.0029 0.0003 1.0000 1.0000 0.2024 0.0175 0.0015 0.0001 1.0000 1.0000 0.0919 0.0080 0.0007 1.0000 1.0000 0.4920 0.0430 0.0038 0.0003 1.0000 1.0000 0.2448 0.0217 0.0019 0.0002 1.0000 1.0000 0.1392 0.0127 0.0012 0.0001 1.0000 1.0000 0.0937 0.0088 0.0008 0.0001 1.0000 0.7490 0.0708 0.0067 0.0006 1.0000 1.0000 0.5827 0.0552 0.0052 0.0005 1.0000 1.0000
1.0000 0.0005 0.0057 0.0605 0.6384 1.0000 1.0000 0.0007 0.0073 0.0775 0.8190 1.0000 0.0001 0.0009 0.0095 0.1009 1.0000 1.0000 0.0001 0.0012 0.0132 0.1435 1.0000 1.0000 0.0002 0.0019 0.0213 0.2384 1.0000 1.0000 0.0003 0.0036 0.0403 0.4603 1.0000 1.0000 0.0006 0.0073 0.0845 0.9737 1.0000 0.0001 0.0014 0.0160 0.1851 1.0000 1.0000 0.0003 0.0030 0.0310 0.1384 0.0310 0.0030 0.0003 1.0000 1.0000 0.1851 0.0160 0.0014 0.0001 1.0000 0.9737 0.0845 0.0073 0.0006 1.0000 1.0000 0.4603 0.0403 0.0036 0.0003 1.0000 1.0000 0.2384 0.0213 0.0019 0.0002 1.0000 1.0000 0.1435 0.0132 0.0012 0.0001 1.0000 1.0000 0.1009 0.0095 0.0009 0.0001 1.0000 0.8190 0.0775 0.0073 0.0007 1.0000 1.0000 0.6384 0.0605 0.0057 0.0005 1.0000
0.0005 0.0063 0.0664 0.7007 1.0000 0.0001 0.0008 0.0080 0.0847 0.8956 1.0000 0.0001 0.0010 0.0103 0.1095 1.0000 1.0000 0.0001 0.0013 0.0140 0.1502 1.0000 1.0000 0.0002 0.0019 0.0213 0.2361 1.0000 1.0000 0.0003 0.0034 0.0385 0.4356 1.0000 1.0000 0.0006 0.0068 0.0782 0.8990 1.0000 0.0001 0.0013 0.0147 0.1693 1.0000 1.0000 0.0002 0.0028 0.0315 0.3275 1.0000 0.3275 0.0315 0.0028 0.0002 1.0000 1.0000 0.1693 0.0147 0.0013 0.0001 1.0000 0.8990 0.0782 0.0068 0.0006 1.0000 1.0000 0.4356 0.0385 0.0034 0.0003 1.0000 1.0000 0.2361 0.0213 0.0019 0.0002 1.0000 1.0000 0.1502 0.0140 0.0013 0.0001 1.0000 1.0000 0.1095 0.0103 0.0010 0.0001 1.0000 0.8956 0.0847 0.0080 0.0008 0.0001 1.0000 0.7007 0.0664 0.0063 0.0005
0.0064 0.0728 0.7677 1.0000 0.0001 0.0008 0.0088 0.0928 0.9793 1.0000 0.0001 0.0011 0.0113 0.1195 1.0000 1.0000 0.0001 0.0014 0.0149 0.1593 1.0000 1.0000 0.0002 0.0020 0.0217 0.2384 1.0000 1.0000 0.0003 0.0033 0.0372 0.4177 1.0000 1.0000 0.0006 0.0064 0.0729 0.8347 1.0000 0.0001 0.0012 0.0135 0.1551 1.0000 1.0000 0.0002 0.0025 0.0294 0.3331 1.0000 1.0000 1.0000 0.3331 0.0294 0.0025 0.0002 1.0000 1.0000 0.1551 0.0135 0.0012 0.0001 1.0000 0.8347 0.0729 0.0064 0.0006 1.0000 1.0000 0.4177 0.0372 0.0033 0.0003 1.0000 1.0000 0.2384 0.0217 0.0020 0.0002 1.0000 1.0000 0.1593 0.0149 0.0014 0.0001 1.0000 1.0000 0.1195 0.0113 0.0011 0.0001 1.0000 0.9793 0.0928 0.0088 0.0008 0.0001 1.0000 0.7677 0.0728 0.0064
0.0734 0.8427 1.0000 0.0001 0.0009 0.0097 0.1019 1.0000 1.0000 0.0001 0.0012 0.0124 0.1307 1.0000 1.0000 0.0001 0.0015 0.0161 0.1712 1.0000 1.0000 0.0002 0.0021 0.0225 0.2448 1.0000 1.0000 0.0003 0.0033 0.0365 0.4068 1.0000 1.0000 0.0005 0.0060 0.0687 0.7824 1.0000 0.0001 0.0011 0.0124 0.1429 1.0000 1.0000 0.0002 0.0023 0.0270 0.3105 1.0000 1.0000 0.0002 1.0000 1.0000 0.3105 0.0270 0.0023 0.0002 1.0000 1.0000 0.1429 0.0124 0.0011 0.0001 1.0000 0.7824 0.0687 0.0060 0.0005 1.0000 1.0000 0.4068 0.0365 0.0033 0.0003 1.0000 1.0000 0.2448 0.0225 0.0021 0.0002 1.0000 1.0000 0.1712 0.0161 0.0015 0.0001 1.0000 1.0000 0.1307 0.0124 0.0012 0.0001 1.0000 1.0000 0.1019 0.0097 0.0009 0.0001 1.0000 0.8427 0.0734
0.8491 1.0000 0.0001 0.0010 0.0106 0.1116 1.0000 1.0000 0.0001 0.0013 0.0135 0.1429 1.0000 1.0000 0.0002 0.0016 0.0175 0.1854 1.0000 1.0000 0.0002 0.0022 0.0237 0.2557 1.0000 1.0000 0.0003 0.0033 0.0365 0.4029 1.0000 1.0000 0.0005 0.0058 0.0655 0.7405 1.0000 0.0001 0.0010 0.0116 0.1324 1.0000 1.0000 0.0002 0.0021 0.0247 0.2856 1.0000 1.0000 0.0004 0.0016 0.0004 1.0000 1.0000 0.2856 0.0247 0.0021 0.0002 1.0000 1.0000 0.1324 0.0116 0.0010 0.0001 1.0000 0.7405 0.0655 0.0058 0.0005 1.0000 1.0000 0.4029 0.0365 0.0033 0.0003 1.0000 1.0000 0.2557 0.0237 0.0022 0.0002 1.0000 1.0000 0.1854 0.0175 0.0016 0.0002 1.0000 1.0000 0.1429 0.0135 0.0013 0.0001 1.0000 1.0000 0.1116 0.0106 0.0010 0.0001 1.0000 0.8491
1.0000 0.0001 0.0011 0.0116 0.1225 1.0000 1.0000 0.0001 0.0014 0.0148 0.1563 1.0000 1.0000 0.0002 0.0018 0.0191 0.2016 1.0000 1.0000 0.0002 0.0024 0.0253 0.2708 1.0000 1.0000 0.0003 0.0034 0.0372 0.4068 1.0000 1.0000 0.0005 0.0057 0.0633 0.7115 1.0000 0.0001 0.0010 0.0108 0.1237 1.0000 1.0000 0.0002 0.0020 0.0228 0.2621 1.0000 1.0000 0.0004 0.0038 0.0169 0.0038 0.0004 1.0000 1.0000 0.2621 0.0228 0.0020 0.0002 1.0000 1.0000 0.1237 0.0108 0.0010 0.0001 1.0000 0.7115 0.0633 0.0057 0.0005 1.0000 1.0000 0.4068 0.0372 0.0034 0.0003 1.0000 1.0000 0.2708 0.0253 0.0024 0.0002 1.0000 1.0000 0.2016 0.0191 0.0018 0.0002 1.0000 1.0000 0.1563 0.0148 0.0014 0.0001 1.0000 1.0000 0.1225 0.0116 0.0011 0.0001 1.0000
0.0001 0.0012 0.0127 0.1342 1.0000 1.0000 0.0001 0.0015 0.0162 0.1712 1.0000 1.0000 0.0002 0.0020 0.0209 0.2205 1.0000 1.0000 0.0002 0.0026 0.0272 0.2899 1.0000 1.0000 0.0003 0.0036 0.0385 0.4177 1.0000 1.0000 0.0005 0.0056 0.0622 0.6941 1.0000 0.0001 0.0009 0.0103 0.1168 1.0000 1.0000 0.0002 0.0018 0.0211 0.2420 1.0000 1.0000 0.0003 0.0039 0.0400 0.1785 0.0400 0.0039 0.0003 1.0000 1.0000 0.2420 0.0211 0.0018 0.0002 1.0000 1.0000 0.1168 0.0103 0.0009 0.0001 1.0000 0.6941 0.0622 0.0056 0.0005 1.0000 1.0000 0.4177 0.0385 0.0036 0.0003 1.0000 1.0000 0.2899 0.0272 0.0026 0.0002 1.0000 1.0000 0.2205 0.0209 0.0020 0.0002 1.0000 1.0000 0.1712 0.0162 0.0015 0.0001 1.0000 1.0000 0.1342 0.0127 0.0012 0.0001
0.0012 0.0140 0.1473 1.0000 1.0000 0.0002 0.0017 0.0178 0.1879 1.0000 1.0000 0.0002 0.0022 0.0228 0.2411 1.0000 1.0000 0.0003 0.0028 0.0295 0.3135 1.0000 1.0000 0.0004 0.0038 0.0403 0.4356 1.0000 1.0000 0.0005 0.0057 0.0622 0.6888 1.0000 0.0001 0.0009 0.0099 0.1116 1.0000 1.0000 0.0002 0.0017 0.0196 0.2243 1.0000 1.0000 0.0003 0.0036 0.0408 0.4233 1.0000 0.4233 0.0408 0.0036 0.0003 1.0000 1.0000 0.2243 0.0196 0.0017 0.0002 1.0000 1.0000 0.1116 0.0099 0.0009 0.0001 1.0000 0.6888 0.0622 0.0057 0.0005 1.0000 1.0000 0.4356 0.0403 0.0038 0.0004 1.0000 1.0000 0.3135 0.0295 0.0028 0.0003 1.0000 1.0000 0.2411 0.0228 0.0022 0.0002 1.0000 1.0000 0.1879 0.0178 0.0017 0.0002 1.0000 1.0000 0.1473 0.0140 0.0012
0.0141 0.1614 1.0000 1.0000 0.0002 0.0018 0.0195 0.2059 1.0000 1.0000 0.0002 0.0024 0.0249 0.2636 1.0000 1.0000 0.0003 0.0030 0.0322 0.3408 1.0000 1.0000 0.0004 0.0040 0.0430 0.4603 1.0000 1.0000 0.0005 0.0058 0.0633 0.6941 1.0000 0.0001 0.0009 0.0097 0.1081 1.0000 1.0000 0.0001 0.0016 0.0184 0.2098 1.0000 1.0000 0.0003 0.0033 0.0383 0.4323 1.0000 1.0000 1.0000 0.4323 0.0383 0.0033 0.0003 1.0000 1.0000 0.2098 0.0184 0.0016 0.0001 1.0000 1.0000 0.1081 0.0097 0.0009 0.0001 1.0000 0.6941 0.0633 0.0058 0.0005 1.0000 1.0000 0.4603 0.0430 0.0040 0.0004 1.0000 1.0000 0.3408 0.0322 0.0030 0.0003 1.0000 1.0000 0.2636 0.0249 0.0024 0.0002 1.0000 1.0000 0.2059 0.0195 0.0018 0.0002 1.0000 1.0000 0.1614 0.0141
0.1629 1.0000 1.0000 0.0002 0.0020 0.0214 0.2260 1.0000 1.0000 0.0002 0.0026 0.0273 0.2883 1.0000 1.0000 0.0003 0.0033 0.0352 0.3720 1.0000 1.0000 0.0004 0.0043 0.0462 0.4920 1.0000 1.0000 0.0006 0.0060 0.0655 0.7115 1.0000 0.0001 0.0009 0.0096 0.1062 1.0000 1.0000 0.0001 0.0015 0.0175 0.1986 1.0000 1.0000 0.0003 0.0031 0.0356 0.4075 1.0000 1.0000 0.0002 1.0000 1.0000 0.4075 0.0356 0.0031 0.0003 1.0000 1.0000 0.1986 0.0175 0.0015 0.0001 1.0000 1.0000 0.1062 0.0096 0.0009 0.0001 1.0000 0.7115 0.0655 0.0060 0.0006 1.0000 1.0000 0.4920 0.0462 0.0043 0.0004 1.0000 1.0000 0.3720 0.0352 0.0033 0.0003 1.0000 1.0000 0.2883 0.0273 0.0026 0.0002 1.0000 1.0000 0.2260 0.0214 0.0020 0.0002 1.0000 1.0000 0.1629
1.0000 1.0000 0.0002 0.0022 0.0235 0.2476 1.0000 1.0000 0.0003 0.0028 0.0299 0.3158 1.0000 1.0000 0.0003 0.0036 0.0385 0.4068 1.0000 1.0000 0.0004 0.0047 0.0499 0.5308 1.0000 1.0000 0.0006 0.0064 0.0687 0.7405 1.0000 0.0001 0.0009 0.0097 0.1062 1.0000 1.0000 0.0001 0.0015 0.0169 0.1897 1.0000 1.0000 0.0003 0.0029 0.0332 0.3798 1.0000 1.0000 0.0005 0.0021 0.0005 1.0000 1.0000 0.3798 0.0332 0.0029 0.0003 1.0000 1.0000 0.1897 0.0169 0.0015 0.0001 1.0000 1.0000 0.1062 0.0097 0.0009 0.0001 1.0000 0.7405 0.0687 0.0064 0.0006 1.0000 1.0000 0.5308 0.0499 0.0047 0.0004 1.0000 1.0000 0.4068 0.0385 0.0036 0.0003 1.0000 1.0000 0.3158 0.0299 0.0028 0.0003 1.0000 1.0000 0.2476 0.0235 0.0022 0.0002 1.0000 1.0000
1.0000 0.0002 0.0024 0.0258 0.2718 1.0000 1.0000 0.0003 0.0031 0.0329 0.3467 1.0000 1.0000 0.0004 0.0040 0.0421 0.4448 1.0000 1.0000 0.0005 0.0051 0.0544 0.5761 1.0000 1.0000 0.0006 0.0068 0.0729 0.7824 1.0000 0.0001 0.0009 0.0099 0.1081 1.0000 1.0000 0.0001 0.0015 0.0165 0.1840 1.0000 1.0000 0.0002 0.0028 0.0313 0.3561 1.0000 1.0000 0.0005 0.0050 0.0221 0.0050 0.0005 1.0000 1.0000 0.3561 0.0313 0.0028 0.0002 1.0000 1.0000 0.1840 0.0165 0.0015 0.0001 1.0000 1.0000 0.1081 0.0099 0.0009 0.0001 1.0000 0.7824 0.0729 0.0068 0.0006 1.0000 1.0000 0.5761 0.0544 0.0051 0.0005 1.0000 1.0000 0.4448 0.0421 0.0040 0.0004 1.0000 1.0000 0.3467 0.0329 0.0031 0.0003 1.0000 1.0000 0.2718 0.0258 0.0024 0.0002 1.0000
0.0002 0.0027 0.0282 0.2978 1.0000 1.0000 0.0003 0.0034 0.0360 0.3798 1.0000 1.0000 0.0004 0.0044 0.0460 0.4864 1.0000 1.0000 0.0005 0.0056 0.0594 0.6287 1.0000 1.0000 0.0007 0.0073 0.0782 0.8347 1.0000 0.0001 0.0010 0.0103 0.1116 1.0000 1.0000 0.0001 0.0015 0.0163 0.1813 1.0000 1.0000 0.0002 0.0026 0.0298 0.3369 1.0000 1.0000 0.0005 0.0051 0.0531 0.2361 0.0531 0.0051 0.0005 1.0000 1.0000 0.3369 0.0298 0.0026 0.0002 1.0000 1.0000 0.1813 0.0163 0.0015 0.0001 1.0000 1.0000 0.1116 0.0103 0.0010 0.0001 1.0000 0.8347 0.0782 0.0073 0.0007 1.0000 1.0000 0.6287 0.0594 0.0056 0.0005 1.0000 1.0000 0.4864 0.0460 0.0044 0.0004 1.0000 1.0000 0.3798 0.0360 0.0034 0.0003 1.0000 1.0000 0.2978 0.0282 0.0027 0.0002
0.0027 0.0310 0.3262 1.0000 1.0000 0.0004 0.0037 0.0395 0.4169 1.0000 1.0000 0.0005 0.0048 0.0504 0.5318 1.0000 1.0000 0.0006 0.0061 0.0649 0.6862 1.0000 0.0001 0.0008 0.0080 0.0845 0.8990 1.0000 0.0001 0.0010 0.0108 0.1168 1.0000 1.0000 0.0001 0.0015 0.0165 0.1813 1.0000 1.0000 0.0002 0.0026 0.0287 0.3225 1.0000 1.0000 0.0004 0.0049 0.0550 0.5674 1.0000 0.5674 0.0550 0.0049 0.0004 1.0000 1.0000 0.3225 0.0287 0.0026 0.0002 1.0000 1.0000 0.1813 0.0165 0.0015 0.0001 1.0000 1.0000 0.1168 0.0108 0.0010 0.0001 1.0000 0.8990 0.0845 0.0080 0.0008 0.0001 1.0000 0.6862 0.0649 0.0061 0.0006 1.0000 1.0000 0.5318 0.0504 0.0048 0.0005 1.0000 1.0000 0.4169 0.0395 0.0037 0.0004 1.0000 1.0000 0.3262 0.0310 0.0027
0.0312 0.3581 1.0000 1.0000 0.0004 0.0041 0.0433 0.4568 1.0000 1.0000 0.0005 0.0052 0.0552 0.5827 1.0000 1.0000 0.0006 0.0067 0.0710 0.7504 1.0000 0.0001 0.0008 0.0087 0.0919 0.9737 1.0000 0.0001 0.0011 0.0116 0.1237 1.0000 1.0000 0.0001 0.0015 0.0169 0.1840 1.0000 1.0000 0.0002 0.0025 0.0280 0.3129 1.0000 1.0000 0.0004 0.0047 0.0529 0.5905 1.0000 1.0000 1.0000 0.5905 0.0529 0.0047 0.0004 1.0000 1.0000 0.3129 0.0280 0.0025 0.0002 1.0000 1.0000 0.1840 0.0169 0.0015 0.0001 1.0000 1.0000 0.1237 0.0116 0.0011 0.0001 1.0000 0.9737 0.0919 0.0087 0.0008 0.0001 1.0000 0.7504 0.0710 0.0067 0.0006 1.0000 1.0000 0.5827 0.0552 0.0052 0.0005 1.0000 1.0000 0.4568 0.0433 0.0041 0.0004 1.0000 1.0000 0.3581 0.0312
0.3615 1.0000 1.0000 0.0004 0.0045 0.0474 0.5004 1.0000 1.0000 0.0005 0.0057 0.0606 0.6396 1.0000 1.0000 0.0007 0.0073 0.0776 0.8205 1.0000 0.0001 0.0009 0.0095 0.1003 1.0000 1.0000 0.0001 0.0012 0.0124 0.1324 1.0000 1.0000 0.0002 0.0016 0.0175 0.1897 1.0000 1.0000 0.0002 0.0025 0.0278 0.3081 1.0000 1.0000 0.0004 0.0045 0.0505 0.5706 1.0000 1.0000 0.0003 1.0000 1.0000 0.5706 0.0505 0.0045 0.0004 1.0000 1.0000 0.3081 0.0278 0.0025 0.0002 1.0000 1.0000 0.1897 0.0175 0.0016 0.0002 1.0000 1.0000 0.1324 0.0124 0.0012 0.0001 1.0000 1.0000 0.1003 0.0095 0.0009 0.0001 1.0000 0.8205 0.0776 0.0073 0.0007 1.0000 1.0000 0.6396 0.0606 0.0057 0.0005 1.0000 1.0000 0.5004 0.0474 0.0045 0.0004 1.0000 1.0000 0.3615
1.0000 1.0000 0.0005 0.0049 0.0521 0.5493 1.0000 1.0000 0.0006 0.0063 0.0664 0.7007 1.0000 0.0001 0.0008 0.0080 0.0849 0.8973 1.0000 0.0001 0.0010 0.0104 0.1097 1.0000 1.0000 0.0001 0.0013 0.0135 0.1429 1.0000 1.0000 0.0002 0.0017 0.0184 0.1986 1.0000 1.0000 0.0002 0.0026 0.0280 0.3081 1.0000 1.0000 0.0004 0.0043 0.0487 0.5483 1.0000 1.0000 0.0006 0.0029 0.0006 1.0000 1.0000 0.5483 0.0487 0.0043 0.0004 1.0000 1.0000 0.3081 0.0280 0.0026 0.0002 1.0000 1.0000 0.1986 0.0184 0.0017 0.0002 1.0000 1.0000 0.1429 0.0135 0.0013 0.0001 1.0000 1.0000 0.1097 0.0104 0.0010 0.0001 1.0000 0.8973 0.0849 0.0080 0.0008 0.0001 1.0000 0.7007 0.0664 0.0063 0.0006 1.0000 1.0000 0.5493 0.0521 0.0049 0.0005 1.0000 1.0000
1.0000 0.0005 0.0054 0.0570 0.6018 1.0000 1.0000 0.0007 0.0069 0.0729 0.7692 1.0000 0.0001 0.0008 0.0088 0.0930 0.9830 1.0000 0.0001 0.0011 0.0113 0.1200 1.0000 1.0000 0.0001 0.0014 0.0147 0.1551 1.0000 1.0000 0.0002 0.0018 0.0196 0.2098 1.0000 1.0000 0.0002 0.0026 0.0287 0.3129 1.0000 1.0000 0.0004 0.0043 0.0476 0.5318 1.0000 1.0000 0.0007 0.0070 0.0310 0.0070 0.0007 1.0000 1.0000 0.5318 0.0476 0.0043 0.0004 1.0000 1.0000 0.3129 0.0287 0.0026 0.0002 1.0000 1.0000 0.2098 0.0196 0.0018 0.0002 1.0000 1.0000 0.1551 0.0147 0.0014 0.0001 1.0000 1.0000 0.1200 0.0113 0.0011 0.0001 1.0000 0.9830 0.0930 0.0088 0.0008 0.0001 1.0000 0.7692 0.0729 0.0069 0.0007 1.0000 1.0000 0.6018 0.0570 0.0054 0.0005 1.0000
0.0005 0.0059 0.0626 0.6606 1.0000 0.0001 0.0007 0.0076 0.0799 0.8427 1.0000 0.0001 0.0009 0.0097 0.1019 1.0000 1.0000 0.0001 0.0012 0.0124 0.1312 1.0000 1.0000 0.0001 0.0015 0.0160 0.1693 1.0000 1.0000 0.0002 0.0020 0.0211 0.2243 1.0000 1.0000 0.0003 0.0028 0.0298 0.3225 1.0000 1.0000 0.0004 0.0043 0.0473 0.5248 1.0000 1.0000 0.0007 0.0074 0.0759 0.3350 0.0759 0.0074 0.0007 1.0000 1.0000 0.5248 0.0473 0.0043 0.0004 1.0000 1.0000 0.3225 0.0298 0.0028 0.0003 1.0000 1.0000 0.2243 0.0211 0.0020 0.0002 1.0000 1.0000 0.1693 0.0160 0.0015 0.0001 1.0000 1.0000 0.1312 0.0124 0.0012 0.0001 1.0000 1.0000 0.1019 0.0097 0.0009 0.0001 1.0000 0.8427 0.0799 0.0076 0.0007 0.0001 1.0000 0.6606 0.0626 0.0059 0.0005
0.0060 0.0686 0.7238 1.0000 0.0001 0.0008 0.0083 0.0875 0.9232 1.0000 0.0001 0.0010 0.0106 0.1118 1.0000 1.0000 0.0001 0.0013 0.0136 0.1435 1.0000 1.0000 0.0002 0.0017 0.0175 0.1851 1.0000 1.0000 0.0002 0.0021 0.0228 0.2420 1.0000 1.0000 0.0003 0.0029 0.0313 0.3369 1.0000 1.0000 0.0004 0.0043 0.0476 0.5248 1.0000 1.0000 0.0007 0.0074 0.0811 0.8237 1.0000 0.8237 0.0811 0.0074 0.0007 1.0000 1.0000 0.5248 0.0476 0.0043 0.0004 1.0000 1.0000 0.3369 0.0313 0.0029 0.0003 1.0000 1.0000 0.2420 0.0228 0.0021 0.0002 1.0000 1.0000 0.1851 0.0175 0.0017 0.0002 1.0000 1.0000 0.1435 0.0136 0.0013 0.0001 1.0000 1.0000 0.1118 0.0106 0.0010 0.0001 1.0000 0.9232 0.0875 0.0083 0.0008 0.0001 1.0000 0.7238 0.0686 0.0060
0.0692 0.7944 1.0000 0.0001 0.0009 0.0091 0.0960 1.0000 1.0000 0.0001 0.0011 0.0116 0.1225 1.0000 1.0000 0.0001 0.0014 0.0148 0.1569 1.0000 1.0000 0.0002 0.0018 0.0191 0.2024 1.0000 1.0000 0.0002 0.0023 0.0247 0.2621 1.0000 1.0000 0.0003 0.0031 0.0332 0.3561 1.0000 1.0000 0.0004 0.0045 0.0487 0.5318 1.0000 1.0000 0.0007 0.0073 0.0808 0.8854 1.0000 1.0000 1.0000 0.8854 0.0808 0.0073 0.0007 1.0000 1.0000 0.5318 0.0487 0.0045 0.0004 1.0000 1.0000 0.3561 0.0332 0.0031 0.0003 1.0000 1.0000 0.2621 0.0247 0.0023 0.0002 1.0000 1.0000 0.2024 0.0191 0.0018 0.0002 1.0000 1.0000 0.1569 0.0148 0.0014 0.0001 1.0000 1.0000 0.1225 0.0116 0.0011 0.0001 1.0000 1.0000 0.0960 0.0091 0.0009 0.0001 1.0000 0.7944 0.0692
0.8005 1.0000 0.0001 0.0009 0.0100 0.1052 1.0000 1.0000 0.0001 0.0012 0.0127 0.1342 1.0000 1.0000 0.0001 0.0015 0.0162 0.1715 1.0000 1.0000 0.0002 0.0020 0.0209 0.2209 1.0000 1.0000 0.0002 0.0025 0.0270 0.2856 1.0000 1.0000 0.0003 0.0033 0.0356 0.3798 1.0000 1.0000 0.0004 0.0047 0.0505 0.5483 1.0000 1.0000 0.0007 0.0073 0.0803 0.8888 1.0000 0.0001 0.0004 0.0001 1.0000 0.8888 0.0803 0.0073 0.0007 1.0000 1.0000 0.5483 0.0505 0.0047 0.0004 1.0000 1.0000 0.3798 0.0356 0.0033 0.0003 1.0000 1.0000 0.2856 0.0270 0.0025 0.0002 1.0000 1.0000 0.2209 0.0209 0.0020 0.0002 1.0000 1.0000 0.1715 0.0162 0.0015 0.0001 1.0000 1.0000 0.1342 0.0127 0.0012 0.0001 1.0000 1.0000 0.1052 0.0100 0.0009 0.0001 1.0000 0.8005
1.0000 0.0001 0.0010 0.0109 0.1148 1.0000 1.0000 0.0001 0.0013 0.0139 0.1465 1.0000 1.0000 0.0002 0.0017 0.0177 0.1869 1.0000 1.0000 0.0002 0.0022 0.0228 0.2406 1.0000 1.0000 0.0003 0.0028 0.0294 0.3105 1.0000 1.0000 0.0003 0.0036 0.0383 0.4075 1.0000 1.0000 0.0005 0.0049 0.0529 0.5706 1.0000 1.0000 0.0007 0.0074 0.0808 0.8888 1.0000 0.0001 0.0010 0.0044 0.0010 0.0001 1.0000 0.8888 0.0808 0.0074 0.0007 1.0000 1.0000 0.5706 0.0529 0.0049 0.0005 1.0000 1.0000 0.4075 0.0383 0.0036 0.0003 1.0000 1.0000 0.3105 0.0294 0.0028 0.0003 1.0000 1.0000 0.2406 0.0228 0.0022 0.0002 1.0000 1.0000 0.1869 0.0177 0.0017 0.0002 1.0000 1.0000 0.1465 0.0139 0.0013 0.0001 1.0000 1.0000 0.1148 0.0109 0.0010 0.0001 1.0000
0.0001 0.0011 0.0117 0.1234 1.0000 1.0000 0.0001 0.0014 0.0149 0.1575 1.0000 1.0000 0.0002 0.0018 0.0190 0.2009 1.0000 1.0000 0.0002 0.0023 0.0244 0.2582 1.0000 1.0000 0.0003 0.0030 0.0315 0.3331 1.0000 1.0000 0.0004 0.0039 0.0408 0.4323 1.0000 1.0000 0.0005 0.0051 0.0550 0.5905 1.0000 1.0000 0.0007 0.0074 0.0811 0.8854 1.0000 0.0001 0.0011 0.0108 0.0472 0.0108 0.0011 0.0001 1.0000 0.8854 0.0811 0.0074 0.0007 1.0000 1.0000 0.5905 0.0550 0.0051 0.0005 1.0000 1.0000 0.4323 0.0408 0.0039 0.0004 1.0000 1.0000 0.3331 0.0315 0.0030 0.0003 1.0000 1.0000 0.2582 0.0244 0.0023 0.0002 1.0000 1.0000 0.2009 0.0190 0.0018 0.0002 1.0000 1.0000 0.1575 0.0149 0.0014 0.0001 1.0000 1.0000 0.1234 0.0117 0.0011 0.0001
0.0010 0.0115 0.1213 1.0000 1.0000 0.0001 0.0014 0.0147 0.1551 1.0000 1.0000 0.0002 0.0018 0.0187 0.1978 1.0000 1.0000 0.0002 0.0023 0.0240 0.2538 1.0000 1.0000 0.0003 0.0029 0.0310 0.3275 1.0000 1.0000 0.0004 0.0038 0.0400 0.4233 1.0000 1.0000 0.0005 0.0050 0.0531 0.5674 1.0000 1.0000 0.0006 0.0070 0.0759 0.8237 1.0000 0.0001 0.0010 0.0108 0.1078 0.4718 0.1078 0.0108 0.0010 0.0001 1.0000 0.8237 0.0759 0.0070 0.0006 1.0000 1.0000 0.5674 0.0531 0.0050 0.0005 1.0000 1.0000 0.4233 0.0400 0.0038 0.0004 1.0000 1.0000 0.3275 0.0310 0.0029 0.0003 1.0000 1.0000 0.2538 0.0240 0.0023 0.0002 1.0000 1.0000 0.1978 0.0187 0.0018 0.0002 1.0000 1.0000 0.1551 0.0147 0.0014 0.0001 1.0000 1.0000 0.1213 0.0115 0.0010
0.0046 0.0518 0.5431 1.0000 1.0000 0.0006 0.0062 0.0657 0.6928 1.0000 1.0000 0.0008 0.0079 0.0837 0.8837 1.0000 0.0001 0.0010 0.0101 0.1072 1.0000 1.0000 0.0001 0.0012 0.0131 0.1384 1.0000 1.0000 0.0002 0.0016 0.0169 0.1785 1.0000 1.0000 0.0002 0.0021 0.0221 0.2361 1.0000 1.0000 0.0003 0.0029 0.0310 0.3350 1.0000 1.0000 0.0004 0.0044 0.0472 0.4718 1.0000 0.4718 0.0472 0.0044 0.0004 1.0000 1.0000 0.3350 0.0310 0.0029 0.0003 1.0000 1.0000 0.2361 0.0221 0.0021 0.0002 1.0000 1.0000 0.1785 0.0169 0.0016 0.0002 1.0000 1.0000 0.1384 0.0131 0.0012 0.0001 1.0000 1.0000 0.1072 0.0101 0.0010 0.0001 1.0000 0.8837 0.0837 0.0079 0.0008 1.0000 1.0000 0.6928 0.0657 0.0062 0.0006 1.0000 1.0000 0.5431 0.0518 0.0046
0.0010 0.0115 0.1213 1.0000 1.0000 0.0001 0.0014 0.0147 0.1551 1.0000 1.0000 0.0002 0.0018 0.0187 0.1978 1.0000 1.0000 0.0002 0.0023 0.0240 0.2538 1.0000 1.0000 0.0003 0.0029 0.0310 0.3275 1.0000 1.0000 0.0004 0.0038 0.0400 0.4233 1.0000 1.0000 0.0005 0.0050 0.0531 0.5674 1.0000 1.0000 0.0006 0.0070 0.0759 0.8237 1.0000 0.0001 0.0010 0.0108 0.1078 0.4718 0.1078 0.0108 0.0010 0.0001 1.0000 0.8237 0.0759 0.0070 0.0006 1.0000 1.0000 0.5674 0.0531 0.0050 0.0005 1.0000 1.0000 0.4233 0.0400 0.0038 0.0004 1.0000 1.0000 0.3275 0.0310 0.0029 0.0003 1.0000 1.0000 0.2538 0.0240 0.0023 0.0002 1.0000 1.0000 0.1978 0.0187 0.0018 0.0002 1.0000 1.0000 0.1551 0.0147 0.0014 0.0001 1.0000 1.0000 0.1213 0.0115 0.0010
0.0001 0.0011 0.0117 0.1234 1.0000 1.0000 0.0001 0.0014 0.0149 0.1575 1.0000 1.0000 0.0002 0.0018 0.0190 0.2009 1.0000 1.0000 0.0002 0.0023 0.0244 0.2582 1.0000 1.0000 0.0003 0.0030 0.0315 0.3331 1.0000 1.0000 0.0004 0.0039 0.0408 0.4323 1.0000 1.0000 0.0005 0.0051 0.0550 0.5905 1.0000 1.0000 0.0007 0.0074 0.0811 0.8854 1.0000 0.0001 0.0011 0.0108 0.0472 0.0108 0.0011 0.0001 1.0000 0.8854 0.0811 0.0074 0.0007 1.0000 1.0000 0.5905 0.0550 0.0051 0.0005 1.0000 1.0000 0.4323 0.0408 0.0039 0.0004 1.0000 1.0000 0.3331 0.0315 0.0030 0.0003 1.0000 1.0000 0.2582 0.0244 0.0023 0.0002 1.0000 1.0000 0.2009 0.0190 0.0018 0.0002 1.0000 1.0000 0.1575 0.0149 0.0014 0.0001 1.0000 1.0000 0.1234 0.0117 0.0011 0.0001
1.0000 0.0001 0.0010 0.0109 0.1148 1.0000 1.0000 0.0001 0.0013 0.0139 0.1465 1.0000 1.0000 0.0002 0.0017 0.0177 0.1869 1.0000 1.0000 0.0002 0.0022 0.0228 0.2406 1.0000 1.0000 0.0003 0.0028 0.0294 0.3105 1.0000 1.0000 0.0003 0.0036 0.0383 0.4075 1.0000 1.0000 0.0005 0.0049 0.0529 0.5706 1.0000 1.0000 0.0007 0.0074 0.0808 0.8888 1.0000 0.0001 0.0010 0.0044 0.0010 0.0001 1.0000 0.8888 0.0808 0.0074 0.0007 1.0000 1.0000 0.5706 0.0529 0.0049 0.0005 1.0000 1.0000 0.4075 0.0383 0.0036 0.0003 1.0000 1.0000 0.3105 0.0294 0.0028 0.0003 1.0000 1.0000 0.2406 0.0228 0.0022 0.0002 1.0000 1.0000 0.1869 0.0177 0.0017 0.0002 1.0000 1.0000 0.1465 0.0139 0.0013 0.0001 1.0000 1.0000 0.1148 0.0109 0.0010 0.0001 1.0000
0.8005 1.0000 0.0001 0.0009 0.0100 0.1052 1.0000 1.0000 0.0001 0.0012 0.0127 0.1342 1.0000 1.0000 0.0001 0.0015 0.0162 0.1715 1.0000 1.0000 0.0002 0.0020 0.0209 0.2209 1.0000 1.0000 0.0002 0.0025 0.0270 0.2856 1.0000 1.0000 0.0003 0.0033 0.0356 0.3798 1.0000 1.0000 0.0004 0.0047 0.0505 0.5483 1.0000 1.0000 0.0007 0.0073 0.0803 0.8888 1.0000 0.0001 0.0004 0.0001 1.0000 0.8888 0.0803 0.0073 0.0007 1.0000 1.0000 0.5483 0.0505 0.0047 0.0004 1.0000 1.0000 0.3798 0.0356 0.0033 0.0003 1.0000 1.0000 0.2856 0.0270 0.0025 0.0002 1.0000 1.0000 0.2209 0.0209 0.0020 0.0002 1.0000 1.0000 0.1715 0.0162 0.0015 0.0001 1.0000 1.0000 0.1342 0.0127 0.0012 0.0001 1.0000 1.0000 0.1052 0.0100 0.0009 0.0001 1.0000 0.8005
0.0692 0.7944 1.0000 0.0001 0.0009 0.0091 0.0960 1.0000 1.0000 0.0001 0.0011 0.0116 0.1225 1.0000 1.0000 0.0001 0.0014 0.0148 0.1569 1.0000 1.0000 0.0002 0.0018 0.0191 0.2024 1.0000 1.0000 0.0002 0.0023 0.0247 0.2621 1.0000 1.0000 0.0003 0.0031 0.0332 0.3561 1.0000 1.0000 0.0004 0.0045 0.0487 0.5318 1.0000 1.0000 0.0007 0.0073 0.0808 0.8854 1.0000 1.0000 1.0000 0.8854 0.0808 0.0073 0.0007 1.0000 1.0000 0.5318 0.0487 0.0045 0.0004 1.0000 1.0000 0.3561 0.0332 0.0031 0.0003 1.0000 1.0000 0.2621 0.0247 0.0023 0.0002 1.0000 1.0000 0.2024 0.0191 0.0018 0.0002 1.0000 1.0000 0.1569 0.0148 0.0014 0.0001 1.0000 1.0000 0.1225 0.0116 0.0011 0.0001 1.0000 1.0000 0.0960 0.0091 0.0009 0.0001 1.0000 0.7944 0.0692
