0.3894 0.5009 0.3018 0.1518 0.1772 0.2741 0.4679 0.4658 0.1993 0.1526 0.1997 0.3268 0.5068 0.4023 0.1619 0.1611 0.2305 0.3922 0.5018 0.3084 0.1520 0.1759 0.2709 0.4633 0.4692 0.2049 0.1522 0.1978 0.3225 0.5058 0.4080 0.1632 0.1602 0.2279 0.3869 0.5031 0.3164 0.1523 0.1746 0.2675 0.4583 0.4725 0.2111 0.1519 0.1959 0.3182 0.5044 0.4141 0.1653 0.1561 0.1830 0.1561 0.1653 0.4141 0.5044 0.3182 0.1959 0.1519 0.2111 0.4725 0.4583 0.2675 0.1746 0.1523 0.3164 0.5031 0.3869 0.2279 0.1602 0.1632 0.4080 0.5058 0.3225 0.1978 0.1522 0.2049 0.4692 0.4633 0.2709 0.1759 0.1520 0.3084 0.5018 0.3922 0.2305 0.1611 0.1619 0.4023 0.5068 0.3268 0.1997 0.1526 0.1993 0.4658 0.4679 0.2741 0.1772 0.1518 0.3018 0.5009 0.3894
0.5009 0.3015 0.1403 0.1684 0.2689 0.4678 0.4685 0.1982 0.1411 0.1916 0.3227 0.5081 0.4069 0.1524 0.1507 0.2235 0.3897 0.5036 0.3142 0.1406 0.1667 0.2652 0.4627 0.4719 0.2049 0.1407 0.1896 0.3182 0.5069 0.4125 0.1540 0.1498 0.2208 0.3843 0.5049 0.3222 0.1410 0.1653 0.2617 0.4576 0.4751 0.2121 0.1403 0.1876 0.3139 0.5056 0.4180 0.1558 0.1483 0.2101 0.2887 0.2101 0.1483 0.1558 0.4180 0.5056 0.3139 0.1876 0.1403 0.2121 0.4751 0.4576 0.2617 0.1653 0.1410 0.3222 0.5049 0.3843 0.2208 0.1498 0.1540 0.4125 0.5069 0.3182 0.1896 0.1407 0.2049 0.4719 0.4627 0.2652 0.1667 0.1406 0.3142 0.5036 0.3897 0.2235 0.1507 0.1524 0.4069 0.5081 0.3227 0.1916 0.1411 0.1982 0.4685 0.4678 0.2689 0.1684 0.1403 0.3015 0.5009
0.3018 0.1403 0.1675 0.2656 0.4618 0.4729 0.2079 0.1405 0.1886 0.3158 0.5061 0.4155 0.1549 0.1493 0.2193 0.3812 0.5054 0.3265 0.1413 0.1645 0.2598 0.4546 0.4768 0.2162 0.1402 0.1866 0.3114 0.5045 0.4208 0.1568 0.1484 0.2167 0.3759 0.5066 0.3342 0.1418 0.1631 0.2564 0.4494 0.4798 0.2239 0.1399 0.1846 0.3071 0.5027 0.4260 0.1588 0.1474 0.2128 0.3586 0.4871 0.3586 0.2128 0.1474 0.1588 0.4260 0.5027 0.3071 0.1846 0.1399 0.2239 0.4798 0.4494 0.2564 0.1631 0.1418 0.3342 0.5066 0.3759 0.2167 0.1484 0.1568 0.4208 0.5045 0.3114 0.1866 0.1402 0.2162 0.4768 0.4546 0.2598 0.1645 0.1413 0.3265 0.5054 0.3812 0.2193 0.1493 0.1549 0.4155 0.5061 0.3158 0.1886 0.1405 0.2079 0.4729 0.4618 0.2656 0.1675 0.1403 0.3018
0.1518 0.1684 0.2656 0.4595 0.4755 0.2156 0.1401 0.1860 0.3097 0.5038 0.4234 0.1578 0.1479 0.2153 0.3731 0.5071 0.3384 0.1421 0.1624 0.2545 0.4464 0.4814 0.2283 0.1398 0.1836 0.3048 0.5015 0.4288 0.1600 0.1471 0.2128 0.3678 0.5080 0.3458 0.1427 0.1611 0.2513 0.4410 0.4842 0.2364 0.1396 0.1818 0.3007 0.4992 0.4337 0.1624 0.1462 0.2100 0.3604 0.5083 0.4553 0.5083 0.3604 0.2100 0.1462 0.1624 0.4337 0.4992 0.3007 0.1818 0.1396 0.2364 0.4842 0.4410 0.2513 0.1611 0.1427 0.3458 0.5080 0.3678 0.2128 0.1471 0.1600 0.4288 0.5015 0.3048 0.1836 0.1398 0.2283 0.4814 0.4464 0.2545 0.1624 0.1421 0.3384 0.5071 0.3731 0.2153 0.1479 0.1578 0.4234 0.5038 0.3097 0.1860 0.1401 0.2156 0.4755 0.4595 0.2656 0.1684 0.1518
0.1772 0.2689 0.4618 0.4755 0.2186 0.1400 0.1842 0.3049 0.5012 0.4303 0.1609 0.1467 0.2116 0.3652 0.5084 0.3498 0.1431 0.1604 0.2495 0.4380 0.4857 0.2410 0.1395 0.1808 0.2984 0.4978 0.4364 0.1639 0.1458 0.2089 0.3598 0.5091 0.3571 0.1438 0.1591 0.2463 0.4325 0.4882 0.2493 0.1395 0.1790 0.2943 0.4949 0.4411 0.1667 0.1451 0.2065 0.3544 0.5094 0.3811 0.1894 0.3811 0.5094 0.3544 0.2065 0.1451 0.1667 0.4411 0.4949 0.2943 0.1790 0.1395 0.2493 0.4882 0.4325 0.2463 0.1591 0.1438 0.3571 0.5091 0.3598 0.2089 0.1458 0.1639 0.4364 0.4978 0.2984 0.1808 0.1395 0.2410 0.4857 0.4380 0.2495 0.1604 0.1431 0.3498 0.5084 0.3652 0.2116 0.1467 0.1609 0.4303 0.5012 0.3049 0.1842 0.1400 0.2186 0.4755 0.4618 0.2689 0.1772
0.2741 0.4678 0.4729 0.2156 0.1400 0.1836 0.3022 0.4991 0.4355 0.1640 0.1457 0.2082 0.3579 0.5093 0.3604 0.1442 0.1585 0.2446 0.4295 0.4896 0.2539 0.1394 0.1780 0.2921 0.4932 0.4436 0.1685 0.1447 0.2052 0.3520 0.5098 0.3679 0.1450 0.1573 0.2415 0.4239 0.4919 0.2624 0.1394 0.1763 0.2882 0.4898 0.4480 0.1719 0.1440 0.2029 0.3470 0.5099 0.3775 0.1475 0.1384 0.1475 0.3775 0.5099 0.3470 0.2029 0.1440 0.1719 0.4480 0.4898 0.2882 0.1763 0.1394 0.2624 0.4919 0.4239 0.2415 0.1573 0.1450 0.3679 0.5098 0.3520 0.2052 0.1447 0.1685 0.4436 0.4932 0.2921 0.1780 0.1394 0.2539 0.4896 0.4295 0.2446 0.1585 0.1442 0.3604 0.5093 0.3579 0.2082 0.1457 0.1640 0.4355 0.4991 0.3022 0.1836 0.1400 0.2156 0.4729 0.4678 0.2741
0.4679 0.4685 0.2079 0.1401 0.1842 0.3022 0.4982 0.4384 0.1664 0.1450 0.2055 0.3516 0.5099 0.3701 0.1454 0.1568 0.2400 0.4211 0.4931 0.2669 0.1394 0.1754 0.2860 0.4878 0.4504 0.1740 0.1436 0.2017 0.3444 0.5100 0.3783 0.1465 0.1555 0.2368 0.4153 0.4953 0.2755 0.1395 0.1738 0.2822 0.4839 0.4546 0.1782 0.1430 0.1994 0.3396 0.5099 0.3853 0.1478 0.1503 0.1837 0.1503 0.1478 0.3853 0.5099 0.3396 0.1994 0.1430 0.1782 0.4546 0.4839 0.2822 0.1738 0.1395 0.2755 0.4953 0.4153 0.2368 0.1555 0.1465 0.3783 0.5100 0.3444 0.2017 0.1436 0.1740 0.4504 0.4878 0.2860 0.1754 0.1394 0.2669 0.4931 0.4211 0.2400 0.1568 0.1454 0.3701 0.5099 0.3516 0.2055 0.1450 0.1664 0.4384 0.4982 0.3022 0.1842 0.1401 0.2079 0.4685 0.4679
0.4658 0.1982 0.1405 0.1860 0.3049 0.4991 0.4384 0.1673 0.1446 0.2037 0.3468 0.5101 0.3782 0.1467 0.1552 0.2357 0.4130 0.4962 0.2796 0.1396 0.1729 0.2802 0.4817 0.4568 0.1807 0.1426 0.1982 0.3370 0.5098 0.3882 0.1482 0.1538 0.2322 0.4067 0.4983 0.2886 0.1398 0.1713 0.2764 0.4774 0.4607 0.1857 0.1421 0.1961 0.3323 0.5095 0.3945 0.1495 0.1521 0.2209 0.3057 0.2209 0.1521 0.1495 0.3945 0.5095 0.3323 0.1961 0.1421 0.1857 0.4607 0.4774 0.2764 0.1713 0.1398 0.2886 0.4983 0.4067 0.2322 0.1538 0.1482 0.3882 0.5098 0.3370 0.1982 0.1426 0.1807 0.4568 0.4817 0.2802 0.1729 0.1396 0.2796 0.4962 0.4130 0.2357 0.1552 0.1467 0.3782 0.5101 0.3468 0.2037 0.1446 0.1673 0.4384 0.4991 0.3049 0.1860 0.1405 0.1982 0.4658
0.1993 0.1411 0.1886 0.3097 0.5012 0.4355 0.1664 0.1446 0.2030 0.3442 0.5101 0.3842 0.1478 0.1540 0.2320 0.4055 0.4989 0.2917 0.1398 0.1706 0.2746 0.4752 0.4626 0.1886 0.1418 0.1949 0.3298 0.5092 0.3977 0.1501 0.1522 0.2278 0.3981 0.5010 0.3015 0.1401 0.1689 0.2707 0.4702 0.4664 0.1946 0.1413 0.1928 0.3252 0.5084 0.4036 0.1515 0.1511 0.2236 0.3802 0.4989 0.3802 0.2236 0.1511 0.1515 0.4036 0.5084 0.3252 0.1928 0.1413 0.1946 0.4664 0.4702 0.2707 0.1689 0.1401 0.3015 0.5010 0.3981 0.2278 0.1522 0.1501 0.3977 0.5092 0.3298 0.1949 0.1418 0.1886 0.4626 0.4752 0.2746 0.1706 0.1398 0.2917 0.4989 0.4055 0.2320 0.1540 0.1478 0.3842 0.5101 0.3442 0.2030 0.1446 0.1664 0.4355 0.5012 0.3097 0.1886 0.1411 0.1993
0.1526 0.1916 0.3158 0.5038 0.4303 0.1640 0.1450 0.2037 0.3442 0.5100 0.3874 0.1486 0.1530 0.2291 0.3992 0.5010 0.3027 0.1402 0.1685 0.2693 0.4682 0.4681 0.1977 0.1411 0.1918 0.3229 0.5080 0.4067 0.1523 0.1507 0.2235 0.3897 0.5034 0.3141 0.1406 0.1667 0.2652 0.4627 0.4718 0.2048 0.1407 0.1896 0.3182 0.5068 0.4124 0.1539 0.1498 0.2206 0.3819 0.5057 0.4382 0.5057 0.3819 0.2206 0.1498 0.1539 0.4124 0.5068 0.3182 0.1896 0.1407 0.2048 0.4718 0.4627 0.2652 0.1667 0.1406 0.3141 0.5034 0.3897 0.2235 0.1507 0.1523 0.4067 0.5080 0.3229 0.1918 0.1411 0.1977 0.4681 0.4682 0.2693 0.1685 0.1402 0.3027 0.5010 0.3992 0.2291 0.1530 0.1486 0.3874 0.5100 0.3442 0.2037 0.1450 0.1640 0.4303 0.5038 0.3158 0.1916 0.1526
0.1997 0.3227 0.5061 0.4234 0.1609 0.1457 0.2055 0.3468 0.5101 0.3874 0.1489 0.1526 0.2272 0.3946 0.5026 0.3117 0.1406 0.1666 0.2645 0.4613 0.4729 0.2077 0.1405 0.1887 0.3162 0.5062 0.4151 0.1548 0.1493 0.2194 0.3814 0.5054 0.3264 0.1413 0.1645 0.2598 0.4547 0.4768 0.2161 0.1402 0.1866 0.3114 0.5046 0.4208 0.1567 0.1484 0.2167 0.3756 0.5067 0.3531 0.1689 0.3531 0.5067 0.3756 0.2167 0.1484 0.1567 0.4208 0.5046 0.3114 0.1866 0.1402 0.2161 0.4768 0.4547 0.2598 0.1645 0.1413 0.3264 0.5054 0.3814 0.2194 0.1493 0.1548 0.4151 0.5062 0.3162 0.1887 0.1405 0.2077 0.4729 0.4613 0.2645 0.1666 0.1406 0.3117 0.5026 0.3946 0.2272 0.1526 0.1489 0.3874 0.5101 0.3468 0.2055 0.1457 0.1609 0.4234 0.5061 0.3227 0.1997
0.3268 0.5081 0.4155 0.1578 0.1467 0.2082 0.3516 0.5101 0.3842 0.1486 0.1526 0.2265 0.3921 0.5036 0.3183 0.1410 0.1651 0.2604 0.4547 0.4772 0.2179 0.1401 0.1859 0.3097 0.5038 0.4231 0.1577 0.1480 0.2155 0.3733 0.5071 0.3382 0.1421 0.1624 0.2546 0.4465 0.4814 0.2282 0.1398 0.1836 0.3048 0.5016 0.4288 0.1600 0.1471 0.2128 0.3678 0.5080 0.3489 0.1433 0.1404 0.1433 0.3489 0.5080 0.3678 0.2128 0.1471 0.1600 0.4288 0.5016 0.3048 0.1836 0.1398 0.2282 0.4814 0.4465 0.2546 0.1624 0.1421 0.3382 0.5071 0.3733 0.2155 0.1480 0.1577 0.4231 0.5038 0.3097 0.1859 0.1401 0.2179 0.4772 0.4547 0.2604 0.1651 0.1410 0.3183 0.5036 0.3921 0.2265 0.1526 0.1486 0.3842 0.5101 0.3516 0.2082 0.1467 0.1578 0.4155 0.5081 0.3268
0.5068 0.4069 0.1549 0.1479 0.2116 0.3579 0.5099 0.3782 0.1478 0.1530 0.2272 0.3921 0.5039 0.3217 0.1413 0.1640 0.2572 0.4491 0.4807 0.2277 0.1398 0.1833 0.3037 0.5008 0.4307 0.1610 0.1467 0.2117 0.3655 0.5084 0.3494 0.1430 0.1604 0.2496 0.4381 0.4856 0.2409 0.1395 0.1808 0.2984 0.4978 0.4364 0.1639 0.1458 0.2090 0.3599 0.5091 0.3576 0.1439 0.1546 0.1921 0.1546 0.1439 0.3576 0.5091 0.3599 0.2090 0.1458 0.1639 0.4364 0.4978 0.2984 0.1808 0.1395 0.2409 0.4856 0.4381 0.2496 0.1604 0.1430 0.3494 0.5084 0.3655 0.2117 0.1467 0.1610 0.4307 0.5008 0.3037 0.1833 0.1398 0.2277 0.4807 0.4491 0.2572 0.1640 0.1413 0.3217 0.5039 0.3921 0.2272 0.1530 0.1478 0.3782 0.5099 0.3579 0.2116 0.1479 0.1549 0.4069 0.5068
0.4023 0.1524 0.1493 0.2153 0.3652 0.5093 0.3701 0.1467 0.1540 0.2291 0.3946 0.5036 0.3217 0.1414 0.1634 0.2552 0.4449 0.4833 0.2361 0.1396 0.1811 0.2983 0.4974 0.4375 0.1647 0.1456 0.2080 0.3578 0.5093 0.3602 0.1441 0.1586 0.2448 0.4298 0.4895 0.2537 0.1394 0.1781 0.2922 0.4932 0.4436 0.1685 0.1447 0.2053 0.3521 0.5098 0.3679 0.1451 0.1565 0.2326 0.3244 0.2326 0.1565 0.1451 0.3679 0.5098 0.3521 0.2053 0.1447 0.1685 0.4436 0.4932 0.2922 0.1781 0.1394 0.2537 0.4895 0.4298 0.2448 0.1586 0.1441 0.3602 0.5093 0.3578 0.2080 0.1456 0.1647 0.4375 0.4974 0.2983 0.1811 0.1396 0.2361 0.4833 0.4449 0.2552 0.1634 0.1414 0.3217 0.5036 0.3946 0.2291 0.1540 0.1467 0.3701 0.5093 0.3652 0.2153 0.1493 0.1524 0.4023
0.1619 0.1507 0.2193 0.3731 0.5084 0.3604 0.1454 0.1552 0.2320 0.3992 0.5026 0.3183 0.1413 0.1634 0.2545 0.4427 0.4849 0.2422 0.1395 0.1793 0.2938 0.4938 0.4434 0.1688 0.1446 0.2046 0.3504 0.5099 0.3705 0.1454 0.1568 0.2401 0.4214 0.4930 0.2665 0.1394 0.1755 0.2862 0.4879 0.4504 0.1740 0.1436 0.2017 0.3445 0.5100 0.3782 0.1465 0.1554 0.2353 0.4024 0.5053 0.4024 0.2353 0.1554 0.1465 0.3782 0.5100 0.3445 0.2017 0.1436 0.1740 0.4504 0.4879 0.2862 0.1755 0.1394 0.2665 0.4930 0.4214 0.2401 0.1568 0.1454 0.3705 0.5099 0.3504 0.2046 0.1446 0.1688 0.4434 0.4938 0.2938 0.1793 0.1395 0.2422 0.4849 0.4427 0.2545 0.1634 0.1413 0.3183 0.5026 0.3992 0.2320 0.1552 0.1454 0.3604 0.5084 0.3731 0.2193 0.1507 0.1619
0.1611 0.2235 0.3812 0.5071 0.3498 0.1442 0.1568 0.2357 0.4055 0.5010 0.3117 0.1410 0.1640 0.2552 0.4427 0.4854 0.2455 0.1395 0.1780 0.2903 0.4905 0.4483 0.1730 0.1437 0.2016 0.3437 0.5100 0.3802 0.1469 0.1551 0.2356 0.4130 0.4962 0.2792 0.1396 0.1730 0.2804 0.4819 0.4566 0.1805 0.1426 0.1983 0.3371 0.5098 0.3882 0.1482 0.1538 0.2319 0.4042 0.5006 0.4183 0.5006 0.4042 0.2319 0.1538 0.1482 0.3882 0.5098 0.3371 0.1983 0.1426 0.1805 0.4566 0.4819 0.2804 0.1730 0.1396 0.2792 0.4962 0.4130 0.2356 0.1551 0.1469 0.3802 0.5100 0.3437 0.2016 0.1437 0.1730 0.4483 0.4905 0.2903 0.1780 0.1395 0.2455 0.4854 0.4427 0.2552 0.1640 0.1410 0.3117 0.5010 0.4055 0.2357 0.1568 0.1442 0.3498 0.5071 0.3812 0.2235 0.1611
0.2305 0.3897 0.5054 0.3384 0.1431 0.1585 0.2400 0.4130 0.4989 0.3027 0.1406 0.1651 0.2572 0.4449 0.4849 0.2455 0.1394 0.1773 0.2882 0.4880 0.4520 0.1769 0.1430 0.1990 0.3377 0.5099 0.3889 0.1484 0.1536 0.2313 0.4048 0.4990 0.2919 0.1398 0.1707 0.2748 0.4754 0.4624 0.1883 0.1418 0.1950 0.3299 0.5092 0.3976 0.1501 0.1522 0.2278 0.3977 0.5014 0.3221 0.1562 0.3221 0.5014 0.3977 0.2278 0.1522 0.1501 0.3976 0.5092 0.3299 0.1950 0.1418 0.1883 0.4624 0.4754 0.2748 0.1707 0.1398 0.2919 0.4990 0.4048 0.2313 0.1536 0.1484 0.3889 0.5099 0.3377 0.1990 0.1430 0.1769 0.4520 0.4880 0.2882 0.1773 0.1394 0.2455 0.4849 0.4449 0.2572 0.1651 0.1406 0.3027 0.4989 0.4130 0.2400 0.1585 0.1431 0.3384 0.5054 0.3897 0.2305
0.3922 0.5036 0.3265 0.1421 0.1604 0.2446 0.4211 0.4962 0.2917 0.1402 0.1666 0.2604 0.4491 0.4833 0.2422 0.1395 0.1773 0.2874 0.4866 0.4542 0.1800 0.1425 0.1969 0.3327 0.5094 0.3964 0.1500 0.1522 0.2274 0.3968 0.5015 0.3042 0.1402 0.1684 0.2693 0.4683 0.4679 0.1973 0.1411 0.1918 0.3231 0.5080 0.4064 0.1523 0.1508 0.2236 0.3897 0.5035 0.3175 0.1405 0.1431 0.1405 0.3175 0.5035 0.3897 0.2236 0.1508 0.1523 0.4064 0.5080 0.3231 0.1918 0.1411 0.1973 0.4679 0.4683 0.2693 0.1684 0.1402 0.3042 0.5015 0.3968 0.2274 0.1522 0.1500 0.3964 0.5094 0.3327 0.1969 0.1425 0.1800 0.4542 0.4866 0.2874 0.1773 0.1395 0.2422 0.4833 0.4491 0.2604 0.1666 0.1402 0.2917 0.4962 0.4211 0.2446 0.1604 0.1421 0.3265 0.5036 0.3922
0.5018 0.3142 0.1413 0.1624 0.2495 0.4295 0.4931 0.2796 0.1398 0.1685 0.2645 0.4547 0.4807 0.2361 0.1395 0.1780 0.2882 0.4866 0.4549 0.1817 0.1422 0.1954 0.3289 0.5088 0.4026 0.1516 0.1510 0.2238 0.3895 0.5036 0.3158 0.1407 0.1662 0.2640 0.4609 0.4730 0.2075 0.1405 0.1888 0.3164 0.5063 0.4148 0.1547 0.1494 0.2195 0.3816 0.5054 0.3268 0.1413 0.1595 0.2014 0.1595 0.1413 0.3268 0.5054 0.3816 0.2195 0.1494 0.1547 0.4148 0.5063 0.3164 0.1888 0.1405 0.2075 0.4730 0.4609 0.2640 0.1662 0.1407 0.3158 0.5036 0.3895 0.2238 0.1510 0.1516 0.4026 0.5088 0.3289 0.1954 0.1422 0.1817 0.4549 0.4866 0.2882 0.1780 0.1395 0.2361 0.4807 0.4547 0.2645 0.1685 0.1398 0.2796 0.4931 0.4295 0.2495 0.1624 0.1413 0.3142 0.5018
0.3084 0.1406 0.1645 0.2545 0.4380 0.4896 0.2669 0.1396 0.1706 0.2693 0.4613 0.4772 0.2277 0.1396 0.1793 0.2903 0.4880 0.4542 0.1817 0.1421 0.1947 0.3266 0.5083 0.4072 0.1530 0.1500 0.2208 0.3830 0.5053 0.3263 0.1413 0.1643 0.2590 0.4532 0.4777 0.2187 0.1401 0.1859 0.3098 0.5039 0.4229 0.1576 0.1480 0.2156 0.3736 0.5070 0.3379 0.1421 0.1617 0.2455 0.3447 0.2455 0.1617 0.1421 0.3379 0.5070 0.3736 0.2156 0.1480 0.1576 0.4229 0.5039 0.3098 0.1859 0.1401 0.2187 0.4777 0.4532 0.2590 0.1643 0.1413 0.3263 0.5053 0.3830 0.2208 0.1500 0.1530 0.4072 0.5083 0.3266 0.1947 0.1421 0.1817 0.4542 0.4880 0.2903 0.1793 0.1396 0.2277 0.4772 0.4613 0.2693 0.1706 0.1396 0.2669 0.4896 0.4380 0.2545 0.1645 0.1406 0.3084
0.1520 0.1667 0.2598 0.4464 0.4857 0.2539 0.1394 0.1729 0.2746 0.4682 0.4729 0.2179 0.1398 0.1811 0.2938 0.4905 0.4520 0.1800 0.1422 0.1947 0.3258 0.5080 0.4101 0.1541 0.1493 0.2184 0.3777 0.5065 0.3354 0.1420 0.1625 0.2544 0.4457 0.4819 0.2303 0.1397 0.1831 0.3035 0.5008 0.4305 0.1609 0.1468 0.2118 0.3658 0.5083 0.3490 0.1430 0.1603 0.2482 0.4255 0.5075 0.4255 0.2482 0.1603 0.1430 0.3490 0.5083 0.3658 0.2118 0.1468 0.1609 0.4305 0.5008 0.3035 0.1831 0.1397 0.2303 0.4819 0.4457 0.2544 0.1625 0.1420 0.3354 0.5065 0.3777 0.2184 0.1493 0.1541 0.4101 0.5080 0.3258 0.1947 0.1422 0.1800 0.4520 0.4905 0.2938 0.1811 0.1398 0.2179 0.4729 0.4682 0.2746 0.1729 0.1394 0.2539 0.4857 0.4464 0.2598 0.1667 0.1520
0.1759 0.2652 0.4546 0.4814 0.2410 0.1394 0.1754 0.2802 0.4752 0.4681 0.2077 0.1401 0.1833 0.2983 0.4938 0.4483 0.1769 0.1425 0.1954 0.3266 0.5080 0.4111 0.1547 0.1489 0.2167 0.3736 0.5074 0.3429 0.1426 0.1610 0.2503 0.4386 0.4857 0.2417 0.1395 0.1804 0.2973 0.4970 0.4378 0.1648 0.1456 0.2081 0.3581 0.5093 0.3597 0.1441 0.1586 0.2446 0.4276 0.4930 0.3950 0.4930 0.4276 0.2446 0.1586 0.1441 0.3597 0.5093 0.3581 0.2081 0.1456 0.1648 0.4378 0.4970 0.2973 0.1804 0.1395 0.2417 0.4857 0.4386 0.2503 0.1610 0.1426 0.3429 0.5074 0.3736 0.2167 0.1489 0.1547 0.4111 0.5080 0.3266 0.1954 0.1425 0.1769 0.4483 0.4938 0.2983 0.1833 0.1401 0.2077 0.4681 0.4752 0.2802 0.1754 0.1394 0.2410 0.4814 0.4546 0.2652 0.1759
0.2709 0.4627 0.4768 0.2283 0.1395 0.1780 0.2860 0.4817 0.4626 0.1977 0.1405 0.1859 0.3037 0.4974 0.4434 0.1730 0.1430 0.1969 0.3289 0.5083 0.4101 0.1547 0.1487 0.2159 0.3710 0.5079 0.3485 0.1432 0.1597 0.2469 0.4323 0.4888 0.2525 0.1394 0.1780 0.2916 0.4926 0.4447 0.1693 0.1445 0.2046 0.3506 0.5099 0.3701 0.1453 0.1569 0.2402 0.4212 0.4935 0.2874 0.1480 0.2874 0.4935 0.4212 0.2402 0.1569 0.1453 0.3701 0.5099 0.3506 0.2046 0.1445 0.1693 0.4447 0.4926 0.2916 0.1780 0.1394 0.2525 0.4888 0.4323 0.2469 0.1597 0.1432 0.3485 0.5079 0.3710 0.2159 0.1487 0.1547 0.4101 0.5083 0.3289 0.1969 0.1430 0.1730 0.4434 0.4974 0.3037 0.1859 0.1405 0.1977 0.4626 0.4817 0.2860 0.1780 0.1395 0.2283 0.4768 0.4627 0.2709
0.4633 0.4719 0.2162 0.1398 0.1808 0.2921 0.4878 0.4568 0.1886 0.1411 0.1887 0.3097 0.5008 0.4375 0.1688 0.1437 0.1990 0.3327 0.5088 0.4072 0.1541 0.1489 0.2159 0.3701 0.5082 0.3520 0.1437 0.1588 0.2442 0.4269 0.4913 0.2623 0.1394 0.1758 0.2863 0.4877 0.4509 0.1747 0.1435 0.2011 0.3432 0.5100 0.3801 0.1468 0.1552 0.2358 0.4132 0.4962 0.2823 0.1388 0.1465 0.1388 0.2823 0.4962 0.4132 0.2358 0.1552 0.1468 0.3801 0.5100 0.3432 0.2011 0.1435 0.1747 0.4509 0.4877 0.2863 0.1758 0.1394 0.2623 0.4913 0.4269 0.2442 0.1588 0.1437 0.3520 0.5082 0.3701 0.2159 0.1489 0.1541 0.4072 0.5088 0.3327 0.1990 0.1437 0.1688 0.4375 0.5008 0.3097 0.1887 0.1411 0.1886 0.4568 0.4878 0.2921 0.1808 0.1398 0.2162 0.4719 0.4633
0.4692 0.2049 0.1402 0.1836 0.2984 0.4932 0.4504 0.1807 0.1418 0.1918 0.3162 0.5038 0.4307 0.1647 0.1446 0.2016 0.3377 0.5094 0.4026 0.1530 0.1493 0.2167 0.3710 0.5082 0.3531 0.1439 0.1583 0.2423 0.4228 0.4933 0.2704 0.1395 0.1739 0.2817 0.4827 0.4564 0.1807 0.1426 0.1979 0.3361 0.5098 0.3897 0.1485 0.1536 0.2314 0.4050 0.4990 0.2921 0.1397 0.1653 0.2119 0.1653 0.1397 0.2921 0.4990 0.4050 0.2314 0.1536 0.1485 0.3897 0.5098 0.3361 0.1979 0.1426 0.1807 0.4564 0.4827 0.2817 0.1739 0.1395 0.2704 0.4933 0.4228 0.2423 0.1583 0.1439 0.3531 0.5082 0.3710 0.2167 0.1493 0.1530 0.4026 0.5094 0.3377 0.2016 0.1446 0.1647 0.4307 0.5038 0.3162 0.1918 0.1418 0.1807 0.4504 0.4932 0.2984 0.1836 0.1402 0.2049 0.4692
0.2049 0.1407 0.1866 0.3048 0.4978 0.4436 0.1740 0.1426 0.1949 0.3229 0.5062 0.4231 0.1610 0.1456 0.2046 0.3437 0.5099 0.3964 0.1516 0.1500 0.2184 0.3736 0.5079 0.3520 0.1439 0.1581 0.2413 0.4203 0.4946 0.2765 0.1396 0.1724 0.2778 0.4780 0.4610 0.1871 0.1419 0.1950 0.3295 0.5091 0.3987 0.1504 0.1520 0.2271 0.3967 0.5015 0.3041 0.1402 0.1676 0.2599 0.3670 0.2599 0.1676 0.1402 0.3041 0.5015 0.3967 0.2271 0.1520 0.1504 0.3987 0.5091 0.3295 0.1950 0.1419 0.1871 0.4610 0.4780 0.2778 0.1724 0.1396 0.2765 0.4946 0.4203 0.2413 0.1581 0.1439 0.3520 0.5079 0.3736 0.2184 0.1500 0.1516 0.3964 0.5099 0.3437 0.2046 0.1456 0.1610 0.4231 0.5062 0.3229 0.1949 0.1426 0.1740 0.4436 0.4978 0.3048 0.1866 0.1407 0.2049
0.1522 0.1896 0.3114 0.5015 0.4364 0.1685 0.1436 0.1982 0.3298 0.5080 0.4151 0.1577 0.1467 0.2080 0.3504 0.5100 0.3889 0.1500 0.1510 0.2208 0.3777 0.5074 0.3485 0.1437 0.1583 0.2413 0.4194 0.4952 0.2804 0.1397 0.1713 0.2747 0.4737 0.4649 0.1935 0.1413 0.1924 0.3236 0.5080 0.4069 0.1525 0.1506 0.2230 0.3885 0.5037 0.3161 0.1407 0.1661 0.2625 0.4489 0.5062 0.4489 0.2625 0.1661 0.1407 0.3161 0.5037 0.3885 0.2230 0.1506 0.1525 0.4069 0.5080 0.3236 0.1924 0.1413 0.1935 0.4649 0.4737 0.2747 0.1713 0.1397 0.2804 0.4952 0.4194 0.2413 0.1583 0.1437 0.3485 0.5074 0.3777 0.2208 0.1510 0.1500 0.3889 0.5100 0.3504 0.2080 0.1467 0.1577 0.4151 0.5080 0.3298 0.1982 0.1436 0.1685 0.4364 0.5015 0.3114 0.1896 0.1522
0.1978 0.3182 0.5045 0.4288 0.1639 0.1447 0.2017 0.3370 0.5092 0.4067 0.1548 0.1480 0.2117 0.3578 0.5099 0.3802 0.1484 0.1522 0.2238 0.3830 0.5065 0.3429 0.1432 0.1588 0.2423 0.4203 0.4952 0.2817 0.1397 0.1706 0.2726 0.4704 0.4678 0.1994 0.1409 0.1901 0.3183 0.5066 0.4141 0.1547 0.1493 0.2192 0.3807 0.5056 0.3278 0.1414 0.1641 0.2587 0.4510 0.4828 0.3680 0.4828 0.4510 0.2587 0.1641 0.1414 0.3278 0.5056 0.3807 0.2192 0.1493 0.1547 0.4141 0.5066 0.3183 0.1901 0.1409 0.1994 0.4678 0.4704 0.2726 0.1706 0.1397 0.2817 0.4952 0.4203 0.2423 0.1588 0.1432 0.3429 0.5065 0.3830 0.2238 0.1522 0.1484 0.3802 0.5099 0.3578 0.2117 0.1480 0.1548 0.4067 0.5092 0.3370 0.2017 0.1447 0.1639 0.4288 0.5045 0.3182 0.1978
0.3225 0.5069 0.4208 0.1600 0.1458 0.2052 0.3444 0.5098 0.3977 0.1523 0.1493 0.2155 0.3655 0.5093 0.3705 0.1469 0.1536 0.2274 0.3895 0.5053 0.3354 0.1426 0.1597 0.2442 0.4228 0.4946 0.2804 0.1397 0.1704 0.2715 0.4683 0.4698 0.2041 0.1406 0.1883 0.3139 0.5050 0.4204 0.1570 0.1482 0.2157 0.3733 0.5071 0.3390 0.1422 0.1622 0.2539 0.4448 0.4830 0.2509 0.1425 0.2509 0.4830 0.4448 0.2539 0.1622 0.1422 0.3390 0.5071 0.3733 0.2157 0.1482 0.1570 0.4204 0.5050 0.3139 0.1883 0.1406 0.2041 0.4698 0.4683 0.2715 0.1704 0.1397 0.2804 0.4946 0.4228 0.2442 0.1597 0.1426 0.3354 0.5053 0.3895 0.2274 0.1536 0.1469 0.3705 0.5093 0.3655 0.2155 0.1493 0.1523 0.3977 0.5098 0.3444 0.2052 0.1458 0.1600 0.4208 0.5069 0.3225
0.5058 0.4125 0.1568 0.1471 0.2089 0.3520 0.5100 0.3882 0.1501 0.1507 0.2194 0.3733 0.5084 0.3602 0.1454 0.1551 0.2313 0.3968 0.5036 0.3263 0.1420 0.1610 0.2469 0.4269 0.4933 0.2765 0.1397 0.1706 0.2715 0.4676 0.4708 0.2071 0.1404 0.1869 0.3104 0.5035 0.4256 0.1592 0.1472 0.2126 0.3666 0.5083 0.3492 0.1431 0.1603 0.2491 0.4371 0.4863 0.2460 0.1381 0.1505 0.1381 0.2460 0.4863 0.4371 0.2491 0.1603 0.1431 0.3492 0.5083 0.3666 0.2126 0.1472 0.1592 0.4256 0.5035 0.3104 0.1869 0.1404 0.2071 0.4708 0.4676 0.2715 0.1706 0.1397 0.2765 0.4933 0.4269 0.2469 0.1610 0.1420 0.3263 0.5036 0.3968 0.2313 0.1551 0.1454 0.3602 0.5084 0.3733 0.2194 0.1507 0.1501 0.3882 0.5100 0.3520 0.2089 0.1471 0.1568 0.4125 0.5058
0.4080 0.1540 0.1484 0.2128 0.3598 0.5098 0.3783 0.1482 0.1522 0.2235 0.3814 0.5071 0.3494 0.1441 0.1568 0.2356 0.4048 0.5015 0.3158 0.1413 0.1625 0.2503 0.4323 0.4913 0.2704 0.1396 0.1713 0.2726 0.4683 0.4708 0.2081 0.1403 0.1861 0.3080 0.5021 0.4296 0.1613 0.1464 0.2100 0.3607 0.5091 0.3584 0.1440 0.1586 0.2447 0.4293 0.4898 0.2557 0.1392 0.1718 0.2236 0.1718 0.1392 0.2557 0.4898 0.4293 0.2447 0.1586 0.1440 0.3584 0.5091 0.3607 0.2100 0.1464 0.1613 0.4296 0.5021 0.3080 0.1861 0.1403 0.2081 0.4708 0.4683 0.2726 0.1713 0.1396 0.2704 0.4913 0.4323 0.2503 0.1625 0.1413 0.3158 0.5015 0.4048 0.2356 0.1568 0.1441 0.3494 0.5071 0.3814 0.2235 0.1522 0.1482 0.3783 0.5098 0.3598 0.2128 0.1484 0.1540 0.4080
0.1632 0.1498 0.2167 0.3678 0.5091 0.3679 0.1465 0.1538 0.2278 0.3897 0.5054 0.3382 0.1430 0.1586 0.2401 0.4130 0.4990 0.3042 0.1407 0.1643 0.2544 0.4386 0.4888 0.2623 0.1395 0.1724 0.2747 0.4704 0.4698 0.2071 0.1403 0.1858 0.3068 0.5012 0.4323 0.1630 0.1458 0.2078 0.3558 0.5096 0.3663 0.1450 0.1571 0.2406 0.4217 0.4930 0.2673 0.1394 0.1743 0.2755 0.3904 0.2755 0.1743 0.1394 0.2673 0.4930 0.4217 0.2406 0.1571 0.1450 0.3663 0.5096 0.3558 0.2078 0.1458 0.1630 0.4323 0.5012 0.3068 0.1858 0.1403 0.2071 0.4698 0.4704 0.2747 0.1724 0.1395 0.2623 0.4888 0.4386 0.2544 0.1643 0.1407 0.3042 0.4990 0.4130 0.2401 0.1586 0.1430 0.3382 0.5054 0.3897 0.2278 0.1538 0.1465 0.3679 0.5091 0.3678 0.2167 0.1498 0.1632
0.1602 0.2208 0.3759 0.5080 0.3571 0.1450 0.1555 0.2322 0.3981 0.5034 0.3264 0.1421 0.1604 0.2448 0.4214 0.4962 0.2919 0.1402 0.1662 0.2590 0.4457 0.4857 0.2525 0.1394 0.1739 0.2778 0.4737 0.4678 0.2041 0.1404 0.1861 0.3068 0.5009 0.4337 0.1641 0.1454 0.2063 0.3519 0.5099 0.3729 0.1460 0.1558 0.2370 0.4147 0.4958 0.2787 0.1396 0.1727 0.2783 0.4706 0.5021 0.4706 0.2783 0.1727 0.1396 0.2787 0.4958 0.4147 0.2370 0.1558 0.1460 0.3729 0.5099 0.3519 0.2063 0.1454 0.1641 0.4337 0.5009 0.3068 0.1861 0.1404 0.2041 0.4678 0.4737 0.2778 0.1739 0.1394 0.2525 0.4857 0.4457 0.2590 0.1662 0.1402 0.2919 0.4962 0.4214 0.2448 0.1604 0.1421 0.3264 0.5034 0.3981 0.2322 0.1555 0.1450 0.3571 0.5080 0.3759 0.2208 0.1602
0.2279 0.3843 0.5066 0.3458 0.1438 0.1573 0.2368 0.4067 0.5010 0.3141 0.1413 0.1624 0.2496 0.4298 0.4930 0.2792 0.1398 0.1684 0.2640 0.4532 0.4819 0.2417 0.1394 0.1758 0.2817 0.4780 0.4649 0.1994 0.1406 0.1869 0.3080 0.5012 0.4337 0.1645 0.1452 0.2053 0.3493 0.5100 0.3779 0.1469 0.1548 0.2339 0.4085 0.4981 0.2891 0.1398 0.1708 0.2745 0.4730 0.4698 0.3373 0.4698 0.4730 0.2745 0.1708 0.1398 0.2891 0.4981 0.4085 0.2339 0.1548 0.1469 0.3779 0.5100 0.3493 0.2053 0.1452 0.1645 0.4337 0.5012 0.3080 0.1869 0.1406 0.1994 0.4649 0.4780 0.2817 0.1758 0.1394 0.2417 0.4819 0.4532 0.2640 0.1684 0.1398 0.2792 0.4930 0.4298 0.2496 0.1624 0.1413 0.3141 0.5010 0.4067 0.2368 0.1573 0.1438 0.3458 0.5066 0.3843 0.2279
0.3869 0.5049 0.3342 0.1427 0.1591 0.2415 0.4153 0.4983 0.3015 0.1406 0.1645 0.2546 0.4381 0.4895 0.2665 0.1396 0.1707 0.2693 0.4609 0.4777 0.2303 0.1395 0.1780 0.2863 0.4827 0.4610 0.1935 0.1409 0.1883 0.3104 0.5021 0.4323 0.1641 0.1452 0.2050 0.3479 0.5100 0.3814 0.1476 0.1540 0.2314 0.4032 0.5000 0.2984 0.1401 0.1689 0.2700 0.4684 0.4691 0.2150 0.1390 0.2150 0.4691 0.4684 0.2700 0.1689 0.1401 0.2984 0.5000 0.4032 0.2314 0.1540 0.1476 0.3814 0.5100 0.3479 0.2050 0.1452 0.1641 0.4323 0.5021 0.3104 0.1883 0.1409 0.1935 0.4610 0.4827 0.2863 0.1780 0.1395 0.2303 0.4777 0.4609 0.2693 0.1707 0.1396 0.2665 0.4895 0.4381 0.2546 0.1645 0.1406 0.3015 0.4983 0.4153 0.2415 0.1591 0.1427 0.3342 0.5049 0.3869
0.5031 0.3222 0.1418 0.1611 0.2463 0.4239 0.4953 0.2886 0.1401 0.1667 0.2598 0.4465 0.4856 0.2537 0.1394 0.1730 0.2748 0.4683 0.4730 0.2187 0.1397 0.1804 0.2916 0.4877 0.4564 0.1871 0.1413 0.1901 0.3139 0.5035 0.4296 0.1630 0.1454 0.2053 0.3479 0.5101 0.3831 0.1480 0.1534 0.2296 0.3991 0.5014 0.3061 0.1404 0.1673 0.2659 0.4627 0.4725 0.2096 0.1385 0.1554 0.1385 0.2096 0.4725 0.4627 0.2659 0.1673 0.1404 0.3061 0.5014 0.3991 0.2296 0.1534 0.1480 0.3831 0.5101 0.3479 0.2053 0.1454 0.1630 0.4296 0.5035 0.3139 0.1901 0.1413 0.1871 0.4564 0.4877 0.2916 0.1804 0.1397 0.2187 0.4730 0.4683 0.2748 0.1730 0.1394 0.2537 0.4856 0.4465 0.2598 0.1667 0.1401 0.2886 0.4953 0.4239 0.2463 0.1611 0.1418 0.3222 0.5031
0.3164 0.1410 0.1631 0.2513 0.4325 0.4919 0.2755 0.1398 0.1689 0.2652 0.4547 0.4814 0.2409 0.1394 0.1755 0.2804 0.4754 0.4679 0.2075 0.1401 0.1831 0.2973 0.4926 0.4509 0.1807 0.1419 0.1924 0.3183 0.5050 0.4256 0.1613 0.1458 0.2063 0.3493 0.5100 0.3831 0.1482 0.1531 0.2285 0.3962 0.5024 0.3122 0.1407 0.1659 0.2623 0.4572 0.4760 0.2163 0.1398 0.1798 0.2372 0.1798 0.1398 0.2163 0.4760 0.4572 0.2623 0.1659 0.1407 0.3122 0.5024 0.3962 0.2285 0.1531 0.1482 0.3831 0.5100 0.3493 0.2063 0.1458 0.1613 0.4256 0.5050 0.3183 0.1924 0.1419 0.1807 0.4509 0.4926 0.2973 0.1831 0.1401 0.2075 0.4679 0.4754 0.2804 0.1755 0.1394 0.2409 0.4814 0.4547 0.2652 0.1689 0.1398 0.2755 0.4919 0.4325 0.2513 0.1631 0.1410 0.3164
0.1523 0.1653 0.2564 0.4410 0.4882 0.2624 0.1395 0.1713 0.2707 0.4627 0.4768 0.2282 0.1395 0.1781 0.2862 0.4819 0.4624 0.1973 0.1405 0.1859 0.3035 0.4970 0.4447 0.1747 0.1426 0.1950 0.3236 0.5066 0.4204 0.1592 0.1464 0.2078 0.3519 0.5100 0.3814 0.1480 0.1531 0.2281 0.3947 0.5030 0.3164 0.1410 0.1649 0.2594 0.4523 0.4791 0.2242 0.1398 0.1828 0.2943 0.4169 0.2943 0.1828 0.1398 0.2242 0.4791 0.4523 0.2594 0.1649 0.1410 0.3164 0.5030 0.3947 0.2281 0.1531 0.1480 0.3814 0.5100 0.3519 0.2078 0.1464 0.1592 0.4204 0.5066 0.3236 0.1950 0.1426 0.1747 0.4447 0.4970 0.3035 0.1859 0.1405 0.1973 0.4624 0.4819 0.2862 0.1781 0.1395 0.2282 0.4768 0.4627 0.2707 0.1713 0.1395 0.2624 0.4882 0.4410 0.2564 0.1653 0.1523
0.1746 0.2617 0.4494 0.4842 0.2493 0.1394 0.1738 0.2764 0.4702 0.4718 0.2161 0.1398 0.1808 0.2922 0.4879 0.4566 0.1883 0.1411 0.1888 0.3098 0.5008 0.4378 0.1693 0.1435 0.1979 0.3295 0.5080 0.4141 0.1570 0.1472 0.2100 0.3558 0.5099 0.3779 0.1476 0.1534 0.2285 0.3947 0.5032 0.3185 0.1411 0.1642 0.2573 0.4484 0.4815 0.2315 0.1396 0.1816 0.2981 0.4905 0.4944 0.4905 0.2981 0.1816 0.1396 0.2315 0.4815 0.4484 0.2573 0.1642 0.1411 0.3185 0.5032 0.3947 0.2285 0.1534 0.1476 0.3779 0.5099 0.3558 0.2100 0.1472 0.1570 0.4141 0.5080 0.3295 0.1979 0.1435 0.1693 0.4378 0.5008 0.3098 0.1888 0.1411 0.1883 0.4566 0.4879 0.2922 0.1808 0.1398 0.2161 0.4718 0.4702 0.2764 0.1738 0.1394 0.2493 0.4842 0.4494 0.2617 0.1746
0.2675 0.4576 0.4798 0.2364 0.1395 0.1763 0.2822 0.4774 0.4664 0.2048 0.1402 0.1836 0.2984 0.4932 0.4504 0.1805 0.1418 0.1918 0.3164 0.5039 0.4305 0.1648 0.1445 0.2011 0.3361 0.5091 0.4069 0.1547 0.1482 0.2126 0.3607 0.5096 0.3729 0.1469 0.1540 0.2296 0.3962 0.5030 0.3185 0.1412 0.1638 0.2560 0.4456 0.4833 0.2375 0.1395 0.1801 0.2954 0.4937 0.4512 0.2978 0.4512 0.4937 0.2954 0.1801 0.1395 0.2375 0.4833 0.4456 0.2560 0.1638 0.1412 0.3185 0.5030 0.3962 0.2296 0.1540 0.1469 0.3729 0.5096 0.3607 0.2126 0.1482 0.1547 0.4069 0.5091 0.3361 0.2011 0.1445 0.1648 0.4305 0.5039 0.3164 0.1918 0.1418 0.1805 0.4504 0.4932 0.2984 0.1836 0.1402 0.2048 0.4664 0.4774 0.2822 0.1763 0.1395 0.2364 0.4798 0.4576 0.2675
0.4583 0.4751 0.2239 0.1396 0.1790 0.2882 0.4839 0.4607 0.1946 0.1407 0.1866 0.3048 0.4978 0.4436 0.1740 0.1426 0.1950 0.3231 0.5063 0.4229 0.1609 0.1456 0.2046 0.3432 0.5098 0.3987 0.1525 0.1493 0.2157 0.3666 0.5091 0.3663 0.1460 0.1548 0.2314 0.3991 0.5024 0.3164 0.1411 0.1638 0.2556 0.4442 0.4844 0.2417 0.1395 0.1789 0.2924 0.4920 0.4480 0.1812 0.1369 0.1812 0.4480 0.4920 0.2924 0.1789 0.1395 0.2417 0.4844 0.4442 0.2556 0.1638 0.1411 0.3164 0.5024 0.3991 0.2314 0.1548 0.1460 0.3663 0.5091 0.3666 0.2157 0.1493 0.1525 0.3987 0.5098 0.3432 0.2046 0.1456 0.1609 0.4229 0.5063 0.3231 0.1950 0.1426 0.1740 0.4436 0.4978 0.3048 0.1866 0.1407 0.1946 0.4607 0.4839 0.2882 0.1790 0.1396 0.2239 0.4751 0.4583
0.4725 0.2121 0.1399 0.1818 0.2943 0.4898 0.4546 0.1857 0.1413 0.1896 0.3114 0.5016 0.4364 0.1685 0.1436 0.1983 0.3299 0.5080 0.4148 0.1576 0.1468 0.2081 0.3506 0.5100 0.3897 0.1504 0.1506 0.2192 0.3733 0.5083 0.3584 0.1450 0.1558 0.2339 0.4032 0.5014 0.3122 0.1410 0.1642 0.2560 0.4442 0.4847 0.2439 0.1395 0.1780 0.2900 0.4897 0.4502 0.1765 0.1405 0.1623 0.1405 0.1765 0.4502 0.4897 0.2900 0.1780 0.1395 0.2439 0.4847 0.4442 0.2560 0.1642 0.1410 0.3122 0.5014 0.4032 0.2339 0.1558 0.1450 0.3584 0.5083 0.3733 0.2192 0.1506 0.1504 0.3897 0.5100 0.3506 0.2081 0.1468 0.1576 0.4148 0.5080 0.3299 0.1983 0.1436 0.1685 0.4364 0.5016 0.3114 0.1896 0.1413 0.1857 0.4546 0.4898 0.2943 0.1818 0.1399 0.2121 0.4725
0.2111 0.1403 0.1846 0.3007 0.4949 0.4480 0.1782 0.1421 0.1928 0.3182 0.5046 0.4288 0.1639 0.1447 0.2017 0.3371 0.5092 0.4064 0.1547 0.1480 0.2118 0.3581 0.5099 0.3801 0.1485 0.1520 0.2230 0.3807 0.5071 0.3492 0.1440 0.1571 0.2370 0.4085 0.5000 0.3061 0.1407 0.1649 0.2573 0.4456 0.4844 0.2439 0.1394 0.1776 0.2885 0.4879 0.4526 0.1783 0.1423 0.1910 0.2559 0.1910 0.1423 0.1783 0.4526 0.4879 0.2885 0.1776 0.1394 0.2439 0.4844 0.4456 0.2573 0.1649 0.1407 0.3061 0.5000 0.4085 0.2370 0.1571 0.1440 0.3492 0.5071 0.3807 0.2230 0.1520 0.1485 0.3801 0.5099 0.3581 0.2118 0.1480 0.1547 0.4064 0.5092 0.3371 0.2017 0.1447 0.1639 0.4288 0.5046 0.3182 0.1928 0.1421 0.1782 0.4480 0.4949 0.3007 0.1846 0.1403 0.2111
0.1519 0.1876 0.3071 0.4992 0.4411 0.1719 0.1430 0.1961 0.3252 0.5068 0.4208 0.1600 0.1458 0.2053 0.3445 0.5098 0.3976 0.1523 0.1494 0.2156 0.3658 0.5093 0.3701 0.1468 0.1536 0.2271 0.3885 0.5056 0.3390 0.1431 0.1586 0.2406 0.4147 0.4981 0.2984 0.1404 0.1659 0.2594 0.4484 0.4833 0.2417 0.1395 0.1776 0.2880 0.4870 0.4541 0.1803 0.1423 0.1952 0.3204 0.4496 0.3204 0.1952 0.1423 0.1803 0.4541 0.4870 0.2880 0.1776 0.1395 0.2417 0.4833 0.4484 0.2594 0.1659 0.1404 0.2984 0.4981 0.4147 0.2406 0.1586 0.1431 0.3390 0.5056 0.3885 0.2271 0.1536 0.1468 0.3701 0.5093 0.3658 0.2156 0.1494 0.1523 0.3976 0.5098 0.3445 0.2053 0.1458 0.1600 0.4208 0.5068 0.3252 0.1961 0.1430 0.1719 0.4411 0.4992 0.3071 0.1876 0.1519
0.1959 0.3139 0.5027 0.4337 0.1667 0.1440 0.1994 0.3323 0.5084 0.4124 0.1567 0.1471 0.2090 0.3521 0.5100 0.3882 0.1501 0.1508 0.2195 0.3736 0.5083 0.3597 0.1453 0.1552 0.2314 0.3967 0.5037 0.3278 0.1422 0.1603 0.2447 0.4217 0.4958 0.2891 0.1401 0.1673 0.2623 0.4523 0.4815 0.2375 0.1395 0.1780 0.2885 0.4870 0.4546 0.1815 0.1422 0.1950 0.3263 0.5050 0.4802 0.5050 0.3263 0.1950 0.1422 0.1815 0.4546 0.4870 0.2885 0.1780 0.1395 0.2375 0.4815 0.4523 0.2623 0.1673 0.1401 0.2891 0.4958 0.4217 0.2447 0.1603 0.1422 0.3278 0.5037 0.3967 0.2314 0.1552 0.1453 0.3597 0.5083 0.3736 0.2195 0.1508 0.1501 0.3882 0.5100 0.3521 0.2090 0.1471 0.1567 0.4124 0.5084 0.3323 0.1994 0.1440 0.1667 0.4337 0.5027 0.3139 0.1959
0.3182 0.5056 0.4260 0.1624 0.1451 0.2029 0.3396 0.5095 0.4036 0.1539 0.1484 0.2128 0.3599 0.5098 0.3782 0.1482 0.1522 0.2236 0.3816 0.5070 0.3490 0.1441 0.1569 0.2358 0.4050 0.5015 0.3161 0.1414 0.1622 0.2491 0.4293 0.4930 0.2787 0.1398 0.1689 0.2659 0.4572 0.4791 0.2315 0.1395 0.1789 0.2900 0.4879 0.4541 0.1815 0.1421 0.1947 0.3260 0.5075 0.4209 0.2433 0.4209 0.5075 0.3260 0.1947 0.1421 0.1815 0.4541 0.4879 0.2900 0.1789 0.1395 0.2315 0.4791 0.4572 0.2659 0.1689 0.1398 0.2787 0.4930 0.4293 0.2491 0.1622 0.1414 0.3161 0.5015 0.4050 0.2358 0.1569 0.1441 0.3490 0.5070 0.3816 0.2236 0.1522 0.1482 0.3782 0.5098 0.3599 0.2128 0.1484 0.1539 0.4036 0.5095 0.3396 0.2029 0.1451 0.1624 0.4260 0.5056 0.3182
0.5044 0.4180 0.1588 0.1462 0.2065 0.3470 0.5099 0.3945 0.1515 0.1498 0.2167 0.3678 0.5091 0.3679 0.1465 0.1538 0.2278 0.3897 0.5054 0.3379 0.1430 0.1586 0.2402 0.4132 0.4990 0.3041 0.1407 0.1641 0.2539 0.4371 0.4898 0.2673 0.1396 0.1708 0.2700 0.4627 0.4760 0.2242 0.1396 0.1801 0.2924 0.4897 0.4526 0.1803 0.1422 0.1947 0.3257 0.5078 0.4128 0.1580 0.1368 0.1580 0.4128 0.5078 0.3257 0.1947 0.1422 0.1803 0.4526 0.4897 0.2924 0.1801 0.1396 0.2242 0.4760 0.4627 0.2700 0.1708 0.1396 0.2673 0.4898 0.4371 0.2539 0.1641 0.1407 0.3041 0.4990 0.4132 0.2402 0.1586 0.1430 0.3379 0.5054 0.3897 0.2278 0.1538 0.1465 0.3679 0.5091 0.3678 0.2167 0.1498 0.1515 0.3945 0.5099 0.3470 0.2065 0.1462 0.1588 0.4180 0.5044
0.4141 0.1558 0.1474 0.2100 0.3544 0.5099 0.3853 0.1495 0.1511 0.2206 0.3756 0.5080 0.3576 0.1451 0.1554 0.2319 0.3977 0.5035 0.3268 0.1421 0.1603 0.2446 0.4212 0.4962 0.2921 0.1402 0.1661 0.2587 0.4448 0.4863 0.2557 0.1394 0.1727 0.2745 0.4684 0.4725 0.2163 0.1398 0.1816 0.2954 0.4920 0.4502 0.1783 0.1423 0.1950 0.3260 0.5078 0.4121 0.1554 0.1453 0.1730 0.1453 0.1554 0.4121 0.5078 0.3260 0.1950 0.1423 0.1783 0.4502 0.4920 0.2954 0.1816 0.1398 0.2163 0.4725 0.4684 0.2745 0.1727 0.1394 0.2557 0.4863 0.4448 0.2587 0.1661 0.1402 0.2921 0.4962 0.4212 0.2446 0.1603 0.1421 0.3268 0.5035 0.3977 0.2319 0.1554 0.1451 0.3576 0.5080 0.3756 0.2206 0.1511 0.1495 0.3853 0.5099 0.3544 0.2100 0.1474 0.1558 0.4141
0.1653 0.1483 0.2128 0.3604 0.5094 0.3775 0.1478 0.1521 0.2236 0.3819 0.5067 0.3489 0.1439 0.1565 0.2353 0.4042 0.5014 0.3175 0.1413 0.1617 0.2482 0.4276 0.4935 0.2823 0.1397 0.1676 0.2625 0.4510 0.4830 0.2460 0.1392 0.1743 0.2783 0.4730 0.4691 0.2096 0.1398 0.1828 0.2981 0.4937 0.4480 0.1765 0.1423 0.1952 0.3263 0.5075 0.4128 0.1554 0.1476 0.2071 0.2824 0.2071 0.1476 0.1554 0.4128 0.5075 0.3263 0.1952 0.1423 0.1765 0.4480 0.4937 0.2981 0.1828 0.1398 0.2096 0.4691 0.4730 0.2783 0.1743 0.1392 0.2460 0.4830 0.4510 0.2625 0.1676 0.1397 0.2823 0.4935 0.4276 0.2482 0.1617 0.1413 0.3175 0.5014 0.4042 0.2353 0.1565 0.1439 0.3489 0.5067 0.3819 0.2236 0.1521 0.1478 0.3775 0.5094 0.3604 0.2128 0.1483 0.1653
0.1561 0.2101 0.3586 0.5083 0.3811 0.1475 0.1503 0.2209 0.3802 0.5057 0.3531 0.1433 0.1546 0.2326 0.4024 0.5006 0.3221 0.1405 0.1595 0.2455 0.4255 0.4930 0.2874 0.1388 0.1653 0.2599 0.4489 0.4828 0.2509 0.1381 0.1718 0.2755 0.4706 0.4698 0.2150 0.1385 0.1798 0.2943 0.4905 0.4512 0.1812 0.1405 0.1910 0.3204 0.5050 0.4209 0.1580 0.1453 0.2071 0.3480 0.4769 0.3480 0.2071 0.1453 0.1580 0.4209 0.5050 0.3204 0.1910 0.1405 0.1812 0.4512 0.4905 0.2943 0.1798 0.1385 0.2150 0.4698 0.4706 0.2755 0.1718 0.1381 0.2509 0.4828 0.4489 0.2599 0.1653 0.1388 0.2874 0.4930 0.4255 0.2455 0.1595 0.1405 0.3221 0.5006 0.4024 0.2326 0.1546 0.1433 0.3531 0.5057 0.3802 0.2209 0.1503 0.1475 0.3811 0.5083 0.3586 0.2101 0.1561
0.1830 0.2887 0.4871 0.4553 0.1894 0.1384 0.1837 0.3057 0.4989 0.4382 0.1689 0.1404 0.1921 0.3244 0.5053 0.4183 0.1562 0.1431 0.2014 0.3447 0.5075 0.3950 0.1480 0.1465 0.2119 0.3670 0.5062 0.3680 0.1425 0.1505 0.2236 0.3904 0.5021 0.3373 0.1390 0.1554 0.2372 0.4169 0.4944 0.2978 0.1369 0.1623 0.2559 0.4496 0.4802 0.2433 0.1368 0.1730 0.2824 0.4769 0.4987 0.4769 0.2824 0.1730 0.1368 0.2433 0.4802 0.4496 0.2559 0.1623 0.1369 0.2978 0.4944 0.4169 0.2372 0.1554 0.1390 0.3373 0.5021 0.3904 0.2236 0.1505 0.1425 0.3680 0.5062 0.3670 0.2119 0.1465 0.1480 0.3950 0.5075 0.3447 0.2014 0.1431 0.1562 0.4183 0.5053 0.3244 0.1921 0.1404 0.1689 0.4382 0.4989 0.3057 0.1837 0.1384 0.1894 0.4553 0.4871 0.2887 0.1830
0.1561 0.2101 0.3586 0.5083 0.3811 0.1475 0.1503 0.2209 0.3802 0.5057 0.3531 0.1433 0.1546 0.2326 0.4024 0.5006 0.3221 0.1405 0.1595 0.2455 0.4255 0.4930 0.2874 0.1388 0.1653 0.2599 0.4489 0.4828 0.2509 0.1381 0.1718 0.2755 0.4706 0.4698 0.2150 0.1385 0.1798 0.2943 0.4905 0.4512 0.1812 0.1405 0.1910 0.3204 0.5050 0.4209 0.1580 0.1453 0.2071 0.3480 0.4769 0.3480 0.2071 0.1453 0.1580 0.4209 0.5050 0.3204 0.1910 0.1405 0.1812 0.4512 0.4905 0.2943 0.1798 0.1385 0.2150 0.4698 0.4706 0.2755 0.1718 0.1381 0.2509 0.4828 0.4489 0.2599 0.1653 0.1388 0.2874 0.4930 0.4255 0.2455 0.1595 0.1405 0.3221 0.5006 0.4024 0.2326 0.1546 0.1433 0.3531 0.5057 0.3802 0.2209 0.1503 0.1475 0.3811 0.5083 0.3586 0.2101 0.1561
0.1653 0.1483 0.2128 0.3604 0.5094 0.3775 0.1478 0.1521 0.2236 0.3819 0.5067 0.3489 0.1439 0.1565 0.2353 0.4042 0.5014 0.3175 0.1413 0.1617 0.2482 0.4276 0.4935 0.2823 0.1397 0.1676 0.2625 0.4510 0.4830 0.2460 0.1392 0.1743 0.2783 0.4730 0.4691 0.2096 0.1398 0.1828 0.2981 0.4937 0.4480 0.1765 0.1423 0.1952 0.3263 0.5075 0.4128 0.1554 0.1476 0.2071 0.2824 0.2071 0.1476 0.1554 0.4128 0.5075 0.3263 0.1952 0.1423 0.1765 0.4480 0.4937 0.2981 0.1828 0.1398 0.2096 0.4691 0.4730 0.2783 0.1743 0.1392 0.2460 0.4830 0.4510 0.2625 0.1676 0.1397 0.2823 0.4935 0.4276 0.2482 0.1617 0.1413 0.3175 0.5014 0.4042 0.2353 0.1565 0.1439 0.3489 0.5067 0.3819 0.2236 0.1521 0.1478 0.3775 0.5094 0.3604 0.2128 0.1483 0.1653
0.4141 0.1558 0.1474 0.2100 0.3544 0.5099 0.3853 0.1495 0.1511 0.2206 0.3756 0.5080 0.3576 0.1451 0.1554 0.2319 0.3977 0.5035 0.3268 0.1421 0.1603 0.2446 0.4212 0.4962 0.2921 0.1402 0.1661 0.2587 0.4448 0.4863 0.2557 0.1394 0.1727 0.2745 0.4684 0.4725 0.2163 0.1398 0.1816 0.2954 0.4920 0.4502 0.1783 0.1423 0.1950 0.3260 0.5078 0.4121 0.1554 0.1453 0.1730 0.1453 0.1554 0.4121 0.5078 0.3260 0.1950 0.1423 0.1783 0.4502 0.4920 0.2954 0.1816 0.1398 0.2163 0.4725 0.4684 0.2745 0.1727 0.1394 0.2557 0.4863 0.4448 0.2587 0.1661 0.1402 0.2921 0.4962 0.4212 0.2446 0.1603 0.1421 0.3268 0.5035 0.3977 0.2319 0.1554 0.1451 0.3576 0.5080 0.3756 0.2206 0.1511 0.1495 0.3853 0.5099 0.3544 0.2100 0.1474 0.1558 0.4141
0.5044 0.4180 0.1588 0.1462 0.2065 0.3470 0.5099 0.3945 0.1515 0.1498 0.2167 0.3678 0.5091 0.3679 0.1465 0.1538 0.2278 0.3897 0.5054 0.3379 0.1430 0.1586 0.2402 0.4132 0.4990 0.3041 0.1407 0.1641 0.2539 0.4371 0.4898 0.2673 0.1396 0.1708 0.2700 0.4627 0.4760 0.2242 0.1396 0.1801 0.2924 0.4897 0.4526 0.1803 0.1422 0.1947 0.3257 0.5078 0.4128 0.1580 0.1368 0.1580 0.4128 0.5078 0.3257 0.1947 0.1422 0.1803 0.4526 0.4897 0.2924 0.1801 0.1396 0.2242 0.4760 0.4627 0.2700 0.1708 0.1396 0.2673 0.4898 0.4371 0.2539 0.1641 0.1407 0.3041 0.4990 0.4132 0.2402 0.1586 0.1430 0.3379 0.5054 0.3897 0.2278 0.1538 0.1465 0.3679 0.5091 0.3678 0.2167 0.1498 0.1515 0.3945 0.5099 0.3470 0.2065 0.1462 0.1588 0.4180 0.5044
0.3182 0.5056 0.4260 0.1624 0.1451 0.2029 0.3396 0.5095 0.4036 0.1539 0.1484 0.2128 0.3599 0.5098 0.3782 0.1482 0.1522 0.2236 0.3816 0.5070 0.3490 0.1441 0.1569 0.2358 0.4050 0.5015 0.3161 0.1414 0.1622 0.2491 0.4293 0.4930 0.2787 0.1398 0.1689 0.2659 0.4572 0.4791 0.2315 0.1395 0.1789 0.2900 0.4879 0.4541 0.1815 0.1421 0.1947 0.3260 0.5075 0.4209 0.2433 0.4209 0.5075 0.3260 0.1947 0.1421 0.1815 0.4541 0.4879 0.2900 0.1789 0.1395 0.2315 0.4791 0.4572 0.2659 0.1689 0.1398 0.2787 0.4930 0.4293 0.2491 0.1622 0.1414 0.3161 0.5015 0.4050 0.2358 0.1569 0.1441 0.3490 0.5070 0.3816 0.2236 0.1522 0.1482 0.3782 0.5098 0.3599 0.2128 0.1484 0.1539 0.4036 0.5095 0.3396 0.2029 0.1451 0.1624 0.4260 0.5056 0.3182
