0.0123 0.1569 1.0000 1.0000 0.0002 0.0026 0.0305 0.3534 1.0000 1.0000 0.0005 0.0059 0.0678 0.7839 1.0000 0.0001 0.0011 0.0130 0.1504 1.0000 1.0000 0.0002 0.0025 0.0288 0.3331 1.0000 1.0000 0.0005 0.0055 0.0639 0.7391 1.0000 0.0001 0.0011 0.0122 0.1416 1.0000 1.0000 0.0002 0.0023 0.0272 0.3141 1.0000 1.0000 0.0005 0.0052 0.0602 0.6928 1.0000 0.0001 0.0003 0.0001 1.0000 0.6928 0.0602 0.0052 0.0005 1.0000 1.0000 0.3141 0.0272 0.0023 0.0002 1.0000 1.0000 0.1416 0.0122 0.0011 0.0001 1.0000 0.7391 0.0639 0.0055 0.0005 1.0000 1.0000 0.3331 0.0288 0.0025 0.0002 1.0000 1.0000 0.1504 0.0130 0.0011 0.0001 1.0000 0.7839 0.0678 0.0059 0.0005 1.0000 1.0000 0.3534 0.0305 0.0026 0.0002 1.0000 1.0000 0.1569 0.0123
0.1569 1.0000 1.0000 0.0002 0.0026 0.0303 0.3507 1.0000 1.0000 0.0005 0.0058 0.0672 0.7780 1.0000 0.0001 0.0011 0.0129 0.1490 1.0000 1.0000 0.0002 0.0025 0.0285 0.3306 1.0000 1.0000 0.0005 0.0055 0.0633 0.7321 1.0000 0.0001 0.0010 0.0121 0.1405 1.0000 1.0000 0.0002 0.0023 0.0269 0.3117 1.0000 1.0000 0.0004 0.0052 0.0597 0.6901 1.0000 0.0001 0.0009 0.0039 0.0009 0.0001 1.0000 0.6901 0.0597 0.0052 0.0004 1.0000 1.0000 0.3117 0.0269 0.0023 0.0002 1.0000 1.0000 0.1405 0.0121 0.0010 0.0001 1.0000 0.7321 0.0633 0.0055 0.0005 1.0000 1.0000 0.3306 0.0285 0.0025 0.0002 1.0000 1.0000 0.1490 0.0129 0.0011 0.0001 1.0000 0.7780 0.0672 0.0058 0.0005 1.0000 1.0000 0.3507 0.0303 0.0026 0.0002 1.0000 1.0000 0.1569
1.0000 1.0000 0.0002 0.0025 0.0283 0.3238 1.0000 1.0000 0.0005 0.0053 0.0613 0.7088 1.0000 0.0001 0.0010 0.0117 0.1358 1.0000 1.0000 0.0002 0.0022 0.0261 0.3012 1.0000 1.0000 0.0004 0.0050 0.0577 0.6682 1.0000 0.0001 0.0010 0.0111 0.1280 1.0000 1.0000 0.0002 0.0021 0.0246 0.2839 1.0000 1.0000 0.0004 0.0047 0.0544 0.6299 1.0000 0.0001 0.0009 0.0091 0.0408 0.0091 0.0009 0.0001 1.0000 0.6299 0.0544 0.0047 0.0004 1.0000 1.0000 0.2839 0.0246 0.0021 0.0002 1.0000 1.0000 0.1280 0.0111 0.0010 0.0001 1.0000 0.6682 0.0577 0.0050 0.0004 1.0000 1.0000 0.3012 0.0261 0.0022 0.0002 1.0000 1.0000 0.1358 0.0117 0.0010 0.0001 1.0000 0.7088 0.0613 0.0053 0.0005 1.0000 1.0000 0.3238 0.0283 0.0025 0.0002 1.0000 1.0000
1.0000 0.0002 0.0025 0.0275 0.3087 1.0000 1.0000 0.0004 0.0049 0.0563 0.6494 1.0000 0.0001 0.0009 0.0107 0.1239 1.0000 1.0000 0.0002 0.0021 0.0237 0.2749 1.0000 1.0000 0.0004 0.0046 0.0527 0.6087 1.0000 0.0001 0.0009 0.0101 0.1168 1.0000 1.0000 0.0002 0.0019 0.0224 0.2592 1.0000 1.0000 0.0004 0.0043 0.0496 0.5739 1.0000 0.0001 0.0008 0.0093 0.0964 0.4306 0.0964 0.0093 0.0008 0.0001 1.0000 0.5739 0.0496 0.0043 0.0004 1.0000 1.0000 0.2592 0.0224 0.0019 0.0002 1.0000 1.0000 0.1168 0.0101 0.0009 0.0001 1.0000 0.6087 0.0527 0.0046 0.0004 1.0000 1.0000 0.2749 0.0237 0.0021 0.0002 1.0000 1.0000 0.1239 0.0107 0.0009 0.0001 1.0000 0.6494 0.0563 0.0049 0.0004 1.0000 1.0000 0.3087 0.0275 0.0025 0.0002 1.0000
0.0002 0.0026 0.0283 0.3087 1.0000 1.0000 0.0004 0.0046 0.0522 0.5984 1.0000 0.0001 0.0008 0.0098 0.1131 1.0000 1.0000 0.0002 0.0019 0.0217 0.2504 1.0000 1.0000 0.0004 0.0041 0.0481 0.5556 1.0000 0.0001 0.0008 0.0092 0.1064 1.0000 1.0000 0.0002 0.0018 0.0204 0.2361 1.0000 1.0000 0.0003 0.0039 0.0453 0.5238 1.0000 1.0000 0.0007 0.0086 0.0979 1.0000 1.0000 1.0000 0.0979 0.0086 0.0007 1.0000 1.0000 0.5238 0.0453 0.0039 0.0003 1.0000 1.0000 0.2361 0.0204 0.0018 0.0002 1.0000 1.0000 0.1064 0.0092 0.0008 0.0001 1.0000 0.5556 0.0481 0.0041 0.0004 1.0000 1.0000 0.2504 0.0217 0.0019 0.0002 1.0000 1.0000 0.1131 0.0098 0.0008 0.0001 1.0000 0.5984 0.0522 0.0046 0.0004 1.0000 1.0000 0.3087 0.0283 0.0026 0.0002
0.0026 0.0303 0.3238 1.0000 1.0000 0.0004 0.0044 0.0495 0.5620 1.0000 0.0001 0.0008 0.0090 0.1038 1.0000 1.0000 0.0001 0.0017 0.0198 0.2286 1.0000 1.0000 0.0003 0.0038 0.0438 0.5072 1.0000 1.0000 0.0007 0.0084 0.0971 1.0000 1.0000 0.0001 0.0016 0.0186 0.2155 1.0000 1.0000 0.0003 0.0036 0.0413 0.4781 1.0000 1.0000 0.0007 0.0079 0.0911 1.0000 1.0000 1.0000 1.0000 1.0000 0.0911 0.0079 0.0007 1.0000 1.0000 0.4781 0.0413 0.0036 0.0003 1.0000 1.0000 0.2155 0.0186 0.0016 0.0001 1.0000 1.0000 0.0971 0.0084 0.0007 1.0000 1.0000 0.5072 0.0438 0.0038 0.0003 1.0000 1.0000 0.2286 0.0198 0.0017 0.0001 1.0000 1.0000 0.1038 0.0090 0.0008 0.0001 1.0000 0.5620 0.0495 0.0044 0.0004 1.0000 1.0000 0.3238 0.0303 0.0026
0.0305 0.3507 1.0000 1.0000 0.0004 0.0044 0.0485 0.5421 1.0000 1.0000 0.0007 0.0084 0.0959 1.0000 1.0000 0.0001 0.0016 0.0181 0.2087 1.0000 1.0000 0.0003 0.0035 0.0400 0.4620 1.0000 1.0000 0.0007 0.0077 0.0887 1.0000 1.0000 0.0001 0.0015 0.0170 0.1963 1.0000 1.0000 0.0003 0.0033 0.0377 0.4356 1.0000 1.0000 0.0006 0.0072 0.0834 0.9608 1.0000 0.0001 0.0005 0.0001 1.0000 0.9608 0.0834 0.0072 0.0006 1.0000 1.0000 0.4356 0.0377 0.0033 0.0003 1.0000 1.0000 0.1963 0.0170 0.0015 0.0001 1.0000 1.0000 0.0887 0.0077 0.0007 1.0000 1.0000 0.4620 0.0400 0.0035 0.0003 1.0000 1.0000 0.2087 0.0181 0.0016 0.0001 1.0000 1.0000 0.0959 0.0084 0.0007 1.0000 1.0000 0.5421 0.0485 0.0044 0.0004 1.0000 1.0000 0.3507 0.0305
0.3534 1.0000 1.0000 0.0004 0.0046 0.0495 0.5421 1.0000 1.0000 0.0007 0.0079 0.0897 1.0000 1.0000 0.0001 0.0014 0.0166 0.1912 1.0000 1.0000 0.0003 0.0032 0.0365 0.4217 1.0000 1.0000 0.0006 0.0070 0.0808 0.9356 1.0000 0.0001 0.0013 0.0155 0.1792 1.0000 1.0000 0.0003 0.0030 0.0343 0.3976 1.0000 1.0000 0.0006 0.0066 0.0762 0.8804 1.0000 0.0001 0.0011 0.0049 0.0011 0.0001 1.0000 0.8804 0.0762 0.0066 0.0006 1.0000 1.0000 0.3976 0.0343 0.0030 0.0003 1.0000 1.0000 0.1792 0.0155 0.0013 0.0001 1.0000 0.9356 0.0808 0.0070 0.0006 1.0000 1.0000 0.4217 0.0365 0.0032 0.0003 1.0000 1.0000 0.1912 0.0166 0.0014 0.0001 1.0000 1.0000 0.0897 0.0079 0.0007 1.0000 1.0000 0.5421 0.0495 0.0046 0.0004 1.0000 1.0000 0.3534
1.0000 1.0000 0.0005 0.0049 0.0522 0.5620 1.0000 1.0000 0.0007 0.0076 0.0858 0.9700 1.0000 0.0001 0.0013 0.0153 0.1762 1.0000 1.0000 0.0002 0.0029 0.0334 0.3857 1.0000 1.0000 0.0006 0.0064 0.0737 0.8524 1.0000 0.0001 0.0012 0.0141 0.1633 1.0000 1.0000 0.0002 0.0027 0.0313 0.3622 1.0000 1.0000 0.0005 0.0060 0.0695 0.8036 1.0000 0.0001 0.0011 0.0117 0.0521 0.0117 0.0011 0.0001 1.0000 0.8036 0.0695 0.0060 0.0005 1.0000 1.0000 0.3622 0.0313 0.0027 0.0002 1.0000 1.0000 0.1633 0.0141 0.0012 0.0001 1.0000 0.8524 0.0737 0.0064 0.0006 1.0000 1.0000 0.3857 0.0334 0.0029 0.0002 1.0000 1.0000 0.1762 0.0153 0.0013 0.0001 1.0000 0.9700 0.0858 0.0076 0.0007 1.0000 1.0000 0.5620 0.0522 0.0049 0.0005 1.0000 1.0000
1.0000 0.0005 0.0053 0.0563 0.5984 1.0000 1.0000 0.0007 0.0076 0.0845 0.9427 1.0000 0.0001 0.0013 0.0143 0.1636 1.0000 1.0000 0.0002 0.0026 0.0306 0.3527 1.0000 1.0000 0.0005 0.0058 0.0673 0.7780 1.0000 0.0001 0.0011 0.0129 0.1490 1.0000 1.0000 0.0002 0.0025 0.0285 0.3306 1.0000 1.0000 0.0005 0.0055 0.0633 0.7335 1.0000 0.0001 0.0010 0.0118 0.1230 0.5493 0.1230 0.0118 0.0010 0.0001 1.0000 0.7335 0.0633 0.0055 0.0005 1.0000 1.0000 0.3306 0.0285 0.0025 0.0002 1.0000 1.0000 0.1490 0.0129 0.0011 0.0001 1.0000 0.7780 0.0673 0.0058 0.0005 1.0000 1.0000 0.3527 0.0306 0.0026 0.0002 1.0000 1.0000 0.1636 0.0143 0.0013 0.0001 1.0000 0.9427 0.0845 0.0076 0.0007 1.0000 1.0000 0.5984 0.0563 0.0053 0.0005 1.0000
0.0005 0.0058 0.0613 0.6494 1.0000 0.0001 0.0007 0.0079 0.0858 0.9427 1.0000 0.0001 0.0012 0.0136 0.1542 1.0000 1.0000 0.0002 0.0024 0.0281 0.3238 1.0000 1.0000 0.0005 0.0053 0.0615 0.7115 1.0000 0.0001 0.0010 0.0117 0.1360 1.0000 1.0000 0.0002 0.0023 0.0261 0.3012 1.0000 1.0000 0.0004 0.0050 0.0578 0.6682 1.0000 0.0001 0.0010 0.0110 0.1249 1.0000 1.0000 1.0000 0.1249 0.0110 0.0010 0.0001 1.0000 0.6682 0.0578 0.0050 0.0004 1.0000 1.0000 0.3012 0.0261 0.0023 0.0002 1.0000 1.0000 0.1360 0.0117 0.0010 0.0001 1.0000 0.7115 0.0615 0.0053 0.0005 1.0000 1.0000 0.3238 0.0281 0.0024 0.0002 1.0000 1.0000 0.1542 0.0136 0.0012 0.0001 1.0000 0.9427 0.0858 0.0079 0.0007 0.0001 1.0000 0.6494 0.0613 0.0058 0.0005
0.0059 0.0672 0.7088 1.0000 0.0001 0.0008 0.0084 0.0897 0.9700 1.0000 0.0001 0.0012 0.0132 0.1482 1.0000 1.0000 0.0002 0.0023 0.0261 0.2989 1.0000 1.0000 0.0004 0.0049 0.0563 0.6506 1.0000 0.0001 0.0009 0.0107 0.1241 1.0000 1.0000 0.0002 0.0021 0.0238 0.2749 1.0000 1.0000 0.0004 0.0046 0.0527 0.6099 1.0000 0.0001 0.0009 0.0101 0.1162 1.0000 1.0000 1.0000 1.0000 1.0000 0.1162 0.0101 0.0009 0.0001 1.0000 0.6099 0.0527 0.0046 0.0004 1.0000 1.0000 0.2749 0.0238 0.0021 0.0002 1.0000 1.0000 0.1241 0.0107 0.0009 0.0001 1.0000 0.6506 0.0563 0.0049 0.0004 1.0000 1.0000 0.2989 0.0261 0.0023 0.0002 1.0000 1.0000 0.1482 0.0132 0.0012 0.0001 1.0000 0.9700 0.0897 0.0084 0.0008 0.0001 1.0000 0.7088 0.0672 0.0059
0.0678 0.7780 1.0000 0.0001 0.0008 0.0090 0.0959 1.0000 1.0000 0.0001 0.0012 0.0132 0.1462 1.0000 1.0000 0.0002 0.0022 0.0245 0.2791 1.0000 1.0000 0.0004 0.0045 0.0517 0.5961 1.0000 0.0001 0.0008 0.0098 0.1135 1.0000 1.0000 0.0002 0.0019 0.0217 0.2509 1.0000 1.0000 0.0004 0.0041 0.0481 0.5556 1.0000 0.0001 0.0008 0.0092 0.1064 1.0000 1.0000 0.0001 0.0006 0.0001 1.0000 1.0000 0.1064 0.0092 0.0008 0.0001 1.0000 0.5556 0.0481 0.0041 0.0004 1.0000 1.0000 0.2509 0.0217 0.0019 0.0002 1.0000 1.0000 0.1135 0.0098 0.0008 0.0001 1.0000 0.5961 0.0517 0.0045 0.0004 1.0000 1.0000 0.2791 0.0245 0.0022 0.0002 1.0000 1.0000 0.1462 0.0132 0.0012 0.0001 1.0000 1.0000 0.0959 0.0090 0.0008 0.0001 1.0000 0.7780 0.0678
0.7839 1.0000 0.0001 0.0009 0.0098 0.1038 1.0000 1.0000 0.0001 0.0013 0.0136 0.1482 1.0000 1.0000 0.0002 0.0021 0.0234 0.2641 1.0000 1.0000 0.0004 0.0041 0.0476 0.5483 1.0000 1.0000 0.0008 0.0090 0.1038 1.0000 1.0000 0.0001 0.0017 0.0198 0.2290 1.0000 1.0000 0.0003 0.0038 0.0438 0.5072 1.0000 1.0000 0.0007 0.0084 0.0971 1.0000 1.0000 0.0001 0.0014 0.0063 0.0014 0.0001 1.0000 1.0000 0.0971 0.0084 0.0007 1.0000 1.0000 0.5072 0.0438 0.0038 0.0003 1.0000 1.0000 0.2290 0.0198 0.0017 0.0001 1.0000 1.0000 0.1038 0.0090 0.0008 1.0000 1.0000 0.5483 0.0476 0.0041 0.0004 1.0000 1.0000 0.2641 0.0234 0.0021 0.0002 1.0000 1.0000 0.1482 0.0136 0.0013 0.0001 1.0000 1.0000 0.1038 0.0098 0.0009 0.0001 1.0000 0.7839
1.0000 0.0001 0.0010 0.0107 0.1131 1.0000 1.0000 0.0001 0.0013 0.0143 0.1542 1.0000 1.0000 0.0002 0.0020 0.0228 0.2553 1.0000 1.0000 0.0003 0.0039 0.0443 0.5081 1.0000 1.0000 0.0007 0.0082 0.0951 1.0000 1.0000 0.0001 0.0016 0.0181 0.2094 1.0000 1.0000 0.0003 0.0035 0.0400 0.4629 1.0000 1.0000 0.0007 0.0077 0.0887 1.0000 1.0000 0.0001 0.0014 0.0149 0.0664 0.0149 0.0014 0.0001 1.0000 1.0000 0.0887 0.0077 0.0007 1.0000 1.0000 0.4629 0.0400 0.0035 0.0003 1.0000 1.0000 0.2094 0.0181 0.0016 0.0001 1.0000 1.0000 0.0951 0.0082 0.0007 1.0000 1.0000 0.5081 0.0443 0.0039 0.0003 1.0000 1.0000 0.2553 0.0228 0.0020 0.0002 1.0000 1.0000 0.1542 0.0143 0.0013 0.0001 1.0000 1.0000 0.1131 0.0107 0.0010 0.0001 1.0000
0.0001 0.0011 0.0117 0.1239 1.0000 1.0000 0.0001 0.0014 0.0153 0.1636 1.0000 1.0000 0.0002 0.0021 0.0228 0.2524 1.0000 1.0000 0.0003 0.0037 0.0418 0.4763 1.0000 1.0000 0.0007 0.0076 0.0873 1.0000 1.0000 0.0001 0.0014 0.0166 0.1915 1.0000 1.0000 0.0003 0.0032 0.0365 0.4225 1.0000 1.0000 0.0006 0.0070 0.0808 0.9356 1.0000 0.0001 0.0013 0.0151 0.1569 0.7007 0.1569 0.0151 0.0013 0.0001 1.0000 0.9356 0.0808 0.0070 0.0006 1.0000 1.0000 0.4225 0.0365 0.0032 0.0003 1.0000 1.0000 0.1915 0.0166 0.0014 0.0001 1.0000 1.0000 0.0873 0.0076 0.0007 1.0000 1.0000 0.4763 0.0418 0.0037 0.0003 1.0000 1.0000 0.2524 0.0228 0.0021 0.0002 1.0000 1.0000 0.1636 0.0153 0.0014 0.0001 1.0000 1.0000 0.1239 0.0117 0.0011 0.0001
0.0011 0.0129 0.1358 1.0000 1.0000 0.0001 0.0016 0.0166 0.1762 1.0000 1.0000 0.0002 0.0022 0.0234 0.2553 1.0000 1.0000 0.0003 0.0036 0.0400 0.4525 1.0000 1.0000 0.0006 0.0070 0.0808 0.9285 1.0000 0.0001 0.0013 0.0152 0.1752 1.0000 1.0000 0.0003 0.0029 0.0334 0.3864 1.0000 1.0000 0.0006 0.0064 0.0739 0.8540 1.0000 0.0001 0.0012 0.0141 0.1593 1.0000 1.0000 1.0000 0.1593 0.0141 0.0012 0.0001 1.0000 0.8540 0.0739 0.0064 0.0006 1.0000 1.0000 0.3864 0.0334 0.0029 0.0003 1.0000 1.0000 0.1752 0.0152 0.0013 0.0001 1.0000 0.9285 0.0808 0.0070 0.0006 1.0000 1.0000 0.4525 0.0400 0.0036 0.0003 1.0000 1.0000 0.2553 0.0234 0.0022 0.0002 1.0000 1.0000 0.1762 0.0166 0.0016 0.0001 1.0000 1.0000 0.1358 0.0129 0.0011
0.0130 0.1490 1.0000 1.0000 0.0002 0.0017 0.0181 0.1912 1.0000 1.0000 0.0002 0.0023 0.0245 0.2641 1.0000 1.0000 0.0003 0.0035 0.0392 0.4381 1.0000 1.0000 0.0006 0.0066 0.0754 0.8638 1.0000 0.0001 0.0012 0.0139 0.1605 1.0000 1.0000 0.0002 0.0026 0.0306 0.3534 1.0000 1.0000 0.0005 0.0058 0.0676 0.7810 1.0000 0.0001 0.0011 0.0129 0.1484 1.0000 1.0000 1.0000 1.0000 1.0000 0.1484 0.0129 0.0011 0.0001 1.0000 0.7810 0.0676 0.0058 0.0005 1.0000 1.0000 0.3534 0.0306 0.0026 0.0002 1.0000 1.0000 0.1605 0.0139 0.0012 0.0001 1.0000 0.8638 0.0754 0.0066 0.0006 1.0000 1.0000 0.4381 0.0392 0.0035 0.0003 1.0000 1.0000 0.2641 0.0245 0.0023 0.0002 1.0000 1.0000 0.1912 0.0181 0.0017 0.0002 1.0000 1.0000 0.1490 0.0130
0.1504 1.0000 1.0000 0.0002 0.0019 0.0198 0.2087 1.0000 1.0000 0.0002 0.0024 0.0261 0.2791 1.0000 1.0000 0.0003 0.0036 0.0392 0.4339 1.0000 1.0000 0.0006 0.0063 0.0714 0.8112 1.0000 0.0001 0.0011 0.0129 0.1479 1.0000 1.0000 0.0002 0.0024 0.0280 0.3231 1.0000 1.0000 0.0005 0.0053 0.0618 0.7142 1.0000 0.0001 0.0010 0.0118 0.1363 1.0000 1.0000 0.0002 0.0008 0.0002 1.0000 1.0000 0.1363 0.0118 0.0010 0.0001 1.0000 0.7142 0.0618 0.0053 0.0005 1.0000 1.0000 0.3231 0.0280 0.0024 0.0002 1.0000 1.0000 0.1479 0.0129 0.0011 0.0001 1.0000 0.8112 0.0714 0.0063 0.0006 1.0000 1.0000 0.4339 0.0392 0.0036 0.0003 1.0000 1.0000 0.2791 0.0261 0.0024 0.0002 1.0000 1.0000 0.2087 0.0198 0.0019 0.0002 1.0000 1.0000 0.1504
1.0000 1.0000 0.0002 0.0021 0.0217 0.2286 1.0000 1.0000 0.0002 0.0026 0.0281 0.2989 1.0000 1.0000 0.0003 0.0037 0.0400 0.4381 1.0000 1.0000 0.0005 0.0061 0.0687 0.7736 1.0000 0.0001 0.0010 0.0120 0.1371 1.0000 1.0000 0.0002 0.0022 0.0256 0.2961 1.0000 1.0000 0.0004 0.0049 0.0565 0.6531 1.0000 0.0001 0.0009 0.0108 0.1246 1.0000 1.0000 0.0002 0.0018 0.0081 0.0018 0.0002 1.0000 1.0000 0.1246 0.0108 0.0009 0.0001 1.0000 0.6531 0.0565 0.0049 0.0004 1.0000 1.0000 0.2961 0.0256 0.0022 0.0002 1.0000 1.0000 0.1371 0.0120 0.0010 0.0001 1.0000 0.7736 0.0687 0.0061 0.0005 1.0000 1.0000 0.4381 0.0400 0.0037 0.0003 1.0000 1.0000 0.2989 0.0281 0.0026 0.0002 1.0000 1.0000 0.2286 0.0217 0.0021 0.0002 1.0000 1.0000
1.0000 0.0002 0.0022 0.0237 0.2504 1.0000 1.0000 0.0003 0.0029 0.0306 0.3238 1.0000 1.0000 0.0004 0.0039 0.0418 0.4525 1.0000 1.0000 0.0005 0.0061 0.0673 0.7504 1.0000 0.0001 0.0010 0.0113 0.1285 1.0000 1.0000 0.0002 0.0020 0.0236 0.2718 1.0000 1.0000 0.0004 0.0045 0.0517 0.5973 1.0000 0.0001 0.0009 0.0099 0.1140 1.0000 1.0000 0.0002 0.0018 0.0191 0.0852 0.0191 0.0018 0.0002 1.0000 1.0000 0.1140 0.0099 0.0009 0.0001 1.0000 0.5973 0.0517 0.0045 0.0004 1.0000 1.0000 0.2718 0.0236 0.0020 0.0002 1.0000 1.0000 0.1285 0.0113 0.0010 0.0001 1.0000 0.7504 0.0673 0.0061 0.0005 1.0000 1.0000 0.4525 0.0418 0.0039 0.0004 1.0000 1.0000 0.3238 0.0306 0.0029 0.0003 1.0000 1.0000 0.2504 0.0237 0.0022 0.0002 1.0000
0.0002 0.0025 0.0261 0.2749 1.0000 1.0000 0.0003 0.0032 0.0334 0.3527 1.0000 1.0000 0.0004 0.0041 0.0443 0.4763 1.0000 1.0000 0.0006 0.0061 0.0673 0.7433 1.0000 0.0001 0.0010 0.0108 0.1220 1.0000 1.0000 0.0002 0.0019 0.0218 0.2504 1.0000 1.0000 0.0004 0.0041 0.0472 0.5462 1.0000 1.0000 0.0008 0.0090 0.1042 1.0000 1.0000 0.0001 0.0017 0.0194 0.2016 0.9007 0.2016 0.0194 0.0017 0.0001 1.0000 1.0000 0.1042 0.0090 0.0008 1.0000 1.0000 0.5462 0.0472 0.0041 0.0004 1.0000 1.0000 0.2504 0.0218 0.0019 0.0002 1.0000 1.0000 0.1220 0.0108 0.0010 0.0001 1.0000 0.7433 0.0673 0.0061 0.0006 1.0000 1.0000 0.4763 0.0443 0.0041 0.0004 1.0000 1.0000 0.3527 0.0334 0.0032 0.0003 1.0000 1.0000 0.2749 0.0261 0.0025 0.0002
0.0025 0.0285 0.3012 1.0000 1.0000 0.0003 0.0035 0.0365 0.3857 1.0000 1.0000 0.0004 0.0045 0.0476 0.5081 1.0000 1.0000 0.0006 0.0063 0.0687 0.7504 1.0000 0.0001 0.0009 0.0105 0.1175 1.0000 1.0000 0.0002 0.0018 0.0203 0.2330 1.0000 1.0000 0.0003 0.0038 0.0433 0.4995 1.0000 1.0000 0.0007 0.0082 0.0953 1.0000 1.0000 0.0001 0.0016 0.0181 0.2051 1.0000 1.0000 1.0000 0.2051 0.0181 0.0016 0.0001 1.0000 1.0000 0.0953 0.0082 0.0007 1.0000 1.0000 0.4995 0.0433 0.0038 0.0003 1.0000 1.0000 0.2330 0.0203 0.0018 0.0002 1.0000 1.0000 0.1175 0.0105 0.0009 0.0001 1.0000 0.7504 0.0687 0.0063 0.0006 1.0000 1.0000 0.5081 0.0476 0.0045 0.0004 1.0000 1.0000 0.3857 0.0365 0.0035 0.0003 1.0000 1.0000 0.3012 0.0285 0.0025
0.0288 0.3306 1.0000 1.0000 0.0004 0.0038 0.0400 0.4217 1.0000 1.0000 0.0005 0.0049 0.0517 0.5483 1.0000 1.0000 0.0006 0.0066 0.0714 0.7736 1.0000 0.0001 0.0009 0.0104 0.1151 1.0000 1.0000 0.0001 0.0017 0.0192 0.2188 1.0000 1.0000 0.0003 0.0035 0.0399 0.4594 1.0000 1.0000 0.0007 0.0075 0.0872 1.0000 1.0000 0.0001 0.0014 0.0166 0.1912 1.0000 1.0000 0.0001 1.0000 1.0000 0.1912 0.0166 0.0014 0.0001 1.0000 1.0000 0.0872 0.0075 0.0007 1.0000 1.0000 0.4594 0.0399 0.0035 0.0003 1.0000 1.0000 0.2188 0.0192 0.0017 0.0001 1.0000 1.0000 0.1151 0.0104 0.0009 0.0001 1.0000 0.7736 0.0714 0.0066 0.0006 1.0000 1.0000 0.5483 0.0517 0.0049 0.0005 1.0000 1.0000 0.4217 0.0400 0.0038 0.0004 1.0000 1.0000 0.3306 0.0288
0.3331 1.0000 1.0000 0.0004 0.0041 0.0438 0.4620 1.0000 1.0000 0.0005 0.0053 0.0563 0.5961 1.0000 1.0000 0.0007 0.0070 0.0754 0.8112 1.0000 0.0001 0.0010 0.0105 0.1151 1.0000 1.0000 0.0001 0.0016 0.0184 0.2079 1.0000 1.0000 0.0003 0.0032 0.0370 0.4241 1.0000 1.0000 0.0006 0.0069 0.0797 0.9215 1.0000 0.0001 0.0013 0.0152 0.1755 1.0000 1.0000 0.0002 0.0010 0.0002 1.0000 1.0000 0.1755 0.0152 0.0013 0.0001 1.0000 0.9215 0.0797 0.0069 0.0006 1.0000 1.0000 0.4241 0.0370 0.0032 0.0003 1.0000 1.0000 0.2079 0.0184 0.0016 0.0001 1.0000 1.0000 0.1151 0.0105 0.0010 0.0001 1.0000 0.8112 0.0754 0.0070 0.0007 1.0000 1.0000 0.5961 0.0563 0.0053 0.0005 1.0000 1.0000 0.4620 0.0438 0.0041 0.0004 1.0000 1.0000 0.3331
1.0000 1.0000 0.0004 0.0046 0.0481 0.5072 1.0000 1.0000 0.0006 0.0058 0.0615 0.6506 1.0000 1.0000 0.0007 0.0076 0.0808 0.8638 1.0000 0.0001 0.0010 0.0108 0.1175 1.0000 1.0000 0.0001 0.0016 0.0179 0.2005 1.0000 1.0000 0.0003 0.0030 0.0346 0.3953 1.0000 1.0000 0.0006 0.0064 0.0732 0.8443 1.0000 0.0001 0.0012 0.0139 0.1608 1.0000 1.0000 0.0002 0.0023 0.0104 0.0023 0.0002 1.0000 1.0000 0.1608 0.0139 0.0012 0.0001 1.0000 0.8443 0.0732 0.0064 0.0006 1.0000 1.0000 0.3953 0.0346 0.0030 0.0003 1.0000 1.0000 0.2005 0.0179 0.0016 0.0001 1.0000 1.0000 0.1175 0.0108 0.0010 0.0001 1.0000 0.8638 0.0808 0.0076 0.0007 1.0000 1.0000 0.6506 0.0615 0.0058 0.0006 1.0000 1.0000 0.5072 0.0481 0.0046 0.0004 1.0000 1.0000
1.0000 0.0005 0.0050 0.0527 0.5556 1.0000 1.0000 0.0006 0.0064 0.0673 0.7115 1.0000 0.0001 0.0008 0.0082 0.0873 0.9285 1.0000 0.0001 0.0010 0.0113 0.1220 1.0000 1.0000 0.0001 0.0016 0.0177 0.1971 1.0000 1.0000 0.0003 0.0029 0.0327 0.3720 1.0000 1.0000 0.0005 0.0059 0.0676 0.7765 1.0000 0.0001 0.0011 0.0127 0.1470 1.0000 1.0000 0.0002 0.0024 0.0246 0.1099 0.0246 0.0024 0.0002 1.0000 1.0000 0.1470 0.0127 0.0011 0.0001 1.0000 0.7765 0.0676 0.0059 0.0005 1.0000 1.0000 0.3720 0.0327 0.0029 0.0003 1.0000 1.0000 0.1971 0.0177 0.0016 0.0001 1.0000 1.0000 0.1220 0.0113 0.0010 0.0001 1.0000 0.9285 0.0873 0.0082 0.0008 0.0001 1.0000 0.7115 0.0673 0.0064 0.0006 1.0000 1.0000 0.5556 0.0527 0.0050 0.0005 1.0000
0.0005 0.0055 0.0577 0.6087 1.0000 1.0000 0.0007 0.0070 0.0737 0.7780 1.0000 0.0001 0.0008 0.0090 0.0951 1.0000 1.0000 0.0001 0.0011 0.0120 0.1285 1.0000 1.0000 0.0001 0.0016 0.0179 0.1971 1.0000 1.0000 0.0002 0.0028 0.0314 0.3540 1.0000 1.0000 0.0005 0.0055 0.0627 0.7196 1.0000 0.0001 0.0010 0.0117 0.1347 1.0000 1.0000 0.0002 0.0022 0.0250 0.2602 1.0000 0.2602 0.0250 0.0022 0.0002 1.0000 1.0000 0.1347 0.0117 0.0010 0.0001 1.0000 0.7196 0.0627 0.0055 0.0005 1.0000 1.0000 0.3540 0.0314 0.0028 0.0002 1.0000 1.0000 0.1971 0.0179 0.0016 0.0001 1.0000 1.0000 0.1285 0.0120 0.0011 0.0001 1.0000 1.0000 0.0951 0.0090 0.0008 0.0001 1.0000 0.7780 0.0737 0.0070 0.0007 1.0000 1.0000 0.6087 0.0577 0.0055 0.0005
0.0055 0.0633 0.6682 1.0000 0.0001 0.0007 0.0077 0.0808 0.8524 1.0000 0.0001 0.0009 0.0098 0.1038 1.0000 1.0000 0.0001 0.0012 0.0129 0.1371 1.0000 1.0000 0.0002 0.0017 0.0184 0.2005 1.0000 1.0000 0.0002 0.0027 0.0306 0.3428 1.0000 1.0000 0.0005 0.0052 0.0588 0.6707 1.0000 0.0001 0.0009 0.0107 0.1237 1.0000 1.0000 0.0002 0.0020 0.0233 0.2646 1.0000 1.0000 1.0000 0.2646 0.0233 0.0020 0.0002 1.0000 1.0000 0.1237 0.0107 0.0009 0.0001 1.0000 0.6707 0.0588 0.0052 0.0005 1.0000 1.0000 0.3428 0.0306 0.0027 0.0002 1.0000 1.0000 0.2005 0.0184 0.0017 0.0002 1.0000 1.0000 0.1371 0.0129 0.0012 0.0001 1.0000 1.0000 0.1038 0.0098 0.0009 0.0001 1.0000 0.8524 0.0808 0.0077 0.0007 0.0001 1.0000 0.6682 0.0633 0.0055
0.0639 0.7321 1.0000 0.0001 0.0008 0.0084 0.0887 0.9356 1.0000 0.0001 0.0010 0.0107 0.1135 1.0000 1.0000 0.0001 0.0013 0.0139 0.1479 1.0000 1.0000 0.0002 0.0018 0.0192 0.2079 1.0000 1.0000 0.0002 0.0027 0.0303 0.3363 1.0000 1.0000 0.0004 0.0049 0.0557 0.6323 1.0000 0.0001 0.0009 0.0100 0.1144 1.0000 1.0000 0.0002 0.0019 0.0215 0.2471 1.0000 1.0000 0.0001 1.0000 1.0000 0.2471 0.0215 0.0019 0.0002 1.0000 1.0000 0.1144 0.0100 0.0009 0.0001 1.0000 0.6323 0.0557 0.0049 0.0004 1.0000 1.0000 0.3363 0.0303 0.0027 0.0002 1.0000 1.0000 0.2079 0.0192 0.0018 0.0002 1.0000 1.0000 0.1479 0.0139 0.0013 0.0001 1.0000 1.0000 0.1135 0.0107 0.0010 0.0001 1.0000 0.9356 0.0887 0.0084 0.0008 0.0001 1.0000 0.7321 0.0639
0.7391 1.0000 0.0001 0.0009 0.0092 0.0971 1.0000 1.0000 0.0001 0.0011 0.0117 0.1241 1.0000 1.0000 0.0001 0.0014 0.0152 0.1605 1.0000 1.0000 0.0002 0.0019 0.0203 0.2188 1.0000 1.0000 0.0003 0.0028 0.0306 0.3363 1.0000 1.0000 0.0004 0.0048 0.0535 0.6030 1.0000 0.0001 0.0008 0.0093 0.1064 1.0000 1.0000 0.0001 0.0017 0.0197 0.2273 1.0000 1.0000 0.0003 0.0013 0.0003 1.0000 1.0000 0.2273 0.0197 0.0017 0.0001 1.0000 1.0000 0.1064 0.0093 0.0008 0.0001 1.0000 0.6030 0.0535 0.0048 0.0004 1.0000 1.0000 0.3363 0.0306 0.0028 0.0003 1.0000 1.0000 0.2188 0.0203 0.0019 0.0002 1.0000 1.0000 0.1605 0.0152 0.0014 0.0001 1.0000 1.0000 0.1241 0.0117 0.0011 0.0001 1.0000 1.0000 0.0971 0.0092 0.0009 0.0001 1.0000 0.7391
1.0000 0.0001 0.0010 0.0101 0.1064 1.0000 1.0000 0.0001 0.0012 0.0129 0.1360 1.0000 1.0000 0.0001 0.0016 0.0166 0.1752 1.0000 1.0000 0.0002 0.0020 0.0218 0.2330 1.0000 1.0000 0.0003 0.0029 0.0314 0.3428 1.0000 1.0000 0.0004 0.0047 0.0522 0.5838 1.0000 0.0001 0.0008 0.0088 0.0999 1.0000 1.0000 0.0001 0.0016 0.0182 0.2090 1.0000 1.0000 0.0003 0.0030 0.0134 0.0030 0.0003 1.0000 1.0000 0.2090 0.0182 0.0016 0.0001 1.0000 1.0000 0.0999 0.0088 0.0008 0.0001 1.0000 0.5838 0.0522 0.0047 0.0004 1.0000 1.0000 0.3428 0.0314 0.0029 0.0003 1.0000 1.0000 0.2330 0.0218 0.0020 0.0002 1.0000 1.0000 0.1752 0.0166 0.0016 0.0001 1.0000 1.0000 0.1360 0.0129 0.0012 0.0001 1.0000 1.0000 0.1064 0.0101 0.0010 0.0001 1.0000
0.0001 0.0010 0.0111 0.1168 1.0000 1.0000 0.0001 0.0013 0.0141 0.1490 1.0000 1.0000 0.0002 0.0017 0.0181 0.1915 1.0000 1.0000 0.0002 0.0022 0.0236 0.2504 1.0000 1.0000 0.0003 0.0030 0.0327 0.3540 1.0000 1.0000 0.0004 0.0047 0.0518 0.5739 1.0000 1.0000 0.0007 0.0084 0.0948 1.0000 1.0000 0.0001 0.0015 0.0169 0.1937 1.0000 1.0000 0.0003 0.0031 0.0318 0.1421 0.0318 0.0031 0.0003 1.0000 1.0000 0.1937 0.0169 0.0015 0.0001 1.0000 1.0000 0.0948 0.0084 0.0007 1.0000 1.0000 0.5739 0.0518 0.0047 0.0004 1.0000 1.0000 0.3540 0.0327 0.0030 0.0003 1.0000 1.0000 0.2504 0.0236 0.0022 0.0002 1.0000 1.0000 0.1915 0.0181 0.0017 0.0002 1.0000 1.0000 0.1490 0.0141 0.0013 0.0001 1.0000 1.0000 0.1168 0.0111 0.0010 0.0001
0.0011 0.0121 0.1280 1.0000 1.0000 0.0001 0.0015 0.0155 0.1633 1.0000 1.0000 0.0002 0.0019 0.0198 0.2094 1.0000 1.0000 0.0002 0.0024 0.0256 0.2718 1.0000 1.0000 0.0003 0.0032 0.0346 0.3720 1.0000 1.0000 0.0004 0.0048 0.0522 0.5739 1.0000 1.0000 0.0007 0.0081 0.0912 1.0000 1.0000 0.0001 0.0014 0.0158 0.1802 1.0000 1.0000 0.0003 0.0029 0.0325 0.3369 1.0000 0.3369 0.0325 0.0029 0.0003 1.0000 1.0000 0.1802 0.0158 0.0014 0.0001 1.0000 1.0000 0.0912 0.0081 0.0007 1.0000 1.0000 0.5739 0.0522 0.0048 0.0004 1.0000 1.0000 0.3720 0.0346 0.0032 0.0003 1.0000 1.0000 0.2718 0.0256 0.0024 0.0002 1.0000 1.0000 0.2094 0.0198 0.0019 0.0002 1.0000 1.0000 0.1633 0.0155 0.0015 0.0001 1.0000 1.0000 0.1280 0.0121 0.0011
0.0122 0.1405 1.0000 1.0000 0.0002 0.0016 0.0170 0.1792 1.0000 1.0000 0.0002 0.0021 0.0217 0.2290 1.0000 1.0000 0.0003 0.0026 0.0280 0.2961 1.0000 1.0000 0.0003 0.0035 0.0370 0.3953 1.0000 1.0000 0.0005 0.0049 0.0535 0.5838 1.0000 1.0000 0.0007 0.0080 0.0890 0.9962 1.0000 0.0001 0.0013 0.0149 0.1696 1.0000 1.0000 0.0002 0.0027 0.0306 0.3454 1.0000 1.0000 1.0000 0.3454 0.0306 0.0027 0.0002 1.0000 1.0000 0.1696 0.0149 0.0013 0.0001 1.0000 0.9962 0.0890 0.0080 0.0007 1.0000 1.0000 0.5838 0.0535 0.0049 0.0005 1.0000 1.0000 0.3953 0.0370 0.0035 0.0003 1.0000 1.0000 0.2961 0.0280 0.0026 0.0003 1.0000 1.0000 0.2290 0.0217 0.0021 0.0002 1.0000 1.0000 0.1792 0.0170 0.0016 0.0002 1.0000 1.0000 0.1405 0.0122
0.1416 1.0000 1.0000 0.0002 0.0018 0.0186 0.1963 1.0000 1.0000 0.0002 0.0023 0.0238 0.2509 1.0000 1.0000 0.0003 0.0029 0.0306 0.3231 1.0000 1.0000 0.0004 0.0038 0.0399 0.4241 1.0000 1.0000 0.0005 0.0052 0.0557 0.6030 1.0000 1.0000 0.0007 0.0080 0.0883 0.9793 1.0000 0.0001 0.0013 0.0143 0.1614 1.0000 1.0000 0.0002 0.0025 0.0285 0.3262 1.0000 1.0000 0.0002 1.0000 1.0000 0.3262 0.0285 0.0025 0.0002 1.0000 1.0000 0.1614 0.0143 0.0013 0.0001 1.0000 0.9793 0.0883 0.0080 0.0007 1.0000 1.0000 0.6030 0.0557 0.0052 0.0005 1.0000 1.0000 0.4241 0.0399 0.0038 0.0004 1.0000 1.0000 0.3231 0.0306 0.0029 0.0003 1.0000 1.0000 0.2509 0.0238 0.0023 0.0002 1.0000 1.0000 0.1963 0.0186 0.0018 0.0002 1.0000 1.0000 0.1416
1.0000 1.0000 0.0002 0.0019 0.0204 0.2155 1.0000 1.0000 0.0002 0.0025 0.0261 0.2749 1.0000 1.0000 0.0003 0.0032 0.0334 0.3534 1.0000 1.0000 0.0004 0.0041 0.0433 0.4594 1.0000 1.0000 0.0005 0.0055 0.0588 0.6323 1.0000 0.0001 0.0007 0.0081 0.0890 0.9793 1.0000 0.0001 0.0012 0.0138 0.1554 1.0000 1.0000 0.0002 0.0024 0.0268 0.3058 1.0000 1.0000 0.0004 0.0017 0.0004 1.0000 1.0000 0.3058 0.0268 0.0024 0.0002 1.0000 1.0000 0.1554 0.0138 0.0012 0.0001 1.0000 0.9793 0.0890 0.0081 0.0007 0.0001 1.0000 0.6323 0.0588 0.0055 0.0005 1.0000 1.0000 0.4594 0.0433 0.0041 0.0004 1.0000 1.0000 0.3534 0.0334 0.0032 0.0003 1.0000 1.0000 0.2749 0.0261 0.0025 0.0002 1.0000 1.0000 0.2155 0.0204 0.0019 0.0002 1.0000 1.0000
1.0000 0.0002 0.0021 0.0224 0.2361 1.0000 1.0000 0.0003 0.0027 0.0285 0.3012 1.0000 1.0000 0.0003 0.0035 0.0365 0.3864 1.0000 1.0000 0.0004 0.0045 0.0472 0.4995 1.0000 1.0000 0.0006 0.0059 0.0627 0.6707 1.0000 0.0001 0.0008 0.0084 0.0912 0.9962 1.0000 0.0001 0.0012 0.0136 0.1516 1.0000 1.0000 0.0002 0.0022 0.0254 0.2877 1.0000 1.0000 0.0004 0.0040 0.0177 0.0040 0.0004 1.0000 1.0000 0.2877 0.0254 0.0022 0.0002 1.0000 1.0000 0.1516 0.0136 0.0012 0.0001 1.0000 0.9962 0.0912 0.0084 0.0008 0.0001 1.0000 0.6707 0.0627 0.0059 0.0006 1.0000 1.0000 0.4995 0.0472 0.0045 0.0004 1.0000 1.0000 0.3864 0.0365 0.0035 0.0003 1.0000 1.0000 0.3012 0.0285 0.0027 0.0003 1.0000 1.0000 0.2361 0.0224 0.0021 0.0002 1.0000
0.0002 0.0023 0.0246 0.2592 1.0000 1.0000 0.0003 0.0030 0.0313 0.3306 1.0000 1.0000 0.0004 0.0038 0.0400 0.4225 1.0000 1.0000 0.0005 0.0049 0.0517 0.5462 1.0000 1.0000 0.0006 0.0064 0.0676 0.7196 1.0000 0.0001 0.0008 0.0088 0.0948 1.0000 1.0000 0.0001 0.0012 0.0136 0.1504 1.0000 1.0000 0.0002 0.0022 0.0243 0.2739 1.0000 1.0000 0.0004 0.0041 0.0426 0.1894 0.0426 0.0041 0.0004 1.0000 1.0000 0.2739 0.0243 0.0022 0.0002 1.0000 1.0000 0.1504 0.0136 0.0012 0.0001 1.0000 1.0000 0.0948 0.0088 0.0008 0.0001 1.0000 0.7196 0.0676 0.0064 0.0006 1.0000 1.0000 0.5462 0.0517 0.0049 0.0005 1.0000 1.0000 0.4225 0.0400 0.0038 0.0004 1.0000 1.0000 0.3306 0.0313 0.0030 0.0003 1.0000 1.0000 0.2592 0.0246 0.0023 0.0002
0.0023 0.0269 0.2839 1.0000 1.0000 0.0003 0.0033 0.0343 0.3622 1.0000 1.0000 0.0004 0.0041 0.0438 0.4629 1.0000 1.0000 0.0005 0.0053 0.0565 0.5973 1.0000 1.0000 0.0007 0.0069 0.0732 0.7765 1.0000 0.0001 0.0009 0.0093 0.0999 1.0000 1.0000 0.0001 0.0013 0.0138 0.1516 1.0000 1.0000 0.0002 0.0021 0.0236 0.2641 1.0000 1.0000 0.0004 0.0040 0.0444 0.4568 1.0000 0.4568 0.0444 0.0040 0.0004 1.0000 1.0000 0.2641 0.0236 0.0021 0.0002 1.0000 1.0000 0.1516 0.0138 0.0013 0.0001 1.0000 1.0000 0.0999 0.0093 0.0009 0.0001 1.0000 0.7765 0.0732 0.0069 0.0007 1.0000 1.0000 0.5973 0.0565 0.0053 0.0005 1.0000 1.0000 0.4629 0.0438 0.0041 0.0004 1.0000 1.0000 0.3622 0.0343 0.0033 0.0003 1.0000 1.0000 0.2839 0.0269 0.0023
0.0272 0.3117 1.0000 1.0000 0.0003 0.0036 0.0377 0.3976 1.0000 1.0000 0.0004 0.0046 0.0481 0.5072 1.0000 1.0000 0.0006 0.0058 0.0618 0.6531 1.0000 1.0000 0.0007 0.0075 0.0797 0.8443 1.0000 0.0001 0.0009 0.0100 0.1064 1.0000 1.0000 0.0001 0.0013 0.0143 0.1554 1.0000 1.0000 0.0002 0.0021 0.0232 0.2582 1.0000 1.0000 0.0003 0.0038 0.0429 0.4781 1.0000 1.0000 1.0000 0.4781 0.0429 0.0038 0.0003 1.0000 1.0000 0.2582 0.0232 0.0021 0.0002 1.0000 1.0000 0.1554 0.0143 0.0013 0.0001 1.0000 1.0000 0.1064 0.0100 0.0009 0.0001 1.0000 0.8443 0.0797 0.0075 0.0007 1.0000 1.0000 0.6531 0.0618 0.0058 0.0006 1.0000 1.0000 0.5072 0.0481 0.0046 0.0004 1.0000 1.0000 0.3976 0.0377 0.0036 0.0003 1.0000 1.0000 0.3117 0.0272
0.3141 1.0000 1.0000 0.0004 0.0039 0.0413 0.4356 1.0000 1.0000 0.0005 0.0050 0.0527 0.5556 1.0000 1.0000 0.0006 0.0064 0.0676 0.7142 1.0000 0.0001 0.0008 0.0082 0.0872 0.9215 1.0000 0.0001 0.0010 0.0107 0.1144 1.0000 1.0000 0.0001 0.0014 0.0149 0.1614 1.0000 1.0000 0.0002 0.0021 0.0232 0.2562 1.0000 1.0000 0.0003 0.0037 0.0412 0.4638 1.0000 1.0000 0.0002 1.0000 1.0000 0.4638 0.0412 0.0037 0.0003 1.0000 1.0000 0.2562 0.0232 0.0021 0.0002 1.0000 1.0000 0.1614 0.0149 0.0014 0.0001 1.0000 1.0000 0.1144 0.0107 0.0010 0.0001 1.0000 0.9215 0.0872 0.0082 0.0008 0.0001 1.0000 0.7142 0.0676 0.0064 0.0006 1.0000 1.0000 0.5556 0.0527 0.0050 0.0005 1.0000 1.0000 0.4356 0.0413 0.0039 0.0004 1.0000 1.0000 0.3141
1.0000 1.0000 0.0004 0.0043 0.0453 0.4781 1.0000 1.0000 0.0005 0.0055 0.0578 0.6099 1.0000 1.0000 0.0007 0.0070 0.0739 0.7810 1.0000 0.0001 0.0009 0.0090 0.0953 1.0000 1.0000 0.0001 0.0011 0.0117 0.1237 1.0000 1.0000 0.0001 0.0015 0.0158 0.1696 1.0000 1.0000 0.0002 0.0022 0.0236 0.2582 1.0000 1.0000 0.0003 0.0036 0.0400 0.4482 1.0000 1.0000 0.0005 0.0023 0.0005 1.0000 1.0000 0.4482 0.0400 0.0036 0.0003 1.0000 1.0000 0.2582 0.0236 0.0022 0.0002 1.0000 1.0000 0.1696 0.0158 0.0015 0.0001 1.0000 1.0000 0.1237 0.0117 0.0011 0.0001 1.0000 1.0000 0.0953 0.0090 0.0009 0.0001 1.0000 0.7810 0.0739 0.0070 0.0007 1.0000 1.0000 0.6099 0.0578 0.0055 0.0005 1.0000 1.0000 0.4781 0.0453 0.0043 0.0004 1.0000 1.0000
1.0000 0.0004 0.0047 0.0496 0.5238 1.0000 1.0000 0.0006 0.0060 0.0633 0.6682 1.0000 0.0001 0.0007 0.0077 0.0808 0.8540 1.0000 0.0001 0.0009 0.0099 0.1042 1.0000 1.0000 0.0001 0.0012 0.0127 0.1347 1.0000 1.0000 0.0001 0.0016 0.0169 0.1802 1.0000 1.0000 0.0002 0.0022 0.0243 0.2641 1.0000 1.0000 0.0003 0.0036 0.0394 0.4389 1.0000 1.0000 0.0006 0.0057 0.0252 0.0057 0.0006 1.0000 1.0000 0.4389 0.0394 0.0036 0.0003 1.0000 1.0000 0.2641 0.0243 0.0022 0.0002 1.0000 1.0000 0.1802 0.0169 0.0016 0.0001 1.0000 1.0000 0.1347 0.0127 0.0012 0.0001 1.0000 1.0000 0.1042 0.0099 0.0009 0.0001 1.0000 0.8540 0.0808 0.0077 0.0007 0.0001 1.0000 0.6682 0.0633 0.0060 0.0006 1.0000 1.0000 0.5238 0.0496 0.0047 0.0004 1.0000
0.0005 0.0052 0.0544 0.5739 1.0000 1.0000 0.0006 0.0066 0.0695 0.7335 1.0000 0.0001 0.0008 0.0084 0.0887 0.9356 1.0000 0.0001 0.0010 0.0108 0.1140 1.0000 1.0000 0.0001 0.0013 0.0139 0.1470 1.0000 1.0000 0.0002 0.0017 0.0182 0.1937 1.0000 1.0000 0.0002 0.0024 0.0254 0.2739 1.0000 1.0000 0.0003 0.0036 0.0394 0.4356 1.0000 1.0000 0.0006 0.0061 0.0619 0.2733 0.0619 0.0061 0.0006 1.0000 1.0000 0.4356 0.0394 0.0036 0.0003 1.0000 1.0000 0.2739 0.0254 0.0024 0.0002 1.0000 1.0000 0.1937 0.0182 0.0017 0.0002 1.0000 1.0000 0.1470 0.0139 0.0013 0.0001 1.0000 1.0000 0.1140 0.0108 0.0010 0.0001 1.0000 0.9356 0.0887 0.0084 0.0008 0.0001 1.0000 0.7335 0.0695 0.0066 0.0006 1.0000 1.0000 0.5739 0.0544 0.0052 0.0005
0.0052 0.0597 0.6299 1.0000 1.0000 0.0007 0.0072 0.0762 0.8036 1.0000 0.0001 0.0009 0.0092 0.0971 1.0000 1.0000 0.0001 0.0011 0.0118 0.1246 1.0000 1.0000 0.0001 0.0014 0.0152 0.1608 1.0000 1.0000 0.0002 0.0019 0.0197 0.2090 1.0000 1.0000 0.0002 0.0025 0.0268 0.2877 1.0000 1.0000 0.0003 0.0037 0.0400 0.4389 1.0000 1.0000 0.0005 0.0061 0.0667 0.6746 1.0000 0.6746 0.0667 0.0061 0.0005 1.0000 1.0000 0.4389 0.0400 0.0037 0.0003 1.0000 1.0000 0.2877 0.0268 0.0025 0.0002 1.0000 1.0000 0.2090 0.0197 0.0019 0.0002 1.0000 1.0000 0.1608 0.0152 0.0014 0.0001 1.0000 1.0000 0.1246 0.0118 0.0011 0.0001 1.0000 1.0000 0.0971 0.0092 0.0009 0.0001 1.0000 0.8036 0.0762 0.0072 0.0007 1.0000 1.0000 0.6299 0.0597 0.0052
0.0602 0.6901 1.0000 0.0001 0.0007 0.0079 0.0834 0.8804 1.0000 0.0001 0.0010 0.0101 0.1064 1.0000 1.0000 0.0001 0.0012 0.0129 0.1363 1.0000 1.0000 0.0001 0.0016 0.0166 0.1755 1.0000 1.0000 0.0002 0.0020 0.0215 0.2273 1.0000 1.0000 0.0003 0.0027 0.0285 0.3058 1.0000 1.0000 0.0004 0.0038 0.0412 0.4482 1.0000 1.0000 0.0005 0.0060 0.0668 0.7307 1.0000 1.0000 1.0000 0.7307 0.0668 0.0060 0.0005 1.0000 1.0000 0.4482 0.0412 0.0038 0.0004 1.0000 1.0000 0.3058 0.0285 0.0027 0.0003 1.0000 1.0000 0.2273 0.0215 0.0020 0.0002 1.0000 1.0000 0.1755 0.0166 0.0016 0.0001 1.0000 1.0000 0.1363 0.0129 0.0012 0.0001 1.0000 1.0000 0.1064 0.0101 0.0010 0.0001 1.0000 0.8804 0.0834 0.0079 0.0007 0.0001 1.0000 0.6901 0.0602
0.6928 1.0000 0.0001 0.0008 0.0086 0.0911 0.9608 1.0000 0.0001 0.0010 0.0110 0.1162 1.0000 1.0000 0.0001 0.0013 0.0141 0.1484 1.0000 1.0000 0.0002 0.0017 0.0181 0.1912 1.0000 1.0000 0.0002 0.0022 0.0233 0.2471 1.0000 1.0000 0.0003 0.0029 0.0306 0.3262 1.0000 1.0000 0.0004 0.0040 0.0429 0.4638 1.0000 1.0000 0.0006 0.0061 0.0668 0.7348 1.0000 0.0001 0.0003 0.0001 1.0000 0.7348 0.0668 0.0061 0.0006 1.0000 1.0000 0.4638 0.0429 0.0040 0.0004 1.0000 1.0000 0.3262 0.0306 0.0029 0.0003 1.0000 1.0000 0.2471 0.0233 0.0022 0.0002 1.0000 1.0000 0.1912 0.0181 0.0017 0.0002 1.0000 1.0000 0.1484 0.0141 0.0013 0.0001 1.0000 1.0000 0.1162 0.0110 0.0010 0.0001 1.0000 0.9608 0.0911 0.0086 0.0008 0.0001 1.0000 0.6928
1.0000 0.0001 0.0009 0.0093 0.0979 1.0000 1.0000 0.0001 0.0011 0.0118 0.1249 1.0000 1.0000 0.0001 0.0014 0.0151 0.1593 1.0000 1.0000 0.0002 0.0018 0.0194 0.2051 1.0000 1.0000 0.0002 0.0024 0.0250 0.2646 1.0000 1.0000 0.0003 0.0031 0.0325 0.3454 1.0000 1.0000 0.0004 0.0041 0.0444 0.4781 1.0000 1.0000 0.0006 0.0061 0.0667 0.7307 1.0000 0.0001 0.0008 0.0036 0.0008 0.0001 1.0000 0.7307 0.0667 0.0061 0.0006 1.0000 1.0000 0.4781 0.0444 0.0041 0.0004 1.0000 1.0000 0.3454 0.0325 0.0031 0.0003 1.0000 1.0000 0.2646 0.0250 0.0024 0.0002 1.0000 1.0000 0.2051 0.0194 0.0018 0.0002 1.0000 1.0000 0.1593 0.0151 0.0014 0.0001 1.0000 1.0000 0.1249 0.0118 0.0011 0.0001 1.0000 1.0000 0.0979 0.0093 0.0009 0.0001 1.0000
0.0001 0.0009 0.0091 0.0964 1.0000 1.0000 0.0001 0.0011 0.0117 0.1230 1.0000 1.0000 0.0001 0.0014 0.0149 0.1569 1.0000 1.0000 0.0002 0.0018 0.0191 0.2016 1.0000 1.0000 0.0002 0.0023 0.0246 0.2602 1.0000 1.0000 0.0003 0.0030 0.0318 0.3369 1.0000 1.0000 0.0004 0.0040 0.0426 0.4568 1.0000 1.0000 0.0005 0.0057 0.0619 0.6746 1.0000 0.0001 0.0008 0.0081 0.0355 0.0081 0.0008 0.0001 1.0000 0.6746 0.0619 0.0057 0.0005 1.0000 1.0000 0.4568 0.0426 0.0040 0.0004 1.0000 1.0000 0.3369 0.0318 0.0030 0.0003 1.0000 1.0000 0.2602 0.0246 0.0023 0.0002 1.0000 1.0000 0.2016 0.0191 0.0018 0.0002 1.0000 1.0000 0.1569 0.0149 0.0014 0.0001 1.0000 1.0000 0.1230 0.0117 0.0011 0.0001 1.0000 1.0000 0.0964 0.0091 0.0009 0.0001
0.0003 0.0039 0.0408 0.4306 1.0000 1.0000 0.0005 0.0049 0.0521 0.5493 1.0000 1.0000 0.0006 0.0063 0.0664 0.7007 1.0000 1.0000 0.0008 0.0081 0.0852 0.9007 1.0000 0.0001 0.0010 0.0104 0.1099 1.0000 1.0000 0.0001 0.0013 0.0134 0.1421 1.0000 1.0000 0.0002 0.0017 0.0177 0.1894 1.0000 1.0000 0.0002 0.0023 0.0252 0.2733 1.0000 1.0000 0.0003 0.0036 0.0355 0.1493 0.0355 0.0036 0.0003 1.0000 1.0000 0.2733 0.0252 0.0023 0.0002 1.0000 1.0000 0.1894 0.0177 0.0017 0.0002 1.0000 1.0000 0.1421 0.0134 0.0013 0.0001 1.0000 1.0000 0.1099 0.0104 0.0010 0.0001 1.0000 0.9007 0.0852 0.0081 0.0008 1.0000 1.0000 0.7007 0.0664 0.0063 0.0006 1.0000 1.0000 0.5493 0.0521 0.0049 0.0005 1.0000 1.0000 0.4306 0.0408 0.0039 0.0003
0.0001 0.0009 0.0091 0.0964 1.0000 1.0000 0.0001 0.0011 0.0117 0.1230 1.0000 1.0000 0.0001 0.0014 0.0149 0.1569 1.0000 1.0000 0.0002 0.0018 0.0191 0.2016 1.0000 1.0000 0.0002 0.0023 0.0246 0.2602 1.0000 1.0000 0.0003 0.0030 0.0318 0.3369 1.0000 1.0000 0.0004 0.0040 0.0426 0.4568 1.0000 1.0000 0.0005 0.0057 0.0619 0.6746 1.0000 0.0001 0.0008 0.0081 0.0355 0.0081 0.0008 0.0001 1.0000 0.6746 0.0619 0.0057 0.0005 1.0000 1.0000 0.4568 0.0426 0.0040 0.0004 1.0000 1.0000 0.3369 0.0318 0.0030 0.0003 1.0000 1.0000 0.2602 0.0246 0.0023 0.0002 1.0000 1.0000 0.2016 0.0191 0.0018 0.0002 1.0000 1.0000 0.1569 0.0149 0.0014 0.0001 1.0000 1.0000 0.1230 0.0117 0.0011 0.0001 1.0000 1.0000 0.0964 0.0091 0.0009 0.0001
1.0000 0.0001 0.0009 0.0093 0.0979 1.0000 1.0000 0.0001 0.0011 0.0118 0.1249 1.0000 1.0000 0.0001 0.0014 0.0151 0.1593 1.0000 1.0000 0.0002 0.0018 0.0194 0.2051 1.0000 1.0000 0.0002 0.0024 0.0250 0.2646 1.0000 1.0000 0.0003 0.0031 0.0325 0.3454 1.0000 1.0000 0.0004 0.0041 0.0444 0.4781 1.0000 1.0000 0.0006 0.0061 0.0667 0.7307 1.0000 0.0001 0.0008 0.0036 0.0008 0.0001 1.0000 0.7307 0.0667 0.0061 0.0006 1.0000 1.0000 0.4781 0.0444 0.0041 0.0004 1.0000 1.0000 0.3454 0.0325 0.0031 0.0003 1.0000 1.0000 0.2646 0.0250 0.0024 0.0002 1.0000 1.0000 0.2051 0.0194 0.0018 0.0002 1.0000 1.0000 0.1593 0.0151 0.0014 0.0001 1.0000 1.0000 0.1249 0.0118 0.0011 0.0001 1.0000 1.0000 0.0979 0.0093 0.0009 0.0001 1.0000
0.6928 1.0000 0.0001 0.0008 0.0086 0.0911 0.9608 1.0000 0.0001 0.0010 0.0110 0.1162 1.0000 1.0000 0.0001 0.0013 0.0141 0.1484 1.0000 1.0000 0.0002 0.0017 0.0181 0.1912 1.0000 1.0000 0.0002 0.0022 0.0233 0.2471 1.0000 1.0000 0.0003 0.0029 0.0306 0.3262 1.0000 1.0000 0.0004 0.0040 0.0429 0.4638 1.0000 1.0000 0.0006 0.0061 0.0668 0.7348 1.0000 0.0001 0.0003 0.0001 1.0000 0.7348 0.0668 0.0061 0.0006 1.0000 1.0000 0.4638 0.0429 0.0040 0.0004 1.0000 1.0000 0.3262 0.0306 0.0029 0.0003 1.0000 1.0000 0.2471 0.0233 0.0022 0.0002 1.0000 1.0000 0.1912 0.0181 0.0017 0.0002 1.0000 1.0000 0.1484 0.0141 0.0013 0.0001 1.0000 1.0000 0.1162 0.0110 0.0010 0.0001 1.0000 0.9608 0.0911 0.0086 0.0008 0.0001 1.0000 0.6928
0.0602 0.6901 1.0000 0.0001 0.0007 0.0079 0.0834 0.8804 1.0000 0.0001 0.0010 0.0101 0.1064 1.0000 1.0000 0.0001 0.0012 0.0129 0.1363 1.0000 1.0000 0.0001 0.0016 0.0166 0.1755 1.0000 1.0000 0.0002 0.0020 0.0215 0.2273 1.0000 1.0000 0.0003 0.0027 0.0285 0.3058 1.0000 1.0000 0.0004 0.0038 0.0412 0.4482 1.0000 1.0000 0.0005 0.0060 0.0668 0.7307 1.0000 1.0000 1.0000 0.7307 0.0668 0.0060 0.0005 1.0000 1.0000 0.4482 0.0412 0.0038 0.0004 1.0000 1.0000 0.3058 0.0285 0.0027 0.0003 1.0000 1.0000 0.2273 0.0215 0.0020 0.0002 1.0000 1.0000 0.1755 0.0166 0.0016 0.0001 1.0000 1.0000 0.1363 0.0129 0.0012 0.0001 1.0000 1.0000 0.1064 0.0101 0.0010 0.0001 1.0000 0.8804 0.0834 0.0079 0.0007 0.0001 1.0000 0.6901 0.0602
0.0052 0.0597 0.6299 1.0000 1.0000 0.0007 0.0072 0.0762 0.8036 1.0000 0.0001 0.0009 0.0092 0.0971 1.0000 1.0000 0.0001 0.0011 0.0118 0.1246 1.0000 1.0000 0.0001 0.0014 0.0152 0.1608 1.0000 1.0000 0.0002 0.0019 0.0197 0.2090 1.0000 1.0000 0.0002 0.0025 0.0268 0.2877 1.0000 1.0000 0.0003 0.0037 0.0400 0.4389 1.0000 1.0000 0.0005 0.0061 0.0667 0.6746 1.0000 0.6746 0.0667 0.0061 0.0005 1.0000 1.0000 0.4389 0.0400 0.0037 0.0003 1.0000 1.0000 0.2877 0.0268 0.0025 0.0002 1.0000 1.0000 0.2090 0.0197 0.0019 0.0002 1.0000 1.0000 0.1608 0.0152 0.0014 0.0001 1.0000 1.0000 0.1246 0.0118 0.0011 0.0001 1.0000 1.0000 0.0971 0.0092 0.0009 0.0001 1.0000 0.8036 0.0762 0.0072 0.0007 1.0000 1.0000 0.6299 0.0597 0.0052
