-29.4569 -48.7726 -6.3314 -37.3709 0.5363 -24.4525 -45.1366 28.2954 -31.6720 -47.6269 -13.8410 -38.7775 7.7955 -25.7662 -46.6169 31.9206 -33.1686 -43.5030 -17.8118 -40.2507 13.0080 -27.1166 -47.8856 30.0978 -34.6145 -33.6614 -20.5206 -41.7776 17.7751 -28.5139 -48.7065 15.2330 -35.9055 -16.1223 -22.5996 -43.3421 22.6240 -29.9613 -48.7898 -4.4854 -37.1509 -0.9783 -24.2416 -44.9038 27.5801 -31.4454 -47.9442 -13.0342 -38.5605 6.8947 -25.5658 -46.4024 31.5794 -33.9219 -15.4098 -33.0541 27.5937 -44.9037 -24.2416 -0.9783 -37.1509 -4.4854 -48.7898 -29.9613 22.6240 -43.3421 -22.5996 -16.1223 -35.9055 15.2330 -48.7065 -28.5139 17.7751 -41.7776 -20.5206 -33.6614 -34.6145 30.0978 -47.8856 -27.1166 13.0080 -40.2507 -17.8118 -43.5030 -33.1686 31.9206 -46.6169 -25.7662 7.7955 -38.7775 -13.8410 -47.6269 -31.6720 28.2954 -45.1366 -24.4525 0.5363 -37.3709 -6.3314 -48.7726 -29.4569
-48.7726 -1.1007 -36.7634 2.3452 -25.9782 -45.3348 28.9949 -32.4613 -46.8650 -13.2533 -38.3998 8.7951 -27.1499 -46.8922 33.6312 -33.7595 -41.5256 -18.4008 -40.0402 13.6456 -28.3634 -48.1822 34.4668 -34.9363 -29.6900 -21.7230 -41.7180 18.2371 -29.6291 -48.9315 24.0218 -35.8425 -11.4441 -24.1248 -43.4190 23.0562 -30.9371 -48.7114 0.4826 -36.5826 1.2200 -25.8041 -45.0937 28.2182 -32.2641 -47.3055 -12.1588 -38.1566 7.9822 -26.9715 -46.6696 33.0541 -33.6081 -41.8286 -25.3035 -46.4859 -32.3559 28.2181 -45.0937 -25.8041 1.2200 -36.5826 0.4826 -48.7114 -30.9371 23.0562 -43.4190 -24.1248 -11.4441 -35.8425 24.0218 -48.9315 -29.6291 18.2371 -41.7180 -21.7230 -29.6900 -34.9363 34.4668 -48.1822 -28.3634 13.6456 -40.0402 -18.4008 -41.5256 -33.7595 33.6312 -46.8922 -27.1499 8.7951 -38.3998 -13.2533 -46.8650 -32.4613 28.9949 -45.3348 -25.9782 2.3452 -36.7634 -1.1007 -48.7726
-6.3314 -36.7634 2.7946 -26.0679 -45.5273 29.6699 -32.7463 -46.3744 -14.1978 -38.6377 9.5598 -27.3256 -47.1036 34.1295 -34.0953 -40.2540 -18.9766 -40.2862 14.3308 -28.5665 -48.3376 33.8833 -35.3037 -27.2066 -22.1272 -41.9714 18.9268 -29.8632 -48.9696 20.9853 -36.2260 -8.9768 -24.4163 -43.6696 23.8083 -31.2005 -48.6344 -2.2822 -36.8145 2.4587 -25.9713 -45.3376 28.9950 -32.5628 -46.8713 -13.2236 -38.3966 8.7773 -27.1435 -46.8869 33.6284 -33.8993 -41.5507 -18.9156 -42.6821 -14.8614 -46.8761 -32.5628 28.9950 -45.3376 -25.9713 2.4587 -36.8145 -2.2822 -48.6344 -31.2005 23.8083 -43.6696 -24.4163 -8.9768 -36.2260 20.9853 -48.9696 -29.8632 18.9268 -41.9714 -22.1272 -27.2066 -35.3037 33.8833 -48.3376 -28.5665 14.3308 -40.2862 -18.9766 -40.2540 -34.0953 34.1295 -47.1036 -27.3256 9.5598 -38.6377 -14.1978 -46.3744 -32.7463 29.6699 -45.5273 -26.0679 2.7946 -36.7634 -6.3314
-37.3709 2.3452 -26.0679 -45.6037 30.0941 -32.8845 -45.8925 -14.9890 -38.8663 10.2791 -27.5023 -47.3084 34.5240 -34.2817 -38.8449 -19.5185 -40.5350 15.0058 -28.7557 -48.4786 33.0047 -35.4625 -24.5654 -22.5157 -42.2244 19.6308 -30.0591 -48.9811 17.5393 -36.3262 -6.7067 -24.6941 -43.9216 24.5615 -31.4022 -48.5196 -4.6688 -37.0462 3.5897 -26.1431 -45.5762 29.7627 -32.7638 -46.3605 -14.1955 -38.6374 9.5504 -27.3233 -47.1009 34.1182 -34.0936 -40.2750 -18.9682 -40.4245 24.1910 -39.0063 -14.1894 -46.3604 -32.7638 29.7627 -45.5762 -26.1431 3.5897 -37.0462 -4.6688 -48.5196 -31.4022 24.5615 -43.9216 -24.6941 -6.7067 -36.3262 17.5393 -48.9811 -30.0591 19.6308 -42.2244 -22.5157 -24.5654 -35.4625 33.0047 -48.4786 -28.7557 15.0058 -40.5350 -19.5185 -38.8449 -34.2817 34.5240 -47.3084 -27.5023 10.2791 -38.8663 -14.9890 -45.8925 -32.8845 30.0941 -45.6037 -26.0679 2.3452 -37.3709
0.5363 -25.9782 -45.5273 30.0941 -32.9370 -45.5736 -15.5338 -39.0564 10.9118 -27.6657 -47.4989 34.8025 -34.4610 -37.2944 -20.0186 -40.7820 15.6783 -28.9459 -48.6077 31.8221 -35.6158 -21.8266 -22.8867 -42.4777 20.3415 -30.2561 -48.9636 13.8070 -36.4085 -4.6576 -24.9565 -44.1725 25.3291 -31.6049 -48.3601 -6.6875 -37.2799 4.6339 -26.3153 -45.8145 30.5091 -32.9642 -45.7708 -15.0797 -38.8769 10.2996 -27.5043 -47.3085 34.5209 -34.2824 -38.8482 -19.5100 -40.5280 15.4073 -33.2527 11.4153 -38.8736 -15.0798 -45.7708 -32.9642 30.5091 -45.8145 -26.3153 4.6339 -37.2799 -6.6875 -48.3601 -31.6049 25.3291 -44.1725 -24.9565 -4.6576 -36.4085 13.8070 -48.9636 -30.2561 20.3415 -42.4777 -22.8867 -21.8266 -35.6158 31.8221 -48.6077 -28.9459 15.6783 -40.7820 -20.0186 -37.2944 -34.4610 34.8025 -47.4989 -27.6657 10.9118 -39.0564 -15.5338 -45.5736 -32.9370 30.0941 -45.5273 -25.9782 0.5363
-24.4525 -45.3348 29.6699 -32.8845 -45.5736 -15.7305 -39.1669 11.3578 -27.7998 -47.6597 34.9504 -34.6296 -35.6242 -20.4867 -41.0233 16.3425 -29.1330 -48.7195 30.2989 -35.7632 -18.9832 -23.2376 -42.7315 21.0598 -30.4558 -48.9163 10.0053 -36.4770 -2.8431 -25.2037 -44.4198 26.1025 -31.8077 -48.1527 -8.4419 -37.5122 5.6086 -26.4878 -46.0501 31.2413 -33.1660 -45.0825 -15.8807 -39.1204 11.0221 -27.6870 -47.5093 34.8108 -34.4683 -37.2715 -20.0240 -40.7795 15.6659 -29.6886 -48.3064 -28.8778 11.0064 -39.1204 -15.8807 -45.0825 -33.1660 31.2413 -46.0501 -26.4878 5.6086 -37.5122 -8.4419 -48.1527 -31.8077 26.1025 -44.4198 -25.2037 -2.8431 -36.4770 10.0053 -48.9163 -30.4558 21.0598 -42.7315 -23.2376 -18.9832 -35.7632 30.2989 -48.7195 -29.1330 16.3425 -41.0233 -20.4867 -35.6242 -34.6296 34.9504 -47.6597 -27.7998 11.3578 -39.1669 -15.7305 -45.5736 -32.8845 29.6699 -45.3348 -24.4525
-45.1366 28.9949 -32.7463 -45.8925 -15.5338 -39.1669 11.5158 -27.8774 -47.7717 34.9811 -34.7715 -33.9519 -20.9086 -41.2583 16.9911 -29.3185 -48.8116 28.4300 -35.8982 -16.1776 -23.5712 -42.9823 21.7878 -30.6544 -48.8329 6.2539 -36.5318 -1.2057 -25.4335 -44.6686 26.8722 -32.0117 -47.8925 -9.9592 -37.7479 6.5139 -26.6621 -46.2797 31.9463 -33.3638 -44.2920 -16.6254 -39.3648 11.7379 -27.8695 -47.7025 34.9650 -34.6542 -35.5021 -20.5066 -41.0304 16.3527 -29.1556 -48.4584 -8.6998 -47.5148 -27.9140 11.7381 -39.3648 -16.6254 -44.2920 -33.3638 31.9463 -46.2797 -26.6621 6.5139 -37.7479 -9.9592 -47.8925 -32.0117 26.8722 -44.6686 -25.4335 -1.2057 -36.5318 6.2539 -48.8329 -30.6544 21.7878 -42.9823 -23.5712 -16.1776 -35.8982 28.4300 -48.8116 -29.3185 16.9911 -41.2583 -20.9086 -33.9519 -34.7715 34.9811 -47.7717 -27.8774 11.5158 -39.1669 -15.5338 -45.8925 -32.7463 28.9949 -45.1366
28.2954 -32.4613 -46.3744 -14.9890 -39.0564 11.3578 -27.8774 -47.8126 34.9585 -34.8690 -32.5484 -21.2513 -41.4697 17.6038 -29.4970 -48.8850 26.2020 -36.0226 -13.5118 -23.8847 -43.2288 22.5061 -30.8509 -48.7547 2.7747 -36.5626 0.2614 -25.6466 -44.9156 27.6529 -32.2132 -47.5730 -11.2859 -37.9857 7.3789 -26.8382 -46.5075 32.6060 -33.5610 -43.3986 -17.3151 -39.6101 12.4412 -28.0536 -47.8846 34.9582 -34.8330 -33.5391 -20.9688 -41.2819 17.0374 -29.3273 -48.7989 27.4623 -38.0111 34.9230 -47.8588 -28.0528 12.4412 -39.6101 -17.3151 -43.3986 -33.5610 32.6060 -46.5075 -26.8382 7.3789 -37.9857 -11.2859 -47.5730 -32.2132 27.6529 -44.9156 -25.6466 0.2614 -36.5626 2.7747 -48.7547 -30.8509 22.5061 -43.2288 -23.8847 -13.5118 -36.0226 26.2020 -48.8850 -29.4970 17.6038 -41.4697 -21.2513 -32.5484 -34.8690 34.9585 -47.8126 -27.8774 11.3578 -39.0564 -14.9890 -46.3744 -32.4613 28.2954
-31.6720 -46.8650 -14.1978 -38.8663 10.9118 -27.7998 -47.7717 34.9585 -34.9038 -31.7092 -21.4818 -41.6354 18.1240 -29.6556 -48.9370 23.7003 -36.1351 -10.9767 -24.1800 -43.4717 23.2212 -31.0458 -48.6961 -0.2413 -36.6612 1.5530 -25.8388 -45.1579 28.4319 -32.4147 -47.1936 -12.4617 -38.2223 8.2059 -27.0143 -46.7305 33.2214 -33.7577 -42.3714 -17.9513 -39.8571 13.1351 -28.2403 -48.0594 34.7659 -35.0078 -31.4053 -21.4102 -41.5312 17.7251 -29.5217 -48.8894 26.0908 -36.3345 7.6095 -35.8073 34.7918 -48.0599 -28.2403 13.1351 -39.8571 -17.9513 -42.3714 -33.7577 33.2214 -46.7305 -27.0143 8.2059 -38.2223 -12.4617 -47.1936 -32.4147 28.4319 -45.1579 -25.8388 1.5530 -36.6612 -0.2413 -48.6961 -31.0458 23.2212 -43.4717 -24.1800 -10.9767 -36.1351 23.7003 -48.9370 -29.6556 18.1240 -41.6354 -21.4818 -31.7092 -34.9038 34.9585 -47.7717 -27.7998 10.9118 -38.8663 -14.1978 -46.8650 -31.6720
-47.6269 -13.2533 -38.6377 10.2791 -27.6657 -47.6597 34.9811 -34.8690 -31.7092 -21.5634 -41.7287 18.4780 -29.7770 -48.9679 21.2424 -36.2294 -8.7483 -24.4527 -43.7106 23.9442 -31.2396 -48.6143 -2.8250 -36.8621 2.7140 -26.0108 -45.3948 29.1864 -32.6142 -46.7455 -13.5005 -38.4624 8.9919 -27.1926 -46.9461 33.7722 -33.9522 -41.2094 -18.5538 -40.1022 13.8240 -28.4269 -48.2237 34.3524 -35.1804 -29.0603 -21.8279 -41.7840 18.4102 -29.7177 -48.9441 23.2995 -36.1669 -9.3622 -29.5120 -25.2240 -35.2504 34.3519 -48.2237 -28.4269 13.8240 -40.1022 -18.5538 -41.2094 -33.9522 33.7722 -46.9461 -27.1926 8.9919 -38.4624 -13.5005 -46.7455 -32.6142 29.1864 -45.3948 -26.0108 2.7140 -36.8621 -2.8250 -48.6143 -31.2396 23.9442 -43.7106 -24.4527 -8.7483 -36.2294 21.2424 -48.9679 -29.7770 18.4780 -41.7287 -21.5634 -31.7092 -34.8690 34.9811 -47.6597 -27.6657 10.2791 -38.6377 -13.2533 -47.6269
-13.8410 -38.3998 9.5598 -27.5023 -47.4989 34.9504 -34.7715 -32.5484 -21.4818 -41.7287 18.6037 -29.8432 -48.9811 19.2179 -36.2993 -6.9688 -24.6890 -43.9352 24.6438 -31.4311 -48.4954 -5.0477 -37.0850 3.7825 -26.1755 -45.6258 29.9210 -32.8086 -46.2283 -14.4235 -38.7002 9.7478 -27.3716 -47.1584 34.2380 -34.1447 -39.9005 -19.1200 -40.3504 14.5008 -28.6150 -48.3742 33.6837 -35.3439 -26.5369 -22.2298 -42.0369 19.1092 -29.9129 -48.9751 20.1264 -36.2548 -8.3788 -24.9757 -46.4414 -23.1908 -26.5935 -35.3426 33.6837 -48.3742 -28.6150 14.5008 -40.3504 -19.1200 -39.9005 -34.1447 34.2380 -47.1584 -27.3716 9.7478 -38.7002 -14.4235 -46.2283 -32.8086 29.9210 -45.6258 -26.1755 3.7825 -37.0850 -5.0477 -48.4954 -31.4311 24.6438 -43.9352 -24.6890 -6.9688 -36.2993 19.2179 -48.9811 -29.8432 18.6037 -41.7287 -21.4818 -32.5484 -34.7715 34.9504 -47.4989 -27.5023 9.5598 -38.3998 -13.8410
-38.7775 8.7951 -27.3256 -47.3084 34.8025 -34.6296 -33.9519 -21.2513 -41.6354 18.4780 -29.8432 -48.9841 18.0664 -36.3423 -5.7183 -24.8720 -44.1283 25.2758 -31.6080 -48.3434 -6.9331 -37.3093 4.7738 -26.3409 -45.8543 30.6415 -33.0021 -45.6382 -15.2536 -38.9329 10.4711 -27.5481 -47.3612 34.6066 -34.3287 -38.4497 -19.6481 -40.6001 15.1816 -28.8053 -48.5133 32.7369 -35.5022 -23.8870 -22.6136 -42.2900 19.8143 -30.1092 -48.9788 16.5882 -36.3474 -6.1513 -24.7718 -44.0408 34.8017 -42.5483 -22.6252 -23.8866 -35.5022 32.7369 -48.5133 -28.8053 15.1816 -40.6001 -19.6481 -38.4497 -34.3287 34.6066 -47.3612 -27.5481 10.4711 -38.9329 -15.2536 -45.6382 -33.0021 30.6415 -45.8543 -26.3409 4.7738 -37.3093 -6.9331 -48.3434 -31.6080 25.2758 -44.1283 -24.8720 -5.7183 -36.3423 18.0664 -48.9841 -29.8432 18.4780 -41.6354 -21.2513 -33.9519 -34.6296 34.8025 -47.3084 -27.3256 8.7951 -38.7775
7.7955 -27.1499 -47.1036 34.5240 -34.4610 -35.6242 -20.9086 -41.4697 18.1240 -29.7770 -48.9811 18.0664 -36.3570 -5.0819 -24.9888 -44.2727 25.7946 -31.7574 -48.1753 -8.4370 -37.5249 5.6879 -26.5066 -46.0797 31.3416 -33.1947 -44.9604 -16.0165 -39.1667 11.1688 -27.7235 -47.5522 34.8578 -34.5068 -36.8747 -20.1413 -40.8444 15.8544 -28.9942 -48.6384 31.4557 -35.6544 -21.0918 -22.9767 -42.5438 20.5266 -30.3083 -48.9552 12.8542 -36.4274 -4.1794 -25.0222 -44.2322 26.0053 -35.4721 21.6340 -42.5375 -22.9763 -21.0918 -35.6544 31.4557 -48.6384 -28.9942 15.8544 -40.8444 -20.1413 -36.8747 -34.5068 34.8578 -47.5522 -27.7235 11.1688 -39.1667 -16.0165 -44.9604 -33.1947 31.3416 -46.0797 -26.5066 5.6879 -37.5249 -8.4370 -48.1753 -31.7574 25.7946 -44.2727 -24.9888 -5.0819 -36.3570 18.0664 -48.9811 -29.7770 18.1240 -41.4697 -20.9086 -35.6242 -34.4610 34.5240 -47.1036 -27.1499 7.7955
-25.7662 -46.8922 34.1295 -34.2817 -37.2944 -20.4867 -41.2583 17.6038 -29.6556 -48.9679 19.2179 -36.3423 -5.0819 -25.0301 -44.3516 26.1452 -31.8699 -48.0165 -9.5654 -37.7158 6.4768 -26.6641 -46.2957 32.0044 -33.3863 -44.1864 -16.7223 -39.4016 11.8531 -27.9001 -47.7359 34.9758 -34.6829 -35.1357 -20.6036 -41.0853 16.5111 -29.1806 -48.7449 29.8381 -35.7975 -18.2429 -23.3265 -42.7947 21.2485 -30.5064 -48.8981 9.0189 -36.4947 -2.3998 -25.2643 -44.4846 26.2931 -32.7238 -36.3308 -31.8998 21.2352 -42.7947 -23.3265 -18.2429 -35.7975 29.8381 -48.7449 -29.1806 16.5111 -41.0853 -20.6036 -35.1357 -34.6829 34.9758 -47.7359 -27.9001 11.8531 -39.4016 -16.7223 -44.1864 -33.3863 32.0044 -46.2957 -26.6641 6.4768 -37.7158 -9.5654 -48.0165 -31.8699 26.1452 -44.3516 -25.0301 -5.0819 -36.3423 19.2179 -48.9679 -29.6556 17.6038 -41.2583 -20.4867 -37.2944 -34.2817 34.1295 -46.8922 -25.7662
-46.6169 33.6312 -34.0953 -38.8449 -20.0186 -41.0233 16.9911 -29.4970 -48.9370 21.2424 -36.2993 -5.7183 -24.9888 -44.3516 26.2730 -31.9323 -47.8962 -10.3400 -37.8659 7.1022 -26.8020 -46.4896 32.5962 -33.5686 -43.3204 -17.3789 -39.6375 12.5270 -28.0780 -47.9114 34.9409 -34.8554 -33.2217 -21.0442 -41.3269 17.1686 -29.3664 -48.8325 27.8942 -35.9311 -15.4822 -23.6558 -43.0448 21.9705 -30.7052 -48.8080 5.3129 -36.5398 -0.8102 -25.4904 -44.7328 27.0750 -32.0903 -47.6290 -21.4981 -48.7103 -30.7707 21.9705 -43.0448 -23.6558 -15.4822 -35.9311 27.8942 -48.8325 -29.3664 17.1686 -41.3269 -21.0442 -33.2217 -34.8554 34.9409 -47.9114 -28.0780 12.5270 -39.6375 -17.3789 -43.3204 -33.5686 32.5962 -46.4896 -26.8020 7.1022 -37.8659 -10.3400 -47.8962 -31.9323 26.2730 -44.3516 -24.9888 -5.7183 -36.2993 21.2424 -48.9370 -29.4970 16.9911 -41.0233 -20.0186 -38.8449 -34.0953 33.6312 -46.6169
31.9206 -33.7595 -40.2540 -19.5185 -40.7820 16.3425 -29.3185 -48.8850 23.7003 -36.2294 -6.9688 -24.8720 -44.2727 26.1452 -31.9323 -47.8488 -10.7409 -37.9637 7.5460 -26.9115 -46.6468 33.0827 -33.7318 -42.4173 -17.9673 -39.8710 13.1930 -28.2570 -48.0780 34.7273 -35.0238 -31.1294 -21.4647 -41.5690 17.8296 -29.5532 -48.9018 25.5656 -36.0531 -12.8454 -23.9620 -43.2913 22.6892 -30.9022 -48.7353 1.9657 -36.5714 0.6011 -25.6986 -44.9793 27.8551 -32.2644 -47.4856 -12.2804 -40.3536 -2.0246 -48.7358 -30.9009 22.6892 -43.2913 -23.9620 -12.8454 -36.0531 25.5656 -48.9018 -29.5532 17.8296 -41.5690 -21.4647 -31.1294 -35.0238 34.7273 -48.0780 -28.2570 13.1930 -39.8710 -17.9673 -42.4173 -33.7318 33.0827 -46.6468 -26.9115 7.5460 -37.9637 -10.7409 -47.8488 -31.9323 26.1452 -44.2727 -24.8720 -6.9688 -36.2294 23.7003 -48.8850 -29.3185 16.3425 -40.7820 -19.5185 -40.2540 -33.7595 31.9206
-33.1686 -41.5256 -18.9766 -40.5350 15.6783 -29.1330 -48.8116 26.2020 -36.1351 -8.7483 -24.6890 -44.1283 25.7946 -31.8699 -47.8962 -10.7409 -37.9992 7.7842 -26.9837 -46.7597 33.4407 -33.8661 -41.5418 -18.4648 -40.0883 13.8251 -28.4337 -48.2352 34.3074 -35.1875 -28.8612 -21.8665 -41.8115 18.4952 -29.7411 -48.9510 22.8439 -36.1654 -10.3525 -24.2536 -43.5340 23.4063 -31.0956 -48.6784 -0.9423 -36.6973 1.8613 -25.8844 -45.2210 28.6240 -32.4669 -47.0834 -12.7282 -38.4357 18.1319 -37.0672 -0.8605 -48.6784 -31.0956 23.4063 -43.5340 -24.2536 -10.3525 -36.1654 22.8439 -48.9510 -29.7411 18.4952 -41.8115 -21.8665 -28.8612 -35.1875 34.3074 -48.2352 -28.4337 13.8251 -40.0883 -18.4648 -41.5418 -33.8661 33.4407 -46.7597 -26.9837 7.7842 -37.9992 -10.7409 -47.8962 -31.8699 25.7946 -44.1283 -24.6890 -8.7483 -36.1351 26.2020 -48.8116 -29.1330 15.6783 -40.5350 -18.9766 -41.5256 -33.1686
-43.5030 -18.4008 -40.2862 15.0058 -28.9459 -48.7195 28.4300 -36.0226 -10.9767 -24.4527 -43.9352 25.2758 -31.7574 -48.0165 -10.3400 -37.9637 7.7842 -27.0095 -46.8230 33.6577 -33.9632 -40.7943 -18.8603 -40.2757 14.3788 -28.5959 -48.3735 33.6733 -35.3443 -26.4281 -22.2509 -42.0544 19.1664 -29.9299 -48.9780 19.7460 -36.2670 -8.0459 -24.5306 -43.7763 24.1314 -31.2895 -48.5874 -3.4292 -36.9193 2.9970 -26.0534 -45.4544 29.3763 -32.6645 -46.6158 -13.7429 -38.5240 9.6434 -32.0515 4.6289 -36.9204 -3.4292 -48.5874 -31.2895 24.1314 -43.7763 -24.5306 -8.0459 -36.2670 19.7460 -48.9780 -29.9299 19.1664 -42.0544 -22.2509 -26.4281 -35.3443 33.6733 -48.3735 -28.5959 14.3788 -40.2757 -18.8603 -40.7943 -33.9632 33.6577 -46.8230 -27.0095 7.7842 -37.9637 -10.3400 -48.0165 -31.7574 25.2758 -43.9352 -24.4527 -10.9767 -36.0226 28.4300 -48.7195 -28.9459 15.0058 -40.2862 -18.4008 -43.5030
-17.8118 -40.0402 14.3308 -28.7557 -48.6077 30.2989 -35.8982 -13.5118 -24.1800 -43.7106 24.6438 -31.6080 -48.1753 -9.5654 -37.8659 7.5460 -26.9837 -46.8230 33.7299 -34.0160 -40.2879 -19.1352 -40.4226 14.8373 -28.7354 -48.4857 32.8740 -35.4893 -23.9289 -22.6136 -42.2976 19.8439 -30.1196 -48.9803 16.3273 -36.3566 -5.9462 -24.7931 -44.0178 24.8639 -31.4839 -48.4584 -5.5667 -37.1426 4.0442 -26.2180 -45.6848 30.1079 -32.8584 -46.0845 -14.6440 -38.7599 9.9373 -28.0547 -48.8020 -27.2540 4.0355 -37.1426 -5.5667 -48.4584 -31.4839 24.8639 -44.0178 -24.7931 -5.9462 -36.3566 16.3273 -48.9803 -30.1196 19.8439 -42.2976 -22.6136 -23.9289 -35.4893 32.8740 -48.4857 -28.7354 14.8373 -40.4226 -19.1352 -40.2879 -34.0160 33.7299 -46.8230 -26.9837 7.5460 -37.8659 -9.5654 -48.1753 -31.6080 24.6438 -43.7106 -24.1800 -13.5118 -35.8982 30.2989 -48.6077 -28.7557 14.3308 -40.0402 -17.8118
-40.2507 13.6456 -28.5665 -48.4786 31.8221 -35.7632 -16.1776 -23.8847 -43.4717 23.9442 -31.4311 -48.3434 -8.4370 -37.7158 7.1022 -26.9115 -46.7597 33.6577 -34.0160 -40.0999 -19.2771 -40.5150 15.1644 -28.8441 -48.5718 32.0062 -35.6141 -21.5610 -22.9408 -42.5305 20.5186 -30.3101 -48.9555 12.6952 -36.4331 -4.0539 -25.0407 -44.2584 25.6029 -31.6785 -48.2876 -7.4059 -37.3671 5.0179 -26.3837 -45.9125 30.8238 -33.0517 -45.4726 -15.4557 -38.9929 10.6519 -27.6095 -47.2073 16.3974 -45.8517 -26.4199 5.0179 -37.3671 -7.4059 -48.2876 -31.6785 25.6029 -44.2584 -25.0407 -4.0539 -36.4331 12.6952 -48.9555 -30.3101 20.5186 -42.5305 -22.9408 -21.5610 -35.6141 32.0062 -48.5718 -28.8441 15.1644 -40.5150 -19.2771 -40.0999 -34.0160 33.6577 -46.7597 -26.9115 7.1022 -37.7158 -8.4370 -48.3434 -31.4311 23.9442 -43.4717 -23.8847 -16.1776 -35.7632 31.8221 -48.4786 -28.5665 13.6456 -40.2507
13.0080 -28.3634 -48.3376 33.0047 -35.6158 -18.9832 -23.5712 -43.2288 23.2212 -31.2396 -48.4954 -6.9331 -37.5249 6.4768 -26.8020 -46.6468 33.4407 -33.9632 -40.2879 -19.2771 -40.5458 15.3326 -28.9123 -48.6293 31.2102 -35.7084 -19.4961 -23.2215 -42.7421 21.1509 -30.4933 -48.9016 9.0090 -36.4952 -2.3555 -25.2732 -44.4980 26.3472 -31.8734 -48.0707 -8.9988 -37.5929 5.9304 -26.5507 -46.1372 31.5175 -33.2441 -44.7709 -16.2031 -39.2270 11.3459 -27.7688 -47.5925 35.1324 -37.2153 32.6837 -46.1247 -26.5507 5.9304 -37.5929 -8.9988 -48.0707 -31.8734 26.3472 -44.4980 -25.2732 -2.3555 -36.4952 9.0090 -48.9016 -30.4933 21.1509 -42.7421 -23.2215 -19.4961 -35.7084 31.2102 -48.6293 -28.9123 15.3326 -40.5458 -19.2771 -40.2879 -33.9632 33.4407 -46.6468 -26.8020 6.4768 -37.5249 -6.9331 -48.4954 -31.2396 23.2212 -43.2288 -23.5712 -18.9832 -35.6158 33.0047 -48.3376 -28.3634 13.0080
-27.1166 -48.1822 33.8833 -35.4625 -21.8266 -23.2376 -42.9823 22.5061 -31.0458 -48.6143 -5.0477 -37.3093 5.6879 -26.6641 -46.4896 33.0827 -33.8661 -40.7943 -19.1352 -40.5150 15.3326 -28.9359 -48.6587 30.6449 -35.7724 -17.9183 -23.4421 -42.9258 21.7179 -30.6566 -48.8246 5.5981 -36.5407 -0.8301 -25.4900 -44.7363 27.0950 -32.0684 -47.8034 -10.3908 -37.8200 6.7920 -26.7189 -46.3583 32.1810 -33.4354 -43.9707 -16.8956 -39.4622 12.0273 -27.9457 -47.7818 34.9887 -35.4106 -1.6666 -34.6770 32.1822 -46.3583 -26.7189 6.7920 -37.8200 -10.3908 -47.8034 -32.0684 27.0950 -44.7363 -25.4900 -0.8301 -36.5407 5.5981 -48.8246 -30.6566 21.7179 -42.9258 -23.4421 -17.9183 -35.7724 30.6449 -48.6587 -28.9359 15.3326 -40.5150 -19.1352 -40.7943 -33.8661 33.0827 -46.4896 -26.6641 5.6879 -37.3093 -5.0477 -48.6143 -31.0458 22.5061 -42.9823 -23.2376 -21.8266 -35.4625 33.8833 -48.1822 -27.1166
-47.8856 34.4668 -35.3037 -24.5654 -22.8867 -42.7315 21.7878 -30.8509 -48.6961 -2.8250 -37.0850 4.7738 -26.5066 -46.2957 32.5962 -33.7318 -41.5418 -18.8603 -40.4226 15.1644 -28.9123 -48.6587 30.4384 -35.8081 -16.9360 -23.5928 -43.0653 22.1892 -30.7952 -48.7599 2.8029 -36.5682 0.4707 -25.6848 -44.9698 27.8440 -32.2634 -47.4805 -11.6191 -38.0483 7.6113 -26.8884 -46.5756 32.8051 -33.6253 -43.0627 -17.5406 -39.6983 12.6990 -28.1239 -47.9552 34.9041 -34.9289 -31.4029 -27.3378 -41.3724 -33.7051 32.8051 -46.5756 -26.8884 7.6113 -38.0483 -11.6191 -47.4805 -32.2634 27.8440 -44.9698 -25.6848 0.4707 -36.5682 2.8029 -48.7599 -30.7952 22.1892 -43.0653 -23.5928 -16.9360 -35.8081 30.4384 -48.6587 -28.9123 15.1644 -40.4226 -18.8603 -41.5418 -33.7318 32.5962 -46.2957 -26.5066 4.7738 -37.0850 -2.8250 -48.6961 -30.8509 21.7878 -42.7315 -22.8867 -24.5654 -35.3037 34.4668 -47.8856
30.0978 -34.9363 -27.2066 -22.5157 -42.4777 21.0598 -30.6544 -48.7547 -0.2413 -36.8621 3.7825 -26.3409 -46.0797 32.0044 -33.5686 -42.4173 -18.4648 -40.2757 14.8373 -28.8441 -48.6293 30.6449 -35.8081 -16.5913 -23.6696 -43.1528 22.5153 -30.9023 -48.7239 0.6351 -36.6326 1.5187 -25.8488 -45.1884 28.5598 -32.4554 -47.0964 -12.7136 -38.2778 8.3954 -27.0591 -46.7885 33.3790 -33.8137 -42.0367 -18.1443 -39.9354 13.3632 -28.3032 -48.1192 34.6402 -35.0664 -30.5732 -22.0238 -44.3379 -19.2471 -42.0466 -33.8137 33.3790 -46.7885 -27.0591 8.3954 -38.2778 -12.7136 -47.0964 -32.4554 28.5598 -45.1884 -25.8488 1.5187 -36.6326 0.6351 -48.7239 -30.9023 22.5153 -43.1528 -23.6696 -16.5913 -35.8081 30.6449 -48.6293 -28.8441 14.8373 -40.2757 -18.4648 -42.4173 -33.5686 32.0044 -46.0797 -26.3409 3.7825 -36.8621 -0.2413 -48.7547 -30.6544 21.0598 -42.4777 -22.5157 -27.2066 -34.9363 30.0978
-34.6145 -29.6900 -22.1272 -42.2244 20.3415 -30.4558 -48.8329 2.7747 -36.6612 2.7140 -26.1755 -45.8543 31.3416 -33.3863 -43.3204 -17.9673 -40.0883 14.3788 -28.7354 -48.5718 31.2102 -35.7724 -16.9360 -23.6696 -43.1840 22.6899 -30.9700 -48.6985 -0.9182 -36.7511 2.3603 -25.9814 -45.3819 29.2076 -32.6337 -46.6659 -13.6846 -38.5084 9.1503 -27.2310 -46.9965 33.8899 -34.0001 -40.8823 -18.7119 -40.1734 14.0222 -28.4837 -48.2731 34.1625 -35.2288 -28.2506 -21.9722 -41.9877 29.0798 -40.5065 -18.7177 -40.8822 -34.0001 33.8899 -46.9965 -27.2310 9.1503 -38.5084 -13.6846 -46.6659 -32.6337 29.2076 -45.3819 -25.9814 2.3603 -36.7511 -0.9182 -48.6985 -30.9700 22.6899 -43.1840 -23.6696 -16.9360 -35.7724 31.2102 -48.5718 -28.7354 14.3788 -40.0883 -17.9673 -43.3204 -33.3863 31.3416 -45.8543 -26.1755 2.7140 -36.6612 2.7747 -48.8329 -30.4558 20.3415 -42.2244 -22.1272 -29.6900 -34.6145
-33.6614 -21.7230 -41.9714 19.6308 -30.2561 -48.9163 6.2539 -36.5626 1.5530 -26.0108 -45.6258 30.6415 -33.1947 -44.1864 -17.3789 -39.8710 13.8251 -28.5959 -48.4857 32.0062 -35.7084 -17.9183 -23.5928 -43.1528 22.6899 -30.9935 -48.6822 -1.8141 -36.8525 2.9817 -26.0873 -45.5474 29.7752 -32.7907 -46.2218 -14.5052 -38.7303 9.8710 -27.4042 -47.1990 34.3234 -34.1844 -39.5887 -19.2474 -40.4123 14.6780 -28.6654 -48.4157 33.4404 -35.3860 -25.7782 -22.3470 -42.1156 19.7688 -34.1999 15.7264 -40.4108 -19.2474 -39.5887 -34.1844 34.3234 -47.1990 -27.4042 9.8710 -38.7303 -14.5052 -46.2218 -32.7907 29.7752 -45.5474 -26.0873 2.9817 -36.8525 -1.8141 -48.6822 -30.9935 22.6899 -43.1528 -23.5928 -17.9183 -35.7084 32.0062 -48.4857 -28.5959 13.8251 -39.8710 -17.3789 -44.1864 -33.1947 30.6415 -45.6258 -26.0108 1.5530 -36.5626 6.2539 -48.9163 -30.2561 19.6308 -41.9714 -21.7230 -33.6614
-20.5206 -41.7180 18.9268 -30.0591 -48.9636 10.0053 -36.5318 0.2614 -25.8388 -45.3948 29.9210 -33.0021 -44.9604 -16.7223 -39.6375 13.1930 -28.4337 -48.3735 32.8740 -35.6141 -19.4961 -23.4421 -43.0653 22.5153 -30.9700 -48.6822 -2.1029 -36.9034 3.3503 -26.1623 -45.6755 30.2423 -32.9277 -45.7804 -15.1717 -38.9298 10.5221 -27.5711 -47.3928 34.6629 -34.3661 -38.1450 -19.7543 -40.6519 15.3321 -28.8481 -48.5457 32.4418 -35.5373 -23.1715 -22.7107 -42.3601 20.0163 -30.9779 -45.8779 -30.1442 15.3255 -40.6520 -19.7543 -38.1450 -34.3661 34.6629 -47.3928 -27.5711 10.5221 -38.9298 -15.1717 -45.7804 -32.9277 30.2423 -45.6755 -26.1623 3.3503 -36.9034 -2.1029 -48.6822 -30.9700 22.5153 -43.0653 -23.4421 -19.4961 -35.6141 32.8740 -48.3735 -28.4337 13.1930 -39.6375 -16.7223 -44.9604 -33.0021 29.9210 -45.3948 -25.8388 0.2614 -36.5318 10.0053 -48.9636 -30.0591 18.9268 -41.7180 -20.5206
-41.7776 18.2371 -29.8632 -48.9811 13.8070 -36.4770 -1.2057 -25.6466 -45.1579 29.1864 -32.8086 -45.6382 -16.0165 -39.4016 12.5270 -28.2570 -48.2352 33.6733 -35.4893 -21.5610 -23.2215 -42.9258 22.1892 -30.9023 -48.6985 -1.8141 -36.9034 3.4710 -26.2000 -45.7540 30.5704 -33.0353 -45.3683 -15.7189 -39.1066 11.0806 -27.7215 -47.5667 34.8826 -34.5424 -36.5409 -20.2355 -40.8923 15.9862 -29.0320 -48.6620 31.1343 -35.6820 -20.4713 -23.0587 -42.6035 20.7056 -30.3844 -48.8124 -16.0127 -48.5090 -29.0851 15.9863 -40.8923 -20.2355 -36.5409 -34.5424 34.8826 -47.5667 -27.7215 11.0806 -39.1066 -15.7189 -45.3683 -33.0353 30.5704 -45.7540 -26.2000 3.4710 -36.9034 -1.8141 -48.6985 -30.9023 22.1892 -42.9258 -23.2215 -21.5610 -35.4893 33.6733 -48.2352 -28.2570 12.5270 -39.4016 -16.0165 -45.6382 -32.8086 29.1864 -45.1579 -25.6466 -1.2057 -36.4770 13.8070 -48.9811 -29.8632 18.2371 -41.7776
17.7751 -29.6291 -48.9696 17.5393 -36.4085 -2.8431 -25.4335 -44.9156 28.4319 -32.6142 -46.2283 -15.2536 -39.1667 11.8531 -28.0780 -48.0780 34.3074 -35.3443 -23.9289 -22.9408 -42.7421 21.7179 -30.7952 -48.7239 -0.9182 -36.8525 3.3503 -26.2000 -45.7801 30.7330 -33.1015 -45.0526 -16.1313 -39.2572 11.5617 -27.8526 -47.7139 34.9764 -34.7019 -34.8468 -20.6867 -41.1334 16.6417 -29.2170 -48.7630 29.4859 -35.8193 -17.7328 -23.3916 -42.8469 21.3997 -30.5508 -48.8565 6.2663 -38.7393 26.7693 -48.7234 -29.2160 16.6417 -41.1334 -20.6867 -34.8468 -34.7019 34.9764 -47.7139 -27.8526 11.5617 -39.2572 -16.1313 -45.0526 -33.1015 30.7330 -45.7801 -26.2000 3.3503 -36.8525 -0.9182 -48.7239 -30.7952 21.7179 -42.7421 -22.9408 -23.9289 -35.3443 34.3074 -48.0780 -28.0780 11.8531 -39.1667 -15.2536 -46.2283 -32.6142 28.4319 -44.9156 -25.4335 -2.8431 -36.4085 17.5393 -48.9696 -29.6291 17.7751
-28.5139 -48.9315 20.9853 -36.3262 -4.6576 -25.2037 -44.6686 27.6529 -32.4147 -46.7455 -14.4235 -38.9329 11.1688 -27.9001 -47.9114 34.7273 -35.1875 -26.4281 -22.6136 -42.5305 21.1509 -30.6566 -48.7599 0.6351 -36.7511 2.9817 -26.1623 -45.7540 30.7330 -33.1235 -44.8873 -16.3764 -39.3647 11.9405 -27.9628 -47.8360 34.9669 -34.8349 -33.2213 -21.0807 -41.3614 17.2813 -29.4007 -48.8472 27.4689 -35.9486 -15.0219 -23.7096 -43.0902 22.1019 -30.7431 -48.7958 4.6078 -36.6676 12.2884 -36.4483 27.5531 -48.8480 -29.4007 17.2813 -41.3614 -21.0807 -33.2213 -34.8349 34.9669 -47.8360 -27.9628 11.9405 -39.3647 -16.3764 -44.8873 -33.1235 30.7330 -45.7540 -26.1623 2.9817 -36.7511 0.6351 -48.7599 -30.6566 21.1509 -42.5305 -22.6136 -26.4281 -35.1875 34.7273 -47.9114 -27.9001 11.1688 -38.9329 -14.4235 -46.7455 -32.4147 27.6529 -44.6686 -25.2037 -4.6576 -36.3262 20.9853 -48.9315 -28.5139
-48.7065 24.0218 -36.2260 -6.7067 -24.9565 -44.4198 26.8722 -32.2132 -47.1936 -13.5005 -38.7002 10.4711 -27.7235 -47.7359 34.9409 -35.0238 -28.8612 -22.2509 -42.2976 20.5186 -30.4933 -48.8246 2.8029 -36.6326 2.3603 -26.0873 -45.6755 30.5704 -33.1015 -44.8873 -16.4567 -39.4185 12.1722 -28.0429 -47.9297 34.8887 -34.9452 -31.7448 -21.4057 -41.5621 17.8677 -29.5736 -48.9108 25.1008 -36.0688 -12.4059 -24.0132 -43.3332 22.8123 -30.9360 -48.7273 1.3950 -36.6014 1.6427 -30.7719 -8.5679 -36.1249 25.1008 -48.9108 -29.5736 17.8677 -41.5621 -21.4057 -31.7448 -34.9452 34.8887 -47.9297 -28.0429 12.1722 -39.4185 -16.4567 -44.8873 -33.1015 30.5704 -45.6755 -26.0873 2.3603 -36.6326 2.8029 -48.8246 -30.4933 20.5186 -42.2976 -22.2509 -28.8612 -35.0238 34.9409 -47.7359 -27.7235 10.4711 -38.7002 -13.5005 -47.1936 -32.2132 26.8722 -44.4198 -24.9565 -6.7067 -36.2260 24.0218 -48.7065
15.2330 -35.8425 -8.9768 -24.6941 -44.1725 26.1025 -32.0117 -47.5730 -12.4617 -38.4624 9.7478 -27.5481 -47.5522 34.9758 -34.8554 -31.1294 -21.8665 -42.0544 19.8439 -30.3101 -48.9016 5.5981 -36.5682 1.5187 -25.9814 -45.5474 30.2423 -33.0353 -45.0526 -16.3764 -39.4185 12.2492 -28.0837 -47.9876 34.7891 -35.0336 -30.4346 -21.6736 -41.7353 18.3809 -29.7281 -48.9533 22.5560 -36.1749 -9.9764 -24.3022 -43.5759 23.5308 -31.1295 -48.6650 -1.4075 -36.7416 2.0905 -26.4508 -47.7485 -25.2787 -9.9972 -36.1749 22.5560 -48.9533 -29.7281 18.3809 -41.7353 -21.6736 -30.4346 -35.0336 34.7891 -47.9876 -28.0837 12.2492 -39.4185 -16.3764 -45.0526 -33.0353 30.2423 -45.5474 -25.9814 1.5187 -36.5682 5.5981 -48.9016 -30.3101 19.8439 -42.0544 -21.8665 -31.1294 -34.8554 34.9758 -47.5522 -27.5481 9.7478 -38.4624 -12.4617 -47.5730 -32.0117 26.1025 -44.1725 -24.6941 -8.9768 -35.8425 15.2330
-35.9055 -11.4441 -24.4163 -43.9216 25.3291 -31.8077 -47.8925 -11.2859 -38.2223 8.9919 -27.3716 -47.3612 34.8578 -34.6829 -33.2217 -21.4647 -41.8115 19.1664 -30.1196 -48.9555 9.0090 -36.5407 0.4707 -25.8488 -45.3819 29.7752 -32.9277 -45.3683 -16.1313 -39.3647 12.1722 -28.0837 -48.0067 34.7225 -35.0904 -29.4272 -21.8835 -41.8810 18.8206 -29.8628 -48.9768 20.0232 -36.2644 -7.8886 -24.5655 -43.8145 24.2572 -31.3235 -48.5675 -3.8298 -36.9638 3.2128 -26.0987 -45.4838 34.8176 -43.9883 -24.5896 -7.8889 -36.2644 20.0232 -48.9768 -29.8628 18.8206 -41.8810 -21.8835 -29.4272 -35.0904 34.7225 -48.0067 -28.0837 12.1722 -39.3647 -16.1313 -45.3683 -32.9277 29.7752 -45.3819 -25.8488 0.4707 -36.5407 9.0090 -48.9555 -30.1196 19.1664 -41.8115 -21.4647 -33.2217 -34.6829 34.8578 -47.3612 -27.3716 8.9919 -38.2223 -11.2859 -47.8925 -31.8077 25.3291 -43.9216 -24.4163 -11.4441 -35.9055
-16.1223 -24.1248 -43.6696 24.5615 -31.6049 -48.1527 -9.9592 -37.9857 8.2059 -27.1926 -47.1584 34.6066 -34.5068 -35.1357 -21.0442 -41.5690 18.4952 -29.9299 -48.9803 12.6952 -36.4952 -0.8301 -25.6848 -45.1884 29.2076 -32.7907 -45.7804 -15.7189 -39.2572 11.9405 -28.0429 -47.9876 34.7225 -35.1092 -28.8942 -22.0171 -41.9886 19.1762 -29.9762 -48.9848 17.6270 -36.3366 -6.1759 -24.7901 -44.0353 24.9594 -31.5152 -48.4314 -5.9109 -37.1873 4.2442 -26.2509 -45.7264 30.7473 -36.3156 26.1833 -44.0290 -24.7901 -6.1759 -36.3366 17.6270 -48.9848 -29.9762 19.1762 -41.9886 -22.0171 -28.8942 -35.1092 34.7225 -47.9876 -28.0429 11.9405 -39.2572 -15.7189 -45.7804 -32.7907 29.2076 -45.1884 -25.6848 -0.8301 -36.4952 12.6952 -48.9803 -29.9299 18.4952 -41.5690 -21.0442 -35.1357 -34.5068 34.6066 -47.1584 -27.1926 8.2059 -37.9857 -9.9592 -48.1527 -31.6049 24.5615 -43.6696 -24.1248 -16.1223
-22.5996 -43.4190 23.8083 -31.4022 -48.3601 -8.4419 -37.7479 7.3789 -27.0143 -46.9461 34.2380 -34.3287 -36.8747 -20.6036 -41.3269 17.8296 -29.7411 -48.9780 16.3273 -36.4331 -2.3555 -25.4900 -44.9698 28.5598 -32.6337 -46.2218 -15.1717 -39.1066 11.5617 -27.9628 -47.9297 34.7891 -35.0904 -28.8942 -22.0612 -42.0441 19.4077 -30.0602 -48.9832 15.5091 -36.3910 -4.7873 -24.9786 -44.2278 25.5931 -31.6932 -48.2613 -7.6795 -37.4121 5.2048 -26.4169 -45.9575 30.9626 -33.9353 -22.2694 -33.1013 25.5862 -44.2280 -24.9786 -4.7873 -36.3910 15.5091 -48.9832 -30.0602 19.4077 -42.0441 -22.0612 -28.8942 -35.0904 34.7891 -47.9297 -27.9628 11.5617 -39.1066 -15.1717 -46.2218 -32.6337 28.5598 -44.9698 -25.4900 -2.3555 -36.4331 16.3273 -48.9780 -29.7411 17.8296 -41.3269 -20.6036 -36.8747 -34.3287 34.2380 -46.9461 -27.0143 7.3789 -37.7479 -8.4419 -48.3601 -31.4022 23.8083 -43.4190 -22.5996
-43.3421 23.0562 -31.2005 -48.5196 -6.6875 -37.5122 6.5139 -26.8382 -46.7305 33.7722 -34.1447 -38.4497 -20.1413 -41.0853 17.1686 -29.5532 -48.9510 19.7460 -36.3566 -4.0539 -25.2732 -44.7363 27.8440 -32.4554 -46.6659 -14.5052 -38.9298 11.0806 -27.8526 -47.8360 34.8887 -35.0336 -29.4272 -22.0171 -42.0441 19.4851 -30.1036 -48.9782 13.9016 -36.4305 -3.7000 -25.1353 -44.3953 26.1455 -31.8491 -48.0730 -9.1117 -37.6285 6.0938 -26.5841 -46.1815 31.6522 -33.3109 -44.1431 -24.2467 -47.6284 -31.9197 26.1457 -44.3953 -25.1353 -3.7000 -36.4305 13.9016 -48.9782 -30.1036 19.4851 -42.0441 -22.0171 -29.4272 -35.0336 34.8887 -47.8360 -27.8526 11.0806 -38.9298 -14.5052 -46.6659 -32.4554 27.8440 -44.7363 -25.2732 -4.0539 -36.3566 19.7460 -48.9510 -29.5532 17.1686 -41.0853 -20.1413 -38.4497 -34.1447 33.7722 -46.7305 -26.8382 6.5139 -37.5122 -6.6875 -48.5196 -31.2005 23.0562 -43.3421
22.6240 -30.9371 -48.6344 -4.6688 -37.2799 5.6086 -26.6621 -46.5075 33.2214 -33.9522 -39.9005 -19.6481 -40.8444 16.5111 -29.3664 -48.9018 22.8439 -36.2670 -5.9462 -25.0407 -44.4980 27.0950 -32.2634 -47.0964 -13.6846 -38.7303 10.5221 -27.7215 -47.7139 34.9669 -34.9452 -30.4346 -21.8835 -41.9886 19.4077 -30.1036 -48.9758 13.0623 -36.4542 -2.9419 -25.2571 -44.5383 26.6236 -31.9829 -47.8798 -10.2284 -37.8232 6.8755 -26.7453 -46.3988 32.3086 -33.4727 -43.8068 -17.5071 -41.9858 -12.1375 -47.8860 -31.9816 26.6236 -44.5383 -25.2571 -2.9419 -36.4542 13.0623 -48.9758 -30.1036 19.4077 -41.9886 -21.8835 -30.4346 -34.9452 34.9669 -47.7139 -27.7215 10.5221 -38.7303 -13.6846 -47.0964 -32.2634 27.0950 -44.4980 -25.0407 -5.9462 -36.2670 22.8439 -48.9018 -29.3664 16.5111 -40.8444 -19.6481 -39.9005 -33.9522 33.2214 -46.5075 -26.6621 5.6086 -37.2799 -4.6688 -48.6344 -30.9371 22.6240
-29.9613 -48.7114 -2.2822 -37.0462 4.6339 -26.4878 -46.2797 32.6060 -33.7577 -41.2094 -19.1200 -40.6001 15.8544 -29.1806 -48.8325 25.5656 -36.1654 -8.0459 -24.7931 -44.2584 26.3472 -32.0684 -47.4805 -12.7136 -38.5084 9.8710 -27.5711 -47.5667 34.9764 -34.8349 -31.7448 -21.6736 -41.8810 19.1762 -30.0602 -48.9782 13.0623 -36.4617 -2.5646 -25.3338 -44.6439 27.0171 -32.0923 -47.6931 -11.0998 -37.9927 7.5310 -26.8899 -46.5972 32.8983 -33.6582 -42.8722 -17.6609 -39.8797 22.3181 -38.3582 -11.0691 -47.6930 -32.0923 27.0171 -44.6439 -25.3338 -2.5646 -36.4617 13.0623 -48.9782 -30.0602 19.1762 -41.8810 -21.6736 -31.7448 -34.8349 34.9764 -47.5667 -27.5711 9.8710 -38.5084 -12.7136 -47.4805 -32.0684 26.3472 -44.2584 -24.7931 -8.0459 -36.1654 25.5656 -48.8325 -29.1806 15.8544 -40.6001 -19.1200 -41.2094 -33.7577 32.6060 -46.2797 -26.4878 4.6339 -37.0462 -2.2822 -48.7114 -29.9613
-48.7898 0.4826 -36.8145 3.5897 -26.3153 -46.0501 31.9463 -33.5610 -42.3714 -18.5538 -40.3504 15.1816 -28.9942 -48.7449 27.8942 -36.0531 -10.3525 -24.5306 -44.0178 25.6029 -31.8734 -47.8034 -11.6191 -38.2778 9.1503 -27.4042 -47.3928 34.8826 -34.7019 -33.2213 -21.4057 -41.7353 18.8206 -29.9762 -48.9832 13.9016 -36.4542 -2.5646 -25.3590 -44.6983 27.2737 -32.1739 -47.5283 -11.7570 -38.1333 8.0634 -27.0134 -46.7649 33.3786 -33.8266 -41.8825 -18.2422 -39.9757 13.8794 -32.8765 9.3030 -38.1309 -11.7568 -47.5283 -32.1739 27.2737 -44.6983 -25.3590 -2.5646 -36.4542 13.9016 -48.9832 -29.9762 18.8206 -41.7353 -21.4057 -33.2213 -34.7019 34.8826 -47.3928 -27.4042 9.1503 -38.2778 -11.6191 -47.8034 -31.8734 25.6029 -44.0178 -24.5306 -10.3525 -36.0531 27.8942 -48.7449 -28.9942 15.1816 -40.3504 -18.5538 -42.3714 -33.5610 31.9463 -46.0501 -26.3153 3.5897 -36.8145 0.4826 -48.7898
-4.4854 -36.5826 2.4587 -26.1431 -45.8145 31.2413 -33.3638 -43.3986 -17.9513 -40.1022 14.5008 -28.8053 -48.6384 29.8381 -35.9311 -12.8454 -24.2536 -43.7763 24.8639 -31.6785 -48.0707 -10.3908 -38.0483 8.3954 -27.2310 -47.1990 34.6629 -34.5424 -34.8468 -21.0807 -41.5621 18.3809 -29.8628 -48.9848 15.5091 -36.4305 -2.9419 -25.3338 -44.6983 27.3593 -32.2184 -47.4119 -12.2190 -38.2449 8.4833 -27.1163 -46.9028 33.7511 -33.9710 -40.9168 -18.7433 -40.2007 14.1136 -29.2088 -48.6647 -28.2905 8.4762 -38.2449 -12.2190 -47.4119 -32.2184 27.3593 -44.6983 -25.3338 -2.9419 -36.4305 15.5091 -48.9848 -29.8628 18.3809 -41.5621 -21.0807 -34.8468 -34.5424 34.6629 -47.1990 -27.2310 8.3954 -38.0483 -10.3908 -48.0707 -31.6785 24.8639 -43.7763 -24.2536 -12.8454 -35.9311 29.8381 -48.6384 -28.8053 14.5008 -40.1022 -17.9513 -43.3986 -33.3638 31.2413 -45.8145 -26.1431 2.4587 -36.5826 -4.4854
-37.1509 1.2200 -25.9713 -45.5762 30.5091 -33.1660 -44.2920 -17.3151 -39.8571 13.8240 -28.6150 -48.5133 31.4557 -35.7975 -15.4822 -23.9620 -43.5340 24.1314 -31.4839 -48.2876 -8.9988 -37.8200 7.6113 -27.0591 -46.9965 34.3234 -34.3661 -36.5409 -20.6867 -41.3614 17.8677 -29.7281 -48.9768 17.6270 -36.3910 -3.7000 -25.2571 -44.6439 27.2737 -32.2184 -47.3699 -12.4650 -38.3205 8.7979 -27.1998 -47.0149 34.0352 -34.0927 -40.0105 -19.1577 -40.3986 14.6969 -28.6990 -48.1310 -3.0834 -46.8217 -27.2459 8.7979 -38.3205 -12.4650 -47.3699 -32.2184 27.2737 -44.6439 -25.2571 -3.7000 -36.3910 17.6270 -48.9768 -29.7281 17.8677 -41.3614 -20.6867 -36.5409 -34.3661 34.3234 -46.9965 -27.0591 7.6113 -37.8200 -8.9988 -48.2876 -31.4839 24.1314 -43.5340 -23.9620 -15.4822 -35.7975 31.4557 -48.5133 -28.6150 13.8240 -39.8571 -17.3151 -44.2920 -33.1660 30.5091 -45.5762 -25.9713 1.2200 -37.1509
-0.9783 -25.8041 -45.3376 29.7627 -32.9642 -45.0825 -16.6254 -39.6101 13.1351 -28.4269 -48.3742 32.7369 -35.6544 -18.2429 -23.6558 -43.2913 23.4063 -31.2895 -48.4584 -7.4059 -37.5929 6.7920 -26.8884 -46.7885 33.8899 -34.1844 -38.1450 -20.2355 -41.1334 17.2813 -29.5736 -48.9533 20.0232 -36.3366 -4.7873 -25.1353 -44.5383 27.0171 -32.1739 -47.4119 -12.4650 -38.3468 8.9696 -27.2564 -47.0994 34.2436 -34.1924 -39.1916 -19.4971 -40.5697 15.2015 -28.8304 -48.5358 31.9409 -37.6341 35.0264 -47.0806 -27.2564 8.9696 -38.3468 -12.4650 -47.4119 -32.1739 27.0171 -44.5383 -25.1353 -4.7873 -36.3366 20.0232 -48.9533 -29.5736 17.2813 -41.1334 -20.2355 -38.1450 -34.1844 33.8899 -46.7885 -26.8884 6.7920 -37.5929 -7.4059 -48.4584 -31.2895 23.4063 -43.2913 -23.6558 -18.2429 -35.6544 32.7369 -48.3742 -28.4269 13.1351 -39.6101 -16.6254 -45.0825 -32.9642 29.7627 -45.3376 -25.8041 -0.9783
-24.2416 -45.0937 28.9950 -32.7638 -45.7708 -15.8807 -39.3648 12.4412 -28.2403 -48.2237 33.6837 -35.5022 -21.0918 -23.3265 -43.0448 22.6892 -31.0956 -48.5874 -5.5667 -37.3671 5.9304 -26.7189 -46.5756 33.3790 -34.0001 -39.5887 -19.7543 -40.8923 16.6417 -29.4007 -48.9108 22.5560 -36.2644 -6.1759 -24.9786 -44.3953 26.6236 -32.0923 -47.5283 -12.2190 -38.3205 8.9696 -27.2762 -47.1377 34.3732 -34.2749 -38.4913 -19.7642 -40.7132 15.6312 -28.9477 -48.6485 31.2892 -36.0587 4.8714 -35.3074 34.3831 -47.1431 -27.2772 8.9696 -38.3205 -12.2190 -47.5283 -32.0923 26.6236 -44.3953 -24.9786 -6.1759 -36.2644 22.5560 -48.9108 -29.4007 16.6417 -40.8923 -19.7543 -39.5887 -34.0001 33.3790 -46.5756 -26.7189 5.9304 -37.3671 -5.5667 -48.5874 -31.0956 22.6892 -43.0448 -23.3265 -21.0918 -35.5022 33.6837 -48.2237 -28.2403 12.4412 -39.3648 -15.8807 -45.7708 -32.7638 28.9950 -45.0937 -24.2416
-44.9038 28.2182 -32.5628 -46.3605 -15.0797 -39.1204 11.7379 -28.0536 -48.0594 34.3524 -35.3439 -23.8870 -22.9767 -42.7947 21.9705 -30.9022 -48.6784 -3.4292 -37.1426 5.0179 -26.5507 -46.3583 32.8051 -33.8137 -40.8823 -19.2474 -40.6519 15.9862 -29.2170 -48.8472 25.1008 -36.1749 -7.8886 -24.7901 -44.2278 26.1455 -31.9829 -47.6931 -11.7570 -38.2449 8.7979 -27.2564 -47.1377 34.6525 -34.4691 -37.7603 -20.0956 -40.5863 15.4424 -29.0692 -48.6424 30.7849 -35.8127 -18.3678 -28.8881 -34.9346 -34.4572 34.5392 -47.1647 -27.2575 8.7979 -38.2449 -11.7570 -47.6931 -31.9829 26.1455 -44.2278 -24.7901 -7.8886 -36.1749 25.1008 -48.8472 -29.2170 15.9862 -40.6519 -19.2474 -40.8823 -33.8137 32.8051 -46.3583 -26.5507 5.0179 -37.1426 -3.4292 -48.6784 -30.9022 21.9705 -42.7947 -22.9767 -23.8870 -35.3439 34.3524 -48.0594 -28.0536 11.7379 -39.1204 -15.0797 -46.3605 -32.5628 28.2182 -44.9038
27.5801 -32.2641 -46.8713 -14.1955 -38.8769 11.0221 -27.8695 -47.8846 34.7659 -35.1804 -26.5369 -22.6136 -42.5438 21.2485 -30.7052 -48.7353 -0.9423 -36.9193 4.0442 -26.3837 -46.1372 32.1810 -33.6253 -42.0367 -18.7119 -40.4123 15.3321 -29.0320 -48.7630 27.4689 -36.0688 -9.9764 -24.5655 -44.0353 25.5931 -31.8491 -47.8798 -11.0998 -38.1333 8.4833 -27.1998 -47.0994 34.3715 -34.2504 -35.0648 -20.8398 -40.6652 16.0848 -29.5898 -48.8347 26.6181 -36.1488 -17.2317 -24.1293 -45.6305 -21.5597 -37.5230 -34.5906 34.1587 -47.1041 -27.1998 8.4833 -38.1333 -11.0998 -47.8798 -31.8491 25.5931 -44.0353 -24.5655 -9.9764 -36.0688 27.4689 -48.7630 -29.0320 15.3321 -40.4123 -18.7119 -42.0367 -33.6253 32.1810 -46.1372 -26.3837 4.0442 -36.9193 -0.9423 -48.7353 -30.7052 21.2485 -42.5438 -22.6136 -26.5369 -35.1804 34.7659 -47.8846 -27.8695 11.0221 -38.8769 -14.1955 -46.8713 -32.2641 27.5801
