-39.6275 8.9280 -26.0242 -46.8937 32.1998 -33.4600 -42.1061 -18.4229 -40.5492 13.9690 -27.3905 -48.0962 28.4116 -34.8880 -30.7270 -20.9732 -42.0883 18.7171 -28.7985 -48.7791 10.6535 -36.1268 -12.4173 -22.9595 -43.6531 23.6179 -30.2531 -48.7610 -6.8482 -37.4366 0.9869 -24.5167 -45.2106 28.5085 -31.7448 -47.5130 -14.0751 -38.8465 8.0648 -25.8301 -46.6809 32.0087 -33.2379 -43.1852 -17.9642 -40.3208 13.2416 -27.1817 -47.9384 29.7442 -34.6805 -32.9879 -20.6437 -42.0097 28.9591 -40.7059 -17.9891 -43.1855 -33.2379 32.0087 -46.6809 -25.8301 8.0648 -38.8465 -14.0751 -47.5130 -31.7448 28.5085 -45.2106 -24.5167 0.9869 -37.4366 -6.8482 -48.7610 -30.2531 23.6179 -43.6531 -22.9595 -12.4173 -36.1268 10.6535 -48.7791 -28.7985 18.7171 -42.0883 -20.9732 -30.7270 -34.8880 28.4116 -48.0962 -27.3905 13.9690 -40.5492 -18.4229 -42.1061 -33.4600 32.1998 -46.8937 -26.0242 8.9280 -39.6275
8.9280 -27.2845 -47.1315 34.2192 -33.9878 -39.8388 -19.1566 -40.3685 14.5562 -28.6105 -48.3860 33.5986 -35.1435 -26.3298 -22.2607 -42.0575 19.1666 -29.8861 -48.9755 19.8453 -35.9704 -8.1769 -24.5167 -43.7552 24.0596 -31.2000 -48.6007 -3.1553 -36.8909 2.8544 -26.0473 -45.4177 29.2487 -32.5283 -46.7065 -13.5713 -38.4780 9.0425 -27.2071 -46.9606 33.7958 -33.8183 -41.1407 -18.5926 -40.1187 13.8634 -28.4218 -48.2325 34.2992 -34.9862 -28.9036 -21.8540 -41.7986 18.9963 -33.9796 15.0823 -40.1200 -18.5925 -41.1407 -33.8183 33.7958 -46.9606 -27.2071 9.0425 -38.4780 -13.5713 -46.7065 -32.5283 29.2487 -45.4177 -26.0473 2.8544 -36.8909 -3.1553 -48.6007 -31.2000 24.0596 -43.7552 -24.5167 -8.1769 -35.9704 19.8453 -48.9755 -29.8861 19.1666 -42.0575 -22.2607 -26.3298 -35.1435 33.5986 -48.3860 -28.6105 14.5562 -40.3685 -19.1566 -39.8388 -33.9878 34.2192 -47.1315 -27.2845 8.9280
-26.0242 -47.1315 34.3817 -34.2559 -38.6781 -19.6245 -40.6011 15.2113 -28.8160 -48.5230 32.6463 -35.5146 -23.6640 -22.6430 -42.3083 19.8727 -30.1257 -48.9779 16.3234 -36.3543 -5.9791 -24.7852 -44.0070 24.8218 -31.4720 -48.4701 -5.3798 -37.1237 3.9443 -26.2019 -45.6582 30.0142 -32.8312 -46.1730 -14.5078 -38.7174 9.8074 -27.3837 -47.1726 34.2674 -34.1558 -39.8190 -19.1513 -40.3675 14.5469 -28.6277 -48.3843 33.6379 -35.3538 -26.3886 -22.2549 -42.0513 19.1517 -30.7475 -46.4446 -29.9355 14.5404 -40.3675 -19.1513 -39.8190 -34.1558 34.2674 -47.1726 -27.3837 9.8074 -38.7174 -14.5078 -46.1730 -32.8312 30.0142 -45.6582 -26.2019 3.9443 -37.1237 -5.3798 -48.4701 -31.4720 24.8218 -44.0070 -24.7852 -5.9791 -36.3543 16.3234 -48.9779 -30.1257 19.8727 -42.3083 -22.6430 -23.6640 -35.5146 32.6463 -48.5230 -28.8160 15.2113 -40.6011 -19.6245 -38.6781 -34.2559 34.3817 -47.1315 -26.0242
-46.8937 34.2192 -34.2559 -38.1716 -19.9111 -40.7793 15.7722 -28.9848 -48.6421 31.3970 -35.6633 -20.9069 -23.0031 -42.5586 20.5775 -30.3234 -48.9518 12.5398 -36.4325 -4.0281 -25.0428 -44.2554 25.5912 -31.6731 -48.2949 -7.3178 -37.3574 4.9648 -26.3733 -45.8956 30.7613 -33.0335 -45.5486 -15.3553 -38.9601 10.5433 -27.5647 -47.3758 34.6338 -34.3452 -38.3399 -19.6841 -40.6145 15.2284 -28.8168 -48.5224 32.6644 -35.5143 -23.6996 -22.6349 -42.3047 19.8546 -30.1459 -48.8202 -15.0679 -48.3757 -28.8713 15.2286 -40.6145 -19.6841 -38.3399 -34.3452 34.6338 -47.3758 -27.5647 10.5433 -38.9601 -15.3553 -45.5486 -33.0335 30.7613 -45.8956 -26.3733 4.9648 -37.3574 -7.3178 -48.2949 -31.6731 25.5912 -44.2554 -25.0428 -4.0281 -36.4325 12.5398 -48.9518 -30.3234 20.5775 -42.5586 -23.0031 -20.9069 -35.6633 31.3970 -48.6421 -28.9848 15.7722 -40.7793 -19.9111 -38.1716 -34.2559 34.2192 -46.8937
32.1998 -33.9878 -38.6781 -19.9111 -40.8481 16.1092 -29.1083 -48.7305 29.9846 -35.7923 -18.2148 -23.3368 -42.8052 21.2802 -30.5179 -48.8943 8.7498 -36.4984 -2.2679 -25.2833 -44.5051 26.3597 -31.8751 -48.0726 -8.9841 -37.5924 5.9173 -26.5464 -46.1272 31.4865 -33.2325 -44.8259 -16.1395 -39.2038 11.2686 -27.7476 -47.5741 34.8783 -34.5333 -36.6890 -20.1884 -40.8644 15.9027 -29.0074 -48.6444 31.3592 -35.6641 -20.9013 -23.0005 -42.5581 20.5683 -30.3191 -48.9306 10.7394 -38.6280 29.2163 -48.6073 -29.0064 15.9027 -40.8644 -20.1884 -36.6890 -34.5333 34.8783 -47.5741 -27.7476 11.2686 -39.2038 -16.1395 -44.8259 -33.2325 31.4865 -46.1272 -26.5464 5.9173 -37.5924 -8.9841 -48.0726 -31.8751 26.3597 -44.5051 -25.2833 -2.2679 -36.4984 8.7498 -48.8943 -30.5179 21.2802 -42.8052 -23.3368 -18.2148 -35.7923 29.9846 -48.7305 -29.1083 16.1092 -40.8481 -19.9111 -38.6781 -33.9878 32.1998
-33.4600 -39.8388 -19.6245 -40.7793 16.1092 -29.1539 -48.7774 28.7933 -35.8926 -15.8768 -23.6316 -43.0386 21.9711 -30.7089 -48.8062 5.1581 -36.5445 -0.7103 -25.5053 -44.7532 27.1392 -32.0782 -47.7932 -10.4176 -37.8292 6.8137 -26.7218 -46.3575 32.1719 -33.4306 -44.0058 -16.8652 -39.4459 11.9793 -27.9317 -47.7642 34.9821 -34.7144 -34.8512 -20.6665 -41.1158 16.5843 -29.2002 -48.7517 29.7085 -35.8073 -18.0814 -23.3497 -42.8114 21.2898 -30.5184 -48.8940 8.8362 -36.6400 11.5028 -36.3558 29.7840 -48.7524 -29.2002 16.5843 -41.1158 -20.6665 -34.8512 -34.7144 34.9821 -47.7642 -27.9317 11.9793 -39.4459 -16.8652 -44.0058 -33.4306 32.1719 -46.3575 -26.7218 6.8137 -37.8292 -10.4176 -47.7932 -32.0782 27.1392 -44.7532 -25.5053 -0.7103 -36.5445 5.1581 -48.8062 -30.7089 21.9711 -43.0386 -23.6316 -15.8768 -35.8926 28.7933 -48.7774 -29.1539 16.1092 -40.7793 -19.6245 -39.8388 -33.4600
-42.1061 -19.1566 -40.6011 15.7722 -29.1083 -48.7774 28.3302 -35.9489 -14.2345 -23.8602 -43.2407 22.6090 -30.8893 -48.7357 1.9524 -36.5777 0.6568 -25.7070 -44.9933 27.9082 -32.2783 -47.4544 -11.6895 -38.0647 7.6663 -26.8974 -46.5840 32.8207 -33.6295 -43.0616 -17.5328 -39.6920 12.6719 -28.1175 -47.9455 34.9163 -34.8918 -32.8468 -21.1223 -41.3653 17.2705 -29.3924 -48.8408 27.6461 -35.9426 -15.2492 -23.6796 -43.0652 22.0194 -30.7192 -48.8046 5.1106 -36.5514 0.1336 -30.5785 -11.1766 -35.9994 27.6450 -48.8408 -29.3924 17.2705 -41.3653 -21.1223 -32.8468 -34.8918 34.9163 -47.9455 -28.1175 12.6719 -39.6920 -17.5328 -43.0616 -33.6295 32.8207 -46.5840 -26.8974 7.6663 -38.0647 -11.6895 -47.4544 -32.2783 27.9082 -44.9933 -25.7070 0.6568 -36.5777 1.9524 -48.7357 -30.8893 22.6090 -43.2407 -23.8602 -14.2345 -35.9489 28.3302 -48.7774 -29.1083 15.7722 -40.6011 -19.1566 -42.1061
-18.4229 -40.3685 15.2113 -28.9848 -48.7305 28.7933 -35.9489 -13.6343 -23.9871 -43.3827 23.1109 -31.0426 -48.6889 -0.7301 -36.6945 1.8780 -25.8893 -45.2281 28.6552 -32.4748 -47.0604 -12.8020 -38.2975 8.4611 -27.0723 -46.8032 33.4162 -33.8237 -41.9903 -18.1617 -39.9390 13.3644 -28.3030 -48.1170 34.6511 -35.0679 -30.6322 -21.5525 -41.6176 17.9538 -29.5864 -48.9093 25.1659 -36.0681 -12.5167 -23.9965 -43.3157 22.7595 -30.9189 -48.7318 1.7483 -36.5844 0.6873 -26.2347 -47.5402 -24.9615 -12.5744 -36.0671 25.1659 -48.9093 -29.5864 17.9538 -41.6176 -21.5525 -30.6322 -35.0679 34.6511 -48.1170 -28.3030 13.3644 -39.9390 -18.1617 -41.9903 -33.8237 33.4162 -46.8032 -27.0723 8.4611 -38.2975 -12.8020 -47.0604 -32.4748 28.6552 -45.2281 -25.8893 1.8780 -36.6945 -0.7301 -48.6889 -31.0426 23.1109 -43.3827 -23.9871 -13.6343 -35.9489 28.7933 -48.7305 -28.9848 15.2113 -40.3685 -18.4229
-40.5492 14.5562 -28.8160 -48.6421 29.9846 -35.8926 -14.2345 -23.9871 -43.4344 23.3987 -31.1483 -48.6342 -2.7355 -36.8846 2.9189 -26.0504 -45.4577 29.3967 -32.6693 -46.6030 -13.7779 -38.5282 9.2139 -27.2458 -47.0141 33.9303 -34.0139 -40.7946 -18.7509 -40.1867 14.0507 -28.4901 -48.2751 34.1535 -35.2356 -28.2223 -21.9658 -41.8703 18.6487 -29.7823 -48.9564 22.2932 -36.1855 -9.9488 -24.2983 -43.5682 23.4998 -31.1194 -48.6705 -1.2141 -36.7199 1.9787 -25.9107 -45.2344 35.3367 -43.7543 -24.3172 -9.9484 -36.1855 22.2932 -48.9564 -29.7823 18.6487 -41.8703 -21.9658 -28.2223 -35.2356 34.1535 -48.2751 -28.4901 14.0507 -40.1867 -18.7509 -40.7946 -34.0139 33.9303 -47.0141 -27.2458 9.2139 -38.5282 -13.7779 -46.6030 -32.6693 29.3967 -45.4577 -26.0504 2.9189 -36.8846 -2.7355 -48.6342 -31.1483 23.3987 -43.4344 -23.9871 -14.2345 -35.8926 29.9846 -48.6421 -28.8160 14.5562 -40.5492
13.9690 -28.6105 -48.5230 31.3970 -35.7923 -15.8768 -23.8602 -43.3827 23.3987 -31.1859 -48.5960 -3.9655 -37.0311 3.7239 -26.1861 -45.6654 30.0866 -32.8563 -46.0790 -14.6635 -38.7602 9.9429 -27.4191 -47.2161 34.3565 -34.2001 -39.4707 -19.2920 -40.4324 14.7252 -28.6787 -48.4233 33.4011 -35.3979 -25.6653 -22.3616 -42.1207 19.3492 -29.9791 -48.9788 18.9871 -36.2864 -7.5832 -24.5833 -43.8207 24.2553 -31.3221 -48.5707 -3.7366 -36.9514 3.1376 -26.0749 -45.4763 29.9430 -36.1851 25.4445 -43.8123 -24.5829 -7.5832 -36.2864 18.9871 -48.9788 -29.9791 19.3492 -42.1207 -22.3616 -25.6653 -35.3979 33.4011 -48.4233 -28.6787 14.7252 -40.4324 -19.2920 -39.4707 -34.2001 34.3565 -47.2161 -27.4191 9.9429 -38.7602 -14.6635 -46.0790 -32.8563 30.0866 -45.6654 -26.1861 3.7239 -37.0311 -3.9655 -48.5960 -31.1859 23.3987 -43.3827 -23.8602 -15.8768 -35.7923 31.3970 -48.5230 -28.6105 13.9690
-27.3905 -48.3860 32.6463 -35.6633 -18.2148 -23.6316 -43.2407 23.1109 -31.1483 -48.5960 -4.3778 -37.1109 4.2325 -26.2892 -45.8321 30.6715 -33.0247 -45.5127 -15.4426 -38.9898 10.6526 -27.5937 -47.4121 34.6871 -34.3816 -38.0137 -19.7966 -40.6727 15.3887 -28.8644 -48.5566 32.3560 -35.5550 -22.9466 -22.7360 -42.3742 20.0493 -30.1775 -48.9748 15.3593 -36.3752 -5.4677 -24.8533 -44.0699 25.0207 -31.5229 -48.4292 -5.9126 -37.1842 4.2168 -26.2454 -45.7200 30.2077 -33.7412 -24.9434 -32.9303 25.0073 -44.0699 -24.8533 -5.4677 -36.3752 15.3593 -48.9748 -30.1775 20.0493 -42.3742 -22.7360 -22.9466 -35.5550 32.3560 -48.5566 -28.8644 15.3887 -40.6727 -19.7966 -38.0137 -34.3816 34.6871 -47.4121 -27.5937 10.6526 -38.9898 -15.4426 -45.5127 -33.0247 30.6715 -45.8321 -26.2892 4.2325 -37.1109 -4.3778 -48.5960 -31.1483 23.1109 -43.2407 -23.6316 -18.2148 -35.6633 32.6463 -48.3860 -27.3905
-48.0962 33.5986 -35.5146 -20.9069 -23.3368 -43.0386 22.6090 -31.0426 -48.6342 -3.9655 -37.1109 4.4038 -26.3452 -45.9424 31.1038 -33.1611 -44.9635 -16.0898 -39.2071 11.3171 -27.7669 -47.6013 34.9032 -34.5601 -36.3954 -20.2757 -40.9131 16.0429 -29.0484 -48.6719 31.0023 -35.7008 -20.1734 -23.0908 -42.6243 20.7559 -30.3741 -48.9407 11.5439 -36.4533 -3.5540 -25.1059 -44.3204 25.7851 -31.7247 -48.2438 -7.7734 -37.4181 5.2177 -26.4175 -45.9541 30.9527 -33.1132 -44.9490 -23.8678 -47.8648 -31.7973 25.7850 -44.3204 -25.1059 -3.5540 -36.4533 11.5439 -48.9407 -30.3741 20.7559 -42.6243 -23.0908 -20.1734 -35.7008 31.0023 -48.6719 -29.0484 16.0429 -40.9131 -20.2757 -36.3954 -34.5601 34.9032 -47.6013 -27.7669 11.3171 -39.2071 -16.0898 -44.9635 -33.1611 31.1038 -45.9424 -26.3452 4.4038 -37.1109 -3.9655 -48.6342 -31.0426 22.6090 -43.0386 -23.3368 -20.9069 -35.5146 33.5986 -48.0962
28.4116 -35.1435 -23.6640 -23.0031 -42.8052 21.9711 -30.8893 -48.6889 -2.7355 -37.0311 4.2325 -26.3452 -45.9811 31.3313 -33.2517 -44.5114 -16.5838 -39.3918 11.9023 -27.9276 -47.7757 34.9832 -34.7336 -34.6070 -20.7316 -41.1542 16.6985 -29.2334 -48.7715 29.3220 -35.8375 -17.4346 -23.4250 -42.8678 21.4596 -30.5673 -48.8743 7.7744 -36.5126 -1.8401 -25.3421 -44.5695 26.5620 -31.9278 -48.0055 -9.3627 -37.6539 6.1541 -26.5919 -46.1872 31.6625 -33.2832 -44.6330 -16.8368 -41.7527 -11.3843 -48.0083 -31.9277 26.5620 -44.5695 -25.3421 -1.8401 -36.5126 7.7744 -48.8743 -30.5673 21.4596 -42.8678 -23.4250 -17.4346 -35.8375 29.3220 -48.7715 -29.2334 16.6985 -41.1542 -20.7316 -34.6070 -34.7336 34.9832 -47.7757 -27.9276 11.9023 -39.3918 -16.5838 -44.5114 -33.2517 31.3313 -45.9811 -26.3452 4.2325 -37.0311 -2.7355 -48.6889 -30.8893 21.9711 -42.8052 -23.0031 -23.6640 -35.1435 28.4116
-34.8880 -26.3298 -22.6430 -42.5586 21.2802 -30.7089 -48.7357 -0.7301 -36.8846 3.7239 -26.2892 -45.9424 31.3313 -33.2845 -44.2487 -16.9016 -39.5265 12.3652 -28.0630 -47.9232 34.9218 -34.8941 -32.7015 -21.1602 -41.3960 17.3569 -29.4196 -48.8541 27.2709 -35.9659 -14.7308 -23.7413 -43.1110 22.1625 -30.7596 -48.7903 4.2913 -36.5532 -0.3430 -25.5593 -44.8142 27.3411 -32.1307 -47.7111 -10.7645 -37.8884 7.0398 -26.7665 -46.4169 32.3440 -33.4831 -43.7721 -17.0380 -39.6527 21.7458 -38.2498 -10.7473 -47.7111 -32.1307 27.3411 -44.8142 -25.5593 -0.3430 -36.5532 4.2913 -48.7903 -30.7596 22.1625 -43.1110 -23.7413 -14.7308 -35.9659 27.2709 -48.8541 -29.4196 17.3569 -41.3960 -21.1602 -32.7015 -34.8941 34.9218 -47.9232 -28.0630 12.3652 -39.5265 -16.9016 -44.2487 -33.2845 31.3313 -45.9424 -26.2892 3.7239 -36.8846 -0.7301 -48.7357 -30.7089 21.2802 -42.5586 -22.6430 -26.3298 -34.8880
-30.7270 -22.2607 -42.3083 20.5775 -30.5179 -48.8062 1.9524 -36.6945 2.9189 -26.1861 -45.8321 31.1038 -33.2517 -44.2487 -17.0150 -39.6007 12.6620 -28.1619 -48.0339 34.7599 -35.0300 -30.8174 -21.5463 -41.6278 18.0096 -29.6067 -48.9179 24.8303 -36.0853 -12.1289 -24.0431 -43.3540 22.8736 -30.9526 -48.7232 1.1395 -36.6093 0.9863 -25.7556 -45.0538 28.1006 -32.3302 -47.3604 -11.9946 -38.1235 7.8725 -26.9428 -46.6398 32.9815 -33.6786 -42.7966 -17.7003 -39.7549 13.2616 -32.7789 9.0688 -38.1233 -11.9949 -47.3604 -32.3302 28.1006 -45.0538 -25.7556 0.9863 -36.6093 1.1395 -48.7232 -30.9526 22.8736 -43.3540 -24.0431 -12.1289 -36.0853 24.8303 -48.9179 -29.6067 18.0096 -41.6278 -21.5463 -30.8174 -35.0300 34.7599 -48.0339 -28.1619 12.6620 -39.6007 -17.0150 -44.2487 -33.2517 31.1038 -45.8321 -26.1861 2.9189 -36.6945 1.9524 -48.8062 -30.5179 20.5775 -42.3083 -22.2607 -30.7270
-20.9732 -42.0575 19.8727 -30.3234 -48.8943 5.1581 -36.5777 1.8780 -26.0504 -45.6654 30.6715 -33.1611 -44.5114 -16.9016 -39.6007 12.7668 -28.2156 -48.1042 34.5704 -35.1349 -29.1584 -21.8719 -41.8392 18.6193 -29.7867 -48.9606 21.9972 -36.1946 -9.6850 -24.3305 -43.5966 23.5928 -31.1461 -48.6581 -1.6297 -36.7606 2.1956 -25.9335 -45.2881 28.8466 -32.5249 -46.9496 -13.0625 -38.3567 8.6572 -27.1178 -46.8574 33.5545 -33.8730 -41.7027 -18.3181 -40.0030 13.5384 -29.0520 -48.7081 -28.2462 8.6399 -38.3566 -13.0625 -46.9496 -32.5249 28.8466 -45.2881 -25.9335 2.1956 -36.7606 -1.6297 -48.6581 -31.1461 23.5928 -43.5966 -24.3305 -9.6850 -36.1946 21.9972 -48.9606 -29.7867 18.6193 -41.8392 -21.8719 -29.1584 -35.1349 34.5704 -48.1042 -28.2156 12.7668 -39.6007 -16.9016 -44.5114 -33.1611 30.6715 -45.6654 -26.0504 1.8780 -36.5777 5.1581 -48.8943 -30.3234 19.8727 -42.0575 -20.9732
-42.0883 19.1666 -30.1257 -48.9518 8.7498 -36.5445 0.6568 -25.8893 -45.4577 30.0866 -33.0247 -44.9635 -16.5838 -39.5265 12.6620 -28.2156 -48.1295 34.4399 -35.2048 -27.8969 -22.1207 -42.0161 19.1564 -29.9473 -48.9813 18.9479 -36.2878 -7.4597 -24.6034 -43.8387 24.3199 -31.3402 -48.5574 -4.0208 -36.9829 3.3043 -26.1002 -45.5203 29.5858 -32.7192 -46.4737 -14.0136 -38.5878 9.4034 -27.2903 -47.0666 34.0481 -34.0635 -40.4712 -18.8914 -40.2514 14.2276 -28.5561 -47.9981 -1.8764 -46.8499 -27.3334 9.4034 -38.5878 -14.0136 -46.4737 -32.7192 29.5858 -45.5203 -26.1002 3.3043 -36.9829 -4.0208 -48.5574 -31.3402 24.3199 -43.8387 -24.6034 -7.4597 -36.2878 18.9479 -48.9813 -29.9473 19.1564 -42.0161 -22.1207 -27.8969 -35.2048 34.4399 -48.1295 -28.2156 12.6620 -39.5265 -16.5838 -44.9635 -33.0247 30.0866 -45.4577 -25.8893 0.6568 -36.5445 8.7498 -48.9518 -30.1257 19.1666 -42.0883
18.7171 -29.8861 -48.9779 12.5398 -36.4984 -0.7103 -25.7070 -45.2281 29.3967 -32.8563 -45.5127 -16.0898 -39.3918 12.3652 -28.1619 -48.1042 34.4399 -35.2301 -27.1685 -22.2774 -42.1447 19.5813 -30.0813 -48.9828 16.0333 -36.3639 -5.5466 -24.8535 -44.0770 25.0541 -31.5346 -48.4178 -6.0751 -37.2065 4.3292 -26.2651 -45.7500 30.3135 -32.9130 -45.9214 -14.8785 -38.8200 10.1271 -27.4639 -47.2671 34.4513 -34.2470 -39.1109 -19.4243 -40.4945 14.9013 -28.7259 -48.4470 32.8375 -37.5905 35.1135 -47.2483 -27.4639 10.1271 -38.8200 -14.8785 -45.9214 -32.9130 30.3135 -45.7500 -26.2651 4.3292 -37.2065 -6.0751 -48.4178 -31.5346 25.0541 -44.0770 -24.8535 -5.5466 -36.3639 16.0333 -48.9828 -30.0813 19.5813 -42.1447 -22.2774 -27.1685 -35.2301 34.4399 -48.1042 -28.1619 12.3652 -39.3918 -16.0898 -45.5127 -32.8563 29.3967 -45.2281 -25.7070 -0.7103 -36.4984 12.5398 -48.9779 -29.8861 18.7171
-28.7985 -48.9755 16.3234 -36.4325 -2.2679 -25.5053 -44.9933 28.6552 -32.6693 -46.0790 -15.4426 -39.2071 11.9023 -28.0630 -48.0339 34.5704 -35.2048 -27.1685 -22.3310 -42.2143 19.8546 -30.1779 -48.9730 13.4961 -36.4229 -3.9956 -25.0720 -44.3037 25.7731 -31.7266 -48.2353 -7.8452 -37.4315 5.2842 -26.4312 -45.9768 31.0238 -33.1060 -45.2851 -15.6711 -39.0533 10.8325 -27.6387 -47.4614 34.7544 -34.4278 -37.6133 -19.9221 -40.7344 15.5569 -28.9116 -48.5879 32.0612 -36.0357 4.7508 -35.4046 34.7656 -47.4614 -27.6387 10.8325 -39.0533 -15.6711 -45.2851 -33.1060 31.0238 -45.9768 -26.4312 5.2842 -37.4315 -7.8452 -48.2353 -31.7266 25.7731 -44.3037 -25.0720 -3.9956 -36.4229 13.4961 -48.9730 -30.1779 19.8546 -42.2143 -22.3310 -27.1685 -35.2048 34.5704 -48.0339 -28.0630 11.9023 -39.2071 -15.4426 -46.0790 -32.6693 28.6552 -44.9933 -25.5053 -2.2679 -36.4325 16.3234 -48.9755 -28.7985
-48.7791 19.8453 -36.3543 -4.0281 -25.2833 -44.7532 27.9082 -32.4748 -46.6030 -14.6635 -38.9898 11.3171 -27.9276 -47.9232 34.7599 -35.1349 -27.8969 -22.2774 -42.2143 19.9534 -30.2288 -48.9619 11.6456 -36.4649 -2.7983 -25.2506 -44.5052 26.4328 -31.9059 -48.0166 -9.3610 -37.6576 6.1812 -26.5985 -46.2005 31.7098 -33.2981 -44.5567 -16.4021 -39.2876 11.5229 -27.8148 -47.6487 34.9378 -34.6055 -35.9520 -20.3950 -40.9751 16.2113 -29.0959 -48.6991 30.6042 -35.7610 -17.8096 -28.7396 -32.9487 -34.6836 34.9378 -47.6487 -27.8148 11.5229 -39.2876 -16.4021 -44.5567 -33.2981 31.7098 -46.2005 -26.5985 6.1812 -37.6576 -9.3610 -48.0166 -31.9059 26.4328 -44.5052 -25.2506 -2.7983 -36.4649 11.6456 -48.9619 -30.2288 19.9534 -42.2143 -22.2774 -27.8969 -35.1349 34.7599 -47.9232 -27.9276 11.3171 -38.9898 -14.6635 -46.6030 -32.4748 27.9082 -44.7532 -25.2833 -4.0281 -36.3543 19.8453 -48.7791
10.6535 -35.9704 -5.9791 -25.0428 -44.5051 27.1392 -32.2783 -47.0604 -13.7779 -38.7602 10.6526 -27.7669 -47.7757 34.9218 -35.0300 -29.1584 -22.1207 -42.1447 19.8546 -30.2288 -48.9569 10.6875 -36.4898 -1.9946 -25.3809 -44.6658 26.9990 -32.0658 -47.7771 -10.6003 -37.8753 7.0181 -26.7671 -46.4206 32.3631 -33.4890 -43.7272 -17.0804 -39.5230 12.2015 -27.9921 -47.8283 34.9795 -34.7799 -34.1188 -20.8453 -41.2163 16.8675 -29.2812 -48.7945 28.8310 -35.8713 -16.7462 -23.9776 -45.6678 -21.8431 -34.1357 -34.7799 34.9795 -47.8283 -27.9921 12.2015 -39.5230 -17.0804 -43.7272 -33.4890 32.3631 -46.4206 -26.7671 7.0181 -37.8753 -10.6003 -47.7771 -32.0658 26.9990 -44.6658 -25.3809 -1.9946 -36.4898 10.6875 -48.9569 -30.2288 19.8546 -42.1447 -22.1207 -29.1584 -35.0300 34.9218 -47.7757 -27.7669 10.6526 -38.7602 -13.7779 -47.0604 -32.2783 27.1392 -44.5051 -25.0428 -5.9791 -35.9704 10.6535
-36.1268 -8.1769 -24.7852 -44.2554 26.3597 -32.0782 -47.4544 -12.8020 -38.5282 9.9429 -27.5937 -47.6013 34.9832 -34.8941 -30.8174 -21.8719 -42.0161 19.5813 -30.1779 -48.9619 10.6875 -36.4971 -1.5973 -25.4603 -44.7784 27.4361 -32.1968 -47.5350 -11.5892 -38.0711 7.7593 -26.9288 -46.6339 32.9740 -33.6785 -42.7870 -17.7132 -39.7594 12.8711 -28.1705 -47.9993 34.8552 -34.9503 -32.1081 -21.2748 -41.4582 17.5268 -29.4676 -48.8724 26.6810 -35.9975 -14.0495 -23.8281 -43.2569 32.9459 -41.7557 -21.2876 -32.1081 -34.9503 34.8552 -47.9993 -28.1705 12.8711 -39.7594 -17.7132 -42.7870 -33.6785 32.9740 -46.6339 -26.9288 7.7593 -38.0711 -11.5892 -47.5350 -32.1968 27.4361 -44.7784 -25.4603 -1.5973 -36.4971 10.6875 -48.9619 -30.1779 19.5813 -42.0161 -21.8719 -30.8174 -34.8941 34.9832 -47.6013 -27.5937 9.9429 -38.5282 -12.8020 -47.4544 -32.0782 26.3597 -44.2554 -24.7852 -8.1769 -36.1268
-12.4173 -24.5167 -44.0070 25.5912 -31.8751 -47.7932 -11.6895 -38.2975 9.2139 -27.4191 -47.4121 34.9032 -34.7336 -32.7015 -21.5463 -41.8392 19.1564 -30.0813 -48.9730 11.6456 -36.4898 -1.5973 -25.4870 -44.8391 27.7055 -32.2873 -47.3281 -12.3370 -38.2383 8.3736 -27.0721 -46.8250 33.5014 -33.8600 -41.7391 -18.3062 -39.9968 13.5338 -28.3502 -48.1608 34.5382 -35.1164 -29.9196 -21.6850 -41.7005 18.1902 -29.6550 -48.9311 24.1390 -36.1144 -11.4836 -24.1184 -43.4144 23.5204 -34.9832 19.2726 -41.6982 -21.6850 -29.9196 -35.1164 34.5382 -48.1608 -28.3502 13.5338 -39.9968 -18.3062 -41.7391 -33.8600 33.5014 -46.8250 -27.0721 8.3736 -38.2383 -12.3370 -47.3281 -32.2873 27.7055 -44.8391 -25.4870 -1.5973 -36.4898 11.6456 -48.9730 -30.0813 19.1564 -41.8392 -21.5463 -32.7015 -34.7336 34.9032 -47.4121 -27.4191 9.2139 -38.2975 -11.6895 -47.7932 -31.8751 25.5912 -44.0070 -24.5167 -12.4173
-22.9595 -43.7552 24.8218 -31.6731 -48.0726 -10.4176 -38.0647 8.4611 -27.2458 -47.2161 34.6871 -34.5601 -34.6070 -21.1602 -41.6278 18.6193 -29.9473 -48.9828 13.4961 -36.4649 -1.9946 -25.4603 -44.8391 27.7943 -32.3350 -47.1887 -12.8196 -38.3666 8.8625 -27.1949 -46.9855 33.9168 -34.0239 -40.6346 -18.8429 -40.2316 14.1918 -28.5310 -48.3119 33.9995 -35.2776 -27.5598 -22.0773 -41.9433 18.8587 -29.8433 -48.9685 21.2092 -36.2210 -9.0870 -24.4021 -43.6589 23.7762 -32.0454 -41.2340 -31.2116 18.8533 -41.9433 -22.0773 -27.5598 -35.2776 33.9995 -48.3119 -28.5310 14.1918 -40.2316 -18.8429 -40.6346 -34.0239 33.9168 -46.9855 -27.1949 8.8625 -38.3666 -12.8196 -47.1887 -32.3350 27.7943 -44.8391 -25.4603 -1.9946 -36.4649 13.4961 -48.9828 -29.9473 18.6193 -41.6278 -21.1602 -34.6070 -34.5601 34.6871 -47.2161 -27.2458 8.4611 -38.0647 -10.4176 -48.0726 -31.6731 24.8218 -43.7552 -22.9595
-43.6531 24.0596 -31.4720 -48.2949 -8.9841 -37.8292 7.6663 -27.0723 -47.0141 34.3565 -34.3816 -36.3954 -20.7316 -41.3960 18.0096 -29.7867 -48.9813 16.0333 -36.4229 -2.7983 -25.3809 -44.7784 27.7055 -32.3350 -47.1373 -13.0654 -38.4484 9.2035 -27.2910 -47.1167 34.2319 -34.1661 -39.5491 -19.3066 -40.4534 14.8189 -28.7103 -48.4513 33.2082 -35.4333 -25.0458 -22.4526 -42.1863 19.5332 -30.0326 -48.9824 17.9275 -36.3162 -6.8905 -24.6712 -43.9008 24.5080 -31.4177 -48.4385 -19.6546 -48.8253 -30.0959 19.5332 -42.1863 -22.4526 -25.0458 -35.4333 33.2082 -48.4513 -28.7103 14.8189 -40.4534 -19.3066 -39.5491 -34.1661 34.2319 -47.1167 -27.2910 9.2035 -38.4484 -13.0654 -47.1373 -32.3350 27.7055 -44.7784 -25.3809 -2.7983 -36.4229 16.0333 -48.9813 -29.7867 18.0096 -41.3960 -20.7316 -36.3954 -34.3816 34.3565 -47.0141 -27.0723 7.6663 -37.8292 -8.9841 -48.2949 -31.4720 24.0596 -43.6531
23.6179 -31.2000 -48.4701 -7.3178 -37.5924 6.8137 -26.8974 -46.8032 33.9303 -34.2001 -38.0137 -20.2757 -41.1542 17.3569 -29.6067 -48.9606 18.9479 -36.3639 -3.9956 -25.2506 -44.6658 27.4361 -32.2873 -47.1887 -13.0654 -38.4776 9.3807 -27.3504 -47.2085 34.4461 -34.2835 -38.5307 -19.6977 -40.6520 15.3886 -28.8776 -48.5728 32.1495 -35.5829 -22.4075 -22.8117 -42.4296 20.2144 -30.2228 -48.9703 14.3763 -36.3988 -4.9033 -24.9256 -44.1419 25.2440 -31.5847 -48.3760 -7.5394 -39.6123 9.1763 -48.9103 -30.2228 20.2144 -42.4296 -22.8117 -22.4075 -35.5829 32.1495 -48.5728 -28.8776 15.3886 -40.6520 -19.6977 -38.5307 -34.2835 34.4461 -47.2085 -27.3504 9.3807 -38.4776 -13.0654 -47.1887 -32.2873 27.4361 -44.6658 -25.2506 -3.9956 -36.3639 18.9479 -48.9606 -29.6067 17.3569 -41.1542 -20.2757 -38.0137 -34.2001 33.9303 -46.8032 -26.8974 6.8137 -37.5924 -7.3178 -48.4701 -31.2000 23.6179
-30.2531 -48.6007 -5.3798 -37.3574 5.9173 -26.7218 -46.5840 33.4162 -34.0139 -39.4707 -19.7966 -40.9131 16.6985 -29.4196 -48.9179 21.9972 -36.2878 -5.5466 -25.0720 -44.5052 26.9990 -32.1968 -47.3281 -12.8196 -38.4484 9.3807 -27.3702 -47.2540 34.5628 -34.3664 -37.6806 -20.0117 -40.8236 15.8930 -29.0260 -48.6707 30.8928 -35.7200 -19.7292 -23.1553 -42.6730 20.9030 -30.4138 -48.9296 10.6926 -36.4677 -3.1176 -25.1649 -44.3820 25.9859 -31.7795 -48.1809 -8.2497 -37.6455 15.8198 -36.7497 10.7744 -48.9296 -30.4138 20.9030 -42.6730 -23.1553 -19.7292 -35.7200 30.8928 -48.6707 -29.0260 15.8930 -40.8236 -20.0117 -37.6806 -34.3664 34.5628 -47.2540 -27.3702 9.3807 -38.4484 -12.8196 -47.3281 -32.1968 26.9990 -44.5052 -25.0720 -5.5466 -36.2878 21.9972 -48.9179 -29.4196 16.6985 -40.9131 -19.7966 -39.4707 -34.0139 33.4162 -46.5840 -26.7218 5.9173 -37.3574 -5.3798 -48.6007 -30.2531
-48.7610 -3.1553 -37.1237 4.9648 -26.5464 -46.3575 32.8207 -33.8237 -40.7946 -19.2920 -40.6727 16.0429 -29.2334 -48.8541 24.8303 -36.1946 -7.4597 -24.8535 -44.3037 26.4328 -32.0658 -47.5350 -12.3370 -38.3666 9.2035 -27.3504 -47.2540 34.5990 -34.4076 -37.1324 -20.2289 -40.9578 16.3140 -29.1567 -48.7483 29.5570 -35.8371 -17.2253 -23.4703 -42.9129 21.5994 -30.6055 -48.8571 7.0539 -36.5213 -1.5152 -25.3889 -44.6210 26.7322 -31.9744 -47.9385 -9.7442 -37.7159 6.9267 -31.5825 0.6880 -36.5371 7.0526 -48.8571 -30.6055 21.5994 -42.9129 -23.4703 -17.2253 -35.8371 29.5570 -48.7483 -29.1567 16.3140 -40.9578 -20.2289 -37.1324 -34.4076 34.5990 -47.2540 -27.3504 9.2035 -38.3666 -12.3370 -47.5350 -32.0658 26.4328 -44.3037 -24.8535 -7.4597 -36.1946 24.8303 -48.8541 -29.2334 16.0429 -40.6727 -19.2920 -40.7946 -33.8237 32.8207 -46.3575 -26.5464 4.9648 -37.1237 -3.1553 -48.7610
-6.8482 -36.8909 3.9443 -26.3733 -46.1272 32.1719 -33.6295 -41.9903 -18.7509 -40.4324 15.3887 -29.0484 -48.7715 27.2709 -36.0853 -9.6850 -24.6034 -44.0770 25.7731 -31.9059 -47.7771 -11.5892 -38.2383 8.8625 -27.2910 -47.2085 34.5628 -34.4076 -36.9453 -20.3357 -41.0404 16.6138 -29.2599 -48.8068 28.1987 -35.9326 -15.0599 -23.7407 -43.1354 22.2736 -30.7940 -48.7764 3.6352 -36.5581 -0.0734 -25.5969 -44.8585 27.4810 -32.1695 -47.6429 -11.0472 -37.9437 7.2375 -27.4070 -48.5318 -26.5933 -0.1014 -36.5578 3.6352 -48.7764 -30.7940 22.2736 -43.1354 -23.7407 -15.0599 -35.9326 28.1987 -48.8068 -29.2599 16.6138 -41.0404 -20.3357 -36.9453 -34.4076 34.5628 -47.2085 -27.2910 8.8625 -38.2383 -11.5892 -47.7771 -31.9059 25.7731 -44.0770 -24.6034 -9.6850 -36.0853 27.2709 -48.7715 -29.0484 15.3887 -40.4324 -18.7509 -41.9903 -33.6295 32.1719 -46.1272 -26.3733 3.9443 -36.8909 -6.8482
-37.4366 2.8544 -26.2019 -45.8956 31.4865 -33.4306 -43.0616 -18.1617 -40.1867 14.7252 -28.8644 -48.6719 29.3220 -35.9659 -12.1289 -24.3305 -43.8387 25.0541 -31.7266 -48.0166 -10.6003 -38.0711 8.3736 -27.1949 -47.1167 34.4461 -34.3664 -37.1324 -20.3357 -41.0680 16.7639 -29.3236 -48.8439 26.9850 -36.0058 -13.2874 -23.9621 -43.3265 22.8737 -30.9666 -48.7160 0.6375 -36.6299 1.2308 -25.7884 -45.0944 28.2296 -32.3644 -47.2890 -12.2029 -38.1727 8.0407 -26.9962 -46.5791 27.2320 -45.1468 -25.8192 1.2308 -36.6299 0.6375 -48.7160 -30.9666 22.8737 -43.3265 -23.9621 -13.2874 -36.0058 26.9850 -48.8439 -29.3236 16.7639 -41.0680 -20.3357 -37.1324 -34.3664 34.4461 -47.1167 -27.1949 8.3736 -38.0711 -10.6003 -48.0166 -31.7266 25.0541 -43.8387 -24.3305 -12.1289 -35.9659 29.3220 -48.6719 -28.8644 14.7252 -40.1867 -18.1617 -43.0616 -33.4306 31.4865 -45.8956 -26.2019 2.8544 -37.4366
0.9869 -26.0473 -45.6582 30.7613 -33.2325 -44.0058 -17.5328 -39.9390 14.0507 -28.6787 -48.5566 31.0023 -35.8375 -14.7308 -24.0431 -43.5966 24.3199 -31.5346 -48.2353 -9.3610 -37.8753 7.7593 -27.0721 -46.9855 34.2319 -34.2835 -37.6806 -20.2289 -41.0404 16.7639 -29.3449 -48.8610 26.1759 -36.0567 -11.9347 -24.1389 -43.4860 23.3867 -31.1160 -48.6604 -1.7778 -36.7860 2.3733 -25.9610 -45.3283 28.9747 -32.5590 -46.8707 -13.2377 -38.4028 8.8083 -27.1522 -46.8959 34.0710 -36.9192 30.2286 -45.3190 -25.9610 2.3733 -36.7860 -1.7778 -48.6604 -31.1160 23.3867 -43.4860 -24.1389 -11.9347 -36.0567 26.1759 -48.8610 -29.3449 16.7639 -41.0404 -20.2289 -37.6806 -34.2835 34.2319 -46.9855 -27.0721 7.7593 -37.8753 -9.3610 -48.2353 -31.5346 24.3199 -43.5966 -24.0431 -14.7308 -35.8375 31.0023 -48.5566 -28.6787 14.0507 -39.9390 -17.5328 -44.0058 -33.2325 30.7613 -45.6582 -26.0473 0.9869
-24.5167 -45.4177 30.0142 -33.0335 -44.8259 -16.8652 -39.6920 13.3644 -28.4901 -48.4233 32.3560 -35.7008 -17.4346 -23.7413 -43.3540 23.5928 -31.3402 -48.4178 -7.8452 -37.6576 7.0181 -26.9288 -46.8250 33.9168 -34.1661 -38.5307 -20.0117 -40.9578 16.6138 -29.3236 -48.8610 25.8959 -36.0833 -11.0811 -24.2662 -43.6142 23.8207 -31.2434 -48.5931 -3.6376 -36.9701 3.3350 -26.1139 -45.5502 29.7019 -32.7533 -46.3819 -14.1725 -38.6341 9.5497 -27.3248 -47.1069 34.1373 -34.8756 -8.2793 -34.0989 29.6999 -45.5503 -26.1139 3.3350 -36.9701 -3.6376 -48.5931 -31.2434 23.8207 -43.6142 -24.2662 -11.0811 -36.0833 25.8959 -48.8610 -29.3236 16.6138 -40.9578 -20.0117 -38.5307 -34.1661 33.9168 -46.8250 -26.9288 7.0181 -37.6576 -7.8452 -48.4178 -31.3402 23.5928 -43.3540 -23.7413 -17.4346 -35.7008 32.3560 -48.4233 -28.4901 13.3644 -39.6920 -16.8652 -44.8259 -33.0335 30.0142 -45.4177 -24.5167
-45.2106 29.2487 -32.8312 -45.5486 -16.1395 -39.4459 12.6719 -28.3030 -48.2751 33.4011 -35.5550 -20.1734 -23.4250 -43.1110 22.8736 -31.1461 -48.5574 -6.0751 -37.4315 6.1812 -26.7671 -46.6339 33.5014 -34.0239 -39.5491 -19.6977 -40.8236 16.3140 -29.2599 -48.8439 26.1759 -36.0833 -10.8012 -24.3308 -43.6973 24.1428 -31.3460 -48.5216 -5.0587 -37.1297 4.1305 -26.2495 -45.7503 30.3657 -32.9387 -45.8240 -15.0239 -38.8665 10.2694 -27.4987 -47.3063 34.5201 -34.3119 -37.9251 -26.2287 -44.7467 -33.0164 30.3656 -45.7503 -26.2495 4.1305 -37.1297 -5.0587 -48.5216 -31.3460 24.1428 -43.6973 -24.3308 -10.8012 -36.0833 26.1759 -48.8439 -29.2599 16.3140 -40.8236 -19.6977 -39.5491 -34.0239 33.5014 -46.6339 -26.7671 6.1812 -37.4315 -6.0751 -48.5574 -31.1461 22.8736 -43.1110 -23.4250 -20.1734 -35.5550 33.4011 -48.2751 -28.3030 12.6719 -39.4459 -16.1395 -45.5486 -32.8312 29.2487 -45.2106
28.5085 -32.5283 -46.1730 -15.3553 -39.2038 11.9793 -28.1175 -48.1170 34.1535 -35.3979 -22.9466 -23.0908 -42.8678 22.1625 -30.9526 -48.6581 -4.0208 -37.2065 5.2842 -26.5985 -46.4206 32.9740 -33.8600 -40.6346 -19.3066 -40.6520 15.8930 -29.1567 -48.8068 26.9850 -36.0567 -11.0811 -24.3308 -43.7249 24.3096 -31.4126 -48.4597 -6.1033 -37.2642 4.7740 -26.3679 -45.9257 30.9441 -33.1042 -45.2327 -15.7728 -39.0967 10.9715 -27.6737 -47.4992 34.8010 -34.4627 -37.3105 -20.4649 -43.4211 -17.0329 -45.2413 -33.1028 30.9441 -45.9257 -26.3679 4.7740 -37.2642 -6.1033 -48.4597 -31.4126 24.3096 -43.7249 -24.3308 -11.0811 -36.0567 26.9850 -48.8068 -29.1567 15.8930 -40.6520 -19.3066 -40.6346 -33.8600 32.9740 -46.4206 -26.5985 5.2842 -37.2065 -4.0208 -48.6581 -30.9526 22.1625 -42.8678 -23.0908 -22.9466 -35.3979 34.1535 -48.1170 -28.1175 11.9793 -39.2038 -15.3553 -46.1730 -32.5283 28.5085
-31.7448 -46.7065 -14.5078 -38.9601 11.2686 -27.9317 -47.9455 34.6511 -35.2356 -25.6653 -22.7360 -42.6243 21.4596 -30.7596 -48.7232 -1.6297 -36.9829 4.3292 -26.4312 -46.2005 32.3631 -33.6785 -41.7391 -18.8429 -40.4534 15.3886 -29.0260 -48.7483 28.1987 -36.0058 -11.9347 -24.2662 -43.6973 24.3096 -31.4348 -48.4246 -6.7381 -37.3638 5.2713 -26.4678 -46.0737 31.4389 -33.2479 -44.6519 -16.3964 -39.3111 11.6301 -27.8475 -47.6851 34.9580 -34.6398 -35.6086 -20.4867 -41.1440 26.3529 -39.6563 -16.3870 -44.6517 -33.2479 31.4389 -46.0737 -26.4678 5.2713 -37.3638 -6.7381 -48.4246 -31.4348 24.3096 -43.6973 -24.2662 -11.9347 -36.0058 28.1987 -48.7483 -29.0260 15.3886 -40.4534 -18.8429 -41.7391 -33.6785 32.3631 -46.2005 -26.4312 4.3292 -36.9829 -1.6297 -48.7232 -30.7596 21.4596 -42.6243 -22.7360 -25.6653 -35.2356 34.6511 -47.9455 -27.9317 11.2686 -38.9601 -14.5078 -46.7065 -31.7448
-47.5130 -13.5713 -38.7174 10.5433 -27.7476 -47.7642 34.9163 -35.0679 -28.2223 -22.3616 -42.3742 20.7559 -30.5673 -48.7903 1.1395 -36.7606 3.3043 -26.2651 -45.9768 31.7098 -33.4890 -42.7870 -18.3062 -40.2316 14.8189 -28.8776 -48.6707 29.5570 -35.9326 -13.2874 -24.1389 -43.6142 24.1428 -31.4126 -48.4246 -6.9427 -37.4153 5.5851 -26.5418 -46.1916 31.8435 -33.3720 -44.0935 -16.9054 -39.4994 12.2110 -28.0097 -47.8556 34.9697 -34.8134 -33.7411 -20.9292 -41.2568 17.3921 -33.6704 13.2711 -39.4959 -16.9054 -44.0935 -33.3720 31.8435 -46.1916 -26.5418 5.5851 -37.4153 -6.9427 -48.4246 -31.4126 24.1428 -43.6142 -24.1389 -13.2874 -35.9326 29.5570 -48.6707 -28.8776 14.8189 -40.2316 -18.3062 -42.7870 -33.4890 31.7098 -45.9768 -26.2651 3.3043 -36.7606 1.1395 -48.7903 -30.5673 20.7559 -42.3742 -22.3616 -28.2223 -35.0679 34.9163 -47.7642 -27.7476 10.5433 -38.7174 -13.5713 -47.5130
-14.0751 -38.4780 9.8074 -27.5647 -47.5741 34.9821 -34.8918 -30.6322 -21.9658 -42.1207 20.0493 -30.3741 -48.8743 4.2913 -36.6093 2.1956 -26.1002 -45.7500 31.0238 -33.2981 -43.7272 -17.7132 -39.9968 14.1918 -28.7103 -48.5728 30.8928 -35.8371 -15.0599 -23.9621 -43.4860 23.8207 -31.3460 -48.4597 -6.7381 -37.4153 5.6882 -26.5801 -46.2676 32.1342 -33.4729 -43.5740 -17.3227 -39.6613 12.7090 -28.1524 -48.0016 34.8329 -34.9759 -31.7261 -21.3548 -41.4998 17.6373 -30.2689 -47.5623 -29.4002 12.6946 -39.6614 -17.3227 -43.5740 -33.4729 32.1342 -46.2676 -26.5801 5.6882 -37.4153 -6.7381 -48.4597 -31.3460 23.8207 -43.4860 -23.9621 -15.0599 -35.8371 30.8928 -48.5728 -28.7103 14.1918 -39.9968 -17.7132 -43.7272 -33.2981 31.0238 -45.7500 -26.1002 2.1956 -36.6093 4.2913 -48.8743 -30.3741 20.0493 -42.1207 -21.9658 -30.6322 -34.8918 34.9821 -47.5741 -27.5647 9.8074 -38.4780 -14.0751
-38.8465 9.0425 -27.3837 -47.3758 34.8783 -34.7144 -32.8468 -21.5525 -41.8703 19.3492 -30.1775 -48.9407 7.7744 -36.5532 0.9863 -25.9335 -45.5203 30.3135 -33.1060 -44.5567 -17.0804 -39.7594 13.5338 -28.5310 -48.4513 32.1495 -35.7200 -17.2253 -23.7407 -43.3265 23.3867 -31.2434 -48.5216 -6.1033 -37.3638 5.5851 -26.5801 -46.2928 32.2814 -33.5381 -43.1631 -17.6520 -39.7967 13.1273 -28.2744 -48.1230 34.5794 -35.1168 -29.7030 -21.7444 -41.7387 18.3045 -29.7106 -48.7331 -12.4762 -47.9602 -28.3243 13.1274 -39.7967 -17.6520 -43.1631 -33.5381 32.2814 -46.2928 -26.5801 5.5851 -37.3638 -6.1033 -48.5216 -31.2434 23.3867 -43.3265 -23.7407 -17.2253 -35.7200 32.1495 -48.4513 -28.5310 13.5338 -39.7594 -17.0804 -44.5567 -33.1060 30.3135 -45.5203 -25.9335 0.9863 -36.5532 7.7744 -48.9407 -30.1775 19.3492 -41.8703 -21.5525 -32.8468 -34.7144 34.8783 -47.3758 -27.3837 9.0425 -38.8465
8.0648 -27.2071 -47.1726 34.6338 -34.5333 -34.8512 -21.1223 -41.6176 18.6487 -29.9791 -48.9748 11.5439 -36.5126 -0.3430 -25.7556 -45.2881 29.5858 -32.9130 -45.2851 -16.4021 -39.5230 12.8711 -28.3502 -48.3119 33.2082 -35.5829 -19.7292 -23.4703 -43.1354 22.8737 -31.1160 -48.5931 -5.0587 -37.2642 5.2713 -26.5418 -46.2676 32.2814 -33.5598 -42.9422 -17.8610 -39.8984 13.4584 -28.3739 -48.2194 34.2590 -35.2341 -27.8439 -22.0755 -41.9606 18.9450 -29.8717 -48.9557 19.1419 -38.3396 33.4543 -48.1876 -28.3738 13.4584 -39.8984 -17.8610 -42.9422 -33.5598 32.2814 -46.2676 -26.5418 5.2713 -37.2642 -5.0587 -48.5931 -31.1160 22.8737 -43.1354 -23.4703 -19.7292 -35.5829 33.2082 -48.3119 -28.3502 12.8711 -39.5230 -16.4021 -45.2851 -32.9130 29.5858 -45.2881 -25.7556 -0.3430 -36.5126 11.5439 -48.9748 -29.9791 18.6487 -41.6176 -21.1223 -34.8512 -34.5333 34.6338 -47.1726 -27.2071 8.0648
-25.8301 -46.9606 34.2674 -34.3452 -36.6890 -20.6665 -41.3653 17.9538 -29.7823 -48.9788 15.3593 -36.4533 -1.8401 -25.5593 -45.0538 28.8466 -32.7192 -45.9214 -15.6711 -39.2876 12.2015 -28.1705 -48.1608 33.9995 -35.4333 -22.4075 -23.1553 -42.9129 22.2736 -30.9666 -48.6604 -3.6376 -37.1297 4.7740 -26.4678 -46.1916 32.1342 -33.5381 -42.9422 -17.9296 -39.9527 13.6753 -28.4487 -48.2924 33.9218 -35.3297 -26.2122 -22.3469 -42.1515 19.5135 -30.0407 -48.9844 17.4707 -36.5315 9.6027 -36.0359 33.9537 -48.2924 -28.4487 13.6753 -39.9527 -17.9296 -42.9422 -33.5381 32.1342 -46.1916 -26.4678 4.7740 -37.1297 -3.6376 -48.6604 -30.9666 22.2736 -42.9129 -23.1553 -22.4075 -35.4333 33.9995 -48.1608 -28.1705 12.2015 -39.2876 -15.6711 -45.9214 -32.7192 28.8466 -45.0538 -25.5593 -1.8401 -36.4533 15.3593 -48.9788 -29.7823 17.9538 -41.3653 -20.6665 -36.6890 -34.3452 34.2674 -46.9606 -25.8301
-46.6809 33.7958 -34.1558 -38.3399 -20.1884 -41.1158 17.2705 -29.5864 -48.9564 18.9871 -36.3752 -3.5540 -25.3421 -44.8142 28.1006 -32.5249 -46.4737 -14.8785 -39.0533 11.5229 -27.9921 -47.9993 34.5382 -35.2776 -25.0458 -22.8117 -42.6730 21.5994 -30.7940 -48.7160 -1.7778 -36.9701 4.1305 -26.3679 -46.0737 31.8435 -33.4729 -43.1631 -17.8610 -39.9527 13.7506 -28.4901 -48.3402 33.6141 -35.4053 -24.8236 -22.5671 -42.3114 19.9992 -30.1873 -48.9741 14.2814 -36.4166 -3.6106 -30.0087 -20.3203 -35.4794 33.6141 -48.3402 -28.4901 13.7506 -39.9527 -17.8610 -43.1631 -33.4729 31.8435 -46.0737 -26.3679 4.1305 -36.9701 -1.7778 -48.7160 -30.7940 21.5994 -42.6730 -22.8117 -25.0458 -35.2776 34.5382 -47.9993 -27.9921 11.5229 -39.0533 -14.8785 -46.4737 -32.5249 28.1006 -44.8142 -25.3421 -3.5540 -36.3752 18.9871 -48.9564 -29.5864 17.2705 -41.1158 -20.1884 -38.3399 -34.1558 33.7958 -46.6809
32.0087 -33.8183 -39.8190 -19.6841 -40.8644 16.5843 -29.3924 -48.9093 22.2932 -36.2864 -5.4677 -25.1059 -44.5695 27.3411 -32.3302 -46.9496 -14.0136 -38.8200 10.8325 -27.8148 -47.8283 34.8552 -35.1164 -27.5598 -22.4526 -42.4296 20.9030 -30.6055 -48.7764 0.6375 -36.7860 3.3350 -26.2495 -45.9257 31.4389 -33.3720 -43.5740 -17.6520 -39.8984 13.6753 -28.4901 -48.3565 33.4246 -35.4557 -23.7394 -22.7412 -42.4435 20.4100 -30.3125 -48.9496 11.4409 -36.4580 -3.1379 -25.6654 -46.9468 -23.7704 -23.7576 -35.4557 33.4246 -48.3565 -28.4901 13.6753 -39.8984 -17.6520 -43.5740 -33.3720 31.4389 -45.9257 -26.2495 3.3350 -36.7860 0.6375 -48.7764 -30.6055 20.9030 -42.4296 -22.4526 -27.5598 -35.1164 34.8552 -47.8283 -27.8148 10.8325 -38.8200 -14.0136 -46.9496 -32.3302 27.3411 -44.5695 -25.1059 -5.4677 -36.2864 22.2932 -48.9093 -29.3924 16.5843 -40.8644 -19.6841 -39.8190 -33.8183 32.0087
-33.2379 -41.1407 -19.1513 -40.6145 15.9027 -29.2002 -48.8408 25.1659 -36.1855 -7.5832 -24.8533 -44.3204 26.5620 -32.1307 -47.3604 -13.0625 -38.5878 10.1271 -27.6387 -47.6487 34.9795 -34.9503 -29.9196 -22.0773 -42.1863 20.2144 -30.4138 -48.8571 3.6352 -36.6299 2.3733 -26.1139 -45.7503 30.9441 -33.2479 -44.0935 -17.3227 -39.7967 13.4584 -28.4487 -48.3402 33.4246 -35.4731 -23.1306 -22.8547 -42.5437 20.7432 -30.4541 -48.8947 9.0208 -36.5019 -1.8927 -25.3771 -44.6516 35.4780 -42.8118 -22.8757 -23.1320 -35.4681 33.4246 -48.3402 -28.4487 13.4584 -39.7967 -17.3227 -44.0935 -33.2479 30.9441 -45.7503 -26.1139 2.3733 -36.6299 3.6352 -48.8571 -30.4138 20.2144 -42.1863 -22.0773 -29.9196 -34.9503 34.9795 -47.6487 -27.6387 10.1271 -38.5878 -13.0625 -47.3604 -32.1307 26.5620 -44.3204 -24.8533 -7.5832 -36.1855 25.1659 -48.8408 -29.2002 15.9027 -40.6145 -19.1513 -41.1407 -33.2379
-43.1852 -18.5926 -40.3675 15.2284 -29.0074 -48.7517 27.6461 -36.0681 -9.9488 -24.5833 -44.0699 25.7851 -31.9278 -47.7111 -11.9946 -38.3567 9.4034 -27.4639 -47.4614 34.9378 -34.7799 -32.1081 -21.6850 -41.9433 19.5332 -30.2228 -48.9296 7.0539 -36.5581 1.2308 -25.9610 -45.5502 30.3657 -33.1042 -44.6519 -16.9054 -39.6613 13.1273 -28.3739 -48.2924 33.6141 -35.4557 -23.1306 -22.5693 -42.5817 20.9756 -30.7045 -48.8442 5.4015 -36.5429 -0.6090 -25.6251 -44.8077 27.6707 -35.7061 22.1991 -42.5470 -23.0626 -23.4305 -35.4507 33.6141 -48.2924 -28.3739 13.1273 -39.6613 -16.9054 -44.6519 -33.1042 30.3657 -45.5502 -25.9610 1.2308 -36.5581 7.0539 -48.9296 -30.2228 19.5332 -41.9433 -21.6850 -32.1081 -34.7799 34.9378 -47.4614 -27.4639 9.4034 -38.3567 -11.9946 -47.7111 -31.9278 25.7851 -44.0699 -24.5833 -9.9488 -36.0681 27.6461 -48.7517 -29.0074 15.2284 -40.3675 -18.5926 -43.1852
-17.9642 -40.1187 14.5469 -28.8168 -48.6444 29.7085 -35.9426 -12.5167 -24.2983 -43.8207 25.0207 -31.7247 -48.0055 -10.7645 -38.1235 8.6572 -27.2903 -47.2671 34.7544 -34.6055 -34.1188 -21.2748 -41.7005 18.8587 -30.0326 -48.9703 10.6926 -36.5213 -0.0734 -25.7884 -45.3283 29.7019 -32.9387 -45.2327 -16.3964 -39.4994 12.7090 -28.2744 -48.2194 33.9218 -35.4053 -23.7394 -22.8626 -42.7408 20.7735 -30.7449 -48.7866 3.5436 -36.7531 0.7466 -25.8211 -45.1710 27.8646 -32.9385 -32.8201 -32.2242 20.8230 -42.3599 -22.7529 -23.7261 -35.4053 33.9218 -48.2194 -28.2744 12.7090 -39.4994 -16.3964 -45.2327 -32.9387 29.7019 -45.3283 -25.7884 -0.0734 -36.5213 10.6926 -48.9703 -30.0326 18.8587 -41.7005 -21.2748 -34.1188 -34.6055 34.7544 -47.2671 -27.2903 8.6572 -38.1235 -10.7645 -48.0055 -31.7247 25.0207 -43.8207 -24.2983 -12.5167 -35.9426 29.7085 -48.6444 -28.8168 14.5469 -40.1187 -17.9642
