-24.2997 -48.7737 3.0528 -42.4312 23.9824 -34.7389 -2.6199 -26.0378 -48.6779 -7.1933 -43.5991 27.3366 -35.8169 3.5205 -27.3800 -47.8505 -12.9686 -44.7849 30.6354 -36.9098 7.8298 -28.6802 -45.7921 -16.5709 -45.9178 33.1702 -38.0206 11.3370 -29.9641 -41.7765 -19.2101 -46.9694 33.5919 -39.1660 14.6030 -31.2558 -34.6328 -21.3623 -47.8747 29.3230 -40.3256 17.8411 -32.5508 -23.0108 -23.3589 -48.5890 11.4924 -42.2741 25.2742 -36.1632 9.9333 -31.9679 -4.8185 -29.8706 -11.7553 -30.6598 5.2744 -34.9485 22.1532 -41.4321 20.9814 -48.3414 -22.5512 -28.3175 -32.0259 16.5283 -39.8606 31.7944 -47.5410 -20.5623 -37.8622 -30.7570 13.3668 -38.7274 33.8175 -46.5883 -18.3037 -43.5533 -29.4913 10.0982 -37.6098 32.3909 -45.5101 -15.3993 -46.7291 -28.2051 6.3778 -36.5061 29.4655 -44.3538 -11.2106 -48.2672 -26.9005 1.5887 -35.4307 26.1237 -43.1805 -4.3005 -48.7622 -25.6169 -4.8795
-48.7737 6.3637 -42.5190 24.2169 -35.1647 -1.3231 -26.6681 -48.5745 -6.3040 -43.7191 27.6790 -36.2272 4.3239 -27.9848 -47.5393 -12.7800 -44.9291 31.0965 -37.2986 8.3801 -29.2515 -45.1568 -16.7094 -46.0748 33.8729 -38.3797 11.7522 -30.5047 -40.6601 -19.5417 -47.1220 34.7604 -39.4831 14.9368 -31.7680 -32.8243 -21.8343 -48.0090 31.2968 -40.5900 18.1172 -33.0227 -20.8728 -23.8465 -48.6410 17.2331 -42.0887 23.8174 -35.7110 6.2784 -30.7162 -24.1106 -27.4789 -40.2799 -26.1482 -37.5709 -28.8702 0.0081 -34.6294 21.2218 -41.4284 24.8484 -48.4284 -23.0493 -26.1695 -32.5185 16.8348 -40.1498 33.3975 -47.6876 -20.9903 -36.3206 -31.2835 13.7362 -39.0650 34.7760 -46.7469 -18.5776 -42.6275 -30.0435 10.5575 -37.9806 32.9873 -45.6630 -15.4408 -46.2293 -28.7882 7.0015 -36.9027 29.8731 -44.4891 -10.8301 -48.0446 -27.5149 2.5183 -35.8414 26.4104 -43.2703 -2.6620 -48.7228 -25.6169
3.0528 -42.5190 24.3949 -35.2622 -0.6034 -26.8277 -48.4990 -7.4065 -43.8867 28.1661 -36.3855 4.9714 -28.1662 -47.2925 -13.4566 -45.1004 31.5615 -37.4661 8.9000 -29.4337 -44.6542 -17.1706 -46.2346 34.1621 -38.5519 12.2136 -30.6841 -39.7847 -19.8910 -47.2583 34.6128 -39.6550 15.3724 -31.9423 -31.4267 -22.1189 -48.1122 30.2896 -40.7646 18.5550 -33.1886 -19.1956 -24.0501 -48.6759 16.3821 -42.0869 23.3073 -35.3555 3.7910 -29.7776 -33.7789 -26.1352 -45.0843 -23.2933 -48.1283 -22.1656 -45.6936 -27.4336 -3.9485 -34.3646 21.0739 -41.5049 23.6100 -48.4941 -23.2931 -24.4861 -32.6915 17.2781 -40.3262 32.7791 -47.8078 -21.3024 -35.1058 -31.4635 14.1862 -39.2396 34.8307 -46.8951 -18.9636 -41.9004 -30.2247 11.0363 -38.1511 33.3646 -45.8275 -15.9638 -45.8365 -28.9690 7.5525 -37.0651 30.3513 -44.6575 -11.5993 -47.8812 -27.6730 3.1276 -35.9595 26.7063 -43.3356 -2.6620 -48.7622
-42.4312 24.2169 -35.2622 -0.3432 -26.9206 -48.4363 -8.2190 -44.0289 28.5985 -36.5246 5.5530 -28.3400 -47.0266 -14.0755 -45.2673 32.0062 -37.6220 9.4070 -29.6159 -44.1080 -17.6119 -46.3912 34.4073 -38.7104 12.6725 -30.8628 -38.8383 -20.2296 -47.3905 34.3739 -39.8090 15.8080 -32.1146 -29.9566 -22.3966 -48.2095 29.1287 -40.9161 19.0018 -33.3549 -17.4392 -24.2721 -48.7118 14.7902 -42.1326 23.2063 -35.1805 2.0581 -29.1198 -38.2902 -25.6579 -44.2896 -24.5487 -47.6779 -18.2152 -48.4965 -17.7452 -47.9676 -26.5396 -6.1000 -34.2942 21.2306 -41.6049 21.9494 -48.5587 -23.5425 -22.7247 -32.8637 17.7229 -40.4822 32.0217 -47.9231 -21.6073 -33.8162 -31.6420 14.6354 -39.3972 34.8120 -47.0385 -19.3366 -41.1192 -30.4060 11.5068 -38.3090 33.7058 -45.9885 -16.4491 -45.4183 -29.1443 8.0609 -37.2098 30.7808 -44.8060 -12.2099 -47.7373 -27.7864 3.4747 -36.0018 26.7063 -43.2703 -4.3005
23.9824 -35.1647 -0.6034 -26.9206 -48.4114 -8.6499 -44.1261 28.9289 -36.6390 6.0410 -28.4952 -46.7560 -14.6221 -45.4250 32.4170 -37.7747 9.8927 -29.7962 -43.5178 -18.0332 -46.5441 34.6030 -38.8680 13.1287 -31.0420 -37.8135 -20.5585 -47.5192 34.0338 -39.9627 16.2428 -32.2872 -28.4098 -22.6687 -48.3007 27.8007 -41.0673 19.4511 -33.5222 -15.6505 -24.5025 -48.7428 12.7438 -42.2246 23.3486 -35.1182 0.8464 -28.5219 -41.9133 -24.8344 -43.5750 -26.8841 -34.8128 -25.3047 -48.3880 2.1777 -46.6869 -12.4196 -48.5675 -26.0949 -6.6678 -34.3394 21.5471 -41.7309 19.9924 -48.6176 -23.7923 -20.9155 -33.0355 18.1727 -40.6370 31.1124 -48.0325 -21.9049 -32.4429 -31.8204 15.0828 -39.5551 34.7127 -47.1785 -19.6964 -40.2779 -30.5857 11.9653 -38.4638 34.0036 -46.1410 -16.8907 -44.9872 -29.3047 8.5075 -37.3353 31.1298 -44.9186 -12.6078 -47.6493 -27.8279 3.4747 -35.9595 26.4104 -43.1805
-34.7389 -1.3231 -26.8277 -48.4363 -8.6499 -44.1604 29.1088 -36.7152 6.3981 -28.6201 -46.5051 -15.0799 -45.5665 32.7800 -37.9182 10.3451 -29.9688 -42.8949 -18.4303 -46.6930 34.7417 -39.0250 13.5809 -31.2217 -36.7121 -20.8808 -47.6450 33.5838 -40.1173 16.6820 -32.4597 -26.7871 -22.9353 -48.3853 26.3039 -41.2170 19.9021 -33.6891 -13.8824 -24.7341 -48.7658 10.4058 -42.3474 23.6673 -35.1438 0.1899 -27.9891 -44.8701 -23.0136 -46.3479 -27.0768 -9.7179 -32.1949 -2.7254 5.3912 -42.7121 34.8790 -44.8840 -7.3779 -48.6983 -25.9707 -6.2520 -34.4460 21.9476 -41.8676 17.8230 -48.6693 -24.0398 -19.0789 -33.2069 18.6282 -40.7922 30.0446 -48.1363 -22.1958 -30.9926 -31.9985 15.5277 -39.7130 34.5260 -47.3151 -20.0403 -39.3811 -30.7593 12.4012 -38.6115 34.2508 -46.2795 -17.2755 -44.5759 -29.4408 8.8632 -37.4289 31.3582 -44.9796 -12.7470 -47.6493 -27.7864 3.1276 -35.8414 26.1237
-2.6199 -26.6681 -48.4990 -8.2190 -44.1261 29.1088 -36.7423 6.5873 -28.7019 -46.3064 -15.4296 -45.6848 33.0810 -38.0461 10.7550 -30.1285 -42.2577 -18.7971 -46.8344 34.8177 -39.1804 14.0251 -31.4000 -35.5399 -21.1964 -47.7659 33.0097 -40.2720 17.1230 -32.6312 -25.1011 -23.1963 -48.4632 24.6387 -41.3663 20.3567 -33.8556 -12.1630 -24.9636 -48.7780 7.9650 -42.4933 24.1327 -35.2554 0.2743 -27.6517 -46.6316 -20.3475 -48.6765 -23.9177 -21.6275 -33.9546 23.7781 -44.2898 -30.6618 16.7879 -38.4299 30.7437 -43.9603 -4.7109 -48.7177 -26.0248 -5.3574 -34.5817 22.3909 -42.0102 15.4885 -48.7123 -24.2830 -17.2325 -33.3795 19.0874 -40.9475 28.8121 -48.2344 -22.4793 -29.4620 -32.1756 15.9708 -39.8700 34.2465 -47.4444 -20.3620 -38.4622 -30.9236 12.8073 -38.7462 34.4405 -46.3996 -17.5866 -44.2234 -29.5422 9.0943 -37.4793 31.4361 -44.9796 -12.6078 -47.7373 -27.6730 2.5183 -35.4307
-26.0378 -48.5745 -7.4065 -44.0289 28.9289 -36.7152 6.5873 -28.7307 -46.1953 -15.6508 -45.7705 33.3065 -38.1533 11.1051 -30.2703 -41.6352 -19.1241 -46.9646 34.8301 -39.3285 14.4524 -31.5737 -34.3044 -21.5004 -47.8821 32.2995 -40.4262 17.5670 -32.8036 -23.3572 -23.4522 -48.5340 22.7996 -41.5158 20.8158 -34.0211 -10.5155 -25.1885 -48.7779 5.5577 -42.6488 24.7019 -35.4485 1.2509 -27.6702 -47.2997 -17.5862 -48.2251 -16.6841 -46.8659 -29.8173 16.0045 -41.0688 0.5057 -37.8731 -30.9139 10.3352 -37.0854 28.5751 -43.6470 -4.1698 -48.7044 -26.1625 -4.2845 -34.7310 22.8545 -42.1551 13.0595 -48.7457 -24.5230 -15.3952 -33.5522 19.5475 -41.1023 27.4146 -48.3262 -22.7547 -27.8591 -32.3485 16.4051 -40.0209 33.8829 -47.5628 -20.6563 -37.5566 -31.0721 13.1651 -38.8622 34.5728 -46.4939 -17.8097 -43.9807 -29.5962 9.1743 -37.4793 31.3582 -44.9186 -12.2099 -47.8812 -27.5149 1.5887
-48.6779 -6.3040 -43.8867 28.5985 -36.6390 6.3981 -28.7019 -46.1953 -15.7274 -45.8156 33.4478 -38.2310 11.3756 -30.3872 -41.0703 -19.4030 -47.0802 34.7843 -39.4664 14.8543 -31.7378 -33.0363 -21.7870 -47.9913 31.4612 -40.5815 18.0138 -32.9756 -21.5578 -23.7049 -48.5970 20.7883 -41.6645 21.2777 -34.1848 -8.9583 -25.4091 -48.7715 3.3089 -42.8006 25.3046 -35.6902 2.9290 -28.2063 -46.8787 -16.3514 -47.0780 6.7651 -47.6391 -20.9322 -16.6377 -37.8632 33.3850 -46.1157 -19.8371 -41.0976 -29.7093 7.4203 -36.5842 27.8831 -43.6062 -4.7240 -48.6712 -26.3377 -3.1870 -34.8868 23.3304 -42.3006 10.5899 -48.7688 -24.7608 -13.5859 -33.7237 20.0088 -41.2564 25.8476 -48.4105 -23.0186 -26.2464 -32.5144 16.8188 -40.1618 33.4524 -47.6686 -20.9154 -36.7078 -31.1983 13.4567 -38.9528 34.6538 -46.5553 -17.9284 -43.8948 -29.5962 9.0943 -37.4289 31.1298 -44.8060 -11.5993 -48.0446 -26.9005
-7.1933 -43.7191 28.1661 -36.5246 6.0410 -28.6201 -46.3064 -15.6508 -45.8156 33.4973 -38.2718 11.5499 -30.4706 -40.6141 -19.6252 -47.1758 34.6962 -39.5914 15.2218 -31.8893 -31.7901 -22.0531 -48.0909 30.5150 -40.7321 18.4557 -33.1454 -19.7430 -23.9526 -48.6516 18.6300 -41.8107 21.7406 -34.3476 -7.4894 -25.6255 -48.7662 1.2837 -42.9488 25.8574 -35.9186 4.6333 -29.1397 -43.9251 -19.2419 -47.0062 31.2873 -43.5946 28.4113 -47.9868 -21.7031 31.4364 -43.2581 27.8043 -47.6202 -19.4333 -44.0561 -29.0426 6.1211 -36.4331 27.8463 -43.6852 -5.7073 -48.6195 -26.5281 -2.1179 -35.0446 23.8151 -42.4450 8.1325 -48.7811 -24.9940 -11.8401 -33.8926 20.4724 -41.4066 24.1383 -48.4845 -23.2664 -24.6620 -32.6694 17.2028 -40.2914 32.9810 -47.7589 -21.1296 -35.9866 -31.2960 13.6668 -39.0124 34.6914 -46.5772 -17.9284 -43.9807 -29.5422 8.8632 -37.3353 30.7808 -44.6575 -10.8301 -48.2672
-43.5991 27.6790 -36.3855 5.5530 -28.4952 -46.5051 -15.4296 -45.7705 33.4478 -38.2718 11.6103 -30.5152 -40.3110 -19.7812 -47.2474 34.5902 -39.6955 15.5436 -32.0252 -30.6072 -22.2937 -48.1795 29.4829 -40.8747 18.8858 -33.3103 -17.9510 -24.1913 -48.6977 16.3595 -41.9551 22.2052 -34.5084 -6.1180 -25.8363 -48.7560 -0.5361 -43.1024 26.3123 -36.0792 5.7118 -29.9289 -36.6255 -24.3099 -48.8772 25.8450 -41.5463 27.4281 -39.8116 27.0952 -35.4012 -48.9801 11.9329 -44.5670 23.3059 -47.4024 -18.2471 -45.4093 -28.7375 5.7470 -36.4436 28.0996 -43.8163 -6.8049 -48.5492 -26.7217 -1.1024 -35.2019 24.3041 -42.5885 5.7507 -48.7813 -25.2220 -10.1948 -34.0563 20.9229 -41.5503 22.3609 -48.5475 -23.4941 -23.1541 -32.8103 17.5486 -40.4037 32.5243 -47.8292 -21.2912 -35.4591 -31.3583 13.7776 -39.0340 34.6914 -46.5553 -17.8097 -44.2234 -29.4408 8.5075 -37.2098 30.3513 -44.4891 -11.2106
27.3366 -36.2272 4.9714 -28.3400 -46.7560 -15.0799 -45.6848 33.3065 -38.2310 11.5499 -30.5152 -40.2015 -19.8633 -47.2926 34.4949 -39.7741 15.8023 -32.1391 -29.5244 -22.5038 -48.2549 28.4084 -41.0069 19.2932 -33.4661 -16.2218 -24.4193 -48.7339 14.0400 -42.0980 22.6693 -34.6659 -4.8440 -26.0415 -48.7335 -2.1631 -43.2588 26.6877 -36.1641 5.9986 -30.1334 -30.9405 -27.4861 -36.0317 -24.0587 -41.2747 20.8609 -35.5921 11.7574 -33.4583 -5.0353 -20.4083 -46.4868 34.4284 -43.4110 30.4015 -46.9793 -17.2943 -45.9219 -28.6585 5.8738 -36.5296 28.4843 -43.9713 -7.8821 -48.4598 -26.9162 -0.1473 -35.3578 24.7969 -42.7310 3.4936 -48.7731 -25.4399 -8.6933 -34.2128 21.3524 -41.6839 20.5760 -48.6003 -23.6967 -21.7925 -32.9325 17.8416 -40.4933 32.1371 -47.8780 -21.3936 -35.1738 -31.3803 13.7776 -39.0124 34.6538 -46.4939 -17.5866 -44.5759 -29.3047 8.0609 -37.0651 29.8731 -44.3538
-35.8169 4.3239 -28.1662 -47.0266 -14.6221 -45.5665 33.0810 -38.1533 11.3756 -30.4706 -40.3110 -19.8633 -47.3088 34.4380 -39.8234 15.9816 -32.2251 -28.6223 -22.6771 -48.3169 27.3658 -41.1257 19.6663 -33.6104 -14.6245 -24.6346 -48.7599 11.7430 -42.2367 23.1269 -34.8199 -3.6706 -26.2416 -48.6980 -3.6345 -43.4120 27.0384 -36.2129 5.7890 -29.8021 -33.8309 -27.4587 -20.9762 -32.5627 20.8176 -46.8227 -28.5487 -16.5176 -28.5305 -34.8070 -23.7263 -48.4630 27.9394 -42.3838 31.5644 -42.0945 33.7749 -46.6751 -16.8576 -45.9881 -28.7108 6.2431 -36.6508 28.9277 -44.1366 -8.9023 -48.3506 -27.1085 0.7436 -35.5112 25.2869 -42.8747 1.4627 -48.7659 -25.6437 -7.3475 -34.3594 21.7555 -41.8060 18.8683 -48.6421 -23.8689 -20.6276 -33.0300 18.0627 -40.5569 31.8731 -47.9032 -21.4295 -35.1738 -31.3583 13.6668 -38.9528 34.5728 -46.3996 -17.2755 -44.9872 -29.1443 7.5525 -36.9027 29.4655
3.5205 -27.9848 -47.2925 -14.0755 -45.4250 32.7800 -38.0461 11.1051 -30.3872 -40.6141 -19.7812 -47.2926 34.4380 -39.8398 16.0731 -32.2770 -27.9950 -22.8059 -48.3646 26.4313 -41.2271 19.9956 -33.7388 -13.2062 -24.8311 -48.7757 9.5240 -42.3691 23.5733 -34.9695 -2.5985 -26.4356 -48.6490 -4.9842 -43.5663 27.4059 -36.2684 5.5247 -29.2986 -39.7329 -25.1995 -40.1223 -29.8274 10.5301 -39.8346 -8.1868 -48.8630 -20.6609 -48.7138 -17.8221 -48.1200 21.4578 -42.6301 28.4112 -39.3818 26.3651 -41.2779 34.5403 -46.5830 -16.8902 -45.8058 -28.8286 6.7058 -36.7874 29.3930 -44.3047 -9.8470 -48.2219 -27.2947 1.5637 -35.6593 25.7630 -43.0312 -0.3125 -48.7564 -25.8318 -6.1694 -34.4913 22.1188 -41.9135 17.3466 -48.6730 -24.0042 -19.7477 -33.0973 18.1963 -40.5880 31.7788 -47.9032 -21.3936 -35.4591 -31.2960 13.4567 -38.8622 34.4405 -46.2795 -16.8907 -45.4183 -28.9690 7.0015 -36.5061
-27.3800 -47.5393 -13.4566 -45.2673 32.4170 -37.9182 10.7550 -30.2703 -41.0703 -19.6252 -47.2474 34.4949 -39.8234 16.0731 -32.2934 -27.6733 -22.8833 -48.3961 25.6821 -41.3063 20.2674 -33.8486 -11.9932 -25.0033 -48.7827 7.5085 -42.4915 24.0043 -35.1123 -1.6290 -26.6219 -48.5867 -6.2009 -43.7236 27.8015 -36.3464 5.4517 -28.9082 -43.4406 -22.3771 -48.1305 -24.6554 -22.6351 -33.4702 21.7473 -42.8720 25.9747 -46.0701 15.5717 -45.3475 33.9222 -42.0294 27.1056 -38.3391 19.6316 -37.8185 24.3180 -41.1096 34.4975 -46.6597 -17.1840 -45.4996 -28.9706 7.1922 -36.9288 29.8591 -44.4727 -10.7060 -48.0759 -27.4732 2.3159 -35.8002 26.2176 -43.1903 -1.8381 -48.7379 -26.0006 -5.1735 -34.6070 22.4314 -42.0012 16.1039 -48.6941 -24.0970 -19.2221 -33.1304 18.2391 -40.5880 31.8731 -47.8780 -21.2912 -35.9866 -31.1983 13.1651 -38.7462 34.2508 -46.1410 -16.4491 -45.8365 -28.7882 6.3778
-47.8505 -12.7800 -45.1004 32.0062 -37.7747 10.3451 -30.1285 -41.6352 -19.4030 -47.1758 34.5902 -39.7741 15.9816 -32.2770 -27.6733 -22.9082 -48.4118 25.2116 -41.3616 20.4713 -33.9346 -11.0225 -25.1492 -48.7832 5.7675 -42.6027 24.4044 -35.2449 -0.7654 -26.7973 -48.5127 -7.2819 -43.8798 28.2166 -36.4456 5.5944 -28.6995 -45.1751 -19.8097 -48.5550 -16.8148 -48.3164 -26.4766 -3.2995 -34.9512 21.4877 -39.9454 30.2044 -41.0595 29.8215 -40.0257 23.7117 -37.6895 17.2947 -36.3860 17.2592 -37.7624 25.2559 -41.4736 33.9386 -46.7979 -17.5127 -45.1684 -29.1107 7.6708 -37.0705 30.3152 -44.6359 -11.4815 -47.9139 -27.6417 2.9899 -35.9332 26.6435 -43.3356 -3.1149 -48.7132 -26.1470 -4.3600 -34.7022 22.6784 -42.0658 15.2237 -48.7059 -24.1430 -19.0501 -33.1304 18.1963 -40.5569 32.1371 -47.8292 -21.1296 -36.7078 -31.0721 12.8073 -38.6115 34.0036 -45.9885 -15.9638 -46.2293 -28.2051
-12.9686 -44.9291 31.5615 -37.6220 9.8927 -29.9688 -42.2577 -19.1241 -47.0802 34.6962 -39.6955 15.8023 -32.2251 -27.9950 -22.8833 -48.4118 25.0587 -41.3904 20.5986 -33.9938 -10.3223 -25.2630 -48.7787 4.3194 -42.7010 24.7602 -35.3644 -0.0090 -26.9591 -48.4292 -8.2372 -44.0313 28.6358 -36.5592 5.8951 -28.6381 -45.8894 -17.9166 -47.5841 2.2679 -47.1395 -15.2052 -47.7840 -27.2320 -3.8543 -33.5431 13.3349 -36.3021 17.8154 -37.1199 18.3957 -36.8497 16.4760 -36.2126 15.9881 -36.8053 20.0744 -38.9260 28.2881 -42.0718 33.1224 -46.8846 -17.7235 -44.8645 -29.2431 8.1285 -37.2095 30.7543 -44.7934 -12.1684 -47.7400 -27.8002 3.5870 -36.0556 27.0296 -43.4649 -4.1576 -48.6855 -26.2667 -3.7479 -34.7711 22.8473 -42.1057 14.7730 -48.7099 -24.1430 -19.2221 -33.0973 18.0627 -40.4933 32.5243 -47.7589 -20.9154 -37.5566 -30.9236 12.4012 -38.4638 33.7058 -45.8275 -15.4408 -46.7291
-44.7849 31.0965 -37.4661 9.4070 -29.7962 -42.8949 -18.7971 -46.9646 34.7843 -39.5914 15.5436 -32.1391 -28.6223 -22.8059 -48.3961 25.2116 -41.3904 20.6409 -34.0247 -9.8910 -25.3401 -48.7726 3.2186 -42.7815 25.0710 -35.4687 0.6274 -27.1056 -48.3387 -9.0719 -44.1756 29.0438 -36.6797 6.2839 -28.6738 -46.1047 -16.8065 -46.8377 29.5957 -43.9053 30.9389 -46.5194 -14.4772 -48.1149 -26.0081 -22.0672 -30.8753 3.6872 -33.6782 11.6866 -35.8777 16.6069 -36.8006 18.1132 -37.4662 21.3816 -39.0668 27.0291 -40.8146 31.6927 -42.3893 33.1625 -46.8619 -17.8056 -44.5807 -29.3730 8.5686 -37.3452 31.1687 -44.9433 -12.7759 -47.5610 -27.9456 4.1107 -36.1648 27.3670 -43.5758 -4.9702 -48.6589 -26.3542 -3.3493 -34.8130 22.9335 -42.1198 14.7730 -48.7059 -24.0970 -19.7477 -33.0300 17.8416 -40.4037 32.9810 -47.6686 -20.6563 -38.4622 -30.7593 11.9653 -38.3090 33.3646 -45.6630 -15.3993
30.6354 -37.2986 8.9000 -29.6159 -43.5178 -18.4303 -46.8344 34.8301 -39.4664 15.2218 -32.0252 -29.5244 -22.6771 -48.3646 25.6821 -41.3616 20.5986 -34.0247 -9.7399 -25.3804 -48.7678 2.4956 -42.8410 25.3209 -35.5552 1.1519 -27.2318 -48.2474 -9.7894 -44.3108 29.4338 -36.8006 6.7075 -28.7667 -46.0618 -16.3391 -46.3745 34.6817 -41.6083 30.2807 -41.6586 34.8520 -45.8324 -10.7286 -48.7584 -23.3798 -39.7860 -28.8650 -2.4255 -33.9231 17.2307 -38.1300 23.2144 -39.1687 26.2313 -40.5945 31.9746 -42.4816 34.7691 -42.6113 32.1517 -41.9584 34.1620 -46.7646 -17.8545 -44.2742 -29.5049 8.9955 -37.4772 31.5508 -45.0805 -13.3038 -47.3828 -28.0745 4.5504 -36.2583 27.6487 -43.6641 -5.5449 -48.6387 -26.4068 -3.1508 -34.8273 22.9335 -42.1057 15.2237 -48.6941 -24.0042 -20.6276 -32.9325 17.5486 -40.2914 33.4524 -47.5628 -20.3620 -39.3811 -30.5857 11.5068 -38.1511 32.9873 -45.5101
-36.9098 8.3801 -29.4337 -44.1080 -18.0332 -46.6930 34.8177 -39.3285 14.8543 -31.8893 -30.6072 -22.5038 -48.3169 26.4313 -41.3063 20.4713 -33.9938 -9.8910 -25.3804 -48.7660 2.1281 -42.8766 25.4899 -35.6193 1.5611 -27.3345 -48.1613 -10.3800 -44.4325 29.7978 -36.9187 7.1369 -28.8908 -45.8681 -16.3035 -46.1750 34.7692 -40.1423 22.1863 -37.7489 22.3912 -40.1144 33.9090 -44.6290 0.7830 -48.4624 -20.6305 -44.1166 -28.9918 8.4141 -39.6041 32.0145 -41.9556 33.4408 -42.6480 34.8177 -44.8087 15.2644 -46.6824 18.9216 -41.6648 27.5084 -40.8890 34.7941 -46.6827 -17.9655 -43.9064 -29.6411 9.3969 -37.6012 31.8928 -45.2034 -13.7527 -47.2138 -28.1849 4.9055 -36.3334 27.8598 -43.7243 -5.8792 -48.6278 -26.4244 -3.1508 -34.8130 22.8473 -42.0658 16.1039 -48.6730 -23.8689 -21.7925 -32.8103 17.2028 -40.1618 33.8829 -47.4444 -20.0403 -40.2779 -30.4060 11.0363 -37.9806 32.3909
7.8298 -29.2515 -44.6542 -17.6119 -46.5441 34.7417 -39.1804 14.4524 -31.7378 -31.7901 -22.2937 -48.2549 27.3658 -41.2271 20.2674 -33.9346 -10.3223 -25.3401 -48.7678 2.1281 -42.8885 25.5746 -35.6580 1.8343 -27.4112 -48.0866 -10.8416 -44.5361 30.1211 -37.0301 7.5594 -29.0378 -45.5570 -16.5381 -46.1513 34.4843 -39.3701 17.6165 -35.0651 11.0311 -35.1494 17.2034 -38.7055 30.3316 -43.1483 22.8281 -47.6803 -18.4925 -44.1878 -28.9686 26.1507 -46.5051 18.2493 -45.3896 20.5823 -46.6040 -10.3207 -48.8084 -21.3069 -48.9251 29.8683 -37.5024 20.3348 -39.8686 34.8476 -46.6750 -18.1683 -43.4834 -29.7762 9.7645 -37.7138 32.1928 -45.3118 -14.1231 -47.0640 -28.2730 5.1694 -36.3856 27.9878 -43.7544 -5.9888 -48.6278 -26.4068 -3.3493 -34.7711 22.6784 -42.0012 17.3466 -48.6421 -23.6967 -23.1541 -32.6694 16.8188 -40.0209 34.2465 -47.3151 -19.6964 -41.1192 -30.2247 10.5575 -37.6098
-28.6802 -45.1568 -17.1706 -46.3912 34.6030 -39.0250 14.0251 -31.5737 -33.0363 -22.0531 -48.1795 28.4084 -41.1257 19.9956 -33.8486 -11.0225 -25.2630 -48.7726 2.4956 -42.8766 25.5746 -35.6709 1.9695 -27.4581 -48.0318 -11.1771 -44.6184 30.3886 -37.1295 7.9631 -29.2057 -45.1099 -16.9919 -46.2580 34.4598 -39.0688 15.3553 -33.4014 0.2062 -31.1394 0.2201 -33.1430 12.6214 -37.1335 25.0421 -41.3729 34.7953 -45.2263 16.1864 -43.1029 -13.0714 -22.5981 -48.6832 -11.8826 -48.1301 -16.1423 -48.4958 -25.5674 -8.1789 -33.4692 -24.3869 -1.9141 -33.4541 16.0576 -39.3960 34.8202 -46.7330 -18.4231 -43.0338 -29.9037 10.0974 -37.8135 32.4442 -45.4020 -14.4059 -46.9448 -28.3341 5.3284 -36.4116 28.0305 -43.7543 -5.8795 -48.6387 -26.3543 -3.7477 -34.7023 22.4314 -41.9135 18.8682 -48.6004 -23.4941 -24.6620 -32.5144 16.4053 -39.8700 34.5260 -47.1785 -19.3366 -41.9004 -30.0435 10.0982
-45.7921 -16.7094 -46.2346 34.4073 -38.8680 13.5809 -31.4000 -34.3044 -21.7870 -48.0909 29.4829 -41.0069 19.6663 -33.7388 -11.9932 -25.1492 -48.7787 3.2186 -42.8410 25.4899 -35.6580 1.9695 -27.4738 -48.0028 -11.3798 -44.6758 30.5896 -37.2116 8.3190 -29.3844 -44.4845 -17.7072 -46.5203 34.7077 -39.1234 14.6421 -32.4885 -14.1574 -27.8286 -37.1500 -27.6676 -20.0060 -31.1113 6.9493 -35.1822 18.2250 -38.5508 26.1279 -39.4303 19.5644 -30.8774 -42.1388 -21.9006 -48.6435 -20.7218 -47.7102 -25.2485 -23.0667 -33.3913 25.8008 -48.8926 -24.7318 -21.7141 -32.2473 14.9288 -39.3146 34.8299 -46.8223 -18.6869 -42.5767 -30.0202 10.3885 -37.8991 32.6403 -45.4701 -14.6020 -46.8663 -28.3664 5.3835 -36.4121 27.9905 -43.7251 -5.5494 -48.6587 -26.2673 -4.3565 -34.6075 22.1189 -41.8066 20.5724 -48.5476 -23.2665 -26.2446 -32.3486 15.9710 -39.7130 34.7127 -47.0385 -18.9636 -42.6275 -29.4913
-16.5709 -46.0748 34.1621 -38.7104 13.1287 -31.2217 -35.5399 -21.5004 -47.9912 30.5150 -40.8747 19.2932 -33.6104 -13.2062 -25.0033 -48.7832 4.3194 -42.7815 25.3209 -35.6193 1.8345 -27.4582 -48.0028 -11.4473 -44.7055 30.7146 -37.2697 8.5924 -29.5485 -43.7168 -18.6419 -46.9887 34.7057 -39.6534 15.3749 -32.2842 -23.1395 -25.4628 -47.5881 -21.4958 -47.9269 -24.1643 -39.1048 -28.7395 -4.7890 -32.4667 8.8881 -34.4330 10.3880 -32.6786 -18.4401 -26.4944 -44.6922 -24.8921 -42.5106 -26.7441 -30.7913 -30.4160 9.3638 -38.9138 22.7972 -48.6864 -23.2825 -29.1941 -31.9130 14.7981 -39.3708 34.8340 -46.9204 -18.9428 -42.1264 -30.1255 10.6323 -37.9688 32.7870 -45.5174 -14.7174 -46.8323 -28.3722 5.3477 -36.3897 27.8720 -43.6683 -4.9955 -48.6845 -26.1500 -5.1652 -34.4921 21.7580 -41.6851 22.3557 -48.4846 -23.0190 -27.8557 -32.1757 15.5289 -39.5554 34.8120 -46.8955 -18.5780 -43.5517
-45.9178 33.8729 -38.5519 12.6725 -31.0420 -36.7121 -21.1964 -47.8821 31.4628 -40.7316 18.8855 -33.4660 -14.6246 -24.8311 -48.7827 5.7675 -42.7010 25.0723 -35.5552 1.5626 -27.4117 -48.0309 -11.3834 -44.7059 30.7580 -37.2995 8.7565 -29.6611 -43.0090 -19.5367 -47.5328 29.4736 -41.4228 18.8072 -32.9333 -22.7560 -24.3606 -48.7510 -14.1863 -47.9380 -12.2128 -48.6398 -19.9360 -47.1587 -25.5656 -33.5951 -28.8283 -15.4026 -29.6817 -22.9531 -27.8316 -37.6004 -27.6617 -25.2202 -29.7948 -8.9880 -30.7553 -3.4935 -33.3430 18.3998 -41.4757 21.9170 -48.4342 -22.6478 -30.6621 -31.9073 15.0131 -39.4784 34.8042 -47.0215 -19.1895 -41.6806 -30.2226 10.8385 -38.0248 32.8931 -45.5456 -14.7654 -46.8342 -28.3561 5.2284 -36.3472 27.6861 -43.5875 -4.2285 -48.7117 -26.0071 -6.1499 -34.3618 21.3584 -41.5518 24.1309 -48.4105 -22.7564 -29.4437 -31.9994 15.0852 -39.3991 34.8308 -46.7481 -18.3049
33.1699 -38.3796 12.2132 -30.8624 -37.8137 -20.8808 -47.7659 32.3009 -40.5807 18.4532 -33.3092 -16.2277 -24.6343 -48.7756 7.5085 -42.6027 24.7618 -35.4689 1.1597 -27.3359 -48.0841 -11.1932 -44.6803 30.7273 -37.3017 8.8084 -29.7037 -42.6344 -20.0689 -47.8923 11.7451 -44.1772 32.2053 -35.0115 -11.5462 -24.4895 -48.7481 -4.8827 -45.6380 28.5864 -45.0855 15.4647 -47.1921 -13.0908 -48.7627 -21.1983 -46.9394 -24.7378 -42.7430 -26.3250 -37.7019 -28.6113 -9.0733 -32.3280 8.5007 -34.2361 7.9479 -32.2011 2.7921 -34.6141 21.5704 -41.6132 24.4370 -48.3483 -22.5908 -30.0457 -32.0387 15.3947 -39.6177 34.7178 -47.1292 -19.4419 -41.2091 -30.3191 11.0310 -38.0749 32.9765 -45.5630 -14.7740 -46.8602 -28.3259 5.0436 -36.2885 27.4467 -43.4878 -3.2583 -48.7361 -25.8425 -7.3000 -34.2185 20.9305 -41.4088 25.8176 -48.3280 -22.4827 -30.9658 -31.8238 14.6392 -39.2425 34.7770 -46.5906
-38.0197 11.7504 -30.6826 -38.8419 -20.5564 -47.6445 33.0108 -40.4252 18.0099 -33.1437 -17.9630 -24.4186 -48.7598 9.5240 -42.4915 24.4050 -35.3650 0.6367 -27.2340 -48.1574 -10.8776 -44.6303 30.6306 -37.2824 8.7778 -29.6923 -42.6538 -20.1254 -47.9922 1.0731 -46.0749 7.7588 -44.9583 -3.3876 -24.5472 -48.8134 6.0145 -43.9127 33.9959 -41.5893 32.4594 -42.5125 34.4304 -45.2198 3.4942 -47.8642 -16.3402 -48.6994 -22.6567 -44.1646 -27.8162 -8.4728 -33.3054 14.9533 -37.9342 23.4291 -37.4628 5.8694 -31.1349 1.9611 -34.8057 21.7483 -41.5998 24.3178 -48.3917 -22.8556 -28.2081 -32.2640 15.9286 -39.8002 34.5261 -47.2543 -19.7364 -40.6274 -30.4352 11.2567 -38.1345 33.0748 -45.5864 -14.7882 -46.8904 -28.2932 4.8338 -36.2214 27.1704 -43.3740 -2.0865 -48.7546 -25.6615 -8.6115 -34.0647 20.4875 -41.2615 27.3670 -48.2380 -22.2037 -32.4085 -31.6479 14.1975 -39.0694 33.8181
11.3318 -30.5021 -39.7969 -20.2233 -47.5179 33.5905 -40.2688 17.5619 -32.9720 -19.7737 -24.1894 -48.7336 11.7445 -42.3691 24.0048 -35.2456 -0.0020 -27.1102 -48.2423 -10.4375 -44.5572 30.4763 -37.2486 8.7002 -29.6628 -42.8574 -19.8726 -47.9109 3.8826 -46.2087 -8.8700 -48.6020 -27.5294 31.9044 -45.3085 32.8339 -42.1969 28.6630 -39.0334 22.2317 -38.5146 25.0002 -40.5821 33.4912 -43.8177 20.1422 -47.3456 -16.2593 -48.2506 -25.6601 -20.9683 -32.5709 15.2373 -39.4734 34.3357 -44.7663 33.6207 -31.0689 -26.6155 -28.8750 -0.6136 -34.7868 22.0904 -41.7905 21.3168 -48.5126 -23.3739 -24.9641 -32.6053 16.7002 -40.0601 34.0851 -47.4217 -20.1372 -39.7336 -30.6101 11.6018 -38.2355 33.2539 -45.6398 -14.8903 -46.8815 -28.2825 4.6503 -36.1575 26.8866 -43.2531 -0.7486 -48.7650 -25.4662 -10.0731 -33.9042 20.0365 -41.1112 28.7549 -48.1413 -21.9194 -33.7592 -31.4722 13.7570 -38.7352
-29.9602 -40.6789 -19.8838 -47.3871 34.0450 -40.1130 17.1115 -32.7980 -21.6070 -23.9465 -48.6971 14.0554 -42.2364 23.5734 -35.1127 -0.7558 -26.9658 -48.3326 -9.8807 -44.4647 30.2708 -37.2040 8.6157 -29.6506 -42.9885 -19.6063 -47.7501 14.3402 -45.2134 10.6496 -48.2446 -23.1860 -8.4117 -36.8988 24.8828 -39.2333 22.1544 -37.1716 15.9205 -35.7483 14.8431 -36.5777 20.5523 -39.5922 32.2728 -43.9779 6.1180 -48.5145 -22.5516 -36.7942 -30.8117 10.6762 -38.2596 34.2131 -47.0810 -21.1605 -24.1681 -46.8904 -19.3813 -46.6089 -27.6169 -0.4183 -35.0961 23.3611 -42.2556 14.1404 -48.6543 -24.1920 -19.4705 -33.1296 17.8966 -40.4591 32.9467 -47.6668 -20.7541 -38.0961 -30.9118 12.2307 -38.4349 33.6237 -45.7748 -15.2384 -46.7575 -28.3358 4.5898 -36.1113 26.6292 -43.1314 0.7467 -48.7678 -25.2597 -11.6537 -33.7396 19.5829 -40.9593 29.9659 -48.0399 -21.6289 -35.0218 -31.2970 13.3973
-41.7994 -19.5327 -47.2533 34.3828 -39.9574 16.6662 -32.6251 -23.4158 -23.6959 -48.6501 16.4150 -42.0972 23.1243 -34.9696 -1.6217 -26.8037 -48.4229 -9.1992 -44.3536 30.0170 -37.1509 8.5456 -29.6830 -42.8514 -19.5843 -47.6450 22.7413 -44.0960 33.1678 -45.8907 -13.4400 -47.0846 -29.0715 7.5837 -35.4080 15.1741 -35.7455 12.8342 -34.5642 9.6564 -34.1222 11.2009 -35.7974 19.8772 -40.0852 34.8502 -46.2637 -17.2496 -44.7767 -29.0157 3.7104 -35.8789 26.7534 -44.3854 -14.5933 -40.4132 -33.0378 34.4399 -46.6359 -16.0654 -47.1037 -28.0666 2.9957 -35.8404 25.8847 -43.0567 1.7785 -48.7667 -25.4303 -10.7800 -33.9280 19.8372 -41.0957 29.6604 -48.0208 -21.7411 -34.6840 -31.4557 13.4285 -38.8374 34.2846 -46.0736 -16.0530 -46.3657 -28.5112 4.7798 -36.0998 26.4183 -43.0147 2.4044 -48.7717 -25.0449 -13.3304 -33.5733 19.1318 -40.8085 31.0168 -47.9332 -21.3334 -36.2068 -30.7752
-19.1972 -47.1165 34.6199 -39.8022 16.2251 -32.4518 -25.1727 -23.4418 -48.5945 18.7204 -41.9514 22.6596 -34.8192 -2.6039 -26.6262 -48.5082 -8.3756 -44.2232 29.7089 -37.0853 8.4837 -29.7732 -42.2890 -19.9730 -47.7210 24.8563 -43.3195 34.3143 -43.2980 24.5064 -48.0576 -22.1521 -31.8731 -31.6882 8.7586 -34.9134 12.8779 -34.9995 10.8099 -33.9525 7.5281 -33.6139 10.5517 -36.1640 23.4620 -42.2265 10.4242 -48.7656 -27.5262 -2.0758 -34.0872 18.2941 -40.7779 26.7526 -48.7914 -26.5726 7.5669 -39.2514 34.8419 -46.6836 -17.6183 -44.8616 -29.4297 7.8180 -37.1120 30.0305 -44.4279 -9.9124 -48.2927 -27.2282 -0.7608 -35.0972 23.0436 -42.0964 19.7397 -48.4571 -23.2733 -26.9499 -32.4061 15.6363 -39.6099 34.8869 -46.6402 -17.5507 -45.3651 -28.8850 5.3342 -36.1353 26.2479 -42.9145 4.2369 -48.7751 -24.8209 -15.0795 -33.4056 18.6861 -40.6573 31.9184 -47.8214 -21.0298 -37.7359
-46.9627 34.7656 -39.6474 15.7851 -32.2783 -26.8676 -23.1830 -48.5306 20.8900 -41.8037 22.1870 -34.6621 -3.6930 -26.4357 -48.5848 -7.3968 -44.0742 29.3321 -36.9955 8.3750 -29.8992 -41.1951 -20.8236 -48.0007 19.4515 -43.3302 32.4415 -41.3412 33.9007 -44.7260 -8.4710 -48.3455 -27.4386 -0.1585 -34.6168 15.7742 -36.8377 17.4471 -36.2094 13.0732 -34.2117 7.3745 -33.6570 12.1591 -37.4762 30.7605 -45.7982 -20.1038 -2.1528 -34.1543 14.9105 -38.1468 31.4687 -45.3952 -16.6894 -40.7245 -31.9082 17.7594 -40.7619 31.9100 -47.7397 -21.2493 -36.0107 -31.5280 13.5180 -39.0490 34.6721 -46.4123 -17.6614 -44.4489 -29.6658 7.6059 -36.8338 28.1591 -43.5742 -0.9122 -48.7671 -25.4900 -11.1579 -33.8937 19.5195 -40.9651 32.0852 -47.5083 -19.8065 -42.9182 -29.5217 6.2533 -36.2020 26.0658 -42.8127 6.3572 -48.7682 -24.5878 -16.8776 -33.2360 18.2421 -40.5048 32.6768 -47.7045 -20.6045
33.6025 -39.4745 15.3482 -32.1059 -28.4937 -22.9209 -48.4592 22.9011 -41.6561 21.7178 -34.5009 -4.8879 -26.2366 -48.6493 -6.2513 -43.9099 28.8796 -36.8691 8.1059 -29.9838 -39.7242 -22.0139 -48.4764 2.5111 -44.3169 33.7044 -40.7717 28.3326 -41.5446 34.1707 -47.1750 -20.3944 -33.5603 -32.7430 18.9253 -39.4470 28.0822 -40.1663 25.2245 -37.9231 15.1160 -34.1980 6.6318 -33.7686 14.2252 -38.8041 34.7146 -48.1549 -34.5123 20.8841 -38.1782 24.8421 -41.7576 25.7344 -48.5585 -24.7710 -6.8537 -34.9994 24.0552 -42.7218 7.0018 -48.7776 -25.3518 -10.1327 -34.1841 20.9150 -41.7173 22.8318 -48.4792 -23.5935 -24.1969 -32.7104 15.5390 -39.3046 34.2719 -45.6714 -14.4585 -47.2141 -28.3621 3.9075 -36.0689 26.0887 -43.0481 10.1756 -48.5384 -22.6816 -37.0444 -30.3860 7.2329 -36.2317 25.7400 -42.6778 8.8295 -48.7504 -24.3461 -18.7223 -33.0657 17.7983 -40.3522 33.3052 -47.5607
-39.1572 14.9118 -31.9332 -30.0350 -22.6541 -48.3810 24.7293 -41.5072 21.2525 -34.3387 -6.1869 -26.0306 -48.6999 -4.9467 -43.7342 28.3607 -36.7022 7.5657 -29.9014 -38.8348 -23.1878 -48.7666 -12.1131 -46.2533 33.3233 -42.1283 28.4170 -39.8470 29.2050 -42.9286 11.4154 -48.8108 -26.6376 8.3157 -41.1804 33.4971 -44.8640 31.8914 -43.4697 31.8524 -38.4492 13.3755 -33.2376 3.0735 -33.0827 11.2554 -35.6257 9.5645 -11.4633 -43.3535 29.3896 -40.4387 33.2796 -45.0748 -12.9797 -46.7947 -29.2351 8.6122 -37.6864 32.3210 -45.5205 -15.4462 -45.7881 -29.4749 8.1990 -37.4075 31.1669 -45.1023 -13.6826 -46.8057 -28.9634 6.2276 -36.4479 25.5252 -42.3580 25.4296 -48.0009 -21.6671 -34.9719 -31.7338 13.8149 -39.1318 34.4570 -45.8741 -13.8695 -48.2531 -25.8917 -25.1125 -31.1453 7.6052 -36.1236 25.1691 -42.5059 11.5516 -48.7209 -24.0983 -20.5677 -32.8956 17.3572 -40.1782 31.6749
14.5776 -31.7585 -31.5045 -22.3820 -48.2959 26.3901 -41.3586 20.7902 -34.1759 -7.5746 -25.8197 -48.7359 -3.4894 -43.5520 27.8083 -36.5079 6.7397 -29.5729 -39.9299 -23.6269 -48.2933 -19.2300 -48.4426 -3.7770 -45.0681 34.6165 -40.7570 25.5990 -39.8097 31.8578 -44.4664 -10.3569 -46.9283 -28.3526 2.4720 -48.7309 -16.2327 -48.4884 -8.5119 -45.6597 30.2750 -36.4570 5.9633 -31.0546 -11.5090 -30.2646 -11.5953 -27.0642 -48.6138 30.7150 -41.9115 30.6178 -42.3489 29.2869 -47.9212 -22.1571 -28.7378 -32.7665 17.7079 -40.8981 28.5551 -48.3704 -23.6339 -19.6267 -33.4998 19.1807 -41.2073 27.4904 -48.4218 -23.9989 -13.7601 -34.2331 20.9413 -40.8228 34.9510 -45.5424 -11.3545 -48.3570 -27.1039 -0.4869 -35.4551 24.6841 -42.9100 11.3882 -48.5730 -22.4873 -39.9509 -28.9282 -15.5952 -31.2147 6.7058 -35.8323 24.3848 -42.3098 14.3431 -48.6803 -23.8475 -22.3756 -32.7247 16.9176 -39.8911
-31.2467 -32.8958 -22.1039 -48.2043 27.8791 -41.2095 20.3325 -34.0116 -9.0528 -25.6059 -48.7579 -1.8752 -43.3699 27.2588 -36.3103 5.7538 -29.0674 -42.7058 -22.6202 -48.2184 -23.1267 -47.2910 -20.7780 -48.5202 2.2896 -44.0553 31.5911 -39.5460 23.4982 -39.7183 32.2975 -44.1006 16.1581 -45.1211 7.3272 -28.2471 -40.9585 -24.8488 -46.7732 -17.3761 -42.4782 17.1733 -32.3379 -21.6028 -27.0799 -42.2957 -24.1788 -48.5140 -7.2532 -44.4402 33.5885 -41.6342 34.2770 -44.8176 -8.3741 -48.4267 -27.3492 2.2884 -36.2116 28.4420 -44.6087 -12.7162 -46.6395 -29.3636 8.8142 -37.7007 31.6671 -45.2285 -14.5629 -45.0075 -30.6373 14.9522 -40.5747 34.9115 -44.9390 4.2981 -48.2812 -21.7721 -35.7514 -31.7008 14.1620 -39.5344 34.9236 -46.7955 -17.7647 -45.5914 -28.2183 -9.0624 -29.4386 -22.5457 -30.2566 4.3569 -35.4304 23.5343 -42.1129 17.0037 -48.6296 -23.5950 -24.1515 -32.5515 16.6123
-34.6912 -21.8197 -48.1071 29.1899 -41.0593 19.8807 -33.8464 -10.6196 -25.3897 -48.7666 -0.1158 -43.1907 26.7292 -36.1270 4.7867 -28.5612 -45.2397 -20.1434 -48.7444 -21.4257 -34.3888 -27.9472 -40.0429 -22.1722 -48.3835 21.2172 -42.4103 26.0576 -38.0576 20.2199 -38.5826 26.4504 -40.2394 24.4745 -34.2071 -2.7457 -30.3534 -7.1292 -30.3261 -37.6818 28.1112 -34.4955 -9.6674 -26.4299 -47.0874 -20.4972 -48.7105 -10.9167 -45.9915 34.4021 -42.4954 33.2672 -43.0162 29.0014 -47.4793 -20.1939 -38.7275 -31.4320 14.2729 -39.8499 33.2920 -48.1043 -23.4719 -14.8661 -34.3499 22.4117 -41.9637 25.5164 -48.3689 -24.0409 -4.6827 -36.7789 32.3175 -46.8764 -6.6198 -47.9304 -17.1659 -47.5899 -27.5503 0.7982 -35.7439 25.9298 -43.5150 0.2336 -48.7666 -24.9531 -16.8639 -32.9345 -35.5598 -25.5350 -39.8168 -28.6719 1.1093 -35.0424 22.7766 -41.9312 19.4352 -48.5702 -23.3392 -25.8739 -32.0554
-21.3540 -48.0052 30.3263 -40.9104 19.4380 -33.6836 -12.2381 -25.1727 -48.7731 1.7776 -43.0159 26.2271 -35.9621 3.9286 -28.1793 -46.6374 -17.1099 -47.5121 -6.1365 -49.0542 -32.3853 8.5662 -30.8530 -38.0497 -19.9555 -47.0330 34.9180 -39.9067 19.1359 -36.0704 14.5937 -36.0113 15.2892 -35.1783 6.7863 -32.5657 6.2426 -34.9745 21.1211 -42.3396 -25.3225 -31.8802 -25.3484 -48.0569 -18.0554 -48.2387 -7.1223 -46.3723 27.0788 -43.9502 34.9373 -43.0610 34.6821 -45.2851 -7.0944 -48.7347 -25.9135 -5.6619 -34.9684 24.6798 -43.5935 -8.8964 -47.1431 -29.6874 12.7063 -39.9177 34.8100 -45.3962 -10.3534 -48.1373 -28.1452 12.9779 -48.7856 -21.1311 -48.6310 -19.0632 -48.6452 -23.7316 -32.3062 -31.8339 13.9320 -39.3840 34.8327 -46.5510 -16.1012 -47.2286 -25.0085 -9.4925 4.4047 -46.9643 -18.0876 -46.9604 -27.3577 -1.9339 -34.7371 22.1470 -41.7645 21.6342 -48.5037 -23.0799 -28.1243
-47.8765 31.2785 -40.7690 19.0135 -33.5271 -13.8477 -24.9612 -48.7796 3.7580 -42.8637 25.7561 -35.8131 3.1685 -27.9153 -47.2729 -14.8685 -46.1044 34.7104 -41.0046 17.7163 30.3900 -39.8157 12.0251 -29.4746 -47.1171 -9.6416 -43.9284 27.2254 -36.8418 11.3942 -33.5954 6.0969 -32.9445 4.4201 -32.7291 7.5738 -35.3166 19.8830 -40.5592 31.9169 -48.7700 -19.6477 -48.7674 -15.4311 -47.8515 -5.0467 -46.5509 12.7486 -45.4469 28.7571 -44.5669 31.7148 -44.9576 13.0387 -47.6892 -19.2187 -43.6383 -29.9693 9.7769 -38.2032 34.2538 -46.9904 -21.2068 -20.7505 -35.0846 34.2087 -45.0539 14.0708 -46.9974 -13.8542 -48.7917 -15.4476 -35.1188 -3.0428 -26.6719 -46.6220 -22.9480 -44.8027 -28.1339 -0.5471 -35.1021 22.5766 -42.0761 28.7552 -47.4820 -14.1740 -48.6803 25.9581 -38.2700 34.7870 -46.2182 -13.6995 -48.2425 -26.6304 -4.2359 -34.5065 21.6093 -41.6096 23.5866 -48.4303 -22.5472
29.1461 -40.6174 18.6319 -33.3869 -15.3583 -24.7682 -48.7768 5.6686 -42.7427 25.3317 -35.6819 2.4960 -27.7257 -47.5935 -13.6155 -45.4791 33.7355 -39.0501 15.8703 -30.9386 -48.6818 33.9349 -36.4314 -3.7737 -24.2402 -48.1973 33.4928 -39.9059 16.0870 -33.6090 -0.1907 -30.8881 -8.1993 -31.3454 4.0740 -34.9056 19.8626 -39.9705 33.3512 -44.3916 2.0781 -47.5260 -9.4224 -47.4612 -5.9441 -47.1215 -4.3872 -47.1128 -3.2588 -46.9685 0.4959 -46.6885 0.7034 -47.2436 -13.1844 -48.7358 -24.7134 -21.3008 -33.0440 17.7224 -40.8747 27.3623 -48.7494 -25.0959 3.3260 -46.9794 -13.0152 -47.6530 -2.1098 -46.6430 6.7909 -44.7850 22.4081 -33.4163 -18.9396 -26.3266 -44.4886 -25.9991 -28.7023 -31.4345 10.4161 -37.4566 28.1642 -43.0438 30.7647 -45.7824 30.8459 -40.2796 22.6090 -40.0367 34.2509 -45.1424 -9.7498 -48.5894 -26.1926 -6.0393 -34.3195 21.1335 -41.4646 25.2972 -48.3234
-40.4101 18.3382 -33.2816 -16.5428 -24.6203 -48.7660 7.2087 -42.6520 25.0048 -35.5822 1.9681 -27.5977 -47.7727 -12.8757 -45.1930 32.6043 -38.2388 12.7483 -31.2883 -38.0910 -11.6988 -42.2900 16.9099 -30.8551 -45.4439 -11.7743 -43.9452 25.7724 -35.6596 3.8288 -30.2230 -25.8735 -28.9215 -11.4264 -32.9487 16.8247 -40.5814 34.6788 -44.1258 26.7035 -46.0053 0.4784 -47.1369 -8.2900 -47.8858 -13.7659 -48.5463 -17.2945 -48.7570 -18.3361 -48.7499 -17.1017 -48.5856 -16.0108 -48.7275 -20.7979 -45.1990 -28.4298 1.0463 -35.2477 22.9243 -41.9825 28.4206 -46.9024 24.7726 -31.2150 -39.5564 -19.7624 -47.8404 10.4511 -44.5406 33.6121 -38.1213 9.6869 -30.6845 -31.8194 -26.8631 -36.4356 -29.1459 -2.7402 -33.8012 15.7393 -38.6376 28.7949 -42.0333 33.6342 -41.4348 23.3893 -37.2058 19.5986 -39.1233 32.2208 -44.3783 -6.5604 -48.7023 -25.8988 -7.5577 -34.1594 20.7045 -41.3005 22.5193
18.3986 -33.2523 -16.9624 -24.5753 -48.7523 7.7800 -42.6251 24.8847 -35.5467 1.7614 -27.5598 -47.8391 -12.5598 -45.0763 32.1115 -37.9259 11.2912 -30.7626 -37.7072 -20.1715 -46.2094 29.8694 -35.3714 -11.3105 -23.0408 -47.6455 34.8673 -38.8361 12.0214 -31.4453 -27.5060 -26.8464 -38.2063 -29.0776 5.0930 -37.6467 30.7832 -46.7742 -1.6245 -46.9691 -3.9128 -47.4599 -12.0704 -48.5323 -18.7439 -48.3924 -23.1004 -45.1776 -25.3178 -42.3151 -25.3624 -44.9816 -23.4060 -47.8865 -21.9072 -47.3859 -25.2953 -30.8087 -31.0934 8.4621 -36.3781 23.3893 -40.6169 31.1938 -39.6246 9.4460 -28.6651 -46.9431 -15.9980 -46.6904 33.4106 -41.3256 20.3806 -34.3928 -1.5593 -29.5863 -27.1849 -29.1426 -11.7329 -31.9502 7.9297 -35.4625 18.3765 -38.6112 25.1053 -39.5638 22.7475 -36.9625 13.9071 -35.2817 16.0855 -38.2102 30.3648 -43.9125 -4.1920 -48.7443 -25.6838 -8.8609 -34.0235 20.3310 -41.1105
-33.0919 -15.6870 -24.7602 -48.7453 6.1861 -42.7373 25.2191 -35.6508 2.2679 -27.7062 -47.7262 -12.8916 -45.1293 32.1563 -37.8848 10.8885 -30.5368 -39.1083 -20.6014 -47.5089 34.8196 -38.4059 8.4005 -28.0691 -48.5221 2.8436 -42.2059 20.8273 -33.8986 -11.0244 -26.8304 -45.5981 -24.2475 -39.0166 -30.2554 16.1149 -49.0605 -21.4244 -48.6689 -17.5253 -48.5928 -17.0662 -48.7483 -22.0215 -45.1695 -26.7034 -26.4568 -29.8045 -5.8357 -31.0123 -5.1316 -29.8955 -25.9031 -27.0200 -42.1589 -25.7755 -38.4791 -28.8871 -5.3894 -33.0933 12.2103 -36.6117 19.9888 -37.7994 16.6933 -33.3947 -15.5597 -25.4069 -48.7014 -8.7145 -44.7961 31.5526 -37.8867 11.4551 -32.4045 -5.4121 -30.8315 -3.2643 -32.2114 6.5808 -34.4431 14.0358 -36.7255 19.4737 -37.9662 20.0918 -36.9418 13.9298 -34.3100 8.0951 -34.0214 13.6201 -37.6245 29.2003 -43.6444 -2.5515 -48.7599 -25.5336 -9.8690 -33.9212 20.2352
-11.5521 -25.4134 -48.7670 0.5924 -43.1489 26.5204 -36.0530 4.1236 -28.2376 -47.1384 -14.3610 -45.4710 32.9305 -38.1363 11.4331 -30.6945 -38.8219 -20.7542 -47.7291 32.9951 -40.0640 14.9901 -31.1089 -42.0558 -16.8138 -45.4062 30.5372 -36.7542 5.1483 -28.7775 -44.8873 -21.2404 -48.7288 -20.5016 -48.0560 -17.5035 -35.2481 -2.3165 -26.9088 -46.3055 -22.3970 -47.4779 -24.5783 -38.1924 -29.0816 -3.1373 -32.9128 10.8312 -35.2480 14.4911 -35.4534 10.9089 -32.8538 -5.5507 -29.5218 -26.5488 -29.2641 -10.4999 -32.1364 7.9285 -35.0856 15.8260 -36.8765 17.2895 -35.6759 7.8359 -30.8706 -34.1092 -23.3960 -48.7039 15.6549 -42.0113 21.6309 -35.1335 6.5074 -32.7378 6.2871 -33.9653 11.6299 -35.5615 16.1689 -37.0925 19.9942 -38.0601 20.9561 -37.5900 16.9675 -35.3634 9.1724 -33.0095 4.1777 -33.3162 12.1922 -37.3108 28.5939 -43.5117 -1.7033 -48.7641 -25.4712 -10.3122 -33.5906
-26.4537 -48.4888 -8.5444 -44.2068 29.6917 -37.0408 7.8855 -29.4923 -44.7739 -17.3889 -46.3290 34.5249 -38.8822 13.3079 -31.3747 -35.5645 -21.5586 -47.9817 30.1003 -40.9483 18.7441 -33.0781 -25.4546 -22.3434 -47.8012 34.2592 -39.5803 13.8686 -31.4608 -36.0606 -22.3494 -48.6697 -11.4627 -47.5356 -1.6237 -45.1343 22.3358 -33.5194 -13.9882 -27.4589 -40.2102 -27.0130 -26.4530 -30.5829 5.4200 -35.0966 17.7811 -38.4380 26.9052 -40.4978 28.6639 -39.1789 17.2661 -33.9618 1.6841 -31.4558 -0.9383 -32.7178 9.5415 -35.4983 17.5487 -37.8552 22.0137 -38.1385 18.1902 -35.1347 4.8449 -30.0871 -36.7632 -22.1862 -47.2318 34.2476 -38.3643 13.5064 -34.1653 11.1031 -36.0526 18.8931 -38.1090 23.2780 -39.3323 26.5943 -40.1544 27.6990 -39.8765 24.3838 -38.0169 16.7779 -34.9605 7.3865 -32.4853 1.8554 -32.9638 11.5009 -37.1914 28.4568 -43.5155 -2.0072 -48.7612 -25.5606 -10.1961
