-33.3482 -12.3595 -24.5484 -48.7598 4.3655 -42.3473 23.7406 -34.6631 -3.1266 -25.9499 -48.7000 -6.7143 -43.5268 27.1331 -35.7533 3.2267 -27.3036 -47.9269 -12.7073 -44.7180 30.4535 -36.8465 7.6061 -28.6063 -45.9553 -16.3955 -45.8543 33.0622 -37.9551 11.1418 -29.8883 -42.0851 -19.0705 -46.9099 33.6667 -39.0975 14.4124 -31.1798 -35.1630 -21.2451 -47.8270 29.7699 -40.2549 17.6337 -32.4651 -23.9931 -23.2023 -48.5423 14.1858 -42.0237 24.4231 -35.9815 10.7669 -33.2976 10.0610 -35.5944 22.9659 -41.5230 20.9886 -48.3209 -22.4703 -28.9036 -31.9572 16.3489 -39.7961 32.0512 -47.4904 -20.4436 -38.2815 -30.6850 13.1810 -38.6631 33.8048 -46.5295 -18.1551 -43.7962 -29.4171 9.8985 -37.5451 32.2485 -45.4453 -15.2013 -46.8543 -28.1295 6.1391 -36.4424 29.2742 -44.2844 -10.8900 -48.3224 -26.8191 1.2250 -35.3621 25.8926 -43.0931 -3.5306 -48.7733 -25.4674 -5.8877 -34.3215 23.1163
-12.3595 -25.0628 -48.7900 7.0434 -42.4673 24.0138 -35.0982 -1.7549 -26.5852 -48.6053 -5.7722 -43.6459 27.4731 -36.1658 4.0504 -27.9111 -47.6312 -12.4951 -44.8604 30.9056 -37.2362 8.1657 -29.1794 -45.3442 -16.5224 -46.0103 33.7477 -38.3159 11.5654 -30.4302 -40.9988 -19.3943 -47.0636 34.7985 -39.4172 14.7495 -31.6935 -33.3996 -21.7101 -47.9631 31.6831 -40.5243 17.9212 -32.9439 -21.7655 -23.7108 -48.6070 19.1598 -41.9071 23.0215 -35.3854 5.1003 -30.7073 -13.7653 -30.4471 3.3008 -34.8986 21.4740 -41.4329 25.2330 -48.4020 -22.9526 -26.8260 -32.4496 16.6560 -40.0887 33.6082 -47.6375 -20.8650 -36.7813 -31.2127 13.5533 -39.0024 34.7355 -46.6875 -18.4195 -42.9042 -29.9714 10.3630 -37.9183 32.8292 -45.5980 -15.2239 -46.3757 -28.7144 6.7747 -36.8412 29.6740 -44.4194 -10.4759 -48.1117 -27.4393 2.1969 -35.7777 26.1967 -43.1951 -2.0288 -48.7323 -26.0510 -4.7974 -34.3215
-24.5484 -48.7900 6.1848 -42.5879 24.3723 -35.2328 -0.8667 -26.7672 -48.5303 -6.9841 -43.8201 27.9731 -36.3269 4.7193 -28.0944 -47.3942 -13.1943 -45.0325 31.3763 -37.4035 8.6919 -29.3608 -44.8626 -16.9930 -46.1702 34.0537 -38.4874 12.0300 -30.6104 -40.1515 -19.7478 -47.2015 34.6858 -39.5888 15.1852 -31.8679 -32.0360 -21.9975 -48.0686 30.7405 -40.6993 18.3636 -33.1135 -20.0252 -23.9317 -48.6510 17.8929 -41.9543 22.6991 -35.0527 1.5636 -28.9405 -38.9554 -25.6150 -40.8228 -28.3107 -1.8750 -34.4757 21.0979 -41.4751 24.1765 -48.4666 -23.1929 -25.1838 -32.6221 17.0990 -40.2636 33.0409 -47.7592 -21.1812 -35.6059 -31.3921 14.0050 -39.1767 34.8174 -46.8360 -18.8115 -42.2017 -30.1527 10.8437 -38.0893 33.2160 -45.7632 -15.7572 -45.9964 -28.8968 7.3373 -37.0055 30.1638 -44.5915 -11.2995 -47.9484 -27.6112 2.8950 -35.9180 26.6105 -43.3262 -2.9830 -48.7201 -26.0510 -5.8877
-48.7598 7.0434 -42.5879 24.5084 -35.3077 -0.2725 -26.9092 -48.4537 -7.9700 -43.9792 28.4420 -36.4731 5.3363 -28.2742 -47.1327 -13.8381 -45.2027 31.8313 -37.5611 9.2038 -29.5434 -44.3355 -17.4393 -46.3279 34.3153 -38.6459 12.4885 -30.7911 -39.2336 -20.0915 -47.3356 34.4851 -39.7429 15.6208 -32.0403 -30.5993 -22.2778 -48.1684 29.6479 -40.8510 18.8096 -33.2816 -18.2348 -24.1632 -48.6932 16.0562 -42.0359 22.7903 -34.9691 0.0545 -28.2052 -44.4538 -22.1344 -48.6312 -21.0180 -46.7043 -27.1016 -4.9110 -34.3291 21.1542 -41.5593 22.6533 -48.5323 -23.4406 -23.4517 -32.7941 17.5429 -40.4179 32.3414 -47.8768 -21.4874 -34.3496 -31.5709 14.4536 -39.3353 34.8290 -46.9815 -19.1881 -41.4400 -30.3343 11.3177 -38.2473 33.5730 -45.9262 -16.2616 -45.5833 -29.0770 7.8699 -37.1556 30.6237 -44.7518 -12.0009 -47.7840 -27.7582 3.4268 -36.0139 26.8505 -43.3753 -2.9830 -48.7323 -25.4674
4.3655 -42.4673 24.3723 -35.3077 -0.0608 -26.9884 -48.3941 -8.6706 -44.1105 28.8477 -36.6042 5.8821 -28.4418 -46.8570 -14.4214 -45.3664 32.2623 -37.7167 9.7017 -29.7256 -43.7596 -17.8674 -46.4833 34.5306 -38.8048 12.9445 -30.9710 -38.2393 -20.4275 -47.4662 34.1876 -39.8977 16.0569 -32.2131 -29.0847 -22.5524 -48.2622 28.3913 -41.0025 19.2576 -33.4491 -16.4353 -24.3966 -48.7295 13.8928 -42.1493 23.0698 -34.9992 -0.2599 -28.0092 -45.3397 -21.2339 -48.7466 -15.3371 -48.2889 -17.2344 -48.0947 -26.4734 -6.1166 -34.3314 21.4196 -41.6782 20.8194 -48.5940 -23.6911 -21.6527 -32.9661 17.9896 -40.5747 31.4973 -47.9894 -21.7865 -33.0085 -31.7496 14.9012 -39.4938 34.7634 -47.1239 -19.5529 -40.6156 -30.5146 11.7839 -38.4039 33.8944 -46.0836 -16.7296 -45.1481 -29.2476 8.3557 -37.2937 31.0275 -44.8903 -12.5446 -47.6451 -27.8589 3.7156 -36.0491 26.8505 -43.3262 -2.0288 -48.7733
-42.3473 24.0138 -35.2328 -0.2725 -26.9884 -48.3711 -9.0405 -44.1980 29.1486 -36.7111 6.3334 -28.5886 -46.5823 -14.9306 -45.5183 32.6539 -37.8666 10.1793 -29.9038 -43.1413 -18.2776 -46.6352 34.6934 -38.9639 13.3977 -31.1507 -37.1688 -20.7529 -47.5938 33.7825 -40.0524 16.4958 -32.3858 -27.4922 -22.8214 -48.3497 26.9682 -41.1524 19.7074 -33.6166 -14.6525 -24.6297 -48.7569 11.5566 -42.2798 23.4444 -35.0804 -0.1421 -27.9305 -45.4657 -21.6970 -48.7086 -18.3529 -48.3995 -6.7719 -47.1802 -13.6098 -48.5162 -26.1777 -6.1730 -34.4110 21.7881 -41.8120 18.7298 -48.6491 -23.9402 -19.8228 -33.1386 18.4428 -40.7316 30.4970 -48.0963 -22.0791 -31.5837 -31.9279 15.3492 -39.6518 34.6119 -47.2622 -19.9050 -39.7348 -30.6925 12.2363 -38.5560 34.1671 -46.2309 -17.1480 -44.7102 -29.4014 8.7747 -37.4114 31.3468 -44.9940 -12.8945 -47.5643 -27.8947 3.7156 -36.0139 26.6105 -43.1951 -3.5306
23.7406 -35.0982 -0.8667 -26.9092 -48.3941 -9.0405 -44.2282 29.3113 -36.7815 6.6588 -28.7059 -46.3304 -15.3566 -45.6537 32.9929 -38.0061 10.6206 -30.0726 -42.4928 -18.6618 -46.7814 34.7959 -39.1206 13.8489 -31.3303 -36.0184 -21.0706 -47.7180 33.2602 -40.2077 16.9364 -32.5575 -25.8331 -23.0846 -48.4306 25.3775 -41.3020 20.1606 -33.7837 -12.9027 -24.8610 -48.7742 9.1484 -42.4194 23.8856 -35.1966 0.2170 -27.8316 -45.9570 -21.4963 -48.3904 -23.1676 -46.5489 -21.1701 -47.1544 22.4631 -45.8526 -9.7385 -48.6536 -26.0912 -5.5771 -34.5315 22.2100 -41.9517 16.4528 -48.6960 -24.1852 -17.9789 -33.3114 18.9013 -40.8871 29.3333 -48.1972 -22.3653 -30.0744 -32.1051 15.7970 -39.8085 34.3668 -47.3952 -20.2405 -38.8146 -30.8639 12.6659 -38.7001 34.3840 -46.3647 -17.5078 -44.2993 -29.5302 9.1024 -37.4988 31.5537 -45.0497 -13.0163 -47.5643 -27.8589 3.4268 -35.9180 26.1967 -43.0931
-34.6631 -1.7549 -26.7672 -48.4537 -8.6706 -44.1980 29.3113 -36.8055 6.8277 -28.7832 -46.1329 -15.6790 -45.7650 33.2722 -38.1294 11.0125 -30.2281 -41.8380 -19.0133 -46.9191 34.8328 -39.2733 14.2901 -31.5070 -34.7942 -21.3805 -47.8370 32.6048 -40.3648 17.3811 -32.7303 -24.1118 -23.3426 -48.5046 23.6123 -41.4519 20.6183 -33.9494 -11.2227 -25.0874 -48.7806 6.7563 -42.5628 24.3740 -35.3469 0.9314 -27.8353 -46.5234 -20.0723 -48.7432 -23.6089 -24.3286 -30.2532 -18.8119 6.3800 -42.8404 34.7086 -44.6075 -6.5832 -48.6866 -26.1453 -4.6582 -34.6726 22.6629 -42.0964 14.0516 -48.7334 -24.4264 -16.1196 -33.4835 19.3627 -41.0422 27.9952 -48.2916 -22.6455 -28.4929 -32.2811 16.2399 -39.9631 34.0303 -47.5198 -20.5520 -37.8701 -31.0243 13.0587 -38.8317 34.5459 -46.4788 -17.7967 -43.9563 -29.6245 9.3134 -37.5457 31.6264 -45.0497 -12.8945 -47.6451 -27.7582 2.8950 -35.7777 25.8926
-3.1266 -26.5852 -48.5303 -7.9700 -44.1105 29.1486 -36.7815 6.8277 -28.8102 -46.0262 -15.8848 -45.8457 33.4778 -38.2309 11.3450 -30.3658 -41.2085 -19.3270 -47.0449 34.8060 -39.4199 14.7108 -31.6784 -33.5178 -21.6780 -47.9500 31.8115 -40.5199 17.8315 -32.9041 -22.3292 -23.5974 -48.5709 21.6714 -41.6008 21.0788 -34.1137 -9.6307 -25.3089 -48.7751 4.4831 -42.7043 24.8771 -35.5158 1.9456 -28.0810 -46.3954 -18.8506 -48.3432 -17.5418 -43.3216 -34.0813 23.2840 -42.5264 -30.3451 17.2659 -38.4808 30.5003 -43.9304 -5.3434 -48.6754 -26.2804 -3.6107 -34.8242 23.1349 -42.2417 11.5895 -48.7610 -24.6651 -14.2869 -33.6549 19.8277 -41.1959 26.4853 -48.3784 -22.9177 -26.8632 -32.4526 16.6688 -40.1123 33.6120 -47.6336 -20.8359 -36.9456 -31.1690 13.4014 -38.9438 34.6545 -46.5668 -18.0024 -43.7224 -29.6746 9.3871 -37.5457 31.5537 -44.9940 -12.5446 -47.7840 -27.6112 2.1969 -35.3621
-25.9499 -48.6053 -6.9841 -43.9792 28.8477 -36.7111 6.6588 -28.7832 -46.0262 -15.9581 -45.8887 33.6053 -38.3044 11.6021 -30.4771 -40.6435 -19.5953 -47.1560 34.7233 -39.5551 15.1066 -31.8401 -32.2338 -21.9591 -48.0549 30.8889 -40.6734 18.2809 -33.0764 -20.4955 -23.8477 -48.6292 19.5727 -41.7480 21.5415 -34.2774 -8.1199 -25.5274 -48.7684 2.3778 -42.8399 25.3602 -35.6747 2.9236 -28.4599 -45.2563 -19.9522 -48.1318 -0.8108 -47.5096 -19.7085 26.4913 -42.6619 -0.6879 -37.3290 -31.1619 10.5902 -37.0876 28.6634 -43.7573 -5.5861 -48.6378 -26.4542 -2.5447 -34.9807 23.6180 -42.3866 9.1212 -48.7779 -24.9013 -12.5104 -33.8257 20.2906 -41.3483 24.8149 -48.4572 -23.1769 -25.2295 -32.6165 17.0773 -40.2503 33.1281 -47.7346 -21.0857 -36.0985 -31.2909 13.6802 -39.0298 34.7174 -46.6234 -18.1104 -43.6367 -29.6746 9.3134 -37.4988 31.3468 -44.8903 -12.0009 -47.9484 -27.4393 1.2250
-48.7000 -5.7722 -43.8201 28.4420 -36.6042 6.3334 -28.7059 -46.1329 -15.8848 -45.8887 33.6507 -38.3433 11.7655 -30.5556 -40.1877 -19.8045 -47.2476 34.6022 -39.6758 15.4667 -31.9880 -30.9718 -22.2171 -48.1497 29.8575 -40.8230 18.7232 -33.2460 -18.6547 -24.0946 -48.6798 17.3305 -41.8944 22.0083 -34.4405 -6.6947 -25.7423 -48.7624 0.4402 -42.9872 25.8097 -35.8060 3.5922 -28.7217 -43.8001 -21.9564 -48.7682 -13.3312 -44.5121 33.3283 -36.3706 -48.1979 19.6878 -46.7467 -20.2343 -40.3897 -29.7646 7.4826 -36.6334 28.2470 -43.7943 -6.4339 -48.5785 -26.6435 -1.5067 -35.1380 24.1053 -42.5310 6.6786 -48.7824 -25.1323 -10.8232 -33.9942 20.7507 -41.4969 23.0197 -48.5266 -23.4193 -23.6328 -32.7690 17.4549 -40.3750 32.6143 -47.8207 -21.2913 -35.3850 -31.3835 13.8790 -39.0850 34.7459 -46.6429 -18.1104 -43.7224 -29.6245 9.1024 -37.4114 31.0275 -44.7518 -11.2995 -48.1117 -26.8191
-6.7143 -43.6459 27.9731 -36.4731 5.8821 -28.5886 -46.3304 -15.6790 -45.8457 33.6053 -38.3433 11.8222 -30.5976 -39.8886 -19.9490 -47.3155 34.4710 -39.7773 15.7771 -32.1192 -29.7682 -22.4500 -48.2337 28.7540 -40.9634 19.1510 -33.4103 -16.8656 -24.3334 -48.7207 14.9751 -42.0408 22.4794 -34.6016 -5.3664 -25.9520 -48.7456 -1.3271 -43.1503 26.2368 -35.9129 3.9405 -28.7479 -43.4504 -22.7114 -48.1450 -22.8999 -48.0712 30.9899 -36.0679 3.2940 -17.6557 -46.0088 22.4496 -47.5766 -19.2217 -44.2714 -29.0072 6.3172 -36.5476 28.3896 -43.9147 -7.4578 -48.4980 -26.8368 -0.5295 -35.2943 24.5999 -42.6734 4.3621 -48.7749 -25.3570 -9.2482 -34.1565 21.2003 -41.6388 21.1636 -48.5853 -23.6399 -22.1246 -32.9058 17.7920 -40.4849 32.1199 -47.8880 -21.4442 -34.8626 -31.4421 13.9847 -39.1046 34.7459 -46.6234 -18.0024 -43.9563 -29.5302 8.7747 -37.2937 30.6237 -44.5915 -10.4759 -48.3224
-43.5268 27.4731 -36.3269 5.3363 -28.4418 -46.5823 -15.3566 -45.7650 33.4778 -38.3044 11.7655 -30.5976 -39.7853 -20.0253 -47.3577 34.3602 -39.8536 16.0277 -32.2292 -28.6860 -22.6523 -48.3054 27.6236 -41.0938 19.5530 -33.5644 -15.1722 -24.5593 -48.7509 12.6052 -42.1832 22.9466 -34.7595 -4.1385 -26.1571 -48.7155 -2.9211 -43.3151 26.6601 -36.0117 4.1349 -28.6137 -44.3375 -21.8902 -48.4398 -23.9196 -23.5949 -34.1427 33.2753 -48.7418 -20.3838 -47.4263 33.2954 -43.1637 31.4571 -46.9980 -17.5221 -45.6907 -28.7355 6.1626 -36.6057 28.7464 -44.0681 -8.4878 -48.3975 -27.0293 0.3898 -35.4494 25.0950 -42.8156 2.2190 -48.7674 -25.5712 -7.8079 -34.3107 21.6290 -41.7712 19.3321 -48.6329 -23.8357 -20.7810 -33.0236 18.0750 -40.5733 31.7079 -47.9334 -21.5383 -34.5835 -31.4628 13.9847 -39.0850 34.7174 -46.5668 -17.7967 -44.2993 -29.4014 8.3557 -37.1556 30.1638 -44.4194 -10.8900
27.1331 -36.1658 4.7193 -28.2742 -46.8570 -14.9306 -45.6537 33.2722 -38.2309 11.6021 -30.5556 -39.8886 -20.0253 -47.3718 34.2972 -39.9010 16.2018 -32.3122 -27.8028 -22.8173 -48.3638 26.5342 -41.2109 19.9217 -33.7058 -13.6203 -24.7697 -48.7710 10.2926 -42.3202 23.4072 -34.9133 -3.0126 -26.3578 -48.6717 -4.3668 -43.4802 27.0907 -36.1155 4.3445 -28.4600 -45.4337 -20.1949 -48.7242 -19.4379 -45.6805 -29.5543 13.3400 -41.2628 28.4221 -45.2975 34.8482 -40.9892 28.0338 -41.1792 34.7345 -46.4430 -16.5119 -46.0626 -28.7161 6.4391 -36.7188 29.1836 -44.2342 -9.4619 -48.2763 -27.2201 1.2500 -35.6021 25.5833 -42.9710 0.2988 -48.7609 -25.7716 -6.5213 -34.4538 22.0284 -41.8903 17.6069 -48.6701 -24.0016 -19.6608 -33.1179 18.2878 -40.6331 31.4407 -47.9565 -21.5698 -34.5835 -31.4421 13.8790 -39.0298 34.6545 -46.4788 -17.5078 -44.7102 -29.2476 7.8699 -37.0055 29.6740 -44.2844
-35.7533 4.0504 -28.0944 -47.1327 -14.4214 -45.5183 32.9929 -38.1294 11.3450 -30.4771 -40.1877 -19.9490 -47.3577 34.2972 -39.9167 16.2873 -32.3625 -27.1837 -22.9405 -48.4074 25.5690 -41.3101 20.2489 -33.8322 -12.2419 -24.9604 -48.7815 8.1197 -42.4519 23.8586 -35.0625 -1.9845 -26.5509 -48.6139 -5.6862 -43.6453 27.5329 -36.2303 4.6491 -28.3714 -46.1654 -18.3967 -48.0573 -10.3469 -48.5745 -22.6313 -27.6914 -33.0582 18.3217 -39.1825 25.7828 -38.4628 18.9804 -36.8761 20.7333 -39.9479 34.7488 -46.1770 -16.2348 -46.0032 -28.8117 6.8796 -36.8556 29.6508 -44.4037 -10.3669 -48.1346 -27.4049 2.0402 -35.7497 26.0602 -43.1373 -1.3714 -48.7444 -25.9549 -5.4081 -34.5825 22.3842 -41.9947 16.0724 -48.6972 -24.1304 -18.8126 -33.1821 18.4178 -40.6636 31.3501 -47.9565 -21.5383 -34.8626 -31.3835 13.6802 -38.9438 34.5459 -46.3647 -17.1480 -45.1481 -29.0770 7.3373 -36.8412 29.2742
3.2267 -27.9111 -47.3942 -13.8381 -45.3664 32.6539 -38.0061 11.0125 -30.3658 -40.6435 -19.8045 -47.3155 34.3602 -39.9010 16.2873 -32.3794 -26.8692 -23.0151 -48.4360 24.8113 -41.3875 20.5192 -33.9402 -11.0728 -25.1294 -48.7835 6.1811 -42.5744 24.2864 -35.2050 -1.0459 -26.7365 -48.5426 -6.8603 -43.8097 27.9866 -36.3555 5.0460 -28.3656 -46.5199 -16.9420 -47.2131 14.8294 -46.0649 -7.4744 -48.7663 -25.0903 -15.8569 -32.5171 10.0838 -34.5325 9.9101 -33.5871 8.1747 -34.6488 17.3061 -39.3913 34.5292 -46.1420 -16.3996 -45.7400 -28.9569 7.3806 -37.0022 30.1236 -44.5717 -11.1871 -47.9758 -27.5812 2.7653 -35.8900 26.5134 -43.2950 -2.7988 -48.7194 -26.1186 -4.4720 -34.6957 22.6910 -42.0803 14.8412 -48.7150 -24.2188 -18.3003 -33.2140 18.4602 -40.6636 31.4407 -47.9334 -21.4442 -35.3850 -31.2909 13.4014 -38.8317 34.3840 -46.2309 -16.7296 -45.5833 -28.8968 6.7747 -36.4424
-27.3036 -47.6312 -13.1943 -45.2027 32.2623 -37.8666 10.6206 -30.2281 -41.2085 -19.5953 -47.2476 34.4710 -39.8536 16.2018 -32.3625 -26.8692 -23.0398 -48.4504 24.3241 -41.4399 20.7172 -34.0251 -10.1360 -25.2724 -48.7788 4.5035 -42.6839 24.6812 -35.3351 -0.2179 -26.9113 -48.4587 -7.9012 -43.9705 28.4405 -36.4861 5.5042 -28.4269 -46.6162 -16.0325 -46.5607 32.2920 -43.3847 34.3786 -45.5528 -9.4016 -48.7089 -24.7221 -31.7409 -29.4470 -10.4558 -30.3777 -10.7125 -30.7373 0.5382 -33.7580 16.2404 -39.2995 34.5743 -46.2355 -16.7614 -45.3672 -29.1213 7.8888 -37.1496 30.5823 -44.7355 -11.9245 -47.8013 -27.7492 3.4148 -36.0223 26.9355 -43.4383 -3.9845 -48.6891 -26.2616 -3.7037 -34.7890 22.9345 -42.1426 13.9750 -48.7251 -24.2635 -18.1372 -33.2140 18.4178 -40.6331 31.7079 -47.8880 -21.2913 -36.0985 -31.1690 13.0587 -38.7001 34.1671 -46.0836 -16.2616 -45.9964 -28.7144 6.1391
-47.9269 -12.4951 -45.0325 31.8313 -37.7167 10.1793 -30.0726 -41.8380 -19.3270 -47.1560 34.6022 -39.7773 16.0277 -32.3122 -27.1837 -23.0151 -48.4504 24.1522 -41.4677 20.8399 -34.0821 -9.4617 -25.3843 -48.7707 3.1235 -42.7782 25.0364 -35.4516 0.4963 -27.0700 -48.3653 -8.8219 -44.1252 28.8817 -36.6190 5.9933 -28.5320 -46.5458 -15.6405 -46.1490 34.8810 -41.3143 29.0673 -41.2280 34.7766 -45.2777 -7.3491 -48.7425 -22.3196 -44.1985 -26.8196 -35.0251 -28.0190 -28.7410 -29.7508 -1.7872 -33.7472 16.6342 -39.4851 34.7426 -46.3814 -17.1764 -44.9366 -29.2883 8.3798 -37.2946 31.0200 -44.8925 -12.5852 -47.6157 -27.9067 3.9910 -36.1430 27.3168 -43.5646 -4.9507 -48.6562 -26.3794 -3.1224 -34.8574 23.1002 -42.1818 13.5179 -48.7284 -24.2635 -18.3003 -33.1821 18.2878 -40.5733 32.1199 -47.8207 -21.0857 -36.9456 -31.0243 12.6659 -38.5560 33.8944 -45.9262 -15.7572 -46.3757 -28.1295
-12.7073 -44.8604 31.3763 -37.5611 9.7017 -29.9038 -42.4928 -19.0133 -47.0449 34.7233 -39.6758 15.7771 -32.2292 -27.8028 -22.9405 -48.4360 24.3241 -41.4677 20.8827 -34.1115 -9.0608 -25.4596 -48.7666 2.0790 -42.8575 25.3434 -35.5537 1.1087 -27.2113 -48.2668 -9.6142 -44.2715 29.3050 -36.7515 6.4842 -28.6640 -46.3624 -15.6270 -45.9595 34.5594 -39.9400 21.5879 -37.5772 21.8580 -39.9977 33.7002 -44.6134 -0.2970 -48.4958 -21.5798 -42.8169 -27.2424 -34.8696 -28.0475 -26.6988 -30.3062 1.6642 -34.3123 17.9245 -39.8086 34.8589 -46.5288 -17.5657 -44.4837 -29.4485 8.8424 -37.4338 31.4298 -45.0398 -13.1659 -47.4249 -28.0502 4.4892 -36.2500 27.6470 -43.6735 -5.7121 -48.6253 -26.4661 -2.7405 -34.8993 23.1885 -42.1960 13.5179 -48.7251 -24.2188 -18.8126 -33.1179 18.0750 -40.4849 32.6143 -47.7346 -20.8359 -37.8701 -30.8639 12.2363 -38.4039 33.5730 -45.7632 -15.2239 -46.8543
-44.7180 30.9056 -37.4035 9.2038 -29.7256 -43.1413 -18.6618 -46.9191 34.8060 -39.5551 15.4667 -32.1192 -28.6860 -22.8173 -48.4074 24.8113 -41.4399 20.8399 -34.1115 -8.9259 -25.4977 -48.7668 1.3869 -42.9243 25.5894 -35.6387 1.6119 -27.3336 -48.1686 -10.2852 -44.4066 29.7018 -36.8794 6.9623 -28.8117 -46.0966 -15.8482 -45.9242 34.1436 -39.1664 17.1430 -34.9718 10.9513 -35.2240 17.6405 -39.0171 31.8129 -44.0288 -0.9894 -48.7356 -27.8404 -15.5002 -29.7143 -20.6516 -29.6637 -10.9278 -31.7987 7.0610 -35.2487 19.6087 -40.1166 34.8693 -46.6463 -17.8947 -44.0304 -29.5994 9.2728 -37.5654 31.8039 -45.1752 -13.6695 -47.2376 -28.1765 4.9074 -36.3424 27.9237 -43.7610 -6.2551 -48.6020 -26.5179 -2.5461 -34.9138 23.1885 -42.1818 13.9750 -48.7150 -24.1304 -19.6608 -33.0236 17.7920 -40.3750 33.1281 -47.6336 -20.5520 -38.8146 -30.6925 11.7839 -38.2473 33.2160 -45.5980 -15.2013
30.4535 -37.2362 8.6919 -29.5434 -43.7596 -18.2776 -46.7814 34.8328 -39.4199 15.1066 -31.9880 -29.7682 -22.6523 -48.3638 25.5690 -41.3875 20.7172 -34.0821 -9.0608 -25.4977 -48.7667 1.0483 -42.9701 25.7589 -35.7027 2.0016 -27.4353 -48.0763 -10.8377 -44.5262 30.0607 -36.9993 7.4140 -28.9671 -45.7604 -16.2171 -45.9899 34.0247 -38.8108 14.7379 -33.2531 -0.0590 -31.2300 1.3428 -33.4881 14.0085 -37.8914 29.1382 -43.6981 -10.9442 8.1697 -34.1781 5.8686 -31.9167 -1.7783 -31.9568 4.7596 -33.9134 12.4802 -36.2845 20.7920 -40.2339 34.8476 -46.7245 -18.1689 -43.5806 -29.7414 9.6725 -37.6881 32.1354 -45.2963 -14.0948 -47.0626 -28.2842 5.2507 -36.4168 28.1344 -43.8210 -6.5717 -48.5896 -26.5351 -2.5461 -34.8993 23.1002 -42.1426 14.8412 -48.6972 -24.0016 -20.7810 -32.9058 17.4549 -40.2503 33.6120 -47.5198 -20.2405 -39.7348 -30.5146 11.3177 -38.0893 32.8292 -45.4453
-36.8465 8.1657 -29.3608 -44.3355 -17.8674 -46.6352 34.7959 -39.2733 14.7108 -31.8401 -30.9718 -22.4500 -48.3054 26.5342 -41.3101 20.5192 -34.0251 -9.4617 -25.4596 -48.7668 1.0483 -42.9853 25.8437 -35.7413 2.2664 -27.5123 -47.9961 -11.2773 -44.6270 30.3697 -37.1082 7.8255 -29.1255 -45.3507 -16.7023 -46.1376 34.1803 -38.7403 13.6913 -32.1939 -16.1075 -27.7826 -36.4264 -27.9306 -16.6269 -31.3992 7.6423 -34.8523 13.5731 -29.4991 -45.7534 27.4820 -36.4477 10.8039 -33.8804 9.7355 -34.9961 14.8858 -36.5246 17.0724 -36.6557 20.4359 -40.0851 34.8445 -46.7795 -18.4131 -43.1271 -29.8755 10.0330 -37.7985 32.4207 -45.4011 -14.4430 -46.9064 -28.3713 5.5064 -36.4688 28.2622 -43.8509 -6.6754 -48.5896 -26.5179 -2.7405 -34.8574 22.9345 -42.0803 16.0724 -48.6701 -23.8357 -22.1246 -32.7690 17.0773 -40.1123 34.0303 -47.3952 -19.9050 -40.6156 -30.3343 10.8437 -37.9183 32.2485
7.6061 -29.1794 -44.8626 -17.4393 -46.4833 34.6934 -39.1206 14.2901 -31.6784 -32.2338 -22.2171 -48.2337 27.6236 -41.2109 20.2489 -33.9402 -10.1360 -25.3843 -48.7666 1.3869 -42.9701 25.8437 -35.7542 2.3972 -27.5592 -47.9367 -11.6005 -44.7067 30.6195 -37.2004 8.1841 -29.2769 -44.8781 -17.2845 -46.3772 34.5715 -38.9362 13.7130 -31.7500 -27.1888 -25.1067 -47.7181 -21.5451 -47.8117 -24.2057 -40.0431 -27.8458 -21.6371 -28.0929 -44.2455 2.2167 -41.6353 21.9870 -36.6012 15.8350 -36.8482 20.8019 -39.0704 25.5918 -38.7622 16.2028 -35.7331 18.5910 -39.7921 34.8423 -46.8359 -18.6496 -42.6745 -29.9974 10.3484 -37.8951 32.6578 -45.4886 -14.7149 -46.7805 -28.4327 5.6618 -36.4948 28.3047 -43.8509 -6.5717 -48.6020 -26.4661 -3.1224 -34.7890 22.6910 -41.9947 17.6069 -48.6329 -23.6399 -23.6328 -32.6165 16.6688 -39.9631 34.3668 -47.2622 -19.5529 -41.4400 -30.1527 10.3630 -37.5451
-28.6063 -45.3442 -16.9930 -46.3279 34.5306 -38.9639 13.8489 -31.5070 -33.5178 -21.9591 -48.1497 28.7540 -41.0938 19.9217 -33.8322 -11.0728 -25.2724 -48.7707 2.0790 -42.9243 25.7589 -35.7413 2.3972 -27.5749 -47.9056 -11.7948 -44.7627 30.8071 -37.2711 8.4683 -29.4044 -44.3979 -17.8870 -46.6934 34.8738 -39.6006 15.1377 -31.9612 -29.7984 -23.5811 -48.7654 -13.3292 -47.8597 -11.4931 -48.5381 -18.1500 -48.6514 -20.9476 -48.7328 -14.0067 -45.1508 32.2648 -39.3781 22.1168 -38.6517 26.1679 -41.3019 34.6166 -43.7331 33.5467 -35.5010 7.5550 -33.9915 16.5831 -39.5679 34.8340 -46.9041 -18.8779 -42.2387 -30.1040 10.6163 -37.9762 32.8430 -45.5555 -14.9023 -46.6994 -28.4636 5.7133 -36.4948 28.2622 -43.8210 -6.2551 -48.6253 -26.3794 -3.7037 -34.6957 22.3842 -41.8903 19.3321 -48.5853 -23.4193 -25.2295 -32.4527 16.2399 -39.8085 34.6119 -47.1239 -19.1881 -42.2017 -29.9714 9.8985
-45.9553 -16.5224 -46.1702 34.3153 -38.8048 13.3977 -31.3303 -34.7942 -21.6780 -48.0549 29.8575 -40.9634 19.5530 -33.7058 -12.2419 -25.1294 -48.7788 3.1235 -42.8575 25.5894 -35.7027 2.2664 -27.5592 -47.9056 -11.8587 -44.7909 30.9208 -37.3193 8.6689 -29.4945 -44.0063 -18.3703 -46.9968 33.9866 -40.8708 19.9895 -33.2458 -23.6712 -23.4177 -48.6100 -0.3135 -45.2632 31.2013 -44.6532 25.6718 -46.0018 5.2803 -46.7778 8.8024 -45.1471 34.8967 -41.2889 27.8863 -40.3089 30.4928 -42.5495 32.2821 -46.7005 -10.8642 -46.7356 -29.5556 -27.7819 -13.0328 -32.6503 15.5219 -39.4971 34.8177 -46.9790 -19.0863 -41.8383 -30.1948 10.8320 -38.0385 32.9717 -45.5972 -14.9967 -46.6719 -28.4636 5.6618 -36.4688 28.1345 -43.7611 -5.7134 -48.6562 -26.2616 -4.4720 -34.5825 22.0284 -41.7712 21.1626 -48.5267 -23.1774 -26.8603 -32.2811 15.7970 -39.6518 34.7634 -46.9815 -18.8115 -42.9042 -29.4171
-16.3955 -46.0103 34.0537 -38.6459 12.9445 -31.1507 -36.0184 -21.3805 -47.9500 30.8889 -40.8230 19.1510 -33.5644 -13.6203 -24.9604 -48.7835 4.5035 -42.7782 25.3434 -35.6387 2.0016 -27.5123 -47.9367 -11.7939 -44.7902 30.9548 -37.3419 8.7789 -29.5430 -43.7820 -18.6310 -47.1854 31.7632 -42.2037 28.0630 -37.5240 -2.6015 -24.6439 -48.6968 11.6372 -43.3974 32.6556 -40.8845 29.8667 -41.2558 33.0036 -42.4726 34.6914 -42.7724 33.8634 -41.7538 31.2927 -41.6855 34.0108 -43.6004 27.2253 -47.1341 -17.7135 -41.5419 -30.9680 -4.0003 -48.8118 -24.3411 -25.5686 -32.1633 15.2751 -39.5236 34.7850 -47.0511 -19.2685 -41.4950 -30.2648 10.9868 -38.0781 33.0369 -45.6112 -14.9985 -46.6984 -28.4331 5.5078 -36.4177 27.9265 -43.6737 -4.9520 -48.6891 -26.1186 -5.4079 -34.4539 21.6302 -41.6394 23.0111 -48.4574 -22.9184 -28.4901 -32.1051 15.3492 -39.4938 34.8290 -46.8360 -18.4195 -43.7962
-45.8543 33.7477 -38.4874 12.4885 -30.9710 -37.1688 -21.0706 -47.8370 31.8115 -40.6734 18.7232 -33.4103 -15.1722 -24.7697 -48.7815 6.1811 -42.6839 25.0364 -35.5537 1.6119 -27.4353 -47.9961 -11.5997 -44.7618 30.9128 -37.3383 8.7960 -29.5532 -43.7340 -18.6648 -47.2253 30.6505 -42.8579 33.3818 -42.0142 30.3367 -24.2706 -48.8830 19.8628 -42.2053 26.7207 -38.0274 18.7063 -37.0715 19.6404 -38.2380 24.1594 -39.7890 28.3320 -40.9743 31.8278 -42.5090 34.7823 -44.9474 11.3124 -47.4339 -15.1327 -48.1818 -27.6593 10.5569 -41.8372 11.6319 -48.6271 -23.1384 -28.9035 -32.0532 15.3448 -39.5857 34.7345 -47.1141 -19.4114 -41.2352 -30.3112 11.0703 -38.0930 33.0420 -45.5995 -14.9101 -46.7763 -28.3746 5.2590 -36.3442 27.6520 -43.5655 -3.9854 -48.7194 -25.9552 -6.5124 -34.3118 21.2030 -41.4976 24.7984 -48.3789 -22.6460 -30.0732 -31.9283 14.9016 -39.3354 34.8174 -46.6874 -18.1553
33.0622 -38.3159 12.0300 -30.7911 -38.2393 -20.7529 -47.7180 32.6048 -40.5199 18.2809 -33.2458 -16.8656 -24.5593 -48.7710 8.1199 -42.5743 24.6812 -35.4516 1.1092 -27.3345 -48.0762 -11.2773 -44.7063 30.7977 -37.3117 8.7329 -29.5307 -43.8210 -18.5395 -47.1493 31.6766 -42.6762 33.5757 -43.3493 8.2019 -48.5126 -34.6327 27.0023 -39.2144 19.8956 -35.6565 10.3703 -33.5984 8.2388 -34.2976 13.2112 -36.5547 20.8432 -39.4890 30.2096 -42.6710 32.6571 -46.2060 -8.2464 -48.5304 -18.5028 -48.5665 -23.3576 -33.2664 -32.6220 21.4969 -41.8828 20.9808 -48.4380 -22.7603 -29.4152 -32.0816 15.5248 -39.6563 34.6733 -47.1643 -19.5135 -41.0692 -30.3349 11.0864 -38.0851 32.9884 -45.5625 -14.7351 -46.8970 -28.2905 4.9251 -36.2528 27.3208 -43.4397 -2.8052 -48.7441 -25.7732 -7.7902 -34.1585 20.7587 -41.3505 26.4680 -48.2920 -22.3683 -31.5755 -31.7511 14.4563 -39.1770 34.7360 -46.5299
-37.9549 11.5652 -30.6102 -39.2352 -20.4264 -47.5939 33.2611 -40.3648 17.8315 -33.0762 -18.6602 -24.3321 -48.7509 10.2928 -42.4519 24.2861 -35.3350 0.4954 -27.2122 -48.1682 -10.8437 -44.6266 30.6127 -37.2633 8.5993 -29.4833 -43.9950 -18.3321 -47.0153 33.2469 -42.0344 30.8394 -41.9026 33.8188 -47.4323 -22.5202 -4.1036 -33.4380 8.7285 -32.7053 -0.8501 -30.4505 -12.5303 -30.5051 -0.8979 -33.2638 12.8969 -37.5064 26.9456 -42.3041 31.8213 -46.8253 -14.5975 -48.5646 -23.6317 -43.7691 -25.2090 -45.1956 -26.5184 -9.6277 -34.3863 21.8040 -41.6324 24.2358 -48.3807 -22.7399 -28.9170 -32.1648 15.7409 -39.7274 34.6076 -47.2023 -19.5819 -40.9947 -30.3360 11.0386 -38.0552 32.8785 -45.5016 -14.4794 -47.0477 -28.1844 4.5080 -36.1467 26.9420 -43.2974 -1.3940 -48.7606 -25.5745 -9.2110 -33.9986 20.3036 -41.1996 27.9632 -48.1984 -22.0861 -32.9783 -31.5745 14.0137 -39.0043 33.8057
11.1386 -30.4292 -40.1572 -20.0894 -47.4652 33.7879 -40.2074 17.3784 -32.9029 -20.5043 -24.0924 -48.7202 12.6225 -42.3202 23.8576 -35.2044 -0.2206 -27.0698 -48.2669 -10.2946 -44.5269 30.3673 -37.1934 8.4000 -29.4174 -44.2132 -18.0962 -46.8690 34.2803 -41.3035 27.0346 -40.0609 32.0758 -44.2735 -5.1360 -48.6572 -26.0447 -27.7496 -28.6728 -30.1085 -27.0917 -40.6229 -26.2860 -36.1239 -29.3093 0.3667 -34.7420 21.1826 -41.5197 32.8531 -46.8432 -15.7986 -47.6789 -26.6153 -17.7934 -30.5306 -12.9839 -26.0819 -44.9783 -27.1777 -4.3473 -34.4800 21.4044 -41.5316 24.5573 -48.4033 -22.8879 -27.8844 -32.2815 15.9905 -39.8035 34.5350 -47.2322 -19.6210 -41.0017 -30.3164 10.9314 -38.0052 32.7162 -45.4214 -14.1482 -47.2192 -28.0614 4.0169 -36.0279 26.5285 -43.1426 0.2526 -48.7668 -25.3649 -10.7520 -33.8338 19.8454 -41.0477 29.2789 -48.0997 -21.7983 -34.2942 -31.3988 13.5704 -38.6682
-29.8858 -41.0133 -19.7425 -47.3327 34.1938 -40.0494 16.9278 -32.7275 -22.3537 -23.8430 -48.6791 15.0202 -42.1814 23.4054 -35.0617 -1.0510 -26.9103 -48.3657 -9.6222 -44.4087 30.0691 -37.1072 8.1429 -29.3367 -44.4516 -17.8633 -46.7363 34.7372 -40.6399 23.3767 -38.2087 24.6901 -41.5862 31.7880 -47.3390 -17.9761 -47.7041 -24.4073 -45.1668 -23.9257 -47.5861 -21.8933 -47.9614 -24.0593 -37.1127 -30.6344 11.1436 -39.0200 34.2172 -46.8527 -15.2668 -47.9346 -27.0109 -3.6816 -34.0548 14.6715 -34.6986 -41.8156 -21.4203 -47.5159 -26.7554 -4.7949 -34.4452 21.4330 -41.6072 23.1270 -48.4721 -23.1615 -26.2582 -32.4479 16.3203 -39.8995 34.4381 -47.2599 -19.6415 -41.0740 -30.2809 10.7748 -37.9388 32.5066 -45.3237 -13.7470 -47.4021 -27.9230 3.4571 -35.8984 26.0842 -42.9785 2.1149 -48.7739 -25.1475 -12.4044 -33.6668 19.3930 -40.8965 30.4272 -47.9958 -21.5058 -35.5293 -31.2230 13.2074
-42.1060 -19.3852 -47.1979 34.4917 -39.8923 16.4835 -32.5525 -24.1663 -23.5891 -48.6280 17.4019 -42.0371 22.9369 -34.9114 -1.9939 -26.7351 -48.4586 -8.8307 -44.2748 29.7222 -37.0076 7.8373 -29.2474 -44.6947 -17.6517 -46.6308 34.8569 -40.1197 20.3845 -36.4829 17.4833 -38.6950 32.5703 -45.3127 -12.3670 -48.7219 -22.5315 -46.8903 -23.1985 -48.1591 -19.8219 -48.7451 -17.9243 -48.6139 -24.5050 -21.4625 -33.7256 25.3888 -47.1183 -17.0298 -48.1663 -25.8863 -11.3432 -34.1653 21.2134 -41.1433 29.8749 30.3837 -46.6088 -13.1397 -48.4196 -26.5014 -4.3635 -34.6008 22.0481 -41.8504 19.7026 -48.5730 -23.6079 -23.5212 -32.7155 16.8376 -40.0439 34.2805 -47.2931 -19.6542 -41.2002 -30.2318 10.5751 -37.8586 32.2545 -45.2112 -13.2771 -47.5875 -27.7704 2.8292 -35.7609 25.6199 -42.8260 4.1810 -48.7818 -24.9235 -14.1306 -33.4995 18.9441 -40.7445 31.4110 -47.8871 -21.2069 -36.6840 -30.7000
-19.0591 -47.0587 34.6916 -39.7368 16.0403 -32.3779 -25.9036 -23.3322 -48.5683 19.6632 -41.8888 22.4601 -34.7545 -3.0363 -26.5480 -48.5427 -7.9074 -44.1293 29.3329 -36.8951 7.4882 -29.1510 -44.9241 -17.4844 -46.5627 34.8517 -39.7860 18.2782 -35.0626 10.7711 -35.5133 21.5343 -42.0151 5.9433 -48.6741 -24.4671 -41.2067 -26.2686 -43.3855 -23.4365 -48.6738 -16.0113 -48.1848 -15.4311 -48.5989 -25.6328 -4.1919 -34.7721 -20.3675 -44.3104 -26.0830 -27.9536 -31.9772 15.9358 -40.9869 6.0021 -46.4721 -37.4343 33.4099 -45.0428 -10.2824 -48.4313 -26.7991 -1.9221 -35.0082 23.3677 -42.2966 12.7805 -48.6859 -24.3635 -18.4061 -33.1838 17.7351 -40.2769 34.0001 -47.3335 -19.6640 -41.3670 -30.1705 10.3388 -37.7661 31.9647 -45.0863 -12.7348 -47.7679 -27.6083 2.1315 -35.6181 25.1446 -42.6889 6.4186 -48.7783 -24.6944 -15.9054 -33.3321 18.4974 -40.5930 32.2515 -47.7732 -20.8993 -38.1687
-46.9035 34.8017 -39.5819 15.6004 -32.2042 -27.5712 -23.0712 -48.5010 21.7696 -41.7405 21.9853 -34.5935 -4.1859 -26.3514 -48.6149 -6.8480 -43.9739 28.9097 -36.7726 7.0977 -29.0506 -45.1337 -17.3755 -46.5447 34.8477 -39.6674 17.1842 -34.1179 4.0452 -32.4831 9.4152 -37.1497 32.3484 -47.4023 -26.2003 -11.5331 -30.8038 -6.9951 -29.4436 -35.7445 -22.9793 -48.6527 -8.5551 -47.2010 -10.6906 -48.7708 -19.6370 -48.7644 16.5984 -31.1550 -20.8702 -30.1790 5.8976 -37.0763 33.4732 -47.5598 -24.7525 9.5689 -38.0342 32.1930 -44.9457 -11.7714 -47.9817 -27.6047 2.0293 -35.7196 25.6887 -43.0403 1.0493 -48.7659 -25.6841 -9.1492 -33.9917 19.2440 -40.6176 33.5304 -47.3797 -19.6697 -41.5570 -30.1013 10.0733 -37.6648 31.6395 -44.9507 -12.1214 -47.9379 -27.4393 1.3698 -35.4716 24.6630 -42.5503 8.7689 -48.7638 -24.4607 -17.7106 -33.1634 18.0542 -40.4413 32.9557 -47.6543 -20.4825
33.6751 -39.4092 15.1636 -32.0317 -29.1669 -22.8069 -48.4264 23.7099 -41.5924 21.5174 -34.4313 -5.4343 -26.1478 -48.6735 -5.6449 -43.8095 28.4581 -36.6409 6.6592 -28.9431 -45.3261 -17.3383 -46.5841 34.8701 -39.7946 17.2082 -33.7723 -1.9073 -30.0284 -13.0454 -31.8002 12.3526 -39.1214 28.5510 4.8285 -35.5359 14.5491 -35.1428 9.5076 -31.2650 -40.6816 -18.3769 -47.0927 20.9694 -45.2499 22.2479 -45.5236 34.6394 -37.0075 4.5491 -30.5810 -6.8385 -33.3147 18.5816 -41.8152 -1.5251 -47.2080 -30.0529 11.7777 -38.3287 33.3171 -45.6838 -15.4012 -46.2667 -28.9481 6.7349 -36.8385 29.4106 -44.3582 -10.6095 -47.9429 -27.9670 2.2804 -35.1931 21.3641 -41.0251 32.8652 -47.4278 -19.6742 -41.7579 -30.0272 9.7827 -37.5575 31.2821 -44.8077 -11.4434 -48.0950 -27.2625 0.5499 -35.3219 24.1824 -42.4096 11.1993 -48.7385 -24.2234 -19.5329 -32.9933 17.6138 -40.2882 33.5309 -47.5093
-39.0887 14.7245 -31.8587 -30.6759 -22.5377 -48.3452 25.4643 -41.4432 21.0536 -34.2686 -6.7728 -25.9398 -48.7176 -4.2899 -43.6384 27.9798 -36.4996 6.1586 -28.8157 -45.5315 -17.3488 -46.6801 34.7885 -40.1999 18.4677 -34.1126 -2.4710 -28.8091 -37.6166 -26.9411 -28.4635 -30.3866 3.1996 -29.3541 -46.7788 34.2447 -40.6265 26.5866 -38.7534 15.5488 -27.2925 -48.8030 10.0792 -43.7532 34.0303 -41.6865 29.8282 -38.9022 13.4078 -32.2973 -9.2807 -31.0537 6.3226 -36.6043 30.4560 -45.7488 -18.7592 -37.3009 -31.5364 14.2231 -39.3201 34.8789 -46.9996 -19.6279 -39.9826 -30.9063 11.8287 -38.4350 33.9974 -46.3816 -18.8750 -38.5636 -31.7081 11.0278 -36.6147 23.6612 -41.4185 32.0520 -47.4763 -19.6865 -41.9504 -29.9533 9.4786 -37.4443 30.9033 -44.6580 -10.6899 -48.2364 -27.0793 -0.3355 -35.1678 23.7029 -42.2671 13.6445 -48.7029 -23.9819 -21.3498 -32.8231 17.1739 -40.1143 31.9482
14.3876 -31.6847 -32.1106 -22.2637 -48.2574 27.0490 -41.2949 20.5931 -34.1056 -8.1961 -25.7280 -48.7472 -2.7838 -43.4630 27.4868 -36.3496 5.5862 -28.6583 -45.8073 -17.3079 -46.8020 34.2235 -40.9091 21.1530 -35.1627 3.1310 -29.4426 -40.2899 -23.9909 -47.4031 -23.5738 -44.4164 -25.1630 -46.9037 -6.8266 -44.7979 34.3119 -44.2053 32.2507 -40.6424 -44.3108 -10.9828 -44.2904 31.7280 -39.6308 22.1019 -37.1973 14.1171 -33.4483 -2.4201 -30.5747 -6.3437 -32.8863 14.9926 -39.7339 33.5872 -48.0520 -22.9769 -23.8372 -33.0339 18.3104 -40.9972 26.7515 -48.4833 -24.0957 -17.6420 -33.2291 17.2466 -40.3635 31.2745 -48.5307 -25.4990 8.5125 -35.9400 17.7070 -37.8355 25.5711 -41.7584 31.0300 -47.5376 -19.7407 -42.0814 -29.8906 9.1735 -37.3298 30.5072 -44.5027 -9.8578 -48.3604 -26.8906 -1.2877 -35.0112 23.2242 -42.1223 16.0374 -48.6580 -23.7357 -23.1362 -32.6529 16.7357 -39.8244
-31.1743 -33.4547 -21.9874 -48.1643 28.4485 -41.1478 20.1426 -33.9437 -9.6925 -25.5154 -48.7631 -1.1349 -43.2876 26.9917 -36.1955 4.9467 -28.4650 -46.1864 -17.0570 -46.8648 32.7593 -41.8885 25.5276 -36.9651 10.4542 -31.6280 -28.3067 -24.8980 -48.3909 -18.4545 -48.6972 -17.2561 -48.6640 -13.2076 -46.6016 17.3289 -46.4372 -11.0017 -48.6987 -26.6299 30.4762 -41.9639 28.5085 -38.4959 17.8330 -35.7366 11.3680 -33.5733 2.1888 -31.2681 -8.6723 -31.3075 4.7246 -35.2601 22.7750 -42.3073 9.6587 -48.7965 -25.6285 -5.9646 -34.8703 24.3322 -43.3318 -7.5468 -47.5963 -29.1903 4.3508 -35.3060 22.0636 -41.8797 8.3532 -48.6515 -37.1962 26.6265 -38.9477 21.7481 -38.5728 27.0736 -42.1204 29.2727 -47.6403 -19.9059 -42.0764 -29.8493 8.8841 -37.2170 30.1000 -44.3439 -8.9473 -48.4663 -26.6966 -2.3177 -34.8533 22.7463 -41.9762 18.3373 -48.6045 -23.4848 -24.8800 -32.4799 16.4284
-35.1472 -21.7140 -48.0691 29.6370 -41.0050 19.7122 -33.7873 -11.2172 -25.3085 -48.7678 0.6135 -43.1183 26.5096 -36.0443 4.2642 -28.2482 -46.6377 -16.4462 -46.7554 31.5697 -42.9023 31.2727 -39.5391 18.9867 -34.8238 1.2676 -28.6396 -45.3466 -19.6256 -48.2440 -6.8931 -46.9026 4.0649 -46.2123 12.8835 -46.7904 -12.9418 -48.6825 -25.1559 -9.8816 -35.7100 18.3521 -36.6932 14.5273 -34.8648 9.5960 -33.5574 5.3132 -32.4335 0.3363 -31.8450 1.7808 -33.2588 12.4868 -37.6614 30.1940 -44.4718 -10.4083 -47.9763 -27.9342 4.8863 -36.8715 31.6152 -46.2792 -20.8066 -4.7102 -33.5071 11.6240 -36.1788 20.8641 -38.9045 18.9851 -20.0452 -46.1020 33.4089 -39.6959 23.1099 -39.1155 28.9551 -42.6704 25.3443 -47.8112 -20.2541 -41.8345 -29.8463 8.6324 -37.1087 29.6918 -44.1847 -7.9456 -48.5549 -26.4979 -3.4260 -34.6945 22.2725 -41.8302 20.5178 -48.5426 -23.2295 -26.5770 -31.9817
-21.2870 -47.9768 30.5987 -40.8745 19.3214 -33.6443 -12.6713 -25.1175 -48.7718 2.3493 -42.9640 26.0657 -35.9050 3.5928 -28.0349 -47.0706 -15.4851 -46.4115 33.1093 -43.1954 34.9104 -42.5842 30.7797 -39.0451 16.0498 -33.2035 -16.7622 -25.1398 -48.7520 -9.7075 -46.1347 27.0973 -44.6983 28.0301 -46.0960 -11.5577 -48.6386 -24.4747 -34.3285 -30.5010 5.9029 -34.1686 10.3248 -34.2170 9.2371 -33.9664 8.9778 -33.9590 8.8491 -33.8497 8.5535 -33.9642 10.6117 -35.5209 19.0638 -39.9158 34.8440 -46.3607 -17.2070 -44.5550 -29.6894 10.0088 -38.2728 34.5921 -47.7335 -33.5274 16.6521 -35.7758 12.8508 -35.0062 11.0007 -31.9011 -45.9351 -8.4988 -43.9009 30.4487 -39.5408 24.8010 -40.0797 32.0674 -43.5602 16.1975 -48.0534 -20.8550 -41.2195 -29.9013 8.4437 -37.0097 29.2881 -44.0252 -6.8499 -48.6266 -26.2968 -4.6075 -34.5340 21.8049 -41.6839 22.5487 -48.4727 -22.9685 -28.8020
-47.8733 31.2757 -40.7726 19.0131 -33.5342 -13.8542 -24.9669 -48.7731 3.8191 -42.8548 25.7077 -35.7912 3.0094 -27.8572 -47.4018 -14.4029 -45.9143 34.8859 -42.0985 34.6132 -45.1980 24.5675 -44.1213 32.1308 -38.4374 11.9416 -30.8987 -40.4618 -19.8791 -47.5305 24.7168 -43.8709 34.9660 -44.3473 4.7456 -48.7693 -25.5363 -25.2804 -30.2693 -2.1583 -32.6098 6.7006 -33.8212 9.9251 -34.7404 13.1699 -35.8688 16.2081 -36.6685 17.5083 -36.7466 16.9375 -36.5393 17.5774 -37.7915 25.6400 -41.9733 29.7094 -47.6940 -20.3900 -40.8060 -29.9162 6.3882 -34.1089 1.6096 -5.6622 -41.8570 21.5274 -35.6066 8.5312 -32.0310 -21.1864 -23.0265 -48.0112 29.6786 -42.2790 29.5422 -40.3866 29.5898 -41.8367 34.9851 -44.8240 0.6467 -48.4227 -21.7531 -40.0451 -30.0232 8.3320 -36.9200 28.8902 -43.8660 -5.6574 -48.6821 -26.0939 -5.8710 -34.3733 21.3439 -41.5364 24.4013 -48.3955 -22.4384
28.4764 -40.7112 18.8912 -33.4994 -14.3367 -24.9163 -48.7619 4.4267 -42.8227 25.5487 -35.7365 2.6736 -27.7562 -47.5964 -13.5421 -45.4764 34.0942 -40.0792 26.0559 -42.0205 -12.6697 -48.6473 -5.7007 -44.4584 29.2727 -36.4968 2.9148 -27.2311 -48.5416 -6.9089 -44.7722 34.7201 -42.4261 34.7705 -46.7201 -20.9593 -4.7526 -33.1037 8.1636 -33.6751 8.5494 -34.2460 11.9657 -35.7729 17.5122 -37.9225 23.9094 -39.8042 28.3898 -40.5925 28.7697 -40.0543 25.4433 -39.0140 24.1860 -39.9745 32.0771 -43.8171 9.5816 -48.3477 -21.3043 -43.4663 -27.4313 -30.0178 -25.1362 -48.0559 34.6056 -39.7322 16.8031 -33.8867 -3.5980 -27.6609 -47.9771 -11.7725 -45.4955 34.9255 -42.4955 33.6870 -42.6454 34.9693 -44.2428 23.7388 -46.5265 -11.1637 -48.7518 -22.9327 -38.0797 -30.2104 8.2861 -36.8385 28.5013 -43.7093 -4.3664 -48.7227 -25.8906 -7.2032 -34.2158 20.8938 -41.3917 26.0521 -48.2845
-40.7285 19.1831 -33.6268 -13.2304 -25.0859 -48.7612 2.9714 -42.9317 25.8577 -35.8170 2.9434 -27.8073 -47.6117 -13.2318 -45.2560 32.8671 -38.5698 15.4595 -33.8357 2.3466 -43.8338 -25.2571 -48.6351 0.5680 -42.4327 20.4883 -33.1051 -29.9550 -21.2155 -47.4233 33.0133 -41.9393 30.2714 -42.0252 27.1371 -49.1346 -35.2428 22.6933 -37.7025 17.0641 -36.1420 16.1452 -37.1279 21.9953 -39.8152 31.3084 -42.6707 34.3086 -44.6335 29.2552 -44.7916 33.8212 -42.8921 32.5439 -41.1204 30.8202 -42.2003 34.6182 -45.5735 -7.1287 -48.6211 -20.6217 -47.7039 -22.4829 -48.7368 -6.2025 -44.2151 30.0936 -37.8247 11.8444 -31.5503 -34.3617 -21.9657 -48.1858 10.8777 -44.8637 31.5535 -44.8188 25.0262 -45.8980 5.6531 -47.1289 -9.8901 -48.3149 -17.8338 -48.4768 -24.3039 -35.1648 -30.4412 8.2815 -36.7616 28.1207 -43.5550 -2.9816 -48.7490 -25.6929 -8.5532 -34.0644 20.4679 -41.2260 23.3935
20.5522 -34.0740 -9.0349 -25.7033 -48.7573 -2.0480 -43.3884 27.2337 -36.2116 4.4811 -28.1784 -47.2781 -13.8212 -45.3049 32.5566 -38.1007 12.2356 -31.5932 -26.4180 -22.2090 -38.2465 2.9116 -24.8431 -48.2562 34.6029 -38.5182 8.4110 -28.2447 -48.3364 -4.3554 -43.6965 29.7104 -39.1492 23.4441 -39.0027 19.5371 -18.2417 -45.6438 33.1931 -39.8347 23.5684 -39.0073 26.9895 -41.4046 34.8770 -44.9957 4.1770 -47.8349 -14.1309 -48.6114 -15.0446 -47.9813 4.8776 -44.7224 34.8953 -43.0693 34.8869 -44.6544 11.8639 -47.5566 -15.5732 -48.7669 -20.3411 -48.7019 -16.8992 -47.4273 27.4425 -42.3985 25.8545 -36.4960 4.7590 -28.0924 -47.7333 -14.5981 -46.9589 4.2332 -47.0281 -8.6234 -48.1922 -15.1389 -48.6996 -18.4812 -48.7283 -20.5276 -48.3611 -22.3551 -46.6630 -25.7092 -31.4377 -30.6728 8.2735 -36.6834 27.7511 -43.4105 -1.5864 -48.7626 -25.5120 -9.8459 -33.9276 20.0821 -41.0240
-34.7997 -1.1660 -27.1083 -48.3533 -9.9692 -44.5005 30.6463 -37.3032 8.1700 -29.2196 -45.8484 -15.7411 -45.7164 33.1933 -38.1690 11.5735 -30.8541 -36.0744 -21.8017 -47.7925 27.1154 -33.0300 -39.9157 -14.5849 -43.9556 23.1746 -33.5452 -28.6784 -20.7477 -46.9016 34.8394 -39.6577 18.7709 -35.8018 11.4492 -31.8107 -46.7018 -8.2280 -44.4208 33.8287 -41.5233 32.5747 -42.9467 30.0822 -46.5372 -12.7897 -48.7567 -22.8519 -44.2564 -25.6022 -42.8975 -23.3329 -48.7832 -8.1444 -45.8844 25.7027 -45.4534 4.4510 -47.7589 -16.1815 -48.7053 -21.9893 -47.4223 -22.4405 -48.6548 -14.6612 -46.7580 32.3686 -41.9796 23.7620 -33.8848 -24.5075 -22.6664 -48.5245 -10.3178 -48.1861 -18.3929 -48.3468 -22.8702 -46.0512 -24.8339 -42.6243 -26.0214 -40.4453 -26.1587 -41.8670 -25.7809 -42.1366 -26.9585 -27.5538 -30.8549 8.2202 -36.6093 27.4331 -43.2907 -0.3930 -48.7667 -25.3713 -10.9010 -33.8204 19.9635
