-41.3119 20.4780 -33.4800 -13.6967 -24.4147 -48.7498 5.4525 -42.2762 23.5265 -34.5928 -3.6235 -25.8649 -48.7188 -6.2339 -43.4555 26.9343 -35.6909 2.9268 -27.2272 -47.9999 -12.4458 -44.6495 30.2736 -36.7820 7.3820 -28.5306 -46.1134 -16.2168 -45.7906 32.9500 -37.8900 10.9478 -29.8118 -42.3888 -18.9276 -46.8499 33.7259 -39.0290 14.2215 -31.1036 -35.6787 -21.1267 -47.7785 30.1818 -40.1887 17.4606 -32.4110 -24.2831 -23.2610 -48.5832 7.0339 -43.2027 31.5109 -40.3952 31.0569 -42.9096 12.7325 -48.4140 -22.5848 -28.9726 -31.9168 16.2032 -39.7370 32.2764 -47.4416 -20.3266 -38.6834 -30.6114 12.9966 -38.5973 33.7816 -46.4689 -18.0082 -44.0327 -29.3431 9.6976 -37.4811 32.1022 -45.3789 -14.9978 -46.9780 -28.0548 5.8917 -36.3790 29.0807 -44.2154 -10.5647 -48.3732 -26.7394 0.8590 -35.2955 25.6781 -43.0149 -2.8239 -48.7785 -25.3557 -6.7450 -34.2054 22.4551 -41.9147 4.5374
20.4780 -33.8658 -11.7900 -25.0008 -48.7851 8.0487 -42.4090 23.8111 -35.0338 -2.1916 -26.5021 -48.6330 -5.2344 -43.5733 27.2716 -36.1040 3.7779 -27.8367 -47.7177 -12.2027 -44.7915 30.7176 -37.1738 7.9541 -29.1050 -45.5233 -16.3260 -45.9466 33.6162 -38.2540 11.3782 -30.3567 -41.3366 -19.2411 -47.0039 34.8223 -39.3513 14.5621 -31.6188 -33.9603 -21.5846 -47.9162 32.0428 -40.4597 17.7373 -32.8785 -22.3527 -23.6711 -48.6105 16.7747 -42.3649 26.4778 -37.6433 17.9952 -37.4726 25.5073 -42.0115 22.5907 -48.4258 -22.9427 -27.2262 -32.3933 16.4944 -40.0302 33.7924 -47.5892 -20.7370 -37.2250 -31.1399 13.3745 -38.9394 34.6861 -46.6276 -18.2596 -43.1668 -29.8987 10.1723 -37.8554 32.6694 -45.5303 -15.0040 -46.5182 -28.6418 6.5439 -36.7785 29.4760 -44.3486 -10.1194 -48.1742 -27.3634 1.8696 -35.7150 25.9884 -43.1194 -1.2916 -48.7439 -25.9743 -5.1597 -34.6178 22.5222 -41.9147
-33.4800 -11.7900 -25.0809 -48.7883 6.3058 -42.5619 24.2398 -35.1844 -1.2039 -26.6957 -48.5618 -6.5225 -43.7515 27.7786 -36.2658 4.4638 -28.0209 -47.4901 -12.9215 -44.9643 31.1928 -37.3407 8.4873 -29.2874 -45.0560 -16.8052 -46.1078 33.9355 -38.4260 11.8452 -30.5384 -40.5070 -19.6001 -47.1434 34.7443 -39.5226 14.9981 -31.7933 -32.6307 -21.8749 -48.0240 31.1633 -40.6340 18.1732 -33.0428 -20.7442 -23.8513 -48.6390 17.5098 -42.1099 24.0541 -36.0638 9.9143 -33.3052 9.3534 -35.7598 22.8446 -41.7060 23.4437 -48.4593 -23.1293 -25.7545 -32.5588 16.9297 -40.2043 33.2779 -47.7125 -21.0546 -36.0748 -31.3202 13.8282 -39.1133 34.7932 -46.7772 -18.6571 -42.4838 -30.0801 10.6571 -38.0248 33.0672 -45.6967 -15.5520 -46.1534 -28.8245 7.1170 -36.9434 29.9718 -44.5236 -10.9850 -48.0158 -27.5431 2.6248 -35.8655 26.4523 -43.2774 -2.6751 -48.7217 -26.0951 -4.6971 -34.6178 22.4551
-13.6967 -25.0008 -48.7883 5.6669 -42.6299 24.5476 -35.2979 -0.4185 -26.8663 -48.4813 -7.6205 -43.9204 28.2652 -36.4169 5.1040 -28.2044 -47.2378 -13.5910 -45.1349 31.6556 -37.4974 9.0040 -29.4703 -44.5468 -17.2627 -46.2664 34.2158 -38.5834 12.3079 -30.7187 -39.6070 -19.9500 -47.2800 34.5818 -39.6768 15.4336 -31.9660 -31.2277 -22.1579 -48.1262 30.1373 -40.7859 18.6178 -33.2091 -19.0080 -24.0666 -48.6777 16.5293 -42.0583 23.1912 -35.3387 4.4126 -30.4126 -16.9208 -30.2073 2.9037 -34.9323 21.8407 -41.6295 22.7526 -48.5137 -23.3558 -24.1075 -32.7282 17.3723 -40.3588 32.6355 -47.8317 -21.3655 -34.8497 -31.4993 14.2773 -39.2710 34.8331 -46.9232 -19.0410 -41.7501 -30.2617 11.1307 -38.1828 33.4366 -45.8605 -16.0686 -45.7522 -29.0072 7.6634 -37.0974 30.4463 -44.6914 -11.7449 -47.8457 -27.7081 3.2622 -35.9884 26.8175 -43.3885 -3.4380 -48.7113 -26.0951 -5.1597 -34.2054
-24.4147 -48.7851 6.3058 -42.6299 24.6614 -35.3614 0.0897 -26.9944 -48.4035 -8.4993 -44.0712 28.7131 -36.5584 5.6859 -28.3797 -46.9640 -14.2052 -45.3033 32.0974 -37.6546 9.5084 -29.6530 -43.9936 -17.7002 -46.4217 34.4515 -38.7410 12.7667 -30.8986 -38.6395 -20.2915 -47.4140 34.3257 -39.8320 15.8698 -32.1389 -29.7459 -22.4350 -48.2226 28.9509 -40.9376 19.0647 -33.3768 -17.2137 -24.2956 -48.7153 14.7547 -42.1177 23.0790 -35.0857 1.1313 -28.6473 -40.8148 -25.0959 -42.0288 -28.1647 -1.6900 -34.5945 21.6322 -41.6768 21.3118 -48.5729 -23.5983 -22.3432 -32.8999 17.8168 -40.5137 31.8473 -47.9451 -21.6689 -33.5498 -31.6781 14.7255 -39.4291 34.7986 -47.0664 -19.4106 -40.9555 -30.4433 11.5985 -38.3410 33.7723 -46.0215 -16.5532 -45.3188 -29.1838 8.1755 -37.2437 30.8845 -44.8448 -12.3823 -47.6804 -27.8437 3.7296 -36.0729 27.0243 -43.4293 -3.4380 -48.7217 -25.9743 -6.7450
-48.7498 8.0487 -42.5619 24.5476 -35.3614 0.2672 -27.0635 -48.3457 -9.1176 -44.1924 29.0924 -36.6835 6.1978 -28.5409 -46.6784 -14.7536 -45.4635 32.5094 -37.8093 9.9961 -29.8340 -43.3929 -18.1189 -46.5746 34.6360 -38.8992 13.2210 -31.0787 -37.5981 -20.6232 -47.5433 33.9618 -39.9878 16.3094 -32.3121 -28.1846 -22.7065 -48.3128 27.6006 -41.0878 19.5132 -33.5446 -15.4204 -24.5284 -48.7464 12.6000 -42.2242 23.2977 -35.0586 -0.0925 -27.8830 -45.7710 -20.9263 -48.7648 -20.1460 -47.0475 -27.0754 -4.0349 -34.5078 21.7901 -41.7790 19.4481 -48.6295 -23.8451 -20.5351 -33.0711 18.2671 -40.6679 30.9089 -48.0536 -21.9653 -32.1660 -31.8567 15.1711 -39.5871 34.6827 -47.2064 -19.7684 -40.0937 -30.6231 12.0606 -38.4972 34.0677 -46.1769 -16.9971 -44.8689 -29.3493 8.6367 -37.3764 31.2625 -44.9750 -12.8714 -47.5460 -27.9341 3.9818 -36.1034 27.0243 -43.3885 -2.6751 -48.7439 -25.3557
5.4525 -42.4090 24.2398 -35.2979 0.0897 -27.0635 -48.3238 -9.4380 -44.2721 29.3707 -36.7840 6.6174 -28.6819 -46.3983 -15.2314 -45.6107 32.8801 -37.9568 10.4586 -30.0097 -42.7476 -18.5159 -46.7248 34.7629 -39.0574 13.6706 -31.2584 -36.4853 -20.9461 -47.6684 33.4816 -40.1437 16.7538 -32.4851 -26.5503 -22.9720 -48.3966 26.0843 -41.2376 19.9652 -33.7122 -13.6562 -24.7596 -48.7681 10.2864 -42.3484 23.6489 -35.1277 -0.1390 -27.6760 -46.7550 -18.8365 -48.1913 -9.2648 -47.7846 -16.0669 -48.1682 -26.5699 -4.7073 -34.5477 22.1151 -41.9064 17.3103 -48.6792 -24.0894 -18.6970 -33.2426 18.7205 -40.8233 29.8098 -48.1566 -22.2540 -30.6952 -32.0343 15.6167 -39.7458 34.4766 -47.3429 -20.1121 -39.1730 -30.7992 12.5060 -38.6485 34.3117 -46.3208 -17.3943 -44.4250 -29.4974 9.0332 -37.4887 31.5607 -45.0707 -13.1815 -47.4688 -27.9657 3.9818 -36.0729 26.8175 -43.2774 -1.2916 -48.7785
-42.2762 23.8111 -35.1844 -0.4185 -26.9944 -48.3457 -9.4380 -44.3003 29.5204 -36.8494 6.9163 -28.7932 -46.1466 -15.6275 -45.7406 33.1982 -38.0929 10.8868 -30.1759 -42.0770 -18.8861 -46.8681 34.8264 -39.2150 14.1164 -31.4373 -35.2946 -21.2594 -47.7893 32.8769 -40.3004 17.2026 -32.6585 -24.8402 -23.2333 -48.4737 24.3934 -41.3877 20.4214 -33.8782 -11.9488 -24.9868 -48.7797 7.9455 -42.4780 24.0519 -35.2277 0.2243 -27.6666 -46.8907 -18.4789 -48.0150 -3.4966 -46.1668 15.2554 -46.5836 -12.6673 -48.4882 -26.3781 -4.4563 -34.6490 22.5195 -42.0454 14.9906 -48.7203 -24.3316 -16.8494 -33.4151 19.1771 -40.9788 28.5482 -48.2539 -22.5353 -29.1419 -32.2111 16.0636 -39.9033 34.1722 -47.4728 -20.4368 -38.2188 -30.9683 12.9245 -38.7900 34.5004 -46.4485 -17.7340 -44.0109 -29.6197 9.3403 -37.5716 31.7538 -45.1210 -13.2870 -47.4688 -27.9341 3.7296 -35.9884 26.4523 -43.1194 -2.8239
23.5265 -35.0338 -1.2039 -26.8663 -48.4035 -9.1176 -44.2721 29.5204 -36.8718 7.0746 -28.8652 -45.9535 -15.9251 -45.8470 33.4553 -38.2132 11.2667 -30.3280 -41.4074 -19.2238 -47.0015 34.8227 -39.3667 14.5528 -31.6125 -34.0258 -21.5625 -47.9053 32.1419 -40.4571 17.6512 -32.8329 -23.0666 -23.4909 -48.5434 22.5249 -41.5370 20.8804 -34.0429 -10.3155 -25.2099 -48.7803 5.6617 -42.6111 24.4776 -35.3380 0.6522 -27.6689 -46.9520 -18.4737 -48.1627 -8.7098 -47.0499 10.3546 -44.6023 32.7737 -45.5251 -9.7329 -48.5909 -26.3606 -3.7459 -34.7804 22.9657 -42.1873 12.5619 -48.7515 -24.5716 -15.0247 -33.5873 19.6391 -41.1343 27.1113 -48.3448 -22.8096 -27.5162 -32.3866 16.5040 -40.0568 33.7751 -47.5933 -20.7399 -37.2576 -31.1251 13.3072 -38.9169 34.6362 -46.5567 -18.0047 -43.6709 -29.7091 9.5397 -37.6145 31.8197 -45.1210 -13.1815 -47.5460 -27.8437 3.2622 -35.8655 25.9884 -43.0149
-34.5928 -2.1916 -26.6957 -48.4813 -8.4993 -44.1924 29.3707 -36.8494 7.0746 -28.8898 -45.8479 -16.1123 -45.9221 33.6422 -38.3111 11.5868 -30.4610 -40.7658 -19.5238 -47.1229 34.7561 -39.5092 14.9695 -31.7814 -32.7180 -21.8533 -48.0150 31.2679 -40.6134 18.1012 -33.0074 -21.2489 -23.7454 -48.6058 20.4885 -41.6845 21.3417 -34.2071 -8.7633 -25.4300 -48.7729 3.4862 -42.7452 24.9167 -35.4543 1.0875 -27.6455 -47.1392 -17.9790 -48.1058 -11.4237 -48.2554 -15.2431 -48.0372 33.6721 -42.0497 34.3219 -44.6267 -7.6980 -48.6095 -26.4478 -2.8374 -34.9255 23.4334 -42.3304 10.0937 -48.7724 -24.8077 -13.2242 -33.7587 20.1047 -41.2887 25.4933 -48.4272 -23.0768 -25.8521 -32.5565 16.9316 -40.2020 33.3007 -47.7032 -21.0135 -36.3188 -31.2655 13.6423 -39.0244 34.7220 -46.6401 -18.1959 -43.4418 -29.7567 9.6112 -37.6145 31.7538 -45.0707 -12.8714 -47.6804 -27.7081 2.6248 -35.7150 25.6781
-3.6235 -26.5021 -48.5618 -7.6205 -44.0712 29.0924 -36.7840 6.9163 -28.8652 -45.8479 -16.1766 -45.9619 33.7568 -38.3804 11.8284 -30.5683 -40.1922 -19.7798 -47.2292 34.6378 -39.6417 15.3580 -31.9406 -31.3999 -22.1278 -48.1159 30.2607 -40.7663 18.5535 -33.1797 -19.3921 -23.9961 -48.6600 18.2861 -41.8326 21.8070 -34.3707 -7.2970 -25.6470 -48.7659 1.4476 -42.8849 25.3674 -35.5757 1.5633 -27.6245 -47.3784 -16.9206 -47.6924 -8.2005 -48.3675 -20.6452 -45.3978 -22.8111 -41.9026 24.4223 -38.9959 31.0008 -44.1242 -7.0390 -48.5820 -26.5937 -1.8630 -35.0784 23.9157 -42.4743 7.6517 -48.7824 -25.0410 -11.4853 -33.9279 20.5718 -41.4395 23.7284 -48.5011 -23.3311 -24.1936 -32.7173 17.3336 -40.3372 32.7664 -47.8004 -21.2513 -35.4586 -31.3837 13.9086 -39.1073 34.7685 -46.6930 -18.2954 -43.3562 -29.7567 9.5397 -37.5716 31.5607 -44.9750 -12.3823 -47.8457 -27.5431 1.8696 -35.2955
-25.8649 -48.6330 -6.5225 -43.9204 28.7131 -36.6835 6.6174 -28.7932 -45.9535 -16.1123 -45.9619 33.7964 -38.4166 11.9809 -30.6437 -39.7393 -19.9807 -47.3169 34.4856 -39.7596 15.7077 -32.0865 -30.1130 -22.3804 -48.2065 29.1460 -40.9130 18.9945 -33.3481 -17.5470 -24.2407 -48.7055 15.9444 -41.9800 22.2779 -34.5326 -5.9253 -25.8601 -48.7549 -0.4379 -43.0446 25.8311 -35.7046 2.0963 -27.6380 -47.5528 -15.6384 -47.0629 6.7934 -47.2031 -18.0913 -42.2296 -31.1037 17.0057 -37.7015 -31.9099 11.6208 -37.2606 29.2544 -43.9968 -7.4049 -48.5218 -26.7695 -0.8905 -35.2340 24.4040 -42.6184 5.2759 -48.7796 -25.2696 -9.8466 -34.0943 21.0321 -41.5862 21.8555 -48.5653 -23.5668 -22.5945 -32.8666 17.7044 -40.4608 32.2129 -47.8816 -21.4485 -34.7432 -31.4729 14.0951 -39.1600 34.7883 -46.7112 -18.2954 -43.4418 -29.7091 9.3403 -37.4887 31.2625 -44.8448 -11.7449 -48.0158 -27.3634 0.8590
-48.7188 -5.2344 -43.7515 28.2652 -36.5584 6.1978 -28.6819 -46.1466 -15.9251 -45.9221 33.7568 -38.4166 12.0355 -30.6826 -39.4496 -20.1175 -47.3829 34.3283 -39.8576 16.0100 -32.2148 -28.9024 -22.6061 -48.2859 27.9647 -41.0515 19.4178 -33.5099 -15.7750 -24.4759 -48.7409 13.5184 -42.1271 22.7539 -34.6934 -4.6487 -26.0699 -48.7305 -2.1632 -43.2194 26.3052 -35.8398 2.6793 -27.6988 -47.6226 -14.5463 -46.4264 28.2252 -45.0049 -1.4823 -48.7497 -27.1324 9.0460 -40.4319 -18.5308 -39.7140 -29.8966 7.9998 -36.8159 28.9351 -44.0549 -8.2058 -48.4353 -26.9578 0.0407 -35.3895 24.8978 -42.7606 3.0323 -48.7716 -25.4901 -8.3318 -34.2547 21.4790 -41.7254 19.9450 -48.6189 -23.7821 -21.1033 -33.0009 18.0337 -40.5677 31.6878 -47.9450 -21.5960 -34.2286 -31.5289 14.1946 -39.1776 34.7883 -46.6930 -18.1959 -43.6709 -29.6197 9.0332 -37.3764 30.8845 -44.6914 -10.9850 -48.1742 -26.7394
-6.2339 -43.5733 27.7786 -36.4169 5.6859 -28.5409 -46.3983 -15.6275 -45.8470 33.6422 -38.3804 11.9809 -30.6826 -39.3497 -20.1873 -47.4222 34.2017 -39.9321 16.2538 -32.3206 -27.8278 -22.8008 -48.3534 26.7791 -41.1804 19.8187 -33.6621 -14.1193 -24.6980 -48.7649 11.1220 -42.2714 23.2312 -34.8530 -3.4633 -26.2764 -48.6918 -3.7358 -43.3942 26.7862 -35.9797 3.2904 -27.7998 -47.5988 -13.8919 -45.9068 34.5845 -42.8185 34.5948 -46.3193 -18.3792 -35.7261 -33.3624 26.5303 -46.3306 -18.3432 -44.3343 -29.1164 6.9743 -36.7572 29.1270 -44.1847 -9.1295 -48.3244 -27.1483 0.9221 -35.5440 25.3954 -42.9113 0.9977 -48.7644 -25.6997 -6.9576 -34.4063 21.9022 -41.8552 18.0685 -48.6620 -23.9729 -19.7801 -33.1158 18.3069 -40.6515 31.2500 -47.9882 -21.6855 -33.9612 -31.5476 14.1946 -39.1600 34.7685 -46.6401 -18.0047 -44.0109 -29.4974 8.6367 -37.2437 30.4463 -44.5236 -10.1194 -48.3732
-43.4555 27.2716 -36.2658 5.1040 -28.3797 -46.6784 -15.2314 -45.7406 33.4553 -38.3111 11.8284 -30.6437 -39.4496 -20.1873 -47.4344 34.1311 -39.9766 16.4216 -32.4004 -26.9591 -22.9588 -48.4076 25.6478 -41.2954 20.1815 -33.8021 -12.6182 -24.9047 -48.7786 8.8360 -42.4075 23.6979 -35.0075 -2.3727 -26.4757 -48.6389 -5.1511 -43.5674 27.2724 -36.1228 3.9081 -27.9290 -47.5007 -13.6790 -45.5906 34.6741 -40.9531 29.3531 -42.1495 26.0227 -48.5514 -25.2429 1.3116 -37.1423 33.9615 -46.3867 -17.0881 -45.5041 -28.9113 6.9259 -36.8299 29.5063 -44.3417 -10.0389 -48.1912 -27.3358 1.7465 -35.6942 25.8836 -43.0766 -0.8023 -48.7512 -25.8952 -5.7419 -34.5476 22.2949 -41.9732 16.3075 -48.6951 -24.1340 -18.6872 -33.2059 18.5140 -40.7092 30.9729 -48.0090 -21.7149 -33.9612 -31.5289 14.0951 -39.1073 34.7220 -46.5567 -17.7340 -44.4250 -29.3493 8.1755 -37.0974 29.9718 -44.3486 -10.5647
26.9343 -36.1040 4.4638 -28.2044 -46.9640 -14.7536 -45.6107 33.1982 -38.2132 11.5868 -30.5683 -39.7393 -20.1175 -47.4222 34.1311 -39.9903 16.5057 -32.4487 -26.3381 -23.0757 -48.4479 24.6495 -41.3922 20.5011 -33.9259 -11.2979 -25.0909 -48.7828 6.7141 -42.5360 24.1472 -35.1556 -1.3794 -26.6673 -48.5717 -6.4035 -43.7385 27.7585 -36.2672 4.5221 -28.0770 -47.3455 -13.7860 -45.4492 33.8476 -39.6729 21.9969 -38.5185 28.7012 -43.6522 -7.0583 -47.8277 -28.8536 10.1604 -38.4817 34.2703 -46.1842 -16.5449 -45.7032 -28.9328 7.2416 -36.9517 29.9498 -44.5078 -10.8876 -48.0379 -27.5176 2.5056 -35.8400 26.3559 -43.2420 -2.3572 -48.7279 -26.0751 -4.6928 -34.6741 22.6494 -42.0755 14.7515 -48.7188 -24.2589 -17.8756 -33.2675 18.6401 -40.7382 30.8803 -48.0090 -21.6855 -34.2286 -31.4729 13.9086 -39.0244 34.6362 -46.4485 -17.3943 -44.8689 -29.1838 7.6634 -36.9434 29.4760 -44.2154
-35.6909 3.7779 -28.0209 -47.2378 -14.2052 -45.4635 32.8801 -38.0929 11.2667 -30.4610 -40.1922 -19.9807 -47.3829 34.2017 -39.9766 16.5057 -32.4640 -26.0199 -23.1481 -48.4751 23.8722 -41.4679 20.7690 -34.0322 -10.1746 -25.2541 -48.7796 4.8529 -42.6550 24.5747 -35.2957 -0.4846 -26.8508 -48.4900 -7.5198 -43.9066 28.2365 -36.4130 5.1199 -28.2348 -47.1441 -14.0841 -45.4257 33.2818 -38.9041 17.3808 -35.7668 16.6216 -38.7007 33.4276 -45.9577 -17.4894 -42.4986 -30.5647 12.5637 -38.6842 34.2022 -46.1207 -16.5298 -45.5451 -29.0483 7.6894 -37.0921 30.4084 -44.6746 -11.6661 -47.8663 -27.6911 3.1968 -35.9799 26.8057 -43.3970 -3.6802 -48.6965 -26.2360 -3.8011 -34.7841 22.9545 -42.1599 13.5108 -48.7339 -24.3433 -17.3732 -33.2989 18.6816 -40.7382 30.9729 -47.9882 -21.5960 -34.7432 -31.3837 13.6423 -38.9169 34.5004 -46.3208 -16.9971 -45.3188 -29.0072 7.1170 -36.7785 29.0807
2.9268 -27.8367 -47.4901 -13.5910 -45.3033 32.5094 -37.9568 10.8868 -30.3280 -40.7658 -19.7798 -47.3169 34.3283 -39.9321 16.4216 -32.4487 -26.0199 -23.1721 -48.4889 23.3665 -41.5203 20.9668 -34.1164 -9.2693 -25.3942 -48.7717 3.2805 -42.7625 24.9645 -35.4243 0.3090 -27.0221 -48.3967 -8.5164 -44.0700 28.7045 -36.5578 5.6963 -28.3984 -46.9017 -14.4866 -45.4759 33.0552 -38.4900 14.6105 -33.8661 7.3164 -34.5524 18.5164 -40.6430 31.6441 -47.7635 -21.2997 -36.0992 -31.2750 13.1655 -38.7370 34.2351 -46.1689 -16.7849 -45.2138 -29.2014 8.1745 -37.2381 30.8596 -44.8372 -12.3653 -47.6795 -27.8570 3.8236 -36.1102 27.2223 -43.5385 -4.7922 -48.6604 -26.3748 -3.0723 -34.8760 23.1971 -42.2220 12.6682 -48.7424 -24.3866 -17.1996 -33.2989 18.6401 -40.7092 31.2500 -47.9450 -21.4485 -35.4586 -31.2655 13.3072 -38.7900 34.3117 -46.1769 -16.5532 -45.7522 -28.8245 6.5439 -36.3790
-27.2272 -47.7177 -12.9215 -45.1349 32.0974 -37.8093 10.4586 -30.1759 -41.4074 -19.5238 -47.2292 34.4856 -39.8576 16.2538 -32.4004 -26.3381 -23.1481 -48.4889 23.1837 -41.5474 21.0889 -34.1728 -8.6168 -25.5051 -48.7668 1.9827 -42.8576 25.3118 -35.5386 0.9902 -27.1788 -48.2943 -9.3842 -44.2252 29.1571 -36.6988 6.2476 -28.5651 -46.6211 -14.9442 -45.5721 33.0734 -38.3030 13.0298 -32.5334 -4.6970 -31.0162 4.5942 -35.6959 26.3771 -43.9092 0.3300 -48.6102 -23.1516 -31.6561 -31.5977 13.5148 -38.8265 34.3772 -46.2778 -17.1507 -44.7884 -29.3656 8.6557 -37.3833 31.2906 -44.9918 -12.9902 -47.4816 -28.0127 4.3770 -36.2296 27.5980 -43.6635 -5.6989 -48.6225 -26.4895 -2.5203 -34.9441 23.3617 -42.2596 12.2354 -48.7453 -24.3866 -17.3732 -33.2675 18.5140 -40.6515 31.6878 -47.8816 -21.2513 -36.3188 -31.1251 12.9245 -38.6485 34.0677 -46.0215 -16.0686 -46.1534 -28.6418 5.8917
-47.9999 -12.2027 -44.9643 31.6556 -37.6546 9.9961 -30.0097 -42.0770 -19.2238 -47.1229 34.6378 -39.7596 16.0100 -32.3206 -26.9591 -23.0757 -48.4751 23.3665 -41.5474 21.1318 -34.2013 -8.2327 -25.5797 -48.7660 0.9805 -42.9462 25.6140 -35.6378 1.5640 -27.3175 -48.1877 -10.1311 -44.3704 29.5800 -36.8342 6.7680 -28.7317 -46.3034 -15.4238 -45.6985 33.2513 -38.2626 12.2574 -31.6297 -21.6279 -27.6494 -31.3369 -30.3014 9.7359 -38.7328 24.4190 -47.2537 -13.7970 -48.7540 -24.1578 -28.3732 -31.8661 13.9743 -38.9710 34.5574 -46.4129 -17.5427 -44.3125 -29.5298 9.1150 -37.5224 31.6914 -45.1374 -13.5445 -47.2804 -28.1536 4.8534 -36.3359 27.9245 -43.7709 -6.4080 -48.5874 -26.5745 -2.1532 -34.9849 23.4454 -42.2724 12.2354 -48.7424 -24.3433 -17.8756 -33.2059 18.3069 -40.5677 32.2129 -47.8004 -21.0135 -37.2576 -30.9683 12.5060 -38.4972 33.7723 -45.8605 -15.5520 -46.5182 -28.0548
-12.4458 -44.7915 31.1928 -37.4974 9.5084 -29.8340 -42.7476 -18.8861 -47.0015 34.7561 -39.6417 15.7077 -32.2148 -27.8278 -22.9588 -48.4479 23.8722 -41.5203 21.0889 -34.2013 -8.1061 -25.6169 -48.7644 0.3206 -43.0212 25.8586 -35.7213 2.0426 -27.4360 -48.0830 -10.7636 -44.5029 29.9679 -36.9616 7.2480 -28.8960 -45.9493 -15.9161 -45.8490 33.5340 -38.3260 12.0521 -31.1477 -31.7360 -24.7260 -47.4162 -23.6446 -38.8139 -30.1164 15.1441 -48.8005 -18.0577 -48.6269 -17.3690 -48.5576 -24.9007 -24.5224 -32.2039 14.5929 -39.1530 34.7139 -46.5523 -17.9213 -43.8091 -29.6880 9.5466 -37.6539 32.0540 -45.2717 -14.0233 -47.0839 -28.2782 5.2560 -36.4267 28.1993 -43.8580 -6.9153 -48.5610 -26.6258 -1.9729 -34.9984 23.4454 -42.2596 12.6682 -48.7339 -24.2589 -18.6872 -33.1158 18.0337 -40.4608 32.7664 -47.7032 -20.7399 -38.2188 -30.7992 12.0606 -38.3410 33.4366 -45.6967 -15.0040 -46.9780
-44.6495 30.7176 -37.3407 9.0040 -29.6530 -43.3929 -18.5159 -46.8681 34.8227 -39.5092 15.3580 -32.0865 -28.9024 -22.8008 -48.4076 24.6495 -41.4679 20.9668 -34.1728 -8.2327 -25.6169 -48.7637 -0.0018 -43.0669 26.0285 -35.7844 2.4202 -27.5363 -47.9842 -11.2844 -44.6200 30.3167 -37.0789 7.6819 -29.0513 -45.5674 -16.4123 -46.0235 33.9061 -38.4859 12.3019 -31.0121 -35.5052 -22.8035 -48.7501 -14.4621 -48.4572 -16.9156 -48.8914 1.8101 -31.6241 -37.6240 -21.2848 -48.7424 -18.6308 -48.1093 -25.8245 -18.7639 -32.6414 15.3176 -39.3432 34.8109 -46.6838 -18.2696 -43.2935 -29.8370 9.9441 -37.7767 32.3770 -45.3909 -14.4280 -46.8997 -28.3846 5.5875 -36.5008 28.4096 -43.9178 -7.2156 -48.5470 -26.6428 -1.9729 -34.9849 23.3617 -42.2220 13.5108 -48.7188 -24.1340 -19.7801 -33.0009 17.7044 -40.3372 33.3007 -47.5933 -20.4368 -39.1730 -30.6231 11.5985 -38.1828 33.0672 -45.5303 -14.9978
30.2736 -37.1738 8.4873 -29.4703 -43.9936 -18.1189 -46.7248 34.8264 -39.3667 14.9695 -31.9406 -30.1130 -22.6061 -48.3534 25.6478 -41.3922 20.7690 -34.1164 -8.6168 -25.5797 -48.7644 -0.0018 -43.0821 26.1136 -35.8231 2.6772 -27.6136 -47.8977 -11.7049 -44.7193 30.6178 -37.1839 8.0672 -29.1937 -45.1747 -16.8890 -46.2173 34.3377 -38.7852 13.0914 -31.2042 -35.8859 -21.9292 -48.3947 1.9840 -45.4364 27.8598 -44.9763 32.8791 -41.2684 10.6484 -28.2447 -47.2191 -19.0830 -48.7575 -20.4749 -46.5621 -27.1600 -11.2458 -33.1221 15.9984 -39.5037 34.8445 -46.8004 -18.5797 -42.7800 -29.9746 10.3025 -37.8856 32.6507 -45.4934 -14.7596 -46.7364 -28.4708 5.8382 -36.5527 28.5371 -43.9477 -7.3140 -48.5470 -26.6258 -2.1532 -34.9441 23.1971 -42.1599 14.7515 -48.6951 -23.9729 -21.1033 -32.8666 17.3336 -40.2020 33.7751 -47.4728 -20.1121 -40.0937 -30.4433 11.1307 -38.0248 32.6694 -45.3789
-36.7820 7.9541 -29.2874 -44.5468 -17.7002 -46.5746 34.7629 -39.2150 14.5528 -31.7814 -31.3999 -22.3804 -48.2859 26.7791 -41.2954 20.5011 -34.0322 -9.2693 -25.5051 -48.7660 0.3206 -43.0669 26.1136 -35.8360 2.8041 -27.6605 -47.8335 -12.0172 -44.7982 30.8632 -37.2729 8.3937 -29.3192 -44.7965 -17.3146 -46.4095 34.7076 -39.2629 14.8442 -31.8967 -32.6984 -22.0629 -48.2382 19.1905 -43.2543 32.7145 -40.8333 27.8628 -39.0178 17.5363 -32.3883 -31.9119 -23.4149 -48.6572 -19.5686 -48.4348 -23.6870 -40.9945 -28.8108 -4.6180 -33.4885 16.4170 -39.6013 34.8360 -46.9001 -18.8523 -42.2881 -30.0964 10.6124 -37.9807 32.8762 -45.5781 -15.0195 -46.6047 -28.5318 5.9901 -36.5787 28.5796 -43.9477 -7.2156 -48.5610 -26.5745 -2.5203 -34.8760 22.9545 -42.0755 16.3075 -48.6620 -23.7821 -22.5945 -32.7173 16.9316 -40.0568 34.1722 -47.3429 -19.7684 -40.9555 -30.2617 10.6571 -37.8554 32.1022
7.3820 -29.1050 -45.0560 -17.2627 -46.4217 34.6360 -39.0574 14.1164 -31.6125 -32.7180 -22.1278 -48.2065 27.9647 -41.1804 20.1815 -33.9259 -10.1746 -25.3942 -48.7668 0.9805 -43.0212 26.0285 -35.8231 2.8041 -27.6761 -47.8000 -12.2052 -44.8542 31.0467 -37.3418 8.6546 -29.4213 -44.4639 -17.6529 -46.5705 34.8685 -39.8165 17.5968 -33.5500 -19.5168 -23.4175 -48.4096 23.1216 -42.2214 26.7993 -38.0009 17.6173 -35.8241 11.4084 -32.7012 -14.4899 -26.4448 -47.0048 -21.7868 -48.0024 -23.7025 -42.7576 -27.5448 -24.3832 -30.3486 -1.5968 -33.5557 16.4403 -39.6345 34.8075 -46.9854 -19.0869 -41.8347 -30.2017 10.8724 -38.0606 33.0528 -45.6435 -15.2011 -46.5191 -28.5627 6.0405 -36.5787 28.5371 -43.9178 -6.9153 -48.5874 -26.4895 -3.0723 -34.7841 22.6494 -41.9732 18.0685 -48.6189 -23.5668 -24.1936 -32.5565 16.5040 -39.9033 34.4766 -47.2064 -19.4106 -41.7501 -30.0801 10.1723 -37.4811
-28.5306 -45.5233 -16.8052 -46.2664 34.4515 -38.8992 13.6706 -31.4373 -34.0258 -21.8533 -48.1159 29.1460 -41.0515 19.8187 -33.8021 -11.2979 -25.2541 -48.7717 1.9827 -42.9462 25.8586 -35.7844 2.6772 -27.6605 -47.8000 -12.2674 -44.8830 31.1609 -37.3898 8.8445 -29.4975 -44.2008 -17.8889 -46.6801 34.8510 -40.2298 20.2106 -35.5962 6.7587 -26.8314 -48.8091 17.7543 -41.8775 23.6120 -36.2190 10.5767 -32.9913 1.3205 -30.7538 -20.5211 -27.3062 -44.0480 -23.9633 -46.1898 -25.2648 -37.2576 -28.8624 -10.1886 -31.2097 -3.8016 -30.7648 -3.3927 -33.2618 16.1655 -39.6378 34.7681 -47.0600 -19.2877 -41.4279 -30.2908 11.0838 -38.1219 33.1747 -45.6850 -15.2927 -46.4900 -28.5627 5.9901 -36.5527 28.4096 -43.8580 -6.4080 -48.6225 -26.3748 -3.8011 -34.6741 22.2949 -41.8552 19.9450 -48.5653 -23.3311 -25.8521 -32.3866 16.0636 -39.7458 34.6827 -47.0664 -19.0410 -42.4838 -29.8987 9.6976
-46.1134 -16.3260 -46.1078 34.2158 -38.7410 13.2210 -31.2584 -35.2946 -21.5625 -48.0150 30.2607 -40.9130 19.4178 -33.6621 -12.6182 -25.0909 -48.7796 3.2805 -42.8576 25.6140 -35.7213 2.4202 -27.6136 -47.8335 -12.2052 -44.8830 31.1989 -37.4145 8.9576 -29.5469 -44.0193 -18.0341 -46.7390 34.8075 -40.3821 21.4124 -36.7995 16.4045 -35.3103 -42.2588 4.0833 -41.4781 21.3998 -34.9690 4.4122 -30.5770 -20.6147 -28.2193 -35.8559 -26.5488 -42.8864 -25.2866 -42.9927 -26.8088 -27.7634 -30.3907 3.1939 -33.9690 11.9214 -34.1325 -8.4493 -29.1714 -11.1398 -32.7775 15.8661 -39.6484 34.7181 -47.1260 -19.4565 -41.0803 -30.3605 11.2361 -38.1614 33.2372 -45.6988 -15.2927 -46.5191 -28.5318 5.8382 -36.5008 28.1993 -43.7709 -5.6989 -48.6604 -26.2360 -4.6928 -34.5476 21.9022 -41.7254 21.8555 -48.5011 -23.0768 -27.5162 -32.2111 15.6167 -39.5871 34.7986 -46.9232 -18.6571 -43.1668 -29.3431
-16.2168 -45.9466 33.9355 -38.5834 12.7667 -31.0787 -36.4853 -21.2594 -47.9053 31.2679 -40.7663 18.9945 -33.5099 -14.1193 -24.9047 -48.7828 4.8531 -42.7625 25.3118 -35.6378 2.0426 -27.5363 -47.8978 -12.0167 -44.8541 31.1592 -37.4133 8.9902 -29.5677 -43.9269 -18.1021 -46.7578 34.8029 -40.3385 21.1783 -36.7881 18.1951 -39.0206 33.9252 -46.9488 -30.9074 9.8699 -32.4340 -7.7933 -28.1798 -40.0083 -25.2775 -44.8006 -25.0231 -43.6753 -25.9954 -38.6421 -28.1320 -16.9331 -31.4531 7.6340 -35.7545 21.2077 -39.7685 25.4142 -28.5715 -42.2032 -26.2025 -21.3485 -32.3966 15.7307 -39.6793 34.6589 -47.1810 -19.5877 -40.8169 -30.4052 11.3149 -38.1746 33.2372 -45.6850 -15.2011 -46.6047 -28.4708 5.5875 -36.4267 27.9245 -43.6635 -4.7922 -48.6965 -26.0755 -5.7419 -34.4063 21.4790 -41.5862 23.7270 -48.4272 -22.8096 -29.1419 -32.0343 15.1711 -39.4291 34.8331 -46.7772 -18.2596 -44.0327
-45.7906 33.6162 -38.4260 12.3079 -30.8986 -37.5981 -20.9461 -47.7893 32.1419 -40.6134 18.5535 -33.3481 -15.7754 -24.6980 -48.7786 6.7171 -42.6544 24.9644 -35.5386 1.5640 -27.4360 -47.9844 -11.7036 -44.7974 31.0423 -37.3870 8.9413 -29.5589 -43.9267 -18.1006 -46.7471 34.8241 -40.2136 20.4315 -36.2473 15.2794 -37.2451 26.6298 -43.7274 -9.5015 -43.8340 -26.5503 -39.9053 -24.5580 -47.5802 -21.4227 -48.3200 -22.8661 -44.9946 -26.5050 -32.2428 -29.4022 -6.0433 -32.4377 9.8038 -36.2487 23.5284 -42.0403 23.8761 -47.5166 -43.5048 -10.8207 -48.8040 -23.8904 -26.5714 -32.2400 15.7564 -39.7224 34.5980 -47.2222 -19.6738 -40.6757 -30.4206 11.3153 -38.1615 33.1759 -45.6440 -15.0196 -46.7359 -28.3846 5.2560 -36.3359 27.5981 -43.5385 -3.6890 -48.7278 -25.8957 -6.9571 -34.2548 21.0343 -41.4401 25.4920 -48.3445 -22.5361 -30.6929 -31.8568 14.7268 -39.2713 34.7932 -46.6276 -18.0085
32.9500 -38.2540 11.8452 -30.7187 -38.6395 -20.6232 -47.6684 32.8769 -40.4571 18.1012 -33.1797 -17.5488 -24.4757 -48.7648 8.8389 -42.5353 24.5729 -35.4238 0.9902 -27.3175 -48.0830 -11.2823 -44.7179 30.8570 -37.3373 8.8150 -29.5238 -44.0147 -18.0337 -46.7127 34.8489 -40.0502 19.6460 -35.7971 13.0285 -35.7504 18.7646 -39.6880 34.4220 -45.9550 -13.1229 -48.7709 -16.9756 -48.5650 -14.1937 -48.4525 -18.7461 -47.3396 -26.7362 -22.0138 -30.7886 2.5097 -33.6785 12.7100 -36.7792 23.0655 -41.2078 31.3299 -48.5918 -25.8317 24.4878 -43.1766 9.3943 -48.5808 -23.1312 -27.9046 -32.2228 15.8531 -39.7638 34.5474 -47.2464 -19.7087 -40.6662 -30.4076 11.2428 -38.1241 33.0564 -45.5792 -14.7615 -46.8992 -28.2782 4.8535 -36.2296 27.2253 -43.3981 -2.3701 -48.7511 -25.7002 -8.3182 -34.0961 20.5753 -41.2890 27.0949 -48.2542 -22.2557 -32.1498 -31.6790 14.2796 -39.1142 34.6865 -46.4693
-37.8900 11.3782 -30.5384 -39.6070 -20.2915 -47.5433 33.4816 -40.3004 17.6512 -33.0074 -19.3936 -24.2400 -48.7406 11.1333 -42.4062 24.1456 -35.2951 0.3060 -27.1788 -48.1877 -10.7620 -44.6191 30.6102 -37.2664 8.6173 -29.4642 -44.1770 -17.9104 -46.6563 34.8540 -39.8417 18.6874 -35.3449 11.5994 -35.2176 15.9982 -37.7036 25.1952 -41.4118 34.9560 -44.8677 22.0145 -45.7372 18.7293 -46.1277 -5.1992 -48.6980 -24.5080 -12.9321 -32.4246 9.1598 -35.2419 16.8399 -38.0487 25.5820 -41.0970 34.7963 -45.6925 -16.6106 -35.7720 -34.4416 23.9390 -42.1004 20.5750 -48.4598 -22.9375 -27.9567 -32.2542 15.9595 -39.7982 34.5136 -47.2537 -19.6969 -40.7738 -30.3693 11.1020 -38.0641 32.8835 -45.4948 -14.4303 -47.0838 -28.1536 4.3775 -36.1104 26.8111 -43.2443 -0.8185 -48.7643 -25.4930 -9.8123 -33.9312 20.1135 -41.1361 28.5241 -48.1587 -21.9679 -33.5278 -31.5025 13.8316 -38.9412 33.7824
10.9477 -30.3566 -40.5071 -19.9500 -47.4140 33.9620 -40.1434 17.2013 -32.8327 -21.2522 -23.9946 -48.7056 13.5438 -42.2692 23.6946 -35.1554 -0.4878 -27.0220 -48.2943 -10.1307 -44.5025 30.3100 -37.1783 8.3529 -29.3812 -44.4017 -17.7401 -46.5838 34.8202 -39.5974 17.4744 -34.6878 9.2408 -34.7711 16.6757 -38.0461 24.6696 -40.1836 30.0773 -41.6747 33.2118 -42.2160 33.8451 -42.6651 34.6210 -45.7853 -14.7337 -42.5184 -33.5376 16.2374 -37.4098 22.1880 -39.7473 30.8685 -42.5724 34.7326 -44.5628 13.8131 -48.3575 -24.2312 -5.3794 -34.7583 22.2552 -41.6871 23.4666 -48.4334 -22.9497 -27.5437 -32.3092 16.0806 -39.8311 34.4914 -47.2495 -19.6474 -40.9841 -30.3076 10.8984 -37.9859 32.6580 -45.3923 -14.0250 -47.2794 -28.0135 3.8300 -35.9809 26.3642 -43.0791 0.9556 -48.7712 -25.2765 -11.4298 -33.7641 19.6553 -40.9844 29.7817 -48.0570 -21.6767 -34.8231 -31.3258 13.3846 -38.6009
-29.8112 -41.3381 -19.5989 -47.2800 34.3268 -39.9867 16.7511 -32.6570 -23.0888 -23.7435 -48.6597 15.9834 -42.1259 23.2246 -35.0061 -1.3806 -26.8505 -48.3969 -9.3829 -44.3702 29.9645 -37.0756 8.0289 -29.2795 -44.6739 -17.5256 -46.5009 34.7454 -39.3571 16.1869 -33.8273 4.3462 -33.2950 14.4579 -39.2270 31.1466 -42.1139 34.0137 -42.2681 32.2914 -40.8989 27.2794 -39.6242 26.6115 -40.9673 34.8740 -46.8309 -20.2854 24.5659 -40.9354 30.7287 -41.6672 34.7185 -44.5185 16.6600 -46.7352 2.4897 -46.2734 -7.8707 -48.7352 -26.1780 -4.4837 -34.5071 21.5111 -41.5766 23.6623 -48.4546 -23.0735 -26.6588 -32.4144 16.2946 -39.8889 34.4602 -47.2393 -19.5663 -41.2814 -30.2258 10.6409 -37.8922 32.3840 -45.2739 -13.5516 -47.4784 -27.8601 3.2087 -35.8429 25.8989 -42.9175 2.9354 -48.7789 -25.0531 -13.1339 -33.5960 19.2007 -40.8318 30.8658 -47.9499 -21.3800 -36.0280 -31.1482 13.0162
-42.3945 -19.2376 -47.1420 34.5847 -39.8305 16.3033 -32.4817 -24.8705 -23.4868 -48.6048 18.3258 -41.9771 22.7455 -34.8499 -2.3834 -26.6660 -48.4906 -8.5121 -44.2242 29.5766 -36.9590 7.6543 -29.1619 -44.9778 -17.2734 -46.4109 34.6420 -39.1547 15.0865 -32.9258 -5.0943 -30.5735 3.6174 -36.5322 34.6332 -45.8372 11.2892 -46.0049 26.8401 -43.5571 31.2302 -39.1402 19.9311 -37.1379 19.8174 -38.6905 25.9791 -36.6403 -48.5405 1.1317 -44.5227 32.3211 -45.7992 -7.6540 -48.7098 -19.1092 -48.7390 -2.7420 -46.3184 -10.3889 -48.5982 -26.2624 -5.4287 -34.4186 21.4637 -41.6317 22.3728 -48.5142 -23.3745 -24.4538 -32.6777 16.8213 -40.0144 34.3978 -47.2232 -19.4506 -41.6482 -30.1266 10.3378 -37.7844 32.0690 -45.1428 -13.0095 -47.6738 -27.6969 2.5251 -35.7011 25.4251 -42.7715 5.0971 -48.7819 -24.8256 -14.8893 -33.4273 18.7520 -40.6793 31.7895 -47.8387 -21.0761 -37.1547 -30.6234
-18.9222 -47.0013 34.7467 -39.6734 15.8596 -32.3077 -26.5877 -23.2272 -48.5420 20.5361 -41.8288 22.2671 -34.6894 -3.4865 -26.4712 -48.5727 -7.5111 -44.0674 29.1538 -36.8326 7.2305 -29.0300 -45.3007 -16.9894 -46.3157 34.5230 -39.0011 14.3051 -32.2016 -18.8988 -27.2902 -36.1914 -29.4816 12.3418 -48.5961 -20.3065 -48.7111 -18.2941 -48.4970 1.3516 -42.7128 23.9671 -36.2444 11.5583 -34.2502 10.2417 -33.8450 1.1171 -23.1239 -47.9607 10.5105 -46.3305 -10.7892 -48.6711 -24.8132 -35.1638 -25.5206 -47.2227 30.9707 -45.2755 -8.7041 -48.6246 -26.2642 -5.0262 -34.5342 21.9290 -41.8289 18.7287 -48.6342 -24.1366 -17.9164 -33.3727 17.9165 -40.2134 34.3207 -47.1949 -19.2947 -42.0722 -30.0107 9.9938 -37.6656 31.7162 -45.0006 -12.3996 -47.8579 -27.5273 1.7937 -35.5558 24.9461 -42.6320 7.4072 -48.7734 -24.5945 -16.6804 -33.2595 18.3063 -40.5275 32.5700 -47.7228 -20.7650 -38.5980
-46.8465 34.8230 -39.5180 15.4205 -32.1342 -28.2313 -22.9644 -48.4714 22.5820 -41.6804 21.7931 -34.5271 -4.6870 -26.2693 -48.6407 -6.3762 -43.9036 28.7027 -36.6981 6.7638 -28.8875 -45.6290 -16.6742 -46.2171 34.3953 -38.8886 13.8162 -31.7671 -27.8429 -24.6561 -48.2795 -20.1115 -48.7738 -13.8847 -33.9925 -5.1286 -28.0572 -38.2319 -24.9082 -48.8004 33.8033 -38.4977 11.8535 -32.4266 -4.6263 -30.0323 -22.6447 -26.2678 -48.6219 -10.5297 -46.7694 -7.9350 -48.7626 -24.9518 -12.8098 -32.9937 4.8109 18.4687 -39.2599 32.3153 -44.4093 -8.0007 -48.5547 -26.6306 -2.8444 -34.8423 22.9437 -42.2294 9.2948 -48.7988 -26.0470 -2.0242 -34.5100 19.3879 -40.4114 34.2930 -47.1461 -19.0971 -42.5360 -29.8821 9.6168 -37.5387 31.3304 -44.8502 -11.7201 -48.0261 -27.3508 1.0023 -35.4060 24.4601 -42.4902 9.8064 -48.7541 -24.3591 -18.4935 -33.0906 17.8642 -40.3756 33.2182 -47.6021 -20.3564
33.7292 -39.3465 14.9843 -31.9606 -29.7921 -22.6977 -48.3941 24.4475 -41.5315 21.3259 -34.3650 -5.9775 -26.0627 -48.6937 -5.1019 -43.7348 28.2311 -36.5572 6.2573 -28.7376 -45.9512 -16.3347 -46.1177 34.2670 -38.8097 13.5468 -31.5686 -31.4715 -23.2590 -48.7297 -9.5191 -46.7456 19.2038 -43.3833 18.4800 -33.4937 1.4209 -31.8676 1.8685 -26.6613 -41.5133 16.4349 -32.3028 -17.5060 -27.3383 -42.7697 -23.6927 -48.5327 -15.0731 -47.2939 -4.2254 -48.1803 -21.4017 -32.6343 -32.9096 22.5863 -45.2710 -29.3878 11.7104 -37.6963 30.7140 -44.5460 -11.0146 -48.0083 -27.5184 0.3229 -35.2724 24.4889 -42.9533 -5.7683 -47.3773 -31.0336 8.8546 -35.5889 20.5063 -40.5039 34.3643 -47.0757 -18.8641 -43.0112 -29.7469 9.2155 -37.4068 30.9178 -44.6928 -10.9666 -48.1772 -27.1679 0.1455 -35.2535 23.9748 -42.3481 12.2512 -48.7245 -24.1200 -20.3150 -32.9202 17.4246 -40.2224 33.7415 -47.4559
-39.0250 14.5507 -31.7887 -31.2661 -22.4284 -48.3103 26.1276 -41.3844 20.8676 -34.2036 -7.3351 -25.8545 -48.7314 -3.6971 -43.5633 27.7503 -36.4135 5.7138 -28.5802 -46.2625 -15.9762 -46.0204 34.1515 -38.7689 13.4760 -31.5491 -32.3066 -22.7526 -48.5205 4.7011 -44.3916 34.6834 -41.2339 24.9818 -36.1947 10.8934 -34.6530 15.8860 -39.0536 32.6123 -28.2995 -29.1598 -32.4416 -25.2804 -47.4649 -20.5432 -48.7515 -14.5267 -47.5856 -4.1422 -47.4206 -15.9192 -47.4019 -28.5677 9.4995 -39.4061 13.2142 -44.4611 -29.9735 9.9123 -37.6368 32.3808 -45.7965 -17.6757 -45.3485 -28.6506 2.4648 -35.4414 24.8982 -43.2073 -11.7495 11.8636 -35.6037 13.6221 -36.0622 20.7252 -40.4629 34.4988 -46.9967 -18.6224 -43.4621 -29.6123 8.7992 -37.2717 30.4875 -44.5315 -10.1429 -48.3097 -26.9811 -0.7723 -35.0982 23.4935 -42.2051 14.6830 -48.6847 -23.8766 -22.1229 -32.7497 16.9855 -40.0487 32.2073
14.2280 -31.6227 -32.6119 -22.1631 -48.2232 27.5828 -41.2411 20.4288 -34.0467 -8.7374 -25.6515 -48.7547 -2.1835 -43.3949 27.2748 -36.2702 5.1426 -28.4172 -46.5609 -15.5933 -45.9264 34.0618 -38.7745 13.6341 -31.7082 -31.0218 -22.9402 -48.4952 11.2362 -43.3400 30.8962 -39.2429 20.2667 -36.3423 13.1491 -35.4453 17.6319 -38.9838 32.6636 -45.7224 -19.5254 -47.7539 -21.7981 -48.6900 -17.7631 -48.4971 -13.1933 -47.8033 -8.3215 -47.5158 -12.3799 -48.7501 -23.5771 -24.4143 -33.5728 23.5730 -44.4256 -17.2302 -42.9644 -29.9436 10.8130 -38.5667 34.0380 -48.8945 -23.8693 -39.1343 -29.1229 -1.6961 -33.1454 8.8969 -26.9256 -45.8631 27.3012 -36.6419 13.4613 -35.8590 20.2932 -40.3762 34.5987 -46.9337 -18.4158 -43.8469 -29.4862 8.3844 -37.1379 30.0493 -44.3701 -9.2518 -48.4236 -26.7901 -1.7622 -34.9406 23.0160 -42.0598 17.0419 -48.6360 -23.6285 -23.8932 -32.5793 16.5478 -39.7558
-31.1339 -33.7806 -21.9179 -48.1380 28.7708 -41.1102 20.0311 -33.9053 -10.0906 -25.4647 -48.7652 -0.6599 -43.2373 26.8276 -36.1330 4.5610 -28.2543 -46.8399 -15.1769 -45.8301 33.9958 -38.8309 14.0786 -32.0796 -27.0010 -23.7886 -48.6562 5.5334 -43.4249 29.5772 -38.2433 16.2886 -35.0651 10.9201 -35.0283 17.4885 -39.3104 31.9153 -43.5354 19.4421 -47.7816 -14.9388 -48.5210 -15.1198 -48.3393 -13.9760 -48.2815 -14.2208 -48.3922 -15.7874 -48.7303 -20.5916 -45.7746 -28.3918 4.6227 -36.9961 32.7597 -46.4094 -18.1051 -43.4449 -29.6666 11.7553 -38.4958 -23.5212 -36.2618 -27.2993 -36.6871 -27.8140 -29.8505 -27.0433 -47.2318 8.2041 -41.0901 18.9310 -35.0355 10.8721 -35.4862 19.9944 -40.3816 34.5902 -46.9164 -18.2980 -44.1280 -29.3797 7.9842 -37.0083 29.6093 -44.2070 -8.2780 -48.5196 -26.5945 -2.8265 -34.7826 22.5409 -41.9133 19.2914 -48.5789 -23.3756 -25.6152 -32.4061 16.2383
-35.1272 -21.7221 -48.0663 29.6197 -41.0088 19.7190 -33.7977 -11.1786 -25.3219 -48.7667 0.6348 -43.1101 26.4575 -36.0146 4.0235 -28.1039 -47.0904 -14.7252 -45.7228 33.9226 -38.9231 14.8189 -32.6863 -18.6736 -25.3344 -48.7342 -7.1170 -44.5272 31.9768 -38.5755 15.4178 -34.1731 6.3920 -33.4891 13.1068 -38.5667 34.2104 -44.7486 16.8564 -46.6580 -7.2399 -47.9199 -13.5841 -48.4385 -16.5434 -48.7507 -19.4052 -48.5857 -21.4308 -47.9666 -22.8152 -46.4111 -25.6641 -29.9983 -31.4484 12.4978 -38.8137 34.5542 -46.2337 -15.0829 -48.2728 -22.8219 -49.0537 21.8668 -32.8274 -15.8568 -27.4451 -42.9394 -24.1154 -48.2147 -15.2675 -45.2988 30.4222 -37.3028 11.6103 -33.6745 9.1907 -35.4615 20.5307 -40.6003 34.3502 -46.9765 -18.3361 -44.2694 -29.3039 7.6143 -36.8837 29.1709 -44.0429 -7.2134 -48.5980 -26.3961 -3.9623 -34.6238 22.0692 -41.7675 21.4076 -48.5136 -23.1186 -27.2835 -31.9071
-21.4639 -48.0326 29.9472 -40.9728 19.5965 -33.7645 -11.5861 -25.2848 -48.7660 1.1070 -43.0585 26.2773 -35.9472 3.6514 -27.9928 -47.2851 -14.2754 -45.6006 33.7783 -38.9878 15.6942 -33.4568 -6.7699 -27.5543 -47.1102 -16.5968 -46.5326 34.8053 -40.3458 18.8208 -34.5646 3.9143 -31.7817 3.6319 -35.2274 27.4495 -46.8370 -13.7799 -48.5623 -15.0837 -48.4505 -16.1505 -48.7362 -19.6955 -48.2206 -23.4497 -44.2358 -26.1871 -36.7921 -27.4393 -33.6146 -27.6592 -32.6168 -28.9943 -7.4222 -33.2403 15.8026 -39.2184 33.6018 -44.6075 9.6735 -46.8209 28.6037 -39.1119 11.7035 -31.3489 -29.3207 -25.3821 -47.9782 -17.5366 -47.2879 33.4419 -40.5007 18.3549 -34.6009 6.7250 -33.2874 10.1565 -36.0565 22.3634 -41.1253 33.3964 -47.1447 -18.5988 -44.2221 -29.2690 7.2898 -36.7673 28.7417 -43.8815 -6.0590 -48.6595 -26.1964 -5.1713 -34.4649 21.6075 -41.6223 23.3493 -48.4413 -22.8587 -29.4456
-48.0546 29.2129 -41.0793 19.8844 -33.8897 -10.4975 -25.4713 -48.7660 -0.4456 -43.1883 26.5622 -36.0026 3.7310 -27.9806 -47.3695 -13.9488 -45.4794 33.5105 -38.9286 16.2196 -34.1823 2.4635 -30.1816 -36.5360 -23.2028 -48.6587 5.0908 -43.3692 27.2067 -36.6613 8.3110 -31.4475 -12.8110 -30.7874 8.3585 -38.1825 -21.0588 -40.8321 -24.8762 -47.1636 -21.9297 -48.0775 -23.0663 -44.8107 -26.6110 -28.1481 -29.7833 -3.6533 -31.8424 2.7844 -32.0662 -0.6016 -30.9037 -9.8717 -31.0263 2.1613 -34.2311 16.8672 -38.8029 29.7030 -42.0059 33.9253 -41.2136 21.7899 -35.2806 3.5361 -29.6459 -39.8447 -22.7467 -48.6854 0.5731 -43.6335 27.6288 -36.9468 11.1889 -33.5160 7.3296 -34.2534 14.0610 -37.3698 25.8415 -42.0266 30.1043 -47.4362 -19.1473 -43.9266 -29.2841 7.0221 -36.6608 28.3306 -43.7252 -4.8248 -48.7056 -25.9988 -6.4295 -34.3094 21.1633 -41.4806 25.0705 -48.3641 -22.3440
21.0178 -41.4567 21.0508 -34.3233 -6.6657 -26.0951 -48.6996 -5.2048 -43.7297 27.9617 -36.3474 4.8179 -28.1914 -47.2202 -14.0166 -45.4187 33.1828 -38.7067 15.7882 -34.4480 7.6098 -32.6722 -4.3196 -28.7440 -44.0332 -19.4069 -47.3115 33.9832 -40.3354 17.2106 -33.3641 -9.6534 -28.3332 -35.7760 -27.0729 -44.8304 26.1148 -34.2541 -4.6960 -28.2409 -38.5037 -26.6992 -33.8422 -29.1316 -4.7316 -32.6628 9.5458 -35.3100 16.2684 -36.7039 16.8768 -35.6336 9.8747 -32.6400 0.7322 -32.1583 7.0518 -35.1172 17.7519 -38.5265 26.0155 -40.0811 25.6087 -38.0527 15.3311 -33.8445 -2.4176 -28.5565 -43.9963 -20.0135 -47.3390 34.5251 -40.0463 17.8209 -34.9441 10.0576 -34.6571 13.7182 -36.5201 20.3719 -39.3753 31.0943 -43.3459 19.9131 -47.8253 -19.9932 -43.3240 -29.3516 6.8242 -36.5657 27.9452 -43.5765 -3.5601 -48.7366 -25.8125 -7.6792 -34.1652 20.7521 -41.3483 26.5298 -48.2575
-42.4468 24.0233 -35.2928 0.2704 -27.4635 -48.0621 -12.0678 -44.9812 31.7961 -37.3745 7.7103 -28.8461 -46.4960 -14.8638 -45.5203 33.0479 -38.4321 14.3803 -33.8798 7.8429 -34.5485 11.0099 -33.5077 -2.7436 -27.8288 -47.4567 -13.0452 -45.0026 30.4606 -37.0614 7.2011 -29.8649 -39.9071 -23.6783 -48.4673 -14.2934 -42.2825 19.0208 -33.7723 -1.5892 -30.4023 -9.2524 -31.3850 5.3720 -34.7033 16.6060 -38.2612 26.6871 -41.0559 32.3073 -41.3023 27.3940 -37.8674 13.4573 -33.7703 6.4089 -33.9730 13.4898 -36.7359 22.0410 -39.5700 27.7966 -40.2537 25.4241 -37.9791 14.8572 -33.5435 -3.9987 -28.2750 -45.8123 -11.8700 -44.0050 26.8132 -36.8656 13.4822 -35.6238 17.6098 -37.9404 23.3622 -39.6334 29.2359 -42.0016 34.9139 -45.0076 0.1594 -48.3297 -21.0696 -42.3679 -29.4623 6.6955 -36.4878 27.6184 -43.4494 -2.3948 -48.7540 -25.6574 -8.7746 -34.0468 20.4119 -41.2109 23.5868
