-20.4970 -44.1916 25.6340 -32.4583 -44.6369 -16.9260 -41.6380 17.9454 -29.9192 -48.6698 -7.2219 -39.1731 10.4852 -27.4492 -48.5904 22.3743 -37.3291 0.1230 -25.0290 -46.8783 32.6678 -35.2922 -24.4341 -22.0271 -44.5148 26.6888 -32.8212 -43.3492 -17.7296 -41.9981 19.0156 -30.2860 -48.4837 -9.4207 -39.5273 11.6336 -27.8067 -48.7256 17.8565 -37.5584 2.1726 -25.3889 -47.1889 32.8051 -35.6351 -20.1191 -22.5317 -44.8847 28.1061 -34.7098 1.0627 -34.7051 28.0958 -44.8812 -22.5268 -20.1739 -35.6296 32.8046 -47.1864 -25.3871 2.1507 -37.5546 17.8882 -48.7242 -27.8051 11.6208 -39.5233 -9.4074 -48.4853 -30.2834 19.0024 -41.9936 -17.7175 -43.3720 -32.8151 26.6697 -44.5086 -22.0182 -24.5072 -35.2861 32.6623 -46.8727 -25.0224 0.0835 -37.3249 22.4480 -48.5876 -27.4439 10.4651 -39.1671 -7.1800 -48.6715 -29.9163 17.9296 -41.6325 -16.9118 -44.6581 -32.4518 25.6138 -44.1852 -20.4897
-44.1916 25.8864 -33.2587 -42.8977 -17.3946 -41.7219 18.6653 -30.9621 -48.3731 -5.3980 -39.0551 11.5136 -28.6348 -48.8310 27.5916 -37.5400 2.4716 -26.3907 -47.2300 34.5012 -35.9339 -18.8005 -23.3069 -44.7964 27.5351 -33.6959 -41.0447 -18.3997 -42.1224 19.7425 -31.3142 -48.0408 -8.2556 -39.4443 12.5931 -28.9724 -48.9230 23.5931 -37.7008 4.1650 -26.7210 -47.5382 34.9445 -36.2296 -14.4791 -23.8583 -45.1763 28.7427 -34.2703 -32.5814 -27.8827 -32.6255 -34.2635 28.7356 -45.1741 -23.8522 -14.5370 -36.2245 34.9427 -47.5367 -26.7189 4.1435 -37.6960 23.6120 -48.9223 -28.9704 12.5788 -39.4390 -8.2310 -48.0446 -31.3100 19.7257 -42.1163 -18.3837 -41.0776 -33.6899 27.5139 -44.7896 -23.2967 -18.8786 -35.9285 34.4907 -47.2243 -26.3846 2.4392 -37.5371 27.6356 -48.8291 -28.6310 11.4961 -39.0489 -5.3602 -48.3755 -30.9609 18.6534 -41.7154 -17.3774 -42.9241 -33.2525 25.8654 -44.1852
25.6340 -33.2587 -42.3313 -17.9741 -42.0103 19.5376 -31.2810 -48.0792 -8.0267 -39.4141 12.5138 -28.9503 -48.9189 23.9120 -37.8626 4.0594 -26.6872 -47.5198 34.9295 -36.3056 -14.7594 -23.8202 -45.1526 28.6470 -34.0708 -39.0949 -19.2340 -42.4928 20.7586 -31.6653 -47.6126 -10.4090 -39.8074 13.5771 -29.2935 -48.9585 18.9904 -38.0268 5.5740 -27.0141 -47.8111 35.0694 -36.5947 -10.6987 -24.3379 -45.5283 29.8253 -34.4410 -36.0219 -21.9669 -47.1298 -21.9566 -36.0699 -34.4342 29.8142 -45.5248 -24.3331 -10.7359 -36.5910 35.0698 -47.8087 -27.0112 5.5604 -38.0234 19.0355 -48.9585 -29.2905 13.5672 -39.8037 -10.3789 -47.6201 -31.6610 20.7406 -42.4862 -19.2190 -39.1344 -34.0646 28.6258 -45.1458 -23.8106 -14.8355 -36.3003 34.9237 -47.5144 -26.6814 4.0306 -37.8579 23.9645 -48.9178 -28.9456 12.4966 -39.4084 -8.0107 -48.0829 -31.2785 19.5267 -42.0044 -17.9578 -42.3581 -33.2525 25.6138
-32.4583 -42.8977 -17.9741 -42.1257 20.0835 -31.5041 -47.7530 -9.9849 -39.7522 13.4614 -29.2601 -48.9585 19.4074 -38.0153 5.4703 -26.9906 -47.7910 35.0720 -36.5735 -10.9776 -24.3018 -45.5014 29.7401 -34.3929 -36.8302 -19.9975 -42.8605 21.7854 -31.9938 -47.0603 -12.1861 -40.1698 14.5449 -29.6118 -48.9374 13.7688 -38.1692 6.8545 -27.3193 -48.0619 34.8269 -36.8460 -7.3314 -24.7886 -45.8711 30.8893 -34.7405 -33.9048 -20.9601 -44.0027 35.5109 -43.9979 -20.9482 -33.9559 -34.7342 30.8775 -45.8673 -24.7841 -7.3633 -36.8434 34.8313 -48.0595 -27.3162 6.8425 -38.1679 13.8214 -48.9378 -29.6086 14.5355 -40.1663 -12.1691 -47.0668 -31.9907 21.7686 -42.8545 -19.9846 -36.8741 -34.3870 29.7195 -45.4948 -24.2928 -11.0473 -36.5685 35.0724 -47.7859 -26.9847 5.4442 -38.0107 19.4985 -48.9583 -29.2541 13.4429 -39.7459 -9.9715 -47.7595 -31.5009 20.0693 -42.1204 -17.9578 -42.9241 -32.4518
-44.6369 -17.3946 -42.0103 20.0835 -31.5873 -47.5265 -11.2078 -40.0260 14.2827 -29.5433 -48.9473 14.4077 -38.1551 6.7455 -27.2939 -48.0431 34.8606 -36.8268 -7.5782 -24.7543 -45.8442 30.8064 -34.7111 -34.2038 -20.7069 -43.2274 22.8298 -32.3226 -46.3614 -13.6949 -40.5337 15.5083 -29.9316 -48.8513 8.3319 -38.3045 8.0441 -27.6259 -48.2901 34.1369 -37.0812 -4.4119 -25.2117 -46.2069 31.9061 -35.0527 -30.9105 -21.4415 -43.7009 26.6016 -37.2540 26.5916 -43.6974 -21.4317 -30.9692 -35.0474 31.8934 -46.2026 -25.2062 -4.4419 -37.0786 34.1465 -48.2879 -27.6229 8.0327 -38.3031 8.3842 -48.8526 -29.9285 15.4990 -40.5302 -13.6813 -46.3690 -32.3197 22.8189 -43.2236 -20.6963 -34.2496 -34.7069 30.7877 -45.8382 -24.7461 -7.6387 -36.8222 34.8686 -48.0385 -27.2881 6.7218 -38.1526 14.5121 -48.9482 -29.5371 14.2643 -40.0213 -11.1895 -47.5310 -31.5844 20.0693 -42.0044 -17.3774 -44.6581
-16.9260 -41.7219 19.5376 -31.5041 -47.5265 -11.6257 -40.1816 14.8516 -29.7674 -48.8968 9.6627 -38.2797 7.8807 -27.5888 -48.2692 34.2180 -37.0620 -4.6264 -25.1786 -46.1800 31.8263 -35.0250 -31.1946 -21.3700 -43.5932 23.8921 -32.6517 -45.4935 -15.0017 -40.8990 16.4726 -30.2533 -48.7409 3.2389 -38.4296 9.1649 -27.9346 -48.4926 32.9017 -37.2970 -1.9172 -25.6058 -46.5354 32.8516 -35.3606 -27.4922 -22.0463 -43.9957 25.3207 -34.4728 -4.5351 -34.4701 25.3078 -43.9916 -22.0392 -27.5572 -35.3553 32.8351 -46.5294 -25.5997 -1.9468 -37.2939 32.9182 -48.4904 -27.9312 9.1538 -38.4284 3.2857 -48.7428 -30.2501 16.4632 -40.8954 -14.9898 -45.5028 -32.6484 23.8817 -43.5896 -21.3633 -31.2278 -35.0225 31.8104 -46.1747 -25.1719 -4.6770 -37.0585 34.2337 -48.2659 -27.5843 7.8586 -38.2773 9.7680 -48.8987 -29.7612 14.8354 -40.1792 -11.6020 -47.5310 -31.5009 19.5267 -41.7154 -16.9118
-41.6380 18.6653 -31.2810 -47.7530 -11.2078 -40.1816 15.0567 -29.8935 -48.8366 6.0662 -38.3810 8.8358 -27.8620 -48.4618 33.0983 -37.2731 -2.1435 -25.5714 -46.5074 32.7739 -35.3333 -27.8058 -21.9921 -43.9572 24.9712 -32.9805 -44.4315 -16.1529 -41.2653 17.4419 -30.5765 -48.6197 -1.1086 -38.6386 10.2344 -28.2460 -48.6654 31.0153 -37.4907 0.2236 -25.9698 -46.8523 33.6838 -35.6609 -23.7421 -22.6279 -44.3516 26.1907 -33.5544 -38.8912 -26.7559 -38.9177 -33.5521 26.1727 -44.3474 -22.6213 -23.8057 -35.6563 33.6696 -46.8463 -25.9632 0.1866 -37.4860 31.0433 -48.6632 -28.2414 10.2227 -38.6370 -1.0688 -48.6212 -30.5733 17.4324 -41.2617 -16.1423 -44.4429 -32.9773 24.9607 -43.9537 -21.9863 -27.8404 -35.3310 32.7645 -46.5022 -25.5658 -2.1722 -37.2723 33.1210 -48.4591 -27.8574 8.8145 -38.3787 6.1654 -48.8392 -29.8878 15.0426 -40.1792 -11.1895 -47.7595 -31.2785 18.6534 -41.6325
17.9454 -30.9621 -48.0792 -9.9849 -40.0260 14.8516 -29.8935 -48.8087 4.1705 -38.4444 9.5425 -28.0896 -48.6109 31.5710 -37.4525 -0.1017 -25.9244 -46.8190 33.6083 -35.6331 -24.0808 -22.5777 -44.3190 26.0644 -33.3087 -43.1471 -17.1815 -41.6325 18.4202 -30.9014 -48.4328 -4.6327 -38.9675 11.2658 -28.5593 -48.8037 28.3638 -37.6623 2.0645 -26.3021 -47.1573 34.3656 -35.9535 -19.7703 -23.1772 -44.7093 27.2752 -33.6875 -41.0570 -20.2811 -46.3391 -20.2741 -41.0829 -33.6844 27.2569 -44.7057 -23.1709 -19.8134 -35.9493 34.3546 -47.1516 -26.2959 2.0311 -37.6577 28.4204 -48.8015 -28.5534 11.2527 -38.9629 -4.5981 -48.4354 -30.8979 18.4103 -41.6288 -17.1719 -43.1609 -33.3055 26.0537 -44.3155 -22.5721 -24.1182 -35.6309 33.6006 -46.8141 -25.9190 -0.1146 -37.4533 31.6059 -48.6080 -28.0839 9.5220 -38.4430 4.2630 -48.8116 -29.8878 14.8354 -40.0213 -9.9715 -48.0829 -30.9609 17.9296
-29.9192 -48.3731 -8.0267 -39.7522 14.2827 -29.7674 -48.8366 4.1705 -38.4639 9.9169 -28.2410 -48.7101 29.9094 -37.5930 1.5189 -26.2260 -47.1042 34.2798 -35.9185 -20.1904 -23.1258 -44.6778 27.1673 -33.6358 -41.6089 -18.1120 -42.0005 19.4111 -31.2289 -48.1534 -7.4560 -39.3278 12.2732 -28.8733 -48.9015 24.8945 -37.8216 3.6812 -26.6111 -47.4487 34.8468 -36.2362 -15.7519 -23.6952 -45.0642 28.3793 -33.9953 -39.5406 -19.2507 -43.1719 34.6298 -43.1659 -19.2397 -39.5745 -33.9896 28.3591 -45.0604 -23.6897 -15.7949 -36.2326 34.8403 -47.4435 -26.6053 3.6516 -37.8185 24.9700 -48.9000 -28.8672 12.2547 -39.3211 -7.4237 -48.1576 -31.2239 19.4000 -41.9964 -18.1030 -41.6259 -33.6325 27.1565 -44.6743 -23.1218 -20.2142 -35.9167 34.2715 -47.0997 -26.2211 1.5075 -37.5922 29.9531 -48.7072 -28.2367 9.9036 -38.4633 4.2630 -48.8392 -29.7612 14.2643 -39.7459 -8.0107 -48.3755 -29.9163
-48.6698 -5.3980 -39.4141 13.4614 -29.5433 -48.8968 6.0662 -38.4444 9.9169 -28.2941 -48.7586 28.5935 -37.6907 2.7072 -26.4668 -47.3509 34.7435 -36.1781 -16.4028 -23.6295 -45.0259 28.2613 -33.9592 -39.7841 -18.9629 -42.3690 20.4172 -31.5574 -47.7658 -9.7497 -39.6882 13.2561 -29.1890 -48.9529 20.5814 -37.9759 5.1272 -26.9139 -47.7243 35.0663 -36.5072 -11.8981 -24.1839 -45.4148 29.4757 -34.3152 -37.3938 -19.8407 -42.8527 24.0266 -36.6898 24.0095 -42.8459 -19.8271 -37.4335 -34.3102 29.4563 -45.4105 -24.1784 -11.9391 -36.5054 35.0653 -47.7193 -26.9081 5.1007 -37.9730 20.6726 -48.9524 -29.1829 13.2371 -39.6812 -9.7111 -47.7741 -31.5510 20.4041 -42.3643 -18.9536 -39.8041 -33.9565 28.2509 -45.0226 -23.6243 -16.4242 -36.1765 34.7380 -47.3462 -26.4629 2.6909 -37.6886 28.6360 -48.7564 -28.2911 9.9036 -38.4430 6.1654 -48.8987 -29.5371 13.4429 -39.4084 -5.3602 -48.6715
-7.2219 -39.0551 12.5138 -29.2601 -48.9473 9.6627 -38.3810 9.5425 -28.2410 -48.7586 28.0916 -37.7418 3.4310 -26.6387 -47.5422 34.9901 -36.4009 -13.0266 -24.0747 -45.3528 29.3134 -34.2730 -37.6757 -19.7402 -42.7366 21.4439 -31.8856 -47.2578 -11.6334 -40.0500 14.2262 -29.5066 -48.9511 15.5411 -38.1226 6.4432 -27.2184 -47.9815 34.9519 -36.7644 -8.3930 -24.6438 -45.7613 30.5503 -34.6343 -34.8752 -20.5428 -43.1482 22.8188 -33.7709 -12.1442 -33.7680 22.8062 -43.1437 -20.5340 -34.9038 -34.6297 30.5313 -45.7551 -24.6385 -8.4271 -36.7627 34.9578 -47.9771 -27.2127 6.4192 -38.1199 15.6435 -48.9517 -29.5004 14.2075 -40.0430 -11.5999 -47.2689 -31.8790 21.4246 -42.7319 -19.7342 -37.6914 -34.2716 29.2991 -45.3497 -24.0696 -13.0478 -36.3991 34.9881 -47.5392 -26.6353 3.4160 -37.7402 28.1337 -48.7564 -28.2367 9.5220 -38.3787 9.7680 -48.9482 -29.2541 12.4966 -39.0489 -7.1800
-39.1731 11.5136 -28.9503 -48.9585 14.4077 -38.2797 8.8358 -28.0896 -48.7101 28.5935 -37.7418 3.6724 -26.7300 -47.6632 35.0674 -36.5741 -10.3220 -24.4489 -45.6482 30.2774 -34.5673 -35.3158 -20.4452 -43.0968 22.4718 -32.2126 -46.6097 -13.2219 -40.4135 15.1904 -29.8258 -48.8875 10.1162 -38.2609 7.6599 -27.5244 -48.2173 34.4202 -37.0055 -5.3270 -25.0756 -46.0989 31.5843 -34.9493 -31.9598 -21.2137 -43.5062 23.6628 -32.7897 -43.0094 -25.5872 -43.0217 -32.7858 23.6518 -43.5037 -21.2068 -31.9935 -34.9452 31.5657 -46.0930 -25.0701 -5.3567 -37.0040 34.4333 -48.2138 -27.5200 7.6387 -38.2588 10.2198 -48.8893 -29.8197 15.1719 -40.4064 -13.1934 -46.6237 -32.2063 22.4522 -43.0920 -20.4401 -35.3334 -34.5669 30.2634 -45.6447 -24.4446 -10.3436 -36.5714 35.0669 -47.6600 -26.7266 3.6638 -37.7402 28.6360 -48.7072 -28.0839 8.8145 -38.2773 14.5121 -48.9583 -28.9456 11.4961 -39.1671
10.4852 -28.6348 -48.9189 19.4074 -38.1551 7.8807 -27.8620 -48.6109 29.9094 -37.6907 3.4310 -26.7300 -47.7051 35.0671 -36.6837 -8.4720 -24.7333 -45.8933 31.1023 -34.8306 -32.8224 -21.0673 -43.4413 23.4858 -32.5332 -45.8119 -14.5847 -40.7780 16.1539 -30.1469 -48.7804 4.8512 -38.3894 8.8011 -27.8323 -48.4286 33.3771 -37.2277 -2.7010 -25.4792 -46.4286 32.5522 -35.2591 -28.6594 -21.8455 -43.8702 24.7192 -32.9256 -44.4407 -18.3627 -45.5241 -18.3504 -44.4594 -32.9205 24.7019 -43.8656 -21.8387 -28.6979 -35.2565 32.5352 -46.4228 -25.4731 -2.7268 -37.2264 33.3911 -48.4265 -27.8290 8.7830 -38.3881 4.9420 -48.7824 -30.1410 16.1356 -40.7712 -14.5600 -45.8292 -32.5268 23.4659 -43.4344 -21.0620 -32.8390 -34.8295 31.0885 -45.8894 -24.7290 -8.5099 -36.6794 35.0681 -47.7003 -26.7266 3.4160 -37.6886 29.9531 -48.6080 -27.8574 7.8586 -38.1526 19.4985 -48.9178 -28.6310 10.4651
-27.4492 -48.8310 23.9120 -38.0153 6.7455 -27.5888 -48.4618 31.5710 -37.5930 2.7072 -26.6387 -47.6632 35.0671 -36.7214 -7.5411 -24.9116 -46.0675 31.7255 -35.0484 -30.4106 -21.5974 -43.7588 24.4537 -32.8384 -44.8731 -15.7496 -41.1369 17.1113 -30.4681 -48.6632 0.2344 -38.5600 9.8850 -28.1418 -48.6114 31.7203 -37.4276 -0.4590 -25.8531 -46.7490 33.4236 -35.5624 -25.0090 -22.4397 -44.2346 25.8084 -33.2356 -43.4316 -17.1997 -42.3407 32.6924 -42.3354 -17.1822 -43.4566 -33.2295 25.7881 -44.2280 -22.4332 -25.0483 -35.5599 33.4093 -46.7432 -25.8467 -0.4821 -37.4253 31.7401 -48.6098 -28.1388 9.8740 -38.5586 0.3035 -48.6652 -30.4635 17.0936 -41.1302 -15.7276 -44.8940 -32.8320 24.4329 -43.7525 -21.5923 -30.4299 -35.0453 31.7146 -46.0651 -24.9054 -7.5992 -36.7164 35.0681 -47.6600 -26.6353 2.6909 -37.5922 31.6059 -48.4591 -27.5843 6.7218 -38.0107 23.9645 -48.8291 -27.4439
-48.5904 27.5916 -37.8626 5.4703 -27.2939 -48.2692 33.0983 -37.4525 1.5189 -26.4668 -47.5422 35.0674 -36.6837 -7.5411 -24.9733 -46.1602 32.1146 -35.2043 -28.3636 -22.0189 -44.0327 25.3276 -33.1177 -43.8193 -16.7394 -41.4830 18.0491 -30.7842 -48.5068 -3.5413 -38.8486 10.9263 -28.4532 -48.7613 29.3465 -37.6047 1.4729 -26.1957 -47.0581 34.1600 -35.8581 -21.0933 -23.0000 -44.5942 26.9097 -33.5598 -41.9796 -17.9295 -41.9978 21.5583 -36.0994 21.5534 -41.9918 -17.9137 -42.0068 -33.5553 26.8891 -44.5878 -22.9933 -21.1352 -35.8557 34.1496 -47.0525 -26.1906 1.4500 -37.6028 29.3746 -48.7600 -28.4502 10.9163 -38.8451 -3.4899 -48.5097 -30.7800 18.0315 -41.4761 -16.7196 -43.8441 -33.1115 25.3092 -44.0274 -22.0116 -28.4065 -35.1993 32.1012 -46.1557 -24.9651 -7.5992 -36.6794 35.0669 -47.5392 -26.4629 1.5075 -37.4533 33.1210 -48.2659 -27.2881 5.4442 -37.8579 27.6356 -48.5876
22.3743 -37.5400 4.0594 -26.9906 -48.0431 34.2180 -37.2731 -0.1017 -26.2260 -47.3509 34.9901 -36.5741 -8.4720 -24.9116 -46.1602 32.2501 -35.2845 -26.9875 -22.3097 -44.2442 26.0596 -33.3572 -42.7214 -17.5650 -41.8072 18.9471 -31.0878 -48.2747 -6.4956 -39.2014 11.9325 -28.7663 -48.8731 26.1669 -37.7682 3.1672 -26.5106 -47.3542 34.7137 -36.1443 -17.0674 -23.5292 -44.9503 28.0153 -33.8854 -40.2370 -18.7739 -42.2921 20.4121 -33.0372 -21.4067 -33.0361 20.4055 -42.2883 -18.7639 -40.2564 -33.8825 27.9949 -44.9439 -23.5219 -17.1102 -36.1422 34.7090 -47.3487 -26.5057 3.1380 -37.7661 26.2036 -48.8722 -28.7624 11.9185 -39.1966 -6.4568 -48.2775 -31.0836 18.9286 -41.8001 -17.5467 -42.7501 -33.3536 26.0423 -44.2386 -22.2993 -27.0546 -35.2787 32.2316 -46.1557 -24.9054 -8.5099 -36.5714 34.9881 -47.3462 -26.2211 -0.1146 -37.2723 34.2337 -48.0385 -26.9847 4.0306 -37.5371 22.4480
-37.3291 2.4716 -26.6872 -47.7910 34.8606 -37.0620 -2.1435 -25.9244 -47.1042 34.7435 -36.4009 -10.3220 -24.7333 -46.0675 32.1146 -35.2845 -26.5020 -22.4563 -44.3778 26.5850 -33.5420 -41.6961 -18.2199 -42.0961 19.7776 -31.3717 -47.9710 -8.7872 -39.5410 12.8856 -29.0753 -48.9406 22.1503 -37.9246 4.6648 -26.8138 -47.6352 35.0270 -36.4192 -13.1375 -24.0275 -45.3023 29.1163 -34.2088 -38.1691 -19.5683 -42.6517 21.2244 -32.0195 -45.7138 -24.2886 -45.7266 -32.0166 21.2137 -42.6493 -19.5603 -38.1909 -34.2060 29.0962 -45.2956 -24.0203 -13.1783 -36.4166 35.0252 -47.6300 -26.8080 4.6385 -37.9228 22.2128 -48.9410 -29.0711 12.8748 -39.5372 -8.7654 -47.9751 -31.3670 19.7584 -42.0890 -18.2074 -41.7184 -33.5401 26.5660 -44.3716 -22.4459 -26.5709 -35.2787 32.1012 -46.0651 -24.7290 -10.3436 -36.3991 34.7380 -47.0997 -25.9190 -2.1722 -37.0585 34.8686 -47.7859 -26.6814 2.4392 -37.3249
0.1230 -26.3907 -47.5198 35.0720 -36.8268 -4.6264 -25.5714 -46.8190 34.2798 -36.1781 -13.0266 -24.4489 -45.8933 31.7255 -35.2043 -26.9875 -22.4563 -44.4230 26.8597 -33.6605 -40.8926 -18.6964 -42.3340 20.5003 -31.6242 -47.6144 -10.5739 -39.8634 13.7784 -29.3739 -48.9589 17.4362 -38.0720 6.0076 -27.1163 -47.8988 35.0315 -36.6812 -9.5036 -24.4955 -45.6486 30.1999 -34.5293 -35.7541 -20.3068 -43.0179 22.2404 -32.1589 -46.6142 -15.9953 -44.6667 -15.9823 -46.6272 -32.1538 22.2235 -43.0138 -20.2997 -35.7794 -34.5251 30.1800 -45.6420 -24.4898 -9.5395 -36.6787 35.0348 -47.8941 -27.1118 5.9858 -38.0704 17.5221 -48.9597 -29.3691 13.7712 -39.8592 -10.5505 -47.6224 -31.6180 20.4808 -42.3275 -18.6895 -40.9117 -33.6563 26.8420 -44.4169 -22.4459 -27.0546 -35.1993 31.7146 -45.8894 -24.4446 -13.0478 -36.1765 34.2715 -46.8141 -25.5658 -4.6770 -36.8222 35.0724 -47.5144 -26.3846 0.0835
-25.0290 -47.2300 34.9295 -36.5735 -7.5782 -25.1786 -46.5074 33.6083 -35.9185 -16.4028 -24.0747 -45.6482 31.1023 -35.0484 -28.3636 -22.3097 -44.3778 26.8597 -33.7019 -40.4501 -18.9882 -42.5009 21.0608 -31.8302 -47.2393 -11.9358 -40.1582 14.6027 -29.6554 -48.9266 12.4161 -38.2079 7.2205 -27.4159 -48.1402 34.6515 -36.9277 -6.2904 -24.9360 -45.9884 31.2491 -34.8458 -32.9656 -20.9955 -43.3842 23.2855 -32.4696 -45.9813 -14.5975 -41.5040 30.2535 -41.4980 -14.5726 -45.9973 -32.4634 23.2717 -43.3803 -20.9890 -32.9966 -34.8413 31.2294 -45.9821 -24.9307 -6.3200 -36.9266 34.6590 -48.1359 -27.4118 7.1996 -38.2055 12.5125 -48.9280 -29.6496 14.5908 -40.1521 -11.9057 -47.2499 -31.8241 21.0413 -42.4954 -18.9800 -40.4688 -33.6960 26.8420 -44.3716 -22.2993 -28.4065 -35.0453 31.0885 -45.6447 -24.0696 -16.4242 -35.9167 33.6006 -46.5022 -25.1719 -7.6387 -36.5685 34.9237 -47.2243 -25.0224
-46.8783 34.5012 -36.3056 -10.9776 -24.7543 -46.1800 32.7739 -35.6331 -20.1904 -23.6295 -45.3528 30.2774 -34.8306 -30.4106 -22.0189 -44.2442 26.5850 -33.6605 -40.4501 -19.0866 -42.5865 21.4098 -31.9769 -46.9037 -12.9225 -40.4092 15.3294 -29.9101 -48.8494 7.6772 -38.3285 8.3123 -27.7083 -48.3539 33.8135 -37.1555 -3.5417 -25.3478 -46.3188 32.2417 -35.1575 -29.7920 -21.6405 -43.7492 24.3528 -32.7958 -45.0467 -15.5545 -41.1438 19.1957 -35.4917 19.1796 -41.1370 -15.5321 -45.0671 -32.7891 24.3407 -43.7454 -21.6344 -29.8465 -35.1528 32.2232 -46.3147 -25.3433 -3.5568 -37.1521 33.8278 -48.3505 -27.7030 8.2904 -38.3263 7.7611 -48.8518 -29.9049 15.3125 -40.4029 -12.8983 -46.9152 -31.9710 21.3962 -42.5813 -19.0765 -40.4688 -33.6563 26.5660 -44.2386 -22.0116 -30.4299 -34.8295 30.2634 -45.3497 -23.6243 -20.2142 -35.6309 32.7645 -46.1747 -24.7461 -11.0473 -36.3003 34.4907 -46.8727
32.6678 -35.9339 -14.7594 -24.3018 -45.8442 31.8263 -35.3333 -24.0808 -23.1258 -45.0259 29.3134 -34.5673 -32.8224 -21.5974 -44.0327 26.0596 -33.5420 -40.8926 -18.9882 -42.5865 21.5239 -32.0518 -46.6713 -13.5743 -40.6033 15.9177 -30.1269 -48.7607 3.6794 -38.4317 9.2787 -27.9859 -48.5345 32.4777 -37.3559 -1.2235 -25.7264 -46.6393 33.1464 -35.4630 -26.2512 -22.2465 -44.1122 25.4378 -33.1242 -43.8993 -16.6203 -41.4356 18.0932 -32.2870 -30.0538 -32.2851 18.0747 -41.4286 -16.6002 -43.9238 -33.1176 25.4261 -44.1086 -22.2405 -26.3178 -35.4574 33.1323 -46.6375 -25.7212 -1.2500 -37.3527 32.5072 -48.5316 -27.9799 9.2585 -38.4321 3.7492 -48.7626 -30.1220 15.9007 -40.5970 -13.5506 -46.6837 -32.0456 21.5160 -42.5813 -18.9800 -40.9117 -33.5401 26.0423 -44.0274 -21.5923 -32.8390 -34.5669 29.2991 -45.0226 -23.1218 -24.1182 -35.3310 31.8104 -45.8382 -24.2928 -14.8355 -35.9285 32.6623
-35.2922 -18.8005 -23.8202 -45.5014 30.8064 -35.0250 -27.8058 -22.5777 -44.6778 28.2613 -34.2730 -35.3158 -21.0673 -43.7588 25.3276 -33.3572 -41.6961 -18.6964 -42.5009 21.4098 -32.0518 -46.5878 -13.8887 -40.7264 16.3365 -30.2931 -48.6945 0.6327 -38.5565 10.1074 -28.2401 -48.6798 30.6673 -37.5256 0.6976 -26.0656 -46.9455 33.9187 -35.7583 -22.4204 -22.8174 -44.4727 26.5355 -33.4506 -42.5086 -17.5992 -41.7944 18.8782 -31.2510 -47.3906 -22.8516 -47.3974 -31.2473 18.8595 -41.7876 -17.5813 -42.5380 -33.4453 26.5239 -44.4692 -22.8093 -22.4855 -35.7545 33.9088 -46.9419 -26.0596 0.6743 -37.5259 30.7075 -48.6771 -28.2347 10.0952 -38.5567 0.6900 -48.6958 -30.2878 16.3189 -40.7197 -13.8638 -46.6016 -32.0456 21.3962 -42.4954 -18.6895 -41.7184 -33.3536 25.3092 -43.7525 -21.0620 -35.3334 -34.2716 28.2509 -44.6743 -22.5721 -27.8404 -35.0225 30.7877 -45.4948 -23.8106 -18.8786 -35.2861
-24.4341 -23.3069 -45.1526 29.7401 -34.7111 -31.1946 -21.9921 -44.3190 27.1673 -33.9592 -37.6757 -20.4452 -43.4413 24.4537 -33.1177 -42.7214 -18.2199 -42.3340 21.0608 -31.9769 -46.6713 -13.8887 -40.7682 16.5517 -30.3984 -48.6462 -1.4563 -38.7268 10.7861 -28.4637 -48.7880 28.4854 -37.6698 2.2806 -26.3616 -47.2287 34.5185 -36.0385 -18.4912 -23.3500 -44.8291 27.6398 -33.7765 -40.8510 -18.4919 -42.1609 19.8544 -31.3910 -47.9101 -12.8913 -43.7787 -12.8837 -47.9159 -31.3876 19.8377 -42.1541 -18.4755 -40.8847 -33.7718 27.6289 -44.8239 -23.3417 -18.5542 -36.0366 34.5095 -47.2237 -26.3563 2.2703 -37.6705 28.5338 -48.7862 -28.4587 10.7802 -38.7248 -1.4046 -48.6481 -30.3940 16.5396 -40.7613 -13.8638 -46.6837 -31.9710 21.0413 -42.3275 -18.2074 -42.7501 -33.1115 24.4329 -43.4344 -20.4401 -37.6914 -33.9565 27.1565 -44.3155 -21.9863 -31.2278 -34.7069 29.7195 -45.1458 -23.2967 -24.5072
-22.0271 -44.7964 28.6470 -34.3929 -34.2038 -21.3700 -43.9572 26.0644 -33.6358 -39.7841 -19.7402 -43.0968 23.4858 -32.8384 -43.8193 -17.5650 -42.0961 20.5003 -31.8302 -46.9037 -13.5743 -40.7264 16.5517 -30.4343 -48.6162 -2.6574 -38.8777 11.3011 -28.6446 -48.8615 26.1209 -37.7928 3.5770 -26.6192 -47.4819 34.9064 -36.2987 -14.6961 -23.8413 -45.1735 28.7257 -34.0991 -38.9049 -19.3112 -42.5286 20.8580 -31.7013 -47.5508 -11.0189 -40.6626 27.6544 -40.6609 -11.0074 -47.5559 -31.6973 20.8418 -42.5218 -19.2960 -38.9299 -34.0946 28.7189 -45.1693 -23.8325 -14.7672 -36.2952 34.9007 -47.4771 -26.6142 3.5678 -37.7940 26.1723 -48.8597 -28.6396 11.2947 -38.8741 -2.6215 -48.6179 -30.4311 16.5396 -40.7197 -13.5506 -46.9152 -31.8241 20.4808 -42.0890 -17.5467 -43.8441 -32.8320 23.4659 -43.0920 -19.7342 -39.8041 -33.6325 26.0537 -43.9537 -21.3633 -34.2496 -34.3870 28.6258 -44.7896 -22.0182
-44.5148 27.5351 -34.0708 -36.8302 -20.7069 -43.5932 24.9712 -33.3087 -41.6089 -18.9629 -42.7366 22.4718 -32.5332 -44.8731 -16.7394 -41.8072 19.7776 -31.6242 -47.2393 -12.9225 -40.6033 16.3365 -30.3984 -48.6162 -3.0460 -38.9564 11.6297 -28.7719 -48.9057 23.9129 -37.8933 4.6099 -26.8453 -47.7013 35.0667 -36.5318 -11.2981 -24.2853 -45.5025 29.7742 -34.4108 -36.6567 -20.0609 -42.8936 21.8860 -32.0269 -46.9966 -12.3875 -40.2896 16.9038 -34.8735 16.8921 -40.2873 -12.3716 -47.0004 -32.0229 21.8674 -42.8892 -20.0514 -36.6718 -34.4070 29.7608 -45.4980 -24.2777 -11.3455 -36.5281 35.0658 -47.6969 -26.8404 4.6010 -37.8930 23.9710 -48.9042 -28.7665 11.6171 -38.9504 -3.0231 -48.6179 -30.3940 16.3189 -40.5970 -12.8983 -47.2499 -31.6180 19.7584 -41.8001 -16.7196 -44.8940 -32.5268 22.4522 -42.7319 -18.9536 -41.6259 -33.3055 24.9607 -43.5896 -20.6963 -36.8741 -34.0646 27.5139 -44.5086
26.6888 -33.6959 -39.0949 -19.9975 -43.2274 23.8921 -32.9805 -43.1471 -18.1120 -42.3690 21.4439 -32.2126 -45.8119 -15.7496 -41.4830 18.9471 -31.3717 -47.6144 -11.9358 -40.4092 15.9177 -30.2931 -48.6462 -2.6574 -38.9564 11.7430 -28.8390 -48.9273 22.2127 -37.9677 5.3899 -27.0354 -47.8815 35.0147 -36.7341 -8.4307 -24.6769 -45.8091 30.7564 -34.7104 -34.1235 -20.7416 -43.2533 22.9208 -32.3532 -46.2845 -13.8405 -40.5794 15.8266 -31.5243 -36.8050 -31.5210 15.8139 -40.5758 -13.8221 -46.2925 -32.3500 22.9024 -43.2490 -20.7364 -34.1594 -34.7054 30.7375 -45.8046 -24.6718 -8.4657 -36.7328 35.0186 -47.8782 -27.0308 5.3815 -37.9676 22.2728 -48.9267 -28.8334 11.7242 -38.9504 -2.6215 -48.6481 -30.2878 15.9007 -40.4029 -11.9057 -47.6224 -31.3670 18.9286 -41.4761 -15.7276 -45.8292 -32.2063 21.4246 -42.3643 -18.1030 -43.1609 -32.9773 23.8817 -43.2236 -19.9846 -39.1344 -33.6899 26.6697
-32.8212 -41.0447 -19.2340 -42.8605 22.8298 -32.6517 -44.4315 -17.1815 -42.0005 20.4172 -31.8856 -46.6097 -14.5847 -41.1369 18.0491 -31.0878 -47.9710 -10.5739 -40.1582 15.3294 -30.1269 -48.6945 -1.4563 -38.8777 11.6297 -28.8390 -48.9337 21.2499 -38.0141 5.9180 -27.1819 -48.0201 34.8067 -36.9021 -6.1262 -25.0143 -46.0866 31.6344 -34.9898 -31.3635 -21.3628 -43.6012 23.9449 -32.6742 -45.4115 -15.1162 -40.9373 16.5931 -30.4880 -48.3266 -21.2281 -48.3280 -30.4830 16.5833 -40.9322 -15.0993 -45.4251 -32.6711 23.9266 -43.5947 -21.3539 -31.4244 -34.9842 31.6219 -46.0825 -25.0099 -6.1554 -36.9024 34.8139 -48.0167 -27.1773 5.9100 -38.0140 21.3241 -48.9331 -28.8334 11.6171 -38.8741 -1.4046 -48.6958 -30.1220 15.3125 -40.1521 -10.5505 -47.9751 -31.0836 18.0315 -41.1302 -14.5600 -46.6237 -31.8790 20.4041 -41.9964 -17.1719 -44.4429 -32.6484 22.8189 -42.8545 -19.2190 -41.0776 -32.8151
-43.3492 -18.3997 -42.4928 21.7854 -32.3226 -45.4935 -16.1529 -41.6325 19.4111 -31.5574 -47.2578 -13.2219 -40.7780 17.1113 -30.7842 -48.2747 -8.7872 -39.8634 14.6027 -29.9101 -48.7607 0.6327 -38.7268 11.3011 -28.7719 -48.9273 21.2499 -38.0298 6.1900 -27.2744 -48.1158 34.5310 -37.0306 -4.3932 -25.2936 -46.3296 32.3879 -35.2398 -28.5312 -21.9146 -43.9329 24.9501 -32.9852 -44.3787 -16.2257 -41.2962 17.5368 -30.6279 -48.5684 -8.4264 -42.8686 -8.3930 -48.5707 -30.6227 17.5262 -41.2912 -16.2141 -44.3954 -32.9811 24.9306 -43.9263 -21.9056 -28.5793 -35.2351 32.3776 -46.3246 -25.2890 -4.4076 -37.0300 34.5414 -48.1121 -27.2713 6.1767 -38.0279 21.3241 -48.9267 -28.7665 11.2947 -38.7248 0.6900 -48.7626 -29.9049 14.5908 -39.8592 -8.7654 -48.2775 -30.7800 17.0936 -40.7712 -13.1934 -47.2689 -31.5510 19.4000 -41.6288 -16.1423 -45.5028 -32.3197 21.7686 -42.4862 -18.3837 -43.3720
-17.7296 -42.1224 20.7586 -31.9938 -46.3614 -15.0017 -41.2653 18.4202 -31.2289 -47.7658 -11.6334 -40.4135 16.1539 -30.4681 -48.5068 -6.4956 -39.5410 13.7784 -29.6554 -48.8494 3.6794 -38.5565 10.7861 -28.6446 -48.9057 22.2127 -38.0141 6.1900 -27.3049 -48.1640 34.2973 -37.1187 -3.1865 -25.5070 -46.5284 33.0008 -35.4578 -25.7736 -22.3923 -44.2387 25.9047 -33.2814 -43.1897 -17.1899 -41.6466 18.4837 -30.9291 -48.4061 -5.5878 -39.8280 25.0588 -39.8222 -5.5329 -48.4103 -30.9239 18.4693 -41.6428 -17.1804 -43.2041 -33.2762 25.8850 -44.2318 -22.3837 -25.8039 -35.4554 32.9881 -46.5235 -25.5025 -3.1997 -37.1168 34.3061 -48.1614 -27.3035 6.1767 -38.0140 22.2728 -48.9042 -28.6396 10.7802 -38.5567 3.7492 -48.8518 -29.6496 13.7712 -39.5372 -6.4568 -48.5097 -30.4635 16.1356 -40.4064 -11.5999 -47.7741 -31.2239 18.4103 -41.2617 -14.9898 -46.3690 -31.9907 20.7406 -42.1163 -17.7175
-41.9981 19.7425 -31.6653 -47.0603 -13.6949 -40.8990 17.4419 -30.9014 -48.1534 -9.7497 -40.0500 15.1904 -30.1469 -48.6632 -3.5413 -39.2014 12.8856 -29.3739 -48.9266 7.6772 -38.4317 10.1074 -28.4637 -48.8615 23.9129 -37.9677 5.9180 -27.2744 -48.1640 34.2097 -37.1657 -2.4593 -25.6507 -46.6745 33.4485 -35.6364 -23.2453 -22.7947 -44.5113 26.7818 -33.5534 -41.8799 -18.0295 -41.9854 19.4095 -31.2383 -48.1326 -7.6922 -39.4421 14.6439 -34.2530 14.6279 -39.4353 -7.6459 -48.1379 -31.2328 19.3991 -41.9816 -18.0178 -41.8894 -33.5494 26.7617 -44.5045 -22.7862 -23.2771 -35.6351 33.4373 -46.6696 -25.6462 -2.4818 -37.1622 34.2146 -48.1614 -27.2713 5.9100 -37.9676 23.9710 -48.8597 -28.4587 10.0952 -38.4321 7.7611 -48.9280 -29.3691 12.8748 -39.1966 -3.4899 -48.6652 -30.1410 15.1719 -40.0430 -9.7111 -48.1576 -30.8979 17.4324 -40.8954 -13.6813 -47.0668 -31.6610 19.7257 -41.9936
19.0156 -31.3142 -47.6126 -12.1861 -40.5337 16.4726 -30.5765 -48.4328 -7.4560 -39.6882 14.2262 -29.8258 -48.7804 0.2344 -38.8486 11.9327 -29.0754 -48.9589 12.4161 -38.3285 9.2787 -28.2401 -48.7880 26.1209 -37.8933 5.3899 -27.1819 -48.1158 34.2973 -37.1657 -2.2121 -25.7246 -46.7646 33.7367 -35.7692 -21.1723 -23.1152 -44.7440 27.5640 -33.7991 -40.4959 -18.7440 -42.3030 20.3047 -31.5367 -47.7713 -9.7971 -39.7143 13.5403 -30.7522 -41.6154 -30.7483 13.5218 -39.7076 -9.7597 -47.7781 -31.5311 20.2944 -42.2994 -18.7359 -40.5156 -33.7945 27.5429 -44.7370 -23.1092 -21.2047 -35.7669 33.7266 -46.7612 -25.7208 -2.2442 -37.1622 34.3061 -48.1121 -27.1773 5.3815 -37.8930 26.1723 -48.7862 -28.2347 9.2585 -38.3263 12.5125 -48.9597 -29.0711 11.9185 -38.8451 0.3035 -48.7824 -29.8197 14.2075 -39.6812 -7.4237 -48.4354 -30.5733 16.4632 -40.5302 -12.1691 -47.6201 -31.3100 19.0024
-30.2860 -48.0408 -10.4090 -40.1698 15.5083 -30.2533 -48.6197 -4.6327 -39.3278 13.2561 -29.5066 -48.8875 4.8512 -38.5601 10.9270 -28.7666 -48.9409 17.4266 -38.2082 8.3124 -27.9859 -48.6799 28.4852 -37.7928 4.6099 -27.0354 -48.0201 34.5310 -37.1187 -2.4593 -25.7246 -46.7960 33.8823 -35.8541 -19.6908 -23.3514 -44.9269 28.2076 -34.0104 -39.1038 -19.3469 -42.5923 21.1436 -31.8168 -47.3313 -11.5139 -40.0431 14.2590 -29.7126 -48.7232 -19.3378 -48.7243 -29.7073 14.2429 -40.0382 -11.4851 -47.3393 -31.8124 21.1336 -42.5883 -19.3371 -39.1403 -34.0041 28.1861 -44.9200 -23.3454 -19.7235 -35.8504 33.8748 -46.7939 -25.7208 -2.4818 -37.1168 34.5414 -48.0167 -27.0308 4.6010 -37.7940 28.5338 -48.6771 -27.9799 8.2904 -38.2055 17.5221 -48.9410 -28.7624 10.9163 -38.5586 4.9420 -48.8893 -29.5004 13.2371 -39.3211 -4.5981 -48.6212 -30.2501 15.4990 -40.1663 -10.3789 -48.0446 -30.2834
-48.4837 -8.2556 -39.8074 14.5449 -29.9316 -48.7409 -1.1086 -38.9675 12.2732 -29.1890 -48.9511 10.1162 -38.3895 9.8859 -28.4549 -48.8739 22.1302 -38.0732 7.2230 -27.7090 -48.5351 30.6627 -37.6717 3.5781 -26.8453 -47.8815 34.8067 -37.0306 -3.1865 -25.6507 -46.7646 33.8823 -35.8848 -18.8760 -23.5017 -45.0570 28.6890 -34.1732 -37.8330 -19.8411 -42.8488 21.9067 -32.0739 -46.8284 -12.8968 -40.3614 15.1153 -29.8331 -48.7874 -0.9887 -41.9300 -0.9342 -48.7886 -29.8275 15.1052 -40.3587 -12.8749 -46.8353 -32.0687 21.8937 -42.8423 -19.8268 -37.8774 -34.1670 28.6677 -45.0502 -23.4940 -18.9316 -35.8796 33.8748 -46.7612 -25.6462 -3.1997 -37.0300 34.8139 -47.8782 -26.8404 3.5678 -37.6705 30.7075 -48.5316 -27.7030 7.1996 -38.0704 22.2128 -48.8722 -28.4502 9.8740 -38.3881 10.2198 -48.9517 -29.1829 12.2547 -38.9629 -1.0688 -48.7428 -29.9285 14.5355 -39.8037 -8.2310 -48.4853
-9.4207 -39.4443 13.5771 -29.6118 -48.8513 3.2389 -38.6386 11.2658 -28.8733 -48.9529 15.5411 -38.2609 8.8018 -28.1434 -48.7624 26.1336 -37.9257 6.0110 -27.4177 -48.3545 32.4741 -37.5293 2.2926 -26.6193 -47.7013 35.0147 -36.9021 -4.3932 -25.5070 -46.6745 33.7367 -35.8541 -18.8760 -23.5555 -45.1277 29.0046 -34.2871 -36.8227 -20.2110 -43.0598 22.5740 -32.3020 -46.2870 -14.0086 -40.6578 15.9296 -30.0985 -48.7730 4.0112 -39.0069 22.4515 -39.0076 4.0935 -48.7750 -30.0924 15.9179 -40.6534 -13.9859 -46.2974 -32.2954 22.5537 -43.0527 -20.1970 -36.8700 -34.2809 28.9833 -45.1209 -23.5462 -18.9316 -35.8504 33.7266 -46.6696 -25.5025 -4.4076 -36.9024 35.0186 -47.6969 -26.6142 2.2703 -37.5259 32.5072 -48.3505 -27.4118 5.9858 -37.9228 26.2036 -48.7600 -28.1388 8.7830 -38.2588 15.6435 -48.9524 -28.8672 11.2527 -38.6370 3.2857 -48.8526 -29.6086 13.5672 -39.4390 -9.4074
-39.5273 12.5931 -29.2935 -48.9374 8.3319 -38.4296 10.2344 -28.5593 -48.9015 20.5814 -38.1226 7.6607 -27.8335 -48.6128 29.3209 -37.7692 4.6660 -27.1177 -48.1403 33.8061 -37.3565 0.7109 -26.3620 -47.4819 35.0667 -36.7341 -6.1262 -25.2936 -46.5284 33.4485 -35.7692 -19.6908 -23.5017 -45.1277 29.1181 -34.3487 -36.1390 -20.4595 -43.2162 23.1044 -32.4892 -45.7446 -14.8982 -40.9237 16.6695 -30.3554 -48.6902 0.8728 -38.5851 12.2200 -33.6047 12.2082 -38.5838 0.9525 -48.6919 -30.3496 16.6524 -40.9171 -14.8744 -45.7621 -32.4828 23.0839 -43.2091 -20.4458 -36.1883 -34.3425 29.0968 -45.1209 -23.4940 -19.7235 -35.7669 33.4373 -46.5235 -25.2890 -6.1554 -36.7328 35.0658 -47.4771 -26.3563 0.6743 -37.3527 33.8278 -48.1359 -27.1118 4.6385 -37.7661 29.3746 -48.6098 -27.8290 7.6387 -38.1199 20.6726 -48.9000 -28.5534 10.2227 -38.4284 8.3842 -48.9378 -29.2905 12.5788 -39.5233
11.6336 -28.9724 -48.9585 13.7688 -38.3045 9.1649 -28.2460 -48.8037 24.8945 -37.9759 6.4434 -27.5255 -48.4303 31.7013 -37.6061 3.1687 -26.8138 -47.8988 34.6475 -37.1545 -1.2199 -26.0660 -47.2289 34.9064 -36.5318 -8.4307 -25.0143 -46.3296 33.0008 -35.6364 -21.1723 -23.3514 -45.0570 29.0046 -34.3487 -35.8843 -20.5897 -43.3147 23.4719 -32.6257 -45.2687 -15.5727 -41.1536 17.3255 -30.5875 -48.5922 -2.2563 -38.7613 10.9687 -29.9229 -44.9985 -29.9208 10.9527 -38.7554 -2.1915 -48.5946 -30.5822 17.3079 -41.1467 -15.5504 -45.2881 -32.6193 23.4513 -43.3076 -20.5762 -35.9343 -34.3425 28.9833 -45.0502 -23.3454 -21.2047 -35.6351 32.9881 -46.3246 -25.0099 -8.4657 -36.5281 34.9007 -47.2237 -26.0596 -1.2500 -37.1521 34.6590 -47.8941 -26.8080 3.1380 -37.6028 31.7401 -48.4265 -27.5200 6.4192 -37.9730 24.9700 -48.8015 -28.2414 9.1538 -38.3031 13.8214 -48.9585 -28.9704 11.6208
-27.8067 -48.9230 18.9904 -38.1692 8.0441 -27.9346 -48.6654 28.3638 -37.8216 5.1273 -27.2194 -48.2177 33.3652 -37.4290 1.4848 -26.5108 -47.6354 35.0317 -36.9293 -3.5216 -25.7280 -46.9479 34.5200 -36.3004 -11.2981 -24.6769 -46.0866 32.3879 -35.4578 -23.2453 -23.1152 -44.9269 28.6890 -34.2871 -36.1390 -20.5897 -43.3494 23.6653 -32.7091 -44.9229 -16.0346 -41.3337 17.8703 -30.7860 -48.4668 -4.6813 -39.0248 11.5661 -28.8612 -48.8160 -16.8481 -48.8160 -28.8564 11.5541 -39.0192 -4.6318 -48.4700 -30.7805 17.8519 -41.3268 -16.0134 -44.9435 -32.7027 23.6446 -43.3423 -20.5762 -36.1883 -34.2809 28.6677 -44.9200 -23.1092 -23.2771 -35.4554 32.3776 -46.0825 -24.6718 -11.3455 -36.2952 34.5095 -46.9419 -25.7212 -3.5568 -36.9266 35.0348 -47.6300 -26.5057 1.4500 -37.4253 33.3911 -48.2138 -27.2127 5.1007 -37.8185 28.4204 -48.6632 -27.9312 8.0327 -38.1679 19.0355 -48.9223 -27.8051
-48.7256 23.5931 -38.0268 6.8545 -27.6259 -48.4926 31.0153 -37.6623 3.6812 -26.9149 -47.9815 34.4135 -37.2293 -0.4418 -26.1962 -47.3545 35.0275 -36.6844 -6.2620 -25.3508 -46.6437 33.9227 -36.0421 -14.6915 -24.2853 -45.8091 31.6344 -35.2398 -25.7736 -22.7947 -44.7440 28.2076 -34.1732 -36.8227 -20.4595 -43.3147 23.6653 -32.7378 -44.7330 -16.3079 -41.4549 18.2691 -30.9401 -48.3350 -6.4622 -39.2606 12.2556 -28.9286 -48.8429 12.3155 -41.2649 12.3841 -48.8429 -28.9237 12.2495 -39.2572 -6.4223 -48.3392 -30.9343 18.2506 -41.4479 -16.2874 -44.7543 -32.7315 23.6446 -43.3076 -20.4458 -36.8700 -34.1670 28.1861 -44.7370 -22.7862 -25.8039 -35.2351 31.6219 -45.8046 -24.2777 -14.7672 -36.0366 33.9088 -46.6375 -25.3433 -6.3200 -36.6787 35.0252 -47.3487 -26.1906 -0.4821 -37.2264 34.4333 -47.9771 -26.9081 3.6516 -37.6577 31.0433 -48.4904 -27.6229 6.8425 -38.0234 23.6120 -48.7242
17.8565 -37.7008 5.5740 -27.3193 -48.2902 32.9015 -37.4907 2.0645 -26.6113 -47.7246 34.9493 -37.0076 -2.6797 -25.8544 -47.0583 34.7155 -36.4228 -9.4727 -24.9390 -46.3210 33.1488 -35.7602 -18.4764 -23.8421 -45.5045 30.7571 -34.9898 -28.5312 -22.3923 -44.5113 27.5640 -34.0104 -37.8330 -20.2110 -43.2162 23.4719 -32.7091 -44.7330 -16.4008 -41.5189 18.5172 -31.0464 -48.2198 -7.6823 -39.4534 12.8472 -29.1208 -48.9466 19.0775 -38.5636 19.6559 -38.5663 19.1492 -48.9459 -29.1157 12.8416 -39.4513 -7.6431 -48.2251 -31.0405 18.4986 -41.5120 -16.3804 -44.7543 -32.7027 23.4513 -43.2091 -20.1970 -37.8774 -34.0041 27.5429 -44.5045 -22.3837 -28.5793 -34.9842 30.7375 -45.4980 -23.8325 -18.5542 -35.7545 33.1323 -46.3147 -24.9307 -9.5395 -36.4166 34.7090 -47.0525 -25.8467 -2.7268 -37.0040 34.9578 -47.7193 -26.6053 2.0311 -37.4860 32.9182 -48.2879 -27.3162 5.5604 -37.6960 17.8882
-37.5584 4.1650 -27.0141 -48.0620 34.1368 -37.2988 0.2250 -26.3021 -47.4490 35.0669 -36.7678 -5.3015 -25.4815 -46.7493 34.1658 -36.1468 -13.1043 -24.4986 -45.9886 32.2417 -35.4631 -22.4103 -23.3508 -45.1755 29.7815 -34.7115 -31.3634 -21.9146 -44.2387 26.7818 -33.7991 -39.1037 -19.8411 -43.0598 23.1044 -32.6257 -44.9229 -16.3079 -41.5189 18.6032 -31.1031 -48.1389 -8.4551 -39.5958 13.3026 -29.2886 -48.9621 16.7122 -38.1700 9.2608 -32.8731 9.2536 -38.1701 16.7890 -48.9618 -29.2835 13.2970 -39.5922 -8.4152 -48.1447 -31.0972 18.5847 -41.5120 -16.2874 -44.9435 -32.6193 23.0839 -43.0527 -19.8268 -39.1403 -33.7945 26.7617 -44.2318 -21.9056 -31.4244 -34.7054 29.7608 -45.1693 -23.3417 -22.4855 -35.4574 32.2232 -45.9821 -24.4898 -13.1783 -36.1422 34.1496 -46.7432 -25.4731 -5.3567 -36.7627 35.0653 -47.4435 -26.2959 0.1866 -37.2939 34.1465 -48.0595 -27.0112 4.1435 -37.5546
2.1726 -26.7210 -47.8112 34.8270 -37.0840 -1.9021 -25.9700 -47.1575 34.8476 -36.5106 -8.3631 -25.0783 -46.4292 33.4308 -35.8607 -17.0322 -24.0303 -45.6487 31.2494 -35.1587 -26.2486 -22.8178 -44.8301 28.7336 -34.4132 -34.1052 -21.3663 -43.9330 25.9047 -33.5534 -40.4958 -19.3469 -42.8489 22.5740 -32.4892 -45.2687 -16.0346 -41.4549 18.5172 -31.1031 -48.1093 -8.8503 -39.6855 13.6117 -29.4119 -48.9547 13.9577 -38.2022 7.6057 -28.9587 -47.3091 -28.9574 7.5948 -38.2022 14.0364 -48.9556 -29.4069 13.6019 -39.6806 -8.8107 -48.1153 -31.0972 18.4986 -41.4479 -16.0134 -45.2881 -32.4828 22.5537 -42.8423 -19.3371 -40.5156 -33.5494 25.8850 -43.9263 -21.3539 -34.1594 -34.4070 28.7189 -44.8239 -22.8093 -26.3178 -35.1528 31.2294 -45.6420 -24.0203 -17.1102 -35.8557 33.4093 -46.4228 -25.0701 -8.4271 -36.5054 34.8403 -47.1516 -25.9632 -1.9468 -37.0786 34.8313 -47.8087 -26.7189 2.1507
-25.3889 -47.5379 35.0697 -36.8480 -4.3901 -25.6072 -46.8526 34.3664 -36.2405 -11.8629 -24.6474 -46.0997 32.5554 -35.5671 -21.0556 -23.5327 -45.3027 30.2076 -34.8494 -29.7789 -22.2509 -44.4765 27.6455 -34.1039 -36.6237 -20.7502 -43.6016 24.9505 -33.2816 -41.8796 -18.7442 -42.5925 21.9073 -32.3021 -45.7442 -15.5730 -41.3339 18.2696 -31.0476 -48.1388 -8.8508 -39.7171 13.7773 -29.4866 -48.9418 11.8474 -38.2612 7.9847 -27.8524 -48.5085 -12.8843 -48.5068 -27.8481 7.9773 -38.2630 11.9307 -48.9431 -29.4824 13.7636 -39.7121 -8.8107 -48.1447 -31.0405 18.2506 -41.3268 -15.5504 -45.7621 -32.2954 21.8937 -42.5883 -18.7359 -41.8894 -33.2762 24.9306 -43.5947 -20.7364 -36.6718 -34.0946 27.6289 -44.4692 -22.2405 -29.8465 -34.8413 30.1800 -45.2956 -23.5219 -21.1352 -35.5599 32.5352 -46.0930 -24.6385 -11.9391 -36.2326 34.3546 -46.8463 -25.5997 -4.4419 -36.8434 35.0698 -47.5367 -25.3871
-47.1892 34.9467 -36.5999 -7.2934 -25.2200 -46.5383 33.6896 -35.9632 -15.6929 -24.1940 -45.7648 31.5925 -35.2709 -24.9514 -23.0107 -44.9540 29.1315 -34.5408 -32.9185 -21.6540 -44.1193 26.5545 -33.7902 -38.8621 -20.0755 -43.2577 23.9570 -32.9942 -43.1800 -18.0366 -42.3051 21.1499 -32.0824 -46.2789 -14.9064 -41.1573 17.8764 -30.9480 -48.2167 -8.4781 -39.6881 13.7835 -29.5183 -48.9174 10.5509 -38.3036 8.4170 -27.8357 -48.4570 27.2645 -40.5657 27.3032 -48.4396 -27.8280 8.3847 -38.3017 10.6705 -48.9507 -29.5162 13.7634 -39.6806 -8.4152 -48.2251 -30.9343 17.8519 -41.1467 -14.8744 -46.2974 -32.0687 21.1336 -42.2994 -18.0178 -43.2041 -32.9811 23.9266 -43.2490 -20.0514 -38.9299 -33.7718 26.5239 -44.1086 -21.6344 -32.9966 -34.5251 29.0962 -44.9439 -22.9933 -25.0483 -35.2565 31.5657 -45.7551 -24.1784 -15.7949 -35.9493 33.6696 -46.5294 -25.2062 -7.3633 -36.5910 34.9427 -47.1864
32.8187 -36.3004 -10.3844 -24.8589 -46.2294 32.9360 -35.7392 -19.4096 -23.7660 -45.4412 30.6477 -35.0359 -28.3261 -22.5131 -44.6212 28.1154 -34.2984 -35.5034 -21.0745 -43.7812 25.5456 -33.5423 -40.6755 -19.3971 -42.9268 23.0139 -32.7625 -44.2723 -17.2830 -42.0174 20.3955 -31.9054 -46.7646 -14.1331 -40.9577 17.4124 -30.8706 -48.3107 -7.8969 -39.6302 13.7027 -29.5737 -48.8628 8.5462 -38.2668 8.5484 -28.1874 -48.5360 31.3754 -38.0721 16.5955 -37.8479 30.5956 -48.5709 -27.8754 8.9353 -38.4005 11.8953 -48.9752 -29.4901 13.6018 -39.5922 -7.6431 -48.3392 -30.7805 17.3079 -40.9171 -13.9859 -46.8353 -31.8124 20.2944 -41.9816 -17.1804 -44.3954 -32.6711 22.9024 -42.8892 -19.2960 -40.8847 -33.4453 25.4261 -43.7454 -20.9890 -35.7794 -34.2060 27.9949 -44.5878 -22.4332 -28.6979 -34.9452 30.5313 -45.4105 -23.6897 -19.8134 -35.6563 32.8351 -46.2026 -24.7841 -10.7359 -36.2245 32.8046
-36.2215 -10.5191 -25.0445 -46.1131 32.9005 -35.9714 -19.8631 -23.8858 -45.3376 30.5636 -35.3233 -28.7237 -22.5951 -44.5334 28.0142 -34.6232 -35.7960 -21.1175 -43.7061 25.4385 -33.8888 -40.8791 -19.4002 -42.8651 22.9201 -33.1268 -44.3622 -17.2909 -41.9910 20.4034 -32.3154 -46.7096 -14.3309 -41.0144 17.6467 -31.3693 -48.1985 -8.9421 -39.8290 14.3332 -30.2103 -48.8000 4.9959 -38.5383 9.8799 -28.6397 -48.4478 30.0351 -38.0486 6.7182 -32.2753 5.0927 -37.5390 31.5651 -48.5627 -28.1867 8.8305 -38.3965 11.9954 -48.9559 -29.4067 13.2970 -39.4513 -6.4223 -48.4700 -30.5822 16.6524 -40.6534 -12.8749 -47.3393 -31.5311 19.3991 -41.6428 -16.2141 -45.4251 -32.3500 21.8674 -42.5218 -18.4755 -42.5380 -33.1176 24.3407 -43.3803 -20.2997 -38.1909 -33.8825 26.8891 -44.2280 -21.8387 -31.9935 -34.6297 29.4563 -45.0604 -23.1709 -23.8057 -35.3553 31.8934 -45.8673 -24.3331 -14.5370 -35.6296
