-29.7964 -48.3113 -10.5478 -39.7328 12.2670 -28.0017 -48.7820 15.1175 -37.6736 3.1384 -25.5735 -47.3452 32.7267 -35.8087 -17.8287 -22.7832 -45.0666 28.3872 -33.3890 -40.7218 -18.8670 -42.5604 20.6861 -30.8518 -47.9930 -12.0521 -40.0695 13.3152 -28.3563 -48.8392 9.8486 -37.8899 4.7952 -25.9281 -47.6326 32.2221 -36.1312 -13.5116 -23.2534 -45.4271 29.4598 -33.7602 -38.5340 -19.5514 -42.9344 21.8116 -31.2285 -47.4928 -13.7853 -41.2581 29.0351 -41.2543 -13.7642 -47.5026 -31.2219 21.7915 -42.9277 -19.5396 -38.5764 -33.7548 29.4421 -45.4210 -23.2473 -13.5508 -36.1297 32.2325 -47.6294 -25.9231 4.7838 -37.8896 9.9122 -48.8395 -28.3512 13.3078 -40.0671 -12.0352 -47.9977 -30.8464 20.6786 -42.5579 -18.8590 -40.7458 -33.3839 28.3704 -45.0611 -22.7753 -17.9026 -35.8031 32.7312 -47.3402 -25.5676 3.1087 -37.6708 15.1603 -48.7797 -27.9997 12.2537 -39.7288 -10.5219 -48.3160 -29.7910
-48.3113 -8.6189 -39.5784 13.0667 -29.1289 -48.9548 21.1144 -37.7781 4.9722 -26.8899 -47.6924 35.0518 -36.3770 -12.3242 -24.1319 -45.3726 29.3365 -34.2213 -37.6998 -19.7253 -42.7241 21.4027 -31.8483 -47.2785 -11.5755 -40.0352 14.1868 -29.4897 -48.9515 15.7097 -37.9192 6.3915 -27.2173 -47.9723 34.9563 -36.6438 -8.5279 -24.6305 -45.7469 30.5048 -34.5606 -34.9894 -20.5113 -43.1234 22.5320 -32.2021 -46.5719 -13.3278 -40.5218 17.6451 -35.0424 17.6318 -40.5156 -13.2998 -46.5860 -32.1958 22.5116 -43.1163 -20.5010 -35.0267 -34.5572 30.4867 -45.7410 -24.6263 -8.5464 -36.6440 34.9612 -47.9688 -27.2134 6.3854 -37.9216 15.7884 -48.9524 -29.4855 14.1821 -40.0335 -11.5503 -47.2868 -31.8437 21.3920 -42.7203 -19.7130 -37.7384 -34.2158 29.3162 -45.3661 -24.1228 -12.3961 -36.3721 35.0497 -47.6873 -26.8842 4.9474 -37.7737 21.1430 -48.9534 -29.1258 13.0529 -39.5751 -8.5790 -48.3160
-10.5478 -39.5784 13.4346 -29.3231 -48.9709 16.7967 -38.1000 6.2631 -27.1780 -47.9530 34.9847 -36.7379 -8.7500 -24.5949 -45.7216 30.4268 -34.5978 -35.1912 -20.4576 -43.0954 22.4518 -32.2047 -46.6309 -13.1787 -40.4026 15.1617 -29.8166 -48.8903 10.2760 -38.2567 7.6248 -27.5154 -48.2108 34.4425 -36.9985 -5.4128 -25.0620 -46.0868 31.5468 -34.9390 -32.0713 -21.1902 -43.4936 23.6008 -32.5624 -45.7477 -14.6642 -40.8061 16.4397 -31.7584 -34.8252 -31.7554 16.4224 -40.7993 -14.6404 -45.7653 -32.5561 23.5801 -43.4865 -21.1811 -32.1116 -34.9347 31.5347 -46.0828 -25.0578 -5.4404 -36.9973 34.4504 -48.2084 -27.5124 7.6139 -38.2576 10.3321 -48.8912 -29.8132 15.1528 -40.3992 -13.1636 -46.6382 -32.2014 22.4356 -43.0897 -20.4455 -35.2388 -34.5920 30.4067 -45.7151 -24.5863 -8.8145 -36.7331 34.9897 -47.9482 -27.1723 6.2415 -38.0942 16.8481 -48.9710 -29.3191 13.4212 -39.5751 -10.5219
-39.7328 13.0667 -29.3231 -48.9686 13.8981 -38.1952 7.2671 -27.4458 -48.1788 34.5277 -36.9745 -5.6656 -25.0269 -46.0602 31.4668 -34.9128 -32.3200 -21.1367 -43.4619 23.5085 -32.5334 -45.8262 -14.5523 -40.7676 16.1258 -30.1375 -48.7841 4.9969 -38.3859 8.7688 -27.8233 -48.4229 33.4151 -37.2215 -2.7706 -25.4669 -46.4173 32.5193 -35.2506 -28.7654 -21.8264 -43.8585 24.6763 -32.8911 -44.7410 -15.8532 -41.1660 17.1960 -30.6953 -48.1192 -21.7425 -48.1234 -30.6919 17.1835 -41.1592 -15.8323 -44.7622 -32.8847 24.6553 -43.8514 -21.8148 -28.8304 -35.2442 32.5071 -46.4131 -25.4617 -2.7976 -37.2191 33.4284 -48.4209 -27.8203 8.7579 -38.3846 5.0459 -48.7845 -30.1344 16.1164 -40.7641 -14.5398 -45.8349 -32.5305 23.4974 -43.4581 -21.1266 -32.3699 -34.9087 31.4487 -46.0541 -25.0193 -5.7206 -36.9700 34.5410 -48.1745 -27.4405 7.2488 -38.1936 13.9720 -48.9696 -29.3191 13.0529 -39.7288
12.2670 -29.1289 -48.9709 13.8981 -38.2280 7.8298 -27.6384 -48.3481 33.7470 -37.1772 -3.1395 -25.4181 -46.3842 32.4337 -35.2213 -29.0655 -21.7731 -43.8267 24.5818 -32.8624 -44.8370 -15.7549 -41.1336 17.0928 -30.4602 -48.6667 0.3567 -38.5544 9.8546 -28.1331 -48.6068 31.7764 -37.4227 -0.5160 -25.8421 -46.7396 33.3994 -35.5544 -25.1221 -22.4219 -44.2209 25.7660 -33.2196 -43.5201 -16.9124 -41.5326 18.1543 -30.8330 -48.4420 -9.8768 -43.1343 -9.8572 -48.4458 -30.8281 18.1432 -41.5265 -16.8938 -43.5451 -33.2132 25.7448 -44.2139 -22.4107 -25.1957 -35.5478 33.3841 -46.7337 -25.8362 -0.5428 -37.4198 31.7977 -48.6048 -28.1298 9.8438 -38.5508 0.3983 -48.6678 -30.4570 17.0834 -41.1300 -15.7439 -44.8476 -32.8592 24.5713 -43.8231 -21.7667 -29.1029 -35.2178 32.4186 -46.3790 -25.4113 -3.1855 -37.1734 33.7688 -48.3441 -27.6330 7.8175 -38.2301 13.9720 -48.9710 -29.1258 12.2537
-28.0017 -48.9548 16.7967 -38.1952 7.8298 -27.7097 -48.4385 32.9577 -37.3266 -1.2567 -25.7477 -46.6803 33.2751 -35.5138 -25.5281 -22.3652 -44.1891 25.6703 -33.1909 -43.6360 -16.8243 -41.5004 18.0674 -30.7843 -48.5100 -3.4543 -38.8387 10.8979 -28.4457 -48.7580 29.4202 -37.6024 1.4312 -26.1862 -47.0492 34.1409 -35.8494 -21.2129 -22.9828 -44.5806 26.8668 -33.5469 -42.0546 -17.8673 -41.9000 19.1400 -31.1424 -48.2317 -7.3239 -40.0598 25.7832 -40.0545 -7.2911 -48.2372 -31.1366 19.1290 -41.8961 -17.8507 -42.0843 -33.5407 26.8455 -44.5737 -22.9722 -21.2903 -35.8438 34.1281 -47.0434 -26.1800 1.3974 -37.5978 29.4545 -48.7561 -28.4411 10.8865 -38.8347 -3.4197 -48.5121 -30.7811 18.0578 -41.4968 -16.8145 -43.6489 -33.1877 25.6597 -44.1833 -22.3599 -25.5654 -35.5108 33.2636 -46.6758 -25.7415 -1.2946 -37.3238 32.9864 -48.4347 -27.7039 7.8175 -38.1936 16.8481 -48.9534 -27.9997
-48.7820 21.1144 -38.1000 7.2671 -27.6384 -48.4385 32.6161 -37.4067 -0.0845 -25.9878 -46.9236 33.9284 -35.7777 -21.9212 -22.9049 -44.5394 26.7525 -33.5168 -42.1936 -17.7876 -41.8680 19.0530 -31.1101 -48.2656 -6.5091 -39.1968 11.9102 -28.7602 -48.8712 26.2411 -37.7661 3.1225 -26.5019 -47.3457 34.7006 -36.1359 -17.1881 -23.5119 -44.9368 27.9724 -33.8728 -40.3113 -18.7376 -42.2679 20.1400 -31.4667 -47.8814 -9.2149 -39.6741 15.2662 -34.4268 15.2520 -39.6694 -9.1782 -47.8889 -31.4620 20.1296 -42.2640 -18.7229 -40.3454 -33.8668 27.9514 -44.9301 -23.5020 -17.2657 -36.1305 34.6919 -47.3401 -26.4959 3.0916 -37.7615 26.3078 -48.8695 -28.7542 11.8974 -39.1922 -6.4790 -48.2688 -31.1066 19.0429 -41.8643 -17.7786 -42.2094 -33.5125 26.7449 -44.5349 -22.8986 -21.9574 -35.7770 33.9194 -46.9190 -25.9833 -0.1166 -37.4038 32.6477 -48.4347 -27.6330 7.2488 -38.0942 21.1430 -48.7797
15.1175 -37.7781 6.2631 -27.4458 -48.3481 32.9577 -37.4067 0.3140 -26.1146 -47.0839 34.3524 -35.9923 -18.6440 -23.3724 -44.8651 27.7932 -33.8307 -40.5135 -18.6558 -42.2349 20.0518 -31.4384 -47.9199 -8.9701 -39.5584 12.9043 -29.0754 -48.9402 22.2247 -37.9212 4.6247 -26.8050 -47.6273 35.0219 -36.4113 -13.2524 -24.0108 -45.2887 29.0737 -34.1963 -38.2558 -19.5377 -42.6359 21.1563 -31.7948 -47.4093 -11.1569 -39.9591 14.1849 -30.9697 -40.4475 -30.9655 14.1670 -39.9547 -11.1256 -47.4188 -31.7898 21.1455 -42.6319 -19.5257 -38.2920 -34.1920 29.0541 -45.2824 -24.0017 -13.3251 -36.4062 35.0184 -47.6220 -26.7991 4.5970 -37.9182 22.3106 -48.9393 -29.0693 12.8860 -39.5516 -8.9417 -47.9250 -31.4334 20.0416 -42.2296 -18.6480 -40.5328 -33.8242 27.7841 -44.8626 -23.3677 -18.6648 -35.9907 34.3445 -47.0794 -26.1107 0.2840 -37.4038 32.9864 -48.3441 -27.4405 6.2415 -37.7737 15.1603
-37.6736 4.9722 -27.1780 -48.1788 33.7470 -37.3266 -0.0845 -26.1146 -47.1396 34.5484 -36.1318 -16.1628 -23.7380 -45.1462 28.7341 -34.1191 -38.6447 -19.4289 -42.5924 21.0495 -31.7643 -47.4590 -10.9943 -39.9199 13.8787 -29.3923 -48.9583 17.4193 -38.0708 5.9833 -27.1088 -47.8913 35.0365 -36.6737 -9.6064 -24.4810 -45.6353 30.1583 -34.5169 -35.8548 -20.2790 -43.0033 22.1899 -32.1247 -46.8013 -12.8152 -40.3158 14.9547 -29.9367 -48.6563 -19.9081 -48.6581 -29.9318 14.9371 -40.3113 -12.7862 -46.8137 -32.1183 22.1787 -42.9995 -20.2715 -35.8816 -34.5142 30.1411 -45.6297 -24.4734 -9.6686 -36.6692 35.0395 -47.8865 -27.1030 5.9582 -38.0681 17.5187 -48.9585 -29.3861 13.8599 -39.9128 -10.9600 -47.4658 -31.7583 21.0426 -42.5889 -19.4181 -38.6815 -34.1125 28.7250 -45.1437 -23.7328 -16.2032 -36.1281 34.5429 -47.1352 -26.1107 -0.1166 -37.3238 33.7688 -48.1745 -27.1723 4.9474 -37.6708
3.1384 -26.8899 -47.9530 34.5277 -37.1772 -1.2567 -25.9878 -47.0839 34.5484 -36.1802 -14.8275 -23.9721 -45.3554 29.4954 -34.3662 -36.7161 -20.0937 -42.9308 22.0261 -32.0790 -46.8778 -12.6633 -40.2802 14.8444 -29.7110 -48.9180 12.0774 -38.2122 7.2326 -27.4143 -48.1353 34.6650 -36.9208 -6.3782 -24.9224 -45.9756 31.2093 -34.8336 -33.0810 -20.9697 -43.3699 23.2419 -32.4537 -46.0375 -14.2363 -40.6792 15.8994 -30.0796 -48.7476 -3.5888 -42.2037 -3.5577 -48.7482 -30.0761 15.8840 -40.6751 -14.2127 -46.0533 -32.4474 23.2300 -43.3660 -20.9631 -33.1099 -34.8312 31.1986 -45.9720 -24.9166 -6.4272 -36.9176 34.6760 -48.1311 -27.4087 7.2097 -38.2097 12.1828 -48.9194 -29.7048 14.8257 -40.2731 -12.6342 -46.8863 -32.0739 22.0134 -42.9263 -20.0812 -36.7638 -34.3600 29.4810 -45.3509 -23.9642 -14.8915 -36.1764 34.5429 -47.0794 -25.9833 -1.2946 -37.1734 34.5410 -47.9482 -26.8842 3.1087
-25.5735 -47.6924 34.9847 -36.9745 -3.1395 -25.7477 -46.9236 34.3524 -36.1318 -14.8275 -24.0534 -45.4666 29.9930 -34.5482 -34.9724 -20.6287 -43.2323 22.9363 -32.3747 -46.1893 -14.0428 -40.6360 15.7949 -30.0286 -48.8148 6.6882 -38.3445 8.3985 -27.7215 -48.3558 33.8170 -37.1499 -3.5987 -25.3355 -46.3083 32.2045 -35.1455 -29.9222 -21.6169 -43.7351 24.3127 -32.7827 -45.0955 -15.4765 -41.0449 16.8584 -30.3861 -48.6900 0.4673 -39.2250 23.2249 -39.2219 0.4932 -48.6911 -30.3815 16.8486 -41.0408 -15.4576 -45.1147 -32.7775 24.2989 -43.7312 -21.6101 -29.9548 -35.1425 32.1952 -46.3051 -25.3314 -3.6254 -37.1488 33.8357 -48.3525 -27.7170 8.3782 -38.3425 6.7882 -48.8164 -30.0224 15.7763 -40.6290 -14.0185 -46.2000 -32.3694 22.9170 -43.2252 -20.6153 -35.0249 -34.5421 29.9729 -45.4599 -24.0445 -14.8915 -36.1281 34.3445 -46.9190 -25.7415 -3.1855 -36.9700 34.9897 -47.6873 -25.5676
-47.3452 35.0518 -36.7379 -5.6656 -25.4181 -46.6803 33.9284 -35.9923 -16.1628 -23.9721 -45.4666 30.1663 -34.6438 -33.7544 -21.0025 -43.4707 23.7183 -32.6366 -45.4275 -15.1780 -40.9751 16.7117 -30.3398 -48.7029 1.8447 -38.4731 9.5013 -28.0304 -48.5493 32.3929 -37.3581 -1.2274 -25.7194 -46.6321 33.1156 -35.4513 -26.3941 -22.2244 -44.0985 25.4038 -33.1116 -43.9486 -16.5755 -41.4115 17.8308 -30.7086 -48.5537 -2.7070 -38.8390 13.0003 -33.8107 12.9898 -38.8345 -2.6633 -48.5560 -30.7025 17.8204 -41.4077 -16.5643 -43.9712 -33.1062 25.3839 -44.0945 -22.2180 -26.4309 -35.4484 33.1073 -46.6290 -25.7159 -1.2487 -37.3574 32.4112 -48.5473 -28.0272 9.4819 -38.4691 1.9308 -48.7046 -30.3335 16.6930 -40.9680 -15.1563 -45.4409 -32.6303 23.6975 -43.4637 -20.9896 -33.8100 -34.6376 30.1456 -45.4599 -23.9642 -16.2032 -35.9907 33.9194 -46.6758 -25.4113 -5.7206 -36.7331 35.0497 -47.3402
32.7267 -36.3770 -8.7500 -25.0269 -46.3842 33.2751 -35.7777 -18.6440 -23.7380 -45.3554 29.9930 -34.6438 -33.3235 -21.1939 -43.6236 24.2926 -32.8440 -44.6712 -16.0774 -41.2808 17.5681 -30.6338 -48.5851 -2.1029 -38.7099 10.5428 -28.3384 -48.7120 30.2888 -37.5427 0.8057 -26.0734 -46.9455 33.9069 -35.7499 -22.5604 -22.7967 -44.4598 26.5016 -33.4390 -42.5674 -17.5625 -41.7789 18.8137 -31.0338 -48.3313 -5.8626 -39.1223 11.9033 -30.2044 -44.0492 -30.2023 11.8845 -39.1156 -5.8110 -48.3363 -31.0277 18.8027 -41.7751 -17.5523 -42.5921 -33.4341 26.4819 -44.4553 -22.7905 -22.6016 -35.7470 33.8999 -46.9425 -26.0700 0.7873 -37.5410 30.3129 -48.7099 -28.3352 10.5255 -38.7041 -2.0326 -48.5882 -30.6275 17.5492 -41.2737 -16.0569 -44.6930 -32.8376 24.2718 -43.6167 -21.1814 -33.3800 -34.6376 29.9729 -45.3509 -23.7328 -18.6648 -35.7770 33.2636 -46.3790 -25.0193 -8.8145 -36.3721 32.7312
-35.8087 -12.3242 -24.5949 -46.0602 32.4337 -35.5138 -21.9212 -23.3724 -45.1462 29.4954 -34.5482 -33.7544 -21.1939 -43.6766 24.5955 -32.9765 -44.0571 -16.7295 -41.5371 18.3172 -30.8992 -48.4105 -5.1328 -39.0421 11.5136 -28.6406 -48.8363 27.4407 -37.7092 2.5719 -26.3967 -47.2466 34.5342 -36.0398 -18.5533 -23.3365 -44.8193 27.6066 -33.7654 -40.9195 -18.4595 -42.1468 19.8107 -31.3603 -48.0112 -8.4362 -39.4727 12.6941 -29.1882 -48.8119 -17.7901 -48.8115 -29.1856 12.6773 -39.4683 -8.3974 -48.0181 -31.3552 19.7979 -42.1428 -18.4498 -40.9387 -33.7607 27.5867 -44.8129 -23.3305 -18.5958 -36.0369 34.5290 -47.2437 -26.3937 2.5558 -37.7074 27.4730 -48.8351 -28.6373 11.4984 -39.0362 -5.0749 -48.4151 -30.8929 18.2982 -41.5300 -16.7104 -44.0806 -32.9705 24.5750 -43.6697 -21.1814 -33.8100 -34.5421 29.4810 -45.1437 -23.3677 -21.9574 -35.5108 32.4186 -46.0541 -24.5863 -12.3961 -35.8031
-17.8287 -24.1319 -45.7216 31.4668 -35.2213 -25.5281 -22.9049 -44.8651 28.7341 -34.3662 -34.9724 -21.0025 -43.6236 24.5955 -33.0216 -43.7129 -17.1237 -41.7220 18.9030 -31.1204 -48.2019 -7.3744 -39.3483 12.4033 -28.9292 -48.9183 23.8799 -37.8644 4.1140 -26.7004 -47.5335 34.9436 -36.3195 -14.5609 -23.8460 -45.1728 28.7113 -34.0898 -38.9705 -19.2813 -42.5148 20.8271 -31.6880 -47.5790 -10.5415 -39.8323 13.6512 -29.3347 -48.8571 6.6515 -41.4629 6.6771 -48.8559 -29.3324 13.6372 -39.8286 -10.5209 -47.5878 -31.6828 20.8085 -42.5107 -19.2730 -38.9933 -34.0855 28.6909 -45.1665 -23.8398 -14.6044 -36.3164 34.9407 -47.5307 -26.6975 4.0933 -37.8628 23.9247 -48.9182 -28.9259 12.3864 -39.3416 -7.3255 -48.2079 -31.1156 18.8906 -41.7158 -17.1075 -43.7349 -33.0160 24.5750 -43.6167 -20.9896 -35.0249 -34.3600 28.7250 -44.8626 -22.8986 -25.5654 -35.2178 31.4487 -45.7151 -24.1228 -17.9026
-22.7832 -45.3726 30.4268 -34.9128 -29.0655 -22.3652 -44.5394 27.7932 -34.1191 -36.7161 -20.6287 -43.4707 24.2926 -32.9765 -43.7129 -17.2560 -41.8181 19.2779 -31.2776 -48.0012 -8.9607 -39.6157 13.1840 -29.1947 -48.9575 19.7902 -38.0074 5.4571 -26.9948 -47.8003 35.0704 -36.5864 -10.7916 -24.3269 -45.5213 29.8031 -34.4115 -36.6870 -20.0411 -42.8830 21.8549 -32.0161 -47.0177 -12.2963 -40.1948 14.6119 -29.6378 -48.9232 12.2370 -38.7304 20.7799 -38.7267 12.2749 -48.9227 -29.6334 14.6016 -40.1910 -12.2791 -47.0280 -32.0111 21.8359 -42.8783 -20.0331 -36.7130 -34.4087 29.7832 -45.5150 -24.3199 -10.8377 -36.5829 35.0714 -47.7969 -26.9917 5.4430 -38.0059 19.8452 -48.9574 -29.1899 13.1662 -39.6089 -8.9321 -48.0060 -31.2752 19.2686 -41.8129 -17.2414 -43.7349 -32.9705 24.2718 -43.4637 -20.6153 -36.7638 -34.1125 27.7841 -44.5349 -22.3599 -29.1029 -34.9087 30.4067 -45.3661 -22.7753
-45.0666 29.3365 -34.5978 -32.3200 -21.7731 -44.1891 26.7525 -33.8307 -38.6447 -20.0937 -43.2323 23.7183 -32.8440 -44.0571 -17.1237 -41.8181 19.4097 -31.3599 -47.8551 -9.9647 -39.8220 13.8245 -29.4243 -48.9575 15.5427 -38.1344 6.6277 -27.2779 -48.0402 34.8537 -36.8332 -7.4470 -24.7768 -45.8640 30.8673 -34.7296 -34.0389 -20.7475 -43.2499 22.9007 -32.3450 -46.3080 -13.7895 -40.5588 15.5752 -29.9566 -48.8405 7.8141 -38.3763 10.6645 -33.2038 10.6484 -38.3698 7.8815 -48.8419 -29.9505 15.5644 -40.5550 -13.7750 -46.3209 -32.3400 22.8810 -43.2452 -20.7401 -34.0666 -34.7268 30.8482 -45.8575 -24.7688 -7.4877 -36.8309 34.8612 -48.0363 -27.2733 6.6118 -38.1331 15.6104 -48.9580 -29.4183 13.8069 -39.8160 -9.9518 -47.8575 -31.3567 19.3967 -41.8129 -17.1075 -44.0806 -32.8376 23.6975 -43.2252 -20.0812 -38.6815 -33.8242 26.7449 -44.1833 -21.7667 -32.3699 -34.5920 29.3162 -45.0611
28.3872 -34.2213 -35.1912 -21.1367 -43.8267 25.6703 -33.5168 -40.5135 -19.4289 -42.9308 22.9363 -32.6366 -44.6712 -16.7295 -41.7220 19.2779 -31.3599 -47.8016 -10.4553 -39.9518 14.2745 -29.6021 -48.9307 11.6616 -38.2415 7.6233 -27.5404 -48.2480 34.2641 -37.0565 -4.6201 -25.1895 -46.1939 31.8762 -35.0431 -31.0073 -21.4074 -43.6149 23.9642 -32.6740 -45.4278 -15.0844 -40.9239 16.5392 -30.2782 -48.7304 2.8575 -38.4466 9.4969 -29.4453 -46.3725 -29.4433 9.4766 -38.4422 2.9450 -48.7331 -30.2720 16.5288 -40.9203 -15.0718 -45.4452 -32.6677 23.9442 -43.6109 -21.4010 -31.0386 -35.0388 31.8577 -46.1877 -25.1819 -4.6549 -37.0539 34.2805 -48.2439 -27.5366 7.6037 -38.2399 11.7660 -48.9320 -29.5962 14.2586 -39.9466 -10.4365 -47.8040 -31.3567 19.2686 -41.7158 -16.7104 -44.6930 -32.6303 22.9170 -42.9263 -19.4181 -40.5328 -33.5125 25.6597 -43.8231 -21.1266 -35.2388 -34.2158 28.3704
-33.3890 -37.6998 -20.4576 -43.4619 24.5818 -33.1909 -42.1936 -18.6558 -42.5924 22.0261 -32.3747 -45.4275 -16.0774 -41.5371 18.9030 -31.2776 -47.8551 -10.4553 -39.9973 14.5022 -29.7136 -48.8952 8.6673 -38.3257 8.4355 -27.7722 -48.4186 33.3272 -37.2512 -2.2905 -25.5600 -46.5075 32.7930 -35.3459 -27.6259 -22.0265 -43.9786 25.0381 -33.0028 -44.3516 -16.2263 -41.2902 17.5087 -30.6003 -48.6083 -1.4107 -38.6579 10.3431 -28.4505 -48.7240 -15.1611 -48.7222 -28.4467 10.3233 -38.6536 -1.3365 -48.6112 -30.5953 17.4985 -41.2866 -16.2091 -44.3734 -32.9965 25.0240 -43.9748 -22.0195 -27.6702 -35.3401 32.7761 -46.5015 -25.5540 -2.3300 -37.2479 33.3438 -48.4162 -27.7708 8.4171 -38.3256 8.7613 -48.8971 -29.7089 14.4922 -39.9920 -10.4365 -47.8575 -31.2752 18.8906 -41.5300 -16.0569 -45.4409 -32.3694 22.0134 -42.5889 -18.6480 -42.2094 -33.1877 24.5713 -43.4581 -20.4455 -37.7384 -33.3839
-40.7218 -19.7253 -43.0954 23.5085 -32.8624 -43.6360 -17.7876 -42.2349 21.0495 -32.0790 -46.1893 -15.1780 -41.2808 18.3172 -31.1204 -48.0012 -9.9647 -39.9518 14.5022 -29.7510 -48.8710 6.8293 -38.3831 9.0411 -27.9642 -48.5499 32.1328 -37.4127 -0.4328 -25.8826 -46.7969 33.5798 -35.6317 -24.0031 -22.5994 -44.3366 26.1221 -33.3299 -43.0512 -17.2474 -41.6573 18.4869 -30.9247 -48.4151 -4.8706 -38.9943 11.3492 -28.5994 -48.7607 19.1641 -40.9663 19.1874 -48.7581 -28.5958 11.3323 -38.9878 -4.8111 -48.4196 -30.9200 18.4771 -41.6537 -17.2302 -43.0778 -33.3246 26.1146 -44.3326 -22.5894 -24.0773 -35.6263 33.5661 -46.7913 -25.8781 -0.4625 -37.4091 32.1420 -48.5491 -27.9615 9.0214 -38.3831 6.9211 -48.8732 -29.7473 14.4922 -39.9466 -9.9518 -48.0060 -31.1156 18.2982 -41.2737 -15.1563 -46.2000 -32.0739 21.0426 -42.2296 -17.7786 -43.6489 -32.8592 23.4974 -43.0897 -19.7130 -40.7458
-18.8670 -42.7241 22.4518 -32.5334 -44.8370 -16.8243 -41.8680 20.0518 -31.7643 -46.8778 -14.0428 -40.9751 17.5681 -30.8992 -48.2019 -8.9607 -39.8220 14.2745 -29.7136 -48.8710 6.2244 -38.4108 9.4107 -28.1012 -48.6417 30.8713 -37.5367 1.0113 -26.1518 -47.0520 34.2026 -35.8955 -20.3513 -23.1208 -44.6836 27.2023 -33.6521 -41.5098 -18.1711 -42.0250 19.4775 -31.2506 -48.1307 -7.6428 -39.3525 12.3414 -28.8984 -48.9017 23.7866 -38.3971 18.4390 -38.3955 23.8112 -48.9002 -28.8944 12.3256 -39.3459 -7.5946 -48.1351 -31.2460 19.4678 -42.0212 -18.1549 -41.5328 -33.6465 27.1883 -44.6774 -23.1111 -20.4033 -35.8916 34.1916 -47.0487 -26.1489 0.9866 -37.5338 30.8829 -48.6396 -28.0964 9.3909 -38.4094 6.3246 -48.8732 -29.7089 14.2586 -39.8160 -8.9321 -48.2079 -30.8929 17.5492 -40.9680 -14.0185 -46.8863 -31.7583 20.0416 -41.8643 -16.8145 -44.8476 -32.5305 22.4356 -42.7203 -18.8590
-42.5604 21.4027 -32.2047 -45.8262 -15.7549 -41.5004 19.0530 -31.4384 -47.4590 -12.6633 -40.6360 16.7117 -30.6338 -48.4105 -7.3744 -39.6157 13.8245 -29.6021 -48.8952 6.8293 -38.4108 9.5341 -28.1705 -48.6948 29.8038 -37.6237 2.0847 -26.3647 -47.2676 34.6403 -36.1298 -16.8849 -23.5872 -45.0110 28.2498 -33.9633 -39.7254 -19.0022 -42.3916 20.4825 -31.5765 -47.7388 -9.8888 -39.7127 13.3223 -29.2116 -48.9533 20.1358 -38.0457 8.1345 -32.6067 8.1207 -38.0436 20.1828 -48.9536 -29.2076 13.3048 -39.7060 -9.8507 -47.7438 -31.5733 20.4659 -42.3852 -18.9875 -39.7523 -33.9567 28.2284 -45.0043 -23.5807 -16.9269 -36.1264 34.6344 -47.2659 -26.3632 2.0619 -37.6222 29.8316 -48.6919 -28.1660 9.5138 -38.4094 6.9211 -48.8971 -29.5962 13.8069 -39.6089 -7.3255 -48.4151 -30.6275 16.6930 -40.6290 -12.6342 -47.4658 -31.4334 19.0429 -41.4968 -15.7439 -45.8349 -32.2014 21.3920 -42.5579
20.6861 -31.8483 -46.6309 -14.5523 -41.1336 18.0674 -31.1101 -47.9199 -10.9943 -40.2802 15.7949 -30.3398 -48.5851 -5.1328 -39.3483 13.1840 -29.4243 -48.9307 8.6673 -38.3831 9.4107 -28.1705 -48.7115 29.1962 -37.6781 2.7980 -26.5212 -47.4392 34.9027 -36.3303 -13.8354 -23.9905 -45.3089 29.2209 -34.2568 -37.7101 -19.7462 -42.7483 21.4851 -31.9013 -47.2254 -11.7369 -40.0747 14.2919 -29.5282 -48.9479 15.1380 -38.1383 6.8178 -28.6897 -47.7768 -28.6864 6.8014 -38.1369 15.2108 -48.9492 -29.5250 14.2741 -40.0677 -11.7166 -47.2342 -31.8968 21.4654 -42.7412 -19.7321 -37.7543 -34.2506 29.2057 -45.3043 -23.9861 -13.8916 -36.3253 34.9002 -47.4373 -26.5197 2.7755 -37.6764 29.2278 -48.7096 -28.1660 9.3909 -38.3831 8.7613 -48.9320 -29.4183 13.1662 -39.3416 -5.0749 -48.5882 -30.3335 15.7763 -40.2731 -10.9600 -47.9250 -31.1066 18.0578 -41.1300 -14.5398 -46.6382 -31.8437 20.6786
-30.8518 -47.2785 -13.1787 -40.7676 17.0928 -30.7843 -48.2656 -8.9701 -39.9199 14.8444 -30.0286 -48.7029 -2.1029 -39.0421 12.4033 -29.1947 -48.9575 11.6616 -38.3257 9.0411 -28.1012 -48.6948 29.1962 -37.6963 3.1556 -26.6204 -47.5591 35.0266 -36.4877 -11.3903 -24.3289 -45.5725 30.0877 -34.5260 -35.5507 -20.4051 -43.0882 22.4700 -32.2176 -46.5839 -13.2918 -40.4348 15.2503 -29.8476 -48.8807 9.7452 -38.2707 7.7719 -27.7213 -48.3868 -11.6075 -48.3863 -27.7165 7.7607 -38.2701 9.7976 -48.8817 -29.8432 15.2377 -40.4283 -13.2745 -46.5961 -32.2115 22.4501 -43.0813 -20.3919 -35.6008 -34.5199 30.0787 -45.5702 -24.3238 -11.4442 -36.4819 35.0249 -47.5558 -26.6168 3.1294 -37.6947 29.2278 -48.6919 -28.0964 9.0214 -38.3256 11.7660 -48.9580 -29.1899 12.3864 -39.0362 -2.0326 -48.7046 -30.0224 14.8257 -39.9128 -8.9417 -48.2688 -30.7811 17.0834 -40.7641 -13.1636 -47.2868 -30.8464
-47.9930 -11.5755 -40.4026 16.1258 -30.4602 -48.5100 -6.5091 -39.5584 13.8787 -29.7110 -48.8148 1.8447 -38.7099 11.5136 -28.9292 -48.9575 15.5427 -38.2415 8.4355 -27.9642 -48.6417 29.8038 -37.6781 3.1556 -26.6551 -47.6199 35.0652 -36.5942 -9.6325 -24.5901 -45.7921 30.8281 -34.7634 -33.3394 -20.9776 -43.4058 23.4212 -32.5210 -45.8184 -14.6005 -40.7889 16.1956 -30.1661 -48.7736 4.5127 -38.3982 8.8817 -27.8723 -48.4273 28.5966 -40.4182 28.6401 -48.4267 -27.8682 8.8743 -38.3968 4.5611 -48.7742 -30.1611 16.1886 -40.7848 -14.5777 -45.8346 -32.5148 23.4008 -43.3989 -20.9651 -33.3954 -34.7573 30.8192 -45.7898 -24.5854 -9.6840 -36.5892 35.0640 -47.6154 -26.6496 3.1294 -37.6764 29.8316 -48.6396 -27.9615 8.4171 -38.2399 15.6104 -48.9574 -28.9259 11.4984 -38.7041 1.9308 -48.8164 -29.7048 13.8599 -39.5516 -6.4790 -48.5121 -30.4570 16.1164 -40.3992 -11.5503 -47.9977
-12.0521 -40.0352 15.1617 -30.1375 -48.6667 -3.4543 -39.1968 12.9043 -29.3923 -48.9180 6.6882 -38.4731 10.5428 -28.6406 -48.9183 19.7902 -38.1344 7.6233 -27.7722 -48.5499 30.8713 -37.6237 2.7980 -26.6204 -47.6199 35.0703 -36.6487 -8.5813 -24.7669 -45.9568 31.4081 -34.9604 -31.2277 -21.4632 -43.6951 24.3071 -32.8053 -44.9433 -15.7024 -41.1331 17.1210 -30.4780 -48.6574 -0.0084 -38.5750 9.9583 -28.1672 -48.6222 31.1431 -38.0216 16.1625 -38.0193 31.1825 -48.6205 -28.1635 9.9470 -38.5728 0.0344 -48.6590 -30.4741 17.1113 -41.1294 -15.6821 -44.9631 -32.7989 24.2862 -43.6880 -21.4509 -31.2897 -34.9543 31.3995 -45.9544 -24.7625 -8.6319 -36.6446 35.0698 -47.6154 -26.6168 2.7755 -37.6222 30.8829 -48.5491 -27.7708 7.6037 -38.1331 19.8452 -48.9182 -28.6373 10.5255 -38.4691 6.7882 -48.9194 -29.3861 12.8860 -39.1922 -3.4197 -48.6678 -30.1344 15.1528 -40.0335 -12.0352
-40.0695 14.1868 -29.8166 -48.7841 0.3567 -38.8387 11.9102 -29.0754 -48.9583 12.0774 -38.3445 9.5013 -28.3384 -48.8363 23.8799 -38.0074 6.6277 -27.5404 -48.4186 32.1328 -37.5367 2.0847 -26.5212 -47.5591 35.0652 -36.6487 -8.2302 -24.8595 -46.0608 31.8074 -35.1107 -29.4003 -21.8506 -43.9446 25.1051 -33.0611 -43.9889 -16.6343 -41.4595 18.0155 -30.7800 -48.5057 -3.6227 -38.8633 10.9848 -28.4745 -48.7708 29.0795 -37.6778 5.2313 -32.0254 5.2091 -37.6746 29.1151 -48.7690 -28.4707 10.9688 -38.8589 -3.6027 -48.5070 -30.7766 18.0015 -41.4541 -16.6150 -44.0129 -33.0548 25.0840 -43.9376 -21.8387 -29.4664 -35.1041 31.7990 -46.0565 -24.8534 -8.2811 -36.6446 35.0640 -47.5558 -26.5197 2.0619 -37.5338 32.1420 -48.4162 -27.5366 6.6118 -38.0059 23.9247 -48.8351 -28.3352 9.4819 -38.3425 12.1828 -48.9585 -29.0693 11.8974 -38.8347 0.3983 -48.7845 -29.8132 14.1821 -40.0671
13.3152 -29.4897 -48.8903 4.9969 -38.5544 10.8979 -28.7602 -48.9402 17.4193 -38.2122 8.3985 -28.0304 -48.7120 27.4407 -37.8644 5.4571 -27.2779 -48.2480 33.3272 -37.4127 1.0113 -26.3647 -47.4392 35.0266 -36.5942 -8.5813 -24.8595 -46.0963 32.0154 -35.2067 -28.0188 -22.1369 -44.1418 25.7799 -33.2827 -43.0115 -17.4040 -41.7590 18.8547 -31.0661 -48.2853 -6.4528 -39.2028 11.9546 -28.7786 -48.8780 25.9169 -37.7854 3.6255 -27.9436 -48.5103 -27.9399 3.5979 -37.7827 25.9599 -48.8771 -28.7744 11.9378 -39.1966 -6.4227 -48.2888 -31.0628 18.8385 -41.7526 -17.3855 -43.0392 -33.2763 25.7586 -44.1347 -22.1253 -28.0877 -35.1994 32.0018 -46.0900 -24.8534 -8.6319 -36.5892 35.0249 -47.4373 -26.3632 0.9866 -37.4091 33.3438 -48.2439 -27.2733 5.4430 -37.8628 27.4730 -48.7099 -28.0272 8.3782 -38.2097 17.5187 -48.9393 -28.7542 10.8865 -38.5508 5.0459 -48.8912 -29.4855 13.3078
-28.3563 -48.9515 10.2760 -38.3859 9.8546 -28.4457 -48.8712 22.2247 -38.0708 7.2326 -27.7215 -48.5493 30.2888 -37.7092 4.1140 -26.9948 -48.0402 34.2641 -37.2512 -0.4328 -26.1518 -47.2676 34.9027 -36.4877 -9.6325 -24.7669 -46.0608 32.0154 -35.2390 -27.2659 -22.3169 -44.2820 26.2909 -33.4592 -42.0892 -18.0238 -42.0261 19.6167 -31.3281 -48.0076 -8.6375 -39.5265 12.8672 -29.0767 -48.9424 21.9648 -37.9338 4.7765 -26.9997 -47.8736 -6.3163 -47.8712 -26.9946 4.7504 -37.9314 22.0444 -48.9419 -29.0710 12.8557 -39.5209 -8.6112 -48.0121 -31.3242 19.5980 -42.0190 -18.0065 -42.1200 -33.4528 26.2696 -44.2750 -22.3055 -27.3361 -35.2317 32.0018 -46.0565 -24.7625 -9.6840 -36.4819 34.9002 -47.2659 -26.1489 -0.4625 -37.2479 34.2805 -48.0363 -26.9917 4.0933 -37.7074 30.3129 -48.5473 -27.7170 7.2097 -38.0681 22.3106 -48.8695 -28.4411 9.8438 -38.3846 10.3321 -48.9524 -28.3512
-48.8392 15.7097 -38.2567 8.7688 -28.1331 -48.7580 26.2411 -37.9212 5.9833 -27.4143 -48.3558 32.3929 -37.5427 2.5720 -26.7004 -47.8003 34.8537 -37.0565 -2.2905 -25.8826 -47.0520 34.6403 -36.3303 -11.3903 -24.5901 -45.9568 31.8074 -35.2067 -27.2659 -22.3771 -44.3562 26.6148 -33.5818 -41.3332 -18.4899 -42.2473 20.2793 -31.5600 -47.6907 -10.3183 -39.8276 13.7114 -29.3601 -48.9604 17.4244 -38.0759 6.0605 -27.1460 -47.9254 33.6148 -39.8363 33.6324 -47.9215 -27.1413 6.0357 -38.0733 17.5230 -48.9608 -29.3552 13.7050 -39.8221 -10.3059 -47.6966 -31.5549 20.2598 -42.2402 -18.4733 -41.3666 -33.5755 26.5934 -44.3492 -22.3658 -27.3361 -35.1994 31.7990 -45.9544 -24.5854 -11.4442 -36.3253 34.6344 -47.0487 -25.8781 -2.3300 -37.0539 34.8612 -47.7969 -26.6975 2.5558 -37.5410 32.4112 -48.3525 -27.4087 5.9582 -37.9182 26.3078 -48.7561 -28.1298 8.7579 -38.2576 15.7884 -48.8395
9.8486 -37.9192 7.6248 -27.8233 -48.6068 29.4202 -37.7661 4.6247 -27.1088 -48.1353 33.8170 -37.3581 0.8058 -26.3975 -47.5334 35.0705 -36.8332 -4.6201 -25.5600 -46.7969 34.2026 -36.1298 -13.8354 -24.3289 -45.7921 31.4081 -35.1107 -28.0188 -22.3169 -44.3562 26.7256 -33.6481 -40.8233 -18.8008 -42.4117 20.8103 -31.7528 -47.3618 -11.6162 -40.1012 14.4786 -29.6220 -48.9328 12.6733 -38.2054 7.2216 -27.4228 -48.1484 34.5166 -37.6085 13.8887 -37.6071 34.5274 -48.1448 -27.4175 7.1983 -38.2027 12.7740 -48.9332 -29.6183 14.4680 -40.0950 -11.5939 -47.3723 -31.7464 20.7906 -42.4046 -18.7847 -40.8583 -33.6418 26.7041 -44.3492 -22.3055 -28.0877 -35.1041 31.3995 -45.7898 -24.3238 -13.8916 -36.1264 34.1916 -46.7913 -25.5540 -4.6549 -36.8309 35.0714 -47.5307 -26.3937 0.7873 -37.3574 33.8357 -48.1311 -27.1030 4.5970 -37.7615 29.4545 -48.6048 -27.8203 7.6139 -37.9216 9.9122
-37.8899 6.3915 -27.5154 -48.4229 31.7764 -37.6024 3.1225 -26.8050 -47.8913 34.6650 -37.1499 -1.2273 -26.0743 -47.2468 34.9460 -36.5872 -7.4448 -25.1895 -46.5075 33.5798 -35.8955 -16.8849 -23.9905 -45.5725 30.8281 -34.9604 -29.4003 -22.1369 -44.2820 26.6148 -33.6481 -40.6341 -18.9650 -42.5164 21.1872 -31.8980 -47.0608 -12.5731 -40.3368 15.1578 -29.8595 -48.8658 8.2202 -38.3218 8.2567 -27.7017 -48.3534 33.7822 -37.2551 1.5293 -31.4492 1.5212 -37.2545 33.7991 -48.3496 -27.6958 8.2345 -38.3172 8.2893 -48.8657 -29.8548 15.1410 -40.3300 -12.5428 -47.0728 -31.8917 21.1674 -42.5093 -18.9492 -40.6697 -33.6418 26.5934 -44.2750 -22.1253 -29.4664 -34.9543 30.8192 -45.5702 -23.9861 -16.9269 -35.8916 33.5661 -46.5015 -25.1819 -7.4877 -36.5829 34.9407 -47.2437 -26.0700 -1.2487 -37.1488 34.6760 -47.8865 -26.7991 3.0916 -37.5978 31.7977 -48.4209 -27.5124 6.3854 -37.8896
4.7952 -27.2173 -48.2108 33.4151 -37.4227 1.4312 -26.5019 -47.6273 35.0365 -36.9208 -3.5987 -25.7195 -46.9458 34.5388 -36.3218 -10.7680 -24.7770 -46.1939 32.7930 -35.6317 -20.3513 -23.5872 -45.3089 30.0877 -34.7634 -31.2277 -21.8506 -44.1418 26.2909 -33.5818 -40.8233 -18.9650 -42.5532 21.3889 -31.9929 -46.8218 -13.2352 -40.5208 15.7169 -30.0649 -48.7784 4.4081 -38.4215 9.1726 -27.9641 -48.5266 32.5147 -37.3613 -0.7372 -27.1628 -48.7711 -27.1614 -0.7488 -37.3602 32.5441 -48.5231 -27.9591 9.1522 -38.4155 4.4705 -48.7792 -30.0591 15.6986 -40.5138 -13.2069 -46.8348 -31.9866 21.3690 -42.5461 -18.9492 -40.8583 -33.5755 26.2696 -44.1347 -21.8387 -31.2897 -34.7573 30.0787 -45.3043 -23.5807 -20.4033 -35.6263 32.7761 -46.1877 -24.7688 -10.8377 -36.3164 34.5290 -46.9425 -25.7159 -3.6254 -36.9176 35.0395 -47.6220 -26.4959 1.3974 -37.4198 33.4284 -48.2084 -27.2134 4.7838
-25.9281 -47.9723 34.4425 -37.2215 -0.5160 -26.1862 -47.3457 35.0219 -36.6737 -6.3782 -25.3356 -46.6324 33.9094 -36.0433 -14.5284 -24.3290 -45.8640 31.8762 -35.3459 -24.0031 -23.1208 -45.0110 29.2209 -34.5260 -33.3394 -21.4632 -43.9446 25.7799 -33.4592 -41.3332 -18.8008 -42.5164 21.3889 -32.0273 -46.6829 -13.6475 -40.6516 16.1288 -30.2272 -48.7123 1.4111 -38.5212 9.9608 -28.2016 -48.6643 30.8270 -37.5176 0.6713 -26.2227 -47.2083 2.8164 -47.2073 -26.2200 0.6515 -37.5153 30.8565 -48.6626 -28.1988 9.9443 -38.5161 1.4896 -48.7137 -30.2213 16.1105 -40.6447 -13.6206 -46.6964 -32.0210 21.3690 -42.5093 -18.7847 -41.3666 -33.4528 25.7586 -43.9376 -21.4509 -33.3954 -34.5199 29.2057 -45.0043 -23.1111 -24.0773 -35.3401 31.8577 -45.8575 -24.3199 -14.6044 -36.0369 33.8999 -46.6290 -25.3314 -6.4272 -36.6692 35.0184 -47.3401 -26.1800 -0.5428 -37.2191 34.4504 -47.9688 -25.9231
-47.6326 34.9563 -36.9985 -2.7706 -25.8421 -47.0492 34.7006 -36.4113 -9.6064 -24.9224 -46.3085 33.1171 -35.7534 -18.5175 -23.8494 -45.5216 30.8676 -35.0444 -27.6223 -22.6000 -44.6836 28.2498 -34.2568 -35.5507 -20.9776 -43.6951 25.1051 -33.2827 -42.0892 -18.4899 -42.4117 21.1872 -31.9929 -46.6829 -13.7921 -40.7231 16.3936 -30.3400 -48.6703 -0.7144 -38.6663 10.6200 -28.4133 -48.7682 28.8492 -37.6539 2.1622 -26.3583 -47.2490 35.2710 -39.2161 35.2717 -47.2466 -26.3552 2.1339 -37.6520 28.8680 -48.7682 -28.4112 10.6054 -38.6611 -0.6435 -48.6723 -30.3341 16.3758 -40.7164 -13.7657 -46.6964 -31.9866 21.1674 -42.4046 -18.4733 -42.1200 -33.2763 25.0840 -43.6880 -20.9651 -35.6008 -34.2506 28.2284 -44.6774 -22.5894 -27.6702 -35.0388 30.8482 -45.5150 -23.8398 -18.5958 -35.7470 33.1073 -46.3051 -24.9166 -9.6686 -36.4062 34.6919 -47.0434 -25.8362 -2.7976 -36.9973 34.9612 -47.6294
32.2221 -36.6438 -5.4128 -25.4669 -46.7396 34.1409 -36.1359 -13.2524 -24.4810 -45.9758 32.2055 -35.4547 -22.5249 -23.3406 -45.1732 29.8039 -34.7311 -30.9970 -22.0311 -44.3390 27.2095 -33.9629 -37.7101 -20.4051 -43.4058 24.3071 -33.0611 -43.0115 -18.0238 -42.2473 20.8103 -31.8980 -46.8218 -13.6475 -40.7231 16.4897 -30.4009 -48.6368 -2.0527 -38.8158 11.1300 -28.5903 -48.8436 26.6927 -37.7702 3.3955 -26.5907 -47.4621 34.9847 -37.1002 11.4162 -37.0982 34.9817 -47.4595 -26.5876 3.3696 -37.7687 26.7278 -48.8425 -28.5866 11.1192 -38.8120 -1.9926 -48.6389 -30.3954 16.4723 -40.7164 -13.6206 -46.8348 -31.8917 20.7906 -42.2402 -18.0065 -43.0392 -33.0548 24.2862 -43.3989 -20.3919 -37.7543 -33.9567 27.1883 -44.3326 -22.0195 -31.0386 -34.7268 29.7832 -45.1665 -23.3305 -22.6016 -35.4484 32.1952 -45.9720 -24.4734 -13.3251 -36.1305 34.1281 -46.7337 -25.4617 -5.4404 -36.6440 32.2325
-36.1312 -8.5279 -25.0620 -46.4173 33.3994 -35.8494 -17.1881 -24.0108 -45.6354 31.2102 -35.1489 -26.3591 -22.8013 -44.8199 28.7125 -34.4135 -34.0135 -21.4135 -43.9819 26.1357 -33.6528 -39.7141 -19.7467 -43.0882 23.4212 -32.8053 -43.9889 -17.4040 -42.0261 20.2793 -31.7528 -47.0608 -13.2352 -40.6516 16.3936 -30.4009 -48.6237 -2.7147 -38.9068 11.4671 -28.7196 -48.8916 24.6150 -37.8673 4.3950 -26.8044 -47.6700 35.0641 -36.6590 -4.1292 -30.7338 -4.1627 -36.6559 35.0629 -47.6673 -26.8021 4.3745 -37.8658 24.6691 -48.8895 -28.7149 11.4609 -38.9045 -2.6623 -48.6258 -30.3954 16.3758 -40.6447 -13.2069 -47.0728 -31.7464 20.2598 -42.0190 -17.3855 -44.0129 -32.7989 23.4008 -43.0813 -19.7321 -39.7523 -33.6465 26.1146 -43.9748 -21.4010 -34.0666 -34.4087 28.6909 -44.8129 -22.7905 -26.4309 -35.1425 31.1986 -45.6297 -24.0017 -17.2657 -35.8438 33.3841 -46.4131 -25.0578 -8.5464 -36.1297
-13.5116 -24.6305 -46.0868 32.5193 -35.5544 -21.2129 -23.5119 -45.2887 30.1591 -34.8356 -29.8921 -22.2294 -44.4625 27.6085 -34.0932 -36.6635 -20.7534 -43.6180 25.0451 -33.3309 -41.5003 -19.0033 -42.7483 22.4700 -32.5210 -44.9433 -16.6343 -41.7590 19.6167 -31.5601 -47.3618 -12.5731 -40.5208 16.1288 -30.3400 -48.6368 -2.7147 -38.9379 11.6422 -28.7988 -48.9171 22.9335 -37.9416 5.1622 -26.9874 -47.8450 35.0395 -36.7209 -8.0147 -26.1396 -48.7802 -26.1366 -8.0602 -36.7164 35.0398 -47.8421 -26.9861 5.1493 -37.9396 22.9917 -48.9152 -28.7941 11.6364 -38.9357 -2.6623 -48.6389 -30.3341 16.1105 -40.5138 -12.5428 -47.3723 -31.5549 19.5980 -41.7526 -16.6150 -44.9631 -32.5148 22.4501 -42.7412 -18.9875 -41.5328 -33.3246 25.0240 -43.6109 -20.7401 -36.7130 -34.0855 27.5867 -44.4553 -22.2180 -29.9548 -34.8312 30.1411 -45.2824 -23.5020 -21.2903 -35.5478 32.5071 -46.0828 -24.6263 -13.5508
-23.2534 -45.7469 31.5468 -35.2506 -25.1221 -22.9828 -44.9368 29.0746 -34.5185 -33.0550 -21.6222 -44.1016 26.5034 -33.7688 -38.9505 -20.0473 -43.2523 23.9650 -33.0028 -43.0511 -18.1719 -42.3917 21.4852 -32.2176 -45.8184 -15.7025 -41.4596 18.8548 -31.3281 -47.6907 -11.6167 -40.3369 15.7169 -30.2272 -48.6703 -2.0527 -38.9068 11.6422 -28.8262 -48.9285 21.8225 -37.9916 5.7015 -27.1306 -47.9810 34.8727 -36.8730 -6.4535 -25.1334 -46.5037 17.4094 -46.5022 -25.1287 -6.4970 -36.8675 34.8742 -47.9792 -27.1284 5.6937 -37.9895 21.8836 -48.9274 -28.8215 11.6364 -38.9045 -1.9926 -48.6723 -30.2213 15.6986 -40.3300 -11.5939 -47.6966 -31.3242 18.8385 -41.4541 -15.6821 -45.8346 -32.2115 21.4654 -42.3852 -18.1549 -43.0778 -32.9965 23.9442 -43.2452 -20.0331 -38.9933 -33.7607 26.4819 -44.0945 -21.6101 -33.1099 -34.5142 29.0541 -44.9301 -22.9722 -25.1957 -35.2442 31.5347 -45.7410 -23.2473
-45.4271 30.5048 -34.9390 -28.7654 -22.4219 -44.5806 27.9726 -34.1977 -35.8321 -20.9761 -43.7383 25.4056 -33.4410 -40.9034 -19.2883 -42.8854 22.9015 -32.6740 -44.3514 -17.2483 -42.0255 20.4848 -31.9031 -46.5825 -14.6015 -41.1332 18.0157 -31.0662 -48.0075 -10.3190 -40.1019 15.1594 -30.0651 -48.7123 -0.7144 -38.8158 11.4671 -28.7988 -48.9285 21.4261 -38.0175 6.0315 -27.2296 -48.0771 34.6361 -36.9997 -4.7716 -25.2529 -46.3363 34.3346 -38.7643 34.3284 -46.3341 -25.2484 -4.8127 -36.9943 34.6388 -48.0746 -27.2257 6.0235 -38.0173 21.4880 -48.9274 -28.7941 11.4609 -38.8120 -0.6435 -48.7137 -30.0591 15.1410 -40.0950 -10.3059 -48.0121 -31.0628 18.0015 -41.1294 -14.5777 -46.5961 -31.8968 20.4659 -42.0212 -17.2302 -44.3734 -32.6677 22.8810 -42.8783 -19.2730 -40.9387 -33.4341 25.3839 -43.7312 -20.9631 -35.8816 -34.1920 27.9514 -44.5737 -22.4107 -28.8304 -34.9347 30.4867 -45.4210
29.4598 -34.5606 -32.0713 -21.8264 -44.2209 26.8669 -33.8741 -38.2490 -20.2854 -43.3732 24.3205 -33.1128 -42.5541 -18.4670 -42.5179 21.8560 -32.3462 -45.4271 -16.2275 -41.6586 19.4867 -31.5808 -47.2227 -13.3028 -40.7896 17.1273 -30.7801 -48.2851 -8.6386 -39.8288 14.4808 -29.8608 -48.7773 1.4111 -38.6663 11.1300 -28.7196 -48.9171 21.8225 -38.0175 6.1442 -27.2826 -48.1360 34.4149 -37.0882 -3.5405 -25.4519 -46.4845 33.0972 -36.4168 8.3142 -36.4137 33.0856 -46.4821 -25.4484 -3.5780 -37.0842 34.4224 -48.1327 -27.2779 6.1363 -38.0173 21.8836 -48.9152 -28.7149 11.1192 -38.6611 1.4896 -48.7792 -29.8548 14.4680 -39.8221 -8.6112 -48.2888 -30.7766 17.1113 -40.7848 -13.2745 -47.2342 -31.5733 19.4678 -41.6537 -16.2091 -45.4452 -32.3400 21.8359 -42.5107 -18.4498 -42.5921 -33.1062 24.2989 -43.3660 -20.2715 -38.2920 -33.8668 26.8455 -44.2139 -21.8148 -32.1116 -34.5572 29.4421
-33.7602 -34.9891 -21.1903 -43.8585 25.7666 -33.5484 -40.3076 -19.5447 -43.0067 23.2513 -32.7852 -43.9370 -17.5716 -42.1501 20.8289 -32.0189 -46.3055 -15.0935 -41.2938 18.4972 -31.2563 -47.7333 -11.7617 -40.4379 16.2075 -30.4793 -48.5042 -6.4596 -39.5278 13.7180 -29.6243 -48.8635 4.3795 -38.5192 10.6205 -28.5905 -48.8910 22.9320 -37.9917 6.0319 -27.2827 -48.1564 34.2744 -37.1403 -2.7653 -25.6006 -46.6302 33.3541 -35.7906 -14.3504 -29.7253 -14.4151 -35.7830 33.3475 -46.6279 -25.5963 -2.8029 -37.1374 34.2874 -48.1530 -27.2779 6.0235 -37.9895 22.9917 -48.8895 -28.5866 10.6054 -38.5161 4.4705 -48.8657 -29.6183 13.7050 -39.5209 -6.4227 -48.5070 -30.4741 16.1886 -40.4283 -11.7166 -47.7438 -31.2460 18.4771 -41.2866 -15.0718 -46.3209 -32.0111 20.8085 -42.1428 -17.5523 -43.9712 -32.7775 23.2300 -42.9995 -19.5257 -40.3454 -33.5407 25.7448 -43.8514 -21.1811 -35.0267 -33.7548
-38.5177 -20.5146 -43.4950 24.6823 -33.2272 -42.0372 -18.7499 -42.6428 22.2055 -32.4624 -45.0824 -16.5960 -41.7859 19.8237 -31.6967 -47.0086 -13.8168 -40.9310 17.5238 -30.9362 -48.1234 -9.9298 -40.0819 15.2680 -30.1741 -48.6559 -3.6673 -39.2078 12.8847 -29.3666 -48.9283 8.1372 -38.4191 9.9652 -28.4203 -48.8419 24.5937 -37.9434 5.7152 -27.2354 -48.1358 34.2709 -37.1625 -2.3826 -25.6867 -46.7297 33.6521 -35.8186 -20.5898 -24.6712 -48.3494 -24.6526 -20.7446 -35.7525 33.6378 -46.7264 -25.6711 -2.4097 -37.1566 34.2876 -48.1327 -27.2257 5.6937 -37.9396 24.6691 -48.8425 -28.4112 9.9443 -38.4155 8.2893 -48.9332 -29.3552 12.8557 -39.1966 -3.6027 -48.6590 -30.1611 15.2377 -40.0677 -9.8507 -48.1351 -30.9200 17.4985 -40.9203 -13.7750 -47.0280 -31.6828 19.7979 -41.7751 -16.5643 -45.1147 -32.4474 22.1787 -42.6319 -18.7229 -42.0843 -33.2132 24.6553 -43.4865 -20.5010 -38.5764
-19.6308 -43.1545 23.6897 -32.9800 -43.4036 -17.9562 -42.3022 21.2549 -32.2108 -45.9639 -15.5900 -41.4463 18.9079 -31.4446 -47.5349 -12.4492 -40.5939 16.6316 -30.6835 -48.3934 -7.8703 -39.7482 14.3849 -29.9282 -48.7375 -0.3514 -38.8977 12.0476 -29.1518 -48.9194 12.2342 -38.3429 9.2649 -28.2747 -48.7512 26.4143 -37.8905 5.2857 -27.2034 -48.0787 34.3606 -37.1885 -2.1654 -25.7493 -46.7601 33.8271 -35.9993 -15.7829 -23.5642 -45.6316 30.2631 -45.5131 -23.6031 -20.1830 -36.0268 33.6183 -46.7112 -25.7007 -2.1393 -37.1380 34.4226 -48.0746 -27.1284 5.1493 -37.8658 26.7278 -48.7682 -28.1988 9.1522 -38.3172 12.7740 -48.9608 -29.0710 11.9378 -38.8589 0.0344 -48.7742 -29.8432 14.2741 -39.7060 -7.5946 -48.4196 -30.5953 16.5288 -40.5550 -12.2791 -47.5878 -31.3552 18.8027 -41.4077 -15.4576 -46.0533 -32.1183 21.1455 -42.2640 -17.8507 -43.5451 -32.8847 23.5801 -43.1163 -19.5396
-43.2790 23.6620 -33.3528 -43.5223 -17.9360 -42.2446 21.1505 -32.5704 -46.0598 -15.4929 -41.3934 18.8038 -31.8010 -47.5919 -12.2653 -40.5494 16.5281 -31.0319 -48.4212 -7.5320 -39.7090 14.2805 -30.2669 -48.7437 0.2106 -38.8692 11.9701 -29.4928 -48.8063 12.5203 -38.4492 9.3534 -28.6601 -48.5449 25.7948 -38.0255 5.7986 -27.6817 -47.9914 33.8737 -37.4131 -0.3238 -26.4409 -47.0784 34.6496 -36.6426 -13.8819 -24.4454 -45.6297 32.8021 -38.3101 31.4632 -45.1514 -23.5937 -18.5930 -36.0169 34.1173 -46.7999 -25.7638 -2.8357 -37.0834 34.6388 -47.9792 -26.9861 4.3745 -37.7687 28.8680 -48.6626 -27.9591 8.2345 -38.2027 17.5230 -48.9419 -28.7744 10.9688 -38.5728 4.5611 -48.8817 -29.5250 13.3048 -39.3459 -4.8111 -48.6112 -30.2720 15.5644 -40.1910 -10.5209 -48.0181 -31.0277 17.8204 -41.0408 -14.2127 -46.8137 -31.7898 20.1296 -41.8961 -16.8938 -44.7622 -32.5561 22.5116 -42.9277
