19.5964 -30.3322 -48.4094 -9.9479 -39.6195 11.9106 -27.8912 -48.7503 16.7266 -37.6042 2.5761 -25.4649 -47.2537 32.7862 -35.7062 -19.1750 -22.6354 -44.9561 28.0510 -33.2755 -41.3116 -18.6492 -42.4469 20.3471 -30.7381 -48.1140 -11.5794 -39.9597 12.9805 -28.2458 -48.8262 11.4996 -37.8233 4.3038 -25.8196 -47.5464 32.4304 -36.0326 -14.8215 -23.1108 -45.3160 29.1342 -33.6432 -39.2637 -19.3423 -42.8187 21.4638 -31.1322 -47.5398 -15.9553 -44.5176 -15.9424 -47.5448 -31.1290 21.4499 -42.8141 -19.3366 -39.2799 -33.6420 29.1223 -45.3120 -23.1061 -14.8507 -36.0318 32.4380 -47.5435 -25.8149 4.2928 -37.8232 11.5658 -48.8262 -28.2407 12.9636 -39.9542 -11.5527 -48.1203 -30.7317 20.3278 -42.4405 -18.6364 -41.3448 -33.2689 28.0312 -44.9496 -22.6267 -19.2540 -35.7011 32.7887 -47.2486 -25.4587 2.5445 -37.6020 16.7913 -48.7491 -27.8855 11.8920 -39.6134 -9.9146 -48.4141 -30.3254 19.5794
-30.3322 -48.1042 -8.3741 -39.4989 12.7888 -29.0364 -48.9383 22.5813 -37.7278 4.4939 -26.7898 -47.6020 34.9997 -36.2886 -13.5985 -23.9708 -45.2574 28.9755 -34.1166 -38.4428 -19.4730 -42.6028 21.0641 -31.7410 -47.4590 -10.9878 -39.9156 13.8674 -29.3855 -48.9578 17.4327 -37.8764 5.9680 -27.1173 -47.8893 35.0316 -36.5631 -9.6474 -24.4806 -45.6328 30.1503 -34.4550 -35.8854 -20.2718 -43.0006 22.1820 -32.0917 -46.8020 -13.1677 -41.1769 29.3773 -41.1715 -13.1498 -46.8062 -32.0897 22.1667 -42.9952 -20.2675 -35.8980 -34.4539 30.1349 -45.6279 -24.4769 -9.6640 -36.5633 35.0346 -47.8858 -27.1134 5.9544 -37.8769 17.5188 -48.9582 -29.3799 13.8494 -39.9088 -10.9525 -47.4691 -31.7347 21.0443 -42.5957 -19.4580 -38.4853 -34.1104 28.9542 -45.2506 -23.9630 -13.6516 -36.2860 34.9964 -47.5974 -26.7852 4.4756 -37.7283 22.6440 -48.9375 -29.0307 12.7708 -39.4923 -8.3289 -48.1108 -30.3254
-48.4094 -8.3741 -39.6348 13.4023 -29.2790 -48.9680 18.1884 -38.0530 5.8462 -27.0796 -47.8695 35.0493 -36.6529 -9.8986 -24.4434 -45.6083 30.0743 -34.4926 -36.0549 -20.2231 -42.9743 22.1072 -32.0961 -46.8600 -12.6796 -40.2825 14.8437 -29.7110 -48.9180 12.0786 -38.2119 7.2317 -27.4142 -48.1352 34.6651 -36.9206 -6.3805 -24.9222 -45.9755 31.2091 -34.8334 -33.0832 -20.9691 -43.3696 23.2402 -32.4516 -46.0450 -14.2512 -40.7659 18.2488 -35.2476 18.2324 -40.7590 -14.2354 -46.0535 -32.4474 23.2292 -43.3658 -20.9629 -33.1105 -34.8311 31.1986 -45.9720 -24.9182 -6.4081 -36.9194 34.6713 -48.1328 -27.4111 7.2130 -38.2106 12.1766 -48.9195 -29.7051 14.8254 -40.2756 -12.6496 -46.8729 -32.0898 22.0870 -42.9672 -20.2091 -36.1044 -34.4864 30.0534 -45.6016 -24.4364 -9.9441 -36.6498 35.0506 -47.8647 -27.0754 5.8374 -38.0513 18.2630 -48.9679 -29.2736 13.3845 -39.6286 -8.3289 -48.4141
-9.9479 -39.4989 13.4023 -29.3738 -48.9667 14.4993 -38.1708 6.9710 -27.3633 -48.1090 34.7243 -36.9001 -6.6367 -24.8881 -45.9494 31.1293 -34.8092 -33.3103 -20.9176 -43.3412 23.1580 -32.4248 -46.1110 -14.1200 -40.6471 15.8076 -30.0313 -48.8148 6.6882 -38.3445 8.3985 -27.7215 -48.3558 33.8170 -37.1499 -3.5987 -25.3355 -46.3083 32.2045 -35.1455 -29.9220 -21.6163 -43.7349 24.3098 -32.7809 -45.1040 -15.4763 -41.0513 17.0811 -31.9649 -33.0692 -31.9625 17.0636 -41.0448 -15.4550 -45.1156 -32.7762 24.2988 -43.7312 -21.6101 -29.9548 -35.1425 32.1952 -46.3051 -25.3316 -3.6236 -37.1478 33.8278 -48.3538 -27.7184 8.3868 -38.3451 6.7741 -48.8163 -30.0269 15.7903 -40.6405 -14.0946 -46.1268 -32.4185 23.1375 -43.3341 -20.9045 -33.3671 -34.8031 31.1093 -45.9428 -24.8800 -6.6937 -36.8945 34.7312 -48.1041 -27.3580 6.9629 -38.1680 14.5827 -48.9676 -29.3687 13.3845 -39.4923 -9.9146
-39.6195 12.7888 -29.2790 -48.9667 13.0450 -38.2329 7.7398 -27.5915 -48.3020 34.0260 -37.1169 -3.9056 -25.2951 -46.2794 32.1229 -35.1203 -30.1814 -21.5674 -43.7065 24.2257 -32.7539 -45.1856 -15.3743 -41.0126 16.7730 -30.3535 -48.7011 1.7995 -38.4756 9.5013 -28.0304 -48.5493 32.3929 -37.3581 -1.2273 -25.7194 -46.6321 33.1157 -35.4514 -26.3934 -22.2240 -44.0986 25.3959 -33.1100 -43.9569 -16.5745 -41.4116 17.8480 -30.9127 -47.8736 -22.1865 -47.8774 -30.9097 17.8320 -41.4049 -16.5561 -43.9730 -33.1049 25.3837 -44.0945 -22.2180 -26.4309 -35.4484 33.1073 -46.6290 -25.7159 -1.2487 -37.3562 32.4098 -48.5475 -28.0274 9.4908 -38.4744 1.8466 -48.7020 -30.3503 16.7572 -41.0067 -15.3532 -45.2040 -32.7478 24.2052 -43.6995 -21.5553 -30.2454 -35.1155 32.1044 -46.2732 -25.2874 -3.9564 -37.1115 34.0454 -48.2980 -27.5870 7.7279 -38.2338 13.1265 -48.9676 -29.2736 12.7708 -39.6134
11.9106 -29.0364 -48.9680 14.4993 -38.2329 8.0161 -27.7204 -48.4265 33.1561 -37.2883 -1.7793 -25.6500 -46.5876 33.0144 -35.4206 -26.7189 -22.1739 -44.0699 25.3095 -33.0825 -44.0577 -16.4842 -41.3792 17.7446 -30.6771 -48.5709 -2.2859 -38.7206 10.5564 -28.3411 -48.7115 30.2888 -37.5427 0.8059 -26.0734 -46.9456 33.9072 -35.7503 -22.5577 -22.7972 -44.4599 26.4954 -33.4393 -42.5684 -17.5617 -41.7787 18.8137 -31.0512 -48.2703 -11.1638 -43.3885 -11.1480 -48.2737 -31.0467 18.8026 -41.7720 -17.5448 -42.5963 -33.4326 26.4811 -44.4553 -22.7905 -22.6016 -35.7470 33.8999 -46.9425 -26.0700 0.7873 -37.5410 30.3129 -48.7101 -28.3381 10.5463 -38.7171 -2.2502 -48.5725 -30.6741 17.7344 -41.3754 -16.4674 -44.0779 -33.0781 25.2899 -44.0632 -22.1657 -26.7811 -35.4167 32.9994 -46.5815 -25.6428 -1.8235 -37.2843 33.1838 -48.4228 -27.7180 8.0001 -38.2338 14.5827 -48.9679 -29.0307 11.8920
-27.8912 -48.9383 18.1884 -38.1708 7.7398 -27.7204 -48.4695 32.5335 -37.4006 -0.3165 -25.9296 -46.8545 33.7452 -35.6985 -23.0787 -22.7347 -44.4249 26.3975 -33.4092 -42.6983 -17.4799 -41.7465 18.7260 -31.0022 -48.3570 -5.5719 -39.0775 11.5764 -28.6538 -48.8377 27.4074 -37.7100 2.5725 -26.3969 -47.2470 34.5351 -36.0414 -18.5440 -23.3380 -44.8194 27.6066 -33.7659 -40.9196 -18.4587 -42.1464 19.8082 -31.3602 -48.0048 -8.9289 -40.2959 26.5110 -40.2914 -8.8968 -48.0109 -31.3566 19.7971 -42.1404 -18.4429 -40.9531 -33.7591 27.5859 -44.8128 -23.3305 -18.5958 -36.0369 34.5290 -47.2437 -26.3937 2.5558 -37.7083 27.4397 -48.8366 -28.6507 11.5666 -39.0740 -5.5434 -48.3595 -30.9990 18.7164 -41.7429 -17.4701 -42.7137 -33.4059 26.3789 -44.4204 -22.7291 -23.1367 -35.6939 33.7321 -46.8485 -25.9228 -0.3560 -37.3955 32.5550 -48.4659 -27.7180 7.7279 -38.1680 18.2630 -48.9375 -27.8855
-48.7503 22.5813 -38.0530 6.9710 -27.5915 -48.4265 32.5335 -37.4400 0.4346 -26.1076 -47.0545 34.2587 -35.9357 -19.5939 -23.2328 -44.7618 27.4595 -33.7297 -41.0933 -18.3776 -42.1143 19.7200 -31.3285 -48.0470 -8.2078 -39.4363 12.5713 -28.9682 -48.9221 23.6817 -37.8692 4.1344 -26.7035 -47.5344 34.9447 -36.3225 -14.5312 -23.8491 -45.1731 28.7113 -34.0898 -38.9709 -19.2806 -42.5143 20.8189 -31.6861 -47.5787 -10.5759 -39.9151 15.9043 -34.6032 15.8954 -39.9098 -10.5551 -47.5869 -31.6827 20.8076 -42.5104 -19.2662 -39.0105 -34.0836 28.6900 -45.1663 -23.8398 -14.6044 -36.3164 34.9407 -47.5307 -26.6992 4.1180 -37.8672 23.7237 -48.9215 -28.9651 12.5616 -39.4328 -8.1847 -48.0505 -31.3254 19.7103 -42.1107 -18.3725 -41.1111 -33.7249 27.4467 -44.7594 -23.2266 -19.6603 -35.9306 34.2468 -47.0487 -26.1016 0.3982 -37.4338 32.5550 -48.4228 -27.5870 6.9629 -38.0513 22.6440 -48.7491
16.7266 -37.7278 5.8462 -27.3633 -48.3020 33.1561 -37.4006 0.4346 -26.1685 -47.1606 34.5424 -36.1097 -16.7099 -23.6436 -45.0643 28.4462 -34.0306 -39.2650 -19.1871 -42.4759 20.7212 -31.6548 -47.6263 -10.3542 -39.7971 13.5494 -29.2847 -48.9585 19.1241 -38.0218 5.5396 -27.0081 -47.8061 35.0703 -36.5896 -10.7680 -24.3290 -45.5215 29.8031 -34.4115 -36.6874 -20.0402 -42.8819 21.8464 -32.0145 -47.0180 -12.2986 -40.2039 14.8300 -31.1893 -39.1196 -31.1851 14.8171 -40.1978 -12.2775 -47.0295 -32.0097 21.8357 -42.8780 -20.0274 -36.7333 -34.4055 29.7822 -45.5148 -24.3199 -10.8377 -36.5836 35.0709 -47.8012 -27.0024 5.5224 -38.0194 19.1780 -48.9582 -29.2813 13.5396 -39.7934 -10.3351 -47.6310 -31.6526 20.7156 -42.4738 -19.1790 -39.2948 -34.0246 28.4390 -45.0620 -23.6366 -16.7762 -36.1051 34.5339 -47.1570 -26.1631 0.3982 -37.3955 33.1838 -48.2980 -27.3580 5.8374 -37.7283 16.7913
-37.6042 4.4939 -27.0796 -48.1090 34.0260 -37.2883 -0.3165 -26.1076 -47.1606 34.6300 -36.2017 -14.8362 -23.9374 -45.3083 29.2954 -34.2972 -37.3135 -19.8924 -42.8220 21.7131 -31.9764 -47.0847 -12.1274 -40.1594 14.5182 -29.6042 -48.9390 13.9106 -38.1682 6.8297 -27.3132 -48.0572 34.8357 -36.8411 -7.3939 -24.7798 -45.8640 30.8673 -34.7296 -34.0391 -20.7467 -43.2490 22.8921 -32.3437 -46.3088 -13.7898 -40.5613 15.6001 -30.1540 -48.5552 -20.4469 -48.5580 -30.1480 15.5822 -40.5552 -13.7638 -46.3228 -32.3386 22.8810 -43.2449 -20.7361 -34.0915 -34.7248 30.8472 -45.8575 -24.7714 -7.4550 -36.8364 34.8441 -48.0525 -27.3074 6.8066 -38.1638 13.9791 -48.9393 -29.5994 14.5074 -40.1557 -12.1179 -47.0905 -31.9732 21.7033 -42.8200 -19.8826 -37.3474 -34.2913 29.2887 -45.3048 -23.9305 -14.8913 -36.1986 34.6234 -47.1570 -26.1016 -0.3560 -37.2843 34.0454 -48.1041 -27.0754 4.4756 -37.6020
2.5761 -26.7898 -47.8695 34.7243 -37.1169 -1.7793 -25.9296 -47.0545 34.5424 -36.2017 -14.1932 -24.0897 -45.4665 29.9220 -34.5094 -35.4366 -20.4791 -43.1390 22.6533 -32.2826 -46.4245 -13.6116 -40.5173 15.4739 -29.9239 -48.8537 8.4402 -38.3039 8.0215 -27.6199 -48.2858 34.1555 -37.0764 -4.4681 -25.2024 -46.1994 31.8838 -35.0431 -31.0074 -21.4073 -43.6146 23.9556 -32.6741 -45.4284 -15.0844 -40.9239 16.5422 -30.2964 -48.7026 -5.7142 -42.4685 -5.6726 -48.7036 -30.2919 16.5303 -40.9201 -15.0621 -45.4460 -32.6676 23.9441 -43.6109 -21.4004 -31.0651 -35.0386 31.8651 -46.1931 -25.1945 -4.5204 -37.0721 34.1736 -48.2816 -27.6139 7.9991 -38.2994 8.5404 -48.8560 -29.9190 15.4674 -40.5148 -13.5977 -46.4347 -32.2783 22.6432 -43.1369 -20.4708 -35.4638 -34.5061 29.9104 -45.4633 -24.0844 -14.2445 -36.1986 34.5339 -47.0487 -25.9228 -1.8235 -37.1115 34.7312 -47.8647 -26.7852 2.5445
-25.4649 -47.6020 35.0493 -36.9001 -3.9056 -25.6500 -46.8545 34.2587 -36.1097 -14.8362 -24.0897 -45.5209 30.2515 -34.6460 -33.9174 -20.9261 -43.4087 23.4962 -32.5612 -45.6720 -14.8393 -40.8641 16.4079 -30.2382 -48.7442 3.3457 -38.4272 9.1432 -27.9283 -48.4886 32.9331 -37.2919 -1.9691 -25.5959 -46.5263 32.8262 -35.3511 -27.5973 -22.0273 -43.9787 25.0362 -33.0029 -44.3516 -16.2263 -41.2902 17.5086 -30.6017 -48.6056 -2.2100 -39.4623 23.9423 -39.4592 -2.1579 -48.6071 -30.5992 17.4987 -41.2863 -16.2071 -44.3736 -32.9966 25.0240 -43.9748 -22.0209 -27.6557 -35.3470 32.8102 -46.5205 -25.5888 -2.0130 -37.2881 32.9625 -48.4850 -27.9223 9.1220 -38.4248 3.4386 -48.7467 -30.2330 16.4024 -40.8616 -14.8218 -45.6843 -32.5564 23.4905 -43.4064 -20.9193 -33.9490 -34.6439 30.2353 -45.5191 -24.0844 -14.8913 -36.1051 34.2468 -46.8485 -25.6428 -3.9564 -36.8945 35.0506 -47.5974 -25.4587
-47.2537 34.9997 -36.6529 -6.6367 -25.2951 -46.5876 33.7452 -35.9357 -16.7099 -23.9374 -45.4665 30.2515 -34.6938 -33.0518 -21.2044 -43.6064 24.1776 -32.7948 -44.8862 -15.8247 -41.1867 17.2919 -30.5410 -48.6297 -0.9139 -38.6289 10.2087 -28.2382 -48.6617 31.0649 -37.4842 0.1674 -25.9600 -46.8433 33.6615 -35.6522 -23.8550 -22.6115 -44.3404 26.1319 -33.3312 -43.0512 -17.2475 -41.6576 18.4874 -30.9251 -48.4148 -4.9271 -39.0778 13.6577 -33.9857 13.6439 -39.0721 -4.8933 -48.4186 -30.9212 18.4771 -41.6535 -17.2319 -43.0774 -33.3259 26.1178 -44.3365 -22.6049 -23.8955 -35.6499 33.6492 -46.8383 -25.9546 0.1317 -37.4811 31.1071 -48.6587 -28.2323 10.1885 -38.6243 -0.8368 -48.6323 -30.5345 17.2855 -41.1847 -15.8093 -44.9008 -32.7899 24.1674 -43.6022 -21.1984 -33.1043 -34.6903 30.2353 -45.4633 -23.9305 -16.7762 -35.9306 33.7321 -46.5815 -25.2874 -6.6937 -36.6498 34.9964 -47.2486
32.7862 -36.2886 -9.8986 -24.8881 -46.2794 33.0144 -35.6985 -19.5939 -23.6436 -45.3083 29.9220 -34.6460 -33.0518 -21.2994 -43.7113 24.6238 -32.9632 -44.1820 -16.5783 -41.4679 18.0953 -30.8212 -48.4704 -4.2537 -38.9372 11.2088 -28.5431 -48.7992 28.4584 -37.6561 2.0143 -26.2927 -47.1486 34.3483 -35.9451 -19.8869 -23.1616 -44.6991 27.2413 -33.6583 -41.4951 -18.1718 -42.0252 19.4784 -31.2524 -48.1286 -7.6473 -39.3625 12.5709 -30.4240 -43.1619 -30.4203 12.5530 -39.3558 -7.6143 -48.1349 -31.2461 19.4678 -42.0214 -18.1623 -41.5254 -33.6529 27.2211 -44.6952 -23.1557 -19.9269 -35.9431 34.3421 -47.1455 -26.2892 1.9862 -37.6538 28.5101 -48.7970 -28.5383 11.1891 -38.9303 -4.1909 -48.4745 -30.8151 18.0891 -41.4657 -16.5640 -44.1952 -32.9593 24.6059 -43.7047 -21.2929 -33.1043 -34.6439 29.9104 -45.3048 -23.6366 -19.6603 -35.6939 32.9994 -46.2732 -24.8800 -9.9441 -36.2860 32.7887
-35.7062 -13.5985 -24.4434 -45.9494 32.1229 -35.4206 -23.0787 -23.2328 -45.0643 29.2954 -34.5094 -33.9174 -21.2044 -43.7113 24.7807 -33.0523 -43.6816 -17.0901 -41.6887 18.7707 -31.0644 -48.2668 -6.7620 -39.2565 12.1337 -28.8378 -48.8965 25.1206 -37.8147 3.6320 -26.6023 -47.4404 34.8362 -36.2282 -15.8658 -23.6807 -45.0545 28.3467 -33.9830 -39.6495 -19.0169 -42.3932 20.4843 -31.5796 -47.7350 -9.8907 -39.7156 13.3491 -29.4038 -48.7784 -18.4379 -48.7796 -29.3983 13.3318 -39.7095 -9.8537 -47.7435 -31.5734 20.4730 -42.3893 -19.0081 -39.6823 -33.9781 28.3270 -45.0501 -23.6749 -15.9070 -36.2254 34.8326 -47.4377 -26.5992 3.6089 -37.8132 25.1624 -48.8951 -28.8328 12.1144 -39.2495 -6.7106 -48.2717 -31.0590 18.7597 -41.6843 -17.0736 -43.6994 -33.0472 24.7596 -43.7047 -21.1984 -33.9490 -34.5061 29.2887 -45.0620 -23.2266 -23.1367 -35.4167 32.1044 -45.9428 -24.4364 -13.6516 -35.7011
-19.1750 -23.9708 -45.6083 31.1293 -35.1203 -26.7189 -22.7347 -44.7618 28.4462 -34.2972 -35.4366 -20.9261 -43.6064 24.6238 -33.0523 -43.4943 -17.3465 -41.8301 19.2580 -31.2535 -48.0485 -8.5843 -39.5424 12.9654 -29.1151 -48.9499 21.1603 -37.9626 5.0418 -26.9006 -47.7158 35.0642 -36.4995 -12.0062 -24.1702 -45.4068 29.4442 -34.3057 -37.4802 -19.7959 -42.7609 21.5078 -31.9078 -47.2184 -11.7497 -40.0748 14.2959 -29.5488 -48.8276 3.2476 -41.5932 3.3066 -48.8296 -29.5446 14.2844 -40.0711 -11.7218 -47.2291 -31.9014 21.4946 -42.7570 -19.7880 -37.5052 -34.3010 29.4245 -45.4004 -24.1646 -12.0447 -36.4969 35.0632 -47.7118 -26.8967 5.0222 -37.9628 21.2154 -48.9493 -29.1090 12.9464 -39.5354 -8.5452 -48.0542 -31.2480 19.2403 -41.8233 -17.3280 -43.5203 -33.0472 24.6059 -43.6022 -20.9193 -35.4638 -34.2913 28.4390 -44.7594 -22.7291 -26.7811 -35.1155 31.1093 -45.6016 -23.9630 -19.2540
-22.6354 -45.2574 30.0743 -34.8092 -30.1814 -22.1739 -44.4249 27.4595 -34.0306 -37.3135 -20.4791 -43.4087 24.1776 -32.9632 -43.6816 -17.3465 -41.8788 19.5099 -31.3731 -47.8628 -9.8214 -39.7781 13.6685 -29.3629 -48.9613 16.8605 -38.0963 6.2690 -27.1876 -47.9650 34.9665 -36.7547 -8.4999 -24.6301 -45.7514 30.5202 -34.6250 -34.9551 -20.5189 -43.1281 22.5475 -32.2367 -46.5600 -13.3211 -40.4382 15.2566 -29.8508 -48.8671 8.5696 -38.8129 21.4699 -38.8124 8.6451 -48.8692 -29.8484 15.2468 -40.4347 -13.2976 -46.5735 -32.2301 22.5339 -43.1242 -20.5121 -34.9839 -34.6204 30.4999 -45.7451 -24.6254 -8.5466 -36.7521 34.9692 -47.9622 -27.1846 6.2568 -38.0964 16.9565 -48.9615 -29.3567 13.6551 -39.7733 -9.7885 -47.8700 -31.3673 19.4915 -41.8719 -17.3280 -43.6994 -32.9593 24.1674 -43.4064 -20.4708 -37.3474 -34.0246 27.4467 -44.4204 -22.1657 -30.2454 -34.8031 30.0534 -45.2506 -22.6267
-44.9561 28.9755 -34.4926 -33.3103 -21.5674 -44.0699 26.3975 -33.7297 -39.2650 -19.8924 -43.1390 23.4962 -32.7948 -44.1820 -17.0901 -41.8301 19.5099 -31.4141 -47.7553 -10.5348 -39.9463 14.2068 -29.5678 -48.9390 12.7132 -38.2115 7.3345 -27.4597 -48.1837 34.5003 -36.9881 -5.4773 -25.0570 -46.0862 31.5482 -34.9402 -32.0509 -21.1940 -43.4941 23.6032 -32.5657 -45.7387 -14.6758 -40.8031 16.2196 -30.1702 -48.7706 4.3758 -38.4565 11.3467 -33.3763 11.3353 -38.4546 4.4305 -48.7727 -30.1668 16.2101 -40.7995 -14.6532 -45.7557 -32.5590 23.5913 -43.4903 -21.1876 -32.1010 -34.9355 31.5355 -46.0805 -25.0523 -5.5253 -36.9846 34.5072 -48.1821 -27.4564 7.3199 -38.2098 12.8179 -48.9400 -29.5619 14.1996 -39.9425 -10.5030 -47.7625 -31.4085 19.4915 -41.8233 -17.0736 -44.1952 -32.7899 23.4905 -43.1369 -19.8826 -39.2948 -33.7249 26.3789 -44.0632 -21.5553 -33.3671 -34.4864 28.9542 -44.9496
28.0510 -34.1166 -36.0549 -20.9176 -43.7065 25.3095 -33.4092 -41.0933 -19.1871 -42.8220 22.6533 -32.5612 -44.8862 -16.5783 -41.6887 19.2580 -31.3731 -47.7553 -10.7716 -40.0338 14.5490 -29.7117 -48.8995 9.2435 -38.3058 8.2261 -27.7088 -48.3695 33.6591 -37.1948 -2.9740 -25.4458 -46.4068 32.5008 -35.2478 -28.7852 -21.8268 -43.8585 24.6775 -32.8945 -44.7302 -15.8641 -41.1691 17.1871 -30.4928 -48.6545 -0.0969 -38.5861 10.2120 -29.6631 -45.8195 -29.6591 10.1917 -38.5818 -0.0412 -48.6561 -30.4884 17.1776 -41.1653 -15.8436 -44.7515 -32.8879 24.6658 -43.8549 -21.8205 -28.8270 -35.2418 32.4948 -46.4011 -25.4391 -3.0175 -37.1902 33.6722 -48.3668 -27.7034 8.2055 -38.3036 9.3466 -48.9013 -29.7074 14.5394 -40.0302 -10.7411 -47.7625 -31.3673 19.2403 -41.6843 -16.5640 -44.9008 -32.5564 22.6432 -42.8200 -19.1790 -41.1111 -33.4059 25.2899 -43.6995 -20.9045 -36.1044 -34.1104 28.0312
-33.2755 -38.4428 -20.2231 -43.3412 24.2257 -33.0825 -42.6983 -18.3776 -42.4759 21.7131 -32.2826 -45.6720 -15.8247 -41.4679 18.7707 -31.2535 -47.8628 -10.5348 -40.0338 14.6670 -29.7849 -48.8654 6.8634 -38.3752 8.9225 -27.9206 -48.5175 32.4959 -37.3679 -0.9615 -25.7882 -46.7070 33.3434 -35.5408 -25.2203 -22.4160 -44.2185 25.7666 -33.2216 -43.5071 -16.9221 -41.5360 18.1624 -30.8159 -48.4902 -3.8106 -38.8791 11.0338 -28.6632 -48.7771 -15.9827 -48.7762 -28.6573 11.0140 -38.8722 -3.7484 -48.4925 -30.8127 18.1529 -41.5301 -16.9035 -43.5330 -33.2163 25.7554 -44.2164 -22.4067 -25.2688 -35.5354 33.3326 -46.7009 -25.7812 -0.9953 -37.3644 32.5251 -48.5144 -27.9150 8.9048 -38.3734 6.9312 -48.8665 -29.7809 14.6541 -40.0302 -10.5030 -47.8700 -31.2480 18.7597 -41.4657 -15.8093 -45.6843 -32.2783 21.7033 -42.4738 -18.3725 -42.7137 -33.0781 24.2052 -43.3341 -20.2091 -38.4853 -33.2689
-41.3116 -19.4730 -42.9743 23.1580 -32.7539 -44.0577 -17.4799 -42.1143 20.7212 -31.9764 -46.4245 -14.8393 -41.1867 18.0953 -31.0644 -48.0485 -9.8214 -39.9463 14.5490 -29.7849 -48.8525 5.6981 -38.4193 9.4089 -28.0846 -48.6251 31.1754 -37.5047 0.6307 -26.0781 -46.9785 34.0283 -35.8144 -21.5258 -22.9555 -44.5710 26.8549 -33.5459 -42.0435 -17.8761 -41.9036 19.1489 -31.1415 -48.2368 -6.7759 -39.2341 12.0176 -28.8106 -48.8145 15.6695 -41.1141 15.7500 -48.8133 -28.8046 11.9984 -39.2271 -6.7416 -48.2401 -31.1383 19.1386 -41.8970 -17.8587 -42.0701 -33.5422 26.8377 -44.5666 -22.9471 -21.5931 -35.8094 34.0149 -46.9726 -26.0738 0.6032 -37.5032 31.2139 -48.6223 -28.0790 9.3907 -38.4154 5.7613 -48.8526 -29.7809 14.5394 -39.9425 -9.7885 -48.0542 -31.0590 18.0891 -41.1847 -14.8218 -46.4347 -31.9732 20.7156 -42.1107 -17.4701 -44.0779 -32.7478 23.1375 -42.9672 -19.4580 -41.3448
-18.6492 -42.6028 22.1072 -32.4248 -45.1856 -16.4842 -41.7465 19.7200 -31.6548 -47.0847 -13.6116 -40.8641 17.2919 -30.8212 -48.2668 -8.5843 -39.7781 14.2068 -29.7117 -48.8654 5.6981 -38.4355 9.6514 -28.1884 -48.6943 29.9302 -37.6083 1.8507 -26.3138 -47.2125 34.5291 -36.0634 -17.9366 -23.4441 -44.9066 27.9108 -33.8636 -40.3350 -18.7373 -42.2704 20.1492 -31.4683 -47.8814 -9.1792 -39.5936 13.0005 -29.1090 -48.9372 20.8104 -38.4970 19.1050 -38.4964 20.8955 -48.9366 -29.1030 12.9817 -39.5866 -9.1550 -47.8857 -31.4652 20.1329 -42.2644 -18.7231 -40.3615 -33.8586 27.8965 -44.9021 -23.4377 -18.0034 -36.0573 34.5220 -47.2088 -26.3121 1.8276 -37.6068 29.9768 -48.6916 -28.1835 9.6319 -38.4289 5.7613 -48.8665 -29.7074 14.1996 -39.7733 -8.5452 -48.2717 -30.8151 17.2855 -40.8616 -13.5977 -47.0905 -31.6526 19.7103 -41.7429 -16.4674 -45.2040 -32.4185 22.0870 -42.5957 -18.6364
-42.4469 21.0641 -32.0961 -46.1110 -15.3743 -41.3792 18.7260 -31.3285 -47.6263 -12.1274 -40.5173 16.4079 -30.5410 -48.4704 -6.7620 -39.5424 13.6685 -29.5678 -48.8995 6.8634 -38.4193 9.6514 -28.2232 -48.7276 29.0334 -37.6786 2.7189 -26.4954 -47.4030 34.8500 -36.2802 -14.6905 -23.8747 -45.2179 28.9161 -34.1670 -38.3855 -19.5128 -42.6309 21.1546 -31.7943 -47.4088 -11.1562 -39.9548 13.9727 -29.4233 -48.9560 16.7835 -38.1436 8.8841 -32.7772 8.8788 -38.1425 16.8768 -48.9565 -29.4184 13.9541 -39.9480 -11.1369 -47.4141 -31.7913 21.1366 -42.6252 -19.5011 -38.4224 -34.1603 28.9083 -45.2158 -23.8689 -14.7521 -36.2739 34.8473 -47.4012 -26.4941 2.6972 -37.6769 29.0683 -48.7256 -28.2192 9.6319 -38.4154 6.9312 -48.9013 -29.5619 13.6551 -39.5354 -6.7106 -48.4745 -30.5345 16.4024 -40.5148 -12.1179 -47.6310 -31.3254 18.7164 -41.3754 -15.3532 -46.1268 -32.0898 21.0443 -42.4405
20.3471 -31.7410 -46.8600 -14.1200 -41.0126 17.7446 -31.0022 -48.0470 -10.3542 -40.1594 15.4739 -30.2382 -48.6297 -4.2537 -39.2565 12.9654 -29.3629 -48.9390 9.2435 -38.3752 9.4089 -28.1884 -48.7276 28.7159 -37.7146 3.2378 -26.6227 -47.5457 35.0122 -36.4563 -11.9623 -24.2421 -45.4985 29.8351 -34.4466 -36.2477 -20.2063 -42.9803 22.1538 -32.1149 -46.8119 -12.8036 -40.3153 14.9380 -29.7420 -48.9107 11.5260 -38.2314 7.6207 -28.9049 -47.4537 -28.9040 7.6133 -38.2320 11.5905 -48.9112 -29.7370 14.9193 -40.3110 -12.7948 -46.8160 -32.1115 22.1344 -42.9736 -20.1940 -36.2948 -34.4416 29.8280 -45.4965 -24.2370 -12.0136 -36.4506 35.0104 -47.5441 -26.6196 3.2221 -37.7125 28.7335 -48.7256 -28.1835 9.3907 -38.3734 9.3466 -48.9400 -29.3567 12.9464 -39.2495 -4.1909 -48.6323 -30.2330 15.4674 -40.1557 -10.3351 -48.0505 -30.9990 17.7344 -41.0067 -14.0946 -46.8729 -31.7347 20.3278
-30.7381 -47.4590 -12.6796 -40.6471 16.7730 -30.6771 -48.3570 -8.2078 -39.7971 14.5182 -29.9239 -48.7442 -0.9139 -38.9372 12.1337 -29.1151 -48.9613 12.7132 -38.3058 8.9225 -28.0846 -48.6943 29.0334 -37.7146 3.4096 -26.6886 -47.6358 35.0658 -36.5856 -9.9030 -24.5371 -45.7390 30.6339 -34.6987 -34.0095 -20.8116 -43.3089 23.1226 -32.4251 -46.0847 -14.1958 -40.6729 15.8909 -30.0611 -48.8066 6.1823 -38.3583 8.5393 -27.9278 -48.5051 -12.7570 -48.5027 -27.9264 8.5281 -38.3582 6.2371 -48.8071 -30.0564 15.8790 -40.6707 -14.1805 -46.0951 -32.4201 23.1047 -43.3042 -20.8028 -34.0614 -34.6937 30.6265 -45.7369 -24.5327 -9.9512 -36.5810 35.0646 -47.6327 -26.6842 3.3993 -37.7125 29.0683 -48.6916 -28.0790 8.9048 -38.3036 12.8179 -48.9615 -29.1090 12.1144 -38.9303 -0.8368 -48.7467 -29.9190 14.5074 -39.7934 -8.1847 -48.3595 -30.6741 16.7572 -40.6405 -12.6496 -47.4691 -30.7317
-48.1140 -10.9878 -40.2825 15.8076 -30.3535 -48.5709 -5.5719 -39.4363 13.5494 -29.6042 -48.8537 3.3457 -38.6289 11.2088 -28.8378 -48.9499 16.8605 -38.2115 8.2261 -27.9206 -48.6251 29.9302 -37.6786 3.2378 -26.6886 -47.6668 35.0717 -36.6646 -8.5490 -24.7534 -45.9301 31.2881 -34.9150 -31.7885 -21.3307 -43.6107 24.0369 -32.7179 -45.2343 -15.3723 -41.0231 16.8217 -30.3759 -48.6929 1.3784 -38.4990 9.6140 -28.0787 -48.5433 26.3853 -40.5794 26.4023 -48.5403 -28.0765 9.5995 -38.4954 1.4465 -48.6946 -30.3722 16.8157 -41.0184 -15.3500 -45.2525 -32.7127 24.0254 -43.6068 -21.3243 -31.8396 -34.9098 31.2815 -45.9283 -24.7493 -8.5930 -36.6615 35.0715 -47.6618 -26.6842 3.2221 -37.6769 29.9768 -48.6223 -27.9150 8.2055 -38.2098 16.9565 -48.9493 -28.8328 11.1891 -38.6243 3.4386 -48.8560 -29.5994 13.5396 -39.4328 -5.5434 -48.5725 -30.3503 15.7903 -40.2756 -10.9525 -48.1203
-11.5794 -39.9156 14.8437 -30.0313 -48.7011 -2.2859 -39.0775 12.5713 -29.2847 -48.9390 8.4402 -38.4272 10.2087 -28.5431 -48.8965 21.1603 -38.0963 7.3345 -27.7088 -48.5175 31.1754 -37.6083 2.7189 -26.6227 -47.6358 35.0717 -36.6913 -7.8532 -24.8869 -46.0640 31.7758 -35.0858 -29.7810 -21.7624 -43.8789 24.8778 -32.9877 -44.2924 -16.3615 -41.3598 17.7340 -30.6828 -48.5624 -2.5337 -38.7507 10.6539 -28.3740 -48.7238 29.5103 -38.1321 16.8056 -38.1304 29.5268 -48.7224 -28.3710 10.6392 -38.7458 -2.4950 -48.5654 -30.6788 17.7211 -41.3528 -16.3422 -44.3072 -32.9825 24.8704 -43.8753 -21.7547 -29.8271 -35.0814 31.7698 -46.0622 -24.8823 -7.9047 -36.6888 35.0715 -47.6327 -26.6196 2.6972 -37.6068 31.2139 -48.5144 -27.7034 7.3199 -38.0964 21.2154 -48.8951 -28.5383 10.1885 -38.4248 8.5404 -48.9393 -29.2813 12.5616 -39.0740 -2.2502 -48.7020 -30.0269 14.8254 -39.9088 -11.5527
-39.9597 13.8674 -29.7110 -48.8148 1.7995 -38.7206 11.5764 -28.9682 -48.9585 13.9106 -38.3039 9.1432 -28.2382 -48.7992 25.1206 -37.9626 6.2690 -27.4597 -48.3695 32.4959 -37.5047 1.8507 -26.4954 -47.5457 35.0658 -36.6646 -7.8532 -24.9314 -46.1344 32.0773 -35.2077 -28.1423 -22.0926 -44.1015 25.6168 -33.2280 -43.2973 -17.1885 -41.6711 18.6001 -30.9778 -48.3621 -5.6089 -39.0935 11.6441 -28.6795 -48.8480 27.0203 -37.7858 6.1120 -32.1891 6.0938 -37.7831 27.0415 -48.8467 -28.6765 11.6334 -39.0885 -5.5904 -48.3667 -30.9739 18.5865 -41.6661 -17.1731 -43.3125 -33.2220 25.6102 -44.0995 -22.0856 -28.1907 -35.2034 32.0683 -46.1311 -24.9262 -7.9047 -36.6615 35.0646 -47.5441 -26.4941 1.8276 -37.5032 32.5251 -48.3668 -27.4564 6.2568 -37.9628 25.1624 -48.7970 -28.2323 9.1220 -38.2994 13.9791 -48.9582 -28.9651 11.5666 -38.7171 1.8466 -48.8163 -29.7051 13.8494 -39.9542
12.9805 -29.3855 -48.9180 6.6882 -38.4756 10.5564 -28.6538 -48.9221 19.1241 -38.1682 8.0215 -27.9283 -48.6617 28.4584 -37.8147 5.0418 -27.1876 -48.1837 33.6591 -37.3679 0.6307 -26.3138 -47.4030 35.0122 -36.5856 -8.5490 -24.8869 -46.1344 32.1780 -35.2711 -27.0541 -22.3213 -44.2697 26.2115 -33.4270 -42.3086 -17.8703 -41.9508 19.3980 -31.2520 -48.0986 -8.0052 -39.4254 12.5798 -28.9793 -48.9274 23.3444 -37.8903 4.6039 -28.1546 -48.3563 -28.1506 4.5773 -37.8862 23.3710 -48.9254 -28.9770 12.5703 -39.4217 -7.9894 -48.1048 -31.2480 19.3844 -41.9478 -17.8573 -42.3319 -33.4210 26.2055 -44.2678 -22.3147 -27.0914 -35.2690 32.1655 -46.1311 -24.8823 -8.5930 -36.5810 35.0104 -47.4012 -26.3121 0.6032 -37.3644 33.6722 -48.1821 -27.1846 5.0222 -37.8132 28.5101 -48.6587 -27.9223 7.9991 -38.1638 19.1780 -48.9215 -28.6507 10.5463 -38.4744 6.7741 -48.9195 -29.3799 12.9636
-28.2458 -48.9578 12.0786 -38.3445 9.5013 -28.3411 -48.8377 23.6817 -38.0218 6.8297 -27.6199 -48.4886 31.0649 -37.6561 3.6320 -26.9006 -47.9650 34.5003 -37.1948 -0.9615 -26.0781 -47.2125 34.8500 -36.4563 -9.9030 -24.7534 -46.0640 32.0773 -35.2711 -26.6869 -22.4409 -44.3772 26.6286 -33.5745 -41.4416 -18.4017 -42.1934 20.1081 -31.4995 -47.7866 -9.8547 -39.7378 13.4599 -29.2697 -48.9603 18.9707 -38.0338 5.6663 -27.2014 -48.0355 -8.0703 -48.0317 -27.1955 5.6416 -38.0286 19.0043 -48.9592 -29.2675 13.4467 -39.7357 -9.8418 -47.7946 -31.4944 20.0942 -42.1905 -18.3899 -41.4660 -33.5691 26.6220 -44.3738 -22.4354 -26.7099 -35.2690 32.0683 -46.0622 -24.7493 -9.9512 -36.4506 34.8473 -47.2088 -26.0738 -0.9953 -37.1902 34.5072 -47.9622 -26.8967 3.6089 -37.6538 31.1071 -48.4850 -27.6139 6.8066 -38.0194 23.7237 -48.8366 -28.3381 9.4908 -38.3451 12.1766 -48.9582 -28.2407
-48.8262 17.4327 -38.2119 8.3985 -28.0304 -48.7115 27.4074 -37.8692 5.5396 -27.3132 -48.2858 32.9331 -37.4842 2.0143 -26.6023 -47.7158 34.9665 -36.9881 -2.9740 -25.7882 -46.9785 34.5291 -36.2802 -11.9623 -24.5371 -45.9301 31.7758 -35.2077 -27.0541 -22.4409 -44.4149 26.8507 -33.6670 -40.7925 -18.7794 -42.3861 20.7008 -31.7126 -47.4453 -11.2938 -40.0250 14.2619 -29.5441 -48.9460 14.2257 -38.1681 6.8581 -27.3434 -48.0787 32.6122 -40.0029 32.6413 -48.0743 -27.3376 6.8357 -38.1629 14.2622 -48.9465 -29.5409 14.2525 -40.0211 -11.2710 -47.4553 -31.7062 20.6925 -42.3831 -18.7686 -40.8176 -33.6636 26.8391 -44.4098 -22.4354 -27.0914 -35.2034 31.7698 -45.9283 -24.5327 -12.0136 -36.2739 34.5220 -46.9726 -25.7812 -3.0175 -36.9846 34.9692 -47.7118 -26.5992 1.9862 -37.4811 32.9625 -48.2816 -27.3074 5.5224 -37.8672 27.4397 -48.7101 -28.0274 8.3868 -38.2106 17.5188 -48.8262
11.4996 -37.8764 7.2317 -27.7215 -48.5493 30.2888 -37.7100 4.1344 -27.0081 -48.0572 34.1555 -37.2919 0.1674 -26.2928 -47.4407 35.0643 -36.7561 -5.4718 -25.4467 -46.7070 34.0283 -36.0635 -14.6901 -24.2421 -45.7390 31.2881 -35.0858 -28.1423 -22.3213 -44.3772 26.8507 -33.6996 -40.4295 -19.0135 -42.5218 21.1559 -31.8802 -47.1146 -12.3876 -40.2809 14.9820 -29.7950 -48.8883 9.5427 -38.2865 7.9417 -27.6137 -48.2894 33.9399 -37.7258 14.5216 -37.7237 33.9594 -48.2859 -27.6099 7.9226 -38.2837 9.5969 -48.8904 -29.7907 14.9702 -40.2746 -12.3566 -47.1264 -31.8739 21.1475 -42.5188 -19.0047 -40.4488 -33.6976 26.8391 -44.3738 -22.3147 -28.1907 -35.0814 31.2815 -45.7369 -24.2370 -14.7521 -36.0573 34.0149 -46.7009 -25.4391 -5.5253 -36.7521 35.0632 -47.4377 -26.2892 0.1317 -37.2881 34.1736 -48.0525 -27.0024 4.1180 -37.7083 30.3129 -48.5475 -27.7184 7.2130 -37.8769 11.5658
-37.8233 5.9680 -27.4142 -48.3558 32.3929 -37.5427 2.5725 -26.7035 -47.8061 34.8357 -37.0764 -1.9691 -25.9600 -47.1489 34.8370 -36.5028 -8.4848 -25.0604 -46.4074 33.3486 -35.8150 -17.9275 -23.8759 -45.4988 30.6339 -34.9150 -29.7810 -22.0926 -44.2697 26.6286 -33.6670 -40.4295 -19.0950 -42.5961 21.4532 -32.0001 -46.8344 -13.1638 -40.4924 15.6049 -30.0177 -48.7969 5.4034 -38.3897 8.9039 -27.8826 -48.4745 32.9561 -37.3744 2.6353 -31.6049 2.6130 -37.3717 32.9754 -48.4725 -27.8800 8.8878 -38.3905 5.4836 -48.7984 -30.0119 15.5864 -40.4853 -13.1351 -46.8475 -31.9937 21.4397 -42.5911 -19.0882 -40.4488 -33.6636 26.6220 -44.2678 -22.0856 -29.8271 -34.9098 30.6265 -45.4965 -23.8689 -18.0034 -35.8094 33.3326 -46.4011 -25.0523 -8.5466 -36.4969 34.8326 -47.1455 -25.9546 -2.0130 -37.0721 34.8441 -47.8012 -26.6992 2.5558 -37.5410 32.4098 -48.3538 -27.4111 5.9544 -37.8232
4.3038 -27.1173 -48.1352 33.8170 -37.3581 0.8059 -26.3969 -47.5344 35.0703 -36.8411 -4.4681 -25.5959 -46.8435 34.3494 -36.2316 -11.9726 -24.6341 -46.0870 32.5128 -35.5412 -21.5157 -23.4471 -45.2204 29.8358 -34.6987 -31.7885 -21.7624 -44.1015 26.2115 -33.5745 -40.7925 -19.0135 -42.5961 21.5615 -32.0665 -46.6341 -13.6803 -40.6482 16.0911 -30.2022 -48.7214 2.0692 -38.4800 9.7455 -28.1337 -48.6258 31.3979 -37.4772 0.5260 -27.3743 -48.7359 -27.3723 0.4936 -37.4727 31.4240 -48.6237 -28.1301 9.7276 -38.4776 2.1541 -48.7228 -30.1960 16.0724 -40.6411 -13.6531 -46.6481 -32.0601 21.5429 -42.5911 -19.0047 -40.8176 -33.5691 26.2055 -44.0995 -21.7547 -31.8396 -34.6937 29.8280 -45.2158 -23.4377 -21.5931 -35.5354 32.4948 -46.0805 -24.6254 -12.0447 -36.2254 34.3421 -46.8383 -25.5888 -4.5204 -36.8364 35.0709 -47.5307 -26.3937 0.7873 -37.3562 33.8278 -48.1328 -27.1134 4.2928
-25.8196 -47.8893 34.6651 -37.1499 -1.2273 -26.0734 -47.2470 34.9447 -36.5896 -7.3939 -25.2024 -46.5265 33.6624 -35.9484 -15.8299 -24.1739 -45.7517 31.5550 -35.2477 -25.1968 -22.9576 -44.9089 28.9230 -34.4461 -34.0095 -21.3307 -43.8789 25.6168 -33.4270 -41.4416 -18.7794 -42.5218 21.4532 -32.0665 -46.5586 -13.9559 -40.7484 16.4284 -30.3398 -48.6747 -0.4008 -38.6250 10.4692 -28.3590 -48.7420 29.4530 -37.6171 1.7556 -26.4227 -47.3826 0.0003 -47.3793 -26.4184 1.7233 -37.6131 29.4860 -48.7397 -28.3542 10.4492 -38.6181 -0.3216 -48.6768 -30.3336 16.4097 -40.7414 -13.9295 -46.5729 -32.0601 21.4397 -42.5188 -18.7686 -41.4660 -33.4210 25.6102 -43.8753 -21.3243 -34.0614 -34.4416 28.9083 -44.9021 -22.9471 -25.2688 -35.2418 31.5355 -45.7451 -24.1646 -15.9070 -35.9431 33.6492 -46.5205 -25.1945 -7.4550 -36.5836 34.9407 -47.2437 -26.0700 -1.2487 -37.1478 34.6713 -47.8858 -25.8149
-47.5464 35.0316 -36.9206 -3.5987 -25.7194 -46.9456 34.5351 -36.3225 -10.7680 -24.7798 -46.1994 32.8270 -35.6556 -19.8487 -23.6847 -45.4071 30.5202 -34.9403 -28.7631 -22.4165 -44.5715 27.9172 -34.1661 -36.2477 -20.8116 -43.6107 24.8778 -33.2280 -42.3086 -18.4017 -42.3861 21.1559 -32.0001 -46.6341 -13.9559 -40.7848 16.6084 -30.4258 -48.6315 -2.0529 -38.8019 11.0509 -28.5543 -48.8271 27.2761 -37.7395 3.0632 -26.5344 -47.4173 35.1343 -39.3606 35.1394 -47.4130 -26.5299 3.0353 -37.7376 27.3169 -48.8252 -28.5483 11.0312 -38.7951 -1.9807 -48.6342 -30.4195 16.5897 -40.7777 -13.9295 -46.6481 -31.9937 21.1475 -42.3831 -18.3899 -42.3319 -33.2220 24.8704 -43.6068 -20.8028 -36.2948 -34.1603 27.8965 -44.5666 -22.4067 -28.8270 -34.9355 30.4999 -45.4004 -23.6749 -19.9269 -35.6499 32.8102 -46.1931 -24.7714 -10.8377 -36.3164 34.5290 -46.9425 -25.7159 -3.6236 -36.9194 35.0346 -47.5435
32.4304 -36.5631 -6.3805 -25.3355 -46.6321 33.9072 -36.0414 -14.5312 -24.3290 -45.8640 31.8845 -35.3530 -23.8202 -23.1661 -45.0569 29.4450 -34.6252 -32.0477 -21.8280 -44.2213 26.8576 -33.8649 -38.3797 -20.2078 -43.3089 24.0369 -32.9877 -43.2973 -17.8703 -42.1934 20.7008 -31.8802 -46.8344 -13.6803 -40.7484 16.6084 -30.4554 -48.6051 -2.9909 -38.9206 11.4672 -28.7074 -48.8842 25.0564 -37.8455 4.1567 -26.7496 -47.6141 35.0919 -37.2236 12.0103 -37.2216 35.0904 -47.6112 -26.7462 4.1337 -37.8440 25.1271 -48.8826 -28.7014 11.4477 -38.9138 -2.9228 -48.6081 -30.4492 16.5897 -40.7414 -13.6531 -46.8475 -31.8739 20.6925 -42.1905 -17.8573 -43.3125 -32.9825 24.0254 -43.3042 -20.1940 -38.4224 -33.8586 26.8377 -44.2164 -21.8205 -32.1010 -34.6204 29.4245 -45.0501 -23.1557 -23.8955 -35.3470 31.8651 -45.8575 -24.3199 -14.6044 -36.0369 33.8999 -46.6290 -25.3316 -6.4081 -36.5633 32.4380
-36.0326 -9.6474 -24.9222 -46.3083 33.1157 -35.7513 -18.5440 -23.8491 -45.5215 30.8682 -35.0447 -27.5657 -22.6162 -44.7021 28.3479 -34.3071 -34.9512 -21.1967 -43.8620 25.7759 -33.5486 -40.3248 -19.5161 -42.9807 23.1227 -32.7179 -44.2924 -17.1885 -41.9508 20.1081 -31.7126 -47.1146 -13.1638 -40.6482 16.4284 -30.4258 -48.6051 -3.2945 -38.9827 11.7209 -28.8110 -48.9171 23.0981 -37.9303 5.0247 -26.9485 -47.8022 35.0638 -36.7919 -2.6993 -30.9035 -2.7288 -36.7889 35.0636 -47.8011 -26.9463 5.0047 -37.9285 23.1781 -48.9158 -28.8050 11.7016 -38.9758 -3.2277 -48.6081 -30.4195 16.4097 -40.6411 -13.1351 -47.1264 -31.7062 20.0942 -41.9478 -17.1731 -44.3072 -32.7127 23.1047 -42.9736 -19.5011 -40.3615 -33.5422 25.7554 -43.8549 -21.1876 -34.9839 -34.3010 28.3270 -44.6952 -22.6049 -27.6557 -35.0386 30.8472 -45.5148 -23.8398 -18.5958 -35.7470 33.1073 -46.3051 -24.9182 -9.6640 -36.0318
-14.8215 -24.4806 -45.9755 32.2045 -35.4525 -22.5574 -23.3402 -45.1731 29.8033 -34.7309 -30.9791 -22.0331 -44.3435 27.2431 -33.9846 -37.4727 -20.5253 -43.4974 24.6868 -33.2227 -42.0391 -18.7392 -42.6323 22.1546 -32.4264 -45.2336 -16.3615 -41.6711 19.3980 -31.4995 -47.4453 -12.3876 -40.4924 16.0911 -30.3398 -48.6315 -2.9909 -38.9827 11.8084 -28.8659 -48.9332 21.6468 -37.9916 5.6598 -27.1113 -47.9564 34.9206 -36.8427 -6.3805 -26.3638 -48.8129 -26.3611 -6.4233 -36.8398 34.9215 -47.9551 -27.1100 5.6390 -37.9894 21.7322 -48.9321 -28.8599 11.7891 -38.9758 -2.9228 -48.6342 -30.3336 16.0724 -40.4853 -12.3566 -47.4553 -31.4944 19.3844 -41.6661 -16.3422 -45.2525 -32.4201 22.1344 -42.6252 -18.7231 -42.0701 -33.2163 24.6658 -43.4903 -20.5121 -37.5052 -33.9781 27.2211 -44.3365 -22.0209 -31.0651 -34.7248 29.7822 -45.1663 -23.3305 -22.6016 -35.4484 32.1952 -45.9720 -24.4769 -14.8507
-23.1108 -45.6328 31.2091 -35.1457 -26.3915 -22.8007 -44.8197 28.7114 -34.4128 -34.0304 -21.4131 -43.9819 26.1399 -33.6595 -39.6319 -19.8030 -43.1313 23.6120 -32.8943 -43.5071 -17.8762 -42.2714 21.1555 -32.1163 -46.0790 -15.3729 -41.3598 18.6001 -31.2520 -47.7866 -11.2938 -40.2809 15.6049 -30.2022 -48.6747 -2.0529 -38.9206 11.7209 -28.8659 -48.9380 20.8442 -38.0293 6.0821 -27.2313 -48.0708 34.6717 -36.9765 -5.0771 -25.3398 -46.6466 14.5235 -46.6444 -25.3364 -5.1178 -36.9724 34.6738 -48.0692 -27.2290 6.0599 -38.0270 20.9324 -48.9371 -28.8599 11.7016 -38.9138 -1.9807 -48.6768 -30.1960 15.5864 -40.2746 -11.2710 -47.7946 -31.2480 18.5865 -41.3528 -15.3500 -46.0951 -32.1115 21.1366 -42.2644 -17.8587 -43.5330 -32.8879 23.5913 -43.1242 -19.7880 -39.6823 -33.6529 26.1178 -43.9748 -21.4004 -34.0915 -34.4055 28.6900 -44.8128 -22.7905 -26.4309 -35.1425 31.1986 -45.6279 -23.1061
-45.3160 30.1503 -34.8335 -29.9198 -22.2262 -44.4622 27.6074 -34.0911 -36.6838 -20.7528 -43.6180 25.0453 -33.3323 -41.4802 -19.0246 -42.7642 22.5548 -32.5655 -44.7299 -16.9227 -41.9038 20.1497 -31.7961 -46.8070 -14.1990 -41.0254 17.7400 -30.9778 -48.0986 -9.8547 -40.0250 14.9821 -30.0177 -48.7214 -0.4008 -38.8019 11.4672 -28.8110 -48.9332 20.8442 -38.0422 6.3047 -27.3066 -48.1457 34.4059 -37.0846 -3.6891 -25.4274 -46.4880 34.6416 -38.8492 34.6396 -46.4848 -25.4234 -3.7258 -37.0794 34.4095 -48.1433 -27.3028 6.2822 -38.0400 20.9324 -48.9321 -28.8050 11.4477 -38.7951 -0.3216 -48.7228 -30.0119 14.9702 -40.0211 -9.8418 -48.1048 -30.9739 17.7211 -41.0184 -14.1805 -46.8160 -31.7913 20.1329 -41.8970 -16.9035 -44.7515 -32.5590 22.5339 -42.7570 -19.0081 -41.5254 -33.3259 25.0240 -43.6109 -20.7361 -36.7333 -34.0836 27.5859 -44.4553 -22.2180 -29.9548 -34.8311 30.1349 -45.3120
29.1342 -34.4551 -33.0814 -21.6181 -44.1014 26.5028 -33.7668 -38.9687 -20.0472 -43.2524 23.9653 -33.0043 -43.0465 -18.1803 -42.3966 21.5155 -32.2380 -45.7321 -15.8687 -41.5375 19.1565 -31.4728 -47.4061 -12.8201 -40.6778 16.8348 -30.6838 -48.3620 -8.0060 -39.7379 14.2621 -29.7951 -48.7969 2.0681 -38.6252 11.0511 -28.7076 -48.9164 21.6453 -38.0293 6.3050 -27.3333 -48.1853 34.2030 -37.1531 -2.7197 -25.5937 -46.6145 33.4628 -36.5264 8.8523 -36.5240 33.4527 -46.6129 -25.5890 -2.7543 -37.1489 34.2119 -48.1822 -27.3286 6.2822 -38.0270 21.7322 -48.9158 -28.7014 11.0312 -38.6181 2.1541 -48.7984 -29.7907 14.2525 -39.7357 -7.9894 -48.3667 -30.6788 16.8157 -40.6707 -12.7948 -47.4141 -31.4652 19.1386 -41.5301 -15.8436 -45.7557 -32.2301 21.4946 -42.3893 -18.1623 -43.0774 -32.9966 23.9441 -43.2449 -20.0274 -39.0105 -33.7591 26.4811 -44.0945 -21.6101 -33.1105 -34.4539 29.1223
-33.6514 -35.8762 -20.9743 -43.7391 25.4156 -33.4472 -40.9081 -19.2918 -42.8873 22.9120 -32.6823 -44.3428 -17.2623 -42.0308 20.5028 -31.9160 -46.5500 -14.6954 -41.1749 18.1818 -31.1528 -47.8744 -11.1976 -40.3227 15.9095 -30.3840 -48.5605 -5.6419 -39.4280 13.4664 -29.5506 -48.8842 5.3774 -38.4837 10.4756 -28.5613 -48.8816 23.0751 -37.9933 6.0952 -27.3126 -48.1852 34.1206 -37.1870 -2.1514 -25.7128 -46.7365 33.6411 -35.9123 -12.7021 -29.8757 -12.7687 -35.8801 33.6232 -46.7294 -25.7155 -2.2144 -37.1796 34.1392 -48.1821 -27.3028 6.0599 -37.9894 23.1781 -48.8826 -28.5483 10.4492 -38.4776 5.4836 -48.8904 -29.5409 13.4467 -39.4217 -5.5904 -48.5654 -30.3722 15.8790 -40.3110 -11.1369 -47.8857 -31.1383 18.1529 -41.1653 -14.6532 -46.5735 -31.9014 20.4730 -42.0214 -17.2319 -44.3736 -32.6676 22.8810 -42.8780 -19.2662 -40.9531 -33.4326 25.3837 -43.7312 -20.9629 -35.8980 -33.6420
-39.0571 -20.3515 -43.3997 24.4148 -33.1984 -42.4362 -18.5426 -42.5462 21.9459 -32.4312 -45.3425 -16.3278 -41.6923 19.5735 -31.6642 -47.1668 -13.4526 -40.8386 17.2803 -30.9013 -48.2073 -9.3852 -39.9907 15.0294 -30.1412 -48.6841 -2.8298 -39.1270 12.6662 -29.3477 -48.8982 9.0962 -38.4155 9.8416 -28.4351 -48.8052 24.7448 -37.9532 5.7796 -27.3046 -48.1457 34.1363 -37.2291 -1.9108 -25.8837 -46.7809 33.7147 -35.8575 -18.4735 -24.8012 -48.4227 -24.8943 -20.4452 -35.7399 33.9082 -46.8751 -25.8935 -2.4818 -36.9504 34.2132 -48.1433 -27.2290 5.6390 -37.9285 25.1271 -48.8252 -28.3542 9.7276 -38.3905 9.5969 -48.9465 -29.2675 12.5703 -39.0885 -2.4950 -48.6946 -30.0564 14.9193 -39.9480 -9.1550 -48.2401 -30.8127 17.1776 -40.7995 -13.2976 -47.2291 -31.5734 19.4678 -41.6535 -16.2071 -45.4460 -32.3386 21.8357 -42.5104 -18.4429 -42.5963 -33.1049 24.2988 -43.3658 -20.2675 -39.2799
-20.1837 -43.3548 24.3504 -33.5623 -42.5859 -18.5285 -42.4851 21.8342 -32.7909 -45.4534 -16.2553 -41.6387 19.4697 -32.0223 -47.2340 -13.3053 -40.7922 17.1775 -31.2527 -48.2425 -9.1117 -39.9498 14.9271 -30.4850 -48.6949 -2.3899 -39.1040 12.6149 -29.7021 -48.8181 9.1183 -38.5290 9.9795 -28.8421 -48.6234 23.7558 -38.1005 6.3811 -27.8157 -48.0616 33.4449 -37.4728 0.2027 -26.3984 -46.9448 34.6772 -36.4201 -14.8009 -24.5782 -45.8206 27.9712 -45.5026 -23.6254 -19.5244 -36.0347 33.8997 -46.6158 -25.4368 -2.8987 -37.1380 34.4096 -48.0692 -27.1100 5.0047 -37.8440 27.3169 -48.7397 -28.1301 8.8878 -38.2837 14.2622 -48.9592 -28.9770 11.6334 -38.7458 1.4465 -48.8071 -29.7370 13.9541 -39.5866 -6.7416 -48.4925 -30.4884 16.2101 -40.4347 -11.7218 -47.7435 -31.2461 18.4771 -41.2863 -15.0621 -46.3228 -32.0097 20.8076 -42.1404 -17.5448 -43.9730 -32.7762 23.2292 -42.9952 -19.3366
