22.4785 -36.5193 -6.5457 -24.0419 -46.0554 31.1509 -34.4071 -33.6854 -20.6439 -43.5861 23.7929 -31.8787 -46.2715 -15.4568 -41.0677 16.2832 -29.3580 -48.7867 -2.7471 -38.6395 8.6406 -26.9059 -48.3111 27.5951 -36.9485 -3.6863 -24.4391 -46.3807 31.8985 -34.7607 -30.3648 -21.2124 -43.9548 24.9458 -32.2554 -45.2903 -16.4336 -41.4368 17.3657 -29.7273 -48.7309 -5.8675 -38.9901 9.8705 -27.2638 -48.5039 24.3952 -37.2152 -0.4880 -26.4665 -48.7757 -26.4648 -0.5035 -37.2146 24.4381 -48.5023 -27.2589 9.8625 -38.9878 -5.8339 -48.7321 -29.7221 17.3491 -41.4312 -16.4182 -45.3085 -32.2489 24.9258 -43.9484 -21.2025 -30.4285 -34.7543 31.8863 -46.3747 -24.4319 -3.7375 -36.9440 27.6427 -48.3076 -26.8996 8.6289 -38.6363 -2.7030 -48.7869 -29.3525 16.2755 -41.0651 -15.4454 -46.2815 -31.8731 23.7840 -43.5812 -20.6352 -33.7338 -34.4009 31.1419 -46.0523 -24.0371 -6.5890 -36.5178 22.5256
-36.5193 -4.1069 -25.3426 -46.3568 32.3793 -35.1340 -29.1800 -21.7557 -43.8148 24.5392 -32.8150 -44.8763 -15.7159 -41.1186 17.0533 -30.4359 -48.6709 0.4937 -38.4685 9.8115 -28.1262 -48.6007 31.8321 -37.2763 -0.5893 -25.8374 -46.7269 33.3648 -35.4662 -25.2590 -22.4022 -44.2061 25.7213 -33.1680 -43.5684 -16.8774 -41.5174 18.1130 -30.7854 -48.4999 -3.6383 -38.8547 10.9441 -28.4620 -48.7637 29.2711 -37.4545 1.5315 -26.3860 -47.3569 0.0048 -47.3538 -26.3833 1.5234 -37.4562 29.3128 -48.7621 -28.4580 10.9334 -38.8510 -3.5818 -48.5033 -30.7797 18.0947 -41.5106 -16.8580 -43.5938 -33.1618 25.7001 -44.1991 -22.3910 -25.3323 -35.4605 33.3489 -46.7208 -25.8308 -0.6182 -37.2749 31.8665 -48.5978 -28.1217 9.8056 -38.4665 0.5576 -48.6726 -30.4314 17.0486 -41.1168 -15.6996 -44.8922 -32.8103 24.5323 -43.8106 -21.7464 -29.2406 -35.1283 32.3662 -46.3527 -25.3373 -4.1459 -36.5178
-6.5457 -25.3426 -46.4834 32.9571 -35.4367 -26.0268 -22.3146 -44.1674 25.6181 -33.1784 -43.6781 -16.7943 -41.4894 18.0381 -30.7749 -48.5159 -3.3530 -38.8277 10.8663 -28.4353 -48.7538 29.5043 -37.5955 1.3679 -26.1762 -47.0401 34.1212 -35.8416 -21.3302 -22.9668 -44.5699 26.8338 -33.5378 -42.1014 -17.8406 -41.8890 19.1096 -31.1289 -48.2489 -6.6628 -39.2163 11.9644 -28.7756 -48.8757 26.0641 -37.7721 3.1995 -26.5312 -47.3906 35.1647 -39.3497 35.1660 -47.3888 -26.5282 3.1848 -37.7722 26.1014 -48.8747 -28.7724 11.9490 -39.2107 -6.6146 -48.2541 -31.1229 19.0908 -41.8821 -17.8230 -42.1320 -33.5315 26.8124 -44.5630 -22.9562 -21.4077 -35.8360 34.1082 -47.0342 -26.1704 1.3443 -37.5942 29.5360 -48.7520 -28.4318 10.8564 -38.8242 -3.3173 -48.5179 -30.7715 18.0290 -41.4860 -16.7834 -43.6971 -33.1737 25.6113 -44.1629 -22.3052 -26.0969 -35.4308 32.9401 -46.4771 -25.3373 -6.5890
-24.0419 -46.3568 32.9571 -35.5268 -23.9564 -22.7154 -44.4625 26.5953 -33.4798 -42.3022 -17.7410 -41.8533 19.0205 -31.1003 -48.2743 -6.4269 -39.1857 11.8794 -28.7498 -48.8682 26.3668 -37.7613 3.0751 -26.4927 -47.3373 34.6874 -36.1277 -17.3051 -23.4969 -44.9265 27.9402 -33.8633 -40.3663 -18.7133 -42.2571 20.1100 -31.4556 -47.8976 -9.0915 -39.5761 12.9525 -29.0907 -48.9423 22.0085 -37.9287 4.6946 -26.8217 -47.6427 35.0941 -37.2199 11.9721 -37.2172 35.0927 -47.6397 -26.8179 4.6798 -37.9272 22.0519 -48.9419 -29.0877 12.9424 -39.5724 -9.0557 -47.9042 -31.4511 20.0919 -42.2505 -18.6974 -40.4021 -33.8571 27.9188 -44.9197 -23.4869 -17.3830 -36.1222 34.6785 -47.3317 -26.4869 3.0452 -37.7568 26.4115 -48.8668 -28.7451 11.8683 -39.1818 -6.3991 -48.2773 -31.0959 19.0069 -41.8497 -17.7321 -42.3184 -33.4761 26.5819 -44.4560 -22.7047 -24.0312 -35.5210 32.9401 -46.3527 -24.0371
-46.0554 32.3793 -35.4367 -23.9564 -22.8632 -44.6334 27.3059 -33.7217 -40.8896 -18.5372 -42.1990 19.9811 -31.4193 -47.9364 -8.8970 -39.5456 12.8700 -29.0661 -48.9387 22.3567 -37.9184 4.5831 -26.7961 -47.6193 35.0165 -36.4035 -13.3638 -23.9968 -45.2785 29.0418 -34.1870 -38.3204 -19.5153 -42.6250 21.1256 -31.7834 -47.4296 -11.0842 -39.9374 13.9257 -29.4077 -48.9578 17.1693 -38.0779 6.0471 -27.1248 -47.9057 35.0267 -36.8284 -2.5688 -30.9180 -2.5949 -36.8257 35.0299 -47.9013 -27.1207 6.0337 -38.0765 17.2193 -48.9579 -29.4046 13.9163 -39.9339 -11.0652 -47.4351 -31.7803 21.1090 -42.6190 -19.5017 -38.3602 -34.1811 29.0210 -45.2719 -23.9874 -13.4378 -36.3983 35.0128 -47.6140 -26.7903 4.5554 -37.9138 22.4388 -48.9379 -29.0600 12.8574 -39.5411 -8.8610 -47.9407 -31.4147 19.9712 -42.1955 -18.5288 -40.9010 -33.7194 27.2875 -44.6271 -22.8527 -24.0312 -35.4308 32.3662 -46.0523
31.1509 -35.1340 -26.0268 -22.7154 -44.6334 27.5693 -33.8593 -39.7645 -19.1273 -42.4971 20.8631 -31.7162 -47.5093 -10.8671 -39.9017 13.8398 -29.3814 -48.9586 17.5687 -38.0665 5.9454 -27.1000 -47.8839 35.0411 -36.6663 -9.7070 -24.4676 -45.6253 30.1271 -34.5076 -35.9299 -20.2581 -42.9924 22.1585 -32.1119 -46.8272 -12.7549 -40.3004 14.8912 -29.7264 -48.9144 11.8119 -38.2192 7.2919 -27.4307 -48.1485 34.6295 -36.9479 -5.5401 -26.4376 -48.8116 -26.4335 -5.5861 -36.9459 34.6404 -48.1445 -27.4262 7.2793 -38.2175 11.8652 -48.9152 -29.7234 14.8818 -40.2969 -12.7400 -46.8338 -32.1089 22.1477 -42.9886 -20.2469 -35.9717 -34.5034 30.1079 -45.6191 -24.4590 -9.7729 -36.6614 35.0440 -47.8790 -27.0941 5.9202 -38.0637 17.6680 -48.9588 -29.3756 13.8219 -39.8950 -10.8338 -47.5133 -31.7133 20.8531 -42.4918 -19.1187 -39.7841 -33.8577 27.5526 -44.6271 -22.7047 -26.0969 -35.1283 31.1419
-34.4071 -29.1800 -22.3146 -44.4625 27.3059 -33.8593 -39.3233 -19.4462 -42.7010 21.5644 -31.9669 -47.0296 -12.4007 -40.2392 14.7649 -29.6897 -48.9227 12.2801 -38.2082 7.1975 -27.4054 -48.1285 34.6821 -36.9138 -6.4659 -24.9101 -45.9657 31.1794 -34.8245 -33.1673 -20.9501 -43.3589 23.2094 -32.4408 -46.0703 -14.1848 -40.6648 15.8544 -30.0470 -48.8102 6.4350 -38.3508 8.4545 -27.7392 -48.3676 33.7507 -37.1642 -3.3863 -25.5270 -46.7344 13.1688 -46.7305 -25.5216 -3.4279 -37.1628 33.7724 -48.3640 -27.7335 8.4424 -38.3494 6.4859 -48.8116 -30.0438 15.8450 -40.6612 -14.1719 -46.0785 -32.4376 23.1991 -43.3554 -20.9432 -33.1980 -34.8219 31.1628 -45.9603 -24.9031 -6.5202 -36.9096 34.6930 -48.1240 -27.3995 7.1741 -38.2055 12.3857 -48.9230 -29.6851 14.7466 -40.2322 -12.3808 -47.0347 -31.9641 21.5472 -42.6968 -19.4379 -39.3507 -33.8577 27.2875 -44.4560 -22.3052 -29.2406 -34.4009
-33.6854 -21.7557 -44.1674 26.5953 -33.7217 -39.7645 -19.4462 -42.7734 21.9542 -32.1372 -46.5859 -13.5226 -40.5364 15.6066 -29.9799 -48.8288 7.0868 -38.3401 8.3539 -27.7110 -48.3497 33.8493 -37.1435 -3.6736 -25.3238 -46.2987 32.1766 -35.1365 -30.0197 -21.5979 -43.7242 24.2779 -32.7698 -45.1357 -15.4312 -41.0305 16.8200 -30.3692 -48.6965 1.5798 -38.4866 9.5551 -28.0482 -48.5596 32.2900 -37.3698 -1.0838 -25.7581 -46.6986 34.8955 -38.9239 34.8919 -46.6940 -25.7536 -1.1184 -37.3689 32.3225 -48.5564 -28.0426 9.5431 -38.4849 1.6251 -48.6974 -30.3660 16.8105 -41.0269 -15.4198 -45.1458 -32.7666 24.2675 -43.7206 -21.5918 -30.0521 -35.1341 32.1666 -46.2953 -25.3186 -3.7156 -37.1405 33.8696 -48.3458 -27.7051 8.3320 -38.3355 7.1553 -48.8291 -29.9750 15.5882 -40.5294 -13.5039 -46.5959 -32.1322 21.9366 -42.7706 -19.4379 -39.7841 -33.7194 26.5819 -44.1629 -21.7464 -33.7338
-20.6439 -43.8148 25.6181 -33.4798 -40.8896 -19.1273 -42.7010 21.9542 -32.1976 -46.3150 -14.2092 -40.7616 16.2970 -30.2332 -48.7295 2.6382 -38.4556 9.4121 -28.0109 -48.5412 32.4574 -37.3521 -1.2913 -25.7087 -46.6228 33.0906 -35.4425 -26.5025 -22.2065 -44.0875 25.3625 -33.0985 -43.9972 -16.5351 -41.3972 17.7924 -30.6932 -48.5623 -2.4676 -38.7390 10.6099 -28.3591 -48.7199 30.1431 -37.5531 0.9168 -26.0968 -46.9698 34.1288 -36.6966 9.4926 -36.6943 34.1244 -46.9662 -26.0924 0.8979 -37.5524 30.1852 -48.7173 -28.3543 10.5966 -38.7344 -2.4276 -48.5642 -30.6897 17.7825 -41.3935 -16.5248 -44.0095 -33.0952 25.3519 -44.0840 -22.2007 -26.5382 -35.4396 33.0822 -46.6197 -25.7048 -1.3142 -37.3496 32.4891 -48.5379 -28.0050 9.3920 -38.4498 2.6947 -48.7308 -30.2273 16.2787 -40.7548 -14.1838 -46.3301 -32.1912 21.9366 -42.6968 -19.1187 -40.9010 -33.4761 25.6113 -43.8106 -20.6352
-43.5861 24.5392 -33.1784 -42.3022 -18.5372 -42.4971 21.5644 -32.1372 -46.3150 -14.4372 -40.8842 16.7532 -30.4226 -48.6532 -0.7186 -38.6319 10.3474 -28.2936 -48.6970 30.4599 -37.5340 0.7310 -26.0617 -46.9365 33.8859 -35.7413 -22.6780 -22.7797 -44.4483 26.4599 -33.4264 -42.6252 -17.5262 -41.7649 18.7753 -31.0198 -48.3435 -5.7223 -39.0980 11.6342 -28.6720 -48.8438 27.2141 -37.7195 2.6694 -26.4174 -47.2667 34.5825 -36.2325 -9.3930 -30.1773 -9.4301 -36.2274 34.5759 -47.2628 -26.4120 2.6519 -37.7192 27.2501 -48.8413 -28.6670 11.6156 -39.0913 -5.6853 -48.3469 -31.0149 18.7643 -41.7608 -17.5166 -42.6404 -33.4231 26.4490 -44.4448 -22.7743 -22.7164 -35.7385 33.8789 -46.9335 -26.0586 0.7118 -37.5317 30.5053 -48.6949 -28.2899 10.3305 -38.6269 -0.6494 -48.6552 -30.4181 16.7372 -40.8781 -14.4128 -46.3301 -32.1322 21.5472 -42.4918 -18.5288 -42.3184 -33.1737 24.5323 -43.5812
23.7929 -32.8150 -43.6781 -17.7410 -42.1990 20.8631 -31.9669 -46.5859 -14.2092 -40.8842 16.9125 -30.5243 -48.5883 -2.8935 -38.8565 11.1185 -28.5459 -48.8132 27.9484 -37.6907 2.4359 -26.3774 -47.2331 34.5145 -36.0305 -18.6739 -23.3204 -44.8060 27.5649 -33.7531 -40.9865 -18.4268 -42.1333 19.7718 -31.3476 -48.0259 -8.3430 -39.4572 12.6285 -28.9865 -48.9256 23.4393 -37.8781 4.2201 -26.7223 -47.5524 34.9633 -36.3568 -13.4178 -25.4266 -48.5930 -25.4210 -13.4905 -36.3509 34.9586 -47.5472 -26.7169 4.2037 -37.8763 23.4850 -48.9241 -28.9816 12.6101 -39.4503 -8.2992 -48.0328 -31.3412 19.7589 -42.1286 -18.4170 -41.0062 -33.7496 27.5537 -44.8024 -23.3151 -18.7133 -36.0284 34.5112 -47.2312 -26.3752 2.4115 -37.6872 27.9853 -48.8120 -28.5446 11.1089 -38.8531 -2.8368 -48.5899 -30.5202 16.8985 -40.8781 -14.1838 -46.5959 -31.9641 20.8531 -42.1955 -17.7321 -43.6971 -32.8103 23.7840
-31.8787 -44.8763 -16.7943 -41.8533 19.9811 -31.7162 -47.0296 -13.5226 -40.7616 16.7532 -30.5243 -48.5619 -3.9402 -39.0121 11.6765 -28.7496 -48.8892 25.1638 -37.8287 3.8498 -26.6590 -47.5069 34.9238 -36.3050 -14.7204 -23.8272 -45.1596 28.6703 -34.0792 -39.0461 -19.2528 -42.5033 20.7878 -31.6753 -47.5980 -10.4668 -39.8180 13.6056 -29.3029 -48.9588 18.8395 -38.0297 5.6172 -27.0258 -47.8214 35.0674 -36.6066 -10.4612 -24.5278 -46.0725 24.7315 -46.0679 -24.5211 -10.5219 -36.6043 35.0686 -47.8167 -27.0211 5.6003 -38.0281 18.8940 -48.9586 -29.2981 13.5874 -39.8110 -10.4293 -47.6075 -31.6687 20.7688 -42.4964 -19.2422 -39.0730 -34.0742 28.6579 -45.1560 -23.8236 -14.7577 -36.3014 34.9219 -47.5051 -26.6577 3.8279 -37.8237 25.1818 -48.8882 -28.7464 11.6667 -39.0087 -3.8932 -48.5628 -30.5202 16.7372 -40.7548 -13.5039 -47.0347 -31.7133 19.9712 -41.8497 -16.7834 -44.8922 -31.8731
-46.2715 -15.7159 -41.4894 19.0205 -31.4193 -47.5093 -12.4007 -40.5364 16.2970 -30.4226 -48.5883 -3.9402 -39.0667 11.9677 -28.8808 -48.9301 22.5474 -37.9400 4.9836 -26.9110 -47.7485 35.0720 -36.5564 -11.0874 -24.2967 -45.5026 29.7541 -34.4009 -36.7607 -20.0184 -42.8712 21.8156 -32.0034 -47.0421 -12.2335 -40.1804 14.5730 -29.6210 -48.9358 13.6083 -38.1739 6.9010 -27.3310 -48.0711 34.8091 -36.8561 -7.1859 -24.8234 -45.9435 33.2904 -38.5219 33.2828 -45.9387 -24.8193 -7.2310 -36.8547 34.8142 -48.0665 -27.3262 6.8786 -38.1719 13.6637 -48.9363 -29.6166 14.5550 -40.1736 -12.2020 -47.0542 -31.9970 21.7955 -42.8640 -20.0046 -36.8065 -34.3957 29.7466 -45.5002 -24.2927 -11.1223 -36.5514 35.0714 -47.7469 -26.9096 4.9644 -37.9367 22.5871 -48.9295 -28.8767 11.9574 -39.0618 -3.8932 -48.5899 -30.4181 16.2787 -40.5294 -12.3808 -47.5133 -31.4147 19.0069 -41.4860 -15.6996 -46.2815
-15.4568 -41.1186 18.0381 -31.1003 -47.9364 -10.8671 -40.2392 15.6066 -30.2332 -48.6532 -2.8935 -39.0121 11.9677 -28.9255 -48.9461 20.7028 -38.0167 5.8117 -27.1224 -47.9465 34.9605 -36.7790 -7.9878 -24.7191 -45.8292 30.7878 -34.7120 -34.1519 -20.7247 -43.2381 22.8605 -32.3322 -46.3386 -13.7355 -40.5444 15.5364 -29.9410 -48.8478 8.1729 -38.3093 8.0876 -27.6378 -48.2983 34.1000 -37.0903 -4.3073 -25.2308 -46.2267 32.1792 -36.1422 6.8163 -36.1383 32.1726 -46.2228 -25.2255 -4.3361 -37.0874 34.1106 -48.2945 -27.6329 8.0671 -38.3070 8.2282 -48.8489 -29.9377 15.5186 -40.5376 -13.7086 -46.3537 -32.3259 22.8401 -43.2310 -20.7114 -34.2046 -34.7062 30.7812 -45.8265 -24.7152 -8.0204 -36.7742 34.9614 -47.9454 -27.1202 5.7986 -38.0167 20.7457 -48.9456 -28.9223 11.9574 -39.0087 -2.8368 -48.6552 -30.2273 15.5882 -40.2322 -10.8338 -47.9407 -31.0959 18.0290 -41.1168 -15.4454
-41.0677 17.0533 -30.7749 -48.2743 -8.8970 -39.9017 14.7649 -29.9799 -48.7295 -0.7186 -38.8565 11.6765 -28.8808 -48.9461 20.0494 -38.0572 6.3171 -27.2763 -48.0938 34.6544 -36.9621 -5.5120 -25.0846 -46.1295 31.7308 -35.0082 -31.2613 -21.3698 -43.5992 23.9200 -32.6612 -45.4654 -15.0373 -40.9096 16.5007 -30.2626 -48.7376 3.0973 -38.4361 9.2060 -27.9463 -48.4996 32.8424 -37.3043 -1.8284 -25.6215 -46.5486 32.9071 -35.5684 -18.2688 -29.3617 -18.3119 -35.5617 32.8955 -46.5443 -25.6153 -1.8575 -37.3018 32.8594 -48.4975 -27.9415 9.1863 -38.4319 3.1472 -48.7383 -30.2594 16.4834 -40.9030 -15.0141 -45.4838 -32.6548 23.8993 -43.5922 -21.3575 -31.3158 -35.0014 31.7243 -46.1273 -25.0812 -5.5518 -36.9581 34.6606 -48.0912 -27.2720 6.3080 -38.0568 20.0720 -48.9456 -28.8767 11.6667 -38.8531 -0.6494 -48.7308 -29.9750 14.7466 -39.8950 -8.8610 -48.2773 -30.7715 17.0486 -41.0651
16.2832 -30.4359 -48.5159 -6.4269 -39.5456 13.8398 -29.6897 -48.8288 2.6382 -38.6319 11.1185 -28.7496 -48.9301 20.7028 -38.0572 6.4894 -27.3566 -48.1843 34.2980 -37.0963 -3.6864 -25.3849 -46.3920 32.5425 -35.2797 -28.1903 -21.9521 -43.9464 24.9671 -32.9848 -44.4016 -16.1841 -41.2759 17.4702 -30.5859 -48.6154 -1.2263 -38.6493 10.2735 -28.2565 -48.6708 30.9330 -37.4953 0.2994 -25.9833 -46.8645 33.7164 -35.6938 -22.6963 -24.2767 -48.1648 -24.2716 -22.7685 -35.6878 33.7067 -46.8586 -25.9776 0.2633 -37.4929 30.9560 -48.6691 -28.2521 10.2540 -38.6428 -1.1831 -48.6169 -30.5827 17.4543 -41.2699 -16.1636 -44.4240 -32.9785 24.9468 -43.9396 -21.9414 -28.2517 -35.2740 32.5369 -46.3898 -25.3814 -3.7274 -37.0928 34.3136 -48.1798 -27.3509 6.4797 -38.0568 20.7457 -48.9295 -28.7464 11.1089 -38.6269 2.6947 -48.8291 -29.6851 13.8219 -39.5411 -6.3991 -48.5179 -30.4314 16.2755
-29.3580 -48.6709 -3.3530 -39.1857 12.8700 -29.3814 -48.9227 7.0868 -38.4556 10.3474 -28.5459 -48.8892 22.5474 -38.0167 6.3171 -27.3566 -48.2147 34.0664 -37.1785 -2.5000 -25.6072 -46.6054 33.1882 -35.5173 -25.1335 -22.4670 -44.2733 25.9774 -33.2945 -43.1624 -17.1898 -41.6394 18.4456 -30.9105 -48.4262 -4.7240 -38.9800 11.3020 -28.5686 -48.8073 28.2720 -37.6661 2.1295 -26.3144 -47.1689 34.3888 -35.9678 -19.5023 -23.3733 -45.3458 31.8808 -45.3414 -23.3671 -19.5690 -35.9643 34.3823 -47.1633 -26.3084 2.0978 -37.6641 28.3023 -48.8060 -28.5642 11.2830 -38.9733 -4.6895 -48.4287 -30.9075 18.4306 -41.6333 -17.1727 -43.1807 -33.2906 25.9643 -44.2672 -22.4568 -25.1980 -35.5118 33.1834 -46.6030 -25.6027 -2.5453 -37.1743 34.0854 -48.2103 -27.3509 6.3080 -38.0167 22.5871 -48.8882 -28.5446 10.3305 -38.4498 7.1553 -48.9230 -29.3756 12.8574 -39.1818 -3.3173 -48.6726 -29.3525
-48.7867 0.4937 -38.8277 11.8794 -29.0661 -48.9586 12.2801 -38.3401 9.4121 -28.2936 -48.8132 25.1638 -37.9400 5.8117 -27.2763 -48.1843 34.0664 -37.2058 -1.9166 -25.7426 -46.7552 33.6440 -35.7097 -22.3614 -22.9010 -44.5689 26.9281 -33.5854 -41.7675 -18.0669 -41.9926 19.4094 -31.2316 -48.1458 -7.5225 -39.3383 12.3027 -28.8825 -48.9036 24.7804 -37.8266 3.7303 -26.6228 -47.4597 34.8606 -36.2472 -15.5675 -23.7330 -45.1456 31.0102 -38.0869 31.0050 -45.1408 -23.7283 -15.6238 -36.2452 34.8553 -47.4546 -26.6170 3.7107 -37.8246 24.8187 -48.9028 -28.8777 12.2837 -39.3316 -7.4972 -48.1506 -31.2288 19.3986 -41.9866 -18.0567 -41.7785 -33.5820 26.9145 -44.5629 -22.8921 -22.4177 -35.7043 33.6394 -46.7510 -25.7363 -1.9612 -37.2017 34.0854 -48.1798 -27.2720 5.7986 -37.9367 25.1818 -48.8120 -28.2899 9.3920 -38.3355 12.3857 -48.9588 -29.0600 11.8683 -38.8242 0.5576 -48.7869
-2.7471 -38.4685 10.8663 -28.7498 -48.9387 17.5687 -38.2082 8.3539 -28.0109 -48.6970 27.9484 -37.8287 4.9836 -27.1224 -48.0938 34.2980 -37.1785 -1.9166 -25.7885 -46.8311 33.9088 -35.8424 -20.1775 -23.2412 -44.8190 27.7722 -33.8496 -40.2539 -18.8261 -42.3304 20.3536 -31.5434 -47.7711 -9.7566 -39.6946 13.2776 -29.1983 -48.9537 20.4438 -37.9804 5.1692 -26.9256 -47.7346 35.0686 -36.5175 -11.7560 -24.2048 -45.4358 29.7668 -35.5567 3.6130 -35.5553 29.7595 -45.4323 -24.2007 -11.7911 -36.5159 35.0679 -47.7297 -26.9198 5.1539 -37.9788 20.4897 -48.9527 -29.1932 13.2650 -39.6888 -9.7441 -47.7776 -31.5412 20.3411 -42.3243 -18.8161 -40.2785 -33.8437 27.7509 -44.8147 -23.2350 -20.2193 -35.8386 33.9001 -46.8251 -25.7816 -1.9612 -37.1743 34.3136 -48.0912 -27.1202 4.9644 -37.8237 27.9853 -48.6949 -28.0050 8.3320 -38.2055 17.6680 -48.9379 -28.7451 10.8564 -38.4665 -2.7030
-38.6395 9.8115 -28.4353 -48.8682 22.3567 -38.0665 7.1975 -27.7110 -48.5412 30.4599 -37.6907 3.8498 -26.9110 -47.9465 34.6544 -37.0963 -2.5000 -25.7426 -46.8311 33.9953 -35.9094 -18.7984 -23.4756 -45.0115 28.4576 -34.0722 -38.7256 -19.4686 -42.6407 21.2494 -31.8397 -47.3038 -11.5537 -40.0449 14.2270 -29.5113 -48.9506 15.3862 -38.1269 6.4812 -27.2300 -47.9910 34.9397 -36.7741 -8.2673 -24.6609 -45.7730 30.6127 -34.8522 -27.3534 -28.4756 -27.4045 -34.8490 30.6016 -45.7708 -24.6560 -8.2994 -36.7724 34.9459 -47.9863 -27.2243 6.4677 -38.1253 15.4513 -48.9504 -29.5065 14.2165 -40.0397 -11.5424 -47.3119 -31.8373 21.2315 -42.6338 -19.4543 -38.7672 -34.0661 28.4390 -45.0077 -23.4712 -18.8246 -35.9060 33.9829 -46.8251 -25.7363 -2.5453 -37.0928 34.6606 -47.9454 -26.9096 3.8279 -37.6872 30.5053 -48.5379 -27.7051 7.1741 -38.0637 22.4388 -48.8668 -28.4318 9.8056 -38.6363
8.6406 -28.1262 -48.7538 26.3668 -37.9184 5.9454 -27.4054 -48.3497 32.4574 -37.5340 2.4359 -26.6590 -47.7485 34.9605 -36.9621 -3.6864 -25.6072 -46.7552 33.9088 -35.9094 -18.3327 -23.5925 -45.1313 28.9408 -34.2426 -37.3484 -19.9814 -42.9117 22.0614 -32.1123 -46.7617 -13.0044 -40.3807 15.1411 -29.8169 -48.8887 10.0262 -38.2642 7.6947 -27.5350 -48.2260 34.3899 -37.0143 -5.2192 -25.0905 -46.1094 31.6244 -34.9824 -31.1204 -22.9733 -47.5842 -22.9665 -31.1783 -34.9775 31.6082 -46.1058 -25.0862 -5.2466 -37.0114 34.4050 -48.2217 -27.5304 7.6819 -38.2626 10.1199 -48.8895 -29.8146 15.1268 -40.3750 -12.9887 -46.7689 -32.1076 22.0426 -42.9046 -19.9671 -37.3942 -34.2372 28.9292 -45.1274 -23.5875 -18.3554 -35.9060 33.9001 -46.7510 -25.6027 -3.7274 -36.9581 34.9614 -47.7469 -26.6577 2.4115 -37.5317 32.4891 -48.3458 -27.3995 5.9202 -37.9138 26.4115 -48.7520 -28.1217 8.6289
-26.9059 -48.6007 29.5043 -37.7613 4.5831 -27.1000 -48.1285 33.8493 -37.3521 0.7310 -26.3774 -47.5069 35.0720 -36.7790 -5.5120 -25.3849 -46.6054 33.6440 -35.8424 -18.7984 -23.5925 -45.1701 29.1873 -34.3505 -36.2891 -20.3579 -43.1324 22.7611 -32.3507 -46.1751 -14.1684 -40.6934 16.0017 -30.1116 -48.7854 4.9990 -38.3891 8.8188 -27.8388 -48.4361 33.3249 -37.2355 -2.6095 -25.4918 -46.4387 32.5828 -35.2741 -28.4316 -22.0529 -44.5742 35.0197 -44.5682 -22.0412 -28.4972 -35.2684 32.5707 -46.4352 -25.4881 -2.6346 -37.2321 33.3510 -48.4324 -27.8365 8.8024 -38.3874 5.0533 -48.7858 -30.1094 15.9861 -40.6888 -14.1471 -46.1855 -32.3444 22.7408 -43.1253 -20.3441 -36.3374 -34.3444 29.1738 -45.1676 -23.5875 -18.8246 -35.8386 33.6394 -46.6030 -25.3814 -5.5518 -36.7742 35.0714 -47.5051 -26.3752 0.7118 -37.3496 33.8696 -48.1240 -27.0941 4.5554 -37.7568 29.5360 -48.5978 -26.8996
-48.3111 31.8321 -37.5955 3.0751 -26.7961 -47.8839 34.6821 -37.1435 -1.2913 -26.0617 -47.2331 34.9238 -36.5564 -7.9878 -25.0846 -46.3920 33.1882 -35.7097 -20.1775 -23.4756 -45.1313 29.1873 -34.3871 -35.7186 -20.5887 -43.2888 23.3041 -32.5441 -45.5956 -15.0830 -40.9763 16.7886 -30.3858 -48.6829 0.7270 -38.5401 9.8500 -28.1379 -48.6137 31.6763 -37.4348 -0.3818 -25.8640 -46.7584 33.4485 -35.5750 -24.8336 -22.4811 -44.3198 28.4694 -37.6233 28.4515 -44.3131 -22.4700 -24.9075 -35.5684 33.4394 -46.7551 -25.8605 -0.4173 -37.4302 31.7014 -48.6115 -28.1367 9.8352 -38.5364 0.7752 -48.6840 -30.3822 16.7709 -40.9713 -15.0606 -45.6137 -32.5377 23.2838 -43.2818 -20.5759 -35.7659 -34.3800 29.1738 -45.1274 -23.4712 -20.2193 -35.7043 33.1834 -46.3898 -25.0812 -8.0204 -36.5514 34.9219 -47.2312 -26.0586 -1.3142 -37.1405 34.6930 -47.8790 -26.7903 3.0452 -37.5942 31.8665 -48.3076
27.5951 -37.2763 1.3679 -26.4927 -47.6193 35.0411 -36.9138 -3.6736 -25.7087 -46.9365 34.5145 -36.3050 -11.0874 -24.7191 -46.1295 32.5425 -35.5173 -22.3614 -23.2412 -45.0115 28.9408 -34.3505 -35.7186 -20.6646 -43.3680 23.6477 -32.6813 -45.0964 -15.7635 -41.2163 17.4822 -30.6312 -48.5726 -2.6033 -38.7811 10.7936 -28.4275 -48.7555 29.3967 -37.6075 1.5072 -26.2037 -47.0669 34.1798 -35.8698 -20.9400 -23.0231 -44.6140 27.2013 -34.9500 -0.5380 -34.9484 27.1804 -44.6071 -23.0126 -21.0175 -35.8636 34.1727 -47.0623 -26.1993 1.4836 -37.6034 29.4110 -48.7551 -28.4245 10.7792 -38.7759 -2.5624 -48.5755 -30.6263 17.4639 -41.2094 -15.7417 -45.1164 -32.6766 23.6344 -43.3634 -20.6525 -35.7659 -34.3444 28.9292 -45.0077 -23.2350 -22.4177 -35.5118 32.5369 -46.1273 -24.7152 -11.1223 -36.3014 34.5112 -46.9335 -25.7048 -3.7156 -36.9096 35.0440 -47.6140 -26.4869 1.3443 -37.2749 27.6427
-36.9485 -0.5893 -26.1762 -47.3373 35.0165 -36.6663 -6.4659 -25.3238 -46.6228 33.8859 -36.0305 -14.7204 -24.2967 -45.8292 31.7308 -35.2797 -25.1335 -22.9010 -44.8190 28.4576 -34.2426 -36.2891 -20.5887 -43.3680 23.7645 -32.7518 -44.7536 -16.2135 -41.3977 18.0405 -30.8378 -48.4333 -5.0805 -39.0650 11.6419 -28.6993 -48.8607 26.4867 -37.7599 3.1226 -26.5095 -47.3579 34.7237 -36.1538 -16.9153 -23.5473 -44.9622 28.0788 -34.1087 -34.7769 -27.5247 -34.8116 -34.1052 28.0580 -44.9556 -23.5375 -16.9930 -36.1502 34.7180 -47.3528 -26.5040 3.1054 -37.7583 26.5193 -48.8603 -28.6955 11.6270 -39.0599 -5.0443 -48.4373 -30.8319 18.0220 -41.3908 -16.1992 -44.7679 -32.7482 23.7580 -43.3634 -20.5759 -36.3374 -34.2372 28.4390 -44.8147 -22.8921 -25.1980 -35.2740 31.7243 -45.8265 -24.2927 -14.7577 -36.0284 33.8789 -46.6197 -25.3186 -6.5202 -36.6614 35.0128 -47.3317 -26.1704 -0.6182 -36.9440
-3.6863 -25.8374 -47.0401 34.6874 -36.4035 -9.7070 -24.9101 -46.2987 33.0906 -35.7413 -18.6739 -23.8272 -45.5026 30.7878 -35.0082 -28.1903 -22.4670 -44.5689 27.7722 -34.0722 -37.3484 -20.3579 -43.2888 23.6477 -32.7518 -44.6342 -16.4404 -41.5116 18.4312 -30.9956 -48.2888 -6.8695 -39.3118 12.3843 -28.9459 -48.9276 23.1181 -37.9003 4.5089 -26.7926 -47.6275 35.0258 -36.4227 -13.0345 -24.0420 -45.3125 29.1568 -34.2400 -37.5737 -21.4946 -46.8923 -21.4909 -37.6076 -34.2356 29.1380 -45.3060 -24.0328 -13.1048 -36.4201 35.0227 -47.6223 -26.7890 4.4887 -37.8988 23.1595 -48.9262 -28.9438 12.3699 -39.3068 -6.8231 -48.2937 -30.9896 18.4127 -41.5048 -16.4279 -44.6417 -32.7482 23.6344 -43.2818 -20.3441 -37.3942 -34.0661 27.7509 -44.5629 -22.4568 -28.2517 -35.0014 30.7812 -45.5002 -23.8236 -18.7133 -35.7385 33.0822 -46.2953 -24.9031 -9.7729 -36.3983 34.6785 -47.0342 -25.8308 -3.7375
-24.4391 -46.7269 34.1212 -36.1277 -13.3638 -24.4676 -45.9657 32.1766 -35.4425 -22.6780 -23.3204 -45.1596 29.7541 -34.7120 -31.2613 -21.9521 -44.2733 26.9281 -33.8496 -38.7256 -19.9814 -43.1324 23.3041 -32.6813 -44.7536 -16.4404 -41.5508 18.6350 -31.0960 -48.1677 -8.0872 -39.5106 12.9937 -29.1607 -48.9588 19.5543 -38.0267 5.6883 -27.0610 -47.8696 35.0438 -36.6716 -9.5372 -24.4989 -45.6543 30.2280 -34.5412 -35.6073 -20.5242 -43.7672 35.4161 -43.7655 -20.5156 -35.6499 -34.5368 30.2096 -45.6483 -24.4919 -9.6008 -36.6675 35.0453 -47.8662 -27.0594 5.6757 -38.0235 19.5824 -48.9577 -29.1596 12.9804 -39.5058 -8.0449 -48.1733 -31.0904 18.6224 -41.5439 -16.4279 -44.7679 -32.6766 23.2838 -43.1253 -19.9671 -38.7672 -33.8437 26.9145 -44.2672 -21.9414 -31.3158 -34.7062 29.7466 -45.1560 -23.3151 -22.7164 -35.4396 32.1666 -45.9603 -24.4590 -13.4378 -36.1222 34.1082 -46.7208 -24.4319
-46.3807 33.3648 -35.8416 -17.3051 -23.9968 -45.6253 31.1794 -35.1365 -26.5025 -22.7797 -44.8060 28.6703 -34.4009 -34.1519 -21.3698 -43.9464 25.9774 -33.5854 -40.2539 -19.4686 -42.9117 22.7611 -32.5441 -45.0964 -16.2135 -41.5116 18.6350 -31.1304 -48.0970 -8.7999 -39.6538 13.4569 -29.3330 -48.9622 16.1084 -38.1349 6.6831 -27.3086 -48.0793 34.7559 -36.8978 -6.5298 -24.9161 -45.9810 31.2486 -34.8501 -32.8780 -21.0324 -43.4709 25.8754 -37.0978 25.8622 -43.4673 -21.0239 -32.9321 -34.8453 31.2293 -45.9754 -24.9098 -6.5829 -36.8926 34.7585 -48.0780 -27.3071 6.6714 -38.1301 16.1367 -48.9618 -29.3318 13.4436 -39.6490 -8.7632 -48.1025 -31.1251 18.6224 -41.5048 -16.1992 -45.1164 -32.5377 22.7408 -42.9046 -19.4543 -40.2785 -33.5820 25.9643 -43.9396 -21.3575 -34.2046 -34.3957 28.6579 -44.8024 -22.7743 -26.5382 -35.1341 31.1628 -45.6191 -23.9874 -17.3830 -35.8360 33.3489 -46.3747
31.8985 -35.4662 -21.3302 -23.4969 -45.2785 30.1271 -34.8245 -30.0197 -22.2065 -44.4483 27.5649 -34.0792 -36.7607 -20.7247 -43.5992 24.9671 -33.2945 -41.7675 -18.8261 -42.6407 22.0614 -32.3507 -45.5956 -15.7635 -41.3977 18.4312 -31.0960 -48.0970 -9.0323 -39.7282 13.7515 -29.4553 -48.9500 13.2007 -38.2203 7.5026 -27.5291 -48.2557 34.1819 -37.0942 -4.0574 -25.2907 -46.2890 32.1849 -35.1474 -29.8027 -21.6492 -43.7643 24.6277 -34.2805 -6.4280 -34.2791 24.6133 -43.7592 -21.6410 -29.8569 -35.1443 32.1690 -46.2831 -25.2834 -4.1033 -37.0893 34.1867 -48.2545 -27.5278 7.4862 -38.2155 13.2268 -48.9507 -29.4539 13.7416 -39.7249 -8.9998 -48.1025 -31.0904 18.4127 -41.3908 -15.7417 -45.6137 -32.3444 22.0426 -42.6338 -18.8161 -41.7785 -33.2906 24.9468 -43.5922 -20.7114 -36.8065 -34.0742 27.5537 -44.4448 -22.2007 -30.0521 -34.8219 30.1079 -45.2719 -23.4869 -21.4077 -35.4605 31.8863
-34.7607 -25.2590 -22.9668 -44.9265 29.0418 -34.5076 -33.1673 -21.5979 -44.0875 26.4599 -33.7531 -39.0461 -20.0184 -43.2381 23.9200 -32.9848 -43.1624 -18.0669 -42.3304 21.2494 -32.1123 -46.1751 -15.0830 -41.2163 18.0405 -30.9956 -48.1677 -8.7999 -39.7282 13.8489 -29.5213 -48.9359 11.1336 -38.2799 8.1241 -27.7129 -48.3959 33.3887 -37.2589 -2.0801 -25.6160 -46.5708 33.0109 -35.4285 -26.5042 -22.2256 -44.1109 25.4672 -33.3400 -40.2118 -26.4416 -40.2211 -33.3377 25.4494 -44.1057 -22.2178 -26.5424 -35.4266 32.9964 -46.5648 -25.6089 -2.1244 -37.2543 33.3967 -48.3948 -27.7116 8.1083 -38.2773 11.1628 -48.9365 -29.5180 13.8429 -39.7249 -8.7632 -48.1733 -30.9896 18.0220 -41.2094 -15.0606 -46.1855 -32.1076 21.2315 -42.3243 -18.0567 -43.1807 -32.9785 23.8993 -43.2310 -20.0046 -39.0730 -33.7496 26.4490 -44.0840 -21.5918 -33.1980 -34.5034 29.0210 -44.9197 -22.9562 -25.3323 -34.7543
-30.3648 -22.4022 -44.5699 27.9402 -34.1870 -35.9299 -20.9501 -43.7242 25.3625 -33.4264 -40.9865 -19.2528 -42.8712 22.8605 -32.6612 -44.4016 -17.1898 -41.9926 20.3536 -31.8397 -46.7617 -14.1684 -40.9763 17.4822 -30.8378 -48.2888 -8.0872 -39.6538 13.7515 -29.5213 -48.9301 10.0357 -38.3162 8.5430 -27.8507 -48.4983 32.4940 -37.3896 -0.5292 -25.8905 -46.8223 33.6896 -35.6876 -23.1032 -22.7490 -44.4468 26.4931 -33.4630 -42.1732 -19.7717 -46.1144 -19.7627 -42.1937 -33.4595 26.4743 -44.4417 -22.7442 -23.1460 -35.6833 33.6755 -46.8164 -25.8856 -0.5639 -37.3862 32.5036 -48.4979 -27.8493 8.5281 -38.3149 10.0913 -48.9296 -29.5180 13.7416 -39.6490 -8.0449 -48.2937 -30.8319 17.4639 -40.9713 -14.1471 -46.7689 -31.8373 20.3411 -41.9866 -17.1727 -44.4240 -32.6548 22.8401 -42.8640 -19.2422 -41.0062 -33.4231 25.3519 -43.7206 -20.9432 -35.9717 -34.1811 27.9188 -44.5630 -22.3910 -30.4285
-21.2124 -44.2061 26.8338 -33.8633 -38.3204 -20.2581 -43.3589 24.2779 -33.0985 -42.6252 -18.4268 -42.5033 21.8156 -32.3322 -45.4654 -16.1841 -41.6394 19.4094 -31.5434 -47.3038 -13.0044 -40.6935 16.7886 -30.6312 -48.4333 -6.8695 -39.5106 13.4569 -29.4553 -48.9359 10.0357 -38.3299 8.7625 -27.9399 -48.5656 31.6641 -37.4849 0.6272 -26.1125 -47.0377 34.2105 -35.9187 -19.8176 -23.2170 -44.7630 27.4965 -33.7483 -40.9114 -18.6840 -42.9316 34.1511 -42.9257 -18.6678 -40.9448 -33.7464 27.4804 -44.7582 -23.2111 -19.8819 -35.9133 34.2023 -47.0340 -26.1102 0.6010 -37.4833 31.6755 -48.5653 -27.9369 8.7522 -38.3277 10.0913 -48.9365 -29.4539 13.4436 -39.5058 -6.8231 -48.4373 -30.6263 16.7709 -40.6888 -12.9887 -47.3119 -31.5412 19.3986 -41.6333 -16.1636 -45.4838 -32.3259 21.7955 -42.4964 -18.4170 -42.6404 -33.0952 24.2675 -43.3554 -20.2469 -38.3602 -33.8571 26.8124 -44.1991 -21.2025
-43.9548 25.7213 -33.5378 -40.3663 -19.5153 -42.9924 23.2094 -32.7698 -43.9972 -17.5262 -42.1333 20.7878 -32.0034 -46.3386 -15.0373 -41.2761 18.4461 -31.2317 -47.7709 -11.5540 -40.3809 16.0019 -30.3859 -48.5726 -5.0806 -39.3118 12.9937 -29.3330 -48.9500 11.1336 -38.3162 8.7625 -27.9722 -48.6008 31.0520 -37.5499 1.4372 -26.2777 -47.2103 34.5792 -36.1178 -16.8471 -23.6225 -45.0529 28.4389 -34.0324 -39.1966 -19.2506 -42.5840 23.2743 -36.5153 23.2583 -42.5771 -19.2397 -39.2209 -34.0308 28.4234 -45.0497 -23.6160 -16.9085 -36.1119 34.5755 -47.2086 -26.2760 1.4134 -37.5486 31.0737 -48.5996 -27.9676 8.7522 -38.3149 11.1628 -48.9507 -29.3318 12.9804 -39.3068 -5.0443 -48.5755 -30.3822 15.9861 -40.3750 -11.5424 -47.7776 -31.2288 18.4306 -41.2699 -15.0141 -46.3537 -31.9970 20.7688 -42.1286 -17.5166 -44.0095 -32.7666 23.1991 -42.9886 -19.5017 -40.4021 -33.5315 25.7001 -43.9484
24.9458 -33.1680 -42.1014 -18.7133 -42.6250 22.1585 -32.4408 -45.1357 -16.5351 -41.7649 19.7718 -31.6753 -47.0421 -13.7358 -40.9100 17.4716 -30.9122 -48.1448 -9.7583 -40.0453 15.1430 -30.1120 -48.6828 -2.6040 -39.0652 12.3843 -29.1607 -48.9622 13.2007 -38.2799 8.5430 -27.9399 -48.6008 30.8163 -37.5837 1.9391 -26.3895 -47.3359 34.8063 -36.2781 -14.3239 -23.9646 -45.3097 29.2849 -34.2940 -37.3209 -19.9059 -42.8449 22.0090 -33.5380 -14.9442 -33.5348 21.9892 -42.8378 -19.8962 -37.3481 -34.2898 29.2727 -45.3075 -23.9590 -14.3794 -36.2722 34.8035 -47.3340 -26.3881 1.9221 -37.5836 30.8480 -48.5996 -27.9369 8.5281 -38.2773 13.2268 -48.9618 -29.1596 12.3699 -39.0599 -2.5624 -48.6840 -30.1094 15.1268 -40.0397 -9.7441 -48.1506 -30.9075 17.4543 -40.9030 -13.7086 -47.0542 -31.6687 19.7589 -41.7608 -16.5248 -45.1458 -32.4376 22.1477 -42.6190 -18.6974 -42.1320 -33.1618 24.9258
-32.2554 -43.5684 -17.8406 -42.2571 21.1256 -32.1119 -46.0703 -15.4312 -41.3973 18.7754 -31.3476 -47.5980 -12.2338 -40.5447 16.5038 -30.5891 -48.4241 -7.5301 -39.6952 14.2294 -29.8186 -48.7853 0.7219 -38.7815 11.6435 -28.9459 -48.9588 16.1084 -38.2203 8.1241 -27.8507 -48.5656 31.0520 -37.5837 2.1117 -26.4498 -47.4164 34.9262 -36.3943 -12.3947 -24.2389 -45.5292 30.0241 -34.5261 -35.3982 -20.4852 -43.1480 22.7045 -32.5096 -44.0618 -25.1698 -44.0799 -32.5035 22.6841 -43.1417 -20.4723 -35.4466 -34.5201 30.0158 -45.5267 -24.2331 -12.4514 -36.3892 34.9242 -47.4132 -26.4469 2.1010 -37.5836 31.0737 -48.5653 -27.8493 8.1083 -38.2155 16.1367 -48.9577 -28.9438 11.6270 -38.7759 0.7752 -48.7858 -29.8146 14.2165 -39.6888 -7.4972 -48.4287 -30.5827 16.4834 -40.5376 -12.2020 -47.6075 -31.3412 18.7643 -41.3935 -15.4198 -46.0785 -32.1089 21.1090 -42.2505 -17.8230 -43.5938 -32.2489
-45.2903 -16.8774 -41.8890 20.1100 -31.7834 -46.8272 -14.1848 -41.0307 17.7929 -31.0211 -48.0256 -10.4669 -40.1807 15.5393 -30.2658 -48.6141 -4.7501 -39.3385 13.2783 -29.5127 -48.8887 4.9851 -38.5425 10.7983 -28.6998 -48.9276 19.5543 -38.1349 7.5026 -27.7129 -48.4983 31.6641 -37.5499 1.9391 -26.4498 -47.4460 34.9771 -36.4642 -11.1300 -24.4351 -45.7022 30.6314 -34.7251 -33.5178 -20.9766 -43.4255 23.5309 -32.5908 -45.4261 -17.5536 -45.2249 -17.5397 -45.4449 -32.5844 23.5103 -43.4191 -20.9638 -33.5735 -34.7183 30.6181 -45.6979 -24.4292 -11.1722 -36.4608 34.9749 -47.4417 -26.4469 1.9221 -37.5486 31.6755 -48.4979 -27.7116 7.4862 -38.1301 19.5824 -48.9262 -28.6955 10.7792 -38.5364 5.0533 -48.8895 -29.5065 13.2650 -39.3316 -4.6895 -48.6169 -30.2594 15.5186 -40.1736 -10.4293 -48.0328 -31.0149 17.7825 -41.0269 -14.1719 -46.8338 -31.7803 20.0919 -41.8821 -16.8580 -45.3085
-16.4336 -41.5174 19.1096 -31.4556 -47.4296 -12.7549 -40.6649 16.8207 -30.6959 -48.3417 -8.3448 -39.8182 14.5744 -29.9440 -48.7357 -1.2588 -38.9802 12.3027 -29.1983 -48.9507 10.0166 -38.3916 9.8539 -28.4293 -48.8618 23.1176 -38.0269 6.6832 -27.5291 -48.3959 32.4940 -37.4849 1.4372 -26.3895 -47.4164 34.9771 -36.4875 -10.4940 -24.5523 -45.8180 31.0667 -34.8790 -31.8314 -21.3802 -43.6696 24.2958 -32.8213 -44.8165 -16.1314 -42.0034 31.7862 -41.9973 -16.1103 -44.8376 -32.8149 24.2749 -43.6626 -21.3677 -31.8920 -34.8723 31.0473 -45.8116 -24.5466 -10.5197 -36.4853 34.9749 -47.4132 -26.3881 1.4134 -37.4833 32.5036 -48.3948 -27.5278 6.6714 -38.0235 23.1595 -48.8603 -28.4245 9.8352 -38.3874 10.1199 -48.9504 -29.1932 12.2837 -38.9733 -1.1831 -48.7383 -29.9377 14.5550 -39.8110 -8.2992 -48.3469 -30.6897 16.8105 -40.6612 -12.7400 -47.4351 -31.4511 19.0908 -41.5106 -16.4182
-41.4368 18.1130 -31.1289 -47.8976 -11.0842 -40.3004 15.8550 -30.3709 -48.5610 -5.7416 -39.4575 13.6065 -29.6240 -48.8465 3.0553 -38.6473 11.3020 -28.8826 -48.9538 15.3814 -38.2668 8.8199 -28.1403 -48.7575 26.4602 -37.9012 5.6913 -27.3098 -48.2559 33.3887 -37.3896 0.6272 -26.2777 -47.3359 34.9262 -36.4642 -10.4940 -24.5918 -45.8774 31.3268 -34.9819 -30.5273 -21.6836 -43.8681 24.9537 -33.0367 -44.0083 -16.6961 -41.5741 20.4912 -35.8330 20.4756 -41.5674 -16.6763 -44.0322 -33.0303 24.9326 -43.8610 -21.6715 -30.5910 -34.9758 31.3070 -45.8708 -24.5860 -10.5197 -36.4608 34.9242 -47.3340 -26.2760 0.6010 -37.3862 33.3967 -48.2545 -27.3071 5.6757 -37.8988 26.5193 -48.7551 -28.1367 8.8024 -38.2626 15.4513 -48.9527 -28.8777 11.2830 -38.6428 3.1472 -48.8489 -29.6166 13.5874 -39.4503 -5.6853 -48.5642 -30.3660 15.8450 -40.2969 -11.0652 -47.9042 -31.1229 18.0947 -41.4312
17.3657 -30.7854 -48.2489 -9.0915 -39.9375 14.8919 -30.0484 -48.6957 -2.4981 -39.0984 12.6293 -29.3058 -48.9353 8.1244 -38.4342 10.2737 -28.5697 -48.9031 20.4297 -38.1301 7.7025 -27.8412 -48.6145 29.3575 -37.7611 4.5155 -27.0642 -48.0809 34.1811 -37.2589 -0.5292 -26.1125 -47.2103 34.8063 -36.3943 -11.1300 -24.5523 -45.8774 31.4158 -35.0370 -29.6875 -21.8863 -44.0136 25.4644 -33.2126 -43.2162 -17.3315 -41.7583 19.1116 -32.6570 -25.7121 -32.6551 19.0938 -41.7516 -17.3130 -43.2429 -33.2062 25.4432 -44.0065 -21.8745 -29.7530 -35.0309 31.3960 -45.8708 -24.5466 -11.1722 -36.3892 34.8035 -47.2086 -26.1102 -0.5639 -37.2543 34.1867 -48.0780 -27.0594 4.4887 -37.7583 29.4110 -48.6115 -27.8365 7.6819 -38.1253 20.4897 -48.9028 -28.5642 10.2540 -38.4319 8.2282 -48.9363 -29.2981 12.6101 -39.0913 -2.4276 -48.6974 -30.0438 14.8818 -39.9339 -9.0557 -48.2541 -30.7797 17.3491
-29.7273 -48.4999 -6.6628 -39.5761 13.9259 -29.7277 -48.8100 1.5383 -38.7414 11.6355 -28.9882 -48.9588 13.5583 -38.3096 9.2076 -28.2578 -48.8072 24.7456 -37.9817 6.4921 -27.5363 -48.4360 31.6624 -37.6067 3.1362 -26.7948 -47.8711 34.7521 -37.0931 -2.0801 -25.8905 -47.0377 34.5792 -36.2781 -12.3947 -24.4351 -45.8180 31.3268 -35.0370 -29.3913 -21.9921 -44.1049 25.8177 -33.3413 -42.5394 -17.8309 -41.9730 19.5572 -31.5301 -46.7711 -23.5332 -46.7760 -31.5255 19.5384 -41.9663 -17.8133 -42.5685 -33.3350 25.7964 -44.0979 -21.9804 -29.4574 -35.0309 31.3070 -45.8116 -24.4292 -12.4514 -36.2722 34.5755 -47.0340 -25.8856 -2.1244 -37.0893 34.7585 -47.8662 -26.7890 3.1054 -37.6034 31.7014 -48.4324 -27.5304 6.4677 -37.9788 24.8187 -48.8060 -28.2521 9.1863 -38.3070 13.6637 -48.9586 -28.9816 11.6156 -38.7344 1.6251 -48.8116 -29.7234 13.9163 -39.5724 -6.6146 -48.5033 -29.7221
-48.7309 -3.6383 -39.2163 12.9526 -29.4089 -48.9135 6.3890 -38.4895 10.6174 -28.6733 -48.9261 18.7938 -38.1747 8.0895 -27.9479 -48.6721 28.2427 -37.8278 5.1809 -27.2311 -48.2257 33.3246 -37.4338 1.5182 -26.5099 -47.6275 35.0425 -36.8967 -4.0574 -25.6160 -46.8223 34.2105 -36.1178 -14.3223 -24.2390 -45.7022 31.0667 -34.9819 -29.6875 -21.9921 -44.1366 26.0083 -33.4218 -42.0446 -18.1799 -42.1441 20.0746 -31.5348 -47.6208 -14.1226 -44.1377 -14.1107 -47.6283 -31.5288 20.0555 -42.1371 -18.1629 -42.0755 -33.4155 25.9870 -44.1295 -21.9804 -29.7530 -34.9758 31.0473 -45.6979 -24.2331 -14.3794 -36.1119 34.2023 -46.8164 -25.6089 -4.1033 -36.8926 35.0453 -47.6223 -26.5040 1.4836 -37.4302 33.3510 -48.2217 -27.2243 5.1539 -37.8246 28.3023 -48.6691 -27.9415 8.0671 -38.1719 18.8940 -48.9241 -28.6670 10.5966 -38.4849 6.4859 -48.9152 -29.4046 12.9424 -39.2107 -3.5818 -48.7321
-5.8675 -38.8548 11.9649 -29.0920 -48.9570 11.7631 -38.3519 9.5646 -28.3614 -48.8440 23.3984 -38.0310 6.9032 -27.6403 -48.5008 30.9114 -37.6675 3.7416 -26.9289 -47.9913 34.3840 -37.2373 -0.3749 -26.2057 -47.3580 35.0262 -36.6725 -6.5290 -25.2909 -46.5709 33.6897 -35.9189 -16.8430 -23.9655 -45.5314 30.6323 -34.8792 -30.5257 -21.8870 -44.1050 26.0086 -33.4504 -41.7674 -18.3891 -42.2584 20.4661 -31.6692 -47.4571 -11.7738 -40.8932 28.4900 -40.8901 -11.7436 -47.4664 -31.6631 20.4469 -42.2515 -18.3723 -41.7995 -33.4439 25.9870 -44.0979 -21.8745 -30.5910 -34.8723 30.6181 -45.5267 -23.9590 -16.9085 -35.9133 33.6755 -46.5648 -25.2834 -6.5829 -36.6675 35.0227 -47.3528 -26.1993 -0.4173 -37.2321 34.4050 -47.9863 -26.9198 3.7107 -37.6641 30.9560 -48.4975 -27.6329 6.8786 -38.0281 23.4850 -48.8413 -28.3543 9.5431 -38.3494 11.8652 -48.9579 -29.0877 11.9490 -38.8510 -5.8339
-38.9926 10.9475 -28.7814 -48.9397 17.1029 -38.2237 8.4712 -28.0555 -48.7189 27.1515 -37.8811 5.6344 -27.3379 -48.2994 32.8139 -37.4991 2.1420 -26.6305 -47.7371 34.9345 -37.0213 -2.5715 -25.8731 -47.0702 34.7301 -36.4295 -9.4994 -24.9233 -46.2904 33.0169 -35.6943 -19.7958 -23.6280 -45.3152 30.0379 -34.7336 -31.8121 -21.6894 -44.0170 25.8290 -33.4296 -41.7569 -18.4669 -42.3159 20.7049 -31.7753 -47.2489 -12.1905 -40.3453 17.3077 -34.9923 17.2838 -40.3400 -12.1385 -47.2642 -31.7261 20.6807 -42.3097 -18.4336 -41.8003 -33.4155 25.7964 -44.0065 -21.6715 -31.8920 -34.7183 30.0158 -45.3075 -23.6160 -19.8819 -35.6833 32.9964 -46.2831 -24.9098 -9.6008 -36.4201 34.7180 -47.0623 -25.8605 -2.6346 -37.0114 34.9459 -47.7297 -26.6170 2.0978 -37.4929 32.8594 -48.2945 -27.3262 5.6003 -37.8763 27.2501 -48.7173 -28.0426 8.4424 -38.2175 17.2193 -48.9419 -28.7724 10.9334 -38.9878
9.9792 -28.5394 -48.8492 21.6476 -38.1030 7.4058 -27.8090 -48.5502 29.9320 -37.7428 4.3579 -27.0925 -48.0738 34.0260 -37.3433 0.4696 -26.3789 -47.4713 35.0862 -36.8337 -4.9505 -25.5606 -46.7782 34.2502 -36.2258 -12.7065 -24.5656 -46.0037 32.2739 -35.5094 -22.7673 -23.2841 -45.0788 29.3858 -34.6155 -33.2586 -21.4541 -43.8976 25.5651 -33.4355 -41.8948 -18.4813 -42.3485 20.4637 -31.8443 -47.0752 -13.1159 -40.3829 15.5694 -31.7173 -36.2173 -31.4746 15.5025 -40.1387 -12.5135 -47.4516 -31.7575 20.7115 -42.2790 -18.3608 -42.0763 -33.3350 25.4432 -43.8610 -21.3677 -33.5735 -34.5201 29.2727 -45.0497 -23.2111 -23.1460 -35.4266 32.1690 -45.9754 -24.4919 -13.1048 -36.1502 34.1727 -46.7551 -25.4881 -5.2466 -36.7724 35.0679 -47.4546 -26.3084 0.2633 -37.3018 34.1106 -48.0665 -27.0211 4.2037 -37.7192 30.1852 -48.5564 -27.7335 7.2793 -38.0765 22.0519 -48.8747 -28.4580 9.8625
-28.0838 -48.6487 22.2117 -38.1775 7.2880 -28.1065 -48.2944 30.4299 -37.8020 4.1960 -27.3702 -47.8656 34.2841 -37.3968 0.2521 -26.6323 -47.3007 35.1808 -36.9246 -5.2633 -25.7608 -46.6372 34.2465 -36.3972 -13.0835 -24.7274 -45.8984 32.2678 -35.7845 -22.7687 -23.4713 -45.0448 29.5484 -35.0161 -32.5618 -21.7790 -43.9939 26.0937 -34.0103 -40.7946 -19.1848 -42.6322 21.8412 -32.4422 -46.2397 -14.3827 -40.8921 16.8488 -31.1931 -48.0404 -21.6319 -48.3968 -30.2247 15.1759 -40.4654 -12.9044 -47.0954 -31.9663 20.2890 -42.2500 -18.1623 -42.5685 -33.2062 24.9326 -43.6626 -20.9638 -35.4466 -34.2898 28.4234 -44.7582 -22.7442 -26.5424 -35.1443 31.2293 -45.6483 -24.0328 -16.9930 -35.8636 33.4394 -46.4352 -25.0862 -8.2994 -36.5159 34.8553 -47.1633 -25.9776 -1.8575 -37.0874 34.8142 -47.8167 -26.7169 2.6519 -37.5524 32.3225 -48.3640 -27.4262 6.0337 -37.9272 26.1014 -48.7621 -27.2589
