-44.4249 26.0235 -32.5719 -44.2340 -17.1987 -41.7532 18.2882 -30.0357 -48.6217 -7.9581 -39.2817 10.8410 -27.5598 -48.6361 21.0738 -37.4004 0.7823 -25.1418 -46.9750 32.7458 -35.3974 -23.1401 -22.1838 -44.6266 27.0359 -32.9352 -42.8807 -17.9698 -42.1113 19.3501 -30.3993 -48.4063 -10.0115 -39.6364 11.9784 -27.9172 -48.7585 16.3089 -37.6278 2.7526 -25.5006 -47.2841 32.7703 -35.7379 -18.7495 -22.6838 -44.9930 28.1862 -33.5637 -35.4097 -26.7931 -35.4397 -33.5577 28.1670 -44.9866 -22.6751 -18.8283 -35.7319 32.7733 -47.2787 -25.4952 2.7212 -37.6222 16.3547 -48.7567 -27.9151 11.9645 -39.6320 -9.9981 -48.4083 -30.3978 19.3375 -42.1070 -17.9638 -42.8914 -32.9341 27.0233 -44.6225 -22.1791 -23.1688 -35.3956 32.7437 -46.9714 -25.1367 0.7499 -37.3971 21.1475 -48.6338 -27.5537 10.8210 -39.2760 -7.9198 -48.6231 -30.0302 18.2744 -41.7503 -17.1891 -44.2488 -32.5671 26.0062 -44.4212
26.0235 -33.2355 -42.5707 -17.6607 -41.8352 18.9867 -31.0695 -48.2817 -6.3666 -39.1745 11.8469 -28.7398 -48.8648 26.4528 -37.5891 3.0108 -26.4940 -47.3267 34.6672 -36.0251 -17.4701 -23.4791 -44.9137 27.9001 -33.8018 -40.4435 -18.6803 -42.2439 20.0739 -31.4212 -47.9143 -9.0080 -39.5632 12.9176 -29.0760 -48.9405 22.1685 -37.7482 4.6463 -26.8221 -47.6317 35.0205 -36.3165 -13.1866 -24.0234 -45.2964 29.0985 -34.1698 -37.6544 -21.5614 -46.9565 -21.5527 -37.6938 -34.1637 29.0773 -45.2896 -24.0140 -13.2608 -36.3115 35.0177 -47.6278 -26.8183 4.6216 -37.7424 22.1920 -48.9397 -29.0739 12.9030 -39.5579 -8.9973 -47.9162 -31.4195 20.0593 -42.2385 -18.6757 -40.4524 -33.8005 27.8841 -44.9086 -23.4734 -17.5120 -36.0223 34.6596 -47.3219 -26.4885 2.9809 -37.5865 26.5205 -48.8630 -28.7338 11.8277 -39.1678 -6.3175 -48.2853 -31.0637 18.9758 -41.8315 -17.6480 -42.5845 -33.2310 26.0062
-32.5719 -42.5707 -18.0032 -42.0662 19.7667 -31.3672 -47.9664 -8.7768 -39.5306 12.8385 -29.0553 -48.9374 22.4825 -37.9120 4.5404 -26.7872 -47.6113 35.0108 -36.3954 -13.4783 -23.9823 -45.2683 29.0097 -34.1774 -38.3864 -19.4923 -42.6142 21.0956 -31.7736 -47.4454 -11.0298 -39.9269 13.8974 -29.3984 -48.9581 17.3212 -38.0759 6.0103 -27.1162 -47.8972 35.0331 -36.6820 -9.5086 -24.4939 -45.6452 30.1893 -34.5274 -35.7339 -20.5030 -43.7791 35.4360 -43.7755 -20.4905 -35.7823 -34.5224 30.1686 -45.6386 -24.4850 -9.5755 -36.6760 35.0349 -47.8938 -27.1116 5.9950 -38.0719 17.3705 -48.9583 -29.3954 13.8874 -39.9231 -11.0130 -47.4503 -31.7708 21.0851 -42.6104 -19.4852 -38.4066 -34.1749 28.9984 -45.2647 -23.9756 -13.5381 -36.3920 35.0076 -47.6064 -26.7816 4.5132 -37.9092 22.5669 -48.9365 -29.0493 12.8196 -39.5239 -8.7389 -47.9731 -31.3621 19.7570 -42.0627 -17.9911 -42.5845 -32.5671
-44.2340 -17.6607 -42.0662 20.0815 -31.5356 -47.6679 -10.4664 -39.8507 13.7515 -29.3577 -48.9608 17.7708 -38.0612 5.9071 -27.0911 -47.8765 35.0454 -36.6588 -9.8081 -24.4544 -45.6153 30.0959 -34.4984 -36.0047 -20.2372 -42.9817 22.1282 -32.1023 -46.8468 -12.7102 -40.2900 14.8635 -29.7175 -48.9167 11.9644 -38.2159 7.2597 -27.4230 -48.1418 34.6480 -36.9288 -6.2910 -24.9349 -45.9854 31.2392 -34.8428 -32.9908 -21.0055 -43.4576 25.8809 -37.1053 25.8674 -43.4539 -20.9964 -33.0461 -34.8380 31.2195 -45.9788 -24.9267 -6.3491 -36.9231 34.6592 -48.1375 -27.4173 7.2443 -38.2136 12.0243 -48.9173 -29.7140 14.8538 -40.2863 -12.6950 -46.8534 -32.0991 22.1181 -42.9781 -20.2302 -36.0295 -34.4952 30.0855 -45.6119 -24.4496 -9.8442 -36.6572 35.0481 -47.8724 -27.0867 5.8832 -38.0592 17.8677 -48.9609 -29.3517 13.7329 -39.8449 -10.4372 -47.6729 -31.5331 20.0683 -42.0627 -17.6480 -44.2488
-17.1987 -41.8352 19.7667 -31.5356 -47.5397 -11.3452 -40.0841 14.4875 -29.6219 -48.9350 12.7795 -38.1983 7.1368 -27.3924 -48.1212 34.6988 -36.9069 -6.5538 -24.8975 -45.9559 31.1494 -34.8153 -33.2531 -20.9306 -43.3483 23.1787 -32.4313 -46.0944 -14.1466 -40.6547 15.8277 -30.0394 -48.8131 6.5715 -38.3501 8.4307 -27.7304 -48.3618 33.7842 -37.1563 -3.5242 -25.3470 -46.3178 32.2324 -35.1545 -29.8231 -21.6359 -43.7540 24.5981 -34.2800 -6.4022 -34.2774 24.5803 -43.7478 -21.6286 -29.8796 -35.1498 32.2146 -46.3115 -25.3393 -3.5737 -37.1521 33.8061 -48.3578 -27.7245 8.4095 -38.3456 6.6376 -48.8135 -30.0345 15.8170 -40.6506 -14.1330 -46.1029 -32.4280 23.1683 -43.3447 -20.9241 -33.2818 -34.8123 31.1394 -45.9527 -24.8934 -6.5833 -36.9056 34.7047 -48.1176 -27.3891 7.1173 -38.1969 12.8800 -48.9363 -29.6160 14.4691 -40.0780 -11.3265 -47.5426 -31.5331 19.7570 -41.8315 -17.1891
-41.7532 18.9867 -31.3672 -47.6679 -11.3452 -40.1715 14.9070 -29.8082 -48.8793 8.4003 -38.3147 8.2146 -27.6807 -48.3363 33.9025 -37.1349 -3.7513 -25.3123 -46.2891 32.1486 -35.1275 -30.1164 -21.5797 -43.7137 24.2470 -32.7606 -45.1643 -15.3989 -41.0209 16.7948 -30.3628 -48.6984 1.6718 -38.4837 9.5326 -28.0394 -48.5544 32.3417 -37.3638 -1.1638 -25.7302 -46.6414 33.1405 -35.4601 -26.2870 -22.2417 -44.1113 25.4569 -33.3373 -40.2216 -26.4394 -40.2498 -33.3317 25.4371 -44.1055 -22.2348 -26.3267 -35.4558 33.1248 -46.6353 -25.7232 -1.2059 -37.3600 32.3758 -48.5510 -28.0334 9.5117 -38.4768 1.7557 -48.7002 -30.3566 16.7823 -41.0162 -15.3857 -45.1757 -32.7570 24.2361 -43.7100 -21.5735 -30.1491 -35.1244 32.1392 -46.2859 -25.3083 -3.7922 -37.1327 33.9131 -48.3339 -27.6785 8.1980 -38.3137 8.4928 -48.8803 -29.8023 14.8885 -40.1644 -11.3265 -47.6729 -31.3621 18.9758 -41.7503
18.2882 -31.0695 -47.9664 -10.4664 -40.0841 14.9070 -29.8764 -48.8325 5.4816 -38.4002 9.0798 -27.9379 -48.5145 32.6439 -37.3359 -1.4183 -25.6928 -46.6126 33.0652 -35.4337 -26.6082 -22.1896 -44.0775 25.3323 -33.0908 -44.0298 -16.5081 -41.3896 17.7723 -30.6867 -48.5659 -2.3923 -38.7310 10.5865 -28.3503 -48.7157 30.2164 -37.5478 0.8606 -26.0831 -46.9544 33.9277 -35.7585 -22.4474 -22.8127 -44.4697 26.5354 -33.4688 -42.1734 -19.7692 -46.1134 -19.7579 -42.1941 -33.4644 26.5155 -44.4659 -22.8067 -22.4902 -35.7546 33.9151 -46.9489 -26.0768 0.8248 -37.5445 30.2645 -48.7130 -28.3442 10.5665 -38.7241 -2.3214 -48.5692 -30.6803 17.7540 -41.3828 -16.4944 -44.0457 -33.0857 25.3201 -44.0734 -22.1836 -26.6454 -35.4308 33.0564 -46.6079 -25.6883 -1.4456 -37.3335 32.6591 -48.5133 -27.9366 9.0640 -38.3990 5.5625 -48.8340 -29.8704 14.8885 -40.0780 -10.4372 -47.9731 -31.0637 18.2744
-30.0357 -48.2817 -8.7768 -39.8507 14.4875 -29.8082 -48.8325 4.4747 -38.4455 9.6450 -28.1357 -48.6455 31.0678 -37.5029 0.4727 -26.0289 -46.9157 33.8498 -35.7290 -22.8021 -22.7638 -44.4390 26.4312 -33.4202 -42.6559 -17.5068 -41.7572 18.7547 -31.0117 -48.3494 -5.6570 -39.0879 11.6056 -28.6628 -48.8407 27.3113 -37.7146 2.6199 -26.4058 -47.2551 34.5494 -36.0480 -18.4364 -23.3517 -44.8276 27.6387 -33.7777 -40.8306 -18.7031 -42.9344 34.1517 -42.9284 -18.6875 -40.8527 -33.7730 27.6190 -44.8232 -23.3457 -18.4811 -36.0459 34.5412 -47.2504 -26.4012 2.5902 -37.7119 27.3744 -48.8387 -28.6568 11.5862 -39.0810 -5.6004 -48.3545 -31.0053 18.7355 -41.7501 -17.4891 -42.6838 -33.4136 26.4169 -44.4343 -22.7580 -22.8587 -35.7268 33.8423 -46.9104 -26.0232 0.4587 -37.4993 31.0790 -48.6449 -28.1335 9.6301 -38.4438 4.5508 -48.8340 -29.8023 14.4691 -39.8449 -8.7389 -48.2853 -30.0302
-48.6217 -6.3666 -39.5306 13.7515 -29.6219 -48.8793 5.4816 -38.4455 9.8410 -28.2443 -48.7227 29.5466 -37.6262 1.9285 -26.3088 -47.1875 34.4532 -36.0062 -18.9148 -23.2970 -44.7954 27.5352 -33.7469 -41.0235 -18.4086 -42.1250 19.7492 -31.3381 -48.0364 -8.2764 -39.4467 12.5999 -28.9773 -48.9239 23.5622 -37.8733 4.1752 -26.7109 -47.5416 34.9515 -36.3271 -14.4502 -23.8599 -45.1830 28.7426 -34.1005 -38.9023 -19.3276 -42.6057 23.3086 -36.5239 23.2926 -42.5992 -19.3133 -38.9284 -34.0946 28.7228 -45.1766 -23.8542 -14.4906 -36.3253 34.9487 -47.5386 -26.7077 4.1512 -37.8712 23.6380 -48.9229 -28.9715 12.5811 -39.4399 -8.2309 -48.0434 -31.3318 19.7298 -42.1179 -18.3919 -41.0579 -33.7402 27.5208 -44.7893 -23.2923 -18.9533 -36.0043 34.4439 -47.1819 -26.3030 1.9157 -37.6242 29.5740 -48.7219 -28.2403 9.8268 -38.4438 5.5625 -48.8803 -29.6160 13.7329 -39.5239 -6.3175 -48.6231
-7.9581 -39.1745 12.8385 -29.3577 -48.9350 8.4003 -38.4002 9.6450 -28.2443 -48.7482 28.5872 -37.7040 2.9260 -26.5222 -47.4142 34.8423 -36.2556 -15.2268 -23.7809 -45.1360 28.6178 -34.0682 -39.1080 -19.2345 -42.4929 20.7589 -31.6655 -47.6122 -10.4105 -39.8074 13.5773 -29.2936 -48.9586 18.9864 -38.0252 5.5743 -27.0142 -47.8113 35.0693 -36.5939 -10.6957 -24.3394 -45.5313 29.8346 -34.4208 -36.6140 -20.0674 -42.9025 22.1209 -33.5632 -14.7167 -33.5617 22.1054 -42.8964 -20.0561 -36.6415 -34.4166 29.8145 -45.5251 -24.3334 -10.7332 -36.5912 35.0698 -47.8088 -27.0112 5.5605 -38.0253 19.0679 -48.9587 -29.2892 13.5598 -39.8009 -10.3737 -47.6214 -31.6592 20.7392 -42.4858 -19.2191 -39.1485 -34.0614 28.6035 -45.1316 -23.7744 -15.2746 -36.2520 34.8351 -47.4086 -26.5165 2.9050 -37.7013 28.6354 -48.7466 -28.2403 9.6301 -38.3990 8.4928 -48.9363 -29.3517 12.8196 -39.1678 -7.9198
-39.2817 11.8469 -29.0553 -48.9608 12.7795 -38.3147 9.0798 -28.1357 -48.7227 28.5872 -37.7327 3.4307 -26.6577 -47.5776 35.0248 -36.4598 -12.0700 -24.2017 -45.4519 29.6373 -34.3762 -36.9037 -19.9875 -42.8576 21.7848 -31.9938 -47.0603 -12.1861 -40.1698 14.5449 -29.6118 -48.9374 13.7689 -38.1692 6.8545 -27.3192 -48.0618 34.8270 -36.8466 -7.3298 -24.7908 -45.8736 30.8977 -34.7388 -33.9543 -20.7675 -43.2631 22.9519 -32.5682 -43.9108 -25.2289 -43.9218 -32.5642 22.9405 -43.2570 -20.7606 -33.9858 -34.7361 30.8786 -45.8675 -24.7842 -7.3633 -36.8434 34.8313 -48.0595 -27.3162 6.8425 -38.1698 13.8254 -48.9378 -29.6086 14.5292 -40.1639 -12.1567 -47.0715 -31.9877 21.7648 -42.8505 -19.9732 -36.9508 -34.3689 29.6229 -45.4469 -24.1935 -12.1423 -36.4546 35.0214 -47.5723 -26.6519 3.4009 -37.7265 28.6354 -48.7219 -28.1335 9.0640 -38.3137 12.8800 -48.9609 -29.0493 11.8277 -39.2760
10.8410 -28.7398 -48.9374 17.7708 -38.1983 8.2146 -27.9379 -48.6455 29.5466 -37.7040 3.4307 -26.7042 -47.6623 35.0695 -36.6045 -9.7284 -24.5420 -45.7285 30.5513 -34.6596 -34.4904 -20.6626 -43.2133 22.8087 -32.3192 -46.3669 -13.6949 -40.5337 15.5083 -29.9316 -48.8513 8.3321 -38.3045 8.0439 -27.6258 -48.2900 34.1371 -37.0816 -4.4117 -25.2138 -46.2090 31.9124 -35.0522 -30.9113 -21.4268 -43.6284 23.9978 -32.7052 -45.1732 -17.7348 -45.2825 -17.7245 -45.1862 -32.6991 23.9838 -43.6217 -21.4197 -30.9447 -35.0496 31.8949 -46.2029 -25.2064 -4.4418 -37.0786 34.1465 -48.2879 -27.6229 8.0327 -38.3031 8.3842 -48.8526 -29.9286 15.4983 -40.5299 -13.6697 -46.3806 -32.3131 22.7886 -43.2062 -20.6492 -34.5442 -34.6523 30.5366 -45.7217 -24.5333 -9.7955 -36.5996 35.0688 -47.6571 -26.6983 3.4009 -37.7013 29.5740 -48.6449 -27.9366 8.1980 -38.1969 17.8677 -48.9365 -28.7338 10.8210
-27.5598 -48.8648 22.4825 -38.0612 7.1368 -27.6807 -48.5145 31.0678 -37.6262 2.9260 -26.6577 -47.6623 35.0705 -36.6793 -8.3168 -24.7803 -45.9452 31.3029 -34.9044 -32.0396 -21.2520 -43.5473 23.8008 -32.6340 -45.5222 -14.9855 -40.8960 16.4720 -30.2532 -48.7409 3.2395 -38.4295 9.1645 -27.9343 -48.4923 32.9026 -37.2964 -1.9174 -25.6067 -46.5357 32.8522 -35.3602 -27.4899 -22.0461 -43.9921 25.0770 -33.0166 -44.2846 -16.5169 -42.0991 32.0253 -42.0953 -16.4971 -44.3068 -33.0105 25.0566 -43.9857 -22.0389 -27.5276 -35.3576 32.8378 -46.5297 -25.6006 -1.9466 -37.2939 32.9182 -48.4904 -27.9312 9.1538 -38.4284 3.2857 -48.7428 -30.2501 16.4622 -40.8920 -14.9653 -45.5377 -32.6281 23.7803 -43.5402 -21.2394 -32.0997 -34.8977 31.2830 -45.9386 -24.7719 -8.3795 -36.6745 35.0708 -47.6571 -26.6519 2.9050 -37.6242 31.0790 -48.5133 -27.6785 7.1173 -38.0592 22.5669 -48.8630 -27.5537
-48.6361 26.4528 -37.9120 5.9071 -27.3924 -48.3363 32.6439 -37.5029 1.9285 -26.5222 -47.5776 35.0695 -36.6793 -7.8458 -24.9015 -46.0821 31.8262 -35.0930 -29.7833 -21.7373 -43.8477 24.7388 -32.9297 -44.5458 -16.0847 -41.2512 17.4225 -30.5730 -48.6208 -1.1071 -38.6382 10.2330 -28.2445 -48.6648 31.0202 -37.4884 0.2231 -25.9698 -46.8523 33.6838 -35.6620 -23.7385 -22.6297 -44.3537 26.1711 -33.3417 -43.0038 -17.3043 -41.7507 20.8740 -35.9256 20.8618 -41.7462 -17.2880 -43.0214 -33.3376 26.1509 -44.3472 -22.6218 -23.7799 -35.6587 33.6757 -46.8465 -25.9641 0.1870 -37.4860 31.0433 -48.6632 -28.2414 10.2227 -38.6370 -1.0688 -48.6216 -30.5689 17.4120 -41.2473 -16.0685 -44.5645 -32.9236 24.7179 -43.8407 -21.7253 -29.8480 -35.0881 31.8074 -46.0763 -24.8934 -7.9067 -36.6745 35.0688 -47.5723 -26.5165 1.9157 -37.4993 32.6591 -48.3339 -27.3891 5.8832 -37.9092 26.5205 -48.6338
21.0738 -37.5891 4.5404 -27.0911 -48.1212 33.9025 -37.3359 0.4727 -26.3088 -47.4142 35.0248 -36.6045 -8.3168 -24.9015 -46.1281 32.0912 -35.2126 -28.0441 -22.0986 -44.0965 25.5618 -33.1941 -43.4836 -17.0135 -41.5895 18.3445 -30.8852 -48.4398 -4.5895 -38.9636 11.2627 -28.5567 -48.8029 28.3875 -37.6603 2.0629 -26.3021 -47.1573 34.3657 -35.9547 -19.7645 -23.1810 -44.7125 27.2745 -33.6674 -41.4445 -18.2045 -42.0459 19.7413 -32.8238 -24.0357 -32.8204 19.7275 -42.0421 -18.1923 -41.4617 -33.6644 27.2548 -44.7059 -23.1713 -19.8095 -35.9507 34.3594 -47.1523 -26.2969 2.0322 -37.6577 28.4204 -48.8015 -28.5534 11.2527 -38.9618 -4.5455 -48.4421 -30.8811 18.3331 -41.5855 -16.9967 -43.5085 -33.1878 25.5407 -44.0902 -22.0908 -28.1039 -35.2095 32.0749 -46.1229 -24.8934 -8.3795 -36.5996 35.0214 -47.4086 -26.3030 0.4587 -37.3335 33.9131 -48.1176 -27.0867 4.5132 -37.5865 21.1475
-37.4004 3.0108 -26.7872 -47.8765 34.6988 -37.1349 -1.4183 -26.0289 -47.1875 34.8423 -36.4598 -9.7284 -24.7803 -46.0821 32.0912 -35.2543 -27.1062 -22.3214 -44.2721 26.2005 -33.4121 -42.4145 -17.7727 -41.8997 19.2163 -31.1815 -48.1835 -7.2998 -39.3115 12.2515 -28.8678 -48.9017 24.9210 -37.8230 3.6801 -26.6111 -47.4487 34.8469 -36.2373 -15.7406 -23.6990 -45.0672 28.3798 -33.9925 -39.5896 -19.0418 -42.4074 20.5420 -31.7996 -46.2862 -23.8917 -46.2948 -31.7940 20.5308 -42.4015 -19.0330 -39.6106 -33.9896 28.3618 -45.0607 -23.6898 -15.7913 -36.2335 34.8431 -47.4457 -26.6064 3.6525 -37.8185 24.9700 -48.8999 -28.8654 12.2379 -39.3093 -7.2731 -48.1884 -31.1771 19.1994 -41.8933 -17.7559 -42.4436 -33.4064 26.1864 -44.2683 -22.3162 -27.1579 -35.2519 32.0749 -46.0763 -24.7719 -9.7955 -36.4546 34.8351 -47.1819 -26.0232 -1.4456 -37.1327 34.7047 -47.8724 -26.7816 2.9809 -37.3971
0.7823 -26.4940 -47.6113 35.0454 -36.9069 -3.7513 -25.6928 -46.9157 34.4532 -36.2556 -12.0700 -24.5420 -45.9452 31.8262 -35.2126 -27.1062 -22.3978 -44.3630 26.6052 -33.5662 -41.4923 -18.3597 -42.1672 20.0014 -31.4529 -47.8630 -9.4089 -39.6469 13.1860 -29.1728 -48.9532 20.6609 -37.9784 5.1272 -26.9139 -47.7243 35.0663 -36.5083 -11.8889 -24.1873 -45.4172 29.4766 -34.3150 -37.4102 -19.8189 -42.7748 21.5467 -31.9389 -47.0612 -15.2029 -44.4145 -15.1838 -47.0728 -31.9324 21.5327 -42.7679 -19.8103 -37.4347 -34.3124 29.4591 -45.4109 -24.1784 -11.9365 -36.5046 35.0657 -47.7214 -26.9092 5.1007 -37.9720 20.7203 -48.9527 -29.1693 13.1698 -39.6421 -9.3819 -47.8693 -31.4472 19.9829 -42.1603 -18.3441 -41.5203 -33.5613 26.5987 -44.3595 -22.3914 -27.1579 -35.2095 31.8074 -45.9386 -24.5333 -12.1423 -36.2520 34.4439 -46.9104 -25.6883 -3.7922 -36.9056 35.0481 -47.6064 -26.4885 0.7499
-25.1418 -47.3267 35.0108 -36.6588 -6.5538 -25.3123 -46.6126 33.8498 -36.0062 -15.2268 -24.2017 -45.7285 31.3029 -35.0930 -28.0441 -22.3214 -44.3630 26.7437 -33.6449 -40.8653 -18.7542 -42.3739 20.6549 -31.6865 -47.5037 -11.0279 -39.9588 14.0547 -29.4653 -48.9549 15.8380 -38.1203 6.4221 -27.2167 -47.9815 34.9519 -36.7646 -8.3903 -24.6469 -45.7616 30.5510 -34.6343 -34.8754 -20.5403 -43.1417 22.5851 -32.2502 -46.5181 -13.6947 -41.2622 29.5228 -41.2584 -13.6682 -46.5325 -32.2436 22.5648 -43.1349 -20.5324 -34.9024 -34.6318 30.5321 -45.7552 -24.6385 -8.4271 -36.7619 34.9549 -47.9773 -27.2118 6.3982 -38.1159 15.9044 -48.9558 -29.4595 14.0368 -39.9540 -10.9974 -47.5121 -31.6804 20.6375 -42.3673 -18.7407 -40.8914 -33.6417 26.7375 -44.3595 -22.3162 -28.1039 -35.0881 31.2830 -45.7217 -24.1935 -15.2746 -36.0043 33.8423 -46.6079 -25.3083 -6.5833 -36.6572 35.0076 -47.3219 -25.1367
-46.9750 34.6672 -36.3954 -9.8081 -24.8975 -46.2891 33.0652 -35.7290 -18.9148 -23.7809 -45.4519 30.5513 -34.9044 -29.7833 -22.0986 -44.2721 26.6052 -33.6449 -40.6368 -18.9487 -42.5026 21.1195 -31.8653 -47.1520 -12.2394 -40.2334 14.8339 -29.7359 -48.9075 10.8677 -38.2489 7.5905 -27.5137 -48.2137 34.4265 -37.0048 -5.3278 -25.0768 -46.0993 31.5843 -34.9493 -31.9603 -21.2137 -43.5056 23.6430 -32.5762 -45.7084 -14.7483 -40.8977 18.5361 -35.3152 18.5237 -40.8912 -14.7246 -45.7254 -32.5700 23.6224 -43.5010 -21.2066 -31.9907 -34.9467 31.5659 -46.0928 -25.0700 -5.3567 -37.0022 34.4359 -48.2094 -27.5082 7.5685 -38.2487 10.9592 -48.9092 -29.7306 14.8229 -40.2311 -12.2130 -47.1595 -31.8605 21.1027 -42.4983 -18.9401 -40.6641 -33.6417 26.5987 -44.2683 -22.0908 -29.8480 -34.8977 30.5366 -45.4469 -23.7744 -18.9533 -35.7268 33.0564 -46.2859 -24.8934 -9.8442 -36.3920 34.6596 -46.9714
32.7458 -36.0251 -13.4783 -24.4544 -45.9559 32.1486 -35.4337 -22.8021 -23.2970 -45.1360 29.6373 -34.6596 -32.0396 -21.7373 -44.0965 26.2005 -33.5662 -40.8653 -18.9487 -42.5458 21.3600 -31.9775 -46.8683 -13.0841 -40.4615 15.4976 -29.9754 -48.8197 6.3609 -38.3608 8.6340 -27.7995 -48.4163 33.4279 -37.2232 -2.7267 -25.4759 -46.4271 32.5522 -35.2591 -28.6617 -21.8448 -43.8695 24.7176 -32.9039 -44.6972 -15.9054 -41.1900 17.4424 -32.0698 -32.1975 -32.0664 17.4283 -41.1840 -15.8870 -44.7176 -32.8976 24.6974 -43.8655 -21.8387 -28.6955 -35.2551 32.5349 -46.4226 -25.4714 -2.7529 -37.2201 33.4529 -48.4121 -27.7952 8.6137 -38.3626 6.4360 -48.8211 -29.9703 15.4919 -40.4569 -13.0575 -46.8766 -31.9726 21.3418 -42.5433 -18.9401 -40.8914 -33.5613 26.1864 -44.0902 -21.7253 -32.0997 -34.6523 29.6229 -45.1316 -23.2923 -22.8587 -35.4308 32.1392 -45.9527 -24.4496 -13.5381 -36.0223 32.7437
-35.3974 -17.4701 -23.9823 -45.6153 31.1494 -35.1275 -26.6082 -22.7638 -44.7954 28.6178 -34.3762 -34.4904 -21.2520 -43.8477 25.5618 -33.4121 -41.4923 -18.7542 -42.5026 21.3600 -32.0157 -46.7112 -13.5769 -40.6238 16.0115 -30.1706 -48.7380 2.7197 -38.4564 9.5400 -28.0670 -48.5844 31.9465 -37.4151 -0.5505 -25.8413 -46.7434 33.4168 -35.5632 -25.0114 -22.4387 -44.2318 25.8016 -33.2323 -43.4680 -16.9515 -41.5496 18.2181 -31.0330 -47.7263 -22.4069 -47.7284 -31.0281 18.2081 -41.5444 -16.9360 -43.4928 -33.2260 25.7873 -44.2279 -22.4331 -25.0510 -35.5569 33.4054 -46.7389 -25.8363 -0.5867 -37.4107 31.9707 -48.5811 -28.0626 9.5277 -38.4561 2.7825 -48.7389 -30.1656 16.0000 -40.6172 -13.5509 -46.7228 -32.0093 21.3418 -42.4983 -18.7407 -41.5203 -33.4064 25.5407 -43.8407 -21.2394 -34.5442 -34.3689 28.6035 -44.7893 -22.7580 -26.6454 -35.1244 31.1394 -45.6119 -23.9756 -17.5120 -35.3956
-23.1401 -23.4791 -45.2683 30.0959 -34.8153 -30.1164 -22.1896 -44.4390 27.5352 -34.0682 -36.9037 -20.6626 -43.5473 24.7388 -33.1941 -42.4145 -18.3597 -42.3739 21.1195 -31.9775 -46.7112 -13.7374 -40.7054 16.3360 -30.3087 -48.6854 0.0611 -38.5918 10.3036 -28.3080 -48.7155 30.0243 -37.5753 1.2479 -26.1665 -47.0405 34.1353 -35.8549 -21.1109 -22.9985 -44.5913 26.9006 -33.5601 -41.9923 -17.9026 -41.9144 19.1819 -31.1731 -48.1561 -11.7979 -43.5191 -11.7771 -48.1582 -31.1688 19.1760 -41.9109 -17.8865 -42.0224 -33.5533 26.8882 -44.5876 -22.9899 -21.1800 -35.8477 34.1261 -47.0345 -26.1602 1.2133 -37.5715 30.0513 -48.7130 -28.3028 10.2973 -38.5895 0.1170 -48.6864 -30.3047 16.3203 -40.6994 -13.7112 -46.7228 -31.9726 21.1027 -42.3673 -18.3441 -42.4436 -33.1878 24.7179 -43.5402 -20.6492 -36.9508 -34.0614 27.5208 -44.4343 -22.1836 -30.1491 -34.8123 30.0855 -45.2647 -23.4734 -23.1688
-22.1838 -44.9137 29.0097 -34.4984 -33.2531 -21.5797 -44.0775 26.4312 -33.7469 -39.1080 -19.9875 -43.2133 23.8008 -32.9297 -43.4836 -17.7727 -42.1672 20.6549 -31.8653 -46.8683 -13.5769 -40.7054 16.4457 -30.3811 -48.6470 -1.6418 -38.7583 10.9150 -28.5122 -48.8106 27.8035 -37.7086 2.7132 -26.4466 -47.3126 34.6685 -36.1268 -17.2061 -23.5171 -44.9437 28.0019 -33.8840 -40.2375 -18.7699 -42.2821 20.1791 -31.4812 -47.8581 -9.7201 -40.4241 26.9058 -40.4196 -9.6926 -47.8623 -31.4786 20.1690 -42.2783 -18.7548 -40.2741 -33.8791 27.9853 -44.9380 -23.5073 -17.2837 -36.1206 34.6595 -47.3070 -26.4407 2.6914 -37.7065 27.8516 -48.8085 -28.5073 10.9088 -38.7557 -1.5889 -48.6483 -30.3765 16.4310 -40.6994 -13.5509 -46.8766 -31.8605 20.6375 -42.1603 -17.7559 -43.5085 -32.9236 23.7803 -43.2062 -19.9732 -39.1485 -33.7402 26.4169 -44.0734 -21.5735 -33.2818 -34.4952 28.9984 -44.9086 -22.1791
-44.6266 27.9001 -34.1774 -36.0047 -20.9306 -43.7137 25.3323 -33.4202 -41.0235 -19.2345 -42.8576 22.8087 -32.6340 -44.5458 -17.0135 -41.8997 20.0014 -31.6865 -47.1520 -13.0841 -40.6238 16.3360 -30.3811 -48.6318 -2.4699 -38.8754 11.3476 -28.6691 -48.8728 25.5490 -37.8227 3.9018 -26.6903 -47.5532 34.9811 -36.3760 -13.5548 -23.9901 -45.2825 29.0805 -34.2013 -38.1903 -19.5636 -42.6500 21.1953 -31.8059 -47.3888 -11.2560 -40.0483 16.2517 -34.6968 16.2466 -40.0432 -11.2387 -47.3962 -31.8037 21.1853 -42.6440 -19.5533 -38.2298 -34.1982 29.0623 -45.2762 -23.9810 -13.6271 -36.3713 34.9765 -47.5478 -26.6845 3.8910 -37.8219 25.6059 -48.8710 -28.6642 11.3357 -38.8708 -2.4098 -48.6338 -30.3765 16.3203 -40.6172 -13.0575 -47.1595 -31.6804 19.9829 -41.8933 -16.9967 -44.5645 -32.6281 22.7886 -42.8505 -19.2191 -41.0579 -33.4136 25.3201 -43.7100 -20.9241 -36.0295 -34.1749 27.8841 -44.6225
27.0359 -33.8018 -38.3864 -20.2372 -43.3483 24.2470 -33.0908 -42.6559 -18.4086 -42.4929 21.7848 -32.3192 -45.5222 -16.0847 -41.5895 19.2163 -31.4529 -47.5037 -12.2394 -40.4615 16.0115 -30.3087 -48.6470 -2.4699 -38.9162 11.5701 -28.7689 -48.9084 23.5906 -37.9120 4.8300 -26.9011 -47.7567 35.0721 -36.5974 -10.3478 -24.4158 -45.6047 30.1053 -34.5092 -35.8546 -20.2896 -43.0144 22.2287 -32.1343 -46.7802 -12.8665 -40.3359 15.1794 -31.3067 -38.3641 -31.3033 15.1719 -40.3319 -12.8561 -46.7873 -32.1310 22.2163 -43.0077 -20.2837 -35.8837 -34.5051 30.0859 -45.5984 -24.4071 -10.4145 -36.5929 35.0723 -47.7516 -26.8952 4.8196 -37.9111 23.6543 -48.9059 -28.7636 11.5533 -38.9098 -2.4098 -48.6483 -30.3047 16.0000 -40.4569 -12.2130 -47.5121 -31.4472 19.1994 -41.5855 -16.0685 -45.5377 -32.3131 21.7648 -42.4858 -18.3919 -42.6838 -33.0857 24.2361 -43.3447 -20.2302 -38.4066 -33.8005 27.0233
-32.9352 -40.4435 -19.4923 -42.9817 23.1787 -32.7606 -44.0298 -17.5068 -42.1250 20.7589 -31.9938 -46.3669 -14.9855 -41.2512 18.3445 -31.1815 -47.8630 -11.0279 -40.2334 15.4976 -30.1706 -48.6854 -1.6418 -38.8754 11.5701 -28.8029 -48.9235 22.2560 -37.9732 5.4956 -27.0711 -47.9202 34.9720 -36.7876 -7.6798 -24.7873 -45.9000 31.0477 -34.8010 -33.2566 -20.9500 -43.3699 23.2605 -32.4599 -46.0181 -14.2764 -40.6938 15.9495 -30.2735 -48.4854 -20.7265 -48.4888 -30.2671 15.9371 -40.6889 -14.2623 -46.0234 -32.4553 23.2469 -43.3632 -20.9435 -33.2867 -34.7961 31.0285 -45.8935 -24.7788 -7.7417 -36.7828 34.9774 -47.9153 -27.0652 5.4856 -37.9704 22.3244 -48.9218 -28.7972 11.5533 -38.8708 -1.5889 -48.6864 -30.1656 15.4919 -40.2311 -10.9974 -47.8693 -31.1771 18.3331 -41.2473 -14.9653 -46.3806 -31.9877 20.7392 -42.1179 -17.4891 -44.0457 -32.7570 23.1683 -42.9781 -19.4852 -40.4524 -32.9341
-42.8807 -18.6803 -42.6142 22.1282 -32.4313 -45.1643 -16.5081 -41.7572 19.7492 -31.6655 -47.0603 -13.6949 -40.8960 17.4225 -30.8852 -48.1835 -9.4089 -39.9588 14.8339 -29.9754 -48.7380 0.0611 -38.7583 11.3476 -28.7689 -48.9235 21.7797 -38.0048 5.9043 -27.1923 -48.0404 34.7515 -36.9388 -5.5978 -25.1007 -46.1614 31.8808 -35.0690 -30.4849 -21.5457 -43.7104 24.2707 -32.7776 -45.0929 -15.4979 -41.0554 16.8955 -30.4144 -48.6640 -6.7438 -42.6083 -6.6992 -48.6662 -30.4082 16.8797 -41.0507 -15.4798 -45.1055 -32.7719 24.2632 -43.7061 -21.5375 -30.5340 -35.0636 31.8618 -46.1550 -25.0926 -5.6537 -36.9342 34.7615 -48.0357 -27.1863 5.8882 -38.0024 21.8501 -48.9218 -28.7636 11.3357 -38.7557 0.1170 -48.7389 -29.9703 14.8229 -39.9540 -9.3819 -48.1884 -30.8811 17.4120 -40.8920 -13.6697 -47.0715 -31.6592 19.7298 -41.7501 -16.4944 -45.1757 -32.4280 22.1181 -42.6104 -18.6757 -42.8914
-17.9698 -42.2439 21.0956 -32.1023 -46.0944 -15.3989 -41.3896 18.7547 -31.3381 -47.6122 -12.1861 -40.5337 16.4720 -30.5730 -48.4398 -7.2998 -39.6469 14.0547 -29.7359 -48.8197 2.7197 -38.5918 10.9150 -28.6691 -48.9084 22.2560 -38.0048 6.0422 -27.2565 -48.1142 34.5070 -37.0496 -4.0962 -25.3511 -46.3852 32.5779 -35.3072 -27.6854 -22.0696 -44.0313 25.2576 -33.0829 -44.0088 -16.5543 -41.4114 17.8467 -30.7169 -48.5452 -3.4914 -39.5922 24.3277 -39.5869 -3.4295 -48.5485 -30.7120 17.8326 -41.4075 -16.5369 -44.0303 -33.0777 25.2443 -44.0271 -22.0604 -27.7477 -35.3014 32.5600 -46.3789 -25.3434 -4.1476 -37.0451 34.5207 -48.1096 -27.2506 6.0190 -38.0024 22.3244 -48.9059 -28.6642 10.9088 -38.5895 2.7825 -48.8211 -29.7306 14.0368 -39.6421 -7.2731 -48.4421 -30.5689 16.4622 -40.5299 -12.1567 -47.6214 -31.3318 18.7355 -41.3828 -15.3857 -46.1029 -32.0991 21.0851 -42.2385 -17.9638
-42.1113 20.0739 -31.7736 -46.8468 -14.1466 -41.0209 17.7723 -31.0117 -48.0364 -10.4105 -40.1698 15.5083 -30.2532 -48.6208 -4.5895 -39.3115 13.1860 -29.4653 -48.9075 6.3609 -38.4564 10.3036 -28.5122 -48.8728 23.5906 -37.9732 5.9043 -27.2565 -48.1386 34.3459 -37.1183 -3.1019 -25.5326 -46.5610 33.1220 -35.5112 -25.0008 -22.5178 -44.3227 26.1817 -33.3681 -42.7869 -17.4711 -41.7596 18.7897 -31.0308 -48.3283 -5.9633 -39.2052 14.0002 -34.0799 13.9915 -39.1997 -5.9103 -48.3330 -31.0257 18.7732 -41.7533 -17.4599 -42.8098 -33.3644 26.1685 -44.3164 -22.5075 -25.0742 -35.5053 33.1053 -46.5548 -25.5252 -3.1502 -37.1140 34.3617 -48.1341 -27.2506 5.8882 -37.9704 23.6543 -48.8710 -28.5073 10.2973 -38.4561 6.4360 -48.9092 -29.4595 13.1698 -39.3093 -4.5455 -48.6216 -30.2501 15.4983 -40.1639 -10.3737 -48.0434 -31.0053 17.7540 -41.0162 -14.1330 -46.8534 -31.7708 20.0593 -42.1070
19.3501 -31.4212 -47.4454 -12.7102 -40.6547 16.7948 -30.6867 -48.3494 -8.2764 -39.8074 14.5449 -29.9316 -48.7409 -1.1072 -38.9638 12.2515 -29.1728 -48.9549 10.8677 -38.3608 9.5400 -28.3080 -48.8106 25.5490 -37.9120 5.4956 -27.1923 -48.1142 34.3459 -37.1399 -2.5995 -25.6450 -46.6820 33.4997 -35.6699 -22.6707 -22.8874 -44.5777 27.0166 -33.6280 -41.4662 -18.2591 -42.0891 19.7063 -31.3365 -48.0250 -8.4156 -39.4804 12.9052 -30.5367 -42.6531 -30.5358 12.8907 -39.4754 -8.3708 -48.0319 -31.3303 19.6894 -42.0842 -18.2529 -41.4923 -33.6240 27.0025 -44.5711 -22.8768 -22.7470 -35.6641 33.4842 -46.6758 -25.6377 -2.6463 -37.1356 34.3617 -48.1096 -27.1863 5.4856 -37.9111 25.6059 -48.8085 -28.3028 9.5277 -38.3626 10.9592 -48.9558 -29.1693 12.2379 -38.9618 -1.0688 -48.7428 -29.9286 14.5292 -39.8009 -8.2309 -48.3545 -30.6803 16.7823 -40.6506 -12.6950 -47.4503 -31.4195 19.3375
-30.3993 -47.9143 -11.0298 -40.2900 15.8277 -30.3628 -48.5659 -5.6570 -39.4467 13.5773 -29.6118 -48.8513 3.2392 -38.6384 11.2636 -28.8691 -48.9532 15.8380 -38.2489 8.6340 -28.0670 -48.7155 27.8035 -37.8227 4.8300 -27.0711 -48.0404 34.5070 -37.1183 -2.5995 -25.6837 -46.7458 33.7241 -35.7784 -20.8941 -23.1709 -44.7889 27.7355 -33.8589 -40.0975 -18.9291 -42.3934 20.5713 -31.6278 -47.6392 -10.3928 -39.8174 13.6471 -29.5048 -48.7571 -18.7561 -48.7574 -29.5035 13.6315 -39.8114 -10.3552 -47.6484 -31.6214 20.5597 -42.3887 -18.9202 -40.1301 -33.8533 27.7143 -44.7821 -23.1606 -20.9717 -35.7727 33.7094 -46.7397 -25.6765 -2.6463 -37.1140 34.5207 -48.0357 -27.0652 4.8196 -37.8219 27.8516 -48.7130 -28.0626 8.6137 -38.2487 15.9044 -48.9527 -28.8654 11.2527 -38.6370 3.2857 -48.8526 -29.6086 13.5598 -39.4399 -5.6004 -48.5692 -30.3566 15.8170 -40.2863 -11.0130 -47.9162 -30.3978
-48.4063 -9.0080 -39.9269 14.8635 -30.0394 -48.6984 -2.3923 -39.0879 12.5999 -29.2936 -48.9374 8.3320 -38.4297 10.2344 -28.5593 -48.9018 20.6574 -38.1203 7.5905 -27.7995 -48.5844 30.0243 -37.7086 3.9018 -26.9011 -47.9202 34.7515 -37.0496 -3.1019 -25.6450 -46.7458 33.8015 -35.8360 -19.7504 -23.3658 -44.9472 28.3039 -34.0477 -38.7787 -19.4888 -42.6676 21.3758 -31.8986 -47.1792 -11.9805 -40.1474 14.5317 -29.6319 -48.8125 1.7645 -41.6737 1.7854 -48.8122 -29.6305 14.5140 -40.1406 -11.9482 -47.1907 -31.8920 21.3619 -42.6613 -19.4755 -38.8186 -34.0416 28.2827 -44.9404 -23.3557 -19.8283 -35.8304 33.7871 -46.7397 -25.6377 -3.1502 -37.0451 34.7615 -47.9153 -26.8952 3.8910 -37.7065 30.0513 -48.5811 -27.7952 7.5685 -38.1159 20.7203 -48.8999 -28.5534 10.2227 -38.4284 8.3842 -48.9378 -29.2892 12.5811 -39.0810 -2.3214 -48.7002 -30.0345 14.8538 -39.9231 -8.9973 -48.4083
-10.0115 -39.5632 13.8974 -29.7175 -48.8131 1.6718 -38.7310 11.6056 -28.9773 -48.9586 13.7689 -38.3047 9.1655 -28.2472 -48.8038 24.8945 -37.9767 6.4221 -27.5137 -48.4163 31.9465 -37.5753 2.7133 -26.6903 -47.7567 34.9720 -36.9388 -4.0962 -25.5326 -46.6820 33.7241 -35.8360 -19.3469 -23.4687 -45.0492 28.7095 -34.1871 -37.6539 -19.9276 -42.9030 22.0965 -32.1406 -46.6693 -13.2613 -40.4577 15.3820 -29.9069 -48.8442 7.1983 -38.8573 21.7865 -38.8555 7.2274 -48.8442 -29.9032 15.3636 -40.4507 -13.2341 -46.6814 -32.1350 22.0773 -42.8967 -19.9136 -37.6976 -34.1810 28.6883 -45.0424 -23.4587 -19.4247 -35.8304 33.7094 -46.6758 -25.5252 -4.1476 -36.9342 34.9774 -47.7516 -26.6845 2.6914 -37.5715 31.9707 -48.4121 -27.5082 6.3982 -37.9720 24.9700 -48.8015 -28.2414 9.1538 -38.3031 13.8254 -48.9587 -28.9715 11.5862 -38.7241 1.7557 -48.8135 -29.7140 13.8874 -39.5579 -9.9981
-39.6364 12.9176 -29.3984 -48.9167 6.5715 -38.4837 10.5865 -28.6628 -48.9239 18.9864 -38.1693 8.0448 -27.9370 -48.6663 28.3615 -37.8216 5.1273 -27.2168 -48.2137 33.4279 -37.4151 1.2480 -26.4466 -47.5532 35.0721 -36.7876 -5.5978 -25.3511 -46.5610 33.4997 -35.7784 -19.7504 -23.4687 -45.0858 28.9296 -34.2772 -36.8002 -20.2391 -43.0883 22.6955 -32.3497 -46.1403 -14.2794 -40.7385 16.1610 -30.1783 -48.7553 3.5837 -38.4818 11.5965 -33.4435 11.5921 -38.4797 3.6341 -48.7562 -30.1726 16.1485 -40.7338 -14.2590 -46.1523 -32.3446 22.6767 -43.0817 -20.2255 -36.8463 -34.2712 28.9087 -45.0791 -23.4587 -19.8283 -35.7727 33.4842 -46.5548 -25.3434 -5.6537 -36.7828 35.0723 -47.5478 -26.4407 1.2133 -37.4107 33.4529 -48.2094 -27.2118 5.1007 -37.8185 28.4204 -48.6632 -27.9312 8.0327 -38.1698 19.0679 -48.9229 -28.6568 10.5665 -38.4768 6.6376 -48.9173 -29.3954 12.9030 -39.6320
11.9784 -29.0760 -48.9581 11.9644 -38.3501 9.5326 -28.3503 -48.8407 23.5622 -38.0252 6.8553 -27.6274 -48.4939 30.9998 -37.6609 3.6813 -26.9141 -47.9816 34.4261 -37.2236 -0.5505 -26.1665 -47.3126 34.9811 -36.5974 -7.6798 -25.1007 -46.3852 33.1220 -35.6699 -20.8941 -23.3658 -45.0492 28.9296 -34.3093 -36.3146 -20.4343 -43.2165 23.1455 -32.5147 -45.6377 -15.0765 -40.9874 16.8579 -30.4242 -48.6648 -0.1252 -38.5950 10.3582 -29.7275 -45.6062 -29.7249 10.3482 -38.5916 -0.0560 -48.6667 -30.4189 16.8516 -40.9854 -15.0596 -45.6513 -32.5107 23.1269 -43.2102 -20.4214 -36.3608 -34.3034 28.9087 -45.0424 -23.3557 -20.9717 -35.6641 33.1053 -46.3789 -25.0926 -7.7417 -36.5929 34.9765 -47.3070 -26.1602 -0.5867 -37.2201 34.4359 -47.9773 -26.9092 3.6525 -37.6577 31.0433 -48.4904 -27.6229 6.8425 -38.0253 23.6380 -48.8387 -28.3442 9.5117 -38.3456 12.0243 -48.9583 -29.0739 11.9645
-27.9172 -48.9405 17.3212 -38.2159 8.4307 -28.0394 -48.7157 27.3113 -37.8733 5.5752 -27.3204 -48.2918 32.8883 -37.4895 2.0648 -26.6121 -47.7244 34.9515 -37.0067 -2.7102 -25.8430 -47.0403 34.6686 -36.3760 -10.3478 -24.7873 -46.1614 32.5779 -35.5112 -22.6707 -23.1709 -44.9472 28.7095 -34.2772 -36.3146 -20.5043 -43.2864 23.4306 -32.6257 -45.2296 -15.6618 -41.1958 17.4665 -30.6414 -48.5600 -3.0136 -38.8368 11.0124 -28.6816 -48.7907 -16.1823 -48.7894 -28.6776 11.0022 -38.8318 -2.9550 -48.5625 -30.6370 17.4571 -41.1925 -15.6497 -45.2402 -32.6237 23.4137 -43.2808 -20.4918 -36.3608 -34.2712 28.6883 -44.9404 -23.1606 -22.7470 -35.5053 32.5600 -46.1550 -24.7788 -10.4145 -36.3713 34.6595 -47.0345 -25.8363 -2.7529 -37.0022 34.9549 -47.7214 -26.6064 2.0322 -37.4860 32.9182 -48.2879 -27.3162 5.5605 -37.8712 27.3744 -48.7130 -28.0334 8.4095 -38.2136 17.3705 -48.9397 -27.9151
-48.7585 22.1685 -38.0759 7.2597 -27.7304 -48.5544 30.2164 -37.7146 4.1755 -27.0153 -48.0639 34.1281 -37.2978 0.2262 -26.3032 -47.4494 35.0670 -36.7668 -5.3016 -25.4788 -46.7450 34.1388 -36.1260 -13.5548 -24.4158 -45.9000 31.8808 -35.3072 -25.0008 -22.8874 -44.7889 28.3039 -34.1871 -36.8002 -20.4343 -43.2864 23.5311 -32.6833 -44.9644 -16.0346 -41.3480 17.9457 -30.8201 -48.4362 -5.1832 -39.0903 11.7600 -28.7637 -48.8135 15.3958 -41.1420 15.4650 -48.8122 -28.7589 11.7499 -39.0868 -5.1402 -48.4384 -30.8177 17.9328 -41.3431 -16.0274 -44.9710 -32.6825 23.5156 -43.2808 -20.4214 -36.8463 -34.1810 28.2827 -44.7821 -22.8768 -25.0742 -35.3014 31.8618 -45.8935 -24.4071 -13.6271 -36.1206 34.1261 -46.7389 -25.4714 -5.3567 -36.7619 35.0657 -47.4457 -26.2969 0.1870 -37.2939 34.1465 -48.0595 -27.0112 4.1512 -37.7119 30.2645 -48.5510 -27.7245 7.2443 -38.0719 22.1920 -48.7567
16.3089 -37.7482 6.0103 -27.4230 -48.3618 32.3417 -37.5478 2.6200 -26.7118 -47.8119 34.8230 -37.0830 -1.9006 -25.9711 -47.1600 34.8503 -36.5098 -8.3631 -25.0781 -46.4289 33.4211 -35.8533 -17.2061 -23.9901 -45.6047 31.0477 -35.0690 -27.6853 -22.5178 -44.5777 27.7355 -34.0477 -37.6539 -20.2391 -43.2165 23.4306 -32.6833 -44.8706 -16.2238 -41.4406 18.2690 -30.9515 -48.3159 -6.7325 -39.3069 12.4149 -28.9709 -48.9269 21.5677 -38.4876 19.0987 -38.4878 21.6330 -48.9266 -28.9660 12.4053 -39.3048 -6.7071 -48.3175 -30.9501 18.2561 -41.4357 -16.2172 -44.8772 -32.6825 23.4137 -43.2102 -20.2255 -37.6976 -34.0416 27.7143 -44.5711 -22.5075 -27.7477 -35.0636 31.0285 -45.5984 -23.9810 -17.2837 -35.8477 33.4054 -46.4226 -25.0700 -8.4271 -36.5046 34.8431 -47.1523 -25.9641 -1.9466 -37.0786 34.8313 -47.8088 -26.7077 2.5902 -37.5445 32.3758 -48.3578 -27.4173 5.9950 -37.7424 16.3547
-37.6278 4.6463 -27.1162 -48.1418 33.7842 -37.3638 0.8606 -26.4067 -47.5417 35.0690 -36.8482 -4.3890 -25.6080 -46.8550 34.3713 -36.2389 -11.8646 -24.6472 -46.0993 32.5522 -35.5625 -21.1093 -23.5172 -45.2826 30.1053 -34.8010 -30.4848 -22.0696 -44.3227 27.0167 -33.8591 -38.7785 -19.9276 -43.0883 23.1455 -32.6257 -44.9644 -16.2238 -41.4727 18.4404 -31.0337 -48.2199 -7.7601 -39.4770 12.9424 -29.1597 -48.9586 19.1163 -38.0983 8.6852 -32.7398 8.6803 -38.0998 19.1889 -48.9587 -29.1546 12.9366 -39.4733 -7.7456 -48.2218 -31.0322 18.4269 -41.4678 -16.2172 -44.9710 -32.6237 23.1269 -43.0817 -19.9136 -38.8186 -33.8533 27.0025 -44.3164 -22.0604 -30.5340 -34.7961 30.0859 -45.2762 -23.5073 -21.1800 -35.5569 32.5349 -46.0928 -24.6385 -11.9365 -36.2335 34.3594 -46.8465 -25.6006 -4.4418 -36.8434 35.0698 -47.5386 -26.4012 0.8248 -37.3600 33.8061 -48.1375 -27.1116 4.6216 -37.6222
2.7526 -26.8221 -47.8972 34.6480 -37.1563 -1.1638 -26.0832 -47.2554 34.9539 -36.5963 -7.3021 -25.2150 -46.5365 33.6907 -35.9563 -15.7142 -24.1876 -45.7616 31.5845 -35.2604 -25.0059 -23.0001 -44.9447 29.0827 -34.5106 -33.2563 -21.5459 -44.0314 26.1820 -33.6283 -40.0939 -19.4903 -42.9032 22.6955 -32.5147 -45.2296 -16.0346 -41.4406 18.4404 -31.0622 -48.1648 -8.3642 -39.5945 13.3285 -29.3072 -48.9623 16.1275 -38.1411 7.0424 -28.8001 -47.5793 -28.7971 7.0341 -38.1426 16.2079 -48.9629 -29.3021 13.3186 -39.5896 -8.3499 -48.1666 -31.0607 18.4269 -41.4357 -16.0274 -45.2402 -32.5107 22.6767 -42.8967 -19.4755 -40.1301 -33.6240 26.1685 -44.0271 -21.5375 -33.2867 -34.5051 29.0623 -44.9380 -22.9899 -25.0510 -35.2551 31.5659 -45.7552 -24.1784 -15.7913 -35.9507 33.6757 -46.5297 -25.2064 -7.3633 -36.5912 34.9487 -47.2504 -26.0768 -1.2059 -37.1521 34.6592 -47.8938 -26.8183 2.7212
-25.5006 -47.6317 35.0331 -36.9288 -3.5242 -25.7303 -46.9547 34.5513 -36.3306 -10.6636 -24.7934 -46.2093 32.8601 -35.6638 -19.7312 -23.6995 -45.4174 30.5519 -34.9508 -28.6490 -22.4442 -44.5946 28.0073 -34.2045 -35.8502 -20.9541 -43.7105 25.2585 -33.3694 -41.4605 -18.9313 -42.6681 22.0965 -32.3497 -45.6377 -15.6618 -41.3480 18.2690 -31.0337 -48.1648 -8.5663 -39.6572 13.5703 -29.4063 -48.9541 13.6436 -38.2114 7.5112 -27.7178 -48.4266 -12.0799 -48.4249 -27.7119 7.5022 -38.2131 13.7248 -48.9551 -29.4022 13.5571 -39.6522 -8.5523 -48.1666 -31.0322 18.2561 -41.3431 -15.6497 -45.6513 -32.3446 22.0773 -42.6613 -18.9202 -41.4923 -33.3644 25.2443 -43.7061 -20.9435 -35.8837 -34.1982 27.9853 -44.5876 -22.4331 -28.6955 -34.9467 30.5321 -45.4109 -23.6898 -19.8095 -35.6587 32.8378 -46.2029 -24.7842 -10.7332 -36.3253 34.5412 -46.9489 -25.7232 -3.5737 -36.9231 35.0349 -47.6278 -25.4952
-47.2841 35.0205 -36.6821 -6.2903 -25.3478 -46.6414 33.9295 -36.0516 -14.4139 -24.3432 -45.8741 31.9216 -35.3631 -23.7034 -23.1824 -45.0676 29.4803 -34.6366 -31.9299 -21.8515 -44.2375 26.9141 -33.8874 -38.1710 -20.2977 -43.3702 24.2787 -33.0857 -42.7817 -18.2649 -42.3937 21.3817 -32.1407 -46.1399 -15.0771 -41.1960 17.9462 -30.9527 -48.2198 -8.3648 -39.6574 13.6551 -29.4581 -48.9450 11.9498 -38.2641 8.0345 -27.7228 -48.3841 28.6598 -40.4514 28.7110 -48.3801 -27.7147 8.0248 -38.2654 12.0317 -48.9464 -29.4548 13.6417 -39.6522 -8.3499 -48.2218 -30.9501 17.9328 -41.1925 -15.0596 -46.1523 -32.1350 21.3619 -42.3887 -18.2529 -42.8098 -33.0777 24.2632 -43.3632 -20.2837 -38.2298 -33.8791 26.8882 -44.2279 -21.8387 -31.9907 -34.6318 29.4591 -45.0607 -23.1713 -23.7799 -35.3576 31.8949 -45.8675 -24.3334 -14.4906 -36.0459 33.9151 -46.6353 -25.3393 -6.3491 -36.6760 35.0177 -47.2787
32.7707 -36.3211 -9.4939 -24.9405 -46.3191 33.1505 -35.7679 -18.3599 -23.8695 -45.5333 30.9114 -35.0624 -27.4219 -22.6385 -44.7148 28.3960 -34.3257 -34.8222 -21.2253 -43.8773 25.8254 -33.5705 -40.2002 -19.5782 -43.0188 23.2734 -32.7881 -43.9918 -17.4883 -42.0913 20.5835 -31.9055 -46.6655 -14.2852 -40.9911 17.4763 -30.8280 -48.3131 -7.7848 -39.5970 13.5770 -29.4656 -48.9367 11.0558 -38.2960 8.3806 -27.8153 -48.4933 32.1348 -37.9836 16.0444 -37.9725 32.2159 -48.4781 -27.8181 8.3622 -38.2922 11.1852 -48.9426 -29.4547 13.5571 -39.5896 -7.7456 -48.3175 -30.8177 17.4571 -40.9854 -14.2590 -46.6814 -31.8920 20.5597 -42.0842 -17.4599 -44.0303 -32.7719 23.2469 -43.0077 -19.5533 -40.2741 -33.5533 25.7873 -43.8655 -21.2066 -34.9024 -34.3124 28.3618 -44.7059 -22.6218 -27.5276 -35.0496 30.8786 -45.5251 -23.8542 -18.4811 -35.7546 33.1248 -46.3115 -24.9267 -9.5755 -36.3115 32.7733
-35.8240 -12.8452 -24.5597 -46.0070 32.3213 -35.5409 -22.0708 -23.4232 -45.2084 29.9317 -34.8249 -30.6032 -22.1205 -44.3818 27.3752 -34.0826 -37.1860 -20.6206 -43.5378 24.8175 -33.3230 -41.8377 -18.8602 -42.6837 22.3219 -32.5479 -44.9961 -16.6575 -41.7919 19.7904 -31.7139 -47.1279 -13.3861 -40.7706 16.9476 -30.7254 -48.4153 -6.9630 -39.5116 13.4204 -29.4927 -48.8886 10.5916 -38.2996 8.3376 -27.8682 -48.4550 31.9250 -37.5752 4.5663 -32.1792 4.7389 -37.6140 31.5983 -48.5510 -27.9546 8.6101 -38.3641 11.1768 -48.9461 -29.4022 13.3186 -39.4733 -6.7071 -48.4384 -30.6370 16.8516 -40.7338 -13.2341 -47.1907 -31.6214 19.6894 -41.7533 -16.5369 -45.1055 -32.4553 22.2163 -42.6440 -18.7548 -42.0224 -33.2260 24.6974 -43.5010 -20.5324 -37.4347 -33.9896 27.2548 -44.3472 -22.0389 -30.9447 -34.7361 29.8145 -45.1766 -23.3457 -22.4902 -35.4558 32.2146 -45.9788 -24.4850 -13.2608 -35.7319
-14.2030 -24.7553 -45.9025 32.2842 -35.7940 -22.5029 -23.5343 -45.1096 29.8426 -35.1259 -30.9845 -22.1908 -44.2975 27.2714 -34.4163 -37.4495 -20.6515 -43.4654 24.7098 -33.6749 -42.0183 -18.8492 -42.6219 22.2245 -32.9102 -45.0946 -16.6277 -41.7569 19.7664 -32.1100 -47.1057 -13.5194 -40.8100 17.1234 -31.1982 -48.3386 -7.8835 -39.6816 13.9622 -30.0914 -48.8151 6.3503 -38.5666 9.6448 -28.5423 -48.5144 29.4616 -37.9731 3.8310 -28.5664 -48.4948 -27.7603 2.0868 -37.4403 31.4552 -48.4476 -27.9223 8.3744 -38.2030 12.0851 -48.9551 -29.3021 12.9366 -39.3048 -5.1402 -48.5625 -30.4189 16.1485 -40.4507 -11.9482 -47.6484 -31.3303 18.7732 -41.4075 -15.4798 -46.0234 -32.1310 21.1853 -42.2783 -17.8865 -43.4928 -32.8976 23.6224 -43.1349 -19.8103 -39.6106 -33.6644 26.1509 -43.9857 -21.4197 -33.9858 -34.4166 28.7228 -44.8232 -22.8067 -26.3267 -35.1498 31.2195 -45.6386 -24.0140 -18.8283
