-47.9831 30.2454 -36.5875 -7.6742 -23.9086 -45.9442 30.8791 -34.2912 -34.6625 -20.4568 -43.4691 23.4419 -31.7643 -46.5277 -15.1371 -40.9558 15.9545 -29.2458 -48.7888 -1.6411 -38.5326 8.2491 -26.7957 -48.2442 28.4069 -36.8611 -4.6130 -24.3126 -46.2758 31.6769 -34.6467 -31.4718 -21.0369 -43.8415 24.5939 -32.1397 -45.6118 -16.1483 -41.3245 17.0364 -29.6149 -48.7562 -4.9949 -38.8831 9.5029 -27.1546 -48.4482 25.4129 -37.2304 3.2398 -31.1508 3.2227 -37.2276 25.4691 -48.4451 -27.1484 9.4817 -38.8770 -4.9423 -48.7574 -29.6084 17.0172 -41.3179 -16.1313 -45.6300 -32.1343 24.5742 -43.8351 -21.0304 -31.5039 -34.6450 31.6681 -46.2717 -24.3077 -4.6347 -36.8604 28.4367 -48.2420 -26.7908 8.2403 -38.5302 -1.5980 -48.7888 -29.2407 15.9473 -40.9533 -15.1245 -46.5374 -31.7591 23.4254 -43.4661 -20.4468 -34.6906 -34.2860 30.8674 -45.9415 -23.9046 -7.7143 -36.5844 30.2679 -47.9807
30.2454 -36.7575 -4.3952 -25.2550 -46.2616 32.0827 -35.0373 -30.2940 -21.5465 -43.6921 24.1818 -32.7077 -45.2225 -15.3337 -40.9977 16.7335 -30.3300 -48.7044 1.9456 -38.3514 9.4572 -28.0240 -48.5424 32.4439 -37.2133 -1.3173 -25.7134 -46.6205 33.0830 -35.3640 -26.5435 -22.2021 -44.0859 25.3579 -33.0584 -44.0011 -16.5337 -41.3963 17.7901 -30.6791 -48.5621 -2.4857 -38.7371 10.6045 -28.3597 -48.7185 30.1452 -37.4077 1.3506 -27.5649 -48.6829 -27.5632 1.3212 -37.4052 30.1931 -48.7157 -28.3537 10.5845 -38.7303 -2.4153 -48.5655 -30.6729 17.7712 -41.3891 -16.5190 -44.0183 -33.0547 25.3391 -44.0797 -22.1977 -26.5640 -35.3631 33.0705 -46.6159 -25.7096 -1.3280 -37.2145 32.4699 -48.5401 -28.0200 9.4520 -38.3497 2.0127 -48.7057 -30.3257 16.7234 -40.9938 -15.3141 -45.2394 -32.7020 24.1633 -43.6874 -21.5351 -30.3383 -35.0316 32.0717 -46.2581 -25.2508 -4.4200 -36.7553 30.2679
-36.5875 -4.3952 -25.3970 -46.4689 32.8145 -35.3701 -27.0302 -22.1383 -44.0526 25.2673 -33.0714 -44.0943 -16.4534 -41.3682 17.7154 -30.6678 -48.5759 -2.1779 -38.7100 10.5254 -28.3320 -48.7072 30.3612 -37.5374 0.7492 -26.0632 -46.9365 33.8859 -35.7412 -22.6792 -22.7796 -44.4488 26.4613 -33.4282 -42.6211 -17.5290 -41.7677 18.7827 -31.0213 -48.3418 -5.7410 -39.0980 11.6342 -28.6719 -48.8438 27.2150 -37.7193 2.6966 -26.5841 -47.5292 -2.2504 -47.5285 -26.5810 2.6692 -37.7165 27.2780 -48.8418 -28.6659 11.6147 -39.0911 -5.6847 -48.3469 -31.0150 18.7636 -41.7605 -17.5164 -42.6407 -33.4235 26.4482 -44.4445 -22.7741 -22.7173 -35.7391 33.8784 -46.9332 -26.0600 0.7317 -37.5372 30.3865 -48.7057 -28.3289 10.5159 -38.7067 -2.1399 -48.5776 -30.6645 17.7003 -41.3625 -16.4348 -44.1166 -33.0657 25.2474 -44.0461 -22.1285 -27.0941 -35.3645 32.8055 -46.4656 -25.3925 -4.4200 -36.5844
-7.6742 -25.2550 -46.4689 33.0893 -35.5277 -24.4151 -22.6088 -44.3740 26.2937 -33.3840 -42.7726 -17.4421 -41.7346 18.6969 -30.9927 -48.3646 -5.4862 -39.0670 11.5470 -28.6446 -48.8345 27.5032 -37.7052 2.5238 -26.3877 -47.2381 34.5189 -36.0318 -18.6685 -23.3216 -44.8070 27.5680 -33.7562 -40.9729 -18.4331 -42.1357 19.7784 -31.3476 -48.0256 -8.3447 -39.4572 12.6285 -28.9865 -48.9256 23.4401 -37.8779 4.2198 -26.7353 -47.5743 34.8733 -39.5074 34.8812 -47.5722 -26.7313 4.2033 -37.8754 23.5188 -48.9245 -28.9805 12.6095 -39.4503 -8.2993 -48.0328 -31.3412 19.7589 -42.1286 -18.4170 -41.0062 -33.7496 27.5537 -44.8024 -23.3151 -18.7133 -36.0286 34.5134 -47.2351 -26.3845 2.5075 -37.7035 27.5351 -48.8335 -28.6416 11.5373 -39.0635 -5.4575 -48.3670 -30.9897 18.6863 -41.7293 -17.4270 -42.7954 -33.3809 26.2753 -44.3679 -22.5995 -24.4587 -35.5236 33.0779 -46.4656 -25.2508 -7.7143
-23.9086 -46.2616 32.8145 -35.5277 -23.3940 -22.8762 -44.6058 27.1332 -33.6550 -41.3364 -18.2964 -42.0885 19.6698 -31.3146 -48.0585 -8.1386 -39.4258 12.5425 -28.9590 -48.9203 23.8035 -37.8643 4.0899 -26.6936 -47.5258 34.9359 -36.3128 -14.6681 -23.8327 -45.1626 28.6786 -34.0809 -39.0323 -19.2576 -42.5036 20.7885 -31.6751 -47.5980 -10.4668 -39.8180 13.6056 -29.3029 -48.9588 18.8421 -38.0294 5.6140 -27.0252 -47.8218 35.0812 -37.3535 12.6055 -37.3525 35.0836 -47.8176 -27.0220 5.5990 -38.0276 18.9323 -48.9588 -29.2970 13.5872 -39.8111 -10.4296 -47.6075 -31.6688 20.7688 -42.4964 -19.2423 -39.0730 -34.0742 28.6579 -45.1560 -23.8254 -14.7185 -36.3085 34.9324 -47.5226 -26.6903 4.0749 -37.8627 23.8440 -48.9196 -28.9559 12.5329 -39.4223 -8.1142 -48.0636 -31.3112 19.6602 -42.0850 -18.2869 -41.3532 -33.6542 27.1147 -44.5993 -22.8661 -23.4202 -35.5236 32.8055 -46.2581 -23.9046
-45.9442 32.0827 -35.3701 -24.4151 -22.8762 -44.6915 27.6143 -33.8446 -40.0281 -18.9736 -42.4091 20.5943 -31.6219 -47.6586 -10.2625 -39.7851 13.5205 -29.2752 -48.9580 19.2714 -38.0170 5.4983 -26.9980 -47.7971 35.0719 -36.5820 -10.8751 -24.3151 -45.5115 29.7716 -34.4021 -36.7590 -20.0189 -42.8712 21.8156 -32.0034 -47.0421 -12.2335 -40.1804 14.5730 -29.6210 -48.9358 13.6109 -38.1734 6.8911 -27.3292 -48.0707 34.8047 -36.9817 -1.0543 -31.1046 -1.0892 -36.9781 34.8105 -48.0661 -27.3260 6.8775 -38.1737 13.7003 -48.9370 -29.6166 14.5556 -40.1739 -12.2026 -47.0540 -31.9971 21.7956 -42.8641 -20.0046 -36.8064 -34.3959 29.7506 -45.5048 -24.3063 -10.9425 -36.5761 35.0718 -47.7936 -26.9936 5.4834 -38.0150 19.3211 -48.9579 -29.2721 13.5045 -39.7791 -10.2383 -47.6635 -31.6193 20.5810 -42.4056 -18.9682 -40.0469 -33.8412 27.5933 -44.6845 -22.8661 -24.4587 -35.3645 32.0717 -45.9415
30.8791 -35.0373 -27.0302 -22.6088 -44.6058 27.6143 -33.9136 -39.2153 -19.4161 -42.6583 21.3849 -31.8949 -47.1839 -11.9458 -40.1326 14.4681 -29.5888 -48.9412 14.0827 -38.1621 6.7865 -27.3041 -48.0499 34.8487 -36.8350 -7.4859 -24.7672 -45.8541 30.8369 -34.7204 -34.1216 -20.7269 -43.2381 22.8605 -32.3322 -46.3386 -13.7355 -40.5444 15.5364 -29.9410 -48.8478 8.1763 -38.3082 8.0782 -27.6360 -48.2981 34.0997 -37.1013 -3.7145 -26.6964 -48.8234 -26.6913 -3.7495 -37.0980 34.1119 -48.2939 -27.6318 8.0663 -38.3090 8.2321 -48.8489 -29.9378 15.5207 -40.5384 -13.7105 -46.3527 -32.3262 22.8405 -43.2311 -20.7137 -34.1761 -34.7143 30.8166 -45.8475 -24.7587 -7.5474 -36.8292 34.8566 -48.0455 -27.2984 6.7706 -38.1598 14.1388 -48.9413 -29.5843 14.4496 -40.1258 -11.9259 -47.1874 -31.8934 21.3708 -42.6548 -19.4080 -39.2485 -33.9077 27.5933 -44.5993 -22.5995 -27.0941 -35.0316 30.8674
-34.2912 -30.2940 -22.1383 -44.3740 27.1332 -33.8446 -39.2153 -19.5704 -42.7969 21.9247 -32.1043 -46.7023 -13.2195 -40.4498 15.3521 -29.8890 -48.8652 8.7517 -38.2966 7.9782 -27.6109 -48.2795 34.1826 -37.0699 -4.5470 -25.1904 -46.1897 31.8551 -35.0341 -31.1011 -21.3886 -43.6038 23.9233 -32.6612 -45.4654 -15.0373 -40.9096 16.5007 -30.2626 -48.7377 3.1011 -38.4333 9.1970 -27.9449 -48.4994 32.8428 -37.3050 -1.7878 -25.7856 -46.9066 9.4949 -46.9017 -25.7787 -1.8156 -37.3024 32.8724 -48.4961 -27.9403 9.1856 -38.4318 3.1472 -48.7383 -30.2596 16.4906 -40.9058 -15.0176 -45.4811 -32.6567 23.9041 -43.5972 -21.3765 -31.1621 -35.0281 31.8360 -46.1833 -25.1825 -4.5998 -37.0655 34.2003 -48.2753 -27.6050 7.9574 -38.2941 8.8095 -48.8664 -29.8829 15.3336 -40.4435 -13.2109 -46.7062 -32.1016 21.9097 -42.7933 -19.5592 -39.2485 -33.8412 27.1147 -44.3679 -22.1285 -30.3383 -34.2860
-34.6625 -21.5465 -44.0526 26.2937 -33.6550 -40.0281 -19.4161 -42.7969 22.1165 -32.2194 -46.3294 -14.0882 -40.7091 16.1116 -30.1608 -48.7633 3.9517 -38.4168 9.0704 -27.9137 -48.4817 32.9777 -37.2859 -2.0364 -25.5850 -46.5169 32.8001 -35.3422 -27.7017 -22.0097 -43.9678 25.0029 -32.9901 -44.3974 -16.1844 -41.2759 17.4702 -30.5859 -48.6155 -1.2211 -38.6464 10.2643 -28.2563 -48.6706 30.9339 -37.4949 0.2889 -25.9977 -46.9040 35.1493 -39.0325 35.1455 -46.9006 -25.9927 0.2660 -37.4942 30.9763 -48.6679 -28.2505 10.2532 -38.6427 -1.1830 -48.6169 -30.5827 17.4607 -41.2723 -16.1731 -44.4096 -32.9870 24.9852 -43.9619 -21.9993 -27.7661 -35.3367 32.7830 -46.5108 -25.5777 -2.0812 -37.2820 33.0069 -48.4780 -27.9077 9.0568 -38.4163 4.0359 -48.7655 -30.1546 16.0989 -40.7048 -14.0722 -46.3393 -32.2145 22.1013 -42.7933 -19.4080 -40.0469 -33.6542 26.2753 -44.0461 -21.5351 -34.6906
-20.4568 -43.6921 25.2673 -33.3840 -41.3364 -18.9736 -42.6583 21.9247 -32.2194 -46.1845 -14.5320 -40.8824 16.6824 -30.3828 -48.6746 0.1603 -38.5762 10.0573 -28.2045 -48.6512 31.1735 -37.4771 0.0956 -25.9497 -46.8342 33.6390 -35.6436 -23.9681 -22.5942 -44.3295 26.0964 -33.3182 -43.1062 -17.2097 -41.6430 18.4485 -30.9105 -48.4264 -4.7205 -38.9770 11.2936 -28.5684 -48.8073 28.2726 -37.6656 2.1156 -26.3140 -47.1717 34.5388 -36.8491 10.2027 -36.8484 34.5313 -47.1689 -26.3114 2.0982 -37.6652 28.3282 -48.8051 -28.5627 11.2823 -38.9733 -4.6895 -48.4287 -30.9074 18.4389 -41.6395 -17.2003 -43.1200 -33.3154 26.0850 -44.3258 -22.5857 -24.0311 -35.6396 33.6253 -46.8286 -25.9430 0.0572 -37.4737 31.2158 -48.6481 -28.1985 10.0435 -38.5737 0.2414 -48.6767 -30.3766 16.6696 -40.8773 -14.5080 -46.2003 -32.2145 21.9097 -42.6548 -18.9682 -41.3532 -33.3809 25.2474 -43.6874 -20.4468
-43.4691 24.1818 -33.0714 -42.7726 -18.2964 -42.4091 21.3849 -32.1043 -46.3294 -14.5320 -40.9446 16.9915 -30.5274 -48.5973 -2.4766 -38.7979 10.9093 -28.4724 -48.7811 28.7992 -37.6422 1.9116 -26.2782 -47.1376 34.3303 -35.9367 -20.0051 -23.1453 -44.6882 27.1994 -33.6452 -41.5607 -18.1374 -42.0107 19.4387 -31.2366 -48.1448 -7.5232 -39.3354 12.2962 -28.8823 -48.9036 24.7806 -37.8264 3.7266 -26.6214 -47.4597 34.8705 -36.4104 -7.1859 -30.3964 -7.2303 -36.4069 34.8663 -47.4549 -26.6178 3.7107 -37.8261 24.8456 -48.9023 -28.8775 12.2836 -39.3316 -7.4972 -48.1480 -31.2334 19.4290 -42.0071 -18.1288 -41.5770 -33.6420 27.1886 -44.6848 -23.1397 -20.0469 -35.9346 34.3200 -47.1322 -26.2722 1.8779 -37.6390 28.8557 -48.7786 -28.4663 10.8895 -38.7912 -2.4074 -48.6003 -30.5213 16.9728 -40.9375 -14.5080 -46.3393 -32.1016 21.3708 -42.4056 -18.2869 -42.7954 -33.0657 24.1633 -43.4661
23.4419 -32.7077 -44.0943 -17.4421 -42.0885 20.5943 -31.8949 -46.7023 -14.0882 -40.8824 16.9915 -30.5770 -48.5454 -3.9833 -38.9949 11.5702 -28.7008 -48.8701 26.0050 -37.7865 3.4340 -26.5714 -47.4215 34.8176 -36.2172 -16.0123 -23.6651 -45.0432 28.3048 -33.9704 -39.7270 -18.9852 -42.3786 20.4436 -31.5638 -47.7567 -9.7927 -39.6958 13.2835 -29.1983 -48.9537 20.4436 -37.9804 5.1685 -26.9254 -47.7345 35.0693 -36.5350 -10.9114 -25.7290 -48.6805 -25.7240 -10.9769 -36.5292 35.0682 -47.7293 -26.9199 5.1539 -37.9805 20.4945 -48.9525 -29.1933 13.2657 -39.6917 -9.7711 -47.7612 -31.5605 20.4336 -42.3750 -18.9773 -39.7464 -33.9673 28.2941 -45.0398 -23.6603 -16.0343 -36.2145 34.8109 -47.4163 -26.5657 3.4040 -37.7835 26.0752 -48.8683 -28.6947 11.5515 -38.9884 -3.9228 -48.5487 -30.5708 16.9728 -40.8773 -14.0722 -46.7062 -31.8934 20.5810 -42.0850 -17.4270 -44.1166 -32.7020 23.4254
-31.7643 -45.2225 -16.4534 -41.7346 19.6698 -31.6219 -47.1839 -13.2195 -40.7091 16.6824 -30.5274 -48.5454 -4.4630 -39.0990 11.9889 -28.8684 -48.9231 23.1733 -37.9093 4.6712 -26.8373 -47.6756 35.0534 -36.4779 -12.2287 -24.1484 -45.3909 29.4020 -34.2932 -37.5707 -19.7667 -42.7465 21.4650 -31.8921 -47.2458 -11.6691 -40.0582 14.2535 -29.5158 -48.9501 15.3851 -38.1271 6.4817 -27.2300 -47.9910 34.9396 -36.7777 -8.1778 -24.8303 -46.2682 21.8518 -46.2668 -24.8224 -8.2360 -36.7726 34.9458 -47.9865 -27.2245 6.4677 -38.1253 15.4430 -48.9500 -29.5109 14.2363 -40.0536 -11.6501 -47.2522 -31.8885 21.4546 -42.7427 -19.7593 -37.5935 -34.2900 29.3917 -45.3891 -24.1432 -12.2633 -36.4755 35.0517 -47.6707 -26.8315 4.6440 -37.9065 23.2547 -48.9218 -28.8627 11.9723 -39.0947 -4.4055 -48.5487 -30.5213 16.6696 -40.7048 -13.2109 -47.1874 -31.6193 19.6602 -41.7293 -16.4348 -45.2394 -31.7591
-46.5277 -15.3337 -41.3682 18.6969 -31.3146 -47.6586 -11.9458 -40.4498 16.1116 -30.3828 -48.5973 -3.9833 -39.0990 12.1331 -28.9558 -48.9472 20.8481 -38.0030 5.6295 -27.0690 -47.8924 35.0202 -36.7119 -8.9176 -24.5878 -45.7256 30.4582 -34.6096 -35.0770 -20.4920 -43.1140 22.5049 -32.2223 -46.5933 -13.2550 -40.4238 15.2178 -29.8352 -48.8846 9.9548 -38.2650 7.6977 -27.5361 -48.2260 34.3899 -37.0151 -5.2076 -25.1087 -46.1642 33.8407 -38.6399 33.8312 -46.1624 -25.1026 -5.2411 -37.0132 34.4033 -48.2219 -27.5314 7.6827 -38.2635 10.0146 -48.8855 -29.8304 15.2004 -40.4171 -13.2361 -46.6026 -32.2172 22.4932 -43.1099 -20.4850 -35.0940 -34.6054 30.4480 -45.7239 -24.5836 -8.9490 -36.7097 35.0241 -47.8876 -27.0632 5.6044 -38.0005 20.9350 -48.9474 -28.9516 12.1176 -39.0947 -3.9228 -48.6003 -30.3766 16.0989 -40.4435 -11.9259 -47.6635 -31.3112 18.6863 -41.3625 -15.3141 -46.5374
-15.1371 -40.9977 17.7154 -30.9927 -48.0585 -10.2625 -40.1326 15.3521 -30.1608 -48.6746 -2.4766 -38.9949 11.9889 -28.9558 -48.9533 19.5551 -38.0613 6.2844 -27.2499 -48.0628 34.7517 -36.9110 -6.2098 -24.9767 -46.0379 31.4385 -34.9134 -32.2511 -21.1619 -43.4777 23.5618 -32.5528 -45.7745 -14.6257 -40.7889 16.1820 -30.1562 -48.7778 4.7032 -38.3936 8.8431 -27.8442 -48.4363 33.3249 -37.2359 -2.6072 -25.4971 -46.4455 32.8087 -36.3034 7.6198 -36.3008 32.7958 -46.4423 -25.4913 -2.6323 -37.2346 33.3394 -48.4323 -27.8393 8.8228 -38.3918 4.7542 -48.7784 -30.1518 16.1640 -40.7821 -14.6019 -45.7914 -32.5462 23.5499 -43.4750 -21.1516 -32.2908 -34.9090 31.4326 -46.0360 -24.9730 -6.2396 -36.9073 34.7616 -48.0587 -27.2455 6.2640 -38.0611 19.6329 -48.9543 -28.9516 11.9723 -38.9884 -2.4074 -48.6767 -30.1546 15.3336 -40.1258 -10.2383 -48.0636 -30.9897 17.7003 -40.9938 -15.1245
-40.9558 16.7335 -30.6678 -48.3646 -8.1386 -39.7851 14.4681 -29.8890 -48.7633 0.1603 -38.7979 11.5702 -28.8684 -48.9472 19.5551 -38.0810 6.6139 -27.3646 -48.1773 34.3671 -37.0672 -4.1214 -25.3044 -46.3182 32.3063 -35.1960 -29.1988 -21.7689 -43.8338 24.6231 -32.8788 -44.7742 -15.8206 -41.1549 17.1493 -30.4790 -48.6597 0.1095 -38.5692 9.9252 -28.1539 -48.6178 31.6425 -37.4349 -0.3787 -25.8678 -46.7613 33.4770 -35.7626 -15.5680 -29.6029 -15.6269 -35.7583 33.4636 -46.7561 -25.8612 -0.4017 -37.4326 31.6642 -48.6148 -28.1490 9.9058 -38.5646 0.1529 -48.6610 -30.4757 17.1314 -41.1480 -15.7988 -44.7948 -32.8734 24.6055 -43.8290 -21.7603 -29.2581 -35.1908 32.3004 -46.3164 -25.3004 -4.1653 -37.0638 34.3770 -48.1752 -27.3623 6.5970 -38.0828 19.6329 -48.9474 -28.8627 11.5515 -38.7912 0.2414 -48.7655 -29.8829 14.4496 -39.7791 -8.1142 -48.3670 -30.6645 16.7234 -40.9533
15.9545 -30.3300 -48.5759 -5.4862 -39.4258 13.5205 -29.5888 -48.8652 3.9517 -38.5762 10.9093 -28.7008 -48.9231 20.8481 -38.0613 6.6139 -27.4037 -48.2348 34.0347 -37.1733 -2.6753 -25.5619 -46.5547 33.0222 -35.4498 -26.0831 -22.3105 -44.1715 25.6577 -33.1948 -43.5869 -16.8726 -41.5207 18.1243 -30.8032 -48.4984 -3.6521 -38.8601 10.9653 -28.4654 -48.7664 29.2399 -37.6112 1.5395 -26.2084 -47.0697 34.1904 -35.8883 -20.0096 -24.6207 -48.3064 -24.6154 -20.0821 -35.8830 34.1781 -47.0639 -26.2024 1.5196 -37.6094 29.2691 -48.7638 -28.4604 10.9462 -38.8555 -3.6173 -48.5004 -30.8000 18.1057 -41.5137 -16.8537 -43.6108 -33.1899 25.6375 -44.1645 -22.3023 -26.1389 -35.4437 33.0121 -46.5513 -25.5563 -2.7152 -37.1706 34.0404 -48.2325 -27.4023 6.5970 -38.0611 20.9350 -48.9218 -28.6947 10.8895 -38.5737 4.0359 -48.8664 -29.5843 13.5045 -39.4223 -5.4575 -48.5776 -30.3257 15.9473
-29.2458 -48.7044 -2.1779 -39.0670 12.5425 -29.2752 -48.9412 8.7517 -38.4168 10.0573 -28.4724 -48.8701 23.1733 -38.0030 6.2844 -27.3646 -48.2348 33.9039 -37.2264 -1.8321 -25.7363 -46.7340 33.5602 -35.6639 -23.1209 -22.7780 -44.4802 26.6387 -33.4954 -42.2272 -17.7955 -41.8785 19.0938 -31.1271 -48.2488 -6.6639 -39.2171 11.9742 -28.7786 -48.8766 26.0280 -37.7740 3.2163 -26.5224 -47.3654 34.7309 -36.1582 -16.8053 -23.7209 -45.5587 30.2980 -45.5571 -23.7121 -16.8761 -36.1535 34.7230 -47.3599 -26.5167 3.1994 -37.7723 26.0661 -48.8744 -28.7727 11.9555 -39.2131 -6.6372 -48.2537 -31.1222 19.0806 -41.8738 -17.7791 -42.2550 -33.4894 26.6186 -44.4756 -22.7695 -23.1753 -35.6589 33.5467 -46.7288 -25.7307 -1.8661 -37.2241 33.9104 -48.2325 -27.3623 6.2640 -38.0005 23.2547 -48.8683 -28.4663 10.0435 -38.4163 8.8095 -48.9413 -29.2721 12.5329 -39.0635 -2.1399 -48.7057 -29.2407
-48.7888 1.9456 -38.7100 11.5470 -28.9590 -48.9580 14.0827 -38.2966 9.0704 -28.2045 -48.7811 26.0050 -37.9093 5.6295 -27.2499 -48.1773 34.0347 -37.2264 -1.5482 -25.8234 -46.8442 33.9034 -35.8246 -20.6084 -23.1614 -44.7512 27.5310 -33.7720 -40.7308 -18.5981 -42.2224 20.0507 -31.4443 -47.9044 -9.0742 -39.5762 12.9557 -29.0938 -48.9427 21.9651 -37.9301 4.7083 -26.8241 -47.6458 35.0334 -36.4305 -12.9781 -24.0629 -45.3769 31.7088 -38.2141 31.6968 -45.3750 -24.0555 -13.0228 -36.4263 35.0306 -47.6405 -26.8197 4.6936 -37.9287 22.0386 -48.9420 -29.0877 12.9430 -39.5703 -9.0470 -47.9122 -31.4384 20.0405 -42.2200 -18.5842 -40.7610 -33.7667 27.5182 -44.7488 -23.1553 -20.6486 -35.8215 33.8905 -46.8405 -25.8185 -1.5824 -37.2241 34.0404 -48.1752 -27.2455 5.6044 -37.9065 26.0752 -48.7786 -28.1985 9.0568 -38.2941 14.1388 -48.9579 -28.9559 11.5373 -38.7067 2.0127 -48.7888
-1.6411 -38.3514 10.5254 -28.6446 -48.9203 19.2714 -38.1621 7.9782 -27.9137 -48.6512 28.7992 -37.7865 4.6712 -27.0690 -48.0628 34.3671 -37.1733 -1.8321 -25.8234 -46.8810 34.0660 -35.9244 -18.8033 -23.4477 -44.9740 28.2926 -34.0150 -39.1665 -19.2840 -42.5460 20.9723 -31.7482 -47.4643 -11.0146 -39.9306 13.9173 -29.4091 -48.9577 17.1191 -38.0793 6.0591 -27.1278 -47.9084 35.0244 -36.6910 -9.3713 -24.5156 -45.6667 30.4892 -35.7267 4.6058 -35.7238 30.4755 -45.6635 -24.5105 -9.4077 -36.6872 35.0280 -47.9037 -27.1236 6.0463 -38.0797 17.2128 -48.9580 -29.4031 13.9061 -39.9245 -10.9810 -47.4710 -31.7443 20.9584 -42.5416 -19.2729 -39.1982 -34.0096 28.2858 -44.9695 -23.4409 -18.8505 -35.9208 34.0538 -46.8787 -25.8185 -1.8661 -37.1706 34.3770 -48.0587 -27.0632 4.6440 -37.7835 28.8557 -48.6481 -27.9077 7.9574 -38.1598 19.3211 -48.9196 -28.6416 10.5159 -38.3497 -1.5980
-38.5326 9.4572 -28.3320 -48.8345 23.8035 -38.0170 6.7865 -27.6109 -48.4817 31.1735 -37.6422 3.4340 -26.8373 -47.8924 34.7517 -37.0672 -2.6753 -25.7363 -46.8442 34.0660 -35.9580 -17.8774 -23.6218 -45.1311 28.8798 -34.2112 -37.6778 -19.8484 -42.8350 21.8242 -32.0325 -46.9376 -12.5761 -40.2746 14.8502 -29.7198 -48.9144 11.7759 -38.2202 7.3027 -27.4332 -48.1492 34.6235 -36.9370 -6.1753 -24.9516 -46.0009 31.3082 -35.0605 -24.8881 -28.7356 -24.9064 -35.0561 31.2986 -45.9963 -24.9480 -6.2235 -36.9333 34.6355 -48.1465 -27.4292 7.2909 -38.2199 11.8787 -48.9159 -29.7143 14.8339 -40.2684 -12.5569 -46.9442 -32.0291 21.8128 -42.8304 -19.8388 -37.7109 -34.2059 28.8726 -45.1268 -23.6144 -17.9420 -35.9529 34.0538 -46.8405 -25.7307 -2.7152 -37.0638 34.7616 -47.8876 -26.8315 3.4040 -37.6390 31.2158 -48.4780 -27.6050 6.7706 -38.0150 23.8440 -48.8335 -28.3289 9.4520 -38.5302
8.2491 -28.0240 -48.7072 27.5032 -37.8643 5.4983 -27.3041 -48.2795 32.9777 -37.4771 1.9116 -26.5714 -47.6756 35.0202 -36.9110 -4.1214 -25.5619 -46.7340 33.9034 -35.9244 -17.8774 -23.6794 -45.2097 29.2483 -34.3489 -36.4331 -20.2868 -43.0786 22.5766 -32.2884 -46.3485 -13.8412 -40.5994 15.7377 -30.0204 -48.8126 6.5531 -38.3496 8.4603 -27.7393 -48.3677 33.7406 -37.1648 -3.4253 -25.3625 -46.3307 32.2737 -35.1883 -28.9128 -23.3620 -47.7619 -23.3562 -28.9352 -35.1842 32.2678 -46.3274 -25.3585 -3.4710 -37.1607 33.7620 -48.3658 -27.7350 8.4421 -38.3473 6.6435 -48.8141 -30.0148 15.7198 -40.5934 -13.8258 -46.3609 -32.2830 22.5681 -43.0756 -20.2777 -36.4589 -34.3446 29.2372 -45.2061 -23.6724 -17.9420 -35.9208 33.8905 -46.7288 -25.5563 -4.1653 -36.9073 35.0241 -47.6707 -26.5657 1.8779 -37.4737 33.0069 -48.2753 -27.2984 5.4834 -37.8627 27.5351 -48.7057 -28.0200 8.2403
-26.7957 -48.5424 30.3612 -37.7052 4.0899 -26.9980 -48.0499 34.1826 -37.2859 0.0956 -26.2782 -47.4215 35.0534 -36.7119 -6.2098 -25.3044 -46.5547 33.5602 -35.8246 -18.8033 -23.6218 -45.2097 29.3725 -34.4209 -35.5843 -20.5886 -43.2691 23.2000 -32.5043 -45.7399 -14.8545 -40.8971 16.5610 -30.3040 -48.7088 1.9830 -38.4698 9.5278 -28.0423 -48.5580 32.2910 -37.3712 -1.0794 -25.7445 -46.6538 33.1744 -35.4754 -26.0382 -22.4463 -44.7973 34.4567 -44.7921 -22.4389 -26.0772 -35.4725 33.1656 -46.6507 -25.7400 -1.1193 -37.3676 32.3198 -48.5566 -28.0378 9.5083 -38.4665 2.0604 -48.7103 -30.2979 16.5428 -40.8909 -14.8327 -45.7569 -32.4976 23.1913 -43.2641 -20.5780 -35.6166 -34.4160 29.3571 -45.2061 -23.6144 -18.8505 -35.8215 33.5467 -46.5513 -25.3004 -6.2396 -36.7097 35.0517 -47.4163 -26.2722 0.0572 -37.2820 34.2003 -48.0455 -26.9936 4.0749 -37.7035 30.3865 -48.5401 -26.7908
-48.2442 32.4439 -37.5374 2.5238 -26.6936 -47.7971 34.8487 -37.0699 -2.0364 -25.9497 -47.1376 34.8176 -36.4779 -8.9176 -24.9767 -46.3182 33.0222 -35.6639 -20.6084 -23.4477 -45.1311 29.2483 -34.4209 -35.2798 -20.7419 -43.3894 23.6518 -32.6688 -45.1780 -15.6310 -41.1595 17.3027 -30.5633 -48.6098 -1.6709 -38.6848 10.5048 -28.3356 -48.7133 30.1995 -37.5518 0.9188 -26.0962 -46.9663 33.9554 -35.7713 -22.2528 -22.8551 -44.5576 29.2082 -37.7620 29.1958 -44.5511 -22.8483 -22.3170 -35.7681 33.9484 -46.9633 -26.0908 0.8835 -37.5490 30.2386 -48.7133 -28.3332 10.4921 -38.6797 -1.6016 -48.6126 -30.5571 17.2841 -41.1524 -15.6087 -45.1978 -32.6625 23.6377 -43.3825 -20.7293 -35.3275 -34.4160 29.2372 -45.1268 -23.4409 -20.6486 -35.6589 33.0121 -46.3164 -24.9730 -8.9490 -36.4755 34.8109 -47.1322 -25.9430 -2.0812 -37.0655 34.8566 -47.7936 -26.6903 2.5075 -37.5372 32.4699 -48.2420
28.4069 -37.2133 0.7492 -26.3877 -47.5258 35.0719 -36.8350 -4.5470 -25.5850 -46.8342 34.3303 -36.2172 -12.2287 -24.5878 -46.0379 32.3063 -35.4498 -23.1209 -23.1614 -44.9740 28.8798 -34.3489 -35.5843 -20.7419 -43.4294 23.8863 -32.7727 -44.7436 -16.1811 -41.3693 17.9266 -30.7887 -48.4741 -4.4441 -38.9826 11.3918 -28.6164 -48.8319 27.4741 -37.7111 2.6228 -26.4125 -47.2643 34.5690 -36.0601 -18.2677 -23.3781 -44.8525 27.9466 -35.1313 0.7774 -35.1266 27.9252 -44.8458 -23.3703 -18.3198 -36.0563 34.5630 -47.2606 -26.4073 2.6016 -37.7092 27.5122 -48.8312 -28.6127 11.3790 -38.9770 -4.3848 -48.4781 -30.7824 17.9076 -41.3622 -16.1609 -44.7580 -32.7680 23.8682 -43.4227 -20.7293 -35.6166 -34.3446 28.8726 -44.9695 -23.1553 -23.1753 -35.4437 32.3004 -46.0360 -24.5836 -12.2633 -36.2145 34.3200 -46.8286 -25.5777 -4.5998 -36.8292 35.0718 -47.5226 -26.3845 0.7317 -37.2145 28.4367
-36.8611 -1.3173 -26.0632 -47.2381 34.9359 -36.5820 -7.4859 -25.1904 -46.5169 33.6390 -35.9367 -16.0123 -24.1484 -45.7256 31.4385 -35.1960 -26.0831 -22.7780 -44.7512 28.2926 -34.2112 -36.4331 -20.5886 -43.3894 23.8863 -32.8078 -44.5028 -16.5090 -41.5155 18.4023 -30.9706 -48.3210 -6.4776 -39.2496 12.1845 -28.8767 -48.9109 24.2056 -37.8571 4.0876 -26.7017 -47.5422 34.9565 -36.3351 -14.3220 -23.8816 -45.1996 28.8170 -34.3257 -32.8697 -27.8092 -32.9182 -34.3197 28.7957 -45.1928 -23.8735 -14.3502 -36.3314 34.9530 -47.5367 -26.6989 4.0724 -37.8557 24.2562 -48.9096 -28.8707 12.1658 -39.2433 -6.4246 -48.3263 -30.9642 18.3832 -41.5083 -16.4921 -44.5162 -32.8046 23.8682 -43.3825 -20.5780 -36.4589 -34.2059 28.2858 -44.7488 -22.7695 -26.1389 -35.1908 31.4326 -45.7239 -24.1432 -16.0343 -35.9346 33.6253 -46.5108 -25.1825 -7.5474 -36.5761 34.9324 -47.2351 -26.0600 -1.3280 -36.8604
-4.6130 -25.7134 -46.9365 34.5189 -36.3128 -10.8751 -24.7672 -46.1897 32.8001 -35.6436 -20.0051 -23.6651 -45.3909 30.4582 -34.9134 -29.1988 -22.3105 -44.4802 27.5310 -34.0150 -37.6778 -20.2868 -43.2691 23.6518 -32.7727 -44.5028 -16.6176 -41.5912 18.7018 -31.1002 -48.1773 -7.9037 -39.4723 12.8605 -29.1081 -48.9518 20.5944 -37.9890 5.3463 -26.9781 -47.7946 35.0710 -36.5934 -10.6517 -24.3515 -45.5421 29.8797 -34.4547 -35.9419 -21.9412 -47.0994 -21.9325 -35.9905 -34.4497 29.8595 -45.5375 -24.3443 -10.6979 -36.5883 35.0706 -47.7912 -26.9759 5.3262 -37.9871 20.6835 -48.9513 -29.1020 12.8417 -39.4653 -7.8565 -48.1835 -31.0939 18.6831 -41.5866 -16.6028 -44.5162 -32.7680 23.6377 -43.2641 -20.2777 -37.7109 -34.0096 27.5182 -44.4756 -22.3023 -29.2581 -34.9090 30.4480 -45.3891 -23.6603 -20.0469 -35.6396 32.7830 -46.1833 -24.7587 -10.9425 -36.3085 34.5134 -46.9332 -25.7096 -4.6347
-24.3126 -46.6205 33.8859 -36.0318 -14.6681 -24.3151 -45.8541 31.8551 -35.3422 -23.9681 -23.1453 -45.0432 29.4020 -34.6096 -32.2511 -21.7689 -44.1715 26.6387 -33.7720 -39.1665 -19.8484 -43.0786 23.2000 -32.6688 -44.7436 -16.5090 -41.5912 18.8010 -31.1692 -48.0733 -8.8306 -39.6434 13.3916 -29.3021 -48.9624 16.9746 -38.1031 6.4121 -27.2370 -48.0181 34.8798 -36.8300 -7.4475 -24.7852 -45.8751 30.9195 -34.7517 -33.7865 -20.9829 -44.0017 35.5114 -43.9970 -20.9746 -33.8409 -34.7468 30.9007 -45.8706 -24.7771 -7.5074 -36.8242 34.8841 -48.0154 -27.2337 6.3911 -38.1008 17.0742 -48.9626 -29.2959 13.3727 -39.6364 -8.7870 -48.0802 -31.1629 18.7829 -41.5866 -16.4921 -44.7580 -32.6625 23.1913 -43.0756 -19.8388 -39.1982 -33.7667 26.6186 -44.1645 -21.7603 -32.2908 -34.6054 29.3917 -45.0398 -23.1397 -24.0311 -35.3367 31.8360 -45.8475 -24.3063 -14.7185 -36.0286 33.8784 -46.6159 -24.3077
-46.2758 33.0830 -35.7412 -18.6685 -23.8327 -45.5115 30.8369 -35.0341 -27.7017 -22.5942 -44.6882 28.3048 -34.2932 -35.0770 -21.1619 -43.8338 25.6577 -33.4954 -40.7308 -19.2840 -42.8350 22.5766 -32.5043 -45.1780 -16.1811 -41.5155 18.7018 -31.1692 -48.0357 -9.2916 -39.7529 13.7683 -29.4488 -48.9522 13.7274 -38.1997 7.3059 -27.4706 -48.2076 34.3817 -37.0367 -4.7803 -25.1777 -46.1928 31.8919 -35.0539 -30.8404 -21.4613 -43.7133 26.6095 -37.2533 26.5998 -43.7083 -21.4528 -30.9020 -35.0479 31.8735 -46.1864 -25.1697 -4.8327 -37.0327 34.3905 -48.2053 -27.4661 7.2838 -38.1974 13.8318 -48.9529 -29.4427 13.7495 -39.7460 -9.2498 -48.0428 -31.1629 18.6831 -41.5083 -16.1609 -45.1978 -32.4976 22.5681 -42.8304 -19.2729 -40.7610 -33.4894 25.6375 -43.8290 -21.1516 -35.0940 -34.2900 28.2941 -44.6848 -22.5857 -27.7661 -35.0281 30.8166 -45.5048 -23.8254 -18.7133 -35.7391 33.0705 -46.2717
31.6769 -35.3640 -22.6792 -23.3216 -45.1626 29.7716 -34.7204 -31.1011 -22.0097 -44.3295 27.1994 -33.9704 -37.5707 -20.4925 -43.4777 24.6231 -33.1948 -42.2272 -18.5981 -42.5460 21.8242 -32.2884 -45.7399 -15.6310 -41.3693 18.4023 -31.1002 -48.0733 -9.2916 -39.7893 13.9674 -29.5428 -48.9337 11.2394 -38.2721 8.0125 -27.6723 -48.3618 33.6244 -37.2123 -2.6295 -25.5223 -46.4877 32.7636 -35.3411 -27.5887 -22.0463 -44.0010 25.3457 -34.4747 -4.5338 -34.4740 25.3299 -43.9958 -22.0349 -27.6554 -35.3353 32.7461 -46.4814 -25.5155 -2.6753 -37.2097 33.6379 -48.3597 -27.6668 7.9907 -38.2697 11.3447 -48.9349 -29.5367 13.9486 -39.7823 -9.2498 -48.0802 -31.0939 18.3832 -41.3622 -15.6087 -45.7569 -32.2830 21.8128 -42.5416 -18.5842 -42.2550 -33.1899 24.6055 -43.4750 -20.4850 -37.5935 -33.9673 27.1886 -44.3258 -21.9993 -31.1621 -34.7143 29.7506 -45.1560 -23.3151 -22.7173 -35.3631 31.6681
-34.6467 -26.5435 -22.7796 -44.8070 28.6786 -34.4021 -34.1216 -21.3886 -43.9678 26.0964 -33.6452 -39.7270 -19.7674 -43.1140 23.5677 -32.8785 -43.5869 -17.7955 -42.2224 20.9723 -32.0325 -46.3485 -14.8545 -41.1595 17.9266 -30.9706 -48.1773 -8.8306 -39.7529 13.9674 -29.5763 -48.9209 9.6645 -38.3188 8.5212 -27.8327 -48.4801 32.7045 -37.3593 -0.9180 -25.8173 -46.7520 33.5001 -35.6096 -24.1848 -22.5896 -44.3395 26.1759 -33.5529 -38.8873 -26.7590 -38.9052 -33.5518 26.1600 -44.3340 -22.5788 -24.2568 -35.6039 33.4846 -46.7459 -25.8112 -0.9537 -37.3568 32.7321 -48.4768 -27.8272 8.5001 -38.3164 9.7684 -48.9223 -29.5702 13.9486 -39.7460 -8.7870 -48.1835 -30.9642 17.9076 -41.1524 -14.8327 -46.3609 -32.0291 20.9584 -42.2200 -17.7791 -43.6108 -32.8734 23.5499 -43.1099 -19.7593 -39.7464 -33.6420 26.0850 -43.9619 -21.3765 -34.1761 -34.3959 28.6579 -44.8024 -22.7741 -26.5640 -34.6450
-31.4718 -22.2021 -44.4488 27.5680 -34.0809 -36.7590 -20.7269 -43.6038 25.0029 -33.3182 -41.5607 -18.9854 -42.7467 22.5126 -32.5526 -44.7742 -16.8726 -41.8785 20.0507 -31.7482 -46.9376 -13.8412 -40.8971 17.3027 -30.7887 -48.3210 -7.9037 -39.6434 13.7683 -29.5428 -48.9209 9.1025 -38.3446 8.8389 -27.9466 -48.5622 31.7794 -37.4704 0.4023 -26.0621 -46.9821 34.0805 -35.8532 -20.7909 -23.0789 -44.6663 27.1843 -33.6676 -41.1072 -20.2740 -46.3370 -20.2703 -41.1234 -33.6663 27.1663 -44.6603 -23.0686 -20.8684 -35.8476 34.0679 -46.9783 -26.0580 0.3744 -37.4686 31.8141 -48.5592 -27.9410 8.8184 -38.3425 9.2053 -48.9223 -29.5367 13.7495 -39.6364 -7.8565 -48.3263 -30.7824 17.2841 -40.8909 -13.8258 -46.9442 -31.7443 20.0405 -41.8738 -16.8537 -44.7948 -32.5462 22.4932 -42.7427 -18.9773 -41.5770 -33.3154 24.9852 -43.5972 -20.7137 -36.8064 -34.0742 27.5537 -44.4445 -22.1977 -31.5039
-21.0369 -44.0859 26.4613 -33.7562 -39.0323 -20.0189 -43.2381 23.9233 -32.9901 -43.1062 -18.1375 -42.3789 21.4678 -32.2239 -45.7739 -15.8206 -41.5207 19.0938 -31.4443 -47.4643 -12.5761 -40.5994 16.5610 -30.5633 -48.4741 -6.4776 -39.4723 13.3916 -29.4488 -48.9337 9.6645 -38.3446 8.9495 -28.0089 -48.6124 31.0021 -37.5467 1.3503 -26.2525 -47.1757 34.5023 -36.0656 -17.6390 -23.5104 -44.9698 28.1599 -33.9455 -39.7491 -19.1973 -43.1558 34.6087 -43.1537 -19.1924 -39.7696 -33.9421 28.1394 -44.9631 -23.5014 -17.7076 -36.0610 34.4957 -47.1740 -26.2507 1.3256 -37.5453 31.0414 -48.6099 -28.0036 8.9296 -38.3425 9.7684 -48.9349 -29.4427 13.3727 -39.4653 -6.4246 -48.4781 -30.5571 16.5428 -40.5934 -12.5569 -47.4710 -31.4384 19.0806 -41.5137 -15.7988 -45.7914 -32.2172 21.4546 -42.3750 -18.1288 -43.1200 -32.9870 23.9041 -43.2311 -20.0046 -39.0730 -33.7496 26.4482 -44.0797 -21.0304
-43.8415 25.3579 -33.4282 -40.9729 -19.2576 -42.8712 22.8605 -32.6612 -44.3974 -17.2097 -42.0109 20.4450 -31.8950 -46.5885 -14.6266 -41.1549 18.1245 -31.1283 -47.9044 -11.0146 -40.2746 15.7377 -30.3040 -48.6098 -4.4442 -39.2496 12.8605 -29.3021 -48.9522 11.2394 -38.3188 8.8389 -28.0089 -48.6300 30.5362 -37.5952 1.9852 -26.3871 -47.3243 34.7753 -36.2448 -14.8954 -23.8788 -45.2408 29.0501 -34.2185 -37.9103 -19.7160 -42.8088 23.9371 -36.6713 23.9315 -42.8063 -19.7082 -37.9459 -34.2130 29.0358 -45.2364 -23.8723 -14.9524 -36.2401 34.7724 -47.3226 -26.3857 1.9624 -37.5950 30.5749 -48.6279 -28.0036 8.8184 -38.3164 11.3447 -48.9529 -29.2959 12.8417 -39.2433 -4.3848 -48.6126 -30.2979 15.7198 -40.2684 -10.9810 -47.9122 -31.1222 18.1057 -41.1480 -14.6019 -46.6026 -31.8885 20.4336 -42.0071 -17.2003 -44.4096 -32.6567 22.8405 -42.8641 -19.2423 -41.0062 -33.4235 25.3391 -43.8351
24.5939 -33.0584 -42.6211 -18.4331 -42.5036 21.8156 -32.3322 -45.4654 -16.1844 -41.6433 19.4397 -31.5669 -47.2410 -13.2646 -40.7890 17.1500 -30.8047 -48.2482 -9.0891 -39.9306 14.8502 -30.0204 -48.7088 -1.6710 -38.9826 12.1845 -29.1081 -48.9624 13.7274 -38.2721 8.5212 -27.9466 -48.6124 30.5362 -37.6123 2.3194 -26.4714 -47.4251 34.9260 -36.3835 -12.6887 -24.1836 -45.4781 29.8352 -34.4632 -35.9601 -20.3198 -43.0589 22.6328 -33.7295 -12.5442 -33.7262 22.6220 -43.0552 -20.3085 -36.0037 -34.4579 29.8278 -45.4763 -24.1782 -12.7437 -36.3785 34.9241 -47.4234 -26.4685 2.3038 -37.6132 30.5749 -48.6099 -27.9410 8.5001 -38.2697 13.8318 -48.9626 -29.1020 12.1658 -38.9770 -1.6016 -48.7103 -30.0148 14.8339 -39.9245 -9.0470 -48.2537 -30.8000 17.1314 -40.7821 -13.2361 -47.2522 -31.5605 19.4290 -41.6395 -16.1731 -45.4811 -32.3262 21.7956 -42.4964 -18.4170 -42.6407 -33.0547 24.5742
-32.1397 -44.0011 -17.5290 -42.1357 20.7885 -32.0034 -46.3386 -15.0373 -41.2760 18.4492 -31.2397 -47.7525 -11.6834 -40.4243 16.1830 -30.4808 -48.4966 -6.6895 -39.5771 13.9230 -29.7198 -48.8126 1.9829 -38.6849 11.3919 -28.8767 -48.9518 16.9746 -38.1997 8.0125 -27.8327 -48.5622 31.0021 -37.5952 2.3194 -26.5020 -47.4795 34.9950 -36.4742 -11.1339 -24.4164 -45.6745 30.5058 -34.6769 -34.0187 -20.8462 -43.3474 23.2996 -32.7024 -43.2716 -25.4964 -43.2889 -32.6978 23.2884 -43.3419 -20.8342 -34.0647 -34.6724 30.4955 -45.6713 -24.4112 -11.1721 -36.4711 34.9931 -47.4767 -26.4975 2.3038 -37.5950 31.0414 -48.5592 -27.8272 7.9907 -38.1974 17.0742 -48.9513 -28.8707 11.3790 -38.6797 2.0604 -48.8141 -29.7143 13.9061 -39.5703 -6.6372 -48.5004 -30.4757 16.1640 -40.4171 -11.6501 -47.7612 -31.2334 18.4389 -41.2723 -15.0176 -46.3527 -31.9971 20.7688 -42.1286 -17.5164 -44.0183 -32.1343
-45.6118 -16.5337 -41.7677 19.7784 -31.6751 -47.0421 -13.7355 -40.9096 17.4708 -30.9124 -48.1418 -9.8110 -40.0609 15.2194 -30.1593 -48.6586 -3.6826 -39.2200 12.9620 -29.4091 -48.9144 6.5530 -38.4698 10.5048 -28.6164 -48.9109 20.5944 -38.1031 7.3059 -27.6723 -48.4801 31.7794 -37.5467 1.9852 -26.4714 -47.4795 35.0140 -36.5203 -10.2216 -24.5685 -45.8163 31.0206 -34.8508 -32.2106 -21.2867 -43.6073 24.0891 -32.7696 -44.8452 -18.1098 -45.4414 -18.0967 -44.8637 -32.7640 24.0775 -43.6030 -21.2768 -32.2407 -34.8481 31.0071 -45.8116 -24.5640 -10.2433 -36.5196 35.0120 -47.4767 -26.4685 1.9624 -37.5453 31.8141 -48.4768 -27.6668 7.2838 -38.1008 20.6835 -48.9096 -28.6127 10.4921 -38.4665 6.6435 -48.9159 -29.4031 12.9430 -39.2131 -3.6173 -48.6610 -30.1518 15.2004 -40.0536 -9.7711 -48.1480 -30.9074 17.4607 -40.9058 -13.7105 -47.0540 -31.6688 19.7589 -41.7605 -16.5190 -45.6300
-16.1483 -41.3963 18.7827 -31.3476 -47.5980 -12.2335 -40.5444 16.5013 -30.5873 -48.4243 -7.5459 -39.6988 14.2551 -29.8382 -48.7762 0.0717 -38.8624 11.9749 -29.0938 -48.9577 11.7751 -38.3496 9.5278 -28.3356 -48.8319 24.2053 -37.9890 6.4123 -27.4707 -48.3618 32.7045 -37.4704 1.3503 -26.3871 -47.4251 34.9950 -36.5203 -9.9154 -24.6466 -45.9020 31.3599 -34.9775 -30.6962 -21.6321 -43.8275 24.8004 -32.9844 -44.2139 -16.7088 -42.2056 32.3703 -42.1997 -16.6891 -44.2374 -32.9784 24.7886 -43.8247 -21.6262 -30.7160 -34.9758 31.3466 -45.8973 -24.6422 -9.9369 -36.5196 34.9931 -47.4234 -26.3857 1.3256 -37.4686 32.7321 -48.3597 -27.4661 6.3911 -37.9871 24.2562 -48.8312 -28.3332 9.5083 -38.3473 11.8787 -48.9580 -29.0877 11.9555 -38.8555 0.1529 -48.7784 -29.8304 14.2363 -39.6917 -7.4972 -48.4287 -30.5827 16.4906 -40.5384 -12.2026 -47.6075 -31.3412 18.7636 -41.3891 -16.1313
-41.3245 17.7901 -31.0213 -48.0256 -10.4668 -40.1804 15.5366 -30.2639 -48.6142 -4.7501 -39.3385 13.2851 -29.5176 -48.8836 4.6575 -38.5692 10.9660 -28.7787 -48.9427 17.1162 -38.2206 8.4626 -28.0424 -48.7134 27.4737 -37.8574 5.3470 -27.2371 -48.2076 33.6242 -37.3593 0.4023 -26.2525 -47.3243 34.9260 -36.4742 -10.2216 -24.6466 -45.9316 31.5367 -35.0562 -29.6005 -21.8796 -43.9991 25.3845 -33.1810 -43.3900 -17.1923 -41.7663 21.0458 -35.9750 21.0297 -41.7594 -17.1733 -43.4164 -33.1744 25.3764 -43.9951 -21.8751 -29.6218 -35.0545 31.5231 -45.9268 -24.6422 -10.2433 -36.4711 34.9241 -47.3226 -26.2507 0.3744 -37.3568 33.6379 -48.2053 -27.2337 5.3262 -37.8557 27.5122 -48.7133 -28.0378 8.4421 -38.2199 17.2128 -48.9420 -28.7727 10.9462 -38.5646 4.7542 -48.8855 -29.5109 13.2657 -39.3316 -4.6895 -48.6169 -30.2596 15.5207 -40.1739 -10.4296 -48.0328 -31.0150 17.7712 -41.3179
17.0364 -30.6791 -48.3418 -8.3447 -39.8180 14.5730 -29.9422 -48.7362 -1.2559 -38.9802 12.3034 -29.1996 -48.9498 9.9050 -38.3942 9.9262 -28.4654 -48.8767 21.9613 -38.0804 7.3134 -27.7409 -48.5586 30.1953 -37.7116 4.0890 -26.9803 -48.0181 34.3815 -37.2124 -0.9180 -26.0621 -47.1757 34.7753 -36.3835 -11.1339 -24.5685 -45.9020 31.5367 -35.0834 -29.0064 -22.0323 -44.1172 25.8167 -33.3338 -42.6281 -17.7434 -41.9329 19.6058 -32.8240 -23.6807 -32.8209 19.5871 -41.9258 -17.7255 -42.6572 -33.3272 25.8044 -44.1121 -22.0274 -29.0264 -35.0817 31.5231 -45.8973 -24.5640 -11.1721 -36.3785 34.7724 -47.1740 -26.0580 -0.9537 -37.2097 34.3905 -48.0154 -26.9759 4.0724 -37.7092 30.2386 -48.5566 -27.7350 7.2909 -38.0797 22.0386 -48.8744 -28.4604 9.9058 -38.3918 10.0146 -48.9500 -29.1933 12.2836 -38.9733 -1.1830 -48.7383 -29.9378 14.5556 -39.8111 -8.2993 -48.3469 -30.6729 17.0172
-29.6149 -48.5621 -5.7410 -39.4572 13.6057 -29.6222 -48.8466 3.0597 -38.6473 11.3022 -28.8837 -48.9538 15.3346 -38.2661 8.8446 -28.1541 -48.7666 26.0235 -37.9331 6.0720 -27.4353 -48.3699 32.2864 -37.5523 2.6239 -26.7046 -47.7945 34.8770 -37.0357 -2.6295 -25.8173 -46.9821 34.5023 -36.2448 -12.6887 -24.4164 -45.8163 31.3599 -35.0562 -29.0064 -22.0847 -44.1802 26.0890 -33.4355 -42.0261 -18.1622 -42.1229 19.9954 -31.6861 -46.4085 -23.8416 -46.4167 -31.6798 19.9759 -42.1158 -18.1450 -42.0561 -33.4303 26.0735 -44.1750 -22.0798 -29.0264 -35.0545 31.3466 -45.8116 -24.4112 -12.7437 -36.2401 34.4957 -46.9783 -25.8112 -2.6753 -37.0327 34.8841 -47.7912 -26.6989 2.6016 -37.5490 32.3198 -48.3658 -27.4292 6.0463 -37.9287 26.0661 -48.7638 -28.1490 8.8228 -38.2635 15.4430 -48.9525 -28.8775 11.2823 -38.6427 3.1472 -48.8489 -29.6166 13.5872 -39.4503 -5.6847 -48.5655 -29.6084
-48.7562 -2.4860 -39.0982 12.6288 -29.3041 -48.9349 8.1278 -38.4343 10.2738 -28.5698 -48.9034 20.3998 -38.1283 7.7064 -27.8455 -48.6189 29.2289 -37.7773 4.7229 -27.1311 -48.1526 33.7360 -37.3727 0.9319 -26.4134 -47.5423 35.0701 -36.8293 -4.7797 -25.5230 -46.7521 34.0806 -36.0657 -14.8934 -24.1843 -45.6745 31.0213 -34.9787 -29.5996 -22.0325 -44.1803 26.1851 -33.4896 -41.6424 -18.4328 -42.2656 20.4477 -31.6682 -47.3961 -14.7530 -44.3206 -14.7322 -47.4063 -31.6618 20.4275 -42.2584 -18.4169 -41.6638 -33.4857 26.1693 -44.1750 -22.0274 -29.6218 -34.9758 31.0071 -45.6713 -24.1782 -14.9524 -36.0610 34.0679 -46.7459 -25.5155 -4.8327 -36.8242 35.0706 -47.5367 -26.4073 0.8835 -37.3676 33.7620 -48.1465 -27.1236 4.6936 -37.7723 29.2691 -48.6148 -27.8393 7.6827 -38.1253 20.4945 -48.9023 -28.5627 10.2532 -38.4318 8.2321 -48.9370 -29.2970 12.6095 -39.0911 -2.4153 -48.7574
-5.0141 -38.7385 11.6385 -28.9936 -48.9551 13.5464 -38.3116 9.2176 -28.2635 -48.8054 24.7282 -37.9839 6.5047 -27.5432 -48.4372 31.6147 -37.6150 3.2466 -26.8333 -47.9124 34.6154 -37.1713 -1.0371 -26.1033 -47.2669 34.9609 -36.6012 -7.4104 -25.1840 -46.4890 33.5084 -35.8596 -17.6173 -23.8837 -45.4813 30.5176 -34.8598 -30.6625 -21.8872 -44.1195 26.0972 -33.4981 -41.4903 -18.5697 -42.3554 20.7675 -31.7999 -47.2508 -12.4591 -41.0513 28.9928 -41.0422 -12.4206 -47.2642 -31.7923 20.7517 -42.3480 -18.5624 -41.5188 -33.4857 26.0735 -44.1121 -21.8751 -30.7160 -34.8481 30.4955 -45.4763 -23.8723 -17.7076 -35.8476 33.4846 -46.4814 -25.1697 -7.5074 -36.5883 34.9530 -47.2606 -26.0908 -1.1193 -37.1607 34.6355 -47.9037 -26.8197 3.1994 -37.6094 31.6642 -48.4323 -27.5314 6.4677 -37.9805 24.8456 -48.8051 -28.2505 9.1856 -38.3090 13.7003 -48.9588 -28.9805 11.6147 -38.7303 -4.9423
-38.9163 10.6976 -28.7477 -48.8946 18.4471 -38.1961 8.1870 -28.0167 -48.6582 28.0301 -37.8514 5.2976 -27.2976 -48.2260 33.2241 -37.4681 1.7065 -26.5880 -47.6564 35.0200 -36.9928 -3.1852 -25.8130 -46.9844 34.6244 -36.4045 -10.3190 -24.8532 -46.2135 32.8480 -35.6888 -20.4473 -23.5766 -45.2659 29.9395 -34.7669 -31.9132 -21.7101 -44.0292 25.9218 -33.5324 -41.4741 -18.6575 -42.3712 20.8289 -31.9374 -46.8828 -13.1602 -40.5518 18.1090 -35.0753 17.8507 -40.5243 -12.8768 -46.8666 -31.7126 21.4723 -42.4771 -18.5028 -41.6603 -33.4303 25.8044 -43.9951 -21.6262 -32.2407 -34.6724 29.8278 -45.2364 -23.5014 -20.8684 -35.6039 32.7461 -46.1864 -24.7771 -10.6979 -36.3314 34.5630 -46.9633 -25.7400 -3.4710 -36.9333 35.0280 -47.6405 -26.5167 1.5196 -37.4326 33.3394 -48.2219 -27.2245 5.1539 -37.8261 28.3282 -48.6679 -27.9403 8.0663 -38.1737 18.9323 -48.9245 -28.6659 10.5845 -38.8770
10.7417 -29.0940 -48.7194 19.1435 -38.2747 8.0635 -28.3172 -48.3860 28.5916 -37.9152 5.1472 -27.5801 -48.0055 33.5352 -37.5206 1.5100 -26.8521 -47.4743 35.1533 -37.0665 -3.4644 -26.0275 -46.8362 34.6477 -36.5506 -10.6493 -25.0336 -46.1086 32.8718 -35.9536 -20.2963 -23.7937 -45.2448 30.1612 -35.1772 -30.9408 -22.0882 -44.1541 26.5517 -34.1350 -40.1446 -19.4388 -42.7266 22.1108 -32.4483 -46.3962 -14.7221 -40.9097 17.0158 -32.2669 -34.1478 -31.7397 15.9101 -40.4209 -12.6929 -47.0191 -31.8384 20.9561 -42.3740 -18.4236 -42.0561 -33.3272 25.3764 -43.8247 -21.2768 -34.0647 -34.4579 29.0358 -44.9631 -23.0686 -24.2568 -35.3353 31.8735 -45.8706 -24.3443 -14.3502 -36.0563 33.9484 -46.6507 -25.3585 -6.2235 -36.6872 35.0306 -47.3599 -26.2024 -0.4017 -37.2346 34.4033 -47.9865 -26.9199 3.7107 -37.6652 30.9763 -48.4961 -27.6318 6.8775 -38.0276 23.5188 -48.8418 -28.3537 9.4817
