26.2326 -24.6209 -35.7745 -41.4916 -7.5092 24.6472 -11.6158 -30.5017 -39.1087 -40.3478 9.9691 31.3632 -22.4135 -34.6141 -41.1784 -18.7495 21.3761 -3.9444 -29.1184 -38.1711 -41.6272 6.1618 31.0648 -19.8342 -33.3609 -40.6926 -29.4535 17.6246 10.4628 -27.3018 -37.1294 -41.7551 1.3443 28.4644 -16.7332 -32.0640 -40.0463 -36.3486 14.0100 24.8992 -25.0997 -36.0048 -41.5495 -5.8846 25.2085 -12.5002 -30.7155 -39.2518 -40.1959 8.7324 24.1039 8.7324 -40.1959 -39.2518 -30.7155 -12.5002 25.2085 -5.8846 -41.5495 -36.0048 -25.0997 24.8992 14.0100 -36.3486 -40.0463 -32.0640 -16.7332 28.4644 1.3443 -41.7551 -37.1294 -27.3018 10.4628 17.6246 -29.4535 -40.6926 -33.3609 -19.8342 31.0648 6.1618 -41.6272 -38.1711 -29.1184 -3.9444 21.3761 -18.7495 -41.1784 -34.6141 -22.4135 31.3632 9.9691 -40.3478 -39.1087 -30.5017 -11.6158 24.6472 -7.5092 -41.4916 -35.7745 -24.6209 26.2326
-24.6209 -38.4505 -43.5198 -7.5697 24.3288 -10.5946 -33.2060 -41.5111 -41.9396 9.8931 32.4158 -23.3275 -37.1885 -43.3401 -19.6616 21.0668 -0.9414 -31.8703 -40.6230 -43.3538 6.1021 31.1477 -20.2511 -35.9667 -42.9471 -30.6848 17.2795 15.5437 -29.4698 -39.6244 -43.6138 1.2280 28.1227 -16.6092 -34.7067 -42.3764 -37.7682 13.8275 28.1645 -26.6260 -38.5374 -43.5713 -6.2438 24.8124 -11.5915 -33.4094 -41.6431 -41.6102 10.0633 32.4069 -10.6761 32.4069 10.0633 -41.6102 -41.6431 -33.4094 -11.5915 24.8124 -6.2438 -43.5713 -38.5374 -26.6260 28.1645 13.8275 -37.7682 -42.3764 -34.7067 -16.6092 28.1227 1.2280 -43.6138 -39.6244 -29.4698 15.5437 17.2795 -30.6848 -42.9471 -35.9667 -20.2511 31.1477 6.1021 -43.3538 -40.6230 -31.8703 -0.9414 21.0668 -19.6616 -43.3401 -37.1885 -23.3275 32.4158 9.8931 -41.9396 -41.5111 -33.2060 -10.5946 24.3288 -7.5697 -43.5198 -38.4505 -24.6209
-35.7745 -43.5198 -8.5853 23.7641 -9.1397 -32.9018 -41.2962 -42.4381 8.9486 32.3707 -22.5398 -36.8644 -43.2470 -22.9427 20.0221 2.9877 -31.4565 -40.3585 -43.4986 4.9226 30.4263 -19.3417 -35.6271 -42.8042 -32.9845 16.2866 19.8616 -28.6879 -39.3343 -43.6044 -0.4585 27.2022 -15.4401 -34.3574 -42.1884 -39.0530 12.8964 29.9898 -25.8629 -38.2270 -43.5319 -8.9767 23.8915 -9.7815 -33.0546 -41.4173 -42.1749 9.3930 32.4183 -21.6570 -32.8421 -21.6570 32.4183 9.3930 -42.1749 -41.4173 -33.0546 -9.7815 23.8915 -8.9767 -43.5319 -38.2270 -25.8629 29.9898 12.8964 -39.0530 -42.1884 -34.3574 -15.4401 27.2022 -0.4585 -43.6044 -39.3343 -28.6879 19.8616 16.2866 -32.9845 -42.8042 -35.6271 -19.3417 30.4263 4.9226 -43.4986 -40.3585 -31.4565 2.9877 20.0221 -22.9427 -43.2470 -36.8644 -22.5398 32.3707 8.9486 -42.4381 -41.2962 -32.9018 -9.1397 23.7641 -8.5853 -43.5198 -35.7745
-41.4916 -7.5697 23.7641 -8.5173 -32.7173 -41.1313 -42.7788 8.0958 32.1167 -21.7730 -36.5492 -43.1450 -25.9801 18.9684 7.4561 -30.8240 -40.0913 -43.5794 3.6647 29.6183 -18.3836 -35.2885 -42.6543 -34.9920 15.3525 23.5466 -27.9212 -39.0426 -43.5959 -2.3569 26.2926 -14.1536 -34.0094 -41.9945 -40.1342 11.9913 31.2447 -25.1032 -37.9161 -43.4851 -12.0012 23.0200 -7.6453 -32.6989 -41.1873 -42.6512 8.4843 32.2514 -21.9261 -36.3182 -42.0697 -36.3182 -21.9261 32.2514 8.4843 -42.6512 -41.1873 -32.6989 -7.6453 23.0200 -12.0012 -43.4851 -37.9161 -25.1032 31.2447 11.9913 -40.1342 -41.9945 -34.0094 -14.1536 26.2926 -2.3569 -43.5959 -39.0426 -27.9212 23.5466 15.3525 -34.9920 -42.6543 -35.2885 -18.3836 29.6183 3.6647 -43.5794 -40.0913 -30.8240 7.4561 18.9684 -25.9801 -43.1450 -36.5492 -21.7730 32.1167 8.0958 -42.7788 -41.1313 -32.7173 -8.5173 23.7641 -7.5697 -41.4916
-7.5092 24.3288 -9.1397 -32.7173 -41.0677 -42.9452 7.4658 31.7886 -21.0907 -36.2585 -43.0377 -28.6477 17.9993 12.0782 -30.0373 -39.8196 -43.6040 2.2802 28.7509 -17.3626 -34.9452 -42.4932 -36.7144 14.4342 26.5114 -27.1563 -38.7448 -43.5807 -4.5399 25.3961 -12.7133 -33.6574 -41.7910 -41.0245 11.0769 32.0116 -24.3336 -37.6002 -43.4281 -15.2720 22.1615 -5.0856 -32.3391 -40.9467 -43.0159 7.4835 31.8819 -21.3017 -36.3090 -43.7833 -44.6466 -43.7833 -36.3090 -21.3017 31.8819 7.4835 -43.0159 -40.9467 -32.3391 -5.0856 22.1615 -15.2720 -43.4281 -37.6002 -24.3336 32.0116 11.0769 -41.0245 -41.7910 -33.6574 -12.7133 25.3961 -4.5399 -43.5807 -38.7448 -27.1563 26.5114 14.4342 -36.7144 -42.4932 -34.9452 -17.3626 28.7509 2.2802 -43.6040 -39.8196 -30.0373 12.0782 17.9993 -28.6477 -43.0377 -36.2585 -21.0907 31.7886 7.4658 -42.9452 -41.0677 -32.7173 -9.1397 24.3288 -7.5092
24.6472 -10.5946 -32.9018 -41.1313 -42.9452 7.2303 31.5611 -20.5993 -36.0278 -42.9337 -30.8034 17.1330 16.3430 -29.2975 -39.5477 -43.6048 0.7615 27.8529 -16.2730 -34.6009 -42.3170 -38.1710 13.5261 28.7838 -26.3958 -38.4416 -43.5551 -7.0339 24.5062 -11.0795 -33.3040 -41.5739 -41.7445 10.1471 32.3750 -23.5555 -37.2801 -43.3576 -18.6422 21.3095 -1.9974 -31.9776 -40.6955 -43.2816 6.4216 31.3330 -20.4927 -36.0423 -43.0625 -33.3362 6.3390 -33.3362 -43.0625 -36.0423 -20.4927 31.3330 6.4216 -43.2816 -40.6955 -31.9776 -1.9974 21.3095 -18.6422 -43.3576 -37.2801 -23.5555 32.3750 10.1471 -41.7445 -41.5739 -33.3040 -11.0795 24.5062 -7.0339 -43.5551 -38.4416 -26.3958 28.7838 13.5261 -38.1710 -42.3170 -34.6009 -16.2730 27.8529 0.7615 -43.6048 -39.5477 -29.2975 16.3430 17.1330 -30.8034 -42.9337 -36.0278 -20.5993 31.5611 7.2303 -42.9452 -41.1313 -32.9018 -10.5946 24.6472
-11.6158 -33.2060 -41.2962 -42.7788 7.4658 31.5611 -20.4198 -35.8991 -42.8571 -32.3277 16.4266 19.8058 -28.6322 -39.2904 -43.6001 -0.8725 26.9703 -15.1007 -34.2601 -42.1315 -39.3910 12.6263 30.4276 -25.6341 -38.1348 -43.5187 -9.8589 23.6284 -9.1751 -32.9479 -41.3492 -42.3216 9.1966 32.4089 -22.7624 -36.9576 -43.2739 -21.9771 20.3398 1.7403 -31.6136 -40.4382 -43.4607 5.2865 30.6521 -19.6099 -35.7228 -42.8622 -33.0506 14.6509 29.4603 14.6509 -33.0506 -42.8622 -35.7228 -19.6099 30.6521 5.2865 -43.4607 -40.4382 -31.6136 1.7403 20.3398 -21.9771 -43.2739 -36.9576 -22.7624 32.4089 9.1966 -42.3216 -41.3492 -32.9479 -9.1751 23.6284 -9.8589 -43.5187 -38.1348 -25.6341 30.4276 12.6263 -39.3910 -42.1315 -34.2601 -15.1007 26.9703 -0.8725 -43.6001 -39.2904 -28.6322 19.8058 16.4266 -32.3277 -42.8571 -35.8991 -20.4198 31.5611 7.4658 -42.7788 -41.2962 -33.2060 -11.6158
-30.5017 -41.5111 -42.4381 8.0958 31.7886 -20.5993 -35.8991 -42.8309 -33.1164 15.9537 22.1693 -28.0847 -39.0616 -43.5902 -2.5778 26.1462 -13.8628 -33.9249 -41.9391 -40.3928 11.7332 31.5167 -24.8708 -37.8214 -43.4710 -12.9765 22.7601 -6.9255 -32.5897 -41.1146 -42.7694 8.2096 32.1803 -21.9505 -36.6292 -43.1778 -25.1466 19.2681 6.0899 -31.0425 -40.1727 -43.5623 4.0553 29.8720 -18.6761 -35.3880 -42.7039 -34.5766 15.2083 27.8308 -18.8083 27.8308 15.2083 -34.5766 -42.7039 -35.3880 -18.6761 29.8720 4.0553 -43.5623 -40.1727 -31.0425 6.0899 19.2681 -25.1466 -43.1778 -36.6292 -21.9505 32.1803 8.2096 -42.7694 -41.1146 -32.5897 -6.9255 22.7601 -12.9765 -43.4710 -37.8214 -24.8708 31.5167 11.7332 -40.3928 -41.9391 -33.9249 -13.8628 26.1462 -2.5778 -43.5902 -39.0616 -28.0847 22.1693 15.9537 -33.1164 -42.8309 -35.8991 -20.5993 31.7886 8.0958 -42.4381 -41.5111 -30.5017
-39.1087 -41.9396 8.9486 32.1167 -21.0907 -36.0278 -42.8571 -33.1164 15.7838 23.3491 -27.7158 -38.8846 -43.5759 -4.2239 25.4158 -12.6111 -33.6093 -41.7462 -41.1953 10.8536 32.1441 -24.1146 -37.5080 -43.4076 -16.2709 21.9017 -4.2164 -32.2307 -40.8709 -43.1059 7.1792 31.7427 -21.1174 -36.2986 -43.0648 -28.0534 18.2343 10.8313 -30.2598 -39.8999 -43.6002 2.7109 29.0173 -17.6809 -35.0488 -42.5424 -36.2593 14.6126 26.6784 -26.2139 -34.9807 -26.2139 26.6784 14.6126 -36.2593 -42.5424 -35.0488 -17.6809 29.0173 2.7109 -43.6002 -39.8999 -30.2598 10.8313 18.2343 -28.0534 -43.0648 -36.2986 -21.1174 31.7427 7.1792 -43.1059 -40.8709 -32.2307 -4.2164 21.9017 -16.2709 -43.4076 -37.5080 -24.1146 32.1441 10.8536 -41.1953 -41.7462 -33.6093 -12.6111 25.4158 -4.2239 -43.5759 -38.8846 -27.7158 23.3491 15.7838 -33.1164 -42.8571 -36.0278 -21.0907 32.1167 8.9486 -41.9396 -39.1087
-40.3478 9.8931 32.3707 -21.7730 -36.2585 -42.9337 -32.3277 15.9537 23.3491 -27.5841 -38.7879 -43.5631 -5.5717 24.8293 -11.4251 -33.3311 -41.5631 -41.8129 10.0016 32.4056 -23.3705 -37.1982 -43.3338 -19.5949 21.0321 -0.9396 -31.8683 -40.6203 -43.3451 6.0889 31.1454 -20.2488 -35.9644 -42.9412 -30.6768 17.2449 15.5569 -29.4676 -39.6217 -43.6059 1.2187 28.1178 -16.6063 -34.7044 -42.3726 -37.7700 13.7752 28.3568 -26.3873 -38.2852 -43.6676 -38.2852 -26.3873 28.3568 13.7752 -37.7700 -42.3726 -34.7044 -16.6063 28.1178 1.2187 -43.6059 -39.6217 -29.4676 15.5569 17.2449 -30.6768 -42.9412 -35.9644 -20.2488 31.1454 6.0889 -43.3451 -40.6203 -31.8683 -0.9396 21.0321 -19.5949 -43.3338 -37.1982 -23.3705 32.4056 10.0016 -41.8129 -41.5631 -33.3311 -11.4251 24.8293 -5.5717 -43.5631 -38.7879 -27.5841 23.3491 15.9537 -32.3277 -42.9337 -36.2585 -21.7730 32.3707 9.8931 -40.3478
9.9691 32.4158 -22.5398 -36.5492 -43.0377 -30.8034 16.4266 22.1693 -27.7158 -38.7879 -43.5589 -6.3306 24.4461 -10.4565 -33.1049 -41.4012 -42.2600 9.2122 32.4012 -22.6545 -36.8957 -43.2492 -22.7638 20.0613 2.9085 -31.4661 -40.3606 -43.4983 4.9229 30.4264 -19.3417 -35.6272 -42.8042 -32.9848 16.2867 19.8616 -28.6880 -39.3343 -43.6044 -0.4582 27.2022 -15.4401 -34.3574 -42.1884 -39.0543 12.8878 30.0289 -25.8057 -38.1656 -44.4347 -39.9982 -44.4347 -38.1656 -25.8057 30.0289 12.8878 -39.0543 -42.1884 -34.3574 -15.4401 27.2022 -0.4582 -43.6044 -39.3343 -28.6880 19.8616 16.2867 -32.9848 -42.8042 -35.6272 -19.3417 30.4264 4.9229 -43.4983 -40.3606 -31.4661 2.9085 20.0613 -22.7638 -43.2492 -36.8957 -22.6545 32.4012 9.2122 -42.2600 -41.4012 -33.1049 -10.4565 24.4461 -6.3306 -43.5589 -38.7879 -27.7158 22.1693 16.4266 -30.8034 -43.0377 -36.5492 -22.5398 32.4158 9.9691
31.3632 -23.3275 -36.8644 -43.1450 -28.6477 17.1330 19.8058 -28.0847 -38.8846 -43.5631 -6.3306 24.3108 -9.9094 -32.9556 -41.2785 -42.5572 8.5345 32.2350 -21.9947 -36.6149 -43.1578 -25.6317 19.0600 7.1826 -30.8583 -40.0981 -43.5783 3.6724 29.6201 -18.3840 -35.2885 -42.6543 -34.9920 15.3525 23.5466 -27.9212 -39.0426 -43.5959 -2.3569 26.2926 -14.1536 -34.0094 -41.9945 -40.1344 11.9894 31.2531 -25.0851 -37.8987 -43.5871 -16.9620 11.4738 -16.9620 -43.5871 -37.8987 -25.0851 31.2531 11.9894 -40.1344 -41.9945 -34.0094 -14.1536 26.2926 -2.3569 -43.5959 -39.0426 -27.9212 23.5466 15.3525 -34.9920 -42.6543 -35.2885 -18.3840 29.6201 3.6724 -43.5783 -40.0981 -30.8583 7.1826 19.0600 -25.6317 -43.1578 -36.6149 -21.9947 32.2350 8.5345 -42.5572 -41.2785 -32.9556 -9.9094 24.3108 -6.3306 -43.5631 -38.8846 -28.0847 19.8058 17.1330 -28.6477 -43.1450 -36.8644 -23.3275 31.3632
-22.4135 -37.1885 -43.2470 -25.9801 17.9993 16.3430 -28.6322 -39.0616 -43.5759 -5.5717 24.4461 -9.9094 -32.9040 -41.2124 -42.7278 8.0285 32.0158 -21.4323 -36.3701 -43.0681 -28.0715 18.1614 11.4950 -30.1109 -39.8371 -43.6028 2.3252 28.7670 -17.3756 -34.9481 -42.4942 -36.7144 14.4342 26.5114 -27.1563 -38.7448 -43.5807 -4.5399 25.3961 -12.7133 -33.6574 -41.7910 -41.0245 11.0767 32.0122 -24.3269 -37.5944 -43.4495 -16.4078 19.7685 31.8593 19.7685 -16.4078 -43.4495 -37.5944 -24.3269 32.0122 11.0767 -41.0245 -41.7910 -33.6574 -12.7133 25.3961 -4.5399 -43.5807 -38.7448 -27.1563 26.5114 14.4342 -36.7144 -42.4942 -34.9481 -17.3756 28.7670 2.3252 -43.6028 -39.8371 -30.1109 11.4950 18.1614 -28.0715 -43.0681 -36.3701 -21.4323 32.0158 8.0285 -42.7278 -41.2124 -32.9040 -9.9094 24.4461 -5.5717 -43.5759 -39.0616 -28.6322 16.3430 17.9993 -25.9801 -43.2470 -37.1885 -22.4135
-34.6141 -43.3401 -22.9427 18.9684 12.0782 -29.2975 -39.2904 -43.5902 -4.2239 24.8293 -10.4565 -32.9556 -41.2124 -42.7837 7.7559 31.8398 -21.0207 -36.1773 -42.9876 -30.0066 17.3886 15.3836 -29.4263 -39.5830 -43.6034 0.8825 27.8998 -16.3162 -34.6106 -42.3217 -38.1633 13.5288 28.7830 -26.3958 -38.4416 -43.5551 -7.0339 24.5062 -11.0795 -33.3040 -41.5739 -41.7445 10.1471 32.3750 -23.5547 -37.2783 -43.3612 -18.9314 20.8617 5.2053 -24.6872 5.2053 20.8617 -18.9314 -43.3612 -37.2783 -23.5547 32.3750 10.1471 -41.7445 -41.5739 -33.3040 -11.0795 24.5062 -7.0339 -43.5551 -38.4416 -26.3958 28.7830 13.5288 -38.1633 -42.3217 -34.6106 -16.3162 27.8998 0.8825 -43.6034 -39.5830 -29.4263 15.3836 17.3886 -30.0066 -42.9876 -36.1773 -21.0207 31.8398 7.7559 -42.7837 -41.2124 -32.9556 -10.4565 24.8293 -4.2239 -43.5902 -39.2904 -29.2975 12.0782 18.9684 -22.9427 -43.3401 -34.6141
-41.1784 -19.6616 20.0221 7.4561 -30.0373 -39.5477 -43.6001 -2.5778 25.4158 -11.4251 -33.1049 -41.2785 -42.7278 7.7559 31.7734 -20.8043 -36.0532 -42.9256 -31.3897 16.7648 18.5228 -28.8294 -39.3503 -43.5995 -0.6329 27.0633 -15.1970 -34.2782 -42.1407 -39.3641 12.6416 30.4117 -25.6413 -38.1358 -43.5187 -9.8589 23.6284 -9.1751 -32.9479 -41.3492 -42.3216 9.1966 32.4089 -22.7623 -36.9567 -43.2740 -22.0540 20.2146 3.2359 -30.7159 -37.0747 -30.7159 3.2359 20.2146 -22.0540 -43.2740 -36.9567 -22.7623 32.4089 9.1966 -42.3216 -41.3492 -32.9479 -9.1751 23.6284 -9.8589 -43.5187 -38.1358 -25.6413 30.4117 12.6416 -39.3641 -42.1407 -34.2782 -15.1970 27.0633 -0.6329 -43.5995 -39.3503 -28.8294 18.5228 16.7648 -31.3897 -42.9256 -36.0532 -20.8043 31.7734 7.7559 -42.7278 -41.2785 -33.1049 -11.4251 25.4158 -2.5778 -43.6001 -39.5477 -30.0373 7.4561 20.0221 -19.6616 -41.1784
-18.7495 21.0668 2.9877 -30.8240 -39.8196 -43.6048 -0.8725 26.1462 -12.6111 -33.3311 -41.4012 -42.5572 8.0285 31.8398 -20.8043 -36.0101 -42.8893 -32.2068 16.3264 20.7657 -28.3441 -39.1487 -43.5923 -2.1623 26.2959 -14.0534 -33.9611 -41.9564 -40.3446 11.7700 31.4892 -24.8928 -37.8277 -43.4703 -12.9702 22.7605 -6.9255 -32.5897 -41.1146 -42.7694 8.2096 32.1803 -21.9505 -36.6290 -43.1770 -25.1658 19.2348 6.5037 -30.8284 -40.1289 -44.9091 -40.1289 -30.8284 6.5037 19.2348 -25.1658 -43.1770 -36.6290 -21.9505 32.1803 8.2096 -42.7694 -41.1146 -32.5897 -6.9255 22.7605 -12.9702 -43.4703 -37.8277 -24.8928 31.4892 11.7700 -40.3446 -41.9564 -33.9611 -14.0534 26.2959 -2.1623 -43.5923 -39.1487 -28.3441 20.7657 16.3264 -32.2068 -42.8893 -36.0101 -20.8043 31.8398 8.0285 -42.5572 -41.4012 -33.3311 -12.6111 26.1462 -0.8725 -43.6048 -39.8196 -30.8240 2.9877 21.0668 -18.7495
21.3761 -0.9414 -31.4565 -40.0913 -43.6040 0.7615 26.9703 -13.8628 -33.6093 -41.5631 -42.2600 8.5345 32.0158 -21.0207 -36.0532 -42.8893 -32.4777 16.1072 22.0635 -27.9984 -38.9897 -43.5832 -3.5959 25.6289 -12.9230 -33.6688 -41.7756 -41.1219 10.9197 32.1194 -24.1533 -37.5202 -43.4100 -16.2205 21.9116 -4.2413 -32.2316 -40.8709 -43.1059 7.1792 31.7427 -21.1174 -36.2986 -43.0646 -28.0597 18.2265 10.9504 -30.2013 -39.8719 -44.3890 -28.0945 -44.3890 -39.8719 -30.2013 10.9504 18.2265 -28.0597 -43.0646 -36.2986 -21.1174 31.7427 7.1792 -43.1059 -40.8709 -32.2316 -4.2413 21.9116 -16.2205 -43.4100 -37.5202 -24.1533 32.1194 10.9197 -41.1219 -41.7756 -33.6688 -12.9230 25.6289 -3.5959 -43.5832 -38.9897 -27.9984 22.0635 16.1072 -32.4777 -42.8893 -36.0532 -21.0207 32.0158 8.5345 -42.2600 -41.5631 -33.6093 -13.8628 26.9703 0.7615 -43.6040 -40.0913 -31.4565 -0.9414 21.3761
-3.9444 -31.8703 -40.3585 -43.5794 2.2802 27.8529 -15.1007 -33.9249 -41.7462 -41.8129 9.2122 32.2350 -21.4323 -36.1773 -42.9256 -32.2068 16.1072 22.4735 -27.8233 -38.8891 -43.5748 -4.7948 25.0893 -11.8617 -33.4102 -41.6064 -41.7107 10.1171 32.3927 -23.4335 -37.2168 -43.3395 -19.4669 21.0651 -1.0312 -31.8733 -40.6212 -43.3449 6.0894 31.1454 -20.2488 -35.9644 -42.9412 -30.6779 17.2429 15.5875 -29.4526 -39.6097 -43.6374 -1.4791 16.1215 -1.4791 -43.6374 -39.6097 -29.4526 15.5875 17.2429 -30.6779 -42.9412 -35.9644 -20.2488 31.1454 6.0894 -43.3449 -40.6212 -31.8733 -1.0312 21.0651 -19.4669 -43.3395 -37.2168 -23.4335 32.3927 10.1171 -41.7107 -41.6064 -33.4102 -11.8617 25.0893 -4.7948 -43.5748 -38.8891 -27.8233 22.4735 16.1072 -32.2068 -42.9256 -36.1773 -21.4323 32.2350 9.2122 -41.8129 -41.7462 -33.9249 -15.1007 27.8529 2.2802 -43.5794 -40.3585 -31.8703 -3.9444
-29.1184 -40.6230 -43.4986 3.6647 28.7509 -16.2730 -34.2601 -41.9391 -41.1953 10.0016 32.4012 -21.9947 -36.3701 -42.9876 -31.3897 16.3264 22.0635 -27.8233 -38.8542 -43.5686 -5.5933 24.7077 -10.9881 -33.2001 -41.4592 -42.1412 9.3895 32.4175 -22.7541 -36.9289 -43.2577 -22.5452 20.1192 2.7173 -31.4856 -40.3657 -43.4970 4.9369 30.4330 -19.3428 -35.6272 -42.8042 -32.9848 16.2863 19.8709 -28.6843 -39.3310 -43.6129 -1.0944 24.9870 22.7558 24.9870 -1.0944 -43.6129 -39.3310 -28.6843 19.8709 16.2863 -32.9848 -42.8042 -35.6272 -19.3428 30.4330 4.9369 -43.4970 -40.3657 -31.4856 2.7173 20.1192 -22.5452 -43.2577 -36.9289 -22.7541 32.4175 9.3895 -42.1412 -41.4592 -33.2001 -10.9881 24.7077 -5.5933 -43.5686 -38.8542 -27.8233 22.0635 16.3264 -31.3897 -42.9876 -36.3701 -21.9947 32.4012 10.0016 -41.1953 -41.9391 -34.2601 -16.2730 28.7509 3.6647 -43.4986 -40.6230 -29.1184
-38.1711 -43.3538 4.9226 29.6183 -17.3626 -34.6009 -42.1315 -40.3928 10.8536 32.4056 -22.6545 -36.6149 -43.0681 -30.0066 16.7648 20.7657 -27.9984 -38.8891 -43.5686 -5.8653 24.5146 -10.4070 -33.0525 -41.3444 -42.4393 8.7614 32.2932 -22.1394 -36.6646 -43.1729 -25.3034 19.1498 6.8507 -30.8996 -40.1094 -43.5770 3.7132 29.6420 -18.4001 -35.2903 -42.6530 -34.9912 15.3525 23.5481 -27.9195 -39.0409 -43.6002 -2.5491 25.9714 -11.4746 -28.3662 -11.4746 25.9714 -2.5491 -43.6002 -39.0409 -27.9195 23.5481 15.3525 -34.9912 -42.6530 -35.2903 -18.4001 29.6420 3.7132 -43.5770 -40.1094 -30.8996 6.8507 19.1498 -25.3034 -43.1729 -36.6646 -22.1394 32.2932 8.7614 -42.4393 -41.3444 -33.0525 -10.4070 24.5146 -5.8653 -43.5686 -38.8891 -27.9984 20.7657 16.7648 -30.0066 -43.0681 -36.6149 -22.6545 32.4056 10.8536 -40.3928 -42.1315 -34.6009 -17.3626 29.6183 4.9226 -43.3538 -38.1711
-41.6272 6.1021 30.4263 -18.3836 -34.9452 -42.3170 -39.3910 11.7332 32.1441 -23.3705 -36.8957 -43.1578 -28.0715 17.3886 18.5228 -28.3441 -38.9897 -43.5748 -5.5933 24.5146 -10.1963 -32.9756 -41.2711 -42.6264 8.2703 32.1086 -21.6158 -36.4346 -43.0909 -27.6577 18.2890 10.9829 -30.1783 -39.8565 -43.6023 2.3985 28.8051 -17.4104 -34.9546 -42.4934 -36.6981 14.4420 26.5082 -27.1560 -38.7429 -43.5817 -4.6035 25.3112 -12.1623 -33.0675 -39.1066 -33.0675 -12.1623 25.3112 -4.6035 -43.5817 -38.7429 -27.1560 26.5082 14.4420 -36.6981 -42.4934 -34.9546 -17.4104 28.8051 2.3985 -43.6023 -39.8565 -30.1783 10.9829 18.2890 -27.6577 -43.0909 -36.4346 -21.6158 32.1086 8.2703 -42.6264 -41.2711 -32.9756 -10.1963 24.5146 -5.5933 -43.5748 -38.9897 -28.3441 18.5228 17.3886 -28.0715 -43.1578 -36.8957 -23.3705 32.1441 11.7332 -39.3910 -42.3170 -34.9452 -18.3836 30.4263 6.1021 -41.6272
6.1618 31.1477 -19.3417 -35.2885 -42.4932 -38.1710 12.6263 31.5167 -24.1146 -37.1982 -43.2492 -25.6317 18.1614 15.3836 -28.8294 -39.1487 -43.5832 -4.7948 24.7077 -10.4070 -32.9756 -41.2456 -42.7154 7.9578 31.9423 -21.2089 -36.2499 -43.0147 -29.5335 17.5408 14.7449 -29.5240 -39.6148 -43.6038 0.9983 27.9546 -16.3714 -34.6231 -42.3242 -38.1270 13.5497 28.7522 -26.4020 -38.4412 -43.5544 -7.0554 24.4816 -10.9128 -33.1833 -41.7882 -45.6096 -41.7882 -33.1833 -10.9128 24.4816 -7.0554 -43.5544 -38.4412 -26.4020 28.7522 13.5497 -38.1270 -42.3242 -34.6231 -16.3714 27.9546 0.9983 -43.6038 -39.6148 -29.5240 14.7449 17.5408 -29.5335 -43.0147 -36.2499 -21.2089 31.9423 7.9578 -42.7154 -41.2456 -32.9756 -10.4070 24.7077 -4.7948 -43.5832 -39.1487 -28.8294 15.3836 18.1614 -25.6317 -43.2492 -37.1982 -24.1146 31.5167 12.6263 -38.1710 -42.4932 -35.2885 -19.3417 31.1477 6.1618
31.0648 -20.2511 -35.6271 -42.6543 -36.7144 13.5261 30.4276 -24.8708 -37.5080 -43.3338 -22.7638 19.0600 11.4950 -29.4263 -39.3503 -43.5923 -3.5959 25.0893 -10.9881 -33.0525 -41.2711 -42.7154 7.8516 31.8446 -20.9496 -36.1187 -42.9533 -30.9129 16.9370 17.8398 -28.9443 -39.3911 -43.6009 -0.4576 27.1372 -15.2876 -34.3001 -42.1485 -39.3167 12.6727 30.3695 -25.6565 -38.1390 -43.5172 -9.8412 23.6241 -9.1271 -32.9170 -41.3639 -43.1511 -9.3630 -43.1511 -41.3639 -32.9170 -9.1271 23.6241 -9.8412 -43.5172 -38.1390 -25.6565 30.3695 12.6727 -39.3167 -42.1485 -34.3001 -15.2876 27.1372 -0.4576 -43.6009 -39.3911 -28.9443 17.8398 16.9370 -30.9129 -42.9533 -36.1187 -20.9496 31.8446 7.8516 -42.7154 -41.2711 -33.0525 -10.9881 25.0893 -3.5959 -43.5923 -39.3503 -29.4263 11.4950 19.0600 -22.7638 -43.3338 -37.5080 -24.8708 30.4276 13.5261 -36.7144 -42.6543 -35.6271 -20.2511 31.0648
-19.8342 -35.9667 -42.8042 -34.9920 14.4342 28.7838 -25.6341 -37.8214 -43.4076 -19.5949 20.0613 7.1826 -30.1109 -39.5830 -43.5995 -2.1623 25.6289 -11.8617 -33.2001 -41.3444 -42.6264 7.9578 31.8446 -20.8614 -36.0515 -42.9139 -31.8244 16.4940 20.0782 -28.4662 -39.1926 -43.5939 -1.9064 26.3965 -14.1866 -33.9925 -41.9720 -40.2824 11.8163 31.4488 -24.9178 -37.8353 -43.4692 -12.8933 22.7739 -6.9408 -32.5836 -41.1135 -42.8769 6.4703 21.3685 6.4703 -42.8769 -41.1135 -32.5836 -6.9408 22.7739 -12.8933 -43.4692 -37.8353 -24.9178 31.4488 11.8163 -40.2824 -41.9720 -33.9925 -14.1866 26.3965 -1.9064 -43.5939 -39.1926 -28.4662 20.0782 16.4940 -31.8244 -42.9139 -36.0515 -20.8614 31.8446 7.9578 -42.6264 -41.3444 -33.2001 -11.8617 25.6289 -2.1623 -43.5995 -39.5830 -30.1109 7.1826 20.0613 -19.5949 -43.4076 -37.8214 -25.6341 28.7838 14.4342 -34.9920 -42.8042 -35.9667 -19.8342
-33.3609 -42.9471 -32.9845 15.3525 26.5114 -26.3958 -38.1348 -43.4710 -16.2709 21.0321 2.9085 -30.8583 -39.8371 -43.6034 -0.6329 26.2959 -12.9230 -33.4102 -41.4592 -42.4393 8.2703 31.9423 -20.9496 -36.0515 -42.8999 -32.2750 16.2202 21.5203 -28.1161 -39.0343 -43.5852 -3.2818 25.7495 -13.1041 -33.7080 -41.7989 -41.0439 10.9938 32.0852 -24.1935 -37.5339 -43.4103 -16.1098 21.9334 -4.3008 -32.2357 -40.8723 -43.1243 6.7945 30.6674 -1.8423 30.6674 6.7945 -43.1243 -40.8723 -32.2357 -4.3008 21.9334 -16.1098 -43.4103 -37.5339 -24.1935 32.0852 10.9938 -41.0439 -41.7989 -33.7080 -13.1041 25.7495 -3.2818 -43.5852 -39.0343 -28.1161 21.5203 16.2202 -32.2750 -42.8999 -36.0515 -20.9496 31.9423 8.2703 -42.4393 -41.4592 -33.4102 -12.9230 26.2959 -0.6329 -43.6034 -39.8371 -30.8583 2.9085 21.0321 -16.2709 -43.4710 -38.1348 -26.3958 26.5114 15.3525 -32.9845 -42.9471 -33.3609
-40.6926 -30.6848 16.2866 23.5466 -27.1563 -38.4416 -43.5187 -12.9765 21.9017 -0.9396 -31.4661 -40.0981 -43.6028 0.8825 27.0633 -14.0534 -33.6688 -41.6064 -42.1412 8.7614 32.1086 -21.2089 -36.1187 -42.9139 -32.2750 16.1301 22.2349 -27.9008 -38.9256 -43.5781 -4.4675 25.2122 -12.0824 -33.4554 -41.6334 -41.6338 10.2179 32.3765 -23.4930 -37.2391 -43.3422 -19.3119 21.1021 -1.1403 -31.8844 -40.6281 -43.3428 6.0131 30.9296 -18.7036 -31.5834 -18.7036 30.9296 6.0131 -43.3428 -40.6281 -31.8844 -1.1403 21.1021 -19.3119 -43.3422 -37.2391 -23.4930 32.3765 10.2179 -41.6338 -41.6334 -33.4554 -12.0824 25.2122 -4.4675 -43.5781 -38.9256 -27.9008 22.2349 16.1301 -32.2750 -42.9139 -36.1187 -21.2089 32.1086 8.7614 -42.1412 -41.6064 -33.6688 -14.0534 27.0633 0.8825 -43.6028 -40.0981 -31.4661 -0.9396 21.9017 -12.9765 -43.5187 -38.4416 -27.1563 23.5466 16.2866 -30.6848 -40.6926
-29.4535 17.2795 19.8616 -27.9212 -38.7448 -43.5551 -9.8589 22.7601 -4.2164 -31.8683 -40.3606 -43.5783 2.3252 27.8998 -15.1970 -33.9611 -41.7756 -41.7107 9.3895 32.2932 -21.6158 -36.2499 -42.9533 -31.8244 16.2202 22.2349 -27.8284 -38.8702 -43.5731 -5.3406 24.8129 -11.2030 -33.2454 -41.4862 -42.0761 9.4998 32.4249 -22.8376 -36.9584 -43.2659 -22.3521 20.1803 2.5247 -31.5115 -40.3763 -43.4927 4.9473 30.3903 -19.0563 -35.1559 -41.0408 -35.1559 -19.0563 30.3903 4.9473 -43.4927 -40.3763 -31.5115 2.5247 20.1803 -22.3521 -43.2659 -36.9584 -22.8376 32.4249 9.4998 -42.0761 -41.4862 -33.2454 -11.2030 24.8129 -5.3406 -43.5731 -38.8702 -27.8284 22.2349 16.2202 -31.8244 -42.9533 -36.2499 -21.6158 32.2932 9.3895 -41.7107 -41.7756 -33.9611 -15.1970 27.8998 2.3252 -43.5783 -40.3606 -31.8683 -4.2164 22.7601 -9.8589 -43.5551 -38.7448 -27.9212 19.8616 17.2795 -29.4535
17.6246 15.5437 -28.6879 -39.0426 -43.5807 -7.0339 23.6284 -6.9255 -32.2307 -40.6203 -43.4983 3.6724 28.7670 -16.3162 -34.2782 -41.9564 -41.1219 10.1171 32.4175 -22.1394 -36.4346 -43.0147 -30.9129 16.4940 21.5203 -27.9008 -38.8702 -43.5710 -5.7992 24.5687 -10.5594 -33.0893 -41.3696 -42.3846 8.8732 32.3212 -22.2346 -36.7012 -43.1856 -25.0858 19.2163 6.5763 -30.9435 -40.1224 -43.5747 3.7525 29.6499 -18.3517 -35.2027 -43.1722 -45.4924 -43.1722 -35.2027 -18.3517 29.6499 3.7525 -43.5747 -40.1224 -30.9435 6.5763 19.2163 -25.0858 -43.1856 -36.7012 -22.2346 32.3212 8.8732 -42.3846 -41.3696 -33.0893 -10.5594 24.5687 -5.7992 -43.5710 -38.8702 -27.9008 21.5203 16.4940 -30.9129 -43.0147 -36.4346 -22.1394 32.4175 10.1171 -41.1219 -41.9564 -34.2782 -16.3162 28.7670 3.6724 -43.4983 -40.6203 -32.2307 -6.9255 23.6284 -7.0339 -43.5807 -39.0426 -28.6879 15.5437 17.6246
10.4628 -29.4698 -39.3343 -43.5959 -4.5399 24.5062 -9.1751 -32.5897 -40.8709 -43.3451 4.9229 29.6201 -17.3756 -34.6106 -42.1407 -40.3446 10.9197 32.3927 -22.7541 -36.6646 -43.0909 -29.5335 16.9370 20.0782 -28.1161 -38.9256 -43.5731 -5.7992 24.4864 -10.2211 -32.9932 -41.2883 -42.5859 8.3752 32.1502 -21.7050 -36.4701 -43.1041 -27.3983 18.3646 10.6652 -30.2293 -39.8729 -43.6016 2.4638 28.8368 -17.4322 -34.9447 -42.5616 -38.6557 2.4837 -38.6557 -42.5616 -34.9447 -17.4322 28.8368 2.4638 -43.6016 -39.8729 -30.2293 10.6652 18.3646 -27.3983 -43.1041 -36.4701 -21.7050 32.1502 8.3752 -42.5859 -41.2883 -32.9932 -10.2211 24.4864 -5.7992 -43.5731 -38.9256 -28.1161 20.0782 16.9370 -29.5335 -43.0909 -36.6646 -22.7541 32.3927 10.9197 -40.3446 -42.1407 -34.6106 -17.3756 29.6201 4.9229 -43.3451 -40.8709 -32.5897 -9.1751 24.5062 -4.5399 -43.5959 -39.3343 -29.4698 10.4628
-27.3018 -39.6244 -43.6044 -2.3569 25.3961 -11.0795 -32.9479 -41.1146 -43.1059 6.0889 30.4264 -18.3840 -34.9481 -42.3217 -39.3641 11.7700 32.1194 -23.4335 -36.9289 -43.1729 -27.6577 17.5408 17.8398 -28.4662 -39.0343 -43.5781 -5.3406 24.5687 -10.2211 -32.9600 -41.2455 -42.7007 8.0224 31.9808 -21.2852 -36.2789 -43.0278 -29.2894 17.6332 14.3457 -29.5839 -39.6351 -43.6031 1.1037 28.0051 -16.4229 -34.6321 -42.3435 -38.4808 11.8985 26.6115 11.8985 -38.4808 -42.3435 -34.6321 -16.4229 28.0051 1.1037 -43.6031 -39.6351 -29.5839 14.3457 17.6332 -29.2894 -43.0278 -36.2789 -21.2852 31.9808 8.0224 -42.7007 -41.2455 -32.9600 -10.2211 24.5687 -5.3406 -43.5781 -39.0343 -28.4662 17.8398 17.5408 -27.6577 -43.1729 -36.9289 -23.4335 32.1194 11.7700 -39.3641 -42.3217 -34.9481 -18.3840 30.4264 6.0889 -43.1059 -41.1146 -32.9479 -11.0795 25.3961 -2.3569 -43.6044 -39.6244 -27.3018
-37.1294 -43.6138 -0.4585 26.2926 -12.7133 -33.3040 -41.3492 -42.7694 7.1792 31.1454 -19.3417 -35.2885 -42.4942 -38.1633 12.6416 31.4892 -24.1533 -37.2168 -43.2577 -25.3034 18.2890 14.7449 -28.9443 -39.1926 -43.5852 -4.4675 24.8129 -10.5594 -32.9932 -41.2455 -42.7383 7.8353 31.8565 -20.9921 -36.1407 -42.9660 -30.7378 17.0170 17.4379 -29.0178 -39.4163 -43.6004 -0.2988 27.2079 -15.3667 -34.3169 -42.1607 -39.3445 12.3534 32.1097 -14.7328 32.1097 12.3534 -39.3445 -42.1607 -34.3169 -15.3667 27.2079 -0.2988 -43.6004 -39.4163 -29.0178 17.4379 17.0170 -30.7378 -42.9660 -36.1407 -20.9921 31.8565 7.8353 -42.7383 -41.2455 -32.9932 -10.5594 24.8129 -4.4675 -43.5852 -39.1926 -28.9443 14.7449 18.2890 -25.3034 -43.2577 -37.2168 -24.1533 31.4892 12.6416 -38.1633 -42.4942 -35.2885 -19.3417 31.1454 7.1792 -42.7694 -41.3492 -33.3040 -12.7133 26.2926 -0.4585 -43.6138 -37.1294
-41.7551 1.2280 27.2022 -14.1536 -33.6574 -41.5739 -42.3216 8.2096 31.7427 -20.2488 -35.6272 -42.6543 -36.7144 13.5288 30.4117 -24.8928 -37.5202 -43.3395 -22.5452 19.1498 10.9829 -29.5240 -39.3911 -43.5939 -3.2818 25.2122 -11.2030 -33.0893 -41.2883 -42.7007 7.8353 31.8105 -20.8401 -36.0543 -42.9227 -31.7282 16.5406 19.8278 -28.5296 -39.2194 -43.5952 -1.7199 26.4808 -14.2964 -34.0170 -41.9848 -40.2437 11.7858 31.7058 -23.7390 -33.7944 -23.7390 31.7058 11.7858 -40.2437 -41.9848 -34.0170 -14.2964 26.4808 -1.7199 -43.5952 -39.2194 -28.5296 19.8278 16.5406 -31.7282 -42.9227 -36.0543 -20.8401 31.8105 7.8353 -42.7007 -41.2883 -33.0893 -11.2030 25.2122 -3.2818 -43.5939 -39.3911 -29.5240 10.9829 19.1498 -22.5452 -43.3395 -37.5202 -24.8928 30.4117 13.5288 -36.7144 -42.6543 -35.6272 -20.2488 31.7427 8.2096 -42.3216 -41.5739 -33.6574 -14.1536 27.2022 1.2280 -41.7551
1.3443 28.1227 -15.4401 -34.0094 -41.7910 -41.7445 9.1966 32.1803 -21.1174 -35.9644 -42.8042 -34.9920 14.4342 28.7830 -25.6413 -37.8277 -43.4100 -19.4669 20.1192 6.8507 -30.1783 -39.6148 -43.6009 -1.9064 25.7495 -12.0824 -33.2454 -41.3696 -42.5859 8.0224 31.8565 -20.8401 -36.0234 -42.8975 -32.2986 16.2265 21.4384 -28.1478 -39.0541 -43.5883 -3.1063 25.8278 -13.2290 -33.7382 -41.8134 -40.9952 11.0316 32.0980 -24.0027 -37.2188 -42.8196 -37.2188 -24.0027 32.0980 11.0316 -40.9952 -41.8134 -33.7382 -13.2290 25.8278 -3.1063 -43.5883 -39.0541 -28.1478 21.4384 16.2265 -32.2986 -42.8975 -36.0234 -20.8401 31.8565 8.0224 -42.5859 -41.3696 -33.2454 -12.0824 25.7495 -1.9064 -43.6009 -39.6148 -30.1783 6.8507 20.1192 -19.4669 -43.4100 -37.8277 -25.6413 28.7830 14.4342 -34.9920 -42.8042 -35.9644 -21.1174 32.1803 9.1966 -41.7445 -41.7910 -34.0094 -15.4401 28.1227 1.3443
28.4644 -16.6092 -34.3574 -41.9945 -41.0245 10.1471 32.4089 -21.9505 -36.2986 -42.9412 -32.9848 15.3525 26.5114 -26.3958 -38.1358 -43.4703 -16.2205 21.0651 2.7173 -30.8996 -39.8565 -43.6038 -0.4576 26.3965 -13.1041 -33.4554 -41.4862 -42.3846 8.3752 31.9808 -20.9921 -36.0543 -42.8975 -32.4857 16.0697 22.3481 -27.8939 -38.9317 -43.5805 -4.3584 25.2679 -12.2011 -33.4842 -41.6520 -41.5814 10.2783 32.3687 -23.4904 -37.1883 -44.1506 -43.1531 -44.1506 -37.1883 -23.4904 32.3687 10.2783 -41.5814 -41.6520 -33.4842 -12.2011 25.2679 -4.3584 -43.5805 -38.9317 -27.8939 22.3481 16.0697 -32.4857 -42.8975 -36.0543 -20.9921 31.9808 8.3752 -42.3846 -41.4862 -33.4554 -13.1041 26.3965 -0.4576 -43.6038 -39.8565 -30.8996 2.7173 21.0651 -16.2205 -43.4703 -38.1358 -26.3958 26.5114 15.3525 -32.9848 -42.9412 -36.2986 -21.9505 32.4089 10.1471 -41.0245 -41.9945 -34.3574 -16.6092 28.4644
-16.7332 -34.7067 -42.1884 -40.1342 11.0769 32.3750 -22.7624 -36.6292 -43.0648 -30.6768 16.2867 23.5466 -27.1563 -38.4416 -43.5187 -12.9702 21.9116 -1.0312 -31.4856 -40.1094 -43.6023 0.9983 27.1372 -14.1866 -33.7080 -41.6334 -42.0761 8.8732 32.1502 -21.2852 -36.1407 -42.9227 -32.2986 16.0697 22.6417 -27.7672 -38.8578 -43.5739 -5.3414 24.8310 -11.2723 -33.2649 -41.5045 -42.0298 9.5731 32.4285 -22.8791 -36.9637 -43.3679 -26.6100 8.8919 -26.6100 -43.3679 -36.9637 -22.8791 32.4285 9.5731 -42.0298 -41.5045 -33.2649 -11.2723 24.8310 -5.3414 -43.5739 -38.8578 -27.7672 22.6417 16.0697 -32.2986 -42.9227 -36.1407 -21.2852 32.1502 8.8732 -42.0761 -41.6334 -33.7080 -14.1866 27.1372 0.9983 -43.6023 -40.1094 -31.4856 -1.0312 21.9116 -12.9702 -43.5187 -38.4416 -27.1563 23.5466 16.2867 -30.6768 -43.0648 -36.6292 -22.7624 32.3750 11.0769 -40.1342 -42.1884 -34.7067 -16.7332
-32.0640 -42.3764 -39.0530 11.9913 32.0116 -23.5555 -36.9576 -43.1778 -28.0534 17.2449 19.8616 -27.9212 -38.7448 -43.5551 -9.8589 22.7605 -4.2413 -31.8733 -40.3657 -43.5770 2.3985 27.9546 -15.2876 -33.9925 -41.7989 -41.6338 9.4998 32.3212 -21.7050 -36.2789 -42.9660 -31.7282 16.2265 22.3481 -27.7672 -38.8331 -43.5701 -5.9579 24.5378 -10.5340 -33.0919 -41.3790 -42.3617 8.9358 32.3374 -22.2848 -36.7173 -43.2084 -25.7755 17.0644 31.3085 17.0644 -25.7755 -43.2084 -36.7173 -22.2848 32.3374 8.9358 -42.3617 -41.3790 -33.0919 -10.5340 24.5378 -5.9579 -43.5701 -38.8331 -27.7672 22.3481 16.2265 -31.7282 -42.9660 -36.2789 -21.7050 32.3212 9.4998 -41.6338 -41.7989 -33.9925 -15.2876 27.9546 2.3985 -43.5770 -40.3657 -31.8733 -4.2413 22.7605 -9.8589 -43.5551 -38.7448 -27.9212 19.8616 17.2449 -28.0534 -43.1778 -36.9576 -23.5555 32.0116 11.9913 -39.0530 -42.3764 -32.0640
-40.0463 -37.7682 12.8964 31.2447 -24.3336 -37.2801 -43.2739 -25.1466 18.2343 15.5569 -28.6880 -39.0426 -43.5807 -7.0339 23.6284 -6.9255 -32.2316 -40.6212 -43.4970 3.7132 28.8051 -16.3714 -34.3001 -41.9720 -41.0439 10.2179 32.4249 -22.2346 -36.4701 -43.0278 -30.7378 16.5406 21.4384 -27.8939 -38.8578 -43.5701 -6.1679 24.3916 -10.0679 -32.9740 -41.2839 -42.5896 8.3897 32.1635 -21.7515 -36.4896 -43.1109 -27.3766 17.9800 18.4137 -21.8426 18.4137 17.9800 -27.3766 -43.1109 -36.4896 -21.7515 32.1635 8.3897 -42.5896 -41.2839 -32.9740 -10.0679 24.3916 -6.1679 -43.5701 -38.8578 -27.8939 21.4384 16.5406 -30.7378 -43.0278 -36.4701 -22.2346 32.4249 10.2179 -41.0439 -41.9720 -34.3001 -16.3714 28.8051 3.7132 -43.4970 -40.6212 -32.2316 -6.9255 23.6284 -7.0339 -43.5807 -39.0426 -28.6880 15.5569 18.2343 -25.1466 -43.2739 -37.2801 -24.3336 31.2447 12.8964 -37.7682 -40.0463
-36.3486 13.8275 29.9898 -25.1032 -37.6002 -43.3576 -21.9771 19.2681 10.8313 -29.4676 -39.3343 -43.5959 -4.5399 24.5062 -9.1751 -32.5897 -40.8709 -43.3449 4.9369 29.6420 -17.4104 -34.6231 -42.1485 -40.2824 10.9938 32.3765 -22.8376 -36.7012 -43.1041 -29.2894 17.0170 19.8278 -28.1478 -38.9317 -43.5739 -5.9579 24.3916 -9.9084 -32.9149 -41.2259 -42.7288 7.9739 31.9703 -21.2950 -36.2917 -43.0337 -29.1449 17.6105 15.4954 -28.5345 -36.0666 -28.5345 15.4954 17.6105 -29.1449 -43.0337 -36.2917 -21.2950 31.9703 7.9739 -42.7288 -41.2259 -32.9149 -9.9084 24.3916 -5.9579 -43.5739 -38.9317 -28.1478 19.8278 17.0170 -29.2894 -43.1041 -36.7012 -22.8376 32.3765 10.9938 -40.2824 -42.1485 -34.6231 -17.4104 29.6420 4.9369 -43.3449 -40.8709 -32.5897 -9.1751 24.5062 -4.5399 -43.5959 -39.3343 -29.4676 10.8313 19.2681 -21.9771 -43.3576 -37.6002 -25.1032 29.9898 13.8275 -36.3486
14.0100 28.1645 -25.8629 -37.9161 -43.4281 -18.6422 20.3398 6.0899 -30.2598 -39.6217 -43.6044 -2.3569 25.3961 -11.0795 -32.9479 -41.1146 -43.1059 6.0894 30.4330 -18.4001 -34.9546 -42.3242 -39.3167 11.8163 32.0852 -23.4930 -36.9584 -43.1856 -27.3983 17.6332 17.4379 -28.5296 -39.0541 -43.5805 -5.3414 24.5378 -10.0679 -32.9149 -41.2065 -42.7937 7.7197 31.8135 -20.9450 -36.1322 -42.9664 -30.6463 17.0509 17.4749 -28.8632 -39.3058 -44.3763 -39.3069 -28.8632 17.4749 17.0509 -30.6463 -42.9664 -36.1322 -20.9450 31.8135 7.7197 -42.7937 -41.2065 -32.9149 -10.0679 24.5378 -5.3414 -43.5805 -39.0541 -28.5296 17.4379 17.6332 -27.3983 -43.1856 -36.9584 -23.4930 32.0852 11.8163 -39.3167 -42.3242 -34.9546 -18.4001 30.4330 6.0894 -43.1059 -41.1146 -32.9479 -11.0795 25.3961 -2.3569 -43.6044 -39.6217 -30.2598 6.0899 20.3398 -18.6422 -43.4281 -37.9161 -25.8629 28.1645 14.0100
24.8992 -26.6260 -38.2270 -43.4851 -15.2720 21.3095 1.7403 -31.0425 -39.8999 -43.6059 -0.4582 26.2926 -12.7133 -33.3040 -41.3492 -42.7694 7.1792 31.1454 -19.3428 -35.2903 -42.4934 -38.1270 12.6727 31.4488 -24.1935 -37.2391 -43.2659 -25.0858 18.3646 14.3457 -29.0178 -39.2194 -43.5883 -4.3584 24.8310 -10.5340 -32.9740 -41.2259 -42.7937 7.6342 31.7282 -20.7312 -36.0215 -42.9130 -31.7875 16.5469 19.7398 -28.5273 -39.2003 -44.4979 -34.3943 -44.4977 -39.2013 -28.5273 19.7398 16.5469 -31.7875 -42.9130 -36.0215 -20.7312 31.7282 7.6342 -42.7937 -41.2259 -32.9740 -10.5340 24.8310 -4.3584 -43.5883 -39.2194 -29.0178 14.3457 18.3646 -25.0858 -43.2659 -37.2391 -24.1935 31.4488 12.6727 -38.1270 -42.4934 -35.2903 -19.3428 31.1454 7.1792 -42.7694 -41.3492 -33.3040 -12.7133 26.2926 -0.4582 -43.6059 -39.8999 -31.0425 1.7403 21.3095 -15.2720 -43.4851 -38.2270 -26.6260 24.8992
-25.0997 -38.5374 -43.5319 -12.0012 22.1615 -1.9974 -31.6136 -40.1727 -43.6002 1.2187 27.2022 -14.1536 -33.6574 -41.5739 -42.3216 8.2096 31.7427 -20.2488 -35.6272 -42.6530 -36.6981 13.5497 30.3695 -24.9178 -37.5339 -43.3422 -22.3521 19.2163 10.6652 -29.5839 -39.4163 -43.5952 -3.1063 25.2679 -11.2723 -33.0919 -41.2839 -42.7288 7.7197 31.7282 -20.6594 -35.9661 -42.8796 -32.5389 16.1638 21.5384 -28.1484 -39.0539 -43.6623 -6.3818 14.2482 -6.3818 -43.6622 -39.0543 -28.1486 21.5368 16.1642 -32.5379 -42.8796 -35.9661 -20.6594 31.7282 7.7197 -42.7288 -41.2839 -33.0919 -11.2723 25.2679 -3.1063 -43.5952 -39.4163 -29.5839 10.6652 19.2163 -22.3521 -43.3422 -37.5339 -24.9178 30.3695 13.5497 -36.6981 -42.6530 -35.6272 -20.2488 31.7427 8.2096 -42.3216 -41.5739 -33.6574 -14.1536 27.2022 1.2187 -43.6002 -40.1727 -31.6136 -1.9974 22.1615 -12.0012 -43.5319 -38.5374 -25.0997
-36.0048 -43.5713 -8.9767 23.0200 -5.0856 -31.9776 -40.4382 -43.5623 2.7109 28.1178 -15.4401 -34.0094 -41.7910 -41.7445 9.1966 32.1803 -21.1174 -35.9644 -42.8042 -34.9912 14.4420 28.7522 -25.6565 -37.8353 -43.4103 -19.3119 20.1803 6.5763 -30.2293 -39.6351 -43.6004 -1.7199 25.8278 -12.2011 -33.2649 -41.3790 -42.5896 7.9739 31.8135 -20.7312 -35.9661 -42.8683 -32.9019 15.9297 22.7414 -27.8427 -38.9203 -43.5936 -4.9810 23.1004 28.2548 23.0981 -4.9814 -43.5957 -38.9222 -27.8437 22.7304 15.9363 -32.8996 -42.8685 -35.9661 -20.7312 31.8135 7.9739 -42.5896 -41.3790 -33.2649 -12.2011 25.8278 -1.7199 -43.6004 -39.6351 -30.2293 6.5763 20.1803 -19.3119 -43.4103 -37.8353 -25.6565 28.7522 14.4420 -34.9912 -42.8042 -35.9644 -21.1174 32.1803 9.1966 -41.7445 -41.7910 -34.0094 -15.4401 28.1178 2.7109 -43.5623 -40.4382 -31.9776 -5.0856 23.0200 -8.9767 -43.5713 -36.0048
-41.5495 -6.2438 23.8915 -7.6453 -32.3391 -40.6955 -43.4607 4.0553 29.0173 -16.6063 -34.3574 -41.9945 -41.0245 10.1471 32.4089 -21.9505 -36.2986 -42.9412 -32.9848 15.3525 26.5082 -26.4020 -38.1390 -43.4692 -16.1098 21.1021 2.5247 -30.9435 -39.8729 -43.6031 -0.2988 26.4808 -13.2290 -33.4842 -41.5045 -42.3617 8.3897 31.9703 -20.9450 -36.0215 -42.8796 -32.9019 15.8518 23.3404 -27.6371 -38.8203 -43.5661 -5.5297 24.5838 -8.0760 -27.2225 -8.0484 24.5688 -5.5553 -43.6032 -38.8244 -27.6593 23.1314 15.8820 -32.8983 -42.8800 -36.0215 -20.9450 31.9703 8.3897 -42.3617 -41.5045 -33.4842 -13.2290 26.4808 -0.2988 -43.6031 -39.8729 -30.9435 2.5247 21.1021 -16.1098 -43.4692 -38.1390 -26.4020 26.5082 15.3525 -32.9848 -42.9412 -36.2986 -21.9505 32.4089 10.1471 -41.0245 -41.9945 -34.3574 -16.6063 29.0173 4.0553 -43.4607 -40.6955 -32.3391 -7.6453 23.8915 -6.2438 -41.5495
-5.8846 24.8124 -9.7815 -32.6989 -40.9467 -43.2816 5.2865 29.8720 -17.6809 -34.7044 -42.1884 -40.1344 11.0767 32.3750 -22.7623 -36.6290 -43.0646 -30.6779 16.2863 23.5481 -27.1560 -38.4412 -43.5172 -12.8933 21.9334 -1.1403 -31.5115 -40.1224 -43.6016 1.1037 27.2079 -14.2964 -33.7382 -41.6520 -42.0298 8.9358 32.1635 -21.2950 -36.1322 -42.9130 -32.5389 15.9300 23.3259 -27.6367 -38.6691 -43.5220 -5.9178 24.5352 -9.5929 -32.6367 -38.4387 -32.6570 -9.3123 24.2487 -7.2038 -43.4954 -38.8277 -27.8686 22.5400 15.9571 -32.5350 -42.9133 -36.1322 -21.2950 32.1635 8.9358 -42.0298 -41.6520 -33.7382 -14.2964 27.2079 1.1037 -43.6016 -40.1224 -31.5115 -1.1403 21.9334 -12.8933 -43.5172 -38.4412 -27.1560 23.5481 16.2863 -30.6779 -43.0646 -36.6290 -22.7623 32.3750 11.0767 -40.1344 -42.1884 -34.7044 -17.6809 29.8720 5.2865 -43.2816 -40.9467 -32.6989 -9.7815 24.8124 -5.8846
25.2085 -11.5915 -33.0546 -41.1873 -43.0159 6.4216 30.6521 -18.6761 -35.0488 -42.3726 -39.0543 11.9894 32.0122 -23.5547 -36.9567 -43.1770 -28.0597 17.2429 19.8709 -27.9195 -38.7429 -43.5544 -9.8412 22.7739 -4.3008 -31.8844 -40.3763 -43.5747 2.4638 28.0051 -15.3667 -34.0170 -41.8134 -41.5814 9.5731 32.3374 -21.7515 -36.2917 -42.9664 -31.7875 16.1638 22.7266 -27.6629 -38.8958 -43.6445 -7.4552 24.3805 -9.0689 -32.6843 -41.5266 -45.5103 -41.2257 -32.7184 -9.5616 23.9743 -7.5843 -43.4345 -38.7899 -27.9151 22.6601 16.1676 -31.7858 -42.9666 -36.2917 -21.7515 32.3374 9.5731 -41.5814 -41.8134 -34.0170 -15.3667 28.0051 2.4638 -43.5747 -40.3763 -31.8844 -4.3008 22.7739 -9.8412 -43.5544 -38.7429 -27.9195 19.8709 17.2429 -28.0597 -43.1770 -36.9567 -23.5547 32.0122 11.9894 -39.0543 -42.3726 -35.0488 -18.6761 30.6521 6.4216 -43.0159 -41.1873 -33.0546 -11.5915 25.2085
-12.5002 -33.4094 -41.4173 -42.6512 7.4835 31.3330 -19.6099 -35.3880 -42.5424 -37.7700 12.8878 31.2531 -24.3269 -37.2783 -43.2740 -25.1658 18.2265 15.5875 -28.6843 -39.0409 -43.5817 -7.0554 23.6241 -6.9408 -32.2357 -40.6281 -43.4927 3.7525 28.8368 -16.4229 -34.3169 -41.9848 -40.9952 10.2783 32.4285 -22.2848 -36.4896 -43.0337 -30.6463 16.5469 21.5384 -27.8436 -38.8449 -43.6658 -5.4666 24.3127 -8.6233 -32.6899 -40.9663 -43.2473 -11.6026 -43.5347 -41.1252 -32.7919 -9.7192 24.4832 -5.9752 -43.6642 -38.7472 -27.8374 21.5355 16.5475 -30.6463 -43.0337 -36.4896 -22.2848 32.4285 10.2783 -40.9952 -41.9848 -34.3169 -16.4229 28.8368 3.7525 -43.4927 -40.6281 -32.2357 -6.9408 23.6241 -7.0554 -43.5817 -39.0409 -28.6843 15.5875 18.2265 -25.1658 -43.2740 -37.2783 -24.3269 31.2531 12.8878 -37.7700 -42.5424 -35.3880 -19.6099 31.3330 7.4835 -42.6512 -41.4173 -33.4094 -12.5002
