-38.6741 -23.5415 20.0690 0.6386 -28.5863 -37.7909 -41.7771 4.5561 30.2657 -18.7716 -32.8850 -40.4703 -32.5047 16.2023 16.8996 -26.4254 -36.6638 -41.6744 -1.9952 26.5024 -13.7814 -30.7377 -39.0938 -41.3108 3.9440 25.1614 14.8024 -12.8673 -14.1463 -14.1835 -14.1840 -14.1840 -14.1840 -14.1840 -14.1840 -14.1840 -14.1840 -14.1840 -14.1840 -14.1840 -14.1840 -14.1840 -14.1840 -14.1840 -14.1840 -14.1840 -14.1840 -14.1840 -14.1840 -14.1840 -14.1840 -14.1840 -14.1840 -14.1840 -14.1840 -14.1840 -14.1840 -14.1840 -14.1840 -14.1840 -14.1840 -14.1840 -14.1840 -14.1840 -14.1840 -14.1840 -14.1840 -14.1840 -14.1840 -14.1840 -14.1840 -14.1835 -14.1463 -12.8673 14.8024 25.1614 3.9440 -41.3108 -39.0938 -30.7377 -13.7814 26.5024 -1.9952 -41.6744 -36.6638 -26.4254 16.8996 16.2023 -32.5047 -40.4703 -32.8850 -18.7716 30.2657 4.5561 -41.7771 -37.7909 -28.5863 0.6386 20.0690 -23.5415 -38.6741
-23.5415 20.2308 3.6494 -31.3331 -40.2706 -43.5425 4.5211 30.1582 -19.0144 -35.5093 -42.7556 -33.7806 15.9522 21.4331 -28.3572 -39.2006 -43.6135 -1.7708 26.3915 -13.8348 -33.7200 -41.7553 -42.2111 7.4303 29.9325 -12.8655 -28.8367 -32.5464 -32.9367 -32.9516 -32.9519 -32.9519 -32.9519 -32.9519 -32.9519 -32.9519 -32.9519 -32.9519 -32.9519 -32.9519 -32.9519 -32.9519 -32.9519 -32.9519 -32.9519 -32.9519 -32.9519 -32.9519 -32.9519 -32.9519 -32.9519 -32.9519 -32.9519 -32.9519 -32.9519 -32.9519 -32.9519 -32.9519 -32.9519 -32.9519 -32.9519 -32.9519 -32.9519 -32.9519 -32.9519 -32.9519 -32.9519 -32.9519 -32.9519 -32.9519 -32.9519 -32.9516 -32.9367 -32.5464 -28.8367 -12.8655 29.9325 7.4303 -42.2111 -41.7553 -33.7200 -13.8348 26.3915 -1.7708 -43.6135 -39.2006 -28.3572 21.4331 15.9522 -33.7806 -42.7556 -35.5093 -19.0144 30.1582 4.5211 -43.5425 -40.2706 -31.3331 3.6494 20.2308 -23.5415
20.0690 3.6494 -31.1202 -40.0961 -43.5854 3.4201 29.4086 -18.0948 -35.1804 -42.5981 -35.6243 15.0190 24.7465 -27.6139 -38.9156 -43.5948 -3.5709 25.6549 -12.8515 -33.5538 -41.6780 -42.0858 8.3554 31.4145 -17.9071 -33.0395 -39.3258 -42.1870 -42.4923 -42.4912 -42.4909 -42.4909 -42.4909 -42.4909 -42.4909 -42.4909 -42.4909 -42.4909 -42.4909 -42.4909 -42.4909 -42.4909 -42.4909 -42.4909 -42.4909 -42.4909 -42.4909 -42.4909 -42.4909 -42.4909 -42.4909 -42.4909 -42.4909 -42.4909 -42.4909 -42.4909 -42.4909 -42.4909 -42.4909 -42.4909 -42.4909 -42.4909 -42.4909 -42.4909 -42.4909 -42.4909 -42.4909 -42.4909 -42.4909 -42.4909 -42.4909 -42.4912 -42.4923 -42.1870 -39.3258 -33.0395 -17.9071 31.4145 8.3554 -42.0858 -41.6780 -33.5538 -12.8515 25.6549 -3.5709 -43.5948 -38.9156 -27.6139 24.7465 15.0190 -35.6243 -42.5981 -35.1804 -18.0948 29.4086 3.4201 -43.5854 -40.0961 -31.1202 3.6494 20.0690
0.6386 -31.3331 -40.0961 -43.5959 2.7188 28.8189 -17.2900 -34.8868 -42.4431 -37.1477 14.1547 27.3444 -26.8823 -38.6280 -43.5748 -5.6983 24.8849 -11.5892 -33.3236 -41.5530 -42.2038 8.5925 31.8939 -19.7935 -34.6228 -41.7739 -44.8919 -41.8539 -39.5973 -39.4489 -39.4457 -39.4457 -39.4457 -39.4457 -39.4457 -39.4457 -39.4457 -39.4457 -39.4457 -39.4457 -39.4457 -39.4457 -39.4457 -39.4457 -39.4457 -39.4457 -39.4457 -39.4457 -39.4457 -39.4457 -39.4457 -39.4457 -39.4457 -39.4457 -39.4457 -39.4457 -39.4457 -39.4457 -39.4457 -39.4457 -39.4457 -39.4457 -39.4457 -39.4457 -39.4457 -39.4457 -39.4457 -39.4457 -39.4457 -39.4457 -39.4457 -39.4489 -39.5973 -41.8539 -44.8919 -41.7739 -34.6228 -19.7935 31.8939 8.5925 -42.2038 -41.5530 -33.3236 -11.5892 24.8849 -5.6983 -43.5748 -38.6280 -26.8823 27.3444 14.1547 -37.1477 -42.4431 -34.8868 -17.2900 28.8189 2.7188 -43.5959 -40.0961 -31.3331 0.6386
-28.5863 -40.2706 -43.5854 2.7188 28.5908 -16.8009 -34.6744 -42.3090 -38.2908 13.3725 29.2239 -26.1770 -38.3411 -43.5446 -8.1458 24.0891 -10.0490 -33.0498 -41.3899 -42.4474 8.4022 31.9819 -20.5406 -35.3619 -42.5381 -42.6651 -2.8175 11.5065 14.0118 14.1039 14.1049 14.1048 14.1048 14.1048 14.1048 14.1048 14.1048 14.1048 14.1048 14.1048 14.1048 14.1048 14.1048 14.1048 14.1048 14.1048 14.1048 14.1048 14.1048 14.1048 14.1048 14.1048 14.1048 14.1048 14.1048 14.1048 14.1048 14.1048 14.1048 14.1048 14.1048 14.1048 14.1048 14.1048 14.1048 14.1048 14.1048 14.1048 14.1048 14.1048 14.1049 14.1039 14.0118 11.5065 -2.8175 -42.6651 -42.5381 -35.3619 -20.5406 31.9819 8.4022 -42.4474 -41.3899 -33.0498 -10.0490 24.0891 -8.1458 -43.5446 -38.3411 -26.1770 29.2239 13.3725 -38.2908 -42.3090 -34.6744 -16.8009 28.5908 2.7188 -43.5854 -40.2706 -28.5863
-37.7909 -43.5425 3.4201 28.8189 -16.8009 -34.5963 -42.2292 -39.0061 12.7559 30.4351 -25.5424 -38.0683 -43.5020 -10.8205 23.2969 -8.2217 -32.7504 -41.2018 -42.7323 7.9339 31.8768 -20.6978 -35.6815 -42.7835 -39.9424 7.6181 24.9821 30.3061 21.9568 21.3941 21.3683 21.3685 21.3685 21.3685 21.3685 21.3685 21.3685 21.3685 21.3685 21.3685 21.3685 21.3685 21.3685 21.3685 21.3685 21.3685 21.3685 21.3685 21.3685 21.3685 21.3685 21.3685 21.3685 21.3685 21.3685 21.3685 21.3685 21.3685 21.3685 21.3685 21.3685 21.3685 21.3685 21.3685 21.3685 21.3685 21.3685 21.3685 21.3685 21.3685 21.3683 21.3941 21.9568 30.3061 24.9821 7.6181 -39.9424 -42.7835 -35.6815 -20.6978 31.8768 7.9339 -42.7323 -41.2018 -32.7504 -8.2217 23.2969 -10.8205 -43.5020 -38.0683 -25.5424 30.4351 12.7559 -39.0061 -42.2292 -34.5963 -16.8009 28.8189 3.4201 -43.5425 -37.7909
-41.7771 4.5211 29.4086 -17.2900 -34.6744 -42.2292 -39.2508 12.4100 31.0776 -25.0484 -37.8382 -43.4540 -13.4941 22.5492 -6.1103 -32.4415 -40.9971 -43.0051 7.2742 31.6230 -20.4976 -35.7627 -42.8459 -37.6262 11.1716 31.7762 -13.0855 -25.4696 -27.3395 -27.4347 -27.4384 -27.4384 -27.4384 -27.4384 -27.4384 -27.4384 -27.4384 -27.4384 -27.4384 -27.4384 -27.4384 -27.4384 -27.4384 -27.4384 -27.4384 -27.4384 -27.4384 -27.4384 -27.4384 -27.4384 -27.4384 -27.4384 -27.4384 -27.4384 -27.4384 -27.4384 -27.4384 -27.4384 -27.4384 -27.4384 -27.4384 -27.4384 -27.4384 -27.4384 -27.4384 -27.4384 -27.4384 -27.4384 -27.4384 -27.4384 -27.4384 -27.4347 -27.3395 -25.4696 -13.0855 31.7762 11.1716 -37.6262 -42.8459 -35.7627 -20.4976 31.6230 7.2742 -43.0051 -40.9971 -32.4415 -6.1103 22.5492 -13.4941 -43.4540 -37.8382 -25.0484 31.0776 12.4100 -39.2508 -42.2292 -34.6744 -17.2900 29.4086 4.5211 -41.7771
4.5561 30.1582 -18.0948 -34.8868 -42.3090 -39.0061 12.4100 31.2729 -24.7745 -37.6799 -43.4131 -15.8259 21.8967 -3.8337 -32.1434 -40.7864 -43.2295 6.4872 31.2364 -20.0735 -35.7026 -42.8275 -36.3228 12.8887 32.3582 -20.6230 -33.0235 -37.6594 -38.8309 -38.8824 -38.8832 -38.8833 -38.8833 -38.8833 -38.8833 -38.8833 -38.8833 -38.8833 -38.8833 -38.8833 -38.8833 -38.8833 -38.8833 -38.8833 -38.8833 -38.8833 -38.8833 -38.8833 -38.8833 -38.8833 -38.8833 -38.8833 -38.8833 -38.8833 -38.8833 -38.8833 -38.8833 -38.8833 -38.8833 -38.8833 -38.8833 -38.8833 -38.8833 -38.8833 -38.8833 -38.8833 -38.8833 -38.8833 -38.8833 -38.8833 -38.8832 -38.8824 -38.8309 -37.6594 -33.0235 -20.6230 32.3582 12.8887 -36.3228 -42.8275 -35.7026 -20.0735 31.2364 6.4872 -43.2295 -40.7864 -32.1434 -3.8337 21.8967 -15.8259 -43.4131 -37.6799 -24.7745 31.2729 12.4100 -39.0061 -42.3090 -34.8868 -18.0948 30.1582 4.5561
30.2657 -19.0144 -35.1804 -42.4431 -38.2908 12.7559 31.0776 -24.7745 -37.6223 -43.3884 -17.4105 21.4053 -1.6729 -31.8811 -40.5887 -43.3901 5.6355 30.7456 -19.5103 -35.5557 -42.7643 -35.9541 13.6790 31.0557 -23.4265 -35.6106 -42.0344 -44.9161 -45.1445 -45.0638 -45.0570 -45.0570 -45.0570 -45.0570 -45.0570 -45.0570 -45.0570 -45.0570 -45.0570 -45.0570 -45.0570 -45.0570 -45.0570 -45.0570 -45.0570 -45.0570 -45.0570 -45.0570 -45.0570 -45.0570 -45.0570 -45.0570 -45.0570 -45.0570 -45.0570 -45.0570 -45.0570 -45.0570 -45.0570 -45.0570 -45.0570 -45.0570 -45.0570 -45.0570 -45.0570 -45.0570 -45.0570 -45.0570 -45.0570 -45.0570 -45.0570 -45.0638 -45.1445 -44.9161 -42.0344 -35.6106 -23.4265 31.0557 13.6790 -35.9541 -42.7643 -35.5557 -19.5103 30.7456 5.6355 -43.3901 -40.5887 -31.8811 -1.6729 21.4053 -17.4105 -43.3884 -37.6223 -24.7745 31.0776 12.7559 -38.2908 -42.4431 -35.1804 -19.0144 30.2657
-18.7716 -35.5093 -42.5981 -37.1477 13.3725 30.4351 -25.0484 -37.6799 -43.3884 -17.9671 21.1408 -0.0884 -31.6837 -40.4236 -43.4911 4.7910 30.2057 -18.8810 -35.3618 -42.6725 -36.2240 13.9133 29.9576 -24.7310 -36.8214 -43.2404 -42.4096 -10.9396 0.9571 1.5048 1.5108 1.5111 1.5111 1.5111 1.5111 1.5111 1.5111 1.5111 1.5111 1.5111 1.5111 1.5111 1.5111 1.5111 1.5111 1.5111 1.5111 1.5111 1.5111 1.5111 1.5111 1.5111 1.5111 1.5111 1.5111 1.5111 1.5111 1.5111 1.5111 1.5111 1.5111 1.5111 1.5111 1.5111 1.5111 1.5111 1.5111 1.5111 1.5111 1.5111 1.5108 1.5048 0.9571 -10.9396 -42.4096 -43.2404 -36.8214 -24.7310 29.9576 13.9133 -36.2240 -42.6725 -35.3618 -18.8810 30.2057 4.7910 -43.4911 -40.4236 -31.6837 -0.0884 21.1408 -17.9671 -43.3884 -37.6799 -25.0484 30.4351 13.3725 -37.1477 -42.5981 -35.5093 -18.7716
-32.8850 -42.7556 -35.6243 14.1547 29.2239 -25.5424 -37.8382 -43.4131 -17.4105 21.1408 0.4964 -31.5774 -40.3131 -43.5446 4.0560 29.6892 -18.2509 -35.1531 -42.5685 -36.8464 13.8084 29.5809 -25.2953 -37.4051 -43.5068 -35.5196 8.8265 22.6301 28.4420 28.8903 28.8953 28.8952 28.8952 28.8952 28.8952 28.8952 28.8952 28.8952 28.8952 28.8952 28.8952 28.8952 28.8952 28.8952 28.8952 28.8952 28.8952 28.8952 28.8952 28.8952 28.8952 28.8952 28.8952 28.8952 28.8952 28.8952 28.8952 28.8952 28.8952 28.8952 28.8952 28.8952 28.8952 28.8952 28.8952 28.8952 28.8952 28.8952 28.8952 28.8952 28.8953 28.8903 28.4420 22.6301 8.8265 -35.5196 -43.5068 -37.4051 -25.2953 29.5809 13.8084 -36.8464 -42.5685 -35.1531 -18.2509 29.6892 4.0560 -43.5446 -40.3131 -31.5774 0.4964 21.1408 -17.4105 -43.4131 -37.8382 -25.5424 29.2239 14.1547 -35.6243 -42.7556 -32.8850
-40.4703 -33.7806 15.0190 27.3444 -26.1770 -38.0683 -43.4540 -15.8259 21.4053 -0.0884 -31.5774 -40.2740 -43.5653 3.5504 29.2819 -17.7022 -34.9593 -42.4625 -37.5749 13.5112 29.7740 -25.4391 -37.6647 -43.5428 -28.3900 14.1070 32.4579 -9.6330 -19.0302 -19.4531 -19.4665 -19.4665 -19.4665 -19.4665 -19.4665 -19.4665 -19.4665 -19.4665 -19.4665 -19.4665 -19.4665 -19.4665 -19.4665 -19.4665 -19.4665 -19.4665 -19.4665 -19.4665 -19.4665 -19.4665 -19.4665 -19.4665 -19.4665 -19.4665 -19.4665 -19.4665 -19.4665 -19.4665 -19.4665 -19.4665 -19.4665 -19.4665 -19.4665 -19.4665 -19.4665 -19.4665 -19.4665 -19.4665 -19.4665 -19.4665 -19.4665 -19.4531 -19.0302 -9.6330 32.4579 14.1070 -28.3900 -43.5428 -37.6647 -25.4391 29.7740 13.5112 -37.5749 -42.4625 -34.9593 -17.7022 29.2819 3.5504 -43.5653 -40.2740 -31.5774 -0.0884 21.4053 -15.8259 -43.4540 -38.0683 -26.1770 27.3444 15.0190 -33.7806 -40.4703
-32.5047 15.9522 24.7465 -26.8823 -38.3411 -43.5020 -13.4941 21.8967 -1.6729 -31.6837 -40.3131 -43.5653 3.3715 29.0557 -17.3286 -34.8108 -42.3714 -38.2306 13.1433 30.2325 -25.3479 -37.7450 -43.5238 -23.4298 16.9914 28.2611 -22.2606 -32.0864 -34.4339 -34.6551 -34.6604 -34.6605 -34.6605 -34.6605 -34.6605 -34.6605 -34.6605 -34.6605 -34.6605 -34.6605 -34.6605 -34.6605 -34.6605 -34.6605 -34.6605 -34.6605 -34.6605 -34.6605 -34.6605 -34.6605 -34.6605 -34.6605 -34.6605 -34.6605 -34.6605 -34.6605 -34.6605 -34.6605 -34.6605 -34.6605 -34.6605 -34.6605 -34.6605 -34.6605 -34.6605 -34.6605 -34.6605 -34.6605 -34.6605 -34.6605 -34.6604 -34.6551 -34.4339 -32.0864 -22.2606 28.2611 16.9914 -23.4298 -43.5238 -37.7450 -25.3479 30.2325 13.1433 -38.2306 -42.3714 -34.8108 -17.3286 29.0557 3.3715 -43.5653 -40.3131 -31.6837 -1.6729 21.8967 -13.4941 -43.5020 -38.3411 -26.8823 24.7465 15.9522 -32.5047
16.2023 21.4331 -27.6139 -38.6280 -43.5446 -10.8205 22.5492 -3.8337 -31.8811 -40.4236 -43.5446 3.5504 29.0557 -17.1959 -34.7308 -42.3117 -38.7088 12.8055 30.6965 -25.1463 -37.7271 -43.4917 -20.7775 18.6867 18.6672 -26.4352 -36.2385 -41.6206 -43.4874 -43.5847 -43.5797 -43.5795 -43.5795 -43.5795 -43.5795 -43.5795 -43.5795 -43.5795 -43.5795 -43.5795 -43.5795 -43.5795 -43.5795 -43.5795 -43.5795 -43.5795 -43.5795 -43.5795 -43.5795 -43.5795 -43.5795 -43.5795 -43.5795 -43.5795 -43.5795 -43.5795 -43.5795 -43.5795 -43.5795 -43.5795 -43.5795 -43.5795 -43.5795 -43.5795 -43.5795 -43.5795 -43.5795 -43.5795 -43.5795 -43.5795 -43.5797 -43.5847 -43.4874 -41.6206 -36.2385 -26.4352 18.6672 18.6867 -20.7775 -43.4917 -37.7271 -25.1463 30.6965 12.8055 -38.7088 -42.3117 -34.7308 -17.1959 29.0557 3.5504 -43.5446 -40.4236 -31.8811 -3.8337 22.5492 -10.8205 -43.5446 -38.6280 -27.6139 21.4331 16.2023
16.8996 -28.3572 -38.9156 -43.5748 -8.1458 23.2969 -6.1103 -32.1434 -40.5887 -43.4911 4.0560 29.2819 -17.3286 -34.7308 -42.2901 -38.9539 12.5670 31.0351 -24.9309 -37.6686 -43.4582 -19.6888 19.6248 11.3045 -28.5728 -38.0969 -43.7814 -43.5562 -33.6395 -30.9626 -30.8679 -30.8672 -30.8672 -30.8672 -30.8672 -30.8672 -30.8672 -30.8672 -30.8672 -30.8672 -30.8672 -30.8672 -30.8672 -30.8672 -30.8672 -30.8672 -30.8672 -30.8672 -30.8672 -30.8672 -30.8672 -30.8672 -30.8672 -30.8672 -30.8672 -30.8672 -30.8672 -30.8672 -30.8672 -30.8672 -30.8672 -30.8672 -30.8672 -30.8672 -30.8672 -30.8672 -30.8672 -30.8672 -30.8672 -30.8672 -30.8679 -30.9626 -33.6395 -43.5562 -43.7814 -38.0969 -28.5728 11.3045 19.6248 -19.6888 -43.4582 -37.6686 -24.9309 31.0351 12.5670 -38.9539 -42.2901 -34.7308 -17.3286 29.2819 4.0560 -43.4911 -40.5887 -32.1434 -6.1103 23.2969 -8.1458 -43.5748 -38.9156 -28.3572 16.8996
-26.4254 -39.2006 -43.5948 -5.6983 24.0891 -8.2217 -32.4415 -40.7864 -43.3901 4.7910 29.6892 -17.7022 -34.8108 -42.3117 -38.9539 12.4801 31.2108 -24.7689 -37.6089 -43.4280 -19.4389 20.0770 7.3739 -29.7293 -38.9985 -43.9715 -30.4426 8.1609 16.7403 18.2744 18.3037 18.3035 18.3035 18.3035 18.3035 18.3035 18.3035 18.3035 18.3035 18.3035 18.3035 18.3035 18.3035 18.3035 18.3035 18.3035 18.3035 18.3035 18.3035 18.3035 18.3035 18.3035 18.3035 18.3035 18.3035 18.3035 18.3035 18.3035 18.3035 18.3035 18.3035 18.3035 18.3035 18.3035 18.3035 18.3035 18.3035 18.3035 18.3035 18.3035 18.3037 18.2744 16.7403 8.1609 -30.4426 -43.9715 -38.9985 -29.7293 7.3739 20.0770 -19.4389 -43.4280 -37.6089 -24.7689 31.2108 12.4801 -38.9539 -42.3117 -34.8108 -17.7022 29.6892 4.7910 -43.3901 -40.7864 -32.4415 -8.2217 24.0891 -5.6983 -43.5948 -39.2006 -26.4254
-36.6638 -43.6135 -3.5709 24.8849 -10.0490 -32.7504 -40.9971 -43.2295 5.6355 30.2057 -18.2509 -34.9593 -42.3714 -38.7088 12.5670 31.2108 -24.7058 -37.5725 -43.4071 -19.5544 20.2529 5.5954 -30.3323 -39.4562 -43.8330 -15.2047 16.3014 32.0012 11.3800 1.9452 1.7068 1.7030 1.7030 1.7030 1.7030 1.7030 1.7030 1.7030 1.7030 1.7030 1.7030 1.7030 1.7030 1.7030 1.7030 1.7030 1.7030 1.7030 1.7030 1.7030 1.7030 1.7030 1.7030 1.7030 1.7030 1.7030 1.7030 1.7030 1.7030 1.7030 1.7030 1.7030 1.7030 1.7030 1.7030 1.7030 1.7030 1.7030 1.7030 1.7030 1.7068 1.9452 11.3800 32.0012 16.3014 -15.2047 -43.8330 -39.4562 -30.3323 5.5954 20.2529 -19.5544 -43.4071 -37.5725 -24.7058 31.2108 12.5670 -38.7088 -42.3714 -34.9593 -18.2509 30.2057 5.6355 -43.2295 -40.9971 -32.7504 -10.0490 24.8849 -3.5709 -43.6135 -36.6638
-41.6744 -1.7708 25.6549 -11.5892 -33.0498 -41.2018 -43.0051 6.4872 30.7456 -18.8810 -35.1531 -42.4625 -38.2306 12.8055 31.0351 -24.7689 -37.5725 -43.3998 -19.7051 20.2988 4.8933 -30.6243 -39.6882 -43.7184 -6.9245 21.0366 19.5869 -22.3661 -28.9909 -30.0125 -30.0383 -30.0387 -30.0387 -30.0387 -30.0387 -30.0387 -30.0387 -30.0387 -30.0387 -30.0387 -30.0387 -30.0387 -30.0387 -30.0387 -30.0387 -30.0387 -30.0387 -30.0387 -30.0387 -30.0387 -30.0387 -30.0387 -30.0387 -30.0387 -30.0387 -30.0387 -30.0387 -30.0387 -30.0387 -30.0387 -30.0387 -30.0387 -30.0387 -30.0387 -30.0387 -30.0387 -30.0387 -30.0387 -30.0387 -30.0387 -30.0383 -30.0125 -28.9909 -22.3661 19.5869 21.0366 -6.9245 -43.7184 -39.6882 -30.6243 4.8933 20.2988 -19.7051 -43.3998 -37.5725 -24.7689 31.0351 12.8055 -38.2306 -42.4625 -35.1531 -18.8810 30.7456 6.4872 -43.0051 -41.2018 -33.0498 -11.5892 25.6549 -1.7708 -41.6744
-1.9952 26.3915 -12.8515 -33.3236 -41.3899 -42.7323 7.2742 31.2364 -19.5103 -35.3618 -42.5685 -37.5749 13.1433 30.6965 -24.9309 -37.6089 -43.4071 -19.7051 20.3019 4.6766 -30.7476 -39.7998 -43.6581 -3.2617 23.8192 -0.8872 -28.6844 -36.1232 -39.6563 -40.2242 -40.2390 -40.2392 -40.2392 -40.2392 -40.2392 -40.2392 -40.2392 -40.2392 -40.2392 -40.2392 -40.2392 -40.2392 -40.2392 -40.2392 -40.2392 -40.2392 -40.2392 -40.2392 -40.2392 -40.2392 -40.2392 -40.2392 -40.2392 -40.2392 -40.2392 -40.2392 -40.2392 -40.2392 -40.2392 -40.2392 -40.2392 -40.2392 -40.2392 -40.2392 -40.2392 -40.2392 -40.2392 -40.2392 -40.2392 -40.2392 -40.2390 -40.2242 -39.6563 -36.1232 -28.6844 -0.8872 23.8192 -3.2617 -43.6581 -39.7998 -30.7476 4.6766 20.3019 -19.7051 -43.4071 -37.6089 -24.9309 30.6965 13.1433 -37.5749 -42.5685 -35.3618 -19.5103 31.2364 7.2742 -42.7323 -41.3899 -33.3236 -12.8515 26.3915 -1.9952
26.5024 -13.8348 -33.5538 -41.5530 -42.4474 7.9339 31.6230 -20.0735 -35.5557 -42.6725 -36.8464 13.5112 30.2325 -25.1463 -37.6686 -43.4280 -19.5544 20.2988 4.6766 -30.7774 -39.8426 -43.6314 -1.5876 25.1406 -8.1272 -31.3284 -39.0378 -44.0623 -45.1833 -44.8561 -44.7730 -44.7700 -44.7700 -44.7700 -44.7700 -44.7700 -44.7700 -44.7700 -44.7700 -44.7700 -44.7700 -44.7700 -44.7700 -44.7700 -44.7700 -44.7700 -44.7700 -44.7700 -44.7700 -44.7700 -44.7700 -44.7700 -44.7700 -44.7700 -44.7700 -44.7700 -44.7700 -44.7700 -44.7700 -44.7700 -44.7700 -44.7700 -44.7700 -44.7700 -44.7700 -44.7700 -44.7700 -44.7700 -44.7700 -44.7700 -44.7730 -44.8561 -45.1833 -44.0623 -39.0378 -31.3284 -8.1272 25.1406 -1.5876 -43.6314 -39.8426 -30.7774 4.6766 20.2988 -19.5544 -43.4280 -37.6686 -25.1463 30.2325 13.5112 -36.8464 -42.6725 -35.5557 -20.0735 31.6230 7.9339 -42.4474 -41.5530 -33.5538 -13.8348 26.5024
-13.7814 -33.7200 -41.6780 -42.2038 8.4022 31.8768 -20.4976 -35.7026 -42.7643 -36.2240 13.8084 29.7740 -25.3479 -37.7271 -43.4582 -19.4389 20.2529 4.8933 -30.7476 -39.8426 -43.6241 -0.9205 25.8118 -10.8410 -32.2823 -40.3044 -44.2922 -30.0302 2.0282 5.7066 5.8407 5.8415 5.8415 5.8415 5.8415 5.8415 5.8415 5.8415 5.8415 5.8415 5.8415 5.8415 5.8415 5.8415 5.8415 5.8415 5.8415 5.8415 5.8415 5.8415 5.8415 5.8415 5.8415 5.8415 5.8415 5.8415 5.8415 5.8415 5.8415 5.8415 5.8415 5.8415 5.8415 5.8415 5.8415 5.8415 5.8415 5.8415 5.8415 5.8415 5.8407 5.7066 2.0282 -30.0302 -44.2922 -40.3044 -32.2823 -10.8410 25.8118 -0.9205 -43.6241 -39.8426 -30.7476 4.8933 20.2529 -19.4389 -43.4582 -37.7271 -25.3479 29.7740 13.8084 -36.2240 -42.7643 -35.7026 -20.4976 31.8768 8.4022 -42.2038 -41.6780 -33.7200 -13.7814
-30.7377 -41.7553 -42.0858 8.5925 31.9819 -20.6978 -35.7627 -42.8275 -35.9541 13.9133 29.5809 -25.4391 -37.7450 -43.4917 -19.6888 20.0770 5.5954 -30.6243 -39.7998 -43.6314 -0.9205 26.0135 -11.8613 -32.7497 -40.8793 -43.7767 -7.4032 16.1671 27.9677 30.7390 30.8219 30.8226 30.8226 30.8226 30.8226 30.8226 30.8226 30.8226 30.8226 30.8226 30.8226 30.8226 30.8226 30.8226 30.8226 30.8226 30.8226 30.8226 30.8226 30.8226 30.8226 30.8226 30.8226 30.8226 30.8226 30.8226 30.8226 30.8226 30.8226 30.8226 30.8226 30.8226 30.8226 30.8226 30.8226 30.8226 30.8226 30.8226 30.8226 30.8226 30.8219 30.7390 27.9677 16.1671 -7.4032 -43.7767 -40.8793 -32.7497 -11.8613 26.0135 -0.9205 -43.6314 -39.7998 -30.6243 5.5954 20.0770 -19.6888 -43.4917 -37.7450 -25.4391 29.5809 13.9133 -35.9541 -42.8275 -35.7627 -20.6978 31.9819 8.5925 -42.0858 -41.7553 -30.7377
-39.0938 -42.2111 8.3554 31.8939 -20.5406 -35.6815 -42.8459 -36.3228 13.6790 29.9576 -25.2953 -37.6647 -43.5238 -20.7775 19.6248 7.3739 -30.3323 -39.6882 -43.6581 -1.5876 25.8118 -11.8613 -32.8906 -41.1089 -43.4623 0.3472 22.7321 21.2238 -17.4731 -20.6998 -20.8216 -20.8232 -20.8232 -20.8232 -20.8232 -20.8232 -20.8232 -20.8232 -20.8232 -20.8232 -20.8232 -20.8232 -20.8232 -20.8232 -20.8232 -20.8232 -20.8232 -20.8232 -20.8232 -20.8232 -20.8232 -20.8232 -20.8232 -20.8232 -20.8232 -20.8232 -20.8232 -20.8232 -20.8232 -20.8232 -20.8232 -20.8232 -20.8232 -20.8232 -20.8232 -20.8232 -20.8232 -20.8232 -20.8232 -20.8232 -20.8216 -20.6998 -17.4731 21.2238 22.7321 0.3472 -43.4623 -41.1089 -32.8906 -11.8613 25.8118 -1.5876 -43.6581 -39.6882 -30.3323 7.3739 19.6248 -20.7775 -43.5238 -37.6647 -25.2953 29.9576 13.6790 -36.3228 -42.8459 -35.6815 -20.5406 31.8939 8.3554 -42.2111 -39.0938
-41.3108 7.4303 31.4145 -19.7935 -35.3619 -42.7835 -37.6262 12.8887 31.0557 -24.7310 -37.4051 -43.5428 -23.4298 18.6867 11.3045 -29.7293 -39.4562 -43.7184 -3.2617 25.1406 -10.8410 -32.7497 -41.1089 -43.3706 2.7003 26.1854 -4.9758 -27.7502 -33.3539 -34.5670 -34.6316 -34.6325 -34.6325 -34.6325 -34.6325 -34.6325 -34.6325 -34.6325 -34.6325 -34.6325 -34.6325 -34.6325 -34.6325 -34.6325 -34.6325 -34.6325 -34.6325 -34.6325 -34.6325 -34.6325 -34.6325 -34.6325 -34.6325 -34.6325 -34.6325 -34.6325 -34.6325 -34.6325 -34.6325 -34.6325 -34.6325 -34.6325 -34.6325 -34.6325 -34.6325 -34.6325 -34.6325 -34.6325 -34.6325 -34.6325 -34.6316 -34.5670 -33.3539 -27.7502 -4.9758 26.1854 2.7003 -43.3706 -41.1089 -32.7497 -10.8410 25.1406 -3.2617 -43.7184 -39.4562 -29.7293 11.3045 18.6867 -23.4298 -43.5428 -37.4051 -24.7310 31.0557 12.8887 -37.6262 -42.7835 -35.3619 -19.7935 31.4145 7.4303 -41.3108
3.9440 29.9325 -17.9071 -34.6228 -42.5381 -39.9424 11.1716 32.3582 -23.4265 -36.8214 -43.5068 -28.3900 16.9914 18.6672 -28.5728 -38.9985 -43.8330 -6.9245 23.8192 -8.1272 -32.2823 -40.8793 -43.4623 2.7003 27.0713 -10.7192 -31.0163 -38.0503 -42.3529 -43.3450 -43.3635 -43.3626 -43.3626 -43.3626 -43.3626 -43.3626 -43.3626 -43.3626 -43.3626 -43.3626 -43.3626 -43.3626 -43.3626 -43.3626 -43.3626 -43.3626 -43.3626 -43.3626 -43.3626 -43.3626 -43.3626 -43.3626 -43.3626 -43.3626 -43.3626 -43.3626 -43.3626 -43.3626 -43.3626 -43.3626 -43.3626 -43.3626 -43.3626 -43.3626 -43.3626 -43.3626 -43.3626 -43.3626 -43.3626 -43.3626 -43.3635 -43.3450 -42.3529 -38.0503 -31.0163 -10.7192 27.0713 2.7003 -43.4623 -40.8793 -32.2823 -8.1272 23.8192 -6.9245 -43.8330 -38.9985 -28.5728 18.6672 16.9914 -28.3900 -43.5068 -36.8214 -23.4265 32.3582 11.1716 -39.9424 -42.5381 -34.6228 -17.9071 29.9325 3.9440
25.1614 -12.8655 -33.0395 -41.7739 -42.6651 7.6181 31.7762 -20.6230 -35.6106 -43.2404 -35.5196 14.1070 28.2611 -26.4352 -38.0969 -43.9715 -15.2047 21.0366 -0.8872 -31.3284 -40.3044 -43.7767 0.3472 26.1854 -10.7192 -31.6624 -39.6219 -44.7939 -44.3238 -41.8905 -41.5678 -41.5569 -41.5569 -41.5569 -41.5569 -41.5569 -41.5569 -41.5569 -41.5569 -41.5569 -41.5569 -41.5569 -41.5569 -41.5569 -41.5569 -41.5569 -41.5569 -41.5569 -41.5569 -41.5569 -41.5569 -41.5569 -41.5569 -41.5569 -41.5569 -41.5569 -41.5569 -41.5569 -41.5569 -41.5569 -41.5569 -41.5569 -41.5569 -41.5569 -41.5569 -41.5569 -41.5569 -41.5569 -41.5569 -41.5569 -41.5678 -41.8905 -44.3238 -44.7939 -39.6219 -31.6624 -10.7192 26.1854 0.3472 -43.7767 -40.3044 -31.3284 -0.8872 21.0366 -15.2047 -43.9715 -38.0969 -26.4352 28.2611 14.1070 -35.5196 -43.2404 -35.6106 -20.6230 31.7762 7.6181 -42.6651 -41.7739 -33.0395 -12.8655 25.1614
14.8020 -28.8367 -39.3258 -44.8919 -2.8175 24.9826 -13.0865 -33.0235 -42.0344 -42.4096 8.8265 32.4579 -22.2606 -36.2385 -43.7814 -30.4426 16.3014 19.5869 -28.6844 -39.0378 -44.2922 -7.4032 22.7321 -4.9758 -31.0163 -39.6219 -44.9046 -35.2177 -0.3696 5.1202 5.3826 5.3923 5.3923 5.3923 5.3923 5.3923 5.3923 5.3923 5.3923 5.3923 5.3923 5.3923 5.3923 5.3923 5.3923 5.3923 5.3923 5.3923 5.3923 5.3923 5.3923 5.3923 5.3923 5.3923 5.3923 5.3923 5.3923 5.3923 5.3923 5.3923 5.3923 5.3923 5.3923 5.3923 5.3923 5.3923 5.3923 5.3923 5.3923 5.3923 5.3826 5.1202 -0.3696 -35.2177 -44.9046 -39.6219 -31.0163 -4.9758 22.7321 -7.4032 -44.2922 -39.0378 -28.6844 19.5869 16.3014 -30.4426 -43.7814 -36.2385 -22.2606 32.4579 8.8265 -42.4096 -42.0344 -33.0235 -13.0855 24.9821 -2.8175 -44.8919 -39.3258 -28.8367 14.8024
-12.8705 -32.5469 -42.1871 -41.8529 11.5080 30.3038 -25.4708 -37.6594 -44.9161 -10.9396 22.6301 -9.6330 -32.0864 -41.6206 -43.5562 8.1609 32.0012 -22.3661 -36.1232 -44.0623 -30.0302 16.1671 21.2238 -27.7502 -38.0503 -44.7939 -35.2177 6.4633 16.2174 18.9524 19.0915 19.0968 19.0968 19.0968 19.0968 19.0968 19.0968 19.0968 19.0968 19.0968 19.0968 19.0968 19.0968 19.0968 19.0968 19.0968 19.0968 19.0968 19.0968 19.0968 19.0968 19.0968 19.0968 19.0968 19.0968 19.0968 19.0968 19.0968 19.0968 19.0968 19.0968 19.0968 19.0968 19.0968 19.0968 19.0968 19.0968 19.0968 19.0968 19.0968 19.0915 18.9524 16.2174 6.4633 -35.2177 -44.7939 -38.0503 -27.7502 21.2238 16.1671 -30.0302 -44.0623 -36.1232 -22.3661 32.0012 8.1609 -43.5562 -41.6206 -32.0864 -9.6330 22.6301 -10.9396 -44.9161 -37.6594 -25.4696 30.3061 11.5065 -41.8539 -42.1870 -32.5464 -12.8673
-14.1552 -32.9409 -42.4966 -39.5850 14.0159 21.9406 -27.3452 -38.8310 -45.1445 0.9571 28.4420 -19.0302 -34.4339 -43.4874 -33.6395 16.7403 11.3800 -28.9909 -39.6563 -45.1833 2.0282 27.9677 -17.4731 -33.3539 -42.3529 -44.3238 -0.3696 16.2178 23.0613 23.9453 23.9679 23.9679 23.9679 23.9679 23.9679 23.9679 23.9679 23.9679 23.9679 23.9679 23.9679 23.9679 23.9679 23.9679 23.9679 23.9679 23.9679 23.9679 23.9679 23.9679 23.9679 23.9679 23.9679 23.9679 23.9679 23.9679 23.9679 23.9679 23.9679 23.9679 23.9679 23.9679 23.9679 23.9679 23.9679 23.9679 23.9679 23.9679 23.9679 23.9679 23.9679 23.9453 23.0613 16.2174 -0.3696 -44.3238 -42.3529 -33.3539 -17.4731 27.9677 2.0282 -45.1833 -39.6563 -28.9909 11.3800 16.7403 -33.6395 -43.4874 -34.4339 -19.0302 28.4420 0.9571 -45.1445 -38.8309 -27.3395 21.9568 14.0118 -39.5973 -42.4923 -32.9367 -14.1463
-14.1892 -32.9536 -42.4925 -39.4416 14.1050 21.3703 -27.4369 -38.8824 -45.0638 1.5048 28.8903 -19.4531 -34.6551 -43.5847 -30.9626 18.2744 1.9452 -30.0125 -40.2243 -44.8561 5.7066 30.7390 -20.6998 -34.5676 -43.3452 -41.8905 5.1213 18.9526 23.9458 24.2849 24.2909 24.2913 24.2913 24.2913 24.2913 24.2913 24.2913 24.2913 24.2913 24.2913 24.2913 24.2913 24.2913 24.2913 24.2913 24.2913 24.2913 24.2913 24.2913 24.2913 24.2913 24.2913 24.2913 24.2913 24.2913 24.2913 24.2913 24.2913 24.2913 24.2913 24.2913 24.2913 24.2913 24.2913 24.2913 24.2913 24.2913 24.2913 24.2913 24.2913 24.2909 24.2850 23.9453 18.9524 5.1202 -41.8905 -43.3450 -34.5670 -20.6998 30.7390 5.7066 -44.8561 -40.2242 -30.0125 1.9452 18.2744 -30.9626 -43.5847 -34.6551 -19.4531 28.8903 1.5048 -45.0638 -38.8824 -27.4347 21.3941 14.1039 -39.4489 -42.4912 -32.9516 -14.1835
-14.1944 -32.9559 -42.4947 -39.4363 14.1090 21.3586 -27.4384 -38.8832 -45.0570 1.5109 28.8955 -19.4665 -34.6604 -43.5797 -30.8679 18.3037 1.7069 -30.0384 -40.2391 -44.7730 5.8414 30.8222 -20.8229 -34.6323 -43.3635 -41.5678 5.3836 19.0931 23.9692 24.2921 24.2986 24.2986 24.2986 24.2986 24.2986 24.2986 24.2986 24.2986 24.2986 24.2986 24.2986 24.2986 24.2986 24.2986 24.2986 24.2986 24.2986 24.2986 24.2985 24.2984 24.2981 24.2977 24.2977 24.2977 24.2977 24.2977 24.2977 24.2977 24.2977 24.2977 24.2977 24.2977 24.2977 24.2977 24.2977 24.2977 24.2977 24.2977 24.2977 24.2977 24.2977 24.2909 23.9679 19.0915 5.3826 -41.5678 -43.3635 -34.6316 -20.8216 30.8219 5.8407 -44.7730 -40.2390 -30.0383 1.7068 18.3037 -30.8679 -43.5797 -34.6604 -19.4665 28.8953 1.5108 -45.0570 -38.8832 -27.4384 21.3683 14.1049 -39.4457 -42.4909 -32.9519 -14.1840
-14.1993 -32.9575 -42.4943 -39.4244 14.1105 21.3559 -27.4387 -38.8836 -45.0565 1.5132 28.8960 -19.4672 -34.6609 -43.5798 -30.8642 18.3044 1.6973 -30.0402 -40.2406 -44.7690 5.8470 30.8302 -20.8363 -34.6363 -43.3664 -41.5500 5.3996 19.1033 23.9746 24.2979 24.3041 24.3041 24.3041 24.3041 24.3041 24.3041 24.3041 24.3041 24.3041 24.3041 24.3041 24.3041 24.3041 24.3041 24.3041 24.3041 24.3042 24.3034 24.3032 24.3019 24.3007 24.2998 24.2987 24.2981 24.2976 24.2976 24.2976 24.2976 24.2976 24.2976 24.2976 24.2976 24.2976 24.2976 24.2976 24.2976 24.2976 24.2976 24.2976 24.2976 24.2977 24.2913 23.9679 19.0968 5.3923 -41.5569 -43.3626 -34.6325 -20.8232 30.8226 5.8415 -44.7700 -40.2392 -30.0387 1.7030 18.3035 -30.8672 -43.5795 -34.6605 -19.4665 28.8952 1.5111 -45.0570 -38.8833 -27.4384 21.3685 14.1048 -39.4457 -42.4909 -32.9519 -14.1840
-14.2191 -32.9641 -42.5001 -39.4077 14.1278 21.2847 -27.4507 -38.8899 -45.0570 1.5385 28.9093 -19.4778 -34.6678 -43.5813 -30.8299 18.3209 1.6185 -30.0472 -40.2458 -44.7652 5.8643 30.8342 -20.8385 -34.6401 -43.3666 -41.5378 5.4070 19.1115 23.9925 24.3161 24.3223 24.3223 24.3223 24.3223 24.3223 24.3223 24.3223 24.3223 24.3223 24.3223 24.3223 24.3223 24.3223 24.3223 24.3223 24.3224 24.3216 24.3201 24.3173 24.3151 24.3105 24.3066 24.3034 24.3003 24.2989 24.2976 24.2976 24.2976 24.2976 24.2976 24.2976 24.2976 24.2976 24.2976 24.2976 24.2976 24.2976 24.2976 24.2976 24.2976 24.2977 24.2913 23.9679 19.0968 5.3923 -41.5569 -43.3626 -34.6325 -20.8232 30.8226 5.8415 -44.7700 -40.2392 -30.0387 1.7030 18.3035 -30.8672 -43.5795 -34.6605 -19.4665 28.8952 1.5111 -45.0570 -38.8833 -27.4384 21.3685 14.1048 -39.4457 -42.4909 -32.9519 -14.1840
-14.2700 -32.9813 -42.5121 -39.3429 14.1665 21.1264 -27.4767 -38.9065 -45.0566 1.6067 28.9473 -19.5178 -34.6833 -43.5919 -30.7083 18.3556 1.4528 -30.0608 -40.2591 -44.7553 5.9117 30.8573 -20.8696 -34.6558 -43.3768 -41.4977 5.4558 19.1525 24.0398 24.3650 24.3711 24.3711 24.3711 24.3711 24.3711 24.3711 24.3711 24.3711 24.3711 24.3711 24.3711 24.3711 24.3711 24.3711 24.3709 24.3703 24.3676 24.3642 24.3579 24.3483 24.3377 24.3268 24.3161 24.3080 24.3020 24.2995 24.2976 24.2976 24.2976 24.2976 24.2976 24.2976 24.2976 24.2976 24.2976 24.2976 24.2976 24.2976 24.2976 24.2976 24.2977 24.2913 23.9679 19.0968 5.3923 -41.5569 -43.3626 -34.6325 -20.8232 30.8226 5.8415 -44.7700 -40.2392 -30.0387 1.7030 18.3035 -30.8672 -43.5795 -34.6605 -19.4665 28.8952 1.5111 -45.0570 -38.8833 -27.4384 21.3685 14.1048 -39.4457 -42.4909 -32.9519 -14.1840
-14.3979 -33.0259 -42.5408 -39.1948 14.2686 20.7138 -27.5457 -38.9436 -45.0571 1.7820 29.0422 -19.6079 -34.7244 -43.6132 -30.4354 18.4455 1.0263 -30.1048 -40.2926 -44.7306 6.0333 30.9202 -20.9573 -34.6960 -43.4038 -41.3892 5.5846 19.2622 24.1571 24.4825 24.4885 24.4885 24.4885 24.4885 24.4885 24.4885 24.4885 24.4885 24.4885 24.4885 24.4885 24.4885 24.4885 24.4879 24.4874 24.4848 24.4803 24.4699 24.4544 24.4312 24.4037 24.3738 24.3477 24.3265 24.3121 24.3034 24.2996 24.2976 24.2976 24.2976 24.2976 24.2976 24.2976 24.2976 24.2976 24.2976 24.2976 24.2976 24.2976 24.2976 24.2977 24.2913 23.9679 19.0968 5.3923 -41.5569 -43.3626 -34.6325 -20.8232 30.8226 5.8415 -44.7700 -40.2392 -30.0387 1.7030 18.3035 -30.8672 -43.5795 -34.6605 -19.4665 28.8952 1.5111 -45.0570 -38.8833 -27.4384 21.3685 14.1048 -39.4457 -42.4909 -32.9519 -14.1840
-14.6694 -33.1199 -42.6049 -38.8347 14.4953 19.7364 -27.6981 -39.0266 -45.0573 2.1459 29.2430 -19.8120 -34.8154 -43.6632 -29.7821 18.6569 0.0289 -30.2021 -40.3707 -44.6721 6.3043 31.0461 -21.1409 -34.7887 -43.4639 -41.1499 5.8598 19.4976 24.4124 24.7379 24.7442 24.7442 24.7442 24.7442 24.7442 24.7442 24.7442 24.7442 24.7442 24.7442 24.7442 24.7442 24.7439 24.7436 24.7413 24.7366 24.7239 24.7020 24.6640 24.6110 24.5451 24.4773 24.4147 24.3662 24.3337 24.3143 24.3036 24.2995 24.2976 24.2976 24.2976 24.2976 24.2976 24.2976 24.2976 24.2976 24.2976 24.2976 24.2976 24.2976 24.2977 24.2913 23.9679 19.0968 5.3923 -41.5569 -43.3626 -34.6325 -20.8232 30.8226 5.8415 -44.7700 -40.2392 -30.0387 1.7030 18.3035 -30.8672 -43.5795 -34.6605 -19.4665 28.8952 1.5111 -45.0570 -38.8833 -27.4384 21.3685 14.1048 -39.4457 -42.4909 -32.9519 -14.1840
-15.1816 -33.3056 -42.7268 -38.0998 14.9606 17.6364 -28.0134 -39.1973 -45.0525 2.8627 29.6370 -20.2019 -34.9974 -43.7614 -28.4305 19.0853 -1.7789 -30.3951 -40.5253 -44.5416 6.8352 31.2675 -21.4999 -34.9713 -43.5832 -40.6331 6.3897 19.9586 24.9107 25.2376 25.2439 25.2438 25.2438 25.2438 25.2438 25.2438 25.2438 25.2438 25.2438 25.2438 25.2438 25.2438 25.2436 25.2426 25.2385 25.2266 25.2017 25.1513 25.0718 24.9581 24.8198 24.6747 24.5445 24.4433 24.3751 24.3344 24.3127 24.3022 24.2989 24.2976 24.2976 24.2976 24.2976 24.2976 24.2976 24.2976 24.2976 24.2976 24.2976 24.2976 24.2977 24.2913 23.9679 19.0968 5.3923 -41.5569 -43.3626 -34.6325 -20.8232 30.8226 5.8415 -44.7700 -40.2392 -30.0387 1.7030 18.3035 -30.8672 -43.5795 -34.6605 -19.4665 28.8952 1.5111 -45.0570 -38.8833 -27.4384 21.3685 14.1048 -39.4457 -42.4909 -32.9519 -14.1840
-16.0379 -33.6433 -42.9475 -36.6335 15.7793 13.6534 -28.5463 -39.4919 -45.0110 4.0407 30.2791 -20.8833 -35.3231 -43.9309 -25.8311 19.8429 -4.5879 -30.7341 -40.7937 -44.2647 7.7315 31.5406 -22.1100 -35.2904 -43.7858 -39.6058 7.2879 20.7783 25.7787 26.1032 26.1098 26.1098 26.1098 26.1098 26.1098 26.1098 26.1098 26.1098 26.1098 26.1098 26.1098 26.1098 26.1091 26.1062 26.0978 26.0751 26.0233 25.9272 25.7712 25.5534 25.2892 25.0136 24.7666 24.5752 24.4452 24.3684 24.3274 24.3085 24.3001 24.2981 24.2978 24.2977 24.2977 24.2976 24.2976 24.2976 24.2976 24.2976 24.2976 24.2976 24.2977 24.2913 23.9679 19.0968 5.3923 -41.5569 -43.3626 -34.6325 -20.8232 30.8226 5.8415 -44.7700 -40.2392 -30.0387 1.7030 18.3035 -30.8672 -43.5795 -34.6605 -19.4665 28.8952 1.5111 -45.0570 -38.8833 -27.4384 21.3685 14.1048 -39.4457 -42.4909 -32.9519 -14.1840
-17.2389 -34.1623 -43.2721 -33.9215 17.0785 7.0310 -29.3850 -39.9386 -44.8543 5.6796 31.0740 -21.8723 -35.8194 -44.1720 -21.4801 21.0259 -8.0598 -31.2568 -41.2030 -43.6910 9.0553 31.6080 -23.0307 -35.7840 -44.0786 -37.7203 8.5992 22.0680 27.0994 27.4136 27.4195 27.4194 27.4194 27.4194 27.4194 27.4194 27.4194 27.4194 27.4194 27.4194 27.4194 27.4185 27.4166 27.4106 27.3934 27.3523 27.2629 27.0952 26.8251 26.4490 25.9956 25.5240 25.1004 24.7729 24.5515 24.4198 24.3505 24.3175 24.3035 24.2983 24.2965 24.2966 24.2967 24.2977 24.2976 24.2976 24.2976 24.2976 24.2976 24.2976 24.2977 24.2913 23.9679 19.0968 5.3923 -41.5569 -43.3626 -34.6325 -20.8232 30.8226 5.8415 -44.7700 -40.2392 -30.0387 1.7030 18.3035 -30.8672 -43.5795 -34.6605 -19.4665 28.8952 1.5111 -45.0570 -38.8833 -27.4384 21.3685 14.1048 -39.4457 -42.4909 -32.9519 -14.1840
-18.7226 -34.8931 -43.6968 -29.1426 18.8803 -1.2104 -30.3862 -40.5495 -44.4006 7.7516 31.6256 -23.1900 -36.5109 -44.4647 -15.0558 22.7088 -11.6645 -31.9803 -41.7519 -42.5302 10.8127 30.6945 -24.2565 -36.4686 -44.4481 -34.3111 10.3225 23.8999 28.7977 29.0671 29.0724 29.0724 29.0724 29.0724 29.0724 29.0724 29.0724 29.0724 29.0724 29.0724 29.0716 29.0701 29.0663 29.0554 29.0294 28.9679 28.8371 28.5906 28.1880 27.6175 26.9229 26.1946 25.5417 25.0343 24.6931 24.4915 24.3855 24.3333 24.3092 24.2980 24.2947 24.2940 24.2953 24.2967 24.2977 24.2976 24.2976 24.2976 24.2976 24.2976 24.2977 24.2913 23.9679 19.0968 5.3923 -41.5569 -43.3626 -34.6325 -20.8232 30.8226 5.8415 -44.7700 -40.2392 -30.0387 1.7030 18.3035 -30.8672 -43.5795 -34.6605 -19.4665 28.8952 1.5111 -45.0570 -38.8833 -27.4384 21.3685 14.1048 -39.4457 -42.4909 -32.9519 -14.1840
-20.3777 -35.8212 -44.1639 -21.3911 21.0731 -8.3609 -31.3600 -41.3094 -43.2909 10.1780 30.7418 -24.7883 -37.3836 -44.7570 -7.5525 24.9189 -15.0323 -32.8977 -42.4136 -40.2606 12.9854 27.0202 -25.7735 -37.3356 -44.8308 -28.4760 12.4052 26.2480 30.4016 30.5235 30.5263 30.5263 30.5263 30.5263 30.5263 30.5263 30.5263 30.5263 30.5263 30.5259 30.5253 30.5238 30.5200 30.5111 30.4893 30.4380 30.3222 30.0769 29.6237 28.9125 27.9810 26.9722 26.0555 25.3423 24.8663 24.5849 24.4378 24.3632 24.3226 24.3017 24.2931 24.2911 24.2940 24.2966 24.2977 24.2976 24.2976 24.2976 24.2976 24.2976 24.2977 24.2913 23.9679 19.0968 5.3923 -41.5569 -43.3626 -34.6325 -20.8232 30.8226 5.8415 -44.7700 -40.2392 -30.0387 1.7030 18.3035 -30.8672 -43.5795 -34.6605 -19.4665 28.8952 1.5111 -45.0570 -38.8833 -27.4384 21.3685 14.1048 -39.4457 -42.4909 -32.9519 -14.1840
-22.1102 -36.9182 -44.6076 -11.3259 23.7752 -13.5343 -32.5046 -42.1548 -40.8902 12.9009 25.7768 -26.6206 -38.4095 -44.9718 -1.0033 27.5475 -18.0530 -33.9894 -43.1398 -35.9538 15.5918 17.5243 -27.5422 -38.3596 -45.1349 -19.4604 14.8230 28.8534 30.5290 30.2391 30.2352 30.2349 30.2349 30.2349 30.2349 30.2349 30.2349 30.2350 30.2342 30.2349 30.2371 30.2422 30.2535 30.2799 30.3335 30.4436 30.6074 30.7451 30.6310 30.0544 29.0272 27.7693 26.5941 25.6635 25.0586 24.7015 24.5210 24.4156 24.3503 24.3111 24.2933 24.2903 24.2927 24.2966 24.2978 24.2976 24.2976 24.2976 24.2976 24.2976 24.2977 24.2913 23.9679 19.0968 5.3923 -41.5569 -43.3626 -34.6325 -20.8232 30.8226 5.8415 -44.7700 -40.2392 -30.0387 1.7030 18.3035 -30.8672 -43.5795 -34.6605 -19.4665 28.8952 1.5111 -45.0570 -38.8833 -27.4384 21.3685 14.1048 -39.4457 -42.4909 -32.9519 -14.1840
-23.8388 -38.1202 -44.9272 -2.5681 26.8593 -17.4028 -33.7810 -43.0213 -36.1218 15.9796 12.8537 -28.6599 -39.5323 -44.9847 4.0137 30.2351 -20.7701 -35.2078 -43.8506 -28.3374 18.6980 2.2276 -29.5440 -39.4875 -45.2254 -8.9422 17.5778 30.8908 26.0619 24.8479 24.8253 24.8256 24.8256 24.8256 24.8256 24.8256 24.8257 24.8253 24.8267 24.8320 24.8487 24.8881 24.9871 25.2490 25.5783 26.3145 27.5190 29.1875 30.4499 30.6986 29.8950 28.4809 27.0764 25.8794 25.2333 24.8282 24.6599 24.4824 24.3877 24.3213 24.2949 24.2891 24.2926 24.2966 24.2978 24.2976 24.2976 24.2976 24.2976 24.2976 24.2977 24.2913 23.9679 19.0968 5.3923 -41.5569 -43.3626 -34.6325 -20.8232 30.8226 5.8415 -44.7700 -40.2392 -30.0387 1.7030 18.3035 -30.8672 -43.5795 -34.6605 -19.4665 28.8952 1.5111 -45.0570 -38.8833 -27.4384 21.3685 14.1048 -39.4457 -42.4909 -32.9519 -14.1840
-25.4708 -39.3252 -45.0374 3.2619 29.8451 -20.4192 -35.0878 -43.8029 -27.8855 19.2297 -2.5010 -30.5275 -40.6533 -44.3240 7.9465 31.6552 -23.2144 -36.4680 -44.4525 -17.2768 21.7191 -8.5246 -30.9019 -40.6304 -44.9551 -1.0377 20.6214 30.4011 13.3011 10.9775 10.9364 10.9339 10.9339 10.9339 10.9339 10.9334 10.9345 10.9377 10.9524 10.9704 11.0222 11.1520 11.5634 12.1731 12.8145 14.9312 18.2446 23.6194 28.3490 30.6560 30.4676 29.3753 27.1833 25.6026 25.3527 24.9772 24.6682 24.5972 24.4397 24.3106 24.2880 24.2872 24.2924 24.2966 24.2978 24.2976 24.2976 24.2976 24.2976 24.2976 24.2977 24.2913 23.9679 19.0968 5.3923 -41.5569 -43.3626 -34.6325 -20.8232 30.8226 5.8415 -44.7700 -40.2392 -30.0387 1.7030 18.3035 -30.8672 -43.5795 -34.6605 -19.4665 28.8952 1.5111 -45.0570 -38.8833 -27.4384 21.3685 14.1048 -39.4457 -42.4909 -32.9519 -14.1840
-26.8095 -40.3422 -44.6699 6.9938 31.5097 -22.6750 -36.2367 -44.3843 -17.6764 22.0298 -10.4363 -31.7493 -41.6184 -42.7524 11.0089 29.8550 -25.2400 -37.5905 -44.8604 -7.4191 24.5567 -13.7852 -32.1081 -41.6207 -44.2730 3.6723 23.6378 25.0113 -0.7432 -2.4241 -2.4623 -2.4623 -2.4623 -2.4623 -2.4623 -2.4617 -2.4614 -2.4558 -2.4448 -2.4237 -2.3831 -2.2783 -2.1396 -2.2767 -1.7789 1.6225 7.9753 16.0861 24.3613 29.5314 30.6658 29.2852 27.6996 25.7272 25.3352 24.8374 24.2797 23.9427 24.5515 24.2638 24.2678 24.2826 24.2917 24.2966 24.2978 24.2976 24.2976 24.2976 24.2976 24.2976 24.2977 24.2913 23.9679 19.0968 5.3923 -41.5569 -43.3626 -34.6325 -20.8232 30.8226 5.8415 -44.7700 -40.2392 -30.0387 1.7030 18.3035 -30.8672 -43.5795 -34.6605 -19.4665 28.8952 1.5111 -45.0570 -38.8833 -27.4384 21.3685 14.1048 -39.4457 -42.4909 -32.9519 -14.1840
-27.4729 -40.8523 -44.2007 8.7012 31.5240 -23.7854 -36.8453 -44.6640 -11.9531 23.5878 -13.1555 -32.3981 -42.1152 -41.3612 12.5946 26.7169 -26.2909 -38.1867 -45.0397 -3.3002 26.1096 -15.8152 -32.7471 -42.1342 -43.5917 5.7336 25.4294 18.5522 -6.4160 -7.5140 -7.5373 -7.5399 -7.5399 -7.5399 -7.5399 -7.5397 -7.5381 -7.5360 -7.5305 -7.5232 -7.5028 -7.4685 -7.4225 -7.5431 -6.7840 -3.5460 1.6978 11.3448 22.6940 28.9517 30.8836 29.6545 27.8854 26.1397 25.1292 24.6224 24.1895 23.4221 24.1124 24.2155 24.2651 24.2826 24.2919 24.2966 24.2978 24.2976 24.2976 24.2976 24.2976 24.2976 24.2977 24.2913 23.9679 19.0968 5.3923 -41.5569 -43.3626 -34.6325 -20.8232 30.8226 5.8415 -44.7700 -40.2392 -30.0387 1.7030 18.3035 -30.8672 -43.5795 -34.6605 -19.4665 28.8952 1.5111 -45.0570 -38.8833 -27.4384 21.3685 14.1048 -39.4457 -42.4909 -32.9519 -14.1840
