-25.2753 -37.5633 -41.8053 3.7878 29.8521 -18.2976 -32.6877 -40.3736 -33.5283 15.7060 18.8830 -26.1644 -36.5550 -41.6552 -1.9861 26.7976 -14.7444 -31.3741 -39.6511 -38.5633 12.2137 29.0411 -23.9257 -35.3934 -41.4072 -11.1592 23.4858 -9.4337 -30.0158 -38.7888 -40.9762 8.6738 31.6723 -21.5334 -34.1729 -41.0240 -22.9139 20.1506 0.3237 -28.6136 -37.8104 -41.7737 4.6136 30.2944 -18.8088 -32.9007 -40.4826 -32.5515 15.7954 23.5126 -19.4284 23.5126 15.7954 -32.5515 -40.4826 -32.9007 -18.8088 30.2944 4.6136 -41.7737 -37.8104 -28.6136 0.3237 20.1506 -22.9139 -41.0240 -34.1729 -21.5334 31.6723 8.6738 -40.9762 -38.7888 -30.0158 -9.4337 23.4858 -11.1592 -41.4072 -35.3934 -23.9257 29.0411 12.2137 -38.5633 -39.6511 -31.3741 -14.7444 26.7976 -1.9861 -41.6552 -36.5550 -26.1644 18.8830 15.7060 -33.5283 -40.3736 -32.6877 -18.2976 29.8521 3.7878 -41.8053 -37.5633 -25.2753
-37.5633 -43.5736 4.0369 29.7727 -18.5156 -35.3260 -42.6669 -34.8356 15.4651 23.2493 -27.9892 -39.0707 -43.6037 -2.1856 26.3927 -14.2638 -34.0383 -42.0151 -40.0659 12.0857 31.1632 -25.1632 -37.9442 -43.4966 -11.7580 23.1327 -7.8337 -32.7286 -41.2095 -42.6226 8.6072 32.2946 -22.2643 -36.7576 -43.2211 -23.9713 19.7155 4.3624 -31.2720 -40.2788 -43.5406 4.5493 30.1794 -19.0446 -35.5225 -42.7633 -33.7213 15.9079 22.5074 -27.2550 -35.5243 -27.2550 22.5074 15.9079 -33.7213 -42.7633 -35.5225 -19.0446 30.1794 4.5493 -43.5406 -40.2788 -31.2720 4.3624 19.7155 -23.9713 -43.2211 -36.7576 -22.2643 32.2946 8.6072 -42.6226 -41.2095 -32.7286 -7.8337 23.1327 -11.7580 -43.4966 -37.9442 -25.1632 31.1632 12.0857 -40.0659 -42.0151 -34.0383 -14.2638 26.3927 -2.1856 -43.6037 -39.0707 -27.9892 23.2493 15.4651 -34.8356 -42.6669 -35.3260 -18.5156 29.7727 4.0369 -43.5736 -37.5633
-41.8053 4.0369 29.4645 -17.9128 -35.0649 -42.5152 -36.4154 14.5722 26.1723 -27.2398 -38.7745 -43.5810 -4.3279 25.4712 -12.8356 -33.6846 -41.8061 -40.9593 11.1496 31.9664 -24.3925 -37.6250 -43.4345 -15.0148 22.2273 -5.3090 -32.3668 -40.9646 -42.9898 7.5767 31.9308 -21.4356 -36.4245 -43.1107 -26.9867 18.6224 9.0050 -30.5642 -40.0045 -43.5911 3.2370 29.3498 -18.0655 -35.1788 -42.6045 -35.5820 15.0317 24.8456 -27.4350 -38.7391 -44.0125 -38.7391 -27.4350 24.8456 15.0317 -35.5820 -42.6045 -35.1788 -18.0655 29.3498 3.2370 -43.5911 -40.0045 -30.5642 9.0050 18.6224 -26.9867 -43.1107 -36.4245 -21.4356 31.9308 7.5767 -42.9898 -40.9646 -32.3668 -5.3090 22.2273 -15.0148 -43.4345 -37.6250 -24.3925 31.9664 11.1496 -40.9593 -41.8061 -33.6846 -12.8356 25.4712 -4.3279 -43.5810 -38.7745 -27.2398 26.1723 14.5722 -36.4154 -42.5152 -35.0649 -17.9128 29.4645 4.0369 -41.8053
3.7878 29.7727 -17.9128 -34.9632 -42.4191 -37.4612 13.8675 28.2326 -26.5495 -38.4898 -43.5548 -6.7234 24.5995 -11.2401 -33.3342 -41.5906 -41.6946 10.2225 32.3595 -23.6181 -37.3058 -43.3629 -18.3730 21.3750 -2.2565 -32.0065 -40.7157 -43.2647 6.5119 31.3886 -20.5840 -36.0920 -42.9894 -29.7133 17.6158 13.7870 -29.7680 -39.7274 -43.6052 1.8063 28.4629 -17.0256 -34.8359 -42.4367 -37.2049 14.1373 27.3685 -26.8556 -38.5929 -44.4944 -37.9437 -44.4944 -38.5929 -26.8556 27.3685 14.1373 -37.2049 -42.4367 -34.8359 -17.0256 28.4629 1.8063 -43.6052 -39.7274 -29.7680 13.7870 17.6158 -29.7133 -42.9894 -36.0920 -20.5840 31.3886 6.5119 -43.2647 -40.7157 -32.0065 -2.2565 21.3750 -18.3730 -43.3629 -37.3058 -23.6181 32.3595 10.2225 -41.6946 -41.5906 -33.3342 -11.2401 24.5995 -6.7234 -43.5548 -38.4898 -26.5495 28.2326 13.8675 -37.4612 -42.4191 -34.9632 -17.9128 29.7727 3.7878
29.8521 -18.5156 -35.0649 -42.4191 -37.8264 13.4597 29.4115 -25.9941 -38.2386 -43.5196 -9.2556 23.7762 -9.4553 -32.9895 -41.3690 -42.2761 9.2800 32.4170 -22.8265 -36.9821 -43.2806 -21.7183 20.4171 1.4291 -31.6424 -40.4600 -43.4498 5.3770 30.7122 -19.6917 -35.7559 -42.8577 -32.1443 16.6476 18.2983 -28.9836 -39.4452 -43.6055 0.2047 27.5507 -15.8957 -34.4898 -42.2592 -38.5886 13.2384 29.3846 -26.1373 -38.3273 -43.6397 -12.4278 12.5891 -12.4278 -43.6397 -38.3273 -26.1373 29.3846 13.2384 -38.5886 -42.2592 -34.4898 -15.8957 27.5507 0.2047 -43.6055 -39.4452 -28.9836 18.2983 16.6476 -32.1443 -42.8577 -35.7559 -19.6917 30.7122 5.3770 -43.4498 -40.4600 -31.6424 1.4291 20.4171 -21.7183 -43.2806 -36.9821 -22.8265 32.4170 9.2800 -42.2761 -41.3690 -32.9895 -9.4553 23.7762 -9.2556 -43.5196 -38.2386 -25.9941 29.4115 13.4597 -37.8264 -42.4191 -35.0649 -18.5156 29.8521
-18.2976 -35.3260 -42.5152 -37.4612 13.4597 29.7856 -25.6746 -38.0587 -43.4818 -11.5966 23.0453 -7.5388 -32.6619 -41.1487 -42.7183 8.3212 32.2127 -22.0262 -36.6569 -43.1860 -24.9005 19.3525 5.7247 -31.0903 -40.1935 -43.5566 4.1538 29.9347 -18.7551 -35.4169 -42.7127 -34.2627 15.7052 22.2255 -28.2099 -39.1540 -43.6007 -1.6087 26.6379 -14.6593 -34.1413 -42.0695 -39.7465 12.3354 30.8314 -25.3868 -38.0295 -43.5250 -11.8848 21.0429 31.2206 21.0429 -11.8848 -43.5250 -38.0295 -25.3868 30.8314 12.3354 -39.7465 -42.0695 -34.1413 -14.6593 26.6379 -1.6087 -43.6007 -39.1540 -28.2099 22.2255 15.7052 -34.2627 -42.7127 -35.4169 -18.7551 29.9347 4.1538 -43.5566 -40.1935 -31.0903 5.7247 19.3525 -24.9005 -43.1860 -36.6569 -22.0262 32.2127 8.3212 -42.7183 -41.1487 -32.6619 -7.5388 23.0453 -11.5966 -43.4818 -38.0587 -25.6746 29.7856 13.4597 -37.4612 -42.5152 -35.3260 -18.2976
-32.6877 -42.6669 -36.4154 13.8675 29.4115 -25.6746 -37.9924 -43.4568 -13.3039 22.4839 -5.6784 -32.3724 -40.9404 -43.0371 7.3725 31.8202 -21.2261 -36.3354 -43.0777 -27.8105 18.3209 10.4443 -30.3237 -39.9218 -43.5987 2.8227 29.0848 -17.7597 -35.0765 -42.5550 -36.0907 14.7824 25.4690 -27.4472 -38.8587 -43.5872 -3.6725 25.7343 -13.2825 -33.7919 -41.8687 -40.7065 11.4264 31.7724 -24.6261 -37.7187 -43.4579 -14.3104 22.1756 -0.5022 -25.7857 -0.5022 22.1756 -14.3104 -43.4579 -37.7187 -24.6261 31.7724 11.4264 -40.7065 -41.8687 -33.7919 -13.2825 25.7343 -3.6725 -43.5872 -38.8587 -27.4472 25.4690 14.7824 -36.0907 -42.5550 -35.0765 -17.7597 29.0848 2.8227 -43.5987 -39.9218 -30.3237 10.4443 18.3209 -27.8105 -43.0777 -36.3354 -21.2261 31.8202 7.3725 -43.0371 -40.9404 -32.3724 -5.6784 22.4839 -13.3039 -43.4568 -37.9924 -25.6746 29.4115 13.8675 -36.4154 -42.6669 -32.6877
-40.3736 -34.8356 14.5722 28.2326 -25.9941 -38.0587 -43.4568 -13.9369 22.1763 -4.2596 -32.1499 -40.7609 -43.2474 6.4856 31.3231 -20.4420 -36.0223 -42.9573 -30.3789 17.3461 15.1199 -29.5382 -39.6444 -43.6058 1.3427 28.1904 -16.6918 -34.7317 -42.3865 -37.6489 13.8711 27.9975 -26.6846 -38.5576 -43.5660 -6.0476 24.8440 -11.7246 -33.4385 -41.6588 -41.4904 10.5034 32.2795 -23.8523 -37.4006 -43.3873 -17.4492 21.5518 -2.0646 -31.4557 -37.5752 -31.4557 -2.0646 21.5518 -17.4492 -43.3873 -37.4006 -23.8523 32.2795 10.5034 -41.4904 -41.6588 -33.4385 -11.7246 24.8440 -6.0476 -43.5660 -38.5576 -26.6846 27.9975 13.8711 -37.6489 -42.3865 -34.7317 -16.6918 28.1904 1.3427 -43.6058 -39.6444 -29.5382 15.1199 17.3461 -30.3789 -42.9573 -36.0223 -20.4420 31.3231 6.4856 -43.2474 -40.7609 -32.1499 -4.2596 22.1763 -13.9369 -43.4568 -38.0587 -25.9941 28.2326 14.5722 -34.8356 -40.3736
-33.5283 15.4651 26.1723 -26.5495 -38.2386 -43.4818 -13.3039 22.1763 -3.7295 -32.0281 -40.6380 -43.3708 5.7227 30.8151 -19.7146 -35.7333 -42.8329 -32.5581 16.4372 19.3257 -28.7766 -39.3633 -43.6044 -0.3099 27.2758 -15.5370 -34.3853 -42.2026 -38.9580 12.9659 29.8708 -25.9245 -38.2512 -43.5338 -8.7458 23.9606 -9.9368 -33.0837 -41.4355 -42.1176 9.5599 32.4305 -23.0664 -37.0795 -43.3057 -20.7515 20.6818 0.6045 -31.6195 -40.5507 -45.1379 -40.5507 -31.6195 0.6045 20.6818 -20.7515 -43.3057 -37.0795 -23.0664 32.4305 9.5599 -42.1176 -41.4355 -33.0837 -9.9368 23.9606 -8.7458 -43.5338 -38.2512 -25.9245 29.8708 12.9659 -38.9580 -42.2026 -34.3853 -15.5370 27.2758 -0.3099 -43.6044 -39.3633 -28.7766 19.3257 16.4372 -32.5581 -42.8329 -35.7333 -19.7146 30.8151 5.7227 -43.3708 -40.6380 -32.0281 -3.7295 22.1763 -13.3039 -43.4818 -38.2386 -26.5495 26.1723 15.4651 -33.5283
15.7060 23.2493 -27.2398 -38.4898 -43.5196 -11.5966 22.4839 -4.2596 -32.0281 -40.5938 -43.4257 5.1915 30.3935 -19.1061 -35.4857 -42.7164 -34.3204 15.6138 22.7984 -28.0527 -39.0838 -43.5972 -2.1437 26.3785 -14.2744 -34.0387 -42.0100 -40.0560 12.0628 31.1661 -25.1612 -37.9416 -43.4900 -11.7598 23.0893 -7.8278 -32.7264 -41.2048 -42.6132 8.5901 32.2937 -22.2622 -36.7550 -43.2148 -23.9807 19.6613 4.4970 -31.2267 -40.2557 -44.2461 -23.7726 -44.2461 -40.2557 -31.2267 4.4970 19.6613 -23.9807 -43.2148 -36.7550 -22.2622 32.2937 8.5901 -42.6132 -41.2048 -32.7264 -7.8278 23.0893 -11.7598 -43.4900 -37.9416 -25.1612 31.1661 12.0628 -40.0560 -42.0100 -34.0387 -14.2744 26.3785 -2.1437 -43.5972 -39.0838 -28.0527 22.7984 15.6138 -34.3204 -42.7164 -35.4857 -19.1061 30.3935 5.1915 -43.4257 -40.5938 -32.0281 -4.2596 22.4839 -11.5966 -43.5196 -38.4898 -27.2398 23.2493 15.7060
18.8830 -27.9892 -38.7745 -43.5548 -9.2556 23.0453 -5.6784 -32.1499 -40.6380 -43.4257 5.0020 30.1526 -18.6934 -35.3002 -42.6153 -35.6422 14.8986 25.4247 -27.3893 -38.8149 -43.5817 -4.1756 25.5139 -12.8880 -33.6939 -41.8102 -40.9568 11.1510 31.9664 -24.3926 -37.6251 -43.4345 -15.0147 22.2274 -5.3091 -32.3668 -40.9646 -42.9900 7.5768 31.9308 -21.4357 -36.4246 -43.1107 -26.9895 18.6183 9.0512 -30.5450 -39.9967 -43.5916 0.9114 17.3258 0.9114 -43.5916 -39.9967 -30.5450 9.0512 18.6183 -26.9895 -43.1107 -36.4246 -21.4357 31.9308 7.5768 -42.9900 -40.9646 -32.3668 -5.3091 22.2274 -15.0147 -43.4345 -37.6251 -24.3926 31.9664 11.1510 -40.9568 -41.8102 -33.6939 -12.8880 25.5139 -4.1756 -43.5817 -38.8149 -27.3893 25.4247 14.8986 -35.6422 -42.6153 -35.3002 -18.6934 30.1526 5.0020 -43.4257 -40.6380 -32.1499 -5.6784 23.0453 -9.2556 -43.5548 -38.7745 -27.9892 18.8830
-26.1644 -39.0707 -43.5810 -6.7234 23.7762 -7.5388 -32.3724 -40.7609 -43.3708 5.1915 30.1526 -18.5450 -35.2005 -42.5445 -36.5209 14.3364 27.2607 -26.8143 -38.5713 -43.5586 -6.3408 24.6963 -11.3793 -33.3556 -41.6017 -41.6755 10.2367 32.3571 -23.6212 -37.3058 -43.3629 -18.3730 21.3750 -2.2565 -32.0065 -40.7157 -43.2647 6.5119 31.3886 -20.5840 -36.0920 -42.9894 -29.7133 17.6150 13.8105 -29.7622 -39.7239 -43.6054 1.2611 26.3662 17.3736 26.3662 1.2611 -43.6054 -39.7239 -29.7622 13.8105 17.6150 -29.7133 -42.9894 -36.0920 -20.5840 31.3886 6.5119 -43.2647 -40.7157 -32.0065 -2.2565 21.3750 -18.3730 -43.3629 -37.3058 -23.6212 32.3571 10.2367 -41.6755 -41.6017 -33.3556 -11.3793 24.6963 -6.3408 -43.5586 -38.5713 -26.8143 27.2607 14.3364 -36.5209 -42.5445 -35.2005 -18.5450 30.1526 5.1915 -43.3708 -40.7609 -32.3724 -7.5388 23.7762 -6.7234 -43.5810 -39.0707 -26.1644
-36.5550 -43.6037 -4.3279 24.5995 -9.4553 -32.6619 -40.9404 -43.2474 5.7227 30.3935 -18.6934 -35.2005 -42.5186 -36.9612 13.9755 28.3896 -26.3600 -38.3655 -43.5324 -8.4897 23.9579 -9.7725 -33.0334 -41.3919 -42.2406 9.3240 32.4194 -22.8456 -36.9875 -43.2794 -21.7132 20.4171 1.4291 -31.6424 -40.4600 -43.4498 5.3770 30.7122 -19.6917 -35.7559 -42.8577 -32.1443 16.6476 18.3028 -28.9812 -39.4412 -43.6067 0.0519 27.2281 -13.6355 -29.1901 -13.6355 27.2281 0.0519 -43.6067 -39.4412 -28.9812 18.3028 16.6476 -32.1443 -42.8577 -35.7559 -19.6917 30.7122 5.3770 -43.4498 -40.4600 -31.6424 1.4291 20.4171 -21.7132 -43.2794 -36.9875 -22.8456 32.4194 9.3240 -42.2406 -41.3919 -33.0334 -9.7725 23.9579 -8.4897 -43.5324 -38.3655 -26.3600 28.3896 13.9755 -36.9612 -42.5186 -35.2005 -18.6934 30.3935 5.7227 -43.2474 -40.9404 -32.6619 -9.4553 24.5995 -4.3279 -43.6037 -36.5550
-41.6552 -2.1856 25.4712 -11.2401 -32.9895 -41.1487 -43.0371 6.4856 30.8151 -19.1061 -35.3002 -42.5445 -36.9612 13.8498 28.9197 -26.0646 -38.2131 -43.5077 -10.4254 23.3267 -8.1330 -32.7385 -41.1893 -42.6677 8.4150 32.2329 -22.0697 -36.6703 -43.1869 -24.8562 19.3634 5.7081 -31.0904 -40.1935 -43.5566 4.1538 29.9347 -18.7551 -35.4169 -42.7127 -34.2627 15.7052 22.2255 -28.2097 -39.1536 -43.6012 -1.6606 26.5567 -14.1954 -33.5748 -39.5854 -33.5748 -14.1954 26.5567 -1.6606 -43.6012 -39.1536 -28.2097 22.2255 15.7052 -34.2627 -42.7127 -35.4169 -18.7551 29.9347 4.1538 -43.5566 -40.1935 -31.0904 5.7081 19.3634 -24.8562 -43.1869 -36.6703 -22.0697 32.2329 8.4150 -42.6677 -41.1893 -32.7385 -8.1330 23.3267 -10.4254 -43.5077 -38.2131 -26.0646 28.9197 13.8498 -36.9612 -42.5445 -35.3002 -19.1061 30.8151 6.4856 -43.0371 -41.1487 -32.9895 -11.2401 25.4712 -2.1856 -41.6552
-1.9861 26.3927 -12.8356 -33.3342 -41.3690 -42.7183 7.3725 31.3231 -19.7146 -35.4857 -42.6153 -36.5209 13.9755 28.9197 -25.9631 -38.1325 -43.4896 -11.8781 22.8379 -6.6119 -32.4837 -41.0038 -42.9701 7.5441 31.8814 -21.3074 -36.3605 -43.0829 -27.6906 18.3515 10.3448 -30.3321 -39.9220 -43.5987 2.8227 29.0848 -17.7597 -35.0765 -42.5550 -36.0907 14.7824 25.4690 -27.4472 -38.8597 -43.5891 -3.7072 25.7102 -13.1527 -33.6737 -42.1490 -45.6722 -42.1490 -33.6737 -13.1527 25.7102 -3.7072 -43.5891 -38.8597 -27.4472 25.4690 14.7824 -36.0907 -42.5550 -35.0765 -17.7597 29.0848 2.8227 -43.5987 -39.9220 -30.3321 10.3448 18.3515 -27.6906 -43.0829 -36.3605 -21.3074 31.8814 7.5441 -42.9701 -41.0038 -32.4837 -6.6119 22.8379 -11.8781 -43.4896 -38.1325 -25.9631 28.9197 13.9755 -36.5209 -42.6153 -35.4857 -19.7146 31.3231 7.3725 -42.7183 -41.3690 -33.3342 -12.8356 26.3927 -1.9861
26.7976 -14.2638 -33.6846 -41.5906 -42.2761 8.3212 31.8202 -20.4420 -35.7333 -42.7164 -35.6422 14.3364 28.3896 -26.0646 -38.1325 -43.4831 -12.6497 22.5289 -5.4152 -32.2862 -40.8471 -43.1745 6.7529 31.4488 -20.5824 -36.0679 -42.9715 -30.1758 17.4045 14.9077 -29.5619 -39.6490 -43.6051 1.3590 28.1937 -16.6919 -34.7317 -42.3865 -37.6489 13.8711 27.9975 -26.6846 -38.5576 -43.5675 -6.0629 24.8304 -11.6801 -33.4090 -41.6800 -42.4708 -5.6320 -42.4708 -41.6800 -33.4090 -11.6801 24.8304 -6.0629 -43.5675 -38.5576 -26.6846 27.9975 13.8711 -37.6489 -42.3865 -34.7317 -16.6919 28.1937 1.3590 -43.6051 -39.6490 -29.5619 14.9077 17.4045 -30.1758 -42.9715 -36.0679 -20.5824 31.4488 6.7529 -43.1745 -40.8471 -32.2862 -5.4152 22.5289 -12.6497 -43.4831 -38.1325 -26.0646 28.3896 14.3364 -35.6422 -42.7164 -35.7333 -20.4420 31.8202 8.3212 -42.2761 -41.5906 -33.6846 -14.2638 26.7976
-14.7444 -34.0383 -41.8061 -41.6946 9.2800 32.2127 -21.2261 -36.0223 -42.8329 -34.3204 14.8986 27.2607 -26.3600 -38.2131 -43.4896 -12.6497 22.4235 -4.7528 -32.1617 -40.7348 -43.3030 6.0795 31.0087 -19.9245 -35.8013 -42.8589 -32.2549 16.5367 18.9981 -28.8230 -39.3757 -43.6031 -0.2568 27.2946 -15.5497 -34.3863 -42.2032 -38.9580 12.9659 29.8708 -25.9245 -38.2512 -43.5338 -8.7458 23.9555 -9.9065 -33.0749 -41.4383 -42.2846 7.8736 22.5807 7.8736 -42.2846 -41.4383 -33.0749 -9.9065 23.9555 -8.7458 -43.5338 -38.2512 -25.9245 29.8708 12.9659 -38.9580 -42.2032 -34.3863 -15.5497 27.2946 -0.2568 -43.6031 -39.3757 -28.8230 18.9981 16.5367 -32.2549 -42.8589 -35.8013 -19.9245 31.0087 6.0795 -43.3030 -40.7348 -32.1617 -4.7528 22.4235 -12.6497 -43.4896 -38.2131 -26.3600 27.2607 14.8986 -34.3204 -42.8329 -36.0223 -21.2261 32.2127 9.2800 -41.6946 -41.8061 -34.0383 -14.7444
-31.3741 -42.0151 -40.9593 10.2225 32.4170 -22.0262 -36.3354 -42.9573 -32.5581 15.6138 25.4247 -26.8143 -38.3655 -43.5077 -11.8781 22.5289 -4.7528 -32.1197 -40.6774 -43.3706 5.5771 30.6330 -19.3767 -35.5741 -42.7524 -33.9299 15.7607 22.3457 -28.1316 -39.1072 -43.5952 -2.0428 26.4172 -14.3134 -34.0444 -42.0116 -40.0457 12.0667 31.1661 -25.1612 -37.9416 -43.4900 -11.7598 23.0893 -7.8138 -32.7227 -41.2045 -42.6461 8.2051 31.5912 -6.0833 31.5912 8.2051 -42.6461 -41.2045 -32.7227 -7.8138 23.0893 -11.7598 -43.4900 -37.9416 -25.1612 31.1661 12.0667 -40.0457 -42.0116 -34.0444 -14.3134 26.4172 -2.0428 -43.5952 -39.1072 -28.1316 22.3457 15.7607 -33.9299 -42.7524 -35.5741 -19.3767 30.6330 5.5771 -43.3706 -40.6774 -32.1197 -4.7528 22.5289 -11.8781 -43.5077 -38.3655 -26.8143 25.4247 15.6138 -32.5581 -42.9573 -36.3354 -22.0262 32.4170 10.2225 -40.9593 -42.0151 -31.3741
-39.6511 -40.0659 11.1496 32.3595 -22.8265 -36.6569 -43.0777 -30.3789 16.4372 22.7984 -27.3893 -38.5713 -43.5324 -10.4254 22.8379 -5.4152 -32.1617 -40.6774 -43.3909 5.3124 30.3829 -18.9778 -35.3988 -42.6615 -35.1989 15.0956 24.8783 -27.5076 -38.8543 -43.5816 -3.9735 25.5771 -12.9689 -33.7070 -41.8138 -40.9328 11.1702 31.9603 -24.3980 -37.6257 -43.4345 -15.0147 22.2274 -5.3089 -32.3663 -40.9636 -42.9973 7.4801 31.7675 -19.9827 -32.1064 -19.9827 31.7675 7.4801 -42.9973 -40.9636 -32.3663 -5.3089 22.2274 -15.0147 -43.4345 -37.6257 -24.3980 31.9603 11.1702 -40.9328 -41.8138 -33.7070 -12.9689 25.5771 -3.9735 -43.5816 -38.8543 -27.5076 24.8783 15.0956 -35.1989 -42.6615 -35.3988 -18.9778 30.3829 5.3124 -43.3909 -40.6774 -32.1617 -5.4152 22.8379 -10.4254 -43.5324 -38.5713 -27.3893 22.7984 16.4372 -30.3789 -43.0777 -36.6569 -22.8265 32.3595 11.1496 -40.0659 -39.6511
-38.5633 12.0857 31.9664 -23.6181 -36.9821 -43.1860 -27.8105 17.3461 19.3257 -28.0527 -38.8149 -43.5586 -8.4897 23.3267 -6.6119 -32.2862 -40.7348 -43.3706 5.3124 30.2954 -18.7668 -35.2889 -42.5921 -36.0777 14.5666 26.6802 -26.9709 -38.6265 -43.5637 -5.9903 24.7951 -11.5278 -33.3787 -41.6112 -41.6460 10.2719 32.3509 -23.6358 -37.3098 -43.3634 -18.3614 21.3750 -2.2565 -32.0064 -40.7165 -43.2668 6.4824 31.3369 -20.2857 -35.6393 -41.4730 -35.6393 -20.2857 31.3369 6.4824 -43.2668 -40.7165 -32.0064 -2.2565 21.3750 -18.3614 -43.3634 -37.3098 -23.6358 32.3509 10.2719 -41.6460 -41.6112 -33.3787 -11.5278 24.7951 -5.9903 -43.5637 -38.6265 -26.9709 26.6802 14.5666 -36.0777 -42.5921 -35.2889 -18.7668 30.2954 5.3124 -43.3706 -40.7348 -32.2862 -6.6119 23.3267 -8.4897 -43.5586 -38.8149 -28.0527 19.3257 17.3461 -27.8105 -43.1860 -36.9821 -23.6181 31.9664 12.0857 -38.5633
12.2137 31.1632 -24.3925 -37.3058 -43.2806 -24.9005 18.3209 15.1199 -28.7766 -39.0838 -43.5817 -6.3408 23.9579 -8.1330 -32.4837 -40.8471 -43.3030 5.5771 30.3829 -18.7668 -35.2524 -42.5550 -36.6028 14.1972 27.8597 -26.5388 -38.4319 -43.5412 -7.9858 24.0892 -10.0215 -33.0704 -41.4109 -42.2049 9.3740 32.4232 -22.8722 -36.9956 -43.2809 -21.6521 20.4285 1.4022 -31.6430 -40.4599 -43.4498 5.3646 30.6939 -19.6151 -35.6587 -43.4392 -45.2565 -43.4392 -35.6587 -19.6151 30.6939 5.3646 -43.4498 -40.4599 -31.6430 1.4022 20.4285 -21.6521 -43.2809 -36.9956 -22.8722 32.4232 9.3740 -42.2049 -41.4109 -33.0704 -10.0215 24.0892 -7.9858 -43.5412 -38.4319 -26.5388 27.8597 14.1972 -36.6028 -42.5550 -35.2524 -18.7668 30.3829 5.5771 -43.3030 -40.8471 -32.4837 -8.1330 23.9579 -6.3408 -43.5817 -39.0838 -28.7766 15.1199 18.3209 -24.9005 -43.2806 -37.3058 -24.3925 31.1632 12.2137
29.0411 -25.1632 -37.6250 -43.3629 -21.7183 19.3525 10.4443 -29.5382 -39.3633 -43.5972 -4.1756 24.6963 -9.7725 -32.7385 -41.0038 -43.1745 6.0795 30.6330 -18.9778 -35.2889 -42.5550 -36.7771 14.0057 28.5173 -26.2342 -38.2833 -43.5184 -9.7940 23.4862 -8.5015 -32.7895 -41.2183 -42.6241 8.4966 32.2544 -22.1135 -36.6849 -43.1885 -24.7548 19.3860 5.6210 -31.1001 -40.1961 -43.5566 4.1519 29.9264 -18.7310 -35.3925 -42.7801 -36.8184 4.1963 -36.8184 -42.7801 -35.3925 -18.7310 29.9264 4.1519 -43.5566 -40.1961 -31.1001 5.6210 19.3860 -24.7548 -43.1885 -36.6849 -22.1135 32.2544 8.4966 -42.6241 -41.2183 -32.7895 -8.5015 23.4862 -9.7940 -43.5184 -38.2833 -26.2342 28.5173 14.0057 -36.7771 -42.5550 -35.2889 -18.9778 30.6330 6.0795 -43.1745 -41.0038 -32.7385 -9.7725 24.6963 -4.1756 -43.5972 -39.3633 -29.5382 10.4443 19.3525 -21.7183 -43.3629 -37.6250 -25.1632 29.0411
-23.9257 -37.9442 -43.4345 -18.3730 20.4171 5.7247 -30.3237 -39.6444 -43.6044 -2.1437 25.5139 -11.3793 -33.0334 -41.1893 -42.9701 6.7529 31.0087 -19.3767 -35.3988 -42.5921 -36.6028 14.0057 28.7284 -26.0771 -38.1905 -43.5015 -11.2406 23.0101 -7.0826 -32.5446 -41.0416 -42.9243 7.6680 31.9284 -21.3755 -36.3836 -43.0874 -27.5583 18.3895 10.1979 -30.3527 -39.9289 -43.5983 2.8374 29.0899 -17.7557 -35.0694 -42.5678 -36.6264 13.0181 27.8105 13.0181 -36.6264 -42.5678 -35.0694 -17.7557 29.0899 2.8374 -43.5983 -39.9289 -30.3527 10.1979 18.3895 -27.5583 -43.0874 -36.3836 -21.3755 31.9284 7.6680 -42.9243 -41.0416 -32.5446 -7.0826 23.0101 -11.2406 -43.5015 -38.1905 -26.0771 28.7284 14.0057 -36.6028 -42.5921 -35.3988 -19.3767 31.0087 6.7529 -42.9701 -41.1893 -33.0334 -11.3793 25.5139 -2.1437 -43.6044 -39.6444 -30.3237 5.7247 20.4171 -18.3730 -43.4345 -37.9442 -23.9257
-35.3934 -43.4966 -15.0148 21.3750 1.4291 -31.0903 -39.9218 -43.6058 -0.3099 26.3785 -12.8880 -33.3556 -41.3919 -42.6677 7.5441 31.4488 -19.9245 -35.5741 -42.6615 -36.0777 14.1972 28.5173 -26.0771 -38.1588 -43.4905 -12.1774 22.6742 -5.9036 -32.3503 -40.8921 -43.1329 6.9063 31.5259 -20.6831 -36.0987 -42.9798 -29.9922 17.4697 14.6796 -29.5958 -39.6592 -43.6053 1.3936 28.2109 -16.7105 -34.7332 -42.3885 -37.7588 13.4878 31.0387 -16.4905 31.0387 13.4878 -37.7588 -42.3885 -34.7332 -16.7105 28.2109 1.3936 -43.6053 -39.6592 -29.5958 14.6796 17.4697 -29.9922 -42.9798 -36.0987 -20.6831 31.5259 6.9063 -43.1329 -40.8921 -32.3503 -5.9036 22.6742 -12.1774 -43.4905 -38.1588 -26.0771 28.5173 14.1972 -36.0777 -42.6615 -35.5741 -19.9245 31.4488 7.5441 -42.6677 -41.3919 -33.3556 -12.8880 26.3785 -0.3099 -43.6058 -39.9218 -31.0903 1.4291 21.3750 -15.0148 -43.4966 -35.3934
-41.4072 -11.7580 22.2273 -2.2565 -31.6424 -40.1935 -43.5987 1.3427 27.2758 -14.2744 -33.6939 -41.6017 -42.2406 8.4150 31.8814 -20.5824 -35.8013 -42.7524 -35.1989 14.5666 27.8597 -26.2342 -38.1905 -43.4905 -12.5018 22.5028 -5.0958 -32.2136 -40.7781 -43.2679 6.2419 31.1052 -20.0483 -35.8404 -42.8722 -32.0335 16.6266 18.6618 -28.8760 -39.3905 -43.6040 -0.1988 27.3183 -15.5813 -34.3952 -42.2070 -38.9710 12.8821 30.3966 -24.7299 -34.2660 -24.7299 30.3966 12.8821 -38.9710 -42.2070 -34.3952 -15.5813 27.3183 -0.1988 -43.6040 -39.3905 -28.8760 18.6618 16.6266 -32.0335 -42.8722 -35.8404 -20.0483 31.1052 6.2419 -43.2679 -40.7781 -32.2136 -5.0958 22.5028 -12.5018 -43.4905 -38.1905 -26.2342 27.8597 14.5666 -35.1989 -42.7524 -35.8013 -20.5824 31.8814 8.4150 -42.2406 -41.6017 -33.6939 -14.2744 27.2758 1.3427 -43.5987 -40.1935 -31.6424 -2.2565 22.2273 -11.7580 -41.4072
-11.1592 23.1327 -5.3090 -32.0065 -40.4600 -43.5566 2.8227 28.1904 -15.5370 -34.0387 -41.8102 -41.6755 9.3240 32.2329 -21.3074 -36.0679 -42.8589 -33.9299 15.0956 26.6802 -26.5388 -38.2833 -43.5015 -12.1774 22.5028 -4.8068 -32.1429 -40.7051 -43.3458 5.7292 30.7313 -19.5002 -35.6171 -42.7711 -33.6924 15.8689 21.9468 -28.2073 -39.1301 -43.5968 -1.9389 26.4534 -14.3641 -34.0566 -42.0197 -40.0300 12.0610 31.2385 -24.9356 -37.6393 -43.1670 -37.6393 -24.9356 31.2385 12.0610 -40.0300 -42.0197 -34.0566 -14.3641 26.4534 -1.9389 -43.5968 -39.1301 -28.2073 21.9468 15.8689 -33.6924 -42.7711 -35.6171 -19.5002 30.7313 5.7292 -43.3458 -40.7051 -32.1429 -4.8068 22.5028 -12.1774 -43.5015 -38.2833 -26.5388 26.6802 15.0956 -33.9299 -42.8589 -36.0679 -21.3074 32.2329 9.3240 -41.6755 -41.8102 -34.0387 -15.5370 28.1904 2.8227 -43.5566 -40.4600 -32.0065 -5.3090 23.1327 -11.1592
23.4858 -7.8337 -32.3668 -40.7157 -43.4498 4.1538 29.0848 -16.6918 -34.3853 -42.0100 -40.9568 10.2367 32.4194 -22.0697 -36.3605 -42.9715 -32.2549 15.7607 24.8783 -26.9709 -38.4319 -43.5184 -11.2406 22.6742 -5.0958 -32.1429 -40.6796 -43.3810 5.4072 30.4614 -19.0853 -35.4406 -42.6802 -34.9713 15.2066 24.5197 -27.5989 -38.8840 -43.5842 -3.8202 25.6286 -13.0503 -33.7243 -41.8235 -40.9079 11.1919 31.9551 -24.3613 -37.5643 -44.2864 -42.1403 -44.2864 -37.5643 -24.3613 31.9551 11.1919 -40.9079 -41.8235 -33.7243 -13.0503 25.6286 -3.8202 -43.5842 -38.8840 -27.5989 24.5197 15.2066 -34.9713 -42.6802 -35.4406 -19.0853 30.4614 5.4072 -43.3810 -40.6796 -32.1429 -5.0958 22.6742 -11.2406 -43.5184 -38.4319 -26.9709 24.8783 15.7607 -32.2549 -42.9715 -36.3605 -22.0697 32.4194 10.2367 -40.9568 -42.0100 -34.3853 -16.6918 29.0848 4.1538 -43.4498 -40.7157 -32.3668 -7.8337 23.4858
-9.4337 -32.7286 -40.9646 -43.2647 5.3770 29.9347 -17.7597 -34.7317 -42.2026 -40.0560 11.1510 32.3571 -22.8456 -36.6703 -43.0829 -30.1758 16.5367 22.3457 -27.5076 -38.6265 -43.5412 -9.7940 23.0101 -5.9036 -32.2136 -40.7051 -43.3810 5.2975 30.3179 -18.8282 -35.3190 -42.6109 -35.8863 14.6716 26.3892 -27.0574 -38.6593 -43.5670 -5.7733 24.8588 -11.6419 -33.4005 -41.6218 -41.6149 10.3084 32.3436 -23.6503 -37.3043 -43.4665 -23.1651 9.9032 -23.1651 -43.4665 -37.3043 -23.6503 32.3436 10.3084 -41.6149 -41.6218 -33.4005 -11.6419 24.8588 -5.7733 -43.5670 -38.6593 -27.0574 26.3892 14.6716 -35.8863 -42.6109 -35.3190 -18.8282 30.3179 5.2975 -43.3810 -40.7051 -32.2136 -5.9036 23.0101 -9.7940 -43.5412 -38.6265 -27.5076 22.3457 16.5367 -30.1758 -43.0829 -36.6703 -22.8456 32.3571 11.1510 -40.0560 -42.2026 -34.7317 -17.7597 29.9347 5.3770 -43.2647 -40.9646 -32.7286 -9.4337
-30.0158 -41.2095 -42.9898 6.5119 30.7122 -18.7551 -35.0765 -42.3865 -38.9580 12.0628 31.9664 -23.6212 -36.9875 -43.1869 -27.6906 17.4045 18.9981 -28.1316 -38.8543 -43.5637 -7.9858 23.4862 -7.0826 -32.3503 -40.7781 -43.3458 5.4072 30.3179 -18.7386 -35.2564 -42.5690 -36.4858 14.2779 27.6358 -26.6180 -38.4651 -43.5461 -7.7091 24.1700 -10.1787 -33.0957 -41.4232 -42.1685 9.4322 32.4261 -22.9037 -37.0048 -43.3047 -22.5889 18.0235 31.7492 18.0235 -22.5889 -43.3047 -37.0048 -22.9037 32.4261 9.4322 -42.1685 -41.4232 -33.0957 -10.1787 24.1700 -7.7091 -43.5461 -38.4651 -26.6180 27.6358 14.2779 -36.4858 -42.5690 -35.2564 -18.7386 30.3179 5.4072 -43.3458 -40.7781 -32.3503 -7.0826 23.4862 -7.9858 -43.5637 -38.8543 -28.1316 18.9981 17.4045 -27.6906 -43.1869 -36.9875 -23.6212 31.9664 12.0628 -38.9580 -42.3865 -35.0765 -18.7551 30.7122 6.5119 -42.9898 -41.2095 -30.0158
-38.7888 -42.6226 7.5767 31.3886 -19.6917 -35.4169 -42.5550 -37.6489 12.9659 31.1661 -24.3926 -37.3058 -43.2794 -24.8562 18.3515 14.9077 -28.8230 -39.1072 -43.5816 -5.9903 24.0892 -8.5015 -32.5446 -40.8921 -43.2679 5.7292 30.4614 -18.8282 -35.2564 -42.5538 -36.7795 14.0298 28.3993 -26.2962 -38.3126 -43.5253 -9.5199 23.5679 -8.7075 -32.8210 -41.2375 -42.5864 8.5777 32.2735 -22.1595 -36.6992 -43.1990 -24.8573 18.9078 13.9369 -22.8675 13.9369 18.9078 -24.8573 -43.1990 -36.6992 -22.1595 32.2735 8.5777 -42.5864 -41.2375 -32.8210 -8.7075 23.5679 -9.5199 -43.5253 -38.3126 -26.2962 28.3993 14.0298 -36.7795 -42.5538 -35.2564 -18.8282 30.4614 5.7292 -43.2679 -40.8921 -32.5446 -8.5015 24.0892 -5.9903 -43.5816 -39.1072 -28.8230 14.9077 18.3515 -24.8562 -43.2794 -37.3058 -24.3926 31.1661 12.9659 -37.6489 -42.5550 -35.4169 -19.6917 31.3886 7.5767 -42.6226 -38.7888
-40.9762 8.6072 31.9308 -20.5840 -35.7559 -42.7127 -36.0907 13.8711 29.8708 -25.1612 -37.6251 -43.3629 -21.7132 19.3634 10.3448 -29.5619 -39.3757 -43.5952 -3.9735 24.7951 -10.0215 -32.7895 -41.0416 -43.1329 6.2419 30.7313 -19.0853 -35.3190 -42.5690 -36.7795 13.9452 28.7642 -26.0925 -38.2063 -43.5071 -11.0182 23.0737 -7.2809 -32.5769 -41.0663 -42.8925 7.7616 31.9668 -21.4410 -36.4028 -43.0961 -27.4707 18.3314 11.6165 -29.2479 -36.4120 -29.2479 11.6165 18.3314 -27.4707 -43.0961 -36.4028 -21.4410 31.9668 7.7616 -42.8925 -41.0663 -32.5769 -7.2809 23.0737 -11.0182 -43.5071 -38.2063 -26.0925 28.7642 13.9452 -36.7795 -42.5690 -35.3190 -19.0853 30.7313 6.2419 -43.1329 -41.0416 -32.7895 -10.0215 24.7951 -3.9735 -43.5952 -39.3757 -29.5619 10.3448 19.3634 -21.7132 -43.3629 -37.6251 -25.1612 29.8708 13.8711 -36.0907 -42.7127 -35.7559 -20.5840 31.9308 8.6072 -40.9762
8.6738 32.2946 -21.4356 -36.0920 -42.8577 -34.2627 14.7824 27.9975 -25.9245 -37.9416 -43.4345 -18.3730 20.4171 5.7081 -30.3321 -39.6490 -43.6031 -2.0428 25.5771 -11.5278 -33.0704 -41.2183 -42.9243 6.9063 31.1052 -19.5002 -35.4406 -42.6109 -36.4858 14.0298 28.7642 -26.0220 -38.1492 -43.4931 -12.0656 22.7160 -6.0396 -32.3735 -40.9124 -43.1092 6.9992 31.5768 -20.7598 -36.1269 -42.9908 -29.8575 17.4961 14.7857 -29.4143 -39.5664 -44.5615 -39.5664 -29.4143 14.7857 17.4961 -29.8575 -42.9908 -36.1269 -20.7598 31.5768 6.9992 -43.1092 -40.9124 -32.3735 -6.0396 22.7160 -12.0656 -43.4931 -38.1492 -26.0220 28.7642 14.0298 -36.4858 -42.6109 -35.4406 -19.5002 31.1052 6.9063 -42.9243 -41.2183 -33.0704 -11.5278 25.5771 -2.0428 -43.6031 -39.6490 -30.3321 5.7081 20.4171 -18.3730 -43.4345 -37.9416 -25.9245 27.9975 14.7824 -34.2627 -42.8577 -36.0920 -21.4356 32.2946 8.6738
31.6723 -22.2643 -36.4245 -42.9894 -32.1443 15.7052 25.4690 -26.6846 -38.2512 -43.4900 -15.0147 21.3750 1.4291 -31.0904 -39.9220 -43.6051 -0.2568 26.4172 -12.9689 -33.3787 -41.4109 -42.6241 7.6680 31.5259 -20.0483 -35.6171 -42.6802 -35.8863 14.2779 28.3993 -26.0925 -38.1492 -43.4873 -12.6265 22.4991 -5.1421 -32.2242 -40.7889 -43.2539 6.3213 31.1605 -20.1259 -35.8729 -42.8866 -31.8722 16.6756 18.4991 -28.8686 -39.3738 -44.4868 -32.7643 -44.4868 -39.3738 -28.8686 18.4991 16.6756 -31.8722 -42.8866 -35.8729 -20.1259 31.1605 6.3213 -43.2539 -40.7889 -32.2242 -5.1421 22.4991 -12.6265 -43.4873 -38.1492 -26.0925 28.3993 14.2779 -35.8863 -42.6802 -35.6171 -20.0483 31.5259 7.6680 -42.6241 -41.4109 -33.3787 -12.9689 26.4172 -0.2568 -43.6051 -39.9220 -31.0904 1.4291 21.3750 -15.0147 -43.4900 -38.2512 -26.6846 25.4690 15.7052 -32.1443 -42.9894 -36.4245 -22.2643 31.6723
-21.5334 -36.7576 -43.1107 -29.7133 16.6476 22.2255 -27.4472 -38.5576 -43.5338 -11.7598 22.2274 -2.2565 -31.6424 -40.1935 -43.5987 1.3590 27.2946 -14.3134 -33.7070 -41.6112 -42.2049 8.4966 31.9284 -20.6831 -35.8404 -42.7711 -34.9713 14.6716 27.6358 -26.2962 -38.2063 -43.4931 -12.6265 22.4249 -4.6619 -32.1345 -40.7056 -43.3424 5.7702 30.7720 -19.5631 -35.6451 -42.7837 -33.5142 15.9322 21.7492 -28.2397 -39.1398 -43.6630 -5.0741 14.7131 -5.0741 -43.6630 -39.1398 -28.2397 21.7492 15.9322 -33.5142 -42.7837 -35.6451 -19.5631 30.7720 5.7702 -43.3424 -40.7056 -32.1345 -4.6619 22.4249 -12.6265 -43.4931 -38.2063 -26.2962 27.6358 14.6716 -34.9713 -42.7711 -35.8404 -20.6831 31.9284 8.4966 -42.2049 -41.6112 -33.7070 -14.3134 27.2946 1.3590 -43.5987 -40.1935 -31.6424 -2.2565 22.2274 -11.7598 -43.5338 -38.5576 -27.4472 22.2255 16.6476 -29.7133 -43.1107 -36.7576 -21.5334
-34.1729 -43.2211 -26.9867 17.6158 18.2983 -28.2099 -38.8587 -43.5660 -8.7458 23.0893 -5.3091 -32.0065 -40.4600 -43.5566 2.8227 28.1937 -15.5497 -34.0444 -41.8138 -41.6460 9.3740 32.2544 -21.3755 -36.0987 -42.8722 -33.6924 15.2066 26.3892 -26.6180 -38.3126 -43.5071 -12.0656 22.4991 -4.6619 -32.1045 -40.6636 -43.3885 5.3860 30.4642 -19.1087 -35.4550 -42.6893 -34.8328 15.2749 24.2999 -27.6406 -38.9019 -43.5985 -4.3791 23.4445 27.3722 23.4445 -4.3791 -43.5985 -38.9019 -27.6406 24.2999 15.2749 -34.8328 -42.6893 -35.4550 -19.1087 30.4642 5.3860 -43.3885 -40.6636 -32.1045 -4.6619 22.4991 -12.0656 -43.5071 -38.3126 -26.6180 26.3892 15.2066 -33.6924 -42.8722 -36.0987 -21.3755 32.2544 9.3740 -41.6460 -41.8138 -34.0444 -15.5497 28.1937 2.8227 -43.5566 -40.4600 -32.0065 -5.3091 23.0893 -8.7458 -43.5660 -38.8587 -28.2099 18.2983 17.6158 -26.9867 -43.2211 -34.1729
-41.0240 -23.9713 18.6224 13.7870 -28.9836 -39.1540 -43.5872 -6.0476 23.9606 -7.8278 -32.3668 -40.7157 -43.4498 4.1538 29.0848 -16.6919 -34.3863 -42.0116 -40.9328 10.2719 32.4232 -22.1135 -36.3836 -42.9798 -32.0335 15.8689 24.5197 -27.0574 -38.4651 -43.5253 -11.0182 22.7160 -5.1421 -32.1345 -40.6636 -43.4027 5.1903 30.2720 -18.7935 -35.3142 -42.6127 -35.8413 14.7121 26.2271 -27.1053 -38.6789 -43.5709 -5.7695 24.6348 -8.4781 -27.4189 -8.4781 24.6348 -5.7695 -43.5709 -38.6789 -27.1053 26.2271 14.7121 -35.8413 -42.6127 -35.3142 -18.7935 30.2720 5.1903 -43.4027 -40.6636 -32.1345 -5.1421 22.7160 -11.0182 -43.5253 -38.4651 -27.0574 24.5197 15.8689 -32.0335 -42.9798 -36.3836 -22.1135 32.4232 10.2719 -40.9328 -42.0116 -34.3863 -16.6919 29.0848 4.1538 -43.4498 -40.7157 -32.3668 -7.8278 23.9606 -6.0476 -43.5872 -39.1540 -28.9836 13.7870 18.6224 -23.9713 -41.0240
-22.9139 19.7155 9.0050 -29.7680 -39.4452 -43.6007 -3.6725 24.8440 -9.9368 -32.7264 -40.9646 -43.2647 5.3770 29.9347 -17.7597 -34.7317 -42.2032 -40.0457 11.1702 32.3509 -22.8722 -36.6849 -43.0874 -29.9922 16.6266 21.9468 -27.5989 -38.6593 -43.5461 -9.5199 23.0737 -6.0396 -32.2242 -40.7056 -43.3885 5.1903 30.2067 -18.6336 -35.2294 -42.5594 -36.5336 14.2695 27.6042 -26.6463 -38.4813 -43.5477 -7.5702 24.1719 -9.7096 -32.5295 -38.5820 -32.5295 -9.7096 24.1719 -7.5702 -43.5477 -38.4813 -26.6463 27.6042 14.2695 -36.5336 -42.5594 -35.2294 -18.6336 30.2067 5.1903 -43.3885 -40.7056 -32.2242 -6.0396 23.0737 -9.5199 -43.5461 -38.6593 -27.5989 21.9468 16.6266 -29.9922 -43.0874 -36.6849 -22.8722 32.3509 11.1702 -40.0457 -42.2032 -34.7317 -17.7597 29.9347 5.3770 -43.2647 -40.9646 -32.7264 -9.9368 24.8440 -3.6725 -43.6007 -39.4452 -29.7680 9.0050 19.7155 -22.9139
20.1506 4.3624 -30.5642 -39.7274 -43.6055 -1.6087 25.7343 -11.7246 -33.0837 -41.2048 -42.9900 6.5119 30.7122 -18.7551 -35.0765 -42.3865 -38.9580 12.0667 31.9603 -23.6358 -36.9956 -43.1885 -27.5583 17.4697 18.6618 -28.2073 -38.8840 -43.5670 -7.7091 23.5679 -7.2809 -32.3735 -40.7889 -43.3424 5.3860 30.2720 -18.6336 -35.2012 -42.5322 -36.9271 13.9685 28.4932 -26.2811 -38.3137 -43.5268 -9.3717 23.6113 -8.7002 -32.7345 -41.4108 -45.4894 -41.4108 -32.7345 -8.7002 23.6113 -9.3717 -43.5268 -38.3137 -26.2811 28.4932 13.9685 -36.9271 -42.5322 -35.2012 -18.6336 30.2720 5.3860 -43.3424 -40.7889 -32.3735 -7.2809 23.5679 -7.7091 -43.5670 -38.8840 -28.2073 18.6618 17.4697 -27.5583 -43.1885 -36.9956 -23.6358 31.9603 12.0667 -38.9580 -42.3865 -35.0765 -18.7551 30.7122 6.5119 -42.9900 -41.2048 -33.0837 -11.7246 25.7343 -1.6087 -43.6055 -39.7274 -30.5642 4.3624 20.1506
0.3237 -31.2720 -40.0045 -43.6052 0.2047 26.6379 -13.2825 -33.4385 -41.4355 -42.6132 7.5768 31.3886 -19.6917 -35.4169 -42.5550 -37.6489 12.9659 31.1661 -24.3980 -37.3098 -43.2809 -24.7548 18.3895 14.6796 -28.8760 -39.1301 -43.5842 -5.7733 24.1700 -8.7075 -32.5769 -40.9124 -43.2539 5.7702 30.4642 -18.7935 -35.2294 -42.5322 -37.0547 13.8183 28.9795 -26.0294 -38.1863 -43.5068 -11.0148 23.0993 -7.3659 -32.5735 -41.0912 -43.6016 -13.2768 -43.6016 -41.0912 -32.5735 -7.3659 23.0993 -11.0148 -43.5068 -38.1863 -26.0294 28.9795 13.8183 -37.0547 -42.5322 -35.2294 -18.7935 30.4642 5.7702 -43.2539 -40.9124 -32.5769 -8.7075 24.1700 -5.7733 -43.5842 -39.1301 -28.8760 14.6796 18.3895 -24.7548 -43.2809 -37.3098 -24.3980 31.1661 12.9659 -37.6489 -42.5550 -35.4169 -19.6917 31.3886 7.5768 -42.6132 -41.4355 -33.4385 -13.2825 26.6379 0.2047 -43.6052 -40.0045 -31.2720 0.3237
-28.6136 -40.2788 -43.5911 1.8063 27.5507 -14.6593 -33.7919 -41.6588 -42.1176 8.5901 31.9308 -20.5840 -35.7559 -42.7127 -36.0907 13.8711 29.8708 -25.1612 -37.6257 -43.3634 -21.6521 19.3860 10.1979 -29.5958 -39.3905 -43.5968 -3.8202 24.8588 -10.1787 -32.8210 -41.0663 -43.1092 6.3213 30.7720 -19.1087 -35.3142 -42.5594 -36.9271 13.8183 29.1331 -25.9035 -38.1093 -43.4912 -12.3101 22.6828 -6.0365 -32.3798 -40.9242 -43.1588 5.3236 20.4239 5.3236 -43.1588 -40.9242 -32.3798 -6.0366 22.6828 -12.3101 -43.4912 -38.1093 -25.9035 29.1331 13.8183 -36.9271 -42.5594 -35.3142 -19.1087 30.7720 6.3213 -43.1092 -41.0663 -32.8210 -10.1787 24.8588 -3.8202 -43.5968 -39.3905 -29.5958 10.1979 19.3860 -21.6521 -43.3634 -37.6257 -25.1612 29.8708 13.8711 -36.0907 -42.7127 -35.7559 -20.5840 31.9308 8.5901 -42.1176 -41.6588 -33.7919 -14.6593 27.5507 1.8063 -43.5911 -40.2788 -28.6136
-37.8104 -43.5406 3.2370 28.4629 -15.8957 -34.1413 -41.8687 -41.4904 9.5599 32.2937 -21.4357 -36.0920 -42.8577 -34.2627 14.7824 27.9975 -25.9245 -37.9416 -43.4345 -18.3614 20.4285 5.6210 -30.3527 -39.6592 -43.6040 -1.9389 25.6286 -11.6419 -33.0957 -41.2375 -42.8925 6.9992 31.1605 -19.5631 -35.4550 -42.6127 -36.5336 13.9685 28.9795 -25.9035 -38.0836 -43.4830 -13.1092 22.3980 -4.9162 -32.2108 -40.7889 -43.2583 6.0120 29.9911 1.6597 29.9911 6.0122 -43.2583 -40.7889 -32.2108 -4.9166 22.3980 -13.1092 -43.4830 -38.0836 -25.9035 28.9795 13.9685 -36.5336 -42.6127 -35.4550 -19.5631 31.1605 6.9992 -42.8925 -41.2375 -33.0957 -11.6419 25.6286 -1.9389 -43.6040 -39.6592 -30.3527 5.6210 20.4285 -18.3614 -43.4345 -37.9416 -25.9245 27.9975 14.7824 -34.2627 -42.8577 -36.0920 -21.4357 32.2937 9.5599 -41.4904 -41.8687 -34.1413 -15.8957 28.4629 3.2370 -43.5406 -37.8104
-41.7737 4.5493 29.3498 -17.0256 -34.4898 -42.0695 -40.7065 10.5034 32.4305 -22.2622 -36.4246 -42.9894 -32.1443 15.7052 25.4690 -26.6846 -38.2512 -43.4900 -15.0147 21.3750 1.4022 -31.1001 -39.9289 -43.6053 -0.1988 26.4534 -13.0503 -33.4005 -41.4232 -42.5864 7.7616 31.5768 -20.1259 -35.6451 -42.6893 -35.8413 14.2695 28.4932 -26.0294 -38.1093 -43.4830 -13.3784 22.2560 -4.1924 -32.0913 -40.6853 -43.3501 5.6996 30.5755 -18.0496 -31.3069 -18.0550 30.5771 5.6997 -43.3498 -40.6892 -32.0900 -4.1857 22.2547 -13.3784 -43.4830 -38.1093 -26.0294 28.4932 14.2695 -35.8413 -42.6893 -35.6451 -20.1259 31.5768 7.7616 -42.5864 -41.4232 -33.4005 -13.0503 26.4534 -0.1988 -43.6053 -39.9289 -31.1001 1.4022 21.3750 -15.0147 -43.4900 -38.2512 -26.6846 25.4690 15.7052 -32.1443 -42.9894 -36.4246 -22.2622 32.4305 10.5034 -40.7065 -42.0695 -34.4898 -17.0256 29.3498 4.5493 -41.7737
4.6136 30.1794 -18.0655 -34.8359 -42.2592 -39.7465 11.4264 32.2795 -23.0664 -36.7550 -43.1107 -29.7133 16.6476 22.2255 -27.4472 -38.5576 -43.5338 -11.7598 22.2274 -2.2565 -31.6430 -40.1961 -43.5983 1.3936 27.3183 -14.3641 -33.7243 -41.6218 -42.1685 8.5777 31.9668 -20.7598 -35.8729 -42.7837 -34.8328 14.7121 27.6042 -26.2811 -38.1863 -43.4912 -13.1092 22.2560 -3.9425 -32.0322 -40.6014 -43.4096 5.3242 30.4129 -18.8433 -35.0170 -40.8860 -35.0145 -18.8592 30.3845 5.2638 -43.4181 -40.6246 -32.0135 -3.8805 22.2534 -13.1092 -43.4912 -38.1863 -26.2811 27.6042 14.7121 -34.8328 -42.7837 -35.8729 -20.7598 31.9668 8.5777 -42.1685 -41.6218 -33.7243 -14.3641 27.3183 1.3936 -43.5983 -40.1961 -31.6430 -2.2565 22.2274 -11.7598 -43.5338 -38.5576 -27.4472 22.2255 16.6476 -29.7133 -43.1107 -36.7550 -23.0664 32.2795 11.4264 -39.7465 -42.2592 -34.8359 -18.0655 30.1794 4.6136
30.2944 -19.0446 -35.1788 -42.4367 -38.5886 12.3354 31.7724 -23.8523 -37.0795 -43.2148 -26.9895 17.6150 18.3028 -28.2097 -38.8597 -43.5675 -8.7458 23.0893 -5.3089 -32.0064 -40.4599 -43.5566 2.8374 28.2109 -15.5813 -34.0566 -41.8235 -41.6149 9.4322 32.2735 -21.4410 -36.1269 -42.8866 -33.5142 15.2749 26.2271 -26.6463 -38.3137 -43.5068 -12.3101 22.3980 -4.1926 -32.0322 -40.7303 -43.2525 5.1600 30.3183 -18.8734 -35.1407 -43.0802 -45.5321 -43.2004 -35.3597 -18.8258 30.3831 5.1326 -43.4618 -40.4603 -31.9111 -4.1395 22.3967 -12.3101 -43.5068 -38.3137 -26.6463 26.2271 15.2749 -33.5142 -42.8866 -36.1269 -21.4410 32.2735 9.4322 -41.6149 -41.8235 -34.0566 -15.5813 28.2109 2.8374 -43.5566 -40.4599 -32.0064 -5.3089 23.0893 -8.7458 -43.5675 -38.8597 -28.2097 18.3028 17.6150 -26.9895 -43.2148 -37.0795 -23.8523 31.7724 12.3354 -38.5886 -42.4367 -35.1788 -19.0446 30.2944
-18.8088 -35.5225 -42.6045 -37.2049 13.2384 30.8314 -24.6261 -37.4006 -43.3057 -23.9807 18.6183 13.8105 -28.9812 -39.1536 -43.5891 -6.0629 23.9555 -7.8138 -32.3663 -40.7165 -43.4498 4.1519 29.0899 -16.7105 -34.3952 -42.0197 -40.9079 10.3084 32.4261 -22.1595 -36.4028 -42.9908 -31.8722 15.9322 24.2999 -27.1053 -38.4813 -43.5268 -11.0148 22.6828 -4.9163 -32.0912 -40.5943 -43.3135 5.7270 30.1236 -19.1521 -35.3874 -42.8147 -38.3305 2.8093 -38.2263 -42.4916 -35.1712 -18.6224 29.9923 4.4125 -43.4858 -40.5984 -32.0878 -4.9170 22.6828 -11.0148 -43.5268 -38.4813 -27.1053 24.2999 15.9322 -31.8722 -42.9908 -36.4028 -22.1595 32.4261 10.3084 -40.9079 -42.0197 -34.3952 -16.7105 29.0899 4.1519 -43.4498 -40.7165 -32.3663 -7.8138 23.9555 -6.0629 -43.5891 -39.1536 -28.9812 13.8105 18.6183 -23.9807 -43.3057 -37.4006 -24.6261 30.8314 13.2384 -37.2049 -42.6045 -35.5225 -18.8088
-32.9007 -42.7633 -35.5820 14.1373 29.3846 -25.3868 -37.7187 -43.3873 -20.7515 19.6613 9.0512 -29.7622 -39.4412 -43.6012 -3.7072 24.8304 -9.9065 -32.7227 -40.9636 -43.2668 5.3646 29.9264 -17.7557 -34.7332 -42.2070 -40.0300 11.1919 32.3436 -22.9037 -36.6992 -43.0961 -29.8575 16.6756 21.7492 -27.6406 -38.6789 -43.5477 -9.3717 23.0993 -6.0365 -32.2108 -40.6860 -43.4085 5.3699 30.4427 -18.9077 -35.3266 -42.5160 -37.3022 12.3725 27.3459 13.0643 -36.9170 -42.5101 -35.2175 -18.4838 30.2173 4.4464 -43.4405 -40.6984 -32.2107 -6.0366 23.0993 -9.3717 -43.5477 -38.6789 -27.6406 21.7492 16.6756 -29.8575 -43.0961 -36.6992 -22.9037 32.3436 11.1919 -40.0300 -42.2070 -34.7332 -17.7557 29.9264 5.3646 -43.2668 -40.9636 -32.7227 -9.9065 24.8304 -3.7072 -43.6012 -39.4412 -29.7622 9.0512 19.6613 -20.7515 -43.3873 -37.7187 -25.3868 29.3846 14.1373 -35.5820 -42.7633 -32.9007
