0.2054 0.3330 0.5091 0.3837 0.1575 0.1653 0.2457 0.4264 0.4884 0.2445 0.1510 0.1903 0.3094 0.5028 0.4170 0.1643 0.1600 0.2298 0.3954 0.5003 0.2913 0.1512 0.1810 0.2870 0.4868 0.4453 0.1761 0.1558 0.2156 0.3658 0.5074 0.3366 0.1529 0.1730 0.2668 0.4616 0.4684 0.1986 0.1528 0.2030 0.3383 0.5093 0.3771 0.1566 0.1663 0.2485 0.4313 0.4863 0.2417 0.1497 0.1631 0.1497 0.2417 0.4863 0.4313 0.2485 0.1663 0.1566 0.3771 0.5093 0.3383 0.2030 0.1528 0.1986 0.4684 0.4616 0.2668 0.1730 0.1529 0.3366 0.5074 0.3658 0.2156 0.1558 0.1761 0.4453 0.4868 0.2870 0.1810 0.1512 0.2913 0.5003 0.3954 0.2298 0.1600 0.1643 0.4170 0.5028 0.3094 0.1903 0.1510 0.2445 0.4884 0.4264 0.2457 0.1653 0.1575 0.3837 0.5091 0.3330 0.2054
0.3330 0.5111 0.3861 0.1470 0.1555 0.2395 0.4252 0.4907 0.2484 0.1394 0.1819 0.3049 0.5041 0.4211 0.1553 0.1496 0.2228 0.3932 0.5024 0.2968 0.1396 0.1721 0.2818 0.4873 0.4489 0.1696 0.1448 0.2081 0.3628 0.5093 0.3422 0.1418 0.1636 0.2610 0.4612 0.4713 0.1974 0.1413 0.1951 0.3346 0.5110 0.3821 0.1462 0.1564 0.2422 0.4302 0.4885 0.2418 0.1392 0.1769 0.2371 0.1769 0.1392 0.2418 0.4885 0.4302 0.2422 0.1564 0.1462 0.3821 0.5110 0.3346 0.1951 0.1413 0.1974 0.4713 0.4612 0.2610 0.1636 0.1418 0.3422 0.5093 0.3628 0.2081 0.1448 0.1696 0.4489 0.4873 0.2818 0.1721 0.1396 0.2968 0.5024 0.3932 0.2228 0.1496 0.1553 0.4211 0.5041 0.3049 0.1819 0.1394 0.2484 0.4907 0.4252 0.2395 0.1555 0.1470 0.3861 0.5111 0.3330
0.5091 0.3861 0.1477 0.1545 0.2360 0.4178 0.4939 0.2608 0.1393 0.1792 0.2985 0.5005 0.4291 0.1583 0.1482 0.2186 0.3848 0.5046 0.3096 0.1400 0.1696 0.2759 0.4809 0.4555 0.1754 0.1437 0.2044 0.3549 0.5102 0.3536 0.1427 0.1616 0.2557 0.4530 0.4763 0.2079 0.1406 0.1918 0.3273 0.5102 0.3919 0.1478 0.1547 0.2374 0.4215 0.4922 0.2540 0.1392 0.1794 0.2908 0.4203 0.2908 0.1794 0.1392 0.2540 0.4922 0.4215 0.2374 0.1547 0.1478 0.3919 0.5102 0.3273 0.1918 0.1406 0.2079 0.4763 0.4530 0.2557 0.1616 0.1427 0.3536 0.5102 0.3549 0.2044 0.1437 0.1754 0.4555 0.4809 0.2759 0.1696 0.1400 0.3096 0.5046 0.3848 0.2186 0.1482 0.1583 0.4291 0.5005 0.2985 0.1792 0.1393 0.2608 0.4939 0.4178 0.2360 0.1545 0.1477 0.3861 0.5091
0.3837 0.1470 0.1545 0.2346 0.4134 0.4962 0.2710 0.1393 0.1767 0.2926 0.4965 0.4365 0.1618 0.1469 0.2146 0.3765 0.5066 0.3220 0.1406 0.1673 0.2702 0.4739 0.4616 0.1824 0.1427 0.2008 0.3472 0.5108 0.3646 0.1439 0.1596 0.2505 0.4446 0.4811 0.2195 0.1401 0.1887 0.3203 0.5090 0.4013 0.1497 0.1530 0.2328 0.4129 0.4956 0.2669 0.1392 0.1777 0.2935 0.4902 0.4932 0.4902 0.2935 0.1777 0.1392 0.2669 0.4956 0.4129 0.2328 0.1530 0.1497 0.4013 0.5090 0.3203 0.1887 0.1401 0.2195 0.4811 0.4446 0.2505 0.1596 0.1439 0.3646 0.5108 0.3472 0.2008 0.1427 0.1824 0.4616 0.4739 0.2702 0.1673 0.1406 0.3220 0.5066 0.3765 0.2146 0.1469 0.1618 0.4365 0.4965 0.2926 0.1767 0.1393 0.2710 0.4962 0.4134 0.2346 0.1545 0.1470 0.3837
0.1575 0.1555 0.2360 0.4134 0.4970 0.2770 0.1394 0.1749 0.2876 0.4922 0.4431 0.1657 0.1457 0.2109 0.3684 0.5082 0.3340 0.1412 0.1651 0.2647 0.4665 0.4674 0.1908 0.1418 0.1974 0.3396 0.5110 0.3750 0.1452 0.1577 0.2456 0.4361 0.4855 0.2318 0.1397 0.1856 0.3135 0.5072 0.4102 0.1519 0.1515 0.2284 0.4043 0.4987 0.2800 0.1393 0.1753 0.2891 0.4923 0.4505 0.2861 0.4505 0.4923 0.2891 0.1753 0.1393 0.2800 0.4987 0.4043 0.2284 0.1515 0.1519 0.4102 0.5072 0.3135 0.1856 0.1397 0.2318 0.4855 0.4361 0.2456 0.1577 0.1452 0.3750 0.5110 0.3396 0.1974 0.1418 0.1908 0.4674 0.4665 0.2647 0.1651 0.1412 0.3340 0.5082 0.3684 0.2109 0.1457 0.1657 0.4431 0.4922 0.2876 0.1749 0.1394 0.2770 0.4970 0.4134 0.2360 0.1555 0.1575
0.1653 0.2395 0.4178 0.4962 0.2770 0.1394 0.1738 0.2842 0.4884 0.4485 0.1699 0.1447 0.2074 0.3609 0.5095 0.3453 0.1421 0.1630 0.2594 0.4587 0.4728 0.2005 0.1411 0.1940 0.3323 0.5107 0.3851 0.1466 0.1559 0.2407 0.4276 0.4895 0.2446 0.1394 0.1827 0.3068 0.5048 0.4187 0.1544 0.1500 0.2241 0.3957 0.5015 0.2930 0.1395 0.1728 0.2834 0.4884 0.4492 0.1776 0.1364 0.1776 0.4492 0.4884 0.2834 0.1728 0.1395 0.2930 0.5015 0.3957 0.2241 0.1500 0.1544 0.4187 0.5048 0.3068 0.1827 0.1394 0.2446 0.4895 0.4276 0.2407 0.1559 0.1466 0.3851 0.5107 0.3323 0.1940 0.1411 0.2005 0.4728 0.4587 0.2594 0.1630 0.1421 0.3453 0.5095 0.3609 0.2074 0.1447 0.1699 0.4485 0.4884 0.2842 0.1738 0.1394 0.2770 0.4962 0.4178 0.2395 0.1653
0.2457 0.4252 0.4939 0.2710 0.1394 0.1738 0.2830 0.4861 0.4521 0.1735 0.1439 0.2045 0.3542 0.5103 0.3558 0.1430 0.1611 0.2543 0.4507 0.4777 0.2113 0.1404 0.1908 0.3252 0.5099 0.3948 0.1484 0.1542 0.2360 0.4189 0.4932 0.2577 0.1393 0.1799 0.3003 0.5016 0.4268 0.1574 0.1486 0.2199 0.3873 0.5039 0.3058 0.1399 0.1704 0.2776 0.4827 0.4541 0.1755 0.1410 0.1659 0.1410 0.1755 0.4541 0.4827 0.2776 0.1704 0.1399 0.3058 0.5039 0.3873 0.2199 0.1486 0.1574 0.4268 0.5016 0.3003 0.1799 0.1393 0.2577 0.4932 0.4189 0.2360 0.1542 0.1484 0.3948 0.5099 0.3252 0.1908 0.1404 0.2113 0.4777 0.4507 0.2543 0.1611 0.1430 0.3558 0.5103 0.3542 0.2045 0.1439 0.1735 0.4521 0.4861 0.2830 0.1738 0.1394 0.2710 0.4939 0.4252 0.2457
0.4264 0.4907 0.2608 0.1393 0.1749 0.2842 0.4861 0.4533 0.1758 0.1434 0.2023 0.3488 0.5108 0.3648 0.1440 0.1593 0.2495 0.4426 0.4823 0.2228 0.1400 0.1878 0.3182 0.5086 0.4040 0.1504 0.1526 0.2315 0.4103 0.4966 0.2708 0.1393 0.1772 0.2940 0.4976 0.4345 0.1608 0.1472 0.2158 0.3789 0.5060 0.3183 0.1404 0.1680 0.2719 0.4760 0.4600 0.1807 0.1424 0.1942 0.2669 0.1942 0.1424 0.1807 0.4600 0.4760 0.2719 0.1680 0.1404 0.3183 0.5060 0.3789 0.2158 0.1472 0.1608 0.4345 0.4976 0.2940 0.1772 0.1393 0.2708 0.4966 0.4103 0.2315 0.1526 0.1504 0.4040 0.5086 0.3182 0.1878 0.1400 0.2228 0.4823 0.4426 0.2495 0.1593 0.1440 0.3648 0.5108 0.3488 0.2023 0.1434 0.1758 0.4533 0.4861 0.2842 0.1749 0.1393 0.2608 0.4907 0.4264
0.4884 0.2484 0.1393 0.1767 0.2876 0.4884 0.4521 0.1758 0.1432 0.2011 0.3452 0.5110 0.3720 0.1450 0.1578 0.2453 0.4350 0.4863 0.2346 0.1396 0.1848 0.3116 0.5066 0.4127 0.1526 0.1510 0.2271 0.4017 0.4996 0.2839 0.1394 0.1746 0.2878 0.4928 0.4419 0.1648 0.1460 0.2119 0.3707 0.5078 0.3304 0.1410 0.1658 0.2664 0.4688 0.4658 0.1883 0.1419 0.1969 0.3296 0.4677 0.3296 0.1969 0.1419 0.1883 0.4658 0.4688 0.2664 0.1658 0.1410 0.3304 0.5078 0.3707 0.2119 0.1460 0.1648 0.4419 0.4928 0.2878 0.1746 0.1394 0.2839 0.4996 0.4017 0.2271 0.1510 0.1526 0.4127 0.5066 0.3116 0.1848 0.1396 0.2346 0.4863 0.4350 0.2453 0.1578 0.1450 0.3720 0.5110 0.3452 0.2011 0.1432 0.1758 0.4521 0.4884 0.2876 0.1767 0.1393 0.2484 0.4884
0.2445 0.1394 0.1792 0.2926 0.4922 0.4485 0.1735 0.1434 0.2011 0.3439 0.5110 0.3767 0.1458 0.1566 0.2417 0.4282 0.4896 0.2459 0.1394 0.1821 0.3052 0.5040 0.4209 0.1552 0.1496 0.2228 0.3931 0.5023 0.2969 0.1396 0.1721 0.2818 0.4872 0.4489 0.1696 0.1448 0.2081 0.3627 0.5092 0.3422 0.1418 0.1636 0.2609 0.4611 0.4712 0.1975 0.1412 0.1947 0.3319 0.5080 0.4700 0.5080 0.3319 0.1947 0.1412 0.1975 0.4712 0.4611 0.2609 0.1636 0.1418 0.3422 0.5092 0.3627 0.2081 0.1448 0.1696 0.4489 0.4872 0.2818 0.1721 0.1396 0.2969 0.5023 0.3931 0.2228 0.1496 0.1552 0.4209 0.5040 0.3052 0.1821 0.1394 0.2459 0.4896 0.4282 0.2417 0.1566 0.1458 0.3767 0.5110 0.3439 0.2011 0.1434 0.1735 0.4485 0.4922 0.2926 0.1792 0.1394 0.2445
0.1510 0.1819 0.2985 0.4965 0.4431 0.1699 0.1439 0.2023 0.3452 0.5110 0.3783 0.1462 0.1558 0.2392 0.4227 0.4923 0.2560 0.1393 0.1797 0.2994 0.5009 0.4285 0.1581 0.1482 0.2187 0.3849 0.5046 0.3095 0.1400 0.1696 0.2759 0.4809 0.4555 0.1754 0.1437 0.2044 0.3549 0.5102 0.3536 0.1427 0.1616 0.2557 0.4530 0.4763 0.2080 0.1406 0.1917 0.3266 0.5095 0.4076 0.2129 0.4076 0.5095 0.3266 0.1917 0.1406 0.2080 0.4763 0.4530 0.2557 0.1616 0.1427 0.3536 0.5102 0.3549 0.2044 0.1437 0.1754 0.4555 0.4809 0.2759 0.1696 0.1400 0.3095 0.5046 0.3849 0.2187 0.1482 0.1581 0.4285 0.5009 0.2994 0.1797 0.1393 0.2560 0.4923 0.4227 0.2392 0.1558 0.1462 0.3783 0.5110 0.3452 0.2023 0.1439 0.1699 0.4431 0.4965 0.2985 0.1819 0.1510
0.1903 0.3049 0.5005 0.4365 0.1657 0.1447 0.2045 0.3488 0.5110 0.3767 0.1462 0.1556 0.2378 0.4191 0.4941 0.2641 0.1393 0.1777 0.2943 0.4974 0.4354 0.1614 0.1470 0.2149 0.3768 0.5065 0.3218 0.1406 0.1674 0.2702 0.4739 0.4616 0.1824 0.1427 0.2008 0.3472 0.5108 0.3646 0.1439 0.1596 0.2505 0.4446 0.4811 0.2195 0.1401 0.1886 0.3201 0.5088 0.4044 0.1527 0.1375 0.1527 0.4044 0.5088 0.3201 0.1886 0.1401 0.2195 0.4811 0.4446 0.2505 0.1596 0.1439 0.3646 0.5108 0.3472 0.2008 0.1427 0.1824 0.4616 0.4739 0.2702 0.1674 0.1406 0.3218 0.5065 0.3768 0.2149 0.1470 0.1614 0.4354 0.4974 0.2943 0.1777 0.1393 0.2641 0.4941 0.4191 0.2378 0.1556 0.1462 0.3767 0.5110 0.3488 0.2045 0.1447 0.1657 0.4365 0.5005 0.3049 0.1903
0.3094 0.5041 0.4291 0.1618 0.1457 0.2074 0.3542 0.5108 0.3720 0.1458 0.1558 0.2378 0.4179 0.4951 0.2693 0.1393 0.1761 0.2901 0.4939 0.4412 0.1648 0.1459 0.2113 0.3692 0.5081 0.3334 0.1412 0.1652 0.2648 0.4665 0.4674 0.1908 0.1418 0.1974 0.3396 0.5110 0.3750 0.1452 0.1577 0.2456 0.4361 0.4855 0.2318 0.1397 0.1856 0.3134 0.5072 0.4110 0.1526 0.1475 0.1807 0.1475 0.1526 0.4110 0.5072 0.3134 0.1856 0.1397 0.2318 0.4855 0.4361 0.2456 0.1577 0.1452 0.3750 0.5110 0.3396 0.1974 0.1418 0.1908 0.4674 0.4665 0.2648 0.1652 0.1412 0.3334 0.5081 0.3692 0.2113 0.1459 0.1648 0.4412 0.4939 0.2901 0.1761 0.1393 0.2693 0.4951 0.4179 0.2378 0.1558 0.1458 0.3720 0.5108 0.3542 0.2074 0.1457 0.1618 0.4291 0.5041 0.3094
0.5028 0.4211 0.1583 0.1469 0.2109 0.3609 0.5103 0.3648 0.1450 0.1566 0.2392 0.4191 0.4951 0.2712 0.1393 0.1751 0.2871 0.4909 0.4459 0.1682 0.1450 0.2082 0.3622 0.5093 0.3442 0.1420 0.1631 0.2596 0.4589 0.4727 0.2004 0.1411 0.1940 0.3323 0.5107 0.3851 0.1466 0.1559 0.2407 0.4276 0.4895 0.2446 0.1394 0.1827 0.3067 0.5048 0.4189 0.1546 0.1492 0.2153 0.3025 0.2153 0.1492 0.1546 0.4189 0.5048 0.3067 0.1827 0.1394 0.2446 0.4895 0.4276 0.2407 0.1559 0.1466 0.3851 0.5107 0.3323 0.1940 0.1411 0.2004 0.4727 0.4589 0.2596 0.1631 0.1420 0.3442 0.5093 0.3622 0.2082 0.1450 0.1682 0.4459 0.4909 0.2871 0.1751 0.1393 0.2712 0.4951 0.4191 0.2392 0.1566 0.1450 0.3648 0.5103 0.3609 0.2109 0.1469 0.1583 0.4211 0.5028
0.4170 0.1553 0.1482 0.2146 0.3684 0.5095 0.3558 0.1440 0.1578 0.2417 0.4227 0.4941 0.2693 0.1393 0.1747 0.2856 0.4888 0.4491 0.1712 0.1443 0.2056 0.3562 0.5101 0.3539 0.1428 0.1613 0.2547 0.4511 0.4776 0.2110 0.1405 0.1909 0.3252 0.5099 0.3948 0.1484 0.1542 0.2360 0.4189 0.4932 0.2577 0.1393 0.1799 0.3003 0.5016 0.4269 0.1574 0.1484 0.2182 0.3738 0.4999 0.3738 0.2182 0.1484 0.1574 0.4269 0.5016 0.3003 0.1799 0.1393 0.2577 0.4932 0.4189 0.2360 0.1542 0.1484 0.3948 0.5099 0.3252 0.1909 0.1405 0.2110 0.4776 0.4511 0.2547 0.1613 0.1428 0.3539 0.5101 0.3562 0.2056 0.1443 0.1712 0.4491 0.4888 0.2856 0.1747 0.1393 0.2693 0.4941 0.4227 0.2417 0.1578 0.1440 0.3558 0.5095 0.3684 0.2146 0.1482 0.1553 0.4170
0.1643 0.1496 0.2186 0.3765 0.5082 0.3453 0.1430 0.1593 0.2453 0.4282 0.4923 0.2641 0.1393 0.1751 0.2856 0.4881 0.4507 0.1732 0.1438 0.2036 0.3514 0.5106 0.3622 0.1437 0.1596 0.2502 0.4435 0.4819 0.2222 0.1400 0.1878 0.3184 0.5086 0.4039 0.1504 0.1526 0.2315 0.4103 0.4966 0.2708 0.1393 0.1772 0.2940 0.4976 0.4346 0.1608 0.1472 0.2154 0.3760 0.5069 0.4355 0.5069 0.3760 0.2154 0.1472 0.1608 0.4346 0.4976 0.2940 0.1772 0.1393 0.2708 0.4966 0.4103 0.2315 0.1526 0.1504 0.4039 0.5086 0.3184 0.1878 0.1400 0.2222 0.4819 0.4435 0.2502 0.1596 0.1437 0.3622 0.5106 0.3514 0.2036 0.1438 0.1732 0.4507 0.4881 0.2856 0.1751 0.1393 0.2641 0.4923 0.4282 0.2453 0.1593 0.1430 0.3453 0.5082 0.3765 0.2186 0.1496 0.1643
0.1600 0.2228 0.3848 0.5066 0.3340 0.1421 0.1611 0.2495 0.4350 0.4896 0.2560 0.1393 0.1761 0.2871 0.4888 0.4507 0.1739 0.1435 0.2024 0.3480 0.5109 0.3687 0.1446 0.1582 0.2462 0.4364 0.4857 0.2333 0.1396 0.1850 0.3119 0.5067 0.4125 0.1526 0.1510 0.2271 0.4017 0.4996 0.2839 0.1394 0.1746 0.2878 0.4928 0.4419 0.1648 0.1460 0.2118 0.3700 0.5080 0.3508 0.1639 0.3508 0.5080 0.3700 0.2118 0.1460 0.1648 0.4419 0.4928 0.2878 0.1746 0.1394 0.2839 0.4996 0.4017 0.2271 0.1510 0.1526 0.4125 0.5067 0.3119 0.1850 0.1396 0.2333 0.4857 0.4364 0.2462 0.1582 0.1446 0.3687 0.5109 0.3480 0.2024 0.1435 0.1739 0.4507 0.4888 0.2871 0.1761 0.1393 0.2560 0.4896 0.4350 0.2495 0.1611 0.1421 0.3340 0.5066 0.3848 0.2228 0.1600
0.2298 0.3932 0.5046 0.3220 0.1412 0.1630 0.2543 0.4426 0.4863 0.2459 0.1393 0.1777 0.2901 0.4909 0.4491 0.1732 0.1435 0.2020 0.3462 0.5109 0.3733 0.1453 0.1571 0.2430 0.4301 0.4889 0.2439 0.1394 0.1824 0.3058 0.5042 0.4205 0.1551 0.1496 0.2229 0.3933 0.5022 0.2968 0.1396 0.1721 0.2818 0.4872 0.4489 0.1696 0.1448 0.2080 0.3625 0.5092 0.3463 0.1423 0.1418 0.1423 0.3463 0.5092 0.3625 0.2080 0.1448 0.1696 0.4489 0.4872 0.2818 0.1721 0.1396 0.2968 0.5022 0.3933 0.2229 0.1496 0.1551 0.4205 0.5042 0.3058 0.1824 0.1394 0.2439 0.4889 0.4301 0.2430 0.1571 0.1453 0.3733 0.5109 0.3462 0.2020 0.1435 0.1732 0.4491 0.4909 0.2901 0.1777 0.1393 0.2459 0.4863 0.4426 0.2543 0.1630 0.1412 0.3220 0.5046 0.3932 0.2298
0.3954 0.5024 0.3096 0.1406 0.1651 0.2594 0.4507 0.4823 0.2346 0.1394 0.1797 0.2943 0.4939 0.4459 0.1712 0.1438 0.2024 0.3462 0.5110 0.3756 0.1458 0.1563 0.2405 0.4251 0.4914 0.2532 0.1393 0.1801 0.3002 0.5013 0.4279 0.1579 0.1483 0.2189 0.3851 0.5045 0.3093 0.1400 0.1697 0.2760 0.4809 0.4555 0.1754 0.1437 0.2044 0.3547 0.5102 0.3546 0.1429 0.1566 0.1991 0.1566 0.1429 0.3546 0.5102 0.3547 0.2044 0.1437 0.1754 0.4555 0.4809 0.2760 0.1697 0.1400 0.3093 0.5045 0.3851 0.2189 0.1483 0.1579 0.4279 0.5013 0.3002 0.1801 0.1393 0.2532 0.4914 0.4251 0.2405 0.1563 0.1458 0.3756 0.5110 0.3462 0.2024 0.1438 0.1712 0.4459 0.4939 0.2943 0.1797 0.1394 0.2346 0.4823 0.4507 0.2594 0.1651 0.1406 0.3096 0.5024 0.3954
0.5003 0.2968 0.1400 0.1673 0.2647 0.4587 0.4777 0.2228 0.1396 0.1821 0.2994 0.4974 0.4412 0.1682 0.1443 0.2036 0.3480 0.5109 0.3756 0.1460 0.1559 0.2390 0.4215 0.4932 0.2608 0.1393 0.1782 0.2954 0.4981 0.4344 0.1610 0.1471 0.2151 0.3772 0.5065 0.3214 0.1405 0.1674 0.2703 0.4740 0.4616 0.1824 0.1427 0.2008 0.3471 0.5108 0.3648 0.1439 0.1586 0.2407 0.3441 0.2407 0.1586 0.1439 0.3648 0.5108 0.3471 0.2008 0.1427 0.1824 0.4616 0.4740 0.2703 0.1674 0.1405 0.3214 0.5065 0.3772 0.2151 0.1471 0.1610 0.4344 0.4981 0.2954 0.1782 0.1393 0.2608 0.4932 0.4215 0.2390 0.1559 0.1460 0.3756 0.5109 0.3480 0.2036 0.1443 0.1682 0.4412 0.4974 0.2994 0.1821 0.1396 0.2228 0.4777 0.4587 0.2647 0.1673 0.1400 0.2968 0.5003
0.2913 0.1396 0.1696 0.2702 0.4665 0.4728 0.2113 0.1400 0.1848 0.3052 0.5009 0.4354 0.1648 0.1450 0.2056 0.3514 0.5109 0.3733 0.1458 0.1559 0.2385 0.4196 0.4943 0.2662 0.1393 0.1767 0.2914 0.4949 0.4399 0.1642 0.1460 0.2117 0.3699 0.5080 0.3328 0.1412 0.1652 0.2649 0.4667 0.4673 0.1907 0.1418 0.1974 0.3396 0.5110 0.3752 0.1452 0.1575 0.2436 0.4220 0.5085 0.4220 0.2436 0.1575 0.1452 0.3752 0.5110 0.3396 0.1974 0.1418 0.1907 0.4673 0.4667 0.2649 0.1652 0.1412 0.3328 0.5080 0.3699 0.2117 0.1460 0.1642 0.4399 0.4949 0.2914 0.1767 0.1393 0.2662 0.4943 0.4196 0.2385 0.1559 0.1458 0.3733 0.5109 0.3514 0.2056 0.1450 0.1648 0.4354 0.5009 0.3052 0.1848 0.1400 0.2113 0.4728 0.4665 0.2702 0.1696 0.1396 0.2913
0.1512 0.1721 0.2759 0.4739 0.4674 0.2005 0.1404 0.1878 0.3116 0.5040 0.4285 0.1614 0.1459 0.2082 0.3562 0.5106 0.3687 0.1453 0.1563 0.2390 0.4196 0.4947 0.2689 0.1393 0.1756 0.2885 0.4920 0.4444 0.1673 0.1452 0.2087 0.3633 0.5092 0.3432 0.1419 0.1632 0.2598 0.4592 0.4726 0.2001 0.1411 0.1941 0.3324 0.5107 0.3852 0.1467 0.1558 0.2403 0.4244 0.4936 0.3883 0.4936 0.4244 0.2403 0.1558 0.1467 0.3852 0.5107 0.3324 0.1941 0.1411 0.2001 0.4726 0.4592 0.2598 0.1632 0.1419 0.3432 0.5092 0.3633 0.2087 0.1452 0.1673 0.4444 0.4920 0.2885 0.1756 0.1393 0.2689 0.4947 0.4196 0.2390 0.1563 0.1453 0.3687 0.5106 0.3562 0.2082 0.1459 0.1614 0.4285 0.5040 0.3116 0.1878 0.1404 0.2005 0.4674 0.4739 0.2759 0.1721 0.1512
0.1810 0.2818 0.4809 0.4616 0.1908 0.1411 0.1908 0.3182 0.5066 0.4209 0.1581 0.1470 0.2113 0.3622 0.5101 0.3622 0.1446 0.1571 0.2405 0.4215 0.4943 0.2689 0.1393 0.1751 0.2866 0.4899 0.4477 0.1701 0.1445 0.2062 0.3574 0.5100 0.3526 0.1427 0.1614 0.2550 0.4516 0.4773 0.2105 0.1405 0.1910 0.3254 0.5099 0.3947 0.1484 0.1542 0.2359 0.4181 0.4941 0.2804 0.1453 0.2804 0.4941 0.4181 0.2359 0.1542 0.1484 0.3947 0.5099 0.3254 0.1910 0.1405 0.2105 0.4773 0.4516 0.2550 0.1614 0.1427 0.3526 0.5100 0.3574 0.2062 0.1445 0.1701 0.4477 0.4899 0.2866 0.1751 0.1393 0.2689 0.4943 0.4215 0.2405 0.1571 0.1446 0.3622 0.5101 0.3622 0.2113 0.1470 0.1581 0.4209 0.5066 0.3182 0.1908 0.1411 0.1908 0.4616 0.4809 0.2818 0.1810
0.2870 0.4873 0.4555 0.1824 0.1418 0.1940 0.3252 0.5086 0.4127 0.1552 0.1482 0.2149 0.3692 0.5093 0.3539 0.1437 0.1582 0.2430 0.4251 0.4932 0.2662 0.1393 0.1751 0.2860 0.4887 0.4498 0.1722 0.1440 0.2042 0.3527 0.5105 0.3606 0.1436 0.1598 0.2507 0.4443 0.4816 0.2213 0.1400 0.1880 0.3187 0.5086 0.4037 0.1503 0.1526 0.2315 0.4101 0.4968 0.2753 0.1383 0.1490 0.1383 0.2753 0.4968 0.4101 0.2315 0.1526 0.1503 0.4037 0.5086 0.3187 0.1880 0.1400 0.2213 0.4816 0.4443 0.2507 0.1598 0.1436 0.3606 0.5105 0.3527 0.2042 0.1440 0.1722 0.4498 0.4887 0.2860 0.1751 0.1393 0.2662 0.4932 0.4251 0.2430 0.1582 0.1437 0.3539 0.5093 0.3692 0.2149 0.1482 0.1552 0.4127 0.5086 0.3252 0.1940 0.1418 0.1824 0.4555 0.4873 0.2870
0.4868 0.4489 0.1754 0.1427 0.1974 0.3323 0.5099 0.4040 0.1526 0.1496 0.2187 0.3768 0.5081 0.3442 0.1428 0.1596 0.2462 0.4301 0.4914 0.2608 0.1393 0.1756 0.2866 0.4887 0.4505 0.1734 0.1436 0.2029 0.3492 0.5108 0.3672 0.1444 0.1584 0.2468 0.4374 0.4853 0.2321 0.1397 0.1852 0.3122 0.5068 0.4122 0.1525 0.1511 0.2272 0.4018 0.4996 0.2849 0.1392 0.1686 0.2217 0.1686 0.1392 0.2849 0.4996 0.4018 0.2272 0.1511 0.1525 0.4122 0.5068 0.3122 0.1852 0.1397 0.2321 0.4853 0.4374 0.2468 0.1584 0.1444 0.3672 0.5108 0.3492 0.2029 0.1436 0.1734 0.4505 0.4887 0.2866 0.1756 0.1393 0.2608 0.4914 0.4301 0.2462 0.1596 0.1428 0.3442 0.5081 0.3768 0.2187 0.1496 0.1526 0.4040 0.5099 0.3323 0.1974 0.1427 0.1754 0.4489 0.4868
0.4453 0.1696 0.1437 0.2008 0.3396 0.5107 0.3948 0.1504 0.1510 0.2228 0.3849 0.5065 0.3334 0.1420 0.1613 0.2502 0.4364 0.4889 0.2532 0.1393 0.1767 0.2885 0.4899 0.4498 0.1734 0.1435 0.2022 0.3470 0.5109 0.3719 0.1451 0.1573 0.2436 0.4312 0.4884 0.2424 0.1394 0.1827 0.3063 0.5044 0.4201 0.1550 0.1497 0.2230 0.3935 0.5022 0.2968 0.1396 0.1710 0.2711 0.3914 0.2711 0.1710 0.1396 0.2968 0.5022 0.3935 0.2230 0.1497 0.1550 0.4201 0.5044 0.3063 0.1827 0.1394 0.2424 0.4884 0.4312 0.2436 0.1573 0.1451 0.3719 0.5109 0.3470 0.2022 0.1435 0.1734 0.4498 0.4899 0.2885 0.1767 0.1393 0.2532 0.4889 0.4364 0.2502 0.1613 0.1420 0.3334 0.5065 0.3849 0.2228 0.1510 0.1504 0.3948 0.5107 0.3396 0.2008 0.1437 0.1696 0.4453
0.1761 0.1448 0.2044 0.3472 0.5110 0.3851 0.1484 0.1526 0.2271 0.3931 0.5046 0.3218 0.1412 0.1631 0.2547 0.4435 0.4857 0.2439 0.1393 0.1782 0.2914 0.4920 0.4477 0.1722 0.1436 0.2022 0.3462 0.5110 0.3748 0.1456 0.1565 0.2411 0.4261 0.4909 0.2517 0.1393 0.1805 0.3009 0.5016 0.4273 0.1577 0.1484 0.2191 0.3855 0.5045 0.3090 0.1400 0.1695 0.2740 0.4691 0.5019 0.4691 0.2740 0.1695 0.1400 0.3090 0.5045 0.3855 0.2191 0.1484 0.1577 0.4273 0.5016 0.3009 0.1805 0.1393 0.2517 0.4909 0.4261 0.2411 0.1565 0.1456 0.3748 0.5110 0.3462 0.2022 0.1436 0.1722 0.4477 0.4920 0.2914 0.1782 0.1393 0.2439 0.4857 0.4435 0.2547 0.1631 0.1412 0.3218 0.5046 0.3931 0.2271 0.1526 0.1484 0.3851 0.5110 0.3472 0.2044 0.1448 0.1761
0.1558 0.2081 0.3549 0.5108 0.3750 0.1466 0.1542 0.2315 0.4017 0.5023 0.3095 0.1406 0.1652 0.2596 0.4511 0.4819 0.2333 0.1394 0.1801 0.2954 0.4949 0.4444 0.1701 0.1440 0.2029 0.3470 0.5110 0.3758 0.1459 0.1561 0.2394 0.4224 0.4928 0.2593 0.1393 0.1785 0.2961 0.4985 0.4337 0.1607 0.1472 0.2154 0.3777 0.5064 0.3208 0.1405 0.1674 0.2700 0.4716 0.4694 0.3268 0.4694 0.4716 0.2700 0.1674 0.1405 0.3208 0.5064 0.3777 0.2154 0.1472 0.1607 0.4337 0.4985 0.2961 0.1785 0.1393 0.2593 0.4928 0.4224 0.2394 0.1561 0.1459 0.3758 0.5110 0.3470 0.2029 0.1440 0.1701 0.4444 0.4949 0.2954 0.1801 0.1394 0.2333 0.4819 0.4511 0.2596 0.1652 0.1406 0.3095 0.5023 0.4017 0.2315 0.1542 0.1466 0.3750 0.5108 0.3549 0.2081 0.1558
0.2156 0.3628 0.5102 0.3646 0.1452 0.1559 0.2360 0.4103 0.4996 0.2969 0.1400 0.1674 0.2648 0.4589 0.4776 0.2222 0.1396 0.1824 0.3002 0.4981 0.4399 0.1673 0.1445 0.2042 0.3492 0.5109 0.3748 0.1459 0.1559 0.2385 0.4200 0.4940 0.2649 0.1393 0.1770 0.2921 0.4954 0.4392 0.1638 0.1461 0.2120 0.3705 0.5079 0.3320 0.1411 0.1653 0.2651 0.4664 0.4688 0.2073 0.1378 0.2073 0.4688 0.4664 0.2651 0.1653 0.1411 0.3320 0.5079 0.3705 0.2120 0.1461 0.1638 0.4392 0.4954 0.2921 0.1770 0.1393 0.2649 0.4940 0.4200 0.2385 0.1559 0.1459 0.3748 0.5109 0.3492 0.2042 0.1445 0.1673 0.4399 0.4981 0.3002 0.1824 0.1396 0.2222 0.4776 0.4589 0.2648 0.1674 0.1400 0.2969 0.4996 0.4103 0.2360 0.1559 0.1452 0.3646 0.5102 0.3628 0.2156
0.3658 0.5093 0.3536 0.1439 0.1577 0.2407 0.4189 0.4966 0.2839 0.1396 0.1696 0.2702 0.4665 0.4727 0.2110 0.1400 0.1850 0.3058 0.5013 0.4344 0.1642 0.1452 0.2062 0.3527 0.5108 0.3719 0.1456 0.1561 0.2385 0.4192 0.4947 0.2685 0.1393 0.1759 0.2890 0.4925 0.4438 0.1669 0.1453 0.2091 0.3639 0.5091 0.3423 0.1419 0.1634 0.2601 0.4594 0.4727 0.2031 0.1388 0.1590 0.1388 0.2031 0.4727 0.4594 0.2601 0.1634 0.1419 0.3423 0.5091 0.3639 0.2091 0.1453 0.1669 0.4438 0.4925 0.2890 0.1759 0.1393 0.2685 0.4947 0.4192 0.2385 0.1561 0.1456 0.3719 0.5108 0.3527 0.2062 0.1452 0.1642 0.4344 0.5013 0.3058 0.1850 0.1400 0.2110 0.4727 0.4665 0.2702 0.1696 0.1396 0.2839 0.4966 0.4189 0.2407 0.1577 0.1439 0.3536 0.5093 0.3658
0.5074 0.3422 0.1427 0.1596 0.2456 0.4276 0.4932 0.2708 0.1394 0.1721 0.2759 0.4739 0.4674 0.2004 0.1405 0.1878 0.3119 0.5042 0.4279 0.1610 0.1460 0.2087 0.3574 0.5105 0.3672 0.1451 0.1565 0.2394 0.4200 0.4947 0.2697 0.1393 0.1752 0.2869 0.4903 0.4473 0.1697 0.1446 0.2065 0.3582 0.5099 0.3516 0.1426 0.1616 0.2554 0.4520 0.4772 0.2108 0.1401 0.1841 0.2493 0.1841 0.1401 0.2108 0.4772 0.4520 0.2554 0.1616 0.1426 0.3516 0.5099 0.3582 0.2065 0.1446 0.1697 0.4473 0.4903 0.2869 0.1752 0.1393 0.2697 0.4947 0.4200 0.2394 0.1565 0.1451 0.3672 0.5105 0.3574 0.2087 0.1460 0.1610 0.4279 0.5042 0.3119 0.1878 0.1405 0.2004 0.4674 0.4739 0.2759 0.1721 0.1394 0.2708 0.4932 0.4276 0.2456 0.1596 0.1427 0.3422 0.5074
0.3366 0.1418 0.1616 0.2505 0.4361 0.4895 0.2577 0.1393 0.1746 0.2818 0.4809 0.4616 0.1908 0.1411 0.1909 0.3184 0.5067 0.4205 0.1579 0.1471 0.2117 0.3633 0.5100 0.3606 0.1444 0.1573 0.2411 0.4224 0.4940 0.2685 0.1393 0.1749 0.2858 0.4888 0.4495 0.1720 0.1440 0.2045 0.3533 0.5105 0.3596 0.1435 0.1600 0.2511 0.4448 0.4813 0.2209 0.1399 0.1868 0.3074 0.4421 0.3074 0.1868 0.1399 0.2209 0.4813 0.4448 0.2511 0.1600 0.1435 0.3596 0.5105 0.3533 0.2045 0.1440 0.1720 0.4495 0.4888 0.2858 0.1749 0.1393 0.2685 0.4940 0.4224 0.2411 0.1573 0.1444 0.3606 0.5100 0.3633 0.2117 0.1471 0.1579 0.4205 0.5067 0.3184 0.1909 0.1411 0.1908 0.4616 0.4809 0.2818 0.1746 0.1393 0.2577 0.4895 0.4361 0.2505 0.1616 0.1418 0.3366
0.1529 0.1636 0.2557 0.4446 0.4855 0.2446 0.1393 0.1772 0.2878 0.4872 0.4555 0.1824 0.1418 0.1940 0.3252 0.5086 0.4125 0.1551 0.1483 0.2151 0.3699 0.5092 0.3526 0.1436 0.1584 0.2436 0.4261 0.4928 0.2649 0.1393 0.1752 0.2858 0.4883 0.4507 0.1734 0.1437 0.2030 0.3495 0.5108 0.3664 0.1443 0.1586 0.2473 0.4381 0.4850 0.2314 0.1397 0.1851 0.3103 0.5013 0.4841 0.5013 0.3103 0.1851 0.1397 0.2314 0.4850 0.4381 0.2473 0.1586 0.1443 0.3664 0.5108 0.3495 0.2030 0.1437 0.1734 0.4507 0.4883 0.2858 0.1752 0.1393 0.2649 0.4928 0.4261 0.2436 0.1584 0.1436 0.3526 0.5092 0.3699 0.2151 0.1483 0.1551 0.4125 0.5086 0.3252 0.1940 0.1418 0.1824 0.4555 0.4872 0.2878 0.1772 0.1393 0.2446 0.4855 0.4446 0.2557 0.1636 0.1529
0.1730 0.2610 0.4530 0.4811 0.2318 0.1394 0.1799 0.2940 0.4928 0.4489 0.1754 0.1427 0.1974 0.3323 0.5099 0.4039 0.1526 0.1496 0.2189 0.3772 0.5080 0.3432 0.1427 0.1598 0.2468 0.4312 0.4909 0.2593 0.1393 0.1759 0.2869 0.4888 0.4507 0.1739 0.1435 0.2021 0.3469 0.5109 0.3716 0.1450 0.1575 0.2440 0.4320 0.4881 0.2414 0.1394 0.1828 0.3062 0.5034 0.4323 0.2519 0.4323 0.5034 0.3062 0.1828 0.1394 0.2414 0.4881 0.4320 0.2440 0.1575 0.1450 0.3716 0.5109 0.3469 0.2021 0.1435 0.1739 0.4507 0.4888 0.2869 0.1759 0.1393 0.2593 0.4909 0.4312 0.2468 0.1598 0.1427 0.3432 0.5080 0.3772 0.2189 0.1496 0.1526 0.4039 0.5099 0.3323 0.1974 0.1427 0.1754 0.4489 0.4928 0.2940 0.1799 0.1394 0.2318 0.4811 0.4530 0.2610 0.1730
0.2668 0.4612 0.4763 0.2195 0.1397 0.1827 0.3003 0.4976 0.4419 0.1696 0.1437 0.2008 0.3396 0.5107 0.3948 0.1504 0.1510 0.2229 0.3851 0.5065 0.3328 0.1419 0.1614 0.2507 0.4374 0.4884 0.2517 0.1393 0.1770 0.2890 0.4903 0.4495 0.1734 0.1435 0.2018 0.3457 0.5110 0.3750 0.1456 0.1566 0.2413 0.4266 0.4906 0.2506 0.1393 0.1806 0.3012 0.5016 0.4293 0.1628 0.1365 0.1628 0.4293 0.5016 0.3012 0.1806 0.1393 0.2506 0.4906 0.4266 0.2413 0.1566 0.1456 0.3750 0.5110 0.3457 0.2018 0.1435 0.1734 0.4495 0.4903 0.2890 0.1770 0.1393 0.2517 0.4884 0.4374 0.2507 0.1614 0.1419 0.3328 0.5065 0.3851 0.2229 0.1510 0.1504 0.3948 0.5107 0.3396 0.2008 0.1437 0.1696 0.4419 0.4976 0.3003 0.1827 0.1397 0.2195 0.4763 0.4612 0.2668
0.4616 0.4713 0.2079 0.1401 0.1856 0.3068 0.5016 0.4345 0.1648 0.1448 0.2044 0.3472 0.5110 0.3851 0.1484 0.1526 0.2271 0.3933 0.5045 0.3214 0.1412 0.1632 0.2550 0.4443 0.4853 0.2424 0.1393 0.1785 0.2921 0.4925 0.4473 0.1720 0.1437 0.2021 0.3457 0.5110 0.3767 0.1460 0.1560 0.2393 0.4224 0.4927 0.2586 0.1393 0.1787 0.2965 0.4987 0.4337 0.1614 0.1439 0.1726 0.1439 0.1614 0.4337 0.4987 0.2965 0.1787 0.1393 0.2586 0.4927 0.4224 0.2393 0.1560 0.1460 0.3767 0.5110 0.3457 0.2021 0.1437 0.1720 0.4473 0.4925 0.2921 0.1785 0.1393 0.2424 0.4853 0.4443 0.2550 0.1632 0.1412 0.3214 0.5045 0.3933 0.2271 0.1526 0.1484 0.3851 0.5110 0.3472 0.2044 0.1448 0.1648 0.4345 0.5016 0.3068 0.1856 0.1401 0.2079 0.4713 0.4616
0.4684 0.1974 0.1406 0.1887 0.3135 0.5048 0.4268 0.1608 0.1460 0.2081 0.3549 0.5108 0.3750 0.1466 0.1542 0.2315 0.4017 0.5022 0.3093 0.1405 0.1652 0.2598 0.4516 0.4816 0.2321 0.1394 0.1805 0.2961 0.4954 0.4438 0.1697 0.1440 0.2030 0.3469 0.5110 0.3767 0.1461 0.1557 0.2382 0.4195 0.4941 0.2650 0.1393 0.1771 0.2924 0.4957 0.4389 0.1637 0.1456 0.2043 0.2839 0.2043 0.1456 0.1637 0.4389 0.4957 0.2924 0.1771 0.1393 0.2650 0.4941 0.4195 0.2382 0.1557 0.1461 0.3767 0.5110 0.3469 0.2030 0.1440 0.1697 0.4438 0.4954 0.2961 0.1805 0.1394 0.2321 0.4816 0.4516 0.2598 0.1652 0.1405 0.3093 0.5022 0.4017 0.2315 0.1542 0.1466 0.3750 0.5108 0.3549 0.2081 0.1460 0.1608 0.4268 0.5048 0.3135 0.1887 0.1406 0.1974 0.4684
0.1986 0.1413 0.1918 0.3203 0.5072 0.4187 0.1574 0.1472 0.2119 0.3627 0.5102 0.3646 0.1452 0.1559 0.2360 0.4103 0.4996 0.2968 0.1400 0.1674 0.2649 0.4592 0.4773 0.2213 0.1397 0.1827 0.3009 0.4985 0.4392 0.1669 0.1446 0.2045 0.3495 0.5109 0.3750 0.1460 0.1557 0.2378 0.4181 0.4950 0.2694 0.1393 0.1758 0.2891 0.4927 0.4434 0.1666 0.1452 0.2079 0.3521 0.4874 0.3521 0.2079 0.1452 0.1666 0.4434 0.4927 0.2891 0.1758 0.1393 0.2694 0.4950 0.4181 0.2378 0.1557 0.1460 0.3750 0.5109 0.3495 0.2045 0.1446 0.1669 0.4392 0.4985 0.3009 0.1827 0.1397 0.2213 0.4773 0.4592 0.2649 0.1674 0.1400 0.2968 0.4996 0.4103 0.2360 0.1559 0.1452 0.3646 0.5102 0.3627 0.2119 0.1472 0.1574 0.4187 0.5072 0.3203 0.1918 0.1413 0.1986
0.1528 0.1951 0.3273 0.5090 0.4102 0.1544 0.1486 0.2158 0.3707 0.5092 0.3536 0.1439 0.1577 0.2407 0.4189 0.4966 0.2839 0.1396 0.1697 0.2703 0.4667 0.4726 0.2105 0.1400 0.1852 0.3063 0.5016 0.4337 0.1638 0.1453 0.2065 0.3533 0.5108 0.3716 0.1456 0.1560 0.2382 0.4181 0.4953 0.2716 0.1393 0.1749 0.2866 0.4901 0.4472 0.1695 0.1446 0.2064 0.3561 0.5092 0.4529 0.5092 0.3561 0.2064 0.1446 0.1695 0.4472 0.4901 0.2866 0.1749 0.1393 0.2716 0.4953 0.4181 0.2382 0.1560 0.1456 0.3716 0.5108 0.3533 0.2065 0.1453 0.1638 0.4337 0.5016 0.3063 0.1852 0.1400 0.2105 0.4726 0.4667 0.2703 0.1697 0.1396 0.2839 0.4966 0.4189 0.2407 0.1577 0.1439 0.3536 0.5092 0.3707 0.2158 0.1486 0.1544 0.4102 0.5090 0.3273 0.1951 0.1528
0.2030 0.3346 0.5102 0.4013 0.1519 0.1500 0.2199 0.3789 0.5078 0.3422 0.1427 0.1596 0.2456 0.4276 0.4932 0.2708 0.1394 0.1721 0.2760 0.4740 0.4673 0.2001 0.1405 0.1880 0.3122 0.5044 0.4273 0.1607 0.1461 0.2091 0.3582 0.5105 0.3664 0.1450 0.1566 0.2393 0.4195 0.4950 0.2716 0.1393 0.1745 0.2851 0.4882 0.4500 0.1721 0.1440 0.2045 0.3531 0.5103 0.3767 0.1799 0.3767 0.5103 0.3531 0.2045 0.1440 0.1721 0.4500 0.4882 0.2851 0.1745 0.1393 0.2716 0.4950 0.4195 0.2393 0.1566 0.1450 0.3664 0.5105 0.3582 0.2091 0.1461 0.1607 0.4273 0.5044 0.3122 0.1880 0.1405 0.2001 0.4673 0.4740 0.2760 0.1721 0.1394 0.2708 0.4932 0.4276 0.2456 0.1596 0.1427 0.3422 0.5078 0.3789 0.2199 0.1500 0.1519 0.4013 0.5102 0.3346 0.2030
0.3383 0.5110 0.3919 0.1497 0.1515 0.2241 0.3873 0.5060 0.3304 0.1418 0.1616 0.2505 0.4361 0.4895 0.2577 0.1393 0.1746 0.2818 0.4809 0.4616 0.1907 0.1411 0.1910 0.3187 0.5068 0.4201 0.1577 0.1472 0.2120 0.3639 0.5099 0.3596 0.1443 0.1575 0.2413 0.4224 0.4941 0.2694 0.1393 0.1745 0.2846 0.4872 0.4517 0.1741 0.1436 0.2028 0.3494 0.5107 0.3691 0.1454 0.1397 0.1454 0.3691 0.5107 0.3494 0.2028 0.1436 0.1741 0.4517 0.4872 0.2846 0.1745 0.1393 0.2694 0.4941 0.4224 0.2413 0.1575 0.1443 0.3596 0.5099 0.3639 0.2120 0.1472 0.1577 0.4201 0.5068 0.3187 0.1910 0.1411 0.1907 0.4616 0.4809 0.2818 0.1746 0.1393 0.2577 0.4895 0.4361 0.2505 0.1616 0.1418 0.3304 0.5060 0.3873 0.2241 0.1515 0.1497 0.3919 0.5110 0.3383
0.5093 0.3821 0.1478 0.1530 0.2284 0.3957 0.5039 0.3183 0.1410 0.1636 0.2557 0.4446 0.4855 0.2446 0.1393 0.1772 0.2878 0.4872 0.4555 0.1824 0.1418 0.1941 0.3254 0.5086 0.4122 0.1550 0.1484 0.2154 0.3705 0.5091 0.3516 0.1435 0.1586 0.2440 0.4266 0.4927 0.2650 0.1393 0.1749 0.2851 0.4872 0.4522 0.1751 0.1433 0.2017 0.3464 0.5109 0.3721 0.1452 0.1531 0.1919 0.1531 0.1452 0.3720 0.5109 0.3464 0.2017 0.1433 0.1751 0.4522 0.4872 0.2851 0.1749 0.1393 0.2650 0.4927 0.4266 0.2440 0.1586 0.1435 0.3516 0.5091 0.3705 0.2154 0.1484 0.1550 0.4122 0.5086 0.3254 0.1941 0.1418 0.1824 0.4555 0.4872 0.2878 0.1772 0.1393 0.2446 0.4855 0.4446 0.2557 0.1636 0.1410 0.3183 0.5039 0.3957 0.2284 0.1530 0.1478 0.3821 0.5093
0.3771 0.1462 0.1547 0.2328 0.4043 0.5015 0.3058 0.1404 0.1658 0.2609 0.4530 0.4811 0.2318 0.1394 0.1799 0.2940 0.4928 0.4489 0.1754 0.1427 0.1974 0.3324 0.5099 0.4037 0.1525 0.1497 0.2191 0.3777 0.5079 0.3423 0.1426 0.1600 0.2473 0.4320 0.4906 0.2586 0.1393 0.1758 0.2866 0.4882 0.4517 0.1751 0.1432 0.2012 0.3449 0.5109 0.3757 0.1457 0.1557 0.2323 0.3301 0.2326 0.1560 0.1457 0.3753 0.5110 0.3449 0.2012 0.1433 0.1751 0.4516 0.4882 0.2866 0.1758 0.1393 0.2586 0.4906 0.4320 0.2473 0.1600 0.1426 0.3423 0.5079 0.3777 0.2191 0.1497 0.1525 0.4037 0.5099 0.3324 0.1974 0.1427 0.1754 0.4489 0.4928 0.2940 0.1799 0.1394 0.2318 0.4811 0.4530 0.2609 0.1658 0.1404 0.3058 0.5015 0.4043 0.2328 0.1547 0.1462 0.3771
0.1566 0.1564 0.2374 0.4129 0.4987 0.2930 0.1399 0.1680 0.2664 0.4611 0.4763 0.2195 0.1397 0.1827 0.3003 0.4976 0.4419 0.1696 0.1437 0.2008 0.3396 0.5107 0.3947 0.1503 0.1511 0.2230 0.3855 0.5064 0.3320 0.1419 0.1616 0.2511 0.4381 0.4881 0.2506 0.1393 0.1771 0.2891 0.4901 0.4500 0.1741 0.1433 0.2012 0.3454 0.5109 0.3802 0.1467 0.1553 0.2371 0.4086 0.5075 0.4125 0.2403 0.1563 0.1463 0.3781 0.5104 0.3440 0.2017 0.1434 0.1741 0.4500 0.4901 0.2891 0.1771 0.1393 0.2506 0.4881 0.4381 0.2511 0.1616 0.1419 0.3320 0.5064 0.3855 0.2230 0.1511 0.1503 0.3947 0.5107 0.3396 0.2008 0.1437 0.1696 0.4419 0.4976 0.3003 0.1827 0.1397 0.2195 0.4763 0.4611 0.2664 0.1680 0.1399 0.2930 0.4987 0.4129 0.2374 0.1564 0.1566
0.1663 0.2422 0.4215 0.4956 0.2800 0.1395 0.1704 0.2719 0.4688 0.4712 0.2080 0.1401 0.1856 0.3067 0.5016 0.4346 0.1648 0.1448 0.2044 0.3471 0.5110 0.3852 0.1484 0.1526 0.2272 0.3935 0.5045 0.3208 0.1411 0.1634 0.2554 0.4448 0.4850 0.2414 0.1393 0.1787 0.2924 0.4927 0.4472 0.1721 0.1436 0.2017 0.3448 0.5113 0.3785 0.1457 0.1554 0.2351 0.4137 0.4978 0.3973 0.4965 0.4218 0.2397 0.1564 0.1461 0.3737 0.5112 0.3462 0.2017 0.1436 0.1721 0.4472 0.4927 0.2924 0.1787 0.1393 0.2414 0.4850 0.4448 0.2554 0.1634 0.1411 0.3208 0.5045 0.3935 0.2272 0.1526 0.1484 0.3852 0.5110 0.3471 0.2044 0.1448 0.1648 0.4346 0.5016 0.3067 0.1856 0.1401 0.2080 0.4712 0.4688 0.2719 0.1704 0.1395 0.2800 0.4956 0.4215 0.2422 0.1663
0.2485 0.4302 0.4922 0.2669 0.1393 0.1728 0.2776 0.4760 0.4658 0.1975 0.1406 0.1886 0.3134 0.5048 0.4269 0.1608 0.1460 0.2080 0.3547 0.5108 0.3752 0.1467 0.1542 0.2315 0.4018 0.5022 0.3090 0.1405 0.1653 0.2601 0.4520 0.4813 0.2314 0.1394 0.1806 0.2965 0.4957 0.4434 0.1695 0.1440 0.2028 0.3464 0.5110 0.3760 0.1459 0.1556 0.2374 0.4120 0.4979 0.2912 0.1474 0.2911 0.4961 0.4190 0.2356 0.1558 0.1451 0.3760 0.5106 0.3468 0.2029 0.1440 0.1695 0.4434 0.4957 0.2965 0.1806 0.1394 0.2314 0.4813 0.4520 0.2601 0.1653 0.1405 0.3090 0.5022 0.4018 0.2315 0.1542 0.1467 0.3752 0.5108 0.3547 0.2080 0.1460 0.1608 0.4269 0.5048 0.3134 0.1886 0.1406 0.1975 0.4658 0.4760 0.2776 0.1728 0.1393 0.2669 0.4922 0.4302 0.2485
0.4313 0.4885 0.2540 0.1392 0.1753 0.2834 0.4827 0.4600 0.1883 0.1412 0.1917 0.3201 0.5072 0.4189 0.1574 0.1472 0.2118 0.3625 0.5102 0.3648 0.1452 0.1558 0.2359 0.4101 0.4996 0.2968 0.1400 0.1674 0.2651 0.4594 0.4772 0.2209 0.1397 0.1828 0.3012 0.4987 0.4389 0.1666 0.1446 0.2045 0.3494 0.5109 0.3757 0.1466 0.1560 0.2385 0.4205 0.4961 0.2706 0.1384 0.1481 0.1385 0.2771 0.4954 0.4140 0.2364 0.1552 0.1463 0.3701 0.5110 0.3494 0.2045 0.1446 0.1666 0.4389 0.4987 0.3012 0.1828 0.1397 0.2209 0.4772 0.4594 0.2651 0.1674 0.1400 0.2968 0.4996 0.4101 0.2359 0.1558 0.1452 0.3648 0.5102 0.3625 0.2118 0.1472 0.1574 0.4189 0.5072 0.3201 0.1917 0.1412 0.1883 0.4600 0.4827 0.2834 0.1753 0.1392 0.2540 0.4885 0.4313
0.4863 0.2418 0.1392 0.1777 0.2891 0.4884 0.4541 0.1807 0.1419 0.1947 0.3266 0.5088 0.4110 0.1546 0.1484 0.2154 0.3700 0.5092 0.3546 0.1439 0.1575 0.2403 0.4181 0.4968 0.2849 0.1396 0.1695 0.2700 0.4664 0.4727 0.2108 0.1399 0.1851 0.3062 0.5016 0.4337 0.1637 0.1452 0.2064 0.3531 0.5107 0.3722 0.1457 0.1561 0.2387 0.4174 0.4953 0.2683 0.1390 0.1690 0.2209 0.1672 0.1391 0.2809 0.4977 0.4132 0.2354 0.1553 0.1450 0.3721 0.5107 0.3531 0.2064 0.1452 0.1637 0.4337 0.5016 0.3062 0.1851 0.1399 0.2108 0.4727 0.4664 0.2700 0.1695 0.1396 0.2849 0.4968 0.4181 0.2403 0.1575 0.1439 0.3546 0.5092 0.3700 0.2154 0.1484 0.1546 0.4110 0.5088 0.3266 0.1947 0.1419 0.1807 0.4541 0.4884 0.2891 0.1777 0.1392 0.2418 0.4863
0.2417 0.1392 0.1794 0.2935 0.4923 0.4492 0.1755 0.1424 0.1969 0.3319 0.5095 0.4044 0.1526 0.1492 0.2182 0.3760 0.5080 0.3463 0.1429 0.1586 0.2436 0.4244 0.4941 0.2753 0.1392 0.1710 0.2740 0.4716 0.4688 0.2031 0.1401 0.1868 0.3103 0.5034 0.4293 0.1614 0.1456 0.2079 0.3561 0.5103 0.3691 0.1452 0.1559 0.2396 0.4155 0.4970 0.2786 0.1392 0.1735 0.2726 0.3926 0.2723 0.1711 0.1392 0.2811 0.4980 0.4171 0.2373 0.1559 0.1452 0.3692 0.5103 0.3561 0.2079 0.1456 0.1614 0.4293 0.5034 0.3103 0.1868 0.1401 0.2031 0.4688 0.4716 0.2740 0.1710 0.1392 0.2753 0.4941 0.4244 0.2436 0.1586 0.1429 0.3463 0.5080 0.3760 0.2182 0.1492 0.1526 0.4044 0.5095 0.3319 0.1969 0.1424 0.1755 0.4492 0.4923 0.2935 0.1794 0.1392 0.2417
0.1497 0.1769 0.2908 0.4902 0.4505 0.1776 0.1410 0.1942 0.3296 0.5080 0.4076 0.1527 0.1475 0.2153 0.3738 0.5069 0.3508 0.1423 0.1566 0.2407 0.4220 0.4936 0.2804 0.1383 0.1686 0.2711 0.4691 0.4694 0.2073 0.1388 0.1841 0.3074 0.5013 0.4323 0.1628 0.1439 0.2043 0.3521 0.5092 0.3767 0.1454 0.1531 0.2325 0.4098 0.4971 0.2919 0.1385 0.1693 0.2732 0.4662 0.5007 0.4684 0.2703 0.1670 0.1387 0.2987 0.4981 0.4094 0.2306 0.1530 0.1454 0.3767 0.5092 0.3521 0.2043 0.1439 0.1628 0.4323 0.5013 0.3074 0.1841 0.1388 0.2073 0.4694 0.4691 0.2711 0.1686 0.1383 0.2804 0.4936 0.4220 0.2407 0.1566 0.1423 0.3508 0.5069 0.3738 0.2153 0.1475 0.1527 0.4076 0.5080 0.3296 0.1942 0.1410 0.1776 0.4505 0.4902 0.2908 0.1769 0.1497
0.1631 0.2371 0.4203 0.4932 0.2861 0.1364 0.1659 0.2669 0.4677 0.4700 0.2129 0.1375 0.1807 0.3025 0.4999 0.4355 0.1639 0.1418 0.1991 0.3441 0.5085 0.3883 0.1453 0.1490 0.2217 0.3914 0.5019 0.3268 0.1378 0.1590 0.2493 0.4421 0.4841 0.2519 0.1365 0.1726 0.2839 0.4874 0.4529 0.1799 0.1397 0.1920 0.3302 0.5087 0.3997 0.1470 0.1481 0.2229 0.3944 0.5021 0.4264 0.5013 0.3901 0.2210 0.1477 0.1482 0.4030 0.5077 0.3274 0.1918 0.1397 0.1800 0.4529 0.4874 0.2839 0.1726 0.1365 0.2519 0.4841 0.4421 0.2493 0.1590 0.1378 0.3268 0.5019 0.3914 0.2217 0.1490 0.1453 0.3883 0.5085 0.3441 0.1991 0.1418 0.1639 0.4355 0.4999 0.3025 0.1807 0.1375 0.2129 0.4700 0.4677 0.2669 0.1659 0.1364 0.2861 0.4932 0.4203 0.2371 0.1631
0.1497 0.1769 0.2908 0.4902 0.4505 0.1776 0.1410 0.1942 0.3296 0.5080 0.4076 0.1527 0.1475 0.2153 0.3738 0.5069 0.3508 0.1423 0.1566 0.2407 0.4220 0.4936 0.2804 0.1383 0.1686 0.2711 0.4691 0.4694 0.2073 0.1388 0.1841 0.3074 0.5013 0.4323 0.1628 0.1439 0.2043 0.3521 0.5092 0.3767 0.1454 0.1531 0.2327 0.4127 0.4966 0.2888 0.1385 0.1697 0.2755 0.4670 0.5015 0.4633 0.2722 0.1687 0.1384 0.2868 0.4963 0.4100 0.2316 0.1531 0.1454 0.3767 0.5092 0.3521 0.2043 0.1439 0.1628 0.4323 0.5013 0.3074 0.1841 0.1388 0.2073 0.4694 0.4691 0.2711 0.1686 0.1383 0.2804 0.4936 0.4220 0.2407 0.1566 0.1423 0.3508 0.5069 0.3738 0.2153 0.1475 0.1527 0.4076 0.5080 0.3296 0.1942 0.1410 0.1776 0.4505 0.4902 0.2908 0.1769 0.1497
0.2417 0.1392 0.1794 0.2935 0.4923 0.4492 0.1755 0.1424 0.1969 0.3319 0.5095 0.4044 0.1526 0.1492 0.2182 0.3760 0.5080 0.3463 0.1429 0.1586 0.2436 0.4244 0.4941 0.2753 0.1392 0.1710 0.2740 0.4716 0.4688 0.2031 0.1401 0.1868 0.3103 0.5034 0.4293 0.1614 0.1456 0.2079 0.3561 0.5103 0.3691 0.1452 0.1559 0.2386 0.4181 0.4963 0.2736 0.1390 0.1720 0.2755 0.3925 0.2738 0.1728 0.1389 0.2746 0.4954 0.4176 0.2375 0.1557 0.1452 0.3691 0.5103 0.3561 0.2079 0.1456 0.1614 0.4293 0.5034 0.3103 0.1868 0.1401 0.2031 0.4688 0.4716 0.2740 0.1710 0.1392 0.2753 0.4941 0.4244 0.2436 0.1586 0.1429 0.3463 0.5080 0.3760 0.2182 0.1492 0.1526 0.4044 0.5095 0.3319 0.1969 0.1424 0.1755 0.4492 0.4923 0.2935 0.1794 0.1392 0.2417
0.4863 0.2418 0.1392 0.1777 0.2891 0.4884 0.4541 0.1807 0.1419 0.1947 0.3266 0.5088 0.4110 0.1546 0.1484 0.2154 0.3700 0.5092 0.3546 0.1439 0.1575 0.2403 0.4181 0.4968 0.2849 0.1396 0.1695 0.2700 0.4664 0.4727 0.2108 0.1399 0.1851 0.3062 0.5016 0.4337 0.1637 0.1452 0.2064 0.3531 0.5107 0.3721 0.1457 0.1562 0.2377 0.4213 0.4952 0.2763 0.1389 0.1697 0.2205 0.1681 0.1394 0.2731 0.4955 0.4192 0.2376 0.1557 0.1452 0.3718 0.5107 0.3531 0.2064 0.1452 0.1637 0.4337 0.5016 0.3062 0.1851 0.1399 0.2108 0.4727 0.4664 0.2700 0.1695 0.1396 0.2849 0.4968 0.4181 0.2403 0.1575 0.1439 0.3546 0.5092 0.3700 0.2154 0.1484 0.1546 0.4110 0.5088 0.3266 0.1947 0.1419 0.1807 0.4541 0.4884 0.2891 0.1777 0.1392 0.2418 0.4863
0.4313 0.4885 0.2540 0.1392 0.1753 0.2834 0.4827 0.4600 0.1883 0.1412 0.1917 0.3201 0.5072 0.4189 0.1574 0.1472 0.2118 0.3625 0.5102 0.3648 0.1452 0.1558 0.2359 0.4101 0.4996 0.2968 0.1400 0.1674 0.2651 0.4594 0.4772 0.2209 0.1397 0.1828 0.3012 0.4987 0.4389 0.1666 0.1446 0.2045 0.3494 0.5109 0.3755 0.1460 0.1552 0.2385 0.4140 0.4962 0.2704 0.1386 0.1487 0.1384 0.2829 0.4977 0.4200 0.2378 0.1563 0.1462 0.3765 0.5109 0.3495 0.2045 0.1446 0.1666 0.4389 0.4987 0.3012 0.1828 0.1397 0.2209 0.4772 0.4594 0.2651 0.1674 0.1400 0.2968 0.4996 0.4101 0.2359 0.1558 0.1452 0.3648 0.5102 0.3625 0.2118 0.1472 0.1574 0.4189 0.5072 0.3201 0.1917 0.1412 0.1883 0.4600 0.4827 0.2834 0.1753 0.1392 0.2540 0.4885 0.4313
0.2485 0.4302 0.4922 0.2669 0.1393 0.1728 0.2776 0.4760 0.4658 0.1975 0.1406 0.1886 0.3134 0.5048 0.4269 0.1608 0.1460 0.2080 0.3547 0.5108 0.3752 0.1467 0.1542 0.2315 0.4018 0.5022 0.3090 0.1405 0.1653 0.2601 0.4520 0.4813 0.2314 0.1394 0.1806 0.2965 0.4957 0.4434 0.1695 0.1440 0.2028 0.3464 0.5110 0.3745 0.1455 0.1547 0.2368 0.4153 0.4960 0.2981 0.1474 0.2900 0.4958 0.4156 0.2396 0.1552 0.1457 0.3731 0.5110 0.3469 0.2029 0.1440 0.1695 0.4434 0.4957 0.2965 0.1806 0.1394 0.2314 0.4813 0.4520 0.2601 0.1653 0.1405 0.3090 0.5022 0.4018 0.2315 0.1542 0.1467 0.3752 0.5108 0.3547 0.2080 0.1460 0.1608 0.4269 0.5048 0.3134 0.1886 0.1406 0.1975 0.4658 0.4760 0.2776 0.1728 0.1393 0.2669 0.4922 0.4302 0.2485
