-36.6178 -40.1949 10.3300 31.1406 -22.6871 -34.7567 -41.2219 -17.2884 21.7760 -5.1961 -29.2943 -38.2940 -41.5427 6.6709 31.2708 -20.1756 -33.5191 -40.7616 -28.3165 18.1027 8.3453 -27.5728 -37.2634 -41.7790 2.0355 28.8453 -17.1619 -32.2272 -40.1346 -35.6946 14.4423 23.5448 -25.3756 -36.1480 -41.5783 -4.7894 25.6187 -13.1379 -30.8948 -39.3581 -39.6638 10.9770 30.6503 -23.0977 -34.9635 -41.2885 -15.4013 22.2257 -5.7507 -28.7731 -35.1879 -28.7731 -5.7507 22.2257 -15.4013 -41.2885 -34.9635 -23.0977 30.6503 10.9770 -39.6638 -39.3581 -30.8948 -13.1379 25.6187 -4.7894 -41.5783 -36.1480 -25.3756 23.5448 14.4423 -35.6946 -40.1346 -32.2272 -17.1619 28.8453 2.0355 -41.7790 -37.2634 -27.5728 8.3453 18.1027 -28.3165 -40.7616 -33.5191 -20.1756 31.2708 6.6709 -41.5427 -38.2940 -29.2943 -5.1961 21.7760 -17.2884 -41.2219 -34.7567 -22.6871 31.1406 10.3300 -40.1949 -36.6178
-40.1949 10.7149 32.2813 -23.7539 -37.3453 -43.3635 -18.0562 21.4966 -2.5545 -32.0407 -40.7401 -43.2531 6.6177 31.4375 -20.6525 -36.1215 -43.0057 -29.5232 17.7313 13.4026 -29.8333 -39.7537 -43.6130 1.9368 28.5351 -17.1108 -34.8660 -42.4562 -37.0958 14.2448 27.1115 -26.9771 -38.6765 -43.5820 -5.0970 25.2152 -12.3462 -33.5760 -41.7435 -41.2212 10.8778 32.1316 -24.1515 -37.5275 -43.4186 -16.1242 21.9734 -4.1341 -32.1200 -40.9488 -45.3542 -40.9488 -32.1200 -4.1341 21.9734 -16.1242 -43.4186 -37.5275 -24.1515 32.1316 10.8778 -41.2212 -41.7435 -33.5760 -12.3462 25.2152 -5.0970 -43.5820 -38.6765 -26.9771 27.1115 14.2448 -37.0958 -42.4562 -34.8660 -17.1108 28.5351 1.9368 -43.6130 -39.7537 -29.8333 13.4026 17.7313 -29.5232 -43.0057 -36.1215 -20.6525 31.4375 6.6177 -43.2531 -40.7401 -32.0407 -2.5545 21.4966 -18.0562 -43.3635 -37.3453 -23.7539 32.2813 10.7149 -40.1949
10.3300 32.2813 -23.4665 -37.1452 -43.2842 -20.8896 20.6261 0.8347 -31.6880 -40.4859 -43.4346 5.4878 30.7747 -19.7634 -35.7827 -42.8702 -31.9681 16.7219 17.9554 -29.0458 -39.4665 -43.6053 0.3382 27.6237 -15.9859 -34.5171 -42.2752 -38.4895 13.3102 29.2308 -26.2134 -38.3684 -43.5472 -7.6820 24.2959 -10.6452 -33.2188 -41.5227 -41.8970 9.9220 32.4107 -23.3669 -37.2031 -43.3405 -19.4708 21.0692 -1.0566 -31.8578 -40.6249 -44.0368 -19.0474 -44.0368 -40.6249 -31.8578 -1.0566 21.0692 -19.4708 -43.3405 -37.2031 -23.3669 32.4107 9.9220 -41.8970 -41.5227 -33.2188 -10.6452 24.2959 -7.6820 -43.5472 -38.3684 -26.2134 29.2308 13.3102 -38.4895 -42.2752 -34.5171 -15.9859 27.6237 0.3382 -43.6053 -39.4665 -29.0458 17.9554 16.7219 -31.9681 -42.8702 -35.7827 -19.7634 30.7747 5.4878 -43.4346 -40.4859 -31.6880 0.8347 20.6261 -20.8896 -43.2842 -37.1452 -23.4665 32.2813 10.3300
31.1406 -23.7539 -37.1452 -43.2512 -22.5758 19.9396 4.0865 -31.2712 -40.2430 -43.5450 4.3285 30.0305 -18.8502 -35.4485 -42.7248 -34.1000 15.7780 21.9471 -28.2722 -39.1770 -43.6008 -1.4543 26.7096 -14.7625 -34.1693 -42.0843 -39.6615 12.4054 30.7357 -25.4524 -38.0590 -43.5079 -10.5787 23.4191 -8.6743 -32.8627 -41.2934 -42.4390 8.9614 32.3758 -22.5709 -36.8782 -43.2516 -22.7521 20.0791 2.7914 -31.4790 -40.3701 -43.5129 2.9233 18.6009 2.9233 -43.5129 -40.3701 -31.4790 2.7914 20.0791 -22.7521 -43.2516 -36.8782 -22.5709 32.3758 8.9614 -42.4390 -41.2934 -32.8627 -8.6743 23.4191 -10.5787 -43.5079 -38.0590 -25.4524 30.7357 12.4054 -39.6615 -42.0843 -34.1693 -14.7625 26.7096 -1.4543 -43.6008 -39.1770 -28.2722 21.9471 15.7780 -34.1000 -42.7248 -35.4485 -18.8502 30.0305 4.3285 -43.5450 -40.2430 -31.2712 4.0865 19.9396 -22.5758 -43.2512 -37.1452 -23.7539 31.1406
-22.6871 -37.3453 -43.2842 -22.5758 19.6701 6.1477 -30.8435 -40.0401 -43.5912 3.1918 29.2692 -17.9306 -35.1238 -42.5722 -35.9180 14.8662 25.2247 -27.5097 -38.8832 -43.5893 -3.5040 25.8063 -13.3972 -33.8187 -41.8848 -40.6373 11.4986 31.7156 -24.6862 -37.7466 -43.4564 -13.7542 22.5542 -6.3222 -32.5040 -41.0570 -42.8597 7.9682 32.0912 -21.7535 -36.5512 -43.1511 -25.8678 19.0148 7.2334 -30.8593 -40.1057 -43.5773 3.2626 27.8115 10.9721 27.8115 3.2626 -43.5773 -40.1057 -30.8593 7.2334 19.0148 -25.8678 -43.1511 -36.5512 -21.7535 32.0912 7.9682 -42.8597 -41.0570 -32.5040 -6.3222 22.5542 -13.7542 -43.4564 -37.7466 -24.6862 31.7156 11.4986 -40.6373 -41.8848 -33.8187 -13.3972 25.8063 -3.5040 -43.5893 -38.8832 -27.5097 25.2247 14.8662 -35.9180 -42.5722 -35.1238 -17.9306 29.2692 3.1918 -43.5912 -40.0401 -30.8435 6.1477 19.6701 -22.5758 -43.2842 -37.3453 -22.6871
-34.7567 -43.3635 -20.8896 19.9396 6.1477 -30.6609 -39.9230 -43.5997 2.2209 28.5836 -17.0564 -34.8196 -42.4157 -37.4111 13.9932 27.7471 -26.7608 -38.5850 -43.5684 -5.8489 24.9127 -11.8574 -33.4658 -41.6743 -41.4335 10.5770 32.2532 -23.9122 -37.4275 -43.3930 -17.0981 21.6984 -3.4885 -32.1431 -40.8114 -43.1713 6.9237 31.6133 -20.9099 -36.2187 -43.0384 -28.7174 17.9943 11.9779 -30.0638 -39.8320 -43.6031 2.2389 28.4921 -15.4639 -30.0188 -15.4639 28.4921 2.2389 -43.6031 -39.8320 -30.0638 11.9779 17.9943 -28.7174 -43.0384 -36.2187 -20.9099 31.6133 6.9237 -43.1713 -40.8114 -32.1431 -3.4885 21.6984 -17.0981 -43.3930 -37.4275 -23.9122 32.2532 10.5770 -41.4335 -41.6743 -33.4658 -11.8574 24.9127 -5.8489 -43.5684 -38.5850 -26.7608 27.7471 13.9932 -37.4111 -42.4157 -34.8196 -17.0564 28.5836 2.2209 -43.5997 -39.9230 -30.6609 6.1477 19.9396 -20.8896 -43.3635 -34.7567
-41.2219 -18.0562 20.6261 4.0865 -30.8435 -39.9230 -43.5985 1.6442 28.0974 -16.3328 -34.5634 -42.2648 -38.5814 13.1854 29.5647 -26.0408 -38.2892 -43.5346 -8.4697 24.0386 -10.1019 -33.1130 -41.4536 -42.0747 9.6366 32.4302 -23.1298 -37.1057 -43.3131 -20.4555 20.7847 -0.0522 -31.7814 -40.5572 -43.3891 5.8183 30.9828 -20.0366 -35.8842 -42.9090 -31.2545 17.0110 16.6355 -29.2811 -39.5529 -43.6061 0.7949 27.8198 -15.9321 -34.0809 -40.0568 -34.0809 -15.9321 27.8198 0.7949 -43.6061 -39.5529 -29.2811 16.6355 17.0110 -31.2545 -42.9090 -35.8842 -20.0366 30.9828 5.8183 -43.3891 -40.5572 -31.7814 -0.0522 20.7847 -20.4555 -43.3131 -37.1057 -23.1298 32.4302 9.6366 -42.0747 -41.4536 -33.1130 -10.1019 24.0386 -8.4697 -43.5346 -38.2892 -26.0408 29.5647 13.1854 -38.5814 -42.2648 -34.5634 -16.3328 28.0974 1.6442 -43.5985 -39.9230 -30.8435 4.0865 20.6261 -18.0562 -41.2219
-17.2884 21.4966 0.8347 -31.2712 -40.0401 -43.5997 1.6442 27.9208 -15.9168 -34.3886 -42.1464 -39.4280 12.4843 30.7658 -25.3731 -38.0068 -43.4927 -11.3110 23.1960 -8.0739 -32.7615 -41.2254 -42.5787 8.6666 32.3141 -22.3268 -36.7798 -43.2225 -23.7166 19.7591 4.0341 -31.3127 -40.2967 -43.5248 4.6313 30.2407 -19.1171 -35.5463 -42.7692 -33.4932 16.0607 20.8172 -28.5036 -39.2662 -43.6036 -0.9095 26.9610 -15.0357 -34.1620 -42.4968 -45.6809 -42.4968 -34.1620 -15.0357 26.9610 -0.9095 -43.6036 -39.2662 -28.5036 20.8172 16.0607 -33.4932 -42.7692 -35.5463 -19.1171 30.2407 4.6313 -43.5248 -40.2967 -31.3127 4.0341 19.7591 -23.7166 -43.2225 -36.7798 -22.3268 32.3141 8.6666 -42.5787 -41.2254 -32.7615 -8.0739 23.1960 -11.3110 -43.4927 -38.0068 -25.3731 30.7658 12.4843 -39.4280 -42.1464 -34.3886 -15.9168 27.9208 1.6442 -43.5997 -40.0401 -31.2712 0.8347 21.4966 -17.2884
21.7760 -2.5545 -31.6880 -40.2430 -43.5912 2.2209 28.0974 -15.9168 -34.3251 -42.0804 -39.9410 11.9476 31.4764 -24.7955 -37.7505 -43.4450 -14.1973 22.3958 -5.7448 -32.4168 -40.9913 -42.9581 7.6695 31.9695 -21.5042 -36.4503 -43.1180 -26.7545 18.7043 8.6250 -30.6254 -40.0257 -43.5886 3.3414 29.4154 -18.1463 -35.2055 -42.6164 -35.4280 15.1312 24.3184 -27.7347 -38.9715 -43.5941 -2.8616 26.0678 -13.7899 -33.8965 -41.9818 -41.5685 -2.5236 -41.5685 -41.9818 -33.8965 -13.7899 26.0678 -2.8616 -43.5941 -38.9715 -27.7347 24.3184 15.1312 -35.4280 -42.6164 -35.2055 -18.1463 29.4154 3.3414 -43.5886 -40.0257 -30.6254 8.6250 18.7043 -26.7545 -43.1180 -36.4503 -21.5042 31.9695 7.6695 -42.9581 -40.9913 -32.4168 -5.7448 22.3958 -14.1973 -43.4450 -37.7505 -24.7955 31.4764 11.9476 -39.9410 -42.0804 -34.3251 -15.9168 28.0974 2.2209 -43.5912 -40.2430 -31.6880 -2.5545 21.7760
-5.1961 -32.0407 -40.4859 -43.5450 3.1918 28.5836 -16.3328 -34.3886 -42.0804 -40.1128 11.6544 31.8270 -24.3593 -37.5407 -43.3947 -16.8422 21.6771 -3.1704 -32.0870 -40.7603 -43.2307 6.6500 31.4544 -20.6669 -36.1207 -42.9987 -29.5141 17.6954 13.4147 -29.8311 -39.7496 -43.6050 1.9258 28.5324 -17.1081 -34.8635 -42.4511 -37.0858 14.2170 27.1177 -26.9750 -38.6728 -43.5750 -5.1047 25.1784 -12.3259 -33.5649 -41.7434 -41.4431 9.1996 23.8255 9.1996 -41.4431 -41.7434 -33.5649 -12.3259 25.1784 -5.1047 -43.5750 -38.6728 -26.9750 27.1177 14.2170 -37.0858 -42.4511 -34.8635 -17.1081 28.5324 1.9258 -43.6050 -39.7496 -29.8311 13.4147 17.6954 -29.5141 -42.9987 -36.1207 -20.6669 31.4544 6.6500 -43.2307 -40.7603 -32.0870 -3.1704 21.6771 -16.8422 -43.3947 -37.5407 -24.3593 31.8270 11.6544 -40.1128 -42.0804 -34.3886 -16.3328 28.5836 3.1918 -43.5450 -40.4859 -32.0407 -5.1961
-29.2943 -40.7401 -43.4346 4.3285 29.2692 -17.0564 -34.5634 -42.1464 -39.9410 11.6544 31.9296 -24.1233 -37.4021 -43.3515 -18.9948 21.0754 -0.5186 -31.7869 -40.5373 -43.4123 5.6077 30.8273 -19.8162 -35.7943 -42.8702 -31.9405 16.7309 17.9500 -29.0458 -39.4665 -43.6054 0.3383 27.6237 -15.9860 -34.5172 -42.2752 -38.4897 13.3103 29.2308 -26.2135 -38.3684 -43.5473 -7.6819 24.2958 -10.6425 -33.2159 -41.5215 -41.9438 9.5493 32.2555 -9.4254 32.2555 9.5493 -41.9438 -41.5215 -33.2159 -10.6425 24.2958 -7.6819 -43.5473 -38.3684 -26.2135 29.2308 13.3103 -38.4897 -42.2752 -34.5172 -15.9860 27.6237 0.3383 -43.6054 -39.4665 -29.0458 17.9500 16.7309 -31.9405 -42.8702 -35.7943 -19.8162 30.8273 5.6077 -43.4123 -40.5373 -31.7869 -0.5186 21.0754 -18.9948 -43.3515 -37.4021 -24.1233 31.9296 11.6544 -39.9410 -42.1464 -34.5634 -17.0564 29.2692 4.3285 -43.4346 -40.7401 -29.2943
-38.2940 -43.2531 5.4878 30.0305 -17.9306 -34.8196 -42.2648 -39.4280 11.9476 31.8270 -24.1233 -37.3524 -43.3269 -20.4061 20.5859 1.8647 -31.5349 -40.3367 -43.5201 4.5837 30.1533 -18.9648 -35.4779 -42.7328 -34.0131 15.8071 21.8791 -28.2786 -39.1769 -43.6008 -1.4543 26.7096 -14.7625 -34.1693 -42.0843 -39.6615 12.4054 30.7357 -25.4524 -38.0590 -43.5079 -10.5787 23.4191 -8.6740 -32.8623 -41.2933 -42.4502 8.8706 32.3157 -21.2069 -32.6322 -21.2069 32.3157 8.8706 -42.4502 -41.2933 -32.8623 -8.6740 23.4191 -10.5787 -43.5079 -38.0590 -25.4524 30.7357 12.4054 -39.6615 -42.0843 -34.1693 -14.7625 26.7096 -1.4543 -43.6008 -39.1769 -28.2786 21.8791 15.8071 -34.0131 -42.7328 -35.4779 -18.9648 30.1533 4.5837 -43.5201 -40.3367 -31.5349 1.8647 20.5859 -20.4061 -43.3269 -37.3524 -24.1233 31.8270 11.9476 -39.4280 -42.2648 -34.8196 -17.9306 30.0305 5.4878 -43.2531 -38.2940
-41.5427 6.6177 30.7747 -18.8502 -35.1238 -42.4157 -38.5814 12.4843 31.4764 -24.3593 -37.4021 -43.3269 -20.8882 20.2852 3.5462 -31.2754 -40.1756 -43.5736 3.6356 29.4978 -18.1413 -35.1789 -42.5915 -35.7573 14.9269 25.0719 -27.5335 -38.8875 -43.5882 -3.4837 25.8074 -13.3972 -33.8187 -41.8848 -40.6373 11.4986 31.7156 -24.6862 -37.7466 -43.4564 -13.7542 22.5542 -6.3222 -32.5039 -41.0581 -42.8625 7.9414 32.0607 -21.4774 -36.1298 -41.9027 -36.1298 -21.4774 32.0607 7.9414 -42.8625 -41.0581 -32.5039 -6.3222 22.5542 -13.7542 -43.4564 -37.7466 -24.6862 31.7156 11.4986 -40.6373 -41.8848 -33.8187 -13.3972 25.8074 -3.4837 -43.5882 -38.8875 -27.5335 25.0719 14.9269 -35.7573 -42.5915 -35.1789 -18.1413 29.4978 3.6356 -43.5736 -40.1756 -31.2754 3.5462 20.2852 -20.8882 -43.3269 -37.4021 -24.3593 31.4764 12.4843 -38.5814 -42.4157 -35.1238 -18.8502 30.7747 6.6177 -41.5427
6.6709 31.4375 -19.7634 -35.4485 -42.5722 -37.4111 13.1854 30.7658 -24.7955 -37.5407 -43.3515 -20.4061 20.2852 4.1668 -31.0706 -40.0710 -43.5932 2.8516 28.9248 -17.3969 -34.9106 -42.4531 -37.1662 14.1072 27.5248 -26.8125 -38.5998 -43.5671 -5.7753 24.9287 -11.8706 -33.4665 -41.6745 -41.4335 10.5770 32.2532 -23.9122 -37.4275 -43.3930 -17.0981 21.6984 -3.4885 -32.1431 -40.8113 -43.1714 6.9142 31.5997 -20.8410 -36.1277 -43.6920 -44.8553 -43.6920 -36.1277 -20.8410 31.5997 6.9142 -43.1714 -40.8113 -32.1431 -3.4885 21.6984 -17.0981 -43.3930 -37.4275 -23.9122 32.2532 10.5770 -41.4335 -41.6745 -33.4665 -11.8706 24.9287 -5.7753 -43.5671 -38.5998 -26.8125 27.5248 14.1072 -37.1662 -42.4531 -34.9106 -17.3969 28.9248 2.8516 -43.5932 -40.0710 -31.0706 4.1668 20.2852 -20.4061 -43.3515 -37.5407 -24.7955 30.7658 13.1854 -37.4111 -42.5722 -35.4485 -19.7634 31.4375 6.6709
31.2708 -20.6525 -35.7827 -42.7248 -35.9180 13.9932 29.5647 -25.3731 -37.7505 -43.3947 -18.9948 20.5859 3.5462 -31.0706 -40.0356 -43.5975 2.3250 28.5004 -16.7936 -34.6874 -42.3253 -38.2522 13.3709 29.2788 -26.1376 -38.3207 -43.5363 -8.3117 24.0767 -10.1525 -33.1184 -41.4548 -42.0694 9.6382 32.4302 -23.1298 -37.1057 -43.3131 -20.4555 20.7847 -0.0522 -31.7814 -40.5572 -43.3891 5.8167 30.9769 -20.0148 -35.8601 -42.9903 -34.4226 5.7654 -34.4226 -42.9903 -35.8601 -20.0148 30.9769 5.8167 -43.3891 -40.5572 -31.7814 -0.0522 20.7847 -20.4555 -43.3131 -37.1057 -23.1298 32.4302 9.6382 -42.0694 -41.4548 -33.1184 -10.1525 24.0767 -8.3117 -43.5363 -38.3207 -26.1376 29.2788 13.3709 -38.2522 -42.3253 -34.6874 -16.7936 28.5004 2.3250 -43.5975 -40.0356 -31.0706 3.5462 20.5859 -18.9948 -43.3947 -37.7505 -25.3731 29.5647 13.9932 -35.9180 -42.7248 -35.7827 -20.6525 31.2708
-20.1756 -36.1215 -42.8702 -34.1000 14.8662 27.7471 -26.0408 -38.0068 -43.4450 -16.8422 21.0754 1.8647 -31.2754 -40.0710 -43.5975 2.1339 28.2770 -16.3950 -34.5279 -42.2214 -39.0407 12.7463 30.4504 -25.5258 -38.0588 -43.5001 -10.9960 23.2621 -8.1969 -32.7755 -41.2314 -42.5661 8.6848 32.3161 -22.3320 -36.7800 -43.2225 -23.7166 19.7591 4.0341 -31.3127 -40.2967 -43.5248 4.6311 30.2398 -19.1090 -35.5391 -42.7847 -34.1642 14.1898 29.0131 14.1898 -34.1642 -42.7847 -35.5391 -19.1090 30.2398 4.6311 -43.5248 -40.2967 -31.3127 4.0341 19.7591 -23.7166 -43.2225 -36.7800 -22.3320 32.3161 8.6848 -42.5661 -41.2314 -32.7755 -8.1969 23.2621 -10.9960 -43.5001 -38.0588 -25.5258 30.4504 12.7463 -39.0407 -42.2214 -34.5279 -16.3950 28.2770 2.1339 -43.5975 -40.0710 -31.2754 1.8647 21.0754 -16.8422 -43.4450 -38.0068 -26.0408 27.7471 14.8662 -34.1000 -42.8702 -36.1215 -20.1756
-33.5191 -43.0057 -31.9681 15.7780 25.2247 -26.7608 -38.2892 -43.4927 -14.1973 21.6771 -0.5186 -31.5349 -40.1756 -43.5932 2.3250 28.2770 -16.2564 -34.4472 -42.1557 -39.5522 12.2616 31.1801 -25.0051 -37.8265 -43.4584 -13.6499 22.5090 -6.0164 -32.4423 -41.0034 -42.9414 7.7085 31.9815 -21.5199 -36.4537 -43.1185 -26.7516 18.7043 8.6250 -30.6254 -40.0257 -43.5886 3.3414 29.4153 -18.1452 -35.2034 -42.6180 -35.5773 14.7197 28.9632 -18.1813 28.9632 14.7197 -35.5773 -42.6180 -35.2034 -18.1452 29.4153 3.3414 -43.5886 -40.0257 -30.6254 8.6250 18.7043 -26.7516 -43.1185 -36.4537 -21.5199 31.9815 7.7085 -42.9414 -41.0034 -32.4423 -6.0164 22.5090 -13.6499 -43.4584 -37.8265 -25.0051 31.1801 12.2616 -39.5522 -42.1557 -34.4472 -16.2564 28.2770 2.3250 -43.5932 -40.1756 -31.5349 -0.5186 21.6771 -14.1973 -43.4927 -38.2892 -26.7608 25.2247 15.7780 -31.9681 -43.0057 -33.5191
-40.7616 -29.5232 16.7219 21.9471 -27.5097 -38.5850 -43.5346 -11.3110 22.3958 -3.1704 -31.7869 -40.3367 -43.5736 2.8516 28.5004 -16.3950 -34.4472 -42.1340 -39.7972 11.9544 31.5817 -24.6057 -37.6348 -43.4145 -16.0826 21.8414 -3.6741 -32.1314 -40.7824 -43.2111 6.7150 31.4842 -20.6978 -36.1306 -43.0008 -29.4720 17.7035 13.3857 -29.8313 -39.7496 -43.6050 1.9258 28.5324 -17.1079 -34.8627 -42.4507 -37.1210 14.1201 27.9670 -25.7952 -34.7761 -25.7952 27.9670 14.1201 -37.1210 -42.4507 -34.8627 -17.1079 28.5324 1.9258 -43.6050 -39.7496 -29.8313 13.3857 17.7035 -29.4720 -43.0008 -36.1306 -20.6978 31.4842 6.7150 -43.2111 -40.7824 -32.1314 -3.6741 21.8414 -16.0826 -43.4145 -37.6348 -24.6057 31.5817 11.9544 -39.7972 -42.1340 -34.4472 -16.3950 28.5004 2.8516 -43.5736 -40.3367 -31.7869 -3.1704 22.3958 -11.3110 -43.5346 -38.5850 -27.5097 21.9471 16.7219 -29.5232 -40.7616
-28.3165 17.7313 17.9554 -28.2722 -38.8832 -43.5684 -8.4697 23.1960 -5.7448 -32.0870 -40.5373 -43.5201 3.6356 28.9248 -16.7936 -34.5279 -42.1557 -39.7972 11.8515 31.7529 -24.3513 -37.4971 -43.3782 -18.0771 21.2816 -1.3011 -31.8540 -40.5760 -43.3911 5.7258 30.8868 -19.8752 -35.8119 -42.8752 -31.8625 16.7534 17.8683 -29.0544 -39.4687 -43.6047 0.3383 27.6237 -15.9860 -34.5170 -42.2743 -38.4976 13.2852 29.3931 -25.9755 -38.1023 -43.5273 -38.1023 -25.9755 29.3931 13.2852 -38.4976 -42.2743 -34.5170 -15.9860 27.6237 0.3383 -43.6047 -39.4687 -29.0544 17.8683 16.7534 -31.8625 -42.8752 -35.8119 -19.8752 30.8868 5.7258 -43.3911 -40.5760 -31.8540 -1.3011 21.2816 -18.0771 -43.3782 -37.4971 -24.3513 31.7529 11.8515 -39.7972 -42.1557 -34.5279 -16.7936 28.9248 3.6356 -43.5201 -40.5373 -32.0870 -5.7448 23.1960 -8.4697 -43.5684 -38.8832 -28.2722 17.9554 17.7313 -28.3165
18.1027 13.4026 -29.0458 -39.1770 -43.5893 -5.8489 24.0386 -8.0739 -32.4168 -40.7603 -43.4123 4.5837 29.4978 -17.3969 -34.6874 -42.2214 -39.5522 11.9544 31.7529 -24.2650 -37.4274 -43.3523 -19.4754 20.8413 0.8550 -31.6187 -40.3904 -43.5008 4.7718 30.2537 -19.0650 -35.5074 -42.7431 -33.9106 15.8486 21.7528 -28.2984 -39.1839 -43.6004 -1.4392 26.7150 -14.7628 -34.1693 -42.0841 -39.6640 12.3990 30.7674 -25.3925 -37.9938 -44.3998 -40.6942 -44.3998 -37.9938 -25.3925 30.7674 12.3990 -39.6640 -42.0841 -34.1693 -14.7628 26.7150 -1.4392 -43.6004 -39.1839 -28.2984 21.7528 15.8486 -33.9106 -42.7431 -35.5074 -19.0650 30.2537 4.7718 -43.5008 -40.3904 -31.6187 0.8550 20.8413 -19.4754 -43.3523 -37.4274 -24.2650 31.7529 11.9544 -39.5522 -42.2214 -34.6874 -17.3969 29.4978 4.5837 -43.4123 -40.7603 -32.4168 -8.0739 24.0386 -5.8489 -43.5893 -39.1770 -29.0458 13.4026 18.1027
8.3453 -29.8333 -39.4665 -43.6008 -3.5040 24.9127 -10.1019 -32.7615 -40.9913 -43.2307 5.6077 30.1533 -18.1413 -34.9106 -42.3253 -39.0407 12.2616 31.5817 -24.3513 -37.4274 -43.3419 -20.2023 20.5332 2.5168 -31.4146 -40.2386 -43.5595 3.8971 29.6427 -18.2907 -35.2224 -42.6094 -35.6087 14.9925 24.9100 -27.5684 -38.8992 -43.5901 -3.4403 25.8238 -13.4134 -33.8217 -41.8835 -40.6377 11.4965 31.7211 -24.6700 -37.7261 -43.5569 -18.7843 11.0205 -18.7843 -43.5569 -37.7261 -24.6700 31.7211 11.4965 -40.6377 -41.8835 -33.8217 -13.4134 25.8238 -3.4403 -43.5901 -38.8992 -27.5684 24.9100 14.9925 -35.6087 -42.6094 -35.2224 -18.2907 29.6427 3.8971 -43.5595 -40.2386 -31.4146 2.5168 20.5332 -20.2023 -43.3419 -37.4274 -24.3513 31.5817 12.2616 -39.0407 -42.3253 -34.9106 -18.1413 30.1533 5.6077 -43.2307 -40.9913 -32.7615 -10.1019 24.9127 -3.5040 -43.6008 -39.4665 -29.8333 8.3453
-27.5728 -39.7537 -43.6053 -1.4543 25.8063 -11.8574 -33.1130 -41.2254 -42.9581 6.6500 30.8273 -18.9648 -35.1789 -42.4531 -38.2522 12.7463 31.1801 -24.6057 -37.4971 -43.3523 -20.2023 20.4150 3.4248 -31.2313 -40.1316 -43.5857 3.1479 29.1020 -17.5876 -34.9647 -42.4774 -36.9767 14.2005 27.3300 -26.8674 -38.6177 -43.5709 -5.6925 24.9520 -11.9129 -33.4749 -41.6772 -41.4279 10.5819 32.2539 -23.9084 -37.4216 -43.4106 -18.2400 19.2469 31.9265 19.2469 -18.2400 -43.4106 -37.4216 -23.9084 32.2539 10.5819 -41.4279 -41.6772 -33.4749 -11.9129 24.9520 -5.6925 -43.5709 -38.6177 -26.8674 27.3300 14.2005 -36.9767 -42.4774 -34.9647 -17.5876 29.1020 3.1479 -43.5857 -40.1316 -31.2313 3.4248 20.4150 -20.2023 -43.3523 -37.4971 -24.6057 31.1801 12.7463 -38.2522 -42.4531 -35.1789 -18.9648 30.8273 6.6500 -42.9581 -41.2254 -33.1130 -11.8574 25.8063 -1.4543 -43.6053 -39.7537 -27.5728
-37.2634 -43.6130 0.3382 26.7096 -13.3972 -33.4658 -41.4536 -42.5787 7.6695 31.4544 -19.8162 -35.4779 -42.5915 -37.1662 13.3709 30.4504 -25.0051 -37.6348 -43.3782 -19.4754 20.5332 3.4248 -31.1466 -40.0747 -43.5949 2.6008 28.6769 -17.0021 -34.7514 -42.3567 -38.0535 13.4914 29.0713 -26.2099 -38.3456 -43.5407 -8.1498 24.1123 -10.2251 -33.1309 -41.4636 -42.0581 9.6551 32.4298 -23.1324 -37.1046 -43.3169 -20.7590 20.2634 7.6945 -24.1602 7.6945 20.2634 -20.7590 -43.3169 -37.1046 -23.1324 32.4298 9.6551 -42.0581 -41.4636 -33.1309 -10.2251 24.1123 -8.1498 -43.5407 -38.3456 -26.2099 29.0713 13.4914 -38.0535 -42.3567 -34.7514 -17.0021 28.6769 2.6008 -43.5949 -40.0747 -31.1466 3.4248 20.5332 -19.4754 -43.3782 -37.6348 -25.0051 30.4504 13.3709 -37.1662 -42.5915 -35.4779 -19.8162 31.4544 7.6695 -42.5787 -41.4536 -33.4658 -13.3972 26.7096 0.3382 -43.6130 -37.2634
-41.7790 1.9368 27.6237 -14.7625 -33.8187 -41.6743 -42.0747 8.6666 31.9695 -20.6669 -35.7943 -42.7328 -35.7573 14.1072 29.2788 -25.5258 -37.8265 -43.4145 -18.0771 20.8413 2.5168 -31.2313 -40.0747 -43.5967 2.3149 28.4131 -16.5811 -34.5912 -42.2595 -38.8505 12.8789 30.2567 -25.6215 -38.0933 -43.5036 -10.7258 23.3256 -8.3309 -32.7937 -41.2431 -42.5515 8.7104 32.3217 -22.3459 -36.7849 -43.2243 -23.7811 19.6275 5.6057 -30.2796 -36.8839 -30.2796 5.6057 19.6275 -23.7811 -43.2243 -36.7849 -22.3459 32.3217 8.7104 -42.5515 -41.2431 -32.7937 -8.3309 23.3256 -10.7258 -43.5036 -38.0933 -25.6215 30.2567 12.8789 -38.8505 -42.2595 -34.5912 -16.5811 28.4131 2.3149 -43.5967 -40.0747 -31.2313 2.5168 20.8413 -18.0771 -43.4145 -37.8265 -25.5258 29.2788 14.1072 -35.7573 -42.7328 -35.7943 -20.6669 31.9695 8.6666 -42.0747 -41.6743 -33.8187 -14.7625 27.6237 1.9368 -41.7790
2.0355 28.5351 -15.9859 -34.1693 -41.8848 -41.4335 9.6366 32.3141 -21.5042 -36.1207 -42.8702 -34.0131 14.9269 27.5248 -26.1376 -38.0588 -43.4584 -16.0826 21.2816 0.8550 -31.4146 -40.1316 -43.5949 2.3149 28.3262 -16.3591 -34.4903 -42.1880 -39.3834 12.3938 31.0182 -25.1151 -37.8689 -43.4648 -13.2794 22.5997 -6.2539 -32.4714 -41.0219 -42.9237 7.7536 31.9973 -21.5464 -36.4628 -43.1206 -26.7174 18.6888 9.0030 -30.3985 -39.9646 -44.8145 -39.9646 -30.3985 9.0030 18.6888 -26.7174 -43.1206 -36.4628 -21.5464 31.9973 7.7536 -42.9237 -41.0219 -32.4714 -6.2539 22.5997 -13.2794 -43.4648 -37.8689 -25.1151 31.0182 12.3938 -39.3834 -42.1880 -34.4903 -16.3591 28.3262 2.3149 -43.5949 -40.1316 -31.4146 0.8550 21.2816 -16.0826 -43.4584 -38.0588 -26.1376 27.5248 14.9269 -34.0131 -42.8702 -36.1207 -21.5042 32.3141 9.6366 -41.4335 -41.8848 -34.1693 -15.9859 28.5351 2.0355
28.8453 -17.1108 -34.5171 -42.0843 -40.6373 10.5770 32.4302 -22.3268 -36.4503 -42.9987 -31.9405 15.8071 25.0719 -26.8125 -38.3207 -43.5001 -13.6499 21.8414 -1.3011 -31.6187 -40.2386 -43.5857 2.6008 28.4131 -16.3591 -34.4570 -42.1495 -39.6904 12.0635 31.4667 -24.7104 -37.6796 -43.4255 -15.6450 21.9442 -4.0194 -32.1702 -40.8084 -43.1921 6.7853 31.5157 -20.7402 -36.1434 -43.0066 -29.4013 17.7254 13.3891 -29.7885 -39.7233 -44.4282 -29.5733 -44.4282 -39.7233 -29.7885 13.3891 17.7254 -29.4013 -43.0066 -36.1434 -20.7402 31.5157 6.7853 -43.1921 -40.8084 -32.1702 -4.0194 21.9442 -15.6450 -43.4255 -37.6796 -24.7104 31.4667 12.0635 -39.6904 -42.1495 -34.4570 -16.3591 28.4131 2.6008 -43.5857 -40.2386 -31.6187 -1.3011 21.8414 -13.6499 -43.5001 -38.3207 -26.8125 25.0719 15.8071 -31.9405 -42.9987 -36.4503 -22.3268 32.4302 10.5770 -40.6373 -42.0843 -34.5171 -17.1108 28.8453
-17.1619 -34.8660 -42.2752 -39.6615 11.4986 32.2532 -23.1298 -36.7798 -43.1180 -29.5141 16.7309 21.8791 -27.5335 -38.5998 -43.5363 -10.9960 22.5090 -3.6741 -31.8540 -40.3904 -43.5595 3.1479 28.6769 -16.5811 -34.4903 -42.1495 -39.7905 11.8940 31.6938 -24.4301 -37.5367 -43.3887 -17.6547 21.3856 -1.7164 -31.8956 -40.6062 -43.3726 5.8219 30.9364 -19.9301 -35.8313 -42.8846 -31.7735 16.7842 17.7434 -29.0657 -39.4657 -43.6488 -2.4726 15.6993 -2.4726 -43.6488 -39.4657 -29.0657 17.7434 16.7842 -31.7735 -42.8846 -35.8313 -19.9301 30.9364 5.8219 -43.3726 -40.6062 -31.8956 -1.7164 21.3856 -17.6547 -43.3887 -37.5367 -24.4301 31.6938 11.8940 -39.7905 -42.1495 -34.4903 -16.5811 28.6769 3.1479 -43.5595 -40.3904 -31.8540 -3.6741 22.5090 -10.9960 -43.5363 -38.5998 -27.5335 21.8791 16.7309 -29.5141 -43.1180 -36.7798 -23.1298 32.2532 11.4986 -39.6615 -42.2752 -34.8660 -17.1619
-32.2272 -42.4562 -38.4895 12.4054 31.7156 -23.9122 -37.1057 -43.2225 -26.7545 17.6954 17.9500 -28.2786 -38.8875 -43.5671 -8.3117 23.2621 -6.0164 -32.1314 -40.5760 -43.5008 3.8971 29.1020 -17.0021 -34.5912 -42.1880 -39.6904 11.8940 31.7625 -24.2870 -37.4482 -43.3607 -19.1456 20.9516 0.4112 -31.6603 -40.4211 -43.4868 4.8975 30.3238 -19.1320 -35.5289 -42.7534 -33.8006 15.8859 21.6016 -28.3260 -39.1896 -43.6102 -2.0326 24.5111 24.3304 24.5111 -2.0326 -43.6102 -39.1896 -28.3260 21.6016 15.8859 -33.8006 -42.7534 -35.5289 -19.1320 30.3238 4.8975 -43.4868 -40.4211 -31.6603 0.4112 20.9516 -19.1456 -43.3607 -37.4482 -24.2870 31.7625 11.8940 -39.6904 -42.1880 -34.5912 -17.0021 29.1020 3.8971 -43.5008 -40.5760 -32.1314 -6.0164 23.2621 -8.3117 -43.5671 -38.8875 -28.2786 17.9500 17.6954 -26.7545 -43.2225 -37.1057 -23.9122 31.7156 12.4054 -38.4895 -42.4562 -32.2272
-40.1346 -37.0958 13.3102 30.7357 -24.6862 -37.4275 -43.3131 -23.7166 18.7043 13.4147 -29.0458 -39.1769 -43.5882 -5.7753 24.0767 -8.1969 -32.4423 -40.7824 -43.3911 4.7718 29.6427 -17.5876 -34.7514 -42.2595 -39.3834 12.0635 31.6938 -24.2870 -37.4185 -43.3454 -20.0509 20.6157 2.1305 -31.4766 -40.2688 -43.5515 4.0288 29.7278 -18.3813 -35.2481 -42.6186 -35.4943 15.0451 24.7453 -27.6014 -38.9103 -43.5925 -3.5352 25.5456 -10.6284 -28.0777 -10.6284 25.5456 -3.5352 -43.5925 -38.9103 -27.6014 24.7453 15.0451 -35.4943 -42.6186 -35.2481 -18.3813 29.7278 4.0288 -43.5515 -40.2688 -31.4766 2.1305 20.6157 -20.0509 -43.3454 -37.4185 -24.2870 31.6938 12.0635 -39.3834 -42.2595 -34.7514 -17.5876 29.6427 4.7718 -43.3911 -40.7824 -32.4423 -8.1969 24.0767 -5.7753 -43.5882 -39.1769 -29.0458 13.4147 18.7043 -23.7166 -43.3131 -37.4275 -24.6862 30.7357 13.3102 -37.0958 -40.1346
-35.6946 14.2448 29.2308 -25.4524 -37.7466 -43.3930 -20.4555 19.7591 8.6250 -29.8311 -39.4665 -43.6008 -3.4837 24.9287 -10.1525 -32.7755 -41.0034 -43.2111 5.7258 30.2537 -18.2907 -34.9647 -42.3567 -38.8505 12.3938 31.4667 -24.4301 -37.4482 -43.3454 -20.3623 20.4053 3.2638 -31.2874 -40.1559 -43.5820 3.2732 29.1861 -17.6890 -34.9973 -42.4905 -36.8566 14.2720 27.1505 -26.9159 -38.6349 -43.5710 -5.6196 24.9230 -11.4154 -32.8979 -38.9444 -32.8979 -11.4154 24.9230 -5.6196 -43.5710 -38.6349 -26.9159 27.1505 14.2720 -36.8566 -42.4905 -34.9973 -17.6890 29.1861 3.2732 -43.5820 -40.1559 -31.2874 3.2638 20.4053 -20.3623 -43.3454 -37.4482 -24.4301 31.4667 12.3938 -38.8505 -42.3567 -34.9647 -18.2907 30.2537 5.7258 -43.2111 -41.0034 -32.7755 -10.1525 24.9287 -3.4837 -43.6008 -39.4665 -29.8311 8.6250 19.7591 -20.4555 -43.3930 -37.7466 -25.4524 29.2308 14.2448 -35.6946
14.4423 27.1115 -26.2134 -38.0590 -43.4564 -17.0981 20.7847 4.0341 -30.6254 -39.7496 -43.6054 -1.4543 25.8074 -11.8706 -33.1184 -41.2314 -42.9414 6.7150 30.8868 -19.0650 -35.2224 -42.4774 -38.0535 12.8789 31.0182 -24.7104 -37.5367 -43.3607 -20.0509 20.4053 3.6654 -31.1361 -40.0838 -43.5936 2.6934 28.7473 -17.0889 -34.7803 -42.3730 -37.9230 13.5768 28.8966 -26.2791 -38.3699 -43.5433 -7.9978 24.1478 -10.1712 -33.0320 -41.6666 -45.5776 -41.6666 -33.0320 -10.1712 24.1478 -7.9978 -43.5433 -38.3699 -26.2791 28.8966 13.5768 -37.9230 -42.3730 -34.7803 -17.0889 28.7473 2.6934 -43.5936 -40.0838 -31.1361 3.6654 20.4053 -20.0509 -43.3607 -37.5367 -24.7104 31.0182 12.8789 -38.0535 -42.4774 -35.2224 -19.0650 30.8868 6.7150 -42.9414 -41.2314 -33.1184 -11.8706 25.8074 -1.4543 -43.6054 -39.7496 -30.6254 4.0341 20.7847 -17.0981 -43.4564 -38.0590 -26.2134 27.1115 14.4423
23.5448 -26.9771 -38.3684 -43.5079 -13.7542 21.6984 -0.0522 -31.3127 -40.0257 -43.6050 0.3383 26.7096 -13.3972 -33.4665 -41.4548 -42.5661 7.7085 31.4842 -19.8752 -35.5074 -42.6094 -36.9767 13.4914 30.2567 -25.1151 -37.6796 -43.3887 -19.1456 20.6157 3.2638 -31.1361 -40.0586 -43.5967 2.3182 28.4444 -16.6356 -34.6088 -42.2710 -38.7489 12.9601 30.1190 -25.6967 -38.1231 -43.5088 -10.5117 23.3768 -8.4227 -32.7866 -41.2688 -43.3182 -10.6121 -43.3182 -41.2688 -32.7866 -8.4227 23.3768 -10.5117 -43.5088 -38.1231 -25.6967 30.1190 12.9601 -38.7489 -42.2710 -34.6088 -16.6356 28.4444 2.3182 -43.5967 -40.0586 -31.1361 3.2638 20.6157 -19.1456 -43.3887 -37.6796 -25.1151 30.2567 13.4914 -36.9767 -42.6094 -35.5074 -19.8752 31.4842 7.7085 -42.5661 -41.4548 -33.4665 -13.3972 26.7096 0.3383 -43.6050 -40.0257 -31.3127 -0.0522 21.6984 -13.7542 -43.5079 -38.3684 -26.9771 23.5448
-25.3756 -38.6765 -43.5472 -10.5787 22.5542 -3.4885 -31.7814 -40.2967 -43.5886 1.9258 27.6237 -14.7625 -33.8187 -41.6745 -42.0694 8.6848 31.9815 -20.6978 -35.8119 -42.7431 -35.6087 14.2005 29.0713 -25.6215 -37.8689 -43.4255 -17.6547 20.9516 2.1305 -31.2874 -40.0838 -43.5967 2.1847 28.2855 -16.3504 -34.4941 -42.1943 -39.3367 12.4465 30.9397 -25.1777 -37.8973 -43.4698 -13.0100 22.6611 -6.4085 -32.4870 -41.0368 -42.9945 6.0672 21.0351 6.0672 -42.9945 -41.0368 -32.4870 -6.4085 22.6611 -13.0100 -43.4698 -37.8973 -25.1777 30.9397 12.4465 -39.3367 -42.1943 -34.4941 -16.3504 28.2855 2.1847 -43.5967 -40.0838 -31.2874 2.1305 20.9516 -17.6547 -43.4255 -37.8689 -25.6215 29.0713 14.2005 -35.6087 -42.7431 -35.8119 -20.6978 31.9815 8.6848 -42.0694 -41.6745 -33.8187 -14.7625 27.6237 1.9258 -43.5886 -40.2967 -31.7814 -3.4885 22.5542 -10.5787 -43.5472 -38.6765 -25.3756
-36.1480 -43.5820 -7.6820 23.4191 -6.3222 -32.1431 -40.5572 -43.5248 3.3414 28.5324 -15.9860 -34.1693 -41.8848 -41.4335 9.6382 32.3161 -21.5199 -36.1306 -42.8752 -33.9106 14.9925 27.3300 -26.2099 -38.0933 -43.4648 -15.6450 21.3856 0.4112 -31.4766 -40.1559 -43.5936 2.3182 28.2855 -16.2502 -34.4363 -42.1473 -39.7003 12.0711 31.4425 -24.7442 -37.7000 -43.4305 -15.3881 22.0155 -4.2432 -32.1937 -40.8216 -43.1911 6.4761 30.4169 -0.5953 30.4169 6.4761 -43.1911 -40.8216 -32.1937 -4.2432 22.0155 -15.3881 -43.4305 -37.7000 -24.7442 31.4425 12.0711 -39.7003 -42.1473 -34.4363 -16.2502 28.2855 2.3182 -43.5936 -40.1559 -31.4766 0.4112 21.3856 -15.6450 -43.4648 -38.0933 -26.2099 27.3300 14.9925 -33.9106 -42.8752 -36.1306 -21.5199 32.3161 9.6382 -41.4335 -41.8848 -34.1693 -15.9860 28.5324 3.3414 -43.5248 -40.5572 -32.1431 -6.3222 23.4191 -7.6820 -43.5820 -36.1480
-41.5783 -5.0970 24.2959 -8.6743 -32.5040 -40.8114 -43.3891 4.6313 29.4154 -17.1081 -34.5172 -42.0843 -40.6373 10.5770 32.4302 -22.3320 -36.4537 -43.0008 -31.8625 15.8486 24.9100 -26.8674 -38.3456 -43.5036 -13.2794 21.9442 -1.7164 -31.6603 -40.2688 -43.5820 2.6934 28.4444 -16.3504 -34.4363 -42.1315 -39.8737 11.8453 31.7141 -24.4257 -37.5438 -43.3933 -17.4769 21.4467 -1.9786 -31.9236 -40.6232 -43.3626 5.8179 30.7643 -18.4341 -31.4717 -18.4341 30.7643 5.8179 -43.3626 -40.6232 -31.9236 -1.9786 21.4467 -17.4769 -43.3933 -37.5438 -24.4257 31.7141 11.8453 -39.8737 -42.1315 -34.4363 -16.3504 28.4444 2.6934 -43.5820 -40.2688 -31.6603 -1.7164 21.9442 -13.2794 -43.5036 -38.3456 -26.8674 24.9100 15.8486 -31.8625 -43.0008 -36.4537 -22.3320 32.4302 10.5770 -40.6373 -42.0843 -34.5172 -17.1081 29.4154 4.6313 -43.3891 -40.8114 -32.5040 -8.6743 24.2959 -5.0970 -41.5783
-4.7894 25.2152 -10.6452 -32.8627 -41.0570 -43.1713 5.8183 30.2407 -18.1463 -34.8635 -42.2752 -39.6615 11.4986 32.2532 -23.1298 -36.7800 -43.1185 -29.4720 16.7534 21.7528 -27.5684 -38.6177 -43.5407 -10.7258 22.5997 -4.0194 -31.8956 -40.4211 -43.5515 3.2732 28.7473 -16.6356 -34.4941 -42.1473 -39.8737 11.7699 31.8317 -24.2339 -37.4382 -43.3632 -19.1205 20.9721 0.2484 -31.6837 -40.4407 -43.4791 4.9591 30.3270 -18.9128 -35.0831 -40.9592 -35.0831 -18.9128 30.3270 4.9591 -43.4791 -40.4407 -31.6837 0.2484 20.9721 -19.1205 -43.3632 -37.4382 -24.2339 31.8317 11.7699 -39.8737 -42.1473 -34.4941 -16.6356 28.7473 3.2732 -43.5515 -40.4211 -31.8956 -4.0194 22.5997 -10.7258 -43.5407 -38.6177 -27.5684 21.7528 16.7534 -29.4720 -43.1185 -36.7800 -23.1298 32.2532 11.4986 -39.6615 -42.2752 -34.8635 -18.1463 30.2407 5.8183 -43.1713 -41.0570 -32.8627 -10.6452 25.2152 -4.7894
25.6187 -12.3462 -33.2188 -41.2934 -42.8597 6.9237 30.9828 -19.1171 -35.2055 -42.4511 -38.4897 12.4054 31.7156 -23.9122 -37.1057 -43.2225 -26.7516 17.7035 17.8683 -28.2984 -38.8992 -43.5709 -8.1498 23.3256 -6.2539 -32.1702 -40.6062 -43.4868 4.0288 29.1861 -17.0889 -34.6088 -42.1943 -39.7003 11.8453 31.8317 -24.1698 -37.3852 -43.3440 -20.2320 20.5727 2.1793 -31.4772 -40.2798 -43.5470 4.1062 29.7726 -18.3847 -35.1845 -43.1386 -45.5104 -43.1386 -35.1845 -18.3847 29.7726 4.1062 -43.5470 -40.2798 -31.4772 2.1793 20.5727 -20.2320 -43.3440 -37.3852 -24.1698 31.8317 11.8453 -39.7003 -42.1943 -34.6088 -17.0889 29.1861 4.0288 -43.4868 -40.6062 -32.1702 -6.2539 23.3256 -8.1498 -43.5709 -38.8992 -28.2984 17.8683 17.7035 -26.7516 -43.2225 -37.1057 -23.9122 31.7156 12.4054 -38.4897 -42.4511 -35.2055 -19.1171 30.9828 6.9237 -42.8597 -41.2934 -33.2188 -12.3462 25.6187
-13.1379 -33.5760 -41.5227 -42.4390 7.9682 31.6133 -20.0366 -35.5463 -42.6164 -37.0858 13.3103 30.7357 -24.6862 -37.4275 -43.3131 -23.7166 18.7043 13.3857 -29.0544 -39.1839 -43.5901 -5.6925 24.1123 -8.3309 -32.4714 -40.8084 -43.3726 4.8975 29.7278 -17.6890 -34.7803 -42.2710 -39.3367 12.0711 31.7141 -24.2339 -37.3852 -43.3374 -20.7838 20.2939 3.5798 -31.2465 -40.1506 -43.5813 3.3216 29.2308 -17.7362 -35.0021 -42.5668 -38.6747 2.4064 -38.6747 -42.5668 -35.0021 -17.7362 29.2308 3.3216 -43.5813 -40.1506 -31.2465 3.5798 20.2939 -20.7838 -43.3374 -37.3852 -24.2339 31.7141 12.0711 -39.3367 -42.2710 -34.7803 -17.6890 29.7278 4.8975 -43.3726 -40.8084 -32.4714 -8.3309 24.1123 -5.6925 -43.5901 -39.1839 -29.0544 13.3857 18.7043 -23.7166 -43.3131 -37.4275 -24.6862 30.7357 13.3103 -37.0858 -42.6164 -35.5463 -20.0366 31.6133 7.9682 -42.4390 -41.5227 -33.5760 -13.1379
-30.8948 -41.7435 -41.8970 8.9614 32.0912 -20.9099 -35.8842 -42.7692 -35.4280 14.2170 29.2308 -25.4524 -37.7466 -43.3930 -20.4555 19.7591 8.6250 -29.8313 -39.4687 -43.6004 -3.4403 24.9520 -10.2251 -32.7937 -41.0219 -43.1921 5.8219 30.3238 -18.3813 -34.9973 -42.3730 -38.7489 12.4465 31.4425 -24.4257 -37.4382 -43.3440 -20.7838 20.2018 4.3037 -31.0439 -40.0610 -43.5944 2.6551 28.7516 -17.1205 -34.7942 -42.3944 -38.2254 11.9915 26.6665 11.9915 -38.2254 -42.3944 -34.7942 -17.1205 28.7516 2.6551 -43.5944 -40.0610 -31.0439 4.3037 20.2018 -20.7838 -43.3440 -37.4382 -24.4257 31.4425 12.4465 -38.7489 -42.3730 -34.9973 -18.3813 30.3238 5.8219 -43.1921 -41.0219 -32.7937 -10.2251 24.9520 -3.4403 -43.6004 -39.4687 -29.8313 8.6250 19.7591 -20.4555 -43.3930 -37.7466 -25.4524 29.2308 14.2170 -35.4280 -42.7692 -35.8842 -20.9099 32.0912 8.9614 -41.8970 -41.7435 -30.8948
-39.3581 -41.2212 9.9220 32.3758 -21.7535 -36.2187 -42.9090 -33.4932 15.1312 27.1177 -26.2135 -38.0590 -43.4564 -17.0981 20.7847 4.0341 -30.6254 -39.7496 -43.6047 -1.4392 25.8238 -11.9129 -33.1309 -41.2431 -42.9237 6.7853 30.9364 -19.1320 -35.2481 -42.4905 -37.9230 12.9601 30.9397 -24.7442 -37.5438 -43.3632 -20.2320 20.2939 4.3037 -30.9766 -40.0159 -43.5974 2.1772 28.3822 -16.5999 -34.6108 -42.2793 -38.7613 12.6716 31.9613 -15.0165 31.9613 12.6716 -38.7613 -42.2793 -34.6108 -16.5999 28.3822 2.1772 -43.5974 -40.0159 -30.9766 4.3037 20.2939 -20.2320 -43.3632 -37.5438 -24.7442 30.9397 12.9601 -37.9230 -42.4905 -35.2481 -19.1320 30.9364 6.7853 -42.9237 -41.2431 -33.1309 -11.9129 25.8238 -1.4392 -43.6047 -39.7496 -30.6254 4.0341 20.7847 -17.0981 -43.4564 -38.0590 -26.2135 27.1177 15.1312 -33.4932 -42.9090 -36.2187 -21.7535 32.3758 9.9220 -41.2212 -39.3581
-39.6638 10.8778 32.4107 -22.5709 -36.5512 -43.0384 -31.2545 16.0607 24.3184 -26.9750 -38.3684 -43.5079 -13.7542 21.6984 -0.0522 -31.3127 -40.0257 -43.6050 0.3383 26.7150 -13.4134 -33.4749 -41.4636 -42.5515 7.7536 31.5157 -19.9301 -35.5289 -42.6186 -36.8566 13.5768 30.1190 -25.1777 -37.7000 -43.3933 -19.1205 20.5727 3.5798 -31.0439 -40.0159 -43.5976 1.9317 28.1551 -16.2249 -34.4707 -42.1900 -39.3383 12.4085 31.2426 -24.0515 -33.9189 -24.0515 31.2426 12.4085 -39.3366 -42.1903 -34.4710 -16.2253 28.1554 1.9320 -43.5976 -40.0159 -31.0439 3.5798 20.5727 -19.1205 -43.3933 -37.7000 -25.1777 30.1190 13.5768 -36.8566 -42.6186 -35.5289 -19.9301 31.5157 7.7536 -42.5515 -41.4636 -33.4749 -13.4134 26.7150 0.3383 -43.6050 -40.0257 -31.3127 -0.0522 21.6984 -13.7542 -43.5079 -38.3684 -26.9750 24.3184 16.0607 -31.2545 -43.0384 -36.5512 -22.5709 32.4107 10.8778 -39.6638
10.9770 32.1316 -23.3669 -36.8782 -43.1511 -28.7174 17.0110 20.8172 -27.7347 -38.6728 -43.5473 -10.5787 22.5542 -3.4885 -31.7814 -40.2967 -43.5886 1.9258 27.6237 -14.7628 -33.8217 -41.6772 -42.0581 8.7104 31.9973 -20.7402 -35.8313 -42.7534 -35.4943 14.2720 28.8966 -25.6967 -37.8973 -43.4305 -17.4769 20.9721 2.1793 -31.2465 -40.0610 -43.5974 1.9317 28.0790 -16.0333 -34.3844 -42.1245 -39.7714 12.0366 31.4928 -24.5589 -37.4113 -42.9447 -37.4121 -24.5595 31.4877 12.0389 -39.7665 -42.1219 -34.3860 -16.0378 28.0808 1.9323 -43.5974 -40.0610 -31.2465 2.1793 20.9721 -17.4769 -43.4305 -37.8973 -25.6967 28.8966 14.2720 -35.4943 -42.7534 -35.8313 -20.7402 31.9973 8.7104 -42.0581 -41.6772 -33.8217 -14.7628 27.6237 1.9258 -43.5886 -40.2967 -31.7814 -3.4885 22.5542 -10.5787 -43.5473 -38.6728 -27.7347 20.8172 17.0110 -28.7174 -43.1511 -36.8782 -23.3669 32.1316 10.9770
30.6503 -24.1515 -37.2031 -43.2516 -25.8678 17.9943 16.6355 -28.5036 -38.9715 -43.5750 -7.6819 23.4191 -6.3222 -32.1431 -40.5572 -43.5248 3.3414 28.5324 -15.9860 -34.1693 -41.8835 -41.4279 9.6551 32.3217 -21.5464 -36.1434 -42.8846 -33.8006 15.0451 27.1505 -26.2791 -38.1231 -43.4698 -15.3881 21.4467 0.2484 -31.4772 -40.1506 -43.5944 2.1772 28.1551 -16.0333 -34.3556 -42.1415 -40.0080 11.7390 31.7643 -24.3584 -37.4967 -44.2270 -42.5789 -44.1500 -37.4757 -24.3668 31.7681 11.7847 -39.9876 -42.0760 -34.3628 -16.0418 28.1569 2.1775 -43.5944 -40.1506 -31.4772 0.2484 21.4467 -15.3881 -43.4698 -38.1231 -26.2791 27.1505 15.0451 -33.8006 -42.8846 -36.1434 -21.5464 32.3217 9.6551 -41.4279 -41.8835 -34.1693 -15.9860 28.5324 3.3414 -43.5248 -40.5572 -32.1431 -6.3222 23.4191 -7.6819 -43.5750 -38.9715 -28.5036 16.6355 17.9943 -25.8678 -43.2516 -37.2031 -24.1515 30.6503
-23.0977 -37.5275 -43.3405 -22.7521 19.0148 11.9779 -29.2811 -39.2662 -43.5941 -5.1047 24.2958 -8.6740 -32.5039 -40.8113 -43.3891 4.6311 29.4153 -17.1079 -34.5170 -42.0841 -40.6377 10.5819 32.4298 -22.3459 -36.4628 -43.0066 -31.7735 15.8859 24.7453 -26.9159 -38.3699 -43.5088 -13.0100 22.0155 -1.9786 -31.6837 -40.2798 -43.5813 2.6551 28.3822 -16.2249 -34.3846 -42.1381 -40.5667 11.1464 32.0642 -24.1223 -37.2921 -43.5887 -23.6915 9.5705 -21.4618 -43.4814 -37.2920 -23.9542 31.9229 12.1668 -39.7232 -42.1910 -34.3917 -16.2295 28.3827 2.6551 -43.5813 -40.2798 -31.6837 -1.9786 22.0155 -13.0100 -43.5088 -38.3699 -26.9159 24.7453 15.8859 -31.7735 -43.0066 -36.4628 -22.3459 32.4298 10.5819 -40.6377 -42.0841 -34.5170 -17.1079 29.4153 4.6311 -43.3891 -40.8113 -32.5039 -8.6740 24.2958 -5.1047 -43.5941 -39.2662 -29.2811 11.9779 19.0148 -22.7521 -43.3405 -37.5275 -23.0977
-34.9635 -43.4186 -19.4708 20.0791 7.2334 -30.0638 -39.5529 -43.6036 -2.8616 25.1784 -10.6425 -32.8623 -41.0581 -43.1714 5.8167 30.2398 -18.1452 -34.8627 -42.2743 -39.6640 11.4965 32.2539 -23.1324 -36.7849 -43.1206 -29.4013 16.7842 21.6016 -27.6014 -38.6349 -43.5433 -10.5117 22.6611 -4.2432 -31.9236 -40.4407 -43.5470 3.3216 28.7516 -16.5999 -34.4709 -42.1213 -39.9792 11.9212 31.8466 -23.8886 -37.3149 -43.2911 -21.4156 18.0925 31.7486 18.1145 -21.9957 -43.3097 -37.0601 -24.2450 31.7766 11.6769 -39.3642 -42.1036 -34.4723 -16.6003 28.7518 3.3216 -43.5470 -40.4407 -31.9236 -4.2432 22.6611 -10.5117 -43.5433 -38.6349 -27.6014 21.6016 16.7842 -29.4013 -43.1206 -36.7849 -23.1324 32.2539 11.4965 -39.6640 -42.2743 -34.8627 -18.1452 30.2398 5.8167 -43.1714 -41.0581 -32.8623 -10.6425 25.1784 -2.8616 -43.6036 -39.5529 -30.0638 7.2334 20.0791 -19.4708 -43.4186 -34.9635
-41.2885 -16.1242 21.0692 2.7914 -30.8593 -39.8320 -43.6061 -0.9095 26.0678 -12.3259 -33.2159 -41.2933 -42.8625 6.9142 30.9769 -19.1090 -35.2034 -42.4507 -38.4976 12.3990 31.7211 -23.9084 -37.1046 -43.2243 -26.7174 17.7254 17.7434 -28.3260 -38.9103 -43.5710 -7.9978 23.3768 -6.4085 -32.1937 -40.6232 -43.4791 4.1062 29.2308 -17.1205 -34.6108 -42.1903 -39.7668 11.7772 31.7921 -24.1656 -37.0731 -43.3620 -22.9012 19.0771 13.6390 -23.0863 12.1006 20.3282 -20.2288 -43.4758 -37.4528 -23.8004 31.9308 11.2045 -39.7797 -42.1928 -34.6111 -17.1205 29.2308 4.1062 -43.4791 -40.6232 -32.1937 -6.4085 23.3768 -7.9978 -43.5710 -38.9103 -28.3260 17.7434 17.7254 -26.7174 -43.2243 -37.1046 -23.9084 31.7211 12.3990 -38.4976 -42.4507 -35.2034 -19.1090 30.9769 6.9142 -42.8625 -41.2933 -33.2159 -12.3259 26.0678 -0.9095 -43.6061 -39.8320 -30.8593 2.7914 21.0692 -16.1242 -41.2885
