-38.4061 -28.0056 18.3592 7.2340 -27.7244 -37.3395 -41.7921 2.4483 29.0823 -17.4276 -32.3313 -40.1887 -35.2468 14.7178 22.6026 -25.5507 -36.2386 -41.5958 -4.1260 25.8842 -13.5175 -31.0015 -39.4246 -39.4443 11.2507 30.3652 -23.2831 -35.0597 -41.3151 -14.3569 22.5718 -7.3639 -29.6315 -38.5280 -41.3248 7.6233 31.5635 -20.8212 -33.8247 -40.8882 -25.9224 19.0635 4.3714 -28.1015 -37.5223 -41.8038 3.2550 29.4871 -17.6290 -31.9437 -38.1208 -31.9437 -17.6290 29.4871 3.2550 -41.8038 -37.5223 -28.1015 4.3714 19.0635 -25.9224 -40.8882 -33.8247 -20.8212 31.5635 7.6233 -41.3248 -38.5280 -29.6315 -7.3639 22.5718 -14.3569 -41.3151 -35.0597 -23.2831 30.3652 11.2507 -39.4443 -39.4246 -31.0015 -13.5175 25.8842 -4.1260 -41.5958 -36.2386 -25.5507 22.6026 14.7178 -35.2468 -40.1887 -32.3313 -17.4276 29.0823 2.4483 -41.7921 -37.3395 -27.7244 7.2340 18.3592 -28.0056 -38.4061
-28.0056 18.5245 11.0454 -30.1372 -39.8390 -43.6102 2.3898 28.8089 -17.4328 -34.9681 -42.5049 -36.6247 14.5116 26.3544 -27.1997 -38.7642 -43.5874 -4.4056 25.4763 -12.8045 -33.6793 -41.8049 -40.9881 11.1459 31.9802 -24.3777 -37.6203 -43.4358 -15.0884 22.2482 -5.2525 -32.3612 -40.9623 -43.0066 7.5648 31.9194 -21.4195 -36.4191 -43.1098 -27.0573 18.6345 9.1024 -30.5448 -40.0012 -43.6002 3.2042 29.3055 -17.9535 -35.0626 -43.0788 -45.5367 -43.0788 -35.0626 -17.9535 29.3055 3.2042 -43.6002 -40.0012 -30.5448 9.1024 18.6345 -27.0573 -43.1098 -36.4191 -21.4195 31.9194 7.5648 -43.0066 -40.9623 -32.3612 -5.2525 22.2482 -15.0884 -43.4358 -37.6203 -24.3777 31.9802 11.1459 -40.9881 -41.8049 -33.6793 -12.8045 25.4763 -4.4056 -43.5874 -38.7642 -27.1997 26.3544 14.5116 -36.6247 -42.5049 -34.9681 -17.4328 28.8089 2.3898 -43.6102 -39.8390 -30.1372 11.0454 18.5245 -28.0056
18.3592 11.0454 -29.8446 -39.6588 -43.5975 1.0995 27.9887 -16.4008 -34.6343 -42.3300 -38.0669 13.5918 28.6520 -26.4417 -38.4593 -43.5569 -6.8939 24.5532 -11.1710 -33.3227 -41.5860 -41.7108 10.1997 32.3647 -23.5967 -37.2986 -43.3618 -18.4639 21.3544 -2.1744 -31.9968 -40.7094 -43.2702 6.4856 31.3721 -20.5604 -36.0844 -42.9870 -29.7829 17.5926 13.9020 -29.7495 -39.7206 -43.6051 1.7669 28.4334 -16.9711 -34.7987 -42.4884 -39.1553 1.9437 -39.1553 -42.4884 -34.7987 -16.9711 28.4334 1.7669 -43.6051 -39.7206 -29.7495 13.9020 17.5926 -29.7829 -42.9870 -36.0844 -20.5604 31.3721 6.4856 -43.2702 -40.7094 -31.9968 -2.1744 21.3544 -18.4639 -43.3618 -37.2986 -23.5967 32.3647 10.1997 -41.7108 -41.5860 -33.3227 -11.1710 24.5532 -6.8939 -43.5569 -38.4593 -26.4417 28.6520 13.5918 -38.0669 -42.3300 -34.6343 -16.4008 27.9887 1.0995 -43.5975 -39.6588 -29.8446 11.0454 18.3592
7.2340 -30.1372 -39.6588 -43.5931 0.2627 27.3701 -15.4859 -34.3372 -42.1576 -39.2411 12.7284 30.2960 -25.6961 -38.1542 -43.5212 -9.6969 23.6751 -9.2858 -32.9668 -41.3615 -42.2939 9.2477 32.4150 -22.8046 -36.9740 -43.2799 -21.8043 20.3923 1.5221 -31.6328 -40.4522 -43.4531 5.3485 30.6950 -19.6675 -35.7476 -42.8559 -32.2037 16.6232 18.3968 -28.9655 -39.4369 -43.6052 0.1627 27.5268 -15.8572 -34.4728 -42.2639 -39.0211 11.5259 26.2179 11.5259 -39.0211 -42.2639 -34.4728 -15.8572 27.5268 0.1627 -43.6052 -39.4369 -28.9655 18.3968 16.6232 -32.2037 -42.8559 -35.7476 -19.6675 30.6950 5.3485 -43.4531 -40.4522 -31.6328 1.5221 20.3923 -21.8043 -43.2799 -36.9740 -22.8046 32.4150 9.2477 -42.2939 -41.3615 -32.9668 -9.2858 23.6751 -9.6969 -43.5212 -38.1542 -25.6961 30.2960 12.7284 -39.2411 -42.1576 -34.3372 -15.4859 27.3701 0.2627 -43.5931 -39.6588 -30.1372 7.2340
-27.7244 -39.8390 -43.5975 0.2627 27.1373 -14.9230 -34.1221 -42.0098 -40.1099 11.9393 31.3604 -24.9808 -37.8554 -43.4712 -12.7368 22.8160 -7.0778 -32.6109 -41.1258 -42.7486 8.2640 32.1979 -21.9974 -36.6471 -43.1811 -24.9730 19.3239 5.8463 -31.0770 -40.1871 -43.5587 4.1244 29.9150 -18.7323 -35.4089 -42.7083 -34.3088 15.6804 22.3207 -28.1928 -39.1467 -43.5999 -1.6533 26.6154 -14.6256 -34.1301 -42.0669 -39.8639 11.9364 32.3179 -14.0671 32.3179 11.9364 -39.8639 -42.0669 -34.1301 -14.6256 26.6154 -1.6533 -43.5999 -39.1467 -28.1928 22.3207 15.6804 -34.3088 -42.7083 -35.4089 -18.7323 29.9150 4.1244 -43.5587 -40.1871 -31.0770 5.8463 19.3239 -24.9730 -43.1811 -36.6471 -21.9974 32.1979 8.2640 -42.7486 -41.1258 -32.6109 -7.0778 22.8160 -12.7368 -43.4712 -37.8554 -24.9808 31.3604 11.9393 -40.1099 -42.0098 -34.1221 -14.9230 27.1373 0.2627 -43.5975 -39.8390 -27.7244
-37.3395 -43.6102 1.0995 27.3701 -14.9230 -34.0433 -41.9223 -40.6451 11.3132 31.9484 -24.3334 -37.5759 -43.4127 -15.8347 21.9919 -4.4720 -32.2578 -40.8854 -43.0887 7.2401 31.7708 -21.1618 -36.3163 -43.0716 -27.9085 18.2901 10.5779 -30.3015 -39.9161 -43.5994 2.7853 29.0647 -17.7349 -35.0672 -42.5507 -36.1316 14.7596 25.5439 -27.4262 -38.8523 -43.5876 -3.7319 25.7135 -13.2464 -33.7807 -41.8636 -40.7495 11.3078 32.0312 -23.3555 -33.6136 -23.3555 32.0312 11.3078 -40.7495 -41.8636 -33.7807 -13.2464 25.7135 -3.7319 -43.5876 -38.8523 -27.4262 25.5439 14.7596 -36.1316 -42.5507 -35.0672 -17.7349 29.0647 2.7853 -43.5994 -39.9161 -30.3015 10.5779 18.2901 -27.9085 -43.0716 -36.3163 -21.1618 31.7708 7.2401 -43.0887 -40.8854 -32.2578 -4.4720 21.9919 -15.8347 -43.4127 -37.5759 -24.3334 31.9484 11.3132 -40.6451 -41.9223 -34.0433 -14.9230 27.3701 1.0995 -43.6102 -37.3395
-41.7921 2.3898 27.9887 -15.4859 -34.1221 -41.9223 -40.8266 10.9578 32.2090 -23.8280 -37.3380 -43.3511 -18.7197 21.2312 -1.4997 -31.9152 -40.6441 -43.3276 6.1729 31.1874 -20.2993 -35.9823 -42.9484 -30.5432 17.2976 15.2981 -29.5090 -39.6354 -43.6057 1.3017 28.1661 -16.6664 -34.7227 -42.3806 -37.6817 13.8493 28.0492 -26.6641 -38.5499 -43.5664 -6.1142 24.8205 -11.6862 -33.4289 -41.6502 -41.5126 10.4524 32.3184 -23.5789 -37.0391 -42.6763 -37.0391 -23.5789 32.3184 10.4524 -41.5126 -41.6502 -33.4289 -11.6862 24.8205 -6.1142 -43.5664 -38.5499 -26.6641 28.0492 13.8493 -37.6817 -42.3806 -34.7227 -16.6664 28.1661 1.3017 -43.6057 -39.6354 -29.5090 15.2981 17.2976 -30.5432 -42.9484 -35.9823 -20.2993 31.1874 6.1729 -43.3276 -40.6441 -31.9152 -1.4997 21.2312 -18.7197 -43.3511 -37.3380 -23.8280 32.2090 10.9578 -40.8266 -41.9223 -34.1221 -15.4859 27.9887 2.3898 -41.7921
2.4483 28.8089 -16.4008 -34.3372 -42.0098 -40.6451 10.9578 32.2766 -23.5469 -37.1754 -43.2954 -21.0958 20.5001 1.6208 -31.5962 -40.4063 -43.4813 5.0674 30.4995 -19.4133 -35.6514 -42.8109 -32.8539 16.3377 19.6501 -28.7326 -39.3501 -43.6038 -0.3578 27.2503 -15.5045 -34.3772 -42.1986 -38.9904 12.9452 29.9092 -25.9067 -38.2439 -43.5322 -8.8134 23.9378 -9.8850 -33.0753 -41.4299 -42.1354 9.5279 32.4312 -22.9773 -36.9916 -44.0848 -43.5497 -44.0848 -36.9916 -22.9773 32.4312 9.5279 -42.1354 -41.4299 -33.0753 -9.8850 23.9378 -8.8134 -43.5322 -38.2439 -25.9067 29.9092 12.9452 -38.9904 -42.1986 -34.3772 -15.5045 27.2503 -0.3578 -43.6038 -39.3501 -28.7326 19.6501 16.3377 -32.8539 -42.8109 -35.6514 -19.4133 30.4995 5.0674 -43.4813 -40.4063 -31.5962 1.6208 20.5001 -21.0958 -43.2954 -37.1754 -23.5469 32.2766 10.9578 -40.6451 -42.0098 -34.3372 -16.4008 28.8089 2.4483
29.0823 -17.4328 -34.6343 -42.1576 -40.1099 11.3132 32.2090 -23.5469 -37.1177 -43.2626 -22.6538 19.8709 4.5053 -31.1946 -40.1883 -43.5636 3.9530 29.7631 -18.5149 -35.3254 -42.6663 -34.8431 15.4145 23.3536 -27.9619 -39.0583 -43.5970 -2.2509 26.3436 -14.2249 -34.0276 -42.0066 -40.0821 12.0391 31.1902 -25.1431 -37.9328 -43.4884 -11.8363 23.0686 -7.7674 -32.7177 -41.2004 -42.6249 8.5594 32.2860 -22.2216 -36.7240 -43.3057 -28.4031 8.3308 -28.4031 -43.3057 -36.7240 -22.2216 32.2860 8.5594 -42.6249 -41.2004 -32.7177 -7.7674 23.0686 -11.8363 -43.4884 -37.9328 -25.1431 31.1902 12.0391 -40.0821 -42.0066 -34.0276 -14.2249 26.3436 -2.2509 -43.5970 -39.0583 -27.9619 23.3536 15.4145 -34.8431 -42.6663 -35.3254 -18.5149 29.7631 3.9530 -43.5636 -40.1883 -31.1946 4.5053 19.8709 -22.6538 -43.2626 -37.1177 -23.5469 32.2090 11.3132 -40.1099 -42.1576 -34.6343 -17.4328 29.0823
-17.4276 -34.9681 -42.3300 -39.2411 11.9393 31.9484 -23.8280 -37.1754 -43.2626 -23.1917 19.5265 6.5719 -30.7621 -40.0101 -43.5948 2.8901 29.0398 -17.6311 -35.0116 -42.5162 -36.5180 14.5265 26.2948 -27.2076 -38.7625 -43.5812 -4.4140 25.4429 -12.7996 -33.6765 -41.8004 -40.9785 11.1254 31.9815 -24.3752 -37.6170 -43.4316 -15.0915 22.2063 -5.2435 -32.3585 -40.9582 -42.9974 7.5486 31.9164 -21.4094 -36.4089 -43.1253 -28.0002 16.4232 30.9259 16.4232 -28.0002 -43.1253 -36.4089 -21.4094 31.9164 7.5486 -42.9974 -40.9582 -32.3585 -5.2435 22.2063 -15.0915 -43.4316 -37.6170 -24.3752 31.9815 11.1254 -40.9785 -41.8004 -33.6765 -12.7996 25.4429 -4.4140 -43.5812 -38.7625 -27.2076 26.2948 14.5265 -36.5180 -42.5162 -35.0116 -17.6311 29.0398 2.8901 -43.5948 -40.0101 -30.7621 6.5719 19.5265 -23.1917 -43.2626 -37.1754 -23.8280 31.9484 11.9393 -39.2411 -42.3300 -34.9681 -17.4276
-32.3313 -42.5049 -38.0669 12.7284 31.3604 -24.3334 -37.3380 -43.2954 -22.6538 19.5265 7.3116 -30.5138 -39.8894 -43.5994 1.9736 28.4035 -16.8006 -34.7271 -42.3653 -37.8789 13.6804 28.5179 -26.4769 -38.4687 -43.5551 -6.8530 24.5564 -11.1738 -33.3227 -41.5861 -41.7108 10.1997 32.3646 -23.5967 -37.2986 -43.3619 -18.4638 21.3553 -2.1746 -31.9968 -40.7095 -43.2701 6.4856 31.3717 -20.5567 -36.0794 -42.9911 -30.0029 17.1177 21.6843 -21.0316 21.6843 17.1177 -30.0029 -42.9911 -36.0794 -20.5567 31.3717 6.4856 -43.2701 -40.7095 -31.9968 -2.1746 21.3553 -18.4638 -43.3619 -37.2986 -23.5967 32.3646 10.1997 -41.7108 -41.5861 -33.3227 -11.1738 24.5564 -6.8530 -43.5551 -38.4687 -26.4769 28.5179 13.6804 -37.8789 -42.3653 -34.7271 -16.8006 28.4035 1.9736 -43.5994 -39.8894 -30.5138 7.3116 19.5265 -22.6538 -43.2954 -37.3380 -24.3334 31.3604 12.7284 -38.0669 -42.5049 -32.3313
-40.1887 -36.6247 13.5918 30.2960 -24.9808 -37.5759 -43.3511 -21.0958 19.8709 6.5719 -30.5138 -39.8468 -43.5979 1.3411 27.9276 -16.1040 -34.4877 -42.2237 -38.9287 12.9081 30.0820 -25.7785 -38.1807 -43.5216 -9.5594 23.6989 -9.3161 -32.9700 -41.3627 -42.2938 9.2477 32.4150 -22.8046 -36.9740 -43.2799 -21.8043 20.3923 1.5221 -31.6328 -40.4522 -43.4531 5.3485 30.6950 -19.6668 -35.7461 -42.8548 -32.2624 16.5147 19.8952 -27.8076 -35.7421 -27.8076 19.8952 16.5147 -32.2624 -42.8548 -35.7461 -19.6668 30.6950 5.3485 -43.4531 -40.4522 -31.6328 1.5221 20.3923 -21.8043 -43.2799 -36.9740 -22.8046 32.4150 9.2477 -42.2938 -41.3627 -32.9700 -9.3161 23.6989 -9.5594 -43.5216 -38.1807 -25.7785 30.0820 12.9081 -38.9287 -42.2237 -34.4877 -16.1040 27.9276 1.3411 -43.5979 -39.8468 -30.5138 6.5719 19.8709 -21.0958 -43.3511 -37.5759 -24.9808 30.2960 13.5918 -36.6247 -40.1887
-35.2468 14.5116 28.6520 -25.6961 -37.8554 -43.4127 -18.7197 20.5001 4.5053 -30.7621 -39.8894 -43.5979 1.1126 27.6718 -15.6357 -34.3122 -42.1077 -39.6923 12.2417 31.0940 -25.1395 -37.9069 -43.4794 -12.4402 22.8737 -7.1874 -32.6225 -41.1315 -42.7423 8.2675 32.1982 -21.9974 -36.6471 -43.1811 -24.9730 19.3239 5.8463 -31.0770 -40.1871 -43.5587 4.1244 29.9150 -18.7323 -35.4093 -42.7103 -34.3394 15.6501 22.6445 -27.9579 -38.9649 -44.1651 -38.9649 -27.9579 22.6445 15.6501 -34.3394 -42.7103 -35.4093 -18.7323 29.9150 4.1244 -43.5587 -40.1871 -31.0770 5.8463 19.3239 -24.9730 -43.1811 -36.6471 -21.9974 32.1982 8.2675 -42.7423 -41.1315 -32.6225 -7.1874 22.8737 -12.4402 -43.4794 -37.9069 -25.1395 31.0940 12.2417 -39.6923 -42.1077 -34.3122 -15.6357 27.6718 1.1126 -43.5979 -39.8894 -30.7621 4.5053 20.5001 -18.7197 -43.4127 -37.8554 -25.6961 28.6520 14.5116 -35.2468
14.7178 26.3544 -26.4417 -38.1542 -43.4712 -15.8347 21.2312 1.6208 -31.1946 -40.0101 -43.5994 1.3411 27.6718 -15.4679 -34.2190 -42.0306 -40.1915 11.7174 31.6928 -24.5849 -37.6591 -43.4278 -15.2838 22.0986 -4.7439 -32.2819 -40.8995 -43.0768 7.2652 31.7780 -21.1705 -36.3191 -43.0717 -27.9085 18.2901 10.5779 -30.3015 -39.9161 -43.5994 2.7853 29.0647 -17.7349 -35.0672 -42.5528 -36.1414 14.7450 25.6218 -27.3662 -38.7988 -44.5087 -36.7619 -44.5087 -38.7988 -27.3662 25.6218 14.7450 -36.1414 -42.5528 -35.0672 -17.7349 29.0647 2.7853 -43.5994 -39.9161 -30.3015 10.5779 18.2901 -27.9085 -43.0717 -36.3191 -21.1705 31.7780 7.2652 -43.0768 -40.8995 -32.2819 -4.7439 22.0986 -15.2838 -43.4278 -37.6591 -24.5849 31.6928 11.7174 -40.1915 -42.0306 -34.2190 -15.4679 27.6718 1.3411 -43.5994 -40.0101 -31.1946 1.6208 21.2312 -15.8347 -43.4712 -38.1542 -26.4417 26.3544 14.7178
22.6026 -27.1997 -38.4593 -43.5212 -12.7368 21.9919 -1.4997 -31.5962 -40.1883 -43.5948 1.9736 27.9276 -15.6357 -34.2190 -42.0028 -40.4345 11.3810 32.0007 -24.1484 -37.4544 -43.3760 -17.8571 21.4092 -2.0668 -31.9610 -40.6690 -43.3122 6.2355 31.2153 -20.3258 -35.9906 -42.9498 -30.5351 17.2989 15.2981 -29.5090 -39.6354 -43.6057 1.3017 28.1661 -16.6664 -34.7227 -42.3806 -37.6815 13.8425 28.0828 -26.6455 -38.5354 -43.6539 -10.3485 13.1392 -10.3485 -43.6539 -38.5354 -26.6455 28.0828 13.8425 -37.6815 -42.3806 -34.7227 -16.6664 28.1661 1.3017 -43.6057 -39.6354 -29.5090 15.2981 17.2989 -30.5351 -42.9498 -35.9906 -20.3258 31.2153 6.2355 -43.3122 -40.6690 -31.9610 -2.0668 21.4092 -17.8571 -43.3760 -37.4544 -24.1484 32.0007 11.3810 -40.4345 -42.0028 -34.2190 -15.6357 27.9276 1.9736 -43.5948 -40.1883 -31.5962 -1.4997 21.9919 -12.7368 -43.5212 -38.4593 -27.1997 22.6026
-25.5507 -38.7642 -43.5569 -9.6969 22.8160 -4.4720 -31.9152 -40.4063 -43.5636 2.8901 28.4035 -16.1040 -34.3122 -42.0306 -40.4345 11.2657 32.1246 -23.8691 -37.3074 -43.3340 -19.9749 20.7887 0.6471 -31.6703 -40.4499 -43.4634 5.1937 30.5606 -19.4685 -35.6658 -42.8146 -32.8177 16.3525 19.6073 -28.7351 -39.3502 -43.6038 -0.3578 27.2503 -15.5045 -34.3772 -42.1986 -38.9904 12.9442 29.9185 -25.8945 -38.2390 -43.5524 -9.8239 21.6286 30.6083 21.6286 -9.8239 -43.5524 -38.2390 -25.8945 29.9185 12.9442 -38.9904 -42.1986 -34.3772 -15.5045 27.2503 -0.3578 -43.6038 -39.3502 -28.7351 19.6073 16.3525 -32.8177 -42.8146 -35.6658 -19.4685 30.5606 5.1937 -43.4634 -40.4499 -31.6703 0.6471 20.7887 -19.9749 -43.3340 -37.3074 -23.8691 32.1246 11.2657 -40.4345 -42.0306 -34.3122 -16.1040 28.4035 2.8901 -43.5636 -40.4063 -31.9152 -4.4720 22.8160 -9.6969 -43.5569 -38.7642 -25.5507
-36.2386 -43.5874 -6.8939 23.6751 -7.0778 -32.2578 -40.6441 -43.4813 3.9530 29.0398 -16.8006 -34.4877 -42.1077 -40.1915 11.3810 32.1246 -23.7732 -37.2312 -43.3048 -21.4630 20.2397 3.1372 -31.3651 -40.2530 -43.5490 4.1674 29.8751 -18.6172 -35.3512 -42.6744 -34.7639 15.4483 23.2513 -27.9783 -39.0616 -43.5961 -2.2478 26.3436 -14.2249 -34.0276 -42.0066 -40.0821 12.0391 31.1902 -25.1383 -37.9302 -43.4936 -12.1065 22.7525 -2.8410 -26.1966 -2.8410 22.7525 -12.1065 -43.4936 -37.9302 -25.1383 31.1902 12.0391 -40.0821 -42.0066 -34.0276 -14.2249 26.3436 -2.2478 -43.5961 -39.0616 -27.9783 23.2513 15.4483 -34.7639 -42.6744 -35.3512 -18.6172 29.8751 4.1674 -43.5490 -40.2530 -31.3651 3.1372 20.2397 -21.4630 -43.3048 -37.2312 -23.7732 32.1246 11.3810 -40.1915 -42.1077 -34.4877 -16.8006 29.0398 3.9530 -43.4813 -40.6441 -32.2578 -7.0778 23.6751 -6.8939 -43.5874 -36.2386
-41.5958 -4.4056 24.5532 -9.2858 -32.6109 -40.8854 -43.3276 5.0674 29.7631 -17.6311 -34.7271 -42.2237 -39.6923 11.7174 32.0007 -23.8691 -37.2312 -43.2944 -22.2087 19.8679 5.0680 -31.0201 -40.0906 -43.5875 3.2031 29.2115 -17.7942 -35.0565 -42.5307 -36.3878 14.5846 26.1591 -27.2417 -38.7719 -43.5812 -4.3826 25.4522 -12.8051 -33.6765 -41.8004 -40.9785 11.1254 31.9815 -24.3751 -37.6172 -43.4330 -15.1757 22.1304 -4.2050 -31.7094 -37.8194 -31.7094 -4.2050 22.1304 -15.1757 -43.4330 -37.6172 -24.3751 31.9815 11.1254 -40.9785 -41.8004 -33.6765 -12.8051 25.4522 -4.3826 -43.5812 -38.7719 -27.2417 26.1591 14.5846 -36.3878 -42.5307 -35.0565 -17.7942 29.2115 3.2031 -43.5875 -40.0906 -31.0201 5.0680 19.8679 -22.2087 -43.2944 -37.2312 -23.8691 32.0007 11.7174 -39.6923 -42.2237 -34.7271 -17.6311 29.7631 5.0674 -43.3276 -40.8854 -32.6109 -9.2858 24.5532 -4.4056 -41.5958
-4.1260 25.4763 -11.1710 -32.9668 -41.1258 -43.0887 6.1729 30.4995 -18.5149 -35.0116 -42.3653 -38.9287 12.2417 31.6928 -24.1484 -37.3074 -43.3048 -22.2087 19.7441 6.0991 -30.7522 -39.9747 -43.5982 2.3765 28.6272 -17.0360 -34.7907 -42.3906 -37.6938 13.7812 28.3354 -26.5325 -38.4845 -43.5573 -6.7796 24.5834 -11.2100 -33.3266 -41.5857 -41.7098 10.1997 32.3646 -23.5967 -37.2986 -43.3636 -18.4984 21.3334 -1.8752 -31.8658 -40.7529 -45.2378 -40.7529 -31.8658 -1.8752 21.3334 -18.4984 -43.3636 -37.2986 -23.5967 32.3646 10.1997 -41.7098 -41.5857 -33.3266 -11.2100 24.5834 -6.7796 -43.5573 -38.4845 -26.5325 28.3354 13.7812 -37.6938 -42.3906 -34.7907 -17.0360 28.6272 2.3765 -43.5982 -39.9747 -30.7522 6.0991 19.7441 -22.2087 -43.3048 -37.3074 -24.1484 31.6928 12.2417 -38.9287 -42.3653 -35.0116 -18.5149 30.4995 6.1729 -43.0887 -41.1258 -32.9668 -11.1710 25.4763 -4.1260
25.8842 -12.8045 -33.3227 -41.3615 -42.7486 7.2401 31.1874 -19.4133 -35.3254 -42.5162 -37.8789 12.9081 31.0940 -24.5849 -37.4544 -43.3340 -21.4630 19.8679 6.0991 -30.6610 -39.9124 -43.5984 1.7549 28.1731 -16.3962 -34.5662 -42.2635 -38.7044 13.0527 29.8727 -25.8653 -38.2066 -43.5247 -9.4220 23.7396 -9.3936 -32.9804 -41.3659 -42.2871 9.2569 32.4152 -22.8046 -36.9740 -43.2799 -21.8087 20.3809 1.6261 -31.6008 -40.4382 -44.1549 -21.4962 -44.1549 -40.4382 -31.6008 1.6261 20.3809 -21.8087 -43.2799 -36.9740 -22.8046 32.4152 9.2569 -42.2871 -41.3659 -32.9804 -9.3936 23.7396 -9.4220 -43.5247 -38.2066 -25.8653 29.8727 13.0527 -38.7044 -42.2635 -34.5662 -16.3962 28.1731 1.7549 -43.5984 -39.9124 -30.6610 6.0991 19.8679 -21.4630 -43.3340 -37.4544 -24.5849 31.0940 12.9081 -37.8789 -42.5162 -35.3254 -19.4133 31.1874 7.2401 -42.7486 -41.3615 -33.3227 -12.8045 25.8842
-13.5175 -33.6793 -41.5860 -42.2939 8.2640 31.7708 -20.2993 -35.6514 -42.6663 -36.5180 13.6804 30.0820 -25.1395 -37.6591 -43.3760 -19.9749 20.2397 5.0680 -30.7522 -39.9124 -43.5980 1.4215 27.8805 -15.9285 -34.3963 -42.1555 -39.4566 12.4200 30.8952 -25.2547 -37.9459 -43.4847 -12.1760 22.9324 -7.3122 -32.6401 -41.1411 -42.7319 8.2944 32.2046 -22.0059 -36.6478 -43.1816 -24.9733 19.3200 5.8945 -31.0629 -40.1806 -43.5634 1.9391 17.9431 1.9391 -43.5634 -40.1806 -31.0629 5.8945 19.3200 -24.9733 -43.1816 -36.6478 -22.0059 32.2046 8.2944 -42.7319 -41.1411 -32.6401 -7.3122 22.9324 -12.1760 -43.4847 -37.9459 -25.2547 30.8952 12.4200 -39.4566 -42.1555 -34.3963 -15.9285 27.8805 1.4215 -43.5980 -39.9124 -30.7522 5.0680 20.2397 -19.9749 -43.3760 -37.6591 -25.1395 30.0820 13.6804 -36.5180 -42.6663 -35.6514 -20.2993 31.7708 8.2640 -42.2939 -41.5860 -33.6793 -13.5175
-31.0015 -41.8049 -41.7108 9.2477 32.1979 -21.1618 -35.9823 -42.8109 -34.8431 14.5265 28.5179 -25.7785 -37.9069 -43.4278 -17.8571 20.7887 3.1372 -31.0201 -39.9747 -43.5984 1.4215 27.7800 -15.6783 -34.2886 -42.0781 -39.9692 11.9136 31.5246 -24.7264 -37.7108 -43.4382 -14.8728 22.1864 -4.9776 -32.3076 -40.9120 -43.0636 7.3076 31.7952 -21.1894 -36.3235 -43.0718 -27.8818 18.2951 10.5848 -30.2938 -39.9124 -43.5978 2.2772 27.0695 14.3079 27.0695 2.2772 -43.5978 -39.9124 -30.2938 10.5848 18.2951 -27.8818 -43.0718 -36.3235 -21.1894 31.7952 7.3076 -43.0636 -40.9120 -32.3076 -4.9776 22.1864 -14.8728 -43.4382 -37.7108 -24.7264 31.5246 11.9136 -39.9692 -42.0781 -34.2886 -15.6783 27.7800 1.4215 -43.5984 -39.9747 -31.0201 3.1372 20.7887 -17.8571 -43.4278 -37.9069 -25.7785 28.5179 14.5265 -34.8431 -42.8109 -35.9823 -21.1618 32.1979 9.2477 -41.7108 -41.8049 -31.0015
-39.4246 -40.9881 10.1997 32.4150 -21.9974 -36.3163 -42.9484 -32.8539 15.4145 26.2948 -26.4769 -38.1807 -43.4794 -15.2838 21.4092 0.6471 -31.3651 -40.0906 -43.5982 1.7549 27.8805 -15.6783 -34.2509 -42.0379 -40.2651 11.5557 31.8791 -24.3039 -37.5152 -43.3909 -17.3432 21.5246 -2.4678 -31.9963 -40.6885 -43.2974 6.3028 31.2459 -20.3595 -35.9996 -42.9519 -30.4677 17.3173 15.2505 -29.5142 -39.6342 -43.6059 1.1689 27.8495 -14.5740 -29.5968 -14.5740 27.8495 1.1689 -43.6059 -39.6342 -29.5142 15.2505 17.3173 -30.4677 -42.9519 -35.9996 -20.3595 31.2459 6.3028 -43.2974 -40.6885 -31.9963 -2.4678 21.5246 -17.3432 -43.3909 -37.5152 -24.3039 31.8791 11.5557 -40.2651 -42.0379 -34.2509 -15.6783 27.8805 1.7549 -43.5982 -40.0906 -31.3651 0.6471 21.4092 -15.2838 -43.4794 -38.1807 -26.4769 26.2948 15.4145 -32.8539 -42.9484 -36.3163 -21.9974 32.4150 10.1997 -40.9881 -39.4246
-39.4443 11.1459 32.3647 -22.8046 -36.6471 -43.0716 -30.5432 16.3377 23.3536 -27.2076 -38.4687 -43.5216 -12.4402 22.0986 -2.0668 -31.6703 -40.2530 -43.5875 2.3765 28.1731 -15.9285 -34.2886 -42.0379 -40.3624 11.3691 32.0523 -24.0019 -37.3659 -43.3504 -19.4086 20.9395 0.1019 -31.7169 -40.4794 -43.4504 5.2917 30.6149 -19.5295 -35.6815 -42.8221 -32.7345 16.3813 19.5164 -28.7496 -39.3531 -43.6048 -0.3867 27.1757 -15.0853 -33.8270 -39.8186 -33.8270 -15.0853 27.1757 -0.3867 -43.6048 -39.3531 -28.7496 19.5164 16.3813 -32.7345 -42.8221 -35.6815 -19.5295 30.6149 5.2917 -43.4504 -40.4794 -31.7169 0.1019 20.9395 -19.4086 -43.3504 -37.3659 -24.0019 32.0523 11.3691 -40.3624 -42.0379 -34.2886 -15.9285 28.1731 2.3765 -43.5875 -40.2530 -31.6703 -2.0668 22.0986 -12.4402 -43.5216 -38.4687 -27.2076 23.3536 16.3377 -30.5432 -43.0716 -36.6471 -22.8046 32.3647 11.1459 -39.4443
11.2507 31.9802 -23.5967 -36.9740 -43.1811 -27.9085 17.2976 19.6501 -27.9619 -38.7625 -43.5551 -9.5594 22.8737 -4.7439 -31.9610 -40.4499 -43.5490 3.2031 28.6272 -16.3962 -34.3963 -42.0781 -40.2651 11.3691 32.1032 -23.8472 -37.2713 -43.3188 -20.9369 20.4080 2.5236 -31.4498 -40.2897 -43.5394 4.3029 29.9551 -18.7070 -35.3779 -42.6847 -34.6659 15.4873 23.1383 -27.9970 -39.0688 -43.5978 -2.2164 26.3332 -14.1203 -33.9176 -42.3259 -45.6819 -42.3259 -33.9176 -14.1203 26.3332 -2.2164 -43.5978 -39.0688 -27.9970 23.1383 15.4873 -34.6659 -42.6847 -35.3779 -18.7070 29.9551 4.3029 -43.5394 -40.2897 -31.4498 2.5236 20.4080 -20.9369 -43.3188 -37.2713 -23.8472 32.1032 11.3691 -40.2651 -42.0781 -34.3963 -16.3962 28.6272 3.2031 -43.5490 -40.4499 -31.9610 -4.7439 22.8737 -9.5594 -43.5551 -38.7625 -27.9619 19.6501 17.2976 -27.9085 -43.1811 -36.9740 -23.5967 31.9802 11.2507
30.3652 -24.3777 -37.2986 -43.2799 -24.9730 18.2901 15.2981 -28.7326 -39.0583 -43.5812 -6.8530 23.6989 -7.1874 -32.2819 -40.6690 -43.4634 4.1674 29.2115 -17.0360 -34.5662 -42.1555 -39.9692 11.5557 32.0523 -23.8472 -37.2392 -43.3003 -21.8808 20.0005 4.4781 -31.1294 -40.1281 -43.5826 3.3730 29.3124 -17.9109 -35.0931 -42.5461 -36.2612 14.6405 26.0165 -27.2708 -38.7837 -43.5821 -4.3098 25.4665 -12.8004 -33.6546 -41.8365 -42.0464 -3.9910 -42.0464 -41.8365 -33.6546 -12.8004 25.4665 -4.3098 -43.5821 -38.7837 -27.2708 26.0165 14.6405 -36.2612 -42.5461 -35.0931 -17.9109 29.3124 3.3730 -43.5826 -40.1281 -31.1294 4.4781 20.0005 -21.8808 -43.3003 -37.2392 -23.8472 32.0523 11.5557 -39.9692 -42.1555 -34.5662 -17.0360 29.2115 4.1674 -43.4634 -40.6690 -32.2819 -7.1874 23.6989 -6.8530 -43.5812 -39.0583 -28.7326 15.2981 18.2901 -24.9730 -43.2799 -37.2986 -24.3777 30.3652
-23.2831 -37.6203 -43.3618 -21.8043 19.3239 10.5779 -29.5090 -39.3501 -43.5970 -4.4140 24.5564 -9.3161 -32.6225 -40.8995 -43.3122 5.1937 29.8751 -17.7942 -34.7907 -42.2635 -39.4566 11.9136 31.8791 -24.0019 -37.2713 -43.3003 -22.2012 19.7951 5.7283 -30.8353 -40.0056 -43.5968 2.5532 28.7376 -17.1669 -34.8323 -42.4130 -37.5521 13.8549 28.1919 -26.5754 -38.5011 -43.5583 -6.6642 24.6100 -11.2516 -33.3314 -41.5972 -41.8845 8.5666 23.2101 8.5666 -41.8845 -41.5972 -33.3314 -11.2516 24.6100 -6.6642 -43.5583 -38.5011 -26.5754 28.1919 13.8549 -37.5521 -42.4130 -34.8323 -17.1669 28.7376 2.5532 -43.5968 -40.0056 -30.8353 5.7283 19.7951 -22.2012 -43.3003 -37.2713 -24.0019 31.8791 11.9136 -39.4566 -42.2635 -34.7907 -17.7942 29.8751 5.1937 -43.3122 -40.8995 -32.6225 -9.3161 24.5564 -4.4140 -43.5970 -39.3501 -29.5090 10.5779 19.3239 -21.8043 -43.3618 -37.6203 -23.2831
-35.0597 -43.4358 -18.4639 20.3923 5.8463 -30.3015 -39.6354 -43.6038 -2.2509 25.4429 -11.1738 -32.9700 -41.1315 -43.0768 6.2355 30.5606 -18.6172 -35.0565 -42.3906 -38.7044 12.4200 31.5246 -24.3039 -37.3659 -43.3188 -21.8808 19.7951 6.1558 -30.6852 -39.9309 -43.5983 1.9120 28.2755 -16.5283 -34.6083 -42.2865 -38.5687 13.1415 29.7358 -25.9201 -38.2254 -43.5252 -9.2504 23.7797 -9.4720 -32.9920 -41.3753 -42.3048 8.9231 31.9788 -7.9200 31.9788 8.9231 -42.3048 -41.3753 -32.9920 -9.4720 23.7797 -9.2504 -43.5252 -38.2254 -25.9201 29.7358 13.1415 -38.5687 -42.2865 -34.6083 -16.5283 28.2755 1.9120 -43.5983 -39.9309 -30.6852 6.1558 19.7951 -21.8808 -43.3188 -37.3659 -24.3039 31.5246 12.4200 -38.7044 -42.3906 -35.0565 -18.6172 30.5606 6.2355 -43.0768 -41.1315 -32.9700 -11.1738 25.4429 -2.2509 -43.6038 -39.6354 -30.3015 5.8463 20.3923 -18.4639 -43.4358 -35.0597
-41.3151 -15.0884 21.3544 1.5221 -31.0770 -39.9161 -43.6057 -0.3578 26.3436 -12.7996 -33.3227 -41.3627 -42.7423 7.2652 31.2153 -19.4685 -35.3512 -42.5307 -37.6938 13.0527 30.8952 -24.7264 -37.5152 -43.3504 -20.9369 20.0005 5.7283 -30.6852 -39.9053 -43.5979 1.4991 27.9464 -16.0335 -34.4330 -42.1781 -39.3381 12.5118 30.7766 -25.3251 -37.9701 -43.4843 -11.9535 22.9900 -7.4566 -32.6536 -41.1514 -42.7218 8.2457 32.1094 -20.6477 -32.3861 -20.6477 32.1094 8.2457 -42.7218 -41.1514 -32.6536 -7.4566 22.9900 -11.9535 -43.4843 -37.9701 -25.3251 30.7766 12.5118 -39.3381 -42.1781 -34.4330 -16.0335 27.9464 1.4991 -43.5979 -39.9053 -30.6852 5.7283 20.0005 -20.9369 -43.3504 -37.5152 -24.7264 30.8952 13.0527 -37.6938 -42.5307 -35.3512 -19.4685 31.2153 7.2652 -42.7423 -41.3627 -33.3227 -12.7996 26.3436 -0.3578 -43.6057 -39.9161 -31.0770 1.5221 21.3544 -15.0884 -41.3151
-14.3569 22.2482 -2.1744 -31.6328 -40.1871 -43.5994 1.3017 27.2503 -14.2249 -33.6765 -41.5861 -42.2938 8.2675 31.7780 -20.3258 -35.6658 -42.6744 -36.3878 13.7812 29.8727 -25.2547 -37.7108 -43.3909 -19.4086 20.4080 4.4781 -30.8353 -39.9309 -43.5979 1.3545 27.7779 -15.7105 -34.3109 -42.0953 -39.8761 11.9950 31.4440 -24.7983 -37.7408 -43.4426 -14.5860 22.2595 -5.2069 -32.3302 -40.9265 -43.0507 7.3342 31.7795 -20.9558 -35.9076 -41.7022 -35.9076 -20.9558 31.7795 7.3342 -43.0507 -40.9265 -32.3302 -5.2069 22.2595 -14.5860 -43.4426 -37.7408 -24.7983 31.4440 11.9950 -39.8761 -42.0953 -34.3109 -15.7105 27.7779 1.3545 -43.5979 -39.9309 -30.8353 4.4781 20.4080 -19.4086 -43.3909 -37.7108 -25.2547 29.8727 13.7812 -36.3878 -42.6744 -35.6658 -20.3258 31.7780 8.2675 -42.2938 -41.5861 -33.6765 -14.2249 27.2503 1.3017 -43.5994 -40.1871 -31.6328 -2.1744 22.2482 -14.3569
22.5718 -5.2525 -31.9968 -40.4522 -43.5587 2.7853 28.1661 -15.5045 -34.0276 -41.8004 -41.7108 9.2477 32.1982 -21.1705 -35.9906 -42.8146 -34.7639 14.5846 28.3354 -25.8653 -37.9459 -43.4382 -17.3432 20.9395 2.5236 -31.1294 -40.0056 -43.5983 1.4991 27.7779 -15.5986 -34.2464 -42.0415 -40.2177 11.6151 31.8325 -24.3608 -37.5411 -43.3986 -17.0216 21.6013 -2.7677 -32.0279 -40.7096 -43.2850 6.3545 31.2659 -20.3389 -35.9270 -43.5808 -45.0542 -43.5808 -35.9270 -20.3389 31.2659 6.3545 -43.2850 -40.7096 -32.0279 -2.7677 21.6013 -17.0216 -43.3986 -37.5411 -24.3608 31.8325 11.6151 -40.2177 -42.0415 -34.2464 -15.5986 27.7779 1.4991 -43.5983 -40.0056 -31.1294 2.5236 20.9395 -17.3432 -43.4382 -37.9459 -25.8653 28.3354 14.5846 -34.7639 -42.8146 -35.9906 -21.1705 32.1982 9.2477 -41.7108 -41.8004 -34.0276 -15.5045 28.1661 2.7853 -43.5587 -40.4522 -31.9968 -5.2525 22.5718
-7.3639 -32.3612 -40.7094 -43.4531 4.1244 29.0647 -16.6664 -34.3772 -42.0066 -40.9785 10.1997 32.4150 -21.9974 -36.3191 -42.9498 -32.8177 15.4483 26.1591 -26.5325 -38.2066 -43.4847 -14.8728 21.5246 0.1019 -31.4498 -40.1281 -43.5968 1.9120 27.9464 -15.7105 -34.2464 -42.0236 -40.3913 11.3786 32.0345 -24.0404 -37.3837 -43.3559 -19.1428 21.0234 -0.2252 -31.7503 -40.5039 -43.4380 5.3679 30.6539 -19.5605 -35.6805 -42.9054 -35.4732 5.1258 -35.4732 -42.9054 -35.6805 -19.5605 30.6539 5.3679 -43.4380 -40.5039 -31.7503 -0.2252 21.0234 -19.1428 -43.3559 -37.3837 -24.0404 32.0345 11.3786 -40.3913 -42.0236 -34.2464 -15.7105 27.9464 1.9120 -43.5968 -40.1281 -31.4498 0.1019 21.5246 -14.8728 -43.4847 -38.2066 -26.5325 26.1591 15.4483 -32.8177 -42.9498 -36.3191 -21.9974 32.4150 10.1997 -40.9785 -42.0066 -34.3772 -16.6664 29.0647 4.1244 -43.4531 -40.7094 -32.3612 -7.3639
-29.6315 -40.9623 -43.2702 5.3485 29.9150 -17.7349 -34.7227 -42.1986 -40.0821 11.1254 32.3646 -22.8046 -36.6471 -43.0717 -30.5351 16.3525 23.2513 -27.2417 -38.4845 -43.5247 -12.1760 22.1864 -2.4678 -31.7169 -40.2897 -43.5826 2.5532 28.2755 -16.0335 -34.3109 -42.0415 -40.3913 11.2963 32.1224 -23.8448 -37.2774 -43.3230 -20.7954 20.4766 2.2269 -31.4988 -40.3132 -43.5304 4.4102 30.0120 -18.7584 -35.3933 -42.7091 -35.1298 13.7402 28.5515 13.7402 -35.1298 -42.7091 -35.3933 -18.7584 30.0120 4.4102 -43.5304 -40.3132 -31.4988 2.2269 20.4766 -20.7954 -43.3230 -37.2774 -23.8448 32.1224 11.2963 -40.3913 -42.0415 -34.3109 -16.0335 28.2755 2.5532 -43.5826 -40.2897 -31.7169 -2.4678 22.1864 -12.1760 -43.5247 -38.4845 -27.2417 23.2513 16.3525 -30.5351 -43.0717 -36.6471 -22.8046 32.3646 11.1254 -40.0821 -42.1986 -34.7227 -17.7349 29.9150 5.3485 -43.2702 -40.9623 -29.6315
-38.5280 -43.0066 6.4856 30.6950 -18.7323 -35.0672 -42.3806 -38.9904 12.0391 31.9815 -23.5967 -36.9740 -43.1811 -27.9085 17.2989 19.6073 -27.9783 -38.7719 -43.5573 -9.4220 22.9324 -4.9776 -31.9963 -40.4794 -43.5394 3.3730 28.7376 -16.5283 -34.4330 -42.0953 -40.2177 11.3786 32.1224 -23.7778 -37.2215 -43.3022 -21.8877 20.0164 4.3198 -31.1760 -40.1460 -43.5786 3.4860 29.3866 -17.9828 -35.1135 -42.5605 -36.2706 14.3182 29.8086 -17.5945 29.8086 14.3182 -36.2706 -42.5605 -35.1135 -17.9828 29.3866 3.4860 -43.5786 -40.1460 -31.1760 4.3198 20.0164 -21.8877 -43.3022 -37.2215 -23.7778 32.1224 11.3786 -40.2177 -42.0953 -34.4330 -16.5283 28.7376 3.3730 -43.5394 -40.4794 -31.9963 -4.9776 22.9324 -9.4220 -43.5573 -38.7719 -27.9783 19.6073 17.2989 -27.9085 -43.1811 -36.9740 -23.5967 31.9815 12.0391 -38.9904 -42.3806 -35.0672 -18.7323 30.6950 6.4856 -43.0066 -38.5280
-41.3248 7.5648 31.3721 -19.6675 -35.4089 -42.5507 -37.6817 12.9452 31.1902 -24.3752 -37.2986 -43.2799 -24.9730 18.2901 15.2981 -28.7351 -39.0616 -43.5812 -6.7796 23.7396 -7.3122 -32.3076 -40.6885 -43.4504 4.3029 29.3124 -17.1669 -34.6083 -42.1781 -39.8761 11.6151 32.0345 -23.8448 -37.2215 -43.2950 -22.4273 19.7454 5.8103 -30.8396 -40.0125 -43.5960 2.6318 28.8035 -17.2488 -34.8578 -42.4245 -37.4776 13.8364 28.7388 -25.4713 -34.6121 -25.4713 28.7388 13.8364 -37.4776 -42.4245 -34.8578 -17.2488 28.8035 2.6318 -43.5960 -40.0125 -30.8396 5.8103 19.7454 -22.4273 -43.2950 -37.2215 -23.8448 32.0345 11.6151 -39.8761 -42.1781 -34.6083 -17.1669 29.3124 4.3029 -43.4504 -40.6885 -32.3076 -7.3122 23.7396 -6.7796 -43.5812 -39.0616 -28.7351 15.2981 18.2901 -24.9730 -43.2799 -37.2986 -24.3752 31.1902 12.9452 -37.6817 -42.5507 -35.4089 -19.6675 31.3721 7.5648 -41.3248
7.6233 31.9194 -20.5604 -35.7476 -42.7083 -36.1316 13.8493 29.9092 -25.1431 -37.6170 -43.3619 -21.8043 19.3239 10.5779 -29.5090 -39.3502 -43.5961 -4.3826 24.5834 -9.3936 -32.6401 -40.9120 -43.2974 5.2917 29.9551 -17.9109 -34.8323 -42.2865 -39.3381 11.9950 31.8325 -24.0404 -37.2774 -43.3022 -22.4273 19.6559 6.5738 -30.6392 -39.9217 -43.5985 1.9194 28.2992 -16.5790 -34.6297 -42.2985 -38.4896 13.1853 29.7395 -25.7600 -37.9858 -43.4225 -37.9858 -25.7600 29.7395 13.1853 -38.4896 -42.2985 -34.6297 -16.5790 28.2992 1.9194 -43.5985 -39.9217 -30.6392 6.5738 19.6559 -22.4273 -43.3022 -37.2774 -24.0404 31.8325 11.9950 -39.3381 -42.2865 -34.8323 -17.9109 29.9551 5.2917 -43.2974 -40.9120 -32.6401 -9.3936 24.5834 -4.3826 -43.5961 -39.3502 -29.5090 10.5779 19.3239 -21.8043 -43.3619 -37.6170 -25.1431 29.9092 13.8493 -36.1316 -42.7083 -35.7476 -20.5604 31.9194 7.6233
31.5635 -21.4195 -36.0844 -42.8559 -34.3088 14.7596 28.0492 -25.9067 -37.9328 -43.4316 -18.4638 20.3923 5.8463 -30.3015 -39.6354 -43.6038 -2.2478 25.4522 -11.2100 -32.9804 -41.1411 -43.0636 6.3028 30.6149 -18.7070 -35.0931 -42.4130 -38.5687 12.5118 31.4440 -24.3608 -37.3837 -43.3230 -21.8877 19.7454 6.5738 -30.5726 -39.8760 -43.5982 1.4143 27.9197 -16.0237 -34.4369 -42.1846 -39.2780 12.5661 30.7157 -25.3339 -37.9389 -44.3723 -41.0073 -44.3723 -37.9389 -25.3339 30.7157 12.5661 -39.2780 -42.1846 -34.4369 -16.0237 27.9197 1.4143 -43.5982 -39.8760 -30.5726 6.5738 19.7454 -21.8877 -43.3230 -37.3837 -24.3608 31.4440 12.5118 -38.5687 -42.4130 -35.0931 -18.7070 30.6149 6.3028 -43.0636 -41.1411 -32.9804 -11.2100 25.4522 -2.2478 -43.6038 -39.6354 -30.3015 5.8463 20.3923 -18.4638 -43.4316 -37.9328 -25.9067 28.0492 14.7596 -34.3088 -42.8559 -36.0844 -21.4195 31.5635
-20.8212 -36.4191 -42.9870 -32.2037 15.6804 25.5439 -26.6641 -38.2439 -43.4884 -15.0915 21.3553 1.5221 -31.0770 -39.9161 -43.6057 -0.3578 26.3436 -12.8051 -33.3266 -41.3659 -42.7319 7.3076 31.2459 -19.5295 -35.3779 -42.5461 -37.5521 13.1415 30.7766 -24.7983 -37.5411 -43.3559 -20.7954 20.0164 5.8103 -30.6392 -39.8760 -43.5980 1.1545 27.6914 -15.6315 -34.2931 -42.0920 -39.8728 12.0241 31.3987 -24.8388 -37.7501 -43.5482 -19.1892 10.8987 -19.1892 -43.5482 -37.7501 -24.8388 31.3987 12.0241 -39.8728 -42.0920 -34.2931 -15.6315 27.6914 1.1545 -43.5980 -39.8760 -30.6392 5.8103 20.0164 -20.7954 -43.3559 -37.5411 -24.7983 30.7766 13.1415 -37.5521 -42.5461 -35.3779 -19.5295 31.2459 7.3076 -42.7319 -41.3659 -33.3266 -12.8051 26.3436 -0.3578 -43.6057 -39.9161 -31.0770 1.5221 21.3553 -15.0915 -43.4884 -38.2439 -26.6641 25.5439 15.6804 -32.2037 -42.9870 -36.4191 -20.8212
-33.8247 -43.1098 -29.7829 16.6232 22.3207 -27.4262 -38.5499 -43.5322 -11.8363 22.2063 -2.1746 -31.6328 -40.1871 -43.5994 1.3017 27.2503 -14.2249 -33.6765 -41.5857 -42.2871 8.2944 31.7952 -20.3595 -35.6815 -42.6847 -36.2612 13.8549 29.7358 -25.3251 -37.7408 -43.3986 -19.1428 20.4766 4.3198 -30.8396 -39.9217 -43.5982 1.1545 27.6154 -15.4308 -34.2065 -42.0272 -40.2826 11.5826 31.8317 -24.3839 -37.5554 -43.4226 -17.8306 19.2893 31.9236 19.2891 -17.8306 -43.4226 -37.5554 -24.3839 31.8317 11.5826 -40.2826 -42.0272 -34.2065 -15.4308 27.6154 1.1545 -43.5982 -39.9217 -30.8396 4.3198 20.4766 -19.1428 -43.3986 -37.7408 -25.3251 29.7358 13.8549 -36.2612 -42.6847 -35.6815 -20.3595 31.7952 8.2944 -42.2871 -41.5857 -33.6765 -14.2249 27.2503 1.3017 -43.5994 -40.1871 -31.6328 -2.1746 22.2063 -11.8363 -43.5322 -38.5499 -27.4262 22.3207 16.6232 -29.7829 -43.1098 -33.8247
-40.8882 -27.0573 17.5926 18.3968 -28.1928 -38.8523 -43.5664 -8.8134 23.0686 -5.2435 -31.9968 -40.4522 -43.5587 2.7853 28.1661 -15.5045 -34.0276 -41.8004 -41.7098 9.2569 32.2046 -21.1894 -35.9996 -42.8221 -34.6659 14.6405 28.1919 -25.9201 -37.9701 -43.4426 -17.0216 21.0234 2.2269 -31.1760 -40.0125 -43.5985 1.4143 27.6914 -15.4308 -34.1776 -41.9944 -40.5134 11.2795 32.0743 -24.0101 -37.3839 -43.3629 -19.2020 20.6149 6.8403 -24.2782 6.8408 20.6147 -19.2020 -43.3629 -37.3839 -24.0101 32.0743 11.2795 -40.5134 -41.9944 -34.1776 -15.4308 27.6914 1.4143 -43.5985 -40.0125 -31.1760 2.2269 21.0234 -17.0216 -43.4426 -37.9701 -25.9201 28.1919 14.6405 -34.6659 -42.8221 -35.9996 -21.1894 32.2046 9.2569 -41.7098 -41.8004 -34.0276 -15.5045 28.1661 2.7853 -43.5587 -40.4522 -31.9968 -5.2435 23.0686 -8.8134 -43.5664 -38.8523 -28.1928 18.3968 17.5926 -27.0573 -40.8882
-25.9224 18.6345 13.9020 -28.9655 -39.1467 -43.5876 -6.1142 23.9378 -7.7674 -32.3585 -40.7095 -43.4531 4.1244 29.0647 -16.6664 -34.3772 -42.0066 -40.9785 10.1997 32.4152 -22.0059 -36.3235 -42.9519 -32.7345 15.4873 26.0165 -26.5754 -38.2254 -43.4843 -14.5860 21.6013 -0.2252 -31.4988 -40.1460 -43.5960 1.9194 27.9197 -15.6315 -34.2065 -41.9944 -40.5878 11.1274 32.1878 -23.7522 -37.2526 -43.3209 -20.8315 20.3990 3.3589 -30.5707 -36.9825 -30.5707 3.3593 20.3989 -20.8315 -43.3188 -37.2520 -23.7522 32.1878 11.1274 -40.5878 -41.9944 -34.2065 -15.6315 27.9197 1.9194 -43.5960 -40.1460 -31.4988 -0.2252 21.6013 -14.5860 -43.4843 -38.2254 -26.5754 26.0165 15.4873 -32.7345 -42.9519 -36.3235 -22.0059 32.4152 10.1997 -40.9785 -42.0066 -34.3772 -16.6664 29.0647 4.1244 -43.4531 -40.7095 -32.3585 -7.7674 23.9378 -6.1142 -43.5876 -39.1467 -28.9655 13.9020 18.6345 -25.9224
19.0635 9.1024 -29.7495 -39.4369 -43.5999 -3.7319 24.8205 -9.8850 -32.7177 -40.9582 -43.2701 5.3485 29.9150 -17.7349 -34.7227 -42.1986 -40.0821 11.1254 32.3646 -22.8046 -36.6478 -43.0718 -30.4677 16.3813 23.1383 -27.2708 -38.5011 -43.5252 -11.9535 22.2595 -2.7677 -31.7503 -40.3132 -43.5786 2.6318 28.2992 -16.0237 -34.2931 -42.0272 -40.5134 11.1274 32.2204 -23.6228 -37.1725 -43.2929 -22.1356 19.9659 4.5989 -30.9943 -40.1314 -44.8779 -40.1311 -30.9941 4.6053 19.9676 -22.1184 -43.2856 -37.1719 -23.6222 32.2204 11.1274 -40.5134 -42.0272 -34.2931 -16.0237 28.2992 2.6318 -43.5786 -40.3132 -31.7503 -2.7677 22.2595 -11.9535 -43.5252 -38.5011 -27.2708 23.1383 16.3813 -30.4677 -43.0718 -36.6478 -22.8046 32.3646 11.1254 -40.0821 -42.1986 -34.7227 -17.7349 29.9150 5.3485 -43.2701 -40.9582 -32.7177 -9.8850 24.8205 -3.7319 -43.5999 -39.4369 -29.7495 9.1024 19.0635
4.3714 -30.5448 -39.7206 -43.6052 -1.6533 25.7135 -11.6862 -33.0753 -41.2004 -42.9974 6.4856 30.6950 -18.7323 -35.0672 -42.3806 -38.9904 12.0391 31.9815 -23.5967 -36.9740 -43.1816 -27.8818 17.3173 19.5164 -27.9970 -38.7837 -43.5583 -9.2504 22.9900 -5.2069 -32.0279 -40.5039 -43.5304 3.4860 28.8035 -16.5790 -34.4369 -42.0920 -40.2826 11.2795 32.1878 -23.6228 -37.1458 -43.2852 -23.0092 19.5712 6.0664 -30.7841 -40.0030 -44.3649 -27.4493 -44.3540 -40.0054 -30.7735 6.0826 19.6062 -22.7843 -43.2900 -37.1488 -23.6216 32.1878 11.2795 -40.2826 -42.0920 -34.4369 -16.5790 28.8035 3.4860 -43.5304 -40.5039 -32.0279 -5.2069 22.9900 -9.2504 -43.5583 -38.7837 -27.9970 19.5164 17.3173 -27.8818 -43.1816 -36.9740 -23.5967 31.9815 12.0391 -38.9904 -42.3806 -35.0672 -18.7323 30.6950 6.4856 -42.9974 -41.2004 -33.0753 -11.6862 25.7135 -1.6533 -43.6052 -39.7206 -30.5448 4.3714
-28.1015 -40.0012 -43.6051 0.1627 26.6154 -13.2464 -33.4289 -41.4299 -42.6249 7.5486 31.3717 -19.6668 -35.4093 -42.5528 -37.6815 12.9442 31.1902 -24.3751 -37.2986 -43.2799 -24.9733 18.2951 15.2505 -28.7496 -39.0688 -43.5821 -6.6642 23.7797 -7.4566 -32.3302 -40.7096 -43.4380 4.4102 29.3866 -17.2488 -34.6297 -42.1846 -39.8728 11.5826 32.0743 -23.7522 -37.1726 -43.2869 -23.5974 19.3288 9.6492 -30.4346 -39.9326 -43.5393 -0.6987 16.4342 -0.0569 -43.4011 -39.9584 -30.5741 8.8387 19.5006 -23.5977 -43.1095 -37.1761 -23.7517 32.0743 11.5826 -39.8728 -42.1846 -34.6297 -17.2488 29.3866 4.4102 -43.4380 -40.7096 -32.3302 -7.4566 23.7797 -6.6642 -43.5821 -39.0688 -28.7496 15.2505 18.2951 -24.9733 -43.2799 -37.2986 -24.3751 31.1902 12.9442 -37.6815 -42.5528 -35.4093 -19.6668 31.3717 7.5486 -42.6249 -41.4299 -33.4289 -13.2464 26.6154 0.1627 -43.6051 -40.0012 -28.1015
-37.5223 -43.6002 1.7669 27.5268 -14.6256 -33.7807 -41.6502 -42.1354 8.5594 31.9164 -20.5567 -35.7461 -42.7103 -36.1414 13.8425 29.9185 -25.1383 -37.6172 -43.3636 -21.8087 19.3200 10.5848 -29.5142 -39.3531 -43.5978 -4.3098 24.6100 -9.4720 -32.6536 -40.9265 -43.2850 5.3679 30.0120 -17.9828 -34.8578 -42.2985 -39.2780 12.0241 31.8317 -24.0101 -37.2526 -43.2947 -23.0362 19.2464 9.9874 -30.0313 -39.7769 -43.8858 0.9376 26.7242 18.7537 26.3245 0.1497 -43.6600 -39.7538 -30.3014 9.6178 18.8095 -24.2607 -43.3270 -37.2531 -24.0101 31.8317 12.0241 -39.2780 -42.2985 -34.8578 -17.9828 30.0120 5.3679 -43.2850 -40.9265 -32.6536 -9.4720 24.6100 -4.3098 -43.5978 -39.3531 -29.5142 10.5848 19.3200 -21.8087 -43.3636 -37.6172 -25.1383 29.9185 13.8425 -36.1414 -42.7103 -35.7461 -20.5567 31.9164 8.5594 -42.1354 -41.6502 -33.7807 -14.6256 27.5268 1.7669 -43.6002 -37.5223
-41.8038 3.2042 28.4334 -15.8572 -34.1301 -41.8636 -41.5126 9.5279 32.2860 -21.4094 -36.0794 -42.8548 -34.3394 14.7450 28.0828 -25.8945 -37.9302 -43.4330 -18.4984 20.3809 5.8945 -30.2938 -39.6342 -43.6048 -2.2164 25.4665 -11.2516 -32.9920 -41.1514 -43.0507 6.3545 30.6539 -18.7584 -35.1135 -42.4245 -38.4896 12.5661 31.3987 -24.3839 -37.3839 -43.3209 -22.1468 19.6128 7.0643 -30.2699 -39.8190 -43.7174 0.6723 27.5330 -13.6372 -28.9466 -13.4342 27.2121 0.3213 -43.7341 -39.9188 -30.1513 9.3573 19.3805 -22.3021 -43.3242 -37.3840 -24.3839 31.3987 12.5661 -38.4896 -42.4245 -35.1135 -18.7584 30.6539 6.3545 -43.0507 -41.1514 -32.9920 -11.2516 25.4665 -2.2164 -43.6048 -39.6342 -30.2938 5.8945 20.3809 -18.4984 -43.4330 -37.9302 -25.8945 28.0828 14.7450 -34.3394 -42.8548 -36.0794 -21.4094 32.2860 9.5279 -41.5126 -41.8636 -34.1301 -15.8572 28.4334 3.2042 -41.8038
