0.5006 0.4111 0.1626 0.1611 0.2332 0.4024 0.4980 0.2805 0.1510 0.1830 0.2920 0.4915 0.4392 0.1727 0.1567 0.2187 0.3725 0.5062 0.3265 0.1524 0.1747 0.2713 0.4681 0.4635 0.1919 0.1533 0.2058 0.3445 0.5094 0.3682 0.1556 0.1677 0.2526 0.4387 0.4824 0.2270 0.1514 0.1944 0.3188 0.5063 0.4043 0.1612 0.1619 0.2358 0.4074 0.4963 0.2734 0.1509 0.1832 0.2841 0.4081 0.2841 0.1832 0.1509 0.2734 0.4963 0.4074 0.2358 0.1619 0.1612 0.4043 0.5063 0.3188 0.1944 0.1514 0.2270 0.4824 0.4387 0.2526 0.1677 0.1556 0.3682 0.5094 0.3445 0.2058 0.1533 0.1919 0.4635 0.4681 0.2713 0.1747 0.1524 0.3265 0.5062 0.3725 0.2187 0.1567 0.1727 0.4392 0.4915 0.2920 0.1830 0.1510 0.2805 0.4980 0.4024 0.2332 0.1611 0.1626 0.4111 0.5006
0.4111 0.1521 0.1512 0.2270 0.4010 0.5000 0.2855 0.1394 0.1743 0.2870 0.4922 0.4429 0.1654 0.1458 0.2114 0.3697 0.5081 0.3321 0.1411 0.1655 0.2656 0.4679 0.4666 0.1893 0.1419 0.1979 0.3409 0.5111 0.3734 0.1449 0.1580 0.2464 0.4376 0.4849 0.2297 0.1397 0.1861 0.3146 0.5077 0.4088 0.1515 0.1517 0.2291 0.4056 0.4984 0.2783 0.1393 0.1754 0.2881 0.4852 0.4957 0.4852 0.2881 0.1754 0.1393 0.2783 0.4984 0.4056 0.2291 0.1517 0.1515 0.4088 0.5077 0.3146 0.1861 0.1397 0.2297 0.4849 0.4376 0.2464 0.1580 0.1449 0.3734 0.5111 0.3409 0.1979 0.1419 0.1893 0.4666 0.4679 0.2656 0.1655 0.1411 0.3321 0.5081 0.3697 0.2114 0.1458 0.1654 0.4429 0.4922 0.2870 0.1743 0.1394 0.2855 0.5000 0.4010 0.2270 0.1512 0.1521 0.4111
0.1626 0.1512 0.2254 0.3959 0.5020 0.2964 0.1397 0.1719 0.2812 0.4866 0.4496 0.1703 0.1447 0.2076 0.3616 0.5093 0.3439 0.1419 0.1633 0.2602 0.4599 0.4720 0.1988 0.1412 0.1946 0.3335 0.5108 0.3836 0.1464 0.1562 0.2415 0.4289 0.4889 0.2425 0.1394 0.1832 0.3078 0.5052 0.4174 0.1540 0.1502 0.2247 0.3970 0.5011 0.2912 0.1395 0.1731 0.2838 0.4874 0.4560 0.2971 0.4560 0.4874 0.2838 0.1731 0.1395 0.2912 0.5011 0.3970 0.2247 0.1502 0.1540 0.4174 0.5052 0.3078 0.1832 0.1394 0.2425 0.4889 0.4289 0.2415 0.1562 0.1464 0.3836 0.5108 0.3335 0.1946 0.1412 0.1988 0.4720 0.4599 0.2602 0.1633 0.1419 0.3439 0.5093 0.3616 0.2076 0.1447 0.1703 0.4496 0.4866 0.2812 0.1719 0.1397 0.2964 0.5020 0.3959 0.2254 0.1512 0.1626
0.1611 0.2270 0.3959 0.5027 0.3030 0.1399 0.1700 0.2762 0.4808 0.4558 0.1759 0.1436 0.2040 0.3539 0.5103 0.3551 0.1429 0.1613 0.2549 0.4518 0.4770 0.2095 0.1405 0.1913 0.3263 0.5101 0.3932 0.1481 0.1545 0.2368 0.4203 0.4926 0.2555 0.1393 0.1803 0.3013 0.5022 0.4255 0.1569 0.1488 0.2205 0.3886 0.5036 0.3040 0.1398 0.1707 0.2783 0.4831 0.4549 0.1842 0.1366 0.1842 0.4549 0.4831 0.2783 0.1707 0.1398 0.3040 0.5036 0.3886 0.2205 0.1488 0.1569 0.4255 0.5022 0.3013 0.1803 0.1393 0.2555 0.4926 0.4203 0.2368 0.1545 0.1481 0.3932 0.5101 0.3263 0.1913 0.1405 0.2095 0.4770 0.4518 0.2549 0.1613 0.1429 0.3551 0.5103 0.3539 0.2040 0.1436 0.1759 0.4558 0.4808 0.2762 0.1700 0.1399 0.3030 0.5027 0.3959 0.2270 0.1611
0.2332 0.4010 0.5020 0.3030 0.1400 0.1690 0.2727 0.4758 0.4609 0.1820 0.1427 0.2007 0.3466 0.5108 0.3658 0.1440 0.1593 0.2498 0.4435 0.4817 0.2212 0.1400 0.1882 0.3193 0.5088 0.4025 0.1500 0.1528 0.2322 0.4117 0.4961 0.2687 0.1393 0.1776 0.2950 0.4983 0.4333 0.1602 0.1474 0.2165 0.3803 0.5057 0.3164 0.1403 0.1683 0.2727 0.4769 0.4595 0.1816 0.1403 0.1639 0.1403 0.1816 0.4595 0.4769 0.2727 0.1683 0.1403 0.3164 0.5057 0.3803 0.2165 0.1474 0.1602 0.4333 0.4983 0.2950 0.1776 0.1393 0.2687 0.4961 0.4117 0.2322 0.1528 0.1500 0.4025 0.5088 0.3193 0.1882 0.1400 0.2212 0.4817 0.4435 0.2498 0.1593 0.1440 0.3658 0.5108 0.3466 0.2007 0.1427 0.1820 0.4609 0.4758 0.2727 0.1690 0.1400 0.3030 0.5020 0.4010 0.2332
0.4024 0.5000 0.2964 0.1399 0.1690 0.2714 0.4728 0.4642 0.1876 0.1420 0.1978 0.3399 0.5110 0.3756 0.1453 0.1575 0.2450 0.4351 0.4860 0.2336 0.1396 0.1852 0.3125 0.5069 0.4114 0.1523 0.1513 0.2278 0.4031 0.4991 0.2818 0.1394 0.1750 0.2888 0.4936 0.4407 0.1641 0.1462 0.2125 0.3721 0.5075 0.3286 0.1409 0.1661 0.2671 0.4698 0.4651 0.1876 0.1417 0.1913 0.2619 0.1913 0.1417 0.1876 0.4651 0.4698 0.2671 0.1661 0.1409 0.3286 0.5075 0.3721 0.2125 0.1462 0.1641 0.4407 0.4936 0.2888 0.1750 0.1394 0.2818 0.4991 0.4031 0.2278 0.1513 0.1523 0.4114 0.5069 0.3125 0.1852 0.1396 0.2336 0.4860 0.4351 0.2450 0.1575 0.1453 0.3756 0.5110 0.3399 0.1978 0.1420 0.1876 0.4642 0.4728 0.2714 0.1690 0.1399 0.2964 0.5000 0.4024
0.4980 0.2855 0.1397 0.1700 0.2727 0.4728 0.4654 0.1910 0.1416 0.1956 0.3345 0.5108 0.3842 0.1466 0.1559 0.2404 0.4268 0.4900 0.2462 0.1394 0.1823 0.3059 0.5044 0.4199 0.1548 0.1498 0.2235 0.3945 0.5019 0.2948 0.1396 0.1725 0.2827 0.4881 0.4478 0.1688 0.1450 0.2087 0.3640 0.5090 0.3404 0.1417 0.1639 0.2617 0.4621 0.4705 0.1963 0.1413 0.1940 0.3233 0.4610 0.3233 0.1940 0.1413 0.1963 0.4705 0.4621 0.2617 0.1639 0.1417 0.3404 0.5090 0.3640 0.2087 0.1450 0.1688 0.4478 0.4881 0.2827 0.1725 0.1396 0.2948 0.5019 0.3945 0.2235 0.1498 0.1548 0.4199 0.5044 0.3059 0.1823 0.1394 0.2462 0.4900 0.4268 0.2404 0.1559 0.1466 0.3842 0.5108 0.3345 0.1956 0.1416 0.1910 0.4654 0.4728 0.2727 0.1700 0.1397 0.2855 0.4980
0.2805 0.1394 0.1719 0.2762 0.4758 0.4642 0.1910 0.1414 0.1944 0.3308 0.5104 0.3912 0.1479 0.1544 0.2363 0.4189 0.4934 0.2586 0.1393 0.1796 0.2995 0.5011 0.4279 0.1578 0.1484 0.2193 0.3861 0.5042 0.3076 0.1399 0.1700 0.2769 0.4820 0.4544 0.1744 0.1439 0.2050 0.3561 0.5100 0.3519 0.1426 0.1619 0.2564 0.4541 0.4757 0.2065 0.1407 0.1919 0.3257 0.5068 0.4742 0.5068 0.3257 0.1919 0.1407 0.2065 0.4757 0.4541 0.2564 0.1619 0.1426 0.3519 0.5100 0.3561 0.2050 0.1439 0.1744 0.4544 0.4820 0.2769 0.1700 0.1399 0.3076 0.5042 0.3861 0.2193 0.1484 0.1578 0.4279 0.5011 0.2995 0.1796 0.1393 0.2586 0.4934 0.4189 0.2363 0.1544 0.1479 0.3912 0.5104 0.3308 0.1944 0.1414 0.1910 0.4642 0.4758 0.2762 0.1719 0.1394 0.2805
0.1510 0.1743 0.2812 0.4808 0.4609 0.1876 0.1416 0.1944 0.3295 0.5102 0.3957 0.1491 0.1533 0.2329 0.4119 0.4963 0.2704 0.1393 0.1770 0.2934 0.4971 0.4354 0.1613 0.1471 0.2153 0.3778 0.5063 0.3200 0.1405 0.1677 0.2712 0.4751 0.4607 0.1812 0.1429 0.2014 0.3484 0.5107 0.3628 0.1437 0.1599 0.2513 0.4458 0.4804 0.2179 0.1401 0.1890 0.3206 0.5084 0.4150 0.2235 0.4150 0.5084 0.3206 0.1890 0.1401 0.2179 0.4804 0.4458 0.2513 0.1599 0.1437 0.3628 0.5107 0.3484 0.2014 0.1429 0.1812 0.4607 0.4751 0.2712 0.1677 0.1405 0.3200 0.5063 0.3778 0.2153 0.1471 0.1613 0.4354 0.4971 0.2934 0.1770 0.1393 0.2704 0.4963 0.4119 0.2329 0.1533 0.1491 0.3957 0.5102 0.3295 0.1944 0.1416 0.1876 0.4609 0.4808 0.2812 0.1743 0.1510
0.1830 0.2870 0.4866 0.4558 0.1820 0.1420 0.1956 0.3308 0.5102 0.3973 0.1497 0.1526 0.2303 0.4062 0.4986 0.2808 0.1394 0.1747 0.2878 0.4926 0.4424 0.1652 0.1459 0.2114 0.3697 0.5080 0.3321 0.1411 0.1655 0.2656 0.4677 0.4665 0.1893 0.1419 0.1979 0.3409 0.5110 0.3734 0.1449 0.1580 0.2463 0.4374 0.4849 0.2301 0.1397 0.1860 0.3142 0.5073 0.4120 0.1551 0.1371 0.1551 0.4120 0.5073 0.3142 0.1860 0.1397 0.2301 0.4849 0.4374 0.2463 0.1580 0.1449 0.3734 0.5110 0.3409 0.1979 0.1419 0.1893 0.4665 0.4677 0.2656 0.1655 0.1411 0.3321 0.5080 0.3697 0.2114 0.1459 0.1652 0.4424 0.4926 0.2878 0.1747 0.1394 0.2808 0.4986 0.4062 0.2303 0.1526 0.1497 0.3973 0.5102 0.3308 0.1956 0.1420 0.1820 0.4558 0.4866 0.2870 0.1830
0.2920 0.4922 0.4496 0.1759 0.1427 0.1978 0.3345 0.5104 0.3957 0.1497 0.1523 0.2290 0.4025 0.5001 0.2891 0.1395 0.1728 0.2828 0.4878 0.4487 0.1697 0.1447 0.2078 0.3619 0.5093 0.3437 0.1419 0.1633 0.2602 0.4599 0.4720 0.1988 0.1412 0.1946 0.3335 0.5108 0.3836 0.1464 0.1562 0.2415 0.4288 0.4890 0.2428 0.1394 0.1831 0.3076 0.5051 0.4183 0.1548 0.1463 0.1782 0.1463 0.1548 0.4183 0.5051 0.3076 0.1831 0.1394 0.2428 0.4890 0.4288 0.2415 0.1562 0.1464 0.3836 0.5108 0.3335 0.1946 0.1412 0.1988 0.4720 0.4599 0.2602 0.1633 0.1419 0.3437 0.5093 0.3619 0.2078 0.1447 0.1697 0.4487 0.4878 0.2828 0.1728 0.1395 0.2891 0.5001 0.4025 0.2290 0.1523 0.1497 0.3957 0.5104 0.3345 0.1978 0.1427 0.1759 0.4496 0.4922 0.2920
0.4915 0.4429 0.1703 0.1436 0.2007 0.3399 0.5108 0.3912 0.1491 0.1526 0.2290 0.4012 0.5009 0.2946 0.1397 0.1713 0.2788 0.4831 0.4541 0.1746 0.1438 0.2044 0.3545 0.5102 0.3546 0.1429 0.1613 0.2550 0.4518 0.4770 0.2095 0.1405 0.1913 0.3263 0.5101 0.3932 0.1481 0.1545 0.2368 0.4203 0.4927 0.2558 0.1393 0.1802 0.3011 0.5020 0.4260 0.1572 0.1480 0.2118 0.2967 0.2118 0.1480 0.1572 0.4260 0.5020 0.3011 0.1802 0.1393 0.2558 0.4927 0.4203 0.2368 0.1545 0.1481 0.3932 0.5101 0.3263 0.1913 0.1405 0.2095 0.4770 0.4518 0.2550 0.1613 0.1429 0.3546 0.5102 0.3545 0.2044 0.1438 0.1746 0.4541 0.4831 0.2788 0.1713 0.1397 0.2946 0.5009 0.4012 0.2290 0.1526 0.1491 0.3912 0.5108 0.3399 0.2007 0.1436 0.1703 0.4429 0.4915
0.4392 0.1654 0.1447 0.2040 0.3466 0.5110 0.3842 0.1479 0.1533 0.2303 0.4025 0.5009 0.2964 0.1398 0.1703 0.2758 0.4791 0.4584 0.1796 0.1430 0.2014 0.3478 0.5108 0.3648 0.1439 0.1594 0.2500 0.4436 0.4817 0.2211 0.1400 0.1882 0.3193 0.5088 0.4025 0.1500 0.1528 0.2322 0.4116 0.4961 0.2688 0.1393 0.1775 0.2948 0.4981 0.4336 0.1604 0.1472 0.2147 0.3667 0.4966 0.3667 0.2147 0.1472 0.1604 0.4336 0.4981 0.2948 0.1775 0.1393 0.2688 0.4961 0.4116 0.2322 0.1528 0.1500 0.4025 0.5088 0.3193 0.1882 0.1400 0.2211 0.4817 0.4436 0.2500 0.1594 0.1439 0.3648 0.5108 0.3478 0.2014 0.1430 0.1796 0.4584 0.4791 0.2758 0.1703 0.1398 0.2964 0.5009 0.4025 0.2303 0.1533 0.1479 0.3842 0.5110 0.3466 0.2040 0.1447 0.1654 0.4392
0.1727 0.1458 0.2076 0.3539 0.5108 0.3756 0.1466 0.1544 0.2329 0.4062 0.5001 0.2946 0.1398 0.1700 0.2743 0.4765 0.4614 0.1839 0.1423 0.1989 0.3419 0.5110 0.3739 0.1451 0.1577 0.2453 0.4355 0.4859 0.2332 0.1396 0.1852 0.3125 0.5069 0.4114 0.1523 0.1513 0.2278 0.4030 0.4991 0.2819 0.1394 0.1749 0.2886 0.4935 0.4410 0.1643 0.1461 0.2120 0.3689 0.5080 0.4415 0.5080 0.3689 0.2120 0.1461 0.1643 0.4410 0.4935 0.2886 0.1749 0.1394 0.2819 0.4991 0.4030 0.2278 0.1513 0.1523 0.4114 0.5069 0.3125 0.1852 0.1396 0.2332 0.4859 0.4355 0.2453 0.1577 0.1451 0.3739 0.5110 0.3419 0.1989 0.1423 0.1839 0.4614 0.4765 0.2743 0.1700 0.1398 0.2946 0.5001 0.4062 0.2329 0.1544 0.1466 0.3756 0.5108 0.3539 0.2076 0.1458 0.1727
0.1567 0.2114 0.3616 0.5103 0.3658 0.1453 0.1559 0.2363 0.4119 0.4986 0.2891 0.1397 0.1703 0.2743 0.4756 0.4629 0.1870 0.1419 0.1970 0.3371 0.5109 0.3817 0.1463 0.1562 0.2410 0.4276 0.4897 0.2454 0.1394 0.1824 0.3060 0.5044 0.4198 0.1548 0.1498 0.2235 0.3945 0.5019 0.2949 0.1396 0.1724 0.2826 0.4880 0.4480 0.1690 0.1449 0.2084 0.3630 0.5091 0.3604 0.1687 0.3604 0.5091 0.3630 0.2084 0.1449 0.1690 0.4480 0.4880 0.2826 0.1724 0.1396 0.2949 0.5019 0.3945 0.2235 0.1498 0.1548 0.4198 0.5044 0.3060 0.1824 0.1394 0.2454 0.4897 0.4276 0.2410 0.1562 0.1463 0.3817 0.5109 0.3371 0.1970 0.1419 0.1870 0.4629 0.4756 0.2743 0.1703 0.1397 0.2891 0.4986 0.4119 0.2363 0.1559 0.1453 0.3658 0.5103 0.3616 0.2114 0.1567
0.2187 0.3697 0.5093 0.3551 0.1440 0.1575 0.2404 0.4189 0.4963 0.2808 0.1395 0.1713 0.2758 0.4765 0.4629 0.1881 0.1417 0.1958 0.3337 0.5107 0.3879 0.1474 0.1548 0.2373 0.4203 0.4929 0.2573 0.1393 0.1797 0.2998 0.5012 0.4277 0.1577 0.1484 0.2193 0.3861 0.5042 0.3076 0.1400 0.1700 0.2767 0.4818 0.4546 0.1746 0.1438 0.2048 0.3556 0.5101 0.3560 0.1434 0.1409 0.1434 0.3560 0.5101 0.3556 0.2048 0.1438 0.1746 0.4546 0.4818 0.2767 0.1700 0.1400 0.3076 0.5042 0.3861 0.2193 0.1484 0.1577 0.4277 0.5012 0.2998 0.1797 0.1393 0.2573 0.4929 0.4203 0.2373 0.1548 0.1474 0.3879 0.5107 0.3337 0.1958 0.1417 0.1881 0.4629 0.4765 0.2758 0.1713 0.1395 0.2808 0.4963 0.4189 0.2404 0.1575 0.1440 0.3551 0.5093 0.3697 0.2187
0.3725 0.5081 0.3439 0.1429 0.1593 0.2450 0.4268 0.4934 0.2704 0.1394 0.1728 0.2788 0.4791 0.4614 0.1870 0.1417 0.1954 0.3320 0.5104 0.3922 0.1484 0.1538 0.2341 0.4139 0.4956 0.2683 0.1393 0.1773 0.2939 0.4974 0.4351 0.1611 0.1471 0.2153 0.3779 0.5063 0.3200 0.1405 0.1677 0.2711 0.4750 0.4608 0.1814 0.1428 0.2013 0.3480 0.5107 0.3641 0.1439 0.1550 0.1960 0.1550 0.1439 0.3641 0.5107 0.3480 0.2013 0.1428 0.1814 0.4608 0.4750 0.2711 0.1677 0.1405 0.3200 0.5063 0.3779 0.2153 0.1471 0.1611 0.4351 0.4974 0.2939 0.1773 0.1393 0.2683 0.4956 0.4139 0.2341 0.1538 0.1484 0.3922 0.5104 0.3320 0.1954 0.1417 0.1870 0.4614 0.4791 0.2788 0.1728 0.1394 0.2704 0.4934 0.4268 0.2450 0.1593 0.1429 0.3439 0.5081 0.3725
0.5062 0.3321 0.1419 0.1613 0.2498 0.4351 0.4900 0.2586 0.1393 0.1747 0.2828 0.4831 0.4584 0.1839 0.1419 0.1958 0.3320 0.5104 0.3944 0.1490 0.1531 0.2317 0.4087 0.4978 0.2779 0.1393 0.1751 0.2886 0.4931 0.4418 0.1649 0.1459 0.2116 0.3699 0.5080 0.3319 0.1411 0.1655 0.2656 0.4676 0.4666 0.1895 0.1419 0.1978 0.3406 0.5110 0.3740 0.1450 0.1570 0.2365 0.3374 0.2365 0.1570 0.1450 0.3740 0.5110 0.3406 0.1978 0.1419 0.1895 0.4666 0.4676 0.2656 0.1655 0.1411 0.3319 0.5080 0.3699 0.2116 0.1459 0.1649 0.4418 0.4931 0.2886 0.1751 0.1393 0.2779 0.4978 0.4087 0.2317 0.1531 0.1490 0.3944 0.5104 0.3320 0.1958 0.1419 0.1839 0.4584 0.4831 0.2828 0.1747 0.1393 0.2586 0.4900 0.4351 0.2498 0.1613 0.1419 0.3321 0.5062
0.3265 0.1411 0.1633 0.2549 0.4435 0.4860 0.2462 0.1393 0.1770 0.2878 0.4878 0.4541 0.1796 0.1423 0.1970 0.3337 0.5104 0.3944 0.1493 0.1527 0.2303 0.4050 0.4993 0.2856 0.1395 0.1733 0.2839 0.4886 0.4478 0.1692 0.1448 0.2080 0.3623 0.5093 0.3433 0.1419 0.1634 0.2603 0.4599 0.4720 0.1989 0.1412 0.1945 0.3333 0.5107 0.3840 0.1465 0.1559 0.2394 0.4145 0.5084 0.4145 0.2394 0.1559 0.1465 0.3840 0.5107 0.3333 0.1945 0.1412 0.1989 0.4720 0.4599 0.2603 0.1634 0.1419 0.3433 0.5093 0.3623 0.2080 0.1448 0.1692 0.4478 0.4886 0.2839 0.1733 0.1395 0.2856 0.4993 0.4050 0.2303 0.1527 0.1493 0.3944 0.5104 0.3337 0.1970 0.1423 0.1796 0.4541 0.4878 0.2878 0.1770 0.1393 0.2462 0.4860 0.4435 0.2549 0.1633 0.1411 0.3265
0.1524 0.1655 0.2602 0.4518 0.4817 0.2336 0.1394 0.1796 0.2934 0.4926 0.4487 0.1746 0.1430 0.1989 0.3371 0.5107 0.3922 0.1490 0.1527 0.2298 0.4031 0.5002 0.2910 0.1396 0.1719 0.2801 0.4844 0.4529 0.1737 0.1439 0.2048 0.3552 0.5102 0.3541 0.1428 0.1614 0.2551 0.4520 0.4769 0.2094 0.1405 0.1913 0.3262 0.5100 0.3936 0.1482 0.1544 0.2362 0.4169 0.4964 0.3963 0.4964 0.4169 0.2362 0.1544 0.1482 0.3936 0.5100 0.3262 0.1913 0.1405 0.2094 0.4769 0.4520 0.2551 0.1614 0.1428 0.3541 0.5102 0.3552 0.2048 0.1439 0.1737 0.4529 0.4844 0.2801 0.1719 0.1396 0.2910 0.5002 0.4031 0.2298 0.1527 0.1490 0.3922 0.5107 0.3371 0.1989 0.1430 0.1746 0.4487 0.4926 0.2934 0.1796 0.1394 0.2336 0.4817 0.4518 0.2602 0.1655 0.1524
0.1747 0.2656 0.4599 0.4770 0.2212 0.1396 0.1823 0.2995 0.4971 0.4424 0.1697 0.1438 0.2014 0.3419 0.5109 0.3879 0.1484 0.1531 0.2303 0.4031 0.5005 0.2938 0.1397 0.1709 0.2772 0.4807 0.4570 0.1782 0.1431 0.2019 0.3488 0.5107 0.3639 0.1438 0.1595 0.2503 0.4440 0.4815 0.2208 0.1400 0.1882 0.3193 0.5088 0.4027 0.1501 0.1528 0.2320 0.4106 0.4969 0.2918 0.1472 0.2918 0.4969 0.4106 0.2320 0.1528 0.1501 0.4027 0.5088 0.3193 0.1882 0.1400 0.2208 0.4815 0.4440 0.2503 0.1595 0.1438 0.3639 0.5107 0.3488 0.2019 0.1431 0.1782 0.4570 0.4807 0.2772 0.1709 0.1397 0.2938 0.5005 0.4031 0.2303 0.1531 0.1484 0.3879 0.5109 0.3419 0.2014 0.1438 0.1697 0.4424 0.4971 0.2995 0.1823 0.1396 0.2212 0.4770 0.4599 0.2656 0.1747
0.2713 0.4679 0.4720 0.2095 0.1400 0.1852 0.3059 0.5011 0.4354 0.1652 0.1447 0.2044 0.3478 0.5110 0.3817 0.1474 0.1538 0.2317 0.4050 0.5002 0.2938 0.1397 0.1704 0.2754 0.4780 0.4600 0.1823 0.1425 0.1995 0.3431 0.5110 0.3727 0.1450 0.1578 0.2457 0.4360 0.4857 0.2328 0.1397 0.1853 0.3127 0.5070 0.4113 0.1523 0.1512 0.2277 0.4027 0.4994 0.2867 0.1386 0.1477 0.1386 0.2867 0.4994 0.4027 0.2277 0.1512 0.1523 0.4113 0.5070 0.3127 0.1853 0.1397 0.2328 0.4857 0.4360 0.2457 0.1578 0.1450 0.3727 0.5110 0.3431 0.1995 0.1425 0.1823 0.4600 0.4780 0.2754 0.1704 0.1397 0.2938 0.5002 0.4050 0.2317 0.1538 0.1474 0.3817 0.5110 0.3478 0.2044 0.1447 0.1652 0.4354 0.5011 0.3059 0.1852 0.1400 0.2095 0.4720 0.4679 0.2713
0.4681 0.4666 0.1988 0.1405 0.1882 0.3125 0.5044 0.4279 0.1613 0.1459 0.2078 0.3545 0.5108 0.3739 0.1463 0.1548 0.2341 0.4087 0.4993 0.2910 0.1397 0.1704 0.2748 0.4765 0.4618 0.1854 0.1421 0.1976 0.3385 0.5109 0.3802 0.1461 0.1564 0.2415 0.4283 0.4894 0.2447 0.1394 0.1825 0.3062 0.5045 0.4196 0.1548 0.1498 0.2235 0.3944 0.5019 0.2961 0.1395 0.1666 0.2180 0.1666 0.1395 0.2961 0.5019 0.3944 0.2235 0.1498 0.1548 0.4196 0.5045 0.3062 0.1825 0.1394 0.2447 0.4894 0.4283 0.2415 0.1564 0.1461 0.3802 0.5109 0.3385 0.1976 0.1421 0.1854 0.4618 0.4765 0.2748 0.1704 0.1397 0.2910 0.4993 0.4087 0.2341 0.1548 0.1463 0.3739 0.5108 0.3545 0.2078 0.1459 0.1613 0.4279 0.5044 0.3125 0.1882 0.1405 0.1988 0.4666 0.4681
0.4635 0.1893 0.1412 0.1913 0.3193 0.5069 0.4199 0.1578 0.1471 0.2114 0.3619 0.5102 0.3648 0.1451 0.1562 0.2373 0.4139 0.4978 0.2856 0.1396 0.1709 0.2754 0.4765 0.4625 0.1870 0.1418 0.1963 0.3350 0.5107 0.3864 0.1472 0.1551 0.2379 0.4213 0.4926 0.2561 0.1393 0.1799 0.3001 0.5014 0.4274 0.1577 0.1484 0.2194 0.3862 0.5042 0.3079 0.1399 0.1689 0.2662 0.3840 0.2662 0.1689 0.1399 0.3079 0.5042 0.3862 0.2194 0.1484 0.1577 0.4274 0.5014 0.3001 0.1799 0.1393 0.2561 0.4926 0.4213 0.2379 0.1551 0.1472 0.3864 0.5107 0.3350 0.1963 0.1418 0.1870 0.4625 0.4765 0.2754 0.1709 0.1396 0.2856 0.4978 0.4139 0.2373 0.1562 0.1451 0.3648 0.5102 0.3619 0.2114 0.1471 0.1578 0.4199 0.5069 0.3193 0.1913 0.1412 0.1893 0.4635
0.1919 0.1419 0.1946 0.3263 0.5088 0.4114 0.1548 0.1484 0.2153 0.3697 0.5093 0.3546 0.1439 0.1577 0.2410 0.4203 0.4956 0.2779 0.1395 0.1719 0.2772 0.4780 0.4618 0.1870 0.1418 0.1957 0.3329 0.5105 0.3908 0.1481 0.1541 0.2348 0.4151 0.4952 0.2668 0.1393 0.1775 0.2944 0.4977 0.4347 0.1609 0.1472 0.2155 0.3781 0.5062 0.3199 0.1405 0.1675 0.2691 0.4625 0.5037 0.4625 0.2691 0.1675 0.1405 0.3199 0.5062 0.3781 0.2155 0.1472 0.1609 0.4347 0.4977 0.2944 0.1775 0.1393 0.2668 0.4952 0.4151 0.2348 0.1541 0.1481 0.3908 0.5105 0.3329 0.1957 0.1418 0.1870 0.4618 0.4780 0.2772 0.1719 0.1395 0.2779 0.4956 0.4203 0.2410 0.1577 0.1439 0.3546 0.5093 0.3697 0.2153 0.1484 0.1548 0.4114 0.5088 0.3263 0.1946 0.1419 0.1919
0.1533 0.1979 0.3335 0.5101 0.4025 0.1523 0.1498 0.2193 0.3778 0.5080 0.3437 0.1429 0.1594 0.2453 0.4276 0.4929 0.2683 0.1393 0.1733 0.2801 0.4807 0.4600 0.1854 0.1418 0.1957 0.3322 0.5104 0.3935 0.1488 0.1533 0.2324 0.4099 0.4973 0.2762 0.1393 0.1754 0.2892 0.4936 0.4413 0.1646 0.1460 0.2117 0.3702 0.5079 0.3316 0.1411 0.1655 0.2652 0.4650 0.4738 0.3370 0.4738 0.4650 0.2652 0.1655 0.1411 0.3316 0.5079 0.3702 0.2117 0.1460 0.1646 0.4413 0.4936 0.2892 0.1754 0.1393 0.2762 0.4973 0.4099 0.2324 0.1533 0.1488 0.3935 0.5104 0.3322 0.1957 0.1418 0.1854 0.4600 0.4807 0.2801 0.1733 0.1393 0.2683 0.4929 0.4276 0.2453 0.1594 0.1429 0.3437 0.5080 0.3778 0.2193 0.1498 0.1523 0.4025 0.5101 0.3335 0.1979 0.1533
0.2058 0.3409 0.5108 0.3932 0.1500 0.1513 0.2235 0.3861 0.5063 0.3321 0.1419 0.1613 0.2500 0.4355 0.4897 0.2573 0.1393 0.1751 0.2839 0.4844 0.4570 0.1823 0.1421 0.1963 0.3329 0.5104 0.3944 0.1492 0.1529 0.2307 0.4060 0.4989 0.2840 0.1394 0.1736 0.2846 0.4893 0.4471 0.1687 0.1449 0.2082 0.3627 0.5092 0.3429 0.1419 0.1634 0.2603 0.4595 0.4734 0.2175 0.1385 0.2175 0.4734 0.4595 0.2603 0.1634 0.1419 0.3429 0.5092 0.3627 0.2082 0.1449 0.1687 0.4471 0.4893 0.2846 0.1736 0.1394 0.2840 0.4989 0.4060 0.2307 0.1529 0.1492 0.3944 0.5104 0.3329 0.1963 0.1421 0.1823 0.4570 0.4844 0.2839 0.1751 0.1393 0.2573 0.4897 0.4355 0.2500 0.1613 0.1419 0.3321 0.5063 0.3861 0.2235 0.1513 0.1500 0.3932 0.5108 0.3409 0.2058
0.3445 0.5111 0.3836 0.1481 0.1528 0.2278 0.3945 0.5042 0.3200 0.1411 0.1633 0.2550 0.4436 0.4859 0.2454 0.1393 0.1773 0.2886 0.4886 0.4529 0.1782 0.1425 0.1976 0.3350 0.5105 0.3935 0.1492 0.1527 0.2299 0.4037 0.5000 0.2897 0.1396 0.1722 0.2808 0.4851 0.4522 0.1731 0.1440 0.2050 0.3557 0.5101 0.3535 0.1428 0.1615 0.2553 0.4521 0.4772 0.2129 0.1384 0.1573 0.1384 0.2129 0.4772 0.4521 0.2553 0.1615 0.1428 0.3535 0.5101 0.3557 0.2050 0.1440 0.1731 0.4522 0.4851 0.2808 0.1722 0.1396 0.2897 0.5000 0.4037 0.2299 0.1527 0.1492 0.3935 0.5105 0.3350 0.1976 0.1425 0.1782 0.4529 0.4886 0.2886 0.1773 0.1393 0.2454 0.4859 0.4436 0.2550 0.1633 0.1411 0.3200 0.5042 0.3945 0.2278 0.1528 0.1481 0.3836 0.5111 0.3445
0.5094 0.3734 0.1464 0.1545 0.2322 0.4031 0.5019 0.3076 0.1405 0.1655 0.2602 0.4518 0.4817 0.2332 0.1394 0.1797 0.2939 0.4931 0.4478 0.1737 0.1431 0.1995 0.3385 0.5107 0.3908 0.1488 0.1529 0.2299 0.4029 0.5005 0.2932 0.1397 0.1711 0.2778 0.4814 0.4563 0.1775 0.1432 0.2022 0.3493 0.5107 0.3632 0.1438 0.1596 0.2505 0.4443 0.4814 0.2213 0.1397 0.1815 0.2448 0.1815 0.1397 0.2213 0.4814 0.4443 0.2505 0.1596 0.1438 0.3632 0.5107 0.3493 0.2022 0.1432 0.1775 0.4563 0.4814 0.2778 0.1711 0.1397 0.2932 0.5005 0.4029 0.2299 0.1529 0.1488 0.3908 0.5107 0.3385 0.1995 0.1431 0.1737 0.4478 0.4931 0.2939 0.1797 0.1394 0.2332 0.4817 0.4518 0.2602 0.1655 0.1405 0.3076 0.5019 0.4031 0.2322 0.1545 0.1464 0.3734 0.5094
0.3682 0.1449 0.1562 0.2368 0.4117 0.4991 0.2948 0.1399 0.1677 0.2656 0.4599 0.4770 0.2211 0.1396 0.1824 0.2998 0.4974 0.4418 0.1692 0.1439 0.2019 0.3431 0.5109 0.3864 0.1481 0.1533 0.2307 0.4037 0.5005 0.2944 0.1397 0.1705 0.2758 0.4786 0.4595 0.1816 0.1426 0.1998 0.3438 0.5110 0.3718 0.1449 0.1580 0.2460 0.4365 0.4855 0.2324 0.1396 0.1842 0.3015 0.4344 0.3015 0.1842 0.1396 0.2324 0.4855 0.4365 0.2460 0.1580 0.1449 0.3718 0.5110 0.3438 0.1998 0.1426 0.1816 0.4595 0.4786 0.2758 0.1705 0.1397 0.2944 0.5005 0.4037 0.2307 0.1533 0.1481 0.3864 0.5109 0.3431 0.2019 0.1439 0.1692 0.4418 0.4974 0.2998 0.1824 0.1396 0.2211 0.4770 0.4599 0.2656 0.1677 0.1399 0.2948 0.4991 0.4117 0.2368 0.1562 0.1449 0.3682
0.1556 0.1580 0.2415 0.4203 0.4961 0.2818 0.1396 0.1700 0.2712 0.4677 0.4720 0.2095 0.1400 0.1852 0.3060 0.5012 0.4351 0.1649 0.1448 0.2048 0.3488 0.5110 0.3802 0.1472 0.1541 0.2324 0.4060 0.5000 0.2932 0.1397 0.1703 0.2747 0.4767 0.4616 0.1848 0.1421 0.1979 0.3391 0.5109 0.3793 0.1460 0.1565 0.2419 0.4290 0.4891 0.2440 0.1394 0.1824 0.3042 0.4979 0.4875 0.4979 0.3042 0.1824 0.1394 0.2440 0.4891 0.4290 0.2419 0.1565 0.1460 0.3793 0.5109 0.3391 0.1979 0.1421 0.1848 0.4616 0.4767 0.2747 0.1703 0.1397 0.2932 0.5000 0.4060 0.2324 0.1541 0.1472 0.3802 0.5110 0.3488 0.2048 0.1448 0.1649 0.4351 0.5012 0.3060 0.1852 0.1400 0.2095 0.4720 0.4677 0.2712 0.1700 0.1396 0.2818 0.4961 0.4203 0.2415 0.1580 0.1556
0.1677 0.2464 0.4289 0.4926 0.2687 0.1394 0.1725 0.2769 0.4751 0.4665 0.1988 0.1405 0.1882 0.3125 0.5044 0.4277 0.1611 0.1459 0.2080 0.3552 0.5107 0.3727 0.1461 0.1551 0.2348 0.4099 0.4989 0.2897 0.1397 0.1705 0.2747 0.4760 0.4626 0.1870 0.1419 0.1965 0.3354 0.5108 0.3856 0.1470 0.1552 0.2383 0.4221 0.4923 0.2552 0.1393 0.1800 0.2999 0.5001 0.4391 0.2640 0.4391 0.5001 0.2999 0.1800 0.1393 0.2552 0.4923 0.4221 0.2383 0.1552 0.1470 0.3856 0.5108 0.3354 0.1965 0.1419 0.1870 0.4626 0.4760 0.2747 0.1705 0.1397 0.2897 0.4989 0.4099 0.2348 0.1551 0.1461 0.3727 0.5107 0.3552 0.2080 0.1459 0.1611 0.4277 0.5044 0.3125 0.1882 0.1405 0.1988 0.4665 0.4751 0.2769 0.1725 0.1394 0.2687 0.4926 0.4289 0.2464 0.1677
0.2526 0.4376 0.4889 0.2555 0.1393 0.1750 0.2827 0.4820 0.4607 0.1893 0.1412 0.1913 0.3193 0.5069 0.4198 0.1577 0.1471 0.2116 0.3623 0.5102 0.3639 0.1450 0.1564 0.2379 0.4151 0.4973 0.2840 0.1396 0.1711 0.2758 0.4767 0.4626 0.1878 0.1417 0.1956 0.3330 0.5106 0.3904 0.1480 0.1542 0.2351 0.4158 0.4949 0.2657 0.1393 0.1777 0.2947 0.4976 0.4367 0.1672 0.1364 0.1672 0.4367 0.4976 0.2947 0.1777 0.1393 0.2657 0.4949 0.4158 0.2351 0.1542 0.1480 0.3904 0.5106 0.3330 0.1956 0.1417 0.1878 0.4626 0.4767 0.2758 0.1711 0.1396 0.2840 0.4973 0.4151 0.2379 0.1564 0.1450 0.3639 0.5102 0.3623 0.2116 0.1471 0.1577 0.4198 0.5069 0.3193 0.1913 0.1412 0.1893 0.4607 0.4820 0.2827 0.1750 0.1393 0.2555 0.4889 0.4376 0.2526
0.4387 0.4849 0.2425 0.1393 0.1776 0.2888 0.4881 0.4544 0.1812 0.1419 0.1946 0.3263 0.5088 0.4114 0.1548 0.1484 0.2153 0.3699 0.5093 0.3541 0.1438 0.1578 0.2415 0.4213 0.4952 0.2762 0.1394 0.1722 0.2778 0.4786 0.4616 0.1870 0.1417 0.1953 0.3318 0.5104 0.3936 0.1488 0.1534 0.2326 0.4104 0.4971 0.2752 0.1393 0.1756 0.2896 0.4938 0.4414 0.1657 0.1428 0.1701 0.1428 0.1657 0.4414 0.4938 0.2896 0.1756 0.1393 0.2752 0.4971 0.4104 0.2326 0.1534 0.1488 0.3936 0.5104 0.3318 0.1953 0.1417 0.1870 0.4616 0.4786 0.2778 0.1722 0.1394 0.2762 0.4952 0.4213 0.2415 0.1578 0.1438 0.3541 0.5093 0.3699 0.2153 0.1484 0.1548 0.4114 0.5088 0.3263 0.1946 0.1419 0.1812 0.4544 0.4881 0.2888 0.1776 0.1393 0.2425 0.4849 0.4387
0.4824 0.2297 0.1394 0.1803 0.2950 0.4936 0.4478 0.1744 0.1429 0.1979 0.3335 0.5101 0.4025 0.1523 0.1498 0.2193 0.3779 0.5080 0.3433 0.1428 0.1595 0.2457 0.4283 0.4926 0.2668 0.1393 0.1736 0.2808 0.4814 0.4595 0.1848 0.1419 0.1956 0.3318 0.5103 0.3951 0.1493 0.1528 0.2307 0.4062 0.4988 0.2833 0.1394 0.1738 0.2851 0.4897 0.4468 0.1687 0.1444 0.2006 0.2777 0.2006 0.1444 0.1687 0.4468 0.4897 0.2851 0.1738 0.1394 0.2833 0.4988 0.4062 0.2307 0.1528 0.1493 0.3951 0.5103 0.3318 0.1956 0.1419 0.1848 0.4595 0.4814 0.2808 0.1736 0.1393 0.2668 0.4926 0.4283 0.2457 0.1595 0.1428 0.3433 0.5080 0.3779 0.2193 0.1498 0.1523 0.4025 0.5101 0.3335 0.1979 0.1429 0.1744 0.4478 0.4936 0.2950 0.1803 0.1394 0.2297 0.4824
0.2270 0.1397 0.1832 0.3013 0.4983 0.4407 0.1688 0.1439 0.2014 0.3409 0.5108 0.3932 0.1500 0.1513 0.2235 0.3861 0.5063 0.3319 0.1419 0.1614 0.2503 0.4360 0.4894 0.2561 0.1393 0.1754 0.2846 0.4851 0.4563 0.1816 0.1421 0.1965 0.3330 0.5104 0.3951 0.1494 0.1526 0.2296 0.4034 0.5000 0.2896 0.1395 0.1723 0.2812 0.4855 0.4518 0.1727 0.1440 0.2039 0.3440 0.4811 0.3440 0.2039 0.1440 0.1727 0.4518 0.4855 0.2812 0.1723 0.1395 0.2896 0.5000 0.4034 0.2296 0.1526 0.1494 0.3951 0.5104 0.3330 0.1965 0.1421 0.1816 0.4563 0.4851 0.2846 0.1754 0.1393 0.2561 0.4894 0.4360 0.2503 0.1614 0.1419 0.3319 0.5063 0.3861 0.2235 0.1513 0.1500 0.3932 0.5108 0.3409 0.2014 0.1439 0.1688 0.4407 0.4983 0.3013 0.1832 0.1397 0.2270
0.1514 0.1861 0.3078 0.5022 0.4333 0.1641 0.1450 0.2050 0.3484 0.5110 0.3836 0.1481 0.1528 0.2278 0.3945 0.5042 0.3200 0.1411 0.1634 0.2551 0.4440 0.4857 0.2447 0.1393 0.1775 0.2892 0.4893 0.4522 0.1775 0.1426 0.1979 0.3354 0.5106 0.3936 0.1493 0.1526 0.2292 0.4020 0.5007 0.2939 0.1397 0.1711 0.2779 0.4816 0.4560 0.1771 0.1433 0.2022 0.3475 0.5093 0.4593 0.5093 0.3475 0.2022 0.1433 0.1771 0.4560 0.4816 0.2779 0.1711 0.1397 0.2939 0.5007 0.4020 0.2292 0.1526 0.1493 0.3936 0.5106 0.3354 0.1979 0.1426 0.1775 0.4522 0.4893 0.2892 0.1775 0.1393 0.2447 0.4857 0.4440 0.2551 0.1634 0.1411 0.3200 0.5042 0.3945 0.2278 0.1528 0.1481 0.3836 0.5110 0.3484 0.2050 0.1450 0.1641 0.4333 0.5022 0.3078 0.1861 0.1514
0.1944 0.3146 0.5052 0.4255 0.1602 0.1462 0.2087 0.3561 0.5107 0.3734 0.1464 0.1545 0.2322 0.4030 0.5019 0.3076 0.1405 0.1655 0.2603 0.4520 0.4815 0.2328 0.1394 0.1799 0.2944 0.4936 0.4471 0.1731 0.1432 0.1998 0.3391 0.5108 0.3904 0.1488 0.1528 0.2296 0.4020 0.5009 0.2960 0.1398 0.1703 0.2755 0.4784 0.4594 0.1813 0.1426 0.2000 0.3438 0.5106 0.3880 0.1900 0.3880 0.5106 0.3438 0.2000 0.1426 0.1813 0.4594 0.4784 0.2755 0.1703 0.1398 0.2960 0.5009 0.4020 0.2296 0.1528 0.1488 0.3904 0.5108 0.3391 0.1998 0.1432 0.1731 0.4471 0.4936 0.2944 0.1799 0.1394 0.2328 0.4815 0.4520 0.2603 0.1655 0.1405 0.3076 0.5019 0.4030 0.2322 0.1545 0.1464 0.3734 0.5107 0.3561 0.2087 0.1462 0.1602 0.4255 0.5052 0.3146 0.1944
0.3188 0.5077 0.4174 0.1569 0.1474 0.2125 0.3640 0.5100 0.3628 0.1449 0.1562 0.2368 0.4116 0.4991 0.2949 0.1400 0.1677 0.2656 0.4599 0.4769 0.2208 0.1397 0.1825 0.3001 0.4977 0.4413 0.1687 0.1440 0.2022 0.3438 0.5109 0.3856 0.1480 0.1534 0.2307 0.4034 0.5007 0.2960 0.1398 0.1699 0.2741 0.4761 0.4619 0.1851 0.1422 0.1980 0.3394 0.5109 0.3818 0.1475 0.1388 0.1475 0.3818 0.5109 0.3394 0.1980 0.1422 0.1851 0.4619 0.4761 0.2741 0.1699 0.1398 0.2960 0.5007 0.4034 0.2307 0.1534 0.1480 0.3856 0.5109 0.3438 0.2022 0.1440 0.1687 0.4413 0.4977 0.3001 0.1825 0.1397 0.2208 0.4769 0.4599 0.2656 0.1677 0.1400 0.2949 0.4991 0.4116 0.2368 0.1562 0.1449 0.3628 0.5100 0.3640 0.2125 0.1474 0.1569 0.4174 0.5077 0.3188
0.5063 0.4088 0.1540 0.1488 0.2165 0.3721 0.5090 0.3519 0.1437 0.1580 0.2415 0.4203 0.4961 0.2819 0.1396 0.1700 0.2711 0.4676 0.4720 0.2094 0.1400 0.1853 0.3062 0.5014 0.4347 0.1646 0.1449 0.2050 0.3493 0.5110 0.3793 0.1470 0.1542 0.2326 0.4062 0.5000 0.2939 0.1398 0.1699 0.2736 0.4749 0.4633 0.1878 0.1418 0.1964 0.3355 0.5108 0.3857 0.1473 0.1511 0.1880 0.1511 0.1473 0.3857 0.5108 0.3355 0.1964 0.1418 0.1878 0.4633 0.4749 0.2736 0.1699 0.1398 0.2939 0.5000 0.4062 0.2326 0.1542 0.1470 0.3793 0.5110 0.3493 0.2050 0.1449 0.1646 0.4347 0.5014 0.3062 0.1853 0.1400 0.2094 0.4720 0.4676 0.2711 0.1700 0.1396 0.2819 0.4961 0.4203 0.2415 0.1580 0.1437 0.3519 0.5090 0.3721 0.2165 0.1488 0.1540 0.4088 0.5063
0.4043 0.1515 0.1502 0.2205 0.3803 0.5075 0.3404 0.1426 0.1599 0.2463 0.4288 0.4927 0.2688 0.1394 0.1724 0.2767 0.4750 0.4666 0.1989 0.1405 0.1882 0.3127 0.5045 0.4274 0.1609 0.1460 0.2082 0.3557 0.5107 0.3718 0.1460 0.1552 0.2351 0.4104 0.4988 0.2896 0.1397 0.1703 0.2741 0.4749 0.4638 0.1893 0.1416 0.1953 0.3325 0.5105 0.3904 0.1480 0.1535 0.2265 0.3206 0.2265 0.1535 0.1480 0.3904 0.5105 0.3325 0.1953 0.1416 0.1893 0.4638 0.4749 0.2741 0.1703 0.1397 0.2896 0.4988 0.4104 0.2351 0.1552 0.1460 0.3718 0.5107 0.3557 0.2082 0.1460 0.1609 0.4274 0.5045 0.3127 0.1882 0.1405 0.1989 0.4666 0.4750 0.2767 0.1724 0.1394 0.2688 0.4927 0.4288 0.2463 0.1599 0.1426 0.3404 0.5075 0.3803 0.2205 0.1502 0.1515 0.4043
0.1612 0.1517 0.2247 0.3886 0.5057 0.3286 0.1417 0.1619 0.2513 0.4374 0.4890 0.2558 0.1393 0.1749 0.2826 0.4818 0.4608 0.1895 0.1412 0.1913 0.3193 0.5070 0.4196 0.1577 0.1472 0.2117 0.3627 0.5101 0.3632 0.1449 0.1565 0.2383 0.4158 0.4971 0.2833 0.1395 0.1711 0.2755 0.4761 0.4633 0.1893 0.1415 0.1947 0.3307 0.5103 0.3942 0.1488 0.1532 0.2311 0.3977 0.5066 0.3976 0.2311 0.1532 0.1488 0.3942 0.5103 0.3307 0.1947 0.1415 0.1893 0.4633 0.4761 0.2755 0.1711 0.1395 0.2833 0.4971 0.4158 0.2383 0.1565 0.1449 0.3632 0.5101 0.3627 0.2117 0.1472 0.1577 0.4196 0.5070 0.3193 0.1913 0.1412 0.1895 0.4608 0.4818 0.2826 0.1749 0.1393 0.2558 0.4890 0.4374 0.2513 0.1619 0.1417 0.3286 0.5057 0.3886 0.2247 0.1517 0.1612
0.1619 0.2291 0.3970 0.5036 0.3164 0.1409 0.1639 0.2564 0.4458 0.4849 0.2428 0.1393 0.1775 0.2886 0.4880 0.4546 0.1814 0.1419 0.1945 0.3262 0.5088 0.4113 0.1548 0.1484 0.2155 0.3702 0.5092 0.3535 0.1438 0.1580 0.2419 0.4221 0.4949 0.2752 0.1394 0.1723 0.2779 0.4784 0.4619 0.1878 0.1416 0.1947 0.3302 0.5101 0.3961 0.1494 0.1527 0.2303 0.4038 0.5011 0.4119 0.5011 0.4034 0.2303 0.1527 0.1494 0.3963 0.5102 0.3303 0.1947 0.1416 0.1878 0.4619 0.4784 0.2779 0.1723 0.1394 0.2752 0.4949 0.4221 0.2419 0.1580 0.1438 0.3535 0.5092 0.3702 0.2155 0.1484 0.1548 0.4113 0.5088 0.3262 0.1945 0.1419 0.1814 0.4546 0.4880 0.2886 0.1775 0.1393 0.2428 0.4849 0.4458 0.2564 0.1639 0.1409 0.3164 0.5036 0.3970 0.2291 0.1619
0.2358 0.4056 0.5011 0.3040 0.1403 0.1661 0.2617 0.4541 0.4804 0.2301 0.1394 0.1802 0.2948 0.4935 0.4480 0.1746 0.1428 0.1978 0.3333 0.5100 0.4027 0.1523 0.1498 0.2194 0.3781 0.5079 0.3429 0.1428 0.1596 0.2460 0.4290 0.4923 0.2657 0.1393 0.1738 0.2812 0.4816 0.4594 0.1851 0.1418 0.1953 0.3307 0.5101 0.3991 0.1493 0.1522 0.2283 0.4006 0.5010 0.3080 0.1499 0.3098 0.5009 0.4029 0.2299 0.1521 0.1496 0.3976 0.5103 0.3308 0.1953 0.1418 0.1851 0.4594 0.4816 0.2812 0.1738 0.1393 0.2657 0.4923 0.4290 0.2460 0.1596 0.1428 0.3429 0.5079 0.3781 0.2194 0.1498 0.1523 0.4027 0.5100 0.3333 0.1978 0.1428 0.1746 0.4480 0.4935 0.2948 0.1802 0.1394 0.2301 0.4804 0.4541 0.2617 0.1661 0.1403 0.3040 0.5011 0.4056 0.2358
0.4074 0.4984 0.2912 0.1398 0.1683 0.2671 0.4621 0.4757 0.2179 0.1397 0.1831 0.3011 0.4981 0.4410 0.1690 0.1438 0.2013 0.3406 0.5107 0.3936 0.1501 0.1512 0.2235 0.3862 0.5062 0.3316 0.1419 0.1615 0.2505 0.4365 0.4891 0.2552 0.1393 0.1756 0.2851 0.4855 0.4560 0.1813 0.1422 0.1964 0.3325 0.5103 0.3962 0.1500 0.1524 0.2289 0.3978 0.5020 0.3038 0.1394 0.1461 0.1394 0.3054 0.5012 0.3996 0.2292 0.1525 0.1494 0.3983 0.5103 0.3325 0.1964 0.1422 0.1813 0.4560 0.4855 0.2851 0.1756 0.1393 0.2552 0.4891 0.4365 0.2505 0.1615 0.1419 0.3316 0.5062 0.3862 0.2235 0.1512 0.1501 0.3936 0.5107 0.3406 0.2013 0.1438 0.1690 0.4410 0.4981 0.3011 0.1831 0.1397 0.2179 0.4757 0.4621 0.2671 0.1683 0.1398 0.2912 0.4984 0.4074
0.4963 0.2783 0.1395 0.1707 0.2727 0.4698 0.4705 0.2065 0.1401 0.1860 0.3076 0.5020 0.4336 0.1643 0.1449 0.2048 0.3480 0.5110 0.3840 0.1482 0.1528 0.2277 0.3944 0.5042 0.3199 0.1411 0.1634 0.2553 0.4443 0.4855 0.2440 0.1393 0.1777 0.2896 0.4897 0.4518 0.1771 0.1426 0.1980 0.3355 0.5105 0.3942 0.1494 0.1526 0.2281 0.3948 0.5018 0.3052 0.1400 0.1642 0.2132 0.1645 0.1396 0.2973 0.5012 0.3976 0.2270 0.1520 0.1490 0.3941 0.5105 0.3355 0.1980 0.1426 0.1771 0.4518 0.4897 0.2896 0.1777 0.1393 0.2440 0.4855 0.4443 0.2553 0.1634 0.1411 0.3199 0.5042 0.3944 0.2277 0.1528 0.1482 0.3840 0.5110 0.3480 0.2048 0.1449 0.1643 0.4336 0.5020 0.3076 0.1860 0.1401 0.2065 0.4705 0.4698 0.2727 0.1707 0.1395 0.2783 0.4963
0.2734 0.1393 0.1731 0.2783 0.4769 0.4651 0.1963 0.1407 0.1890 0.3142 0.5051 0.4260 0.1604 0.1461 0.2084 0.3556 0.5107 0.3740 0.1465 0.1544 0.2320 0.4027 0.5019 0.3079 0.1405 0.1655 0.2603 0.4521 0.4814 0.2324 0.1394 0.1800 0.2947 0.4938 0.4468 0.1727 0.1433 0.2000 0.3394 0.5108 0.3904 0.1488 0.1527 0.2285 0.3968 0.5026 0.3050 0.1400 0.1673 0.2626 0.3776 0.2635 0.1681 0.1396 0.3000 0.5019 0.3944 0.2287 0.1522 0.1488 0.3904 0.5108 0.3394 0.2000 0.1433 0.1727 0.4468 0.4938 0.2947 0.1800 0.1394 0.2324 0.4814 0.4521 0.2603 0.1655 0.1405 0.3079 0.5019 0.4027 0.2320 0.1544 0.1465 0.3740 0.5107 0.3556 0.2084 0.1461 0.1604 0.4260 0.5051 0.3142 0.1890 0.1407 0.1963 0.4651 0.4769 0.2783 0.1731 0.1393 0.2734
0.1509 0.1754 0.2838 0.4831 0.4595 0.1876 0.1413 0.1919 0.3206 0.5073 0.4183 0.1572 0.1472 0.2120 0.3630 0.5101 0.3641 0.1450 0.1559 0.2362 0.4106 0.4994 0.2961 0.1399 0.1675 0.2652 0.4595 0.4772 0.2213 0.1396 0.1824 0.2999 0.4976 0.4414 0.1687 0.1440 0.2022 0.3438 0.5109 0.3857 0.1480 0.1532 0.2302 0.3998 0.5005 0.3032 0.1401 0.1686 0.2681 0.4594 0.5039 0.4620 0.2675 0.1683 0.1397 0.3000 0.5021 0.4016 0.2294 0.1532 0.1480 0.3857 0.5109 0.3438 0.2022 0.1440 0.1687 0.4414 0.4976 0.2999 0.1824 0.1396 0.2213 0.4772 0.4595 0.2652 0.1675 0.1399 0.2961 0.4994 0.4106 0.2362 0.1559 0.1450 0.3641 0.5101 0.3630 0.2120 0.1472 0.1572 0.4183 0.5073 0.3206 0.1919 0.1413 0.1876 0.4595 0.4831 0.2838 0.1754 0.1509
0.1832 0.2881 0.4874 0.4549 0.1816 0.1417 0.1940 0.3257 0.5084 0.4120 0.1548 0.1480 0.2147 0.3689 0.5091 0.3560 0.1439 0.1570 0.2394 0.4169 0.4969 0.2867 0.1395 0.1689 0.2691 0.4650 0.4734 0.2129 0.1397 0.1842 0.3042 0.5001 0.4367 0.1657 0.1444 0.2039 0.3475 0.5106 0.3818 0.1473 0.1535 0.2311 0.4035 0.5015 0.2994 0.1402 0.1678 0.2696 0.4674 0.4733 0.3378 0.4731 0.4671 0.2690 0.1685 0.1400 0.3091 0.5003 0.4092 0.2313 0.1535 0.1473 0.3818 0.5106 0.3475 0.2039 0.1444 0.1657 0.4367 0.5001 0.3042 0.1842 0.1397 0.2129 0.4734 0.4650 0.2691 0.1689 0.1395 0.2867 0.4969 0.4169 0.2394 0.1570 0.1439 0.3560 0.5091 0.3689 0.2147 0.1480 0.1548 0.4120 0.5084 0.3257 0.1940 0.1417 0.1816 0.4549 0.4874 0.2881 0.1832
0.2841 0.4852 0.4560 0.1842 0.1403 0.1913 0.3233 0.5068 0.4150 0.1551 0.1463 0.2118 0.3667 0.5080 0.3604 0.1434 0.1550 0.2365 0.4145 0.4964 0.2918 0.1386 0.1666 0.2662 0.4625 0.4738 0.2175 0.1384 0.1815 0.3015 0.4979 0.4391 0.1672 0.1428 0.2006 0.3440 0.5093 0.3880 0.1475 0.1511 0.2265 0.3977 0.5010 0.3175 0.1392 0.1637 0.2616 0.4593 0.4748 0.2362 0.1383 0.2188 0.4731 0.4601 0.2612 0.1644 0.1392 0.3058 0.5001 0.3979 0.2265 0.1511 0.1475 0.3880 0.5093 0.3440 0.2006 0.1428 0.1672 0.4391 0.4979 0.3015 0.1815 0.1384 0.2175 0.4738 0.4625 0.2662 0.1666 0.1386 0.2918 0.4964 0.4145 0.2365 0.1550 0.1434 0.3604 0.5080 0.3667 0.2118 0.1463 0.1551 0.4150 0.5068 0.3233 0.1913 0.1403 0.1842 0.4560 0.4852 0.2841
0.4081 0.4957 0.2971 0.1366 0.1639 0.2619 0.4610 0.4742 0.2235 0.1371 0.1782 0.2967 0.4966 0.4415 0.1687 0.1409 0.1960 0.3374 0.5084 0.3963 0.1472 0.1477 0.2180 0.3840 0.5037 0.3370 0.1385 0.1573 0.2448 0.4344 0.4875 0.2640 0.1364 0.1701 0.2777 0.4811 0.4593 0.1900 0.1388 0.1880 0.3206 0.5066 0.4123 0.1529 0.1460 0.2139 0.3800 0.5044 0.3375 0.1384 0.1387 0.1380 0.3365 0.5038 0.3795 0.2121 0.1455 0.1516 0.4106 0.5066 0.3206 0.1880 0.1388 0.1900 0.4593 0.4811 0.2777 0.1701 0.1364 0.2640 0.4875 0.4344 0.2448 0.1573 0.1385 0.3370 0.5037 0.3840 0.2180 0.1477 0.1472 0.3963 0.5084 0.3374 0.1960 0.1409 0.1687 0.4415 0.4966 0.2967 0.1782 0.1371 0.2235 0.4742 0.4610 0.2619 0.1639 0.1366 0.2971 0.4957 0.4081
0.2841 0.4852 0.4560 0.1842 0.1403 0.1913 0.3233 0.5068 0.4150 0.1551 0.1463 0.2118 0.3667 0.5080 0.3604 0.1434 0.1550 0.2365 0.4145 0.4964 0.2918 0.1386 0.1666 0.2662 0.4625 0.4738 0.2175 0.1384 0.1815 0.3015 0.4979 0.4391 0.1672 0.1428 0.2006 0.3440 0.5093 0.3880 0.1475 0.1511 0.2265 0.3976 0.5012 0.3070 0.1388 0.1640 0.2641 0.4606 0.4727 0.2201 0.1378 0.2206 0.4726 0.4665 0.2637 0.1648 0.1392 0.3137 0.5012 0.3976 0.2265 0.1511 0.1475 0.3880 0.5093 0.3440 0.2006 0.1428 0.1672 0.4391 0.4979 0.3015 0.1815 0.1384 0.2175 0.4738 0.4625 0.2662 0.1666 0.1386 0.2918 0.4964 0.4145 0.2365 0.1550 0.1434 0.3604 0.5080 0.3667 0.2118 0.1463 0.1551 0.4150 0.5068 0.3233 0.1913 0.1403 0.1842 0.4560 0.4852 0.2841
0.1832 0.2881 0.4874 0.4549 0.1816 0.1417 0.1940 0.3257 0.5084 0.4120 0.1548 0.1480 0.2147 0.3689 0.5091 0.3560 0.1439 0.1570 0.2394 0.4169 0.4969 0.2867 0.1395 0.1689 0.2691 0.4650 0.4734 0.2129 0.1397 0.1842 0.3042 0.5001 0.4367 0.1657 0.1444 0.2039 0.3475 0.5106 0.3818 0.1473 0.1535 0.2311 0.4036 0.4998 0.2986 0.1398 0.1685 0.2702 0.4714 0.4707 0.3321 0.4711 0.4675 0.2752 0.1699 0.1400 0.2978 0.5009 0.4017 0.2311 0.1535 0.1473 0.3818 0.5106 0.3475 0.2039 0.1444 0.1657 0.4367 0.5001 0.3042 0.1842 0.1397 0.2129 0.4734 0.4650 0.2691 0.1689 0.1395 0.2867 0.4969 0.4169 0.2394 0.1570 0.1439 0.3560 0.5091 0.3689 0.2147 0.1480 0.1548 0.4120 0.5084 0.3257 0.1940 0.1417 0.1816 0.4549 0.4874 0.2881 0.1832
0.1509 0.1754 0.2838 0.4831 0.4595 0.1876 0.1413 0.1919 0.3206 0.5073 0.4183 0.1572 0.1472 0.2120 0.3630 0.5101 0.3641 0.1450 0.1559 0.2362 0.4106 0.4994 0.2961 0.1399 0.1675 0.2652 0.4595 0.4772 0.2213 0.1396 0.1824 0.2999 0.4976 0.4414 0.1687 0.1440 0.2022 0.3438 0.5109 0.3857 0.1480 0.1532 0.2305 0.4068 0.5002 0.2958 0.1396 0.1685 0.2727 0.4641 0.5037 0.4623 0.2727 0.1699 0.1399 0.3025 0.5021 0.4023 0.2307 0.1533 0.1480 0.3857 0.5109 0.3438 0.2022 0.1440 0.1687 0.4414 0.4976 0.2999 0.1824 0.1396 0.2213 0.4772 0.4595 0.2652 0.1675 0.1399 0.2961 0.4994 0.4106 0.2362 0.1559 0.1450 0.3641 0.5101 0.3630 0.2120 0.1472 0.1572 0.4183 0.5073 0.3206 0.1919 0.1413 0.1876 0.4595 0.4831 0.2838 0.1754 0.1509
0.2734 0.1393 0.1731 0.2783 0.4769 0.4651 0.1963 0.1407 0.1890 0.3142 0.5051 0.4260 0.1604 0.1461 0.2084 0.3556 0.5107 0.3740 0.1465 0.1544 0.2320 0.4027 0.5019 0.3079 0.1405 0.1655 0.2603 0.4521 0.4814 0.2324 0.1394 0.1800 0.2947 0.4938 0.4468 0.1727 0.1433 0.2000 0.3394 0.5108 0.3904 0.1488 0.1528 0.2308 0.4017 0.5015 0.3006 0.1397 0.1693 0.2670 0.3841 0.2654 0.1696 0.1394 0.2927 0.5013 0.4015 0.2294 0.1530 0.1488 0.3904 0.5108 0.3394 0.2000 0.1433 0.1727 0.4468 0.4938 0.2947 0.1800 0.1394 0.2324 0.4814 0.4521 0.2603 0.1655 0.1405 0.3079 0.5019 0.4027 0.2320 0.1544 0.1465 0.3740 0.5107 0.3556 0.2084 0.1461 0.1604 0.4260 0.5051 0.3142 0.1890 0.1407 0.1963 0.4651 0.4769 0.2783 0.1731 0.1393 0.2734
0.4963 0.2783 0.1395 0.1707 0.2727 0.4698 0.4705 0.2065 0.1401 0.1860 0.3076 0.5020 0.4336 0.1643 0.1449 0.2048 0.3480 0.5110 0.3840 0.1482 0.1528 0.2277 0.3944 0.5042 0.3199 0.1411 0.1634 0.2553 0.4443 0.4855 0.2440 0.1393 0.1777 0.2896 0.4897 0.4518 0.1771 0.1426 0.1980 0.3355 0.5105 0.3942 0.1495 0.1529 0.2302 0.4005 0.5019 0.3000 0.1397 0.1658 0.2152 0.1650 0.1395 0.2858 0.4993 0.4026 0.2285 0.1523 0.1497 0.3941 0.5105 0.3355 0.1980 0.1426 0.1771 0.4518 0.4897 0.2896 0.1777 0.1393 0.2440 0.4855 0.4443 0.2553 0.1634 0.1411 0.3199 0.5042 0.3944 0.2277 0.1528 0.1482 0.3840 0.5110 0.3480 0.2048 0.1449 0.1643 0.4336 0.5020 0.3076 0.1860 0.1401 0.2065 0.4705 0.4698 0.2727 0.1707 0.1395 0.2783 0.4963
