0.5060 0.3248 0.1523 0.1753 0.2727 0.4701 0.4619 0.1899 0.1536 0.2067 0.3466 0.5094 0.3651 0.1553 0.1683 0.2540 0.4411 0.4811 0.2237 0.1515 0.1953 0.3208 0.5068 0.4016 0.1606 0.1624 0.2372 0.4101 0.4952 0.2689 0.1509 0.1853 0.2973 0.4958 0.4326 0.1697 0.1577 0.2221 0.3796 0.5047 0.3156 0.1519 0.1766 0.2761 0.4745 0.4582 0.1862 0.1539 0.2071 0.3380 0.4753 0.3380 0.2071 0.1539 0.1862 0.4582 0.4745 0.2761 0.1766 0.1519 0.3156 0.5047 0.3796 0.2221 0.1577 0.1697 0.4326 0.4958 0.2973 0.1853 0.1509 0.2689 0.4952 0.4101 0.2372 0.1624 0.1606 0.4016 0.5068 0.3208 0.1953 0.1515 0.2237 0.4811 0.4411 0.2540 0.1683 0.1553 0.3651 0.5094 0.3466 0.2067 0.1536 0.1899 0.4619 0.4701 0.2727 0.1753 0.1523 0.3248 0.5060
0.3248 0.1407 0.1667 0.2678 0.4705 0.4647 0.1866 0.1422 0.1990 0.3431 0.5111 0.3702 0.1445 0.1586 0.2479 0.4401 0.4836 0.2261 0.1398 0.1870 0.3166 0.5083 0.4061 0.1509 0.1522 0.2304 0.4082 0.4974 0.2739 0.1393 0.1765 0.2925 0.4966 0.4364 0.1617 0.1469 0.2149 0.3770 0.5066 0.3212 0.1405 0.1675 0.2706 0.4745 0.4614 0.1820 0.1427 0.2006 0.3448 0.5094 0.4603 0.5094 0.3448 0.2006 0.1427 0.1820 0.4614 0.4745 0.2706 0.1675 0.1405 0.3212 0.5066 0.3770 0.2149 0.1469 0.1617 0.4364 0.4966 0.2925 0.1765 0.1393 0.2739 0.4974 0.4082 0.2304 0.1522 0.1509 0.4061 0.5083 0.3166 0.1870 0.1398 0.2261 0.4836 0.4401 0.2479 0.1586 0.1445 0.3702 0.5111 0.3431 0.1990 0.1422 0.1866 0.4647 0.4705 0.2678 0.1667 0.1407 0.3248
0.1523 0.1667 0.2658 0.4658 0.4689 0.1942 0.1415 0.1958 0.3360 0.5109 0.3803 0.1459 0.1567 0.2429 0.4315 0.4877 0.2387 0.1395 0.1840 0.3098 0.5060 0.4149 0.1532 0.1506 0.2260 0.3996 0.5003 0.2871 0.1394 0.1739 0.2863 0.4915 0.4436 0.1659 0.1457 0.2109 0.3688 0.5081 0.3334 0.1412 0.1652 0.2650 0.4669 0.4671 0.1902 0.1418 0.1975 0.3394 0.5106 0.3919 0.1932 0.3919 0.5106 0.3394 0.1975 0.1418 0.1902 0.4671 0.4669 0.2650 0.1652 0.1412 0.3334 0.5081 0.3688 0.2109 0.1457 0.1659 0.4436 0.4915 0.2863 0.1739 0.1394 0.2871 0.5003 0.3996 0.2260 0.1506 0.1532 0.4149 0.5060 0.3098 0.1840 0.1395 0.2387 0.4877 0.4315 0.2429 0.1567 0.1459 0.3803 0.5109 0.3360 0.1958 0.1415 0.1942 0.4689 0.4658 0.2658 0.1667 0.1523
0.1753 0.2678 0.4658 0.4705 0.1993 0.1410 0.1933 0.3298 0.5104 0.3896 0.1475 0.1550 0.2383 0.4229 0.4915 0.2517 0.1393 0.1812 0.3032 0.5031 0.4232 0.1560 0.1492 0.2218 0.3911 0.5029 0.3000 0.1397 0.1715 0.2803 0.4857 0.4505 0.1709 0.1445 0.2072 0.3608 0.5094 0.3451 0.1420 0.1631 0.2596 0.4591 0.4725 0.1999 0.1411 0.1942 0.3325 0.5106 0.3880 0.1486 0.1384 0.1486 0.3880 0.5106 0.3325 0.1942 0.1411 0.1999 0.4725 0.4591 0.2596 0.1631 0.1420 0.3451 0.5094 0.3608 0.2072 0.1445 0.1709 0.4505 0.4857 0.2803 0.1715 0.1397 0.3000 0.5029 0.3911 0.2218 0.1492 0.1560 0.4232 0.5031 0.3032 0.1812 0.1393 0.2517 0.4915 0.4229 0.2383 0.1550 0.1475 0.3896 0.5104 0.3298 0.1933 0.1410 0.1993 0.4705 0.4658 0.2678 0.1753
0.2727 0.4705 0.4689 0.1993 0.1409 0.1918 0.3254 0.5098 0.3973 0.1491 0.1535 0.2340 0.4147 0.4950 0.2646 0.1393 0.1784 0.2968 0.4995 0.4311 0.1591 0.1478 0.2176 0.3827 0.5051 0.3126 0.1401 0.1691 0.2745 0.4792 0.4570 0.1770 0.1434 0.2035 0.3530 0.5104 0.3563 0.1430 0.1611 0.2544 0.4510 0.4775 0.2107 0.1405 0.1910 0.3255 0.5099 0.3951 0.1487 0.1500 0.1859 0.1500 0.1487 0.3951 0.5099 0.3255 0.1910 0.1405 0.2107 0.4775 0.4510 0.2544 0.1611 0.1430 0.3563 0.5104 0.3530 0.2035 0.1434 0.1770 0.4570 0.4792 0.2745 0.1691 0.1401 0.3126 0.5051 0.3827 0.2176 0.1478 0.1591 0.4311 0.4995 0.2968 0.1784 0.1393 0.2646 0.4950 0.4147 0.2340 0.1535 0.1491 0.3973 0.5098 0.3254 0.1918 0.1409 0.1993 0.4689 0.4705 0.2727
0.4701 0.4647 0.1942 0.1410 0.1918 0.3238 0.5093 0.4026 0.1505 0.1523 0.2302 0.4071 0.4979 0.2769 0.1393 0.1758 0.2907 0.4951 0.4386 0.1628 0.1465 0.2136 0.3745 0.5070 0.3250 0.1407 0.1668 0.2689 0.4722 0.4631 0.1843 0.1425 0.2000 0.3453 0.5109 0.3671 0.1441 0.1591 0.2493 0.4426 0.4822 0.2224 0.1400 0.1879 0.3186 0.5086 0.4037 0.1504 0.1518 0.2226 0.3147 0.2226 0.1518 0.1504 0.4037 0.5086 0.3186 0.1879 0.1400 0.2224 0.4822 0.4426 0.2493 0.1591 0.1441 0.3671 0.5109 0.3453 0.2000 0.1425 0.1843 0.4631 0.4722 0.2689 0.1668 0.1407 0.3250 0.5070 0.3745 0.2136 0.1465 0.1628 0.4386 0.4951 0.2907 0.1758 0.1393 0.2769 0.4979 0.4071 0.2302 0.1523 0.1505 0.4026 0.5093 0.3238 0.1918 0.1410 0.1942 0.4647 0.4701
0.4619 0.1866 0.1415 0.1933 0.3254 0.5093 0.4045 0.1513 0.1515 0.2273 0.4008 0.5003 0.2881 0.1395 0.1735 0.2849 0.4901 0.4455 0.1672 0.1453 0.2098 0.3663 0.5086 0.3369 0.1414 0.1646 0.2634 0.4646 0.4688 0.1930 0.1416 0.1966 0.3378 0.5109 0.3775 0.1455 0.1573 0.2444 0.4341 0.4865 0.2349 0.1396 0.1849 0.3118 0.5067 0.4124 0.1526 0.1509 0.2255 0.3884 0.5047 0.3884 0.2255 0.1509 0.1526 0.4124 0.5067 0.3118 0.1849 0.1396 0.2349 0.4865 0.4341 0.2444 0.1573 0.1455 0.3775 0.5109 0.3378 0.1966 0.1416 0.1930 0.4688 0.4646 0.2634 0.1646 0.1414 0.3369 0.5086 0.3663 0.2098 0.1453 0.1672 0.4455 0.4901 0.2849 0.1735 0.1395 0.2881 0.5003 0.4008 0.2273 0.1515 0.1513 0.4045 0.5093 0.3254 0.1933 0.1415 0.1866 0.4619
0.1899 0.1422 0.1958 0.3298 0.5098 0.4026 0.1513 0.1512 0.2258 0.3965 0.5019 0.2972 0.1397 0.1714 0.2797 0.4847 0.4519 0.1722 0.1442 0.2061 0.3585 0.5098 0.3484 0.1423 0.1625 0.2580 0.4567 0.4741 0.2030 0.1409 0.1933 0.3306 0.5105 0.3875 0.1471 0.1555 0.2396 0.4255 0.4904 0.2477 0.1394 0.1820 0.3052 0.5041 0.4207 0.1551 0.1496 0.2226 0.3906 0.5040 0.4223 0.5040 0.3906 0.2226 0.1496 0.1551 0.4207 0.5041 0.3052 0.1820 0.1394 0.2477 0.4904 0.4255 0.2396 0.1555 0.1471 0.3875 0.5105 0.3306 0.1933 0.1409 0.2030 0.4741 0.4567 0.2580 0.1625 0.1423 0.3484 0.5098 0.3585 0.2061 0.1442 0.1722 0.4519 0.4847 0.2797 0.1714 0.1397 0.2972 0.5019 0.3965 0.2258 0.1512 0.1513 0.4026 0.5098 0.3298 0.1958 0.1422 0.1899
0.1536 0.1990 0.3360 0.5104 0.3973 0.1505 0.1515 0.2258 0.3950 0.5028 0.3033 0.1399 0.1698 0.2754 0.4794 0.4574 0.1779 0.1433 0.2027 0.3511 0.5105 0.3593 0.1433 0.1605 0.2529 0.4485 0.4790 0.2141 0.1403 0.1901 0.3235 0.5096 0.3971 0.1488 0.1538 0.2349 0.4168 0.4941 0.2608 0.1393 0.1792 0.2987 0.5007 0.4287 0.1582 0.1482 0.2187 0.3845 0.5049 0.3304 0.1562 0.3304 0.5049 0.3845 0.2187 0.1482 0.1582 0.4287 0.5007 0.2987 0.1792 0.1393 0.2608 0.4941 0.4168 0.2349 0.1538 0.1488 0.3971 0.5096 0.3235 0.1901 0.1403 0.2141 0.4790 0.4485 0.2529 0.1605 0.1433 0.3593 0.5105 0.3511 0.2027 0.1433 0.1779 0.4574 0.4794 0.2754 0.1698 0.1399 0.3033 0.5028 0.3950 0.2258 0.1515 0.1505 0.3973 0.5104 0.3360 0.1990 0.1536
0.2067 0.3431 0.5109 0.3896 0.1491 0.1523 0.2273 0.3965 0.5028 0.3054 0.1401 0.1687 0.2722 0.4749 0.4619 0.1837 0.1425 0.1996 0.3441 0.5109 0.3696 0.1445 0.1586 0.2479 0.4401 0.4835 0.2261 0.1398 0.1870 0.3165 0.5081 0.4062 0.1509 0.1522 0.2304 0.4082 0.4973 0.2740 0.1393 0.1765 0.2924 0.4965 0.4364 0.1617 0.1469 0.2148 0.3767 0.5066 0.3255 0.1405 0.1437 0.1405 0.3255 0.5066 0.3767 0.2148 0.1469 0.1617 0.4364 0.4965 0.2924 0.1765 0.1393 0.2740 0.4973 0.4082 0.2304 0.1522 0.1509 0.4062 0.5081 0.3165 0.1870 0.1398 0.2261 0.4835 0.4401 0.2479 0.1586 0.1445 0.3696 0.5109 0.3441 0.1996 0.1425 0.1837 0.4619 0.4749 0.2722 0.1687 0.1401 0.3054 0.5028 0.3965 0.2273 0.1523 0.1491 0.3896 0.5109 0.3431 0.2067
0.3466 0.5111 0.3803 0.1475 0.1535 0.2302 0.4008 0.5019 0.3033 0.1401 0.1684 0.2704 0.4717 0.4651 0.1890 0.1418 0.1970 0.3379 0.5109 0.3790 0.1458 0.1569 0.2432 0.4318 0.4876 0.2385 0.1395 0.1840 0.3098 0.5060 0.4149 0.1532 0.1506 0.2260 0.3996 0.5003 0.2871 0.1394 0.1739 0.2863 0.4915 0.4436 0.1659 0.1457 0.2109 0.3687 0.5082 0.3344 0.1412 0.1600 0.2056 0.1600 0.1412 0.3344 0.5082 0.3687 0.2109 0.1457 0.1659 0.4436 0.4915 0.2863 0.1739 0.1394 0.2871 0.5003 0.3996 0.2260 0.1506 0.1532 0.4149 0.5060 0.3098 0.1840 0.1395 0.2385 0.4876 0.4318 0.2432 0.1569 0.1458 0.3790 0.5109 0.3379 0.1970 0.1418 0.1890 0.4651 0.4717 0.2704 0.1684 0.1401 0.3033 0.5019 0.4008 0.2302 0.1535 0.1475 0.3803 0.5111 0.3466
0.5094 0.3702 0.1459 0.1550 0.2340 0.4071 0.5003 0.2972 0.1399 0.1687 0.2704 0.4706 0.4667 0.1928 0.1414 0.1949 0.3329 0.5107 0.3870 0.1471 0.1553 0.2388 0.4237 0.4913 0.2511 0.1393 0.1812 0.3033 0.5032 0.4232 0.1560 0.1492 0.2218 0.3911 0.5029 0.3000 0.1397 0.1715 0.2803 0.4857 0.4505 0.1709 0.1445 0.2072 0.3607 0.5095 0.3454 0.1420 0.1621 0.2495 0.3581 0.2495 0.1621 0.1420 0.3454 0.5095 0.3607 0.2072 0.1445 0.1709 0.4505 0.4857 0.2803 0.1715 0.1397 0.3000 0.5029 0.3911 0.2218 0.1492 0.1560 0.4232 0.5032 0.3033 0.1812 0.1393 0.2511 0.4913 0.4237 0.2388 0.1553 0.1471 0.3870 0.5107 0.3329 0.1949 0.1414 0.1928 0.4667 0.4706 0.2704 0.1687 0.1399 0.2972 0.5003 0.4071 0.2340 0.1550 0.1459 0.3702 0.5094
0.3651 0.1445 0.1567 0.2383 0.4147 0.4979 0.2881 0.1397 0.1698 0.2722 0.4717 0.4667 0.1942 0.1412 0.1936 0.3293 0.5102 0.3935 0.1484 0.1540 0.2349 0.4161 0.4945 0.2633 0.1392 0.1786 0.2970 0.4996 0.4310 0.1591 0.1478 0.2176 0.3827 0.5051 0.3126 0.1401 0.1691 0.2745 0.4792 0.4570 0.1770 0.1434 0.2035 0.3530 0.5104 0.3565 0.1430 0.1608 0.2524 0.4370 0.5078 0.4370 0.2524 0.1608 0.1430 0.3565 0.5104 0.3530 0.2035 0.1434 0.1770 0.4570 0.4792 0.2745 0.1691 0.1401 0.3126 0.5051 0.3827 0.2176 0.1478 0.1591 0.4310 0.4996 0.2970 0.1786 0.1392 0.2633 0.4945 0.4161 0.2349 0.1540 0.1484 0.3935 0.5102 0.3293 0.1936 0.1412 0.1942 0.4667 0.4717 0.2722 0.1698 0.1397 0.2881 0.4979 0.4147 0.2383 0.1567 0.1445 0.3651
0.1553 0.1586 0.2429 0.4229 0.4950 0.2769 0.1395 0.1714 0.2754 0.4749 0.4651 0.1928 0.1412 0.1932 0.3273 0.5099 0.3981 0.1496 0.1529 0.2316 0.4094 0.4972 0.2747 0.1393 0.1761 0.2911 0.4954 0.4383 0.1628 0.1466 0.2137 0.3745 0.5070 0.3250 0.1407 0.1668 0.2689 0.4722 0.4631 0.1843 0.1425 0.2000 0.3453 0.5109 0.3672 0.1442 0.1591 0.2488 0.4394 0.4874 0.3710 0.4874 0.4394 0.2488 0.1591 0.1442 0.3672 0.5109 0.3453 0.2000 0.1425 0.1843 0.4631 0.4722 0.2689 0.1668 0.1407 0.3250 0.5070 0.3745 0.2137 0.1466 0.1628 0.4383 0.4954 0.2911 0.1761 0.1393 0.2747 0.4972 0.4094 0.2316 0.1529 0.1496 0.3981 0.5099 0.3273 0.1932 0.1412 0.1928 0.4651 0.4749 0.2754 0.1714 0.1395 0.2769 0.4950 0.4229 0.2429 0.1586 0.1553
0.1683 0.2479 0.4315 0.4915 0.2646 0.1393 0.1735 0.2797 0.4794 0.4619 0.1890 0.1414 0.1936 0.3273 0.5097 0.4004 0.1503 0.1521 0.2291 0.4038 0.4994 0.2847 0.1394 0.1739 0.2857 0.4907 0.4450 0.1669 0.1454 0.2099 0.3665 0.5086 0.3369 0.1414 0.1646 0.2634 0.4646 0.4688 0.1930 0.1416 0.1966 0.3378 0.5109 0.3776 0.1455 0.1572 0.2442 0.4333 0.4877 0.2574 0.1422 0.2574 0.4877 0.4333 0.2442 0.1572 0.1455 0.3776 0.5109 0.3378 0.1966 0.1416 0.1930 0.4688 0.4646 0.2634 0.1646 0.1414 0.3369 0.5086 0.3665 0.2099 0.1454 0.1669 0.4450 0.4907 0.2857 0.1739 0.1394 0.2847 0.4994 0.4038 0.2291 0.1521 0.1503 0.4004 0.5097 0.3273 0.1936 0.1414 0.1890 0.4619 0.4794 0.2797 0.1735 0.1393 0.2646 0.4915 0.4315 0.2479 0.1683
0.2540 0.4401 0.4877 0.2517 0.1393 0.1758 0.2849 0.4847 0.4574 0.1837 0.1418 0.1949 0.3293 0.5099 0.4004 0.1506 0.1518 0.2276 0.3999 0.5009 0.2929 0.1396 0.1720 0.2809 0.4857 0.4510 0.1716 0.1443 0.2064 0.3589 0.5097 0.3482 0.1423 0.1625 0.2581 0.4567 0.4741 0.2030 0.1409 0.1933 0.3306 0.5105 0.3875 0.1471 0.1555 0.2395 0.4252 0.4907 0.2523 0.1380 0.1517 0.1380 0.2523 0.4907 0.4252 0.2395 0.1555 0.1471 0.3875 0.5105 0.3306 0.1933 0.1409 0.2030 0.4741 0.4567 0.2581 0.1625 0.1423 0.3482 0.5097 0.3589 0.2064 0.1443 0.1716 0.4510 0.4857 0.2809 0.1720 0.1396 0.2929 0.5009 0.3999 0.2276 0.1518 0.1506 0.4004 0.5099 0.3293 0.1949 0.1418 0.1837 0.4574 0.4847 0.2849 0.1758 0.1393 0.2517 0.4877 0.4401 0.2540
0.4411 0.4836 0.2387 0.1393 0.1784 0.2907 0.4901 0.4519 0.1779 0.1425 0.1970 0.3329 0.5102 0.3981 0.1503 0.1518 0.2270 0.3979 0.5018 0.2987 0.1398 0.1705 0.2770 0.4810 0.4561 0.1768 0.1434 0.2031 0.3517 0.5105 0.3589 0.1433 0.1605 0.2530 0.4485 0.4790 0.2141 0.1403 0.1901 0.3235 0.5096 0.3971 0.1488 0.1538 0.2349 0.4167 0.4941 0.2620 0.1390 0.1729 0.2295 0.1729 0.1390 0.2620 0.4941 0.4167 0.2349 0.1538 0.1488 0.3971 0.5096 0.3235 0.1901 0.1403 0.2141 0.4790 0.4485 0.2530 0.1605 0.1433 0.3589 0.5105 0.3517 0.2031 0.1434 0.1768 0.4561 0.4810 0.2770 0.1705 0.1398 0.2987 0.5018 0.3979 0.2270 0.1518 0.1503 0.3981 0.5102 0.3329 0.1970 0.1425 0.1779 0.4519 0.4901 0.2907 0.1784 0.1393 0.2387 0.4836 0.4411
0.4811 0.2261 0.1395 0.1812 0.2968 0.4951 0.4455 0.1722 0.1433 0.1996 0.3379 0.5107 0.3935 0.1496 0.1521 0.2276 0.3979 0.5021 0.3016 0.1399 0.1695 0.2739 0.4769 0.4603 0.1820 0.1426 0.2002 0.3451 0.5109 0.3688 0.1444 0.1587 0.2481 0.4403 0.4834 0.2260 0.1399 0.1870 0.3165 0.5081 0.4062 0.1509 0.1522 0.2304 0.4081 0.4974 0.2743 0.1392 0.1753 0.2813 0.4066 0.2813 0.1753 0.1392 0.2743 0.4974 0.4081 0.2304 0.1522 0.1509 0.4062 0.5081 0.3165 0.1870 0.1399 0.2260 0.4834 0.4403 0.2481 0.1587 0.1444 0.3688 0.5109 0.3451 0.2002 0.1426 0.1820 0.4603 0.4769 0.2739 0.1695 0.1399 0.3016 0.5021 0.3979 0.2276 0.1521 0.1496 0.3935 0.5107 0.3379 0.1996 0.1433 0.1722 0.4455 0.4951 0.2968 0.1812 0.1395 0.2261 0.4811
0.2237 0.1398 0.1840 0.3032 0.4995 0.4386 0.1672 0.1442 0.2027 0.3441 0.5109 0.3870 0.1484 0.1529 0.2291 0.3999 0.5018 0.3016 0.1400 0.1690 0.2721 0.4739 0.4634 0.1867 0.1420 0.1977 0.3393 0.5110 0.3776 0.1456 0.1570 0.2435 0.4322 0.4875 0.2382 0.1395 0.1841 0.3099 0.5060 0.4149 0.1532 0.1506 0.2260 0.3996 0.5003 0.2872 0.1394 0.1737 0.2840 0.4810 0.4977 0.4810 0.2840 0.1737 0.1394 0.2872 0.5003 0.3996 0.2260 0.1506 0.1532 0.4149 0.5060 0.3099 0.1841 0.1395 0.2382 0.4875 0.4322 0.2435 0.1570 0.1456 0.3776 0.5110 0.3393 0.1977 0.1420 0.1867 0.4634 0.4739 0.2721 0.1690 0.1400 0.3016 0.5018 0.3999 0.2291 0.1529 0.1484 0.3870 0.5109 0.3441 0.2027 0.1442 0.1672 0.4386 0.4995 0.3032 0.1840 0.1398 0.2237
0.1515 0.1870 0.3098 0.5031 0.4311 0.1628 0.1453 0.2061 0.3511 0.5109 0.3790 0.1471 0.1540 0.2316 0.4038 0.5009 0.2987 0.1399 0.1690 0.2714 0.4723 0.4653 0.1903 0.1416 0.1958 0.3345 0.5108 0.3852 0.1469 0.1555 0.2393 0.4244 0.4911 0.2505 0.1393 0.1813 0.3035 0.5032 0.4231 0.1559 0.1492 0.2218 0.3911 0.5029 0.3001 0.1397 0.1714 0.2798 0.4833 0.4600 0.3058 0.4600 0.4833 0.2798 0.1714 0.1397 0.3001 0.5029 0.3911 0.2218 0.1492 0.1559 0.4231 0.5032 0.3035 0.1813 0.1393 0.2505 0.4911 0.4244 0.2393 0.1555 0.1469 0.3852 0.5108 0.3345 0.1958 0.1416 0.1903 0.4653 0.4723 0.2714 0.1690 0.1399 0.2987 0.5009 0.4038 0.2316 0.1540 0.1471 0.3790 0.5109 0.3511 0.2061 0.1453 0.1628 0.4311 0.5031 0.3098 0.1870 0.1515
0.1953 0.3166 0.5060 0.4232 0.1591 0.1465 0.2098 0.3585 0.5105 0.3696 0.1458 0.1553 0.2349 0.4094 0.4994 0.2929 0.1398 0.1695 0.2721 0.4723 0.4659 0.1923 0.1414 0.1944 0.3310 0.5104 0.3914 0.1481 0.1542 0.2356 0.4172 0.4942 0.2622 0.1393 0.1787 0.2973 0.4998 0.4307 0.1590 0.1479 0.2177 0.3827 0.5051 0.3126 0.1401 0.1690 0.2744 0.4786 0.4591 0.1901 0.1368 0.1901 0.4591 0.4786 0.2744 0.1690 0.1401 0.3126 0.5051 0.3827 0.2177 0.1479 0.1590 0.4307 0.4998 0.2973 0.1787 0.1393 0.2622 0.4942 0.4172 0.2356 0.1542 0.1481 0.3914 0.5104 0.3310 0.1944 0.1414 0.1923 0.4659 0.4723 0.2721 0.1695 0.1398 0.2929 0.4994 0.4094 0.2349 0.1553 0.1458 0.3696 0.5105 0.3585 0.2098 0.1465 0.1591 0.4232 0.5060 0.3166 0.1953
0.3208 0.5083 0.4149 0.1560 0.1478 0.2136 0.3663 0.5098 0.3593 0.1445 0.1569 0.2388 0.4161 0.4972 0.2847 0.1396 0.1705 0.2739 0.4739 0.4653 0.1923 0.1413 0.1937 0.3288 0.5101 0.3960 0.1491 0.1532 0.2325 0.4108 0.4968 0.2731 0.1393 0.1763 0.2916 0.4957 0.4379 0.1626 0.1466 0.2138 0.3746 0.5070 0.3248 0.1407 0.1668 0.2688 0.4720 0.4636 0.1871 0.1398 0.1625 0.1398 0.1871 0.4636 0.4720 0.2688 0.1668 0.1407 0.3248 0.5070 0.3746 0.2138 0.1466 0.1626 0.4379 0.4957 0.2916 0.1763 0.1393 0.2731 0.4968 0.4108 0.2325 0.1532 0.1491 0.3960 0.5101 0.3288 0.1937 0.1413 0.1923 0.4653 0.4739 0.2739 0.1705 0.1396 0.2847 0.4972 0.4161 0.2388 0.1569 0.1445 0.3593 0.5098 0.3663 0.2136 0.1478 0.1560 0.4149 0.5083 0.3208
0.5068 0.4061 0.1532 0.1492 0.2176 0.3745 0.5086 0.3484 0.1433 0.1586 0.2432 0.4237 0.4945 0.2747 0.1394 0.1720 0.2770 0.4769 0.4634 0.1903 0.1414 0.1937 0.3280 0.5099 0.3988 0.1499 0.1525 0.2300 0.4055 0.4989 0.2828 0.1394 0.1742 0.2863 0.4911 0.4445 0.1666 0.1455 0.2101 0.3668 0.5085 0.3366 0.1414 0.1646 0.2634 0.4646 0.4689 0.1938 0.1411 0.1892 0.2582 0.1892 0.1411 0.1938 0.4689 0.4646 0.2634 0.1646 0.1414 0.3366 0.5085 0.3668 0.2101 0.1455 0.1666 0.4445 0.4911 0.2863 0.1742 0.1394 0.2828 0.4989 0.4055 0.2300 0.1525 0.1499 0.3988 0.5099 0.3280 0.1937 0.1414 0.1903 0.4634 0.4769 0.2770 0.1720 0.1394 0.2747 0.4945 0.4237 0.2432 0.1586 0.1433 0.3484 0.5086 0.3745 0.2176 0.1492 0.1532 0.4061 0.5068
0.4016 0.1509 0.1506 0.2218 0.3827 0.5070 0.3369 0.1423 0.1605 0.2479 0.4318 0.4913 0.2633 0.1393 0.1739 0.2809 0.4810 0.4603 0.1867 0.1416 0.1944 0.3288 0.5099 0.3997 0.1503 0.1520 0.2283 0.4015 0.5004 0.2907 0.1396 0.1724 0.2817 0.4864 0.4504 0.1712 0.1444 0.2066 0.3592 0.5097 0.3478 0.1422 0.1626 0.2582 0.4568 0.4740 0.2032 0.1408 0.1918 0.3186 0.4557 0.3186 0.1918 0.1408 0.2032 0.4740 0.4568 0.2582 0.1626 0.1422 0.3478 0.5097 0.3592 0.2066 0.1444 0.1712 0.4504 0.4864 0.2817 0.1724 0.1396 0.2907 0.5004 0.4015 0.2283 0.1520 0.1503 0.3997 0.5099 0.3288 0.1944 0.1416 0.1867 0.4603 0.4810 0.2809 0.1739 0.1393 0.2633 0.4913 0.4318 0.2479 0.1605 0.1423 0.3369 0.5070 0.3827 0.2218 0.1506 0.1509 0.4016
0.1606 0.1522 0.2260 0.3911 0.5051 0.3250 0.1414 0.1625 0.2529 0.4401 0.4876 0.2511 0.1392 0.1761 0.2857 0.4857 0.4561 0.1820 0.1420 0.1958 0.3310 0.5101 0.3988 0.1503 0.1518 0.2274 0.3990 0.5014 0.2966 0.1397 0.1709 0.2778 0.4819 0.4554 0.1761 0.1435 0.2034 0.3523 0.5105 0.3583 0.1432 0.1606 0.2531 0.4488 0.4788 0.2139 0.1403 0.1898 0.3210 0.5055 0.4773 0.5055 0.3210 0.1898 0.1403 0.2139 0.4788 0.4488 0.2531 0.1606 0.1432 0.3583 0.5105 0.3523 0.2034 0.1435 0.1761 0.4554 0.4819 0.2778 0.1709 0.1397 0.2966 0.5014 0.3990 0.2274 0.1518 0.1503 0.3988 0.5101 0.3310 0.1958 0.1420 0.1820 0.4561 0.4857 0.2857 0.1761 0.1392 0.2511 0.4876 0.4401 0.2529 0.1625 0.1414 0.3250 0.5051 0.3911 0.2260 0.1522 0.1606
0.1624 0.2304 0.3996 0.5029 0.3126 0.1407 0.1646 0.2580 0.4485 0.4835 0.2385 0.1393 0.1786 0.2911 0.4907 0.4510 0.1768 0.1426 0.1977 0.3345 0.5104 0.3960 0.1499 0.1520 0.2274 0.3981 0.5019 0.3003 0.1399 0.1698 0.2747 0.4778 0.4595 0.1810 0.1427 0.2006 0.3459 0.5109 0.3680 0.1443 0.1588 0.2483 0.4407 0.4833 0.2256 0.1399 0.1870 0.3161 0.5072 0.4204 0.2316 0.4204 0.5072 0.3161 0.1870 0.1399 0.2256 0.4833 0.4407 0.2483 0.1588 0.1443 0.3680 0.5109 0.3459 0.2006 0.1427 0.1810 0.4595 0.4778 0.2747 0.1698 0.1399 0.3003 0.5019 0.3981 0.2274 0.1520 0.1499 0.3960 0.5104 0.3345 0.1977 0.1426 0.1768 0.4510 0.4907 0.2911 0.1786 0.1393 0.2385 0.4835 0.4485 0.2580 0.1646 0.1407 0.3126 0.5029 0.3996 0.2304 0.1624
0.2372 0.4082 0.5003 0.3000 0.1401 0.1668 0.2634 0.4567 0.4790 0.2261 0.1395 0.1812 0.2970 0.4954 0.4450 0.1716 0.1434 0.2002 0.3393 0.5108 0.3914 0.1491 0.1525 0.2283 0.3990 0.5019 0.3015 0.1399 0.1692 0.2727 0.4747 0.4627 0.1856 0.1421 0.1981 0.3402 0.5110 0.3766 0.1455 0.1571 0.2438 0.4327 0.4873 0.2376 0.1395 0.1842 0.3099 0.5058 0.4175 0.1571 0.1369 0.1571 0.4175 0.5058 0.3099 0.1842 0.1395 0.2376 0.4873 0.4327 0.2438 0.1571 0.1455 0.3766 0.5110 0.3402 0.1981 0.1421 0.1856 0.4627 0.4747 0.2727 0.1692 0.1399 0.3015 0.5019 0.3990 0.2283 0.1525 0.1491 0.3914 0.5108 0.3393 0.2002 0.1434 0.1716 0.4450 0.4954 0.2970 0.1812 0.1395 0.2261 0.4790 0.4567 0.2634 0.1668 0.1401 0.3000 0.5003 0.4082 0.2372
0.4101 0.4974 0.2871 0.1397 0.1691 0.2689 0.4646 0.4741 0.2141 0.1398 0.1840 0.3033 0.4996 0.4383 0.1669 0.1443 0.2031 0.3451 0.5110 0.3852 0.1481 0.1532 0.2300 0.4015 0.5014 0.3003 0.1399 0.1689 0.2716 0.4727 0.4648 0.1894 0.1417 0.1962 0.3354 0.5108 0.3842 0.1467 0.1557 0.2396 0.4250 0.4909 0.2497 0.1393 0.1814 0.3037 0.5033 0.4234 0.1567 0.1455 0.1765 0.1455 0.1567 0.4234 0.5033 0.3037 0.1814 0.1393 0.2497 0.4909 0.4250 0.2396 0.1557 0.1467 0.3842 0.5108 0.3354 0.1962 0.1417 0.1894 0.4648 0.4727 0.2716 0.1689 0.1399 0.3003 0.5014 0.4015 0.2300 0.1532 0.1481 0.3852 0.5110 0.3451 0.2031 0.1443 0.1669 0.4383 0.4996 0.3033 0.1840 0.1398 0.2141 0.4741 0.4646 0.2689 0.1691 0.1397 0.2871 0.4974 0.4101
0.4952 0.2739 0.1394 0.1715 0.2745 0.4722 0.4688 0.2030 0.1403 0.1870 0.3098 0.5032 0.4310 0.1628 0.1454 0.2064 0.3517 0.5109 0.3776 0.1469 0.1542 0.2325 0.4055 0.5004 0.2966 0.1399 0.1692 0.2716 0.4721 0.4658 0.1918 0.1414 0.1947 0.3317 0.5105 0.3904 0.1479 0.1544 0.2360 0.4179 0.4940 0.2613 0.1393 0.1788 0.2976 0.4999 0.4306 0.1591 0.1472 0.2094 0.2927 0.2094 0.1472 0.1591 0.4306 0.4999 0.2976 0.1788 0.1393 0.2613 0.4940 0.4179 0.2360 0.1544 0.1479 0.3904 0.5105 0.3317 0.1947 0.1414 0.1918 0.4658 0.4721 0.2716 0.1692 0.1399 0.2966 0.5004 0.4055 0.2325 0.1542 0.1469 0.3776 0.5109 0.3517 0.2064 0.1454 0.1628 0.4310 0.5032 0.3098 0.1870 0.1403 0.2030 0.4688 0.4722 0.2745 0.1715 0.1394 0.2739 0.4952
0.2689 0.1393 0.1739 0.2803 0.4792 0.4631 0.1930 0.1409 0.1901 0.3165 0.5060 0.4232 0.1591 0.1466 0.2099 0.3589 0.5105 0.3688 0.1456 0.1555 0.2356 0.4108 0.4989 0.2907 0.1397 0.1698 0.2727 0.4727 0.4658 0.1927 0.1413 0.1938 0.3292 0.5102 0.3951 0.1489 0.1534 0.2329 0.4116 0.4965 0.2720 0.1393 0.1765 0.2919 0.4959 0.4376 0.1625 0.1465 0.2123 0.3619 0.4940 0.3619 0.2123 0.1465 0.1625 0.4376 0.4959 0.2919 0.1765 0.1393 0.2720 0.4965 0.4116 0.2329 0.1534 0.1489 0.3951 0.5102 0.3292 0.1938 0.1413 0.1927 0.4658 0.4727 0.2727 0.1698 0.1397 0.2907 0.4989 0.4108 0.2356 0.1555 0.1456 0.3688 0.5105 0.3589 0.2099 0.1466 0.1591 0.4232 0.5060 0.3165 0.1901 0.1409 0.1930 0.4631 0.4792 0.2803 0.1739 0.1393 0.2689
0.1509 0.1765 0.2863 0.4857 0.4570 0.1843 0.1416 0.1933 0.3235 0.5081 0.4149 0.1560 0.1478 0.2137 0.3665 0.5097 0.3589 0.1444 0.1570 0.2393 0.4172 0.4968 0.2828 0.1396 0.1709 0.2747 0.4747 0.4648 0.1918 0.1413 0.1935 0.3279 0.5099 0.3983 0.1498 0.1526 0.2303 0.4062 0.4986 0.2815 0.1394 0.1744 0.2868 0.4915 0.4441 0.1664 0.1455 0.2099 0.3644 0.5085 0.4454 0.5085 0.3644 0.2099 0.1455 0.1664 0.4441 0.4915 0.2868 0.1744 0.1394 0.2815 0.4986 0.4062 0.2303 0.1526 0.1498 0.3983 0.5099 0.3279 0.1935 0.1413 0.1918 0.4648 0.4747 0.2747 0.1709 0.1396 0.2828 0.4968 0.4172 0.2393 0.1570 0.1444 0.3589 0.5097 0.3665 0.2137 0.1478 0.1560 0.4149 0.5081 0.3235 0.1933 0.1416 0.1843 0.4570 0.4857 0.2863 0.1765 0.1509
0.1853 0.2925 0.4915 0.4505 0.1770 0.1425 0.1966 0.3306 0.5096 0.4062 0.1532 0.1492 0.2176 0.3745 0.5086 0.3482 0.1433 0.1587 0.2435 0.4244 0.4942 0.2731 0.1394 0.1724 0.2778 0.4778 0.4627 0.1894 0.1414 0.1938 0.3279 0.5098 0.4000 0.1503 0.1520 0.2285 0.4019 0.5002 0.2897 0.1395 0.1726 0.2822 0.4870 0.4498 0.1708 0.1445 0.2067 0.3591 0.5096 0.3662 0.1722 0.3662 0.5096 0.3591 0.2067 0.1445 0.1708 0.4498 0.4870 0.2822 0.1726 0.1395 0.2897 0.5002 0.4019 0.2285 0.1520 0.1503 0.4000 0.5098 0.3279 0.1938 0.1414 0.1894 0.4627 0.4778 0.2778 0.1724 0.1394 0.2731 0.4942 0.4244 0.2435 0.1587 0.1433 0.3482 0.5086 0.3745 0.2176 0.1492 0.1532 0.4062 0.5096 0.3306 0.1966 0.1425 0.1770 0.4505 0.4915 0.2925 0.1853
0.2973 0.4966 0.4436 0.1709 0.1434 0.2000 0.3378 0.5105 0.3971 0.1509 0.1506 0.2218 0.3827 0.5070 0.3369 0.1423 0.1605 0.2481 0.4322 0.4911 0.2622 0.1393 0.1742 0.2817 0.4819 0.4595 0.1856 0.1417 0.1947 0.3292 0.5099 0.4000 0.1505 0.1518 0.2274 0.3991 0.5014 0.2961 0.1397 0.1711 0.2783 0.4825 0.4548 0.1755 0.1436 0.2036 0.3526 0.5104 0.3612 0.1441 0.1405 0.1441 0.3612 0.5104 0.3526 0.2036 0.1436 0.1755 0.4548 0.4825 0.2783 0.1711 0.1397 0.2961 0.5014 0.3991 0.2274 0.1518 0.1505 0.4000 0.5099 0.3292 0.1947 0.1417 0.1856 0.4595 0.4819 0.2817 0.1742 0.1393 0.2622 0.4911 0.4322 0.2481 0.1605 0.1423 0.3369 0.5070 0.3827 0.2218 0.1506 0.1509 0.3971 0.5105 0.3378 0.2000 0.1434 0.1709 0.4436 0.4966 0.2973
0.4958 0.4364 0.1659 0.1445 0.2035 0.3453 0.5109 0.3875 0.1488 0.1522 0.2260 0.3911 0.5051 0.3250 0.1414 0.1625 0.2530 0.4403 0.4875 0.2505 0.1393 0.1763 0.2863 0.4864 0.4554 0.1810 0.1421 0.1962 0.3317 0.5102 0.3983 0.1503 0.1518 0.2270 0.3976 0.5020 0.3003 0.1399 0.1699 0.2750 0.4783 0.4590 0.1804 0.1428 0.2008 0.3463 0.5108 0.3681 0.1445 0.1543 0.1944 0.1543 0.1445 0.3681 0.5108 0.3463 0.2008 0.1428 0.1804 0.4590 0.4783 0.2750 0.1699 0.1399 0.3003 0.5020 0.3976 0.2270 0.1518 0.1503 0.3983 0.5102 0.3317 0.1962 0.1421 0.1810 0.4554 0.4864 0.2863 0.1763 0.1393 0.2505 0.4875 0.4403 0.2530 0.1625 0.1414 0.3250 0.5051 0.3911 0.2260 0.1522 0.1488 0.3875 0.5109 0.3453 0.2035 0.1445 0.1659 0.4364 0.4958
0.4326 0.1617 0.1457 0.2072 0.3530 0.5109 0.3775 0.1471 0.1538 0.2304 0.3996 0.5029 0.3126 0.1407 0.1646 0.2581 0.4485 0.4834 0.2382 0.1393 0.1787 0.2916 0.4911 0.4504 0.1761 0.1427 0.1981 0.3354 0.5105 0.3951 0.1498 0.1520 0.2274 0.3976 0.5022 0.3024 0.1400 0.1691 0.2726 0.4749 0.4624 0.1852 0.1422 0.1984 0.3407 0.5110 0.3761 0.1455 0.1564 0.2347 0.3343 0.2347 0.1564 0.1455 0.3761 0.5110 0.3407 0.1984 0.1422 0.1852 0.4624 0.4749 0.2726 0.1691 0.1400 0.3024 0.5022 0.3976 0.2274 0.1520 0.1498 0.3951 0.5105 0.3354 0.1981 0.1427 0.1761 0.4504 0.4911 0.2916 0.1787 0.1393 0.2382 0.4834 0.4485 0.2581 0.1646 0.1407 0.3126 0.5029 0.3996 0.2304 0.1538 0.1471 0.3775 0.5109 0.3530 0.2072 0.1457 0.1617 0.4326
0.1697 0.1469 0.2109 0.3608 0.5104 0.3671 0.1455 0.1555 0.2349 0.4082 0.5003 0.3000 0.1401 0.1668 0.2634 0.4567 0.4790 0.2260 0.1395 0.1813 0.2973 0.4957 0.4445 0.1712 0.1435 0.2006 0.3402 0.5108 0.3904 0.1489 0.1526 0.2285 0.3991 0.5020 0.3024 0.1400 0.1687 0.2712 0.4725 0.4648 0.1893 0.1417 0.1963 0.3359 0.5108 0.3835 0.1466 0.1556 0.2383 0.4119 0.5082 0.4119 0.2383 0.1556 0.1466 0.3835 0.5108 0.3359 0.1963 0.1417 0.1893 0.4648 0.4725 0.2712 0.1687 0.1400 0.3024 0.5020 0.3991 0.2285 0.1526 0.1489 0.3904 0.5108 0.3402 0.2006 0.1435 0.1712 0.4445 0.4957 0.2973 0.1813 0.1395 0.2260 0.4790 0.4567 0.2634 0.1668 0.1401 0.3000 0.5003 0.4082 0.2349 0.1555 0.1455 0.3671 0.5104 0.3608 0.2109 0.1469 0.1697
0.1577 0.2149 0.3688 0.5094 0.3563 0.1441 0.1573 0.2396 0.4168 0.4973 0.2871 0.1397 0.1691 0.2689 0.4646 0.4741 0.2141 0.1399 0.1841 0.3035 0.4998 0.4379 0.1666 0.1444 0.2034 0.3459 0.5110 0.3842 0.1479 0.1534 0.2303 0.4019 0.5014 0.3003 0.1400 0.1687 0.2708 0.4712 0.4663 0.1923 0.1414 0.1947 0.3318 0.5105 0.3899 0.1478 0.1545 0.2360 0.4157 0.4970 0.3985 0.4970 0.4157 0.2360 0.1545 0.1478 0.3899 0.5105 0.3318 0.1947 0.1414 0.1923 0.4663 0.4712 0.2708 0.1687 0.1400 0.3003 0.5014 0.4019 0.2303 0.1534 0.1479 0.3842 0.5110 0.3459 0.2034 0.1444 0.1666 0.4379 0.4998 0.3035 0.1841 0.1399 0.2141 0.4741 0.4646 0.2689 0.1691 0.1397 0.2871 0.4973 0.4168 0.2396 0.1573 0.1441 0.3563 0.5094 0.3688 0.2149 0.1577
0.2221 0.3770 0.5081 0.3451 0.1430 0.1591 0.2444 0.4255 0.4941 0.2740 0.1394 0.1715 0.2745 0.4722 0.4688 0.2030 0.1403 0.1870 0.3099 0.5032 0.4307 0.1626 0.1455 0.2066 0.3523 0.5109 0.3766 0.1467 0.1544 0.2329 0.4062 0.5002 0.2961 0.1399 0.1691 0.2712 0.4712 0.4667 0.1939 0.1412 0.1936 0.3288 0.5101 0.3951 0.1489 0.1534 0.2331 0.4116 0.4970 0.2931 0.1475 0.2931 0.4970 0.4116 0.2331 0.1534 0.1489 0.3951 0.5101 0.3288 0.1936 0.1412 0.1939 0.4667 0.4712 0.2712 0.1691 0.1399 0.2961 0.5002 0.4062 0.2329 0.1544 0.1467 0.3766 0.5109 0.3523 0.2066 0.1455 0.1626 0.4307 0.5032 0.3099 0.1870 0.1403 0.2030 0.4688 0.4722 0.2745 0.1715 0.1394 0.2740 0.4941 0.4255 0.2444 0.1591 0.1430 0.3451 0.5081 0.3770 0.2221
0.3796 0.5066 0.3334 0.1420 0.1611 0.2493 0.4341 0.4904 0.2608 0.1393 0.1739 0.2803 0.4792 0.4631 0.1930 0.1409 0.1901 0.3165 0.5060 0.4231 0.1590 0.1466 0.2101 0.3592 0.5105 0.3680 0.1455 0.1557 0.2360 0.4116 0.4986 0.2897 0.1397 0.1699 0.2726 0.4725 0.4663 0.1939 0.1412 0.1930 0.3271 0.5098 0.3990 0.1498 0.1526 0.2305 0.4065 0.4986 0.2848 0.1386 0.1477 0.1386 0.2848 0.4986 0.4065 0.2305 0.1526 0.1498 0.3990 0.5098 0.3271 0.1930 0.1412 0.1939 0.4663 0.4725 0.2726 0.1699 0.1397 0.2897 0.4986 0.4116 0.2360 0.1557 0.1455 0.3680 0.5105 0.3592 0.2101 0.1466 0.1590 0.4231 0.5060 0.3165 0.1901 0.1409 0.1930 0.4631 0.4792 0.2803 0.1739 0.1393 0.2608 0.4904 0.4341 0.2493 0.1611 0.1420 0.3334 0.5066 0.3796
0.5047 0.3212 0.1412 0.1631 0.2544 0.4426 0.4865 0.2477 0.1393 0.1765 0.2863 0.4857 0.4570 0.1843 0.1416 0.1933 0.3235 0.5081 0.4149 0.1559 0.1479 0.2138 0.3668 0.5097 0.3583 0.1443 0.1571 0.2396 0.4179 0.4965 0.2815 0.1395 0.1711 0.2750 0.4749 0.4648 0.1923 0.1412 0.1930 0.3265 0.5096 0.4013 0.1505 0.1519 0.2283 0.4019 0.5002 0.2899 0.1394 0.1671 0.2186 0.1671 0.1394 0.2899 0.5002 0.4019 0.2283 0.1519 0.1505 0.4013 0.5096 0.3265 0.1930 0.1412 0.1923 0.4648 0.4749 0.2750 0.1711 0.1395 0.2815 0.4965 0.4179 0.2396 0.1571 0.1443 0.3583 0.5097 0.3668 0.2138 0.1479 0.1559 0.4149 0.5081 0.3235 0.1933 0.1416 0.1843 0.4570 0.4857 0.2863 0.1765 0.1393 0.2477 0.4865 0.4426 0.2544 0.1631 0.1412 0.3212 0.5047
0.3156 0.1405 0.1652 0.2596 0.4510 0.4822 0.2349 0.1394 0.1792 0.2924 0.4915 0.4505 0.1770 0.1425 0.1966 0.3306 0.5096 0.4062 0.1532 0.1492 0.2177 0.3746 0.5085 0.3478 0.1432 0.1588 0.2438 0.4250 0.4940 0.2720 0.1394 0.1726 0.2783 0.4783 0.4624 0.1893 0.1414 0.1936 0.3271 0.5096 0.4020 0.1509 0.1515 0.2269 0.3984 0.5015 0.2962 0.1397 0.1702 0.2683 0.3866 0.2683 0.1702 0.1397 0.2962 0.5015 0.3984 0.2269 0.1515 0.1509 0.4020 0.5096 0.3271 0.1936 0.1414 0.1893 0.4624 0.4783 0.2783 0.1726 0.1394 0.2720 0.4940 0.4250 0.2438 0.1588 0.1432 0.3478 0.5085 0.3746 0.2177 0.1492 0.1532 0.4062 0.5096 0.3306 0.1966 0.1425 0.1770 0.4505 0.4915 0.2924 0.1792 0.1394 0.2349 0.4822 0.4510 0.2596 0.1652 0.1405 0.3156
0.1519 0.1675 0.2650 0.4591 0.4775 0.2224 0.1396 0.1820 0.2987 0.4965 0.4436 0.1709 0.1434 0.2000 0.3378 0.5105 0.3971 0.1509 0.1506 0.2218 0.3827 0.5070 0.3366 0.1422 0.1606 0.2483 0.4327 0.4909 0.2613 0.1393 0.1744 0.2822 0.4825 0.4590 0.1852 0.1417 0.1947 0.3288 0.5098 0.4013 0.1509 0.1514 0.2262 0.3963 0.5023 0.3012 0.1399 0.1697 0.2733 0.4670 0.5027 0.4671 0.2733 0.1697 0.1399 0.3013 0.5023 0.3963 0.2262 0.1514 0.1509 0.4013 0.5098 0.3288 0.1947 0.1417 0.1852 0.4590 0.4825 0.2822 0.1744 0.1393 0.2613 0.4909 0.4327 0.2483 0.1606 0.1422 0.3366 0.5070 0.3827 0.2218 0.1506 0.1509 0.3971 0.5105 0.3378 0.2000 0.1434 0.1709 0.4436 0.4965 0.2987 0.1820 0.1396 0.2224 0.4775 0.4591 0.2650 0.1675 0.1519
0.1766 0.2706 0.4669 0.4725 0.2107 0.1400 0.1849 0.3052 0.5007 0.4364 0.1659 0.1445 0.2035 0.3453 0.5109 0.3875 0.1488 0.1522 0.2260 0.3911 0.5051 0.3248 0.1414 0.1626 0.2531 0.4407 0.4873 0.2497 0.1393 0.1765 0.2868 0.4870 0.4548 0.1804 0.1422 0.1963 0.3318 0.5101 0.3990 0.1505 0.1515 0.2262 0.3956 0.5028 0.3044 0.1400 0.1690 0.2724 0.4724 0.4699 0.3283 0.4694 0.4727 0.2721 0.1691 0.1400 0.3041 0.5027 0.3956 0.2262 0.1515 0.1505 0.3990 0.5101 0.3318 0.1963 0.1422 0.1804 0.4548 0.4870 0.2868 0.1765 0.1393 0.2497 0.4873 0.4407 0.2531 0.1626 0.1414 0.3248 0.5051 0.3911 0.2260 0.1522 0.1488 0.3875 0.5109 0.3453 0.2035 0.1445 0.1659 0.4364 0.5007 0.3052 0.1849 0.1400 0.2107 0.4725 0.4669 0.2706 0.1766
0.2761 0.4745 0.4671 0.1999 0.1405 0.1879 0.3118 0.5041 0.4287 0.1617 0.1457 0.2072 0.3530 0.5109 0.3776 0.1471 0.1538 0.2304 0.3996 0.5029 0.3126 0.1407 0.1646 0.2582 0.4488 0.4833 0.2376 0.1393 0.1788 0.2919 0.4915 0.4498 0.1755 0.1428 0.1984 0.3359 0.5105 0.3951 0.1498 0.1519 0.2269 0.3963 0.5028 0.3021 0.1399 0.1682 0.2704 0.4743 0.4658 0.2075 0.1380 0.1981 0.4675 0.4693 0.2730 0.1688 0.1401 0.3015 0.5024 0.3963 0.2269 0.1519 0.1498 0.3951 0.5105 0.3359 0.1984 0.1428 0.1755 0.4498 0.4915 0.2919 0.1788 0.1393 0.2376 0.4833 0.4488 0.2582 0.1646 0.1407 0.3126 0.5029 0.3996 0.2304 0.1538 0.1471 0.3776 0.5109 0.3530 0.2072 0.1457 0.1617 0.4287 0.5041 0.3118 0.1879 0.1405 0.1999 0.4671 0.4745 0.2761
0.4745 0.4614 0.1902 0.1411 0.1910 0.3186 0.5067 0.4207 0.1582 0.1469 0.2109 0.3607 0.5104 0.3672 0.1455 0.1555 0.2349 0.4081 0.5003 0.3001 0.1401 0.1668 0.2634 0.4568 0.4788 0.2256 0.1395 0.1814 0.2976 0.4959 0.4441 0.1708 0.1436 0.2008 0.3407 0.5108 0.3899 0.1489 0.1526 0.2283 0.3984 0.5023 0.3046 0.1397 0.1685 0.2663 0.4680 0.4650 0.1903 0.1390 0.1600 0.1391 0.1969 0.4673 0.4709 0.2713 0.1691 0.1399 0.3050 0.5023 0.3984 0.2283 0.1526 0.1489 0.3899 0.5108 0.3407 0.2008 0.1436 0.1708 0.4441 0.4959 0.2976 0.1814 0.1395 0.2256 0.4788 0.4568 0.2634 0.1668 0.1401 0.3001 0.5003 0.4081 0.2349 0.1555 0.1455 0.3672 0.5104 0.3607 0.2109 0.1469 0.1582 0.4207 0.5067 0.3186 0.1910 0.1411 0.1902 0.4614 0.4745
0.4582 0.1820 0.1418 0.1942 0.3255 0.5086 0.4124 0.1551 0.1482 0.2148 0.3687 0.5095 0.3565 0.1442 0.1572 0.2395 0.4167 0.4974 0.2872 0.1397 0.1690 0.2688 0.4646 0.4740 0.2139 0.1399 0.1842 0.3037 0.4999 0.4376 0.1664 0.1445 0.2036 0.3463 0.5110 0.3835 0.1478 0.1534 0.2305 0.4019 0.5014 0.3013 0.1400 0.1672 0.2690 0.4687 0.4688 0.1951 0.1410 0.1872 0.2536 0.1876 0.1411 0.1948 0.4643 0.4745 0.2696 0.1678 0.1404 0.3015 0.5014 0.4019 0.2305 0.1534 0.1478 0.3835 0.5110 0.3463 0.2036 0.1445 0.1664 0.4376 0.4999 0.3037 0.1842 0.1399 0.2139 0.4740 0.4646 0.2688 0.1690 0.1397 0.2872 0.4974 0.4167 0.2395 0.1572 0.1442 0.3565 0.5095 0.3687 0.2148 0.1482 0.1551 0.4124 0.5086 0.3255 0.1942 0.1418 0.1820 0.4582
0.1862 0.1427 0.1975 0.3325 0.5099 0.4037 0.1526 0.1496 0.2187 0.3767 0.5082 0.3454 0.1430 0.1591 0.2442 0.4252 0.4941 0.2743 0.1394 0.1714 0.2744 0.4720 0.4689 0.2032 0.1403 0.1870 0.3099 0.5033 0.4306 0.1625 0.1455 0.2067 0.3526 0.5108 0.3761 0.1466 0.1545 0.2331 0.4065 0.5002 0.2962 0.1399 0.1689 0.2711 0.4620 0.4695 0.1942 0.1412 0.1931 0.3178 0.4513 0.3205 0.1929 0.1414 0.1934 0.4668 0.4689 0.2672 0.1679 0.1398 0.2962 0.5002 0.4065 0.2331 0.1545 0.1466 0.3761 0.5108 0.3526 0.2067 0.1455 0.1625 0.4306 0.5033 0.3099 0.1870 0.1403 0.2032 0.4689 0.4720 0.2744 0.1714 0.1394 0.2743 0.4941 0.4252 0.2442 0.1591 0.1430 0.3454 0.5082 0.3767 0.2187 0.1496 0.1526 0.4037 0.5099 0.3325 0.1975 0.1427 0.1862
0.1539 0.2006 0.3394 0.5106 0.3951 0.1504 0.1509 0.2226 0.3845 0.5066 0.3344 0.1420 0.1608 0.2488 0.4333 0.4907 0.2620 0.1392 0.1737 0.2798 0.4786 0.4636 0.1938 0.1408 0.1898 0.3161 0.5058 0.4234 0.1591 0.1465 0.2099 0.3591 0.5104 0.3681 0.1455 0.1556 0.2360 0.4116 0.4986 0.2899 0.1397 0.1697 0.2723 0.4760 0.4680 0.1968 0.1408 0.1927 0.3222 0.5061 0.4761 0.5060 0.3242 0.1925 0.1412 0.1952 0.4659 0.4716 0.2716 0.1696 0.1397 0.2899 0.4986 0.4116 0.2360 0.1556 0.1455 0.3681 0.5104 0.3591 0.2099 0.1465 0.1591 0.4234 0.5058 0.3161 0.1898 0.1408 0.1938 0.4636 0.4786 0.2798 0.1737 0.1392 0.2620 0.4907 0.4333 0.2488 0.1608 0.1420 0.3344 0.5066 0.3845 0.2226 0.1509 0.1504 0.3951 0.5106 0.3394 0.2006 0.1539
0.2071 0.3448 0.5106 0.3880 0.1487 0.1518 0.2255 0.3906 0.5049 0.3255 0.1412 0.1621 0.2524 0.4394 0.4877 0.2523 0.1390 0.1753 0.2840 0.4833 0.4591 0.1871 0.1411 0.1918 0.3210 0.5072 0.4175 0.1567 0.1472 0.2123 0.3644 0.5096 0.3612 0.1445 0.1564 0.2383 0.4157 0.4970 0.2848 0.1394 0.1702 0.2733 0.4728 0.4650 0.1954 0.1411 0.1916 0.3226 0.5082 0.4143 0.2227 0.4193 0.5079 0.3239 0.1910 0.1408 0.1960 0.4664 0.4723 0.2734 0.1702 0.1394 0.2848 0.4970 0.4157 0.2383 0.1564 0.1445 0.3612 0.5096 0.3644 0.2123 0.1472 0.1567 0.4175 0.5072 0.3210 0.1918 0.1411 0.1871 0.4591 0.4833 0.2840 0.1753 0.1390 0.2523 0.4877 0.4394 0.2524 0.1621 0.1412 0.3255 0.5049 0.3906 0.2255 0.1518 0.1487 0.3880 0.5106 0.3448 0.2071
0.3380 0.5094 0.3919 0.1486 0.1500 0.2226 0.3884 0.5040 0.3304 0.1405 0.1600 0.2495 0.4370 0.4874 0.2574 0.1380 0.1729 0.2813 0.4810 0.4600 0.1901 0.1398 0.1892 0.3186 0.5055 0.4204 0.1571 0.1455 0.2094 0.3619 0.5085 0.3662 0.1441 0.1543 0.2347 0.4119 0.4970 0.2931 0.1386 0.1671 0.2683 0.4670 0.4697 0.2010 0.1392 0.1885 0.3162 0.5056 0.4225 0.1583 0.1355 0.1576 0.4155 0.5060 0.3122 0.1859 0.1388 0.2078 0.4682 0.4672 0.2683 0.1671 0.1386 0.2931 0.4970 0.4119 0.2347 0.1543 0.1441 0.3662 0.5085 0.3619 0.2094 0.1455 0.1571 0.4204 0.5055 0.3186 0.1892 0.1398 0.1901 0.4600 0.4810 0.2813 0.1729 0.1380 0.2574 0.4874 0.4370 0.2495 0.1600 0.1405 0.3304 0.5040 0.3884 0.2226 0.1500 0.1486 0.3919 0.5094 0.3380
0.4753 0.4603 0.1932 0.1384 0.1859 0.3147 0.5047 0.4223 0.1562 0.1437 0.2056 0.3581 0.5078 0.3710 0.1422 0.1517 0.2295 0.4066 0.4977 0.3058 0.1368 0.1625 0.2582 0.4557 0.4773 0.2316 0.1369 0.1765 0.2927 0.4940 0.4454 0.1722 0.1405 0.1944 0.3343 0.5082 0.3985 0.1475 0.1477 0.2186 0.3866 0.5027 0.3286 0.1379 0.1590 0.2533 0.4508 0.4804 0.2317 0.1357 0.1497 0.1355 0.2303 0.4770 0.4522 0.2520 0.1591 0.1374 0.3244 0.5027 0.3866 0.2186 0.1477 0.1475 0.3985 0.5082 0.3343 0.1944 0.1405 0.1722 0.4454 0.4940 0.2927 0.1765 0.1369 0.2316 0.4773 0.4557 0.2582 0.1625 0.1368 0.3058 0.4977 0.4066 0.2295 0.1517 0.1422 0.3710 0.5078 0.3581 0.2056 0.1437 0.1562 0.4223 0.5047 0.3147 0.1859 0.1384 0.1932 0.4603 0.4753
0.3380 0.5094 0.3919 0.1486 0.1500 0.2226 0.3884 0.5040 0.3304 0.1405 0.1600 0.2495 0.4370 0.4874 0.2574 0.1380 0.1729 0.2813 0.4810 0.4600 0.1901 0.1398 0.1892 0.3186 0.5055 0.4204 0.1571 0.1455 0.2094 0.3619 0.5085 0.3662 0.1441 0.1543 0.2347 0.4119 0.4970 0.2931 0.1386 0.1671 0.2683 0.4669 0.4698 0.2107 0.1388 0.1862 0.3131 0.5061 0.4147 0.1584 0.1354 0.1575 0.4175 0.5057 0.3187 0.1886 0.1392 0.2020 0.4668 0.4673 0.2683 0.1671 0.1386 0.2931 0.4970 0.4119 0.2347 0.1543 0.1441 0.3662 0.5085 0.3619 0.2094 0.1455 0.1571 0.4204 0.5055 0.3186 0.1892 0.1398 0.1901 0.4600 0.4810 0.2813 0.1729 0.1380 0.2574 0.4874 0.4370 0.2495 0.1600 0.1405 0.3304 0.5040 0.3884 0.2226 0.1500 0.1486 0.3919 0.5094 0.3380
0.2071 0.3448 0.5106 0.3880 0.1487 0.1518 0.2255 0.3906 0.5049 0.3255 0.1412 0.1621 0.2524 0.4394 0.4877 0.2523 0.1390 0.1753 0.2840 0.4833 0.4591 0.1871 0.1411 0.1918 0.3210 0.5072 0.4175 0.1567 0.1472 0.2123 0.3644 0.5096 0.3612 0.1445 0.1564 0.2383 0.4157 0.4970 0.2848 0.1394 0.1702 0.2733 0.4724 0.4666 0.1968 0.1408 0.1924 0.3225 0.5084 0.4192 0.2358 0.4142 0.5088 0.3266 0.1934 0.1410 0.1970 0.4656 0.4751 0.2734 0.1702 0.1394 0.2848 0.4970 0.4157 0.2383 0.1564 0.1445 0.3612 0.5096 0.3644 0.2123 0.1472 0.1567 0.4175 0.5072 0.3210 0.1918 0.1411 0.1871 0.4591 0.4833 0.2840 0.1753 0.1390 0.2523 0.4877 0.4394 0.2524 0.1621 0.1412 0.3255 0.5049 0.3906 0.2255 0.1518 0.1487 0.3880 0.5106 0.3448 0.2071
0.1539 0.2006 0.3394 0.5106 0.3951 0.1504 0.1509 0.2226 0.3845 0.5066 0.3344 0.1420 0.1608 0.2488 0.4333 0.4907 0.2620 0.1392 0.1737 0.2798 0.4786 0.4636 0.1938 0.1408 0.1898 0.3161 0.5058 0.4234 0.1591 0.1465 0.2099 0.3591 0.5104 0.3681 0.1455 0.1556 0.2360 0.4116 0.4986 0.2899 0.1397 0.1697 0.2722 0.4726 0.4691 0.1946 0.1413 0.1914 0.3250 0.5060 0.4793 0.5064 0.3240 0.1926 0.1414 0.2012 0.4657 0.4760 0.2713 0.1696 0.1397 0.2899 0.4986 0.4116 0.2360 0.1556 0.1455 0.3681 0.5104 0.3591 0.2099 0.1465 0.1591 0.4234 0.5058 0.3161 0.1898 0.1408 0.1938 0.4636 0.4786 0.2798 0.1737 0.1392 0.2620 0.4907 0.4333 0.2488 0.1608 0.1420 0.3344 0.5066 0.3845 0.2226 0.1509 0.1504 0.3951 0.5106 0.3394 0.2006 0.1539
0.1862 0.1427 0.1975 0.3325 0.5099 0.4037 0.1526 0.1496 0.2187 0.3767 0.5082 0.3454 0.1430 0.1591 0.2442 0.4252 0.4941 0.2743 0.1394 0.1714 0.2744 0.4720 0.4689 0.2032 0.1403 0.1870 0.3099 0.5033 0.4306 0.1625 0.1455 0.2067 0.3526 0.5108 0.3761 0.1466 0.1545 0.2331 0.4065 0.5002 0.2962 0.1399 0.1690 0.2726 0.4699 0.4684 0.1982 0.1411 0.1915 0.3194 0.4539 0.3157 0.1913 0.1408 0.1952 0.4663 0.4726 0.2729 0.1689 0.1398 0.2961 0.5002 0.4065 0.2331 0.1545 0.1466 0.3761 0.5108 0.3526 0.2067 0.1455 0.1625 0.4306 0.5033 0.3099 0.1870 0.1403 0.2032 0.4689 0.4720 0.2744 0.1714 0.1394 0.2743 0.4941 0.4252 0.2442 0.1591 0.1430 0.3454 0.5082 0.3767 0.2187 0.1496 0.1526 0.4037 0.5099 0.3325 0.1975 0.1427 0.1862
0.4582 0.1820 0.1418 0.1942 0.3255 0.5086 0.4124 0.1551 0.1482 0.2148 0.3687 0.5095 0.3565 0.1442 0.1572 0.2395 0.4167 0.4974 0.2872 0.1397 0.1690 0.2688 0.4646 0.4740 0.2139 0.1399 0.1842 0.3037 0.4999 0.4376 0.1664 0.1445 0.2036 0.3463 0.5110 0.3835 0.1478 0.1534 0.2305 0.4019 0.5014 0.3013 0.1400 0.1680 0.2680 0.4700 0.4674 0.2010 0.1405 0.1873 0.2543 0.1863 0.1406 0.1938 0.4662 0.4731 0.2720 0.1699 0.1400 0.3007 0.5014 0.4019 0.2305 0.1534 0.1478 0.3835 0.5110 0.3463 0.2036 0.1445 0.1664 0.4376 0.4999 0.3037 0.1842 0.1399 0.2139 0.4740 0.4646 0.2688 0.1690 0.1397 0.2872 0.4974 0.4167 0.2395 0.1572 0.1442 0.3565 0.5095 0.3687 0.2148 0.1482 0.1551 0.4124 0.5086 0.3255 0.1942 0.1418 0.1820 0.4582
