1.0000 1.0000 0.0004 0.0054 0.0654 0.7914 1.0000 0.0001 0.0013 0.0159 0.1923 1.0000 1.0000 0.0003 0.0039 0.0466 0.5641 1.0000 0.0001 0.0009 0.0113 0.1368 1.0000 1.0000 0.0002 0.0027 0.0332 0.4014 1.0000 0.0001 0.0007 0.0080 0.0973 1.0000 1.0000 0.0002 0.0020 0.0236 0.2856 1.0000 1.0000 0.0005 0.0057 0.0692 0.8395 1.0000 0.0001 0.0014 0.0162 0.1738 0.8687 0.1738 0.0162 0.0014 0.0001 1.0000 0.8395 0.0692 0.0057 0.0005 1.0000 1.0000 0.2856 0.0236 0.0020 0.0002 1.0000 1.0000 0.0973 0.0080 0.0007 0.0001 1.0000 0.4014 0.0332 0.0027 0.0002 1.0000 1.0000 0.1368 0.0113 0.0009 0.0001 1.0000 0.5641 0.0466 0.0039 0.0003 1.0000 1.0000 0.1923 0.0159 0.0013 0.0001 1.0000 0.7914 0.0654 0.0054 0.0004 1.0000 1.0000
1.0000 0.0005 0.0055 0.0658 0.7929 1.0000 0.0001 0.0013 0.0158 0.1912 1.0000 1.0000 0.0003 0.0038 0.0464 0.5609 1.0000 0.0001 0.0009 0.0112 0.1360 1.0000 1.0000 0.0002 0.0027 0.0330 0.3991 1.0000 1.0000 0.0007 0.0080 0.0968 1.0000 1.0000 0.0002 0.0019 0.0235 0.2839 1.0000 1.0000 0.0005 0.0057 0.0688 0.8331 1.0000 0.0001 0.0014 0.0165 0.1952 1.0000 1.0000 1.0000 0.1952 0.0165 0.0014 0.0001 1.0000 0.8331 0.0688 0.0057 0.0005 1.0000 1.0000 0.2839 0.0235 0.0019 0.0002 1.0000 1.0000 0.0968 0.0080 0.0007 1.0000 1.0000 0.3991 0.0330 0.0027 0.0002 1.0000 1.0000 0.1360 0.0112 0.0009 0.0001 1.0000 0.5609 0.0464 0.0038 0.0003 1.0000 1.0000 0.1912 0.0158 0.0013 0.0001 1.0000 0.7929 0.0658 0.0055 0.0005 1.0000
0.0004 0.0055 0.0636 0.7504 1.0000 0.0001 0.0012 0.0145 0.1752 1.0000 1.0000 0.0003 0.0035 0.0422 0.5110 1.0000 0.0001 0.0008 0.0102 0.1239 1.0000 1.0000 0.0002 0.0025 0.0300 0.3636 1.0000 1.0000 0.0006 0.0073 0.0882 1.0000 1.0000 0.0001 0.0018 0.0214 0.2587 1.0000 1.0000 0.0004 0.0052 0.0627 0.7604 1.0000 0.0001 0.0013 0.0152 0.1826 1.0000 1.0000 0.0001 1.0000 1.0000 0.1826 0.0152 0.0013 0.0001 1.0000 0.7604 0.0627 0.0052 0.0004 1.0000 1.0000 0.2587 0.0214 0.0018 0.0001 1.0000 1.0000 0.0882 0.0073 0.0006 1.0000 1.0000 0.3636 0.0300 0.0025 0.0002 1.0000 1.0000 0.1239 0.0102 0.0008 0.0001 1.0000 0.5110 0.0422 0.0035 0.0003 1.0000 1.0000 0.1752 0.0145 0.0012 0.0001 1.0000 0.7504 0.0636 0.0055 0.0004
0.0054 0.0658 0.7504 1.0000 0.0001 0.0011 0.0135 0.1617 1.0000 1.0000 0.0003 0.0032 0.0386 0.4673 1.0000 0.0001 0.0008 0.0093 0.1131 1.0000 1.0000 0.0002 0.0023 0.0274 0.3319 1.0000 1.0000 0.0005 0.0066 0.0805 0.9737 1.0000 0.0001 0.0016 0.0195 0.2361 1.0000 1.0000 0.0004 0.0047 0.0573 0.6928 1.0000 0.0001 0.0011 0.0139 0.1677 1.0000 1.0000 0.0002 0.0012 0.0002 1.0000 1.0000 0.1677 0.0139 0.0011 0.0001 1.0000 0.6928 0.0573 0.0047 0.0004 1.0000 1.0000 0.2361 0.0195 0.0016 0.0001 1.0000 0.9737 0.0805 0.0066 0.0005 1.0000 1.0000 0.3319 0.0274 0.0023 0.0002 1.0000 1.0000 0.1131 0.0093 0.0008 0.0001 1.0000 0.4673 0.0386 0.0032 0.0003 1.0000 1.0000 0.1617 0.0135 0.0011 0.0001 1.0000 0.7504 0.0658 0.0054
0.0654 0.7929 1.0000 0.0001 0.0011 0.0129 0.1527 1.0000 1.0000 0.0002 0.0029 0.0355 0.4282 1.0000 0.0001 0.0007 0.0085 0.1030 1.0000 1.0000 0.0002 0.0021 0.0250 0.3029 1.0000 1.0000 0.0005 0.0061 0.0733 0.8888 1.0000 0.0001 0.0015 0.0178 0.2155 1.0000 1.0000 0.0004 0.0043 0.0522 0.6323 1.0000 0.0001 0.0010 0.0126 0.1530 1.0000 1.0000 0.0002 0.0026 0.0128 0.0026 0.0002 1.0000 1.0000 0.1530 0.0126 0.0010 0.0001 1.0000 0.6323 0.0522 0.0043 0.0004 1.0000 1.0000 0.2155 0.0178 0.0015 0.0001 1.0000 0.8888 0.0733 0.0061 0.0005 1.0000 1.0000 0.3029 0.0250 0.0021 0.0002 1.0000 1.0000 0.1030 0.0085 0.0007 0.0001 1.0000 0.4282 0.0355 0.0029 0.0002 1.0000 1.0000 0.1527 0.0129 0.0011 0.0001 1.0000 0.7929 0.0654
0.7914 1.0000 0.0001 0.0011 0.0129 0.1496 1.0000 1.0000 0.0002 0.0027 0.0328 0.3946 1.0000 1.0000 0.0006 0.0078 0.0942 1.0000 1.0000 0.0002 0.0019 0.0228 0.2760 1.0000 1.0000 0.0005 0.0055 0.0669 0.8097 1.0000 0.0001 0.0013 0.0162 0.1963 1.0000 1.0000 0.0003 0.0039 0.0476 0.5761 1.0000 0.0001 0.0010 0.0115 0.1397 1.0000 1.0000 0.0002 0.0027 0.0293 0.1410 0.0293 0.0027 0.0002 1.0000 1.0000 0.1397 0.0115 0.0010 0.0001 1.0000 0.5761 0.0476 0.0039 0.0003 1.0000 1.0000 0.1963 0.0162 0.0013 0.0001 1.0000 0.8097 0.0669 0.0055 0.0005 1.0000 1.0000 0.2760 0.0228 0.0019 0.0002 1.0000 1.0000 0.0942 0.0078 0.0006 1.0000 1.0000 0.3946 0.0328 0.0027 0.0002 1.0000 1.0000 0.1496 0.0129 0.0011 0.0001 1.0000 0.7914
1.0000 0.0001 0.0012 0.0135 0.1527 1.0000 1.0000 0.0002 0.0026 0.0309 0.3685 1.0000 1.0000 0.0006 0.0071 0.0863 1.0000 1.0000 0.0001 0.0017 0.0208 0.2519 1.0000 1.0000 0.0004 0.0050 0.0611 0.7391 1.0000 0.0001 0.0012 0.0148 0.1792 1.0000 1.0000 0.0003 0.0036 0.0435 0.5258 1.0000 0.0001 0.0009 0.0105 0.1275 1.0000 1.0000 0.0002 0.0025 0.0299 0.3231 1.0000 0.3231 0.0299 0.0025 0.0002 1.0000 1.0000 0.1275 0.0105 0.0009 0.0001 1.0000 0.5258 0.0435 0.0036 0.0003 1.0000 1.0000 0.1792 0.0148 0.0012 0.0001 1.0000 0.7391 0.0611 0.0050 0.0004 1.0000 1.0000 0.2519 0.0208 0.0017 0.0001 1.0000 1.0000 0.0863 0.0071 0.0006 1.0000 1.0000 0.3685 0.0309 0.0026 0.0002 1.0000 1.0000 0.1527 0.0135 0.0012 0.0001 1.0000
0.0001 0.0013 0.0145 0.1617 1.0000 1.0000 0.0002 0.0026 0.0299 0.3520 1.0000 1.0000 0.0006 0.0066 0.0797 0.9590 1.0000 0.0001 0.0016 0.0190 0.2299 1.0000 1.0000 0.0004 0.0046 0.0556 0.6746 1.0000 0.0001 0.0011 0.0135 0.1633 1.0000 1.0000 0.0003 0.0033 0.0396 0.4799 1.0000 0.0001 0.0008 0.0096 0.1162 1.0000 1.0000 0.0002 0.0023 0.0280 0.3300 1.0000 1.0000 1.0000 0.3300 0.0280 0.0023 0.0002 1.0000 1.0000 0.1162 0.0096 0.0008 0.0001 1.0000 0.4799 0.0396 0.0033 0.0003 1.0000 1.0000 0.1633 0.0135 0.0011 0.0001 1.0000 0.6746 0.0556 0.0046 0.0004 1.0000 1.0000 0.2299 0.0190 0.0016 0.0001 1.0000 0.9590 0.0797 0.0066 0.0006 1.0000 1.0000 0.3520 0.0299 0.0026 0.0002 1.0000 1.0000 0.1617 0.0145 0.0013 0.0001
0.0013 0.0158 0.1752 1.0000 1.0000 0.0002 0.0026 0.0299 0.3460 1.0000 1.0000 0.0005 0.0062 0.0743 0.8905 1.0000 0.0001 0.0014 0.0174 0.2106 1.0000 1.0000 0.0003 0.0042 0.0508 0.6146 1.0000 0.0001 0.0010 0.0123 0.1490 1.0000 1.0000 0.0002 0.0030 0.0361 0.4372 1.0000 0.0001 0.0007 0.0088 0.1060 1.0000 1.0000 0.0002 0.0021 0.0257 0.3087 1.0000 1.0000 0.0002 1.0000 1.0000 0.3087 0.0257 0.0021 0.0002 1.0000 1.0000 0.1060 0.0088 0.0007 0.0001 1.0000 0.4372 0.0361 0.0030 0.0002 1.0000 1.0000 0.1490 0.0123 0.0010 0.0001 1.0000 0.6146 0.0508 0.0042 0.0003 1.0000 1.0000 0.2106 0.0174 0.0014 0.0001 1.0000 0.8905 0.0743 0.0062 0.0005 1.0000 1.0000 0.3460 0.0299 0.0026 0.0002 1.0000 1.0000 0.1752 0.0158 0.0013
0.0159 0.1912 1.0000 1.0000 0.0002 0.0027 0.0309 0.3520 1.0000 1.0000 0.0005 0.0060 0.0706 0.8379 1.0000 0.0001 0.0013 0.0161 0.1937 1.0000 1.0000 0.0003 0.0038 0.0464 0.5609 1.0000 0.0001 0.0009 0.0112 0.1360 1.0000 1.0000 0.0002 0.0027 0.0329 0.3991 1.0000 1.0000 0.0007 0.0080 0.0968 1.0000 1.0000 0.0002 0.0019 0.0234 0.2834 1.0000 1.0000 0.0004 0.0020 0.0004 1.0000 1.0000 0.2834 0.0234 0.0019 0.0002 1.0000 1.0000 0.0968 0.0080 0.0007 1.0000 1.0000 0.3991 0.0329 0.0027 0.0002 1.0000 1.0000 0.1360 0.0112 0.0009 0.0001 1.0000 0.5609 0.0464 0.0038 0.0003 1.0000 1.0000 0.1937 0.0161 0.0013 0.0001 1.0000 0.8379 0.0706 0.0060 0.0005 1.0000 1.0000 0.3520 0.0309 0.0027 0.0002 1.0000 1.0000 0.1912 0.0159
0.1923 1.0000 1.0000 0.0003 0.0029 0.0328 0.3685 1.0000 1.0000 0.0005 0.0059 0.0686 0.8051 1.0000 0.0001 0.0013 0.0150 0.1792 1.0000 1.0000 0.0003 0.0035 0.0425 0.5130 1.0000 0.0001 0.0008 0.0102 0.1239 1.0000 1.0000 0.0002 0.0025 0.0300 0.3636 1.0000 1.0000 0.0006 0.0073 0.0882 1.0000 1.0000 0.0001 0.0018 0.0214 0.2587 1.0000 1.0000 0.0004 0.0045 0.0215 0.0045 0.0004 1.0000 1.0000 0.2587 0.0214 0.0018 0.0001 1.0000 1.0000 0.0882 0.0073 0.0006 1.0000 1.0000 0.3636 0.0300 0.0025 0.0002 1.0000 1.0000 0.1239 0.0102 0.0008 0.0001 1.0000 0.5130 0.0425 0.0035 0.0003 1.0000 1.0000 0.1792 0.0150 0.0013 0.0001 1.0000 0.8051 0.0686 0.0059 0.0005 1.0000 1.0000 0.3685 0.0328 0.0029 0.0003 1.0000 1.0000 0.1923
1.0000 1.0000 0.0003 0.0032 0.0355 0.3946 1.0000 1.0000 0.0005 0.0060 0.0686 0.7944 1.0000 0.0001 0.0012 0.0141 0.1683 1.0000 1.0000 0.0003 0.0032 0.0390 0.4709 1.0000 0.0001 0.0008 0.0093 0.1131 1.0000 1.0000 0.0002 0.0023 0.0274 0.3319 1.0000 1.0000 0.0005 0.0066 0.0805 0.9737 1.0000 0.0001 0.0016 0.0195 0.2361 1.0000 1.0000 0.0004 0.0046 0.0495 0.2379 0.0495 0.0046 0.0004 1.0000 1.0000 0.2361 0.0195 0.0016 0.0001 1.0000 0.9737 0.0805 0.0066 0.0005 1.0000 1.0000 0.3319 0.0274 0.0023 0.0002 1.0000 1.0000 0.1131 0.0093 0.0008 0.0001 1.0000 0.4709 0.0390 0.0032 0.0003 1.0000 1.0000 0.1683 0.0141 0.0012 0.0001 1.0000 0.7944 0.0686 0.0060 0.0005 1.0000 1.0000 0.3946 0.0355 0.0032 0.0003 1.0000 1.0000
1.0000 0.0003 0.0035 0.0386 0.4282 1.0000 1.0000 0.0006 0.0062 0.0706 0.8051 1.0000 0.0001 0.0012 0.0136 0.1605 1.0000 1.0000 0.0003 0.0030 0.0361 0.4339 1.0000 0.0001 0.0007 0.0085 0.1034 1.0000 1.0000 0.0002 0.0021 0.0250 0.3029 1.0000 1.0000 0.0005 0.0061 0.0733 0.8888 1.0000 0.0001 0.0015 0.0178 0.2155 1.0000 1.0000 0.0004 0.0043 0.0505 0.5462 1.0000 0.5462 0.0505 0.0043 0.0004 1.0000 1.0000 0.2155 0.0178 0.0015 0.0001 1.0000 0.8888 0.0733 0.0061 0.0005 1.0000 1.0000 0.3029 0.0250 0.0021 0.0002 1.0000 1.0000 0.1034 0.0085 0.0007 0.0001 1.0000 0.4339 0.0361 0.0030 0.0003 1.0000 1.0000 0.1605 0.0136 0.0012 0.0001 1.0000 0.8051 0.0706 0.0062 0.0006 1.0000 1.0000 0.4282 0.0386 0.0035 0.0003 1.0000
0.0003 0.0038 0.0422 0.4673 1.0000 1.0000 0.0006 0.0066 0.0743 0.8379 1.0000 0.0001 0.0012 0.0135 0.1569 1.0000 1.0000 0.0002 0.0028 0.0338 0.4044 1.0000 1.0000 0.0007 0.0079 0.0948 1.0000 1.0000 0.0002 0.0019 0.0228 0.2760 1.0000 1.0000 0.0005 0.0055 0.0669 0.8097 1.0000 0.0001 0.0013 0.0162 0.1963 1.0000 1.0000 0.0003 0.0039 0.0472 0.5577 1.0000 1.0000 1.0000 0.5577 0.0472 0.0039 0.0003 1.0000 1.0000 0.1963 0.0162 0.0013 0.0001 1.0000 0.8097 0.0669 0.0055 0.0005 1.0000 1.0000 0.2760 0.0228 0.0019 0.0002 1.0000 1.0000 0.0948 0.0079 0.0007 1.0000 1.0000 0.4044 0.0338 0.0028 0.0002 1.0000 1.0000 0.1569 0.0135 0.0012 0.0001 1.0000 0.8379 0.0743 0.0066 0.0006 1.0000 1.0000 0.4673 0.0422 0.0038 0.0003
0.0039 0.0464 0.5110 1.0000 0.0001 0.0006 0.0071 0.0797 0.8905 1.0000 0.0001 0.0012 0.0136 0.1569 1.0000 1.0000 0.0002 0.0027 0.0321 0.3806 1.0000 1.0000 0.0006 0.0073 0.0873 1.0000 1.0000 0.0001 0.0017 0.0209 0.2524 1.0000 1.0000 0.0004 0.0050 0.0611 0.7391 1.0000 0.0001 0.0012 0.0148 0.1792 1.0000 1.0000 0.0003 0.0036 0.0433 0.5208 1.0000 0.0001 0.0003 0.0001 1.0000 0.5208 0.0433 0.0036 0.0003 1.0000 1.0000 0.1792 0.0148 0.0012 0.0001 1.0000 0.7391 0.0611 0.0050 0.0004 1.0000 1.0000 0.2524 0.0209 0.0017 0.0001 1.0000 1.0000 0.0873 0.0073 0.0006 1.0000 1.0000 0.3806 0.0321 0.0027 0.0002 1.0000 1.0000 0.1569 0.0136 0.0012 0.0001 1.0000 0.8905 0.0797 0.0071 0.0006 0.0001 1.0000 0.5110 0.0464 0.0039
0.0466 0.5609 1.0000 0.0001 0.0007 0.0078 0.0863 0.9590 1.0000 0.0001 0.0013 0.0141 0.1605 1.0000 1.0000 0.0002 0.0027 0.0310 0.3650 1.0000 1.0000 0.0006 0.0068 0.0812 0.9737 1.0000 0.0001 0.0016 0.0191 0.2308 1.0000 1.0000 0.0004 0.0046 0.0556 0.6746 1.0000 0.0001 0.0011 0.0135 0.1633 1.0000 1.0000 0.0003 0.0033 0.0396 0.4781 1.0000 0.0001 0.0007 0.0033 0.0007 0.0001 1.0000 0.4781 0.0396 0.0033 0.0003 1.0000 1.0000 0.1633 0.0135 0.0011 0.0001 1.0000 0.6746 0.0556 0.0046 0.0004 1.0000 1.0000 0.2308 0.0191 0.0016 0.0001 1.0000 0.9737 0.0812 0.0068 0.0006 1.0000 1.0000 0.3650 0.0310 0.0027 0.0002 1.0000 1.0000 0.1605 0.0141 0.0013 0.0001 1.0000 0.9590 0.0863 0.0078 0.0007 0.0001 1.0000 0.5609 0.0466
0.5641 1.0000 0.0001 0.0008 0.0085 0.0942 1.0000 1.0000 0.0001 0.0013 0.0150 0.1683 1.0000 1.0000 0.0002 0.0027 0.0307 0.3574 1.0000 1.0000 0.0005 0.0064 0.0763 0.9093 1.0000 0.0001 0.0015 0.0176 0.2119 1.0000 1.0000 0.0003 0.0042 0.0509 0.6157 1.0000 0.0001 0.0010 0.0123 0.1490 1.0000 1.0000 0.0002 0.0030 0.0361 0.4372 1.0000 0.0001 0.0007 0.0076 0.0364 0.0076 0.0007 0.0001 1.0000 0.4372 0.0361 0.0030 0.0002 1.0000 1.0000 0.1490 0.0123 0.0010 0.0001 1.0000 0.6157 0.0509 0.0042 0.0003 1.0000 1.0000 0.2119 0.0176 0.0015 0.0001 1.0000 0.9093 0.0763 0.0064 0.0005 1.0000 1.0000 0.3574 0.0307 0.0027 0.0002 1.0000 1.0000 0.1683 0.0150 0.0013 0.0001 1.0000 1.0000 0.0942 0.0085 0.0008 0.0001 1.0000 0.5641
1.0000 0.0001 0.0008 0.0093 0.1030 1.0000 1.0000 0.0001 0.0014 0.0161 0.1792 1.0000 1.0000 0.0002 0.0027 0.0310 0.3574 1.0000 1.0000 0.0005 0.0062 0.0726 0.8605 1.0000 0.0001 0.0014 0.0163 0.1956 1.0000 1.0000 0.0003 0.0039 0.0465 0.5631 1.0000 0.0001 0.0009 0.0112 0.1360 1.0000 1.0000 0.0002 0.0027 0.0329 0.3991 1.0000 1.0000 0.0007 0.0077 0.0836 0.4021 0.0836 0.0077 0.0007 1.0000 1.0000 0.3991 0.0329 0.0027 0.0002 1.0000 1.0000 0.1360 0.0112 0.0009 0.0001 1.0000 0.5631 0.0465 0.0039 0.0003 1.0000 1.0000 0.1956 0.0163 0.0014 0.0001 1.0000 0.8605 0.0726 0.0062 0.0005 1.0000 1.0000 0.3574 0.0310 0.0027 0.0002 1.0000 1.0000 0.1792 0.0161 0.0014 0.0001 1.0000 1.0000 0.1030 0.0093 0.0008 0.0001 1.0000
0.0001 0.0009 0.0102 0.1131 1.0000 1.0000 0.0001 0.0016 0.0174 0.1937 1.0000 1.0000 0.0003 0.0028 0.0321 0.3650 1.0000 1.0000 0.0005 0.0060 0.0704 0.8284 1.0000 0.0001 0.0013 0.0153 0.1823 1.0000 1.0000 0.0003 0.0035 0.0427 0.5159 1.0000 0.0001 0.0008 0.0103 0.1241 1.0000 1.0000 0.0002 0.0025 0.0300 0.3636 1.0000 1.0000 0.0006 0.0072 0.0854 0.9232 1.0000 0.9232 0.0854 0.0072 0.0006 1.0000 1.0000 0.3636 0.0300 0.0025 0.0002 1.0000 1.0000 0.1241 0.0103 0.0008 0.0001 1.0000 0.5159 0.0427 0.0035 0.0003 1.0000 1.0000 0.1823 0.0153 0.0013 0.0001 1.0000 0.8284 0.0704 0.0060 0.0005 1.0000 1.0000 0.3650 0.0321 0.0028 0.0003 1.0000 1.0000 0.1937 0.0174 0.0016 0.0001 1.0000 1.0000 0.1131 0.0102 0.0009 0.0001
0.0009 0.0112 0.1239 1.0000 1.0000 0.0002 0.0017 0.0190 0.2106 1.0000 1.0000 0.0003 0.0030 0.0338 0.3806 1.0000 1.0000 0.0005 0.0060 0.0698 0.8112 1.0000 0.0001 0.0012 0.0145 0.1719 1.0000 1.0000 0.0003 0.0033 0.0394 0.4745 1.0000 0.0001 0.0008 0.0094 0.1135 1.0000 1.0000 0.0002 0.0023 0.0274 0.3319 1.0000 1.0000 0.0005 0.0066 0.0797 0.9427 1.0000 1.0000 1.0000 0.9427 0.0797 0.0066 0.0005 1.0000 1.0000 0.3319 0.0274 0.0023 0.0002 1.0000 1.0000 0.1135 0.0094 0.0008 0.0001 1.0000 0.4745 0.0394 0.0033 0.0003 1.0000 1.0000 0.1719 0.0145 0.0012 0.0001 1.0000 0.8112 0.0698 0.0060 0.0005 1.0000 1.0000 0.3806 0.0338 0.0030 0.0003 1.0000 1.0000 0.2106 0.0190 0.0017 0.0002 1.0000 1.0000 0.1239 0.0112 0.0009
0.0113 0.1360 1.0000 1.0000 0.0002 0.0019 0.0208 0.2299 1.0000 1.0000 0.0003 0.0032 0.0361 0.4044 1.0000 1.0000 0.0005 0.0062 0.0704 0.8112 1.0000 0.0001 0.0012 0.0139 0.1642 1.0000 1.0000 0.0003 0.0031 0.0366 0.4397 1.0000 0.0001 0.0007 0.0086 0.1038 1.0000 1.0000 0.0002 0.0021 0.0250 0.3029 1.0000 1.0000 0.0005 0.0060 0.0732 0.8804 1.0000 0.0001 0.0005 0.0001 1.0000 0.8804 0.0732 0.0060 0.0005 1.0000 1.0000 0.3029 0.0250 0.0021 0.0002 1.0000 1.0000 0.1038 0.0086 0.0007 0.0001 1.0000 0.4397 0.0366 0.0031 0.0003 1.0000 1.0000 0.1642 0.0139 0.0012 0.0001 1.0000 0.8112 0.0704 0.0062 0.0005 1.0000 1.0000 0.4044 0.0361 0.0032 0.0003 1.0000 1.0000 0.2299 0.0208 0.0019 0.0002 1.0000 1.0000 0.1360 0.0113
0.1368 1.0000 1.0000 0.0002 0.0021 0.0228 0.2519 1.0000 1.0000 0.0003 0.0035 0.0390 0.4339 1.0000 1.0000 0.0006 0.0064 0.0726 0.8284 1.0000 0.0001 0.0012 0.0137 0.1596 1.0000 1.0000 0.0002 0.0029 0.0343 0.4099 1.0000 1.0000 0.0007 0.0079 0.0955 1.0000 1.0000 0.0002 0.0019 0.0229 0.2765 1.0000 1.0000 0.0005 0.0055 0.0668 0.8082 1.0000 0.0001 0.0012 0.0056 0.0012 0.0001 1.0000 0.8082 0.0668 0.0055 0.0005 1.0000 1.0000 0.2765 0.0229 0.0019 0.0002 1.0000 1.0000 0.0955 0.0079 0.0007 1.0000 1.0000 0.4099 0.0343 0.0029 0.0002 1.0000 1.0000 0.1596 0.0137 0.0012 0.0001 1.0000 0.8284 0.0726 0.0064 0.0006 1.0000 1.0000 0.4339 0.0390 0.0035 0.0003 1.0000 1.0000 0.2519 0.0228 0.0021 0.0002 1.0000 1.0000 0.1368
1.0000 1.0000 0.0002 0.0023 0.0250 0.2760 1.0000 1.0000 0.0003 0.0038 0.0425 0.4709 1.0000 1.0000 0.0006 0.0068 0.0763 0.8605 1.0000 0.0001 0.0012 0.0137 0.1581 1.0000 1.0000 0.0002 0.0028 0.0327 0.3871 1.0000 1.0000 0.0006 0.0073 0.0882 1.0000 1.0000 0.0001 0.0017 0.0209 0.2528 1.0000 1.0000 0.0004 0.0050 0.0611 0.7391 1.0000 0.0001 0.0012 0.0128 0.0615 0.0128 0.0012 0.0001 1.0000 0.7391 0.0611 0.0050 0.0004 1.0000 1.0000 0.2528 0.0209 0.0017 0.0001 1.0000 1.0000 0.0882 0.0073 0.0006 1.0000 1.0000 0.3871 0.0327 0.0028 0.0002 1.0000 1.0000 0.1581 0.0137 0.0012 0.0001 1.0000 0.8605 0.0763 0.0068 0.0006 1.0000 1.0000 0.4709 0.0425 0.0038 0.0003 1.0000 1.0000 0.2760 0.0250 0.0023 0.0002 1.0000 1.0000
1.0000 0.0002 0.0025 0.0274 0.3029 1.0000 1.0000 0.0004 0.0042 0.0464 0.5130 1.0000 0.0001 0.0007 0.0073 0.0812 0.9093 1.0000 0.0001 0.0012 0.0139 0.1596 1.0000 1.0000 0.0002 0.0027 0.0315 0.3713 1.0000 1.0000 0.0006 0.0069 0.0822 0.9849 1.0000 0.0001 0.0016 0.0192 0.2321 1.0000 1.0000 0.0004 0.0046 0.0557 0.6746 1.0000 0.0001 0.0011 0.0131 0.1413 0.6810 0.1413 0.0131 0.0011 0.0001 1.0000 0.6746 0.0557 0.0046 0.0004 1.0000 1.0000 0.2321 0.0192 0.0016 0.0001 1.0000 0.9849 0.0822 0.0069 0.0006 1.0000 1.0000 0.3713 0.0315 0.0027 0.0002 1.0000 1.0000 0.1596 0.0139 0.0012 0.0001 1.0000 0.9093 0.0812 0.0073 0.0007 0.0001 1.0000 0.5130 0.0464 0.0042 0.0004 1.0000 1.0000 0.3029 0.0274 0.0025 0.0002 1.0000
0.0002 0.0027 0.0300 0.3319 1.0000 1.0000 0.0004 0.0046 0.0508 0.5609 1.0000 0.0001 0.0007 0.0079 0.0873 0.9737 1.0000 0.0001 0.0013 0.0145 0.1642 1.0000 1.0000 0.0002 0.0027 0.0310 0.3615 1.0000 1.0000 0.0005 0.0065 0.0772 0.9215 1.0000 0.0001 0.0015 0.0177 0.2135 1.0000 1.0000 0.0003 0.0042 0.0510 0.6169 1.0000 0.0001 0.0010 0.0122 0.1445 1.0000 1.0000 1.0000 0.1445 0.0122 0.0010 0.0001 1.0000 0.6169 0.0510 0.0042 0.0003 1.0000 1.0000 0.2135 0.0177 0.0015 0.0001 1.0000 0.9215 0.0772 0.0065 0.0005 1.0000 1.0000 0.3615 0.0310 0.0027 0.0002 1.0000 1.0000 0.1642 0.0145 0.0013 0.0001 1.0000 0.9737 0.0873 0.0079 0.0007 0.0001 1.0000 0.5609 0.0508 0.0046 0.0004 1.0000 1.0000 0.3319 0.0300 0.0027 0.0002
0.0027 0.0330 0.3636 1.0000 1.0000 0.0005 0.0050 0.0556 0.6146 1.0000 0.0001 0.0008 0.0085 0.0948 1.0000 1.0000 0.0001 0.0014 0.0153 0.1719 1.0000 1.0000 0.0002 0.0027 0.0310 0.3581 1.0000 1.0000 0.0005 0.0062 0.0736 0.8720 1.0000 0.0001 0.0014 0.0165 0.1978 1.0000 1.0000 0.0003 0.0039 0.0467 0.5641 1.0000 0.0001 0.0009 0.0112 0.1350 1.0000 1.0000 0.0001 1.0000 1.0000 0.1350 0.0112 0.0009 0.0001 1.0000 0.5641 0.0467 0.0039 0.0003 1.0000 1.0000 0.1978 0.0165 0.0014 0.0001 1.0000 0.8720 0.0736 0.0062 0.0005 1.0000 1.0000 0.3581 0.0310 0.0027 0.0002 1.0000 1.0000 0.1719 0.0153 0.0014 0.0001 1.0000 1.0000 0.0948 0.0085 0.0008 0.0001 1.0000 0.6146 0.0556 0.0050 0.0005 1.0000 1.0000 0.3636 0.0330 0.0027
0.0332 0.3991 1.0000 1.0000 0.0005 0.0055 0.0611 0.6746 1.0000 0.0001 0.0008 0.0093 0.1034 1.0000 1.0000 0.0001 0.0015 0.0163 0.1823 1.0000 1.0000 0.0002 0.0028 0.0315 0.3615 1.0000 1.0000 0.0005 0.0061 0.0711 0.8363 1.0000 0.0001 0.0013 0.0154 0.1844 1.0000 1.0000 0.0003 0.0036 0.0430 0.5179 1.0000 0.0001 0.0009 0.0103 0.1241 1.0000 1.0000 0.0002 0.0009 0.0002 1.0000 1.0000 0.1241 0.0103 0.0009 0.0001 1.0000 0.5179 0.0430 0.0036 0.0003 1.0000 1.0000 0.1844 0.0154 0.0013 0.0001 1.0000 0.8363 0.0711 0.0061 0.0005 1.0000 1.0000 0.3615 0.0315 0.0028 0.0002 1.0000 1.0000 0.1823 0.0163 0.0015 0.0001 1.0000 1.0000 0.1034 0.0093 0.0008 0.0001 1.0000 0.6746 0.0611 0.0055 0.0005 1.0000 1.0000 0.3991 0.0332
0.4014 1.0000 1.0000 0.0005 0.0061 0.0669 0.7391 1.0000 0.0001 0.0009 0.0102 0.1131 1.0000 1.0000 0.0001 0.0016 0.0176 0.1956 1.0000 1.0000 0.0003 0.0029 0.0327 0.3713 1.0000 1.0000 0.0005 0.0060 0.0699 0.8159 1.0000 0.0001 0.0012 0.0146 0.1735 1.0000 1.0000 0.0003 0.0033 0.0397 0.4772 1.0000 0.0001 0.0008 0.0094 0.1137 1.0000 1.0000 0.0002 0.0020 0.0095 0.0020 0.0002 1.0000 1.0000 0.1137 0.0094 0.0008 0.0001 1.0000 0.4772 0.0397 0.0033 0.0003 1.0000 1.0000 0.1735 0.0146 0.0012 0.0001 1.0000 0.8159 0.0699 0.0060 0.0005 1.0000 1.0000 0.3713 0.0327 0.0029 0.0003 1.0000 1.0000 0.1956 0.0176 0.0016 0.0001 1.0000 1.0000 0.1131 0.0102 0.0009 0.0001 1.0000 0.7391 0.0669 0.0061 0.0005 1.0000 1.0000 0.4014
1.0000 1.0000 0.0006 0.0066 0.0733 0.8097 1.0000 0.0001 0.0010 0.0112 0.1239 1.0000 1.0000 0.0002 0.0017 0.0191 0.2119 1.0000 1.0000 0.0003 0.0031 0.0343 0.3871 1.0000 1.0000 0.0005 0.0061 0.0699 0.8097 1.0000 0.0001 0.0012 0.0141 0.1658 1.0000 1.0000 0.0003 0.0031 0.0369 0.4423 1.0000 0.0001 0.0007 0.0086 0.1044 1.0000 1.0000 0.0002 0.0020 0.0217 0.1046 0.0217 0.0020 0.0002 1.0000 1.0000 0.1044 0.0086 0.0007 0.0001 1.0000 0.4423 0.0369 0.0031 0.0003 1.0000 1.0000 0.1658 0.0141 0.0012 0.0001 1.0000 0.8097 0.0699 0.0061 0.0005 1.0000 1.0000 0.3871 0.0343 0.0031 0.0003 1.0000 1.0000 0.2119 0.0191 0.0017 0.0002 1.0000 1.0000 0.1239 0.0112 0.0010 0.0001 1.0000 0.8097 0.0733 0.0066 0.0006 1.0000 1.0000
0.0001 0.0007 0.0073 0.0805 0.8888 1.0000 0.0001 0.0011 0.0123 0.1360 1.0000 1.0000 0.0002 0.0019 0.0209 0.2308 1.0000 1.0000 0.0003 0.0033 0.0366 0.4099 1.0000 1.0000 0.0005 0.0062 0.0711 0.8159 1.0000 0.0001 0.0012 0.0137 0.1605 1.0000 1.0000 0.0002 0.0029 0.0347 0.4138 1.0000 1.0000 0.0007 0.0080 0.0960 1.0000 1.0000 0.0002 0.0019 0.0222 0.2406 1.0000 0.2406 0.0222 0.0019 0.0002 1.0000 1.0000 0.0960 0.0080 0.0007 1.0000 1.0000 0.4138 0.0347 0.0029 0.0002 1.0000 1.0000 0.1605 0.0137 0.0012 0.0001 1.0000 0.8159 0.0711 0.0062 0.0005 1.0000 1.0000 0.4099 0.0366 0.0033 0.0003 1.0000 1.0000 0.2308 0.0209 0.0019 0.0002 1.0000 1.0000 0.1360 0.0123 0.0011 0.0001 1.0000 0.8888 0.0805 0.0073 0.0007 0.0001
0.0007 0.0080 0.0882 0.9737 1.0000 0.0001 0.0012 0.0135 0.1490 1.0000 1.0000 0.0002 0.0021 0.0228 0.2524 1.0000 1.0000 0.0003 0.0035 0.0394 0.4397 1.0000 1.0000 0.0006 0.0065 0.0736 0.8363 1.0000 0.0001 0.0012 0.0136 0.1578 1.0000 1.0000 0.0002 0.0028 0.0329 0.3901 1.0000 1.0000 0.0006 0.0074 0.0888 1.0000 1.0000 0.0001 0.0017 0.0209 0.2462 1.0000 1.0000 1.0000 0.2462 0.0209 0.0017 0.0001 1.0000 1.0000 0.0888 0.0074 0.0006 1.0000 1.0000 0.3901 0.0329 0.0028 0.0002 1.0000 1.0000 0.1578 0.0136 0.0012 0.0001 1.0000 0.8363 0.0736 0.0065 0.0006 1.0000 1.0000 0.4397 0.0394 0.0035 0.0003 1.0000 1.0000 0.2524 0.0228 0.0021 0.0002 1.0000 1.0000 0.1490 0.0135 0.0012 0.0001 1.0000 0.9737 0.0882 0.0080 0.0007
0.0080 0.0968 1.0000 1.0000 0.0001 0.0013 0.0148 0.1633 1.0000 1.0000 0.0002 0.0023 0.0250 0.2760 1.0000 1.0000 0.0003 0.0039 0.0427 0.4745 1.0000 1.0000 0.0006 0.0069 0.0772 0.8720 1.0000 0.0001 0.0012 0.0137 0.1578 1.0000 1.0000 0.0002 0.0027 0.0316 0.3727 1.0000 1.0000 0.0006 0.0069 0.0828 0.9924 1.0000 0.0001 0.0016 0.0193 0.2317 1.0000 1.0000 0.0001 1.0000 1.0000 0.2317 0.0193 0.0016 0.0001 1.0000 0.9924 0.0828 0.0069 0.0006 1.0000 1.0000 0.3727 0.0316 0.0027 0.0002 1.0000 1.0000 0.1578 0.0137 0.0012 0.0001 1.0000 0.8720 0.0772 0.0069 0.0006 1.0000 1.0000 0.4745 0.0427 0.0039 0.0003 1.0000 1.0000 0.2760 0.0250 0.0023 0.0002 1.0000 1.0000 0.1633 0.0148 0.0013 0.0001 1.0000 1.0000 0.0968 0.0080
0.0973 1.0000 1.0000 0.0001 0.0015 0.0162 0.1792 1.0000 1.0000 0.0002 0.0025 0.0274 0.3029 1.0000 1.0000 0.0004 0.0042 0.0465 0.5159 1.0000 0.0001 0.0007 0.0073 0.0822 0.9215 1.0000 0.0001 0.0012 0.0141 0.1605 1.0000 1.0000 0.0002 0.0027 0.0309 0.3615 1.0000 1.0000 0.0006 0.0065 0.0778 0.9285 1.0000 0.0001 0.0015 0.0178 0.2143 1.0000 1.0000 0.0003 0.0015 0.0003 1.0000 1.0000 0.2143 0.0178 0.0015 0.0001 1.0000 0.9285 0.0778 0.0065 0.0006 1.0000 1.0000 0.3615 0.0309 0.0027 0.0002 1.0000 1.0000 0.1605 0.0141 0.0012 0.0001 1.0000 0.9215 0.0822 0.0073 0.0007 0.0001 1.0000 0.5159 0.0465 0.0042 0.0004 1.0000 1.0000 0.3029 0.0274 0.0025 0.0002 1.0000 1.0000 0.1792 0.0162 0.0015 0.0001 1.0000 1.0000 0.0973
1.0000 1.0000 0.0001 0.0016 0.0178 0.1963 1.0000 1.0000 0.0002 0.0027 0.0300 0.3319 1.0000 1.0000 0.0004 0.0046 0.0509 0.5631 1.0000 0.0001 0.0007 0.0079 0.0882 0.9849 1.0000 0.0001 0.0013 0.0146 0.1658 1.0000 1.0000 0.0002 0.0027 0.0307 0.3561 1.0000 1.0000 0.0005 0.0062 0.0739 0.8770 1.0000 0.0001 0.0014 0.0166 0.1990 1.0000 1.0000 0.0003 0.0034 0.0162 0.0034 0.0003 1.0000 1.0000 0.1990 0.0166 0.0014 0.0001 1.0000 0.8770 0.0739 0.0062 0.0005 1.0000 1.0000 0.3561 0.0307 0.0027 0.0002 1.0000 1.0000 0.1658 0.0146 0.0013 0.0001 1.0000 0.9849 0.0882 0.0079 0.0007 0.0001 1.0000 0.5631 0.0509 0.0046 0.0004 1.0000 1.0000 0.3319 0.0300 0.0027 0.0002 1.0000 1.0000 0.1963 0.0178 0.0016 0.0001 1.0000 1.0000
1.0000 0.0002 0.0018 0.0195 0.2155 1.0000 1.0000 0.0003 0.0030 0.0329 0.3636 1.0000 1.0000 0.0005 0.0050 0.0556 0.6157 1.0000 0.0001 0.0008 0.0086 0.0955 1.0000 1.0000 0.0001 0.0014 0.0154 0.1735 1.0000 1.0000 0.0002 0.0027 0.0309 0.3561 1.0000 1.0000 0.0005 0.0061 0.0711 0.8379 1.0000 0.0001 0.0013 0.0155 0.1858 1.0000 1.0000 0.0003 0.0035 0.0375 0.1802 0.0375 0.0035 0.0003 1.0000 1.0000 0.1858 0.0155 0.0013 0.0001 1.0000 0.8379 0.0711 0.0061 0.0005 1.0000 1.0000 0.3561 0.0309 0.0027 0.0002 1.0000 1.0000 0.1735 0.0154 0.0014 0.0001 1.0000 1.0000 0.0955 0.0086 0.0008 0.0001 1.0000 0.6157 0.0556 0.0050 0.0005 1.0000 1.0000 0.3636 0.0329 0.0030 0.0003 1.0000 1.0000 0.2155 0.0195 0.0018 0.0002 1.0000
0.0002 0.0019 0.0214 0.2361 1.0000 1.0000 0.0003 0.0033 0.0361 0.3991 1.0000 1.0000 0.0005 0.0055 0.0611 0.6746 1.0000 0.0001 0.0008 0.0094 0.1038 1.0000 1.0000 0.0001 0.0015 0.0165 0.1844 1.0000 1.0000 0.0002 0.0028 0.0316 0.3615 1.0000 1.0000 0.0005 0.0060 0.0695 0.8128 1.0000 0.0001 0.0012 0.0147 0.1748 1.0000 1.0000 0.0003 0.0033 0.0388 0.4169 1.0000 0.4169 0.0388 0.0033 0.0003 1.0000 1.0000 0.1748 0.0147 0.0012 0.0001 1.0000 0.8128 0.0695 0.0060 0.0005 1.0000 1.0000 0.3615 0.0316 0.0028 0.0002 1.0000 1.0000 0.1844 0.0165 0.0015 0.0001 1.0000 1.0000 0.1038 0.0094 0.0008 0.0001 1.0000 0.6746 0.0611 0.0055 0.0005 1.0000 1.0000 0.3991 0.0361 0.0033 0.0003 1.0000 1.0000 0.2361 0.0214 0.0019 0.0002
0.0020 0.0235 0.2587 1.0000 1.0000 0.0003 0.0036 0.0396 0.4372 1.0000 1.0000 0.0005 0.0061 0.0669 0.7391 1.0000 0.0001 0.0009 0.0103 0.1135 1.0000 1.0000 0.0001 0.0016 0.0177 0.1978 1.0000 1.0000 0.0003 0.0029 0.0329 0.3727 1.0000 1.0000 0.0005 0.0060 0.0690 0.8005 1.0000 0.0001 0.0012 0.0140 0.1661 1.0000 1.0000 0.0003 0.0031 0.0369 0.4331 1.0000 1.0000 1.0000 0.4331 0.0369 0.0031 0.0003 1.0000 1.0000 0.1661 0.0140 0.0012 0.0001 1.0000 0.8005 0.0690 0.0060 0.0005 1.0000 1.0000 0.3727 0.0329 0.0029 0.0003 1.0000 1.0000 0.1978 0.0177 0.0016 0.0001 1.0000 1.0000 0.1135 0.0103 0.0009 0.0001 1.0000 0.7391 0.0669 0.0061 0.0005 1.0000 1.0000 0.4372 0.0396 0.0036 0.0003 1.0000 1.0000 0.2587 0.0235 0.0020
0.0236 0.2839 1.0000 1.0000 0.0004 0.0039 0.0435 0.4799 1.0000 1.0000 0.0006 0.0066 0.0733 0.8097 1.0000 0.0001 0.0010 0.0112 0.1241 1.0000 1.0000 0.0002 0.0017 0.0192 0.2135 1.0000 1.0000 0.0003 0.0031 0.0347 0.3901 1.0000 1.0000 0.0005 0.0061 0.0695 0.8005 1.0000 0.0001 0.0012 0.0136 0.1599 1.0000 1.0000 0.0002 0.0029 0.0349 0.4138 1.0000 1.0000 0.0002 1.0000 1.0000 0.4138 0.0349 0.0029 0.0002 1.0000 1.0000 0.1599 0.0136 0.0012 0.0001 1.0000 0.8005 0.0695 0.0061 0.0005 1.0000 1.0000 0.3901 0.0347 0.0031 0.0003 1.0000 1.0000 0.2135 0.0192 0.0017 0.0002 1.0000 1.0000 0.1241 0.0112 0.0010 0.0001 1.0000 0.8097 0.0733 0.0066 0.0006 1.0000 1.0000 0.4799 0.0435 0.0039 0.0004 1.0000 1.0000 0.2839 0.0236
0.2856 1.0000 1.0000 0.0004 0.0043 0.0476 0.5258 1.0000 0.0001 0.0007 0.0073 0.0805 0.8888 1.0000 0.0001 0.0011 0.0123 0.1360 1.0000 1.0000 0.0002 0.0019 0.0209 0.2321 1.0000 1.0000 0.0003 0.0033 0.0369 0.4138 1.0000 1.0000 0.0006 0.0062 0.0711 0.8128 1.0000 0.0001 0.0012 0.0134 0.1563 1.0000 1.0000 0.0002 0.0028 0.0330 0.3916 1.0000 1.0000 0.0005 0.0026 0.0005 1.0000 1.0000 0.3916 0.0330 0.0028 0.0002 1.0000 1.0000 0.1563 0.0134 0.0012 0.0001 1.0000 0.8128 0.0711 0.0062 0.0006 1.0000 1.0000 0.4138 0.0369 0.0033 0.0003 1.0000 1.0000 0.2321 0.0209 0.0019 0.0002 1.0000 1.0000 0.1360 0.0123 0.0011 0.0001 1.0000 0.8888 0.0805 0.0073 0.0007 0.0001 1.0000 0.5258 0.0476 0.0043 0.0004 1.0000 1.0000 0.2856
1.0000 1.0000 0.0004 0.0047 0.0522 0.5761 1.0000 0.0001 0.0007 0.0080 0.0882 0.9737 1.0000 0.0001 0.0012 0.0135 0.1490 1.0000 1.0000 0.0002 0.0021 0.0229 0.2528 1.0000 1.0000 0.0003 0.0036 0.0397 0.4423 1.0000 1.0000 0.0006 0.0065 0.0739 0.8379 1.0000 0.0001 0.0012 0.0134 0.1551 1.0000 1.0000 0.0002 0.0027 0.0316 0.3734 1.0000 1.0000 0.0006 0.0061 0.0290 0.0061 0.0006 1.0000 1.0000 0.3734 0.0316 0.0027 0.0002 1.0000 1.0000 0.1551 0.0134 0.0012 0.0001 1.0000 0.8379 0.0739 0.0065 0.0006 1.0000 1.0000 0.4423 0.0397 0.0036 0.0003 1.0000 1.0000 0.2528 0.0229 0.0021 0.0002 1.0000 1.0000 0.1490 0.0135 0.0012 0.0001 1.0000 0.9737 0.0882 0.0080 0.0007 0.0001 1.0000 0.5761 0.0522 0.0047 0.0004 1.0000 1.0000
1.0000 0.0005 0.0052 0.0573 0.6323 1.0000 0.0001 0.0008 0.0088 0.0968 1.0000 1.0000 0.0001 0.0013 0.0148 0.1633 1.0000 1.0000 0.0002 0.0023 0.0250 0.2765 1.0000 1.0000 0.0003 0.0039 0.0430 0.4772 1.0000 1.0000 0.0006 0.0069 0.0778 0.8770 1.0000 0.0001 0.0012 0.0136 0.1563 1.0000 1.0000 0.0002 0.0026 0.0306 0.3595 1.0000 1.0000 0.0005 0.0064 0.0681 0.3262 0.0682 0.0064 0.0005 1.0000 1.0000 0.3595 0.0306 0.0026 0.0002 1.0000 1.0000 0.1563 0.0136 0.0012 0.0001 1.0000 0.8770 0.0778 0.0069 0.0006 1.0000 1.0000 0.4772 0.0430 0.0039 0.0003 1.0000 1.0000 0.2765 0.0250 0.0023 0.0002 1.0000 1.0000 0.1633 0.0148 0.0013 0.0001 1.0000 1.0000 0.0968 0.0088 0.0008 0.0001 1.0000 0.6323 0.0573 0.0052 0.0005 1.0000
0.0005 0.0057 0.0627 0.6928 1.0000 0.0001 0.0009 0.0096 0.1060 1.0000 1.0000 0.0001 0.0015 0.0162 0.1792 1.0000 1.0000 0.0002 0.0025 0.0274 0.3029 1.0000 1.0000 0.0004 0.0042 0.0467 0.5179 1.0000 0.0001 0.0007 0.0074 0.0828 0.9285 1.0000 0.0001 0.0012 0.0140 0.1599 1.0000 1.0000 0.0002 0.0026 0.0302 0.3513 1.0000 1.0000 0.0005 0.0062 0.0721 0.7677 1.0000 0.7677 0.0721 0.0062 0.0005 1.0000 1.0000 0.3513 0.0302 0.0026 0.0002 1.0000 1.0000 0.1599 0.0140 0.0012 0.0001 1.0000 0.9285 0.0828 0.0074 0.0007 0.0001 1.0000 0.5179 0.0467 0.0042 0.0004 1.0000 1.0000 0.3029 0.0274 0.0025 0.0002 1.0000 1.0000 0.1792 0.0162 0.0015 0.0001 1.0000 1.0000 0.1060 0.0096 0.0009 0.0001 1.0000 0.6928 0.0627 0.0057 0.0005
0.0057 0.0688 0.7604 1.0000 0.0001 0.0010 0.0105 0.1162 1.0000 1.0000 0.0001 0.0016 0.0178 0.1963 1.0000 1.0000 0.0002 0.0027 0.0300 0.3319 1.0000 1.0000 0.0004 0.0046 0.0510 0.5641 1.0000 0.0001 0.0007 0.0080 0.0888 0.9924 1.0000 0.0001 0.0013 0.0147 0.1661 1.0000 1.0000 0.0002 0.0026 0.0302 0.3487 1.0000 1.0000 0.0005 0.0060 0.0703 0.8128 1.0000 1.0000 1.0000 0.8190 0.0707 0.0060 0.0005 1.0000 1.0000 0.3487 0.0302 0.0026 0.0002 1.0000 1.0000 0.1661 0.0147 0.0013 0.0001 1.0000 0.9924 0.0888 0.0080 0.0007 0.0001 1.0000 0.5641 0.0510 0.0046 0.0004 1.0000 1.0000 0.3319 0.0300 0.0027 0.0002 1.0000 1.0000 0.1963 0.0178 0.0016 0.0001 1.0000 1.0000 0.1162 0.0105 0.0010 0.0001 1.0000 0.7604 0.0688 0.0057
0.0692 0.8331 1.0000 0.0001 0.0010 0.0115 0.1275 1.0000 1.0000 0.0002 0.0018 0.0195 0.2155 1.0000 1.0000 0.0003 0.0030 0.0329 0.3636 1.0000 1.0000 0.0005 0.0050 0.0557 0.6169 1.0000 0.0001 0.0008 0.0086 0.0960 1.0000 1.0000 0.0001 0.0014 0.0155 0.1748 1.0000 1.0000 0.0002 0.0027 0.0306 0.3513 1.0000 1.0000 0.0005 0.0059 0.0681 0.7692 1.0000 0.0001 0.0004 0.0001 1.0000 0.8174 0.0702 0.0058 0.0005 1.0000 1.0000 0.3520 0.0306 0.0027 0.0002 1.0000 1.0000 0.1748 0.0155 0.0014 0.0001 1.0000 1.0000 0.0960 0.0086 0.0008 0.0001 1.0000 0.6169 0.0557 0.0050 0.0005 1.0000 1.0000 0.3636 0.0329 0.0030 0.0003 1.0000 1.0000 0.2155 0.0195 0.0018 0.0002 1.0000 1.0000 0.1275 0.0115 0.0010 0.0001 1.0000 0.8331 0.0692
0.8395 1.0000 0.0001 0.0011 0.0126 0.1397 1.0000 1.0000 0.0002 0.0019 0.0214 0.2361 1.0000 1.0000 0.0003 0.0033 0.0361 0.3991 1.0000 1.0000 0.0005 0.0055 0.0611 0.6746 1.0000 0.0001 0.0009 0.0094 0.1044 1.0000 1.0000 0.0001 0.0015 0.0166 0.1858 1.0000 1.0000 0.0002 0.0028 0.0316 0.3595 1.0000 1.0000 0.0005 0.0058 0.0682 0.7662 1.0000 0.0001 0.0010 0.0050 0.0011 0.0001 1.0000 0.8379 0.0699 0.0058 0.0005 1.0000 1.0000 0.3595 0.0316 0.0028 0.0002 1.0000 1.0000 0.1858 0.0166 0.0015 0.0001 1.0000 1.0000 0.1044 0.0094 0.0009 0.0001 1.0000 0.6746 0.0611 0.0055 0.0005 1.0000 1.0000 0.3991 0.0361 0.0033 0.0003 1.0000 1.0000 0.2361 0.0214 0.0019 0.0002 1.0000 1.0000 0.1397 0.0126 0.0011 0.0001 1.0000 0.8395
1.0000 0.0001 0.0013 0.0139 0.1530 1.0000 1.0000 0.0002 0.0021 0.0234 0.2587 1.0000 1.0000 0.0003 0.0036 0.0396 0.4372 1.0000 1.0000 0.0005 0.0060 0.0668 0.7391 1.0000 0.0001 0.0009 0.0103 0.1137 1.0000 1.0000 0.0001 0.0016 0.0178 0.1990 1.0000 1.0000 0.0003 0.0029 0.0330 0.3734 1.0000 1.0000 0.0005 0.0059 0.0681 0.7619 1.0000 0.0001 0.0011 0.0122 0.0597 0.0121 0.0011 0.0001 1.0000 0.7824 0.0685 0.0060 0.0005 1.0000 1.0000 0.3734 0.0330 0.0029 0.0003 1.0000 1.0000 0.1990 0.0178 0.0016 0.0001 1.0000 1.0000 0.1137 0.0103 0.0009 0.0001 1.0000 0.7391 0.0668 0.0060 0.0005 1.0000 1.0000 0.4372 0.0396 0.0036 0.0003 1.0000 1.0000 0.2587 0.0234 0.0021 0.0002 1.0000 1.0000 0.1530 0.0139 0.0013 0.0001 1.0000
0.0001 0.0014 0.0152 0.1677 1.0000 1.0000 0.0002 0.0023 0.0257 0.2834 1.0000 1.0000 0.0004 0.0039 0.0433 0.4781 1.0000 1.0000 0.0006 0.0066 0.0732 0.8082 1.0000 0.0001 0.0010 0.0112 0.1241 1.0000 1.0000 0.0002 0.0017 0.0193 0.2143 1.0000 1.0000 0.0003 0.0031 0.0349 0.3916 1.0000 1.0000 0.0005 0.0060 0.0664 0.7561 1.0000 0.0001 0.0011 0.0130 0.1368 0.6849 0.1342 0.0131 0.0012 0.0001 1.0000 0.8237 0.0725 0.0063 0.0005 1.0000 1.0000 0.3916 0.0349 0.0031 0.0003 1.0000 1.0000 0.2143 0.0193 0.0017 0.0002 1.0000 1.0000 0.1241 0.0112 0.0010 0.0001 1.0000 0.8082 0.0732 0.0066 0.0006 1.0000 1.0000 0.4781 0.0433 0.0039 0.0004 1.0000 1.0000 0.2834 0.0257 0.0023 0.0002 1.0000 1.0000 0.1677 0.0152 0.0014 0.0001
0.0014 0.0165 0.1826 1.0000 1.0000 0.0002 0.0025 0.0280 0.3087 1.0000 1.0000 0.0004 0.0043 0.0472 0.5208 1.0000 0.0001 0.0007 0.0072 0.0797 0.8804 1.0000 0.0001 0.0011 0.0122 0.1350 1.0000 1.0000 0.0002 0.0019 0.0209 0.2317 1.0000 1.0000 0.0003 0.0033 0.0369 0.4138 1.0000 1.0000 0.0005 0.0062 0.0703 0.7899 1.0000 0.0001 0.0011 0.0125 0.1510 1.0000 1.0000 1.0000 0.1599 0.0134 0.0011 0.0001 1.0000 0.7944 0.0730 0.0062 0.0005 1.0000 1.0000 0.4138 0.0369 0.0033 0.0003 1.0000 1.0000 0.2317 0.0209 0.0019 0.0002 1.0000 1.0000 0.1350 0.0122 0.0011 0.0001 1.0000 0.8804 0.0797 0.0072 0.0007 0.0001 1.0000 0.5208 0.0472 0.0043 0.0004 1.0000 1.0000 0.3087 0.0280 0.0025 0.0002 1.0000 1.0000 0.1826 0.0165 0.0014
0.0162 0.1952 1.0000 1.0000 0.0002 0.0027 0.0299 0.3300 1.0000 1.0000 0.0004 0.0046 0.0505 0.5577 1.0000 0.0001 0.0007 0.0077 0.0854 0.9427 1.0000 0.0001 0.0012 0.0131 0.1445 1.0000 1.0000 0.0002 0.0020 0.0222 0.2462 1.0000 1.0000 0.0003 0.0035 0.0388 0.4331 1.0000 1.0000 0.0006 0.0064 0.0721 0.8143 1.0000 0.0001 0.0012 0.0129 0.1457 1.0000 1.0000 0.0001 1.0000 1.0000 0.1542 0.0130 0.0011 0.0001 1.0000 0.8174 0.0721 0.0064 0.0006 1.0000 1.0000 0.4331 0.0388 0.0035 0.0003 1.0000 1.0000 0.2462 0.0222 0.0020 0.0002 1.0000 1.0000 0.1445 0.0131 0.0012 0.0001 1.0000 0.9427 0.0854 0.0077 0.0007 0.0001 1.0000 0.5577 0.0505 0.0046 0.0004 1.0000 1.0000 0.3300 0.0299 0.0027 0.0002 1.0000 1.0000 0.1952 0.0162
0.1738 1.0000 1.0000 0.0002 0.0026 0.0293 0.3231 1.0000 1.0000 0.0004 0.0045 0.0495 0.5462 1.0000 0.0001 0.0007 0.0076 0.0836 0.9232 1.0000 0.0001 0.0012 0.0128 0.1413 1.0000 1.0000 0.0002 0.0020 0.0217 0.2406 1.0000 1.0000 0.0003 0.0034 0.0375 0.4169 1.0000 1.0000 0.0005 0.0061 0.0681 0.7677 1.0000 0.0001 0.0010 0.0115 0.1337 1.0000 1.0000 0.0002 0.0008 0.0002 1.0000 1.0000 0.1384 0.0117 0.0010 0.0001 1.0000 0.7692 0.0681 0.0061 0.0005 1.0000 1.0000 0.4169 0.0375 0.0034 0.0003 1.0000 1.0000 0.2406 0.0217 0.0020 0.0002 1.0000 1.0000 0.1413 0.0128 0.0012 0.0001 1.0000 0.9232 0.0836 0.0076 0.0007 0.0001 1.0000 0.5462 0.0495 0.0045 0.0004 1.0000 1.0000 0.3231 0.0293 0.0026 0.0002 1.0000 1.0000 0.1738
0.8687 1.0000 0.0001 0.0012 0.0128 0.1410 1.0000 1.0000 0.0002 0.0020 0.0215 0.2379 1.0000 1.0000 0.0003 0.0033 0.0364 0.4021 1.0000 1.0000 0.0005 0.0056 0.0615 0.6810 1.0000 0.0001 0.0009 0.0095 0.1046 1.0000 1.0000 0.0001 0.0015 0.0162 0.1802 1.0000 1.0000 0.0002 0.0026 0.0290 0.3262 1.0000 1.0000 0.0004 0.0049 0.0556 0.6482 1.0000 0.0001 0.0008 0.0038 0.0008 0.0001 1.0000 0.6252 0.0533 0.0052 0.0004 1.0000 1.0000 0.3262 0.0290 0.0026 0.0002 1.0000 1.0000 0.1802 0.0162 0.0015 0.0001 1.0000 1.0000 0.1046 0.0095 0.0009 0.0001 1.0000 0.6810 0.0615 0.0056 0.0005 1.0000 1.0000 0.4021 0.0364 0.0033 0.0003 1.0000 1.0000 0.2379 0.0215 0.0020 0.0002 1.0000 1.0000 0.1410 0.0128 0.0012 0.0001 1.0000 0.8687
0.1738 1.0000 1.0000 0.0002 0.0026 0.0293 0.3231 1.0000 1.0000 0.0004 0.0045 0.0495 0.5462 1.0000 0.0001 0.0007 0.0076 0.0836 0.9232 1.0000 0.0001 0.0012 0.0128 0.1413 1.0000 1.0000 0.0002 0.0020 0.0217 0.2406 1.0000 1.0000 0.0003 0.0034 0.0375 0.4169 1.0000 1.0000 0.0005 0.0061 0.0681 0.7677 1.0000 0.0001 0.0010 0.0121 0.1337 1.0000 1.0000 0.0002 0.0008 0.0002 1.0000 1.0000 0.1337 0.0121 0.0011 0.0001 1.0000 0.7692 0.0681 0.0061 0.0005 1.0000 1.0000 0.4169 0.0375 0.0034 0.0003 1.0000 1.0000 0.2406 0.0217 0.0020 0.0002 1.0000 1.0000 0.1413 0.0128 0.0012 0.0001 1.0000 0.9232 0.0836 0.0076 0.0007 0.0001 1.0000 0.5462 0.0495 0.0045 0.0004 1.0000 1.0000 0.3231 0.0293 0.0026 0.0002 1.0000 1.0000 0.1738
0.0162 0.1952 1.0000 1.0000 0.0002 0.0027 0.0299 0.3300 1.0000 1.0000 0.0004 0.0046 0.0505 0.5577 1.0000 0.0001 0.0007 0.0077 0.0854 0.9427 1.0000 0.0001 0.0012 0.0131 0.1445 1.0000 1.0000 0.0002 0.0020 0.0222 0.2462 1.0000 1.0000 0.0003 0.0035 0.0388 0.4331 1.0000 1.0000 0.0006 0.0064 0.0721 0.8143 1.0000 0.0001 0.0011 0.0124 0.1510 1.0000 1.0000 0.0001 1.0000 1.0000 0.1482 0.0125 0.0011 0.0001 1.0000 0.8300 0.0721 0.0064 0.0006 1.0000 1.0000 0.4331 0.0388 0.0035 0.0003 1.0000 1.0000 0.2462 0.0222 0.0020 0.0002 1.0000 1.0000 0.1445 0.0131 0.0012 0.0001 1.0000 0.9427 0.0854 0.0077 0.0007 0.0001 1.0000 0.5577 0.0505 0.0046 0.0004 1.0000 1.0000 0.3300 0.0299 0.0027 0.0002 1.0000 1.0000 0.1952 0.0162
0.0014 0.0165 0.1826 1.0000 1.0000 0.0002 0.0025 0.0280 0.3087 1.0000 1.0000 0.0004 0.0043 0.0472 0.5208 1.0000 0.0001 0.0007 0.0072 0.0797 0.8804 1.0000 0.0001 0.0011 0.0122 0.1350 1.0000 1.0000 0.0002 0.0019 0.0209 0.2317 1.0000 1.0000 0.0003 0.0033 0.0369 0.4138 1.0000 1.0000 0.0005 0.0062 0.0706 0.7975 1.0000 0.0001 0.0011 0.0131 0.1504 1.0000 1.0000 1.0000 0.1445 0.0129 0.0011 0.0001 1.0000 0.8082 0.0714 0.0062 0.0005 1.0000 1.0000 0.4138 0.0369 0.0033 0.0003 1.0000 1.0000 0.2317 0.0209 0.0019 0.0002 1.0000 1.0000 0.1350 0.0122 0.0011 0.0001 1.0000 0.8804 0.0797 0.0072 0.0007 0.0001 1.0000 0.5208 0.0472 0.0043 0.0004 1.0000 1.0000 0.3087 0.0280 0.0025 0.0002 1.0000 1.0000 0.1826 0.0165 0.0014
0.0001 0.0014 0.0152 0.1677 1.0000 1.0000 0.0002 0.0023 0.0257 0.2834 1.0000 1.0000 0.0004 0.0039 0.0433 0.4781 1.0000 1.0000 0.0006 0.0066 0.0732 0.8082 1.0000 0.0001 0.0010 0.0112 0.1241 1.0000 1.0000 0.0002 0.0017 0.0193 0.2143 1.0000 1.0000 0.0003 0.0031 0.0349 0.3916 1.0000 1.0000 0.0005 0.0060 0.0683 0.7795 1.0000 0.0001 0.0011 0.0128 0.1365 0.6311 0.1413 0.0131 0.0012 0.0001 1.0000 0.7692 0.0685 0.0063 0.0005 1.0000 1.0000 0.3916 0.0349 0.0031 0.0003 1.0000 1.0000 0.2143 0.0193 0.0017 0.0002 1.0000 1.0000 0.1241 0.0112 0.0010 0.0001 1.0000 0.8082 0.0732 0.0066 0.0006 1.0000 1.0000 0.4781 0.0433 0.0039 0.0004 1.0000 1.0000 0.2834 0.0257 0.0023 0.0002 1.0000 1.0000 0.1677 0.0152 0.0014 0.0001
1.0000 0.0001 0.0013 0.0139 0.1530 1.0000 1.0000 0.0002 0.0021 0.0234 0.2587 1.0000 1.0000 0.0003 0.0036 0.0396 0.4372 1.0000 1.0000 0.0005 0.0060 0.0668 0.7391 1.0000 0.0001 0.0009 0.0103 0.1137 1.0000 1.0000 0.0001 0.0016 0.0178 0.1990 1.0000 1.0000 0.0003 0.0029 0.0330 0.3734 1.0000 1.0000 0.0005 0.0061 0.0712 0.7662 1.0000 0.0001 0.0011 0.0115 0.0566 0.0123 0.0011 0.0001 1.0000 0.7884 0.0674 0.0060 0.0005 1.0000 1.0000 0.3734 0.0330 0.0029 0.0003 1.0000 1.0000 0.1990 0.0178 0.0016 0.0001 1.0000 1.0000 0.1137 0.0103 0.0009 0.0001 1.0000 0.7391 0.0668 0.0060 0.0005 1.0000 1.0000 0.4372 0.0396 0.0036 0.0003 1.0000 1.0000 0.2587 0.0234 0.0021 0.0002 1.0000 1.0000 0.1530 0.0139 0.0013 0.0001 1.0000
