0.0018 0.0166 0.1182 0.8443 1.0000 1.0000 0.0011 0.0081 0.0575 0.4099 1.0000 1.0000 0.0006 0.0039 0.0279 0.1986 1.0000 1.0000 0.0003 0.0019 0.0135 0.0964 0.6849 1.0000 1.0000 0.0009 0.0066 0.0467 0.3325 1.0000 1.0000 0.0004 0.0032 0.0227 0.1611 1.0000 1.0000 0.0002 0.0015 0.0110 0.0782 0.5567 1.0000 1.0000 0.0007 0.0053 0.0380 0.2702 1.0000 1.0000 1.0000 1.0000 1.0000 0.2702 0.0380 0.0053 0.0007 1.0000 1.0000 0.5567 0.0782 0.0110 0.0015 0.0002 1.0000 1.0000 0.1611 0.0227 0.0032 0.0004 1.0000 1.0000 0.3325 0.0467 0.0066 0.0009 1.0000 1.0000 0.6849 0.0964 0.0135 0.0019 0.0003 1.0000 1.0000 0.1986 0.0279 0.0039 0.0006 1.0000 1.0000 0.4099 0.0575 0.0081 0.0011 1.0000 1.0000 0.8443 0.1182 0.0166 0.0018
0.0166 0.1394 0.9499 1.0000 1.0000 0.0012 0.0089 0.0630 0.4482 1.0000 1.0000 0.0006 0.0043 0.0306 0.2172 1.0000 1.0000 0.0003 0.0021 0.0148 0.1054 0.7504 1.0000 1.0000 0.0010 0.0072 0.0511 0.3643 1.0000 1.0000 0.0005 0.0035 0.0248 0.1765 1.0000 1.0000 1.0000 0.0017 0.0120 0.0857 0.6087 1.0000 1.0000 0.0008 0.0058 0.0415 0.2955 1.0000 1.0000 0.0004 0.0014 0.0004 1.0000 1.0000 0.2955 0.0415 0.0058 0.0008 1.0000 1.0000 0.6087 0.0857 0.0120 0.0017 1.0000 1.0000 1.0000 0.1765 0.0248 0.0035 0.0005 1.0000 1.0000 0.3643 0.0511 0.0072 0.0010 1.0000 1.0000 0.7504 0.1054 0.0148 0.0021 0.0003 1.0000 1.0000 0.2172 0.0306 0.0043 0.0006 1.0000 1.0000 0.4482 0.0630 0.0089 0.0012 1.0000 1.0000 0.9499 0.1394 0.0166
0.1182 0.9499 1.0000 1.0000 0.0011 0.0077 0.0545 0.3864 1.0000 1.0000 0.0005 0.0037 0.0262 0.1862 1.0000 1.0000 0.0003 0.0018 0.0127 0.0902 0.6420 1.0000 1.0000 0.0009 0.0062 0.0438 0.3117 1.0000 1.0000 0.0004 0.0030 0.0212 0.1510 1.0000 1.0000 1.0000 0.0014 0.0103 0.0733 0.5218 1.0000 1.0000 0.0007 0.0050 0.0355 0.2528 1.0000 1.0000 0.0003 0.0025 0.0083 0.0025 0.0003 1.0000 1.0000 0.2528 0.0355 0.0050 0.0007 1.0000 1.0000 0.5218 0.0733 0.0103 0.0014 1.0000 1.0000 1.0000 0.1510 0.0212 0.0030 0.0004 1.0000 1.0000 0.3117 0.0438 0.0062 0.0009 1.0000 1.0000 0.6420 0.0902 0.0127 0.0018 0.0003 1.0000 1.0000 0.1862 0.0262 0.0037 0.0005 1.0000 1.0000 0.3864 0.0545 0.0077 0.0011 1.0000 1.0000 0.9499 0.1182
0.8443 1.0000 1.0000 0.0011 0.0071 0.0494 0.3447 1.0000 1.0000 0.0005 0.0032 0.0228 0.1623 1.0000 1.0000 1.0000 0.0016 0.0110 0.0787 0.5599 1.0000 1.0000 0.0008 0.0054 0.0381 0.2713 1.0000 1.0000 0.0004 0.0026 0.0185 0.1317 0.9374 1.0000 1.0000 0.0013 0.0090 0.0638 0.4542 1.0000 1.0000 0.0006 0.0044 0.0310 0.2205 1.0000 1.0000 0.0003 0.0021 0.0156 0.0515 0.0156 0.0021 0.0003 1.0000 1.0000 0.2205 0.0310 0.0044 0.0006 1.0000 1.0000 0.4542 0.0638 0.0090 0.0013 1.0000 1.0000 0.9374 0.1317 0.0185 0.0026 0.0004 1.0000 1.0000 0.2713 0.0381 0.0054 0.0008 1.0000 1.0000 0.5599 0.0787 0.0110 0.0016 1.0000 1.0000 1.0000 0.1623 0.0228 0.0032 0.0005 1.0000 1.0000 0.3447 0.0494 0.0071 0.0011 1.0000 1.0000 0.8443
1.0000 1.0000 0.0011 0.0071 0.0474 0.3207 1.0000 1.0000 0.0004 0.0028 0.0200 0.1418 1.0000 1.0000 1.0000 0.0014 0.0096 0.0685 0.4873 1.0000 1.0000 0.0007 0.0047 0.0332 0.2361 1.0000 1.0000 0.0003 0.0023 0.0161 0.1146 0.8159 1.0000 1.0000 0.0011 0.0078 0.0555 0.3953 1.0000 1.0000 0.0005 0.0038 0.0270 0.1919 1.0000 1.0000 0.0003 0.0018 0.0132 0.0968 0.3189 0.0968 0.0132 0.0018 0.0003 1.0000 1.0000 0.1919 0.0270 0.0038 0.0005 1.0000 1.0000 0.3953 0.0555 0.0078 0.0011 1.0000 1.0000 0.8159 0.1146 0.0161 0.0023 0.0003 1.0000 1.0000 0.2361 0.0332 0.0047 0.0007 1.0000 1.0000 0.4873 0.0685 0.0096 0.0014 1.0000 1.0000 1.0000 0.1418 0.0200 0.0028 0.0004 1.0000 1.0000 0.3207 0.0474 0.0071 0.0011 1.0000 1.0000
1.0000 0.0012 0.0077 0.0494 0.3207 1.0000 1.0000 0.0004 0.0025 0.0178 0.1253 0.8854 1.0000 1.0000 0.0012 0.0084 0.0596 0.4241 1.0000 1.0000 0.0006 0.0041 0.0289 0.2055 1.0000 1.0000 0.0003 0.0020 0.0140 0.0998 0.7101 1.0000 1.0000 0.0010 0.0068 0.0483 0.3441 1.0000 1.0000 0.0005 0.0033 0.0235 0.1670 1.0000 1.0000 1.0000 0.0016 0.0114 0.0819 0.5995 1.0000 0.5995 0.0819 0.0114 0.0016 1.0000 1.0000 1.0000 0.1670 0.0235 0.0033 0.0005 1.0000 1.0000 0.3441 0.0483 0.0068 0.0010 1.0000 1.0000 0.7101 0.0998 0.0140 0.0020 0.0003 1.0000 1.0000 0.2055 0.0289 0.0041 0.0006 1.0000 1.0000 0.4241 0.0596 0.0084 0.0012 1.0000 1.0000 0.8854 0.1253 0.0178 0.0025 0.0004 1.0000 1.0000 0.3207 0.0494 0.0077 0.0012 1.0000
0.0011 0.0089 0.0545 0.3447 1.0000 1.0000 0.0004 0.0024 0.0164 0.1135 0.7914 1.0000 1.0000 0.0010 0.0073 0.0520 0.3699 1.0000 1.0000 0.0005 0.0035 0.0251 0.1789 1.0000 1.0000 0.0002 0.0017 0.0122 0.0868 0.6181 1.0000 1.0000 0.0008 0.0059 0.0421 0.2995 1.0000 1.0000 0.0004 0.0029 0.0204 0.1454 1.0000 1.0000 1.0000 0.0014 0.0099 0.0704 0.5072 1.0000 1.0000 1.0000 0.5072 0.0704 0.0099 0.0014 1.0000 1.0000 1.0000 0.1454 0.0204 0.0029 0.0004 1.0000 1.0000 0.2995 0.0421 0.0059 0.0008 1.0000 1.0000 0.6181 0.0868 0.0122 0.0017 0.0002 1.0000 1.0000 0.1789 0.0251 0.0035 0.0005 1.0000 1.0000 0.3699 0.0520 0.0073 0.0010 1.0000 1.0000 0.7914 0.1135 0.0164 0.0024 0.0004 1.0000 1.0000 0.3447 0.0545 0.0089 0.0011
0.0081 0.0630 0.3864 1.0000 1.0000 0.0004 0.0024 0.0159 0.1072 0.7321 1.0000 1.0000 0.0009 0.0065 0.0457 0.3238 1.0000 1.0000 0.0004 0.0031 0.0219 0.1557 1.0000 1.0000 1.0000 0.0015 0.0106 0.0756 0.5380 1.0000 1.0000 0.0007 0.0051 0.0366 0.2606 1.0000 1.0000 0.0004 0.0025 0.0178 0.1265 0.9007 1.0000 1.0000 0.0012 0.0086 0.0613 0.4372 1.0000 1.0000 0.0003 1.0000 1.0000 0.4372 0.0613 0.0086 0.0012 1.0000 1.0000 0.9007 0.1265 0.0178 0.0025 0.0004 1.0000 1.0000 0.2606 0.0366 0.0051 0.0007 1.0000 1.0000 0.5380 0.0756 0.0106 0.0015 1.0000 1.0000 1.0000 0.1557 0.0219 0.0031 0.0004 1.0000 1.0000 0.3238 0.0457 0.0065 0.0009 1.0000 1.0000 0.7321 0.1072 0.0159 0.0024 0.0004 1.0000 1.0000 0.3864 0.0630 0.0081
0.0575 0.4482 1.0000 1.0000 0.0004 0.0025 0.0164 0.1072 0.7115 1.0000 1.0000 0.0008 0.0058 0.0407 0.2861 1.0000 1.0000 0.0004 0.0027 0.0191 0.1355 0.9645 1.0000 1.0000 0.0013 0.0092 0.0658 0.4682 1.0000 1.0000 0.0006 0.0045 0.0319 0.2269 1.0000 1.0000 0.0003 0.0022 0.0155 0.1101 0.7839 1.0000 1.0000 0.0011 0.0075 0.0534 0.3798 1.0000 1.0000 0.0005 0.0017 0.0005 1.0000 1.0000 0.3798 0.0534 0.0075 0.0011 1.0000 1.0000 0.7839 0.1101 0.0155 0.0022 0.0003 1.0000 1.0000 0.2269 0.0319 0.0045 0.0006 1.0000 1.0000 0.4682 0.0658 0.0092 0.0013 1.0000 1.0000 0.9645 0.1355 0.0191 0.0027 0.0004 1.0000 1.0000 0.2861 0.0407 0.0058 0.0008 1.0000 1.0000 0.7115 0.1072 0.0164 0.0025 0.0004 1.0000 1.0000 0.4482 0.0575
0.4099 1.0000 1.0000 0.0005 0.0028 0.0178 0.1135 0.7321 1.0000 1.0000 0.0008 0.0054 0.0372 0.2587 1.0000 1.0000 0.0003 0.0024 0.0167 0.1184 0.8411 1.0000 1.0000 0.0011 0.0080 0.0573 0.4075 1.0000 1.0000 0.0005 0.0039 0.0277 0.1975 1.0000 1.0000 0.0003 0.0019 0.0135 0.0959 0.6823 1.0000 1.0000 0.0009 0.0065 0.0464 0.3306 1.0000 1.0000 0.0004 0.0033 0.0109 0.0033 0.0004 1.0000 1.0000 0.3306 0.0464 0.0065 0.0009 1.0000 1.0000 0.6823 0.0959 0.0135 0.0019 0.0003 1.0000 1.0000 0.1975 0.0277 0.0039 0.0005 1.0000 1.0000 0.4075 0.0573 0.0080 0.0011 1.0000 1.0000 0.8411 0.1184 0.0167 0.0024 0.0003 1.0000 1.0000 0.2587 0.0372 0.0054 0.0008 1.0000 1.0000 0.7321 0.1135 0.0178 0.0028 0.0005 1.0000 1.0000 0.4099
1.0000 1.0000 0.0005 0.0032 0.0200 0.1253 0.7914 1.0000 1.0000 0.0008 0.0053 0.0355 0.2416 1.0000 1.0000 0.0003 0.0021 0.0147 0.1040 0.7362 1.0000 1.0000 0.0010 0.0070 0.0498 0.3547 1.0000 1.0000 0.0005 0.0034 0.0241 0.1719 1.0000 1.0000 1.0000 0.0016 0.0117 0.0834 0.5939 1.0000 1.0000 0.0008 0.0057 0.0404 0.2877 1.0000 1.0000 0.0004 0.0028 0.0204 0.0672 0.0204 0.0028 0.0004 1.0000 1.0000 0.2877 0.0404 0.0057 0.0008 1.0000 1.0000 0.5939 0.0834 0.0117 0.0016 1.0000 1.0000 1.0000 0.1719 0.0241 0.0034 0.0005 1.0000 1.0000 0.3547 0.0498 0.0070 0.0010 1.0000 1.0000 0.7362 0.1040 0.0147 0.0021 0.0003 1.0000 1.0000 0.2416 0.0355 0.0053 0.0008 1.0000 1.0000 0.7914 0.1253 0.0200 0.0032 0.0005 1.0000 1.0000
1.0000 0.0006 0.0037 0.0228 0.1418 0.8854 1.0000 1.0000 0.0008 0.0054 0.0355 0.2352 1.0000 1.0000 0.0003 0.0019 0.0132 0.0926 0.6519 1.0000 1.0000 0.0009 0.0061 0.0435 0.3087 1.0000 1.0000 0.0004 0.0030 0.0210 0.1496 1.0000 1.0000 1.0000 0.0014 0.0102 0.0726 0.5169 1.0000 1.0000 0.0007 0.0049 0.0352 0.2504 1.0000 1.0000 0.0003 0.0024 0.0172 0.1263 0.4169 0.1263 0.0172 0.0024 0.0003 1.0000 1.0000 0.2504 0.0352 0.0049 0.0007 1.0000 1.0000 0.5169 0.0726 0.0102 0.0014 1.0000 1.0000 1.0000 0.1496 0.0210 0.0030 0.0004 1.0000 1.0000 0.3087 0.0435 0.0061 0.0009 1.0000 1.0000 0.6519 0.0926 0.0132 0.0019 0.0003 1.0000 1.0000 0.2352 0.0355 0.0054 0.0008 1.0000 1.0000 0.8854 0.1418 0.0228 0.0037 0.0006 1.0000
0.0006 0.0043 0.0262 0.1623 1.0000 1.0000 1.0000 0.0009 0.0058 0.0372 0.2416 1.0000 1.0000 0.0003 0.0018 0.0122 0.0842 0.5860 1.0000 1.0000 0.0008 0.0054 0.0380 0.2697 1.0000 1.0000 0.0004 0.0026 0.0183 0.1302 0.9267 1.0000 1.0000 0.0012 0.0089 0.0632 0.4499 1.0000 1.0000 0.0006 0.0043 0.0306 0.2180 1.0000 1.0000 0.0003 0.0021 0.0149 0.1068 0.7824 1.0000 0.7824 0.1068 0.0149 0.0021 0.0003 1.0000 1.0000 0.2180 0.0306 0.0043 0.0006 1.0000 1.0000 0.4499 0.0632 0.0089 0.0012 1.0000 1.0000 0.9267 0.1302 0.0183 0.0026 0.0004 1.0000 1.0000 0.2697 0.0380 0.0054 0.0008 1.0000 1.0000 0.5860 0.0842 0.0122 0.0018 0.0003 1.0000 1.0000 0.2416 0.0372 0.0058 0.0009 1.0000 1.0000 1.0000 0.1623 0.0262 0.0043 0.0006
0.0039 0.0306 0.1862 1.0000 1.0000 1.0000 0.0010 0.0065 0.0407 0.2587 1.0000 1.0000 0.0003 0.0017 0.0117 0.0791 0.5410 1.0000 1.0000 0.0007 0.0047 0.0335 0.2370 1.0000 1.0000 0.0003 0.0022 0.0159 0.1133 0.8066 1.0000 1.0000 0.0011 0.0077 0.0550 0.3916 1.0000 1.0000 0.0005 0.0037 0.0267 0.1897 1.0000 1.0000 0.0003 0.0018 0.0129 0.0921 0.6619 1.0000 1.0000 1.0000 0.6619 0.0921 0.0129 0.0018 0.0003 1.0000 1.0000 0.1897 0.0267 0.0037 0.0005 1.0000 1.0000 0.3916 0.0550 0.0077 0.0011 1.0000 1.0000 0.8066 0.1133 0.0159 0.0022 0.0003 1.0000 1.0000 0.2370 0.0335 0.0047 0.0007 1.0000 1.0000 0.5410 0.0791 0.0117 0.0017 0.0003 1.0000 1.0000 0.2587 0.0407 0.0065 0.0010 1.0000 1.0000 1.0000 0.1862 0.0306 0.0039
0.0279 0.2172 1.0000 1.0000 1.0000 0.0012 0.0073 0.0457 0.2861 1.0000 1.0000 0.0003 0.0018 0.0117 0.0773 0.5189 1.0000 1.0000 0.0006 0.0043 0.0299 0.2102 1.0000 1.0000 0.0003 0.0020 0.0139 0.0988 0.7021 1.0000 1.0000 0.0009 0.0067 0.0479 0.3408 1.0000 1.0000 0.0005 0.0033 0.0232 0.1651 1.0000 1.0000 1.0000 0.0016 0.0113 0.0802 0.5706 1.0000 1.0000 0.0004 1.0000 1.0000 0.5706 0.0802 0.0113 0.0016 1.0000 1.0000 1.0000 0.1651 0.0232 0.0033 0.0005 1.0000 1.0000 0.3408 0.0479 0.0067 0.0009 1.0000 1.0000 0.7021 0.0988 0.0139 0.0020 0.0003 1.0000 1.0000 0.2102 0.0299 0.0043 0.0006 1.0000 1.0000 0.5189 0.0773 0.0117 0.0018 0.0003 1.0000 1.0000 0.2861 0.0457 0.0073 0.0012 1.0000 1.0000 1.0000 0.2172 0.0279
0.1986 1.0000 1.0000 1.0000 0.0014 0.0084 0.0520 0.3238 1.0000 1.0000 0.0003 0.0019 0.0122 0.0791 0.5189 1.0000 1.0000 0.0006 0.0040 0.0274 0.1901 1.0000 1.0000 0.0002 0.0017 0.0122 0.0865 0.6134 1.0000 1.0000 0.0008 0.0059 0.0417 0.2966 1.0000 1.0000 0.0004 0.0028 0.0202 0.1437 1.0000 1.0000 1.0000 0.0014 0.0098 0.0698 0.4967 1.0000 1.0000 0.0007 0.0023 0.0007 1.0000 1.0000 0.4967 0.0698 0.0098 0.0014 1.0000 1.0000 1.0000 0.1437 0.0202 0.0028 0.0004 1.0000 1.0000 0.2966 0.0417 0.0059 0.0008 1.0000 1.0000 0.6134 0.0865 0.0122 0.0017 0.0002 1.0000 1.0000 0.1901 0.0274 0.0040 0.0006 1.0000 1.0000 0.5189 0.0791 0.0122 0.0019 0.0003 1.0000 1.0000 0.3238 0.0520 0.0084 0.0014 1.0000 1.0000 1.0000 0.1986
1.0000 1.0000 0.0003 0.0016 0.0096 0.0596 0.3699 1.0000 1.0000 0.0003 0.0021 0.0132 0.0842 0.5410 1.0000 1.0000 0.0006 0.0038 0.0258 0.1762 1.0000 1.0000 1.0000 0.0015 0.0108 0.0762 0.5390 1.0000 1.0000 0.0007 0.0051 0.0363 0.2582 1.0000 1.0000 0.0003 0.0025 0.0176 0.1251 0.8905 1.0000 1.0000 0.0012 0.0085 0.0607 0.4323 1.0000 1.0000 0.0006 0.0043 0.0142 0.0043 0.0006 1.0000 1.0000 0.4323 0.0607 0.0085 0.0012 1.0000 1.0000 0.8905 0.1251 0.0176 0.0025 0.0003 1.0000 1.0000 0.2582 0.0363 0.0051 0.0007 1.0000 1.0000 0.5390 0.0762 0.0108 0.0015 1.0000 1.0000 1.0000 0.1762 0.0258 0.0038 0.0006 1.0000 1.0000 0.5410 0.0842 0.0132 0.0021 0.0003 1.0000 1.0000 0.3699 0.0596 0.0096 0.0016 0.0003 1.0000 1.0000
1.0000 0.0003 0.0018 0.0110 0.0685 0.4241 1.0000 1.0000 0.0004 0.0024 0.0147 0.0926 0.5860 1.0000 1.0000 0.0006 0.0038 0.0253 0.1696 1.0000 1.0000 1.0000 0.0014 0.0097 0.0679 0.4772 1.0000 1.0000 0.0006 0.0045 0.0316 0.2247 1.0000 1.0000 0.0003 0.0021 0.0153 0.1089 0.7750 1.0000 1.0000 0.0010 0.0074 0.0529 0.3762 1.0000 1.0000 0.0005 0.0036 0.0267 0.0878 0.0267 0.0036 0.0005 1.0000 1.0000 0.3762 0.0529 0.0074 0.0010 1.0000 1.0000 0.7750 0.1089 0.0153 0.0021 0.0003 1.0000 1.0000 0.2247 0.0316 0.0045 0.0006 1.0000 1.0000 0.4772 0.0679 0.0097 0.0014 1.0000 1.0000 1.0000 0.1696 0.0253 0.0038 0.0006 1.0000 1.0000 0.5860 0.0926 0.0147 0.0024 0.0004 1.0000 1.0000 0.4241 0.0685 0.0110 0.0018 0.0003 1.0000
0.0003 0.0021 0.0127 0.0787 0.4873 1.0000 1.0000 0.0004 0.0027 0.0167 0.1040 0.6519 1.0000 1.0000 0.0006 0.0040 0.0258 0.1696 1.0000 1.0000 1.0000 0.0013 0.0089 0.0617 0.4298 1.0000 1.0000 0.0006 0.0039 0.0277 0.1963 1.0000 1.0000 0.0003 0.0019 0.0133 0.0948 0.6746 1.0000 1.0000 0.0009 0.0065 0.0460 0.3275 1.0000 1.0000 0.0004 0.0031 0.0225 0.1651 0.5441 0.1651 0.0225 0.0031 0.0004 1.0000 1.0000 0.3275 0.0460 0.0065 0.0009 1.0000 1.0000 0.6746 0.0948 0.0133 0.0019 0.0003 1.0000 1.0000 0.1963 0.0277 0.0039 0.0006 1.0000 1.0000 0.4298 0.0617 0.0089 0.0013 1.0000 1.0000 1.0000 0.1696 0.0258 0.0040 0.0006 1.0000 1.0000 0.6519 0.1040 0.0167 0.0027 0.0004 1.0000 1.0000 0.4873 0.0787 0.0127 0.0021 0.0003
0.0019 0.0148 0.0902 0.5599 1.0000 1.0000 0.0005 0.0031 0.0191 0.1184 0.7362 1.0000 1.0000 0.0007 0.0043 0.0274 0.1762 1.0000 1.0000 1.0000 0.0012 0.0084 0.0574 0.3946 1.0000 1.0000 0.0005 0.0035 0.0245 0.1728 1.0000 1.0000 1.0000 0.0016 0.0116 0.0825 0.5871 1.0000 1.0000 0.0008 0.0056 0.0400 0.2850 1.0000 1.0000 0.0004 0.0027 0.0194 0.1397 1.0000 1.0000 1.0000 0.1397 0.0194 0.0027 0.0004 1.0000 1.0000 0.2850 0.0400 0.0056 0.0008 1.0000 1.0000 0.5871 0.0825 0.0116 0.0016 1.0000 1.0000 1.0000 0.1728 0.0245 0.0035 0.0005 1.0000 1.0000 0.3946 0.0574 0.0084 0.0012 1.0000 1.0000 1.0000 0.1762 0.0274 0.0043 0.0007 1.0000 1.0000 0.7362 0.1184 0.0191 0.0031 0.0005 1.0000 1.0000 0.5599 0.0902 0.0148 0.0019
0.0135 0.1054 0.6420 1.0000 1.0000 0.0006 0.0035 0.0219 0.1355 0.8411 1.0000 1.0000 0.0008 0.0047 0.0299 0.1901 1.0000 1.0000 1.0000 0.0012 0.0083 0.0553 0.3734 1.0000 1.0000 0.0005 0.0031 0.0219 0.1536 1.0000 1.0000 1.0000 0.0014 0.0101 0.0719 0.5110 1.0000 1.0000 0.0007 0.0049 0.0349 0.2481 1.0000 1.0000 0.0003 0.0024 0.0169 0.1202 0.8654 1.0000 1.0000 1.0000 0.8654 0.1202 0.0169 0.0024 0.0003 1.0000 1.0000 0.2481 0.0349 0.0049 0.0007 1.0000 1.0000 0.5110 0.0719 0.0101 0.0014 1.0000 1.0000 1.0000 0.1536 0.0219 0.0031 0.0005 1.0000 1.0000 0.3734 0.0553 0.0083 0.0012 1.0000 1.0000 1.0000 0.1901 0.0299 0.0047 0.0008 1.0000 1.0000 0.8411 0.1355 0.0219 0.0035 0.0006 1.0000 1.0000 0.6420 0.1054 0.0135
0.0964 0.7504 1.0000 1.0000 0.0007 0.0041 0.0251 0.1557 0.9645 1.0000 1.0000 0.0009 0.0054 0.0335 0.2102 1.0000 1.0000 1.0000 0.0013 0.0084 0.0553 0.3671 1.0000 1.0000 0.0004 0.0029 0.0200 0.1389 0.9682 1.0000 1.0000 0.0013 0.0089 0.0630 0.4465 1.0000 1.0000 0.0006 0.0043 0.0303 0.2159 1.0000 1.0000 0.0003 0.0021 0.0147 0.1046 0.7461 1.0000 1.0000 0.0005 1.0000 1.0000 0.7461 0.1046 0.0147 0.0021 0.0003 1.0000 1.0000 0.2159 0.0303 0.0043 0.0006 1.0000 1.0000 0.4465 0.0630 0.0089 0.0013 1.0000 1.0000 0.9682 0.1389 0.0200 0.0029 0.0004 1.0000 1.0000 0.3671 0.0553 0.0084 0.0013 1.0000 1.0000 1.0000 0.2102 0.0335 0.0054 0.0009 1.0000 1.0000 0.9645 0.1557 0.0251 0.0041 0.0007 1.0000 1.0000 0.7504 0.0964
0.6849 1.0000 1.0000 0.0008 0.0047 0.0289 0.1789 1.0000 1.0000 1.0000 0.0010 0.0061 0.0380 0.2370 1.0000 1.0000 1.0000 0.0014 0.0089 0.0574 0.3734 1.0000 1.0000 0.0004 0.0027 0.0187 0.1280 0.8837 1.0000 1.0000 0.0011 0.0079 0.0555 0.3923 1.0000 1.0000 0.0005 0.0037 0.0264 0.1879 1.0000 1.0000 0.0003 0.0018 0.0128 0.0911 0.6482 1.0000 1.0000 0.0009 0.0030 0.0009 1.0000 1.0000 0.6482 0.0911 0.0128 0.0018 0.0003 1.0000 1.0000 0.1879 0.0264 0.0037 0.0005 1.0000 1.0000 0.3923 0.0555 0.0079 0.0011 1.0000 1.0000 0.8837 0.1280 0.0187 0.0027 0.0004 1.0000 1.0000 0.3734 0.0574 0.0089 0.0014 1.0000 1.0000 1.0000 0.2370 0.0380 0.0061 0.0010 1.0000 1.0000 1.0000 0.1789 0.0289 0.0047 0.0008 1.0000 1.0000 0.6849
1.0000 1.0000 0.0009 0.0054 0.0332 0.2055 1.0000 1.0000 1.0000 0.0011 0.0070 0.0435 0.2697 1.0000 1.0000 0.0002 0.0015 0.0097 0.0617 0.3946 1.0000 1.0000 0.0004 0.0027 0.0180 0.1216 0.8268 1.0000 1.0000 0.0010 0.0071 0.0495 0.3480 1.0000 1.0000 0.0005 0.0032 0.0230 0.1639 1.0000 1.0000 1.0000 0.0016 0.0111 0.0793 0.5641 1.0000 1.0000 0.0008 0.0056 0.0185 0.0056 0.0008 1.0000 1.0000 0.5641 0.0793 0.0111 0.0016 1.0000 1.0000 1.0000 0.1639 0.0230 0.0032 0.0005 1.0000 1.0000 0.3480 0.0495 0.0071 0.0010 1.0000 1.0000 0.8268 0.1216 0.0180 0.0027 0.0004 1.0000 1.0000 0.3946 0.0617 0.0097 0.0015 0.0002 1.0000 1.0000 0.2697 0.0435 0.0070 0.0011 1.0000 1.0000 1.0000 0.2055 0.0332 0.0054 0.0009 1.0000 1.0000
1.0000 0.0010 0.0062 0.0381 0.2361 1.0000 1.0000 1.0000 0.0013 0.0080 0.0498 0.3087 1.0000 1.0000 0.0003 0.0017 0.0108 0.0679 0.4298 1.0000 1.0000 0.0004 0.0027 0.0180 0.1193 0.7990 1.0000 1.0000 0.0009 0.0065 0.0448 0.3123 1.0000 1.0000 0.0004 0.0029 0.0202 0.1432 1.0000 1.0000 1.0000 0.0014 0.0097 0.0690 0.4910 1.0000 1.0000 0.0007 0.0047 0.0348 0.1146 0.0348 0.0047 0.0007 1.0000 1.0000 0.4910 0.0690 0.0097 0.0014 1.0000 1.0000 1.0000 0.1432 0.0202 0.0029 0.0004 1.0000 1.0000 0.3123 0.0448 0.0065 0.0009 1.0000 1.0000 0.7990 0.1193 0.0180 0.0027 0.0004 1.0000 1.0000 0.4298 0.0679 0.0108 0.0017 0.0003 1.0000 1.0000 0.3087 0.0498 0.0080 0.0013 1.0000 1.0000 1.0000 0.2361 0.0381 0.0062 0.0010 1.0000
0.0009 0.0072 0.0438 0.2713 1.0000 1.0000 0.0002 0.0015 0.0092 0.0573 0.3547 1.0000 1.0000 0.0003 0.0020 0.0122 0.0762 0.4772 1.0000 1.0000 0.0005 0.0029 0.0187 0.1216 0.7990 1.0000 1.0000 0.0009 0.0061 0.0414 0.2856 1.0000 1.0000 0.0004 0.0025 0.0178 0.1261 0.8922 1.0000 1.0000 0.0012 0.0084 0.0600 0.4274 1.0000 1.0000 0.0006 0.0041 0.0294 0.2155 0.7115 0.2155 0.0294 0.0041 0.0006 1.0000 1.0000 0.4274 0.0600 0.0084 0.0012 1.0000 1.0000 0.8922 0.1261 0.0178 0.0025 0.0004 1.0000 1.0000 0.2856 0.0414 0.0061 0.0009 1.0000 1.0000 0.7990 0.1216 0.0187 0.0029 0.0005 1.0000 1.0000 0.4772 0.0762 0.0122 0.0020 0.0003 1.0000 1.0000 0.3547 0.0573 0.0092 0.0015 0.0002 1.0000 1.0000 0.2713 0.0438 0.0072 0.0009
0.0066 0.0511 0.3117 1.0000 1.0000 0.0003 0.0017 0.0106 0.0658 0.4075 1.0000 1.0000 0.0004 0.0022 0.0139 0.0865 0.5390 1.0000 1.0000 0.0005 0.0031 0.0200 0.1280 0.8268 1.0000 1.0000 0.0009 0.0059 0.0395 0.2682 1.0000 1.0000 0.0003 0.0023 0.0159 0.1118 0.7884 1.0000 1.0000 0.0010 0.0074 0.0524 0.3720 1.0000 1.0000 0.0005 0.0036 0.0254 0.1823 1.0000 1.0000 1.0000 0.1823 0.0254 0.0036 0.0005 1.0000 1.0000 0.3720 0.0524 0.0074 0.0010 1.0000 1.0000 0.7884 0.1118 0.0159 0.0023 0.0003 1.0000 1.0000 0.2682 0.0395 0.0059 0.0009 1.0000 1.0000 0.8268 0.1280 0.0200 0.0031 0.0005 1.0000 1.0000 0.5390 0.0865 0.0139 0.0022 0.0004 1.0000 1.0000 0.4075 0.0658 0.0106 0.0017 0.0003 1.0000 1.0000 0.3117 0.0511 0.0066
0.0467 0.3643 1.0000 1.0000 0.0003 0.0020 0.0122 0.0756 0.4682 1.0000 1.0000 0.0004 0.0026 0.0159 0.0988 0.6134 1.0000 1.0000 0.0006 0.0035 0.0219 0.1389 0.8837 1.0000 1.0000 0.0009 0.0059 0.0388 0.2597 1.0000 1.0000 0.0003 0.0021 0.0145 0.1007 0.7047 1.0000 1.0000 0.0009 0.0065 0.0458 0.3250 1.0000 1.0000 0.0004 0.0031 0.0221 0.1572 1.0000 1.0000 1.0000 1.0000 1.0000 0.1572 0.0221 0.0031 0.0004 1.0000 1.0000 0.3250 0.0458 0.0065 0.0009 1.0000 1.0000 0.7047 0.1007 0.0145 0.0021 0.0003 1.0000 1.0000 0.2597 0.0388 0.0059 0.0009 1.0000 1.0000 0.8837 0.1389 0.0219 0.0035 0.0006 1.0000 1.0000 0.6134 0.0988 0.0159 0.0026 0.0004 1.0000 1.0000 0.4682 0.0756 0.0122 0.0020 0.0003 1.0000 1.0000 0.3643 0.0467
0.3325 1.0000 1.0000 0.0004 0.0023 0.0140 0.0868 0.5380 1.0000 1.0000 0.0005 0.0030 0.0183 0.1133 0.7021 1.0000 1.0000 0.0006 0.0039 0.0245 0.1536 0.9682 1.0000 1.0000 0.0009 0.0061 0.0395 0.2597 1.0000 1.0000 0.0003 0.0020 0.0134 0.0923 0.6396 1.0000 1.0000 0.0008 0.0057 0.0404 0.2856 1.0000 1.0000 0.0004 0.0027 0.0192 0.1368 0.9737 1.0000 1.0000 0.0006 1.0000 1.0000 0.9737 0.1368 0.0192 0.0027 0.0004 1.0000 1.0000 0.2856 0.0404 0.0057 0.0008 1.0000 1.0000 0.6396 0.0923 0.0134 0.0020 0.0003 1.0000 1.0000 0.2597 0.0395 0.0061 0.0009 1.0000 1.0000 0.9682 0.1536 0.0245 0.0039 0.0006 1.0000 1.0000 0.7021 0.1133 0.0183 0.0030 0.0005 1.0000 1.0000 0.5380 0.0868 0.0140 0.0023 0.0004 1.0000 1.0000 0.3325
1.0000 1.0000 0.0004 0.0026 0.0161 0.0998 0.6181 1.0000 1.0000 0.0005 0.0034 0.0210 0.1302 0.8066 1.0000 1.0000 0.0007 0.0045 0.0277 0.1728 1.0000 1.0000 1.0000 0.0010 0.0065 0.0414 0.2682 1.0000 1.0000 0.0003 0.0019 0.0128 0.0870 0.5939 1.0000 1.0000 0.0007 0.0051 0.0360 0.2533 1.0000 1.0000 0.0003 0.0024 0.0168 0.1193 0.8475 1.0000 1.0000 0.0012 0.0039 0.0012 1.0000 1.0000 0.8475 0.1193 0.0168 0.0024 0.0003 1.0000 1.0000 0.2533 0.0360 0.0051 0.0007 1.0000 1.0000 0.5939 0.0870 0.0128 0.0019 0.0003 1.0000 1.0000 0.2682 0.0414 0.0065 0.0010 1.0000 1.0000 1.0000 0.1728 0.0277 0.0045 0.0007 1.0000 1.0000 0.8066 0.1302 0.0210 0.0034 0.0005 1.0000 1.0000 0.6181 0.0998 0.0161 0.0026 0.0004 1.0000 1.0000
1.0000 0.0005 0.0030 0.0185 0.1146 0.7101 1.0000 1.0000 0.0006 0.0039 0.0241 0.1496 0.9267 1.0000 1.0000 0.0008 0.0051 0.0316 0.1963 1.0000 1.0000 1.0000 0.0011 0.0071 0.0448 0.2856 1.0000 1.0000 0.0003 0.0019 0.0126 0.0842 0.5674 1.0000 1.0000 0.0007 0.0047 0.0325 0.2269 1.0000 1.0000 0.0003 0.0021 0.0147 0.1042 0.7391 1.0000 1.0000 0.0010 0.0073 0.0242 0.0073 0.0010 1.0000 1.0000 0.7391 0.1042 0.0147 0.0021 0.0003 1.0000 1.0000 0.2269 0.0325 0.0047 0.0007 1.0000 1.0000 0.5674 0.0842 0.0126 0.0019 0.0003 1.0000 1.0000 0.2856 0.0448 0.0071 0.0011 1.0000 1.0000 1.0000 0.1963 0.0316 0.0051 0.0008 1.0000 1.0000 0.9267 0.1496 0.0241 0.0039 0.0006 1.0000 1.0000 0.7101 0.1146 0.0185 0.0030 0.0005 1.0000
0.0004 0.0035 0.0212 0.1317 0.8159 1.0000 1.0000 0.0007 0.0045 0.0277 0.1719 1.0000 1.0000 1.0000 0.0009 0.0059 0.0363 0.2247 1.0000 1.0000 1.0000 0.0013 0.0079 0.0495 0.3123 1.0000 1.0000 0.0003 0.0020 0.0128 0.0842 0.5588 1.0000 1.0000 0.0006 0.0043 0.0299 0.2067 1.0000 1.0000 0.0003 0.0018 0.0130 0.0916 0.6482 1.0000 1.0000 0.0009 0.0062 0.0455 0.1499 0.0455 0.0062 0.0009 1.0000 1.0000 0.6482 0.0916 0.0130 0.0018 0.0003 1.0000 1.0000 0.2067 0.0299 0.0043 0.0006 1.0000 1.0000 0.5588 0.0842 0.0128 0.0020 0.0003 1.0000 1.0000 0.3123 0.0495 0.0079 0.0013 1.0000 1.0000 1.0000 0.2247 0.0363 0.0059 0.0009 1.0000 1.0000 1.0000 0.1719 0.0277 0.0045 0.0007 1.0000 1.0000 0.8159 0.1317 0.0212 0.0035 0.0004
0.0032 0.0248 0.1510 0.9374 1.0000 1.0000 0.0008 0.0051 0.0319 0.1975 1.0000 1.0000 1.0000 0.0011 0.0067 0.0417 0.2582 1.0000 1.0000 1.0000 0.0014 0.0089 0.0555 0.3480 1.0000 1.0000 0.0003 0.0021 0.0134 0.0870 0.5674 1.0000 1.0000 0.0006 0.0041 0.0282 0.1923 1.0000 1.0000 0.0002 0.0017 0.0116 0.0812 0.5728 1.0000 1.0000 0.0008 0.0054 0.0385 0.2818 0.9303 0.2818 0.0385 0.0054 0.0008 1.0000 1.0000 0.5728 0.0812 0.0116 0.0017 0.0002 1.0000 1.0000 0.1923 0.0282 0.0041 0.0006 1.0000 1.0000 0.5674 0.0870 0.0134 0.0021 0.0003 1.0000 1.0000 0.3480 0.0555 0.0089 0.0014 1.0000 1.0000 1.0000 0.2582 0.0417 0.0067 0.0011 1.0000 1.0000 1.0000 0.1975 0.0319 0.0051 0.0008 1.0000 1.0000 0.9374 0.1510 0.0248 0.0032
0.0227 0.1765 1.0000 1.0000 1.0000 0.0010 0.0059 0.0366 0.2269 1.0000 1.0000 1.0000 0.0012 0.0077 0.0479 0.2966 1.0000 1.0000 0.0003 0.0016 0.0101 0.0630 0.3923 1.0000 1.0000 0.0004 0.0023 0.0145 0.0923 0.5939 1.0000 1.0000 0.0006 0.0041 0.0273 0.1837 1.0000 1.0000 1.0000 0.0015 0.0105 0.0730 0.5110 1.0000 1.0000 0.0007 0.0047 0.0334 0.2393 1.0000 1.0000 1.0000 0.2393 0.0334 0.0047 0.0007 1.0000 1.0000 0.5110 0.0730 0.0105 0.0015 1.0000 1.0000 1.0000 0.1837 0.0273 0.0041 0.0006 1.0000 1.0000 0.5939 0.0923 0.0145 0.0023 0.0004 1.0000 1.0000 0.3923 0.0630 0.0101 0.0016 0.0003 1.0000 1.0000 0.2966 0.0479 0.0077 0.0012 1.0000 1.0000 1.0000 0.2269 0.0366 0.0059 0.0010 1.0000 1.0000 1.0000 0.1765 0.0227
0.1611 1.0000 1.0000 1.0000 0.0011 0.0068 0.0421 0.2606 1.0000 1.0000 1.0000 0.0014 0.0089 0.0550 0.3408 1.0000 1.0000 0.0003 0.0019 0.0116 0.0719 0.4465 1.0000 1.0000 0.0004 0.0025 0.0159 0.1007 0.6396 1.0000 1.0000 0.0006 0.0041 0.0273 0.1809 1.0000 1.0000 1.0000 0.0014 0.0097 0.0667 0.4620 1.0000 1.0000 0.0006 0.0042 0.0294 0.2079 1.0000 1.0000 1.0000 1.0000 1.0000 0.2079 0.0294 0.0042 0.0006 1.0000 1.0000 0.4620 0.0667 0.0097 0.0014 1.0000 1.0000 1.0000 0.1809 0.0273 0.0041 0.0006 1.0000 1.0000 0.6396 0.1007 0.0159 0.0025 0.0004 1.0000 1.0000 0.4465 0.0719 0.0116 0.0019 0.0003 1.0000 1.0000 0.3408 0.0550 0.0089 0.0014 1.0000 1.0000 1.0000 0.2606 0.0421 0.0068 0.0011 1.0000 1.0000 1.0000 0.1611
1.0000 1.0000 1.0000 0.0013 0.0078 0.0483 0.2995 1.0000 1.0000 0.0003 0.0016 0.0102 0.0632 0.3916 1.0000 1.0000 0.0003 0.0021 0.0133 0.0825 0.5110 1.0000 1.0000 0.0005 0.0029 0.0178 0.1118 0.7047 1.0000 1.0000 0.0007 0.0043 0.0282 0.1837 1.0000 1.0000 1.0000 0.0013 0.0091 0.0621 0.4266 1.0000 1.0000 0.0005 0.0037 0.0261 0.1840 1.0000 1.0000 1.0000 0.0008 1.0000 1.0000 1.0000 0.1840 0.0261 0.0037 0.0005 1.0000 1.0000 0.4266 0.0621 0.0091 0.0013 1.0000 1.0000 1.0000 0.1837 0.0282 0.0043 0.0007 1.0000 1.0000 0.7047 0.1118 0.0178 0.0029 0.0005 1.0000 1.0000 0.5110 0.0825 0.0133 0.0021 0.0003 1.0000 1.0000 0.3916 0.0632 0.0102 0.0016 0.0003 1.0000 1.0000 0.2995 0.0483 0.0078 0.0013 1.0000 1.0000 1.0000
1.0000 1.0000 0.0014 0.0090 0.0555 0.3441 1.0000 1.0000 0.0003 0.0019 0.0117 0.0726 0.4499 1.0000 1.0000 0.0004 0.0025 0.0153 0.0948 0.5871 1.0000 1.0000 0.0005 0.0032 0.0202 0.1261 0.7884 1.0000 1.0000 0.0007 0.0047 0.0299 0.1923 1.0000 1.0000 1.0000 0.0013 0.0088 0.0595 0.4029 1.0000 1.0000 0.0005 0.0034 0.0235 0.1642 1.0000 1.0000 1.0000 0.0016 0.0052 0.0016 1.0000 1.0000 1.0000 0.1642 0.0235 0.0034 0.0005 1.0000 1.0000 0.4029 0.0595 0.0088 0.0013 1.0000 1.0000 1.0000 0.1923 0.0299 0.0047 0.0007 1.0000 1.0000 0.7884 0.1261 0.0202 0.0032 0.0005 1.0000 1.0000 0.5871 0.0948 0.0153 0.0025 0.0004 1.0000 1.0000 0.4499 0.0726 0.0117 0.0019 0.0003 1.0000 1.0000 0.3441 0.0555 0.0090 0.0014 1.0000 1.0000
0.0002 0.0017 0.0103 0.0638 0.3953 1.0000 1.0000 0.0004 0.0022 0.0135 0.0834 0.5169 1.0000 1.0000 0.0005 0.0028 0.0176 0.1089 0.6746 1.0000 1.0000 0.0006 0.0037 0.0230 0.1432 0.8922 1.0000 1.0000 0.0008 0.0051 0.0325 0.2067 1.0000 1.0000 1.0000 0.0013 0.0088 0.0586 0.3908 1.0000 1.0000 0.0005 0.0031 0.0215 0.1490 1.0000 1.0000 1.0000 0.0014 0.0098 0.0323 0.0098 0.0014 1.0000 1.0000 1.0000 0.1490 0.0215 0.0031 0.0005 1.0000 1.0000 0.3908 0.0586 0.0088 0.0013 1.0000 1.0000 1.0000 0.2067 0.0325 0.0051 0.0008 1.0000 1.0000 0.8922 0.1432 0.0230 0.0037 0.0006 1.0000 1.0000 0.6746 0.1089 0.0176 0.0028 0.0005 1.0000 1.0000 0.5169 0.0834 0.0135 0.0022 0.0004 1.0000 1.0000 0.3953 0.0638 0.0103 0.0017 0.0002
0.0015 0.0120 0.0733 0.4542 1.0000 1.0000 0.0004 0.0025 0.0155 0.0959 0.5939 1.0000 1.0000 0.0005 0.0033 0.0202 0.1251 0.7750 1.0000 1.0000 0.0007 0.0043 0.0264 0.1639 1.0000 1.0000 1.0000 0.0009 0.0057 0.0360 0.2269 1.0000 1.0000 1.0000 0.0014 0.0091 0.0595 0.3908 1.0000 1.0000 0.0004 0.0029 0.0201 0.1378 0.9499 1.0000 1.0000 0.0012 0.0085 0.0615 0.2024 0.0615 0.0085 0.0012 1.0000 1.0000 0.9499 0.1378 0.0201 0.0029 0.0004 1.0000 1.0000 0.3908 0.0595 0.0091 0.0014 1.0000 1.0000 1.0000 0.2269 0.0360 0.0057 0.0009 1.0000 1.0000 1.0000 0.1639 0.0264 0.0043 0.0007 1.0000 1.0000 0.7750 0.1251 0.0202 0.0033 0.0005 1.0000 1.0000 0.5939 0.0959 0.0155 0.0025 0.0004 1.0000 1.0000 0.4542 0.0733 0.0120 0.0015
0.0110 0.0857 0.5218 1.0000 1.0000 0.0005 0.0029 0.0178 0.1101 0.6823 1.0000 1.0000 0.0006 0.0037 0.0232 0.1437 0.8905 1.0000 1.0000 0.0008 0.0049 0.0303 0.1879 1.0000 1.0000 1.0000 0.0010 0.0065 0.0404 0.2533 1.0000 1.0000 0.0002 0.0015 0.0097 0.0621 0.4029 1.0000 1.0000 0.0004 0.0029 0.0193 0.1302 0.8888 1.0000 1.0000 0.0011 0.0076 0.0535 0.3864 1.0000 0.3864 0.0535 0.0076 0.0011 1.0000 1.0000 0.8888 0.1302 0.0193 0.0029 0.0004 1.0000 1.0000 0.4029 0.0621 0.0097 0.0015 0.0002 1.0000 1.0000 0.2533 0.0404 0.0065 0.0010 1.0000 1.0000 1.0000 0.1879 0.0303 0.0049 0.0008 1.0000 1.0000 0.8905 0.1437 0.0232 0.0037 0.0006 1.0000 1.0000 0.6823 0.1101 0.0178 0.0029 0.0005 1.0000 1.0000 0.5218 0.0857 0.0110
0.0782 0.6087 1.0000 1.0000 0.0005 0.0033 0.0204 0.1265 0.7839 1.0000 1.0000 0.0007 0.0043 0.0267 0.1651 1.0000 1.0000 1.0000 0.0009 0.0056 0.0349 0.2159 1.0000 1.0000 1.0000 0.0012 0.0074 0.0458 0.2856 1.0000 1.0000 0.0003 0.0017 0.0105 0.0667 0.4266 1.0000 1.0000 0.0004 0.0029 0.0189 0.1265 0.8507 1.0000 1.0000 0.0010 0.0069 0.0480 0.3376 1.0000 1.0000 1.0000 0.3376 0.0480 0.0069 0.0010 1.0000 1.0000 0.8507 0.1265 0.0189 0.0029 0.0004 1.0000 1.0000 0.4266 0.0667 0.0105 0.0017 0.0003 1.0000 1.0000 0.2856 0.0458 0.0074 0.0012 1.0000 1.0000 1.0000 0.2159 0.0349 0.0056 0.0009 1.0000 1.0000 1.0000 0.1651 0.0267 0.0043 0.0007 1.0000 1.0000 0.7839 0.1265 0.0204 0.0033 0.0005 1.0000 1.0000 0.6087 0.0782
0.5567 1.0000 1.0000 0.0006 0.0038 0.0235 0.1454 0.9007 1.0000 1.0000 0.0008 0.0049 0.0306 0.1897 1.0000 1.0000 1.0000 0.0010 0.0065 0.0400 0.2481 1.0000 1.0000 1.0000 0.0014 0.0084 0.0524 0.3250 1.0000 1.0000 0.0003 0.0018 0.0116 0.0730 0.4620 1.0000 1.0000 0.0005 0.0029 0.0193 0.1265 0.8379 1.0000 1.0000 0.0010 0.0065 0.0444 0.3064 1.0000 1.0000 1.0000 1.0000 1.0000 0.3064 0.0444 0.0065 0.0010 1.0000 1.0000 0.8379 0.1265 0.0193 0.0029 0.0005 1.0000 1.0000 0.4620 0.0730 0.0116 0.0018 0.0003 1.0000 1.0000 0.3250 0.0524 0.0084 0.0014 1.0000 1.0000 1.0000 0.2481 0.0400 0.0065 0.0010 1.0000 1.0000 1.0000 0.1897 0.0306 0.0049 0.0008 1.0000 1.0000 0.9007 0.1454 0.0235 0.0038 0.0006 1.0000 1.0000 0.5567
1.0000 1.0000 0.0007 0.0044 0.0270 0.1670 1.0000 1.0000 1.0000 0.0009 0.0057 0.0352 0.2180 1.0000 1.0000 1.0000 0.0012 0.0074 0.0460 0.2850 1.0000 1.0000 0.0003 0.0016 0.0097 0.0600 0.3720 1.0000 1.0000 0.0003 0.0021 0.0130 0.0812 0.5110 1.0000 1.0000 0.0005 0.0031 0.0201 0.1302 0.8507 1.0000 1.0000 0.0009 0.0062 0.0421 0.2867 1.0000 1.0000 0.0004 0.0012 0.0004 1.0000 1.0000 0.2867 0.0421 0.0062 0.0009 1.0000 1.0000 0.8507 0.1302 0.0201 0.0031 0.0005 1.0000 1.0000 0.5110 0.0812 0.0130 0.0021 0.0003 1.0000 1.0000 0.3720 0.0600 0.0097 0.0016 0.0003 1.0000 1.0000 0.2850 0.0460 0.0074 0.0012 1.0000 1.0000 1.0000 0.2180 0.0352 0.0057 0.0009 1.0000 1.0000 1.0000 0.1670 0.0270 0.0044 0.0007 1.0000 1.0000
1.0000 0.0008 0.0050 0.0310 0.1919 1.0000 1.0000 1.0000 0.0011 0.0065 0.0404 0.2504 1.0000 1.0000 1.0000 0.0014 0.0085 0.0529 0.3275 1.0000 1.0000 0.0003 0.0018 0.0111 0.0690 0.4274 1.0000 1.0000 0.0004 0.0024 0.0147 0.0916 0.5728 1.0000 1.0000 0.0005 0.0034 0.0215 0.1378 0.8888 1.0000 1.0000 0.0009 0.0061 0.0410 0.2754 1.0000 1.0000 0.0003 0.0023 0.0076 0.0023 0.0003 1.0000 1.0000 0.2749 0.0409 0.0061 0.0009 1.0000 1.0000 0.8888 0.1378 0.0215 0.0034 0.0005 1.0000 1.0000 0.5728 0.0916 0.0147 0.0024 0.0004 1.0000 1.0000 0.4274 0.0690 0.0111 0.0018 0.0003 1.0000 1.0000 0.3275 0.0529 0.0085 0.0014 1.0000 1.0000 1.0000 0.2504 0.0404 0.0065 0.0011 1.0000 1.0000 1.0000 0.1919 0.0310 0.0050 0.0008 1.0000
0.0007 0.0058 0.0355 0.2205 1.0000 1.0000 1.0000 0.0012 0.0075 0.0464 0.2877 1.0000 1.0000 0.0003 0.0016 0.0098 0.0607 0.3762 1.0000 1.0000 0.0003 0.0021 0.0128 0.0793 0.4910 1.0000 1.0000 0.0004 0.0027 0.0168 0.1042 0.6482 1.0000 1.0000 0.0006 0.0037 0.0235 0.1490 0.9499 1.0000 1.0000 0.0010 0.0062 0.0410 0.2713 1.0000 1.0000 0.0003 0.0021 0.0150 0.0487 0.0150 0.0021 0.0003 1.0000 1.0000 0.2713 0.0409 0.0062 0.0010 1.0000 1.0000 0.9499 0.1490 0.0235 0.0037 0.0006 1.0000 1.0000 0.6482 0.1042 0.0168 0.0027 0.0004 1.0000 1.0000 0.4910 0.0793 0.0128 0.0021 0.0003 1.0000 1.0000 0.3762 0.0607 0.0098 0.0016 0.0003 1.0000 1.0000 0.2877 0.0464 0.0075 0.0012 1.0000 1.0000 1.0000 0.2205 0.0355 0.0058 0.0007
0.0053 0.0415 0.2528 1.0000 1.0000 1.0000 0.0014 0.0086 0.0534 0.3306 1.0000 1.0000 0.0003 0.0018 0.0113 0.0698 0.4323 1.0000 1.0000 0.0004 0.0024 0.0147 0.0911 0.5641 1.0000 1.0000 0.0005 0.0031 0.0192 0.1193 0.7391 1.0000 1.0000 0.0007 0.0042 0.0261 0.1642 1.0000 1.0000 1.0000 0.0010 0.0065 0.0421 0.2754 1.0000 1.0000 0.0003 0.0020 0.0138 0.0966 0.3141 0.0968 0.0138 0.0020 0.0003 1.0000 1.0000 0.2749 0.0421 0.0065 0.0010 1.0000 1.0000 1.0000 0.1642 0.0261 0.0042 0.0007 1.0000 1.0000 0.7391 0.1193 0.0192 0.0031 0.0005 1.0000 1.0000 0.5641 0.0911 0.0147 0.0024 0.0004 1.0000 1.0000 0.4323 0.0698 0.0113 0.0018 0.0003 1.0000 1.0000 0.3306 0.0534 0.0086 0.0014 1.0000 1.0000 1.0000 0.2528 0.0415 0.0053
0.0379 0.2955 1.0000 1.0000 0.0003 0.0016 0.0099 0.0613 0.3798 1.0000 1.0000 0.0003 0.0021 0.0129 0.0802 0.4967 1.0000 1.0000 0.0004 0.0027 0.0169 0.1046 0.6482 1.0000 1.0000 0.0006 0.0036 0.0221 0.1368 0.8475 1.0000 1.0000 0.0008 0.0047 0.0294 0.1840 1.0000 1.0000 1.0000 0.0011 0.0069 0.0444 0.2867 1.0000 1.0000 0.0003 0.0020 0.0132 0.0900 0.6287 1.0000 0.6287 0.0900 0.0132 0.0020 0.0003 1.0000 1.0000 0.2867 0.0444 0.0069 0.0011 1.0000 1.0000 1.0000 0.1840 0.0294 0.0047 0.0008 1.0000 1.0000 0.8475 0.1368 0.0221 0.0036 0.0006 1.0000 1.0000 0.6482 0.1046 0.0169 0.0027 0.0004 1.0000 1.0000 0.4967 0.0802 0.0129 0.0021 0.0003 1.0000 1.0000 0.3798 0.0613 0.0099 0.0016 0.0003 1.0000 1.0000 0.2955 0.0380
0.2702 1.0000 1.0000 0.0003 0.0018 0.0114 0.0704 0.4364 1.0000 1.0000 0.0004 0.0024 0.0149 0.0921 0.5706 1.0000 1.0000 0.0005 0.0031 0.0194 0.1202 0.7447 1.0000 1.0000 0.0007 0.0041 0.0254 0.1572 0.9737 1.0000 1.0000 0.0009 0.0054 0.0334 0.2079 1.0000 1.0000 1.0000 0.0012 0.0076 0.0480 0.3058 1.0000 1.0000 0.0003 0.0020 0.0132 0.0878 0.5916 1.0000 1.0000 1.0000 0.5916 0.0878 0.0132 0.0020 0.0003 1.0000 1.0000 0.3064 0.0480 0.0076 0.0012 1.0000 1.0000 1.0000 0.2079 0.0334 0.0054 0.0009 1.0000 1.0000 0.9737 0.1572 0.0254 0.0041 0.0007 1.0000 1.0000 0.7461 0.1202 0.0194 0.0031 0.0005 1.0000 1.0000 0.5706 0.0921 0.0149 0.0024 0.0004 1.0000 1.0000 0.4372 0.0704 0.0114 0.0018 0.0003 1.0000 1.0000 0.2702
1.0000 1.0000 0.0003 0.0021 0.0131 0.0809 0.5014 1.0000 1.0000 0.0004 0.0028 0.0171 0.1058 0.6556 1.0000 1.0000 0.0006 0.0036 0.0223 0.1381 0.8556 1.0000 1.0000 0.0008 0.0047 0.0291 0.1806 1.0000 1.0000 1.0000 0.0010 0.0061 0.0381 0.2366 1.0000 1.0000 1.0000 0.0013 0.0084 0.0529 0.3338 1.0000 1.0000 0.0003 0.0021 0.0136 0.0888 0.5849 1.0000 1.0000 0.0003 1.0000 1.0000 0.5916 0.0900 0.0138 0.0021 0.0003 1.0000 1.0000 0.3376 0.0535 0.0085 0.0014 1.0000 1.0000 1.0000 0.2393 0.0385 0.0062 0.0010 1.0000 1.0000 1.0000 0.1823 0.0294 0.0047 0.0008 1.0000 1.0000 0.8654 0.1397 0.0225 0.0036 0.0006 1.0000 1.0000 0.6619 0.1068 0.0172 0.0028 0.0004 1.0000 1.0000 0.5072 0.0819 0.0132 0.0021 0.0003 1.0000 1.0000
1.0000 0.0004 0.0024 0.0150 0.0930 0.5761 1.0000 1.0000 0.0005 0.0032 0.0196 0.1216 0.7532 1.0000 1.0000 0.0007 0.0041 0.0256 0.1587 0.9830 1.0000 1.0000 0.0009 0.0054 0.0335 0.2075 1.0000 1.0000 1.0000 0.0011 0.0071 0.0437 0.2708 1.0000 1.0000 0.0002 0.0015 0.0094 0.0590 0.3699 1.0000 1.0000 0.0003 0.0022 0.0143 0.0925 0.6007 1.0000 1.0000 0.0007 0.0022 0.0007 1.0000 1.0000 0.6287 0.0968 0.0150 0.0023 0.0004 1.0000 1.0000 0.3864 0.0615 0.0098 0.0016 1.0000 1.0000 1.0000 0.2818 0.0455 0.0073 0.0012 1.0000 1.0000 1.0000 0.2155 0.0348 0.0056 0.0009 1.0000 1.0000 1.0000 0.1651 0.0267 0.0043 0.0007 1.0000 1.0000 0.7824 0.1263 0.0204 0.0033 0.0005 1.0000 1.0000 0.5995 0.0968 0.0156 0.0025 0.0004 1.0000
0.0004 0.0028 0.0172 0.1068 0.6619 1.0000 1.0000 0.0006 0.0036 0.0225 0.1397 0.8654 1.0000 1.0000 0.0008 0.0047 0.0294 0.1823 1.0000 1.0000 1.0000 0.0010 0.0062 0.0385 0.2384 1.0000 1.0000 1.0000 0.0013 0.0081 0.0502 0.3111 1.0000 1.0000 0.0003 0.0017 0.0107 0.0665 0.4161 1.0000 1.0000 0.0004 0.0024 0.0154 0.0986 0.6335 1.0000 1.0000 0.0007 0.0050 0.0106 0.0022 0.0003 1.0000 1.0000 0.3141 0.0487 0.0076 0.0012 1.0000 1.0000 1.0000 0.2024 0.0323 0.0052 0.0008 1.0000 1.0000 0.9303 0.1499 0.0242 0.0039 0.0006 1.0000 1.0000 0.7115 0.1146 0.0185 0.0030 0.0005 1.0000 1.0000 0.5441 0.0878 0.0142 0.0023 0.0004 1.0000 1.0000 0.4169 0.0672 0.0109 0.0017 0.0003 1.0000 1.0000 0.3189 0.0515 0.0083 0.0014 1.0000
0.0026 0.0202 0.1234 0.7648 1.0000 1.0000 0.0007 0.0042 0.0261 0.1614 1.0000 1.0000 1.0000 0.0009 0.0055 0.0340 0.2106 1.0000 1.0000 1.0000 0.0012 0.0072 0.0445 0.2754 1.0000 1.0000 0.0002 0.0015 0.0094 0.0580 0.3595 1.0000 1.0000 0.0003 0.0020 0.0123 0.0763 0.4745 1.0000 1.0000 0.0004 0.0027 0.0172 0.1087 0.6928 1.0000 1.0000 0.0007 0.0052 0.0160 0.0050 0.0007 1.0000 1.0000 0.6287 0.0968 0.0150 0.0023 0.0004 1.0000 1.0000 0.3864 0.0615 0.0098 0.0016 1.0000 1.0000 1.0000 0.2818 0.0455 0.0073 0.0012 1.0000 1.0000 1.0000 0.2155 0.0348 0.0056 0.0009 1.0000 1.0000 1.0000 0.1651 0.0267 0.0043 0.0007 1.0000 1.0000 0.7824 0.1263 0.0204 0.0033 0.0005 1.0000 1.0000 0.5995 0.0968 0.0156 0.0025 0.0004 1.0000
0.0186 0.1468 0.8939 1.0000 1.0000 0.0008 0.0049 0.0305 0.1890 1.0000 1.0000 1.0000 0.0010 0.0064 0.0399 0.2471 1.0000 1.0000 1.0000 0.0014 0.0084 0.0521 0.3225 1.0000 1.0000 0.0003 0.0018 0.0110 0.0681 0.4217 1.0000 1.0000 0.0004 0.0023 0.0144 0.0890 0.5535 1.0000 1.0000 0.0005 0.0031 0.0197 0.1244 0.7884 1.0000 1.0000 0.0008 0.0053 0.0157 0.0051 0.0007 1.0000 1.0000 0.5927 0.0900 0.0138 0.0021 0.0003 1.0000 1.0000 0.3376 0.0535 0.0085 0.0014 1.0000 1.0000 1.0000 0.2393 0.0385 0.0062 0.0010 1.0000 1.0000 1.0000 0.1823 0.0294 0.0047 0.0008 1.0000 1.0000 0.8654 0.1397 0.0225 0.0036 0.0006 1.0000 1.0000 0.6619 0.1068 0.0172 0.0028 0.0004 1.0000 1.0000 0.5072 0.0819 0.0132 0.0021 0.0003 1.0000 1.0000
0.0937 0.7128 1.0000 1.0000 0.0006 0.0038 0.0237 0.1470 0.9110 1.0000 1.0000 0.0008 0.0050 0.0310 0.1923 1.0000 1.0000 1.0000 0.0011 0.0065 0.0405 0.2509 1.0000 1.0000 1.0000 0.0014 0.0085 0.0530 0.3281 1.0000 1.0000 0.0003 0.0018 0.0111 0.0687 0.4241 1.0000 1.0000 0.0004 0.0021 0.0125 0.0729 0.4185 1.0000 1.0000 1.0000 0.0013 0.0066 0.0047 0.0007 1.0000 1.0000 0.5860 0.0878 0.0132 0.0020 0.0003 1.0000 1.0000 0.3064 0.0480 0.0076 0.0012 1.0000 1.0000 1.0000 0.2079 0.0334 0.0054 0.0009 1.0000 1.0000 0.9737 0.1572 0.0254 0.0041 0.0007 1.0000 1.0000 0.7461 0.1202 0.0194 0.0031 0.0005 1.0000 1.0000 0.5706 0.0921 0.0149 0.0024 0.0004 1.0000 1.0000 0.4372 0.0704 0.0114 0.0018 0.0003 1.0000 1.0000 0.2702
0.0388 0.3093 1.0000 1.0000 0.0003 0.0017 0.0104 0.0647 0.4006 1.0000 1.0000 0.0004 0.0022 0.0136 0.0845 0.5228 1.0000 1.0000 0.0005 0.0029 0.0178 0.1103 0.6836 1.0000 1.0000 0.0006 0.0038 0.0232 0.1443 0.8939 1.0000 1.0000 0.0008 0.0049 0.0302 0.1847 1.0000 1.0000 1.0000 0.0008 0.0045 0.0246 0.1280 0.6433 1.0000 1.0000 1.0000 0.0009 0.0007 1.0000 1.0000 0.6018 0.0890 0.0132 0.0020 0.0003 1.0000 1.0000 0.2867 0.0444 0.0069 0.0011 1.0000 1.0000 1.0000 0.1840 0.0294 0.0047 0.0008 1.0000 1.0000 0.8475 0.1368 0.0221 0.0036 0.0006 1.0000 1.0000 0.6482 0.1046 0.0169 0.0027 0.0004 1.0000 1.0000 0.4967 0.0802 0.0129 0.0021 0.0003 1.0000 1.0000 0.3798 0.0613 0.0099 0.0016 0.0003 1.0000 1.0000 0.2955 0.0380
0.0054 0.0421 0.2567 1.0000 1.0000 1.0000 0.0014 0.0087 0.0543 0.3357 1.0000 1.0000 0.0003 0.0018 0.0114 0.0708 0.4389 1.0000 1.0000 0.0004 0.0024 0.0149 0.0926 0.5728 1.0000 1.0000 0.0005 0.0031 0.0195 0.1209 0.7504 1.0000 1.0000 0.0007 0.0041 0.0251 0.1525 0.9128 1.0000 1.0000 0.0006 0.0032 0.0165 0.0817 0.3871 1.0000 1.0000 1.0000 1.0000 1.0000 0.6335 0.0926 0.0136 0.0020 0.0003 1.0000 1.0000 0.2749 0.0421 0.0065 0.0010 1.0000 1.0000 1.0000 0.1642 0.0261 0.0042 0.0007 1.0000 1.0000 0.7391 0.1193 0.0192 0.0031 0.0005 1.0000 1.0000 0.5641 0.0911 0.0147 0.0024 0.0004 1.0000 1.0000 0.4323 0.0698 0.0113 0.0018 0.0003 1.0000 1.0000 0.3306 0.0534 0.0086 0.0014 1.0000 1.0000 1.0000 0.2528 0.0415 0.0053
