0.2138 0.2224 0.3065 0.4331 0.4735 0.3424 0.1871 0.2025 0.2699 0.3826 0.4814 0.4127 0.2097 0.1887 0.2397 0.3362 0.4636 0.4559 0.2809 0.1835 0.2158 0.2954 0.4187 0.4779 0.3650 0.1907 0.1979 0.2606 0.3687 0.4794 0.4277 0.2247 0.1861 0.2322 0.3239 0.4526 0.4642 0.3064 0.1842 0.2100 0.2847 0.4040 0.4806 0.3857 0.1962 0.1938 0.2517 0.3553 0.4750 0.4388 0.3357 0.4388 0.4750 0.3553 0.2517 0.1938 0.1962 0.3857 0.4806 0.4040 0.2847 0.2100 0.1842 0.3064 0.4642 0.4526 0.3239 0.2322 0.1861 0.2247 0.4277 0.4794 0.3687 0.2606 0.1979 0.1907 0.3650 0.4779 0.4187 0.2954 0.2158 0.1835 0.2809 0.4559 0.4636 0.3362 0.2397 0.1887 0.2097 0.4127 0.4814 0.3826 0.2699 0.2025 0.1871 0.3424 0.4735 0.4331 0.3065 0.2224 0.2138
0.2224 0.3028 0.4392 0.4727 0.3421 0.1613 0.1788 0.2569 0.3829 0.4829 0.4128 0.1934 0.1614 0.2224 0.3314 0.4680 0.4548 0.2791 0.1559 0.1946 0.2855 0.4219 0.4777 0.3659 0.1665 0.1732 0.2462 0.3675 0.4818 0.4273 0.2137 0.1583 0.2137 0.3175 0.4573 0.4632 0.3061 0.1571 0.1879 0.2735 0.4061 0.4810 0.3866 0.1741 0.1680 0.2361 0.3525 0.4783 0.4392 0.2430 0.1523 0.2430 0.4392 0.4783 0.3525 0.2361 0.1680 0.1741 0.3866 0.4810 0.4061 0.2735 0.1879 0.1571 0.3061 0.4632 0.4573 0.3175 0.2137 0.1583 0.2137 0.4273 0.4818 0.3675 0.2462 0.1732 0.1665 0.3659 0.4777 0.4219 0.2855 0.1946 0.1559 0.2791 0.4548 0.4680 0.3314 0.2224 0.1614 0.1934 0.4128 0.4829 0.3829 0.2569 0.1788 0.1613 0.3421 0.4727 0.4392 0.3028 0.2224
0.3065 0.4392 0.4735 0.3520 0.1635 0.1753 0.2497 0.3718 0.4814 0.4227 0.2062 0.1590 0.2161 0.3212 0.4597 0.4602 0.2972 0.1564 0.1897 0.2767 0.4100 0.4793 0.3800 0.1711 0.1695 0.2389 0.3564 0.4786 0.4358 0.2301 0.1567 0.2078 0.3077 0.4472 0.4675 0.3233 0.1584 0.1833 0.2651 0.3942 0.4815 0.3993 0.1813 0.1646 0.2292 0.3418 0.4732 0.4469 0.2561 0.1536 0.1681 0.1536 0.2561 0.4469 0.4732 0.3418 0.2292 0.1646 0.1813 0.3993 0.4815 0.3942 0.2651 0.1833 0.1584 0.3233 0.4675 0.4472 0.3077 0.2078 0.1567 0.2301 0.4358 0.4786 0.3564 0.2389 0.1695 0.1711 0.3800 0.4793 0.4100 0.2767 0.1897 0.1564 0.2972 0.4602 0.4597 0.3212 0.2161 0.1590 0.2062 0.4227 0.4814 0.3718 0.2497 0.1753 0.1635 0.3520 0.4735 0.4392 0.3065
0.4331 0.4727 0.3520 0.1647 0.1734 0.2448 0.3635 0.4802 0.4310 0.2210 0.1574 0.2106 0.3123 0.4517 0.4653 0.3148 0.1576 0.1854 0.2690 0.3995 0.4810 0.3931 0.1774 0.1662 0.2324 0.3467 0.4754 0.4434 0.2478 0.1559 0.2027 0.2991 0.4379 0.4716 0.3398 0.1606 0.1793 0.2577 0.3838 0.4820 0.4107 0.1909 0.1618 0.2232 0.3324 0.4680 0.4533 0.2752 0.1559 0.1921 0.2340 0.1921 0.1559 0.2752 0.4533 0.4680 0.3324 0.2232 0.1618 0.1909 0.4107 0.4820 0.3838 0.2577 0.1793 0.1606 0.3398 0.4716 0.4379 0.2991 0.2027 0.1559 0.2478 0.4434 0.4754 0.3467 0.2324 0.1662 0.1774 0.3931 0.4810 0.3995 0.2690 0.1854 0.1576 0.3148 0.4653 0.4517 0.3123 0.2106 0.1574 0.2210 0.4310 0.4802 0.3635 0.2448 0.1734 0.1647 0.3520 0.4727 0.4331
0.4735 0.3421 0.1635 0.1734 0.2429 0.3585 0.4786 0.4375 0.2357 0.1564 0.2056 0.3037 0.4428 0.4696 0.3317 0.1595 0.1813 0.2614 0.3890 0.4819 0.4051 0.1857 0.1632 0.2262 0.3371 0.4708 0.4502 0.2661 0.1556 0.1977 0.2907 0.4279 0.4750 0.3554 0.1636 0.1755 0.2506 0.3736 0.4816 0.4208 0.2033 0.1594 0.2173 0.3232 0.4614 0.4591 0.2934 0.1562 0.1912 0.2763 0.3489 0.2763 0.1912 0.1562 0.2934 0.4591 0.4614 0.3232 0.2173 0.1594 0.2033 0.4208 0.4816 0.3736 0.2506 0.1755 0.1636 0.3554 0.4750 0.4279 0.2907 0.1977 0.1556 0.2661 0.4502 0.4708 0.3371 0.2262 0.1632 0.1857 0.4051 0.4819 0.3890 0.2614 0.1813 0.1595 0.3317 0.4696 0.4428 0.3037 0.2056 0.1564 0.2357 0.4375 0.4786 0.3585 0.2429 0.1734 0.1635 0.3421 0.4735
0.3424 0.1613 0.1753 0.2448 0.3585 0.4779 0.4411 0.2467 0.1559 0.2014 0.2961 0.4338 0.4732 0.3473 0.1620 0.1774 0.2542 0.3787 0.4819 0.4158 0.1967 0.1605 0.2202 0.3278 0.4648 0.4563 0.2844 0.1559 0.1930 0.2825 0.4176 0.4778 0.3701 0.1675 0.1719 0.2437 0.3635 0.4803 0.4299 0.2183 0.1577 0.2117 0.3141 0.4535 0.4643 0.3111 0.1573 0.1864 0.2713 0.4040 0.4722 0.4040 0.2713 0.1864 0.1573 0.3111 0.4643 0.4535 0.3141 0.2117 0.1577 0.2183 0.4299 0.4803 0.3635 0.2437 0.1719 0.1675 0.3701 0.4778 0.4176 0.2825 0.1930 0.1559 0.2844 0.4563 0.4648 0.3278 0.2202 0.1605 0.1967 0.4158 0.4819 0.3787 0.2542 0.1774 0.1620 0.3473 0.4732 0.4338 0.2961 0.2014 0.1559 0.2467 0.4411 0.4779 0.3585 0.2448 0.1753 0.1613 0.3424
0.1871 0.1788 0.2497 0.3635 0.4786 0.4411 0.2508 0.1557 0.1985 0.2902 0.4257 0.4760 0.3611 0.1652 0.1738 0.2472 0.3686 0.4811 0.4254 0.2105 0.1585 0.2145 0.3186 0.4576 0.4618 0.3024 0.1567 0.1885 0.2745 0.4071 0.4799 0.3839 0.1727 0.1685 0.2370 0.3536 0.4779 0.4380 0.2352 0.1565 0.2064 0.3053 0.4447 0.4688 0.3281 0.1590 0.1821 0.2631 0.3919 0.4796 0.4464 0.4796 0.3919 0.2631 0.1821 0.1590 0.3281 0.4688 0.4447 0.3053 0.2064 0.1565 0.2352 0.4380 0.4779 0.3536 0.2370 0.1685 0.1727 0.3839 0.4799 0.4071 0.2745 0.1885 0.1567 0.3024 0.4618 0.4576 0.3186 0.2145 0.1585 0.2105 0.4254 0.4811 0.3686 0.2472 0.1738 0.1652 0.3611 0.4760 0.4257 0.2902 0.1985 0.1557 0.2508 0.4411 0.4786 0.3635 0.2497 0.1788 0.1871
0.2025 0.2569 0.3718 0.4802 0.4375 0.2467 0.1557 0.1975 0.2869 0.4199 0.4778 0.3723 0.1688 0.1707 0.2409 0.3590 0.4793 0.4340 0.2264 0.1570 0.2090 0.3096 0.4492 0.4666 0.3198 0.1581 0.1842 0.2668 0.3965 0.4813 0.3967 0.1795 0.1653 0.2306 0.3439 0.4742 0.4454 0.2531 0.1558 0.2012 0.2967 0.4351 0.4726 0.3444 0.1614 0.1782 0.2557 0.3809 0.4818 0.4120 0.2917 0.4120 0.4818 0.3809 0.2557 0.1782 0.1614 0.3444 0.4726 0.4351 0.2967 0.2012 0.1558 0.2531 0.4454 0.4742 0.3439 0.2306 0.1653 0.1795 0.3967 0.4813 0.3965 0.2668 0.1842 0.1581 0.3198 0.4666 0.4492 0.3096 0.2090 0.1570 0.2264 0.4340 0.4793 0.3590 0.2409 0.1707 0.1688 0.3723 0.4778 0.4199 0.2869 0.1975 0.1557 0.2467 0.4375 0.4802 0.3718 0.2569 0.2025
0.2699 0.3829 0.4814 0.4310 0.2357 0.1559 0.1985 0.2869 0.4178 0.4787 0.3798 0.1724 0.1682 0.2355 0.3504 0.4766 0.4414 0.2434 0.1561 0.2038 0.3009 0.4399 0.4708 0.3364 0.1601 0.1801 0.2593 0.3860 0.4820 0.4083 0.1886 0.1624 0.2244 0.3344 0.4692 0.4520 0.2714 0.1556 0.1963 0.2883 0.4250 0.4759 0.3597 0.1646 0.1744 0.2486 0.3706 0.4814 0.4229 0.2098 0.1487 0.2098 0.4229 0.4814 0.3706 0.2486 0.1744 0.1646 0.3597 0.4759 0.4250 0.2883 0.1963 0.1556 0.2714 0.4520 0.4692 0.3344 0.2244 0.1624 0.1886 0.4083 0.4820 0.3860 0.2593 0.1801 0.1601 0.3364 0.4708 0.4399 0.3009 0.2038 0.1561 0.2434 0.4414 0.4766 0.3504 0.2355 0.1682 0.1724 0.3798 0.4787 0.4178 0.2869 0.1985 0.1559 0.2357 0.4310 0.4814 0.3829 0.2699
0.3826 0.4829 0.4227 0.2210 0.1564 0.2014 0.2902 0.4199 0.4787 0.3824 0.1746 0.1666 0.2315 0.3434 0.4733 0.4475 0.2599 0.1557 0.1990 0.2926 0.4301 0.4743 0.3522 0.1629 0.1763 0.2521 0.3757 0.4818 0.4187 0.2004 0.1599 0.2185 0.3251 0.4629 0.4580 0.2896 0.1560 0.1917 0.2802 0.4146 0.4785 0.3742 0.1689 0.1709 0.2417 0.3606 0.4797 0.4323 0.2222 0.1549 0.1751 0.1549 0.2222 0.4323 0.4797 0.3606 0.2417 0.1709 0.1689 0.3742 0.4785 0.4146 0.2802 0.1917 0.1560 0.2896 0.4580 0.4629 0.3251 0.2185 0.1599 0.2004 0.4187 0.4818 0.3757 0.2521 0.1763 0.1629 0.3522 0.4743 0.4301 0.2926 0.1990 0.1557 0.2599 0.4475 0.4733 0.3434 0.2315 0.1666 0.1746 0.3824 0.4787 0.4199 0.2902 0.2014 0.1564 0.2210 0.4227 0.4829 0.3826
0.4814 0.4128 0.2062 0.1574 0.2056 0.2961 0.4257 0.4778 0.3798 0.1746 0.1660 0.2293 0.3386 0.4702 0.4521 0.2743 0.1557 0.1947 0.2849 0.4203 0.4772 0.3669 0.1666 0.1727 0.2451 0.3656 0.4807 0.4280 0.2149 0.1580 0.2129 0.3160 0.4553 0.4632 0.3075 0.1570 0.1872 0.2723 0.4040 0.4804 0.3877 0.1745 0.1676 0.2351 0.3508 0.4769 0.4402 0.2402 0.1565 0.2016 0.2475 0.2016 0.1565 0.2402 0.4402 0.4769 0.3508 0.2351 0.1676 0.1745 0.3877 0.4804 0.4040 0.2723 0.1872 0.1570 0.3075 0.4632 0.4553 0.3160 0.2129 0.1580 0.2149 0.4280 0.4807 0.3656 0.2451 0.1727 0.1666 0.3669 0.4772 0.4203 0.2849 0.1947 0.1557 0.2743 0.4521 0.4702 0.3386 0.2293 0.1660 0.1746 0.3798 0.4778 0.4257 0.2961 0.2056 0.1574 0.2062 0.4128 0.4814
0.4127 0.1934 0.1590 0.2106 0.3037 0.4338 0.4760 0.3723 0.1724 0.1666 0.2293 0.3369 0.4683 0.4551 0.2853 0.1560 0.1911 0.2782 0.4110 0.4793 0.3802 0.1713 0.1693 0.2385 0.3557 0.4785 0.4364 0.2314 0.1566 0.2075 0.3071 0.4466 0.4679 0.3246 0.1586 0.1830 0.2646 0.3935 0.4816 0.4002 0.1819 0.1644 0.2288 0.3412 0.4729 0.4474 0.2583 0.1557 0.2003 0.2926 0.3696 0.2926 0.2003 0.1557 0.2583 0.4474 0.4729 0.3412 0.2288 0.1644 0.1819 0.4002 0.4816 0.3935 0.2646 0.1830 0.1586 0.3246 0.4679 0.4466 0.3071 0.2075 0.1566 0.2314 0.4364 0.4785 0.3557 0.2385 0.1693 0.1713 0.3802 0.4793 0.4110 0.2782 0.1911 0.1560 0.2853 0.4551 0.4683 0.3369 0.2293 0.1666 0.1724 0.3723 0.4760 0.4338 0.3037 0.2106 0.1590 0.1934 0.4127
0.2097 0.1614 0.2161 0.3123 0.4428 0.4732 0.3611 0.1688 0.1682 0.2315 0.3386 0.4683 0.4561 0.2912 0.1564 0.1886 0.2728 0.4030 0.4807 0.3917 0.1770 0.1662 0.2323 0.3462 0.4751 0.4439 0.2491 0.1559 0.2023 0.2985 0.4372 0.4719 0.3410 0.1609 0.1790 0.2572 0.3831 0.4820 0.4114 0.1917 0.1616 0.2227 0.3317 0.4675 0.4538 0.2767 0.1557 0.1950 0.2866 0.4241 0.4767 0.4241 0.2866 0.1950 0.1557 0.2767 0.4538 0.4675 0.3317 0.2227 0.1616 0.1917 0.4114 0.4820 0.3831 0.2572 0.1790 0.1609 0.3410 0.4719 0.4372 0.2985 0.2023 0.1559 0.2491 0.4439 0.4751 0.3462 0.2323 0.1662 0.1770 0.3917 0.4807 0.4030 0.2728 0.1886 0.1564 0.2912 0.4561 0.4683 0.3386 0.2315 0.1682 0.1688 0.3611 0.4732 0.4428 0.3123 0.2161 0.1614 0.2097
0.1887 0.2224 0.3212 0.4517 0.4696 0.3473 0.1652 0.1707 0.2355 0.3434 0.4702 0.4551 0.2912 0.1565 0.1872 0.2694 0.3969 0.4815 0.4009 0.1836 0.1636 0.2266 0.3373 0.4706 0.4505 0.2673 0.1556 0.1974 0.2900 0.4271 0.4752 0.3566 0.1639 0.1752 0.2501 0.3728 0.4816 0.4215 0.2043 0.1593 0.2169 0.3225 0.4608 0.4595 0.2948 0.1563 0.1904 0.2779 0.4122 0.4765 0.4332 0.4765 0.4122 0.2779 0.1904 0.1563 0.2948 0.4595 0.4608 0.3225 0.2169 0.1593 0.2043 0.4215 0.4816 0.3728 0.2501 0.1752 0.1639 0.3566 0.4752 0.4271 0.2900 0.1974 0.1556 0.2673 0.4505 0.4706 0.3373 0.2266 0.1636 0.1836 0.4009 0.4815 0.3969 0.2694 0.1872 0.1565 0.2912 0.4551 0.4702 0.3434 0.2355 0.1707 0.1652 0.3473 0.4696 0.4517 0.3212 0.2224 0.1887
0.2397 0.3314 0.4597 0.4653 0.3317 0.1620 0.1738 0.2409 0.3504 0.4733 0.4521 0.2853 0.1564 0.1872 0.2682 0.3937 0.4818 0.4073 0.1900 0.1615 0.2218 0.3292 0.4654 0.4562 0.2847 0.1559 0.1927 0.2819 0.4168 0.4780 0.3712 0.1679 0.1716 0.2432 0.3628 0.4801 0.4305 0.2195 0.1575 0.2113 0.3134 0.4529 0.4646 0.3125 0.1574 0.1860 0.2700 0.4010 0.4806 0.3913 0.2572 0.3913 0.4806 0.4010 0.2700 0.1860 0.1574 0.3125 0.4646 0.4529 0.3134 0.2113 0.1575 0.2195 0.4305 0.4801 0.3628 0.2432 0.1716 0.1679 0.3712 0.4780 0.4168 0.2819 0.1927 0.1559 0.2847 0.4562 0.4654 0.3292 0.2218 0.1615 0.1900 0.4073 0.4818 0.3937 0.2682 0.1872 0.1564 0.2853 0.4521 0.4733 0.3504 0.2409 0.1738 0.1620 0.3317 0.4653 0.4597 0.3314 0.2397
0.3362 0.4680 0.4602 0.3148 0.1595 0.1774 0.2472 0.3590 0.4766 0.4475 0.2743 0.1560 0.1886 0.2694 0.3937 0.4819 0.4106 0.1949 0.1602 0.2180 0.3225 0.4598 0.4608 0.3005 0.1566 0.1885 0.2743 0.4064 0.4800 0.3849 0.1732 0.1683 0.2365 0.3529 0.4776 0.4386 0.2364 0.1564 0.2059 0.3046 0.4440 0.4691 0.3294 0.1592 0.1818 0.2625 0.3905 0.4818 0.4030 0.1854 0.1479 0.1854 0.4030 0.4818 0.3905 0.2625 0.1818 0.1592 0.3294 0.4691 0.4440 0.3046 0.2059 0.1564 0.2364 0.4386 0.4776 0.3529 0.2365 0.1683 0.1732 0.3849 0.4800 0.4064 0.2743 0.1885 0.1566 0.3005 0.4608 0.4598 0.3225 0.2180 0.1602 0.1949 0.4106 0.4819 0.3937 0.2694 0.1886 0.1560 0.2743 0.4475 0.4766 0.3590 0.2472 0.1774 0.1595 0.3148 0.4602 0.4680 0.3362
0.4636 0.4548 0.2972 0.1576 0.1813 0.2542 0.3686 0.4793 0.4414 0.2599 0.1557 0.1911 0.2728 0.3969 0.4818 0.4106 0.1967 0.1596 0.2157 0.3177 0.4548 0.4644 0.3142 0.1577 0.1847 0.2672 0.3966 0.4813 0.3974 0.1801 0.1651 0.2302 0.3432 0.4739 0.4459 0.2544 0.1557 0.2008 0.2960 0.4343 0.4729 0.3456 0.1616 0.1779 0.2551 0.3801 0.4820 0.4144 0.1946 0.1583 0.1830 0.1583 0.1946 0.4144 0.4820 0.3801 0.2551 0.1779 0.1616 0.3456 0.4729 0.4343 0.2960 0.2008 0.1557 0.2544 0.4459 0.4739 0.3432 0.2302 0.1651 0.1801 0.3974 0.4813 0.3966 0.2672 0.1847 0.1577 0.3142 0.4644 0.4548 0.3177 0.2157 0.1596 0.1967 0.4106 0.4818 0.3969 0.2728 0.1911 0.1557 0.2599 0.4414 0.4793 0.3686 0.2542 0.1813 0.1576 0.2972 0.4548 0.4636
0.4559 0.2791 0.1564 0.1854 0.2614 0.3787 0.4811 0.4340 0.2434 0.1557 0.1947 0.2782 0.4030 0.4815 0.4073 0.1949 0.1596 0.2148 0.3151 0.4513 0.4669 0.3249 0.1590 0.1816 0.2611 0.3875 0.4820 0.4082 0.1889 0.1622 0.2241 0.3337 0.4688 0.4525 0.2727 0.1556 0.1960 0.2876 0.4242 0.4761 0.3609 0.1650 0.1742 0.2481 0.3699 0.4813 0.4242 0.2084 0.1591 0.2120 0.2623 0.2120 0.1591 0.2084 0.4242 0.4813 0.3699 0.2481 0.1742 0.1650 0.3609 0.4761 0.4242 0.2876 0.1960 0.1556 0.2727 0.4525 0.4688 0.3337 0.2241 0.1622 0.1889 0.4082 0.4820 0.3875 0.2611 0.1816 0.1590 0.3249 0.4669 0.4513 0.3151 0.2148 0.1596 0.1949 0.4073 0.4815 0.4030 0.2782 0.1947 0.1557 0.2434 0.4340 0.4811 0.3787 0.2614 0.1854 0.1564 0.2791 0.4559
0.2809 0.1559 0.1897 0.2690 0.3890 0.4819 0.4254 0.2264 0.1561 0.1990 0.2849 0.4110 0.4807 0.4009 0.1900 0.1602 0.2157 0.3151 0.4501 0.4681 0.3315 0.1601 0.1791 0.2560 0.3796 0.4819 0.4172 0.1993 0.1599 0.2185 0.3247 0.4625 0.4583 0.2909 0.1561 0.1913 0.2795 0.4137 0.4786 0.3753 0.1693 0.1707 0.2412 0.3599 0.4795 0.4329 0.2242 0.1572 0.2103 0.3099 0.3911 0.3099 0.2103 0.1572 0.2242 0.4329 0.4795 0.3599 0.2412 0.1707 0.1693 0.3753 0.4786 0.4137 0.2795 0.1913 0.1561 0.2909 0.4583 0.4625 0.3247 0.2185 0.1599 0.1993 0.4172 0.4819 0.3796 0.2560 0.1791 0.1601 0.3315 0.4681 0.4501 0.3151 0.2157 0.1602 0.1900 0.4009 0.4807 0.4110 0.2849 0.1990 0.1561 0.2264 0.4254 0.4819 0.3890 0.2690 0.1897 0.1559 0.2809
0.1835 0.1946 0.2767 0.3995 0.4819 0.4158 0.2105 0.1570 0.2038 0.2926 0.4203 0.4793 0.3917 0.1836 0.1615 0.2180 0.3177 0.4513 0.4681 0.3338 0.1608 0.1776 0.2523 0.3733 0.4814 0.4244 0.2107 0.1583 0.2134 0.3164 0.4553 0.4634 0.3084 0.1571 0.1869 0.2716 0.4032 0.4805 0.3887 0.1750 0.1673 0.2347 0.3501 0.4767 0.4408 0.2415 0.1561 0.2045 0.3028 0.4430 0.4775 0.4430 0.3028 0.2045 0.1561 0.2415 0.4408 0.4767 0.3501 0.2347 0.1673 0.1750 0.3887 0.4805 0.4032 0.2716 0.1869 0.1571 0.3084 0.4634 0.4553 0.3164 0.2134 0.1583 0.2107 0.4244 0.4814 0.3733 0.2523 0.1776 0.1608 0.3338 0.4681 0.4513 0.3177 0.2180 0.1615 0.1836 0.3917 0.4793 0.4203 0.2926 0.2038 0.1570 0.2105 0.4158 0.4819 0.3995 0.2767 0.1946 0.1835
0.2158 0.2855 0.4100 0.4810 0.4051 0.1967 0.1585 0.2090 0.3009 0.4301 0.4772 0.3802 0.1770 0.1636 0.2218 0.3225 0.4548 0.4669 0.3315 0.1608 0.1771 0.2505 0.3694 0.4808 0.4298 0.2214 0.1572 0.2091 0.3088 0.4476 0.4676 0.3245 0.1586 0.1828 0.2641 0.3927 0.4816 0.4011 0.1826 0.1642 0.2284 0.3405 0.4726 0.4479 0.2596 0.1556 0.1994 0.2936 0.4321 0.4711 0.4171 0.4711 0.4321 0.2936 0.1994 0.1556 0.2596 0.4479 0.4726 0.3405 0.2284 0.1642 0.1826 0.4011 0.4816 0.3927 0.2641 0.1828 0.1586 0.3245 0.4676 0.4476 0.3088 0.2091 0.1572 0.2214 0.4298 0.4808 0.3694 0.2505 0.1771 0.1608 0.3315 0.4669 0.4548 0.3225 0.2218 0.1636 0.1770 0.3802 0.4772 0.4301 0.3009 0.2090 0.1585 0.1967 0.4051 0.4810 0.4100 0.2855 0.2158
0.2954 0.4219 0.4793 0.3931 0.1857 0.1605 0.2145 0.3096 0.4399 0.4743 0.3669 0.1713 0.1662 0.2266 0.3292 0.4598 0.4644 0.3249 0.1601 0.1776 0.2505 0.3681 0.4803 0.4330 0.2297 0.1565 0.2056 0.3024 0.4402 0.4711 0.3390 0.1607 0.1791 0.2570 0.3824 0.4820 0.4123 0.1926 0.1614 0.2223 0.3310 0.4671 0.4542 0.2780 0.1557 0.1946 0.2853 0.4212 0.4766 0.3667 0.2225 0.3667 0.4766 0.4212 0.2853 0.1946 0.1557 0.2780 0.4542 0.4671 0.3310 0.2223 0.1614 0.1926 0.4123 0.4820 0.3824 0.2570 0.1791 0.1607 0.3390 0.4711 0.4402 0.3024 0.2056 0.1565 0.2297 0.4330 0.4803 0.3681 0.2505 0.1776 0.1601 0.3249 0.4644 0.4598 0.3292 0.2266 0.1662 0.1713 0.3669 0.4743 0.4399 0.3096 0.2145 0.1605 0.1857 0.3931 0.4793 0.4219 0.2954
0.4187 0.4777 0.3800 0.1774 0.1632 0.2202 0.3186 0.4492 0.4708 0.3522 0.1666 0.1693 0.2323 0.3373 0.4654 0.4608 0.3142 0.1590 0.1791 0.2523 0.3694 0.4803 0.4341 0.2341 0.1562 0.2031 0.2974 0.4337 0.4737 0.3514 0.1632 0.1758 0.2506 0.3729 0.4815 0.4220 0.2053 0.1591 0.2165 0.3218 0.4603 0.4599 0.2961 0.1563 0.1900 0.2772 0.4107 0.4793 0.3785 0.1704 0.1496 0.1704 0.3785 0.4793 0.4107 0.2772 0.1900 0.1563 0.2961 0.4599 0.4603 0.3218 0.2165 0.1591 0.2053 0.4220 0.4815 0.3729 0.2506 0.1758 0.1632 0.3514 0.4737 0.4337 0.2974 0.2031 0.1562 0.2341 0.4341 0.4803 0.3694 0.2523 0.1791 0.1590 0.3142 0.4608 0.4654 0.3373 0.2323 0.1693 0.1666 0.3522 0.4708 0.4492 0.3186 0.2202 0.1632 0.1774 0.3800 0.4777 0.4187
0.4779 0.3659 0.1711 0.1662 0.2262 0.3278 0.4576 0.4666 0.3364 0.1629 0.1727 0.2385 0.3462 0.4706 0.4562 0.3005 0.1577 0.1816 0.2560 0.3733 0.4808 0.4330 0.2341 0.1561 0.2018 0.2943 0.4289 0.4756 0.3613 0.1658 0.1729 0.2448 0.3642 0.4803 0.4303 0.2198 0.1575 0.2110 0.3129 0.4523 0.4650 0.3137 0.1575 0.1857 0.2694 0.4002 0.4809 0.3924 0.1768 0.1636 0.1917 0.1636 0.1768 0.3924 0.4809 0.4002 0.2694 0.1857 0.1575 0.3137 0.4650 0.4523 0.3129 0.2110 0.1575 0.2198 0.4303 0.4803 0.3642 0.2448 0.1729 0.1658 0.3613 0.4756 0.4289 0.2943 0.2018 0.1561 0.2341 0.4330 0.4808 0.3733 0.2560 0.1816 0.1577 0.3005 0.4562 0.4706 0.3462 0.2385 0.1727 0.1629 0.3364 0.4666 0.4576 0.3278 0.2262 0.1662 0.1711 0.3659 0.4779
0.3650 0.1665 0.1695 0.2324 0.3371 0.4648 0.4618 0.3198 0.1601 0.1763 0.2451 0.3557 0.4751 0.4505 0.2847 0.1566 0.1847 0.2611 0.3796 0.4814 0.4298 0.2297 0.1562 0.2018 0.2932 0.4264 0.4766 0.3681 0.1682 0.1707 0.2400 0.3565 0.4784 0.4374 0.2349 0.1564 0.2059 0.3043 0.4435 0.4693 0.3306 0.1593 0.1815 0.2619 0.3897 0.4818 0.4044 0.1852 0.1637 0.2234 0.2781 0.2234 0.1637 0.1852 0.4044 0.4818 0.3897 0.2619 0.1815 0.1593 0.3306 0.4693 0.4435 0.3043 0.2059 0.1564 0.2349 0.4374 0.4784 0.3565 0.2400 0.1707 0.1682 0.3681 0.4766 0.4264 0.2932 0.2018 0.1562 0.2297 0.4298 0.4814 0.3796 0.2611 0.1847 0.1566 0.2847 0.4505 0.4751 0.3557 0.2451 0.1763 0.1601 0.3198 0.4618 0.4648 0.3371 0.2324 0.1695 0.1665 0.3650
0.1907 0.1732 0.2389 0.3467 0.4708 0.4563 0.3024 0.1581 0.1801 0.2521 0.3656 0.4785 0.4439 0.2673 0.1559 0.1885 0.2672 0.3875 0.4819 0.4244 0.2214 0.1565 0.2031 0.2943 0.4264 0.4769 0.3716 0.1699 0.1691 0.2364 0.3503 0.4761 0.4431 0.2493 0.1558 0.2014 0.2964 0.4344 0.4730 0.3464 0.1618 0.1776 0.2546 0.3793 0.4819 0.4152 0.1960 0.1608 0.2212 0.3281 0.4125 0.3281 0.2212 0.1608 0.1960 0.4152 0.4819 0.3793 0.2546 0.1776 0.1618 0.3464 0.4730 0.4344 0.2964 0.2014 0.1558 0.2493 0.4431 0.4761 0.3503 0.2364 0.1691 0.1699 0.3716 0.4769 0.4264 0.2943 0.2031 0.1565 0.2214 0.4244 0.4819 0.3875 0.2672 0.1885 0.1559 0.2673 0.4439 0.4785 0.3656 0.2521 0.1801 0.1581 0.3024 0.4563 0.4708 0.3467 0.2389 0.1732 0.1907
0.1979 0.2462 0.3564 0.4754 0.4502 0.2844 0.1567 0.1842 0.2593 0.3757 0.4807 0.4364 0.2491 0.1556 0.1927 0.2743 0.3966 0.4820 0.4172 0.2107 0.1572 0.2056 0.2974 0.4289 0.4766 0.3716 0.1706 0.1683 0.2341 0.3459 0.4738 0.4476 0.2622 0.1556 0.1974 0.2893 0.4254 0.4759 0.3606 0.1650 0.1740 0.2476 0.3691 0.4812 0.4249 0.2096 0.1586 0.2149 0.3199 0.4590 0.4754 0.4590 0.3199 0.2149 0.1586 0.2096 0.4249 0.4812 0.3691 0.2476 0.1740 0.1650 0.3606 0.4759 0.4254 0.2893 0.1974 0.1556 0.2622 0.4476 0.4738 0.3459 0.2341 0.1683 0.1706 0.3716 0.4766 0.4289 0.2974 0.2056 0.1572 0.2107 0.4172 0.4820 0.3966 0.2743 0.1927 0.1556 0.2491 0.4364 0.4807 0.3757 0.2593 0.1842 0.1567 0.2844 0.4502 0.4754 0.3564 0.2462 0.1979
0.2606 0.3675 0.4786 0.4434 0.2661 0.1559 0.1885 0.2668 0.3860 0.4818 0.4280 0.2314 0.1559 0.1974 0.2819 0.4064 0.4813 0.4082 0.1993 0.1583 0.2091 0.3024 0.4337 0.4756 0.3681 0.1699 0.1683 0.2333 0.3437 0.4722 0.4506 0.2723 0.1557 0.1941 0.2830 0.4169 0.4782 0.3733 0.1689 0.1707 0.2410 0.3593 0.4794 0.4336 0.2255 0.1571 0.2093 0.3103 0.4503 0.4633 0.3979 0.4633 0.4503 0.3103 0.2093 0.1571 0.2255 0.4336 0.4794 0.3593 0.2410 0.1707 0.1689 0.3733 0.4782 0.4169 0.2830 0.1941 0.1557 0.2723 0.4506 0.4722 0.3437 0.2333 0.1683 0.1699 0.3681 0.4756 0.4337 0.3024 0.2091 0.1583 0.1993 0.4082 0.4813 0.4064 0.2819 0.1974 0.1559 0.2314 0.4280 0.4818 0.3860 0.2668 0.1885 0.1559 0.2661 0.4434 0.4786 0.3675 0.2606
0.3687 0.4818 0.4358 0.2478 0.1556 0.1930 0.2745 0.3965 0.4820 0.4187 0.2149 0.1566 0.2023 0.2900 0.4168 0.4800 0.3974 0.1889 0.1599 0.2134 0.3088 0.4402 0.4737 0.3613 0.1682 0.1691 0.2341 0.3437 0.4717 0.4520 0.2785 0.1559 0.1916 0.2781 0.4096 0.4797 0.3844 0.1736 0.1678 0.2351 0.3502 0.4766 0.4412 0.2427 0.1561 0.2041 0.3015 0.4406 0.4701 0.3385 0.1922 0.3385 0.4701 0.4406 0.3015 0.2041 0.1561 0.2427 0.4412 0.4766 0.3502 0.2351 0.1678 0.1736 0.3844 0.4797 0.4096 0.2781 0.1916 0.1559 0.2785 0.4520 0.4717 0.3437 0.2341 0.1691 0.1682 0.3613 0.4737 0.4402 0.3088 0.2134 0.1599 0.1889 0.3974 0.4800 0.4168 0.2900 0.2023 0.1566 0.2149 0.4187 0.4820 0.3965 0.2745 0.1930 0.1556 0.2478 0.4358 0.4818 0.3687
0.4794 0.4273 0.2301 0.1559 0.1977 0.2825 0.4071 0.4813 0.4083 0.2004 0.1580 0.2075 0.2985 0.4271 0.4780 0.3849 0.1801 0.1622 0.2185 0.3164 0.4476 0.4711 0.3514 0.1658 0.1707 0.2364 0.3459 0.4722 0.4520 0.2805 0.1560 0.1901 0.2746 0.4040 0.4807 0.3933 0.1787 0.1653 0.2298 0.3419 0.4729 0.4477 0.2600 0.1557 0.1992 0.2930 0.4307 0.4741 0.3505 0.1617 0.1528 0.1617 0.3505 0.4741 0.4307 0.2930 0.1992 0.1557 0.2600 0.4477 0.4729 0.3419 0.2298 0.1653 0.1787 0.3933 0.4807 0.4040 0.2746 0.1901 0.1560 0.2805 0.4520 0.4722 0.3459 0.2364 0.1707 0.1658 0.3514 0.4711 0.4476 0.3164 0.2185 0.1622 0.1801 0.3849 0.4780 0.4271 0.2985 0.2075 0.1580 0.2004 0.4083 0.4813 0.4071 0.2825 0.1977 0.1559 0.2301 0.4273 0.4794
0.4277 0.2137 0.1567 0.2027 0.2907 0.4176 0.4799 0.3967 0.1886 0.1599 0.2129 0.3071 0.4372 0.4752 0.3712 0.1732 0.1651 0.2241 0.3247 0.4553 0.4676 0.3390 0.1632 0.1729 0.2400 0.3503 0.4738 0.4506 0.2785 0.1560 0.1896 0.2729 0.4005 0.4813 0.3998 0.1837 0.1632 0.2253 0.3344 0.4685 0.4533 0.2765 0.1557 0.1946 0.2850 0.4206 0.4771 0.3661 0.1664 0.1700 0.2013 0.1700 0.1664 0.3661 0.4771 0.4206 0.2850 0.1946 0.1557 0.2765 0.4533 0.4685 0.3344 0.2253 0.1632 0.1837 0.3998 0.4813 0.4005 0.2729 0.1896 0.1560 0.2785 0.4506 0.4738 0.3503 0.2400 0.1729 0.1632 0.3390 0.4676 0.4553 0.3247 0.2241 0.1651 0.1732 0.3712 0.4752 0.4372 0.3071 0.2129 0.1599 0.1886 0.3967 0.4799 0.4176 0.2907 0.2027 0.1567 0.2137 0.4277
0.2247 0.1583 0.2078 0.2991 0.4279 0.4778 0.3839 0.1795 0.1624 0.2185 0.3160 0.4466 0.4719 0.3566 0.1679 0.1683 0.2302 0.3337 0.4625 0.4634 0.3245 0.1607 0.1758 0.2448 0.3565 0.4761 0.4476 0.2723 0.1559 0.1901 0.2729 0.3993 0.4815 0.4036 0.1878 0.1618 0.2217 0.3281 0.4639 0.4579 0.2915 0.1562 0.1905 0.2775 0.4106 0.4793 0.3799 0.1711 0.1698 0.2358 0.2951 0.2358 0.1698 0.1711 0.3799 0.4793 0.4106 0.2775 0.1905 0.1562 0.2915 0.4579 0.4639 0.3281 0.2217 0.1618 0.1878 0.4036 0.4815 0.3993 0.2729 0.1901 0.1559 0.2723 0.4476 0.4761 0.3565 0.2448 0.1758 0.1607 0.3245 0.4634 0.4625 0.3337 0.2302 0.1683 0.1679 0.3566 0.4719 0.4466 0.3160 0.2185 0.1624 0.1795 0.3839 0.4778 0.4279 0.2991 0.2078 0.1583 0.2247
0.1861 0.2137 0.3077 0.4379 0.4750 0.3701 0.1727 0.1653 0.2244 0.3251 0.4553 0.4679 0.3410 0.1639 0.1716 0.2365 0.3432 0.4688 0.4583 0.3084 0.1586 0.1791 0.2506 0.3642 0.4784 0.4431 0.2622 0.1557 0.1916 0.2746 0.4005 0.4815 0.4049 0.1901 0.1609 0.2192 0.3233 0.4596 0.4615 0.3044 0.1570 0.1869 0.2708 0.4012 0.4809 0.3923 0.1771 0.1663 0.2331 0.3473 0.4332 0.3473 0.2331 0.1663 0.1771 0.3923 0.4809 0.4012 0.2708 0.1869 0.1570 0.3044 0.4615 0.4596 0.3233 0.2192 0.1609 0.1901 0.4049 0.4815 0.4005 0.2746 0.1916 0.1557 0.2622 0.4431 0.4784 0.3642 0.2506 0.1791 0.1586 0.3084 0.4583 0.4688 0.3432 0.2365 0.1716 0.1639 0.3410 0.4679 0.4553 0.3251 0.2244 0.1653 0.1727 0.3701 0.4750 0.4379 0.3077 0.2137 0.1861
0.2322 0.3175 0.4472 0.4716 0.3554 0.1675 0.1685 0.2306 0.3344 0.4629 0.4632 0.3246 0.1609 0.1752 0.2432 0.3529 0.4739 0.4525 0.2909 0.1571 0.1828 0.2570 0.3729 0.4803 0.4374 0.2493 0.1556 0.1941 0.2781 0.4040 0.4813 0.4036 0.1901 0.1607 0.2179 0.3204 0.4563 0.4640 0.3148 0.1579 0.1838 0.2649 0.3926 0.4817 0.4031 0.1846 0.1634 0.2265 0.3380 0.4708 0.4709 0.4708 0.3380 0.2265 0.1634 0.1846 0.4031 0.4817 0.3926 0.2649 0.1838 0.1579 0.3148 0.4640 0.4563 0.3204 0.2179 0.1607 0.1901 0.4036 0.4813 0.4040 0.2781 0.1941 0.1556 0.2493 0.4374 0.4803 0.3729 0.2570 0.1828 0.1571 0.2909 0.4525 0.4739 0.3529 0.2432 0.1752 0.1609 0.3246 0.4632 0.4629 0.3344 0.2306 0.1685 0.1675 0.3554 0.4716 0.4472 0.3175 0.2322
0.3239 0.4573 0.4675 0.3398 0.1636 0.1719 0.2370 0.3439 0.4692 0.4580 0.3075 0.1586 0.1790 0.2501 0.3628 0.4776 0.4459 0.2727 0.1561 0.1869 0.2641 0.3824 0.4815 0.4303 0.2349 0.1558 0.1974 0.2830 0.4096 0.4807 0.3998 0.1878 0.1609 0.2179 0.3194 0.4545 0.4656 0.3219 0.1588 0.1814 0.2600 0.3850 0.4820 0.4121 0.1935 0.1610 0.2210 0.3285 0.4656 0.4531 0.3744 0.4531 0.4656 0.3285 0.2210 0.1610 0.1935 0.4121 0.4820 0.3850 0.2600 0.1814 0.1588 0.3219 0.4656 0.4545 0.3194 0.2179 0.1609 0.1878 0.3998 0.4807 0.4096 0.2830 0.1974 0.1558 0.2349 0.4303 0.4815 0.3824 0.2641 0.1869 0.1561 0.2727 0.4459 0.4776 0.3628 0.2501 0.1790 0.1586 0.3075 0.4580 0.4692 0.3439 0.2370 0.1719 0.1636 0.3398 0.4675 0.4573 0.3239
0.4526 0.4632 0.3233 0.1606 0.1755 0.2437 0.3536 0.4742 0.4520 0.2896 0.1570 0.1830 0.2572 0.3728 0.4801 0.4386 0.2544 0.1556 0.1913 0.2716 0.3927 0.4820 0.4220 0.2198 0.1564 0.2014 0.2893 0.4169 0.4797 0.3933 0.1837 0.1618 0.2192 0.3204 0.4545 0.4661 0.3256 0.1595 0.1798 0.2564 0.3791 0.4819 0.4194 0.2033 0.1592 0.2161 0.3204 0.4586 0.4608 0.3049 0.1704 0.3049 0.4608 0.4586 0.3204 0.2161 0.1592 0.2033 0.4194 0.4819 0.3791 0.2564 0.1798 0.1595 0.3256 0.4661 0.4545 0.3204 0.2192 0.1618 0.1837 0.3933 0.4797 0.4169 0.2893 0.2014 0.1564 0.2198 0.4220 0.4820 0.3927 0.2716 0.1913 0.1556 0.2544 0.4386 0.4801 0.3728 0.2572 0.1830 0.1570 0.2896 0.4520 0.4742 0.3536 0.2437 0.1755 0.1606 0.3233 0.4632 0.4526
0.4642 0.3061 0.1584 0.1793 0.2506 0.3635 0.4779 0.4454 0.2714 0.1560 0.1872 0.2646 0.3831 0.4816 0.4305 0.2364 0.1557 0.1960 0.2795 0.4032 0.4816 0.4123 0.2053 0.1575 0.2059 0.2964 0.4254 0.4782 0.3844 0.1787 0.1632 0.2217 0.3233 0.4563 0.4656 0.3256 0.1597 0.1789 0.2541 0.3749 0.4815 0.4248 0.2127 0.1579 0.2118 0.3131 0.4517 0.4657 0.3164 0.1564 0.1576 0.1564 0.3164 0.4657 0.4517 0.3131 0.2118 0.1579 0.2127 0.4248 0.4815 0.3749 0.2541 0.1789 0.1597 0.3256 0.4656 0.4563 0.3233 0.2217 0.1632 0.1787 0.3844 0.4782 0.4254 0.2964 0.2059 0.1575 0.2053 0.4123 0.4816 0.4032 0.2795 0.1960 0.1557 0.2364 0.4305 0.4816 0.3831 0.2646 0.1872 0.1560 0.2714 0.4454 0.4779 0.3635 0.2506 0.1793 0.1584 0.3061 0.4642
0.3064 0.1571 0.1833 0.2577 0.3736 0.4803 0.4380 0.2531 0.1556 0.1917 0.2723 0.3935 0.4820 0.4215 0.2195 0.1564 0.2008 0.2876 0.4137 0.4805 0.4011 0.1926 0.1591 0.2110 0.3043 0.4344 0.4759 0.3733 0.1736 0.1653 0.2253 0.3281 0.4596 0.4640 0.3219 0.1595 0.1789 0.2533 0.3727 0.4811 0.4285 0.2205 0.1571 0.2084 0.3069 0.4449 0.4692 0.3315 0.1597 0.1778 0.2130 0.1778 0.1597 0.3315 0.4692 0.4449 0.3069 0.2084 0.1571 0.2205 0.4285 0.4811 0.3727 0.2533 0.1789 0.1595 0.3219 0.4640 0.4596 0.3281 0.2253 0.1653 0.1736 0.3733 0.4759 0.4344 0.3043 0.2110 0.1591 0.1926 0.4011 0.4805 0.4137 0.2876 0.2008 0.1564 0.2195 0.4215 0.4820 0.3935 0.2723 0.1917 0.1556 0.2531 0.4380 0.4803 0.3736 0.2577 0.1833 0.1571 0.3064
0.1842 0.1879 0.2651 0.3838 0.4816 0.4299 0.2352 0.1558 0.1963 0.2802 0.4040 0.4816 0.4114 0.2043 0.1575 0.2059 0.2960 0.4242 0.4786 0.3887 0.1826 0.1614 0.2165 0.3129 0.4435 0.4730 0.3606 0.1689 0.1678 0.2298 0.3344 0.4639 0.4615 0.3148 0.1588 0.1798 0.2541 0.3727 0.4809 0.4303 0.2258 0.1566 0.2058 0.3020 0.4389 0.4719 0.3438 0.1617 0.1780 0.2511 0.3155 0.2511 0.1780 0.1617 0.3438 0.4719 0.4389 0.3020 0.2058 0.1566 0.2258 0.4303 0.4809 0.3727 0.2541 0.1798 0.1588 0.3148 0.4615 0.4639 0.3344 0.2298 0.1678 0.1689 0.3606 0.4730 0.4435 0.3129 0.2165 0.1614 0.1826 0.3887 0.4786 0.4242 0.2960 0.2059 0.1575 0.2043 0.4114 0.4816 0.4040 0.2802 0.1963 0.1558 0.2352 0.4299 0.4816 0.3838 0.2651 0.1879 0.1842
0.2100 0.2735 0.3942 0.4820 0.4208 0.2183 0.1565 0.2012 0.2883 0.4146 0.4804 0.4002 0.1917 0.1593 0.2113 0.3046 0.4343 0.4761 0.3753 0.1750 0.1642 0.2223 0.3218 0.4523 0.4693 0.3464 0.1650 0.1707 0.2351 0.3419 0.4685 0.4579 0.3044 0.1579 0.1814 0.2564 0.3749 0.4811 0.4303 0.2276 0.1564 0.2042 0.2985 0.4341 0.4739 0.3536 0.1639 0.1747 0.2488 0.3706 0.4538 0.3706 0.2488 0.1747 0.1639 0.3536 0.4739 0.4341 0.2985 0.2042 0.1564 0.2276 0.4303 0.4811 0.3749 0.2564 0.1814 0.1579 0.3044 0.4579 0.4685 0.3419 0.2351 0.1707 0.1650 0.3464 0.4693 0.4523 0.3218 0.2223 0.1642 0.1750 0.3753 0.4761 0.4343 0.3046 0.2113 0.1593 0.1917 0.4002 0.4804 0.4146 0.2883 0.2012 0.1565 0.2183 0.4208 0.4820 0.3942 0.2735 0.2100
0.2847 0.4061 0.4815 0.4107 0.2033 0.1577 0.2064 0.2967 0.4250 0.4785 0.3877 0.1819 0.1616 0.2169 0.3134 0.4440 0.4729 0.3609 0.1693 0.1673 0.2284 0.3310 0.4603 0.4650 0.3306 0.1618 0.1740 0.2410 0.3502 0.4729 0.4533 0.2915 0.1570 0.1838 0.2600 0.3791 0.4815 0.4285 0.2258 0.1564 0.2036 0.2967 0.4310 0.4752 0.3608 0.1660 0.1724 0.2434 0.3621 0.4785 0.4626 0.4785 0.3621 0.2434 0.1724 0.1660 0.3608 0.4752 0.4310 0.2967 0.2036 0.1564 0.2258 0.4285 0.4815 0.3791 0.2600 0.1838 0.1570 0.2915 0.4533 0.4729 0.3502 0.2410 0.1740 0.1618 0.3306 0.4650 0.4603 0.3310 0.2284 0.1673 0.1693 0.3609 0.4729 0.4440 0.3134 0.2169 0.1616 0.1819 0.3877 0.4785 0.4250 0.2967 0.2064 0.1577 0.2033 0.4107 0.4815 0.4061 0.2847
0.4040 0.4810 0.3993 0.1909 0.1594 0.2117 0.3053 0.4351 0.4759 0.3742 0.1745 0.1644 0.2227 0.3225 0.4529 0.4691 0.3456 0.1650 0.1707 0.2347 0.3405 0.4671 0.4599 0.3137 0.1593 0.1776 0.2476 0.3593 0.4766 0.4477 0.2765 0.1562 0.1869 0.2649 0.3850 0.4819 0.4248 0.2205 0.1566 0.2042 0.2967 0.4299 0.4758 0.3652 0.1677 0.1707 0.2396 0.3551 0.4779 0.4367 0.3397 0.4367 0.4779 0.3551 0.2396 0.1707 0.1677 0.3652 0.4758 0.4299 0.2967 0.2042 0.1566 0.2205 0.4248 0.4819 0.3850 0.2649 0.1869 0.1562 0.2765 0.4477 0.4766 0.3593 0.2476 0.1776 0.1593 0.3137 0.4599 0.4671 0.3405 0.2347 0.1707 0.1650 0.3456 0.4691 0.4529 0.3225 0.2227 0.1644 0.1745 0.3742 0.4759 0.4351 0.3053 0.2117 0.1594 0.1909 0.3993 0.4810 0.4040
0.4806 0.3866 0.1813 0.1618 0.2173 0.3141 0.4447 0.4726 0.3597 0.1689 0.1676 0.2288 0.3317 0.4608 0.4646 0.3294 0.1616 0.1742 0.2412 0.3501 0.4726 0.4542 0.2961 0.1575 0.1815 0.2546 0.3691 0.4794 0.4412 0.2600 0.1557 0.1905 0.2708 0.3926 0.4820 0.4194 0.2127 0.1571 0.2058 0.2985 0.4310 0.4758 0.3668 0.1686 0.1698 0.2371 0.3505 0.4759 0.4435 0.2564 0.1556 0.2564 0.4435 0.4759 0.3505 0.2370 0.1697 0.1686 0.3668 0.4758 0.4310 0.2985 0.2058 0.1571 0.2127 0.4194 0.4820 0.3926 0.2708 0.1905 0.1557 0.2600 0.4412 0.4794 0.3691 0.2546 0.1815 0.1575 0.2961 0.4542 0.4726 0.3501 0.2412 0.1742 0.1616 0.3294 0.4646 0.4608 0.3317 0.2288 0.1676 0.1689 0.3597 0.4726 0.4447 0.3141 0.2173 0.1618 0.1813 0.3866 0.4806
0.3857 0.1741 0.1646 0.2232 0.3232 0.4535 0.4688 0.3444 0.1646 0.1709 0.2351 0.3412 0.4675 0.4595 0.3125 0.1592 0.1779 0.2481 0.3599 0.4767 0.4479 0.2780 0.1563 0.1857 0.2619 0.3793 0.4812 0.4336 0.2427 0.1557 0.1946 0.2775 0.4012 0.4817 0.4121 0.2033 0.1579 0.2084 0.3020 0.4341 0.4752 0.3652 0.1686 0.1694 0.2358 0.3477 0.4743 0.4474 0.2623 0.1537 0.1661 0.1537 0.2623 0.4474 0.4743 0.3476 0.2357 0.1694 0.1686 0.3652 0.4752 0.4341 0.3020 0.2084 0.1579 0.2033 0.4121 0.4817 0.4012 0.2775 0.1946 0.1557 0.2427 0.4336 0.4812 0.3793 0.2619 0.1857 0.1563 0.2780 0.4479 0.4767 0.3599 0.2481 0.1779 0.1592 0.3125 0.4595 0.4675 0.3412 0.2351 0.1709 0.1646 0.3444 0.4688 0.4535 0.3232 0.2232 0.1646 0.1741 0.3857
0.1962 0.1680 0.2292 0.3324 0.4614 0.4643 0.3281 0.1614 0.1744 0.2417 0.3508 0.4729 0.4538 0.2948 0.1574 0.1818 0.2551 0.3699 0.4795 0.4408 0.2596 0.1557 0.1900 0.2694 0.3897 0.4819 0.4249 0.2255 0.1561 0.1992 0.2850 0.4106 0.4809 0.4031 0.1935 0.1592 0.2118 0.3069 0.4389 0.4739 0.3608 0.1677 0.1698 0.2358 0.3467 0.4734 0.4494 0.2704 0.1559 0.1909 0.2316 0.1909 0.1559 0.2704 0.4494 0.4734 0.3466 0.2357 0.1697 0.1677 0.3608 0.4739 0.4389 0.3069 0.2118 0.1592 0.1935 0.4031 0.4809 0.4106 0.2850 0.1992 0.1561 0.2255 0.4249 0.4819 0.3897 0.2694 0.1900 0.1557 0.2596 0.4408 0.4795 0.3699 0.2551 0.1818 0.1574 0.2948 0.4538 0.4729 0.3508 0.2417 0.1744 0.1614 0.3281 0.4643 0.4614 0.3324 0.2292 0.1680 0.1962
0.1938 0.2361 0.3418 0.4680 0.4591 0.3111 0.1590 0.1782 0.2486 0.3606 0.4769 0.4474 0.2767 0.1563 0.1860 0.2625 0.3801 0.4813 0.4329 0.2415 0.1556 0.1946 0.2772 0.4002 0.4818 0.4152 0.2096 0.1571 0.2041 0.2930 0.4206 0.4793 0.3923 0.1846 0.1610 0.2161 0.3131 0.4449 0.4719 0.3536 0.1660 0.1707 0.2371 0.3477 0.4734 0.4501 0.2741 0.1558 0.1926 0.2764 0.3477 0.2764 0.1926 0.1558 0.2741 0.4501 0.4734 0.3476 0.2370 0.1707 0.1660 0.3536 0.4719 0.4449 0.3131 0.2161 0.1610 0.1846 0.3923 0.4793 0.4206 0.2930 0.2041 0.1571 0.2096 0.4152 0.4818 0.4002 0.2772 0.1946 0.1556 0.2415 0.4329 0.4813 0.3801 0.2625 0.1860 0.1563 0.2767 0.4474 0.4769 0.3606 0.2486 0.1782 0.1590 0.3111 0.4591 0.4680 0.3418 0.2361 0.1938
0.2517 0.3526 0.4732 0.4533 0.2934 0.1573 0.1821 0.2556 0.3706 0.4797 0.4402 0.2583 0.1557 0.1904 0.2700 0.3905 0.4820 0.4242 0.2242 0.1561 0.1994 0.2853 0.4107 0.4809 0.4044 0.1960 0.1586 0.2093 0.3015 0.4307 0.4771 0.3799 0.1771 0.1634 0.2210 0.3204 0.4517 0.4692 0.3437 0.1639 0.1724 0.2396 0.3505 0.4743 0.4494 0.2741 0.1558 0.1912 0.2767 0.4077 0.4731 0.4077 0.2767 0.1912 0.1558 0.2741 0.4494 0.4743 0.3505 0.2396 0.1724 0.1639 0.3438 0.4692 0.4517 0.3204 0.2210 0.1634 0.1771 0.3799 0.4771 0.4307 0.3015 0.2093 0.1586 0.1960 0.4044 0.4809 0.4107 0.2853 0.1994 0.1561 0.2242 0.4242 0.4820 0.3905 0.2700 0.1904 0.1557 0.2583 0.4402 0.4797 0.3706 0.2557 0.1821 0.1573 0.2934 0.4533 0.4732 0.3525 0.2517
0.3552 0.4783 0.4469 0.2752 0.1562 0.1863 0.2630 0.3808 0.4813 0.4323 0.2402 0.1557 0.1950 0.2779 0.4010 0.4818 0.4144 0.2084 0.1571 0.2045 0.2936 0.4212 0.4792 0.3924 0.1852 0.1607 0.2148 0.3102 0.4406 0.4741 0.3661 0.1711 0.1662 0.2264 0.3284 0.4585 0.4657 0.3315 0.1617 0.1747 0.2433 0.3551 0.4758 0.4474 0.2704 0.1558 0.1912 0.2752 0.4037 0.4789 0.4428 0.4789 0.4038 0.2753 0.1912 0.1558 0.2704 0.4474 0.4759 0.3551 0.2434 0.1747 0.1617 0.3315 0.4657 0.4586 0.3285 0.2265 0.1663 0.1711 0.3661 0.4741 0.4406 0.3103 0.2149 0.1608 0.1852 0.3924 0.4793 0.4212 0.2936 0.2045 0.1572 0.2084 0.4144 0.4818 0.4010 0.2779 0.1950 0.1557 0.2402 0.4323 0.4814 0.3809 0.2631 0.1864 0.1562 0.2752 0.4469 0.4783 0.3553
0.4750 0.4397 0.2569 0.1557 0.1907 0.2706 0.3912 0.4820 0.4235 0.2230 0.1562 0.1998 0.2859 0.4115 0.4808 0.4035 0.1950 0.1587 0.2097 0.3021 0.4314 0.4769 0.3792 0.1770 0.1634 0.2206 0.3192 0.4498 0.4705 0.3512 0.1664 0.1694 0.2324 0.3372 0.4650 0.4614 0.3175 0.1596 0.1775 0.2480 0.3613 0.4777 0.4442 0.2634 0.1556 0.1920 0.2759 0.4030 0.4810 0.3996 0.2726 0.3989 0.4808 0.4038 0.2767 0.1926 0.1559 0.2623 0.4435 0.4779 0.3621 0.2488 0.1780 0.1597 0.3164 0.4608 0.4656 0.3380 0.2331 0.1698 0.1664 0.3505 0.4701 0.4503 0.3199 0.2212 0.1637 0.1768 0.3785 0.4766 0.4321 0.3028 0.2103 0.1591 0.1946 0.4030 0.4806 0.4122 0.2866 0.2003 0.1565 0.2222 0.4229 0.4818 0.3919 0.2713 0.1912 0.1559 0.2561 0.4392 0.4750
0.4406 0.2389 0.1557 0.1953 0.2784 0.4017 0.4817 0.4137 0.2074 0.1573 0.2049 0.2942 0.4220 0.4791 0.3914 0.1844 0.1609 0.2153 0.3109 0.4413 0.4739 0.3651 0.1708 0.1664 0.2266 0.3284 0.4581 0.4663 0.3353 0.1627 0.1729 0.2388 0.3465 0.4707 0.4563 0.3018 0.1579 0.1807 0.2536 0.3687 0.4795 0.4397 0.2535 0.1556 0.1938 0.2782 0.4049 0.4811 0.4003 0.1876 0.1474 0.1887 0.3988 0.4789 0.4077 0.2764 0.1909 0.1537 0.2564 0.4367 0.4785 0.3706 0.2511 0.1778 0.1564 0.3049 0.4531 0.4708 0.3473 0.2358 0.1700 0.1617 0.3385 0.4633 0.4590 0.3281 0.2234 0.1636 0.1704 0.3667 0.4711 0.4430 0.3099 0.2120 0.1583 0.1854 0.3913 0.4765 0.4241 0.2926 0.2016 0.1549 0.2098 0.4120 0.4796 0.4040 0.2763 0.1921 0.1536 0.2430 0.4388
0.2450 0.1565 0.2002 0.2866 0.4123 0.4807 0.4027 0.1942 0.1589 0.2102 0.3028 0.4322 0.4767 0.3781 0.1764 0.1636 0.2211 0.3199 0.4504 0.4703 0.3501 0.1661 0.1697 0.2329 0.3377 0.4653 0.4615 0.3186 0.1600 0.1765 0.2456 0.3563 0.4754 0.4503 0.2845 0.1567 0.1844 0.2600 0.3772 0.4810 0.4338 0.2411 0.1557 0.1964 0.2819 0.4089 0.4807 0.3987 0.1856 0.1569 0.1638 0.1473 0.2726 0.4428 0.4731 0.3477 0.2316 0.1661 0.1556 0.3397 0.4626 0.4538 0.3155 0.2130 0.1576 0.1704 0.3744 0.4709 0.4332 0.2951 0.2013 0.1528 0.1922 0.3979 0.4754 0.4125 0.2781 0.1917 0.1496 0.2225 0.4171 0.4775 0.3911 0.2623 0.1830 0.1479 0.2572 0.4332 0.4767 0.3696 0.2475 0.1751 0.1487 0.2917 0.4464 0.4722 0.3489 0.2340 0.1681 0.1523 0.3357
0.1844 0.2059 0.2952 0.4231 0.4788 0.3901 0.1836 0.1613 0.2160 0.3120 0.4423 0.4734 0.3635 0.1703 0.1669 0.2274 0.3294 0.4589 0.4657 0.3337 0.1625 0.1734 0.2397 0.3477 0.4713 0.4557 0.3007 0.1580 0.1807 0.2529 0.3666 0.4787 0.4432 0.2659 0.1560 0.1888 0.2673 0.3869 0.4818 0.4263 0.2270 0.1562 0.1999 0.2872 0.4150 0.4799 0.3939 0.1834 0.1615 0.1849 0.1553 0.1892 0.3993 0.4789 0.4077 0.2764 0.1909 0.1537 0.2564 0.4367 0.4785 0.3706 0.2511 0.1778 0.1564 0.3049 0.4531 0.4708 0.3473 0.2358 0.1700 0.1617 0.3385 0.4633 0.4590 0.3281 0.2234 0.1636 0.1704 0.3667 0.4711 0.4430 0.3099 0.2120 0.1583 0.1854 0.3913 0.4765 0.4241 0.2926 0.2016 0.1549 0.2098 0.4120 0.4796 0.4040 0.2763 0.1921 0.1536 0.2430 0.4388
0.2235 0.3040 0.4340 0.4746 0.3779 0.1758 0.1624 0.2200 0.3208 0.4519 0.4678 0.3504 0.1652 0.1685 0.2319 0.3392 0.4659 0.4589 0.3190 0.1590 0.1753 0.2448 0.3582 0.4751 0.4477 0.2849 0.1557 0.1829 0.2587 0.3778 0.4797 0.4341 0.2496 0.1546 0.1914 0.2737 0.3980 0.4805 0.4169 0.2141 0.1558 0.2024 0.2928 0.4230 0.4773 0.3874 0.1797 0.1631 0.2149 0.2266 0.2460 0.4020 0.4807 0.4038 0.2767 0.1926 0.1559 0.2623 0.4435 0.4779 0.3621 0.2488 0.1780 0.1597 0.3164 0.4608 0.4656 0.3380 0.2331 0.1698 0.1664 0.3505 0.4701 0.4503 0.3199 0.2212 0.1637 0.1768 0.3785 0.4766 0.4321 0.3028 0.2103 0.1591 0.1946 0.4030 0.4806 0.4122 0.2866 0.2003 0.1565 0.2222 0.4229 0.4818 0.3919 0.2713 0.1912 0.1559 0.2561 0.4392 0.4750
0.2817 0.4131 0.4761 0.4000 0.1955 0.1525 0.2007 0.2940 0.4319 0.4719 0.3775 0.1736 0.1570 0.2113 0.3121 0.4502 0.4653 0.3512 0.1606 0.1625 0.2228 0.3311 0.4644 0.4565 0.3218 0.1534 0.1689 0.2355 0.3512 0.4733 0.4455 0.2889 0.1498 0.1762 0.2497 0.3732 0.4777 0.4305 0.2496 0.1493 0.1863 0.2696 0.4030 0.4774 0.4033 0.1964 0.1537 0.2053 0.3021 0.3994 0.4735 0.4785 0.4042 0.2753 0.1912 0.1558 0.2704 0.4474 0.4759 0.3551 0.2434 0.1747 0.1617 0.3315 0.4657 0.4586 0.3285 0.2265 0.1663 0.1711 0.3661 0.4741 0.4406 0.3103 0.2149 0.1608 0.1852 0.3924 0.4793 0.4212 0.2936 0.2045 0.1572 0.2084 0.4144 0.4818 0.4010 0.2779 0.1950 0.1557 0.2402 0.4323 0.4814 0.3809 0.2631 0.1864 0.1562 0.2752 0.4469 0.4783 0.3553
0.2466 0.3525 0.4729 0.4497 0.2985 0.1552 0.1779 0.2515 0.3722 0.4784 0.4367 0.2638 0.1532 0.1859 0.2663 0.3928 0.4799 0.4211 0.2289 0.1532 0.1949 0.2821 0.4136 0.4782 0.4025 0.1987 0.1553 0.2047 0.2990 0.4335 0.4739 0.3798 0.1775 0.1598 0.2165 0.3191 0.4539 0.4655 0.3456 0.1626 0.1685 0.2353 0.3511 0.4744 0.4453 0.2785 0.1534 0.1869 0.2734 0.4086 0.4723 0.4086 0.2768 0.1912 0.1558 0.2741 0.4494 0.4743 0.3505 0.2396 0.1724 0.1639 0.3438 0.4692 0.4517 0.3204 0.2210 0.1634 0.1771 0.3799 0.4771 0.4307 0.3015 0.2093 0.1586 0.1960 0.4044 0.4809 0.4107 0.2853 0.1994 0.1561 0.2242 0.4242 0.4820 0.3905 0.2700 0.1904 0.1557 0.2583 0.4402 0.4797 0.3706 0.2557 0.1821 0.1573 0.2934 0.4533 0.4732 0.3525 0.2517
0.1941 0.2370 0.3428 0.4685 0.4584 0.3099 0.1591 0.1788 0.2496 0.3617 0.4771 0.4465 0.2753 0.1565 0.1867 0.2634 0.3811 0.4812 0.4321 0.2403 0.1560 0.1954 0.2783 0.4013 0.4816 0.4143 0.2086 0.1575 0.2049 0.2940 0.4217 0.4789 0.3912 0.1840 0.1615 0.2170 0.3143 0.4459 0.4713 0.3522 0.1659 0.1714 0.2382 0.3489 0.4739 0.4491 0.2723 0.1561 0.1936 0.2779 0.3486 0.2766 0.1926 0.1558 0.2741 0.4501 0.4734 0.3476 0.2370 0.1707 0.1660 0.3536 0.4719 0.4449 0.3131 0.2161 0.1610 0.1846 0.3923 0.4793 0.4206 0.2930 0.2041 0.1571 0.2096 0.4152 0.4818 0.4002 0.2772 0.1946 0.1556 0.2415 0.4329 0.4813 0.3801 0.2625 0.1860 0.1563 0.2767 0.4474 0.4769 0.3606 0.2486 0.1782 0.1590 0.3111 0.4591 0.4680 0.3418 0.2361 0.1938
