-0.1602 0.0987 0.2119 -0.1641 -0.2601 -0.2811 -0.2342 0.0429 0.2080 -0.0892 -0.2415 -0.2803 -0.2605 -0.0359 0.1397 0.0963 -0.2051 -0.2708 -0.2754 -0.1692 0.0818 0.2229 -0.1462 -0.2552 -0.2819 -0.2471 0.0247 0.1946 -0.0545 -0.2355 -0.2783 -0.2652 -0.0704 0.1208 0.1599 -0.1887 -0.2668 -0.2784 -0.2016 0.0667 0.2218 -0.1262 -0.2499 -0.2819 -0.2544 0.0036 0.1758 -0.0054 -0.2294 -0.2796 -0.3002 -0.2796 -0.2294 -0.0054 0.1758 0.0036 -0.2544 -0.2819 -0.2499 -0.1262 0.2218 0.0667 -0.2016 -0.2784 -0.2668 -0.1887 0.1599 0.1208 -0.0704 -0.2652 -0.2783 -0.2355 -0.0545 0.1946 0.0247 -0.2471 -0.2819 -0.2552 -0.1462 0.2229 0.0818 -0.1692 -0.2754 -0.2708 -0.2051 0.0963 0.1397 -0.0359 -0.2605 -0.2803 -0.2415 -0.0892 0.2080 0.0429 -0.2342 -0.2811 -0.2601 -0.1641 0.2119 0.0987 -0.1602
0.0987 0.2321 -0.1827 -0.3176 -0.3268 -0.2507 0.0492 0.2095 -0.0781 -0.3015 -0.3317 -0.2925 -0.0238 0.1334 0.1531 -0.2409 -0.3260 -0.3167 -0.1678 0.0836 0.2365 -0.1544 -0.3133 -0.3298 -0.2693 0.0326 0.1923 -0.0295 -0.2961 -0.3310 -0.3002 -0.0578 0.1172 0.2045 -0.2149 -0.3230 -0.3218 -0.2081 0.0703 0.2288 -0.1276 -0.3088 -0.3313 -0.2807 0.0133 0.1659 0.0393 -0.2834 -0.3292 -0.3222 -0.2574 -0.3222 -0.3292 -0.2834 0.0393 0.1659 0.0133 -0.2807 -0.3313 -0.3088 -0.1276 0.2288 0.0703 -0.2081 -0.3218 -0.3230 -0.2149 0.2045 0.1172 -0.0578 -0.3002 -0.3310 -0.2961 -0.0295 0.1923 0.0326 -0.2693 -0.3298 -0.3133 -0.1544 0.2365 0.0836 -0.1678 -0.3167 -0.3260 -0.2409 0.1531 0.1334 -0.0238 -0.2925 -0.3317 -0.3015 -0.0781 0.2095 0.0492 -0.2507 -0.3268 -0.3176 -0.1827 0.2321 0.0987
0.2119 -0.1827 -0.3161 -0.3272 -0.2614 0.0382 0.2001 -0.0490 -0.2976 -0.3309 -0.2972 -0.0475 0.1209 0.1909 -0.2234 -0.3237 -0.3199 -0.1968 0.0730 0.2321 -0.1369 -0.3099 -0.3305 -0.2772 0.0184 0.1753 0.0144 -0.2894 -0.3297 -0.3047 -0.0871 0.1060 0.2243 -0.1986 -0.3203 -0.3242 -0.2307 0.0593 0.2208 -0.1071 -0.3051 -0.3313 -0.2857 -0.0038 0.1493 0.0937 -0.2640 -0.3276 -0.3105 -0.1221 0.0403 -0.1221 -0.3105 -0.3276 -0.2640 0.0937 0.1493 -0.0038 -0.2857 -0.3313 -0.3051 -0.1071 0.2208 0.0593 -0.2307 -0.3242 -0.3203 -0.1986 0.2243 0.1060 -0.0871 -0.3047 -0.3297 -0.2894 0.0144 0.1753 0.0184 -0.2772 -0.3305 -0.3099 -0.1369 0.2321 0.0730 -0.1968 -0.3199 -0.3237 -0.2234 0.1909 0.1209 -0.0475 -0.2972 -0.3309 -0.2976 -0.0490 0.2001 0.0382 -0.2614 -0.3272 -0.3161 -0.1827 0.2119
-0.1641 -0.3176 -0.3272 -0.2652 0.0319 0.1922 -0.0181 -0.2944 -0.3301 -0.3020 -0.0723 0.1109 0.2158 -0.2067 -0.3215 -0.3229 -0.2204 0.0641 0.2250 -0.1177 -0.3068 -0.3312 -0.2832 0.0043 0.1572 0.0666 -0.2742 -0.3285 -0.3094 -0.1169 0.0970 0.2344 -0.1825 -0.3177 -0.3266 -0.2481 0.0496 0.2115 -0.0833 -0.3018 -0.3314 -0.2909 -0.0214 0.1353 0.1441 -0.2449 -0.3260 -0.3154 -0.1607 0.0826 0.1667 0.0826 -0.1607 -0.3154 -0.3260 -0.2449 0.1441 0.1353 -0.0214 -0.2909 -0.3314 -0.3018 -0.0833 0.2115 0.0496 -0.2481 -0.3266 -0.3177 -0.1825 0.2344 0.0970 -0.1169 -0.3094 -0.3285 -0.2742 0.0666 0.1572 0.0043 -0.2832 -0.3312 -0.3068 -0.1177 0.2250 0.0641 -0.2204 -0.3229 -0.3215 -0.2067 0.2158 0.1109 -0.0723 -0.3020 -0.3301 -0.2944 -0.0181 0.1922 0.0319 -0.2652 -0.3272 -0.3176 -0.1641
-0.2601 -0.3268 -0.2614 0.0319 0.1888 0.0039 -0.2913 -0.3292 -0.3059 -0.0985 0.1020 0.2300 -0.1908 -0.3190 -0.3254 -0.2398 0.0546 0.2163 -0.0958 -0.3035 -0.3314 -0.2883 -0.0122 0.1419 0.1200 -0.2542 -0.3269 -0.3136 -0.1478 0.0881 0.2376 -0.1663 -0.3150 -0.3284 -0.2616 0.0391 0.2014 -0.0543 -0.2983 -0.3311 -0.2962 -0.0425 0.1233 0.1840 -0.2271 -0.3241 -0.3192 -0.1913 0.0754 0.2253 0.0630 0.2253 0.0754 -0.1913 -0.3192 -0.3241 -0.2271 0.1840 0.1233 -0.0425 -0.2962 -0.3311 -0.2983 -0.0543 0.2014 0.0391 -0.2616 -0.3284 -0.3150 -0.1663 0.2376 0.0881 -0.1478 -0.3136 -0.3269 -0.2542 0.1200 0.1419 -0.0122 -0.2883 -0.3314 -0.3035 -0.0958 0.2163 0.0546 -0.2398 -0.3254 -0.3190 -0.1908 0.2300 0.1020 -0.0985 -0.3059 -0.3292 -0.2913 0.0039 0.1888 0.0319 -0.2614 -0.3268 -0.2601
-0.2811 -0.2507 0.0382 0.1922 0.0039 -0.2897 -0.3286 -0.3086 -0.1213 0.0946 0.2362 -0.1758 -0.3165 -0.3274 -0.2552 0.0445 0.2065 -0.0697 -0.3001 -0.3313 -0.2936 -0.0316 0.1290 0.1657 -0.2357 -0.3251 -0.3174 -0.1774 0.0794 0.2357 -0.1495 -0.3121 -0.3298 -0.2718 0.0275 0.1876 -0.0175 -0.2947 -0.3304 -0.3013 -0.0672 0.1129 0.2115 -0.2102 -0.3220 -0.3223 -0.2158 0.0660 0.2270 -0.1173 -0.2738 -0.1173 0.2270 0.0660 -0.2158 -0.3223 -0.3220 -0.2102 0.2115 0.1129 -0.0672 -0.3013 -0.3304 -0.2947 -0.0175 0.1876 0.0275 -0.2718 -0.3298 -0.3121 -0.1495 0.2357 0.0794 -0.1774 -0.3174 -0.3251 -0.2357 0.1657 0.1290 -0.0316 -0.2936 -0.3313 -0.3001 -0.0697 0.2065 0.0445 -0.2552 -0.3274 -0.3165 -0.1758 0.2362 0.0946 -0.1213 -0.3086 -0.3286 -0.2897 0.0039 0.1922 0.0382 -0.2507 -0.2811
-0.2342 0.0492 0.2001 -0.0181 -0.2913 -0.3286 -0.3095 -0.1349 0.0894 0.2375 -0.1627 -0.3141 -0.3288 -0.2664 0.0338 0.1962 -0.0374 -0.2965 -0.3308 -0.2988 -0.0544 0.1179 0.1993 -0.2185 -0.3231 -0.3208 -0.2039 0.0705 0.2303 -0.1316 -0.3091 -0.3308 -0.2791 0.0146 0.1698 0.0288 -0.2857 -0.3294 -0.3061 -0.0953 0.1034 0.2280 -0.1939 -0.3196 -0.3250 -0.2361 0.0566 0.2182 -0.1018 -0.3058 -0.3343 -0.3058 -0.1018 0.2182 0.0566 -0.2361 -0.3250 -0.3196 -0.1939 0.2280 0.1034 -0.0953 -0.3061 -0.3294 -0.2857 0.0288 0.1698 0.0146 -0.2791 -0.3308 -0.3091 -0.1316 0.2303 0.0705 -0.2039 -0.3208 -0.3231 -0.2185 0.1993 0.1179 -0.0544 -0.2988 -0.3308 -0.2965 -0.0374 0.1962 0.0338 -0.2664 -0.3288 -0.3141 -0.1627 0.2375 0.0894 -0.1349 -0.3095 -0.3286 -0.2913 -0.0181 0.2001 0.0492 -0.2342
0.0429 0.2095 -0.0490 -0.2944 -0.3292 -0.3086 -0.1349 0.0876 0.2372 -0.1534 -0.3120 -0.3297 -0.2741 0.0230 0.1815 0.0020 -0.2927 -0.3299 -0.3037 -0.0809 0.1080 0.2210 -0.2019 -0.3208 -0.3237 -0.2264 0.0614 0.2226 -0.1117 -0.3059 -0.3313 -0.2847 -0.0002 0.1526 0.0823 -0.2682 -0.3280 -0.3106 -0.1258 0.0944 0.2359 -0.1778 -0.3170 -0.3272 -0.2524 0.0467 0.2086 -0.0757 -0.3010 -0.3403 -0.3476 -0.3403 -0.3010 -0.0757 0.2086 0.0467 -0.2524 -0.3272 -0.3170 -0.1778 0.2359 0.0944 -0.1258 -0.3106 -0.3280 -0.2682 0.0823 0.1526 -0.0002 -0.2847 -0.3313 -0.3059 -0.1117 0.2226 0.0614 -0.2264 -0.3237 -0.3208 -0.2019 0.2210 0.1080 -0.0809 -0.3037 -0.3299 -0.2927 0.0020 0.1815 0.0230 -0.2741 -0.3297 -0.3120 -0.1534 0.2372 0.0876 -0.1349 -0.3086 -0.3292 -0.2944 -0.0490 0.2095 0.0429
0.2080 -0.0781 -0.2976 -0.3301 -0.3059 -0.1213 0.0894 0.2372 -0.1500 -0.3109 -0.3302 -0.2787 0.0130 0.1657 0.0457 -0.2810 -0.3287 -0.3082 -0.1099 0.0989 0.2329 -0.1858 -0.3183 -0.3261 -0.2447 0.0518 0.2136 -0.0888 -0.3025 -0.3314 -0.2898 -0.0175 0.1380 0.1343 -0.2487 -0.3264 -0.3148 -0.1566 0.0856 0.2374 -0.1615 -0.3142 -0.3289 -0.2649 0.0359 0.1984 -0.0446 -0.2973 -0.3305 -0.3108 -0.2115 -0.3108 -0.3305 -0.2973 -0.0446 0.1984 0.0359 -0.2649 -0.3289 -0.3142 -0.1615 0.2374 0.0856 -0.1566 -0.3148 -0.3264 -0.2487 0.1343 0.1380 -0.0175 -0.2898 -0.3314 -0.3025 -0.0888 0.2136 0.0518 -0.2447 -0.3261 -0.3183 -0.1858 0.2329 0.0989 -0.1099 -0.3082 -0.3287 -0.2810 0.0457 0.1657 0.0130 -0.2787 -0.3302 -0.3109 -0.1500 0.2372 0.0894 -0.1213 -0.3059 -0.3301 -0.2976 -0.0781 0.2080
-0.0892 -0.3015 -0.3309 -0.3020 -0.0985 0.0946 0.2375 -0.1534 -0.3109 -0.3303 -0.2809 0.0055 0.1549 0.0852 -0.2643 -0.3275 -0.3121 -0.1389 0.0903 0.2373 -0.1698 -0.3156 -0.3281 -0.2590 0.0414 0.2036 -0.0611 -0.2991 -0.3312 -0.2951 -0.0378 0.1257 0.1766 -0.2307 -0.3246 -0.3184 -0.1854 0.0769 0.2344 -0.1445 -0.3113 -0.3301 -0.2742 0.0240 0.1832 -0.0052 -0.2937 -0.3300 -0.3018 -0.0660 0.0573 -0.0660 -0.3018 -0.3300 -0.2937 -0.0052 0.1832 0.0240 -0.2742 -0.3301 -0.3113 -0.1445 0.2344 0.0769 -0.1854 -0.3184 -0.3246 -0.2307 0.1766 0.1257 -0.0378 -0.2951 -0.3312 -0.2991 -0.0611 0.2036 0.0414 -0.2590 -0.3281 -0.3156 -0.1698 0.2373 0.0903 -0.1389 -0.3121 -0.3275 -0.2643 0.0852 0.1549 0.0055 -0.2809 -0.3303 -0.3109 -0.1534 0.2375 0.0946 -0.0985 -0.3020 -0.3309 -0.3015 -0.0892
-0.2415 -0.3317 -0.2972 -0.0723 0.1020 0.2362 -0.1627 -0.3120 -0.3302 -0.2809 0.0028 0.1494 0.1117 -0.2523 -0.3263 -0.3151 -0.1648 0.0825 0.2367 -0.1539 -0.3128 -0.3295 -0.2698 0.0301 0.1911 -0.0262 -0.2955 -0.3306 -0.3002 -0.0617 0.1150 0.2067 -0.2136 -0.3224 -0.3217 -0.2108 0.0680 0.2283 -0.1261 -0.3082 -0.3310 -0.2808 0.0105 0.1645 0.0438 -0.2820 -0.3290 -0.3073 -0.1017 0.0980 0.1916 0.0980 -0.1017 -0.3073 -0.3290 -0.2820 0.0438 0.1645 0.0105 -0.2808 -0.3310 -0.3082 -0.1261 0.2283 0.0680 -0.2108 -0.3217 -0.3224 -0.2136 0.2067 0.1150 -0.0617 -0.3002 -0.3306 -0.2955 -0.0262 0.1911 0.0301 -0.2698 -0.3295 -0.3128 -0.1539 0.2367 0.0825 -0.1648 -0.3151 -0.3263 -0.2523 0.1117 0.1494 0.0028 -0.2809 -0.3302 -0.3120 -0.1627 0.2362 0.1020 -0.0723 -0.2972 -0.3317 -0.2415
-0.2803 -0.2925 -0.0475 0.1109 0.2300 -0.1758 -0.3141 -0.3297 -0.2787 0.0055 0.1494 0.1209 -0.2460 -0.3254 -0.3172 -0.1848 0.0757 0.2331 -0.1386 -0.3100 -0.3304 -0.2776 0.0177 0.1740 0.0180 -0.2885 -0.3296 -0.3051 -0.0892 0.1053 0.2253 -0.1973 -0.3201 -0.3244 -0.2321 0.0587 0.2201 -0.1055 -0.3049 -0.3314 -0.2861 -0.0049 0.1481 0.0978 -0.2624 -0.3276 -0.3119 -0.1347 0.0921 0.2386 -0.0311 0.2386 0.0921 -0.1347 -0.3119 -0.3276 -0.2624 0.0978 0.1481 -0.0049 -0.2861 -0.3314 -0.3049 -0.1055 0.2201 0.0587 -0.2321 -0.3244 -0.3201 -0.1973 0.2253 0.1053 -0.0892 -0.3051 -0.3296 -0.2885 0.0180 0.1740 0.0177 -0.2776 -0.3304 -0.3100 -0.1386 0.2331 0.0757 -0.1848 -0.3172 -0.3254 -0.2460 0.1209 0.1494 0.0055 -0.2787 -0.3297 -0.3141 -0.1758 0.2300 0.1109 -0.0475 -0.2925 -0.2803
-0.2605 -0.0238 0.1209 0.2158 -0.1908 -0.3165 -0.3288 -0.2741 0.0130 0.1549 0.1117 -0.2460 -0.3250 -0.3183 -0.1973 0.0705 0.2288 -0.1243 -0.3074 -0.3310 -0.2829 0.0042 0.1568 0.0694 -0.2729 -0.3283 -0.3097 -0.1193 0.0962 0.2349 -0.1812 -0.3175 -0.3267 -0.2492 0.0489 0.2108 -0.0814 -0.3015 -0.3314 -0.2913 -0.0230 0.1342 0.1477 -0.2434 -0.3259 -0.3159 -0.1652 0.0832 0.2370 -0.1532 -0.2927 -0.1532 0.2370 0.0832 -0.1652 -0.3159 -0.3259 -0.2434 0.1477 0.1342 -0.0230 -0.2913 -0.3314 -0.3015 -0.0814 0.2108 0.0489 -0.2492 -0.3267 -0.3175 -0.1812 0.2349 0.0962 -0.1193 -0.3097 -0.3283 -0.2729 0.0694 0.1568 0.0042 -0.2829 -0.3310 -0.3074 -0.1243 0.2288 0.0705 -0.1973 -0.3183 -0.3250 -0.2460 0.1117 0.1549 0.0130 -0.2741 -0.3288 -0.3165 -0.1908 0.2158 0.1209 -0.0238 -0.2605
-0.0359 0.1334 0.1909 -0.2067 -0.3190 -0.3274 -0.2664 0.0230 0.1657 0.0852 -0.2523 -0.3254 -0.3183 -0.2015 0.0677 0.2254 -0.1128 -0.3052 -0.3312 -0.2870 -0.0099 0.1429 0.1192 -0.2537 -0.3268 -0.3138 -0.1501 0.0874 0.2376 -0.1649 -0.3148 -0.3285 -0.2625 0.0383 0.2007 -0.0519 -0.2981 -0.3310 -0.2966 -0.0443 0.1225 0.1865 -0.2257 -0.3240 -0.3194 -0.1931 0.0743 0.2329 -0.1402 -0.3127 -0.3397 -0.3127 -0.1402 0.2329 0.0743 -0.1931 -0.3194 -0.3240 -0.2257 0.1865 0.1225 -0.0443 -0.2966 -0.3310 -0.2981 -0.0519 0.2007 0.0383 -0.2625 -0.3285 -0.3148 -0.1649 0.2376 0.0874 -0.1501 -0.3138 -0.3268 -0.2537 0.1192 0.1429 -0.0099 -0.2870 -0.3312 -0.3052 -0.1128 0.2254 0.0677 -0.2015 -0.3183 -0.3254 -0.2523 0.0852 0.1657 0.0230 -0.2664 -0.3274 -0.3190 -0.2067 0.1909 0.1334 -0.0359
0.1397 0.1531 -0.2234 -0.3215 -0.3254 -0.2552 0.0338 0.1815 0.0457 -0.2643 -0.3263 -0.3172 -0.1973 0.0677 0.2241 -0.1063 -0.3038 -0.3312 -0.2903 -0.0236 0.1322 0.1591 -0.2373 -0.3251 -0.3174 -0.1787 0.0789 0.2354 -0.1481 -0.3119 -0.3299 -0.2724 0.0266 0.1865 -0.0145 -0.2945 -0.3303 -0.3017 -0.0692 0.1121 0.2131 -0.2089 -0.3218 -0.3225 -0.2174 0.0653 0.2261 -0.1205 -0.3074 -0.3416 -0.3427 -0.3416 -0.3074 -0.1205 0.2261 0.0653 -0.2174 -0.3225 -0.3218 -0.2089 0.2131 0.1121 -0.0692 -0.3017 -0.3303 -0.2945 -0.0145 0.1865 0.0266 -0.2724 -0.3299 -0.3119 -0.1481 0.2354 0.0789 -0.1787 -0.3174 -0.3251 -0.2373 0.1591 0.1322 -0.0236 -0.2903 -0.3312 -0.3038 -0.1063 0.2241 0.0677 -0.1973 -0.3172 -0.3263 -0.2643 0.0457 0.1815 0.0338 -0.2552 -0.3254 -0.3215 -0.2234 0.1531 0.1397
0.0963 -0.2409 -0.3237 -0.3229 -0.2398 0.0445 0.1962 0.0020 -0.2810 -0.3275 -0.3151 -0.1848 0.0705 0.2254 -0.1063 -0.3033 -0.3312 -0.2925 -0.0348 0.1246 0.1862 -0.2235 -0.3234 -0.3203 -0.2030 0.0705 0.2301 -0.1305 -0.3089 -0.3308 -0.2795 0.0136 0.1684 0.0325 -0.2848 -0.3293 -0.3065 -0.0976 0.1027 0.2289 -0.1926 -0.3194 -0.3251 -0.2374 0.0559 0.2175 -0.0990 -0.3039 -0.3308 -0.2968 -0.1495 -0.2968 -0.3308 -0.3039 -0.0990 0.2175 0.0559 -0.2374 -0.3251 -0.3194 -0.1926 0.2289 0.1027 -0.0976 -0.3065 -0.3293 -0.2848 0.0325 0.1684 0.0136 -0.2795 -0.3308 -0.3089 -0.1305 0.2301 0.0705 -0.2030 -0.3203 -0.3234 -0.2235 0.1862 0.1246 -0.0348 -0.2925 -0.3312 -0.3033 -0.1063 0.2254 0.0705 -0.1848 -0.3151 -0.3275 -0.2810 0.0020 0.1962 0.0445 -0.2398 -0.3229 -0.3237 -0.2409 0.0963
-0.2051 -0.3260 -0.3199 -0.2204 0.0546 0.2065 -0.0374 -0.2927 -0.3287 -0.3121 -0.1648 0.0757 0.2288 -0.1128 -0.3038 -0.3312 -0.2932 -0.0412 0.1200 0.2020 -0.2128 -0.3218 -0.3226 -0.2222 0.0625 0.2232 -0.1119 -0.3058 -0.3312 -0.2850 -0.0014 0.1515 0.0862 -0.2668 -0.3279 -0.3110 -0.1282 0.0937 0.2362 -0.1765 -0.3168 -0.3273 -0.2534 0.0459 0.2079 -0.0736 -0.3006 -0.3311 -0.2921 -0.0226 0.0730 -0.0226 -0.2921 -0.3311 -0.3006 -0.0736 0.2079 0.0459 -0.2534 -0.3273 -0.3168 -0.1765 0.2362 0.0937 -0.1282 -0.3110 -0.3279 -0.2668 0.0862 0.1515 -0.0014 -0.2850 -0.3312 -0.3058 -0.1119 0.2232 0.0625 -0.2222 -0.3226 -0.3218 -0.2128 0.2020 0.1200 -0.0412 -0.2932 -0.3312 -0.3038 -0.1128 0.2288 0.0757 -0.1648 -0.3121 -0.3287 -0.2927 -0.0374 0.2065 0.0546 -0.2204 -0.3199 -0.3260 -0.2051
-0.2708 -0.3167 -0.1968 0.0641 0.2163 -0.0697 -0.2965 -0.3299 -0.3082 -0.1389 0.0825 0.2331 -0.1243 -0.3052 -0.3312 -0.2925 -0.0412 0.1185 0.2089 -0.2060 -0.3206 -0.3243 -0.2362 0.0551 0.2158 -0.0923 -0.3028 -0.3314 -0.2899 -0.0185 0.1372 0.1376 -0.2474 -0.3263 -0.3151 -0.1589 0.0849 0.2373 -0.1602 -0.3140 -0.3290 -0.2656 0.0351 0.1977 -0.0421 -0.2970 -0.3308 -0.2979 -0.0493 0.1143 0.2095 0.1143 -0.0493 -0.2979 -0.3308 -0.2970 -0.0421 0.1977 0.0351 -0.2656 -0.3290 -0.3140 -0.1602 0.2373 0.0849 -0.1589 -0.3151 -0.3263 -0.2474 0.1376 0.1372 -0.0185 -0.2899 -0.3314 -0.3028 -0.0923 0.2158 0.0551 -0.2362 -0.3243 -0.3206 -0.2060 0.2089 0.1185 -0.0412 -0.2925 -0.3312 -0.3052 -0.1243 0.2331 0.0825 -0.1389 -0.3082 -0.3299 -0.2965 -0.0697 0.2163 0.0641 -0.1968 -0.3167 -0.2708
-0.2754 -0.1678 0.0730 0.2250 -0.0958 -0.3001 -0.3308 -0.3037 -0.1099 0.0903 0.2367 -0.1386 -0.3074 -0.3312 -0.2903 -0.0348 0.1200 0.2089 -0.2037 -0.3199 -0.3252 -0.2451 0.0490 0.2090 -0.0723 -0.2999 -0.3312 -0.2945 -0.0373 0.1255 0.1781 -0.2297 -0.3244 -0.3187 -0.1876 0.0762 0.2340 -0.1431 -0.3110 -0.3302 -0.2747 0.0230 0.1821 -0.0019 -0.2934 -0.3301 -0.3031 -0.0771 0.1095 0.2244 -0.0964 0.2244 0.1095 -0.0771 -0.3031 -0.3301 -0.2934 -0.0019 0.1821 0.0230 -0.2747 -0.3302 -0.3110 -0.1431 0.2340 0.0762 -0.1876 -0.3187 -0.3244 -0.2297 0.1781 0.1255 -0.0373 -0.2945 -0.3312 -0.2999 -0.0723 0.2090 0.0490 -0.2451 -0.3252 -0.3199 -0.2037 0.2089 0.1200 -0.0348 -0.2903 -0.3312 -0.3074 -0.1386 0.2367 0.0903 -0.1099 -0.3037 -0.3308 -0.3001 -0.0958 0.2250 0.0730 -0.1678 -0.2754
-0.1692 0.0836 0.2321 -0.1177 -0.3035 -0.3313 -0.2988 -0.0809 0.0989 0.2373 -0.1539 -0.3100 -0.3310 -0.2870 -0.0236 0.1246 0.2020 -0.2060 -0.3199 -0.3255 -0.2493 0.0449 0.2039 -0.0538 -0.2975 -0.3307 -0.2986 -0.0573 0.1160 0.2057 -0.2136 -0.3223 -0.3218 -0.2125 0.0672 0.2277 -0.1246 -0.3079 -0.3310 -0.2812 0.0095 0.1633 0.0476 -0.2812 -0.3289 -0.3078 -0.1063 0.1001 0.2312 -0.1854 -0.3007 -0.1854 0.2312 0.1001 -0.1063 -0.3078 -0.3289 -0.2812 0.0476 0.1633 0.0095 -0.2812 -0.3310 -0.3079 -0.1246 0.2277 0.0672 -0.2125 -0.3218 -0.3223 -0.2136 0.2057 0.1160 -0.0573 -0.2986 -0.3307 -0.2975 -0.0538 0.2039 0.0449 -0.2493 -0.3255 -0.3199 -0.2060 0.2020 0.1246 -0.0236 -0.2870 -0.3310 -0.3100 -0.1539 0.2373 0.0989 -0.0809 -0.2988 -0.3313 -0.3035 -0.1177 0.2321 0.0836 -0.1692
0.0818 0.2365 -0.1369 -0.3068 -0.3314 -0.2936 -0.0544 0.1080 0.2329 -0.1698 -0.3128 -0.3304 -0.2829 -0.0099 0.1322 0.1862 -0.2128 -0.3206 -0.3252 -0.2493 0.0436 0.2012 -0.0405 -0.2957 -0.3302 -0.3019 -0.0771 0.1081 0.2225 -0.1991 -0.3202 -0.3244 -0.2327 0.0581 0.2195 -0.1038 -0.3047 -0.3314 -0.2865 -0.0061 0.1471 0.1017 -0.2610 -0.3275 -0.3122 -0.1372 0.0912 0.2371 -0.1726 -0.3192 -0.3442 -0.3192 -0.1726 0.2371 0.0912 -0.1372 -0.3122 -0.3275 -0.2610 0.1017 0.1471 -0.0061 -0.2865 -0.3314 -0.3047 -0.1038 0.2195 0.0581 -0.2327 -0.3244 -0.3202 -0.1991 0.2225 0.1081 -0.0771 -0.3019 -0.3302 -0.2957 -0.0405 0.2012 0.0436 -0.2493 -0.3252 -0.3206 -0.2128 0.1862 0.1322 -0.0099 -0.2829 -0.3304 -0.3128 -0.1698 0.2329 0.1080 -0.0544 -0.2936 -0.3314 -0.3068 -0.1369 0.2365 0.0818
0.2229 -0.1544 -0.3099 -0.3312 -0.2883 -0.0316 0.1179 0.2210 -0.1858 -0.3156 -0.3295 -0.2776 0.0042 0.1429 0.1591 -0.2235 -0.3218 -0.3243 -0.2451 0.0449 0.2012 -0.0357 -0.2948 -0.3299 -0.3043 -0.0939 0.1019 0.2315 -0.1863 -0.3181 -0.3264 -0.2483 0.0489 0.2104 -0.0799 -0.3013 -0.3313 -0.2917 -0.0244 0.1333 0.1509 -0.2421 -0.3258 -0.3162 -0.1675 0.0824 0.2368 -0.1554 -0.3132 -0.3413 -0.3351 -0.3413 -0.3132 -0.1554 0.2368 0.0824 -0.1675 -0.3162 -0.3258 -0.2421 0.1509 0.1333 -0.0244 -0.2917 -0.3313 -0.3013 -0.0799 0.2104 0.0489 -0.2483 -0.3264 -0.3181 -0.1863 0.2315 0.1019 -0.0939 -0.3043 -0.3299 -0.2948 -0.0357 0.2012 0.0449 -0.2451 -0.3243 -0.3218 -0.2235 0.1591 0.1429 0.0042 -0.2776 -0.3295 -0.3156 -0.1858 0.2210 0.1179 -0.0316 -0.2883 -0.3312 -0.3099 -0.1544 0.2229
-0.1462 -0.3133 -0.3305 -0.2832 -0.0122 0.1290 0.1993 -0.2019 -0.3183 -0.3281 -0.2698 0.0177 0.1568 0.1192 -0.2373 -0.3234 -0.3226 -0.2362 0.0490 0.2039 -0.0405 -0.2948 -0.3298 -0.3055 -0.1053 0.0975 0.2355 -0.1757 -0.3161 -0.3279 -0.2598 0.0398 0.2014 -0.0524 -0.2980 -0.3309 -0.2969 -0.0459 0.1217 0.1889 -0.2245 -0.3238 -0.3197 -0.1952 0.0736 0.2325 -0.1379 -0.3101 -0.3298 -0.2795 -0.0865 -0.2795 -0.3298 -0.3101 -0.1379 0.2325 0.0736 -0.1952 -0.3197 -0.3238 -0.2245 0.1889 0.1217 -0.0459 -0.2969 -0.3309 -0.2980 -0.0524 0.2014 0.0398 -0.2598 -0.3279 -0.3161 -0.1757 0.2355 0.0975 -0.1053 -0.3055 -0.3298 -0.2948 -0.0405 0.2039 0.0490 -0.2362 -0.3226 -0.3234 -0.2373 0.1192 0.1568 0.0177 -0.2698 -0.3281 -0.3183 -0.2019 0.1993 0.1290 -0.0122 -0.2832 -0.3305 -0.3133 -0.1462
-0.2552 -0.3298 -0.2772 0.0043 0.1419 0.1657 -0.2185 -0.3208 -0.3261 -0.2590 0.0301 0.1740 0.0694 -0.2537 -0.3251 -0.3203 -0.2222 0.0551 0.2090 -0.0538 -0.2957 -0.3299 -0.3055 -0.1093 0.0952 0.2369 -0.1679 -0.3145 -0.3288 -0.2679 0.0308 0.1910 -0.0207 -0.2947 -0.3303 -0.3016 -0.0705 0.1116 0.2145 -0.2077 -0.3216 -0.3228 -0.2191 0.0646 0.2255 -0.1189 -0.3070 -0.3310 -0.2824 0.0090 0.0893 0.0090 -0.2824 -0.3310 -0.3070 -0.1189 0.2255 0.0646 -0.2191 -0.3228 -0.3216 -0.2077 0.2145 0.1116 -0.0705 -0.3016 -0.3303 -0.2947 -0.0207 0.1910 0.0308 -0.2679 -0.3288 -0.3145 -0.1679 0.2369 0.0952 -0.1093 -0.3055 -0.3299 -0.2957 -0.0538 0.2090 0.0551 -0.2222 -0.3203 -0.3251 -0.2537 0.0694 0.1740 0.0301 -0.2590 -0.3261 -0.3208 -0.2185 0.1657 0.1419 0.0043 -0.2772 -0.3298 -0.2552
-0.2819 -0.2693 0.0184 0.1572 0.1200 -0.2357 -0.3231 -0.3237 -0.2447 0.0414 0.1911 0.0180 -0.2729 -0.3268 -0.3174 -0.2030 0.0625 0.2158 -0.0723 -0.2975 -0.3302 -0.3043 -0.1053 0.0952 0.2372 -0.1639 -0.3134 -0.3294 -0.2730 0.0229 0.1786 0.0138 -0.2891 -0.3294 -0.3060 -0.0967 0.1026 0.2293 -0.1918 -0.3192 -0.3253 -0.2388 0.0552 0.2168 -0.0972 -0.3037 -0.3314 -0.2879 -0.0098 0.1336 0.2227 0.1336 -0.0098 -0.2879 -0.3314 -0.3037 -0.0972 0.2168 0.0552 -0.2388 -0.3253 -0.3192 -0.1918 0.2293 0.1026 -0.0967 -0.3060 -0.3294 -0.2891 0.0138 0.1786 0.0229 -0.2730 -0.3294 -0.3134 -0.1639 0.2372 0.0952 -0.1053 -0.3043 -0.3302 -0.2975 -0.0723 0.2158 0.0625 -0.2030 -0.3174 -0.3268 -0.2729 0.0180 0.1911 0.0414 -0.2447 -0.3237 -0.3231 -0.2357 0.1200 0.1572 0.0184 -0.2693 -0.2819
-0.2471 0.0326 0.1753 0.0666 -0.2542 -0.3251 -0.3208 -0.2264 0.0518 0.2036 -0.0262 -0.2885 -0.3283 -0.3138 -0.1787 0.0705 0.2232 -0.0923 -0.2999 -0.3307 -0.3019 -0.0939 0.0975 0.2369 -0.1639 -0.3131 -0.3297 -0.2758 0.0169 0.1679 0.0464 -0.2782 -0.3284 -0.3096 -0.1227 0.0946 0.2361 -0.1767 -0.3167 -0.3273 -0.2544 0.0451 0.2071 -0.0714 -0.3003 -0.3313 -0.2932 -0.0302 0.1297 0.1751 -0.1453 0.1751 0.1297 -0.0302 -0.2932 -0.3313 -0.3003 -0.0714 0.2071 0.0451 -0.2544 -0.3273 -0.3167 -0.1767 0.2361 0.0946 -0.1227 -0.3096 -0.3284 -0.2782 0.0464 0.1679 0.0169 -0.2758 -0.3297 -0.3131 -0.1639 0.2369 0.0975 -0.0939 -0.3019 -0.3307 -0.2999 -0.0923 0.2232 0.0705 -0.1787 -0.3138 -0.3283 -0.2885 -0.0262 0.2036 0.0518 -0.2264 -0.3208 -0.3251 -0.2542 0.0666 0.1753 0.0326 -0.2471
0.0247 0.1923 0.0144 -0.2742 -0.3269 -0.3174 -0.2039 0.0614 0.2136 -0.0611 -0.2955 -0.3296 -0.3097 -0.1501 0.0789 0.2301 -0.1119 -0.3028 -0.3312 -0.2986 -0.0771 0.1019 0.2355 -0.1679 -0.3134 -0.3297 -0.2767 0.0136 0.1617 0.0708 -0.2667 -0.3275 -0.3126 -0.1463 0.0874 0.2375 -0.1622 -0.3141 -0.3289 -0.2660 0.0344 0.1969 -0.0393 -0.2968 -0.3308 -0.2984 -0.0528 0.1187 0.1959 -0.2172 -0.3084 -0.2172 0.1959 0.1187 -0.0528 -0.2984 -0.3308 -0.2968 -0.0393 0.1969 0.0344 -0.2660 -0.3289 -0.3141 -0.1622 0.2375 0.0874 -0.1463 -0.3126 -0.3275 -0.2667 0.0708 0.1617 0.0136 -0.2767 -0.3297 -0.3134 -0.1679 0.2355 0.1019 -0.0771 -0.2986 -0.3312 -0.3028 -0.1119 0.2301 0.0789 -0.1501 -0.3097 -0.3296 -0.2955 -0.0611 0.2136 0.0614 -0.2039 -0.3174 -0.3269 -0.2742 0.0144 0.1923 0.0247
0.1946 -0.0295 -0.2894 -0.3285 -0.3136 -0.1774 0.0705 0.2226 -0.0888 -0.2991 -0.3306 -0.3051 -0.1193 0.0874 0.2354 -0.1305 -0.3058 -0.3314 -0.2945 -0.0573 0.1081 0.2315 -0.1757 -0.3145 -0.3294 -0.2758 0.0136 0.1596 0.0835 -0.2599 -0.3268 -0.3147 -0.1653 0.0814 0.2359 -0.1485 -0.3116 -0.3300 -0.2742 0.0231 0.1819 0.0006 -0.2932 -0.3299 -0.3034 -0.0791 0.1087 0.2198 -0.2036 -0.3251 -0.3477 -0.3251 -0.2036 0.2198 0.1087 -0.0791 -0.3034 -0.3299 -0.2932 0.0006 0.1819 0.0231 -0.2742 -0.3300 -0.3116 -0.1485 0.2359 0.0814 -0.1653 -0.3147 -0.3268 -0.2599 0.0835 0.1596 0.0136 -0.2758 -0.3294 -0.3145 -0.1757 0.2315 0.1081 -0.0573 -0.2945 -0.3314 -0.3058 -0.1305 0.2354 0.0874 -0.1193 -0.3051 -0.3306 -0.2991 -0.0888 0.2226 0.0705 -0.1774 -0.3136 -0.3285 -0.2894 -0.0295 0.1946
-0.0545 -0.2961 -0.3297 -0.3094 -0.1478 0.0794 0.2303 -0.1117 -0.3025 -0.3312 -0.3002 -0.0892 0.0962 0.2376 -0.1481 -0.3089 -0.3312 -0.2899 -0.0373 0.1160 0.2225 -0.1863 -0.3161 -0.3288 -0.2730 0.0169 0.1617 0.0835 -0.2576 -0.3264 -0.3160 -0.1782 0.0766 0.2331 -0.1362 -0.3093 -0.3307 -0.2799 0.0114 0.1645 0.0468 -0.2812 -0.3288 -0.3081 -0.1085 0.0994 0.2324 -0.1869 -0.3184 -0.3393 -0.3242 -0.3393 -0.3184 -0.1869 0.2324 0.0994 -0.1085 -0.3081 -0.3288 -0.2812 0.0468 0.1645 0.0114 -0.2799 -0.3307 -0.3093 -0.1362 0.2331 0.0766 -0.1782 -0.3160 -0.3264 -0.2576 0.0835 0.1617 0.0169 -0.2730 -0.3288 -0.3161 -0.1863 0.2225 0.1160 -0.0373 -0.2899 -0.3312 -0.3089 -0.1481 0.2376 0.0962 -0.0892 -0.3002 -0.3312 -0.3025 -0.1117 0.2303 0.0794 -0.1478 -0.3094 -0.3297 -0.2961 -0.0545
-0.2355 -0.3310 -0.3047 -0.1169 0.0881 0.2357 -0.1316 -0.3059 -0.3314 -0.2951 -0.0617 0.1053 0.2349 -0.1649 -0.3119 -0.3308 -0.2850 -0.0185 0.1255 0.2057 -0.1991 -0.3181 -0.3279 -0.2679 0.0229 0.1679 0.0708 -0.2599 -0.3264 -0.3164 -0.1845 0.0737 0.2304 -0.1263 -0.3074 -0.3310 -0.2839 -0.0005 0.1506 0.0938 -0.2625 -0.3275 -0.3122 -0.1386 0.0906 0.2373 -0.1707 -0.3157 -0.3271 -0.2544 -0.0363 -0.2544 -0.3271 -0.3157 -0.1707 0.2373 0.0906 -0.1386 -0.3122 -0.3275 -0.2625 0.0938 0.1506 -0.0005 -0.2839 -0.3310 -0.3074 -0.1263 0.2304 0.0737 -0.1845 -0.3164 -0.3264 -0.2599 0.0708 0.1679 0.0229 -0.2679 -0.3279 -0.3181 -0.1991 0.2057 0.1255 -0.0185 -0.2850 -0.3308 -0.3119 -0.1649 0.2349 0.1053 -0.0617 -0.2951 -0.3314 -0.3059 -0.1316 0.2357 0.0881 -0.1169 -0.3047 -0.3310 -0.2355
-0.2783 -0.3002 -0.0871 0.0970 0.2376 -0.1495 -0.3091 -0.3313 -0.2898 -0.0378 0.1150 0.2253 -0.1812 -0.3148 -0.3299 -0.2795 -0.0014 0.1372 0.1781 -0.2136 -0.3202 -0.3264 -0.2598 0.0308 0.1786 0.0464 -0.2667 -0.3268 -0.3160 -0.1845 0.0727 0.2288 -0.1198 -0.3060 -0.3312 -0.2870 -0.0120 0.1398 0.1343 -0.2466 -0.3260 -0.3158 -0.1666 0.0823 0.2367 -0.1544 -0.3129 -0.3292 -0.2685 0.0331 0.1064 0.0331 -0.2685 -0.3292 -0.3129 -0.1544 0.2367 0.0823 -0.1666 -0.3158 -0.3260 -0.2466 0.1343 0.1398 -0.0120 -0.2870 -0.3312 -0.3060 -0.1198 0.2288 0.0727 -0.1845 -0.3160 -0.3268 -0.2667 0.0464 0.1786 0.0308 -0.2598 -0.3264 -0.3202 -0.2136 0.1781 0.1372 -0.0014 -0.2795 -0.3299 -0.3148 -0.1812 0.2253 0.1150 -0.0378 -0.2898 -0.3313 -0.3091 -0.1495 0.2376 0.0970 -0.0871 -0.3002 -0.2783
-0.2652 -0.0578 0.1060 0.2344 -0.1663 -0.3121 -0.3308 -0.2847 -0.0175 0.1257 0.2067 -0.1973 -0.3175 -0.3285 -0.2724 0.0136 0.1515 0.1376 -0.2297 -0.3223 -0.3244 -0.2483 0.0398 0.1910 0.0138 -0.2782 -0.3275 -0.3147 -0.1782 0.0737 0.2288 -0.1174 -0.3053 -0.3313 -0.2891 -0.0217 0.1319 0.1642 -0.2334 -0.3246 -0.3187 -0.1908 0.0744 0.2327 -0.1379 -0.3100 -0.3305 -0.2773 0.0192 0.1577 0.2248 0.1577 0.0192 -0.2773 -0.3305 -0.3100 -0.1379 0.2327 0.0744 -0.1908 -0.3187 -0.3246 -0.2334 0.1642 0.1319 -0.0217 -0.2891 -0.3313 -0.3053 -0.1174 0.2288 0.0737 -0.1782 -0.3147 -0.3275 -0.2782 0.0138 0.1910 0.0398 -0.2483 -0.3244 -0.3223 -0.2297 0.1376 0.1515 0.0136 -0.2724 -0.3285 -0.3175 -0.1973 0.2067 0.1257 -0.0175 -0.2847 -0.3308 -0.3121 -0.1663 0.2344 0.1060 -0.0578 -0.2652
-0.0704 0.1172 0.2243 -0.1825 -0.3150 -0.3298 -0.2791 -0.0002 0.1380 0.1766 -0.2136 -0.3201 -0.3267 -0.2625 0.0266 0.1684 0.0862 -0.2474 -0.3244 -0.3218 -0.2327 0.0489 0.2014 -0.0207 -0.2891 -0.3284 -0.3126 -0.1653 0.0766 0.2304 -0.1198 -0.3053 -0.3312 -0.2903 -0.0282 0.1268 0.1833 -0.2231 -0.3232 -0.3210 -0.2103 0.0671 0.2269 -0.1210 -0.3071 -0.3311 -0.2830 0.0044 0.1569 0.0823 -0.1903 0.0823 0.1569 0.0044 -0.2830 -0.3311 -0.3071 -0.1210 0.2269 0.0671 -0.2103 -0.3210 -0.3232 -0.2231 0.1833 0.1268 -0.0282 -0.2903 -0.3312 -0.3053 -0.1198 0.2304 0.0766 -0.1653 -0.3126 -0.3284 -0.2891 -0.0207 0.2014 0.0489 -0.2327 -0.3218 -0.3244 -0.2474 0.0862 0.1684 0.0266 -0.2625 -0.3267 -0.3201 -0.2136 0.1766 0.1380 -0.0002 -0.2791 -0.3298 -0.3150 -0.1825 0.2243 0.1172 -0.0704
0.1208 0.2045 -0.1986 -0.3177 -0.3284 -0.2718 0.0146 0.1526 0.1343 -0.2307 -0.3224 -0.3244 -0.2492 0.0383 0.1865 0.0325 -0.2668 -0.3263 -0.3187 -0.2125 0.0581 0.2104 -0.0524 -0.2947 -0.3294 -0.3096 -0.1463 0.0814 0.2331 -0.1263 -0.3060 -0.3313 -0.2903 -0.0304 0.1243 0.1936 -0.2159 -0.3220 -0.3228 -0.2249 0.0604 0.2205 -0.1037 -0.3043 -0.3313 -0.2876 -0.0110 0.1427 0.1160 -0.2525 -0.3159 -0.2525 0.1160 0.1427 -0.0110 -0.2876 -0.3313 -0.3043 -0.1037 0.2205 0.0604 -0.2249 -0.3228 -0.3220 -0.2159 0.1936 0.1243 -0.0304 -0.2903 -0.3313 -0.3060 -0.1263 0.2331 0.0814 -0.1463 -0.3096 -0.3294 -0.2947 -0.0524 0.2104 0.0581 -0.2125 -0.3187 -0.3263 -0.2668 0.0325 0.1865 0.0383 -0.2492 -0.3244 -0.3224 -0.2307 0.1343 0.1526 0.0146 -0.2718 -0.3284 -0.3177 -0.1986 0.2045 0.1208
0.1599 -0.2149 -0.3203 -0.3266 -0.2616 0.0275 0.1698 0.0823 -0.2487 -0.3246 -0.3217 -0.2321 0.0489 0.2007 -0.0145 -0.2848 -0.3279 -0.3151 -0.1876 0.0672 0.2195 -0.0799 -0.2980 -0.3303 -0.3060 -0.1227 0.0874 0.2359 -0.1362 -0.3074 -0.3312 -0.2891 -0.0282 0.1243 0.1968 -0.2123 -0.3213 -0.3238 -0.2349 0.0548 0.2144 -0.0865 -0.3017 -0.3313 -0.2921 -0.0277 0.1305 0.1622 -0.2374 -0.3305 -0.3499 -0.3305 -0.2374 0.1622 0.1305 -0.0277 -0.2921 -0.3313 -0.3017 -0.0865 0.2144 0.0548 -0.2349 -0.3238 -0.3213 -0.2123 0.1968 0.1243 -0.0282 -0.2891 -0.3312 -0.3074 -0.1362 0.2359 0.0874 -0.1227 -0.3060 -0.3303 -0.2980 -0.0799 0.2195 0.0672 -0.1876 -0.3151 -0.3279 -0.2848 -0.0145 0.2007 0.0489 -0.2321 -0.3217 -0.3246 -0.2487 0.0823 0.1698 0.0275 -0.2616 -0.3266 -0.3203 -0.2149 0.1599
-0.1887 -0.3230 -0.3242 -0.2481 0.0391 0.1876 0.0288 -0.2682 -0.3264 -0.3184 -0.2108 0.0587 0.2108 -0.0519 -0.2945 -0.3293 -0.3110 -0.1589 0.0762 0.2277 -0.1038 -0.3013 -0.3309 -0.3016 -0.0967 0.0946 0.2375 -0.1485 -0.3093 -0.3310 -0.2870 -0.0217 0.1268 0.1936 -0.2123 -0.3210 -0.3244 -0.2406 0.0507 0.2096 -0.0710 -0.2995 -0.3311 -0.2960 -0.0456 0.1208 0.1937 -0.2208 -0.3231 -0.3350 -0.3090 -0.3350 -0.3231 -0.2208 0.1937 0.1208 -0.0456 -0.2960 -0.3311 -0.2995 -0.0710 0.2096 0.0507 -0.2406 -0.3244 -0.3210 -0.2123 0.1936 0.1268 -0.0217 -0.2870 -0.3310 -0.3093 -0.1485 0.2375 0.0946 -0.0967 -0.3016 -0.3309 -0.3013 -0.1038 0.2277 0.0762 -0.1589 -0.3110 -0.3293 -0.2945 -0.0519 0.2108 0.0587 -0.2108 -0.3184 -0.3264 -0.2682 0.0288 0.1876 0.0391 -0.2481 -0.3242 -0.3230 -0.1887
-0.2668 -0.3218 -0.2307 0.0496 0.2014 -0.0175 -0.2857 -0.3280 -0.3148 -0.1854 0.0680 0.2201 -0.0814 -0.2981 -0.3303 -0.3065 -0.1282 0.0849 0.2340 -0.1246 -0.3047 -0.3313 -0.2969 -0.0705 0.1026 0.2361 -0.1622 -0.3116 -0.3307 -0.2839 -0.0120 0.1319 0.1833 -0.2159 -0.3213 -0.3244 -0.2425 0.0485 0.2064 -0.0588 -0.2977 -0.3307 -0.2993 -0.0630 0.1130 0.2139 -0.2066 -0.3212 -0.3223 -0.2160 0.0003 -0.2160 -0.3223 -0.3212 -0.2066 0.2139 0.1130 -0.0630 -0.2993 -0.3307 -0.2977 -0.0588 0.2064 0.0485 -0.2425 -0.3244 -0.3213 -0.2159 0.1833 0.1319 -0.0120 -0.2839 -0.3307 -0.3116 -0.1622 0.2361 0.1026 -0.0705 -0.2969 -0.3313 -0.3047 -0.1246 0.2340 0.0849 -0.1282 -0.3065 -0.3303 -0.2981 -0.0814 0.2201 0.0680 -0.1854 -0.3148 -0.3280 -0.2857 -0.0175 0.2014 0.0496 -0.2307 -0.3218 -0.2668
-0.2784 -0.2081 0.0593 0.2115 -0.0543 -0.2947 -0.3294 -0.3106 -0.1566 0.0769 0.2283 -0.1055 -0.3015 -0.3310 -0.3017 -0.0976 0.0937 0.2373 -0.1431 -0.3079 -0.3314 -0.2917 -0.0459 0.1116 0.2293 -0.1767 -0.3141 -0.3300 -0.2799 -0.0005 0.1398 0.1642 -0.2231 -0.3220 -0.3238 -0.2406 0.0485 0.2053 -0.0518 -0.2966 -0.3304 -0.3017 -0.0783 0.1068 0.2257 -0.1943 -0.3193 -0.3251 -0.2397 0.0544 0.1269 0.0544 -0.2397 -0.3251 -0.3193 -0.1943 0.2257 0.1068 -0.0783 -0.3017 -0.3304 -0.2966 -0.0518 0.2053 0.0485 -0.2406 -0.3238 -0.3220 -0.2231 0.1642 0.1398 -0.0005 -0.2799 -0.3300 -0.3141 -0.1767 0.2293 0.1116 -0.0459 -0.2917 -0.3314 -0.3079 -0.1431 0.2373 0.0937 -0.0976 -0.3017 -0.3310 -0.3015 -0.1055 0.2283 0.0769 -0.1566 -0.3106 -0.3294 -0.2947 -0.0543 0.2115 0.0593 -0.2081 -0.2784
-0.2016 0.0703 0.2208 -0.0833 -0.2983 -0.3304 -0.3061 -0.1258 0.0856 0.2344 -0.1261 -0.3049 -0.3314 -0.2966 -0.0692 0.1027 0.2362 -0.1602 -0.3110 -0.3310 -0.2865 -0.0244 0.1217 0.2145 -0.1918 -0.3167 -0.3289 -0.2742 0.0114 0.1506 0.1343 -0.2334 -0.3232 -0.3228 -0.2349 0.0507 0.2064 -0.0518 -0.2962 -0.3302 -0.3032 -0.0898 0.1023 0.2319 -0.1841 -0.3175 -0.3269 -0.2536 0.0454 0.1884 0.1986 0.1884 0.0454 -0.2536 -0.3269 -0.3175 -0.1841 0.2319 0.1023 -0.0898 -0.3032 -0.3302 -0.2962 -0.0518 0.2064 0.0507 -0.2349 -0.3228 -0.3232 -0.2334 0.1343 0.1506 0.0114 -0.2742 -0.3289 -0.3167 -0.1918 0.2145 0.1217 -0.0244 -0.2865 -0.3310 -0.3110 -0.1602 0.2362 0.1027 -0.0692 -0.2966 -0.3314 -0.3049 -0.1261 0.2344 0.0856 -0.1258 -0.3061 -0.3304 -0.2983 -0.0833 0.2208 0.0703 -0.2016
0.0667 0.2288 -0.1071 -0.3018 -0.3311 -0.3013 -0.0953 0.0944 0.2374 -0.1445 -0.3082 -0.3314 -0.2913 -0.0443 0.1121 0.2289 -0.1765 -0.3140 -0.3302 -0.2812 -0.0061 0.1333 0.1889 -0.2077 -0.3192 -0.3273 -0.2660 0.0231 0.1645 0.0938 -0.2466 -0.3246 -0.3210 -0.2249 0.0548 0.2096 -0.0588 -0.2966 -0.3302 -0.3038 -0.0963 0.0994 0.2349 -0.1763 -0.3160 -0.3281 -0.2626 0.0365 0.1982 -0.0292 -0.2355 -0.0292 0.1982 0.0365 -0.2626 -0.3281 -0.3160 -0.1763 0.2349 0.0994 -0.0963 -0.3038 -0.3302 -0.2966 -0.0588 0.2096 0.0548 -0.2249 -0.3210 -0.3246 -0.2466 0.0938 0.1645 0.0231 -0.2660 -0.3273 -0.3192 -0.2077 0.1889 0.1333 -0.0061 -0.2812 -0.3302 -0.3140 -0.1765 0.2289 0.1121 -0.0443 -0.2913 -0.3314 -0.3082 -0.1445 0.2374 0.0944 -0.0953 -0.3013 -0.3311 -0.3018 -0.1071 0.2288 0.0667
0.2218 -0.1276 -0.3051 -0.3314 -0.2962 -0.0672 0.1034 0.2359 -0.1615 -0.3113 -0.3310 -0.2861 -0.0230 0.1225 0.2131 -0.1926 -0.3168 -0.3290 -0.2747 0.0095 0.1471 0.1509 -0.2245 -0.3216 -0.3253 -0.2544 0.0344 0.1819 0.0468 -0.2625 -0.3260 -0.3187 -0.2103 0.0604 0.2144 -0.0710 -0.2977 -0.3304 -0.3032 -0.0963 0.0984 0.2359 -0.1713 -0.3148 -0.3288 -0.2685 0.0291 0.1880 -0.0111 -0.2941 -0.3242 -0.2941 -0.0111 0.1880 0.0291 -0.2685 -0.3288 -0.3148 -0.1713 0.2359 0.0984 -0.0963 -0.3032 -0.3304 -0.2977 -0.0710 0.2144 0.0604 -0.2103 -0.3187 -0.3260 -0.2625 0.0468 0.1819 0.0344 -0.2544 -0.3253 -0.3216 -0.2245 0.1509 0.1471 0.0095 -0.2747 -0.3290 -0.3168 -0.1926 0.2131 0.1225 -0.0230 -0.2861 -0.3310 -0.3113 -0.1615 0.2359 0.1034 -0.0672 -0.2962 -0.3314 -0.3051 -0.1276 0.2218
-0.1262 -0.3088 -0.3313 -0.2909 -0.0425 0.1129 0.2280 -0.1778 -0.3142 -0.3301 -0.2808 -0.0049 0.1342 0.1865 -0.2089 -0.3194 -0.3273 -0.2656 0.0230 0.1633 0.1017 -0.2421 -0.3238 -0.3228 -0.2388 0.0451 0.1969 0.0006 -0.2812 -0.3275 -0.3158 -0.1908 0.0671 0.2205 -0.0865 -0.2995 -0.3307 -0.3017 -0.0898 0.0994 0.2359 -0.1696 -0.3143 -0.3292 -0.2720 0.0232 0.1774 0.0207 -0.2873 -0.3358 -0.3501 -0.3358 -0.2873 0.0207 0.1774 0.0232 -0.2720 -0.3292 -0.3143 -0.1696 0.2359 0.0994 -0.0898 -0.3017 -0.3307 -0.2995 -0.0865 0.2205 0.0671 -0.1908 -0.3158 -0.3275 -0.2812 0.0006 0.1969 0.0451 -0.2388 -0.3228 -0.3238 -0.2421 0.1017 0.1633 0.0230 -0.2656 -0.3273 -0.3194 -0.2089 0.1865 0.1342 -0.0049 -0.2808 -0.3301 -0.3142 -0.1778 0.2280 0.1129 -0.0425 -0.2909 -0.3313 -0.3088 -0.1262
-0.2499 -0.3313 -0.2857 -0.0214 0.1233 0.2115 -0.1939 -0.3170 -0.3289 -0.2742 0.0105 0.1481 0.1477 -0.2257 -0.3218 -0.3251 -0.2534 0.0351 0.1821 0.0476 -0.2610 -0.3258 -0.3197 -0.2191 0.0552 0.2071 -0.0393 -0.2932 -0.3288 -0.3122 -0.1666 0.0744 0.2269 -0.1037 -0.3017 -0.3311 -0.2993 -0.0783 0.1023 0.2349 -0.1713 -0.3143 -0.3293 -0.2737 0.0194 0.1698 0.0453 -0.2770 -0.3280 -0.3250 -0.2759 -0.3250 -0.3280 -0.2770 0.0453 0.1699 0.0194 -0.2737 -0.3293 -0.3143 -0.1713 0.2349 0.1023 -0.0783 -0.2993 -0.3311 -0.3017 -0.1037 0.2269 0.0744 -0.1666 -0.3122 -0.3288 -0.2932 -0.0393 0.2071 0.0552 -0.2191 -0.3197 -0.3258 -0.2610 0.0476 0.1821 0.0351 -0.2534 -0.3251 -0.3218 -0.2257 0.1477 0.1481 0.0105 -0.2742 -0.3289 -0.3170 -0.1939 0.2115 0.1233 -0.0214 -0.2857 -0.3313 -0.2499
-0.2819 -0.2807 -0.0038 0.1353 0.1840 -0.2102 -0.3196 -0.3272 -0.2649 0.0240 0.1645 0.0978 -0.2434 -0.3240 -0.3225 -0.2374 0.0459 0.1977 -0.0019 -0.2812 -0.3275 -0.3162 -0.1952 0.0646 0.2168 -0.0714 -0.2968 -0.3299 -0.3081 -0.1386 0.0823 0.2327 -0.1210 -0.3043 -0.3313 -0.2960 -0.0630 0.1068 0.2319 -0.1763 -0.3148 -0.3292 -0.2737 0.0181 0.1661 0.0612 -0.2688 -0.3275 -0.3117 -0.1388 0.0342 -0.1388 -0.3117 -0.3275 -0.2689 0.0609 0.1662 0.0181 -0.2737 -0.3292 -0.3148 -0.1763 0.2319 0.1068 -0.0630 -0.2960 -0.3313 -0.3043 -0.1210 0.2327 0.0823 -0.1386 -0.3081 -0.3299 -0.2968 -0.0714 0.2168 0.0646 -0.1952 -0.3162 -0.3275 -0.2812 -0.0019 0.1977 0.0459 -0.2374 -0.3225 -0.3240 -0.2434 0.0978 0.1645 0.0240 -0.2649 -0.3272 -0.3196 -0.2102 0.1840 0.1353 -0.0038 -0.2807 -0.2819
-0.2544 0.0133 0.1493 0.1441 -0.2271 -0.3220 -0.3250 -0.2524 0.0359 0.1832 0.0438 -0.2624 -0.3259 -0.3194 -0.2174 0.0559 0.2079 -0.0421 -0.2934 -0.3289 -0.3122 -0.1675 0.0736 0.2255 -0.0972 -0.3003 -0.3308 -0.3034 -0.1085 0.0906 0.2367 -0.1379 -0.3071 -0.3313 -0.2921 -0.0456 0.1130 0.2257 -0.1841 -0.3159 -0.3288 -0.2720 0.0194 0.1661 0.0668 -0.2647 -0.3271 -0.3141 -0.1622 0.0804 0.1626 0.0804 -0.1622 -0.3141 -0.3271 -0.2649 0.0663 0.1662 0.0194 -0.2720 -0.3288 -0.3160 -0.1841 0.2257 0.1130 -0.0456 -0.2921 -0.3313 -0.3071 -0.1379 0.2367 0.0906 -0.1085 -0.3034 -0.3308 -0.3003 -0.0972 0.2255 0.0736 -0.1675 -0.3122 -0.3289 -0.2934 -0.0421 0.2079 0.0559 -0.2174 -0.3194 -0.3259 -0.2624 0.0438 0.1832 0.0359 -0.2524 -0.3250 -0.3220 -0.2271 0.1441 0.1493 0.0133 -0.2544
0.0036 0.1659 0.0937 -0.2449 -0.3241 -0.3223 -0.2361 0.0467 0.1984 -0.0052 -0.2820 -0.3276 -0.3159 -0.1931 0.0653 0.2175 -0.0736 -0.2970 -0.3301 -0.3078 -0.1372 0.0824 0.2325 -0.1189 -0.3037 -0.3313 -0.2984 -0.0791 0.0994 0.2373 -0.1544 -0.3100 -0.3311 -0.2876 -0.0277 0.1208 0.2139 -0.1943 -0.3175 -0.3281 -0.2685 0.0232 0.1698 0.0612 -0.2647 -0.3269 -0.3151 -0.1732 0.0780 0.2249 0.0675 0.2249 0.0780 -0.1732 -0.3151 -0.3269 -0.2649 0.0609 0.1699 0.0232 -0.2685 -0.3281 -0.3175 -0.1943 0.2139 0.1208 -0.0277 -0.2876 -0.3311 -0.3100 -0.1544 0.2373 0.0994 -0.0791 -0.2984 -0.3313 -0.3037 -0.1189 0.2325 0.0824 -0.1372 -0.3078 -0.3301 -0.2970 -0.0736 0.2175 0.0653 -0.1931 -0.3159 -0.3276 -0.2820 -0.0052 0.1984 0.0467 -0.2361 -0.3223 -0.3241 -0.2449 0.0937 0.1659 0.0036
0.1757 0.0393 -0.2640 -0.3261 -0.3192 -0.2158 0.0566 0.2086 -0.0446 -0.2937 -0.3290 -0.3119 -0.1652 0.0743 0.2261 -0.0990 -0.3006 -0.3309 -0.3031 -0.1063 0.0912 0.2368 -0.1379 -0.3070 -0.3314 -0.2932 -0.0528 0.1087 0.2324 -0.1707 -0.3129 -0.3305 -0.2829 -0.0109 0.1305 0.1937 -0.2066 -0.3193 -0.3270 -0.2626 0.0291 0.1773 0.0453 -0.2688 -0.3271 -0.3151 -0.1761 0.0758 0.2317 -0.1245 -0.2740 -0.1245 0.2317 0.0758 -0.1762 -0.3151 -0.3271 -0.2689 0.0453 0.1774 0.0291 -0.2626 -0.3269 -0.3193 -0.2066 0.1937 0.1305 -0.0110 -0.2830 -0.3305 -0.3129 -0.1707 0.2324 0.1087 -0.0528 -0.2932 -0.3314 -0.3070 -0.1379 0.2368 0.0912 -0.1063 -0.3031 -0.3308 -0.3006 -0.0990 0.2261 0.0743 -0.1652 -0.3119 -0.3290 -0.2937 -0.0446 0.2086 0.0566 -0.2158 -0.3192 -0.3260 -0.2640 0.0393 0.1758
-0.0052 -0.2834 -0.3277 -0.3156 -0.1912 0.0660 0.2182 -0.0756 -0.2973 -0.3301 -0.3075 -0.1347 0.0831 0.2329 -0.1204 -0.3040 -0.3313 -0.2981 -0.0771 0.1001 0.2371 -0.1554 -0.3102 -0.3311 -0.2880 -0.0302 0.1186 0.2199 -0.1869 -0.3158 -0.3295 -0.2773 0.0043 0.1424 0.1627 -0.2206 -0.3213 -0.3254 -0.2536 0.0364 0.1879 0.0210 -0.2768 -0.3275 -0.3144 -0.1732 0.0757 0.2308 -0.1253 -0.3083 -0.3353 -0.3083 -0.1254 0.2309 0.0758 -0.1732 -0.3141 -0.3275 -0.2770 0.0207 0.1880 0.0365 -0.2536 -0.3251 -0.3212 -0.2208 0.1622 0.1427 0.0044 -0.2773 -0.3292 -0.3157 -0.1869 0.2198 0.1187 -0.0302 -0.2879 -0.3310 -0.3101 -0.1554 0.2371 0.1001 -0.0771 -0.2979 -0.3311 -0.3039 -0.1205 0.2329 0.0832 -0.1347 -0.3073 -0.3300 -0.2973 -0.0757 0.2182 0.0660 -0.1913 -0.3154 -0.3276 -0.2834 -0.0054
-0.2292 -0.3295 -0.3115 -0.1630 0.0750 0.2267 -0.1007 -0.3008 -0.3309 -0.3027 -0.1039 0.0919 0.2370 -0.1394 -0.3072 -0.3314 -0.2929 -0.0511 0.1093 0.2318 -0.1719 -0.3132 -0.3305 -0.2828 -0.0111 0.1298 0.1975 -0.2030 -0.3185 -0.3280 -0.2693 0.0183 0.1571 0.1197 -0.2363 -0.3232 -0.3232 -0.2413 0.0446 0.1976 -0.0082 -0.2869 -0.3282 -0.3129 -0.1647 0.0774 0.2315 -0.1243 -0.3063 -0.3400 -0.3428 -0.3399 -0.3065 -0.1254 0.2317 0.0780 -0.1622 -0.3117 -0.3280 -0.2873 -0.0111 0.1982 0.0454 -0.2397 -0.3223 -0.3231 -0.2374 0.1160 0.1569 0.0192 -0.2685 -0.3271 -0.3184 -0.2036 0.1959 0.1297 -0.0098 -0.2824 -0.3298 -0.3132 -0.1726 0.2312 0.1095 -0.0493 -0.2921 -0.3308 -0.3074 -0.1402 0.2370 0.0921 -0.1017 -0.3018 -0.3305 -0.3010 -0.1018 0.2270 0.0754 -0.1607 -0.3105 -0.3292 -0.2294
-0.2757 -0.3075 -0.1326 0.0837 0.2333 -0.1219 -0.3042 -0.3313 -0.2976 -0.0749 0.1008 0.2369 -0.1567 -0.3104 -0.3311 -0.2876 -0.0287 0.1194 0.2187 -0.1880 -0.3160 -0.3294 -0.2768 0.0052 0.1429 0.1631 -0.2196 -0.3209 -0.3260 -0.2583 0.0308 0.1750 0.0673 -0.2540 -0.3251 -0.3206 -0.2249 0.0531 0.2058 -0.0379 -0.2934 -0.3290 -0.3106 -0.1510 0.0807 0.2331 -0.1278 -0.3065 -0.3302 -0.2972 -0.1552 -0.3086 -0.3399 -0.3083 -0.1245 0.2249 0.0804 -0.1388 -0.3250 -0.3358 -0.2941 -0.0292 0.1884 0.0544 -0.2160 -0.3350 -0.3305 -0.2525 0.0823 0.1577 0.0331 -0.2544 -0.3393 -0.3251 -0.2172 0.1751 0.1336 0.0090 -0.2795 -0.3413 -0.3192 -0.1854 0.2244 0.1143 -0.0226 -0.2968 -0.3416 -0.3127 -0.1532 0.2386 0.0980 -0.0660 -0.3108 -0.3403 -0.3058 -0.1173 0.2253 0.0826 -0.1221 -0.3222 -0.2796
-0.2697 -0.0996 0.0924 0.2371 -0.1407 -0.3075 -0.3313 -0.2924 -0.0492 0.1102 0.2310 -0.1732 -0.3133 -0.3303 -0.2824 -0.0098 0.1307 0.1953 -0.2042 -0.3186 -0.3277 -0.2686 0.0193 0.1585 0.1166 -0.2369 -0.3232 -0.3234 -0.2437 0.0421 0.1920 0.0151 -0.2739 -0.3268 -0.3173 -0.2038 0.0617 0.2144 -0.0655 -0.2963 -0.3298 -0.3074 -0.1320 0.0855 0.2353 -0.1350 -0.3074 -0.3306 -0.2863 -0.0049 0.0507 -0.1583 -0.3431 -0.3353 -0.2740 0.0675 0.1626 0.0342 -0.2759 -0.3501 -0.3242 -0.2355 0.1986 0.1269 0.0003 -0.3090 -0.3499 -0.3159 -0.1903 0.2248 0.1064 -0.0363 -0.3242 -0.3477 -0.3084 -0.1453 0.2227 0.0893 -0.0865 -0.3351 -0.3442 -0.3007 -0.0964 0.2095 0.0730 -0.1495 -0.3427 -0.3397 -0.2927 -0.0311 0.1916 0.0573 -0.2115 -0.3476 -0.3343 -0.2738 0.0630 0.1667 0.0403 -0.2574 -0.3002
