-0.1800 -0.2775 -0.2650 -0.0725 0.1201 0.1624 -0.1879 -0.2666 -0.2785 -0.2030 0.0659 0.2215 -0.1251 -0.2496 -0.2818 -0.2546 0.0025 0.1747 -0.0023 -0.2289 -0.2755 -0.2699 -0.1124 0.1035 0.2019 -0.1713 -0.2622 -0.2805 -0.2266 0.0500 0.2129 -0.1012 -0.2440 -0.2809 -0.2587 -0.0233 0.1488 0.0655 -0.2122 -0.2723 -0.2740 -0.1531 0.0882 0.2200 -0.1540 -0.2573 -0.2817 -0.2424 0.0332 0.1836 0.1642 0.1836 0.0332 -0.2424 -0.2817 -0.2573 -0.1540 0.2200 0.0882 -0.1531 -0.2740 -0.2723 -0.2122 0.0655 0.1488 -0.0233 -0.2587 -0.2809 -0.2440 -0.1012 0.2129 0.0500 -0.2266 -0.2805 -0.2622 -0.1713 0.2019 0.1035 -0.1124 -0.2699 -0.2755 -0.2289 -0.0023 0.1747 0.0025 -0.2546 -0.2818 -0.2496 -0.1251 0.2215 0.0659 -0.2030 -0.2785 -0.2666 -0.1879 0.1624 0.1201 -0.0725 -0.2650 -0.2775 -0.1800
-0.2775 -0.2974 -0.0548 0.1180 0.2046 -0.2142 -0.3228 -0.3219 -0.2099 0.0696 0.2282 -0.1261 -0.3085 -0.3313 -0.2812 0.0122 0.1646 0.0431 -0.2825 -0.3294 -0.3078 -0.1020 0.1024 0.2309 -0.1892 -0.3192 -0.3260 -0.2407 0.0555 0.2156 -0.0942 -0.3036 -0.3318 -0.2891 -0.0118 0.1414 0.1233 -0.2526 -0.3272 -0.3143 -0.1484 0.0892 0.2375 -0.1650 -0.3152 -0.3289 -0.2625 0.0399 0.2010 -0.0418 -0.2426 -0.0418 0.2010 0.0399 -0.2625 -0.3289 -0.3152 -0.1650 0.2375 0.0892 -0.1484 -0.3143 -0.3272 -0.2526 0.1233 0.1414 -0.0118 -0.2891 -0.3318 -0.3036 -0.0942 0.2156 0.0555 -0.2407 -0.3260 -0.3192 -0.1892 0.2309 0.1024 -0.1020 -0.3078 -0.3294 -0.2825 0.0431 0.1646 0.0122 -0.2812 -0.3313 -0.3085 -0.1261 0.2282 0.0696 -0.2099 -0.3219 -0.3228 -0.2142 0.2046 0.1180 -0.0548 -0.2974 -0.2775
-0.2650 -0.0548 0.1125 0.2184 -0.2014 -0.3203 -0.3239 -0.2313 0.0588 0.2203 -0.1056 -0.3049 -0.3313 -0.2861 -0.0050 0.1481 0.0977 -0.2625 -0.3276 -0.3119 -0.1349 0.0917 0.2369 -0.1732 -0.3162 -0.3277 -0.2563 0.0435 0.2058 -0.0675 -0.2998 -0.3312 -0.2939 -0.0333 0.1281 0.1686 -0.2345 -0.3249 -0.3177 -0.1797 0.0786 0.2354 -0.1482 -0.3119 -0.3299 -0.2724 0.0265 0.1865 -0.0165 -0.2950 -0.3253 -0.2950 -0.0165 0.1865 0.0265 -0.2724 -0.3299 -0.3119 -0.1482 0.2354 0.0786 -0.1797 -0.3177 -0.3249 -0.2345 0.1686 0.1281 -0.0333 -0.2939 -0.3312 -0.2998 -0.0675 0.2058 0.0435 -0.2563 -0.3277 -0.3162 -0.1732 0.2369 0.0917 -0.1349 -0.3119 -0.3276 -0.2625 0.0977 0.1481 -0.0050 -0.2861 -0.3313 -0.3049 -0.1056 0.2203 0.0588 -0.2313 -0.3239 -0.3203 -0.2014 0.2184 0.1125 -0.0548 -0.2650
-0.0725 0.1180 0.2184 -0.1962 -0.3188 -0.3254 -0.2460 0.0502 0.2115 -0.0826 -0.3016 -0.3313 -0.2913 -0.0230 0.1342 0.1476 -0.2434 -0.3259 -0.3159 -0.1651 0.0831 0.2370 -0.1567 -0.3134 -0.3293 -0.2678 0.0326 0.1945 -0.0343 -0.2963 -0.3307 -0.2991 -0.0562 0.1172 0.2012 -0.2173 -0.3229 -0.3211 -0.2058 0.0698 0.2298 -0.1301 -0.3088 -0.3308 -0.2795 0.0136 0.1685 0.0323 -0.2850 -0.3363 -0.3507 -0.3363 -0.2850 0.0323 0.1685 0.0136 -0.2795 -0.3308 -0.3088 -0.1301 0.2298 0.0698 -0.2058 -0.3211 -0.3229 -0.2173 0.2012 0.1172 -0.0562 -0.2991 -0.3307 -0.2963 -0.0343 0.1945 0.0326 -0.2678 -0.3293 -0.3134 -0.1567 0.2370 0.0831 -0.1651 -0.3159 -0.3259 -0.2434 0.1476 0.1342 -0.0230 -0.2913 -0.3313 -0.3016 -0.0826 0.2115 0.0502 -0.2460 -0.3254 -0.3188 -0.1962 0.2184 0.1180 -0.0725
0.1201 0.2046 -0.2014 -0.3188 -0.3259 -0.2536 0.0432 0.2037 -0.0578 -0.2984 -0.3309 -0.2963 -0.0439 0.1225 0.1865 -0.2257 -0.3240 -0.3194 -0.1931 0.0743 0.2329 -0.1394 -0.3104 -0.3304 -0.2763 0.0203 0.1780 0.0080 -0.2912 -0.3298 -0.3041 -0.0830 0.1074 0.2222 -0.2008 -0.3206 -0.3239 -0.2280 0.0607 0.2220 -0.1100 -0.3056 -0.3313 -0.2850 -0.0014 0.1514 0.0862 -0.2668 -0.3277 -0.3259 -0.2760 -0.3259 -0.3277 -0.2668 0.0862 0.1514 -0.0014 -0.2850 -0.3313 -0.3056 -0.1100 0.2220 0.0607 -0.2280 -0.3239 -0.3206 -0.2008 0.2222 0.1074 -0.0830 -0.3041 -0.3298 -0.2912 0.0080 0.1780 0.0203 -0.2763 -0.3304 -0.3104 -0.1394 0.2329 0.0743 -0.1931 -0.3194 -0.3240 -0.2257 0.1865 0.1225 -0.0439 -0.2963 -0.3309 -0.2984 -0.0578 0.2037 0.0432 -0.2536 -0.3259 -0.3188 -0.2014 0.2046 0.1201
0.1624 -0.2142 -0.3203 -0.3254 -0.2536 0.0405 0.1989 -0.0366 -0.2958 -0.3303 -0.3007 -0.0669 0.1127 0.2126 -0.2091 -0.3218 -0.3225 -0.2174 0.0653 0.2261 -0.1204 -0.3072 -0.3311 -0.2824 0.0063 0.1595 0.0592 -0.2771 -0.3286 -0.3088 -0.1127 0.0982 0.2335 -0.1847 -0.3181 -0.3263 -0.2459 0.0510 0.2128 -0.0868 -0.3023 -0.3314 -0.2902 -0.0188 0.1371 0.1377 -0.2474 -0.3262 -0.3140 -0.1479 0.0318 -0.1479 -0.3140 -0.3262 -0.2474 0.1377 0.1371 -0.0188 -0.2902 -0.3314 -0.3023 -0.0868 0.2128 0.0510 -0.2459 -0.3263 -0.3181 -0.1847 0.2335 0.0982 -0.1127 -0.3088 -0.3286 -0.2771 0.0592 0.1595 0.0063 -0.2824 -0.3311 -0.3072 -0.1204 0.2261 0.0653 -0.2174 -0.3225 -0.3218 -0.2091 0.2126 0.1127 -0.0669 -0.3007 -0.3303 -0.2958 -0.0366 0.1989 0.0405 -0.2536 -0.3254 -0.3203 -0.2142 0.1624
-0.1879 -0.3228 -0.3239 -0.2460 0.0432 0.1989 -0.0280 -0.2942 -0.3297 -0.3040 -0.0894 0.1044 0.2275 -0.1938 -0.3194 -0.3250 -0.2373 0.0559 0.2176 -0.0990 -0.3040 -0.3314 -0.2876 -0.0098 0.1439 0.1130 -0.2568 -0.3271 -0.3131 -0.1436 0.0893 0.2375 -0.1685 -0.3154 -0.3282 -0.2600 0.0406 0.2028 -0.0587 -0.2988 -0.3311 -0.2954 -0.0394 0.1249 0.1792 -0.2294 -0.3244 -0.3184 -0.1854 0.0757 0.1553 0.0757 -0.1854 -0.3184 -0.3244 -0.2294 0.1792 0.1249 -0.0394 -0.2954 -0.3311 -0.2988 -0.0587 0.2028 0.0406 -0.2600 -0.3282 -0.3154 -0.1685 0.2375 0.0893 -0.1436 -0.3131 -0.3271 -0.2568 0.1130 0.1439 -0.0098 -0.2876 -0.3314 -0.3040 -0.0990 0.2176 0.0559 -0.2373 -0.3250 -0.3194 -0.1938 0.2275 0.1044 -0.0894 -0.3040 -0.3297 -0.2942 -0.0280 0.1989 0.0432 -0.2460 -0.3239 -0.3228 -0.1879
-0.2666 -0.3219 -0.2313 0.0502 0.2037 -0.0366 -0.2942 -0.3295 -0.3058 -0.1061 0.0982 0.2345 -0.1802 -0.3171 -0.3270 -0.2527 0.0461 0.2080 -0.0737 -0.3006 -0.3313 -0.2929 -0.0287 0.1307 0.1601 -0.2382 -0.3254 -0.3169 -0.1735 0.0806 0.2362 -0.1518 -0.3125 -0.3297 -0.2706 0.0292 0.1898 -0.0231 -0.2952 -0.3305 -0.3006 -0.0636 0.1143 0.2084 -0.2125 -0.3223 -0.3219 -0.2127 0.0677 0.2155 0.1090 0.2155 0.0677 -0.2127 -0.3219 -0.3223 -0.2125 0.2084 0.1143 -0.0636 -0.3006 -0.3305 -0.2952 -0.0231 0.1898 0.0292 -0.2706 -0.3297 -0.3125 -0.1518 0.2362 0.0806 -0.1735 -0.3169 -0.3254 -0.2382 0.1601 0.1307 -0.0287 -0.2929 -0.3313 -0.3006 -0.0737 0.2080 0.0461 -0.2527 -0.3270 -0.3171 -0.1802 0.2345 0.0982 -0.1061 -0.3058 -0.3295 -0.2942 -0.0366 0.2037 0.0502 -0.2313 -0.3219 -0.2666
-0.2785 -0.2099 0.0588 0.2115 -0.0578 -0.2958 -0.3297 -0.3058 -0.1123 0.0948 0.2369 -0.1696 -0.3150 -0.3284 -0.2638 0.0362 0.1983 -0.0432 -0.2971 -0.3308 -0.2980 -0.0511 0.1194 0.1954 -0.2208 -0.3234 -0.3204 -0.2005 0.0718 0.2312 -0.1341 -0.3095 -0.3307 -0.2783 0.0164 0.1723 0.0219 -0.2874 -0.3295 -0.3055 -0.0913 0.1047 0.2263 -0.1961 -0.3199 -0.3247 -0.2336 0.0580 0.2198 -0.0983 -0.2630 -0.0983 0.2198 0.0580 -0.2336 -0.3247 -0.3199 -0.1961 0.2263 0.1047 -0.0913 -0.3055 -0.3295 -0.2874 0.0219 0.1723 0.0164 -0.2783 -0.3307 -0.3095 -0.1341 0.2312 0.0718 -0.2005 -0.3204 -0.3234 -0.2208 0.1954 0.1194 -0.0511 -0.2980 -0.3308 -0.2971 -0.0432 0.1983 0.0362 -0.2638 -0.3284 -0.3150 -0.1696 0.2369 0.0948 -0.1123 -0.3058 -0.3297 -0.2958 -0.0578 0.2115 0.0588 -0.2099 -0.2785
-0.2030 0.0696 0.2203 -0.0826 -0.2984 -0.3303 -0.3040 -0.1061 0.0948 0.2373 -0.1636 -0.3136 -0.3291 -0.2711 0.0268 0.1858 -0.0076 -0.2937 -0.3300 -0.3029 -0.0769 0.1093 0.2187 -0.2042 -0.3211 -0.3233 -0.2236 0.0627 0.2238 -0.1146 -0.3063 -0.3313 -0.2840 0.0019 0.1548 0.0748 -0.2711 -0.3282 -0.3100 -0.1216 0.0956 0.2353 -0.1800 -0.3173 -0.3269 -0.2504 0.0481 0.2100 -0.0807 -0.3026 -0.3317 -0.3026 -0.0807 0.2100 0.0481 -0.2504 -0.3269 -0.3173 -0.1800 0.2353 0.0956 -0.1216 -0.3100 -0.3282 -0.2711 0.0748 0.1548 0.0019 -0.2840 -0.3313 -0.3063 -0.1146 0.2238 0.0627 -0.2236 -0.3233 -0.3211 -0.2042 0.2187 0.1093 -0.0769 -0.3029 -0.3300 -0.2937 -0.0076 0.1858 0.0268 -0.2711 -0.3291 -0.3136 -0.1636 0.2373 0.0948 -0.1061 -0.3040 -0.3303 -0.2984 -0.0826 0.2203 0.0696 -0.2030
0.0659 0.2282 -0.1056 -0.3016 -0.3309 -0.3007 -0.0894 0.0982 0.2369 -0.1636 -0.3130 -0.3296 -0.2752 0.0189 0.1724 0.0300 -0.2849 -0.3290 -0.3073 -0.1048 0.1003 0.2317 -0.1881 -0.3186 -0.3258 -0.2424 0.0531 0.2149 -0.0922 -0.3030 -0.3314 -0.2891 -0.0149 0.1399 0.1276 -0.2513 -0.3267 -0.3142 -0.1524 0.0868 0.2375 -0.1638 -0.3146 -0.3287 -0.2634 0.0374 0.1998 -0.0494 -0.2980 -0.3394 -0.3490 -0.3394 -0.2980 -0.0494 0.1998 0.0374 -0.2634 -0.3287 -0.3146 -0.1638 0.2375 0.0868 -0.1524 -0.3142 -0.3267 -0.2513 0.1276 0.1399 -0.0149 -0.2891 -0.3314 -0.3030 -0.0922 0.2149 0.0531 -0.2424 -0.3258 -0.3186 -0.1881 0.2317 0.1003 -0.1048 -0.3073 -0.3290 -0.2849 0.0300 0.1724 0.0189 -0.2752 -0.3296 -0.3130 -0.1636 0.2369 0.0982 -0.0894 -0.3007 -0.3309 -0.3016 -0.1056 0.2282 0.0659
0.2215 -0.1261 -0.3049 -0.3313 -0.2963 -0.0669 0.1044 0.2345 -0.1696 -0.3136 -0.3296 -0.2765 0.0143 0.1636 0.0617 -0.2717 -0.3279 -0.3109 -0.1319 0.0921 0.2370 -0.1725 -0.3160 -0.3278 -0.2573 0.0429 0.2050 -0.0653 -0.2996 -0.3312 -0.2944 -0.0348 0.1273 0.1716 -0.2331 -0.3248 -0.3180 -0.1817 0.0781 0.2350 -0.1469 -0.3117 -0.3300 -0.2731 0.0257 0.1853 -0.0112 -0.2942 -0.3299 -0.3161 -0.2351 -0.3161 -0.3299 -0.2942 -0.0112 0.1853 0.0257 -0.2731 -0.3300 -0.3117 -0.1469 0.2350 0.0781 -0.1817 -0.3180 -0.3248 -0.2331 0.1716 0.1273 -0.0348 -0.2944 -0.3312 -0.2996 -0.0653 0.2050 0.0429 -0.2573 -0.3278 -0.3160 -0.1725 0.2370 0.0921 -0.1319 -0.3109 -0.3279 -0.2717 0.0617 0.1636 0.0143 -0.2765 -0.3296 -0.3136 -0.1696 0.2345 0.1044 -0.0669 -0.2963 -0.3313 -0.3049 -0.1261 0.2215
-0.1251 -0.3085 -0.3313 -0.2913 -0.0439 0.1127 0.2275 -0.1802 -0.3150 -0.3291 -0.2752 0.0143 0.1607 0.0794 -0.2623 -0.3270 -0.3136 -0.1555 0.0849 0.2372 -0.1575 -0.3133 -0.3292 -0.2684 0.0318 0.1933 -0.0315 -0.2960 -0.3307 -0.2995 -0.0582 0.1164 0.2033 -0.2159 -0.3227 -0.3213 -0.2076 0.0692 0.2293 -0.1287 -0.3086 -0.3309 -0.2800 0.0125 0.1670 0.0366 -0.2838 -0.3291 -0.3059 -0.0898 0.0499 -0.0898 -0.3059 -0.3291 -0.2838 0.0366 0.1670 0.0125 -0.2800 -0.3309 -0.3086 -0.1287 0.2293 0.0692 -0.2076 -0.3213 -0.3227 -0.2159 0.2033 0.1164 -0.0582 -0.2995 -0.3307 -0.2960 -0.0315 0.1933 0.0318 -0.2684 -0.3292 -0.3133 -0.1575 0.2372 0.0849 -0.1555 -0.3136 -0.3270 -0.2623 0.0794 0.1607 0.0143 -0.2752 -0.3291 -0.3150 -0.1802 0.2275 0.1127 -0.0439 -0.2913 -0.3313 -0.3085 -0.1251
-0.2496 -0.3313 -0.2861 -0.0230 0.1225 0.2126 -0.1938 -0.3171 -0.3284 -0.2711 0.0189 0.1636 0.0794 -0.2591 -0.3265 -0.3153 -0.1724 0.0790 0.2348 -0.1435 -0.3108 -0.3302 -0.2762 0.0199 0.1771 0.0110 -0.2903 -0.3297 -0.3045 -0.0852 0.1066 0.2234 -0.1995 -0.3204 -0.3241 -0.2294 0.0600 0.2214 -0.1085 -0.3054 -0.3314 -0.2854 -0.0027 0.1502 0.0905 -0.2652 -0.3278 -0.3111 -0.1281 0.0911 0.1822 0.0911 -0.1281 -0.3111 -0.3278 -0.2652 0.0905 0.1502 -0.0027 -0.2854 -0.3314 -0.3054 -0.1085 0.2214 0.0600 -0.2294 -0.3241 -0.3204 -0.1995 0.2234 0.1066 -0.0852 -0.3045 -0.3297 -0.2903 0.0110 0.1771 0.0199 -0.2762 -0.3302 -0.3108 -0.1435 0.2348 0.0790 -0.1724 -0.3153 -0.3265 -0.2591 0.0794 0.1636 0.0189 -0.2711 -0.3284 -0.3171 -0.1938 0.2126 0.1225 -0.0230 -0.2861 -0.3313 -0.2496
-0.2818 -0.2812 -0.0050 0.1342 0.1865 -0.2091 -0.3194 -0.3270 -0.2638 0.0268 0.1724 0.0617 -0.2623 -0.3265 -0.3159 -0.1810 0.0751 0.2318 -0.1316 -0.3085 -0.3308 -0.2815 0.0075 0.1601 0.0599 -0.2762 -0.3285 -0.3091 -0.1151 0.0975 0.2340 -0.1834 -0.3179 -0.3264 -0.2471 0.0503 0.2121 -0.0850 -0.3020 -0.3314 -0.2906 -0.0203 0.1360 0.1414 -0.2459 -0.3262 -0.3153 -0.1611 0.0846 0.2367 0.0077 0.2367 0.0846 -0.1611 -0.3153 -0.3262 -0.2459 0.1414 0.1360 -0.0203 -0.2906 -0.3314 -0.3020 -0.0850 0.2121 0.0503 -0.2471 -0.3264 -0.3179 -0.1834 0.2340 0.0975 -0.1151 -0.3091 -0.3285 -0.2762 0.0599 0.1601 0.0075 -0.2815 -0.3308 -0.3085 -0.1316 0.2318 0.0751 -0.1810 -0.3159 -0.3265 -0.2623 0.0617 0.1724 0.0268 -0.2638 -0.3270 -0.3194 -0.2091 0.1865 0.1342 -0.0050 -0.2812 -0.2818
-0.2546 0.0122 0.1481 0.1476 -0.2257 -0.3218 -0.3250 -0.2527 0.0362 0.1858 0.0300 -0.2717 -0.3270 -0.3153 -0.1810 0.0738 0.2299 -0.1234 -0.3067 -0.3311 -0.2852 -0.0049 0.1467 0.1075 -0.2577 -0.3271 -0.3131 -0.1454 0.0887 0.2375 -0.1672 -0.3152 -0.3283 -0.2609 0.0398 0.2021 -0.0564 -0.2985 -0.3311 -0.2959 -0.0411 0.1240 0.1820 -0.2280 -0.3243 -0.3190 -0.1895 0.0756 0.2338 -0.1379 -0.2877 -0.1379 0.2338 0.0756 -0.1895 -0.3190 -0.3243 -0.2280 0.1820 0.1240 -0.0411 -0.2959 -0.3311 -0.2985 -0.0564 0.2021 0.0398 -0.2609 -0.3283 -0.3152 -0.1672 0.2375 0.0887 -0.1454 -0.3131 -0.3271 -0.2577 0.1075 0.1467 -0.0049 -0.2852 -0.3311 -0.3067 -0.1234 0.2299 0.0738 -0.1810 -0.3153 -0.3270 -0.2717 0.0300 0.1858 0.0362 -0.2527 -0.3250 -0.3218 -0.2257 0.1476 0.1481 0.0122 -0.2546
0.0025 0.1646 0.0977 -0.2434 -0.3240 -0.3225 -0.2373 0.0461 0.1983 -0.0076 -0.2849 -0.3279 -0.3136 -0.1724 0.0751 0.2299 -0.1204 -0.3058 -0.3312 -0.2879 -0.0161 0.1366 0.1460 -0.2420 -0.3256 -0.3166 -0.1734 0.0803 0.2359 -0.1506 -0.3123 -0.3297 -0.2712 0.0283 0.1887 -0.0202 -0.2950 -0.3304 -0.3010 -0.0656 0.1135 0.2102 -0.2112 -0.3221 -0.3221 -0.2143 0.0666 0.2272 -0.1241 -0.3097 -0.3374 -0.3097 -0.1241 0.2272 0.0666 -0.2143 -0.3221 -0.3221 -0.2112 0.2102 0.1135 -0.0656 -0.3010 -0.3304 -0.2950 -0.0202 0.1887 0.0283 -0.2712 -0.3297 -0.3123 -0.1506 0.2359 0.0803 -0.1734 -0.3166 -0.3256 -0.2420 0.1460 0.1366 -0.0161 -0.2879 -0.3312 -0.3058 -0.1204 0.2299 0.0751 -0.1724 -0.3136 -0.3279 -0.2849 -0.0076 0.1983 0.0461 -0.2373 -0.3225 -0.3240 -0.2434 0.0977 0.1646 0.0025
0.1747 0.0431 -0.2625 -0.3259 -0.3194 -0.2174 0.0559 0.2080 -0.0432 -0.2937 -0.3290 -0.3109 -0.1555 0.0790 0.2318 -0.1234 -0.3058 -0.3312 -0.2893 -0.0240 0.1300 0.1721 -0.2295 -0.3240 -0.3194 -0.1970 0.0724 0.2313 -0.1336 -0.3093 -0.3307 -0.2787 0.0155 0.1710 0.0256 -0.2865 -0.3294 -0.3059 -0.0936 0.1039 0.2273 -0.1949 -0.3197 -0.3248 -0.2349 0.0572 0.2188 -0.1022 -0.3046 -0.3412 -0.3452 -0.3412 -0.3046 -0.1022 0.2188 0.0572 -0.2349 -0.3248 -0.3197 -0.1949 0.2273 0.1039 -0.0936 -0.3059 -0.3294 -0.2865 0.0256 0.1710 0.0155 -0.2787 -0.3307 -0.3093 -0.1336 0.2313 0.0724 -0.1970 -0.3194 -0.3240 -0.2295 0.1721 0.1300 -0.0240 -0.2893 -0.3312 -0.3058 -0.1234 0.2318 0.0790 -0.1555 -0.3109 -0.3290 -0.2937 -0.0432 0.2080 0.0559 -0.2174 -0.3194 -0.3259 -0.2625 0.0431 0.1747
-0.0023 -0.2825 -0.3276 -0.3159 -0.1931 0.0653 0.2176 -0.0737 -0.2971 -0.3300 -0.3073 -0.1319 0.0849 0.2348 -0.1316 -0.3067 -0.3312 -0.2893 -0.0267 0.1267 0.1862 -0.2206 -0.3227 -0.3215 -0.2154 0.0650 0.2251 -0.1163 -0.3064 -0.3312 -0.2841 0.0010 0.1537 0.0787 -0.2696 -0.3281 -0.3104 -0.1240 0.0949 0.2357 -0.1788 -0.3171 -0.3270 -0.2514 0.0473 0.2093 -0.0774 -0.3010 -0.3309 -0.3034 -0.1784 -0.3034 -0.3309 -0.3010 -0.0774 0.2093 0.0473 -0.2514 -0.3270 -0.3171 -0.1788 0.2357 0.0949 -0.1240 -0.3104 -0.3281 -0.2696 0.0787 0.1537 0.0010 -0.2841 -0.3312 -0.3064 -0.1163 0.2251 0.0650 -0.2154 -0.3215 -0.3227 -0.2206 0.1862 0.1267 -0.0267 -0.2893 -0.3312 -0.3067 -0.1316 0.2348 0.0849 -0.1319 -0.3073 -0.3300 -0.2971 -0.0737 0.2176 0.0653 -0.1931 -0.3159 -0.3276 -0.2825 -0.0023
-0.2289 -0.3294 -0.3119 -0.1651 0.0743 0.2261 -0.0990 -0.3006 -0.3308 -0.3029 -0.1048 0.0921 0.2372 -0.1435 -0.3085 -0.3311 -0.2879 -0.0240 0.1267 0.1905 -0.2161 -0.3218 -0.3230 -0.2284 0.0585 0.2186 -0.0987 -0.3036 -0.3314 -0.2888 -0.0150 0.1395 0.1301 -0.2501 -0.3265 -0.3146 -0.1548 0.0861 0.2375 -0.1625 -0.3144 -0.3288 -0.2642 0.0366 0.1991 -0.0468 -0.2975 -0.3308 -0.2964 -0.0404 0.0660 -0.0404 -0.2964 -0.3308 -0.2975 -0.0468 0.1991 0.0366 -0.2642 -0.3288 -0.3144 -0.1625 0.2375 0.0861 -0.1548 -0.3146 -0.3265 -0.2501 0.1301 0.1395 -0.0150 -0.2888 -0.3314 -0.3036 -0.0987 0.2186 0.0585 -0.2284 -0.3230 -0.3218 -0.2161 0.1905 0.1267 -0.0240 -0.2879 -0.3311 -0.3085 -0.1435 0.2372 0.0921 -0.1048 -0.3029 -0.3308 -0.3006 -0.0990 0.2261 0.0743 -0.1651 -0.3119 -0.3294 -0.2289
-0.2755 -0.3078 -0.1349 0.0831 0.2329 -0.1204 -0.3040 -0.3313 -0.2980 -0.0769 0.1003 0.2370 -0.1575 -0.3108 -0.3308 -0.2852 -0.0161 0.1300 0.1862 -0.2161 -0.3215 -0.3237 -0.2359 0.0537 0.2130 -0.0819 -0.3010 -0.3312 -0.2932 -0.0324 0.1279 0.1712 -0.2326 -0.3247 -0.3182 -0.1838 0.0774 0.2347 -0.1455 -0.3114 -0.3301 -0.2736 0.0248 0.1842 -0.0080 -0.2939 -0.3302 -0.3022 -0.0713 0.1068 0.2018 0.1068 -0.0713 -0.3022 -0.3302 -0.2939 -0.0080 0.1842 0.0248 -0.2736 -0.3301 -0.3114 -0.1455 0.2347 0.0774 -0.1838 -0.3182 -0.3247 -0.2326 0.1712 0.1279 -0.0324 -0.2932 -0.3312 -0.3010 -0.0819 0.2130 0.0537 -0.2359 -0.3237 -0.3215 -0.2161 0.1862 0.1300 -0.0161 -0.2852 -0.3308 -0.3108 -0.1575 0.2370 0.1003 -0.0769 -0.2980 -0.3313 -0.3040 -0.1204 0.2329 0.0831 -0.1349 -0.3078 -0.2755
-0.2699 -0.1020 0.0917 0.2370 -0.1394 -0.3072 -0.3314 -0.2929 -0.0511 0.1093 0.2317 -0.1725 -0.3133 -0.3302 -0.2815 -0.0049 0.1366 0.1721 -0.2206 -0.3218 -0.3237 -0.2383 0.0511 0.2092 -0.0682 -0.2990 -0.3309 -0.2970 -0.0504 0.1185 0.1999 -0.2170 -0.3227 -0.3213 -0.2090 0.0685 0.2287 -0.1272 -0.3084 -0.3309 -0.2804 0.0114 0.1657 0.0404 -0.2829 -0.3291 -0.3072 -0.1022 0.1015 0.2342 -0.0702 0.2342 0.1015 -0.1022 -0.3072 -0.3291 -0.2829 0.0404 0.1657 0.0114 -0.2804 -0.3309 -0.3084 -0.1272 0.2287 0.0685 -0.2090 -0.3213 -0.3227 -0.2170 0.1999 0.1185 -0.0504 -0.2970 -0.3309 -0.2990 -0.0682 0.2092 0.0511 -0.2383 -0.3237 -0.3218 -0.2206 0.1721 0.1366 -0.0049 -0.2815 -0.3302 -0.3133 -0.1725 0.2317 0.1093 -0.0511 -0.2929 -0.3314 -0.3072 -0.1394 0.2370 0.0917 -0.1020 -0.2699
-0.1124 0.1024 0.2369 -0.1567 -0.3104 -0.3311 -0.2876 -0.0287 0.1194 0.2187 -0.1881 -0.3160 -0.3292 -0.2762 0.0075 0.1467 0.1460 -0.2295 -0.3227 -0.3230 -0.2359 0.0511 0.2079 -0.0605 -0.2976 -0.3306 -0.2999 -0.0672 0.1112 0.2178 -0.2031 -0.3207 -0.3238 -0.2292 0.0597 0.2209 -0.1070 -0.3051 -0.3313 -0.2858 -0.0038 0.1491 0.0944 -0.2638 -0.3277 -0.3116 -0.1329 0.0924 0.2365 -0.1712 -0.2971 -0.1712 0.2365 0.0924 -0.1329 -0.3116 -0.3277 -0.2638 0.0944 0.1491 -0.0038 -0.2858 -0.3313 -0.3051 -0.1070 0.2209 0.0597 -0.2292 -0.3238 -0.3207 -0.2031 0.2178 0.1112 -0.0672 -0.2999 -0.3306 -0.2976 -0.0605 0.2079 0.0511 -0.2359 -0.3230 -0.3227 -0.2295 0.1460 0.1467 0.0075 -0.2762 -0.3292 -0.3160 -0.1881 0.2187 0.1194 -0.0287 -0.2876 -0.3311 -0.3104 -0.1567 0.2369 0.1024 -0.1124
0.1035 0.2309 -0.1732 -0.3134 -0.3304 -0.2824 -0.0098 0.1307 0.1954 -0.2042 -0.3186 -0.3278 -0.2684 0.0199 0.1601 0.1075 -0.2420 -0.3240 -0.3215 -0.2284 0.0537 0.2092 -0.0605 -0.2972 -0.3304 -0.3017 -0.0803 0.1057 0.2277 -0.1915 -0.3188 -0.3258 -0.2448 0.0510 0.2123 -0.0845 -0.3018 -0.3313 -0.2909 -0.0217 0.1351 0.1447 -0.2446 -0.3260 -0.3157 -0.1634 0.0836 0.2371 -0.1584 -0.3164 -0.3423 -0.3164 -0.1584 0.2371 0.0836 -0.1634 -0.3157 -0.3260 -0.2446 0.1447 0.1351 -0.0217 -0.2909 -0.3313 -0.3018 -0.0845 0.2123 0.0510 -0.2448 -0.3258 -0.3188 -0.1915 0.2277 0.1057 -0.0803 -0.3017 -0.3304 -0.2972 -0.0605 0.2092 0.0537 -0.2284 -0.3215 -0.3240 -0.2420 0.1075 0.1601 0.0199 -0.2684 -0.3278 -0.3186 -0.2042 0.1954 0.1307 -0.0098 -0.2824 -0.3304 -0.3134 -0.1732 0.2309 0.1035
0.2019 -0.1892 -0.3162 -0.3293 -0.2763 0.0063 0.1439 0.1601 -0.2208 -0.3211 -0.3258 -0.2573 0.0318 0.1771 0.0599 -0.2577 -0.3256 -0.3194 -0.2154 0.0585 0.2130 -0.0682 -0.2976 -0.3304 -0.3023 -0.0874 0.1023 0.2324 -0.1825 -0.3171 -0.3272 -0.2562 0.0425 0.2038 -0.0592 -0.2987 -0.3310 -0.2959 -0.0423 0.1233 0.1844 -0.2268 -0.3241 -0.3193 -0.1916 0.0749 0.2332 -0.1404 -0.3107 -0.3417 -0.3388 -0.3417 -0.3107 -0.1404 0.2332 0.0749 -0.1916 -0.3193 -0.3241 -0.2268 0.1844 0.1233 -0.0423 -0.2959 -0.3310 -0.2987 -0.0592 0.2038 0.0425 -0.2562 -0.3272 -0.3171 -0.1825 0.2324 0.1023 -0.0874 -0.3023 -0.3304 -0.2976 -0.0682 0.2130 0.0585 -0.2154 -0.3194 -0.3256 -0.2577 0.0599 0.1771 0.0318 -0.2573 -0.3258 -0.3211 -0.2208 0.1601 0.1439 0.0063 -0.2763 -0.3293 -0.3162 -0.1892 0.2019
-0.1713 -0.3192 -0.3277 -0.2678 0.0203 0.1595 0.1130 -0.2382 -0.3234 -0.3233 -0.2424 0.0429 0.1933 0.0110 -0.2762 -0.3271 -0.3166 -0.1970 0.0650 0.2186 -0.0819 -0.2990 -0.3306 -0.3017 -0.0874 0.1012 0.2342 -0.1767 -0.3158 -0.3282 -0.2640 0.0347 0.1958 -0.0311 -0.2956 -0.3305 -0.3006 -0.0654 0.1132 0.2113 -0.2101 -0.3219 -0.3224 -0.2161 0.0659 0.2266 -0.1216 -0.3074 -0.3305 -0.2878 -0.1138 -0.2878 -0.3305 -0.3074 -0.1216 0.2266 0.0659 -0.2161 -0.3224 -0.3219 -0.2101 0.2113 0.1132 -0.0654 -0.3006 -0.3305 -0.2956 -0.0311 0.1958 0.0347 -0.2640 -0.3282 -0.3158 -0.1767 0.2342 0.1012 -0.0874 -0.3017 -0.3306 -0.2990 -0.0819 0.2186 0.0650 -0.1970 -0.3166 -0.3271 -0.2762 0.0110 0.1933 0.0429 -0.2424 -0.3233 -0.3234 -0.2382 0.1130 0.1595 0.0203 -0.2678 -0.3277 -0.3192 -0.1713
-0.2622 -0.3260 -0.2563 0.0326 0.1780 0.0592 -0.2568 -0.3254 -0.3204 -0.2236 0.0531 0.2050 -0.0315 -0.2903 -0.3285 -0.3131 -0.1734 0.0724 0.2251 -0.0987 -0.3010 -0.3309 -0.2999 -0.0803 0.1023 0.2342 -0.1747 -0.3152 -0.3287 -0.2687 0.0282 0.1863 -0.0018 -0.2928 -0.3297 -0.3048 -0.0902 0.1045 0.2271 -0.1945 -0.3196 -0.3250 -0.2364 0.0565 0.2181 -0.1003 -0.3042 -0.3312 -0.2868 -0.0040 0.0818 -0.0040 -0.2868 -0.3312 -0.3042 -0.1003 0.2181 0.0565 -0.2364 -0.3250 -0.3196 -0.1945 0.2271 0.1045 -0.0902 -0.3048 -0.3297 -0.2928 -0.0018 0.1863 0.0282 -0.2687 -0.3287 -0.3152 -0.1747 0.2342 0.1023 -0.0803 -0.2999 -0.3309 -0.3010 -0.0987 0.2251 0.0724 -0.1734 -0.3131 -0.3285 -0.2903 -0.0315 0.2050 0.0531 -0.2236 -0.3204 -0.3254 -0.2568 0.0592 0.1780 0.0326 -0.2563 -0.3260 -0.2622
-0.2805 -0.2407 0.0435 0.1945 0.0080 -0.2771 -0.3271 -0.3169 -0.2005 0.0627 0.2149 -0.0653 -0.2960 -0.3297 -0.3091 -0.1454 0.0803 0.2313 -0.1163 -0.3036 -0.3312 -0.2970 -0.0672 0.1057 0.2324 -0.1767 -0.3152 -0.3289 -0.2708 0.0239 0.1772 0.0244 -0.2859 -0.3289 -0.3083 -0.1146 0.0968 0.2350 -0.1799 -0.3171 -0.3270 -0.2523 0.0466 0.2085 -0.0752 -0.3008 -0.3313 -0.2924 -0.0260 0.1244 0.2176 0.1244 -0.0260 -0.2924 -0.3313 -0.3008 -0.0752 0.2085 0.0466 -0.2523 -0.3270 -0.3171 -0.1799 0.2350 0.0968 -0.1146 -0.3083 -0.3289 -0.2859 0.0244 0.1772 0.0239 -0.2708 -0.3289 -0.3152 -0.1767 0.2324 0.1057 -0.0672 -0.2970 -0.3312 -0.3036 -0.1163 0.2313 0.0803 -0.1454 -0.3091 -0.3297 -0.2960 -0.0653 0.2149 0.0627 -0.2005 -0.3169 -0.3271 -0.2771 0.0080 0.1945 0.0435 -0.2407 -0.2805
-0.2266 0.0555 0.2058 -0.0343 -0.2912 -0.3286 -0.3131 -0.1735 0.0718 0.2238 -0.0922 -0.2996 -0.3307 -0.3045 -0.1151 0.0887 0.2359 -0.1336 -0.3064 -0.3314 -0.2932 -0.0504 0.1112 0.2277 -0.1825 -0.3158 -0.3287 -0.2708 0.0224 0.1727 0.0418 -0.2768 -0.3281 -0.3110 -0.1360 0.0901 0.2375 -0.1662 -0.3148 -0.3286 -0.2640 0.0363 0.1985 -0.0446 -0.2973 -0.3309 -0.2977 -0.0495 0.1201 0.2026 -0.1244 0.2026 0.1201 -0.0495 -0.2977 -0.3309 -0.2973 -0.0446 0.1985 0.0363 -0.2640 -0.3286 -0.3148 -0.1662 0.2375 0.0901 -0.1360 -0.3110 -0.3281 -0.2768 0.0418 0.1727 0.0224 -0.2708 -0.3287 -0.3158 -0.1825 0.2277 0.1112 -0.0504 -0.2932 -0.3314 -0.3064 -0.1336 0.2359 0.0887 -0.1151 -0.3045 -0.3307 -0.2996 -0.0922 0.2238 0.0718 -0.1735 -0.3131 -0.3286 -0.2912 -0.0343 0.2058 0.0555 -0.2266
0.0500 0.2156 -0.0675 -0.2963 -0.3298 -0.3088 -0.1436 0.0806 0.2312 -0.1146 -0.3030 -0.3312 -0.2995 -0.0852 0.0975 0.2375 -0.1506 -0.3093 -0.3312 -0.2888 -0.0324 0.1185 0.2178 -0.1915 -0.3171 -0.3282 -0.2687 0.0239 0.1727 0.0477 -0.2720 -0.3276 -0.3128 -0.1524 0.0847 0.2369 -0.1538 -0.3125 -0.3297 -0.2724 0.0257 0.1848 -0.0072 -0.2937 -0.3301 -0.3027 -0.0753 0.1101 0.2164 -0.2028 -0.3050 -0.2028 0.2164 0.1101 -0.0753 -0.3027 -0.3301 -0.2937 -0.0072 0.1848 0.0257 -0.2724 -0.3297 -0.3125 -0.1538 0.2369 0.0847 -0.1524 -0.3128 -0.3276 -0.2720 0.0477 0.1727 0.0239 -0.2687 -0.3282 -0.3171 -0.1915 0.2178 0.1185 -0.0324 -0.2888 -0.3312 -0.3093 -0.1506 0.2375 0.0975 -0.0852 -0.2995 -0.3312 -0.3030 -0.1146 0.2312 0.0806 -0.1436 -0.3088 -0.3298 -0.2963 -0.0675 0.2156 0.0500
0.2129 -0.0942 -0.2998 -0.3307 -0.3041 -0.1127 0.0893 0.2362 -0.1341 -0.3063 -0.3314 -0.2944 -0.0582 0.1066 0.2340 -0.1672 -0.3123 -0.3307 -0.2841 -0.0150 0.1279 0.1999 -0.2031 -0.3188 -0.3272 -0.2640 0.0282 0.1772 0.0418 -0.2720 -0.3275 -0.3136 -0.1623 0.0809 0.2352 -0.1432 -0.3104 -0.3304 -0.2783 0.0148 0.1686 0.0360 -0.2837 -0.3290 -0.3073 -0.1040 0.1007 0.2311 -0.1897 -0.3226 -0.3463 -0.3226 -0.1897 0.2311 0.1007 -0.1040 -0.3073 -0.3290 -0.2837 0.0360 0.1686 0.0148 -0.2783 -0.3304 -0.3104 -0.1432 0.2352 0.0809 -0.1623 -0.3136 -0.3275 -0.2720 0.0418 0.1772 0.0282 -0.2640 -0.3272 -0.3188 -0.2031 0.1999 0.1279 -0.0150 -0.2841 -0.3307 -0.3123 -0.1672 0.2340 0.1066 -0.0582 -0.2944 -0.3314 -0.3063 -0.1341 0.2362 0.0893 -0.1127 -0.3041 -0.3307 -0.2998 -0.0942 0.2129
-0.1012 -0.3036 -0.3312 -0.2991 -0.0830 0.0982 0.2375 -0.1518 -0.3095 -0.3313 -0.2891 -0.0348 0.1164 0.2234 -0.1834 -0.3152 -0.3297 -0.2787 0.0010 0.1395 0.1712 -0.2170 -0.3207 -0.3258 -0.2562 0.0347 0.1863 0.0244 -0.2768 -0.3276 -0.3136 -0.1658 0.0790 0.2337 -0.1355 -0.3088 -0.3308 -0.2821 0.0043 0.1550 0.0804 -0.2672 -0.3278 -0.3114 -0.1331 0.0921 0.2369 -0.1731 -0.3162 -0.3404 -0.3294 -0.3404 -0.3162 -0.1731 0.2369 0.0921 -0.1331 -0.3114 -0.3278 -0.2672 0.0804 0.1550 0.0043 -0.2821 -0.3308 -0.3088 -0.1355 0.2337 0.0790 -0.1658 -0.3136 -0.3276 -0.2768 0.0244 0.1863 0.0347 -0.2562 -0.3258 -0.3207 -0.2170 0.1712 0.1395 0.0010 -0.2787 -0.3297 -0.3152 -0.1834 0.2234 0.1164 -0.0348 -0.2891 -0.3313 -0.3095 -0.1518 0.2375 0.0982 -0.0830 -0.2991 -0.3312 -0.3036 -0.1012
-0.2440 -0.3318 -0.2939 -0.0562 0.1074 0.2335 -0.1685 -0.3125 -0.3307 -0.2840 -0.0149 0.1273 0.2033 -0.1995 -0.3179 -0.3283 -0.2712 0.0155 0.1537 0.1301 -0.2326 -0.3227 -0.3238 -0.2448 0.0425 0.1958 -0.0018 -0.2859 -0.3281 -0.3128 -0.1623 0.0790 0.2331 -0.1314 -0.3078 -0.3311 -0.2847 -0.0053 0.1447 0.1190 -0.2519 -0.3265 -0.3148 -0.1604 0.0840 0.2371 -0.1573 -0.3133 -0.3285 -0.2668 -0.0563 -0.2668 -0.3285 -0.3133 -0.1573 0.2371 0.0840 -0.1604 -0.3148 -0.3265 -0.2519 0.1190 0.1447 -0.0053 -0.2847 -0.3311 -0.3078 -0.1314 0.2331 0.0790 -0.1623 -0.3128 -0.3281 -0.2859 -0.0018 0.1958 0.0425 -0.2448 -0.3238 -0.3227 -0.2326 0.1301 0.1537 0.0155 -0.2712 -0.3283 -0.3179 -0.1995 0.2033 0.1273 -0.0149 -0.2840 -0.3307 -0.3125 -0.1685 0.2335 0.1074 -0.0562 -0.2939 -0.3318 -0.2440
-0.2809 -0.2891 -0.0333 0.1172 0.2222 -0.1847 -0.3154 -0.3297 -0.2783 0.0019 0.1399 0.1716 -0.2159 -0.3204 -0.3264 -0.2609 0.0283 0.1710 0.0787 -0.2501 -0.3247 -0.3213 -0.2292 0.0510 0.2038 -0.0311 -0.2928 -0.3289 -0.3110 -0.1524 0.0809 0.2337 -0.1314 -0.3074 -0.3312 -0.2863 -0.0126 0.1376 0.1475 -0.2396 -0.3252 -0.3177 -0.1841 0.0765 0.2339 -0.1415 -0.3106 -0.3301 -0.2756 0.0234 0.0989 0.0234 -0.2756 -0.3301 -0.3106 -0.1415 0.2339 0.0765 -0.1841 -0.3177 -0.3252 -0.2396 0.1475 0.1376 -0.0126 -0.2863 -0.3312 -0.3074 -0.1314 0.2337 0.0809 -0.1524 -0.3110 -0.3289 -0.2928 -0.0311 0.2038 0.0510 -0.2292 -0.3213 -0.3247 -0.2501 0.0787 0.1710 0.0283 -0.2609 -0.3264 -0.3204 -0.2159 0.1716 0.1399 0.0019 -0.2783 -0.3297 -0.3154 -0.1847 0.2222 0.1172 -0.0333 -0.2891 -0.2809
-0.2587 -0.0118 0.1281 0.2012 -0.2008 -0.3181 -0.3282 -0.2706 0.0164 0.1548 0.1276 -0.2331 -0.3227 -0.3241 -0.2471 0.0398 0.1887 0.0256 -0.2696 -0.3265 -0.3182 -0.2090 0.0597 0.2123 -0.0592 -0.2956 -0.3297 -0.3083 -0.1360 0.0847 0.2352 -0.1355 -0.3078 -0.3312 -0.2869 -0.0166 0.1334 0.1653 -0.2307 -0.3240 -0.3199 -0.2029 0.0696 0.2288 -0.1256 -0.3078 -0.3310 -0.2820 0.0082 0.1470 0.2259 0.1470 0.0082 -0.2820 -0.3310 -0.3078 -0.1256 0.2288 0.0696 -0.2029 -0.3199 -0.3240 -0.2307 0.1653 0.1334 -0.0166 -0.2869 -0.3312 -0.3078 -0.1355 0.2352 0.0847 -0.1360 -0.3083 -0.3297 -0.2956 -0.0592 0.2123 0.0597 -0.2090 -0.3182 -0.3265 -0.2696 0.0256 0.1887 0.0398 -0.2471 -0.3241 -0.3227 -0.2331 0.1276 0.1548 0.0164 -0.2706 -0.3282 -0.3181 -0.2008 0.2012 0.1281 -0.0118 -0.2587
-0.0233 0.1414 0.1686 -0.2173 -0.3206 -0.3263 -0.2600 0.0292 0.1723 0.0748 -0.2513 -0.3248 -0.3213 -0.2294 0.0503 0.2021 -0.0202 -0.2865 -0.3281 -0.3146 -0.1838 0.0685 0.2209 -0.0845 -0.2987 -0.3305 -0.3048 -0.1146 0.0901 0.2369 -0.1432 -0.3088 -0.3311 -0.2863 -0.0166 0.1320 0.1737 -0.2252 -0.3231 -0.3214 -0.2165 0.0637 0.2233 -0.1100 -0.3052 -0.3313 -0.2865 -0.0075 0.1451 0.1244 -0.1716 0.1244 0.1451 -0.0075 -0.2865 -0.3313 -0.3052 -0.1100 0.2233 0.0637 -0.2165 -0.3214 -0.3231 -0.2252 0.1737 0.1320 -0.0166 -0.2863 -0.3311 -0.3088 -0.1432 0.2369 0.0901 -0.1146 -0.3048 -0.3305 -0.2987 -0.0845 0.2209 0.0685 -0.1838 -0.3146 -0.3281 -0.2865 -0.0202 0.2021 0.0503 -0.2294 -0.3213 -0.3248 -0.2513 0.0748 0.1723 0.0292 -0.2600 -0.3263 -0.3206 -0.2173 0.1686 0.1414 -0.0233
0.1488 0.1233 -0.2345 -0.3229 -0.3239 -0.2459 0.0406 0.1898 0.0219 -0.2711 -0.3267 -0.3180 -0.2076 0.0600 0.2121 -0.0564 -0.2950 -0.3294 -0.3104 -0.1548 0.0774 0.2287 -0.1070 -0.3018 -0.3310 -0.3006 -0.0902 0.0968 0.2375 -0.1538 -0.3104 -0.3308 -0.2847 -0.0126 0.1334 0.1737 -0.2233 -0.3226 -0.3224 -0.2253 0.0590 0.2182 -0.0955 -0.3028 -0.3314 -0.2907 -0.0231 0.1334 0.1512 -0.2381 -0.3129 -0.2381 0.1512 0.1334 -0.0231 -0.2907 -0.3314 -0.3028 -0.0955 0.2182 0.0590 -0.2253 -0.3224 -0.3226 -0.2233 0.1737 0.1334 -0.0126 -0.2847 -0.3308 -0.3104 -0.1538 0.2375 0.0968 -0.0902 -0.3006 -0.3310 -0.3018 -0.1070 0.2287 0.0774 -0.1548 -0.3104 -0.3294 -0.2950 -0.0564 0.2121 0.0600 -0.2076 -0.3180 -0.3267 -0.2711 0.0219 0.1898 0.0406 -0.2459 -0.3239 -0.3229 -0.2345 0.1233 0.1488
0.0655 -0.2526 -0.3249 -0.3211 -0.2280 0.0510 0.2028 -0.0231 -0.2874 -0.3282 -0.3142 -0.1817 0.0692 0.2214 -0.0850 -0.2985 -0.3304 -0.3059 -0.1240 0.0861 0.2347 -0.1272 -0.3051 -0.3313 -0.2959 -0.0654 0.1045 0.2350 -0.1662 -0.3125 -0.3304 -0.2821 -0.0053 0.1376 0.1653 -0.2252 -0.3226 -0.3227 -0.2296 0.0560 0.2144 -0.0833 -0.3009 -0.3312 -0.2943 -0.0389 0.1237 0.1860 -0.2252 -0.3285 -0.3491 -0.3285 -0.2252 0.1860 0.1237 -0.0389 -0.2943 -0.3312 -0.3009 -0.0833 0.2144 0.0560 -0.2296 -0.3227 -0.3226 -0.2252 0.1653 0.1376 -0.0053 -0.2821 -0.3304 -0.3125 -0.1662 0.2350 0.1045 -0.0654 -0.2959 -0.3313 -0.3051 -0.1272 0.2347 0.0861 -0.1240 -0.3059 -0.3304 -0.2985 -0.0850 0.2214 0.0692 -0.1817 -0.3142 -0.3282 -0.2874 -0.0231 0.2028 0.0510 -0.2280 -0.3211 -0.3249 -0.2526 0.0655
-0.2122 -0.3272 -0.3177 -0.2058 0.0607 0.2128 -0.0587 -0.2952 -0.3295 -0.3100 -0.1524 0.0781 0.2293 -0.1085 -0.3020 -0.3311 -0.3010 -0.0936 0.0949 0.2375 -0.1455 -0.3084 -0.3313 -0.2909 -0.0423 0.1132 0.2271 -0.1799 -0.3148 -0.3297 -0.2783 0.0043 0.1447 0.1475 -0.2307 -0.3231 -0.3224 -0.2296 0.0549 0.2123 -0.0748 -0.2995 -0.3310 -0.2972 -0.0538 0.1162 0.2075 -0.2110 -0.3217 -0.3365 -0.3147 -0.3365 -0.3217 -0.2110 0.2075 0.1162 -0.0538 -0.2972 -0.3310 -0.2995 -0.0748 0.2123 0.0549 -0.2296 -0.3224 -0.3231 -0.2307 0.1475 0.1447 0.0043 -0.2783 -0.3297 -0.3148 -0.1799 0.2271 0.1132 -0.0423 -0.2909 -0.3313 -0.3084 -0.1455 0.2375 0.0949 -0.0936 -0.3010 -0.3311 -0.3020 -0.1085 0.2293 0.0781 -0.1524 -0.3100 -0.3295 -0.2952 -0.0587 0.2128 0.0607 -0.2058 -0.3177 -0.3272 -0.2122
-0.2723 -0.3143 -0.1797 0.0698 0.2220 -0.0868 -0.2988 -0.3305 -0.3055 -0.1216 0.0868 0.2350 -0.1287 -0.3054 -0.3314 -0.2959 -0.0656 0.1039 0.2357 -0.1625 -0.3114 -0.3309 -0.2858 -0.0217 0.1233 0.2113 -0.1945 -0.3171 -0.3286 -0.2724 0.0148 0.1550 0.1190 -0.2396 -0.3240 -0.3214 -0.2253 0.0560 0.2123 -0.0717 -0.2987 -0.3308 -0.2992 -0.0662 0.1106 0.2203 -0.1995 -0.3199 -0.3238 -0.2293 -0.0098 -0.2293 -0.3238 -0.3199 -0.1995 0.2203 0.1106 -0.0662 -0.2992 -0.3308 -0.2987 -0.0717 0.2123 0.0560 -0.2253 -0.3214 -0.3240 -0.2396 0.1190 0.1550 0.0148 -0.2724 -0.3286 -0.3171 -0.1945 0.2113 0.1233 -0.0217 -0.2858 -0.3309 -0.3114 -0.1625 0.2357 0.1039 -0.0656 -0.2959 -0.3314 -0.3054 -0.1287 0.2350 0.0868 -0.1216 -0.3055 -0.3305 -0.2988 -0.0868 0.2220 0.0698 -0.1797 -0.3143 -0.2723
-0.2740 -0.1484 0.0786 0.2298 -0.1100 -0.3023 -0.3311 -0.3006 -0.0913 0.0956 0.2375 -0.1469 -0.3086 -0.3314 -0.2906 -0.0411 0.1135 0.2273 -0.1788 -0.3144 -0.3301 -0.2804 -0.0038 0.1351 0.1844 -0.2101 -0.3196 -0.3270 -0.2640 0.0257 0.1686 0.0804 -0.2519 -0.3252 -0.3199 -0.2165 0.0590 0.2144 -0.0748 -0.2987 -0.3307 -0.3003 -0.0746 0.1068 0.2273 -0.1905 -0.3184 -0.3260 -0.2480 0.0491 0.1209 0.0491 -0.2480 -0.3260 -0.3184 -0.1905 0.2273 0.1068 -0.0746 -0.3003 -0.3307 -0.2987 -0.0748 0.2144 0.0590 -0.2165 -0.3199 -0.3252 -0.2519 0.0804 0.1686 0.0257 -0.2640 -0.3270 -0.3196 -0.2101 0.1844 0.1351 -0.0038 -0.2804 -0.3301 -0.3144 -0.1788 0.2273 0.1135 -0.0411 -0.2906 -0.3314 -0.3086 -0.1469 0.2375 0.0956 -0.0913 -0.3006 -0.3311 -0.3023 -0.1100 0.2298 0.0786 -0.1484 -0.2740
-0.1531 0.0892 0.2354 -0.1301 -0.3056 -0.3314 -0.2954 -0.0636 0.1047 0.2353 -0.1638 -0.3117 -0.3309 -0.2854 -0.0203 0.1240 0.2102 -0.1949 -0.3171 -0.3288 -0.2736 0.0114 0.1491 0.1447 -0.2268 -0.3219 -0.3250 -0.2523 0.0363 0.1848 0.0360 -0.2672 -0.3265 -0.3177 -0.2029 0.0637 0.2182 -0.0833 -0.2995 -0.3308 -0.3003 -0.0775 0.1048 0.2306 -0.1843 -0.3172 -0.3273 -0.2581 0.0409 0.1829 0.2087 0.1829 0.0409 -0.2581 -0.3273 -0.3172 -0.1843 0.2306 0.1048 -0.0775 -0.3003 -0.3308 -0.2995 -0.0833 0.2182 0.0637 -0.2029 -0.3177 -0.3265 -0.2672 0.0360 0.1848 0.0363 -0.2523 -0.3250 -0.3219 -0.2268 0.1447 0.1491 0.0114 -0.2736 -0.3288 -0.3171 -0.1949 0.2102 0.1240 -0.0203 -0.2854 -0.3309 -0.3117 -0.1638 0.2353 0.1047 -0.0636 -0.2954 -0.3314 -0.3056 -0.1301 0.2354 0.0892 -0.1531
0.0882 0.2375 -0.1482 -0.3088 -0.3313 -0.2902 -0.0394 0.1143 0.2263 -0.1800 -0.3146 -0.3300 -0.2800 -0.0027 0.1360 0.1820 -0.2112 -0.3197 -0.3270 -0.2642 0.0248 0.1657 0.0944 -0.2446 -0.3241 -0.3224 -0.2364 0.0466 0.1985 -0.0072 -0.2837 -0.3278 -0.3148 -0.1841 0.0696 0.2233 -0.0955 -0.3009 -0.3310 -0.2992 -0.0746 0.1048 0.2316 -0.1810 -0.3164 -0.3281 -0.2638 0.0340 0.1949 -0.0126 -0.2302 -0.0126 0.1949 0.0340 -0.2638 -0.3280 -0.3164 -0.1809 0.2316 0.1048 -0.0746 -0.2992 -0.3310 -0.3009 -0.0955 0.2233 0.0696 -0.1841 -0.3148 -0.3278 -0.2837 -0.0072 0.1985 0.0466 -0.2364 -0.3224 -0.3241 -0.2446 0.0944 0.1657 0.0248 -0.2642 -0.3270 -0.3197 -0.2112 0.1820 0.1360 -0.0027 -0.2800 -0.3300 -0.3146 -0.1800 0.2263 0.1143 -0.0394 -0.2902 -0.3313 -0.3088 -0.1482 0.2375 0.0882
0.2200 -0.1650 -0.3119 -0.3308 -0.2850 -0.0188 0.1249 0.2084 -0.1961 -0.3173 -0.3287 -0.2731 0.0125 0.1502 0.1414 -0.2280 -0.3221 -0.3248 -0.2514 0.0366 0.1842 0.0404 -0.2638 -0.3260 -0.3193 -0.2161 0.0565 0.2085 -0.0446 -0.2937 -0.3290 -0.3114 -0.1604 0.0765 0.2288 -0.1100 -0.3028 -0.3312 -0.2972 -0.0662 0.1068 0.2306 -0.1810 -0.3161 -0.3284 -0.2669 0.0294 0.1872 -0.0018 -0.2929 -0.3229 -0.2929 -0.0018 0.1872 0.0295 -0.2668 -0.3283 -0.3161 -0.1809 0.2306 0.1068 -0.0662 -0.2972 -0.3312 -0.3028 -0.1100 0.2288 0.0765 -0.1604 -0.3114 -0.3290 -0.2937 -0.0446 0.2085 0.0565 -0.2161 -0.3193 -0.3260 -0.2638 0.0404 0.1842 0.0366 -0.2514 -0.3248 -0.3221 -0.2280 0.1414 0.1502 0.0125 -0.2731 -0.3287 -0.3173 -0.1961 0.2084 0.1249 -0.0188 -0.2850 -0.3308 -0.3119 -0.1650 0.2200
-0.1540 -0.3152 -0.3299 -0.2795 -0.0014 0.1371 0.1792 -0.2125 -0.3199 -0.3269 -0.2634 0.0257 0.1670 0.0905 -0.2459 -0.3243 -0.3221 -0.2349 0.0473 0.1991 -0.0080 -0.2829 -0.3277 -0.3157 -0.1916 0.0659 0.2181 -0.0752 -0.2973 -0.3301 -0.3073 -0.1331 0.0840 0.2339 -0.1256 -0.3052 -0.3314 -0.2943 -0.0538 0.1106 0.2273 -0.1843 -0.3164 -0.3284 -0.2679 0.0270 0.1807 0.0191 -0.2873 -0.3353 -0.3498 -0.3353 -0.2873 0.0191 0.1807 0.0270 -0.2678 -0.3283 -0.3164 -0.1843 0.2273 0.1106 -0.0538 -0.2943 -0.3314 -0.3052 -0.1256 0.2339 0.0840 -0.1331 -0.3073 -0.3301 -0.2973 -0.0752 0.2181 0.0659 -0.1916 -0.3157 -0.3277 -0.2829 -0.0080 0.1991 0.0473 -0.2349 -0.3221 -0.3243 -0.2459 0.0905 0.1670 0.0257 -0.2634 -0.3269 -0.3199 -0.2125 0.1792 0.1371 -0.0014 -0.2795 -0.3299 -0.3152 -0.1540
-0.2574 -0.3289 -0.2724 0.0136 0.1514 0.1377 -0.2294 -0.3223 -0.3247 -0.2504 0.0374 0.1853 0.0366 -0.2652 -0.3262 -0.3190 -0.2143 0.0572 0.2093 -0.0468 -0.2939 -0.3291 -0.3116 -0.1634 0.0749 0.2266 -0.1003 -0.3008 -0.3309 -0.3027 -0.1040 0.0921 0.2371 -0.1415 -0.3078 -0.3313 -0.2907 -0.0389 0.1162 0.2203 -0.1905 -0.3172 -0.3281 -0.2669 0.0270 0.1786 0.0294 -0.2805 -0.3280 -0.3251 -0.2782 -0.3251 -0.3280 -0.2805 0.0294 0.1786 0.0270 -0.2668 -0.3280 -0.3172 -0.1905 0.2203 0.1162 -0.0389 -0.2907 -0.3313 -0.3078 -0.1415 0.2371 0.0921 -0.1040 -0.3027 -0.3309 -0.3008 -0.1003 0.2266 0.0749 -0.1634 -0.3116 -0.3291 -0.2939 -0.0468 0.2093 0.0572 -0.2143 -0.3190 -0.3262 -0.2652 0.0366 0.1853 0.0374 -0.2504 -0.3247 -0.3223 -0.2294 0.1377 0.1514 0.0136 -0.2724 -0.3289 -0.2573
-0.2817 -0.2625 0.0265 0.1684 0.0862 -0.2474 -0.3244 -0.3219 -0.2336 0.0481 0.1998 -0.0112 -0.2838 -0.3278 -0.3153 -0.1895 0.0666 0.2188 -0.0774 -0.2975 -0.3302 -0.3072 -0.1329 0.0836 0.2332 -0.1216 -0.3042 -0.3313 -0.2977 -0.0753 0.1007 0.2369 -0.1573 -0.3106 -0.3310 -0.2865 -0.0231 0.1236 0.2075 -0.1995 -0.3184 -0.3274 -0.2637 0.0294 0.1807 0.0294 -0.2783 -0.3278 -0.3110 -0.1377 0.0341 -0.1378 -0.3110 -0.3279 -0.2783 0.0294 0.1807 0.0295 -0.2638 -0.3273 -0.3184 -0.1995 0.2075 0.1237 -0.0231 -0.2865 -0.3310 -0.3106 -0.1573 0.2369 0.1007 -0.0753 -0.2977 -0.3313 -0.3042 -0.1216 0.2332 0.0836 -0.1329 -0.3072 -0.3302 -0.2975 -0.0774 0.2188 0.0666 -0.1895 -0.3153 -0.3278 -0.2838 -0.0112 0.1998 0.0481 -0.2336 -0.3219 -0.3244 -0.2474 0.0862 0.1685 0.0265 -0.2625 -0.2817
-0.2424 0.0398 0.1865 0.0325 -0.2668 -0.3263 -0.3187 -0.2127 0.0579 0.2100 -0.0493 -0.2942 -0.3292 -0.3113 -0.1611 0.0755 0.2272 -0.1021 -0.3010 -0.3310 -0.3024 -0.1022 0.0924 0.2371 -0.1404 -0.3074 -0.3314 -0.2925 -0.0495 0.1100 0.2312 -0.1731 -0.3134 -0.3303 -0.2820 -0.0077 0.1331 0.1863 -0.2110 -0.3200 -0.3263 -0.2581 0.0339 0.1871 0.0193 -0.2805 -0.3280 -0.3123 -0.1530 0.0819 0.1652 0.0820 -0.1530 -0.3120 -0.3279 -0.2805 0.0191 0.1872 0.0340 -0.2581 -0.3260 -0.3199 -0.2110 0.1860 0.1334 -0.0075 -0.2820 -0.3301 -0.3133 -0.1731 0.2311 0.1101 -0.0495 -0.2924 -0.3312 -0.3074 -0.1404 0.2371 0.0924 -0.1022 -0.3022 -0.3308 -0.3010 -0.1022 0.2272 0.0756 -0.1611 -0.3111 -0.3291 -0.2942 -0.0494 0.2100 0.0580 -0.2127 -0.3184 -0.3262 -0.2668 0.0323 0.1865 0.0399 -0.2424
0.0327 0.2006 -0.0145 -0.2848 -0.3279 -0.3151 -0.1876 0.0672 0.2194 -0.0793 -0.2978 -0.3302 -0.3068 -0.1305 0.0843 0.2337 -0.1232 -0.3044 -0.3314 -0.2974 -0.0733 0.1013 0.2368 -0.1577 -0.3106 -0.3311 -0.2873 -0.0274 0.1201 0.2175 -0.1891 -0.3162 -0.3293 -0.2763 0.0068 0.1449 0.1545 -0.2244 -0.3218 -0.3248 -0.2494 0.0401 0.1943 0.0011 -0.2870 -0.3283 -0.3122 -0.1556 0.0819 0.2283 0.0501 0.2285 0.0825 -0.1530 -0.3110 -0.3280 -0.2873 -0.0018 0.1949 0.0409 -0.2480 -0.3238 -0.3217 -0.2252 0.1512 0.1451 0.0082 -0.2756 -0.3285 -0.3162 -0.1897 0.2164 0.1201 -0.0260 -0.2868 -0.3305 -0.3107 -0.1584 0.2365 0.1015 -0.0713 -0.2964 -0.3309 -0.3046 -0.1241 0.2338 0.0846 -0.1281 -0.3059 -0.3299 -0.2980 -0.0807 0.2198 0.0677 -0.1854 -0.3140 -0.3277 -0.2850 -0.0165 0.2010 0.0332
0.2005 -0.0521 -0.2944 -0.3293 -0.3110 -0.1589 0.0762 0.2277 -0.1038 -0.3013 -0.3310 -0.3020 -0.0998 0.0931 0.2372 -0.1418 -0.3077 -0.3314 -0.2921 -0.0478 0.1107 0.2305 -0.1741 -0.3136 -0.3303 -0.2821 -0.0087 0.1315 0.1935 -0.2053 -0.3188 -0.3277 -0.2680 0.0202 0.1597 0.1112 -0.2396 -0.3236 -0.3227 -0.2371 0.0473 0.2007 -0.0222 -0.2923 -0.3288 -0.3110 -0.1499 0.0823 0.2349 -0.1347 -0.2793 -0.1301 0.2285 0.0820 -0.1378 -0.3251 -0.3353 -0.2929 -0.0126 0.1829 0.0491 -0.2293 -0.3365 -0.3285 -0.2381 0.1244 0.1470 0.0234 -0.2668 -0.3404 -0.3226 -0.2028 0.2026 0.1244 -0.0040 -0.2878 -0.3417 -0.3164 -0.1712 0.2342 0.1068 -0.0404 -0.3034 -0.3412 -0.3097 -0.1379 0.2367 0.0911 -0.0898 -0.3161 -0.3394 -0.3026 -0.0983 0.2155 0.0757 -0.1479 -0.3259 -0.3363 -0.2950 -0.0418 0.1836
-0.0706 -0.2984 -0.3302 -0.3064 -0.1282 0.0850 0.2340 -0.1246 -0.3047 -0.3313 -0.2969 -0.0712 0.1021 0.2365 -0.1590 -0.3108 -0.3310 -0.2869 -0.0259 0.1209 0.2161 -0.1902 -0.3163 -0.3291 -0.2759 0.0073 0.1449 0.1573 -0.2219 -0.3212 -0.3256 -0.2565 0.0324 0.1780 0.0594 -0.2570 -0.3254 -0.3199 -0.2206 0.0553 0.2082 -0.0476 -0.2945 -0.3294 -0.3088 -0.1382 0.0848 0.2355 -0.1406 -0.3142 -0.3354 -0.2789 0.0500 0.1652 0.0341 -0.2782 -0.3498 -0.3229 -0.2302 0.2087 0.1209 -0.0098 -0.3147 -0.3491 -0.3129 -0.1716 0.2259 0.0989 -0.0563 -0.3294 -0.3463 -0.3050 -0.1244 0.2176 0.0818 -0.1138 -0.3388 -0.3423 -0.2971 -0.0702 0.2018 0.0660 -0.1784 -0.3452 -0.3374 -0.2877 0.0077 0.1822 0.0499 -0.2351 -0.3490 -0.3317 -0.2630 0.1090 0.1553 0.0318 -0.2760 -0.3507 -0.3253 -0.2426 0.1642
