-0.0572 -0.2380 -0.2788 -0.2630 -0.0549 0.1285 0.1352 -0.1957 -0.2685 -0.2772 -0.1889 0.0731 0.2234 -0.1350 -0.2522 -0.2820 -0.2519 0.0130 0.1854 -0.0283 -0.2319 -0.2769 -0.2678 -0.0929 0.1111 0.1862 -0.1792 -0.2643 -0.2797 -0.2165 0.0577 0.2176 -0.1132 -0.2467 -0.2814 -0.2568 -0.0104 0.1603 0.0316 -0.2203 -0.2739 -0.2721 -0.1340 0.0954 0.2136 -0.1624 -0.2597 -0.2812 -0.2351 0.0410 0.1249 0.0410 -0.2351 -0.2812 -0.2597 -0.1624 0.2136 0.0954 -0.1340 -0.2721 -0.2739 -0.2203 0.0316 0.1603 -0.0104 -0.2568 -0.2814 -0.2467 -0.1132 0.2176 0.0577 -0.2165 -0.2797 -0.2643 -0.1792 0.1862 0.1111 -0.0929 -0.2678 -0.2769 -0.2319 -0.0283 0.1854 0.0130 -0.2519 -0.2820 -0.2522 -0.1350 0.2234 0.0731 -0.1889 -0.2772 -0.2685 -0.1957 0.1352 0.1285 -0.0549 -0.2630 -0.2788 -0.2380 -0.0572
-0.2380 -0.3309 -0.2949 -0.0400 0.1247 0.1849 -0.2259 -0.3243 -0.3197 -0.1919 0.0760 0.2329 -0.1394 -0.3108 -0.3308 -0.2766 0.0219 0.1782 0.0074 -0.2917 -0.3302 -0.3045 -0.0810 0.1089 0.2220 -0.2007 -0.3210 -0.3243 -0.2273 0.0623 0.2220 -0.1102 -0.3060 -0.3317 -0.2855 0.0002 0.1516 0.0859 -0.2666 -0.3283 -0.3113 -0.1262 0.0954 0.2361 -0.1766 -0.3171 -0.3276 -0.2533 0.0480 0.1901 0.1926 0.1901 0.0480 -0.2533 -0.3276 -0.3171 -0.1766 0.2361 0.0954 -0.1262 -0.3113 -0.3283 -0.2666 0.0859 0.1516 0.0002 -0.2855 -0.3317 -0.3060 -0.1102 0.2220 0.0623 -0.2273 -0.3243 -0.3210 -0.2007 0.2220 0.1089 -0.0810 -0.3045 -0.3302 -0.2917 0.0074 0.1782 0.0219 -0.2766 -0.3308 -0.3108 -0.1394 0.2329 0.0760 -0.1919 -0.3197 -0.3243 -0.2259 0.1849 0.1247 -0.0400 -0.2949 -0.3309 -0.2380
-0.2788 -0.2949 -0.0514 0.1167 0.2074 -0.2113 -0.3218 -0.3222 -0.2169 0.0653 0.2262 -0.1205 -0.3072 -0.3311 -0.2824 0.0062 0.1595 0.0591 -0.2772 -0.3286 -0.3088 -0.1129 0.0981 0.2335 -0.1847 -0.3181 -0.3263 -0.2459 0.0509 0.2128 -0.0869 -0.3022 -0.3314 -0.2902 -0.0190 0.1370 0.1378 -0.2474 -0.3263 -0.3150 -0.1590 0.0848 0.2374 -0.1602 -0.3140 -0.3290 -0.2657 0.0350 0.1981 -0.0317 -0.2377 -0.0317 0.1981 0.0350 -0.2657 -0.3290 -0.3140 -0.1602 0.2374 0.0848 -0.1590 -0.3150 -0.3263 -0.2474 0.1378 0.1370 -0.0190 -0.2902 -0.3314 -0.3022 -0.0869 0.2128 0.0509 -0.2459 -0.3263 -0.3181 -0.1847 0.2335 0.0981 -0.1129 -0.3088 -0.3286 -0.2772 0.0591 0.1595 0.0062 -0.2824 -0.3311 -0.3072 -0.1205 0.2262 0.0653 -0.2169 -0.3222 -0.3218 -0.2113 0.2074 0.1167 -0.0514 -0.2949 -0.2788
-0.2630 -0.0400 0.1167 0.2143 -0.2022 -0.3201 -0.3242 -0.2352 0.0567 0.2179 -0.0995 -0.3040 -0.3314 -0.2876 -0.0098 0.1439 0.1130 -0.2568 -0.3272 -0.3131 -0.1436 0.0893 0.2375 -0.1685 -0.3154 -0.3282 -0.2600 0.0406 0.2028 -0.0587 -0.2988 -0.3311 -0.2954 -0.0394 0.1249 0.1792 -0.2294 -0.3244 -0.3187 -0.1876 0.0762 0.2340 -0.1431 -0.3110 -0.3302 -0.2747 0.0231 0.1821 -0.0043 -0.2940 -0.3244 -0.2940 -0.0043 0.1821 0.0231 -0.2747 -0.3302 -0.3110 -0.1431 0.2340 0.0762 -0.1876 -0.3187 -0.3244 -0.2294 0.1792 0.1249 -0.0394 -0.2954 -0.3311 -0.2988 -0.0587 0.2028 0.0406 -0.2600 -0.3282 -0.3154 -0.1685 0.2375 0.0893 -0.1436 -0.3131 -0.3272 -0.2568 0.1130 0.1439 -0.0098 -0.2876 -0.3314 -0.3040 -0.0995 0.2179 0.0567 -0.2352 -0.3242 -0.3201 -0.2022 0.2143 0.1167 -0.0400 -0.2630
-0.0549 0.1247 0.2074 -0.2022 -0.3194 -0.3252 -0.2467 0.0489 0.2097 -0.0767 -0.3008 -0.3312 -0.2927 -0.0286 0.1307 0.1601 -0.2382 -0.3254 -0.3169 -0.1735 0.0806 0.2362 -0.1518 -0.3125 -0.3297 -0.2706 0.0292 0.1898 -0.0231 -0.2952 -0.3305 -0.3006 -0.0636 0.1143 0.2084 -0.2125 -0.3223 -0.3219 -0.2127 0.0672 0.2277 -0.1246 -0.3079 -0.3310 -0.2812 0.0095 0.1633 0.0473 -0.2814 -0.3357 -0.3507 -0.3357 -0.2814 0.0473 0.1633 0.0095 -0.2812 -0.3310 -0.3079 -0.1246 0.2277 0.0672 -0.2127 -0.3219 -0.3223 -0.2125 0.2084 0.1143 -0.0636 -0.3006 -0.3305 -0.2952 -0.0231 0.1898 0.0292 -0.2706 -0.3297 -0.3125 -0.1518 0.2362 0.0806 -0.1735 -0.3169 -0.3254 -0.2382 0.1601 0.1307 -0.0286 -0.2927 -0.3312 -0.3008 -0.0767 0.2097 0.0489 -0.2467 -0.3252 -0.3194 -0.2022 0.2074 0.1247 -0.0549
0.1285 0.1849 -0.2113 -0.3201 -0.3252 -0.2507 0.0441 0.2035 -0.0546 -0.2978 -0.3308 -0.2974 -0.0499 0.1197 0.1951 -0.2209 -0.3234 -0.3204 -0.2005 0.0718 0.2312 -0.1341 -0.3095 -0.3307 -0.2783 0.0164 0.1723 0.0219 -0.2874 -0.3295 -0.3055 -0.0913 0.1047 0.2263 -0.1961 -0.3199 -0.3247 -0.2336 0.0579 0.2194 -0.1038 -0.3047 -0.3314 -0.2865 -0.0061 0.1471 0.1017 -0.2611 -0.3272 -0.3272 -0.2808 -0.3272 -0.3272 -0.2611 0.1017 0.1471 -0.0061 -0.2865 -0.3314 -0.3047 -0.1038 0.2194 0.0579 -0.2336 -0.3247 -0.3199 -0.1961 0.2263 0.1047 -0.0913 -0.3055 -0.3295 -0.2874 0.0219 0.1723 0.0164 -0.2783 -0.3307 -0.3095 -0.1341 0.2312 0.0718 -0.2005 -0.3204 -0.3234 -0.2209 0.1951 0.1197 -0.0499 -0.2974 -0.3308 -0.2978 -0.0546 0.2035 0.0441 -0.2507 -0.3252 -0.3201 -0.2113 0.1849 0.1285
0.1352 -0.2259 -0.3218 -0.3242 -0.2467 0.0441 0.2011 -0.0400 -0.2957 -0.3302 -0.3013 -0.0721 0.1105 0.2174 -0.2048 -0.3211 -0.3233 -0.2236 0.0627 0.2238 -0.1146 -0.3063 -0.3313 -0.2840 0.0019 0.1548 0.0748 -0.2711 -0.3282 -0.3100 -0.1216 0.0956 0.2353 -0.1800 -0.3173 -0.3269 -0.2504 0.0481 0.2100 -0.0793 -0.3013 -0.3314 -0.2917 -0.0244 0.1333 0.1509 -0.2421 -0.3257 -0.3151 -0.1566 0.0288 -0.1566 -0.3151 -0.3257 -0.2421 0.1509 0.1333 -0.0244 -0.2917 -0.3314 -0.3013 -0.0793 0.2100 0.0481 -0.2504 -0.3269 -0.3173 -0.1800 0.2353 0.0956 -0.1216 -0.3100 -0.3282 -0.2711 0.0748 0.1548 0.0019 -0.2840 -0.3313 -0.3063 -0.1146 0.2238 0.0627 -0.2236 -0.3233 -0.3211 -0.2048 0.2174 0.1105 -0.0721 -0.3013 -0.3302 -0.2957 -0.0400 0.2011 0.0441 -0.2467 -0.3242 -0.3218 -0.2259 0.1352
-0.1957 -0.3243 -0.3222 -0.2352 0.0489 0.2035 -0.0400 -0.2950 -0.3298 -0.3039 -0.0914 0.1032 0.2295 -0.1904 -0.3188 -0.3256 -0.2421 0.0532 0.2149 -0.0922 -0.3030 -0.3314 -0.2891 -0.0149 0.1399 0.1276 -0.2513 -0.3267 -0.3142 -0.1524 0.0868 0.2375 -0.1638 -0.3146 -0.3287 -0.2634 0.0374 0.1998 -0.0493 -0.2978 -0.3310 -0.2969 -0.0460 0.1217 0.1889 -0.2245 -0.3238 -0.3194 -0.1931 0.0733 0.1518 0.0733 -0.1931 -0.3194 -0.3238 -0.2245 0.1889 0.1217 -0.0460 -0.2969 -0.3310 -0.2978 -0.0493 0.1998 0.0374 -0.2634 -0.3287 -0.3146 -0.1638 0.2375 0.0868 -0.1524 -0.3142 -0.3267 -0.2513 0.1276 0.1399 -0.0149 -0.2891 -0.3314 -0.3030 -0.0922 0.2149 0.0532 -0.2421 -0.3256 -0.3188 -0.1904 0.2295 0.1032 -0.0914 -0.3039 -0.3298 -0.2950 -0.0400 0.2035 0.0489 -0.2352 -0.3222 -0.3243 -0.1957
-0.2685 -0.3197 -0.2169 0.0567 0.2097 -0.0546 -0.2957 -0.3298 -0.3048 -0.1028 0.0983 0.2349 -0.1783 -0.3166 -0.3273 -0.2559 0.0435 0.2053 -0.0657 -0.2996 -0.3312 -0.2944 -0.0348 0.1273 0.1716 -0.2331 -0.3248 -0.3180 -0.1817 0.0781 0.2350 -0.1469 -0.3117 -0.3300 -0.2731 0.0257 0.1853 -0.0112 -0.2942 -0.3302 -0.3020 -0.0712 0.1114 0.2146 -0.2077 -0.3216 -0.3228 -0.2191 0.0651 0.2123 0.1233 0.2123 0.0651 -0.2191 -0.3228 -0.3216 -0.2077 0.2146 0.1114 -0.0712 -0.3020 -0.3302 -0.2942 -0.0112 0.1853 0.0257 -0.2731 -0.3300 -0.3117 -0.1469 0.2350 0.0781 -0.1817 -0.3180 -0.3248 -0.2331 0.1716 0.1273 -0.0348 -0.2944 -0.3312 -0.2996 -0.0657 0.2053 0.0435 -0.2559 -0.3273 -0.3166 -0.1783 0.2349 0.0983 -0.1028 -0.3048 -0.3298 -0.2957 -0.0546 0.2097 0.0567 -0.2169 -0.3197 -0.2685
-0.2772 -0.1919 0.0653 0.2179 -0.0767 -0.2978 -0.3302 -0.3039 -0.1028 0.0966 0.2365 -0.1700 -0.3149 -0.3285 -0.2656 0.0340 0.1960 -0.0345 -0.2962 -0.3306 -0.2995 -0.0582 0.1164 0.2033 -0.2159 -0.3227 -0.3213 -0.2076 0.0692 0.2293 -0.1287 -0.3086 -0.3309 -0.2800 0.0125 0.1670 0.0366 -0.2838 -0.3292 -0.3068 -0.0998 0.1020 0.2297 -0.1915 -0.3192 -0.3253 -0.2388 0.0552 0.2172 -0.0913 -0.2596 -0.0913 0.2172 0.0552 -0.2388 -0.3253 -0.3192 -0.1915 0.2297 0.1020 -0.0998 -0.3068 -0.3292 -0.2838 0.0366 0.1670 0.0125 -0.2800 -0.3309 -0.3086 -0.1287 0.2293 0.0692 -0.2076 -0.3213 -0.3227 -0.2159 0.2033 0.1164 -0.0582 -0.2995 -0.3306 -0.2962 -0.0345 0.1960 0.0340 -0.2656 -0.3285 -0.3149 -0.1700 0.2365 0.0966 -0.1028 -0.3039 -0.3302 -0.2978 -0.0767 0.2179 0.0653 -0.1919 -0.2772
-0.1889 0.0760 0.2262 -0.0995 -0.3008 -0.3308 -0.3013 -0.0914 0.0983 0.2365 -0.1670 -0.3139 -0.3291 -0.2715 0.0255 0.1838 0.0008 -0.2929 -0.3298 -0.3041 -0.0846 0.1067 0.2233 -0.1995 -0.3204 -0.3241 -0.2294 0.0600 0.2214 -0.1085 -0.3054 -0.3314 -0.2854 -0.0027 0.1502 0.0905 -0.2652 -0.3278 -0.3113 -0.1305 0.0931 0.2365 -0.1754 -0.3166 -0.3275 -0.2545 0.0451 0.2071 -0.0729 -0.3015 -0.3307 -0.3015 -0.0729 0.2071 0.0451 -0.2545 -0.3275 -0.3166 -0.1754 0.2365 0.0931 -0.1305 -0.3113 -0.3278 -0.2652 0.0905 0.1502 -0.0027 -0.2854 -0.3314 -0.3054 -0.1085 0.2214 0.0600 -0.2294 -0.3241 -0.3204 -0.1995 0.2233 0.1067 -0.0846 -0.3041 -0.3298 -0.2929 0.0008 0.1838 0.0255 -0.2715 -0.3291 -0.3139 -0.1670 0.2365 0.0983 -0.0914 -0.3013 -0.3308 -0.3008 -0.0995 0.2262 0.0760 -0.1889
0.0731 0.2329 -0.1205 -0.3040 -0.3312 -0.2974 -0.0721 0.1032 0.2349 -0.1700 -0.3139 -0.3293 -0.2744 0.0193 0.1717 0.0350 -0.2835 -0.3288 -0.3082 -0.1118 0.0980 0.2338 -0.1837 -0.3179 -0.3264 -0.2471 0.0503 0.2121 -0.0850 -0.3020 -0.3314 -0.2906 -0.0203 0.1360 0.1414 -0.2459 -0.3262 -0.3153 -0.1611 0.0843 0.2372 -0.1590 -0.3138 -0.3291 -0.2665 0.0342 0.1968 -0.0394 -0.2970 -0.3390 -0.3494 -0.3390 -0.2970 -0.0394 0.1968 0.0342 -0.2665 -0.3291 -0.3138 -0.1590 0.2372 0.0843 -0.1611 -0.3153 -0.3262 -0.2459 0.1414 0.1360 -0.0203 -0.2906 -0.3314 -0.3020 -0.0850 0.2121 0.0503 -0.2471 -0.3264 -0.3179 -0.1837 0.2338 0.0980 -0.1118 -0.3082 -0.3288 -0.2835 0.0350 0.1717 0.0193 -0.2744 -0.3293 -0.3139 -0.1700 0.2349 0.1032 -0.0721 -0.2974 -0.3312 -0.3040 -0.1205 0.2329 0.0731
0.2234 -0.1394 -0.3072 -0.3314 -0.2927 -0.0499 0.1105 0.2295 -0.1783 -0.3149 -0.3291 -0.2744 0.0170 0.1658 0.0596 -0.2711 -0.3278 -0.3114 -0.1373 0.0903 0.2374 -0.1685 -0.3153 -0.3282 -0.2608 0.0398 0.2021 -0.0564 -0.2985 -0.3311 -0.2959 -0.0411 0.1240 0.1820 -0.2280 -0.3243 -0.3190 -0.1895 0.0755 0.2337 -0.1418 -0.3108 -0.3303 -0.2753 0.0220 0.1808 0.0016 -0.2930 -0.3296 -0.3178 -0.2422 -0.3178 -0.3296 -0.2930 0.0016 0.1808 0.0220 -0.2753 -0.3303 -0.3108 -0.1418 0.2337 0.0755 -0.1895 -0.3190 -0.3243 -0.2280 0.1820 0.1240 -0.0411 -0.2959 -0.3311 -0.2985 -0.0564 0.2021 0.0398 -0.2608 -0.3282 -0.3153 -0.1685 0.2374 0.0903 -0.1373 -0.3114 -0.3278 -0.2711 0.0596 0.1658 0.0170 -0.2744 -0.3291 -0.3149 -0.1783 0.2295 0.1105 -0.0499 -0.2927 -0.3314 -0.3072 -0.1394 0.2234
-0.1350 -0.3108 -0.3311 -0.2876 -0.0286 0.1197 0.2174 -0.1904 -0.3166 -0.3285 -0.2715 0.0193 0.1658 0.0684 -0.2647 -0.3271 -0.3137 -0.1580 0.0838 0.2368 -0.1541 -0.3127 -0.3296 -0.2708 0.0285 0.1889 -0.0203 -0.2950 -0.3304 -0.3010 -0.0656 0.1135 0.2102 -0.2112 -0.3221 -0.3221 -0.2143 0.0666 0.2272 -0.1232 -0.3077 -0.3311 -0.2817 0.0083 0.1619 0.0518 -0.2800 -0.3287 -0.3072 -0.0981 0.0474 -0.0981 -0.3072 -0.3287 -0.2800 0.0518 0.1619 0.0083 -0.2817 -0.3311 -0.3077 -0.1232 0.2272 0.0666 -0.2143 -0.3221 -0.3221 -0.2112 0.2102 0.1135 -0.0656 -0.3010 -0.3304 -0.2950 -0.0203 0.1889 0.0285 -0.2708 -0.3296 -0.3127 -0.1541 0.2368 0.0838 -0.1580 -0.3137 -0.3271 -0.2647 0.0684 0.1658 0.0193 -0.2715 -0.3285 -0.3166 -0.1904 0.2174 0.1197 -0.0286 -0.2876 -0.3311 -0.3108 -0.1350
-0.2522 -0.3308 -0.2824 -0.0098 0.1307 0.1951 -0.2048 -0.3188 -0.3273 -0.2656 0.0255 0.1717 0.0596 -0.2647 -0.3268 -0.3149 -0.1711 0.0789 0.2344 -0.1414 -0.3103 -0.3304 -0.2777 0.0168 0.1722 0.0240 -0.2869 -0.3294 -0.3058 -0.0936 0.1039 0.2273 -0.1949 -0.3197 -0.3248 -0.2349 0.0572 0.2188 -0.1021 -0.3044 -0.3314 -0.2869 -0.0074 0.1459 0.1058 -0.2595 -0.3274 -0.3123 -0.1371 0.0888 0.1778 0.0888 -0.1371 -0.3123 -0.3274 -0.2595 0.1058 0.1459 -0.0074 -0.2869 -0.3314 -0.3044 -0.1021 0.2188 0.0572 -0.2349 -0.3248 -0.3197 -0.1949 0.2273 0.1039 -0.0936 -0.3058 -0.3294 -0.2869 0.0240 0.1722 0.0168 -0.2777 -0.3304 -0.3103 -0.1414 0.2344 0.0789 -0.1711 -0.3149 -0.3268 -0.2647 0.0596 0.1717 0.0255 -0.2656 -0.3273 -0.3188 -0.2048 0.1951 0.1307 -0.0098 -0.2824 -0.3308 -0.2522
-0.2820 -0.2766 0.0062 0.1439 0.1601 -0.2209 -0.3211 -0.3256 -0.2559 0.0340 0.1838 0.0350 -0.2711 -0.3271 -0.3149 -0.1754 0.0763 0.2321 -0.1314 -0.3082 -0.3308 -0.2823 0.0047 0.1565 0.0724 -0.2710 -0.3282 -0.3102 -0.1238 0.0949 0.2357 -0.1788 -0.3171 -0.3270 -0.2514 0.0473 0.2093 -0.0774 -0.3010 -0.3314 -0.2921 -0.0260 0.1323 0.1543 -0.2406 -0.3256 -0.3164 -0.1696 0.0821 0.2336 0.0221 0.2336 0.0821 -0.1696 -0.3164 -0.3256 -0.2406 0.1543 0.1323 -0.0260 -0.2921 -0.3314 -0.3010 -0.0774 0.2093 0.0473 -0.2514 -0.3270 -0.3171 -0.1788 0.2357 0.0949 -0.1238 -0.3102 -0.3282 -0.2710 0.0724 0.1565 0.0047 -0.2823 -0.3308 -0.3082 -0.1314 0.2321 0.0763 -0.1754 -0.3149 -0.3271 -0.2711 0.0350 0.1838 0.0340 -0.2559 -0.3256 -0.3211 -0.2209 0.1601 0.1439 0.0062 -0.2766 -0.2820
-0.2519 0.0219 0.1595 0.1130 -0.2382 -0.3234 -0.3233 -0.2421 0.0435 0.1960 0.0008 -0.2835 -0.3278 -0.3137 -0.1711 0.0763 0.2312 -0.1259 -0.3069 -0.3311 -0.2855 -0.0068 0.1444 0.1169 -0.2536 -0.3267 -0.3141 -0.1535 0.0863 0.2375 -0.1625 -0.3144 -0.3288 -0.2642 0.0366 0.1991 -0.0468 -0.2975 -0.3310 -0.2974 -0.0478 0.1208 0.1913 -0.2231 -0.3237 -0.3199 -0.1971 0.0730 0.2322 -0.1325 -0.2838 -0.1325 0.2322 0.0730 -0.1971 -0.3199 -0.3237 -0.2231 0.1913 0.1208 -0.0478 -0.2974 -0.3310 -0.2975 -0.0468 0.1991 0.0366 -0.2642 -0.3288 -0.3144 -0.1625 0.2375 0.0863 -0.1535 -0.3141 -0.3267 -0.2536 0.1169 0.1444 -0.0068 -0.2855 -0.3311 -0.3069 -0.1259 0.2312 0.0763 -0.1711 -0.3137 -0.3278 -0.2835 0.0008 0.1960 0.0435 -0.2421 -0.3233 -0.3234 -0.2382 0.1130 0.1595 0.0219 -0.2519
0.0130 0.1782 0.0591 -0.2568 -0.3254 -0.3204 -0.2236 0.0532 0.2053 -0.0345 -0.2929 -0.3288 -0.3114 -0.1580 0.0789 0.2321 -0.1259 -0.3064 -0.3311 -0.2875 -0.0161 0.1358 0.1508 -0.2393 -0.3252 -0.3174 -0.1798 0.0782 0.2349 -0.1459 -0.3115 -0.3300 -0.2736 0.0248 0.1842 -0.0080 -0.2939 -0.3302 -0.3024 -0.0733 0.1107 0.2161 -0.2064 -0.3214 -0.3229 -0.2207 0.0640 0.2249 -0.1184 -0.3087 -0.3366 -0.3087 -0.1184 0.2249 0.0640 -0.2207 -0.3229 -0.3214 -0.2064 0.2161 0.1107 -0.0733 -0.3024 -0.3302 -0.2939 -0.0080 0.1842 0.0248 -0.2736 -0.3300 -0.3115 -0.1459 0.2349 0.0782 -0.1798 -0.3174 -0.3252 -0.2393 0.1508 0.1358 -0.0161 -0.2875 -0.3311 -0.3064 -0.1259 0.2321 0.0789 -0.1580 -0.3114 -0.3288 -0.2929 -0.0345 0.2053 0.0532 -0.2236 -0.3204 -0.3254 -0.2568 0.0591 0.1782 0.0130
0.1854 0.0074 -0.2772 -0.3272 -0.3169 -0.2005 0.0627 0.2149 -0.0657 -0.2962 -0.3298 -0.3082 -0.1373 0.0838 0.2344 -0.1314 -0.3069 -0.3311 -0.2882 -0.0213 0.1308 0.1720 -0.2285 -0.3238 -0.3199 -0.2015 0.0706 0.2298 -0.1292 -0.3085 -0.3308 -0.2803 0.0115 0.1657 0.0404 -0.2829 -0.3291 -0.3072 -0.1022 0.1013 0.2305 -0.1902 -0.3190 -0.3255 -0.2401 0.0545 0.2161 -0.0956 -0.3036 -0.3410 -0.3459 -0.3410 -0.3036 -0.0956 0.2161 0.0545 -0.2401 -0.3255 -0.3190 -0.1902 0.2305 0.1013 -0.1022 -0.3072 -0.3291 -0.2829 0.0404 0.1657 0.0115 -0.2803 -0.3308 -0.3085 -0.1292 0.2298 0.0706 -0.2015 -0.3199 -0.3238 -0.2285 0.1720 0.1308 -0.0213 -0.2882 -0.3311 -0.3069 -0.1314 0.2344 0.0838 -0.1373 -0.3082 -0.3298 -0.2962 -0.0657 0.2149 0.0627 -0.2005 -0.3169 -0.3272 -0.2772 0.0074 0.1854
-0.0283 -0.2917 -0.3286 -0.3131 -0.1735 0.0718 0.2238 -0.0922 -0.2996 -0.3306 -0.3041 -0.1118 0.0903 0.2368 -0.1414 -0.3082 -0.3311 -0.2875 -0.0213 0.1291 0.1817 -0.2218 -0.3227 -0.3217 -0.2177 0.0637 0.2237 -0.1122 -0.3057 -0.3312 -0.2854 -0.0032 0.1494 0.0940 -0.2638 -0.3277 -0.3116 -0.1329 0.0924 0.2368 -0.1741 -0.3164 -0.3276 -0.2555 0.0443 0.2064 -0.0693 -0.3000 -0.3308 -0.3055 -0.1877 -0.3055 -0.3308 -0.3000 -0.0693 0.2064 0.0443 -0.2555 -0.3276 -0.3164 -0.1741 0.2368 0.0924 -0.1329 -0.3116 -0.3277 -0.2638 0.0940 0.1494 -0.0032 -0.2854 -0.3312 -0.3057 -0.1122 0.2237 0.0637 -0.2177 -0.3217 -0.3227 -0.2218 0.1817 0.1291 -0.0213 -0.2875 -0.3311 -0.3082 -0.1414 0.2368 0.0903 -0.1118 -0.3041 -0.3306 -0.2996 -0.0922 0.2238 0.0718 -0.1735 -0.3131 -0.3286 -0.2917 -0.0283
-0.2319 -0.3302 -0.3088 -0.1436 0.0806 0.2312 -0.1146 -0.3030 -0.3312 -0.2995 -0.0846 0.0980 0.2374 -0.1541 -0.3103 -0.3308 -0.2855 -0.0161 0.1308 0.1817 -0.2196 -0.3221 -0.3228 -0.2283 0.0581 0.2177 -0.0956 -0.3030 -0.3313 -0.2899 -0.0193 0.1361 0.1426 -0.2450 -0.3260 -0.3156 -0.1634 0.0836 0.2371 -0.1577 -0.3136 -0.3292 -0.2672 0.0333 0.1956 -0.0366 -0.2965 -0.3306 -0.2979 -0.0469 0.0636 -0.0469 -0.2979 -0.3306 -0.2965 -0.0366 0.1956 0.0333 -0.2672 -0.3292 -0.3136 -0.1577 0.2371 0.0836 -0.1634 -0.3156 -0.3260 -0.2450 0.1426 0.1361 -0.0193 -0.2899 -0.3313 -0.3030 -0.0956 0.2177 0.0581 -0.2283 -0.3228 -0.3221 -0.2196 0.1817 0.1308 -0.0161 -0.2855 -0.3308 -0.3103 -0.1541 0.2374 0.0980 -0.0846 -0.2995 -0.3312 -0.3030 -0.1146 0.2312 0.0806 -0.1436 -0.3088 -0.3302 -0.2319
-0.2769 -0.3045 -0.1129 0.0893 0.2362 -0.1341 -0.3063 -0.3314 -0.2944 -0.0582 0.1067 0.2338 -0.1685 -0.3127 -0.3304 -0.2823 -0.0068 0.1358 0.1720 -0.2218 -0.3221 -0.3232 -0.2334 0.0544 0.2131 -0.0808 -0.3007 -0.3312 -0.2940 -0.0366 0.1254 0.1797 -0.2283 -0.3242 -0.3191 -0.1914 0.0748 0.2332 -0.1404 -0.3106 -0.3303 -0.2759 0.0211 0.1794 0.0050 -0.2921 -0.3299 -0.3036 -0.0792 0.1044 0.1991 0.1044 -0.0792 -0.3036 -0.3299 -0.2921 0.0050 0.1794 0.0211 -0.2759 -0.3303 -0.3106 -0.1404 0.2332 0.0748 -0.1914 -0.3191 -0.3242 -0.2283 0.1797 0.1254 -0.0366 -0.2940 -0.3312 -0.3007 -0.0808 0.2131 0.0544 -0.2334 -0.3232 -0.3221 -0.2218 0.1720 0.1358 -0.0068 -0.2823 -0.3304 -0.3127 -0.1685 0.2338 0.1067 -0.0582 -0.2944 -0.3314 -0.3063 -0.1341 0.2362 0.0893 -0.1129 -0.3045 -0.2769
-0.2678 -0.0810 0.0981 0.2375 -0.1518 -0.3095 -0.3313 -0.2891 -0.0348 0.1164 0.2233 -0.1837 -0.3153 -0.3296 -0.2777 0.0047 0.1444 0.1508 -0.2285 -0.3227 -0.3228 -0.2334 0.0531 0.2106 -0.0704 -0.2990 -0.3309 -0.2974 -0.0535 0.1168 0.2049 -0.2135 -0.3222 -0.3220 -0.2149 0.0661 0.2267 -0.1217 -0.3074 -0.3311 -0.2821 0.0073 0.1607 0.0557 -0.2785 -0.3287 -0.3085 -0.1109 0.0989 0.2361 -0.0605 0.2361 0.0989 -0.1109 -0.3085 -0.3287 -0.2785 0.0557 0.1607 0.0073 -0.2821 -0.3311 -0.3074 -0.1217 0.2267 0.0661 -0.2149 -0.3220 -0.3222 -0.2135 0.2049 0.1168 -0.0535 -0.2974 -0.3309 -0.2990 -0.0704 0.2106 0.0531 -0.2334 -0.3228 -0.3227 -0.2285 0.1508 0.1444 0.0047 -0.2777 -0.3296 -0.3153 -0.1837 0.2233 0.1164 -0.0348 -0.2891 -0.3313 -0.3095 -0.1518 0.2375 0.0981 -0.0810 -0.2678
-0.0929 0.1089 0.2335 -0.1685 -0.3125 -0.3307 -0.2840 -0.0149 0.1273 0.2033 -0.1995 -0.3179 -0.3282 -0.2708 0.0168 0.1565 0.1169 -0.2393 -0.3238 -0.3217 -0.2283 0.0544 0.2106 -0.0665 -0.2981 -0.3307 -0.2998 -0.0683 0.1103 0.2200 -0.2006 -0.3203 -0.3243 -0.2335 0.0575 0.2186 -0.1011 -0.3042 -0.3314 -0.2872 -0.0087 0.1448 0.1097 -0.2581 -0.3273 -0.3128 -0.1418 0.0899 0.2372 -0.1664 -0.2959 -0.1664 0.2372 0.0899 -0.1418 -0.3128 -0.3273 -0.2581 0.1097 0.1448 -0.0087 -0.2872 -0.3314 -0.3042 -0.1011 0.2186 0.0575 -0.2335 -0.3243 -0.3203 -0.2006 0.2200 0.1103 -0.0683 -0.2998 -0.3307 -0.2981 -0.0665 0.2106 0.0544 -0.2283 -0.3217 -0.3238 -0.2393 0.1169 0.1565 0.0168 -0.2708 -0.3282 -0.3179 -0.1995 0.2033 0.1273 -0.0149 -0.2840 -0.3307 -0.3125 -0.1685 0.2335 0.1089 -0.0929
0.1111 0.2220 -0.1847 -0.3154 -0.3297 -0.2783 0.0019 0.1399 0.1716 -0.2159 -0.3204 -0.3264 -0.2608 0.0285 0.1722 0.0724 -0.2536 -0.3252 -0.3199 -0.2177 0.0581 0.2131 -0.0704 -0.2981 -0.3306 -0.3010 -0.0782 0.1059 0.2280 -0.1902 -0.3185 -0.3261 -0.2476 0.0490 0.2101 -0.0782 -0.3010 -0.3313 -0.2923 -0.0273 0.1315 0.1574 -0.2394 -0.3255 -0.3167 -0.1718 0.0811 0.2363 -0.1536 -0.3154 -0.3416 -0.3154 -0.1536 0.2363 0.0811 -0.1718 -0.3167 -0.3255 -0.2394 0.1574 0.1315 -0.0273 -0.2923 -0.3313 -0.3010 -0.0782 0.2101 0.0490 -0.2476 -0.3261 -0.3185 -0.1902 0.2280 0.1059 -0.0782 -0.3010 -0.3306 -0.2981 -0.0704 0.2131 0.0581 -0.2177 -0.3199 -0.3252 -0.2536 0.0724 0.1722 0.0285 -0.2608 -0.3264 -0.3204 -0.2159 0.1716 0.1399 0.0019 -0.2783 -0.3297 -0.3154 -0.1847 0.2220 0.1111
0.1862 -0.2007 -0.3181 -0.3282 -0.2706 0.0164 0.1548 0.1276 -0.2331 -0.3227 -0.3241 -0.2471 0.0398 0.1889 0.0240 -0.2710 -0.3267 -0.3174 -0.2015 0.0637 0.2177 -0.0808 -0.2990 -0.3307 -0.3010 -0.0817 0.1037 0.2317 -0.1829 -0.3170 -0.3274 -0.2577 0.0410 0.2020 -0.0528 -0.2979 -0.3309 -0.2972 -0.0484 0.1203 0.1933 -0.2219 -0.3235 -0.3202 -0.1991 0.0723 0.2316 -0.1352 -0.3098 -0.3417 -0.3400 -0.3417 -0.3098 -0.1352 0.2316 0.0723 -0.1991 -0.3202 -0.3235 -0.2219 0.1933 0.1203 -0.0484 -0.2972 -0.3309 -0.2979 -0.0528 0.2020 0.0410 -0.2577 -0.3274 -0.3170 -0.1829 0.2317 0.1037 -0.0817 -0.3010 -0.3307 -0.2990 -0.0808 0.2177 0.0637 -0.2015 -0.3174 -0.3267 -0.2710 0.0240 0.1889 0.0398 -0.2471 -0.3241 -0.3227 -0.2331 0.1276 0.1548 0.0164 -0.2706 -0.3282 -0.3181 -0.2007 0.1862
-0.1792 -0.3210 -0.3263 -0.2600 0.0292 0.1723 0.0748 -0.2513 -0.3248 -0.3213 -0.2294 0.0503 0.2021 -0.0203 -0.2869 -0.3282 -0.3141 -0.1798 0.0706 0.2237 -0.0956 -0.3007 -0.3309 -0.2998 -0.0782 0.1037 0.2328 -0.1790 -0.3161 -0.3282 -0.2643 0.0339 0.1946 -0.0253 -0.2950 -0.3303 -0.3017 -0.0716 0.1108 0.2166 -0.2056 -0.3213 -0.3231 -0.2223 0.0632 0.2243 -0.1158 -0.3065 -0.3306 -0.2903 -0.1234 -0.2903 -0.3306 -0.3065 -0.1158 0.2243 0.0632 -0.2223 -0.3231 -0.3213 -0.2056 0.2166 0.1108 -0.0716 -0.3017 -0.3303 -0.2950 -0.0253 0.1946 0.0339 -0.2643 -0.3282 -0.3161 -0.1790 0.2328 0.1037 -0.0782 -0.2998 -0.3309 -0.3007 -0.0956 0.2237 0.0706 -0.1798 -0.3141 -0.3282 -0.2869 -0.0203 0.2021 0.0503 -0.2294 -0.3213 -0.3248 -0.2513 0.0748 0.1723 0.0292 -0.2600 -0.3263 -0.3210 -0.1792
-0.2643 -0.3243 -0.2459 0.0406 0.1898 0.0219 -0.2711 -0.3267 -0.3180 -0.2076 0.0600 0.2121 -0.0564 -0.2950 -0.3294 -0.3102 -0.1535 0.0782 0.2298 -0.1122 -0.3030 -0.3312 -0.2974 -0.0683 0.1059 0.2317 -0.1790 -0.3157 -0.3285 -0.2679 0.0285 0.1861 0.0016 -0.2923 -0.3295 -0.3055 -0.0959 0.1025 0.2298 -0.1905 -0.3189 -0.3256 -0.2413 0.0537 0.2154 -0.0936 -0.3032 -0.3313 -0.2882 -0.0087 0.0793 -0.0087 -0.2882 -0.3313 -0.3032 -0.0936 0.2154 0.0537 -0.2413 -0.3256 -0.3189 -0.1905 0.2298 0.1025 -0.0959 -0.3055 -0.3295 -0.2923 0.0016 0.1861 0.0285 -0.2679 -0.3285 -0.3157 -0.1790 0.2317 0.1059 -0.0683 -0.2974 -0.3312 -0.3030 -0.1122 0.2298 0.0782 -0.1535 -0.3102 -0.3294 -0.2950 -0.0564 0.2121 0.0600 -0.2076 -0.3180 -0.3267 -0.2711 0.0219 0.1898 0.0406 -0.2459 -0.3243 -0.2643
-0.2797 -0.2273 0.0509 0.2028 -0.0231 -0.2874 -0.3282 -0.3142 -0.1817 0.0692 0.2214 -0.0850 -0.2985 -0.3304 -0.3058 -0.1238 0.0863 0.2349 -0.1292 -0.3057 -0.3313 -0.2940 -0.0535 0.1103 0.2280 -0.1829 -0.3161 -0.3285 -0.2690 0.0257 0.1789 0.0228 -0.2861 -0.3288 -0.3087 -0.1189 0.0952 0.2359 -0.1765 -0.3165 -0.3275 -0.2558 0.0438 0.2057 -0.0671 -0.2998 -0.3312 -0.2939 -0.0319 0.1215 0.2156 0.1215 -0.0319 -0.2939 -0.3312 -0.2998 -0.0671 0.2057 0.0438 -0.2558 -0.3275 -0.3165 -0.1765 0.2359 0.0952 -0.1189 -0.3087 -0.3288 -0.2861 0.0228 0.1789 0.0257 -0.2690 -0.3285 -0.3161 -0.1829 0.2280 0.1103 -0.0535 -0.2940 -0.3313 -0.3057 -0.1292 0.2349 0.0863 -0.1238 -0.3058 -0.3304 -0.2985 -0.0850 0.2214 0.0692 -0.1817 -0.3142 -0.3282 -0.2874 -0.0231 0.2028 0.0509 -0.2273 -0.2797
-0.2165 0.0623 0.2128 -0.0587 -0.2952 -0.3295 -0.3100 -0.1524 0.0781 0.2293 -0.1085 -0.3020 -0.3311 -0.3010 -0.0936 0.0949 0.2375 -0.1459 -0.3085 -0.3312 -0.2899 -0.0366 0.1168 0.2200 -0.1902 -0.3170 -0.3282 -0.2679 0.0257 0.1766 0.0343 -0.2787 -0.3282 -0.3110 -0.1380 0.0891 0.2376 -0.1635 -0.3142 -0.3289 -0.2664 0.0336 0.1955 -0.0349 -0.2963 -0.3307 -0.2991 -0.0565 0.1171 0.2098 -0.1171 0.2098 0.1171 -0.0565 -0.2991 -0.3307 -0.2963 -0.0349 0.1955 0.0336 -0.2664 -0.3289 -0.3142 -0.1635 0.2376 0.0891 -0.1380 -0.3110 -0.3282 -0.2787 0.0343 0.1766 0.0257 -0.2679 -0.3282 -0.3170 -0.1902 0.2200 0.1168 -0.0366 -0.2899 -0.3312 -0.3085 -0.1459 0.2375 0.0949 -0.0936 -0.3010 -0.3311 -0.3020 -0.1085 0.2293 0.0781 -0.1524 -0.3100 -0.3295 -0.2952 -0.0587 0.2128 0.0623 -0.2165
0.0577 0.2220 -0.0869 -0.2988 -0.3305 -0.3055 -0.1216 0.0868 0.2350 -0.1287 -0.3054 -0.3314 -0.2959 -0.0656 0.1039 0.2357 -0.1625 -0.3115 -0.3308 -0.2854 -0.0193 0.1254 0.2049 -0.2006 -0.3185 -0.3274 -0.2643 0.0285 0.1789 0.0343 -0.2762 -0.3278 -0.3124 -0.1513 0.0846 0.2368 -0.1520 -0.3120 -0.3299 -0.2740 0.0231 0.1812 0.0036 -0.2923 -0.3298 -0.3040 -0.0832 0.1073 0.2214 -0.1980 -0.3038 -0.1980 0.2214 0.1073 -0.0832 -0.3040 -0.3298 -0.2923 0.0036 0.1812 0.0231 -0.2740 -0.3299 -0.3120 -0.1520 0.2368 0.0846 -0.1513 -0.3124 -0.3278 -0.2762 0.0343 0.1789 0.0285 -0.2643 -0.3274 -0.3185 -0.2006 0.2049 0.1254 -0.0193 -0.2854 -0.3308 -0.3115 -0.1625 0.2357 0.1039 -0.0656 -0.2959 -0.3314 -0.3054 -0.1287 0.2350 0.0868 -0.1216 -0.3055 -0.3305 -0.2988 -0.0869 0.2220 0.0577
0.2176 -0.1102 -0.3022 -0.3311 -0.3006 -0.0913 0.0956 0.2375 -0.1469 -0.3086 -0.3314 -0.2906 -0.0411 0.1135 0.2273 -0.1788 -0.3144 -0.3300 -0.2803 -0.0032 0.1361 0.1797 -0.2135 -0.3203 -0.3261 -0.2577 0.0339 0.1861 0.0228 -0.2787 -0.3278 -0.3128 -0.1581 0.0817 0.2354 -0.1430 -0.3102 -0.3305 -0.2791 0.0126 0.1652 0.0467 -0.2806 -0.3287 -0.3084 -0.1119 0.0982 0.2335 -0.1851 -0.3217 -0.3457 -0.3217 -0.1851 0.2335 0.0982 -0.1119 -0.3084 -0.3287 -0.2806 0.0467 0.1652 0.0126 -0.2791 -0.3305 -0.3102 -0.1430 0.2354 0.0817 -0.1581 -0.3128 -0.3278 -0.2787 0.0228 0.1861 0.0339 -0.2577 -0.3261 -0.3203 -0.2135 0.1797 0.1361 -0.0032 -0.2803 -0.3300 -0.3144 -0.1788 0.2273 0.1135 -0.0411 -0.2906 -0.3314 -0.3086 -0.1469 0.2375 0.0956 -0.0913 -0.3006 -0.3311 -0.3022 -0.1102 0.2176
-0.1132 -0.3060 -0.3314 -0.2954 -0.0636 0.1047 0.2353 -0.1638 -0.3117 -0.3309 -0.2854 -0.0203 0.1240 0.2102 -0.1949 -0.3171 -0.3288 -0.2736 0.0115 0.1494 0.1426 -0.2283 -0.3222 -0.3243 -0.2476 0.0410 0.1946 0.0016 -0.2861 -0.3282 -0.3124 -0.1581 0.0807 0.2344 -0.1371 -0.3089 -0.3308 -0.2824 0.0028 0.1529 0.0890 -0.2634 -0.3275 -0.3123 -0.1404 0.0899 0.2374 -0.1687 -0.3154 -0.3407 -0.3310 -0.3407 -0.3154 -0.1687 0.2374 0.0899 -0.1404 -0.3123 -0.3275 -0.2634 0.0890 0.1529 0.0028 -0.2824 -0.3308 -0.3089 -0.1371 0.2344 0.0807 -0.1581 -0.3124 -0.3282 -0.2861 0.0016 0.1946 0.0410 -0.2476 -0.3243 -0.3222 -0.2283 0.1426 0.1494 0.0115 -0.2736 -0.3288 -0.3171 -0.1949 0.2102 0.1240 -0.0203 -0.2854 -0.3309 -0.3117 -0.1638 0.2353 0.1047 -0.0636 -0.2954 -0.3314 -0.3060 -0.1132
-0.2467 -0.3317 -0.2902 -0.0394 0.1143 0.2263 -0.1800 -0.3146 -0.3300 -0.2800 -0.0027 0.1360 0.1820 -0.2112 -0.3197 -0.3270 -0.2642 0.0248 0.1657 0.0940 -0.2450 -0.3242 -0.3220 -0.2335 0.0490 0.2020 -0.0253 -0.2923 -0.3288 -0.3110 -0.1513 0.0817 0.2344 -0.1351 -0.3082 -0.3310 -0.2845 -0.0054 0.1439 0.1238 -0.2494 -0.3262 -0.3155 -0.1663 0.0821 0.2365 -0.1531 -0.3126 -0.3288 -0.2702 -0.0635 -0.2702 -0.3288 -0.3126 -0.1531 0.2365 0.0821 -0.1663 -0.3155 -0.3262 -0.2494 0.1238 0.1439 -0.0054 -0.2845 -0.3310 -0.3082 -0.1351 0.2344 0.0817 -0.1513 -0.3110 -0.3288 -0.2923 -0.0253 0.2020 0.0490 -0.2335 -0.3220 -0.3242 -0.2450 0.0940 0.1657 0.0248 -0.2642 -0.3270 -0.3197 -0.2112 0.1820 0.1360 -0.0027 -0.2800 -0.3300 -0.3146 -0.1800 0.2263 0.1143 -0.0394 -0.2902 -0.3317 -0.2467
-0.2814 -0.2855 -0.0190 0.1249 0.2084 -0.1961 -0.3173 -0.3287 -0.2731 0.0125 0.1502 0.1414 -0.2280 -0.3221 -0.3248 -0.2514 0.0366 0.1842 0.0404 -0.2638 -0.3260 -0.3191 -0.2149 0.0575 0.2101 -0.0528 -0.2950 -0.3295 -0.3087 -0.1380 0.0846 0.2354 -0.1371 -0.3082 -0.3311 -0.2856 -0.0110 0.1380 0.1478 -0.2387 -0.3250 -0.3181 -0.1882 0.0749 0.2328 -0.1376 -0.3099 -0.3303 -0.2774 0.0201 0.0965 0.0201 -0.2774 -0.3303 -0.3099 -0.1376 0.2328 0.0749 -0.1882 -0.3181 -0.3250 -0.2387 0.1478 0.1380 -0.0110 -0.2856 -0.3311 -0.3082 -0.1371 0.2354 0.0846 -0.1380 -0.3087 -0.3295 -0.2950 -0.0528 0.2101 0.0575 -0.2149 -0.3191 -0.3260 -0.2638 0.0404 0.1842 0.0366 -0.2514 -0.3248 -0.3221 -0.2280 0.1414 0.1502 0.0125 -0.2731 -0.3287 -0.3173 -0.1961 0.2084 0.1249 -0.0190 -0.2855 -0.2814
-0.2568 0.0002 0.1370 0.1792 -0.2125 -0.3199 -0.3269 -0.2634 0.0257 0.1670 0.0905 -0.2459 -0.3243 -0.3221 -0.2349 0.0473 0.1991 -0.0080 -0.2829 -0.3277 -0.3156 -0.1914 0.0661 0.2186 -0.0782 -0.2979 -0.3303 -0.3055 -0.1189 0.0891 0.2368 -0.1430 -0.3089 -0.3310 -0.2856 -0.0130 0.1351 0.1615 -0.2314 -0.3239 -0.3200 -0.2050 0.0686 0.2277 -0.1222 -0.3072 -0.3311 -0.2832 0.0044 0.1439 0.2255 0.1439 0.0044 -0.2832 -0.3311 -0.3072 -0.1222 0.2277 0.0686 -0.2050 -0.3200 -0.3239 -0.2314 0.1615 0.1351 -0.0130 -0.2856 -0.3310 -0.3089 -0.1430 0.2368 0.0891 -0.1189 -0.3055 -0.3303 -0.2979 -0.0782 0.2186 0.0661 -0.1914 -0.3156 -0.3277 -0.2829 -0.0080 0.1991 0.0473 -0.2349 -0.3221 -0.3243 -0.2459 0.0905 0.1670 0.0257 -0.2634 -0.3269 -0.3199 -0.2125 0.1792 0.1370 0.0002 -0.2568
-0.0104 0.1516 0.1378 -0.2294 -0.3223 -0.3247 -0.2504 0.0374 0.1853 0.0366 -0.2652 -0.3262 -0.3190 -0.2143 0.0572 0.2093 -0.0468 -0.2939 -0.3291 -0.3116 -0.1634 0.0748 0.2267 -0.1011 -0.3010 -0.3309 -0.3017 -0.0959 0.0952 0.2376 -0.1520 -0.3102 -0.3308 -0.2845 -0.0110 0.1351 0.1660 -0.2276 -0.3233 -0.3213 -0.2165 0.0633 0.2226 -0.1075 -0.3047 -0.3313 -0.2875 -0.0112 0.1418 0.1365 -0.1659 0.1365 0.1418 -0.0112 -0.2875 -0.3313 -0.3047 -0.1075 0.2226 0.0633 -0.2165 -0.3213 -0.3233 -0.2276 0.1660 0.1351 -0.0110 -0.2845 -0.3308 -0.3102 -0.1520 0.2376 0.0952 -0.0959 -0.3017 -0.3309 -0.3010 -0.1011 0.2267 0.0748 -0.1634 -0.3116 -0.3291 -0.2939 -0.0468 0.2093 0.0572 -0.2143 -0.3190 -0.3262 -0.2652 0.0366 0.1853 0.0374 -0.2504 -0.3247 -0.3223 -0.2294 0.1378 0.1516 -0.0104
0.1603 0.0859 -0.2474 -0.3244 -0.3219 -0.2336 0.0481 0.1998 -0.0112 -0.2838 -0.3278 -0.3153 -0.1895 0.0666 0.2188 -0.0774 -0.2975 -0.3302 -0.3072 -0.1329 0.0836 0.2332 -0.1217 -0.3042 -0.3313 -0.2972 -0.0716 0.1025 0.2359 -0.1635 -0.3120 -0.3305 -0.2824 -0.0054 0.1380 0.1615 -0.2276 -0.3231 -0.3219 -0.2234 0.0595 0.2182 -0.0945 -0.3026 -0.3313 -0.2914 -0.0266 0.1309 0.1604 -0.2339 -0.3120 -0.2339 0.1604 0.1309 -0.0266 -0.2914 -0.3313 -0.3026 -0.0945 0.2182 0.0595 -0.2234 -0.3219 -0.3231 -0.2276 0.1615 0.1380 -0.0054 -0.2824 -0.3305 -0.3120 -0.1635 0.2359 0.1025 -0.0716 -0.2972 -0.3313 -0.3042 -0.1217 0.2332 0.0836 -0.1329 -0.3072 -0.3302 -0.2975 -0.0774 0.2188 0.0666 -0.1895 -0.3153 -0.3278 -0.2838 -0.0112 0.1998 0.0481 -0.2336 -0.3219 -0.3244 -0.2474 0.0859 0.1603
0.0316 -0.2666 -0.3263 -0.3187 -0.2127 0.0579 0.2100 -0.0493 -0.2942 -0.3292 -0.3113 -0.1611 0.0755 0.2272 -0.1021 -0.3010 -0.3310 -0.3024 -0.1022 0.0924 0.2371 -0.1404 -0.3074 -0.3314 -0.2923 -0.0484 0.1108 0.2298 -0.1765 -0.3142 -0.3299 -0.2791 0.0028 0.1439 0.1478 -0.2314 -0.3233 -0.3219 -0.2257 0.0574 0.2153 -0.0845 -0.3009 -0.3312 -0.2947 -0.0416 0.1221 0.1915 -0.2219 -0.3280 -0.3488 -0.3280 -0.2219 0.1915 0.1221 -0.0416 -0.2947 -0.3312 -0.3009 -0.0845 0.2153 0.0574 -0.2257 -0.3219 -0.3233 -0.2314 0.1478 0.1439 0.0028 -0.2791 -0.3299 -0.3142 -0.1765 0.2298 0.1108 -0.0484 -0.2923 -0.3314 -0.3074 -0.1404 0.2371 0.0924 -0.1022 -0.3024 -0.3310 -0.3010 -0.1021 0.2272 0.0755 -0.1611 -0.3113 -0.3292 -0.2942 -0.0493 0.2100 0.0579 -0.2127 -0.3187 -0.3263 -0.2666 0.0316
-0.2203 -0.3283 -0.3150 -0.1876 0.0672 0.2194 -0.0793 -0.2978 -0.3302 -0.3068 -0.1305 0.0843 0.2337 -0.1232 -0.3044 -0.3314 -0.2974 -0.0733 0.1013 0.2368 -0.1577 -0.3106 -0.3311 -0.2872 -0.0273 0.1203 0.2166 -0.1905 -0.3165 -0.3289 -0.2740 0.0126 0.1529 0.1238 -0.2387 -0.3239 -0.3213 -0.2234 0.0574 0.2142 -0.0788 -0.2998 -0.3310 -0.2972 -0.0548 0.1154 0.2102 -0.2086 -0.3214 -0.3369 -0.3163 -0.3369 -0.3214 -0.2086 0.2102 0.1154 -0.0548 -0.2972 -0.3310 -0.2998 -0.0788 0.2142 0.0574 -0.2234 -0.3213 -0.3239 -0.2387 0.1238 0.1529 0.0126 -0.2740 -0.3289 -0.3165 -0.1905 0.2166 0.1203 -0.0273 -0.2872 -0.3311 -0.3106 -0.1577 0.2368 0.1013 -0.0733 -0.2974 -0.3314 -0.3044 -0.1232 0.2337 0.0843 -0.1305 -0.3068 -0.3302 -0.2978 -0.0793 0.2194 0.0672 -0.1876 -0.3150 -0.3283 -0.2203
-0.2739 -0.3113 -0.1590 0.0762 0.2277 -0.1038 -0.3013 -0.3310 -0.3020 -0.0998 0.0931 0.2372 -0.1418 -0.3077 -0.3314 -0.2921 -0.0478 0.1107 0.2305 -0.1741 -0.3136 -0.3303 -0.2821 -0.0087 0.1315 0.1933 -0.2056 -0.3189 -0.3275 -0.2664 0.0231 0.1652 0.0890 -0.2494 -0.3250 -0.3200 -0.2165 0.0595 0.2153 -0.0788 -0.2994 -0.3309 -0.2987 -0.0649 0.1106 0.2210 -0.1983 -0.3197 -0.3241 -0.2326 -0.0128 -0.2326 -0.3241 -0.3197 -0.1983 0.2210 0.1106 -0.0649 -0.2987 -0.3309 -0.2994 -0.0788 0.2153 0.0595 -0.2165 -0.3200 -0.3250 -0.2494 0.0890 0.1652 0.0231 -0.2664 -0.3275 -0.3189 -0.2056 0.1933 0.1315 -0.0087 -0.2821 -0.3303 -0.3136 -0.1741 0.2305 0.1107 -0.0478 -0.2921 -0.3314 -0.3077 -0.1418 0.2372 0.0931 -0.0998 -0.3020 -0.3310 -0.3013 -0.1038 0.2277 0.0762 -0.1590 -0.3113 -0.2739
-0.2721 -0.1262 0.0848 0.2340 -0.1246 -0.3047 -0.3314 -0.2969 -0.0712 0.1020 0.2365 -0.1590 -0.3108 -0.3311 -0.2869 -0.0260 0.1208 0.2161 -0.1902 -0.3164 -0.3292 -0.2759 0.0073 0.1448 0.1574 -0.2219 -0.3213 -0.3256 -0.2558 0.0336 0.1812 0.0467 -0.2634 -0.3262 -0.3181 -0.2050 0.0633 0.2182 -0.0845 -0.2998 -0.3309 -0.2993 -0.0706 0.1077 0.2267 -0.1906 -0.3183 -0.3262 -0.2497 0.0477 0.1195 0.0477 -0.2497 -0.3262 -0.3183 -0.1906 0.2267 0.1077 -0.0706 -0.2993 -0.3309 -0.2998 -0.0845 0.2182 0.0633 -0.2050 -0.3181 -0.3262 -0.2634 0.0467 0.1812 0.0336 -0.2558 -0.3256 -0.3213 -0.2219 0.1574 0.1448 0.0073 -0.2759 -0.3292 -0.3164 -0.1902 0.2161 0.1208 -0.0260 -0.2869 -0.3311 -0.3108 -0.1590 0.2365 0.1020 -0.0712 -0.2969 -0.3314 -0.3047 -0.1246 0.2340 0.0848 -0.1262 -0.2721
-0.1340 0.0954 0.2374 -0.1431 -0.3079 -0.3314 -0.2917 -0.0460 0.1114 0.2297 -0.1754 -0.3138 -0.3303 -0.2817 -0.0074 0.1323 0.1913 -0.2064 -0.3190 -0.3276 -0.2672 0.0211 0.1607 0.1097 -0.2394 -0.3235 -0.3231 -0.2413 0.0438 0.1955 0.0036 -0.2806 -0.3275 -0.3155 -0.1882 0.0686 0.2226 -0.0945 -0.3009 -0.3310 -0.2987 -0.0706 0.1067 0.2291 -0.1859 -0.3173 -0.3273 -0.2585 0.0402 0.1817 0.2105 0.1817 0.0402 -0.2585 -0.3273 -0.3173 -0.1859 0.2291 0.1067 -0.0706 -0.2987 -0.3310 -0.3009 -0.0945 0.2226 0.0686 -0.1882 -0.3155 -0.3275 -0.2806 0.0036 0.1955 0.0438 -0.2413 -0.3231 -0.3235 -0.2394 0.1097 0.1607 0.0211 -0.2672 -0.3276 -0.3190 -0.2064 0.1913 0.1323 -0.0074 -0.2817 -0.3303 -0.3138 -0.1754 0.2297 0.1114 -0.0460 -0.2917 -0.3314 -0.3079 -0.1431 0.2374 0.0954 -0.1340
0.0954 0.2361 -0.1602 -0.3110 -0.3310 -0.2865 -0.0244 0.1217 0.2146 -0.1915 -0.3166 -0.3291 -0.2753 0.0083 0.1459 0.1543 -0.2231 -0.3214 -0.3255 -0.2555 0.0333 0.1794 0.0557 -0.2581 -0.3255 -0.3202 -0.2223 0.0537 0.2057 -0.0349 -0.2923 -0.3287 -0.3123 -0.1663 0.0749 0.2277 -0.1075 -0.3026 -0.3312 -0.2972 -0.0649 0.1077 0.2291 -0.1842 -0.3168 -0.3279 -0.2631 0.0342 0.1946 -0.0096 -0.2291 -0.0096 0.1946 0.0342 -0.2631 -0.3279 -0.3168 -0.1842 0.2291 0.1077 -0.0649 -0.2972 -0.3312 -0.3026 -0.1075 0.2277 0.0749 -0.1663 -0.3123 -0.3287 -0.2923 -0.0349 0.2057 0.0537 -0.2223 -0.3202 -0.3255 -0.2581 0.0557 0.1794 0.0333 -0.2555 -0.3255 -0.3214 -0.2231 0.1543 0.1459 0.0083 -0.2753 -0.3291 -0.3166 -0.1915 0.2146 0.1217 -0.0244 -0.2865 -0.3310 -0.3110 -0.1602 0.2361 0.0954
0.2136 -0.1766 -0.3140 -0.3302 -0.2812 -0.0061 0.1333 0.1889 -0.2077 -0.3192 -0.3275 -0.2665 0.0220 0.1619 0.1058 -0.2406 -0.3237 -0.3229 -0.2401 0.0443 0.1956 0.0050 -0.2785 -0.3273 -0.3167 -0.1991 0.0632 0.2154 -0.0671 -0.2963 -0.3298 -0.3084 -0.1404 0.0821 0.2328 -0.1222 -0.3047 -0.3313 -0.2947 -0.0548 0.1106 0.2267 -0.1859 -0.3168 -0.3281 -0.2653 0.0306 0.1883 -0.0022 -0.2927 -0.3227 -0.2927 -0.0022 0.1883 0.0306 -0.2653 -0.3280 -0.3168 -0.1859 0.2267 0.1106 -0.0548 -0.2947 -0.3313 -0.3047 -0.1222 0.2328 0.0821 -0.1404 -0.3084 -0.3298 -0.2963 -0.0671 0.2154 0.0632 -0.1991 -0.3167 -0.3273 -0.2785 0.0050 0.1956 0.0443 -0.2401 -0.3229 -0.3237 -0.2406 0.1058 0.1619 0.0220 -0.2665 -0.3275 -0.3192 -0.2077 0.1889 0.1333 -0.0061 -0.2812 -0.3302 -0.3140 -0.1766 0.2136
-0.1624 -0.3171 -0.3290 -0.2747 0.0095 0.1471 0.1509 -0.2245 -0.3216 -0.3253 -0.2545 0.0342 0.1808 0.0518 -0.2595 -0.3256 -0.3199 -0.2207 0.0545 0.2064 -0.0366 -0.2921 -0.3287 -0.3128 -0.1718 0.0723 0.2243 -0.0936 -0.2998 -0.3307 -0.3040 -0.1119 0.0899 0.2365 -0.1376 -0.3072 -0.3313 -0.2914 -0.0416 0.1154 0.2210 -0.1906 -0.3173 -0.3279 -0.2653 0.0294 0.1840 0.0141 -0.2885 -0.3352 -0.3497 -0.3352 -0.2885 0.0141 0.1840 0.0294 -0.2653 -0.3279 -0.3173 -0.1906 0.2210 0.1154 -0.0416 -0.2914 -0.3313 -0.3072 -0.1376 0.2365 0.0899 -0.1119 -0.3040 -0.3307 -0.2998 -0.0936 0.2243 0.0723 -0.1718 -0.3128 -0.3287 -0.2921 -0.0366 0.2064 0.0545 -0.2207 -0.3199 -0.3256 -0.2595 0.0518 0.1808 0.0342 -0.2545 -0.3253 -0.3216 -0.2245 0.1509 0.1471 0.0095 -0.2747 -0.3290 -0.3171 -0.1624
-0.2597 -0.3277 -0.2657 0.0231 0.1633 0.1017 -0.2421 -0.3238 -0.3228 -0.2388 0.0451 0.1968 0.0016 -0.2800 -0.3274 -0.3164 -0.1971 0.0639 0.2161 -0.0693 -0.2965 -0.3299 -0.3085 -0.1418 0.0811 0.2316 -0.1158 -0.3032 -0.3312 -0.2991 -0.0832 0.0982 0.2374 -0.1531 -0.3099 -0.3311 -0.2875 -0.0266 0.1220 0.2102 -0.1983 -0.3183 -0.3273 -0.2631 0.0306 0.1839 0.0194 -0.2839 -0.3282 -0.3248 -0.2775 -0.3248 -0.3281 -0.2839 0.0194 0.1840 0.0306 -0.2631 -0.3273 -0.3183 -0.1983 0.2102 0.1221 -0.0266 -0.2875 -0.3311 -0.3099 -0.1531 0.2374 0.0982 -0.0832 -0.2991 -0.3312 -0.3032 -0.1158 0.2316 0.0811 -0.1418 -0.3085 -0.3299 -0.2965 -0.0693 0.2161 0.0640 -0.1971 -0.3164 -0.3274 -0.2800 0.0016 0.1968 0.0451 -0.2388 -0.3228 -0.3238 -0.2421 0.1017 0.1633 0.0231 -0.2657 -0.3276 -0.2597
-0.2813 -0.2533 0.0349 0.1821 0.0476 -0.2610 -0.3258 -0.3197 -0.2191 0.0552 0.2071 -0.0393 -0.2930 -0.3288 -0.3125 -0.1696 0.0730 0.2249 -0.0955 -0.3000 -0.3308 -0.3038 -0.1109 0.0898 0.2363 -0.1352 -0.3065 -0.3314 -0.2940 -0.0566 0.1072 0.2335 -0.1686 -0.3126 -0.3305 -0.2832 -0.0114 0.1307 0.1917 -0.2086 -0.3197 -0.3264 -0.2585 0.0341 0.1882 0.0144 -0.2838 -0.3282 -0.3104 -0.1346 0.0351 -0.1345 -0.3101 -0.3280 -0.2839 0.0141 0.1883 0.0342 -0.2585 -0.3262 -0.3197 -0.2086 0.1915 0.1309 -0.0112 -0.2832 -0.3303 -0.3126 -0.1687 0.2335 0.1073 -0.0565 -0.2939 -0.3313 -0.3065 -0.1352 0.2363 0.0899 -0.1109 -0.3036 -0.3306 -0.3000 -0.0956 0.2249 0.0730 -0.1696 -0.3123 -0.3287 -0.2930 -0.0394 0.2071 0.0552 -0.2191 -0.3194 -0.3257 -0.2611 0.0473 0.1821 0.0350 -0.2533 -0.2812
-0.2358 0.0475 0.1977 -0.0019 -0.2812 -0.3275 -0.3162 -0.1952 0.0646 0.2168 -0.0714 -0.2968 -0.3300 -0.3081 -0.1394 0.0818 0.2320 -0.1174 -0.3035 -0.3313 -0.2988 -0.0813 0.0987 0.2374 -0.1528 -0.3097 -0.3312 -0.2888 -0.0334 0.1171 0.2224 -0.1845 -0.3154 -0.3296 -0.2780 0.0030 0.1417 0.1632 -0.2211 -0.3214 -0.3251 -0.2511 0.0393 0.1940 0.0006 -0.2881 -0.3284 -0.3112 -0.1470 0.0832 0.1672 0.0837 -0.1441 -0.3101 -0.3281 -0.2885 -0.0022 0.1946 0.0402 -0.2497 -0.3241 -0.3214 -0.2219 0.1604 0.1418 0.0044 -0.2774 -0.3288 -0.3154 -0.1851 0.2214 0.1171 -0.0319 -0.2882 -0.3306 -0.3098 -0.1536 0.2372 0.0989 -0.0792 -0.2979 -0.3308 -0.3036 -0.1184 0.2322 0.0821 -0.1371 -0.3072 -0.3296 -0.2970 -0.0729 0.2172 0.0651 -0.1931 -0.3151 -0.3272 -0.2814 -0.0043 0.1981 0.0480 -0.2351
0.0412 0.2079 -0.0420 -0.2934 -0.3289 -0.3122 -0.1675 0.0736 0.2255 -0.0972 -0.3003 -0.3308 -0.3034 -0.1085 0.0905 0.2366 -0.1366 -0.3068 -0.3314 -0.2936 -0.0547 0.1079 0.2330 -0.1694 -0.3127 -0.3306 -0.2836 -0.0138 0.1280 0.2016 -0.2006 -0.3181 -0.3282 -0.2706 0.0165 0.1554 0.1236 -0.2356 -0.3232 -0.3232 -0.2401 0.0459 0.1996 -0.0193 -0.2922 -0.3288 -0.3107 -0.1467 0.0842 0.2297 0.0467 0.2233 0.0837 -0.1345 -0.3248 -0.3352 -0.2927 -0.0096 0.1817 0.0477 -0.2326 -0.3369 -0.3280 -0.2339 0.1365 0.1439 0.0201 -0.2702 -0.3407 -0.3217 -0.1980 0.2098 0.1215 -0.0087 -0.2903 -0.3417 -0.3154 -0.1664 0.2361 0.1044 -0.0469 -0.3055 -0.3410 -0.3087 -0.1325 0.2336 0.0888 -0.0981 -0.3178 -0.3390 -0.3015 -0.0913 0.2123 0.0733 -0.1566 -0.3272 -0.3357 -0.2940 -0.0317 0.1901 0.0410
0.2067 -0.0738 -0.2970 -0.3300 -0.3077 -0.1372 0.0825 0.2325 -0.1189 -0.3037 -0.3312 -0.2983 -0.0791 0.0994 0.2373 -0.1542 -0.3099 -0.3311 -0.2884 -0.0319 0.1179 0.2212 -0.1856 -0.3155 -0.3294 -0.2778 0.0029 0.1409 0.1690 -0.2171 -0.3205 -0.3262 -0.2601 0.0290 0.1725 0.0740 -0.2521 -0.3250 -0.3206 -0.2250 0.0534 0.2066 -0.0428 -0.2941 -0.3293 -0.3089 -0.1379 0.0854 0.2359 -0.1384 -0.2557 0.0513 0.1669 0.0351 -0.2775 -0.3497 -0.3227 -0.2291 0.2105 0.1195 -0.0128 -0.3163 -0.3488 -0.3120 -0.1659 0.2255 0.0965 -0.0635 -0.3310 -0.3457 -0.3038 -0.1171 0.2156 0.0793 -0.1234 -0.3400 -0.3416 -0.2959 -0.0605 0.1991 0.0636 -0.1877 -0.3459 -0.3366 -0.2838 0.0221 0.1778 0.0474 -0.2422 -0.3494 -0.3307 -0.2596 0.1233 0.1518 0.0288 -0.2808 -0.3507 -0.3244 -0.2377 0.1926 0.1249
