0.3869 0.1927 0.1968 0.2579 0.3646 0.4784 0.4318 0.2303 0.1855 0.2300 0.3202 0.4489 0.4664 0.3139 0.1846 0.2084 0.2816 0.3996 0.4811 0.3916 0.1983 0.1927 0.2492 0.3513 0.4732 0.4440 0.2520 0.1841 0.2232 0.3085 0.4356 0.4726 0.3383 0.1866 0.2033 0.2716 0.3851 0.4815 0.4098 0.2077 0.1892 0.2410 0.3384 0.4652 0.4543 0.2765 0.1835 0.2169 0.2976 0.4215 0.4760 0.4215 0.2976 0.2169 0.1835 0.2765 0.4543 0.4652 0.3384 0.2410 0.1892 0.2077 0.4098 0.4815 0.3851 0.2716 0.2033 0.1866 0.3383 0.4726 0.4356 0.3085 0.2232 0.1841 0.2520 0.4440 0.4732 0.3513 0.2492 0.1927 0.1983 0.3916 0.4811 0.3996 0.2816 0.2084 0.1846 0.3139 0.4664 0.4489 0.3202 0.2300 0.1855 0.2303 0.4318 0.4784 0.3646 0.2579 0.1968 0.1927 0.3869
0.1927 0.1737 0.2448 0.3640 0.4812 0.4310 0.2206 0.1576 0.2113 0.3135 0.4535 0.4654 0.3139 0.1577 0.1859 0.2700 0.4013 0.4817 0.3925 0.1771 0.1666 0.2332 0.3481 0.4767 0.4431 0.2469 0.1561 0.2033 0.3003 0.4398 0.4719 0.3389 0.1606 0.1798 0.2587 0.3855 0.4829 0.4101 0.1905 0.1621 0.2239 0.3338 0.4696 0.4532 0.2743 0.1558 0.1959 0.2877 0.4252 0.4744 0.4236 0.4744 0.4252 0.2877 0.1959 0.1558 0.2743 0.4532 0.4696 0.3338 0.2239 0.1621 0.1905 0.4101 0.4829 0.3855 0.2587 0.1798 0.1606 0.3389 0.4719 0.4398 0.3003 0.2033 0.1561 0.2469 0.4431 0.4767 0.3481 0.2332 0.1666 0.1771 0.3925 0.4817 0.4013 0.2700 0.1859 0.1577 0.3139 0.4654 0.4535 0.3135 0.2113 0.1576 0.2206 0.4310 0.4812 0.3640 0.2448 0.1737 0.1927
0.1968 0.2448 0.3590 0.4786 0.4375 0.2355 0.1564 0.2058 0.3040 0.4432 0.4694 0.3308 0.1593 0.1815 0.2617 0.3894 0.4818 0.4046 0.1853 0.1633 0.2265 0.3375 0.4710 0.4499 0.2652 0.1556 0.1979 0.2910 0.4283 0.4748 0.3547 0.1635 0.1757 0.2509 0.3740 0.4816 0.4203 0.2026 0.1595 0.2176 0.3235 0.4616 0.4588 0.2926 0.1561 0.1909 0.2788 0.4127 0.4785 0.3776 0.2367 0.3776 0.4785 0.4127 0.2788 0.1909 0.1561 0.2926 0.4588 0.4616 0.3235 0.2176 0.1595 0.2026 0.4203 0.4816 0.3740 0.2509 0.1757 0.1635 0.3547 0.4748 0.4283 0.2910 0.1979 0.1556 0.2652 0.4499 0.4710 0.3375 0.2265 0.1633 0.1853 0.4046 0.4818 0.3894 0.2617 0.1815 0.1593 0.3308 0.4694 0.4432 0.3040 0.2058 0.1564 0.2355 0.4375 0.4786 0.3590 0.2448 0.1968
0.2579 0.3640 0.4786 0.4400 0.2453 0.1559 0.2016 0.2964 0.4342 0.4731 0.3466 0.1619 0.1776 0.2545 0.3792 0.4819 0.4154 0.1962 0.1607 0.2205 0.3282 0.4652 0.4560 0.2835 0.1558 0.1932 0.2828 0.4181 0.4777 0.3695 0.1674 0.1721 0.2440 0.3640 0.4804 0.4294 0.2175 0.1577 0.2120 0.3145 0.4539 0.4640 0.3103 0.1572 0.1865 0.2710 0.4023 0.4807 0.3892 0.1757 0.1487 0.1757 0.3892 0.4807 0.4023 0.2710 0.1865 0.1572 0.3103 0.4640 0.4539 0.3145 0.2120 0.1577 0.2175 0.4294 0.4804 0.3640 0.2440 0.1721 0.1674 0.3695 0.4777 0.4181 0.2828 0.1932 0.1558 0.2835 0.4560 0.4652 0.3282 0.2205 0.1607 0.1962 0.4154 0.4819 0.3792 0.2545 0.1776 0.1619 0.3466 0.4731 0.4342 0.2964 0.2016 0.1559 0.2453 0.4400 0.4786 0.3640 0.2579
0.3646 0.4812 0.4375 0.2453 0.1558 0.1992 0.2908 0.4262 0.4759 0.3605 0.1650 0.1740 0.2476 0.3690 0.4811 0.4250 0.2098 0.1586 0.2148 0.3191 0.4580 0.4615 0.3015 0.1566 0.1887 0.2749 0.4075 0.4798 0.3833 0.1725 0.1687 0.2373 0.3541 0.4780 0.4377 0.2342 0.1565 0.2066 0.3057 0.4451 0.4686 0.3274 0.1589 0.1823 0.2634 0.3918 0.4817 0.4021 0.1831 0.1612 0.1879 0.1612 0.1831 0.4021 0.4817 0.3918 0.2634 0.1823 0.1589 0.3274 0.4686 0.4451 0.3057 0.2066 0.1565 0.2342 0.4377 0.4780 0.3541 0.2373 0.1687 0.1725 0.3833 0.4798 0.4075 0.2749 0.1887 0.1566 0.3015 0.4615 0.4580 0.3191 0.2148 0.1586 0.2098 0.4250 0.4811 0.3690 0.2476 0.1740 0.1650 0.3605 0.4759 0.4262 0.2908 0.1992 0.1558 0.2453 0.4375 0.4812 0.3646
0.4784 0.4310 0.2355 0.1559 0.1992 0.2887 0.4214 0.4776 0.3713 0.1686 0.1709 0.2413 0.3595 0.4794 0.4336 0.2256 0.1571 0.2093 0.3101 0.4497 0.4664 0.3189 0.1580 0.1844 0.2671 0.3970 0.4813 0.3962 0.1792 0.1655 0.2309 0.3444 0.4744 0.4450 0.2521 0.1558 0.2015 0.2971 0.4355 0.4725 0.3437 0.1613 0.1784 0.2560 0.3814 0.4820 0.4131 0.1936 0.1615 0.2186 0.2714 0.2186 0.1615 0.1936 0.4131 0.4820 0.3814 0.2560 0.1784 0.1613 0.3437 0.4725 0.4355 0.2971 0.2015 0.1558 0.2521 0.4450 0.4744 0.3444 0.2309 0.1655 0.1792 0.3962 0.4813 0.3970 0.2671 0.1844 0.1580 0.3189 0.4664 0.4497 0.3101 0.2093 0.1571 0.2256 0.4336 0.4794 0.3595 0.2413 0.1709 0.1686 0.3713 0.4776 0.4214 0.2887 0.1992 0.1559 0.2355 0.4310 0.4784
0.4318 0.2206 0.1564 0.2016 0.2908 0.4214 0.4782 0.3773 0.1716 0.1685 0.2360 0.3510 0.4768 0.4410 0.2425 0.1561 0.2041 0.3014 0.4404 0.4706 0.3356 0.1600 0.1803 0.2596 0.3865 0.4820 0.4078 0.1882 0.1625 0.2248 0.3349 0.4695 0.4517 0.2705 0.1556 0.1966 0.2887 0.4254 0.4757 0.3590 0.1645 0.1746 0.2489 0.3712 0.4814 0.4230 0.2066 0.1590 0.2166 0.3204 0.4036 0.3204 0.2166 0.1590 0.2066 0.4230 0.4814 0.3712 0.2489 0.1746 0.1645 0.3590 0.4757 0.4254 0.2887 0.1966 0.1556 0.2705 0.4517 0.4695 0.3349 0.2248 0.1625 0.1882 0.4078 0.4820 0.3865 0.2596 0.1803 0.1600 0.3356 0.4706 0.4404 0.3014 0.2041 0.1561 0.2425 0.4410 0.4768 0.3510 0.2360 0.1685 0.1716 0.3773 0.4782 0.4214 0.2908 0.2016 0.1564 0.2206 0.4318
0.2303 0.1576 0.2058 0.2964 0.4262 0.4776 0.3773 0.1729 0.1673 0.2325 0.3444 0.4737 0.4470 0.2587 0.1557 0.1993 0.2930 0.4306 0.4742 0.3514 0.1628 0.1765 0.2524 0.3762 0.4818 0.4183 0.1998 0.1600 0.2188 0.3256 0.4632 0.4577 0.2887 0.1560 0.1919 0.2805 0.4150 0.4784 0.3735 0.1687 0.1711 0.2421 0.3611 0.4798 0.4319 0.2221 0.1573 0.2105 0.3127 0.4528 0.4766 0.4528 0.3127 0.2105 0.1573 0.2221 0.4319 0.4798 0.3611 0.2421 0.1711 0.1687 0.3735 0.4784 0.4150 0.2805 0.1919 0.1560 0.2887 0.4577 0.4632 0.3256 0.2188 0.1600 0.1998 0.4183 0.4818 0.3762 0.2524 0.1765 0.1628 0.3514 0.4742 0.4306 0.2930 0.1993 0.1557 0.2587 0.4470 0.4737 0.3444 0.2325 0.1673 0.1729 0.3773 0.4776 0.4262 0.2964 0.2058 0.1576 0.2303
0.1855 0.2113 0.3040 0.4342 0.4759 0.3713 0.1716 0.1673 0.2312 0.3408 0.4711 0.4514 0.2724 0.1557 0.1951 0.2854 0.4208 0.4771 0.3661 0.1664 0.1728 0.2454 0.3661 0.4807 0.4276 0.2142 0.1581 0.2132 0.3165 0.4557 0.4630 0.3066 0.1569 0.1874 0.2726 0.4045 0.4803 0.3871 0.1742 0.1677 0.2355 0.3513 0.4771 0.4399 0.2393 0.1562 0.2051 0.3032 0.4430 0.4668 0.4063 0.4668 0.4430 0.3032 0.2051 0.1562 0.2393 0.4399 0.4771 0.3513 0.2355 0.1677 0.1742 0.3871 0.4803 0.4045 0.2726 0.1874 0.1569 0.3066 0.4630 0.4557 0.3165 0.2132 0.1581 0.2142 0.4276 0.4807 0.3661 0.2454 0.1728 0.1664 0.3661 0.4771 0.4208 0.2854 0.1951 0.1557 0.2724 0.4514 0.4711 0.3408 0.2312 0.1673 0.1716 0.3713 0.4759 0.4342 0.3040 0.2113 0.1855
0.2300 0.3135 0.4432 0.4731 0.3605 0.1686 0.1685 0.2325 0.3408 0.4701 0.4536 0.2818 0.1559 0.1917 0.2790 0.4118 0.4792 0.3793 0.1710 0.1694 0.2388 0.3561 0.4786 0.4360 0.2306 0.1567 0.2077 0.3076 0.4471 0.4676 0.3238 0.1585 0.1832 0.2649 0.3940 0.4815 0.3996 0.1815 0.1646 0.2291 0.3416 0.4731 0.4470 0.2574 0.1557 0.2000 0.2946 0.4327 0.4731 0.3506 0.2039 0.3506 0.4731 0.4327 0.2946 0.2000 0.1557 0.2574 0.4470 0.4731 0.3416 0.2291 0.1646 0.1815 0.3996 0.4815 0.3940 0.2649 0.1832 0.1585 0.3238 0.4676 0.4471 0.3076 0.2077 0.1567 0.2306 0.4360 0.4786 0.3561 0.2388 0.1694 0.1710 0.3793 0.4792 0.4118 0.2790 0.1917 0.1559 0.2818 0.4536 0.4701 0.3408 0.2325 0.1685 0.1686 0.3605 0.4731 0.4432 0.3135 0.2300
0.3202 0.4535 0.4694 0.3466 0.1650 0.1709 0.2360 0.3444 0.4711 0.4536 0.2852 0.1562 0.1895 0.2741 0.4043 0.4806 0.3906 0.1766 0.1664 0.2326 0.3466 0.4753 0.4435 0.2483 0.1559 0.2025 0.2989 0.4376 0.4717 0.3402 0.1607 0.1792 0.2575 0.3835 0.4820 0.4109 0.1912 0.1617 0.2230 0.3322 0.4678 0.4535 0.2757 0.1557 0.1952 0.2863 0.4225 0.4766 0.3626 0.1648 0.1513 0.1648 0.3626 0.4766 0.4225 0.2863 0.1952 0.1557 0.2757 0.4535 0.4678 0.3322 0.2230 0.1617 0.1912 0.4109 0.4820 0.3835 0.2575 0.1792 0.1607 0.3402 0.4717 0.4376 0.2989 0.2025 0.1559 0.2483 0.4435 0.4753 0.3466 0.2326 0.1664 0.1766 0.3906 0.4806 0.4043 0.2741 0.1895 0.1562 0.2852 0.4536 0.4711 0.3444 0.2360 0.1709 0.1650 0.3466 0.4694 0.4535 0.3202
0.4489 0.4654 0.3308 0.1619 0.1740 0.2413 0.3510 0.4737 0.4514 0.2818 0.1562 0.1887 0.2715 0.3992 0.4813 0.3993 0.1826 0.1639 0.2271 0.3379 0.4710 0.4501 0.2663 0.1556 0.1976 0.2905 0.4276 0.4751 0.3558 0.1637 0.1754 0.2504 0.3733 0.4816 0.4211 0.2037 0.1594 0.2172 0.3229 0.4612 0.4593 0.2939 0.1562 0.1906 0.2782 0.4120 0.4790 0.3775 0.1700 0.1672 0.1972 0.1672 0.1700 0.3775 0.4790 0.4120 0.2782 0.1906 0.1562 0.2939 0.4593 0.4612 0.3229 0.2172 0.1594 0.2037 0.4211 0.4816 0.3733 0.2504 0.1754 0.1637 0.3558 0.4751 0.4276 0.2905 0.1976 0.1556 0.2663 0.4501 0.4710 0.3379 0.2271 0.1639 0.1826 0.3993 0.4813 0.3992 0.2715 0.1887 0.1562 0.2818 0.4514 0.4737 0.3510 0.2413 0.1740 0.1619 0.3308 0.4654 0.4489
0.4664 0.3139 0.1593 0.1776 0.2476 0.3595 0.4768 0.4470 0.2724 0.1559 0.1895 0.2715 0.3974 0.4817 0.4048 0.1882 0.1619 0.2225 0.3302 0.4659 0.4558 0.2835 0.1559 0.1930 0.2823 0.4173 0.4779 0.3705 0.1677 0.1718 0.2435 0.3632 0.4802 0.4301 0.2187 0.1576 0.2116 0.3139 0.4533 0.4644 0.3116 0.1573 0.1862 0.2704 0.4015 0.4807 0.3908 0.1761 0.1672 0.2305 0.2879 0.2305 0.1672 0.1761 0.3908 0.4807 0.4015 0.2704 0.1862 0.1573 0.3116 0.4644 0.4533 0.3139 0.2116 0.1576 0.2187 0.4301 0.4802 0.3632 0.2435 0.1718 0.1677 0.3705 0.4779 0.4173 0.2823 0.1930 0.1559 0.2835 0.4558 0.4659 0.3302 0.2225 0.1619 0.1882 0.4048 0.4817 0.3974 0.2715 0.1895 0.1559 0.2724 0.4470 0.4768 0.3595 0.2476 0.1776 0.1593 0.3139 0.4664
0.3139 0.1577 0.1815 0.2545 0.3690 0.4794 0.4410 0.2587 0.1557 0.1917 0.2741 0.3992 0.4817 0.4066 0.1915 0.1608 0.2192 0.3239 0.4607 0.4603 0.2991 0.1565 0.1888 0.2747 0.4070 0.4799 0.3842 0.1729 0.1684 0.2368 0.3533 0.4778 0.4383 0.2356 0.1564 0.2062 0.3050 0.4444 0.4689 0.3286 0.1590 0.1820 0.2628 0.3909 0.4818 0.4030 0.1841 0.1638 0.2280 0.3391 0.4247 0.3391 0.2280 0.1638 0.1841 0.4030 0.4818 0.3909 0.2628 0.1820 0.1590 0.3286 0.4689 0.4444 0.3050 0.2062 0.1564 0.2356 0.4383 0.4778 0.3533 0.2368 0.1684 0.1729 0.3842 0.4799 0.4070 0.2747 0.1888 0.1565 0.2991 0.4603 0.4607 0.3239 0.2192 0.1608 0.1915 0.4066 0.4817 0.3992 0.2741 0.1917 0.1557 0.2587 0.4410 0.4794 0.3690 0.2545 0.1815 0.1577 0.3139
0.1846 0.1859 0.2617 0.3792 0.4811 0.4336 0.2425 0.1557 0.1951 0.2790 0.4043 0.4813 0.4048 0.1915 0.1604 0.2174 0.3199 0.4564 0.4637 0.3120 0.1576 0.1851 0.2678 0.3972 0.4813 0.3967 0.1796 0.1653 0.2304 0.3436 0.4741 0.4456 0.2536 0.1558 0.2011 0.2964 0.4348 0.4727 0.3448 0.1615 0.1781 0.2555 0.3806 0.4820 0.4140 0.1945 0.1610 0.2214 0.3302 0.4664 0.4731 0.4664 0.3302 0.2214 0.1610 0.1945 0.4140 0.4820 0.3806 0.2555 0.1781 0.1615 0.3448 0.4727 0.4348 0.2964 0.2011 0.1558 0.2536 0.4456 0.4741 0.3436 0.2304 0.1653 0.1796 0.3967 0.4813 0.3972 0.2678 0.1851 0.1576 0.3120 0.4637 0.4564 0.3199 0.2174 0.1604 0.1915 0.4048 0.4813 0.4043 0.2790 0.1951 0.1557 0.2425 0.4336 0.4811 0.3792 0.2617 0.1859 0.1846
0.2084 0.2700 0.3894 0.4819 0.4250 0.2256 0.1561 0.1993 0.2854 0.4118 0.4806 0.3993 0.1882 0.1608 0.2174 0.3185 0.4540 0.4657 0.3213 0.1587 0.1821 0.2619 0.3884 0.4819 0.4073 0.1882 0.1624 0.2244 0.3342 0.4691 0.4522 0.2719 0.1556 0.1962 0.2881 0.4247 0.4760 0.3601 0.1647 0.1743 0.2484 0.3704 0.4813 0.4238 0.2078 0.1588 0.2155 0.3203 0.4595 0.4578 0.3851 0.4578 0.4595 0.3203 0.2155 0.1588 0.2078 0.4238 0.4813 0.3704 0.2484 0.1743 0.1647 0.3601 0.4760 0.4247 0.2881 0.1962 0.1556 0.2719 0.4522 0.4691 0.3342 0.2244 0.1624 0.1882 0.4073 0.4819 0.3884 0.2619 0.1821 0.1587 0.3213 0.4657 0.4540 0.3185 0.2174 0.1608 0.1882 0.3993 0.4806 0.4118 0.2854 0.1993 0.1561 0.2256 0.4250 0.4819 0.3894 0.2700 0.2084
0.2816 0.4013 0.4818 0.4154 0.2098 0.1571 0.2041 0.2930 0.4208 0.4792 0.3906 0.1826 0.1619 0.2192 0.3199 0.4540 0.4664 0.3262 0.1595 0.1800 0.2572 0.3810 0.4820 0.4162 0.1983 0.1601 0.2189 0.3253 0.4628 0.4581 0.2901 0.1561 0.1916 0.2799 0.4143 0.4785 0.3745 0.1690 0.1708 0.2415 0.3604 0.4796 0.4325 0.2234 0.1572 0.2100 0.3113 0.4509 0.4653 0.3202 0.1786 0.3202 0.4653 0.4509 0.3113 0.2100 0.1572 0.2234 0.4325 0.4796 0.3604 0.2415 0.1708 0.1690 0.3745 0.4785 0.4143 0.2799 0.1916 0.1561 0.2901 0.4581 0.4628 0.3253 0.2189 0.1601 0.1983 0.4162 0.4820 0.3810 0.2572 0.1800 0.1595 0.3262 0.4664 0.4540 0.3199 0.2192 0.1619 0.1826 0.3906 0.4792 0.4208 0.2930 0.2041 0.1571 0.2098 0.4154 0.4818 0.4013 0.2816
0.3996 0.4817 0.4046 0.1962 0.1586 0.2093 0.3014 0.4306 0.4771 0.3793 0.1766 0.1639 0.2225 0.3239 0.4564 0.4657 0.3262 0.1599 0.1789 0.2542 0.3756 0.4816 0.4231 0.2089 0.1585 0.2140 0.3171 0.4558 0.4631 0.3075 0.1570 0.1871 0.2721 0.4037 0.4804 0.3880 0.1747 0.1675 0.2350 0.3505 0.4768 0.4404 0.2407 0.1562 0.2047 0.3025 0.4417 0.4701 0.3326 0.1584 0.1552 0.1584 0.3326 0.4701 0.4417 0.3025 0.2047 0.1562 0.2407 0.4404 0.4768 0.3505 0.2350 0.1675 0.1747 0.3880 0.4804 0.4037 0.2721 0.1871 0.1570 0.3075 0.4631 0.4558 0.3171 0.2140 0.1585 0.2089 0.4231 0.4816 0.3756 0.2542 0.1789 0.1599 0.3262 0.4657 0.4564 0.3239 0.2225 0.1639 0.1766 0.3793 0.4771 0.4306 0.3014 0.2093 0.1586 0.1962 0.4046 0.4817 0.3996
0.4811 0.3925 0.1853 0.1607 0.2148 0.3101 0.4404 0.4742 0.3661 0.1710 0.1664 0.2271 0.3302 0.4607 0.4637 0.3213 0.1595 0.1789 0.2532 0.3728 0.4812 0.4278 0.2183 0.1574 0.2098 0.3098 0.4485 0.4673 0.3233 0.1585 0.1830 0.2645 0.3933 0.4816 0.4005 0.1821 0.1643 0.2286 0.3409 0.4728 0.4476 0.2588 0.1557 0.1997 0.2940 0.4319 0.4737 0.3492 0.1624 0.1740 0.2074 0.1740 0.1624 0.3492 0.4737 0.4319 0.2940 0.1997 0.1557 0.2588 0.4476 0.4728 0.3409 0.2286 0.1643 0.1821 0.4005 0.4816 0.3933 0.2645 0.1830 0.1585 0.3233 0.4673 0.4485 0.3098 0.2098 0.1574 0.2183 0.4278 0.4812 0.3728 0.2532 0.1789 0.1595 0.3213 0.4637 0.4607 0.3302 0.2271 0.1664 0.1710 0.3661 0.4742 0.4404 0.3101 0.2148 0.1607 0.1853 0.3925 0.4811
0.3916 0.1771 0.1633 0.2205 0.3191 0.4497 0.4706 0.3514 0.1664 0.1694 0.2326 0.3379 0.4659 0.4603 0.3120 0.1587 0.1800 0.2542 0.3728 0.4810 0.4301 0.2248 0.1567 0.2066 0.3038 0.4415 0.4707 0.3374 0.1605 0.1794 0.2575 0.3832 0.4820 0.4116 0.1920 0.1615 0.2226 0.3314 0.4674 0.4540 0.2772 0.1557 0.1948 0.2857 0.4217 0.4768 0.3643 0.1659 0.1737 0.2435 0.3055 0.2435 0.1737 0.1659 0.3643 0.4768 0.4217 0.2857 0.1948 0.1557 0.2772 0.4540 0.4674 0.3314 0.2226 0.1615 0.1920 0.4116 0.4820 0.3832 0.2575 0.1794 0.1605 0.3374 0.4707 0.4415 0.3038 0.2066 0.1567 0.2248 0.4301 0.4810 0.3728 0.2542 0.1800 0.1587 0.3120 0.4603 0.4659 0.3379 0.2326 0.1694 0.1664 0.3514 0.4706 0.4497 0.3191 0.2205 0.1633 0.1771 0.3916
0.1983 0.1666 0.2265 0.3282 0.4580 0.4664 0.3356 0.1628 0.1728 0.2388 0.3466 0.4710 0.4558 0.2991 0.1576 0.1821 0.2572 0.3756 0.4812 0.4301 0.2270 0.1564 0.2045 0.2994 0.4357 0.4732 0.3492 0.1628 0.1761 0.2512 0.3738 0.4816 0.4213 0.2044 0.1592 0.2167 0.3222 0.4606 0.4597 0.2953 0.1563 0.1903 0.2776 0.4112 0.4791 0.3785 0.1705 0.1699 0.2403 0.3586 0.4440 0.3586 0.2403 0.1699 0.1705 0.3785 0.4791 0.4112 0.2776 0.1903 0.1563 0.2953 0.4597 0.4606 0.3222 0.2167 0.1592 0.2044 0.4213 0.4816 0.3738 0.2512 0.1761 0.1628 0.3492 0.4732 0.4357 0.2994 0.2045 0.1564 0.2270 0.4301 0.4812 0.3756 0.2572 0.1821 0.1576 0.2991 0.4558 0.4710 0.3466 0.2388 0.1728 0.1628 0.3356 0.4664 0.4580 0.3282 0.2265 0.1666 0.1983
0.1927 0.2332 0.3375 0.4652 0.4615 0.3189 0.1600 0.1765 0.2454 0.3561 0.4753 0.4501 0.2835 0.1565 0.1851 0.2619 0.3810 0.4816 0.4278 0.2248 0.1564 0.2039 0.2972 0.4318 0.4748 0.3582 0.1651 0.1734 0.2457 0.3653 0.4805 0.4296 0.2185 0.1576 0.2113 0.3132 0.4526 0.4648 0.3130 0.1575 0.1859 0.2698 0.4007 0.4808 0.3917 0.1766 0.1666 0.2332 0.3484 0.4752 0.4673 0.4752 0.3484 0.2332 0.1666 0.1766 0.3917 0.4808 0.4007 0.2698 0.1859 0.1575 0.3130 0.4648 0.4526 0.3132 0.2113 0.1576 0.2185 0.4296 0.4805 0.3653 0.2457 0.1734 0.1651 0.3582 0.4748 0.4318 0.2972 0.2039 0.1564 0.2248 0.4278 0.4816 0.3810 0.2619 0.1851 0.1565 0.2835 0.4501 0.4753 0.3561 0.2454 0.1765 0.1600 0.3189 0.4615 0.4652 0.3375 0.2332 0.1927
0.2492 0.3481 0.4710 0.4560 0.3015 0.1580 0.1803 0.2524 0.3661 0.4786 0.4435 0.2663 0.1559 0.1888 0.2678 0.3884 0.4820 0.4231 0.2183 0.1567 0.2045 0.2972 0.4305 0.4756 0.3638 0.1671 0.1714 0.2412 0.3580 0.4787 0.4365 0.2332 0.1565 0.2063 0.3048 0.4439 0.4691 0.3298 0.1592 0.1817 0.2623 0.3902 0.4818 0.4039 0.1847 0.1635 0.2269 0.3382 0.4716 0.4465 0.3599 0.4465 0.4716 0.3382 0.2269 0.1635 0.1847 0.4039 0.4818 0.3902 0.2623 0.1817 0.1592 0.3298 0.4691 0.4439 0.3048 0.2063 0.1565 0.2332 0.4365 0.4787 0.3580 0.2412 0.1714 0.1671 0.3638 0.4756 0.4305 0.2972 0.2045 0.1567 0.2183 0.4231 0.4820 0.3884 0.2678 0.1888 0.1559 0.2663 0.4435 0.4786 0.3661 0.2524 0.1803 0.1580 0.3015 0.4560 0.4710 0.3481 0.2492
0.3513 0.4767 0.4499 0.2835 0.1566 0.1844 0.2596 0.3762 0.4807 0.4360 0.2483 0.1556 0.1930 0.2747 0.3972 0.4819 0.4162 0.2089 0.1574 0.2066 0.2994 0.4318 0.4756 0.3657 0.1682 0.1702 0.2380 0.3524 0.4767 0.4421 0.2472 0.1559 0.2019 0.2971 0.4351 0.4728 0.3455 0.1617 0.1778 0.2549 0.3798 0.4820 0.4147 0.1954 0.1608 0.2209 0.3288 0.4656 0.4552 0.2862 0.1629 0.2862 0.4552 0.4656 0.3288 0.2209 0.1608 0.1954 0.4147 0.4820 0.3798 0.2549 0.1778 0.1617 0.3455 0.4728 0.4351 0.2971 0.2019 0.1559 0.2472 0.4421 0.4767 0.3524 0.2380 0.1702 0.1682 0.3657 0.4756 0.4318 0.2994 0.2066 0.1574 0.2089 0.4162 0.4819 0.3972 0.2747 0.1930 0.1556 0.2483 0.4360 0.4807 0.3762 0.2596 0.1844 0.1566 0.2835 0.4499 0.4767 0.3513
0.4732 0.4431 0.2652 0.1558 0.1887 0.2671 0.3865 0.4818 0.4276 0.2306 0.1559 0.1976 0.2823 0.4070 0.4813 0.4073 0.1983 0.1585 0.2098 0.3038 0.4357 0.4748 0.3638 0.1682 0.1697 0.2364 0.3488 0.4750 0.4461 0.2588 0.1556 0.1980 0.2902 0.4264 0.4757 0.3597 0.1648 0.1742 0.2480 0.3697 0.4812 0.4244 0.2088 0.1587 0.2151 0.3196 0.4584 0.4612 0.2996 0.1549 0.1605 0.1549 0.2996 0.4612 0.4584 0.3196 0.2151 0.1587 0.2088 0.4244 0.4812 0.3697 0.2480 0.1742 0.1648 0.3597 0.4757 0.4264 0.2902 0.1980 0.1556 0.2588 0.4461 0.4750 0.3488 0.2364 0.1697 0.1682 0.3638 0.4748 0.4357 0.3038 0.2098 0.1585 0.1983 0.4073 0.4813 0.4070 0.2823 0.1976 0.1559 0.2306 0.4276 0.4818 0.3865 0.2671 0.1887 0.1558 0.2652 0.4431 0.4732
0.4440 0.2469 0.1556 0.1932 0.2749 0.3970 0.4820 0.4183 0.2142 0.1567 0.2025 0.2905 0.4173 0.4799 0.3967 0.1882 0.1601 0.2140 0.3098 0.4415 0.4732 0.3582 0.1671 0.1702 0.2364 0.3476 0.4740 0.4485 0.2672 0.1556 0.1950 0.2844 0.4184 0.4779 0.3720 0.1685 0.1710 0.2416 0.3601 0.4795 0.4331 0.2246 0.1571 0.2096 0.3106 0.4502 0.4661 0.3178 0.1580 0.1816 0.2186 0.1816 0.1580 0.3178 0.4661 0.4502 0.3106 0.2096 0.1571 0.2246 0.4331 0.4795 0.3601 0.2416 0.1710 0.1685 0.3720 0.4779 0.4184 0.2844 0.1950 0.1556 0.2672 0.4485 0.4740 0.3476 0.2364 0.1702 0.1671 0.3582 0.4732 0.4415 0.3098 0.2140 0.1601 0.1882 0.3967 0.4799 0.4173 0.2905 0.2025 0.1567 0.2142 0.4183 0.4820 0.3970 0.2749 0.1932 0.1556 0.2469 0.4440
0.2520 0.1561 0.1979 0.2828 0.4075 0.4813 0.4078 0.1998 0.1581 0.2077 0.2989 0.4276 0.4779 0.3842 0.1796 0.1624 0.2189 0.3171 0.4485 0.4707 0.3492 0.1651 0.1714 0.2380 0.3488 0.4740 0.4493 0.2716 0.1557 0.1929 0.2799 0.4117 0.4794 0.3825 0.1729 0.1681 0.2358 0.3511 0.4769 0.4406 0.2416 0.1561 0.2043 0.3019 0.4410 0.4704 0.3346 0.1599 0.1810 0.2574 0.3242 0.2574 0.1810 0.1599 0.3346 0.4704 0.4410 0.3019 0.2043 0.1561 0.2416 0.4406 0.4769 0.3511 0.2358 0.1681 0.1729 0.3825 0.4794 0.4117 0.2799 0.1929 0.1557 0.2716 0.4493 0.4740 0.3488 0.2380 0.1714 0.1651 0.3492 0.4707 0.4485 0.3171 0.2189 0.1624 0.1796 0.3842 0.4779 0.4276 0.2989 0.2077 0.1581 0.1998 0.4078 0.4813 0.4075 0.2828 0.1979 0.1561 0.2520
0.1841 0.2033 0.2910 0.4181 0.4798 0.3962 0.1882 0.1600 0.2132 0.3076 0.4376 0.4751 0.3705 0.1729 0.1653 0.2244 0.3253 0.4558 0.4673 0.3374 0.1628 0.1734 0.2412 0.3524 0.4750 0.4485 0.2716 0.1558 0.1918 0.2772 0.4069 0.4804 0.3908 0.1775 0.1657 0.2306 0.3429 0.4734 0.4471 0.2585 0.1557 0.1994 0.2934 0.4311 0.4740 0.3505 0.1626 0.1768 0.2535 0.3787 0.4597 0.3787 0.2535 0.1768 0.1626 0.3505 0.4740 0.4311 0.2934 0.1994 0.1557 0.2585 0.4471 0.4734 0.3429 0.2306 0.1657 0.1775 0.3908 0.4804 0.4069 0.2772 0.1918 0.1558 0.2716 0.4485 0.4750 0.3524 0.2412 0.1734 0.1628 0.3374 0.4673 0.4558 0.3253 0.2244 0.1653 0.1729 0.3705 0.4751 0.4376 0.3076 0.2132 0.1600 0.1882 0.3962 0.4798 0.4181 0.2910 0.2033 0.1841
0.2232 0.3003 0.4283 0.4777 0.3833 0.1792 0.1625 0.2188 0.3165 0.4471 0.4717 0.3558 0.1677 0.1684 0.2304 0.3342 0.4628 0.4631 0.3233 0.1605 0.1761 0.2457 0.3580 0.4767 0.4461 0.2672 0.1557 0.1918 0.2763 0.4045 0.4809 0.3964 0.1816 0.1638 0.2263 0.3357 0.4693 0.4526 0.2745 0.1557 0.1949 0.2855 0.4211 0.4769 0.3654 0.1662 0.1730 0.2460 0.3674 0.4794 0.4594 0.4794 0.3674 0.2460 0.1730 0.1662 0.3654 0.4769 0.4211 0.2855 0.1949 0.1557 0.2745 0.4526 0.4693 0.3357 0.2263 0.1638 0.1816 0.3964 0.4809 0.4045 0.2763 0.1918 0.1557 0.2672 0.4461 0.4767 0.3580 0.2457 0.1761 0.1605 0.3233 0.4631 0.4628 0.3342 0.2304 0.1684 0.1677 0.3558 0.4717 0.4471 0.3165 0.2188 0.1625 0.1792 0.3833 0.4777 0.4283 0.3003 0.2232
0.3085 0.4398 0.4748 0.3695 0.1725 0.1655 0.2248 0.3256 0.4557 0.4676 0.3402 0.1637 0.1718 0.2368 0.3436 0.4691 0.4581 0.3075 0.1585 0.1794 0.2512 0.3653 0.4787 0.4421 0.2588 0.1556 0.1929 0.2772 0.4045 0.4810 0.3992 0.1846 0.1625 0.2231 0.3300 0.4650 0.4570 0.2890 0.1561 0.1909 0.2782 0.4115 0.4792 0.3791 0.1709 0.1696 0.2392 0.3568 0.4788 0.4329 0.3315 0.4329 0.4788 0.3568 0.2392 0.1696 0.1709 0.3791 0.4792 0.4115 0.2782 0.1909 0.1561 0.2890 0.4570 0.4650 0.3300 0.2231 0.1625 0.1846 0.3992 0.4810 0.4045 0.2772 0.1929 0.1556 0.2588 0.4421 0.4787 0.3653 0.2512 0.1794 0.1585 0.3075 0.4581 0.4691 0.3436 0.2368 0.1718 0.1637 0.3402 0.4676 0.4557 0.3256 0.2248 0.1655 0.1725 0.3695 0.4748 0.4398 0.3085
0.4356 0.4719 0.3547 0.1674 0.1687 0.2309 0.3349 0.4632 0.4630 0.3238 0.1607 0.1754 0.2435 0.3533 0.4741 0.4522 0.2901 0.1570 0.1830 0.2575 0.3738 0.4805 0.4365 0.2472 0.1556 0.1950 0.2799 0.4069 0.4809 0.3992 0.1857 0.1619 0.2212 0.3260 0.4614 0.4604 0.3013 0.1568 0.1875 0.2717 0.4023 0.4807 0.3914 0.1767 0.1664 0.2328 0.3471 0.4755 0.4425 0.2509 0.1540 0.2509 0.4425 0.4755 0.3471 0.2328 0.1664 0.1767 0.3914 0.4807 0.4023 0.2717 0.1875 0.1568 0.3013 0.4604 0.4614 0.3260 0.2212 0.1619 0.1857 0.3992 0.4809 0.4069 0.2799 0.1950 0.1556 0.2472 0.4365 0.4805 0.3738 0.2575 0.1830 0.1570 0.2901 0.4522 0.4741 0.3533 0.2435 0.1754 0.1607 0.3238 0.4630 0.4632 0.3349 0.2309 0.1687 0.1674 0.3547 0.4719 0.4356
0.4726 0.3389 0.1635 0.1721 0.2373 0.3444 0.4695 0.4577 0.3066 0.1585 0.1792 0.2504 0.3632 0.4778 0.4456 0.2719 0.1561 0.1871 0.2645 0.3832 0.4816 0.4296 0.2332 0.1559 0.1980 0.2844 0.4117 0.4804 0.3964 0.1846 0.1619 0.2205 0.3239 0.4590 0.4626 0.3105 0.1576 0.1846 0.2661 0.3941 0.4816 0.4019 0.1838 0.1636 0.2269 0.3379 0.4711 0.4499 0.2646 0.1536 0.1665 0.1536 0.2646 0.4499 0.4711 0.3379 0.2269 0.1636 0.1838 0.4019 0.4816 0.3941 0.2661 0.1846 0.1576 0.3105 0.4626 0.4590 0.3239 0.2205 0.1619 0.1846 0.3964 0.4804 0.4117 0.2844 0.1980 0.1559 0.2332 0.4296 0.4816 0.3832 0.2645 0.1871 0.1561 0.2719 0.4456 0.4778 0.3632 0.2504 0.1792 0.1585 0.3066 0.4577 0.4695 0.3444 0.2373 0.1721 0.1635 0.3389 0.4726
0.3383 0.1606 0.1757 0.2440 0.3541 0.4744 0.4517 0.2887 0.1569 0.1832 0.2575 0.3733 0.4802 0.4383 0.2536 0.1556 0.1916 0.2721 0.3933 0.4820 0.4213 0.2185 0.1565 0.2019 0.2902 0.4184 0.4794 0.3908 0.1816 0.1625 0.2212 0.3239 0.4581 0.4637 0.3161 0.1583 0.1825 0.2617 0.3871 0.4820 0.4107 0.1922 0.1612 0.2215 0.3292 0.4656 0.4558 0.2833 0.1560 0.1900 0.2310 0.1900 0.1560 0.2833 0.4558 0.4656 0.3292 0.2215 0.1612 0.1922 0.4107 0.4820 0.3871 0.2617 0.1825 0.1583 0.3161 0.4637 0.4581 0.3239 0.2212 0.1625 0.1816 0.3908 0.4794 0.4184 0.2902 0.2019 0.1565 0.2185 0.4213 0.4820 0.3933 0.2721 0.1916 0.1556 0.2536 0.4383 0.4802 0.3733 0.2575 0.1832 0.1569 0.2887 0.4517 0.4744 0.3541 0.2440 0.1757 0.1606 0.3383
0.1866 0.1798 0.2509 0.3640 0.4780 0.4450 0.2705 0.1560 0.1874 0.2649 0.3835 0.4816 0.4301 0.2356 0.1558 0.1962 0.2799 0.4037 0.4816 0.4116 0.2044 0.1576 0.2063 0.2971 0.4264 0.4779 0.3825 0.1775 0.1638 0.2231 0.3260 0.4590 0.4637 0.3179 0.1587 0.1812 0.2585 0.3818 0.4819 0.4176 0.2011 0.1595 0.2168 0.3213 0.4593 0.4609 0.3002 0.1566 0.1893 0.2728 0.3443 0.2728 0.1893 0.1566 0.3002 0.4609 0.4593 0.3213 0.2168 0.1595 0.2011 0.4176 0.4819 0.3818 0.2585 0.1812 0.1587 0.3179 0.4637 0.4590 0.3260 0.2231 0.1638 0.1775 0.3825 0.4779 0.4264 0.2971 0.2063 0.1576 0.2044 0.4116 0.4816 0.4037 0.2799 0.1962 0.1558 0.2356 0.4301 0.4816 0.3835 0.2649 0.1874 0.1560 0.2705 0.4450 0.4780 0.3640 0.2509 0.1798 0.1866
0.2033 0.2587 0.3740 0.4804 0.4377 0.2521 0.1556 0.1919 0.2726 0.3940 0.4820 0.4211 0.2187 0.1564 0.2011 0.2881 0.4143 0.4804 0.4005 0.1920 0.1592 0.2113 0.3048 0.4351 0.4757 0.3720 0.1729 0.1657 0.2263 0.3300 0.4614 0.4626 0.3161 0.1587 0.1807 0.2569 0.3785 0.4817 0.4224 0.2093 0.1582 0.2127 0.3143 0.4527 0.4651 0.3157 0.1578 0.1848 0.2682 0.3996 0.4706 0.3996 0.2682 0.1848 0.1578 0.3157 0.4651 0.4527 0.3143 0.2127 0.1582 0.2093 0.4224 0.4817 0.3785 0.2569 0.1807 0.1587 0.3161 0.4626 0.4614 0.3300 0.2263 0.1657 0.1729 0.3720 0.4757 0.4351 0.3048 0.2113 0.1592 0.1920 0.4005 0.4804 0.4143 0.2881 0.2011 0.1564 0.2187 0.4211 0.4820 0.3940 0.2726 0.1919 0.1556 0.2521 0.4377 0.4804 0.3740 0.2587 0.2033
0.2716 0.3855 0.4816 0.4294 0.2342 0.1558 0.1966 0.2805 0.4045 0.4815 0.4109 0.2037 0.1576 0.2062 0.2964 0.4247 0.4785 0.3880 0.1821 0.1615 0.2167 0.3132 0.4439 0.4728 0.3597 0.1685 0.1681 0.2306 0.3357 0.4650 0.4604 0.3105 0.1583 0.1812 0.2569 0.3773 0.4815 0.4254 0.2157 0.1574 0.2095 0.3086 0.4464 0.4686 0.3294 0.1594 0.1811 0.2607 0.3882 0.4799 0.4489 0.4799 0.3882 0.2607 0.1811 0.1594 0.3294 0.4686 0.4464 0.3086 0.2095 0.1574 0.2157 0.4254 0.4815 0.3773 0.2569 0.1812 0.1583 0.3105 0.4604 0.4650 0.3357 0.2306 0.1681 0.1685 0.3597 0.4728 0.4439 0.3132 0.2167 0.1615 0.1821 0.3880 0.4785 0.4247 0.2964 0.2062 0.1576 0.2037 0.4109 0.4815 0.4045 0.2805 0.1966 0.1558 0.2342 0.4294 0.4816 0.3855 0.2716
0.3851 0.4829 0.4203 0.2175 0.1565 0.2015 0.2887 0.4150 0.4803 0.3996 0.1912 0.1594 0.2116 0.3050 0.4348 0.4760 0.3745 0.1747 0.1643 0.2226 0.3222 0.4526 0.4691 0.3455 0.1648 0.1710 0.2358 0.3429 0.4693 0.4570 0.3013 0.1576 0.1825 0.2585 0.3785 0.4815 0.4264 0.2192 0.1570 0.2074 0.3042 0.4411 0.4712 0.3409 0.1612 0.1780 0.2545 0.3783 0.4818 0.4153 0.2979 0.4153 0.4818 0.3783 0.2545 0.1780 0.1612 0.3409 0.4712 0.4411 0.3042 0.2074 0.1570 0.2192 0.4264 0.4815 0.3785 0.2585 0.1825 0.1576 0.3013 0.4570 0.4693 0.3429 0.2358 0.1710 0.1648 0.3455 0.4691 0.4526 0.3222 0.2226 0.1643 0.1747 0.3745 0.4760 0.4348 0.3050 0.2116 0.1594 0.1912 0.3996 0.4803 0.4150 0.2887 0.2015 0.1565 0.2175 0.4203 0.4829 0.3851
0.4815 0.4101 0.2026 0.1577 0.2066 0.2971 0.4254 0.4784 0.3871 0.1815 0.1617 0.2172 0.3139 0.4444 0.4727 0.3601 0.1690 0.1675 0.2286 0.3314 0.4606 0.4648 0.3298 0.1617 0.1742 0.2416 0.3511 0.4734 0.4526 0.2890 0.1568 0.1846 0.2617 0.3818 0.4817 0.4254 0.2192 0.1569 0.2062 0.3015 0.4371 0.4730 0.3499 0.1632 0.1753 0.2491 0.3701 0.4812 0.4250 0.2143 0.1492 0.2143 0.4250 0.4812 0.3701 0.2491 0.1753 0.1632 0.3499 0.4730 0.4371 0.3015 0.2062 0.1569 0.2192 0.4254 0.4817 0.3818 0.2617 0.1846 0.1568 0.2890 0.4526 0.4734 0.3511 0.2416 0.1742 0.1617 0.3298 0.4648 0.4606 0.3314 0.2286 0.1675 0.1690 0.3601 0.4727 0.4444 0.3139 0.2172 0.1617 0.1815 0.3871 0.4784 0.4254 0.2971 0.2066 0.1577 0.2026 0.4101 0.4815
0.4098 0.1905 0.1595 0.2120 0.3057 0.4355 0.4757 0.3735 0.1742 0.1646 0.2230 0.3229 0.4533 0.4689 0.3448 0.1647 0.1708 0.2350 0.3409 0.4674 0.4597 0.3130 0.1592 0.1778 0.2480 0.3601 0.4769 0.4471 0.2745 0.1561 0.1875 0.2661 0.3871 0.4819 0.4224 0.2157 0.1570 0.2062 0.3006 0.4350 0.4741 0.3561 0.1649 0.1733 0.2447 0.3630 0.4799 0.4327 0.2245 0.1547 0.1743 0.1547 0.2245 0.4327 0.4799 0.3630 0.2447 0.1733 0.1649 0.3561 0.4741 0.4350 0.3006 0.2062 0.1570 0.2157 0.4224 0.4819 0.3871 0.2661 0.1875 0.1561 0.2745 0.4471 0.4769 0.3601 0.2480 0.1778 0.1592 0.3130 0.4597 0.4674 0.3409 0.2350 0.1708 0.1647 0.3448 0.4689 0.4533 0.3229 0.2230 0.1646 0.1742 0.3735 0.4757 0.4355 0.3057 0.2120 0.1595 0.1905 0.4098
0.2077 0.1621 0.2176 0.3145 0.4451 0.4725 0.3590 0.1687 0.1677 0.2291 0.3322 0.4612 0.4644 0.3286 0.1615 0.1743 0.2415 0.3505 0.4728 0.4540 0.2953 0.1575 0.1817 0.2549 0.3697 0.4795 0.4406 0.2585 0.1557 0.1909 0.2717 0.3941 0.4820 0.4176 0.2093 0.1574 0.2074 0.3015 0.4350 0.4744 0.3593 0.1661 0.1718 0.2414 0.3575 0.4783 0.4383 0.2383 0.1564 0.2011 0.2466 0.2011 0.1564 0.2383 0.4383 0.4783 0.3575 0.2414 0.1718 0.1661 0.3593 0.4744 0.4350 0.3015 0.2074 0.1574 0.2093 0.4176 0.4820 0.3941 0.2717 0.1909 0.1557 0.2585 0.4406 0.4795 0.3697 0.2549 0.1817 0.1575 0.2953 0.4540 0.4728 0.3505 0.2415 0.1743 0.1615 0.3286 0.4644 0.4612 0.3322 0.2291 0.1677 0.1687 0.3590 0.4725 0.4451 0.3145 0.2176 0.1621 0.2077
0.1892 0.2239 0.3235 0.4539 0.4686 0.3437 0.1645 0.1711 0.2355 0.3416 0.4678 0.4593 0.3116 0.1590 0.1781 0.2484 0.3604 0.4768 0.4476 0.2772 0.1563 0.1859 0.2623 0.3798 0.4812 0.4331 0.2416 0.1557 0.1949 0.2782 0.4023 0.4816 0.4107 0.2011 0.1582 0.2095 0.3042 0.4371 0.4741 0.3593 0.1666 0.1711 0.2394 0.3536 0.4768 0.4425 0.2497 0.1558 0.2010 0.2928 0.3693 0.2928 0.2010 0.1558 0.2497 0.4425 0.4768 0.3536 0.2394 0.1711 0.1666 0.3593 0.4741 0.4371 0.3042 0.2095 0.1582 0.2011 0.4107 0.4816 0.4023 0.2782 0.1949 0.1557 0.2416 0.4331 0.4812 0.3798 0.2623 0.1859 0.1563 0.2772 0.4476 0.4768 0.3604 0.2484 0.1781 0.1590 0.3116 0.4593 0.4678 0.3416 0.2355 0.1711 0.1645 0.3437 0.4686 0.4539 0.3235 0.2239 0.1892
0.2410 0.3338 0.4616 0.4640 0.3274 0.1613 0.1746 0.2421 0.3513 0.4731 0.4535 0.2939 0.1573 0.1820 0.2555 0.3704 0.4796 0.4404 0.2588 0.1557 0.1903 0.2698 0.3902 0.4820 0.4244 0.2246 0.1561 0.1994 0.2855 0.4115 0.4807 0.4019 0.1922 0.1595 0.2127 0.3086 0.4411 0.4730 0.3561 0.1661 0.1711 0.2387 0.3515 0.4757 0.4453 0.2584 0.1556 0.1974 0.2892 0.4258 0.4770 0.4258 0.2892 0.1974 0.1556 0.2584 0.4453 0.4757 0.3515 0.2387 0.1711 0.1661 0.3561 0.4730 0.4411 0.3086 0.2127 0.1595 0.1922 0.4019 0.4807 0.4115 0.2855 0.1994 0.1561 0.2246 0.4244 0.4820 0.3902 0.2698 0.1903 0.1557 0.2588 0.4404 0.4796 0.3704 0.2555 0.1820 0.1573 0.2939 0.4535 0.4731 0.3513 0.2421 0.1746 0.1613 0.3274 0.4640 0.4616 0.3338 0.2410
0.3384 0.4696 0.4588 0.3103 0.1589 0.1784 0.2489 0.3611 0.4771 0.4470 0.2757 0.1562 0.1862 0.2628 0.3806 0.4813 0.4325 0.2407 0.1557 0.1948 0.2776 0.4007 0.4818 0.4147 0.2088 0.1571 0.2043 0.2934 0.4211 0.4792 0.3914 0.1838 0.1612 0.2168 0.3143 0.4464 0.4712 0.3499 0.1649 0.1718 0.2394 0.3515 0.4753 0.4467 0.2638 0.1556 0.1951 0.2839 0.4177 0.4758 0.4311 0.4758 0.4177 0.2839 0.1951 0.1556 0.2638 0.4467 0.4753 0.3515 0.2394 0.1718 0.1649 0.3499 0.4712 0.4464 0.3143 0.2168 0.1612 0.1838 0.3914 0.4792 0.4211 0.2934 0.2043 0.1571 0.2088 0.4147 0.4818 0.4007 0.2776 0.1948 0.1557 0.2407 0.4325 0.4813 0.3806 0.2628 0.1862 0.1562 0.2757 0.4470 0.4771 0.3611 0.2489 0.1784 0.1589 0.3103 0.4588 0.4696 0.3384
0.4652 0.4532 0.2926 0.1572 0.1823 0.2560 0.3712 0.4798 0.4399 0.2574 0.1557 0.1906 0.2704 0.3909 0.4820 0.4238 0.2234 0.1562 0.1997 0.2857 0.4112 0.4808 0.4039 0.1954 0.1587 0.2096 0.3019 0.4311 0.4769 0.3791 0.1767 0.1636 0.2215 0.3213 0.4527 0.4686 0.3409 0.1632 0.1733 0.2414 0.3536 0.4757 0.4467 0.2657 0.1556 0.1937 0.2807 0.4120 0.4793 0.3844 0.2482 0.3844 0.4793 0.4120 0.2807 0.1937 0.1556 0.2657 0.4467 0.4757 0.3536 0.2414 0.1733 0.1632 0.3409 0.4686 0.4527 0.3213 0.2215 0.1636 0.1767 0.3791 0.4769 0.4311 0.3019 0.2096 0.1587 0.1954 0.4039 0.4808 0.4112 0.2857 0.1997 0.1562 0.2234 0.4238 0.4820 0.3909 0.2704 0.1906 0.1557 0.2574 0.4399 0.4798 0.3712 0.2560 0.1823 0.1572 0.2926 0.4532 0.4652
0.4543 0.2743 0.1561 0.1865 0.2634 0.3814 0.4814 0.4319 0.2393 0.1557 0.1952 0.2782 0.4015 0.4818 0.4140 0.2078 0.1572 0.2047 0.2940 0.4217 0.4791 0.3917 0.1847 0.1608 0.2151 0.3106 0.4410 0.4740 0.3654 0.1709 0.1664 0.2269 0.3292 0.4593 0.4651 0.3294 0.1612 0.1753 0.2447 0.3575 0.4768 0.4453 0.2638 0.1556 0.1932 0.2791 0.4088 0.4803 0.3898 0.1780 0.1487 0.1780 0.3898 0.4803 0.4088 0.2791 0.1932 0.1556 0.2638 0.4453 0.4768 0.3575 0.2447 0.1753 0.1612 0.3294 0.4651 0.4593 0.3292 0.2269 0.1664 0.1709 0.3654 0.4740 0.4410 0.3106 0.2151 0.1608 0.1847 0.3917 0.4791 0.4217 0.2940 0.2047 0.1572 0.2078 0.4140 0.4818 0.4015 0.2782 0.1952 0.1557 0.2393 0.4319 0.4814 0.3814 0.2634 0.1865 0.1561 0.2743 0.4543
0.2765 0.1558 0.1909 0.2710 0.3918 0.4820 0.4230 0.2221 0.1562 0.2000 0.2863 0.4120 0.4807 0.4030 0.1945 0.1588 0.2100 0.3025 0.4319 0.4768 0.3785 0.1766 0.1635 0.2209 0.3196 0.4502 0.4704 0.3505 0.1662 0.1696 0.2328 0.3379 0.4656 0.4609 0.3157 0.1594 0.1780 0.2491 0.3630 0.4783 0.4425 0.2584 0.1556 0.1937 0.2791 0.4077 0.4806 0.3942 0.1805 0.1614 0.1877 0.1614 0.1805 0.3942 0.4806 0.4077 0.2791 0.1937 0.1556 0.2584 0.4425 0.4783 0.3630 0.2491 0.1780 0.1594 0.3157 0.4609 0.4656 0.3379 0.2328 0.1696 0.1662 0.3505 0.4704 0.4502 0.3196 0.2209 0.1635 0.1766 0.3785 0.4768 0.4319 0.3025 0.2100 0.1588 0.1945 0.4030 0.4807 0.4120 0.2863 0.2000 0.1562 0.2221 0.4230 0.4820 0.3918 0.2710 0.1909 0.1558 0.2765
0.1835 0.1959 0.2788 0.4023 0.4817 0.4132 0.2066 0.1573 0.2051 0.2946 0.4225 0.4790 0.3908 0.1841 0.1610 0.2155 0.3113 0.4417 0.4737 0.3644 0.1705 0.1666 0.2269 0.3288 0.4584 0.4661 0.3346 0.1626 0.1730 0.2392 0.3471 0.4711 0.4558 0.3002 0.1578 0.1811 0.2544 0.3701 0.4799 0.4383 0.2497 0.1556 0.1951 0.2807 0.4088 0.4805 0.3956 0.1825 0.1634 0.2209 0.2734 0.2208 0.1634 0.1825 0.3956 0.4806 0.4088 0.2807 0.1951 0.1556 0.2497 0.4383 0.4799 0.3701 0.2545 0.1811 0.1578 0.3002 0.4558 0.4711 0.3471 0.2392 0.1730 0.1626 0.3346 0.4661 0.4584 0.3288 0.2269 0.1666 0.1705 0.3643 0.4737 0.4417 0.3113 0.2155 0.1610 0.1841 0.3908 0.4790 0.4225 0.2946 0.2051 0.1573 0.2066 0.4131 0.4817 0.4023 0.2788 0.1959 0.1835
0.2168 0.2876 0.4127 0.4806 0.4021 0.1936 0.1590 0.2104 0.3032 0.4327 0.4766 0.3775 0.1761 0.1637 0.2213 0.3203 0.4509 0.4700 0.3493 0.1659 0.1698 0.2331 0.3382 0.4656 0.4612 0.3179 0.1599 0.1767 0.2459 0.3568 0.4755 0.4499 0.2834 0.1566 0.1847 0.2606 0.3782 0.4812 0.4327 0.2384 0.1558 0.1973 0.2838 0.4119 0.4802 0.3943 0.1825 0.1628 0.2232 0.3275 0.4103 0.3276 0.2232 0.1628 0.1825 0.3942 0.4803 0.4120 0.2839 0.1974 0.1558 0.2383 0.4327 0.4812 0.3783 0.2607 0.1848 0.1566 0.2833 0.4499 0.4755 0.3568 0.2460 0.1768 0.1599 0.3178 0.4612 0.4656 0.3382 0.2332 0.1699 0.1659 0.3492 0.4701 0.4509 0.3203 0.2214 0.1638 0.1761 0.3775 0.4766 0.4327 0.3032 0.2105 0.1590 0.1936 0.4021 0.4807 0.4127 0.2877 0.2169
0.2973 0.4246 0.4788 0.3898 0.1833 0.1612 0.2159 0.3120 0.4424 0.4735 0.3633 0.1701 0.1668 0.2273 0.3295 0.4590 0.4657 0.3333 0.1623 0.1733 0.2396 0.3477 0.4714 0.4557 0.3004 0.1579 0.1806 0.2529 0.3667 0.4788 0.4431 0.2654 0.1558 0.1887 0.2674 0.3872 0.4819 0.4257 0.2255 0.1562 0.2004 0.2883 0.4168 0.4796 0.3905 0.1809 0.1630 0.2225 0.3273 0.4618 0.4753 0.4623 0.3282 0.2232 0.1634 0.1805 0.3898 0.4793 0.4177 0.2892 0.2010 0.1564 0.2245 0.4250 0.4818 0.3882 0.2682 0.1893 0.1560 0.2646 0.4425 0.4788 0.3674 0.2535 0.1810 0.1580 0.2996 0.4552 0.4716 0.3484 0.2403 0.1737 0.1624 0.3326 0.4653 0.4595 0.3302 0.2280 0.1672 0.1700 0.3626 0.4731 0.4430 0.3127 0.2166 0.1615 0.1831 0.3892 0.4785 0.4252 0.2976
0.4212 0.4770 0.3765 0.1756 0.1639 0.2217 0.3210 0.4515 0.4698 0.3482 0.1656 0.1701 0.2336 0.3389 0.4661 0.4608 0.3166 0.1597 0.1770 0.2464 0.3575 0.4758 0.4495 0.2824 0.1566 0.1847 0.2601 0.3769 0.4808 0.4355 0.2472 0.1556 0.1931 0.2748 0.3970 0.4819 0.4175 0.2120 0.1570 0.2041 0.2941 0.4233 0.4784 0.3845 0.1779 0.1638 0.2236 0.3274 0.4611 0.4588 0.3889 0.4567 0.4623 0.3276 0.2208 0.1614 0.1780 0.3844 0.4758 0.4258 0.2928 0.2011 0.1547 0.2143 0.4153 0.4799 0.3996 0.2728 0.1900 0.1536 0.2509 0.4329 0.4794 0.3787 0.2574 0.1816 0.1549 0.2862 0.4465 0.4752 0.3586 0.2435 0.1740 0.1584 0.3202 0.4578 0.4664 0.3391 0.2305 0.1672 0.1648 0.3506 0.4668 0.4528 0.3204 0.2186 0.1612 0.1757 0.3776 0.4744 0.4215
0.4772 0.3621 0.1697 0.1671 0.2278 0.3302 0.4596 0.4654 0.3321 0.1621 0.1736 0.2402 0.3485 0.4718 0.4552 0.2990 0.1578 0.1809 0.2534 0.3675 0.4790 0.4426 0.2641 0.1558 0.1890 0.2677 0.3872 0.4819 0.4270 0.2295 0.1559 0.1979 0.2828 0.4074 0.4813 0.4077 0.1992 0.1582 0.2085 0.3008 0.4309 0.4767 0.3762 0.1743 0.1653 0.2259 0.3300 0.4620 0.4609 0.3130 0.2231 0.3899 0.4752 0.4103 0.2734 0.1877 0.1487 0.2482 0.4311 0.4770 0.3693 0.2466 0.1743 0.1492 0.2979 0.4489 0.4706 0.3443 0.2310 0.1665 0.1540 0.3315 0.4594 0.4597 0.3242 0.2186 0.1605 0.1629 0.3599 0.4673 0.4440 0.3055 0.2074 0.1552 0.1786 0.3851 0.4731 0.4247 0.2879 0.1972 0.1513 0.2039 0.4063 0.4766 0.4036 0.2714 0.1879 0.1487 0.2367 0.4236 0.4760
0.3610 0.1655 0.1706 0.2345 0.3400 0.4667 0.4602 0.3148 0.1596 0.1775 0.2473 0.3587 0.4762 0.4487 0.2805 0.1566 0.1853 0.2611 0.3780 0.4809 0.4346 0.2454 0.1558 0.1938 0.2758 0.3981 0.4818 0.4173 0.2128 0.1569 0.2032 0.2914 0.4183 0.4797 0.3959 0.1879 0.1602 0.2138 0.3088 0.4395 0.4742 0.3653 0.1703 0.1674 0.2295 0.3346 0.4647 0.4601 0.3068 0.1627 0.3383 0.4590 0.4619 0.3276 0.2209 0.1614 0.1780 0.3844 0.4758 0.4258 0.2928 0.2011 0.1547 0.2143 0.4153 0.4799 0.3996 0.2728 0.1900 0.1536 0.2509 0.4329 0.4794 0.3787 0.2574 0.1816 0.1549 0.2862 0.4465 0.4752 0.3586 0.2435 0.1740 0.1584 0.3202 0.4578 0.4664 0.3391 0.2305 0.1672 0.1648 0.3506 0.4668 0.4528 0.3204 0.2186 0.1612 0.1757 0.3776 0.4744 0.4215
0.1896 0.1726 0.2392 0.3502 0.4719 0.4527 0.2994 0.1568 0.1797 0.2528 0.3696 0.4783 0.4401 0.2643 0.1548 0.1878 0.2673 0.3895 0.4805 0.4248 0.2296 0.1548 0.1967 0.2828 0.4097 0.4795 0.4064 0.1997 0.1569 0.2065 0.2992 0.4295 0.4758 0.3840 0.1793 0.1612 0.2175 0.3169 0.4485 0.4694 0.3544 0.1661 0.1685 0.2326 0.3410 0.4681 0.4562 0.3018 0.1537 0.1797 0.4860 0.4594 0.3278 0.2232 0.1634 0.1805 0.3898 0.4793 0.4177 0.2892 0.2010 0.1564 0.2245 0.4250 0.4818 0.3882 0.2682 0.1893 0.1560 0.2646 0.4425 0.4788 0.3674 0.2535 0.1810 0.1580 0.2996 0.4552 0.4716 0.3484 0.2403 0.1737 0.1624 0.3326 0.4653 0.4595 0.3302 0.2280 0.1672 0.1700 0.3626 0.4731 0.4430 0.3127 0.2166 0.1615 0.1831 0.3892 0.4785 0.4252 0.2976
0.1856 0.2186 0.3230 0.4591 0.4605 0.3344 0.1558 0.1661 0.2301 0.3427 0.4702 0.4504 0.3031 0.1509 0.1729 0.2433 0.3633 0.4763 0.4380 0.2692 0.1490 0.1805 0.2577 0.3845 0.4781 0.4230 0.2345 0.1493 0.1890 0.2732 0.4061 0.4769 0.4046 0.2016 0.1518 0.1989 0.2912 0.4293 0.4725 0.3785 0.1735 0.1577 0.2137 0.3180 0.4573 0.4609 0.3298 0.1554 0.1669 0.2167 0.3612 0.3260 0.2236 0.1629 0.1825 0.3942 0.4803 0.4120 0.2839 0.1974 0.1558 0.2383 0.4327 0.4812 0.3783 0.2607 0.1848 0.1566 0.2833 0.4499 0.4755 0.3568 0.2460 0.1768 0.1599 0.3178 0.4612 0.4656 0.3382 0.2332 0.1699 0.1659 0.3492 0.4701 0.4509 0.3203 0.2214 0.1638 0.1761 0.3775 0.4766 0.4327 0.3032 0.2105 0.1590 0.1936 0.4021 0.4807 0.4127 0.2877 0.2169
0.1812 0.1912 0.2751 0.4049 0.4792 0.4107 0.2103 0.1542 0.2005 0.2918 0.4254 0.4760 0.3900 0.1854 0.1575 0.2109 0.3093 0.4442 0.4703 0.3655 0.1702 0.1628 0.2223 0.3278 0.4599 0.4624 0.3376 0.1613 0.1690 0.2347 0.3473 0.4713 0.4520 0.3045 0.1558 0.1770 0.2504 0.3719 0.4787 0.4344 0.2545 0.1529 0.1907 0.2775 0.4122 0.4777 0.3933 0.1834 0.1598 0.2125 0.2702 0.2215 0.1635 0.1825 0.3956 0.4806 0.4088 0.2807 0.1951 0.1556 0.2497 0.4383 0.4799 0.3701 0.2545 0.1811 0.1578 0.3002 0.4558 0.4711 0.3471 0.2392 0.1730 0.1626 0.3346 0.4661 0.4584 0.3288 0.2269 0.1666 0.1705 0.3643 0.4737 0.4417 0.3113 0.2155 0.1610 0.1841 0.3908 0.4790 0.4225 0.2946 0.2051 0.1573 0.2066 0.4131 0.4817 0.4023 0.2788 0.1959 0.1835
0.2757 0.1561 0.1916 0.2720 0.3928 0.4818 0.4222 0.2211 0.1566 0.2008 0.2874 0.4131 0.4804 0.4021 0.1938 0.1593 0.2108 0.3036 0.4329 0.4763 0.3776 0.1764 0.1640 0.2218 0.3207 0.4510 0.4697 0.3493 0.1661 0.1702 0.2337 0.3390 0.4662 0.4601 0.3142 0.1595 0.1787 0.2502 0.3643 0.4785 0.4415 0.2568 0.1559 0.1946 0.2804 0.4091 0.4802 0.3929 0.1800 0.1621 0.1881 0.1615 0.1805 0.3942 0.4806 0.4077 0.2791 0.1937 0.1556 0.2584 0.4425 0.4783 0.3630 0.2491 0.1780 0.1594 0.3157 0.4609 0.4656 0.3379 0.2328 0.1696 0.1662 0.3505 0.4704 0.4502 0.3196 0.2209 0.1635 0.1766 0.3785 0.4768 0.4319 0.3025 0.2100 0.1588 0.1945 0.4030 0.4807 0.4120 0.2863 0.2000 0.1562 0.2221 0.4230 0.4820 0.3918 0.2710 0.1909 0.1558 0.2765
