0.4839 0.4825 0.4805 0.4702 0.4524 0.4267 0.3926 0.3490 0.2956 0.2353 0.1828 0.1578 0.1466 0.1401 0.1365 0.1350 0.1353 0.1374 0.1413 0.1470 0.1548 0.1647 0.1771 0.1921 0.2100 0.2311 0.2558 0.2841 0.3163 0.3519 0.3898 0.4272 0.4588 0.4775 0.4828 0.4784 0.4659 0.4459 0.4179 0.3811 0.3347 0.2787 0.2181 0.1732 0.1538 0.1444 0.1389 0.1359 0.1348 0.1350 0.1353 0.1350 0.1348 0.1359 0.1389 0.1444 0.1539 0.1732 0.2182 0.2789 0.3348 0.3812 0.4180 0.4460 0.4660 0.4784 0.4828 0.4775 0.4588 0.4272 0.3897 0.3518 0.3163 0.2841 0.2557 0.2311 0.2099 0.1920 0.1771 0.1647 0.1548 0.1470 0.1413 0.1374 0.1353 0.1350 0.1365 0.1401 0.1466 0.1578 0.1828 0.2353 0.2956 0.3490 0.3926 0.4267 0.4524 0.4702 0.4805 0.4825 0.4839
0.4825 0.4695 0.4592 0.4417 0.4167 0.3835 0.3412 0.2895 0.2310 0.1802 0.1561 0.1457 0.1397 0.1364 0.1352 0.1357 0.1381 0.1422 0.1482 0.1562 0.1664 0.1790 0.1943 0.2124 0.2337 0.2585 0.2868 0.3187 0.3536 0.3901 0.4252 0.4532 0.4685 0.4722 0.4672 0.4549 0.4353 0.4080 0.3723 0.3273 0.2731 0.2142 0.1708 0.1523 0.1436 0.1386 0.1359 0.1351 0.1359 0.1375 0.1384 0.1375 0.1359 0.1351 0.1359 0.1386 0.1436 0.1523 0.1708 0.2143 0.2732 0.3274 0.3723 0.4080 0.4353 0.4549 0.4672 0.4722 0.4685 0.4531 0.4251 0.3900 0.3535 0.3187 0.2868 0.2585 0.2337 0.2124 0.1942 0.1790 0.1664 0.1562 0.1482 0.1422 0.1381 0.1357 0.1352 0.1364 0.1397 0.1457 0.1561 0.1802 0.2310 0.2895 0.3412 0.3835 0.4167 0.4417 0.4592 0.4695 0.4825
0.4805 0.4592 0.4414 0.4161 0.3825 0.3398 0.2878 0.2291 0.1790 0.1556 0.1454 0.1396 0.1363 0.1352 0.1358 0.1382 0.1424 0.1484 0.1565 0.1668 0.1795 0.1948 0.2131 0.2345 0.2594 0.2879 0.3198 0.3548 0.3913 0.4263 0.4539 0.4688 0.4721 0.4669 0.4544 0.4345 0.4069 0.3709 0.3255 0.2711 0.2122 0.1698 0.1519 0.1434 0.1384 0.1358 0.1352 0.1362 0.1387 0.1416 0.1432 0.1416 0.1387 0.1362 0.1352 0.1358 0.1384 0.1434 0.1519 0.1699 0.2124 0.2712 0.3256 0.3709 0.4069 0.4345 0.4543 0.4669 0.4721 0.4688 0.4539 0.4263 0.3913 0.3547 0.3198 0.2878 0.2593 0.2345 0.2130 0.1948 0.1795 0.1668 0.1565 0.1484 0.1424 0.1382 0.1358 0.1352 0.1363 0.1396 0.1454 0.1556 0.1790 0.2291 0.2878 0.3398 0.3825 0.4161 0.4414 0.4592 0.4805
0.4702 0.4417 0.4161 0.3821 0.3389 0.2865 0.2275 0.1779 0.1551 0.1452 0.1394 0.1363 0.1352 0.1358 0.1383 0.1426 0.1487 0.1568 0.1672 0.1800 0.1954 0.2137 0.2353 0.2603 0.2889 0.3210 0.3560 0.3925 0.4274 0.4547 0.4691 0.4721 0.4666 0.4538 0.4337 0.4059 0.3695 0.3238 0.2691 0.2104 0.1689 0.1515 0.1432 0.1383 0.1358 0.1352 0.1363 0.1392 0.1434 0.1478 0.1500 0.1478 0.1434 0.1392 0.1363 0.1352 0.1358 0.1383 0.1432 0.1516 0.1689 0.2104 0.2691 0.3238 0.3695 0.4058 0.4337 0.4538 0.4666 0.4721 0.4691 0.4546 0.4274 0.3925 0.3559 0.3209 0.2888 0.2602 0.2353 0.2137 0.1954 0.1800 0.1672 0.1568 0.1487 0.1426 0.1383 0.1358 0.1352 0.1363 0.1394 0.1452 0.1551 0.1779 0.2275 0.2865 0.3389 0.3821 0.4161 0.4417 0.4702
0.4524 0.4167 0.3825 0.3389 0.2860 0.2266 0.1772 0.1548 0.1450 0.1393 0.1362 0.1351 0.1359 0.1384 0.1427 0.1489 0.1572 0.1676 0.1804 0.1959 0.2144 0.2361 0.2612 0.2899 0.3221 0.3572 0.3938 0.4285 0.4554 0.4694 0.4720 0.4663 0.4532 0.4329 0.4048 0.3681 0.3222 0.2671 0.2085 0.1680 0.1512 0.1430 0.1382 0.1357 0.1352 0.1364 0.1394 0.1441 0.1501 0.1562 0.1591 0.1562 0.1501 0.1441 0.1394 0.1364 0.1352 0.1357 0.1382 0.1430 0.1512 0.1680 0.2084 0.2671 0.3220 0.3681 0.4047 0.4328 0.4532 0.4663 0.4720 0.4693 0.4553 0.4284 0.3937 0.3572 0.3220 0.2899 0.2611 0.2360 0.2144 0.1959 0.1804 0.1676 0.1572 0.1489 0.1427 0.1384 0.1359 0.1351 0.1362 0.1393 0.1450 0.1548 0.1772 0.2266 0.2860 0.3389 0.3825 0.4167 0.4524
0.4267 0.3835 0.3398 0.2865 0.2266 0.1770 0.1546 0.1448 0.1392 0.1362 0.1351 0.1359 0.1385 0.1429 0.1492 0.1575 0.1680 0.1809 0.1965 0.2151 0.2369 0.2621 0.2909 0.3233 0.3584 0.3950 0.4295 0.4561 0.4696 0.4719 0.4660 0.4527 0.4321 0.4037 0.3668 0.3205 0.2652 0.2067 0.1672 0.1508 0.1428 0.1380 0.1357 0.1352 0.1365 0.1396 0.1445 0.1511 0.1591 0.1669 0.1706 0.1669 0.1591 0.1511 0.1445 0.1396 0.1365 0.1352 0.1357 0.1380 0.1427 0.1508 0.1671 0.2065 0.2650 0.3203 0.3667 0.4036 0.4320 0.4527 0.4660 0.4719 0.4696 0.4560 0.4295 0.3949 0.3584 0.3232 0.2909 0.2621 0.2368 0.2151 0.1965 0.1809 0.1680 0.1575 0.1492 0.1429 0.1385 0.1359 0.1351 0.1362 0.1392 0.1448 0.1546 0.1770 0.2266 0.2865 0.3398 0.3835 0.4267
0.3926 0.3412 0.2878 0.2275 0.1772 0.1546 0.1448 0.1392 0.1361 0.1351 0.1360 0.1386 0.1431 0.1494 0.1578 0.1684 0.1814 0.1971 0.2158 0.2376 0.2630 0.2920 0.3244 0.3597 0.3962 0.4306 0.4567 0.4698 0.4719 0.4656 0.4521 0.4312 0.4026 0.3654 0.3188 0.2633 0.2049 0.1664 0.1505 0.1426 0.1379 0.1356 0.1352 0.1366 0.1398 0.1447 0.1516 0.1603 0.1705 0.1802 0.1848 0.1802 0.1705 0.1603 0.1516 0.1447 0.1398 0.1366 0.1352 0.1356 0.1379 0.1425 0.1505 0.1663 0.2047 0.2631 0.3186 0.3653 0.4025 0.4312 0.4521 0.4657 0.4719 0.4698 0.4567 0.4305 0.3962 0.3596 0.3244 0.2919 0.2630 0.2376 0.2158 0.1971 0.1814 0.1684 0.1578 0.1494 0.1431 0.1386 0.1360 0.1351 0.1361 0.1392 0.1448 0.1546 0.1772 0.2275 0.2878 0.3412 0.3926
0.3490 0.2895 0.2291 0.1779 0.1548 0.1448 0.1392 0.1361 0.1351 0.1360 0.1387 0.1432 0.1496 0.1581 0.1687 0.1819 0.1977 0.2164 0.2384 0.2639 0.2930 0.3255 0.3609 0.3974 0.4316 0.4574 0.4701 0.4718 0.4653 0.4515 0.4304 0.4015 0.3639 0.3170 0.2613 0.2032 0.1656 0.1502 0.1424 0.1378 0.1356 0.1352 0.1367 0.1399 0.1449 0.1519 0.1609 0.1720 0.1845 0.1964 0.2019 0.1964 0.1845 0.1720 0.1609 0.1519 0.1449 0.1399 0.1367 0.1352 0.1356 0.1378 0.1423 0.1501 0.1655 0.2030 0.2611 0.3169 0.3639 0.4014 0.4304 0.4515 0.4653 0.4718 0.4701 0.4573 0.4316 0.3974 0.3608 0.3255 0.2930 0.2639 0.2384 0.2164 0.1977 0.1819 0.1687 0.1581 0.1496 0.1432 0.1387 0.1360 0.1351 0.1361 0.1392 0.1448 0.1548 0.1779 0.2291 0.2895 0.3490
0.2956 0.2310 0.1790 0.1551 0.1450 0.1392 0.1361 0.1351 0.1360 0.1387 0.1433 0.1497 0.1583 0.1690 0.1823 0.1982 0.2171 0.2392 0.2648 0.2940 0.3267 0.3622 0.3987 0.4327 0.4580 0.4703 0.4717 0.4650 0.4509 0.4295 0.4003 0.3625 0.3153 0.2593 0.2014 0.1648 0.1498 0.1422 0.1377 0.1355 0.1353 0.1368 0.1400 0.1451 0.1522 0.1613 0.1727 0.1863 0.2015 0.2157 0.2224 0.2157 0.2015 0.1863 0.1727 0.1613 0.1522 0.1451 0.1400 0.1368 0.1353 0.1355 0.1377 0.1421 0.1498 0.1647 0.2013 0.2591 0.3152 0.3625 0.4003 0.4296 0.4509 0.4650 0.4717 0.4703 0.4580 0.4326 0.3986 0.3621 0.3267 0.2940 0.2648 0.2392 0.2171 0.1982 0.1823 0.1690 0.1583 0.1497 0.1433 0.1387 0.1360 0.1351 0.1361 0.1392 0.1450 0.1551 0.1790 0.2310 0.2956
0.2353 0.1802 0.1556 0.1452 0.1393 0.1362 0.1351 0.1360 0.1387 0.1433 0.1498 0.1584 0.1693 0.1826 0.1986 0.2177 0.2399 0.2657 0.2951 0.3278 0.3634 0.3999 0.4337 0.4586 0.4705 0.4716 0.4646 0.4503 0.4287 0.3992 0.3610 0.3135 0.2573 0.1997 0.1641 0.1495 0.1420 0.1376 0.1355 0.1353 0.1368 0.1402 0.1453 0.1525 0.1617 0.1732 0.1872 0.2036 0.2218 0.2386 0.2465 0.2386 0.2218 0.2036 0.1872 0.1732 0.1617 0.1525 0.1454 0.1402 0.1368 0.1353 0.1355 0.1376 0.1420 0.1495 0.1640 0.1996 0.2572 0.3135 0.3611 0.3992 0.4287 0.4503 0.4646 0.4716 0.4705 0.4586 0.4337 0.3998 0.3633 0.3278 0.2951 0.2657 0.2399 0.2177 0.1986 0.1826 0.1693 0.1584 0.1498 0.1433 0.1387 0.1360 0.1351 0.1362 0.1393 0.1452 0.1556 0.1802 0.2353
0.1828 0.1561 0.1454 0.1394 0.1362 0.1351 0.1360 0.1387 0.1433 0.1498 0.1585 0.1694 0.1828 0.1990 0.2181 0.2406 0.2665 0.2960 0.3289 0.3645 0.4011 0.4347 0.4593 0.4707 0.4715 0.4643 0.4497 0.4278 0.3981 0.3596 0.3117 0.2553 0.1980 0.1633 0.1492 0.1418 0.1375 0.1355 0.1353 0.1369 0.1403 0.1455 0.1527 0.1620 0.1736 0.1878 0.2046 0.2242 0.2456 0.2652 0.2744 0.2652 0.2456 0.2242 0.2046 0.1878 0.1736 0.1620 0.1527 0.1456 0.1403 0.1369 0.1353 0.1354 0.1375 0.1418 0.1491 0.1633 0.1979 0.2552 0.3117 0.3597 0.3981 0.4279 0.4497 0.4643 0.4715 0.4707 0.4592 0.4347 0.4010 0.3645 0.3289 0.2960 0.2665 0.2406 0.2181 0.1990 0.1828 0.1694 0.1585 0.1498 0.1433 0.1387 0.1360 0.1351 0.1362 0.1394 0.1454 0.1561 0.1828
0.1578 0.1457 0.1396 0.1363 0.1351 0.1359 0.1386 0.1432 0.1497 0.1584 0.1694 0.1829 0.1991 0.2184 0.2410 0.2671 0.2967 0.3298 0.3656 0.4022 0.4357 0.4598 0.4709 0.4714 0.4639 0.4491 0.4270 0.3969 0.3581 0.3099 0.2532 0.1963 0.1626 0.1489 0.1416 0.1374 0.1354 0.1353 0.1370 0.1405 0.1458 0.1530 0.1624 0.1741 0.1883 0.2053 0.2254 0.2483 0.2731 0.2957 0.3061 0.2957 0.2731 0.2483 0.2253 0.2053 0.1883 0.1741 0.1624 0.1530 0.1458 0.1405 0.1370 0.1353 0.1354 0.1374 0.1416 0.1488 0.1626 0.1963 0.2533 0.3100 0.3582 0.3970 0.4270 0.4491 0.4639 0.4714 0.4709 0.4598 0.4357 0.4022 0.3656 0.3298 0.2967 0.2671 0.2410 0.2184 0.1991 0.1829 0.1694 0.1584 0.1497 0.1432 0.1386 0.1359 0.1351 0.1363 0.1396 0.1457 0.1578
0.1466 0.1397 0.1364 0.1352 0.1359 0.1385 0.1431 0.1496 0.1583 0.1693 0.1828 0.1991 0.2185 0.2412 0.2674 0.2973 0.3305 0.3664 0.4031 0.4366 0.4604 0.4710 0.4712 0.4635 0.4485 0.4261 0.3958 0.3567 0.3082 0.2512 0.1947 0.1619 0.1485 0.1414 0.1373 0.1354 0.1353 0.1371 0.1406 0.1460 0.1533 0.1627 0.1745 0.1888 0.2060 0.2262 0.2497 0.2762 0.3045 0.3299 0.3415 0.3299 0.3045 0.2762 0.2497 0.2262 0.2060 0.1888 0.1745 0.1627 0.1533 0.1460 0.1406 0.1371 0.1353 0.1354 0.1373 0.1414 0.1485 0.1619 0.1947 0.2513 0.3082 0.3568 0.3958 0.4262 0.4485 0.4635 0.4712 0.4710 0.4604 0.4366 0.4031 0.3664 0.3305 0.2973 0.2674 0.2412 0.2185 0.1991 0.1828 0.1693 0.1583 0.1496 0.1431 0.1385 0.1359 0.1352 0.1363 0.1397 0.1466
0.1401 0.1364 0.1352 0.1358 0.1384 0.1429 0.1494 0.1581 0.1690 0.1826 0.1990 0.2184 0.2412 0.2675 0.2975 0.3309 0.3670 0.4038 0.4372 0.4608 0.4711 0.4711 0.4631 0.4479 0.4252 0.3946 0.3552 0.3064 0.2493 0.1931 0.1613 0.1482 0.1412 0.1372 0.1354 0.1354 0.1372 0.1408 0.1462 0.1536 0.1631 0.1749 0.1894 0.2066 0.2269 0.2506 0.2778 0.3080 0.3395 0.3670 0.3793 0.3670 0.3395 0.3080 0.2778 0.2506 0.2269 0.2066 0.1894 0.1750 0.1631 0.1536 0.1462 0.1408 0.1372 0.1354 0.1354 0.1372 0.1412 0.1482 0.1613 0.1931 0.2493 0.3065 0.3553 0.3947 0.4253 0.4479 0.4631 0.4711 0.4711 0.4608 0.4372 0.4038 0.3670 0.3309 0.2975 0.2675 0.2412 0.2184 0.1990 0.1826 0.1690 0.1581 0.1494 0.1429 0.1384 0.1358 0.1352 0.1364 0.1401
0.1365 0.1352 0.1358 0.1383 0.1427 0.1492 0.1578 0.1687 0.1823 0.1986 0.2181 0.2410 0.2674 0.2975 0.3311 0.3673 0.4042 0.4377 0.4611 0.4712 0.4710 0.4628 0.4473 0.4244 0.3935 0.3538 0.3046 0.2473 0.1915 0.1606 0.1479 0.1411 0.1371 0.1353 0.1354 0.1373 0.1409 0.1464 0.1538 0.1634 0.1754 0.1899 0.2072 0.2277 0.2515 0.2789 0.3097 0.3432 0.3769 0.4049 0.4168 0.4049 0.3769 0.3432 0.3097 0.2788 0.2515 0.2277 0.2072 0.1899 0.1754 0.1635 0.1539 0.1464 0.1409 0.1373 0.1354 0.1353 0.1371 0.1411 0.1479 0.1606 0.1916 0.2474 0.3047 0.3539 0.3935 0.4244 0.4473 0.4628 0.4710 0.4712 0.4611 0.4377 0.4042 0.3673 0.3311 0.2975 0.2674 0.2410 0.2181 0.1986 0.1823 0.1687 0.1578 0.1492 0.1427 0.1383 0.1358 0.1352 0.1365
0.1350 0.1357 0.1382 0.1425 0.1489 0.1575 0.1684 0.1819 0.1982 0.2177 0.2406 0.2671 0.2972 0.3309 0.3673 0.4043 0.4379 0.4613 0.4713 0.4709 0.4625 0.4468 0.4237 0.3925 0.3524 0.3029 0.2454 0.1901 0.1600 0.1476 0.1409 0.1370 0.1353 0.1354 0.1374 0.1411 0.1466 0.1541 0.1638 0.1758 0.1904 0.2078 0.2284 0.2523 0.2798 0.3109 0.3450 0.3807 0.4143 0.4391 0.4484 0.4391 0.4143 0.3807 0.3450 0.3109 0.2798 0.2523 0.2284 0.2079 0.1904 0.1758 0.1638 0.1541 0.1466 0.1411 0.1374 0.1354 0.1353 0.1370 0.1409 0.1476 0.1600 0.1901 0.2454 0.3029 0.3524 0.3925 0.4237 0.4468 0.4625 0.4709 0.4713 0.4613 0.4379 0.4043 0.3673 0.3309 0.2973 0.2671 0.2406 0.2177 0.1982 0.1819 0.1684 0.1575 0.1489 0.1426 0.1382 0.1357 0.1350
0.1353 0.1381 0.1424 0.1487 0.1572 0.1680 0.1814 0.1977 0.2171 0.2399 0.2665 0.2967 0.3305 0.3670 0.4042 0.4379 0.4614 0.4713 0.4709 0.4624 0.4465 0.4231 0.3916 0.3512 0.3013 0.2435 0.1887 0.1594 0.1474 0.1407 0.1369 0.1353 0.1355 0.1375 0.1412 0.1468 0.1544 0.1641 0.1762 0.1909 0.2085 0.2291 0.2532 0.2808 0.3120 0.3463 0.3826 0.4178 0.4463 0.4624 0.4670 0.4624 0.4463 0.4177 0.3826 0.3463 0.3120 0.2808 0.2532 0.2291 0.2085 0.1909 0.1763 0.1642 0.1544 0.1468 0.1412 0.1375 0.1355 0.1353 0.1369 0.1407 0.1474 0.1594 0.1887 0.2436 0.3013 0.3512 0.3916 0.4231 0.4465 0.4624 0.4709 0.4713 0.4614 0.4379 0.4042 0.3670 0.3305 0.2967 0.2665 0.2399 0.2171 0.1977 0.1814 0.1680 0.1572 0.1487 0.1424 0.1381 0.1353
0.1374 0.1422 0.1484 0.1568 0.1676 0.1809 0.1971 0.2164 0.2392 0.2657 0.2960 0.3298 0.3664 0.4038 0.4377 0.4613 0.4713 0.4708 0.4623 0.4463 0.4227 0.3909 0.3502 0.3000 0.2419 0.1874 0.1589 0.1471 0.1406 0.1368 0.1353 0.1355 0.1375 0.1414 0.1470 0.1547 0.1645 0.1767 0.1915 0.2091 0.2299 0.2541 0.2818 0.3131 0.3475 0.3839 0.4195 0.4488 0.4659 0.4716 0.4722 0.4716 0.4659 0.4488 0.4195 0.3839 0.3475 0.3131 0.2818 0.2541 0.2299 0.2091 0.1915 0.1767 0.1645 0.1547 0.1470 0.1414 0.1375 0.1355 0.1353 0.1368 0.1406 0.1471 0.1589 0.1874 0.2419 0.3000 0.3502 0.3909 0.4227 0.4463 0.4623 0.4708 0.4713 0.4613 0.4377 0.4038 0.3664 0.3298 0.2960 0.2657 0.2392 0.2164 0.1971 0.1809 0.1676 0.1568 0.1484 0.1422 0.1374
0.1413 0.1482 0.1565 0.1672 0.1804 0.1965 0.2158 0.2384 0.2648 0.2950 0.3289 0.3656 0.4031 0.4372 0.4611 0.4713 0.4709 0.4623 0.4462 0.4225 0.3905 0.3495 0.2989 0.2406 0.1864 0.1584 0.1469 0.1404 0.1368 0.1352 0.1356 0.1376 0.1415 0.1473 0.1550 0.1649 0.1771 0.1920 0.2097 0.2306 0.2549 0.2828 0.3142 0.3488 0.3852 0.4207 0.4500 0.4670 0.4722 0.4703 0.4679 0.4703 0.4722 0.4670 0.4500 0.4207 0.3852 0.3487 0.3142 0.2828 0.2549 0.2306 0.2097 0.1920 0.1771 0.1649 0.1550 0.1473 0.1415 0.1376 0.1356 0.1352 0.1368 0.1404 0.1469 0.1584 0.1864 0.2406 0.2989 0.3495 0.3905 0.4225 0.4462 0.4623 0.4709 0.4713 0.4611 0.4372 0.4031 0.3656 0.3289 0.2951 0.2648 0.2384 0.2158 0.1965 0.1804 0.1672 0.1565 0.1482 0.1413
0.1470 0.1562 0.1668 0.1800 0.1960 0.2151 0.2377 0.2639 0.2940 0.3278 0.3645 0.4021 0.4365 0.4608 0.4712 0.4709 0.4624 0.4463 0.4225 0.3904 0.3492 0.2984 0.2398 0.1856 0.1581 0.1467 0.1403 0.1367 0.1352 0.1356 0.1377 0.1417 0.1475 0.1553 0.1652 0.1776 0.1925 0.2104 0.2314 0.2558 0.2838 0.3153 0.3500 0.3864 0.4218 0.4509 0.4675 0.4722 0.4687 0.4606 0.4556 0.4606 0.4687 0.4722 0.4675 0.4509 0.4218 0.3864 0.3499 0.3153 0.2838 0.2558 0.2314 0.2104 0.1925 0.1776 0.1652 0.1553 0.1475 0.1417 0.1377 0.1356 0.1352 0.1367 0.1403 0.1467 0.1581 0.1856 0.2398 0.2984 0.3492 0.3904 0.4225 0.4463 0.4624 0.4709 0.4712 0.4608 0.4366 0.4022 0.3645 0.3278 0.2940 0.2639 0.2376 0.2151 0.1959 0.1800 0.1668 0.1562 0.1470
0.1548 0.1664 0.1795 0.1954 0.2144 0.2369 0.2630 0.2930 0.3267 0.3633 0.4010 0.4357 0.4604 0.4711 0.4710 0.4626 0.4465 0.4227 0.3906 0.3492 0.2982 0.2394 0.1851 0.1578 0.1465 0.1402 0.1366 0.1352 0.1356 0.1378 0.1418 0.1477 0.1556 0.1656 0.1780 0.1931 0.2110 0.2321 0.2566 0.2847 0.3164 0.3511 0.3876 0.4230 0.4516 0.4679 0.4722 0.4679 0.4572 0.4433 0.4355 0.4433 0.4572 0.4679 0.4722 0.4679 0.4517 0.4229 0.3876 0.3511 0.3164 0.2847 0.2566 0.2321 0.2110 0.1930 0.1780 0.1656 0.1556 0.1477 0.1418 0.1378 0.1356 0.1352 0.1366 0.1402 0.1465 0.1578 0.1851 0.2393 0.2982 0.3492 0.3905 0.4227 0.4465 0.4625 0.4710 0.4711 0.4604 0.4357 0.4010 0.3633 0.3267 0.2930 0.2630 0.2368 0.2144 0.1954 0.1795 0.1664 0.1548
0.1647 0.1790 0.1948 0.2138 0.2361 0.2621 0.2920 0.3256 0.3622 0.3999 0.4347 0.4598 0.4710 0.4711 0.4628 0.4469 0.4231 0.3909 0.3496 0.2984 0.2394 0.1850 0.1577 0.1464 0.1401 0.1366 0.1352 0.1357 0.1379 0.1420 0.1479 0.1558 0.1660 0.1785 0.1936 0.2116 0.2328 0.2575 0.2857 0.3175 0.3523 0.3888 0.4240 0.4524 0.4682 0.4722 0.4675 0.4557 0.4379 0.4179 0.4073 0.4179 0.4379 0.4557 0.4675 0.4722 0.4682 0.4524 0.4240 0.3888 0.3523 0.3174 0.2857 0.2575 0.2328 0.2116 0.1936 0.1785 0.1660 0.1558 0.1479 0.1420 0.1379 0.1357 0.1352 0.1366 0.1401 0.1464 0.1577 0.1850 0.2393 0.2984 0.3495 0.3909 0.4231 0.4468 0.4628 0.4711 0.4710 0.4598 0.4347 0.3998 0.3621 0.3255 0.2919 0.2621 0.2360 0.2137 0.1948 0.1790 0.1647
0.1771 0.1943 0.2131 0.2353 0.2612 0.2910 0.3245 0.3610 0.3987 0.4337 0.4592 0.4709 0.4712 0.4631 0.4473 0.4237 0.3916 0.3502 0.2990 0.2398 0.1852 0.1577 0.1464 0.1401 0.1366 0.1352 0.1357 0.1380 0.1421 0.1481 0.1561 0.1663 0.1789 0.1941 0.2123 0.2336 0.2583 0.2867 0.3186 0.3535 0.3900 0.4251 0.4531 0.4685 0.4722 0.4672 0.4549 0.4357 0.4105 0.3838 0.3700 0.3838 0.4105 0.4357 0.4550 0.4672 0.4722 0.4685 0.4531 0.4251 0.3899 0.3534 0.3185 0.2867 0.2583 0.2336 0.2123 0.1941 0.1789 0.1663 0.1561 0.1481 0.1421 0.1380 0.1357 0.1352 0.1366 0.1401 0.1464 0.1577 0.1851 0.2398 0.2989 0.3502 0.3916 0.4237 0.4473 0.4631 0.4712 0.4709 0.4592 0.4337 0.3986 0.3608 0.3244 0.2909 0.2611 0.2353 0.2130 0.1942 0.1771
0.1921 0.2124 0.2345 0.2603 0.2900 0.3233 0.3598 0.3975 0.4327 0.4587 0.4707 0.4714 0.4635 0.4479 0.4244 0.3925 0.3512 0.3000 0.2407 0.1856 0.1579 0.1464 0.1401 0.1366 0.1352 0.1357 0.1380 0.1422 0.1482 0.1563 0.1666 0.1793 0.1946 0.2129 0.2343 0.2592 0.2877 0.3196 0.3546 0.3911 0.4262 0.4538 0.4688 0.4721 0.4669 0.4544 0.4346 0.4076 0.3742 0.3401 0.3229 0.3401 0.3742 0.4076 0.4346 0.4544 0.4669 0.4721 0.4688 0.4538 0.4261 0.3911 0.3546 0.3196 0.2876 0.2592 0.2343 0.2128 0.1946 0.1793 0.1666 0.1563 0.1482 0.1422 0.1380 0.1357 0.1352 0.1366 0.1401 0.1464 0.1578 0.1856 0.2406 0.3000 0.3512 0.3925 0.4244 0.4479 0.4635 0.4714 0.4707 0.4586 0.4326 0.3974 0.3596 0.3232 0.2899 0.2602 0.2345 0.2124 0.1920
0.2100 0.2337 0.2594 0.2889 0.3222 0.3585 0.3963 0.4317 0.4580 0.4705 0.4715 0.4639 0.4485 0.4253 0.3935 0.3524 0.3014 0.2420 0.1864 0.1581 0.1465 0.1401 0.1366 0.1352 0.1357 0.1380 0.1422 0.1483 0.1565 0.1668 0.1796 0.1950 0.2134 0.2350 0.2600 0.2886 0.3207 0.3558 0.3923 0.4272 0.4545 0.4690 0.4721 0.4666 0.4538 0.4338 0.4060 0.3704 0.3281 0.2865 0.2664 0.2865 0.3281 0.3704 0.4061 0.4338 0.4539 0.4667 0.4721 0.4690 0.4545 0.4272 0.3923 0.3557 0.3207 0.2886 0.2600 0.2350 0.2134 0.1950 0.1796 0.1668 0.1565 0.1483 0.1422 0.1380 0.1357 0.1352 0.1366 0.1401 0.1465 0.1581 0.1864 0.2419 0.3013 0.3524 0.3935 0.4253 0.4485 0.4639 0.4715 0.4705 0.4580 0.4316 0.3962 0.3584 0.3220 0.2888 0.2593 0.2337 0.2099
0.2311 0.2585 0.2879 0.3210 0.3573 0.3950 0.4306 0.4574 0.4703 0.4716 0.4642 0.4491 0.4261 0.3947 0.3538 0.3029 0.2436 0.1875 0.1585 0.1467 0.1402 0.1366 0.1352 0.1357 0.1380 0.1422 0.1484 0.1566 0.1670 0.1798 0.1954 0.2138 0.2356 0.2607 0.2895 0.3218 0.3569 0.3935 0.4282 0.4552 0.4693 0.4720 0.4663 0.4533 0.4330 0.4049 0.3684 0.3233 0.2722 0.2265 0.2070 0.2265 0.2722 0.3234 0.3684 0.4049 0.4330 0.4533 0.4664 0.4720 0.4693 0.4552 0.4282 0.3935 0.3569 0.3217 0.2895 0.2607 0.2355 0.2138 0.1954 0.1798 0.1670 0.1566 0.1484 0.1422 0.1380 0.1357 0.1352 0.1366 0.1402 0.1467 0.1584 0.1874 0.2436 0.3029 0.3539 0.3947 0.4262 0.4491 0.4643 0.4716 0.4703 0.4573 0.4305 0.3949 0.3572 0.3209 0.2878 0.2585 0.2311
0.2558 0.2869 0.3199 0.3560 0.3938 0.4296 0.4567 0.4701 0.4717 0.4646 0.4497 0.4270 0.3958 0.3552 0.3047 0.2454 0.1887 0.1589 0.1469 0.1403 0.1366 0.1352 0.1357 0.1380 0.1422 0.1484 0.1566 0.1671 0.1800 0.1956 0.2142 0.2360 0.2613 0.2902 0.3226 0.3580 0.3946 0.4292 0.4559 0.4696 0.4720 0.4660 0.4528 0.4322 0.4038 0.3669 0.3208 0.2666 0.2119 0.1769 0.1672 0.1769 0.2119 0.2667 0.3209 0.3669 0.4039 0.4322 0.4528 0.4660 0.4720 0.4695 0.4559 0.4292 0.3946 0.3579 0.3226 0.2902 0.2613 0.2360 0.2142 0.1956 0.1800 0.1671 0.1566 0.1484 0.1422 0.1380 0.1357 0.1352 0.1366 0.1403 0.1469 0.1589 0.1887 0.2454 0.3047 0.3553 0.3958 0.4270 0.4497 0.4646 0.4717 0.4701 0.4567 0.4295 0.3937 0.3559 0.3198 0.2868 0.2557
0.2842 0.3187 0.3548 0.3926 0.4285 0.4561 0.4698 0.4718 0.4650 0.4503 0.4278 0.3969 0.3567 0.3064 0.2473 0.1901 0.1594 0.1471 0.1404 0.1367 0.1352 0.1357 0.1380 0.1422 0.1483 0.1566 0.1671 0.1800 0.1957 0.2144 0.2364 0.2618 0.2909 0.3234 0.3588 0.3956 0.4301 0.4565 0.4698 0.4719 0.4657 0.4522 0.4314 0.4028 0.3656 0.3190 0.2637 0.2064 0.1688 0.1546 0.1508 0.1546 0.1689 0.2064 0.2638 0.3191 0.3656 0.4028 0.4314 0.4522 0.4657 0.4719 0.4698 0.4565 0.4301 0.3955 0.3588 0.3234 0.2908 0.2618 0.2364 0.2144 0.1957 0.1800 0.1671 0.1566 0.1483 0.1422 0.1380 0.1357 0.1352 0.1367 0.1404 0.1471 0.1594 0.1901 0.2474 0.3065 0.3568 0.3970 0.4279 0.4503 0.4650 0.4718 0.4698 0.4560 0.4284 0.3925 0.3547 0.3187 0.2841
0.3163 0.3536 0.3913 0.4274 0.4554 0.4696 0.4719 0.4653 0.4509 0.4287 0.3981 0.3581 0.3082 0.2493 0.1916 0.1600 0.1474 0.1406 0.1368 0.1352 0.1356 0.1379 0.1421 0.1482 0.1565 0.1670 0.1800 0.1957 0.2145 0.2365 0.2621 0.2913 0.3240 0.3596 0.3964 0.4309 0.4570 0.4700 0.4718 0.4654 0.4517 0.4306 0.4017 0.3642 0.3173 0.2616 0.2037 0.1662 0.1512 0.1446 0.1425 0.1446 0.1513 0.1663 0.2037 0.2617 0.3174 0.3642 0.4017 0.4306 0.4517 0.4654 0.4718 0.4700 0.4570 0.4309 0.3963 0.3596 0.3240 0.2913 0.2621 0.2365 0.2145 0.1957 0.1800 0.1670 0.1565 0.1482 0.1421 0.1379 0.1356 0.1352 0.1368 0.1406 0.1474 0.1600 0.1916 0.2493 0.3082 0.3582 0.3981 0.4287 0.4509 0.4653 0.4719 0.4696 0.4553 0.4274 0.3913 0.3535 0.3163
0.3519 0.3901 0.4263 0.4546 0.4693 0.4719 0.4656 0.4515 0.4296 0.3992 0.3596 0.3100 0.2513 0.1931 0.1606 0.1476 0.1407 0.1368 0.1352 0.1356 0.1378 0.1420 0.1481 0.1563 0.1668 0.1798 0.1956 0.2144 0.2365 0.2622 0.2915 0.3244 0.3601 0.3970 0.4315 0.4574 0.4701 0.4717 0.4651 0.4511 0.4298 0.4006 0.3628 0.3157 0.2597 0.2018 0.1650 0.1501 0.1428 0.1389 0.1377 0.1389 0.1428 0.1501 0.1651 0.2018 0.2597 0.3157 0.3629 0.4007 0.4298 0.4511 0.4651 0.4717 0.4701 0.4574 0.4315 0.3970 0.3601 0.3244 0.2915 0.2622 0.2365 0.2144 0.1956 0.1798 0.1668 0.1563 0.1481 0.1420 0.1378 0.1356 0.1352 0.1368 0.1407 0.1476 0.1606 0.1931 0.2513 0.3100 0.3597 0.3992 0.4296 0.4515 0.4657 0.4719 0.4693 0.4546 0.4263 0.3900 0.3518
0.3898 0.4252 0.4539 0.4691 0.4720 0.4660 0.4521 0.4304 0.4003 0.3611 0.3117 0.2533 0.1947 0.1613 0.1479 0.1409 0.1369 0.1353 0.1356 0.1377 0.1418 0.1479 0.1561 0.1666 0.1796 0.1954 0.2142 0.2363 0.2621 0.2915 0.3244 0.3603 0.3974 0.4319 0.4578 0.4703 0.4717 0.4649 0.4507 0.4291 0.3996 0.3615 0.3140 0.2578 0.2001 0.1642 0.1496 0.1422 0.1379 0.1359 0.1354 0.1359 0.1379 0.1422 0.1496 0.1642 0.2001 0.2578 0.3140 0.3616 0.3997 0.4291 0.4507 0.4649 0.4717 0.4703 0.4578 0.4319 0.3974 0.3603 0.3245 0.2915 0.2621 0.2364 0.2142 0.1954 0.1796 0.1666 0.1561 0.1479 0.1418 0.1377 0.1356 0.1353 0.1369 0.1409 0.1479 0.1613 0.1947 0.2533 0.3117 0.3611 0.4003 0.4304 0.4521 0.4660 0.4720 0.4691 0.4539 0.4251 0.3897
0.4272 0.4532 0.4688 0.4721 0.4663 0.4527 0.4312 0.4014 0.3625 0.3135 0.2552 0.1963 0.1619 0.1482 0.1411 0.1370 0.1353 0.1355 0.1376 0.1417 0.1477 0.1558 0.1663 0.1792 0.1950 0.2138 0.2360 0.2618 0.2913 0.3243 0.3603 0.3975 0.4321 0.4580 0.4703 0.4716 0.4647 0.4503 0.4285 0.3988 0.3603 0.3124 0.2559 0.1984 0.1635 0.1493 0.1419 0.1376 0.1355 0.1350 0.1351 0.1350 0.1355 0.1376 0.1419 0.1493 0.1635 0.1985 0.2560 0.3124 0.3603 0.3988 0.4285 0.4503 0.4647 0.4716 0.4703 0.4580 0.4322 0.3975 0.3603 0.3244 0.2913 0.2618 0.2360 0.2138 0.1950 0.1793 0.1663 0.1558 0.1477 0.1417 0.1376 0.1355 0.1353 0.1370 0.1411 0.1482 0.1619 0.1963 0.2552 0.3135 0.3625 0.4014 0.4312 0.4527 0.4663 0.4721 0.4688 0.4531 0.4272
0.4588 0.4685 0.4721 0.4666 0.4532 0.4320 0.4025 0.3639 0.3152 0.2572 0.1979 0.1626 0.1485 0.1412 0.1371 0.1353 0.1355 0.1375 0.1415 0.1475 0.1556 0.1660 0.1789 0.1946 0.2134 0.2355 0.2613 0.2908 0.3240 0.3600 0.3973 0.4321 0.4580 0.4704 0.4716 0.4645 0.4500 0.4280 0.3980 0.3593 0.3111 0.2542 0.1970 0.1628 0.1489 0.1417 0.1374 0.1354 0.1352 0.1361 0.1367 0.1361 0.1352 0.1354 0.1374 0.1417 0.1490 0.1629 0.1970 0.2543 0.3111 0.3593 0.3980 0.4280 0.4500 0.4645 0.4716 0.4704 0.4580 0.4322 0.3974 0.3601 0.3240 0.2908 0.2613 0.2355 0.2134 0.1946 0.1789 0.1660 0.1556 0.1475 0.1415 0.1375 0.1355 0.1353 0.1371 0.1412 0.1485 0.1626 0.1979 0.2572 0.3152 0.3639 0.4025 0.4320 0.4532 0.4666 0.4721 0.4685 0.4588
0.4775 0.4722 0.4669 0.4538 0.4328 0.4036 0.3653 0.3169 0.2591 0.1996 0.1633 0.1488 0.1414 0.1372 0.1353 0.1354 0.1375 0.1414 0.1473 0.1553 0.1656 0.1785 0.1941 0.2128 0.2350 0.2607 0.2902 0.3234 0.3595 0.3969 0.4319 0.4579 0.4704 0.4716 0.4645 0.4498 0.4277 0.3975 0.3585 0.3100 0.2529 0.1958 0.1623 0.1487 0.1415 0.1373 0.1354 0.1353 0.1368 0.1390 0.1402 0.1390 0.1368 0.1353 0.1354 0.1373 0.1415 0.1487 0.1623 0.1958 0.2529 0.3100 0.3585 0.3975 0.4277 0.4498 0.4645 0.4716 0.4704 0.4580 0.4319 0.3970 0.3596 0.3234 0.2902 0.2607 0.2350 0.2128 0.1941 0.1785 0.1656 0.1553 0.1473 0.1414 0.1375 0.1354 0.1353 0.1372 0.1414 0.1488 0.1633 0.1996 0.2591 0.3169 0.3653 0.4036 0.4328 0.4538 0.4669 0.4722 0.4775
0.4828 0.4672 0.4543 0.4336 0.4047 0.3667 0.3186 0.2611 0.2013 0.1640 0.1491 0.1416 0.1373 0.1354 0.1354 0.1374 0.1412 0.1470 0.1550 0.1652 0.1780 0.1936 0.2123 0.2343 0.2600 0.2895 0.3226 0.3588 0.3963 0.4315 0.4577 0.4703 0.4716 0.4645 0.4498 0.4275 0.3972 0.3579 0.3091 0.2518 0.1947 0.1618 0.1484 0.1413 0.1372 0.1354 0.1354 0.1371 0.1402 0.1439 0.1457 0.1439 0.1402 0.1371 0.1354 0.1354 0.1372 0.1413 0.1484 0.1618 0.1947 0.2518 0.3091 0.3579 0.3972 0.4275 0.4497 0.4645 0.4716 0.4703 0.4578 0.4315 0.3963 0.3588 0.3226 0.2895 0.2600 0.2343 0.2123 0.1936 0.1780 0.1652 0.1550 0.1470 0.1412 0.1374 0.1354 0.1354 0.1373 0.1416 0.1491 0.1640 0.2013 0.2611 0.3186 0.3667 0.4047 0.4337 0.4543 0.4672 0.4828
0.4784 0.4549 0.4344 0.4058 0.3680 0.3203 0.2631 0.2030 0.1647 0.1495 0.1418 0.1374 0.1354 0.1354 0.1373 0.1411 0.1468 0.1547 0.1649 0.1776 0.1930 0.2116 0.2336 0.2592 0.2886 0.3217 0.3579 0.3955 0.4309 0.4574 0.4703 0.4716 0.4645 0.4498 0.4275 0.3971 0.3577 0.3086 0.2510 0.1940 0.1614 0.1483 0.1412 0.1372 0.1353 0.1354 0.1372 0.1407 0.1456 0.1508 0.1533 0.1508 0.1456 0.1407 0.1372 0.1354 0.1353 0.1372 0.1412 0.1483 0.1614 0.1940 0.2510 0.3086 0.3576 0.3971 0.4275 0.4498 0.4645 0.4716 0.4703 0.4574 0.4309 0.3955 0.3579 0.3217 0.2886 0.2592 0.2336 0.2116 0.1930 0.1776 0.1649 0.1547 0.1468 0.1411 0.1373 0.1354 0.1354 0.1374 0.1418 0.1495 0.1647 0.2030 0.2631 0.3203 0.3681 0.4058 0.4345 0.4549 0.4784
0.4659 0.4353 0.4069 0.3694 0.3220 0.2650 0.2047 0.1655 0.1498 0.1420 0.1375 0.1354 0.1353 0.1372 0.1409 0.1466 0.1544 0.1645 0.1771 0.1925 0.2110 0.2328 0.2583 0.2876 0.3207 0.3569 0.3946 0.4301 0.4570 0.4701 0.4717 0.4647 0.4500 0.4277 0.3972 0.3577 0.3084 0.2506 0.1935 0.1612 0.1481 0.1411 0.1371 0.1353 0.1354 0.1373 0.1409 0.1463 0.1531 0.1599 0.1632 0.1599 0.1531 0.1463 0.1409 0.1373 0.1354 0.1353 0.1371 0.1411 0.1481 0.1612 0.1935 0.2506 0.3084 0.3576 0.3972 0.4277 0.4500 0.4647 0.4717 0.4701 0.4570 0.4301 0.3946 0.3569 0.3207 0.2876 0.2583 0.2328 0.2110 0.1925 0.1771 0.1645 0.1544 0.1466 0.1409 0.1372 0.1353 0.1354 0.1375 0.1420 0.1498 0.1655 0.2047 0.2650 0.3220 0.3695 0.4069 0.4353 0.4660
0.4459 0.4080 0.3708 0.3237 0.2670 0.2065 0.1663 0.1501 0.1421 0.1376 0.1354 0.1353 0.1371 0.1408 0.1464 0.1541 0.1642 0.1767 0.1920 0.2104 0.2321 0.2575 0.2867 0.3196 0.3557 0.3935 0.4292 0.4565 0.4700 0.4717 0.4649 0.4503 0.4280 0.3975 0.3580 0.3086 0.2507 0.1934 0.1611 0.1480 0.1410 0.1371 0.1353 0.1354 0.1374 0.1411 0.1466 0.1540 0.1629 0.1714 0.1755 0.1714 0.1628 0.1540 0.1466 0.1411 0.1374 0.1354 0.1353 0.1371 0.1410 0.1480 0.1611 0.1934 0.2506 0.3086 0.3579 0.3975 0.4280 0.4503 0.4649 0.4717 0.4700 0.4565 0.4292 0.3935 0.3557 0.3196 0.2867 0.2575 0.2321 0.2104 0.1920 0.1767 0.1642 0.1541 0.1464 0.1408 0.1371 0.1353 0.1354 0.1376 0.1421 0.1501 0.1663 0.2065 0.2671 0.3238 0.3709 0.4080 0.4460
0.4179 0.3722 0.3255 0.2690 0.2083 0.1671 0.1505 0.1423 0.1377 0.1355 0.1353 0.1370 0.1406 0.1462 0.1539 0.1638 0.1763 0.1915 0.2097 0.2314 0.2566 0.2857 0.3185 0.3546 0.3923 0.4282 0.4559 0.4698 0.4718 0.4651 0.4507 0.4285 0.3981 0.3585 0.3092 0.2511 0.1936 0.1611 0.1480 0.1410 0.1370 0.1353 0.1355 0.1374 0.1412 0.1468 0.1544 0.1640 0.1751 0.1856 0.1906 0.1856 0.1750 0.1640 0.1544 0.1468 0.1412 0.1374 0.1355 0.1353 0.1370 0.1410 0.1480 0.1611 0.1935 0.2510 0.3091 0.3585 0.3980 0.4285 0.4507 0.4651 0.4718 0.4698 0.4559 0.4282 0.3923 0.3546 0.3185 0.2857 0.2566 0.2314 0.2097 0.1915 0.1763 0.1638 0.1539 0.1462 0.1406 0.1370 0.1353 0.1355 0.1377 0.1423 0.1505 0.1671 0.2084 0.2691 0.3256 0.3723 0.4180
0.3811 0.3272 0.2710 0.2102 0.1679 0.1508 0.1425 0.1378 0.1355 0.1353 0.1369 0.1405 0.1460 0.1536 0.1635 0.1758 0.1910 0.2091 0.2306 0.2558 0.2847 0.3174 0.3534 0.3911 0.4272 0.4552 0.4695 0.4719 0.4654 0.4511 0.4291 0.3988 0.3593 0.3100 0.2518 0.1940 0.1612 0.1480 0.1410 0.1370 0.1353 0.1355 0.1375 0.1413 0.1469 0.1546 0.1644 0.1764 0.1900 0.2027 0.2088 0.2027 0.1900 0.1764 0.1644 0.1546 0.1469 0.1413 0.1375 0.1355 0.1353 0.1370 0.1410 0.1480 0.1612 0.1940 0.2518 0.3100 0.3593 0.3988 0.4291 0.4511 0.4654 0.4719 0.4695 0.4552 0.4272 0.3911 0.3534 0.3174 0.2847 0.2558 0.2306 0.2091 0.1910 0.1758 0.1635 0.1536 0.1460 0.1405 0.1369 0.1353 0.1355 0.1378 0.1425 0.1508 0.1680 0.2104 0.2712 0.3274 0.3812
0.3346 0.2730 0.2122 0.1688 0.1512 0.1427 0.1379 0.1356 0.1353 0.1368 0.1403 0.1458 0.1533 0.1631 0.1754 0.1904 0.2085 0.2299 0.2549 0.2838 0.3164 0.3523 0.3899 0.4261 0.4545 0.4693 0.4720 0.4657 0.4517 0.4298 0.3997 0.3603 0.3111 0.2529 0.1948 0.1615 0.1481 0.1411 0.1370 0.1353 0.1355 0.1375 0.1413 0.1470 0.1548 0.1647 0.1769 0.1915 0.2079 0.2231 0.2303 0.2231 0.2079 0.1915 0.1769 0.1647 0.1548 0.1470 0.1413 0.1375 0.1355 0.1353 0.1370 0.1410 0.1481 0.1614 0.1947 0.2529 0.3111 0.3603 0.3997 0.4298 0.4517 0.4657 0.4720 0.4693 0.4545 0.4261 0.3899 0.3523 0.3164 0.2838 0.2549 0.2299 0.2085 0.1904 0.1754 0.1631 0.1533 0.1458 0.1403 0.1368 0.1353 0.1356 0.1379 0.1427 0.1512 0.1689 0.2124 0.2732 0.3348
0.2787 0.2142 0.1698 0.1515 0.1430 0.1380 0.1356 0.1352 0.1368 0.1402 0.1456 0.1530 0.1628 0.1750 0.1899 0.2079 0.2292 0.2541 0.2828 0.3153 0.3511 0.3888 0.4251 0.4538 0.4690 0.4720 0.4660 0.4522 0.4306 0.4007 0.3616 0.3125 0.2543 0.1958 0.1618 0.1483 0.1411 0.1371 0.1353 0.1355 0.1375 0.1413 0.1471 0.1549 0.1649 0.1772 0.1922 0.2097 0.2290 0.2470 0.2554 0.2470 0.2290 0.2097 0.1922 0.1772 0.1649 0.1549 0.1471 0.1413 0.1375 0.1355 0.1353 0.1371 0.1411 0.1483 0.1618 0.1958 0.2543 0.3124 0.3616 0.4007 0.4306 0.4522 0.4660 0.4720 0.4690 0.4538 0.4251 0.3888 0.3511 0.3153 0.2828 0.2541 0.2292 0.2079 0.1899 0.1750 0.1628 0.1530 0.1456 0.1402 0.1368 0.1352 0.1356 0.1380 0.1430 0.1516 0.1699 0.2143 0.2789
0.2180 0.1708 0.1519 0.1432 0.1382 0.1357 0.1352 0.1367 0.1400 0.1454 0.1528 0.1624 0.1745 0.1894 0.2073 0.2284 0.2532 0.2818 0.3142 0.3499 0.3876 0.4240 0.4531 0.4688 0.4721 0.4664 0.4528 0.4314 0.4017 0.3629 0.3140 0.2560 0.1970 0.1623 0.1485 0.1412 0.1371 0.1353 0.1355 0.1374 0.1413 0.1471 0.1549 0.1649 0.1774 0.1925 0.2104 0.2311 0.2538 0.2746 0.2843 0.2746 0.2538 0.2311 0.2104 0.1925 0.1774 0.1649 0.1549 0.1471 0.1413 0.1375 0.1355 0.1353 0.1371 0.1412 0.1484 0.1623 0.1970 0.2560 0.3140 0.3629 0.4017 0.4314 0.4528 0.4664 0.4721 0.4688 0.4531 0.4240 0.3876 0.3499 0.3142 0.2818 0.2532 0.2284 0.2072 0.1894 0.1745 0.1624 0.1528 0.1454 0.1400 0.1367 0.1352 0.1357 0.1382 0.1432 0.1519 0.1708 0.2182
0.1731 0.1523 0.1434 0.1383 0.1357 0.1352 0.1366 0.1399 0.1452 0.1525 0.1621 0.1741 0.1889 0.2066 0.2277 0.2524 0.2809 0.3132 0.3488 0.3864 0.4229 0.4524 0.4685 0.4721 0.4667 0.4533 0.4322 0.4028 0.3642 0.3157 0.2578 0.1985 0.1629 0.1487 0.1413 0.1372 0.1353 0.1354 0.1374 0.1413 0.1470 0.1549 0.1649 0.1774 0.1926 0.2107 0.2319 0.2561 0.2823 0.3060 0.3171 0.3060 0.2823 0.2561 0.2318 0.2106 0.1926 0.1774 0.1649 0.1549 0.1470 0.1413 0.1374 0.1354 0.1353 0.1372 0.1413 0.1487 0.1629 0.1985 0.2578 0.3157 0.3642 0.4028 0.4322 0.4533 0.4667 0.4721 0.4685 0.4524 0.4229 0.3864 0.3487 0.3131 0.2808 0.2523 0.2277 0.2066 0.1888 0.1741 0.1621 0.1525 0.1452 0.1399 0.1366 0.1352 0.1357 0.1383 0.1434 0.1523 0.1732
0.1538 0.1436 0.1384 0.1358 0.1352 0.1365 0.1398 0.1450 0.1522 0.1617 0.1737 0.1883 0.2060 0.2270 0.2515 0.2799 0.3121 0.3476 0.3852 0.4219 0.4517 0.4682 0.4722 0.4669 0.4539 0.4330 0.4039 0.3656 0.3174 0.2597 0.2001 0.1635 0.1490 0.1415 0.1373 0.1353 0.1354 0.1374 0.1412 0.1469 0.1548 0.1648 0.1774 0.1926 0.2107 0.2321 0.2569 0.2848 0.3144 0.3409 0.3530 0.3409 0.3144 0.2848 0.2569 0.2321 0.2107 0.1926 0.1774 0.1649 0.1548 0.1469 0.1412 0.1374 0.1354 0.1353 0.1372 0.1415 0.1490 0.1635 0.2001 0.2597 0.3174 0.3656 0.4039 0.4330 0.4539 0.4670 0.4722 0.4682 0.4516 0.4218 0.3852 0.3475 0.3120 0.2798 0.2515 0.2269 0.2060 0.1883 0.1736 0.1617 0.1522 0.1450 0.1398 0.1365 0.1352 0.1358 0.1384 0.1436 0.1539
0.1444 0.1386 0.1358 0.1352 0.1364 0.1396 0.1447 0.1519 0.1614 0.1732 0.1878 0.2054 0.2262 0.2507 0.2789 0.3109 0.3464 0.3840 0.4207 0.4509 0.4679 0.4722 0.4672 0.4544 0.4338 0.4049 0.3669 0.3191 0.2617 0.2018 0.1642 0.1493 0.1417 0.1373 0.1354 0.1354 0.1373 0.1411 0.1468 0.1546 0.1647 0.1772 0.1924 0.2106 0.2321 0.2570 0.2855 0.3171 0.3498 0.3781 0.3907 0.3781 0.3498 0.3171 0.2855 0.2570 0.2321 0.2107 0.1925 0.1772 0.1647 0.1546 0.1468 0.1411 0.1373 0.1354 0.1354 0.1373 0.1417 0.1493 0.1642 0.2018 0.2617 0.3191 0.3669 0.4049 0.4338 0.4544 0.4672 0.4722 0.4679 0.4508 0.4207 0.3839 0.3463 0.3109 0.2788 0.2506 0.2262 0.2053 0.1878 0.1732 0.1614 0.1519 0.1447 0.1396 0.1364 0.1352 0.1358 0.1386 0.1444
0.1389 0.1359 0.1352 0.1364 0.1394 0.1445 0.1516 0.1609 0.1727 0.1872 0.2047 0.2254 0.2497 0.2778 0.3097 0.3451 0.3826 0.4195 0.4500 0.4675 0.4722 0.4675 0.4550 0.4346 0.4061 0.3684 0.3209 0.2638 0.2037 0.1651 0.1496 0.1419 0.1374 0.1354 0.1354 0.1372 0.1409 0.1466 0.1544 0.1644 0.1769 0.1922 0.2104 0.2318 0.2568 0.2855 0.3176 0.3523 0.3869 0.4150 0.4267 0.4150 0.3869 0.3524 0.3177 0.2855 0.2569 0.2319 0.2104 0.1922 0.1769 0.1644 0.1544 0.1466 0.1409 0.1372 0.1354 0.1354 0.1374 0.1419 0.1496 0.1651 0.2037 0.2638 0.3209 0.3684 0.4061 0.4346 0.4550 0.4675 0.4722 0.4675 0.4500 0.4194 0.3825 0.3450 0.3096 0.2777 0.2496 0.2254 0.2046 0.1872 0.1727 0.1609 0.1516 0.1445 0.1394 0.1363 0.1352 0.1359 0.1389
0.1359 0.1351 0.1362 0.1392 0.1441 0.1511 0.1603 0.1720 0.1863 0.2036 0.2242 0.2483 0.2763 0.3080 0.3432 0.3807 0.4178 0.4488 0.4670 0.4722 0.4679 0.4557 0.4357 0.4076 0.3704 0.3233 0.2666 0.2064 0.1663 0.1501 0.1422 0.1376 0.1354 0.1353 0.1371 0.1407 0.1463 0.1540 0.1640 0.1764 0.1915 0.2097 0.2311 0.2561 0.2848 0.3171 0.3523 0.3888 0.4224 0.4461 0.4545 0.4461 0.4224 0.3889 0.3524 0.3171 0.2848 0.2561 0.2311 0.2097 0.1915 0.1764 0.1640 0.1540 0.1463 0.1407 0.1371 0.1353 0.1354 0.1376 0.1422 0.1501 0.1663 0.2064 0.2666 0.3233 0.3704 0.4076 0.4357 0.4557 0.4679 0.4722 0.4670 0.4488 0.4177 0.3807 0.3431 0.3079 0.2762 0.2483 0.2242 0.2036 0.1863 0.1720 0.1603 0.1511 0.1441 0.1392 0.1362 0.1351 0.1359
0.1348 0.1359 0.1387 0.1434 0.1501 0.1591 0.1705 0.1846 0.2016 0.2218 0.2456 0.2732 0.3046 0.3395 0.3770 0.4143 0.4463 0.4659 0.4722 0.4687 0.4571 0.4379 0.4105 0.3742 0.3281 0.2722 0.2119 0.1689 0.1513 0.1428 0.1379 0.1355 0.1352 0.1368 0.1402 0.1456 0.1531 0.1628 0.1750 0.1900 0.2079 0.2290 0.2538 0.2822 0.3144 0.3498 0.3869 0.4224 0.4502 0.4648 0.4686 0.4648 0.4502 0.4224 0.3869 0.3498 0.3144 0.2823 0.2538 0.2290 0.2079 0.1900 0.1750 0.1628 0.1531 0.1456 0.1402 0.1368 0.1352 0.1355 0.1379 0.1428 0.1513 0.1689 0.2119 0.2722 0.3281 0.3742 0.4106 0.4379 0.4572 0.4687 0.4722 0.4659 0.4463 0.4142 0.3769 0.3394 0.3045 0.2731 0.2456 0.2218 0.2015 0.1845 0.1705 0.1591 0.1501 0.1434 0.1387 0.1359 0.1348
0.1350 0.1375 0.1416 0.1478 0.1562 0.1669 0.1802 0.1964 0.2158 0.2386 0.2652 0.2957 0.3299 0.3670 0.4050 0.4392 0.4625 0.4716 0.4703 0.4606 0.4432 0.4179 0.3838 0.3401 0.2865 0.2265 0.1769 0.1546 0.1446 0.1389 0.1359 0.1350 0.1361 0.1390 0.1439 0.1508 0.1599 0.1714 0.1856 0.2027 0.2231 0.2470 0.2746 0.3060 0.3409 0.3781 0.4150 0.4461 0.4648 0.4713 0.4721 0.4713 0.4648 0.4461 0.4150 0.3782 0.3409 0.3060 0.2746 0.2470 0.2231 0.2027 0.1856 0.1714 0.1599 0.1508 0.1439 0.1390 0.1361 0.1350 0.1359 0.1389 0.1446 0.1546 0.1769 0.2265 0.2866 0.3402 0.3839 0.4179 0.4433 0.4607 0.4703 0.4716 0.4624 0.4391 0.4049 0.3669 0.3299 0.2957 0.2652 0.2386 0.2157 0.1964 0.1802 0.1669 0.1562 0.1478 0.1416 0.1375 0.1350
0.1353 0.1384 0.1432 0.1500 0.1591 0.1706 0.1848 0.2020 0.2224 0.2465 0.2744 0.3062 0.3415 0.3794 0.4169 0.4485 0.4670 0.4722 0.4678 0.4556 0.4355 0.4073 0.3700 0.3229 0.2664 0.2070 0.1672 0.1508 0.1425 0.1377 0.1354 0.1351 0.1367 0.1402 0.1457 0.1533 0.1632 0.1755 0.1906 0.2088 0.2303 0.2554 0.2843 0.3171 0.3530 0.3907 0.4267 0.4545 0.4686 0.4721 0.4719 0.4721 0.4686 0.4545 0.4267 0.3907 0.3531 0.3171 0.2843 0.2554 0.2303 0.2088 0.1906 0.1755 0.1632 0.1533 0.1457 0.1402 0.1367 0.1351 0.1354 0.1377 0.1425 0.1508 0.1672 0.2071 0.2665 0.3230 0.3701 0.4073 0.4356 0.4556 0.4679 0.4722 0.4670 0.4484 0.4168 0.3793 0.3415 0.3061 0.2743 0.2465 0.2224 0.2019 0.1848 0.1706 0.1590 0.1500 0.1432 0.1384 0.1353
0.1350 0.1375 0.1416 0.1478 0.1562 0.1669 0.1802 0.1964 0.2157 0.2386 0.2652 0.2957 0.3299 0.3670 0.4050 0.4392 0.4624 0.4716 0.4703 0.4606 0.4432 0.4179 0.3838 0.3401 0.2865 0.2264 0.1769 0.1546 0.1446 0.1389 0.1359 0.1350 0.1361 0.1390 0.1439 0.1508 0.1599 0.1714 0.1856 0.2027 0.2231 0.2470 0.2746 0.3061 0.3409 0.3782 0.4150 0.4461 0.4648 0.4713 0.4721 0.4713 0.4648 0.4461 0.4150 0.3782 0.3409 0.3060 0.2746 0.2470 0.2231 0.2027 0.1856 0.1714 0.1599 0.1508 0.1439 0.1390 0.1361 0.1350 0.1359 0.1389 0.1446 0.1546 0.1769 0.2265 0.2866 0.3402 0.3839 0.4179 0.4433 0.4607 0.4703 0.4716 0.4624 0.4391 0.4049 0.3669 0.3299 0.2957 0.2652 0.2386 0.2157 0.1964 0.1802 0.1669 0.1562 0.1478 0.1416 0.1375 0.1350
0.1348 0.1359 0.1387 0.1434 0.1501 0.1591 0.1705 0.1845 0.2015 0.2218 0.2456 0.2732 0.3046 0.3395 0.3770 0.4143 0.4463 0.4659 0.4722 0.4687 0.4571 0.4379 0.4105 0.3742 0.3281 0.2722 0.2119 0.1689 0.1513 0.1428 0.1379 0.1355 0.1352 0.1368 0.1402 0.1456 0.1531 0.1629 0.1751 0.1900 0.2079 0.2291 0.2538 0.2823 0.3145 0.3498 0.3869 0.4224 0.4502 0.4648 0.4686 0.4648 0.4502 0.4224 0.3869 0.3498 0.3144 0.2823 0.2538 0.2290 0.2079 0.1900 0.1750 0.1628 0.1531 0.1456 0.1402 0.1368 0.1352 0.1355 0.1379 0.1428 0.1513 0.1689 0.2119 0.2722 0.3281 0.3742 0.4106 0.4379 0.4572 0.4687 0.4722 0.4659 0.4463 0.4142 0.3769 0.3394 0.3045 0.2731 0.2456 0.2218 0.2015 0.1845 0.1705 0.1591 0.1501 0.1434 0.1387 0.1359 0.1348
0.1359 0.1351 0.1362 0.1392 0.1441 0.1511 0.1603 0.1720 0.1863 0.2036 0.2242 0.2483 0.2763 0.3080 0.3432 0.3807 0.4178 0.4488 0.4670 0.4722 0.4679 0.4557 0.4357 0.4076 0.3704 0.3233 0.2666 0.2064 0.1663 0.1501 0.1422 0.1376 0.1354 0.1353 0.1371 0.1407 0.1463 0.1540 0.1640 0.1764 0.1916 0.2097 0.2311 0.2561 0.2848 0.3171 0.3524 0.3889 0.4224 0.4461 0.4545 0.4461 0.4224 0.3889 0.3524 0.3171 0.2848 0.2561 0.2311 0.2097 0.1915 0.1764 0.1640 0.1540 0.1463 0.1407 0.1371 0.1353 0.1354 0.1376 0.1422 0.1501 0.1663 0.2064 0.2666 0.3233 0.3704 0.4076 0.4357 0.4557 0.4679 0.4722 0.4670 0.4488 0.4177 0.3807 0.3431 0.3079 0.2762 0.2483 0.2242 0.2036 0.1863 0.1720 0.1603 0.1511 0.1441 0.1392 0.1362 0.1351 0.1359
0.1389 0.1359 0.1352 0.1363 0.1394 0.1445 0.1516 0.1609 0.1727 0.1872 0.2046 0.2254 0.2497 0.2778 0.3097 0.3451 0.3826 0.4195 0.4500 0.4675 0.4722 0.4675 0.4549 0.4346 0.4060 0.3684 0.3208 0.2637 0.2037 0.1651 0.1496 0.1419 0.1374 0.1354 0.1354 0.1372 0.1409 0.1466 0.1544 0.1644 0.1769 0.1922 0.2104 0.2319 0.2569 0.2855 0.3177 0.3524 0.3869 0.4150 0.4267 0.4150 0.3869 0.3524 0.3177 0.2855 0.2569 0.2319 0.2104 0.1922 0.1769 0.1644 0.1544 0.1466 0.1409 0.1372 0.1354 0.1354 0.1374 0.1419 0.1496 0.1651 0.2037 0.2638 0.3209 0.3684 0.4061 0.4346 0.4550 0.4675 0.4722 0.4675 0.4500 0.4194 0.3825 0.3450 0.3096 0.2777 0.2496 0.2254 0.2046 0.1872 0.1727 0.1609 0.1516 0.1445 0.1394 0.1363 0.1352 0.1359 0.1389
0.1444 0.1386 0.1358 0.1352 0.1364 0.1396 0.1447 0.1519 0.1614 0.1732 0.1878 0.2054 0.2262 0.2507 0.2789 0.3109 0.3464 0.3840 0.4207 0.4509 0.4679 0.4722 0.4672 0.4544 0.4338 0.4049 0.3669 0.3190 0.2616 0.2018 0.1642 0.1493 0.1417 0.1373 0.1354 0.1354 0.1373 0.1411 0.1468 0.1546 0.1647 0.1772 0.1925 0.2107 0.2321 0.2570 0.2855 0.3171 0.3498 0.3782 0.3907 0.3782 0.3498 0.3171 0.2855 0.2570 0.2321 0.2107 0.1925 0.1772 0.1647 0.1546 0.1468 0.1411 0.1373 0.1354 0.1354 0.1373 0.1417 0.1493 0.1642 0.2018 0.2617 0.3191 0.3669 0.4049 0.4338 0.4544 0.4672 0.4722 0.4679 0.4508 0.4207 0.3839 0.3463 0.3109 0.2788 0.2506 0.2262 0.2053 0.1878 0.1732 0.1614 0.1519 0.1447 0.1396 0.1364 0.1352 0.1358 0.1386 0.1444
