-0.0959 -0.2470 -0.2810 -0.2566 -0.0083 0.1625 0.0262 -0.2216 -0.2741 -0.2718 -0.1309 0.0966 0.2123 -0.1637 -0.2601 -0.2812 -0.2345 0.0425 0.2077 -0.0886 -0.2414 -0.2802 -0.2606 -0.0366 0.1391 0.0980 -0.2047 -0.2707 -0.2755 -0.1700 0.0815 0.2230 -0.1458 -0.2551 -0.2819 -0.2473 0.0243 0.1943 -0.0534 -0.2354 -0.2783 -0.2653 -0.0712 0.1204 0.1610 -0.1883 -0.2667 -0.2783 -0.2012 0.0648 0.1514 0.0648 -0.2012 -0.2783 -0.2667 -0.1883 0.1610 0.1204 -0.0712 -0.2653 -0.2783 -0.2354 -0.0534 0.1943 0.0243 -0.2473 -0.2819 -0.2551 -0.1458 0.2230 0.0815 -0.1700 -0.2755 -0.2707 -0.2047 0.0980 0.1391 -0.0366 -0.2606 -0.2802 -0.2414 -0.0886 0.2077 0.0425 -0.2345 -0.2812 -0.2601 -0.1637 0.2123 0.0966 -0.1309 -0.2718 -0.2741 -0.2216 0.0262 0.1625 -0.0083 -0.2566 -0.2810 -0.2470 -0.0959
-0.2470 -0.3305 -0.2836 0.0038 0.1549 0.0774 -0.2693 -0.3284 -0.3108 -0.1226 0.0964 0.2356 -0.1784 -0.3175 -0.3274 -0.2515 0.0487 0.2091 -0.0770 -0.3013 -0.3317 -0.2926 -0.0245 0.1330 0.1547 -0.2402 -0.3260 -0.3169 -0.1686 0.0833 0.2365 -0.1538 -0.3132 -0.3299 -0.2696 0.0322 0.1917 -0.0280 -0.2960 -0.3310 -0.3003 -0.0585 0.1169 0.2053 -0.2144 -0.3229 -0.3219 -0.2090 0.0703 0.2167 0.1000 0.2167 0.0703 -0.2090 -0.3219 -0.3229 -0.2144 0.2053 0.1169 -0.0585 -0.3003 -0.3310 -0.2960 -0.0280 0.1917 0.0322 -0.2696 -0.3299 -0.3132 -0.1538 0.2365 0.0833 -0.1686 -0.3169 -0.3260 -0.2402 0.1547 0.1330 -0.0245 -0.2926 -0.3317 -0.3013 -0.0770 0.2091 0.0487 -0.2515 -0.3274 -0.3175 -0.1784 0.2356 0.0964 -0.1226 -0.3108 -0.3284 -0.2693 0.0774 0.1549 0.0038 -0.2836 -0.3305 -0.2470
-0.2810 -0.2836 -0.0044 0.1452 0.1195 -0.2522 -0.3265 -0.3142 -0.1547 0.0860 0.2375 -0.1622 -0.3143 -0.3288 -0.2644 0.0362 0.1989 -0.0461 -0.2974 -0.3309 -0.2974 -0.0484 0.1206 0.1919 -0.2228 -0.3236 -0.3200 -0.1977 0.0727 0.2319 -0.1362 -0.3098 -0.3305 -0.2775 0.0179 0.1747 0.0161 -0.2890 -0.3296 -0.3049 -0.0881 0.1056 0.2248 -0.1980 -0.3202 -0.3243 -0.2314 0.0590 0.2208 -0.1007 -0.2648 -0.1007 0.2208 0.0590 -0.2314 -0.3243 -0.3202 -0.1980 0.2248 0.1056 -0.0881 -0.3049 -0.3296 -0.2890 0.0161 0.1747 0.0179 -0.2775 -0.3305 -0.3098 -0.1362 0.2319 0.0727 -0.1977 -0.3200 -0.3236 -0.2228 0.1919 0.1206 -0.0484 -0.2974 -0.3309 -0.2974 -0.0461 0.1989 0.0362 -0.2644 -0.3288 -0.3143 -0.1622 0.2375 0.0860 -0.1547 -0.3142 -0.3265 -0.2522 0.1195 0.1452 -0.0044 -0.2836 -0.2810
-0.2566 0.0038 0.1452 0.1352 -0.2419 -0.3251 -0.3171 -0.1809 0.0779 0.2348 -0.1456 -0.3114 -0.3301 -0.2738 0.0245 0.1838 -0.0070 -0.2939 -0.3302 -0.3025 -0.0738 0.1105 0.2165 -0.2062 -0.3214 -0.3230 -0.2212 0.0637 0.2247 -0.1169 -0.3067 -0.3312 -0.2833 0.0038 0.1567 0.0683 -0.2736 -0.3284 -0.3096 -0.1180 0.0966 0.2346 -0.1818 -0.3177 -0.3266 -0.2486 0.0493 0.2112 -0.0838 -0.3030 -0.3321 -0.3030 -0.0838 0.2112 0.0493 -0.2486 -0.3266 -0.3177 -0.1818 0.2346 0.0966 -0.1180 -0.3096 -0.3284 -0.2736 0.0683 0.1567 0.0038 -0.2833 -0.3312 -0.3067 -0.1169 0.2247 0.0637 -0.2212 -0.3230 -0.3214 -0.2062 0.2165 0.1105 -0.0738 -0.3025 -0.3302 -0.2939 -0.0070 0.1838 0.0245 -0.2738 -0.3301 -0.3114 -0.1456 0.2348 0.0779 -0.1809 -0.3171 -0.3251 -0.2419 0.1352 0.1452 0.0038 -0.2566
-0.0083 0.1549 0.1195 -0.2419 -0.3245 -0.3186 -0.1989 0.0710 0.2298 -0.1290 -0.3085 -0.3308 -0.2805 0.0112 0.1653 0.0416 -0.2826 -0.3291 -0.3073 -0.1027 0.1011 0.2307 -0.1900 -0.3190 -0.3256 -0.2405 0.0542 0.2159 -0.0949 -0.3034 -0.3314 -0.2885 -0.0128 0.1415 0.1216 -0.2536 -0.3269 -0.3138 -0.1490 0.0878 0.2376 -0.1656 -0.3149 -0.3285 -0.2620 0.0387 0.2011 -0.0534 -0.2984 -0.3395 -0.3488 -0.3395 -0.2984 -0.0534 0.2011 0.0387 -0.2620 -0.3285 -0.3149 -0.1656 0.2376 0.0878 -0.1490 -0.3138 -0.3269 -0.2536 0.1216 0.1415 -0.0128 -0.2885 -0.3314 -0.3034 -0.0949 0.2159 0.0542 -0.2405 -0.3256 -0.3190 -0.1900 0.2307 0.1011 -0.1027 -0.3073 -0.3291 -0.2826 0.0416 0.1653 0.0112 -0.2805 -0.3308 -0.3085 -0.1290 0.2298 0.0710 -0.1989 -0.3186 -0.3245 -0.2419 0.1195 0.1549 -0.0083
0.1625 0.0774 -0.2522 -0.3251 -0.3186 -0.2053 0.0668 0.2252 -0.1143 -0.3058 -0.3311 -0.2854 -0.0034 0.1492 0.0950 -0.2634 -0.3277 -0.3117 -0.1335 0.0922 0.2368 -0.1738 -0.3163 -0.3276 -0.2558 0.0441 0.2061 -0.0686 -0.3000 -0.3313 -0.2937 -0.0322 0.1287 0.1669 -0.2352 -0.3251 -0.3176 -0.1785 0.0791 0.2355 -0.1488 -0.3120 -0.3298 -0.2721 0.0271 0.1872 -0.0163 -0.2946 -0.3300 -0.3154 -0.2320 -0.3154 -0.3300 -0.2946 -0.0163 0.1872 0.0271 -0.2721 -0.3298 -0.3120 -0.1488 0.2355 0.0791 -0.1785 -0.3176 -0.3251 -0.2352 0.1669 0.1287 -0.0322 -0.2937 -0.3313 -0.3000 -0.0686 0.2061 0.0441 -0.2558 -0.3276 -0.3163 -0.1738 0.2368 0.0922 -0.1335 -0.3117 -0.3277 -0.2634 0.0950 0.1492 -0.0034 -0.2854 -0.3311 -0.3058 -0.1143 0.2252 0.0668 -0.2053 -0.3186 -0.3251 -0.2522 0.0774 0.1625
0.0262 -0.2693 -0.3265 -0.3171 -0.1989 0.0668 0.2234 -0.1051 -0.3038 -0.3312 -0.2894 -0.0187 0.1364 0.1426 -0.2448 -0.3260 -0.3156 -0.1640 0.0835 0.2371 -0.1574 -0.3135 -0.3292 -0.2674 0.0331 0.1952 -0.0358 -0.2964 -0.3307 -0.2989 -0.0552 0.1176 0.2001 -0.2180 -0.3230 -0.3209 -0.2048 0.0702 0.2300 -0.1309 -0.3090 -0.3308 -0.2793 0.0141 0.1692 0.0304 -0.2853 -0.3292 -0.3053 -0.0863 0.0510 -0.0863 -0.3053 -0.3292 -0.2853 0.0304 0.1692 0.0141 -0.2793 -0.3308 -0.3090 -0.1309 0.2300 0.0702 -0.2048 -0.3209 -0.3230 -0.2180 0.2001 0.1176 -0.0552 -0.2989 -0.3307 -0.2964 -0.0358 0.1952 0.0331 -0.2674 -0.3292 -0.3135 -0.1574 0.2371 0.0835 -0.1640 -0.3156 -0.3260 -0.2448 0.1426 0.1364 -0.0187 -0.2894 -0.3312 -0.3038 -0.1051 0.2234 0.0668 -0.1989 -0.3171 -0.3265 -0.2693 0.0262
-0.2216 -0.3284 -0.3142 -0.1809 0.0710 0.2252 -0.1051 -0.3031 -0.3311 -0.2921 -0.0323 0.1269 0.1773 -0.2289 -0.3242 -0.3190 -0.1915 0.0748 0.2332 -0.1401 -0.3105 -0.3304 -0.2760 0.0208 0.1789 0.0061 -0.2917 -0.3299 -0.3039 -0.0818 0.1077 0.2215 -0.2015 -0.3207 -0.3238 -0.2272 0.0611 0.2223 -0.1109 -0.3058 -0.3313 -0.2848 -0.0007 0.1521 0.0840 -0.2676 -0.3280 -0.3106 -0.1246 0.0920 0.1842 0.0920 -0.1246 -0.3106 -0.3280 -0.2676 0.0840 0.1521 -0.0007 -0.2848 -0.3313 -0.3058 -0.1109 0.2223 0.0611 -0.2272 -0.3238 -0.3207 -0.2015 0.2215 0.1077 -0.0818 -0.3039 -0.3299 -0.2917 0.0061 0.1789 0.0208 -0.2760 -0.3304 -0.3105 -0.1401 0.2332 0.0748 -0.1915 -0.3190 -0.3242 -0.2289 0.1773 0.1269 -0.0323 -0.2921 -0.3311 -0.3031 -0.1051 0.2252 0.0710 -0.1809 -0.3142 -0.3284 -0.2216
-0.2741 -0.3108 -0.1547 0.0779 0.2298 -0.1143 -0.3038 -0.3311 -0.2931 -0.0407 0.1209 0.1982 -0.2162 -0.3224 -0.3217 -0.2142 0.0662 0.2267 -0.1216 -0.3074 -0.3311 -0.2822 0.0069 0.1602 0.0570 -0.2780 -0.3287 -0.3086 -0.1114 0.0985 0.2332 -0.1853 -0.3182 -0.3262 -0.2453 0.0514 0.2132 -0.0879 -0.3024 -0.3314 -0.2900 -0.0181 0.1376 0.1358 -0.2482 -0.3264 -0.3149 -0.1577 0.0856 0.2379 0.0018 0.2379 0.0856 -0.1577 -0.3149 -0.3264 -0.2482 0.1358 0.1376 -0.0181 -0.2900 -0.3314 -0.3024 -0.0879 0.2132 0.0514 -0.2453 -0.3262 -0.3182 -0.1853 0.2332 0.0985 -0.1114 -0.3086 -0.3287 -0.2780 0.0570 0.1602 0.0069 -0.2822 -0.3311 -0.3074 -0.1216 0.2267 0.0662 -0.2142 -0.3217 -0.3224 -0.2162 0.1982 0.1209 -0.0407 -0.2931 -0.3311 -0.3038 -0.1143 0.2298 0.0779 -0.1547 -0.3108 -0.2741
-0.2718 -0.1226 0.0860 0.2348 -0.1290 -0.3058 -0.3312 -0.2921 -0.0407 0.1188 0.2076 -0.2077 -0.3209 -0.3236 -0.2312 0.0582 0.2191 -0.1017 -0.3042 -0.3313 -0.2873 -0.0091 0.1445 0.1109 -0.2576 -0.3272 -0.3129 -0.1424 0.0897 0.2374 -0.1692 -0.3155 -0.3281 -0.2595 0.0410 0.2032 -0.0599 -0.2990 -0.3311 -0.2952 -0.0385 0.1253 0.1778 -0.2301 -0.3245 -0.3186 -0.1864 0.0766 0.2344 -0.1401 -0.2894 -0.1401 0.2344 0.0766 -0.1864 -0.3186 -0.3245 -0.2301 0.1778 0.1253 -0.0385 -0.2952 -0.3311 -0.2990 -0.0599 0.2032 0.0410 -0.2595 -0.3281 -0.3155 -0.1692 0.2374 0.0897 -0.1424 -0.3129 -0.3272 -0.2576 0.1109 0.1445 -0.0091 -0.2873 -0.3313 -0.3042 -0.1017 0.2191 0.0582 -0.2312 -0.3236 -0.3209 -0.2077 0.2076 0.1188 -0.0407 -0.2921 -0.3312 -0.3058 -0.1290 0.2348 0.0860 -0.1226 -0.2718
-0.1309 0.0964 0.2375 -0.1456 -0.3085 -0.3311 -0.2894 -0.0323 0.1209 0.2076 -0.2046 -0.3201 -0.3248 -0.2423 0.0513 0.2116 -0.0809 -0.3012 -0.3313 -0.2923 -0.0274 0.1313 0.1582 -0.2389 -0.3255 -0.3168 -0.1724 0.0810 0.2363 -0.1525 -0.3126 -0.3296 -0.2702 0.0297 0.1904 -0.0247 -0.2954 -0.3305 -0.3004 -0.0625 0.1147 0.2074 -0.2132 -0.3224 -0.3218 -0.2117 0.0676 0.2280 -0.1263 -0.3101 -0.3377 -0.3101 -0.1263 0.2280 0.0676 -0.2117 -0.3218 -0.3224 -0.2132 0.2074 0.1147 -0.0625 -0.3004 -0.3305 -0.2954 -0.0247 0.1904 0.0297 -0.2702 -0.3296 -0.3126 -0.1525 0.2363 0.0810 -0.1724 -0.3168 -0.3255 -0.2389 0.1582 0.1313 -0.0274 -0.2923 -0.3313 -0.3012 -0.0809 0.2116 0.0513 -0.2423 -0.3248 -0.3201 -0.2046 0.2076 0.1209 -0.0323 -0.2894 -0.3311 -0.3085 -0.1456 0.2375 0.0964 -0.1309
0.0966 0.2356 -0.1622 -0.3114 -0.3308 -0.2854 -0.0187 0.1269 0.1982 -0.2077 -0.3201 -0.3251 -0.2478 0.0463 0.2057 -0.0609 -0.2985 -0.3309 -0.2968 -0.0475 0.1205 0.1931 -0.2218 -0.3235 -0.3202 -0.1995 0.0721 0.2315 -0.1349 -0.3096 -0.3306 -0.2780 0.0170 0.1731 0.0199 -0.2880 -0.3296 -0.3053 -0.0901 0.1050 0.2258 -0.1968 -0.3200 -0.3246 -0.2328 0.0583 0.2198 -0.1048 -0.3049 -0.3413 -0.3449 -0.3413 -0.3049 -0.1048 0.2198 0.0583 -0.2328 -0.3246 -0.3200 -0.1968 0.2258 0.1050 -0.0901 -0.3053 -0.3296 -0.2880 0.0199 0.1731 0.0170 -0.2780 -0.3306 -0.3096 -0.1349 0.2315 0.0721 -0.1995 -0.3202 -0.3235 -0.2218 0.1931 0.1205 -0.0475 -0.2968 -0.3309 -0.2985 -0.0609 0.2057 0.0463 -0.2478 -0.3251 -0.3201 -0.2077 0.1982 0.1269 -0.0187 -0.2854 -0.3308 -0.3114 -0.1622 0.2356 0.0966
0.2123 -0.1784 -0.3143 -0.3301 -0.2805 -0.0034 0.1364 0.1773 -0.2162 -0.3209 -0.3248 -0.2478 0.0445 0.2024 -0.0458 -0.2964 -0.3304 -0.3006 -0.0682 0.1116 0.2156 -0.2061 -0.3213 -0.3231 -0.2226 0.0630 0.2241 -0.1154 -0.3064 -0.3312 -0.2837 0.0026 0.1554 0.0726 -0.2719 -0.3283 -0.3099 -0.1203 0.0960 0.2351 -0.1807 -0.3175 -0.3268 -0.2497 0.0485 0.2104 -0.0804 -0.3014 -0.3309 -0.3026 -0.1747 -0.3026 -0.3309 -0.3014 -0.0804 0.2104 0.0485 -0.2497 -0.3268 -0.3175 -0.1807 0.2351 0.0960 -0.1203 -0.3099 -0.3283 -0.2719 0.0726 0.1554 0.0026 -0.2837 -0.3312 -0.3064 -0.1154 0.2241 0.0630 -0.2226 -0.3231 -0.3213 -0.2061 0.2156 0.1116 -0.0682 -0.3006 -0.3304 -0.2964 -0.0458 0.2024 0.0445 -0.2478 -0.3248 -0.3209 -0.2162 0.1773 0.1364 -0.0034 -0.2805 -0.3301 -0.3143 -0.1784 0.2123
-0.1637 -0.3175 -0.3288 -0.2738 0.0112 0.1492 0.1426 -0.2289 -0.3224 -0.3236 -0.2423 0.0463 0.2024 -0.0401 -0.2953 -0.3300 -0.3033 -0.0871 0.1045 0.2282 -0.1921 -0.3191 -0.3255 -0.2409 0.0537 0.2153 -0.0932 -0.3031 -0.3314 -0.2889 -0.0142 0.1404 0.1255 -0.2521 -0.3267 -0.3141 -0.1512 0.0872 0.2376 -0.1644 -0.3147 -0.3286 -0.2629 0.0379 0.2003 -0.0507 -0.2979 -0.3309 -0.2959 -0.0379 0.0669 -0.0379 -0.2959 -0.3309 -0.2979 -0.0507 0.2003 0.0379 -0.2629 -0.3286 -0.3147 -0.1644 0.2376 0.0872 -0.1512 -0.3141 -0.3267 -0.2521 0.1255 0.1404 -0.0142 -0.2889 -0.3314 -0.3031 -0.0932 0.2153 0.0537 -0.2409 -0.3255 -0.3191 -0.1921 0.2282 0.1045 -0.0871 -0.3033 -0.3300 -0.2953 -0.0401 0.2024 0.0463 -0.2423 -0.3236 -0.3224 -0.2289 0.1426 0.1492 0.0112 -0.2738 -0.3288 -0.3175 -0.1637
-0.2601 -0.3274 -0.2644 0.0245 0.1653 0.0950 -0.2448 -0.3242 -0.3217 -0.2312 0.0513 0.2057 -0.0458 -0.2953 -0.3299 -0.3048 -0.1001 0.0994 0.2341 -0.1803 -0.3170 -0.3272 -0.2547 0.0443 0.2060 -0.0674 -0.2998 -0.3312 -0.2941 -0.0339 0.1277 0.1700 -0.2338 -0.3249 -0.3178 -0.1805 0.0784 0.2352 -0.1476 -0.3118 -0.3300 -0.2727 0.0262 0.1859 -0.0129 -0.2943 -0.3303 -0.3016 -0.0681 0.1077 0.2028 0.1077 -0.0681 -0.3016 -0.3303 -0.2943 -0.0129 0.1859 0.0262 -0.2727 -0.3300 -0.3118 -0.1476 0.2352 0.0784 -0.1805 -0.3178 -0.3249 -0.2338 0.1700 0.1277 -0.0339 -0.2941 -0.3312 -0.2998 -0.0674 0.2060 0.0443 -0.2547 -0.3272 -0.3170 -0.1803 0.2341 0.0994 -0.1001 -0.3048 -0.3299 -0.2953 -0.0458 0.2057 0.0513 -0.2312 -0.3217 -0.3242 -0.2448 0.0950 0.1653 0.0245 -0.2644 -0.3274 -0.2601
-0.2812 -0.2515 0.0362 0.1838 0.0416 -0.2634 -0.3260 -0.3190 -0.2142 0.0582 0.2116 -0.0609 -0.2964 -0.3300 -0.3048 -0.1047 0.0967 0.2363 -0.1715 -0.3152 -0.3283 -0.2644 0.0352 0.1970 -0.0374 -0.2964 -0.3307 -0.2991 -0.0570 0.1168 0.2022 -0.2166 -0.3228 -0.3211 -0.2066 0.0696 0.2296 -0.1295 -0.3087 -0.3309 -0.2798 0.0131 0.1677 0.0345 -0.2843 -0.3292 -0.3066 -0.0985 0.1026 0.2332 -0.0738 0.2332 0.1026 -0.0985 -0.3066 -0.3292 -0.2843 0.0345 0.1677 0.0131 -0.2798 -0.3309 -0.3087 -0.1295 0.2296 0.0696 -0.2066 -0.3211 -0.3228 -0.2166 0.2022 0.1168 -0.0570 -0.2991 -0.3307 -0.2964 -0.0374 0.1970 0.0352 -0.2644 -0.3283 -0.3152 -0.1715 0.2363 0.0967 -0.1047 -0.3048 -0.3300 -0.2964 -0.0609 0.2116 0.0582 -0.2142 -0.3190 -0.3260 -0.2634 0.0416 0.1838 0.0362 -0.2515 -0.2812
-0.2345 0.0487 0.1989 -0.0070 -0.2826 -0.3277 -0.3156 -0.1915 0.0662 0.2191 -0.0809 -0.2985 -0.3304 -0.3033 -0.1001 0.0967 0.2368 -0.1668 -0.3140 -0.3291 -0.2708 0.0267 0.1853 -0.0037 -0.2932 -0.3299 -0.3038 -0.0828 0.1072 0.2226 -0.2002 -0.3205 -0.3240 -0.2286 0.0604 0.2217 -0.1094 -0.3055 -0.3313 -0.2852 -0.0020 0.1508 0.0882 -0.2660 -0.3279 -0.3111 -0.1292 0.0935 0.2360 -0.1731 -0.2976 -0.1731 0.2360 0.0935 -0.1292 -0.3111 -0.3279 -0.2660 0.0882 0.1508 -0.0020 -0.2852 -0.3313 -0.3055 -0.1094 0.2217 0.0604 -0.2286 -0.3240 -0.3205 -0.2002 0.2226 0.1072 -0.0828 -0.3038 -0.3299 -0.2932 -0.0037 0.1853 0.0267 -0.2708 -0.3291 -0.3140 -0.1668 0.2368 0.0967 -0.1001 -0.3033 -0.3304 -0.2985 -0.0809 0.2191 0.0662 -0.1915 -0.3156 -0.3277 -0.2826 -0.0070 0.1989 0.0487 -0.2345
0.0425 0.2091 -0.0461 -0.2939 -0.3291 -0.3117 -0.1640 0.0748 0.2267 -0.1017 -0.3012 -0.3309 -0.3006 -0.0871 0.0994 0.2363 -0.1668 -0.3136 -0.3294 -0.2743 0.0200 0.1731 0.0303 -0.2847 -0.3289 -0.3078 -0.1094 0.0986 0.2334 -0.1845 -0.3180 -0.3263 -0.2464 0.0507 0.2125 -0.0860 -0.3022 -0.3314 -0.2904 -0.0195 0.1365 0.1395 -0.2467 -0.3262 -0.3152 -0.1599 0.0847 0.2373 -0.1604 -0.3168 -0.3426 -0.3168 -0.1604 0.2373 0.0847 -0.1599 -0.3152 -0.3262 -0.2467 0.1395 0.1365 -0.0195 -0.2904 -0.3314 -0.3022 -0.0860 0.2125 0.0507 -0.2464 -0.3263 -0.3180 -0.1845 0.2334 0.0986 -0.1094 -0.3078 -0.3289 -0.2847 0.0303 0.1731 0.0200 -0.2743 -0.3294 -0.3136 -0.1668 0.2363 0.0994 -0.0871 -0.3006 -0.3309 -0.3012 -0.1017 0.2267 0.0748 -0.1640 -0.3117 -0.3291 -0.2939 -0.0461 0.2091 0.0425
0.2077 -0.0770 -0.2974 -0.3302 -0.3073 -0.1335 0.0835 0.2332 -0.1216 -0.3042 -0.3313 -0.2968 -0.0682 0.1045 0.2341 -0.1715 -0.3140 -0.3294 -0.2753 0.0163 0.1657 0.0575 -0.2725 -0.3279 -0.3111 -0.1347 0.0911 0.2373 -0.1696 -0.3155 -0.3281 -0.2602 0.0403 0.2025 -0.0577 -0.2987 -0.3311 -0.2957 -0.0402 0.1244 0.1805 -0.2288 -0.3243 -0.3188 -0.1884 0.0759 0.2339 -0.1426 -0.3110 -0.3416 -0.3383 -0.3416 -0.3110 -0.1426 0.2339 0.0759 -0.1884 -0.3188 -0.3243 -0.2288 0.1805 0.1244 -0.0402 -0.2957 -0.3311 -0.2987 -0.0577 0.2025 0.0403 -0.2602 -0.3281 -0.3155 -0.1696 0.2373 0.0911 -0.1347 -0.3111 -0.3279 -0.2725 0.0575 0.1657 0.0163 -0.2753 -0.3294 -0.3140 -0.1715 0.2341 0.1045 -0.0682 -0.2968 -0.3313 -0.3042 -0.1216 0.2332 0.0835 -0.1335 -0.3073 -0.3302 -0.2974 -0.0770 0.2077
-0.0886 -0.3013 -0.3309 -0.3025 -0.1027 0.0922 0.2371 -0.1401 -0.3074 -0.3313 -0.2923 -0.0475 0.1116 0.2282 -0.1803 -0.3152 -0.3291 -0.2743 0.0163 0.1633 0.0721 -0.2645 -0.3271 -0.3136 -0.1558 0.0844 0.2370 -0.1555 -0.3129 -0.3295 -0.2702 0.0293 0.1898 -0.0221 -0.2951 -0.3305 -0.3008 -0.0645 0.1139 0.2092 -0.2118 -0.3222 -0.3220 -0.2134 0.0670 0.2275 -0.1240 -0.3078 -0.3304 -0.2867 -0.1098 -0.2867 -0.3304 -0.3078 -0.1240 0.2275 0.0670 -0.2134 -0.3220 -0.3222 -0.2118 0.2092 0.1139 -0.0645 -0.3008 -0.3305 -0.2951 -0.0221 0.1898 0.0293 -0.2702 -0.3295 -0.3129 -0.1555 0.2370 0.0844 -0.1558 -0.3136 -0.3271 -0.2645 0.0721 0.1633 0.0163 -0.2743 -0.3291 -0.3152 -0.1803 0.2282 0.1116 -0.0475 -0.2923 -0.3313 -0.3074 -0.1401 0.2371 0.0922 -0.1027 -0.3025 -0.3309 -0.3013 -0.0886
-0.2414 -0.3317 -0.2974 -0.0738 0.1011 0.2368 -0.1574 -0.3105 -0.3311 -0.2873 -0.0274 0.1205 0.2156 -0.1921 -0.3170 -0.3283 -0.2708 0.0200 0.1657 0.0721 -0.2619 -0.3267 -0.3151 -0.1707 0.0792 0.2347 -0.1426 -0.3105 -0.3304 -0.2773 0.0177 0.1734 0.0211 -0.2875 -0.3295 -0.3056 -0.0924 0.1043 0.2268 -0.1955 -0.3198 -0.3247 -0.2342 0.0576 0.2192 -0.1031 -0.3046 -0.3312 -0.2862 -0.0021 0.0828 -0.0021 -0.2862 -0.3312 -0.3046 -0.1031 0.2192 0.0576 -0.2342 -0.3247 -0.3198 -0.1955 0.2268 0.1043 -0.0924 -0.3056 -0.3295 -0.2875 0.0211 0.1734 0.0177 -0.2773 -0.3304 -0.3105 -0.1426 0.2347 0.0792 -0.1707 -0.3151 -0.3267 -0.2619 0.0721 0.1657 0.0200 -0.2708 -0.3283 -0.3170 -0.1921 0.2156 0.1205 -0.0274 -0.2873 -0.3311 -0.3105 -0.1574 0.2368 0.1011 -0.0738 -0.2974 -0.3317 -0.2414
-0.2802 -0.2926 -0.0484 0.1105 0.2307 -0.1738 -0.3135 -0.3304 -0.2822 -0.0091 0.1313 0.1931 -0.2061 -0.3191 -0.3272 -0.2644 0.0267 0.1731 0.0575 -0.2645 -0.3267 -0.3156 -0.1782 0.0758 0.2321 -0.1319 -0.3084 -0.3309 -0.2820 0.0057 0.1576 0.0690 -0.2723 -0.3282 -0.3100 -0.1225 0.0953 0.2355 -0.1794 -0.3173 -0.3269 -0.2508 0.0477 0.2097 -0.0785 -0.3012 -0.3313 -0.2918 -0.0237 0.1256 0.2184 0.1256 -0.0237 -0.2918 -0.3313 -0.3012 -0.0785 0.2097 0.0477 -0.2508 -0.3269 -0.3173 -0.1794 0.2355 0.0953 -0.1225 -0.3100 -0.3282 -0.2723 0.0690 0.1576 0.0057 -0.2820 -0.3309 -0.3084 -0.1319 0.2321 0.0758 -0.1782 -0.3156 -0.3267 -0.2645 0.0575 0.1731 0.0267 -0.2644 -0.3272 -0.3191 -0.2061 0.1931 0.1313 -0.0091 -0.2822 -0.3304 -0.3135 -0.1738 0.2307 0.1105 -0.0484 -0.2926 -0.2802
-0.2606 -0.0245 0.1206 0.2165 -0.1900 -0.3163 -0.3292 -0.2760 0.0069 0.1445 0.1582 -0.2218 -0.3213 -0.3255 -0.2547 0.0352 0.1853 0.0303 -0.2725 -0.3271 -0.3151 -0.1782 0.0746 0.2304 -0.1247 -0.3069 -0.3311 -0.2853 -0.0059 0.1452 0.1142 -0.2548 -0.3268 -0.3139 -0.1520 0.0867 0.2375 -0.1632 -0.3145 -0.3287 -0.2637 0.0371 0.1995 -0.0482 -0.2977 -0.3310 -0.2971 -0.0468 0.1213 0.1994 -0.1274 0.1994 0.1213 -0.0468 -0.2971 -0.3310 -0.2977 -0.0482 0.1995 0.0371 -0.2637 -0.3287 -0.3145 -0.1632 0.2375 0.0867 -0.1520 -0.3139 -0.3268 -0.2548 0.1142 0.1452 -0.0059 -0.2853 -0.3311 -0.3069 -0.1247 0.2304 0.0746 -0.1782 -0.3151 -0.3271 -0.2725 0.0303 0.1853 0.0352 -0.2547 -0.3255 -0.3213 -0.2218 0.1582 0.1445 0.0069 -0.2760 -0.3292 -0.3163 -0.1900 0.2165 0.1206 -0.0245 -0.2606
-0.0366 0.1330 0.1919 -0.2062 -0.3190 -0.3276 -0.2674 0.0208 0.1602 0.1109 -0.2389 -0.3235 -0.3231 -0.2409 0.0443 0.1970 -0.0037 -0.2847 -0.3279 -0.3136 -0.1707 0.0758 0.2304 -0.1221 -0.3061 -0.3312 -0.2877 -0.0160 0.1361 0.1492 -0.2401 -0.3253 -0.3171 -0.1783 0.0786 0.2351 -0.1468 -0.3116 -0.3300 -0.2733 0.0253 0.1848 -0.0098 -0.2941 -0.3302 -0.3022 -0.0722 0.1112 0.2141 -0.2048 -0.3054 -0.2048 0.2141 0.1112 -0.0722 -0.3022 -0.3302 -0.2941 -0.0098 0.1848 0.0253 -0.2733 -0.3300 -0.3116 -0.1468 0.2351 0.0786 -0.1783 -0.3171 -0.3253 -0.2401 0.1492 0.1361 -0.0160 -0.2877 -0.3312 -0.3061 -0.1221 0.2304 0.0758 -0.1707 -0.3136 -0.3279 -0.2847 -0.0037 0.1970 0.0443 -0.2409 -0.3231 -0.3235 -0.2389 0.1109 0.1602 0.0208 -0.2674 -0.3276 -0.3190 -0.2062 0.1919 0.1330 -0.0366
0.1391 0.1547 -0.2228 -0.3214 -0.3256 -0.2558 0.0331 0.1789 0.0570 -0.2576 -0.3255 -0.3202 -0.2226 0.0537 0.2060 -0.0374 -0.2932 -0.3289 -0.3111 -0.1558 0.0792 0.2321 -0.1247 -0.3061 -0.3312 -0.2890 -0.0230 0.1303 0.1722 -0.2288 -0.3239 -0.3198 -0.2003 0.0710 0.2302 -0.1301 -0.3087 -0.3308 -0.2801 0.0121 0.1664 0.0382 -0.2834 -0.3292 -0.3070 -0.1009 0.1017 0.2300 -0.1916 -0.3229 -0.3464 -0.3229 -0.1916 0.2300 0.1017 -0.1009 -0.3070 -0.3292 -0.2834 0.0382 0.1664 0.0121 -0.2801 -0.3308 -0.3087 -0.1301 0.2302 0.0710 -0.2003 -0.3198 -0.3239 -0.2288 0.1722 0.1303 -0.0230 -0.2890 -0.3312 -0.3061 -0.1247 0.2321 0.0792 -0.1558 -0.3111 -0.3289 -0.2932 -0.0374 0.2060 0.0537 -0.2226 -0.3202 -0.3255 -0.2576 0.0570 0.1789 0.0331 -0.2558 -0.3256 -0.3214 -0.2228 0.1547 0.1391
0.0980 -0.2402 -0.3236 -0.3230 -0.2405 0.0441 0.1952 0.0061 -0.2780 -0.3272 -0.3168 -0.1995 0.0630 0.2153 -0.0674 -0.2964 -0.3299 -0.3078 -0.1347 0.0844 0.2347 -0.1319 -0.3069 -0.3312 -0.2890 -0.0254 0.1274 0.1849 -0.2210 -0.3227 -0.3217 -0.2172 0.0641 0.2241 -0.1131 -0.3058 -0.3312 -0.2851 -0.0024 0.1500 0.0918 -0.2646 -0.3278 -0.3115 -0.1316 0.0927 0.2366 -0.1748 -0.3165 -0.3403 -0.3288 -0.3403 -0.3165 -0.1748 0.2366 0.0927 -0.1316 -0.3115 -0.3278 -0.2646 0.0918 0.1500 -0.0024 -0.2851 -0.3312 -0.3058 -0.1131 0.2241 0.0641 -0.2172 -0.3217 -0.3227 -0.2210 0.1849 0.1274 -0.0254 -0.2890 -0.3312 -0.3069 -0.1319 0.2347 0.0844 -0.1347 -0.3078 -0.3299 -0.2964 -0.0674 0.2153 0.0630 -0.1995 -0.3168 -0.3272 -0.2780 0.0061 0.1952 0.0441 -0.2405 -0.3230 -0.3236 -0.2402 0.0980
-0.2047 -0.3260 -0.3200 -0.2212 0.0542 0.2061 -0.0358 -0.2917 -0.3287 -0.3129 -0.1724 0.0721 0.2241 -0.0932 -0.2998 -0.3307 -0.3038 -0.1094 0.0911 0.2370 -0.1426 -0.3084 -0.3311 -0.2877 -0.0230 0.1274 0.1889 -0.2169 -0.3219 -0.3230 -0.2288 0.0581 0.2179 -0.0962 -0.3031 -0.3313 -0.2897 -0.0183 0.1367 0.1406 -0.2457 -0.3261 -0.3155 -0.1622 0.0840 0.2372 -0.1584 -0.3136 -0.3284 -0.2654 -0.0538 -0.2654 -0.3284 -0.3136 -0.1584 0.2372 0.0840 -0.1622 -0.3155 -0.3261 -0.2457 0.1406 0.1367 -0.0183 -0.2897 -0.3313 -0.3031 -0.0962 0.2179 0.0581 -0.2288 -0.3230 -0.3219 -0.2169 0.1889 0.1274 -0.0230 -0.2877 -0.3311 -0.3084 -0.1426 0.2370 0.0911 -0.1094 -0.3038 -0.3307 -0.2998 -0.0932 0.2241 0.0721 -0.1724 -0.3129 -0.3287 -0.2917 -0.0358 0.2061 0.0542 -0.2212 -0.3200 -0.3260 -0.2047
-0.2707 -0.3169 -0.1977 0.0637 0.2159 -0.0686 -0.2964 -0.3299 -0.3086 -0.1424 0.0810 0.2315 -0.1154 -0.3031 -0.3312 -0.2991 -0.0828 0.0986 0.2373 -0.1555 -0.3105 -0.3309 -0.2853 -0.0160 0.1303 0.1849 -0.2169 -0.3216 -0.3236 -0.2354 0.0537 0.2127 -0.0805 -0.3007 -0.3312 -0.2938 -0.0356 0.1260 0.1781 -0.2290 -0.3242 -0.3189 -0.1904 0.0752 0.2335 -0.1411 -0.3107 -0.3301 -0.2749 0.0244 0.0996 0.0244 -0.2749 -0.3301 -0.3107 -0.1411 0.2335 0.0752 -0.1904 -0.3189 -0.3242 -0.2290 0.1781 0.1260 -0.0356 -0.2938 -0.3312 -0.3007 -0.0805 0.2127 0.0537 -0.2354 -0.3236 -0.3216 -0.2169 0.1849 0.1303 -0.0160 -0.2853 -0.3309 -0.3105 -0.1555 0.2373 0.0986 -0.0828 -0.2991 -0.3312 -0.3031 -0.1154 0.2315 0.0810 -0.1424 -0.3086 -0.3299 -0.2964 -0.0686 0.2159 0.0637 -0.1977 -0.3169 -0.2707
-0.2755 -0.1686 0.0727 0.2247 -0.0949 -0.3000 -0.3307 -0.3039 -0.1114 0.0897 0.2363 -0.1349 -0.3064 -0.3314 -0.2941 -0.0570 0.1072 0.2334 -0.1696 -0.3129 -0.3304 -0.2820 -0.0059 0.1361 0.1722 -0.2210 -0.3219 -0.3236 -0.2376 0.0514 0.2094 -0.0681 -0.2989 -0.3309 -0.2974 -0.0530 0.1172 0.2038 -0.2143 -0.3223 -0.3219 -0.2140 0.0665 0.2270 -0.1225 -0.3076 -0.3311 -0.2818 0.0089 0.1477 0.2259 0.1477 0.0089 -0.2818 -0.3311 -0.3076 -0.1225 0.2270 0.0665 -0.2140 -0.3219 -0.3223 -0.2143 0.2038 0.1172 -0.0530 -0.2974 -0.3309 -0.2989 -0.0681 0.2094 0.0514 -0.2376 -0.3236 -0.3219 -0.2210 0.1722 0.1361 -0.0059 -0.2820 -0.3304 -0.3129 -0.1696 0.2334 0.1072 -0.0570 -0.2941 -0.3314 -0.3064 -0.1349 0.2363 0.0897 -0.1114 -0.3039 -0.3307 -0.3000 -0.0949 0.2247 0.0727 -0.1686 -0.2755
-0.1700 0.0833 0.2319 -0.1169 -0.3034 -0.3313 -0.2989 -0.0818 0.0985 0.2374 -0.1525 -0.3096 -0.3312 -0.2889 -0.0339 0.1168 0.2226 -0.1845 -0.3155 -0.3295 -0.2773 0.0057 0.1452 0.1492 -0.2288 -0.3227 -0.3230 -0.2354 0.0514 0.2083 -0.0613 -0.2977 -0.3307 -0.3001 -0.0689 0.1103 0.2196 -0.2012 -0.3204 -0.3243 -0.2328 0.0578 0.2190 -0.1020 -0.3043 -0.3314 -0.2870 -0.0080 0.1451 0.1228 -0.1726 0.1228 0.1451 -0.0080 -0.2870 -0.3314 -0.3043 -0.1020 0.2190 0.0578 -0.2328 -0.3243 -0.3204 -0.2012 0.2196 0.1103 -0.0689 -0.3001 -0.3307 -0.2977 -0.0613 0.2083 0.0514 -0.2354 -0.3230 -0.3227 -0.2288 0.1492 0.1452 0.0057 -0.2773 -0.3295 -0.3155 -0.1845 0.2226 0.1168 -0.0339 -0.2889 -0.3312 -0.3096 -0.1525 0.2374 0.0985 -0.0818 -0.2989 -0.3313 -0.3034 -0.1169 0.2319 0.0833 -0.1700
0.0815 0.2365 -0.1362 -0.3067 -0.3314 -0.2937 -0.0552 0.1077 0.2332 -0.1692 -0.3126 -0.3306 -0.2837 -0.0142 0.1277 0.2022 -0.2002 -0.3180 -0.3281 -0.2702 0.0177 0.1576 0.1142 -0.2401 -0.3239 -0.3217 -0.2288 0.0537 0.2094 -0.0613 -0.2973 -0.3305 -0.3017 -0.0808 0.1053 0.2284 -0.1901 -0.3185 -0.3261 -0.2471 0.0493 0.2105 -0.0792 -0.3011 -0.3313 -0.2921 -0.0264 0.1321 0.1533 -0.2379 -0.3130 -0.2379 0.1533 0.1321 -0.0264 -0.2921 -0.3313 -0.3011 -0.0792 0.2105 0.0493 -0.2471 -0.3261 -0.3185 -0.1901 0.2284 0.1053 -0.0808 -0.3017 -0.3305 -0.2973 -0.0613 0.2094 0.0537 -0.2288 -0.3217 -0.3239 -0.2401 0.1142 0.1576 0.0177 -0.2702 -0.3281 -0.3180 -0.2002 0.2022 0.1277 -0.0142 -0.2837 -0.3306 -0.3126 -0.1692 0.2332 0.1077 -0.0552 -0.2937 -0.3314 -0.3067 -0.1362 0.2365 0.0815
0.2230 -0.1538 -0.3098 -0.3312 -0.2885 -0.0322 0.1176 0.2215 -0.1853 -0.3155 -0.3296 -0.2780 0.0026 0.1404 0.1700 -0.2166 -0.3205 -0.3263 -0.2602 0.0293 0.1734 0.0690 -0.2548 -0.3253 -0.3198 -0.2172 0.0581 0.2127 -0.0681 -0.2977 -0.3305 -0.3022 -0.0871 0.1023 0.2326 -0.1817 -0.3169 -0.3274 -0.2575 0.0411 0.2022 -0.0538 -0.2980 -0.3309 -0.2971 -0.0476 0.1207 0.1919 -0.2232 -0.3285 -0.3492 -0.3285 -0.2232 0.1919 0.1207 -0.0476 -0.2971 -0.3309 -0.2980 -0.0538 0.2022 0.0411 -0.2575 -0.3274 -0.3169 -0.1817 0.2326 0.1023 -0.0871 -0.3022 -0.3305 -0.2977 -0.0681 0.2127 0.0581 -0.2172 -0.3198 -0.3253 -0.2548 0.0690 0.1734 0.0293 -0.2602 -0.3263 -0.3205 -0.2166 0.1700 0.1404 0.0026 -0.2780 -0.3296 -0.3155 -0.1853 0.2215 0.1176 -0.0322 -0.2885 -0.3312 -0.3098 -0.1538 0.2230
-0.1458 -0.3132 -0.3305 -0.2833 -0.0128 0.1287 0.2001 -0.2015 -0.3182 -0.3281 -0.2702 0.0170 0.1554 0.1255 -0.2338 -0.3228 -0.3240 -0.2464 0.0403 0.1898 0.0211 -0.2723 -0.3268 -0.3171 -0.2003 0.0641 0.2179 -0.0805 -0.2989 -0.3307 -0.3017 -0.0871 0.1013 0.2342 -0.1765 -0.3158 -0.3283 -0.2647 0.0337 0.1945 -0.0259 -0.2950 -0.3303 -0.3016 -0.0709 0.1111 0.2158 -0.2063 -0.3213 -0.3370 -0.3156 -0.3370 -0.3213 -0.2063 0.2158 0.1111 -0.0709 -0.3016 -0.3303 -0.2950 -0.0259 0.1945 0.0337 -0.2647 -0.3283 -0.3158 -0.1765 0.2342 0.1013 -0.0871 -0.3017 -0.3307 -0.2989 -0.0805 0.2179 0.0641 -0.2003 -0.3171 -0.3268 -0.2723 0.0211 0.1898 0.0403 -0.2464 -0.3240 -0.3228 -0.2338 0.1255 0.1554 0.0170 -0.2702 -0.3281 -0.3182 -0.2015 0.2001 0.1287 -0.0128 -0.2833 -0.3305 -0.3132 -0.1458
-0.2551 -0.3299 -0.2775 0.0038 0.1415 0.1669 -0.2180 -0.3207 -0.3262 -0.2595 0.0297 0.1731 0.0726 -0.2521 -0.3249 -0.3211 -0.2286 0.0507 0.2025 -0.0221 -0.2875 -0.3282 -0.3139 -0.1783 0.0710 0.2241 -0.0962 -0.3007 -0.3309 -0.3001 -0.0808 0.1023 0.2342 -0.1747 -0.3152 -0.3288 -0.2690 0.0276 0.1852 0.0025 -0.2921 -0.3296 -0.3055 -0.0953 0.1027 0.2294 -0.1911 -0.3190 -0.3245 -0.2333 -0.0129 -0.2333 -0.3245 -0.3190 -0.1911 0.2294 0.1027 -0.0953 -0.3055 -0.3296 -0.2921 0.0025 0.1852 0.0276 -0.2690 -0.3288 -0.3152 -0.1747 0.2342 0.1023 -0.0808 -0.3001 -0.3309 -0.3007 -0.0962 0.2241 0.0710 -0.1783 -0.3139 -0.3282 -0.2875 -0.0221 0.2025 0.0507 -0.2286 -0.3211 -0.3249 -0.2521 0.0726 0.1731 0.0297 -0.2595 -0.3262 -0.3207 -0.2180 0.1669 0.1415 0.0038 -0.2775 -0.3299 -0.2551
-0.2819 -0.2696 0.0179 0.1567 0.1216 -0.2352 -0.3230 -0.3238 -0.2453 0.0410 0.1904 0.0199 -0.2719 -0.3267 -0.3178 -0.2066 0.0604 0.2125 -0.0577 -0.2951 -0.3295 -0.3100 -0.1520 0.0786 0.2302 -0.1131 -0.3031 -0.3312 -0.2974 -0.0689 0.1053 0.2326 -0.1765 -0.3152 -0.3289 -0.2710 0.0236 0.1764 0.0269 -0.2850 -0.3287 -0.3088 -0.1188 0.0953 0.2359 -0.1769 -0.3166 -0.3272 -0.2540 0.0460 0.1180 0.0460 -0.2540 -0.3272 -0.3166 -0.1769 0.2359 0.0953 -0.1188 -0.3088 -0.3287 -0.2850 0.0269 0.1764 0.0236 -0.2710 -0.3289 -0.3152 -0.1765 0.2326 0.1053 -0.0689 -0.2974 -0.3312 -0.3031 -0.1131 0.2302 0.0786 -0.1520 -0.3100 -0.3295 -0.2951 -0.0577 0.2125 0.0604 -0.2066 -0.3178 -0.3267 -0.2719 0.0199 0.1904 0.0410 -0.2453 -0.3238 -0.3230 -0.2352 0.1216 0.1567 0.0179 -0.2696 -0.2819
-0.2473 0.0322 0.1747 0.0683 -0.2536 -0.3251 -0.3209 -0.2272 0.0514 0.2032 -0.0247 -0.2880 -0.3283 -0.3141 -0.1805 0.0696 0.2217 -0.0860 -0.2987 -0.3305 -0.3056 -0.1225 0.0867 0.2351 -0.1301 -0.3058 -0.3313 -0.2938 -0.0530 0.1103 0.2284 -0.1817 -0.3158 -0.3288 -0.2710 0.0222 0.1721 0.0434 -0.2759 -0.3280 -0.3113 -0.1390 0.0890 0.2376 -0.1636 -0.3143 -0.3289 -0.2661 0.0349 0.1766 0.2148 0.1766 0.0349 -0.2661 -0.3289 -0.3143 -0.1636 0.2376 0.0890 -0.1390 -0.3113 -0.3280 -0.2759 0.0434 0.1721 0.0222 -0.2710 -0.3288 -0.3158 -0.1817 0.2284 0.1103 -0.0530 -0.2938 -0.3313 -0.3058 -0.1301 0.2351 0.0867 -0.1225 -0.3056 -0.3305 -0.2987 -0.0860 0.2217 0.0696 -0.1805 -0.3141 -0.3283 -0.2880 -0.0247 0.2032 0.0514 -0.2272 -0.3209 -0.3251 -0.2536 0.0683 0.1747 0.0322 -0.2473
0.0243 0.1917 0.0161 -0.2736 -0.3269 -0.3176 -0.2048 0.0611 0.2132 -0.0599 -0.2954 -0.3296 -0.3099 -0.1512 0.0784 0.2296 -0.1094 -0.3022 -0.3311 -0.3008 -0.0924 0.0953 0.2375 -0.1468 -0.3087 -0.3312 -0.2897 -0.0356 0.1172 0.2196 -0.1901 -0.3169 -0.3283 -0.2690 0.0236 0.1721 0.0493 -0.2713 -0.3276 -0.3130 -0.1542 0.0840 0.2367 -0.1517 -0.3120 -0.3299 -0.2739 0.0235 0.1812 0.0139 -0.2212 0.0139 0.1812 0.0235 -0.2739 -0.3299 -0.3120 -0.1517 0.2367 0.0840 -0.1542 -0.3130 -0.3276 -0.2713 0.0493 0.1721 0.0236 -0.2690 -0.3283 -0.3169 -0.1901 0.2196 0.1172 -0.0356 -0.2897 -0.3312 -0.3087 -0.1468 0.2375 0.0953 -0.0924 -0.3008 -0.3311 -0.3022 -0.1094 0.2296 0.0784 -0.1512 -0.3099 -0.3296 -0.2954 -0.0599 0.2132 0.0611 -0.2048 -0.3176 -0.3269 -0.2736 0.0161 0.1917 0.0243
0.1943 -0.0280 -0.2890 -0.3284 -0.3138 -0.1785 0.0702 0.2223 -0.0879 -0.2990 -0.3305 -0.3053 -0.1203 0.0872 0.2352 -0.1295 -0.3055 -0.3314 -0.2957 -0.0645 0.1043 0.2355 -0.1632 -0.3116 -0.3308 -0.2851 -0.0183 0.1260 0.2038 -0.2012 -0.3185 -0.3274 -0.2647 0.0276 0.1764 0.0434 -0.2713 -0.3274 -0.3138 -0.1637 0.0805 0.2349 -0.1418 -0.3101 -0.3305 -0.2792 0.0126 0.1658 0.0421 -0.2797 -0.3207 -0.2797 0.0421 0.1658 0.0126 -0.2792 -0.3305 -0.3101 -0.1418 0.2349 0.0805 -0.1637 -0.3138 -0.3274 -0.2713 0.0434 0.1764 0.0276 -0.2647 -0.3274 -0.3185 -0.2012 0.2038 0.1260 -0.0183 -0.2851 -0.3308 -0.3116 -0.1632 0.2355 0.1043 -0.0645 -0.2957 -0.3314 -0.3055 -0.1295 0.2352 0.0872 -0.1203 -0.3053 -0.3305 -0.2990 -0.0879 0.2223 0.0702 -0.1785 -0.3138 -0.3284 -0.2890 -0.0280 0.1943
-0.0534 -0.2960 -0.3296 -0.3096 -0.1490 0.0791 0.2300 -0.1109 -0.3024 -0.3311 -0.3004 -0.0901 0.0960 0.2376 -0.1476 -0.3087 -0.3313 -0.2904 -0.0402 0.1139 0.2268 -0.1794 -0.3145 -0.3300 -0.2801 -0.0024 0.1367 0.1781 -0.2143 -0.3204 -0.3261 -0.2575 0.0337 0.1852 0.0269 -0.2759 -0.3276 -0.3138 -0.1669 0.0786 0.2334 -0.1345 -0.3086 -0.3309 -0.2826 0.0023 0.1527 0.0886 -0.2645 -0.3337 -0.3504 -0.3337 -0.2645 0.0886 0.1527 0.0023 -0.2826 -0.3309 -0.3086 -0.1345 0.2334 0.0786 -0.1669 -0.3138 -0.3276 -0.2759 0.0269 0.1852 0.0337 -0.2575 -0.3261 -0.3204 -0.2143 0.1781 0.1367 -0.0024 -0.2801 -0.3300 -0.3145 -0.1794 0.2268 0.1139 -0.0402 -0.2904 -0.3313 -0.3087 -0.1476 0.2376 0.0960 -0.0901 -0.3004 -0.3311 -0.3024 -0.1109 0.2300 0.0791 -0.1490 -0.3096 -0.3296 -0.2960 -0.0534
-0.2354 -0.3310 -0.3049 -0.1180 0.0878 0.2355 -0.1309 -0.3058 -0.3314 -0.2952 -0.0625 0.1050 0.2351 -0.1644 -0.3118 -0.3309 -0.2852 -0.0195 0.1244 0.2092 -0.1955 -0.3173 -0.3287 -0.2733 0.0121 0.1500 0.1406 -0.2290 -0.3223 -0.3243 -0.2471 0.0411 0.1945 0.0025 -0.2850 -0.3280 -0.3130 -0.1637 0.0786 0.2328 -0.1305 -0.3076 -0.3311 -0.2851 -0.0068 0.1431 0.1256 -0.2491 -0.3260 -0.3301 -0.2934 -0.3301 -0.3260 -0.2491 0.1256 0.1431 -0.0068 -0.2851 -0.3311 -0.3076 -0.1305 0.2328 0.0786 -0.1637 -0.3130 -0.3280 -0.2850 0.0025 0.1945 0.0411 -0.2471 -0.3243 -0.3223 -0.2290 0.1406 0.1500 0.0121 -0.2733 -0.3287 -0.3173 -0.1955 0.2092 0.1244 -0.0195 -0.2852 -0.3309 -0.3118 -0.1644 0.2351 0.1050 -0.0625 -0.2952 -0.3314 -0.3058 -0.1309 0.2355 0.0878 -0.1180 -0.3049 -0.3310 -0.2354
-0.2783 -0.3003 -0.0881 0.0966 0.2376 -0.1488 -0.3090 -0.3313 -0.2900 -0.0385 0.1147 0.2258 -0.1807 -0.3147 -0.3300 -0.2798 -0.0020 0.1365 0.1805 -0.2118 -0.3198 -0.3269 -0.2637 0.0253 0.1664 0.0918 -0.2457 -0.3242 -0.3219 -0.2328 0.0493 0.2022 -0.0259 -0.2921 -0.3287 -0.3113 -0.1542 0.0805 0.2334 -0.1305 -0.3072 -0.3312 -0.2866 -0.0137 0.1365 0.1518 -0.2376 -0.3248 -0.3171 -0.1773 0.0204 -0.1773 -0.3171 -0.3248 -0.2376 0.1518 0.1365 -0.0137 -0.2866 -0.3312 -0.3072 -0.1305 0.2334 0.0805 -0.1542 -0.3113 -0.3287 -0.2921 -0.0259 0.2022 0.0493 -0.2328 -0.3219 -0.3242 -0.2457 0.0918 0.1664 0.0253 -0.2637 -0.3269 -0.3198 -0.2118 0.1805 0.1365 -0.0020 -0.2798 -0.3300 -0.3147 -0.1807 0.2258 0.1147 -0.0385 -0.2900 -0.3313 -0.3090 -0.1488 0.2376 0.0966 -0.0881 -0.3003 -0.2783
-0.2653 -0.0585 0.1056 0.2346 -0.1656 -0.3120 -0.3308 -0.2848 -0.0181 0.1253 0.2074 -0.1968 -0.3175 -0.3286 -0.2727 0.0131 0.1508 0.1395 -0.2288 -0.3222 -0.3247 -0.2508 0.0371 0.1848 0.0382 -0.2646 -0.3261 -0.3189 -0.2140 0.0578 0.2105 -0.0538 -0.2950 -0.3296 -0.3088 -0.1390 0.0840 0.2349 -0.1345 -0.3076 -0.3312 -0.2871 -0.0177 0.1326 0.1680 -0.2292 -0.3238 -0.3200 -0.2038 0.0688 0.1449 0.0688 -0.2038 -0.3200 -0.3238 -0.2292 0.1680 0.1326 -0.0177 -0.2871 -0.3312 -0.3076 -0.1345 0.2349 0.0840 -0.1390 -0.3088 -0.3296 -0.2950 -0.0538 0.2105 0.0578 -0.2140 -0.3189 -0.3261 -0.2646 0.0382 0.1848 0.0371 -0.2508 -0.3247 -0.3222 -0.2288 0.1395 0.1508 0.0131 -0.2727 -0.3286 -0.3175 -0.1968 0.2074 0.1253 -0.0181 -0.2848 -0.3308 -0.3120 -0.1656 0.2346 0.1056 -0.0585 -0.2653
-0.0712 0.1169 0.2248 -0.1818 -0.3149 -0.3298 -0.2793 -0.0007 0.1376 0.1778 -0.2132 -0.3200 -0.3268 -0.2629 0.0262 0.1677 0.0882 -0.2467 -0.3243 -0.3220 -0.2342 0.0477 0.1995 -0.0098 -0.2834 -0.3278 -0.3155 -0.1904 0.0665 0.2190 -0.0792 -0.2980 -0.3303 -0.3055 -0.1188 0.0890 0.2367 -0.1418 -0.3086 -0.3311 -0.2866 -0.0177 0.1313 0.1756 -0.2241 -0.3229 -0.3217 -0.2186 0.0633 0.2079 0.1428 0.2079 0.0633 -0.2186 -0.3217 -0.3230 -0.2241 0.1756 0.1313 -0.0177 -0.2866 -0.3311 -0.3086 -0.1418 0.2367 0.0890 -0.1188 -0.3055 -0.3303 -0.2980 -0.0792 0.2190 0.0665 -0.1904 -0.3155 -0.3278 -0.2834 -0.0098 0.1995 0.0477 -0.2342 -0.3220 -0.3243 -0.2467 0.0882 0.1677 0.0262 -0.2629 -0.3268 -0.3200 -0.2132 0.1778 0.1376 -0.0007 -0.2793 -0.3298 -0.3149 -0.1818 0.2248 0.1169 -0.0712
0.1204 0.2053 -0.1980 -0.3177 -0.3285 -0.2721 0.0141 0.1521 0.1358 -0.2301 -0.3224 -0.3246 -0.2497 0.0379 0.1859 0.0345 -0.2660 -0.3262 -0.3188 -0.2134 0.0576 0.2097 -0.0482 -0.2941 -0.3292 -0.3115 -0.1622 0.0752 0.2270 -0.1020 -0.3011 -0.3309 -0.3016 -0.0953 0.0953 0.2376 -0.1517 -0.3101 -0.3309 -0.2851 -0.0137 0.1326 0.1756 -0.2223 -0.3225 -0.3225 -0.2268 0.0583 0.2178 -0.0875 -0.2554 -0.0875 0.2178 0.0583 -0.2268 -0.3225 -0.3225 -0.2224 0.1756 0.1326 -0.0137 -0.2851 -0.3309 -0.3101 -0.1517 0.2376 0.0953 -0.0953 -0.3016 -0.3309 -0.3011 -0.1020 0.2270 0.0752 -0.1622 -0.3115 -0.3292 -0.2941 -0.0482 0.2097 0.0576 -0.2134 -0.3188 -0.3262 -0.2660 0.0345 0.1859 0.0379 -0.2497 -0.3246 -0.3224 -0.2301 0.1358 0.1521 0.0141 -0.2721 -0.3285 -0.3177 -0.1980 0.2053 0.1204
0.1610 -0.2144 -0.3202 -0.3266 -0.2620 0.0271 0.1692 0.0840 -0.2482 -0.3245 -0.3218 -0.2328 0.0485 0.2003 -0.0129 -0.2843 -0.3279 -0.3152 -0.1884 0.0670 0.2192 -0.0785 -0.2977 -0.3302 -0.3070 -0.1316 0.0840 0.2335 -0.1225 -0.3043 -0.3313 -0.2971 -0.0709 0.1027 0.2359 -0.1636 -0.3120 -0.3305 -0.2826 -0.0068 0.1365 0.1680 -0.2241 -0.3225 -0.3228 -0.2307 0.0554 0.2137 -0.0826 -0.3018 -0.3304 -0.3018 -0.0826 0.2137 0.0554 -0.2308 -0.3228 -0.3225 -0.2241 0.1680 0.1365 -0.0068 -0.2826 -0.3305 -0.3120 -0.1636 0.2359 0.1027 -0.0709 -0.2971 -0.3313 -0.3043 -0.1225 0.2335 0.0840 -0.1316 -0.3070 -0.3302 -0.2977 -0.0785 0.2192 0.0670 -0.1884 -0.3152 -0.3279 -0.2843 -0.0129 0.2003 0.0485 -0.2328 -0.3218 -0.3245 -0.2482 0.0840 0.1692 0.0271 -0.2620 -0.3266 -0.3202 -0.2144 0.1610
-0.1883 -0.3229 -0.3243 -0.2486 0.0387 0.1872 0.0304 -0.2676 -0.3264 -0.3186 -0.2117 0.0583 0.2104 -0.0507 -0.2943 -0.3292 -0.3111 -0.1599 0.0759 0.2275 -0.1031 -0.3012 -0.3310 -0.3022 -0.1009 0.0927 0.2372 -0.1411 -0.3076 -0.3314 -0.2921 -0.0476 0.1111 0.2294 -0.1769 -0.3143 -0.3299 -0.2792 0.0023 0.1431 0.1518 -0.2292 -0.3229 -0.3225 -0.2307 0.0544 0.2118 -0.0732 -0.2994 -0.3389 -0.3478 -0.3389 -0.2994 -0.0732 0.2118 0.0544 -0.2308 -0.3225 -0.3230 -0.2292 0.1518 0.1431 0.0023 -0.2792 -0.3299 -0.3143 -0.1769 0.2294 0.1111 -0.0476 -0.2921 -0.3314 -0.3076 -0.1411 0.2372 0.0927 -0.1009 -0.3022 -0.3310 -0.3012 -0.1031 0.2275 0.0759 -0.1599 -0.3111 -0.3292 -0.2943 -0.0507 0.2104 0.0583 -0.2117 -0.3186 -0.3264 -0.2676 0.0304 0.1872 0.0387 -0.2486 -0.3243 -0.3229 -0.1883
-0.2667 -0.3219 -0.2314 0.0493 0.2011 -0.0162 -0.2853 -0.3280 -0.3149 -0.1864 0.0676 0.2198 -0.0804 -0.2979 -0.3303 -0.3066 -0.1292 0.0847 0.2339 -0.1240 -0.3046 -0.3314 -0.2971 -0.0722 0.1017 0.2366 -0.1584 -0.3107 -0.3311 -0.2870 -0.0264 0.1207 0.2158 -0.1911 -0.3166 -0.3289 -0.2739 0.0126 0.1527 0.1256 -0.2376 -0.3238 -0.3217 -0.2268 0.0554 0.2118 -0.0701 -0.2985 -0.3304 -0.3127 -0.2268 -0.3127 -0.3303 -0.2985 -0.0701 0.2118 0.0554 -0.2268 -0.3217 -0.3238 -0.2376 0.1256 0.1527 0.0126 -0.2739 -0.3289 -0.3166 -0.1911 0.2158 0.1207 -0.0264 -0.2870 -0.3311 -0.3107 -0.1584 0.2366 0.1017 -0.0722 -0.2971 -0.3313 -0.3046 -0.1240 0.2339 0.0847 -0.1292 -0.3066 -0.3303 -0.2979 -0.0804 0.2198 0.0676 -0.1864 -0.3149 -0.3280 -0.2853 -0.0163 0.2011 0.0493 -0.2314 -0.3219 -0.2667
-0.2785 -0.2090 0.0589 0.2112 -0.0533 -0.2946 -0.3293 -0.3108 -0.1577 0.0765 0.2280 -0.1047 -0.3014 -0.3310 -0.3018 -0.0986 0.0934 0.2373 -0.1425 -0.3078 -0.3314 -0.2919 -0.0468 0.1111 0.2301 -0.1748 -0.3137 -0.3303 -0.2818 -0.0080 0.1320 0.1921 -0.2063 -0.3190 -0.3274 -0.2661 0.0233 0.1654 0.0889 -0.2491 -0.3249 -0.3203 -0.2187 0.0583 0.2137 -0.0730 -0.2985 -0.3306 -0.2996 -0.0665 0.0563 -0.0664 -0.2994 -0.3304 -0.2985 -0.0732 0.2137 0.0583 -0.2186 -0.3200 -0.3248 -0.2491 0.0886 0.1658 0.0235 -0.2661 -0.3272 -0.3190 -0.2063 0.1919 0.1321 -0.0080 -0.2818 -0.3301 -0.3136 -0.1748 0.2300 0.1112 -0.0468 -0.2918 -0.3312 -0.3078 -0.1426 0.2373 0.0935 -0.0985 -0.3016 -0.3309 -0.3014 -0.1048 0.2280 0.0766 -0.1577 -0.3106 -0.3292 -0.2946 -0.0534 0.2112 0.0590 -0.2090 -0.2783
-0.2023 0.0700 0.2205 -0.0825 -0.2982 -0.3304 -0.3063 -0.1270 0.0853 0.2342 -0.1254 -0.3048 -0.3314 -0.2967 -0.0701 0.1024 0.2364 -0.1597 -0.3109 -0.3310 -0.2867 -0.0251 0.1213 0.2153 -0.1909 -0.3165 -0.3291 -0.2755 0.0079 0.1454 0.1557 -0.2226 -0.3214 -0.3255 -0.2553 0.0339 0.1817 0.0456 -0.2636 -0.3262 -0.3182 -0.2060 0.0626 0.2173 -0.0810 -0.2992 -0.3308 -0.3004 -0.0769 0.1021 0.1947 0.1024 -0.0743 -0.2994 -0.3303 -0.2994 -0.0826 0.2178 0.0633 -0.2038 -0.3171 -0.3260 -0.2645 0.0421 0.1812 0.0349 -0.2540 -0.3245 -0.3213 -0.2232 0.1533 0.1451 0.0089 -0.2749 -0.3284 -0.3165 -0.1916 0.2141 0.1213 -0.0237 -0.2862 -0.3304 -0.3110 -0.1604 0.2360 0.1026 -0.0681 -0.2959 -0.3309 -0.3049 -0.1263 0.2344 0.0856 -0.1246 -0.3053 -0.3300 -0.2984 -0.0838 0.2208 0.0703 -0.2012
0.0663 0.2285 -0.1064 -0.3017 -0.3311 -0.3015 -0.0964 0.0941 0.2374 -0.1438 -0.3081 -0.3314 -0.2915 -0.0450 0.1118 0.2293 -0.1761 -0.3139 -0.3303 -0.2814 -0.0067 0.1329 0.1900 -0.2071 -0.3191 -0.3275 -0.2668 0.0216 0.1614 0.1075 -0.2401 -0.3236 -0.3230 -0.2406 0.0441 0.1960 0.0024 -0.2810 -0.3276 -0.3155 -0.1884 0.0683 0.2221 -0.0927 -0.3005 -0.3309 -0.2997 -0.0765 0.1049 0.2339 -0.0582 0.2376 0.1024 -0.0664 -0.3127 -0.3389 -0.3018 -0.0875 0.2079 0.0688 -0.1773 -0.3301 -0.3337 -0.2797 0.0139 0.1766 0.0460 -0.2333 -0.3370 -0.3285 -0.2379 0.1228 0.1477 0.0244 -0.2654 -0.3403 -0.3229 -0.2048 0.1994 0.1256 -0.0021 -0.2867 -0.3416 -0.3168 -0.1731 0.2332 0.1077 -0.0379 -0.3026 -0.3413 -0.3101 -0.1401 0.2379 0.0920 -0.0863 -0.3154 -0.3395 -0.3030 -0.1007 0.2167 0.0648
0.2217 -0.1269 -0.3050 -0.3313 -0.2963 -0.0681 0.1031 0.2361 -0.1609 -0.3111 -0.3309 -0.2863 -0.0236 0.1222 0.2137 -0.1922 -0.3167 -0.3289 -0.2750 0.0090 0.1466 0.1524 -0.2238 -0.3215 -0.3253 -0.2549 0.0338 0.1804 0.0533 -0.2589 -0.3255 -0.3199 -0.2215 0.0541 0.2061 -0.0363 -0.2927 -0.3287 -0.3121 -0.1660 0.0750 0.2276 -0.1068 -0.3024 -0.3311 -0.2977 -0.0687 0.1064 0.2290 -0.1789 -0.2831 -0.0553 0.1948 0.0563 -0.2268 -0.3478 -0.3304 -0.2554 0.1428 0.1449 0.0204 -0.2934 -0.3504 -0.3207 -0.2212 0.2148 0.1180 -0.0129 -0.3156 -0.3492 -0.3130 -0.1726 0.2259 0.0996 -0.0538 -0.3288 -0.3464 -0.3054 -0.1274 0.2184 0.0828 -0.1098 -0.3383 -0.3426 -0.2976 -0.0738 0.2028 0.0669 -0.1747 -0.3449 -0.3377 -0.2894 0.0018 0.1842 0.0510 -0.2320 -0.3488 -0.3321 -0.2648 0.1000 0.1514
