0.0019 0.0266 0.3389 1.0000 1.0000 0.0006 0.0072 0.0916 1.0000 1.0000 0.0002 0.0019 0.0245 0.3093 1.0000 1.0000 0.0005 0.0065 0.0826 1.0000 1.0000 0.0001 0.0017 0.0221 0.2791 1.0000 1.0000 0.0005 0.0059 0.0746 0.9427 1.0000 0.0001 0.0016 0.0199 0.2519 1.0000 1.0000 0.0004 0.0053 0.0673 0.8507 1.0000 0.0001 0.0014 0.0180 0.2269 1.0000 1.0000 0.0003 0.0016 0.0003 1.0000 1.0000 0.2269 0.0180 0.0014 0.0001 1.0000 0.8507 0.0673 0.0053 0.0004 1.0000 1.0000 0.2519 0.0199 0.0016 0.0001 1.0000 0.9427 0.0746 0.0059 0.0005 1.0000 1.0000 0.2791 0.0221 0.0017 0.0001 1.0000 1.0000 0.0826 0.0065 0.0005 1.0000 1.0000 0.3093 0.0245 0.0019 0.0002 1.0000 1.0000 0.0916 0.0072 0.0006 1.0000 1.0000 0.3389 0.0266 0.0019
0.0266 0.3500 1.0000 1.0000 0.0006 0.0072 0.0909 1.0000 1.0000 0.0002 0.0019 0.0243 0.3070 1.0000 1.0000 0.0005 0.0065 0.0820 1.0000 1.0000 0.0001 0.0017 0.0219 0.2770 1.0000 1.0000 0.0005 0.0059 0.0740 0.9356 1.0000 0.0001 0.0016 0.0198 0.2500 1.0000 1.0000 0.0004 0.0053 0.0668 0.8443 1.0000 0.0001 0.0014 0.0178 0.2256 1.0000 1.0000 0.0004 0.0041 0.0202 0.0041 0.0004 1.0000 1.0000 0.2256 0.0178 0.0014 0.0001 1.0000 0.8443 0.0668 0.0053 0.0004 1.0000 1.0000 0.2500 0.0198 0.0016 0.0001 1.0000 0.9356 0.0740 0.0059 0.0005 1.0000 1.0000 0.2770 0.0219 0.0017 0.0001 1.0000 1.0000 0.0820 0.0065 0.0005 1.0000 1.0000 0.3070 0.0243 0.0019 0.0002 1.0000 1.0000 0.0909 0.0072 0.0006 1.0000 1.0000 0.3500 0.0266
0.3389 1.0000 1.0000 0.0005 0.0068 0.0845 1.0000 1.0000 0.0001 0.0018 0.0224 0.2829 1.0000 1.0000 0.0005 0.0060 0.0756 0.9554 1.0000 0.0001 0.0016 0.0202 0.2553 1.0000 1.0000 0.0004 0.0054 0.0682 0.8621 1.0000 0.0001 0.0014 0.0182 0.2303 1.0000 1.0000 0.0004 0.0049 0.0615 0.7780 1.0000 0.0001 0.0013 0.0164 0.2079 1.0000 1.0000 0.0003 0.0042 0.0473 0.2343 0.0473 0.0042 0.0003 1.0000 1.0000 0.2079 0.0164 0.0013 0.0001 1.0000 0.7780 0.0615 0.0049 0.0004 1.0000 1.0000 0.2303 0.0182 0.0014 0.0001 1.0000 0.8621 0.0682 0.0054 0.0004 1.0000 1.0000 0.2553 0.0202 0.0016 0.0001 1.0000 0.9554 0.0756 0.0060 0.0005 1.0000 1.0000 0.2829 0.0224 0.0018 0.0001 1.0000 1.0000 0.0845 0.0068 0.0005 1.0000 1.0000 0.3389
1.0000 1.0000 0.0005 0.0066 0.0811 1.0000 1.0000 0.0001 0.0016 0.0207 0.2611 1.0000 1.0000 0.0004 0.0055 0.0696 0.8804 1.0000 0.0001 0.0015 0.0186 0.2352 1.0000 1.0000 0.0004 0.0050 0.0628 0.7944 1.0000 0.0001 0.0013 0.0168 0.2123 1.0000 1.0000 0.0004 0.0045 0.0567 0.7169 1.0000 0.0001 0.0012 0.0152 0.1915 1.0000 1.0000 0.0003 0.0040 0.0495 0.5514 1.0000 0.5514 0.0495 0.0040 0.0003 1.0000 1.0000 0.1915 0.0152 0.0012 0.0001 1.0000 0.7169 0.0567 0.0045 0.0004 1.0000 1.0000 0.2123 0.0168 0.0013 0.0001 1.0000 0.7944 0.0628 0.0050 0.0004 1.0000 1.0000 0.2352 0.0186 0.0015 0.0001 1.0000 0.8804 0.0696 0.0055 0.0004 1.0000 1.0000 0.2611 0.0207 0.0016 0.0001 1.0000 1.0000 0.0811 0.0066 0.0005 1.0000 1.0000
1.0000 0.0006 0.0068 0.0811 0.9868 1.0000 0.0001 0.0015 0.0194 0.2434 1.0000 1.0000 0.0004 0.0051 0.0642 0.8112 1.0000 0.0001 0.0014 0.0171 0.2167 1.0000 1.0000 0.0004 0.0046 0.0579 0.7321 1.0000 0.0001 0.0012 0.0155 0.1956 1.0000 1.0000 0.0003 0.0041 0.0523 0.6606 1.0000 0.0001 0.0011 0.0140 0.1765 1.0000 1.0000 0.0003 0.0037 0.0468 0.5761 1.0000 1.0000 1.0000 0.5761 0.0468 0.0037 0.0003 1.0000 1.0000 0.1765 0.0140 0.0011 0.0001 1.0000 0.6606 0.0523 0.0041 0.0003 1.0000 1.0000 0.1956 0.0155 0.0012 0.0001 1.0000 0.7321 0.0579 0.0046 0.0004 1.0000 1.0000 0.2167 0.0171 0.0014 0.0001 1.0000 0.8112 0.0642 0.0051 0.0004 1.0000 1.0000 0.2434 0.0194 0.0015 0.0001 1.0000 0.9868 0.0811 0.0068 0.0006 1.0000
0.0006 0.0072 0.0845 1.0000 1.0000 0.0001 0.0015 0.0185 0.2299 1.0000 1.0000 0.0004 0.0047 0.0595 0.7490 1.0000 0.0001 0.0012 0.0158 0.1997 1.0000 1.0000 0.0003 0.0042 0.0534 0.6746 1.0000 0.0001 0.0011 0.0143 0.1802 1.0000 1.0000 0.0003 0.0038 0.0482 0.6087 1.0000 0.0001 0.0010 0.0129 0.1626 1.0000 1.0000 0.0003 0.0034 0.0434 0.5452 1.0000 0.0001 0.0003 0.0001 1.0000 0.5452 0.0434 0.0034 0.0003 1.0000 1.0000 0.1626 0.0129 0.0010 0.0001 1.0000 0.6087 0.0482 0.0038 0.0003 1.0000 1.0000 0.1802 0.0143 0.0011 0.0001 1.0000 0.6746 0.0534 0.0042 0.0003 1.0000 1.0000 0.1997 0.0158 0.0012 0.0001 1.0000 0.7490 0.0595 0.0047 0.0004 1.0000 1.0000 0.2299 0.0185 0.0015 0.0001 1.0000 1.0000 0.0845 0.0072 0.0006
0.0072 0.0909 1.0000 1.0000 0.0001 0.0015 0.0182 0.2226 1.0000 1.0000 0.0004 0.0044 0.0553 0.6967 1.0000 0.0001 0.0012 0.0146 0.1840 1.0000 1.0000 0.0003 0.0039 0.0492 0.6216 1.0000 0.0001 0.0010 0.0131 0.1661 1.0000 1.0000 0.0003 0.0035 0.0444 0.5609 1.0000 0.0001 0.0009 0.0119 0.1499 1.0000 1.0000 0.0003 0.0032 0.0400 0.5052 1.0000 0.0001 0.0007 0.0036 0.0007 0.0001 1.0000 0.5052 0.0400 0.0032 0.0003 1.0000 1.0000 0.1499 0.0119 0.0009 0.0001 1.0000 0.5609 0.0444 0.0035 0.0003 1.0000 1.0000 0.1661 0.0131 0.0010 0.0001 1.0000 0.6216 0.0492 0.0039 0.0003 1.0000 1.0000 0.1840 0.0146 0.0012 0.0001 1.0000 0.6967 0.0553 0.0044 0.0004 1.0000 1.0000 0.2226 0.0182 0.0015 0.0001 1.0000 1.0000 0.0909 0.0072
0.0916 1.0000 1.0000 0.0001 0.0015 0.0185 0.2226 1.0000 1.0000 0.0003 0.0042 0.0522 0.6531 1.0000 0.0001 0.0011 0.0135 0.1699 1.0000 1.0000 0.0003 0.0036 0.0453 0.5728 1.0000 0.0001 0.0010 0.0121 0.1530 1.0000 1.0000 0.0003 0.0032 0.0409 0.5169 1.0000 0.0001 0.0009 0.0109 0.1381 1.0000 1.0000 0.0002 0.0029 0.0369 0.4664 1.0000 0.0001 0.0008 0.0084 0.0415 0.0084 0.0008 0.0001 1.0000 0.4664 0.0369 0.0029 0.0002 1.0000 1.0000 0.1381 0.0109 0.0009 0.0001 1.0000 0.5169 0.0409 0.0032 0.0003 1.0000 1.0000 0.1530 0.0121 0.0010 0.0001 1.0000 0.5728 0.0453 0.0036 0.0003 1.0000 1.0000 0.1699 0.0135 0.0011 0.0001 1.0000 0.6531 0.0522 0.0042 0.0003 1.0000 1.0000 0.2226 0.0185 0.0015 0.0001 1.0000 1.0000 0.0916
1.0000 1.0000 0.0001 0.0016 0.0194 0.2299 1.0000 1.0000 0.0003 0.0041 0.0502 0.6216 1.0000 0.0001 0.0010 0.0126 0.1581 1.0000 1.0000 0.0003 0.0033 0.0418 0.5278 1.0000 0.0001 0.0009 0.0112 0.1410 1.0000 1.0000 0.0002 0.0030 0.0377 0.4763 1.0000 0.0001 0.0008 0.0101 0.1273 1.0000 1.0000 0.0002 0.0027 0.0340 0.4298 1.0000 0.0001 0.0007 0.0088 0.0979 0.4836 0.0979 0.0088 0.0007 0.0001 1.0000 0.4298 0.0340 0.0027 0.0002 1.0000 1.0000 0.1273 0.0101 0.0008 0.0001 1.0000 0.4763 0.0377 0.0030 0.0002 1.0000 1.0000 0.1410 0.0112 0.0009 0.0001 1.0000 0.5278 0.0418 0.0033 0.0003 1.0000 1.0000 0.1581 0.0126 0.0010 0.0001 1.0000 0.6216 0.0502 0.0041 0.0003 1.0000 1.0000 0.2299 0.0194 0.0016 0.0001 1.0000 1.0000
1.0000 0.0002 0.0018 0.0207 0.2434 1.0000 1.0000 0.0003 0.0041 0.0495 0.6053 1.0000 0.0001 0.0009 0.0118 0.1482 1.0000 1.0000 0.0002 0.0031 0.0385 0.4864 1.0000 0.0001 0.0008 0.0103 0.1299 1.0000 1.0000 0.0002 0.0027 0.0347 0.4389 1.0000 0.0001 0.0007 0.0093 0.1173 1.0000 1.0000 0.0002 0.0025 0.0313 0.3961 1.0000 0.0001 0.0007 0.0083 0.1023 1.0000 1.0000 1.0000 0.1023 0.0083 0.0007 0.0001 1.0000 0.3961 0.0313 0.0025 0.0002 1.0000 1.0000 0.1173 0.0093 0.0007 0.0001 1.0000 0.4389 0.0347 0.0027 0.0002 1.0000 1.0000 0.1299 0.0103 0.0008 0.0001 1.0000 0.4864 0.0385 0.0031 0.0002 1.0000 1.0000 0.1482 0.0118 0.0009 0.0001 1.0000 0.6053 0.0495 0.0041 0.0003 1.0000 1.0000 0.2434 0.0207 0.0018 0.0002 1.0000
0.0002 0.0019 0.0224 0.2611 1.0000 1.0000 0.0004 0.0042 0.0502 0.6053 1.0000 0.0001 0.0009 0.0113 0.1405 1.0000 1.0000 0.0002 0.0029 0.0359 0.4507 1.0000 0.0001 0.0007 0.0095 0.1197 1.0000 1.0000 0.0002 0.0025 0.0320 0.4044 1.0000 0.0001 0.0007 0.0085 0.1081 1.0000 1.0000 0.0002 0.0023 0.0289 0.3650 1.0000 1.0000 0.0006 0.0077 0.0968 1.0000 1.0000 1.0000 1.0000 1.0000 0.0968 0.0077 0.0006 1.0000 1.0000 0.3650 0.0289 0.0023 0.0002 1.0000 1.0000 0.1081 0.0085 0.0007 0.0001 1.0000 0.4044 0.0320 0.0025 0.0002 1.0000 1.0000 0.1197 0.0095 0.0007 0.0001 1.0000 0.4507 0.0359 0.0029 0.0002 1.0000 1.0000 0.1405 0.0113 0.0009 0.0001 1.0000 0.6053 0.0502 0.0042 0.0004 1.0000 1.0000 0.2611 0.0224 0.0019 0.0002
0.0019 0.0243 0.2829 1.0000 1.0000 0.0004 0.0044 0.0522 0.6216 1.0000 0.0001 0.0009 0.0110 0.1358 1.0000 1.0000 0.0002 0.0027 0.0335 0.4209 1.0000 0.0001 0.0007 0.0087 0.1103 1.0000 1.0000 0.0002 0.0023 0.0295 0.3727 1.0000 1.0000 0.0006 0.0079 0.0996 1.0000 1.0000 0.0002 0.0021 0.0266 0.3363 1.0000 1.0000 0.0006 0.0071 0.0897 1.0000 1.0000 0.0001 0.0006 0.0001 1.0000 1.0000 0.0897 0.0071 0.0006 1.0000 1.0000 0.3363 0.0266 0.0021 0.0002 1.0000 1.0000 0.0996 0.0079 0.0006 1.0000 1.0000 0.3727 0.0295 0.0023 0.0002 1.0000 1.0000 0.1103 0.0087 0.0007 0.0001 1.0000 0.4209 0.0335 0.0027 0.0002 1.0000 1.0000 0.1358 0.0110 0.0009 0.0001 1.0000 0.6216 0.0522 0.0044 0.0004 1.0000 1.0000 0.2829 0.0243 0.0019
0.0245 0.3070 1.0000 1.0000 0.0004 0.0047 0.0553 0.6531 1.0000 0.0001 0.0009 0.0110 0.1342 1.0000 1.0000 0.0002 0.0025 0.0317 0.3961 1.0000 1.0000 0.0006 0.0081 0.1023 1.0000 1.0000 0.0002 0.0021 0.0272 0.3434 1.0000 1.0000 0.0006 0.0073 0.0918 1.0000 1.0000 0.0002 0.0019 0.0245 0.3099 1.0000 1.0000 0.0005 0.0065 0.0828 1.0000 1.0000 0.0001 0.0015 0.0074 0.0015 0.0001 1.0000 1.0000 0.0828 0.0065 0.0005 1.0000 1.0000 0.3099 0.0245 0.0019 0.0002 1.0000 1.0000 0.0918 0.0073 0.0006 1.0000 1.0000 0.3434 0.0272 0.0021 0.0002 1.0000 1.0000 0.1023 0.0081 0.0006 1.0000 1.0000 0.3961 0.0317 0.0025 0.0002 1.0000 1.0000 0.1342 0.0110 0.0009 0.0001 1.0000 0.6531 0.0553 0.0047 0.0004 1.0000 1.0000 0.3070 0.0245
0.3093 1.0000 1.0000 0.0004 0.0051 0.0595 0.6967 1.0000 0.0001 0.0009 0.0113 0.1358 1.0000 1.0000 0.0002 0.0025 0.0304 0.3770 1.0000 1.0000 0.0006 0.0076 0.0955 1.0000 1.0000 0.0002 0.0020 0.0250 0.3164 1.0000 1.0000 0.0005 0.0067 0.0845 1.0000 1.0000 0.0001 0.0018 0.0226 0.2856 1.0000 1.0000 0.0005 0.0060 0.0763 0.9645 1.0000 0.0001 0.0016 0.0174 0.0858 0.0174 0.0016 0.0001 1.0000 0.9645 0.0763 0.0060 0.0005 1.0000 1.0000 0.2856 0.0226 0.0018 0.0001 1.0000 1.0000 0.0845 0.0067 0.0005 1.0000 1.0000 0.3164 0.0250 0.0020 0.0002 1.0000 1.0000 0.0955 0.0076 0.0006 1.0000 1.0000 0.3770 0.0304 0.0025 0.0002 1.0000 1.0000 0.1358 0.0113 0.0009 0.0001 1.0000 0.6967 0.0595 0.0051 0.0004 1.0000 1.0000 0.3093
1.0000 1.0000 0.0005 0.0055 0.0642 0.7490 1.0000 0.0001 0.0010 0.0118 0.1405 1.0000 1.0000 0.0002 0.0024 0.0298 0.3657 1.0000 1.0000 0.0006 0.0072 0.0897 1.0000 1.0000 0.0001 0.0018 0.0232 0.2922 1.0000 1.0000 0.0005 0.0062 0.0779 0.9849 1.0000 0.0001 0.0016 0.0208 0.2631 1.0000 1.0000 0.0004 0.0056 0.0703 0.8888 1.0000 0.0001 0.0015 0.0182 0.2024 1.0000 0.2024 0.0182 0.0015 0.0001 1.0000 0.8888 0.0703 0.0056 0.0004 1.0000 1.0000 0.2631 0.0208 0.0016 0.0001 1.0000 0.9849 0.0779 0.0062 0.0005 1.0000 1.0000 0.2922 0.0232 0.0018 0.0001 1.0000 1.0000 0.0897 0.0072 0.0006 1.0000 1.0000 0.3657 0.0298 0.0024 0.0002 1.0000 1.0000 0.1405 0.0118 0.0010 0.0001 1.0000 0.7490 0.0642 0.0055 0.0005 1.0000 1.0000
1.0000 0.0005 0.0060 0.0696 0.8112 1.0000 0.0001 0.0011 0.0126 0.1482 1.0000 1.0000 0.0002 0.0025 0.0298 0.3615 1.0000 1.0000 0.0006 0.0068 0.0850 1.0000 1.0000 0.0001 0.0017 0.0216 0.2718 1.0000 1.0000 0.0004 0.0057 0.0718 0.9076 1.0000 0.0001 0.0015 0.0192 0.2425 1.0000 1.0000 0.0004 0.0051 0.0648 0.8190 1.0000 0.0001 0.0014 0.0172 0.2114 1.0000 1.0000 1.0000 0.2114 0.0172 0.0014 0.0001 1.0000 0.8190 0.0648 0.0051 0.0004 1.0000 1.0000 0.2425 0.0192 0.0015 0.0001 1.0000 0.9076 0.0718 0.0057 0.0004 1.0000 1.0000 0.2718 0.0216 0.0017 0.0001 1.0000 1.0000 0.0850 0.0068 0.0006 1.0000 1.0000 0.3615 0.0298 0.0025 0.0002 1.0000 1.0000 0.1482 0.0126 0.0011 0.0001 1.0000 0.8112 0.0696 0.0060 0.0005 1.0000
0.0005 0.0065 0.0756 0.8804 1.0000 0.0001 0.0012 0.0135 0.1581 1.0000 1.0000 0.0002 0.0025 0.0304 0.3657 1.0000 1.0000 0.0005 0.0066 0.0817 1.0000 1.0000 0.0001 0.0016 0.0203 0.2543 1.0000 1.0000 0.0004 0.0052 0.0662 0.8363 1.0000 0.0001 0.0014 0.0177 0.2234 1.0000 1.0000 0.0004 0.0047 0.0597 0.7547 1.0000 0.0001 0.0013 0.0159 0.2001 1.0000 1.0000 0.0001 1.0000 1.0000 0.2001 0.0159 0.0013 0.0001 1.0000 0.7547 0.0597 0.0047 0.0004 1.0000 1.0000 0.2234 0.0177 0.0014 0.0001 1.0000 0.8363 0.0662 0.0052 0.0004 1.0000 1.0000 0.2543 0.0203 0.0016 0.0001 1.0000 1.0000 0.0817 0.0066 0.0005 1.0000 1.0000 0.3657 0.0304 0.0025 0.0002 1.0000 1.0000 0.1581 0.0135 0.0012 0.0001 1.0000 0.8804 0.0756 0.0065 0.0005
0.0065 0.0820 0.9554 1.0000 0.0001 0.0012 0.0146 0.1699 1.0000 1.0000 0.0002 0.0027 0.0317 0.3770 1.0000 1.0000 0.0005 0.0066 0.0802 0.9830 1.0000 0.0001 0.0015 0.0192 0.2393 1.0000 1.0000 0.0004 0.0049 0.0613 0.7736 1.0000 0.0001 0.0013 0.0163 0.2059 1.0000 1.0000 0.0003 0.0044 0.0550 0.6954 1.0000 0.0001 0.0012 0.0147 0.1854 1.0000 1.0000 0.0003 0.0013 0.0003 1.0000 1.0000 0.1854 0.0147 0.0012 0.0001 1.0000 0.6954 0.0550 0.0044 0.0003 1.0000 1.0000 0.2059 0.0163 0.0013 0.0001 1.0000 0.7736 0.0613 0.0049 0.0004 1.0000 1.0000 0.2393 0.0192 0.0015 0.0001 1.0000 0.9830 0.0802 0.0066 0.0005 1.0000 1.0000 0.3770 0.0317 0.0027 0.0002 1.0000 1.0000 0.1699 0.0146 0.0012 0.0001 1.0000 0.9554 0.0820 0.0065
0.0826 1.0000 1.0000 0.0001 0.0014 0.0158 0.1840 1.0000 1.0000 0.0002 0.0029 0.0335 0.3961 1.0000 1.0000 0.0006 0.0066 0.0802 0.9719 1.0000 0.0001 0.0015 0.0184 0.2277 1.0000 1.0000 0.0004 0.0046 0.0573 0.7196 1.0000 0.0001 0.0012 0.0150 0.1897 1.0000 1.0000 0.0003 0.0040 0.0507 0.6408 1.0000 0.0001 0.0011 0.0135 0.1712 1.0000 1.0000 0.0003 0.0031 0.0152 0.0031 0.0003 1.0000 1.0000 0.1712 0.0135 0.0011 0.0001 1.0000 0.6408 0.0507 0.0040 0.0003 1.0000 1.0000 0.1897 0.0150 0.0012 0.0001 1.0000 0.7196 0.0573 0.0046 0.0004 1.0000 1.0000 0.2277 0.0184 0.0015 0.0001 1.0000 0.9719 0.0802 0.0066 0.0006 1.0000 1.0000 0.3961 0.0335 0.0029 0.0002 1.0000 1.0000 0.1840 0.0158 0.0014 0.0001 1.0000 1.0000 0.0826
1.0000 1.0000 0.0001 0.0015 0.0171 0.1997 1.0000 1.0000 0.0003 0.0031 0.0359 0.4209 1.0000 1.0000 0.0006 0.0068 0.0817 0.9830 1.0000 0.0001 0.0015 0.0178 0.2196 1.0000 1.0000 0.0003 0.0043 0.0539 0.6746 1.0000 0.0001 0.0011 0.0139 0.1752 1.0000 1.0000 0.0003 0.0037 0.0467 0.5905 1.0000 0.0001 0.0010 0.0125 0.1578 1.0000 1.0000 0.0003 0.0032 0.0359 0.1775 0.0359 0.0032 0.0003 1.0000 1.0000 0.1578 0.0125 0.0010 0.0001 1.0000 0.5905 0.0467 0.0037 0.0003 1.0000 1.0000 0.1752 0.0139 0.0011 0.0001 1.0000 0.6746 0.0539 0.0043 0.0003 1.0000 1.0000 0.2196 0.0178 0.0015 0.0001 1.0000 0.9830 0.0817 0.0068 0.0006 1.0000 1.0000 0.4209 0.0359 0.0031 0.0003 1.0000 1.0000 0.1997 0.0171 0.0015 0.0001 1.0000 1.0000
1.0000 0.0001 0.0016 0.0186 0.2167 1.0000 1.0000 0.0003 0.0033 0.0385 0.4507 1.0000 1.0000 0.0006 0.0072 0.0850 1.0000 1.0000 0.0001 0.0015 0.0176 0.2155 1.0000 1.0000 0.0003 0.0041 0.0512 0.6384 1.0000 0.0001 0.0010 0.0130 0.1629 1.0000 1.0000 0.0003 0.0034 0.0430 0.5441 1.0000 0.0001 0.0009 0.0115 0.1454 1.0000 1.0000 0.0002 0.0030 0.0375 0.4185 1.0000 0.4185 0.0375 0.0030 0.0002 1.0000 1.0000 0.1454 0.0115 0.0009 0.0001 1.0000 0.5441 0.0430 0.0034 0.0003 1.0000 1.0000 0.1629 0.0130 0.0010 0.0001 1.0000 0.6384 0.0512 0.0041 0.0003 1.0000 1.0000 0.2155 0.0176 0.0015 0.0001 1.0000 1.0000 0.0850 0.0072 0.0006 1.0000 1.0000 0.4507 0.0385 0.0033 0.0003 1.0000 1.0000 0.2167 0.0186 0.0016 0.0001 1.0000
0.0001 0.0017 0.0202 0.2352 1.0000 1.0000 0.0003 0.0036 0.0418 0.4864 1.0000 0.0001 0.0006 0.0076 0.0897 1.0000 1.0000 0.0001 0.0015 0.0178 0.2155 1.0000 1.0000 0.0003 0.0040 0.0492 0.6099 1.0000 0.0001 0.0010 0.0122 0.1527 1.0000 1.0000 0.0002 0.0031 0.0397 0.5014 1.0000 0.0001 0.0008 0.0106 0.1340 1.0000 1.0000 0.0002 0.0028 0.0355 0.4372 1.0000 1.0000 1.0000 0.4372 0.0355 0.0028 0.0002 1.0000 1.0000 0.1340 0.0106 0.0008 0.0001 1.0000 0.5014 0.0397 0.0031 0.0002 1.0000 1.0000 0.1527 0.0122 0.0010 0.0001 1.0000 0.6099 0.0492 0.0040 0.0003 1.0000 1.0000 0.2155 0.0178 0.0015 0.0001 1.0000 1.0000 0.0897 0.0076 0.0006 0.0001 1.0000 0.4864 0.0418 0.0036 0.0003 1.0000 1.0000 0.2352 0.0202 0.0017 0.0001
0.0017 0.0219 0.2553 1.0000 1.0000 0.0003 0.0039 0.0453 0.5278 1.0000 0.0001 0.0007 0.0081 0.0955 1.0000 1.0000 0.0001 0.0015 0.0184 0.2196 1.0000 1.0000 0.0003 0.0039 0.0479 0.5894 1.0000 0.0001 0.0009 0.0115 0.1440 1.0000 1.0000 0.0002 0.0029 0.0368 0.4638 1.0000 0.0001 0.0008 0.0098 0.1234 1.0000 1.0000 0.0002 0.0026 0.0329 0.4138 1.0000 1.0000 0.0002 1.0000 1.0000 0.4138 0.0329 0.0026 0.0002 1.0000 1.0000 0.1234 0.0098 0.0008 0.0001 1.0000 0.4638 0.0368 0.0029 0.0002 1.0000 1.0000 0.1440 0.0115 0.0009 0.0001 1.0000 0.5894 0.0479 0.0039 0.0003 1.0000 1.0000 0.2196 0.0184 0.0015 0.0001 1.0000 1.0000 0.0955 0.0081 0.0007 0.0001 1.0000 0.5278 0.0453 0.0039 0.0003 1.0000 1.0000 0.2553 0.0219 0.0017
0.0221 0.2770 1.0000 1.0000 0.0004 0.0042 0.0492 0.5728 1.0000 0.0001 0.0007 0.0087 0.1023 1.0000 1.0000 0.0001 0.0016 0.0192 0.2277 1.0000 1.0000 0.0003 0.0039 0.0474 0.5794 1.0000 0.0001 0.0009 0.0110 0.1368 1.0000 1.0000 0.0002 0.0027 0.0344 0.4315 1.0000 0.0001 0.0007 0.0090 0.1137 1.0000 1.0000 0.0002 0.0024 0.0304 0.3835 1.0000 1.0000 0.0005 0.0027 0.0005 1.0000 1.0000 0.3835 0.0304 0.0024 0.0002 1.0000 1.0000 0.1137 0.0090 0.0007 0.0001 1.0000 0.4315 0.0344 0.0027 0.0002 1.0000 1.0000 0.1368 0.0110 0.0009 0.0001 1.0000 0.5794 0.0474 0.0039 0.0003 1.0000 1.0000 0.2277 0.0192 0.0016 0.0001 1.0000 1.0000 0.1023 0.0087 0.0007 0.0001 1.0000 0.5728 0.0492 0.0042 0.0004 1.0000 1.0000 0.2770 0.0221
0.2791 1.0000 1.0000 0.0004 0.0046 0.0534 0.6216 1.0000 0.0001 0.0008 0.0095 0.1103 1.0000 1.0000 0.0001 0.0017 0.0203 0.2393 1.0000 1.0000 0.0003 0.0040 0.0479 0.5794 1.0000 0.0001 0.0009 0.0107 0.1317 1.0000 1.0000 0.0002 0.0026 0.0324 0.4044 1.0000 0.0001 0.0007 0.0083 0.1050 1.0000 1.0000 0.0002 0.0022 0.0280 0.3540 1.0000 1.0000 0.0006 0.0064 0.0315 0.0064 0.0006 1.0000 1.0000 0.3540 0.0280 0.0022 0.0002 1.0000 1.0000 0.1050 0.0083 0.0007 0.0001 1.0000 0.4044 0.0324 0.0026 0.0002 1.0000 1.0000 0.1317 0.0107 0.0009 0.0001 1.0000 0.5794 0.0479 0.0040 0.0003 1.0000 1.0000 0.2393 0.0203 0.0017 0.0001 1.0000 1.0000 0.1103 0.0095 0.0008 0.0001 1.0000 0.6216 0.0534 0.0046 0.0004 1.0000 1.0000 0.2791
1.0000 1.0000 0.0004 0.0050 0.0579 0.6746 1.0000 0.0001 0.0009 0.0103 0.1197 1.0000 1.0000 0.0002 0.0018 0.0216 0.2543 1.0000 1.0000 0.0003 0.0041 0.0492 0.5894 1.0000 0.0001 0.0009 0.0105 0.1285 1.0000 1.0000 0.0002 0.0025 0.0307 0.3827 1.0000 1.0000 0.0006 0.0078 0.0977 1.0000 1.0000 0.0002 0.0020 0.0258 0.3262 1.0000 1.0000 0.0005 0.0067 0.0743 0.3671 0.0743 0.0067 0.0005 1.0000 1.0000 0.3262 0.0258 0.0020 0.0002 1.0000 1.0000 0.0977 0.0078 0.0006 1.0000 1.0000 0.3827 0.0307 0.0025 0.0002 1.0000 1.0000 0.1285 0.0105 0.0009 0.0001 1.0000 0.5894 0.0492 0.0041 0.0003 1.0000 1.0000 0.2543 0.0216 0.0018 0.0002 1.0000 1.0000 0.1197 0.0103 0.0009 0.0001 1.0000 0.6746 0.0579 0.0050 0.0004 1.0000 1.0000
1.0000 0.0005 0.0054 0.0628 0.7321 1.0000 0.0001 0.0010 0.0112 0.1299 1.0000 1.0000 0.0002 0.0020 0.0232 0.2718 1.0000 1.0000 0.0004 0.0043 0.0512 0.6099 1.0000 0.0001 0.0009 0.0105 0.1275 1.0000 1.0000 0.0002 0.0024 0.0295 0.3657 1.0000 1.0000 0.0006 0.0073 0.0916 1.0000 1.0000 0.0001 0.0019 0.0238 0.3006 1.0000 1.0000 0.0005 0.0063 0.0776 0.8654 1.0000 0.8654 0.0776 0.0063 0.0005 1.0000 1.0000 0.3006 0.0238 0.0019 0.0001 1.0000 1.0000 0.0916 0.0073 0.0006 1.0000 1.0000 0.3657 0.0295 0.0024 0.0002 1.0000 1.0000 0.1275 0.0105 0.0009 0.0001 1.0000 0.6099 0.0512 0.0043 0.0004 1.0000 1.0000 0.2718 0.0232 0.0020 0.0002 1.0000 1.0000 0.1299 0.0112 0.0010 0.0001 1.0000 0.7321 0.0628 0.0054 0.0005 1.0000
0.0005 0.0059 0.0682 0.7944 1.0000 0.0001 0.0010 0.0121 0.1410 1.0000 1.0000 0.0002 0.0021 0.0250 0.2922 1.0000 1.0000 0.0004 0.0046 0.0539 0.6384 1.0000 0.0001 0.0009 0.0107 0.1285 1.0000 1.0000 0.0002 0.0023 0.0287 0.3534 1.0000 1.0000 0.0006 0.0069 0.0863 1.0000 1.0000 0.0001 0.0018 0.0220 0.2775 1.0000 1.0000 0.0005 0.0058 0.0734 0.9041 1.0000 1.0000 1.0000 0.9041 0.0734 0.0058 0.0005 1.0000 1.0000 0.2775 0.0220 0.0018 0.0001 1.0000 1.0000 0.0863 0.0069 0.0006 1.0000 1.0000 0.3534 0.0287 0.0023 0.0002 1.0000 1.0000 0.1285 0.0107 0.0009 0.0001 1.0000 0.6384 0.0539 0.0046 0.0004 1.0000 1.0000 0.2922 0.0250 0.0021 0.0002 1.0000 1.0000 0.1410 0.0121 0.0010 0.0001 1.0000 0.7944 0.0682 0.0059 0.0005
0.0059 0.0740 0.8621 1.0000 0.0001 0.0011 0.0131 0.1530 1.0000 1.0000 0.0002 0.0023 0.0272 0.3164 1.0000 1.0000 0.0004 0.0049 0.0573 0.6746 1.0000 0.0001 0.0009 0.0110 0.1317 1.0000 1.0000 0.0002 0.0023 0.0282 0.3454 1.0000 1.0000 0.0005 0.0066 0.0820 1.0000 1.0000 0.0001 0.0016 0.0206 0.2582 1.0000 1.0000 0.0004 0.0054 0.0681 0.8556 1.0000 0.0001 0.0005 0.0001 1.0000 0.8556 0.0681 0.0054 0.0004 1.0000 1.0000 0.2582 0.0206 0.0016 0.0001 1.0000 1.0000 0.0820 0.0066 0.0005 1.0000 1.0000 0.3454 0.0282 0.0023 0.0002 1.0000 1.0000 0.1317 0.0110 0.0009 0.0001 1.0000 0.6746 0.0573 0.0049 0.0004 1.0000 1.0000 0.3164 0.0272 0.0023 0.0002 1.0000 1.0000 0.1530 0.0131 0.0011 0.0001 1.0000 0.8621 0.0740 0.0059
0.0746 0.9356 1.0000 0.0001 0.0012 0.0143 0.1661 1.0000 1.0000 0.0002 0.0025 0.0295 0.3434 1.0000 1.0000 0.0004 0.0052 0.0613 0.7196 1.0000 0.0001 0.0010 0.0115 0.1368 1.0000 1.0000 0.0002 0.0023 0.0282 0.3428 1.0000 1.0000 0.0005 0.0064 0.0788 0.9774 1.0000 0.0001 0.0016 0.0194 0.2420 1.0000 1.0000 0.0004 0.0050 0.0630 0.7944 1.0000 0.0001 0.0011 0.0056 0.0011 0.0001 1.0000 0.7944 0.0630 0.0050 0.0004 1.0000 1.0000 0.2420 0.0194 0.0016 0.0001 1.0000 0.9774 0.0788 0.0064 0.0005 1.0000 1.0000 0.3428 0.0282 0.0023 0.0002 1.0000 1.0000 0.1368 0.0115 0.0010 0.0001 1.0000 0.7196 0.0613 0.0052 0.0004 1.0000 1.0000 0.3434 0.0295 0.0025 0.0002 1.0000 1.0000 0.1661 0.0143 0.0012 0.0001 1.0000 0.9356 0.0746
0.9427 1.0000 0.0001 0.0013 0.0155 0.1802 1.0000 1.0000 0.0002 0.0027 0.0320 0.3727 1.0000 1.0000 0.0005 0.0057 0.0662 0.7736 1.0000 0.0001 0.0010 0.0122 0.1440 1.0000 1.0000 0.0002 0.0024 0.0287 0.3454 1.0000 1.0000 0.0005 0.0062 0.0767 0.9445 1.0000 0.0001 0.0015 0.0184 0.2290 1.0000 1.0000 0.0004 0.0047 0.0586 0.7362 1.0000 0.0001 0.0012 0.0132 0.0652 0.0132 0.0012 0.0001 1.0000 0.7362 0.0586 0.0047 0.0004 1.0000 1.0000 0.2290 0.0184 0.0015 0.0001 1.0000 0.9445 0.0767 0.0062 0.0005 1.0000 1.0000 0.3454 0.0287 0.0024 0.0002 1.0000 1.0000 0.1440 0.0122 0.0010 0.0001 1.0000 0.7736 0.0662 0.0057 0.0005 1.0000 1.0000 0.3727 0.0320 0.0027 0.0002 1.0000 1.0000 0.1802 0.0155 0.0013 0.0001 1.0000 0.9427
1.0000 0.0001 0.0014 0.0168 0.1956 1.0000 1.0000 0.0003 0.0030 0.0347 0.4044 1.0000 1.0000 0.0005 0.0062 0.0718 0.8363 1.0000 0.0001 0.0011 0.0130 0.1527 1.0000 1.0000 0.0002 0.0025 0.0295 0.3534 1.0000 1.0000 0.0005 0.0062 0.0756 0.9232 1.0000 0.0001 0.0014 0.0176 0.2184 1.0000 1.0000 0.0003 0.0044 0.0547 0.6862 1.0000 0.0001 0.0011 0.0138 0.1536 0.7590 0.1536 0.0138 0.0011 0.0001 1.0000 0.6862 0.0547 0.0044 0.0003 1.0000 1.0000 0.2184 0.0176 0.0014 0.0001 1.0000 0.9232 0.0756 0.0062 0.0005 1.0000 1.0000 0.3534 0.0295 0.0025 0.0002 1.0000 1.0000 0.1527 0.0130 0.0011 0.0001 1.0000 0.8363 0.0718 0.0062 0.0005 1.0000 1.0000 0.4044 0.0347 0.0030 0.0003 1.0000 1.0000 0.1956 0.0168 0.0014 0.0001 1.0000
0.0001 0.0016 0.0182 0.2123 1.0000 1.0000 0.0003 0.0032 0.0377 0.4389 1.0000 1.0000 0.0006 0.0067 0.0779 0.9076 1.0000 0.0001 0.0012 0.0139 0.1629 1.0000 1.0000 0.0002 0.0026 0.0307 0.3657 1.0000 1.0000 0.0005 0.0062 0.0756 0.9162 1.0000 0.0001 0.0014 0.0170 0.2102 1.0000 1.0000 0.0003 0.0041 0.0515 0.6433 1.0000 0.0001 0.0011 0.0131 0.1611 1.0000 1.0000 1.0000 0.1611 0.0131 0.0011 0.0001 1.0000 0.6433 0.0515 0.0041 0.0003 1.0000 1.0000 0.2102 0.0170 0.0014 0.0001 1.0000 0.9162 0.0756 0.0062 0.0005 1.0000 1.0000 0.3657 0.0307 0.0026 0.0002 1.0000 1.0000 0.1629 0.0139 0.0012 0.0001 1.0000 0.9076 0.0779 0.0067 0.0006 1.0000 1.0000 0.4389 0.0377 0.0032 0.0003 1.0000 1.0000 0.2123 0.0182 0.0016 0.0001
0.0016 0.0198 0.2303 1.0000 1.0000 0.0003 0.0035 0.0409 0.4763 1.0000 0.0001 0.0006 0.0073 0.0845 0.9849 1.0000 0.0001 0.0013 0.0150 0.1752 1.0000 1.0000 0.0002 0.0027 0.0324 0.3827 1.0000 1.0000 0.0005 0.0064 0.0767 0.9232 1.0000 0.0001 0.0014 0.0167 0.2047 1.0000 1.0000 0.0003 0.0039 0.0489 0.6087 1.0000 0.0001 0.0010 0.0123 0.1539 1.0000 1.0000 0.0001 1.0000 1.0000 0.1539 0.0123 0.0010 0.0001 1.0000 0.6087 0.0489 0.0039 0.0003 1.0000 1.0000 0.2047 0.0167 0.0014 0.0001 1.0000 0.9232 0.0767 0.0064 0.0005 1.0000 1.0000 0.3827 0.0324 0.0027 0.0002 1.0000 1.0000 0.1752 0.0150 0.0013 0.0001 1.0000 0.9849 0.0845 0.0073 0.0006 0.0001 1.0000 0.4763 0.0409 0.0035 0.0003 1.0000 1.0000 0.2303 0.0198 0.0016
0.0199 0.2500 1.0000 1.0000 0.0003 0.0038 0.0444 0.5169 1.0000 0.0001 0.0007 0.0079 0.0918 1.0000 1.0000 0.0001 0.0014 0.0163 0.1897 1.0000 1.0000 0.0002 0.0029 0.0344 0.4044 1.0000 1.0000 0.0006 0.0066 0.0788 0.9445 1.0000 0.0001 0.0014 0.0166 0.2016 1.0000 1.0000 0.0003 0.0038 0.0468 0.5805 1.0000 0.0001 0.0009 0.0116 0.1448 1.0000 1.0000 0.0002 0.0010 0.0002 1.0000 1.0000 0.1448 0.0116 0.0009 0.0001 1.0000 0.5805 0.0468 0.0038 0.0003 1.0000 1.0000 0.2016 0.0166 0.0014 0.0001 1.0000 0.9445 0.0788 0.0066 0.0006 1.0000 1.0000 0.4044 0.0344 0.0029 0.0002 1.0000 1.0000 0.1897 0.0163 0.0014 0.0001 1.0000 1.0000 0.0918 0.0079 0.0007 0.0001 1.0000 0.5169 0.0444 0.0038 0.0003 1.0000 1.0000 0.2500 0.0199
0.2519 1.0000 1.0000 0.0004 0.0041 0.0482 0.5609 1.0000 0.0001 0.0007 0.0085 0.0996 1.0000 1.0000 0.0001 0.0015 0.0177 0.2059 1.0000 1.0000 0.0003 0.0031 0.0368 0.4315 1.0000 1.0000 0.0006 0.0069 0.0820 0.9774 1.0000 0.0001 0.0014 0.0167 0.2016 1.0000 1.0000 0.0003 0.0037 0.0453 0.5588 1.0000 0.0001 0.0009 0.0110 0.1368 1.0000 1.0000 0.0002 0.0024 0.0117 0.0024 0.0002 1.0000 1.0000 0.1368 0.0110 0.0009 0.0001 1.0000 0.5588 0.0453 0.0037 0.0003 1.0000 1.0000 0.2016 0.0167 0.0014 0.0001 1.0000 0.9774 0.0820 0.0069 0.0006 1.0000 1.0000 0.4315 0.0368 0.0031 0.0003 1.0000 1.0000 0.2059 0.0177 0.0015 0.0001 1.0000 1.0000 0.0996 0.0085 0.0007 0.0001 1.0000 0.5609 0.0482 0.0041 0.0004 1.0000 1.0000 0.2519
1.0000 1.0000 0.0004 0.0045 0.0523 0.6087 1.0000 0.0001 0.0008 0.0093 0.1081 1.0000 1.0000 0.0001 0.0016 0.0192 0.2234 1.0000 1.0000 0.0003 0.0034 0.0397 0.4638 1.0000 0.0001 0.0006 0.0073 0.0863 1.0000 1.0000 0.0001 0.0014 0.0170 0.2047 1.0000 1.0000 0.0003 0.0036 0.0444 0.5441 1.0000 0.0001 0.0008 0.0105 0.1299 1.0000 1.0000 0.0002 0.0025 0.0280 0.1376 0.0280 0.0025 0.0002 1.0000 1.0000 0.1299 0.0105 0.0008 0.0001 1.0000 0.5441 0.0444 0.0036 0.0003 1.0000 1.0000 0.2047 0.0170 0.0014 0.0001 1.0000 1.0000 0.0863 0.0073 0.0006 0.0001 1.0000 0.4638 0.0397 0.0034 0.0003 1.0000 1.0000 0.2234 0.0192 0.0016 0.0001 1.0000 1.0000 0.1081 0.0093 0.0008 0.0001 1.0000 0.6087 0.0523 0.0045 0.0004 1.0000 1.0000
1.0000 0.0004 0.0049 0.0567 0.6606 1.0000 0.0001 0.0009 0.0101 0.1173 1.0000 1.0000 0.0002 0.0018 0.0208 0.2425 1.0000 1.0000 0.0003 0.0037 0.0430 0.5014 1.0000 0.0001 0.0007 0.0078 0.0916 1.0000 1.0000 0.0001 0.0015 0.0176 0.2102 1.0000 1.0000 0.0003 0.0036 0.0440 0.5359 1.0000 0.0001 0.0008 0.0101 0.1244 1.0000 1.0000 0.0002 0.0024 0.0297 0.3287 1.0000 0.3287 0.0297 0.0024 0.0002 1.0000 1.0000 0.1244 0.0101 0.0008 0.0001 1.0000 0.5359 0.0440 0.0036 0.0003 1.0000 1.0000 0.2102 0.0176 0.0015 0.0001 1.0000 1.0000 0.0916 0.0078 0.0007 0.0001 1.0000 0.5014 0.0430 0.0037 0.0003 1.0000 1.0000 0.2425 0.0208 0.0018 0.0002 1.0000 1.0000 0.1173 0.0101 0.0009 0.0001 1.0000 0.6606 0.0567 0.0049 0.0004 1.0000
0.0004 0.0053 0.0615 0.7169 1.0000 0.0001 0.0009 0.0109 0.1273 1.0000 1.0000 0.0002 0.0019 0.0226 0.2631 1.0000 1.0000 0.0003 0.0040 0.0467 0.5441 1.0000 0.0001 0.0007 0.0083 0.0977 1.0000 1.0000 0.0001 0.0016 0.0184 0.2184 1.0000 1.0000 0.0003 0.0037 0.0444 0.5359 1.0000 0.0001 0.0008 0.0098 0.1204 1.0000 1.0000 0.0002 0.0023 0.0289 0.3507 1.0000 1.0000 1.0000 0.3507 0.0289 0.0023 0.0002 1.0000 1.0000 0.1204 0.0098 0.0008 0.0001 1.0000 0.5359 0.0444 0.0037 0.0003 1.0000 1.0000 0.2184 0.0184 0.0016 0.0001 1.0000 1.0000 0.0977 0.0083 0.0007 0.0001 1.0000 0.5441 0.0467 0.0040 0.0003 1.0000 1.0000 0.2631 0.0226 0.0019 0.0002 1.0000 1.0000 0.1273 0.0109 0.0009 0.0001 1.0000 0.7169 0.0615 0.0053 0.0004
0.0053 0.0668 0.7780 1.0000 0.0001 0.0010 0.0119 0.1381 1.0000 1.0000 0.0002 0.0021 0.0245 0.2856 1.0000 1.0000 0.0004 0.0044 0.0507 0.5905 1.0000 0.0001 0.0008 0.0090 0.1050 1.0000 1.0000 0.0001 0.0016 0.0194 0.2290 1.0000 1.0000 0.0003 0.0038 0.0453 0.5441 1.0000 0.0001 0.0008 0.0097 0.1179 1.0000 1.0000 0.0002 0.0022 0.0277 0.3428 1.0000 1.0000 0.0002 1.0000 1.0000 0.3428 0.0277 0.0022 0.0002 1.0000 1.0000 0.1179 0.0097 0.0008 0.0001 1.0000 0.5441 0.0453 0.0038 0.0003 1.0000 1.0000 0.2290 0.0194 0.0016 0.0001 1.0000 1.0000 0.1050 0.0090 0.0008 0.0001 1.0000 0.5905 0.0507 0.0044 0.0004 1.0000 1.0000 0.2856 0.0245 0.0021 0.0002 1.0000 1.0000 0.1381 0.0119 0.0010 0.0001 1.0000 0.7780 0.0668 0.0053
0.0673 0.8443 1.0000 0.0001 0.0011 0.0129 0.1499 1.0000 1.0000 0.0002 0.0023 0.0266 0.3099 1.0000 1.0000 0.0004 0.0047 0.0550 0.6408 1.0000 0.0001 0.0008 0.0098 0.1137 1.0000 1.0000 0.0001 0.0018 0.0206 0.2420 1.0000 1.0000 0.0003 0.0039 0.0468 0.5588 1.0000 0.0001 0.0008 0.0097 0.1170 1.0000 1.0000 0.0002 0.0022 0.0268 0.3306 1.0000 1.0000 0.0004 0.0022 0.0004 1.0000 1.0000 0.3306 0.0268 0.0022 0.0002 1.0000 1.0000 0.1170 0.0097 0.0008 0.0001 1.0000 0.5588 0.0468 0.0039 0.0003 1.0000 1.0000 0.2420 0.0206 0.0018 0.0001 1.0000 1.0000 0.1137 0.0098 0.0008 0.0001 1.0000 0.6408 0.0550 0.0047 0.0004 1.0000 1.0000 0.3099 0.0266 0.0023 0.0002 1.0000 1.0000 0.1499 0.0129 0.0011 0.0001 1.0000 0.8443 0.0673
0.8507 1.0000 0.0001 0.0012 0.0140 0.1626 1.0000 1.0000 0.0002 0.0025 0.0289 0.3363 1.0000 1.0000 0.0004 0.0051 0.0597 0.6954 1.0000 0.0001 0.0009 0.0106 0.1234 1.0000 1.0000 0.0002 0.0019 0.0220 0.2582 1.0000 1.0000 0.0003 0.0041 0.0489 0.5805 1.0000 0.0001 0.0008 0.0098 0.1179 1.0000 1.0000 0.0002 0.0021 0.0261 0.3207 1.0000 1.0000 0.0005 0.0053 0.0262 0.0053 0.0005 1.0000 1.0000 0.3207 0.0261 0.0021 0.0002 1.0000 1.0000 0.1179 0.0098 0.0008 0.0001 1.0000 0.5805 0.0489 0.0041 0.0003 1.0000 1.0000 0.2582 0.0220 0.0019 0.0002 1.0000 1.0000 0.1234 0.0106 0.0009 0.0001 1.0000 0.6954 0.0597 0.0051 0.0004 1.0000 1.0000 0.3363 0.0289 0.0025 0.0002 1.0000 1.0000 0.1626 0.0140 0.0012 0.0001 1.0000 0.8507
1.0000 0.0001 0.0013 0.0152 0.1765 1.0000 1.0000 0.0002 0.0027 0.0313 0.3650 1.0000 1.0000 0.0005 0.0056 0.0648 0.7547 1.0000 0.0001 0.0010 0.0115 0.1340 1.0000 1.0000 0.0002 0.0020 0.0238 0.2775 1.0000 1.0000 0.0004 0.0044 0.0515 0.6087 1.0000 0.0001 0.0008 0.0101 0.1204 1.0000 1.0000 0.0002 0.0021 0.0258 0.3146 1.0000 1.0000 0.0005 0.0058 0.0634 0.3111 0.0634 0.0058 0.0005 1.0000 1.0000 0.3141 0.0257 0.0021 0.0002 1.0000 1.0000 0.1204 0.0101 0.0008 0.0001 1.0000 0.6087 0.0515 0.0044 0.0004 1.0000 1.0000 0.2775 0.0238 0.0020 0.0002 1.0000 1.0000 0.1340 0.0115 0.0010 0.0001 1.0000 0.7547 0.0648 0.0056 0.0005 1.0000 1.0000 0.3650 0.0313 0.0027 0.0002 1.0000 1.0000 0.1765 0.0152 0.0013 0.0001 1.0000
0.0001 0.0014 0.0164 0.1915 1.0000 1.0000 0.0003 0.0029 0.0340 0.3961 1.0000 1.0000 0.0005 0.0060 0.0703 0.8190 1.0000 0.0001 0.0011 0.0125 0.1454 1.0000 1.0000 0.0002 0.0022 0.0258 0.3006 1.0000 1.0000 0.0004 0.0047 0.0547 0.6433 1.0000 0.0001 0.0009 0.0105 0.1244 1.0000 1.0000 0.0002 0.0021 0.0258 0.3158 1.0000 1.0000 0.0005 0.0058 0.0695 0.7604 1.0000 0.7561 0.0685 0.0058 0.0005 1.0000 1.0000 0.3146 0.0255 0.0021 0.0002 1.0000 1.0000 0.1244 0.0105 0.0009 0.0001 1.0000 0.6433 0.0547 0.0047 0.0004 1.0000 1.0000 0.3006 0.0258 0.0022 0.0002 1.0000 1.0000 0.1454 0.0125 0.0011 0.0001 1.0000 0.8190 0.0703 0.0060 0.0005 1.0000 1.0000 0.3961 0.0340 0.0029 0.0003 1.0000 1.0000 0.1915 0.0164 0.0014 0.0001
0.0014 0.0178 0.2079 1.0000 1.0000 0.0003 0.0032 0.0369 0.4298 1.0000 1.0000 0.0006 0.0065 0.0763 0.8888 1.0000 0.0001 0.0012 0.0135 0.1578 1.0000 1.0000 0.0002 0.0024 0.0280 0.3262 1.0000 1.0000 0.0004 0.0050 0.0586 0.6862 1.0000 0.0001 0.0009 0.0110 0.1299 1.0000 1.0000 0.0002 0.0022 0.0261 0.3146 1.0000 1.0000 0.0005 0.0056 0.0681 0.8300 1.0000 1.0000 1.0000 0.8252 0.0694 0.0057 0.0005 1.0000 1.0000 0.3123 0.0261 0.0022 0.0002 1.0000 1.0000 0.1299 0.0110 0.0009 0.0001 1.0000 0.6862 0.0586 0.0050 0.0004 1.0000 1.0000 0.3262 0.0280 0.0024 0.0002 1.0000 1.0000 0.1578 0.0135 0.0012 0.0001 1.0000 0.8888 0.0763 0.0065 0.0006 1.0000 1.0000 0.4298 0.0369 0.0032 0.0003 1.0000 1.0000 0.2079 0.0178 0.0014
0.0180 0.2256 1.0000 1.0000 0.0003 0.0034 0.0400 0.4664 1.0000 0.0001 0.0006 0.0071 0.0828 0.9645 1.0000 0.0001 0.0013 0.0147 0.1712 1.0000 1.0000 0.0002 0.0026 0.0304 0.3540 1.0000 1.0000 0.0005 0.0054 0.0630 0.7362 1.0000 0.0001 0.0010 0.0116 0.1368 1.0000 1.0000 0.0002 0.0022 0.0268 0.3207 1.0000 1.0000 0.0005 0.0056 0.0682 0.8347 1.0000 0.0001 0.0004 0.0001 1.0000 0.8300 0.0690 0.0057 0.0005 1.0000 1.0000 0.3207 0.0268 0.0022 0.0002 1.0000 1.0000 0.1368 0.0116 0.0010 0.0001 1.0000 0.7362 0.0630 0.0054 0.0005 1.0000 1.0000 0.3540 0.0304 0.0026 0.0002 1.0000 1.0000 0.1712 0.0147 0.0013 0.0001 1.0000 0.9645 0.0828 0.0071 0.0006 0.0001 1.0000 0.4664 0.0400 0.0034 0.0003 1.0000 1.0000 0.2256 0.0180
0.2269 1.0000 1.0000 0.0003 0.0037 0.0434 0.5052 1.0000 0.0001 0.0007 0.0077 0.0897 1.0000 1.0000 0.0001 0.0014 0.0159 0.1854 1.0000 1.0000 0.0002 0.0028 0.0329 0.3835 1.0000 1.0000 0.0005 0.0058 0.0681 0.7944 1.0000 0.0001 0.0011 0.0123 0.1448 1.0000 1.0000 0.0002 0.0023 0.0277 0.3306 1.0000 1.0000 0.0005 0.0057 0.0682 0.8363 1.0000 0.0001 0.0011 0.0052 0.0011 0.0001 1.0000 0.8252 0.0687 0.0057 0.0005 1.0000 1.0000 0.3306 0.0277 0.0023 0.0002 1.0000 1.0000 0.1448 0.0123 0.0011 0.0001 1.0000 0.7944 0.0681 0.0058 0.0005 1.0000 1.0000 0.3835 0.0329 0.0028 0.0002 1.0000 1.0000 0.1854 0.0159 0.0014 0.0001 1.0000 1.0000 0.0897 0.0077 0.0007 0.0001 1.0000 0.5052 0.0434 0.0037 0.0003 1.0000 1.0000 0.2269
1.0000 1.0000 0.0003 0.0040 0.0468 0.5452 1.0000 0.0001 0.0007 0.0083 0.0968 1.0000 1.0000 0.0001 0.0015 0.0172 0.2001 1.0000 1.0000 0.0003 0.0030 0.0355 0.4138 1.0000 1.0000 0.0005 0.0063 0.0734 0.8556 1.0000 0.0001 0.0011 0.0131 0.1539 1.0000 1.0000 0.0002 0.0024 0.0289 0.3428 1.0000 1.0000 0.0005 0.0057 0.0692 0.8268 1.0000 0.0001 0.0012 0.0129 0.0636 0.0131 0.0012 0.0001 1.0000 0.8395 0.0695 0.0058 0.0005 1.0000 1.0000 0.3428 0.0289 0.0024 0.0002 1.0000 1.0000 0.1539 0.0131 0.0011 0.0001 1.0000 0.8556 0.0734 0.0063 0.0005 1.0000 1.0000 0.4138 0.0355 0.0030 0.0003 1.0000 1.0000 0.2001 0.0172 0.0015 0.0001 1.0000 1.0000 0.0968 0.0083 0.0007 0.0001 1.0000 0.5452 0.0468 0.0040 0.0003 1.0000 1.0000
1.0000 0.0004 0.0042 0.0495 0.5761 1.0000 0.0001 0.0008 0.0088 0.1023 1.0000 1.0000 0.0001 0.0016 0.0182 0.2114 1.0000 1.0000 0.0003 0.0032 0.0375 0.4372 1.0000 1.0000 0.0006 0.0067 0.0776 0.9041 1.0000 0.0001 0.0012 0.0138 0.1611 1.0000 1.0000 0.0002 0.0025 0.0297 0.3507 1.0000 1.0000 0.0005 0.0058 0.0692 0.8268 1.0000 0.0001 0.0012 0.0141 0.1536 0.7475 0.1560 0.0142 0.0012 0.0001 1.0000 0.8395 0.0703 0.0059 0.0005 1.0000 1.0000 0.3507 0.0297 0.0025 0.0002 1.0000 1.0000 0.1611 0.0138 0.0012 0.0001 1.0000 0.9041 0.0776 0.0067 0.0006 1.0000 1.0000 0.4372 0.0375 0.0032 0.0003 1.0000 1.0000 0.2114 0.0182 0.0016 0.0001 1.0000 1.0000 0.1023 0.0088 0.0008 0.0001 1.0000 0.5761 0.0495 0.0042 0.0004 1.0000
0.0003 0.0041 0.0473 0.5514 1.0000 0.0001 0.0007 0.0084 0.0979 1.0000 1.0000 0.0001 0.0015 0.0174 0.2024 1.0000 1.0000 0.0003 0.0031 0.0359 0.4185 1.0000 1.0000 0.0005 0.0064 0.0743 0.8654 1.0000 0.0001 0.0011 0.0132 0.1536 1.0000 1.0000 0.0002 0.0024 0.0280 0.3287 1.0000 1.0000 0.0004 0.0053 0.0634 0.7590 1.0000 0.0001 0.0011 0.0130 0.1560 1.0000 1.0000 1.0000 0.1536 0.0130 0.0011 0.0001 1.0000 0.7721 0.0643 0.0053 0.0004 1.0000 1.0000 0.3287 0.0280 0.0024 0.0002 1.0000 1.0000 0.1536 0.0132 0.0011 0.0001 1.0000 0.8654 0.0743 0.0064 0.0005 1.0000 1.0000 0.4185 0.0359 0.0031 0.0003 1.0000 1.0000 0.2024 0.0174 0.0015 0.0001 1.0000 1.0000 0.0979 0.0084 0.0007 0.0001 1.0000 0.5514 0.0473 0.0041 0.0003
0.0016 0.0202 0.2343 1.0000 1.0000 0.0003 0.0036 0.0415 0.4836 1.0000 1.0000 0.0006 0.0074 0.0858 1.0000 1.0000 0.0001 0.0013 0.0152 0.1775 1.0000 1.0000 0.0002 0.0027 0.0315 0.3671 1.0000 1.0000 0.0005 0.0056 0.0652 0.7590 1.0000 0.0001 0.0010 0.0117 0.1376 1.0000 1.0000 0.0002 0.0022 0.0262 0.3105 1.0000 1.0000 0.0004 0.0052 0.0633 0.7604 1.0000 1.0000 1.0000 0.7362 0.0624 0.0052 0.0004 1.0000 1.0000 0.3141 0.0262 0.0022 0.0002 1.0000 1.0000 0.1376 0.0117 0.0010 0.0001 1.0000 0.7590 0.0652 0.0056 0.0005 1.0000 1.0000 0.3671 0.0315 0.0027 0.0002 1.0000 1.0000 0.1775 0.0152 0.0013 0.0001 1.0000 1.0000 0.0858 0.0074 0.0006 1.0000 1.0000 0.4836 0.0415 0.0036 0.0003 1.0000 1.0000 0.2343 0.0202 0.0016
0.0003 0.0041 0.0473 0.5514 1.0000 0.0001 0.0007 0.0084 0.0979 1.0000 1.0000 0.0001 0.0015 0.0174 0.2024 1.0000 1.0000 0.0003 0.0031 0.0359 0.4185 1.0000 1.0000 0.0005 0.0064 0.0743 0.8654 1.0000 0.0001 0.0011 0.0132 0.1536 1.0000 1.0000 0.0002 0.0024 0.0280 0.3287 1.0000 1.0000 0.0004 0.0053 0.0634 0.7648 1.0000 0.0001 0.0011 0.0129 0.1536 1.0000 1.0000 1.0000 0.1513 0.0127 0.0011 0.0001 1.0000 0.7504 0.0636 0.0053 0.0004 1.0000 1.0000 0.3287 0.0280 0.0024 0.0002 1.0000 1.0000 0.1536 0.0132 0.0011 0.0001 1.0000 0.8654 0.0743 0.0064 0.0005 1.0000 1.0000 0.4185 0.0359 0.0031 0.0003 1.0000 1.0000 0.2024 0.0174 0.0015 0.0001 1.0000 1.0000 0.0979 0.0084 0.0007 0.0001 1.0000 0.5514 0.0473 0.0041 0.0003
1.0000 0.0004 0.0042 0.0495 0.5761 1.0000 0.0001 0.0008 0.0088 0.1023 1.0000 1.0000 0.0001 0.0016 0.0182 0.2114 1.0000 1.0000 0.0003 0.0032 0.0375 0.4372 1.0000 1.0000 0.0006 0.0067 0.0776 0.9041 1.0000 0.0001 0.0012 0.0138 0.1611 1.0000 1.0000 0.0002 0.0025 0.0297 0.3507 1.0000 1.0000 0.0005 0.0058 0.0700 0.8221 1.0000 0.0001 0.0012 0.0143 0.1560 0.7576 0.1554 0.0140 0.0012 0.0001 1.0000 0.8268 0.0691 0.0059 0.0005 1.0000 1.0000 0.3507 0.0297 0.0025 0.0002 1.0000 1.0000 0.1611 0.0138 0.0012 0.0001 1.0000 0.9041 0.0776 0.0067 0.0006 1.0000 1.0000 0.4372 0.0375 0.0032 0.0003 1.0000 1.0000 0.2114 0.0182 0.0016 0.0001 1.0000 1.0000 0.1023 0.0088 0.0008 0.0001 1.0000 0.5761 0.0495 0.0042 0.0004 1.0000
1.0000 1.0000 0.0003 0.0040 0.0468 0.5452 1.0000 0.0001 0.0007 0.0083 0.0968 1.0000 1.0000 0.0001 0.0015 0.0172 0.2001 1.0000 1.0000 0.0003 0.0030 0.0355 0.4138 1.0000 1.0000 0.0005 0.0063 0.0734 0.8556 1.0000 0.0001 0.0011 0.0131 0.1539 1.0000 1.0000 0.0002 0.0024 0.0289 0.3428 1.0000 1.0000 0.0005 0.0058 0.0696 0.8427 1.0000 0.0001 0.0012 0.0130 0.0628 0.0130 0.0012 0.0001 1.0000 0.8395 0.0688 0.0057 0.0005 1.0000 1.0000 0.3428 0.0289 0.0024 0.0002 1.0000 1.0000 0.1539 0.0131 0.0011 0.0001 1.0000 0.8556 0.0734 0.0063 0.0005 1.0000 1.0000 0.4138 0.0355 0.0030 0.0003 1.0000 1.0000 0.2001 0.0172 0.0015 0.0001 1.0000 1.0000 0.0968 0.0083 0.0007 0.0001 1.0000 0.5452 0.0468 0.0040 0.0003 1.0000 1.0000
0.2269 1.0000 1.0000 0.0003 0.0037 0.0434 0.5052 1.0000 0.0001 0.0007 0.0077 0.0897 1.0000 1.0000 0.0001 0.0014 0.0159 0.1854 1.0000 1.0000 0.0002 0.0028 0.0329 0.3835 1.0000 1.0000 0.0005 0.0058 0.0681 0.7944 1.0000 0.0001 0.0011 0.0123 0.1448 1.0000 1.0000 0.0002 0.0023 0.0277 0.3306 1.0000 1.0000 0.0005 0.0057 0.0678 0.8190 1.0000 0.0001 0.0011 0.0053 0.0011 0.0001 1.0000 0.8284 0.0688 0.0058 0.0005 1.0000 1.0000 0.3306 0.0278 0.0023 0.0002 1.0000 1.0000 0.1448 0.0123 0.0011 0.0001 1.0000 0.7944 0.0681 0.0058 0.0005 1.0000 1.0000 0.3835 0.0329 0.0028 0.0002 1.0000 1.0000 0.1854 0.0159 0.0014 0.0001 1.0000 1.0000 0.0897 0.0077 0.0007 0.0001 1.0000 0.5052 0.0434 0.0037 0.0003 1.0000 1.0000 0.2269
0.0180 0.2256 1.0000 1.0000 0.0003 0.0034 0.0400 0.4664 1.0000 0.0001 0.0006 0.0071 0.0828 0.9645 1.0000 0.0001 0.0013 0.0147 0.1712 1.0000 1.0000 0.0002 0.0026 0.0304 0.3540 1.0000 1.0000 0.0005 0.0054 0.0630 0.7362 1.0000 0.0001 0.0010 0.0116 0.1368 1.0000 1.0000 0.0002 0.0022 0.0268 0.3207 1.0000 1.0000 0.0005 0.0056 0.0683 0.8379 1.0000 0.0001 0.0004 0.0001 1.0000 0.8395 0.0679 0.0056 0.0005 1.0000 1.0000 0.3213 0.0268 0.0022 0.0002 1.0000 1.0000 0.1368 0.0116 0.0010 0.0001 1.0000 0.7362 0.0630 0.0054 0.0005 1.0000 1.0000 0.3540 0.0304 0.0026 0.0002 1.0000 1.0000 0.1712 0.0147 0.0013 0.0001 1.0000 0.9645 0.0828 0.0071 0.0006 0.0001 1.0000 0.4664 0.0400 0.0034 0.0003 1.0000 1.0000 0.2256 0.0180
