0.4652 0.1849 0.1516 0.2064 0.3532 0.5103 0.3450 0.1512 0.1692 0.2626 0.4627 0.4673 0.1910 0.1508 0.2029 0.3452 0.5109 0.3574 0.1522 0.1671 0.2570 0.4537 0.4734 0.2000 0.1501 0.1993 0.3370 0.5111 0.3695 0.1534 0.1652 0.2515 0.4444 0.4792 0.2119 0.1494 0.1945 0.3238 0.5093 0.3992 0.1591 0.1562 0.2146 0.3401 0.4939 0.5014 0.4934 0.4929 0.4929 0.4929 0.4929 0.4929 0.4929 0.4929 0.4934 0.5014 0.4939 0.3401 0.2146 0.1562 0.1591 0.3992 0.5093 0.3238 0.1945 0.1494 0.2119 0.4792 0.4444 0.2515 0.1652 0.1534 0.3695 0.5111 0.3370 0.1993 0.1501 0.2000 0.4734 0.4537 0.2570 0.1671 0.1522 0.3574 0.5109 0.3452 0.2029 0.1508 0.1910 0.4673 0.4627 0.2626 0.1692 0.1512 0.3450 0.5103 0.3532 0.2064 0.1516 0.1849 0.4652
0.1849 0.1421 0.2003 0.3510 0.5119 0.3499 0.1414 0.1609 0.2574 0.4621 0.4701 0.1889 0.1408 0.1959 0.3419 0.5126 0.3624 0.1426 0.1587 0.2516 0.4530 0.4760 0.1995 0.1400 0.1923 0.3336 0.5126 0.3743 0.1439 0.1566 0.2459 0.4435 0.4815 0.2123 0.1392 0.1879 0.3222 0.5113 0.3971 0.1485 0.1495 0.2189 0.3711 0.5111 0.4322 0.2882 0.2374 0.2351 0.2349 0.2349 0.2349 0.2349 0.2349 0.2351 0.2374 0.2882 0.4322 0.5111 0.3711 0.2189 0.1495 0.1485 0.3971 0.5113 0.3222 0.1879 0.1392 0.2123 0.4815 0.4435 0.2459 0.1566 0.1439 0.3743 0.5126 0.3336 0.1923 0.1400 0.1995 0.4760 0.4530 0.2516 0.1587 0.1426 0.3624 0.5126 0.3419 0.1959 0.1408 0.1889 0.4701 0.4621 0.2574 0.1609 0.1414 0.3499 0.5119 0.3510 0.2003 0.1421 0.1849
0.1516 0.2003 0.3484 0.5122 0.3575 0.1422 0.1593 0.2529 0.4550 0.4747 0.1971 0.1401 0.1930 0.3352 0.5126 0.3719 0.1436 0.1570 0.2471 0.4454 0.4803 0.2091 0.1395 0.1894 0.3271 0.5122 0.3834 0.1452 0.1550 0.2416 0.4358 0.4854 0.2225 0.1389 0.1855 0.3173 0.5105 0.4013 0.1490 0.1498 0.2223 0.3853 0.5088 0.3741 0.1572 0.1361 0.1358 0.1359 0.1359 0.1359 0.1359 0.1359 0.1359 0.1359 0.1358 0.1361 0.1572 0.3741 0.5088 0.3853 0.2223 0.1498 0.1490 0.4013 0.5105 0.3173 0.1855 0.1389 0.2225 0.4854 0.4358 0.2416 0.1550 0.1452 0.3834 0.5122 0.3271 0.1894 0.1395 0.2091 0.4803 0.4454 0.2471 0.1570 0.1436 0.3719 0.5126 0.3352 0.1930 0.1401 0.1971 0.4747 0.4550 0.2529 0.1593 0.1422 0.3575 0.5122 0.3484 0.2003 0.1516
0.2064 0.3510 0.5122 0.3604 0.1427 0.1581 0.2494 0.4486 0.4788 0.2060 0.1396 0.1902 0.3288 0.5123 0.3811 0.1448 0.1554 0.2427 0.4378 0.4844 0.2195 0.1390 0.1867 0.3208 0.5114 0.3921 0.1466 0.1535 0.2374 0.4281 0.4892 0.2334 0.1386 0.1831 0.3120 0.5093 0.4068 0.1500 0.1497 0.2232 0.3917 0.5062 0.3381 0.1434 0.1426 0.1649 0.1752 0.1760 0.1760 0.1760 0.1760 0.1760 0.1760 0.1760 0.1752 0.1649 0.1426 0.1434 0.3381 0.5062 0.3917 0.2232 0.1497 0.1500 0.4068 0.5093 0.3120 0.1831 0.1386 0.2334 0.4892 0.4281 0.2374 0.1535 0.1466 0.3921 0.5114 0.3208 0.1867 0.1390 0.2195 0.4844 0.4378 0.2427 0.1554 0.1448 0.3811 0.5123 0.3288 0.1902 0.1396 0.2060 0.4788 0.4486 0.2494 0.1581 0.1427 0.3604 0.5122 0.3510 0.2064
0.3532 0.5119 0.3575 0.1427 0.1577 0.2473 0.4439 0.4819 0.2142 0.1392 0.1877 0.3228 0.5117 0.3897 0.1462 0.1539 0.2384 0.4301 0.4882 0.2304 0.1387 0.1840 0.3146 0.5102 0.4005 0.1482 0.1521 0.2332 0.4203 0.4926 0.2447 0.1384 0.1807 0.3065 0.5076 0.4130 0.1514 0.1491 0.2225 0.3932 0.5048 0.3187 0.1402 0.1520 0.2052 0.2759 0.3080 0.3105 0.3106 0.3106 0.3106 0.3106 0.3106 0.3105 0.3080 0.2759 0.2052 0.1520 0.1402 0.3187 0.5048 0.3932 0.2225 0.1491 0.1514 0.4130 0.5076 0.3065 0.1807 0.1384 0.2447 0.4926 0.4203 0.2332 0.1521 0.1482 0.4005 0.5102 0.3146 0.1840 0.1387 0.2304 0.4882 0.4301 0.2384 0.1539 0.1462 0.3897 0.5117 0.3228 0.1877 0.1392 0.2142 0.4819 0.4439 0.2473 0.1577 0.1427 0.3575 0.5119 0.3532
0.5103 0.3499 0.1422 0.1581 0.2473 0.4421 0.4837 0.2203 0.1390 0.1856 0.3176 0.5108 0.3974 0.1476 0.1525 0.2343 0.4224 0.4918 0.2417 0.1385 0.1815 0.3086 0.5085 0.4085 0.1499 0.1507 0.2292 0.4125 0.4958 0.2564 0.1383 0.1783 0.3009 0.5053 0.4196 0.1532 0.1483 0.2207 0.3916 0.5046 0.3100 0.1393 0.1582 0.2321 0.3646 0.4905 0.5084 0.5089 0.5089 0.5089 0.5089 0.5089 0.5089 0.5089 0.5084 0.4905 0.3646 0.2321 0.1582 0.1393 0.3100 0.5046 0.3916 0.2207 0.1483 0.1532 0.4196 0.5053 0.3009 0.1783 0.1383 0.2564 0.4958 0.4125 0.2292 0.1507 0.1499 0.4085 0.5085 0.3086 0.1815 0.1385 0.2417 0.4918 0.4224 0.2343 0.1525 0.1476 0.3974 0.5108 0.3176 0.1856 0.1390 0.2203 0.4837 0.4421 0.2473 0.1581 0.1422 0.3499 0.5103
0.3450 0.1414 0.1593 0.2494 0.4439 0.4837 0.2226 0.1388 0.1842 0.3136 0.5097 0.4042 0.1491 0.1513 0.2306 0.4150 0.4949 0.2532 0.1384 0.1790 0.3027 0.5063 0.4162 0.1520 0.1494 0.2253 0.4048 0.4987 0.2681 0.1383 0.1760 0.2954 0.5024 0.4262 0.1553 0.1474 0.2183 0.3880 0.5051 0.3081 0.1391 0.1617 0.2478 0.4145 0.5081 0.4382 0.3769 0.3700 0.3698 0.3698 0.3698 0.3698 0.3698 0.3700 0.3769 0.4382 0.5081 0.4145 0.2478 0.1617 0.1391 0.3081 0.5051 0.3880 0.2183 0.1474 0.1553 0.4262 0.5024 0.2954 0.1760 0.1383 0.2681 0.4987 0.4048 0.2253 0.1494 0.1520 0.4162 0.5063 0.3027 0.1790 0.1384 0.2532 0.4949 0.4150 0.2306 0.1513 0.1491 0.4042 0.5097 0.3136 0.1842 0.1388 0.2226 0.4837 0.4439 0.2494 0.1593 0.1414 0.3450
0.1512 0.1609 0.2529 0.4486 0.4819 0.2203 0.1388 0.1837 0.3113 0.5088 0.4091 0.1505 0.1502 0.2273 0.4082 0.4977 0.2641 0.1383 0.1766 0.2970 0.5034 0.4236 0.1542 0.1482 0.2215 0.3971 0.5014 0.2798 0.1384 0.1737 0.2899 0.4988 0.4329 0.1579 0.1464 0.2155 0.3831 0.5061 0.3108 0.1392 0.1634 0.2562 0.4408 0.4957 0.3369 0.1583 0.1418 0.1411 0.1411 0.1411 0.1411 0.1411 0.1411 0.1411 0.1418 0.1583 0.3369 0.4957 0.4408 0.2562 0.1634 0.1392 0.3108 0.5061 0.3831 0.2155 0.1464 0.1579 0.4329 0.4988 0.2899 0.1737 0.1384 0.2798 0.5014 0.3971 0.2215 0.1482 0.1542 0.4236 0.5034 0.2970 0.1766 0.1383 0.2641 0.4977 0.4082 0.2273 0.1502 0.1505 0.4091 0.5088 0.3113 0.1837 0.1388 0.2203 0.4819 0.4486 0.2529 0.1609 0.1512
0.1692 0.2574 0.4550 0.4788 0.2142 0.1390 0.1842 0.3113 0.5085 0.4118 0.1514 0.1495 0.2246 0.4023 0.4999 0.2742 0.1384 0.1745 0.2917 0.5000 0.4306 0.1568 0.1470 0.2178 0.3895 0.5038 0.2914 0.1386 0.1715 0.2844 0.4946 0.4394 0.1608 0.1454 0.2125 0.3772 0.5074 0.3163 0.1394 0.1639 0.2601 0.4538 0.4853 0.2689 0.1388 0.1417 0.1509 0.1522 0.1523 0.1523 0.1523 0.1523 0.1523 0.1522 0.1509 0.1417 0.1388 0.2689 0.4853 0.4538 0.2601 0.1639 0.1394 0.3163 0.5074 0.3772 0.2125 0.1454 0.1608 0.4394 0.4946 0.2844 0.1715 0.1386 0.2914 0.5038 0.3895 0.2178 0.1470 0.1568 0.4306 0.5000 0.2917 0.1745 0.1384 0.2742 0.4999 0.4023 0.2246 0.1495 0.1514 0.4118 0.5085 0.3113 0.1842 0.1390 0.2142 0.4788 0.4550 0.2574 0.1692
0.2626 0.4621 0.4747 0.2060 0.1392 0.1856 0.3136 0.5088 0.4118 0.1518 0.1490 0.2229 0.3979 0.5017 0.2830 0.1385 0.1726 0.2868 0.4963 0.4370 0.1597 0.1459 0.2143 0.3820 0.5059 0.3029 0.1389 0.1693 0.2791 0.4896 0.4456 0.1643 0.1445 0.2094 0.3709 0.5087 0.3237 0.1398 0.1636 0.2610 0.4594 0.4789 0.2328 0.1371 0.1579 0.2046 0.2393 0.2444 0.2446 0.2446 0.2446 0.2446 0.2446 0.2444 0.2393 0.2046 0.1579 0.1371 0.2328 0.4789 0.4594 0.2610 0.1636 0.1398 0.3237 0.5087 0.3709 0.2094 0.1445 0.1643 0.4456 0.4896 0.2791 0.1693 0.1389 0.3029 0.5059 0.3820 0.2143 0.1459 0.1597 0.4370 0.4963 0.2868 0.1726 0.1385 0.2830 0.5017 0.3979 0.2229 0.1490 0.1518 0.4118 0.5088 0.3136 0.1856 0.1392 0.2060 0.4747 0.4621 0.2626
0.4627 0.4701 0.1971 0.1396 0.1877 0.3176 0.5097 0.4091 0.1514 0.1490 0.2223 0.3956 0.5028 0.2894 0.1386 0.1710 0.2826 0.4925 0.4426 0.1627 0.1449 0.2110 0.3748 0.5077 0.3141 0.1393 0.1673 0.2739 0.4841 0.4517 0.1684 0.1435 0.2063 0.3644 0.5099 0.3320 0.1402 0.1628 0.2600 0.4606 0.4759 0.2156 0.1376 0.1699 0.2505 0.3691 0.4476 0.4581 0.4583 0.4583 0.4583 0.4583 0.4583 0.4581 0.4476 0.3691 0.2505 0.1699 0.1376 0.2156 0.4759 0.4606 0.2600 0.1628 0.1402 0.3320 0.5099 0.3644 0.2063 0.1435 0.1684 0.4517 0.4841 0.2739 0.1673 0.1393 0.3141 0.5077 0.3748 0.2110 0.1449 0.1627 0.4426 0.4925 0.2826 0.1710 0.1386 0.2894 0.5028 0.3956 0.2223 0.1490 0.1514 0.4091 0.5097 0.3176 0.1877 0.1396 0.1971 0.4701 0.4627
0.4673 0.1889 0.1401 0.1902 0.3228 0.5108 0.4042 0.1505 0.1495 0.2229 0.3956 0.5031 0.2928 0.1388 0.1699 0.2793 0.4888 0.4474 0.1658 0.1441 0.2080 0.3682 0.5092 0.3248 0.1398 0.1653 0.2689 0.4781 0.4575 0.1733 0.1426 0.2031 0.3577 0.5110 0.3410 0.1408 0.1616 0.2578 0.4590 0.4754 0.2088 0.1382 0.1774 0.2789 0.4499 0.5058 0.4694 0.4597 0.4594 0.4594 0.4594 0.4594 0.4594 0.4597 0.4694 0.5058 0.4499 0.2789 0.1774 0.1382 0.2088 0.4754 0.4590 0.2578 0.1616 0.1408 0.3410 0.5110 0.3577 0.2031 0.1426 0.1733 0.4575 0.4781 0.2689 0.1653 0.1398 0.3248 0.5092 0.3682 0.2080 0.1441 0.1658 0.4474 0.4888 0.2793 0.1699 0.1388 0.2928 0.5031 0.3956 0.2229 0.1495 0.1505 0.4042 0.5108 0.3228 0.1902 0.1401 0.1889 0.4673
0.1910 0.1408 0.1930 0.3288 0.5117 0.3974 0.1491 0.1502 0.2246 0.3979 0.5028 0.2928 0.1388 0.1693 0.2772 0.4860 0.4512 0.1688 0.1434 0.2054 0.3622 0.5103 0.3342 0.1404 0.1634 0.2640 0.4716 0.4630 0.1792 0.1418 0.2000 0.3509 0.5118 0.3503 0.1415 0.1603 0.2548 0.4555 0.4765 0.2077 0.1386 0.1815 0.2954 0.4855 0.4779 0.3193 0.1834 0.1695 0.1692 0.1692 0.1692 0.1692 0.1692 0.1695 0.1834 0.3193 0.4779 0.4855 0.2954 0.1815 0.1386 0.2077 0.4765 0.4555 0.2548 0.1603 0.1415 0.3503 0.5118 0.3509 0.2000 0.1418 0.1792 0.4630 0.4716 0.2640 0.1634 0.1404 0.3342 0.5103 0.3622 0.2054 0.1434 0.1688 0.4512 0.4860 0.2772 0.1693 0.1388 0.2928 0.5028 0.3979 0.2246 0.1502 0.1491 0.3974 0.5117 0.3288 0.1930 0.1408 0.1910
0.1508 0.1959 0.3352 0.5123 0.3897 0.1476 0.1513 0.2273 0.4023 0.5017 0.2894 0.1388 0.1693 0.2765 0.4845 0.4534 0.1712 0.1428 0.2032 0.3570 0.5112 0.3427 0.1409 0.1618 0.2595 0.4651 0.4680 0.1859 0.1410 0.1970 0.3443 0.5123 0.3597 0.1423 0.1588 0.2513 0.4508 0.4786 0.2103 0.1388 0.1835 0.3043 0.4991 0.4532 0.2111 0.1372 0.1376 0.1389 0.1390 0.1390 0.1390 0.1390 0.1390 0.1389 0.1376 0.1372 0.2111 0.4532 0.4991 0.3043 0.1835 0.1388 0.2103 0.4786 0.4508 0.2513 0.1588 0.1423 0.3597 0.5123 0.3443 0.1970 0.1410 0.1859 0.4680 0.4651 0.2595 0.1618 0.1409 0.3427 0.5112 0.3570 0.2032 0.1428 0.1712 0.4534 0.4845 0.2765 0.1693 0.1388 0.2894 0.5017 0.4023 0.2273 0.1513 0.1476 0.3897 0.5123 0.3352 0.1959 0.1508
0.2029 0.3419 0.5126 0.3811 0.1462 0.1525 0.2306 0.4082 0.4999 0.2830 0.1386 0.1699 0.2772 0.4845 0.4542 0.1726 0.1425 0.2016 0.3529 0.5117 0.3502 0.1416 0.1604 0.2556 0.4588 0.4724 0.1933 0.1404 0.1941 0.3377 0.5126 0.3689 0.1433 0.1573 0.2475 0.4451 0.4814 0.2154 0.1388 0.1839 0.3082 0.5042 0.4366 0.1727 0.1374 0.1605 0.1894 0.1972 0.1975 0.1975 0.1975 0.1975 0.1975 0.1972 0.1894 0.1605 0.1374 0.1727 0.4366 0.5042 0.3082 0.1839 0.1388 0.2154 0.4814 0.4451 0.2475 0.1573 0.1433 0.3689 0.5126 0.3377 0.1941 0.1404 0.1933 0.4724 0.4588 0.2556 0.1604 0.1416 0.3502 0.5117 0.3529 0.2016 0.1425 0.1726 0.4542 0.4845 0.2772 0.1699 0.1386 0.2830 0.4999 0.4082 0.2306 0.1525 0.1462 0.3811 0.5126 0.3419 0.2029
0.3452 0.5126 0.3719 0.1448 0.1539 0.2343 0.4150 0.4977 0.2742 0.1385 0.1710 0.2793 0.4860 0.4534 0.1726 0.1424 0.2008 0.3502 0.5121 0.3560 0.1422 0.1592 0.2522 0.4530 0.4763 0.2009 0.1398 0.1914 0.3314 0.5125 0.3779 0.1444 0.1559 0.2436 0.4386 0.4845 0.2224 0.1387 0.1834 0.3089 0.5060 0.4272 0.1616 0.1408 0.1818 0.2606 0.3402 0.3625 0.3635 0.3636 0.3636 0.3636 0.3635 0.3625 0.3402 0.2606 0.1818 0.1408 0.1616 0.4272 0.5060 0.3089 0.1834 0.1387 0.2224 0.4845 0.4386 0.2436 0.1559 0.1444 0.3779 0.5125 0.3314 0.1914 0.1398 0.2009 0.4763 0.4530 0.2522 0.1592 0.1422 0.3560 0.5121 0.3502 0.2008 0.1424 0.1726 0.4534 0.4860 0.2793 0.1710 0.1385 0.2742 0.4977 0.4150 0.2343 0.1539 0.1448 0.3719 0.5126 0.3452
0.5109 0.3624 0.1436 0.1554 0.2384 0.4224 0.4949 0.2641 0.1384 0.1726 0.2826 0.4888 0.4512 0.1712 0.1425 0.2008 0.3493 0.5122 0.3596 0.1426 0.1582 0.2493 0.4479 0.4796 0.2085 0.1394 0.1890 0.3257 0.5120 0.3863 0.1457 0.1544 0.2396 0.4317 0.4878 0.2308 0.1385 0.1822 0.3075 0.5063 0.4230 0.1575 0.1434 0.1958 0.3095 0.4689 0.5089 0.5039 0.5036 0.5036 0.5036 0.5036 0.5036 0.5039 0.5089 0.4689 0.3095 0.1958 0.1434 0.1575 0.4230 0.5063 0.3075 0.1822 0.1385 0.2308 0.4878 0.4317 0.2396 0.1544 0.1457 0.3863 0.5120 0.3257 0.1890 0.1394 0.2085 0.4796 0.4479 0.2493 0.1582 0.1426 0.3596 0.5122 0.3493 0.2008 0.1425 0.1712 0.4512 0.4888 0.2826 0.1726 0.1384 0.2641 0.4949 0.4224 0.2384 0.1554 0.1436 0.3624 0.5109
0.3574 0.1426 0.1570 0.2427 0.4301 0.4918 0.2532 0.1383 0.1745 0.2868 0.4925 0.4474 0.1688 0.1428 0.2016 0.3502 0.5122 0.3609 0.1429 0.1576 0.2473 0.4438 0.4822 0.2155 0.1391 0.1869 0.3206 0.5113 0.3940 0.1470 0.1530 0.2357 0.4246 0.4910 0.2403 0.1384 0.1806 0.3046 0.5057 0.4226 0.1561 0.1449 0.2042 0.3387 0.5067 0.4633 0.3437 0.2911 0.2882 0.2882 0.2882 0.2882 0.2882 0.2911 0.3437 0.4633 0.5067 0.3387 0.2042 0.1449 0.1561 0.4226 0.5057 0.3046 0.1806 0.1384 0.2403 0.4910 0.4246 0.2357 0.1530 0.1470 0.3940 0.5113 0.3206 0.1869 0.1391 0.2155 0.4822 0.4438 0.2473 0.1576 0.1429 0.3609 0.5122 0.3502 0.2016 0.1428 0.1688 0.4474 0.4925 0.2868 0.1745 0.1383 0.2532 0.4918 0.4301 0.2427 0.1570 0.1426 0.3574
0.1522 0.1587 0.2471 0.4378 0.4882 0.2417 0.1384 0.1766 0.2917 0.4963 0.4426 0.1658 0.1434 0.2032 0.3529 0.5121 0.3596 0.1429 0.1574 0.2462 0.4410 0.4840 0.2212 0.1389 0.1851 0.3162 0.5104 0.4006 0.1484 0.1518 0.2321 0.4176 0.4940 0.2504 0.1383 0.1788 0.3009 0.5044 0.4246 0.1561 0.1457 0.2087 0.3555 0.5116 0.4146 0.1815 0.1384 0.1363 0.1362 0.1362 0.1362 0.1362 0.1362 0.1363 0.1384 0.1815 0.4146 0.5116 0.3555 0.2087 0.1457 0.1561 0.4246 0.5044 0.3009 0.1788 0.1383 0.2504 0.4940 0.4176 0.2321 0.1518 0.1484 0.4006 0.5104 0.3162 0.1851 0.1389 0.2212 0.4840 0.4410 0.2462 0.1574 0.1429 0.3596 0.5121 0.3529 0.2032 0.1434 0.1658 0.4426 0.4963 0.2917 0.1766 0.1384 0.2417 0.4882 0.4378 0.2471 0.1587 0.1522
0.1671 0.2516 0.4454 0.4844 0.2304 0.1385 0.1790 0.2970 0.5000 0.4370 0.1627 0.1441 0.2054 0.3570 0.5117 0.3560 0.1426 0.1576 0.2462 0.4401 0.4850 0.2249 0.1388 0.1838 0.3125 0.5094 0.4062 0.1497 0.1507 0.2288 0.4109 0.4967 0.2606 0.1383 0.1769 0.2967 0.5024 0.4280 0.1570 0.1458 0.2107 0.3644 0.5112 0.3801 0.1513 0.1387 0.1562 0.1651 0.1658 0.1658 0.1658 0.1658 0.1658 0.1651 0.1562 0.1387 0.1513 0.3801 0.5112 0.3644 0.2107 0.1458 0.1570 0.4280 0.5024 0.2967 0.1769 0.1383 0.2606 0.4967 0.4109 0.2288 0.1507 0.1497 0.4062 0.5094 0.3125 0.1838 0.1388 0.2249 0.4850 0.4401 0.2462 0.1576 0.1426 0.3560 0.5117 0.3570 0.2054 0.1441 0.1627 0.4370 0.5000 0.2970 0.1790 0.1385 0.2304 0.4844 0.4454 0.2516 0.1671
0.2570 0.4530 0.4803 0.2195 0.1387 0.1815 0.3027 0.5034 0.4306 0.1597 0.1449 0.2080 0.3622 0.5112 0.3502 0.1422 0.1582 0.2473 0.4410 0.4850 0.2263 0.1387 0.1829 0.3099 0.5084 0.4108 0.1509 0.1498 0.2260 0.4050 0.4990 0.2703 0.1383 0.1750 0.2923 0.4999 0.4324 0.1584 0.1456 0.2111 0.3681 0.5104 0.3590 0.1447 0.1463 0.1907 0.2523 0.2811 0.2834 0.2835 0.2835 0.2835 0.2834 0.2811 0.2523 0.1907 0.1463 0.1447 0.3590 0.5104 0.3681 0.2111 0.1456 0.1584 0.4324 0.4999 0.2923 0.1750 0.1383 0.2703 0.4990 0.4050 0.2260 0.1498 0.1509 0.4108 0.5084 0.3099 0.1829 0.1387 0.2263 0.4850 0.4410 0.2473 0.1582 0.1422 0.3502 0.5112 0.3622 0.2080 0.1449 0.1597 0.4306 0.5034 0.3027 0.1815 0.1387 0.2195 0.4803 0.4530 0.2570
0.4537 0.4760 0.2091 0.1390 0.1840 0.3086 0.5063 0.4236 0.1568 0.1459 0.2110 0.3682 0.5103 0.3427 0.1416 0.1592 0.2493 0.4438 0.4840 0.2249 0.1387 0.1826 0.3086 0.5077 0.4140 0.1519 0.1491 0.2236 0.3998 0.5009 0.2793 0.1384 0.1732 0.2880 0.4968 0.4371 0.1604 0.1452 0.2103 0.3686 0.5100 0.3477 0.1424 0.1519 0.2155 0.3334 0.4628 0.4987 0.5004 0.5004 0.5004 0.5004 0.5004 0.4987 0.4628 0.3334 0.2155 0.1519 0.1424 0.3477 0.5100 0.3686 0.2103 0.1452 0.1604 0.4371 0.4968 0.2880 0.1732 0.1384 0.2793 0.5009 0.3998 0.2236 0.1491 0.1519 0.4140 0.5077 0.3086 0.1826 0.1387 0.2249 0.4840 0.4438 0.2493 0.1592 0.1416 0.3427 0.5103 0.3682 0.2110 0.1459 0.1568 0.4236 0.5063 0.3086 0.1840 0.1390 0.2091 0.4760 0.4537
0.4734 0.1995 0.1395 0.1867 0.3146 0.5085 0.4162 0.1542 0.1470 0.2143 0.3748 0.5092 0.3342 0.1409 0.1604 0.2522 0.4479 0.4822 0.2212 0.1388 0.1829 0.3086 0.5075 0.4157 0.1526 0.1486 0.2218 0.3956 0.5024 0.2870 0.1386 0.1716 0.2839 0.4934 0.4419 0.1628 0.1446 0.2088 0.3668 0.5101 0.3430 0.1415 0.1554 0.2310 0.3828 0.5106 0.4639 0.4147 0.4092 0.4091 0.4091 0.4091 0.4092 0.4147 0.4639 0.5106 0.3828 0.2310 0.1554 0.1415 0.3430 0.5101 0.3668 0.2088 0.1446 0.1628 0.4419 0.4934 0.2839 0.1716 0.1386 0.2870 0.5024 0.3956 0.2218 0.1486 0.1526 0.4157 0.5075 0.3086 0.1829 0.1388 0.2212 0.4822 0.4479 0.2522 0.1604 0.1409 0.3342 0.5092 0.3748 0.2143 0.1470 0.1542 0.4162 0.5085 0.3146 0.1867 0.1395 0.1995 0.4734
0.2000 0.1400 0.1894 0.3208 0.5102 0.4085 0.1520 0.1482 0.2178 0.3820 0.5077 0.3248 0.1404 0.1618 0.2556 0.4530 0.4796 0.2155 0.1389 0.1838 0.3099 0.5077 0.4157 0.1529 0.1484 0.2207 0.3927 0.5035 0.2932 0.1387 0.1702 0.2802 0.4898 0.4464 0.1655 0.1440 0.2069 0.3637 0.5104 0.3428 0.1413 0.1574 0.2401 0.4113 0.5053 0.3784 0.1796 0.1484 0.1472 0.1472 0.1472 0.1472 0.1472 0.1484 0.1796 0.3784 0.5053 0.4113 0.2401 0.1574 0.1413 0.3428 0.5104 0.3637 0.2069 0.1440 0.1655 0.4464 0.4898 0.2802 0.1702 0.1387 0.2932 0.5035 0.3927 0.2207 0.1484 0.1529 0.4157 0.5077 0.3099 0.1838 0.1389 0.2155 0.4796 0.4530 0.2556 0.1618 0.1404 0.3248 0.5077 0.3820 0.2178 0.1482 0.1520 0.4085 0.5102 0.3208 0.1894 0.1400 0.2000
0.1501 0.1923 0.3271 0.5114 0.4005 0.1499 0.1494 0.2215 0.3895 0.5059 0.3141 0.1398 0.1634 0.2595 0.4588 0.4763 0.2085 0.1391 0.1851 0.3125 0.5084 0.4140 0.1526 0.1484 0.2202 0.3911 0.5042 0.2976 0.1389 0.1691 0.2772 0.4864 0.4505 0.1683 0.1433 0.2049 0.3598 0.5109 0.3453 0.1414 0.1584 0.2450 0.4273 0.4975 0.3140 0.1430 0.1383 0.1451 0.1461 0.1461 0.1461 0.1461 0.1461 0.1451 0.1383 0.1430 0.3140 0.4975 0.4273 0.2450 0.1584 0.1414 0.3453 0.5109 0.3598 0.2049 0.1433 0.1683 0.4505 0.4864 0.2772 0.1691 0.1389 0.2976 0.5042 0.3911 0.2202 0.1484 0.1526 0.4140 0.5084 0.3125 0.1851 0.1391 0.2085 0.4763 0.4588 0.2595 0.1634 0.1398 0.3141 0.5059 0.3895 0.2215 0.1494 0.1499 0.4005 0.5114 0.3271 0.1923 0.1501
0.1993 0.3336 0.5122 0.3921 0.1482 0.1507 0.2253 0.3971 0.5038 0.3029 0.1393 0.1653 0.2640 0.4651 0.4724 0.2009 0.1394 0.1869 0.3162 0.5094 0.4108 0.1519 0.1486 0.2207 0.3911 0.5044 0.2999 0.1390 0.1683 0.2748 0.4835 0.4539 0.1712 0.1428 0.2030 0.3558 0.5114 0.3493 0.1416 0.1586 0.2472 0.4355 0.4917 0.2746 0.1383 0.1516 0.1912 0.2206 0.2248 0.2249 0.2249 0.2249 0.2248 0.2206 0.1912 0.1516 0.1383 0.2746 0.4917 0.4355 0.2472 0.1586 0.1416 0.3493 0.5114 0.3558 0.2030 0.1428 0.1712 0.4539 0.4835 0.2748 0.1683 0.1390 0.2999 0.5044 0.3911 0.2207 0.1486 0.1519 0.4108 0.5094 0.3162 0.1869 0.1394 0.2009 0.4724 0.4651 0.2640 0.1653 0.1393 0.3029 0.5038 0.3971 0.2253 0.1507 0.1482 0.3921 0.5122 0.3336 0.1993
0.3370 0.5126 0.3834 0.1466 0.1521 0.2292 0.4048 0.5014 0.2914 0.1389 0.1673 0.2689 0.4716 0.4680 0.1933 0.1398 0.1890 0.3206 0.5104 0.4062 0.1509 0.1491 0.2218 0.3927 0.5042 0.2999 0.1390 0.1679 0.2734 0.4813 0.4564 0.1738 0.1423 0.2013 0.3519 0.5118 0.3541 0.1420 0.1583 0.2476 0.4391 0.4883 0.2524 0.1376 0.1625 0.2334 0.3394 0.4124 0.4227 0.4230 0.4230 0.4230 0.4227 0.4124 0.3394 0.2334 0.1625 0.1376 0.2524 0.4883 0.4391 0.2476 0.1583 0.1420 0.3541 0.5118 0.3519 0.2013 0.1423 0.1738 0.4564 0.4813 0.2734 0.1679 0.1390 0.2999 0.5042 0.3927 0.2218 0.1491 0.1509 0.4062 0.5104 0.3206 0.1890 0.1398 0.1933 0.4680 0.4716 0.2689 0.1673 0.1389 0.2914 0.5014 0.4048 0.2292 0.1521 0.1466 0.3834 0.5126 0.3370
0.5111 0.3743 0.1452 0.1535 0.2332 0.4125 0.4987 0.2798 0.1386 0.1693 0.2739 0.4781 0.4630 0.1859 0.1404 0.1914 0.3257 0.5113 0.4006 0.1497 0.1498 0.2236 0.3956 0.5035 0.2976 0.1390 0.1679 0.2729 0.4801 0.4580 0.1759 0.1420 0.1998 0.3485 0.5122 0.3589 0.1425 0.1578 0.2469 0.4398 0.4868 0.2410 0.1377 0.1697 0.2608 0.4211 0.5099 0.4877 0.4812 0.4810 0.4810 0.4810 0.4812 0.4877 0.5099 0.4211 0.2608 0.1697 0.1377 0.2410 0.4868 0.4398 0.2469 0.1578 0.1425 0.3589 0.5122 0.3485 0.1998 0.1420 0.1759 0.4580 0.4801 0.2729 0.1679 0.1390 0.2976 0.5035 0.3956 0.2236 0.1498 0.1497 0.4006 0.5113 0.3257 0.1914 0.1404 0.1859 0.4630 0.4781 0.2739 0.1693 0.1386 0.2798 0.4987 0.4125 0.2332 0.1535 0.1452 0.3743 0.5111
0.3695 0.1439 0.1550 0.2374 0.4203 0.4958 0.2681 0.1384 0.1715 0.2791 0.4841 0.4575 0.1792 0.1410 0.1941 0.3314 0.5120 0.3940 0.1484 0.1507 0.2260 0.3998 0.5024 0.2932 0.1389 0.1683 0.2734 0.4801 0.4585 0.1770 0.1417 0.1988 0.3459 0.5124 0.3632 0.1430 0.1572 0.2457 0.4388 0.4865 0.2360 0.1379 0.1742 0.2777 0.4638 0.4915 0.3601 0.2251 0.2023 0.2018 0.2018 0.2018 0.2023 0.2251 0.3601 0.4915 0.4638 0.2777 0.1742 0.1379 0.2360 0.4865 0.4388 0.2457 0.1572 0.1430 0.3632 0.5124 0.3459 0.1988 0.1417 0.1770 0.4585 0.4801 0.2734 0.1683 0.1389 0.2932 0.5024 0.3998 0.2260 0.1507 0.1484 0.3940 0.5120 0.3314 0.1941 0.1410 0.1792 0.4575 0.4841 0.2791 0.1715 0.1384 0.2681 0.4958 0.4203 0.2374 0.1550 0.1439 0.3695
0.1534 0.1566 0.2416 0.4281 0.4926 0.2564 0.1383 0.1737 0.2844 0.4896 0.4517 0.1733 0.1418 0.1970 0.3377 0.5125 0.3863 0.1470 0.1518 0.2288 0.4050 0.5009 0.2870 0.1387 0.1691 0.2748 0.4813 0.4580 0.1770 0.1417 0.1982 0.3441 0.5125 0.3666 0.1434 0.1567 0.2443 0.4370 0.4869 0.2347 0.1381 0.1767 0.2878 0.4842 0.4705 0.2504 0.1400 0.1360 0.1365 0.1366 0.1366 0.1366 0.1365 0.1360 0.1400 0.2504 0.4705 0.4842 0.2878 0.1767 0.1381 0.2347 0.4869 0.4370 0.2443 0.1567 0.1434 0.3666 0.5125 0.3441 0.1982 0.1417 0.1770 0.4580 0.4813 0.2748 0.1691 0.1387 0.2870 0.5009 0.4050 0.2288 0.1518 0.1470 0.3863 0.5125 0.3377 0.1970 0.1418 0.1733 0.4517 0.4896 0.2844 0.1737 0.1383 0.2564 0.4926 0.4281 0.2416 0.1566 0.1534
0.1652 0.2459 0.4358 0.4892 0.2447 0.1383 0.1760 0.2899 0.4946 0.4456 0.1684 0.1426 0.2000 0.3443 0.5126 0.3779 0.1457 0.1530 0.2321 0.4109 0.4990 0.2793 0.1386 0.1702 0.2772 0.4835 0.4564 0.1759 0.1417 0.1982 0.3435 0.5125 0.3688 0.1437 0.1562 0.2430 0.4349 0.4877 0.2355 0.1382 0.1781 0.2935 0.4937 0.4549 0.1950 0.1366 0.1541 0.1778 0.1837 0.1840 0.1840 0.1840 0.1837 0.1778 0.1541 0.1366 0.1950 0.4549 0.4937 0.2935 0.1781 0.1382 0.2355 0.4877 0.4349 0.2430 0.1562 0.1437 0.3688 0.5125 0.3435 0.1982 0.1417 0.1759 0.4564 0.4835 0.2772 0.1702 0.1386 0.2793 0.4990 0.4109 0.2321 0.1530 0.1457 0.3779 0.5126 0.3443 0.2000 0.1426 0.1684 0.4456 0.4946 0.2899 0.1760 0.1383 0.2447 0.4892 0.4358 0.2459 0.1652
0.2515 0.4435 0.4854 0.2334 0.1384 0.1783 0.2954 0.4988 0.4394 0.1643 0.1435 0.2031 0.3509 0.5123 0.3689 0.1444 0.1544 0.2357 0.4176 0.4967 0.2703 0.1384 0.1716 0.2802 0.4864 0.4539 0.1738 0.1420 0.1988 0.3441 0.5125 0.3695 0.1439 0.1559 0.2420 0.4331 0.4885 0.2371 0.1383 0.1787 0.2965 0.4982 0.4445 0.1741 0.1388 0.1738 0.2434 0.3120 0.3298 0.3306 0.3307 0.3306 0.3298 0.3120 0.2434 0.1738 0.1388 0.1741 0.4445 0.4982 0.2965 0.1787 0.1383 0.2371 0.4885 0.4331 0.2420 0.1559 0.1439 0.3695 0.5125 0.3441 0.1988 0.1420 0.1738 0.4539 0.4864 0.2802 0.1716 0.1384 0.2703 0.4967 0.4176 0.2357 0.1544 0.1444 0.3689 0.5123 0.3509 0.2031 0.1435 0.1643 0.4394 0.4988 0.2954 0.1783 0.1384 0.2334 0.4854 0.4435 0.2515
0.4444 0.4815 0.2225 0.1386 0.1807 0.3009 0.5024 0.4329 0.1608 0.1445 0.2063 0.3577 0.5118 0.3597 0.1433 0.1559 0.2396 0.4246 0.4940 0.2606 0.1383 0.1732 0.2839 0.4898 0.4505 0.1712 0.1423 0.1998 0.3459 0.5125 0.3688 0.1439 0.1558 0.2415 0.4319 0.4891 0.2390 0.1383 0.1788 0.2979 0.5004 0.4381 0.1660 0.1411 0.1875 0.2912 0.4436 0.5087 0.5092 0.5092 0.5092 0.5092 0.5092 0.5087 0.4436 0.2912 0.1875 0.1411 0.1660 0.4381 0.5004 0.2979 0.1788 0.1383 0.2390 0.4891 0.4319 0.2415 0.1558 0.1439 0.3688 0.5125 0.3459 0.1998 0.1423 0.1712 0.4505 0.4898 0.2839 0.1732 0.1383 0.2606 0.4940 0.4246 0.2396 0.1559 0.1433 0.3597 0.5118 0.3577 0.2063 0.1445 0.1608 0.4329 0.5024 0.3009 0.1807 0.1386 0.2225 0.4815 0.4444
0.4792 0.2123 0.1389 0.1831 0.3065 0.5053 0.4262 0.1579 0.1454 0.2094 0.3644 0.5110 0.3503 0.1423 0.1573 0.2436 0.4317 0.4910 0.2504 0.1383 0.1750 0.2880 0.4934 0.4464 0.1683 0.1428 0.2013 0.3486 0.5124 0.3666 0.1437 0.1559 0.2415 0.4314 0.4895 0.2403 0.1383 0.1787 0.2983 0.5014 0.4344 0.1623 0.1427 0.1964 0.3211 0.4979 0.4788 0.3826 0.3426 0.3405 0.3405 0.3405 0.3426 0.3826 0.4788 0.4979 0.3211 0.1964 0.1427 0.1623 0.4344 0.5014 0.2983 0.1787 0.1383 0.2403 0.4895 0.4314 0.2415 0.1559 0.1437 0.3666 0.5124 0.3485 0.2013 0.1428 0.1683 0.4464 0.4934 0.2880 0.1750 0.1383 0.2504 0.4910 0.4317 0.2436 0.1573 0.1423 0.3503 0.5110 0.3644 0.2094 0.1454 0.1579 0.4262 0.5053 0.3065 0.1831 0.1389 0.2123 0.4792
0.2119 0.1392 0.1855 0.3120 0.5076 0.4196 0.1553 0.1464 0.2125 0.3709 0.5099 0.3410 0.1415 0.1588 0.2475 0.4386 0.4878 0.2403 0.1383 0.1769 0.2923 0.4968 0.4419 0.1655 0.1433 0.2030 0.3519 0.5122 0.3631 0.1434 0.1562 0.2420 0.4319 0.4895 0.2408 0.1383 0.1786 0.2983 0.5018 0.4325 0.1605 0.1438 0.2020 0.3398 0.5100 0.4347 0.2103 0.1423 0.1387 0.1385 0.1385 0.1385 0.1387 0.1423 0.2103 0.4347 0.5100 0.3398 0.2020 0.1438 0.1605 0.4325 0.5018 0.2983 0.1786 0.1383 0.2408 0.4895 0.4319 0.2420 0.1562 0.1434 0.3632 0.5122 0.3519 0.2030 0.1433 0.1655 0.4419 0.4968 0.2923 0.1769 0.1383 0.2403 0.4878 0.4386 0.2475 0.1588 0.1415 0.3410 0.5099 0.3709 0.2125 0.1464 0.1553 0.4196 0.5076 0.3120 0.1855 0.1392 0.2119
0.1494 0.1879 0.3173 0.5093 0.4130 0.1532 0.1474 0.2155 0.3772 0.5087 0.3320 0.1408 0.1603 0.2513 0.4451 0.4845 0.2308 0.1384 0.1788 0.2967 0.4999 0.4371 0.1628 0.1440 0.2049 0.3558 0.5118 0.3588 0.1429 0.1567 0.2430 0.4331 0.4891 0.2403 0.1383 0.1786 0.2982 0.5019 0.4317 0.1596 0.1445 0.2055 0.3514 0.5119 0.4007 0.1586 0.1371 0.1499 0.1560 0.1565 0.1565 0.1565 0.1560 0.1499 0.1371 0.1586 0.4007 0.5119 0.3514 0.2055 0.1445 0.1596 0.4317 0.5019 0.2982 0.1786 0.1383 0.2403 0.4891 0.4331 0.2430 0.1567 0.1430 0.3589 0.5118 0.3558 0.2049 0.1440 0.1628 0.4371 0.4999 0.2967 0.1788 0.1384 0.2308 0.4845 0.4451 0.2513 0.1603 0.1408 0.3320 0.5087 0.3772 0.2155 0.1474 0.1532 0.4130 0.5093 0.3173 0.1879 0.1494
0.1945 0.3223 0.5105 0.4067 0.1514 0.1483 0.2183 0.3831 0.5074 0.3236 0.1402 0.1616 0.2548 0.4508 0.4814 0.2224 0.1385 0.1806 0.3009 0.5024 0.4324 0.1604 0.1446 0.2070 0.3599 0.5114 0.3540 0.1425 0.1572 0.2443 0.4350 0.4885 0.2390 0.1383 0.1786 0.2982 0.5019 0.4314 0.1592 0.1449 0.2075 0.3584 0.5117 0.3777 0.1483 0.1434 0.1819 0.2335 0.2548 0.2563 0.2564 0.2563 0.2548 0.2335 0.1818 0.1434 0.1483 0.3777 0.5117 0.3584 0.2075 0.1449 0.1592 0.4314 0.5019 0.2982 0.1786 0.1383 0.2390 0.4885 0.4349 0.2443 0.1572 0.1425 0.3541 0.5114 0.3598 0.2069 0.1446 0.1604 0.4324 0.5024 0.3009 0.1806 0.1385 0.2224 0.4814 0.4508 0.2548 0.1616 0.1402 0.3237 0.5074 0.3831 0.2183 0.1483 0.1514 0.4068 0.5105 0.3222 0.1945
0.3240 0.5113 0.4011 0.1500 0.1491 0.2208 0.3881 0.5061 0.3162 0.1398 0.1628 0.2579 0.4556 0.4786 0.2153 0.1387 0.1822 0.3047 0.5044 0.4280 0.1584 0.1452 0.2088 0.3637 0.5109 0.3492 0.1420 0.1578 0.2457 0.4370 0.4876 0.2371 0.1383 0.1788 0.2983 0.5019 0.4314 0.1591 0.1450 0.2086 0.3624 0.5112 0.3630 0.1446 0.1488 0.2063 0.3130 0.4313 0.4711 0.4734 0.4734 0.4734 0.4710 0.4312 0.3129 0.2063 0.1488 0.1446 0.3630 0.5112 0.3623 0.2085 0.1450 0.1591 0.4314 0.5019 0.2983 0.1787 0.1383 0.2371 0.4877 0.4370 0.2457 0.1578 0.1420 0.3493 0.5109 0.3637 0.2088 0.1452 0.1584 0.4280 0.5044 0.3046 0.1822 0.1387 0.2154 0.4786 0.4555 0.2578 0.1628 0.1398 0.3163 0.5061 0.3880 0.2207 0.1491 0.1500 0.4013 0.5113 0.3238
0.5094 0.3968 0.1490 0.1497 0.2226 0.3918 0.5051 0.3105 0.1394 0.1637 0.2602 0.4592 0.4764 0.2101 0.1388 0.1834 0.3076 0.5058 0.4244 0.1569 0.1456 0.2103 0.3669 0.5104 0.3451 0.1416 0.1583 0.2470 0.4389 0.4868 0.2353 0.1383 0.1788 0.2984 0.5018 0.4317 0.1592 0.1450 0.2089 0.3641 0.5108 0.3544 0.1429 0.1526 0.2222 0.3635 0.5077 0.4828 0.4521 0.4494 0.4494 0.4494 0.4522 0.4829 0.5077 0.3634 0.2222 0.1525 0.1429 0.3545 0.5108 0.3641 0.2088 0.1450 0.1592 0.4317 0.5018 0.2983 0.1788 0.1383 0.2355 0.4869 0.4388 0.2469 0.1583 0.1416 0.3453 0.5104 0.3668 0.2103 0.1456 0.1570 0.4246 0.5057 0.3075 0.1834 0.1388 0.2103 0.4765 0.4590 0.2600 0.1636 0.1394 0.3108 0.5051 0.3916 0.2225 0.1497 0.1490 0.3971 0.5093
0.3986 0.1484 0.1500 0.2235 0.3937 0.5045 0.3075 0.1392 0.1640 0.2613 0.4610 0.4751 0.2072 0.1388 0.1841 0.3092 0.5064 0.4223 0.1560 0.1459 0.2112 0.3689 0.5100 0.3424 0.1414 0.1586 0.2477 0.4400 0.4864 0.2344 0.1383 0.1787 0.2980 0.5015 0.4324 0.1595 0.1449 0.2086 0.3642 0.5106 0.3504 0.1422 0.1548 0.2319 0.3935 0.5092 0.4071 0.2217 0.1661 0.1640 0.1640 0.1641 0.1662 0.2220 0.4074 0.5092 0.3933 0.2318 0.1548 0.1422 0.3506 0.5107 0.3641 0.2085 0.1449 0.1596 0.4325 0.5014 0.2979 0.1787 0.1382 0.2347 0.4865 0.4398 0.2476 0.1586 0.1414 0.3428 0.5101 0.3686 0.2111 0.1458 0.1561 0.4226 0.5063 0.3089 0.1839 0.1388 0.2077 0.4754 0.4606 0.2610 0.1639 0.1392 0.3081 0.5046 0.3932 0.2232 0.1498 0.1485 0.3992
0.1589 0.1497 0.2229 0.3929 0.5045 0.3085 0.1391 0.1637 0.2607 0.4604 0.4754 0.2077 0.1387 0.1838 0.3088 0.5062 0.4224 0.1559 0.1458 0.2111 0.3688 0.5099 0.3423 0.1413 0.1585 0.2475 0.4396 0.4865 0.2353 0.1382 0.1783 0.2969 0.5006 0.4341 0.1603 0.1445 0.2077 0.3626 0.5108 0.3502 0.1420 0.1559 0.2372 0.4104 0.5036 0.3467 0.1489 0.1359 0.1385 0.1388 0.1388 0.1388 0.1384 0.1358 0.1490 0.3473 0.5037 0.4100 0.2370 0.1558 0.1420 0.3506 0.5108 0.3623 0.2075 0.1445 0.1605 0.4344 0.5004 0.2965 0.1781 0.1381 0.2360 0.4868 0.4391 0.2472 0.1584 0.1413 0.3430 0.5100 0.3681 0.2107 0.1457 0.1561 0.4230 0.5060 0.3082 0.1835 0.1386 0.2088 0.4759 0.4594 0.2601 0.1634 0.1391 0.3100 0.5048 0.3917 0.2223 0.1495 0.1591
0.1567 0.2203 0.3880 0.5056 0.3152 0.1392 0.1624 0.2576 0.4559 0.4778 0.2131 0.1384 0.1822 0.3056 0.5048 0.4257 0.1570 0.1452 0.2094 0.3657 0.5103 0.3461 0.1414 0.1577 0.2457 0.4367 0.4878 0.2394 0.1380 0.1771 0.2943 0.4988 0.4372 0.1619 0.1440 0.2059 0.3591 0.5111 0.3537 0.1422 0.1560 0.2390 0.4182 0.4993 0.3098 0.1405 0.1453 0.1740 0.1913 0.1930 0.1929 0.1928 0.1909 0.1736 0.1451 0.1406 0.3109 0.4995 0.4175 0.2386 0.1558 0.1422 0.3545 0.5112 0.3584 0.2055 0.1438 0.1623 0.4381 0.4982 0.2935 0.1767 0.1379 0.2410 0.4883 0.4355 0.2450 0.1574 0.1415 0.3477 0.5104 0.3644 0.2087 0.1449 0.1575 0.4272 0.5042 0.3043 0.1815 0.1382 0.2156 0.4789 0.4538 0.2562 0.1617 0.1393 0.3187 0.5062 0.3853 0.2189 0.1562
0.2175 0.3770 0.5078 0.3303 0.1398 0.1596 0.2509 0.4457 0.4831 0.2265 0.1378 0.1788 0.2984 0.5010 0.4335 0.1601 0.1439 0.2057 0.3583 0.5110 0.3554 0.1421 0.1561 0.2416 0.4298 0.4907 0.2489 0.1378 0.1749 0.2893 0.4950 0.4428 0.1650 0.1430 0.2028 0.3529 0.5116 0.3611 0.1428 0.1551 0.2378 0.4190 0.4975 0.2921 0.1385 0.1540 0.2106 0.2906 0.3350 0.3391 0.3388 0.3382 0.3332 0.2887 0.2095 0.1535 0.1386 0.2944 0.4980 0.4175 0.2370 0.1548 0.1429 0.3630 0.5117 0.3514 0.2020 0.1427 0.1660 0.4445 0.4937 0.2878 0.1742 0.1377 0.2524 0.4917 0.4273 0.2401 0.1554 0.1424 0.3590 0.5112 0.3555 0.2042 0.1434 0.1616 0.4366 0.4991 0.2954 0.1774 0.1376 0.2328 0.4853 0.4408 0.2478 0.1582 0.1402 0.3381 0.5088 0.3711 0.2146
0.3526 0.5107 0.3577 0.1417 0.1547 0.2389 0.4259 0.4917 0.2536 0.1372 0.1729 0.2854 0.4915 0.4471 0.1678 0.1418 0.1989 0.3449 0.5117 0.3726 0.1438 0.1532 0.2342 0.4170 0.4956 0.2668 0.1376 0.1712 0.2810 0.4875 0.4517 0.1713 0.1416 0.1981 0.3431 0.5120 0.3736 0.1441 0.1532 0.2336 0.4132 0.4985 0.2898 0.1381 0.1587 0.2327 0.3645 0.4920 0.5082 0.5084 0.5082 0.5083 0.5078 0.4885 0.3604 0.2301 0.1577 0.1383 0.2960 0.4995 0.4100 0.2318 0.1525 0.1446 0.3777 0.5119 0.3398 0.1964 0.1411 0.1741 0.4549 0.4842 0.2777 0.1697 0.1376 0.2746 0.4975 0.4113 0.2310 0.1519 0.1447 0.3801 0.5116 0.3387 0.1958 0.1408 0.1727 0.4532 0.4855 0.2789 0.1699 0.1371 0.2689 0.4957 0.4145 0.2321 0.1520 0.1434 0.3741 0.5111 0.3401
0.5065 0.4020 0.1480 0.1474 0.2192 0.3905 0.5031 0.3031 0.1376 0.1636 0.2641 0.4683 0.4673 0.1899 0.1388 0.1882 0.3226 0.5100 0.3999 0.1480 0.1487 0.2222 0.3949 0.5025 0.2976 0.1379 0.1655 0.2676 0.4724 0.4648 0.1858 0.1396 0.1908 0.3279 0.5111 0.3927 0.1469 0.1502 0.2257 0.3999 0.5020 0.3017 0.1383 0.1597 0.2413 0.3977 0.5092 0.4554 0.4050 0.4006 0.4031 0.4056 0.4129 0.4628 0.5094 0.3899 0.2361 0.1577 0.1386 0.3109 0.5037 0.3933 0.2222 0.1488 0.1483 0.4007 0.5100 0.3211 0.1875 0.1388 0.1950 0.4705 0.4638 0.2608 0.1625 0.1383 0.3140 0.5053 0.3828 0.2155 0.1463 0.1513 0.4146 0.5067 0.3095 0.1818 0.1374 0.2111 0.4779 0.4499 0.2505 0.1579 0.1388 0.3369 0.5081 0.3646 0.2052 0.1426 0.1572 0.4322 0.4939
0.4659 0.1833 0.1380 0.1882 0.3288 0.5101 0.3831 0.1434 0.1502 0.2302 0.4163 0.4930 0.2570 0.1364 0.1718 0.2868 0.4946 0.4394 0.1610 0.1424 0.2034 0.3587 0.5096 0.3469 0.1400 0.1569 0.2468 0.4426 0.4824 0.2220 0.1374 0.1801 0.3047 0.5050 0.4204 0.1533 0.1457 0.2133 0.3768 0.5072 0.3295 0.1394 0.1566 0.2377 0.4060 0.5063 0.4001 0.2157 0.1646 0.1650 0.1676 0.1707 0.1777 0.2514 0.4202 0.5086 0.3904 0.2297 0.1535 0.1406 0.3473 0.5092 0.3634 0.2063 0.1434 0.1586 0.4347 0.4979 0.2912 0.1738 0.1366 0.2504 0.4915 0.4211 0.2334 0.1516 0.1430 0.3784 0.5106 0.3334 0.1907 0.1387 0.1815 0.4633 0.4689 0.2606 0.1605 0.1372 0.3193 0.5058 0.3691 0.2046 0.1417 0.1583 0.4382 0.4905 0.2759 0.1649 0.1361 0.2882 0.5014
0.3958 0.1438 0.1483 0.2300 0.4283 0.4821 0.2136 0.1363 0.1800 0.3148 0.5088 0.3876 0.1433 0.1492 0.2300 0.4221 0.4883 0.2380 0.1361 0.1751 0.2987 0.5035 0.4189 0.1512 0.1450 0.2143 0.3859 0.5029 0.3008 0.1369 0.1643 0.2686 0.4772 0.4578 0.1752 0.1398 0.1942 0.3389 0.5108 0.3768 0.1435 0.1500 0.2233 0.3860 0.5074 0.3870 0.1661 0.1359 0.1347 0.1354 0.1364 0.1374 0.1386 0.1432 0.2056 0.4196 0.5092 0.3602 0.2097 0.1451 0.1490 0.4074 0.5077 0.3129 0.1818 0.1371 0.2103 0.4788 0.4436 0.2434 0.1541 0.1400 0.3601 0.5099 0.3394 0.1912 0.1383 0.1796 0.4639 0.4628 0.2523 0.1562 0.1384 0.3437 0.5089 0.3402 0.1894 0.1376 0.1834 0.4694 0.4476 0.2393 0.1509 0.1418 0.3769 0.5084 0.3080 0.1752 0.1358 0.2374 0.4934
0.3993 0.1445 0.1482 0.2317 0.4362 0.4740 0.1879 0.1371 0.1881 0.3405 0.5082 0.3267 0.1376 0.1588 0.2632 0.4827 0.4399 0.1572 0.1413 0.2063 0.3805 0.5003 0.2791 0.1359 0.1669 0.2825 0.4970 0.4263 0.1526 0.1434 0.2116 0.3868 0.5005 0.2873 0.1361 0.1658 0.2758 0.4878 0.4454 0.1646 0.1399 0.1943 0.3347 0.5084 0.4193 0.1756 0.1345 0.1335 0.1337 0.1342 0.1350 0.1360 0.1369 0.1382 0.1444 0.2557 0.4640 0.4877 0.2886 0.1735 0.1358 0.2221 0.4829 0.4312 0.2335 0.1499 0.1423 0.3826 0.5087 0.3120 0.1778 0.1360 0.2251 0.4877 0.4124 0.2206 0.1451 0.1484 0.4147 0.4987 0.2811 0.1651 0.1363 0.2911 0.5039 0.3625 0.1972 0.1389 0.1695 0.4597 0.4581 0.2444 0.1522 0.1411 0.3700 0.5089 0.3105 0.1760 0.1359 0.2351 0.4929
0.4200 0.1489 0.1451 0.2212 0.4154 0.4848 0.2115 0.1363 0.1814 0.3241 0.5094 0.3500 0.1392 0.1554 0.2539 0.4720 0.4483 0.1612 0.1404 0.2036 0.3775 0.4997 0.2672 0.1359 0.1693 0.2928 0.5047 0.3970 0.1449 0.1477 0.2297 0.4317 0.4774 0.1961 0.1366 0.1844 0.3290 0.5093 0.3567 0.1399 0.1513 0.2347 0.4234 0.4926 0.3036 0.1420 0.1337 0.1337 0.1340 0.1345 0.1352 0.1362 0.1372 0.1382 0.1413 0.1874 0.4173 0.5075 0.3323 0.1907 0.1384 0.1663 0.4522 0.4710 0.2548 0.1560 0.1387 0.3426 0.5092 0.3298 0.1837 0.1365 0.2023 0.4812 0.4227 0.2248 0.1461 0.1472 0.4092 0.5004 0.2834 0.1658 0.1362 0.2882 0.5036 0.3635 0.1975 0.1390 0.1692 0.4594 0.4583 0.2446 0.1523 0.1411 0.3698 0.5089 0.3106 0.1760 0.1359 0.2349 0.4929
0.4396 0.1554 0.1422 0.2105 0.3928 0.4944 0.2435 0.1358 0.1742 0.3058 0.5081 0.3776 0.1420 0.1510 0.2407 0.4518 0.4642 0.1738 0.1384 0.1947 0.3566 0.5053 0.2995 0.1365 0.1638 0.2779 0.4967 0.4172 0.1491 0.1449 0.2205 0.4137 0.4858 0.2150 0.1361 0.1797 0.3186 0.5092 0.3655 0.1410 0.1500 0.2319 0.4195 0.4931 0.3067 0.1439 0.1343 0.1342 0.1346 0.1352 0.1360 0.1367 0.1377 0.1387 0.1413 0.1841 0.4133 0.5078 0.3368 0.1925 0.1388 0.1641 0.4495 0.4733 0.2563 0.1565 0.1385 0.3405 0.5092 0.3306 0.1840 0.1366 0.2018 0.4810 0.4230 0.2249 0.1461 0.1472 0.4091 0.5004 0.2835 0.1658 0.1362 0.2882 0.5036 0.3636 0.1975 0.1390 0.1692 0.4594 0.4583 0.2446 0.1523 0.1411 0.3698 0.5089 0.3106 0.1760 0.1359 0.2349 0.4929
0.4558 0.1642 0.1398 0.2012 0.3719 0.5014 0.2754 0.1360 0.1681 0.2897 0.5034 0.4007 0.1455 0.1475 0.2292 0.4312 0.4768 0.1925 0.1370 0.1869 0.3377 0.5085 0.3291 0.1378 0.1588 0.2639 0.4842 0.4357 0.1551 0.1422 0.2107 0.3931 0.4944 0.2442 0.1358 0.1734 0.3025 0.5070 0.3887 0.1441 0.1468 0.2216 0.3996 0.4995 0.3346 0.1483 0.1353 0.1350 0.1354 0.1359 0.1367 0.1375 0.1382 0.1391 0.1417 0.1839 0.4130 0.5081 0.3373 0.1925 0.1388 0.1641 0.4494 0.4734 0.2564 0.1565 0.1385 0.3405 0.5092 0.3307 0.1840 0.1366 0.2018 0.4810 0.4230 0.2249 0.1461 0.1472 0.4091 0.5004 0.2835 0.1658 0.1362 0.2882 0.5036 0.3636 0.1975 0.1390 0.1692 0.4594 0.4583 0.2446 0.1523 0.1411 0.3698 0.5089 0.3106 0.1760 0.1359 0.2349 0.4929
0.4681 0.1759 0.1382 0.1937 0.3543 0.5058 0.3030 0.1367 0.1633 0.2765 0.4957 0.4189 0.1496 0.1447 0.2199 0.4128 0.4861 0.2148 0.1362 0.1806 0.3221 0.5095 0.3530 0.1395 0.1549 0.2526 0.4701 0.4500 0.1622 0.1402 0.2028 0.3754 0.5004 0.2712 0.1359 0.1683 0.2889 0.5022 0.4077 0.1478 0.1441 0.2128 0.3814 0.5042 0.3595 0.1546 0.1367 0.1361 0.1364 0.1370 0.1375 0.1381 0.1389 0.1397 0.1420 0.1847 0.4128 0.5076 0.3363 0.1924 0.1388 0.1641 0.4495 0.4733 0.2563 0.1565 0.1385 0.3405 0.5092 0.3306 0.1840 0.1366 0.2018 0.4810 0.4230 0.2249 0.1461 0.1472 0.4091 0.5004 0.2835 0.1658 0.1362 0.2882 0.5036 0.3636 0.1975 0.1390 0.1692 0.4594 0.4583 0.2446 0.1523 0.1411 0.3698 0.5089 0.3106 0.1760 0.1359 0.2349 0.4929
0.4769 0.1896 0.1371 0.1879 0.3403 0.5082 0.3247 0.1376 0.1596 0.2662 0.4867 0.4326 0.1539 0.1427 0.2126 0.3975 0.4926 0.2362 0.1358 0.1757 0.3096 0.5087 0.3718 0.1413 0.1519 0.2433 0.4561 0.4613 0.1710 0.1387 0.1960 0.3593 0.5049 0.2985 0.1365 0.1633 0.2750 0.4928 0.4287 0.1537 0.1413 0.2025 0.3583 0.5079 0.3890 0.1646 0.1383 0.1373 0.1375 0.1378 0.1384 0.1389 0.1395 0.1402 0.1425 0.1894 0.4183 0.5077 0.3317 0.1906 0.1384 0.1663 0.4522 0.4710 0.2548 0.1560 0.1387 0.3426 0.5092 0.3298 0.1837 0.1365 0.2023 0.4812 0.4227 0.2248 0.1461 0.1472 0.4092 0.5004 0.2834 0.1658 0.1362 0.2882 0.5036 0.3635 0.1975 0.1390 0.1692 0.4594 0.4583 0.2446 0.1523 0.1411 0.3698 0.5089 0.3106 0.1760 0.1359 0.2349 0.4929
0.4830 0.2033 0.1365 0.1836 0.3297 0.5092 0.3411 0.1386 0.1568 0.2582 0.4776 0.4430 0.1583 0.1412 0.2066 0.3839 0.4978 0.2589 0.1358 0.1709 0.2964 0.5056 0.3952 0.1443 0.1481 0.2302 0.4303 0.4798 0.2041 0.1366 0.1830 0.3240 0.5096 0.3685 0.1406 0.1522 0.2401 0.4418 0.4780 0.2093 0.1362 0.1767 0.2955 0.4935 0.4573 0.2409 0.1428 0.1385 0.1385 0.1387 0.1392 0.1396 0.1400 0.1408 0.1461 0.2581 0.4643 0.4866 0.2877 0.1734 0.1358 0.2221 0.4829 0.4312 0.2335 0.1499 0.1423 0.3826 0.5087 0.3120 0.1778 0.1360 0.2251 0.4877 0.4124 0.2206 0.1451 0.1484 0.4147 0.4987 0.2811 0.1651 0.1363 0.2911 0.5039 0.3625 0.1972 0.1389 0.1695 0.4597 0.4581 0.2444 0.1522 0.1411 0.3700 0.5089 0.3105 0.1760 0.1359 0.2351 0.4929
0.4878 0.2178 0.1361 0.1795 0.3188 0.5094 0.3623 0.1402 0.1532 0.2461 0.4581 0.4630 0.1750 0.1384 0.1931 0.3484 0.5081 0.3338 0.1377 0.1579 0.2567 0.4684 0.4602 0.1751 0.1389 0.1934 0.3437 0.5097 0.3551 0.1396 0.1550 0.2457 0.4468 0.4772 0.2065 0.1373 0.1829 0.3151 0.5082 0.4050 0.1485 0.1455 0.2107 0.3628 0.5094 0.4179 0.2045 0.1446 0.1414 0.1416 0.1418 0.1420 0.1422 0.1463 0.2105 0.4198 0.5093 0.3586 0.2090 0.1451 0.1490 0.4074 0.5077 0.3129 0.1818 0.1371 0.2103 0.4788 0.4436 0.2434 0.1541 0.1400 0.3601 0.5099 0.3394 0.1912 0.1383 0.1796 0.4639 0.4628 0.2523 0.1562 0.1384 0.3437 0.5089 0.3402 0.1894 0.1376 0.1834 0.4694 0.4476 0.2393 0.1509 0.1418 0.3769 0.5084 0.3080 0.1752 0.1358 0.2374 0.4934
0.5000 0.2810 0.1360 0.1662 0.2789 0.4927 0.4354 0.1569 0.1421 0.2060 0.3718 0.5054 0.3159 0.1371 0.1611 0.2620 0.4705 0.4621 0.1800 0.1389 0.1914 0.3347 0.5106 0.3768 0.1428 0.1519 0.2341 0.4222 0.4911 0.2489 0.1367 0.1741 0.2919 0.4983 0.4341 0.1583 0.1435 0.2066 0.3640 0.5092 0.3465 0.1405 0.1537 0.2304 0.3918 0.5082 0.4199 0.2558 0.1876 0.1835 0.1840 0.1843 0.1894 0.2591 0.4206 0.5084 0.3907 0.2297 0.1532 0.1406 0.3474 0.5093 0.3634 0.2063 0.1434 0.1586 0.4347 0.4979 0.2912 0.1738 0.1366 0.2504 0.4915 0.4211 0.2334 0.1516 0.1430 0.3784 0.5106 0.3334 0.1907 0.1387 0.1815 0.4633 0.4689 0.2606 0.1605 0.1372 0.3193 0.5058 0.3691 0.2046 0.1417 0.1583 0.4382 0.4905 0.2759 0.1649 0.1361 0.2882 0.5014
