0.1512 0.2270 0.4368 0.4796 0.1818 0.1408 0.1944 0.3616 0.5112 0.2781 0.1394 0.1704 0.2975 0.5153 0.3813 0.1449 0.1539 0.2474 0.4732 0.4543 0.1618 0.1437 0.2093 0.3978 0.4989 0.2240 0.1393 0.1811 0.3271 0.5173 0.3341 0.1413 0.1611 0.2702 0.5010 0.4224 0.1513 0.1479 0.2266 0.4356 0.4804 0.1830 0.1407 0.1938 0.3600 0.5116 0.2814 0.1395 0.1680 0.2780 0.4250 0.2780 0.1680 0.1395 0.2814 0.5116 0.3600 0.1938 0.1407 0.1830 0.4804 0.4356 0.2266 0.1479 0.1513 0.4224 0.5010 0.2702 0.1611 0.1413 0.3341 0.5173 0.3271 0.1811 0.1393 0.2240 0.4989 0.3978 0.2093 0.1437 0.1618 0.4543 0.4732 0.2474 0.1539 0.1449 0.3813 0.5153 0.2975 0.1704 0.1394 0.2781 0.5112 0.3616 0.1944 0.1408 0.1818 0.4796 0.4368 0.2270 0.1512
0.2270 0.4375 0.4807 0.1806 0.1367 0.1914 0.3599 0.5122 0.2811 0.1352 0.1671 0.2952 0.5159 0.3840 0.1410 0.1503 0.2448 0.4724 0.4562 0.1590 0.1398 0.2064 0.3962 0.5002 0.2260 0.1351 0.1780 0.3250 0.5181 0.3372 0.1371 0.1577 0.2678 0.5010 0.4247 0.1478 0.1442 0.2238 0.4344 0.4820 0.1823 0.1366 0.1908 0.3582 0.5127 0.2840 0.1352 0.1661 0.2890 0.5069 0.4872 0.5069 0.2890 0.1661 0.1352 0.2840 0.5127 0.3582 0.1908 0.1366 0.1823 0.4820 0.4344 0.2238 0.1442 0.1478 0.4247 0.5010 0.2678 0.1577 0.1371 0.3372 0.5181 0.3250 0.1780 0.1351 0.2260 0.5002 0.3962 0.2064 0.1398 0.1590 0.4562 0.4724 0.2448 0.1503 0.1410 0.3840 0.5159 0.2952 0.1671 0.1352 0.2811 0.5122 0.3599 0.1914 0.1367 0.1806 0.4807 0.4375 0.2270
0.4368 0.4807 0.1817 0.1366 0.1904 0.3569 0.5130 0.2865 0.1353 0.1661 0.2924 0.5150 0.3885 0.1415 0.1496 0.2425 0.4688 0.4592 0.1606 0.1394 0.2047 0.3923 0.5017 0.2316 0.1350 0.1767 0.3217 0.5183 0.3424 0.1374 0.1568 0.2652 0.4986 0.4284 0.1487 0.1437 0.2219 0.4304 0.4842 0.1859 0.1363 0.1893 0.3546 0.5135 0.2896 0.1353 0.1655 0.2897 0.5127 0.4165 0.1984 0.4165 0.5127 0.2897 0.1655 0.1353 0.2896 0.5135 0.3546 0.1893 0.1363 0.1859 0.4842 0.4304 0.2219 0.1437 0.1487 0.4284 0.4986 0.2652 0.1568 0.1374 0.3424 0.5183 0.3217 0.1767 0.1350 0.2316 0.5017 0.3923 0.2047 0.1394 0.1606 0.4592 0.4688 0.2425 0.1496 0.1415 0.3885 0.5150 0.2924 0.1661 0.1353 0.2865 0.5130 0.3569 0.1904 0.1366 0.1817 0.4807 0.4368
0.4796 0.1806 0.1366 0.1900 0.3551 0.5136 0.2910 0.1354 0.1652 0.2897 0.5141 0.3927 0.1421 0.1490 0.2404 0.4652 0.4620 0.1623 0.1390 0.2031 0.3884 0.5032 0.2373 0.1349 0.1755 0.3185 0.5184 0.3476 0.1377 0.1560 0.2627 0.4960 0.4319 0.1497 0.1432 0.2199 0.4264 0.4863 0.1897 0.1361 0.1879 0.3510 0.5143 0.2954 0.1355 0.1646 0.2878 0.5130 0.4017 0.1463 0.1347 0.1463 0.4017 0.5130 0.2878 0.1646 0.1355 0.2954 0.5143 0.3510 0.1879 0.1361 0.1897 0.4863 0.4264 0.2199 0.1432 0.1497 0.4319 0.4960 0.2627 0.1560 0.1377 0.3476 0.5184 0.3185 0.1755 0.1349 0.2373 0.5032 0.3884 0.2031 0.1390 0.1623 0.4620 0.4652 0.2404 0.1490 0.1421 0.3927 0.5141 0.2897 0.1652 0.1354 0.2910 0.5136 0.3551 0.1900 0.1366 0.1806 0.4796
0.1818 0.1367 0.1904 0.3551 0.5138 0.2935 0.1355 0.1645 0.2875 0.5132 0.3965 0.1426 0.1483 0.2382 0.4616 0.4647 0.1642 0.1387 0.2014 0.3845 0.5046 0.2430 0.1349 0.1743 0.3152 0.5184 0.3528 0.1381 0.1552 0.2602 0.4933 0.4354 0.1507 0.1427 0.2181 0.4223 0.4884 0.1938 0.1359 0.1865 0.3474 0.5151 0.3011 0.1356 0.1636 0.2852 0.5123 0.4009 0.1439 0.1436 0.1808 0.1436 0.1439 0.4009 0.5123 0.2852 0.1636 0.1356 0.3011 0.5151 0.3474 0.1865 0.1359 0.1938 0.4884 0.4223 0.2181 0.1427 0.1507 0.4354 0.4933 0.2602 0.1552 0.1381 0.3528 0.5184 0.3152 0.1743 0.1349 0.2430 0.5046 0.3845 0.2014 0.1387 0.1642 0.4647 0.4616 0.2382 0.1483 0.1426 0.3965 0.5132 0.2875 0.1645 0.1355 0.2935 0.5138 0.3551 0.1904 0.1367 0.1818
0.1408 0.1914 0.3569 0.5136 0.2935 0.1355 0.1641 0.2860 0.5125 0.3996 0.1431 0.1478 0.2363 0.4581 0.4673 0.1661 0.1383 0.1999 0.3807 0.5060 0.2488 0.1349 0.1732 0.3120 0.5183 0.3578 0.1385 0.1544 0.2578 0.4904 0.4388 0.1518 0.1422 0.2162 0.4183 0.4904 0.1982 0.1357 0.1851 0.3439 0.5158 0.3068 0.1358 0.1627 0.2825 0.5111 0.4038 0.1439 0.1462 0.2216 0.3331 0.2216 0.1462 0.1439 0.4038 0.5111 0.2825 0.1627 0.1358 0.3068 0.5158 0.3439 0.1851 0.1357 0.1982 0.4904 0.4183 0.2162 0.1422 0.1518 0.4388 0.4904 0.2578 0.1544 0.1385 0.3578 0.5183 0.3120 0.1732 0.1349 0.2488 0.5060 0.3807 0.1999 0.1383 0.1661 0.4673 0.4581 0.2363 0.1478 0.1431 0.3996 0.5125 0.2860 0.1641 0.1355 0.2935 0.5136 0.3569 0.1914 0.1408
0.1944 0.3599 0.5130 0.2910 0.1355 0.1641 0.2854 0.5120 0.4017 0.1435 0.1474 0.2346 0.4548 0.4696 0.1681 0.1380 0.1983 0.3770 0.5072 0.2545 0.1349 0.1720 0.3089 0.5181 0.3628 0.1389 0.1536 0.2553 0.4874 0.4422 0.1529 0.1417 0.2143 0.4143 0.4923 0.2028 0.1356 0.1838 0.3403 0.5164 0.3125 0.1360 0.1617 0.2798 0.5096 0.4075 0.1444 0.1464 0.2294 0.4272 0.5166 0.4272 0.2294 0.1464 0.1444 0.4075 0.5096 0.2798 0.1617 0.1360 0.3125 0.5164 0.3403 0.1838 0.1356 0.2028 0.4923 0.4143 0.2143 0.1417 0.1529 0.4422 0.4874 0.2553 0.1536 0.1389 0.3628 0.5181 0.3089 0.1720 0.1349 0.2545 0.5072 0.3770 0.1983 0.1380 0.1681 0.4696 0.4548 0.2346 0.1474 0.1435 0.4017 0.5120 0.2854 0.1641 0.1355 0.2910 0.5130 0.3599 0.1944
0.3616 0.5122 0.2865 0.1354 0.1645 0.2860 0.5120 0.4025 0.1437 0.1471 0.2334 0.4523 0.4715 0.1700 0.1378 0.1969 0.3735 0.5084 0.2601 0.1349 0.1709 0.3059 0.5178 0.3676 0.1393 0.1528 0.2529 0.4843 0.4454 0.1541 0.1412 0.2125 0.4102 0.4942 0.2076 0.1354 0.1824 0.3369 0.5169 0.3181 0.1362 0.1608 0.2771 0.5080 0.4114 0.1450 0.1461 0.2299 0.4416 0.4873 0.3351 0.4873 0.4416 0.2299 0.1461 0.1450 0.4114 0.5080 0.2771 0.1608 0.1362 0.3181 0.5169 0.3369 0.1824 0.1354 0.2076 0.4942 0.4102 0.2125 0.1412 0.1541 0.4454 0.4843 0.2529 0.1528 0.1393 0.3676 0.5178 0.3059 0.1709 0.1349 0.2601 0.5084 0.3735 0.1969 0.1378 0.1700 0.4715 0.4523 0.2334 0.1471 0.1437 0.4025 0.5120 0.2860 0.1645 0.1354 0.2865 0.5122 0.3616
0.5112 0.2811 0.1353 0.1652 0.2875 0.5125 0.4017 0.1437 0.1470 0.2328 0.4506 0.4729 0.1716 0.1375 0.1957 0.3703 0.5094 0.2654 0.1350 0.1699 0.3030 0.5174 0.3722 0.1397 0.1521 0.2506 0.4810 0.4486 0.1554 0.1408 0.2107 0.4062 0.4960 0.2127 0.1353 0.1811 0.3335 0.5173 0.3236 0.1364 0.1599 0.2744 0.5062 0.4153 0.1458 0.1456 0.2285 0.4424 0.4800 0.1970 0.1359 0.1970 0.4800 0.4424 0.2285 0.1456 0.1458 0.4153 0.5062 0.2744 0.1599 0.1364 0.3236 0.5173 0.3335 0.1811 0.1353 0.2127 0.4960 0.4062 0.2107 0.1408 0.1554 0.4486 0.4810 0.2506 0.1521 0.1397 0.3722 0.5174 0.3030 0.1699 0.1350 0.2654 0.5094 0.3703 0.1957 0.1375 0.1716 0.4729 0.4506 0.2328 0.1470 0.1437 0.4017 0.5125 0.2875 0.1652 0.1353 0.2811 0.5112
0.2781 0.1352 0.1661 0.2897 0.5132 0.3996 0.1435 0.1471 0.2328 0.4499 0.4737 0.1727 0.1374 0.1948 0.3677 0.5102 0.2702 0.1350 0.1689 0.3002 0.5169 0.3767 0.1402 0.1514 0.2483 0.4777 0.4517 0.1568 0.1404 0.2090 0.4022 0.4977 0.2179 0.1352 0.1799 0.3301 0.5177 0.3291 0.1367 0.1590 0.2717 0.5043 0.4191 0.1465 0.1450 0.2267 0.4398 0.4796 0.1827 0.1351 0.1550 0.1351 0.1827 0.4796 0.4398 0.2267 0.1450 0.1465 0.4191 0.5043 0.2717 0.1590 0.1367 0.3291 0.5177 0.3301 0.1799 0.1352 0.2179 0.4977 0.4022 0.2090 0.1404 0.1568 0.4517 0.4777 0.2483 0.1514 0.1402 0.3767 0.5169 0.3002 0.1689 0.1350 0.2702 0.5102 0.3677 0.1948 0.1374 0.1727 0.4737 0.4499 0.2328 0.1471 0.1435 0.3996 0.5132 0.2897 0.1661 0.1352 0.2781
0.1394 0.1671 0.2924 0.5141 0.3965 0.1431 0.1474 0.2334 0.4506 0.4737 0.1731 0.1373 0.1942 0.3658 0.5109 0.2742 0.1351 0.1681 0.2977 0.5164 0.3809 0.1406 0.1507 0.2461 0.4744 0.4546 0.1582 0.1400 0.2073 0.3983 0.4994 0.2233 0.1351 0.1786 0.3267 0.5180 0.3345 0.1370 0.1581 0.2691 0.5021 0.4228 0.1474 0.1445 0.2248 0.4362 0.4812 0.1822 0.1362 0.1819 0.2602 0.1819 0.1362 0.1822 0.4812 0.4362 0.2248 0.1445 0.1474 0.4228 0.5021 0.2691 0.1581 0.1370 0.3345 0.5180 0.3267 0.1786 0.1351 0.2233 0.4994 0.3983 0.2073 0.1400 0.1582 0.4546 0.4744 0.2461 0.1507 0.1406 0.3809 0.5164 0.2977 0.1681 0.1351 0.2742 0.5109 0.3658 0.1942 0.1373 0.1731 0.4737 0.4506 0.2334 0.1474 0.1431 0.3965 0.5141 0.2924 0.1671 0.1394
0.1704 0.2952 0.5150 0.3927 0.1426 0.1478 0.2346 0.4523 0.4729 0.1727 0.1373 0.1940 0.3648 0.5113 0.2771 0.1351 0.1674 0.2955 0.5158 0.3846 0.1411 0.1501 0.2440 0.4711 0.4574 0.1597 0.1396 0.2056 0.3944 0.5009 0.2287 0.1350 0.1773 0.3234 0.5182 0.3398 0.1372 0.1573 0.2665 0.4998 0.4265 0.1483 0.1439 0.2228 0.4323 0.4832 0.1846 0.1363 0.1875 0.3342 0.4921 0.3342 0.1875 0.1363 0.1846 0.4832 0.4323 0.2228 0.1439 0.1483 0.4265 0.4998 0.2665 0.1573 0.1372 0.3398 0.5182 0.3234 0.1773 0.1350 0.2287 0.5009 0.3944 0.2056 0.1396 0.1597 0.4574 0.4711 0.2440 0.1501 0.1411 0.3846 0.5158 0.2955 0.1674 0.1351 0.2771 0.5113 0.3648 0.1940 0.1373 0.1727 0.4729 0.4523 0.2346 0.1478 0.1426 0.3927 0.5150 0.2952 0.1704
0.2975 0.5159 0.3885 0.1421 0.1483 0.2363 0.4548 0.4715 0.1716 0.1374 0.1942 0.3648 0.5114 0.2786 0.1352 0.1669 0.2939 0.5153 0.3878 0.1415 0.1496 0.2421 0.4679 0.4601 0.1612 0.1392 0.2040 0.3906 0.5024 0.2342 0.1350 0.1761 0.3201 0.5184 0.3450 0.1376 0.1564 0.2640 0.4973 0.4302 0.1492 0.1434 0.2209 0.4283 0.4853 0.1879 0.1362 0.1879 0.3468 0.5169 0.4401 0.5169 0.3468 0.1879 0.1362 0.1879 0.4853 0.4283 0.2209 0.1434 0.1492 0.4302 0.4973 0.2640 0.1564 0.1376 0.3450 0.5184 0.3201 0.1761 0.1350 0.2342 0.5024 0.3906 0.2040 0.1392 0.1612 0.4601 0.4679 0.2421 0.1496 0.1415 0.3878 0.5153 0.2939 0.1669 0.1352 0.2786 0.5114 0.3648 0.1942 0.1374 0.1716 0.4715 0.4548 0.2363 0.1483 0.1421 0.3885 0.5159 0.2975
0.5153 0.3840 0.1415 0.1490 0.2382 0.4581 0.4696 0.1700 0.1375 0.1948 0.3658 0.5113 0.2786 0.1352 0.1666 0.2928 0.5149 0.3902 0.1418 0.1491 0.2405 0.4650 0.4624 0.1628 0.1389 0.2025 0.3869 0.5038 0.2397 0.1349 0.1750 0.3169 0.5184 0.3502 0.1379 0.1556 0.2615 0.4947 0.4337 0.1502 0.1429 0.2190 0.4243 0.4874 0.1918 0.1360 0.1870 0.3475 0.5157 0.3334 0.1522 0.3334 0.5157 0.3475 0.1870 0.1360 0.1918 0.4874 0.4243 0.2190 0.1429 0.1502 0.4337 0.4947 0.2615 0.1556 0.1379 0.3502 0.5184 0.3169 0.1750 0.1349 0.2397 0.5038 0.3869 0.2025 0.1389 0.1628 0.4624 0.4650 0.2405 0.1491 0.1418 0.3902 0.5149 0.2928 0.1666 0.1352 0.2786 0.5113 0.3658 0.1948 0.1375 0.1700 0.4696 0.4581 0.2382 0.1490 0.1415 0.3840 0.5153
0.3813 0.1410 0.1496 0.2404 0.4616 0.4673 0.1681 0.1378 0.1957 0.3677 0.5109 0.2771 0.1352 0.1666 0.2924 0.5147 0.3918 0.1421 0.1487 0.2391 0.4625 0.4644 0.1642 0.1386 0.2011 0.3835 0.5051 0.2451 0.1349 0.1738 0.3138 0.5183 0.3552 0.1383 0.1548 0.2590 0.4919 0.4372 0.1512 0.1424 0.2171 0.4203 0.4894 0.1960 0.1358 0.1857 0.3451 0.5157 0.3133 0.1366 0.1399 0.1366 0.3133 0.5157 0.3451 0.1857 0.1358 0.1960 0.4894 0.4203 0.2171 0.1424 0.1512 0.4372 0.4919 0.2590 0.1548 0.1383 0.3552 0.5183 0.3138 0.1738 0.1349 0.2451 0.5051 0.3835 0.2011 0.1386 0.1642 0.4644 0.4625 0.2391 0.1487 0.1421 0.3918 0.5147 0.2924 0.1666 0.1352 0.2771 0.5109 0.3677 0.1957 0.1378 0.1681 0.4673 0.4616 0.2404 0.1496 0.1410 0.3813
0.1449 0.1503 0.2425 0.4652 0.4647 0.1661 0.1380 0.1969 0.3703 0.5102 0.2742 0.1351 0.1669 0.2928 0.5147 0.3923 0.1422 0.1485 0.2382 0.4605 0.4660 0.1655 0.1384 0.1999 0.3803 0.5062 0.2502 0.1349 0.1728 0.3109 0.5182 0.3600 0.1386 0.1540 0.2566 0.4890 0.4405 0.1523 0.1419 0.2153 0.4163 0.4914 0.2004 0.1357 0.1844 0.3419 0.5161 0.3123 0.1361 0.1558 0.2082 0.1558 0.1361 0.3123 0.5161 0.3419 0.1844 0.1357 0.2004 0.4914 0.4163 0.2153 0.1419 0.1523 0.4405 0.4890 0.2566 0.1540 0.1386 0.3600 0.5182 0.3109 0.1728 0.1349 0.2502 0.5062 0.3803 0.1999 0.1384 0.1655 0.4660 0.4605 0.2382 0.1485 0.1422 0.3923 0.5147 0.2928 0.1669 0.1351 0.2742 0.5102 0.3703 0.1969 0.1380 0.1661 0.4647 0.4652 0.2425 0.1503 0.1449
0.1539 0.2448 0.4688 0.4620 0.1642 0.1383 0.1983 0.3735 0.5094 0.2702 0.1351 0.1674 0.2939 0.5149 0.3918 0.1422 0.1484 0.2377 0.4593 0.4672 0.1666 0.1382 0.1988 0.3776 0.5072 0.2549 0.1349 0.1718 0.3081 0.5180 0.3645 0.1390 0.1533 0.2543 0.4860 0.4437 0.1535 0.1415 0.2134 0.4122 0.4933 0.2052 0.1355 0.1831 0.3385 0.5167 0.3161 0.1361 0.1596 0.2616 0.4007 0.2616 0.1596 0.1361 0.3161 0.5167 0.3385 0.1831 0.1355 0.2052 0.4933 0.4122 0.2134 0.1415 0.1535 0.4437 0.4860 0.2543 0.1533 0.1390 0.3645 0.5180 0.3081 0.1718 0.1349 0.2549 0.5072 0.3776 0.1988 0.1382 0.1666 0.4672 0.4593 0.2377 0.1484 0.1422 0.3918 0.5149 0.2939 0.1674 0.1351 0.2702 0.5094 0.3735 0.1983 0.1383 0.1642 0.4620 0.4688 0.2448 0.1539
0.2474 0.4724 0.4592 0.1623 0.1387 0.1999 0.3770 0.5084 0.2654 0.1350 0.1681 0.2955 0.5153 0.3902 0.1421 0.1485 0.2377 0.4589 0.4678 0.1673 0.1381 0.1981 0.3755 0.5080 0.2589 0.1349 0.1709 0.3055 0.5177 0.3688 0.1394 0.1526 0.2520 0.4830 0.4468 0.1547 0.1410 0.2117 0.4082 0.4951 0.2101 0.1354 0.1818 0.3351 0.5171 0.3212 0.1363 0.1599 0.2712 0.4922 0.4989 0.4922 0.2712 0.1599 0.1363 0.3212 0.5171 0.3351 0.1818 0.1354 0.2101 0.4951 0.4082 0.2117 0.1410 0.1547 0.4468 0.4830 0.2520 0.1526 0.1394 0.3688 0.5177 0.3055 0.1709 0.1349 0.2589 0.5080 0.3755 0.1981 0.1381 0.1673 0.4678 0.4589 0.2377 0.1485 0.1421 0.3902 0.5153 0.2955 0.1681 0.1350 0.2654 0.5084 0.3770 0.1999 0.1387 0.1623 0.4592 0.4724 0.2474
0.4732 0.4562 0.1606 0.1390 0.2014 0.3807 0.5072 0.2601 0.1350 0.1689 0.2977 0.5158 0.3878 0.1418 0.1487 0.2382 0.4593 0.4678 0.1675 0.1380 0.1976 0.3740 0.5085 0.2621 0.1350 0.1702 0.3033 0.5174 0.3727 0.1398 0.1519 0.2499 0.4799 0.4498 0.1559 0.1406 0.2100 0.4044 0.4968 0.2152 0.1353 0.1805 0.3317 0.5175 0.3265 0.1366 0.1593 0.2718 0.5016 0.4396 0.2323 0.4396 0.5016 0.2718 0.1593 0.1366 0.3265 0.5175 0.3317 0.1805 0.1353 0.2152 0.4968 0.4044 0.2100 0.1406 0.1559 0.4498 0.4799 0.2499 0.1519 0.1398 0.3727 0.5174 0.3033 0.1702 0.1350 0.2621 0.5085 0.3740 0.1976 0.1380 0.1675 0.4678 0.4593 0.2382 0.1487 0.1418 0.3878 0.5158 0.2977 0.1689 0.1350 0.2601 0.5072 0.3807 0.2014 0.1390 0.1606 0.4562 0.4732
0.4543 0.1590 0.1394 0.2031 0.3845 0.5060 0.2545 0.1349 0.1699 0.3002 0.5164 0.3846 0.1415 0.1491 0.2391 0.4605 0.4672 0.1673 0.1380 0.1974 0.3732 0.5089 0.2645 0.1350 0.1696 0.3014 0.5171 0.3761 0.1402 0.1514 0.2480 0.4770 0.4525 0.1572 0.1402 0.2083 0.4006 0.4984 0.2203 0.1352 0.1792 0.3284 0.5179 0.3318 0.1368 0.1585 0.2700 0.5021 0.4271 0.1528 0.1340 0.1528 0.4271 0.5021 0.2700 0.1585 0.1368 0.3318 0.5179 0.3284 0.1792 0.1352 0.2203 0.4984 0.4006 0.2083 0.1402 0.1572 0.4525 0.4770 0.2480 0.1514 0.1402 0.3761 0.5171 0.3014 0.1696 0.1350 0.2645 0.5089 0.3732 0.1974 0.1380 0.1673 0.4672 0.4605 0.2391 0.1491 0.1415 0.3846 0.5164 0.3002 0.1699 0.1349 0.2545 0.5060 0.3845 0.2031 0.1394 0.1590 0.4543
0.1618 0.1398 0.2047 0.3884 0.5046 0.2488 0.1349 0.1709 0.3030 0.5169 0.3809 0.1411 0.1496 0.2405 0.4625 0.4660 0.1666 0.1381 0.1976 0.3732 0.5090 0.2656 0.1350 0.1691 0.3001 0.5168 0.3788 0.1405 0.1509 0.2462 0.4743 0.4550 0.1585 0.1399 0.2068 0.3970 0.5000 0.2255 0.1351 0.1780 0.3251 0.5181 0.3371 0.1371 0.1577 0.2677 0.5006 0.4264 0.1492 0.1405 0.1727 0.1405 0.1492 0.4264 0.5006 0.2677 0.1577 0.1371 0.3371 0.5181 0.3251 0.1780 0.1351 0.2255 0.5000 0.3970 0.2068 0.1399 0.1585 0.4550 0.4743 0.2462 0.1509 0.1405 0.3788 0.5168 0.3001 0.1691 0.1350 0.2656 0.5090 0.3732 0.1976 0.1381 0.1666 0.4660 0.4625 0.2405 0.1496 0.1411 0.3809 0.5169 0.3030 0.1709 0.1349 0.2488 0.5046 0.3884 0.2047 0.1398 0.1618
0.1437 0.2064 0.3923 0.5032 0.2430 0.1349 0.1720 0.3059 0.5174 0.3767 0.1406 0.1501 0.2421 0.4650 0.4644 0.1655 0.1382 0.1981 0.3740 0.5089 0.2656 0.1350 0.1689 0.2992 0.5166 0.3809 0.1407 0.1504 0.2448 0.4718 0.4572 0.1597 0.1396 0.2053 0.3935 0.5014 0.2305 0.1350 0.1769 0.3220 0.5183 0.3423 0.1374 0.1568 0.2652 0.4985 0.4289 0.1491 0.1427 0.2095 0.3115 0.2095 0.1427 0.1491 0.4289 0.4985 0.2652 0.1568 0.1374 0.3423 0.5183 0.3220 0.1769 0.1350 0.2305 0.5014 0.3935 0.2053 0.1396 0.1597 0.4572 0.4718 0.2448 0.1504 0.1407 0.3809 0.5166 0.2992 0.1689 0.1350 0.2656 0.5089 0.3740 0.1981 0.1382 0.1655 0.4644 0.4650 0.2421 0.1501 0.1406 0.3767 0.5174 0.3059 0.1720 0.1349 0.2430 0.5032 0.3923 0.2064 0.1437
0.2093 0.3962 0.5017 0.2373 0.1349 0.1732 0.3089 0.5178 0.3722 0.1402 0.1507 0.2440 0.4679 0.4624 0.1642 0.1384 0.1988 0.3755 0.5085 0.2645 0.1350 0.1689 0.2989 0.5164 0.3822 0.1409 0.1501 0.2436 0.4697 0.4590 0.1608 0.1393 0.2040 0.3903 0.5026 0.2354 0.1350 0.1758 0.3190 0.5184 0.3472 0.1377 0.1560 0.2628 0.4960 0.4321 0.1498 0.1429 0.2167 0.4012 0.5172 0.4012 0.2167 0.1429 0.1498 0.4321 0.4960 0.2628 0.1560 0.1377 0.3472 0.5184 0.3190 0.1758 0.1350 0.2354 0.5026 0.3903 0.2040 0.1393 0.1608 0.4590 0.4697 0.2436 0.1501 0.1409 0.3822 0.5164 0.2989 0.1689 0.1350 0.2645 0.5085 0.3755 0.1988 0.1384 0.1642 0.4624 0.4679 0.2440 0.1507 0.1402 0.3722 0.5178 0.3089 0.1732 0.1349 0.2373 0.5017 0.3962 0.2093
0.3978 0.5002 0.2316 0.1349 0.1743 0.3120 0.5181 0.3676 0.1397 0.1514 0.2461 0.4711 0.4601 0.1628 0.1386 0.1999 0.3776 0.5080 0.2621 0.1350 0.1691 0.2992 0.5164 0.3826 0.1410 0.1499 0.2428 0.4682 0.4605 0.1618 0.1391 0.2029 0.3874 0.5038 0.2401 0.1349 0.1747 0.3161 0.5184 0.3519 0.1380 0.1553 0.2604 0.4934 0.4354 0.1507 0.1426 0.2172 0.4157 0.4990 0.3678 0.4990 0.4157 0.2172 0.1426 0.1507 0.4354 0.4934 0.2604 0.1553 0.1380 0.3519 0.5184 0.3161 0.1747 0.1349 0.2401 0.5038 0.3874 0.2029 0.1391 0.1618 0.4605 0.4682 0.2428 0.1499 0.1410 0.3826 0.5164 0.2992 0.1691 0.1350 0.2621 0.5080 0.3776 0.1999 0.1386 0.1628 0.4601 0.4711 0.2461 0.1514 0.1397 0.3676 0.5181 0.3120 0.1743 0.1349 0.2316 0.5002 0.3978
0.4989 0.2260 0.1350 0.1755 0.3152 0.5183 0.3628 0.1393 0.1521 0.2483 0.4744 0.4574 0.1612 0.1389 0.2011 0.3803 0.5072 0.2589 0.1350 0.1696 0.3001 0.5166 0.3822 0.1410 0.1499 0.2424 0.4672 0.4615 0.1626 0.1389 0.2020 0.3850 0.5047 0.2442 0.1349 0.1738 0.3135 0.5183 0.3563 0.1384 0.1545 0.2581 0.4907 0.4386 0.1517 0.1422 0.2160 0.4165 0.4933 0.2300 0.1382 0.2300 0.4933 0.4165 0.2160 0.1422 0.1517 0.4386 0.4907 0.2581 0.1545 0.1384 0.3563 0.5183 0.3135 0.1738 0.1349 0.2442 0.5047 0.3850 0.2020 0.1389 0.1626 0.4615 0.4672 0.2424 0.1499 0.1410 0.3822 0.5166 0.3001 0.1696 0.1350 0.2589 0.5072 0.3803 0.2011 0.1389 0.1612 0.4574 0.4744 0.2483 0.1521 0.1393 0.3628 0.5183 0.3152 0.1755 0.1350 0.2260 0.4989
0.2240 0.1351 0.1767 0.3185 0.5184 0.3578 0.1389 0.1528 0.2506 0.4777 0.4546 0.1597 0.1392 0.2025 0.3835 0.5062 0.2549 0.1349 0.1702 0.3014 0.5168 0.3809 0.1409 0.1499 0.2424 0.4669 0.4619 0.1631 0.1388 0.2013 0.3832 0.5054 0.2477 0.1349 0.1730 0.3111 0.5182 0.3604 0.1387 0.1539 0.2559 0.4880 0.4417 0.1528 0.1417 0.2144 0.4139 0.4931 0.2104 0.1344 0.1500 0.1344 0.2104 0.4931 0.4139 0.2144 0.1417 0.1528 0.4417 0.4880 0.2559 0.1539 0.1387 0.3604 0.5182 0.3111 0.1730 0.1349 0.2477 0.5054 0.3832 0.2013 0.1388 0.1631 0.4619 0.4669 0.2424 0.1499 0.1409 0.3809 0.5168 0.3014 0.1702 0.1349 0.2549 0.5062 0.3835 0.2025 0.1392 0.1597 0.4546 0.4777 0.2506 0.1528 0.1389 0.3578 0.5184 0.3185 0.1767 0.1351 0.2240
0.1393 0.1780 0.3217 0.5184 0.3528 0.1385 0.1536 0.2529 0.4810 0.4517 0.1582 0.1396 0.2040 0.3869 0.5051 0.2502 0.1349 0.1709 0.3033 0.5171 0.3788 0.1407 0.1501 0.2428 0.4672 0.4619 0.1632 0.1387 0.2009 0.3819 0.5060 0.2505 0.1349 0.1723 0.3091 0.5181 0.3641 0.1390 0.1532 0.2539 0.4854 0.4446 0.1539 0.1413 0.2127 0.4104 0.4943 0.2095 0.1351 0.1739 0.2447 0.1739 0.1351 0.2095 0.4943 0.4104 0.2127 0.1413 0.1539 0.4446 0.4854 0.2539 0.1532 0.1390 0.3641 0.5181 0.3091 0.1723 0.1349 0.2505 0.5060 0.3819 0.2009 0.1387 0.1632 0.4619 0.4672 0.2428 0.1501 0.1407 0.3788 0.5171 0.3033 0.1709 0.1349 0.2502 0.5051 0.3869 0.2040 0.1396 0.1582 0.4517 0.4810 0.2529 0.1536 0.1385 0.3528 0.5184 0.3217 0.1780 0.1393
0.1811 0.3250 0.5183 0.3476 0.1381 0.1544 0.2553 0.4843 0.4486 0.1568 0.1400 0.2056 0.3906 0.5038 0.2451 0.1349 0.1718 0.3055 0.5174 0.3761 0.1405 0.1504 0.2436 0.4682 0.4615 0.1631 0.1387 0.2008 0.3812 0.5063 0.2524 0.1349 0.1718 0.3074 0.5179 0.3672 0.1393 0.1527 0.2521 0.4828 0.4472 0.1549 0.1409 0.2112 0.4069 0.4958 0.2128 0.1352 0.1790 0.3130 0.4716 0.3130 0.1790 0.1352 0.2128 0.4958 0.4069 0.2112 0.1409 0.1549 0.4472 0.4828 0.2521 0.1527 0.1393 0.3672 0.5179 0.3074 0.1718 0.1349 0.2524 0.5063 0.3812 0.2008 0.1387 0.1631 0.4615 0.4682 0.2436 0.1504 0.1405 0.3761 0.5174 0.3055 0.1718 0.1349 0.2451 0.5038 0.3906 0.2056 0.1400 0.1568 0.4486 0.4843 0.2553 0.1544 0.1381 0.3476 0.5183 0.3250 0.1811
0.3271 0.5181 0.3424 0.1377 0.1552 0.2578 0.4874 0.4454 0.1554 0.1404 0.2073 0.3944 0.5024 0.2397 0.1349 0.1728 0.3081 0.5177 0.3727 0.1402 0.1509 0.2448 0.4697 0.4605 0.1626 0.1388 0.2009 0.3812 0.5064 0.2534 0.1349 0.1714 0.3062 0.5177 0.3697 0.1396 0.1522 0.2505 0.4804 0.4496 0.1560 0.1406 0.2097 0.4035 0.4973 0.2171 0.1352 0.1794 0.3249 0.5175 0.4595 0.5175 0.3249 0.1794 0.1352 0.2171 0.4973 0.4035 0.2097 0.1406 0.1560 0.4496 0.4804 0.2505 0.1522 0.1396 0.3697 0.5177 0.3062 0.1714 0.1349 0.2534 0.5064 0.3812 0.2009 0.1388 0.1626 0.4605 0.4697 0.2448 0.1509 0.1402 0.3727 0.5177 0.3081 0.1728 0.1349 0.2397 0.5024 0.3944 0.2073 0.1404 0.1554 0.4454 0.4874 0.2578 0.1552 0.1377 0.3424 0.5181 0.3271
0.5173 0.3372 0.1374 0.1560 0.2602 0.4904 0.4422 0.1541 0.1408 0.2090 0.3983 0.5009 0.2342 0.1349 0.1738 0.3109 0.5180 0.3688 0.1398 0.1514 0.2462 0.4718 0.4590 0.1618 0.1389 0.2013 0.3819 0.5063 0.2534 0.1349 0.1712 0.3054 0.5176 0.3716 0.1398 0.1518 0.2491 0.4783 0.4517 0.1570 0.1403 0.2083 0.4002 0.4987 0.2215 0.1351 0.1787 0.3257 0.5181 0.3659 0.1619 0.3659 0.5181 0.3257 0.1787 0.1351 0.2215 0.4987 0.4002 0.2083 0.1403 0.1570 0.4517 0.4783 0.2491 0.1518 0.1398 0.3716 0.5176 0.3054 0.1712 0.1349 0.2534 0.5063 0.3819 0.2013 0.1389 0.1618 0.4590 0.4718 0.2462 0.1514 0.1398 0.3688 0.5180 0.3109 0.1738 0.1349 0.2342 0.5009 0.3983 0.2090 0.1408 0.1541 0.4422 0.4904 0.2602 0.1560 0.1374 0.3372 0.5173
0.3341 0.1371 0.1568 0.2627 0.4933 0.4388 0.1529 0.1412 0.2107 0.4022 0.4994 0.2287 0.1350 0.1750 0.3138 0.5182 0.3645 0.1394 0.1519 0.2480 0.4743 0.4572 0.1608 0.1391 0.2020 0.3832 0.5060 0.2524 0.1349 0.1712 0.3052 0.5175 0.3728 0.1399 0.1515 0.2481 0.4765 0.4534 0.1579 0.1400 0.2071 0.3972 0.5000 0.2259 0.1351 0.1777 0.3239 0.5182 0.3472 0.1390 0.1375 0.1390 0.3472 0.5182 0.3239 0.1777 0.1351 0.2259 0.5000 0.3972 0.2071 0.1400 0.1579 0.4534 0.4765 0.2481 0.1515 0.1399 0.3728 0.5175 0.3052 0.1712 0.1349 0.2524 0.5060 0.3832 0.2020 0.1391 0.1608 0.4572 0.4743 0.2480 0.1519 0.1394 0.3645 0.5182 0.3138 0.1750 0.1350 0.2287 0.4994 0.4022 0.2107 0.1412 0.1529 0.4388 0.4933 0.2627 0.1568 0.1371 0.3341
0.1413 0.1577 0.2652 0.4960 0.4354 0.1518 0.1417 0.2125 0.4062 0.4977 0.2233 0.1350 0.1761 0.3169 0.5183 0.3600 0.1390 0.1526 0.2499 0.4770 0.4550 0.1597 0.1393 0.2029 0.3850 0.5054 0.2505 0.1349 0.1714 0.3054 0.5175 0.3731 0.1400 0.1514 0.2474 0.4752 0.4548 0.1587 0.1398 0.2060 0.3946 0.5011 0.2300 0.1350 0.1768 0.3214 0.5183 0.3458 0.1379 0.1510 0.1977 0.1510 0.1379 0.3458 0.5183 0.3214 0.1768 0.1350 0.2300 0.5011 0.3946 0.2060 0.1398 0.1587 0.4548 0.4752 0.2474 0.1514 0.1400 0.3731 0.5175 0.3054 0.1714 0.1349 0.2505 0.5054 0.3850 0.2029 0.1393 0.1597 0.4550 0.4770 0.2499 0.1526 0.1390 0.3600 0.5183 0.3169 0.1761 0.1350 0.2233 0.4977 0.4062 0.2125 0.1417 0.1518 0.4354 0.4960 0.2652 0.1577 0.1413
0.1611 0.2678 0.4986 0.4319 0.1507 0.1422 0.2143 0.4102 0.4960 0.2179 0.1351 0.1773 0.3201 0.5184 0.3552 0.1386 0.1533 0.2520 0.4799 0.4525 0.1585 0.1396 0.2040 0.3874 0.5047 0.2477 0.1349 0.1718 0.3062 0.5176 0.3728 0.1400 0.1513 0.2470 0.4744 0.4557 0.1592 0.1396 0.2052 0.3924 0.5020 0.2337 0.1350 0.1759 0.3190 0.5184 0.3484 0.1379 0.1544 0.2466 0.3762 0.2466 0.1544 0.1379 0.3484 0.5184 0.3190 0.1759 0.1350 0.2337 0.5020 0.3924 0.2052 0.1396 0.1592 0.4557 0.4744 0.2470 0.1513 0.1400 0.3728 0.5176 0.3062 0.1718 0.1349 0.2477 0.5047 0.3874 0.2040 0.1396 0.1585 0.4525 0.4799 0.2520 0.1533 0.1386 0.3552 0.5184 0.3201 0.1773 0.1351 0.2179 0.4960 0.4102 0.2143 0.1422 0.1507 0.4319 0.4986 0.2678 0.1611
0.2702 0.5010 0.4284 0.1497 0.1427 0.2162 0.4143 0.4942 0.2127 0.1352 0.1786 0.3234 0.5184 0.3502 0.1383 0.1540 0.2543 0.4830 0.4498 0.1572 0.1399 0.2053 0.3903 0.5038 0.2442 0.1349 0.1723 0.3074 0.5177 0.3716 0.1399 0.1514 0.2470 0.4741 0.4562 0.1596 0.1395 0.2046 0.3908 0.5027 0.2368 0.1349 0.1751 0.3168 0.5184 0.3519 0.1381 0.1548 0.2559 0.4727 0.5073 0.4727 0.2559 0.1548 0.1381 0.3519 0.5184 0.3168 0.1751 0.1349 0.2368 0.5027 0.3908 0.2046 0.1395 0.1596 0.4562 0.4741 0.2470 0.1514 0.1399 0.3716 0.5177 0.3074 0.1723 0.1349 0.2442 0.5038 0.3903 0.2053 0.1399 0.1572 0.4498 0.4830 0.2543 0.1540 0.1383 0.3502 0.5184 0.3234 0.1786 0.1352 0.2127 0.4942 0.4143 0.2162 0.1427 0.1497 0.4284 0.5010 0.2702
0.5010 0.4247 0.1487 0.1432 0.2181 0.4183 0.4923 0.2076 0.1353 0.1799 0.3267 0.5182 0.3450 0.1379 0.1548 0.2566 0.4860 0.4468 0.1559 0.1402 0.2068 0.3935 0.5026 0.2401 0.1349 0.1730 0.3091 0.5179 0.3697 0.1398 0.1515 0.2474 0.4744 0.4562 0.1597 0.1394 0.2042 0.3896 0.5033 0.2392 0.1349 0.1745 0.3149 0.5184 0.3552 0.1383 0.1545 0.2569 0.4855 0.4582 0.2674 0.4582 0.4855 0.2569 0.1545 0.1383 0.3552 0.5184 0.3149 0.1745 0.1349 0.2392 0.5033 0.3896 0.2042 0.1394 0.1597 0.4562 0.4744 0.2474 0.1515 0.1398 0.3697 0.5179 0.3091 0.1730 0.1349 0.2401 0.5026 0.3935 0.2068 0.1402 0.1559 0.4468 0.4860 0.2566 0.1548 0.1379 0.3450 0.5182 0.3267 0.1799 0.1353 0.2076 0.4923 0.4183 0.2181 0.1432 0.1487 0.4247 0.5010
0.4224 0.1478 0.1437 0.2199 0.4223 0.4904 0.2028 0.1354 0.1811 0.3301 0.5180 0.3398 0.1376 0.1556 0.2590 0.4890 0.4437 0.1547 0.1406 0.2083 0.3970 0.5014 0.2354 0.1349 0.1738 0.3111 0.5181 0.3672 0.1396 0.1518 0.2481 0.4752 0.4557 0.1596 0.1394 0.2040 0.3890 0.5036 0.2409 0.1349 0.1740 0.3134 0.5183 0.3582 0.1386 0.1540 0.2560 0.4868 0.4468 0.1614 0.1340 0.1614 0.4468 0.4868 0.2560 0.1540 0.1386 0.3582 0.5183 0.3134 0.1740 0.1349 0.2409 0.5036 0.3890 0.2040 0.1394 0.1596 0.4557 0.4752 0.2481 0.1518 0.1396 0.3672 0.5181 0.3111 0.1738 0.1349 0.2354 0.5014 0.3970 0.2083 0.1406 0.1547 0.4437 0.4890 0.2590 0.1556 0.1376 0.3398 0.5180 0.3301 0.1811 0.1354 0.2028 0.4904 0.4223 0.2199 0.1437 0.1478 0.4224
0.1513 0.1442 0.2219 0.4264 0.4884 0.1982 0.1356 0.1824 0.3335 0.5177 0.3345 0.1372 0.1564 0.2615 0.4919 0.4405 0.1535 0.1410 0.2100 0.4006 0.5000 0.2305 0.1350 0.1747 0.3135 0.5182 0.3641 0.1393 0.1522 0.2491 0.4765 0.4548 0.1592 0.1395 0.2042 0.3890 0.5037 0.2418 0.1349 0.1737 0.3123 0.5183 0.3605 0.1388 0.1536 0.2547 0.4857 0.4454 0.1557 0.1382 0.1663 0.1382 0.1557 0.4454 0.4857 0.2547 0.1536 0.1388 0.3605 0.5183 0.3123 0.1737 0.1349 0.2418 0.5037 0.3890 0.2042 0.1395 0.1592 0.4548 0.4765 0.2491 0.1522 0.1393 0.3641 0.5182 0.3135 0.1747 0.1350 0.2305 0.5000 0.4006 0.2100 0.1410 0.1535 0.4405 0.4919 0.2615 0.1564 0.1372 0.3345 0.5177 0.3335 0.1824 0.1356 0.1982 0.4884 0.4264 0.2219 0.1442 0.1513
0.1479 0.2238 0.4304 0.4863 0.1938 0.1357 0.1838 0.3369 0.5173 0.3291 0.1370 0.1573 0.2640 0.4947 0.4372 0.1523 0.1415 0.2117 0.4044 0.4984 0.2255 0.1350 0.1758 0.3161 0.5183 0.3604 0.1390 0.1527 0.2505 0.4783 0.4534 0.1587 0.1396 0.2046 0.3896 0.5036 0.2418 0.1349 0.1735 0.3116 0.5182 0.3622 0.1389 0.1532 0.2535 0.4842 0.4464 0.1551 0.1402 0.2001 0.2940 0.2001 0.1402 0.1551 0.4464 0.4842 0.2535 0.1532 0.1389 0.3622 0.5182 0.3116 0.1735 0.1349 0.2418 0.5036 0.3896 0.2046 0.1396 0.1587 0.4534 0.4783 0.2505 0.1527 0.1390 0.3604 0.5183 0.3161 0.1758 0.1350 0.2255 0.4984 0.4044 0.2117 0.1415 0.1523 0.4372 0.4947 0.2640 0.1573 0.1370 0.3291 0.5173 0.3369 0.1838 0.1357 0.1938 0.4863 0.4304 0.2238 0.1479
0.2266 0.4344 0.4842 0.1897 0.1359 0.1851 0.3403 0.5169 0.3236 0.1367 0.1581 0.2665 0.4973 0.4337 0.1512 0.1419 0.2134 0.4082 0.4968 0.2203 0.1351 0.1769 0.3190 0.5184 0.3563 0.1387 0.1532 0.2521 0.4804 0.4517 0.1579 0.1398 0.2052 0.3908 0.5033 0.2409 0.1349 0.1735 0.3113 0.5182 0.3632 0.1391 0.1530 0.2526 0.4828 0.4478 0.1555 0.1405 0.2072 0.3800 0.5145 0.3800 0.2072 0.1405 0.1555 0.4478 0.4828 0.2526 0.1530 0.1391 0.3632 0.5182 0.3113 0.1735 0.1349 0.2409 0.5033 0.3908 0.2052 0.1398 0.1579 0.4517 0.4804 0.2521 0.1532 0.1387 0.3563 0.5184 0.3190 0.1769 0.1351 0.2203 0.4968 0.4082 0.2134 0.1419 0.1512 0.4337 0.4973 0.2665 0.1581 0.1367 0.3236 0.5169 0.3403 0.1851 0.1359 0.1897 0.4842 0.4344 0.2266
0.4356 0.4820 0.1859 0.1361 0.1865 0.3439 0.5164 0.3181 0.1364 0.1590 0.2691 0.4998 0.4302 0.1502 0.1424 0.2153 0.4122 0.4951 0.2152 0.1352 0.1780 0.3220 0.5184 0.3519 0.1384 0.1539 0.2539 0.4828 0.4496 0.1570 0.1400 0.2060 0.3924 0.5027 0.2392 0.1349 0.1737 0.3116 0.5182 0.3636 0.1391 0.1528 0.2519 0.4817 0.4490 0.1560 0.1405 0.2084 0.3954 0.5065 0.3920 0.5065 0.3954 0.2084 0.1405 0.1560 0.4490 0.4817 0.2519 0.1528 0.1391 0.3636 0.5182 0.3116 0.1737 0.1349 0.2392 0.5027 0.3924 0.2060 0.1400 0.1570 0.4496 0.4828 0.2539 0.1539 0.1384 0.3519 0.5184 0.3220 0.1780 0.1352 0.2152 0.4951 0.4122 0.2153 0.1424 0.1502 0.4302 0.4998 0.2691 0.1590 0.1364 0.3181 0.5164 0.3439 0.1865 0.1361 0.1859 0.4820 0.4356
0.4804 0.1823 0.1363 0.1879 0.3474 0.5158 0.3125 0.1362 0.1599 0.2717 0.5021 0.4265 0.1492 0.1429 0.2171 0.4163 0.4933 0.2101 0.1353 0.1792 0.3251 0.5183 0.3472 0.1380 0.1545 0.2559 0.4854 0.4472 0.1560 0.1403 0.2071 0.3946 0.5020 0.2368 0.1349 0.1740 0.3123 0.5182 0.3632 0.1391 0.1528 0.2516 0.4811 0.4498 0.1564 0.1404 0.2082 0.3980 0.5015 0.2590 0.1409 0.2590 0.5015 0.3980 0.2082 0.1404 0.1564 0.4498 0.4811 0.2516 0.1528 0.1391 0.3632 0.5182 0.3123 0.1740 0.1349 0.2368 0.5020 0.3946 0.2071 0.1403 0.1560 0.4472 0.4854 0.2559 0.1545 0.1380 0.3472 0.5183 0.3251 0.1792 0.1353 0.2101 0.4933 0.4163 0.2171 0.1429 0.1492 0.4265 0.5021 0.2717 0.1599 0.1362 0.3125 0.5158 0.3474 0.1879 0.1363 0.1823 0.4804
0.1830 0.1366 0.1893 0.3510 0.5151 0.3068 0.1360 0.1608 0.2744 0.5043 0.4228 0.1483 0.1434 0.2190 0.4203 0.4914 0.2052 0.1354 0.1805 0.3284 0.5181 0.3423 0.1377 0.1553 0.2581 0.4880 0.4446 0.1549 0.1406 0.2083 0.3972 0.5011 0.2337 0.1349 0.1745 0.3134 0.5183 0.3622 0.1391 0.1528 0.2516 0.4809 0.4502 0.1567 0.1403 0.2078 0.3978 0.5005 0.2352 0.1344 0.1468 0.1344 0.2352 0.5005 0.3978 0.2078 0.1403 0.1567 0.4502 0.4809 0.2516 0.1528 0.1391 0.3622 0.5183 0.3134 0.1745 0.1349 0.2337 0.5011 0.3972 0.2083 0.1406 0.1549 0.4446 0.4880 0.2581 0.1553 0.1377 0.3423 0.5181 0.3284 0.1805 0.1354 0.2052 0.4914 0.4203 0.2190 0.1434 0.1483 0.4228 0.5043 0.2744 0.1608 0.1360 0.3068 0.5151 0.3510 0.1893 0.1366 0.1830
0.1407 0.1908 0.3546 0.5143 0.3011 0.1358 0.1617 0.2771 0.5062 0.4191 0.1474 0.1439 0.2209 0.4243 0.4894 0.2004 0.1355 0.1818 0.3317 0.5179 0.3371 0.1374 0.1560 0.2604 0.4907 0.4417 0.1539 0.1409 0.2097 0.4002 0.5000 0.2300 0.1350 0.1751 0.3149 0.5183 0.3605 0.1389 0.1530 0.2519 0.4811 0.4502 0.1568 0.1402 0.2074 0.3971 0.5005 0.2307 0.1348 0.1688 0.2345 0.1688 0.1348 0.2309 0.5006 0.3970 0.2074 0.1402 0.1568 0.4502 0.4811 0.2519 0.1530 0.1389 0.3605 0.5183 0.3149 0.1751 0.1350 0.2300 0.5000 0.4002 0.2097 0.1409 0.1539 0.4417 0.4907 0.2604 0.1560 0.1374 0.3371 0.5179 0.3317 0.1818 0.1355 0.2004 0.4894 0.4243 0.2209 0.1439 0.1474 0.4191 0.5062 0.2771 0.1617 0.1358 0.3011 0.5143 0.3546 0.1908 0.1407
0.1938 0.3582 0.5135 0.2954 0.1356 0.1627 0.2798 0.5080 0.4153 0.1465 0.1445 0.2228 0.4283 0.4874 0.1960 0.1357 0.1831 0.3351 0.5175 0.3318 0.1371 0.1568 0.2628 0.4934 0.4386 0.1528 0.1413 0.2112 0.4035 0.4987 0.2259 0.1350 0.1759 0.3168 0.5184 0.3582 0.1388 0.1532 0.2526 0.4817 0.4498 0.1567 0.1402 0.2076 0.3965 0.5005 0.2299 0.1349 0.1744 0.2997 0.4561 0.2999 0.1741 0.1349 0.2295 0.5008 0.3962 0.2069 0.1402 0.1567 0.4498 0.4817 0.2526 0.1532 0.1388 0.3582 0.5184 0.3168 0.1759 0.1350 0.2259 0.4987 0.4035 0.2112 0.1413 0.1528 0.4386 0.4934 0.2628 0.1568 0.1371 0.3318 0.5175 0.3351 0.1831 0.1357 0.1960 0.4874 0.4283 0.2228 0.1445 0.1465 0.4153 0.5080 0.2798 0.1627 0.1356 0.2954 0.5135 0.3582 0.1938
0.3600 0.5127 0.2896 0.1355 0.1636 0.2825 0.5096 0.4114 0.1458 0.1450 0.2248 0.4323 0.4853 0.1918 0.1358 0.1844 0.3385 0.5171 0.3265 0.1368 0.1577 0.2652 0.4960 0.4354 0.1517 0.1417 0.2127 0.4069 0.4973 0.2215 0.1351 0.1768 0.3190 0.5184 0.3552 0.1386 0.1536 0.2535 0.4828 0.4490 0.1564 0.1403 0.2075 0.3977 0.5009 0.2289 0.1350 0.1759 0.3139 0.5160 0.4699 0.5159 0.3134 0.1755 0.1350 0.2306 0.5006 0.3957 0.2070 0.1402 0.1564 0.4490 0.4828 0.2535 0.1536 0.1386 0.3552 0.5184 0.3190 0.1768 0.1351 0.2215 0.4973 0.4069 0.2127 0.1417 0.1517 0.4354 0.4960 0.2652 0.1577 0.1368 0.3265 0.5171 0.3385 0.1844 0.1358 0.1918 0.4853 0.4323 0.2248 0.1450 0.1458 0.4114 0.5096 0.2825 0.1636 0.1355 0.2896 0.5127 0.3600
0.5116 0.2840 0.1353 0.1646 0.2852 0.5111 0.4075 0.1450 0.1456 0.2267 0.4362 0.4832 0.1879 0.1360 0.1857 0.3419 0.5167 0.3212 0.1366 0.1585 0.2677 0.4985 0.4321 0.1507 0.1422 0.2144 0.4104 0.4958 0.2171 0.1351 0.1777 0.3214 0.5184 0.3519 0.1383 0.1540 0.2547 0.4842 0.4478 0.1560 0.1404 0.2078 0.3971 0.5007 0.2311 0.1350 0.1757 0.3172 0.5181 0.3816 0.1695 0.3817 0.5181 0.3159 0.1756 0.1350 0.2293 0.5009 0.3968 0.2078 0.1404 0.1560 0.4478 0.4842 0.2547 0.1540 0.1383 0.3519 0.5184 0.3214 0.1777 0.1351 0.2171 0.4958 0.4104 0.2144 0.1422 0.1507 0.4321 0.4985 0.2677 0.1585 0.1366 0.3212 0.5167 0.3419 0.1857 0.1360 0.1879 0.4832 0.4362 0.2267 0.1456 0.1450 0.4075 0.5111 0.2852 0.1646 0.1353 0.2840 0.5116
0.2814 0.1352 0.1655 0.2878 0.5123 0.4038 0.1444 0.1461 0.2285 0.4398 0.4812 0.1846 0.1362 0.1870 0.3451 0.5161 0.3161 0.1363 0.1593 0.2700 0.5006 0.4289 0.1498 0.1426 0.2160 0.4139 0.4943 0.2128 0.1352 0.1787 0.3239 0.5183 0.3484 0.1381 0.1545 0.2560 0.4857 0.4464 0.1555 0.1405 0.2082 0.3978 0.5006 0.2311 0.1350 0.1757 0.3172 0.5183 0.3615 0.1405 0.1365 0.1405 0.3614 0.5183 0.3163 0.1755 0.1349 0.2291 0.5003 0.3978 0.2082 0.1405 0.1555 0.4464 0.4857 0.2560 0.1545 0.1381 0.3484 0.5183 0.3239 0.1787 0.1352 0.2128 0.4943 0.4139 0.2160 0.1426 0.1498 0.4289 0.5006 0.2700 0.1593 0.1363 0.3161 0.5161 0.3451 0.1870 0.1362 0.1846 0.4812 0.4398 0.2285 0.1461 0.1444 0.4038 0.5123 0.2878 0.1655 0.1352 0.2814
0.1395 0.1661 0.2897 0.5130 0.4009 0.1439 0.1464 0.2299 0.4424 0.4796 0.1822 0.1363 0.1879 0.3475 0.5157 0.3123 0.1361 0.1599 0.2718 0.5021 0.4264 0.1491 0.1429 0.2172 0.4165 0.4931 0.2095 0.1352 0.1794 0.3257 0.5182 0.3458 0.1379 0.1548 0.2569 0.4868 0.4454 0.1551 0.1405 0.2084 0.3980 0.5005 0.2310 0.1349 0.1752 0.3156 0.5183 0.3582 0.1389 0.1488 0.1928 0.1489 0.1390 0.3584 0.5183 0.3157 0.1753 0.1349 0.2305 0.5005 0.3980 0.2084 0.1405 0.1551 0.4454 0.4868 0.2569 0.1548 0.1379 0.3458 0.5182 0.3257 0.1794 0.1352 0.2095 0.4931 0.4165 0.2172 0.1429 0.1491 0.4264 0.5021 0.2718 0.1599 0.1361 0.3123 0.5157 0.3475 0.1879 0.1363 0.1822 0.4796 0.4424 0.2299 0.1464 0.1439 0.4009 0.5130 0.2897 0.1661 0.1395
0.1680 0.2890 0.5127 0.4017 0.1439 0.1462 0.2294 0.4416 0.4800 0.1827 0.1362 0.1875 0.3468 0.5157 0.3133 0.1361 0.1596 0.2712 0.5016 0.4271 0.1492 0.1427 0.2167 0.4157 0.4933 0.2104 0.1351 0.1790 0.3249 0.5181 0.3472 0.1379 0.1544 0.2559 0.4855 0.4468 0.1557 0.1402 0.2072 0.3954 0.5015 0.2352 0.1348 0.1739 0.3126 0.5180 0.3636 0.1390 0.1516 0.2382 0.3618 0.2382 0.1516 0.1389 0.3621 0.5181 0.3130 0.1740 0.1348 0.2353 0.5015 0.3954 0.2072 0.1402 0.1557 0.4468 0.4855 0.2559 0.1544 0.1379 0.3472 0.5181 0.3249 0.1790 0.1351 0.2104 0.4933 0.4157 0.2167 0.1427 0.1492 0.4271 0.5016 0.2712 0.1596 0.1361 0.3133 0.5157 0.3468 0.1875 0.1362 0.1827 0.4800 0.4416 0.2294 0.1462 0.1439 0.4017 0.5127 0.2890 0.1680
0.2780 0.5069 0.4165 0.1463 0.1436 0.2216 0.4272 0.4873 0.1970 0.1351 0.1819 0.3342 0.5169 0.3334 0.1366 0.1558 0.2616 0.4922 0.4396 0.1528 0.1405 0.2095 0.4012 0.4990 0.2300 0.1344 0.1739 0.3130 0.5175 0.3659 0.1390 0.1510 0.2466 0.4727 0.4582 0.1614 0.1382 0.2001 0.3800 0.5065 0.2590 0.1344 0.1688 0.3002 0.5158 0.3841 0.1407 0.1489 0.2381 0.4439 0.5140 0.4433 0.2384 0.1488 0.1405 0.3829 0.5158 0.3003 0.1687 0.1344 0.2590 0.5065 0.3800 0.2001 0.1382 0.1614 0.4582 0.4727 0.2466 0.1510 0.1390 0.3659 0.5175 0.3130 0.1739 0.1344 0.2300 0.4990 0.4012 0.2095 0.1405 0.1528 0.4396 0.4922 0.2616 0.1558 0.1366 0.3334 0.5169 0.3342 0.1819 0.1351 0.1970 0.4873 0.4272 0.2216 0.1436 0.1463 0.4165 0.5069 0.2780
0.4250 0.4872 0.1984 0.1347 0.1808 0.3331 0.5166 0.3351 0.1359 0.1550 0.2602 0.4921 0.4401 0.1522 0.1399 0.2082 0.4007 0.4989 0.2323 0.1340 0.1727 0.3115 0.5172 0.3678 0.1382 0.1500 0.2447 0.4716 0.4595 0.1619 0.1375 0.1977 0.3762 0.5073 0.2674 0.1340 0.1663 0.2940 0.5145 0.3920 0.1409 0.1468 0.2345 0.4554 0.4697 0.1702 0.1365 0.1926 0.3606 0.5139 0.4300 0.5140 0.3612 0.1928 0.1365 0.1702 0.4705 0.4554 0.2347 0.1468 0.1409 0.3920 0.5145 0.2940 0.1663 0.1340 0.2674 0.5073 0.3762 0.1977 0.1375 0.1619 0.4595 0.4716 0.2447 0.1500 0.1382 0.3678 0.5172 0.3115 0.1727 0.1340 0.2323 0.4989 0.4007 0.2082 0.1399 0.1522 0.4401 0.4921 0.2602 0.1550 0.1359 0.3351 0.5166 0.3331 0.1808 0.1347 0.1984 0.4872 0.4250
0.2780 0.5069 0.4165 0.1463 0.1436 0.2216 0.4272 0.4873 0.1970 0.1351 0.1819 0.3342 0.5169 0.3334 0.1366 0.1558 0.2616 0.4922 0.4396 0.1528 0.1405 0.2095 0.4012 0.4990 0.2300 0.1344 0.1739 0.3130 0.5175 0.3659 0.1390 0.1510 0.2466 0.4727 0.4582 0.1614 0.1382 0.2001 0.3800 0.5065 0.2590 0.1344 0.1688 0.2997 0.5158 0.3824 0.1406 0.1486 0.2371 0.4421 0.5141 0.4414 0.2375 0.1490 0.1406 0.3820 0.5158 0.2989 0.1688 0.1344 0.2590 0.5065 0.3800 0.2001 0.1382 0.1614 0.4582 0.4727 0.2466 0.1510 0.1390 0.3659 0.5175 0.3130 0.1739 0.1344 0.2300 0.4990 0.4012 0.2095 0.1405 0.1528 0.4396 0.4922 0.2616 0.1558 0.1366 0.3334 0.5169 0.3342 0.1819 0.1351 0.1970 0.4873 0.4272 0.2216 0.1436 0.1463 0.4165 0.5069 0.2780
0.1680 0.2890 0.5127 0.4017 0.1439 0.1462 0.2294 0.4416 0.4800 0.1827 0.1362 0.1875 0.3468 0.5157 0.3133 0.1361 0.1596 0.2712 0.5016 0.4271 0.1492 0.1427 0.2167 0.4157 0.4933 0.2104 0.1351 0.1790 0.3249 0.5181 0.3472 0.1379 0.1544 0.2559 0.4855 0.4468 0.1557 0.1402 0.2072 0.3954 0.5015 0.2352 0.1348 0.1741 0.3136 0.5181 0.3623 0.1390 0.1513 0.2378 0.3615 0.2381 0.1515 0.1390 0.3626 0.5181 0.3129 0.1741 0.1348 0.2350 0.5015 0.3954 0.2072 0.1402 0.1557 0.4468 0.4855 0.2559 0.1544 0.1379 0.3472 0.5181 0.3249 0.1790 0.1351 0.2104 0.4933 0.4157 0.2167 0.1427 0.1492 0.4271 0.5016 0.2712 0.1596 0.1361 0.3133 0.5157 0.3468 0.1875 0.1362 0.1827 0.4800 0.4416 0.2294 0.1462 0.1439 0.4017 0.5127 0.2890 0.1680
0.1395 0.1661 0.2897 0.5130 0.4009 0.1439 0.1464 0.2299 0.4424 0.4796 0.1822 0.1363 0.1879 0.3475 0.5157 0.3123 0.1361 0.1599 0.2718 0.5021 0.4264 0.1491 0.1429 0.2172 0.4165 0.4931 0.2095 0.1352 0.1794 0.3257 0.5182 0.3458 0.1379 0.1548 0.2569 0.4868 0.4454 0.1551 0.1405 0.2084 0.3980 0.5005 0.2308 0.1350 0.1755 0.3159 0.5183 0.3593 0.1391 0.1487 0.1926 0.1488 0.1390 0.3581 0.5183 0.3172 0.1755 0.1350 0.2300 0.5004 0.3981 0.2084 0.1405 0.1551 0.4454 0.4868 0.2569 0.1548 0.1379 0.3458 0.5182 0.3257 0.1794 0.1352 0.2095 0.4931 0.4165 0.2172 0.1429 0.1491 0.4264 0.5021 0.2718 0.1599 0.1361 0.3123 0.5157 0.3475 0.1879 0.1363 0.1822 0.4796 0.4424 0.2299 0.1464 0.1439 0.4009 0.5130 0.2897 0.1661 0.1395
0.2814 0.1352 0.1655 0.2878 0.5123 0.4038 0.1444 0.1461 0.2285 0.4398 0.4812 0.1846 0.1362 0.1870 0.3451 0.5161 0.3161 0.1363 0.1593 0.2700 0.5006 0.4289 0.1498 0.1426 0.2160 0.4139 0.4943 0.2128 0.1352 0.1787 0.3239 0.5183 0.3484 0.1381 0.1545 0.2560 0.4857 0.4464 0.1555 0.1405 0.2082 0.3978 0.5005 0.2304 0.1350 0.1757 0.3173 0.5183 0.3631 0.1407 0.1365 0.1405 0.3622 0.5183 0.3177 0.1759 0.1350 0.2300 0.5001 0.3979 0.2082 0.1405 0.1555 0.4464 0.4857 0.2560 0.1545 0.1381 0.3484 0.5183 0.3239 0.1787 0.1352 0.2128 0.4943 0.4139 0.2160 0.1426 0.1498 0.4289 0.5006 0.2700 0.1593 0.1363 0.3161 0.5161 0.3451 0.1870 0.1362 0.1846 0.4812 0.4398 0.2285 0.1461 0.1444 0.4038 0.5123 0.2878 0.1655 0.1352 0.2814
0.5116 0.2840 0.1353 0.1646 0.2852 0.5111 0.4075 0.1450 0.1456 0.2267 0.4362 0.4832 0.1879 0.1360 0.1857 0.3419 0.5167 0.3212 0.1366 0.1585 0.2677 0.4985 0.4321 0.1507 0.1422 0.2144 0.4104 0.4958 0.2171 0.1351 0.1777 0.3214 0.5184 0.3519 0.1383 0.1540 0.2547 0.4842 0.4478 0.1560 0.1404 0.2078 0.3970 0.5006 0.2319 0.1350 0.1756 0.3163 0.5181 0.3820 0.1700 0.3830 0.5181 0.3161 0.1757 0.1350 0.2306 0.5009 0.3967 0.2078 0.1404 0.1560 0.4478 0.4842 0.2547 0.1540 0.1383 0.3519 0.5184 0.3214 0.1777 0.1351 0.2171 0.4958 0.4104 0.2144 0.1422 0.1507 0.4321 0.4985 0.2677 0.1585 0.1366 0.3212 0.5167 0.3419 0.1857 0.1360 0.1879 0.4832 0.4362 0.2267 0.1456 0.1450 0.4075 0.5111 0.2852 0.1646 0.1353 0.2840 0.5116
