-24.0586 -37.1754 -45.9835 0.7345 31.1275 -19.8966 -33.9905 -44.2314 -24.1459 23.0860 -11.4075 -30.6702 -41.6878 -42.5483 14.9610 18.2491 -26.8483 -38.5785 -46.2740 5.1787 32.7410 -20.8017 -33.8654 -43.5731 -40.8207 9.0845 22.6070 25.9269 26.0990 26.1060 26.1060 26.1060 26.1060 26.1060 26.1060 26.1060 26.1060 26.1060 26.1060 26.1060 26.1060 26.1060 26.1060 26.1060 26.1060 26.1060 26.1060 26.1060 26.1060 26.1060 26.1060 26.1060 26.1060 26.1060 26.1060 26.1060 26.1060 26.1060 26.1060 26.1060 26.1060 26.1060 26.1060 26.1060 26.1060 26.1060 26.1060 26.1060 26.1060 26.1060 26.1060 26.1060 26.0990 25.9269 22.6070 9.0845 -40.8207 -43.5731 -33.8654 -20.8017 32.7410 5.1787 -46.2740 -38.5785 -26.8483 18.2491 14.9610 -42.5483 -41.6878 -30.6702 -11.4075 23.0860 -24.1459 -44.2314 -33.9905 -19.8966 31.1275 0.7345 -45.9835 -37.1754 -24.0586
-37.1754 -46.7378 0.7175 31.0396 -20.0497 -34.8933 -45.0313 -24.8311 22.9184 -10.9082 -31.6032 -42.5316 -43.1830 14.8820 20.1028 -27.6269 -39.5058 -46.9714 5.5848 33.1147 -21.6794 -35.3817 -45.0377 -33.4455 16.1297 33.2871 -11.9015 -16.4481 -16.6212 -16.6327 -16.6331 -16.6331 -16.6331 -16.6331 -16.6331 -16.6331 -16.6331 -16.6331 -16.6331 -16.6331 -16.6331 -16.6331 -16.6331 -16.6331 -16.6331 -16.6331 -16.6331 -16.6331 -16.6331 -16.6331 -16.6331 -16.6331 -16.6331 -16.6331 -16.6331 -16.6331 -16.6331 -16.6331 -16.6331 -16.6331 -16.6331 -16.6331 -16.6331 -16.6331 -16.6331 -16.6331 -16.6331 -16.6331 -16.6331 -16.6331 -16.6331 -16.6327 -16.6212 -16.4481 -11.9015 33.2871 16.1297 -33.4455 -45.0377 -35.3817 -21.6794 33.1147 5.5848 -46.9714 -39.5058 -27.6269 20.1028 14.8820 -43.1830 -42.5316 -31.6032 -10.9082 22.9184 -24.8311 -45.0313 -34.8933 -20.0497 31.0396 0.7175 -46.7378 -37.1754
-45.9835 0.7175 30.9044 -19.8581 -34.7712 -44.9371 -26.1370 22.5316 -10.1812 -31.4399 -42.3942 -43.5896 14.5039 21.7028 -27.4261 -39.3876 -46.9743 5.3857 33.1082 -21.8225 -35.6068 -45.2991 -27.3093 19.7550 14.4463 -24.4107 -31.4118 -32.8448 -32.9240 -32.9261 -32.9261 -32.9261 -32.9261 -32.9261 -32.9261 -32.9261 -32.9261 -32.9261 -32.9261 -32.9261 -32.9261 -32.9261 -32.9261 -32.9261 -32.9261 -32.9261 -32.9261 -32.9261 -32.9261 -32.9261 -32.9261 -32.9261 -32.9261 -32.9261 -32.9261 -32.9261 -32.9261 -32.9261 -32.9261 -32.9261 -32.9261 -32.9261 -32.9261 -32.9261 -32.9261 -32.9261 -32.9261 -32.9261 -32.9261 -32.9261 -32.9261 -32.9261 -32.9240 -32.8448 -31.4118 -24.4107 14.4463 19.7550 -27.3093 -45.2991 -35.6068 -21.8225 33.1082 5.3857 -46.9743 -39.3876 -27.4261 21.7028 14.5039 -43.5896 -42.3942 -31.4399 -10.1812 22.5316 -26.1370 -44.9371 -34.7712 -19.8581 30.9044 0.7175 -45.9835
0.7345 31.0396 -19.8581 -34.7242 -44.8794 -27.0714 22.2210 -9.4997 -31.2897 -42.2624 -43.9596 14.1283 23.2271 -27.2153 -39.2565 -46.9734 5.0637 33.0263 -21.8149 -35.6926 -45.4225 -23.3534 21.8123 -2.1727 -28.2067 -37.2124 -42.9136 -44.2356 -44.2932 -44.2954 -44.2954 -44.2954 -44.2954 -44.2954 -44.2954 -44.2954 -44.2954 -44.2954 -44.2954 -44.2954 -44.2954 -44.2954 -44.2954 -44.2954 -44.2954 -44.2954 -44.2954 -44.2954 -44.2954 -44.2954 -44.2954 -44.2954 -44.2954 -44.2954 -44.2954 -44.2954 -44.2954 -44.2954 -44.2954 -44.2954 -44.2954 -44.2954 -44.2954 -44.2954 -44.2954 -44.2954 -44.2954 -44.2954 -44.2954 -44.2954 -44.2954 -44.2954 -44.2932 -44.2356 -42.9136 -37.2124 -28.2067 -2.1727 21.8123 -23.3534 -45.4225 -35.6926 -21.8149 33.0263 5.0637 -46.9734 -39.2565 -27.2153 23.2271 14.1283 -43.9596 -42.2624 -31.2897 -9.4997 22.2210 -27.0714 -44.8794 -34.7242 -19.8581 31.0396 0.7345
31.1275 -20.0497 -34.7712 -44.8794 -27.4180 22.0405 -8.9921 -31.1700 -42.1485 -44.2686 13.7732 24.6068 -27.0024 -39.1198 -46.9660 4.6569 32.8869 -21.7094 -35.6916 -45.4644 -21.2453 22.9084 -7.9045 -29.9466 -39.8107 -46.7511 -42.8901 -35.4693 -34.8338 -34.8010 -34.8004 -34.8004 -34.8004 -34.8004 -34.8004 -34.8004 -34.8004 -34.8004 -34.8004 -34.8004 -34.8004 -34.8004 -34.8004 -34.8004 -34.8004 -34.8004 -34.8004 -34.8004 -34.8004 -34.8004 -34.8004 -34.8004 -34.8004 -34.8004 -34.8004 -34.8004 -34.8004 -34.8004 -34.8004 -34.8004 -34.8004 -34.8004 -34.8004 -34.8004 -34.8004 -34.8004 -34.8004 -34.8004 -34.8004 -34.8004 -34.8004 -34.8010 -34.8338 -35.4693 -42.8901 -46.7511 -39.8107 -29.9466 -7.9045 22.9084 -21.2453 -45.4644 -35.6916 -21.7094 32.8869 4.6569 -46.9660 -39.1198 -27.0024 24.6068 13.7732 -44.2686 -42.1485 -31.1700 -8.9921 22.0405 -27.4180 -44.8794 -34.7712 -20.0497 31.1275
-19.8966 -34.8933 -44.9371 -27.0714 22.0405 -8.8003 -31.1024 -42.0704 -44.4922 13.4743 25.7352 -26.8016 -38.9862 -46.9517 4.2008 32.7042 -21.5432 -35.6344 -45.4567 -20.3984 23.4716 -10.2029 -30.7948 -41.1044 -46.9829 -5.5653 15.2740 19.7535 20.0260 20.0399 20.0403 20.0403 20.0403 20.0403 20.0403 20.0403 20.0403 20.0403 20.0403 20.0403 20.0403 20.0403 20.0403 20.0403 20.0403 20.0403 20.0403 20.0403 20.0403 20.0403 20.0403 20.0403 20.0403 20.0403 20.0403 20.0403 20.0403 20.0403 20.0403 20.0403 20.0403 20.0403 20.0403 20.0403 20.0403 20.0403 20.0403 20.0403 20.0403 20.0403 20.0403 20.0399 20.0260 19.7535 15.2740 -5.5653 -46.9829 -41.1044 -30.7948 -10.2029 23.4716 -20.3984 -45.4567 -35.6344 -21.5432 32.7042 4.2008 -46.9517 -38.9862 -26.8016 25.7352 13.4743 -44.4922 -42.0704 -31.1024 -8.8003 22.0405 -27.0714 -44.9371 -34.8933 -19.8966
-33.9905 -45.0313 -26.1370 22.2210 -8.9921 -31.1024 -42.0424 -44.6106 13.2738 26.5368 -26.6346 -38.8667 -46.9323 3.7300 32.4949 -21.3425 -35.5444 -45.4184 -20.3573 23.6985 -11.2068 -31.2585 -41.7905 -46.2835 6.0436 28.0620 15.8682 -6.0549 -6.8985 -6.9178 -6.9177 -6.9177 -6.9177 -6.9177 -6.9177 -6.9177 -6.9177 -6.9177 -6.9177 -6.9177 -6.9177 -6.9177 -6.9177 -6.9177 -6.9177 -6.9177 -6.9177 -6.9177 -6.9177 -6.9177 -6.9177 -6.9177 -6.9177 -6.9177 -6.9177 -6.9177 -6.9177 -6.9177 -6.9177 -6.9177 -6.9177 -6.9177 -6.9177 -6.9177 -6.9177 -6.9177 -6.9177 -6.9177 -6.9177 -6.9177 -6.9177 -6.9178 -6.8985 -6.0549 15.8682 28.0620 6.0436 -46.2835 -41.7905 -31.2585 -11.2068 23.6985 -20.3573 -45.4184 -35.5444 -21.3425 32.4949 3.7300 -46.9323 -38.8667 -26.6346 26.5368 13.2738 -44.6106 -42.0424 -31.1024 -8.9921 22.2210 -26.1370 -45.0313 -33.9905
-44.2314 -24.8311 22.5316 -9.4997 -31.1700 -42.0704 -44.6106 13.2035 26.9544 -26.5235 -38.7757 -46.9123 3.2963 32.2816 -21.1343 -35.4396 -45.3618 -20.8366 23.7148 -11.5876 -31.4955 -42.1570 -45.3702 9.9167 33.3827 -17.5080 -27.8904 -30.1494 -30.2827 -30.2888 -30.2888 -30.2888 -30.2888 -30.2888 -30.2888 -30.2888 -30.2888 -30.2888 -30.2888 -30.2888 -30.2888 -30.2888 -30.2888 -30.2888 -30.2888 -30.2888 -30.2888 -30.2888 -30.2888 -30.2888 -30.2888 -30.2888 -30.2888 -30.2888 -30.2888 -30.2888 -30.2888 -30.2888 -30.2888 -30.2888 -30.2888 -30.2888 -30.2888 -30.2888 -30.2888 -30.2888 -30.2888 -30.2888 -30.2888 -30.2888 -30.2888 -30.2888 -30.2827 -30.1494 -27.8904 -17.5080 33.3827 9.9167 -45.3702 -42.1570 -31.4955 -11.5876 23.7148 -20.8366 -45.3618 -35.4396 -21.1343 32.2816 3.2963 -46.9123 -38.7757 -26.5235 26.9544 13.2035 -44.6106 -42.0704 -31.1700 -9.4997 22.5316 -24.8311 -44.2314
-24.1459 22.9184 -10.1812 -31.2897 -42.1485 -44.4922 13.2738 26.9544 -26.4842 -38.7270 -46.8970 2.9613 32.0962 -20.9454 -35.3357 -45.2985 -21.5817 23.6019 -11.6229 -31.5955 -42.3404 -44.6283 11.8826 33.0414 -22.3161 -33.4531 -39.9170 -41.9151 -42.0353 -42.0392 -42.0392 -42.0392 -42.0392 -42.0392 -42.0392 -42.0392 -42.0392 -42.0392 -42.0392 -42.0392 -42.0392 -42.0392 -42.0392 -42.0392 -42.0392 -42.0392 -42.0392 -42.0392 -42.0392 -42.0392 -42.0392 -42.0392 -42.0392 -42.0392 -42.0392 -42.0392 -42.0392 -42.0392 -42.0392 -42.0392 -42.0392 -42.0392 -42.0392 -42.0392 -42.0392 -42.0392 -42.0392 -42.0392 -42.0392 -42.0392 -42.0392 -42.0392 -42.0353 -41.9151 -39.9170 -33.4531 -22.3161 33.0414 11.8826 -44.6283 -42.3404 -31.5955 -11.6229 23.6019 -21.5817 -45.2985 -35.3357 -20.9454 32.0962 2.9613 -46.8970 -38.7270 -26.4842 26.9544 13.2738 -44.4922 -42.1485 -31.2897 -10.1812 22.9184 -24.1459
23.0860 -10.9082 -31.4399 -42.2624 -44.2686 13.4743 26.5368 -26.5235 -38.7270 -46.8911 2.7769 31.9689 -20.8010 -35.2483 -45.2387 -22.3806 23.4266 -11.4578 -31.6128 -42.4147 -44.1610 12.9589 30.5866 -24.4263 -35.9542 -44.3219 -47.3909 -45.1316 -44.7650 -44.7532 -44.7532 -44.7532 -44.7532 -44.7532 -44.7532 -44.7532 -44.7532 -44.7532 -44.7532 -44.7532 -44.7532 -44.7532 -44.7532 -44.7532 -44.7532 -44.7532 -44.7532 -44.7532 -44.7532 -44.7532 -44.7532 -44.7532 -44.7532 -44.7532 -44.7532 -44.7532 -44.7532 -44.7532 -44.7532 -44.7532 -44.7532 -44.7532 -44.7532 -44.7532 -44.7532 -44.7532 -44.7532 -44.7532 -44.7532 -44.7532 -44.7532 -44.7532 -44.7650 -45.1316 -47.3909 -44.3219 -35.9542 -24.4263 30.5866 12.9589 -44.1610 -42.4147 -31.6128 -11.4578 23.4266 -22.3806 -45.2387 -35.2483 -20.8010 31.9689 2.7769 -46.8911 -38.7270 -26.5235 26.5368 13.4743 -44.2686 -42.2624 -31.4399 -10.9082 23.0860
-11.4075 -31.6032 -42.3942 -43.9596 13.7732 25.7352 -26.6346 -38.7757 -46.8970 2.7769 31.9232 -20.7221 -35.1903 -45.1926 -23.0845 23.2467 -11.2061 -31.5844 -42.4274 -43.9324 13.5272 28.1596 -25.5490 -37.2740 -45.8435 -36.0213 7.3490 13.5092 13.9446 13.9522 13.9522 13.9522 13.9522 13.9522 13.9522 13.9522 13.9522 13.9522 13.9522 13.9522 13.9522 13.9522 13.9522 13.9522 13.9522 13.9522 13.9522 13.9522 13.9522 13.9522 13.9522 13.9522 13.9522 13.9522 13.9522 13.9522 13.9522 13.9522 13.9522 13.9522 13.9522 13.9522 13.9522 13.9522 13.9522 13.9522 13.9522 13.9522 13.9522 13.9522 13.9522 13.9522 13.9446 13.5092 7.3490 -36.0213 -45.8435 -37.2740 -25.5490 28.1596 13.5272 -43.9324 -42.4274 -31.5844 -11.2061 23.2467 -23.0845 -45.1926 -35.1903 -20.7221 31.9232 2.7769 -46.8970 -38.7757 -26.6346 25.7352 13.7732 -43.9596 -42.3942 -31.6032 -11.4075
-30.6702 -42.5316 -43.5896 14.1283 24.6068 -26.8016 -38.8667 -46.9123 2.9613 31.9689 -20.7221 -35.1703 -45.1676 -23.5506 23.1031 -10.9583 -31.5389 -42.4074 -43.8618 13.7980 26.4897 -26.1675 -38.0108 -46.4175 -16.9990 18.7332 33.5008 22.3543 20.1394 20.0950 20.0950 20.0950 20.0950 20.0950 20.0950 20.0950 20.0950 20.0950 20.0950 20.0950 20.0950 20.0950 20.0950 20.0950 20.0950 20.0950 20.0950 20.0950 20.0950 20.0950 20.0950 20.0950 20.0950 20.0950 20.0950 20.0950 20.0950 20.0950 20.0950 20.0950 20.0950 20.0950 20.0950 20.0950 20.0950 20.0950 20.0950 20.0950 20.0950 20.0950 20.0950 20.0950 20.1394 22.3543 33.5008 18.7332 -16.9990 -46.4175 -38.0108 -26.1675 26.4897 13.7980 -43.8618 -42.4074 -31.5389 -10.9583 23.1031 -23.5506 -45.1676 -35.1703 -20.7221 31.9689 2.9613 -46.9123 -38.8667 -26.8016 24.6068 14.1283 -43.5896 -42.5316 -30.6702
-41.6878 -43.1830 14.5039 23.2271 -27.0024 -38.9862 -46.9323 3.2963 32.0962 -20.8010 -35.1903 -45.1676 -23.7101 23.0252 -10.7797 -31.4971 -42.3771 -43.8797 13.8984 25.5677 -26.5010 -38.4262 -46.6661 -5.9366 24.6809 0.2674 -23.6144 -26.9973 -27.2577 -27.2642 -27.2642 -27.2642 -27.2642 -27.2642 -27.2642 -27.2642 -27.2642 -27.2642 -27.2642 -27.2642 -27.2642 -27.2642 -27.2642 -27.2642 -27.2642 -27.2642 -27.2642 -27.2642 -27.2642 -27.2642 -27.2642 -27.2642 -27.2642 -27.2642 -27.2642 -27.2642 -27.2642 -27.2642 -27.2642 -27.2642 -27.2642 -27.2642 -27.2642 -27.2642 -27.2642 -27.2642 -27.2642 -27.2642 -27.2642 -27.2642 -27.2642 -27.2642 -27.2577 -26.9973 -23.6144 0.2674 24.6809 -5.9366 -46.6661 -38.4262 -26.5010 25.5677 13.8984 -43.8797 -42.3771 -31.4971 -10.7797 23.0252 -23.7101 -45.1676 -35.1903 -20.8010 32.0962 3.2963 -46.9323 -38.9862 -27.0024 23.2271 14.5039 -43.1830 -41.6878
-42.5483 14.8820 21.7028 -27.2153 -39.1198 -46.9517 3.7300 32.2816 -20.9454 -35.2483 -45.1926 -23.5506 23.0252 -10.7136 -31.4729 -42.3532 -43.9230 13.9116 25.1741 -26.6695 -38.6565 -46.7872 -1.3460 27.9527 -13.3720 -29.6279 -36.6863 -39.3459 -39.5589 -39.5659 -39.5662 -39.5662 -39.5662 -39.5662 -39.5662 -39.5662 -39.5662 -39.5662 -39.5662 -39.5662 -39.5662 -39.5662 -39.5662 -39.5662 -39.5662 -39.5662 -39.5662 -39.5662 -39.5662 -39.5662 -39.5662 -39.5662 -39.5662 -39.5662 -39.5662 -39.5662 -39.5662 -39.5662 -39.5662 -39.5662 -39.5662 -39.5662 -39.5662 -39.5662 -39.5662 -39.5662 -39.5662 -39.5662 -39.5662 -39.5662 -39.5662 -39.5659 -39.5589 -39.3459 -36.6863 -29.6279 -13.3720 27.9527 -1.3460 -46.7872 -38.6565 -26.6695 25.1741 13.9116 -43.9230 -42.3532 -31.4729 -10.7136 23.0252 -23.5506 -45.1926 -35.2483 -20.9454 32.2816 3.7300 -46.9517 -39.1198 -27.2153 21.7028 14.8820 -42.5483
14.9610 20.1028 -27.4261 -39.2565 -46.9660 4.2008 32.4949 -21.1343 -35.3357 -45.2387 -23.0845 23.1031 -10.7797 -31.4729 -42.3440 -43.9512 13.8980 25.0630 -26.7432 -38.7768 -46.8506 0.7907 29.7948 -17.0489 -32.0291 -41.0399 -46.7248 -47.5216 -47.4258 -47.4173 -47.4170 -47.4170 -47.4170 -47.4170 -47.4170 -47.4170 -47.4170 -47.4170 -47.4170 -47.4170 -47.4170 -47.4170 -47.4170 -47.4170 -47.4170 -47.4170 -47.4170 -47.4170 -47.4170 -47.4170 -47.4170 -47.4170 -47.4170 -47.4170 -47.4170 -47.4170 -47.4170 -47.4170 -47.4170 -47.4170 -47.4170 -47.4170 -47.4170 -47.4170 -47.4170 -47.4170 -47.4170 -47.4170 -47.4170 -47.4170 -47.4170 -47.4173 -47.4258 -47.5216 -46.7248 -41.0399 -32.0291 -17.0489 29.7948 0.7907 -46.8506 -38.7768 -26.7432 25.0630 13.8980 -43.9512 -42.3440 -31.4729 -10.7797 23.1031 -23.0845 -45.2387 -35.3357 -21.1343 32.4949 4.2008 -46.9660 -39.2565 -27.4261 20.1028 14.9610
18.2491 -27.6269 -39.3876 -46.9734 4.6569 32.7042 -21.3425 -35.4396 -45.2985 -22.3806 23.2467 -10.9583 -31.4971 -42.3532 -43.9512 13.8898 25.0449 -26.7722 -38.8337 -46.8837 1.8772 30.8048 -18.7138 -33.3218 -42.9682 -46.4155 -7.6531 6.5041 7.3267 7.3524 7.3530 7.3530 7.3530 7.3530 7.3530 7.3530 7.3530 7.3530 7.3530 7.3530 7.3530 7.3530 7.3530 7.3530 7.3530 7.3530 7.3530 7.3530 7.3530 7.3530 7.3530 7.3530 7.3530 7.3530 7.3530 7.3530 7.3530 7.3530 7.3530 7.3530 7.3530 7.3530 7.3530 7.3530 7.3530 7.3530 7.3530 7.3530 7.3530 7.3530 7.3530 7.3524 7.3267 6.5041 -7.6531 -46.4155 -42.9682 -33.3218 -18.7138 30.8048 1.8772 -46.8837 -38.8337 -26.7722 25.0449 13.8898 -43.9512 -42.3532 -31.4971 -10.9583 23.2467 -22.3806 -45.2985 -35.4396 -21.3425 32.7042 4.6569 -46.9734 -39.3876 -27.6269 18.2491
-26.8483 -39.5058 -46.9743 5.0637 32.8869 -21.5432 -35.5444 -45.3618 -21.5817 23.4266 -11.2061 -31.5389 -42.3771 -43.9230 13.8980 25.0449 -26.7812 -38.8565 -46.8994 2.4209 31.3418 -19.5797 -34.0580 -43.9172 -42.5504 9.7579 27.3413 33.3596 33.3150 33.3108 33.3108 33.3108 33.3108 33.3108 33.3108 33.3108 33.3108 33.3108 33.3108 33.3108 33.3108 33.3108 33.3108 33.3108 33.3108 33.3108 33.3108 33.3108 33.3108 33.3108 33.3108 33.3108 33.3108 33.3108 33.3108 33.3108 33.3108 33.3108 33.3108 33.3108 33.3108 33.3108 33.3108 33.3108 33.3108 33.3108 33.3108 33.3108 33.3108 33.3108 33.3108 33.3108 33.3150 33.3596 27.3413 9.7579 -42.5504 -43.9172 -34.0580 -19.5797 31.3418 2.4209 -46.8994 -38.8565 -26.7812 25.0449 13.8980 -43.9230 -42.3771 -31.5389 -11.2061 23.4266 -21.5817 -45.3618 -35.5444 -21.5432 32.8869 5.0637 -46.9743 -39.5058 -26.8483
-38.5785 -46.9714 5.3857 33.0263 -21.7094 -35.6344 -45.4184 -20.8366 23.6019 -11.4578 -31.5844 -42.4074 -43.8797 13.9116 25.0630 -26.7722 -38.8565 -46.9038 2.6493 31.6020 -20.0328 -34.4755 -44.4149 -37.8525 14.9487 33.0967 -17.0962 -23.1562 -23.6004 -23.6173 -23.6177 -23.6177 -23.6177 -23.6177 -23.6177 -23.6177 -23.6177 -23.6177 -23.6177 -23.6177 -23.6177 -23.6177 -23.6177 -23.6177 -23.6177 -23.6177 -23.6177 -23.6177 -23.6177 -23.6177 -23.6177 -23.6177 -23.6177 -23.6177 -23.6177 -23.6177 -23.6177 -23.6177 -23.6177 -23.6177 -23.6177 -23.6177 -23.6177 -23.6177 -23.6177 -23.6177 -23.6177 -23.6177 -23.6177 -23.6177 -23.6177 -23.6173 -23.6004 -23.1562 -17.0962 33.0967 14.9487 -37.8525 -44.4149 -34.4755 -20.0328 31.6020 2.6493 -46.9038 -38.8565 -26.7722 25.0630 13.9116 -43.8797 -42.4074 -31.5844 -11.4578 23.6019 -20.8366 -45.4184 -35.6344 -21.7094 33.0263 5.3857 -46.9714 -38.5785
-46.2740 5.5848 33.1082 -21.8149 -35.6916 -45.4567 -20.3573 23.7148 -11.6229 -31.6128 -42.4274 -43.8618 13.8984 25.1741 -26.7432 -38.8337 -46.8994 2.6493 31.6801 -20.2269 -34.6881 -44.6744 -34.0047 17.8168 20.8194 -24.4739 -33.1385 -36.4113 -36.7400 -36.7529 -36.7533 -36.7533 -36.7533 -36.7533 -36.7533 -36.7533 -36.7533 -36.7533 -36.7533 -36.7533 -36.7533 -36.7533 -36.7533 -36.7533 -36.7533 -36.7533 -36.7533 -36.7533 -36.7533 -36.7533 -36.7533 -36.7533 -36.7533 -36.7533 -36.7533 -36.7533 -36.7533 -36.7533 -36.7533 -36.7533 -36.7533 -36.7533 -36.7533 -36.7533 -36.7533 -36.7533 -36.7533 -36.7533 -36.7533 -36.7533 -36.7533 -36.7529 -36.7400 -36.4113 -33.1385 -24.4739 20.8194 17.8168 -34.0047 -44.6744 -34.6881 -20.2269 31.6801 2.6493 -46.8994 -38.8337 -26.7432 25.1741 13.8984 -43.8618 -42.4274 -31.6128 -11.6229 23.7148 -20.3573 -45.4567 -35.6916 -21.8149 33.1082 5.5848 -46.2740
5.1787 33.1147 -21.8225 -35.6926 -45.4644 -20.3984 23.6985 -11.5876 -31.5955 -42.4147 -43.9324 13.7980 25.5677 -26.6695 -38.7768 -46.8837 2.4209 31.6020 -20.2269 -34.7528 -44.7858 -31.6353 19.4383 7.2007 -27.3765 -37.1806 -44.1848 -46.6363 -46.7910 -46.7912 -46.7914 -46.7914 -46.7914 -46.7914 -46.7914 -46.7914 -46.7914 -46.7914 -46.7914 -46.7914 -46.7914 -46.7914 -46.7914 -46.7914 -46.7914 -46.7914 -46.7914 -46.7914 -46.7914 -46.7914 -46.7914 -46.7914 -46.7914 -46.7914 -46.7914 -46.7914 -46.7914 -46.7914 -46.7914 -46.7914 -46.7914 -46.7914 -46.7914 -46.7914 -46.7914 -46.7914 -46.7914 -46.7914 -46.7914 -46.7914 -46.7914 -46.7912 -46.7910 -46.6363 -44.1848 -37.1806 -27.3765 7.2007 19.4383 -31.6353 -44.7858 -34.7528 -20.2269 31.6020 2.4209 -46.8837 -38.7768 -26.6695 25.5677 13.7980 -43.9324 -42.4147 -31.5955 -11.5876 23.6985 -20.3984 -45.4644 -35.6926 -21.8225 33.1147 5.1787
32.7410 -21.6794 -35.6068 -45.4225 -21.2453 23.4716 -11.2068 -31.4955 -42.3404 -44.1610 13.5272 26.4897 -26.5010 -38.6565 -46.8506 1.8772 31.3418 -20.0328 -34.6881 -44.7858 -30.8509 20.1499 0.8106 -28.7941 -39.0577 -46.5590 -38.2499 -10.1466 -7.0645 -6.9561 -6.9485 -6.9485 -6.9485 -6.9485 -6.9485 -6.9485 -6.9485 -6.9485 -6.9485 -6.9485 -6.9485 -6.9485 -6.9485 -6.9485 -6.9485 -6.9485 -6.9485 -6.9485 -6.9485 -6.9485 -6.9485 -6.9485 -6.9485 -6.9485 -6.9485 -6.9485 -6.9485 -6.9485 -6.9485 -6.9485 -6.9485 -6.9485 -6.9485 -6.9485 -6.9485 -6.9485 -6.9485 -6.9485 -6.9485 -6.9485 -6.9485 -6.9561 -7.0645 -10.1466 -38.2499 -46.5590 -39.0577 -28.7941 0.8106 20.1499 -30.8509 -44.7858 -34.6881 -20.0328 31.3418 1.8772 -46.8506 -38.6565 -26.5010 26.4897 13.5272 -44.1610 -42.3404 -31.4955 -11.2068 23.4716 -21.2453 -45.4225 -35.6068 -21.6794 32.7410
-20.8017 -35.3817 -45.2991 -23.3534 22.9084 -10.2029 -31.2585 -42.1570 -44.6283 12.9589 28.1596 -26.1675 -38.4262 -46.7872 0.7907 30.8048 -19.5797 -34.4755 -44.6744 -31.6353 20.1499 -0.8675 -29.3596 -39.9235 -46.9501 -9.5951 17.0409 26.1188 27.2385 27.2772 27.2804 27.2804 27.2804 27.2804 27.2804 27.2804 27.2804 27.2804 27.2804 27.2804 27.2804 27.2804 27.2804 27.2804 27.2804 27.2804 27.2804 27.2804 27.2804 27.2804 27.2804 27.2804 27.2804 27.2804 27.2804 27.2804 27.2804 27.2804 27.2804 27.2804 27.2804 27.2804 27.2804 27.2804 27.2804 27.2804 27.2804 27.2804 27.2804 27.2804 27.2804 27.2772 27.2385 26.1188 17.0409 -9.5951 -46.9501 -39.9235 -29.3596 -0.8675 20.1499 -31.6353 -44.6744 -34.4755 -19.5797 30.8048 0.7907 -46.7872 -38.4262 -26.1675 28.1596 12.9589 -44.6283 -42.1570 -31.2585 -10.2029 22.9084 -23.3534 -45.2991 -35.3817 -20.8017
-33.8654 -45.0377 -27.3093 21.8123 -7.9045 -30.7948 -41.7905 -45.3702 11.8826 30.5866 -25.5490 -38.0108 -46.6661 -1.3460 29.7948 -18.7138 -34.0580 -44.4149 -34.0047 19.4383 0.8106 -29.3596 -40.1786 -46.9547 0.4021 25.4865 13.5975 -14.7280 -15.9547 -15.9993 -16.0002 -16.0002 -16.0002 -16.0002 -16.0002 -16.0002 -16.0002 -16.0002 -16.0002 -16.0002 -16.0002 -16.0002 -16.0002 -16.0002 -16.0002 -16.0002 -16.0002 -16.0002 -16.0002 -16.0002 -16.0002 -16.0002 -16.0002 -16.0002 -16.0002 -16.0002 -16.0002 -16.0002 -16.0002 -16.0002 -16.0002 -16.0002 -16.0002 -16.0002 -16.0002 -16.0002 -16.0002 -16.0002 -16.0002 -16.0002 -16.0002 -15.9993 -15.9547 -14.7280 13.5975 25.4865 0.4021 -46.9547 -40.1786 -29.3596 0.8106 19.4383 -34.0047 -44.4149 -34.0580 -18.7138 29.7948 -1.3460 -46.6661 -38.0108 -25.5490 30.5866 11.8826 -45.3702 -41.7905 -30.7948 -7.9045 21.8123 -27.3093 -45.0377 -33.8654
-43.5731 -33.4455 19.7550 -2.1727 -29.9466 -41.1044 -46.2835 9.9167 33.0414 -24.4263 -37.2740 -46.4175 -5.9366 27.9527 -17.0490 -33.3218 -43.9172 -37.8525 17.8168 7.2007 -28.7941 -39.9235 -46.9547 2.3885 28.9380 -12.1121 -27.1958 -31.1310 -31.5584 -31.5765 -31.5769 -31.5769 -31.5769 -31.5769 -31.5769 -31.5769 -31.5769 -31.5769 -31.5769 -31.5769 -31.5769 -31.5769 -31.5769 -31.5769 -31.5769 -31.5769 -31.5769 -31.5769 -31.5769 -31.5769 -31.5769 -31.5769 -31.5769 -31.5769 -31.5769 -31.5769 -31.5769 -31.5769 -31.5769 -31.5769 -31.5769 -31.5769 -31.5769 -31.5769 -31.5769 -31.5769 -31.5769 -31.5769 -31.5769 -31.5769 -31.5769 -31.5765 -31.5584 -31.1310 -27.1958 -12.1121 28.9380 2.3885 -46.9547 -39.9235 -28.7941 7.2007 17.8168 -37.8525 -43.9172 -33.3218 -17.0489 27.9527 -5.9366 -46.4175 -37.2740 -24.4263 33.0414 9.9167 -46.2835 -41.1044 -29.9466 -2.1727 19.7550 -33.4455 -43.5731
-40.8207 16.1297 14.4463 -28.2067 -39.8107 -46.9829 6.0436 33.3827 -22.3161 -35.9542 -45.8435 -16.9990 24.6809 -13.3721 -32.0291 -42.9682 -42.5504 14.9487 20.8194 -27.3765 -39.0577 -46.9501 0.4021 28.9380 -14.9717 -30.2575 -37.8937 -41.4385 -41.8262 -41.8400 -41.8403 -41.8403 -41.8403 -41.8403 -41.8403 -41.8403 -41.8403 -41.8403 -41.8403 -41.8403 -41.8403 -41.8403 -41.8403 -41.8403 -41.8403 -41.8403 -41.8403 -41.8403 -41.8403 -41.8403 -41.8403 -41.8403 -41.8403 -41.8403 -41.8403 -41.8403 -41.8403 -41.8403 -41.8403 -41.8403 -41.8403 -41.8403 -41.8403 -41.8403 -41.8403 -41.8403 -41.8403 -41.8403 -41.8403 -41.8403 -41.8403 -41.8400 -41.8262 -41.4385 -37.8937 -30.2575 -14.9717 28.9380 0.4021 -46.9501 -39.0577 -27.3765 20.8194 14.9487 -42.5504 -42.9682 -32.0291 -13.3720 24.6809 -16.9990 -45.8435 -35.9542 -22.3161 33.3827 6.0436 -46.9829 -39.8107 -28.2067 14.4463 16.1297 -40.8207
9.0845 33.2871 -24.4107 -37.2124 -46.7511 -5.5653 28.0621 -17.5080 -33.4531 -44.3220 -36.0199 18.7332 0.2672 -29.6279 -41.0399 -46.4155 9.7579 33.0967 -24.4739 -37.1806 -46.5590 -9.5951 25.4865 -12.1121 -30.2575 -39.6773 -46.3467 -47.8635 -47.8247 -47.8147 -47.8146 -47.8146 -47.8146 -47.8146 -47.8146 -47.8146 -47.8146 -47.8146 -47.8146 -47.8146 -47.8146 -47.8146 -47.8146 -47.8146 -47.8146 -47.8146 -47.8146 -47.8146 -47.8146 -47.8146 -47.8146 -47.8146 -47.8146 -47.8146 -47.8146 -47.8146 -47.8146 -47.8146 -47.8146 -47.8146 -47.8146 -47.8146 -47.8146 -47.8146 -47.8146 -47.8146 -47.8146 -47.8146 -47.8146 -47.8146 -47.8146 -47.8147 -47.8247 -47.8635 -46.3467 -39.6773 -30.2575 -12.1121 25.4865 -9.5951 -46.5590 -37.1806 -24.4739 33.0967 9.7579 -46.4155 -41.0399 -29.6279 0.2674 18.7332 -36.0213 -44.3219 -33.4531 -17.5080 28.0620 -5.5653 -46.7511 -37.2124 -24.4107 33.2871 9.0845
22.6070 -11.9015 -31.4118 -42.9136 -42.8901 15.2740 15.8673 -27.8907 -39.9175 -47.3907 7.3503 33.5008 -23.6144 -36.6863 -46.7249 -7.6531 27.3413 -17.0962 -33.1384 -44.1848 -38.2499 17.0409 13.5975 -27.1958 -37.8937 -46.3467 -45.3128 -35.6132 -34.1702 -34.1118 -34.1027 -34.1027 -34.1027 -34.1027 -34.1027 -34.1027 -34.1027 -34.1027 -34.1027 -34.1027 -34.1027 -34.1027 -34.1027 -34.1027 -34.1027 -34.1027 -34.1027 -34.1027 -34.1027 -34.1027 -34.1027 -34.1027 -34.1027 -34.1027 -34.1027 -34.1027 -34.1027 -34.1027 -34.1027 -34.1027 -34.1027 -34.1027 -34.1027 -34.1027 -34.1027 -34.1027 -34.1027 -34.1027 -34.1027 -34.1027 -34.1027 -34.1118 -34.1702 -35.6132 -45.3128 -46.3467 -37.8937 -27.1958 13.5975 17.0409 -38.2499 -44.1848 -33.1385 -17.0962 27.3413 -7.6531 -46.7248 -36.6863 -23.6144 33.5008 7.3490 -47.3909 -39.9170 -27.8904 15.8682 15.2740 -42.8901 -42.9136 -31.4118 -11.9015 22.6070
25.9270 -16.4481 -32.8448 -44.2356 -35.4688 19.7543 -6.0593 -30.1515 -41.9172 -45.1268 13.5159 22.3416 -26.9973 -39.3459 -47.5216 6.5041 33.3596 -23.1562 -36.4114 -46.6365 -10.1466 26.1189 -14.7280 -31.1310 -41.4385 -47.8635 -35.6131 -23.2112 -22.3465 -22.3108 -22.3095 -22.3095 -22.3095 -22.3095 -22.3095 -22.3095 -22.3095 -22.3095 -22.3095 -22.3095 -22.3095 -22.3095 -22.3095 -22.3095 -22.3095 -22.3095 -22.3095 -22.3095 -22.3095 -22.3095 -22.3095 -22.3095 -22.3095 -22.3095 -22.3095 -22.3095 -22.3095 -22.3095 -22.3095 -22.3095 -22.3095 -22.3095 -22.3095 -22.3095 -22.3095 -22.3095 -22.3095 -22.3095 -22.3095 -22.3095 -22.3095 -22.3108 -22.3465 -23.2112 -35.6132 -47.8635 -41.4385 -31.1310 -14.7280 26.1188 -10.1466 -46.6363 -36.4113 -23.1562 33.3596 6.5041 -47.5216 -39.3459 -26.9973 22.3543 13.5092 -45.1316 -41.9151 -30.1494 -6.0549 19.7535 -35.4693 -44.2356 -32.8448 -16.4481 25.9269
26.0991 -16.6212 -32.9240 -44.2934 -34.8325 20.0274 -6.9121 -30.2871 -42.0383 -44.7628 13.9457 20.1349 -27.2577 -39.5591 -47.4258 7.3277 33.3148 -23.6022 -36.7406 -46.7914 -7.0519 27.2416 -15.9579 -31.5588 -41.8271 -47.8245 -34.1692 -22.3460 -21.5783 -21.5489 -21.5466 -21.5466 -21.5466 -21.5466 -21.5466 -21.5466 -21.5466 -21.5466 -21.5466 -21.5466 -21.5466 -21.5466 -21.5466 -21.5466 -21.5466 -21.5466 -21.5466 -21.5466 -21.5466 -21.5466 -21.5466 -21.5466 -21.5466 -21.5466 -21.5466 -21.5466 -21.5466 -21.5466 -21.5466 -21.5466 -21.5466 -21.5466 -21.5466 -21.5466 -21.5466 -21.5466 -21.5466 -21.5466 -21.5466 -21.5466 -21.5466 -21.5489 -21.5783 -22.3465 -34.1702 -47.8247 -41.8262 -31.5584 -15.9547 27.2385 -7.0645 -46.7910 -36.7400 -23.6004 33.3150 7.3267 -47.4258 -39.5589 -27.2577 20.1394 13.9446 -44.7650 -42.0353 -30.2827 -6.8985 20.0260 -34.8338 -44.2932 -32.9240 -16.6212 26.0990
26.1070 -16.6328 -32.9265 -44.2957 -34.7964 20.0434 -6.9580 -30.2923 -42.0408 -44.7480 13.9567 20.0883 -27.2650 -39.5666 -47.4169 7.3569 33.3100 -23.6207 -36.7550 -46.7931 -6.9434 27.2824 -15.9998 -31.5767 -41.8396 -47.8146 -34.1024 -22.3076 -21.5479 -21.5176 -21.5159 -21.5159 -21.5159 -21.5159 -21.5159 -21.5159 -21.5159 -21.5159 -21.5159 -21.5159 -21.5159 -21.5159 -21.5159 -21.5159 -21.5159 -21.5159 -21.5159 -21.5159 -21.5159 -21.5159 -21.5159 -21.5159 -21.5159 -21.5159 -21.5159 -21.5159 -21.5159 -21.5159 -21.5159 -21.5159 -21.5159 -21.5159 -21.5159 -21.5159 -21.5159 -21.5159 -21.5159 -21.5159 -21.5159 -21.5159 -21.5159 -21.5175 -21.5489 -22.3108 -34.1118 -47.8147 -41.8400 -31.5765 -15.9993 27.2772 -6.9561 -46.7912 -36.7529 -23.6173 33.3108 7.3524 -47.4173 -39.5659 -27.2642 20.0950 13.9522 -44.7532 -42.0392 -30.2888 -6.9178 20.0399 -34.8010 -44.2954 -32.9261 -16.6327 26.1060
26.1111 -16.6353 -32.9284 -44.2974 -34.7857 20.0481 -6.9746 -30.2998 -42.0476 -44.7330 13.9729 20.0047 -27.2736 -39.5730 -47.4155 7.3673 33.3085 -23.6257 -36.7580 -46.7941 -6.9268 27.2850 -16.0026 -31.5775 -41.8410 -47.8142 -34.0973 -22.2977 -21.5392 -21.5095 -21.5089 -21.5089 -21.5089 -21.5089 -21.5089 -21.5089 -21.5089 -21.5089 -21.5089 -21.5089 -21.5089 -21.5089 -21.5089 -21.5089 -21.5089 -21.5089 -21.5089 -21.5096 -21.5107 -21.5110 -21.5124 -21.5133 -21.5144 -21.5144 -21.5144 -21.5144 -21.5144 -21.5144 -21.5144 -21.5144 -21.5144 -21.5144 -21.5144 -21.5144 -21.5144 -21.5144 -21.5144 -21.5144 -21.5144 -21.5144 -21.5143 -21.5159 -21.5466 -22.3095 -34.1027 -47.8146 -41.8403 -31.5769 -16.0002 27.2804 -6.9485 -46.7914 -36.7533 -23.6177 33.3108 7.3530 -47.4170 -39.5662 -27.2642 20.0950 13.9522 -44.7532 -42.0392 -30.2888 -6.9177 20.0403 -34.8004 -44.2954 -32.9261 -16.6331 26.1060
26.1231 -16.6465 -32.9342 -44.3019 -34.7486 20.0622 -7.0062 -30.3003 -42.0481 -44.7311 13.9757 20.0001 -27.2748 -39.5742 -47.4147 7.3760 33.3074 -23.6291 -36.7611 -46.7949 -6.8915 27.2976 -16.0176 -31.5829 -41.8447 -47.8135 -34.0728 -22.2680 -21.5093 -21.4812 -21.4789 -21.4789 -21.4789 -21.4789 -21.4789 -21.4789 -21.4789 -21.4789 -21.4789 -21.4789 -21.4789 -21.4789 -21.4789 -21.4799 -21.4798 -21.4803 -21.4812 -21.4839 -21.4876 -21.4923 -21.4971 -21.5042 -21.5094 -21.5129 -21.5145 -21.5145 -21.5145 -21.5145 -21.5145 -21.5145 -21.5145 -21.5145 -21.5145 -21.5145 -21.5145 -21.5145 -21.5145 -21.5145 -21.5145 -21.5145 -21.5144 -21.5159 -21.5466 -22.3095 -34.1027 -47.8146 -41.8403 -31.5769 -16.0002 27.2804 -6.9485 -46.7914 -36.7533 -23.6177 33.3108 7.3530 -47.4170 -39.5662 -27.2642 20.0950 13.9522 -44.7532 -42.0392 -30.2888 -6.9177 20.0403 -34.8004 -44.2954 -32.9261 -16.6331 26.1060
26.1496 -16.6733 -32.9431 -44.3089 -34.6977 20.0794 -7.0197 -30.3072 -42.0548 -44.7147 13.9940 19.9113 -27.2846 -39.5812 -47.4123 7.3970 33.3037 -23.6428 -36.7699 -46.7999 -6.8247 27.3238 -16.0430 -31.5934 -41.8546 -47.8124 -34.0078 -22.1750 -21.4162 -21.3865 -21.3854 -21.3847 -21.3847 -21.3847 -21.3847 -21.3847 -21.3847 -21.3847 -21.3847 -21.3847 -21.3847 -21.3847 -21.3857 -21.3858 -21.3873 -21.3886 -21.3928 -21.4001 -21.4117 -21.4264 -21.4460 -21.4677 -21.4869 -21.5008 -21.5094 -21.5138 -21.5145 -21.5145 -21.5145 -21.5145 -21.5145 -21.5145 -21.5145 -21.5145 -21.5145 -21.5145 -21.5145 -21.5145 -21.5145 -21.5145 -21.5144 -21.5159 -21.5466 -22.3095 -34.1027 -47.8146 -41.8403 -31.5769 -16.0002 27.2804 -6.9485 -46.7914 -36.7533 -23.6177 33.3108 7.3530 -47.4170 -39.5662 -27.2642 20.0950 13.9522 -44.7532 -42.0392 -30.2888 -6.9177 20.0403 -34.8004 -44.2954 -32.9261 -16.6331 26.1060
26.2131 -16.7323 -32.9682 -44.3289 -34.5456 20.1371 -7.1830 -30.3344 -42.0787 -44.6583 14.0617 19.5995 -27.3205 -39.6061 -47.4049 7.4720 33.2911 -23.6797 -36.7959 -46.8127 -6.6403 27.3856 -16.1061 -31.6188 -41.8778 -47.8098 -33.8341 -21.9286 -21.1702 -21.1406 -21.1395 -21.1395 -21.1395 -21.1395 -21.1395 -21.1395 -21.1395 -21.1395 -21.1395 -21.1395 -21.1395 -21.1395 -21.1396 -21.1407 -21.1437 -21.1491 -21.1600 -21.1805 -21.2111 -21.2558 -21.3099 -21.3684 -21.4222 -21.4636 -21.4905 -21.5053 -21.5124 -21.5145 -21.5145 -21.5150 -21.5144 -21.5145 -21.5145 -21.5145 -21.5145 -21.5145 -21.5145 -21.5145 -21.5145 -21.5145 -21.5144 -21.5159 -21.5466 -22.3095 -34.1027 -47.8146 -41.8403 -31.5769 -16.0002 27.2804 -6.9485 -46.7914 -36.7533 -23.6177 33.3108 7.3530 -47.4170 -39.5662 -27.2642 20.0950 13.9522 -44.7532 -42.0392 -30.2888 -6.9177 20.0403 -34.8004 -44.2954 -32.9261 -16.6331 26.1060
26.3501 -16.8638 -33.0256 -44.3732 -34.2122 20.2593 -7.5113 -30.3938 -42.1337 -44.5240 14.2070 18.9055 -27.4004 -39.6676 -47.3864 7.6431 33.2562 -23.7645 -36.8561 -46.8412 -6.2231 27.5329 -16.2594 -31.6797 -41.9353 -47.8019 -33.4394 -21.3603 -20.5949 -20.5669 -20.5663 -20.5664 -20.5664 -20.5664 -20.5664 -20.5664 -20.5664 -20.5664 -20.5664 -20.5664 -20.5664 -20.5663 -20.5668 -20.5698 -20.5763 -20.5907 -20.6193 -20.6697 -20.7503 -20.8600 -20.9961 -21.1392 -21.2686 -21.3710 -21.4410 -21.4832 -21.5029 -21.5124 -21.5150 -21.5163 -21.5167 -21.5158 -21.5155 -21.5150 -21.5144 -21.5145 -21.5145 -21.5145 -21.5145 -21.5145 -21.5144 -21.5159 -21.5466 -22.3095 -34.1027 -47.8146 -41.8403 -31.5769 -16.0002 27.2804 -6.9485 -46.7914 -36.7533 -23.6177 33.3108 7.3530 -47.4170 -39.5662 -27.2642 20.0950 13.9522 -44.7532 -42.0392 -30.2888 -6.9177 20.0403 -34.8004 -44.2954 -32.9261 -16.6331 26.1060
26.6565 -17.1462 -33.1481 -44.4699 -33.4333 20.5448 -8.1940 -30.5176 -42.2429 -44.2506 14.4981 17.4839 -27.5571 -39.7888 -47.3452 7.9847 33.1589 -23.9389 -36.9779 -46.8985 -5.3884 27.8405 -16.5639 -31.8060 -42.0510 -47.7826 -32.5813 -20.1640 -19.3942 -19.3647 -19.3641 -19.3641 -19.3641 -19.3641 -19.3641 -19.3641 -19.3641 -19.3641 -19.3641 -19.3641 -19.3641 -19.3644 -19.3675 -19.3741 -19.3895 -19.4229 -19.4875 -19.6040 -19.7869 -20.0390 -20.3427 -20.6610 -20.9497 -21.1782 -21.3363 -21.4306 -21.4832 -21.5052 -21.5157 -21.5189 -21.5198 -21.5193 -21.5184 -21.5173 -21.5167 -21.5158 -21.5155 -21.5150 -21.5144 -21.5145 -21.5144 -21.5159 -21.5466 -22.3095 -34.1027 -47.8146 -41.8403 -31.5769 -16.0002 27.2804 -6.9485 -46.7914 -36.7533 -23.6177 33.3108 7.3530 -47.4170 -39.5662 -27.2642 20.0950 13.9522 -44.7532 -42.0392 -30.2888 -6.9177 20.0403 -34.8004 -44.2954 -32.9261 -16.6331 26.1060
27.2409 -17.6707 -33.3837 -44.6547 -31.8428 21.0984 -9.4041 -30.7562 -42.4530 -43.6866 15.0366 14.7102 -27.8479 -40.0118 -47.2494 8.6072 32.8738 -24.2616 -37.2088 -47.0008 -3.9191 28.4071 -17.1128 -32.0431 -42.2699 -47.7321 -30.8738 -17.9079 -17.1386 -17.1081 -17.1068 -17.1068 -17.1068 -17.1068 -17.1068 -17.1068 -17.1068 -17.1068 -17.1068 -17.1068 -17.1065 -17.1093 -17.1142 -17.1280 -17.1603 -17.2266 -17.3621 -17.6046 -17.9827 -18.5013 -19.1233 -19.7691 -20.3564 -20.8189 -21.1393 -21.3363 -21.4403 -21.4912 -21.5126 -21.5209 -21.5229 -21.5224 -21.5218 -21.5209 -21.5198 -21.5193 -21.5184 -21.5173 -21.5167 -21.5158 -21.5143 -21.5159 -21.5466 -22.3095 -34.1027 -47.8146 -41.8403 -31.5769 -16.0002 27.2804 -6.9485 -46.7914 -36.7533 -23.6177 33.3108 7.3530 -47.4170 -39.5662 -27.2642 20.0950 13.9522 -44.7532 -42.0392 -30.2888 -6.9177 20.0403 -34.8004 -44.2954 -32.9261 -16.6331 26.1060
28.2205 -18.5042 -33.7829 -44.9612 -28.8761 22.0527 -11.1951 -31.1618 -42.8060 -42.5805 15.9592 9.8081 -28.3370 -40.3875 -47.0264 9.6233 32.0505 -24.7938 -37.5950 -47.1558 -1.7086 29.3493 -17.9794 -32.4435 -42.6361 -47.5971 -27.7140 -14.1474 -13.4134 -13.3847 -13.3829 -13.3829 -13.3829 -13.3829 -13.3829 -13.3829 -13.3829 -13.3829 -13.3829 -13.3828 -13.3850 -13.3867 -13.3973 -13.4222 -13.4778 -13.6026 -13.8512 -14.2954 -14.9909 -15.9459 -17.0906 -18.2858 -19.3678 -20.2215 -20.8132 -21.1736 -21.3713 -21.4644 -21.5050 -21.5210 -21.5250 -21.5243 -21.5235 -21.5233 -21.5229 -21.5224 -21.5218 -21.5209 -21.5198 -21.5179 -21.5163 -21.5159 -21.5466 -22.3095 -34.1027 -47.8146 -41.8403 -31.5769 -16.0002 27.2804 -6.9485 -46.7914 -36.7533 -23.6177 33.3108 7.3530 -47.4170 -39.5662 -27.2642 20.0950 13.9522 -44.7532 -42.0392 -30.2888 -6.9177 20.0403 -34.8004 -44.2954 -32.9261 -16.6331 26.1060
29.6588 -19.6695 -34.3898 -45.4077 -23.7761 23.5237 -13.4331 -31.7764 -43.3330 -40.4836 17.3739 2.6784 -29.0767 -40.9548 -46.5176 11.1015 29.7949 -25.5866 -38.1810 -47.3431 1.1123 30.7025 -19.1785 -33.0484 -43.1821 -47.2556 -22.3714 -8.9144 -8.2822 -8.2592 -8.2577 -8.2577 -8.2577 -8.2577 -8.2577 -8.2577 -8.2577 -8.2577 -8.2577 -8.2585 -8.2598 -8.2661 -8.2795 -8.3155 -8.4028 -8.5930 -8.9767 -9.6596 -10.7458 -12.2666 -14.1282 -16.1011 -17.9061 -19.3392 -20.3292 -20.9370 -21.2642 -21.4241 -21.4930 -21.5200 -21.5270 -21.5273 -21.5266 -21.5257 -21.5254 -21.5248 -21.5235 -21.5233 -21.5226 -21.5206 -21.5172 -21.5165 -21.5466 -22.3095 -34.1027 -47.8146 -41.8403 -31.5769 -16.0002 27.2804 -6.9485 -46.7914 -36.7533 -23.6177 33.3108 7.3530 -47.4170 -39.5662 -27.2642 20.0950 13.9522 -44.7532 -42.0392 -30.2888 -6.9177 20.0403 -34.8004 -44.2954 -32.9261 -16.6331 26.1060
31.4239 -21.1200 -35.2259 -45.9788 -16.0636 25.5885 -15.8732 -32.6172 -44.0339 -36.6309 19.2771 -4.7575 -29.9459 -41.7237 -45.4005 13.0568 24.2395 -26.6507 -38.9865 -47.4751 4.2394 32.2929 -20.6599 -33.8833 -43.9150 -46.4573 -14.5848 -3.1644 -2.6994 -2.6821 -2.6814 -2.6814 -2.6814 -2.6814 -2.6814 -2.6814 -2.6814 -2.6814 -2.6814 -2.6822 -2.6844 -2.6898 -2.7078 -2.7516 -2.8576 -3.0952 -3.5689 -4.4253 -5.8168 -7.8376 -10.4256 -13.2950 -16.0028 -18.1805 -19.6962 -20.6235 -21.1287 -21.3717 -21.4776 -21.5180 -21.5300 -21.5316 -21.5305 -21.5301 -21.5293 -21.5277 -21.5266 -21.5238 -21.5235 -21.5218 -21.5183 -21.5176 -21.5466 -22.3095 -34.1027 -47.8146 -41.8403 -31.5769 -16.0002 27.2804 -6.9485 -46.7914 -36.7533 -23.6177 33.3108 7.3530 -47.4170 -39.5662 -27.2642 20.0950 13.9522 -44.7532 -42.0392 -30.2888 -6.9177 20.0403 -34.8004 -44.2954 -32.9261 -16.6331 26.1060
32.8887 -22.7730 -36.2825 -46.6096 -7.2073 28.2033 -18.2889 -33.6705 -44.8682 -29.8362 21.7369 -10.6336 -31.0186 -42.6720 -43.0714 15.4906 12.8395 -27.9629 -39.9976 -47.3127 7.4378 33.3561 -22.3358 -34.9344 -44.7922 -44.7313 -6.0202 1.9745 2.3021 2.3145 2.3148 2.3148 2.3148 2.3148 2.3148 2.3148 2.3148 2.3148 2.3146 2.3139 2.3124 2.3039 2.2865 2.2367 2.1195 1.8564 1.3337 0.3920 -1.1508 -3.4466 -6.5325 -10.1756 -13.8132 -16.8331 -18.9596 -20.2631 -20.9733 -21.3190 -21.4660 -21.5190 -21.5343 -21.5364 -21.5360 -21.5352 -21.5327 -21.5315 -21.5282 -21.5262 -21.5237 -21.5224 -21.5198 -21.5179 -21.5472 -22.3095 -34.1027 -47.8146 -41.8403 -31.5769 -16.0002 27.2804 -6.9485 -46.7914 -36.7533 -23.6177 33.3108 7.3530 -47.4170 -39.5662 -27.2642 20.0950 13.9522 -44.7532 -42.0392 -30.2888 -6.9177 20.0403 -34.8004 -44.2954 -32.9261 -16.6331 26.1060
32.3324 -24.5477 -37.5252 -47.1821 0.1259 31.0959 -20.6333 -34.9305 -45.7789 -18.9097 24.8157 -15.0208 -32.2906 -43.7548 -38.4268 18.3911 -1.2972 -29.4292 -41.1727 -46.4441 10.6355 31.9582 -24.1227 -36.1760 -45.7431 -41.2349 0.8268 6.2731 6.5250 6.5350 6.5350 6.5350 6.5350 6.5350 6.5350 6.5350 6.5350 6.5350 6.5349 6.5343 6.5311 6.5243 6.5011 6.4475 6.3083 6.0071 5.4205 4.3854 2.7279 0.2925 -3.0353 -7.1697 -11.5820 -15.4317 -18.1954 -19.8963 -20.8265 -21.2797 -21.4667 -21.5304 -21.5444 -21.5443 -21.5420 -21.5389 -21.5371 -21.5333 -21.5308 -21.5272 -21.5245 -21.5229 -21.5205 -21.5188 -21.5472 -22.3095 -34.1027 -47.8146 -41.8403 -31.5769 -16.0002 27.2804 -6.9485 -46.7914 -36.7533 -23.6177 33.3108 7.3530 -47.4170 -39.5662 -27.2642 20.0950 13.9522 -44.7532 -42.0392 -30.2888 -6.9177 20.0403 -34.8004 -44.2954 -32.9261 -16.6331 26.1060
26.2117 -26.3765 -38.8869 -47.4788 5.3769 33.2038 -22.8218 -36.3131 -46.6258 -7.0063 28.2629 -18.3346 -33.6850 -44.8718 -29.9525 21.6271 -10.2381 -30.8501 -42.4392 -44.1861 13.8780 24.3139 -25.9614 -37.5498 -46.6339 -34.6543 5.7936 10.0013 10.2174 10.2248 10.2250 10.2250 10.2250 10.2250 10.2250 10.2250 10.2250 10.2250 10.2246 10.2239 10.2212 10.2108 10.1858 10.1175 9.9391 9.5606 8.8521 7.6434 5.8045 3.2303 -0.2208 -4.6079 -9.5356 -14.1142 -17.5000 -19.5384 -20.7003 -21.2665 -21.4807 -21.5496 -21.5598 -21.5552 -21.5486 -21.5432 -21.5382 -21.5350 -21.5320 -21.5284 -21.5251 -21.5233 -21.5209 -21.5195 -21.5472 -22.3095 -34.1027 -47.8146 -41.8403 -31.5769 -16.0002 27.2804 -6.9485 -46.7914 -36.7533 -23.6177 33.3108 7.3530 -47.4170 -39.5662 -27.2642 20.0950 13.9522 -44.7532 -42.0392 -30.2888 -6.9177 20.0403 -34.8004 -44.2954 -32.9261 -16.6331 26.1060
11.5678 -28.1553 -40.2547 -47.1078 9.3639 32.2276 -24.8082 -37.7146 -47.2563 0.9716 31.4668 -20.9349 -35.1023 -45.8933 -17.6028 25.0912 -15.2104 -32.2850 -43.6791 -39.6582 17.1614 8.3312 -27.7540 -38.9482 -47.2944 -23.9782 9.6156 13.3406 13.5416 13.5490 13.5493 13.5493 13.5493 13.5493 13.5493 13.5493 13.5493 13.5491 13.5488 13.5480 13.5437 13.5314 13.4999 13.4332 13.2010 12.6518 11.7634 10.2611 8.1791 5.4576 1.8336 -2.6860 -7.6873 -13.0143 -16.9234 -18.9308 -20.7662 -21.3817 -21.5395 -21.5694 -21.5740 -21.5630 -21.5527 -21.5455 -21.5399 -21.5356 -21.5327 -21.5293 -21.5255 -21.5236 -21.5218 -21.5200 -21.5476 -22.3095 -34.1027 -47.8146 -41.8403 -31.5769 -16.0002 27.2804 -6.9485 -46.7914 -36.7533 -23.6177 33.3108 7.3530 -47.4170 -39.5662 -27.2642 20.0950 13.9522 -44.7532 -42.0392 -30.2888 -6.9177 20.0403 -34.8004 -44.2954 -32.9261 -16.6331 26.1060
-1.9063 -29.5896 -41.4179 -45.9215 12.3735 26.2479 -26.4179 -38.9243 -47.5024 5.4974 33.2195 -22.8635 -36.3362 -46.6498 -7.0502 28.1772 -18.1674 -33.5349 -44.7008 -32.9232 20.0752 -4.2376 -29.1608 -40.1609 -47.5677 -12.6681 12.5270 16.1334 16.3332 16.3400 16.3402 16.3402 16.3402 16.3402 16.3402 16.3402 16.3402 16.3401 16.3397 16.3384 16.3333 16.3162 16.2692 16.1691 15.8558 15.1986 14.0584 12.3260 9.9769 6.9579 3.3487 -1.2655 -6.3291 -11.8787 -15.9605 -18.9484 -20.7422 -21.4653 -21.7263 -21.6238 -21.5872 -21.5677 -21.5549 -21.5465 -21.5407 -21.5361 -21.5332 -21.5299 -21.5265 -21.5237 -21.5224 -21.5208 -21.5480 -22.3095 -34.1027 -47.8146 -41.8403 -31.5769 -16.0002 27.2804 -6.9485 -46.7914 -36.7533 -23.6177 33.3108 7.3530 -47.4170 -39.5662 -27.2642 20.0950 13.9522 -44.7532 -42.0392 -30.2888 -6.9177 20.0403 -34.8004 -44.2954 -32.9261 -16.6331 26.1060
