0.6875 1.0000 0.0001 0.0014 0.0210 0.3268 1.0000 0.0000 0.0006 0.0096 0.1490 1.0000 1.0000 0.0003 0.0044 0.0678 1.0000 1.0000 0.0001 0.0020 0.0309 0.4809 1.0000 0.0001 0.0009 0.0141 0.2188 1.0000 1.0000 0.0004 0.0064 0.0998 1.0000 1.0000 0.0002 0.0029 0.0454 0.7061 1.0000 0.0001 0.0013 0.0207 0.3207 1.0000 0.0000 0.0006 0.0093 0.1432 1.0000 1.0000 0.0001 1.0000 1.0000 0.1432 0.0093 0.0006 0.0000 1.0000 0.3207 0.0207 0.0013 0.0001 1.0000 0.7061 0.0454 0.0029 0.0002 1.0000 1.0000 0.0998 0.0064 0.0004 1.0000 1.0000 0.2188 0.0141 0.0009 0.0001 1.0000 0.4809 0.0309 0.0020 0.0001 1.0000 1.0000 0.0678 0.0044 0.0003 1.0000 1.0000 0.1490 0.0096 0.0006 0.0000 1.0000 0.3268 0.0210 0.0014 0.0001 1.0000 0.6875
1.0000 0.0001 0.0013 0.0209 0.3244 1.0000 0.0000 0.0006 0.0095 0.1476 1.0000 1.0000 0.0003 0.0043 0.0672 1.0000 1.0000 0.0001 0.0020 0.0306 0.4754 1.0000 0.0001 0.0009 0.0139 0.2167 1.0000 1.0000 0.0004 0.0063 0.0986 1.0000 1.0000 0.0002 0.0029 0.0450 0.6994 1.0000 0.0001 0.0013 0.0204 0.3177 1.0000 0.0000 0.0006 0.0093 0.1435 1.0000 1.0000 0.0002 0.0012 0.0002 1.0000 1.0000 0.1435 0.0093 0.0006 0.0000 1.0000 0.3177 0.0204 0.0013 0.0001 1.0000 0.6994 0.0450 0.0029 0.0002 1.0000 1.0000 0.0986 0.0063 0.0004 1.0000 1.0000 0.2167 0.0139 0.0009 0.0001 1.0000 0.4754 0.0306 0.0020 0.0001 1.0000 1.0000 0.0672 0.0043 0.0003 1.0000 1.0000 0.1476 0.0095 0.0006 0.0000 1.0000 0.3244 0.0209 0.0013 0.0001 1.0000
0.0001 0.0013 0.0206 0.3171 1.0000 0.0000 0.0006 0.0091 0.1421 1.0000 1.0000 0.0003 0.0041 0.0645 1.0000 1.0000 0.0001 0.0019 0.0294 0.4568 1.0000 0.0001 0.0009 0.0134 0.2079 1.0000 1.0000 0.0004 0.0061 0.0948 1.0000 1.0000 0.0002 0.0028 0.0431 0.6707 1.0000 0.0001 0.0013 0.0196 0.3052 1.0000 0.0000 0.0006 0.0089 0.1384 1.0000 1.0000 0.0002 0.0031 0.0176 0.0031 0.0002 1.0000 1.0000 0.1384 0.0089 0.0006 0.0000 1.0000 0.3052 0.0196 0.0013 0.0001 1.0000 0.6707 0.0431 0.0028 0.0002 1.0000 1.0000 0.0948 0.0061 0.0004 1.0000 1.0000 0.2079 0.0134 0.0009 0.0001 1.0000 0.4568 0.0294 0.0019 0.0001 1.0000 1.0000 0.0645 0.0041 0.0003 1.0000 1.0000 0.1421 0.0091 0.0006 0.0000 1.0000 0.3171 0.0206 0.0013 0.0001
0.0014 0.0209 0.3171 1.0000 0.0000 0.0006 0.0089 0.1373 1.0000 1.0000 0.0003 0.0040 0.0620 0.9645 1.0000 0.0001 0.0018 0.0282 0.4389 1.0000 0.0001 0.0008 0.0128 0.1997 1.0000 1.0000 0.0004 0.0059 0.0911 1.0000 1.0000 0.0002 0.0027 0.0414 0.6445 1.0000 0.0001 0.0012 0.0189 0.2933 1.0000 0.0000 0.0006 0.0086 0.1332 1.0000 1.0000 0.0002 0.0036 0.0471 0.2621 0.0471 0.0036 0.0002 1.0000 1.0000 0.1332 0.0086 0.0006 0.0000 1.0000 0.2933 0.0189 0.0012 0.0001 1.0000 0.6445 0.0414 0.0027 0.0002 1.0000 1.0000 0.0911 0.0059 0.0004 1.0000 1.0000 0.1997 0.0128 0.0008 0.0001 1.0000 0.4389 0.0282 0.0018 0.0001 1.0000 0.9645 0.0620 0.0040 0.0003 1.0000 1.0000 0.1373 0.0089 0.0006 0.0000 1.0000 0.3171 0.0209 0.0014
0.0210 0.3244 1.0000 0.0000 0.0006 0.0087 0.1340 1.0000 1.0000 0.0002 0.0039 0.0598 0.9285 1.0000 0.0001 0.0017 0.0271 0.4217 1.0000 0.0001 0.0008 0.0123 0.1919 1.0000 1.0000 0.0004 0.0056 0.0873 1.0000 1.0000 0.0002 0.0026 0.0398 0.6192 1.0000 0.0001 0.0012 0.0181 0.2818 1.0000 0.0000 0.0005 0.0082 0.1280 1.0000 1.0000 0.0002 0.0037 0.0544 0.7034 1.0000 0.7034 0.0544 0.0037 0.0002 1.0000 1.0000 0.1280 0.0082 0.0005 0.0000 1.0000 0.2818 0.0181 0.0012 0.0001 1.0000 0.6192 0.0398 0.0026 0.0002 1.0000 1.0000 0.0873 0.0056 0.0004 1.0000 1.0000 0.1919 0.0123 0.0008 0.0001 1.0000 0.4217 0.0271 0.0017 0.0001 1.0000 0.9285 0.0598 0.0039 0.0002 1.0000 1.0000 0.1340 0.0087 0.0006 0.0000 1.0000 0.3244 0.0210
0.3268 1.0000 0.0000 0.0006 0.0087 0.1329 1.0000 1.0000 0.0002 0.0037 0.0578 0.8956 1.0000 0.0001 0.0017 0.0261 0.4052 1.0000 0.0000 0.0008 0.0119 0.1844 1.0000 1.0000 0.0003 0.0054 0.0839 1.0000 1.0000 0.0002 0.0025 0.0383 0.5939 1.0000 0.0001 0.0011 0.0174 0.2708 1.0000 1.0000 0.0005 0.0079 0.1230 1.0000 1.0000 0.0002 0.0036 0.0549 0.8128 1.0000 1.0000 1.0000 0.8128 0.0549 0.0036 0.0002 1.0000 1.0000 0.1230 0.0079 0.0005 1.0000 1.0000 0.2708 0.0174 0.0011 0.0001 1.0000 0.5939 0.0383 0.0025 0.0002 1.0000 1.0000 0.0839 0.0054 0.0003 1.0000 1.0000 0.1844 0.0119 0.0008 0.0000 1.0000 0.4052 0.0261 0.0017 0.0001 1.0000 0.8956 0.0578 0.0037 0.0002 1.0000 1.0000 0.1329 0.0087 0.0006 0.0000 1.0000 0.3268
1.0000 0.0000 0.0006 0.0089 0.1340 1.0000 1.0000 0.0002 0.0037 0.0564 0.8704 1.0000 0.0001 0.0016 0.0251 0.3901 1.0000 0.0000 0.0007 0.0114 0.1772 1.0000 1.0000 0.0003 0.0052 0.0806 1.0000 1.0000 0.0002 0.0024 0.0367 0.5706 1.0000 0.0001 0.0011 0.0167 0.2602 1.0000 1.0000 0.0005 0.0076 0.1182 1.0000 1.0000 0.0002 0.0035 0.0534 0.8190 1.0000 0.0001 0.0004 0.0001 1.0000 0.8190 0.0534 0.0035 0.0002 1.0000 1.0000 0.1182 0.0076 0.0005 1.0000 1.0000 0.2602 0.0167 0.0011 0.0001 1.0000 0.5706 0.0367 0.0024 0.0002 1.0000 1.0000 0.0806 0.0052 0.0003 1.0000 1.0000 0.1772 0.0114 0.0007 0.0000 1.0000 0.3901 0.0251 0.0016 0.0001 1.0000 0.8704 0.0564 0.0037 0.0002 1.0000 1.0000 0.1340 0.0089 0.0006 0.0000 1.0000
0.0000 0.0006 0.0091 0.1373 1.0000 1.0000 0.0002 0.0036 0.0556 0.8556 1.0000 0.0001 0.0016 0.0243 0.3770 1.0000 0.0000 0.0007 0.0110 0.1702 1.0000 1.0000 0.0003 0.0050 0.0775 1.0000 1.0000 0.0001 0.0023 0.0353 0.5483 1.0000 0.0001 0.0010 0.0160 0.2495 1.0000 1.0000 0.0005 0.0073 0.1135 1.0000 1.0000 0.0002 0.0033 0.0515 0.7975 1.0000 0.0001 0.0012 0.0065 0.0012 0.0001 1.0000 0.7975 0.0515 0.0033 0.0002 1.0000 1.0000 0.1135 0.0073 0.0005 1.0000 1.0000 0.2495 0.0160 0.0010 0.0001 1.0000 0.5483 0.0353 0.0023 0.0001 1.0000 1.0000 0.0775 0.0050 0.0003 1.0000 1.0000 0.1702 0.0110 0.0007 0.0000 1.0000 0.3770 0.0243 0.0016 0.0001 1.0000 0.8556 0.0556 0.0036 0.0002 1.0000 1.0000 0.1373 0.0091 0.0006 0.0000
0.0006 0.0095 0.1421 1.0000 1.0000 0.0002 0.0037 0.0556 0.8491 1.0000 0.0001 0.0015 0.0237 0.3664 1.0000 0.0000 0.0007 0.0106 0.1642 1.0000 1.0000 0.0003 0.0048 0.0744 1.0000 1.0000 0.0001 0.0022 0.0339 0.5268 1.0000 0.0001 0.0010 0.0154 0.2397 1.0000 1.0000 0.0005 0.0070 0.1091 1.0000 1.0000 0.0002 0.0032 0.0495 0.7692 1.0000 0.0001 0.0014 0.0175 0.0977 0.0175 0.0014 0.0001 1.0000 0.7692 0.0495 0.0032 0.0002 1.0000 1.0000 0.1091 0.0070 0.0005 1.0000 1.0000 0.2397 0.0154 0.0010 0.0001 1.0000 0.5268 0.0339 0.0022 0.0001 1.0000 1.0000 0.0744 0.0048 0.0003 1.0000 1.0000 0.1642 0.0106 0.0007 0.0000 1.0000 0.3664 0.0237 0.0015 0.0001 1.0000 0.8491 0.0556 0.0037 0.0002 1.0000 1.0000 0.1421 0.0095 0.0006
0.0096 0.1476 1.0000 1.0000 0.0002 0.0037 0.0564 0.8556 1.0000 0.0001 0.0015 0.0233 0.3581 1.0000 0.0000 0.0007 0.0102 0.1584 1.0000 1.0000 0.0003 0.0046 0.0715 1.0000 1.0000 0.0001 0.0021 0.0325 0.5052 1.0000 0.0001 0.0010 0.0148 0.2303 1.0000 1.0000 0.0004 0.0067 0.1048 1.0000 1.0000 0.0002 0.0031 0.0476 0.7391 1.0000 0.0001 0.0014 0.0202 0.2616 1.0000 0.2616 0.0202 0.0014 0.0001 1.0000 0.7391 0.0476 0.0031 0.0002 1.0000 1.0000 0.1048 0.0067 0.0004 1.0000 1.0000 0.2303 0.0148 0.0010 0.0001 1.0000 0.5052 0.0325 0.0021 0.0001 1.0000 1.0000 0.0715 0.0046 0.0003 1.0000 1.0000 0.1584 0.0102 0.0007 0.0000 1.0000 0.3581 0.0233 0.0015 0.0001 1.0000 0.8556 0.0564 0.0037 0.0002 1.0000 1.0000 0.1476 0.0096
0.1490 1.0000 1.0000 0.0003 0.0039 0.0578 0.8704 1.0000 0.0001 0.0015 0.0232 0.3540 1.0000 0.0000 0.0006 0.0100 0.1539 1.0000 1.0000 0.0003 0.0044 0.0690 1.0000 1.0000 0.0001 0.0020 0.0313 0.4854 1.0000 0.0001 0.0009 0.0142 0.2209 1.0000 1.0000 0.0004 0.0065 0.1007 1.0000 1.0000 0.0002 0.0029 0.0457 0.7101 1.0000 0.0001 0.0013 0.0204 0.3023 1.0000 1.0000 1.0000 0.3023 0.0204 0.0013 0.0001 1.0000 0.7101 0.0457 0.0029 0.0002 1.0000 1.0000 0.1007 0.0065 0.0004 1.0000 1.0000 0.2209 0.0142 0.0009 0.0001 1.0000 0.4854 0.0313 0.0020 0.0001 1.0000 1.0000 0.0690 0.0044 0.0003 1.0000 1.0000 0.1539 0.0100 0.0006 0.0000 1.0000 0.3540 0.0232 0.0015 0.0001 1.0000 0.8704 0.0578 0.0039 0.0003 1.0000 1.0000 0.1490
1.0000 1.0000 0.0003 0.0040 0.0598 0.8956 1.0000 0.0001 0.0015 0.0233 0.3540 1.0000 0.0000 0.0006 0.0097 0.1502 1.0000 1.0000 0.0003 0.0043 0.0665 1.0000 1.0000 0.0001 0.0019 0.0300 0.4673 1.0000 0.0001 0.0009 0.0136 0.2123 1.0000 1.0000 0.0004 0.0062 0.0968 1.0000 1.0000 0.0002 0.0028 0.0440 0.6823 1.0000 0.0001 0.0013 0.0198 0.3046 1.0000 1.0000 0.0002 1.0000 1.0000 0.3046 0.0198 0.0013 0.0001 1.0000 0.6823 0.0440 0.0028 0.0002 1.0000 1.0000 0.0968 0.0062 0.0004 1.0000 1.0000 0.2123 0.0136 0.0009 0.0001 1.0000 0.4673 0.0300 0.0019 0.0001 1.0000 1.0000 0.0665 0.0043 0.0003 1.0000 1.0000 0.1502 0.0097 0.0006 0.0000 1.0000 0.3540 0.0233 0.0015 0.0001 1.0000 0.8956 0.0598 0.0040 0.0003 1.0000 1.0000
1.0000 0.0003 0.0041 0.0620 0.9285 1.0000 0.0001 0.0016 0.0237 0.3581 1.0000 0.0000 0.0006 0.0097 0.1479 1.0000 1.0000 0.0003 0.0042 0.0645 1.0000 1.0000 0.0001 0.0019 0.0290 0.4499 1.0000 0.0001 0.0008 0.0131 0.2039 1.0000 1.0000 0.0004 0.0060 0.0928 1.0000 1.0000 0.0002 0.0027 0.0422 0.6556 1.0000 0.0001 0.0012 0.0191 0.2966 1.0000 0.0000 0.0004 0.0024 0.0004 0.0000 1.0000 0.2966 0.0191 0.0012 0.0001 1.0000 0.6556 0.0422 0.0027 0.0002 1.0000 1.0000 0.0928 0.0060 0.0004 1.0000 1.0000 0.2039 0.0131 0.0008 0.0001 1.0000 0.4499 0.0290 0.0019 0.0001 1.0000 1.0000 0.0645 0.0042 0.0003 1.0000 1.0000 0.1479 0.0097 0.0006 0.0000 1.0000 0.3581 0.0237 0.0016 0.0001 1.0000 0.9285 0.0620 0.0041 0.0003 1.0000
0.0003 0.0043 0.0645 0.9645 1.0000 0.0001 0.0016 0.0243 0.3664 1.0000 0.0000 0.0006 0.0097 0.1470 1.0000 1.0000 0.0003 0.0041 0.0630 0.9719 1.0000 0.0001 0.0018 0.0280 0.4339 1.0000 0.0001 0.0008 0.0126 0.1963 1.0000 1.0000 0.0004 0.0057 0.0892 1.0000 1.0000 0.0002 0.0026 0.0406 0.6299 1.0000 0.0001 0.0012 0.0184 0.2861 1.0000 0.0000 0.0005 0.0065 0.0363 0.0065 0.0005 0.0000 1.0000 0.2861 0.0184 0.0012 0.0001 1.0000 0.6299 0.0406 0.0026 0.0002 1.0000 1.0000 0.0892 0.0057 0.0004 1.0000 1.0000 0.1963 0.0126 0.0008 0.0001 1.0000 0.4339 0.0280 0.0018 0.0001 1.0000 0.9719 0.0630 0.0041 0.0003 1.0000 1.0000 0.1470 0.0097 0.0006 0.0000 1.0000 0.3664 0.0243 0.0016 0.0001 1.0000 0.9645 0.0645 0.0043 0.0003
0.0044 0.0672 1.0000 1.0000 0.0001 0.0017 0.0251 0.3770 1.0000 0.0000 0.0006 0.0097 0.1479 1.0000 1.0000 0.0003 0.0040 0.0618 0.9518 1.0000 0.0001 0.0017 0.0271 0.4193 1.0000 0.0001 0.0008 0.0122 0.1890 1.0000 1.0000 0.0004 0.0055 0.0857 1.0000 1.0000 0.0002 0.0025 0.0390 0.6053 1.0000 0.0001 0.0011 0.0177 0.2749 1.0000 0.0000 0.0005 0.0075 0.0973 0.5421 0.0973 0.0075 0.0005 0.0000 1.0000 0.2749 0.0177 0.0011 0.0001 1.0000 0.6053 0.0390 0.0025 0.0002 1.0000 1.0000 0.0857 0.0055 0.0004 1.0000 1.0000 0.1890 0.0122 0.0008 0.0001 1.0000 0.4193 0.0271 0.0017 0.0001 1.0000 0.9518 0.0618 0.0040 0.0003 1.0000 1.0000 0.1479 0.0097 0.0006 0.0000 1.0000 0.3770 0.0251 0.0017 0.0001 1.0000 1.0000 0.0672 0.0044
0.0678 1.0000 1.0000 0.0001 0.0017 0.0261 0.3901 1.0000 0.0000 0.0007 0.0100 0.1502 1.0000 1.0000 0.0003 0.0040 0.0612 0.9392 1.0000 0.0001 0.0017 0.0264 0.4075 1.0000 0.0000 0.0008 0.0117 0.1820 1.0000 1.0000 0.0003 0.0053 0.0823 1.0000 1.0000 0.0002 0.0024 0.0375 0.5816 1.0000 0.0001 0.0011 0.0170 0.2641 1.0000 1.0000 0.0005 0.0076 0.1125 1.0000 1.0000 1.0000 0.1125 0.0076 0.0005 1.0000 1.0000 0.2641 0.0170 0.0011 0.0001 1.0000 0.5816 0.0375 0.0024 0.0002 1.0000 1.0000 0.0823 0.0053 0.0003 1.0000 1.0000 0.1820 0.0117 0.0008 0.0000 1.0000 0.4075 0.0264 0.0017 0.0001 1.0000 0.9392 0.0612 0.0040 0.0003 1.0000 1.0000 0.1502 0.0100 0.0007 0.0000 1.0000 0.3901 0.0261 0.0017 0.0001 1.0000 1.0000 0.0678
1.0000 1.0000 0.0001 0.0018 0.0271 0.4052 1.0000 0.0000 0.0007 0.0102 0.1539 1.0000 1.0000 0.0003 0.0040 0.0612 0.9338 1.0000 0.0001 0.0017 0.0259 0.3983 1.0000 0.0000 0.0007 0.0114 0.1762 1.0000 1.0000 0.0003 0.0051 0.0793 1.0000 1.0000 0.0001 0.0023 0.0360 0.5588 1.0000 0.0001 0.0011 0.0163 0.2538 1.0000 1.0000 0.0005 0.0074 0.1133 1.0000 1.0000 0.0001 1.0000 1.0000 0.1133 0.0074 0.0005 1.0000 1.0000 0.2538 0.0163 0.0011 0.0001 1.0000 0.5588 0.0360 0.0023 0.0001 1.0000 1.0000 0.0793 0.0051 0.0003 1.0000 1.0000 0.1762 0.0114 0.0007 0.0000 1.0000 0.3983 0.0259 0.0017 0.0001 1.0000 0.9338 0.0612 0.0040 0.0003 1.0000 1.0000 0.1539 0.0102 0.0007 0.0000 1.0000 0.4052 0.0271 0.0018 0.0001 1.0000 1.0000
1.0000 0.0001 0.0019 0.0282 0.4217 1.0000 0.0000 0.0007 0.0106 0.1584 1.0000 1.0000 0.0003 0.0041 0.0618 0.9392 1.0000 0.0001 0.0017 0.0255 0.3916 1.0000 0.0000 0.0007 0.0110 0.1709 1.0000 1.0000 0.0003 0.0049 0.0764 1.0000 1.0000 0.0001 0.0022 0.0346 0.5380 1.0000 0.0001 0.0010 0.0157 0.2443 1.0000 1.0000 0.0005 0.0071 0.1103 1.0000 1.0000 0.0002 0.0009 0.0002 1.0000 1.0000 0.1103 0.0071 0.0005 1.0000 1.0000 0.2443 0.0157 0.0010 0.0001 1.0000 0.5380 0.0346 0.0022 0.0001 1.0000 1.0000 0.0764 0.0049 0.0003 1.0000 1.0000 0.1709 0.0110 0.0007 0.0000 1.0000 0.3916 0.0255 0.0017 0.0001 1.0000 0.9392 0.0618 0.0041 0.0003 1.0000 1.0000 0.1584 0.0106 0.0007 0.0000 1.0000 0.4217 0.0282 0.0019 0.0001 1.0000
0.0001 0.0020 0.0294 0.4389 1.0000 0.0000 0.0007 0.0110 0.1642 1.0000 1.0000 0.0003 0.0042 0.0630 0.9518 1.0000 0.0001 0.0017 0.0254 0.3886 1.0000 0.0000 0.0007 0.0108 0.1667 1.0000 1.0000 0.0003 0.0048 0.0739 1.0000 1.0000 0.0001 0.0021 0.0333 0.5179 1.0000 0.0001 0.0010 0.0151 0.2348 1.0000 1.0000 0.0004 0.0069 0.1064 1.0000 1.0000 0.0002 0.0024 0.0135 0.0024 0.0002 1.0000 1.0000 0.1064 0.0069 0.0004 1.0000 1.0000 0.2348 0.0151 0.0010 0.0001 1.0000 0.5179 0.0333 0.0021 0.0001 1.0000 1.0000 0.0739 0.0048 0.0003 1.0000 1.0000 0.1667 0.0108 0.0007 0.0000 1.0000 0.3886 0.0254 0.0017 0.0001 1.0000 0.9518 0.0630 0.0042 0.0003 1.0000 1.0000 0.1642 0.0110 0.0007 0.0000 1.0000 0.4389 0.0294 0.0020 0.0001
0.0020 0.0306 0.4568 1.0000 0.0001 0.0008 0.0114 0.1702 1.0000 1.0000 0.0003 0.0043 0.0645 0.9719 1.0000 0.0001 0.0017 0.0255 0.3886 1.0000 0.0000 0.0007 0.0106 0.1636 1.0000 1.0000 0.0003 0.0046 0.0717 1.0000 1.0000 0.0001 0.0021 0.0321 0.4985 1.0000 0.0001 0.0009 0.0145 0.2256 1.0000 1.0000 0.0004 0.0066 0.1025 1.0000 1.0000 0.0002 0.0028 0.0363 0.2020 0.0363 0.0028 0.0002 1.0000 1.0000 0.1025 0.0066 0.0004 1.0000 1.0000 0.2256 0.0145 0.0009 0.0001 1.0000 0.4985 0.0321 0.0021 0.0001 1.0000 1.0000 0.0717 0.0046 0.0003 1.0000 1.0000 0.1636 0.0106 0.0007 0.0000 1.0000 0.3886 0.0255 0.0017 0.0001 1.0000 0.9719 0.0645 0.0043 0.0003 1.0000 1.0000 0.1702 0.0114 0.0008 0.0001 1.0000 0.4568 0.0306 0.0020
0.0309 0.4754 1.0000 0.0001 0.0008 0.0119 0.1772 1.0000 1.0000 0.0003 0.0044 0.0665 1.0000 1.0000 0.0001 0.0017 0.0259 0.3916 1.0000 0.0000 0.0007 0.0106 0.1617 1.0000 1.0000 0.0003 0.0045 0.0698 1.0000 1.0000 0.0001 0.0020 0.0310 0.4809 1.0000 0.0001 0.0009 0.0140 0.2172 1.0000 1.0000 0.0004 0.0063 0.0984 1.0000 1.0000 0.0002 0.0028 0.0419 0.5421 1.0000 0.5421 0.0419 0.0028 0.0002 1.0000 1.0000 0.0984 0.0063 0.0004 1.0000 1.0000 0.2172 0.0140 0.0009 0.0001 1.0000 0.4809 0.0310 0.0020 0.0001 1.0000 1.0000 0.0698 0.0045 0.0003 1.0000 1.0000 0.1617 0.0106 0.0007 0.0000 1.0000 0.3916 0.0259 0.0017 0.0001 1.0000 1.0000 0.0665 0.0044 0.0003 1.0000 1.0000 0.1772 0.0119 0.0008 0.0001 1.0000 0.4754 0.0309
0.4809 1.0000 0.0001 0.0008 0.0123 0.1844 1.0000 1.0000 0.0003 0.0046 0.0690 1.0000 1.0000 0.0001 0.0017 0.0264 0.3983 1.0000 0.0000 0.0007 0.0106 0.1608 1.0000 1.0000 0.0003 0.0044 0.0683 1.0000 1.0000 0.0001 0.0019 0.0300 0.4656 1.0000 0.0001 0.0009 0.0135 0.2090 1.0000 1.0000 0.0004 0.0061 0.0948 1.0000 1.0000 0.0002 0.0028 0.0423 0.6264 1.0000 1.0000 1.0000 0.6264 0.0423 0.0028 0.0002 1.0000 1.0000 0.0948 0.0061 0.0004 1.0000 1.0000 0.2090 0.0135 0.0009 0.0001 1.0000 0.4656 0.0300 0.0019 0.0001 1.0000 1.0000 0.0683 0.0044 0.0003 1.0000 1.0000 0.1608 0.0106 0.0007 0.0000 1.0000 0.3983 0.0264 0.0017 0.0001 1.0000 1.0000 0.0690 0.0046 0.0003 1.0000 1.0000 0.1844 0.0123 0.0008 0.0001 1.0000 0.4809
1.0000 0.0001 0.0009 0.0128 0.1919 1.0000 1.0000 0.0003 0.0048 0.0715 1.0000 1.0000 0.0001 0.0018 0.0271 0.4075 1.0000 0.0000 0.0007 0.0106 0.1617 1.0000 1.0000 0.0003 0.0044 0.0673 1.0000 1.0000 0.0001 0.0019 0.0292 0.4516 1.0000 0.0001 0.0008 0.0130 0.2020 1.0000 1.0000 0.0004 0.0059 0.0912 1.0000 1.0000 0.0002 0.0027 0.0412 0.6311 1.0000 0.0001 0.0003 0.0001 1.0000 0.6311 0.0412 0.0027 0.0002 1.0000 1.0000 0.0912 0.0059 0.0004 1.0000 1.0000 0.2020 0.0130 0.0008 0.0001 1.0000 0.4516 0.0292 0.0019 0.0001 1.0000 1.0000 0.0673 0.0044 0.0003 1.0000 1.0000 0.1617 0.0106 0.0007 0.0000 1.0000 0.4075 0.0271 0.0018 0.0001 1.0000 1.0000 0.0715 0.0048 0.0003 1.0000 1.0000 0.1919 0.0128 0.0009 0.0001 1.0000
0.0001 0.0009 0.0134 0.1997 1.0000 1.0000 0.0003 0.0050 0.0744 1.0000 1.0000 0.0001 0.0019 0.0280 0.4193 1.0000 0.0000 0.0007 0.0108 0.1636 1.0000 1.0000 0.0003 0.0044 0.0668 1.0000 1.0000 0.0001 0.0019 0.0285 0.4406 1.0000 0.0001 0.0008 0.0126 0.1952 1.0000 1.0000 0.0004 0.0057 0.0878 1.0000 1.0000 0.0002 0.0026 0.0397 0.6157 1.0000 0.0001 0.0009 0.0050 0.0009 0.0001 1.0000 0.6157 0.0397 0.0026 0.0002 1.0000 1.0000 0.0878 0.0057 0.0004 1.0000 1.0000 0.1952 0.0126 0.0008 0.0001 1.0000 0.4406 0.0285 0.0019 0.0001 1.0000 1.0000 0.0668 0.0044 0.0003 1.0000 1.0000 0.1636 0.0108 0.0007 0.0000 1.0000 0.4193 0.0280 0.0019 0.0001 1.0000 1.0000 0.0744 0.0050 0.0003 1.0000 1.0000 0.1997 0.0134 0.0009 0.0001
0.0009 0.0139 0.2079 1.0000 1.0000 0.0003 0.0052 0.0775 1.0000 1.0000 0.0001 0.0019 0.0290 0.4339 1.0000 0.0000 0.0007 0.0110 0.1667 1.0000 1.0000 0.0003 0.0044 0.0668 1.0000 1.0000 0.0001 0.0018 0.0281 0.4315 1.0000 0.0001 0.0008 0.0122 0.1894 1.0000 1.0000 0.0004 0.0055 0.0847 1.0000 1.0000 0.0002 0.0025 0.0383 0.5939 1.0000 0.0001 0.0010 0.0135 0.0753 0.0135 0.0010 0.0001 1.0000 0.5939 0.0383 0.0025 0.0002 1.0000 1.0000 0.0847 0.0055 0.0004 1.0000 1.0000 0.1894 0.0122 0.0008 0.0001 1.0000 0.4315 0.0281 0.0018 0.0001 1.0000 1.0000 0.0668 0.0044 0.0003 1.0000 1.0000 0.1667 0.0110 0.0007 0.0000 1.0000 0.4339 0.0290 0.0019 0.0001 1.0000 1.0000 0.0775 0.0052 0.0003 1.0000 1.0000 0.2079 0.0139 0.0009
0.0141 0.2167 1.0000 1.0000 0.0004 0.0054 0.0806 1.0000 1.0000 0.0001 0.0020 0.0300 0.4499 1.0000 0.0001 0.0008 0.0114 0.1709 1.0000 1.0000 0.0003 0.0044 0.0673 1.0000 1.0000 0.0001 0.0018 0.0278 0.4257 1.0000 0.0001 0.0008 0.0119 0.1844 1.0000 1.0000 0.0003 0.0053 0.0819 1.0000 1.0000 0.0002 0.0024 0.0368 0.5717 1.0000 0.0001 0.0011 0.0156 0.2020 1.0000 0.2020 0.0156 0.0011 0.0001 1.0000 0.5717 0.0368 0.0024 0.0002 1.0000 1.0000 0.0819 0.0053 0.0003 1.0000 1.0000 0.1844 0.0119 0.0008 0.0001 1.0000 0.4257 0.0278 0.0018 0.0001 1.0000 1.0000 0.0673 0.0044 0.0003 1.0000 1.0000 0.1709 0.0114 0.0008 0.0001 1.0000 0.4499 0.0300 0.0020 0.0001 1.0000 1.0000 0.0806 0.0054 0.0004 1.0000 1.0000 0.2167 0.0141
0.2188 1.0000 1.0000 0.0004 0.0056 0.0839 1.0000 1.0000 0.0001 0.0021 0.0313 0.4673 1.0000 0.0001 0.0008 0.0117 0.1762 1.0000 1.0000 0.0003 0.0045 0.0683 1.0000 1.0000 0.0001 0.0018 0.0277 0.4225 1.0000 0.0000 0.0008 0.0117 0.1802 1.0000 1.0000 0.0003 0.0051 0.0793 1.0000 1.0000 0.0001 0.0023 0.0355 0.5514 1.0000 0.0001 0.0010 0.0158 0.2339 1.0000 1.0000 1.0000 0.2339 0.0158 0.0010 0.0001 1.0000 0.5514 0.0355 0.0023 0.0001 1.0000 1.0000 0.0793 0.0051 0.0003 1.0000 1.0000 0.1802 0.0117 0.0008 0.0000 1.0000 0.4225 0.0277 0.0018 0.0001 1.0000 1.0000 0.0683 0.0045 0.0003 1.0000 1.0000 0.1762 0.0117 0.0008 0.0001 1.0000 0.4673 0.0313 0.0021 0.0001 1.0000 1.0000 0.0839 0.0056 0.0004 1.0000 1.0000 0.2188
1.0000 1.0000 0.0004 0.0059 0.0873 1.0000 1.0000 0.0001 0.0022 0.0325 0.4854 1.0000 0.0001 0.0008 0.0122 0.1820 1.0000 1.0000 0.0003 0.0046 0.0698 1.0000 1.0000 0.0001 0.0018 0.0278 0.4225 1.0000 0.0000 0.0008 0.0116 0.1775 1.0000 1.0000 0.0003 0.0050 0.0772 1.0000 1.0000 0.0001 0.0022 0.0343 0.5329 1.0000 0.0001 0.0010 0.0154 0.2361 1.0000 1.0000 0.0001 1.0000 1.0000 0.2361 0.0154 0.0010 0.0001 1.0000 0.5329 0.0343 0.0022 0.0001 1.0000 1.0000 0.0772 0.0050 0.0003 1.0000 1.0000 0.1775 0.0116 0.0008 0.0000 1.0000 0.4225 0.0278 0.0018 0.0001 1.0000 1.0000 0.0698 0.0046 0.0003 1.0000 1.0000 0.1820 0.0122 0.0008 0.0001 1.0000 0.4854 0.0325 0.0022 0.0001 1.0000 1.0000 0.0873 0.0059 0.0004 1.0000 1.0000
1.0000 0.0004 0.0061 0.0911 1.0000 1.0000 0.0002 0.0023 0.0339 0.5052 1.0000 0.0001 0.0008 0.0126 0.1890 1.0000 1.0000 0.0003 0.0048 0.0717 1.0000 1.0000 0.0001 0.0019 0.0281 0.4257 1.0000 0.0000 0.0008 0.0115 0.1755 1.0000 1.0000 0.0003 0.0049 0.0753 1.0000 1.0000 0.0001 0.0021 0.0332 0.5149 1.0000 0.0001 0.0010 0.0149 0.2303 1.0000 1.0000 0.0003 0.0019 0.0003 1.0000 1.0000 0.2303 0.0149 0.0010 0.0001 1.0000 0.5149 0.0332 0.0021 0.0001 1.0000 1.0000 0.0753 0.0049 0.0003 1.0000 1.0000 0.1755 0.0115 0.0008 0.0000 1.0000 0.4257 0.0281 0.0019 0.0001 1.0000 1.0000 0.0717 0.0048 0.0003 1.0000 1.0000 0.1890 0.0126 0.0008 0.0001 1.0000 0.5052 0.0339 0.0023 0.0002 1.0000 1.0000 0.0911 0.0061 0.0004 1.0000
0.0004 0.0063 0.0948 1.0000 1.0000 0.0002 0.0024 0.0353 0.5268 1.0000 0.0001 0.0009 0.0131 0.1963 1.0000 1.0000 0.0003 0.0049 0.0739 1.0000 1.0000 0.0001 0.0019 0.0285 0.4315 1.0000 0.0000 0.0008 0.0115 0.1748 1.0000 1.0000 0.0003 0.0048 0.0740 1.0000 1.0000 0.0001 0.0021 0.0323 0.4995 1.0000 0.0001 0.0009 0.0144 0.2230 1.0000 1.0000 0.0004 0.0051 0.0282 0.0051 0.0004 1.0000 1.0000 0.2230 0.0144 0.0009 0.0001 1.0000 0.4995 0.0323 0.0021 0.0001 1.0000 1.0000 0.0740 0.0048 0.0003 1.0000 1.0000 0.1748 0.0115 0.0008 0.0000 1.0000 0.4315 0.0285 0.0019 0.0001 1.0000 1.0000 0.0739 0.0049 0.0003 1.0000 1.0000 0.1963 0.0131 0.0009 0.0001 1.0000 0.5268 0.0353 0.0024 0.0002 1.0000 1.0000 0.0948 0.0063 0.0004
0.0064 0.0986 1.0000 1.0000 0.0002 0.0025 0.0367 0.5483 1.0000 0.0001 0.0009 0.0136 0.2039 1.0000 1.0000 0.0003 0.0051 0.0764 1.0000 1.0000 0.0001 0.0019 0.0292 0.4406 1.0000 0.0001 0.0008 0.0116 0.1755 1.0000 1.0000 0.0003 0.0048 0.0730 1.0000 1.0000 0.0001 0.0020 0.0315 0.4864 1.0000 0.0001 0.0009 0.0139 0.2159 1.0000 1.0000 0.0004 0.0059 0.0756 0.4209 0.0756 0.0059 0.0004 1.0000 1.0000 0.2159 0.0139 0.0009 0.0001 1.0000 0.4864 0.0315 0.0020 0.0001 1.0000 1.0000 0.0730 0.0048 0.0003 1.0000 1.0000 0.1755 0.0116 0.0008 0.0001 1.0000 0.4406 0.0292 0.0019 0.0001 1.0000 1.0000 0.0764 0.0051 0.0003 1.0000 1.0000 0.2039 0.0136 0.0009 0.0001 1.0000 0.5483 0.0367 0.0025 0.0002 1.0000 1.0000 0.0986 0.0064
0.0998 1.0000 1.0000 0.0002 0.0026 0.0383 0.5706 1.0000 0.0001 0.0010 0.0142 0.2123 1.0000 1.0000 0.0004 0.0053 0.0793 1.0000 1.0000 0.0001 0.0020 0.0300 0.4516 1.0000 0.0001 0.0008 0.0117 0.1775 1.0000 1.0000 0.0003 0.0047 0.0726 1.0000 1.0000 0.0001 0.0020 0.0309 0.4754 1.0000 0.0001 0.0009 0.0135 0.2090 1.0000 1.0000 0.0004 0.0059 0.0877 1.0000 1.0000 1.0000 0.0877 0.0059 0.0004 1.0000 1.0000 0.2090 0.0135 0.0009 0.0001 1.0000 0.4754 0.0309 0.0020 0.0001 1.0000 1.0000 0.0726 0.0047 0.0003 1.0000 1.0000 0.1775 0.0117 0.0008 0.0001 1.0000 0.4516 0.0300 0.0020 0.0001 1.0000 1.0000 0.0793 0.0053 0.0004 1.0000 1.0000 0.2123 0.0142 0.0010 0.0001 1.0000 0.5706 0.0383 0.0026 0.0002 1.0000 1.0000 0.0998
1.0000 1.0000 0.0002 0.0027 0.0398 0.5939 1.0000 0.0001 0.0010 0.0148 0.2209 1.0000 1.0000 0.0004 0.0055 0.0823 1.0000 1.0000 0.0001 0.0021 0.0310 0.4656 1.0000 0.0001 0.0008 0.0119 0.1802 1.0000 1.0000 0.0003 0.0048 0.0726 1.0000 1.0000 0.0001 0.0020 0.0304 0.4673 1.0000 0.0001 0.0009 0.0132 0.2036 1.0000 1.0000 0.0004 0.0058 0.0888 1.0000 1.0000 0.0000 1.0000 1.0000 0.0888 0.0058 0.0004 1.0000 1.0000 0.2036 0.0132 0.0009 0.0001 1.0000 0.4673 0.0304 0.0020 0.0001 1.0000 1.0000 0.0726 0.0048 0.0003 1.0000 1.0000 0.1802 0.0119 0.0008 0.0001 1.0000 0.4656 0.0310 0.0021 0.0001 1.0000 1.0000 0.0823 0.0055 0.0004 1.0000 1.0000 0.2209 0.0148 0.0010 0.0001 1.0000 0.5939 0.0398 0.0027 0.0002 1.0000 1.0000
1.0000 0.0002 0.0028 0.0414 0.6192 1.0000 0.0001 0.0010 0.0154 0.2303 1.0000 1.0000 0.0004 0.0057 0.0857 1.0000 1.0000 0.0001 0.0021 0.0321 0.4809 1.0000 0.0001 0.0008 0.0122 0.1844 1.0000 1.0000 0.0003 0.0048 0.0730 1.0000 1.0000 0.0001 0.0020 0.0301 0.4611 1.0000 0.0001 0.0008 0.0129 0.1986 1.0000 1.0000 0.0004 0.0057 0.0872 1.0000 1.0000 0.0001 0.0007 0.0001 1.0000 1.0000 0.0872 0.0057 0.0004 1.0000 1.0000 0.1986 0.0129 0.0008 0.0001 1.0000 0.4611 0.0301 0.0020 0.0001 1.0000 1.0000 0.0730 0.0048 0.0003 1.0000 1.0000 0.1844 0.0122 0.0008 0.0001 1.0000 0.4809 0.0321 0.0021 0.0001 1.0000 1.0000 0.0857 0.0057 0.0004 1.0000 1.0000 0.2303 0.0154 0.0010 0.0001 1.0000 0.6192 0.0414 0.0028 0.0002 1.0000
0.0002 0.0029 0.0431 0.6445 1.0000 0.0001 0.0011 0.0160 0.2397 1.0000 1.0000 0.0004 0.0060 0.0892 1.0000 1.0000 0.0001 0.0022 0.0333 0.4985 1.0000 0.0001 0.0008 0.0126 0.1894 1.0000 1.0000 0.0003 0.0049 0.0740 1.0000 1.0000 0.0001 0.0020 0.0300 0.4585 1.0000 0.0001 0.0008 0.0127 0.1948 1.0000 1.0000 0.0004 0.0055 0.0850 1.0000 1.0000 0.0001 0.0019 0.0106 0.0019 0.0001 1.0000 1.0000 0.0850 0.0055 0.0004 1.0000 1.0000 0.1948 0.0127 0.0008 0.0001 1.0000 0.4585 0.0300 0.0020 0.0001 1.0000 1.0000 0.0740 0.0049 0.0003 1.0000 1.0000 0.1894 0.0126 0.0008 0.0001 1.0000 0.4985 0.0333 0.0022 0.0001 1.0000 1.0000 0.0892 0.0060 0.0004 1.0000 1.0000 0.2397 0.0160 0.0011 0.0001 1.0000 0.6445 0.0431 0.0029 0.0002
0.0029 0.0450 0.6707 1.0000 0.0001 0.0011 0.0167 0.2495 1.0000 1.0000 0.0004 0.0062 0.0928 1.0000 1.0000 0.0002 0.0023 0.0346 0.5179 1.0000 0.0001 0.0009 0.0130 0.1952 1.0000 1.0000 0.0003 0.0050 0.0753 1.0000 1.0000 0.0001 0.0020 0.0301 0.4585 1.0000 0.0001 0.0008 0.0125 0.1919 1.0000 1.0000 0.0003 0.0054 0.0830 1.0000 1.0000 0.0002 0.0022 0.0286 0.1593 0.0286 0.0022 0.0002 1.0000 1.0000 0.0830 0.0054 0.0003 1.0000 1.0000 0.1919 0.0125 0.0008 0.0001 1.0000 0.4585 0.0301 0.0020 0.0001 1.0000 1.0000 0.0753 0.0050 0.0003 1.0000 1.0000 0.1952 0.0130 0.0009 0.0001 1.0000 0.5179 0.0346 0.0023 0.0002 1.0000 1.0000 0.0928 0.0062 0.0004 1.0000 1.0000 0.2495 0.0167 0.0011 0.0001 1.0000 0.6707 0.0450 0.0029
0.0454 0.6994 1.0000 0.0001 0.0012 0.0174 0.2602 1.0000 1.0000 0.0004 0.0065 0.0968 1.0000 1.0000 0.0002 0.0024 0.0360 0.5380 1.0000 0.0001 0.0009 0.0135 0.2020 1.0000 1.0000 0.0003 0.0051 0.0772 1.0000 1.0000 0.0001 0.0020 0.0304 0.4611 1.0000 0.0001 0.0008 0.0124 0.1904 1.0000 1.0000 0.0003 0.0053 0.0812 1.0000 1.0000 0.0001 0.0023 0.0334 0.4298 1.0000 0.4298 0.0334 0.0023 0.0001 1.0000 1.0000 0.0812 0.0053 0.0003 1.0000 1.0000 0.1904 0.0124 0.0008 0.0001 1.0000 0.4611 0.0304 0.0020 0.0001 1.0000 1.0000 0.0772 0.0051 0.0003 1.0000 1.0000 0.2020 0.0135 0.0009 0.0001 1.0000 0.5380 0.0360 0.0024 0.0002 1.0000 1.0000 0.0968 0.0065 0.0004 1.0000 1.0000 0.2602 0.0174 0.0012 0.0001 1.0000 0.6994 0.0454
0.7061 1.0000 0.0001 0.0012 0.0181 0.2708 1.0000 1.0000 0.0005 0.0067 0.1007 1.0000 1.0000 0.0002 0.0025 0.0375 0.5588 1.0000 0.0001 0.0009 0.0140 0.2090 1.0000 1.0000 0.0004 0.0053 0.0793 1.0000 1.0000 0.0001 0.0020 0.0309 0.4673 1.0000 0.0001 0.0008 0.0124 0.1897 1.0000 1.0000 0.0003 0.0052 0.0799 1.0000 1.0000 0.0001 0.0022 0.0341 0.5024 1.0000 1.0000 1.0000 0.5024 0.0341 0.0022 0.0001 1.0000 1.0000 0.0799 0.0052 0.0003 1.0000 1.0000 0.1897 0.0124 0.0008 0.0001 1.0000 0.4673 0.0309 0.0020 0.0001 1.0000 1.0000 0.0793 0.0053 0.0004 1.0000 1.0000 0.2090 0.0140 0.0009 0.0001 1.0000 0.5588 0.0375 0.0025 0.0002 1.0000 1.0000 0.1007 0.0067 0.0005 1.0000 1.0000 0.2708 0.0181 0.0012 0.0001 1.0000 0.7061
1.0000 0.0001 0.0013 0.0189 0.2818 1.0000 1.0000 0.0005 0.0070 0.1048 1.0000 1.0000 0.0002 0.0026 0.0390 0.5816 1.0000 0.0001 0.0010 0.0145 0.2172 1.0000 1.0000 0.0004 0.0055 0.0819 1.0000 1.0000 0.0001 0.0021 0.0315 0.4754 1.0000 0.0001 0.0008 0.0125 0.1904 1.0000 1.0000 0.0003 0.0052 0.0790 1.0000 1.0000 0.0001 0.0022 0.0337 0.5139 1.0000 0.0000 0.0003 0.0000 1.0000 0.5139 0.0337 0.0022 0.0001 1.0000 1.0000 0.0790 0.0052 0.0003 1.0000 1.0000 0.1904 0.0125 0.0008 0.0001 1.0000 0.4754 0.0315 0.0021 0.0001 1.0000 1.0000 0.0819 0.0055 0.0004 1.0000 1.0000 0.2172 0.0145 0.0010 0.0001 1.0000 0.5816 0.0390 0.0026 0.0002 1.0000 1.0000 0.1048 0.0070 0.0005 1.0000 1.0000 0.2818 0.0189 0.0013 0.0001 1.0000
0.0001 0.0013 0.0196 0.2933 1.0000 1.0000 0.0005 0.0073 0.1091 1.0000 1.0000 0.0002 0.0027 0.0406 0.6053 1.0000 0.0001 0.0010 0.0151 0.2256 1.0000 1.0000 0.0004 0.0057 0.0847 1.0000 1.0000 0.0001 0.0021 0.0323 0.4864 1.0000 0.0001 0.0008 0.0127 0.1919 1.0000 1.0000 0.0003 0.0051 0.0785 1.0000 1.0000 0.0001 0.0022 0.0332 0.5091 1.0000 0.0001 0.0007 0.0041 0.0007 0.0001 1.0000 0.5091 0.0332 0.0022 0.0001 1.0000 1.0000 0.0785 0.0051 0.0003 1.0000 1.0000 0.1919 0.0127 0.0008 0.0001 1.0000 0.4864 0.0323 0.0021 0.0001 1.0000 1.0000 0.0847 0.0057 0.0004 1.0000 1.0000 0.2256 0.0151 0.0010 0.0001 1.0000 0.6053 0.0406 0.0027 0.0002 1.0000 1.0000 0.1091 0.0073 0.0005 1.0000 1.0000 0.2933 0.0196 0.0013 0.0001
0.0013 0.0204 0.3052 1.0000 0.0000 0.0005 0.0076 0.1135 1.0000 1.0000 0.0002 0.0028 0.0422 0.6299 1.0000 0.0001 0.0011 0.0157 0.2348 1.0000 1.0000 0.0004 0.0059 0.0878 1.0000 1.0000 0.0001 0.0022 0.0332 0.4995 1.0000 0.0001 0.0009 0.0129 0.1948 1.0000 1.0000 0.0003 0.0052 0.0785 1.0000 1.0000 0.0001 0.0021 0.0328 0.5033 1.0000 0.0001 0.0009 0.0110 0.0613 0.0110 0.0009 0.0001 1.0000 0.5033 0.0328 0.0021 0.0001 1.0000 1.0000 0.0785 0.0052 0.0003 1.0000 1.0000 0.1948 0.0129 0.0009 0.0001 1.0000 0.4995 0.0332 0.0022 0.0001 1.0000 1.0000 0.0878 0.0059 0.0004 1.0000 1.0000 0.2348 0.0157 0.0011 0.0001 1.0000 0.6299 0.0422 0.0028 0.0002 1.0000 1.0000 0.1135 0.0076 0.0005 0.0000 1.0000 0.3052 0.0204 0.0013
0.0207 0.3177 1.0000 0.0000 0.0005 0.0079 0.1182 1.0000 1.0000 0.0002 0.0029 0.0440 0.6556 1.0000 0.0001 0.0011 0.0163 0.2443 1.0000 1.0000 0.0004 0.0061 0.0912 1.0000 1.0000 0.0002 0.0023 0.0343 0.5149 1.0000 0.0001 0.0009 0.0132 0.1986 1.0000 1.0000 0.0003 0.0052 0.0790 1.0000 1.0000 0.0001 0.0021 0.0325 0.4985 1.0000 0.0001 0.0009 0.0130 0.1667 0.9267 0.1667 0.0130 0.0009 0.0001 1.0000 0.4985 0.0325 0.0021 0.0001 1.0000 1.0000 0.0790 0.0052 0.0003 1.0000 1.0000 0.1986 0.0132 0.0009 0.0001 1.0000 0.5149 0.0343 0.0023 0.0002 1.0000 1.0000 0.0912 0.0061 0.0004 1.0000 1.0000 0.2443 0.0163 0.0011 0.0001 1.0000 0.6556 0.0440 0.0029 0.0002 1.0000 1.0000 0.1182 0.0079 0.0005 0.0000 1.0000 0.3177 0.0207
0.3207 1.0000 0.0000 0.0006 0.0082 0.1230 1.0000 1.0000 0.0002 0.0031 0.0457 0.6823 1.0000 0.0001 0.0011 0.0170 0.2538 1.0000 1.0000 0.0004 0.0063 0.0948 1.0000 1.0000 0.0002 0.0024 0.0355 0.5329 1.0000 0.0001 0.0009 0.0135 0.2036 1.0000 1.0000 0.0003 0.0053 0.0799 1.0000 1.0000 0.0001 0.0021 0.0325 0.4957 1.0000 0.0001 0.0009 0.0134 0.1967 1.0000 1.0000 1.0000 0.1967 0.0134 0.0009 0.0001 1.0000 0.4957 0.0324 0.0021 0.0001 1.0000 1.0000 0.0799 0.0053 0.0003 1.0000 1.0000 0.2036 0.0135 0.0009 0.0001 1.0000 0.5329 0.0355 0.0024 0.0002 1.0000 1.0000 0.0948 0.0063 0.0004 1.0000 1.0000 0.2538 0.0170 0.0011 0.0001 1.0000 0.6823 0.0457 0.0031 0.0002 1.0000 1.0000 0.1230 0.0082 0.0006 0.0000 1.0000 0.3207
1.0000 0.0000 0.0006 0.0086 0.1280 1.0000 1.0000 0.0002 0.0032 0.0476 0.7101 1.0000 0.0001 0.0012 0.0177 0.2641 1.0000 1.0000 0.0004 0.0066 0.0984 1.0000 1.0000 0.0002 0.0025 0.0368 0.5514 1.0000 0.0001 0.0009 0.0139 0.2090 1.0000 1.0000 0.0004 0.0054 0.0812 1.0000 1.0000 0.0001 0.0021 0.0325 0.4957 1.0000 0.0001 0.0009 0.0135 0.2043 1.0000 1.0000 0.0001 1.0000 1.0000 0.2055 0.0134 0.0009 0.0001 1.0000 0.4938 0.0325 0.0021 0.0001 1.0000 1.0000 0.0812 0.0054 0.0004 1.0000 1.0000 0.2090 0.0139 0.0009 0.0001 1.0000 0.5514 0.0368 0.0025 0.0002 1.0000 1.0000 0.0984 0.0066 0.0004 1.0000 1.0000 0.2641 0.0177 0.0012 0.0001 1.0000 0.7101 0.0476 0.0032 0.0002 1.0000 1.0000 0.1280 0.0086 0.0006 0.0000 1.0000
0.0000 0.0006 0.0089 0.1332 1.0000 1.0000 0.0002 0.0033 0.0495 0.7391 1.0000 0.0001 0.0012 0.0184 0.2749 1.0000 1.0000 0.0005 0.0069 0.1025 1.0000 1.0000 0.0002 0.0026 0.0383 0.5717 1.0000 0.0001 0.0010 0.0144 0.2159 1.0000 1.0000 0.0004 0.0055 0.0830 1.0000 1.0000 0.0001 0.0022 0.0328 0.4985 1.0000 0.0001 0.0009 0.0135 0.2051 1.0000 1.0000 0.0003 0.0016 0.0003 1.0000 1.0000 0.2051 0.0134 0.0009 0.0001 1.0000 0.4985 0.0328 0.0022 0.0001 1.0000 1.0000 0.0830 0.0055 0.0004 1.0000 1.0000 0.2159 0.0144 0.0010 0.0001 1.0000 0.5717 0.0383 0.0026 0.0002 1.0000 1.0000 0.1025 0.0069 0.0005 1.0000 1.0000 0.2749 0.0184 0.0012 0.0001 1.0000 0.7391 0.0495 0.0033 0.0002 1.0000 1.0000 0.1332 0.0089 0.0006 0.0000
0.0006 0.0093 0.1384 1.0000 1.0000 0.0002 0.0035 0.0515 0.7692 1.0000 0.0001 0.0013 0.0191 0.2861 1.0000 1.0000 0.0005 0.0071 0.1064 1.0000 1.0000 0.0002 0.0027 0.0397 0.5939 1.0000 0.0001 0.0010 0.0149 0.2230 1.0000 1.0000 0.0004 0.0057 0.0850 1.0000 1.0000 0.0001 0.0022 0.0332 0.5033 1.0000 0.0001 0.0009 0.0136 0.2067 1.0000 1.0000 0.0003 0.0045 0.0245 0.0044 0.0003 1.0000 1.0000 0.2032 0.0133 0.0009 0.0001 1.0000 0.5033 0.0332 0.0022 0.0001 1.0000 1.0000 0.0850 0.0057 0.0004 1.0000 1.0000 0.2230 0.0149 0.0010 0.0001 1.0000 0.5939 0.0397 0.0027 0.0002 1.0000 1.0000 0.1064 0.0071 0.0005 1.0000 1.0000 0.2861 0.0191 0.0013 0.0001 1.0000 0.7692 0.0515 0.0035 0.0002 1.0000 1.0000 0.1384 0.0093 0.0006
0.0093 0.1435 1.0000 1.0000 0.0002 0.0036 0.0534 0.7975 1.0000 0.0001 0.0013 0.0198 0.2966 1.0000 0.0000 0.0005 0.0074 0.1103 1.0000 1.0000 0.0002 0.0028 0.0412 0.6157 1.0000 0.0001 0.0010 0.0154 0.2303 1.0000 1.0000 0.0004 0.0058 0.0872 1.0000 1.0000 0.0001 0.0022 0.0337 0.5091 1.0000 0.0001 0.0009 0.0134 0.2047 1.0000 1.0000 0.0004 0.0052 0.0667 0.3692 0.0657 0.0052 0.0004 1.0000 1.0000 0.2055 0.0135 0.0009 0.0001 1.0000 0.5101 0.0337 0.0022 0.0001 1.0000 1.0000 0.0872 0.0058 0.0004 1.0000 1.0000 0.2303 0.0154 0.0010 0.0001 1.0000 0.6157 0.0412 0.0028 0.0002 1.0000 1.0000 0.1103 0.0074 0.0005 0.0000 1.0000 0.2966 0.0198 0.0013 0.0001 1.0000 0.7975 0.0534 0.0036 0.0002 1.0000 1.0000 0.1435 0.0093
0.1432 1.0000 1.0000 0.0002 0.0037 0.0549 0.8190 1.0000 0.0001 0.0014 0.0204 0.3046 1.0000 0.0000 0.0005 0.0076 0.1133 1.0000 1.0000 0.0002 0.0028 0.0423 0.6323 1.0000 0.0001 0.0011 0.0158 0.2361 1.0000 1.0000 0.0004 0.0059 0.0888 1.0000 1.0000 0.0002 0.0023 0.0341 0.5139 1.0000 0.0001 0.0009 0.0134 0.2039 1.0000 1.0000 0.0004 0.0054 0.0790 1.0000 1.0000 0.9924 0.0787 0.0054 0.0004 1.0000 1.0000 0.2039 0.0134 0.0009 0.0001 1.0000 0.5139 0.0341 0.0023 0.0002 1.0000 1.0000 0.0888 0.0059 0.0004 1.0000 1.0000 0.2361 0.0158 0.0011 0.0001 1.0000 0.6311 0.0423 0.0028 0.0002 1.0000 1.0000 0.1133 0.0076 0.0005 0.0000 1.0000 0.3046 0.0204 0.0014 0.0001 1.0000 0.8190 0.0549 0.0037 0.0002 1.0000 1.0000 0.1432
1.0000 1.0000 0.0002 0.0036 0.0544 0.8128 1.0000 0.0001 0.0014 0.0202 0.3023 1.0000 0.0000 0.0005 0.0075 0.1125 1.0000 1.0000 0.0002 0.0028 0.0419 0.6264 1.0000 0.0001 0.0010 0.0156 0.2339 1.0000 1.0000 0.0004 0.0059 0.0877 1.0000 1.0000 0.0001 0.0022 0.0334 0.5024 1.0000 0.0001 0.0009 0.0130 0.1967 1.0000 1.0000 0.0003 0.0053 0.0790 1.0000 1.0000 0.0000 1.0000 1.0000 0.0784 0.0052 0.0003 1.0000 1.0000 0.1971 0.0130 0.0009 0.0001 1.0000 0.5024 0.0334 0.0022 0.0001 1.0000 1.0000 0.0877 0.0059 0.0004 1.0000 1.0000 0.2339 0.0156 0.0010 0.0001 1.0000 0.6264 0.0419 0.0028 0.0002 1.0000 1.0000 0.1125 0.0075 0.0005 0.0000 1.0000 0.3023 0.0202 0.0014 0.0001 1.0000 0.8128 0.0544 0.0036 0.0002 1.0000 1.0000
1.0000 0.0002 0.0031 0.0471 0.7034 1.0000 0.0001 0.0012 0.0175 0.2616 1.0000 1.0000 0.0004 0.0065 0.0973 1.0000 1.0000 0.0002 0.0024 0.0363 0.5421 1.0000 0.0001 0.0009 0.0135 0.2020 1.0000 1.0000 0.0003 0.0051 0.0756 1.0000 1.0000 0.0001 0.0019 0.0286 0.4298 1.0000 0.0000 0.0007 0.0110 0.1667 1.0000 1.0000 0.0003 0.0044 0.0669 0.9981 1.0000 0.0001 0.0005 0.0001 1.0000 0.9962 0.0669 0.0045 0.0003 1.0000 1.0000 0.1670 0.0110 0.0007 0.0000 1.0000 0.4298 0.0286 0.0019 0.0001 1.0000 1.0000 0.0756 0.0051 0.0003 1.0000 1.0000 0.2020 0.0135 0.0009 0.0001 1.0000 0.5421 0.0363 0.0024 0.0002 1.0000 1.0000 0.0973 0.0065 0.0004 1.0000 1.0000 0.2616 0.0175 0.0012 0.0001 1.0000 0.7034 0.0471 0.0031 0.0002 1.0000
0.0001 0.0012 0.0176 0.2621 1.0000 1.0000 0.0004 0.0065 0.0977 1.0000 1.0000 0.0002 0.0024 0.0363 0.5421 1.0000 0.0001 0.0009 0.0135 0.2020 1.0000 1.0000 0.0003 0.0050 0.0753 1.0000 1.0000 0.0001 0.0019 0.0282 0.4209 1.0000 0.0000 0.0007 0.0106 0.1593 1.0000 1.0000 0.0003 0.0041 0.0613 0.9250 1.0000 0.0001 0.0016 0.0243 0.3713 1.0000 0.0000 0.0005 0.0028 0.0005 0.0000 1.0000 0.3706 0.0244 0.0016 0.0001 1.0000 0.9250 0.0613 0.0041 0.0003 1.0000 1.0000 0.1593 0.0106 0.0007 0.0000 1.0000 0.4209 0.0282 0.0019 0.0001 1.0000 1.0000 0.0753 0.0050 0.0003 1.0000 1.0000 0.2020 0.0135 0.0009 0.0001 1.0000 0.5421 0.0363 0.0024 0.0002 1.0000 1.0000 0.0977 0.0065 0.0004 1.0000 1.0000 0.2621 0.0176 0.0012 0.0001
1.0000 0.0002 0.0031 0.0471 0.7034 1.0000 0.0001 0.0012 0.0175 0.2616 1.0000 1.0000 0.0004 0.0065 0.0973 1.0000 1.0000 0.0002 0.0024 0.0363 0.5421 1.0000 0.0001 0.0009 0.0135 0.2020 1.0000 1.0000 0.0003 0.0051 0.0756 1.0000 1.0000 0.0001 0.0019 0.0286 0.4298 1.0000 0.0000 0.0007 0.0110 0.1667 1.0000 1.0000 0.0003 0.0044 0.0665 0.9905 1.0000 0.0001 0.0005 0.0001 1.0000 1.0000 0.0667 0.0044 0.0003 1.0000 1.0000 0.1667 0.0110 0.0007 0.0000 1.0000 0.4298 0.0286 0.0019 0.0001 1.0000 1.0000 0.0756 0.0051 0.0003 1.0000 1.0000 0.2020 0.0135 0.0009 0.0001 1.0000 0.5421 0.0363 0.0024 0.0002 1.0000 1.0000 0.0973 0.0065 0.0004 1.0000 1.0000 0.2616 0.0175 0.0012 0.0001 1.0000 0.7034 0.0471 0.0031 0.0002 1.0000
1.0000 1.0000 0.0002 0.0036 0.0544 0.8128 1.0000 0.0001 0.0014 0.0202 0.3023 1.0000 0.0000 0.0005 0.0075 0.1125 1.0000 1.0000 0.0002 0.0028 0.0419 0.6264 1.0000 0.0001 0.0010 0.0156 0.2339 1.0000 1.0000 0.0004 0.0059 0.0877 1.0000 1.0000 0.0001 0.0022 0.0334 0.5024 1.0000 0.0001 0.0009 0.0130 0.1967 1.0000 1.0000 0.0003 0.0052 0.0776 1.0000 1.0000 0.0000 1.0000 1.0000 0.0782 0.0052 0.0003 1.0000 1.0000 0.1971 0.0130 0.0009 0.0001 1.0000 0.5024 0.0334 0.0022 0.0001 1.0000 1.0000 0.0877 0.0059 0.0004 1.0000 1.0000 0.2339 0.0156 0.0010 0.0001 1.0000 0.6264 0.0419 0.0028 0.0002 1.0000 1.0000 0.1125 0.0075 0.0005 0.0000 1.0000 0.3023 0.0202 0.0014 0.0001 1.0000 0.8128 0.0544 0.0036 0.0002 1.0000 1.0000
0.1432 1.0000 1.0000 0.0002 0.0037 0.0549 0.8190 1.0000 0.0001 0.0014 0.0204 0.3046 1.0000 0.0000 0.0005 0.0076 0.1133 1.0000 1.0000 0.0002 0.0028 0.0423 0.6311 1.0000 0.0001 0.0011 0.0158 0.2361 1.0000 1.0000 0.0004 0.0059 0.0888 1.0000 1.0000 0.0002 0.0023 0.0341 0.5139 1.0000 0.0001 0.0009 0.0134 0.2016 1.0000 1.0000 0.0004 0.0053 0.0779 0.9962 1.0000 0.9981 0.0788 0.0054 0.0004 1.0000 1.0000 0.2039 0.0133 0.0009 0.0001 1.0000 0.5139 0.0341 0.0023 0.0002 1.0000 1.0000 0.0888 0.0059 0.0004 1.0000 1.0000 0.2361 0.0158 0.0011 0.0001 1.0000 0.6311 0.0423 0.0028 0.0002 1.0000 1.0000 0.1133 0.0076 0.0005 0.0000 1.0000 0.3046 0.0204 0.0014 0.0001 1.0000 0.8190 0.0549 0.0037 0.0002 1.0000 1.0000 0.1432
0.0093 0.1435 1.0000 1.0000 0.0002 0.0036 0.0534 0.7975 1.0000 0.0001 0.0013 0.0198 0.2966 1.0000 0.0000 0.0005 0.0074 0.1103 1.0000 1.0000 0.0002 0.0028 0.0412 0.6157 1.0000 0.0001 0.0010 0.0154 0.2303 1.0000 1.0000 0.0004 0.0058 0.0872 1.0000 1.0000 0.0001 0.0022 0.0337 0.5091 1.0000 0.0001 0.0009 0.0134 0.2039 1.0000 1.0000 0.0004 0.0052 0.0663 0.3671 0.0665 0.0053 0.0004 1.0000 1.0000 0.2051 0.0134 0.0009 0.0001 1.0000 0.5091 0.0337 0.0022 0.0001 1.0000 1.0000 0.0872 0.0058 0.0004 1.0000 1.0000 0.2303 0.0154 0.0010 0.0001 1.0000 0.6157 0.0412 0.0028 0.0002 1.0000 1.0000 0.1103 0.0074 0.0005 0.0000 1.0000 0.2966 0.0198 0.0013 0.0001 1.0000 0.7975 0.0534 0.0036 0.0002 1.0000 1.0000 0.1435 0.0093
0.0006 0.0093 0.1384 1.0000 1.0000 0.0002 0.0035 0.0515 0.7692 1.0000 0.0001 0.0013 0.0191 0.2861 1.0000 1.0000 0.0005 0.0071 0.1064 1.0000 1.0000 0.0002 0.0027 0.0397 0.5939 1.0000 0.0001 0.0010 0.0149 0.2230 1.0000 1.0000 0.0004 0.0057 0.0850 1.0000 1.0000 0.0001 0.0022 0.0332 0.5033 1.0000 0.0001 0.0009 0.0133 0.2043 1.0000 1.0000 0.0003 0.0044 0.0243 0.0044 0.0003 1.0000 1.0000 0.2071 0.0134 0.0009 0.0001 1.0000 0.5033 0.0332 0.0022 0.0001 1.0000 1.0000 0.0850 0.0057 0.0004 1.0000 1.0000 0.2230 0.0149 0.0010 0.0001 1.0000 0.5939 0.0397 0.0027 0.0002 1.0000 1.0000 0.1064 0.0071 0.0005 1.0000 1.0000 0.2861 0.0191 0.0013 0.0001 1.0000 0.7692 0.0515 0.0035 0.0002 1.0000 1.0000 0.1384 0.0093 0.0006
