0.4290 0.4196 0.4100 0.4052 0.3994 0.3922 0.3835 0.3727 0.3586 0.3412 0.3227 0.3085 0.3019 0.3004 0.3021 0.3062 0.3125 0.3208 0.3308 0.3423 0.3548 0.3678 0.3806 0.3923 0.4023 0.4100 0.4154 0.4189 0.4210 0.4221 0.4225 0.4221 0.4209 0.4187 0.4158 0.4120 0.4073 0.4018 0.3951 0.3870 0.3770 0.3644 0.3479 0.3295 0.3129 0.3035 0.3006 0.3011 0.3044 0.3105 0.3166 0.3105 0.3044 0.3011 0.3006 0.3035 0.3129 0.3295 0.3479 0.3644 0.3770 0.3870 0.3951 0.4018 0.4073 0.4120 0.4158 0.4187 0.4209 0.4221 0.4225 0.4221 0.4210 0.4189 0.4154 0.4100 0.4023 0.3923 0.3806 0.3678 0.3548 0.3423 0.3308 0.3208 0.3125 0.3062 0.3021 0.3004 0.3019 0.3085 0.3227 0.3412 0.3586 0.3727 0.3835 0.3922 0.3994 0.4052 0.4100 0.4196 0.4290
0.4196 0.3664 0.3500 0.3318 0.3115 0.2868 0.2549 0.2189 0.1888 0.1759 0.1758 0.1849 0.1981 0.2132 0.2304 0.2497 0.2711 0.2943 0.3190 0.3444 0.3689 0.3904 0.4063 0.4156 0.4197 0.4206 0.4196 0.4172 0.4137 0.4092 0.4035 0.3965 0.3881 0.3780 0.3663 0.3528 0.3371 0.3184 0.2957 0.2662 0.2319 0.1980 0.1786 0.1748 0.1805 0.1930 0.2073 0.2237 0.2427 0.2637 0.2756 0.2637 0.2427 0.2237 0.2073 0.1930 0.1805 0.1748 0.1786 0.1980 0.2319 0.2662 0.2957 0.3184 0.3371 0.3528 0.3663 0.3780 0.3881 0.3965 0.4035 0.4092 0.4137 0.4172 0.4196 0.4206 0.4197 0.4156 0.4063 0.3904 0.3689 0.3444 0.3190 0.2943 0.2711 0.2497 0.2304 0.2132 0.1981 0.1849 0.1758 0.1759 0.1888 0.2189 0.2549 0.2868 0.3115 0.3318 0.3500 0.3664 0.4196
0.4100 0.3500 0.3176 0.2831 0.2418 0.2001 0.1788 0.1766 0.1846 0.1981 0.2134 0.2308 0.2503 0.2717 0.2951 0.3199 0.3453 0.3699 0.3912 0.4068 0.4157 0.4195 0.4201 0.4188 0.4162 0.4125 0.4080 0.4026 0.3961 0.3885 0.3794 0.3687 0.3560 0.3409 0.3230 0.3012 0.2732 0.2398 0.2051 0.1829 0.1770 0.1811 0.1932 0.2077 0.2242 0.2428 0.2635 0.2862 0.3110 0.3365 0.3506 0.3365 0.3110 0.2862 0.2635 0.2428 0.2242 0.2077 0.1932 0.1811 0.1770 0.1829 0.2051 0.2398 0.2732 0.3012 0.3230 0.3409 0.3560 0.3687 0.3794 0.3885 0.3961 0.4026 0.4080 0.4125 0.4162 0.4188 0.4201 0.4195 0.4157 0.4068 0.3912 0.3699 0.3453 0.3199 0.2951 0.2717 0.2503 0.2308 0.2134 0.1981 0.1846 0.1766 0.1788 0.2001 0.2418 0.2831 0.3176 0.3500 0.4100
0.4052 0.3318 0.2831 0.2202 0.1763 0.1748 0.1894 0.2063 0.2249 0.2450 0.2669 0.2905 0.3154 0.3409 0.3659 0.3879 0.4046 0.4146 0.4191 0.4202 0.4191 0.4167 0.4132 0.4089 0.4036 0.3973 0.3899 0.3811 0.3707 0.3583 0.3436 0.3262 0.3053 0.2785 0.2458 0.2105 0.1855 0.1772 0.1797 0.1910 0.2051 0.2212 0.2395 0.2598 0.2822 0.3063 0.3315 0.3568 0.3806 0.3994 0.4068 0.3994 0.3806 0.3568 0.3315 0.3063 0.2822 0.2598 0.2395 0.2212 0.2051 0.1910 0.1797 0.1772 0.1855 0.2105 0.2458 0.2785 0.3053 0.3262 0.3436 0.3583 0.3707 0.3811 0.3899 0.3973 0.4036 0.4089 0.4132 0.4167 0.4191 0.4202 0.4191 0.4146 0.4046 0.3879 0.3659 0.3409 0.3154 0.2905 0.2669 0.2450 0.2249 0.2063 0.1894 0.1748 0.1763 0.2202 0.2831 0.3318 0.4052
0.3994 0.3115 0.2418 0.1763 0.1789 0.2003 0.2243 0.2500 0.2771 0.3051 0.3330 0.3598 0.3836 0.4020 0.4132 0.4186 0.4202 0.4194 0.4172 0.4139 0.4097 0.4045 0.3984 0.3912 0.3827 0.3726 0.3606 0.3463 0.3294 0.3092 0.2836 0.2516 0.2163 0.1885 0.1777 0.1787 0.1887 0.2025 0.2183 0.2362 0.2562 0.2782 0.3021 0.3272 0.3526 0.3765 0.3964 0.4100 0.4173 0.4198 0.4195 0.4198 0.4173 0.4100 0.3964 0.3765 0.3526 0.3272 0.3021 0.2782 0.2562 0.2362 0.2183 0.2025 0.1887 0.1787 0.1777 0.1885 0.2163 0.2516 0.2836 0.3092 0.3294 0.3463 0.3606 0.3726 0.3827 0.3912 0.3984 0.4045 0.4097 0.4139 0.4172 0.4194 0.4202 0.4186 0.4132 0.4020 0.3836 0.3598 0.3330 0.3051 0.2771 0.2500 0.2243 0.2003 0.1789 0.1763 0.2418 0.3115 0.3994
0.3922 0.2868 0.2001 0.1748 0.2003 0.2311 0.2651 0.3009 0.3362 0.3684 0.3938 0.4099 0.4176 0.4200 0.4197 0.4177 0.4145 0.4105 0.4055 0.3995 0.3925 0.3843 0.3744 0.3628 0.3489 0.3325 0.3129 0.2885 0.2574 0.2223 0.1921 0.1785 0.1779 0.1866 0.2000 0.2155 0.2330 0.2526 0.2743 0.2979 0.3229 0.3483 0.3726 0.3934 0.4081 0.4163 0.4197 0.4200 0.4185 0.4156 0.4127 0.4156 0.4185 0.4200 0.4197 0.4163 0.4081 0.3934 0.3726 0.3483 0.3229 0.2979 0.2743 0.2526 0.2330 0.2155 0.2000 0.1866 0.1779 0.1785 0.1921 0.2223 0.2574 0.2885 0.3129 0.3325 0.3489 0.3628 0.3744 0.3843 0.3925 0.3995 0.4055 0.4105 0.4145 0.4177 0.4197 0.4200 0.4176 0.4099 0.3938 0.3684 0.3362 0.3009 0.2651 0.2311 0.2003 0.1748 0.2001 0.2868 0.3922
0.3835 0.2549 0.1788 0.1894 0.2243 0.2651 0.3094 0.3527 0.3886 0.4102 0.4186 0.4201 0.4185 0.4155 0.4115 0.4066 0.4007 0.3939 0.3858 0.3762 0.3649 0.3515 0.3355 0.3165 0.2932 0.2630 0.2285 0.1962 0.1796 0.1773 0.1845 0.1976 0.2127 0.2299 0.2491 0.2705 0.2938 0.3185 0.3440 0.3686 0.3902 0.4061 0.4153 0.4194 0.4201 0.4189 0.4163 0.4128 0.4083 0.4025 0.3976 0.4025 0.4083 0.4128 0.4163 0.4189 0.4201 0.4194 0.4153 0.4061 0.3902 0.3686 0.3440 0.3185 0.2938 0.2705 0.2491 0.2299 0.2127 0.1976 0.1845 0.1773 0.1796 0.1962 0.2285 0.2630 0.2932 0.3165 0.3355 0.3515 0.3649 0.3762 0.3858 0.3939 0.4007 0.4066 0.4115 0.4155 0.4185 0.4201 0.4186 0.4102 0.3886 0.3527 0.3094 0.2651 0.2243 0.1894 0.1788 0.2549 0.3835
0.3727 0.2189 0.1766 0.2063 0.2500 0.3009 0.3527 0.3945 0.4151 0.4200 0.4185 0.4146 0.4095 0.4034 0.3963 0.3881 0.3786 0.3674 0.3542 0.3386 0.3201 0.2976 0.2686 0.2346 0.2008 0.1812 0.1770 0.1825 0.1952 0.2100 0.2268 0.2457 0.2667 0.2897 0.3142 0.3396 0.3645 0.3869 0.4039 0.4142 0.4190 0.4202 0.4192 0.4168 0.4134 0.4091 0.4039 0.3977 0.3903 0.3810 0.3730 0.3810 0.3903 0.3977 0.4039 0.4091 0.4134 0.4168 0.4192 0.4202 0.4190 0.4142 0.4039 0.3869 0.3645 0.3396 0.3142 0.2897 0.2667 0.2457 0.2268 0.2100 0.1952 0.1825 0.1770 0.1812 0.2008 0.2346 0.2686 0.2976 0.3201 0.3386 0.3542 0.3674 0.3786 0.3881 0.3963 0.4034 0.4095 0.4146 0.4185 0.4200 0.4151 0.3945 0.3527 0.3009 0.2500 0.2063 0.1766 0.2189 0.3727
0.3586 0.1888 0.1846 0.2249 0.2771 0.3362 0.3886 0.4151 0.4200 0.4170 0.4113 0.4039 0.3952 0.3850 0.3732 0.3595 0.3437 0.3252 0.3032 0.2751 0.2413 0.2061 0.1833 0.1770 0.1809 0.1929 0.2073 0.2238 0.2423 0.2630 0.2856 0.3099 0.3353 0.3604 0.3833 0.4014 0.4129 0.4185 0.4201 0.4195 0.4173 0.4141 0.4099 0.4048 0.3988 0.3917 0.3832 0.3732 0.3613 0.3462 0.3333 0.3462 0.3613 0.3732 0.3832 0.3917 0.3988 0.4048 0.4099 0.4141 0.4173 0.4195 0.4201 0.4185 0.4129 0.4014 0.3833 0.3604 0.3353 0.3099 0.2856 0.2630 0.2423 0.2238 0.2073 0.1929 0.1809 0.1770 0.1833 0.2061 0.2413 0.2751 0.3032 0.3252 0.3437 0.3595 0.3732 0.3850 0.3952 0.4039 0.4113 0.4170 0.4200 0.4151 0.3886 0.3362 0.2771 0.2249 0.1846 0.1888 0.3586
0.3412 0.1759 0.1981 0.2450 0.3051 0.3684 0.4102 0.4200 0.4170 0.4100 0.4007 0.3892 0.3752 0.3586 0.3391 0.3164 0.2894 0.2546 0.2159 0.1870 0.1770 0.1792 0.1904 0.2046 0.2208 0.2390 0.2593 0.2817 0.3057 0.3309 0.3562 0.3797 0.3988 0.4114 0.4178 0.4201 0.4197 0.4178 0.4147 0.4107 0.4058 0.3999 0.3930 0.3847 0.3750 0.3634 0.3497 0.3335 0.3141 0.2885 0.2656 0.2885 0.3141 0.3335 0.3497 0.3634 0.3750 0.3847 0.3930 0.3999 0.4058 0.4107 0.4147 0.4178 0.4197 0.4201 0.4178 0.4114 0.3988 0.3797 0.3562 0.3309 0.3057 0.2817 0.2593 0.2390 0.2208 0.2046 0.1904 0.1792 0.1770 0.1870 0.2159 0.2546 0.2894 0.3164 0.3391 0.3586 0.3752 0.3892 0.4007 0.4100 0.4170 0.4200 0.4102 0.3684 0.3051 0.2450 0.1981 0.1759 0.3412
0.3227 0.1758 0.2134 0.2670 0.3330 0.3938 0.4186 0.4185 0.4113 0.4007 0.3870 0.3697 0.3481 0.3219 0.2903 0.2491 0.2037 0.1783 0.1761 0.1858 0.2003 0.2166 0.2349 0.2552 0.2775 0.3014 0.3266 0.3520 0.3759 0.3960 0.4097 0.4171 0.4199 0.4199 0.4182 0.4153 0.4114 0.4067 0.4010 0.3942 0.3862 0.3768 0.3655 0.3522 0.3365 0.3177 0.2946 0.2648 0.2304 0.1974 0.1819 0.1974 0.2304 0.2648 0.2946 0.3177 0.3365 0.3522 0.3655 0.3768 0.3862 0.3942 0.4010 0.4067 0.4114 0.4153 0.4182 0.4199 0.4199 0.4171 0.4097 0.3960 0.3759 0.3520 0.3266 0.3014 0.2775 0.2552 0.2349 0.2166 0.2003 0.1858 0.1761 0.1783 0.2037 0.2491 0.2903 0.3219 0.3481 0.3697 0.3870 0.4007 0.4113 0.4185 0.4186 0.3938 0.3330 0.2669 0.2134 0.1758 0.3227
0.3085 0.1849 0.2308 0.2904 0.3598 0.4099 0.4201 0.4146 0.4039 0.3892 0.3697 0.3443 0.3123 0.2716 0.2159 0.1778 0.1749 0.1889 0.2062 0.2256 0.2470 0.2701 0.2949 0.3208 0.3469 0.3716 0.3928 0.4078 0.4162 0.4197 0.4200 0.4186 0.4159 0.4122 0.4075 0.4020 0.3955 0.3877 0.3785 0.3676 0.3547 0.3394 0.3211 0.2989 0.2703 0.2365 0.2024 0.1818 0.1771 0.1821 0.1885 0.1821 0.1771 0.1818 0.2024 0.2365 0.2703 0.2989 0.3211 0.3394 0.3547 0.3676 0.3785 0.3877 0.3955 0.4020 0.4075 0.4122 0.4159 0.4186 0.4200 0.4197 0.4162 0.4078 0.3928 0.3716 0.3469 0.3208 0.2949 0.2701 0.2470 0.2256 0.2062 0.1889 0.1749 0.1778 0.2159 0.2716 0.3123 0.3443 0.3697 0.3892 0.4039 0.4146 0.4201 0.4099 0.3598 0.2905 0.2308 0.1849 0.3085
0.3019 0.1981 0.2503 0.3154 0.3836 0.4176 0.4185 0.4095 0.3952 0.3752 0.3481 0.3123 0.2647 0.2005 0.1713 0.1829 0.2028 0.2255 0.2508 0.2781 0.3068 0.3357 0.3634 0.3873 0.4048 0.4149 0.4193 0.4201 0.4189 0.4164 0.4129 0.4084 0.4030 0.3966 0.3891 0.3802 0.3696 0.3570 0.3422 0.3245 0.3031 0.2756 0.2425 0.2076 0.1840 0.1771 0.1804 0.1922 0.2068 0.2230 0.2327 0.2230 0.2068 0.1922 0.1804 0.1771 0.1840 0.2076 0.2425 0.2756 0.3031 0.3245 0.3422 0.3570 0.3696 0.3802 0.3891 0.3966 0.4030 0.4084 0.4129 0.4164 0.4189 0.4201 0.4193 0.4149 0.4048 0.3873 0.3634 0.3357 0.3068 0.2781 0.2508 0.2255 0.2028 0.1829 0.1713 0.2005 0.2647 0.3123 0.3481 0.3752 0.3952 0.4095 0.4185 0.4176 0.3836 0.3154 0.2503 0.1981 0.3019
0.3004 0.2132 0.2717 0.3409 0.4019 0.4200 0.4155 0.4034 0.3850 0.3586 0.3219 0.2716 0.2005 0.1706 0.1880 0.2120 0.2401 0.2715 0.3051 0.3391 0.3706 0.3956 0.4111 0.4182 0.4201 0.4194 0.4170 0.4136 0.4093 0.4040 0.3978 0.3905 0.3818 0.3715 0.3593 0.3449 0.3277 0.3071 0.2808 0.2485 0.2131 0.1868 0.1774 0.1792 0.1899 0.2039 0.2199 0.2380 0.2585 0.2806 0.2934 0.2806 0.2585 0.2380 0.2199 0.2039 0.1899 0.1792 0.1774 0.1868 0.2131 0.2485 0.2808 0.3071 0.3277 0.3449 0.3593 0.3715 0.3818 0.3905 0.3978 0.4040 0.4093 0.4136 0.4170 0.4194 0.4201 0.4182 0.4111 0.3956 0.3706 0.3391 0.3051 0.2715 0.2401 0.2120 0.1880 0.1706 0.2005 0.2716 0.3219 0.3586 0.3850 0.4034 0.4155 0.4200 0.4020 0.3409 0.2717 0.2132 0.3004
0.3021 0.2304 0.2951 0.3659 0.4132 0.4197 0.4115 0.3963 0.3732 0.3391 0.2903 0.2159 0.1713 0.1880 0.2153 0.2478 0.2847 0.3241 0.3624 0.3935 0.4119 0.4190 0.4200 0.4182 0.4150 0.4107 0.4055 0.3993 0.3921 0.3836 0.3735 0.3616 0.3475 0.3309 0.3109 0.2859 0.2543 0.2190 0.1901 0.1780 0.1783 0.1877 0.2014 0.2170 0.2347 0.2546 0.2765 0.3002 0.3256 0.3508 0.3642 0.3508 0.3256 0.3002 0.2765 0.2546 0.2347 0.2170 0.2014 0.1877 0.1783 0.1780 0.1901 0.2190 0.2543 0.2859 0.3109 0.3309 0.3475 0.3616 0.3735 0.3836 0.3921 0.3993 0.4055 0.4107 0.4150 0.4182 0.4200 0.4190 0.4119 0.3935 0.3624 0.3241 0.2847 0.2478 0.2153 0.1880 0.1713 0.2159 0.2903 0.3391 0.3732 0.3963 0.4115 0.4197 0.4132 0.3659 0.2951 0.2304 0.3021
0.3062 0.2497 0.3199 0.3879 0.4186 0.4177 0.4066 0.3881 0.3595 0.3164 0.2491 0.1778 0.1829 0.2120 0.2478 0.2893 0.3337 0.3754 0.4050 0.4177 0.4201 0.4181 0.4141 0.4088 0.4025 0.3952 0.3865 0.3765 0.3647 0.3508 0.3344 0.3149 0.2909 0.2601 0.2252 0.1939 0.1789 0.1776 0.1856 0.1989 0.2142 0.2316 0.2510 0.2726 0.2960 0.3209 0.3463 0.3708 0.3923 0.4073 0.4124 0.4073 0.3923 0.3708 0.3463 0.3209 0.2960 0.2726 0.2510 0.2316 0.2142 0.1989 0.1856 0.1776 0.1789 0.1939 0.2252 0.2601 0.2909 0.3149 0.3344 0.3508 0.3647 0.3765 0.3865 0.3952 0.4025 0.4088 0.4141 0.4181 0.4201 0.4177 0.4050 0.3754 0.3337 0.2893 0.2478 0.2120 0.1829 0.1778 0.2491 0.3164 0.3595 0.3881 0.4066 0.4177 0.4186 0.3879 0.3199 0.2497 0.3062
0.3125 0.2711 0.3453 0.4046 0.4202 0.4145 0.4007 0.3786 0.3437 0.2894 0.2037 0.1749 0.2028 0.2401 0.2847 0.3337 0.3795 0.4093 0.4193 0.4193 0.4155 0.4096 0.4024 0.3937 0.3834 0.3713 0.3571 0.3405 0.3211 0.2977 0.2677 0.2327 0.1988 0.1803 0.1771 0.1835 0.1965 0.2115 0.2285 0.2476 0.2688 0.2919 0.3166 0.3420 0.3668 0.3887 0.4051 0.4148 0.4193 0.4200 0.4190 0.4200 0.4193 0.4148 0.4051 0.3887 0.3668 0.3420 0.3166 0.2919 0.2688 0.2476 0.2285 0.2115 0.1965 0.1835 0.1771 0.1803 0.1988 0.2327 0.2677 0.2977 0.3211 0.3405 0.3571 0.3713 0.3834 0.3937 0.4024 0.4096 0.4155 0.4193 0.4193 0.4093 0.3795 0.3337 0.2847 0.2401 0.2028 0.1749 0.2037 0.2894 0.3437 0.3786 0.4007 0.4145 0.4202 0.4046 0.3453 0.2711 0.3125
0.3208 0.2943 0.3699 0.4146 0.4194 0.4105 0.3939 0.3674 0.3252 0.2546 0.1783 0.1889 0.2255 0.2715 0.3241 0.3754 0.4093 0.4196 0.4187 0.4135 0.4061 0.3969 0.3855 0.3716 0.3550 0.3354 0.3121 0.2837 0.2474 0.2086 0.1831 0.1766 0.1812 0.1937 0.2085 0.2253 0.2441 0.2649 0.2878 0.3123 0.3376 0.3627 0.3853 0.4028 0.4136 0.4187 0.4202 0.4193 0.4171 0.4135 0.4102 0.4135 0.4171 0.4193 0.4202 0.4187 0.4136 0.4028 0.3853 0.3627 0.3376 0.3123 0.2878 0.2649 0.2441 0.2253 0.2085 0.1937 0.1812 0.1766 0.1831 0.2086 0.2474 0.2837 0.3121 0.3354 0.3550 0.3716 0.3855 0.3969 0.4061 0.4135 0.4187 0.4196 0.4093 0.3754 0.3241 0.2715 0.2255 0.1889 0.1783 0.2546 0.3252 0.3674 0.3939 0.4105 0.4194 0.4146 0.3699 0.2943 0.3208
0.3308 0.3190 0.3912 0.4191 0.4172 0.4055 0.3858 0.3542 0.3032 0.2159 0.1761 0.2062 0.2508 0.3051 0.3623 0.4050 0.4193 0.4187 0.4129 0.4043 0.3932 0.3792 0.3617 0.3401 0.3140 0.2816 0.2391 0.1966 0.1766 0.1772 0.1886 0.2037 0.2206 0.2395 0.2604 0.2833 0.3076 0.3331 0.3585 0.3817 0.4003 0.4122 0.4182 0.4201 0.4196 0.4175 0.4144 0.4103 0.4053 0.3989 0.3935 0.3989 0.4053 0.4103 0.4144 0.4175 0.4196 0.4201 0.4182 0.4122 0.4003 0.3817 0.3585 0.3331 0.3076 0.2833 0.2604 0.2395 0.2206 0.2037 0.1886 0.1772 0.1766 0.1966 0.2391 0.2816 0.3140 0.3401 0.3617 0.3792 0.3932 0.4043 0.4129 0.4187 0.4193 0.4050 0.3624 0.3051 0.2508 0.2062 0.1761 0.2159 0.3032 0.3542 0.3858 0.4055 0.4172 0.4191 0.3912 0.3190 0.3308
0.3423 0.3444 0.4068 0.4202 0.4139 0.3995 0.3762 0.3386 0.2751 0.1870 0.1858 0.2256 0.2780 0.3390 0.3935 0.4177 0.4193 0.4135 0.4043 0.3920 0.3759 0.3551 0.3289 0.2960 0.2519 0.2002 0.1746 0.1777 0.1927 0.2102 0.2300 0.2517 0.2754 0.3007 0.3270 0.3531 0.3774 0.3973 0.4106 0.4175 0.4200 0.4198 0.4180 0.4150 0.4110 0.4062 0.4004 0.3935 0.3854 0.3751 0.3664 0.3751 0.3854 0.3935 0.4004 0.4062 0.4110 0.4150 0.4180 0.4198 0.4200 0.4175 0.4106 0.3973 0.3774 0.3531 0.3270 0.3007 0.2754 0.2517 0.2300 0.2102 0.1927 0.1777 0.1746 0.2002 0.2519 0.2960 0.3289 0.3551 0.3759 0.3920 0.4043 0.4135 0.4193 0.4177 0.3935 0.3391 0.2781 0.2256 0.1858 0.1870 0.2751 0.3386 0.3762 0.3995 0.4139 0.4202 0.4068 0.3444 0.3423
0.3548 0.3689 0.4157 0.4191 0.4097 0.3925 0.3649 0.3201 0.2413 0.1770 0.2003 0.2470 0.3067 0.3704 0.4119 0.4201 0.4155 0.4061 0.3932 0.3759 0.3528 0.3229 0.2841 0.2286 0.1807 0.1738 0.1897 0.2095 0.2322 0.2573 0.2846 0.3132 0.3419 0.3692 0.3920 0.4079 0.4164 0.4197 0.4200 0.4184 0.4156 0.4118 0.4071 0.4014 0.3948 0.3869 0.3776 0.3665 0.3534 0.3367 0.3225 0.3367 0.3534 0.3665 0.3776 0.3869 0.3948 0.4014 0.4071 0.4118 0.4156 0.4184 0.4200 0.4197 0.4164 0.4079 0.3920 0.3692 0.3419 0.3132 0.2846 0.2573 0.2322 0.2095 0.1897 0.1738 0.1807 0.2286 0.2841 0.3229 0.3528 0.3759 0.3932 0.4061 0.4155 0.4201 0.4119 0.3706 0.3068 0.2470 0.2003 0.1770 0.2413 0.3201 0.3649 0.3925 0.4097 0.4191 0.4157 0.3689 0.3548
0.3678 0.3904 0.4195 0.4167 0.4045 0.3843 0.3515 0.2976 0.2061 0.1792 0.2166 0.2701 0.3356 0.3956 0.4190 0.4181 0.4096 0.3969 0.3792 0.3551 0.3229 0.2800 0.2169 0.1739 0.1792 0.1997 0.2240 0.2518 0.2826 0.3153 0.3479 0.3775 0.4001 0.4133 0.4190 0.4201 0.4189 0.4163 0.4126 0.4080 0.4025 0.3960 0.3884 0.3793 0.3685 0.3558 0.3406 0.3227 0.3008 0.2712 0.2465 0.2712 0.3008 0.3227 0.3406 0.3558 0.3685 0.3793 0.3884 0.3960 0.4025 0.4080 0.4126 0.4163 0.4189 0.4201 0.4190 0.4133 0.4001 0.3775 0.3479 0.3153 0.2826 0.2518 0.2240 0.1997 0.1792 0.1739 0.2169 0.2800 0.3229 0.3551 0.3792 0.3969 0.4096 0.4181 0.4190 0.3956 0.3357 0.2701 0.2166 0.1792 0.2061 0.2976 0.3515 0.3843 0.4045 0.4167 0.4195 0.3904 0.3678
0.3806 0.4063 0.4201 0.4132 0.3984 0.3744 0.3355 0.2686 0.1833 0.1904 0.2349 0.2948 0.3633 0.4111 0.4200 0.4141 0.4024 0.3855 0.3617 0.3289 0.2841 0.2169 0.1724 0.1826 0.2061 0.2344 0.2670 0.3030 0.3402 0.3748 0.4009 0.4148 0.4197 0.4198 0.4176 0.4141 0.4095 0.4040 0.3976 0.3901 0.3812 0.3706 0.3582 0.3434 0.3260 0.3049 0.2780 0.2453 0.2100 0.1851 0.1770 0.1851 0.2100 0.2453 0.2780 0.3049 0.3260 0.3434 0.3582 0.3706 0.3812 0.3901 0.3976 0.4040 0.4095 0.4141 0.4176 0.4198 0.4197 0.4148 0.4009 0.3748 0.3402 0.3030 0.2670 0.2344 0.2061 0.1826 0.1724 0.2169 0.2841 0.3289 0.3617 0.3855 0.4024 0.4141 0.4200 0.4111 0.3634 0.2949 0.2349 0.1904 0.1833 0.2686 0.3355 0.3744 0.3984 0.4132 0.4201 0.4063 0.3806
0.3923 0.4156 0.4188 0.4089 0.3912 0.3628 0.3165 0.2346 0.1770 0.2046 0.2551 0.3207 0.3873 0.4182 0.4183 0.4088 0.3937 0.3716 0.3401 0.2960 0.2286 0.1739 0.1826 0.2083 0.2398 0.2765 0.3169 0.3576 0.3920 0.4123 0.4194 0.4197 0.4170 0.4128 0.4073 0.4008 0.3932 0.3843 0.3737 0.3614 0.3469 0.3297 0.3092 0.2835 0.2513 0.2159 0.1883 0.1777 0.1789 0.1890 0.1962 0.1890 0.1789 0.1777 0.1883 0.2159 0.2513 0.2835 0.3092 0.3297 0.3469 0.3614 0.3737 0.3843 0.3932 0.4008 0.4073 0.4128 0.4170 0.4197 0.4194 0.4123 0.3920 0.3576 0.3169 0.2765 0.2398 0.2083 0.1826 0.1739 0.2286 0.2960 0.3401 0.3716 0.3937 0.4088 0.4182 0.4182 0.3873 0.3208 0.2552 0.2046 0.1770 0.2346 0.3165 0.3628 0.3912 0.4089 0.4188 0.4156 0.3923
0.4023 0.4197 0.4162 0.4036 0.3827 0.3489 0.2932 0.2008 0.1809 0.2207 0.2774 0.3468 0.4048 0.4201 0.4150 0.4025 0.3834 0.3550 0.3140 0.2519 0.1807 0.1792 0.2061 0.2398 0.2797 0.3239 0.3676 0.4012 0.4169 0.4201 0.4179 0.4134 0.4073 0.3998 0.3909 0.3804 0.3679 0.3532 0.3360 0.3157 0.2910 0.2592 0.2233 0.1923 0.1783 0.1778 0.1867 0.2003 0.2160 0.2334 0.2438 0.2334 0.2160 0.2003 0.1867 0.1778 0.1783 0.1923 0.2233 0.2592 0.2910 0.3157 0.3360 0.3532 0.3679 0.3804 0.3909 0.3998 0.4073 0.4134 0.4179 0.4201 0.4169 0.4012 0.3676 0.3239 0.2797 0.2398 0.2061 0.1792 0.1807 0.2519 0.3140 0.3550 0.3834 0.4025 0.4150 0.4201 0.4048 0.3469 0.2775 0.2208 0.1809 0.2008 0.2932 0.3489 0.3827 0.4036 0.4162 0.4197 0.4023
0.4100 0.4206 0.4125 0.3973 0.3726 0.3325 0.2630 0.1812 0.1929 0.2390 0.3013 0.3716 0.4149 0.4194 0.4107 0.3952 0.3713 0.3354 0.2816 0.2002 0.1738 0.1997 0.2344 0.2765 0.3239 0.3708 0.4050 0.4185 0.4197 0.4160 0.4100 0.4021 0.3924 0.3806 0.3664 0.3494 0.3292 0.3051 0.2749 0.2374 0.2003 0.1799 0.1768 0.1840 0.1974 0.2127 0.2300 0.2493 0.2712 0.2944 0.3077 0.2944 0.2712 0.2493 0.2300 0.2127 0.1974 0.1840 0.1768 0.1799 0.2003 0.2374 0.2749 0.3051 0.3292 0.3494 0.3664 0.3806 0.3924 0.4021 0.4100 0.4160 0.4197 0.4185 0.4050 0.3708 0.3239 0.2765 0.2344 0.1997 0.1738 0.2002 0.2816 0.3354 0.3713 0.3952 0.4107 0.4194 0.4149 0.3716 0.3014 0.2390 0.1929 0.1812 0.2630 0.3325 0.3726 0.3973 0.4125 0.4206 0.4100
0.4154 0.4196 0.4080 0.3899 0.3606 0.3129 0.2285 0.1770 0.2073 0.2593 0.3266 0.3928 0.4193 0.4170 0.4055 0.3866 0.3571 0.3121 0.2392 0.1746 0.1897 0.2240 0.2670 0.3169 0.3676 0.4050 0.4189 0.4193 0.4147 0.4074 0.3980 0.3861 0.3712 0.3528 0.3305 0.3034 0.2687 0.2250 0.1884 0.1756 0.1794 0.1924 0.2078 0.2252 0.2447 0.2662 0.2895 0.3143 0.3403 0.3651 0.3776 0.3651 0.3403 0.3143 0.2895 0.2662 0.2447 0.2252 0.2078 0.1924 0.1794 0.1756 0.1884 0.2250 0.2687 0.3034 0.3305 0.3528 0.3712 0.3861 0.3980 0.4074 0.4147 0.4193 0.4189 0.4050 0.3676 0.3169 0.2670 0.2240 0.1897 0.1746 0.2391 0.3121 0.3571 0.3865 0.4055 0.4170 0.4193 0.3928 0.3266 0.2593 0.2073 0.1770 0.2285 0.3129 0.3606 0.3899 0.4080 0.4196 0.4154
0.4189 0.4172 0.4026 0.3811 0.3463 0.2885 0.1962 0.1825 0.2238 0.2817 0.3520 0.4078 0.4201 0.4136 0.3993 0.3765 0.3405 0.2838 0.1967 0.1776 0.2095 0.2518 0.3030 0.3576 0.4012 0.4185 0.4193 0.4142 0.4061 0.3953 0.3814 0.3637 0.3412 0.3132 0.2777 0.2294 0.1867 0.1739 0.1820 0.1978 0.2157 0.2357 0.2579 0.2819 0.3074 0.3338 0.3597 0.3831 0.4017 0.4129 0.4161 0.4129 0.4017 0.3831 0.3597 0.3338 0.3074 0.2819 0.2579 0.2357 0.2157 0.1978 0.1820 0.1739 0.1867 0.2294 0.2778 0.3132 0.3412 0.3637 0.3814 0.3953 0.4061 0.4142 0.4193 0.4185 0.4012 0.3576 0.3030 0.2518 0.2095 0.1777 0.1966 0.2837 0.3405 0.3765 0.3993 0.4136 0.4201 0.4078 0.3520 0.2817 0.2238 0.1825 0.1962 0.2885 0.3463 0.3811 0.4026 0.4172 0.4189
0.4210 0.4137 0.3961 0.3707 0.3294 0.2574 0.1796 0.1952 0.2423 0.3057 0.3759 0.4162 0.4189 0.4093 0.3921 0.3647 0.3211 0.2475 0.1766 0.1927 0.2322 0.2826 0.3402 0.3920 0.4169 0.4197 0.4147 0.4061 0.3944 0.3790 0.3588 0.3328 0.2995 0.2542 0.1989 0.1730 0.1799 0.1974 0.2176 0.2405 0.2658 0.2930 0.3213 0.3496 0.3758 0.3970 0.4107 0.4177 0.4201 0.4196 0.4180 0.4196 0.4201 0.4177 0.4107 0.3970 0.3758 0.3496 0.3213 0.2930 0.2658 0.2405 0.2176 0.1974 0.1799 0.1730 0.1989 0.2543 0.2995 0.3328 0.3588 0.3790 0.3944 0.4061 0.4147 0.4197 0.4169 0.3920 0.3402 0.2826 0.2322 0.1927 0.1766 0.2474 0.3211 0.3647 0.3921 0.4093 0.4189 0.4162 0.3759 0.3057 0.2423 0.1952 0.1796 0.2574 0.3294 0.3707 0.3961 0.4137 0.4210
0.4221 0.4092 0.3885 0.3583 0.3092 0.2223 0.1773 0.2100 0.2630 0.3309 0.3960 0.4197 0.4164 0.4040 0.3836 0.3508 0.2977 0.2086 0.1772 0.2102 0.2573 0.3153 0.3748 0.4123 0.4201 0.4160 0.4074 0.3953 0.3790 0.3571 0.3283 0.2906 0.2361 0.1831 0.1731 0.1900 0.2115 0.2365 0.2646 0.2952 0.3270 0.3581 0.3854 0.4049 0.4155 0.4196 0.4200 0.4183 0.4154 0.4112 0.4075 0.4112 0.4154 0.4183 0.4200 0.4196 0.4155 0.4049 0.3854 0.3581 0.3270 0.2952 0.2646 0.2365 0.2115 0.1900 0.1731 0.1831 0.2361 0.2906 0.3283 0.3571 0.3790 0.3953 0.4074 0.4160 0.4201 0.4123 0.3748 0.3153 0.2573 0.2102 0.1772 0.2086 0.2977 0.3508 0.3836 0.4040 0.4164 0.4197 0.3960 0.3309 0.2630 0.2100 0.1773 0.2223 0.3092 0.3583 0.3885 0.4092 0.4221
0.4225 0.4035 0.3794 0.3436 0.2836 0.1921 0.1845 0.2268 0.2856 0.3562 0.4097 0.4200 0.4129 0.3978 0.3735 0.3344 0.2677 0.1831 0.1886 0.2300 0.2846 0.3479 0.4009 0.4194 0.4179 0.4100 0.3980 0.3814 0.3588 0.3283 0.2876 0.2268 0.1766 0.1772 0.1979 0.2231 0.2525 0.2856 0.3209 0.3560 0.3866 0.4074 0.4172 0.4201 0.4193 0.4167 0.4129 0.4082 0.4024 0.3953 0.3892 0.3953 0.4024 0.4082 0.4129 0.4167 0.4193 0.4201 0.4172 0.4074 0.3866 0.3560 0.3209 0.2856 0.2525 0.2231 0.1979 0.1772 0.1766 0.2268 0.2876 0.3283 0.3588 0.3814 0.3980 0.4100 0.4179 0.4194 0.4009 0.3479 0.2846 0.2300 0.1886 0.1831 0.2677 0.3344 0.3735 0.3978 0.4129 0.4200 0.4097 0.3562 0.2856 0.2268 0.1845 0.1921 0.2836 0.3436 0.3794 0.4035 0.4225
0.4221 0.3965 0.3687 0.3262 0.2516 0.1785 0.1976 0.2457 0.3099 0.3797 0.4171 0.4186 0.4084 0.3905 0.3616 0.3149 0.2327 0.1766 0.2037 0.2517 0.3132 0.3775 0.4148 0.4197 0.4134 0.4021 0.3861 0.3637 0.3328 0.2906 0.2268 0.1750 0.1798 0.2029 0.2312 0.2645 0.3019 0.3411 0.3776 0.4040 0.4167 0.4201 0.4190 0.4157 0.4111 0.4055 0.3987 0.3909 0.3816 0.3699 0.3599 0.3699 0.3816 0.3909 0.3987 0.4055 0.4111 0.4157 0.4190 0.4201 0.4167 0.4040 0.3776 0.3411 0.3019 0.2645 0.2312 0.2029 0.1798 0.1750 0.2268 0.2906 0.3328 0.3637 0.3861 0.4021 0.4134 0.4197 0.4148 0.3775 0.3132 0.2517 0.2037 0.1766 0.2327 0.3149 0.3616 0.3905 0.4084 0.4186 0.4171 0.3797 0.3099 0.2457 0.1976 0.1785 0.2516 0.3262 0.3687 0.3965 0.4221
0.4209 0.3881 0.3560 0.3053 0.2163 0.1779 0.2127 0.2667 0.3353 0.3988 0.4199 0.4159 0.4030 0.3818 0.3475 0.2909 0.1988 0.1812 0.2206 0.2755 0.3419 0.4001 0.4197 0.4170 0.4073 0.3924 0.3712 0.3412 0.2995 0.2361 0.1766 0.1798 0.2046 0.2354 0.2720 0.3130 0.3551 0.3914 0.4126 0.4196 0.4194 0.4161 0.4110 0.4045 0.3968 0.3876 0.3767 0.3638 0.3486 0.3296 0.3134 0.3296 0.3486 0.3638 0.3767 0.3876 0.3968 0.4045 0.4110 0.4161 0.4194 0.4196 0.4126 0.3914 0.3551 0.3130 0.2720 0.2354 0.2046 0.1798 0.1766 0.2361 0.2995 0.3412 0.3712 0.3924 0.4073 0.4170 0.4197 0.4001 0.3419 0.2754 0.2206 0.1812 0.1988 0.2909 0.3475 0.3818 0.4030 0.4159 0.4199 0.3988 0.3353 0.2667 0.2127 0.1779 0.2163 0.3053 0.3560 0.3881 0.4209
0.4187 0.3780 0.3409 0.2785 0.1885 0.1866 0.2299 0.2897 0.3604 0.4114 0.4199 0.4122 0.3966 0.3715 0.3309 0.2601 0.1803 0.1937 0.2395 0.3007 0.3691 0.4133 0.4198 0.4128 0.3998 0.3806 0.3528 0.3132 0.2543 0.1831 0.1772 0.2029 0.2354 0.2745 0.3185 0.3632 0.3990 0.4164 0.4201 0.4178 0.4129 0.4061 0.3978 0.3876 0.3752 0.3604 0.3428 0.3219 0.2968 0.2627 0.2349 0.2627 0.2968 0.3219 0.3428 0.3604 0.3752 0.3876 0.3978 0.4061 0.4129 0.4178 0.4201 0.4164 0.3990 0.3632 0.3185 0.2745 0.2354 0.2029 0.1772 0.1831 0.2543 0.3132 0.3528 0.3806 0.3998 0.4128 0.4198 0.4133 0.3692 0.3007 0.2395 0.1937 0.1803 0.2601 0.3309 0.3715 0.3966 0.4122 0.4199 0.4114 0.3604 0.2897 0.2299 0.1866 0.1885 0.2785 0.3409 0.3780 0.4187
0.4158 0.3663 0.3230 0.2458 0.1777 0.2000 0.2491 0.3142 0.3833 0.4178 0.4182 0.4075 0.3891 0.3593 0.3109 0.2252 0.1771 0.2085 0.2604 0.3269 0.3920 0.4190 0.4176 0.4073 0.3909 0.3664 0.3305 0.2778 0.1989 0.1731 0.1979 0.2312 0.2720 0.3185 0.3658 0.4023 0.4179 0.4199 0.4163 0.4101 0.4018 0.3915 0.3786 0.3627 0.3433 0.3198 0.2911 0.2533 0.2105 0.1819 0.1747 0.1819 0.2105 0.2533 0.2911 0.3198 0.3433 0.3627 0.3786 0.3915 0.4018 0.4101 0.4163 0.4199 0.4179 0.4023 0.3658 0.3185 0.2720 0.2312 0.1979 0.1731 0.1989 0.2778 0.3305 0.3664 0.3909 0.4073 0.4176 0.4190 0.3920 0.3270 0.2604 0.2085 0.1771 0.2252 0.3109 0.3593 0.3891 0.4075 0.4182 0.4178 0.3833 0.3142 0.2491 0.2000 0.1777 0.2458 0.3230 0.3663 0.4158
0.4120 0.3528 0.3012 0.2105 0.1787 0.2155 0.2705 0.3396 0.4014 0.4201 0.4153 0.4020 0.3802 0.3449 0.2859 0.1939 0.1835 0.2253 0.2832 0.3530 0.4079 0.4201 0.4141 0.4008 0.3803 0.3494 0.3034 0.2294 0.1730 0.1900 0.2231 0.2645 0.3130 0.3632 0.4023 0.4183 0.4196 0.4152 0.4081 0.3985 0.3863 0.3707 0.3512 0.3268 0.2966 0.2563 0.2079 0.1782 0.1758 0.1875 0.1959 0.1875 0.1758 0.1782 0.2079 0.2563 0.2965 0.3268 0.3511 0.3707 0.3863 0.3985 0.4081 0.4152 0.4196 0.4183 0.4023 0.3632 0.3130 0.2645 0.2231 0.1900 0.1730 0.2294 0.3034 0.3494 0.3804 0.4008 0.4141 0.4201 0.4079 0.3531 0.2833 0.2253 0.1835 0.1939 0.2859 0.3449 0.3802 0.4020 0.4153 0.4201 0.4014 0.3396 0.2705 0.2155 0.1787 0.2105 0.3012 0.3528 0.4120
0.4073 0.3371 0.2732 0.1855 0.1887 0.2330 0.2938 0.3645 0.4129 0.4197 0.4114 0.3955 0.3696 0.3277 0.2543 0.1789 0.1965 0.2441 0.3077 0.3773 0.4164 0.4189 0.4095 0.3932 0.3679 0.3293 0.2687 0.1867 0.1799 0.2115 0.2525 0.3019 0.3551 0.3990 0.4179 0.4196 0.4149 0.4070 0.3964 0.3826 0.3646 0.3415 0.3124 0.2746 0.2219 0.1808 0.1741 0.1875 0.2059 0.2265 0.2388 0.2265 0.2059 0.1875 0.1741 0.1808 0.2218 0.2744 0.3123 0.3415 0.3646 0.3826 0.3964 0.4070 0.4149 0.4196 0.4179 0.3990 0.3551 0.3019 0.2525 0.2115 0.1799 0.1867 0.2687 0.3292 0.3679 0.3932 0.4095 0.4189 0.4164 0.3774 0.3076 0.2441 0.1965 0.1789 0.2543 0.3277 0.3696 0.3955 0.4114 0.4197 0.4129 0.3645 0.2938 0.2330 0.1887 0.1855 0.2732 0.3371 0.4073
0.4018 0.3184 0.2398 0.1772 0.2025 0.2526 0.3185 0.3869 0.4185 0.4178 0.4067 0.3877 0.3570 0.3071 0.2190 0.1776 0.2115 0.2650 0.3331 0.3972 0.4197 0.4163 0.4041 0.3843 0.3533 0.3052 0.2250 0.1739 0.1974 0.2365 0.2856 0.3411 0.3914 0.4164 0.4199 0.4152 0.4070 0.3957 0.3806 0.3607 0.3347 0.3011 0.2549 0.1974 0.1721 0.1821 0.2012 0.2236 0.2497 0.2779 0.2942 0.2779 0.2496 0.2236 0.2012 0.1821 0.1721 0.1973 0.2549 0.3011 0.3348 0.3607 0.3806 0.3957 0.4070 0.4152 0.4199 0.4164 0.3914 0.3411 0.2856 0.2365 0.1974 0.1739 0.2250 0.3051 0.3532 0.3843 0.4040 0.4163 0.4197 0.3973 0.3331 0.2649 0.2115 0.1776 0.2190 0.3071 0.3570 0.3877 0.4067 0.4178 0.4185 0.3869 0.3185 0.2526 0.2025 0.1772 0.2398 0.3184 0.4018
0.3951 0.2957 0.2051 0.1797 0.2183 0.2743 0.3440 0.4039 0.4201 0.4147 0.4010 0.3785 0.3422 0.2808 0.1901 0.1856 0.2285 0.2878 0.3585 0.4106 0.4200 0.4126 0.3977 0.3738 0.3361 0.2750 0.1884 0.1820 0.2176 0.2646 0.3209 0.3776 0.4126 0.4201 0.4163 0.4081 0.3964 0.3806 0.3594 0.3312 0.2940 0.2401 0.1843 0.1728 0.1906 0.2133 0.2399 0.2702 0.3040 0.3383 0.3566 0.3384 0.3042 0.2703 0.2400 0.2133 0.1907 0.1728 0.1842 0.2401 0.2940 0.3312 0.3594 0.3806 0.3964 0.4081 0.4163 0.4201 0.4126 0.3776 0.3209 0.2646 0.2176 0.1820 0.1884 0.2749 0.3360 0.3737 0.3976 0.4126 0.4200 0.4106 0.3585 0.2878 0.2285 0.1856 0.1901 0.2808 0.3422 0.3785 0.4010 0.4147 0.4201 0.4039 0.3440 0.2743 0.2183 0.1797 0.2051 0.2957 0.3951
0.3870 0.2662 0.1829 0.1910 0.2362 0.2979 0.3686 0.4142 0.4195 0.4107 0.3942 0.3676 0.3245 0.2485 0.1780 0.1989 0.2476 0.3123 0.3817 0.4175 0.4184 0.4081 0.3901 0.3615 0.3159 0.2375 0.1756 0.1978 0.2405 0.2952 0.3560 0.4040 0.4196 0.4178 0.4101 0.3985 0.3826 0.3607 0.3312 0.2916 0.2325 0.1786 0.1761 0.1971 0.2229 0.2534 0.2880 0.3253 0.3628 0.3934 0.4050 0.3935 0.3630 0.3255 0.2881 0.2535 0.2230 0.1972 0.1761 0.1786 0.2325 0.2916 0.3312 0.3607 0.3826 0.3985 0.4101 0.4178 0.4196 0.4040 0.3560 0.2952 0.2405 0.1978 0.1756 0.2374 0.3157 0.3614 0.3901 0.4080 0.4184 0.4175 0.3817 0.3123 0.2476 0.1989 0.1780 0.2485 0.3245 0.3676 0.3942 0.4107 0.4195 0.4142 0.3686 0.2979 0.2362 0.1910 0.1829 0.2662 0.3870
0.3770 0.2319 0.1770 0.2051 0.2562 0.3229 0.3902 0.4190 0.4173 0.4058 0.3862 0.3547 0.3031 0.2131 0.1783 0.2142 0.2688 0.3376 0.4003 0.4200 0.4156 0.4025 0.3812 0.3469 0.2911 0.2004 0.1794 0.2157 0.2658 0.3270 0.3866 0.4167 0.4194 0.4129 0.4018 0.3863 0.3646 0.3348 0.2940 0.2325 0.1770 0.1782 0.2012 0.2296 0.2634 0.3017 0.3422 0.3798 0.4066 0.4178 0.4190 0.4179 0.4067 0.3799 0.3423 0.3018 0.2635 0.2297 0.2012 0.1782 0.1770 0.2325 0.2940 0.3348 0.3646 0.3863 0.4018 0.4129 0.4194 0.4167 0.3866 0.3270 0.2658 0.2157 0.1794 0.2003 0.2910 0.3469 0.3812 0.4025 0.4156 0.4200 0.4003 0.3376 0.2688 0.2142 0.1783 0.2131 0.3031 0.3547 0.3862 0.4058 0.4173 0.4190 0.3902 0.3229 0.2562 0.2051 0.1770 0.2319 0.3770
0.3644 0.1980 0.1811 0.2212 0.2782 0.3483 0.4061 0.4202 0.4141 0.3999 0.3768 0.3394 0.2756 0.1868 0.1877 0.2316 0.2919 0.3627 0.4122 0.4198 0.4118 0.3960 0.3706 0.3298 0.2594 0.1799 0.1924 0.2357 0.2930 0.3581 0.4074 0.4201 0.4161 0.4061 0.3915 0.3707 0.3415 0.3011 0.2401 0.1786 0.1782 0.2026 0.2331 0.2695 0.3109 0.3539 0.3912 0.4130 0.4199 0.4189 0.4158 0.4189 0.4199 0.4130 0.3913 0.3540 0.3110 0.2696 0.2331 0.2026 0.1782 0.1786 0.2401 0.3011 0.3415 0.3707 0.3915 0.4061 0.4161 0.4201 0.4074 0.3581 0.2930 0.2357 0.1924 0.1799 0.2592 0.3297 0.3706 0.3960 0.4118 0.4198 0.4122 0.3627 0.2919 0.2316 0.1877 0.1868 0.2756 0.3394 0.3768 0.3999 0.4141 0.4202 0.4061 0.3483 0.2782 0.2212 0.1811 0.1980 0.3644
0.3479 0.1786 0.1932 0.2395 0.3021 0.3726 0.4153 0.4192 0.4099 0.3930 0.3655 0.3211 0.2425 0.1774 0.2014 0.2510 0.3166 0.3853 0.4182 0.4180 0.4071 0.3884 0.3582 0.3093 0.2233 0.1768 0.2078 0.2579 0.3213 0.3854 0.4172 0.4190 0.4110 0.3978 0.3786 0.3511 0.3123 0.2549 0.1842 0.1761 0.2012 0.2331 0.2717 0.3156 0.3607 0.3977 0.4161 0.4201 0.4177 0.4120 0.4063 0.4120 0.4177 0.4201 0.4162 0.3978 0.3608 0.3156 0.2717 0.2331 0.2012 0.1761 0.1842 0.2549 0.3123 0.3511 0.3786 0.3978 0.4110 0.4190 0.4172 0.3854 0.3213 0.2579 0.2078 0.1768 0.2233 0.3092 0.3582 0.3884 0.4071 0.4180 0.4182 0.3853 0.3166 0.2510 0.2014 0.1774 0.2425 0.3211 0.3655 0.3930 0.4099 0.4192 0.4153 0.3726 0.3021 0.2395 0.1932 0.1786 0.3479
0.3295 0.1748 0.2077 0.2598 0.3272 0.3934 0.4194 0.4168 0.4048 0.3847 0.3522 0.2989 0.2076 0.1792 0.2170 0.2726 0.3420 0.4028 0.4201 0.4150 0.4014 0.3793 0.3434 0.2835 0.1923 0.1840 0.2252 0.2819 0.3496 0.4049 0.4201 0.4157 0.4045 0.3876 0.3627 0.3268 0.2744 0.1973 0.1728 0.1972 0.2297 0.2696 0.3156 0.3630 0.4006 0.4175 0.4199 0.4164 0.4101 0.4008 0.3923 0.4008 0.4101 0.4164 0.4199 0.4175 0.4006 0.3630 0.3156 0.2696 0.2297 0.1972 0.1728 0.1973 0.2744 0.3268 0.3627 0.3876 0.4045 0.4157 0.4201 0.4049 0.3496 0.2819 0.2252 0.1840 0.1923 0.2835 0.3434 0.3793 0.4014 0.4150 0.4201 0.4028 0.3420 0.2726 0.2170 0.1792 0.2076 0.2989 0.3522 0.3847 0.4048 0.4168 0.4194 0.3934 0.3272 0.2598 0.2077 0.1748 0.3295
0.3129 0.1805 0.2242 0.2822 0.3526 0.4081 0.4201 0.4134 0.3988 0.3750 0.3365 0.2703 0.1840 0.1899 0.2347 0.2960 0.3668 0.4136 0.4196 0.4110 0.3948 0.3685 0.3260 0.2513 0.1783 0.1974 0.2447 0.3074 0.3758 0.4155 0.4193 0.4111 0.3968 0.3752 0.3433 0.2965 0.2218 0.1721 0.1907 0.2230 0.2635 0.3110 0.3608 0.4006 0.4179 0.4198 0.4156 0.4084 0.3987 0.3851 0.3726 0.3851 0.3987 0.4084 0.4156 0.4198 0.4179 0.4006 0.3608 0.3110 0.2635 0.2230 0.1907 0.1721 0.2218 0.2965 0.3433 0.3752 0.3968 0.4111 0.4193 0.4155 0.3758 0.3074 0.2447 0.1974 0.1783 0.2513 0.3260 0.3685 0.3948 0.4110 0.4196 0.4136 0.3668 0.2960 0.2347 0.1899 0.1840 0.2703 0.3365 0.3750 0.3988 0.4134 0.4201 0.4081 0.3526 0.2822 0.2242 0.1805 0.3129
0.3035 0.1930 0.2428 0.3063 0.3765 0.4163 0.4189 0.4091 0.3917 0.3634 0.3177 0.2365 0.1771 0.2039 0.2546 0.3209 0.3887 0.4187 0.4175 0.4062 0.3869 0.3558 0.3049 0.2159 0.1778 0.2127 0.2662 0.3338 0.3970 0.4196 0.4167 0.4055 0.3876 0.3604 0.3198 0.2563 0.1808 0.1821 0.2133 0.2535 0.3018 0.3540 0.3978 0.4175 0.4198 0.4153 0.4075 0.3970 0.3832 0.3633 0.3450 0.3632 0.3831 0.3970 0.4075 0.4153 0.4198 0.4175 0.3978 0.3540 0.3018 0.2535 0.2133 0.1821 0.1808 0.2563 0.3198 0.3604 0.3876 0.4055 0.4167 0.4196 0.3970 0.3338 0.2662 0.2127 0.1778 0.2159 0.3049 0.3558 0.3869 0.4062 0.4175 0.4187 0.3887 0.3209 0.2546 0.2039 0.1771 0.2365 0.3177 0.3634 0.3917 0.4091 0.4189 0.4163 0.3765 0.3063 0.2428 0.1930 0.3035
0.3006 0.2073 0.2635 0.3315 0.3964 0.4197 0.4163 0.4039 0.3832 0.3497 0.2946 0.2024 0.1804 0.2199 0.2765 0.3463 0.4051 0.4202 0.4144 0.4004 0.3776 0.3406 0.2780 0.1883 0.1867 0.2300 0.2895 0.3597 0.4107 0.4200 0.4129 0.3987 0.3767 0.3428 0.2911 0.2079 0.1741 0.2012 0.2400 0.2881 0.3423 0.3913 0.4162 0.4199 0.4155 0.4075 0.3964 0.3815 0.3617 0.3333 0.3072 0.3332 0.3617 0.3815 0.3964 0.4075 0.4156 0.4199 0.4162 0.3913 0.3423 0.2881 0.2400 0.2012 0.1741 0.2079 0.2911 0.3428 0.3767 0.3987 0.4129 0.4200 0.4107 0.3597 0.2895 0.2300 0.1867 0.1883 0.2780 0.3406 0.3776 0.4004 0.4144 0.4202 0.4051 0.3463 0.2765 0.2199 0.1804 0.2024 0.2946 0.3497 0.3832 0.4039 0.4163 0.4197 0.3964 0.3315 0.2635 0.2073 0.3006
0.3011 0.2238 0.2862 0.3568 0.4100 0.4200 0.4128 0.3977 0.3732 0.3335 0.2648 0.1818 0.1922 0.2380 0.3002 0.3708 0.4148 0.4193 0.4103 0.3935 0.3665 0.3227 0.2453 0.1777 0.2003 0.2493 0.3143 0.3831 0.4177 0.4183 0.4082 0.3909 0.3638 0.3219 0.2533 0.1782 0.1875 0.2236 0.2703 0.3255 0.3799 0.4130 0.4201 0.4164 0.4084 0.3970 0.3815 0.3606 0.3327 0.2926 0.2554 0.2925 0.3326 0.3605 0.3815 0.3970 0.4084 0.4164 0.4201 0.4130 0.3799 0.3255 0.2703 0.2236 0.1875 0.1782 0.2533 0.3219 0.3638 0.3909 0.4082 0.4183 0.4177 0.3831 0.3143 0.2493 0.2003 0.1777 0.2453 0.3227 0.3665 0.3935 0.4103 0.4193 0.4148 0.3708 0.3002 0.2380 0.1922 0.1818 0.2648 0.3335 0.3732 0.3977 0.4128 0.4200 0.4100 0.3568 0.2862 0.2237 0.3011
0.3044 0.2427 0.3110 0.3806 0.4173 0.4185 0.4083 0.3903 0.3613 0.3141 0.2304 0.1771 0.2068 0.2585 0.3256 0.3923 0.4193 0.4171 0.4053 0.3854 0.3534 0.3008 0.2100 0.1789 0.2160 0.2712 0.3403 0.4017 0.4201 0.4154 0.4024 0.3816 0.3486 0.2968 0.2105 0.1758 0.2059 0.2496 0.3042 0.3630 0.4067 0.4199 0.4177 0.4101 0.3987 0.3831 0.3617 0.3327 0.2938 0.2347 0.1895 0.2345 0.2937 0.3326 0.3617 0.3831 0.3987 0.4101 0.4177 0.4199 0.4067 0.3630 0.3042 0.2496 0.2059 0.1758 0.2105 0.2968 0.3486 0.3816 0.4024 0.4154 0.4201 0.4017 0.3403 0.2712 0.2160 0.1789 0.2100 0.3008 0.3534 0.3854 0.4053 0.4171 0.4193 0.3923 0.3256 0.2585 0.2068 0.1771 0.2304 0.3141 0.3613 0.3903 0.4083 0.4185 0.4173 0.3806 0.3110 0.2427 0.3044
0.3106 0.2637 0.3365 0.3994 0.4198 0.4156 0.4025 0.3810 0.3462 0.2885 0.1974 0.1821 0.2230 0.2806 0.3508 0.4073 0.4200 0.4135 0.3989 0.3751 0.3367 0.2712 0.1851 0.1890 0.2334 0.2944 0.3651 0.4129 0.4196 0.4112 0.3953 0.3699 0.3296 0.2627 0.1819 0.1875 0.2265 0.2779 0.3384 0.3934 0.4179 0.4189 0.4120 0.4008 0.3851 0.3632 0.3333 0.2926 0.2346 0.1778 0.1679 0.1777 0.2345 0.2925 0.3332 0.3632 0.3851 0.4008 0.4120 0.4189 0.4179 0.3934 0.3384 0.2779 0.2265 0.1875 0.1819 0.2627 0.3296 0.3699 0.3953 0.4112 0.4196 0.4129 0.3651 0.2944 0.2334 0.1890 0.1851 0.2712 0.3367 0.3751 0.3989 0.4135 0.4200 0.4073 0.3508 0.2806 0.2230 0.1821 0.1974 0.2885 0.3462 0.3810 0.4025 0.4156 0.4198 0.3994 0.3365 0.2637 0.3105
0.3167 0.2757 0.3506 0.4068 0.4195 0.4127 0.3976 0.3730 0.3333 0.2656 0.1819 0.1885 0.2327 0.2934 0.3642 0.4124 0.4190 0.4102 0.3935 0.3664 0.3225 0.2465 0.1770 0.1962 0.2438 0.3077 0.3776 0.4161 0.4180 0.4075 0.3892 0.3599 0.3134 0.2349 0.1747 0.1959 0.2388 0.2942 0.3565 0.4050 0.4191 0.4158 0.4063 0.3923 0.3725 0.3450 0.3072 0.2553 0.1895 0.1679 0.1753 0.1679 0.1895 0.2553 0.3072 0.3450 0.3725 0.3923 0.4063 0.4158 0.4191 0.4050 0.3565 0.2942 0.2388 0.1959 0.1747 0.2349 0.3134 0.3599 0.3892 0.4075 0.4180 0.4161 0.3776 0.3077 0.2438 0.1962 0.1770 0.2465 0.3225 0.3664 0.3935 0.4102 0.4190 0.4124 0.3642 0.2934 0.2327 0.1885 0.1819 0.2656 0.3333 0.3730 0.3976 0.4127 0.4195 0.4068 0.3506 0.2756 0.3166
0.3106 0.2637 0.3365 0.3994 0.4198 0.4156 0.4025 0.3810 0.3462 0.2885 0.1974 0.1821 0.2230 0.2806 0.3508 0.4073 0.4200 0.4135 0.3989 0.3751 0.3367 0.2712 0.1851 0.1890 0.2334 0.2944 0.3651 0.4129 0.4196 0.4112 0.3953 0.3699 0.3296 0.2627 0.1819 0.1875 0.2265 0.2779 0.3384 0.3934 0.4179 0.4189 0.4120 0.4008 0.3851 0.3632 0.3332 0.2925 0.2345 0.1777 0.1679 0.1777 0.2345 0.2925 0.3332 0.3632 0.3851 0.4008 0.4120 0.4189 0.4179 0.3934 0.3384 0.2779 0.2265 0.1875 0.1819 0.2627 0.3296 0.3699 0.3953 0.4112 0.4196 0.4129 0.3651 0.2944 0.2334 0.1890 0.1851 0.2712 0.3367 0.3751 0.3989 0.4135 0.4200 0.4073 0.3508 0.2806 0.2230 0.1821 0.1974 0.2885 0.3462 0.3810 0.4025 0.4156 0.4198 0.3994 0.3365 0.2637 0.3105
0.3044 0.2427 0.3110 0.3806 0.4173 0.4185 0.4083 0.3903 0.3613 0.3141 0.2304 0.1771 0.2068 0.2585 0.3256 0.3923 0.4193 0.4171 0.4053 0.3854 0.3534 0.3008 0.2100 0.1789 0.2160 0.2712 0.3403 0.4017 0.4201 0.4154 0.4024 0.3816 0.3486 0.2968 0.2105 0.1758 0.2059 0.2496 0.3042 0.3630 0.4067 0.4199 0.4177 0.4101 0.3987 0.3831 0.3617 0.3326 0.2937 0.2345 0.1895 0.2345 0.2937 0.3326 0.3617 0.3831 0.3987 0.4101 0.4177 0.4199 0.4067 0.3630 0.3042 0.2496 0.2059 0.1758 0.2105 0.2968 0.3486 0.3816 0.4024 0.4154 0.4201 0.4017 0.3403 0.2712 0.2160 0.1789 0.2100 0.3008 0.3534 0.3854 0.4053 0.4171 0.4193 0.3923 0.3256 0.2585 0.2068 0.1771 0.2304 0.3141 0.3613 0.3903 0.4083 0.4185 0.4173 0.3806 0.3110 0.2427 0.3044
0.3011 0.2238 0.2862 0.3568 0.4100 0.4200 0.4128 0.3977 0.3732 0.3335 0.2648 0.1818 0.1922 0.2380 0.3002 0.3708 0.4148 0.4193 0.4103 0.3935 0.3665 0.3227 0.2453 0.1777 0.2003 0.2493 0.3143 0.3831 0.4177 0.4183 0.4082 0.3909 0.3638 0.3219 0.2533 0.1782 0.1875 0.2236 0.2703 0.3255 0.3799 0.4130 0.4201 0.4164 0.4084 0.3970 0.3815 0.3605 0.3326 0.2925 0.2553 0.2925 0.3326 0.3605 0.3815 0.3970 0.4084 0.4164 0.4201 0.4130 0.3799 0.3255 0.2703 0.2236 0.1875 0.1782 0.2533 0.3219 0.3638 0.3909 0.4082 0.4183 0.4177 0.3831 0.3143 0.2493 0.2003 0.1777 0.2453 0.3227 0.3665 0.3935 0.4103 0.4193 0.4148 0.3708 0.3002 0.2380 0.1922 0.1818 0.2648 0.3335 0.3732 0.3977 0.4128 0.4200 0.4100 0.3568 0.2862 0.2237 0.3011
0.3006 0.2073 0.2635 0.3315 0.3964 0.4197 0.4163 0.4039 0.3832 0.3497 0.2946 0.2024 0.1804 0.2199 0.2765 0.3463 0.4051 0.4202 0.4144 0.4004 0.3776 0.3406 0.2780 0.1883 0.1867 0.2300 0.2895 0.3597 0.4107 0.4200 0.4129 0.3987 0.3767 0.3428 0.2911 0.2079 0.1741 0.2012 0.2400 0.2881 0.3423 0.3913 0.4162 0.4199 0.4156 0.4075 0.3964 0.3815 0.3617 0.3332 0.3072 0.3332 0.3617 0.3815 0.3964 0.4075 0.4156 0.4199 0.4162 0.3913 0.3423 0.2881 0.2400 0.2012 0.1741 0.2079 0.2911 0.3428 0.3767 0.3987 0.4129 0.4200 0.4107 0.3597 0.2895 0.2300 0.1867 0.1883 0.2780 0.3406 0.3776 0.4004 0.4144 0.4202 0.4051 0.3463 0.2765 0.2199 0.1804 0.2024 0.2946 0.3497 0.3832 0.4039 0.4163 0.4197 0.3964 0.3315 0.2635 0.2073 0.3006
0.3035 0.1930 0.2428 0.3063 0.3765 0.4163 0.4189 0.4091 0.3917 0.3634 0.3177 0.2365 0.1771 0.2039 0.2546 0.3209 0.3887 0.4187 0.4175 0.4062 0.3869 0.3558 0.3049 0.2159 0.1778 0.2127 0.2662 0.3338 0.3970 0.4196 0.4167 0.4055 0.3876 0.3604 0.3198 0.2563 0.1808 0.1821 0.2133 0.2535 0.3018 0.3540 0.3978 0.4175 0.4198 0.4153 0.4075 0.3970 0.3831 0.3632 0.3450 0.3632 0.3831 0.3970 0.4075 0.4153 0.4198 0.4175 0.3978 0.3540 0.3018 0.2535 0.2133 0.1821 0.1808 0.2563 0.3198 0.3604 0.3876 0.4055 0.4167 0.4196 0.3970 0.3338 0.2662 0.2127 0.1778 0.2159 0.3049 0.3558 0.3869 0.4062 0.4175 0.4187 0.3887 0.3209 0.2546 0.2039 0.1771 0.2365 0.3177 0.3634 0.3917 0.4091 0.4189 0.4163 0.3765 0.3063 0.2428 0.1930 0.3035
