0.0000 0.0005 0.0009 0.0013 0.0020 0.0029 0.0043 0.0063 0.0094 0.0138 0.0204 0.0302 0.0445 0.0658 0.0971 0.1435 0.2119 0.3129 0.4620 0.6823 1.0000 1.0000 1.0000 1.0000 1.0000 1.0000 1.0000 1.0000 1.0000 0.0001 0.0001 0.0002 0.0002 0.0004 0.0005 0.0008 0.0012 0.0017 0.0025 0.0037 0.0055 0.0081 0.0120 0.0177 0.0261 0.0385 0.0569 0.0839 0.1234 0.1915 0.2692 0.1915 0.1234 0.0839 0.0569 0.0385 0.0261 0.0177 0.0120 0.0081 0.0055 0.0037 0.0025 0.0017 0.0012 0.0008 0.0005 0.0004 0.0002 0.0002 0.0001 0.0001 1.0000 1.0000 1.0000 1.0000 1.0000 1.0000 1.0000 1.0000 1.0000 0.6823 0.4620 0.3129 0.2119 0.1435 0.0971 0.0658 0.0445 0.0302 0.0204 0.0138 0.0094 0.0063 0.0043 0.0029 0.0020 0.0013 0.0009 0.0005 0.0000
0.0005 0.0095 0.0135 0.0209 0.0311 0.0462 0.0683 0.1011 0.1493 0.2205 0.3256 0.4809 0.7101 1.0000 1.0000 1.0000 1.0000 1.0000 1.0000 1.0000 1.0000 1.0000 1.0000 1.0000 1.0000 1.0000 0.0004 0.0006 0.0008 0.0012 0.0018 0.0026 0.0039 0.0057 0.0084 0.0125 0.0184 0.0272 0.0401 0.0592 0.0875 0.1292 0.1908 0.2818 0.4161 0.6146 0.9076 1.0000 1.0000 1.0000 1.0000 1.0000 1.0000 1.0000 0.9076 0.6146 0.4161 0.2818 0.1908 0.1292 0.0875 0.0592 0.0401 0.0272 0.0184 0.0125 0.0084 0.0057 0.0039 0.0026 0.0018 0.0012 0.0008 0.0006 0.0004 1.0000 1.0000 1.0000 1.0000 1.0000 1.0000 1.0000 1.0000 1.0000 1.0000 1.0000 1.0000 1.0000 0.7101 0.4809 0.3256 0.2205 0.1493 0.1011 0.0683 0.0462 0.0311 0.0209 0.0135 0.0095 0.0005
0.0009 0.0135 0.0283 0.0508 0.0839 0.1317 0.2005 0.3012 0.4482 0.6644 0.9812 1.0000 1.0000 1.0000 1.0000 1.0000 1.0000 1.0000 1.0000 1.0000 1.0000 1.0000 1.0000 0.0003 0.0005 0.0008 0.0011 0.0017 0.0025 0.0036 0.0053 0.0079 0.0117 0.0172 0.0254 0.0375 0.0554 0.0819 0.1209 0.1785 0.2636 0.3893 0.5750 0.8491 1.0000 1.0000 1.0000 1.0000 1.0000 1.0000 1.0000 1.0000 1.0000 1.0000 1.0000 1.0000 1.0000 0.8491 0.5750 0.3893 0.2636 0.1785 0.1209 0.0819 0.0554 0.0375 0.0254 0.0172 0.0117 0.0079 0.0053 0.0036 0.0025 0.0017 0.0011 0.0008 0.0005 0.0003 1.0000 1.0000 1.0000 1.0000 1.0000 1.0000 1.0000 1.0000 1.0000 1.0000 1.0000 1.0000 0.9812 0.6644 0.4482 0.3012 0.2005 0.1317 0.0839 0.0508 0.0283 0.0135 0.0009
0.0013 0.0209 0.0508 0.1058 0.1971 0.3389 0.5504 0.8589 1.0000 1.0000 1.0000 1.0000 1.0000 1.0000 1.0000 1.0000 1.0000 1.0000 1.0000 1.0000 1.0000 0.0005 0.0007 0.0011 0.0016 0.0023 0.0034 0.0050 0.0074 0.0109 0.0161 0.0238 0.0351 0.0519 0.0766 0.1131 0.1670 0.2467 0.3643 0.5380 0.7944 1.0000 1.0000 1.0000 1.0000 1.0000 1.0000 1.0000 1.0000 1.0000 1.0000 1.0000 1.0000 1.0000 1.0000 1.0000 1.0000 1.0000 1.0000 1.0000 0.7944 0.5380 0.3643 0.2467 0.1670 0.1131 0.0766 0.0519 0.0351 0.0238 0.0161 0.0109 0.0074 0.0050 0.0034 0.0023 0.0016 0.0011 0.0007 0.0005 1.0000 1.0000 1.0000 1.0000 1.0000 1.0000 1.0000 1.0000 1.0000 1.0000 1.0000 1.0000 1.0000 0.8589 0.5504 0.3389 0.1971 0.1058 0.0508 0.0209 0.0013
0.0020 0.0311 0.0839 0.1971 0.4099 0.7750 1.0000 1.0000 1.0000 1.0000 1.0000 1.0000 1.0000 1.0000 1.0000 1.0000 1.0000 1.0000 0.0005 0.0007 0.0010 0.0015 0.0021 0.0032 0.0047 0.0069 0.0102 0.0151 0.0222 0.0329 0.0485 0.0717 0.1058 0.1563 0.2308 0.3408 0.5033 0.7433 1.0000 1.0000 1.0000 1.0000 1.0000 1.0000 1.0000 1.0000 1.0000 1.0000 1.0000 1.0000 1.0000 1.0000 1.0000 1.0000 1.0000 1.0000 1.0000 1.0000 1.0000 1.0000 1.0000 1.0000 1.0000 0.7433 0.5033 0.3408 0.2308 0.1563 0.1058 0.0717 0.0485 0.0329 0.0222 0.0151 0.0102 0.0069 0.0047 0.0032 0.0021 0.0015 0.0010 0.0007 0.0005 1.0000 1.0000 1.0000 1.0000 1.0000 1.0000 1.0000 1.0000 1.0000 1.0000 1.0000 1.0000 0.7750 0.4099 0.1971 0.0839 0.0311 0.0020
0.0029 0.0462 0.1317 0.3389 0.7750 1.0000 1.0000 1.0000 1.0000 1.0000 1.0000 1.0000 1.0000 1.0000 1.0000 0.0004 0.0006 0.0009 0.0014 0.0020 0.0030 0.0044 0.0065 0.0095 0.0141 0.0208 0.0307 0.0454 0.0670 0.0990 0.1462 0.2159 0.3189 0.4709 0.6954 1.0000 1.0000 1.0000 1.0000 1.0000 1.0000 1.0000 1.0000 1.0000 1.0000 1.0000 1.0000 1.0000 0.0004 0.0006 0.0008 0.0006 0.0004 1.0000 1.0000 1.0000 1.0000 1.0000 1.0000 1.0000 1.0000 1.0000 1.0000 1.0000 1.0000 1.0000 0.6954 0.4709 0.3189 0.2159 0.1462 0.0990 0.0670 0.0454 0.0307 0.0208 0.0141 0.0095 0.0065 0.0044 0.0030 0.0020 0.0014 0.0009 0.0006 0.0004 1.0000 1.0000 1.0000 1.0000 1.0000 1.0000 1.0000 1.0000 1.0000 1.0000 0.7750 0.3389 0.1317 0.0462 0.0029
0.0043 0.0683 0.2005 0.5504 1.0000 1.0000 1.0000 1.0000 1.0000 1.0000 1.0000 1.0000 0.0004 0.0006 0.0008 0.0013 0.0019 0.0028 0.0041 0.0060 0.0089 0.0132 0.0195 0.0288 0.0425 0.0627 0.0926 0.1368 0.2020 0.2983 0.4406 0.6506 0.9608 1.0000 1.0000 1.0000 1.0000 1.0000 1.0000 1.0000 1.0000 1.0000 1.0000 1.0000 1.0000 0.0003 0.0005 0.0007 0.0011 0.0017 0.0023 0.0017 0.0011 0.0007 0.0005 0.0003 1.0000 1.0000 1.0000 1.0000 1.0000 1.0000 1.0000 1.0000 1.0000 1.0000 1.0000 1.0000 0.9608 0.6506 0.4406 0.2983 0.2020 0.1368 0.0926 0.0627 0.0425 0.0288 0.0195 0.0132 0.0089 0.0060 0.0041 0.0028 0.0019 0.0013 0.0008 0.0006 0.0004 1.0000 1.0000 1.0000 1.0000 1.0000 1.0000 1.0000 1.0000 0.5504 0.2005 0.0683 0.0043
0.0063 0.1011 0.3012 0.8589 1.0000 1.0000 1.0000 1.0000 1.0000 1.0000 0.0004 0.0006 0.0010 0.0016 0.0024 0.0037 0.0055 0.0082 0.0122 0.0182 0.0269 0.0397 0.0588 0.0867 0.1280 0.1890 0.2791 0.4122 0.6087 0.8990 1.0000 1.0000 1.0000 1.0000 1.0000 1.0000 1.0000 1.0000 1.0000 1.0000 1.0000 1.0000 1.0000 0.0005 0.0007 0.0010 0.0015 0.0022 0.0033 0.0050 0.0068 0.0050 0.0033 0.0022 0.0015 0.0010 0.0007 0.0005 1.0000 1.0000 1.0000 1.0000 1.0000 1.0000 1.0000 1.0000 1.0000 1.0000 1.0000 1.0000 1.0000 0.8990 0.6087 0.4122 0.2791 0.1890 0.1280 0.0867 0.0588 0.0397 0.0269 0.0182 0.0122 0.0082 0.0055 0.0037 0.0024 0.0016 0.0010 0.0006 0.0004 1.0000 1.0000 1.0000 1.0000 1.0000 1.0000 0.8589 0.3012 0.1011 0.0063
0.0094 0.1493 0.4482 1.0000 1.0000 1.0000 1.0000 1.0000 1.0000 0.0005 0.0008 0.0015 0.0026 0.0042 0.0068 0.0105 0.0161 0.0243 0.0365 0.0544 0.0808 0.1195 0.1768 0.2611 0.3857 0.5695 0.8411 1.0000 1.0000 1.0000 1.0000 1.0000 1.0000 1.0000 1.0000 1.0000 1.0000 1.0000 1.0000 1.0000 0.0004 0.0007 0.0010 0.0014 0.0021 0.0031 0.0046 0.0068 0.0100 0.0152 0.0205 0.0152 0.0100 0.0068 0.0046 0.0031 0.0021 0.0014 0.0010 0.0007 0.0004 1.0000 1.0000 1.0000 1.0000 1.0000 1.0000 1.0000 1.0000 1.0000 1.0000 1.0000 1.0000 1.0000 0.8411 0.5695 0.3857 0.2611 0.1768 0.1195 0.0808 0.0544 0.0365 0.0243 0.0161 0.0105 0.0068 0.0042 0.0026 0.0015 0.0008 0.0005 1.0000 1.0000 1.0000 1.0000 1.0000 1.0000 0.4482 0.1493 0.0094
0.0138 0.2205 0.6644 1.0000 1.0000 1.0000 1.0000 1.0000 0.0005 0.0009 0.0019 0.0035 0.0063 0.0108 0.0179 0.0289 0.0456 0.0703 0.1072 0.1608 0.2406 0.3581 0.5308 0.7869 1.0000 1.0000 1.0000 1.0000 1.0000 1.0000 1.0000 1.0000 1.0000 1.0000 1.0000 1.0000 1.0000 0.0004 0.0006 0.0009 0.0013 0.0020 0.0029 0.0043 0.0063 0.0093 0.0138 0.0204 0.0301 0.0457 0.0618 0.0457 0.0301 0.0204 0.0138 0.0093 0.0063 0.0043 0.0029 0.0020 0.0013 0.0009 0.0006 0.0004 1.0000 1.0000 1.0000 1.0000 1.0000 1.0000 1.0000 1.0000 1.0000 1.0000 1.0000 1.0000 1.0000 0.7869 0.5308 0.3581 0.2406 0.1608 0.1072 0.0703 0.0456 0.0289 0.0179 0.0108 0.0063 0.0035 0.0019 0.0009 0.0005 1.0000 1.0000 1.0000 1.0000 1.0000 0.6644 0.2205 0.0138
0.0204 0.3256 0.9812 1.0000 1.0000 1.0000 1.0000 0.0004 0.0008 0.0019 0.0039 0.0076 0.0143 0.0260 0.0452 0.0760 0.1241 0.1975 0.3064 0.4691 0.7101 1.0000 1.0000 1.0000 1.0000 1.0000 1.0000 1.0000 1.0000 1.0000 1.0000 1.0000 1.0000 1.0000 0.0004 0.0006 0.0008 0.0012 0.0018 0.0027 0.0040 0.0059 0.0087 0.0129 0.0191 0.0282 0.0416 0.0614 0.0907 0.1376 0.1862 0.1376 0.0907 0.0614 0.0416 0.0282 0.0191 0.0129 0.0087 0.0059 0.0040 0.0027 0.0018 0.0012 0.0008 0.0006 0.0004 1.0000 1.0000 1.0000 1.0000 1.0000 1.0000 1.0000 1.0000 1.0000 1.0000 1.0000 1.0000 1.0000 0.7101 0.4691 0.3064 0.1975 0.1241 0.0760 0.0452 0.0260 0.0143 0.0076 0.0039 0.0019 0.0008 0.0004 1.0000 1.0000 1.0000 1.0000 0.9812 0.3256 0.0204
0.0302 0.4809 1.0000 1.0000 1.0000 1.0000 1.0000 0.0006 0.0015 0.0035 0.0076 0.0158 0.0312 0.0592 0.1081 0.1901 0.3225 0.5298 0.8507 1.0000 1.0000 1.0000 1.0000 1.0000 1.0000 1.0000 1.0000 1.0000 1.0000 1.0000 1.0000 0.0004 0.0005 0.0008 0.0012 0.0017 0.0025 0.0038 0.0055 0.0082 0.0121 0.0178 0.0264 0.0389 0.0575 0.0849 0.1253 0.1851 0.2733 0.4146 0.5609 0.4146 0.2733 0.1851 0.1253 0.0849 0.0575 0.0389 0.0264 0.0178 0.0121 0.0082 0.0055 0.0038 0.0025 0.0017 0.0012 0.0008 0.0005 0.0004 1.0000 1.0000 1.0000 1.0000 1.0000 1.0000 1.0000 1.0000 1.0000 1.0000 1.0000 1.0000 0.8507 0.5298 0.3225 0.1901 0.1081 0.0592 0.0312 0.0158 0.0076 0.0035 0.0015 0.0006 1.0000 1.0000 1.0000 1.0000 1.0000 0.4809 0.0302
0.0445 0.7101 1.0000 1.0000 1.0000 1.0000 0.0004 0.0010 0.0026 0.0063 0.0143 0.0312 0.0647 0.1285 0.2453 0.4499 0.7960 1.0000 1.0000 1.0000 1.0000 1.0000 1.0000 1.0000 1.0000 1.0000 1.0000 1.0000 0.0003 0.0005 0.0007 0.0011 0.0016 0.0024 0.0035 0.0052 0.0077 0.0113 0.0167 0.0247 0.0364 0.0538 0.0794 0.1173 0.1732 0.2557 0.3777 0.5577 0.8237 1.0000 1.0000 1.0000 0.8237 0.5577 0.3777 0.2557 0.1732 0.1173 0.0794 0.0538 0.0364 0.0247 0.0167 0.0113 0.0077 0.0052 0.0035 0.0024 0.0016 0.0011 0.0007 0.0005 0.0003 1.0000 1.0000 1.0000 1.0000 1.0000 1.0000 1.0000 1.0000 1.0000 1.0000 1.0000 0.7960 0.4499 0.2453 0.1285 0.0647 0.0312 0.0143 0.0063 0.0026 0.0010 0.0004 1.0000 1.0000 1.0000 1.0000 0.7101 0.0445
0.0658 1.0000 1.0000 1.0000 1.0000 1.0000 0.0006 0.0016 0.0042 0.0108 0.0260 0.0592 0.1285 0.2667 0.5298 1.0000 1.0000 1.0000 1.0000 1.0000 1.0000 1.0000 1.0000 1.0000 1.0000 1.0000 0.0005 0.0007 0.0010 0.0015 0.0022 0.0033 0.0048 0.0072 0.0106 0.0156 0.0231 0.0341 0.0503 0.0743 0.1097 0.1620 0.2393 0.3534 0.5218 0.7706 1.0000 1.0000 1.0000 1.0000 1.0000 1.0000 1.0000 1.0000 1.0000 0.7706 0.5218 0.3534 0.2393 0.1620 0.1097 0.0743 0.0503 0.0341 0.0231 0.0156 0.0106 0.0072 0.0048 0.0033 0.0022 0.0015 0.0010 0.0007 0.0005 1.0000 1.0000 1.0000 1.0000 1.0000 1.0000 1.0000 1.0000 1.0000 1.0000 1.0000 0.5298 0.2667 0.1285 0.0592 0.0260 0.0108 0.0042 0.0016 0.0006 1.0000 1.0000 1.0000 1.0000 1.0000 0.0658
0.0971 1.0000 1.0000 1.0000 1.0000 1.0000 0.0008 0.0024 0.0068 0.0179 0.0452 0.1081 0.2453 0.5298 1.0000 1.0000 1.0000 1.0000 1.0000 1.0000 1.0000 1.0000 1.0000 0.0004 0.0006 0.0009 0.0014 0.0020 0.0030 0.0045 0.0067 0.0099 0.0146 0.0216 0.0319 0.0471 0.0695 0.1026 0.1516 0.2239 0.3306 0.4882 0.7210 1.0000 1.0000 1.0000 1.0000 1.0000 1.0000 1.0000 1.0000 1.0000 1.0000 1.0000 1.0000 1.0000 1.0000 1.0000 0.7210 0.4882 0.3306 0.2239 0.1516 0.1026 0.0695 0.0471 0.0319 0.0216 0.0146 0.0099 0.0067 0.0045 0.0030 0.0020 0.0014 0.0009 0.0006 0.0004 1.0000 1.0000 1.0000 1.0000 1.0000 1.0000 1.0000 1.0000 1.0000 0.5298 0.2453 0.1081 0.0452 0.0179 0.0068 0.0024 0.0008 1.0000 1.0000 1.0000 1.0000 1.0000 0.0971
0.1435 1.0000 1.0000 1.0000 1.0000 0.0004 0.0013 0.0037 0.0105 0.0289 0.0760 0.1901 0.4499 1.0000 1.0000 1.0000 1.0000 1.0000 1.0000 1.0000 1.0000 0.0004 0.0006 0.0011 0.0017 0.0026 0.0040 0.0060 0.0090 0.0134 0.0200 0.0297 0.0440 0.0650 0.0960 0.1418 0.2094 0.3093 0.4568 0.6746 0.9962 1.0000 1.0000 1.0000 1.0000 1.0000 1.0000 1.0000 1.0000 1.0000 1.0000 1.0000 1.0000 1.0000 1.0000 1.0000 1.0000 1.0000 1.0000 1.0000 0.9962 0.6746 0.4568 0.3093 0.2094 0.1418 0.0960 0.0650 0.0440 0.0297 0.0200 0.0134 0.0090 0.0060 0.0040 0.0026 0.0017 0.0011 0.0006 0.0004 1.0000 1.0000 1.0000 1.0000 1.0000 1.0000 1.0000 1.0000 0.4499 0.1901 0.0760 0.0289 0.0105 0.0037 0.0013 0.0004 1.0000 1.0000 1.0000 1.0000 0.1435
0.2119 1.0000 1.0000 1.0000 1.0000 0.0006 0.0019 0.0055 0.0161 0.0456 0.1241 0.3225 0.7975 1.0000 1.0000 1.0000 1.0000 1.0000 1.0000 1.0000 0.0006 0.0010 0.0017 0.0028 0.0045 0.0072 0.0113 0.0174 0.0264 0.0398 0.0596 0.0888 0.1319 0.1952 0.2894 0.4274 0.6323 0.9321 1.0000 1.0000 1.0000 1.0000 1.0000 1.0000 1.0000 1.0000 1.0000 1.0000 1.0000 1.0000 1.0000 1.0000 1.0000 1.0000 1.0000 1.0000 1.0000 1.0000 1.0000 1.0000 1.0000 1.0000 1.0000 0.9321 0.6323 0.4274 0.2894 0.1952 0.1319 0.0888 0.0596 0.0398 0.0264 0.0174 0.0113 0.0072 0.0045 0.0028 0.0017 0.0010 0.0006 1.0000 1.0000 1.0000 1.0000 1.0000 1.0000 1.0000 0.7960 0.3225 0.1241 0.0456 0.0161 0.0055 0.0019 0.0006 1.0000 1.0000 1.0000 1.0000 0.2119
0.3129 1.0000 1.0000 1.0000 1.0000 0.0009 0.0028 0.0082 0.0243 0.0703 0.1975 0.5298 1.0000 1.0000 1.0000 1.0000 1.0000 1.0000 1.0000 0.0007 0.0013 0.0023 0.0041 0.0071 0.0119 0.0195 0.0313 0.0493 0.0762 0.1164 0.1758 0.2636 0.3938 0.5860 0.8687 1.0000 1.0000 1.0000 1.0000 1.0000 1.0000 1.0000 1.0000 1.0000 1.0000 1.0000 1.0000 1.0000 0.0005 0.0007 0.0009 0.0007 0.0005 1.0000 1.0000 1.0000 1.0000 1.0000 1.0000 1.0000 1.0000 1.0000 1.0000 1.0000 1.0000 1.0000 0.8687 0.5860 0.3938 0.2636 0.1758 0.1164 0.0762 0.0493 0.0313 0.0195 0.0119 0.0071 0.0041 0.0023 0.0013 0.0007 1.0000 1.0000 1.0000 1.0000 1.0000 1.0000 1.0000 0.5298 0.1975 0.0703 0.0243 0.0082 0.0028 0.0009 1.0000 1.0000 1.0000 1.0000 0.3129
0.4620 1.0000 1.0000 1.0000 0.0005 0.0014 0.0041 0.0122 0.0365 0.1072 0.3064 0.8507 1.0000 1.0000 1.0000 1.0000 1.0000 1.0000 0.0007 0.0015 0.0028 0.0054 0.0098 0.0175 0.0303 0.0512 0.0842 0.1358 0.2147 0.3331 0.5110 0.7765 1.0000 1.0000 1.0000 1.0000 1.0000 1.0000 1.0000 1.0000 1.0000 1.0000 1.0000 1.0000 1.0000 0.0004 0.0006 0.0009 0.0014 0.0021 0.0028 0.0021 0.0014 0.0009 0.0006 0.0004 1.0000 1.0000 1.0000 1.0000 1.0000 1.0000 1.0000 1.0000 1.0000 1.0000 1.0000 1.0000 1.0000 0.7765 0.5110 0.3331 0.2147 0.1358 0.0842 0.0512 0.0303 0.0175 0.0098 0.0054 0.0028 0.0015 0.0007 1.0000 1.0000 1.0000 1.0000 1.0000 1.0000 0.8507 0.3064 0.1072 0.0365 0.0122 0.0041 0.0014 0.0005 1.0000 1.0000 1.0000 0.4620
0.6823 1.0000 1.0000 1.0000 0.0007 0.0020 0.0060 0.0182 0.0544 0.1608 0.4691 1.0000 1.0000 1.0000 1.0000 1.0000 1.0000 0.0007 0.0015 0.0030 0.0061 0.0119 0.0225 0.0414 0.0740 0.1287 0.2184 0.3629 0.5882 0.9338 1.0000 1.0000 1.0000 1.0000 1.0000 1.0000 1.0000 1.0000 1.0000 1.0000 1.0000 1.0000 0.0004 0.0006 0.0009 0.0013 0.0019 0.0028 0.0042 0.0063 0.0085 0.0063 0.0042 0.0028 0.0019 0.0013 0.0009 0.0006 0.0004 1.0000 1.0000 1.0000 1.0000 1.0000 1.0000 1.0000 1.0000 1.0000 1.0000 1.0000 1.0000 0.9338 0.5882 0.3629 0.2184 0.1287 0.0740 0.0414 0.0225 0.0119 0.0061 0.0030 0.0015 0.0007 1.0000 1.0000 1.0000 1.0000 1.0000 1.0000 0.4691 0.1608 0.0544 0.0182 0.0060 0.0020 0.0007 1.0000 1.0000 1.0000 0.6823
1.0000 1.0000 1.0000 1.0000 0.0010 0.0030 0.0089 0.0269 0.0808 0.2406 0.7101 1.0000 1.0000 1.0000 1.0000 1.0000 0.0006 0.0013 0.0028 0.0061 0.0127 0.0255 0.0496 0.0944 0.1742 0.3129 0.5483 0.9356 1.0000 1.0000 1.0000 1.0000 1.0000 1.0000 1.0000 1.0000 1.0000 1.0000 1.0000 0.0004 0.0006 0.0008 0.0012 0.0018 0.0026 0.0039 0.0057 0.0085 0.0125 0.0190 0.0257 0.0190 0.0125 0.0085 0.0057 0.0039 0.0026 0.0018 0.0012 0.0008 0.0006 0.0004 1.0000 1.0000 1.0000 1.0000 1.0000 1.0000 1.0000 1.0000 1.0000 1.0000 1.0000 0.9356 0.5483 0.3129 0.1742 0.0944 0.0496 0.0255 0.0127 0.0061 0.0028 0.0013 0.0006 1.0000 1.0000 1.0000 1.0000 1.0000 0.7101 0.2406 0.0808 0.0269 0.0089 0.0030 0.0010 1.0000 1.0000 1.0000 1.0000
1.0000 1.0000 1.0000 0.0005 0.0015 0.0044 0.0132 0.0397 0.1195 0.3581 1.0000 1.0000 1.0000 1.0000 1.0000 0.0004 0.0010 0.0023 0.0054 0.0119 0.0255 0.0528 0.1064 0.2079 0.3961 0.7335 1.0000 1.0000 1.0000 1.0000 1.0000 1.0000 1.0000 1.0000 1.0000 1.0000 0.0003 0.0005 0.0008 0.0011 0.0017 0.0025 0.0036 0.0054 0.0079 0.0117 0.0173 0.0256 0.0377 0.0573 0.0775 0.0573 0.0377 0.0256 0.0173 0.0117 0.0079 0.0054 0.0036 0.0025 0.0017 0.0011 0.0008 0.0005 0.0003 1.0000 1.0000 1.0000 1.0000 1.0000 1.0000 1.0000 1.0000 1.0000 1.0000 0.7335 0.3961 0.2079 0.1064 0.0528 0.0255 0.0119 0.0054 0.0023 0.0010 0.0004 1.0000 1.0000 1.0000 1.0000 1.0000 0.3581 0.1195 0.0397 0.0132 0.0044 0.0015 0.0005 1.0000 1.0000 1.0000
1.0000 1.0000 1.0000 0.0007 0.0021 0.0065 0.0195 0.0588 0.1768 0.5308 1.0000 1.0000 1.0000 1.0000 1.0000 0.0006 0.0017 0.0041 0.0098 0.0225 0.0496 0.1064 0.2201 0.4448 0.8704 1.0000 1.0000 1.0000 1.0000 1.0000 1.0000 1.0000 1.0000 1.0000 0.0004 0.0007 0.0010 0.0015 0.0022 0.0034 0.0050 0.0074 0.0109 0.0162 0.0239 0.0353 0.0522 0.0770 0.1137 0.1725 0.2334 0.1725 0.1137 0.0770 0.0522 0.0353 0.0239 0.0162 0.0109 0.0074 0.0050 0.0034 0.0022 0.0015 0.0010 0.0007 0.0004 1.0000 1.0000 1.0000 1.0000 1.0000 1.0000 1.0000 1.0000 1.0000 0.8720 0.4448 0.2201 0.1064 0.0496 0.0225 0.0098 0.0041 0.0017 0.0006 1.0000 1.0000 1.0000 1.0000 1.0000 0.5308 0.1768 0.0588 0.0195 0.0065 0.0021 0.0007 1.0000 1.0000 1.0000
1.0000 1.0000 0.0003 0.0011 0.0032 0.0095 0.0288 0.0867 0.2611 0.7869 1.0000 1.0000 1.0000 1.0000 0.0004 0.0010 0.0028 0.0071 0.0175 0.0414 0.0944 0.2079 0.4448 0.9232 1.0000 1.0000 1.0000 1.0000 1.0000 1.0000 1.0000 1.0000 0.0005 0.0007 0.0012 0.0019 0.0029 0.0044 0.0066 0.0100 0.0149 0.0221 0.0329 0.0486 0.0719 0.1064 0.1572 0.2321 0.3428 0.5198 0.7034 0.5198 0.3428 0.2321 0.1572 0.1064 0.0719 0.0486 0.0329 0.0221 0.0149 0.0100 0.0066 0.0044 0.0029 0.0019 0.0012 0.0007 0.0005 1.0000 1.0000 1.0000 1.0000 1.0000 1.0000 1.0000 1.0000 0.9232 0.4448 0.2079 0.0944 0.0414 0.0175 0.0071 0.0028 0.0011 0.0004 1.0000 1.0000 1.0000 1.0000 0.7869 0.2611 0.0867 0.0288 0.0095 0.0032 0.0011 0.0003 1.0000 1.0000
1.0000 1.0000 0.0005 0.0016 0.0047 0.0141 0.0425 0.1280 0.3864 1.0000 1.0000 1.0000 1.0000 1.0000 0.0006 0.0017 0.0045 0.0119 0.0303 0.0740 0.1742 0.3961 0.8720 1.0000 1.0000 1.0000 1.0000 1.0000 1.0000 1.0000 0.0004 0.0007 0.0012 0.0020 0.0032 0.0051 0.0081 0.0126 0.0193 0.0293 0.0441 0.0659 0.0981 0.1457 0.2163 0.3207 0.4736 0.6994 1.0000 1.0000 1.0000 1.0000 1.0000 0.6994 0.4736 0.3207 0.2163 0.1457 0.0981 0.0659 0.0441 0.0293 0.0193 0.0126 0.0081 0.0051 0.0032 0.0020 0.0012 0.0007 0.0004 1.0000 1.0000 1.0000 1.0000 1.0000 1.0000 1.0000 0.8720 0.3961 0.1742 0.0740 0.0303 0.0119 0.0045 0.0017 0.0006 1.0000 1.0000 1.0000 1.0000 1.0000 0.3857 0.1280 0.0425 0.0141 0.0047 0.0016 0.0005 1.0000 1.0000
1.0000 1.0000 0.0008 0.0023 0.0069 0.0208 0.0627 0.1890 0.5695 1.0000 1.0000 1.0000 1.0000 1.0000 0.0009 0.0026 0.0072 0.0195 0.0512 0.1287 0.3129 0.7335 1.0000 1.0000 1.0000 1.0000 1.0000 1.0000 1.0000 0.0005 0.0010 0.0017 0.0030 0.0051 0.0085 0.0139 0.0224 0.0354 0.0551 0.0849 0.1290 0.1945 0.2922 0.4356 0.6482 0.9627 1.0000 1.0000 1.0000 1.0000 1.0000 1.0000 1.0000 1.0000 1.0000 0.9627 0.6482 0.4356 0.2922 0.1945 0.1290 0.0849 0.0551 0.0354 0.0224 0.0139 0.0085 0.0051 0.0030 0.0017 0.0010 0.0005 1.0000 1.0000 1.0000 1.0000 1.0000 1.0000 1.0000 0.7335 0.3129 0.1287 0.0512 0.0195 0.0072 0.0026 0.0009 1.0000 1.0000 1.0000 1.0000 1.0000 0.5695 0.1890 0.0627 0.0208 0.0069 0.0023 0.0008 1.0000 1.0000
1.0000 0.0004 0.0011 0.0034 0.0102 0.0307 0.0926 0.2791 0.8411 1.0000 1.0000 1.0000 1.0000 0.0005 0.0014 0.0040 0.0113 0.0313 0.0842 0.2184 0.5483 1.0000 1.0000 1.0000 1.0000 1.0000 1.0000 1.0000 0.0006 0.0012 0.0022 0.0040 0.0072 0.0127 0.0217 0.0365 0.0602 0.0973 0.1545 0.2416 0.3727 0.5685 0.8621 1.0000 1.0000 1.0000 1.0000 1.0000 1.0000 1.0000 1.0000 1.0000 1.0000 1.0000 1.0000 1.0000 1.0000 1.0000 0.8621 0.5685 0.3727 0.2416 0.1545 0.0973 0.0602 0.0365 0.0217 0.0127 0.0072 0.0040 0.0022 0.0012 0.0006 1.0000 1.0000 1.0000 1.0000 1.0000 1.0000 1.0000 0.5483 0.2184 0.0842 0.0313 0.0113 0.0040 0.0014 0.0005 1.0000 1.0000 1.0000 1.0000 0.8411 0.2791 0.0926 0.0307 0.0102 0.0034 0.0011 0.0004 1.0000
1.0000 0.0006 0.0017 0.0050 0.0151 0.0454 0.1368 0.4122 1.0000 1.0000 1.0000 1.0000 1.0000 0.0007 0.0020 0.0060 0.0174 0.0492 0.1355 0.3622 0.9356 1.0000 1.0000 1.0000 1.0000 1.0000 1.0000 0.0006 0.0013 0.0025 0.0049 0.0092 0.0170 0.0307 0.0542 0.0932 0.1575 0.2602 0.4225 0.6720 1.0000 1.0000 1.0000 1.0000 1.0000 1.0000 1.0000 1.0000 1.0000 1.0000 1.0000 1.0000 1.0000 1.0000 1.0000 1.0000 1.0000 1.0000 1.0000 1.0000 1.0000 0.6720 0.4225 0.2602 0.1575 0.0933 0.0541 0.0307 0.0170 0.0092 0.0049 0.0025 0.0013 0.0006 1.0000 1.0000 1.0000 1.0000 1.0000 1.0000 0.9356 0.3629 0.1358 0.0493 0.0174 0.0060 0.0020 0.0007 1.0000 1.0000 1.0000 1.0000 1.0000 0.4122 0.1368 0.0454 0.0151 0.0050 0.0017 0.0006 1.0000
1.0000 0.0008 0.0025 0.0074 0.0222 0.0670 0.2020 0.6087 1.0000 1.0000 1.0000 1.0000 0.0003 0.0010 0.0030 0.0090 0.0264 0.0762 0.2143 0.5871 1.0000 1.0000 1.0000 1.0000 1.0000 1.0000 0.0006 0.0013 0.0027 0.0054 0.0107 0.0207 0.0391 0.0722 0.1304 0.2308 0.3998 0.6771 1.0000 1.0000 1.0000 1.0000 1.0000 1.0000 1.0000 1.0000 1.0000 1.0000 1.0000 1.0000 0.0004 1.0000 1.0000 1.0000 1.0000 1.0000 1.0000 1.0000 1.0000 1.0000 1.0000 1.0000 1.0000 0.6771 0.3998 0.2308 0.1304 0.0721 0.0391 0.0207 0.0107 0.0054 0.0027 0.0013 0.0006 1.0000 1.0000 1.0000 1.0000 1.0000 1.0000 0.5882 0.2147 0.0762 0.0264 0.0090 0.0030 0.0010 0.0003 1.0000 1.0000 1.0000 1.0000 0.6087 0.2020 0.0670 0.0222 0.0074 0.0025 0.0008 1.0000
0.0001 0.0012 0.0036 0.0109 0.0329 0.0990 0.2983 0.8990 1.0000 1.0000 1.0000 1.0000 0.0005 0.0015 0.0045 0.0134 0.0398 0.1162 0.3331 0.9338 1.0000 1.0000 1.0000 1.0000 1.0000 0.0005 0.0012 0.0025 0.0054 0.0112 0.0228 0.0451 0.0872 0.1651 0.3058 0.5546 0.9849 1.0000 1.0000 1.0000 1.0000 1.0000 1.0000 1.0000 1.0000 1.0000 1.0000 0.0004 0.0006 0.0009 0.0012 0.0009 0.0006 0.0004 1.0000 1.0000 1.0000 1.0000 1.0000 1.0000 1.0000 1.0000 1.0000 1.0000 0.9849 0.5546 0.3058 0.1651 0.0872 0.0451 0.0228 0.0112 0.0054 0.0025 0.0012 0.0005 1.0000 1.0000 1.0000 1.0000 1.0000 0.9338 0.3331 0.1164 0.0398 0.0134 0.0045 0.0015 0.0005 1.0000 1.0000 1.0000 1.0000 0.8990 0.2983 0.0990 0.0329 0.0109 0.0036 0.0012 0.0001
0.0001 0.0018 0.0053 0.0161 0.0485 0.1462 0.4406 1.0000 1.0000 1.0000 1.0000 1.0000 0.0007 0.0022 0.0067 0.0200 0.0596 0.1758 0.5110 1.0000 1.0000 1.0000 1.0000 1.0000 0.0004 0.0010 0.0022 0.0049 0.0107 0.0228 0.0472 0.0959 0.1897 0.3678 0.6981 1.0000 1.0000 1.0000 1.0000 1.0000 1.0000 1.0000 1.0000 1.0000 1.0000 0.0005 0.0007 0.0011 0.0017 0.0026 0.0035 0.0026 0.0017 0.0011 0.0007 0.0005 1.0000 1.0000 1.0000 1.0000 1.0000 1.0000 1.0000 1.0000 1.0000 1.0000 0.6981 0.3678 0.1897 0.0959 0.0472 0.0228 0.0107 0.0049 0.0022 0.0010 0.0004 1.0000 1.0000 1.0000 1.0000 1.0000 0.5110 0.1758 0.0596 0.0200 0.0067 0.0022 0.0007 1.0000 1.0000 1.0000 1.0000 1.0000 0.4406 0.1462 0.0485 0.0161 0.0053 0.0018 0.0001
0.0002 0.0026 0.0079 0.0238 0.0717 0.2159 0.6506 1.0000 1.0000 1.0000 1.0000 0.0004 0.0011 0.0033 0.0099 0.0297 0.0888 0.2636 0.7765 1.0000 1.0000 1.0000 1.0000 1.0000 0.0007 0.0017 0.0040 0.0092 0.0207 0.0451 0.0959 0.1986 0.4029 0.8005 1.0000 1.0000 1.0000 1.0000 1.0000 1.0000 1.0000 1.0000 1.0000 0.0005 0.0009 0.0014 0.0021 0.0032 0.0049 0.0076 0.0104 0.0076 0.0049 0.0032 0.0021 0.0014 0.0009 0.0005 1.0000 1.0000 1.0000 1.0000 1.0000 1.0000 1.0000 1.0000 1.0000 0.8005 0.4029 0.1986 0.0959 0.0451 0.0207 0.0092 0.0040 0.0017 0.0007 1.0000 1.0000 1.0000 1.0000 1.0000 0.7765 0.2636 0.0888 0.0297 0.0099 0.0033 0.0011 0.0004 1.0000 1.0000 1.0000 1.0000 0.6506 0.2159 0.0717 0.0238 0.0079 0.0026 0.0002
0.0002 0.0039 0.0117 0.0351 0.1058 0.3189 0.9608 1.0000 1.0000 1.0000 1.0000 0.0005 0.0016 0.0048 0.0146 0.0440 0.1319 0.3938 1.0000 1.0000 1.0000 1.0000 1.0000 0.0005 0.0012 0.0030 0.0072 0.0170 0.0391 0.0872 0.1897 0.4029 0.8363 1.0000 1.0000 1.0000 1.0000 1.0000 1.0000 1.0000 1.0000 0.0005 0.0009 0.0014 0.0024 0.0038 0.0059 0.0092 0.0142 0.0222 0.0307 0.0222 0.0142 0.0092 0.0059 0.0038 0.0024 0.0014 0.0009 0.0005 1.0000 1.0000 1.0000 1.0000 1.0000 1.0000 1.0000 1.0000 0.8363 0.4029 0.1897 0.0872 0.0391 0.0170 0.0072 0.0030 0.0012 0.0005 1.0000 1.0000 1.0000 1.0000 1.0000 0.3938 0.1319 0.0440 0.0146 0.0048 0.0016 0.0005 1.0000 1.0000 1.0000 1.0000 0.9608 0.3189 0.1058 0.0351 0.0117 0.0039 0.0002
0.0004 0.0057 0.0172 0.0519 0.1563 0.4709 1.0000 1.0000 1.0000 1.0000 1.0000 0.0008 0.0024 0.0072 0.0216 0.0650 0.1952 0.5860 1.0000 1.0000 1.0000 1.0000 1.0000 0.0007 0.0020 0.0051 0.0127 0.0307 0.0721 0.1651 0.3678 0.8005 1.0000 1.0000 1.0000 1.0000 1.0000 1.0000 1.0000 0.0004 0.0007 0.0013 0.0022 0.0038 0.0063 0.0102 0.0164 0.0260 0.0406 0.0644 0.0895 0.0644 0.0406 0.0260 0.0164 0.0102 0.0063 0.0038 0.0022 0.0013 0.0007 0.0004 1.0000 1.0000 1.0000 1.0000 1.0000 1.0000 1.0000 0.8005 0.3678 0.1651 0.0721 0.0307 0.0127 0.0051 0.0020 0.0007 1.0000 1.0000 1.0000 1.0000 1.0000 0.5860 0.1952 0.0650 0.0216 0.0072 0.0024 0.0008 1.0000 1.0000 1.0000 1.0000 1.0000 0.4709 0.1563 0.0519 0.0172 0.0057 0.0004
0.0005 0.0084 0.0254 0.0766 0.2308 0.6954 1.0000 1.0000 1.0000 1.0000 0.0004 0.0012 0.0035 0.0106 0.0319 0.0960 0.2894 0.8687 1.0000 1.0000 1.0000 1.0000 0.0004 0.0012 0.0032 0.0085 0.0217 0.0541 0.1304 0.3058 0.6981 1.0000 1.0000 1.0000 1.0000 1.0000 1.0000 1.0000 0.0005 0.0009 0.0017 0.0031 0.0055 0.0095 0.0162 0.0271 0.0445 0.0717 0.1137 0.1833 0.2577 0.1833 0.1137 0.0717 0.0445 0.0271 0.0162 0.0095 0.0055 0.0031 0.0017 0.0009 0.0005 1.0000 1.0000 1.0000 1.0000 1.0000 1.0000 1.0000 0.6981 0.3058 0.1304 0.0541 0.0217 0.0085 0.0032 0.0012 0.0004 1.0000 1.0000 1.0000 1.0000 0.8687 0.2894 0.0960 0.0319 0.0106 0.0035 0.0012 0.0004 1.0000 1.0000 1.0000 1.0000 0.6954 0.2308 0.0766 0.0254 0.0084 0.0005
0.0008 0.0125 0.0375 0.1131 0.3408 1.0000 1.0000 1.0000 1.0000 1.0000 0.0006 0.0017 0.0052 0.0156 0.0471 0.1418 0.4274 1.0000 1.0000 1.0000 1.0000 1.0000 0.0007 0.0019 0.0051 0.0139 0.0365 0.0933 0.2308 0.5546 1.0000 1.0000 1.0000 1.0000 1.0000 1.0000 1.0000 0.0006 0.0011 0.0021 0.0040 0.0073 0.0133 0.0235 0.0409 0.0699 0.1173 0.1930 0.3123 0.5120 0.7321 0.5120 0.3123 0.1930 0.1173 0.0699 0.0410 0.0235 0.0133 0.0074 0.0040 0.0021 0.0011 0.0006 1.0000 1.0000 1.0000 1.0000 1.0000 1.0000 1.0000 0.5546 0.2308 0.0933 0.0365 0.0139 0.0051 0.0019 0.0007 1.0000 1.0000 1.0000 1.0000 1.0000 0.4274 0.1418 0.0471 0.0156 0.0052 0.0017 0.0006 1.0000 1.0000 1.0000 1.0000 1.0000 0.3408 0.1131 0.0375 0.0125 0.0008
0.0012 0.0184 0.0554 0.1670 0.5033 1.0000 1.0000 1.0000 1.0000 1.0000 0.0008 0.0025 0.0077 0.0231 0.0695 0.2094 0.6323 1.0000 1.0000 1.0000 1.0000 0.0003 0.0010 0.0029 0.0081 0.0223 0.0603 0.1575 0.3998 0.9849 1.0000 1.0000 1.0000 1.0000 1.0000 1.0000 0.0006 0.0012 0.0024 0.0047 0.0090 0.0169 0.0312 0.0565 0.1007 0.1755 0.3006 0.5062 0.8347 1.0000 1.0000 1.0000 0.8347 0.5062 0.3006 0.1755 0.1007 0.0566 0.0312 0.0169 0.0090 0.0047 0.0024 0.0012 0.0006 1.0000 1.0000 1.0000 1.0000 1.0000 1.0000 0.9849 0.3998 0.1575 0.0602 0.0224 0.0081 0.0029 0.0010 0.0003 1.0000 1.0000 1.0000 1.0000 0.6323 0.2094 0.0695 0.0231 0.0077 0.0025 0.0008 1.0000 1.0000 1.0000 1.0000 1.0000 0.5033 0.1670 0.0554 0.0184 0.0012
0.0017 0.0272 0.0819 0.2467 0.7433 1.0000 1.0000 1.0000 1.0000 0.0004 0.0012 0.0038 0.0113 0.0341 0.1026 0.3093 0.9321 1.0000 1.0000 1.0000 1.0000 0.0005 0.0015 0.0044 0.0126 0.0354 0.0973 0.2602 0.6771 1.0000 1.0000 1.0000 1.0000 1.0000 1.0000 0.0006 0.0012 0.0025 0.0051 0.0101 0.0198 0.0380 0.0717 0.1327 0.2411 0.4298 0.7532 1.0000 1.0000 1.0000 1.0000 1.0000 1.0000 1.0000 0.7532 0.4298 0.2416 0.1329 0.0718 0.0380 0.0198 0.0101 0.0051 0.0025 0.0012 0.0006 1.0000 1.0000 1.0000 1.0000 1.0000 1.0000 0.6771 0.2602 0.0973 0.0354 0.0126 0.0044 0.0015 0.0005 1.0000 1.0000 1.0000 1.0000 0.9321 0.3093 0.1026 0.0341 0.0113 0.0038 0.0012 0.0004 1.0000 1.0000 1.0000 1.0000 0.7433 0.2467 0.0819 0.0272 0.0017
0.0025 0.0401 0.1209 0.3643 1.0000 1.0000 1.0000 1.0000 1.0000 0.0006 0.0018 0.0055 0.0167 0.0503 0.1516 0.4568 1.0000 1.0000 1.0000 1.0000 1.0000 0.0008 0.0022 0.0066 0.0192 0.0550 0.1545 0.4225 1.0000 1.0000 1.0000 1.0000 1.0000 1.0000 0.0005 0.0011 0.0024 0.0051 0.0105 0.0214 0.0427 0.0837 0.1608 0.3041 0.5641 1.0000 1.0000 1.0000 1.0000 1.0000 1.0000 1.0000 1.0000 1.0000 1.0000 1.0000 0.5652 0.3041 0.1611 0.0836 0.0427 0.0214 0.0105 0.0051 0.0024 0.0011 0.0005 1.0000 1.0000 1.0000 1.0000 1.0000 1.0000 0.4225 0.1545 0.0551 0.0193 0.0066 0.0022 0.0008 1.0000 1.0000 1.0000 1.0000 1.0000 0.4568 0.1516 0.0503 0.0167 0.0055 0.0018 0.0006 1.0000 1.0000 1.0000 1.0000 1.0000 0.3643 0.1209 0.0401 0.0025
0.0037 0.0592 0.1785 0.5380 1.0000 1.0000 1.0000 1.0000 1.0000 0.0009 0.0027 0.0082 0.0247 0.0743 0.2239 0.6746 1.0000 1.0000 1.0000 1.0000 0.0004 0.0011 0.0033 0.0099 0.0291 0.0847 0.2416 0.6720 1.0000 1.0000 1.0000 1.0000 1.0000 0.0004 0.0009 0.0021 0.0047 0.0101 0.0214 0.0443 0.0904 0.1802 0.3540 0.6823 1.0000 1.0000 1.0000 1.0000 1.0000 1.0000 1.0000 1.0000 1.0000 1.0000 1.0000 1.0000 1.0000 0.6823 0.3540 0.1802 0.0904 0.0443 0.0214 0.0101 0.0047 0.0021 0.0009 0.0004 1.0000 1.0000 1.0000 1.0000 1.0000 0.6720 0.2416 0.0849 0.0293 0.0100 0.0034 0.0011 0.0004 1.0000 1.0000 1.0000 1.0000 0.6746 0.2239 0.0743 0.0247 0.0082 0.0027 0.0009 1.0000 1.0000 1.0000 1.0000 1.0000 0.5380 0.1785 0.0592 0.0037
0.0055 0.0875 0.2636 0.7944 1.0000 1.0000 1.0000 1.0000 0.0004 0.0013 0.0040 0.0121 0.0364 0.1097 0.3306 0.9962 1.0000 1.0000 1.0000 1.0000 0.0006 0.0017 0.0050 0.0148 0.0440 0.1290 0.3727 1.0000 1.0000 1.0000 1.0000 1.0000 1.0000 0.0007 0.0017 0.0040 0.0090 0.0198 0.0427 0.0904 0.1872 0.3820 0.7633 1.0000 1.0000 1.0000 1.0000 1.0000 1.0000 1.0000 1.0000 1.0000 1.0000 1.0000 1.0000 1.0000 1.0000 1.0000 0.7633 0.3820 0.1872 0.0904 0.0427 0.0198 0.0090 0.0040 0.0017 0.0007 1.0000 1.0000 1.0000 1.0000 1.0000 1.0000 0.3727 0.1290 0.0441 0.0149 0.0050 0.0017 0.0006 1.0000 1.0000 1.0000 1.0000 0.9962 0.3306 0.1097 0.0364 0.0121 0.0040 0.0013 0.0004 1.0000 1.0000 1.0000 1.0000 0.7944 0.2636 0.0875 0.0055
0.0081 0.1292 0.3893 1.0000 1.0000 1.0000 1.0000 1.0000 0.0007 0.0020 0.0059 0.0178 0.0538 0.1620 0.4882 1.0000 1.0000 1.0000 1.0000 1.0000 0.0008 0.0025 0.0074 0.0221 0.0658 0.1945 0.5685 1.0000 1.0000 1.0000 1.0000 1.0000 0.0005 0.0013 0.0031 0.0074 0.0169 0.0380 0.0836 0.1802 0.3820 0.7914 1.0000 1.0000 1.0000 1.0000 1.0000 1.0000 1.0000 1.0000 0.0005 1.0000 1.0000 1.0000 1.0000 1.0000 1.0000 1.0000 1.0000 0.7914 0.3820 0.1802 0.0836 0.0380 0.0169 0.0074 0.0031 0.0013 0.0005 1.0000 1.0000 1.0000 1.0000 1.0000 0.5685 0.1945 0.0659 0.0221 0.0074 0.0025 0.0008 1.0000 1.0000 1.0000 1.0000 1.0000 0.4882 0.1620 0.0538 0.0178 0.0059 0.0020 0.0007 1.0000 1.0000 1.0000 1.0000 1.0000 0.3893 0.1292 0.0081
0.0120 0.1908 0.5750 1.0000 1.0000 1.0000 1.0000 1.0000 0.0010 0.0029 0.0087 0.0264 0.0794 0.2393 0.7210 1.0000 1.0000 1.0000 1.0000 0.0004 0.0012 0.0036 0.0110 0.0328 0.0981 0.2922 0.8621 1.0000 1.0000 1.0000 1.0000 1.0000 0.0009 0.0022 0.0055 0.0133 0.0312 0.0718 0.1611 0.3540 0.7633 1.0000 1.0000 1.0000 1.0000 1.0000 1.0000 1.0000 0.0004 0.0008 0.0013 0.0008 0.0004 1.0000 1.0000 1.0000 1.0000 1.0000 1.0000 1.0000 0.7633 0.3540 0.1611 0.0718 0.0312 0.0133 0.0055 0.0022 0.0009 1.0000 1.0000 1.0000 1.0000 1.0000 0.8621 0.2922 0.0981 0.0329 0.0109 0.0036 0.0012 0.0004 1.0000 1.0000 1.0000 1.0000 0.7210 0.2393 0.0794 0.0264 0.0087 0.0029 0.0010 1.0000 1.0000 1.0000 1.0000 1.0000 0.5750 0.1908 0.0120
0.0177 0.2818 0.8491 1.0000 1.0000 1.0000 1.0000 0.0005 0.0014 0.0043 0.0129 0.0389 0.1173 0.3534 1.0000 1.0000 1.0000 1.0000 1.0000 0.0006 0.0018 0.0054 0.0162 0.0486 0.1457 0.4356 1.0000 1.0000 1.0000 1.0000 1.0000 0.0005 0.0014 0.0038 0.0095 0.0235 0.0566 0.1329 0.3041 0.6823 1.0000 1.0000 1.0000 1.0000 1.0000 1.0000 1.0000 0.0005 0.0009 0.0019 0.0030 0.0019 0.0009 0.0005 1.0000 1.0000 1.0000 1.0000 1.0000 1.0000 1.0000 0.6823 0.3041 0.1329 0.0566 0.0235 0.0095 0.0038 0.0014 0.0005 1.0000 1.0000 1.0000 1.0000 1.0000 0.4356 0.1457 0.0486 0.0162 0.0054 0.0018 0.0006 1.0000 1.0000 1.0000 1.0000 1.0000 0.3534 0.1173 0.0389 0.0129 0.0043 0.0014 0.0005 1.0000 1.0000 1.0000 1.0000 0.8491 0.2818 0.0177
0.0261 0.4161 1.0000 1.0000 1.0000 1.0000 1.0000 0.0007 0.0021 0.0063 0.0191 0.0575 0.1732 0.5218 1.0000 1.0000 1.0000 1.0000 1.0000 0.0009 0.0026 0.0079 0.0239 0.0719 0.2163 0.6482 1.0000 1.0000 1.0000 1.0000 1.0000 0.0009 0.0024 0.0063 0.0162 0.0410 0.1007 0.2416 0.5652 1.0000 1.0000 1.0000 1.0000 1.0000 1.0000 1.0000 0.0005 0.0011 0.0021 0.0042 0.0069 0.0042 0.0021 0.0011 0.0005 1.0000 1.0000 1.0000 1.0000 1.0000 1.0000 1.0000 0.5652 0.2416 0.1007 0.0410 0.0162 0.0063 0.0024 0.0009 1.0000 1.0000 1.0000 1.0000 1.0000 0.6482 0.2163 0.0719 0.0239 0.0079 0.0026 0.0009 1.0000 1.0000 1.0000 1.0000 1.0000 0.5218 0.1732 0.0575 0.0191 0.0063 0.0021 0.0007 1.0000 1.0000 1.0000 1.0000 1.0000 0.4161 0.0261
0.0385 0.6146 1.0000 1.0000 1.0000 1.0000 0.0003 0.0010 0.0031 0.0093 0.0282 0.0849 0.2557 0.7706 1.0000 1.0000 1.0000 1.0000 0.0004 0.0013 0.0039 0.0117 0.0353 0.1064 0.3207 0.9627 1.0000 1.0000 1.0000 1.0000 0.0005 0.0014 0.0038 0.0102 0.0271 0.0699 0.1755 0.4298 1.0000 1.0000 1.0000 1.0000 1.0000 1.0000 1.0000 0.0006 0.0012 0.0023 0.0046 0.0094 0.0156 0.0094 0.0046 0.0023 0.0012 0.0006 1.0000 1.0000 1.0000 1.0000 1.0000 1.0000 1.0000 0.4298 0.1755 0.0699 0.0271 0.0102 0.0038 0.0014 0.0005 1.0000 1.0000 1.0000 1.0000 0.9627 0.3207 0.1064 0.0353 0.0117 0.0039 0.0013 0.0004 1.0000 1.0000 1.0000 1.0000 0.7706 0.2557 0.0849 0.0282 0.0093 0.0031 0.0010 0.0003 1.0000 1.0000 1.0000 1.0000 0.6146 0.0385
0.0569 0.9076 1.0000 1.0000 1.0000 1.0000 0.0005 0.0015 0.0046 0.0138 0.0416 0.1253 0.3777 1.0000 1.0000 1.0000 1.0000 1.0000 0.0006 0.0019 0.0057 0.0173 0.0522 0.1572 0.4736 1.0000 1.0000 1.0000 1.0000 1.0000 0.0007 0.0021 0.0059 0.0164 0.0445 0.1173 0.3006 0.7532 1.0000 1.0000 1.0000 1.0000 1.0000 1.0000 0.0005 0.0012 0.0024 0.0049 0.0098 0.0205 0.0345 0.0206 0.0098 0.0049 0.0024 0.0012 0.0005 1.0000 1.0000 1.0000 1.0000 1.0000 1.0000 0.7532 0.3006 0.1173 0.0445 0.0164 0.0059 0.0021 0.0007 1.0000 1.0000 1.0000 1.0000 1.0000 0.4736 0.1572 0.0522 0.0173 0.0057 0.0019 0.0006 1.0000 1.0000 1.0000 1.0000 1.0000 0.3777 0.1253 0.0416 0.0138 0.0046 0.0015 0.0005 1.0000 1.0000 1.0000 1.0000 0.9076 0.0569
0.0839 1.0000 1.0000 1.0000 1.0000 1.0000 0.0007 0.0022 0.0068 0.0204 0.0614 0.1851 0.5577 1.0000 1.0000 1.0000 1.0000 1.0000 0.0009 0.0028 0.0085 0.0256 0.0770 0.2321 0.6994 1.0000 1.0000 1.0000 1.0000 0.0004 0.0011 0.0032 0.0092 0.0260 0.0717 0.1930 0.5062 1.0000 1.0000 1.0000 1.0000 1.0000 1.0000 0.0005 0.0011 0.0023 0.0049 0.0101 0.0207 0.0440 0.0749 0.0441 0.0207 0.0102 0.0049 0.0023 0.0011 0.0005 1.0000 1.0000 1.0000 1.0000 1.0000 1.0000 0.5062 0.1930 0.0717 0.0260 0.0092 0.0032 0.0011 0.0004 1.0000 1.0000 1.0000 1.0000 0.6994 0.2321 0.0770 0.0256 0.0085 0.0028 0.0009 1.0000 1.0000 1.0000 1.0000 1.0000 0.5577 0.1851 0.0614 0.0204 0.0068 0.0022 0.0007 1.0000 1.0000 1.0000 1.0000 1.0000 0.0839
0.1237 1.0000 1.0000 1.0000 1.0000 0.0004 0.0011 0.0033 0.0100 0.0301 0.0907 0.2733 0.8237 1.0000 1.0000 1.0000 1.0000 0.0005 0.0014 0.0042 0.0125 0.0377 0.1137 0.3428 1.0000 1.0000 1.0000 1.0000 1.0000 0.0006 0.0017 0.0049 0.0142 0.0406 0.1137 0.3123 0.8347 1.0000 1.0000 1.0000 1.0000 1.0000 0.0004 0.0009 0.0021 0.0046 0.0098 0.0207 0.0428 0.0930 0.1599 0.0932 0.0429 0.0207 0.0098 0.0046 0.0021 0.0009 0.0004 1.0000 1.0000 1.0000 1.0000 1.0000 0.8347 0.3123 0.1137 0.0406 0.0142 0.0049 0.0017 0.0006 1.0000 1.0000 1.0000 1.0000 1.0000 0.3428 0.1137 0.0377 0.0125 0.0042 0.0014 0.0005 1.0000 1.0000 1.0000 1.0000 0.8237 0.2733 0.0907 0.0301 0.0100 0.0033 0.0011 0.0004 1.0000 1.0000 1.0000 1.0000 0.1234
0.1919 1.0000 1.0000 1.0000 1.0000 0.0006 0.0017 0.0050 0.0152 0.0457 0.1376 0.4146 1.0000 1.0000 1.0000 1.0000 1.0000 0.0007 0.0021 0.0063 0.0190 0.0573 0.1725 0.5198 1.0000 1.0000 1.0000 1.0000 1.0000 0.0009 0.0026 0.0076 0.0222 0.0644 0.1833 0.5120 1.0000 1.0000 1.0000 1.0000 1.0000 1.0000 0.0008 0.0019 0.0042 0.0094 0.0205 0.0441 0.0930 0.2043 0.3561 0.2047 0.0932 0.0441 0.0206 0.0094 0.0042 0.0019 0.0008 1.0000 1.0000 1.0000 1.0000 1.0000 1.0000 0.5120 0.1833 0.0644 0.0222 0.0076 0.0026 0.0009 1.0000 1.0000 1.0000 1.0000 1.0000 0.5198 0.1725 0.0573 0.0190 0.0063 0.0021 0.0007 1.0000 1.0000 1.0000 1.0000 1.0000 0.4146 0.1376 0.0457 0.0152 0.0050 0.0017 0.0006 1.0000 1.0000 1.0000 1.0000 0.1915
0.2697 1.0000 1.0000 1.0000 1.0000 0.0008 0.0023 0.0068 0.0205 0.0618 0.1862 0.5609 1.0000 1.0000 1.0000 1.0000 1.0000 0.0009 0.0028 0.0085 0.0257 0.0775 0.2334 0.7034 1.0000 1.0000 1.0000 1.0000 0.0004 0.0012 0.0035 0.0104 0.0307 0.0895 0.2577 0.7321 1.0000 1.0000 1.0000 1.0000 1.0000 0.0005 0.0013 0.0030 0.0069 0.0156 0.0345 0.0749 0.1599 0.3561 0.6030 0.3561 0.1599 0.0749 0.0345 0.0156 0.0069 0.0030 0.0013 0.0005 1.0000 1.0000 1.0000 1.0000 1.0000 0.7321 0.2577 0.0895 0.0307 0.0104 0.0035 0.0012 0.0004 1.0000 1.0000 1.0000 1.0000 0.7034 0.2334 0.0775 0.0257 0.0085 0.0028 0.0009 1.0000 1.0000 1.0000 1.0000 1.0000 0.5609 0.1862 0.0618 0.0205 0.0068 0.0023 0.0008 1.0000 1.0000 1.0000 1.0000 0.2692
0.1919 1.0000 1.0000 1.0000 1.0000 0.0006 0.0017 0.0050 0.0152 0.0457 0.1376 0.4146 1.0000 1.0000 1.0000 1.0000 1.0000 0.0007 0.0021 0.0063 0.0190 0.0573 0.1725 0.5198 1.0000 1.0000 1.0000 1.0000 1.0000 0.0009 0.0026 0.0076 0.0222 0.0644 0.1833 0.5120 1.0000 1.0000 1.0000 1.0000 1.0000 1.0000 0.0008 0.0019 0.0042 0.0094 0.0206 0.0441 0.0932 0.2047 0.3561 0.2047 0.0932 0.0441 0.0206 0.0094 0.0042 0.0019 0.0008 1.0000 1.0000 1.0000 1.0000 1.0000 1.0000 0.5120 0.1833 0.0644 0.0222 0.0076 0.0026 0.0009 1.0000 1.0000 1.0000 1.0000 1.0000 0.5198 0.1725 0.0573 0.0190 0.0063 0.0021 0.0007 1.0000 1.0000 1.0000 1.0000 1.0000 0.4146 0.1376 0.0457 0.0152 0.0050 0.0017 0.0006 1.0000 1.0000 1.0000 1.0000 0.1915
0.1237 1.0000 1.0000 1.0000 1.0000 0.0004 0.0011 0.0033 0.0100 0.0301 0.0907 0.2733 0.8237 1.0000 1.0000 1.0000 1.0000 0.0005 0.0014 0.0042 0.0125 0.0377 0.1137 0.3428 1.0000 1.0000 1.0000 1.0000 1.0000 0.0006 0.0017 0.0049 0.0142 0.0406 0.1137 0.3123 0.8347 1.0000 1.0000 1.0000 1.0000 1.0000 0.0004 0.0009 0.0021 0.0046 0.0098 0.0207 0.0429 0.0932 0.1599 0.0932 0.0429 0.0207 0.0098 0.0046 0.0021 0.0009 0.0004 1.0000 1.0000 1.0000 1.0000 1.0000 0.8347 0.3123 0.1137 0.0406 0.0142 0.0049 0.0017 0.0006 1.0000 1.0000 1.0000 1.0000 1.0000 0.3428 0.1137 0.0377 0.0125 0.0042 0.0014 0.0005 1.0000 1.0000 1.0000 1.0000 0.8237 0.2733 0.0907 0.0301 0.0100 0.0033 0.0011 0.0004 1.0000 1.0000 1.0000 1.0000 0.1234
0.0839 1.0000 1.0000 1.0000 1.0000 1.0000 0.0007 0.0022 0.0068 0.0204 0.0614 0.1851 0.5577 1.0000 1.0000 1.0000 1.0000 1.0000 0.0009 0.0028 0.0085 0.0256 0.0770 0.2321 0.6994 1.0000 1.0000 1.0000 1.0000 0.0004 0.0011 0.0032 0.0092 0.0260 0.0717 0.1930 0.5062 1.0000 1.0000 1.0000 1.0000 1.0000 1.0000 0.0005 0.0011 0.0023 0.0049 0.0102 0.0207 0.0441 0.0749 0.0441 0.0207 0.0102 0.0049 0.0023 0.0011 0.0005 1.0000 1.0000 1.0000 1.0000 1.0000 1.0000 0.5062 0.1930 0.0717 0.0260 0.0092 0.0032 0.0011 0.0004 1.0000 1.0000 1.0000 1.0000 0.6994 0.2321 0.0770 0.0256 0.0085 0.0028 0.0009 1.0000 1.0000 1.0000 1.0000 1.0000 0.5577 0.1851 0.0614 0.0204 0.0068 0.0022 0.0007 1.0000 1.0000 1.0000 1.0000 1.0000 0.0839
0.0569 0.9076 1.0000 1.0000 1.0000 1.0000 0.0005 0.0015 0.0046 0.0138 0.0416 0.1253 0.3777 1.0000 1.0000 1.0000 1.0000 1.0000 0.0006 0.0019 0.0057 0.0173 0.0522 0.1572 0.4736 1.0000 1.0000 1.0000 1.0000 1.0000 0.0007 0.0021 0.0059 0.0164 0.0445 0.1173 0.3006 0.7532 1.0000 1.0000 1.0000 1.0000 1.0000 1.0000 0.0005 0.0012 0.0024 0.0049 0.0098 0.0206 0.0345 0.0206 0.0098 0.0049 0.0024 0.0012 0.0005 1.0000 1.0000 1.0000 1.0000 1.0000 1.0000 0.7532 0.3006 0.1173 0.0445 0.0164 0.0059 0.0021 0.0007 1.0000 1.0000 1.0000 1.0000 1.0000 0.4736 0.1572 0.0522 0.0173 0.0057 0.0019 0.0006 1.0000 1.0000 1.0000 1.0000 1.0000 0.3777 0.1253 0.0416 0.0138 0.0046 0.0015 0.0005 1.0000 1.0000 1.0000 1.0000 0.9076 0.0569
0.0385 0.6146 1.0000 1.0000 1.0000 1.0000 0.0003 0.0010 0.0031 0.0093 0.0282 0.0849 0.2557 0.7706 1.0000 1.0000 1.0000 1.0000 0.0004 0.0013 0.0039 0.0117 0.0353 0.1064 0.3207 0.9627 1.0000 1.0000 1.0000 1.0000 0.0005 0.0014 0.0038 0.0102 0.0271 0.0699 0.1755 0.4298 1.0000 1.0000 1.0000 1.0000 1.0000 1.0000 1.0000 0.0006 0.0012 0.0023 0.0046 0.0094 0.0156 0.0094 0.0046 0.0023 0.0012 0.0006 1.0000 1.0000 1.0000 1.0000 1.0000 1.0000 1.0000 0.4298 0.1755 0.0699 0.0271 0.0102 0.0038 0.0014 0.0005 1.0000 1.0000 1.0000 1.0000 0.9627 0.3207 0.1064 0.0353 0.0117 0.0039 0.0013 0.0004 1.0000 1.0000 1.0000 1.0000 0.7706 0.2557 0.0849 0.0282 0.0093 0.0031 0.0010 0.0003 1.0000 1.0000 1.0000 1.0000 0.6146 0.0385
