0.4066 0.3034 0.3079 0.3157 0.3249 0.3356 0.3477 0.3605 0.3736 0.3860 0.3970 0.4060 0.4126 0.4172 0.4200 0.4216 0.4224 0.4224 0.4217 0.4200 0.4175 0.4142 0.4100 0.4050 0.3990 0.3917 0.3828 0.3718 0.3574 0.3399 0.3215 0.3077 0.3017 0.3005 0.3023 0.3066 0.3131 0.3215 0.3316 0.3431 0.3557 0.3687 0.3815 0.3931 0.4029 0.4104 0.4157 0.4191 0.4212 0.4221 0.4216 0.4221 0.4212 0.4191 0.4157 0.4104 0.4029 0.3931 0.3815 0.3687 0.3557 0.3431 0.3316 0.3215 0.3131 0.3066 0.3023 0.3005 0.3017 0.3077 0.3215 0.3399 0.3574 0.3718 0.3828 0.3917 0.3990 0.4050 0.4100 0.4142 0.4175 0.4200 0.4217 0.4224 0.4224 0.4216 0.4200 0.4172 0.4126 0.4060 0.3970 0.3860 0.3736 0.3605 0.3477 0.3356 0.3249 0.3157 0.3079 0.3034 0.4066
0.3034 0.2133 0.2490 0.2748 0.3017 0.3286 0.3547 0.3788 0.3982 0.4112 0.4179 0.4204 0.4203 0.4187 0.4158 0.4118 0.4068 0.4006 0.3929 0.3838 0.3730 0.3605 0.3461 0.3292 0.3090 0.2835 0.2515 0.2159 0.1872 0.1756 0.1761 0.1858 0.1991 0.2144 0.2317 0.2512 0.2727 0.2961 0.3209 0.3462 0.3707 0.3918 0.4072 0.4160 0.4199 0.4206 0.4194 0.4170 0.4135 0.4084 0.4034 0.4084 0.4135 0.4170 0.4194 0.4206 0.4199 0.4160 0.4072 0.3918 0.3707 0.3462 0.3209 0.2961 0.2727 0.2512 0.2317 0.2144 0.1991 0.1858 0.1761 0.1756 0.1872 0.2159 0.2515 0.2835 0.3090 0.3292 0.3461 0.3605 0.3730 0.3838 0.3929 0.4006 0.4068 0.4118 0.4158 0.4187 0.4203 0.4204 0.4179 0.4112 0.3982 0.3788 0.3547 0.3286 0.3017 0.2748 0.2490 0.2133 0.3034
0.3079 0.2490 0.2950 0.3344 0.3683 0.3942 0.4101 0.4176 0.4200 0.4197 0.4178 0.4147 0.4107 0.4057 0.3998 0.3929 0.3847 0.3749 0.3633 0.3496 0.3333 0.3139 0.2897 0.2589 0.2239 0.1931 0.1787 0.1777 0.1860 0.1994 0.2148 0.2322 0.2517 0.2733 0.2968 0.3217 0.3472 0.3716 0.3926 0.4076 0.4161 0.4196 0.4201 0.4186 0.4159 0.4122 0.4076 0.4021 0.3956 0.3872 0.3799 0.3872 0.3956 0.4021 0.4076 0.4122 0.4159 0.4186 0.4201 0.4196 0.4161 0.4076 0.3926 0.3716 0.3472 0.3217 0.2968 0.2733 0.2517 0.2322 0.2148 0.1994 0.1860 0.1777 0.1787 0.1931 0.2239 0.2589 0.2897 0.3139 0.3333 0.3496 0.3633 0.3749 0.3847 0.3929 0.3998 0.4057 0.4107 0.4147 0.4178 0.4197 0.4200 0.4176 0.4101 0.3942 0.3683 0.3344 0.2950 0.2490 0.3079
0.3157 0.2748 0.3344 0.3803 0.4079 0.4182 0.4200 0.4185 0.4156 0.4116 0.4067 0.4009 0.3941 0.3862 0.3767 0.3654 0.3521 0.3363 0.3175 0.2943 0.2645 0.2301 0.1974 0.1799 0.1772 0.1839 0.1970 0.2120 0.2291 0.2483 0.2695 0.2927 0.3174 0.3428 0.3676 0.3894 0.4055 0.4151 0.4193 0.4201 0.4190 0.4165 0.4129 0.4085 0.4031 0.3968 0.3893 0.3804 0.3698 0.3563 0.3447 0.3563 0.3698 0.3804 0.3893 0.3968 0.4031 0.4085 0.4129 0.4165 0.4190 0.4201 0.4193 0.4151 0.4055 0.3894 0.3676 0.3428 0.3174 0.2927 0.2695 0.2483 0.2291 0.2120 0.1970 0.1839 0.1772 0.1799 0.1974 0.2301 0.2645 0.2943 0.3175 0.3363 0.3521 0.3654 0.3767 0.3862 0.3941 0.4009 0.4067 0.4116 0.4156 0.4185 0.4200 0.4182 0.4079 0.3803 0.3344 0.2748 0.3157
0.3249 0.3017 0.3683 0.4079 0.4193 0.4190 0.4151 0.4098 0.4036 0.3965 0.3883 0.3788 0.3677 0.3547 0.3392 0.3210 0.2987 0.2700 0.2362 0.2021 0.1817 0.1770 0.1821 0.1946 0.2093 0.2260 0.2448 0.2657 0.2886 0.3131 0.3385 0.3635 0.3860 0.4033 0.4139 0.4188 0.4202 0.4193 0.4170 0.4136 0.4093 0.4041 0.3979 0.3907 0.3820 0.3718 0.3596 0.3452 0.3281 0.3061 0.2867 0.3061 0.3281 0.3452 0.3596 0.3718 0.3820 0.3907 0.3979 0.4041 0.4093 0.4136 0.4170 0.4193 0.4202 0.4188 0.4139 0.4033 0.3860 0.3635 0.3385 0.3131 0.2886 0.2657 0.2448 0.2260 0.2093 0.1946 0.1821 0.1770 0.1817 0.2021 0.2362 0.2700 0.2987 0.3210 0.3392 0.3547 0.3677 0.3788 0.3883 0.3965 0.4036 0.4098 0.4151 0.4190 0.4193 0.4079 0.3683 0.3017 0.3249
0.3356 0.3286 0.3942 0.4182 0.4190 0.4136 0.4059 0.3968 0.3863 0.3741 0.3602 0.3443 0.3259 0.3040 0.2764 0.2428 0.2074 0.1839 0.1771 0.1805 0.1923 0.2067 0.2230 0.2415 0.2620 0.2846 0.3089 0.3342 0.3593 0.3824 0.4008 0.4125 0.4183 0.4201 0.4195 0.4174 0.4143 0.4101 0.4051 0.3991 0.3920 0.3836 0.3736 0.3618 0.3478 0.3312 0.3113 0.2865 0.2549 0.2193 0.1962 0.2193 0.2549 0.2865 0.3113 0.3312 0.3478 0.3618 0.3736 0.3836 0.3920 0.3991 0.4051 0.4101 0.4143 0.4174 0.4195 0.4201 0.4183 0.4125 0.4008 0.3824 0.3593 0.3342 0.3089 0.2846 0.2620 0.2415 0.2230 0.2067 0.1923 0.1805 0.1771 0.1839 0.2074 0.2428 0.2764 0.3040 0.3259 0.3443 0.3602 0.3741 0.3863 0.3968 0.4059 0.4136 0.4190 0.4182 0.3942 0.3286 0.3356
0.3477 0.3547 0.4101 0.4200 0.4151 0.4059 0.3942 0.3798 0.3626 0.3424 0.3191 0.2919 0.2573 0.2180 0.1878 0.1770 0.1789 0.1898 0.2039 0.2200 0.2382 0.2584 0.2807 0.3046 0.3298 0.3551 0.3787 0.3981 0.4110 0.4177 0.4200 0.4198 0.4179 0.4149 0.4109 0.4060 0.4002 0.3933 0.3851 0.3755 0.3640 0.3504 0.3343 0.3150 0.2912 0.2606 0.2259 0.1944 0.1791 0.1775 0.1802 0.1775 0.1791 0.1944 0.2259 0.2606 0.2912 0.3150 0.3343 0.3504 0.3640 0.3755 0.3851 0.3933 0.4002 0.4060 0.4109 0.4149 0.4179 0.4198 0.4200 0.4177 0.4110 0.3981 0.3787 0.3551 0.3298 0.3046 0.2807 0.2584 0.2382 0.2200 0.2039 0.1898 0.1789 0.1770 0.1878 0.2180 0.2573 0.2919 0.3191 0.3424 0.3626 0.3798 0.3942 0.4059 0.4151 0.4200 0.4101 0.3547 0.3477
0.3605 0.3788 0.4176 0.4185 0.4098 0.3968 0.3798 0.3582 0.3317 0.2996 0.2592 0.2101 0.1795 0.1754 0.1848 0.1993 0.2157 0.2339 0.2542 0.2764 0.3003 0.3254 0.3509 0.3749 0.3952 0.4093 0.4169 0.4198 0.4199 0.4183 0.4155 0.4116 0.4069 0.4012 0.3945 0.3866 0.3772 0.3661 0.3529 0.3372 0.3186 0.2957 0.2662 0.2320 0.1988 0.1804 0.1771 0.1833 0.1965 0.2113 0.2202 0.2113 0.1965 0.1833 0.1771 0.1804 0.1988 0.2320 0.2662 0.2957 0.3186 0.3372 0.3529 0.3661 0.3772 0.3866 0.3945 0.4012 0.4069 0.4116 0.4155 0.4183 0.4199 0.4198 0.4169 0.4093 0.3952 0.3749 0.3509 0.3254 0.3003 0.2764 0.2542 0.2339 0.2157 0.1993 0.1848 0.1754 0.1795 0.2101 0.2592 0.2996 0.3317 0.3582 0.3798 0.3968 0.4098 0.4185 0.4176 0.3788 0.3605
0.3736 0.3982 0.4200 0.4156 0.4036 0.3863 0.3626 0.3317 0.2924 0.2388 0.1854 0.1724 0.1855 0.2033 0.2231 0.2448 0.2683 0.2932 0.3193 0.3455 0.3705 0.3920 0.4073 0.4160 0.4196 0.4201 0.4187 0.4160 0.4123 0.4078 0.4023 0.3958 0.3881 0.3790 0.3681 0.3553 0.3401 0.3220 0.3000 0.2716 0.2381 0.2037 0.1823 0.1770 0.1816 0.1939 0.2085 0.2251 0.2441 0.2648 0.2769 0.2648 0.2441 0.2251 0.2085 0.1939 0.1816 0.1770 0.1823 0.2037 0.2381 0.2716 0.3000 0.3220 0.3401 0.3553 0.3681 0.3790 0.3881 0.3958 0.4023 0.4078 0.4123 0.4160 0.4187 0.4201 0.4196 0.4160 0.4073 0.3920 0.3705 0.3455 0.3193 0.2932 0.2683 0.2448 0.2231 0.2033 0.1855 0.1724 0.1854 0.2388 0.2924 0.3317 0.3626 0.3863 0.4036 0.4156 0.4200 0.3982 0.3736
0.3860 0.4112 0.4197 0.4116 0.3965 0.3741 0.3424 0.2996 0.2388 0.1795 0.1753 0.1952 0.2184 0.2445 0.2728 0.3024 0.3324 0.3610 0.3857 0.4040 0.4145 0.4192 0.4201 0.4190 0.4165 0.4130 0.4086 0.4033 0.3969 0.3895 0.3806 0.3701 0.3576 0.3429 0.3253 0.3041 0.2770 0.2441 0.2090 0.1847 0.1771 0.1801 0.1916 0.2058 0.2221 0.2404 0.2609 0.2833 0.3079 0.3330 0.3468 0.3330 0.3079 0.2833 0.2609 0.2404 0.2221 0.2058 0.1916 0.1801 0.1771 0.1847 0.2090 0.2441 0.2770 0.3041 0.3253 0.3429 0.3576 0.3701 0.3806 0.3895 0.3969 0.4033 0.4086 0.4130 0.4165 0.4190 0.4201 0.4192 0.4145 0.4040 0.3857 0.3610 0.3324 0.3024 0.2728 0.2445 0.2184 0.1952 0.1753 0.1795 0.2388 0.2996 0.3424 0.3741 0.3965 0.4116 0.4197 0.4112 0.3860
0.3970 0.4179 0.4178 0.4067 0.3883 0.3602 0.3191 0.2592 0.1854 0.1753 0.1986 0.2268 0.2589 0.2940 0.3301 0.3642 0.3920 0.4096 0.4177 0.4201 0.4195 0.4172 0.4138 0.4095 0.4043 0.3981 0.3909 0.3822 0.3720 0.3599 0.3456 0.3285 0.3081 0.2821 0.2500 0.2146 0.1876 0.1775 0.1789 0.1894 0.2033 0.2192 0.2371 0.2572 0.2794 0.3033 0.3284 0.3538 0.3779 0.3973 0.4051 0.3973 0.3779 0.3538 0.3284 0.3033 0.2794 0.2572 0.2371 0.2192 0.2033 0.1894 0.1789 0.1775 0.1876 0.2146 0.2500 0.2821 0.3081 0.3285 0.3456 0.3599 0.3720 0.3822 0.3909 0.3981 0.4043 0.4095 0.4138 0.4172 0.4195 0.4201 0.4177 0.4096 0.3920 0.3642 0.3301 0.2940 0.2589 0.2268 0.1986 0.1753 0.1854 0.2592 0.3191 0.3602 0.3883 0.4067 0.4178 0.4179 0.3970
0.4060 0.4204 0.4147 0.4009 0.3789 0.3443 0.2919 0.2101 0.1724 0.1952 0.2268 0.2640 0.3052 0.3471 0.3840 0.4080 0.4180 0.4201 0.4186 0.4154 0.4111 0.4059 0.3997 0.3925 0.3840 0.3740 0.3622 0.3482 0.3317 0.3119 0.2872 0.2558 0.2206 0.1910 0.1782 0.1781 0.1872 0.2007 0.2163 0.2339 0.2537 0.2755 0.2991 0.3241 0.3495 0.3737 0.3943 0.4087 0.4167 0.4197 0.4195 0.4197 0.4167 0.4087 0.3943 0.3737 0.3495 0.3241 0.2991 0.2755 0.2537 0.2339 0.2163 0.2007 0.1872 0.1781 0.1782 0.1910 0.2206 0.2558 0.2872 0.3119 0.3317 0.3482 0.3622 0.3740 0.3840 0.3925 0.3997 0.4059 0.4111 0.4154 0.4186 0.4201 0.4180 0.4080 0.3840 0.3471 0.3052 0.2640 0.2268 0.1952 0.1724 0.2101 0.2919 0.3443 0.3788 0.4009 0.4147 0.4204 0.4060
0.4126 0.4203 0.4107 0.3942 0.3677 0.3259 0.2573 0.1795 0.1855 0.2184 0.2589 0.3052 0.3527 0.3925 0.4140 0.4199 0.4189 0.4151 0.4099 0.4035 0.3961 0.3874 0.3773 0.3654 0.3515 0.3353 0.3159 0.2922 0.2616 0.2268 0.1950 0.1792 0.1774 0.1851 0.1983 0.2135 0.2308 0.2501 0.2716 0.2949 0.3198 0.3452 0.3698 0.3911 0.4067 0.4156 0.4195 0.4201 0.4188 0.4160 0.4132 0.4160 0.4188 0.4201 0.4195 0.4156 0.4067 0.3911 0.3698 0.3452 0.3198 0.2949 0.2716 0.2501 0.2308 0.2135 0.1983 0.1851 0.1774 0.1792 0.1950 0.2268 0.2616 0.2922 0.3159 0.3353 0.3515 0.3654 0.3773 0.3874 0.3961 0.4035 0.4099 0.4151 0.4189 0.4199 0.4140 0.3925 0.3527 0.3052 0.2589 0.2184 0.1855 0.1795 0.2573 0.3259 0.3677 0.3941 0.4107 0.4203 0.4126
0.4172 0.4187 0.4057 0.3862 0.3547 0.3041 0.2180 0.1754 0.2033 0.2445 0.2940 0.3471 0.3925 0.4154 0.4201 0.4174 0.4120 0.4048 0.3961 0.3857 0.3735 0.3592 0.3425 0.3229 0.2997 0.2699 0.2347 0.2002 0.1807 0.1770 0.1830 0.1959 0.2108 0.2277 0.2467 0.2678 0.2908 0.3155 0.3409 0.3657 0.3878 0.4045 0.4145 0.4191 0.4202 0.4191 0.4167 0.4133 0.4089 0.4032 0.3984 0.4032 0.4089 0.4133 0.4167 0.4191 0.4202 0.4191 0.4145 0.4045 0.3878 0.3657 0.3409 0.3155 0.2908 0.2678 0.2467 0.2277 0.2108 0.1959 0.1830 0.1770 0.1807 0.2002 0.2347 0.2699 0.2997 0.3229 0.3425 0.3592 0.3735 0.3857 0.3961 0.4048 0.4120 0.4174 0.4201 0.4154 0.3925 0.3471 0.2940 0.2445 0.2033 0.1754 0.2180 0.3040 0.3547 0.3862 0.4057 0.4187 0.4172
0.4200 0.4158 0.3998 0.3767 0.3393 0.2764 0.1878 0.1848 0.2231 0.2728 0.3301 0.3840 0.4140 0.4201 0.4169 0.4102 0.4013 0.3902 0.3766 0.3600 0.3403 0.3169 0.2889 0.2525 0.2123 0.1842 0.1764 0.1805 0.1929 0.2077 0.2244 0.2432 0.2640 0.2868 0.3112 0.3365 0.3616 0.3844 0.4022 0.4133 0.4186 0.4202 0.4194 0.4172 0.4139 0.4097 0.4046 0.3985 0.3913 0.3822 0.3744 0.3822 0.3913 0.3985 0.4046 0.4097 0.4139 0.4172 0.4194 0.4202 0.4186 0.4133 0.4022 0.3844 0.3616 0.3365 0.3112 0.2868 0.2640 0.2432 0.2244 0.2077 0.1929 0.1805 0.1764 0.1842 0.2123 0.2525 0.2889 0.3169 0.3403 0.3600 0.3766 0.3902 0.4013 0.4102 0.4169 0.4201 0.4140 0.3840 0.3301 0.2728 0.2231 0.1848 0.1878 0.2764 0.3392 0.3767 0.3998 0.4158 0.4200
0.4216 0.4118 0.3929 0.3654 0.3210 0.2428 0.1770 0.1993 0.2448 0.3024 0.3642 0.4080 0.4199 0.4174 0.4102 0.4001 0.3871 0.3704 0.3495 0.3239 0.2925 0.2512 0.2043 0.1778 0.1760 0.1869 0.2020 0.2191 0.2381 0.2591 0.2820 0.3065 0.3320 0.3573 0.3807 0.3996 0.4118 0.4180 0.4201 0.4196 0.4177 0.4145 0.4105 0.4055 0.3996 0.3926 0.3843 0.3745 0.3628 0.3480 0.3355 0.3480 0.3628 0.3745 0.3843 0.3926 0.3996 0.4055 0.4105 0.4145 0.4177 0.4196 0.4201 0.4180 0.4118 0.3996 0.3807 0.3573 0.3320 0.3065 0.2820 0.2591 0.2381 0.2191 0.2020 0.1869 0.1760 0.1778 0.2043 0.2512 0.2925 0.3239 0.3495 0.3704 0.3871 0.4001 0.4102 0.4174 0.4199 0.4080 0.3642 0.3024 0.2448 0.1993 0.1770 0.2428 0.3210 0.3654 0.3929 0.4118 0.4216
0.4224 0.4068 0.3847 0.3521 0.2987 0.2074 0.1789 0.2157 0.2683 0.3324 0.3920 0.4180 0.4189 0.4120 0.4013 0.3871 0.3682 0.3438 0.3129 0.2732 0.2184 0.1788 0.1746 0.1887 0.2065 0.2265 0.2487 0.2728 0.2984 0.3249 0.3514 0.3761 0.3964 0.4101 0.4173 0.4199 0.4198 0.4181 0.4151 0.4112 0.4064 0.4007 0.3939 0.3858 0.3763 0.3649 0.3515 0.3356 0.3166 0.2918 0.2695 0.2918 0.3166 0.3356 0.3515 0.3649 0.3763 0.3858 0.3939 0.4007 0.4064 0.4112 0.4151 0.4181 0.4198 0.4199 0.4173 0.4101 0.3964 0.3761 0.3514 0.3249 0.2984 0.2728 0.2487 0.2265 0.2065 0.1887 0.1746 0.1788 0.2184 0.2732 0.3129 0.3438 0.3682 0.3871 0.4013 0.4120 0.4189 0.4180 0.3920 0.3324 0.2683 0.2157 0.1789 0.2074 0.2987 0.3521 0.3847 0.4068 0.4224
0.4224 0.4006 0.3749 0.3363 0.2700 0.1839 0.1898 0.2339 0.2932 0.3610 0.4096 0.4201 0.4151 0.4048 0.3902 0.3704 0.3438 0.3091 0.2624 0.2001 0.1716 0.1825 0.2022 0.2250 0.2506 0.2785 0.3080 0.3378 0.3661 0.3900 0.4069 0.4160 0.4196 0.4200 0.4185 0.4157 0.4120 0.4073 0.4017 0.3951 0.3873 0.3780 0.3670 0.3540 0.3385 0.3201 0.2977 0.2687 0.2347 0.2007 0.1837 0.2007 0.2347 0.2687 0.2977 0.3201 0.3385 0.3540 0.3670 0.3780 0.3873 0.3951 0.4017 0.4073 0.4120 0.4157 0.4185 0.4200 0.4196 0.4160 0.4069 0.3900 0.3661 0.3378 0.3080 0.2785 0.2506 0.2250 0.2022 0.1825 0.1716 0.2001 0.2624 0.3091 0.3438 0.3704 0.3902 0.4048 0.4151 0.4201 0.4096 0.3610 0.2932 0.2339 0.1898 0.1839 0.2700 0.3363 0.3749 0.4006 0.4224
0.4217 0.3929 0.3633 0.3175 0.2362 0.1771 0.2039 0.2542 0.3193 0.3857 0.4177 0.4186 0.4099 0.3961 0.3766 0.3495 0.3129 0.2624 0.1947 0.1709 0.1886 0.2122 0.2398 0.2710 0.3047 0.3391 0.3711 0.3965 0.4119 0.4185 0.4201 0.4191 0.4165 0.4129 0.4083 0.4028 0.3964 0.3888 0.3797 0.3690 0.3564 0.3414 0.3235 0.3019 0.2741 0.2408 0.2060 0.1833 0.1771 0.1809 0.1869 0.1809 0.1771 0.1833 0.2060 0.2408 0.2741 0.3019 0.3235 0.3414 0.3564 0.3690 0.3797 0.3888 0.3964 0.4028 0.4083 0.4129 0.4165 0.4191 0.4201 0.4185 0.4119 0.3965 0.3711 0.3391 0.3047 0.2710 0.2398 0.2122 0.1886 0.1709 0.1947 0.2624 0.3129 0.3495 0.3766 0.3961 0.4099 0.4186 0.4177 0.3857 0.3193 0.2542 0.2039 0.1771 0.2362 0.3175 0.3633 0.3929 0.4217
0.4200 0.3838 0.3496 0.2943 0.2021 0.1805 0.2200 0.2764 0.3455 0.4040 0.4201 0.4154 0.4035 0.3858 0.3601 0.3239 0.2732 0.2001 0.1709 0.1907 0.2174 0.2493 0.2855 0.3243 0.3623 0.3935 0.4120 0.4191 0.4200 0.4180 0.4146 0.4101 0.4046 0.3982 0.3906 0.3817 0.3713 0.3588 0.3442 0.3268 0.3059 0.2793 0.2468 0.2115 0.1860 0.1773 0.1795 0.1906 0.2049 0.2209 0.2304 0.2209 0.2049 0.1906 0.1795 0.1773 0.1860 0.2115 0.2468 0.2793 0.3059 0.3268 0.3442 0.3588 0.3713 0.3817 0.3906 0.3982 0.4046 0.4101 0.4146 0.4180 0.4200 0.4191 0.4120 0.3935 0.3623 0.3243 0.2855 0.2493 0.2174 0.1907 0.1709 0.2001 0.2732 0.3239 0.3600 0.3857 0.4035 0.4154 0.4201 0.4040 0.3455 0.2764 0.2200 0.1805 0.2021 0.2943 0.3496 0.3838 0.4200
0.4175 0.3730 0.3333 0.2645 0.1817 0.1923 0.2382 0.3003 0.3705 0.4145 0.4195 0.4111 0.3961 0.3736 0.3404 0.2925 0.2184 0.1716 0.1886 0.2174 0.2525 0.2929 0.3361 0.3766 0.4053 0.4177 0.4201 0.4180 0.4139 0.4085 0.4020 0.3944 0.3854 0.3748 0.3624 0.3479 0.3309 0.3104 0.2849 0.2529 0.2174 0.1892 0.1778 0.1785 0.1884 0.2021 0.2178 0.2357 0.2559 0.2778 0.2905 0.2778 0.2559 0.2357 0.2178 0.2021 0.1884 0.1785 0.1778 0.1892 0.2174 0.2529 0.2849 0.3104 0.3309 0.3479 0.3624 0.3748 0.3854 0.3944 0.4020 0.4085 0.4139 0.4180 0.4201 0.4177 0.4053 0.3766 0.3361 0.2929 0.2525 0.2174 0.1886 0.1716 0.2184 0.2925 0.3403 0.3735 0.3961 0.4111 0.4195 0.4145 0.3705 0.3003 0.2382 0.1923 0.1817 0.2645 0.3333 0.3730 0.4175
0.4142 0.3605 0.3139 0.2301 0.1770 0.2067 0.2584 0.3254 0.3920 0.4192 0.4172 0.4059 0.3875 0.3593 0.3170 0.2512 0.1788 0.1825 0.2122 0.2493 0.2929 0.3400 0.3831 0.4105 0.4195 0.4193 0.4154 0.4096 0.4022 0.3934 0.3828 0.3704 0.3557 0.3384 0.3181 0.2935 0.2619 0.2256 0.1935 0.1786 0.1776 0.1861 0.1996 0.2150 0.2325 0.2520 0.2737 0.2972 0.3225 0.3478 0.3613 0.3478 0.3225 0.2972 0.2737 0.2520 0.2325 0.2150 0.1996 0.1861 0.1776 0.1786 0.1935 0.2256 0.2619 0.2935 0.3181 0.3384 0.3557 0.3704 0.3828 0.3934 0.4022 0.4096 0.4154 0.4193 0.4195 0.4105 0.3831 0.3400 0.2929 0.2493 0.2122 0.1825 0.1788 0.2512 0.3169 0.3592 0.3874 0.4059 0.4172 0.4192 0.3920 0.3254 0.2584 0.2067 0.1770 0.2301 0.3139 0.3605 0.4142
0.4100 0.3461 0.2897 0.1974 0.1821 0.2230 0.2807 0.3509 0.4073 0.4201 0.4138 0.3997 0.3773 0.3425 0.2889 0.2043 0.1746 0.2022 0.2398 0.2855 0.3361 0.3831 0.4119 0.4199 0.4184 0.4132 0.4059 0.3967 0.3852 0.3712 0.3544 0.3344 0.3104 0.2809 0.2431 0.2039 0.1807 0.1765 0.1831 0.1965 0.2117 0.2290 0.2484 0.2697 0.2930 0.3178 0.3432 0.3679 0.3900 0.4058 0.4114 0.4058 0.3900 0.3679 0.3432 0.3178 0.2930 0.2697 0.2484 0.2290 0.2117 0.1965 0.1831 0.1765 0.1807 0.2039 0.2431 0.2809 0.3104 0.3344 0.3544 0.3712 0.3852 0.3967 0.4059 0.4132 0.4184 0.4199 0.4119 0.3831 0.3361 0.2855 0.2398 0.2022 0.1746 0.2043 0.2889 0.3425 0.3773 0.3997 0.4138 0.4201 0.4073 0.3509 0.2807 0.2230 0.1821 0.1974 0.2897 0.3461 0.4100
0.4050 0.3292 0.2589 0.1799 0.1946 0.2415 0.3046 0.3749 0.4160 0.4190 0.4095 0.3925 0.3655 0.3230 0.2526 0.1779 0.1887 0.2250 0.2710 0.3243 0.3766 0.4105 0.4199 0.4181 0.4121 0.4035 0.3925 0.3786 0.3611 0.3395 0.3131 0.2803 0.2367 0.1942 0.1758 0.1779 0.1905 0.2060 0.2236 0.2432 0.2647 0.2881 0.3129 0.3385 0.3637 0.3862 0.4035 0.4140 0.4190 0.4200 0.4191 0.4200 0.4190 0.4140 0.4035 0.3862 0.3637 0.3385 0.3129 0.2881 0.2647 0.2432 0.2236 0.2060 0.1905 0.1779 0.1758 0.1942 0.2367 0.2803 0.3131 0.3395 0.3611 0.3786 0.3925 0.4035 0.4121 0.4181 0.4199 0.4105 0.3766 0.3243 0.2710 0.2250 0.1887 0.1778 0.2525 0.3229 0.3654 0.3925 0.4095 0.4190 0.4160 0.3749 0.3046 0.2415 0.1946 0.1799 0.2589 0.3292 0.4050
0.3990 0.3090 0.2239 0.1772 0.2093 0.2620 0.3298 0.3952 0.4196 0.4165 0.4043 0.3840 0.3516 0.2998 0.2124 0.1760 0.2065 0.2506 0.3047 0.3623 0.4053 0.4195 0.4184 0.4121 0.4027 0.3903 0.3742 0.3535 0.3274 0.2944 0.2499 0.1985 0.1742 0.1783 0.1938 0.2119 0.2322 0.2547 0.2791 0.3050 0.3316 0.3578 0.3817 0.4006 0.4125 0.4183 0.4201 0.4195 0.4174 0.4140 0.4108 0.4140 0.4174 0.4195 0.4201 0.4183 0.4125 0.4006 0.3817 0.3578 0.3316 0.3050 0.2791 0.2547 0.2322 0.2119 0.1938 0.1783 0.1742 0.1985 0.2499 0.2944 0.3274 0.3535 0.3742 0.3903 0.4027 0.4121 0.4184 0.4195 0.4053 0.3623 0.3047 0.2506 0.2065 0.1760 0.2123 0.2997 0.3515 0.3840 0.4043 0.4165 0.4196 0.3952 0.3298 0.2620 0.2093 0.1772 0.2239 0.3090 0.3990
0.3917 0.2835 0.1931 0.1839 0.2260 0.2846 0.3551 0.4093 0.4201 0.4130 0.3981 0.3740 0.3353 0.2700 0.1843 0.1869 0.2265 0.2786 0.3391 0.3935 0.4177 0.4193 0.4132 0.4035 0.3903 0.3727 0.3496 0.3196 0.2805 0.2246 0.1794 0.1743 0.1906 0.2107 0.2336 0.2593 0.2871 0.3163 0.3455 0.3727 0.3951 0.4098 0.4174 0.4200 0.4198 0.4179 0.4148 0.4108 0.4059 0.3997 0.3943 0.3997 0.4059 0.4108 0.4148 0.4179 0.4198 0.4200 0.4174 0.4098 0.3951 0.3727 0.3455 0.3163 0.2871 0.2593 0.2336 0.2107 0.1906 0.1743 0.1794 0.2246 0.2805 0.3196 0.3496 0.3727 0.3903 0.4035 0.4132 0.4193 0.4177 0.3935 0.3391 0.2785 0.2265 0.1869 0.1842 0.2699 0.3353 0.3740 0.3981 0.4130 0.4201 0.4093 0.3551 0.2846 0.2260 0.1839 0.1931 0.2835 0.3917
0.3828 0.2515 0.1787 0.1970 0.2448 0.3089 0.3787 0.4169 0.4187 0.4086 0.3909 0.3622 0.3159 0.2349 0.1764 0.2020 0.2487 0.3080 0.3710 0.4120 0.4201 0.4154 0.4059 0.3925 0.3742 0.3496 0.3168 0.2730 0.2101 0.1727 0.1806 0.2011 0.2255 0.2535 0.2845 0.3174 0.3503 0.3799 0.4020 0.4144 0.4193 0.4201 0.4185 0.4157 0.4118 0.4070 0.4012 0.3945 0.3865 0.3764 0.3678 0.3764 0.3865 0.3945 0.4012 0.4070 0.4118 0.4157 0.4185 0.4201 0.4193 0.4144 0.4020 0.3799 0.3503 0.3174 0.2845 0.2535 0.2255 0.2011 0.1806 0.1727 0.2101 0.2730 0.3168 0.3496 0.3742 0.3925 0.4059 0.4154 0.4201 0.4120 0.3711 0.3080 0.2487 0.2020 0.1764 0.2347 0.3159 0.3622 0.3909 0.4086 0.4187 0.4169 0.3787 0.3089 0.2448 0.1970 0.1787 0.2515 0.3828
0.3718 0.2159 0.1777 0.2120 0.2657 0.3342 0.3981 0.4198 0.4160 0.4033 0.3822 0.3482 0.2923 0.2002 0.1805 0.2191 0.2727 0.3377 0.3965 0.4191 0.4180 0.4096 0.3967 0.3786 0.3535 0.3196 0.2730 0.2055 0.1711 0.1851 0.2087 0.2369 0.2695 0.3055 0.3425 0.3768 0.4023 0.4155 0.4198 0.4196 0.4172 0.4135 0.4087 0.4030 0.3963 0.3885 0.3792 0.3682 0.3552 0.3389 0.3250 0.3389 0.3552 0.3682 0.3792 0.3885 0.3963 0.4030 0.4087 0.4135 0.4172 0.4196 0.4198 0.4155 0.4023 0.3768 0.3425 0.3054 0.2695 0.2369 0.2087 0.1851 0.1711 0.2055 0.2730 0.3196 0.3535 0.3786 0.3967 0.4096 0.4180 0.4191 0.3965 0.3378 0.2728 0.2191 0.1805 0.2002 0.2922 0.3482 0.3822 0.4033 0.4160 0.4198 0.3981 0.3342 0.2657 0.2120 0.1777 0.2159 0.3718
0.3574 0.1872 0.1860 0.2291 0.2886 0.3593 0.4110 0.4199 0.4123 0.3969 0.3720 0.3317 0.2616 0.1807 0.1929 0.2381 0.2983 0.3660 0.4118 0.4200 0.4139 0.4022 0.3852 0.3611 0.3274 0.2805 0.2101 0.1711 0.1867 0.2126 0.2441 0.2806 0.3207 0.3608 0.3940 0.4131 0.4196 0.4196 0.4168 0.4123 0.4067 0.3999 0.3921 0.3827 0.3718 0.3589 0.3437 0.3259 0.3044 0.2756 0.2511 0.2756 0.3044 0.3259 0.3437 0.3589 0.3718 0.3827 0.3921 0.3999 0.4067 0.4123 0.4168 0.4196 0.4196 0.4131 0.3940 0.3608 0.3207 0.2806 0.2441 0.2126 0.1867 0.1711 0.2101 0.2805 0.3274 0.3611 0.3852 0.4022 0.4139 0.4200 0.4119 0.3661 0.2984 0.2381 0.1929 0.1807 0.2616 0.3317 0.3720 0.3969 0.4123 0.4199 0.4110 0.3593 0.2886 0.2291 0.1860 0.1872 0.3574
0.3399 0.1756 0.1994 0.2483 0.3131 0.3824 0.4177 0.4183 0.4078 0.3895 0.3599 0.3119 0.2268 0.1770 0.2077 0.2591 0.3249 0.3900 0.4185 0.4180 0.4085 0.3934 0.3712 0.3395 0.2944 0.2246 0.1727 0.1851 0.2126 0.2465 0.2863 0.3299 0.3722 0.4036 0.4175 0.4201 0.4177 0.4130 0.4067 0.3991 0.3900 0.3791 0.3662 0.3511 0.3332 0.3119 0.2859 0.2526 0.2160 0.1877 0.1777 0.1877 0.2160 0.2526 0.2859 0.3119 0.3332 0.3511 0.3662 0.3791 0.3900 0.3991 0.4067 0.4130 0.4177 0.4201 0.4175 0.4035 0.3722 0.3299 0.2863 0.2465 0.2126 0.1851 0.1727 0.2246 0.2944 0.3395 0.3712 0.3934 0.4085 0.4180 0.4185 0.3900 0.3249 0.2591 0.2077 0.1770 0.2268 0.3119 0.3599 0.3895 0.4078 0.4183 0.4177 0.3824 0.3131 0.2483 0.1994 0.1756 0.3399
0.3215 0.1761 0.2148 0.2695 0.3385 0.4008 0.4200 0.4155 0.4023 0.3806 0.3456 0.2872 0.1950 0.1830 0.2244 0.2820 0.3514 0.4069 0.4201 0.4146 0.4020 0.3828 0.3544 0.3131 0.2499 0.1794 0.1806 0.2087 0.2441 0.2863 0.3330 0.3775 0.4080 0.4191 0.4195 0.4156 0.4094 0.4014 0.3916 0.3796 0.3650 0.3476 0.3268 0.3020 0.2702 0.2315 0.1954 0.1781 0.1774 0.1865 0.1938 0.1865 0.1774 0.1781 0.1954 0.2315 0.2702 0.3020 0.3268 0.3476 0.3650 0.3796 0.3916 0.4014 0.4094 0.4156 0.4195 0.4191 0.4080 0.3775 0.3330 0.2863 0.2441 0.2087 0.1806 0.1794 0.2499 0.3131 0.3544 0.3828 0.4020 0.4146 0.4201 0.4069 0.3514 0.2820 0.2244 0.1830 0.1950 0.2872 0.3456 0.3806 0.4023 0.4155 0.4200 0.4008 0.3385 0.2695 0.2148 0.1761 0.3215
0.3077 0.1858 0.2322 0.2927 0.3635 0.4125 0.4198 0.4116 0.3958 0.3701 0.3285 0.2558 0.1792 0.1959 0.2432 0.3065 0.3761 0.4160 0.4191 0.4101 0.3944 0.3704 0.3344 0.2803 0.1985 0.1743 0.2011 0.2369 0.2806 0.3299 0.3775 0.4093 0.4196 0.4189 0.4139 0.4065 0.3970 0.3849 0.3698 0.3511 0.3284 0.3006 0.2647 0.2202 0.1854 0.1754 0.1808 0.1947 0.2109 0.2288 0.2394 0.2288 0.2109 0.1947 0.1808 0.1754 0.1854 0.2202 0.2647 0.3006 0.3284 0.3511 0.3698 0.3849 0.3970 0.4065 0.4139 0.4189 0.4196 0.4093 0.3775 0.3299 0.2806 0.2369 0.2011 0.1743 0.1985 0.2803 0.3344 0.3704 0.3944 0.4101 0.4191 0.4160 0.3761 0.3065 0.2432 0.1959 0.1792 0.2558 0.3285 0.3701 0.3958 0.4116 0.4198 0.4125 0.3635 0.2927 0.2322 0.1858 0.3077
0.3017 0.1991 0.2517 0.3174 0.3860 0.4183 0.4179 0.4069 0.3881 0.3576 0.3081 0.2206 0.1774 0.2108 0.2640 0.3320 0.3964 0.4196 0.4165 0.4046 0.3854 0.3557 0.3104 0.2367 0.1742 0.1906 0.2255 0.2695 0.3207 0.3722 0.4080 0.4196 0.4187 0.4130 0.4047 0.3937 0.3796 0.3615 0.3388 0.3104 0.2741 0.2248 0.1842 0.1741 0.1836 0.1998 0.2182 0.2388 0.2619 0.2864 0.3004 0.2864 0.2619 0.2388 0.2182 0.1998 0.1836 0.1740 0.1842 0.2248 0.2741 0.3104 0.3388 0.3615 0.3796 0.3937 0.4047 0.4130 0.4187 0.4196 0.4080 0.3722 0.3207 0.2695 0.2255 0.1906 0.1742 0.2367 0.3104 0.3557 0.3854 0.4046 0.4165 0.4196 0.3964 0.3320 0.2640 0.2108 0.1774 0.2206 0.3081 0.3576 0.3881 0.4069 0.4179 0.4183 0.3860 0.3174 0.2517 0.1991 0.3017
0.3005 0.2144 0.2733 0.3428 0.4033 0.4201 0.4149 0.4012 0.3790 0.3429 0.2821 0.1910 0.1851 0.2277 0.2868 0.3573 0.4101 0.4200 0.4129 0.3982 0.3748 0.3384 0.2809 0.1942 0.1783 0.2107 0.2535 0.3054 0.3608 0.4035 0.4191 0.4189 0.4130 0.4040 0.3920 0.3763 0.3557 0.3291 0.2953 0.2486 0.1948 0.1726 0.1815 0.1992 0.2199 0.2432 0.2690 0.2967 0.3260 0.3542 0.3688 0.3542 0.3260 0.2967 0.2690 0.2432 0.2199 0.1992 0.1814 0.1726 0.1948 0.2486 0.2953 0.3291 0.3557 0.3763 0.3920 0.4040 0.4130 0.4189 0.4191 0.4035 0.3608 0.3054 0.2535 0.2107 0.1783 0.1942 0.2809 0.3384 0.3748 0.3982 0.4129 0.4200 0.4101 0.3573 0.2868 0.2277 0.1851 0.1910 0.2821 0.3429 0.3790 0.4012 0.4149 0.4201 0.4033 0.3428 0.2733 0.2144 0.3005
0.3023 0.2317 0.2968 0.3676 0.4139 0.4195 0.4109 0.3945 0.3681 0.3253 0.2500 0.1782 0.1983 0.2467 0.3112 0.3807 0.4173 0.4185 0.4083 0.3906 0.3625 0.3181 0.2431 0.1758 0.1938 0.2336 0.2845 0.3425 0.3940 0.4175 0.4195 0.4139 0.4047 0.3920 0.3751 0.3526 0.3231 0.2843 0.2279 0.1797 0.1744 0.1921 0.2138 0.2391 0.2675 0.2985 0.3306 0.3618 0.3889 0.4071 0.4129 0.4071 0.3889 0.3618 0.3306 0.2985 0.2675 0.2391 0.2139 0.1921 0.1743 0.1797 0.2279 0.2843 0.3231 0.3526 0.3751 0.3920 0.4047 0.4139 0.4195 0.4175 0.3940 0.3425 0.2845 0.2336 0.1938 0.1758 0.2431 0.3181 0.3624 0.3906 0.4083 0.4185 0.4173 0.3807 0.3112 0.2467 0.1983 0.1782 0.2500 0.3253 0.3681 0.3945 0.4109 0.4195 0.4139 0.3676 0.2968 0.2317 0.3023
0.3066 0.2512 0.3217 0.3894 0.4188 0.4174 0.4060 0.3866 0.3553 0.3041 0.2146 0.1781 0.2135 0.2678 0.3365 0.3996 0.4199 0.4157 0.4028 0.3817 0.3480 0.2935 0.2040 0.1779 0.2119 0.2592 0.3174 0.3768 0.4131 0.4201 0.4156 0.4065 0.3937 0.3763 0.3526 0.3210 0.2785 0.2159 0.1737 0.1797 0.2008 0.2262 0.2558 0.2890 0.3245 0.3595 0.3894 0.4091 0.4180 0.4200 0.4189 0.4200 0.4180 0.4091 0.3894 0.3595 0.3245 0.2891 0.2559 0.2263 0.2008 0.1797 0.1737 0.2159 0.2785 0.3210 0.3526 0.3763 0.3937 0.4065 0.4156 0.4201 0.4131 0.3768 0.3174 0.2593 0.2119 0.1779 0.2039 0.2935 0.3479 0.3817 0.4028 0.4157 0.4199 0.3996 0.3365 0.2678 0.2135 0.1781 0.2146 0.3041 0.3553 0.3866 0.4060 0.4174 0.4188 0.3894 0.3217 0.2512 0.3066
0.3131 0.2727 0.3472 0.4055 0.4202 0.4143 0.4002 0.3772 0.3401 0.2770 0.1876 0.1872 0.2308 0.2908 0.3616 0.4118 0.4198 0.4120 0.3964 0.3713 0.3309 0.2619 0.1807 0.1904 0.2321 0.2871 0.3503 0.4023 0.4196 0.4177 0.4094 0.3970 0.3796 0.3557 0.3231 0.2785 0.2120 0.1719 0.1833 0.2069 0.2355 0.2690 0.3064 0.3453 0.3809 0.4060 0.4174 0.4201 0.4187 0.4149 0.4112 0.4149 0.4187 0.4201 0.4174 0.4060 0.3810 0.3454 0.3065 0.2691 0.2356 0.2069 0.1833 0.1719 0.2120 0.2785 0.3231 0.3557 0.3796 0.3970 0.4094 0.4177 0.4196 0.4023 0.3503 0.2871 0.2322 0.1905 0.1807 0.2619 0.3309 0.3713 0.3964 0.4120 0.4198 0.4118 0.3616 0.2908 0.2308 0.1872 0.1876 0.2770 0.3401 0.3772 0.4002 0.4143 0.4202 0.4055 0.3472 0.2727 0.3131
0.3215 0.2961 0.3716 0.4151 0.4193 0.4101 0.3933 0.3661 0.3220 0.2441 0.1775 0.2007 0.2501 0.3155 0.3844 0.4180 0.4181 0.4073 0.3888 0.3588 0.3105 0.2258 0.1765 0.2060 0.2546 0.3162 0.3799 0.4155 0.4196 0.4130 0.4014 0.3849 0.3615 0.3291 0.2843 0.2159 0.1719 0.1845 0.2100 0.2413 0.2781 0.3190 0.3603 0.3948 0.4140 0.4199 0.4192 0.4156 0.4103 0.4032 0.3970 0.4032 0.4103 0.4156 0.4192 0.4199 0.4140 0.3948 0.3604 0.3190 0.2781 0.2413 0.2100 0.1846 0.1719 0.2159 0.2843 0.3291 0.3615 0.3849 0.4014 0.4130 0.4196 0.4155 0.3799 0.3163 0.2547 0.2060 0.1765 0.2256 0.3104 0.3588 0.3888 0.4073 0.4181 0.4180 0.3844 0.3155 0.2501 0.2007 0.1775 0.2441 0.3220 0.3661 0.3933 0.4101 0.4193 0.4151 0.3716 0.2961 0.3215
0.3316 0.3209 0.3926 0.4193 0.4170 0.4051 0.3851 0.3529 0.3000 0.2090 0.1789 0.2163 0.2716 0.3409 0.4022 0.4201 0.4151 0.4017 0.3797 0.3442 0.2851 0.1936 0.1830 0.2235 0.2789 0.3455 0.4020 0.4198 0.4168 0.4067 0.3916 0.3698 0.3388 0.2953 0.2279 0.1737 0.1833 0.2100 0.2433 0.2827 0.3265 0.3698 0.4027 0.4174 0.4201 0.4174 0.4122 0.4053 0.3968 0.3856 0.3756 0.3855 0.3967 0.4053 0.4122 0.4174 0.4201 0.4175 0.4027 0.3698 0.3265 0.2827 0.2433 0.2100 0.1833 0.1737 0.2279 0.2953 0.3388 0.3698 0.3916 0.4067 0.4168 0.4198 0.4020 0.3455 0.2791 0.2236 0.1831 0.1935 0.2849 0.3442 0.3797 0.4017 0.4151 0.4201 0.4022 0.3409 0.2716 0.2163 0.1789 0.2090 0.3000 0.3529 0.3851 0.4051 0.4170 0.4193 0.3926 0.3209 0.3316
0.3431 0.3462 0.4076 0.4201 0.4136 0.3991 0.3755 0.3372 0.2716 0.1847 0.1894 0.2339 0.2949 0.3657 0.4133 0.4196 0.4112 0.3951 0.3690 0.3268 0.2531 0.1786 0.1964 0.2430 0.3048 0.3727 0.4144 0.4196 0.4123 0.3991 0.3796 0.3511 0.3104 0.2486 0.1797 0.1797 0.2069 0.2413 0.2827 0.3290 0.3743 0.4066 0.4188 0.4196 0.4156 0.4092 0.4008 0.3902 0.3770 0.3595 0.3438 0.3594 0.3770 0.3902 0.4007 0.4091 0.4156 0.4196 0.4188 0.4066 0.3743 0.3290 0.2827 0.2413 0.2069 0.1797 0.1797 0.2486 0.3104 0.3511 0.3796 0.3991 0.4123 0.4196 0.4144 0.3727 0.3050 0.2432 0.1965 0.1786 0.2529 0.3268 0.3690 0.3951 0.4112 0.4196 0.4133 0.3657 0.2949 0.2339 0.1894 0.1847 0.2716 0.3372 0.3755 0.3991 0.4136 0.4201 0.4076 0.3462 0.3431
0.3557 0.3707 0.4161 0.4190 0.4093 0.3920 0.3640 0.3186 0.2381 0.1771 0.2033 0.2537 0.3198 0.3878 0.4186 0.4177 0.4064 0.3873 0.3564 0.3060 0.2175 0.1776 0.2117 0.2646 0.3315 0.3950 0.4193 0.4172 0.4067 0.3900 0.3650 0.3284 0.2741 0.1948 0.1743 0.2008 0.2356 0.2781 0.3265 0.3743 0.4077 0.4193 0.4191 0.4142 0.4068 0.3970 0.3845 0.3686 0.3486 0.3217 0.2977 0.3217 0.3485 0.3685 0.3845 0.3970 0.4068 0.4142 0.4191 0.4193 0.4077 0.3743 0.3265 0.2781 0.2356 0.2008 0.1743 0.1948 0.2741 0.3284 0.3650 0.3900 0.4067 0.4172 0.4193 0.3951 0.3316 0.2647 0.2117 0.1776 0.2174 0.3059 0.3564 0.3873 0.4064 0.4177 0.4186 0.3878 0.3198 0.2537 0.2033 0.1771 0.2381 0.3186 0.3640 0.3920 0.4093 0.4190 0.4161 0.3707 0.3557
0.3687 0.3918 0.4196 0.4165 0.4041 0.3836 0.3504 0.2957 0.2037 0.1801 0.2192 0.2755 0.3452 0.4045 0.4202 0.4145 0.4007 0.3780 0.3414 0.2793 0.1891 0.1861 0.2290 0.2880 0.3578 0.4098 0.4201 0.4135 0.3999 0.3791 0.3476 0.3006 0.2248 0.1726 0.1921 0.2263 0.2691 0.3190 0.3698 0.4066 0.4193 0.4189 0.4135 0.4053 0.3944 0.3801 0.3617 0.3381 0.3082 0.2665 0.2284 0.2665 0.3081 0.3380 0.3616 0.3801 0.3943 0.4053 0.4135 0.4189 0.4193 0.4066 0.3698 0.3190 0.2691 0.2263 0.1921 0.1726 0.2248 0.3006 0.3476 0.3791 0.3999 0.4135 0.4201 0.4098 0.3578 0.2881 0.2290 0.1861 0.1892 0.2793 0.3414 0.3780 0.4007 0.4145 0.4202 0.4045 0.3452 0.2755 0.2192 0.1801 0.2037 0.2957 0.3504 0.3836 0.4041 0.4165 0.4196 0.3918 0.3687
0.3815 0.4072 0.4201 0.4129 0.3979 0.3736 0.3343 0.2662 0.1823 0.1916 0.2371 0.2991 0.3698 0.4145 0.4194 0.4105 0.3939 0.3670 0.3235 0.2468 0.1778 0.1996 0.2483 0.3129 0.3817 0.4174 0.4185 0.4087 0.3921 0.3662 0.3268 0.2647 0.1842 0.1814 0.2139 0.2559 0.3065 0.3604 0.4027 0.4188 0.4191 0.4135 0.4048 0.3930 0.3773 0.3567 0.3300 0.2954 0.2468 0.1915 0.1704 0.1914 0.2466 0.2953 0.3299 0.3567 0.3773 0.3930 0.4048 0.4135 0.4191 0.4188 0.4027 0.3604 0.3065 0.2559 0.2139 0.1814 0.1842 0.2647 0.3268 0.3662 0.3921 0.4087 0.4185 0.4174 0.3817 0.3129 0.2484 0.1996 0.1778 0.2468 0.3235 0.3670 0.3939 0.4105 0.4194 0.4145 0.3698 0.2991 0.2371 0.1916 0.1823 0.2662 0.3343 0.3736 0.3979 0.4129 0.4201 0.4072 0.3815
0.3931 0.4160 0.4186 0.4085 0.3907 0.3618 0.3150 0.2320 0.1770 0.2058 0.2572 0.3241 0.3911 0.4191 0.4172 0.4055 0.3858 0.3540 0.3019 0.2115 0.1785 0.2150 0.2698 0.3385 0.4006 0.4200 0.4157 0.4030 0.3827 0.3511 0.3020 0.2202 0.1740 0.1992 0.2391 0.2891 0.3454 0.3948 0.4175 0.4196 0.4142 0.4053 0.3930 0.3764 0.3542 0.3249 0.2863 0.2293 0.1797 0.1749 0.1841 0.1749 0.1796 0.2291 0.2861 0.3249 0.3542 0.3764 0.3930 0.4053 0.4142 0.4196 0.4175 0.3948 0.3454 0.2891 0.2391 0.1992 0.1740 0.2202 0.3020 0.3511 0.3827 0.4030 0.4157 0.4200 0.4006 0.3385 0.2697 0.2150 0.1785 0.2115 0.3019 0.3540 0.3858 0.4055 0.4172 0.4191 0.3911 0.3241 0.2572 0.2058 0.1770 0.2320 0.3150 0.3618 0.3907 0.4085 0.4186 0.4160 0.3931
0.4029 0.4199 0.4159 0.4031 0.3820 0.3478 0.2912 0.1988 0.1816 0.2221 0.2794 0.3495 0.4067 0.4202 0.4139 0.3996 0.3763 0.3385 0.2741 0.1860 0.1884 0.2325 0.2930 0.3637 0.4125 0.4198 0.4118 0.3963 0.3718 0.3332 0.2702 0.1854 0.1836 0.2199 0.2675 0.3245 0.3810 0.4140 0.4201 0.4156 0.4068 0.3943 0.3773 0.3542 0.3232 0.2815 0.2192 0.1743 0.1798 0.2012 0.2142 0.2013 0.1799 0.1743 0.2190 0.2814 0.3232 0.3542 0.3773 0.3943 0.4068 0.4156 0.4201 0.4140 0.3810 0.3245 0.2675 0.2199 0.1836 0.1854 0.2702 0.3332 0.3718 0.3963 0.4118 0.4198 0.4125 0.3637 0.2930 0.2325 0.1884 0.1860 0.2741 0.3385 0.3763 0.3996 0.4139 0.4202 0.4067 0.3495 0.2794 0.2221 0.1816 0.1988 0.2912 0.3478 0.3820 0.4031 0.4159 0.4199 0.4029
0.4104 0.4206 0.4122 0.3968 0.3718 0.3312 0.2606 0.1804 0.1939 0.2404 0.3033 0.3737 0.4156 0.4191 0.4097 0.3926 0.3649 0.3201 0.2408 0.1773 0.2021 0.2520 0.3178 0.3862 0.4183 0.4179 0.4070 0.3885 0.3589 0.3119 0.2315 0.1754 0.1998 0.2432 0.2985 0.3595 0.4060 0.4199 0.4174 0.4091 0.3970 0.3801 0.3567 0.3249 0.2814 0.2159 0.1726 0.1823 0.2067 0.2355 0.2526 0.2356 0.2068 0.1824 0.1726 0.2158 0.2814 0.3249 0.3567 0.3801 0.3970 0.4091 0.4174 0.4199 0.4060 0.3595 0.2985 0.2432 0.1998 0.1754 0.2315 0.3119 0.3589 0.3885 0.4070 0.4179 0.4183 0.3862 0.3178 0.2520 0.2021 0.1773 0.2408 0.3201 0.3649 0.3926 0.4097 0.4191 0.4156 0.3737 0.3033 0.2404 0.1939 0.1804 0.2606 0.3312 0.3718 0.3968 0.4122 0.4206 0.4104
0.4157 0.4194 0.4076 0.3893 0.3596 0.3113 0.2259 0.1771 0.2085 0.2609 0.3284 0.3943 0.4195 0.4167 0.4046 0.3843 0.3515 0.2977 0.2060 0.1795 0.2178 0.2737 0.3432 0.4035 0.4201 0.4148 0.4012 0.3792 0.3437 0.2859 0.1954 0.1808 0.2182 0.2690 0.3306 0.3894 0.4174 0.4192 0.4122 0.4007 0.3845 0.3616 0.3299 0.2861 0.2190 0.1726 0.1833 0.2086 0.2408 0.2775 0.2987 0.2776 0.2409 0.2087 0.1834 0.1726 0.2190 0.2861 0.3299 0.3616 0.3845 0.4007 0.4122 0.4192 0.4174 0.3894 0.3306 0.2690 0.2182 0.1808 0.1954 0.2859 0.3437 0.3792 0.4012 0.4148 0.4201 0.4035 0.3432 0.2737 0.2178 0.1795 0.2060 0.2977 0.3515 0.3843 0.4046 0.4167 0.4195 0.3943 0.3284 0.2609 0.2085 0.1771 0.2259 0.3113 0.3596 0.3893 0.4076 0.4194 0.4157
0.4191 0.4170 0.4021 0.3804 0.3452 0.2865 0.1944 0.1833 0.2251 0.2833 0.3538 0.4087 0.4201 0.4133 0.3985 0.3745 0.3356 0.2687 0.1833 0.1906 0.2357 0.2972 0.3679 0.4140 0.4195 0.4108 0.3945 0.3682 0.3259 0.2526 0.1781 0.1947 0.2388 0.2967 0.3618 0.4091 0.4201 0.4156 0.4053 0.3902 0.3685 0.3380 0.2953 0.2291 0.1743 0.1823 0.2086 0.2415 0.2819 0.3254 0.3488 0.3255 0.2820 0.2416 0.2087 0.1824 0.1743 0.2291 0.2953 0.3380 0.3685 0.3902 0.4053 0.4156 0.4201 0.4091 0.3618 0.2967 0.2388 0.1947 0.1781 0.2526 0.3259 0.3682 0.3945 0.4108 0.4195 0.4140 0.3679 0.2972 0.2357 0.1906 0.1833 0.2687 0.3356 0.3745 0.3985 0.4133 0.4201 0.4087 0.3538 0.2833 0.2251 0.1833 0.1944 0.2865 0.3452 0.3804 0.4021 0.4170 0.4191
0.4212 0.4134 0.3956 0.3698 0.3281 0.2549 0.1791 0.1965 0.2441 0.3079 0.3779 0.4167 0.4188 0.4089 0.3913 0.3628 0.3166 0.2347 0.1771 0.2049 0.2559 0.3225 0.3900 0.4190 0.4174 0.4059 0.3865 0.3552 0.3044 0.2160 0.1774 0.2109 0.2619 0.3260 0.3889 0.4180 0.4187 0.4103 0.3967 0.3770 0.3485 0.3081 0.2466 0.1796 0.1799 0.2067 0.2408 0.2819 0.3293 0.3742 0.3937 0.3743 0.3295 0.2820 0.2409 0.2068 0.1799 0.1796 0.2466 0.3081 0.3485 0.3770 0.3967 0.4103 0.4187 0.4180 0.3889 0.3260 0.2619 0.2109 0.1774 0.2160 0.3044 0.3552 0.3865 0.4059 0.4174 0.4190 0.3900 0.3225 0.2559 0.2049 0.1771 0.2347 0.3166 0.3628 0.3913 0.4089 0.4188 0.4167 0.3779 0.3079 0.2441 0.1965 0.1791 0.2549 0.3281 0.3698 0.3956 0.4135 0.4212
0.4221 0.4083 0.3872 0.3564 0.3061 0.2193 0.1775 0.2113 0.2648 0.3330 0.3973 0.4197 0.4160 0.4032 0.3822 0.3480 0.2918 0.2007 0.1809 0.2209 0.2778 0.3478 0.4058 0.4200 0.4140 0.3997 0.3764 0.3389 0.2756 0.1877 0.1865 0.2288 0.2864 0.3542 0.4071 0.4200 0.4149 0.4032 0.3855 0.3594 0.3217 0.2665 0.1914 0.1749 0.2013 0.2356 0.2776 0.3254 0.3742 0.4072 0.4149 0.4072 0.3743 0.3255 0.2776 0.2356 0.2013 0.1749 0.1914 0.2665 0.3217 0.3594 0.3855 0.4032 0.4149 0.4200 0.4071 0.3542 0.2864 0.2288 0.1865 0.1877 0.2756 0.3389 0.3764 0.3997 0.4140 0.4200 0.4058 0.3478 0.2778 0.2209 0.1809 0.2007 0.2918 0.3480 0.3822 0.4032 0.4160 0.4197 0.3973 0.3330 0.2648 0.2113 0.1775 0.2193 0.3061 0.3563 0.3872 0.4084 0.4221
0.4216 0.4034 0.3798 0.3447 0.2866 0.1962 0.1802 0.2202 0.2769 0.3468 0.4051 0.4195 0.4132 0.3984 0.3744 0.3355 0.2695 0.1837 0.1869 0.2304 0.2905 0.3613 0.4114 0.4191 0.4108 0.3943 0.3678 0.3250 0.2511 0.1777 0.1938 0.2394 0.3004 0.3688 0.4129 0.4189 0.4112 0.3970 0.3756 0.3439 0.2977 0.2284 0.1704 0.1841 0.2143 0.2527 0.2987 0.3488 0.3937 0.4149 0.4176 0.4149 0.3937 0.3488 0.2987 0.2527 0.2143 0.1841 0.1704 0.2284 0.2977 0.3439 0.3756 0.3970 0.4112 0.4189 0.4129 0.3688 0.3004 0.2394 0.1938 0.1777 0.2511 0.3250 0.3678 0.3943 0.4108 0.4191 0.4114 0.3613 0.2905 0.2304 0.1869 0.1837 0.2695 0.3355 0.3744 0.3984 0.4132 0.4195 0.4051 0.3468 0.2769 0.2202 0.1802 0.1962 0.2867 0.3447 0.3799 0.4034 0.4216
0.4221 0.4083 0.3872 0.3564 0.3061 0.2193 0.1775 0.2113 0.2648 0.3330 0.3973 0.4197 0.4160 0.4032 0.3822 0.3480 0.2918 0.2007 0.1809 0.2209 0.2778 0.3478 0.4058 0.4200 0.4140 0.3997 0.3764 0.3389 0.2756 0.1877 0.1865 0.2288 0.2864 0.3542 0.4071 0.4200 0.4149 0.4032 0.3855 0.3594 0.3217 0.2665 0.1914 0.1749 0.2013 0.2356 0.2776 0.3255 0.3743 0.4072 0.4149 0.4072 0.3743 0.3255 0.2776 0.2356 0.2013 0.1749 0.1914 0.2665 0.3217 0.3594 0.3855 0.4032 0.4149 0.4200 0.4071 0.3542 0.2864 0.2288 0.1865 0.1877 0.2756 0.3389 0.3764 0.3997 0.4140 0.4200 0.4058 0.3478 0.2778 0.2209 0.1809 0.2007 0.2918 0.3480 0.3822 0.4032 0.4160 0.4197 0.3973 0.3330 0.2648 0.2113 0.1775 0.2193 0.3061 0.3563 0.3872 0.4084 0.4221
0.4212 0.4134 0.3956 0.3698 0.3281 0.2549 0.1791 0.1965 0.2441 0.3079 0.3779 0.4167 0.4188 0.4089 0.3913 0.3628 0.3166 0.2347 0.1771 0.2049 0.2559 0.3225 0.3900 0.4190 0.4174 0.4059 0.3865 0.3552 0.3044 0.2160 0.1774 0.2109 0.2619 0.3260 0.3889 0.4180 0.4187 0.4103 0.3967 0.3770 0.3485 0.3081 0.2466 0.1796 0.1799 0.2068 0.2409 0.2820 0.3295 0.3743 0.3937 0.3743 0.3295 0.2820 0.2409 0.2068 0.1799 0.1796 0.2466 0.3081 0.3485 0.3770 0.3967 0.4103 0.4187 0.4180 0.3889 0.3260 0.2619 0.2109 0.1774 0.2160 0.3044 0.3552 0.3865 0.4059 0.4174 0.4190 0.3900 0.3225 0.2559 0.2049 0.1771 0.2347 0.3166 0.3628 0.3913 0.4089 0.4188 0.4167 0.3779 0.3079 0.2441 0.1965 0.1791 0.2549 0.3281 0.3698 0.3956 0.4135 0.4212
0.4191 0.4170 0.4021 0.3804 0.3452 0.2865 0.1944 0.1833 0.2251 0.2833 0.3538 0.4087 0.4201 0.4133 0.3985 0.3745 0.3356 0.2687 0.1833 0.1906 0.2357 0.2972 0.3679 0.4140 0.4195 0.4108 0.3945 0.3682 0.3259 0.2526 0.1781 0.1947 0.2388 0.2967 0.3618 0.4091 0.4201 0.4156 0.4053 0.3902 0.3685 0.3380 0.2953 0.2291 0.1743 0.1824 0.2087 0.2416 0.2820 0.3255 0.3488 0.3255 0.2820 0.2416 0.2087 0.1824 0.1743 0.2291 0.2953 0.3380 0.3685 0.3902 0.4053 0.4156 0.4201 0.4091 0.3618 0.2967 0.2388 0.1947 0.1781 0.2526 0.3259 0.3682 0.3945 0.4108 0.4195 0.4140 0.3679 0.2972 0.2357 0.1906 0.1833 0.2687 0.3356 0.3745 0.3985 0.4133 0.4201 0.4087 0.3538 0.2833 0.2251 0.1833 0.1944 0.2865 0.3452 0.3804 0.4021 0.4170 0.4191
0.4157 0.4194 0.4076 0.3893 0.3596 0.3113 0.2259 0.1771 0.2085 0.2609 0.3284 0.3943 0.4195 0.4167 0.4046 0.3843 0.3515 0.2977 0.2060 0.1795 0.2178 0.2737 0.3432 0.4035 0.4201 0.4148 0.4012 0.3792 0.3437 0.2859 0.1954 0.1808 0.2182 0.2690 0.3306 0.3894 0.4174 0.4192 0.4122 0.4007 0.3845 0.3616 0.3299 0.2861 0.2190 0.1726 0.1834 0.2087 0.2409 0.2776 0.2987 0.2776 0.2409 0.2087 0.1834 0.1726 0.2190 0.2861 0.3299 0.3616 0.3845 0.4007 0.4122 0.4192 0.4174 0.3894 0.3306 0.2690 0.2182 0.1808 0.1954 0.2859 0.3437 0.3792 0.4012 0.4148 0.4201 0.4035 0.3432 0.2737 0.2178 0.1795 0.2060 0.2977 0.3515 0.3843 0.4046 0.4167 0.4195 0.3943 0.3284 0.2609 0.2085 0.1771 0.2259 0.3113 0.3596 0.3893 0.4076 0.4194 0.4157
0.4104 0.4206 0.4122 0.3968 0.3718 0.3312 0.2606 0.1804 0.1939 0.2404 0.3033 0.3737 0.4156 0.4191 0.4097 0.3926 0.3649 0.3201 0.2408 0.1773 0.2021 0.2520 0.3178 0.3862 0.4183 0.4179 0.4070 0.3885 0.3589 0.3119 0.2315 0.1754 0.1998 0.2432 0.2985 0.3595 0.4060 0.4199 0.4174 0.4091 0.3970 0.3801 0.3567 0.3249 0.2814 0.2158 0.1726 0.1824 0.2068 0.2356 0.2527 0.2356 0.2068 0.1824 0.1726 0.2158 0.2814 0.3249 0.3567 0.3801 0.3970 0.4091 0.4174 0.4199 0.4060 0.3595 0.2985 0.2432 0.1998 0.1754 0.2315 0.3119 0.3589 0.3885 0.4070 0.4179 0.4183 0.3862 0.3178 0.2520 0.2021 0.1773 0.2408 0.3201 0.3649 0.3926 0.4097 0.4191 0.4156 0.3737 0.3033 0.2404 0.1939 0.1804 0.2606 0.3312 0.3718 0.3968 0.4122 0.4206 0.4104
