-0.0095 0.0627 0.0314 -0.0182 -0.0669 -0.0919 -0.1107 -0.1255 -0.1372 -0.1461 -0.1519 -0.1539 -0.1513 -0.1431 -0.1291 -0.1103 -0.0894 -0.0695 -0.0529 -0.0404 -0.0320 -0.0270 -0.0221 -0.0171 -0.0124 -0.0081 -0.0045 -0.0015 0.0015 0.0050 0.0094 0.0152 0.0236 0.0392 0.0488 0.0450 0.0008 -0.0558 -0.0838 -0.1044 -0.1204 -0.1332 -0.1431 -0.1501 -0.1536 -0.1529 -0.1468 -0.1350 -0.1178 -0.0954 -0.0787 -0.0954 -0.1178 -0.1350 -0.1468 -0.1529 -0.1536 -0.1501 -0.1431 -0.1332 -0.1204 -0.1044 -0.0838 -0.0558 0.0008 0.0450 0.0488 0.0392 0.0236 0.0152 0.0094 0.0050 0.0015 -0.0015 -0.0045 -0.0081 -0.0124 -0.0171 -0.0221 -0.0270 -0.0320 -0.0404 -0.0529 -0.0695 -0.0894 -0.1103 -0.1291 -0.1431 -0.1513 -0.1539 -0.1519 -0.1461 -0.1372 -0.1255 -0.1107 -0.0919 -0.0669 -0.0182 0.0314 0.0627 -0.0095
0.0627 -0.0383 -0.2277 -0.3174 -0.3276 -0.3351 -0.3399 -0.3412 -0.3378 -0.3280 -0.3094 -0.2787 -0.2327 -0.1721 -0.1100 -0.0638 -0.0363 -0.0209 -0.0123 -0.0064 -0.0018 0.0026 0.0073 0.0123 0.0174 0.0223 0.0269 0.0319 0.0399 0.0515 0.0732 0.0977 0.1016 0.0282 -0.0973 -0.1952 -0.3148 -0.3254 -0.3331 -0.3386 -0.3412 -0.3397 -0.3325 -0.3175 -0.2917 -0.2517 -0.1959 -0.1321 -0.0778 -0.0437 -0.0317 -0.0437 -0.0778 -0.1321 -0.1959 -0.2517 -0.2917 -0.3175 -0.3325 -0.3397 -0.3412 -0.3386 -0.3331 -0.3254 -0.3148 -0.1952 -0.0973 0.0282 0.1016 0.0977 0.0732 0.0515 0.0399 0.0319 0.0269 0.0223 0.0174 0.0123 0.0073 0.0026 -0.0018 -0.0064 -0.0123 -0.0209 -0.0363 -0.0638 -0.1100 -0.1721 -0.2327 -0.2787 -0.3094 -0.3280 -0.3378 -0.3412 -0.3399 -0.3351 -0.3276 -0.3174 -0.2277 -0.0383 0.0627
0.0314 -0.2277 -0.3259 -0.3374 -0.3424 -0.3406 -0.3310 -0.3118 -0.2799 -0.2321 -0.1701 -0.1073 -0.0614 -0.0345 -0.0195 -0.0112 -0.0058 -0.0019 0.0013 0.0044 0.0077 0.0119 0.0169 0.0228 0.0296 0.0378 0.0487 0.0674 0.0950 0.1014 0.0468 -0.0742 -0.1777 -0.2850 -0.3260 -0.3337 -0.3392 -0.3418 -0.3403 -0.3330 -0.3178 -0.2914 -0.2505 -0.1935 -0.1290 -0.0759 -0.0427 -0.0240 -0.0136 -0.0073 -0.0040 -0.0073 -0.0136 -0.0240 -0.0427 -0.0759 -0.1290 -0.1935 -0.2505 -0.2914 -0.3178 -0.3330 -0.3403 -0.3418 -0.3392 -0.3337 -0.3260 -0.2850 -0.1777 -0.0742 0.0468 0.1014 0.0950 0.0674 0.0487 0.0378 0.0296 0.0228 0.0169 0.0119 0.0077 0.0044 0.0013 -0.0019 -0.0058 -0.0112 -0.0195 -0.0345 -0.0614 -0.1073 -0.1701 -0.2321 -0.2799 -0.3118 -0.3310 -0.3406 -0.3424 -0.3374 -0.3259 -0.2277 0.0314
-0.0182 -0.3174 -0.3374 -0.3429 -0.3344 -0.3093 -0.2643 -0.1989 -0.1262 -0.0709 -0.0389 -0.0216 -0.0123 -0.0066 -0.0025 0.0008 0.0039 0.0071 0.0111 0.0160 0.0217 0.0284 0.0363 0.0465 0.0630 0.0930 0.1014 0.0641 -0.0526 -0.1631 -0.2626 -0.3245 -0.3325 -0.3385 -0.3416 -0.3409 -0.3347 -0.3210 -0.2969 -0.2587 -0.2042 -0.1397 -0.0835 -0.0471 -0.0265 -0.0151 -0.0085 -0.0039 -0.0004 0.0029 0.0054 0.0029 -0.0004 -0.0039 -0.0085 -0.0151 -0.0265 -0.0471 -0.0835 -0.1397 -0.2042 -0.2587 -0.2969 -0.3210 -0.3347 -0.3409 -0.3416 -0.3385 -0.3325 -0.3245 -0.2626 -0.1631 -0.0526 0.0641 0.1014 0.0930 0.0630 0.0465 0.0363 0.0284 0.0217 0.0160 0.0111 0.0071 0.0039 0.0008 -0.0025 -0.0066 -0.0123 -0.0216 -0.0389 -0.0709 -0.1262 -0.1989 -0.2643 -0.3093 -0.3344 -0.3429 -0.3374 -0.3174 -0.0182
-0.0669 -0.3276 -0.3424 -0.3344 -0.2973 -0.2231 -0.1274 -0.0605 -0.0292 -0.0149 -0.0079 -0.0033 0.0002 0.0033 0.0065 0.0103 0.0151 0.0207 0.0271 0.0348 0.0445 0.0593 0.0909 0.1008 0.0793 -0.0312 -0.1488 -0.2424 -0.3230 -0.3313 -0.3376 -0.3413 -0.3413 -0.3363 -0.3240 -0.3019 -0.2663 -0.2146 -0.1507 -0.0918 -0.0520 -0.0292 -0.0166 -0.0095 -0.0046 -0.0009 0.0022 0.0053 0.0087 0.0136 0.0176 0.0136 0.0087 0.0053 0.0022 -0.0009 -0.0046 -0.0095 -0.0166 -0.0292 -0.0520 -0.0918 -0.1507 -0.2146 -0.2663 -0.3019 -0.3240 -0.3363 -0.3413 -0.3413 -0.3376 -0.3313 -0.3230 -0.2424 -0.1488 -0.0312 0.0793 0.1008 0.0909 0.0593 0.0445 0.0348 0.0271 0.0207 0.0151 0.0103 0.0065 0.0033 0.0002 -0.0033 -0.0079 -0.0149 -0.0292 -0.0605 -0.1274 -0.2231 -0.2973 -0.3344 -0.3424 -0.3276 -0.0669
-0.0919 -0.3351 -0.3406 -0.3093 -0.2231 -0.1044 -0.0392 -0.0156 -0.0066 -0.0017 0.0020 0.0054 0.0093 0.0140 0.0195 0.0259 0.0334 0.0426 0.0560 0.0852 0.0997 0.0922 -0.0101 -0.1348 -0.2239 -0.3214 -0.3300 -0.3367 -0.3409 -0.3417 -0.3376 -0.3267 -0.3065 -0.2735 -0.2245 -0.1619 -0.1006 -0.0574 -0.0322 -0.0182 -0.0105 -0.0053 -0.0015 0.0017 0.0048 0.0081 0.0124 0.0175 0.0235 0.0309 0.0373 0.0309 0.0235 0.0175 0.0124 0.0081 0.0048 0.0017 -0.0015 -0.0053 -0.0105 -0.0182 -0.0322 -0.0574 -0.1006 -0.1619 -0.2245 -0.2735 -0.3065 -0.3267 -0.3376 -0.3417 -0.3409 -0.3367 -0.3300 -0.3214 -0.2239 -0.1348 -0.0101 0.0922 0.0997 0.0852 0.0560 0.0426 0.0334 0.0259 0.0195 0.0140 0.0093 0.0054 0.0020 -0.0017 -0.0066 -0.0156 -0.0392 -0.1044 -0.2231 -0.3093 -0.3406 -0.3351 -0.0919
-0.1107 -0.3399 -0.3310 -0.2643 -0.1274 -0.0392 -0.0124 -0.0037 0.0014 0.0056 0.0108 0.0167 0.0234 0.0310 0.0399 0.0520 0.0752 0.0983 0.0996 0.0113 -0.1158 -0.2068 -0.3198 -0.3286 -0.3357 -0.3404 -0.3418 -0.3387 -0.3292 -0.3108 -0.2802 -0.2341 -0.1731 -0.1101 -0.0633 -0.0356 -0.0201 -0.0115 -0.0060 -0.0021 0.0012 0.0042 0.0075 0.0116 0.0166 0.0224 0.0292 0.0373 0.0480 0.0663 0.0906 0.0663 0.0480 0.0373 0.0292 0.0224 0.0166 0.0116 0.0075 0.0042 0.0012 -0.0021 -0.0060 -0.0115 -0.0201 -0.0356 -0.0633 -0.1101 -0.1731 -0.2341 -0.2802 -0.3108 -0.3292 -0.3387 -0.3418 -0.3404 -0.3357 -0.3286 -0.3198 -0.2068 -0.1158 0.0113 0.0996 0.0983 0.0752 0.0520 0.0399 0.0310 0.0234 0.0167 0.0108 0.0056 0.0014 -0.0037 -0.0124 -0.0392 -0.1274 -0.2643 -0.3310 -0.3399 -0.1107
-0.1255 -0.3412 -0.3118 -0.1989 -0.0605 -0.0156 -0.0037 0.0023 0.0079 0.0151 0.0234 0.0328 0.0438 0.0593 0.0949 0.1037 0.0414 -0.0861 -0.1897 -0.3053 -0.3272 -0.3346 -0.3398 -0.3419 -0.3396 -0.3313 -0.3147 -0.2864 -0.2431 -0.1842 -0.1201 -0.0698 -0.0393 -0.0221 -0.0127 -0.0069 -0.0027 0.0006 0.0037 0.0069 0.0108 0.0157 0.0214 0.0280 0.0358 0.0459 0.0618 0.0924 0.1013 0.0684 -0.0063 0.0684 0.1013 0.0924 0.0618 0.0459 0.0358 0.0280 0.0214 0.0157 0.0108 0.0069 0.0037 0.0006 -0.0027 -0.0069 -0.0127 -0.0221 -0.0393 -0.0698 -0.1201 -0.1842 -0.2431 -0.2864 -0.3147 -0.3313 -0.3396 -0.3419 -0.3398 -0.3346 -0.3272 -0.3053 -0.1897 -0.0861 0.0414 0.1037 0.0949 0.0593 0.0438 0.0328 0.0234 0.0151 0.0079 0.0023 -0.0037 -0.0156 -0.0605 -0.1989 -0.3118 -0.3412 -0.1255
-0.1372 -0.3378 -0.2799 -0.1262 -0.0292 -0.0066 0.0014 0.0079 0.0167 0.0273 0.0397 0.0556 0.0910 0.1076 -0.0104 -0.1608 -0.2685 -0.3248 -0.3331 -0.3390 -0.3418 -0.3404 -0.3333 -0.3182 -0.2922 -0.2516 -0.1951 -0.1305 -0.0769 -0.0433 -0.0244 -0.0139 -0.0077 -0.0033 0.0001 0.0032 0.0063 0.0101 0.0148 0.0203 0.0268 0.0344 0.0439 0.0583 0.0902 0.1005 0.0836 -0.0245 -0.1449 -0.2375 -0.3184 -0.2375 -0.1449 -0.0245 0.0836 0.1005 0.0902 0.0583 0.0439 0.0344 0.0268 0.0203 0.0148 0.0101 0.0063 0.0032 0.0001 -0.0033 -0.0077 -0.0139 -0.0244 -0.0433 -0.0769 -0.1305 -0.1951 -0.2516 -0.2922 -0.3182 -0.3333 -0.3404 -0.3418 -0.3390 -0.3331 -0.3248 -0.2685 -0.1608 -0.0104 0.1076 0.0910 0.0556 0.0397 0.0273 0.0167 0.0079 0.0014 -0.0066 -0.0292 -0.1262 -0.2799 -0.3378 -0.1372
-0.1461 -0.3280 -0.2321 -0.0709 -0.0149 -0.0017 0.0056 0.0151 0.0273 0.0422 0.0630 0.1184 0.0235 -0.1665 -0.3167 -0.3281 -0.3365 -0.3413 -0.3416 -0.3360 -0.3226 -0.2987 -0.2605 -0.2061 -0.1413 -0.0846 -0.0478 -0.0269 -0.0153 -0.0086 -0.0040 -0.0004 0.0026 0.0058 0.0094 0.0140 0.0193 0.0256 0.0330 0.0421 0.0551 0.0828 0.0993 0.0958 -0.0035 -0.1305 -0.2184 -0.3209 -0.3297 -0.3365 -0.3394 -0.3365 -0.3297 -0.3209 -0.2184 -0.1305 -0.0035 0.0958 0.0993 0.0828 0.0551 0.0421 0.0330 0.0256 0.0193 0.0140 0.0094 0.0058 0.0026 -0.0004 -0.0040 -0.0086 -0.0153 -0.0269 -0.0478 -0.0846 -0.1413 -0.2061 -0.2605 -0.2987 -0.3226 -0.3360 -0.3416 -0.3413 -0.3365 -0.3281 -0.3167 -0.1665 0.0235 0.1184 0.0630 0.0422 0.0273 0.0151 0.0056 -0.0017 -0.0149 -0.0709 -0.2321 -0.3280 -0.1461
-0.1519 -0.3094 -0.1701 -0.0388 -0.0079 0.0020 0.0108 0.0234 0.0397 0.0630 0.1223 -0.0363 -0.2847 -0.3253 -0.3362 -0.3419 -0.3410 -0.3316 -0.3111 -0.2762 -0.2236 -0.1573 -0.0951 -0.0534 -0.0298 -0.0168 -0.0096 -0.0047 -0.0010 0.0021 0.0052 0.0086 0.0131 0.0184 0.0245 0.0316 0.0403 0.0524 0.0758 0.0978 0.0998 0.0171 -0.1087 -0.2017 -0.3193 -0.3282 -0.3354 -0.3402 -0.3418 -0.3390 -0.3352 -0.3390 -0.3418 -0.3402 -0.3354 -0.3282 -0.3193 -0.2017 -0.1087 0.0171 0.0998 0.0978 0.0758 0.0524 0.0403 0.0316 0.0245 0.0184 0.0131 0.0086 0.0052 0.0021 -0.0010 -0.0047 -0.0096 -0.0168 -0.0298 -0.0534 -0.0951 -0.1573 -0.2236 -0.2762 -0.3111 -0.3316 -0.3410 -0.3419 -0.3362 -0.3253 -0.2847 -0.0363 0.1223 0.0630 0.0397 0.0234 0.0108 0.0020 -0.0079 -0.0389 -0.1701 -0.3094 -0.1519
-0.1539 -0.2787 -0.1072 -0.0216 -0.0033 0.0054 0.0167 0.0328 0.0556 0.1184 -0.0363 -0.3128 -0.3292 -0.3398 -0.3424 -0.3339 -0.3102 -0.2660 -0.1993 -0.1235 -0.0670 -0.0356 -0.0194 -0.0109 -0.0055 -0.0016 0.0016 0.0047 0.0080 0.0123 0.0174 0.0233 0.0303 0.0387 0.0499 0.0701 0.0961 0.1011 0.0367 -0.0862 -0.1859 -0.2981 -0.3268 -0.3343 -0.3396 -0.3419 -0.3399 -0.3320 -0.3155 -0.2880 -0.2668 -0.2880 -0.3155 -0.3320 -0.3399 -0.3419 -0.3396 -0.3343 -0.3268 -0.2981 -0.1859 -0.0862 0.0367 0.1011 0.0961 0.0701 0.0499 0.0387 0.0303 0.0233 0.0174 0.0123 0.0080 0.0047 0.0016 -0.0016 -0.0055 -0.0109 -0.0194 -0.0356 -0.0670 -0.1235 -0.1993 -0.2660 -0.3102 -0.3339 -0.3424 -0.3398 -0.3292 -0.3128 -0.0363 0.1184 0.0556 0.0328 0.0167 0.0054 -0.0033 -0.0216 -0.1073 -0.2787 -0.1539
-0.1513 -0.2327 -0.0614 -0.0123 0.0002 0.0092 0.0234 0.0438 0.0910 0.0235 -0.2847 -0.3292 -0.3407 -0.3413 -0.3256 -0.2855 -0.2135 -0.1234 -0.0595 -0.0286 -0.0143 -0.0073 -0.0027 0.0008 0.0040 0.0073 0.0114 0.0164 0.0222 0.0290 0.0371 0.0477 0.0653 0.0941 0.1015 0.0549 -0.0643 -0.1710 -0.2745 -0.3253 -0.3331 -0.3389 -0.3417 -0.3406 -0.3338 -0.3193 -0.2940 -0.2543 -0.1975 -0.1331 -0.1003 -0.1331 -0.1975 -0.2543 -0.2940 -0.3193 -0.3338 -0.3406 -0.3417 -0.3389 -0.3331 -0.3253 -0.2745 -0.1710 -0.0643 0.0549 0.1015 0.0941 0.0653 0.0477 0.0371 0.0290 0.0222 0.0164 0.0114 0.0073 0.0040 0.0008 -0.0027 -0.0073 -0.0143 -0.0286 -0.0595 -0.1234 -0.2135 -0.2855 -0.3256 -0.3413 -0.3407 -0.3292 -0.2847 0.0235 0.0910 0.0438 0.0234 0.0093 0.0002 -0.0123 -0.0614 -0.2327 -0.1513
-0.1431 -0.1721 -0.0345 -0.0066 0.0033 0.0140 0.0310 0.0593 0.1076 -0.1665 -0.3253 -0.3398 -0.3413 -0.3221 -0.2694 -0.1751 -0.0806 -0.0334 -0.0144 -0.0063 -0.0015 0.0023 0.0058 0.0099 0.0150 0.0208 0.0275 0.0354 0.0453 0.0609 0.0920 0.1012 0.0713 -0.0428 -0.1565 -0.2532 -0.3238 -0.3319 -0.3381 -0.3415 -0.3411 -0.3355 -0.3224 -0.2992 -0.2622 -0.2090 -0.1447 -0.0872 -0.0489 -0.0275 -0.0199 -0.0275 -0.0489 -0.0872 -0.1447 -0.2090 -0.2622 -0.2992 -0.3224 -0.3355 -0.3411 -0.3415 -0.3381 -0.3319 -0.3238 -0.2532 -0.1565 -0.0428 0.0713 0.1012 0.0920 0.0609 0.0453 0.0354 0.0275 0.0208 0.0150 0.0099 0.0058 0.0023 -0.0015 -0.0063 -0.0144 -0.0334 -0.0806 -0.1751 -0.2694 -0.3221 -0.3413 -0.3398 -0.3253 -0.1665 0.1076 0.0593 0.0310 0.0140 0.0033 -0.0066 -0.0345 -0.1721 -0.1431
-0.1291 -0.1100 -0.0195 -0.0025 0.0065 0.0195 0.0399 0.0949 -0.0104 -0.3167 -0.3362 -0.3424 -0.3256 -0.2694 -0.1618 -0.0643 -0.0235 -0.0088 -0.0025 0.0020 0.0061 0.0113 0.0173 0.0243 0.0322 0.0417 0.0551 0.0838 0.1005 0.0878 -0.0195 -0.1424 -0.2338 -0.3223 -0.3307 -0.3372 -0.3411 -0.3415 -0.3369 -0.3253 -0.3041 -0.2697 -0.2192 -0.1558 -0.0957 -0.0544 -0.0306 -0.0173 -0.0098 -0.0047 -0.0018 -0.0047 -0.0098 -0.0173 -0.0306 -0.0544 -0.0957 -0.1558 -0.2192 -0.2697 -0.3041 -0.3253 -0.3369 -0.3415 -0.3411 -0.3372 -0.3307 -0.3223 -0.2338 -0.1424 -0.0195 0.0878 0.1005 0.0838 0.0551 0.0417 0.0322 0.0243 0.0173 0.0113 0.0061 0.0020 -0.0025 -0.0088 -0.0235 -0.0643 -0.1618 -0.2694 -0.3256 -0.3424 -0.3362 -0.3167 -0.0104 0.0949 0.0399 0.0195 0.0065 -0.0025 -0.0195 -0.1100 -0.1291
-0.1103 -0.0638 -0.0112 0.0008 0.0103 0.0259 0.0520 0.1037 -0.1608 -0.3281 -0.3419 -0.3339 -0.2854 -0.1751 -0.0643 -0.0209 -0.0068 -0.0006 0.0041 0.0097 0.0166 0.0247 0.0341 0.0454 0.0627 0.0973 0.1042 0.0179 -0.1155 -0.2128 -0.3204 -0.3292 -0.3362 -0.3407 -0.3417 -0.3381 -0.3278 -0.3085 -0.2766 -0.2289 -0.1670 -0.1049 -0.0601 -0.0337 -0.0191 -0.0110 -0.0056 -0.0018 0.0015 0.0047 0.0072 0.0047 0.0015 -0.0018 -0.0056 -0.0110 -0.0191 -0.0337 -0.0601 -0.1049 -0.1670 -0.2289 -0.2766 -0.3085 -0.3278 -0.3381 -0.3417 -0.3407 -0.3362 -0.3292 -0.3204 -0.2128 -0.1155 0.0179 0.1042 0.0973 0.0627 0.0454 0.0341 0.0247 0.0166 0.0097 0.0041 -0.0006 -0.0068 -0.0209 -0.0643 -0.1751 -0.2855 -0.3339 -0.3419 -0.3281 -0.1608 0.1037 0.0520 0.0259 0.0103 0.0008 -0.0112 -0.0638 -0.1103
-0.0894 -0.0363 -0.0058 0.0039 0.0151 0.0334 0.0752 0.0414 -0.2685 -0.3365 -0.3410 -0.3101 -0.2135 -0.0807 -0.0235 -0.0068 0.0000 0.0052 0.0122 0.0207 0.0309 0.0432 0.0607 0.1014 0.0949 -0.0342 -0.1772 -0.2964 -0.3266 -0.3346 -0.3399 -0.3419 -0.3393 -0.3303 -0.3127 -0.2832 -0.2383 -0.1781 -0.1146 -0.0662 -0.0372 -0.0210 -0.0121 -0.0064 -0.0024 0.0009 0.0040 0.0072 0.0113 0.0165 0.0209 0.0165 0.0113 0.0072 0.0040 0.0009 -0.0024 -0.0064 -0.0121 -0.0210 -0.0372 -0.0662 -0.1146 -0.1781 -0.2383 -0.2832 -0.3127 -0.3303 -0.3393 -0.3419 -0.3399 -0.3346 -0.3266 -0.2964 -0.1772 -0.0342 0.0949 0.1014 0.0607 0.0432 0.0309 0.0207 0.0122 0.0052 0.0000 -0.0068 -0.0235 -0.0806 -0.2135 -0.3102 -0.3410 -0.3365 -0.2685 0.0414 0.0752 0.0334 0.0151 0.0039 -0.0058 -0.0363 -0.0894
-0.0695 -0.0209 -0.0019 0.0071 0.0207 0.0426 0.0983 -0.0861 -0.3248 -0.3413 -0.3316 -0.2660 -0.1236 -0.0335 -0.0088 -0.0006 0.0052 0.0130 0.0229 0.0350 0.0504 0.0791 0.1124 -0.0229 -0.2020 -0.3191 -0.3299 -0.3377 -0.3417 -0.3410 -0.3339 -0.3182 -0.2910 -0.2488 -0.1903 -0.1252 -0.0732 -0.0411 -0.0231 -0.0132 -0.0072 -0.0030 0.0004 0.0035 0.0066 0.0105 0.0153 0.0209 0.0274 0.0356 0.0428 0.0356 0.0274 0.0209 0.0153 0.0105 0.0066 0.0035 0.0004 -0.0030 -0.0072 -0.0132 -0.0231 -0.0411 -0.0732 -0.1252 -0.1903 -0.2488 -0.2910 -0.3182 -0.3339 -0.3410 -0.3417 -0.3377 -0.3299 -0.3191 -0.2020 -0.0229 0.1124 0.0791 0.0504 0.0350 0.0229 0.0130 0.0052 -0.0006 -0.0088 -0.0334 -0.1234 -0.2660 -0.3316 -0.3413 -0.3248 -0.0861 0.0983 0.0426 0.0207 0.0071 -0.0019 -0.0209 -0.0695
-0.0529 -0.0123 0.0013 0.0111 0.0271 0.0560 0.0996 -0.1897 -0.3331 -0.3416 -0.3111 -0.1994 -0.0596 -0.0144 -0.0025 0.0041 0.0122 0.0229 0.0365 0.0544 0.0983 0.0665 -0.1288 -0.3160 -0.3289 -0.3381 -0.3422 -0.3397 -0.3285 -0.3054 -0.2667 -0.2099 -0.1421 -0.0834 -0.0463 -0.0258 -0.0146 -0.0081 -0.0036 -0.0001 0.0029 0.0061 0.0097 0.0144 0.0199 0.0262 0.0337 0.0430 0.0568 0.0875 0.0952 0.0875 0.0568 0.0430 0.0337 0.0262 0.0199 0.0144 0.0097 0.0061 0.0029 -0.0001 -0.0036 -0.0081 -0.0146 -0.0258 -0.0463 -0.0834 -0.1421 -0.2099 -0.2667 -0.3054 -0.3285 -0.3397 -0.3422 -0.3381 -0.3289 -0.3160 -0.1288 0.0665 0.0983 0.0544 0.0365 0.0229 0.0122 0.0041 -0.0025 -0.0144 -0.0595 -0.1993 -0.3111 -0.3416 -0.3331 -0.1897 0.0996 0.0560 0.0271 0.0111 0.0013 -0.0123 -0.0529
-0.0404 -0.0064 0.0044 0.0160 0.0348 0.0852 0.0113 -0.3053 -0.3390 -0.3360 -0.2761 -0.1235 -0.0286 -0.0063 0.0020 0.0097 0.0207 0.0350 0.0544 0.1075 0.0320 -0.2088 -0.3220 -0.3347 -0.3418 -0.3409 -0.3287 -0.3011 -0.2527 -0.1829 -0.1093 -0.0585 -0.0311 -0.0169 -0.0094 -0.0044 -0.0008 0.0024 0.0055 0.0090 0.0136 0.0189 0.0251 0.0324 0.0413 0.0539 0.0794 0.0987 0.0988 0.0051 -0.0928 0.0051 0.0988 0.0987 0.0794 0.0539 0.0413 0.0324 0.0251 0.0189 0.0136 0.0090 0.0055 0.0024 -0.0008 -0.0044 -0.0094 -0.0169 -0.0311 -0.0585 -0.1093 -0.1829 -0.2527 -0.3011 -0.3287 -0.3409 -0.3418 -0.3347 -0.3220 -0.2088 0.0320 0.1075 0.0544 0.0350 0.0207 0.0097 0.0020 -0.0063 -0.0286 -0.1235 -0.2762 -0.3360 -0.3390 -0.3053 0.0113 0.0852 0.0348 0.0160 0.0044 -0.0064 -0.0404
-0.0320 -0.0018 0.0077 0.0217 0.0445 0.0997 -0.1158 -0.3272 -0.3418 -0.3226 -0.2236 -0.0669 -0.0143 -0.0015 0.0061 0.0166 0.0309 0.0504 0.0983 0.0320 -0.2427 -0.3249 -0.3376 -0.3426 -0.3361 -0.3123 -0.2633 -0.1856 -0.1021 -0.0497 -0.0244 -0.0124 -0.0062 -0.0019 0.0015 0.0047 0.0082 0.0126 0.0179 0.0239 0.0310 0.0396 0.0512 0.0730 0.0970 0.1005 0.0262 -0.0983 -0.1949 -0.3136 -0.3238 -0.3136 -0.1949 -0.0983 0.0262 0.1005 0.0970 0.0730 0.0512 0.0396 0.0310 0.0239 0.0179 0.0126 0.0082 0.0047 0.0015 -0.0019 -0.0062 -0.0124 -0.0244 -0.0497 -0.1021 -0.1856 -0.2633 -0.3123 -0.3361 -0.3426 -0.3376 -0.3249 -0.2427 0.0320 0.0983 0.0504 0.0309 0.0166 0.0061 -0.0015 -0.0143 -0.0670 -0.2236 -0.3226 -0.3418 -0.3272 -0.1158 0.0997 0.0445 0.0217 0.0077 -0.0018 -0.0320
-0.0270 0.0026 0.0119 0.0284 0.0593 0.0922 -0.2068 -0.3346 -0.3404 -0.2987 -0.1573 -0.0356 -0.0073 0.0022 0.0112 0.0247 0.0432 0.0791 0.0665 -0.2088 -0.3249 -0.3384 -0.3425 -0.3314 -0.2963 -0.2259 -0.1287 -0.0576 -0.0253 -0.0114 -0.0049 -0.0005 0.0030 0.0066 0.0110 0.0162 0.0223 0.0293 0.0376 0.0485 0.0671 0.0952 0.1014 0.0453 -0.0761 -0.1790 -0.2870 -0.3261 -0.3339 -0.3394 -0.3414 -0.3394 -0.3339 -0.3261 -0.2870 -0.1790 -0.0761 0.0453 0.1014 0.0952 0.0671 0.0485 0.0376 0.0293 0.0223 0.0162 0.0110 0.0066 0.0030 -0.0005 -0.0049 -0.0114 -0.0253 -0.0576 -0.1287 -0.2259 -0.2962 -0.3314 -0.3425 -0.3384 -0.3249 -0.2088 0.0665 0.0791 0.0432 0.0247 0.0113 0.0023 -0.0073 -0.0356 -0.1573 -0.2987 -0.3404 -0.3346 -0.2068 0.0922 0.0593 0.0284 0.0119 0.0026 -0.0270
-0.0221 0.0073 0.0169 0.0363 0.0909 -0.0101 -0.3198 -0.3398 -0.3333 -0.2605 -0.0953 -0.0194 -0.0027 0.0058 0.0173 0.0341 0.0607 0.1124 -0.1288 -0.3220 -0.3376 -0.3425 -0.3294 -0.2865 -0.1997 -0.0955 -0.0377 -0.0150 -0.0060 -0.0008 0.0032 0.0074 0.0127 0.0189 0.0260 0.0342 0.0444 0.0597 0.0924 0.1018 0.0659 -0.0521 -0.1642 -0.2644 -0.3246 -0.3326 -0.3385 -0.3416 -0.3408 -0.3346 -0.3283 -0.3346 -0.3408 -0.3416 -0.3385 -0.3326 -0.3246 -0.2644 -0.1642 -0.0521 0.0659 0.1018 0.0924 0.0597 0.0444 0.0342 0.0260 0.0189 0.0127 0.0074 0.0032 -0.0008 -0.0060 -0.0150 -0.0377 -0.0954 -0.1998 -0.2865 -0.3294 -0.3425 -0.3376 -0.3220 -0.1288 0.1124 0.0607 0.0341 0.0173 0.0058 -0.0027 -0.0194 -0.0951 -0.2605 -0.3333 -0.3398 -0.3198 -0.0101 0.0909 0.0363 0.0169 0.0073 -0.0221
-0.0171 0.0123 0.0228 0.0465 0.1008 -0.1348 -0.3286 -0.3419 -0.3182 -0.2063 -0.0535 -0.0109 0.0008 0.0099 0.0242 0.0454 0.1014 -0.0229 -0.3160 -0.3347 -0.3426 -0.3314 -0.2865 -0.1906 -0.0814 -0.0292 -0.0105 -0.0032 0.0018 0.0062 0.0121 0.0191 0.0273 0.0369 0.0490 0.0703 0.1003 0.0957 -0.0138 -0.1452 -0.2400 -0.3228 -0.3312 -0.3376 -0.3413 -0.3413 -0.3361 -0.3238 -0.3010 -0.2652 -0.2386 -0.2652 -0.3010 -0.3238 -0.3361 -0.3413 -0.3413 -0.3376 -0.3312 -0.3228 -0.2400 -0.1452 -0.0138 0.0957 0.1003 0.0703 0.0490 0.0369 0.0273 0.0191 0.0121 0.0062 0.0018 -0.0032 -0.0105 -0.0292 -0.0813 -0.1907 -0.2865 -0.3314 -0.3426 -0.3347 -0.3160 -0.0229 0.1014 0.0454 0.0243 0.0099 0.0008 -0.0109 -0.0534 -0.2061 -0.3182 -0.3419 -0.3286 -0.1348 0.1008 0.0465 0.0228 0.0123 -0.0171
-0.0124 0.0174 0.0296 0.0630 0.0793 -0.2239 -0.3357 -0.3396 -0.2922 -0.1415 -0.0298 -0.0055 0.0040 0.0149 0.0322 0.0627 0.0949 -0.2020 -0.3289 -0.3418 -0.3361 -0.2962 -0.1998 -0.0813 -0.0268 -0.0088 -0.0017 0.0033 0.0089 0.0162 0.0250 0.0355 0.0486 0.0710 0.1058 0.0665 -0.0740 -0.2015 -0.3193 -0.3288 -0.3362 -0.3408 -0.3417 -0.3377 -0.3268 -0.3063 -0.2730 -0.2237 -0.1599 -0.0991 -0.0726 -0.0991 -0.1599 -0.2237 -0.2730 -0.3063 -0.3268 -0.3377 -0.3417 -0.3408 -0.3362 -0.3288 -0.3193 -0.2015 -0.0740 0.0665 0.1058 0.0710 0.0486 0.0355 0.0250 0.0162 0.0089 0.0033 -0.0017 -0.0088 -0.0268 -0.0813 -0.1998 -0.2962 -0.3361 -0.3418 -0.3289 -0.2020 0.0949 0.0627 0.0322 0.0150 0.0040 -0.0055 -0.0298 -0.1413 -0.2922 -0.3396 -0.3357 -0.2239 0.0793 0.0630 0.0296 0.0174 -0.0124
-0.0081 0.0223 0.0378 0.0930 -0.0312 -0.3214 -0.3404 -0.3313 -0.2517 -0.0847 -0.0168 -0.0016 0.0073 0.0208 0.0417 0.0972 -0.0342 -0.3191 -0.3381 -0.3409 -0.3123 -0.2259 -0.0954 -0.0292 -0.0088 -0.0012 0.0041 0.0107 0.0192 0.0297 0.0425 0.0609 0.1062 0.0746 -0.0838 -0.2384 -0.3225 -0.3323 -0.3391 -0.3420 -0.3398 -0.3309 -0.3126 -0.2818 -0.2350 -0.1733 -0.1097 -0.0630 -0.0350 -0.0197 -0.0144 -0.0197 -0.0350 -0.0630 -0.1097 -0.1733 -0.2350 -0.2818 -0.3126 -0.3309 -0.3398 -0.3420 -0.3391 -0.3323 -0.3225 -0.2384 -0.0838 0.0746 0.1062 0.0609 0.0425 0.0297 0.0192 0.0107 0.0041 -0.0012 -0.0088 -0.0292 -0.0954 -0.2259 -0.3123 -0.3409 -0.3381 -0.3191 -0.0342 0.0973 0.0417 0.0208 0.0073 -0.0016 -0.0168 -0.0846 -0.2516 -0.3313 -0.3404 -0.3214 -0.0312 0.0930 0.0378 0.0223 -0.0081
-0.0045 0.0269 0.0487 0.1014 -0.1488 -0.3300 -0.3418 -0.3147 -0.1951 -0.0478 -0.0096 0.0016 0.0114 0.0275 0.0550 0.1042 -0.1768 -0.3299 -0.3422 -0.3288 -0.2633 -0.1287 -0.0377 -0.0105 -0.0017 0.0041 0.0113 0.0208 0.0326 0.0477 0.0739 0.1161 -0.0260 -0.2277 -0.3216 -0.3327 -0.3400 -0.3422 -0.3374 -0.3235 -0.2968 -0.2537 -0.1931 -0.1252 -0.0718 -0.0397 -0.0222 -0.0126 -0.0068 -0.0024 0.0002 -0.0024 -0.0068 -0.0126 -0.0222 -0.0397 -0.0718 -0.1252 -0.1931 -0.2537 -0.2968 -0.3235 -0.3374 -0.3422 -0.3400 -0.3327 -0.3216 -0.2277 -0.0260 0.1161 0.0739 0.0477 0.0326 0.0208 0.0113 0.0041 -0.0017 -0.0105 -0.0377 -0.1287 -0.2633 -0.3287 -0.3422 -0.3299 -0.1772 0.1042 0.0551 0.0275 0.0114 0.0016 -0.0096 -0.0478 -0.1951 -0.3147 -0.3418 -0.3300 -0.1488 0.1014 0.0487 0.0269 -0.0045
-0.0015 0.0319 0.0674 0.0641 -0.2424 -0.3367 -0.3387 -0.2864 -0.1305 -0.0269 -0.0047 0.0047 0.0164 0.0354 0.0838 0.0182 -0.2964 -0.3376 -0.3398 -0.3011 -0.1856 -0.0576 -0.0150 -0.0032 0.0033 0.0107 0.0208 0.0336 0.0505 0.0855 0.0865 -0.1070 -0.3153 -0.3292 -0.3388 -0.3424 -0.3376 -0.3209 -0.2879 -0.2335 -0.1609 -0.0927 -0.0494 -0.0265 -0.0145 -0.0079 -0.0034 0.0001 0.0032 0.0066 0.0094 0.0066 0.0032 0.0001 -0.0034 -0.0079 -0.0145 -0.0265 -0.0494 -0.0927 -0.1609 -0.2335 -0.2879 -0.3209 -0.3376 -0.3424 -0.3388 -0.3292 -0.3153 -0.1070 0.0865 0.0855 0.0505 0.0336 0.0208 0.0107 0.0033 -0.0032 -0.0150 -0.0576 -0.1856 -0.3011 -0.3397 -0.3377 -0.2964 0.0179 0.0838 0.0354 0.0164 0.0047 -0.0047 -0.0269 -0.1305 -0.2864 -0.3387 -0.3367 -0.2424 0.0641 0.0674 0.0319 -0.0015
0.0015 0.0399 0.0950 -0.0526 -0.3230 -0.3409 -0.3292 -0.2431 -0.0769 -0.0153 -0.0010 0.0080 0.0222 0.0453 0.1005 -0.1155 -0.3266 -0.3417 -0.3285 -0.2527 -0.1021 -0.0253 -0.0060 0.0018 0.0089 0.0192 0.0326 0.0505 0.0905 0.0644 -0.1618 -0.3201 -0.3338 -0.3416 -0.3408 -0.3270 -0.2940 -0.2349 -0.1529 -0.0803 -0.0396 -0.0199 -0.0104 -0.0049 -0.0009 0.0024 0.0056 0.0092 0.0139 0.0197 0.0245 0.0197 0.0139 0.0092 0.0056 0.0024 -0.0009 -0.0049 -0.0104 -0.0199 -0.0396 -0.0803 -0.1529 -0.2349 -0.2940 -0.3270 -0.3408 -0.3416 -0.3338 -0.3201 -0.1618 0.0644 0.0905 0.0505 0.0326 0.0192 0.0089 0.0018 -0.0060 -0.0253 -0.1021 -0.2527 -0.3285 -0.3417 -0.3266 -0.1155 0.1005 0.0453 0.0222 0.0080 -0.0010 -0.0153 -0.0769 -0.2431 -0.3292 -0.3409 -0.3230 -0.0526 0.0950 0.0399 0.0015
0.0050 0.0515 0.1014 -0.1631 -0.3313 -0.3417 -0.3108 -0.1842 -0.0433 -0.0086 0.0021 0.0123 0.0290 0.0609 0.0878 -0.2128 -0.3346 -0.3410 -0.3054 -0.1829 -0.0497 -0.0114 -0.0008 0.0062 0.0162 0.0297 0.0477 0.0855 0.0644 -0.1827 -0.3224 -0.3362 -0.3425 -0.3372 -0.3136 -0.2622 -0.1773 -0.0900 -0.0406 -0.0186 -0.0088 -0.0034 0.0006 0.0040 0.0077 0.0123 0.0177 0.0240 0.0313 0.0406 0.0490 0.0406 0.0313 0.0240 0.0177 0.0123 0.0077 0.0040 0.0006 -0.0034 -0.0088 -0.0186 -0.0406 -0.0900 -0.1773 -0.2622 -0.3136 -0.3372 -0.3425 -0.3362 -0.3224 -0.1827 0.0644 0.0855 0.0477 0.0297 0.0162 0.0062 -0.0008 -0.0114 -0.0497 -0.1829 -0.3054 -0.3410 -0.3346 -0.2128 0.0878 0.0609 0.0290 0.0123 0.0021 -0.0086 -0.0433 -0.1842 -0.3108 -0.3417 -0.3313 -0.1631 0.1014 0.0515 0.0050
0.0094 0.0732 0.0468 -0.2626 -0.3376 -0.3376 -0.2802 -0.1201 -0.0244 -0.0040 0.0052 0.0174 0.0371 0.0920 -0.0195 -0.3204 -0.3399 -0.3339 -0.2667 -0.1093 -0.0244 -0.0049 0.0032 0.0121 0.0250 0.0425 0.0739 0.0865 -0.1618 -0.3224 -0.3369 -0.3426 -0.3340 -0.3017 -0.2328 -0.1320 -0.0565 -0.0233 -0.0099 -0.0036 0.0009 0.0047 0.0090 0.0145 0.0209 0.0282 0.0368 0.0478 0.0662 0.0943 0.0952 0.0943 0.0662 0.0478 0.0368 0.0282 0.0209 0.0145 0.0090 0.0047 0.0009 -0.0036 -0.0099 -0.0233 -0.0565 -0.1320 -0.2328 -0.3017 -0.3340 -0.3426 -0.3369 -0.3224 -0.1618 0.0865 0.0739 0.0425 0.0250 0.0121 0.0032 -0.0049 -0.0244 -0.1093 -0.2667 -0.3339 -0.3399 -0.3204 -0.0195 0.0920 0.0371 0.0174 0.0052 -0.0040 -0.0244 -0.1201 -0.2802 -0.3376 -0.3376 -0.2626 0.0468 0.0732 0.0094
0.0152 0.0977 -0.0742 -0.3245 -0.3413 -0.3267 -0.2341 -0.0698 -0.0139 -0.0004 0.0086 0.0233 0.0477 0.1012 -0.1424 -0.3292 -0.3419 -0.3182 -0.2099 -0.0585 -0.0124 -0.0005 0.0074 0.0191 0.0355 0.0609 0.1161 -0.1070 -0.3201 -0.3362 -0.3426 -0.3327 -0.2947 -0.2128 -0.1046 -0.0403 -0.0154 -0.0058 -0.0004 0.0038 0.0087 0.0148 0.0221 0.0305 0.0405 0.0541 0.0830 0.1029 0.0722 -0.0501 -0.1391 -0.0501 0.0722 0.1029 0.0830 0.0541 0.0405 0.0305 0.0221 0.0148 0.0087 0.0038 -0.0004 -0.0058 -0.0154 -0.0403 -0.1046 -0.2128 -0.2947 -0.3327 -0.3426 -0.3362 -0.3201 -0.1070 0.1161 0.0609 0.0355 0.0191 0.0074 -0.0005 -0.0124 -0.0585 -0.2099 -0.3182 -0.3419 -0.3292 -0.1424 0.1012 0.0477 0.0233 0.0086 -0.0004 -0.0139 -0.0698 -0.2341 -0.3267 -0.3413 -0.3245 -0.0742 0.0977 0.0152
0.0236 0.1016 -0.1777 -0.3325 -0.3413 -0.3065 -0.1731 -0.0393 -0.0077 0.0026 0.0131 0.0303 0.0653 0.0713 -0.2338 -0.3362 -0.3393 -0.2910 -0.1421 -0.0311 -0.0062 0.0030 0.0127 0.0273 0.0486 0.1062 -0.0260 -0.3153 -0.3338 -0.3425 -0.3340 -0.2947 -0.2058 -0.0925 -0.0329 -0.0116 -0.0036 0.0017 0.0064 0.0127 0.0204 0.0296 0.0406 0.0556 0.0904 0.1085 0.0250 -0.1206 -0.2325 -0.3222 -0.3274 -0.3222 -0.2325 -0.1206 0.0250 0.1085 0.0904 0.0556 0.0406 0.0296 0.0204 0.0127 0.0064 0.0017 -0.0036 -0.0116 -0.0329 -0.0925 -0.2058 -0.2947 -0.3340 -0.3425 -0.3338 -0.3153 -0.0260 0.1062 0.0486 0.0273 0.0127 0.0030 -0.0062 -0.0311 -0.1421 -0.2910 -0.3393 -0.3362 -0.2338 0.0713 0.0653 0.0303 0.0131 0.0026 -0.0077 -0.0393 -0.1731 -0.3065 -0.3413 -0.3325 -0.1777 0.1016 0.0236
0.0392 0.0282 -0.2850 -0.3385 -0.3363 -0.2735 -0.1101 -0.0221 -0.0033 0.0058 0.0184 0.0387 0.0941 -0.0428 -0.3223 -0.3407 -0.3303 -0.2488 -0.0833 -0.0169 -0.0019 0.0066 0.0189 0.0369 0.0710 0.0746 -0.2277 -0.3292 -0.3416 -0.3372 -0.3017 -0.2128 -0.0925 -0.0308 -0.0101 -0.0024 0.0029 0.0085 0.0161 0.0253 0.0365 0.0509 0.0786 0.1146 0.0140 -0.1541 -0.2871 -0.3261 -0.3349 -0.3405 -0.3422 -0.3405 -0.3349 -0.3261 -0.2871 -0.1541 0.0140 0.1145 0.0787 0.0509 0.0365 0.0253 0.0161 0.0085 0.0029 -0.0024 -0.0101 -0.0308 -0.0925 -0.2128 -0.3017 -0.3372 -0.3416 -0.3292 -0.2277 0.0746 0.0710 0.0369 0.0189 0.0066 -0.0019 -0.0169 -0.0834 -0.2488 -0.3303 -0.3407 -0.3223 -0.0428 0.0941 0.0387 0.0184 0.0058 -0.0033 -0.0221 -0.1101 -0.2735 -0.3363 -0.3385 -0.2850 0.0282 0.0392
0.0488 -0.0973 -0.3260 -0.3416 -0.3240 -0.2245 -0.0633 -0.0127 0.0001 0.0094 0.0245 0.0499 0.1015 -0.1565 -0.3307 -0.3417 -0.3127 -0.1903 -0.0463 -0.0094 0.0015 0.0110 0.0260 0.0490 0.1058 -0.0838 -0.3216 -0.3388 -0.3408 -0.3136 -0.2328 -0.1046 -0.0329 -0.0101 -0.0020 0.0035 0.0099 0.0184 0.0290 0.0422 0.0614 0.1105 0.0562 -0.1222 -0.2989 -0.3268 -0.3361 -0.3415 -0.3413 -0.3340 -0.3262 -0.3340 -0.3413 -0.3415 -0.3361 -0.3268 -0.2990 -0.1226 0.0560 0.1106 0.0614 0.0422 0.0290 0.0184 0.0099 0.0035 -0.0020 -0.0101 -0.0329 -0.1046 -0.2328 -0.3136 -0.3408 -0.3388 -0.3216 -0.0838 0.1058 0.0490 0.0260 0.0110 0.0015 -0.0094 -0.0463 -0.1903 -0.3127 -0.3417 -0.3307 -0.1565 0.1015 0.0499 0.0245 0.0094 0.0001 -0.0127 -0.0633 -0.2245 -0.3240 -0.3416 -0.3260 -0.0973 0.0488
0.0450 -0.1952 -0.3337 -0.3409 -0.3019 -0.1619 -0.0356 -0.0069 0.0032 0.0140 0.0316 0.0701 0.0549 -0.2532 -0.3372 -0.3381 -0.2832 -0.1252 -0.0258 -0.0044 0.0047 0.0162 0.0342 0.0703 0.0665 -0.2384 -0.3328 -0.3424 -0.3270 -0.2622 -0.1320 -0.0403 -0.0116 -0.0024 0.0035 0.0104 0.0196 0.0314 0.0463 0.0717 0.1173 -0.0304 -0.2484 -0.3234 -0.3347 -0.3414 -0.3414 -0.3324 -0.3100 -0.2705 -0.2397 -0.2705 -0.3100 -0.3324 -0.3414 -0.3414 -0.3347 -0.3234 -0.2490 -0.0310 0.1173 0.0717 0.0463 0.0314 0.0196 0.0104 0.0035 -0.0024 -0.0116 -0.0403 -0.1320 -0.2622 -0.3270 -0.3424 -0.3327 -0.2384 0.0665 0.0703 0.0342 0.0162 0.0047 -0.0044 -0.0258 -0.1252 -0.2832 -0.3381 -0.3372 -0.2532 0.0549 0.0701 0.0316 0.0140 0.0032 -0.0069 -0.0356 -0.1619 -0.3019 -0.3409 -0.3337 -0.1952 0.0450
0.0008 -0.3148 -0.3392 -0.3347 -0.2663 -0.1006 -0.0201 -0.0027 0.0063 0.0193 0.0403 0.0961 -0.0643 -0.3238 -0.3411 -0.3278 -0.2383 -0.0732 -0.0146 -0.0008 0.0082 0.0223 0.0444 0.1002 -0.0737 -0.3225 -0.3400 -0.3376 -0.2940 -0.1773 -0.0565 -0.0154 -0.0036 0.0029 0.0099 0.0196 0.0322 0.0486 0.0801 0.0954 -0.0967 -0.3151 -0.3295 -0.3393 -0.3424 -0.3354 -0.3136 -0.2707 -0.2007 -0.1201 -0.0829 -0.1201 -0.2007 -0.2708 -0.3136 -0.3354 -0.3424 -0.3394 -0.3295 -0.3151 -0.0970 0.0954 0.0801 0.0485 0.0322 0.0196 0.0099 0.0029 -0.0036 -0.0154 -0.0565 -0.1773 -0.2940 -0.3376 -0.3400 -0.3225 -0.0740 0.1003 0.0444 0.0223 0.0082 -0.0008 -0.0146 -0.0732 -0.2383 -0.3278 -0.3411 -0.3238 -0.0643 0.0961 0.0403 0.0193 0.0063 -0.0027 -0.0201 -0.1006 -0.2663 -0.3347 -0.3392 -0.3148 0.0008
-0.0558 -0.3254 -0.3418 -0.3210 -0.2146 -0.0574 -0.0115 0.0006 0.0101 0.0256 0.0524 0.1011 -0.1710 -0.3319 -0.3415 -0.3085 -0.1781 -0.0411 -0.0081 0.0024 0.0126 0.0293 0.0596 0.0960 -0.2011 -0.3323 -0.3422 -0.3209 -0.2349 -0.0900 -0.0233 -0.0058 0.0017 0.0085 0.0184 0.0314 0.0486 0.0835 0.0797 -0.1395 -0.3191 -0.3333 -0.3416 -0.3406 -0.3253 -0.2879 -0.2199 -0.1303 -0.0616 -0.0286 -0.0184 -0.0285 -0.0617 -0.1303 -0.2200 -0.2879 -0.3253 -0.3406 -0.3416 -0.3333 -0.3191 -0.1395 0.0797 0.0835 0.0485 0.0314 0.0184 0.0085 0.0017 -0.0058 -0.0233 -0.0900 -0.2349 -0.3209 -0.3422 -0.3323 -0.2015 0.0957 0.0597 0.0293 0.0126 0.0024 -0.0081 -0.0411 -0.1781 -0.3085 -0.3415 -0.3319 -0.1710 0.1011 0.0524 0.0256 0.0101 0.0006 -0.0115 -0.0574 -0.2146 -0.3210 -0.3418 -0.3254 -0.0558
-0.0838 -0.3331 -0.3403 -0.2969 -0.1507 -0.0322 -0.0060 0.0037 0.0148 0.0330 0.0758 0.0367 -0.2745 -0.3381 -0.3369 -0.2766 -0.1146 -0.0231 -0.0036 0.0055 0.0178 0.0376 0.0924 -0.0129 -0.3192 -0.3391 -0.3374 -0.2879 -0.1529 -0.0406 -0.0099 -0.0004 0.0064 0.0161 0.0290 0.0463 0.0801 0.0797 -0.1548 -0.3209 -0.3353 -0.3424 -0.3377 -0.3140 -0.2601 -0.1702 -0.0813 -0.0348 -0.0149 -0.0063 -0.0022 -0.0063 -0.0149 -0.0348 -0.0812 -0.1701 -0.2600 -0.3139 -0.3377 -0.3424 -0.3353 -0.3209 -0.1548 0.0797 0.0801 0.0463 0.0290 0.0161 0.0064 -0.0004 -0.0099 -0.0406 -0.1529 -0.2879 -0.3374 -0.3391 -0.3193 -0.0138 0.0924 0.0376 0.0179 0.0055 -0.0036 -0.0231 -0.1146 -0.2766 -0.3369 -0.3381 -0.2745 0.0367 0.0758 0.0330 0.0148 0.0037 -0.0060 -0.0322 -0.1507 -0.2969 -0.3403 -0.3331 -0.0838
-0.1044 -0.3386 -0.3330 -0.2587 -0.0918 -0.0182 -0.0021 0.0069 0.0203 0.0421 0.0978 -0.0862 -0.3253 -0.3415 -0.3253 -0.2289 -0.0662 -0.0132 -0.0001 0.0090 0.0239 0.0484 0.1020 -0.1448 -0.3287 -0.3420 -0.3235 -0.2335 -0.0803 -0.0186 -0.0036 0.0038 0.0127 0.0253 0.0422 0.0717 0.0954 -0.1395 -0.3209 -0.3359 -0.3426 -0.3352 -0.3043 -0.2360 -0.1326 -0.0550 -0.0219 -0.0088 -0.0026 0.0022 0.0054 0.0022 -0.0026 -0.0088 -0.0218 -0.0549 -0.1323 -0.2358 -0.3043 -0.3352 -0.3426 -0.3359 -0.3209 -0.1395 0.0954 0.0717 0.0422 0.0253 0.0127 0.0038 -0.0036 -0.0186 -0.0803 -0.2335 -0.3235 -0.3420 -0.3288 -0.1452 0.1018 0.0485 0.0239 0.0090 -0.0001 -0.0132 -0.0662 -0.2289 -0.3253 -0.3415 -0.3253 -0.0862 0.0978 0.0421 0.0203 0.0069 -0.0021 -0.0182 -0.0918 -0.2587 -0.3330 -0.3386 -0.1044
-0.1204 -0.3412 -0.3178 -0.2042 -0.0520 -0.0105 0.0012 0.0108 0.0268 0.0551 0.0998 -0.1859 -0.3331 -0.3411 -0.3041 -0.1670 -0.0372 -0.0072 0.0029 0.0136 0.0310 0.0671 0.0662 -0.2400 -0.3361 -0.3398 -0.2968 -0.1609 -0.0396 -0.0088 0.0009 0.0087 0.0204 0.0365 0.0614 0.1173 -0.0970 -0.3191 -0.3353 -0.3426 -0.3343 -0.2989 -0.2198 -0.1096 -0.0416 -0.0155 -0.0056 -0.0001 0.0043 0.0102 0.0156 0.0102 0.0043 -0.0000 -0.0056 -0.0154 -0.0415 -0.1095 -0.2198 -0.2989 -0.3343 -0.3426 -0.3353 -0.3191 -0.0970 0.1173 0.0614 0.0365 0.0204 0.0087 0.0009 -0.0088 -0.0396 -0.1609 -0.2968 -0.3398 -0.3362 -0.2400 0.0659 0.0671 0.0310 0.0136 0.0029 -0.0072 -0.0372 -0.1670 -0.3041 -0.3411 -0.3331 -0.1859 0.0998 0.0551 0.0268 0.0108 0.0012 -0.0105 -0.0520 -0.2042 -0.3178 -0.3412 -0.1204
-0.1332 -0.3397 -0.2914 -0.1397 -0.0292 -0.0053 0.0042 0.0157 0.0344 0.0828 0.0171 -0.2981 -0.3389 -0.3355 -0.2697 -0.1049 -0.0210 -0.0030 0.0061 0.0189 0.0396 0.0952 -0.0521 -0.3228 -0.3408 -0.3309 -0.2537 -0.0927 -0.0199 -0.0034 0.0047 0.0148 0.0296 0.0509 0.1106 -0.0310 -0.3151 -0.3333 -0.3424 -0.3352 -0.2989 -0.2141 -0.0992 -0.0352 -0.0123 -0.0038 0.0016 0.0065 0.0132 0.0221 0.0299 0.0221 0.0132 0.0065 0.0016 -0.0038 -0.0122 -0.0351 -0.0992 -0.2142 -0.2989 -0.3352 -0.3424 -0.3333 -0.3151 -0.0310 0.1106 0.0509 0.0296 0.0148 0.0047 -0.0034 -0.0199 -0.0927 -0.2537 -0.3309 -0.3408 -0.3228 -0.0521 0.0952 0.0396 0.0189 0.0061 -0.0030 -0.0210 -0.1049 -0.2697 -0.3355 -0.3389 -0.2981 0.0171 0.0828 0.0344 0.0157 0.0042 -0.0053 -0.0292 -0.1397 -0.2914 -0.3397 -0.1332
-0.1431 -0.3325 -0.2505 -0.0835 -0.0166 -0.0015 0.0075 0.0214 0.0439 0.0993 -0.1087 -0.3268 -0.3417 -0.3224 -0.2192 -0.0601 -0.0121 0.0004 0.0097 0.0251 0.0512 0.1014 -0.1642 -0.3312 -0.3417 -0.3126 -0.1931 -0.0494 -0.0104 0.0006 0.0090 0.0221 0.0406 0.0787 0.0560 -0.2490 -0.3295 -0.3416 -0.3377 -0.3043 -0.2198 -0.0992 -0.0332 -0.0109 -0.0028 0.0027 0.0083 0.0160 0.0256 0.0383 0.0494 0.0383 0.0256 0.0161 0.0084 0.0027 -0.0027 -0.0109 -0.0332 -0.0992 -0.2198 -0.3043 -0.3377 -0.3416 -0.3295 -0.2490 0.0560 0.0787 0.0406 0.0221 0.0090 0.0006 -0.0104 -0.0494 -0.1931 -0.3126 -0.3417 -0.3312 -0.1642 0.1014 0.0512 0.0251 0.0097 0.0004 -0.0121 -0.0601 -0.2192 -0.3224 -0.3417 -0.3268 -0.1087 0.0993 0.0439 0.0214 0.0075 -0.0015 -0.0166 -0.0835 -0.2505 -0.3325 -0.1431
-0.1501 -0.3175 -0.1935 -0.0471 -0.0095 0.0017 0.0116 0.0280 0.0583 0.0958 -0.2017 -0.3343 -0.3406 -0.2992 -0.1558 -0.0337 -0.0064 0.0035 0.0144 0.0324 0.0730 0.0453 -0.2644 -0.3376 -0.3377 -0.2818 -0.1252 -0.0265 -0.0049 0.0040 0.0145 0.0305 0.0556 0.1145 -0.1226 -0.3234 -0.3394 -0.3406 -0.3139 -0.2358 -0.1095 -0.0351 -0.0109 -0.0024 0.0032 0.0095 0.0180 0.0287 0.0422 0.0621 0.0874 0.0622 0.0423 0.0288 0.0180 0.0095 0.0032 -0.0024 -0.0109 -0.0351 -0.1095 -0.2358 -0.3139 -0.3406 -0.3394 -0.3234 -0.1226 0.1145 0.0556 0.0305 0.0145 0.0040 -0.0049 -0.0265 -0.1252 -0.2818 -0.3377 -0.3376 -0.2644 0.0453 0.0730 0.0324 0.0144 0.0035 -0.0064 -0.0337 -0.1558 -0.2992 -0.3406 -0.3343 -0.2017 0.0958 0.0583 0.0280 0.0116 0.0017 -0.0095 -0.0471 -0.1935 -0.3175 -0.1501
-0.1536 -0.2917 -0.1290 -0.0265 -0.0046 0.0048 0.0166 0.0358 0.0902 -0.0035 -0.3193 -0.3396 -0.3338 -0.2622 -0.0957 -0.0191 -0.0024 0.0066 0.0199 0.0413 0.0970 -0.0761 -0.3246 -0.3413 -0.3268 -0.2350 -0.0718 -0.0145 -0.0009 0.0077 0.0209 0.0405 0.0904 0.0140 -0.2990 -0.3347 -0.3424 -0.3253 -0.2600 -0.1323 -0.0415 -0.0122 -0.0027 0.0032 0.0099 0.0190 0.0307 0.0457 0.0710 0.1050 0.0322 0.1049 0.0711 0.0457 0.0307 0.0190 0.0099 0.0032 -0.0027 -0.0122 -0.0415 -0.1323 -0.2600 -0.3253 -0.3424 -0.3347 -0.2990 0.0140 0.0904 0.0405 0.0209 0.0077 -0.0009 -0.0145 -0.0718 -0.2350 -0.3268 -0.3413 -0.3246 -0.0761 0.0970 0.0413 0.0199 0.0066 -0.0024 -0.0191 -0.0957 -0.2622 -0.3338 -0.3396 -0.3193 -0.0035 0.0902 0.0358 0.0166 0.0048 -0.0046 -0.0265 -0.1290 -0.2917 -0.1536
-0.1529 -0.2517 -0.0759 -0.0151 -0.0009 0.0081 0.0224 0.0459 0.1005 -0.1305 -0.3282 -0.3419 -0.3193 -0.2090 -0.0544 -0.0110 0.0009 0.0105 0.0262 0.0539 0.1005 -0.1790 -0.3326 -0.3413 -0.3063 -0.1733 -0.0397 -0.0079 0.0024 0.0123 0.0282 0.0541 0.1085 -0.1541 -0.3268 -0.3414 -0.3354 -0.2879 -0.1701 -0.0549 -0.0154 -0.0038 0.0027 0.0095 0.0190 0.0313 0.0475 0.0777 0.0988 -0.0944 -0.2716 -0.0951 0.0984 0.0779 0.0475 0.0314 0.0190 0.0095 0.0027 -0.0038 -0.0154 -0.0549 -0.1701 -0.2879 -0.3354 -0.3414 -0.3268 -0.1541 0.1085 0.0541 0.0282 0.0123 0.0024 -0.0079 -0.0397 -0.1733 -0.3063 -0.3413 -0.3326 -0.1790 0.1005 0.0539 0.0262 0.0105 0.0009 -0.0110 -0.0544 -0.2090 -0.3193 -0.3419 -0.3282 -0.1305 0.1005 0.0459 0.0224 0.0081 -0.0009 -0.0151 -0.0759 -0.2517 -0.1529
-0.1468 -0.1959 -0.0427 -0.0085 0.0022 0.0124 0.0292 0.0618 0.0836 -0.2184 -0.3354 -0.3399 -0.2940 -0.1447 -0.0306 -0.0056 0.0040 0.0153 0.0337 0.0794 0.0262 -0.2870 -0.3385 -0.3361 -0.2730 -0.1097 -0.0222 -0.0034 0.0056 0.0177 0.0368 0.0830 0.0250 -0.2871 -0.3361 -0.3414 -0.3136 -0.2200 -0.0812 -0.0218 -0.0056 0.0016 0.0084 0.0180 0.0307 0.0475 0.0803 0.0871 -0.1293 -0.3189 -0.3275 -0.3189 -0.1300 0.0868 0.0805 0.0475 0.0307 0.0180 0.0084 0.0016 -0.0056 -0.0218 -0.0812 -0.2200 -0.3136 -0.3414 -0.3361 -0.2871 0.0250 0.0830 0.0368 0.0177 0.0056 -0.0034 -0.0222 -0.1097 -0.2730 -0.3361 -0.3385 -0.2870 0.0262 0.0794 0.0337 0.0153 0.0040 -0.0056 -0.0306 -0.1447 -0.2940 -0.3399 -0.3354 -0.2184 0.0836 0.0618 0.0292 0.0124 0.0022 -0.0085 -0.0427 -0.1959 -0.1468
-0.1350 -0.1321 -0.0240 -0.0039 0.0053 0.0175 0.0373 0.0924 -0.0245 -0.3209 -0.3402 -0.3320 -0.2543 -0.0872 -0.0173 -0.0018 0.0072 0.0209 0.0430 0.0987 -0.0983 -0.3261 -0.3416 -0.3238 -0.2237 -0.0630 -0.0126 0.0001 0.0092 0.0240 0.0478 0.1029 -0.1206 -0.3261 -0.3415 -0.3324 -0.2708 -0.1303 -0.0348 -0.0088 -0.0000 0.0065 0.0161 0.0288 0.0457 0.0778 0.0870 -0.1412 -0.3206 -0.3352 -0.3410 -0.3352 -0.3206 -0.1419 0.0868 0.0779 0.0457 0.0288 0.0161 0.0065 -0.0000 -0.0088 -0.0348 -0.1303 -0.2708 -0.3324 -0.3415 -0.3261 -0.1206 0.1029 0.0478 0.0240 0.0092 0.0001 -0.0126 -0.0630 -0.2237 -0.3238 -0.3416 -0.3261 -0.0983 0.0987 0.0430 0.0209 0.0072 -0.0018 -0.0173 -0.0872 -0.2543 -0.3320 -0.3402 -0.3209 -0.0245 0.0924 0.0373 0.0175 0.0053 -0.0039 -0.0240 -0.1321 -0.1350
-0.1178 -0.0777 -0.0136 -0.0004 0.0087 0.0235 0.0480 0.1013 -0.1449 -0.3297 -0.3418 -0.3155 -0.1975 -0.0489 -0.0098 0.0015 0.0113 0.0274 0.0568 0.0988 -0.1949 -0.3339 -0.3408 -0.3010 -0.1599 -0.0350 -0.0068 0.0032 0.0139 0.0313 0.0662 0.0722 -0.2325 -0.3349 -0.3413 -0.3100 -0.2007 -0.0617 -0.0149 -0.0026 0.0043 0.0132 0.0256 0.0423 0.0711 0.0984 -0.1296 -0.3206 -0.3359 -0.3427 -0.3422 -0.3427 -0.3359 -0.3206 -0.1300 0.0984 0.0711 0.0423 0.0256 0.0132 0.0043 -0.0026 -0.0149 -0.0617 -0.2007 -0.3100 -0.3413 -0.3349 -0.2325 0.0722 0.0662 0.0313 0.0139 0.0032 -0.0068 -0.0350 -0.1599 -0.3010 -0.3408 -0.3339 -0.1949 0.0988 0.0568 0.0274 0.0113 0.0015 -0.0098 -0.0489 -0.1975 -0.3155 -0.3418 -0.3297 -0.1449 0.1013 0.0480 0.0235 0.0087 -0.0004 -0.0136 -0.0778 -0.1178
-0.0953 -0.0436 -0.0073 0.0029 0.0136 0.0309 0.0663 0.0684 -0.2375 -0.3365 -0.3390 -0.2880 -0.1331 -0.0275 -0.0047 0.0047 0.0165 0.0356 0.0875 0.0051 -0.3136 -0.3394 -0.3346 -0.2652 -0.0991 -0.0197 -0.0024 0.0066 0.0197 0.0406 0.0943 -0.0501 -0.3222 -0.3405 -0.3340 -0.2705 -0.1201 -0.0285 -0.0063 0.0022 0.0102 0.0221 0.0383 0.0622 0.1050 -0.0951 -0.3189 -0.3352 -0.3427 -0.3356 -0.3255 -0.3356 -0.3427 -0.3352 -0.3189 -0.0951 0.1050 0.0622 0.0383 0.0221 0.0102 0.0022 -0.0063 -0.0285 -0.1201 -0.2705 -0.3340 -0.3405 -0.3222 -0.0501 0.0943 0.0406 0.0197 0.0066 -0.0024 -0.0197 -0.0991 -0.2652 -0.3346 -0.3394 -0.3136 0.0051 0.0875 0.0356 0.0165 0.0047 -0.0047 -0.0275 -0.1331 -0.2880 -0.3390 -0.3365 -0.2375 0.0684 0.0663 0.0309 0.0136 0.0029 -0.0073 -0.0437 -0.0954
-0.0786 -0.0316 -0.0040 0.0054 0.0177 0.0373 0.0906 -0.0063 -0.3184 -0.3394 -0.3352 -0.2668 -0.1003 -0.0199 -0.0018 0.0072 0.0209 0.0428 0.0952 -0.0928 -0.3238 -0.3414 -0.3283 -0.2386 -0.0726 -0.0144 0.0002 0.0094 0.0245 0.0490 0.0952 -0.1391 -0.3274 -0.3422 -0.3262 -0.2397 -0.0828 -0.0184 -0.0022 0.0054 0.0156 0.0299 0.0494 0.0875 0.0318 -0.2723 -0.3275 -0.3410 -0.3422 -0.3255 -0.3095 -0.3254 -0.3422 -0.3410 -0.3275 -0.2723 0.0318 0.0875 0.0494 0.0299 0.0156 0.0054 -0.0022 -0.0184 -0.0828 -0.2397 -0.3262 -0.3422 -0.3274 -0.1391 0.0952 0.0490 0.0245 0.0094 0.0002 -0.0144 -0.0726 -0.2386 -0.3283 -0.3414 -0.3238 -0.0928 0.0952 0.0428 0.0209 0.0072 -0.0018 -0.0199 -0.1003 -0.2668 -0.3352 -0.3394 -0.3184 -0.0063 0.0906 0.0373 0.0176 0.0054 -0.0040 -0.0317 -0.0787
