0.3408 0.2790 0.3143 0.3591 0.3993 0.4192 0.4245 0.4197 0.4013 0.3581 0.2820 0.2592 0.2804 0.3160 0.3608 0.4005 0.4196 0.4245 0.4193 0.4003 0.3558 0.2802 0.2594 0.2813 0.3173 0.3622 0.4014 0.4199 0.4245 0.4190 0.3995 0.3537 0.2785 0.2597 0.2822 0.3187 0.3637 0.4024 0.4202 0.4245 0.4186 0.3985 0.3514 0.2768 0.2601 0.2833 0.3200 0.3652 0.4048 0.4212 0.4233 0.4212 0.4048 0.3652 0.3200 0.2833 0.2601 0.2768 0.3514 0.3985 0.4186 0.4245 0.4202 0.4024 0.3637 0.3187 0.2822 0.2597 0.2785 0.3537 0.3995 0.4190 0.4245 0.4199 0.4014 0.3622 0.3173 0.2813 0.2594 0.2802 0.3558 0.4003 0.4193 0.4245 0.4196 0.4005 0.3608 0.3160 0.2804 0.2592 0.2820 0.3581 0.4013 0.4197 0.4245 0.4192 0.3993 0.3591 0.3143 0.2790 0.3408
0.2790 0.2757 0.3424 0.4010 0.4233 0.4225 0.4074 0.3764 0.3166 0.2140 0.1867 0.2250 0.2793 0.3450 0.4026 0.4236 0.4221 0.4065 0.3749 0.3135 0.2114 0.1873 0.2265 0.2813 0.3471 0.4039 0.4237 0.4219 0.4059 0.3737 0.3107 0.2091 0.1880 0.2280 0.2833 0.3493 0.4052 0.4239 0.4215 0.4051 0.3722 0.3076 0.2067 0.1888 0.2296 0.2853 0.3515 0.4063 0.4241 0.4198 0.4065 0.4198 0.4241 0.4063 0.3515 0.2853 0.2296 0.1888 0.2067 0.3076 0.3722 0.4051 0.4215 0.4239 0.4052 0.3493 0.2833 0.2280 0.1880 0.2091 0.3107 0.3737 0.4059 0.4219 0.4237 0.4039 0.3471 0.2813 0.2265 0.1873 0.2114 0.3135 0.3749 0.4065 0.4221 0.4236 0.4026 0.3450 0.2793 0.2250 0.1867 0.2140 0.3166 0.3764 0.4074 0.4225 0.4233 0.4010 0.3424 0.2757 0.2790
0.3143 0.3424 0.4015 0.4220 0.4204 0.4061 0.3757 0.3150 0.2127 0.1875 0.2266 0.2815 0.3475 0.4036 0.4222 0.4201 0.4053 0.3740 0.3115 0.2099 0.1882 0.2282 0.2835 0.3496 0.4048 0.4224 0.4198 0.4047 0.3728 0.3088 0.2079 0.1889 0.2296 0.2854 0.3517 0.4059 0.4225 0.4195 0.4039 0.3712 0.3055 0.2055 0.1899 0.2313 0.2875 0.3539 0.4070 0.4226 0.4192 0.4002 0.3759 0.4002 0.4192 0.4226 0.4070 0.3539 0.2875 0.2313 0.1899 0.2055 0.3055 0.3712 0.4039 0.4195 0.4225 0.4059 0.3517 0.2854 0.2296 0.1889 0.2079 0.3088 0.3728 0.4047 0.4198 0.4224 0.4048 0.3496 0.2835 0.2282 0.1882 0.2099 0.3115 0.3740 0.4053 0.4201 0.4222 0.4036 0.3475 0.2815 0.2266 0.1875 0.2127 0.3150 0.3757 0.4061 0.4204 0.4220 0.4015 0.3424 0.3143
0.3591 0.4010 0.4220 0.4205 0.4059 0.3750 0.3134 0.2113 0.1878 0.2275 0.2827 0.3488 0.4044 0.4224 0.4200 0.4048 0.3731 0.3094 0.2083 0.1887 0.2292 0.2849 0.3510 0.4056 0.4226 0.4197 0.4041 0.3717 0.3067 0.2063 0.1895 0.2306 0.2867 0.3530 0.4067 0.4227 0.4194 0.4034 0.3702 0.3032 0.2040 0.1905 0.2323 0.2888 0.3552 0.4078 0.4228 0.4191 0.4027 0.3636 0.3191 0.3636 0.4027 0.4191 0.4228 0.4078 0.3552 0.2888 0.2323 0.1905 0.2040 0.3032 0.3702 0.4034 0.4194 0.4227 0.4067 0.3530 0.2867 0.2306 0.1895 0.2063 0.3067 0.3717 0.4041 0.4197 0.4226 0.4056 0.3510 0.2849 0.2292 0.1887 0.2083 0.3094 0.3731 0.4048 0.4200 0.4224 0.4044 0.3488 0.2827 0.2275 0.1878 0.2113 0.3134 0.3750 0.4059 0.4205 0.4220 0.4010 0.3591
0.3993 0.4233 0.4204 0.4059 0.3748 0.3125 0.2102 0.1881 0.2283 0.2839 0.3501 0.4051 0.4225 0.4198 0.4043 0.3722 0.3074 0.2068 0.1893 0.2303 0.2863 0.3525 0.4064 0.4226 0.4195 0.4037 0.3708 0.3045 0.2048 0.1901 0.2317 0.2880 0.3544 0.4074 0.4227 0.4191 0.4029 0.3692 0.3010 0.2027 0.1912 0.2334 0.2903 0.3566 0.4085 0.4228 0.4188 0.4022 0.3677 0.2935 0.2227 0.2935 0.3677 0.4022 0.4188 0.4228 0.4085 0.3566 0.2903 0.2334 0.1912 0.2027 0.3010 0.3692 0.4029 0.4191 0.4227 0.4074 0.3544 0.2880 0.2317 0.1901 0.2048 0.3045 0.3708 0.4037 0.4195 0.4226 0.4064 0.3525 0.2863 0.2303 0.1893 0.2068 0.3074 0.3722 0.4043 0.4198 0.4225 0.4051 0.3501 0.2839 0.2283 0.1881 0.2102 0.3125 0.3748 0.4059 0.4204 0.4233 0.3993
0.4192 0.4225 0.4061 0.3750 0.3125 0.2098 0.1884 0.2289 0.2848 0.3512 0.4058 0.4226 0.4196 0.4039 0.3712 0.3054 0.2054 0.1899 0.2314 0.2876 0.3539 0.4071 0.4227 0.4192 0.4032 0.3698 0.3023 0.2035 0.1907 0.2328 0.2894 0.3558 0.4080 0.4228 0.4189 0.4024 0.3682 0.2987 0.2014 0.1919 0.2345 0.2916 0.3581 0.4091 0.4229 0.4186 0.4016 0.3669 0.2949 0.1991 0.1799 0.1991 0.2949 0.3669 0.4016 0.4186 0.4229 0.4091 0.3581 0.2916 0.2345 0.1919 0.2014 0.2987 0.3682 0.4024 0.4189 0.4228 0.4080 0.3558 0.2894 0.2328 0.1907 0.2035 0.3023 0.3698 0.4032 0.4192 0.4227 0.4071 0.3539 0.2876 0.2314 0.1899 0.2054 0.3054 0.3712 0.4039 0.4196 0.4226 0.4058 0.3512 0.2848 0.2289 0.1884 0.2098 0.3125 0.3750 0.4061 0.4225 0.4192
0.4245 0.4074 0.3757 0.3134 0.2102 0.1884 0.2291 0.2853 0.3519 0.4063 0.4226 0.4194 0.4035 0.3704 0.3034 0.2041 0.1905 0.2324 0.2890 0.3553 0.4078 0.4228 0.4190 0.4027 0.3688 0.3001 0.2021 0.1915 0.2339 0.2908 0.3572 0.4087 0.4229 0.4187 0.4019 0.3673 0.2965 0.2002 0.1927 0.2356 0.2930 0.3595 0.4098 0.4229 0.4184 0.4012 0.3657 0.2932 0.1991 0.1950 0.2147 0.1950 0.1991 0.2932 0.3657 0.4012 0.4184 0.4229 0.4098 0.3595 0.2930 0.2356 0.1927 0.2002 0.2965 0.3673 0.4019 0.4187 0.4229 0.4087 0.3572 0.2908 0.2339 0.1915 0.2021 0.3001 0.3688 0.4027 0.4190 0.4228 0.4078 0.3553 0.2890 0.2324 0.1905 0.2041 0.3034 0.3704 0.4035 0.4194 0.4226 0.4063 0.3519 0.2853 0.2291 0.1884 0.2102 0.3134 0.3757 0.4074 0.4245
0.4197 0.3764 0.3150 0.2113 0.1881 0.2289 0.2853 0.3522 0.4065 0.4227 0.4193 0.4031 0.3696 0.3016 0.2029 0.1911 0.2334 0.2903 0.3567 0.4085 0.4228 0.4188 0.4022 0.3678 0.2978 0.2009 0.1922 0.2349 0.2922 0.3587 0.4094 0.4229 0.4185 0.4015 0.3663 0.2943 0.1990 0.1934 0.2367 0.2944 0.3609 0.4104 0.4230 0.4181 0.4006 0.3647 0.2908 0.1974 0.1962 0.2401 0.2676 0.2401 0.1962 0.1974 0.2908 0.3647 0.4006 0.4181 0.4230 0.4104 0.3609 0.2944 0.2367 0.1934 0.1990 0.2943 0.3663 0.4015 0.4185 0.4229 0.4094 0.3587 0.2922 0.2349 0.1922 0.2009 0.2978 0.3678 0.4022 0.4188 0.4228 0.4085 0.3567 0.2903 0.2334 0.1911 0.2029 0.3016 0.3696 0.4031 0.4193 0.4227 0.4065 0.3522 0.2853 0.2289 0.1881 0.2113 0.3150 0.3764 0.4197
0.4013 0.3166 0.2127 0.1878 0.2283 0.2848 0.3519 0.4065 0.4227 0.4192 0.4029 0.3690 0.3000 0.2019 0.1917 0.2343 0.2915 0.3580 0.4092 0.4229 0.4186 0.4016 0.3667 0.2955 0.1997 0.1930 0.2360 0.2936 0.3601 0.4101 0.4230 0.4183 0.4010 0.3653 0.2921 0.1980 0.1942 0.2378 0.2958 0.3623 0.4111 0.4230 0.4179 0.4001 0.3636 0.2886 0.1964 0.1953 0.2415 0.3004 0.3342 0.3004 0.2415 0.1953 0.1964 0.2886 0.3636 0.4001 0.4179 0.4230 0.4111 0.3623 0.2958 0.2378 0.1942 0.1980 0.2921 0.3653 0.4010 0.4183 0.4230 0.4101 0.3601 0.2936 0.2360 0.1930 0.1997 0.2955 0.3667 0.4016 0.4186 0.4229 0.4092 0.3580 0.2915 0.2343 0.1917 0.2019 0.3000 0.3690 0.4029 0.4192 0.4227 0.4065 0.3519 0.2848 0.2283 0.1878 0.2127 0.3166 0.4013
0.3581 0.2140 0.1875 0.2275 0.2839 0.3512 0.4063 0.4227 0.4192 0.4028 0.3687 0.2990 0.2011 0.1922 0.2351 0.2926 0.3592 0.4097 0.4229 0.4184 0.4011 0.3657 0.2932 0.1985 0.1938 0.2371 0.2950 0.3615 0.4107 0.4230 0.4180 0.4004 0.3643 0.2900 0.1970 0.1949 0.2388 0.2972 0.3637 0.4116 0.4230 0.4176 0.3995 0.3625 0.2864 0.1955 0.1961 0.2404 0.3018 0.3687 0.3974 0.3687 0.3018 0.2404 0.1961 0.1955 0.2864 0.3625 0.3995 0.4176 0.4230 0.4116 0.3637 0.2972 0.2388 0.1949 0.1970 0.2900 0.3643 0.4004 0.4180 0.4230 0.4107 0.3615 0.2950 0.2371 0.1938 0.1985 0.2932 0.3657 0.4011 0.4184 0.4229 0.4097 0.3592 0.2926 0.2351 0.1922 0.2011 0.2990 0.3687 0.4028 0.4192 0.4227 0.4063 0.3512 0.2839 0.2275 0.1875 0.2140 0.3581
0.2820 0.1867 0.2266 0.2827 0.3501 0.4058 0.4226 0.4193 0.4029 0.3687 0.2987 0.2008 0.1925 0.2357 0.2936 0.3603 0.4103 0.4230 0.4181 0.4006 0.3646 0.2908 0.1974 0.1946 0.2382 0.2964 0.3629 0.4113 0.4230 0.4178 0.3999 0.3632 0.2877 0.1960 0.1957 0.2399 0.2985 0.3651 0.4122 0.4231 0.4174 0.3990 0.3614 0.2840 0.1946 0.1969 0.2415 0.3005 0.3692 0.4147 0.4217 0.4147 0.3692 0.3005 0.2415 0.1969 0.1946 0.2840 0.3614 0.3990 0.4174 0.4231 0.4122 0.3651 0.2985 0.2399 0.1957 0.1960 0.2877 0.3632 0.3999 0.4178 0.4230 0.4113 0.3629 0.2964 0.2382 0.1946 0.1974 0.2908 0.3646 0.4006 0.4181 0.4230 0.4103 0.3603 0.2936 0.2357 0.1925 0.2008 0.2987 0.3687 0.4029 0.4193 0.4226 0.4058 0.3501 0.2827 0.2266 0.1867 0.2820
0.2592 0.2250 0.2815 0.3488 0.4051 0.4226 0.4194 0.4031 0.3690 0.2990 0.2008 0.1926 0.2360 0.2941 0.3611 0.4107 0.4230 0.4179 0.4002 0.3637 0.2887 0.1964 0.1953 0.2394 0.2978 0.3643 0.4119 0.4231 0.4175 0.3993 0.3621 0.2854 0.1951 0.1965 0.2410 0.2998 0.3664 0.4128 0.4231 0.4171 0.3984 0.3603 0.2816 0.1937 0.1977 0.2427 0.3020 0.3682 0.4140 0.4231 0.4181 0.4231 0.4140 0.3682 0.3020 0.2427 0.1977 0.1937 0.2816 0.3603 0.3984 0.4171 0.4231 0.4128 0.3664 0.2998 0.2410 0.1965 0.1951 0.2854 0.3621 0.3993 0.4175 0.4231 0.4119 0.3643 0.2978 0.2394 0.1953 0.1964 0.2887 0.3637 0.4002 0.4179 0.4230 0.4107 0.3611 0.2941 0.2360 0.1926 0.2008 0.2990 0.3690 0.4031 0.4194 0.4226 0.4051 0.3488 0.2815 0.2250 0.2592
0.2804 0.2793 0.3475 0.4044 0.4225 0.4196 0.4035 0.3696 0.3000 0.2011 0.1925 0.2360 0.2943 0.3615 0.4110 0.4230 0.4178 0.3997 0.3628 0.2868 0.1956 0.1961 0.2404 0.2992 0.3657 0.4125 0.4231 0.4173 0.3987 0.3609 0.2830 0.1942 0.1972 0.2420 0.3012 0.3677 0.4133 0.4231 0.4168 0.3978 0.3591 0.2793 0.1928 0.1985 0.2438 0.3034 0.3697 0.4140 0.4231 0.4148 0.4006 0.4148 0.4231 0.4140 0.3697 0.3034 0.2438 0.1985 0.1928 0.2793 0.3591 0.3978 0.4168 0.4231 0.4133 0.3677 0.3012 0.2420 0.1972 0.1942 0.2830 0.3609 0.3987 0.4173 0.4231 0.4125 0.3657 0.2992 0.2404 0.1961 0.1956 0.2868 0.3628 0.3997 0.4178 0.4230 0.4110 0.3615 0.2943 0.2360 0.1925 0.2011 0.3000 0.3696 0.4035 0.4196 0.4225 0.4044 0.3475 0.2793 0.2804
0.3160 0.3450 0.4036 0.4224 0.4198 0.4039 0.3704 0.3016 0.2019 0.1922 0.2357 0.2941 0.3615 0.4110 0.4230 0.4177 0.3994 0.3620 0.2849 0.1948 0.1968 0.2414 0.3005 0.3670 0.4130 0.4231 0.4170 0.3982 0.3598 0.2807 0.1933 0.1981 0.2431 0.3025 0.3690 0.4138 0.4231 0.4166 0.3972 0.3580 0.2769 0.1921 0.1994 0.2449 0.3047 0.3710 0.4145 0.4231 0.4162 0.3930 0.3645 0.3930 0.4162 0.4231 0.4145 0.3710 0.3047 0.2449 0.1994 0.1921 0.2769 0.3580 0.3972 0.4166 0.4231 0.4138 0.3690 0.3025 0.2431 0.1980 0.1933 0.2807 0.3598 0.3982 0.4170 0.4231 0.4130 0.3670 0.3005 0.2414 0.1968 0.1948 0.2849 0.3620 0.3994 0.4177 0.4230 0.4110 0.3615 0.2941 0.2357 0.1922 0.2019 0.3016 0.3704 0.4039 0.4198 0.4224 0.4036 0.3450 0.3160
0.3608 0.4026 0.4222 0.4200 0.4043 0.3712 0.3034 0.2029 0.1917 0.2351 0.2936 0.3611 0.4110 0.4230 0.4176 0.3993 0.3615 0.2835 0.1941 0.1974 0.2423 0.3017 0.3682 0.4135 0.4231 0.4167 0.3976 0.3587 0.2783 0.1925 0.1989 0.2442 0.3039 0.3702 0.4142 0.4231 0.4163 0.3966 0.3568 0.2745 0.1913 0.2002 0.2461 0.3062 0.3723 0.4150 0.4231 0.4159 0.3958 0.3496 0.2978 0.3496 0.3958 0.4159 0.4231 0.4150 0.3723 0.3062 0.2461 0.2002 0.1913 0.2745 0.3568 0.3966 0.4163 0.4231 0.4142 0.3702 0.3039 0.2443 0.1989 0.1925 0.2783 0.3587 0.3976 0.4167 0.4231 0.4135 0.3682 0.3017 0.2423 0.1974 0.1941 0.2835 0.3615 0.3993 0.4176 0.4230 0.4110 0.3611 0.2936 0.2351 0.1917 0.2029 0.3034 0.3712 0.4043 0.4200 0.4222 0.4026 0.3608
0.4005 0.4236 0.4201 0.4048 0.3722 0.3054 0.2041 0.1911 0.2343 0.2926 0.3603 0.4107 0.4230 0.4177 0.3993 0.3614 0.2829 0.1938 0.1978 0.2431 0.3028 0.3693 0.4139 0.4231 0.4165 0.3970 0.3575 0.2759 0.1918 0.1997 0.2454 0.3054 0.3715 0.4147 0.4231 0.4160 0.3961 0.3556 0.2721 0.1906 0.2011 0.2472 0.3076 0.3736 0.4154 0.4231 0.4156 0.3953 0.3538 0.2665 0.1997 0.2665 0.3538 0.3953 0.4156 0.4231 0.4154 0.3736 0.3076 0.2472 0.2011 0.1906 0.2721 0.3556 0.3961 0.4160 0.4231 0.4147 0.3715 0.3053 0.2454 0.1997 0.1918 0.2759 0.3575 0.3970 0.4165 0.4231 0.4139 0.3693 0.3028 0.2431 0.1978 0.1938 0.2829 0.3614 0.3993 0.4177 0.4230 0.4107 0.3603 0.2926 0.2343 0.1911 0.2041 0.3054 0.3722 0.4048 0.4201 0.4236 0.4005
0.4196 0.4221 0.4053 0.3731 0.3074 0.2054 0.1905 0.2334 0.2915 0.3592 0.4103 0.4230 0.4178 0.3994 0.3615 0.2829 0.1936 0.1981 0.2436 0.3035 0.3702 0.4143 0.4231 0.4162 0.3965 0.3564 0.2736 0.1910 0.2006 0.2466 0.3068 0.3728 0.4151 0.4231 0.4157 0.3955 0.3545 0.2697 0.1900 0.2019 0.2484 0.3091 0.3750 0.4158 0.4230 0.4153 0.3945 0.3528 0.2658 0.1891 0.1859 0.1891 0.2658 0.3528 0.3945 0.4153 0.4230 0.4158 0.3750 0.3091 0.2484 0.2019 0.1900 0.2697 0.3545 0.3955 0.4157 0.4231 0.4151 0.3729 0.3068 0.2466 0.2006 0.1910 0.2736 0.3564 0.3965 0.4162 0.4231 0.4143 0.3702 0.3035 0.2436 0.1981 0.1936 0.2829 0.3615 0.3994 0.4178 0.4230 0.4103 0.3592 0.2915 0.2334 0.1905 0.2054 0.3074 0.3731 0.4053 0.4221 0.4196
0.4245 0.4065 0.3740 0.3094 0.2068 0.1899 0.2324 0.2903 0.3580 0.4097 0.4230 0.4179 0.3997 0.3620 0.2835 0.1938 0.1981 0.2437 0.3039 0.3707 0.4146 0.4231 0.4160 0.3960 0.3554 0.2715 0.1904 0.2014 0.2477 0.3082 0.3742 0.4156 0.4230 0.4155 0.3949 0.3533 0.2674 0.1894 0.2028 0.2496 0.3105 0.3763 0.4163 0.4230 0.4150 0.3939 0.3514 0.2639 0.1895 0.2054 0.2270 0.2054 0.1895 0.2639 0.3514 0.3939 0.4150 0.4230 0.4163 0.3763 0.3105 0.2496 0.2028 0.1894 0.2674 0.3533 0.3949 0.4155 0.4230 0.4156 0.3742 0.3082 0.2477 0.2014 0.1904 0.2715 0.3554 0.3960 0.4160 0.4231 0.4146 0.3707 0.3039 0.2437 0.1981 0.1938 0.2835 0.3620 0.3997 0.4179 0.4230 0.4097 0.3580 0.2903 0.2324 0.1899 0.2068 0.3094 0.3740 0.4065 0.4245
0.4193 0.3749 0.3115 0.2083 0.1893 0.2314 0.2890 0.3567 0.4092 0.4229 0.4181 0.4002 0.3628 0.2849 0.1941 0.1978 0.2436 0.3039 0.3709 0.4147 0.4231 0.4158 0.3955 0.3544 0.2695 0.1899 0.2021 0.2488 0.3096 0.3755 0.4160 0.4230 0.4152 0.3943 0.3521 0.2651 0.1888 0.2036 0.2508 0.3119 0.3775 0.4167 0.4230 0.4147 0.3933 0.3502 0.2615 0.1881 0.2066 0.2546 0.2840 0.2546 0.2066 0.1881 0.2615 0.3502 0.3933 0.4147 0.4230 0.4167 0.3775 0.3119 0.2508 0.2036 0.1888 0.2651 0.3521 0.3943 0.4152 0.4230 0.4160 0.3755 0.3096 0.2488 0.2021 0.1899 0.2695 0.3544 0.3955 0.4158 0.4231 0.4147 0.3709 0.3039 0.2436 0.1978 0.1941 0.2849 0.3628 0.4002 0.4181 0.4229 0.4092 0.3567 0.2890 0.2314 0.1893 0.2083 0.3115 0.3749 0.4193
0.4003 0.3135 0.2099 0.1887 0.2303 0.2876 0.3553 0.4085 0.4229 0.4184 0.4006 0.3637 0.2868 0.1948 0.1974 0.2431 0.3035 0.3707 0.4147 0.4231 0.4158 0.3953 0.3537 0.2678 0.1894 0.2028 0.2498 0.3109 0.3767 0.4164 0.4230 0.4149 0.3937 0.3509 0.2628 0.1883 0.2044 0.2520 0.3134 0.3788 0.4171 0.4229 0.4144 0.3926 0.3489 0.2592 0.1876 0.2056 0.2560 0.3183 0.3525 0.3183 0.2560 0.2056 0.1876 0.2592 0.3489 0.3926 0.4144 0.4229 0.4171 0.3788 0.3134 0.2520 0.2044 0.1883 0.2628 0.3509 0.3937 0.4149 0.4230 0.4164 0.3767 0.3109 0.2498 0.2028 0.1894 0.2678 0.3537 0.3953 0.4158 0.4231 0.4147 0.3707 0.3035 0.2431 0.1974 0.1948 0.2868 0.3637 0.4006 0.4184 0.4229 0.4085 0.3553 0.2876 0.2303 0.1887 0.2099 0.3135 0.4003
0.3558 0.2114 0.1882 0.2292 0.2863 0.3539 0.4078 0.4228 0.4186 0.4011 0.3646 0.2887 0.1956 0.1968 0.2423 0.3028 0.3702 0.4146 0.4231 0.4158 0.3952 0.3534 0.2668 0.1890 0.2034 0.2507 0.3120 0.3778 0.4168 0.4230 0.4146 0.3930 0.3497 0.2606 0.1879 0.2053 0.2531 0.3148 0.3801 0.4174 0.4229 0.4140 0.3919 0.3476 0.2569 0.1872 0.2066 0.2547 0.3195 0.3847 0.4082 0.3847 0.3195 0.2547 0.2066 0.1872 0.2569 0.3476 0.3919 0.4140 0.4229 0.4174 0.3801 0.3148 0.2531 0.2053 0.1879 0.2606 0.3497 0.3930 0.4146 0.4230 0.4168 0.3778 0.3120 0.2507 0.2034 0.1890 0.2668 0.3534 0.3952 0.4158 0.4231 0.4146 0.3702 0.3028 0.2423 0.1968 0.1956 0.2887 0.3646 0.4011 0.4186 0.4228 0.4078 0.3539 0.2863 0.2292 0.1882 0.2114 0.3558
0.2802 0.1873 0.2282 0.2849 0.3525 0.4071 0.4228 0.4188 0.4016 0.3657 0.2908 0.1964 0.1961 0.2414 0.3017 0.3693 0.4143 0.4231 0.4158 0.3953 0.3534 0.2665 0.1889 0.2037 0.2513 0.3130 0.3787 0.4171 0.4229 0.4143 0.3924 0.3484 0.2583 0.1875 0.2061 0.2542 0.3162 0.3813 0.4178 0.4228 0.4137 0.3913 0.3463 0.2546 0.1869 0.2075 0.2560 0.3182 0.3849 0.4194 0.4225 0.4194 0.3849 0.3182 0.2560 0.2075 0.1869 0.2546 0.3463 0.3913 0.4137 0.4228 0.4178 0.3813 0.3162 0.2543 0.2061 0.1875 0.2583 0.3484 0.3924 0.4143 0.4229 0.4171 0.3787 0.3130 0.2513 0.2037 0.1889 0.2665 0.3534 0.3953 0.4158 0.4231 0.4143 0.3693 0.3017 0.2414 0.1961 0.1964 0.2908 0.3657 0.4016 0.4188 0.4228 0.4071 0.3525 0.2849 0.2282 0.1873 0.2802
0.2594 0.2265 0.2835 0.3510 0.4064 0.4227 0.4190 0.4022 0.3667 0.2932 0.1974 0.1953 0.2404 0.3005 0.3682 0.4139 0.4231 0.4160 0.3955 0.3537 0.2668 0.1889 0.2039 0.2517 0.3136 0.3794 0.4173 0.4229 0.4140 0.3918 0.3473 0.2561 0.1871 0.2069 0.2554 0.3176 0.3825 0.4181 0.4227 0.4134 0.3906 0.3449 0.2522 0.1865 0.2083 0.2572 0.3197 0.3841 0.4188 0.4222 0.4147 0.4222 0.4188 0.3841 0.3197 0.2572 0.2083 0.1865 0.2522 0.3449 0.3906 0.4134 0.4227 0.4181 0.3825 0.3176 0.2554 0.2069 0.1871 0.2561 0.3473 0.3918 0.4140 0.4229 0.4173 0.3794 0.3136 0.2517 0.2039 0.1889 0.2668 0.3537 0.3955 0.4160 0.4231 0.4139 0.3682 0.3005 0.2404 0.1953 0.1974 0.2932 0.3667 0.4022 0.4190 0.4227 0.4064 0.3510 0.2835 0.2265 0.2594
0.2813 0.2813 0.3496 0.4056 0.4226 0.4192 0.4027 0.3678 0.2955 0.1985 0.1946 0.2394 0.2992 0.3670 0.4135 0.4231 0.4162 0.3960 0.3544 0.2678 0.1890 0.2037 0.2517 0.3138 0.3798 0.4175 0.4228 0.4138 0.3913 0.3462 0.2542 0.1868 0.2077 0.2565 0.3189 0.3836 0.4184 0.4227 0.4130 0.3899 0.3435 0.2498 0.1863 0.2092 0.2584 0.3212 0.3854 0.4188 0.4226 0.4105 0.3933 0.4105 0.4226 0.4188 0.3854 0.3212 0.2584 0.2092 0.1863 0.2498 0.3435 0.3899 0.4130 0.4227 0.4184 0.3836 0.3189 0.2565 0.2077 0.1868 0.2542 0.3462 0.3913 0.4138 0.4228 0.4175 0.3798 0.3138 0.2517 0.2037 0.1890 0.2678 0.3544 0.3960 0.4162 0.4231 0.4135 0.3670 0.2992 0.2394 0.1946 0.1985 0.2955 0.3678 0.4027 0.4192 0.4226 0.4056 0.3496 0.2813 0.2813
0.3173 0.3471 0.4048 0.4226 0.4195 0.4032 0.3688 0.2978 0.1997 0.1938 0.2382 0.2978 0.3657 0.4130 0.4231 0.4165 0.3965 0.3554 0.2695 0.1894 0.2034 0.2513 0.3136 0.3798 0.4175 0.4228 0.4137 0.3909 0.3452 0.2523 0.1865 0.2085 0.2575 0.3202 0.3847 0.4187 0.4226 0.4127 0.3892 0.3421 0.2475 0.1860 0.2102 0.2596 0.3226 0.3866 0.4192 0.4225 0.4122 0.3842 0.3507 0.3842 0.4122 0.4225 0.4192 0.3866 0.3226 0.2596 0.2102 0.1860 0.2475 0.3421 0.3892 0.4127 0.4226 0.4187 0.3847 0.3202 0.2575 0.2085 0.1865 0.2523 0.3452 0.3909 0.4137 0.4228 0.4175 0.3798 0.3136 0.2513 0.2034 0.1894 0.2695 0.3554 0.3965 0.4165 0.4231 0.4130 0.3657 0.2978 0.2382 0.1938 0.1997 0.2978 0.3688 0.4032 0.4195 0.4226 0.4048 0.3471 0.3173
0.3622 0.4039 0.4224 0.4197 0.4037 0.3698 0.3001 0.2009 0.1930 0.2371 0.2964 0.3643 0.4125 0.4231 0.4167 0.3970 0.3564 0.2715 0.1899 0.2028 0.2507 0.3130 0.3794 0.4175 0.4228 0.4136 0.3907 0.3446 0.2509 0.1863 0.2092 0.2585 0.3214 0.3857 0.4190 0.4225 0.4124 0.3885 0.3408 0.2452 0.1858 0.2111 0.2609 0.3241 0.3877 0.4194 0.4224 0.4119 0.3874 0.3329 0.2723 0.3329 0.3874 0.4119 0.4224 0.4194 0.3877 0.3241 0.2609 0.2111 0.1858 0.2452 0.3408 0.3885 0.4124 0.4225 0.4190 0.3857 0.3214 0.2585 0.2092 0.1863 0.2509 0.3446 0.3907 0.4136 0.4228 0.4175 0.3794 0.3130 0.2507 0.2028 0.1899 0.2715 0.3564 0.3970 0.4167 0.4231 0.4125 0.3643 0.2964 0.2371 0.1930 0.2009 0.3001 0.3698 0.4037 0.4197 0.4224 0.4039 0.3622
0.4014 0.4237 0.4198 0.4041 0.3708 0.3023 0.2021 0.1922 0.2360 0.2950 0.3629 0.4119 0.4231 0.4170 0.3976 0.3575 0.2736 0.1904 0.2021 0.2498 0.3120 0.3787 0.4173 0.4228 0.4137 0.3907 0.3445 0.2503 0.1862 0.2097 0.2593 0.3225 0.3866 0.4192 0.4225 0.4121 0.3879 0.3395 0.2430 0.1856 0.2120 0.2621 0.3255 0.3888 0.4197 0.4223 0.4115 0.3868 0.3371 0.2378 0.1846 0.2378 0.3371 0.3868 0.4115 0.4223 0.4197 0.3888 0.3255 0.2621 0.2120 0.1856 0.2430 0.3395 0.3879 0.4121 0.4225 0.4192 0.3866 0.3225 0.2593 0.2097 0.1862 0.2503 0.3445 0.3907 0.4137 0.4228 0.4173 0.3787 0.3120 0.2498 0.2021 0.1904 0.2736 0.3575 0.3976 0.4170 0.4231 0.4119 0.3629 0.2950 0.2360 0.1922 0.2021 0.3023 0.3708 0.4041 0.4198 0.4237 0.4014
0.4199 0.4219 0.4047 0.3717 0.3045 0.2035 0.1915 0.2349 0.2936 0.3615 0.4113 0.4231 0.4173 0.3982 0.3587 0.2759 0.1910 0.2014 0.2488 0.3109 0.3778 0.4171 0.4229 0.4138 0.3909 0.3446 0.2503 0.1861 0.2099 0.2598 0.3233 0.3874 0.4194 0.4224 0.4118 0.3873 0.3383 0.2411 0.1855 0.2128 0.2633 0.3270 0.3900 0.4199 0.4222 0.4111 0.3859 0.3358 0.2371 0.1857 0.1951 0.1857 0.2371 0.3358 0.3859 0.4111 0.4222 0.4199 0.3900 0.3270 0.2633 0.2128 0.1855 0.2411 0.3383 0.3873 0.4118 0.4224 0.4194 0.3874 0.3233 0.2598 0.2099 0.1861 0.2503 0.3446 0.3909 0.4138 0.4229 0.4171 0.3778 0.3109 0.2488 0.2014 0.1910 0.2759 0.3587 0.3982 0.4173 0.4231 0.4113 0.3615 0.2936 0.2349 0.1915 0.2035 0.3045 0.3717 0.4047 0.4219 0.4199
0.4245 0.4059 0.3728 0.3067 0.2048 0.1907 0.2339 0.2922 0.3601 0.4107 0.4230 0.4175 0.3987 0.3598 0.2783 0.1918 0.2006 0.2477 0.3096 0.3767 0.4168 0.4229 0.4140 0.3913 0.3452 0.2509 0.1862 0.2099 0.2600 0.3237 0.3879 0.4196 0.4223 0.4115 0.3866 0.3371 0.2392 0.1854 0.2136 0.2644 0.3283 0.3911 0.4202 0.4221 0.4108 0.3852 0.3342 0.2351 0.1864 0.2168 0.2405 0.2168 0.1864 0.2351 0.3342 0.3852 0.4108 0.4221 0.4202 0.3911 0.3283 0.2644 0.2136 0.1854 0.2392 0.3371 0.3866 0.4115 0.4223 0.4196 0.3879 0.3237 0.2600 0.2099 0.1862 0.2509 0.3452 0.3913 0.4140 0.4229 0.4168 0.3767 0.3096 0.2477 0.2006 0.1918 0.2783 0.3598 0.3987 0.4175 0.4230 0.4107 0.3601 0.2922 0.2339 0.1907 0.2048 0.3067 0.3728 0.4059 0.4245
0.4190 0.3737 0.3088 0.2063 0.1901 0.2328 0.2908 0.3587 0.4101 0.4230 0.4178 0.3993 0.3609 0.2807 0.1925 0.1997 0.2466 0.3082 0.3755 0.4164 0.4230 0.4143 0.3918 0.3462 0.2523 0.1863 0.2097 0.2598 0.3237 0.3880 0.4196 0.4223 0.4113 0.3861 0.3359 0.2373 0.1853 0.2144 0.2655 0.3296 0.3920 0.4204 0.4220 0.4104 0.3844 0.3327 0.2329 0.1852 0.2181 0.2700 0.3013 0.2700 0.2181 0.1852 0.2329 0.3327 0.3844 0.4104 0.4220 0.4204 0.3920 0.3296 0.2655 0.2144 0.1853 0.2373 0.3359 0.3861 0.4113 0.4223 0.4196 0.3880 0.3237 0.2598 0.2097 0.1863 0.2523 0.3462 0.3918 0.4143 0.4230 0.4164 0.3755 0.3082 0.2466 0.1997 0.1925 0.2807 0.3609 0.3993 0.4178 0.4230 0.4101 0.3587 0.2908 0.2328 0.1901 0.2063 0.3088 0.3737 0.4190
0.3995 0.3107 0.2079 0.1895 0.2317 0.2894 0.3572 0.4094 0.4230 0.4180 0.3999 0.3621 0.2830 0.1933 0.1989 0.2454 0.3068 0.3742 0.4160 0.4230 0.4146 0.3924 0.3473 0.2542 0.1865 0.2092 0.2593 0.3233 0.3879 0.4196 0.4223 0.4112 0.3858 0.3350 0.2358 0.1852 0.2152 0.2666 0.3308 0.3929 0.4206 0.4219 0.4100 0.3836 0.3312 0.2308 0.1852 0.2170 0.2714 0.3365 0.3702 0.3365 0.2714 0.2170 0.1852 0.2308 0.3312 0.3836 0.4100 0.4219 0.4206 0.3929 0.3308 0.2666 0.2152 0.1852 0.2358 0.3350 0.3858 0.4112 0.4223 0.4196 0.3879 0.3233 0.2593 0.2092 0.1865 0.2542 0.3473 0.3924 0.4146 0.4230 0.4160 0.3742 0.3068 0.2454 0.1989 0.1933 0.2830 0.3621 0.3999 0.4180 0.4230 0.4094 0.3572 0.2894 0.2317 0.1895 0.2079 0.3107 0.3995
0.3537 0.2091 0.1889 0.2306 0.2880 0.3558 0.4087 0.4229 0.4183 0.4004 0.3632 0.2854 0.1942 0.1981 0.2442 0.3054 0.3728 0.4156 0.4230 0.4149 0.3930 0.3485 0.2562 0.1868 0.2085 0.2585 0.3225 0.3874 0.4196 0.4223 0.4112 0.3857 0.3346 0.2348 0.1852 0.2158 0.2675 0.3320 0.3938 0.4207 0.4218 0.4097 0.3829 0.3297 0.2289 0.1853 0.2180 0.2702 0.3375 0.3983 0.4155 0.3983 0.3375 0.2702 0.2180 0.1853 0.2289 0.3297 0.3829 0.4097 0.4218 0.4207 0.3938 0.3320 0.2675 0.2158 0.1852 0.2348 0.3346 0.3857 0.4112 0.4223 0.4196 0.3874 0.3225 0.2585 0.2085 0.1868 0.2561 0.3484 0.3930 0.4149 0.4230 0.4156 0.3729 0.3053 0.2442 0.1981 0.1942 0.2854 0.3632 0.4004 0.4183 0.4229 0.4087 0.3558 0.2880 0.2306 0.1889 0.2091 0.3537
0.2785 0.1880 0.2296 0.2867 0.3544 0.4080 0.4229 0.4185 0.4010 0.3643 0.2877 0.1951 0.1972 0.2431 0.3039 0.3715 0.4151 0.4230 0.4152 0.3937 0.3497 0.2582 0.1871 0.2077 0.2575 0.3214 0.3866 0.4194 0.4223 0.4113 0.3858 0.3346 0.2346 0.1852 0.2162 0.2682 0.3330 0.3946 0.4209 0.4217 0.4094 0.3823 0.3283 0.2270 0.1854 0.2190 0.2715 0.3362 0.3981 0.4220 0.4219 0.4220 0.3981 0.3362 0.2715 0.2190 0.1854 0.2270 0.3283 0.3823 0.4094 0.4217 0.4209 0.3946 0.3330 0.2682 0.2162 0.1852 0.2346 0.3346 0.3858 0.4113 0.4223 0.4194 0.3866 0.3214 0.2575 0.2077 0.1871 0.2583 0.3497 0.3937 0.4152 0.4230 0.4151 0.3715 0.3039 0.2431 0.1972 0.1951 0.2877 0.3643 0.4010 0.4185 0.4229 0.4080 0.3544 0.2867 0.2296 0.1880 0.2785
0.2597 0.2280 0.2854 0.3530 0.4074 0.4228 0.4187 0.4015 0.3653 0.2900 0.1960 0.1965 0.2420 0.3025 0.3702 0.4147 0.4231 0.4155 0.3943 0.3509 0.2605 0.1875 0.2069 0.2565 0.3202 0.3857 0.4192 0.4224 0.4115 0.3861 0.3350 0.2348 0.1852 0.2163 0.2686 0.3336 0.3952 0.4211 0.4216 0.4090 0.3816 0.3269 0.2253 0.1855 0.2198 0.2727 0.3377 0.3976 0.4215 0.4204 0.4105 0.4204 0.4215 0.3976 0.3377 0.2727 0.2198 0.1855 0.2253 0.3269 0.3816 0.4090 0.4216 0.4211 0.3952 0.3336 0.2686 0.2163 0.1852 0.2348 0.3350 0.3861 0.4115 0.4224 0.4192 0.3857 0.3202 0.2565 0.2069 0.1875 0.2606 0.3509 0.3943 0.4155 0.4231 0.4147 0.3702 0.3025 0.2420 0.1965 0.1960 0.2900 0.3653 0.4015 0.4187 0.4228 0.4074 0.3530 0.2854 0.2280 0.2597
0.2822 0.2833 0.3517 0.4067 0.4227 0.4189 0.4019 0.3663 0.2921 0.1970 0.1957 0.2410 0.3012 0.3690 0.4142 0.4231 0.4157 0.3949 0.3521 0.2628 0.1879 0.2061 0.2554 0.3189 0.3847 0.4190 0.4225 0.4118 0.3866 0.3359 0.2358 0.1852 0.2162 0.2686 0.3338 0.3954 0.4211 0.4215 0.4087 0.3809 0.3255 0.2236 0.1857 0.2206 0.2738 0.3390 0.3985 0.4216 0.4211 0.4053 0.3846 0.4053 0.4211 0.4216 0.3985 0.3390 0.2738 0.2206 0.1857 0.2236 0.3255 0.3809 0.4087 0.4215 0.4211 0.3954 0.3338 0.2686 0.2162 0.1852 0.2358 0.3359 0.3866 0.4118 0.4225 0.4190 0.3847 0.3189 0.2554 0.2061 0.1879 0.2628 0.3521 0.3949 0.4157 0.4231 0.4142 0.3690 0.3012 0.2410 0.1957 0.1970 0.2921 0.3663 0.4019 0.4189 0.4227 0.4067 0.3517 0.2833 0.2822
0.3187 0.3493 0.4059 0.4227 0.4191 0.4024 0.3673 0.2943 0.1980 0.1949 0.2399 0.2998 0.3677 0.4138 0.4231 0.4160 0.3955 0.3533 0.2651 0.1883 0.2053 0.2542 0.3176 0.3836 0.4187 0.4225 0.4121 0.3873 0.3371 0.2373 0.1852 0.2158 0.2682 0.3336 0.3954 0.4212 0.4215 0.4086 0.3804 0.3243 0.2221 0.1858 0.2215 0.2749 0.3402 0.3993 0.4217 0.4210 0.4074 0.3737 0.3347 0.3737 0.4074 0.4210 0.4217 0.3993 0.3402 0.2749 0.2215 0.1858 0.2221 0.3243 0.3804 0.4086 0.4215 0.4212 0.3954 0.3336 0.2682 0.2158 0.1852 0.2373 0.3371 0.3873 0.4121 0.4225 0.4187 0.3836 0.3176 0.2542 0.2053 0.1883 0.2651 0.3533 0.3955 0.4160 0.4231 0.4138 0.3677 0.2998 0.2399 0.1949 0.1980 0.2943 0.3673 0.4024 0.4191 0.4227 0.4059 0.3493 0.3187
0.3637 0.4052 0.4225 0.4194 0.4029 0.3682 0.2965 0.1990 0.1942 0.2388 0.2985 0.3664 0.4133 0.4231 0.4163 0.3961 0.3545 0.2674 0.1888 0.2044 0.2531 0.3162 0.3825 0.4184 0.4226 0.4124 0.3879 0.3383 0.2392 0.1853 0.2152 0.2675 0.3330 0.3952 0.4211 0.4215 0.4085 0.3802 0.3236 0.2209 0.1860 0.2222 0.2759 0.3414 0.4001 0.4218 0.4208 0.4071 0.3775 0.3133 0.2454 0.3133 0.3775 0.4071 0.4208 0.4218 0.4001 0.3414 0.2759 0.2222 0.1860 0.2209 0.3236 0.3802 0.4085 0.4215 0.4211 0.3952 0.3330 0.2675 0.2152 0.1853 0.2392 0.3383 0.3879 0.4124 0.4226 0.4184 0.3825 0.3162 0.2531 0.2044 0.1888 0.2674 0.3545 0.3961 0.4163 0.4231 0.4133 0.3664 0.2985 0.2388 0.1942 0.1990 0.2965 0.3682 0.4029 0.4194 0.4225 0.4052 0.3637
0.4024 0.4239 0.4195 0.4034 0.3692 0.2987 0.2002 0.1934 0.2378 0.2972 0.3651 0.4128 0.4231 0.4166 0.3966 0.3556 0.2697 0.1894 0.2036 0.2520 0.3148 0.3813 0.4181 0.4227 0.4127 0.3885 0.3395 0.2411 0.1854 0.2144 0.2666 0.3320 0.3946 0.4211 0.4215 0.4086 0.3802 0.3234 0.2204 0.1861 0.2228 0.2768 0.3426 0.4008 0.4220 0.4207 0.4067 0.3768 0.3168 0.2136 0.1786 0.2136 0.3168 0.3768 0.4067 0.4207 0.4220 0.4008 0.3426 0.2768 0.2228 0.1861 0.2204 0.3234 0.3802 0.4086 0.4215 0.4211 0.3946 0.3320 0.2666 0.2144 0.1854 0.2411 0.3395 0.3885 0.4127 0.4227 0.4181 0.3813 0.3148 0.2520 0.2036 0.1894 0.2697 0.3556 0.3966 0.4166 0.4231 0.4128 0.3651 0.2972 0.2378 0.1934 0.2002 0.2987 0.3692 0.4034 0.4195 0.4239 0.4024
0.4202 0.4215 0.4039 0.3702 0.3010 0.2014 0.1927 0.2367 0.2958 0.3637 0.4122 0.4231 0.4168 0.3972 0.3568 0.2721 0.1900 0.2028 0.2508 0.3134 0.3801 0.4178 0.4227 0.4130 0.3892 0.3408 0.2430 0.1855 0.2136 0.2655 0.3308 0.3938 0.4209 0.4216 0.4087 0.3804 0.3236 0.2204 0.1861 0.2231 0.2774 0.3434 0.4015 0.4221 0.4206 0.4063 0.3760 0.3156 0.2134 0.1882 0.2051 0.1882 0.2134 0.3156 0.3760 0.4063 0.4206 0.4221 0.4015 0.3434 0.2774 0.2231 0.1861 0.2204 0.3236 0.3804 0.4087 0.4216 0.4209 0.3938 0.3308 0.2655 0.2136 0.1855 0.2430 0.3408 0.3892 0.4130 0.4227 0.4178 0.3801 0.3134 0.2508 0.2028 0.1900 0.2721 0.3568 0.3972 0.4168 0.4231 0.4122 0.3637 0.2958 0.2367 0.1927 0.2014 0.3010 0.3702 0.4039 0.4215 0.4202
0.4245 0.4051 0.3712 0.3032 0.2027 0.1919 0.2356 0.2944 0.3623 0.4116 0.4231 0.4171 0.3978 0.3580 0.2745 0.1906 0.2019 0.2496 0.3119 0.3788 0.4174 0.4228 0.4134 0.3899 0.3421 0.2452 0.1856 0.2128 0.2644 0.3296 0.3929 0.4207 0.4217 0.4090 0.3809 0.3243 0.2209 0.1861 0.2231 0.2775 0.3438 0.4018 0.4221 0.4204 0.4059 0.3752 0.3139 0.2117 0.1891 0.2288 0.2544 0.2288 0.1891 0.2117 0.3139 0.3752 0.4059 0.4204 0.4221 0.4018 0.3438 0.2775 0.2231 0.1861 0.2209 0.3243 0.3809 0.4090 0.4217 0.4207 0.3929 0.3296 0.2644 0.2128 0.1856 0.2452 0.3421 0.3899 0.4134 0.4228 0.4174 0.3788 0.3119 0.2496 0.2019 0.1906 0.2745 0.3580 0.3978 0.4171 0.4231 0.4116 0.3623 0.2944 0.2356 0.1919 0.2027 0.3032 0.3712 0.4051 0.4245
0.4186 0.3722 0.3055 0.2040 0.1912 0.2345 0.2930 0.3609 0.4111 0.4230 0.4174 0.3984 0.3591 0.2769 0.1913 0.2011 0.2484 0.3105 0.3775 0.4171 0.4229 0.4137 0.3906 0.3435 0.2475 0.1858 0.2120 0.2633 0.3283 0.3920 0.4206 0.4218 0.4094 0.3816 0.3255 0.2221 0.1860 0.2228 0.2774 0.3438 0.4019 0.4222 0.4204 0.4057 0.3746 0.3124 0.2104 0.1880 0.2300 0.2858 0.3185 0.2858 0.2300 0.1880 0.2104 0.3124 0.3746 0.4057 0.4204 0.4222 0.4019 0.3438 0.2774 0.2228 0.1860 0.2221 0.3255 0.3816 0.4094 0.4218 0.4206 0.3920 0.3283 0.2633 0.2120 0.1858 0.2475 0.3435 0.3906 0.4137 0.4229 0.4171 0.3775 0.3105 0.2484 0.2011 0.1913 0.2769 0.3591 0.3984 0.4174 0.4230 0.4111 0.3609 0.2930 0.2345 0.1912 0.2040 0.3055 0.3722 0.4186
0.3985 0.3076 0.2055 0.1904 0.2334 0.2916 0.3595 0.4104 0.4230 0.4176 0.3990 0.3603 0.2793 0.1921 0.2002 0.2472 0.3091 0.3763 0.4167 0.4229 0.4140 0.3913 0.3449 0.2498 0.1860 0.2111 0.2621 0.3270 0.3911 0.4204 0.4219 0.4097 0.3823 0.3269 0.2236 0.1858 0.2222 0.2768 0.3434 0.4018 0.4222 0.4203 0.4055 0.3742 0.3112 0.2092 0.1884 0.2288 0.2870 0.3537 0.3855 0.3537 0.2870 0.2288 0.1884 0.2092 0.3112 0.3742 0.4055 0.4203 0.4222 0.4018 0.3434 0.2768 0.2222 0.1858 0.2236 0.3269 0.3823 0.4097 0.4219 0.4204 0.3911 0.3270 0.2621 0.2111 0.1860 0.2498 0.3449 0.3913 0.4140 0.4229 0.4167 0.3763 0.3091 0.2472 0.2002 0.1921 0.2793 0.3603 0.3990 0.4176 0.4230 0.4104 0.3595 0.2916 0.2334 0.1905 0.2055 0.3076 0.3985
0.3514 0.2068 0.1898 0.2323 0.2902 0.3581 0.4098 0.4230 0.4179 0.3995 0.3614 0.2816 0.1928 0.1994 0.2461 0.3076 0.3749 0.4163 0.4230 0.4144 0.3919 0.3463 0.2522 0.1863 0.2101 0.2609 0.3255 0.3900 0.4202 0.4220 0.4100 0.3829 0.3283 0.2253 0.1857 0.2215 0.2759 0.3426 0.4015 0.4221 0.4204 0.4055 0.3741 0.3107 0.2086 0.1887 0.2295 0.2855 0.3543 0.4082 0.4196 0.4082 0.3543 0.2855 0.2295 0.1887 0.2086 0.3107 0.3741 0.4055 0.4204 0.4221 0.4015 0.3426 0.2759 0.2215 0.1857 0.2253 0.3283 0.3829 0.4100 0.4220 0.4202 0.3900 0.3255 0.2609 0.2102 0.1863 0.2522 0.3463 0.3919 0.4144 0.4230 0.4163 0.3750 0.3076 0.2461 0.1994 0.1928 0.2816 0.3614 0.3995 0.4179 0.4230 0.4098 0.3581 0.2903 0.2323 0.1899 0.2067 0.3514
0.2768 0.1888 0.2313 0.2888 0.3566 0.4091 0.4229 0.4181 0.4001 0.3625 0.2840 0.1937 0.1985 0.2449 0.3062 0.3736 0.4158 0.4230 0.4147 0.3926 0.3476 0.2546 0.1866 0.2092 0.2597 0.3240 0.3889 0.4199 0.4221 0.4104 0.3837 0.3297 0.2270 0.1855 0.2206 0.2749 0.3414 0.4008 0.4221 0.4204 0.4057 0.3742 0.3107 0.2084 0.1889 0.2300 0.2863 0.3528 0.4076 0.4231 0.4203 0.4230 0.4076 0.3529 0.2864 0.2300 0.1889 0.2084 0.3107 0.3742 0.4057 0.4204 0.4221 0.4008 0.3414 0.2749 0.2206 0.1855 0.2270 0.3297 0.3836 0.4104 0.4221 0.4199 0.3888 0.3241 0.2596 0.2092 0.1865 0.2546 0.3476 0.3926 0.4147 0.4230 0.4158 0.3736 0.3062 0.2449 0.1985 0.1937 0.2840 0.3625 0.4001 0.4181 0.4229 0.4091 0.3566 0.2888 0.2313 0.1888 0.2768
0.2601 0.2296 0.2876 0.3552 0.4085 0.4229 0.4184 0.4006 0.3636 0.2863 0.1945 0.1977 0.2438 0.3048 0.3723 0.4154 0.4230 0.4150 0.3933 0.3489 0.2568 0.1869 0.2084 0.2585 0.3226 0.3877 0.4197 0.4222 0.4108 0.3844 0.3311 0.2288 0.1854 0.2198 0.2738 0.3402 0.4001 0.4220 0.4206 0.4059 0.3746 0.3112 0.2086 0.1889 0.2301 0.2867 0.3535 0.4071 0.4228 0.4179 0.4059 0.4180 0.4227 0.4068 0.3535 0.2869 0.2301 0.1889 0.2086 0.3112 0.3746 0.4059 0.4206 0.4220 0.4001 0.3402 0.2738 0.2198 0.1854 0.2289 0.3312 0.3844 0.4108 0.4222 0.4197 0.3877 0.3226 0.2584 0.2083 0.1869 0.2569 0.3489 0.3933 0.4150 0.4230 0.4154 0.3723 0.3047 0.2438 0.1977 0.1946 0.2864 0.3636 0.4006 0.4184 0.4229 0.4085 0.3552 0.2875 0.2296 0.2601
0.2833 0.2854 0.3540 0.4078 0.4228 0.4186 0.4011 0.3646 0.2884 0.1954 0.1970 0.2428 0.3035 0.3711 0.4150 0.4231 0.4153 0.3939 0.3501 0.2590 0.1872 0.2075 0.2573 0.3213 0.3867 0.4195 0.4223 0.4111 0.3851 0.3326 0.2307 0.1853 0.2190 0.2727 0.3390 0.3993 0.4218 0.4207 0.4063 0.3752 0.3124 0.2092 0.1887 0.2300 0.2867 0.3537 0.4074 0.4228 0.4190 0.3997 0.3749 0.3991 0.4191 0.4226 0.4068 0.3537 0.2869 0.2300 0.1887 0.2092 0.3124 0.3752 0.4063 0.4207 0.4218 0.3993 0.3390 0.2727 0.2190 0.1853 0.2308 0.3327 0.3852 0.4111 0.4223 0.4194 0.3866 0.3212 0.2572 0.2075 0.1872 0.2592 0.3502 0.3939 0.4153 0.4231 0.4150 0.3710 0.3034 0.2427 0.1969 0.1955 0.2886 0.3647 0.4012 0.4186 0.4228 0.4078 0.3539 0.2853 0.2833
0.3201 0.3515 0.4071 0.4228 0.4188 0.4016 0.3656 0.2907 0.1963 0.1962 0.2417 0.3021 0.3699 0.4146 0.4231 0.4156 0.3945 0.3513 0.2613 0.1876 0.2067 0.2562 0.3199 0.3856 0.4192 0.4224 0.4114 0.3858 0.3340 0.2327 0.1853 0.2181 0.2716 0.3378 0.3985 0.4217 0.4208 0.4067 0.3760 0.3139 0.2104 0.1884 0.2296 0.2863 0.3535 0.4074 0.4228 0.4190 0.4024 0.3624 0.3164 0.3582 0.3968 0.4186 0.4226 0.4067 0.3535 0.2864 0.2295 0.1884 0.2104 0.3139 0.3760 0.4067 0.4208 0.4217 0.3985 0.3377 0.2715 0.2180 0.1852 0.2329 0.3342 0.3859 0.4115 0.4224 0.4192 0.3854 0.3197 0.2560 0.2066 0.1876 0.2615 0.3514 0.3945 0.4156 0.4231 0.4145 0.3697 0.3020 0.2415 0.1961 0.1964 0.2908 0.3657 0.4016 0.4188 0.4228 0.4070 0.3515 0.3200
0.3652 0.4064 0.4226 0.4190 0.4021 0.3666 0.2930 0.1974 0.1954 0.2406 0.3007 0.3685 0.4141 0.4231 0.4158 0.3951 0.3525 0.2637 0.1881 0.2058 0.2549 0.3185 0.3844 0.4189 0.4225 0.4118 0.3866 0.3356 0.2349 0.1853 0.2172 0.2703 0.3365 0.3977 0.4216 0.4210 0.4070 0.3767 0.3155 0.2118 0.1881 0.2289 0.2856 0.3529 0.4072 0.4228 0.4189 0.4023 0.3673 0.2898 0.2402 0.3505 0.4244 0.3950 0.4182 0.4226 0.4067 0.3528 0.2855 0.2288 0.1880 0.2117 0.3156 0.3768 0.4071 0.4210 0.4216 0.3976 0.3362 0.2702 0.2170 0.1852 0.2351 0.3358 0.3868 0.4119 0.4225 0.4188 0.3841 0.3182 0.2547 0.2056 0.1881 0.2639 0.3528 0.3953 0.4159 0.4231 0.4140 0.3682 0.3005 0.2404 0.1953 0.1974 0.2932 0.3669 0.4022 0.4191 0.4226 0.4063 0.3652
0.4033 0.4241 0.4191 0.4026 0.3677 0.2953 0.1984 0.1946 0.2394 0.2993 0.3671 0.4136 0.4231 0.4161 0.3957 0.3538 0.2661 0.1885 0.2049 0.2537 0.3170 0.3831 0.4186 0.4226 0.4122 0.3874 0.3371 0.2372 0.1853 0.2162 0.2691 0.3351 0.3968 0.4215 0.4211 0.4074 0.3775 0.3171 0.2132 0.1877 0.2280 0.2845 0.3519 0.4068 0.4227 0.4190 0.4023 0.3675 0.2950 0.1986 0.1843 0.2633 0.3897 0.4205 0.3967 0.4187 0.4227 0.4074 0.3543 0.2870 0.2300 0.1891 0.2134 0.3168 0.3775 0.4074 0.4211 0.4215 0.3981 0.3375 0.2714 0.2181 0.1864 0.2371 0.3371 0.3874 0.4122 0.4226 0.4188 0.3849 0.3195 0.2560 0.2066 0.1895 0.2658 0.3538 0.3958 0.4162 0.4231 0.4140 0.3692 0.3018 0.2415 0.1962 0.1991 0.2949 0.3677 0.4027 0.4192 0.4241 0.4048
0.4205 0.4212 0.4032 0.3687 0.2975 0.1995 0.1939 0.2384 0.2979 0.3658 0.4131 0.4231 0.4164 0.3963 0.3550 0.2684 0.1891 0.2041 0.2526 0.3156 0.3820 0.4183 0.4226 0.4125 0.3881 0.3385 0.2393 0.1853 0.2153 0.2679 0.3336 0.3959 0.4213 0.4212 0.4077 0.3782 0.3186 0.2146 0.1873 0.2272 0.2834 0.3508 0.4062 0.4227 0.4191 0.4025 0.3676 0.2960 0.1993 0.1941 0.2246 0.2664 0.3791 0.4272 0.3851 0.3952 0.4180 0.4230 0.4082 0.3537 0.2857 0.2288 0.1882 0.2136 0.3133 0.3737 0.4053 0.4204 0.4220 0.3983 0.3365 0.2700 0.2168 0.1857 0.2378 0.3329 0.3842 0.4105 0.4222 0.4194 0.3847 0.3183 0.2546 0.2054 0.1891 0.2665 0.3496 0.3930 0.4148 0.4231 0.4147 0.3687 0.3004 0.2401 0.1950 0.1991 0.2935 0.3636 0.4002 0.4198 0.4212
0.4245 0.4042 0.3696 0.2996 0.2006 0.1931 0.2373 0.2967 0.3645 0.4126 0.4231 0.4167 0.3969 0.3561 0.2706 0.1896 0.2033 0.2515 0.3143 0.3808 0.4180 0.4227 0.4128 0.3887 0.3398 0.2414 0.1854 0.2144 0.2667 0.3323 0.3949 0.4211 0.4214 0.4081 0.3789 0.3201 0.2161 0.1870 0.2263 0.2823 0.3496 0.4055 0.4226 0.4193 0.4028 0.3682 0.2969 0.1995 0.1940 0.2381 0.2877 0.3452 0.4101 0.4221 0.3639 0.3685 0.4059 0.4203 0.4196 0.3856 0.3185 0.2544 0.2051 0.1786 0.2454 0.3347 0.3846 0.4105 0.4219 0.4155 0.3702 0.3013 0.2405 0.1951 0.1846 0.2723 0.3507 0.3933 0.4147 0.4225 0.4082 0.3525 0.2840 0.2270 0.1859 0.1997 0.2978 0.3645 0.4006 0.4181 0.4217 0.3974 0.3342 0.2676 0.2147 0.1799 0.2227 0.3191 0.3759 0.4065 0.4233
0.4181 0.3706 0.3018 0.2018 0.1924 0.2363 0.2953 0.3632 0.4120 0.4231 0.4169 0.3974 0.3572 0.2729 0.1902 0.2025 0.2503 0.3129 0.3796 0.4177 0.4228 0.4132 0.3894 0.3412 0.2436 0.1855 0.2135 0.2655 0.3309 0.3940 0.4210 0.4215 0.4085 0.3797 0.3217 0.2177 0.1867 0.2254 0.2812 0.3484 0.4049 0.4226 0.4195 0.4033 0.3690 0.2985 0.2002 0.1933 0.2376 0.2968 0.3596 0.4053 0.4230 0.4062 0.3641 0.3972 0.4180 0.4230 0.4082 0.3537 0.2857 0.2287 0.1882 0.2136 0.3133 0.3737 0.4053 0.4204 0.4220 0.3983 0.3365 0.2700 0.2168 0.1857 0.2378 0.3329 0.3842 0.4105 0.4222 0.4194 0.3847 0.3183 0.2546 0.2054 0.1891 0.2665 0.3496 0.3930 0.4148 0.4231 0.4147 0.3687 0.3004 0.2401 0.1950 0.1991 0.2935 0.3636 0.4002 0.4198 0.4212
0.3974 0.3040 0.2031 0.1915 0.2351 0.2938 0.3617 0.4114 0.4231 0.4172 0.3980 0.3584 0.2753 0.1908 0.2015 0.2490 0.3113 0.3782 0.4173 0.4228 0.4135 0.3901 0.3426 0.2459 0.1856 0.2125 0.2641 0.3293 0.3928 0.4208 0.4217 0.4089 0.3806 0.3234 0.2193 0.1863 0.2245 0.2799 0.3470 0.4042 0.4225 0.4196 0.4037 0.3699 0.3004 0.2011 0.1926 0.2365 0.2957 0.3634 0.4107 0.4227 0.4189 0.3783 0.3955 0.4193 0.4227 0.4076 0.3544 0.2870 0.2300 0.1891 0.2134 0.3168 0.3775 0.4074 0.4211 0.4215 0.3981 0.3375 0.2714 0.2181 0.1864 0.2371 0.3371 0.3874 0.4122 0.4226 0.4188 0.3849 0.3195 0.2560 0.2066 0.1895 0.2658 0.3538 0.3958 0.4162 0.4231 0.4140 0.3692 0.3018 0.2415 0.1962 0.1991 0.2949 0.3677 0.4027 0.4192 0.4241 0.4048
0.3487 0.2043 0.1910 0.2341 0.2925 0.3603 0.4108 0.4230 0.4175 0.3988 0.3598 0.2776 0.1915 0.2008 0.2480 0.3100 0.3770 0.4169 0.4229 0.4139 0.3910 0.3442 0.2482 0.1858 0.2117 0.2630 0.3279 0.3917 0.4205 0.4218 0.4095 0.3816 0.3253 0.2212 0.1861 0.2237 0.2789 0.3458 0.4034 0.4224 0.4199 0.4042 0.3709 0.3023 0.2023 0.1921 0.2357 0.2945 0.3624 0.4113 0.4229 0.4183 0.3879 0.3930 0.4193 0.4227 0.4069 0.3529 0.2855 0.2287 0.1880 0.2117 0.3156 0.3768 0.4071 0.4210 0.4216 0.3976 0.3362 0.2702 0.2170 0.1852 0.2351 0.3358 0.3868 0.4119 0.4225 0.4188 0.3841 0.3182 0.2547 0.2056 0.1881 0.2639 0.3528 0.3953 0.4159 0.4231 0.4140 0.3682 0.3005 0.2404 0.1953 0.1974 0.2932 0.3669 0.4022 0.4191 0.4226 0.4063 0.3652
0.2746 0.1930 0.2371 0.2960 0.3634 0.4115 0.4230 0.4176 0.3989 0.3601 0.2789 0.1936 0.2031 0.2511 0.3135 0.3796 0.4172 0.4229 0.4140 0.3911 0.3447 0.2497 0.1880 0.2143 0.2662 0.3314 0.3937 0.4206 0.4219 0.4095 0.3818 0.3259 0.2230 0.1883 0.2264 0.2824 0.3492 0.4048 0.4224 0.4199 0.4042 0.3711 0.3032 0.2041 0.1943 0.2388 0.2981 0.3654 0.4122 0.4230 0.4170 0.3881 0.3922 0.4193 0.4226 0.4070 0.3536 0.2863 0.2295 0.1884 0.2104 0.3139 0.3760 0.4067 0.4208 0.4217 0.3985 0.3377 0.2715 0.2180 0.1852 0.2329 0.3342 0.3859 0.4115 0.4224 0.4192 0.3854 0.3197 0.2560 0.2066 0.1876 0.2615 0.3514 0.3945 0.4156 0.4231 0.4145 0.3697 0.3020 0.2415 0.1961 0.1964 0.2908 0.3657 0.4016 0.4188 0.4228 0.4070 0.3515 0.3200
0.2604 0.2282 0.2866 0.3549 0.4094 0.4230 0.4155 0.3943 0.3524 0.2750 0.1904 0.1966 0.2425 0.3037 0.3723 0.4164 0.4225 0.4113 0.3858 0.3365 0.2482 0.1837 0.2071 0.2571 0.3218 0.3881 0.4205 0.4208 0.4062 0.3756 0.3179 0.2224 0.1831 0.2186 0.2727 0.3399 0.4011 0.4225 0.4183 0.4003 0.3641 0.2967 0.2021 0.1881 0.2302 0.2878 0.3562 0.4098 0.4230 0.4149 0.3907 0.3925 0.4193 0.4226 0.4069 0.3540 0.2868 0.2300 0.1887 0.2092 0.3124 0.3752 0.4063 0.4207 0.4218 0.3993 0.3390 0.2727 0.2190 0.1853 0.2308 0.3327 0.3852 0.4111 0.4223 0.4194 0.3866 0.3212 0.2572 0.2075 0.1872 0.2592 0.3502 0.3939 0.4153 0.4231 0.4150 0.3710 0.3034 0.2427 0.1969 0.1955 0.2886 0.3647 0.4012 0.4186 0.4228 0.4078 0.3539 0.2853 0.2833
