0.0195 0.1522 0.3916 1.0000 1.0000 1.0000 1.0000 0.0008 0.0022 0.0062 0.0176 0.0504 0.1443 0.4122 1.0000 1.0000 1.0000 1.0000 0.0008 0.0022 0.0064 0.0183 0.0522 0.1490 0.4257 1.0000 1.0000 1.0000 1.0000 0.0008 0.0023 0.0066 0.0188 0.0539 0.1539 0.4406 1.0000 1.0000 1.0000 1.0000 0.0008 0.0024 0.0068 0.0195 0.0556 0.1596 0.4568 1.0000 1.0000 1.0000 1.0000 1.0000 1.0000 1.0000 0.4568 0.1596 0.0556 0.0195 0.0068 0.0024 0.0008 1.0000 1.0000 1.0000 1.0000 0.4406 0.1539 0.0539 0.0188 0.0066 0.0023 0.0008 1.0000 1.0000 1.0000 1.0000 0.4257 0.1490 0.0522 0.0183 0.0064 0.0022 0.0008 1.0000 1.0000 1.0000 1.0000 0.4122 0.1443 0.0504 0.0176 0.0062 0.0022 0.0008 1.0000 1.0000 1.0000 1.0000 0.3916 0.1522 0.0195
0.1522 1.0000 1.0000 1.0000 1.0000 1.0000 0.0018 0.0052 0.0148 0.0425 0.1211 0.3474 0.9905 1.0000 1.0000 1.0000 1.0000 0.0019 0.0054 0.0154 0.0440 0.1256 0.3588 1.0000 1.0000 1.0000 1.0000 1.0000 0.0019 0.0056 0.0159 0.0453 0.1295 0.3713 1.0000 1.0000 1.0000 1.0000 0.0007 0.0020 0.0058 0.0164 0.0470 0.1340 0.3842 1.0000 1.0000 1.0000 1.0000 0.0008 0.0018 0.0008 1.0000 1.0000 1.0000 1.0000 0.3842 0.1340 0.0470 0.0164 0.0058 0.0020 0.0007 1.0000 1.0000 1.0000 1.0000 0.3713 0.1295 0.0453 0.0159 0.0056 0.0019 1.0000 1.0000 1.0000 1.0000 1.0000 0.3588 0.1256 0.0440 0.0154 0.0054 0.0019 1.0000 1.0000 1.0000 1.0000 0.9905 0.3474 0.1211 0.0425 0.0148 0.0052 0.0018 1.0000 1.0000 1.0000 1.0000 1.0000 0.1522
0.3916 1.0000 1.0000 1.0000 1.0000 0.0017 0.0048 0.0137 0.0393 0.1120 0.3213 0.9180 1.0000 1.0000 1.0000 1.0000 0.0017 0.0050 0.0143 0.0407 0.1164 0.3325 0.9499 1.0000 1.0000 1.0000 1.0000 0.0018 0.0051 0.0147 0.0420 0.1200 0.3434 0.9793 1.0000 1.0000 1.0000 0.0007 0.0019 0.0053 0.0152 0.0435 0.1244 0.3561 1.0000 1.0000 1.0000 1.0000 0.0007 0.0022 0.0048 0.0022 0.0007 1.0000 1.0000 1.0000 1.0000 0.3561 0.1244 0.0435 0.0152 0.0053 0.0019 0.0007 1.0000 1.0000 1.0000 0.9793 0.3434 0.1200 0.0420 0.0147 0.0051 0.0018 1.0000 1.0000 1.0000 1.0000 0.9499 0.3325 0.1164 0.0407 0.0143 0.0050 0.0017 1.0000 1.0000 1.0000 1.0000 0.9180 0.3213 0.1120 0.0393 0.0137 0.0048 0.0017 1.0000 1.0000 1.0000 1.0000 0.3916
1.0000 1.0000 1.0000 1.0000 0.0017 0.0049 0.0141 0.0405 0.1162 0.3325 0.9518 1.0000 1.0000 1.0000 1.0000 0.0018 0.0052 0.0148 0.0423 0.1209 0.3454 0.9868 1.0000 1.0000 1.0000 0.0007 0.0019 0.0053 0.0153 0.0436 0.1246 0.3561 1.0000 1.0000 1.0000 1.0000 0.0007 0.0019 0.0055 0.0158 0.0452 0.1292 0.3692 1.0000 1.0000 1.0000 1.0000 0.0007 0.0020 0.0066 0.0141 0.0066 0.0020 0.0007 1.0000 1.0000 1.0000 1.0000 0.3692 0.1292 0.0452 0.0158 0.0055 0.0019 0.0007 1.0000 1.0000 1.0000 1.0000 0.3561 0.1246 0.0436 0.0153 0.0053 0.0019 0.0007 1.0000 1.0000 1.0000 0.9868 0.3454 0.1209 0.0423 0.0148 0.0052 0.0018 1.0000 1.0000 1.0000 1.0000 0.9518 0.3325 0.1162 0.0405 0.0141 0.0049 0.0017 1.0000 1.0000 1.0000 1.0000
1.0000 1.0000 1.0000 0.0017 0.0050 0.0143 0.0410 0.1177 0.3376 0.9682 1.0000 1.0000 1.0000 0.0006 0.0018 0.0053 0.0151 0.0432 0.1234 0.3527 1.0000 1.0000 1.0000 1.0000 0.0007 0.0019 0.0055 0.0156 0.0445 0.1273 0.3636 1.0000 1.0000 1.0000 1.0000 0.0007 0.0020 0.0057 0.0162 0.0462 0.1319 0.3770 1.0000 1.0000 1.0000 1.0000 0.0007 0.0020 0.0058 0.0191 0.0410 0.0191 0.0058 0.0020 0.0007 1.0000 1.0000 1.0000 1.0000 0.3770 0.1319 0.0462 0.0162 0.0057 0.0020 0.0007 1.0000 1.0000 1.0000 1.0000 0.3636 0.1273 0.0445 0.0156 0.0055 0.0019 0.0007 1.0000 1.0000 1.0000 1.0000 0.3527 0.1234 0.0432 0.0151 0.0053 0.0018 0.0006 1.0000 1.0000 1.0000 0.9682 0.3376 0.1177 0.0410 0.0143 0.0050 0.0017 1.0000 1.0000 1.0000
1.0000 1.0000 0.0017 0.0049 0.0143 0.0413 0.1191 0.3428 0.9849 1.0000 1.0000 1.0000 0.0007 0.0019 0.0054 0.0154 0.0441 0.1263 0.3608 1.0000 1.0000 1.0000 1.0000 0.0007 0.0020 0.0056 0.0159 0.0456 0.1302 0.3720 1.0000 1.0000 1.0000 1.0000 0.0007 0.0020 0.0058 0.0165 0.0472 0.1350 0.3857 1.0000 1.0000 1.0000 1.0000 0.0007 0.0021 0.0060 0.0171 0.0560 0.1200 0.0560 0.0171 0.0060 0.0021 0.0007 1.0000 1.0000 1.0000 1.0000 0.3857 0.1350 0.0472 0.0165 0.0058 0.0020 0.0007 1.0000 1.0000 1.0000 1.0000 0.3720 0.1302 0.0456 0.0159 0.0056 0.0020 0.0007 1.0000 1.0000 1.0000 1.0000 0.3608 0.1263 0.0441 0.0154 0.0054 0.0019 0.0007 1.0000 1.0000 1.0000 0.9849 0.3428 0.1191 0.0413 0.0143 0.0049 0.0017 1.0000 1.0000
1.0000 0.0018 0.0048 0.0141 0.0410 0.1191 0.3441 0.9924 1.0000 1.0000 1.0000 0.0007 0.0019 0.0055 0.0158 0.0451 0.1290 0.3692 1.0000 1.0000 1.0000 1.0000 0.0007 0.0020 0.0057 0.0163 0.0466 0.1332 0.3806 1.0000 1.0000 1.0000 1.0000 0.0007 0.0021 0.0059 0.0169 0.0483 0.1381 0.3946 1.0000 1.0000 1.0000 1.0000 0.0007 0.0021 0.0061 0.0174 0.0499 0.1636 0.3500 0.1636 0.0499 0.0174 0.0061 0.0021 0.0007 1.0000 1.0000 1.0000 1.0000 0.3946 0.1381 0.0483 0.0169 0.0059 0.0021 0.0007 1.0000 1.0000 1.0000 1.0000 0.3806 0.1332 0.0466 0.0163 0.0057 0.0020 0.0007 1.0000 1.0000 1.0000 1.0000 0.3692 0.1290 0.0451 0.0158 0.0055 0.0019 0.0007 1.0000 1.0000 1.0000 0.9924 0.3441 0.1191 0.0410 0.0141 0.0048 0.0018 1.0000
0.0008 0.0052 0.0137 0.0405 0.1177 0.3428 0.9924 1.0000 1.0000 1.0000 0.0007 0.0020 0.0056 0.0161 0.0460 0.1317 0.3770 1.0000 1.0000 1.0000 1.0000 0.0007 0.0020 0.0058 0.0167 0.0477 0.1363 0.3893 1.0000 1.0000 1.0000 1.0000 0.0007 0.0021 0.0060 0.0173 0.0494 0.1413 0.4037 1.0000 1.0000 1.0000 1.0000 0.0008 0.0022 0.0062 0.0179 0.0509 0.1459 0.4781 1.0000 0.4781 0.1459 0.0509 0.0179 0.0062 0.0022 0.0008 1.0000 1.0000 1.0000 1.0000 0.4037 0.1413 0.0494 0.0173 0.0060 0.0021 0.0007 1.0000 1.0000 1.0000 1.0000 0.3893 0.1363 0.0477 0.0167 0.0058 0.0020 0.0007 1.0000 1.0000 1.0000 1.0000 0.3770 0.1317 0.0460 0.0161 0.0056 0.0020 0.0007 1.0000 1.0000 1.0000 0.9924 0.3428 0.1177 0.0405 0.0137 0.0052 0.0008
0.0022 0.0148 0.0393 0.1162 0.3376 0.9849 1.0000 1.0000 1.0000 0.0007 0.0020 0.0057 0.0163 0.0468 0.1342 0.3842 1.0000 1.0000 1.0000 1.0000 0.0007 0.0021 0.0060 0.0171 0.0488 0.1394 0.3983 1.0000 1.0000 1.0000 1.0000 0.0008 0.0022 0.0062 0.0176 0.0504 0.1443 0.4130 1.0000 1.0000 1.0000 1.0000 0.0008 0.0022 0.0064 0.0183 0.0523 0.1487 0.4266 1.0000 1.0000 1.0000 0.4266 0.1487 0.0523 0.0183 0.0064 0.0022 0.0008 1.0000 1.0000 1.0000 1.0000 0.4130 0.1443 0.0504 0.0176 0.0062 0.0022 0.0008 1.0000 1.0000 1.0000 1.0000 0.3983 0.1394 0.0488 0.0171 0.0060 0.0021 0.0007 1.0000 1.0000 1.0000 1.0000 0.3842 0.1342 0.0468 0.0163 0.0057 0.0020 0.0007 1.0000 1.0000 1.0000 0.9849 0.3376 0.1162 0.0393 0.0148 0.0022
0.0062 0.0425 0.1120 0.3325 0.9682 1.0000 1.0000 1.0000 0.0007 0.0020 0.0057 0.0165 0.0474 0.1363 0.3908 1.0000 1.0000 1.0000 1.0000 0.0007 0.0021 0.0061 0.0175 0.0499 0.1426 0.4075 1.0000 1.0000 1.0000 1.0000 0.0008 0.0022 0.0063 0.0180 0.0516 0.1476 0.4217 1.0000 1.0000 1.0000 1.0000 0.0008 0.0023 0.0065 0.0187 0.0534 0.1527 0.4347 1.0000 1.0000 1.0000 1.0000 1.0000 0.4347 0.1527 0.0534 0.0187 0.0065 0.0023 0.0008 1.0000 1.0000 1.0000 1.0000 0.4217 0.1476 0.0516 0.0180 0.0063 0.0022 0.0008 1.0000 1.0000 1.0000 1.0000 0.4075 0.1426 0.0499 0.0175 0.0061 0.0021 0.0007 1.0000 1.0000 1.0000 1.0000 0.3908 0.1363 0.0474 0.0165 0.0057 0.0020 0.0007 1.0000 1.0000 1.0000 0.9682 0.3325 0.1120 0.0425 0.0062
0.0176 0.1211 0.3213 0.9518 1.0000 1.0000 1.0000 0.0007 0.0020 0.0057 0.0165 0.0477 0.1376 0.3961 1.0000 1.0000 1.0000 1.0000 0.0008 0.0022 0.0062 0.0179 0.0511 0.1459 0.4169 1.0000 1.0000 1.0000 1.0000 0.0008 0.0023 0.0065 0.0184 0.0527 0.1507 0.4306 1.0000 1.0000 1.0000 1.0000 0.0008 0.0023 0.0067 0.0191 0.0545 0.1560 0.4465 1.0000 1.0000 1.0000 1.0000 1.0000 1.0000 1.0000 0.4465 0.1560 0.0545 0.0191 0.0067 0.0023 0.0008 1.0000 1.0000 1.0000 1.0000 0.4306 0.1507 0.0527 0.0184 0.0065 0.0023 0.0008 1.0000 1.0000 1.0000 1.0000 0.4169 0.1459 0.0511 0.0179 0.0062 0.0022 0.0008 1.0000 1.0000 1.0000 1.0000 0.3961 0.1376 0.0477 0.0165 0.0057 0.0020 0.0007 1.0000 1.0000 1.0000 0.9518 0.3213 0.1211 0.0176
0.0504 0.3474 0.9180 1.0000 1.0000 1.0000 0.0007 0.0020 0.0057 0.0165 0.0477 0.1381 0.3983 1.0000 1.0000 1.0000 1.0000 0.0008 0.0022 0.0064 0.0183 0.0522 0.1493 0.4266 1.0000 1.0000 1.0000 1.0000 0.0008 0.0023 0.0066 0.0189 0.0539 0.1539 0.4406 1.0000 1.0000 1.0000 1.0000 0.0008 0.0024 0.0068 0.0195 0.0559 0.1596 0.4559 1.0000 1.0000 1.0000 1.0000 1.0000 1.0000 1.0000 1.0000 1.0000 0.4559 0.1596 0.0559 0.0195 0.0068 0.0024 0.0008 1.0000 1.0000 1.0000 1.0000 0.4406 0.1539 0.0539 0.0189 0.0066 0.0023 0.0008 1.0000 1.0000 1.0000 1.0000 0.4266 0.1493 0.0522 0.0183 0.0064 0.0022 0.0008 1.0000 1.0000 1.0000 1.0000 0.3983 0.1381 0.0477 0.0165 0.0057 0.0020 0.0007 1.0000 1.0000 1.0000 0.9180 0.3474 0.0504
0.1443 0.9905 1.0000 1.0000 1.0000 0.0007 0.0019 0.0056 0.0163 0.0474 0.1376 0.3983 1.0000 1.0000 1.0000 1.0000 0.0008 0.0023 0.0065 0.0186 0.0533 0.1525 0.4356 1.0000 1.0000 1.0000 1.0000 0.0008 0.0024 0.0068 0.0193 0.0551 0.1572 0.4499 1.0000 1.0000 1.0000 1.0000 0.0009 0.0025 0.0070 0.0200 0.0571 0.1633 0.4656 1.0000 1.0000 1.0000 1.0000 0.0010 0.0022 0.0010 1.0000 1.0000 1.0000 1.0000 0.4656 0.1633 0.0571 0.0200 0.0070 0.0025 0.0009 1.0000 1.0000 1.0000 1.0000 0.4499 0.1572 0.0551 0.0193 0.0068 0.0024 0.0008 1.0000 1.0000 1.0000 1.0000 0.4356 0.1525 0.0533 0.0186 0.0065 0.0023 0.0008 1.0000 1.0000 1.0000 1.0000 0.3983 0.1376 0.0474 0.0163 0.0056 0.0019 0.0007 1.0000 1.0000 1.0000 0.9905 0.1443
0.4122 1.0000 1.0000 1.0000 0.0006 0.0019 0.0055 0.0161 0.0468 0.1363 0.3961 1.0000 1.0000 1.0000 1.0000 0.0008 0.0023 0.0066 0.0189 0.0543 0.1554 0.4448 1.0000 1.0000 1.0000 1.0000 0.0008 0.0024 0.0069 0.0197 0.0564 0.1611 0.4603 1.0000 1.0000 1.0000 1.0000 0.0009 0.0025 0.0072 0.0205 0.0585 0.1670 0.4772 1.0000 1.0000 1.0000 1.0000 0.0009 0.0030 0.0064 0.0030 0.0009 1.0000 1.0000 1.0000 1.0000 0.4772 0.1670 0.0585 0.0205 0.0072 0.0025 0.0009 1.0000 1.0000 1.0000 1.0000 0.4594 0.1611 0.0564 0.0197 0.0069 0.0024 0.0008 1.0000 1.0000 1.0000 1.0000 0.4448 0.1554 0.0543 0.0189 0.0066 0.0023 0.0008 1.0000 1.0000 1.0000 1.0000 0.3961 0.1363 0.0468 0.0161 0.0055 0.0019 0.0006 1.0000 1.0000 1.0000 0.4122
1.0000 1.0000 1.0000 1.0000 0.0018 0.0054 0.0158 0.0460 0.1342 0.3908 1.0000 1.0000 1.0000 1.0000 0.0008 0.0023 0.0067 0.0192 0.0551 0.1581 0.4533 1.0000 1.0000 1.0000 1.0000 0.0009 0.0025 0.0071 0.0202 0.0577 0.1648 0.4709 1.0000 1.0000 1.0000 1.0000 0.0009 0.0026 0.0073 0.0209 0.0598 0.1709 0.4882 1.0000 1.0000 1.0000 1.0000 0.0009 0.0026 0.0087 0.0186 0.0087 0.0026 0.0009 1.0000 1.0000 1.0000 1.0000 0.4882 0.1709 0.0598 0.0209 0.0073 0.0026 0.0009 1.0000 1.0000 1.0000 1.0000 0.4709 0.1648 0.0577 0.0202 0.0071 0.0025 0.0009 1.0000 1.0000 1.0000 1.0000 0.4533 0.1581 0.0551 0.0192 0.0067 0.0023 0.0008 1.0000 1.0000 1.0000 1.0000 0.3908 0.1342 0.0460 0.0158 0.0054 0.0018 1.0000 1.0000 1.0000 1.0000
1.0000 1.0000 1.0000 0.0018 0.0053 0.0154 0.0451 0.1317 0.3842 1.0000 1.0000 1.0000 1.0000 0.0008 0.0023 0.0067 0.0193 0.0556 0.1602 0.4603 1.0000 1.0000 1.0000 1.0000 0.0009 0.0025 0.0072 0.0207 0.0590 0.1686 0.4818 1.0000 1.0000 1.0000 1.0000 0.0009 0.0026 0.0075 0.0214 0.0612 0.1748 0.4995 1.0000 1.0000 1.0000 1.0000 0.0009 0.0027 0.0077 0.0254 0.0543 0.0254 0.0077 0.0027 0.0009 1.0000 1.0000 1.0000 1.0000 0.4995 0.1748 0.0612 0.0214 0.0075 0.0026 0.0009 1.0000 1.0000 1.0000 1.0000 0.4818 0.1686 0.0590 0.0207 0.0072 0.0025 0.0009 1.0000 1.0000 1.0000 1.0000 0.4603 0.1602 0.0556 0.0193 0.0067 0.0023 0.0008 1.0000 1.0000 1.0000 1.0000 0.3842 0.1317 0.0451 0.0154 0.0053 0.0018 1.0000 1.0000 1.0000
1.0000 1.0000 0.0017 0.0052 0.0151 0.0441 0.1290 0.3770 1.0000 1.0000 1.0000 1.0000 0.0008 0.0023 0.0067 0.0193 0.0559 0.1611 0.4647 1.0000 1.0000 1.0000 1.0000 0.0009 0.0026 0.0074 0.0211 0.0604 0.1725 0.4929 1.0000 1.0000 1.0000 1.0000 0.0009 0.0027 0.0077 0.0219 0.0626 0.1789 0.5110 1.0000 1.0000 1.0000 1.0000 0.0010 0.0028 0.0079 0.0226 0.0741 0.1587 0.0741 0.0226 0.0079 0.0028 0.0010 1.0000 1.0000 1.0000 1.0000 0.5110 0.1789 0.0626 0.0219 0.0077 0.0027 0.0009 1.0000 1.0000 1.0000 1.0000 0.4929 0.1725 0.0604 0.0211 0.0074 0.0026 0.0009 1.0000 1.0000 1.0000 1.0000 0.4647 0.1611 0.0559 0.0193 0.0067 0.0023 0.0008 1.0000 1.0000 1.0000 1.0000 0.3770 0.1290 0.0441 0.0151 0.0052 0.0017 1.0000 1.0000
1.0000 0.0019 0.0050 0.0148 0.0432 0.1263 0.3692 1.0000 1.0000 1.0000 1.0000 0.0008 0.0023 0.0066 0.0192 0.0556 0.1611 0.4664 1.0000 1.0000 1.0000 1.0000 0.0009 0.0026 0.0075 0.0215 0.0617 0.1762 0.5043 1.0000 1.0000 1.0000 1.0000 0.0010 0.0027 0.0078 0.0224 0.0640 0.1830 0.5228 1.0000 1.0000 1.0000 1.0000 0.0010 0.0028 0.0081 0.0231 0.0662 0.2167 0.4638 0.2167 0.0662 0.0231 0.0081 0.0028 0.0010 1.0000 1.0000 1.0000 1.0000 0.5228 0.1830 0.0640 0.0224 0.0078 0.0027 0.0010 1.0000 1.0000 1.0000 1.0000 0.5043 0.1762 0.0617 0.0215 0.0075 0.0026 0.0009 1.0000 1.0000 1.0000 1.0000 0.4664 0.1611 0.0556 0.0192 0.0066 0.0023 0.0008 1.0000 1.0000 1.0000 1.0000 0.3692 0.1263 0.0432 0.0148 0.0050 0.0019 1.0000
0.0008 0.0054 0.0143 0.0423 0.1234 0.3608 1.0000 1.0000 1.0000 1.0000 0.0008 0.0022 0.0065 0.0189 0.0551 0.1602 0.4647 1.0000 1.0000 1.0000 1.0000 0.0009 0.0027 0.0077 0.0220 0.0628 0.1799 0.5149 1.0000 1.0000 1.0000 1.0000 0.0010 0.0028 0.0080 0.0228 0.0654 0.1872 0.5349 1.0000 1.0000 1.0000 1.0000 0.0010 0.0029 0.0083 0.0237 0.0674 0.1934 0.6335 1.0000 0.6335 0.1934 0.0674 0.0237 0.0083 0.0029 0.0010 1.0000 1.0000 1.0000 1.0000 0.5349 0.1872 0.0654 0.0228 0.0080 0.0028 0.0010 1.0000 1.0000 1.0000 1.0000 0.5149 0.1799 0.0628 0.0220 0.0077 0.0027 0.0009 1.0000 1.0000 1.0000 1.0000 0.4647 0.1602 0.0551 0.0189 0.0065 0.0022 0.0008 1.0000 1.0000 1.0000 1.0000 0.3608 0.1234 0.0423 0.0143 0.0054 0.0008
0.0022 0.0154 0.0407 0.1209 0.3527 1.0000 1.0000 1.0000 1.0000 0.0007 0.0022 0.0064 0.0186 0.0543 0.1581 0.4603 1.0000 1.0000 1.0000 1.0000 0.0009 0.0027 0.0078 0.0223 0.0639 0.1833 0.5248 1.0000 1.0000 1.0000 1.0000 0.0010 0.0029 0.0082 0.0234 0.0669 0.1912 0.5472 1.0000 1.0000 1.0000 1.0000 0.0010 0.0030 0.0085 0.0242 0.0692 0.1971 0.5652 1.0000 1.0000 1.0000 0.5652 0.1971 0.0692 0.0242 0.0085 0.0030 0.0010 1.0000 1.0000 1.0000 1.0000 0.5472 0.1912 0.0669 0.0234 0.0082 0.0029 0.0010 1.0000 1.0000 1.0000 1.0000 0.5248 0.1833 0.0639 0.0223 0.0078 0.0027 0.0009 1.0000 1.0000 1.0000 1.0000 0.4603 0.1581 0.0543 0.0186 0.0064 0.0022 0.0007 1.0000 1.0000 1.0000 1.0000 0.3527 0.1209 0.0407 0.0154 0.0022
0.0064 0.0440 0.1164 0.3454 1.0000 1.0000 1.0000 1.0000 0.0007 0.0021 0.0062 0.0183 0.0533 0.1554 0.4533 1.0000 1.0000 1.0000 1.0000 0.0009 0.0027 0.0078 0.0225 0.0648 0.1862 0.5339 1.0000 1.0000 1.0000 1.0000 0.0010 0.0029 0.0083 0.0239 0.0683 0.1952 0.5588 1.0000 1.0000 1.0000 1.0000 0.0011 0.0030 0.0087 0.0247 0.0707 0.2024 0.5761 1.0000 1.0000 1.0000 1.0000 1.0000 0.5761 0.2024 0.0707 0.0247 0.0087 0.0030 0.0011 1.0000 1.0000 1.0000 1.0000 0.5588 0.1956 0.0683 0.0239 0.0083 0.0029 0.0010 1.0000 1.0000 1.0000 1.0000 0.5339 0.1862 0.0648 0.0225 0.0078 0.0027 0.0009 1.0000 1.0000 1.0000 1.0000 0.4533 0.1554 0.0533 0.0183 0.0062 0.0021 0.0007 1.0000 1.0000 1.0000 1.0000 0.3454 0.1164 0.0440 0.0064
0.0183 0.1256 0.3325 0.9868 1.0000 1.0000 1.0000 0.0007 0.0021 0.0061 0.0179 0.0522 0.1525 0.4448 1.0000 1.0000 1.0000 1.0000 0.0009 0.0027 0.0078 0.0226 0.0652 0.1879 0.5410 1.0000 1.0000 1.0000 1.0000 0.0010 0.0030 0.0085 0.0244 0.0698 0.1997 0.5717 1.0000 1.0000 1.0000 1.0000 0.0011 0.0031 0.0089 0.0253 0.0723 0.2067 0.5916 1.0000 1.0000 1.0000 1.0000 1.0000 1.0000 1.0000 0.5916 0.2067 0.0723 0.0253 0.0089 0.0031 0.0011 1.0000 1.0000 1.0000 1.0000 0.5706 0.1997 0.0698 0.0244 0.0085 0.0030 0.0010 1.0000 1.0000 1.0000 1.0000 0.5410 0.1879 0.0652 0.0226 0.0078 0.0027 0.0009 1.0000 1.0000 1.0000 1.0000 0.4448 0.1525 0.0522 0.0179 0.0061 0.0021 0.0007 1.0000 1.0000 1.0000 0.9868 0.3325 0.1256 0.0183
0.0522 0.3588 0.9499 1.0000 1.0000 1.0000 0.0007 0.0020 0.0060 0.0175 0.0511 0.1493 0.4356 1.0000 1.0000 1.0000 1.0000 0.0009 0.0027 0.0078 0.0225 0.0652 0.1886 0.5441 1.0000 1.0000 1.0000 1.0000 0.0011 0.0030 0.0087 0.0249 0.0712 0.2039 0.5838 1.0000 1.0000 1.0000 1.0000 0.0011 0.0032 0.0091 0.0259 0.0740 0.2110 0.6041 1.0000 1.0000 1.0000 1.0000 0.0010 1.0000 1.0000 1.0000 1.0000 0.6041 0.2110 0.0740 0.0259 0.0091 0.0032 0.0011 1.0000 1.0000 1.0000 1.0000 0.5838 0.2039 0.0712 0.0249 0.0087 0.0030 0.0011 1.0000 1.0000 1.0000 1.0000 0.5441 0.1886 0.0652 0.0225 0.0078 0.0027 0.0009 1.0000 1.0000 1.0000 1.0000 0.4356 0.1493 0.0511 0.0175 0.0060 0.0020 0.0007 1.0000 1.0000 1.0000 0.9499 0.3588 0.0522
0.1490 1.0000 1.0000 1.0000 1.0000 0.0007 0.0020 0.0058 0.0171 0.0499 0.1459 0.4266 1.0000 1.0000 1.0000 1.0000 0.0009 0.0026 0.0077 0.0223 0.0648 0.1879 0.5441 1.0000 1.0000 1.0000 1.0000 0.0011 0.0031 0.0089 0.0254 0.0728 0.2083 0.5961 1.0000 1.0000 1.0000 1.0000 0.0011 0.0032 0.0093 0.0265 0.0757 0.2163 0.6181 1.0000 1.0000 1.0000 1.0000 0.0013 0.0029 0.0013 1.0000 1.0000 1.0000 1.0000 0.6181 0.2163 0.0757 0.0265 0.0093 0.0032 0.0011 1.0000 1.0000 1.0000 1.0000 0.5961 0.2083 0.0728 0.0254 0.0089 0.0031 0.0011 1.0000 1.0000 1.0000 1.0000 0.5441 0.1879 0.0648 0.0223 0.0077 0.0026 0.0009 1.0000 1.0000 1.0000 1.0000 0.4266 0.1459 0.0499 0.0171 0.0058 0.0020 0.0007 1.0000 1.0000 1.0000 1.0000 0.1490
0.4257 1.0000 1.0000 1.0000 0.0007 0.0020 0.0057 0.0167 0.0488 0.1426 0.4169 1.0000 1.0000 1.0000 1.0000 0.0009 0.0026 0.0075 0.0220 0.0639 0.1862 0.5410 1.0000 1.0000 1.0000 1.0000 0.0011 0.0031 0.0090 0.0259 0.0741 0.2123 0.6076 1.0000 1.0000 1.0000 1.0000 0.0012 0.0033 0.0095 0.0271 0.0775 0.2213 0.6323 1.0000 1.0000 1.0000 1.0000 0.0012 0.0039 0.0084 0.0039 0.0012 1.0000 1.0000 1.0000 1.0000 0.6323 0.2213 0.0775 0.0271 0.0095 0.0033 0.0012 1.0000 1.0000 1.0000 1.0000 0.6076 0.2123 0.0741 0.0259 0.0090 0.0031 0.0011 1.0000 1.0000 1.0000 1.0000 0.5410 0.1862 0.0639 0.0220 0.0075 0.0026 0.0009 1.0000 1.0000 1.0000 1.0000 0.4169 0.1426 0.0488 0.0167 0.0057 0.0020 0.0007 1.0000 1.0000 1.0000 0.4257
1.0000 1.0000 1.0000 0.0007 0.0019 0.0056 0.0163 0.0477 0.1394 0.4075 1.0000 1.0000 1.0000 1.0000 0.0009 0.0025 0.0074 0.0215 0.0628 0.1833 0.5339 1.0000 1.0000 1.0000 1.0000 0.0011 0.0032 0.0091 0.0262 0.0753 0.2159 0.6192 1.0000 1.0000 1.0000 1.0000 0.0012 0.0034 0.0097 0.0277 0.0793 0.2264 0.6469 1.0000 1.0000 1.0000 1.0000 0.0012 0.0035 0.0115 0.0246 0.0115 0.0035 0.0012 1.0000 1.0000 1.0000 1.0000 0.6469 0.2264 0.0793 0.0277 0.0097 0.0034 0.0012 1.0000 1.0000 1.0000 1.0000 0.6192 0.2159 0.0753 0.0262 0.0091 0.0032 0.0011 1.0000 1.0000 1.0000 1.0000 0.5339 0.1833 0.0628 0.0215 0.0074 0.0025 0.0009 1.0000 1.0000 1.0000 1.0000 0.4075 0.1394 0.0477 0.0163 0.0056 0.0019 0.0007 1.0000 1.0000 1.0000
1.0000 1.0000 1.0000 0.0019 0.0055 0.0159 0.0466 0.1363 0.3983 1.0000 1.0000 1.0000 1.0000 0.0008 0.0025 0.0072 0.0211 0.0617 0.1799 0.5248 1.0000 1.0000 1.0000 1.0000 0.0011 0.0032 0.0091 0.0264 0.0760 0.2188 0.6287 1.0000 1.0000 1.0000 1.0000 0.0012 0.0035 0.0099 0.0283 0.0809 0.2317 0.6619 1.0000 1.0000 1.0000 1.0000 0.0013 0.0036 0.0103 0.0336 0.0719 0.0336 0.0103 0.0036 0.0013 1.0000 1.0000 1.0000 1.0000 0.6619 0.2317 0.0809 0.0283 0.0099 0.0035 0.0012 1.0000 1.0000 1.0000 1.0000 0.6287 0.2188 0.0760 0.0264 0.0091 0.0032 0.0011 1.0000 1.0000 1.0000 1.0000 0.5248 0.1799 0.0617 0.0211 0.0072 0.0025 0.0008 1.0000 1.0000 1.0000 1.0000 0.3983 0.1363 0.0466 0.0159 0.0055 0.0019 1.0000 1.0000 1.0000
1.0000 1.0000 0.0018 0.0053 0.0156 0.0456 0.1332 0.3893 1.0000 1.0000 1.0000 1.0000 0.0008 0.0024 0.0071 0.0207 0.0604 0.1762 0.5149 1.0000 1.0000 1.0000 1.0000 0.0011 0.0031 0.0091 0.0264 0.0763 0.2201 0.6347 1.0000 1.0000 1.0000 1.0000 0.0012 0.0035 0.0101 0.0289 0.0826 0.2366 0.6759 1.0000 1.0000 1.0000 1.0000 0.0013 0.0037 0.0105 0.0300 0.0983 0.2102 0.0983 0.0300 0.0105 0.0037 0.0013 1.0000 1.0000 1.0000 1.0000 0.6759 0.2366 0.0826 0.0289 0.0101 0.0035 0.0012 1.0000 1.0000 1.0000 1.0000 0.6347 0.2201 0.0763 0.0264 0.0091 0.0031 0.0011 1.0000 1.0000 1.0000 1.0000 0.5149 0.1762 0.0604 0.0207 0.0071 0.0024 0.0008 1.0000 1.0000 1.0000 1.0000 0.3893 0.1332 0.0456 0.0156 0.0053 0.0018 1.0000 1.0000
1.0000 0.0019 0.0051 0.0153 0.0445 0.1302 0.3806 1.0000 1.0000 1.0000 1.0000 0.0008 0.0024 0.0069 0.0202 0.0590 0.1725 0.5043 1.0000 1.0000 1.0000 1.0000 0.0011 0.0031 0.0090 0.0262 0.0760 0.2201 0.6372 1.0000 1.0000 1.0000 1.0000 0.0013 0.0036 0.0103 0.0294 0.0842 0.2411 0.6901 1.0000 1.0000 1.0000 1.0000 0.0013 0.0038 0.0107 0.0306 0.0877 0.2872 0.6146 0.2872 0.0877 0.0306 0.0107 0.0038 0.0013 1.0000 1.0000 1.0000 1.0000 0.6901 0.2411 0.0842 0.0294 0.0103 0.0036 0.0013 1.0000 1.0000 1.0000 1.0000 0.6372 0.2201 0.0760 0.0262 0.0090 0.0031 0.0011 1.0000 1.0000 1.0000 1.0000 0.5043 0.1725 0.0590 0.0202 0.0069 0.0024 0.0008 1.0000 1.0000 1.0000 1.0000 0.3806 0.1302 0.0445 0.0153 0.0051 0.0019 1.0000
0.0008 0.0056 0.0147 0.0436 0.1273 0.3720 1.0000 1.0000 1.0000 1.0000 0.0008 0.0023 0.0068 0.0197 0.0577 0.1686 0.4929 1.0000 1.0000 1.0000 1.0000 0.0010 0.0030 0.0089 0.0259 0.0753 0.2188 0.6347 1.0000 1.0000 1.0000 1.0000 0.0013 0.0036 0.0105 0.0300 0.0858 0.2457 0.7034 1.0000 1.0000 1.0000 1.0000 0.0013 0.0038 0.0110 0.0314 0.0893 0.2562 0.8395 1.0000 0.8395 0.2562 0.0893 0.0314 0.0110 0.0038 0.0013 1.0000 1.0000 1.0000 1.0000 0.7034 0.2457 0.0858 0.0300 0.0105 0.0036 0.0013 1.0000 1.0000 1.0000 1.0000 0.6347 0.2188 0.0753 0.0259 0.0089 0.0030 0.0010 1.0000 1.0000 1.0000 1.0000 0.4929 0.1686 0.0577 0.0197 0.0068 0.0023 0.0008 1.0000 1.0000 1.0000 1.0000 0.3720 0.1273 0.0436 0.0147 0.0056 0.0008
0.0023 0.0159 0.0420 0.1246 0.3636 1.0000 1.0000 1.0000 1.0000 0.0008 0.0023 0.0066 0.0193 0.0564 0.1648 0.4818 1.0000 1.0000 1.0000 1.0000 0.0010 0.0030 0.0087 0.0254 0.0741 0.2159 0.6287 1.0000 1.0000 1.0000 1.0000 0.0013 0.0037 0.0106 0.0304 0.0873 0.2504 0.7169 1.0000 1.0000 1.0000 1.0000 0.0014 0.0039 0.0112 0.0321 0.0918 0.2611 0.7490 1.0000 1.0000 1.0000 0.7490 0.2611 0.0918 0.0321 0.0112 0.0039 0.0014 1.0000 1.0000 1.0000 1.0000 0.7169 0.2504 0.0873 0.0304 0.0106 0.0037 0.0013 1.0000 1.0000 1.0000 1.0000 0.6287 0.2159 0.0741 0.0254 0.0087 0.0030 0.0010 1.0000 1.0000 1.0000 1.0000 0.4818 0.1648 0.0564 0.0193 0.0066 0.0023 0.0008 1.0000 1.0000 1.0000 1.0000 0.3636 0.1246 0.0420 0.0159 0.0023
0.0066 0.0453 0.1200 0.3561 1.0000 1.0000 1.0000 1.0000 0.0008 0.0022 0.0065 0.0189 0.0551 0.1611 0.4709 1.0000 1.0000 1.0000 1.0000 0.0010 0.0029 0.0085 0.0249 0.0728 0.2123 0.6192 1.0000 1.0000 1.0000 1.0000 0.0013 0.0037 0.0107 0.0307 0.0885 0.2543 0.7293 1.0000 1.0000 1.0000 1.0000 0.0014 0.0040 0.0115 0.0327 0.0937 0.2682 0.7633 1.0000 1.0000 1.0000 1.0000 1.0000 0.7633 0.2682 0.0937 0.0327 0.0115 0.0040 0.0014 1.0000 1.0000 1.0000 1.0000 0.7293 0.2543 0.0885 0.0307 0.0107 0.0037 0.0013 1.0000 1.0000 1.0000 1.0000 0.6192 0.2123 0.0728 0.0249 0.0085 0.0029 0.0010 1.0000 1.0000 1.0000 1.0000 0.4709 0.1611 0.0551 0.0189 0.0065 0.0022 0.0008 1.0000 1.0000 1.0000 1.0000 0.3561 0.1200 0.0453 0.0066
0.0188 0.1295 0.3434 1.0000 1.0000 1.0000 1.0000 0.0007 0.0022 0.0063 0.0184 0.0539 0.1572 0.4603 1.0000 1.0000 1.0000 1.0000 0.0010 0.0029 0.0083 0.0245 0.0714 0.2083 0.6076 1.0000 1.0000 1.0000 1.0000 0.0013 0.0037 0.0107 0.0309 0.0890 0.2567 0.7391 1.0000 1.0000 1.0000 1.0000 0.0014 0.0041 0.0117 0.0334 0.0957 0.2739 0.7824 1.0000 1.0000 1.0000 1.0000 1.0000 1.0000 1.0000 0.7824 0.2739 0.0957 0.0334 0.0117 0.0041 0.0014 1.0000 1.0000 1.0000 1.0000 0.7391 0.2567 0.0890 0.0309 0.0107 0.0037 0.0013 1.0000 1.0000 1.0000 1.0000 0.6076 0.2083 0.0712 0.0244 0.0083 0.0029 0.0010 1.0000 1.0000 1.0000 1.0000 0.4603 0.1572 0.0539 0.0184 0.0063 0.0022 0.0007 1.0000 1.0000 1.0000 1.0000 0.3434 0.1295 0.0188
0.0539 0.3713 0.9793 1.0000 1.0000 1.0000 0.0007 0.0021 0.0062 0.0180 0.0527 0.1539 0.4499 1.0000 1.0000 1.0000 1.0000 0.0010 0.0028 0.0082 0.0239 0.0698 0.2039 0.5961 1.0000 1.0000 1.0000 1.0000 0.0013 0.0036 0.0106 0.0307 0.0890 0.2577 0.7433 1.0000 1.0000 1.0000 1.0000 0.0015 0.0042 0.0119 0.0341 0.0975 0.2791 0.7990 1.0000 1.0000 1.0000 1.0000 0.0013 1.0000 1.0000 1.0000 1.0000 0.7990 0.2791 0.0975 0.0341 0.0119 0.0042 0.0015 1.0000 1.0000 1.0000 1.0000 0.7433 0.2577 0.0890 0.0307 0.0106 0.0036 0.0013 1.0000 1.0000 1.0000 1.0000 0.5961 0.2039 0.0698 0.0239 0.0082 0.0028 0.0010 1.0000 1.0000 1.0000 1.0000 0.4499 0.1539 0.0527 0.0180 0.0062 0.0021 0.0007 1.0000 1.0000 1.0000 0.9793 0.3713 0.0539
0.1539 1.0000 1.0000 1.0000 1.0000 0.0007 0.0021 0.0060 0.0176 0.0516 0.1507 0.4406 1.0000 1.0000 1.0000 1.0000 0.0009 0.0027 0.0080 0.0234 0.0683 0.1997 0.5838 1.0000 1.0000 1.0000 1.0000 0.0012 0.0036 0.0105 0.0304 0.0885 0.2567 0.7433 1.0000 1.0000 1.0000 1.0000 0.0015 0.0042 0.0121 0.0347 0.0994 0.2845 0.8143 1.0000 1.0000 1.0000 1.0000 0.0018 0.0038 0.0018 1.0000 1.0000 1.0000 1.0000 0.8143 0.2845 0.0994 0.0347 0.0121 0.0042 0.0015 1.0000 1.0000 1.0000 1.0000 0.7433 0.2567 0.0885 0.0304 0.0105 0.0036 0.0012 1.0000 1.0000 1.0000 1.0000 0.5838 0.1997 0.0683 0.0234 0.0080 0.0027 0.0009 1.0000 1.0000 1.0000 1.0000 0.4406 0.1507 0.0516 0.0176 0.0060 0.0021 0.0007 1.0000 1.0000 1.0000 1.0000 0.1539
0.4406 1.0000 1.0000 1.0000 0.0007 0.0020 0.0059 0.0173 0.0504 0.1476 0.4306 1.0000 1.0000 1.0000 1.0000 0.0009 0.0027 0.0078 0.0228 0.0669 0.1952 0.5717 1.0000 1.0000 1.0000 1.0000 0.0012 0.0035 0.0103 0.0300 0.0873 0.2543 0.7391 1.0000 1.0000 1.0000 1.0000 0.0015 0.0043 0.0123 0.0353 0.1013 0.2899 0.8300 1.0000 1.0000 1.0000 1.0000 0.0016 0.0052 0.0111 0.0052 0.0016 1.0000 1.0000 1.0000 1.0000 0.8300 0.2899 0.1013 0.0353 0.0123 0.0043 0.0015 1.0000 1.0000 1.0000 1.0000 0.7391 0.2543 0.0873 0.0300 0.0103 0.0035 0.0012 1.0000 1.0000 1.0000 1.0000 0.5717 0.1952 0.0669 0.0228 0.0078 0.0027 0.0009 1.0000 1.0000 1.0000 1.0000 0.4306 0.1476 0.0504 0.0173 0.0059 0.0020 0.0007 1.0000 1.0000 1.0000 0.4406
1.0000 1.0000 1.0000 0.0007 0.0020 0.0058 0.0169 0.0494 0.1443 0.4217 1.0000 1.0000 1.0000 1.0000 0.0009 0.0026 0.0077 0.0224 0.0654 0.1912 0.5588 1.0000 1.0000 1.0000 1.0000 0.0012 0.0035 0.0101 0.0294 0.0858 0.2504 0.7293 1.0000 1.0000 1.0000 1.0000 0.0015 0.0043 0.0124 0.0358 0.1028 0.2949 0.8459 1.0000 1.0000 1.0000 1.0000 0.0016 0.0046 0.0152 0.0325 0.0152 0.0046 0.0016 1.0000 1.0000 1.0000 1.0000 0.8459 0.2949 0.1028 0.0358 0.0124 0.0043 0.0015 1.0000 1.0000 1.0000 1.0000 0.7293 0.2504 0.0858 0.0294 0.0101 0.0035 0.0012 1.0000 1.0000 1.0000 1.0000 0.5588 0.1912 0.0654 0.0224 0.0077 0.0026 0.0009 1.0000 1.0000 1.0000 1.0000 0.4217 0.1443 0.0494 0.0169 0.0058 0.0020 0.0007 1.0000 1.0000 1.0000
1.0000 1.0000 0.0007 0.0019 0.0057 0.0165 0.0483 0.1413 0.4130 1.0000 1.0000 1.0000 1.0000 0.0009 0.0026 0.0075 0.0219 0.0640 0.1872 0.5472 1.0000 1.0000 1.0000 1.0000 0.0012 0.0034 0.0099 0.0289 0.0842 0.2457 0.7169 1.0000 1.0000 1.0000 1.0000 0.0015 0.0043 0.0125 0.0360 0.1038 0.2989 0.8589 1.0000 1.0000 1.0000 1.0000 0.0016 0.0047 0.0135 0.0443 0.0948 0.0443 0.0135 0.0047 0.0016 1.0000 1.0000 1.0000 1.0000 0.8589 0.2989 0.1038 0.0360 0.0125 0.0043 0.0015 1.0000 1.0000 1.0000 1.0000 0.7169 0.2457 0.0842 0.0289 0.0099 0.0034 0.0012 1.0000 1.0000 1.0000 1.0000 0.5472 0.1872 0.0640 0.0219 0.0075 0.0026 0.0009 1.0000 1.0000 1.0000 1.0000 0.4130 0.1413 0.0483 0.0165 0.0057 0.0019 0.0007 1.0000 1.0000
1.0000 0.0007 0.0019 0.0055 0.0162 0.0472 0.1381 0.4037 1.0000 1.0000 1.0000 1.0000 0.0009 0.0025 0.0073 0.0214 0.0626 0.1830 0.5349 1.0000 1.0000 1.0000 1.0000 0.0011 0.0033 0.0097 0.0283 0.0826 0.2411 0.7034 1.0000 1.0000 1.0000 1.0000 0.0015 0.0043 0.0124 0.0360 0.1042 0.3006 0.8671 1.0000 1.0000 1.0000 1.0000 0.0017 0.0048 0.0137 0.0394 0.1292 0.2765 0.1292 0.0394 0.0137 0.0048 0.0017 1.0000 1.0000 1.0000 1.0000 0.8671 0.3006 0.1042 0.0360 0.0124 0.0043 0.0015 1.0000 1.0000 1.0000 1.0000 0.7034 0.2411 0.0826 0.0283 0.0097 0.0033 0.0011 1.0000 1.0000 1.0000 1.0000 0.5349 0.1830 0.0626 0.0214 0.0073 0.0025 0.0009 1.0000 1.0000 1.0000 1.0000 0.4037 0.1381 0.0472 0.0162 0.0055 0.0019 0.0007 1.0000
1.0000 0.0020 0.0053 0.0158 0.0462 0.1350 0.3946 1.0000 1.0000 1.0000 1.0000 0.0008 0.0025 0.0072 0.0209 0.0612 0.1789 0.5228 1.0000 1.0000 1.0000 1.0000 0.0011 0.0032 0.0095 0.0277 0.0809 0.2366 0.6901 1.0000 1.0000 1.0000 1.0000 0.0015 0.0042 0.0123 0.0358 0.1038 0.3006 0.8704 1.0000 1.0000 1.0000 1.0000 0.0017 0.0049 0.0140 0.0400 0.1151 0.3770 0.8066 0.3770 0.1151 0.0400 0.0140 0.0049 0.0017 1.0000 1.0000 1.0000 1.0000 0.8704 0.3006 0.1038 0.0358 0.0123 0.0042 0.0015 1.0000 1.0000 1.0000 1.0000 0.6901 0.2366 0.0809 0.0277 0.0095 0.0032 0.0011 1.0000 1.0000 1.0000 1.0000 0.5228 0.1789 0.0612 0.0209 0.0072 0.0025 0.0008 1.0000 1.0000 1.0000 1.0000 0.3946 0.1350 0.0462 0.0158 0.0053 0.0020 1.0000
0.0008 0.0058 0.0152 0.0452 0.1319 0.3857 1.0000 1.0000 1.0000 1.0000 0.0008 0.0024 0.0070 0.0205 0.0598 0.1748 0.5110 1.0000 1.0000 1.0000 1.0000 0.0011 0.0032 0.0093 0.0271 0.0793 0.2317 0.6759 1.0000 1.0000 1.0000 1.0000 0.0014 0.0042 0.0121 0.0353 0.1028 0.2989 0.8671 1.0000 1.0000 1.0000 1.0000 0.0017 0.0050 0.0143 0.0410 0.1168 0.3357 1.0000 1.0000 1.0000 0.3357 0.1168 0.0410 0.0143 0.0050 0.0017 1.0000 1.0000 1.0000 1.0000 0.8671 0.2989 0.1028 0.0353 0.0121 0.0042 0.0014 1.0000 1.0000 1.0000 1.0000 0.6759 0.2317 0.0793 0.0271 0.0093 0.0032 0.0011 1.0000 1.0000 1.0000 1.0000 0.5110 0.1748 0.0598 0.0205 0.0070 0.0024 0.0008 1.0000 1.0000 1.0000 1.0000 0.3857 0.1319 0.0452 0.0152 0.0058 0.0008
0.0024 0.0164 0.0435 0.1292 0.3770 1.0000 1.0000 1.0000 1.0000 0.0008 0.0023 0.0068 0.0200 0.0585 0.1709 0.4995 1.0000 1.0000 1.0000 1.0000 0.0011 0.0031 0.0091 0.0265 0.0775 0.2264 0.6619 1.0000 1.0000 1.0000 1.0000 0.0014 0.0041 0.0119 0.0347 0.1013 0.2949 0.8589 1.0000 1.0000 1.0000 1.0000 0.0017 0.0050 0.0145 0.0416 0.1193 0.3408 0.9793 1.0000 1.0000 1.0000 0.9793 0.3408 0.1193 0.0416 0.0145 0.0050 0.0017 1.0000 1.0000 1.0000 1.0000 0.8589 0.2949 0.1013 0.0347 0.0119 0.0041 0.0014 1.0000 1.0000 1.0000 1.0000 0.6619 0.2264 0.0775 0.0265 0.0091 0.0031 0.0011 1.0000 1.0000 1.0000 1.0000 0.4995 0.1709 0.0585 0.0200 0.0068 0.0023 0.0008 1.0000 1.0000 1.0000 1.0000 0.3770 0.1292 0.0435 0.0164 0.0024
0.0068 0.0469 0.1246 0.3685 1.0000 1.0000 1.0000 1.0000 0.0008 0.0023 0.0067 0.0195 0.0571 0.1670 0.4882 1.0000 1.0000 1.0000 1.0000 0.0010 0.0030 0.0089 0.0259 0.0757 0.2213 0.6469 1.0000 1.0000 1.0000 1.0000 0.0014 0.0040 0.0117 0.0341 0.0994 0.2899 0.8459 1.0000 1.0000 1.0000 1.0000 0.0017 0.0050 0.0146 0.0420 0.1209 0.3474 0.9924 1.0000 1.0000 1.0000 1.0000 1.0000 0.9924 0.3474 0.1209 0.0420 0.0146 0.0050 0.0017 1.0000 1.0000 1.0000 1.0000 0.8459 0.2899 0.0994 0.0341 0.0117 0.0040 0.0014 1.0000 1.0000 1.0000 1.0000 0.6469 0.2213 0.0757 0.0259 0.0089 0.0030 0.0010 1.0000 1.0000 1.0000 1.0000 0.4882 0.1670 0.0571 0.0195 0.0067 0.0023 0.0008 1.0000 1.0000 1.0000 1.0000 0.3692 0.1244 0.0470 0.0068
0.0195 0.1345 0.3561 1.0000 1.0000 1.0000 1.0000 0.0008 0.0022 0.0065 0.0191 0.0559 0.1629 0.4772 1.0000 1.0000 1.0000 1.0000 0.0010 0.0030 0.0086 0.0253 0.0739 0.2163 0.6311 1.0000 1.0000 1.0000 1.0000 0.0013 0.0039 0.0115 0.0334 0.0975 0.2845 0.8300 1.0000 1.0000 1.0000 1.0000 0.0017 0.0050 0.0146 0.0422 0.1216 0.3507 1.0000 1.0000 1.0000 1.0000 1.0000 1.0000 1.0000 1.0000 1.0000 0.3507 0.1216 0.0422 0.0146 0.0050 0.0017 1.0000 1.0000 1.0000 1.0000 0.8300 0.2845 0.0975 0.0334 0.0115 0.0039 0.0013 1.0000 1.0000 1.0000 1.0000 0.6323 0.2163 0.0740 0.0253 0.0087 0.0030 0.0010 1.0000 1.0000 1.0000 1.0000 0.4772 0.1633 0.0559 0.0191 0.0065 0.0022 0.0008 1.0000 1.0000 1.0000 1.0000 0.3561 0.1340 0.0195
0.0559 0.3842 1.0000 1.0000 1.0000 1.0000 0.0007 0.0022 0.0064 0.0187 0.0546 0.1596 0.4664 1.0000 1.0000 1.0000 1.0000 0.0010 0.0029 0.0085 0.0247 0.0723 0.2114 0.6181 1.0000 1.0000 1.0000 1.0000 0.0013 0.0038 0.0112 0.0328 0.0957 0.2791 0.8143 1.0000 1.0000 1.0000 1.0000 0.0017 0.0050 0.0145 0.0420 0.1216 0.3520 1.0000 1.0000 1.0000 1.0000 0.0008 0.0017 0.0008 1.0000 1.0000 1.0000 1.0000 0.3520 0.1216 0.0420 0.0145 0.0050 0.0017 1.0000 1.0000 1.0000 1.0000 0.8143 0.2791 0.0957 0.0327 0.0112 0.0038 0.0013 1.0000 1.0000 1.0000 1.0000 0.6181 0.2110 0.0723 0.0247 0.0085 0.0029 0.0010 1.0000 1.0000 1.0000 1.0000 0.4656 0.1596 0.0545 0.0187 0.0064 0.0022 0.0007 1.0000 1.0000 1.0000 1.0000 0.3842 0.0556
0.1599 1.0000 1.0000 1.0000 1.0000 0.0007 0.0021 0.0063 0.0183 0.0535 0.1563 0.4568 1.0000 1.0000 1.0000 1.0000 0.0010 0.0028 0.0083 0.0242 0.0708 0.2071 0.6053 1.0000 1.0000 1.0000 1.0000 0.0013 0.0038 0.0110 0.0321 0.0939 0.2739 0.7990 1.0000 1.0000 1.0000 1.0000 0.0017 0.0049 0.0143 0.0416 0.1209 0.3507 1.0000 1.0000 1.0000 1.0000 0.0007 0.0023 0.0049 0.0023 0.0007 1.0000 1.0000 1.0000 1.0000 0.3507 0.1209 0.0416 0.0143 0.0049 0.0017 1.0000 1.0000 1.0000 1.0000 0.7990 0.2739 0.0937 0.0321 0.0110 0.0038 0.0013 1.0000 1.0000 1.0000 1.0000 0.6041 0.2067 0.0707 0.0242 0.0083 0.0028 0.0010 1.0000 1.0000 1.0000 1.0000 0.4559 0.1560 0.0534 0.0183 0.0062 0.0021 0.0007 1.0000 1.0000 1.0000 1.0000 0.1596
0.4568 1.0000 1.0000 1.0000 0.0007 0.0021 0.0061 0.0179 0.0524 0.1530 0.4473 1.0000 1.0000 1.0000 1.0000 0.0010 0.0028 0.0081 0.0237 0.0694 0.2028 0.5927 1.0000 1.0000 1.0000 1.0000 0.0013 0.0037 0.0108 0.0314 0.0919 0.2682 0.7839 1.0000 1.0000 1.0000 1.0000 0.0016 0.0048 0.0140 0.0410 0.1193 0.3474 1.0000 1.0000 1.0000 1.0000 0.0007 0.0020 0.0067 0.0144 0.0067 0.0020 0.0007 1.0000 1.0000 1.0000 1.0000 0.3474 0.1193 0.0410 0.0140 0.0048 0.0016 1.0000 1.0000 1.0000 1.0000 0.7824 0.2682 0.0918 0.0314 0.0107 0.0037 0.0013 1.0000 1.0000 1.0000 1.0000 0.5916 0.2024 0.0692 0.0237 0.0081 0.0028 0.0009 1.0000 1.0000 1.0000 1.0000 0.4465 0.1527 0.0523 0.0179 0.0061 0.0021 0.0007 1.0000 1.0000 1.0000 0.4568
1.0000 1.0000 1.0000 0.0007 0.0020 0.0060 0.0175 0.0512 0.1496 0.4372 1.0000 1.0000 1.0000 1.0000 0.0009 0.0027 0.0079 0.0232 0.0678 0.1982 0.5794 1.0000 1.0000 1.0000 1.0000 0.0012 0.0036 0.0105 0.0307 0.0899 0.2626 0.7677 1.0000 1.0000 1.0000 1.0000 0.0016 0.0047 0.0138 0.0402 0.1173 0.3421 0.9962 1.0000 1.0000 1.0000 0.0007 0.0020 0.0059 0.0195 0.0418 0.0194 0.0058 0.0020 0.0007 1.0000 1.0000 1.0000 0.9924 0.3408 0.1168 0.0400 0.0137 0.0047 0.0016 1.0000 1.0000 1.0000 1.0000 0.7633 0.2611 0.0893 0.0306 0.0105 0.0036 0.0012 1.0000 1.0000 1.0000 1.0000 0.5761 0.1971 0.0674 0.0231 0.0079 0.0027 0.0009 1.0000 1.0000 1.0000 1.0000 0.4347 0.1487 0.0509 0.0174 0.0060 0.0020 0.0007 1.0000 1.0000 1.0000
1.0000 1.0000 0.0007 0.0020 0.0058 0.0171 0.0499 0.1462 0.4266 1.0000 1.0000 1.0000 1.0000 0.0009 0.0026 0.0078 0.0226 0.0663 0.1934 0.5663 1.0000 1.0000 1.0000 1.0000 0.0012 0.0035 0.0103 0.0300 0.0877 0.2567 0.7490 1.0000 1.0000 1.0000 1.0000 0.0016 0.0046 0.0135 0.0394 0.1151 0.3357 0.9793 1.0000 1.0000 1.0000 0.0007 0.0020 0.0059 0.0170 0.0562 0.1230 0.0586 0.0181 0.0058 0.0020 0.0007 1.0000 1.0000 1.0000 0.9793 0.3357 0.1151 0.0394 0.0135 0.0046 0.0016 1.0000 1.0000 1.0000 1.0000 0.7490 0.2562 0.0877 0.0300 0.0103 0.0035 0.0012 1.0000 1.0000 1.0000 1.0000 0.5652 0.1934 0.0662 0.0226 0.0077 0.0026 0.0009 1.0000 1.0000 1.0000 1.0000 0.4266 0.1459 0.0499 0.0171 0.0058 0.0020 0.0007 1.0000 1.0000
1.0000 0.0007 0.0019 0.0057 0.0167 0.0489 0.1429 0.4177 1.0000 1.0000 1.0000 1.0000 0.0009 0.0026 0.0076 0.0222 0.0648 0.1894 0.5535 1.0000 1.0000 1.0000 1.0000 0.0012 0.0034 0.0100 0.0294 0.0858 0.2509 0.7335 1.0000 1.0000 1.0000 1.0000 0.0016 0.0045 0.0133 0.0387 0.1129 0.3293 0.9608 1.0000 1.0000 1.0000 0.0007 0.0020 0.0059 0.0170 0.0489 0.1654 0.3601 0.1706 0.0625 0.0218 0.0066 0.0023 0.0008 1.0000 1.0000 1.0000 1.0000 0.3770 0.1292 0.0443 0.0152 0.0052 0.0018 1.0000 1.0000 1.0000 1.0000 0.8395 0.2872 0.0983 0.0336 0.0115 0.0039 0.0013 1.0000 1.0000 1.0000 1.0000 0.6335 0.2167 0.0741 0.0254 0.0087 0.0030 0.0010 1.0000 1.0000 1.0000 1.0000 0.4781 0.1636 0.0560 0.0191 0.0066 0.0022 0.0008 1.0000
0.0003 0.0021 0.0055 0.0164 0.0479 0.1400 0.4091 1.0000 1.0000 1.0000 1.0000 0.0009 0.0025 0.0074 0.0217 0.0634 0.1854 0.5421 1.0000 1.0000 1.0000 1.0000 0.0012 0.0034 0.0098 0.0288 0.0841 0.2457 0.7183 1.0000 1.0000 1.0000 1.0000 0.0015 0.0045 0.0130 0.0380 0.1108 0.3231 0.9427 1.0000 1.0000 1.0000 0.0007 0.0020 0.0058 0.0169 0.0486 0.1424 0.5043 0.7576 0.1389 0.0168 0.0434 0.0152 0.0050 0.0017 1.0000 1.0000 1.0000 1.0000 0.8051 0.2765 0.0948 0.0325 0.0111 0.0038 0.0013 1.0000 1.0000 1.0000 1.0000 0.6146 0.2102 0.0719 0.0246 0.0084 0.0029 0.0010 1.0000 1.0000 1.0000 1.0000 0.4638 0.1587 0.0543 0.0186 0.0064 0.0022 1.0000 1.0000 1.0000 1.0000 1.0000 0.3500 0.1200 0.0410 0.0141 0.0048 0.0018 1.0000
0.0009 0.0060 0.0158 0.0470 0.1371 0.4006 1.0000 1.0000 1.0000 1.0000 0.0009 0.0025 0.0073 0.0213 0.0621 0.1816 0.5308 1.0000 1.0000 1.0000 1.0000 0.0011 0.0033 0.0096 0.0282 0.0823 0.2406 0.7034 1.0000 1.0000 1.0000 1.0000 0.0015 0.0044 0.0127 0.0372 0.1087 0.3171 0.9250 1.0000 1.0000 1.0000 0.0007 0.0019 0.0057 0.0166 0.0483 0.1400 0.4114 1.0000 1.0000 1.0000 0.0009 0.0115 0.0081 0.0023 0.0008 1.0000 1.0000 1.0000 1.0000 0.3770 0.1292 0.0443 0.0152 0.0052 0.0018 1.0000 1.0000 1.0000 1.0000 0.8395 0.2872 0.0983 0.0336 0.0115 0.0039 0.0013 1.0000 1.0000 1.0000 1.0000 0.6335 0.2167 0.0741 0.0254 0.0087 0.0030 0.0010 1.0000 1.0000 1.0000 1.0000 0.4781 0.1636 0.0560 0.0191 0.0066 0.0022 0.0008 1.0000
0.0025 0.0171 0.0452 0.1340 0.3908 1.0000 1.0000 1.0000 1.0000 0.0008 0.0024 0.0071 0.0207 0.0607 0.1772 0.5189 1.0000 1.0000 1.0000 1.0000 0.0011 0.0032 0.0094 0.0275 0.0803 0.2352 0.6862 1.0000 1.0000 1.0000 1.0000 0.0015 0.0043 0.0125 0.0365 0.1064 0.3111 0.9076 1.0000 1.0000 1.0000 0.0007 0.0019 0.0056 0.0163 0.0474 0.1384 0.4021 1.0000 1.0000 1.0000 1.0000 0.0013 0.0061 0.0024 0.0007 1.0000 1.0000 1.0000 0.9774 0.3357 0.1151 0.0394 0.0135 0.0046 0.0016 1.0000 1.0000 1.0000 1.0000 0.7490 0.2562 0.0877 0.0300 0.0103 0.0035 0.0012 1.0000 1.0000 1.0000 1.0000 0.5652 0.1934 0.0662 0.0226 0.0077 0.0026 0.0009 1.0000 1.0000 1.0000 1.0000 0.4266 0.1459 0.0499 0.0171 0.0058 0.0020 0.0007 1.0000 1.0000
0.0070 0.0483 0.1285 0.3806 1.0000 1.0000 1.0000 1.0000 0.0008 0.0024 0.0069 0.0202 0.0589 0.1722 0.5033 1.0000 1.0000 1.0000 1.0000 0.0011 0.0031 0.0091 0.0267 0.0781 0.2282 0.6669 1.0000 1.0000 1.0000 1.0000 0.0014 0.0041 0.0121 0.0354 0.1034 0.3023 0.8837 1.0000 1.0000 1.0000 1.0000 0.0019 0.0054 0.0158 0.0462 0.1347 0.3931 1.0000 1.0000 1.0000 1.0000 0.0005 0.0046 0.0030 0.0007 1.0000 1.0000 1.0000 0.9924 0.3408 0.1168 0.0400 0.0137 0.0047 0.0016 1.0000 1.0000 1.0000 1.0000 0.7633 0.2611 0.0893 0.0306 0.0105 0.0036 0.0012 1.0000 1.0000 1.0000 1.0000 0.5761 0.1971 0.0674 0.0231 0.0079 0.0027 0.0009 1.0000 1.0000 1.0000 1.0000 0.4347 0.1487 0.0509 0.0174 0.0060 0.0020 0.0007 1.0000 1.0000 1.0000
0.0210 0.1421 0.3755 1.0000 1.0000 1.0000 1.0000 0.0008 0.0024 0.0069 0.0201 0.0588 0.1719 0.5024 1.0000 1.0000 1.0000 1.0000 0.0011 0.0031 0.0091 0.0267 0.0779 0.2277 0.6657 1.0000 1.0000 1.0000 1.0000 0.0014 0.0041 0.0121 0.0354 0.1032 0.3023 0.8837 1.0000 1.0000 1.0000 0.0006 0.0019 0.0054 0.0159 0.0463 0.1350 0.3938 1.0000 1.0000 1.0000 1.0000 0.0008 0.0035 0.0034 0.0007 1.0000 1.0000 1.0000 1.0000 0.3474 0.1193 0.0410 0.0140 0.0048 0.0016 1.0000 1.0000 1.0000 1.0000 0.7824 0.2682 0.0918 0.0314 0.0107 0.0037 0.0013 1.0000 1.0000 1.0000 1.0000 0.5916 0.2024 0.0692 0.0237 0.0081 0.0028 0.0009 1.0000 1.0000 1.0000 1.0000 0.4465 0.1527 0.0523 0.0179 0.0061 0.0021 0.0007 1.0000 1.0000 1.0000 0.4568
0.0753 0.5081 1.0000 1.0000 1.0000 1.0000 0.0010 0.0029 0.0084 0.0244 0.0714 0.2087 0.6099 1.0000 1.0000 1.0000 1.0000 0.0013 0.0038 0.0111 0.0324 0.0946 0.2765 0.8082 1.0000 1.0000 1.0000 1.0000 0.0017 0.0050 0.0147 0.0429 0.1253 0.3664 1.0000 1.0000 1.0000 1.0000 1.0000 0.0023 0.0066 0.0192 0.0561 0.1636 0.4772 1.0000 1.0000 1.0000 1.0000 0.0010 0.0033 0.0033 0.0007 1.0000 1.0000 1.0000 1.0000 0.3507 0.1209 0.0416 0.0143 0.0049 0.0017 1.0000 1.0000 1.0000 1.0000 0.7990 0.2739 0.0937 0.0321 0.0110 0.0038 0.0013 1.0000 1.0000 1.0000 1.0000 0.6041 0.2067 0.0707 0.0242 0.0083 0.0028 0.0010 1.0000 1.0000 1.0000 1.0000 0.4559 0.1560 0.0534 0.0183 0.0062 0.0021 0.0007 1.0000 1.0000 1.0000 1.0000 0.1596
