0.0003 0.0020 0.0051 0.0148 0.0424 0.1209 0.3454 0.9905 1.0000 1.0000 1.0000 0.0007 0.0019 0.0054 0.0154 0.0440 0.1261 0.3601 1.0000 1.0000 1.0000 1.0000 0.0007 0.0020 0.0056 0.0159 0.0455 0.1299 0.3713 1.0000 1.0000 1.0000 1.0000 0.0007 0.0020 0.0058 0.0165 0.0472 0.1347 0.3849 1.0000 1.0000 1.0000 1.0000 0.0007 0.0021 0.0060 0.0170 0.0491 0.1639 0.3798 0.1639 0.0491 0.0170 0.0060 0.0021 0.0007 1.0000 1.0000 1.0000 1.0000 0.3849 0.1347 0.0472 0.0165 0.0058 0.0020 0.0007 1.0000 1.0000 1.0000 1.0000 0.3713 0.1299 0.0455 0.0159 0.0056 0.0020 0.0007 1.0000 1.0000 1.0000 1.0000 0.3601 0.1261 0.0440 0.0154 0.0054 0.0019 0.0007 1.0000 1.0000 1.0000 0.9905 0.3454 0.1209 0.0424 0.0148 0.0051 0.0020 0.0003
0.0020 0.0139 0.0349 0.1023 0.2910 0.8315 1.0000 1.0000 1.0000 1.0000 0.0016 0.0045 0.0130 0.0371 0.1060 0.3029 0.8654 1.0000 1.0000 1.0000 1.0000 0.0016 0.0047 0.0134 0.0383 0.1095 0.3129 0.8939 1.0000 1.0000 1.0000 1.0000 0.0017 0.0049 0.0139 0.0397 0.1133 0.3244 0.9267 1.0000 1.0000 1.0000 1.0000 0.0018 0.0050 0.0144 0.0410 0.1168 0.3357 1.0000 1.0000 1.0000 0.3357 0.1168 0.0410 0.0144 0.0050 0.0018 1.0000 1.0000 1.0000 1.0000 0.9267 0.3244 0.1133 0.0397 0.0139 0.0049 0.0017 1.0000 1.0000 1.0000 1.0000 0.8939 0.3129 0.1095 0.0383 0.0134 0.0047 0.0016 1.0000 1.0000 1.0000 1.0000 0.8654 0.3029 0.1060 0.0371 0.0130 0.0045 0.0016 1.0000 1.0000 1.0000 1.0000 0.8315 0.2910 0.1023 0.0349 0.0139 0.0020
0.0051 0.0349 0.0923 0.2677 0.7677 1.0000 1.0000 1.0000 1.0000 0.0015 0.0042 0.0120 0.0344 0.0983 0.2807 0.8020 1.0000 1.0000 1.0000 1.0000 0.0015 0.0044 0.0124 0.0355 0.1015 0.2899 0.8284 1.0000 1.0000 1.0000 1.0000 0.0016 0.0045 0.0128 0.0368 0.1050 0.3006 0.8589 1.0000 1.0000 1.0000 1.0000 0.0016 0.0047 0.0133 0.0380 0.1089 0.3093 0.8888 1.0000 1.0000 1.0000 0.8888 0.3093 0.1089 0.0380 0.0133 0.0047 0.0016 1.0000 1.0000 1.0000 1.0000 0.8589 0.3006 0.1050 0.0368 0.0128 0.0045 0.0016 1.0000 1.0000 1.0000 1.0000 0.8284 0.2899 0.1015 0.0355 0.0124 0.0044 0.0015 1.0000 1.0000 1.0000 1.0000 0.8020 0.2807 0.0983 0.0344 0.0120 0.0042 0.0015 1.0000 1.0000 1.0000 1.0000 0.7677 0.2677 0.0923 0.0349 0.0051
0.0148 0.1023 0.2677 0.7839 1.0000 1.0000 1.0000 1.0000 0.0015 0.0044 0.0125 0.0356 0.1019 0.2916 0.8331 1.0000 1.0000 1.0000 1.0000 0.0016 0.0045 0.0129 0.0369 0.1054 0.3012 0.8605 1.0000 1.0000 1.0000 1.0000 0.0016 0.0047 0.0133 0.0380 0.1089 0.3111 0.8905 1.0000 1.0000 1.0000 1.0000 0.0017 0.0048 0.0138 0.0394 0.1127 0.3225 0.9162 1.0000 1.0000 1.0000 1.0000 1.0000 0.9162 0.3225 0.1127 0.0394 0.0138 0.0048 0.0017 1.0000 1.0000 1.0000 1.0000 0.8905 0.3111 0.1089 0.0380 0.0133 0.0047 0.0016 1.0000 1.0000 1.0000 1.0000 0.8605 0.3012 0.1054 0.0369 0.0129 0.0045 0.0016 1.0000 1.0000 1.0000 1.0000 0.8331 0.2916 0.1019 0.0356 0.0125 0.0044 0.0015 1.0000 1.0000 1.0000 1.0000 0.7839 0.2677 0.1023 0.0148
0.0424 0.2910 0.7677 1.0000 1.0000 1.0000 1.0000 0.0015 0.0044 0.0127 0.0363 0.1038 0.2972 0.8491 1.0000 1.0000 1.0000 1.0000 0.0016 0.0046 0.0132 0.0377 0.1076 0.3075 0.8787 1.0000 1.0000 1.0000 1.0000 0.0017 0.0048 0.0136 0.0388 0.1110 0.3177 0.9076 1.0000 1.0000 1.0000 1.0000 0.0017 0.0049 0.0141 0.0403 0.1148 0.3287 0.9410 1.0000 1.0000 1.0000 1.0000 1.0000 1.0000 1.0000 0.9410 0.3287 0.1148 0.0403 0.0141 0.0049 0.0017 1.0000 1.0000 1.0000 1.0000 0.9076 0.3177 0.1110 0.0388 0.0136 0.0048 0.0017 1.0000 1.0000 1.0000 1.0000 0.8787 0.3075 0.1076 0.0377 0.0132 0.0046 0.0016 1.0000 1.0000 1.0000 1.0000 0.8491 0.2972 0.1038 0.0363 0.0127 0.0044 0.0015 1.0000 1.0000 1.0000 1.0000 0.7677 0.2910 0.0424
0.1209 0.8315 1.0000 1.0000 1.0000 1.0000 0.0016 0.0045 0.0129 0.0370 0.1058 0.3029 0.8671 1.0000 1.0000 1.0000 1.0000 0.0017 0.0047 0.0135 0.0385 0.1101 0.3146 0.8990 1.0000 1.0000 1.0000 1.0000 0.0017 0.0049 0.0139 0.0397 0.1135 0.3244 0.9285 1.0000 1.0000 1.0000 1.0000 0.0018 0.0050 0.0144 0.0412 0.1177 0.3363 0.9608 1.0000 1.0000 1.0000 0.0007 0.0016 0.0007 1.0000 1.0000 1.0000 0.9608 0.3363 0.1177 0.0412 0.0144 0.0050 0.0018 1.0000 1.0000 1.0000 1.0000 0.9285 0.3244 0.1135 0.0397 0.0139 0.0049 0.0017 1.0000 1.0000 1.0000 1.0000 0.8990 0.3146 0.1101 0.0385 0.0135 0.0047 0.0017 1.0000 1.0000 1.0000 1.0000 0.8671 0.3029 0.1058 0.0370 0.0129 0.0045 0.0016 1.0000 1.0000 1.0000 1.0000 0.8315 0.1209
0.3454 1.0000 1.0000 1.0000 1.0000 0.0016 0.0045 0.0130 0.0374 0.1074 0.3081 0.8820 1.0000 1.0000 1.0000 1.0000 0.0017 0.0048 0.0138 0.0394 0.1127 0.3219 0.9197 1.0000 1.0000 1.0000 1.0000 0.0017 0.0050 0.0142 0.0407 0.1162 0.3312 0.9481 1.0000 1.0000 1.0000 1.0000 0.0018 0.0052 0.0148 0.0422 0.1204 0.3441 0.9812 1.0000 1.0000 1.0000 0.0007 0.0021 0.0046 0.0021 0.0007 1.0000 1.0000 1.0000 0.9812 0.3441 0.1204 0.0422 0.0148 0.0052 0.0018 1.0000 1.0000 1.0000 1.0000 0.9481 0.3312 0.1162 0.0407 0.0142 0.0050 0.0017 1.0000 1.0000 1.0000 1.0000 0.9197 0.3219 0.1127 0.0394 0.0138 0.0048 0.0017 1.0000 1.0000 1.0000 1.0000 0.8820 0.3081 0.1074 0.0374 0.0130 0.0045 0.0016 1.0000 1.0000 1.0000 1.0000 0.3454
0.9905 1.0000 1.0000 1.0000 0.0015 0.0045 0.0130 0.0375 0.1083 0.3117 0.8956 1.0000 1.0000 1.0000 1.0000 0.0017 0.0049 0.0141 0.0403 0.1153 0.3293 0.9410 1.0000 1.0000 1.0000 1.0000 0.0018 0.0051 0.0146 0.0416 0.1188 0.3395 0.9700 1.0000 1.0000 1.0000 0.0006 0.0018 0.0053 0.0151 0.0431 0.1232 0.3520 1.0000 1.0000 1.0000 1.0000 0.0007 0.0019 0.0063 0.0134 0.0063 0.0019 0.0007 1.0000 1.0000 1.0000 1.0000 0.3520 0.1232 0.0431 0.0151 0.0053 0.0018 0.0006 1.0000 1.0000 1.0000 0.9700 0.3395 0.1188 0.0416 0.0146 0.0051 0.0018 1.0000 1.0000 1.0000 1.0000 0.9410 0.3293 0.1153 0.0403 0.0141 0.0049 0.0017 1.0000 1.0000 1.0000 1.0000 0.8956 0.3117 0.1083 0.0375 0.0130 0.0045 0.0015 1.0000 1.0000 1.0000 0.9905
1.0000 1.0000 1.0000 0.0015 0.0044 0.0129 0.0374 0.1083 0.3129 0.9024 1.0000 1.0000 1.0000 1.0000 0.0018 0.0050 0.0144 0.0412 0.1177 0.3369 0.9627 1.0000 1.0000 1.0000 1.0000 0.0018 0.0052 0.0149 0.0426 0.1216 0.3474 0.9924 1.0000 1.0000 1.0000 0.0007 0.0019 0.0054 0.0154 0.0441 0.1261 0.3601 1.0000 1.0000 1.0000 1.0000 0.0007 0.0019 0.0056 0.0183 0.0391 0.0183 0.0056 0.0019 0.0007 1.0000 1.0000 1.0000 1.0000 0.3601 0.1261 0.0441 0.0154 0.0054 0.0019 0.0007 1.0000 1.0000 1.0000 0.9924 0.3474 0.1216 0.0426 0.0149 0.0052 0.0018 1.0000 1.0000 1.0000 1.0000 0.9627 0.3369 0.1177 0.0412 0.0144 0.0050 0.0018 1.0000 1.0000 1.0000 1.0000 0.9024 0.3129 0.1083 0.0374 0.0129 0.0044 0.0015 1.0000 1.0000 1.0000
1.0000 1.0000 0.0015 0.0044 0.0127 0.0370 0.1074 0.3117 0.9024 1.0000 1.0000 1.0000 1.0000 0.0018 0.0051 0.0147 0.0420 0.1202 0.3441 0.9830 1.0000 1.0000 1.0000 0.0007 0.0019 0.0053 0.0152 0.0435 0.1244 0.3554 1.0000 1.0000 1.0000 1.0000 0.0007 0.0019 0.0055 0.0158 0.0451 0.1290 0.3685 1.0000 1.0000 1.0000 1.0000 0.0007 0.0020 0.0057 0.0163 0.0535 0.1144 0.0535 0.0163 0.0057 0.0020 0.0007 1.0000 1.0000 1.0000 1.0000 0.3685 0.1290 0.0451 0.0158 0.0055 0.0019 0.0007 1.0000 1.0000 1.0000 1.0000 0.3554 0.1244 0.0435 0.0152 0.0053 0.0019 0.0007 1.0000 1.0000 1.0000 0.9830 0.3441 0.1202 0.0420 0.0147 0.0051 0.0018 1.0000 1.0000 1.0000 1.0000 0.9024 0.3117 0.1074 0.0370 0.0127 0.0044 0.0015 1.0000 1.0000
1.0000 0.0016 0.0042 0.0125 0.0363 0.1058 0.3081 0.8956 1.0000 1.0000 1.0000 1.0000 0.0018 0.0052 0.0149 0.0427 0.1225 0.3507 1.0000 1.0000 1.0000 1.0000 0.0007 0.0019 0.0055 0.0156 0.0445 0.1273 0.3636 1.0000 1.0000 1.0000 1.0000 0.0007 0.0020 0.0056 0.0161 0.0462 0.1319 0.3770 1.0000 1.0000 1.0000 1.0000 0.0007 0.0020 0.0058 0.0166 0.0477 0.1563 0.3344 0.1563 0.0477 0.0166 0.0058 0.0020 0.0007 1.0000 1.0000 1.0000 1.0000 0.3770 0.1319 0.0462 0.0161 0.0056 0.0020 0.0007 1.0000 1.0000 1.0000 1.0000 0.3636 0.1273 0.0445 0.0156 0.0055 0.0019 0.0007 1.0000 1.0000 1.0000 1.0000 0.3507 0.1225 0.0427 0.0149 0.0052 0.0018 1.0000 1.0000 1.0000 1.0000 0.8956 0.3081 0.1058 0.0363 0.0125 0.0042 0.0016 1.0000
0.0007 0.0045 0.0120 0.0356 0.1038 0.3029 0.8820 1.0000 1.0000 1.0000 1.0000 0.0018 0.0052 0.0150 0.0433 0.1244 0.3567 1.0000 1.0000 1.0000 1.0000 0.0007 0.0020 0.0056 0.0159 0.0456 0.1302 0.3720 1.0000 1.0000 1.0000 1.0000 0.0007 0.0020 0.0058 0.0165 0.0472 0.1350 0.3857 1.0000 1.0000 1.0000 1.0000 0.0007 0.0021 0.0060 0.0171 0.0486 0.1394 0.4568 0.9774 0.4568 0.1394 0.0486 0.0171 0.0060 0.0021 0.0007 1.0000 1.0000 1.0000 1.0000 0.3857 0.1350 0.0472 0.0165 0.0058 0.0020 0.0007 1.0000 1.0000 1.0000 1.0000 0.3720 0.1302 0.0456 0.0159 0.0056 0.0020 0.0007 1.0000 1.0000 1.0000 1.0000 0.3567 0.1244 0.0433 0.0150 0.0052 0.0018 1.0000 1.0000 1.0000 1.0000 0.8820 0.3029 0.1038 0.0356 0.0120 0.0045 0.0007
0.0019 0.0130 0.0344 0.1019 0.2972 0.8671 1.0000 1.0000 1.0000 1.0000 0.0018 0.0052 0.0151 0.0435 0.1256 0.3615 1.0000 1.0000 1.0000 1.0000 0.0007 0.0020 0.0057 0.0163 0.0466 0.1332 0.3806 1.0000 1.0000 1.0000 1.0000 0.0007 0.0021 0.0059 0.0169 0.0482 0.1378 0.3946 1.0000 1.0000 1.0000 1.0000 0.0007 0.0021 0.0061 0.0174 0.0499 0.1421 0.4075 1.0000 1.0000 1.0000 0.4075 0.1421 0.0499 0.0174 0.0061 0.0021 0.0007 1.0000 1.0000 1.0000 1.0000 0.3946 0.1378 0.0482 0.0169 0.0059 0.0021 0.0007 1.0000 1.0000 1.0000 1.0000 0.3806 0.1332 0.0466 0.0163 0.0057 0.0020 0.0007 1.0000 1.0000 1.0000 1.0000 0.3615 0.1256 0.0435 0.0151 0.0052 0.0018 1.0000 1.0000 1.0000 1.0000 0.8671 0.2972 0.1019 0.0344 0.0130 0.0019
0.0054 0.0371 0.0983 0.2916 0.8491 1.0000 1.0000 1.0000 1.0000 0.0018 0.0052 0.0150 0.0435 0.1261 0.3636 1.0000 1.0000 1.0000 1.0000 0.0007 0.0020 0.0058 0.0167 0.0476 0.1363 0.3893 1.0000 1.0000 1.0000 1.0000 0.0007 0.0021 0.0060 0.0172 0.0493 0.1410 0.4029 1.0000 1.0000 1.0000 1.0000 0.0008 0.0022 0.0062 0.0178 0.0510 0.1459 0.4153 1.0000 1.0000 1.0000 1.0000 1.0000 0.4153 0.1459 0.0510 0.0178 0.0062 0.0022 0.0008 1.0000 1.0000 1.0000 1.0000 0.4029 0.1410 0.0493 0.0172 0.0060 0.0021 0.0007 1.0000 1.0000 1.0000 1.0000 0.3893 0.1363 0.0476 0.0167 0.0058 0.0020 0.0007 1.0000 1.0000 1.0000 1.0000 0.3636 0.1261 0.0435 0.0150 0.0052 0.0018 1.0000 1.0000 1.0000 1.0000 0.8491 0.2916 0.0983 0.0371 0.0054
0.0154 0.1060 0.2807 0.8331 1.0000 1.0000 1.0000 1.0000 0.0018 0.0051 0.0149 0.0433 0.1256 0.3636 1.0000 1.0000 1.0000 1.0000 0.0007 0.0021 0.0059 0.0170 0.0486 0.1392 0.3976 1.0000 1.0000 1.0000 1.0000 0.0008 0.0022 0.0062 0.0176 0.0503 0.1440 0.4114 1.0000 1.0000 1.0000 1.0000 0.0008 0.0022 0.0064 0.0183 0.0521 0.1490 0.4266 1.0000 1.0000 1.0000 1.0000 1.0000 1.0000 1.0000 0.4266 0.1490 0.0521 0.0183 0.0064 0.0022 0.0008 1.0000 1.0000 1.0000 1.0000 0.4114 0.1440 0.0503 0.0176 0.0062 0.0022 0.0008 1.0000 1.0000 1.0000 1.0000 0.3976 0.1392 0.0486 0.0170 0.0059 0.0021 0.0007 1.0000 1.0000 1.0000 1.0000 0.3636 0.1256 0.0433 0.0149 0.0051 0.0018 1.0000 1.0000 1.0000 1.0000 0.8331 0.2807 0.1060 0.0154
0.0440 0.3029 0.8020 1.0000 1.0000 1.0000 1.0000 0.0017 0.0050 0.0147 0.0427 0.1244 0.3615 1.0000 1.0000 1.0000 1.0000 0.0007 0.0021 0.0060 0.0173 0.0495 0.1418 0.4060 1.0000 1.0000 1.0000 1.0000 0.0008 0.0022 0.0063 0.0180 0.0515 0.1470 0.4209 1.0000 1.0000 1.0000 1.0000 0.0008 0.0023 0.0065 0.0187 0.0534 0.1525 0.4356 1.0000 1.0000 1.0000 1.0000 1.0000 1.0000 1.0000 1.0000 1.0000 0.4356 0.1525 0.0534 0.0187 0.0065 0.0023 0.0008 1.0000 1.0000 1.0000 1.0000 0.4209 0.1470 0.0514 0.0180 0.0063 0.0022 0.0008 1.0000 1.0000 1.0000 1.0000 0.4060 0.1418 0.0495 0.0173 0.0060 0.0021 0.0007 1.0000 1.0000 1.0000 1.0000 0.3615 0.1244 0.0427 0.0147 0.0050 0.0017 1.0000 1.0000 1.0000 1.0000 0.8020 0.3029 0.0440
0.1261 0.8654 1.0000 1.0000 1.0000 1.0000 0.0017 0.0049 0.0144 0.0420 0.1225 0.3567 1.0000 1.0000 1.0000 1.0000 0.0007 0.0021 0.0061 0.0175 0.0503 0.1443 0.4138 1.0000 1.0000 1.0000 1.0000 0.0008 0.0023 0.0065 0.0184 0.0527 0.1502 0.4298 1.0000 1.0000 1.0000 1.0000 0.0008 0.0023 0.0067 0.0191 0.0546 0.1560 0.4448 1.0000 1.0000 1.0000 1.0000 0.0010 0.0021 0.0010 1.0000 1.0000 1.0000 1.0000 0.4448 0.1560 0.0546 0.0191 0.0067 0.0023 0.0008 1.0000 1.0000 1.0000 1.0000 0.4298 0.1504 0.0527 0.0184 0.0065 0.0023 0.0008 1.0000 1.0000 1.0000 1.0000 0.4138 0.1443 0.0503 0.0175 0.0061 0.0021 0.0007 1.0000 1.0000 1.0000 1.0000 0.3567 0.1225 0.0420 0.0144 0.0049 0.0017 1.0000 1.0000 1.0000 1.0000 0.8654 0.1261
0.3601 1.0000 1.0000 1.0000 1.0000 0.0017 0.0048 0.0141 0.0412 0.1202 0.3507 1.0000 1.0000 1.0000 1.0000 0.0007 0.0021 0.0061 0.0176 0.0508 0.1462 0.4201 1.0000 1.0000 1.0000 1.0000 0.0008 0.0023 0.0066 0.0189 0.0539 0.1539 0.4397 1.0000 1.0000 1.0000 1.0000 0.0008 0.0024 0.0068 0.0195 0.0559 0.1596 0.4559 1.0000 1.0000 1.0000 1.0000 0.0009 0.0028 0.0061 0.0028 0.0009 1.0000 1.0000 1.0000 1.0000 0.4559 0.1596 0.0559 0.0195 0.0068 0.0024 0.0008 1.0000 1.0000 1.0000 1.0000 0.4389 0.1539 0.0539 0.0189 0.0066 0.0023 0.0008 1.0000 1.0000 1.0000 1.0000 0.4201 0.1462 0.0508 0.0176 0.0061 0.0021 0.0007 1.0000 1.0000 1.0000 1.0000 0.3507 0.1202 0.0412 0.0141 0.0048 0.0017 1.0000 1.0000 1.0000 1.0000 0.3601
1.0000 1.0000 1.0000 1.0000 0.0016 0.0047 0.0138 0.0403 0.1177 0.3441 1.0000 1.0000 1.0000 1.0000 0.0007 0.0021 0.0061 0.0176 0.0510 0.1470 0.4241 1.0000 1.0000 1.0000 1.0000 0.0008 0.0024 0.0067 0.0193 0.0551 0.1575 0.4499 1.0000 1.0000 1.0000 1.0000 0.0009 0.0025 0.0070 0.0200 0.0571 0.1633 0.4664 1.0000 1.0000 1.0000 1.0000 0.0009 0.0025 0.0083 0.0177 0.0083 0.0025 0.0009 1.0000 1.0000 1.0000 1.0000 0.4664 0.1633 0.0571 0.0200 0.0070 0.0025 0.0009 1.0000 1.0000 1.0000 1.0000 0.4499 0.1575 0.0551 0.0193 0.0067 0.0024 0.0008 1.0000 1.0000 1.0000 1.0000 0.4241 0.1470 0.0510 0.0176 0.0061 0.0021 0.0007 1.0000 1.0000 1.0000 1.0000 0.3441 0.1177 0.0403 0.0138 0.0047 0.0016 1.0000 1.0000 1.0000 1.0000
1.0000 1.0000 1.0000 0.0016 0.0046 0.0135 0.0394 0.1153 0.3369 0.9830 1.0000 1.0000 1.0000 0.0007 0.0021 0.0060 0.0175 0.0508 0.1470 0.4257 1.0000 1.0000 1.0000 1.0000 0.0008 0.0024 0.0069 0.0197 0.0563 0.1608 0.4603 1.0000 1.0000 1.0000 1.0000 0.0009 0.0025 0.0072 0.0205 0.0585 0.1670 0.4772 1.0000 1.0000 1.0000 1.0000 0.0009 0.0026 0.0074 0.0242 0.0519 0.0242 0.0074 0.0026 0.0009 1.0000 1.0000 1.0000 1.0000 0.4772 0.1670 0.0585 0.0205 0.0072 0.0025 0.0009 1.0000 1.0000 1.0000 1.0000 0.4603 0.1608 0.0563 0.0197 0.0069 0.0024 0.0008 1.0000 1.0000 1.0000 1.0000 0.4257 0.1470 0.0508 0.0175 0.0060 0.0021 0.0007 1.0000 1.0000 1.0000 0.9830 0.3369 0.1153 0.0394 0.0135 0.0046 0.0016 1.0000 1.0000 1.0000
1.0000 1.0000 0.0015 0.0045 0.0132 0.0385 0.1127 0.3293 0.9627 1.0000 1.0000 1.0000 0.0007 0.0020 0.0059 0.0173 0.0503 0.1462 0.4241 1.0000 1.0000 1.0000 1.0000 0.0008 0.0024 0.0070 0.0200 0.0574 0.1642 0.4700 1.0000 1.0000 1.0000 1.0000 0.0009 0.0026 0.0073 0.0209 0.0598 0.1709 0.4882 1.0000 1.0000 1.0000 1.0000 0.0009 0.0026 0.0075 0.0216 0.0708 0.1516 0.0708 0.0216 0.0075 0.0026 0.0009 1.0000 1.0000 1.0000 1.0000 0.4882 0.1709 0.0598 0.0209 0.0073 0.0026 0.0009 1.0000 1.0000 1.0000 1.0000 0.4700 0.1642 0.0574 0.0200 0.0070 0.0024 0.0008 1.0000 1.0000 1.0000 1.0000 0.4241 0.1462 0.0503 0.0173 0.0059 0.0020 0.0007 1.0000 1.0000 1.0000 0.9627 0.3293 0.1127 0.0385 0.0132 0.0045 0.0015 1.0000 1.0000
1.0000 0.0016 0.0044 0.0129 0.0377 0.1101 0.3219 0.9410 1.0000 1.0000 1.0000 0.0007 0.0020 0.0058 0.0170 0.0495 0.1443 0.4201 1.0000 1.0000 1.0000 1.0000 0.0009 0.0025 0.0071 0.0203 0.0583 0.1673 0.4790 1.0000 1.0000 1.0000 1.0000 0.0009 0.0026 0.0075 0.0214 0.0612 0.1748 0.4995 1.0000 1.0000 1.0000 1.0000 0.0009 0.0027 0.0077 0.0220 0.0632 0.2071 0.4431 0.2071 0.0632 0.0220 0.0077 0.0027 0.0009 1.0000 1.0000 1.0000 1.0000 0.4995 0.1748 0.0612 0.0214 0.0075 0.0026 0.0009 1.0000 1.0000 1.0000 1.0000 0.4790 0.1673 0.0583 0.0203 0.0071 0.0025 0.0009 1.0000 1.0000 1.0000 1.0000 0.4201 0.1443 0.0495 0.0170 0.0058 0.0020 0.0007 1.0000 1.0000 1.0000 0.9410 0.3219 0.1101 0.0377 0.0129 0.0044 0.0016 1.0000
0.0007 0.0047 0.0124 0.0369 0.1076 0.3146 0.9197 1.0000 1.0000 1.0000 0.0007 0.0020 0.0057 0.0167 0.0486 0.1418 0.4138 1.0000 1.0000 1.0000 1.0000 0.0009 0.0025 0.0071 0.0205 0.0591 0.1699 0.4873 1.0000 1.0000 1.0000 1.0000 0.0009 0.0027 0.0076 0.0219 0.0625 0.1789 0.5110 1.0000 1.0000 1.0000 1.0000 0.0010 0.0028 0.0079 0.0226 0.0644 0.1847 0.6053 1.0000 0.6053 0.1847 0.0644 0.0226 0.0079 0.0028 0.0010 1.0000 1.0000 1.0000 1.0000 0.5110 0.1789 0.0625 0.0219 0.0076 0.0027 0.0009 1.0000 1.0000 1.0000 1.0000 0.4873 0.1699 0.0591 0.0205 0.0071 0.0025 0.0009 1.0000 1.0000 1.0000 1.0000 0.4138 0.1418 0.0486 0.0167 0.0057 0.0020 0.0007 1.0000 1.0000 1.0000 0.9197 0.3146 0.1076 0.0369 0.0124 0.0047 0.0007
0.0020 0.0134 0.0355 0.1054 0.3075 0.8990 1.0000 1.0000 1.0000 0.0007 0.0019 0.0056 0.0163 0.0476 0.1392 0.4060 1.0000 1.0000 1.0000 1.0000 0.0008 0.0025 0.0071 0.0206 0.0595 0.1715 0.4938 1.0000 1.0000 1.0000 1.0000 0.0010 0.0027 0.0078 0.0223 0.0638 0.1826 0.5228 1.0000 1.0000 1.0000 1.0000 0.0010 0.0028 0.0081 0.0231 0.0662 0.1883 0.5400 1.0000 1.0000 1.0000 0.5400 0.1883 0.0662 0.0231 0.0081 0.0028 0.0010 1.0000 1.0000 1.0000 1.0000 0.5228 0.1826 0.0638 0.0223 0.0078 0.0027 0.0010 1.0000 1.0000 1.0000 1.0000 0.4938 0.1715 0.0595 0.0206 0.0071 0.0025 0.0008 1.0000 1.0000 1.0000 1.0000 0.4060 0.1392 0.0476 0.0163 0.0056 0.0019 0.0007 1.0000 1.0000 1.0000 0.8990 0.3075 0.1054 0.0355 0.0134 0.0020
0.0056 0.0383 0.1015 0.3012 0.8787 1.0000 1.0000 1.0000 1.0000 0.0019 0.0055 0.0159 0.0466 0.1363 0.3976 1.0000 1.0000 1.0000 1.0000 0.0008 0.0024 0.0071 0.0205 0.0595 0.1722 0.4967 1.0000 1.0000 1.0000 1.0000 0.0010 0.0028 0.0080 0.0228 0.0652 0.1865 0.5339 1.0000 1.0000 1.0000 1.0000 0.0010 0.0029 0.0083 0.0236 0.0676 0.1934 0.5504 1.0000 1.0000 1.0000 1.0000 1.0000 0.5504 0.1934 0.0676 0.0236 0.0083 0.0029 0.0010 1.0000 1.0000 1.0000 1.0000 0.5339 0.1865 0.0652 0.0228 0.0080 0.0028 0.0010 1.0000 1.0000 1.0000 1.0000 0.4967 0.1722 0.0595 0.0205 0.0071 0.0024 0.0008 1.0000 1.0000 1.0000 1.0000 0.3976 0.1363 0.0466 0.0159 0.0055 0.0019 1.0000 1.0000 1.0000 1.0000 0.8787 0.3012 0.1015 0.0383 0.0056
0.0159 0.1095 0.2899 0.8605 1.0000 1.0000 1.0000 1.0000 0.0018 0.0053 0.0156 0.0456 0.1332 0.3893 1.0000 1.0000 1.0000 1.0000 0.0008 0.0024 0.0070 0.0203 0.0591 0.1715 0.4967 1.0000 1.0000 1.0000 1.0000 0.0010 0.0028 0.0081 0.0232 0.0664 0.1901 0.5441 1.0000 1.0000 1.0000 1.0000 0.0010 0.0030 0.0085 0.0242 0.0691 0.1975 0.5652 1.0000 1.0000 1.0000 1.0000 1.0000 1.0000 1.0000 0.5652 0.1975 0.0691 0.0242 0.0085 0.0030 0.0010 1.0000 1.0000 1.0000 1.0000 0.5441 0.1901 0.0664 0.0232 0.0081 0.0028 0.0010 1.0000 1.0000 1.0000 1.0000 0.4967 0.1715 0.0591 0.0203 0.0070 0.0024 0.0008 1.0000 1.0000 1.0000 1.0000 0.3893 0.1332 0.0456 0.0156 0.0053 0.0018 1.0000 1.0000 1.0000 1.0000 0.8605 0.2899 0.1095 0.0159
0.0455 0.3129 0.8284 1.0000 1.0000 1.0000 1.0000 0.0018 0.0052 0.0152 0.0445 0.1302 0.3806 1.0000 1.0000 1.0000 1.0000 0.0008 0.0024 0.0069 0.0200 0.0583 0.1699 0.4938 1.0000 1.0000 1.0000 1.0000 0.0010 0.0029 0.0082 0.0236 0.0677 0.1937 0.5546 1.0000 1.0000 1.0000 1.0000 0.0011 0.0030 0.0087 0.0247 0.0707 0.2016 0.5772 1.0000 1.0000 1.0000 1.0000 0.0009 1.0000 1.0000 1.0000 1.0000 0.5772 0.2016 0.0707 0.0247 0.0087 0.0030 0.0011 1.0000 1.0000 1.0000 1.0000 0.5546 0.1937 0.0677 0.0236 0.0082 0.0029 0.0010 1.0000 1.0000 1.0000 1.0000 0.4938 0.1699 0.0583 0.0200 0.0069 0.0024 0.0008 1.0000 1.0000 1.0000 1.0000 0.3806 0.1302 0.0445 0.0152 0.0052 0.0018 1.0000 1.0000 1.0000 1.0000 0.8284 0.3129 0.0455
0.1299 0.8939 1.0000 1.0000 1.0000 1.0000 0.0017 0.0051 0.0149 0.0435 0.1273 0.3720 1.0000 1.0000 1.0000 1.0000 0.0008 0.0023 0.0067 0.0197 0.0574 0.1673 0.4873 1.0000 1.0000 1.0000 1.0000 0.0010 0.0029 0.0083 0.0239 0.0687 0.1971 0.5652 1.0000 1.0000 1.0000 1.0000 0.0011 0.0031 0.0088 0.0253 0.0723 0.2067 0.5905 1.0000 1.0000 1.0000 1.0000 0.0013 0.0028 0.0013 1.0000 1.0000 1.0000 1.0000 0.5905 0.2067 0.0723 0.0253 0.0088 0.0031 0.0011 1.0000 1.0000 1.0000 1.0000 0.5652 0.1971 0.0687 0.0239 0.0083 0.0029 0.0010 1.0000 1.0000 1.0000 1.0000 0.4873 0.1673 0.0574 0.0197 0.0067 0.0023 0.0008 1.0000 1.0000 1.0000 1.0000 0.3720 0.1273 0.0435 0.0149 0.0051 0.0017 1.0000 1.0000 1.0000 1.0000 0.8939 0.1299
0.3713 1.0000 1.0000 1.0000 1.0000 0.0017 0.0050 0.0146 0.0426 0.1244 0.3636 1.0000 1.0000 1.0000 1.0000 0.0008 0.0023 0.0066 0.0193 0.0563 0.1642 0.4790 1.0000 1.0000 1.0000 1.0000 0.0010 0.0029 0.0083 0.0241 0.0694 0.1997 0.5739 1.0000 1.0000 1.0000 1.0000 0.0011 0.0032 0.0090 0.0259 0.0739 0.2114 0.6041 1.0000 1.0000 1.0000 1.0000 0.0011 0.0038 0.0080 0.0038 0.0011 1.0000 1.0000 1.0000 1.0000 0.6041 0.2114 0.0739 0.0259 0.0090 0.0032 0.0011 1.0000 1.0000 1.0000 1.0000 0.5739 0.1997 0.0694 0.0241 0.0083 0.0029 0.0010 1.0000 1.0000 1.0000 1.0000 0.4790 0.1642 0.0563 0.0193 0.0066 0.0023 0.0008 1.0000 1.0000 1.0000 1.0000 0.3636 0.1244 0.0426 0.0146 0.0050 0.0017 1.0000 1.0000 1.0000 1.0000 0.3713
1.0000 1.0000 1.0000 1.0000 0.0017 0.0049 0.0142 0.0416 0.1216 0.3554 1.0000 1.0000 1.0000 1.0000 0.0008 0.0022 0.0065 0.0189 0.0551 0.1608 0.4700 1.0000 1.0000 1.0000 1.0000 0.0010 0.0029 0.0083 0.0241 0.0696 0.2009 0.5794 1.0000 1.0000 1.0000 1.0000 0.0011 0.0032 0.0092 0.0264 0.0754 0.2159 0.6169 1.0000 1.0000 1.0000 1.0000 0.0012 0.0034 0.0110 0.0235 0.0110 0.0034 0.0012 1.0000 1.0000 1.0000 1.0000 0.6169 0.2159 0.0754 0.0264 0.0092 0.0032 0.0011 1.0000 1.0000 1.0000 1.0000 0.5794 0.2009 0.0696 0.0241 0.0083 0.0029 0.0010 1.0000 1.0000 1.0000 1.0000 0.4700 0.1608 0.0551 0.0189 0.0065 0.0022 0.0008 1.0000 1.0000 1.0000 1.0000 0.3554 0.1216 0.0416 0.0142 0.0049 0.0017 1.0000 1.0000 1.0000 1.0000
1.0000 1.0000 1.0000 0.0016 0.0048 0.0139 0.0407 0.1188 0.3474 1.0000 1.0000 1.0000 1.0000 0.0007 0.0022 0.0063 0.0184 0.0539 0.1575 0.4603 1.0000 1.0000 1.0000 1.0000 0.0010 0.0028 0.0082 0.0239 0.0694 0.2009 0.5816 1.0000 1.0000 1.0000 1.0000 0.0011 0.0033 0.0094 0.0269 0.0769 0.2201 0.6299 1.0000 1.0000 1.0000 1.0000 0.0012 0.0034 0.0098 0.0321 0.0687 0.0321 0.0098 0.0034 0.0012 1.0000 1.0000 1.0000 1.0000 0.6299 0.2201 0.0769 0.0269 0.0094 0.0033 0.0011 1.0000 1.0000 1.0000 1.0000 0.5816 0.2009 0.0694 0.0239 0.0082 0.0028 0.0010 1.0000 1.0000 1.0000 1.0000 0.4603 0.1575 0.0539 0.0184 0.0063 0.0022 0.0007 1.0000 1.0000 1.0000 1.0000 0.3474 0.1188 0.0407 0.0139 0.0048 0.0016 1.0000 1.0000 1.0000
1.0000 1.0000 0.0016 0.0047 0.0136 0.0397 0.1162 0.3395 0.9924 1.0000 1.0000 1.0000 0.0007 0.0021 0.0062 0.0180 0.0527 0.1539 0.4499 1.0000 1.0000 1.0000 1.0000 0.0010 0.0028 0.0081 0.0236 0.0687 0.1997 0.5794 1.0000 1.0000 1.0000 1.0000 0.0012 0.0033 0.0095 0.0274 0.0784 0.2243 0.6420 1.0000 1.0000 1.0000 1.0000 0.0012 0.0035 0.0100 0.0287 0.0939 0.2009 0.0939 0.0287 0.0100 0.0035 0.0012 1.0000 1.0000 1.0000 1.0000 0.6420 0.2243 0.0784 0.0274 0.0095 0.0033 0.0012 1.0000 1.0000 1.0000 1.0000 0.5794 0.1997 0.0687 0.0236 0.0081 0.0028 0.0010 1.0000 1.0000 1.0000 1.0000 0.4499 0.1539 0.0527 0.0180 0.0062 0.0021 0.0007 1.0000 1.0000 1.0000 0.9924 0.3395 0.1162 0.0397 0.0136 0.0047 0.0016 1.0000 1.0000
1.0000 0.0017 0.0045 0.0133 0.0388 0.1135 0.3312 0.9700 1.0000 1.0000 1.0000 0.0007 0.0021 0.0060 0.0176 0.0515 0.1502 0.4397 1.0000 1.0000 1.0000 1.0000 0.0009 0.0027 0.0080 0.0232 0.0677 0.1971 0.5739 1.0000 1.0000 1.0000 1.0000 0.0012 0.0034 0.0097 0.0278 0.0797 0.2286 0.6544 1.0000 1.0000 1.0000 1.0000 0.0013 0.0036 0.0102 0.0292 0.0837 0.2744 0.5871 0.2744 0.0837 0.0292 0.0102 0.0036 0.0013 1.0000 1.0000 1.0000 1.0000 0.6544 0.2286 0.0797 0.0278 0.0097 0.0034 0.0012 1.0000 1.0000 1.0000 1.0000 0.5739 0.1971 0.0677 0.0232 0.0080 0.0027 0.0009 1.0000 1.0000 1.0000 1.0000 0.4389 0.1504 0.0514 0.0176 0.0060 0.0021 0.0007 1.0000 1.0000 1.0000 0.9700 0.3312 0.1135 0.0388 0.0133 0.0045 0.0017 1.0000
0.0007 0.0049 0.0128 0.0380 0.1110 0.3244 0.9481 1.0000 1.0000 1.0000 0.0007 0.0020 0.0059 0.0172 0.0503 0.1470 0.4298 1.0000 1.0000 1.0000 1.0000 0.0009 0.0027 0.0078 0.0228 0.0664 0.1937 0.5652 1.0000 1.0000 1.0000 1.0000 0.0012 0.0034 0.0097 0.0281 0.0808 0.2321 0.6657 1.0000 1.0000 1.0000 1.0000 0.0013 0.0037 0.0105 0.0299 0.0852 0.2448 0.8020 1.0000 0.8020 0.2448 0.0852 0.0299 0.0105 0.0037 0.0013 1.0000 1.0000 1.0000 1.0000 0.6657 0.2321 0.0808 0.0281 0.0097 0.0034 0.0012 1.0000 1.0000 1.0000 1.0000 0.5652 0.1937 0.0664 0.0228 0.0078 0.0027 0.0009 1.0000 1.0000 1.0000 1.0000 0.4298 0.1470 0.0503 0.0172 0.0059 0.0020 0.0007 1.0000 1.0000 1.0000 0.9481 0.3244 0.1110 0.0380 0.0128 0.0049 0.0007
0.0020 0.0139 0.0368 0.1089 0.3177 0.9285 1.0000 1.0000 1.0000 0.0007 0.0020 0.0058 0.0169 0.0493 0.1440 0.4209 1.0000 1.0000 1.0000 1.0000 0.0009 0.0026 0.0076 0.0223 0.0652 0.1901 0.5546 1.0000 1.0000 1.0000 1.0000 0.0012 0.0034 0.0097 0.0282 0.0812 0.2343 0.6746 1.0000 1.0000 1.0000 1.0000 0.0013 0.0037 0.0107 0.0305 0.0873 0.2490 0.7155 1.0000 1.0000 1.0000 0.7155 0.2490 0.0873 0.0305 0.0107 0.0037 0.0013 1.0000 1.0000 1.0000 1.0000 0.6746 0.2343 0.0812 0.0282 0.0097 0.0034 0.0012 1.0000 1.0000 1.0000 1.0000 0.5546 0.1901 0.0652 0.0223 0.0076 0.0026 0.0009 1.0000 1.0000 1.0000 1.0000 0.4209 0.1440 0.0493 0.0169 0.0058 0.0020 0.0007 1.0000 1.0000 1.0000 0.9285 0.3177 0.1089 0.0368 0.0139 0.0020
0.0058 0.0397 0.1050 0.3111 0.9076 1.0000 1.0000 1.0000 0.0007 0.0019 0.0056 0.0165 0.0482 0.1410 0.4114 1.0000 1.0000 1.0000 1.0000 0.0009 0.0026 0.0075 0.0219 0.0638 0.1865 0.5441 1.0000 1.0000 1.0000 1.0000 0.0011 0.0033 0.0097 0.0281 0.0812 0.2352 0.6784 1.0000 1.0000 1.0000 1.0000 0.0013 0.0038 0.0109 0.0311 0.0890 0.2548 0.7265 1.0000 1.0000 1.0000 1.0000 1.0000 0.7265 0.2548 0.0890 0.0311 0.0109 0.0038 0.0013 1.0000 1.0000 1.0000 1.0000 0.6784 0.2352 0.0812 0.0281 0.0097 0.0033 0.0011 1.0000 1.0000 1.0000 1.0000 0.5441 0.1865 0.0638 0.0219 0.0075 0.0026 0.0009 1.0000 1.0000 1.0000 1.0000 0.4114 0.1410 0.0482 0.0165 0.0056 0.0019 0.0007 1.0000 1.0000 1.0000 0.9076 0.3111 0.1050 0.0397 0.0058
0.0165 0.1133 0.3006 0.8905 1.0000 1.0000 1.0000 0.0006 0.0019 0.0055 0.0161 0.0472 0.1378 0.4029 1.0000 1.0000 1.0000 1.0000 0.0009 0.0025 0.0073 0.0214 0.0625 0.1826 0.5339 1.0000 1.0000 1.0000 1.0000 0.0011 0.0033 0.0095 0.0278 0.0808 0.2343 0.6784 1.0000 1.0000 1.0000 1.0000 0.0013 0.0039 0.0111 0.0317 0.0907 0.2597 0.7433 1.0000 1.0000 1.0000 1.0000 1.0000 1.0000 1.0000 0.7433 0.2597 0.0907 0.0317 0.0111 0.0039 0.0013 1.0000 1.0000 1.0000 1.0000 0.6784 0.2343 0.0808 0.0278 0.0095 0.0033 0.0011 1.0000 1.0000 1.0000 1.0000 0.5339 0.1826 0.0625 0.0214 0.0073 0.0025 0.0009 1.0000 1.0000 1.0000 1.0000 0.4029 0.1378 0.0472 0.0161 0.0055 0.0019 0.0006 1.0000 1.0000 1.0000 0.8905 0.3006 0.1133 0.0165
0.0472 0.3244 0.8589 1.0000 1.0000 1.0000 1.0000 0.0018 0.0054 0.0158 0.0462 0.1350 0.3946 1.0000 1.0000 1.0000 1.0000 0.0008 0.0025 0.0072 0.0209 0.0612 0.1789 0.5228 1.0000 1.0000 1.0000 1.0000 0.0011 0.0032 0.0094 0.0274 0.0797 0.2321 0.6746 1.0000 1.0000 1.0000 1.0000 0.0014 0.0039 0.0112 0.0322 0.0925 0.2646 0.7576 1.0000 1.0000 1.0000 1.0000 0.0012 1.0000 1.0000 1.0000 1.0000 0.7576 0.2646 0.0925 0.0322 0.0112 0.0039 0.0014 1.0000 1.0000 1.0000 1.0000 0.6746 0.2321 0.0797 0.0274 0.0094 0.0032 0.0011 1.0000 1.0000 1.0000 1.0000 0.5228 0.1789 0.0612 0.0209 0.0072 0.0025 0.0008 1.0000 1.0000 1.0000 1.0000 0.3946 0.1350 0.0462 0.0158 0.0054 0.0018 1.0000 1.0000 1.0000 1.0000 0.8589 0.3244 0.0472
0.1347 0.9267 1.0000 1.0000 1.0000 1.0000 0.0018 0.0053 0.0154 0.0451 0.1319 0.3857 1.0000 1.0000 1.0000 1.0000 0.0008 0.0024 0.0070 0.0205 0.0598 0.1748 0.5110 1.0000 1.0000 1.0000 1.0000 0.0011 0.0032 0.0092 0.0269 0.0784 0.2286 0.6657 1.0000 1.0000 1.0000 1.0000 0.0014 0.0039 0.0113 0.0327 0.0939 0.2692 0.7721 1.0000 1.0000 1.0000 1.0000 0.0017 0.0036 0.0017 1.0000 1.0000 1.0000 1.0000 0.7721 0.2692 0.0939 0.0327 0.0113 0.0039 0.0014 1.0000 1.0000 1.0000 1.0000 0.6657 0.2286 0.0784 0.0269 0.0092 0.0032 0.0011 1.0000 1.0000 1.0000 1.0000 0.5110 0.1748 0.0598 0.0205 0.0070 0.0024 0.0008 1.0000 1.0000 1.0000 1.0000 0.3857 0.1319 0.0451 0.0154 0.0053 0.0018 1.0000 1.0000 1.0000 1.0000 0.9267 0.1347
0.3849 1.0000 1.0000 1.0000 1.0000 0.0018 0.0052 0.0151 0.0441 0.1290 0.3770 1.0000 1.0000 1.0000 1.0000 0.0008 0.0023 0.0068 0.0200 0.0585 0.1709 0.4995 1.0000 1.0000 1.0000 1.0000 0.0011 0.0031 0.0090 0.0264 0.0769 0.2243 0.6544 1.0000 1.0000 1.0000 1.0000 0.0014 0.0039 0.0114 0.0329 0.0948 0.2728 0.7839 1.0000 1.0000 1.0000 1.0000 0.0015 0.0049 0.0106 0.0049 0.0015 1.0000 1.0000 1.0000 1.0000 0.7839 0.2728 0.0948 0.0329 0.0114 0.0039 0.0014 1.0000 1.0000 1.0000 1.0000 0.6544 0.2243 0.0769 0.0264 0.0090 0.0031 0.0011 1.0000 1.0000 1.0000 1.0000 0.4995 0.1709 0.0585 0.0200 0.0068 0.0023 0.0008 1.0000 1.0000 1.0000 1.0000 0.3770 0.1290 0.0441 0.0151 0.0052 0.0018 1.0000 1.0000 1.0000 1.0000 0.3849
1.0000 1.0000 1.0000 1.0000 0.0017 0.0050 0.0148 0.0431 0.1261 0.3685 1.0000 1.0000 1.0000 1.0000 0.0008 0.0023 0.0067 0.0195 0.0571 0.1670 0.4882 1.0000 1.0000 1.0000 1.0000 0.0010 0.0030 0.0088 0.0259 0.0754 0.2201 0.6420 1.0000 1.0000 1.0000 1.0000 0.0013 0.0039 0.0113 0.0329 0.0951 0.2744 0.7914 1.0000 1.0000 1.0000 1.0000 0.0015 0.0044 0.0144 0.0308 0.0144 0.0044 0.0015 1.0000 1.0000 1.0000 1.0000 0.7914 0.2744 0.0951 0.0329 0.0113 0.0039 0.0013 1.0000 1.0000 1.0000 1.0000 0.6420 0.2201 0.0754 0.0259 0.0088 0.0030 0.0010 1.0000 1.0000 1.0000 1.0000 0.4882 0.1670 0.0571 0.0195 0.0067 0.0023 0.0008 1.0000 1.0000 1.0000 1.0000 0.3685 0.1261 0.0431 0.0148 0.0050 0.0017 1.0000 1.0000 1.0000 1.0000
1.0000 1.0000 1.0000 0.0017 0.0049 0.0144 0.0422 0.1232 0.3601 1.0000 1.0000 1.0000 1.0000 0.0008 0.0022 0.0065 0.0191 0.0559 0.1633 0.4772 1.0000 1.0000 1.0000 1.0000 0.0010 0.0030 0.0087 0.0253 0.0739 0.2159 0.6299 1.0000 1.0000 1.0000 1.0000 0.0013 0.0039 0.0112 0.0327 0.0948 0.2744 0.7944 1.0000 1.0000 1.0000 1.0000 0.0016 0.0045 0.0128 0.0420 0.0899 0.0420 0.0128 0.0045 0.0016 1.0000 1.0000 1.0000 1.0000 0.7944 0.2744 0.0948 0.0327 0.0112 0.0039 0.0013 1.0000 1.0000 1.0000 1.0000 0.6299 0.2159 0.0739 0.0253 0.0087 0.0030 0.0010 1.0000 1.0000 1.0000 1.0000 0.4772 0.1633 0.0559 0.0191 0.0065 0.0022 0.0008 1.0000 1.0000 1.0000 1.0000 0.3601 0.1232 0.0422 0.0144 0.0049 0.0017 1.0000 1.0000 1.0000
1.0000 1.0000 0.0016 0.0048 0.0141 0.0412 0.1204 0.3520 1.0000 1.0000 1.0000 1.0000 0.0007 0.0022 0.0064 0.0187 0.0546 0.1596 0.4664 1.0000 1.0000 1.0000 1.0000 0.0010 0.0029 0.0085 0.0247 0.0723 0.2114 0.6169 1.0000 1.0000 1.0000 1.0000 0.0013 0.0038 0.0111 0.0322 0.0939 0.2728 0.7914 1.0000 1.0000 1.0000 1.0000 0.0016 0.0045 0.0130 0.0374 0.1225 0.2621 0.1225 0.0374 0.0130 0.0045 0.0016 1.0000 1.0000 1.0000 1.0000 0.7914 0.2728 0.0939 0.0322 0.0111 0.0038 0.0013 1.0000 1.0000 1.0000 1.0000 0.6169 0.2114 0.0723 0.0247 0.0085 0.0029 0.0010 1.0000 1.0000 1.0000 1.0000 0.4664 0.1596 0.0546 0.0187 0.0064 0.0022 0.0007 1.0000 1.0000 1.0000 1.0000 0.3520 0.1204 0.0412 0.0141 0.0048 0.0016 1.0000 1.0000
1.0000 0.0018 0.0047 0.0138 0.0402 0.1177 0.3434 1.0000 1.0000 1.0000 1.0000 0.0007 0.0021 0.0062 0.0182 0.0534 0.1557 0.4559 1.0000 1.0000 1.0000 1.0000 0.0010 0.0028 0.0083 0.0242 0.0706 0.2067 0.6030 1.0000 1.0000 1.0000 1.0000 0.0013 0.0037 0.0109 0.0317 0.0925 0.2692 0.7839 1.0000 1.0000 1.0000 1.0000 0.0016 0.0046 0.0132 0.0379 0.1089 0.3574 0.7648 0.3574 0.1089 0.0379 0.0132 0.0046 0.0016 1.0000 1.0000 1.0000 1.0000 0.7839 0.2692 0.0925 0.0317 0.0109 0.0037 0.0013 1.0000 1.0000 1.0000 1.0000 0.6041 0.2067 0.0707 0.0242 0.0083 0.0028 0.0010 1.0000 1.0000 1.0000 1.0000 0.4559 0.1560 0.0534 0.0183 0.0062 0.0021 0.0007 1.0000 1.0000 1.0000 1.0000 0.3441 0.1177 0.0403 0.0138 0.0047 0.0018 1.0000
0.0007 0.0050 0.0133 0.0394 0.1151 0.3363 0.9830 1.0000 1.0000 1.0000 0.0007 0.0021 0.0061 0.0178 0.0522 0.1525 0.4456 1.0000 1.0000 1.0000 1.0000 0.0009 0.0028 0.0081 0.0236 0.0691 0.2020 0.5905 1.0000 1.0000 1.0000 1.0000 0.0013 0.0037 0.0107 0.0311 0.0907 0.2646 0.7721 1.0000 1.0000 1.0000 1.0000 0.0016 0.0046 0.0133 0.0383 0.1099 0.3177 1.0000 1.0000 1.0000 0.3177 0.1099 0.0383 0.0133 0.0046 0.0016 1.0000 1.0000 1.0000 1.0000 0.7721 0.2646 0.0907 0.0311 0.0107 0.0037 0.0013 1.0000 1.0000 1.0000 1.0000 0.5905 0.2016 0.0691 0.0236 0.0081 0.0028 0.0009 1.0000 1.0000 1.0000 1.0000 0.4448 0.1525 0.0521 0.0178 0.0061 0.0021 0.0007 1.0000 1.0000 1.0000 0.9812 0.3363 0.1148 0.0394 0.0133 0.0050 0.0007
0.0021 0.0144 0.0381 0.1129 0.3293 0.9627 1.0000 1.0000 1.0000 0.0007 0.0020 0.0060 0.0175 0.0511 0.1493 0.4364 1.0000 1.0000 1.0000 1.0000 0.0009 0.0027 0.0079 0.0232 0.0677 0.1978 0.5783 1.0000 1.0000 1.0000 1.0000 0.0012 0.0036 0.0105 0.0305 0.0890 0.2597 0.7576 1.0000 1.0000 1.0000 1.0000 0.0016 0.0046 0.0133 0.0385 0.1110 0.3195 0.9215 1.0000 1.0000 1.0000 0.9232 0.3195 0.1110 0.0385 0.0133 0.0046 0.0016 1.0000 1.0000 1.0000 1.0000 0.7576 0.2597 0.0890 0.0305 0.0105 0.0036 0.0012 1.0000 1.0000 1.0000 1.0000 0.5772 0.1975 0.0676 0.0231 0.0079 0.0027 0.0009 1.0000 1.0000 1.0000 1.0000 0.4356 0.1490 0.0510 0.0174 0.0060 0.0020 0.0007 1.0000 1.0000 1.0000 0.9608 0.3287 0.1127 0.0380 0.0144 0.0021
0.0060 0.0411 0.1089 0.3231 0.9427 1.0000 1.0000 1.0000 0.0007 0.0020 0.0059 0.0171 0.0500 0.1462 0.4274 1.0000 1.0000 1.0000 1.0000 0.0009 0.0027 0.0078 0.0227 0.0663 0.1937 0.5663 1.0000 1.0000 1.0000 1.0000 0.0012 0.0035 0.0103 0.0299 0.0873 0.2548 0.7433 1.0000 1.0000 1.0000 1.0000 0.0016 0.0045 0.0132 0.0383 0.1110 0.3213 0.9232 1.0000 1.0000 1.0000 1.0000 1.0000 0.9250 0.3219 0.1110 0.0383 0.0132 0.0045 0.0016 1.0000 1.0000 1.0000 1.0000 0.7433 0.2548 0.0873 0.0299 0.0102 0.0035 0.0012 1.0000 1.0000 1.0000 1.0000 0.5652 0.1934 0.0662 0.0226 0.0077 0.0026 0.0009 1.0000 1.0000 1.0000 1.0000 0.4266 0.1459 0.0499 0.0171 0.0058 0.0020 0.0007 1.0000 1.0000 1.0000 0.9410 0.3225 0.1089 0.0410 0.0060
0.0170 0.1173 0.3117 0.9215 1.0000 1.0000 1.0000 0.0007 0.0020 0.0057 0.0167 0.0489 0.1429 0.4177 1.0000 1.0000 1.0000 1.0000 0.0009 0.0026 0.0076 0.0222 0.0648 0.1894 0.5535 1.0000 1.0000 1.0000 1.0000 0.0012 0.0034 0.0100 0.0293 0.0857 0.2500 0.7293 1.0000 1.0000 1.0000 1.0000 0.0015 0.0045 0.0130 0.0380 0.1103 0.3201 0.9267 1.0000 1.0000 1.0000 1.0000 1.0000 1.0000 1.0000 0.9250 0.3195 0.1099 0.0379 0.0130 0.0045 0.0015 1.0000 1.0000 1.0000 1.0000 0.7265 0.2490 0.0852 0.0292 0.0100 0.0034 0.0012 1.0000 1.0000 1.0000 1.0000 0.5504 0.1883 0.0644 0.0220 0.0075 0.0026 0.0009 1.0000 1.0000 1.0000 1.0000 0.4153 0.1421 0.0486 0.0166 0.0057 0.0019 0.0007 1.0000 1.0000 1.0000 0.9162 0.3093 0.1168 0.0170
0.0487 0.3363 0.8905 1.0000 1.0000 1.0000 0.0007 0.0019 0.0056 0.0163 0.0477 0.1397 0.4075 1.0000 1.0000 1.0000 1.0000 0.0009 0.0025 0.0074 0.0216 0.0633 0.1847 0.5410 1.0000 1.0000 1.0000 1.0000 0.0011 0.0034 0.0098 0.0287 0.0839 0.2448 0.7155 1.0000 1.0000 1.0000 1.0000 0.0015 0.0044 0.0128 0.0374 0.1089 0.3171 0.9215 1.0000 1.0000 1.0000 0.0007 0.0016 0.0008 1.0000 1.0000 1.0000 0.9232 0.3177 0.1089 0.0374 0.0128 0.0044 0.0015 1.0000 1.0000 1.0000 1.0000 0.7155 0.2448 0.0837 0.0287 0.0098 0.0034 0.0011 1.0000 1.0000 1.0000 1.0000 0.5400 0.1847 0.0632 0.0216 0.0074 0.0025 0.0009 1.0000 1.0000 1.0000 1.0000 0.4075 0.1394 0.0477 0.0163 0.0056 0.0019 0.0007 1.0000 1.0000 1.0000 0.8888 0.3357 0.0491
0.1397 0.9608 1.0000 1.0000 1.0000 1.0000 0.0019 0.0055 0.0160 0.0467 0.1365 0.3991 1.0000 1.0000 1.0000 1.0000 0.0008 0.0025 0.0072 0.0212 0.0619 0.1809 0.5288 1.0000 1.0000 1.0000 1.0000 0.0011 0.0033 0.0096 0.0281 0.0820 0.2397 0.7007 1.0000 1.0000 1.0000 1.0000 0.0015 0.0043 0.0126 0.0367 0.1070 0.3123 0.9093 1.0000 1.0000 1.0000 0.0006 0.0022 0.0047 0.0022 1.0000 1.0000 1.0000 1.0000 1.0000 0.3574 0.1225 0.0420 0.0144 0.0049 0.0017 1.0000 1.0000 1.0000 1.0000 0.8020 0.2744 0.0939 0.0321 0.0110 0.0038 0.0013 1.0000 1.0000 1.0000 1.0000 0.6053 0.2071 0.0708 0.0242 0.0083 0.0028 0.0010 1.0000 1.0000 1.0000 1.0000 0.4568 0.1563 0.0535 0.0183 0.0063 0.0021 0.0007 1.0000 1.0000 1.0000 1.0000 0.1639
0.3998 1.0000 1.0000 1.0000 1.0000 0.0018 0.0054 0.0156 0.0457 0.1337 0.3908 1.0000 1.0000 1.0000 1.0000 0.0008 0.0024 0.0071 0.0207 0.0606 0.1772 0.5179 1.0000 1.0000 1.0000 1.0000 0.0011 0.0032 0.0094 0.0275 0.0803 0.2348 0.6862 1.0000 1.0000 1.0000 1.0000 0.0014 0.0042 0.0123 0.0360 0.1050 0.3064 0.8939 1.0000 1.0000 1.0000 1.0000 0.0019 0.0066 0.0099 0.0018 1.0000 1.0000 1.0000 1.0000 1.0000 0.7648 0.2621 0.0900 0.0307 0.0105 0.0036 0.0012 1.0000 1.0000 1.0000 1.0000 0.5871 0.2009 0.0687 0.0235 0.0080 0.0028 0.0009 1.0000 1.0000 1.0000 1.0000 0.4431 0.1516 0.0519 0.0177 0.0061 0.0021 1.0000 1.0000 1.0000 1.0000 0.9774 0.3344 0.1144 0.0391 0.0134 0.0046 0.0016 1.0000 1.0000 1.0000 1.0000 0.3798
1.0000 1.0000 1.0000 1.0000 0.0018 0.0052 0.0153 0.0448 0.1309 0.3827 1.0000 1.0000 1.0000 1.0000 0.0008 0.0024 0.0069 0.0203 0.0594 0.1735 0.5072 1.0000 1.0000 1.0000 1.0000 0.0011 0.0031 0.0092 0.0269 0.0787 0.2299 0.6720 1.0000 1.0000 1.0000 1.0000 0.0014 0.0041 0.0121 0.0353 0.1030 0.3006 0.8770 1.0000 1.0000 1.0000 1.0000 0.0018 0.0054 0.0170 0.0393 0.0224 1.0000 1.0000 1.0000 1.0000 1.0000 0.3574 0.1227 0.0420 0.0144 0.0049 0.0017 1.0000 1.0000 1.0000 1.0000 0.8020 0.2744 0.0939 0.0321 0.0110 0.0038 0.0013 1.0000 1.0000 1.0000 1.0000 0.6053 0.2071 0.0708 0.0242 0.0083 0.0028 0.0010 1.0000 1.0000 1.0000 1.0000 0.4568 0.1563 0.0535 0.0183 0.0063 0.0021 0.0007 1.0000 1.0000 1.0000 1.0000 0.1639
1.0000 1.0000 1.0000 0.0018 0.0051 0.0150 0.0437 0.1280 0.3734 1.0000 1.0000 1.0000 1.0000 0.0008 0.0023 0.0068 0.0198 0.0580 0.1693 0.4957 1.0000 1.0000 1.0000 1.0000 0.0011 0.0031 0.0090 0.0263 0.0767 0.2247 0.6556 1.0000 1.0000 1.0000 1.0000 0.0014 0.0041 0.0119 0.0347 0.1011 0.2949 0.8605 1.0000 1.0000 1.0000 1.0000 0.0018 0.0053 0.0154 0.0474 0.1213 0.1368 1.0000 1.0000 1.0000 0.9041 0.3158 0.1091 0.0374 0.0128 0.0044 0.0015 1.0000 1.0000 1.0000 1.0000 0.7155 0.2448 0.0837 0.0287 0.0098 0.0034 0.0011 1.0000 1.0000 1.0000 1.0000 0.5400 0.1847 0.0632 0.0216 0.0074 0.0025 0.0009 1.0000 1.0000 1.0000 1.0000 0.4075 0.1394 0.0477 0.0163 0.0056 0.0019 0.0007 1.0000 1.0000 1.0000 0.8888 0.3357 0.0491
1.0000 1.0000 0.0017 0.0050 0.0145 0.0425 0.1241 0.3629 1.0000 1.0000 1.0000 1.0000 0.0008 0.0023 0.0066 0.0193 0.0563 0.1645 0.4809 1.0000 1.0000 1.0000 1.0000 0.0010 0.0030 0.0087 0.0255 0.0746 0.2180 0.6372 1.0000 1.0000 1.0000 1.0000 0.0014 0.0040 0.0116 0.0337 0.0984 0.2872 0.8379 1.0000 1.0000 1.0000 1.0000 0.0018 0.0051 0.0150 0.0439 0.1319 0.3428 0.6810 1.0000 1.0000 0.8956 0.3146 0.1103 0.0379 0.0130 0.0045 0.0015 1.0000 1.0000 1.0000 1.0000 0.7265 0.2490 0.0852 0.0292 0.0100 0.0034 0.0012 1.0000 1.0000 1.0000 1.0000 0.5504 0.1883 0.0644 0.0220 0.0075 0.0026 0.0009 1.0000 1.0000 1.0000 1.0000 0.4153 0.1421 0.0486 0.0166 0.0057 0.0019 0.0007 1.0000 1.0000 1.0000 0.9162 0.3093 0.1168 0.0170
1.0000 0.0019 0.0049 0.0145 0.0424 0.1239 0.3622 1.0000 1.0000 1.0000 1.0000 0.0008 0.0022 0.0066 0.0192 0.0562 0.1642 0.4799 1.0000 1.0000 1.0000 1.0000 0.0010 0.0030 0.0087 0.0255 0.0744 0.2176 0.6360 1.0000 1.0000 1.0000 1.0000 0.0014 0.0040 0.0116 0.0338 0.0984 0.2877 0.8379 1.0000 1.0000 1.0000 1.0000 0.0018 0.0052 0.0150 0.0440 0.1285 0.3741 1.0000 1.0000 1.0000 0.8990 0.3129 0.1116 0.0384 0.0132 0.0045 0.0016 1.0000 1.0000 1.0000 1.0000 0.7433 0.2548 0.0873 0.0299 0.0102 0.0035 0.0012 1.0000 1.0000 1.0000 1.0000 0.5652 0.1934 0.0662 0.0226 0.0077 0.0026 0.0009 1.0000 1.0000 1.0000 1.0000 0.4266 0.1459 0.0499 0.0171 0.0058 0.0020 0.0007 1.0000 1.0000 1.0000 0.9410 0.3225 0.1089 0.0410 0.0060
0.0010 0.0066 0.0174 0.0516 0.1504 0.4397 1.0000 1.0000 1.0000 1.0000 0.0009 0.0027 0.0080 0.0233 0.0682 0.1993 0.5827 1.0000 1.0000 1.0000 1.0000 0.0012 0.0036 0.0106 0.0309 0.0904 0.2641 0.7721 1.0000 1.0000 1.0000 1.0000 0.0016 0.0048 0.0140 0.0410 0.1195 0.3487 1.0000 1.0000 1.0000 1.0000 1.0000 0.0021 0.0062 0.0182 0.0531 0.1545 0.4490 1.0000 1.0000 1.0000 0.9076 0.3075 0.1116 0.0385 0.0133 0.0046 0.0016 1.0000 1.0000 1.0000 1.0000 0.7576 0.2597 0.0890 0.0305 0.0105 0.0036 0.0012 1.0000 1.0000 1.0000 1.0000 0.5772 0.1975 0.0676 0.0231 0.0079 0.0027 0.0009 1.0000 1.0000 1.0000 1.0000 0.4356 0.1490 0.0510 0.0174 0.0060 0.0020 0.0007 1.0000 1.0000 1.0000 0.9608 0.3287 0.1127 0.0380 0.0144 0.0021
