0.0104 0.1187 0.0065 -0.1619 -0.1949 -0.2045 -0.1732 -0.0951 -0.0425 -0.0180 0.0060 0.0383 0.1236 -0.0015 -0.1671 -0.1957 -0.2043 -0.1709 -0.0923 -0.0415 -0.0172 0.0068 0.0398 0.1233 -0.0077 -0.1682 -0.1964 -0.2040 -0.1691 -0.0901 -0.0406 -0.0165 0.0076 0.0412 0.1229 -0.0143 -0.1694 -0.1970 -0.2037 -0.1668 -0.0876 -0.0396 -0.0158 0.0084 0.0428 0.1222 -0.0208 -0.1705 -0.1988 -0.2021 -0.1857 -0.2021 -0.1988 -0.1705 -0.0208 0.1222 0.0428 0.0084 -0.0158 -0.0396 -0.0876 -0.1668 -0.2037 -0.1970 -0.1694 -0.0143 0.1229 0.0412 0.0076 -0.0165 -0.0406 -0.0901 -0.1691 -0.2040 -0.1964 -0.1682 -0.0077 0.1233 0.0398 0.0068 -0.0172 -0.0415 -0.0923 -0.1709 -0.2043 -0.1957 -0.1671 -0.0015 0.1236 0.0383 0.0060 -0.0180 -0.0425 -0.0951 -0.1732 -0.2045 -0.1949 -0.1619 0.0065 0.1187 0.0104
0.1187 0.0079 -0.3083 -0.3374 -0.3276 -0.2600 -0.1115 -0.0296 0.0019 0.0252 0.0581 0.1586 -0.0074 -0.3224 -0.3376 -0.3264 -0.2556 -0.1064 -0.0283 0.0028 0.0261 0.0597 0.1589 -0.0171 -0.3231 -0.3377 -0.3253 -0.2522 -0.1025 -0.0272 0.0036 0.0268 0.0611 0.1590 -0.0267 -0.3238 -0.3379 -0.3241 -0.2480 -0.0979 -0.0260 0.0044 0.0277 0.0628 0.1588 -0.0367 -0.3245 -0.3379 -0.3197 -0.2388 -0.1597 -0.2388 -0.3197 -0.3379 -0.3245 -0.0367 0.1588 0.0628 0.0277 0.0044 -0.0260 -0.0979 -0.2480 -0.3241 -0.3379 -0.3238 -0.0267 0.1590 0.0611 0.0268 0.0036 -0.0272 -0.1025 -0.2522 -0.3253 -0.3377 -0.3231 -0.0171 0.1589 0.0597 0.0261 0.0028 -0.0283 -0.1064 -0.2556 -0.3264 -0.3376 -0.3224 -0.0074 0.1586 0.0581 0.0252 0.0019 -0.0296 -0.1115 -0.2600 -0.3276 -0.3374 -0.3083 0.0079 0.1187
0.0065 -0.3083 -0.3380 -0.3272 -0.2560 -0.1044 -0.0274 -0.0000 0.0220 0.0590 0.1586 -0.0143 -0.3234 -0.3382 -0.3255 -0.2506 -0.0990 -0.0262 0.0008 0.0231 0.0607 0.1588 -0.0242 -0.3241 -0.3383 -0.3244 -0.2467 -0.0951 -0.0252 0.0015 0.0240 0.0621 0.1587 -0.0330 -0.3248 -0.3384 -0.3231 -0.2423 -0.0908 -0.0241 0.0022 0.0250 0.0639 0.1584 -0.0429 -0.3255 -0.3385 -0.3219 -0.2315 -0.0804 -0.0357 -0.0804 -0.2315 -0.3219 -0.3385 -0.3255 -0.0429 0.1584 0.0639 0.0250 0.0022 -0.0241 -0.0908 -0.2423 -0.3231 -0.3384 -0.3248 -0.0330 0.1587 0.0621 0.0240 0.0015 -0.0252 -0.0951 -0.2467 -0.3244 -0.3383 -0.3241 -0.0242 0.1588 0.0607 0.0231 0.0008 -0.0262 -0.0990 -0.2506 -0.3255 -0.3382 -0.3234 -0.0143 0.1586 0.0590 0.0220 -0.0000 -0.0274 -0.1044 -0.2560 -0.3272 -0.3380 -0.3083 0.0065
-0.1619 -0.3374 -0.3272 -0.2556 -0.1034 -0.0270 0.0007 0.0226 0.0599 0.1588 -0.0205 -0.3238 -0.3383 -0.3247 -0.2481 -0.0966 -0.0255 0.0016 0.0238 0.0618 0.1588 -0.0308 -0.3246 -0.3384 -0.3235 -0.2441 -0.0925 -0.0245 0.0022 0.0247 0.0633 0.1586 -0.0392 -0.3252 -0.3385 -0.3223 -0.2397 -0.0883 -0.0234 0.0030 0.0257 0.0651 0.1581 -0.0491 -0.3259 -0.3385 -0.3210 -0.2358 -0.0809 -0.0186 0.0006 -0.0186 -0.0809 -0.2358 -0.3210 -0.3385 -0.3259 -0.0491 0.1581 0.0651 0.0257 0.0030 -0.0234 -0.0883 -0.2397 -0.3223 -0.3385 -0.3252 -0.0392 0.1586 0.0633 0.0247 0.0022 -0.0245 -0.0925 -0.2441 -0.3235 -0.3384 -0.3246 -0.0308 0.1588 0.0618 0.0238 0.0016 -0.0255 -0.0966 -0.2481 -0.3247 -0.3383 -0.3238 -0.0205 0.1588 0.0599 0.0226 0.0007 -0.0270 -0.1034 -0.2556 -0.3272 -0.3374 -0.1619
-0.1949 -0.3276 -0.2560 -0.1034 -0.0268 0.0009 0.0230 0.0607 0.1588 -0.0260 -0.3243 -0.3383 -0.3240 -0.2453 -0.0938 -0.0248 0.0020 0.0244 0.0629 0.1586 -0.0372 -0.3251 -0.3384 -0.3227 -0.2412 -0.0898 -0.0238 0.0027 0.0253 0.0644 0.1583 -0.0455 -0.3257 -0.3385 -0.3214 -0.2369 -0.0858 -0.0227 0.0034 0.0264 0.0662 0.1576 -0.0552 -0.3264 -0.3386 -0.3200 -0.2326 -0.0824 -0.0218 0.0068 0.0224 0.0068 -0.0218 -0.0824 -0.2326 -0.3200 -0.3386 -0.3264 -0.0552 0.1576 0.0662 0.0264 0.0034 -0.0227 -0.0858 -0.2369 -0.3214 -0.3385 -0.3257 -0.0455 0.1583 0.0644 0.0253 0.0027 -0.0238 -0.0898 -0.2412 -0.3227 -0.3384 -0.3251 -0.0372 0.1586 0.0629 0.0244 0.0020 -0.0248 -0.0938 -0.2453 -0.3240 -0.3383 -0.3243 -0.0260 0.1588 0.0607 0.0230 0.0009 -0.0268 -0.1034 -0.2560 -0.3276 -0.1949
-0.2045 -0.2600 -0.1044 -0.0270 0.0009 0.0232 0.0611 0.1588 -0.0305 -0.3246 -0.3384 -0.3233 -0.2429 -0.0912 -0.0242 0.0025 0.0251 0.0640 0.1584 -0.0434 -0.3255 -0.3385 -0.3218 -0.2384 -0.0872 -0.0231 0.0031 0.0260 0.0656 0.1579 -0.0516 -0.3261 -0.3386 -0.3205 -0.2341 -0.0835 -0.0221 0.0039 0.0271 0.0674 0.1570 -0.0611 -0.3268 -0.3386 -0.3191 -0.2296 -0.0798 -0.0212 0.0045 0.0311 0.0570 0.0311 0.0045 -0.0212 -0.0798 -0.2296 -0.3191 -0.3386 -0.3268 -0.0611 0.1570 0.0674 0.0271 0.0039 -0.0221 -0.0835 -0.2341 -0.3205 -0.3386 -0.3261 -0.0516 0.1579 0.0656 0.0260 0.0031 -0.0231 -0.0872 -0.2384 -0.3218 -0.3385 -0.3255 -0.0434 0.1584 0.0640 0.0251 0.0025 -0.0242 -0.0912 -0.2429 -0.3233 -0.3384 -0.3246 -0.0305 0.1588 0.0611 0.0232 0.0009 -0.0270 -0.1044 -0.2600 -0.2045
-0.1732 -0.1115 -0.0274 0.0007 0.0230 0.0611 0.1588 -0.0329 -0.3249 -0.3385 -0.3227 -0.2407 -0.0890 -0.0236 0.0029 0.0257 0.0651 0.1580 -0.0496 -0.3260 -0.3385 -0.3209 -0.2354 -0.0846 -0.0225 0.0036 0.0267 0.0667 0.1574 -0.0577 -0.3266 -0.3386 -0.3196 -0.2314 -0.0811 -0.0214 0.0043 0.0278 0.0686 0.1563 -0.0671 -0.3273 -0.3386 -0.3181 -0.2266 -0.0775 -0.0204 0.0049 0.0288 0.0712 0.1164 0.0712 0.0288 0.0049 -0.0204 -0.0775 -0.2266 -0.3181 -0.3386 -0.3273 -0.0671 0.1563 0.0686 0.0278 0.0043 -0.0214 -0.0811 -0.2314 -0.3196 -0.3386 -0.3266 -0.0577 0.1574 0.0667 0.0267 0.0036 -0.0225 -0.0846 -0.2354 -0.3209 -0.3385 -0.3260 -0.0496 0.1580 0.0651 0.0257 0.0029 -0.0236 -0.0890 -0.2407 -0.3227 -0.3385 -0.3249 -0.0329 0.1588 0.0611 0.0230 0.0007 -0.0274 -0.1115 -0.1732
-0.0951 -0.0296 -0.0000 0.0226 0.0607 0.1588 -0.0329 -0.3250 -0.3385 -0.3222 -0.2390 -0.0872 -0.0230 0.0033 0.0263 0.0661 0.1576 -0.0554 -0.3264 -0.3386 -0.3199 -0.2325 -0.0821 -0.0218 0.0040 0.0274 0.0679 0.1567 -0.0636 -0.3270 -0.3386 -0.3186 -0.2285 -0.0789 -0.0208 0.0047 0.0284 0.0699 0.1554 -0.0729 -0.3277 -0.3386 -0.3170 -0.2235 -0.0753 -0.0198 0.0054 0.0294 0.0721 0.1420 0.0324 0.1420 0.0721 0.0294 0.0054 -0.0198 -0.0753 -0.2235 -0.3170 -0.3386 -0.3277 -0.0729 0.1554 0.0699 0.0284 0.0047 -0.0208 -0.0789 -0.2285 -0.3186 -0.3386 -0.3270 -0.0636 0.1567 0.0679 0.0274 0.0040 -0.0218 -0.0821 -0.2325 -0.3199 -0.3386 -0.3264 -0.0554 0.1576 0.0661 0.0263 0.0033 -0.0230 -0.0872 -0.2390 -0.3222 -0.3385 -0.3250 -0.0329 0.1588 0.0607 0.0226 -0.0000 -0.0296 -0.0951
-0.0425 0.0019 0.0220 0.0599 0.1588 -0.0305 -0.3249 -0.3385 -0.3221 -0.2380 -0.0860 -0.0226 0.0036 0.0268 0.0671 0.1571 -0.0606 -0.3268 -0.3386 -0.3190 -0.2294 -0.0797 -0.0211 0.0045 0.0281 0.0692 0.1559 -0.0695 -0.3275 -0.3386 -0.3176 -0.2254 -0.0766 -0.0202 0.0052 0.0291 0.0711 0.1544 -0.0787 -0.3281 -0.3385 -0.3159 -0.2203 -0.0730 -0.0192 0.0058 0.0302 0.0731 0.1512 -0.0920 -0.2949 -0.0920 0.1512 0.0731 0.0302 0.0058 -0.0192 -0.0730 -0.2203 -0.3159 -0.3385 -0.3281 -0.0787 0.1544 0.0711 0.0291 0.0052 -0.0202 -0.0766 -0.2254 -0.3176 -0.3386 -0.3275 -0.0695 0.1559 0.0692 0.0281 0.0045 -0.0211 -0.0797 -0.2294 -0.3190 -0.3386 -0.3268 -0.0606 0.1571 0.0671 0.0268 0.0036 -0.0226 -0.0860 -0.2380 -0.3221 -0.3385 -0.3249 -0.0305 0.1588 0.0599 0.0220 0.0019 -0.0425
-0.0180 0.0252 0.0590 0.1588 -0.0260 -0.3246 -0.3385 -0.3222 -0.2380 -0.0855 -0.0224 0.0038 0.0272 0.0680 0.1566 -0.0656 -0.3272 -0.3386 -0.3181 -0.2265 -0.0774 -0.0204 0.0049 0.0288 0.0704 0.1550 -0.0753 -0.3279 -0.3386 -0.3165 -0.2222 -0.0743 -0.0195 0.0055 0.0298 0.0723 0.1532 -0.0844 -0.3286 -0.3385 -0.3148 -0.2171 -0.0708 -0.0185 0.0062 0.0308 0.0743 0.1512 -0.0950 -0.3304 -0.3390 -0.3304 -0.0950 0.1512 0.0743 0.0308 0.0062 -0.0185 -0.0708 -0.2171 -0.3148 -0.3385 -0.3286 -0.0844 0.1532 0.0723 0.0298 0.0055 -0.0195 -0.0743 -0.2222 -0.3165 -0.3386 -0.3279 -0.0753 0.1550 0.0704 0.0288 0.0049 -0.0204 -0.0774 -0.2265 -0.3181 -0.3386 -0.3272 -0.0656 0.1566 0.0680 0.0272 0.0038 -0.0224 -0.0855 -0.2380 -0.3222 -0.3385 -0.3246 -0.0260 0.1588 0.0590 0.0252 -0.0180
0.0060 0.0581 0.1586 -0.0205 -0.3243 -0.3384 -0.3227 -0.2390 -0.0860 -0.0224 0.0039 0.0274 0.0685 0.1561 -0.0697 -0.3275 -0.3386 -0.3171 -0.2238 -0.0753 -0.0198 0.0054 0.0295 0.0717 0.1539 -0.0811 -0.3283 -0.3385 -0.3154 -0.2190 -0.0721 -0.0189 0.0060 0.0304 0.0736 0.1519 -0.0899 -0.3290 -0.3384 -0.3136 -0.2139 -0.0687 -0.0178 0.0067 0.0315 0.0757 0.1496 -0.0980 -0.3299 -0.3392 -0.3343 -0.3392 -0.3299 -0.0980 0.1496 0.0757 0.0315 0.0067 -0.0178 -0.0687 -0.2139 -0.3136 -0.3384 -0.3290 -0.0899 0.1519 0.0736 0.0304 0.0060 -0.0189 -0.0721 -0.2190 -0.3154 -0.3385 -0.3283 -0.0811 0.1539 0.0717 0.0295 0.0054 -0.0198 -0.0753 -0.2238 -0.3171 -0.3386 -0.3275 -0.0697 0.1561 0.0685 0.0274 0.0039 -0.0224 -0.0860 -0.2390 -0.3227 -0.3384 -0.3243 -0.0205 0.1586 0.0581 0.0060
0.0383 0.1586 -0.0143 -0.3238 -0.3383 -0.3233 -0.2407 -0.0872 -0.0226 0.0038 0.0274 0.0686 0.1559 -0.0721 -0.3278 -0.3386 -0.3163 -0.2212 -0.0734 -0.0192 0.0058 0.0301 0.0730 0.1526 -0.0868 -0.3287 -0.3385 -0.3143 -0.2158 -0.0699 -0.0182 0.0064 0.0311 0.0749 0.1505 -0.0953 -0.3294 -0.3384 -0.3125 -0.2106 -0.0667 -0.0172 0.0071 0.0323 0.0770 0.1478 -0.1037 -0.3299 -0.3373 -0.3100 -0.2710 -0.3100 -0.3373 -0.3299 -0.1037 0.1478 0.0770 0.0323 0.0071 -0.0172 -0.0667 -0.2106 -0.3125 -0.3384 -0.3294 -0.0953 0.1505 0.0749 0.0311 0.0064 -0.0182 -0.0699 -0.2158 -0.3143 -0.3385 -0.3287 -0.0868 0.1526 0.0730 0.0301 0.0058 -0.0192 -0.0734 -0.2212 -0.3163 -0.3386 -0.3278 -0.0721 0.1559 0.0686 0.0274 0.0038 -0.0226 -0.0872 -0.2407 -0.3233 -0.3383 -0.3238 -0.0143 0.1586 0.0383
0.1236 -0.0074 -0.3234 -0.3383 -0.3240 -0.2429 -0.0890 -0.0230 0.0036 0.0272 0.0685 0.1559 -0.0729 -0.3279 -0.3386 -0.3158 -0.2191 -0.0717 -0.0186 0.0062 0.0308 0.0742 0.1512 -0.0924 -0.3291 -0.3384 -0.3131 -0.2125 -0.0678 -0.0176 0.0069 0.0318 0.0762 0.1489 -0.1007 -0.3297 -0.3383 -0.3112 -0.2073 -0.0647 -0.0165 0.0076 0.0330 0.0785 0.1459 -0.1091 -0.3303 -0.3381 -0.3059 -0.1971 -0.1133 -0.1971 -0.3059 -0.3381 -0.3303 -0.1091 0.1459 0.0785 0.0330 0.0076 -0.0165 -0.0647 -0.2073 -0.3112 -0.3383 -0.3297 -0.1007 0.1489 0.0762 0.0318 0.0069 -0.0176 -0.0678 -0.2125 -0.3131 -0.3384 -0.3291 -0.0924 0.1512 0.0742 0.0308 0.0062 -0.0186 -0.0717 -0.2191 -0.3158 -0.3386 -0.3279 -0.0729 0.1559 0.0685 0.0272 0.0036 -0.0230 -0.0890 -0.2429 -0.3240 -0.3383 -0.3234 -0.0074 0.1236
-0.0015 -0.3224 -0.3382 -0.3247 -0.2453 -0.0912 -0.0236 0.0033 0.0268 0.0680 0.1561 -0.0721 -0.3279 -0.3386 -0.3154 -0.2178 -0.0705 -0.0182 0.0065 0.0314 0.0754 0.1498 -0.0976 -0.3295 -0.3383 -0.3120 -0.2092 -0.0658 -0.0169 0.0073 0.0326 0.0776 0.1471 -0.1058 -0.3301 -0.3382 -0.3100 -0.2039 -0.0627 -0.0159 0.0080 0.0337 0.0800 0.1437 -0.1144 -0.3307 -0.3380 -0.3083 -0.1921 -0.0553 -0.0229 -0.0553 -0.1921 -0.3083 -0.3380 -0.3307 -0.1144 0.1437 0.0800 0.0337 0.0080 -0.0159 -0.0627 -0.2039 -0.3100 -0.3382 -0.3301 -0.1058 0.1471 0.0776 0.0326 0.0073 -0.0169 -0.0658 -0.2092 -0.3120 -0.3383 -0.3295 -0.0976 0.1498 0.0754 0.0314 0.0065 -0.0182 -0.0705 -0.2178 -0.3154 -0.3386 -0.3279 -0.0721 0.1561 0.0680 0.0268 0.0033 -0.0236 -0.0912 -0.2453 -0.3247 -0.3382 -0.3224 -0.0015
-0.1671 -0.3376 -0.3255 -0.2481 -0.0938 -0.0242 0.0029 0.0263 0.0671 0.1566 -0.0697 -0.3278 -0.3386 -0.3154 -0.2174 -0.0699 -0.0179 0.0068 0.0319 0.0765 0.1484 -0.1023 -0.3299 -0.3383 -0.3108 -0.2060 -0.0639 -0.0163 0.0077 0.0333 0.0791 0.1450 -0.1112 -0.3305 -0.3381 -0.3088 -0.2007 -0.0609 -0.0153 0.0084 0.0345 0.0815 0.1412 -0.1201 -0.3311 -0.3379 -0.3069 -0.1960 -0.0563 -0.0109 0.0058 -0.0109 -0.0563 -0.1960 -0.3069 -0.3379 -0.3311 -0.1201 0.1412 0.0815 0.0345 0.0084 -0.0153 -0.0609 -0.2007 -0.3088 -0.3381 -0.3305 -0.1112 0.1450 0.0791 0.0333 0.0077 -0.0163 -0.0639 -0.2060 -0.3108 -0.3383 -0.3299 -0.1023 0.1484 0.0765 0.0319 0.0068 -0.0179 -0.0699 -0.2174 -0.3154 -0.3386 -0.3278 -0.0697 0.1566 0.0671 0.0263 0.0029 -0.0242 -0.0938 -0.2481 -0.3255 -0.3376 -0.1671
-0.1957 -0.3264 -0.2506 -0.0966 -0.0248 0.0025 0.0257 0.0661 0.1571 -0.0656 -0.3275 -0.3386 -0.3158 -0.2178 -0.0699 -0.0178 0.0069 0.0322 0.0773 0.1470 -0.1067 -0.3302 -0.3382 -0.3097 -0.2029 -0.0620 -0.0156 0.0082 0.0340 0.0806 0.1427 -0.1168 -0.3308 -0.3379 -0.3076 -0.1975 -0.0592 -0.0146 0.0089 0.0352 0.0831 0.1386 -0.1257 -0.3314 -0.3377 -0.3055 -0.1923 -0.0568 -0.0138 0.0120 0.0304 0.0120 -0.0138 -0.0568 -0.1923 -0.3055 -0.3377 -0.3314 -0.1257 0.1386 0.0831 0.0352 0.0089 -0.0146 -0.0592 -0.1975 -0.3076 -0.3379 -0.3308 -0.1168 0.1427 0.0806 0.0340 0.0082 -0.0156 -0.0620 -0.2029 -0.3097 -0.3382 -0.3302 -0.1067 0.1470 0.0773 0.0322 0.0069 -0.0178 -0.0699 -0.2178 -0.3158 -0.3386 -0.3275 -0.0656 0.1571 0.0661 0.0257 0.0025 -0.0248 -0.0966 -0.2506 -0.3264 -0.1957
-0.2043 -0.2556 -0.0990 -0.0255 0.0020 0.0251 0.0651 0.1576 -0.0606 -0.3272 -0.3386 -0.3163 -0.2191 -0.0705 -0.0179 0.0069 0.0323 0.0777 0.1462 -0.1100 -0.3305 -0.3381 -0.3086 -0.1999 -0.0604 -0.0151 0.0086 0.0348 0.0821 0.1401 -0.1224 -0.3312 -0.3378 -0.3063 -0.1942 -0.0575 -0.0141 0.0093 0.0360 0.0847 0.1357 -0.1314 -0.3318 -0.3375 -0.3041 -0.1888 -0.0550 -0.0133 0.0099 0.0400 0.0682 0.0400 0.0099 -0.0133 -0.0550 -0.1888 -0.3041 -0.3375 -0.3318 -0.1314 0.1357 0.0847 0.0360 0.0093 -0.0141 -0.0575 -0.1942 -0.3063 -0.3378 -0.3312 -0.1224 0.1401 0.0821 0.0348 0.0086 -0.0151 -0.0604 -0.1999 -0.3086 -0.3381 -0.3305 -0.1100 0.1462 0.0777 0.0323 0.0069 -0.0179 -0.0705 -0.2191 -0.3163 -0.3386 -0.3272 -0.0606 0.1576 0.0651 0.0251 0.0020 -0.0255 -0.0990 -0.2556 -0.2043
-0.1709 -0.1064 -0.0262 0.0016 0.0244 0.0640 0.1580 -0.0554 -0.3268 -0.3386 -0.3171 -0.2212 -0.0717 -0.0182 0.0068 0.0322 0.0777 0.1459 -0.1114 -0.3306 -0.3380 -0.3078 -0.1973 -0.0590 -0.0145 0.0090 0.0355 0.0837 0.1374 -0.1281 -0.3316 -0.3376 -0.3050 -0.1909 -0.0559 -0.0135 0.0097 0.0368 0.0864 0.1325 -0.1371 -0.3322 -0.3373 -0.3027 -0.1855 -0.0534 -0.0125 0.0103 0.0379 0.0867 0.1308 0.0867 0.0379 0.0103 -0.0125 -0.0534 -0.1855 -0.3027 -0.3373 -0.3322 -0.1371 0.1325 0.0864 0.0368 0.0097 -0.0135 -0.0559 -0.1909 -0.3050 -0.3376 -0.3316 -0.1281 0.1374 0.0837 0.0355 0.0090 -0.0145 -0.0590 -0.1973 -0.3078 -0.3380 -0.3306 -0.1114 0.1459 0.0777 0.0322 0.0068 -0.0182 -0.0717 -0.2212 -0.3171 -0.3386 -0.3268 -0.0554 0.1580 0.0640 0.0244 0.0016 -0.0262 -0.1064 -0.1709
-0.0923 -0.0283 0.0008 0.0238 0.0629 0.1584 -0.0496 -0.3264 -0.3386 -0.3181 -0.2238 -0.0734 -0.0186 0.0065 0.0319 0.0773 0.1462 -0.1114 -0.3307 -0.3380 -0.3072 -0.1954 -0.0577 -0.0140 0.0093 0.0361 0.0851 0.1347 -0.1335 -0.3319 -0.3374 -0.3036 -0.1875 -0.0544 -0.0129 0.0101 0.0375 0.0882 0.1291 -0.1429 -0.3325 -0.3371 -0.3012 -0.1819 -0.0519 -0.0120 0.0108 0.0386 0.0917 0.1198 -0.0551 0.1198 0.0917 0.0386 0.0108 -0.0120 -0.0519 -0.1819 -0.3012 -0.3371 -0.3325 -0.1429 0.1291 0.0882 0.0375 0.0101 -0.0129 -0.0544 -0.1876 -0.3035 -0.3374 -0.3319 -0.1335 0.1347 0.0851 0.0361 0.0093 -0.0140 -0.0577 -0.1954 -0.3072 -0.3380 -0.3307 -0.1114 0.1462 0.0773 0.0319 0.0065 -0.0186 -0.0734 -0.2238 -0.3181 -0.3386 -0.3264 -0.0496 0.1584 0.0629 0.0238 0.0008 -0.0283 -0.0923
-0.0415 0.0028 0.0231 0.0618 0.1586 -0.0434 -0.3260 -0.3386 -0.3190 -0.2265 -0.0753 -0.0192 0.0062 0.0314 0.0765 0.1470 -0.1100 -0.3306 -0.3380 -0.3070 -0.1944 -0.0570 -0.0137 0.0097 0.0367 0.0866 0.1320 -0.1385 -0.3323 -0.3373 -0.3021 -0.1839 -0.0528 -0.0124 0.0105 0.0382 0.0900 0.1255 -0.1487 -0.3328 -0.3369 -0.2996 -0.1783 -0.0503 -0.0114 0.0112 0.0394 0.0930 0.1170 -0.1625 -0.3260 -0.1625 0.1170 0.0930 0.0394 0.0112 -0.0114 -0.0503 -0.1783 -0.2996 -0.3369 -0.3328 -0.1487 0.1255 0.0900 0.0382 0.0105 -0.0123 -0.0528 -0.1840 -0.3021 -0.3373 -0.3323 -0.1385 0.1320 0.0866 0.0367 0.0097 -0.0137 -0.0570 -0.1944 -0.3070 -0.3380 -0.3306 -0.1100 0.1470 0.0765 0.0314 0.0062 -0.0192 -0.0753 -0.2265 -0.3190 -0.3386 -0.3260 -0.0434 0.1586 0.0618 0.0231 0.0028 -0.0415
-0.0172 0.0261 0.0607 0.1588 -0.0372 -0.3255 -0.3385 -0.3199 -0.2294 -0.0774 -0.0198 0.0058 0.0308 0.0754 0.1484 -0.1067 -0.3305 -0.3380 -0.3072 -0.1944 -0.0568 -0.0135 0.0098 0.0372 0.0878 0.1293 -0.1433 -0.3326 -0.3371 -0.3007 -0.1805 -0.0513 -0.0118 0.0109 0.0390 0.0918 0.1217 -0.1546 -0.3332 -0.3366 -0.2980 -0.1747 -0.0489 -0.0108 0.0116 0.0402 0.0947 0.1157 -0.1655 -0.3348 -0.3410 -0.3348 -0.1655 0.1157 0.0947 0.0402 0.0116 -0.0108 -0.0489 -0.1747 -0.2980 -0.3366 -0.3332 -0.1546 0.1217 0.0918 0.0390 0.0109 -0.0118 -0.0513 -0.1805 -0.3007 -0.3371 -0.3326 -0.1433 0.1293 0.0878 0.0372 0.0098 -0.0135 -0.0568 -0.1944 -0.3072 -0.3380 -0.3305 -0.1067 0.1484 0.0754 0.0308 0.0058 -0.0198 -0.0774 -0.2294 -0.3199 -0.3385 -0.3255 -0.0372 0.1588 0.0607 0.0261 -0.0172
0.0068 0.0597 0.1588 -0.0308 -0.3251 -0.3385 -0.3209 -0.2325 -0.0797 -0.0204 0.0054 0.0301 0.0742 0.1498 -0.1023 -0.3302 -0.3381 -0.3078 -0.1954 -0.0570 -0.0135 0.0099 0.0374 0.0886 0.1272 -0.1474 -0.3328 -0.3369 -0.2994 -0.1774 -0.0499 -0.0112 0.0114 0.0397 0.0937 0.1178 -0.1604 -0.3335 -0.3364 -0.2964 -0.1711 -0.0474 -0.0102 0.0120 0.0410 0.0968 0.1111 -0.1693 -0.3341 -0.3366 -0.3256 -0.3366 -0.3341 -0.1693 0.1111 0.0968 0.0410 0.0120 -0.0102 -0.0474 -0.1711 -0.2964 -0.3364 -0.3335 -0.1604 0.1178 0.0937 0.0397 0.0114 -0.0112 -0.0499 -0.1774 -0.2994 -0.3369 -0.3328 -0.1474 0.1272 0.0886 0.0374 0.0099 -0.0135 -0.0570 -0.1954 -0.3078 -0.3381 -0.3302 -0.1023 0.1498 0.0742 0.0301 0.0054 -0.0204 -0.0797 -0.2325 -0.3209 -0.3385 -0.3251 -0.0308 0.1588 0.0597 0.0068
0.0398 0.1589 -0.0242 -0.3246 -0.3384 -0.3218 -0.2354 -0.0821 -0.0211 0.0049 0.0295 0.0730 0.1512 -0.0976 -0.3299 -0.3382 -0.3086 -0.1973 -0.0577 -0.0137 0.0098 0.0374 0.0888 0.1263 -0.1499 -0.3330 -0.3367 -0.2982 -0.1745 -0.0486 -0.0107 0.0118 0.0405 0.0956 0.1135 -0.1662 -0.3338 -0.3361 -0.2948 -0.1675 -0.0461 -0.0096 0.0125 0.0418 0.0989 0.1064 -0.1756 -0.3342 -0.3342 -0.2907 -0.2372 -0.2907 -0.3342 -0.3342 -0.1756 0.1064 0.0989 0.0418 0.0125 -0.0096 -0.0461 -0.1675 -0.2948 -0.3361 -0.3338 -0.1662 0.1135 0.0956 0.0405 0.0118 -0.0107 -0.0486 -0.1745 -0.2982 -0.3367 -0.3330 -0.1499 0.1263 0.0888 0.0374 0.0098 -0.0137 -0.0577 -0.1973 -0.3086 -0.3382 -0.3299 -0.0976 0.1512 0.0730 0.0295 0.0049 -0.0211 -0.0821 -0.2354 -0.3218 -0.3384 -0.3246 -0.0242 0.1589 0.0398
0.1233 -0.0171 -0.3241 -0.3384 -0.3227 -0.2384 -0.0846 -0.0218 0.0045 0.0288 0.0717 0.1526 -0.0924 -0.3295 -0.3383 -0.3097 -0.1999 -0.0590 -0.0140 0.0097 0.0372 0.0886 0.1263 -0.1506 -0.3331 -0.3366 -0.2973 -0.1721 -0.0475 -0.0102 0.0121 0.0412 0.0974 0.1094 -0.1719 -0.3341 -0.3358 -0.2931 -0.1639 -0.0447 -0.0091 0.0129 0.0426 0.1011 0.1016 -0.1818 -0.3345 -0.3353 -0.2861 -0.1524 -0.0769 -0.1524 -0.2861 -0.3353 -0.3345 -0.1818 0.1016 0.1011 0.0426 0.0129 -0.0091 -0.0447 -0.1639 -0.2931 -0.3358 -0.3341 -0.1719 0.1094 0.0974 0.0412 0.0121 -0.0102 -0.0475 -0.1721 -0.2973 -0.3366 -0.3331 -0.1506 0.1263 0.0886 0.0372 0.0097 -0.0140 -0.0590 -0.1999 -0.3097 -0.3383 -0.3295 -0.0924 0.1526 0.0717 0.0288 0.0045 -0.0218 -0.0846 -0.2384 -0.3227 -0.3384 -0.3241 -0.0171 0.1233
-0.0077 -0.3231 -0.3383 -0.3235 -0.2412 -0.0872 -0.0225 0.0040 0.0281 0.0704 0.1539 -0.0868 -0.3291 -0.3383 -0.3108 -0.2029 -0.0604 -0.0145 0.0093 0.0367 0.0878 0.1272 -0.1499 -0.3331 -0.3366 -0.2968 -0.1706 -0.0467 -0.0098 0.0125 0.0419 0.0992 0.1054 -0.1772 -0.3343 -0.3355 -0.2915 -0.1605 -0.0435 -0.0085 0.0134 0.0434 0.1035 0.0963 -0.1881 -0.3348 -0.3350 -0.2889 -0.1486 -0.0377 -0.0126 -0.0377 -0.1486 -0.2889 -0.3350 -0.3348 -0.1881 0.0963 0.1035 0.0434 0.0134 -0.0085 -0.0435 -0.1605 -0.2915 -0.3355 -0.3343 -0.1772 0.1054 0.0992 0.0419 0.0125 -0.0098 -0.0467 -0.1706 -0.2968 -0.3366 -0.3331 -0.1499 0.1272 0.0878 0.0367 0.0093 -0.0145 -0.0604 -0.2029 -0.3108 -0.3383 -0.3291 -0.0868 0.1539 0.0704 0.0281 0.0040 -0.0225 -0.0872 -0.2412 -0.3235 -0.3383 -0.3231 -0.0077
-0.1682 -0.3377 -0.3244 -0.2441 -0.0898 -0.0231 0.0036 0.0274 0.0692 0.1550 -0.0811 -0.3287 -0.3384 -0.3120 -0.2060 -0.0620 -0.0151 0.0090 0.0361 0.0866 0.1293 -0.1474 -0.3330 -0.3366 -0.2968 -0.1702 -0.0464 -0.0095 0.0127 0.0424 0.1010 0.1012 -0.1826 -0.3346 -0.3352 -0.2900 -0.1573 -0.0423 -0.0080 0.0138 0.0443 0.1060 0.0907 -0.1949 -0.3351 -0.3346 -0.2870 -0.1521 -0.0397 -0.0039 0.0108 -0.0039 -0.0397 -0.1521 -0.2870 -0.3346 -0.3351 -0.1949 0.0907 0.1060 0.0443 0.0138 -0.0080 -0.0423 -0.1573 -0.2900 -0.3352 -0.3346 -0.1826 0.1012 0.1010 0.0424 0.0127 -0.0095 -0.0464 -0.1702 -0.2968 -0.3366 -0.3330 -0.1474 0.1293 0.0866 0.0361 0.0090 -0.0151 -0.0620 -0.2060 -0.3120 -0.3384 -0.3287 -0.0811 0.1550 0.0692 0.0274 0.0036 -0.0231 -0.0898 -0.2441 -0.3244 -0.3377 -0.1682
-0.1964 -0.3253 -0.2467 -0.0925 -0.0238 0.0031 0.0267 0.0679 0.1559 -0.0753 -0.3283 -0.3385 -0.3131 -0.2092 -0.0639 -0.0156 0.0086 0.0355 0.0851 0.1320 -0.1433 -0.3328 -0.3367 -0.2973 -0.1706 -0.0464 -0.0094 0.0128 0.0428 0.1024 0.0975 -0.1878 -0.3348 -0.3349 -0.2884 -0.1543 -0.0413 -0.0075 0.0142 0.0451 0.1087 0.0850 -0.2018 -0.3354 -0.3342 -0.2851 -0.1483 -0.0395 -0.0066 0.0175 0.0391 0.0175 -0.0066 -0.0395 -0.1483 -0.2851 -0.3342 -0.3354 -0.2018 0.0850 0.1087 0.0451 0.0142 -0.0075 -0.0413 -0.1543 -0.2884 -0.3349 -0.3348 -0.1878 0.0975 0.1024 0.0428 0.0128 -0.0094 -0.0464 -0.1706 -0.2973 -0.3367 -0.3328 -0.1433 0.1320 0.0851 0.0355 0.0086 -0.0156 -0.0639 -0.2092 -0.3131 -0.3385 -0.3283 -0.0753 0.1559 0.0679 0.0267 0.0031 -0.0238 -0.0925 -0.2467 -0.3253 -0.1964
-0.2040 -0.2522 -0.0951 -0.0245 0.0027 0.0260 0.0667 0.1567 -0.0695 -0.3279 -0.3385 -0.3143 -0.2125 -0.0658 -0.0163 0.0082 0.0348 0.0837 0.1347 -0.1385 -0.3326 -0.3369 -0.2982 -0.1721 -0.0467 -0.0095 0.0128 0.0429 0.1030 0.0952 -0.1917 -0.3350 -0.3347 -0.2870 -0.1514 -0.0403 -0.0070 0.0146 0.0459 0.1112 0.0792 -0.2090 -0.3356 -0.3338 -0.2833 -0.1448 -0.0383 -0.0061 0.0154 0.0499 0.0813 0.0499 0.0154 -0.0061 -0.0383 -0.1448 -0.2833 -0.3338 -0.3356 -0.2090 0.0792 0.1112 0.0459 0.0146 -0.0070 -0.0403 -0.1514 -0.2870 -0.3347 -0.3350 -0.1917 0.0952 0.1030 0.0429 0.0128 -0.0095 -0.0467 -0.1721 -0.2982 -0.3369 -0.3326 -0.1385 0.1347 0.0837 0.0348 0.0082 -0.0163 -0.0658 -0.2125 -0.3143 -0.3385 -0.3279 -0.0695 0.1567 0.0667 0.0260 0.0027 -0.0245 -0.0951 -0.2522 -0.2040
-0.1691 -0.1025 -0.0252 0.0022 0.0253 0.0656 0.1574 -0.0636 -0.3275 -0.3386 -0.3154 -0.2158 -0.0678 -0.0169 0.0077 0.0340 0.0821 0.1374 -0.1335 -0.3323 -0.3371 -0.2994 -0.1745 -0.0475 -0.0098 0.0127 0.0428 0.1030 0.0945 -0.1934 -0.3351 -0.3345 -0.2857 -0.1487 -0.0394 -0.0065 0.0150 0.0466 0.1136 0.0738 -0.2158 -0.3359 -0.3334 -0.2812 -0.1414 -0.0373 -0.0055 0.0158 0.0483 0.1088 0.1234 0.1088 0.0483 0.0158 -0.0055 -0.0373 -0.1414 -0.2812 -0.3334 -0.3359 -0.2158 0.0738 0.1136 0.0466 0.0150 -0.0065 -0.0394 -0.1487 -0.2857 -0.3345 -0.3351 -0.1934 0.0945 0.1030 0.0428 0.0127 -0.0098 -0.0475 -0.1745 -0.2994 -0.3371 -0.3323 -0.1335 0.1374 0.0821 0.0340 0.0077 -0.0169 -0.0678 -0.2158 -0.3154 -0.3386 -0.3275 -0.0636 0.1574 0.0656 0.0253 0.0022 -0.0252 -0.1025 -0.1691
-0.0901 -0.0272 0.0015 0.0247 0.0644 0.1579 -0.0577 -0.3270 -0.3386 -0.3165 -0.2190 -0.0699 -0.0176 0.0073 0.0333 0.0806 0.1401 -0.1281 -0.3319 -0.3373 -0.3007 -0.1774 -0.0486 -0.0102 0.0125 0.0424 0.1024 0.0952 -0.1934 -0.3352 -0.3343 -0.2849 -0.1467 -0.0386 -0.0061 0.0154 0.0473 0.1162 0.0686 -0.2221 -0.3361 -0.3330 -0.2792 -0.1380 -0.0363 -0.0050 0.0164 0.0490 0.1244 0.0506 -0.1511 0.0506 0.1244 0.0490 0.0164 -0.0050 -0.0363 -0.1380 -0.2792 -0.3330 -0.3361 -0.2221 0.0686 0.1162 0.0473 0.0154 -0.0061 -0.0386 -0.1467 -0.2849 -0.3343 -0.3352 -0.1934 0.0952 0.1024 0.0424 0.0125 -0.0102 -0.0486 -0.1774 -0.3007 -0.3373 -0.3319 -0.1281 0.1401 0.0806 0.0333 0.0073 -0.0176 -0.0699 -0.2190 -0.3165 -0.3386 -0.3270 -0.0577 0.1579 0.0644 0.0247 0.0015 -0.0272 -0.0901
-0.0406 0.0036 0.0240 0.0633 0.1583 -0.0516 -0.3266 -0.3386 -0.3176 -0.2222 -0.0721 -0.0182 0.0069 0.0326 0.0791 0.1427 -0.1224 -0.3316 -0.3374 -0.3021 -0.1805 -0.0499 -0.0107 0.0121 0.0419 0.1010 0.0975 -0.1917 -0.3351 -0.3343 -0.2846 -0.1457 -0.0381 -0.0058 0.0157 0.0480 0.1188 0.0632 -0.2287 -0.3363 -0.3326 -0.2774 -0.1348 -0.0353 -0.0045 0.0168 0.0499 0.1267 0.0465 -0.2514 -0.3316 -0.2514 0.0465 0.1267 0.0499 0.0168 -0.0045 -0.0353 -0.1348 -0.2774 -0.3326 -0.3363 -0.2287 0.0632 0.1188 0.0480 0.0157 -0.0058 -0.0381 -0.1457 -0.2846 -0.3343 -0.3351 -0.1917 0.0975 0.1010 0.0419 0.0121 -0.0107 -0.0499 -0.1805 -0.3021 -0.3374 -0.3316 -0.1224 0.1427 0.0791 0.0326 0.0069 -0.0182 -0.0721 -0.2222 -0.3176 -0.3386 -0.3266 -0.0516 0.1583 0.0633 0.0240 0.0036 -0.0406
-0.0165 0.0268 0.0621 0.1586 -0.0455 -0.3261 -0.3386 -0.3186 -0.2254 -0.0743 -0.0189 0.0064 0.0318 0.0776 0.1450 -0.1168 -0.3312 -0.3376 -0.3036 -0.1840 -0.0513 -0.0112 0.0118 0.0412 0.0992 0.1012 -0.1878 -0.3350 -0.3345 -0.2849 -0.1457 -0.0380 -0.0057 0.0159 0.0485 0.1212 0.0580 -0.2354 -0.3364 -0.3321 -0.2756 -0.1318 -0.0344 -0.0040 0.0173 0.0508 0.1297 0.0438 -0.2556 -0.3380 -0.3411 -0.3380 -0.2556 0.0438 0.1297 0.0508 0.0173 -0.0040 -0.0344 -0.1318 -0.2756 -0.3321 -0.3364 -0.2354 0.0580 0.1212 0.0485 0.0159 -0.0057 -0.0380 -0.1457 -0.2849 -0.3345 -0.3350 -0.1878 0.1012 0.0992 0.0412 0.0118 -0.0112 -0.0513 -0.1840 -0.3035 -0.3376 -0.3312 -0.1168 0.1450 0.0776 0.0318 0.0064 -0.0189 -0.0743 -0.2254 -0.3186 -0.3386 -0.3261 -0.0455 0.1586 0.0621 0.0268 -0.0165
0.0076 0.0611 0.1587 -0.0392 -0.3257 -0.3386 -0.3196 -0.2285 -0.0766 -0.0195 0.0060 0.0311 0.0762 0.1471 -0.1112 -0.3308 -0.3378 -0.3050 -0.1876 -0.0528 -0.0118 0.0114 0.0405 0.0974 0.1054 -0.1826 -0.3348 -0.3347 -0.2857 -0.1467 -0.0381 -0.0057 0.0160 0.0487 0.1227 0.0542 -0.2413 -0.3366 -0.3317 -0.2738 -0.1290 -0.0336 -0.0036 0.0177 0.0516 0.1334 0.0371 -0.2615 -0.3369 -0.3309 -0.3119 -0.3309 -0.3369 -0.2615 0.0371 0.1334 0.0516 0.0177 -0.0036 -0.0336 -0.1290 -0.2738 -0.3317 -0.3366 -0.2413 0.0542 0.1227 0.0487 0.0160 -0.0057 -0.0381 -0.1467 -0.2857 -0.3347 -0.3348 -0.1826 0.1054 0.0974 0.0405 0.0114 -0.0118 -0.0528 -0.1876 -0.3050 -0.3378 -0.3308 -0.1112 0.1471 0.0762 0.0311 0.0060 -0.0195 -0.0766 -0.2285 -0.3196 -0.3386 -0.3257 -0.0392 0.1587 0.0611 0.0076
0.0412 0.1590 -0.0330 -0.3252 -0.3385 -0.3205 -0.2314 -0.0789 -0.0202 0.0055 0.0304 0.0749 0.1489 -0.1058 -0.3305 -0.3379 -0.3063 -0.1909 -0.0544 -0.0123 0.0110 0.0398 0.0956 0.1094 -0.1772 -0.3346 -0.3349 -0.2870 -0.1487 -0.0386 -0.0058 0.0159 0.0487 0.1231 0.0525 -0.2448 -0.3367 -0.3314 -0.2721 -0.1263 -0.0329 -0.0031 0.0182 0.0524 0.1371 0.0310 -0.2703 -0.3372 -0.3279 -0.2643 -0.1954 -0.2643 -0.3279 -0.3372 -0.2703 0.0310 0.1371 0.0524 0.0182 -0.0031 -0.0329 -0.1263 -0.2721 -0.3314 -0.3367 -0.2448 0.0525 0.1231 0.0487 0.0159 -0.0058 -0.0386 -0.1487 -0.2870 -0.3349 -0.3346 -0.1772 0.1094 0.0956 0.0397 0.0109 -0.0123 -0.0544 -0.1909 -0.3063 -0.3379 -0.3305 -0.1058 0.1489 0.0749 0.0304 0.0055 -0.0202 -0.0789 -0.2314 -0.3205 -0.3385 -0.3252 -0.0330 0.1590 0.0412
0.1229 -0.0267 -0.3248 -0.3385 -0.3214 -0.2341 -0.0811 -0.0208 0.0052 0.0298 0.0736 0.1505 -0.1007 -0.3301 -0.3381 -0.3076 -0.1942 -0.0559 -0.0129 0.0105 0.0390 0.0937 0.1135 -0.1719 -0.3343 -0.3352 -0.2884 -0.1514 -0.0394 -0.0061 0.0157 0.0485 0.1227 0.0525 -0.2459 -0.3368 -0.3312 -0.2709 -0.1240 -0.0322 -0.0027 0.0186 0.0532 0.1409 0.0253 -0.2785 -0.3374 -0.3295 -0.2594 -0.1099 -0.0511 -0.1099 -0.2594 -0.3295 -0.3374 -0.2785 0.0253 0.1409 0.0532 0.0186 -0.0027 -0.0322 -0.1240 -0.2709 -0.3312 -0.3368 -0.2459 0.0525 0.1227 0.0485 0.0157 -0.0061 -0.0394 -0.1514 -0.2884 -0.3352 -0.3343 -0.1719 0.1135 0.0937 0.0390 0.0105 -0.0129 -0.0559 -0.1942 -0.3076 -0.3381 -0.3301 -0.1007 0.1505 0.0736 0.0298 0.0052 -0.0208 -0.0811 -0.2341 -0.3214 -0.3385 -0.3248 -0.0267 0.1229
-0.0143 -0.3238 -0.3384 -0.3223 -0.2369 -0.0835 -0.0214 0.0047 0.0291 0.0723 0.1519 -0.0953 -0.3297 -0.3382 -0.3088 -0.1975 -0.0575 -0.0135 0.0101 0.0382 0.0918 0.1178 -0.1662 -0.3341 -0.3355 -0.2900 -0.1543 -0.0403 -0.0065 0.0154 0.0480 0.1212 0.0542 -0.2448 -0.3368 -0.3311 -0.2703 -0.1226 -0.0317 -0.0023 0.0190 0.0540 0.1450 0.0195 -0.2870 -0.3375 -0.3290 -0.2631 -0.1082 -0.0261 -0.0047 -0.0261 -0.1082 -0.2631 -0.3290 -0.3375 -0.2870 0.0195 0.1450 0.0540 0.0190 -0.0023 -0.0317 -0.1226 -0.2703 -0.3311 -0.3368 -0.2448 0.0542 0.1212 0.0480 0.0154 -0.0065 -0.0403 -0.1543 -0.2900 -0.3355 -0.3341 -0.1662 0.1178 0.0918 0.0382 0.0101 -0.0135 -0.0575 -0.1975 -0.3088 -0.3382 -0.3297 -0.0953 0.1519 0.0723 0.0291 0.0047 -0.0214 -0.0835 -0.2369 -0.3223 -0.3384 -0.3238 -0.0143
-0.1694 -0.3379 -0.3231 -0.2397 -0.0858 -0.0221 0.0043 0.0284 0.0711 0.1532 -0.0899 -0.3294 -0.3383 -0.3100 -0.2007 -0.0592 -0.0141 0.0097 0.0375 0.0900 0.1217 -0.1604 -0.3338 -0.3358 -0.2915 -0.1573 -0.0413 -0.0070 0.0150 0.0473 0.1188 0.0580 -0.2413 -0.3367 -0.3312 -0.2703 -0.1222 -0.0315 -0.0021 0.0193 0.0547 0.1491 0.0138 -0.2958 -0.3376 -0.3284 -0.2609 -0.1111 -0.0290 0.0021 0.0165 0.0021 -0.0290 -0.1111 -0.2609 -0.3284 -0.3376 -0.2958 0.0138 0.1491 0.0547 0.0193 -0.0021 -0.0315 -0.1222 -0.2703 -0.3312 -0.3367 -0.2413 0.0580 0.1188 0.0473 0.0150 -0.0070 -0.0413 -0.1573 -0.2915 -0.3358 -0.3338 -0.1604 0.1217 0.0900 0.0375 0.0097 -0.0141 -0.0592 -0.2007 -0.3100 -0.3383 -0.3294 -0.0899 0.1532 0.0711 0.0284 0.0043 -0.0221 -0.0858 -0.2397 -0.3231 -0.3379 -0.1694
-0.1970 -0.3241 -0.2423 -0.0883 -0.0227 0.0039 0.0278 0.0699 0.1544 -0.0844 -0.3290 -0.3384 -0.3112 -0.2039 -0.0609 -0.0146 0.0093 0.0368 0.0882 0.1255 -0.1546 -0.3335 -0.3361 -0.2931 -0.1605 -0.0423 -0.0075 0.0146 0.0466 0.1162 0.0632 -0.2354 -0.3366 -0.3314 -0.2709 -0.1226 -0.0315 -0.0021 0.0195 0.0551 0.1523 0.0089 -0.3045 -0.3378 -0.3278 -0.2587 -0.1084 -0.0285 -0.0003 0.0242 0.0484 0.0242 -0.0003 -0.0285 -0.1084 -0.2587 -0.3278 -0.3378 -0.3045 0.0089 0.1523 0.0551 0.0195 -0.0021 -0.0315 -0.1226 -0.2709 -0.3314 -0.3366 -0.2354 0.0632 0.1162 0.0466 0.0146 -0.0075 -0.0423 -0.1605 -0.2931 -0.3361 -0.3335 -0.1546 0.1255 0.0882 0.0368 0.0093 -0.0146 -0.0609 -0.2039 -0.3112 -0.3384 -0.3290 -0.0844 0.1544 0.0699 0.0278 0.0039 -0.0227 -0.0883 -0.2423 -0.3241 -0.1970
-0.2037 -0.2480 -0.0908 -0.0234 0.0034 0.0271 0.0686 0.1554 -0.0787 -0.3286 -0.3384 -0.3125 -0.2073 -0.0627 -0.0153 0.0089 0.0360 0.0864 0.1291 -0.1487 -0.3332 -0.3364 -0.2948 -0.1639 -0.0435 -0.0080 0.0142 0.0459 0.1136 0.0686 -0.2287 -0.3364 -0.3317 -0.2721 -0.1240 -0.0317 -0.0021 0.0195 0.0552 0.1537 0.0061 -0.3112 -0.3379 -0.3273 -0.2567 -0.1057 -0.0277 0.0000 0.0219 0.0606 0.0970 0.0606 0.0219 0.0000 -0.0277 -0.1057 -0.2567 -0.3273 -0.3379 -0.3112 0.0061 0.1537 0.0552 0.0195 -0.0021 -0.0317 -0.1240 -0.2721 -0.3317 -0.3364 -0.2287 0.0686 0.1136 0.0459 0.0142 -0.0080 -0.0435 -0.1639 -0.2948 -0.3364 -0.3332 -0.1487 0.1291 0.0864 0.0360 0.0089 -0.0153 -0.0627 -0.2073 -0.3125 -0.3384 -0.3286 -0.0787 0.1554 0.0686 0.0271 0.0034 -0.0234 -0.0908 -0.2480 -0.2037
-0.1668 -0.0979 -0.0241 0.0030 0.0264 0.0674 0.1563 -0.0729 -0.3281 -0.3385 -0.3136 -0.2106 -0.0647 -0.0159 0.0084 0.0352 0.0847 0.1325 -0.1429 -0.3328 -0.3366 -0.2964 -0.1675 -0.0447 -0.0085 0.0138 0.0451 0.1112 0.0738 -0.2221 -0.3363 -0.3321 -0.2738 -0.1263 -0.0322 -0.0023 0.0193 0.0551 0.1537 0.0052 -0.3141 -0.3379 -0.3269 -0.2549 -0.1034 -0.0271 0.0005 0.0223 0.0598 0.1333 0.0906 0.1333 0.0598 0.0223 0.0005 -0.0271 -0.1034 -0.2549 -0.3269 -0.3379 -0.3141 0.0052 0.1537 0.0551 0.0193 -0.0023 -0.0322 -0.1263 -0.2738 -0.3321 -0.3363 -0.2221 0.0738 0.1112 0.0451 0.0138 -0.0085 -0.0447 -0.1675 -0.2964 -0.3366 -0.3328 -0.1429 0.1325 0.0847 0.0352 0.0084 -0.0159 -0.0647 -0.2106 -0.3136 -0.3385 -0.3281 -0.0729 0.1563 0.0674 0.0264 0.0030 -0.0241 -0.0979 -0.1668
-0.0876 -0.0260 0.0022 0.0257 0.0662 0.1570 -0.0671 -0.3277 -0.3385 -0.3148 -0.2139 -0.0667 -0.0165 0.0080 0.0345 0.0831 0.1357 -0.1371 -0.3325 -0.3369 -0.2980 -0.1711 -0.0461 -0.0091 0.0134 0.0443 0.1087 0.0792 -0.2158 -0.3361 -0.3326 -0.2756 -0.1290 -0.0329 -0.0027 0.0190 0.0547 0.1523 0.0061 -0.3141 -0.3379 -0.3267 -0.2539 -0.1018 -0.0266 0.0009 0.0229 0.0605 0.1582 -0.0292 -0.2440 -0.0292 0.1582 0.0605 0.0229 0.0009 -0.0266 -0.1018 -0.2539 -0.3267 -0.3379 -0.3141 0.0061 0.1523 0.0547 0.0190 -0.0027 -0.0329 -0.1290 -0.2756 -0.3326 -0.3361 -0.2158 0.0792 0.1087 0.0443 0.0134 -0.0091 -0.0461 -0.1711 -0.2980 -0.3369 -0.3325 -0.1371 0.1357 0.0831 0.0345 0.0080 -0.0165 -0.0667 -0.2139 -0.3148 -0.3385 -0.3277 -0.0671 0.1570 0.0662 0.0257 0.0022 -0.0260 -0.0876
-0.0396 0.0044 0.0250 0.0651 0.1576 -0.0611 -0.3273 -0.3386 -0.3159 -0.2171 -0.0687 -0.0172 0.0076 0.0337 0.0815 0.1386 -0.1314 -0.3322 -0.3371 -0.2996 -0.1747 -0.0474 -0.0096 0.0129 0.0434 0.1060 0.0850 -0.2090 -0.3359 -0.3330 -0.2774 -0.1318 -0.0336 -0.0031 0.0186 0.0540 0.1491 0.0089 -0.3112 -0.3379 -0.3267 -0.2535 -0.1009 -0.0263 0.0012 0.0234 0.0613 0.1588 -0.0323 -0.3258 -0.3360 -0.3258 -0.0323 0.1588 0.0613 0.0234 0.0012 -0.0263 -0.1009 -0.2535 -0.3267 -0.3379 -0.3112 0.0089 0.1491 0.0540 0.0186 -0.0031 -0.0336 -0.1318 -0.2774 -0.3330 -0.3359 -0.2090 0.0850 0.1060 0.0434 0.0129 -0.0096 -0.0474 -0.1747 -0.2996 -0.3371 -0.3322 -0.1314 0.1386 0.0815 0.0337 0.0076 -0.0172 -0.0687 -0.2171 -0.3159 -0.3386 -0.3273 -0.0611 0.1576 0.0651 0.0250 0.0044 -0.0396
-0.0158 0.0277 0.0639 0.1581 -0.0551 -0.3268 -0.3386 -0.3170 -0.2204 -0.0708 -0.0178 0.0071 0.0330 0.0800 0.1413 -0.1257 -0.3318 -0.3373 -0.3012 -0.1783 -0.0489 -0.0102 0.0125 0.0426 0.1035 0.0907 -0.2018 -0.3356 -0.3334 -0.2792 -0.1348 -0.0344 -0.0036 0.0182 0.0532 0.1450 0.0138 -0.3045 -0.3379 -0.3269 -0.2539 -0.1009 -0.0263 0.0013 0.0236 0.0620 0.1588 -0.0342 -0.3254 -0.3394 -0.3388 -0.3394 -0.3254 -0.0342 0.1588 0.0620 0.0236 0.0013 -0.0263 -0.1009 -0.2539 -0.3269 -0.3379 -0.3045 0.0138 0.1450 0.0532 0.0182 -0.0036 -0.0344 -0.1348 -0.2792 -0.3334 -0.3356 -0.2018 0.0907 0.1035 0.0426 0.0125 -0.0102 -0.0489 -0.1783 -0.3012 -0.3373 -0.3318 -0.1257 0.1412 0.0800 0.0330 0.0071 -0.0178 -0.0708 -0.2203 -0.3170 -0.3386 -0.3268 -0.0552 0.1581 0.0639 0.0277 -0.0158
0.0084 0.0628 0.1584 -0.0490 -0.3264 -0.3386 -0.3180 -0.2236 -0.0730 -0.0185 0.0067 0.0323 0.0785 0.1437 -0.1201 -0.3314 -0.3375 -0.3027 -0.1819 -0.0504 -0.0108 0.0120 0.0418 0.1012 0.0963 -0.1949 -0.3353 -0.3338 -0.2812 -0.1380 -0.0353 -0.0040 0.0177 0.0524 0.1409 0.0195 -0.2958 -0.3378 -0.3273 -0.2549 -0.1018 -0.0263 0.0013 0.0237 0.0622 0.1587 -0.0379 -0.3252 -0.3379 -0.3221 -0.2938 -0.3221 -0.3379 -0.3252 -0.0379 0.1587 0.0622 0.0237 0.0013 -0.0263 -0.1018 -0.2549 -0.3273 -0.3378 -0.2958 0.0195 0.1409 0.0524 0.0177 -0.0040 -0.0353 -0.1380 -0.2812 -0.3338 -0.3354 -0.1949 0.0963 0.1011 0.0418 0.0120 -0.0108 -0.0503 -0.1819 -0.3027 -0.3375 -0.3314 -0.1201 0.1437 0.0785 0.0323 0.0067 -0.0185 -0.0730 -0.2235 -0.3181 -0.3386 -0.3264 -0.0491 0.1584 0.0628 0.0084
0.0429 0.1588 -0.0430 -0.3259 -0.3386 -0.3190 -0.2266 -0.0752 -0.0191 0.0062 0.0315 0.0771 0.1458 -0.1147 -0.3311 -0.3377 -0.3041 -0.1853 -0.0518 -0.0114 0.0116 0.0410 0.0990 0.1014 -0.1884 -0.3351 -0.3342 -0.2831 -0.1413 -0.0362 -0.0045 0.0173 0.0516 0.1371 0.0253 -0.2870 -0.3376 -0.3278 -0.2567 -0.1034 -0.0266 0.0012 0.0236 0.0622 0.1587 -0.0395 -0.3254 -0.3385 -0.3188 -0.2330 -0.1526 -0.2330 -0.3188 -0.3385 -0.3254 -0.0395 0.1587 0.0622 0.0236 0.0012 -0.0266 -0.1034 -0.2567 -0.3278 -0.3376 -0.2870 0.0253 0.1371 0.0516 0.0173 -0.0045 -0.0363 -0.1414 -0.2833 -0.3342 -0.3351 -0.1881 0.1016 0.0989 0.0410 0.0116 -0.0114 -0.0519 -0.1855 -0.3041 -0.3377 -0.3311 -0.1144 0.1459 0.0770 0.0315 0.0062 -0.0192 -0.0753 -0.2266 -0.3191 -0.3386 -0.3259 -0.0429 0.1588 0.0428
0.1222 -0.0368 -0.3255 -0.3385 -0.3199 -0.2294 -0.0773 -0.0197 0.0059 0.0309 0.0758 0.1477 -0.1095 -0.3307 -0.3378 -0.3054 -0.1885 -0.0533 -0.0119 0.0112 0.0403 0.0970 0.1060 -0.1823 -0.3348 -0.3346 -0.2849 -0.1445 -0.0372 -0.0049 0.0169 0.0508 0.1334 0.0310 -0.2785 -0.3375 -0.3284 -0.2587 -0.1057 -0.0271 0.0009 0.0234 0.0620 0.1587 -0.0395 -0.3255 -0.3385 -0.3212 -0.2287 -0.0783 -0.0347 -0.0783 -0.2288 -0.3212 -0.3385 -0.3255 -0.0395 0.1587 0.0620 0.0234 0.0009 -0.0271 -0.1057 -0.2587 -0.3284 -0.3375 -0.2785 0.0310 0.1334 0.0508 0.0168 -0.0050 -0.0373 -0.1448 -0.2851 -0.3346 -0.3348 -0.1818 0.1064 0.0968 0.0402 0.0112 -0.0120 -0.0534 -0.1888 -0.3055 -0.3379 -0.3307 -0.1091 0.1478 0.0757 0.0308 0.0058 -0.0198 -0.0775 -0.2296 -0.3200 -0.3385 -0.3255 -0.0367 0.1222
-0.0209 -0.3245 -0.3385 -0.3208 -0.2322 -0.0795 -0.0204 0.0054 0.0302 0.0744 0.1494 -0.1042 -0.3304 -0.3380 -0.3067 -0.1919 -0.0548 -0.0125 0.0108 0.0395 0.0949 0.1106 -0.1761 -0.3346 -0.3349 -0.2867 -0.1478 -0.0382 -0.0055 0.0164 0.0500 0.1298 0.0368 -0.2703 -0.3374 -0.3289 -0.2608 -0.1082 -0.0277 0.0005 0.0229 0.0613 0.1587 -0.0379 -0.3254 -0.3385 -0.3211 -0.2346 -0.0792 -0.0180 0.0010 -0.0180 -0.0796 -0.2351 -0.3211 -0.3385 -0.3254 -0.0379 0.1588 0.0613 0.0229 0.0005 -0.0277 -0.1084 -0.2609 -0.3290 -0.3374 -0.2703 0.0371 0.1297 0.0499 0.0164 -0.0055 -0.0383 -0.1483 -0.2870 -0.3350 -0.3345 -0.1756 0.1111 0.0947 0.0394 0.0108 -0.0125 -0.0550 -0.1923 -0.3069 -0.3380 -0.3303 -0.1037 0.1496 0.0743 0.0302 0.0054 -0.0204 -0.0798 -0.2326 -0.3210 -0.3385 -0.3245 -0.0208
-0.1705 -0.3380 -0.3217 -0.2353 -0.0820 -0.0210 0.0050 0.0295 0.0731 0.1510 -0.0986 -0.3300 -0.3381 -0.3080 -0.1954 -0.0565 -0.0131 0.0104 0.0387 0.0929 0.1152 -0.1698 -0.3343 -0.3353 -0.2886 -0.1514 -0.0393 -0.0060 0.0159 0.0491 0.1262 0.0432 -0.2620 -0.3372 -0.3295 -0.2628 -0.1108 -0.0284 0.0001 0.0224 0.0605 0.1588 -0.0342 -0.3252 -0.3385 -0.3212 -0.2346 -0.0827 -0.0215 0.0071 0.0229 0.0070 -0.0219 -0.0839 -0.2353 -0.3212 -0.3385 -0.3252 -0.0342 0.1588 0.0605 0.0223 0.0000 -0.0285 -0.1111 -0.2631 -0.3295 -0.3372 -0.2615 0.0438 0.1267 0.0490 0.0158 -0.0061 -0.0395 -0.1521 -0.2889 -0.3353 -0.3342 -0.1693 0.1157 0.0930 0.0386 0.0103 -0.0133 -0.0568 -0.1960 -0.3083 -0.3381 -0.3299 -0.0980 0.1512 0.0731 0.0294 0.0049 -0.0212 -0.0824 -0.2358 -0.3219 -0.3379 -0.1705
-0.1977 -0.3228 -0.2380 -0.0845 -0.0217 0.0045 0.0288 0.0718 0.1525 -0.0929 -0.3296 -0.3382 -0.3093 -0.1989 -0.0582 -0.0137 0.0099 0.0379 0.0910 0.1195 -0.1637 -0.3340 -0.3356 -0.2905 -0.1550 -0.0404 -0.0066 0.0154 0.0482 0.1226 0.0499 -0.2533 -0.3371 -0.3300 -0.2649 -0.1134 -0.0290 -0.0003 0.0218 0.0596 0.1588 -0.0292 -0.3249 -0.3385 -0.3215 -0.2353 -0.0828 -0.0216 0.0045 0.0312 0.0576 0.0322 0.0057 -0.0221 -0.0802 -0.2293 -0.3188 -0.3379 -0.3254 -0.0323 0.1582 0.0598 0.0219 -0.0003 -0.0290 -0.1082 -0.2594 -0.3279 -0.3369 -0.2556 0.0465 0.1244 0.0483 0.0154 -0.0066 -0.0397 -0.1486 -0.2861 -0.3342 -0.3341 -0.1655 0.1170 0.0917 0.0379 0.0099 -0.0138 -0.0563 -0.1921 -0.3059 -0.3373 -0.3299 -0.0950 0.1512 0.0721 0.0288 0.0045 -0.0218 -0.0809 -0.2315 -0.3197 -0.1988
-0.2033 -0.2437 -0.0867 -0.0224 0.0041 0.0281 0.0706 0.1537 -0.0875 -0.3292 -0.3383 -0.3106 -0.2021 -0.0599 -0.0143 0.0095 0.0372 0.0892 0.1234 -0.1578 -0.3337 -0.3359 -0.2921 -0.1584 -0.0416 -0.0071 0.0150 0.0473 0.1195 0.0563 -0.2449 -0.3369 -0.3305 -0.2669 -0.1161 -0.0296 -0.0007 0.0213 0.0587 0.1587 -0.0238 -0.3245 -0.3384 -0.3221 -0.2369 -0.0838 -0.0217 0.0044 0.0283 0.0709 0.1049 0.0691 0.0314 0.0095 -0.0183 -0.0787 -0.2332 -0.3221 -0.3394 -0.3258 -0.0291 0.1334 0.0606 0.0242 0.0021 -0.0261 -0.1099 -0.2643 -0.3309 -0.3380 -0.2514 0.0506 0.1088 0.0499 0.0175 -0.0039 -0.0377 -0.1524 -0.2907 -0.3366 -0.3348 -0.1625 0.1198 0.0867 0.0400 0.0120 -0.0109 -0.0553 -0.1971 -0.3100 -0.3392 -0.3304 -0.0920 0.1420 0.0712 0.0311 0.0068 -0.0186 -0.0804 -0.2388 -0.2021
-0.1644 -0.0934 -0.0230 0.0037 0.0275 0.0694 0.1548 -0.0823 -0.3288 -0.3384 -0.3117 -0.2052 -0.0616 -0.0149 0.0091 0.0365 0.0876 0.1269 -0.1524 -0.3334 -0.3362 -0.2937 -0.1617 -0.0427 -0.0076 0.0146 0.0465 0.1164 0.0624 -0.2371 -0.3367 -0.3311 -0.2691 -0.1189 -0.0303 -0.0011 0.0208 0.0579 0.1586 -0.0184 -0.3241 -0.3384 -0.3228 -0.2391 -0.0855 -0.0221 0.0042 0.0280 0.0703 0.1314 0.0897 0.1094 0.0078 0.0214 0.0021 -0.0347 -0.1525 -0.2938 -0.3388 -0.3360 -0.2440 0.0906 0.0970 0.0484 0.0165 -0.0047 -0.0511 -0.1954 -0.3119 -0.3411 -0.3316 -0.1511 0.1234 0.0813 0.0391 0.0108 -0.0126 -0.0769 -0.2372 -0.3256 -0.3410 -0.3260 -0.0551 0.1308 0.0682 0.0304 0.0058 -0.0229 -0.1133 -0.2710 -0.3343 -0.3390 -0.2949 0.0324 0.1164 0.0570 0.0224 0.0006 -0.0357 -0.1597 -0.1857
