0.4092 0.4199 0.4244 0.4193 0.4002 0.3555 0.2799 0.2595 0.2815 0.3177 0.3627 0.4017 0.4200 0.4245 0.4188 0.3991 0.3528 0.2778 0.2598 0.2826 0.3191 0.3642 0.4026 0.4203 0.4245 0.4185 0.3982 0.3507 0.2763 0.2602 0.2835 0.3203 0.3656 0.4035 0.4206 0.4245 0.4180 0.3972 0.3481 0.2746 0.2606 0.2845 0.3218 0.3670 0.4044 0.4209 0.4244 0.4177 0.3960 0.3413 0.2867 0.3413 0.3960 0.4177 0.4244 0.4209 0.4044 0.3670 0.3218 0.2845 0.2606 0.2746 0.3481 0.3972 0.4180 0.4245 0.4206 0.4035 0.3656 0.3203 0.2835 0.2602 0.2763 0.3507 0.3982 0.4185 0.4245 0.4203 0.4026 0.3642 0.3191 0.2826 0.2598 0.2778 0.3528 0.3991 0.4188 0.4245 0.4200 0.4017 0.3627 0.3177 0.2815 0.2595 0.2799 0.3555 0.4002 0.4193 0.4244 0.4199 0.4092
0.4199 0.4241 0.4065 0.3748 0.3131 0.2110 0.1875 0.2269 0.2818 0.3477 0.4043 0.4238 0.4218 0.4056 0.3731 0.3096 0.2082 0.1883 0.2286 0.2840 0.3500 0.4055 0.4240 0.4215 0.4049 0.3718 0.3067 0.2061 0.1890 0.2300 0.2858 0.3520 0.4067 0.4241 0.4211 0.4041 0.3703 0.3033 0.2039 0.1900 0.2317 0.2879 0.3542 0.4078 0.4243 0.4208 0.4032 0.3689 0.2992 0.2006 0.1783 0.2006 0.2992 0.3689 0.4032 0.4208 0.4243 0.4078 0.3542 0.2879 0.2317 0.1900 0.2039 0.3033 0.3703 0.4041 0.4211 0.4241 0.4067 0.3520 0.2858 0.2300 0.1890 0.2061 0.3067 0.3718 0.4049 0.4215 0.4240 0.4055 0.3500 0.2840 0.2286 0.1883 0.2082 0.3096 0.3731 0.4056 0.4218 0.4238 0.4043 0.3477 0.2818 0.2269 0.1875 0.2110 0.3131 0.3748 0.4065 0.4241 0.4199
0.4244 0.4065 0.3745 0.3121 0.2101 0.1883 0.2284 0.2839 0.3500 0.4051 0.4224 0.4197 0.4044 0.3722 0.3076 0.2070 0.1892 0.2303 0.2863 0.3525 0.4063 0.4225 0.4194 0.4037 0.3708 0.3046 0.2049 0.1901 0.2317 0.2881 0.3544 0.4073 0.4226 0.4191 0.4030 0.3694 0.3012 0.2028 0.1912 0.2334 0.2903 0.3567 0.4084 0.4227 0.4187 0.4022 0.3678 0.2979 0.2013 0.1937 0.2134 0.1937 0.2013 0.2979 0.3678 0.4022 0.4187 0.4227 0.4084 0.3567 0.2903 0.2334 0.1912 0.2028 0.3012 0.3694 0.4030 0.4191 0.4226 0.4073 0.3544 0.2881 0.2317 0.1901 0.2049 0.3046 0.3708 0.4037 0.4194 0.4225 0.4063 0.3525 0.2863 0.2303 0.1892 0.2070 0.3076 0.3722 0.4044 0.4197 0.4224 0.4051 0.3500 0.2839 0.2284 0.1883 0.2101 0.3121 0.3745 0.4065 0.4244
0.4193 0.3748 0.3121 0.2096 0.1884 0.2290 0.2848 0.3512 0.4058 0.4226 0.4196 0.4039 0.3712 0.3054 0.2054 0.1898 0.2313 0.2876 0.3539 0.4071 0.4227 0.4193 0.4032 0.3698 0.3023 0.2035 0.1907 0.2328 0.2894 0.3558 0.4081 0.4228 0.4190 0.4025 0.3683 0.2989 0.2014 0.1919 0.2345 0.2916 0.3581 0.4091 0.4229 0.4186 0.4017 0.3668 0.2955 0.1996 0.1946 0.2380 0.2652 0.2380 0.1946 0.1996 0.2955 0.3668 0.4017 0.4186 0.4229 0.4091 0.3581 0.2916 0.2345 0.1919 0.2014 0.2989 0.3683 0.4025 0.4190 0.4228 0.4081 0.3558 0.2894 0.2328 0.1907 0.2035 0.3023 0.3698 0.4032 0.4193 0.4227 0.4071 0.3539 0.2876 0.2313 0.1898 0.2054 0.3054 0.3712 0.4039 0.4196 0.4226 0.4058 0.3512 0.2848 0.2290 0.1884 0.2096 0.3121 0.3748 0.4193
0.4002 0.3131 0.2101 0.1884 0.2293 0.2855 0.3521 0.4063 0.4226 0.4194 0.4035 0.3704 0.3034 0.2041 0.1904 0.2323 0.2889 0.3553 0.4078 0.4228 0.4190 0.4027 0.3688 0.3001 0.2021 0.1915 0.2339 0.2908 0.3572 0.4088 0.4229 0.4187 0.4020 0.3674 0.2967 0.2003 0.1926 0.2356 0.2930 0.3595 0.4098 0.4229 0.4184 0.4012 0.3658 0.2933 0.1985 0.1937 0.2393 0.2977 0.3314 0.2977 0.2393 0.1937 0.1985 0.2933 0.3658 0.4012 0.4184 0.4229 0.4098 0.3595 0.2930 0.2356 0.1926 0.2003 0.2967 0.3674 0.4020 0.4187 0.4229 0.4088 0.3572 0.2908 0.2339 0.1915 0.2021 0.3001 0.3688 0.4027 0.4190 0.4228 0.4078 0.3553 0.2889 0.2323 0.1904 0.2041 0.3034 0.3704 0.4035 0.4194 0.4226 0.4063 0.3521 0.2855 0.2293 0.1884 0.2101 0.3131 0.4002
0.3555 0.2110 0.1883 0.2290 0.2855 0.3524 0.4066 0.4227 0.4193 0.4031 0.3695 0.3016 0.2029 0.1911 0.2334 0.2902 0.3567 0.4085 0.4228 0.4188 0.4022 0.3678 0.2978 0.2009 0.1922 0.2349 0.2922 0.3587 0.4094 0.4229 0.4185 0.4015 0.3664 0.2946 0.1991 0.1934 0.2366 0.2944 0.3609 0.4104 0.4230 0.4181 0.4006 0.3647 0.2910 0.1975 0.1945 0.2381 0.2989 0.3659 0.3954 0.3659 0.2989 0.2381 0.1945 0.1975 0.2910 0.3647 0.4006 0.4181 0.4230 0.4104 0.3609 0.2944 0.2366 0.1934 0.1991 0.2946 0.3664 0.4015 0.4185 0.4229 0.4094 0.3587 0.2922 0.2349 0.1922 0.2009 0.2978 0.3678 0.4022 0.4188 0.4228 0.4085 0.3567 0.2902 0.2334 0.1911 0.2029 0.3016 0.3695 0.4031 0.4193 0.4227 0.4066 0.3524 0.2855 0.2290 0.1883 0.2110 0.3555
0.2799 0.1875 0.2284 0.2848 0.3521 0.4066 0.4227 0.4192 0.4028 0.3688 0.2999 0.2019 0.1917 0.2343 0.2915 0.3580 0.4092 0.4229 0.4186 0.4016 0.3667 0.2955 0.1997 0.1930 0.2360 0.2936 0.3601 0.4101 0.4230 0.4183 0.4009 0.3653 0.2924 0.1981 0.1941 0.2377 0.2957 0.3623 0.4111 0.4230 0.4179 0.4001 0.3636 0.2887 0.1965 0.1953 0.2393 0.2976 0.3665 0.4136 0.4214 0.4136 0.3665 0.2976 0.2393 0.1953 0.1965 0.2887 0.3636 0.4001 0.4179 0.4230 0.4111 0.3623 0.2957 0.2377 0.1941 0.1981 0.2924 0.3653 0.4009 0.4183 0.4230 0.4101 0.3601 0.2936 0.2360 0.1930 0.1997 0.2955 0.3667 0.4016 0.4186 0.4229 0.4092 0.3580 0.2915 0.2343 0.1917 0.2019 0.2999 0.3688 0.4028 0.4192 0.4227 0.4066 0.3521 0.2848 0.2284 0.1875 0.2799
0.2595 0.2269 0.2839 0.3512 0.4063 0.4227 0.4192 0.4027 0.3685 0.2987 0.2011 0.1922 0.2351 0.2926 0.3592 0.4097 0.4229 0.4184 0.4011 0.3657 0.2932 0.1985 0.1938 0.2371 0.2950 0.3615 0.4107 0.4230 0.4180 0.4004 0.3642 0.2901 0.1971 0.1949 0.2387 0.2970 0.3636 0.4116 0.4230 0.4176 0.3995 0.3625 0.2864 0.1955 0.1961 0.2404 0.2991 0.3655 0.4130 0.4231 0.4185 0.4231 0.4130 0.3655 0.2991 0.2404 0.1961 0.1955 0.2864 0.3625 0.3995 0.4176 0.4230 0.4116 0.3636 0.2970 0.2387 0.1949 0.1971 0.2901 0.3642 0.4004 0.4180 0.4230 0.4107 0.3615 0.2950 0.2371 0.1938 0.1985 0.2932 0.3657 0.4011 0.4184 0.4229 0.4097 0.3592 0.2926 0.2351 0.1922 0.2011 0.2987 0.3685 0.4027 0.4192 0.4227 0.4063 0.3512 0.2839 0.2269 0.2595
0.2815 0.2818 0.3500 0.4058 0.4226 0.4193 0.4028 0.3685 0.2983 0.2007 0.1926 0.2357 0.2936 0.3603 0.4103 0.4230 0.4181 0.4006 0.3646 0.2908 0.1974 0.1946 0.2382 0.2964 0.3629 0.4113 0.4230 0.4178 0.3999 0.3632 0.2877 0.1961 0.1956 0.2398 0.2984 0.3649 0.4122 0.4231 0.4174 0.3990 0.3614 0.2840 0.1946 0.1969 0.2415 0.3005 0.3670 0.4129 0.4231 0.4154 0.4016 0.4154 0.4231 0.4129 0.3670 0.3005 0.2415 0.1969 0.1946 0.2840 0.3614 0.3990 0.4174 0.4231 0.4122 0.3649 0.2984 0.2398 0.1956 0.1961 0.2877 0.3632 0.3999 0.4178 0.4230 0.4113 0.3629 0.2964 0.2382 0.1946 0.1974 0.2908 0.3646 0.4006 0.4181 0.4230 0.4103 0.3603 0.2936 0.2357 0.1926 0.2007 0.2983 0.3685 0.4028 0.4193 0.4226 0.4058 0.3500 0.2818 0.2815
0.3177 0.3477 0.4051 0.4226 0.4194 0.4031 0.3688 0.2987 0.2007 0.1927 0.2361 0.2942 0.3611 0.4107 0.4230 0.4179 0.4002 0.3637 0.2887 0.1964 0.1953 0.2394 0.2978 0.3643 0.4119 0.4231 0.4175 0.3993 0.3621 0.2854 0.1951 0.1964 0.2408 0.2997 0.3663 0.4127 0.4231 0.4171 0.3984 0.3603 0.2816 0.1937 0.1977 0.2426 0.3019 0.3683 0.4135 0.4231 0.4167 0.3943 0.3666 0.3943 0.4167 0.4231 0.4135 0.3683 0.3019 0.2426 0.1977 0.1937 0.2816 0.3603 0.3984 0.4171 0.4231 0.4127 0.3663 0.2997 0.2408 0.1964 0.1951 0.2854 0.3621 0.3993 0.4175 0.4231 0.4119 0.3643 0.2978 0.2394 0.1953 0.1964 0.2887 0.3637 0.4002 0.4179 0.4230 0.4107 0.3611 0.2942 0.2361 0.1927 0.2007 0.2987 0.3688 0.4031 0.4194 0.4226 0.4051 0.3477 0.3177
0.3627 0.4043 0.4224 0.4196 0.4035 0.3695 0.2999 0.2011 0.1926 0.2361 0.2943 0.3615 0.4110 0.4230 0.4178 0.3997 0.3628 0.2868 0.1956 0.1961 0.2404 0.2992 0.3657 0.4125 0.4231 0.4173 0.3987 0.3609 0.2830 0.1942 0.1973 0.2420 0.3011 0.3675 0.4132 0.4231 0.4169 0.3978 0.3591 0.2793 0.1928 0.1986 0.2438 0.3033 0.3696 0.4140 0.4231 0.4165 0.3970 0.3520 0.3016 0.3520 0.3970 0.4165 0.4231 0.4140 0.3696 0.3033 0.2438 0.1986 0.1928 0.2793 0.3591 0.3978 0.4169 0.4231 0.4132 0.3675 0.3011 0.2420 0.1973 0.1942 0.2830 0.3609 0.3987 0.4173 0.4231 0.4125 0.3657 0.2992 0.2404 0.1961 0.1956 0.2868 0.3628 0.3997 0.4178 0.4230 0.4110 0.3615 0.2943 0.2361 0.1926 0.2011 0.2999 0.3695 0.4035 0.4196 0.4224 0.4043 0.3627
0.4017 0.4238 0.4197 0.4039 0.3704 0.3016 0.2019 0.1922 0.2357 0.2942 0.3615 0.4110 0.4230 0.4177 0.3994 0.3620 0.2849 0.1948 0.1968 0.2414 0.3005 0.3670 0.4130 0.4231 0.4170 0.3982 0.3598 0.2807 0.1933 0.1981 0.2431 0.3025 0.3688 0.4137 0.4231 0.4166 0.3973 0.3580 0.2769 0.1921 0.1994 0.2449 0.3048 0.3710 0.4145 0.4231 0.4162 0.3965 0.3562 0.2711 0.2030 0.2711 0.3562 0.3965 0.4162 0.4231 0.4145 0.3710 0.3048 0.2449 0.1994 0.1921 0.2769 0.3580 0.3973 0.4166 0.4231 0.4137 0.3688 0.3025 0.2431 0.1981 0.1933 0.2807 0.3598 0.3982 0.4170 0.4231 0.4130 0.3670 0.3005 0.2414 0.1968 0.1948 0.2849 0.3620 0.3994 0.4177 0.4230 0.4110 0.3615 0.2942 0.2357 0.1922 0.2019 0.3016 0.3704 0.4039 0.4197 0.4238 0.4017
0.4200 0.4218 0.4044 0.3712 0.3034 0.2029 0.1917 0.2351 0.2936 0.3611 0.4110 0.4230 0.4176 0.3993 0.3615 0.2835 0.1941 0.1974 0.2423 0.3017 0.3682 0.4135 0.4231 0.4167 0.3976 0.3587 0.2783 0.1925 0.1989 0.2443 0.3039 0.3702 0.4142 0.4231 0.4163 0.3967 0.3569 0.2745 0.1913 0.2002 0.2461 0.3062 0.3723 0.4150 0.4231 0.4159 0.3958 0.3552 0.2706 0.1902 0.1846 0.1902 0.2706 0.3552 0.3958 0.4159 0.4231 0.4150 0.3723 0.3062 0.2461 0.2002 0.1913 0.2745 0.3569 0.3967 0.4163 0.4231 0.4142 0.3702 0.3039 0.2443 0.1989 0.1925 0.2783 0.3587 0.3976 0.4167 0.4231 0.4135 0.3682 0.3017 0.2423 0.1974 0.1941 0.2835 0.3615 0.3993 0.4176 0.4230 0.4110 0.3611 0.2936 0.2351 0.1917 0.2029 0.3034 0.3712 0.4044 0.4218 0.4200
0.4245 0.4056 0.3722 0.3054 0.2041 0.1911 0.2343 0.2926 0.3603 0.4107 0.4230 0.4177 0.3993 0.3614 0.2829 0.1938 0.1978 0.2431 0.3028 0.3693 0.4139 0.4231 0.4165 0.3970 0.3575 0.2759 0.1918 0.1997 0.2454 0.3054 0.3715 0.4147 0.4231 0.4161 0.3961 0.3557 0.2722 0.1906 0.2011 0.2472 0.3076 0.3736 0.4154 0.4231 0.4156 0.3952 0.3539 0.2687 0.1906 0.2036 0.2250 0.2036 0.1906 0.2687 0.3539 0.3952 0.4156 0.4231 0.4154 0.3736 0.3076 0.2472 0.2011 0.1906 0.2722 0.3557 0.3961 0.4161 0.4231 0.4147 0.3715 0.3054 0.2454 0.1997 0.1918 0.2759 0.3575 0.3970 0.4165 0.4231 0.4139 0.3693 0.3028 0.2431 0.1978 0.1938 0.2829 0.3614 0.3993 0.4177 0.4230 0.4107 0.3603 0.2926 0.2343 0.1911 0.2041 0.3054 0.3722 0.4056 0.4245
0.4188 0.3731 0.3076 0.2054 0.1904 0.2334 0.2915 0.3592 0.4103 0.4230 0.4178 0.3994 0.3615 0.2829 0.1936 0.1981 0.2436 0.3035 0.3702 0.4143 0.4231 0.4162 0.3965 0.3564 0.2736 0.1910 0.2006 0.2466 0.3068 0.3729 0.4151 0.4231 0.4158 0.3956 0.3546 0.2699 0.1900 0.2019 0.2484 0.3091 0.3750 0.4158 0.4230 0.4153 0.3946 0.3527 0.2663 0.1891 0.2049 0.2522 0.2813 0.2522 0.2049 0.1891 0.2663 0.3527 0.3946 0.4153 0.4230 0.4158 0.3750 0.3091 0.2484 0.2019 0.1900 0.2699 0.3546 0.3956 0.4158 0.4231 0.4151 0.3729 0.3068 0.2466 0.2006 0.1910 0.2736 0.3564 0.3965 0.4162 0.4231 0.4143 0.3702 0.3035 0.2436 0.1981 0.1936 0.2829 0.3615 0.3994 0.4178 0.4230 0.4103 0.3592 0.2915 0.2334 0.1904 0.2054 0.3076 0.3731 0.4188
0.3991 0.3096 0.2070 0.1898 0.2323 0.2902 0.3580 0.4097 0.4230 0.4179 0.3997 0.3620 0.2835 0.1938 0.1981 0.2437 0.3039 0.3707 0.4146 0.4231 0.4160 0.3960 0.3554 0.2715 0.1904 0.2014 0.2477 0.3082 0.3742 0.4156 0.4230 0.4155 0.3950 0.3535 0.2676 0.1894 0.2027 0.2496 0.3105 0.3763 0.4163 0.4230 0.4150 0.3939 0.3515 0.2640 0.1886 0.2039 0.2536 0.3154 0.3496 0.3154 0.2536 0.2039 0.1886 0.2640 0.3515 0.3939 0.4150 0.4230 0.4163 0.3763 0.3105 0.2496 0.2027 0.1894 0.2676 0.3535 0.3950 0.4155 0.4230 0.4156 0.3742 0.3082 0.2477 0.2014 0.1904 0.2715 0.3554 0.3960 0.4160 0.4231 0.4146 0.3707 0.3039 0.2437 0.1981 0.1938 0.2835 0.3620 0.3997 0.4179 0.4230 0.4097 0.3580 0.2902 0.2323 0.1898 0.2070 0.3096 0.3991
0.3528 0.2082 0.1892 0.2313 0.2889 0.3567 0.4092 0.4229 0.4181 0.4002 0.3628 0.2849 0.1941 0.1978 0.2436 0.3039 0.3709 0.4147 0.4231 0.4158 0.3955 0.3544 0.2695 0.1899 0.2021 0.2488 0.3096 0.3755 0.4160 0.4230 0.4152 0.3943 0.3522 0.2654 0.1889 0.2035 0.2507 0.3119 0.3775 0.4167 0.4230 0.4147 0.3933 0.3502 0.2617 0.1881 0.2048 0.2523 0.3166 0.3823 0.4067 0.3823 0.3166 0.2523 0.2048 0.1881 0.2617 0.3502 0.3933 0.4147 0.4230 0.4167 0.3775 0.3119 0.2507 0.2035 0.1889 0.2654 0.3522 0.3943 0.4152 0.4230 0.4160 0.3755 0.3096 0.2488 0.2021 0.1899 0.2695 0.3544 0.3955 0.4158 0.4231 0.4147 0.3709 0.3039 0.2436 0.1978 0.1941 0.2849 0.3628 0.4002 0.4181 0.4229 0.4092 0.3567 0.2889 0.2313 0.1892 0.2082 0.3528
0.2778 0.1883 0.2303 0.2876 0.3553 0.4085 0.4229 0.4184 0.4006 0.3637 0.2868 0.1948 0.1974 0.2431 0.3035 0.3707 0.4147 0.4231 0.4158 0.3953 0.3537 0.2678 0.1894 0.2028 0.2498 0.3109 0.3767 0.4164 0.4230 0.4149 0.3937 0.3510 0.2631 0.1884 0.2044 0.2518 0.3133 0.3788 0.4171 0.4229 0.4144 0.3926 0.3489 0.2593 0.1877 0.2057 0.2536 0.3153 0.3825 0.4188 0.4224 0.4188 0.3825 0.3153 0.2536 0.2057 0.1877 0.2593 0.3489 0.3926 0.4144 0.4229 0.4171 0.3788 0.3133 0.2518 0.2044 0.1884 0.2631 0.3510 0.3937 0.4149 0.4230 0.4164 0.3767 0.3109 0.2498 0.2028 0.1894 0.2678 0.3537 0.3953 0.4158 0.4231 0.4147 0.3707 0.3035 0.2431 0.1974 0.1948 0.2868 0.3637 0.4006 0.4184 0.4229 0.4085 0.3553 0.2876 0.2303 0.1883 0.2778
0.2598 0.2286 0.2863 0.3539 0.4078 0.4228 0.4186 0.4011 0.3646 0.2887 0.1956 0.1968 0.2423 0.3028 0.3702 0.4146 0.4231 0.4158 0.3952 0.3534 0.2668 0.1890 0.2034 0.2507 0.3120 0.3778 0.4168 0.4230 0.4146 0.3930 0.3497 0.2607 0.1880 0.2052 0.2530 0.3147 0.3800 0.4174 0.4229 0.4140 0.3919 0.3476 0.2569 0.1873 0.2065 0.2548 0.3168 0.3817 0.4182 0.4224 0.4153 0.4224 0.4182 0.3817 0.3168 0.2548 0.2065 0.1873 0.2569 0.3476 0.3919 0.4140 0.4229 0.4174 0.3800 0.3147 0.2530 0.2052 0.1879 0.2607 0.3497 0.3930 0.4146 0.4230 0.4168 0.3778 0.3120 0.2507 0.2034 0.1890 0.2668 0.3534 0.3952 0.4158 0.4231 0.4146 0.3702 0.3028 0.2423 0.1968 0.1956 0.2887 0.3646 0.4011 0.4186 0.4228 0.4078 0.3539 0.2863 0.2286 0.2598
0.2826 0.2840 0.3525 0.4071 0.4228 0.4188 0.4016 0.3657 0.2908 0.1964 0.1961 0.2414 0.3017 0.3693 0.4143 0.4231 0.4158 0.3953 0.3534 0.2665 0.1889 0.2037 0.2513 0.3130 0.3787 0.4171 0.4229 0.4143 0.3924 0.3484 0.2583 0.1875 0.2060 0.2541 0.3161 0.3812 0.4178 0.4228 0.4137 0.3913 0.3463 0.2546 0.1869 0.2074 0.2559 0.3183 0.3830 0.4182 0.4227 0.4113 0.3946 0.4113 0.4227 0.4182 0.3830 0.3183 0.2559 0.2074 0.1869 0.2546 0.3463 0.3913 0.4137 0.4228 0.4178 0.3812 0.3161 0.2541 0.2060 0.1875 0.2583 0.3484 0.3924 0.4143 0.4229 0.4171 0.3787 0.3130 0.2513 0.2037 0.1889 0.2665 0.3534 0.3953 0.4158 0.4231 0.4143 0.3693 0.3017 0.2414 0.1961 0.1964 0.2908 0.3657 0.4016 0.4188 0.4228 0.4071 0.3525 0.2840 0.2826
0.3191 0.3500 0.4063 0.4227 0.4190 0.4022 0.3667 0.2932 0.1974 0.1953 0.2404 0.3005 0.3682 0.4139 0.4231 0.4160 0.3955 0.3537 0.2668 0.1889 0.2039 0.2517 0.3136 0.3794 0.4173 0.4229 0.4140 0.3918 0.3473 0.2561 0.1871 0.2069 0.2553 0.3174 0.3824 0.4181 0.4228 0.4134 0.3906 0.3449 0.2522 0.1866 0.2083 0.2572 0.3197 0.3842 0.4186 0.4227 0.4129 0.3857 0.3531 0.3857 0.4129 0.4227 0.4186 0.3842 0.3197 0.2572 0.2083 0.1866 0.2522 0.3449 0.3906 0.4134 0.4228 0.4181 0.3824 0.3174 0.2553 0.2069 0.1871 0.2561 0.3473 0.3918 0.4140 0.4229 0.4173 0.3794 0.3136 0.2517 0.2039 0.1889 0.2668 0.3537 0.3955 0.4160 0.4231 0.4139 0.3682 0.3005 0.2404 0.1953 0.1974 0.2932 0.3667 0.4022 0.4190 0.4227 0.4063 0.3500 0.3191
0.3642 0.4055 0.4225 0.4193 0.4027 0.3678 0.2955 0.1985 0.1946 0.2394 0.2992 0.3670 0.4135 0.4231 0.4162 0.3960 0.3544 0.2678 0.1890 0.2037 0.2517 0.3138 0.3798 0.4175 0.4228 0.4138 0.3913 0.3462 0.2542 0.1868 0.2077 0.2564 0.3188 0.3835 0.4184 0.4227 0.4131 0.3899 0.3435 0.2498 0.1863 0.2092 0.2584 0.3212 0.3853 0.4189 0.4226 0.4126 0.3889 0.3358 0.2766 0.3358 0.3889 0.4126 0.4226 0.4189 0.3853 0.3212 0.2584 0.2092 0.1863 0.2498 0.3435 0.3899 0.4131 0.4227 0.4184 0.3835 0.3188 0.2564 0.2077 0.1868 0.2542 0.3462 0.3913 0.4138 0.4228 0.4175 0.3798 0.3138 0.2517 0.2037 0.1890 0.2678 0.3544 0.3960 0.4162 0.4231 0.4135 0.3670 0.2992 0.2394 0.1946 0.1985 0.2955 0.3678 0.4027 0.4193 0.4225 0.4055 0.3642
0.4026 0.4240 0.4194 0.4032 0.3688 0.2978 0.1997 0.1938 0.2382 0.2978 0.3657 0.4130 0.4231 0.4165 0.3965 0.3554 0.2695 0.1894 0.2034 0.2513 0.3136 0.3798 0.4175 0.4228 0.4137 0.3909 0.3452 0.2523 0.1865 0.2085 0.2575 0.3201 0.3846 0.4187 0.4226 0.4127 0.3892 0.3421 0.2475 0.1860 0.2102 0.2597 0.3226 0.3865 0.4191 0.4225 0.4122 0.3883 0.3400 0.2424 0.1864 0.2424 0.3400 0.3883 0.4122 0.4225 0.4191 0.3865 0.3226 0.2597 0.2102 0.1860 0.2475 0.3421 0.3892 0.4127 0.4226 0.4187 0.3846 0.3201 0.2575 0.2085 0.1865 0.2523 0.3452 0.3909 0.4137 0.4228 0.4175 0.3798 0.3136 0.2513 0.2034 0.1894 0.2695 0.3554 0.3965 0.4165 0.4231 0.4130 0.3657 0.2978 0.2382 0.1938 0.1997 0.2978 0.3688 0.4032 0.4194 0.4240 0.4026
0.4203 0.4215 0.4037 0.3698 0.3001 0.2009 0.1930 0.2371 0.2964 0.3643 0.4125 0.4231 0.4167 0.3970 0.3564 0.2715 0.1899 0.2028 0.2507 0.3130 0.3794 0.4175 0.4228 0.4136 0.3907 0.3446 0.2509 0.1863 0.2092 0.2585 0.3214 0.3857 0.4190 0.4225 0.4124 0.3885 0.3408 0.2452 0.1858 0.2111 0.2609 0.3241 0.3877 0.4194 0.4224 0.4119 0.3874 0.3388 0.2416 0.1859 0.1935 0.1859 0.2416 0.3388 0.3874 0.4119 0.4224 0.4194 0.3877 0.3241 0.2609 0.2111 0.1858 0.2452 0.3408 0.3885 0.4124 0.4225 0.4190 0.3857 0.3214 0.2585 0.2092 0.1863 0.2509 0.3446 0.3907 0.4136 0.4228 0.4175 0.3794 0.3130 0.2507 0.2028 0.1899 0.2715 0.3564 0.3970 0.4167 0.4231 0.4125 0.3643 0.2964 0.2371 0.1930 0.2009 0.3001 0.3698 0.4037 0.4215 0.4203
0.4245 0.4049 0.3708 0.3023 0.2021 0.1922 0.2360 0.2950 0.3629 0.4119 0.4231 0.4170 0.3976 0.3575 0.2736 0.1904 0.2021 0.2498 0.3120 0.3787 0.4173 0.4228 0.4137 0.3907 0.3445 0.2503 0.1862 0.2097 0.2593 0.3225 0.3866 0.4192 0.4225 0.4121 0.3879 0.3395 0.2430 0.1856 0.2120 0.2621 0.3255 0.3889 0.4197 0.4223 0.4115 0.3867 0.3372 0.2396 0.1865 0.2149 0.2382 0.2149 0.1865 0.2396 0.3372 0.3867 0.4115 0.4223 0.4197 0.3889 0.3255 0.2621 0.2120 0.1856 0.2430 0.3395 0.3879 0.4121 0.4225 0.4192 0.3866 0.3225 0.2593 0.2097 0.1862 0.2503 0.3445 0.3907 0.4137 0.4228 0.4173 0.3787 0.3120 0.2498 0.2021 0.1904 0.2736 0.3575 0.3976 0.4170 0.4231 0.4119 0.3629 0.2950 0.2360 0.1922 0.2021 0.3023 0.3708 0.4049 0.4245
0.4185 0.3718 0.3046 0.2035 0.1915 0.2349 0.2936 0.3615 0.4113 0.4231 0.4173 0.3982 0.3587 0.2759 0.1910 0.2014 0.2488 0.3109 0.3778 0.4171 0.4229 0.4138 0.3909 0.3446 0.2503 0.1861 0.2099 0.2598 0.3233 0.3874 0.4194 0.4224 0.4118 0.3873 0.3383 0.2411 0.1855 0.2128 0.2633 0.3270 0.3900 0.4199 0.4222 0.4111 0.3860 0.3358 0.2373 0.1852 0.2162 0.2675 0.2985 0.2675 0.2162 0.1852 0.2373 0.3358 0.3860 0.4111 0.4222 0.4199 0.3900 0.3270 0.2633 0.2128 0.1855 0.2411 0.3383 0.3873 0.4118 0.4224 0.4194 0.3874 0.3233 0.2598 0.2099 0.1861 0.2503 0.3446 0.3909 0.4138 0.4229 0.4171 0.3778 0.3109 0.2488 0.2014 0.1910 0.2759 0.3587 0.3982 0.4173 0.4231 0.4113 0.3615 0.2936 0.2349 0.1915 0.2035 0.3046 0.3718 0.4185
0.3982 0.3067 0.2049 0.1907 0.2339 0.2922 0.3601 0.4107 0.4230 0.4175 0.3987 0.3598 0.2783 0.1918 0.2006 0.2477 0.3096 0.3767 0.4168 0.4229 0.4140 0.3913 0.3452 0.2509 0.1862 0.2099 0.2600 0.3237 0.3879 0.4196 0.4223 0.4115 0.3866 0.3371 0.2392 0.1854 0.2136 0.2644 0.3283 0.3911 0.4202 0.4221 0.4108 0.3852 0.3343 0.2352 0.1852 0.2151 0.2689 0.3335 0.3674 0.3335 0.2689 0.2151 0.1852 0.2352 0.3343 0.3852 0.4108 0.4221 0.4202 0.3911 0.3283 0.2644 0.2136 0.1854 0.2392 0.3371 0.3866 0.4115 0.4223 0.4196 0.3879 0.3237 0.2600 0.2099 0.1862 0.2509 0.3452 0.3913 0.4140 0.4229 0.4168 0.3767 0.3096 0.2477 0.2006 0.1918 0.2783 0.3598 0.3987 0.4175 0.4230 0.4107 0.3601 0.2922 0.2339 0.1907 0.2049 0.3067 0.3982
0.3507 0.2061 0.1901 0.2328 0.2908 0.3587 0.4101 0.4230 0.4178 0.3993 0.3609 0.2807 0.1925 0.1997 0.2466 0.3082 0.3755 0.4164 0.4230 0.4143 0.3918 0.3462 0.2523 0.1863 0.2097 0.2598 0.3237 0.3880 0.4196 0.4223 0.4113 0.3861 0.3359 0.2373 0.1853 0.2144 0.2655 0.3296 0.3920 0.4204 0.4220 0.4104 0.3844 0.3327 0.2331 0.1852 0.2161 0.2676 0.3346 0.3963 0.4145 0.3963 0.3346 0.2676 0.2161 0.1852 0.2331 0.3327 0.3844 0.4104 0.4220 0.4204 0.3920 0.3296 0.2655 0.2144 0.1853 0.2373 0.3359 0.3861 0.4113 0.4223 0.4196 0.3880 0.3237 0.2598 0.2097 0.1863 0.2523 0.3462 0.3918 0.4143 0.4230 0.4164 0.3755 0.3082 0.2466 0.1997 0.1925 0.2807 0.3609 0.3993 0.4178 0.4230 0.4101 0.3587 0.2908 0.2328 0.1901 0.2061 0.3507
0.2763 0.1890 0.2317 0.2894 0.3572 0.4094 0.4230 0.4180 0.3999 0.3621 0.2830 0.1933 0.1989 0.2454 0.3068 0.3742 0.4160 0.4230 0.4146 0.3924 0.3473 0.2542 0.1865 0.2092 0.2593 0.3233 0.3879 0.4196 0.4223 0.4112 0.3858 0.3350 0.2358 0.1852 0.2152 0.2666 0.3308 0.3929 0.4206 0.4219 0.4100 0.3836 0.3312 0.2309 0.1853 0.2171 0.2689 0.3333 0.3961 0.4217 0.4221 0.4217 0.3961 0.3333 0.2689 0.2171 0.1853 0.2309 0.3312 0.3836 0.4100 0.4219 0.4206 0.3929 0.3308 0.2666 0.2152 0.1852 0.2358 0.3350 0.3858 0.4112 0.4223 0.4196 0.3879 0.3233 0.2593 0.2092 0.1865 0.2542 0.3473 0.3924 0.4146 0.4230 0.4160 0.3742 0.3068 0.2454 0.1989 0.1933 0.2830 0.3621 0.3999 0.4180 0.4230 0.4094 0.3572 0.2894 0.2317 0.1890 0.2763
0.2602 0.2300 0.2881 0.3558 0.4088 0.4229 0.4183 0.4004 0.3632 0.2854 0.1942 0.1981 0.2443 0.3054 0.3729 0.4156 0.4230 0.4149 0.3930 0.3484 0.2561 0.1868 0.2085 0.2585 0.3225 0.3874 0.4196 0.4223 0.4112 0.3857 0.3346 0.2348 0.1852 0.2158 0.2675 0.3320 0.3938 0.4207 0.4218 0.4097 0.3829 0.3297 0.2289 0.1853 0.2180 0.2702 0.3349 0.3956 0.4212 0.4208 0.4113 0.4208 0.4212 0.3956 0.3349 0.2702 0.2180 0.1853 0.2289 0.3297 0.3829 0.4097 0.4218 0.4207 0.3938 0.3320 0.2675 0.2158 0.1852 0.2348 0.3346 0.3857 0.4112 0.4223 0.4196 0.3874 0.3225 0.2585 0.2085 0.1868 0.2561 0.3484 0.3930 0.4149 0.4230 0.4156 0.3729 0.3054 0.2443 0.1981 0.1942 0.2854 0.3632 0.4004 0.4183 0.4229 0.4088 0.3558 0.2881 0.2300 0.2602
0.2835 0.2858 0.3544 0.4081 0.4229 0.4185 0.4009 0.3642 0.2877 0.1951 0.1973 0.2431 0.3039 0.3715 0.4151 0.4230 0.4152 0.3937 0.3497 0.2583 0.1871 0.2077 0.2575 0.3214 0.3866 0.4194 0.4223 0.4113 0.3858 0.3346 0.2346 0.1852 0.2162 0.2682 0.3330 0.3946 0.4209 0.4217 0.4094 0.3823 0.3283 0.2270 0.1854 0.2190 0.2714 0.3364 0.3967 0.4213 0.4214 0.4062 0.3861 0.4062 0.4214 0.4213 0.3967 0.3364 0.2714 0.2190 0.1854 0.2270 0.3283 0.3823 0.4094 0.4217 0.4209 0.3946 0.3330 0.2682 0.2162 0.1852 0.2346 0.3346 0.3858 0.4113 0.4223 0.4194 0.3866 0.3214 0.2575 0.2077 0.1871 0.2583 0.3497 0.3937 0.4152 0.4230 0.4151 0.3715 0.3039 0.2431 0.1973 0.1951 0.2877 0.3642 0.4009 0.4185 0.4229 0.4081 0.3544 0.2858 0.2835
0.3203 0.3520 0.4073 0.4228 0.4187 0.4015 0.3653 0.2901 0.1961 0.1964 0.2420 0.3025 0.3702 0.4147 0.4231 0.4155 0.3943 0.3510 0.2607 0.1875 0.2069 0.2565 0.3202 0.3857 0.4192 0.4224 0.4115 0.3861 0.3350 0.2348 0.1852 0.2163 0.2686 0.3336 0.3952 0.4211 0.4216 0.4090 0.3816 0.3269 0.2253 0.1855 0.2198 0.2726 0.3377 0.3977 0.4215 0.4213 0.4082 0.3755 0.3373 0.3755 0.4082 0.4213 0.4215 0.3977 0.3377 0.2726 0.2198 0.1855 0.2253 0.3269 0.3816 0.4090 0.4216 0.4211 0.3952 0.3336 0.2686 0.2163 0.1852 0.2348 0.3350 0.3861 0.4115 0.4224 0.4192 0.3857 0.3201 0.2564 0.2069 0.1875 0.2607 0.3510 0.3943 0.4155 0.4231 0.4147 0.3702 0.3025 0.2420 0.1964 0.1961 0.2901 0.3653 0.4015 0.4187 0.4228 0.4073 0.3520 0.3203
0.3656 0.4067 0.4226 0.4190 0.4020 0.3664 0.2924 0.1971 0.1956 0.2408 0.3011 0.3688 0.4142 0.4231 0.4158 0.3950 0.3522 0.2631 0.1879 0.2060 0.2553 0.3188 0.3847 0.4190 0.4225 0.4118 0.3866 0.3359 0.2358 0.1852 0.2162 0.2686 0.3338 0.3954 0.4211 0.4215 0.4087 0.3809 0.3255 0.2236 0.1857 0.2206 0.2738 0.3390 0.3985 0.4216 0.4211 0.4078 0.3791 0.3164 0.2493 0.3164 0.3791 0.4078 0.4211 0.4216 0.3985 0.3390 0.2738 0.2206 0.1857 0.2236 0.3255 0.3809 0.4087 0.4215 0.4211 0.3954 0.3338 0.2686 0.2162 0.1852 0.2358 0.3359 0.3866 0.4118 0.4225 0.4190 0.3846 0.3188 0.2553 0.2060 0.1879 0.2631 0.3522 0.3950 0.4158 0.4231 0.4142 0.3688 0.3011 0.2408 0.1956 0.1971 0.2924 0.3664 0.4020 0.4190 0.4226 0.4067 0.3656
0.4035 0.4241 0.4191 0.4025 0.3674 0.2946 0.1981 0.1949 0.2398 0.2997 0.3675 0.4137 0.4231 0.4161 0.3956 0.3535 0.2654 0.1884 0.2052 0.2541 0.3174 0.3835 0.4187 0.4225 0.4121 0.3873 0.3371 0.2373 0.1852 0.2158 0.2682 0.3336 0.3954 0.4212 0.4215 0.4086 0.3804 0.3243 0.2221 0.1858 0.2215 0.2749 0.3402 0.3993 0.4217 0.4210 0.4074 0.3784 0.3200 0.2167 0.1789 0.2167 0.3200 0.3784 0.4074 0.4210 0.4217 0.3993 0.3402 0.2749 0.2215 0.1858 0.2221 0.3243 0.3804 0.4086 0.4215 0.4212 0.3954 0.3336 0.2682 0.2158 0.1852 0.2373 0.3371 0.3873 0.4121 0.4225 0.4187 0.3835 0.3174 0.2541 0.2052 0.1884 0.2654 0.3535 0.3956 0.4161 0.4231 0.4137 0.3675 0.2997 0.2398 0.1949 0.1981 0.2946 0.3674 0.4025 0.4191 0.4241 0.4035
0.4206 0.4211 0.4030 0.3683 0.2967 0.1991 0.1941 0.2387 0.2984 0.3663 0.4132 0.4231 0.4163 0.3961 0.3546 0.2676 0.1889 0.2044 0.2530 0.3161 0.3824 0.4184 0.4226 0.4124 0.3879 0.3383 0.2392 0.1853 0.2152 0.2675 0.3330 0.3952 0.4211 0.4215 0.4085 0.3802 0.3236 0.2209 0.1860 0.2222 0.2759 0.3414 0.4001 0.4218 0.4208 0.4070 0.3775 0.3187 0.2163 0.1875 0.2037 0.1875 0.2163 0.3187 0.3775 0.4070 0.4208 0.4218 0.4001 0.3414 0.2759 0.2222 0.1860 0.2209 0.3236 0.3802 0.4085 0.4215 0.4211 0.3952 0.3330 0.2675 0.2152 0.1853 0.2392 0.3383 0.3879 0.4124 0.4226 0.4184 0.3824 0.3161 0.2530 0.2044 0.1889 0.2676 0.3546 0.3961 0.4163 0.4231 0.4132 0.3663 0.2984 0.2387 0.1941 0.1991 0.2967 0.3683 0.4030 0.4211 0.4206
0.4245 0.4041 0.3694 0.2989 0.2003 0.1934 0.2377 0.2970 0.3649 0.4127 0.4231 0.4166 0.3967 0.3557 0.2699 0.1894 0.2035 0.2518 0.3147 0.3812 0.4181 0.4227 0.4127 0.3885 0.3395 0.2411 0.1854 0.2144 0.2666 0.3320 0.3946 0.4211 0.4215 0.4086 0.3802 0.3234 0.2204 0.1861 0.2228 0.2768 0.3426 0.4008 0.4220 0.4207 0.4067 0.3767 0.3171 0.2146 0.1884 0.2270 0.2524 0.2270 0.1884 0.2146 0.3171 0.3767 0.4067 0.4207 0.4220 0.4008 0.3426 0.2768 0.2228 0.1861 0.2204 0.3234 0.3802 0.4086 0.4215 0.4211 0.3946 0.3320 0.2666 0.2144 0.1854 0.2411 0.3395 0.3885 0.4127 0.4227 0.4181 0.3812 0.3147 0.2518 0.2035 0.1894 0.2699 0.3557 0.3967 0.4166 0.4231 0.4127 0.3649 0.2970 0.2377 0.1934 0.2003 0.2989 0.3694 0.4041 0.4245
0.4180 0.3703 0.3012 0.2014 0.1926 0.2366 0.2957 0.3636 0.4122 0.4231 0.4169 0.3973 0.3569 0.2722 0.1900 0.2027 0.2507 0.3133 0.3800 0.4178 0.4228 0.4131 0.3892 0.3408 0.2430 0.1855 0.2136 0.2655 0.3308 0.3938 0.4209 0.4216 0.4087 0.3804 0.3236 0.2204 0.1861 0.2231 0.2774 0.3434 0.4015 0.4221 0.4206 0.4063 0.3760 0.3155 0.2132 0.1873 0.2283 0.2835 0.3161 0.2835 0.2283 0.1873 0.2132 0.3155 0.3760 0.4063 0.4206 0.4221 0.4015 0.3434 0.2774 0.2231 0.1861 0.2204 0.3236 0.3804 0.4087 0.4216 0.4209 0.3938 0.3308 0.2655 0.2136 0.1855 0.2430 0.3408 0.3892 0.4131 0.4228 0.4178 0.3800 0.3133 0.2507 0.2027 0.1900 0.2722 0.3569 0.3973 0.4169 0.4231 0.4122 0.3636 0.2957 0.2366 0.1926 0.2014 0.3012 0.3703 0.4180
0.3972 0.3033 0.2028 0.1919 0.2356 0.2944 0.3623 0.4116 0.4231 0.4171 0.3978 0.3580 0.2745 0.1906 0.2019 0.2496 0.3119 0.3788 0.4174 0.4228 0.4134 0.3899 0.3421 0.2452 0.1856 0.2128 0.2644 0.3296 0.3929 0.4207 0.4217 0.4090 0.3809 0.3243 0.2209 0.1861 0.2231 0.2775 0.3438 0.4018 0.4221 0.4204 0.4059 0.3752 0.3139 0.2118 0.1876 0.2270 0.2848 0.3513 0.3835 0.3513 0.2848 0.2270 0.1876 0.2118 0.3139 0.3752 0.4059 0.4204 0.4221 0.4018 0.3438 0.2775 0.2231 0.1861 0.2209 0.3243 0.3809 0.4090 0.4217 0.4207 0.3929 0.3296 0.2644 0.2128 0.1856 0.2452 0.3421 0.3899 0.4134 0.4228 0.4174 0.3788 0.3119 0.2496 0.2019 0.1906 0.2745 0.3580 0.3978 0.4171 0.4231 0.4116 0.3623 0.2944 0.2356 0.1919 0.2028 0.3033 0.3972
0.3481 0.2039 0.1912 0.2345 0.2930 0.3609 0.4111 0.4230 0.4174 0.3984 0.3591 0.2769 0.1913 0.2011 0.2484 0.3105 0.3775 0.4171 0.4229 0.4137 0.3906 0.3435 0.2475 0.1858 0.2120 0.2633 0.3283 0.3920 0.4206 0.4218 0.4094 0.3816 0.3255 0.2221 0.1860 0.2228 0.2774 0.3438 0.4019 0.4222 0.4204 0.4057 0.3746 0.3124 0.2104 0.1881 0.2280 0.2833 0.3520 0.4070 0.4192 0.4070 0.3520 0.2833 0.2280 0.1881 0.2104 0.3124 0.3746 0.4057 0.4204 0.4222 0.4019 0.3438 0.2774 0.2228 0.1860 0.2221 0.3255 0.3816 0.4094 0.4218 0.4206 0.3920 0.3283 0.2633 0.2120 0.1858 0.2475 0.3435 0.3906 0.4137 0.4229 0.4171 0.3775 0.3105 0.2484 0.2011 0.1913 0.2769 0.3591 0.3984 0.4174 0.4230 0.4111 0.3609 0.2930 0.2345 0.1912 0.2039 0.3481
0.2746 0.1900 0.2334 0.2916 0.3595 0.4104 0.4230 0.4176 0.3990 0.3603 0.2793 0.1921 0.2002 0.2472 0.3091 0.3763 0.4167 0.4229 0.4140 0.3913 0.3449 0.2498 0.1860 0.2111 0.2621 0.3270 0.3911 0.4204 0.4219 0.4097 0.3823 0.3269 0.2236 0.1858 0.2222 0.2768 0.3434 0.4018 0.4222 0.4203 0.4055 0.3742 0.3112 0.2092 0.1884 0.2289 0.2845 0.3506 0.4064 0.4230 0.4206 0.4230 0.4064 0.3506 0.2845 0.2289 0.1884 0.2092 0.3112 0.3742 0.4055 0.4203 0.4222 0.4018 0.3434 0.2768 0.2222 0.1858 0.2236 0.3269 0.3823 0.4097 0.4219 0.4204 0.3911 0.3270 0.2621 0.2111 0.1860 0.2498 0.3449 0.3913 0.4140 0.4229 0.4167 0.3763 0.3091 0.2472 0.2002 0.1921 0.2793 0.3603 0.3990 0.4176 0.4230 0.4104 0.3595 0.2916 0.2334 0.1900 0.2746
0.2606 0.2317 0.2903 0.3581 0.4098 0.4230 0.4179 0.3995 0.3614 0.2816 0.1928 0.1994 0.2461 0.3076 0.3750 0.4163 0.4230 0.4144 0.3919 0.3463 0.2522 0.1863 0.2102 0.2609 0.3255 0.3900 0.4202 0.4220 0.4100 0.3829 0.3283 0.2253 0.1857 0.2215 0.2759 0.3426 0.4015 0.4221 0.4204 0.4055 0.3741 0.3107 0.2086 0.1887 0.2296 0.2856 0.3519 0.4061 0.4226 0.4183 0.4066 0.4183 0.4226 0.4061 0.3519 0.2856 0.2296 0.1887 0.2086 0.3107 0.3741 0.4055 0.4204 0.4221 0.4015 0.3426 0.2759 0.2215 0.1857 0.2253 0.3283 0.3829 0.4100 0.4220 0.4202 0.3900 0.3255 0.2609 0.2102 0.1863 0.2522 0.3463 0.3919 0.4144 0.4230 0.4163 0.3750 0.3076 0.2461 0.1994 0.1928 0.2816 0.3614 0.3995 0.4179 0.4230 0.4098 0.3581 0.2903 0.2317 0.2606
0.2845 0.2879 0.3567 0.4091 0.4229 0.4181 0.4001 0.3625 0.2840 0.1937 0.1986 0.2449 0.3062 0.3736 0.4158 0.4230 0.4147 0.3926 0.3476 0.2546 0.1866 0.2092 0.2597 0.3241 0.3889 0.4199 0.4221 0.4104 0.3836 0.3297 0.2270 0.1855 0.2206 0.2749 0.3414 0.4008 0.4221 0.4204 0.4057 0.3742 0.3107 0.2084 0.1889 0.2300 0.2863 0.3529 0.4067 0.4227 0.4193 0.4004 0.3766 0.4004 0.4193 0.4227 0.4067 0.3529 0.2863 0.2300 0.1889 0.2084 0.3107 0.3742 0.4057 0.4204 0.4221 0.4008 0.3414 0.2749 0.2206 0.1855 0.2270 0.3297 0.3836 0.4104 0.4221 0.4199 0.3889 0.3241 0.2597 0.2092 0.1866 0.2546 0.3476 0.3926 0.4147 0.4230 0.4158 0.3736 0.3062 0.2449 0.1986 0.1937 0.2840 0.3625 0.4001 0.4181 0.4229 0.4091 0.3567 0.2879 0.2845
0.3217 0.3543 0.4084 0.4229 0.4184 0.4006 0.3636 0.2864 0.1946 0.1977 0.2438 0.3048 0.3723 0.4154 0.4230 0.4150 0.3933 0.3489 0.2569 0.1869 0.2083 0.2584 0.3226 0.3877 0.4197 0.4222 0.4108 0.3844 0.3312 0.2289 0.1854 0.2198 0.2738 0.3402 0.4001 0.4220 0.4206 0.4059 0.3746 0.3112 0.2086 0.1889 0.2301 0.2867 0.3535 0.4072 0.4227 0.4192 0.4029 0.3641 0.3201 0.3641 0.4029 0.4192 0.4227 0.4072 0.3535 0.2867 0.2301 0.1889 0.2086 0.3112 0.3746 0.4059 0.4206 0.4220 0.4001 0.3402 0.2738 0.2198 0.1854 0.2289 0.3312 0.3844 0.4108 0.4222 0.4197 0.3877 0.3226 0.2584 0.2083 0.1869 0.2569 0.3489 0.3933 0.4150 0.4230 0.4154 0.3723 0.3048 0.2438 0.1977 0.1946 0.2864 0.3636 0.4006 0.4184 0.4229 0.4084 0.3542 0.3218
0.3671 0.4079 0.4227 0.4186 0.4012 0.3647 0.2887 0.1955 0.1969 0.2426 0.3033 0.3709 0.4150 0.4231 0.4153 0.3939 0.3502 0.2593 0.1873 0.2074 0.2572 0.3211 0.3865 0.4194 0.4223 0.4111 0.3852 0.3328 0.2309 0.1853 0.2190 0.2727 0.3390 0.3993 0.4218 0.4207 0.4063 0.3752 0.3124 0.2092 0.1887 0.2300 0.2867 0.3537 0.4074 0.4228 0.4190 0.4026 0.3682 0.2945 0.2239 0.2945 0.3682 0.4026 0.4190 0.4228 0.4074 0.3537 0.2867 0.2300 0.1887 0.2092 0.3124 0.3752 0.4063 0.4207 0.4218 0.3993 0.3390 0.2726 0.2190 0.1853 0.2309 0.3327 0.3852 0.4111 0.4223 0.4194 0.3865 0.3212 0.2572 0.2074 0.1873 0.2593 0.3502 0.3939 0.4153 0.4231 0.4150 0.3710 0.3033 0.2426 0.1969 0.1955 0.2887 0.3647 0.4012 0.4186 0.4227 0.4078 0.3670
0.4044 0.4243 0.4188 0.4017 0.3658 0.2909 0.1964 0.1961 0.2415 0.3019 0.3697 0.4145 0.4231 0.4156 0.3946 0.3515 0.2616 0.1877 0.2066 0.2560 0.3197 0.3854 0.4192 0.4224 0.4115 0.3860 0.3343 0.2330 0.1853 0.2180 0.2715 0.3378 0.3985 0.4217 0.4208 0.4067 0.3760 0.3139 0.2104 0.1884 0.2296 0.2863 0.3535 0.4074 0.4228 0.4189 0.4023 0.3677 0.2965 0.1997 0.1797 0.1997 0.2965 0.3677 0.4023 0.4189 0.4228 0.4074 0.3535 0.2863 0.2296 0.1884 0.2104 0.3139 0.3760 0.4067 0.4208 0.4217 0.3985 0.3377 0.2714 0.2180 0.1853 0.2331 0.3343 0.3860 0.4115 0.4224 0.4191 0.3853 0.3197 0.2559 0.2065 0.1877 0.2617 0.3515 0.3946 0.4156 0.4231 0.4145 0.3696 0.3019 0.2415 0.1961 0.1965 0.2910 0.3658 0.4017 0.4187 0.4243 0.4044
0.4209 0.4208 0.4022 0.3667 0.2931 0.1974 0.1954 0.2405 0.3006 0.3684 0.4140 0.4231 0.4159 0.3951 0.3526 0.2638 0.1881 0.2058 0.2549 0.3184 0.3843 0.4189 0.4225 0.4118 0.3866 0.3356 0.2350 0.1852 0.2172 0.2703 0.3365 0.3977 0.4216 0.4210 0.4070 0.3767 0.3155 0.2118 0.1881 0.2289 0.2856 0.3529 0.4072 0.4228 0.4189 0.4022 0.3674 0.2960 0.2001 0.1944 0.2140 0.1944 0.2001 0.2960 0.3674 0.4022 0.4189 0.4228 0.4072 0.3529 0.2856 0.2289 0.1881 0.2118 0.3155 0.3767 0.4070 0.4210 0.4216 0.3977 0.3364 0.2702 0.2171 0.1852 0.2352 0.3358 0.3867 0.4119 0.4225 0.4189 0.3842 0.3183 0.2548 0.2057 0.1881 0.2640 0.3527 0.3952 0.4159 0.4231 0.4140 0.3683 0.3005 0.2404 0.1953 0.1975 0.2933 0.3668 0.4022 0.4208 0.4209
0.4244 0.4032 0.3677 0.2953 0.1984 0.1946 0.2394 0.2993 0.3671 0.4136 0.4231 0.4161 0.3957 0.3538 0.2661 0.1886 0.2049 0.2538 0.3170 0.3832 0.4186 0.4226 0.4122 0.3873 0.3371 0.2372 0.1853 0.2162 0.2691 0.3351 0.3968 0.4215 0.4211 0.4074 0.3775 0.3171 0.2132 0.1877 0.2280 0.2845 0.3519 0.4068 0.4227 0.4190 0.4023 0.3674 0.2957 0.1992 0.1952 0.2390 0.2663 0.2389 0.1950 0.1991 0.2957 0.3674 0.4023 0.4190 0.4227 0.4067 0.3519 0.2845 0.2280 0.1876 0.2132 0.3171 0.3775 0.4074 0.4211 0.4215 0.3967 0.3349 0.2689 0.2161 0.1852 0.2373 0.3372 0.3874 0.4122 0.4226 0.4186 0.3830 0.3168 0.2536 0.2048 0.1886 0.2663 0.3539 0.3958 0.4162 0.4231 0.4135 0.3670 0.2991 0.2393 0.1945 0.1985 0.2955 0.3678 0.4032 0.4244
0.4176 0.3687 0.2977 0.1996 0.1938 0.2383 0.2979 0.3658 0.4130 0.4231 0.4164 0.3963 0.3550 0.2685 0.1891 0.2041 0.2525 0.3156 0.3819 0.4183 0.4226 0.4125 0.3881 0.3386 0.2394 0.1853 0.2153 0.2678 0.3336 0.3958 0.4213 0.4212 0.4078 0.3782 0.3186 0.2146 0.1873 0.2272 0.2834 0.3508 0.4062 0.4227 0.4191 0.4025 0.3676 0.2960 0.1992 0.1936 0.2397 0.2984 0.3326 0.2991 0.2404 0.1932 0.1991 0.2960 0.3677 0.4026 0.4192 0.4227 0.4061 0.3506 0.2833 0.2270 0.1873 0.2146 0.3187 0.3784 0.4078 0.4213 0.4213 0.3956 0.3333 0.2676 0.2151 0.1852 0.2396 0.3388 0.3883 0.4126 0.4227 0.4182 0.3817 0.3153 0.2523 0.2039 0.1891 0.2687 0.3552 0.3965 0.4165 0.4231 0.4129 0.3655 0.2976 0.2381 0.1937 0.1996 0.2979 0.3689 0.4177
0.3962 0.2998 0.2008 0.1930 0.2372 0.2965 0.3644 0.4125 0.4231 0.4167 0.3969 0.3562 0.2709 0.1897 0.2032 0.2513 0.3141 0.3807 0.4179 0.4227 0.4129 0.3888 0.3400 0.2417 0.1854 0.2143 0.2666 0.3321 0.3948 0.4211 0.4214 0.4082 0.3790 0.3202 0.2161 0.1870 0.2263 0.2823 0.3496 0.4055 0.4226 0.4193 0.4028 0.3682 0.2969 0.1995 0.1936 0.2374 0.2986 0.3667 0.3966 0.3683 0.3047 0.2423 0.1948 0.2000 0.2965 0.3682 0.4029 0.4193 0.4226 0.4064 0.3520 0.2848 0.2283 0.1884 0.2163 0.3200 0.3791 0.4082 0.4214 0.4212 0.3961 0.3346 0.2689 0.2162 0.1865 0.2416 0.3400 0.3889 0.4129 0.4227 0.4182 0.3825 0.3166 0.2536 0.2049 0.1906 0.2706 0.3562 0.3970 0.4167 0.4231 0.4130 0.3665 0.2989 0.2393 0.1946 0.2013 0.2992 0.3960
0.3454 0.2017 0.1923 0.2361 0.2951 0.3630 0.4119 0.4231 0.4170 0.3975 0.3574 0.2732 0.1903 0.2024 0.2502 0.3127 0.3795 0.4176 0.4228 0.4132 0.3895 0.3414 0.2439 0.1855 0.2134 0.2653 0.3307 0.3938 0.4209 0.4215 0.4086 0.3799 0.3219 0.2177 0.1867 0.2254 0.2812 0.3484 0.4049 0.4226 0.4195 0.4033 0.3690 0.2985 0.2002 0.1933 0.2372 0.2957 0.3658 0.4140 0.4215 0.4086 0.3509 0.3027 0.2415 0.1943 0.1997 0.2945 0.3641 0.4004 0.4183 0.4230 0.4070 0.3513 0.2835 0.2270 0.1875 0.2167 0.3164 0.3755 0.4062 0.4208 0.4217 0.3963 0.3335 0.2675 0.2149 0.1859 0.2424 0.3358 0.3857 0.4113 0.4224 0.4188 0.3823 0.3154 0.2522 0.2036 0.1902 0.2711 0.3520 0.3943 0.4154 0.4231 0.4136 0.3659 0.2977 0.2380 0.1937 0.2006 0.3413
0.2729 0.1912 0.2352 0.2939 0.3618 0.4114 0.4231 0.4172 0.3981 0.3584 0.2754 0.1909 0.2016 0.2491 0.3114 0.3783 0.4173 0.4228 0.4135 0.3902 0.3427 0.2460 0.1856 0.2126 0.2642 0.3294 0.3928 0.4208 0.4217 0.4089 0.3806 0.3235 0.2195 0.1864 0.2245 0.2801 0.3472 0.4042 0.4225 0.4196 0.4037 0.3699 0.3004 0.2012 0.1927 0.2366 0.2954 0.3629 0.4126 0.4232 0.4225 0.4164 0.3281 0.3046 0.2693 0.2148 0.1796 0.2238 0.3200 0.3766 0.4066 0.4206 0.4192 0.3835 0.3161 0.2524 0.2037 0.1789 0.2493 0.3373 0.3861 0.4113 0.4221 0.4145 0.3674 0.2985 0.2382 0.1935 0.1864 0.2766 0.3531 0.3946 0.4153 0.4224 0.4067 0.3496 0.2813 0.2250 0.1846 0.2030 0.3016 0.3666 0.4016 0.4185 0.4214 0.3954 0.3314 0.2652 0.2134 0.1783 0.2867
0.2612 0.2335 0.2926 0.3604 0.4108 0.4230 0.4175 0.3986 0.3595 0.2777 0.1915 0.2008 0.2480 0.3100 0.3771 0.4169 0.4229 0.4138 0.3908 0.3440 0.2483 0.1858 0.2117 0.2630 0.3279 0.3918 0.4206 0.4218 0.4093 0.3814 0.3251 0.2213 0.1861 0.2236 0.2789 0.3459 0.4035 0.4224 0.4198 0.4041 0.3707 0.3023 0.2022 0.1921 0.2358 0.2945 0.3622 0.4115 0.4231 0.4161 0.4022 0.4382 0.2816 0.2556 0.2350 0.1967 0.1997 0.2944 0.3640 0.4005 0.4183 0.4230 0.4070 0.3513 0.2835 0.2270 0.1875 0.2167 0.3164 0.3755 0.4062 0.4208 0.4217 0.3963 0.3335 0.2675 0.2149 0.1859 0.2424 0.3358 0.3857 0.4113 0.4224 0.4188 0.3823 0.3154 0.2522 0.2036 0.1902 0.2711 0.3520 0.3943 0.4154 0.4231 0.4136 0.3659 0.2977 0.2380 0.1937 0.2006 0.3413
0.2856 0.2900 0.3589 0.4102 0.4230 0.4177 0.3992 0.3607 0.2801 0.1922 0.1998 0.2467 0.3084 0.3757 0.4165 0.4229 0.4142 0.3915 0.3454 0.2506 0.1860 0.2106 0.2616 0.3263 0.3906 0.4203 0.4219 0.4097 0.3823 0.3268 0.2233 0.1858 0.2225 0.2775 0.3444 0.4027 0.4223 0.4200 0.4045 0.3715 0.3041 0.2033 0.1914 0.2347 0.2932 0.3610 0.4111 0.4230 0.4174 0.3972 0.3634 0.3394 0.2131 0.2138 0.1987 0.2014 0.2966 0.3681 0.4029 0.4193 0.4226 0.4064 0.3520 0.2848 0.2283 0.1884 0.2163 0.3200 0.3791 0.4082 0.4214 0.4212 0.3961 0.3346 0.2689 0.2162 0.1865 0.2416 0.3400 0.3889 0.4129 0.4227 0.4182 0.3825 0.3166 0.2536 0.2049 0.1906 0.2706 0.3562 0.3970 0.4167 0.4231 0.4130 0.3665 0.2989 0.2393 0.1946 0.2013 0.2992 0.3960
0.3235 0.3566 0.4095 0.4230 0.4180 0.3999 0.3620 0.2823 0.1931 0.1991 0.2457 0.3071 0.3744 0.4161 0.4230 0.4146 0.3924 0.3470 0.2529 0.1863 0.2098 0.2605 0.3250 0.3895 0.4201 0.4221 0.4102 0.3833 0.3286 0.2252 0.1857 0.2216 0.2763 0.3431 0.4019 0.4222 0.4202 0.4050 0.3726 0.3060 0.2045 0.1908 0.2339 0.2922 0.3599 0.4105 0.4230 0.4177 0.3991 0.3593 0.2884 0.2197 0.1916 0.1940 0.2035 0.2961 0.3677 0.4025 0.4192 0.4227 0.4061 0.3506 0.2833 0.2270 0.1873 0.2146 0.3187 0.3784 0.4078 0.4213 0.4213 0.3956 0.3333 0.2676 0.2151 0.1852 0.2396 0.3388 0.3883 0.4126 0.4227 0.4182 0.3817 0.3153 0.2523 0.2039 0.1891 0.2687 0.3552 0.3965 0.4165 0.4231 0.4129 0.3655 0.2976 0.2381 0.1937 0.1996 0.2979 0.3689 0.4177
0.3733 0.4106 0.4229 0.4181 0.4000 0.3623 0.2836 0.1952 0.2014 0.2488 0.3106 0.3771 0.4164 0.4230 0.4146 0.3925 0.3474 0.2544 0.1885 0.2124 0.2637 0.3285 0.3916 0.4202 0.4221 0.4103 0.3835 0.3292 0.2270 0.1879 0.2244 0.2797 0.3464 0.4033 0.4222 0.4202 0.4050 0.3727 0.3068 0.2063 0.1931 0.2369 0.2957 0.3631 0.4114 0.4230 0.4177 0.3991 0.3606 0.2806 0.2012 0.1869 0.1897 0.2063 0.2958 0.3672 0.4022 0.4190 0.4227 0.4067 0.3519 0.2845 0.2280 0.1876 0.2132 0.3171 0.3775 0.4074 0.4211 0.4215 0.3967 0.3349 0.2689 0.2161 0.1852 0.2373 0.3372 0.3874 0.4122 0.4226 0.4186 0.3830 0.3168 0.2536 0.2048 0.1886 0.2663 0.3539 0.3958 0.4162 0.4231 0.4135 0.3670 0.2991 0.2393 0.1945 0.1985 0.2955 0.3678 0.4032 0.4244
0.4031 0.4247 0.4160 0.3955 0.3548 0.2793 0.1922 0.1949 0.2402 0.3008 0.3696 0.4154 0.4226 0.4120 0.3872 0.3393 0.2526 0.1844 0.2053 0.2547 0.3188 0.3857 0.4200 0.4212 0.4071 0.3774 0.3211 0.2263 0.1829 0.2168 0.2702 0.3371 0.3993 0.4223 0.4187 0.4012 0.3658 0.2999 0.2046 0.1871 0.2287 0.2859 0.3542 0.4090 0.4230 0.4156 0.3947 0.3534 0.2772 0.1924 0.1852 0.1872 0.2072 0.2962 0.3672 0.4022 0.4190 0.4228 0.4072 0.3529 0.2856 0.2289 0.1881 0.2118 0.3155 0.3767 0.4070 0.4210 0.4216 0.3977 0.3364 0.2702 0.2171 0.1852 0.2352 0.3358 0.3867 0.4119 0.4225 0.4189 0.3842 0.3183 0.2548 0.2057 0.1881 0.2640 0.3527 0.3952 0.4159 0.4231 0.4140 0.3683 0.3005 0.2404 0.1953 0.1975 0.2933 0.3668 0.4022 0.4208 0.4209
