0.3488 0.3257 0.3721 0.4073 0.4218 0.4242 0.4161 0.3923 0.3362 0.2684 0.2632 0.2894 0.3284 0.3738 0.4082 0.4221 0.4241 0.4155 0.3910 0.3333 0.2672 0.2639 0.2904 0.3298 0.3751 0.4089 0.4223 0.4241 0.4150 0.3900 0.3309 0.2662 0.2645 0.2915 0.3312 0.3766 0.4096 0.4225 0.4239 0.4145 0.3887 0.3281 0.2653 0.2651 0.2926 0.3327 0.3779 0.4103 0.4229 0.4228 0.4137 0.4228 0.4229 0.4103 0.3779 0.3327 0.2926 0.2651 0.2653 0.3281 0.3887 0.4145 0.4239 0.4225 0.4096 0.3766 0.3312 0.2915 0.2645 0.2662 0.3309 0.3900 0.4150 0.4241 0.4223 0.4089 0.3751 0.3298 0.2904 0.2639 0.2672 0.3333 0.3910 0.4155 0.4241 0.4221 0.4082 0.3738 0.3284 0.2894 0.2632 0.2684 0.3362 0.3923 0.4161 0.4242 0.4218 0.4073 0.3721 0.3257 0.3488
0.3257 0.3606 0.4113 0.4246 0.4195 0.4004 0.3632 0.2877 0.1958 0.1952 0.2392 0.2975 0.3641 0.4125 0.4247 0.4190 0.3993 0.3613 0.2839 0.1943 0.1965 0.2409 0.2996 0.3661 0.4134 0.4247 0.4186 0.3985 0.3598 0.2807 0.1930 0.1976 0.2425 0.3016 0.3681 0.4142 0.4248 0.4182 0.3975 0.3580 0.2769 0.1918 0.1989 0.2442 0.3039 0.3702 0.4150 0.4248 0.4177 0.3928 0.3630 0.3928 0.4177 0.4248 0.4150 0.3702 0.3039 0.2442 0.1989 0.1918 0.2769 0.3580 0.3975 0.4182 0.4248 0.4142 0.3681 0.3016 0.2425 0.1976 0.1930 0.2807 0.3598 0.3985 0.4186 0.4247 0.4134 0.3661 0.2996 0.2409 0.1965 0.1943 0.2839 0.3613 0.3993 0.4190 0.4247 0.4125 0.3641 0.2975 0.2392 0.1952 0.1958 0.2877 0.3632 0.4004 0.4195 0.4246 0.4113 0.3606 0.3257
0.3721 0.4113 0.4228 0.4176 0.3995 0.3624 0.2858 0.1953 0.1964 0.2409 0.2999 0.3663 0.4127 0.4230 0.4170 0.3984 0.3603 0.2815 0.1937 0.1978 0.2428 0.3021 0.3684 0.4135 0.4230 0.4167 0.3976 0.3587 0.2784 0.1926 0.1989 0.2443 0.3039 0.3703 0.4142 0.4230 0.4162 0.3967 0.3569 0.2746 0.1914 0.2002 0.2461 0.3062 0.3723 0.4149 0.4230 0.4159 0.3958 0.3493 0.2969 0.3493 0.3958 0.4159 0.4230 0.4149 0.3723 0.3062 0.2461 0.2002 0.1914 0.2746 0.3569 0.3967 0.4162 0.4230 0.4142 0.3703 0.3039 0.2443 0.1989 0.1926 0.2784 0.3587 0.3976 0.4167 0.4230 0.4135 0.3684 0.3021 0.2428 0.1978 0.1937 0.2815 0.3603 0.3984 0.4170 0.4230 0.4127 0.3663 0.2999 0.2409 0.1964 0.1953 0.2858 0.3624 0.3995 0.4176 0.4228 0.4113 0.3721
0.4073 0.4246 0.4176 0.3994 0.3618 0.2842 0.1945 0.1971 0.2419 0.3011 0.3676 0.4132 0.4231 0.4168 0.3978 0.3592 0.2792 0.1928 0.1986 0.2439 0.3034 0.3697 0.4140 0.4231 0.4165 0.3970 0.3575 0.2759 0.1918 0.1997 0.2454 0.3053 0.3715 0.4147 0.4231 0.4160 0.3961 0.3556 0.2721 0.1906 0.2011 0.2472 0.3076 0.3736 0.4154 0.4231 0.4156 0.3953 0.3538 0.2663 0.1992 0.2663 0.3538 0.3953 0.4156 0.4231 0.4154 0.3736 0.3076 0.2472 0.2011 0.1906 0.2721 0.3556 0.3961 0.4160 0.4231 0.4147 0.3715 0.3053 0.2454 0.1997 0.1918 0.2759 0.3575 0.3970 0.4165 0.4231 0.4140 0.3697 0.3034 0.2439 0.1986 0.1928 0.2792 0.3592 0.3978 0.4168 0.4231 0.4132 0.3676 0.3011 0.2419 0.1971 0.1945 0.2842 0.3618 0.3994 0.4176 0.4246 0.4073
0.4218 0.4195 0.3995 0.3618 0.2836 0.1941 0.1976 0.2427 0.3022 0.3687 0.4137 0.4231 0.4166 0.3973 0.3580 0.2769 0.1920 0.1994 0.2450 0.3049 0.3711 0.4145 0.4231 0.4162 0.3964 0.3563 0.2735 0.1910 0.2006 0.2466 0.3068 0.3728 0.4151 0.4231 0.4157 0.3955 0.3545 0.2697 0.1900 0.2019 0.2484 0.3091 0.3750 0.4158 0.4230 0.4153 0.3945 0.3528 0.2658 0.1891 0.1859 0.1891 0.2658 0.3528 0.3945 0.4153 0.4230 0.4158 0.3750 0.3091 0.2484 0.2019 0.1900 0.2697 0.3545 0.3955 0.4157 0.4231 0.4151 0.3728 0.3068 0.2466 0.2006 0.1910 0.2735 0.3563 0.3964 0.4162 0.4231 0.4145 0.3711 0.3049 0.2450 0.1994 0.1920 0.2769 0.3580 0.3973 0.4166 0.4231 0.4137 0.3687 0.3022 0.2427 0.1976 0.1941 0.2836 0.3618 0.3995 0.4195 0.4218
0.4242 0.4004 0.3624 0.2842 0.1941 0.1978 0.2431 0.3030 0.3697 0.4141 0.4231 0.4163 0.3967 0.3569 0.2746 0.1913 0.2002 0.2462 0.3063 0.3724 0.4150 0.4231 0.4159 0.3958 0.3551 0.2711 0.1904 0.2014 0.2477 0.3082 0.3742 0.4156 0.4230 0.4155 0.3949 0.3533 0.2674 0.1894 0.2028 0.2496 0.3105 0.3763 0.4163 0.4230 0.4150 0.3939 0.3514 0.2639 0.1895 0.2054 0.2270 0.2054 0.1895 0.2639 0.3514 0.3939 0.4150 0.4230 0.4163 0.3763 0.3105 0.2496 0.2028 0.1894 0.2674 0.3533 0.3949 0.4155 0.4230 0.4156 0.3742 0.3082 0.2477 0.2014 0.1904 0.2711 0.3551 0.3958 0.4159 0.4231 0.4150 0.3724 0.3063 0.2462 0.2002 0.1913 0.2746 0.3569 0.3967 0.4163 0.4231 0.4141 0.3697 0.3030 0.2431 0.1978 0.1941 0.2842 0.3624 0.4004 0.4242
0.4161 0.3632 0.2858 0.1945 0.1976 0.2431 0.3033 0.3702 0.4144 0.4231 0.4161 0.3963 0.3559 0.2725 0.1907 0.2010 0.2473 0.3077 0.3738 0.4154 0.4231 0.4156 0.3951 0.3539 0.2687 0.1897 0.2023 0.2489 0.3097 0.3755 0.4160 0.4230 0.4152 0.3943 0.3521 0.2651 0.1888 0.2036 0.2508 0.3119 0.3775 0.4167 0.4230 0.4147 0.3933 0.3502 0.2615 0.1881 0.2066 0.2546 0.2840 0.2546 0.2066 0.1881 0.2615 0.3502 0.3933 0.4147 0.4230 0.4167 0.3775 0.3119 0.2508 0.2036 0.1888 0.2651 0.3521 0.3943 0.4152 0.4230 0.4160 0.3755 0.3097 0.2489 0.2023 0.1897 0.2687 0.3539 0.3951 0.4156 0.4231 0.4154 0.3738 0.3077 0.2473 0.2010 0.1907 0.2725 0.3559 0.3963 0.4161 0.4231 0.4144 0.3702 0.3033 0.2431 0.1976 0.1945 0.2858 0.3632 0.4161
0.3923 0.2877 0.1953 0.1971 0.2427 0.3030 0.3702 0.4144 0.4231 0.4160 0.3959 0.3550 0.2706 0.1901 0.2018 0.2483 0.3090 0.3750 0.4159 0.4230 0.4153 0.3945 0.3526 0.2663 0.1891 0.2031 0.2501 0.3111 0.3768 0.4164 0.4230 0.4149 0.3937 0.3509 0.2628 0.1883 0.2044 0.2520 0.3134 0.3788 0.4171 0.4229 0.4144 0.3926 0.3489 0.2592 0.1876 0.2056 0.2560 0.3183 0.3525 0.3183 0.2560 0.2056 0.1876 0.2592 0.3489 0.3926 0.4144 0.4229 0.4171 0.3788 0.3134 0.2520 0.2044 0.1883 0.2628 0.3509 0.3937 0.4149 0.4230 0.4164 0.3768 0.3111 0.2501 0.2031 0.1891 0.2663 0.3526 0.3945 0.4153 0.4230 0.4159 0.3750 0.3090 0.2483 0.2018 0.1901 0.2706 0.3550 0.3959 0.4160 0.4231 0.4144 0.3702 0.3030 0.2427 0.1971 0.1953 0.2877 0.3923
0.3362 0.1958 0.1964 0.2419 0.3022 0.3697 0.4144 0.4231 0.4159 0.3956 0.3545 0.2692 0.1897 0.2024 0.2493 0.3103 0.3761 0.4163 0.4230 0.4150 0.3939 0.3514 0.2639 0.1886 0.2040 0.2513 0.3125 0.3781 0.4168 0.4229 0.4146 0.3930 0.3497 0.2606 0.1879 0.2053 0.2531 0.3148 0.3801 0.4174 0.4229 0.4140 0.3919 0.3476 0.2569 0.1872 0.2066 0.2547 0.3195 0.3847 0.4082 0.3847 0.3195 0.2547 0.2066 0.1872 0.2569 0.3476 0.3919 0.4140 0.4229 0.4174 0.3801 0.3148 0.2531 0.2053 0.1879 0.2606 0.3497 0.3930 0.4146 0.4229 0.4168 0.3781 0.3125 0.2513 0.2040 0.1886 0.2639 0.3514 0.3939 0.4150 0.4230 0.4163 0.3761 0.3103 0.2493 0.2024 0.1897 0.2692 0.3545 0.3956 0.4159 0.4231 0.4144 0.3697 0.3022 0.2419 0.1964 0.1958 0.3362
0.2684 0.1952 0.2409 0.3011 0.3687 0.4141 0.4231 0.4160 0.3956 0.3542 0.2685 0.1894 0.2029 0.2501 0.3114 0.3772 0.4166 0.4230 0.4147 0.3933 0.3501 0.2615 0.1881 0.2049 0.2525 0.3140 0.3793 0.4172 0.4229 0.4142 0.3923 0.3484 0.2583 0.1875 0.2061 0.2542 0.3162 0.3813 0.4178 0.4228 0.4137 0.3913 0.3463 0.2546 0.1869 0.2075 0.2560 0.3182 0.3849 0.4194 0.4225 0.4194 0.3849 0.3182 0.2560 0.2075 0.1869 0.2546 0.3463 0.3913 0.4137 0.4228 0.4178 0.3813 0.3162 0.2542 0.2061 0.1875 0.2583 0.3484 0.3923 0.4142 0.4229 0.4172 0.3793 0.3140 0.2525 0.2049 0.1881 0.2615 0.3501 0.3933 0.4147 0.4230 0.4166 0.3772 0.3114 0.2501 0.2029 0.1894 0.2685 0.3542 0.3956 0.4160 0.4231 0.4141 0.3687 0.3011 0.2409 0.1952 0.2684
0.2632 0.2392 0.2999 0.3676 0.4137 0.4231 0.4161 0.3959 0.3545 0.2685 0.1894 0.2031 0.2506 0.3122 0.3781 0.4169 0.4229 0.4144 0.3927 0.3489 0.2592 0.1876 0.2057 0.2537 0.3154 0.3806 0.4176 0.4228 0.4139 0.3917 0.3471 0.2560 0.1871 0.2069 0.2554 0.3176 0.3825 0.4181 0.4227 0.4134 0.3906 0.3449 0.2522 0.1865 0.2083 0.2572 0.3197 0.3841 0.4188 0.4222 0.4147 0.4222 0.4188 0.3841 0.3197 0.2572 0.2083 0.1865 0.2522 0.3449 0.3906 0.4134 0.4227 0.4181 0.3825 0.3176 0.2554 0.2069 0.1871 0.2560 0.3471 0.3917 0.4139 0.4228 0.4176 0.3806 0.3154 0.2537 0.2057 0.1876 0.2592 0.3489 0.3927 0.4144 0.4229 0.4169 0.3781 0.3122 0.2506 0.2031 0.1894 0.2685 0.3545 0.3959 0.4161 0.4231 0.4137 0.3676 0.2999 0.2392 0.2632
0.2894 0.2975 0.3663 0.4132 0.4231 0.4163 0.3963 0.3550 0.2692 0.1894 0.2031 0.2507 0.3126 0.3786 0.4171 0.4229 0.4142 0.3921 0.3478 0.2571 0.1873 0.2066 0.2548 0.3169 0.3818 0.4179 0.4228 0.4136 0.3910 0.3457 0.2536 0.1867 0.2078 0.2565 0.3190 0.3836 0.4184 0.4227 0.4130 0.3899 0.3435 0.2498 0.1863 0.2092 0.2584 0.3212 0.3854 0.4188 0.4226 0.4105 0.3933 0.4105 0.4226 0.4188 0.3854 0.3212 0.2584 0.2092 0.1863 0.2498 0.3435 0.3899 0.4130 0.4227 0.4184 0.3836 0.3190 0.2565 0.2078 0.1867 0.2536 0.3457 0.3910 0.4136 0.4228 0.4179 0.3818 0.3169 0.2548 0.2066 0.1873 0.2571 0.3478 0.3921 0.4142 0.4229 0.4171 0.3786 0.3126 0.2507 0.2031 0.1894 0.2692 0.3550 0.3963 0.4163 0.4231 0.4132 0.3663 0.2975 0.2894
0.3284 0.3641 0.4127 0.4231 0.4166 0.3967 0.3559 0.2706 0.1897 0.2029 0.2506 0.3126 0.3788 0.4172 0.4229 0.4140 0.3916 0.3468 0.2552 0.1870 0.2074 0.2559 0.3183 0.3830 0.4183 0.4227 0.4132 0.3903 0.3443 0.2512 0.1864 0.2087 0.2577 0.3203 0.3848 0.4187 0.4226 0.4127 0.3892 0.3421 0.2475 0.1860 0.2102 0.2596 0.3226 0.3866 0.4192 0.4225 0.4122 0.3842 0.3507 0.3842 0.4122 0.4225 0.4192 0.3866 0.3226 0.2596 0.2102 0.1860 0.2475 0.3421 0.3892 0.4127 0.4226 0.4187 0.3848 0.3203 0.2577 0.2087 0.1864 0.2512 0.3443 0.3903 0.4132 0.4227 0.4183 0.3830 0.3183 0.2559 0.2074 0.1870 0.2552 0.3468 0.3916 0.4140 0.4229 0.4172 0.3788 0.3126 0.2506 0.2029 0.1897 0.2706 0.3559 0.3967 0.4166 0.4231 0.4127 0.3641 0.3284
0.3738 0.4125 0.4230 0.4168 0.3973 0.3569 0.2725 0.1901 0.2024 0.2501 0.3122 0.3786 0.4172 0.4229 0.4139 0.3914 0.3460 0.2535 0.1867 0.2081 0.2570 0.3196 0.3842 0.4186 0.4227 0.4129 0.3896 0.3430 0.2489 0.1861 0.2096 0.2589 0.3217 0.3859 0.4190 0.4225 0.4124 0.3884 0.3407 0.2452 0.1858 0.2111 0.2609 0.3241 0.3877 0.4194 0.4224 0.4119 0.3874 0.3329 0.2723 0.3329 0.3874 0.4119 0.4224 0.4194 0.3877 0.3241 0.2609 0.2111 0.1858 0.2452 0.3407 0.3884 0.4124 0.4225 0.4190 0.3859 0.3217 0.2589 0.2096 0.1861 0.2489 0.3430 0.3896 0.4129 0.4227 0.4186 0.3842 0.3196 0.2570 0.2081 0.1867 0.2535 0.3460 0.3914 0.4139 0.4229 0.4172 0.3786 0.3122 0.2501 0.2024 0.1901 0.2725 0.3569 0.3973 0.4168 0.4230 0.4125 0.3738
0.4082 0.4247 0.4170 0.3978 0.3580 0.2746 0.1907 0.2018 0.2493 0.3114 0.3781 0.4171 0.4229 0.4139 0.3913 0.3457 0.2525 0.1864 0.2087 0.2579 0.3207 0.3852 0.4188 0.4226 0.4126 0.3889 0.3416 0.2465 0.1859 0.2105 0.2602 0.3232 0.3870 0.4193 0.4225 0.4120 0.3878 0.3393 0.2428 0.1856 0.2120 0.2621 0.3255 0.3888 0.4197 0.4223 0.4115 0.3868 0.3371 0.2378 0.1846 0.2378 0.3371 0.3868 0.4115 0.4223 0.4197 0.3888 0.3255 0.2621 0.2120 0.1856 0.2428 0.3393 0.3878 0.4120 0.4225 0.4193 0.3870 0.3232 0.2602 0.2105 0.1859 0.2465 0.3416 0.3889 0.4126 0.4226 0.4188 0.3852 0.3207 0.2579 0.2087 0.1864 0.2525 0.3457 0.3913 0.4139 0.4229 0.4171 0.3781 0.3114 0.2493 0.2018 0.1907 0.2746 0.3580 0.3978 0.4170 0.4247 0.4082
0.4221 0.4190 0.3984 0.3592 0.2769 0.1913 0.2010 0.2483 0.3103 0.3772 0.4169 0.4229 0.4140 0.3914 0.3457 0.2522 0.1864 0.2091 0.2586 0.3217 0.3861 0.4191 0.4225 0.4123 0.3882 0.3402 0.2442 0.1857 0.2115 0.2614 0.3247 0.3882 0.4195 0.4224 0.4117 0.3870 0.3379 0.2406 0.1855 0.2129 0.2634 0.3270 0.3900 0.4199 0.4222 0.4111 0.3859 0.3358 0.2371 0.1857 0.1951 0.1857 0.2371 0.3358 0.3859 0.4111 0.4222 0.4199 0.3900 0.3270 0.2634 0.2129 0.1855 0.2406 0.3379 0.3870 0.4117 0.4224 0.4195 0.3882 0.3247 0.2614 0.2115 0.1857 0.2442 0.3402 0.3882 0.4123 0.4225 0.4191 0.3861 0.3217 0.2586 0.2091 0.1864 0.2522 0.3457 0.3914 0.4140 0.4229 0.4169 0.3772 0.3103 0.2483 0.2010 0.1913 0.2769 0.3592 0.3984 0.4190 0.4221
0.4241 0.3993 0.3603 0.2792 0.1920 0.2002 0.2473 0.3090 0.3761 0.4166 0.4229 0.4142 0.3916 0.3460 0.2525 0.1864 0.2092 0.2590 0.3223 0.3867 0.4193 0.4224 0.4120 0.3876 0.3389 0.2421 0.1855 0.2124 0.2627 0.3262 0.3893 0.4198 0.4223 0.4114 0.3863 0.3365 0.2384 0.1853 0.2139 0.2647 0.3285 0.3911 0.4202 0.4221 0.4108 0.3852 0.3342 0.2351 0.1864 0.2168 0.2405 0.2168 0.1864 0.2351 0.3342 0.3852 0.4108 0.4221 0.4202 0.3911 0.3285 0.2647 0.2139 0.1853 0.2384 0.3365 0.3863 0.4114 0.4223 0.4198 0.3893 0.3262 0.2627 0.2124 0.1855 0.2421 0.3389 0.3876 0.4120 0.4224 0.4193 0.3867 0.3223 0.2590 0.2092 0.1864 0.2525 0.3460 0.3916 0.4142 0.4229 0.4166 0.3761 0.3090 0.2473 0.2002 0.1920 0.2792 0.3603 0.3993 0.4241
0.4155 0.3613 0.2815 0.1928 0.1994 0.2462 0.3077 0.3750 0.4163 0.4230 0.4144 0.3921 0.3468 0.2535 0.1864 0.2091 0.2590 0.3225 0.3871 0.4194 0.4224 0.4117 0.3870 0.3377 0.2402 0.1854 0.2132 0.2639 0.3276 0.3905 0.4200 0.4222 0.4110 0.3856 0.3350 0.2362 0.1853 0.2148 0.2659 0.3299 0.3922 0.4204 0.4220 0.4104 0.3844 0.3327 0.2329 0.1852 0.2181 0.2700 0.3013 0.2700 0.2181 0.1852 0.2329 0.3327 0.3844 0.4104 0.4220 0.4204 0.3922 0.3299 0.2659 0.2148 0.1853 0.2362 0.3350 0.3856 0.4110 0.4222 0.4200 0.3905 0.3276 0.2639 0.2132 0.1854 0.2402 0.3377 0.3870 0.4117 0.4224 0.4194 0.3871 0.3225 0.2590 0.2091 0.1864 0.2535 0.3468 0.3921 0.4144 0.4230 0.4163 0.3750 0.3077 0.2462 0.1994 0.1928 0.2815 0.3613 0.4155
0.3910 0.2839 0.1937 0.1986 0.2450 0.3063 0.3738 0.4159 0.4230 0.4147 0.3927 0.3478 0.2552 0.1867 0.2087 0.2586 0.3223 0.3871 0.4194 0.4224 0.4116 0.3866 0.3366 0.2384 0.1853 0.2140 0.2650 0.3289 0.3915 0.4203 0.4221 0.4106 0.3849 0.3336 0.2341 0.1852 0.2157 0.2672 0.3314 0.3933 0.4206 0.4219 0.4100 0.3836 0.3312 0.2308 0.1852 0.2170 0.2714 0.3365 0.3702 0.3365 0.2714 0.2170 0.1852 0.2308 0.3312 0.3836 0.4100 0.4219 0.4206 0.3933 0.3314 0.2672 0.2157 0.1852 0.2341 0.3336 0.3849 0.4106 0.4221 0.4203 0.3915 0.3289 0.2650 0.2140 0.1853 0.2384 0.3366 0.3866 0.4116 0.4224 0.4194 0.3871 0.3223 0.2586 0.2087 0.1867 0.2552 0.3478 0.3927 0.4147 0.4230 0.4159 0.3738 0.3063 0.2450 0.1986 0.1937 0.2839 0.3910
0.3333 0.1943 0.1978 0.2439 0.3049 0.3724 0.4154 0.4230 0.4150 0.3933 0.3489 0.2571 0.1870 0.2081 0.2579 0.3217 0.3867 0.4194 0.4224 0.4115 0.3864 0.3360 0.2371 0.1852 0.2147 0.2660 0.3302 0.3925 0.4205 0.4219 0.4102 0.3841 0.3321 0.2321 0.1852 0.2166 0.2684 0.3329 0.3943 0.4208 0.4217 0.4096 0.3828 0.3296 0.2288 0.1853 0.2180 0.2702 0.3375 0.3983 0.4155 0.3983 0.3375 0.2702 0.2180 0.1853 0.2288 0.3296 0.3828 0.4096 0.4217 0.4208 0.3943 0.3329 0.2684 0.2166 0.1852 0.2321 0.3321 0.3841 0.4102 0.4219 0.4205 0.3925 0.3302 0.2660 0.2147 0.1852 0.2371 0.3360 0.3864 0.4115 0.4224 0.4194 0.3867 0.3217 0.2579 0.2081 0.1870 0.2571 0.3489 0.3933 0.4150 0.4230 0.4154 0.3724 0.3049 0.2439 0.1978 0.1943 0.3333
0.2672 0.1965 0.2428 0.3034 0.3711 0.4150 0.4231 0.4153 0.3939 0.3501 0.2592 0.1873 0.2074 0.2570 0.3207 0.3861 0.4193 0.4224 0.4116 0.3864 0.3358 0.2365 0.1852 0.2153 0.2669 0.3313 0.3933 0.4207 0.4218 0.4099 0.3833 0.3305 0.2300 0.1853 0.2175 0.2696 0.3343 0.3953 0.4210 0.4216 0.4092 0.3820 0.3279 0.2267 0.1854 0.2190 0.2715 0.3363 0.3981 0.4220 0.4219 0.4220 0.3981 0.3363 0.2715 0.2190 0.1854 0.2267 0.3279 0.3820 0.4092 0.4216 0.4210 0.3953 0.3343 0.2696 0.2176 0.1853 0.2300 0.3305 0.3833 0.4099 0.4218 0.4207 0.3933 0.3313 0.2669 0.2153 0.1852 0.2365 0.3358 0.3864 0.4116 0.4224 0.4193 0.3861 0.3207 0.2570 0.2074 0.1873 0.2592 0.3501 0.3939 0.4153 0.4231 0.4150 0.3711 0.3034 0.2428 0.1965 0.2672
0.2639 0.2409 0.3021 0.3697 0.4145 0.4231 0.4156 0.3945 0.3514 0.2615 0.1876 0.2066 0.2559 0.3196 0.3852 0.4191 0.4224 0.4117 0.3866 0.3360 0.2365 0.1852 0.2155 0.2674 0.3321 0.3940 0.4208 0.4217 0.4095 0.3826 0.3290 0.2280 0.1853 0.2185 0.2709 0.3357 0.3963 0.4212 0.4215 0.4088 0.3811 0.3262 0.2246 0.1856 0.2199 0.2728 0.3378 0.3976 0.4215 0.4204 0.4106 0.4204 0.4215 0.3976 0.3378 0.2728 0.2199 0.1856 0.2246 0.3262 0.3811 0.4088 0.4215 0.4212 0.3963 0.3357 0.2708 0.2185 0.1853 0.2280 0.3290 0.3826 0.4095 0.4217 0.4208 0.3940 0.3321 0.2674 0.2155 0.1852 0.2365 0.3360 0.3866 0.4117 0.4224 0.4191 0.3852 0.3196 0.2559 0.2066 0.1876 0.2615 0.3514 0.3945 0.4156 0.4231 0.4145 0.3697 0.3021 0.2409 0.2639
0.2904 0.2996 0.3684 0.4140 0.4231 0.4159 0.3951 0.3526 0.2639 0.1881 0.2057 0.2548 0.3183 0.3842 0.4188 0.4225 0.4120 0.3870 0.3366 0.2371 0.1852 0.2155 0.2675 0.3325 0.3945 0.4209 0.4216 0.4092 0.3819 0.3276 0.2262 0.1855 0.2194 0.2721 0.3371 0.3972 0.4214 0.4213 0.4084 0.3803 0.3245 0.2226 0.1858 0.2209 0.2741 0.3393 0.3987 0.4216 0.4211 0.4053 0.3846 0.4053 0.4211 0.4216 0.3987 0.3393 0.2741 0.2209 0.1858 0.2226 0.3245 0.3803 0.4084 0.4213 0.4214 0.3972 0.3371 0.2721 0.2194 0.1855 0.2262 0.3276 0.3819 0.4092 0.4216 0.4209 0.3945 0.3325 0.2675 0.2155 0.1852 0.2371 0.3366 0.3870 0.4120 0.4225 0.4188 0.3842 0.3183 0.2548 0.2057 0.1881 0.2639 0.3526 0.3951 0.4159 0.4231 0.4140 0.3684 0.2996 0.2904
0.3298 0.3661 0.4135 0.4231 0.4162 0.3958 0.3539 0.2663 0.1886 0.2049 0.2537 0.3169 0.3830 0.4186 0.4226 0.4123 0.3876 0.3377 0.2384 0.1852 0.2153 0.2674 0.3325 0.3946 0.4210 0.4216 0.4090 0.3813 0.3263 0.2245 0.1856 0.2202 0.2732 0.3384 0.3981 0.4215 0.4212 0.4080 0.3794 0.3228 0.2207 0.1860 0.2220 0.2754 0.3407 0.3996 0.4218 0.4210 0.4074 0.3736 0.3346 0.3736 0.4074 0.4210 0.4218 0.3996 0.3407 0.2754 0.2220 0.1860 0.2207 0.3228 0.3794 0.4080 0.4212 0.4215 0.3981 0.3384 0.2732 0.2202 0.1856 0.2245 0.3263 0.3813 0.4090 0.4216 0.4210 0.3946 0.3325 0.2674 0.2153 0.1852 0.2384 0.3377 0.3876 0.4123 0.4226 0.4186 0.3830 0.3169 0.2537 0.2049 0.1886 0.2663 0.3539 0.3958 0.4162 0.4231 0.4135 0.3661 0.3298
0.3751 0.4134 0.4230 0.4165 0.3964 0.3551 0.2687 0.1891 0.2040 0.2525 0.3154 0.3818 0.4183 0.4227 0.4126 0.3882 0.3389 0.2402 0.1853 0.2147 0.2669 0.3321 0.3945 0.4210 0.4216 0.4089 0.3810 0.3253 0.2230 0.1857 0.2210 0.2743 0.3396 0.3989 0.4217 0.4210 0.4076 0.3786 0.3210 0.2188 0.1862 0.2230 0.2767 0.3421 0.4005 0.4219 0.4208 0.4070 0.3773 0.3129 0.2449 0.3129 0.3773 0.4070 0.4208 0.4219 0.4005 0.3421 0.2767 0.2230 0.1862 0.2188 0.3210 0.3786 0.4076 0.4210 0.4217 0.3989 0.3396 0.2743 0.2210 0.1857 0.2230 0.3253 0.3810 0.4089 0.4216 0.4210 0.3945 0.3321 0.2669 0.2147 0.1853 0.2402 0.3389 0.3882 0.4126 0.4227 0.4183 0.3818 0.3154 0.2525 0.2040 0.1891 0.2687 0.3551 0.3964 0.4165 0.4230 0.4134 0.3751
0.4089 0.4247 0.4167 0.3970 0.3563 0.2711 0.1897 0.2031 0.2513 0.3140 0.3806 0.4179 0.4227 0.4129 0.3889 0.3402 0.2421 0.1854 0.2140 0.2660 0.3313 0.3940 0.4209 0.4216 0.4089 0.3809 0.3249 0.2222 0.1858 0.2217 0.2753 0.3408 0.3997 0.4218 0.4209 0.4072 0.3779 0.3194 0.2170 0.1865 0.2240 0.2781 0.3436 0.4014 0.4220 0.4206 0.4065 0.3766 0.3163 0.2131 0.1785 0.2131 0.3163 0.3766 0.4065 0.4206 0.4220 0.4014 0.3436 0.2781 0.2240 0.1865 0.2170 0.3194 0.3779 0.4072 0.4209 0.4218 0.3997 0.3408 0.2753 0.2217 0.1858 0.2222 0.3249 0.3809 0.4089 0.4216 0.4209 0.3940 0.3313 0.2660 0.2140 0.1854 0.2421 0.3402 0.3889 0.4129 0.4227 0.4179 0.3806 0.3140 0.2513 0.2031 0.1897 0.2711 0.3563 0.3970 0.4167 0.4247 0.4089
0.4223 0.4186 0.3976 0.3575 0.2735 0.1904 0.2023 0.2501 0.3125 0.3793 0.4176 0.4228 0.4132 0.3896 0.3416 0.2442 0.1855 0.2132 0.2650 0.3302 0.3933 0.4208 0.4216 0.4090 0.3810 0.3249 0.2220 0.1859 0.2221 0.2760 0.3418 0.4004 0.4219 0.4208 0.4068 0.3771 0.3179 0.2154 0.1868 0.2250 0.2793 0.3451 0.4023 0.4221 0.4205 0.4060 0.3755 0.3148 0.2128 0.1883 0.2055 0.1883 0.2128 0.3148 0.3755 0.4060 0.4205 0.4221 0.4023 0.3451 0.2793 0.2250 0.1868 0.2154 0.3179 0.3771 0.4068 0.4208 0.4219 0.4004 0.3418 0.2760 0.2221 0.1859 0.2220 0.3249 0.3810 0.4090 0.4216 0.4208 0.3933 0.3302 0.2650 0.2132 0.1855 0.2442 0.3416 0.3896 0.4132 0.4228 0.4176 0.3793 0.3125 0.2501 0.2023 0.1904 0.2735 0.3575 0.3976 0.4186 0.4223
0.4241 0.3985 0.3587 0.2759 0.1910 0.2014 0.2489 0.3111 0.3781 0.4172 0.4228 0.4136 0.3903 0.3430 0.2465 0.1857 0.2124 0.2639 0.3289 0.3925 0.4207 0.4217 0.4092 0.3813 0.3253 0.2222 0.1859 0.2222 0.2764 0.3424 0.4009 0.4220 0.4206 0.4065 0.3764 0.3163 0.2139 0.1872 0.2259 0.2806 0.3465 0.4031 0.4223 0.4203 0.4056 0.3747 0.3128 0.2109 0.1893 0.2292 0.2550 0.2292 0.1893 0.2109 0.3128 0.3747 0.4056 0.4203 0.4223 0.4031 0.3465 0.2806 0.2259 0.1872 0.2139 0.3163 0.3764 0.4065 0.4206 0.4220 0.4009 0.3424 0.2764 0.2222 0.1859 0.2222 0.3253 0.3813 0.4092 0.4217 0.4207 0.3925 0.3289 0.2639 0.2124 0.1857 0.2465 0.3430 0.3903 0.4136 0.4228 0.4172 0.3781 0.3111 0.2489 0.2014 0.1910 0.2759 0.3587 0.3985 0.4241
0.4150 0.3598 0.2784 0.1918 0.2006 0.2477 0.3097 0.3768 0.4168 0.4229 0.4139 0.3910 0.3443 0.2489 0.1859 0.2115 0.2627 0.3276 0.3915 0.4205 0.4218 0.4095 0.3819 0.3263 0.2230 0.1858 0.2221 0.2764 0.3426 0.4012 0.4220 0.4205 0.4061 0.3756 0.3147 0.2125 0.1875 0.2267 0.2817 0.3478 0.4039 0.4224 0.4201 0.4051 0.3738 0.3109 0.2093 0.1883 0.2306 0.2865 0.3193 0.2865 0.2306 0.1883 0.2093 0.3109 0.3738 0.4051 0.4201 0.4224 0.4039 0.3478 0.2817 0.2267 0.1875 0.2125 0.3147 0.3756 0.4061 0.4205 0.4220 0.4012 0.3426 0.2764 0.2221 0.1858 0.2230 0.3263 0.3819 0.4095 0.4218 0.4205 0.3915 0.3276 0.2627 0.2115 0.1859 0.2489 0.3443 0.3910 0.4139 0.4229 0.4168 0.3768 0.3097 0.2477 0.2006 0.1918 0.2784 0.3598 0.4150
0.3900 0.2807 0.1926 0.1997 0.2466 0.3082 0.3755 0.4164 0.4229 0.4142 0.3917 0.3457 0.2512 0.1861 0.2105 0.2614 0.3262 0.3905 0.4203 0.4219 0.4099 0.3826 0.3276 0.2245 0.1857 0.2217 0.2760 0.3424 0.4012 0.4221 0.4205 0.4060 0.3751 0.3133 0.2111 0.1878 0.2276 0.2829 0.3490 0.4045 0.4224 0.4199 0.4047 0.3728 0.3089 0.2078 0.1888 0.2295 0.2879 0.3546 0.3863 0.3546 0.2879 0.2295 0.1888 0.2078 0.3089 0.3728 0.4047 0.4199 0.4224 0.4045 0.3490 0.2829 0.2276 0.1878 0.2111 0.3133 0.3751 0.4060 0.4205 0.4221 0.4012 0.3424 0.2760 0.2217 0.1857 0.2245 0.3276 0.3826 0.4099 0.4219 0.4203 0.3905 0.3262 0.2614 0.2105 0.1861 0.2512 0.3457 0.3917 0.4142 0.4229 0.4164 0.3755 0.3082 0.2466 0.1997 0.1926 0.2807 0.3900
0.3309 0.1930 0.1989 0.2454 0.3068 0.3742 0.4160 0.4230 0.4146 0.3923 0.3471 0.2536 0.1864 0.2096 0.2602 0.3247 0.3893 0.4200 0.4221 0.4102 0.3833 0.3290 0.2262 0.1856 0.2210 0.2753 0.3418 0.4009 0.4220 0.4205 0.4059 0.3749 0.3125 0.2102 0.1882 0.2284 0.2839 0.3502 0.4052 0.4225 0.4197 0.4043 0.3719 0.3069 0.2064 0.1894 0.2306 0.2866 0.3553 0.4087 0.4198 0.4087 0.3553 0.2866 0.2306 0.1894 0.2064 0.3069 0.3719 0.4043 0.4197 0.4225 0.4052 0.3502 0.2839 0.2284 0.1882 0.2102 0.3125 0.3749 0.4059 0.4205 0.4220 0.4009 0.3418 0.2753 0.2210 0.1856 0.2262 0.3290 0.3833 0.4102 0.4221 0.4200 0.3893 0.3247 0.2602 0.2096 0.1864 0.2536 0.3471 0.3923 0.4146 0.4230 0.4160 0.3742 0.3068 0.2454 0.1989 0.1930 0.3309
0.2662 0.1976 0.2443 0.3053 0.3728 0.4156 0.4230 0.4149 0.3930 0.3484 0.2560 0.1867 0.2087 0.2589 0.3232 0.3882 0.4198 0.4222 0.4106 0.3841 0.3305 0.2280 0.1855 0.2202 0.2743 0.3408 0.4004 0.4220 0.4205 0.4060 0.3749 0.3123 0.2098 0.1884 0.2290 0.2849 0.3513 0.4058 0.4226 0.4196 0.4039 0.3711 0.3051 0.2051 0.1900 0.2317 0.2880 0.3542 0.4082 0.4231 0.4202 0.4231 0.4082 0.3542 0.2880 0.2317 0.1900 0.2051 0.3051 0.3711 0.4039 0.4196 0.4226 0.4058 0.3513 0.2849 0.2290 0.1884 0.2098 0.3123 0.3749 0.4060 0.4205 0.4220 0.4004 0.3408 0.2743 0.2202 0.1855 0.2280 0.3305 0.3841 0.4106 0.4222 0.4198 0.3882 0.3232 0.2589 0.2087 0.1867 0.2560 0.3484 0.3930 0.4149 0.4230 0.4156 0.3728 0.3053 0.2443 0.1976 0.2662
0.2645 0.2425 0.3039 0.3715 0.4151 0.4230 0.4152 0.3937 0.3497 0.2583 0.1871 0.2078 0.2577 0.3217 0.3870 0.4195 0.4223 0.4110 0.3849 0.3321 0.2300 0.1853 0.2194 0.2732 0.3396 0.3997 0.4219 0.4206 0.4061 0.3751 0.3125 0.2098 0.1884 0.2292 0.2854 0.3521 0.4064 0.4227 0.4194 0.4035 0.3703 0.3032 0.2039 0.1906 0.2326 0.2893 0.3557 0.4080 0.4228 0.4177 0.4055 0.4177 0.4228 0.4080 0.3557 0.2893 0.2326 0.1906 0.2039 0.3032 0.3703 0.4035 0.4194 0.4227 0.4064 0.3521 0.2854 0.2292 0.1884 0.2098 0.3125 0.3751 0.4061 0.4206 0.4219 0.3997 0.3396 0.2732 0.2194 0.1853 0.2300 0.3321 0.3849 0.4110 0.4223 0.4195 0.3870 0.3217 0.2577 0.2078 0.1871 0.2583 0.3497 0.3937 0.4152 0.4230 0.4151 0.3715 0.3039 0.2425 0.2645
0.2915 0.3016 0.3703 0.4147 0.4231 0.4155 0.3943 0.3509 0.2606 0.1875 0.2069 0.2565 0.3203 0.3859 0.4193 0.4224 0.4114 0.3856 0.3336 0.2321 0.1853 0.2185 0.2721 0.3384 0.3989 0.4218 0.4208 0.4065 0.3756 0.3133 0.2102 0.1884 0.2292 0.2856 0.3525 0.4067 0.4227 0.4192 0.4031 0.3694 0.3014 0.2028 0.1912 0.2335 0.2905 0.3570 0.4087 0.4228 0.4187 0.3990 0.3743 0.3990 0.4187 0.4228 0.4087 0.3570 0.2905 0.2335 0.1912 0.2028 0.3014 0.3694 0.4031 0.4192 0.4227 0.4067 0.3525 0.2856 0.2292 0.1884 0.2102 0.3133 0.3756 0.4065 0.4208 0.4218 0.3989 0.3384 0.2721 0.2185 0.1853 0.2321 0.3336 0.3856 0.4114 0.4224 0.4193 0.3859 0.3203 0.2565 0.2069 0.1875 0.2606 0.3509 0.3943 0.4155 0.4231 0.4147 0.3703 0.3016 0.2915
0.3312 0.3681 0.4142 0.4231 0.4157 0.3949 0.3521 0.2628 0.1879 0.2061 0.2554 0.3190 0.3848 0.4190 0.4225 0.4117 0.3863 0.3350 0.2341 0.1852 0.2175 0.2709 0.3371 0.3981 0.4217 0.4209 0.4068 0.3764 0.3147 0.2111 0.1882 0.2290 0.2854 0.3525 0.4068 0.4227 0.4192 0.4028 0.3687 0.2996 0.2017 0.1918 0.2344 0.2916 0.3582 0.4093 0.4229 0.4186 0.4015 0.3612 0.3157 0.3612 0.4015 0.4186 0.4229 0.4093 0.3582 0.2916 0.2344 0.1918 0.2017 0.2996 0.3687 0.4028 0.4192 0.4227 0.4068 0.3525 0.2854 0.2290 0.1882 0.2111 0.3147 0.3764 0.4068 0.4209 0.4217 0.3981 0.3371 0.2709 0.2175 0.1852 0.2341 0.3350 0.3863 0.4117 0.4225 0.4190 0.3848 0.3190 0.2554 0.2061 0.1879 0.2628 0.3521 0.3949 0.4157 0.4231 0.4142 0.3681 0.3312
0.3766 0.4142 0.4230 0.4160 0.3955 0.3533 0.2651 0.1883 0.2053 0.2542 0.3176 0.3836 0.4187 0.4225 0.4120 0.3870 0.3365 0.2362 0.1852 0.2166 0.2696 0.3357 0.3972 0.4215 0.4210 0.4072 0.3771 0.3163 0.2125 0.1878 0.2284 0.2849 0.3521 0.4067 0.4227 0.4191 0.4026 0.3683 0.2983 0.2008 0.1924 0.2353 0.2928 0.3594 0.4098 0.4229 0.4183 0.4011 0.3654 0.2889 0.2183 0.2889 0.3654 0.4011 0.4183 0.4229 0.4098 0.3594 0.2928 0.2353 0.1924 0.2008 0.2983 0.3683 0.4026 0.4191 0.4227 0.4067 0.3521 0.2849 0.2284 0.1878 0.2125 0.3163 0.3771 0.4072 0.4210 0.4215 0.3972 0.3357 0.2696 0.2166 0.1852 0.2362 0.3365 0.3870 0.4120 0.4225 0.4187 0.3836 0.3176 0.2542 0.2053 0.1883 0.2651 0.3533 0.3955 0.4160 0.4230 0.4142 0.3766
0.4096 0.4248 0.4162 0.3961 0.3545 0.2674 0.1888 0.2044 0.2531 0.3162 0.3825 0.4184 0.4226 0.4124 0.3878 0.3379 0.2384 0.1853 0.2157 0.2684 0.3343 0.3963 0.4214 0.4212 0.4076 0.3779 0.3179 0.2139 0.1875 0.2276 0.2839 0.3513 0.4064 0.4227 0.4192 0.4026 0.3682 0.2977 0.2003 0.1928 0.2360 0.2938 0.3605 0.4103 0.4230 0.4181 0.4006 0.3646 0.2900 0.1968 0.1807 0.1968 0.2900 0.3646 0.4006 0.4181 0.4230 0.4103 0.3605 0.2938 0.2360 0.1928 0.2003 0.2977 0.3682 0.4026 0.4192 0.4227 0.4064 0.3513 0.2839 0.2276 0.1875 0.2139 0.3179 0.3779 0.4076 0.4212 0.4214 0.3963 0.3343 0.2684 0.2157 0.1853 0.2384 0.3379 0.3878 0.4124 0.4226 0.4184 0.3825 0.3162 0.2531 0.2044 0.1888 0.2674 0.3545 0.3961 0.4162 0.4248 0.4096
0.4225 0.4182 0.3967 0.3556 0.2697 0.1894 0.2036 0.2520 0.3148 0.3813 0.4181 0.4227 0.4127 0.3884 0.3393 0.2406 0.1853 0.2148 0.2672 0.3329 0.3953 0.4212 0.4213 0.4080 0.3786 0.3194 0.2154 0.1872 0.2267 0.2829 0.3502 0.4058 0.4227 0.4192 0.4028 0.3683 0.2977 0.2001 0.1930 0.2365 0.2946 0.3615 0.4108 0.4230 0.4179 0.4001 0.3636 0.2885 0.1970 0.1967 0.2167 0.1967 0.1970 0.2885 0.3636 0.4001 0.4179 0.4230 0.4108 0.3615 0.2946 0.2365 0.1930 0.2001 0.2977 0.3683 0.4028 0.4192 0.4227 0.4058 0.3502 0.2829 0.2267 0.1872 0.2154 0.3194 0.3786 0.4080 0.4213 0.4212 0.3953 0.3329 0.2672 0.2148 0.1853 0.2406 0.3393 0.3884 0.4127 0.4227 0.4181 0.3813 0.3148 0.2520 0.2036 0.1894 0.2697 0.3556 0.3967 0.4182 0.4225
0.4239 0.3975 0.3569 0.2721 0.1900 0.2028 0.2508 0.3134 0.3801 0.4178 0.4227 0.4130 0.3892 0.3407 0.2428 0.1855 0.2139 0.2659 0.3314 0.3943 0.4210 0.4215 0.4084 0.3794 0.3210 0.2170 0.1868 0.2259 0.2817 0.3490 0.4052 0.4226 0.4194 0.4031 0.3687 0.2983 0.2003 0.1930 0.2366 0.2950 0.3620 0.4112 0.4230 0.4177 0.3997 0.3627 0.2866 0.1955 0.1978 0.2424 0.2701 0.2424 0.1978 0.1955 0.2866 0.3627 0.3997 0.4177 0.4230 0.4112 0.3620 0.2950 0.2366 0.1930 0.2003 0.2983 0.3687 0.4031 0.4194 0.4226 0.4052 0.3490 0.2817 0.2259 0.1868 0.2170 0.3210 0.3794 0.4084 0.4215 0.4210 0.3943 0.3314 0.2659 0.2139 0.1855 0.2428 0.3407 0.3892 0.4130 0.4227 0.4178 0.3801 0.3134 0.2508 0.2028 0.1900 0.2721 0.3569 0.3975 0.4239
0.4145 0.3580 0.2746 0.1906 0.2019 0.2496 0.3119 0.3788 0.4174 0.4228 0.4134 0.3899 0.3421 0.2452 0.1856 0.2129 0.2647 0.3299 0.3933 0.4208 0.4216 0.4088 0.3803 0.3228 0.2188 0.1865 0.2250 0.2806 0.3478 0.4045 0.4225 0.4196 0.4035 0.3694 0.2996 0.2008 0.1928 0.2365 0.2950 0.3622 0.4113 0.4230 0.4176 0.3993 0.3618 0.2846 0.1947 0.1968 0.2437 0.3032 0.3370 0.3032 0.2437 0.1968 0.1947 0.2846 0.3618 0.3993 0.4176 0.4230 0.4113 0.3622 0.2950 0.2365 0.1928 0.2008 0.2996 0.3694 0.4035 0.4196 0.4225 0.4045 0.3478 0.2806 0.2250 0.1865 0.2188 0.3228 0.3803 0.4088 0.4216 0.4208 0.3933 0.3299 0.2647 0.2129 0.1856 0.2452 0.3421 0.3899 0.4134 0.4228 0.4174 0.3788 0.3119 0.2496 0.2019 0.1906 0.2746 0.3580 0.4145
0.3887 0.2769 0.1914 0.2011 0.2484 0.3105 0.3775 0.4171 0.4229 0.4137 0.3906 0.3435 0.2475 0.1858 0.2120 0.2634 0.3285 0.3922 0.4206 0.4217 0.4092 0.3811 0.3245 0.2207 0.1862 0.2240 0.2793 0.3465 0.4039 0.4224 0.4197 0.4039 0.3703 0.3014 0.2017 0.1924 0.2360 0.2946 0.3620 0.4113 0.4230 0.4175 0.3990 0.3612 0.2829 0.1940 0.1975 0.2423 0.3043 0.3712 0.3992 0.3712 0.3043 0.2423 0.1975 0.1940 0.2829 0.3612 0.3990 0.4175 0.4230 0.4113 0.3620 0.2946 0.2360 0.1924 0.2017 0.3014 0.3703 0.4039 0.4197 0.4224 0.4039 0.3465 0.2793 0.2240 0.1862 0.2207 0.3245 0.3811 0.4092 0.4217 0.4206 0.3922 0.3285 0.2634 0.2120 0.1858 0.2475 0.3435 0.3906 0.4137 0.4229 0.4171 0.3775 0.3105 0.2484 0.2011 0.1914 0.2769 0.3887
0.3281 0.1918 0.2002 0.2472 0.3091 0.3763 0.4167 0.4229 0.4140 0.3913 0.3449 0.2498 0.1860 0.2111 0.2621 0.3270 0.3911 0.4204 0.4219 0.4096 0.3820 0.3262 0.2226 0.1860 0.2230 0.2781 0.3451 0.4031 0.4224 0.4199 0.4043 0.3711 0.3032 0.2028 0.1918 0.2353 0.2938 0.3615 0.4112 0.4230 0.4175 0.3990 0.3609 0.2819 0.1935 0.1981 0.2433 0.3028 0.3715 0.4155 0.4219 0.4155 0.3715 0.3028 0.2433 0.1981 0.1935 0.2819 0.3609 0.3990 0.4175 0.4230 0.4112 0.3615 0.2938 0.2353 0.1918 0.2028 0.3032 0.3711 0.4043 0.4199 0.4224 0.4031 0.3451 0.2781 0.2230 0.1860 0.2226 0.3262 0.3820 0.4096 0.4219 0.4204 0.3911 0.3270 0.2621 0.2111 0.1860 0.2498 0.3449 0.3913 0.4140 0.4229 0.4167 0.3763 0.3091 0.2472 0.2002 0.1918 0.3281
0.2653 0.1989 0.2461 0.3076 0.3749 0.4163 0.4230 0.4144 0.3919 0.3463 0.2522 0.1863 0.2101 0.2609 0.3255 0.3900 0.4202 0.4220 0.4100 0.3828 0.3279 0.2246 0.1857 0.2220 0.2767 0.3436 0.4022 0.4223 0.4201 0.4047 0.3719 0.3051 0.2039 0.1912 0.2344 0.2928 0.3605 0.4108 0.4230 0.4176 0.3990 0.3609 0.2816 0.1933 0.1984 0.2439 0.3038 0.3703 0.4148 0.4230 0.4177 0.4230 0.4148 0.3703 0.3038 0.2439 0.1984 0.1933 0.2816 0.3609 0.3990 0.4176 0.4230 0.4108 0.3605 0.2928 0.2344 0.1912 0.2039 0.3051 0.3719 0.4047 0.4201 0.4223 0.4023 0.3436 0.2767 0.2220 0.1858 0.2246 0.3279 0.3828 0.4100 0.4220 0.4202 0.3900 0.3255 0.2609 0.2102 0.1863 0.2522 0.3463 0.3919 0.4144 0.4230 0.4163 0.3750 0.3076 0.2461 0.1989 0.2653
0.2652 0.2443 0.3062 0.3736 0.4158 0.4230 0.4147 0.3926 0.3476 0.2546 0.1866 0.2092 0.2597 0.3240 0.3889 0.4199 0.4221 0.4104 0.3836 0.3296 0.2267 0.1855 0.2210 0.2754 0.3422 0.4013 0.4221 0.4203 0.4051 0.3728 0.3069 0.2051 0.1906 0.2335 0.2916 0.3594 0.4103 0.4230 0.4177 0.3993 0.3612 0.2819 0.1933 0.1985 0.2443 0.3045 0.3712 0.4146 0.4231 0.4143 0.3997 0.4143 0.4231 0.4146 0.3712 0.3045 0.2443 0.1985 0.1933 0.2819 0.3612 0.3993 0.4177 0.4230 0.4103 0.3594 0.2916 0.2335 0.1906 0.2051 0.3069 0.3728 0.4051 0.4203 0.4221 0.4014 0.3421 0.2754 0.2209 0.1856 0.2267 0.3296 0.3836 0.4104 0.4221 0.4199 0.3888 0.3241 0.2596 0.2092 0.1865 0.2546 0.3476 0.3926 0.4147 0.4230 0.4158 0.3736 0.3062 0.2442 0.2651
0.2926 0.3039 0.3724 0.4154 0.4230 0.4150 0.3933 0.3489 0.2568 0.1869 0.2084 0.2585 0.3226 0.3877 0.4197 0.4222 0.4108 0.3844 0.3311 0.2287 0.1854 0.2200 0.2741 0.3407 0.4005 0.4220 0.4205 0.4056 0.3737 0.3088 0.2063 0.1900 0.2326 0.2905 0.3582 0.4098 0.4230 0.4179 0.3997 0.3618 0.2829 0.1935 0.1984 0.2443 0.3047 0.3716 0.4149 0.4231 0.4158 0.3920 0.3630 0.3920 0.4158 0.4231 0.4149 0.3716 0.3047 0.2443 0.1984 0.1935 0.2829 0.3618 0.3997 0.4179 0.4230 0.4098 0.3582 0.2905 0.2326 0.1900 0.2064 0.3089 0.3738 0.4056 0.4205 0.4220 0.4005 0.3407 0.2741 0.2199 0.1854 0.2288 0.3312 0.3844 0.4108 0.4222 0.4197 0.3877 0.3226 0.2584 0.2083 0.1869 0.2569 0.3489 0.3933 0.4150 0.4230 0.4154 0.3723 0.3039 0.2926
0.3327 0.3703 0.4150 0.4231 0.4153 0.3939 0.3501 0.2590 0.1872 0.2075 0.2573 0.3213 0.3867 0.4195 0.4223 0.4111 0.3851 0.3326 0.2307 0.1853 0.2191 0.2729 0.3394 0.3997 0.4219 0.4206 0.4060 0.3746 0.3107 0.2077 0.1895 0.2317 0.2893 0.3570 0.4093 0.4229 0.4181 0.4001 0.3627 0.2846 0.1940 0.1981 0.2439 0.3045 0.3716 0.4149 0.4231 0.4157 0.3951 0.3480 0.2953 0.3479 0.3951 0.4157 0.4231 0.4149 0.3716 0.3045 0.2439 0.1981 0.1940 0.2846 0.3627 0.4001 0.4181 0.4229 0.4093 0.3570 0.2893 0.2317 0.1894 0.2078 0.3109 0.3747 0.4060 0.4206 0.4219 0.3996 0.3393 0.2728 0.2190 0.1853 0.2308 0.3327 0.3852 0.4111 0.4223 0.4194 0.3866 0.3212 0.2572 0.2075 0.1872 0.2592 0.3502 0.3939 0.4153 0.4231 0.4149 0.3702 0.3327
0.3780 0.4150 0.4230 0.4156 0.3945 0.3513 0.2613 0.1876 0.2067 0.2562 0.3199 0.3856 0.4192 0.4224 0.4114 0.3858 0.3340 0.2327 0.1853 0.2182 0.2717 0.3380 0.3988 0.4218 0.4208 0.4064 0.3754 0.3126 0.2092 0.1889 0.2307 0.2881 0.3558 0.4087 0.4229 0.4183 0.4006 0.3636 0.2866 0.1947 0.1975 0.2433 0.3039 0.3712 0.4149 0.4231 0.4156 0.3950 0.3528 0.2642 0.1979 0.2643 0.3529 0.3950 0.4156 0.4231 0.4149 0.3712 0.3038 0.2433 0.1975 0.1947 0.2866 0.3636 0.4006 0.4183 0.4229 0.4087 0.3557 0.2880 0.2306 0.1888 0.2093 0.3128 0.3755 0.4065 0.4208 0.4218 0.3987 0.3378 0.2715 0.2180 0.1852 0.2329 0.3342 0.3859 0.4115 0.4224 0.4192 0.3854 0.3197 0.2560 0.2066 0.1876 0.2615 0.3514 0.3945 0.4156 0.4230 0.4150 0.3779
0.4103 0.4248 0.4158 0.3951 0.3525 0.2637 0.1881 0.2058 0.2549 0.3185 0.3844 0.4189 0.4225 0.4118 0.3866 0.3356 0.2349 0.1853 0.2172 0.2704 0.3365 0.3978 0.4216 0.4209 0.4069 0.3764 0.3146 0.2108 0.1884 0.2297 0.2868 0.3544 0.4081 0.4229 0.4185 0.4010 0.3645 0.2885 0.1955 0.1968 0.2425 0.3029 0.3704 0.4147 0.4231 0.4156 0.3949 0.3529 0.2651 0.1887 0.1864 0.1891 0.2655 0.3532 0.3950 0.4157 0.4231 0.4146 0.3703 0.3028 0.2423 0.1968 0.1955 0.2885 0.3646 0.4011 0.4186 0.4228 0.4080 0.3542 0.2866 0.2295 0.1883 0.2109 0.3148 0.3766 0.4070 0.4210 0.4216 0.3976 0.3363 0.2702 0.2170 0.1852 0.2351 0.3358 0.3868 0.4119 0.4225 0.4188 0.3841 0.3182 0.2547 0.2056 0.1881 0.2639 0.3528 0.3953 0.4159 0.4248 0.4103
0.4227 0.4177 0.3957 0.3538 0.2661 0.1885 0.2049 0.2537 0.3170 0.3831 0.4186 0.4226 0.4122 0.3874 0.3371 0.2372 0.1853 0.2162 0.2691 0.3350 0.3968 0.4215 0.4211 0.4073 0.3773 0.3165 0.2125 0.1879 0.2286 0.2854 0.3530 0.4074 0.4228 0.4187 0.4015 0.3654 0.2905 0.1963 0.1962 0.2415 0.3018 0.3694 0.4144 0.4231 0.4158 0.3951 0.3529 0.2654 0.1895 0.2059 0.2282 0.2069 0.1919 0.2657 0.3531 0.3951 0.4158 0.4231 0.4148 0.3715 0.3043 0.2437 0.1978 0.1970 0.2900 0.3654 0.4015 0.4187 0.4228 0.4082 0.3553 0.2879 0.2306 0.1893 0.2128 0.3163 0.3773 0.4074 0.4211 0.4215 0.3981 0.3375 0.2714 0.2181 0.1864 0.2371 0.3371 0.3874 0.4122 0.4226 0.4188 0.3849 0.3195 0.2560 0.2066 0.1895 0.2658 0.3538 0.3958 0.4177 0.4229
0.4238 0.3965 0.3551 0.2684 0.1891 0.2041 0.2526 0.3156 0.3820 0.4183 0.4226 0.4125 0.3881 0.3385 0.2393 0.1853 0.2153 0.2679 0.3336 0.3959 0.4213 0.4212 0.4077 0.3781 0.3183 0.2141 0.1875 0.2276 0.2841 0.3517 0.4067 0.4227 0.4189 0.4019 0.3663 0.2924 0.1972 0.1955 0.2406 0.3006 0.3683 0.4140 0.4231 0.4160 0.3954 0.3534 0.2660 0.1886 0.2062 0.2560 0.2795 0.2410 0.1954 0.1902 0.2647 0.3481 0.3920 0.4143 0.4230 0.4155 0.3711 0.3031 0.2424 0.1967 0.1968 0.2889 0.3612 0.3990 0.4177 0.4231 0.4087 0.3546 0.2865 0.2292 0.1883 0.2131 0.3129 0.3736 0.4053 0.4204 0.4220 0.3983 0.3365 0.2700 0.2168 0.1857 0.2378 0.3329 0.3842 0.4105 0.4222 0.4194 0.3847 0.3183 0.2546 0.2054 0.1891 0.2663 0.3493 0.3928 0.4228
0.4139 0.3561 0.2707 0.1896 0.2033 0.2515 0.3143 0.3808 0.4180 0.4227 0.4128 0.3887 0.3398 0.2414 0.1854 0.2144 0.2667 0.3323 0.3949 0.4211 0.4214 0.4081 0.3789 0.3199 0.2158 0.1871 0.2267 0.2829 0.3503 0.4060 0.4227 0.4191 0.4024 0.3672 0.2943 0.1981 0.1948 0.2396 0.2994 0.3671 0.4135 0.4231 0.4162 0.3959 0.3543 0.2674 0.1889 0.2040 0.2558 0.3127 0.3372 0.2875 0.2195 0.1727 0.1983 0.2951 0.3630 0.3997 0.4177 0.4219 0.3992 0.3370 0.2701 0.2167 0.1807 0.2183 0.3157 0.3743 0.4055 0.4202 0.4198 0.3863 0.3193 0.2550 0.2055 0.1785 0.2449 0.3346 0.3846 0.4106 0.4219 0.4155 0.3702 0.3013 0.2405 0.1951 0.1846 0.2723 0.3507 0.3933 0.4147 0.4225 0.4082 0.3525 0.2840 0.2270 0.1859 0.1992 0.2969 0.3630 0.4137
0.3873 0.2730 0.1903 0.2024 0.2504 0.3129 0.3796 0.4177 0.4228 0.4132 0.3894 0.3412 0.2436 0.1855 0.2135 0.2655 0.3309 0.3940 0.4210 0.4215 0.4085 0.3797 0.3216 0.2175 0.1867 0.2257 0.2816 0.3490 0.4053 0.4226 0.4193 0.4029 0.3682 0.2964 0.1990 0.1941 0.2387 0.2983 0.3660 0.4131 0.4231 0.4164 0.3964 0.3553 0.2693 0.1893 0.2035 0.2517 0.3160 0.3819 0.4081 0.4021 0.3933 0.2210 0.2600 0.3480 0.3921 0.4143 0.4230 0.4155 0.3711 0.3031 0.2424 0.1967 0.1968 0.2889 0.3612 0.3990 0.4177 0.4231 0.4087 0.3546 0.2865 0.2292 0.1883 0.2131 0.3129 0.3736 0.4053 0.4204 0.4220 0.3983 0.3365 0.2700 0.2168 0.1857 0.2378 0.3329 0.3842 0.4105 0.4222 0.4194 0.3847 0.3183 0.2546 0.2054 0.1891 0.2663 0.3493 0.3928 0.4228
0.3252 0.1905 0.2015 0.2490 0.3113 0.3782 0.4173 0.4228 0.4135 0.3901 0.3426 0.2459 0.1856 0.2125 0.2641 0.3293 0.3928 0.4208 0.4217 0.4089 0.3806 0.3234 0.2194 0.1863 0.2246 0.2801 0.3474 0.4044 0.4225 0.4196 0.4034 0.3692 0.2987 0.2001 0.1933 0.2376 0.2969 0.3647 0.4126 0.4231 0.4167 0.3969 0.3563 0.2713 0.1898 0.2028 0.2507 0.3131 0.3806 0.4182 0.4227 0.4284 0.3757 0.2867 0.3478 0.3956 0.4158 0.4231 0.4148 0.3715 0.3043 0.2437 0.1978 0.1970 0.2900 0.3654 0.4015 0.4187 0.4228 0.4082 0.3553 0.2879 0.2306 0.1893 0.2128 0.3163 0.3773 0.4074 0.4211 0.4215 0.3981 0.3375 0.2714 0.2181 0.1864 0.2371 0.3371 0.3874 0.4122 0.4226 0.4188 0.3849 0.3195 0.2560 0.2066 0.1895 0.2658 0.3538 0.3958 0.4177 0.4229
0.2643 0.2004 0.2481 0.3100 0.3770 0.4169 0.4229 0.4139 0.3910 0.3442 0.2482 0.1858 0.2117 0.2630 0.3279 0.3917 0.4205 0.4218 0.4095 0.3816 0.3253 0.2212 0.1861 0.2236 0.2789 0.3460 0.4036 0.4224 0.4198 0.4040 0.3704 0.3009 0.2013 0.1927 0.2367 0.2958 0.3636 0.4121 0.4231 0.4170 0.3976 0.3575 0.2733 0.1904 0.2022 0.2499 0.3121 0.3788 0.4175 0.4227 0.4145 0.4038 0.3142 0.3392 0.3958 0.4158 0.4231 0.4147 0.3703 0.3028 0.2423 0.1968 0.1955 0.2885 0.3646 0.4011 0.4186 0.4228 0.4080 0.3542 0.2866 0.2295 0.1883 0.2109 0.3148 0.3766 0.4070 0.4210 0.4216 0.3976 0.3363 0.2702 0.2170 0.1852 0.2351 0.3358 0.3868 0.4119 0.4225 0.4188 0.3841 0.3182 0.2547 0.2056 0.1881 0.2639 0.3528 0.3953 0.4159 0.4248 0.4103
0.2680 0.2509 0.3136 0.3796 0.4172 0.4229 0.4140 0.3911 0.3447 0.2497 0.1880 0.2143 0.2662 0.3314 0.3937 0.4206 0.4219 0.4095 0.3818 0.3259 0.2230 0.1883 0.2264 0.2823 0.3493 0.4049 0.4224 0.4199 0.4041 0.3707 0.3020 0.2033 0.1949 0.2397 0.2993 0.3666 0.4128 0.4231 0.4170 0.3976 0.3577 0.2745 0.1924 0.2047 0.2531 0.3158 0.3815 0.4177 0.4229 0.4135 0.3902 0.3322 0.3341 0.3958 0.4159 0.4231 0.4149 0.3712 0.3038 0.2433 0.1975 0.1947 0.2866 0.3636 0.4006 0.4183 0.4229 0.4087 0.3557 0.2880 0.2306 0.1888 0.2093 0.3128 0.3755 0.4065 0.4208 0.4218 0.3987 0.3378 0.2715 0.2180 0.1852 0.2329 0.3342 0.3859 0.4115 0.4224 0.4192 0.3854 0.3197 0.2560 0.2066 0.1876 0.2615 0.3514 0.3945 0.4156 0.4230 0.4150 0.3779
0.2929 0.3030 0.3725 0.4164 0.4225 0.4113 0.3858 0.3365 0.2482 0.1837 0.2071 0.2571 0.3218 0.3881 0.4205 0.4208 0.4062 0.3756 0.3179 0.2223 0.1831 0.2187 0.2729 0.3401 0.4012 0.4225 0.4182 0.4001 0.3636 0.2957 0.2013 0.1887 0.2313 0.2894 0.3581 0.4109 0.4230 0.4148 0.3929 0.3500 0.2709 0.1889 0.1978 0.2441 0.3056 0.3739 0.4167 0.4223 0.4109 0.3842 0.3310 0.3335 0.3956 0.4160 0.4231 0.4150 0.3716 0.3045 0.2439 0.1981 0.1940 0.2846 0.3627 0.4001 0.4181 0.4229 0.4093 0.3570 0.2893 0.2317 0.1894 0.2078 0.3109 0.3747 0.4060 0.4206 0.4219 0.3996 0.3393 0.2728 0.2190 0.1853 0.2308 0.3327 0.3852 0.4111 0.4223 0.4194 0.3866 0.3212 0.2572 0.2075 0.1872 0.2592 0.3502 0.3939 0.4153 0.4231 0.4149 0.3702 0.3327
