0.0002 0.0019 0.0049 0.0142 0.0405 0.1155 0.3300 0.9463 1.0000 1.0000 1.0000 0.0006 0.0018 0.0052 0.0147 0.0421 0.1204 0.3441 0.9830 1.0000 1.0000 1.0000 0.0007 0.0019 0.0053 0.0152 0.0435 0.1241 0.3547 1.0000 1.0000 1.0000 1.0000 0.0007 0.0019 0.0055 0.0158 0.0451 0.1287 0.3678 1.0000 1.0000 1.0000 1.0000 0.0007 0.0020 0.0057 0.0162 0.0469 0.1566 0.3629 0.1566 0.0469 0.0162 0.0057 0.0020 0.0007 1.0000 1.0000 1.0000 1.0000 0.3678 0.1287 0.0451 0.0158 0.0055 0.0019 0.0007 1.0000 1.0000 1.0000 1.0000 0.3547 0.1241 0.0435 0.0152 0.0053 0.0019 0.0007 1.0000 1.0000 1.0000 0.9830 0.3441 0.1204 0.0421 0.0147 0.0052 0.0018 0.0006 1.0000 1.0000 1.0000 0.9463 0.3300 0.1155 0.0405 0.0142 0.0049 0.0019 0.0002
0.0019 0.0133 0.0334 0.0977 0.2781 0.7944 1.0000 1.0000 1.0000 1.0000 0.0015 0.0043 0.0124 0.0355 0.1013 0.2894 0.8268 1.0000 1.0000 1.0000 1.0000 0.0016 0.0045 0.0128 0.0366 0.1046 0.2989 0.8540 1.0000 1.0000 1.0000 1.0000 0.0016 0.0046 0.0132 0.0380 0.1083 0.3099 0.8854 1.0000 1.0000 1.0000 1.0000 0.0017 0.0048 0.0138 0.0392 0.1116 0.3207 1.0000 1.0000 1.0000 0.3207 0.1116 0.0392 0.0138 0.0048 0.0017 1.0000 1.0000 1.0000 1.0000 0.8854 0.3099 0.1083 0.0380 0.0132 0.0046 0.0016 1.0000 1.0000 1.0000 1.0000 0.8540 0.2989 0.1046 0.0366 0.0128 0.0045 0.0016 1.0000 1.0000 1.0000 1.0000 0.8268 0.2894 0.1013 0.0355 0.0124 0.0043 0.0015 1.0000 1.0000 1.0000 1.0000 0.7944 0.2781 0.0977 0.0334 0.0133 0.0019
0.0049 0.0334 0.0882 0.2557 0.7335 1.0000 1.0000 1.0000 1.0000 0.0014 0.0040 0.0115 0.0329 0.0939 0.2682 0.7662 1.0000 1.0000 1.0000 1.0000 0.0015 0.0042 0.0119 0.0339 0.0970 0.2770 0.7914 1.0000 1.0000 1.0000 1.0000 0.0015 0.0043 0.0122 0.0351 0.1003 0.2872 0.8205 1.0000 1.0000 1.0000 1.0000 0.0016 0.0045 0.0127 0.0363 0.1040 0.2955 0.8491 1.0000 1.0000 1.0000 0.8491 0.2955 0.1040 0.0363 0.0127 0.0045 0.0016 1.0000 1.0000 1.0000 1.0000 0.8205 0.2872 0.1003 0.0351 0.0122 0.0043 0.0015 1.0000 1.0000 1.0000 1.0000 0.7914 0.2770 0.0970 0.0339 0.0119 0.0042 0.0015 1.0000 1.0000 1.0000 1.0000 0.7662 0.2682 0.0939 0.0329 0.0115 0.0040 0.0014 1.0000 1.0000 1.0000 1.0000 0.7335 0.2557 0.0882 0.0334 0.0049
0.0142 0.0977 0.2557 0.7490 1.0000 1.0000 1.0000 1.0000 0.0015 0.0042 0.0119 0.0340 0.0973 0.2786 0.7960 1.0000 1.0000 1.0000 1.0000 0.0015 0.0043 0.0123 0.0353 0.1007 0.2877 0.8221 1.0000 1.0000 1.0000 1.0000 0.0016 0.0045 0.0127 0.0363 0.1040 0.2972 0.8507 1.0000 1.0000 1.0000 1.0000 0.0016 0.0046 0.0132 0.0376 0.1076 0.3081 0.8754 1.0000 1.0000 1.0000 1.0000 1.0000 0.8754 0.3081 0.1076 0.0376 0.0132 0.0046 0.0016 1.0000 1.0000 1.0000 1.0000 0.8507 0.2972 0.1040 0.0363 0.0127 0.0045 0.0016 1.0000 1.0000 1.0000 1.0000 0.8221 0.2877 0.1007 0.0353 0.0123 0.0043 0.0015 1.0000 1.0000 1.0000 1.0000 0.7960 0.2786 0.0973 0.0340 0.0119 0.0042 0.0015 1.0000 1.0000 1.0000 1.0000 0.7490 0.2557 0.0977 0.0142
0.0405 0.2781 0.7335 1.0000 1.0000 1.0000 1.0000 0.0015 0.0042 0.0121 0.0347 0.0992 0.2839 0.8112 1.0000 1.0000 1.0000 1.0000 0.0015 0.0044 0.0126 0.0360 0.1028 0.2938 0.8395 1.0000 1.0000 1.0000 1.0000 0.0016 0.0045 0.0130 0.0370 0.1060 0.3035 0.8671 1.0000 1.0000 1.0000 1.0000 0.0016 0.0047 0.0135 0.0385 0.1097 0.3141 0.8990 1.0000 1.0000 1.0000 1.0000 1.0000 1.0000 1.0000 0.8990 0.3141 0.1097 0.0385 0.0135 0.0047 0.0016 1.0000 1.0000 1.0000 1.0000 0.8671 0.3035 0.1060 0.0370 0.0130 0.0045 0.0016 1.0000 1.0000 1.0000 1.0000 0.8395 0.2938 0.1028 0.0360 0.0126 0.0044 0.0015 1.0000 1.0000 1.0000 1.0000 0.8112 0.2839 0.0992 0.0347 0.0121 0.0042 0.0015 1.0000 1.0000 1.0000 1.0000 0.7335 0.2781 0.0405
0.1155 0.7944 1.0000 1.0000 1.0000 1.0000 0.0015 0.0043 0.0123 0.0353 0.1011 0.2894 0.8284 1.0000 1.0000 1.0000 1.0000 0.0016 0.0045 0.0129 0.0368 0.1052 0.3006 0.8589 1.0000 1.0000 1.0000 1.0000 0.0016 0.0047 0.0133 0.0380 0.1085 0.3099 0.8871 1.0000 1.0000 1.0000 1.0000 0.0017 0.0048 0.0138 0.0394 0.1125 0.3213 0.9180 1.0000 1.0000 1.0000 1.0000 0.0015 1.0000 1.0000 1.0000 1.0000 0.9180 0.3213 0.1125 0.0394 0.0138 0.0048 0.0017 1.0000 1.0000 1.0000 1.0000 0.8871 0.3099 0.1085 0.0380 0.0133 0.0047 0.0016 1.0000 1.0000 1.0000 1.0000 0.8589 0.3006 0.1052 0.0368 0.0129 0.0045 0.0016 1.0000 1.0000 1.0000 1.0000 0.8284 0.2894 0.1011 0.0353 0.0123 0.0043 0.0015 1.0000 1.0000 1.0000 1.0000 0.7944 0.1155
0.3300 1.0000 1.0000 1.0000 1.0000 0.0015 0.0043 0.0124 0.0357 0.1026 0.2944 0.8427 1.0000 1.0000 1.0000 1.0000 0.0016 0.0046 0.0132 0.0377 0.1076 0.3075 0.8787 1.0000 1.0000 1.0000 1.0000 0.0017 0.0048 0.0136 0.0388 0.1110 0.3164 0.9058 1.0000 1.0000 1.0000 1.0000 0.0017 0.0049 0.0141 0.0403 0.1151 0.3287 0.9374 1.0000 1.0000 1.0000 1.0000 0.0020 0.0044 0.0020 1.0000 1.0000 1.0000 1.0000 0.9374 0.3287 0.1151 0.0403 0.0141 0.0049 0.0017 1.0000 1.0000 1.0000 1.0000 0.9058 0.3164 0.1110 0.0388 0.0136 0.0048 0.0017 1.0000 1.0000 1.0000 1.0000 0.8787 0.3075 0.1076 0.0377 0.0132 0.0046 0.0016 1.0000 1.0000 1.0000 1.0000 0.8427 0.2944 0.1026 0.0357 0.0124 0.0043 0.0015 1.0000 1.0000 1.0000 1.0000 0.3300
0.9463 1.0000 1.0000 1.0000 0.0015 0.0043 0.0124 0.0359 0.1034 0.2978 0.8556 1.0000 1.0000 1.0000 1.0000 0.0016 0.0047 0.0135 0.0385 0.1101 0.3146 0.8990 1.0000 1.0000 1.0000 1.0000 0.0017 0.0049 0.0139 0.0397 0.1135 0.3244 0.9267 1.0000 1.0000 1.0000 1.0000 0.0018 0.0050 0.0144 0.0412 0.1177 0.3363 0.9608 1.0000 1.0000 1.0000 1.0000 0.0018 0.0060 0.0128 0.0060 0.0018 1.0000 1.0000 1.0000 1.0000 0.9608 0.3363 0.1177 0.0412 0.0144 0.0050 0.0018 1.0000 1.0000 1.0000 1.0000 0.9267 0.3244 0.1135 0.0397 0.0139 0.0049 0.0017 1.0000 1.0000 1.0000 1.0000 0.8990 0.3146 0.1101 0.0385 0.0135 0.0047 0.0016 1.0000 1.0000 1.0000 1.0000 0.8556 0.2978 0.1034 0.0359 0.0124 0.0043 0.0015 1.0000 1.0000 1.0000 0.9463
1.0000 1.0000 1.0000 0.0015 0.0042 0.0123 0.0357 0.1034 0.2989 0.8621 1.0000 1.0000 1.0000 1.0000 0.0017 0.0048 0.0138 0.0394 0.1125 0.3219 0.9197 1.0000 1.0000 1.0000 1.0000 0.0017 0.0050 0.0142 0.0407 0.1162 0.3319 0.9481 1.0000 1.0000 1.0000 1.0000 0.0018 0.0052 0.0148 0.0422 0.1204 0.3441 0.9830 1.0000 1.0000 1.0000 0.0007 0.0019 0.0053 0.0175 0.0374 0.0175 0.0053 0.0019 0.0007 1.0000 1.0000 1.0000 0.9830 0.3441 0.1204 0.0422 0.0148 0.0052 0.0018 1.0000 1.0000 1.0000 1.0000 0.9481 0.3319 0.1162 0.0407 0.0142 0.0050 0.0017 1.0000 1.0000 1.0000 1.0000 0.9197 0.3219 0.1125 0.0394 0.0138 0.0048 0.0017 1.0000 1.0000 1.0000 1.0000 0.8621 0.2989 0.1034 0.0357 0.0123 0.0042 0.0015 1.0000 1.0000 1.0000
1.0000 1.0000 0.0014 0.0042 0.0121 0.0353 0.1026 0.2978 0.8621 1.0000 1.0000 1.0000 1.0000 0.0017 0.0049 0.0140 0.0401 0.1148 0.3287 0.9392 1.0000 1.0000 1.0000 1.0000 0.0018 0.0051 0.0146 0.0416 0.1188 0.3395 0.9700 1.0000 1.0000 1.0000 0.0006 0.0018 0.0053 0.0151 0.0431 0.1232 0.3520 1.0000 1.0000 1.0000 1.0000 0.0007 0.0019 0.0054 0.0156 0.0511 0.1093 0.0511 0.0156 0.0054 0.0019 0.0007 1.0000 1.0000 1.0000 1.0000 0.3520 0.1232 0.0431 0.0151 0.0053 0.0018 0.0006 1.0000 1.0000 1.0000 0.9700 0.3395 0.1188 0.0416 0.0146 0.0051 0.0018 1.0000 1.0000 1.0000 1.0000 0.9392 0.3287 0.1148 0.0401 0.0140 0.0049 0.0017 1.0000 1.0000 1.0000 1.0000 0.8621 0.2978 0.1026 0.0353 0.0121 0.0042 0.0014 1.0000 1.0000
1.0000 0.0015 0.0040 0.0119 0.0347 0.1011 0.2944 0.8556 1.0000 1.0000 1.0000 1.0000 0.0017 0.0050 0.0142 0.0408 0.1170 0.3350 0.9590 1.0000 1.0000 1.0000 1.0000 0.0018 0.0052 0.0149 0.0426 0.1216 0.3474 0.9924 1.0000 1.0000 1.0000 0.0007 0.0019 0.0054 0.0154 0.0441 0.1261 0.3601 1.0000 1.0000 1.0000 1.0000 0.0007 0.0020 0.0056 0.0159 0.0456 0.1493 0.3195 0.1493 0.0456 0.0159 0.0056 0.0020 0.0007 1.0000 1.0000 1.0000 1.0000 0.3601 0.1261 0.0441 0.0154 0.0054 0.0019 0.0007 1.0000 1.0000 1.0000 0.9924 0.3474 0.1216 0.0426 0.0149 0.0052 0.0018 1.0000 1.0000 1.0000 1.0000 0.9590 0.3350 0.1170 0.0408 0.0142 0.0050 0.0017 1.0000 1.0000 1.0000 1.0000 0.8556 0.2944 0.1011 0.0347 0.0119 0.0040 0.0015 1.0000
0.0006 0.0043 0.0115 0.0340 0.0992 0.2894 0.8427 1.0000 1.0000 1.0000 1.0000 0.0017 0.0050 0.0144 0.0414 0.1188 0.3408 0.9774 1.0000 1.0000 1.0000 0.0007 0.0019 0.0053 0.0152 0.0435 0.1244 0.3554 1.0000 1.0000 1.0000 1.0000 0.0007 0.0019 0.0055 0.0158 0.0451 0.1290 0.3685 1.0000 1.0000 1.0000 1.0000 0.0007 0.0020 0.0057 0.0163 0.0464 0.1332 0.4364 0.9338 0.4364 0.1332 0.0464 0.0163 0.0057 0.0020 0.0007 1.0000 1.0000 1.0000 1.0000 0.3685 0.1290 0.0451 0.0158 0.0055 0.0019 0.0007 1.0000 1.0000 1.0000 1.0000 0.3554 0.1244 0.0435 0.0152 0.0053 0.0019 0.0007 1.0000 1.0000 1.0000 0.9774 0.3408 0.1188 0.0414 0.0144 0.0050 0.0017 1.0000 1.0000 1.0000 1.0000 0.8427 0.2894 0.0992 0.0340 0.0115 0.0043 0.0006
0.0018 0.0124 0.0329 0.0973 0.2839 0.8284 1.0000 1.0000 1.0000 1.0000 0.0017 0.0050 0.0144 0.0416 0.1200 0.3454 0.9924 1.0000 1.0000 1.0000 0.0007 0.0019 0.0054 0.0156 0.0445 0.1273 0.3636 1.0000 1.0000 1.0000 1.0000 0.0007 0.0020 0.0056 0.0161 0.0460 0.1317 0.3770 1.0000 1.0000 1.0000 1.0000 0.0007 0.0020 0.0058 0.0167 0.0477 0.1358 0.3893 1.0000 1.0000 1.0000 0.3893 0.1358 0.0477 0.0167 0.0058 0.0020 0.0007 1.0000 1.0000 1.0000 1.0000 0.3770 0.1317 0.0460 0.0161 0.0056 0.0020 0.0007 1.0000 1.0000 1.0000 1.0000 0.3636 0.1273 0.0445 0.0156 0.0054 0.0019 0.0007 1.0000 1.0000 1.0000 0.9924 0.3454 0.1200 0.0416 0.0144 0.0050 0.0017 1.0000 1.0000 1.0000 1.0000 0.8284 0.2839 0.0973 0.0329 0.0124 0.0018
0.0052 0.0355 0.0939 0.2786 0.8112 1.0000 1.0000 1.0000 1.0000 0.0017 0.0050 0.0144 0.0416 0.1204 0.3474 1.0000 1.0000 1.0000 1.0000 0.0007 0.0019 0.0056 0.0159 0.0455 0.1302 0.3720 1.0000 1.0000 1.0000 1.0000 0.0007 0.0020 0.0058 0.0164 0.0471 0.1347 0.3849 1.0000 1.0000 1.0000 1.0000 0.0007 0.0021 0.0060 0.0170 0.0487 0.1394 0.3968 1.0000 1.0000 1.0000 1.0000 1.0000 0.3968 0.1394 0.0487 0.0170 0.0060 0.0021 0.0007 1.0000 1.0000 1.0000 1.0000 0.3849 0.1347 0.0471 0.0164 0.0057 0.0020 0.0007 1.0000 1.0000 1.0000 1.0000 0.3720 0.1302 0.0455 0.0159 0.0056 0.0019 0.0007 1.0000 1.0000 1.0000 1.0000 0.3474 0.1204 0.0416 0.0144 0.0050 0.0017 1.0000 1.0000 1.0000 1.0000 0.8112 0.2786 0.0939 0.0355 0.0052
0.0147 0.1013 0.2682 0.7960 1.0000 1.0000 1.0000 1.0000 0.0017 0.0049 0.0142 0.0414 0.1200 0.3474 1.0000 1.0000 1.0000 1.0000 0.0007 0.0020 0.0057 0.0162 0.0464 0.1329 0.3798 1.0000 1.0000 1.0000 1.0000 0.0007 0.0021 0.0059 0.0168 0.0481 0.1376 0.3931 1.0000 1.0000 1.0000 1.0000 0.0007 0.0021 0.0061 0.0174 0.0497 0.1424 0.4075 1.0000 1.0000 1.0000 1.0000 1.0000 1.0000 1.0000 0.4075 0.1424 0.0497 0.0174 0.0061 0.0021 0.0007 1.0000 1.0000 1.0000 1.0000 0.3931 0.1376 0.0481 0.0168 0.0059 0.0021 0.0007 1.0000 1.0000 1.0000 1.0000 0.3798 0.1329 0.0464 0.0162 0.0057 0.0020 0.0007 1.0000 1.0000 1.0000 1.0000 0.3474 0.1200 0.0414 0.0142 0.0049 0.0017 1.0000 1.0000 1.0000 1.0000 0.7960 0.2682 0.1013 0.0147
0.0421 0.2894 0.7662 1.0000 1.0000 1.0000 1.0000 0.0016 0.0048 0.0140 0.0408 0.1188 0.3454 1.0000 1.0000 1.0000 1.0000 0.0007 0.0020 0.0058 0.0165 0.0473 0.1355 0.3879 1.0000 1.0000 1.0000 1.0000 0.0007 0.0021 0.0060 0.0172 0.0492 0.1405 0.4021 1.0000 1.0000 1.0000 1.0000 0.0008 0.0022 0.0062 0.0178 0.0510 0.1457 0.4161 1.0000 1.0000 1.0000 1.0000 1.0000 1.0000 1.0000 1.0000 1.0000 0.4161 0.1457 0.0510 0.0178 0.0062 0.0022 0.0008 1.0000 1.0000 1.0000 1.0000 0.4021 0.1405 0.0491 0.0172 0.0060 0.0021 0.0007 1.0000 1.0000 1.0000 1.0000 0.3879 0.1355 0.0473 0.0165 0.0058 0.0020 0.0007 1.0000 1.0000 1.0000 1.0000 0.3454 0.1188 0.0408 0.0140 0.0048 0.0016 1.0000 1.0000 1.0000 1.0000 0.7662 0.2894 0.0421
0.1204 0.8268 1.0000 1.0000 1.0000 1.0000 0.0016 0.0047 0.0138 0.0401 0.1170 0.3408 0.9924 1.0000 1.0000 1.0000 0.0007 0.0020 0.0058 0.0167 0.0481 0.1378 0.3953 1.0000 1.0000 1.0000 1.0000 0.0008 0.0022 0.0062 0.0176 0.0503 0.1435 0.4106 1.0000 1.0000 1.0000 1.0000 0.0008 0.0022 0.0064 0.0183 0.0522 0.1490 0.4249 1.0000 1.0000 1.0000 1.0000 0.0009 0.0020 0.0009 1.0000 1.0000 1.0000 1.0000 0.4249 0.1490 0.0522 0.0183 0.0064 0.0022 0.0008 1.0000 1.0000 1.0000 1.0000 0.4106 0.1437 0.0503 0.0176 0.0062 0.0022 0.0008 1.0000 1.0000 1.0000 1.0000 0.3953 0.1378 0.0481 0.0167 0.0058 0.0020 0.0007 1.0000 1.0000 1.0000 0.9924 0.3408 0.1170 0.0401 0.0138 0.0047 0.0016 1.0000 1.0000 1.0000 1.0000 0.8268 0.1204
0.3441 1.0000 1.0000 1.0000 1.0000 0.0016 0.0046 0.0135 0.0394 0.1148 0.3350 0.9774 1.0000 1.0000 1.0000 0.0007 0.0020 0.0058 0.0168 0.0485 0.1397 0.4014 1.0000 1.0000 1.0000 1.0000 0.0008 0.0022 0.0063 0.0180 0.0515 0.1470 0.4201 1.0000 1.0000 1.0000 1.0000 0.0008 0.0023 0.0065 0.0187 0.0534 0.1525 0.4356 1.0000 1.0000 1.0000 1.0000 0.0008 0.0027 0.0058 0.0027 0.0008 1.0000 1.0000 1.0000 1.0000 0.4356 0.1525 0.0534 0.0187 0.0065 0.0023 0.0008 1.0000 1.0000 1.0000 1.0000 0.4193 0.1470 0.0515 0.0180 0.0063 0.0022 0.0008 1.0000 1.0000 1.0000 1.0000 0.4014 0.1397 0.0485 0.0168 0.0058 0.0020 0.0007 1.0000 1.0000 1.0000 0.9774 0.3350 0.1148 0.0394 0.0135 0.0046 0.0016 1.0000 1.0000 1.0000 1.0000 0.3441
0.9830 1.0000 1.0000 1.0000 0.0015 0.0045 0.0132 0.0385 0.1125 0.3287 0.9590 1.0000 1.0000 1.0000 0.0007 0.0020 0.0058 0.0168 0.0487 0.1405 0.4052 1.0000 1.0000 1.0000 1.0000 0.0008 0.0022 0.0064 0.0184 0.0527 0.1504 0.4298 1.0000 1.0000 1.0000 1.0000 0.0008 0.0023 0.0067 0.0191 0.0546 0.1560 0.4456 1.0000 1.0000 1.0000 1.0000 0.0008 0.0024 0.0079 0.0170 0.0079 0.0024 0.0008 1.0000 1.0000 1.0000 1.0000 0.4456 0.1560 0.0546 0.0191 0.0067 0.0023 0.0008 1.0000 1.0000 1.0000 1.0000 0.4298 0.1504 0.0527 0.0184 0.0064 0.0022 0.0008 1.0000 1.0000 1.0000 1.0000 0.4052 0.1405 0.0487 0.0168 0.0058 0.0020 0.0007 1.0000 1.0000 1.0000 0.9590 0.3287 0.1125 0.0385 0.0132 0.0045 0.0015 1.0000 1.0000 1.0000 0.9830
1.0000 1.0000 1.0000 0.0015 0.0044 0.0129 0.0377 0.1101 0.3219 0.9392 1.0000 1.0000 1.0000 0.0007 0.0020 0.0058 0.0167 0.0485 0.1405 0.4068 1.0000 1.0000 1.0000 1.0000 0.0008 0.0023 0.0066 0.0188 0.0538 0.1536 0.4397 1.0000 1.0000 1.0000 1.0000 0.0008 0.0024 0.0068 0.0195 0.0559 0.1596 0.4559 1.0000 1.0000 1.0000 1.0000 0.0009 0.0025 0.0071 0.0232 0.0495 0.0232 0.0071 0.0025 0.0009 1.0000 1.0000 1.0000 1.0000 0.4559 0.1596 0.0559 0.0195 0.0068 0.0024 0.0008 1.0000 1.0000 1.0000 1.0000 0.4397 0.1536 0.0538 0.0188 0.0066 0.0023 0.0008 1.0000 1.0000 1.0000 1.0000 0.4068 0.1405 0.0485 0.0167 0.0058 0.0020 0.0007 1.0000 1.0000 1.0000 0.9392 0.3219 0.1101 0.0377 0.0129 0.0044 0.0015 1.0000 1.0000 1.0000
1.0000 1.0000 0.0015 0.0043 0.0126 0.0368 0.1076 0.3146 0.9197 1.0000 1.0000 1.0000 0.0007 0.0019 0.0057 0.0165 0.0481 0.1397 0.4052 1.0000 1.0000 1.0000 1.0000 0.0008 0.0023 0.0067 0.0191 0.0548 0.1569 0.4490 1.0000 1.0000 1.0000 1.0000 0.0009 0.0024 0.0070 0.0200 0.0571 0.1633 0.4664 1.0000 1.0000 1.0000 1.0000 0.0009 0.0025 0.0072 0.0207 0.0677 0.1448 0.0677 0.0207 0.0072 0.0025 0.0009 1.0000 1.0000 1.0000 1.0000 0.4664 0.1633 0.0571 0.0200 0.0070 0.0024 0.0009 1.0000 1.0000 1.0000 1.0000 0.4490 0.1569 0.0548 0.0191 0.0067 0.0023 0.0008 1.0000 1.0000 1.0000 1.0000 0.4052 0.1397 0.0481 0.0165 0.0057 0.0019 0.0007 1.0000 1.0000 1.0000 0.9197 0.3146 0.1076 0.0368 0.0126 0.0043 0.0015 1.0000 1.0000
1.0000 0.0016 0.0042 0.0123 0.0360 0.1052 0.3075 0.8990 1.0000 1.0000 1.0000 0.0007 0.0019 0.0056 0.0162 0.0473 0.1378 0.4014 1.0000 1.0000 1.0000 1.0000 0.0008 0.0023 0.0068 0.0194 0.0557 0.1599 0.4577 1.0000 1.0000 1.0000 1.0000 0.0009 0.0025 0.0071 0.0204 0.0585 0.1670 0.4772 1.0000 1.0000 1.0000 1.0000 0.0009 0.0026 0.0074 0.0211 0.0604 0.1978 0.4233 0.1978 0.0604 0.0211 0.0074 0.0026 0.0009 1.0000 1.0000 1.0000 1.0000 0.4772 0.1670 0.0585 0.0204 0.0071 0.0025 0.0009 1.0000 1.0000 1.0000 1.0000 0.4577 0.1599 0.0557 0.0194 0.0068 0.0023 0.0008 1.0000 1.0000 1.0000 1.0000 0.4014 0.1378 0.0473 0.0162 0.0056 0.0019 0.0007 1.0000 1.0000 1.0000 0.8990 0.3075 0.1052 0.0360 0.0123 0.0042 0.0016 1.0000
0.0007 0.0045 0.0119 0.0353 0.1028 0.3006 0.8787 1.0000 1.0000 1.0000 1.0000 0.0019 0.0054 0.0159 0.0464 0.1355 0.3953 1.0000 1.0000 1.0000 1.0000 0.0008 0.0024 0.0068 0.0196 0.0565 0.1623 0.4656 1.0000 1.0000 1.0000 1.0000 0.0009 0.0025 0.0073 0.0209 0.0597 0.1709 0.4882 1.0000 1.0000 1.0000 1.0000 0.0009 0.0026 0.0076 0.0216 0.0615 0.1765 0.5783 1.0000 0.5783 0.1765 0.0615 0.0216 0.0076 0.0026 0.0009 1.0000 1.0000 1.0000 1.0000 0.4882 0.1709 0.0597 0.0209 0.0073 0.0025 0.0009 1.0000 1.0000 1.0000 1.0000 0.4656 0.1623 0.0565 0.0196 0.0068 0.0024 0.0008 1.0000 1.0000 1.0000 1.0000 0.3953 0.1355 0.0464 0.0159 0.0054 0.0019 1.0000 1.0000 1.0000 1.0000 0.8787 0.3006 0.1028 0.0353 0.0119 0.0045 0.0007
0.0019 0.0128 0.0339 0.1007 0.2938 0.8589 1.0000 1.0000 1.0000 1.0000 0.0018 0.0053 0.0156 0.0455 0.1329 0.3879 1.0000 1.0000 1.0000 1.0000 0.0008 0.0023 0.0068 0.0197 0.0568 0.1639 0.4718 1.0000 1.0000 1.0000 1.0000 0.0009 0.0026 0.0075 0.0213 0.0610 0.1745 0.4995 1.0000 1.0000 1.0000 1.0000 0.0009 0.0027 0.0077 0.0221 0.0632 0.1799 0.5159 1.0000 1.0000 1.0000 0.5159 0.1799 0.0632 0.0221 0.0077 0.0027 0.0009 1.0000 1.0000 1.0000 1.0000 0.4995 0.1745 0.0610 0.0213 0.0075 0.0026 0.0009 1.0000 1.0000 1.0000 1.0000 0.4718 0.1639 0.0568 0.0197 0.0068 0.0023 0.0008 1.0000 1.0000 1.0000 1.0000 0.3879 0.1329 0.0455 0.0156 0.0053 0.0018 1.0000 1.0000 1.0000 1.0000 0.8589 0.2938 0.1007 0.0339 0.0128 0.0019
0.0053 0.0366 0.0970 0.2877 0.8395 1.0000 1.0000 1.0000 1.0000 0.0018 0.0052 0.0152 0.0445 0.1302 0.3798 1.0000 1.0000 1.0000 1.0000 0.0008 0.0023 0.0068 0.0196 0.0568 0.1645 0.4745 1.0000 1.0000 1.0000 1.0000 0.0009 0.0027 0.0076 0.0217 0.0622 0.1782 0.5101 1.0000 1.0000 1.0000 1.0000 0.0010 0.0028 0.0079 0.0225 0.0645 0.1847 0.5258 1.0000 1.0000 1.0000 1.0000 1.0000 0.5258 0.1847 0.0645 0.0225 0.0079 0.0028 0.0010 1.0000 1.0000 1.0000 1.0000 0.5101 0.1782 0.0622 0.0217 0.0076 0.0027 0.0009 1.0000 1.0000 1.0000 1.0000 0.4745 0.1645 0.0568 0.0196 0.0068 0.0023 0.0008 1.0000 1.0000 1.0000 1.0000 0.3798 0.1302 0.0445 0.0152 0.0052 0.0018 1.0000 1.0000 1.0000 1.0000 0.8395 0.2877 0.0970 0.0366 0.0053
0.0152 0.1046 0.2770 0.8221 1.0000 1.0000 1.0000 1.0000 0.0017 0.0051 0.0149 0.0435 0.1273 0.3720 1.0000 1.0000 1.0000 1.0000 0.0008 0.0023 0.0067 0.0194 0.0565 0.1639 0.4745 1.0000 1.0000 1.0000 1.0000 0.0009 0.0027 0.0077 0.0222 0.0634 0.1816 0.5198 1.0000 1.0000 1.0000 1.0000 0.0010 0.0028 0.0081 0.0231 0.0660 0.1886 0.5400 1.0000 1.0000 1.0000 1.0000 1.0000 1.0000 1.0000 0.5400 0.1886 0.0660 0.0231 0.0081 0.0028 0.0010 1.0000 1.0000 1.0000 1.0000 0.5198 0.1816 0.0634 0.0222 0.0077 0.0027 0.0009 1.0000 1.0000 1.0000 1.0000 0.4745 0.1639 0.0565 0.0194 0.0067 0.0023 0.0008 1.0000 1.0000 1.0000 1.0000 0.3720 0.1273 0.0435 0.0149 0.0051 0.0017 1.0000 1.0000 1.0000 1.0000 0.8221 0.2770 0.1046 0.0152
0.0435 0.2989 0.7914 1.0000 1.0000 1.0000 1.0000 0.0017 0.0050 0.0146 0.0426 0.1244 0.3636 1.0000 1.0000 1.0000 1.0000 0.0008 0.0022 0.0066 0.0191 0.0557 0.1623 0.4718 1.0000 1.0000 1.0000 1.0000 0.0010 0.0027 0.0079 0.0225 0.0647 0.1851 0.5298 1.0000 1.0000 1.0000 1.0000 0.0010 0.0029 0.0083 0.0236 0.0676 0.1926 0.5514 1.0000 1.0000 1.0000 1.0000 0.0009 1.0000 1.0000 1.0000 1.0000 0.5514 0.1926 0.0676 0.0236 0.0083 0.0029 0.0010 1.0000 1.0000 1.0000 1.0000 0.5298 0.1851 0.0647 0.0225 0.0079 0.0027 0.0010 1.0000 1.0000 1.0000 1.0000 0.4718 0.1623 0.0557 0.0191 0.0066 0.0022 0.0008 1.0000 1.0000 1.0000 1.0000 0.3636 0.1244 0.0426 0.0146 0.0050 0.0017 1.0000 1.0000 1.0000 1.0000 0.7914 0.2989 0.0435
0.1241 0.8540 1.0000 1.0000 1.0000 1.0000 0.0017 0.0049 0.0142 0.0416 0.1216 0.3554 1.0000 1.0000 1.0000 1.0000 0.0008 0.0022 0.0064 0.0188 0.0548 0.1599 0.4656 1.0000 1.0000 1.0000 1.0000 0.0010 0.0028 0.0079 0.0228 0.0657 0.1883 0.5400 1.0000 1.0000 1.0000 1.0000 0.0010 0.0030 0.0085 0.0242 0.0691 0.1975 0.5641 1.0000 1.0000 1.0000 1.0000 0.0012 0.0026 0.0012 1.0000 1.0000 1.0000 1.0000 0.5641 0.1975 0.0691 0.0242 0.0085 0.0030 0.0010 1.0000 1.0000 1.0000 1.0000 0.5400 0.1883 0.0657 0.0228 0.0079 0.0028 0.0010 1.0000 1.0000 1.0000 1.0000 0.4656 0.1599 0.0548 0.0188 0.0064 0.0022 0.0008 1.0000 1.0000 1.0000 1.0000 0.3554 0.1216 0.0416 0.0142 0.0049 0.0017 1.0000 1.0000 1.0000 1.0000 0.8540 0.1241
0.3547 1.0000 1.0000 1.0000 1.0000 0.0016 0.0048 0.0139 0.0407 0.1188 0.3474 1.0000 1.0000 1.0000 1.0000 0.0007 0.0022 0.0063 0.0184 0.0538 0.1569 0.4577 1.0000 1.0000 1.0000 1.0000 0.0010 0.0028 0.0080 0.0230 0.0663 0.1908 0.5483 1.0000 1.0000 1.0000 1.0000 0.0011 0.0030 0.0086 0.0247 0.0706 0.2020 0.5772 1.0000 1.0000 1.0000 1.0000 0.0011 0.0036 0.0077 0.0036 0.0011 1.0000 1.0000 1.0000 1.0000 0.5772 0.2020 0.0706 0.0247 0.0086 0.0030 0.0011 1.0000 1.0000 1.0000 1.0000 0.5483 0.1908 0.0663 0.0230 0.0080 0.0028 0.0010 1.0000 1.0000 1.0000 1.0000 0.4577 0.1569 0.0538 0.0184 0.0063 0.0022 0.0007 1.0000 1.0000 1.0000 1.0000 0.3474 0.1188 0.0407 0.0139 0.0048 0.0016 1.0000 1.0000 1.0000 1.0000 0.3547
1.0000 1.0000 1.0000 1.0000 0.0016 0.0047 0.0136 0.0397 0.1162 0.3395 0.9924 1.0000 1.0000 1.0000 0.0007 0.0021 0.0062 0.0180 0.0527 0.1536 0.4490 1.0000 1.0000 1.0000 1.0000 0.0009 0.0027 0.0079 0.0230 0.0665 0.1919 0.5535 1.0000 1.0000 1.0000 1.0000 0.0011 0.0031 0.0088 0.0252 0.0721 0.2063 0.5894 1.0000 1.0000 1.0000 1.0000 0.0011 0.0032 0.0105 0.0225 0.0105 0.0032 0.0011 1.0000 1.0000 1.0000 1.0000 0.5894 0.2063 0.0721 0.0252 0.0088 0.0031 0.0011 1.0000 1.0000 1.0000 1.0000 0.5535 0.1919 0.0665 0.0230 0.0079 0.0027 0.0009 1.0000 1.0000 1.0000 1.0000 0.4490 0.1536 0.0527 0.0180 0.0062 0.0021 0.0007 1.0000 1.0000 1.0000 0.9924 0.3395 0.1162 0.0397 0.0136 0.0047 0.0016 1.0000 1.0000 1.0000 1.0000
1.0000 1.0000 1.0000 0.0016 0.0045 0.0133 0.0388 0.1135 0.3319 0.9700 1.0000 1.0000 1.0000 0.0007 0.0021 0.0060 0.0176 0.0515 0.1504 0.4397 1.0000 1.0000 1.0000 1.0000 0.0009 0.0027 0.0079 0.0228 0.0663 0.1919 0.5556 1.0000 1.0000 1.0000 1.0000 0.0011 0.0031 0.0090 0.0257 0.0734 0.2102 0.6018 1.0000 1.0000 1.0000 1.0000 0.0011 0.0033 0.0094 0.0307 0.0657 0.0307 0.0094 0.0033 0.0011 1.0000 1.0000 1.0000 1.0000 0.6018 0.2102 0.0734 0.0257 0.0090 0.0031 0.0011 1.0000 1.0000 1.0000 1.0000 0.5556 0.1919 0.0663 0.0228 0.0079 0.0027 0.0009 1.0000 1.0000 1.0000 1.0000 0.4397 0.1504 0.0515 0.0176 0.0060 0.0021 0.0007 1.0000 1.0000 1.0000 0.9700 0.3319 0.1135 0.0388 0.0133 0.0045 0.0016 1.0000 1.0000 1.0000
1.0000 1.0000 0.0015 0.0045 0.0130 0.0380 0.1110 0.3244 0.9481 1.0000 1.0000 1.0000 0.0007 0.0020 0.0059 0.0172 0.0503 0.1470 0.4298 1.0000 1.0000 1.0000 1.0000 0.0009 0.0027 0.0077 0.0225 0.0657 0.1908 0.5535 1.0000 1.0000 1.0000 1.0000 0.0011 0.0032 0.0091 0.0262 0.0749 0.2143 0.6134 1.0000 1.0000 1.0000 1.0000 0.0012 0.0034 0.0095 0.0274 0.0897 0.1919 0.0897 0.0274 0.0095 0.0034 0.0012 1.0000 1.0000 1.0000 1.0000 0.6134 0.2143 0.0749 0.0262 0.0091 0.0032 0.0011 1.0000 1.0000 1.0000 1.0000 0.5535 0.1908 0.0657 0.0225 0.0077 0.0027 0.0009 1.0000 1.0000 1.0000 1.0000 0.4298 0.1470 0.0503 0.0172 0.0059 0.0020 0.0007 1.0000 1.0000 1.0000 0.9481 0.3244 0.1110 0.0380 0.0130 0.0045 0.0015 1.0000 1.0000
1.0000 0.0016 0.0043 0.0127 0.0370 0.1085 0.3164 0.9267 1.0000 1.0000 1.0000 0.0007 0.0020 0.0058 0.0168 0.0492 0.1435 0.4201 1.0000 1.0000 1.0000 1.0000 0.0009 0.0026 0.0076 0.0222 0.0647 0.1883 0.5483 1.0000 1.0000 1.0000 1.0000 0.0011 0.0032 0.0092 0.0266 0.0762 0.2184 0.6252 1.0000 1.0000 1.0000 1.0000 0.0012 0.0034 0.0098 0.0279 0.0800 0.2621 0.5609 0.2621 0.0800 0.0279 0.0098 0.0034 0.0012 1.0000 1.0000 1.0000 1.0000 0.6252 0.2184 0.0762 0.0266 0.0092 0.0032 0.0011 1.0000 1.0000 1.0000 1.0000 0.5483 0.1883 0.0647 0.0222 0.0076 0.0026 0.0009 1.0000 1.0000 1.0000 1.0000 0.4193 0.1437 0.0491 0.0168 0.0058 0.0020 0.0007 1.0000 1.0000 1.0000 0.9267 0.3164 0.1085 0.0370 0.0127 0.0043 0.0016 1.0000
0.0007 0.0046 0.0122 0.0363 0.1060 0.3099 0.9058 1.0000 1.0000 1.0000 0.0007 0.0019 0.0056 0.0164 0.0481 0.1405 0.4106 1.0000 1.0000 1.0000 1.0000 0.0009 0.0025 0.0075 0.0217 0.0634 0.1851 0.5400 1.0000 1.0000 1.0000 1.0000 0.0011 0.0032 0.0093 0.0268 0.0772 0.2217 0.6360 1.0000 1.0000 1.0000 1.0000 0.0012 0.0035 0.0100 0.0286 0.0814 0.2339 0.7662 1.0000 0.7662 0.2339 0.0814 0.0286 0.0100 0.0035 0.0012 1.0000 1.0000 1.0000 1.0000 0.6360 0.2217 0.0772 0.0268 0.0093 0.0032 0.0011 1.0000 1.0000 1.0000 1.0000 0.5400 0.1851 0.0634 0.0217 0.0075 0.0025 0.0009 1.0000 1.0000 1.0000 1.0000 0.4106 0.1405 0.0481 0.0164 0.0056 0.0019 0.0007 1.0000 1.0000 1.0000 0.9058 0.3099 0.1060 0.0363 0.0122 0.0046 0.0007
0.0019 0.0132 0.0351 0.1040 0.3035 0.8871 1.0000 1.0000 1.0000 0.0006 0.0019 0.0055 0.0161 0.0471 0.1376 0.4021 1.0000 1.0000 1.0000 1.0000 0.0009 0.0025 0.0073 0.0213 0.0622 0.1816 0.5298 1.0000 1.0000 1.0000 1.0000 0.0011 0.0032 0.0093 0.0269 0.0776 0.2239 0.6445 1.0000 1.0000 1.0000 1.0000 0.0012 0.0036 0.0102 0.0291 0.0834 0.2379 0.6836 1.0000 1.0000 1.0000 0.6836 0.2379 0.0834 0.0291 0.0102 0.0036 0.0012 1.0000 1.0000 1.0000 1.0000 0.6445 0.2239 0.0776 0.0269 0.0093 0.0032 0.0011 1.0000 1.0000 1.0000 1.0000 0.5298 0.1816 0.0622 0.0213 0.0073 0.0025 0.0009 1.0000 1.0000 1.0000 1.0000 0.4021 0.1376 0.0471 0.0161 0.0055 0.0019 0.0006 1.0000 1.0000 1.0000 0.8871 0.3035 0.1040 0.0351 0.0132 0.0019
0.0055 0.0380 0.1003 0.2972 0.8671 1.0000 1.0000 1.0000 1.0000 0.0018 0.0054 0.0158 0.0460 0.1347 0.3931 1.0000 1.0000 1.0000 1.0000 0.0008 0.0024 0.0071 0.0209 0.0610 0.1782 0.5198 1.0000 1.0000 1.0000 1.0000 0.0011 0.0032 0.0092 0.0268 0.0776 0.2247 0.6482 1.0000 1.0000 1.0000 1.0000 0.0013 0.0036 0.0104 0.0297 0.0850 0.2434 0.6941 1.0000 1.0000 1.0000 1.0000 1.0000 0.6941 0.2434 0.0850 0.0297 0.0104 0.0036 0.0013 1.0000 1.0000 1.0000 1.0000 0.6482 0.2247 0.0776 0.0268 0.0092 0.0032 0.0011 1.0000 1.0000 1.0000 1.0000 0.5198 0.1782 0.0610 0.0209 0.0071 0.0024 0.0008 1.0000 1.0000 1.0000 1.0000 0.3931 0.1347 0.0460 0.0158 0.0054 0.0018 1.0000 1.0000 1.0000 1.0000 0.8671 0.2972 0.1003 0.0380 0.0055
0.0158 0.1083 0.2872 0.8507 1.0000 1.0000 1.0000 1.0000 0.0018 0.0053 0.0154 0.0451 0.1317 0.3849 1.0000 1.0000 1.0000 1.0000 0.0008 0.0024 0.0070 0.0204 0.0597 0.1745 0.5101 1.0000 1.0000 1.0000 1.0000 0.0011 0.0031 0.0091 0.0266 0.0772 0.2239 0.6482 1.0000 1.0000 1.0000 1.0000 0.0013 0.0037 0.0106 0.0303 0.0867 0.2481 0.7101 1.0000 1.0000 1.0000 1.0000 1.0000 1.0000 1.0000 0.7101 0.2481 0.0867 0.0303 0.0106 0.0037 0.0013 1.0000 1.0000 1.0000 1.0000 0.6482 0.2239 0.0772 0.0266 0.0091 0.0031 0.0011 1.0000 1.0000 1.0000 1.0000 0.5101 0.1745 0.0597 0.0204 0.0070 0.0024 0.0008 1.0000 1.0000 1.0000 1.0000 0.3849 0.1317 0.0451 0.0154 0.0053 0.0018 1.0000 1.0000 1.0000 1.0000 0.8507 0.2872 0.1083 0.0158
0.0451 0.3099 0.8205 1.0000 1.0000 1.0000 1.0000 0.0018 0.0052 0.0151 0.0441 0.1290 0.3770 1.0000 1.0000 1.0000 1.0000 0.0008 0.0023 0.0068 0.0200 0.0585 0.1709 0.4995 1.0000 1.0000 1.0000 1.0000 0.0011 0.0031 0.0090 0.0262 0.0762 0.2217 0.6445 1.0000 1.0000 1.0000 1.0000 0.0013 0.0037 0.0107 0.0308 0.0883 0.2528 0.7238 1.0000 1.0000 1.0000 1.0000 0.0012 1.0000 1.0000 1.0000 1.0000 0.7238 0.2528 0.0883 0.0308 0.0107 0.0037 0.0013 1.0000 1.0000 1.0000 1.0000 0.6445 0.2217 0.0762 0.0262 0.0090 0.0031 0.0011 1.0000 1.0000 1.0000 1.0000 0.4995 0.1709 0.0585 0.0200 0.0068 0.0023 0.0008 1.0000 1.0000 1.0000 1.0000 0.3770 0.1290 0.0441 0.0151 0.0052 0.0018 1.0000 1.0000 1.0000 1.0000 0.8205 0.3099 0.0451
0.1287 0.8854 1.0000 1.0000 1.0000 1.0000 0.0017 0.0050 0.0148 0.0431 0.1261 0.3685 1.0000 1.0000 1.0000 1.0000 0.0008 0.0023 0.0067 0.0195 0.0571 0.1670 0.4882 1.0000 1.0000 1.0000 1.0000 0.0010 0.0030 0.0088 0.0257 0.0749 0.2184 0.6360 1.0000 1.0000 1.0000 1.0000 0.0013 0.0038 0.0108 0.0312 0.0897 0.2572 0.7376 1.0000 1.0000 1.0000 1.0000 0.0016 0.0035 0.0016 1.0000 1.0000 1.0000 1.0000 0.7376 0.2572 0.0897 0.0312 0.0108 0.0038 0.0013 1.0000 1.0000 1.0000 1.0000 0.6360 0.2184 0.0749 0.0257 0.0088 0.0030 0.0010 1.0000 1.0000 1.0000 1.0000 0.4882 0.1670 0.0571 0.0195 0.0067 0.0023 0.0008 1.0000 1.0000 1.0000 1.0000 0.3685 0.1261 0.0431 0.0148 0.0050 0.0017 1.0000 1.0000 1.0000 1.0000 0.8854 0.1287
0.3678 1.0000 1.0000 1.0000 1.0000 0.0017 0.0049 0.0144 0.0422 0.1232 0.3601 1.0000 1.0000 1.0000 1.0000 0.0008 0.0022 0.0065 0.0191 0.0559 0.1633 0.4772 1.0000 1.0000 1.0000 1.0000 0.0010 0.0030 0.0086 0.0252 0.0734 0.2143 0.6252 1.0000 1.0000 1.0000 1.0000 0.0013 0.0038 0.0109 0.0314 0.0905 0.2606 0.7490 1.0000 1.0000 1.0000 1.0000 0.0014 0.0047 0.0101 0.0047 0.0014 1.0000 1.0000 1.0000 1.0000 0.7490 0.2606 0.0905 0.0314 0.0109 0.0038 0.0013 1.0000 1.0000 1.0000 1.0000 0.6252 0.2143 0.0734 0.0252 0.0086 0.0030 0.0010 1.0000 1.0000 1.0000 1.0000 0.4772 0.1633 0.0559 0.0191 0.0065 0.0022 0.0008 1.0000 1.0000 1.0000 1.0000 0.3601 0.1232 0.0422 0.0144 0.0049 0.0017 1.0000 1.0000 1.0000 1.0000 0.3678
1.0000 1.0000 1.0000 1.0000 0.0016 0.0048 0.0141 0.0412 0.1204 0.3520 1.0000 1.0000 1.0000 1.0000 0.0007 0.0022 0.0064 0.0187 0.0546 0.1596 0.4664 1.0000 1.0000 1.0000 1.0000 0.0010 0.0029 0.0085 0.0247 0.0721 0.2102 0.6134 1.0000 1.0000 1.0000 1.0000 0.0013 0.0037 0.0108 0.0314 0.0909 0.2621 0.7561 1.0000 1.0000 1.0000 1.0000 0.0015 0.0042 0.0138 0.0294 0.0138 0.0042 0.0015 1.0000 1.0000 1.0000 1.0000 0.7561 0.2621 0.0909 0.0314 0.0108 0.0037 0.0013 1.0000 1.0000 1.0000 1.0000 0.6134 0.2102 0.0721 0.0247 0.0085 0.0029 0.0010 1.0000 1.0000 1.0000 1.0000 0.4664 0.1596 0.0546 0.0187 0.0064 0.0022 0.0007 1.0000 1.0000 1.0000 1.0000 0.3520 0.1204 0.0412 0.0141 0.0048 0.0016 1.0000 1.0000 1.0000 1.0000
1.0000 1.0000 1.0000 0.0016 0.0047 0.0138 0.0403 0.1177 0.3441 1.0000 1.0000 1.0000 1.0000 0.0007 0.0021 0.0062 0.0183 0.0534 0.1560 0.4559 1.0000 1.0000 1.0000 1.0000 0.0010 0.0028 0.0083 0.0242 0.0706 0.2063 0.6018 1.0000 1.0000 1.0000 1.0000 0.0013 0.0037 0.0107 0.0312 0.0905 0.2621 0.7590 1.0000 1.0000 1.0000 1.0000 0.0015 0.0043 0.0122 0.0401 0.0858 0.0401 0.0122 0.0043 0.0015 1.0000 1.0000 1.0000 1.0000 0.7590 0.2621 0.0905 0.0312 0.0107 0.0037 0.0013 1.0000 1.0000 1.0000 1.0000 0.6018 0.2063 0.0706 0.0242 0.0083 0.0028 0.0010 1.0000 1.0000 1.0000 1.0000 0.4559 0.1560 0.0534 0.0183 0.0062 0.0021 0.0007 1.0000 1.0000 1.0000 1.0000 0.3441 0.1177 0.0403 0.0138 0.0047 0.0016 1.0000 1.0000 1.0000
1.0000 1.0000 0.0016 0.0046 0.0135 0.0394 0.1151 0.3363 0.9830 1.0000 1.0000 1.0000 0.0007 0.0021 0.0061 0.0178 0.0522 0.1525 0.4456 1.0000 1.0000 1.0000 1.0000 0.0009 0.0028 0.0081 0.0236 0.0691 0.2020 0.5894 1.0000 1.0000 1.0000 1.0000 0.0012 0.0036 0.0106 0.0308 0.0897 0.2606 0.7561 1.0000 1.0000 1.0000 1.0000 0.0015 0.0043 0.0124 0.0357 0.1170 0.2504 0.1170 0.0357 0.0124 0.0043 0.0015 1.0000 1.0000 1.0000 1.0000 0.7561 0.2606 0.0897 0.0308 0.0106 0.0036 0.0012 1.0000 1.0000 1.0000 1.0000 0.5894 0.2020 0.0691 0.0236 0.0081 0.0028 0.0009 1.0000 1.0000 1.0000 1.0000 0.4456 0.1525 0.0522 0.0178 0.0061 0.0021 0.0007 1.0000 1.0000 1.0000 0.9830 0.3363 0.1151 0.0394 0.0135 0.0046 0.0016 1.0000 1.0000
1.0000 0.0017 0.0045 0.0132 0.0384 0.1125 0.3281 0.9608 1.0000 1.0000 1.0000 0.0007 0.0020 0.0060 0.0174 0.0510 0.1487 0.4356 1.0000 1.0000 1.0000 1.0000 0.0009 0.0027 0.0079 0.0231 0.0674 0.1975 0.5761 1.0000 1.0000 1.0000 1.0000 0.0012 0.0036 0.0104 0.0303 0.0883 0.2572 0.7490 1.0000 1.0000 1.0000 1.0000 0.0015 0.0044 0.0126 0.0362 0.1040 0.3415 0.7307 0.3415 0.1040 0.0362 0.0126 0.0044 0.0015 1.0000 1.0000 1.0000 1.0000 0.7490 0.2572 0.0883 0.0303 0.0104 0.0036 0.0012 1.0000 1.0000 1.0000 1.0000 0.5772 0.1975 0.0676 0.0231 0.0079 0.0027 0.0009 1.0000 1.0000 1.0000 1.0000 0.4356 0.1490 0.0510 0.0174 0.0060 0.0020 0.0007 1.0000 1.0000 1.0000 0.9608 0.3287 0.1125 0.0385 0.0132 0.0045 0.0017 1.0000
0.0007 0.0048 0.0127 0.0377 0.1099 0.3213 0.9392 1.0000 1.0000 1.0000 0.0007 0.0020 0.0058 0.0170 0.0498 0.1457 0.4257 1.0000 1.0000 1.0000 1.0000 0.0009 0.0026 0.0077 0.0226 0.0660 0.1930 0.5641 1.0000 1.0000 1.0000 1.0000 0.0012 0.0035 0.0102 0.0297 0.0867 0.2528 0.7376 1.0000 1.0000 1.0000 1.0000 0.0015 0.0044 0.0127 0.0366 0.1050 0.3035 0.9943 1.0000 0.9943 0.3035 0.1050 0.0366 0.0127 0.0044 0.0015 1.0000 1.0000 1.0000 1.0000 0.7376 0.2528 0.0867 0.0297 0.0102 0.0035 0.0012 1.0000 1.0000 1.0000 1.0000 0.5641 0.1926 0.0660 0.0225 0.0077 0.0026 0.0009 1.0000 1.0000 1.0000 1.0000 0.4249 0.1457 0.0497 0.0170 0.0058 0.0020 0.0007 1.0000 1.0000 1.0000 0.9374 0.3213 0.1097 0.0376 0.0127 0.0048 0.0007
0.0020 0.0137 0.0364 0.1078 0.3146 0.9197 1.0000 1.0000 1.0000 0.0007 0.0020 0.0057 0.0167 0.0488 0.1426 0.4169 1.0000 1.0000 1.0000 1.0000 0.0009 0.0026 0.0076 0.0221 0.0647 0.1890 0.5525 1.0000 1.0000 1.0000 1.0000 0.0012 0.0034 0.0100 0.0291 0.0850 0.2481 0.7238 1.0000 1.0000 1.0000 1.0000 0.0015 0.0044 0.0127 0.0368 0.1060 0.3052 0.8804 1.0000 1.0000 1.0000 0.8820 0.3052 0.1060 0.0368 0.0127 0.0044 0.0015 1.0000 1.0000 1.0000 1.0000 0.7238 0.2481 0.0850 0.0291 0.0100 0.0034 0.0012 1.0000 1.0000 1.0000 1.0000 0.5514 0.1886 0.0645 0.0221 0.0076 0.0026 0.0009 1.0000 1.0000 1.0000 1.0000 0.4161 0.1424 0.0487 0.0167 0.0057 0.0020 0.0007 1.0000 1.0000 1.0000 0.9180 0.3141 0.1076 0.0363 0.0138 0.0020
0.0057 0.0393 0.1040 0.3087 0.9007 1.0000 1.0000 1.0000 0.0007 0.0019 0.0056 0.0163 0.0478 0.1397 0.4083 1.0000 1.0000 1.0000 1.0000 0.0009 0.0025 0.0074 0.0217 0.0633 0.1851 0.5410 1.0000 1.0000 1.0000 1.0000 0.0011 0.0034 0.0098 0.0286 0.0834 0.2434 0.7101 1.0000 1.0000 1.0000 1.0000 0.0015 0.0043 0.0126 0.0366 0.1060 0.3070 0.8820 1.0000 1.0000 1.0000 1.0000 1.0000 0.8837 0.3075 0.1060 0.0366 0.0126 0.0043 0.0015 1.0000 1.0000 1.0000 1.0000 0.7101 0.2434 0.0834 0.0286 0.0098 0.0034 0.0011 1.0000 1.0000 1.0000 1.0000 0.5400 0.1847 0.0632 0.0216 0.0074 0.0025 0.0009 1.0000 1.0000 1.0000 1.0000 0.4075 0.1394 0.0477 0.0163 0.0056 0.0019 0.0007 1.0000 1.0000 1.0000 0.8990 0.3081 0.1040 0.0392 0.0057
0.0163 0.1120 0.2978 0.8804 1.0000 1.0000 1.0000 1.0000 0.0019 0.0055 0.0160 0.0467 0.1365 0.3991 1.0000 1.0000 1.0000 1.0000 0.0008 0.0025 0.0072 0.0212 0.0619 0.1809 0.5288 1.0000 1.0000 1.0000 1.0000 0.0011 0.0033 0.0096 0.0280 0.0819 0.2388 0.6967 1.0000 1.0000 1.0000 1.0000 0.0015 0.0043 0.0125 0.0363 0.1054 0.3058 0.8854 1.0000 1.0000 1.0000 1.0000 1.0000 1.0000 1.0000 0.8837 0.3052 0.1050 0.0362 0.0124 0.0043 0.0015 1.0000 1.0000 1.0000 1.0000 0.6941 0.2379 0.0814 0.0279 0.0095 0.0033 0.0011 1.0000 1.0000 1.0000 1.0000 0.5258 0.1799 0.0615 0.0211 0.0072 0.0025 0.0008 1.0000 1.0000 1.0000 1.0000 0.3968 0.1358 0.0464 0.0159 0.0054 0.0019 1.0000 1.0000 1.0000 1.0000 0.8754 0.2955 0.1116 0.0162
0.0465 0.3213 0.8507 1.0000 1.0000 1.0000 1.0000 0.0018 0.0053 0.0156 0.0456 0.1335 0.3893 1.0000 1.0000 1.0000 1.0000 0.0008 0.0024 0.0071 0.0207 0.0605 0.1765 0.5169 1.0000 1.0000 1.0000 1.0000 0.0011 0.0032 0.0094 0.0274 0.0802 0.2339 0.6836 1.0000 1.0000 1.0000 1.0000 0.0014 0.0042 0.0122 0.0357 0.1040 0.3029 0.8804 1.0000 1.0000 1.0000 1.0000 0.0015 1.0000 1.0000 1.0000 1.0000 0.8820 0.3035 0.1040 0.0357 0.0122 0.0042 0.0014 1.0000 1.0000 1.0000 1.0000 0.6836 0.2339 0.0800 0.0274 0.0094 0.0032 0.0011 1.0000 1.0000 1.0000 1.0000 0.5159 0.1765 0.0604 0.0207 0.0071 0.0024 0.0008 1.0000 1.0000 1.0000 1.0000 0.3893 0.1332 0.0456 0.0156 0.0053 0.0018 1.0000 1.0000 1.0000 1.0000 0.8491 0.3207 0.0469
0.1335 0.9180 1.0000 1.0000 1.0000 1.0000 0.0018 0.0052 0.0153 0.0446 0.1304 0.3813 1.0000 1.0000 1.0000 1.0000 0.0008 0.0024 0.0069 0.0202 0.0591 0.1728 0.5052 1.0000 1.0000 1.0000 1.0000 0.0011 0.0031 0.0092 0.0268 0.0784 0.2290 0.6695 1.0000 1.0000 1.0000 1.0000 0.0014 0.0041 0.0120 0.0350 0.1023 0.2983 0.8687 1.0000 1.0000 1.0000 1.0000 0.0021 0.0045 0.0021 1.0000 1.0000 1.0000 1.0000 0.9943 0.3415 0.1170 0.0401 0.0138 0.0047 0.0016 1.0000 1.0000 1.0000 1.0000 0.7662 0.2621 0.0897 0.0307 0.0105 0.0036 0.0012 1.0000 1.0000 1.0000 1.0000 0.5783 0.1978 0.0677 0.0232 0.0079 0.0027 0.0009 1.0000 1.0000 1.0000 1.0000 0.4364 0.1493 0.0511 0.0175 0.0060 0.0020 1.0000 1.0000 1.0000 1.0000 1.0000 0.1566
0.3820 1.0000 1.0000 1.0000 1.0000 0.0017 0.0051 0.0150 0.0437 0.1277 0.3734 1.0000 1.0000 1.0000 1.0000 0.0008 0.0023 0.0068 0.0198 0.0579 0.1693 0.4948 1.0000 1.0000 1.0000 1.0000 0.0011 0.0031 0.0090 0.0263 0.0767 0.2243 0.6556 1.0000 1.0000 1.0000 1.0000 0.0014 0.0040 0.0118 0.0344 0.1003 0.2927 0.8540 1.0000 1.0000 1.0000 1.0000 0.0018 0.0063 0.0095 0.0017 1.0000 1.0000 1.0000 1.0000 1.0000 0.7307 0.2504 0.0860 0.0294 0.0101 0.0035 0.0012 1.0000 1.0000 1.0000 1.0000 0.5609 0.1919 0.0657 0.0225 0.0077 0.0026 0.0009 1.0000 1.0000 1.0000 1.0000 0.4233 0.1448 0.0495 0.0170 0.0058 0.0020 1.0000 1.0000 1.0000 1.0000 0.9338 0.3195 0.1093 0.0374 0.0128 0.0044 0.0015 1.0000 1.0000 1.0000 1.0000 0.3629
1.0000 1.0000 1.0000 1.0000 0.0017 0.0050 0.0146 0.0428 0.1251 0.3657 1.0000 1.0000 1.0000 1.0000 0.0008 0.0023 0.0066 0.0194 0.0567 0.1658 0.4845 1.0000 1.0000 1.0000 1.0000 0.0010 0.0030 0.0088 0.0257 0.0751 0.2196 0.6420 1.0000 1.0000 1.0000 1.0000 0.0014 0.0040 0.0116 0.0337 0.0984 0.2872 0.8379 1.0000 1.0000 1.0000 1.0000 0.0017 0.0051 0.0162 0.0375 0.0214 1.0000 1.0000 1.0000 1.0000 0.9924 0.3415 0.1173 0.0401 0.0137 0.0047 0.0016 1.0000 1.0000 1.0000 1.0000 0.7662 0.2621 0.0897 0.0307 0.0105 0.0036 0.0012 1.0000 1.0000 1.0000 1.0000 0.5783 0.1978 0.0677 0.0232 0.0079 0.0027 0.0009 1.0000 1.0000 1.0000 1.0000 0.4364 0.1493 0.0511 0.0175 0.0060 0.0020 1.0000 1.0000 1.0000 1.0000 1.0000 0.1566
1.0000 1.0000 1.0000 0.0017 0.0049 0.0143 0.0418 0.1223 0.3567 1.0000 1.0000 1.0000 1.0000 0.0008 0.0022 0.0065 0.0189 0.0554 0.1617 0.4736 1.0000 1.0000 1.0000 1.0000 0.0010 0.0029 0.0086 0.0251 0.0733 0.2147 0.6264 1.0000 1.0000 1.0000 1.0000 0.0013 0.0039 0.0113 0.0331 0.0966 0.2818 0.8221 1.0000 1.0000 1.0000 1.0000 0.0017 0.0050 0.0147 0.0453 0.1159 0.1307 1.0000 1.0000 1.0000 0.8638 0.3018 0.1042 0.0357 0.0122 0.0042 0.0014 1.0000 1.0000 1.0000 1.0000 0.6836 0.2339 0.0800 0.0274 0.0094 0.0032 0.0011 1.0000 1.0000 1.0000 1.0000 0.5159 0.1765 0.0604 0.0207 0.0071 0.0024 0.0008 1.0000 1.0000 1.0000 1.0000 0.3893 0.1332 0.0456 0.0156 0.0053 0.0018 1.0000 1.0000 1.0000 1.0000 0.8491 0.3207 0.0469
1.0000 1.0000 0.0016 0.0048 0.0139 0.0406 0.1186 0.3467 1.0000 1.0000 1.0000 1.0000 0.0007 0.0022 0.0063 0.0184 0.0538 0.1572 0.4594 1.0000 1.0000 1.0000 1.0000 0.0010 0.0029 0.0083 0.0244 0.0712 0.2083 0.6087 1.0000 1.0000 1.0000 1.0000 0.0013 0.0038 0.0110 0.0322 0.0940 0.2744 0.8005 1.0000 1.0000 1.0000 1.0000 0.0017 0.0049 0.0143 0.0419 0.1261 0.3275 0.6506 1.0000 1.0000 0.8556 0.3006 0.1054 0.0362 0.0124 0.0043 0.0015 1.0000 1.0000 1.0000 1.0000 0.6941 0.2379 0.0814 0.0279 0.0095 0.0033 0.0011 1.0000 1.0000 1.0000 1.0000 0.5258 0.1799 0.0615 0.0211 0.0072 0.0025 0.0008 1.0000 1.0000 1.0000 1.0000 0.3968 0.1358 0.0464 0.0159 0.0054 0.0019 1.0000 1.0000 1.0000 1.0000 0.8754 0.2955 0.1116 0.0162
1.0000 0.0018 0.0047 0.0139 0.0405 0.1184 0.3460 1.0000 1.0000 1.0000 1.0000 0.0007 0.0021 0.0063 0.0184 0.0537 0.1569 0.4585 1.0000 1.0000 1.0000 1.0000 0.0010 0.0028 0.0083 0.0243 0.0711 0.2079 0.6076 1.0000 1.0000 1.0000 1.0000 0.0013 0.0038 0.0110 0.0323 0.0940 0.2749 0.8005 1.0000 1.0000 1.0000 1.0000 0.0017 0.0049 0.0144 0.0420 0.1227 0.3574 1.0000 1.0000 1.0000 0.8589 0.2989 0.1066 0.0367 0.0126 0.0043 0.0015 1.0000 1.0000 1.0000 1.0000 0.7101 0.2434 0.0834 0.0286 0.0098 0.0034 0.0011 1.0000 1.0000 1.0000 1.0000 0.5400 0.1847 0.0632 0.0216 0.0074 0.0025 0.0009 1.0000 1.0000 1.0000 1.0000 0.4075 0.1394 0.0477 0.0163 0.0056 0.0019 0.0007 1.0000 1.0000 1.0000 0.8990 0.3081 0.1040 0.0392 0.0057
0.0009 0.0064 0.0166 0.0493 0.1437 0.4201 1.0000 1.0000 1.0000 1.0000 0.0009 0.0026 0.0076 0.0223 0.0652 0.1904 0.5567 1.0000 1.0000 1.0000 1.0000 0.0012 0.0035 0.0101 0.0295 0.0863 0.2524 0.7376 1.0000 1.0000 1.0000 1.0000 0.0016 0.0046 0.0134 0.0391 0.1142 0.3331 0.9719 1.0000 1.0000 1.0000 1.0000 0.0020 0.0060 0.0174 0.0507 0.1476 0.4290 1.0000 1.0000 1.0000 0.8671 0.2938 0.1066 0.0368 0.0127 0.0044 0.0015 1.0000 1.0000 1.0000 1.0000 0.7238 0.2481 0.0850 0.0291 0.0100 0.0034 0.0012 1.0000 1.0000 1.0000 1.0000 0.5514 0.1886 0.0645 0.0221 0.0076 0.0026 0.0009 1.0000 1.0000 1.0000 1.0000 0.4161 0.1424 0.0487 0.0167 0.0057 0.0020 0.0007 1.0000 1.0000 1.0000 0.9180 0.3141 0.1076 0.0363 0.0138 0.0020
