1.0000 0.0004 0.0012 0.0033 0.0095 0.0272 0.0778 0.2230 0.6372 1.0000 1.0000 1.0000 0.0004 0.0012 0.0035 0.0099 0.0284 0.0811 0.2317 0.6619 1.0000 1.0000 1.0000 0.0004 0.0013 0.0036 0.0102 0.0293 0.0836 0.2388 0.6823 1.0000 1.0000 1.0000 0.0005 0.0013 0.0037 0.0106 0.0303 0.0867 0.2476 0.7074 1.0000 1.0000 1.0000 0.0005 0.0013 0.0038 0.0110 0.0369 0.0855 0.0369 0.0110 0.0038 0.0013 0.0005 1.0000 1.0000 1.0000 0.7074 0.2476 0.0867 0.0303 0.0106 0.0037 0.0013 0.0005 1.0000 1.0000 1.0000 0.6823 0.2388 0.0836 0.0293 0.0102 0.0036 0.0013 0.0004 1.0000 1.0000 1.0000 0.6619 0.2317 0.0811 0.0284 0.0099 0.0035 0.0012 0.0004 1.0000 1.0000 1.0000 0.6372 0.2230 0.0778 0.0272 0.0095 0.0033 0.0012 0.0004 1.0000
0.0004 0.0031 0.0079 0.0230 0.0655 0.1872 0.5369 1.0000 1.0000 1.0000 1.0000 0.0010 0.0029 0.0084 0.0239 0.0682 0.1948 0.5577 1.0000 1.0000 1.0000 1.0000 0.0011 0.0030 0.0086 0.0247 0.0704 0.2012 0.5750 1.0000 1.0000 1.0000 1.0000 0.0011 0.0031 0.0089 0.0255 0.0730 0.2087 0.5961 1.0000 1.0000 1.0000 1.0000 0.0011 0.0032 0.0092 0.0263 0.0756 0.2504 0.5462 0.2504 0.0756 0.0263 0.0092 0.0032 0.0011 1.0000 1.0000 1.0000 1.0000 0.5961 0.2087 0.0730 0.0255 0.0089 0.0031 0.0011 1.0000 1.0000 1.0000 1.0000 0.5750 0.2012 0.0704 0.0247 0.0086 0.0030 0.0011 1.0000 1.0000 1.0000 1.0000 0.5577 0.1948 0.0682 0.0239 0.0084 0.0029 0.0010 1.0000 1.0000 1.0000 1.0000 0.5369 0.1872 0.0655 0.0230 0.0079 0.0031 0.0004
0.0012 0.0079 0.0208 0.0603 0.1728 0.4957 1.0000 1.0000 1.0000 1.0000 0.0009 0.0027 0.0077 0.0221 0.0632 0.1806 0.5169 1.0000 1.0000 1.0000 1.0000 0.0010 0.0028 0.0080 0.0228 0.0653 0.1865 0.5329 1.0000 1.0000 1.0000 1.0000 0.0010 0.0029 0.0083 0.0236 0.0677 0.1934 0.5525 1.0000 1.0000 1.0000 1.0000 0.0010 0.0030 0.0085 0.0245 0.0696 0.2001 0.6594 1.0000 0.6594 0.2001 0.0696 0.0245 0.0085 0.0030 0.0010 1.0000 1.0000 1.0000 1.0000 0.5525 0.1934 0.0677 0.0236 0.0083 0.0029 0.0010 1.0000 1.0000 1.0000 1.0000 0.5329 0.1865 0.0653 0.0228 0.0080 0.0028 0.0010 1.0000 1.0000 1.0000 1.0000 0.5169 0.1806 0.0632 0.0221 0.0077 0.0027 0.0009 1.0000 1.0000 1.0000 1.0000 0.4957 0.1728 0.0603 0.0208 0.0079 0.0012
0.0033 0.0230 0.0603 0.1765 0.5072 1.0000 1.0000 1.0000 1.0000 0.0010 0.0028 0.0080 0.0229 0.0657 0.1876 0.5349 1.0000 1.0000 1.0000 1.0000 0.0010 0.0029 0.0083 0.0237 0.0678 0.1937 0.5535 1.0000 1.0000 1.0000 1.0000 0.0010 0.0030 0.0086 0.0245 0.0700 0.2005 0.5739 1.0000 1.0000 1.0000 1.0000 0.0011 0.0031 0.0089 0.0254 0.0726 0.2063 0.5927 1.0000 1.0000 1.0000 0.5927 0.2063 0.0726 0.0254 0.0089 0.0031 0.0011 1.0000 1.0000 1.0000 1.0000 0.5739 0.2005 0.0700 0.0245 0.0086 0.0030 0.0010 1.0000 1.0000 1.0000 1.0000 0.5535 0.1937 0.0678 0.0237 0.0083 0.0029 0.0010 1.0000 1.0000 1.0000 1.0000 0.5349 0.1876 0.0657 0.0229 0.0080 0.0028 0.0010 1.0000 1.0000 1.0000 1.0000 0.5072 0.1765 0.0603 0.0230 0.0033
0.0095 0.0655 0.1728 0.5072 1.0000 1.0000 1.0000 1.0000 0.0010 0.0029 0.0082 0.0234 0.0669 0.1912 0.5472 1.0000 1.0000 1.0000 1.0000 0.0010 0.0030 0.0085 0.0242 0.0692 0.1978 0.5652 1.0000 1.0000 1.0000 1.0000 0.0011 0.0031 0.0087 0.0250 0.0715 0.2043 0.5849 1.0000 1.0000 1.0000 1.0000 0.0011 0.0032 0.0091 0.0259 0.0740 0.2119 0.6030 1.0000 1.0000 1.0000 1.0000 1.0000 0.6030 0.2119 0.0740 0.0259 0.0091 0.0032 0.0011 1.0000 1.0000 1.0000 1.0000 0.5849 0.2043 0.0715 0.0250 0.0087 0.0031 0.0011 1.0000 1.0000 1.0000 1.0000 0.5652 0.1978 0.0692 0.0242 0.0085 0.0030 0.0010 1.0000 1.0000 1.0000 1.0000 0.5472 0.1912 0.0669 0.0234 0.0082 0.0029 0.0010 1.0000 1.0000 1.0000 1.0000 0.5072 0.1728 0.0655 0.0095
0.0272 0.1872 0.4957 1.0000 1.0000 1.0000 1.0000 0.0010 0.0029 0.0083 0.0238 0.0682 0.1952 0.5588 1.0000 1.0000 1.0000 1.0000 0.0011 0.0030 0.0087 0.0248 0.0708 0.2024 0.5783 1.0000 1.0000 1.0000 1.0000 0.0011 0.0031 0.0089 0.0256 0.0730 0.2090 0.5984 1.0000 1.0000 1.0000 1.0000 0.0011 0.0032 0.0093 0.0265 0.0757 0.2163 0.6192 1.0000 1.0000 1.0000 1.0000 1.0000 1.0000 1.0000 0.6192 0.2163 0.0757 0.0265 0.0093 0.0032 0.0011 1.0000 1.0000 1.0000 1.0000 0.5984 0.2090 0.0730 0.0256 0.0089 0.0031 0.0011 1.0000 1.0000 1.0000 1.0000 0.5783 0.2024 0.0708 0.0248 0.0087 0.0030 0.0011 1.0000 1.0000 1.0000 1.0000 0.5588 0.1952 0.0682 0.0238 0.0083 0.0029 0.0010 1.0000 1.0000 1.0000 1.0000 0.4957 0.1872 0.0272
0.0778 0.5369 1.0000 1.0000 1.0000 1.0000 0.0010 0.0029 0.0084 0.0242 0.0694 0.1986 0.5695 1.0000 1.0000 1.0000 1.0000 0.0011 0.0031 0.0089 0.0254 0.0725 0.2071 0.5916 1.0000 1.0000 1.0000 1.0000 0.0011 0.0032 0.0092 0.0262 0.0746 0.2135 0.6111 1.0000 1.0000 1.0000 1.0000 0.0012 0.0033 0.0095 0.0271 0.0775 0.2209 0.6323 1.0000 1.0000 1.0000 1.0000 0.0010 1.0000 1.0000 1.0000 1.0000 0.6323 0.2209 0.0775 0.0271 0.0095 0.0033 0.0012 1.0000 1.0000 1.0000 1.0000 0.6111 0.2135 0.0746 0.0262 0.0092 0.0032 0.0011 1.0000 1.0000 1.0000 1.0000 0.5916 0.2071 0.0725 0.0254 0.0089 0.0031 0.0011 1.0000 1.0000 1.0000 1.0000 0.5695 0.1986 0.0694 0.0242 0.0084 0.0029 0.0010 1.0000 1.0000 1.0000 1.0000 0.5369 0.0778
0.2230 1.0000 1.0000 1.0000 1.0000 0.0010 0.0029 0.0085 0.0244 0.0702 0.2016 0.5783 1.0000 1.0000 1.0000 1.0000 0.0011 0.0032 0.0091 0.0260 0.0741 0.2119 0.6053 1.0000 1.0000 1.0000 1.0000 0.0011 0.0033 0.0094 0.0268 0.0764 0.2184 0.6240 1.0000 1.0000 1.0000 1.0000 0.0012 0.0034 0.0097 0.0277 0.0793 0.2264 0.6469 1.0000 1.0000 1.0000 1.0000 0.0014 0.0030 0.0014 1.0000 1.0000 1.0000 1.0000 0.6469 0.2264 0.0793 0.0277 0.0097 0.0034 0.0012 1.0000 1.0000 1.0000 1.0000 0.6240 0.2184 0.0764 0.0268 0.0094 0.0033 0.0011 1.0000 1.0000 1.0000 1.0000 0.6053 0.2119 0.0741 0.0260 0.0091 0.0032 0.0011 1.0000 1.0000 1.0000 1.0000 0.5783 0.2016 0.0702 0.0244 0.0085 0.0029 0.0010 1.0000 1.0000 1.0000 1.0000 0.2230
0.6372 1.0000 1.0000 1.0000 0.0010 0.0029 0.0084 0.0244 0.0704 0.2032 0.5849 1.0000 1.0000 1.0000 1.0000 0.0011 0.0032 0.0093 0.0265 0.0759 0.2167 0.6192 1.0000 1.0000 1.0000 1.0000 0.0012 0.0034 0.0096 0.0274 0.0782 0.2234 0.6372 1.0000 1.0000 1.0000 1.0000 0.0012 0.0035 0.0099 0.0284 0.0811 0.2317 0.6619 1.0000 1.0000 1.0000 1.0000 0.0013 0.0041 0.0088 0.0041 0.0013 1.0000 1.0000 1.0000 1.0000 0.6619 0.2317 0.0811 0.0284 0.0099 0.0035 0.0012 1.0000 1.0000 1.0000 1.0000 0.6372 0.2234 0.0782 0.0274 0.0096 0.0034 0.0012 1.0000 1.0000 1.0000 1.0000 0.6192 0.2167 0.0759 0.0265 0.0093 0.0032 0.0011 1.0000 1.0000 1.0000 1.0000 0.5849 0.2032 0.0704 0.0244 0.0084 0.0029 0.0010 1.0000 1.0000 1.0000 0.6372
1.0000 1.0000 1.0000 0.0010 0.0029 0.0083 0.0242 0.0702 0.2032 0.5871 1.0000 1.0000 1.0000 1.0000 0.0012 0.0033 0.0095 0.0271 0.0775 0.2213 0.6335 1.0000 1.0000 1.0000 1.0000 0.0012 0.0034 0.0098 0.0280 0.0800 0.2286 0.6531 1.0000 1.0000 1.0000 1.0000 0.0012 0.0036 0.0102 0.0290 0.0830 0.2370 0.6771 1.0000 1.0000 1.0000 1.0000 0.0013 0.0037 0.0120 0.0258 0.0120 0.0037 0.0013 1.0000 1.0000 1.0000 1.0000 0.6771 0.2370 0.0830 0.0290 0.0102 0.0036 0.0012 1.0000 1.0000 1.0000 1.0000 0.6531 0.2286 0.0800 0.0280 0.0098 0.0034 0.0012 1.0000 1.0000 1.0000 1.0000 0.6335 0.2213 0.0775 0.0271 0.0095 0.0033 0.0012 1.0000 1.0000 1.0000 1.0000 0.5871 0.2032 0.0702 0.0242 0.0083 0.0029 0.0010 1.0000 1.0000 1.0000
1.0000 1.0000 0.0009 0.0028 0.0082 0.0238 0.0694 0.2016 0.5849 1.0000 1.0000 1.0000 1.0000 0.0012 0.0034 0.0096 0.0276 0.0790 0.2260 0.6469 1.0000 1.0000 1.0000 1.0000 0.0012 0.0035 0.0100 0.0287 0.0819 0.2339 0.6682 1.0000 1.0000 1.0000 1.0000 0.0013 0.0036 0.0104 0.0297 0.0849 0.2425 0.6928 1.0000 1.0000 1.0000 1.0000 0.0013 0.0037 0.0107 0.0352 0.0753 0.0352 0.0107 0.0037 0.0013 1.0000 1.0000 1.0000 1.0000 0.6928 0.2425 0.0849 0.0297 0.0104 0.0036 0.0013 1.0000 1.0000 1.0000 1.0000 0.6682 0.2339 0.0819 0.0287 0.0100 0.0035 0.0012 1.0000 1.0000 1.0000 1.0000 0.6469 0.2260 0.0790 0.0276 0.0096 0.0034 0.0012 1.0000 1.0000 1.0000 1.0000 0.5849 0.2016 0.0694 0.0238 0.0082 0.0028 0.0009 1.0000 1.0000
1.0000 0.0010 0.0027 0.0080 0.0234 0.0682 0.1986 0.5783 1.0000 1.0000 1.0000 1.0000 0.0012 0.0034 0.0097 0.0280 0.0803 0.2303 0.6594 1.0000 1.0000 1.0000 1.0000 0.0013 0.0036 0.0103 0.0293 0.0837 0.2393 0.6836 1.0000 1.0000 1.0000 1.0000 0.0013 0.0037 0.0106 0.0304 0.0868 0.2481 0.7088 1.0000 1.0000 1.0000 1.0000 0.0013 0.0038 0.0109 0.0314 0.1028 0.2201 0.1028 0.0314 0.0109 0.0038 0.0013 1.0000 1.0000 1.0000 1.0000 0.7088 0.2481 0.0868 0.0304 0.0106 0.0037 0.0013 1.0000 1.0000 1.0000 1.0000 0.6836 0.2393 0.0837 0.0293 0.0103 0.0036 0.0013 1.0000 1.0000 1.0000 1.0000 0.6594 0.2303 0.0803 0.0280 0.0097 0.0034 0.0012 1.0000 1.0000 1.0000 1.0000 0.5783 0.1986 0.0682 0.0234 0.0080 0.0027 0.0010 1.0000
0.0004 0.0029 0.0077 0.0229 0.0669 0.1952 0.5695 1.0000 1.0000 1.0000 1.0000 0.0012 0.0034 0.0098 0.0283 0.0814 0.2339 0.6707 1.0000 1.0000 1.0000 1.0000 0.0013 0.0037 0.0105 0.0300 0.0857 0.2448 0.6994 1.0000 1.0000 1.0000 1.0000 0.0013 0.0038 0.0108 0.0310 0.0888 0.2538 0.7251 1.0000 1.0000 1.0000 1.0000 0.0014 0.0039 0.0112 0.0320 0.0918 0.3006 0.6433 0.3006 0.0918 0.0320 0.0112 0.0039 0.0014 1.0000 1.0000 1.0000 1.0000 0.7251 0.2538 0.0888 0.0310 0.0108 0.0038 0.0013 1.0000 1.0000 1.0000 1.0000 0.6994 0.2448 0.0857 0.0300 0.0105 0.0037 0.0013 1.0000 1.0000 1.0000 1.0000 0.6707 0.2339 0.0814 0.0283 0.0098 0.0034 0.0012 1.0000 1.0000 1.0000 1.0000 0.5695 0.1952 0.0669 0.0229 0.0077 0.0029 0.0004
0.0012 0.0084 0.0221 0.0657 0.1912 0.5588 1.0000 1.0000 1.0000 1.0000 0.0012 0.0034 0.0098 0.0284 0.0819 0.2361 0.6797 1.0000 1.0000 1.0000 1.0000 0.0013 0.0038 0.0107 0.0307 0.0877 0.2504 0.7155 1.0000 1.0000 1.0000 1.0000 0.0014 0.0039 0.0111 0.0317 0.0907 0.2597 0.7419 1.0000 1.0000 1.0000 1.0000 0.0014 0.0040 0.0115 0.0329 0.0935 0.2682 0.8787 1.0000 0.8787 0.2682 0.0935 0.0329 0.0115 0.0040 0.0014 1.0000 1.0000 1.0000 1.0000 0.7419 0.2597 0.0907 0.0317 0.0111 0.0039 0.0014 1.0000 1.0000 1.0000 1.0000 0.7155 0.2504 0.0877 0.0307 0.0107 0.0038 0.0013 1.0000 1.0000 1.0000 1.0000 0.6797 0.2361 0.0819 0.0284 0.0098 0.0034 0.0012 1.0000 1.0000 1.0000 1.0000 0.5588 0.1912 0.0657 0.0221 0.0084 0.0012
0.0035 0.0239 0.0632 0.1876 0.5472 1.0000 1.0000 1.0000 1.0000 0.0012 0.0034 0.0097 0.0283 0.0819 0.2370 0.6836 1.0000 1.0000 1.0000 1.0000 0.0013 0.0038 0.0109 0.0313 0.0895 0.2562 0.7321 1.0000 1.0000 1.0000 1.0000 0.0014 0.0040 0.0113 0.0324 0.0926 0.2651 0.7590 1.0000 1.0000 1.0000 1.0000 0.0014 0.0041 0.0117 0.0335 0.0960 0.2733 0.7839 1.0000 1.0000 1.0000 0.7839 0.2733 0.0960 0.0335 0.0117 0.0041 0.0014 1.0000 1.0000 1.0000 1.0000 0.7590 0.2651 0.0926 0.0324 0.0113 0.0040 0.0014 1.0000 1.0000 1.0000 1.0000 0.7321 0.2562 0.0895 0.0313 0.0109 0.0038 0.0013 1.0000 1.0000 1.0000 1.0000 0.6836 0.2370 0.0819 0.0283 0.0097 0.0034 0.0012 1.0000 1.0000 1.0000 1.0000 0.5472 0.1876 0.0632 0.0239 0.0035
0.0099 0.0682 0.1806 0.5349 1.0000 1.0000 1.0000 1.0000 0.0011 0.0033 0.0096 0.0280 0.0814 0.2361 0.6836 1.0000 1.0000 1.0000 1.0000 0.0014 0.0039 0.0112 0.0319 0.0914 0.2616 0.7475 1.0000 1.0000 1.0000 1.0000 0.0014 0.0041 0.0116 0.0331 0.0948 0.2713 0.7750 1.0000 1.0000 1.0000 1.0000 0.0015 0.0042 0.0120 0.0343 0.0981 0.2807 0.7990 1.0000 1.0000 1.0000 1.0000 1.0000 0.7990 0.2807 0.0981 0.0343 0.0120 0.0042 0.0015 1.0000 1.0000 1.0000 1.0000 0.7750 0.2713 0.0948 0.0331 0.0116 0.0041 0.0014 1.0000 1.0000 1.0000 1.0000 0.7475 0.2616 0.0914 0.0319 0.0112 0.0039 0.0014 1.0000 1.0000 1.0000 1.0000 0.6836 0.2361 0.0814 0.0280 0.0096 0.0033 0.0011 1.0000 1.0000 1.0000 1.0000 0.5349 0.1806 0.0682 0.0099
0.0284 0.1948 0.5169 1.0000 1.0000 1.0000 1.0000 0.0011 0.0032 0.0095 0.0276 0.0803 0.2339 0.6797 1.0000 1.0000 1.0000 1.0000 0.0014 0.0039 0.0113 0.0325 0.0932 0.2667 0.7633 1.0000 1.0000 1.0000 1.0000 0.0015 0.0041 0.0119 0.0338 0.0968 0.2770 0.7914 1.0000 1.0000 1.0000 1.0000 0.0015 0.0043 0.0123 0.0351 0.1001 0.2867 0.8205 1.0000 1.0000 1.0000 1.0000 1.0000 1.0000 1.0000 0.8205 0.2867 0.1001 0.0351 0.0123 0.0043 0.0015 1.0000 1.0000 1.0000 1.0000 0.7914 0.2770 0.0968 0.0339 0.0119 0.0041 0.0015 1.0000 1.0000 1.0000 1.0000 0.7633 0.2667 0.0932 0.0325 0.0113 0.0039 0.0014 1.0000 1.0000 1.0000 1.0000 0.6797 0.2339 0.0803 0.0276 0.0095 0.0032 0.0011 1.0000 1.0000 1.0000 1.0000 0.5169 0.1948 0.0284
0.0811 0.5577 1.0000 1.0000 1.0000 1.0000 0.0011 0.0032 0.0093 0.0271 0.0790 0.2303 0.6707 1.0000 1.0000 1.0000 1.0000 0.0014 0.0040 0.0114 0.0329 0.0946 0.2713 0.7780 1.0000 1.0000 1.0000 1.0000 0.0015 0.0042 0.0121 0.0347 0.0990 0.2829 0.8097 1.0000 1.0000 1.0000 1.0000 0.0015 0.0044 0.0126 0.0359 0.1026 0.2933 0.8379 1.0000 1.0000 1.0000 1.0000 0.0014 1.0000 1.0000 1.0000 1.0000 0.8379 0.2933 0.1026 0.0359 0.0126 0.0044 0.0015 1.0000 1.0000 1.0000 1.0000 0.8097 0.2829 0.0988 0.0347 0.0121 0.0042 0.0015 1.0000 1.0000 1.0000 1.0000 0.7780 0.2713 0.0946 0.0329 0.0114 0.0040 0.0014 1.0000 1.0000 1.0000 1.0000 0.6707 0.2303 0.0790 0.0271 0.0093 0.0032 0.0011 1.0000 1.0000 1.0000 1.0000 0.5577 0.0811
0.2317 1.0000 1.0000 1.0000 1.0000 0.0011 0.0031 0.0091 0.0265 0.0775 0.2260 0.6594 1.0000 1.0000 1.0000 1.0000 0.0014 0.0040 0.0115 0.0331 0.0955 0.2749 0.7899 1.0000 1.0000 1.0000 1.0000 0.0015 0.0043 0.0124 0.0355 0.1013 0.2888 0.8268 1.0000 1.0000 1.0000 1.0000 0.0016 0.0045 0.0129 0.0368 0.1050 0.3000 0.8556 1.0000 1.0000 1.0000 1.0000 0.0019 0.0040 0.0019 1.0000 1.0000 1.0000 1.0000 0.8556 0.3000 0.1050 0.0368 0.0129 0.0045 0.0016 1.0000 1.0000 1.0000 1.0000 0.8268 0.2894 0.1013 0.0355 0.0124 0.0043 0.0015 1.0000 1.0000 1.0000 1.0000 0.7899 0.2749 0.0955 0.0331 0.0115 0.0040 0.0014 1.0000 1.0000 1.0000 1.0000 0.6594 0.2260 0.0775 0.0265 0.0091 0.0031 0.0011 1.0000 1.0000 1.0000 1.0000 0.2317
0.6619 1.0000 1.0000 1.0000 0.0010 0.0030 0.0089 0.0260 0.0759 0.2213 0.6469 1.0000 1.0000 1.0000 1.0000 0.0014 0.0039 0.0114 0.0331 0.0959 0.2765 0.7975 1.0000 1.0000 1.0000 1.0000 0.0015 0.0044 0.0127 0.0362 0.1036 0.2961 0.8459 1.0000 1.0000 1.0000 1.0000 0.0016 0.0046 0.0132 0.0376 0.1074 0.3070 0.8770 1.0000 1.0000 1.0000 1.0000 0.0017 0.0055 0.0117 0.0055 0.0017 1.0000 1.0000 1.0000 1.0000 0.8770 0.3070 0.1074 0.0376 0.0132 0.0046 0.0016 1.0000 1.0000 1.0000 1.0000 0.8443 0.2961 0.1036 0.0362 0.0127 0.0044 0.0015 1.0000 1.0000 1.0000 1.0000 0.7975 0.2765 0.0959 0.0331 0.0114 0.0039 0.0014 1.0000 1.0000 1.0000 1.0000 0.6469 0.2213 0.0759 0.0260 0.0089 0.0030 0.0010 1.0000 1.0000 1.0000 0.6619
1.0000 1.0000 1.0000 0.0010 0.0030 0.0087 0.0254 0.0741 0.2167 0.6335 1.0000 1.0000 1.0000 1.0000 0.0013 0.0039 0.0113 0.0329 0.0955 0.2765 0.8005 1.0000 1.0000 1.0000 1.0000 0.0016 0.0045 0.0129 0.0370 0.1058 0.3023 0.8654 1.0000 1.0000 1.0000 1.0000 0.0016 0.0047 0.0135 0.0385 0.1099 0.3141 0.8973 1.0000 1.0000 1.0000 1.0000 0.0017 0.0049 0.0159 0.0341 0.0159 0.0049 0.0017 1.0000 1.0000 1.0000 1.0000 0.8973 0.3141 0.1099 0.0385 0.0135 0.0047 0.0016 1.0000 1.0000 1.0000 1.0000 0.8654 0.3023 0.1058 0.0370 0.0129 0.0045 0.0016 1.0000 1.0000 1.0000 1.0000 0.8005 0.2765 0.0955 0.0329 0.0113 0.0039 0.0013 1.0000 1.0000 1.0000 1.0000 0.6335 0.2167 0.0741 0.0254 0.0087 0.0030 0.0010 1.0000 1.0000 1.0000
1.0000 1.0000 0.0010 0.0029 0.0085 0.0248 0.0725 0.2119 0.6192 1.0000 1.0000 1.0000 1.0000 0.0013 0.0038 0.0112 0.0325 0.0946 0.2749 0.7975 1.0000 1.0000 1.0000 1.0000 0.0016 0.0046 0.0131 0.0377 0.1078 0.3087 0.8837 1.0000 1.0000 1.0000 1.0000 0.0017 0.0048 0.0138 0.0394 0.1125 0.3213 0.9180 1.0000 1.0000 1.0000 1.0000 0.0017 0.0050 0.0142 0.0466 0.0998 0.0466 0.0142 0.0050 0.0017 1.0000 1.0000 1.0000 1.0000 0.9180 0.3213 0.1125 0.0394 0.0138 0.0048 0.0017 1.0000 1.0000 1.0000 1.0000 0.8837 0.3087 0.1078 0.0377 0.0131 0.0046 0.0016 1.0000 1.0000 1.0000 1.0000 0.7975 0.2749 0.0946 0.0325 0.0112 0.0038 0.0013 1.0000 1.0000 1.0000 1.0000 0.6192 0.2119 0.0725 0.0248 0.0085 0.0029 0.0010 1.0000 1.0000
1.0000 0.0011 0.0028 0.0083 0.0242 0.0708 0.2071 0.6053 1.0000 1.0000 1.0000 1.0000 0.0013 0.0038 0.0109 0.0319 0.0932 0.2713 0.7899 1.0000 1.0000 1.0000 1.0000 0.0016 0.0046 0.0133 0.0383 0.1097 0.3146 0.9007 1.0000 1.0000 1.0000 1.0000 0.0017 0.0049 0.0141 0.0403 0.1151 0.3287 0.9392 1.0000 1.0000 1.0000 1.0000 0.0018 0.0051 0.0145 0.0416 0.1363 0.2916 0.1363 0.0416 0.0145 0.0051 0.0018 1.0000 1.0000 1.0000 1.0000 0.9392 0.3287 0.1151 0.0403 0.0141 0.0049 0.0017 1.0000 1.0000 1.0000 1.0000 0.9007 0.3146 0.1097 0.0383 0.0133 0.0046 0.0016 1.0000 1.0000 1.0000 1.0000 0.7899 0.2713 0.0932 0.0319 0.0109 0.0038 0.0013 1.0000 1.0000 1.0000 1.0000 0.6053 0.2071 0.0708 0.0242 0.0083 0.0028 0.0011 1.0000
0.0004 0.0030 0.0080 0.0237 0.0692 0.2024 0.5916 1.0000 1.0000 1.0000 1.0000 0.0013 0.0037 0.0107 0.0313 0.0914 0.2667 0.7780 1.0000 1.0000 1.0000 1.0000 0.0016 0.0046 0.0134 0.0386 0.1112 0.3195 0.9162 1.0000 1.0000 1.0000 1.0000 0.0018 0.0050 0.0144 0.0411 0.1177 0.3363 0.9608 1.0000 1.0000 1.0000 1.0000 0.0018 0.0052 0.0149 0.0424 0.1216 0.3983 0.8524 0.3983 0.1216 0.0424 0.0149 0.0052 0.0018 1.0000 1.0000 1.0000 1.0000 0.9608 0.3363 0.1177 0.0411 0.0144 0.0050 0.0018 1.0000 1.0000 1.0000 1.0000 0.9162 0.3195 0.1112 0.0386 0.0134 0.0046 0.0016 1.0000 1.0000 1.0000 1.0000 0.7780 0.2667 0.0914 0.0313 0.0107 0.0037 0.0013 1.0000 1.0000 1.0000 1.0000 0.5916 0.2024 0.0692 0.0237 0.0080 0.0030 0.0004
0.0013 0.0086 0.0228 0.0678 0.1978 0.5783 1.0000 1.0000 1.0000 1.0000 0.0012 0.0036 0.0105 0.0307 0.0895 0.2616 0.7633 1.0000 1.0000 1.0000 1.0000 0.0016 0.0046 0.0134 0.0388 0.1118 0.3225 0.9285 1.0000 1.0000 1.0000 1.0000 0.0018 0.0051 0.0147 0.0420 0.1202 0.3434 0.9830 1.0000 1.0000 1.0000 0.0007 0.0019 0.0053 0.0152 0.0435 0.1239 0.3554 1.0000 1.0000 1.0000 0.3554 0.1239 0.0435 0.0152 0.0053 0.0019 0.0007 1.0000 1.0000 1.0000 0.9830 0.3434 0.1202 0.0420 0.0147 0.0051 0.0018 1.0000 1.0000 1.0000 1.0000 0.9285 0.3225 0.1118 0.0388 0.0134 0.0046 0.0016 1.0000 1.0000 1.0000 1.0000 0.7633 0.2616 0.0895 0.0307 0.0105 0.0036 0.0012 1.0000 1.0000 1.0000 1.0000 0.5783 0.1978 0.0678 0.0228 0.0086 0.0013
0.0036 0.0247 0.0653 0.1937 0.5652 1.0000 1.0000 1.0000 1.0000 0.0012 0.0035 0.0103 0.0300 0.0877 0.2562 0.7475 1.0000 1.0000 1.0000 1.0000 0.0016 0.0046 0.0133 0.0386 0.1118 0.3238 0.9338 1.0000 1.0000 1.0000 1.0000 0.0018 0.0052 0.0150 0.0428 0.1225 0.3507 1.0000 1.0000 1.0000 1.0000 0.0007 0.0019 0.0054 0.0156 0.0445 0.1273 0.3622 1.0000 1.0000 1.0000 1.0000 1.0000 0.3622 0.1273 0.0445 0.0156 0.0054 0.0019 0.0007 1.0000 1.0000 1.0000 1.0000 0.3507 0.1225 0.0428 0.0150 0.0052 0.0018 1.0000 1.0000 1.0000 1.0000 0.9338 0.3238 0.1118 0.0386 0.0133 0.0046 0.0016 1.0000 1.0000 1.0000 1.0000 0.7475 0.2562 0.0877 0.0300 0.0103 0.0035 0.0012 1.0000 1.0000 1.0000 1.0000 0.5652 0.1937 0.0653 0.0247 0.0036
0.0102 0.0704 0.1865 0.5535 1.0000 1.0000 1.0000 1.0000 0.0012 0.0034 0.0100 0.0293 0.0857 0.2504 0.7321 1.0000 1.0000 1.0000 1.0000 0.0015 0.0045 0.0131 0.0383 0.1112 0.3225 0.9338 1.0000 1.0000 1.0000 0.0006 0.0019 0.0053 0.0152 0.0436 0.1249 0.3574 1.0000 1.0000 1.0000 1.0000 0.0007 0.0020 0.0056 0.0159 0.0454 0.1299 0.3720 1.0000 1.0000 1.0000 1.0000 1.0000 1.0000 1.0000 0.3720 0.1299 0.0454 0.0159 0.0056 0.0020 0.0007 1.0000 1.0000 1.0000 1.0000 0.3574 0.1249 0.0436 0.0152 0.0053 0.0019 0.0006 1.0000 1.0000 1.0000 0.9338 0.3225 0.1112 0.0383 0.0131 0.0045 0.0015 1.0000 1.0000 1.0000 1.0000 0.7321 0.2504 0.0857 0.0293 0.0100 0.0034 0.0012 1.0000 1.0000 1.0000 1.0000 0.5535 0.1865 0.0704 0.0102
0.0293 0.2012 0.5329 1.0000 1.0000 1.0000 1.0000 0.0011 0.0034 0.0098 0.0287 0.0837 0.2448 0.7155 1.0000 1.0000 1.0000 1.0000 0.0015 0.0044 0.0129 0.0377 0.1097 0.3195 0.9285 1.0000 1.0000 1.0000 0.0006 0.0019 0.0054 0.0155 0.0444 0.1273 0.3643 1.0000 1.0000 1.0000 1.0000 0.0007 0.0020 0.0057 0.0163 0.0465 0.1329 0.3798 1.0000 1.0000 1.0000 1.0000 1.0000 1.0000 1.0000 1.0000 1.0000 0.3798 0.1329 0.0465 0.0163 0.0057 0.0020 0.0007 1.0000 1.0000 1.0000 1.0000 0.3643 0.1273 0.0444 0.0155 0.0054 0.0019 0.0006 1.0000 1.0000 1.0000 0.9285 0.3195 0.1097 0.0377 0.0129 0.0044 0.0015 1.0000 1.0000 1.0000 1.0000 0.7155 0.2448 0.0837 0.0287 0.0098 0.0034 0.0011 1.0000 1.0000 1.0000 1.0000 0.5329 0.2012 0.0293
0.0836 0.5750 1.0000 1.0000 1.0000 1.0000 0.0011 0.0033 0.0096 0.0280 0.0819 0.2393 0.6994 1.0000 1.0000 1.0000 1.0000 0.0015 0.0043 0.0127 0.0370 0.1078 0.3146 0.9162 1.0000 1.0000 1.0000 0.0006 0.0019 0.0054 0.0156 0.0450 0.1292 0.3706 1.0000 1.0000 1.0000 1.0000 0.0007 0.0020 0.0058 0.0166 0.0476 0.1360 0.3879 1.0000 1.0000 1.0000 1.0000 0.0008 0.0018 0.0008 1.0000 1.0000 1.0000 1.0000 0.3879 0.1360 0.0476 0.0166 0.0058 0.0020 0.0007 1.0000 1.0000 1.0000 1.0000 0.3706 0.1292 0.0450 0.0156 0.0054 0.0019 0.0006 1.0000 1.0000 1.0000 0.9162 0.3146 0.1078 0.0370 0.0127 0.0043 0.0015 1.0000 1.0000 1.0000 1.0000 0.6994 0.2393 0.0819 0.0280 0.0096 0.0033 0.0011 1.0000 1.0000 1.0000 1.0000 0.5750 0.0836
0.2388 1.0000 1.0000 1.0000 1.0000 0.0011 0.0032 0.0094 0.0274 0.0800 0.2339 0.6836 1.0000 1.0000 1.0000 1.0000 0.0015 0.0042 0.0124 0.0362 0.1058 0.3087 0.9007 1.0000 1.0000 1.0000 0.0006 0.0019 0.0054 0.0157 0.0452 0.1304 0.3755 1.0000 1.0000 1.0000 1.0000 0.0007 0.0021 0.0059 0.0170 0.0486 0.1389 0.3976 1.0000 1.0000 1.0000 1.0000 0.0008 0.0025 0.0053 0.0025 0.0008 1.0000 1.0000 1.0000 1.0000 0.3976 0.1389 0.0486 0.0170 0.0059 0.0021 0.0007 1.0000 1.0000 1.0000 1.0000 0.3755 0.1304 0.0452 0.0157 0.0054 0.0019 0.0006 1.0000 1.0000 1.0000 0.9007 0.3087 0.1058 0.0362 0.0124 0.0042 0.0015 1.0000 1.0000 1.0000 1.0000 0.6836 0.2339 0.0800 0.0274 0.0094 0.0032 0.0011 1.0000 1.0000 1.0000 1.0000 0.2388
0.6823 1.0000 1.0000 1.0000 0.0011 0.0031 0.0092 0.0268 0.0782 0.2286 0.6682 1.0000 1.0000 1.0000 1.0000 0.0014 0.0041 0.0121 0.0355 0.1036 0.3023 0.8837 1.0000 1.0000 1.0000 1.0000 0.0019 0.0054 0.0156 0.0452 0.1309 0.3777 1.0000 1.0000 1.0000 1.0000 0.0007 0.0021 0.0060 0.0173 0.0495 0.1418 0.4060 1.0000 1.0000 1.0000 1.0000 0.0008 0.0022 0.0072 0.0155 0.0072 0.0022 0.0008 1.0000 1.0000 1.0000 1.0000 0.4060 0.1418 0.0495 0.0173 0.0060 0.0021 0.0007 1.0000 1.0000 1.0000 1.0000 0.3777 0.1309 0.0452 0.0156 0.0054 0.0019 1.0000 1.0000 1.0000 1.0000 0.8837 0.3023 0.1036 0.0355 0.0121 0.0041 0.0014 1.0000 1.0000 1.0000 1.0000 0.6682 0.2286 0.0782 0.0268 0.0092 0.0031 0.0011 1.0000 1.0000 1.0000 0.6823
1.0000 1.0000 1.0000 0.0010 0.0031 0.0089 0.0262 0.0764 0.2234 0.6531 1.0000 1.0000 1.0000 1.0000 0.0014 0.0041 0.0119 0.0347 0.1013 0.2961 0.8654 1.0000 1.0000 1.0000 1.0000 0.0018 0.0053 0.0155 0.0450 0.1304 0.3777 1.0000 1.0000 1.0000 1.0000 0.0007 0.0021 0.0062 0.0176 0.0505 0.1445 0.4138 1.0000 1.0000 1.0000 1.0000 0.0008 0.0022 0.0065 0.0211 0.0452 0.0211 0.0065 0.0022 0.0008 1.0000 1.0000 1.0000 1.0000 0.4138 0.1445 0.0505 0.0176 0.0062 0.0021 0.0007 1.0000 1.0000 1.0000 1.0000 0.3777 0.1304 0.0450 0.0155 0.0053 0.0018 1.0000 1.0000 1.0000 1.0000 0.8654 0.2961 0.1013 0.0347 0.0119 0.0041 0.0014 1.0000 1.0000 1.0000 1.0000 0.6531 0.2234 0.0764 0.0262 0.0089 0.0031 0.0010 1.0000 1.0000 1.0000
1.0000 1.0000 0.0010 0.0030 0.0087 0.0256 0.0746 0.2184 0.6372 1.0000 1.0000 1.0000 1.0000 0.0014 0.0040 0.0116 0.0338 0.0990 0.2888 0.8443 1.0000 1.0000 1.0000 1.0000 0.0018 0.0052 0.0152 0.0444 0.1292 0.3755 1.0000 1.0000 1.0000 1.0000 0.0008 0.0022 0.0063 0.0179 0.0515 0.1473 0.4217 1.0000 1.0000 1.0000 1.0000 0.0008 0.0023 0.0066 0.0189 0.0618 0.1322 0.0618 0.0189 0.0066 0.0023 0.0008 1.0000 1.0000 1.0000 1.0000 0.4217 0.1473 0.0515 0.0179 0.0063 0.0022 0.0008 1.0000 1.0000 1.0000 1.0000 0.3755 0.1292 0.0444 0.0152 0.0052 0.0018 1.0000 1.0000 1.0000 1.0000 0.8443 0.2894 0.0988 0.0339 0.0116 0.0040 0.0014 1.0000 1.0000 1.0000 1.0000 0.6372 0.2184 0.0746 0.0256 0.0087 0.0030 0.0010 1.0000 1.0000
1.0000 0.0011 0.0029 0.0086 0.0250 0.0730 0.2135 0.6240 1.0000 1.0000 1.0000 1.0000 0.0013 0.0039 0.0113 0.0331 0.0968 0.2829 0.8268 1.0000 1.0000 1.0000 1.0000 0.0018 0.0051 0.0150 0.0436 0.1273 0.3706 1.0000 1.0000 1.0000 1.0000 0.0008 0.0022 0.0063 0.0182 0.0523 0.1499 0.4298 1.0000 1.0000 1.0000 1.0000 0.0008 0.0024 0.0067 0.0192 0.0551 0.1806 0.3871 0.1806 0.0551 0.0192 0.0067 0.0024 0.0008 1.0000 1.0000 1.0000 1.0000 0.4298 0.1499 0.0523 0.0182 0.0063 0.0022 0.0008 1.0000 1.0000 1.0000 1.0000 0.3706 0.1273 0.0436 0.0150 0.0051 0.0018 1.0000 1.0000 1.0000 1.0000 0.8268 0.2829 0.0968 0.0331 0.0113 0.0039 0.0013 1.0000 1.0000 1.0000 1.0000 0.6240 0.2135 0.0730 0.0250 0.0086 0.0029 0.0011 1.0000
0.0005 0.0031 0.0083 0.0245 0.0715 0.2090 0.6111 1.0000 1.0000 1.0000 1.0000 0.0013 0.0038 0.0111 0.0324 0.0948 0.2770 0.8097 1.0000 1.0000 1.0000 1.0000 0.0017 0.0050 0.0147 0.0428 0.1249 0.3643 1.0000 1.0000 1.0000 1.0000 0.0008 0.0022 0.0063 0.0183 0.0528 0.1519 0.4364 1.0000 1.0000 1.0000 1.0000 0.0008 0.0024 0.0069 0.0197 0.0561 0.1611 0.5278 1.0000 0.5278 0.1611 0.0561 0.0197 0.0069 0.0024 0.0008 1.0000 1.0000 1.0000 1.0000 0.4364 0.1519 0.0528 0.0183 0.0063 0.0022 0.0008 1.0000 1.0000 1.0000 1.0000 0.3643 0.1249 0.0428 0.0147 0.0050 0.0017 1.0000 1.0000 1.0000 1.0000 0.8097 0.2770 0.0948 0.0324 0.0111 0.0038 0.0013 1.0000 1.0000 1.0000 1.0000 0.6111 0.2090 0.0715 0.0245 0.0083 0.0031 0.0005
0.0013 0.0089 0.0236 0.0700 0.2043 0.5984 1.0000 1.0000 1.0000 1.0000 0.0013 0.0037 0.0108 0.0317 0.0926 0.2713 0.7914 1.0000 1.0000 1.0000 1.0000 0.0017 0.0049 0.0144 0.0420 0.1225 0.3574 1.0000 1.0000 1.0000 1.0000 0.0007 0.0022 0.0063 0.0183 0.0530 0.1527 0.4406 1.0000 1.0000 1.0000 1.0000 0.0009 0.0024 0.0070 0.0200 0.0574 0.1636 0.4700 1.0000 1.0000 1.0000 0.4700 0.1636 0.0574 0.0200 0.0070 0.0024 0.0009 1.0000 1.0000 1.0000 1.0000 0.4406 0.1527 0.0530 0.0183 0.0063 0.0022 0.0007 1.0000 1.0000 1.0000 1.0000 0.3574 0.1225 0.0420 0.0144 0.0049 0.0017 1.0000 1.0000 1.0000 1.0000 0.7914 0.2713 0.0926 0.0317 0.0108 0.0037 0.0013 1.0000 1.0000 1.0000 1.0000 0.5984 0.2043 0.0700 0.0236 0.0089 0.0013
0.0037 0.0255 0.0677 0.2005 0.5849 1.0000 1.0000 1.0000 1.0000 0.0012 0.0036 0.0106 0.0310 0.0907 0.2651 0.7750 1.0000 1.0000 1.0000 1.0000 0.0016 0.0048 0.0141 0.0411 0.1202 0.3507 1.0000 1.0000 1.0000 1.0000 0.0007 0.0021 0.0063 0.0182 0.0528 0.1527 0.4423 1.0000 1.0000 1.0000 1.0000 0.0009 0.0025 0.0071 0.0204 0.0585 0.1673 0.4772 1.0000 1.0000 1.0000 1.0000 1.0000 0.4772 0.1673 0.0585 0.0204 0.0071 0.0025 0.0009 1.0000 1.0000 1.0000 1.0000 0.4423 0.1527 0.0528 0.0182 0.0063 0.0021 0.0007 1.0000 1.0000 1.0000 1.0000 0.3507 0.1202 0.0411 0.0141 0.0048 0.0016 1.0000 1.0000 1.0000 1.0000 0.7750 0.2651 0.0907 0.0310 0.0106 0.0036 0.0012 1.0000 1.0000 1.0000 1.0000 0.5849 0.2005 0.0677 0.0255 0.0037
0.0106 0.0730 0.1934 0.5739 1.0000 1.0000 1.0000 1.0000 0.0012 0.0036 0.0104 0.0304 0.0888 0.2597 0.7590 1.0000 1.0000 1.0000 1.0000 0.0016 0.0047 0.0138 0.0403 0.1177 0.3434 1.0000 1.0000 1.0000 1.0000 0.0007 0.0021 0.0062 0.0179 0.0523 0.1519 0.4406 1.0000 1.0000 1.0000 1.0000 0.0009 0.0025 0.0073 0.0208 0.0596 0.1706 0.4882 1.0000 1.0000 1.0000 1.0000 1.0000 1.0000 1.0000 0.4882 0.1706 0.0596 0.0208 0.0073 0.0025 0.0009 1.0000 1.0000 1.0000 1.0000 0.4406 0.1519 0.0523 0.0179 0.0062 0.0021 0.0007 1.0000 1.0000 1.0000 1.0000 0.3434 0.1177 0.0403 0.0138 0.0047 0.0016 1.0000 1.0000 1.0000 1.0000 0.7590 0.2597 0.0888 0.0304 0.0104 0.0036 0.0012 1.0000 1.0000 1.0000 1.0000 0.5739 0.1934 0.0730 0.0106
0.0303 0.2087 0.5525 1.0000 1.0000 1.0000 1.0000 0.0012 0.0035 0.0102 0.0297 0.0868 0.2538 0.7419 1.0000 1.0000 1.0000 1.0000 0.0016 0.0046 0.0135 0.0394 0.1151 0.3363 0.9830 1.0000 1.0000 1.0000 0.0007 0.0021 0.0060 0.0176 0.0515 0.1499 0.4364 1.0000 1.0000 1.0000 1.0000 0.0009 0.0026 0.0074 0.0211 0.0606 0.1738 0.4976 1.0000 1.0000 1.0000 1.0000 1.0000 1.0000 1.0000 1.0000 1.0000 0.4976 0.1738 0.0606 0.0211 0.0074 0.0026 0.0009 1.0000 1.0000 1.0000 1.0000 0.4364 0.1499 0.0515 0.0176 0.0060 0.0021 0.0007 1.0000 1.0000 1.0000 0.9830 0.3363 0.1151 0.0394 0.0135 0.0046 0.0016 1.0000 1.0000 1.0000 1.0000 0.7419 0.2538 0.0868 0.0297 0.0102 0.0035 0.0012 1.0000 1.0000 1.0000 1.0000 0.5525 0.2087 0.0303
0.0867 0.5961 1.0000 1.0000 1.0000 1.0000 0.0012 0.0034 0.0099 0.0290 0.0849 0.2481 0.7251 1.0000 1.0000 1.0000 1.0000 0.0015 0.0045 0.0132 0.0385 0.1125 0.3287 0.9608 1.0000 1.0000 1.0000 0.0007 0.0020 0.0059 0.0173 0.0505 0.1473 0.4298 1.0000 1.0000 1.0000 1.0000 0.0009 0.0026 0.0074 0.0213 0.0614 0.1765 0.5062 1.0000 1.0000 1.0000 1.0000 0.0011 0.0024 0.0011 1.0000 1.0000 1.0000 1.0000 0.5062 0.1765 0.0614 0.0213 0.0074 0.0026 0.0009 1.0000 1.0000 1.0000 1.0000 0.4298 0.1473 0.0505 0.0173 0.0059 0.0020 0.0007 1.0000 1.0000 1.0000 0.9608 0.3287 0.1125 0.0385 0.0132 0.0045 0.0015 1.0000 1.0000 1.0000 1.0000 0.7251 0.2481 0.0849 0.0290 0.0099 0.0034 0.0012 1.0000 1.0000 1.0000 1.0000 0.5961 0.0867
0.2476 1.0000 1.0000 1.0000 1.0000 0.0011 0.0033 0.0097 0.0284 0.0830 0.2425 0.7088 1.0000 1.0000 1.0000 1.0000 0.0015 0.0044 0.0129 0.0376 0.1099 0.3213 0.9392 1.0000 1.0000 1.0000 0.0007 0.0020 0.0058 0.0170 0.0495 0.1445 0.4217 1.0000 1.0000 1.0000 1.0000 0.0009 0.0026 0.0074 0.0214 0.0618 0.1782 0.5130 1.0000 1.0000 1.0000 1.0000 0.0010 0.0032 0.0069 0.0032 0.0010 1.0000 1.0000 1.0000 1.0000 0.5130 0.1782 0.0618 0.0214 0.0074 0.0026 0.0009 1.0000 1.0000 1.0000 1.0000 0.4217 0.1445 0.0495 0.0170 0.0058 0.0020 0.0007 1.0000 1.0000 1.0000 0.9392 0.3213 0.1099 0.0376 0.0129 0.0044 0.0015 1.0000 1.0000 1.0000 1.0000 0.7088 0.2425 0.0830 0.0284 0.0097 0.0033 0.0011 1.0000 1.0000 1.0000 1.0000 0.2476
0.7074 1.0000 1.0000 1.0000 0.0011 0.0032 0.0095 0.0277 0.0811 0.2370 0.6928 1.0000 1.0000 1.0000 1.0000 0.0015 0.0043 0.0126 0.0368 0.1074 0.3141 0.9180 1.0000 1.0000 1.0000 0.0007 0.0020 0.0057 0.0166 0.0486 0.1418 0.4138 1.0000 1.0000 1.0000 1.0000 0.0009 0.0025 0.0074 0.0213 0.0618 0.1789 0.5159 1.0000 1.0000 1.0000 1.0000 0.0010 0.0029 0.0095 0.0202 0.0095 0.0029 0.0010 1.0000 1.0000 1.0000 1.0000 0.5159 0.1789 0.0618 0.0213 0.0074 0.0025 0.0009 1.0000 1.0000 1.0000 1.0000 0.4138 0.1418 0.0486 0.0166 0.0057 0.0020 0.0007 1.0000 1.0000 1.0000 0.9180 0.3141 0.1074 0.0368 0.0126 0.0043 0.0015 1.0000 1.0000 1.0000 1.0000 0.6928 0.2370 0.0811 0.0277 0.0095 0.0032 0.0011 1.0000 1.0000 1.0000 0.7074
1.0000 1.0000 1.0000 0.0011 0.0032 0.0093 0.0271 0.0793 0.2317 0.6771 1.0000 1.0000 1.0000 1.0000 0.0014 0.0042 0.0123 0.0359 0.1050 0.3070 0.8973 1.0000 1.0000 1.0000 0.0007 0.0019 0.0056 0.0163 0.0476 0.1389 0.4060 1.0000 1.0000 1.0000 1.0000 0.0009 0.0025 0.0073 0.0211 0.0614 0.1782 0.5159 1.0000 1.0000 1.0000 1.0000 0.0010 0.0029 0.0084 0.0276 0.0590 0.0276 0.0084 0.0029 0.0010 1.0000 1.0000 1.0000 1.0000 0.5159 0.1782 0.0614 0.0211 0.0073 0.0025 0.0009 1.0000 1.0000 1.0000 1.0000 0.4060 0.1389 0.0476 0.0163 0.0056 0.0019 0.0007 1.0000 1.0000 1.0000 0.8973 0.3070 0.1050 0.0359 0.0123 0.0042 0.0014 1.0000 1.0000 1.0000 1.0000 0.6771 0.2317 0.0793 0.0271 0.0093 0.0032 0.0011 1.0000 1.0000 1.0000
1.0000 1.0000 0.0010 0.0031 0.0090 0.0265 0.0773 0.2264 0.6606 1.0000 1.0000 1.0000 1.0000 0.0014 0.0041 0.0120 0.0350 0.1026 0.2995 0.8770 1.0000 1.0000 1.0000 1.0000 0.0019 0.0054 0.0159 0.0465 0.1358 0.3976 1.0000 1.0000 1.0000 1.0000 0.0008 0.0024 0.0071 0.0208 0.0606 0.1765 0.5130 1.0000 1.0000 1.0000 1.0000 0.0010 0.0030 0.0085 0.0245 0.0805 0.1722 0.0805 0.0245 0.0085 0.0030 0.0010 1.0000 1.0000 1.0000 1.0000 0.5130 0.1765 0.0606 0.0208 0.0071 0.0024 0.0008 1.0000 1.0000 1.0000 1.0000 0.3976 0.1360 0.0465 0.0159 0.0054 0.0019 1.0000 1.0000 1.0000 1.0000 0.8770 0.3000 0.1026 0.0351 0.0120 0.0041 0.0014 1.0000 1.0000 1.0000 1.0000 0.6619 0.2264 0.0775 0.0265 0.0091 0.0031 0.0010 1.0000 1.0000
1.0000 0.0011 0.0030 0.0089 0.0259 0.0757 0.2213 0.6469 1.0000 1.0000 1.0000 1.0000 0.0014 0.0040 0.0117 0.0343 0.1003 0.2933 0.8572 1.0000 1.0000 1.0000 1.0000 0.0018 0.0053 0.0156 0.0455 0.1329 0.3886 1.0000 1.0000 1.0000 1.0000 0.0008 0.0024 0.0070 0.0204 0.0596 0.1738 0.5062 1.0000 1.0000 1.0000 1.0000 0.0010 0.0030 0.0086 0.0247 0.0715 0.2343 0.5024 0.2343 0.0715 0.0247 0.0086 0.0030 0.0010 1.0000 1.0000 1.0000 1.0000 0.5062 0.1738 0.0596 0.0204 0.0070 0.0024 0.0008 1.0000 1.0000 1.0000 1.0000 0.3879 0.1329 0.0454 0.0156 0.0053 0.0018 1.0000 1.0000 1.0000 1.0000 0.8556 0.2933 0.1001 0.0343 0.0117 0.0040 0.0014 1.0000 1.0000 1.0000 1.0000 0.6469 0.2209 0.0757 0.0259 0.0089 0.0030 0.0011 1.0000
0.0005 0.0032 0.0086 0.0254 0.0741 0.2167 0.6335 1.0000 1.0000 1.0000 1.0000 0.0013 0.0039 0.0115 0.0336 0.0983 0.2872 0.8395 1.0000 1.0000 1.0000 1.0000 0.0018 0.0052 0.0152 0.0445 0.1302 0.3806 1.0000 1.0000 1.0000 1.0000 0.0008 0.0024 0.0069 0.0200 0.0585 0.1706 0.4976 1.0000 1.0000 1.0000 1.0000 0.0010 0.0030 0.0087 0.0250 0.0719 0.2075 0.6836 1.0000 0.6836 0.2079 0.0719 0.0250 0.0087 0.0030 0.0010 1.0000 1.0000 1.0000 1.0000 0.4976 0.1706 0.0585 0.0200 0.0069 0.0024 0.0008 1.0000 1.0000 1.0000 1.0000 0.3798 0.1299 0.0445 0.0152 0.0052 0.0018 1.0000 1.0000 1.0000 1.0000 0.8379 0.2867 0.0981 0.0335 0.0115 0.0039 0.0013 1.0000 1.0000 1.0000 1.0000 0.6323 0.2163 0.0740 0.0254 0.0085 0.0032 0.0005
0.0013 0.0093 0.0245 0.0728 0.2123 0.6204 1.0000 1.0000 1.0000 1.0000 0.0013 0.0039 0.0113 0.0329 0.0962 0.2813 0.8221 1.0000 1.0000 1.0000 1.0000 0.0017 0.0051 0.0149 0.0436 0.1275 0.3727 1.0000 1.0000 1.0000 1.0000 0.0008 0.0023 0.0067 0.0197 0.0574 0.1673 0.4882 1.0000 1.0000 1.0000 1.0000 0.0010 0.0030 0.0086 0.0250 0.0723 0.2079 0.6030 1.0000 1.0000 1.0000 0.6018 0.2083 0.0725 0.0250 0.0086 0.0030 0.0010 1.0000 1.0000 1.0000 1.0000 0.4882 0.1673 0.0574 0.0197 0.0067 0.0023 0.0008 1.0000 1.0000 1.0000 1.0000 0.3720 0.1273 0.0435 0.0149 0.0051 0.0017 1.0000 1.0000 1.0000 1.0000 0.8205 0.2807 0.0960 0.0329 0.0112 0.0038 0.0013 1.0000 1.0000 1.0000 1.0000 0.6192 0.2119 0.0726 0.0245 0.0092 0.0013
0.0038 0.0264 0.0702 0.2075 0.6064 1.0000 1.0000 1.0000 1.0000 0.0013 0.0038 0.0110 0.0322 0.0940 0.2749 0.8036 1.0000 1.0000 1.0000 1.0000 0.0017 0.0050 0.0146 0.0426 0.1246 0.3643 1.0000 1.0000 1.0000 1.0000 0.0008 0.0023 0.0066 0.0193 0.0563 0.1642 0.4790 1.0000 1.0000 1.0000 1.0000 0.0010 0.0029 0.0085 0.0248 0.0721 0.2087 0.6018 1.0000 1.0000 1.0000 1.0000 1.0000 0.5961 0.2083 0.0719 0.0247 0.0085 0.0029 0.0010 1.0000 1.0000 1.0000 1.0000 0.4772 0.1636 0.0561 0.0192 0.0066 0.0022 0.0008 1.0000 1.0000 1.0000 1.0000 0.3622 0.1239 0.0424 0.0145 0.0050 0.0017 1.0000 1.0000 1.0000 1.0000 0.7990 0.2733 0.0935 0.0320 0.0109 0.0037 0.0013 1.0000 1.0000 1.0000 1.0000 0.6030 0.2063 0.0696 0.0263 0.0038
0.0110 0.0757 0.2005 0.5927 1.0000 1.0000 1.0000 1.0000 0.0013 0.0037 0.0107 0.0314 0.0918 0.2687 0.7839 1.0000 1.0000 1.0000 1.0000 0.0017 0.0049 0.0143 0.0416 0.1218 0.3554 1.0000 1.0000 1.0000 1.0000 0.0008 0.0022 0.0065 0.0189 0.0551 0.1611 0.4700 1.0000 1.0000 1.0000 1.0000 0.0010 0.0029 0.0084 0.0245 0.0714 0.2075 0.6018 1.0000 1.0000 1.0000 1.0000 1.0000 1.0000 1.0000 0.5984 0.2079 0.0715 0.0245 0.0084 0.0029 0.0010 1.0000 1.0000 1.0000 1.0000 0.4700 0.1611 0.0551 0.0189 0.0065 0.0022 0.0008 1.0000 1.0000 1.0000 1.0000 0.3554 0.1216 0.0416 0.0142 0.0049 0.0017 1.0000 1.0000 1.0000 1.0000 0.7839 0.2682 0.0918 0.0314 0.0107 0.0037 0.0013 1.0000 1.0000 1.0000 1.0000 0.5927 0.2001 0.0756 0.0110
0.0314 0.2163 0.5717 1.0000 1.0000 1.0000 1.0000 0.0012 0.0036 0.0105 0.0307 0.0899 0.2626 0.7677 1.0000 1.0000 1.0000 1.0000 0.0016 0.0048 0.0139 0.0407 0.1191 0.3480 1.0000 1.0000 1.0000 1.0000 0.0007 0.0022 0.0063 0.0185 0.0540 0.1578 0.4611 1.0000 1.0000 1.0000 1.0000 0.0010 0.0028 0.0083 0.0241 0.0703 0.2047 0.5961 1.0000 1.0000 1.0000 1.0000 0.0011 1.0000 1.0000 1.0000 1.0000 0.6810 0.2343 0.0805 0.0276 0.0095 0.0032 0.0011 1.0000 1.0000 1.0000 1.0000 0.5278 0.1806 0.0618 0.0211 0.0072 0.0025 0.0008 1.0000 1.0000 1.0000 1.0000 0.3983 0.1363 0.0466 0.0159 0.0055 0.0019 1.0000 1.0000 1.0000 1.0000 0.8787 0.3006 0.1028 0.0352 0.0120 0.0041 0.0014 1.0000 1.0000 1.0000 1.0000 0.6594 0.2504 0.0369
0.0900 0.6181 1.0000 1.0000 1.0000 1.0000 0.0012 0.0035 0.0103 0.0301 0.0880 0.2572 0.7518 1.0000 1.0000 1.0000 1.0000 0.0016 0.0047 0.0136 0.0399 0.1166 0.3408 0.9962 1.0000 1.0000 1.0000 0.0007 0.0021 0.0062 0.0181 0.0529 0.1545 0.4516 1.0000 1.0000 1.0000 1.0000 0.0010 0.0028 0.0081 0.0236 0.0690 0.2012 0.5871 1.0000 1.0000 1.0000 1.0000 0.0015 0.0022 0.0004 1.0000 1.0000 1.0000 1.0000 0.5024 0.1722 0.0590 0.0203 0.0069 0.0024 1.0000 1.0000 1.0000 1.0000 1.0000 0.3871 0.1322 0.0452 0.0155 0.0053 0.0018 1.0000 1.0000 1.0000 1.0000 0.8524 0.2916 0.0998 0.0341 0.0117 0.0040 0.0014 1.0000 1.0000 1.0000 1.0000 0.6433 0.2201 0.0753 0.0258 0.0088 0.0030 0.0010 1.0000 1.0000 1.0000 1.0000 0.5462 0.0855
0.2572 1.0000 1.0000 1.0000 1.0000 0.0012 0.0035 0.0101 0.0295 0.0862 0.2519 0.7362 1.0000 1.0000 1.0000 1.0000 0.0016 0.0046 0.0134 0.0391 0.1142 0.3338 0.9756 1.0000 1.0000 1.0000 0.0007 0.0021 0.0061 0.0177 0.0518 0.1513 0.4423 1.0000 1.0000 1.0000 1.0000 0.0009 0.0027 0.0080 0.0232 0.0677 0.1975 0.5761 1.0000 1.0000 1.0000 1.0000 0.0012 0.0038 0.0088 0.0050 0.2728 1.0000 1.0000 0.6836 0.2339 0.0805 0.0276 0.0095 0.0032 0.0011 1.0000 1.0000 1.0000 1.0000 0.5278 0.1806 0.0618 0.0211 0.0072 0.0025 0.0008 1.0000 1.0000 1.0000 1.0000 0.3983 0.1363 0.0466 0.0159 0.0055 0.0019 1.0000 1.0000 1.0000 1.0000 0.8787 0.3006 0.1028 0.0352 0.0120 0.0041 0.0014 1.0000 1.0000 1.0000 1.0000 0.6594 0.2504 0.0369
0.7335 1.0000 1.0000 1.0000 0.0012 0.0034 0.0098 0.0288 0.0841 0.2462 0.7183 1.0000 1.0000 1.0000 1.0000 0.0015 0.0045 0.0131 0.0381 0.1116 0.3256 0.9536 1.0000 1.0000 1.0000 0.0007 0.0020 0.0059 0.0173 0.0506 0.1476 0.4323 1.0000 1.0000 1.0000 1.0000 0.0009 0.0027 0.0078 0.0228 0.0664 0.1937 0.5652 1.0000 1.0000 1.0000 1.0000 0.0012 0.0035 0.0107 0.0273 0.0308 0.3827 1.0000 0.7021 0.2036 0.0711 0.0246 0.0084 0.0029 0.0010 1.0000 1.0000 1.0000 1.0000 0.4700 0.1611 0.0551 0.0189 0.0065 0.0022 0.0008 1.0000 1.0000 1.0000 1.0000 0.3554 0.1216 0.0416 0.0142 0.0049 0.0017 1.0000 1.0000 1.0000 1.0000 0.7839 0.2682 0.0918 0.0314 0.0107 0.0037 0.0013 1.0000 1.0000 1.0000 1.0000 0.5927 0.2001 0.0756 0.0110
1.0000 1.0000 1.0000 0.0011 0.0033 0.0096 0.0280 0.0817 0.2388 0.6981 1.0000 1.0000 1.0000 1.0000 0.0015 0.0043 0.0127 0.0370 0.1083 0.3164 0.9250 1.0000 1.0000 1.0000 0.0007 0.0020 0.0057 0.0168 0.0491 0.1435 0.4193 1.0000 1.0000 1.0000 1.0000 0.0009 0.0026 0.0076 0.0222 0.0647 0.1886 0.5504 1.0000 1.0000 1.0000 1.0000 0.0012 0.0034 0.0099 0.0297 0.0772 0.1533 1.0000 0.8837 0.2016 0.0708 0.0248 0.0085 0.0029 0.0010 1.0000 1.0000 1.0000 1.0000 0.4772 0.1636 0.0561 0.0192 0.0066 0.0022 0.0008 1.0000 1.0000 1.0000 1.0000 0.3622 0.1239 0.0424 0.0145 0.0050 0.0017 1.0000 1.0000 1.0000 1.0000 0.7990 0.2733 0.0935 0.0320 0.0109 0.0037 0.0013 1.0000 1.0000 1.0000 1.0000 0.6030 0.2063 0.0696 0.0263 0.0038
1.0000 1.0000 0.0011 0.0033 0.0095 0.0279 0.0815 0.2384 0.6967 1.0000 1.0000 1.0000 1.0000 0.0015 0.0043 0.0126 0.0370 0.1081 0.3158 0.9232 1.0000 1.0000 1.0000 0.0007 0.0020 0.0057 0.0168 0.0490 0.1432 0.4185 1.0000 1.0000 1.0000 1.0000 0.0009 0.0026 0.0076 0.0222 0.0648 0.1886 0.5514 1.0000 1.0000 1.0000 1.0000 0.0012 0.0034 0.0099 0.0289 0.0842 0.2490 1.0000 0.9924 0.2024 0.0704 0.0251 0.0086 0.0030 0.0010 1.0000 1.0000 1.0000 1.0000 0.4882 0.1673 0.0574 0.0197 0.0067 0.0023 0.0008 1.0000 1.0000 1.0000 1.0000 0.3720 0.1273 0.0435 0.0149 0.0051 0.0017 1.0000 1.0000 1.0000 1.0000 0.8205 0.2807 0.0960 0.0329 0.0112 0.0038 0.0013 1.0000 1.0000 1.0000 1.0000 0.6192 0.2119 0.0726 0.0245 0.0092 0.0013
1.0000 0.0015 0.0039 0.0116 0.0339 0.0990 0.2894 0.8459 1.0000 1.0000 1.0000 1.0000 0.0018 0.0053 0.0154 0.0449 0.1312 0.3835 1.0000 1.0000 1.0000 1.0000 0.0008 0.0024 0.0070 0.0203 0.0595 0.1738 0.5081 1.0000 1.0000 1.0000 1.0000 0.0011 0.0031 0.0092 0.0269 0.0785 0.2290 0.6682 1.0000 1.0000 1.0000 1.0000 0.0014 0.0041 0.0119 0.0348 0.1011 0.3046 0.9756 0.9849 0.2043 0.0692 0.0251 0.0087 0.0030 0.0010 1.0000 1.0000 1.0000 1.0000 0.4976 0.1706 0.0585 0.0200 0.0069 0.0024 0.0008 1.0000 1.0000 1.0000 1.0000 0.3798 0.1299 0.0445 0.0152 0.0052 0.0018 1.0000 1.0000 1.0000 1.0000 0.8379 0.2867 0.0981 0.0335 0.0115 0.0039 0.0013 1.0000 1.0000 1.0000 1.0000 0.6323 0.2163 0.0740 0.0254 0.0085 0.0032 0.0005
