-0.0721 -0.0547 -0.0223 0.0008 0.0296 0.0938 0.0418 -0.1344 -0.1910 -0.2050 -0.1827 -0.1086 -0.0479 -0.0216 0.0017 0.0310 0.0985 0.0341 -0.1400 -0.1919 -0.2050 -0.1809 -0.1061 -0.0469 -0.0210 0.0024 0.0323 0.1025 0.0281 -0.1446 -0.1926 -0.2050 -0.1793 -0.1035 -0.0458 -0.0203 0.0033 0.0337 0.1077 0.0210 -0.1501 -0.1934 -0.2049 -0.1776 -0.1008 -0.0447 -0.0195 0.0040 0.0356 0.0981 0.0696 0.0981 0.0356 0.0040 -0.0195 -0.0447 -0.1008 -0.1776 -0.2049 -0.1934 -0.1501 0.0210 0.1077 0.0337 0.0033 -0.0203 -0.0458 -0.1035 -0.1793 -0.2050 -0.1926 -0.1446 0.0281 0.1025 0.0323 0.0024 -0.0210 -0.0469 -0.1061 -0.1809 -0.2050 -0.1919 -0.1400 0.0341 0.0985 0.0310 0.0017 -0.0216 -0.0479 -0.1086 -0.1827 -0.2050 -0.1910 -0.1344 0.0418 0.0938 0.0296 0.0008 -0.0223 -0.0547 -0.0721
-0.0547 -0.0009 0.0200 0.0488 0.1214 0.0588 -0.2346 -0.3359 -0.3320 -0.2778 -0.1371 -0.0366 -0.0026 0.0210 0.0504 0.1281 0.0471 -0.2491 -0.3363 -0.3313 -0.2744 -0.1320 -0.0352 -0.0017 0.0217 0.0517 0.1337 0.0377 -0.2611 -0.3365 -0.3306 -0.2714 -0.1273 -0.0338 -0.0009 0.0226 0.0532 0.1408 0.0267 -0.2763 -0.3368 -0.3296 -0.2680 -0.1222 -0.0325 0.0001 0.0234 0.0546 0.1531 0.0066 -0.2230 0.0066 0.1531 0.0546 0.0234 0.0001 -0.0325 -0.1222 -0.2680 -0.3296 -0.3368 -0.2763 0.0267 0.1408 0.0532 0.0226 -0.0009 -0.0338 -0.1273 -0.2714 -0.3306 -0.3365 -0.2611 0.0377 0.1337 0.0517 0.0217 -0.0017 -0.0352 -0.1320 -0.2744 -0.3313 -0.3363 -0.2491 0.0471 0.1281 0.0504 0.0210 -0.0026 -0.0366 -0.1371 -0.2778 -0.3320 -0.3359 -0.2346 0.0588 0.1214 0.0488 0.0200 -0.0009 -0.0547
-0.0223 0.0200 0.0490 0.1230 0.0535 -0.2414 -0.3366 -0.3317 -0.2740 -0.1291 -0.0337 -0.0039 0.0174 0.0513 0.1320 0.0399 -0.2578 -0.3370 -0.3308 -0.2702 -0.1237 -0.0323 -0.0031 0.0182 0.0527 0.1382 0.0301 -0.2707 -0.3372 -0.3300 -0.2671 -0.1193 -0.0311 -0.0024 0.0190 0.0541 0.1458 0.0191 -0.2866 -0.3375 -0.3290 -0.2633 -0.1142 -0.0299 -0.0016 0.0199 0.0556 0.1553 0.0050 -0.3150 -0.3342 -0.3150 0.0050 0.1553 0.0556 0.0199 -0.0016 -0.0299 -0.1142 -0.2633 -0.3290 -0.3375 -0.2866 0.0191 0.1458 0.0541 0.0190 -0.0024 -0.0311 -0.1193 -0.2671 -0.3300 -0.3372 -0.2707 0.0301 0.1382 0.0527 0.0182 -0.0031 -0.0323 -0.1237 -0.2702 -0.3308 -0.3370 -0.2578 0.0399 0.1320 0.0513 0.0174 -0.0039 -0.0337 -0.1291 -0.2740 -0.3317 -0.3366 -0.2414 0.0535 0.1230 0.0490 0.0200 -0.0223
0.0008 0.0488 0.1230 0.0517 -0.2456 -0.3368 -0.3314 -0.2723 -0.1266 -0.0330 -0.0031 0.0181 0.0523 0.1363 0.0328 -0.2671 -0.3371 -0.3302 -0.2680 -0.1207 -0.0315 -0.0023 0.0189 0.0537 0.1429 0.0230 -0.2810 -0.3374 -0.3294 -0.2648 -0.1164 -0.0304 -0.0017 0.0197 0.0551 0.1509 0.0123 -0.2976 -0.3376 -0.3284 -0.2610 -0.1113 -0.0292 -0.0009 0.0206 0.0566 0.1573 0.0024 -0.3180 -0.3389 -0.3402 -0.3389 -0.3180 0.0024 0.1573 0.0566 0.0206 -0.0009 -0.0292 -0.1113 -0.2610 -0.3284 -0.3376 -0.2976 0.0123 0.1509 0.0551 0.0197 -0.0017 -0.0304 -0.1164 -0.2648 -0.3294 -0.3374 -0.2810 0.0230 0.1429 0.0537 0.0189 -0.0023 -0.0315 -0.1207 -0.2680 -0.3302 -0.3371 -0.2671 0.0328 0.1363 0.0523 0.0181 -0.0031 -0.0330 -0.1266 -0.2723 -0.3314 -0.3368 -0.2456 0.0517 0.1230 0.0488 0.0008
0.0296 0.1214 0.0535 -0.2456 -0.3368 -0.3312 -0.2710 -0.1242 -0.0323 -0.0027 0.0185 0.0531 0.1405 0.0261 -0.2768 -0.3373 -0.3296 -0.2656 -0.1174 -0.0307 -0.0019 0.0195 0.0546 0.1480 0.0160 -0.2914 -0.3376 -0.3288 -0.2624 -0.1131 -0.0296 -0.0012 0.0202 0.0560 0.1557 0.0057 -0.3083 -0.3378 -0.3277 -0.2585 -0.1082 -0.0284 -0.0004 0.0212 0.0575 0.1583 -0.0044 -0.3212 -0.3376 -0.3267 -0.3031 -0.3267 -0.3376 -0.3212 -0.0044 0.1583 0.0575 0.0212 -0.0004 -0.0284 -0.1082 -0.2585 -0.3277 -0.3378 -0.3083 0.0057 0.1557 0.0560 0.0202 -0.0012 -0.0296 -0.1131 -0.2624 -0.3288 -0.3376 -0.2914 0.0160 0.1480 0.0546 0.0195 -0.0019 -0.0307 -0.1174 -0.2656 -0.3296 -0.3373 -0.2768 0.0261 0.1405 0.0531 0.0185 -0.0027 -0.0323 -0.1242 -0.2710 -0.3312 -0.3368 -0.2456 0.0535 0.1214 0.0296
0.0938 0.0588 -0.2414 -0.3368 -0.3312 -0.2704 -0.1228 -0.0317 -0.0024 0.0190 0.0539 0.1446 0.0201 -0.2861 -0.3375 -0.3291 -0.2634 -0.1142 -0.0299 -0.0013 0.0200 0.0556 0.1535 0.0092 -0.3022 -0.3377 -0.3281 -0.2600 -0.1100 -0.0288 -0.0007 0.0208 0.0569 0.1581 -0.0008 -0.3181 -0.3379 -0.3270 -0.2559 -0.1052 -0.0277 0.0001 0.0218 0.0586 0.1586 -0.0109 -0.3231 -0.3381 -0.3235 -0.2487 -0.1730 -0.2487 -0.3235 -0.3381 -0.3231 -0.0109 0.1586 0.0586 0.0218 0.0001 -0.0277 -0.1052 -0.2559 -0.3270 -0.3379 -0.3181 -0.0008 0.1581 0.0569 0.0208 -0.0007 -0.0288 -0.1100 -0.2600 -0.3281 -0.3377 -0.3022 0.0092 0.1535 0.0556 0.0200 -0.0013 -0.0299 -0.1142 -0.2634 -0.3291 -0.3375 -0.2861 0.0201 0.1446 0.0539 0.0190 -0.0024 -0.0317 -0.1228 -0.2704 -0.3312 -0.3368 -0.2414 0.0588 0.0938
0.0418 -0.2346 -0.3366 -0.3314 -0.2710 -0.1228 -0.0316 -0.0022 0.0193 0.0545 0.1483 0.0146 -0.2949 -0.3376 -0.3285 -0.2611 -0.1112 -0.0291 -0.0009 0.0206 0.0566 0.1573 0.0023 -0.3136 -0.3379 -0.3274 -0.2574 -0.1069 -0.0281 -0.0002 0.0214 0.0580 0.1584 -0.0070 -0.3229 -0.3380 -0.3263 -0.2534 -0.1022 -0.0270 0.0006 0.0224 0.0596 0.1587 -0.0173 -0.3236 -0.3382 -0.3252 -0.2435 -0.0920 -0.0417 -0.0920 -0.2435 -0.3252 -0.3382 -0.3236 -0.0173 0.1587 0.0596 0.0224 0.0006 -0.0270 -0.1022 -0.2534 -0.3263 -0.3380 -0.3229 -0.0070 0.1584 0.0580 0.0214 -0.0002 -0.0281 -0.1069 -0.2574 -0.3274 -0.3379 -0.3136 0.0023 0.1573 0.0566 0.0206 -0.0009 -0.0291 -0.1112 -0.2611 -0.3285 -0.3376 -0.2949 0.0146 0.1483 0.0545 0.0193 -0.0022 -0.0316 -0.1228 -0.2710 -0.3314 -0.3366 -0.2346 0.0418
-0.1344 -0.3359 -0.3317 -0.2723 -0.1242 -0.0317 -0.0022 0.0194 0.0549 0.1507 0.0104 -0.3027 -0.3377 -0.3279 -0.2589 -0.1085 -0.0284 -0.0004 0.0212 0.0576 0.1583 -0.0045 -0.3212 -0.3380 -0.3267 -0.2549 -0.1039 -0.0274 0.0003 0.0221 0.0590 0.1586 -0.0134 -0.3233 -0.3381 -0.3256 -0.2508 -0.0993 -0.0263 0.0011 0.0231 0.0607 0.1588 -0.0238 -0.3241 -0.3383 -0.3244 -0.2471 -0.0910 -0.0214 -0.0015 -0.0214 -0.0910 -0.2471 -0.3244 -0.3383 -0.3241 -0.0238 0.1588 0.0607 0.0231 0.0011 -0.0263 -0.0993 -0.2508 -0.3256 -0.3381 -0.3233 -0.0134 0.1586 0.0590 0.0221 0.0003 -0.0274 -0.1039 -0.2549 -0.3267 -0.3380 -0.3212 -0.0045 0.1583 0.0576 0.0212 -0.0004 -0.0284 -0.1085 -0.2589 -0.3279 -0.3377 -0.3027 0.0104 0.1507 0.0549 0.0194 -0.0022 -0.0317 -0.1242 -0.2723 -0.3317 -0.3359 -0.1344
-0.1910 -0.3320 -0.2740 -0.1266 -0.0323 -0.0024 0.0193 0.0549 0.1517 0.0081 -0.3078 -0.3378 -0.3275 -0.2570 -0.1060 -0.0278 0.0000 0.0218 0.0586 0.1586 -0.0112 -0.3232 -0.3381 -0.3259 -0.2522 -0.1010 -0.0267 0.0008 0.0227 0.0600 0.1587 -0.0200 -0.3238 -0.3382 -0.3249 -0.2482 -0.0966 -0.0255 0.0015 0.0237 0.0617 0.1588 -0.0303 -0.3245 -0.3384 -0.3236 -0.2443 -0.0928 -0.0246 0.0050 0.0200 0.0050 -0.0246 -0.0928 -0.2443 -0.3236 -0.3384 -0.3245 -0.0303 0.1588 0.0617 0.0237 0.0015 -0.0255 -0.0966 -0.2482 -0.3249 -0.3382 -0.3238 -0.0200 0.1587 0.0600 0.0227 0.0008 -0.0267 -0.1010 -0.2522 -0.3259 -0.3381 -0.3232 -0.0112 0.1586 0.0586 0.0218 0.0000 -0.0278 -0.1060 -0.2570 -0.3275 -0.3378 -0.3078 0.0081 0.1517 0.0549 0.0193 -0.0024 -0.0323 -0.1266 -0.2740 -0.3320 -0.1910
-0.2050 -0.2778 -0.1291 -0.0330 -0.0027 0.0190 0.0545 0.1507 0.0081 -0.3097 -0.3379 -0.3272 -0.2556 -0.1040 -0.0272 0.0005 0.0223 0.0595 0.1587 -0.0176 -0.3236 -0.3382 -0.3252 -0.2496 -0.0981 -0.0260 0.0013 0.0234 0.0611 0.1588 -0.0265 -0.3243 -0.3383 -0.3241 -0.2456 -0.0940 -0.0249 0.0020 0.0244 0.0628 0.1586 -0.0366 -0.3250 -0.3384 -0.3228 -0.2414 -0.0899 -0.0240 0.0027 0.0283 0.0535 0.0283 0.0027 -0.0240 -0.0899 -0.2414 -0.3228 -0.3384 -0.3250 -0.0366 0.1586 0.0628 0.0244 0.0020 -0.0249 -0.0940 -0.2456 -0.3241 -0.3383 -0.3243 -0.0265 0.1588 0.0611 0.0234 0.0013 -0.0260 -0.0981 -0.2496 -0.3252 -0.3382 -0.3236 -0.0176 0.1587 0.0595 0.0223 0.0005 -0.0272 -0.1040 -0.2556 -0.3272 -0.3379 -0.3097 0.0081 0.1507 0.0545 0.0190 -0.0027 -0.0330 -0.1291 -0.2778 -0.2050
-0.1827 -0.1371 -0.0337 -0.0031 0.0185 0.0539 0.1483 0.0104 -0.3078 -0.3379 -0.3271 -0.2549 -0.1027 -0.0268 0.0008 0.0228 0.0604 0.1588 -0.0233 -0.3241 -0.3383 -0.3244 -0.2468 -0.0953 -0.0252 0.0017 0.0240 0.0622 0.1587 -0.0329 -0.3247 -0.3384 -0.3233 -0.2431 -0.0914 -0.0242 0.0025 0.0251 0.0639 0.1584 -0.0429 -0.3255 -0.3385 -0.3219 -0.2386 -0.0873 -0.0231 0.0030 0.0260 0.0669 0.1080 0.0669 0.0260 0.0030 -0.0231 -0.0873 -0.2386 -0.3219 -0.3385 -0.3255 -0.0429 0.1584 0.0639 0.0251 0.0025 -0.0242 -0.0914 -0.2431 -0.3233 -0.3384 -0.3247 -0.0329 0.1587 0.0622 0.0240 0.0017 -0.0252 -0.0953 -0.2468 -0.3244 -0.3383 -0.3241 -0.0233 0.1588 0.0604 0.0228 0.0008 -0.0268 -0.1027 -0.2549 -0.3271 -0.3379 -0.3078 0.0104 0.1483 0.0539 0.0185 -0.0031 -0.0337 -0.1371 -0.1827
-0.1086 -0.0366 -0.0039 0.0181 0.0531 0.1446 0.0146 -0.3027 -0.3378 -0.3272 -0.2549 -0.1024 -0.0266 0.0010 0.0232 0.0611 0.1588 -0.0286 -0.3245 -0.3384 -0.3237 -0.2442 -0.0926 -0.0245 0.0022 0.0247 0.0633 0.1586 -0.0393 -0.3252 -0.3385 -0.3224 -0.2404 -0.0889 -0.0235 0.0029 0.0257 0.0651 0.1581 -0.0491 -0.3259 -0.3385 -0.3210 -0.2357 -0.0849 -0.0225 0.0036 0.0266 0.0671 0.1391 0.0576 0.1391 0.0671 0.0266 0.0036 -0.0225 -0.0849 -0.2357 -0.3210 -0.3385 -0.3259 -0.0491 0.1581 0.0651 0.0257 0.0029 -0.0235 -0.0889 -0.2404 -0.3224 -0.3385 -0.3252 -0.0393 0.1586 0.0633 0.0247 0.0022 -0.0245 -0.0926 -0.2442 -0.3237 -0.3384 -0.3245 -0.0286 0.1588 0.0611 0.0232 0.0010 -0.0266 -0.1024 -0.2549 -0.3272 -0.3378 -0.3027 0.0146 0.1446 0.0531 0.0181 -0.0039 -0.0366 -0.1086
-0.0479 -0.0026 0.0174 0.0523 0.1405 0.0201 -0.2949 -0.3377 -0.3275 -0.2556 -0.1027 -0.0266 0.0011 0.0234 0.0616 0.1588 -0.0331 -0.3248 -0.3384 -0.3229 -0.2417 -0.0901 -0.0239 0.0027 0.0253 0.0644 0.1583 -0.0455 -0.3257 -0.3385 -0.3215 -0.2375 -0.0863 -0.0229 0.0033 0.0263 0.0662 0.1576 -0.0552 -0.3264 -0.3386 -0.3200 -0.2327 -0.0824 -0.0218 0.0040 0.0274 0.0680 0.1557 -0.0691 -0.2739 -0.0691 0.1557 0.0680 0.0274 0.0040 -0.0218 -0.0824 -0.2327 -0.3200 -0.3386 -0.3264 -0.0552 0.1576 0.0662 0.0263 0.0033 -0.0229 -0.0864 -0.2375 -0.3215 -0.3385 -0.3257 -0.0455 0.1583 0.0644 0.0253 0.0027 -0.0239 -0.0901 -0.2417 -0.3229 -0.3384 -0.3248 -0.0331 0.1588 0.0616 0.0234 0.0011 -0.0266 -0.1027 -0.2556 -0.3275 -0.3377 -0.2949 0.0201 0.1405 0.0523 0.0174 -0.0026 -0.0479
-0.0216 0.0210 0.0513 0.1363 0.0261 -0.2861 -0.3376 -0.3279 -0.2570 -0.1040 -0.0268 0.0010 0.0234 0.0617 0.1587 -0.0358 -0.3251 -0.3385 -0.3222 -0.2394 -0.0878 -0.0233 0.0031 0.0260 0.0656 0.1579 -0.0516 -0.3261 -0.3385 -0.3206 -0.2345 -0.0838 -0.0222 0.0037 0.0270 0.0673 0.1570 -0.0611 -0.3268 -0.3386 -0.3190 -0.2297 -0.0799 -0.0211 0.0045 0.0280 0.0692 0.1560 -0.0723 -0.3287 -0.3380 -0.3287 -0.0723 0.1560 0.0692 0.0280 0.0045 -0.0211 -0.0799 -0.2297 -0.3190 -0.3386 -0.3268 -0.0611 0.1570 0.0673 0.0270 0.0037 -0.0222 -0.0838 -0.2345 -0.3206 -0.3385 -0.3261 -0.0516 0.1579 0.0656 0.0260 0.0031 -0.0233 -0.0878 -0.2394 -0.3222 -0.3385 -0.3251 -0.0358 0.1587 0.0617 0.0234 0.0010 -0.0268 -0.1040 -0.2570 -0.3279 -0.3376 -0.2861 0.0261 0.1363 0.0513 0.0210 -0.0216
0.0017 0.0504 0.1320 0.0328 -0.2768 -0.3375 -0.3285 -0.2589 -0.1060 -0.0272 0.0008 0.0232 0.0616 0.1587 -0.0366 -0.3252 -0.3385 -0.3218 -0.2375 -0.0859 -0.0227 0.0035 0.0266 0.0666 0.1574 -0.0576 -0.3266 -0.3386 -0.3196 -0.2315 -0.0813 -0.0215 0.0042 0.0276 0.0685 0.1563 -0.0668 -0.3273 -0.3386 -0.3180 -0.2266 -0.0775 -0.0205 0.0049 0.0287 0.0704 0.1550 -0.0752 -0.3283 -0.3395 -0.3363 -0.3395 -0.3283 -0.0752 0.1550 0.0704 0.0287 0.0049 -0.0205 -0.0775 -0.2266 -0.3180 -0.3386 -0.3273 -0.0668 0.1563 0.0685 0.0276 0.0042 -0.0215 -0.0813 -0.2315 -0.3196 -0.3386 -0.3266 -0.0576 0.1574 0.0666 0.0266 0.0035 -0.0227 -0.0859 -0.2375 -0.3218 -0.3385 -0.3252 -0.0366 0.1587 0.0616 0.0232 0.0008 -0.0272 -0.1060 -0.2589 -0.3285 -0.3375 -0.2768 0.0328 0.1320 0.0504 0.0017
0.0310 0.1281 0.0399 -0.2671 -0.3373 -0.3291 -0.2611 -0.1085 -0.0278 0.0005 0.0228 0.0611 0.1588 -0.0358 -0.3252 -0.3385 -0.3215 -0.2363 -0.0844 -0.0222 0.0038 0.0271 0.0676 0.1568 -0.0631 -0.3270 -0.3386 -0.3186 -0.2284 -0.0789 -0.0209 0.0046 0.0283 0.0696 0.1555 -0.0724 -0.3277 -0.3386 -0.3170 -0.2235 -0.0752 -0.0198 0.0054 0.0294 0.0716 0.1539 -0.0811 -0.3283 -0.3377 -0.3149 -0.2802 -0.3149 -0.3377 -0.3283 -0.0811 0.1539 0.0716 0.0294 0.0054 -0.0198 -0.0752 -0.2235 -0.3170 -0.3386 -0.3277 -0.0724 0.1555 0.0696 0.0283 0.0047 -0.0209 -0.0789 -0.2284 -0.3186 -0.3386 -0.3270 -0.0631 0.1568 0.0676 0.0271 0.0038 -0.0222 -0.0844 -0.2363 -0.3215 -0.3385 -0.3252 -0.0358 0.1588 0.0611 0.0228 0.0005 -0.0278 -0.1085 -0.2611 -0.3291 -0.3373 -0.2671 0.0399 0.1281 0.0310
0.0985 0.0471 -0.2578 -0.3371 -0.3296 -0.2634 -0.1112 -0.0284 0.0000 0.0223 0.0604 0.1588 -0.0331 -0.3251 -0.3385 -0.3215 -0.2359 -0.0838 -0.0219 0.0041 0.0276 0.0686 0.1562 -0.0680 -0.3274 -0.3386 -0.3176 -0.2254 -0.0766 -0.0202 0.0051 0.0290 0.0708 0.1546 -0.0779 -0.3281 -0.3385 -0.3159 -0.2203 -0.0730 -0.0191 0.0058 0.0301 0.0729 0.1527 -0.0865 -0.3287 -0.3385 -0.3111 -0.2108 -0.1271 -0.2108 -0.3111 -0.3385 -0.3287 -0.0865 0.1527 0.0729 0.0301 0.0058 -0.0191 -0.0730 -0.2203 -0.3159 -0.3385 -0.3281 -0.0779 0.1546 0.0708 0.0290 0.0051 -0.0202 -0.0766 -0.2254 -0.3176 -0.3386 -0.3274 -0.0680 0.1562 0.0686 0.0276 0.0041 -0.0219 -0.0838 -0.2359 -0.3215 -0.3385 -0.3251 -0.0331 0.1588 0.0604 0.0223 0.0000 -0.0284 -0.1112 -0.2634 -0.3296 -0.3371 -0.2578 0.0471 0.0985
0.0341 -0.2491 -0.3370 -0.3302 -0.2656 -0.1142 -0.0291 -0.0004 0.0218 0.0595 0.1588 -0.0286 -0.3248 -0.3385 -0.3218 -0.2363 -0.0838 -0.0218 0.0042 0.0279 0.0693 0.1556 -0.0726 -0.3277 -0.3386 -0.3167 -0.2226 -0.0744 -0.0195 0.0055 0.0297 0.0721 0.1535 -0.0832 -0.3285 -0.3385 -0.3148 -0.2172 -0.0708 -0.0185 0.0062 0.0308 0.0742 0.1513 -0.0920 -0.3291 -0.3384 -0.3132 -0.2057 -0.0627 -0.0269 -0.0627 -0.2057 -0.3132 -0.3384 -0.3291 -0.0920 0.1513 0.0742 0.0308 0.0062 -0.0185 -0.0708 -0.2172 -0.3148 -0.3385 -0.3285 -0.0832 0.1535 0.0721 0.0297 0.0055 -0.0195 -0.0744 -0.2226 -0.3167 -0.3386 -0.3277 -0.0726 0.1556 0.0693 0.0279 0.0042 -0.0218 -0.0838 -0.2363 -0.3218 -0.3385 -0.3248 -0.0286 0.1588 0.0595 0.0218 -0.0004 -0.0291 -0.1142 -0.2656 -0.3302 -0.3370 -0.2491 0.0341
-0.1400 -0.3363 -0.3308 -0.2680 -0.1174 -0.0299 -0.0009 0.0212 0.0586 0.1587 -0.0233 -0.3245 -0.3384 -0.3222 -0.2375 -0.0844 -0.0219 0.0042 0.0280 0.0696 0.1552 -0.0760 -0.3280 -0.3385 -0.3158 -0.2198 -0.0724 -0.0189 0.0060 0.0304 0.0734 0.1522 -0.0887 -0.3289 -0.3385 -0.3137 -0.2141 -0.0687 -0.0178 0.0067 0.0315 0.0756 0.1497 -0.0976 -0.3295 -0.3383 -0.3120 -0.2096 -0.0633 -0.0133 0.0041 -0.0133 -0.0633 -0.2096 -0.3120 -0.3383 -0.3295 -0.0976 0.1497 0.0756 0.0315 0.0067 -0.0178 -0.0687 -0.2141 -0.3137 -0.3385 -0.3289 -0.0887 0.1522 0.0734 0.0304 0.0060 -0.0189 -0.0724 -0.2198 -0.3158 -0.3385 -0.3280 -0.0760 0.1552 0.0696 0.0280 0.0042 -0.0219 -0.0844 -0.2375 -0.3222 -0.3384 -0.3245 -0.0233 0.1587 0.0586 0.0212 -0.0009 -0.0299 -0.1174 -0.2680 -0.3308 -0.3363 -0.1400
-0.1919 -0.3313 -0.2702 -0.1207 -0.0307 -0.0013 0.0206 0.0576 0.1586 -0.0176 -0.3241 -0.3384 -0.3229 -0.2394 -0.0859 -0.0222 0.0041 0.0279 0.0696 0.1551 -0.0775 -0.3282 -0.3385 -0.3151 -0.2174 -0.0707 -0.0184 0.0064 0.0311 0.0747 0.1507 -0.0943 -0.3293 -0.3384 -0.3126 -0.2110 -0.0668 -0.0172 0.0071 0.0323 0.0770 0.1479 -0.1033 -0.3299 -0.3382 -0.3108 -0.2061 -0.0641 -0.0163 0.0103 0.0277 0.0103 -0.0163 -0.0641 -0.2061 -0.3108 -0.3382 -0.3299 -0.1033 0.1479 0.0770 0.0323 0.0071 -0.0172 -0.0668 -0.2109 -0.3126 -0.3384 -0.3293 -0.0943 0.1507 0.0747 0.0311 0.0064 -0.0184 -0.0707 -0.2174 -0.3151 -0.3385 -0.3282 -0.0775 0.1551 0.0696 0.0279 0.0041 -0.0222 -0.0859 -0.2394 -0.3229 -0.3384 -0.3241 -0.0176 0.1586 0.0576 0.0206 -0.0013 -0.0307 -0.1207 -0.2702 -0.3313 -0.1919
-0.2050 -0.2744 -0.1237 -0.0315 -0.0019 0.0200 0.0566 0.1583 -0.0112 -0.3236 -0.3383 -0.3237 -0.2417 -0.0878 -0.0227 0.0038 0.0276 0.0693 0.1552 -0.0775 -0.3283 -0.3385 -0.3146 -0.2156 -0.0692 -0.0179 0.0067 0.0317 0.0759 0.1491 -0.0997 -0.3297 -0.3383 -0.3115 -0.2078 -0.0649 -0.0166 0.0076 0.0330 0.0785 0.1459 -0.1089 -0.3303 -0.3381 -0.3096 -0.2027 -0.0620 -0.0157 0.0082 0.0370 0.0644 0.0370 0.0082 -0.0157 -0.0620 -0.2027 -0.3096 -0.3381 -0.3303 -0.1089 0.1459 0.0785 0.0330 0.0076 -0.0166 -0.0649 -0.2077 -0.3115 -0.3383 -0.3297 -0.0997 0.1491 0.0759 0.0317 0.0067 -0.0179 -0.0692 -0.2156 -0.3146 -0.3385 -0.3283 -0.0775 0.1552 0.0693 0.0276 0.0038 -0.0227 -0.0878 -0.2417 -0.3237 -0.3383 -0.3236 -0.0112 0.1583 0.0566 0.0200 -0.0019 -0.0315 -0.1237 -0.2744 -0.2050
-0.1809 -0.1320 -0.0323 -0.0023 0.0195 0.0556 0.1573 -0.0045 -0.3232 -0.3382 -0.3244 -0.2442 -0.0901 -0.0233 0.0035 0.0271 0.0686 0.1556 -0.0760 -0.3282 -0.3385 -0.3145 -0.2147 -0.0684 -0.0175 0.0070 0.0322 0.0771 0.1476 -0.1046 -0.3300 -0.3382 -0.3104 -0.2047 -0.0630 -0.0160 0.0080 0.0337 0.0800 0.1437 -0.1145 -0.3307 -0.3380 -0.3083 -0.1995 -0.0602 -0.0150 0.0085 0.0349 0.0812 0.1298 0.0812 0.0349 0.0085 -0.0150 -0.0602 -0.1995 -0.3083 -0.3380 -0.3307 -0.1145 0.1437 0.0800 0.0337 0.0080 -0.0160 -0.0631 -0.2047 -0.3104 -0.3382 -0.3300 -0.1046 0.1476 0.0771 0.0322 0.0070 -0.0175 -0.0684 -0.2147 -0.3145 -0.3385 -0.3282 -0.0760 0.1556 0.0686 0.0271 0.0035 -0.0233 -0.0901 -0.2442 -0.3244 -0.3382 -0.3232 -0.0045 0.1573 0.0556 0.0195 -0.0023 -0.0323 -0.1320 -0.1809
-0.1061 -0.0352 -0.0031 0.0189 0.0546 0.1535 0.0023 -0.3212 -0.3381 -0.3252 -0.2468 -0.0926 -0.0239 0.0031 0.0266 0.0676 0.1562 -0.0726 -0.3280 -0.3385 -0.3146 -0.2147 -0.0681 -0.0173 0.0072 0.0327 0.0781 0.1460 -0.1093 -0.3304 -0.3381 -0.3092 -0.2015 -0.0613 -0.0153 0.0084 0.0344 0.0815 0.1412 -0.1201 -0.3311 -0.3379 -0.3069 -0.1960 -0.0585 -0.0144 0.0091 0.0355 0.0845 0.1343 -0.0261 0.1343 0.0845 0.0355 0.0091 -0.0144 -0.0585 -0.1960 -0.3069 -0.3379 -0.3311 -0.1201 0.1412 0.0815 0.0344 0.0084 -0.0153 -0.0613 -0.2015 -0.3092 -0.3381 -0.3304 -0.1093 0.1460 0.0781 0.0327 0.0072 -0.0173 -0.0681 -0.2147 -0.3146 -0.3385 -0.3280 -0.0726 0.1562 0.0676 0.0266 0.0031 -0.0239 -0.0926 -0.2468 -0.3252 -0.3381 -0.3212 0.0023 0.1535 0.0546 0.0189 -0.0031 -0.0352 -0.1061
-0.0469 -0.0017 0.0182 0.0537 0.1480 0.0092 -0.3136 -0.3380 -0.3259 -0.2496 -0.0953 -0.0245 0.0027 0.0260 0.0666 0.1568 -0.0680 -0.3277 -0.3385 -0.3151 -0.2156 -0.0684 -0.0173 0.0073 0.0328 0.0788 0.1448 -0.1132 -0.3307 -0.3380 -0.3080 -0.1985 -0.0597 -0.0148 0.0088 0.0351 0.0830 0.1386 -0.1257 -0.3314 -0.3377 -0.3055 -0.1924 -0.0567 -0.0138 0.0095 0.0363 0.0856 0.1320 -0.1389 -0.3240 -0.1389 0.1320 0.0856 0.0363 0.0095 -0.0138 -0.0567 -0.1924 -0.3055 -0.3377 -0.3314 -0.1257 0.1386 0.0830 0.0351 0.0088 -0.0148 -0.0597 -0.1985 -0.3080 -0.3380 -0.3307 -0.1132 0.1448 0.0788 0.0328 0.0073 -0.0173 -0.0684 -0.2156 -0.3151 -0.3385 -0.3277 -0.0680 0.1568 0.0666 0.0260 0.0027 -0.0245 -0.0953 -0.2496 -0.3259 -0.3380 -0.3136 0.0092 0.1480 0.0537 0.0182 -0.0017 -0.0469
-0.0210 0.0217 0.0527 0.1429 0.0160 -0.3022 -0.3379 -0.3267 -0.2522 -0.0981 -0.0252 0.0022 0.0253 0.0656 0.1574 -0.0631 -0.3274 -0.3386 -0.3158 -0.2174 -0.0692 -0.0175 0.0072 0.0328 0.0789 0.1442 -0.1156 -0.3309 -0.3379 -0.3070 -0.1957 -0.0582 -0.0143 0.0092 0.0358 0.0844 0.1359 -0.1311 -0.3318 -0.3375 -0.3041 -0.1889 -0.0551 -0.0132 0.0099 0.0370 0.0872 0.1312 -0.1418 -0.3335 -0.3406 -0.3335 -0.1418 0.1312 0.0872 0.0370 0.0099 -0.0132 -0.0551 -0.1889 -0.3041 -0.3375 -0.3318 -0.1311 0.1359 0.0844 0.0358 0.0092 -0.0143 -0.0582 -0.1957 -0.3070 -0.3379 -0.3309 -0.1156 0.1442 0.0789 0.0328 0.0072 -0.0175 -0.0692 -0.2174 -0.3158 -0.3386 -0.3274 -0.0631 0.1574 0.0656 0.0253 0.0022 -0.0252 -0.0981 -0.2522 -0.3267 -0.3379 -0.3022 0.0160 0.1429 0.0527 0.0217 -0.0210
0.0024 0.0517 0.1382 0.0230 -0.2914 -0.3377 -0.3274 -0.2549 -0.1010 -0.0260 0.0017 0.0247 0.0644 0.1579 -0.0576 -0.3270 -0.3386 -0.3167 -0.2198 -0.0707 -0.0179 0.0070 0.0327 0.0788 0.1442 -0.1163 -0.3310 -0.3379 -0.3063 -0.1934 -0.0568 -0.0138 0.0095 0.0364 0.0858 0.1333 -0.1361 -0.3321 -0.3373 -0.3027 -0.1854 -0.0534 -0.0126 0.0103 0.0378 0.0889 0.1277 -0.1452 -0.3329 -0.3377 -0.3289 -0.3377 -0.3329 -0.1452 0.1277 0.0889 0.0378 0.0103 -0.0126 -0.0534 -0.1854 -0.3027 -0.3373 -0.3321 -0.1361 0.1333 0.0858 0.0364 0.0095 -0.0138 -0.0568 -0.1934 -0.3063 -0.3379 -0.3310 -0.1163 0.1442 0.0788 0.0327 0.0070 -0.0179 -0.0707 -0.2198 -0.3167 -0.3386 -0.3270 -0.0576 0.1579 0.0644 0.0247 0.0017 -0.0260 -0.1010 -0.2549 -0.3274 -0.3377 -0.2914 0.0230 0.1382 0.0517 0.0024
0.0323 0.1337 0.0301 -0.2810 -0.3376 -0.3281 -0.2574 -0.1039 -0.0267 0.0013 0.0240 0.0633 0.1583 -0.0516 -0.3266 -0.3386 -0.3176 -0.2226 -0.0724 -0.0184 0.0067 0.0322 0.0781 0.1448 -0.1156 -0.3310 -0.3378 -0.3059 -0.1919 -0.0559 -0.0133 0.0099 0.0371 0.0873 0.1306 -0.1409 -0.3324 -0.3372 -0.3014 -0.1820 -0.0519 -0.0120 0.0107 0.0386 0.0907 0.1240 -0.1511 -0.3329 -0.3355 -0.2977 -0.2491 -0.2977 -0.3355 -0.3329 -0.1511 0.1240 0.0907 0.0386 0.0107 -0.0120 -0.0519 -0.1820 -0.3014 -0.3372 -0.3324 -0.1409 0.1306 0.0873 0.0371 0.0099 -0.0133 -0.0559 -0.1919 -0.3059 -0.3378 -0.3310 -0.1156 0.1448 0.0781 0.0322 0.0067 -0.0184 -0.0724 -0.2226 -0.3176 -0.3386 -0.3266 -0.0516 0.1583 0.0633 0.0240 0.0013 -0.0267 -0.1039 -0.2574 -0.3281 -0.3376 -0.2810 0.0301 0.1337 0.0323
0.1025 0.0377 -0.2707 -0.3374 -0.3288 -0.2600 -0.1069 -0.0274 0.0008 0.0234 0.0622 0.1586 -0.0455 -0.3261 -0.3386 -0.3186 -0.2254 -0.0744 -0.0189 0.0064 0.0317 0.0771 0.1460 -0.1132 -0.3309 -0.3379 -0.3059 -0.1915 -0.0554 -0.0131 0.0101 0.0376 0.0887 0.1277 -0.1458 -0.3327 -0.3370 -0.3000 -0.1789 -0.0505 -0.0114 0.0112 0.0394 0.0926 0.1202 -0.1568 -0.3333 -0.3365 -0.2932 -0.1670 -0.0876 -0.1670 -0.2932 -0.3365 -0.3333 -0.1568 0.1202 0.0926 0.0394 0.0112 -0.0114 -0.0505 -0.1789 -0.3000 -0.3370 -0.3327 -0.1458 0.1277 0.0887 0.0376 0.0101 -0.0131 -0.0554 -0.1915 -0.3059 -0.3379 -0.3309 -0.1132 0.1460 0.0771 0.0317 0.0064 -0.0189 -0.0744 -0.2254 -0.3186 -0.3386 -0.3261 -0.0455 0.1586 0.0622 0.0234 0.0008 -0.0274 -0.1069 -0.2600 -0.3288 -0.3374 -0.2707 0.0377 0.1025
0.0281 -0.2611 -0.3372 -0.3294 -0.2624 -0.1100 -0.0281 0.0003 0.0227 0.0611 0.1587 -0.0393 -0.3257 -0.3385 -0.3196 -0.2284 -0.0766 -0.0195 0.0060 0.0311 0.0759 0.1476 -0.1093 -0.3307 -0.3379 -0.3063 -0.1919 -0.0554 -0.0130 0.0102 0.0380 0.0898 0.1251 -0.1504 -0.3330 -0.3368 -0.2987 -0.1759 -0.0492 -0.0109 0.0116 0.0401 0.0946 0.1160 -0.1626 -0.3336 -0.3363 -0.2959 -0.1628 -0.0427 -0.0156 -0.0427 -0.1628 -0.2959 -0.3363 -0.3336 -0.1626 0.1160 0.0946 0.0401 0.0116 -0.0109 -0.0492 -0.1759 -0.2987 -0.3368 -0.3330 -0.1504 0.1251 0.0898 0.0380 0.0102 -0.0130 -0.0554 -0.1919 -0.3063 -0.3379 -0.3307 -0.1093 0.1476 0.0759 0.0311 0.0060 -0.0195 -0.0766 -0.2284 -0.3196 -0.3385 -0.3257 -0.0393 0.1587 0.0611 0.0227 0.0003 -0.0281 -0.1100 -0.2624 -0.3294 -0.3372 -0.2611 0.0281
-0.1446 -0.3365 -0.3300 -0.2648 -0.1131 -0.0288 -0.0002 0.0221 0.0600 0.1588 -0.0329 -0.3252 -0.3385 -0.3206 -0.2315 -0.0789 -0.0202 0.0055 0.0304 0.0747 0.1491 -0.1046 -0.3304 -0.3380 -0.3070 -0.1934 -0.0559 -0.0131 0.0102 0.0381 0.0902 0.1235 -0.1538 -0.3332 -0.3366 -0.2974 -0.1729 -0.0480 -0.0104 0.0119 0.0408 0.0965 0.1116 -0.1688 -0.3339 -0.3360 -0.2942 -0.1664 -0.0443 -0.0061 0.0091 -0.0061 -0.0443 -0.1664 -0.2942 -0.3360 -0.3339 -0.1688 0.1116 0.0965 0.0408 0.0119 -0.0104 -0.0480 -0.1729 -0.2974 -0.3366 -0.3332 -0.1538 0.1235 0.0902 0.0381 0.0102 -0.0131 -0.0559 -0.1934 -0.3070 -0.3380 -0.3304 -0.1046 0.1491 0.0747 0.0304 0.0055 -0.0202 -0.0789 -0.2315 -0.3206 -0.3385 -0.3252 -0.0329 0.1588 0.0600 0.0221 -0.0002 -0.0288 -0.1131 -0.2648 -0.3300 -0.3365 -0.1446
-0.1926 -0.3306 -0.2671 -0.1164 -0.0296 -0.0007 0.0214 0.0590 0.1587 -0.0265 -0.3247 -0.3385 -0.3215 -0.2345 -0.0813 -0.0209 0.0051 0.0297 0.0734 0.1507 -0.0997 -0.3300 -0.3381 -0.3080 -0.1957 -0.0568 -0.0133 0.0101 0.0380 0.0902 0.1230 -0.1553 -0.3333 -0.3364 -0.2964 -0.1702 -0.0469 -0.0099 0.0123 0.0415 0.0983 0.1074 -0.1745 -0.3342 -0.3357 -0.2924 -0.1626 -0.0444 -0.0088 0.0157 0.0362 0.0157 -0.0088 -0.0444 -0.1626 -0.2924 -0.3357 -0.3342 -0.1745 0.1074 0.0983 0.0415 0.0123 -0.0099 -0.0469 -0.1702 -0.2964 -0.3364 -0.3333 -0.1553 0.1230 0.0902 0.0380 0.0101 -0.0133 -0.0568 -0.1957 -0.3080 -0.3381 -0.3300 -0.0997 0.1507 0.0734 0.0297 0.0051 -0.0209 -0.0813 -0.2345 -0.3215 -0.3385 -0.3247 -0.0265 0.1587 0.0590 0.0214 -0.0007 -0.0296 -0.1164 -0.2671 -0.3306 -0.1926
-0.2050 -0.2714 -0.1193 -0.0304 -0.0012 0.0208 0.0580 0.1586 -0.0200 -0.3243 -0.3384 -0.3224 -0.2375 -0.0838 -0.0215 0.0046 0.0290 0.0721 0.1522 -0.0943 -0.3297 -0.3382 -0.3091 -0.1985 -0.0582 -0.0138 0.0099 0.0376 0.0898 0.1235 -0.1553 -0.3334 -0.3364 -0.2957 -0.1682 -0.0459 -0.0095 0.0127 0.0422 0.1001 0.1033 -0.1799 -0.3345 -0.3354 -0.2908 -0.1590 -0.0430 -0.0084 0.0136 0.0466 0.0768 0.0466 0.0136 -0.0084 -0.0430 -0.1590 -0.2908 -0.3354 -0.3345 -0.1799 0.1033 0.1001 0.0422 0.0127 -0.0095 -0.0459 -0.1682 -0.2957 -0.3364 -0.3334 -0.1553 0.1235 0.0898 0.0376 0.0099 -0.0138 -0.0582 -0.1985 -0.3092 -0.3382 -0.3297 -0.0943 0.1522 0.0721 0.0290 0.0047 -0.0215 -0.0838 -0.2375 -0.3224 -0.3384 -0.3243 -0.0200 0.1586 0.0580 0.0208 -0.0012 -0.0304 -0.1193 -0.2714 -0.2050
-0.1793 -0.1273 -0.0311 -0.0017 0.0202 0.0569 0.1584 -0.0134 -0.3238 -0.3383 -0.3233 -0.2404 -0.0863 -0.0222 0.0042 0.0283 0.0708 0.1535 -0.0887 -0.3293 -0.3383 -0.3103 -0.2014 -0.0597 -0.0143 0.0095 0.0371 0.0887 0.1251 -0.1538 -0.3333 -0.3364 -0.2955 -0.1672 -0.0454 -0.0091 0.0130 0.0429 0.1021 0.0990 -0.1853 -0.3347 -0.3351 -0.2892 -0.1559 -0.0418 -0.0077 0.0139 0.0448 0.1005 0.1280 0.1005 0.0448 0.0139 -0.0077 -0.0418 -0.1559 -0.2892 -0.3351 -0.3347 -0.1853 0.0990 0.1021 0.0429 0.0130 -0.0091 -0.0454 -0.1672 -0.2955 -0.3364 -0.3333 -0.1538 0.1251 0.0887 0.0371 0.0095 -0.0143 -0.0597 -0.2015 -0.3104 -0.3383 -0.3293 -0.0887 0.1535 0.0708 0.0283 0.0042 -0.0222 -0.0863 -0.2404 -0.3233 -0.3383 -0.3238 -0.0134 0.1584 0.0569 0.0202 -0.0017 -0.0311 -0.1273 -0.1793
-0.1035 -0.0338 -0.0024 0.0197 0.0560 0.1581 -0.0070 -0.3233 -0.3382 -0.3241 -0.2431 -0.0889 -0.0229 0.0037 0.0276 0.0696 0.1546 -0.0832 -0.3289 -0.3384 -0.3115 -0.2046 -0.0613 -0.0148 0.0092 0.0364 0.0873 0.1277 -0.1504 -0.3332 -0.3364 -0.2957 -0.1672 -0.0452 -0.0090 0.0132 0.0433 0.1038 0.0947 -0.1909 -0.3349 -0.3348 -0.2877 -0.1529 -0.0408 -0.0072 0.0144 0.0454 0.1113 0.0765 -0.1178 0.0765 0.1113 0.0454 0.0144 -0.0072 -0.0408 -0.1529 -0.2877 -0.3348 -0.3349 -0.1909 0.0947 0.1038 0.0433 0.0132 -0.0090 -0.0452 -0.1672 -0.2957 -0.3364 -0.3332 -0.1504 0.1277 0.0873 0.0364 0.0092 -0.0148 -0.0613 -0.2047 -0.3115 -0.3384 -0.3289 -0.0832 0.1546 0.0696 0.0276 0.0037 -0.0229 -0.0889 -0.2431 -0.3241 -0.3382 -0.3233 -0.0070 0.1581 0.0560 0.0197 -0.0024 -0.0338 -0.1035
-0.0458 -0.0009 0.0190 0.0551 0.1557 -0.0008 -0.3229 -0.3381 -0.3249 -0.2456 -0.0914 -0.0235 0.0033 0.0270 0.0685 0.1555 -0.0779 -0.3285 -0.3385 -0.3126 -0.2078 -0.0630 -0.0153 0.0088 0.0358 0.0858 0.1306 -0.1458 -0.3330 -0.3366 -0.2964 -0.1682 -0.0454 -0.0090 0.0132 0.0436 0.1048 0.0915 -0.1957 -0.3352 -0.3345 -0.2861 -0.1499 -0.0398 -0.0068 0.0148 0.0462 0.1129 0.0729 -0.2183 -0.3299 -0.2183 0.0729 0.1129 0.0462 0.0148 -0.0068 -0.0398 -0.1499 -0.2861 -0.3345 -0.3352 -0.1957 0.0915 0.1048 0.0436 0.0132 -0.0090 -0.0454 -0.1682 -0.2964 -0.3366 -0.3330 -0.1458 0.1306 0.0858 0.0358 0.0088 -0.0153 -0.0630 -0.2078 -0.3126 -0.3385 -0.3285 -0.0779 0.1555 0.0685 0.0270 0.0033 -0.0235 -0.0914 -0.2456 -0.3249 -0.3381 -0.3229 -0.0008 0.1557 0.0551 0.0190 -0.0009 -0.0458
-0.0203 0.0226 0.0541 0.1509 0.0057 -0.3181 -0.3380 -0.3256 -0.2482 -0.0940 -0.0242 0.0029 0.0263 0.0673 0.1563 -0.0724 -0.3281 -0.3385 -0.3137 -0.2110 -0.0649 -0.0160 0.0084 0.0351 0.0844 0.1333 -0.1409 -0.3327 -0.3368 -0.2974 -0.1702 -0.0459 -0.0091 0.0132 0.0436 0.1052 0.0901 -0.1986 -0.3353 -0.3342 -0.2846 -0.1470 -0.0389 -0.0063 0.0152 0.0469 0.1149 0.0713 -0.2214 -0.3371 -0.3413 -0.3371 -0.2214 0.0713 0.1149 0.0469 0.0152 -0.0063 -0.0389 -0.1470 -0.2846 -0.3342 -0.3353 -0.1986 0.0901 0.1052 0.0436 0.0132 -0.0091 -0.0459 -0.1702 -0.2974 -0.3368 -0.3327 -0.1409 0.1333 0.0844 0.0351 0.0084 -0.0160 -0.0649 -0.2110 -0.3137 -0.3385 -0.3281 -0.0724 0.1563 0.0673 0.0263 0.0029 -0.0242 -0.0940 -0.2482 -0.3256 -0.3380 -0.3181 0.0057 0.1509 0.0541 0.0226 -0.0203
0.0033 0.0532 0.1458 0.0123 -0.3083 -0.3379 -0.3263 -0.2508 -0.0966 -0.0249 0.0025 0.0257 0.0662 0.1570 -0.0668 -0.3277 -0.3385 -0.3148 -0.2141 -0.0668 -0.0166 0.0080 0.0344 0.0830 0.1359 -0.1361 -0.3324 -0.3370 -0.2987 -0.1729 -0.0469 -0.0095 0.0130 0.0433 0.1048 0.0901 -0.1995 -0.3354 -0.3341 -0.2836 -0.1446 -0.0380 -0.0059 0.0156 0.0477 0.1175 0.0659 -0.2253 -0.3361 -0.3332 -0.3172 -0.3332 -0.3361 -0.2253 0.0659 0.1175 0.0477 0.0156 -0.0059 -0.0380 -0.1446 -0.2836 -0.3341 -0.3354 -0.1995 0.0901 0.1048 0.0433 0.0130 -0.0095 -0.0469 -0.1729 -0.2987 -0.3370 -0.3324 -0.1361 0.1359 0.0830 0.0344 0.0080 -0.0166 -0.0668 -0.2141 -0.3148 -0.3385 -0.3277 -0.0668 0.1570 0.0662 0.0257 0.0025 -0.0249 -0.0966 -0.2508 -0.3263 -0.3379 -0.3083 0.0123 0.1458 0.0532 0.0033
0.0337 0.1408 0.0191 -0.2976 -0.3378 -0.3270 -0.2534 -0.0993 -0.0255 0.0020 0.0251 0.0651 0.1576 -0.0611 -0.3273 -0.3386 -0.3159 -0.2172 -0.0687 -0.0172 0.0076 0.0337 0.0815 0.1386 -0.1311 -0.3321 -0.3372 -0.3000 -0.1759 -0.0480 -0.0099 0.0127 0.0429 0.1038 0.0915 -0.1986 -0.3354 -0.3340 -0.2830 -0.1432 -0.0374 -0.0055 0.0160 0.0484 0.1202 0.0605 -0.2320 -0.3363 -0.3305 -0.2744 -0.2107 -0.2744 -0.3305 -0.3363 -0.2320 0.0605 0.1202 0.0484 0.0160 -0.0055 -0.0374 -0.1432 -0.2830 -0.3340 -0.3354 -0.1986 0.0915 0.1038 0.0429 0.0127 -0.0099 -0.0480 -0.1759 -0.3000 -0.3372 -0.3321 -0.1311 0.1386 0.0815 0.0337 0.0076 -0.0172 -0.0687 -0.2172 -0.3159 -0.3386 -0.3273 -0.0611 0.1576 0.0651 0.0251 0.0020 -0.0255 -0.0993 -0.2534 -0.3270 -0.3378 -0.2976 0.0191 0.1408 0.0337
0.1077 0.0267 -0.2866 -0.3376 -0.3277 -0.2559 -0.1022 -0.0263 0.0015 0.0244 0.0639 0.1581 -0.0552 -0.3268 -0.3386 -0.3170 -0.2203 -0.0708 -0.0178 0.0071 0.0330 0.0800 0.1412 -0.1257 -0.3318 -0.3373 -0.3014 -0.1789 -0.0492 -0.0104 0.0123 0.0422 0.1021 0.0947 -0.1957 -0.3353 -0.3341 -0.2830 -0.1427 -0.0372 -0.0052 0.0163 0.0490 0.1230 0.0550 -0.2389 -0.3365 -0.3320 -0.2696 -0.1242 -0.0591 -0.1242 -0.2696 -0.3320 -0.3365 -0.2389 0.0550 0.1230 0.0490 0.0163 -0.0052 -0.0372 -0.1427 -0.2830 -0.3341 -0.3353 -0.1957 0.0947 0.1021 0.0422 0.0123 -0.0104 -0.0492 -0.1789 -0.3014 -0.3373 -0.3318 -0.1257 0.1412 0.0800 0.0330 0.0071 -0.0178 -0.0708 -0.2203 -0.3170 -0.3386 -0.3268 -0.0552 0.1581 0.0639 0.0244 0.0015 -0.0263 -0.1022 -0.2559 -0.3277 -0.3376 -0.2866 0.0267 0.1077
0.0210 -0.2763 -0.3375 -0.3284 -0.2585 -0.1052 -0.0270 0.0011 0.0237 0.0628 0.1584 -0.0491 -0.3264 -0.3386 -0.3180 -0.2235 -0.0730 -0.0185 0.0067 0.0323 0.0785 0.1437 -0.1201 -0.3314 -0.3375 -0.3027 -0.1820 -0.0505 -0.0109 0.0119 0.0415 0.1001 0.0990 -0.1909 -0.3352 -0.3342 -0.2836 -0.1432 -0.0372 -0.0052 0.0164 0.0494 0.1251 0.0503 -0.2456 -0.3367 -0.3315 -0.2731 -0.1218 -0.0297 -0.0073 -0.0297 -0.1218 -0.2731 -0.3315 -0.3367 -0.2456 0.0503 0.1251 0.0494 0.0164 -0.0052 -0.0372 -0.1432 -0.2836 -0.3342 -0.3352 -0.1909 0.0990 0.1001 0.0415 0.0119 -0.0109 -0.0505 -0.1820 -0.3027 -0.3375 -0.3314 -0.1201 0.1437 0.0785 0.0323 0.0067 -0.0185 -0.0730 -0.2235 -0.3180 -0.3386 -0.3264 -0.0491 0.1584 0.0628 0.0237 0.0011 -0.0270 -0.1052 -0.2585 -0.3284 -0.3375 -0.2763 0.0210
-0.1501 -0.3368 -0.3290 -0.2610 -0.1082 -0.0277 0.0006 0.0231 0.0617 0.1586 -0.0429 -0.3259 -0.3386 -0.3190 -0.2266 -0.0752 -0.0191 0.0062 0.0315 0.0770 0.1459 -0.1145 -0.3311 -0.3377 -0.3041 -0.1854 -0.0519 -0.0114 0.0116 0.0408 0.0983 0.1033 -0.1853 -0.3349 -0.3345 -0.2846 -0.1446 -0.0374 -0.0052 0.0164 0.0495 0.1260 0.0474 -0.2506 -0.3369 -0.3311 -0.2713 -0.1251 -0.0324 0.0001 0.0143 0.0001 -0.0324 -0.1251 -0.2713 -0.3311 -0.3369 -0.2506 0.0474 0.1260 0.0495 0.0164 -0.0052 -0.0374 -0.1446 -0.2846 -0.3345 -0.3349 -0.1853 0.1033 0.0983 0.0408 0.0116 -0.0114 -0.0519 -0.1854 -0.3041 -0.3377 -0.3311 -0.1145 0.1459 0.0770 0.0315 0.0062 -0.0191 -0.0752 -0.2266 -0.3190 -0.3386 -0.3259 -0.0429 0.1586 0.0617 0.0231 0.0006 -0.0277 -0.1082 -0.2610 -0.3290 -0.3368 -0.1501
-0.1933 -0.3297 -0.2633 -0.1114 -0.0284 0.0001 0.0224 0.0607 0.1588 -0.0366 -0.3255 -0.3385 -0.3200 -0.2297 -0.0775 -0.0198 0.0058 0.0308 0.0756 0.1479 -0.1089 -0.3307 -0.3379 -0.3055 -0.1889 -0.0534 -0.0120 0.0112 0.0401 0.0965 0.1074 -0.1799 -0.3347 -0.3348 -0.2861 -0.1470 -0.0380 -0.0055 0.0163 0.0494 0.1260 0.0466 -0.2529 -0.3369 -0.3308 -0.2696 -0.1224 -0.0319 -0.0025 0.0216 0.0449 0.0216 -0.0025 -0.0319 -0.1224 -0.2696 -0.3308 -0.3369 -0.2529 0.0466 0.1260 0.0494 0.0163 -0.0055 -0.0380 -0.1470 -0.2861 -0.3348 -0.3347 -0.1799 0.1074 0.0965 0.0401 0.0112 -0.0120 -0.0534 -0.1889 -0.3055 -0.3379 -0.3307 -0.1089 0.1479 0.0756 0.0308 0.0058 -0.0198 -0.0775 -0.2297 -0.3200 -0.3385 -0.3255 -0.0366 0.1588 0.0607 0.0224 0.0001 -0.0284 -0.1113 -0.2633 -0.3296 -0.1934
-0.2049 -0.2678 -0.1143 -0.0292 -0.0004 0.0218 0.0596 0.1588 -0.0303 -0.3250 -0.3385 -0.3210 -0.2328 -0.0799 -0.0205 0.0054 0.0301 0.0742 0.1497 -0.1033 -0.3303 -0.3380 -0.3070 -0.1924 -0.0551 -0.0126 0.0107 0.0394 0.0946 0.1116 -0.1745 -0.3345 -0.3351 -0.2877 -0.1499 -0.0389 -0.0059 0.0160 0.0490 0.1251 0.0474 -0.2529 -0.3370 -0.3306 -0.2686 -0.1204 -0.0312 -0.0022 0.0193 0.0566 0.0908 0.0566 0.0193 -0.0022 -0.0312 -0.1204 -0.2686 -0.3306 -0.3370 -0.2529 0.0474 0.1251 0.0490 0.0160 -0.0059 -0.0389 -0.1499 -0.2877 -0.3351 -0.3345 -0.1745 0.1116 0.0946 0.0394 0.0107 -0.0126 -0.0551 -0.1924 -0.3069 -0.3380 -0.3303 -0.1033 0.1497 0.0742 0.0301 0.0054 -0.0205 -0.0799 -0.2327 -0.3210 -0.3385 -0.3250 -0.0303 0.1588 0.0596 0.0218 -0.0004 -0.0292 -0.1142 -0.2680 -0.2049
-0.1774 -0.1222 -0.0299 -0.0009 0.0212 0.0586 0.1587 -0.0238 -0.3245 -0.3384 -0.3219 -0.2358 -0.0824 -0.0212 0.0049 0.0294 0.0729 0.1513 -0.0976 -0.3299 -0.3381 -0.3083 -0.1959 -0.0568 -0.0132 0.0103 0.0386 0.0926 0.1159 -0.1688 -0.3342 -0.3354 -0.2892 -0.1529 -0.0398 -0.0063 0.0156 0.0484 0.1230 0.0503 -0.2506 -0.3369 -0.3306 -0.2683 -0.1195 -0.0309 -0.0018 0.0196 0.0553 0.1291 0.1065 0.1291 0.0553 0.0196 -0.0018 -0.0309 -0.1195 -0.2683 -0.3306 -0.3369 -0.2506 0.0503 0.1230 0.0484 0.0156 -0.0063 -0.0398 -0.1529 -0.2892 -0.3354 -0.3342 -0.1688 0.1160 0.0926 0.0386 0.0103 -0.0132 -0.0567 -0.1960 -0.3083 -0.3381 -0.3299 -0.0976 0.1513 0.0729 0.0294 0.0049 -0.0211 -0.0824 -0.2357 -0.3219 -0.3384 -0.3245 -0.0238 0.1587 0.0586 0.0212 -0.0009 -0.0299 -0.1222 -0.1776
-0.1008 -0.0324 -0.0016 0.0206 0.0576 0.1586 -0.0175 -0.3241 -0.3384 -0.3227 -0.2385 -0.0848 -0.0218 0.0045 0.0287 0.0716 0.1527 -0.0922 -0.3295 -0.3382 -0.3095 -0.1993 -0.0585 -0.0138 0.0099 0.0378 0.0908 0.1200 -0.1629 -0.3339 -0.3357 -0.2907 -0.1558 -0.0408 -0.0068 0.0152 0.0477 0.1202 0.0550 -0.2456 -0.3369 -0.3308 -0.2686 -0.1195 -0.0308 -0.0017 0.0199 0.0557 0.1574 -0.0003 -0.2261 -0.0003 0.1574 0.0557 0.0199 -0.0017 -0.0308 -0.1195 -0.2686 -0.3308 -0.3369 -0.2456 0.0550 0.1202 0.0477 0.0152 -0.0068 -0.0408 -0.1559 -0.2908 -0.3357 -0.3339 -0.1626 0.1202 0.0907 0.0378 0.0099 -0.0138 -0.0585 -0.1995 -0.3096 -0.3382 -0.3295 -0.0920 0.1527 0.0716 0.0287 0.0045 -0.0218 -0.0849 -0.2386 -0.3228 -0.3384 -0.3241 -0.0173 0.1586 0.0575 0.0206 -0.0016 -0.0325 -0.1008
-0.0447 0.0000 0.0200 0.0566 0.1583 -0.0115 -0.3236 -0.3383 -0.3235 -0.2412 -0.0871 -0.0224 0.0041 0.0281 0.0705 0.1538 -0.0870 -0.3292 -0.3383 -0.3107 -0.2024 -0.0601 -0.0144 0.0095 0.0371 0.0891 0.1237 -0.1573 -0.3336 -0.3360 -0.2923 -0.1589 -0.0418 -0.0072 0.0148 0.0469 0.1175 0.0605 -0.2389 -0.3367 -0.3311 -0.2696 -0.1204 -0.0309 -0.0017 0.0200 0.0560 0.1580 -0.0020 -0.3236 -0.3345 -0.3236 -0.0019 0.1580 0.0560 0.0200 -0.0017 -0.0309 -0.1204 -0.2696 -0.3311 -0.3367 -0.2389 0.0605 0.1175 0.0469 0.0148 -0.0072 -0.0418 -0.1590 -0.2924 -0.3360 -0.3336 -0.1568 0.1240 0.0889 0.0370 0.0095 -0.0144 -0.0602 -0.2027 -0.3108 -0.3383 -0.3291 -0.0865 0.1539 0.0704 0.0280 0.0040 -0.0225 -0.0873 -0.2414 -0.3236 -0.3383 -0.3236 -0.0109 0.1583 0.0566 0.0199 0.0001 -0.0447
-0.0195 0.0234 0.0556 0.1576 -0.0050 -0.3232 -0.3382 -0.3243 -0.2439 -0.0896 -0.0231 0.0036 0.0274 0.0693 0.1549 -0.0816 -0.3288 -0.3384 -0.3119 -0.2056 -0.0618 -0.0150 0.0091 0.0364 0.0873 0.1273 -0.1516 -0.3333 -0.3362 -0.2939 -0.1622 -0.0429 -0.0077 0.0144 0.0462 0.1149 0.0659 -0.2320 -0.3365 -0.3315 -0.2711 -0.1222 -0.0312 -0.0018 0.0199 0.0560 0.1580 -0.0001 -0.3232 -0.3391 -0.3401 -0.3391 -0.3231 0.0000 0.1580 0.0560 0.0199 -0.0018 -0.0312 -0.1224 -0.2713 -0.3315 -0.3365 -0.2320 0.0659 0.1149 0.0462 0.0144 -0.0077 -0.0430 -0.1626 -0.2942 -0.3363 -0.3333 -0.1511 0.1277 0.0872 0.0363 0.0091 -0.0150 -0.0620 -0.2061 -0.3120 -0.3384 -0.3287 -0.0811 0.1550 0.0692 0.0274 0.0036 -0.0231 -0.0899 -0.2443 -0.3244 -0.3382 -0.3231 -0.0044 0.1573 0.0556 0.0234 -0.0195
0.0041 0.0547 0.1540 0.0018 -0.3217 -0.3381 -0.3251 -0.2466 -0.0923 -0.0238 0.0032 0.0267 0.0680 0.1559 -0.0758 -0.3284 -0.3385 -0.3130 -0.2090 -0.0637 -0.0156 0.0086 0.0356 0.0856 0.1309 -0.1458 -0.3330 -0.3365 -0.2957 -0.1657 -0.0441 -0.0082 0.0140 0.0455 0.1124 0.0712 -0.2254 -0.3364 -0.3319 -0.2729 -0.1248 -0.0318 -0.0021 0.0197 0.0557 0.1577 -0.0001 -0.3226 -0.3376 -0.3264 -0.3016 -0.3256 -0.3374 -0.3223 0.0001 0.1580 0.0557 0.0196 -0.0022 -0.0319 -0.1251 -0.2731 -0.3320 -0.3363 -0.2253 0.0713 0.1129 0.0454 0.0139 -0.0084 -0.0444 -0.1664 -0.2959 -0.3365 -0.3329 -0.1452 0.1312 0.0856 0.0355 0.0085 -0.0157 -0.0641 -0.2096 -0.3132 -0.3385 -0.3283 -0.0752 0.1560 0.0680 0.0266 0.0030 -0.0240 -0.0928 -0.2471 -0.3252 -0.3381 -0.3212 0.0024 0.1553 0.0546 0.0040
0.0351 0.1486 0.0086 -0.3146 -0.3380 -0.3259 -0.2494 -0.0951 -0.0245 0.0027 0.0260 0.0668 0.1567 -0.0700 -0.3279 -0.3385 -0.3142 -0.2124 -0.0657 -0.0162 0.0082 0.0348 0.0839 0.1342 -0.1400 -0.3327 -0.3368 -0.2973 -0.1693 -0.0454 -0.0088 0.0136 0.0447 0.1100 0.0764 -0.2189 -0.3362 -0.3323 -0.2747 -0.1276 -0.0325 -0.0025 0.0193 0.0552 0.1557 0.0015 -0.3221 -0.3380 -0.3238 -0.2470 -0.1688 -0.2442 -0.3186 -0.3369 -0.3230 -0.0018 0.1574 0.0553 0.0193 -0.0025 -0.0324 -0.1218 -0.2696 -0.3305 -0.3361 -0.2214 0.0729 0.1113 0.0448 0.0136 -0.0088 -0.0443 -0.1628 -0.2932 -0.3355 -0.3329 -0.1418 0.1320 0.0845 0.0349 0.0082 -0.0163 -0.0633 -0.2057 -0.3111 -0.3377 -0.3283 -0.0723 0.1557 0.0671 0.0260 0.0027 -0.0246 -0.0910 -0.2435 -0.3235 -0.3376 -0.3180 0.0050 0.1531 0.0356
0.1134 0.0155 -0.3032 -0.3379 -0.3266 -0.2519 -0.0978 -0.0252 0.0022 0.0254 0.0657 0.1573 -0.0643 -0.3275 -0.3385 -0.3153 -0.2154 -0.0676 -0.0169 0.0078 0.0341 0.0824 0.1370 -0.1344 -0.3323 -0.3370 -0.2988 -0.1728 -0.0467 -0.0094 0.0132 0.0439 0.1076 0.0818 -0.2127 -0.3360 -0.3328 -0.2765 -0.1304 -0.0333 -0.0029 0.0188 0.0544 0.1516 0.0055 -0.3180 -0.3380 -0.3264 -0.2446 -0.0893 -0.0417 -0.1227 -0.2807 -0.3241 -0.3384 -0.3235 -0.0002 0.1291 0.0566 0.0216 0.0000 -0.0297 -0.1242 -0.2744 -0.3332 -0.3371 -0.2183 0.0765 0.1005 0.0466 0.0157 -0.0061 -0.0427 -0.1670 -0.2977 -0.3377 -0.3335 -0.1389 0.1343 0.0812 0.0370 0.0103 -0.0133 -0.0627 -0.2108 -0.3149 -0.3395 -0.3287 -0.0691 0.1391 0.0669 0.0283 0.0050 -0.0214 -0.0920 -0.2487 -0.3267 -0.3389 -0.3150 0.0066 0.0981
0.0135 -0.2931 -0.3378 -0.3273 -0.2543 -0.1004 -0.0258 0.0018 0.0248 0.0647 0.1578 -0.0589 -0.3271 -0.3386 -0.3163 -0.2184 -0.0695 -0.0174 0.0074 0.0334 0.0809 0.1396 -0.1292 -0.3320 -0.3372 -0.3002 -0.1761 -0.0480 -0.0099 0.0128 0.0431 0.1051 0.0872 -0.2063 -0.3358 -0.3331 -0.2783 -0.1332 -0.0340 -0.0033 0.0184 0.0536 0.1471 0.0109 -0.3098 -0.3379 -0.3266 -0.2522 -0.0920 -0.0210 -0.0098 -0.0793 -0.2857 -0.3420 -0.3397 -0.3345 -0.2264 0.1063 0.0909 0.0450 0.0143 -0.0073 -0.0591 -0.2107 -0.3172 -0.3413 -0.3299 -0.1178 0.1280 0.0768 0.0362 0.0091 -0.0156 -0.0876 -0.2491 -0.3289 -0.3406 -0.3240 -0.0261 0.1298 0.0644 0.0277 0.0041 -0.0269 -0.1271 -0.2802 -0.3363 -0.3380 -0.2739 0.0576 0.1080 0.0535 0.0200 -0.0015 -0.0417 -0.1730 -0.3031 -0.3402 -0.3342 -0.2230 0.0696
