0.0178 0.1389 0.3574 1.0000 1.0000 1.0000 1.0000 0.0007 0.0020 0.0056 0.0161 0.0460 0.1317 0.3762 1.0000 1.0000 1.0000 1.0000 0.0007 0.0020 0.0058 0.0167 0.0476 0.1360 0.3886 1.0000 1.0000 1.0000 1.0000 0.0007 0.0021 0.0060 0.0172 0.0492 0.1405 0.4021 1.0000 1.0000 1.0000 1.0000 0.0008 0.0022 0.0062 0.0178 0.0508 0.1457 0.4169 1.0000 1.0000 1.0000 1.0000 1.0000 1.0000 1.0000 0.4169 0.1457 0.0508 0.0178 0.0062 0.0022 0.0008 1.0000 1.0000 1.0000 1.0000 0.4021 0.1405 0.0492 0.0172 0.0060 0.0021 0.0007 1.0000 1.0000 1.0000 1.0000 0.3886 0.1360 0.0476 0.0167 0.0058 0.0020 0.0007 1.0000 1.0000 1.0000 1.0000 0.3762 0.1317 0.0460 0.0161 0.0056 0.0020 0.0007 1.0000 1.0000 1.0000 1.0000 0.3574 0.1389 0.0178
0.1389 0.9719 1.0000 1.0000 1.0000 1.0000 0.0017 0.0047 0.0135 0.0388 0.1105 0.3171 0.9041 1.0000 1.0000 1.0000 1.0000 0.0017 0.0049 0.0140 0.0401 0.1146 0.3275 0.9356 1.0000 1.0000 1.0000 1.0000 0.0018 0.0051 0.0145 0.0414 0.1182 0.3389 0.9663 1.0000 1.0000 1.0000 1.0000 0.0018 0.0053 0.0150 0.0429 0.1223 0.3507 1.0000 1.0000 1.0000 1.0000 1.0000 0.0017 1.0000 1.0000 1.0000 1.0000 1.0000 0.3507 0.1223 0.0429 0.0150 0.0053 0.0018 1.0000 1.0000 1.0000 1.0000 0.9663 0.3389 0.1182 0.0414 0.0145 0.0051 0.0018 1.0000 1.0000 1.0000 1.0000 0.9356 0.3275 0.1146 0.0401 0.0140 0.0049 0.0017 1.0000 1.0000 1.0000 1.0000 0.9041 0.3171 0.1105 0.0388 0.0135 0.0047 0.0017 1.0000 1.0000 1.0000 1.0000 0.9719 0.1389
0.3574 1.0000 1.0000 1.0000 1.0000 0.0015 0.0044 0.0125 0.0359 0.1023 0.2933 0.8379 1.0000 1.0000 1.0000 1.0000 0.0016 0.0046 0.0130 0.0372 0.1062 0.3035 0.8671 1.0000 1.0000 1.0000 1.0000 0.0016 0.0047 0.0134 0.0383 0.1095 0.3135 0.8939 1.0000 1.0000 1.0000 1.0000 0.0017 0.0049 0.0139 0.0397 0.1135 0.3250 0.9285 1.0000 1.0000 1.0000 1.0000 0.0020 0.0044 0.0020 1.0000 1.0000 1.0000 1.0000 0.9285 0.3250 0.1135 0.0397 0.0139 0.0049 0.0017 1.0000 1.0000 1.0000 1.0000 0.8939 0.3135 0.1095 0.0383 0.0134 0.0047 0.0016 1.0000 1.0000 1.0000 1.0000 0.8671 0.3035 0.1062 0.0372 0.0130 0.0046 0.0016 1.0000 1.0000 1.0000 1.0000 0.8379 0.2933 0.1023 0.0359 0.0125 0.0044 0.0015 1.0000 1.0000 1.0000 1.0000 0.3574
1.0000 1.0000 1.0000 1.0000 0.0016 0.0045 0.0129 0.0370 0.1060 0.3035 0.8687 1.0000 1.0000 1.0000 1.0000 0.0016 0.0047 0.0135 0.0386 0.1103 0.3152 0.9007 1.0000 1.0000 1.0000 1.0000 0.0017 0.0049 0.0139 0.0398 0.1137 0.3250 0.9267 1.0000 1.0000 1.0000 1.0000 0.0018 0.0051 0.0144 0.0413 0.1179 0.3369 0.9608 1.0000 1.0000 1.0000 1.0000 0.0018 0.0060 0.0129 0.0060 0.0018 1.0000 1.0000 1.0000 1.0000 0.9608 0.3369 0.1179 0.0413 0.0144 0.0051 0.0018 1.0000 1.0000 1.0000 1.0000 0.9267 0.3250 0.1137 0.0398 0.0139 0.0049 0.0017 1.0000 1.0000 1.0000 1.0000 0.9007 0.3152 0.1103 0.0386 0.0135 0.0047 0.0016 1.0000 1.0000 1.0000 1.0000 0.8687 0.3035 0.1060 0.0370 0.0129 0.0045 0.0016 1.0000 1.0000 1.0000 1.0000
1.0000 1.0000 1.0000 0.0016 0.0045 0.0130 0.0375 0.1074 0.3081 0.8837 1.0000 1.0000 1.0000 1.0000 0.0017 0.0048 0.0138 0.0394 0.1127 0.3219 0.9197 1.0000 1.0000 1.0000 1.0000 0.0017 0.0050 0.0142 0.0407 0.1162 0.3319 0.9481 1.0000 1.0000 1.0000 1.0000 0.0018 0.0052 0.0148 0.0422 0.1204 0.3441 0.9830 1.0000 1.0000 1.0000 0.0007 0.0019 0.0053 0.0175 0.0375 0.0175 0.0053 0.0019 0.0007 1.0000 1.0000 1.0000 0.9830 0.3441 0.1204 0.0422 0.0148 0.0052 0.0018 1.0000 1.0000 1.0000 1.0000 0.9481 0.3319 0.1162 0.0407 0.0142 0.0050 0.0017 1.0000 1.0000 1.0000 1.0000 0.9197 0.3219 0.1127 0.0394 0.0138 0.0048 0.0017 1.0000 1.0000 1.0000 1.0000 0.8837 0.3081 0.1074 0.0375 0.0130 0.0045 0.0016 1.0000 1.0000 1.0000
1.0000 1.0000 0.0015 0.0045 0.0130 0.0377 0.1087 0.3129 0.8990 1.0000 1.0000 1.0000 1.0000 0.0017 0.0049 0.0141 0.0403 0.1153 0.3293 0.9410 1.0000 1.0000 1.0000 1.0000 0.0018 0.0051 0.0146 0.0416 0.1188 0.3395 0.9700 1.0000 1.0000 1.0000 0.0006 0.0018 0.0053 0.0151 0.0431 0.1232 0.3520 1.0000 1.0000 1.0000 1.0000 0.0007 0.0019 0.0054 0.0156 0.0511 0.1095 0.0511 0.0156 0.0054 0.0019 0.0007 1.0000 1.0000 1.0000 1.0000 0.3520 0.1232 0.0431 0.0151 0.0053 0.0018 0.0006 1.0000 1.0000 1.0000 0.9700 0.3395 0.1188 0.0416 0.0146 0.0051 0.0018 1.0000 1.0000 1.0000 1.0000 0.9410 0.3293 0.1153 0.0403 0.0141 0.0049 0.0017 1.0000 1.0000 1.0000 1.0000 0.8990 0.3129 0.1087 0.0377 0.0130 0.0045 0.0015 1.0000 1.0000
1.0000 0.0017 0.0044 0.0129 0.0375 0.1087 0.3141 0.9058 1.0000 1.0000 1.0000 1.0000 0.0018 0.0050 0.0144 0.0411 0.1177 0.3369 0.9627 1.0000 1.0000 1.0000 1.0000 0.0018 0.0052 0.0149 0.0426 0.1216 0.3474 0.9924 1.0000 1.0000 1.0000 0.0007 0.0019 0.0054 0.0154 0.0441 0.1261 0.3601 1.0000 1.0000 1.0000 1.0000 0.0007 0.0020 0.0056 0.0159 0.0456 0.1493 0.3195 0.1493 0.0456 0.0159 0.0056 0.0020 0.0007 1.0000 1.0000 1.0000 1.0000 0.3601 0.1261 0.0441 0.0154 0.0054 0.0019 0.0007 1.0000 1.0000 1.0000 0.9924 0.3474 0.1216 0.0426 0.0149 0.0052 0.0018 1.0000 1.0000 1.0000 1.0000 0.9627 0.3369 0.1177 0.0411 0.0144 0.0050 0.0018 1.0000 1.0000 1.0000 1.0000 0.9058 0.3141 0.1087 0.0375 0.0129 0.0044 0.0017 1.0000
0.0007 0.0047 0.0125 0.0370 0.1074 0.3129 0.9058 1.0000 1.0000 1.0000 1.0000 0.0018 0.0051 0.0147 0.0420 0.1202 0.3441 0.9830 1.0000 1.0000 1.0000 0.0007 0.0019 0.0053 0.0152 0.0435 0.1244 0.3554 1.0000 1.0000 1.0000 1.0000 0.0007 0.0019 0.0055 0.0158 0.0451 0.1290 0.3685 1.0000 1.0000 1.0000 1.0000 0.0007 0.0020 0.0057 0.0163 0.0464 0.1332 0.4364 0.9338 0.4364 0.1332 0.0464 0.0163 0.0057 0.0020 0.0007 1.0000 1.0000 1.0000 1.0000 0.3685 0.1290 0.0451 0.0158 0.0055 0.0019 0.0007 1.0000 1.0000 1.0000 1.0000 0.3554 0.1244 0.0435 0.0152 0.0053 0.0019 0.0007 1.0000 1.0000 1.0000 0.9830 0.3441 0.1202 0.0420 0.0147 0.0051 0.0018 1.0000 1.0000 1.0000 1.0000 0.9058 0.3129 0.1074 0.0370 0.0125 0.0047 0.0007
0.0020 0.0135 0.0359 0.1060 0.3081 0.8990 1.0000 1.0000 1.0000 1.0000 0.0018 0.0052 0.0149 0.0427 0.1225 0.3507 1.0000 1.0000 1.0000 1.0000 0.0007 0.0019 0.0055 0.0156 0.0445 0.1273 0.3636 1.0000 1.0000 1.0000 1.0000 0.0007 0.0020 0.0056 0.0161 0.0460 0.1317 0.3770 1.0000 1.0000 1.0000 1.0000 0.0007 0.0020 0.0058 0.0167 0.0477 0.1358 0.3893 1.0000 1.0000 1.0000 0.3893 0.1358 0.0477 0.0167 0.0058 0.0020 0.0007 1.0000 1.0000 1.0000 1.0000 0.3770 0.1317 0.0460 0.0161 0.0056 0.0020 0.0007 1.0000 1.0000 1.0000 1.0000 0.3636 0.1273 0.0445 0.0156 0.0055 0.0019 0.0007 1.0000 1.0000 1.0000 1.0000 0.3507 0.1225 0.0427 0.0149 0.0052 0.0018 1.0000 1.0000 1.0000 1.0000 0.8990 0.3081 0.1060 0.0359 0.0135 0.0020
0.0056 0.0388 0.1023 0.3035 0.8837 1.0000 1.0000 1.0000 1.0000 0.0018 0.0052 0.0150 0.0433 0.1244 0.3567 1.0000 1.0000 1.0000 1.0000 0.0007 0.0020 0.0056 0.0159 0.0456 0.1302 0.3720 1.0000 1.0000 1.0000 1.0000 0.0007 0.0020 0.0058 0.0164 0.0471 0.1347 0.3849 1.0000 1.0000 1.0000 1.0000 0.0007 0.0021 0.0060 0.0170 0.0487 0.1394 0.3968 1.0000 1.0000 1.0000 1.0000 1.0000 0.3968 0.1394 0.0487 0.0170 0.0060 0.0021 0.0007 1.0000 1.0000 1.0000 1.0000 0.3849 0.1347 0.0471 0.0164 0.0058 0.0020 0.0007 1.0000 1.0000 1.0000 1.0000 0.3720 0.1302 0.0456 0.0159 0.0056 0.0020 0.0007 1.0000 1.0000 1.0000 1.0000 0.3567 0.1244 0.0433 0.0150 0.0052 0.0018 1.0000 1.0000 1.0000 1.0000 0.8837 0.3035 0.1023 0.0388 0.0056
0.0161 0.1105 0.2933 0.8687 1.0000 1.0000 1.0000 1.0000 0.0018 0.0052 0.0151 0.0435 0.1256 0.3615 1.0000 1.0000 1.0000 1.0000 0.0007 0.0020 0.0057 0.0163 0.0466 0.1332 0.3806 1.0000 1.0000 1.0000 1.0000 0.0007 0.0021 0.0059 0.0168 0.0481 0.1376 0.3931 1.0000 1.0000 1.0000 1.0000 0.0007 0.0021 0.0061 0.0174 0.0497 0.1424 0.4075 1.0000 1.0000 1.0000 1.0000 1.0000 1.0000 1.0000 0.4075 0.1424 0.0497 0.0174 0.0061 0.0021 0.0007 1.0000 1.0000 1.0000 1.0000 0.3931 0.1376 0.0481 0.0168 0.0059 0.0021 0.0007 1.0000 1.0000 1.0000 1.0000 0.3806 0.1332 0.0466 0.0163 0.0057 0.0020 0.0007 1.0000 1.0000 1.0000 1.0000 0.3615 0.1256 0.0435 0.0151 0.0052 0.0018 1.0000 1.0000 1.0000 1.0000 0.8687 0.2933 0.1105 0.0161
0.0460 0.3171 0.8379 1.0000 1.0000 1.0000 1.0000 0.0018 0.0052 0.0150 0.0435 0.1261 0.3636 1.0000 1.0000 1.0000 1.0000 0.0007 0.0020 0.0058 0.0167 0.0476 0.1363 0.3893 1.0000 1.0000 1.0000 1.0000 0.0007 0.0021 0.0060 0.0172 0.0492 0.1405 0.4021 1.0000 1.0000 1.0000 1.0000 0.0008 0.0022 0.0062 0.0178 0.0510 0.1457 0.4161 1.0000 1.0000 1.0000 1.0000 1.0000 1.0000 1.0000 1.0000 1.0000 0.4161 0.1457 0.0510 0.0178 0.0062 0.0022 0.0008 1.0000 1.0000 1.0000 1.0000 0.4021 0.1405 0.0492 0.0172 0.0060 0.0021 0.0007 1.0000 1.0000 1.0000 1.0000 0.3893 0.1363 0.0476 0.0167 0.0058 0.0020 0.0007 1.0000 1.0000 1.0000 1.0000 0.3636 0.1261 0.0435 0.0150 0.0052 0.0018 1.0000 1.0000 1.0000 1.0000 0.8379 0.3171 0.0460
0.1317 0.9041 1.0000 1.0000 1.0000 1.0000 0.0018 0.0051 0.0149 0.0433 0.1256 0.3636 1.0000 1.0000 1.0000 1.0000 0.0007 0.0021 0.0059 0.0170 0.0486 0.1392 0.3976 1.0000 1.0000 1.0000 1.0000 0.0008 0.0022 0.0062 0.0176 0.0503 0.1435 0.4106 1.0000 1.0000 1.0000 1.0000 0.0008 0.0022 0.0064 0.0183 0.0522 0.1490 0.4249 1.0000 1.0000 1.0000 1.0000 0.0009 0.0020 0.0009 1.0000 1.0000 1.0000 1.0000 0.4249 0.1490 0.0522 0.0183 0.0064 0.0022 0.0008 1.0000 1.0000 1.0000 1.0000 0.4106 0.1435 0.0503 0.0176 0.0062 0.0022 0.0008 1.0000 1.0000 1.0000 1.0000 0.3976 0.1392 0.0486 0.0170 0.0059 0.0021 0.0007 1.0000 1.0000 1.0000 1.0000 0.3636 0.1256 0.0433 0.0149 0.0051 0.0018 1.0000 1.0000 1.0000 1.0000 0.9041 0.1317
0.3762 1.0000 1.0000 1.0000 1.0000 0.0017 0.0050 0.0147 0.0427 0.1244 0.3615 1.0000 1.0000 1.0000 1.0000 0.0007 0.0021 0.0060 0.0173 0.0495 0.1418 0.4060 1.0000 1.0000 1.0000 1.0000 0.0008 0.0022 0.0063 0.0180 0.0515 0.1470 0.4201 1.0000 1.0000 1.0000 1.0000 0.0008 0.0023 0.0065 0.0187 0.0534 0.1525 0.4356 1.0000 1.0000 1.0000 1.0000 0.0008 0.0027 0.0058 0.0027 0.0008 1.0000 1.0000 1.0000 1.0000 0.4356 0.1525 0.0534 0.0187 0.0065 0.0023 0.0008 1.0000 1.0000 1.0000 1.0000 0.4193 0.1470 0.0515 0.0180 0.0063 0.0022 0.0008 1.0000 1.0000 1.0000 1.0000 0.4060 0.1418 0.0495 0.0173 0.0060 0.0021 0.0007 1.0000 1.0000 1.0000 1.0000 0.3615 0.1244 0.0427 0.0147 0.0050 0.0017 1.0000 1.0000 1.0000 1.0000 0.3762
1.0000 1.0000 1.0000 1.0000 0.0017 0.0049 0.0144 0.0420 0.1225 0.3567 1.0000 1.0000 1.0000 1.0000 0.0007 0.0021 0.0061 0.0175 0.0503 0.1443 0.4138 1.0000 1.0000 1.0000 1.0000 0.0008 0.0023 0.0065 0.0184 0.0527 0.1504 0.4298 1.0000 1.0000 1.0000 1.0000 0.0008 0.0023 0.0067 0.0191 0.0546 0.1560 0.4456 1.0000 1.0000 1.0000 1.0000 0.0008 0.0024 0.0079 0.0170 0.0079 0.0024 0.0008 1.0000 1.0000 1.0000 1.0000 0.4456 0.1560 0.0546 0.0191 0.0067 0.0023 0.0008 1.0000 1.0000 1.0000 1.0000 0.4298 0.1504 0.0527 0.0184 0.0065 0.0023 0.0008 1.0000 1.0000 1.0000 1.0000 0.4138 0.1443 0.0503 0.0175 0.0061 0.0021 0.0007 1.0000 1.0000 1.0000 1.0000 0.3567 0.1225 0.0420 0.0144 0.0049 0.0017 1.0000 1.0000 1.0000 1.0000
1.0000 1.0000 1.0000 0.0016 0.0048 0.0141 0.0411 0.1202 0.3507 1.0000 1.0000 1.0000 1.0000 0.0007 0.0021 0.0061 0.0176 0.0508 0.1462 0.4201 1.0000 1.0000 1.0000 1.0000 0.0008 0.0023 0.0066 0.0189 0.0539 0.1539 0.4397 1.0000 1.0000 1.0000 1.0000 0.0008 0.0024 0.0068 0.0195 0.0559 0.1596 0.4559 1.0000 1.0000 1.0000 1.0000 0.0009 0.0025 0.0071 0.0232 0.0495 0.0232 0.0071 0.0025 0.0009 1.0000 1.0000 1.0000 1.0000 0.4559 0.1596 0.0559 0.0195 0.0068 0.0024 0.0008 1.0000 1.0000 1.0000 1.0000 0.4397 0.1539 0.0539 0.0189 0.0066 0.0023 0.0008 1.0000 1.0000 1.0000 1.0000 0.4201 0.1462 0.0508 0.0176 0.0061 0.0021 0.0007 1.0000 1.0000 1.0000 1.0000 0.3507 0.1202 0.0411 0.0141 0.0048 0.0016 1.0000 1.0000 1.0000
1.0000 1.0000 0.0016 0.0047 0.0138 0.0403 0.1177 0.3441 1.0000 1.0000 1.0000 1.0000 0.0007 0.0021 0.0061 0.0176 0.0510 0.1470 0.4241 1.0000 1.0000 1.0000 1.0000 0.0008 0.0024 0.0067 0.0193 0.0551 0.1575 0.4499 1.0000 1.0000 1.0000 1.0000 0.0009 0.0024 0.0070 0.0200 0.0571 0.1633 0.4664 1.0000 1.0000 1.0000 1.0000 0.0009 0.0025 0.0072 0.0207 0.0677 0.1448 0.0677 0.0207 0.0072 0.0025 0.0009 1.0000 1.0000 1.0000 1.0000 0.4664 0.1633 0.0571 0.0200 0.0070 0.0024 0.0009 1.0000 1.0000 1.0000 1.0000 0.4499 0.1575 0.0551 0.0193 0.0067 0.0024 0.0008 1.0000 1.0000 1.0000 1.0000 0.4241 0.1470 0.0510 0.0176 0.0061 0.0021 0.0007 1.0000 1.0000 1.0000 1.0000 0.3441 0.1177 0.0403 0.0138 0.0047 0.0016 1.0000 1.0000
1.0000 0.0017 0.0046 0.0135 0.0394 0.1153 0.3369 0.9830 1.0000 1.0000 1.0000 0.0007 0.0021 0.0060 0.0175 0.0508 0.1470 0.4257 1.0000 1.0000 1.0000 1.0000 0.0008 0.0024 0.0069 0.0197 0.0563 0.1608 0.4603 1.0000 1.0000 1.0000 1.0000 0.0009 0.0025 0.0071 0.0204 0.0585 0.1670 0.4772 1.0000 1.0000 1.0000 1.0000 0.0009 0.0026 0.0074 0.0211 0.0604 0.1978 0.4233 0.1978 0.0604 0.0211 0.0074 0.0026 0.0009 1.0000 1.0000 1.0000 1.0000 0.4772 0.1670 0.0585 0.0204 0.0071 0.0025 0.0009 1.0000 1.0000 1.0000 1.0000 0.4603 0.1608 0.0563 0.0197 0.0069 0.0024 0.0008 1.0000 1.0000 1.0000 1.0000 0.4257 0.1470 0.0508 0.0175 0.0060 0.0021 0.0007 1.0000 1.0000 1.0000 0.9830 0.3369 0.1153 0.0394 0.0135 0.0046 0.0017 1.0000
0.0007 0.0049 0.0130 0.0386 0.1127 0.3293 0.9627 1.0000 1.0000 1.0000 0.0007 0.0020 0.0059 0.0173 0.0503 0.1462 0.4241 1.0000 1.0000 1.0000 1.0000 0.0008 0.0024 0.0070 0.0200 0.0574 0.1642 0.4700 1.0000 1.0000 1.0000 1.0000 0.0009 0.0025 0.0073 0.0209 0.0597 0.1709 0.4882 1.0000 1.0000 1.0000 1.0000 0.0009 0.0026 0.0076 0.0216 0.0615 0.1765 0.5783 1.0000 0.5783 0.1765 0.0615 0.0216 0.0076 0.0026 0.0009 1.0000 1.0000 1.0000 1.0000 0.4882 0.1709 0.0597 0.0209 0.0073 0.0025 0.0009 1.0000 1.0000 1.0000 1.0000 0.4700 0.1642 0.0574 0.0200 0.0070 0.0024 0.0008 1.0000 1.0000 1.0000 1.0000 0.4241 0.1462 0.0503 0.0173 0.0059 0.0020 0.0007 1.0000 1.0000 1.0000 0.9627 0.3293 0.1127 0.0386 0.0130 0.0049 0.0007
0.0020 0.0140 0.0372 0.1103 0.3219 0.9410 1.0000 1.0000 1.0000 0.0007 0.0020 0.0058 0.0170 0.0495 0.1443 0.4201 1.0000 1.0000 1.0000 1.0000 0.0009 0.0025 0.0071 0.0203 0.0583 0.1673 0.4790 1.0000 1.0000 1.0000 1.0000 0.0009 0.0026 0.0075 0.0213 0.0611 0.1745 0.4995 1.0000 1.0000 1.0000 1.0000 0.0009 0.0027 0.0077 0.0221 0.0632 0.1799 0.5159 1.0000 1.0000 1.0000 0.5159 0.1799 0.0632 0.0221 0.0077 0.0027 0.0009 1.0000 1.0000 1.0000 1.0000 0.4995 0.1745 0.0611 0.0213 0.0075 0.0026 0.0009 1.0000 1.0000 1.0000 1.0000 0.4790 0.1673 0.0583 0.0203 0.0071 0.0025 0.0009 1.0000 1.0000 1.0000 1.0000 0.4201 0.1443 0.0495 0.0170 0.0058 0.0020 0.0007 1.0000 1.0000 1.0000 0.9410 0.3219 0.1103 0.0372 0.0140 0.0020
0.0058 0.0401 0.1062 0.3152 0.9197 1.0000 1.0000 1.0000 0.0007 0.0020 0.0057 0.0167 0.0486 0.1418 0.4138 1.0000 1.0000 1.0000 1.0000 0.0009 0.0025 0.0071 0.0205 0.0591 0.1699 0.4873 1.0000 1.0000 1.0000 1.0000 0.0009 0.0027 0.0076 0.0218 0.0624 0.1782 0.5101 1.0000 1.0000 1.0000 1.0000 0.0010 0.0028 0.0079 0.0225 0.0645 0.1847 0.5258 1.0000 1.0000 1.0000 1.0000 1.0000 0.5258 0.1847 0.0645 0.0225 0.0079 0.0028 0.0010 1.0000 1.0000 1.0000 1.0000 0.5101 0.1785 0.0624 0.0218 0.0076 0.0027 0.0009 1.0000 1.0000 1.0000 1.0000 0.4873 0.1699 0.0591 0.0205 0.0071 0.0025 0.0009 1.0000 1.0000 1.0000 1.0000 0.4138 0.1418 0.0486 0.0167 0.0057 0.0020 0.0007 1.0000 1.0000 1.0000 0.9197 0.3152 0.1062 0.0401 0.0058
0.0167 0.1146 0.3035 0.9007 1.0000 1.0000 1.0000 0.0007 0.0019 0.0056 0.0163 0.0476 0.1392 0.4060 1.0000 1.0000 1.0000 1.0000 0.0008 0.0025 0.0071 0.0206 0.0595 0.1715 0.4938 1.0000 1.0000 1.0000 1.0000 0.0010 0.0027 0.0078 0.0223 0.0637 0.1823 0.5218 1.0000 1.0000 1.0000 1.0000 0.0010 0.0028 0.0081 0.0231 0.0660 0.1886 0.5400 1.0000 1.0000 1.0000 1.0000 1.0000 1.0000 1.0000 0.5400 0.1886 0.0660 0.0231 0.0081 0.0028 0.0010 1.0000 1.0000 1.0000 1.0000 0.5208 0.1823 0.0637 0.0223 0.0078 0.0027 0.0010 1.0000 1.0000 1.0000 1.0000 0.4938 0.1715 0.0595 0.0206 0.0071 0.0025 0.0008 1.0000 1.0000 1.0000 1.0000 0.4060 0.1392 0.0476 0.0163 0.0056 0.0019 0.0007 1.0000 1.0000 1.0000 0.9007 0.3035 0.1146 0.0167
0.0476 0.3275 0.8671 1.0000 1.0000 1.0000 1.0000 0.0019 0.0055 0.0159 0.0466 0.1363 0.3976 1.0000 1.0000 1.0000 1.0000 0.0008 0.0024 0.0071 0.0205 0.0595 0.1722 0.4967 1.0000 1.0000 1.0000 1.0000 0.0010 0.0028 0.0080 0.0228 0.0650 0.1862 0.5329 1.0000 1.0000 1.0000 1.0000 0.0010 0.0029 0.0083 0.0236 0.0676 0.1926 0.5514 1.0000 1.0000 1.0000 1.0000 0.0009 1.0000 1.0000 1.0000 1.0000 0.5514 0.1926 0.0676 0.0236 0.0083 0.0029 0.0010 1.0000 1.0000 1.0000 1.0000 0.5329 0.1862 0.0650 0.0228 0.0080 0.0028 0.0010 1.0000 1.0000 1.0000 1.0000 0.4967 0.1722 0.0595 0.0205 0.0071 0.0024 0.0008 1.0000 1.0000 1.0000 1.0000 0.3976 0.1363 0.0466 0.0159 0.0055 0.0019 1.0000 1.0000 1.0000 1.0000 0.8671 0.3275 0.0476
0.1360 0.9356 1.0000 1.0000 1.0000 1.0000 0.0018 0.0053 0.0156 0.0456 0.1332 0.3893 1.0000 1.0000 1.0000 1.0000 0.0008 0.0024 0.0070 0.0203 0.0591 0.1715 0.4967 1.0000 1.0000 1.0000 1.0000 0.0010 0.0028 0.0081 0.0232 0.0664 0.1901 0.5441 1.0000 1.0000 1.0000 1.0000 0.0010 0.0030 0.0085 0.0242 0.0691 0.1975 0.5641 1.0000 1.0000 1.0000 1.0000 0.0012 0.0026 0.0012 1.0000 1.0000 1.0000 1.0000 0.5641 0.1975 0.0691 0.0242 0.0085 0.0030 0.0010 1.0000 1.0000 1.0000 1.0000 0.5441 0.1901 0.0664 0.0232 0.0081 0.0028 0.0010 1.0000 1.0000 1.0000 1.0000 0.4967 0.1715 0.0591 0.0203 0.0070 0.0024 0.0008 1.0000 1.0000 1.0000 1.0000 0.3893 0.1332 0.0456 0.0156 0.0053 0.0018 1.0000 1.0000 1.0000 1.0000 0.9356 0.1360
0.3886 1.0000 1.0000 1.0000 1.0000 0.0018 0.0052 0.0152 0.0445 0.1302 0.3806 1.0000 1.0000 1.0000 1.0000 0.0008 0.0024 0.0069 0.0200 0.0583 0.1699 0.4938 1.0000 1.0000 1.0000 1.0000 0.0010 0.0029 0.0082 0.0236 0.0677 0.1937 0.5546 1.0000 1.0000 1.0000 1.0000 0.0011 0.0030 0.0087 0.0247 0.0707 0.2020 0.5772 1.0000 1.0000 1.0000 1.0000 0.0011 0.0036 0.0077 0.0036 0.0011 1.0000 1.0000 1.0000 1.0000 0.5772 0.2020 0.0707 0.0247 0.0087 0.0030 0.0011 1.0000 1.0000 1.0000 1.0000 0.5546 0.1937 0.0677 0.0236 0.0082 0.0029 0.0010 1.0000 1.0000 1.0000 1.0000 0.4938 0.1699 0.0583 0.0200 0.0069 0.0024 0.0008 1.0000 1.0000 1.0000 1.0000 0.3806 0.1302 0.0445 0.0152 0.0052 0.0018 1.0000 1.0000 1.0000 1.0000 0.3886
1.0000 1.0000 1.0000 1.0000 0.0017 0.0051 0.0149 0.0435 0.1273 0.3720 1.0000 1.0000 1.0000 1.0000 0.0008 0.0023 0.0067 0.0197 0.0574 0.1673 0.4873 1.0000 1.0000 1.0000 1.0000 0.0010 0.0029 0.0083 0.0239 0.0687 0.1971 0.5652 1.0000 1.0000 1.0000 1.0000 0.0011 0.0031 0.0088 0.0253 0.0723 0.2067 0.5905 1.0000 1.0000 1.0000 1.0000 0.0011 0.0032 0.0105 0.0225 0.0105 0.0032 0.0011 1.0000 1.0000 1.0000 1.0000 0.5905 0.2067 0.0723 0.0253 0.0088 0.0031 0.0011 1.0000 1.0000 1.0000 1.0000 0.5652 0.1971 0.0687 0.0239 0.0083 0.0029 0.0010 1.0000 1.0000 1.0000 1.0000 0.4873 0.1673 0.0574 0.0197 0.0067 0.0023 0.0008 1.0000 1.0000 1.0000 1.0000 0.3720 0.1273 0.0435 0.0149 0.0051 0.0017 1.0000 1.0000 1.0000 1.0000
1.0000 1.0000 1.0000 0.0017 0.0050 0.0146 0.0426 0.1244 0.3636 1.0000 1.0000 1.0000 1.0000 0.0008 0.0023 0.0066 0.0193 0.0563 0.1642 0.4790 1.0000 1.0000 1.0000 1.0000 0.0010 0.0029 0.0083 0.0241 0.0694 0.1997 0.5739 1.0000 1.0000 1.0000 1.0000 0.0011 0.0032 0.0090 0.0259 0.0739 0.2114 0.6041 1.0000 1.0000 1.0000 1.0000 0.0011 0.0033 0.0094 0.0307 0.0657 0.0307 0.0094 0.0033 0.0011 1.0000 1.0000 1.0000 1.0000 0.6041 0.2114 0.0739 0.0259 0.0090 0.0032 0.0011 1.0000 1.0000 1.0000 1.0000 0.5739 0.1997 0.0694 0.0241 0.0083 0.0029 0.0010 1.0000 1.0000 1.0000 1.0000 0.4790 0.1642 0.0563 0.0193 0.0066 0.0023 0.0008 1.0000 1.0000 1.0000 1.0000 0.3636 0.1244 0.0426 0.0146 0.0050 0.0017 1.0000 1.0000 1.0000
1.0000 1.0000 0.0016 0.0049 0.0142 0.0416 0.1216 0.3554 1.0000 1.0000 1.0000 1.0000 0.0008 0.0022 0.0065 0.0189 0.0551 0.1608 0.4700 1.0000 1.0000 1.0000 1.0000 0.0010 0.0029 0.0083 0.0241 0.0696 0.2009 0.5794 1.0000 1.0000 1.0000 1.0000 0.0011 0.0032 0.0092 0.0264 0.0754 0.2159 0.6169 1.0000 1.0000 1.0000 1.0000 0.0012 0.0034 0.0095 0.0274 0.0897 0.1919 0.0897 0.0274 0.0095 0.0034 0.0012 1.0000 1.0000 1.0000 1.0000 0.6169 0.2159 0.0754 0.0264 0.0092 0.0032 0.0011 1.0000 1.0000 1.0000 1.0000 0.5794 0.2009 0.0696 0.0241 0.0083 0.0029 0.0010 1.0000 1.0000 1.0000 1.0000 0.4700 0.1608 0.0551 0.0189 0.0065 0.0022 0.0008 1.0000 1.0000 1.0000 1.0000 0.3554 0.1216 0.0416 0.0142 0.0049 0.0016 1.0000 1.0000
1.0000 0.0018 0.0047 0.0139 0.0407 0.1188 0.3474 1.0000 1.0000 1.0000 1.0000 0.0007 0.0022 0.0063 0.0184 0.0539 0.1575 0.4603 1.0000 1.0000 1.0000 1.0000 0.0010 0.0028 0.0082 0.0239 0.0694 0.2009 0.5816 1.0000 1.0000 1.0000 1.0000 0.0011 0.0033 0.0094 0.0269 0.0769 0.2201 0.6299 1.0000 1.0000 1.0000 1.0000 0.0012 0.0034 0.0098 0.0279 0.0800 0.2621 0.5609 0.2621 0.0800 0.0279 0.0098 0.0034 0.0012 1.0000 1.0000 1.0000 1.0000 0.6299 0.2201 0.0769 0.0269 0.0094 0.0033 0.0011 1.0000 1.0000 1.0000 1.0000 0.5816 0.2009 0.0694 0.0239 0.0082 0.0028 0.0010 1.0000 1.0000 1.0000 1.0000 0.4603 0.1575 0.0539 0.0184 0.0063 0.0022 0.0007 1.0000 1.0000 1.0000 1.0000 0.3474 0.1188 0.0407 0.0139 0.0047 0.0018 1.0000
0.0007 0.0051 0.0134 0.0398 0.1162 0.3395 0.9924 1.0000 1.0000 1.0000 0.0007 0.0021 0.0062 0.0180 0.0527 0.1539 0.4499 1.0000 1.0000 1.0000 1.0000 0.0010 0.0028 0.0081 0.0236 0.0687 0.1997 0.5794 1.0000 1.0000 1.0000 1.0000 0.0012 0.0033 0.0095 0.0274 0.0784 0.2243 0.6420 1.0000 1.0000 1.0000 1.0000 0.0012 0.0035 0.0100 0.0287 0.0815 0.2339 0.7662 1.0000 0.7662 0.2339 0.0815 0.0287 0.0100 0.0035 0.0012 1.0000 1.0000 1.0000 1.0000 0.6420 0.2243 0.0784 0.0274 0.0095 0.0033 0.0012 1.0000 1.0000 1.0000 1.0000 0.5794 0.1997 0.0687 0.0236 0.0081 0.0028 0.0010 1.0000 1.0000 1.0000 1.0000 0.4499 0.1539 0.0527 0.0180 0.0062 0.0021 0.0007 1.0000 1.0000 1.0000 0.9924 0.3395 0.1162 0.0398 0.0134 0.0051 0.0007
0.0021 0.0145 0.0383 0.1137 0.3319 0.9700 1.0000 1.0000 1.0000 0.0007 0.0021 0.0060 0.0176 0.0515 0.1504 0.4397 1.0000 1.0000 1.0000 1.0000 0.0009 0.0027 0.0080 0.0232 0.0677 0.1971 0.5739 1.0000 1.0000 1.0000 1.0000 0.0012 0.0034 0.0097 0.0278 0.0797 0.2286 0.6544 1.0000 1.0000 1.0000 1.0000 0.0013 0.0036 0.0102 0.0293 0.0837 0.2384 0.6836 1.0000 1.0000 1.0000 0.6836 0.2384 0.0837 0.0293 0.0102 0.0036 0.0013 1.0000 1.0000 1.0000 1.0000 0.6544 0.2286 0.0797 0.0278 0.0097 0.0034 0.0012 1.0000 1.0000 1.0000 1.0000 0.5739 0.1971 0.0677 0.0232 0.0080 0.0027 0.0009 1.0000 1.0000 1.0000 1.0000 0.4397 0.1504 0.0515 0.0176 0.0060 0.0021 0.0007 1.0000 1.0000 1.0000 0.9700 0.3319 0.1137 0.0383 0.0145 0.0021
0.0060 0.0414 0.1095 0.3250 0.9481 1.0000 1.0000 1.0000 0.0007 0.0020 0.0059 0.0172 0.0503 0.1470 0.4298 1.0000 1.0000 1.0000 1.0000 0.0009 0.0027 0.0078 0.0228 0.0664 0.1937 0.5652 1.0000 1.0000 1.0000 1.0000 0.0012 0.0034 0.0097 0.0281 0.0808 0.2321 0.6657 1.0000 1.0000 1.0000 1.0000 0.0013 0.0037 0.0105 0.0299 0.0855 0.2448 0.6967 1.0000 1.0000 1.0000 1.0000 1.0000 0.6967 0.2448 0.0855 0.0299 0.0105 0.0037 0.0013 1.0000 1.0000 1.0000 1.0000 0.6657 0.2321 0.0808 0.0281 0.0097 0.0034 0.0012 1.0000 1.0000 1.0000 1.0000 0.5652 0.1937 0.0664 0.0228 0.0078 0.0027 0.0009 1.0000 1.0000 1.0000 1.0000 0.4298 0.1470 0.0503 0.0172 0.0059 0.0020 0.0007 1.0000 1.0000 1.0000 0.9481 0.3250 0.1095 0.0414 0.0060
0.0172 0.1182 0.3135 0.9267 1.0000 1.0000 1.0000 0.0007 0.0020 0.0058 0.0168 0.0492 0.1435 0.4201 1.0000 1.0000 1.0000 1.0000 0.0009 0.0026 0.0076 0.0223 0.0652 0.1901 0.5546 1.0000 1.0000 1.0000 1.0000 0.0012 0.0034 0.0097 0.0282 0.0812 0.2343 0.6746 1.0000 1.0000 1.0000 1.0000 0.0013 0.0037 0.0107 0.0305 0.0873 0.2500 0.7142 1.0000 1.0000 1.0000 1.0000 1.0000 1.0000 1.0000 0.7142 0.2500 0.0873 0.0305 0.0107 0.0037 0.0013 1.0000 1.0000 1.0000 1.0000 0.6746 0.2343 0.0812 0.0282 0.0097 0.0034 0.0012 1.0000 1.0000 1.0000 1.0000 0.5546 0.1901 0.0650 0.0223 0.0076 0.0026 0.0009 1.0000 1.0000 1.0000 1.0000 0.4201 0.1435 0.0492 0.0168 0.0058 0.0020 0.0007 1.0000 1.0000 1.0000 0.9267 0.3135 0.1182 0.0172
0.0492 0.3389 0.8939 1.0000 1.0000 1.0000 0.0007 0.0019 0.0056 0.0164 0.0481 0.1405 0.4106 1.0000 1.0000 1.0000 1.0000 0.0009 0.0025 0.0075 0.0218 0.0637 0.1862 0.5441 1.0000 1.0000 1.0000 1.0000 0.0011 0.0033 0.0097 0.0281 0.0812 0.2352 0.6784 1.0000 1.0000 1.0000 1.0000 0.0013 0.0038 0.0109 0.0311 0.0890 0.2548 0.7293 1.0000 1.0000 1.0000 1.0000 0.0012 1.0000 1.0000 1.0000 1.0000 0.7293 0.2548 0.0890 0.0311 0.0109 0.0038 0.0013 1.0000 1.0000 1.0000 1.0000 0.6784 0.2352 0.0812 0.0281 0.0097 0.0033 0.0011 1.0000 1.0000 1.0000 1.0000 0.5441 0.1862 0.0637 0.0218 0.0075 0.0025 0.0009 1.0000 1.0000 1.0000 1.0000 0.4106 0.1405 0.0481 0.0164 0.0056 0.0019 0.0007 1.0000 1.0000 1.0000 0.8939 0.3389 0.0492
0.1405 0.9663 1.0000 1.0000 1.0000 0.0006 0.0019 0.0055 0.0161 0.0471 0.1376 0.4021 1.0000 1.0000 1.0000 1.0000 0.0009 0.0025 0.0073 0.0213 0.0624 0.1823 0.5329 1.0000 1.0000 1.0000 1.0000 0.0011 0.0033 0.0095 0.0278 0.0808 0.2343 0.6784 1.0000 1.0000 1.0000 1.0000 0.0013 0.0039 0.0111 0.0317 0.0907 0.2597 0.7433 1.0000 1.0000 1.0000 1.0000 0.0016 0.0035 0.0016 1.0000 1.0000 1.0000 1.0000 0.7433 0.2597 0.0907 0.0317 0.0111 0.0039 0.0013 1.0000 1.0000 1.0000 1.0000 0.6784 0.2343 0.0808 0.0278 0.0095 0.0033 0.0011 1.0000 1.0000 1.0000 1.0000 0.5329 0.1823 0.0624 0.0213 0.0073 0.0025 0.0009 1.0000 1.0000 1.0000 1.0000 0.4021 0.1376 0.0471 0.0161 0.0055 0.0019 0.0006 1.0000 1.0000 1.0000 0.9663 0.1405
0.4021 1.0000 1.0000 1.0000 1.0000 0.0018 0.0054 0.0158 0.0460 0.1347 0.3931 1.0000 1.0000 1.0000 1.0000 0.0008 0.0024 0.0071 0.0209 0.0611 0.1782 0.5218 1.0000 1.0000 1.0000 1.0000 0.0011 0.0032 0.0094 0.0274 0.0797 0.2321 0.6746 1.0000 1.0000 1.0000 1.0000 0.0014 0.0039 0.0112 0.0322 0.0925 0.2646 0.7576 1.0000 1.0000 1.0000 1.0000 0.0014 0.0047 0.0102 0.0047 0.0014 1.0000 1.0000 1.0000 1.0000 0.7576 0.2646 0.0925 0.0322 0.0112 0.0039 0.0014 1.0000 1.0000 1.0000 1.0000 0.6746 0.2321 0.0797 0.0274 0.0094 0.0032 0.0011 1.0000 1.0000 1.0000 1.0000 0.5218 0.1782 0.0611 0.0209 0.0071 0.0024 0.0008 1.0000 1.0000 1.0000 1.0000 0.3931 0.1347 0.0460 0.0158 0.0054 0.0018 1.0000 1.0000 1.0000 1.0000 0.4021
1.0000 1.0000 1.0000 1.0000 0.0018 0.0053 0.0154 0.0451 0.1317 0.3849 1.0000 1.0000 1.0000 1.0000 0.0008 0.0024 0.0070 0.0204 0.0597 0.1745 0.5101 1.0000 1.0000 1.0000 1.0000 0.0011 0.0032 0.0092 0.0269 0.0784 0.2286 0.6657 1.0000 1.0000 1.0000 1.0000 0.0014 0.0039 0.0113 0.0327 0.0939 0.2692 0.7721 1.0000 1.0000 1.0000 1.0000 0.0015 0.0042 0.0139 0.0296 0.0139 0.0042 0.0015 1.0000 1.0000 1.0000 1.0000 0.7721 0.2692 0.0939 0.0327 0.0113 0.0039 0.0014 1.0000 1.0000 1.0000 1.0000 0.6657 0.2286 0.0784 0.0269 0.0092 0.0032 0.0011 1.0000 1.0000 1.0000 1.0000 0.5101 0.1745 0.0597 0.0204 0.0070 0.0024 0.0008 1.0000 1.0000 1.0000 1.0000 0.3849 0.1317 0.0451 0.0154 0.0053 0.0018 1.0000 1.0000 1.0000 1.0000
1.0000 1.0000 1.0000 0.0018 0.0052 0.0151 0.0441 0.1290 0.3770 1.0000 1.0000 1.0000 1.0000 0.0008 0.0023 0.0068 0.0200 0.0585 0.1709 0.4995 1.0000 1.0000 1.0000 1.0000 0.0011 0.0031 0.0090 0.0264 0.0769 0.2243 0.6544 1.0000 1.0000 1.0000 1.0000 0.0014 0.0039 0.0114 0.0329 0.0948 0.2728 0.7839 1.0000 1.0000 1.0000 1.0000 0.0015 0.0043 0.0123 0.0404 0.0865 0.0404 0.0123 0.0043 0.0015 1.0000 1.0000 1.0000 1.0000 0.7839 0.2728 0.0948 0.0329 0.0114 0.0039 0.0014 1.0000 1.0000 1.0000 1.0000 0.6544 0.2243 0.0769 0.0264 0.0090 0.0031 0.0011 1.0000 1.0000 1.0000 1.0000 0.4995 0.1709 0.0585 0.0200 0.0068 0.0023 0.0008 1.0000 1.0000 1.0000 1.0000 0.3770 0.1290 0.0441 0.0151 0.0052 0.0018 1.0000 1.0000 1.0000
1.0000 1.0000 0.0017 0.0051 0.0148 0.0431 0.1261 0.3685 1.0000 1.0000 1.0000 1.0000 0.0008 0.0023 0.0067 0.0195 0.0571 0.1670 0.4882 1.0000 1.0000 1.0000 1.0000 0.0010 0.0030 0.0088 0.0259 0.0754 0.2201 0.6420 1.0000 1.0000 1.0000 1.0000 0.0013 0.0039 0.0113 0.0329 0.0951 0.2744 0.7914 1.0000 1.0000 1.0000 1.0000 0.0015 0.0044 0.0125 0.0360 0.1179 0.2524 0.1179 0.0360 0.0125 0.0044 0.0015 1.0000 1.0000 1.0000 1.0000 0.7914 0.2744 0.0951 0.0329 0.0113 0.0039 0.0013 1.0000 1.0000 1.0000 1.0000 0.6420 0.2201 0.0754 0.0259 0.0088 0.0030 0.0010 1.0000 1.0000 1.0000 1.0000 0.4882 0.1670 0.0571 0.0195 0.0067 0.0023 0.0008 1.0000 1.0000 1.0000 1.0000 0.3685 0.1261 0.0431 0.0148 0.0051 0.0017 1.0000 1.0000
1.0000 0.0018 0.0049 0.0144 0.0422 0.1232 0.3601 1.0000 1.0000 1.0000 1.0000 0.0008 0.0022 0.0065 0.0191 0.0559 0.1633 0.4772 1.0000 1.0000 1.0000 1.0000 0.0010 0.0030 0.0087 0.0253 0.0739 0.2159 0.6299 1.0000 1.0000 1.0000 1.0000 0.0013 0.0039 0.0112 0.0327 0.0948 0.2744 0.7944 1.0000 1.0000 1.0000 1.0000 0.0016 0.0045 0.0128 0.0365 0.1050 0.3441 0.7362 0.3441 0.1050 0.0365 0.0128 0.0045 0.0016 1.0000 1.0000 1.0000 1.0000 0.7944 0.2744 0.0948 0.0327 0.0112 0.0039 0.0013 1.0000 1.0000 1.0000 1.0000 0.6299 0.2159 0.0739 0.0253 0.0087 0.0030 0.0010 1.0000 1.0000 1.0000 1.0000 0.4772 0.1633 0.0559 0.0191 0.0065 0.0022 0.0008 1.0000 1.0000 1.0000 1.0000 0.3601 0.1232 0.0422 0.0144 0.0049 0.0018 1.0000
0.0008 0.0053 0.0139 0.0413 0.1204 0.3520 1.0000 1.0000 1.0000 1.0000 0.0007 0.0022 0.0064 0.0187 0.0546 0.1596 0.4664 1.0000 1.0000 1.0000 1.0000 0.0010 0.0029 0.0085 0.0247 0.0723 0.2114 0.6169 1.0000 1.0000 1.0000 1.0000 0.0013 0.0038 0.0111 0.0322 0.0939 0.2728 0.7914 1.0000 1.0000 1.0000 1.0000 0.0016 0.0045 0.0130 0.0374 0.1066 0.3064 1.0000 1.0000 1.0000 0.3064 0.1066 0.0374 0.0130 0.0045 0.0016 1.0000 1.0000 1.0000 1.0000 0.7914 0.2728 0.0939 0.0322 0.0111 0.0038 0.0013 1.0000 1.0000 1.0000 1.0000 0.6169 0.2114 0.0723 0.0247 0.0085 0.0029 0.0010 1.0000 1.0000 1.0000 1.0000 0.4664 0.1596 0.0546 0.0187 0.0064 0.0022 0.0007 1.0000 1.0000 1.0000 1.0000 0.3520 0.1204 0.0413 0.0139 0.0053 0.0008
0.0022 0.0150 0.0397 0.1179 0.3441 1.0000 1.0000 1.0000 1.0000 0.0007 0.0021 0.0062 0.0183 0.0534 0.1560 0.4559 1.0000 1.0000 1.0000 1.0000 0.0010 0.0028 0.0083 0.0242 0.0707 0.2067 0.6041 1.0000 1.0000 1.0000 1.0000 0.0013 0.0037 0.0109 0.0317 0.0925 0.2692 0.7839 1.0000 1.0000 1.0000 1.0000 0.0016 0.0046 0.0132 0.0380 0.1089 0.3111 0.8939 1.0000 1.0000 1.0000 0.8939 0.3111 0.1089 0.0380 0.0132 0.0046 0.0016 1.0000 1.0000 1.0000 1.0000 0.7839 0.2692 0.0925 0.0317 0.0109 0.0037 0.0013 1.0000 1.0000 1.0000 1.0000 0.6041 0.2067 0.0707 0.0242 0.0083 0.0028 0.0010 1.0000 1.0000 1.0000 1.0000 0.4559 0.1560 0.0534 0.0183 0.0062 0.0021 0.0007 1.0000 1.0000 1.0000 1.0000 0.3441 0.1179 0.0397 0.0150 0.0022
0.0062 0.0428 0.1137 0.3363 0.9830 1.0000 1.0000 1.0000 0.0007 0.0021 0.0061 0.0178 0.0522 0.1525 0.4456 1.0000 1.0000 1.0000 1.0000 0.0009 0.0028 0.0081 0.0236 0.0691 0.2020 0.5905 1.0000 1.0000 1.0000 1.0000 0.0013 0.0037 0.0107 0.0311 0.0907 0.2646 0.7721 1.0000 1.0000 1.0000 1.0000 0.0016 0.0046 0.0133 0.0383 0.1103 0.3171 0.9058 1.0000 1.0000 1.0000 1.0000 1.0000 0.9058 0.3171 0.1103 0.0383 0.0133 0.0046 0.0016 1.0000 1.0000 1.0000 1.0000 0.7721 0.2646 0.0907 0.0311 0.0107 0.0037 0.0013 1.0000 1.0000 1.0000 1.0000 0.5905 0.2020 0.0691 0.0236 0.0081 0.0028 0.0009 1.0000 1.0000 1.0000 1.0000 0.4456 0.1525 0.0522 0.0178 0.0061 0.0021 0.0007 1.0000 1.0000 1.0000 0.9830 0.3369 0.1135 0.0429 0.0062
0.0178 0.1227 0.3250 0.9608 1.0000 1.0000 1.0000 0.0007 0.0020 0.0060 0.0174 0.0510 0.1487 0.4356 1.0000 1.0000 1.0000 1.0000 0.0009 0.0027 0.0079 0.0231 0.0674 0.1975 0.5761 1.0000 1.0000 1.0000 1.0000 0.0012 0.0036 0.0105 0.0305 0.0890 0.2597 0.7576 1.0000 1.0000 1.0000 1.0000 0.0016 0.0046 0.0133 0.0385 0.1110 0.3201 0.9215 1.0000 1.0000 1.0000 1.0000 1.0000 1.0000 1.0000 0.9215 0.3201 0.1110 0.0385 0.0133 0.0046 0.0016 1.0000 1.0000 1.0000 1.0000 0.7576 0.2597 0.0890 0.0305 0.0105 0.0036 0.0012 1.0000 1.0000 1.0000 1.0000 0.5772 0.1975 0.0676 0.0231 0.0079 0.0027 0.0009 1.0000 1.0000 1.0000 1.0000 0.4356 0.1490 0.0510 0.0174 0.0060 0.0020 0.0007 1.0000 1.0000 1.0000 0.9608 0.3250 0.1223 0.0178
0.0510 0.3507 0.9267 1.0000 1.0000 1.0000 0.0007 0.0020 0.0058 0.0170 0.0498 0.1457 0.4257 1.0000 1.0000 1.0000 1.0000 0.0009 0.0026 0.0077 0.0226 0.0660 0.1930 0.5641 1.0000 1.0000 1.0000 1.0000 0.0012 0.0035 0.0102 0.0299 0.0873 0.2548 0.7433 1.0000 1.0000 1.0000 1.0000 0.0016 0.0045 0.0132 0.0383 0.1110 0.3213 0.9267 1.0000 1.0000 1.0000 0.0007 0.0015 0.0007 1.0000 1.0000 1.0000 0.9267 0.3213 0.1110 0.0383 0.0132 0.0045 0.0016 1.0000 1.0000 1.0000 1.0000 0.7433 0.2548 0.0873 0.0299 0.0102 0.0035 0.0012 1.0000 1.0000 1.0000 1.0000 0.5641 0.1926 0.0660 0.0225 0.0077 0.0026 0.0009 1.0000 1.0000 1.0000 1.0000 0.4249 0.1457 0.0497 0.0170 0.0058 0.0020 0.0007 1.0000 1.0000 1.0000 0.9285 0.3507 0.0508
0.1459 1.0000 1.0000 1.0000 1.0000 0.0007 0.0020 0.0057 0.0167 0.0488 0.1426 0.4169 1.0000 1.0000 1.0000 1.0000 0.0009 0.0026 0.0076 0.0221 0.0647 0.1890 0.5525 1.0000 1.0000 1.0000 1.0000 0.0012 0.0034 0.0100 0.0293 0.0857 0.2500 0.7293 1.0000 1.0000 1.0000 1.0000 0.0015 0.0045 0.0130 0.0380 0.1103 0.3201 0.9267 1.0000 1.0000 1.0000 0.0006 0.0021 0.0045 0.0021 0.0006 1.0000 1.0000 1.0000 0.9267 0.3201 0.1103 0.0380 0.0130 0.0045 0.0015 1.0000 1.0000 1.0000 1.0000 0.7293 0.2500 0.0855 0.0293 0.0100 0.0034 0.0012 1.0000 1.0000 1.0000 1.0000 0.5514 0.1886 0.0645 0.0221 0.0076 0.0026 0.0009 1.0000 1.0000 1.0000 1.0000 0.4161 0.1424 0.0487 0.0167 0.0057 0.0020 0.0007 1.0000 1.0000 1.0000 1.0000 0.1457
0.4169 1.0000 1.0000 1.0000 0.0007 0.0019 0.0056 0.0163 0.0478 0.1397 0.4083 1.0000 1.0000 1.0000 1.0000 0.0009 0.0025 0.0074 0.0217 0.0633 0.1851 0.5410 1.0000 1.0000 1.0000 1.0000 0.0011 0.0034 0.0098 0.0287 0.0839 0.2448 0.7155 1.0000 1.0000 1.0000 1.0000 0.0015 0.0044 0.0128 0.0374 0.1089 0.3171 0.9215 1.0000 1.0000 1.0000 0.0006 0.0019 0.0061 0.0131 0.0061 0.0019 0.0006 1.0000 1.0000 1.0000 0.9215 0.3171 0.1089 0.0374 0.0128 0.0044 0.0015 1.0000 1.0000 1.0000 1.0000 0.7142 0.2448 0.0837 0.0287 0.0098 0.0034 0.0011 1.0000 1.0000 1.0000 1.0000 0.5400 0.1847 0.0632 0.0216 0.0074 0.0025 0.0009 1.0000 1.0000 1.0000 1.0000 0.4075 0.1394 0.0477 0.0163 0.0056 0.0019 0.0007 1.0000 1.0000 1.0000 0.4169
1.0000 1.0000 1.0000 1.0000 0.0019 0.0055 0.0160 0.0467 0.1365 0.3991 1.0000 1.0000 1.0000 1.0000 0.0008 0.0025 0.0072 0.0212 0.0619 0.1809 0.5288 1.0000 1.0000 1.0000 1.0000 0.0011 0.0033 0.0096 0.0281 0.0820 0.2397 0.7007 1.0000 1.0000 1.0000 1.0000 0.0015 0.0043 0.0126 0.0367 0.1070 0.3123 0.9093 1.0000 1.0000 1.0000 0.0006 0.0019 0.0054 0.0178 0.0381 0.0177 0.0053 0.0018 0.0006 1.0000 1.0000 1.0000 0.9058 0.3111 0.1066 0.0365 0.0125 0.0043 0.0015 1.0000 1.0000 1.0000 1.0000 0.6967 0.2384 0.0815 0.0279 0.0095 0.0033 0.0011 1.0000 1.0000 1.0000 1.0000 0.5258 0.1799 0.0615 0.0211 0.0072 0.0025 0.0008 1.0000 1.0000 1.0000 1.0000 0.3968 0.1358 0.0464 0.0159 0.0054 0.0019 1.0000 1.0000 1.0000 1.0000
1.0000 1.0000 1.0000 0.0018 0.0053 0.0156 0.0456 0.1335 0.3893 1.0000 1.0000 1.0000 1.0000 0.0008 0.0024 0.0071 0.0207 0.0605 0.1765 0.5169 1.0000 1.0000 1.0000 1.0000 0.0011 0.0032 0.0094 0.0274 0.0800 0.2343 0.6836 1.0000 1.0000 1.0000 1.0000 0.0014 0.0042 0.0123 0.0360 0.1050 0.3064 0.8939 1.0000 1.0000 1.0000 1.0000 0.0019 0.0054 0.0156 0.0513 0.1122 0.0535 0.0165 0.0053 0.0018 0.0006 1.0000 1.0000 1.0000 0.8939 0.3064 0.1050 0.0360 0.0123 0.0042 0.0014 1.0000 1.0000 1.0000 1.0000 0.6836 0.2339 0.0800 0.0274 0.0094 0.0032 0.0011 1.0000 1.0000 1.0000 1.0000 0.5159 0.1765 0.0604 0.0207 0.0071 0.0024 0.0008 1.0000 1.0000 1.0000 1.0000 0.3893 0.1332 0.0456 0.0156 0.0053 0.0018 1.0000 1.0000 1.0000
1.0000 1.0000 0.0018 0.0052 0.0153 0.0446 0.1304 0.3813 1.0000 1.0000 1.0000 1.0000 0.0008 0.0024 0.0069 0.0202 0.0591 0.1728 0.5052 1.0000 1.0000 1.0000 1.0000 0.0011 0.0031 0.0092 0.0268 0.0784 0.2290 0.6695 1.0000 1.0000 1.0000 1.0000 0.0014 0.0041 0.0121 0.0353 0.1030 0.3006 0.8770 1.0000 1.0000 1.0000 1.0000 0.0018 0.0054 0.0155 0.0446 0.1510 0.3287 0.1557 0.0570 0.0199 0.0061 0.0021 0.0007 1.0000 1.0000 1.0000 1.0000 0.3441 0.1179 0.0404 0.0139 0.0047 0.0016 1.0000 1.0000 1.0000 1.0000 0.7662 0.2621 0.0897 0.0307 0.0105 0.0036 0.0012 1.0000 1.0000 1.0000 1.0000 0.5783 0.1978 0.0677 0.0232 0.0079 0.0027 0.0009 1.0000 1.0000 1.0000 1.0000 0.4364 0.1493 0.0511 0.0175 0.0060 0.0020 1.0000 1.0000
1.0000 0.0019 0.0051 0.0150 0.0437 0.1277 0.3734 1.0000 1.0000 1.0000 1.0000 0.0008 0.0023 0.0068 0.0198 0.0579 0.1693 0.4948 1.0000 1.0000 1.0000 1.0000 0.0011 0.0031 0.0090 0.0263 0.0767 0.2243 0.6556 1.0000 1.0000 1.0000 1.0000 0.0014 0.0041 0.0119 0.0347 0.1011 0.2949 0.8605 1.0000 1.0000 1.0000 1.0000 0.0018 0.0053 0.0154 0.0444 0.1299 0.4603 0.6915 0.1268 0.0154 0.0396 0.0139 0.0045 0.0015 1.0000 1.0000 1.0000 1.0000 0.7348 0.2524 0.0865 0.0296 0.0102 0.0035 0.0012 1.0000 1.0000 1.0000 1.0000 0.5609 0.1919 0.0657 0.0225 0.0077 0.0026 0.0009 1.0000 1.0000 1.0000 1.0000 0.4233 0.1448 0.0495 0.0170 0.0058 0.0020 1.0000 1.0000 1.0000 1.0000 0.9338 0.3195 0.1095 0.0375 0.0129 0.0044 0.0017 1.0000
0.0008 0.0055 0.0144 0.0429 0.1251 0.3657 1.0000 1.0000 1.0000 1.0000 0.0008 0.0023 0.0066 0.0194 0.0567 0.1658 0.4845 1.0000 1.0000 1.0000 1.0000 0.0010 0.0030 0.0088 0.0257 0.0751 0.2196 0.6420 1.0000 1.0000 1.0000 1.0000 0.0014 0.0040 0.0116 0.0340 0.0992 0.2894 0.8443 1.0000 1.0000 1.0000 1.0000 0.0018 0.0052 0.0151 0.0441 0.1277 0.3755 1.0000 1.0000 1.0000 0.0008 0.0105 0.0074 0.0021 0.0007 1.0000 1.0000 1.0000 1.0000 0.3441 0.1179 0.0404 0.0139 0.0047 0.0016 1.0000 1.0000 1.0000 1.0000 0.7662 0.2621 0.0897 0.0307 0.0105 0.0036 0.0012 1.0000 1.0000 1.0000 1.0000 0.5783 0.1978 0.0677 0.0232 0.0079 0.0027 0.0009 1.0000 1.0000 1.0000 1.0000 0.4364 0.1493 0.0511 0.0175 0.0060 0.0020 1.0000 1.0000
0.0023 0.0156 0.0413 0.1223 0.3567 1.0000 1.0000 1.0000 1.0000 0.0008 0.0022 0.0065 0.0189 0.0554 0.1617 0.4736 1.0000 1.0000 1.0000 1.0000 0.0010 0.0029 0.0086 0.0251 0.0733 0.2147 0.6264 1.0000 1.0000 1.0000 1.0000 0.0013 0.0039 0.0114 0.0333 0.0971 0.2839 0.8284 1.0000 1.0000 1.0000 1.0000 0.0017 0.0051 0.0148 0.0433 0.1263 0.3671 1.0000 1.0000 1.0000 1.0000 0.0012 0.0056 0.0022 0.0006 1.0000 1.0000 1.0000 0.8922 0.3064 0.1050 0.0360 0.0123 0.0042 0.0014 1.0000 1.0000 1.0000 1.0000 0.6836 0.2339 0.0800 0.0274 0.0094 0.0032 0.0011 1.0000 1.0000 1.0000 1.0000 0.5159 0.1765 0.0604 0.0207 0.0071 0.0024 0.0008 1.0000 1.0000 1.0000 1.0000 0.3893 0.1332 0.0456 0.0156 0.0053 0.0018 1.0000 1.0000 1.0000
0.0064 0.0441 0.1173 0.3474 1.0000 1.0000 1.0000 1.0000 0.0007 0.0022 0.0063 0.0184 0.0538 0.1572 0.4594 1.0000 1.0000 1.0000 1.0000 0.0010 0.0029 0.0083 0.0244 0.0712 0.2083 0.6087 1.0000 1.0000 1.0000 1.0000 0.0013 0.0038 0.0110 0.0323 0.0944 0.2760 0.8066 1.0000 1.0000 1.0000 1.0000 0.0017 0.0050 0.0144 0.0422 0.1230 0.3588 1.0000 1.0000 1.0000 1.0000 1.0000 0.0042 0.0027 0.0006 1.0000 1.0000 1.0000 0.9058 0.3111 0.1066 0.0365 0.0125 0.0043 0.0015 1.0000 1.0000 1.0000 1.0000 0.6967 0.2384 0.0815 0.0279 0.0095 0.0033 0.0011 1.0000 1.0000 1.0000 1.0000 0.5258 0.1799 0.0615 0.0211 0.0072 0.0025 0.0008 1.0000 1.0000 1.0000 1.0000 0.3968 0.1358 0.0464 0.0159 0.0054 0.0019 1.0000 1.0000 1.0000 1.0000
0.0191 0.1297 0.3428 1.0000 1.0000 1.0000 1.0000 0.0007 0.0021 0.0063 0.0184 0.0537 0.1569 0.4585 1.0000 1.0000 1.0000 1.0000 0.0010 0.0028 0.0083 0.0243 0.0711 0.2079 0.6076 1.0000 1.0000 1.0000 1.0000 0.0013 0.0038 0.0110 0.0323 0.0942 0.2760 0.8066 1.0000 1.0000 1.0000 1.0000 0.0017 0.0050 0.0145 0.0422 0.1232 0.3595 1.0000 1.0000 1.0000 1.0000 0.0008 0.0032 0.0031 0.0006 1.0000 1.0000 1.0000 0.9215 0.3171 0.1089 0.0374 0.0128 0.0044 0.0015 1.0000 1.0000 1.0000 1.0000 0.7142 0.2448 0.0837 0.0287 0.0098 0.0034 0.0011 1.0000 1.0000 1.0000 1.0000 0.5400 0.1847 0.0632 0.0216 0.0074 0.0025 0.0009 1.0000 1.0000 1.0000 1.0000 0.4075 0.1394 0.0477 0.0163 0.0056 0.0019 0.0007 1.0000 1.0000 1.0000 0.4169
0.0687 0.4638 1.0000 1.0000 1.0000 1.0000 0.0009 0.0026 0.0076 0.0223 0.0652 0.1904 0.5567 1.0000 1.0000 1.0000 1.0000 0.0012 0.0035 0.0101 0.0295 0.0863 0.2524 0.7376 1.0000 1.0000 1.0000 1.0000 0.0016 0.0046 0.0134 0.0391 0.1144 0.3344 0.9756 1.0000 1.0000 1.0000 1.0000 0.0021 0.0060 0.0175 0.0512 0.1493 0.4356 1.0000 1.0000 1.0000 1.0000 0.0009 0.0030 0.0030 0.0006 1.0000 1.0000 1.0000 0.9267 0.3201 0.1103 0.0380 0.0130 0.0045 0.0015 1.0000 1.0000 1.0000 1.0000 0.7293 0.2500 0.0855 0.0293 0.0100 0.0034 0.0012 1.0000 1.0000 1.0000 1.0000 0.5514 0.1886 0.0645 0.0221 0.0076 0.0026 0.0009 1.0000 1.0000 1.0000 1.0000 0.4161 0.1424 0.0487 0.0167 0.0057 0.0020 0.0007 1.0000 1.0000 1.0000 1.0000 0.1457
