0.3482 0.3238 0.3702 0.4062 0.4215 0.4243 0.4167 0.3938 0.3397 0.2701 0.2624 0.2880 0.3264 0.3719 0.4071 0.4218 0.4243 0.4161 0.3926 0.3369 0.2688 0.2631 0.2890 0.3278 0.3733 0.4079 0.4220 0.4242 0.4157 0.3916 0.3345 0.2677 0.2636 0.2900 0.3292 0.3747 0.4087 0.4222 0.4241 0.4152 0.3903 0.3317 0.2666 0.2642 0.2911 0.3308 0.3760 0.4094 0.4226 0.4231 0.4144 0.4231 0.4226 0.4094 0.3760 0.3308 0.2911 0.2642 0.2666 0.3317 0.3903 0.4152 0.4241 0.4222 0.4087 0.3747 0.3292 0.2900 0.2636 0.2677 0.3345 0.3916 0.4157 0.4242 0.4220 0.4079 0.3733 0.3278 0.2890 0.2631 0.2688 0.3369 0.3926 0.4161 0.4243 0.4218 0.4071 0.3719 0.3264 0.2880 0.2624 0.2701 0.3397 0.3938 0.4167 0.4243 0.4215 0.4062 0.3702 0.3238 0.3482
0.3238 0.3577 0.4100 0.4245 0.4200 0.4015 0.3654 0.2924 0.1979 0.1936 0.2370 0.2947 0.3613 0.4113 0.4246 0.4196 0.4005 0.3636 0.2886 0.1962 0.1949 0.2387 0.2968 0.3633 0.4122 0.4247 0.4192 0.3997 0.3621 0.2854 0.1948 0.1960 0.2402 0.2988 0.3654 0.4131 0.4247 0.4188 0.3988 0.3603 0.2817 0.1934 0.1972 0.2420 0.3010 0.3675 0.4139 0.4248 0.4183 0.3941 0.3651 0.3941 0.4183 0.4248 0.4139 0.3675 0.3010 0.2420 0.1972 0.1934 0.2817 0.3603 0.3988 0.4188 0.4247 0.4131 0.3654 0.2988 0.2402 0.1960 0.1948 0.2854 0.3621 0.3997 0.4192 0.4247 0.4122 0.3633 0.2968 0.2387 0.1949 0.1962 0.2886 0.3636 0.4005 0.4196 0.4246 0.4113 0.3613 0.2947 0.2370 0.1936 0.1979 0.2924 0.3654 0.4015 0.4200 0.4245 0.4100 0.3577 0.3238
0.3702 0.4100 0.4228 0.4181 0.4006 0.3645 0.2905 0.1972 0.1948 0.2387 0.2970 0.3636 0.4116 0.4229 0.4176 0.3996 0.3626 0.2863 0.1955 0.1962 0.2405 0.2992 0.3657 0.4124 0.4230 0.4172 0.3988 0.3610 0.2831 0.1943 0.1973 0.2420 0.3011 0.3676 0.4132 0.4230 0.4168 0.3979 0.3592 0.2794 0.1929 0.1986 0.2438 0.3033 0.3696 0.4140 0.4230 0.4164 0.3970 0.3517 0.3007 0.3517 0.3970 0.4164 0.4230 0.4140 0.3696 0.3033 0.2438 0.1986 0.1929 0.2794 0.3592 0.3979 0.4168 0.4230 0.4132 0.3676 0.3011 0.2420 0.1973 0.1943 0.2831 0.3610 0.3988 0.4172 0.4230 0.4124 0.3657 0.2992 0.2405 0.1962 0.1955 0.2863 0.3626 0.3996 0.4176 0.4229 0.4116 0.3636 0.2970 0.2387 0.1948 0.1972 0.2905 0.3645 0.4006 0.4181 0.4228 0.4100 0.3702
0.4062 0.4245 0.4181 0.4005 0.3640 0.2889 0.1964 0.1954 0.2396 0.2982 0.3648 0.4121 0.4231 0.4174 0.3990 0.3614 0.2839 0.1945 0.1970 0.2416 0.3006 0.3670 0.4130 0.4231 0.4170 0.3982 0.3598 0.2807 0.1933 0.1981 0.2431 0.3025 0.3688 0.4137 0.4231 0.4166 0.3973 0.3580 0.2769 0.1921 0.1994 0.2449 0.3047 0.3710 0.4145 0.4231 0.4162 0.3965 0.3562 0.2708 0.2025 0.2708 0.3562 0.3965 0.4162 0.4231 0.4145 0.3710 0.3047 0.2449 0.1994 0.1921 0.2769 0.3580 0.3973 0.4166 0.4231 0.4137 0.3688 0.3025 0.2431 0.1981 0.1933 0.2807 0.3598 0.3982 0.4170 0.4231 0.4130 0.3670 0.3006 0.2416 0.1970 0.1945 0.2839 0.3614 0.3990 0.4174 0.4231 0.4121 0.3648 0.2982 0.2396 0.1954 0.1964 0.2889 0.3640 0.4005 0.4181 0.4245 0.4062
0.4215 0.4200 0.4006 0.3640 0.2883 0.1959 0.1959 0.2404 0.2994 0.3660 0.4126 0.4231 0.4171 0.3984 0.3603 0.2816 0.1936 0.1978 0.2427 0.3020 0.3684 0.4135 0.4231 0.4167 0.3976 0.3587 0.2783 0.1925 0.1989 0.2443 0.3039 0.3702 0.4142 0.4231 0.4163 0.3967 0.3569 0.2745 0.1913 0.2002 0.2461 0.3062 0.3723 0.4150 0.4231 0.4159 0.3958 0.3552 0.2706 0.1902 0.1847 0.1902 0.2706 0.3552 0.3958 0.4159 0.4231 0.4150 0.3723 0.3062 0.2461 0.2002 0.1913 0.2745 0.3569 0.3967 0.4163 0.4231 0.4142 0.3702 0.3039 0.2443 0.1989 0.1925 0.2783 0.3587 0.3976 0.4167 0.4231 0.4135 0.3684 0.3020 0.2427 0.1978 0.1936 0.2816 0.3603 0.3984 0.4171 0.4231 0.4126 0.3660 0.2994 0.2404 0.1959 0.1959 0.2883 0.3640 0.4006 0.4200 0.4215
0.4243 0.4015 0.3645 0.2889 0.1959 0.1961 0.2409 0.3002 0.3669 0.4131 0.4231 0.4169 0.3979 0.3592 0.2794 0.1928 0.1986 0.2439 0.3035 0.3697 0.4140 0.4231 0.4164 0.3970 0.3575 0.2759 0.1918 0.1997 0.2454 0.3054 0.3715 0.4147 0.4231 0.4161 0.3961 0.3557 0.2722 0.1906 0.2011 0.2472 0.3076 0.3736 0.4154 0.4231 0.4156 0.3952 0.3539 0.2687 0.1906 0.2037 0.2250 0.2037 0.1906 0.2687 0.3539 0.3952 0.4156 0.4231 0.4154 0.3736 0.3076 0.2472 0.2011 0.1906 0.2722 0.3557 0.3961 0.4161 0.4231 0.4147 0.3715 0.3054 0.2454 0.1997 0.1918 0.2759 0.3575 0.3970 0.4164 0.4231 0.4140 0.3697 0.3035 0.2439 0.1986 0.1928 0.2794 0.3592 0.3979 0.4169 0.4231 0.4131 0.3669 0.3002 0.2409 0.1961 0.1959 0.2889 0.3645 0.4015 0.4243
0.4167 0.3654 0.2905 0.1964 0.1959 0.2409 0.3004 0.3674 0.4134 0.4231 0.4167 0.3975 0.3583 0.2773 0.1921 0.1993 0.2450 0.3048 0.3711 0.4145 0.4231 0.4162 0.3964 0.3563 0.2735 0.1910 0.2006 0.2466 0.3068 0.3729 0.4151 0.4231 0.4158 0.3956 0.3546 0.2699 0.1900 0.2019 0.2484 0.3091 0.3750 0.4158 0.4230 0.4153 0.3946 0.3527 0.2663 0.1891 0.2049 0.2522 0.2813 0.2522 0.2049 0.1891 0.2663 0.3527 0.3946 0.4153 0.4230 0.4158 0.3750 0.3091 0.2484 0.2019 0.1900 0.2699 0.3546 0.3956 0.4158 0.4231 0.4151 0.3729 0.3068 0.2466 0.2006 0.1910 0.2735 0.3563 0.3964 0.4162 0.4231 0.4145 0.3711 0.3048 0.2450 0.1993 0.1921 0.2773 0.3583 0.3975 0.4167 0.4231 0.4134 0.3674 0.3004 0.2409 0.1959 0.1964 0.2905 0.3654 0.4167
0.3938 0.2924 0.1972 0.1954 0.2404 0.3002 0.3674 0.4134 0.4231 0.4165 0.3971 0.3574 0.2754 0.1915 0.2001 0.2460 0.3061 0.3724 0.4150 0.4231 0.4159 0.3958 0.3551 0.2711 0.1904 0.2014 0.2477 0.3082 0.3742 0.4156 0.4230 0.4155 0.3950 0.3535 0.2676 0.1894 0.2027 0.2496 0.3105 0.3763 0.4163 0.4230 0.4150 0.3939 0.3515 0.2640 0.1886 0.2039 0.2536 0.3154 0.3496 0.3154 0.2536 0.2039 0.1886 0.2640 0.3515 0.3939 0.4150 0.4230 0.4163 0.3763 0.3105 0.2496 0.2027 0.1894 0.2676 0.3535 0.3950 0.4155 0.4230 0.4156 0.3742 0.3082 0.2477 0.2014 0.1904 0.2711 0.3551 0.3958 0.4159 0.4231 0.4150 0.3724 0.3061 0.2460 0.2001 0.1915 0.2754 0.3574 0.3971 0.4165 0.4231 0.4134 0.3674 0.3002 0.2404 0.1954 0.1972 0.2924 0.3938
0.3397 0.1979 0.1948 0.2396 0.2994 0.3669 0.4134 0.4231 0.4165 0.3969 0.3569 0.2740 0.1910 0.2007 0.2469 0.3074 0.3735 0.4154 0.4231 0.4156 0.3951 0.3539 0.2687 0.1897 0.2023 0.2489 0.3097 0.3755 0.4160 0.4230 0.4152 0.3943 0.3522 0.2654 0.1889 0.2035 0.2507 0.3119 0.3775 0.4167 0.4230 0.4147 0.3933 0.3502 0.2617 0.1881 0.2048 0.2523 0.3166 0.3823 0.4067 0.3823 0.3166 0.2523 0.2048 0.1881 0.2617 0.3502 0.3933 0.4147 0.4230 0.4167 0.3775 0.3119 0.2507 0.2035 0.1889 0.2654 0.3522 0.3943 0.4152 0.4230 0.4160 0.3755 0.3097 0.2489 0.2023 0.1897 0.2687 0.3539 0.3951 0.4156 0.4231 0.4154 0.3735 0.3074 0.2469 0.2007 0.1910 0.2740 0.3569 0.3969 0.4165 0.4231 0.4134 0.3669 0.2994 0.2396 0.1948 0.1979 0.3397
0.2701 0.1936 0.2387 0.2982 0.3660 0.4131 0.4231 0.4165 0.3969 0.3567 0.2733 0.1907 0.2012 0.2477 0.3085 0.3746 0.4158 0.4230 0.4153 0.3945 0.3526 0.2663 0.1891 0.2031 0.2501 0.3111 0.3768 0.4164 0.4230 0.4149 0.3937 0.3510 0.2631 0.1884 0.2044 0.2518 0.3133 0.3788 0.4171 0.4229 0.4144 0.3926 0.3489 0.2593 0.1877 0.2057 0.2536 0.3153 0.3825 0.4188 0.4224 0.4188 0.3825 0.3153 0.2536 0.2057 0.1877 0.2593 0.3489 0.3926 0.4144 0.4229 0.4171 0.3788 0.3133 0.2518 0.2044 0.1884 0.2631 0.3510 0.3937 0.4149 0.4230 0.4164 0.3768 0.3111 0.2501 0.2031 0.1891 0.2663 0.3526 0.3945 0.4153 0.4230 0.4158 0.3746 0.3085 0.2477 0.2012 0.1907 0.2733 0.3567 0.3969 0.4165 0.4231 0.4131 0.3660 0.2982 0.2387 0.1936 0.2701
0.2624 0.2370 0.2970 0.3648 0.4126 0.4231 0.4167 0.3971 0.3569 0.2733 0.1906 0.2014 0.2482 0.3093 0.3755 0.4161 0.4230 0.4150 0.3940 0.3515 0.2640 0.1886 0.2040 0.2513 0.3125 0.3781 0.4168 0.4229 0.4146 0.3930 0.3497 0.2607 0.1880 0.2052 0.2530 0.3147 0.3800 0.4174 0.4229 0.4140 0.3919 0.3476 0.2569 0.1873 0.2065 0.2548 0.3168 0.3817 0.4182 0.4224 0.4153 0.4224 0.4182 0.3817 0.3168 0.2548 0.2065 0.1873 0.2569 0.3476 0.3919 0.4140 0.4229 0.4174 0.3800 0.3147 0.2530 0.2052 0.1880 0.2607 0.3497 0.3930 0.4146 0.4229 0.4168 0.3781 0.3125 0.2513 0.2040 0.1886 0.2640 0.3515 0.3940 0.4150 0.4230 0.4161 0.3755 0.3093 0.2482 0.2014 0.1906 0.2733 0.3569 0.3971 0.4167 0.4231 0.4126 0.3648 0.2970 0.2370 0.2624
0.2880 0.2947 0.3636 0.4121 0.4231 0.4169 0.3975 0.3574 0.2740 0.1907 0.2014 0.2483 0.3097 0.3760 0.4163 0.4230 0.4148 0.3934 0.3504 0.2619 0.1881 0.2048 0.2524 0.3140 0.3793 0.4172 0.4229 0.4142 0.3923 0.3484 0.2583 0.1875 0.2060 0.2541 0.3161 0.3812 0.4178 0.4228 0.4137 0.3913 0.3463 0.2546 0.1869 0.2074 0.2559 0.3183 0.3830 0.4182 0.4227 0.4113 0.3946 0.4113 0.4227 0.4182 0.3830 0.3183 0.2559 0.2074 0.1869 0.2546 0.3463 0.3913 0.4137 0.4228 0.4178 0.3812 0.3161 0.2541 0.2060 0.1875 0.2583 0.3484 0.3923 0.4142 0.4229 0.4172 0.3793 0.3140 0.2524 0.2048 0.1881 0.2619 0.3504 0.3934 0.4148 0.4230 0.4163 0.3760 0.3097 0.2483 0.2014 0.1907 0.2740 0.3574 0.3975 0.4169 0.4231 0.4121 0.3636 0.2947 0.2880
0.3264 0.3613 0.4116 0.4231 0.4171 0.3979 0.3583 0.2754 0.1910 0.2012 0.2482 0.3097 0.3762 0.4165 0.4230 0.4146 0.3930 0.3494 0.2599 0.1878 0.2056 0.2535 0.3154 0.3806 0.4176 0.4228 0.4139 0.3917 0.3471 0.2560 0.1871 0.2069 0.2553 0.3174 0.3824 0.4181 0.4228 0.4134 0.3906 0.3449 0.2522 0.1866 0.2083 0.2572 0.3197 0.3842 0.4186 0.4227 0.4129 0.3857 0.3531 0.3857 0.4129 0.4227 0.4186 0.3842 0.3197 0.2572 0.2083 0.1866 0.2522 0.3449 0.3906 0.4134 0.4228 0.4181 0.3824 0.3174 0.2552 0.2069 0.1871 0.2560 0.3471 0.3917 0.4139 0.4228 0.4176 0.3806 0.3154 0.2535 0.2056 0.1878 0.2599 0.3494 0.3930 0.4146 0.4230 0.4165 0.3762 0.3097 0.2482 0.2012 0.1910 0.2754 0.3583 0.3979 0.4171 0.4231 0.4116 0.3613 0.3264
0.3719 0.4113 0.4229 0.4174 0.3984 0.3592 0.2773 0.1915 0.2007 0.2477 0.3093 0.3760 0.4165 0.4230 0.4145 0.3927 0.3487 0.2582 0.1874 0.2063 0.2546 0.3167 0.3817 0.4179 0.4228 0.4136 0.3910 0.3457 0.2536 0.1867 0.2078 0.2565 0.3188 0.3835 0.4184 0.4227 0.4131 0.3899 0.3435 0.2498 0.1863 0.2092 0.2584 0.3212 0.3853 0.4189 0.4226 0.4126 0.3889 0.3358 0.2766 0.3358 0.3889 0.4126 0.4226 0.4189 0.3853 0.3212 0.2584 0.2092 0.1863 0.2498 0.3435 0.3899 0.4131 0.4227 0.4184 0.3835 0.3188 0.2565 0.2078 0.1867 0.2536 0.3457 0.3910 0.4136 0.4228 0.4179 0.3817 0.3167 0.2546 0.2063 0.1874 0.2582 0.3487 0.3927 0.4145 0.4230 0.4165 0.3760 0.3093 0.2477 0.2007 0.1915 0.2773 0.3592 0.3984 0.4174 0.4229 0.4113 0.3719
0.4071 0.4246 0.4176 0.3990 0.3603 0.2794 0.1921 0.2001 0.2469 0.3085 0.3755 0.4163 0.4230 0.4145 0.3926 0.3483 0.2572 0.1871 0.2069 0.2555 0.3178 0.3828 0.4182 0.4227 0.4133 0.3903 0.3443 0.2512 0.1864 0.2087 0.2577 0.3203 0.3847 0.4187 0.4226 0.4127 0.3892 0.3421 0.2475 0.1860 0.2102 0.2597 0.3226 0.3865 0.4191 0.4225 0.4122 0.3883 0.3400 0.2424 0.1864 0.2424 0.3400 0.3883 0.4122 0.4225 0.4191 0.3865 0.3226 0.2597 0.2102 0.1860 0.2475 0.3421 0.3892 0.4127 0.4226 0.4187 0.3846 0.3203 0.2577 0.2087 0.1864 0.2512 0.3443 0.3903 0.4133 0.4227 0.4182 0.3828 0.3178 0.2555 0.2069 0.1871 0.2572 0.3483 0.3926 0.4145 0.4230 0.4163 0.3755 0.3085 0.2469 0.2001 0.1921 0.2794 0.3603 0.3990 0.4176 0.4246 0.4071
0.4218 0.4196 0.3996 0.3614 0.2816 0.1928 0.1993 0.2460 0.3074 0.3746 0.4161 0.4230 0.4146 0.3927 0.3483 0.2569 0.1871 0.2073 0.2562 0.3188 0.3837 0.4185 0.4227 0.4130 0.3896 0.3430 0.2489 0.1861 0.2096 0.2589 0.3218 0.3859 0.4190 0.4225 0.4124 0.3885 0.3408 0.2452 0.1858 0.2111 0.2609 0.3241 0.3877 0.4194 0.4224 0.4119 0.3874 0.3388 0.2416 0.1859 0.1935 0.1859 0.2416 0.3388 0.3874 0.4119 0.4224 0.4194 0.3877 0.3241 0.2609 0.2111 0.1858 0.2452 0.3408 0.3885 0.4124 0.4225 0.4190 0.3858 0.3218 0.2589 0.2096 0.1861 0.2489 0.3430 0.3896 0.4130 0.4227 0.4185 0.3837 0.3188 0.2562 0.2073 0.1871 0.2569 0.3483 0.3927 0.4146 0.4230 0.4161 0.3746 0.3074 0.2460 0.1993 0.1928 0.2816 0.3614 0.3996 0.4196 0.4218
0.4243 0.4005 0.3626 0.2839 0.1936 0.1986 0.2450 0.3061 0.3735 0.4158 0.4230 0.4148 0.3930 0.3487 0.2572 0.1871 0.2074 0.2565 0.3194 0.3844 0.4187 0.4226 0.4127 0.3890 0.3418 0.2467 0.1859 0.2105 0.2602 0.3232 0.3870 0.4193 0.4225 0.4121 0.3878 0.3394 0.2429 0.1856 0.2120 0.2621 0.3255 0.3889 0.4197 0.4223 0.4115 0.3867 0.3372 0.2396 0.1865 0.2149 0.2382 0.2149 0.1865 0.2396 0.3372 0.3867 0.4115 0.4223 0.4197 0.3889 0.3255 0.2621 0.2120 0.1856 0.2429 0.3394 0.3878 0.4121 0.4225 0.4193 0.3870 0.3232 0.2602 0.2105 0.1859 0.2467 0.3418 0.3890 0.4127 0.4226 0.4187 0.3844 0.3194 0.2565 0.2074 0.1871 0.2572 0.3487 0.3930 0.4148 0.4230 0.4158 0.3735 0.3061 0.2450 0.1986 0.1936 0.2839 0.3626 0.4005 0.4243
0.4161 0.3636 0.2863 0.1945 0.1978 0.2439 0.3048 0.3724 0.4154 0.4230 0.4150 0.3934 0.3494 0.2582 0.1871 0.2073 0.2565 0.3196 0.3847 0.4188 0.4226 0.4124 0.3885 0.3406 0.2448 0.1857 0.2114 0.2614 0.3246 0.3882 0.4195 0.4224 0.4117 0.3872 0.3380 0.2407 0.1854 0.2129 0.2634 0.3270 0.3900 0.4199 0.4222 0.4111 0.3860 0.3358 0.2373 0.1852 0.2162 0.2675 0.2985 0.2675 0.2162 0.1852 0.2373 0.3358 0.3860 0.4111 0.4222 0.4199 0.3900 0.3270 0.2634 0.2129 0.1854 0.2407 0.3380 0.3872 0.4117 0.4224 0.4195 0.3882 0.3246 0.2614 0.2114 0.1857 0.2448 0.3406 0.3885 0.4124 0.4226 0.4188 0.3847 0.3196 0.2565 0.2073 0.1871 0.2582 0.3494 0.3934 0.4150 0.4230 0.4154 0.3724 0.3048 0.2439 0.1978 0.1945 0.2863 0.3636 0.4161
0.3926 0.2886 0.1955 0.1970 0.2427 0.3035 0.3711 0.4150 0.4231 0.4153 0.3940 0.3504 0.2599 0.1874 0.2069 0.2562 0.3194 0.3847 0.4189 0.4225 0.4123 0.3880 0.3396 0.2429 0.1856 0.2122 0.2625 0.3260 0.3893 0.4198 0.4223 0.4114 0.3864 0.3367 0.2386 0.1853 0.2138 0.2647 0.3285 0.3911 0.4202 0.4221 0.4108 0.3852 0.3343 0.2352 0.1852 0.2151 0.2689 0.3335 0.3674 0.3335 0.2689 0.2151 0.1852 0.2352 0.3343 0.3852 0.4108 0.4221 0.4202 0.3911 0.3285 0.2647 0.2138 0.1853 0.2386 0.3367 0.3864 0.4114 0.4223 0.4198 0.3893 0.3260 0.2625 0.2122 0.1856 0.2429 0.3396 0.3880 0.4123 0.4225 0.4189 0.3847 0.3194 0.2562 0.2069 0.1874 0.2599 0.3504 0.3940 0.4153 0.4231 0.4150 0.3711 0.3035 0.2427 0.1970 0.1955 0.2886 0.3926
0.3369 0.1962 0.1962 0.2416 0.3020 0.3697 0.4145 0.4231 0.4156 0.3945 0.3515 0.2619 0.1878 0.2063 0.2555 0.3188 0.3844 0.4188 0.4225 0.4122 0.3879 0.3390 0.2416 0.1854 0.2129 0.2635 0.3273 0.3903 0.4200 0.4222 0.4110 0.3856 0.3352 0.2365 0.1853 0.2147 0.2659 0.3299 0.3922 0.4204 0.4220 0.4104 0.3844 0.3327 0.2331 0.1852 0.2161 0.2676 0.3346 0.3963 0.4145 0.3963 0.3346 0.2676 0.2161 0.1852 0.2331 0.3327 0.3844 0.4104 0.4220 0.4204 0.3922 0.3299 0.2659 0.2147 0.1853 0.2365 0.3352 0.3856 0.4110 0.4222 0.4200 0.3903 0.3273 0.2635 0.2129 0.1854 0.2416 0.3390 0.3879 0.4122 0.4225 0.4188 0.3844 0.3188 0.2555 0.2063 0.1878 0.2619 0.3515 0.3945 0.4156 0.4231 0.4145 0.3697 0.3020 0.2416 0.1962 0.1962 0.3369
0.2688 0.1949 0.2405 0.3006 0.3684 0.4140 0.4231 0.4159 0.3951 0.3526 0.2640 0.1881 0.2056 0.2546 0.3178 0.3837 0.4187 0.4226 0.4123 0.3879 0.3388 0.2410 0.1854 0.2134 0.2643 0.3284 0.3912 0.4202 0.4221 0.4106 0.3849 0.3336 0.2344 0.1852 0.2156 0.2671 0.3313 0.3933 0.4206 0.4219 0.4100 0.3836 0.3312 0.2309 0.1853 0.2171 0.2689 0.3333 0.3961 0.4217 0.4221 0.4217 0.3961 0.3333 0.2689 0.2171 0.1853 0.2309 0.3312 0.3836 0.4100 0.4219 0.4206 0.3933 0.3313 0.2670 0.2156 0.1852 0.2344 0.3336 0.3849 0.4106 0.4221 0.4202 0.3912 0.3284 0.2643 0.2134 0.1854 0.2410 0.3388 0.3879 0.4123 0.4226 0.4187 0.3837 0.3178 0.2546 0.2056 0.1881 0.2640 0.3526 0.3951 0.4159 0.4231 0.4140 0.3684 0.3006 0.2405 0.1949 0.2688
0.2631 0.2387 0.2992 0.3670 0.4135 0.4231 0.4162 0.3958 0.3539 0.2663 0.1886 0.2048 0.2535 0.3167 0.3828 0.4185 0.4226 0.4124 0.3880 0.3390 0.2410 0.1854 0.2136 0.2648 0.3292 0.3919 0.4204 0.4220 0.4103 0.3842 0.3322 0.2323 0.1852 0.2165 0.2683 0.3327 0.3942 0.4208 0.4217 0.4096 0.3828 0.3296 0.2288 0.1853 0.2180 0.2702 0.3349 0.3956 0.4212 0.4208 0.4113 0.4208 0.4212 0.3956 0.3349 0.2702 0.2180 0.1853 0.2288 0.3296 0.3828 0.4096 0.4217 0.4208 0.3942 0.3327 0.2683 0.2165 0.1852 0.2323 0.3322 0.3842 0.4103 0.4220 0.4204 0.3919 0.3292 0.2648 0.2136 0.1854 0.2410 0.3390 0.3880 0.4124 0.4226 0.4185 0.3828 0.3167 0.2535 0.2048 0.1886 0.2663 0.3539 0.3958 0.4162 0.4231 0.4135 0.3670 0.2992 0.2387 0.2631
0.2890 0.2968 0.3657 0.4130 0.4231 0.4164 0.3964 0.3551 0.2687 0.1891 0.2040 0.2524 0.3154 0.3817 0.4182 0.4227 0.4127 0.3885 0.3396 0.2416 0.1854 0.2136 0.2650 0.3296 0.3924 0.4205 0.4219 0.4100 0.3835 0.3309 0.2304 0.1853 0.2174 0.2695 0.3342 0.3952 0.4210 0.4216 0.4092 0.3820 0.3279 0.2267 0.1854 0.2190 0.2715 0.3363 0.3967 0.4213 0.4214 0.4062 0.3861 0.4062 0.4214 0.4213 0.3967 0.3363 0.2715 0.2190 0.1854 0.2267 0.3279 0.3820 0.4092 0.4216 0.4210 0.3952 0.3342 0.2695 0.2174 0.1853 0.2304 0.3309 0.3835 0.4100 0.4219 0.4205 0.3924 0.3296 0.2650 0.2136 0.1854 0.2416 0.3396 0.3885 0.4127 0.4227 0.4182 0.3817 0.3154 0.2524 0.2040 0.1891 0.2687 0.3551 0.3964 0.4164 0.4231 0.4130 0.3657 0.2968 0.2890
0.3278 0.3633 0.4124 0.4231 0.4167 0.3970 0.3563 0.2711 0.1897 0.2031 0.2513 0.3140 0.3806 0.4179 0.4227 0.4130 0.3890 0.3406 0.2429 0.1854 0.2134 0.2648 0.3296 0.3925 0.4206 0.4218 0.4098 0.3830 0.3296 0.2286 0.1853 0.2183 0.2706 0.3354 0.3962 0.4212 0.4215 0.4088 0.3811 0.3262 0.2246 0.1856 0.2200 0.2728 0.3377 0.3977 0.4215 0.4213 0.4082 0.3755 0.3373 0.3755 0.4082 0.4213 0.4215 0.3977 0.3377 0.2728 0.2200 0.1856 0.2246 0.3262 0.3811 0.4088 0.4215 0.4212 0.3962 0.3354 0.2706 0.2183 0.1853 0.2286 0.3296 0.3830 0.4098 0.4218 0.4206 0.3925 0.3296 0.2648 0.2134 0.1854 0.2429 0.3406 0.3890 0.4130 0.4227 0.4179 0.3806 0.3140 0.2513 0.2031 0.1897 0.2711 0.3563 0.3970 0.4167 0.4231 0.4124 0.3633 0.3278
0.3733 0.4122 0.4230 0.4170 0.3976 0.3575 0.2735 0.1904 0.2023 0.2501 0.3125 0.3793 0.4176 0.4228 0.4133 0.3896 0.3418 0.2448 0.1856 0.2129 0.2643 0.3292 0.3924 0.4206 0.4218 0.4097 0.3826 0.3287 0.2271 0.1854 0.2191 0.2717 0.3367 0.3970 0.4213 0.4213 0.4084 0.3803 0.3245 0.2226 0.1858 0.2210 0.2741 0.3392 0.3986 0.4216 0.4211 0.4078 0.3791 0.3164 0.2493 0.3164 0.3791 0.4078 0.4211 0.4216 0.3986 0.3392 0.2741 0.2210 0.1858 0.2226 0.3245 0.3803 0.4084 0.4213 0.4213 0.3970 0.3367 0.2717 0.2191 0.1854 0.2271 0.3287 0.3826 0.4097 0.4218 0.4206 0.3924 0.3292 0.2643 0.2129 0.1856 0.2448 0.3418 0.3896 0.4133 0.4228 0.4176 0.3793 0.3125 0.2501 0.2023 0.1904 0.2735 0.3575 0.3976 0.4170 0.4230 0.4122 0.3733
0.4079 0.4247 0.4172 0.3982 0.3587 0.2759 0.1910 0.2014 0.2489 0.3111 0.3781 0.4172 0.4228 0.4136 0.3903 0.3430 0.2467 0.1857 0.2122 0.2635 0.3284 0.3919 0.4205 0.4218 0.4097 0.3825 0.3283 0.2263 0.1855 0.2197 0.2727 0.3379 0.3978 0.4215 0.4212 0.4081 0.3796 0.3230 0.2208 0.1860 0.2220 0.2754 0.3407 0.3996 0.4217 0.4210 0.4073 0.3783 0.3200 0.2166 0.1789 0.2166 0.3200 0.3783 0.4073 0.4210 0.4217 0.3996 0.3407 0.2754 0.2220 0.1860 0.2208 0.3230 0.3796 0.4081 0.4212 0.4215 0.3978 0.3379 0.2727 0.2197 0.1855 0.2263 0.3283 0.3825 0.4097 0.4218 0.4205 0.3919 0.3284 0.2635 0.2122 0.1857 0.2467 0.3430 0.3903 0.4136 0.4228 0.4172 0.3781 0.3111 0.2489 0.2014 0.1910 0.2759 0.3587 0.3982 0.4172 0.4247 0.4079
0.4220 0.4192 0.3988 0.3598 0.2783 0.1918 0.2006 0.2477 0.3097 0.3768 0.4168 0.4229 0.4139 0.3910 0.3443 0.2489 0.1859 0.2114 0.2625 0.3273 0.3912 0.4204 0.4219 0.4098 0.3826 0.3283 0.2260 0.1855 0.2201 0.2734 0.3389 0.3986 0.4216 0.4211 0.4077 0.3789 0.3215 0.2191 0.1862 0.2229 0.2767 0.3422 0.4005 0.4219 0.4208 0.4069 0.3773 0.3186 0.2162 0.1875 0.2037 0.1875 0.2162 0.3186 0.3773 0.4069 0.4208 0.4219 0.4005 0.3422 0.2767 0.2229 0.1862 0.2191 0.3215 0.3789 0.4077 0.4211 0.4216 0.3986 0.3389 0.2734 0.2201 0.1855 0.2260 0.3283 0.3826 0.4098 0.4219 0.4204 0.3912 0.3273 0.2625 0.2114 0.1859 0.2489 0.3443 0.3910 0.4139 0.4229 0.4168 0.3768 0.3097 0.2477 0.2006 0.1918 0.2783 0.3598 0.3988 0.4192 0.4220
0.4242 0.3997 0.3610 0.2807 0.1925 0.1997 0.2466 0.3082 0.3755 0.4164 0.4229 0.4142 0.3917 0.3457 0.2512 0.1861 0.2105 0.2614 0.3260 0.3903 0.4202 0.4220 0.4100 0.3830 0.3287 0.2263 0.1855 0.2202 0.2738 0.3395 0.3991 0.4217 0.4210 0.4073 0.3781 0.3200 0.2175 0.1865 0.2238 0.2779 0.3436 0.4014 0.4220 0.4206 0.4065 0.3765 0.3166 0.2143 0.1884 0.2272 0.2526 0.2272 0.1884 0.2143 0.3166 0.3765 0.4065 0.4206 0.4220 0.4014 0.3436 0.2779 0.2238 0.1865 0.2175 0.3200 0.3781 0.4073 0.4210 0.4217 0.3991 0.3395 0.2738 0.2202 0.1855 0.2263 0.3287 0.3830 0.4100 0.4220 0.4202 0.3903 0.3260 0.2614 0.2105 0.1861 0.2512 0.3457 0.3917 0.4142 0.4229 0.4164 0.3755 0.3082 0.2466 0.1997 0.1925 0.2807 0.3610 0.3997 0.4242
0.4157 0.3621 0.2831 0.1933 0.1989 0.2454 0.3068 0.3742 0.4160 0.4230 0.4146 0.3923 0.3471 0.2536 0.1864 0.2096 0.2602 0.3246 0.3893 0.4200 0.4221 0.4103 0.3835 0.3296 0.2271 0.1855 0.2201 0.2738 0.3396 0.3993 0.4218 0.4209 0.4070 0.3774 0.3185 0.2160 0.1867 0.2247 0.2791 0.3449 0.4022 0.4221 0.4205 0.4061 0.3756 0.3148 0.2126 0.1874 0.2285 0.2838 0.3164 0.2838 0.2285 0.1874 0.2126 0.3148 0.3756 0.4061 0.4205 0.4221 0.4022 0.3449 0.2791 0.2247 0.1867 0.2160 0.3185 0.3774 0.4070 0.4209 0.4218 0.3993 0.3396 0.2738 0.2201 0.1855 0.2271 0.3296 0.3835 0.4103 0.4221 0.4200 0.3893 0.3246 0.2602 0.2096 0.1864 0.2536 0.3471 0.3923 0.4146 0.4230 0.4160 0.3742 0.3068 0.2454 0.1989 0.1933 0.2831 0.3621 0.4157
0.3916 0.2854 0.1943 0.1981 0.2443 0.3054 0.3729 0.4156 0.4230 0.4149 0.3930 0.3484 0.2560 0.1867 0.2087 0.2589 0.3232 0.3882 0.4198 0.4222 0.4106 0.3842 0.3309 0.2286 0.1854 0.2197 0.2734 0.3395 0.3993 0.4218 0.4208 0.4069 0.3769 0.3172 0.2146 0.1870 0.2255 0.2802 0.3461 0.4029 0.4222 0.4203 0.4056 0.3747 0.3129 0.2110 0.1878 0.2274 0.2851 0.3517 0.3838 0.3517 0.2851 0.2274 0.1878 0.2110 0.3129 0.3747 0.4056 0.4203 0.4222 0.4029 0.3461 0.2802 0.2255 0.1870 0.2146 0.3172 0.3769 0.4069 0.4208 0.4218 0.3993 0.3395 0.2734 0.2197 0.1854 0.2286 0.3309 0.3842 0.4106 0.4222 0.4198 0.3882 0.3232 0.2589 0.2087 0.1867 0.2560 0.3484 0.3930 0.4149 0.4230 0.4156 0.3729 0.3054 0.2443 0.1981 0.1943 0.2854 0.3916
0.3345 0.1948 0.1973 0.2431 0.3039 0.3715 0.4151 0.4230 0.4152 0.3937 0.3497 0.2583 0.1871 0.2078 0.2577 0.3218 0.3870 0.4195 0.4223 0.4110 0.3849 0.3322 0.2304 0.1853 0.2191 0.2727 0.3389 0.3991 0.4218 0.4208 0.4068 0.3767 0.3164 0.2135 0.1873 0.2263 0.2812 0.3473 0.4036 0.4223 0.4201 0.4052 0.3738 0.3110 0.2094 0.1883 0.2285 0.2838 0.3525 0.4072 0.4193 0.4072 0.3525 0.2838 0.2285 0.1883 0.2094 0.3110 0.3738 0.4052 0.4201 0.4223 0.4036 0.3473 0.2812 0.2263 0.1873 0.2135 0.3164 0.3767 0.4068 0.4208 0.4218 0.3991 0.3389 0.2727 0.2191 0.1853 0.2304 0.3322 0.3849 0.4110 0.4223 0.4195 0.3870 0.3218 0.2577 0.2078 0.1871 0.2583 0.3497 0.3937 0.4152 0.4230 0.4151 0.3715 0.3039 0.2431 0.1973 0.1948 0.3345
0.2677 0.1960 0.2420 0.3025 0.3702 0.4147 0.4231 0.4155 0.3943 0.3510 0.2607 0.1875 0.2069 0.2565 0.3203 0.3859 0.4193 0.4224 0.4114 0.3856 0.3337 0.2323 0.1853 0.2183 0.2717 0.3379 0.3986 0.4217 0.4209 0.4069 0.3767 0.3161 0.2131 0.1874 0.2269 0.2822 0.3484 0.4043 0.4224 0.4200 0.4048 0.3730 0.3093 0.2080 0.1888 0.2295 0.2852 0.3513 0.4068 0.4230 0.4205 0.4230 0.4068 0.3513 0.2852 0.2295 0.1888 0.2080 0.3093 0.3730 0.4048 0.4200 0.4224 0.4043 0.3484 0.2822 0.2269 0.1874 0.2131 0.3161 0.3767 0.4069 0.4209 0.4217 0.3986 0.3379 0.2717 0.2183 0.1853 0.2323 0.3336 0.3856 0.4114 0.4224 0.4193 0.3858 0.3203 0.2565 0.2069 0.1875 0.2607 0.3510 0.3943 0.4155 0.4231 0.4147 0.3702 0.3025 0.2420 0.1960 0.2677
0.2636 0.2402 0.3011 0.3688 0.4142 0.4231 0.4158 0.3950 0.3522 0.2631 0.1880 0.2060 0.2553 0.3188 0.3847 0.4190 0.4225 0.4117 0.3864 0.3352 0.2344 0.1852 0.2174 0.2706 0.3367 0.3978 0.4216 0.4210 0.4070 0.3769 0.3164 0.2131 0.1875 0.2272 0.2827 0.3492 0.4048 0.4225 0.4198 0.4044 0.3722 0.3075 0.2068 0.1893 0.2305 0.2865 0.3528 0.4065 0.4227 0.4182 0.4064 0.4182 0.4227 0.4065 0.3528 0.2865 0.2305 0.1893 0.2068 0.3075 0.3722 0.4044 0.4198 0.4225 0.4048 0.3492 0.2827 0.2272 0.1875 0.2131 0.3164 0.3769 0.4070 0.4210 0.4216 0.3978 0.3367 0.2706 0.2174 0.1852 0.2344 0.3352 0.3864 0.4117 0.4225 0.4190 0.3846 0.3188 0.2553 0.2060 0.1880 0.2631 0.3522 0.3950 0.4158 0.4231 0.4142 0.3688 0.3011 0.2402 0.2636
0.2900 0.2988 0.3676 0.4137 0.4231 0.4161 0.3956 0.3535 0.2654 0.1884 0.2052 0.2541 0.3174 0.3835 0.4187 0.4225 0.4121 0.3872 0.3367 0.2365 0.1852 0.2165 0.2695 0.3354 0.3970 0.4215 0.4211 0.4073 0.3774 0.3172 0.2135 0.1874 0.2272 0.2829 0.3496 0.4051 0.4225 0.4197 0.4040 0.3714 0.3058 0.2055 0.1898 0.2314 0.2877 0.3541 0.4072 0.4227 0.4192 0.4001 0.3761 0.4001 0.4192 0.4227 0.4072 0.3541 0.2877 0.2314 0.1898 0.2055 0.3058 0.3714 0.4040 0.4197 0.4225 0.4051 0.3496 0.2829 0.2272 0.1874 0.2135 0.3172 0.3774 0.4073 0.4211 0.4215 0.3970 0.3354 0.2695 0.2165 0.1852 0.2365 0.3367 0.3872 0.4121 0.4225 0.4187 0.3835 0.3174 0.2541 0.2052 0.1884 0.2654 0.3535 0.3956 0.4161 0.4231 0.4137 0.3676 0.2988 0.2900
0.3292 0.3654 0.4132 0.4231 0.4163 0.3961 0.3546 0.2676 0.1889 0.2044 0.2530 0.3161 0.3824 0.4184 0.4226 0.4124 0.3878 0.3380 0.2386 0.1853 0.2156 0.2683 0.3342 0.3962 0.4213 0.4212 0.4077 0.3781 0.3185 0.2146 0.1873 0.2269 0.2827 0.3496 0.4052 0.4226 0.4196 0.4038 0.3707 0.3041 0.2044 0.1904 0.2322 0.2889 0.3553 0.4079 0.4228 0.4190 0.4025 0.3634 0.3190 0.3634 0.4025 0.4190 0.4228 0.4079 0.3553 0.2889 0.2322 0.1904 0.2044 0.3041 0.3707 0.4038 0.4196 0.4226 0.4052 0.3496 0.2827 0.2269 0.1873 0.2146 0.3185 0.3781 0.4077 0.4212 0.4213 0.3962 0.3342 0.2683 0.2156 0.1853 0.2386 0.3380 0.3878 0.4124 0.4226 0.4184 0.3824 0.3161 0.2530 0.2044 0.1889 0.2676 0.3546 0.3961 0.4163 0.4231 0.4132 0.3654 0.3292
0.3747 0.4131 0.4230 0.4166 0.3967 0.3557 0.2699 0.1894 0.2035 0.2518 0.3147 0.3812 0.4181 0.4227 0.4127 0.3885 0.3394 0.2407 0.1853 0.2147 0.2671 0.3327 0.3952 0.4212 0.4213 0.4081 0.3789 0.3200 0.2160 0.1870 0.2263 0.2822 0.3492 0.4051 0.4226 0.4196 0.4036 0.3703 0.3028 0.2034 0.1909 0.2331 0.2900 0.3565 0.4085 0.4228 0.4188 0.4022 0.3675 0.2931 0.2225 0.2931 0.3675 0.4022 0.4188 0.4228 0.4085 0.3565 0.2900 0.2331 0.1909 0.2034 0.3028 0.3703 0.4036 0.4196 0.4226 0.4051 0.3492 0.2822 0.2263 0.1870 0.2160 0.3200 0.3789 0.4081 0.4213 0.4212 0.3952 0.3327 0.2671 0.2147 0.1853 0.2407 0.3394 0.3885 0.4127 0.4227 0.4181 0.3812 0.3147 0.2518 0.2035 0.1894 0.2699 0.3557 0.3967 0.4166 0.4230 0.4131 0.3747
0.4087 0.4247 0.4168 0.3973 0.3569 0.2722 0.1900 0.2027 0.2507 0.3133 0.3800 0.4178 0.4228 0.4131 0.3892 0.3408 0.2429 0.1854 0.2138 0.2659 0.3313 0.3942 0.4210 0.4215 0.4084 0.3796 0.3215 0.2175 0.1867 0.2255 0.2812 0.3484 0.4048 0.4225 0.4196 0.4036 0.3702 0.3022 0.2028 0.1913 0.2338 0.2911 0.3577 0.4090 0.4229 0.4186 0.4016 0.3668 0.2947 0.1989 0.1799 0.1989 0.2947 0.3668 0.4016 0.4186 0.4229 0.4090 0.3577 0.2911 0.2338 0.1913 0.2028 0.3022 0.3702 0.4036 0.4196 0.4225 0.4048 0.3484 0.2812 0.2255 0.1867 0.2175 0.3215 0.3796 0.4084 0.4215 0.4210 0.3942 0.3313 0.2659 0.2138 0.1854 0.2429 0.3408 0.3892 0.4131 0.4228 0.4178 0.3800 0.3133 0.2507 0.2027 0.1900 0.2722 0.3569 0.3973 0.4168 0.4247 0.4087
0.4222 0.4188 0.3979 0.3580 0.2745 0.1906 0.2019 0.2496 0.3119 0.3788 0.4174 0.4228 0.4134 0.3899 0.3421 0.2452 0.1856 0.2129 0.2647 0.3299 0.3933 0.4208 0.4216 0.4088 0.3803 0.3230 0.2191 0.1865 0.2247 0.2802 0.3473 0.4043 0.4225 0.4197 0.4038 0.3703 0.3022 0.2027 0.1915 0.2343 0.2918 0.3586 0.4095 0.4229 0.4184 0.4012 0.3658 0.2932 0.1990 0.1951 0.2147 0.1951 0.1990 0.2932 0.3658 0.4012 0.4184 0.4229 0.4095 0.3586 0.2918 0.2343 0.1915 0.2027 0.3022 0.3703 0.4038 0.4197 0.4225 0.4043 0.3473 0.2802 0.2247 0.1865 0.2191 0.3230 0.3803 0.4088 0.4216 0.4208 0.3933 0.3299 0.2647 0.2129 0.1856 0.2452 0.3421 0.3899 0.4134 0.4228 0.4174 0.3788 0.3119 0.2496 0.2019 0.1906 0.2745 0.3580 0.3979 0.4188 0.4222
0.4241 0.3988 0.3592 0.2769 0.1913 0.2011 0.2484 0.3105 0.3775 0.4171 0.4229 0.4137 0.3906 0.3435 0.2475 0.1858 0.2120 0.2634 0.3285 0.3922 0.4206 0.4217 0.4092 0.3811 0.3245 0.2208 0.1862 0.2238 0.2791 0.3461 0.4036 0.4224 0.4198 0.4040 0.3707 0.3028 0.2028 0.1915 0.2344 0.2922 0.3592 0.4099 0.4230 0.4182 0.4008 0.3649 0.2912 0.1975 0.1962 0.2401 0.2675 0.2401 0.1962 0.1975 0.2912 0.3649 0.4008 0.4182 0.4230 0.4099 0.3592 0.2922 0.2344 0.1915 0.2028 0.3028 0.3707 0.4040 0.4198 0.4224 0.4036 0.3461 0.2791 0.2238 0.1862 0.2208 0.3245 0.3811 0.4092 0.4217 0.4206 0.3922 0.3285 0.2634 0.2120 0.1858 0.2475 0.3435 0.3906 0.4137 0.4229 0.4171 0.3775 0.3105 0.2484 0.2011 0.1913 0.2769 0.3592 0.3988 0.4241
0.4152 0.3603 0.2794 0.1921 0.2002 0.2472 0.3091 0.3763 0.4167 0.4229 0.4140 0.3913 0.3449 0.2498 0.1860 0.2111 0.2621 0.3270 0.3911 0.4204 0.4219 0.4096 0.3820 0.3262 0.2226 0.1860 0.2229 0.2779 0.3449 0.4029 0.4223 0.4200 0.4044 0.3714 0.3041 0.2034 0.1913 0.2343 0.2922 0.3594 0.4101 0.4230 0.4181 0.4004 0.3640 0.2893 0.1966 0.1952 0.2414 0.3003 0.3340 0.3003 0.2414 0.1952 0.1966 0.2893 0.3640 0.4004 0.4181 0.4230 0.4101 0.3594 0.2922 0.2343 0.1913 0.2034 0.3041 0.3714 0.4044 0.4200 0.4223 0.4029 0.3449 0.2779 0.2229 0.1860 0.2226 0.3262 0.3820 0.4096 0.4219 0.4204 0.3911 0.3270 0.2621 0.2111 0.1860 0.2498 0.3449 0.3913 0.4140 0.4229 0.4167 0.3763 0.3091 0.2472 0.2002 0.1921 0.2794 0.3603 0.4152
0.3903 0.2817 0.1929 0.1994 0.2461 0.3076 0.3750 0.4163 0.4230 0.4144 0.3919 0.3463 0.2522 0.1863 0.2102 0.2609 0.3255 0.3900 0.4202 0.4220 0.4100 0.3828 0.3279 0.2246 0.1858 0.2220 0.2767 0.3436 0.4022 0.4222 0.4201 0.4048 0.3722 0.3058 0.2044 0.1909 0.2338 0.2918 0.3592 0.4101 0.4230 0.4180 0.4002 0.3634 0.2876 0.1958 0.1958 0.2401 0.3015 0.3684 0.3972 0.3684 0.3015 0.2401 0.1958 0.1958 0.2876 0.3634 0.4002 0.4180 0.4230 0.4101 0.3592 0.2918 0.2338 0.1909 0.2044 0.3058 0.3722 0.4048 0.4201 0.4222 0.4022 0.3436 0.2767 0.2220 0.1858 0.2246 0.3279 0.3828 0.4100 0.4220 0.4202 0.3900 0.3255 0.2609 0.2102 0.1863 0.2522 0.3463 0.3919 0.4144 0.4230 0.4163 0.3750 0.3076 0.2461 0.1994 0.1929 0.2817 0.3903
0.3317 0.1934 0.1986 0.2449 0.3062 0.3736 0.4158 0.4230 0.4147 0.3926 0.3476 0.2546 0.1866 0.2092 0.2597 0.3241 0.3889 0.4199 0.4221 0.4104 0.3836 0.3296 0.2267 0.1856 0.2210 0.2754 0.3422 0.4014 0.4221 0.4203 0.4052 0.3730 0.3075 0.2055 0.1904 0.2331 0.2911 0.3586 0.4099 0.4230 0.4180 0.4001 0.3631 0.2867 0.1953 0.1964 0.2410 0.3000 0.3688 0.4145 0.4216 0.4145 0.3688 0.3000 0.2410 0.1964 0.1953 0.2867 0.3631 0.4001 0.4180 0.4230 0.4099 0.3586 0.2911 0.2331 0.1904 0.2055 0.3075 0.3730 0.4052 0.4203 0.4221 0.4014 0.3422 0.2754 0.2210 0.1856 0.2267 0.3296 0.3836 0.4104 0.4221 0.4199 0.3889 0.3241 0.2597 0.2092 0.1866 0.2546 0.3476 0.3926 0.4147 0.4230 0.4158 0.3736 0.3062 0.2449 0.1986 0.1934 0.3317
0.2666 0.1973 0.2438 0.3047 0.3723 0.4154 0.4230 0.4150 0.3933 0.3489 0.2569 0.1869 0.2083 0.2584 0.3226 0.3877 0.4197 0.4222 0.4108 0.3844 0.3312 0.2288 0.1854 0.2200 0.2741 0.3407 0.4005 0.4220 0.4205 0.4056 0.3738 0.3093 0.2068 0.1898 0.2322 0.2900 0.3577 0.4095 0.4230 0.4181 0.4002 0.3631 0.2864 0.1950 0.1968 0.2417 0.3010 0.3676 0.4138 0.4231 0.4182 0.4231 0.4138 0.3676 0.3010 0.2417 0.1968 0.1950 0.2864 0.3631 0.4002 0.4181 0.4230 0.4095 0.3577 0.2900 0.2322 0.1898 0.2068 0.3093 0.3738 0.4056 0.4205 0.4220 0.4005 0.3407 0.2741 0.2200 0.1854 0.2288 0.3312 0.3844 0.4108 0.4222 0.4197 0.3877 0.3226 0.2584 0.2083 0.1869 0.2569 0.3489 0.3933 0.4150 0.4230 0.4154 0.3723 0.3047 0.2438 0.1972 0.2666
0.2643 0.2420 0.3033 0.3709 0.4150 0.4231 0.4153 0.3939 0.3502 0.2593 0.1873 0.2074 0.2572 0.3211 0.3865 0.4194 0.4223 0.4111 0.3852 0.3328 0.2309 0.1853 0.2190 0.2727 0.3392 0.3995 0.4219 0.4206 0.4061 0.3747 0.3110 0.2080 0.1893 0.2314 0.2889 0.3565 0.4090 0.4229 0.4182 0.4004 0.3634 0.2867 0.1950 0.1969 0.2420 0.3016 0.3685 0.4136 0.4231 0.4149 0.4008 0.4149 0.4231 0.4136 0.3685 0.3016 0.2420 0.1969 0.1950 0.2867 0.3634 0.4004 0.4182 0.4229 0.4090 0.3565 0.2889 0.2314 0.1893 0.2080 0.3110 0.3747 0.4061 0.4206 0.4219 0.3996 0.3392 0.2728 0.2190 0.1853 0.2309 0.3327 0.3852 0.4111 0.4223 0.4194 0.3865 0.3212 0.2572 0.2074 0.1873 0.2593 0.3502 0.3939 0.4153 0.4231 0.4150 0.3710 0.3033 0.2420 0.2642
0.2912 0.3010 0.3697 0.4145 0.4231 0.4156 0.3946 0.3515 0.2616 0.1877 0.2066 0.2560 0.3197 0.3854 0.4192 0.4224 0.4115 0.3860 0.3343 0.2330 0.1853 0.2180 0.2715 0.3378 0.3986 0.4217 0.4208 0.4065 0.3756 0.3129 0.2094 0.1888 0.2305 0.2877 0.3553 0.4085 0.4229 0.4184 0.4008 0.3640 0.2876 0.1953 0.1968 0.2420 0.3018 0.3689 0.4139 0.4231 0.4164 0.3933 0.3651 0.3933 0.4164 0.4231 0.4139 0.3689 0.3018 0.2420 0.1968 0.1953 0.2876 0.3640 0.4008 0.4184 0.4229 0.4085 0.3553 0.2877 0.2305 0.1888 0.2094 0.3129 0.3756 0.4065 0.4208 0.4217 0.3986 0.3377 0.2715 0.2180 0.1853 0.2331 0.3343 0.3860 0.4115 0.4224 0.4191 0.3853 0.3197 0.2559 0.2065 0.1877 0.2617 0.3515 0.3946 0.4156 0.4231 0.4145 0.3696 0.3010 0.2911
0.3308 0.3675 0.4140 0.4231 0.4159 0.3951 0.3526 0.2638 0.1881 0.2058 0.2549 0.3184 0.3843 0.4189 0.4225 0.4118 0.3866 0.3356 0.2350 0.1852 0.2172 0.2703 0.3365 0.3978 0.4216 0.4209 0.4069 0.3764 0.3146 0.2109 0.1884 0.2296 0.2866 0.3541 0.4079 0.4228 0.4186 0.4012 0.3649 0.2893 0.1958 0.1964 0.2417 0.3016 0.3689 0.4140 0.4231 0.4163 0.3963 0.3505 0.2991 0.3504 0.3963 0.4163 0.4231 0.4140 0.3689 0.3016 0.2417 0.1964 0.1958 0.2893 0.3649 0.4012 0.4186 0.4228 0.4079 0.3541 0.2865 0.2295 0.1883 0.2110 0.3148 0.3765 0.4069 0.4210 0.4216 0.3977 0.3363 0.2702 0.2171 0.1852 0.2352 0.3358 0.3867 0.4119 0.4225 0.4189 0.3842 0.3183 0.2548 0.2057 0.1881 0.2640 0.3527 0.3952 0.4159 0.4231 0.4140 0.3675 0.3308
0.3761 0.4140 0.4230 0.4161 0.3957 0.3538 0.2661 0.1886 0.2049 0.2538 0.3170 0.3832 0.4186 0.4226 0.4122 0.3873 0.3371 0.2372 0.1853 0.2162 0.2691 0.3351 0.3968 0.4215 0.4211 0.4073 0.3773 0.3165 0.2125 0.1879 0.2286 0.2854 0.3529 0.4073 0.4228 0.4188 0.4016 0.3658 0.2912 0.1967 0.1959 0.2410 0.3011 0.3685 0.4139 0.4231 0.4162 0.3962 0.3553 0.2688 0.2011 0.2689 0.3553 0.3962 0.4162 0.4231 0.4139 0.3685 0.3010 0.2410 0.1958 0.1966 0.2912 0.3658 0.4016 0.4188 0.4228 0.4072 0.3528 0.2852 0.2285 0.1878 0.2126 0.3166 0.3773 0.4073 0.4211 0.4215 0.3967 0.3349 0.2689 0.2161 0.1852 0.2373 0.3372 0.3874 0.4122 0.4226 0.4186 0.3830 0.3168 0.2536 0.2048 0.1886 0.2663 0.3539 0.3958 0.4162 0.4230 0.4139 0.3760
0.4094 0.4248 0.4164 0.3963 0.3550 0.2685 0.1891 0.2041 0.2525 0.3156 0.3819 0.4183 0.4226 0.4125 0.3881 0.3386 0.2394 0.1853 0.2153 0.2678 0.3336 0.3958 0.4213 0.4212 0.4077 0.3781 0.3183 0.2142 0.1874 0.2276 0.2841 0.3516 0.4066 0.4227 0.4190 0.4021 0.3666 0.2932 0.1975 0.1952 0.2402 0.3001 0.3677 0.4137 0.4231 0.4162 0.3962 0.3553 0.2698 0.1898 0.1852 0.1902 0.2702 0.3556 0.3962 0.4163 0.4231 0.4136 0.3676 0.3000 0.2401 0.1952 0.1975 0.2932 0.3668 0.4022 0.4190 0.4227 0.4065 0.3513 0.2838 0.2274 0.1874 0.2143 0.3186 0.3783 0.4078 0.4213 0.4213 0.3956 0.3333 0.2676 0.2151 0.1852 0.2396 0.3388 0.3883 0.4126 0.4227 0.4182 0.3817 0.3153 0.2523 0.2039 0.1891 0.2687 0.3552 0.3965 0.4164 0.4248 0.4094
0.4224 0.4183 0.3969 0.3562 0.2709 0.1897 0.2032 0.2513 0.3141 0.3807 0.4179 0.4227 0.4129 0.3888 0.3400 0.2417 0.1854 0.2143 0.2666 0.3321 0.3948 0.4211 0.4214 0.4082 0.3790 0.3202 0.2160 0.1870 0.2265 0.2827 0.3501 0.4059 0.4227 0.4192 0.4025 0.3675 0.2951 0.1984 0.1946 0.2393 0.2990 0.3667 0.4133 0.4231 0.4163 0.3963 0.3554 0.2702 0.1906 0.2042 0.2261 0.2051 0.1929 0.2705 0.3555 0.3963 0.4164 0.4231 0.4138 0.3688 0.3015 0.2414 0.1962 0.1990 0.2947 0.3675 0.4025 0.4192 0.4227 0.4068 0.3525 0.2851 0.2285 0.1884 0.2162 0.3200 0.3791 0.4082 0.4214 0.4212 0.3961 0.3346 0.2689 0.2162 0.1865 0.2416 0.3400 0.3889 0.4129 0.4227 0.4182 0.3825 0.3166 0.2536 0.2049 0.1906 0.2706 0.3562 0.3970 0.4183 0.4226
0.4240 0.3978 0.3574 0.2732 0.1903 0.2024 0.2502 0.3127 0.3795 0.4176 0.4228 0.4132 0.3895 0.3414 0.2439 0.1855 0.2134 0.2653 0.3307 0.3938 0.4209 0.4215 0.4086 0.3799 0.3219 0.2177 0.1867 0.2255 0.2814 0.3488 0.4052 0.4226 0.4194 0.4030 0.3684 0.2970 0.1994 0.1939 0.2383 0.2978 0.3655 0.4129 0.4231 0.4165 0.3967 0.3559 0.2708 0.1897 0.2045 0.2536 0.2767 0.2387 0.1938 0.1912 0.2693 0.3506 0.3933 0.4150 0.4231 0.4145 0.3684 0.3003 0.2401 0.1951 0.1989 0.2931 0.3634 0.4001 0.4182 0.4230 0.4072 0.3517 0.2838 0.2272 0.1875 0.2166 0.3164 0.3755 0.4062 0.4208 0.4217 0.3963 0.3335 0.2675 0.2149 0.1859 0.2424 0.3358 0.3857 0.4113 0.4224 0.4188 0.3823 0.3154 0.2522 0.2037 0.1902 0.2708 0.3517 0.3941 0.4231
0.4146 0.3585 0.2755 0.1909 0.2016 0.2491 0.3114 0.3783 0.4173 0.4228 0.4135 0.3902 0.3427 0.2460 0.1856 0.2126 0.2642 0.3294 0.3928 0.4208 0.4217 0.4089 0.3806 0.3235 0.2195 0.1864 0.2246 0.2802 0.3474 0.4044 0.4225 0.4196 0.4034 0.3692 0.2989 0.2004 0.1933 0.2374 0.2966 0.3644 0.4125 0.4231 0.4168 0.3971 0.3567 0.2722 0.1901 0.2023 0.2534 0.3098 0.3343 0.2850 0.2198 0.1722 0.2014 0.2989 0.3651 0.4008 0.4181 0.4216 0.3972 0.3340 0.2675 0.2147 0.1799 0.2225 0.3190 0.3761 0.4064 0.4205 0.4193 0.3838 0.3164 0.2526 0.2037 0.1789 0.2493 0.3373 0.3861 0.4113 0.4221 0.4145 0.3674 0.2985 0.2382 0.1935 0.1864 0.2766 0.3531 0.3946 0.4153 0.4224 0.4067 0.3496 0.2813 0.2250 0.1847 0.2025 0.3007 0.3651 0.4144
0.3890 0.2777 0.1916 0.2007 0.2480 0.3100 0.3771 0.4169 0.4229 0.4138 0.3908 0.3440 0.2483 0.1858 0.2117 0.2630 0.3279 0.3918 0.4206 0.4218 0.4093 0.3814 0.3251 0.2213 0.1861 0.2236 0.2789 0.3461 0.4036 0.4224 0.4198 0.4039 0.3702 0.3010 0.2014 0.1926 0.2365 0.2955 0.3632 0.4120 0.4231 0.4170 0.3976 0.3577 0.2741 0.1906 0.2018 0.2493 0.3131 0.3794 0.4066 0.4007 0.3961 0.2250 0.2643 0.3505 0.3934 0.4149 0.4231 0.4145 0.3684 0.3002 0.2401 0.1951 0.1989 0.2931 0.3634 0.4001 0.4182 0.4230 0.4072 0.3517 0.2838 0.2272 0.1875 0.2166 0.3164 0.3755 0.4062 0.4208 0.4217 0.3963 0.3335 0.2675 0.2149 0.1859 0.2424 0.3358 0.3857 0.4113 0.4224 0.4188 0.3823 0.3154 0.2522 0.2037 0.1902 0.2708 0.3517 0.3941 0.4231
0.3288 0.1920 0.1998 0.2467 0.3084 0.3757 0.4165 0.4229 0.4142 0.3915 0.3454 0.2506 0.1860 0.2106 0.2616 0.3263 0.3906 0.4203 0.4219 0.4097 0.3823 0.3268 0.2233 0.1858 0.2225 0.2774 0.3445 0.4027 0.4223 0.4200 0.4044 0.3712 0.3032 0.2026 0.1918 0.2354 0.2941 0.3619 0.4115 0.4231 0.4172 0.3981 0.3587 0.2761 0.1911 0.2011 0.2483 0.3102 0.3781 0.4175 0.4228 0.4284 0.3776 0.2905 0.3503 0.3968 0.4164 0.4231 0.4138 0.3688 0.3014 0.2414 0.1962 0.1990 0.2947 0.3675 0.4025 0.4192 0.4227 0.4068 0.3525 0.2851 0.2285 0.1884 0.2162 0.3200 0.3791 0.4082 0.4214 0.4212 0.3961 0.3346 0.2689 0.2162 0.1865 0.2416 0.3400 0.3889 0.4129 0.4227 0.4182 0.3825 0.3166 0.2536 0.2049 0.1906 0.2706 0.3562 0.3970 0.4183 0.4226
0.2655 0.1987 0.2457 0.3071 0.3744 0.4161 0.4230 0.4146 0.3924 0.3470 0.2529 0.1863 0.2098 0.2605 0.3250 0.3895 0.4201 0.4221 0.4102 0.3833 0.3286 0.2252 0.1857 0.2216 0.2762 0.3431 0.4019 0.4222 0.4202 0.4050 0.3724 0.3054 0.2040 0.1912 0.2345 0.2930 0.3608 0.4109 0.4230 0.4175 0.3988 0.3599 0.2781 0.1918 0.2005 0.2475 0.3092 0.3763 0.4167 0.4228 0.4151 0.4049 0.3173 0.3418 0.3970 0.4164 0.4231 0.4137 0.3676 0.2999 0.2401 0.1952 0.1975 0.2932 0.3668 0.4022 0.4190 0.4227 0.4065 0.3513 0.2838 0.2274 0.1874 0.2143 0.3186 0.3783 0.4078 0.4213 0.4213 0.3956 0.3333 0.2676 0.2151 0.1852 0.2396 0.3388 0.3883 0.4126 0.4227 0.4182 0.3817 0.3153 0.2523 0.2039 0.1891 0.2687 0.3552 0.3965 0.4164 0.4248 0.4094
0.2671 0.2485 0.3107 0.3771 0.4164 0.4230 0.4146 0.3925 0.3474 0.2544 0.1885 0.2124 0.2637 0.3285 0.3916 0.4202 0.4221 0.4103 0.3835 0.3292 0.2270 0.1879 0.2244 0.2796 0.3464 0.4033 0.4222 0.4203 0.4051 0.3726 0.3064 0.2059 0.1934 0.2375 0.2965 0.3639 0.4117 0.4230 0.4175 0.3988 0.3600 0.2792 0.1938 0.2029 0.2507 0.3129 0.3790 0.4170 0.4230 0.4141 0.3916 0.3349 0.3368 0.3970 0.4164 0.4231 0.4140 0.3685 0.3010 0.2410 0.1958 0.1966 0.2912 0.3658 0.4016 0.4188 0.4228 0.4072 0.3528 0.2852 0.2285 0.1878 0.2126 0.3166 0.3773 0.4073 0.4211 0.4215 0.3967 0.3349 0.2689 0.2161 0.1852 0.2373 0.3372 0.3874 0.4122 0.4226 0.4186 0.3830 0.3168 0.2536 0.2048 0.1886 0.2663 0.3539 0.3958 0.4162 0.4230 0.4139 0.3760
0.2914 0.3001 0.3698 0.4155 0.4226 0.4120 0.3872 0.3393 0.2526 0.1844 0.2053 0.2547 0.3188 0.3857 0.4200 0.4212 0.4071 0.3774 0.3211 0.2263 0.1828 0.2168 0.2702 0.3371 0.3993 0.4223 0.4187 0.4012 0.3657 0.2996 0.2042 0.1874 0.2292 0.2867 0.3552 0.4095 0.4230 0.4154 0.3942 0.3524 0.2752 0.1905 0.1962 0.2418 0.3027 0.3711 0.4159 0.4225 0.4117 0.3858 0.3338 0.3362 0.3969 0.4166 0.4231 0.4140 0.3689 0.3016 0.2417 0.1964 0.1958 0.2893 0.3649 0.4012 0.4186 0.4228 0.4079 0.3541 0.2865 0.2295 0.1883 0.2110 0.3148 0.3765 0.4069 0.4210 0.4216 0.3977 0.3363 0.2702 0.2171 0.1852 0.2352 0.3358 0.3867 0.4119 0.4225 0.4189 0.3842 0.3183 0.2548 0.2057 0.1881 0.2640 0.3527 0.3952 0.4159 0.4231 0.4140 0.3675 0.3308
