-0.0458 -0.1854 -0.2046 -0.1900 -0.1227 -0.0546 -0.0252 -0.0024 0.0249 0.0801 0.0661 -0.1151 -0.1878 -0.2047 -0.1885 -0.1194 -0.0529 -0.0243 -0.0015 0.0261 0.0834 0.0600 -0.1199 -0.1887 -0.2048 -0.1872 -0.1169 -0.0517 -0.0237 -0.0008 0.0272 0.0866 0.0542 -0.1246 -0.1895 -0.2049 -0.1857 -0.1140 -0.0503 -0.0230 0.0001 0.0285 0.0903 0.0478 -0.1296 -0.1903 -0.2050 -0.1842 -0.1067 -0.0468 -0.0294 -0.0468 -0.1067 -0.1842 -0.2050 -0.1903 -0.1296 0.0478 0.0903 0.0285 0.0001 -0.0230 -0.0503 -0.1140 -0.1857 -0.2049 -0.1895 -0.1246 0.0542 0.0866 0.0272 -0.0008 -0.0237 -0.0517 -0.1169 -0.1872 -0.2048 -0.1887 -0.1199 0.0600 0.0834 0.0261 -0.0015 -0.0243 -0.0529 -0.1194 -0.1885 -0.2047 -0.1878 -0.1151 0.0661 0.0801 0.0249 -0.0024 -0.0252 -0.0546 -0.1227 -0.1900 -0.2046 -0.1854 -0.0458
-0.1854 -0.3358 -0.2921 -0.1646 -0.0455 -0.0074 0.0173 0.0440 0.1046 0.0942 -0.1913 -0.3344 -0.3345 -0.2890 -0.1579 -0.0433 -0.0063 0.0181 0.0453 0.1088 0.0853 -0.2020 -0.3348 -0.3340 -0.2864 -0.1528 -0.0416 -0.0054 0.0187 0.0464 0.1126 0.0770 -0.2119 -0.3352 -0.3334 -0.2836 -0.1473 -0.0398 -0.0044 0.0195 0.0477 0.1174 0.0673 -0.2236 -0.3356 -0.3328 -0.2806 -0.1426 -0.0379 0.0004 0.0166 0.0004 -0.0379 -0.1426 -0.2806 -0.3328 -0.3356 -0.2236 0.0673 0.1174 0.0477 0.0195 -0.0044 -0.0398 -0.1473 -0.2836 -0.3334 -0.3352 -0.2119 0.0770 0.1126 0.0464 0.0187 -0.0054 -0.0416 -0.1528 -0.2864 -0.3340 -0.3348 -0.2020 0.0853 0.1088 0.0453 0.0181 -0.0063 -0.0433 -0.1579 -0.2890 -0.3345 -0.3344 -0.1913 0.0942 0.1046 0.0440 0.0173 -0.0074 -0.0455 -0.1646 -0.2921 -0.3358 -0.1854
-0.2046 -0.2921 -0.1584 -0.0423 -0.0081 0.0137 0.0445 0.1068 0.0886 -0.1978 -0.3352 -0.3344 -0.2858 -0.1494 -0.0398 -0.0070 0.0145 0.0460 0.1116 0.0786 -0.2094 -0.3357 -0.3338 -0.2830 -0.1444 -0.0382 -0.0062 0.0152 0.0472 0.1156 0.0703 -0.2193 -0.3360 -0.3331 -0.2800 -0.1391 -0.0366 -0.0054 0.0159 0.0486 0.1208 0.0601 -0.2317 -0.3364 -0.3325 -0.2768 -0.1341 -0.0352 -0.0046 0.0196 0.0425 0.0196 -0.0046 -0.0352 -0.1341 -0.2768 -0.3325 -0.3364 -0.2317 0.0601 0.1208 0.0486 0.0159 -0.0054 -0.0366 -0.1391 -0.2800 -0.3331 -0.3360 -0.2193 0.0703 0.1156 0.0472 0.0152 -0.0062 -0.0382 -0.1444 -0.2830 -0.3338 -0.3357 -0.2094 0.0786 0.1116 0.0460 0.0145 -0.0070 -0.0398 -0.1494 -0.2858 -0.3344 -0.3352 -0.1978 0.0886 0.1068 0.0445 0.0137 -0.0081 -0.0423 -0.1584 -0.2921 -0.2046
-0.1900 -0.1646 -0.0423 -0.0077 0.0141 0.0451 0.1088 0.0838 -0.2042 -0.3355 -0.3340 -0.2841 -0.1462 -0.0387 -0.0062 0.0152 0.0469 0.1146 0.0723 -0.2170 -0.3359 -0.3333 -0.2810 -0.1411 -0.0372 -0.0055 0.0159 0.0481 0.1188 0.0637 -0.2274 -0.3362 -0.3327 -0.2782 -0.1361 -0.0357 -0.0047 0.0167 0.0495 0.1243 0.0533 -0.2403 -0.3365 -0.3319 -0.2750 -0.1309 -0.0342 -0.0040 0.0174 0.0534 0.0864 0.0534 0.0174 -0.0040 -0.0342 -0.1309 -0.2750 -0.3319 -0.3365 -0.2403 0.0533 0.1243 0.0495 0.0167 -0.0047 -0.0357 -0.1361 -0.2782 -0.3327 -0.3362 -0.2274 0.0637 0.1188 0.0481 0.0159 -0.0055 -0.0372 -0.1411 -0.2810 -0.3333 -0.3359 -0.2170 0.0723 0.1146 0.0469 0.0152 -0.0062 -0.0387 -0.1462 -0.2841 -0.3340 -0.3355 -0.2042 0.0838 0.1088 0.0451 0.0141 -0.0077 -0.0423 -0.1646 -0.1900
-0.1227 -0.0455 -0.0081 0.0141 0.0453 0.1100 0.0800 -0.2093 -0.3357 -0.3337 -0.2823 -0.1431 -0.0377 -0.0058 0.0157 0.0477 0.1177 0.0659 -0.2247 -0.3361 -0.3329 -0.2790 -0.1375 -0.0361 -0.0050 0.0163 0.0490 0.1222 0.0571 -0.2354 -0.3364 -0.3322 -0.2762 -0.1329 -0.0347 -0.0042 0.0171 0.0505 0.1281 0.0465 -0.2489 -0.3368 -0.3314 -0.2728 -0.1276 -0.0333 -0.0034 0.0178 0.0519 0.1189 0.1158 0.1189 0.0519 0.0178 -0.0034 -0.0333 -0.1276 -0.2728 -0.3314 -0.3368 -0.2489 0.0465 0.1281 0.0505 0.0171 -0.0042 -0.0347 -0.1329 -0.2762 -0.3322 -0.3364 -0.2354 0.0571 0.1222 0.0490 0.0163 -0.0050 -0.0361 -0.1375 -0.2790 -0.3329 -0.3361 -0.2247 0.0659 0.1177 0.0477 0.0157 -0.0058 -0.0377 -0.1431 -0.2823 -0.3337 -0.3357 -0.2093 0.0800 0.1100 0.0453 0.0141 -0.0081 -0.0455 -0.1227
-0.0546 -0.0074 0.0137 0.0451 0.1100 0.0785 -0.2124 -0.3358 -0.3334 -0.2808 -0.1402 -0.0368 -0.0053 0.0161 0.0486 0.1209 0.0596 -0.2327 -0.3364 -0.3324 -0.2769 -0.1341 -0.0352 -0.0044 0.0168 0.0499 0.1258 0.0504 -0.2438 -0.3366 -0.3317 -0.2740 -0.1297 -0.0339 -0.0037 0.0176 0.0513 0.1321 0.0397 -0.2578 -0.3370 -0.3308 -0.2705 -0.1242 -0.0325 -0.0029 0.0184 0.0527 0.1413 0.0232 -0.1893 0.0232 0.1413 0.0527 0.0184 -0.0029 -0.0325 -0.1242 -0.2705 -0.3308 -0.3370 -0.2578 0.0397 0.1321 0.0513 0.0176 -0.0037 -0.0339 -0.1297 -0.2740 -0.3317 -0.3366 -0.2438 0.0504 0.1258 0.0499 0.0168 -0.0044 -0.0352 -0.1341 -0.2769 -0.3324 -0.3364 -0.2327 0.0596 0.1209 0.0486 0.0161 -0.0053 -0.0368 -0.1402 -0.2808 -0.3334 -0.3358 -0.2124 0.0785 0.1100 0.0451 0.0137 -0.0074 -0.0546
-0.0252 0.0173 0.0445 0.1088 0.0800 -0.2124 -0.3359 -0.3332 -0.2798 -0.1380 -0.0361 -0.0049 0.0165 0.0494 0.1240 0.0535 -0.2406 -0.3366 -0.3319 -0.2747 -0.1307 -0.0342 -0.0039 0.0173 0.0508 0.1297 0.0437 -0.2525 -0.3368 -0.3312 -0.2718 -0.1262 -0.0330 -0.0032 0.0181 0.0522 0.1363 0.0328 -0.2671 -0.3372 -0.3303 -0.2682 -0.1209 -0.0316 -0.0024 0.0189 0.0537 0.1442 0.0191 -0.2900 -0.3332 -0.2900 0.0191 0.1442 0.0537 0.0189 -0.0024 -0.0316 -0.1209 -0.2682 -0.3303 -0.3372 -0.2671 0.0328 0.1363 0.0522 0.0181 -0.0032 -0.0330 -0.1262 -0.2718 -0.3312 -0.3368 -0.2525 0.0437 0.1297 0.0508 0.0173 -0.0039 -0.0342 -0.1307 -0.2747 -0.3319 -0.3366 -0.2406 0.0535 0.1240 0.0494 0.0165 -0.0049 -0.0361 -0.1380 -0.2798 -0.3332 -0.3359 -0.2124 0.0800 0.1088 0.0445 0.0173 -0.0252
-0.0024 0.0440 0.1068 0.0838 -0.2093 -0.3358 -0.3332 -0.2794 -0.1368 -0.0355 -0.0045 0.0169 0.0501 0.1271 0.0476 -0.2481 -0.3368 -0.3314 -0.2726 -0.1273 -0.0333 -0.0034 0.0179 0.0518 0.1338 0.0368 -0.2616 -0.3370 -0.3306 -0.2695 -0.1228 -0.0321 -0.0027 0.0186 0.0531 0.1407 0.0262 -0.2768 -0.3373 -0.3297 -0.2658 -0.1177 -0.0307 -0.0019 0.0194 0.0546 0.1480 0.0162 -0.2950 -0.3386 -0.3406 -0.3386 -0.2950 0.0162 0.1480 0.0546 0.0194 -0.0019 -0.0307 -0.1177 -0.2658 -0.3297 -0.3373 -0.2768 0.0262 0.1407 0.0531 0.0186 -0.0027 -0.0321 -0.1228 -0.2695 -0.3306 -0.3370 -0.2616 0.0368 0.1338 0.0518 0.0179 -0.0034 -0.0333 -0.1273 -0.2726 -0.3314 -0.3368 -0.2481 0.0476 0.1271 0.0501 0.0169 -0.0045 -0.0355 -0.1368 -0.2794 -0.3332 -0.3358 -0.2093 0.0838 0.1068 0.0440 -0.0024
0.0249 0.1046 0.0886 -0.2042 -0.3357 -0.3334 -0.2798 -0.1368 -0.0354 -0.0043 0.0171 0.0506 0.1298 0.0423 -0.2555 -0.3369 -0.3309 -0.2705 -0.1241 -0.0324 -0.0029 0.0184 0.0527 0.1382 0.0299 -0.2711 -0.3372 -0.3300 -0.2672 -0.1196 -0.0312 -0.0022 0.0191 0.0540 0.1454 0.0195 -0.2865 -0.3375 -0.3290 -0.2634 -0.1145 -0.0299 -0.0014 0.0200 0.0555 0.1535 0.0092 -0.3022 -0.3374 -0.3282 -0.3063 -0.3282 -0.3374 -0.3022 0.0092 0.1535 0.0555 0.0200 -0.0014 -0.0299 -0.1145 -0.2634 -0.3290 -0.3375 -0.2865 0.0195 0.1454 0.0540 0.0191 -0.0022 -0.0312 -0.1196 -0.2672 -0.3300 -0.3372 -0.2711 0.0299 0.1382 0.0527 0.0184 -0.0029 -0.0324 -0.1241 -0.2705 -0.3309 -0.3369 -0.2555 0.0423 0.1298 0.0506 0.0171 -0.0043 -0.0354 -0.1368 -0.2798 -0.3334 -0.3357 -0.2042 0.0886 0.1046 0.0249
0.0801 0.0942 -0.1978 -0.3355 -0.3337 -0.2808 -0.1380 -0.0355 -0.0043 0.0172 0.0509 0.1315 0.0383 -0.2620 -0.3371 -0.3304 -0.2686 -0.1212 -0.0316 -0.0024 0.0189 0.0537 0.1429 0.0230 -0.2810 -0.3374 -0.3294 -0.2648 -0.1163 -0.0304 -0.0017 0.0196 0.0549 0.1505 0.0129 -0.2967 -0.3376 -0.3284 -0.2610 -0.1113 -0.0292 -0.0009 0.0206 0.0565 0.1573 0.0026 -0.3136 -0.3378 -0.3251 -0.2542 -0.1806 -0.2542 -0.3251 -0.3378 -0.3136 0.0026 0.1573 0.0565 0.0206 -0.0009 -0.0292 -0.1113 -0.2610 -0.3284 -0.3376 -0.2967 0.0129 0.1505 0.0549 0.0196 -0.0017 -0.0304 -0.1163 -0.2648 -0.3294 -0.3374 -0.2810 0.0230 0.1429 0.0537 0.0189 -0.0024 -0.0316 -0.1212 -0.2686 -0.3304 -0.3371 -0.2620 0.0383 0.1315 0.0509 0.0172 -0.0043 -0.0355 -0.1380 -0.2808 -0.3337 -0.3355 -0.1978 0.0942 0.0801
0.0661 -0.1913 -0.3352 -0.3340 -0.2823 -0.1402 -0.0361 -0.0045 0.0171 0.0509 0.1320 0.0366 -0.2659 -0.3372 -0.3301 -0.2668 -0.1186 -0.0309 -0.0019 0.0194 0.0546 0.1480 0.0160 -0.2914 -0.3376 -0.3288 -0.2624 -0.1131 -0.0296 -0.0012 0.0202 0.0559 0.1555 0.0066 -0.3074 -0.3378 -0.3277 -0.2585 -0.1082 -0.0284 -0.0004 0.0212 0.0575 0.1583 -0.0039 -0.3212 -0.3380 -0.3267 -0.2490 -0.0977 -0.0446 -0.0977 -0.2490 -0.3267 -0.3380 -0.3212 -0.0039 0.1583 0.0575 0.0212 -0.0004 -0.0284 -0.1082 -0.2585 -0.3277 -0.3378 -0.3074 0.0066 0.1555 0.0559 0.0202 -0.0012 -0.0296 -0.1131 -0.2624 -0.3288 -0.3376 -0.2914 0.0160 0.1480 0.0546 0.0194 -0.0019 -0.0309 -0.1186 -0.2668 -0.3301 -0.3372 -0.2659 0.0366 0.1320 0.0509 0.0171 -0.0045 -0.0361 -0.1402 -0.2823 -0.3340 -0.3352 -0.1913 0.0661
-0.1151 -0.3344 -0.3344 -0.2841 -0.1431 -0.0368 -0.0049 0.0169 0.0506 0.1315 0.0366 -0.2670 -0.3372 -0.3298 -0.2655 -0.1164 -0.0302 -0.0015 0.0199 0.0554 0.1531 0.0094 -0.3022 -0.3377 -0.3281 -0.2600 -0.1100 -0.0288 -0.0007 0.0208 0.0569 0.1581 0.0001 -0.3176 -0.3379 -0.3271 -0.2561 -0.1052 -0.0277 0.0001 0.0218 0.0586 0.1585 -0.0106 -0.3231 -0.3381 -0.3260 -0.2525 -0.0964 -0.0229 -0.0025 -0.0229 -0.0964 -0.2525 -0.3260 -0.3381 -0.3231 -0.0106 0.1585 0.0586 0.0218 0.0001 -0.0277 -0.1052 -0.2561 -0.3271 -0.3379 -0.3176 0.0001 0.1581 0.0569 0.0208 -0.0007 -0.0288 -0.1100 -0.2600 -0.3281 -0.3377 -0.3022 0.0094 0.1531 0.0554 0.0199 -0.0015 -0.0302 -0.1164 -0.2655 -0.3298 -0.3372 -0.2670 0.0366 0.1315 0.0506 0.0169 -0.0049 -0.0368 -0.1431 -0.2841 -0.3344 -0.3344 -0.1151
-0.1878 -0.3345 -0.2858 -0.1462 -0.0377 -0.0053 0.0165 0.0501 0.1298 0.0383 -0.2659 -0.3372 -0.3297 -0.2648 -0.1150 -0.0298 -0.0012 0.0203 0.0563 0.1567 0.0034 -0.3127 -0.3378 -0.3274 -0.2574 -0.1069 -0.0281 -0.0002 0.0214 0.0580 0.1584 -0.0067 -0.3228 -0.3380 -0.3264 -0.2536 -0.1024 -0.0270 0.0006 0.0224 0.0596 0.1587 -0.0173 -0.3236 -0.3382 -0.3252 -0.2497 -0.0984 -0.0260 0.0041 0.0188 0.0041 -0.0260 -0.0984 -0.2497 -0.3252 -0.3382 -0.3236 -0.0173 0.1587 0.0596 0.0224 0.0006 -0.0270 -0.1024 -0.2536 -0.3264 -0.3380 -0.3228 -0.0067 0.1584 0.0580 0.0214 -0.0002 -0.0281 -0.1069 -0.2574 -0.3274 -0.3378 -0.3127 0.0034 0.1567 0.0563 0.0203 -0.0012 -0.0298 -0.1150 -0.2648 -0.3297 -0.3372 -0.2659 0.0383 0.1298 0.0501 0.0165 -0.0053 -0.0377 -0.1462 -0.2858 -0.3345 -0.1878
-0.2047 -0.2890 -0.1494 -0.0387 -0.0058 0.0161 0.0494 0.1271 0.0423 -0.2620 -0.3372 -0.3298 -0.2648 -0.1146 -0.0296 -0.0009 0.0207 0.0570 0.1582 -0.0022 -0.3201 -0.3380 -0.3268 -0.2550 -0.1040 -0.0274 0.0003 0.0221 0.0590 0.1586 -0.0134 -0.3233 -0.3381 -0.3257 -0.2511 -0.0997 -0.0263 0.0011 0.0231 0.0607 0.1588 -0.0238 -0.3241 -0.3383 -0.3245 -0.2470 -0.0954 -0.0254 0.0017 0.0270 0.0519 0.0270 0.0017 -0.0254 -0.0954 -0.2470 -0.3245 -0.3383 -0.3241 -0.0238 0.1588 0.0607 0.0231 0.0011 -0.0263 -0.0997 -0.2511 -0.3257 -0.3381 -0.3233 -0.0134 0.1586 0.0590 0.0221 0.0003 -0.0274 -0.1040 -0.2550 -0.3268 -0.3380 -0.3201 -0.0022 0.1582 0.0570 0.0207 -0.0009 -0.0296 -0.1146 -0.2648 -0.3298 -0.3372 -0.2620 0.0423 0.1271 0.0494 0.0161 -0.0058 -0.0387 -0.1494 -0.2890 -0.2047
-0.1885 -0.1579 -0.0398 -0.0062 0.0157 0.0486 0.1240 0.0476 -0.2555 -0.3371 -0.3301 -0.2655 -0.1150 -0.0296 -0.0009 0.0208 0.0574 0.1584 -0.0069 -0.3229 -0.3381 -0.3261 -0.2527 -0.1013 -0.0267 0.0008 0.0227 0.0600 0.1587 -0.0200 -0.3238 -0.3382 -0.3249 -0.2486 -0.0969 -0.0256 0.0015 0.0237 0.0617 0.1588 -0.0303 -0.3246 -0.3384 -0.3236 -0.2443 -0.0927 -0.0245 0.0021 0.0247 0.0649 0.1044 0.0649 0.0247 0.0021 -0.0245 -0.0927 -0.2443 -0.3236 -0.3384 -0.3246 -0.0303 0.1588 0.0617 0.0237 0.0015 -0.0256 -0.0969 -0.2486 -0.3249 -0.3382 -0.3238 -0.0200 0.1587 0.0600 0.0227 0.0008 -0.0267 -0.1013 -0.2527 -0.3261 -0.3381 -0.3229 -0.0069 0.1584 0.0574 0.0208 -0.0009 -0.0296 -0.1150 -0.2655 -0.3301 -0.3371 -0.2555 0.0476 0.1240 0.0486 0.0157 -0.0062 -0.0398 -0.1579 -0.1885
-0.1194 -0.0433 -0.0070 0.0152 0.0477 0.1209 0.0535 -0.2481 -0.3369 -0.3304 -0.2668 -0.1164 -0.0298 -0.0009 0.0208 0.0575 0.1584 -0.0097 -0.3232 -0.3382 -0.3256 -0.2506 -0.0988 -0.0261 0.0012 0.0233 0.0611 0.1588 -0.0265 -0.3243 -0.3383 -0.3241 -0.2460 -0.0943 -0.0249 0.0020 0.0244 0.0628 0.1586 -0.0366 -0.3250 -0.3384 -0.3228 -0.2415 -0.0901 -0.0239 0.0027 0.0253 0.0647 0.1374 0.0689 0.1374 0.0647 0.0253 0.0027 -0.0239 -0.0901 -0.2415 -0.3228 -0.3384 -0.3250 -0.0366 0.1586 0.0628 0.0244 0.0020 -0.0249 -0.0943 -0.2459 -0.3241 -0.3383 -0.3243 -0.0265 0.1588 0.0611 0.0233 0.0012 -0.0261 -0.0988 -0.2506 -0.3256 -0.3382 -0.3232 -0.0097 0.1584 0.0575 0.0208 -0.0009 -0.0298 -0.1164 -0.2668 -0.3304 -0.3369 -0.2481 0.0535 0.1209 0.0477 0.0152 -0.0070 -0.0433 -0.1194
-0.0529 -0.0063 0.0145 0.0469 0.1177 0.0596 -0.2406 -0.3368 -0.3309 -0.2686 -0.1186 -0.0302 -0.0012 0.0207 0.0574 0.1584 -0.0106 -0.3233 -0.3382 -0.3252 -0.2488 -0.0966 -0.0255 0.0016 0.0239 0.0621 0.1587 -0.0329 -0.3247 -0.3384 -0.3233 -0.2432 -0.0916 -0.0243 0.0024 0.0250 0.0639 0.1584 -0.0429 -0.3255 -0.3385 -0.3219 -0.2386 -0.0875 -0.0232 0.0031 0.0260 0.0656 0.1570 -0.0573 -0.2642 -0.0573 0.1570 0.0656 0.0260 0.0031 -0.0232 -0.0875 -0.2386 -0.3219 -0.3385 -0.3255 -0.0429 0.1584 0.0639 0.0250 0.0024 -0.0243 -0.0917 -0.2431 -0.3233 -0.3384 -0.3247 -0.0329 0.1587 0.0621 0.0239 0.0016 -0.0255 -0.0966 -0.2488 -0.3252 -0.3382 -0.3233 -0.0106 0.1584 0.0574 0.0207 -0.0012 -0.0302 -0.1186 -0.2686 -0.3309 -0.3368 -0.2406 0.0596 0.1177 0.0469 0.0145 -0.0063 -0.0529
-0.0243 0.0181 0.0460 0.1146 0.0659 -0.2327 -0.3366 -0.3314 -0.2705 -0.1212 -0.0309 -0.0015 0.0203 0.0570 0.1584 -0.0097 -0.3233 -0.3382 -0.3249 -0.2476 -0.0951 -0.0250 0.0020 0.0244 0.0630 0.1586 -0.0387 -0.3252 -0.3385 -0.3224 -0.2403 -0.0889 -0.0236 0.0028 0.0256 0.0650 0.1581 -0.0491 -0.3259 -0.3385 -0.3210 -0.2357 -0.0848 -0.0225 0.0035 0.0266 0.0667 0.1574 -0.0606 -0.3279 -0.3375 -0.3279 -0.0606 0.1574 0.0667 0.0266 0.0035 -0.0225 -0.0848 -0.2357 -0.3210 -0.3385 -0.3259 -0.0491 0.1581 0.0650 0.0256 0.0028 -0.0236 -0.0890 -0.2403 -0.3224 -0.3385 -0.3252 -0.0387 0.1586 0.0630 0.0244 0.0020 -0.0250 -0.0951 -0.2476 -0.3249 -0.3382 -0.3233 -0.0097 0.1584 0.0570 0.0203 -0.0015 -0.0309 -0.1212 -0.2705 -0.3314 -0.3366 -0.2327 0.0659 0.1146 0.0460 0.0181 -0.0243
-0.0015 0.0453 0.1116 0.0723 -0.2247 -0.3364 -0.3319 -0.2726 -0.1241 -0.0316 -0.0019 0.0199 0.0563 0.1582 -0.0069 -0.3232 -0.3382 -0.3249 -0.2473 -0.0943 -0.0247 0.0023 0.0249 0.0639 0.1584 -0.0439 -0.3256 -0.3385 -0.3215 -0.2375 -0.0863 -0.0229 0.0033 0.0262 0.0661 0.1576 -0.0549 -0.3264 -0.3386 -0.3200 -0.2327 -0.0823 -0.0218 0.0040 0.0273 0.0679 0.1567 -0.0635 -0.3275 -0.3395 -0.3372 -0.3395 -0.3275 -0.0635 0.1567 0.0679 0.0273 0.0040 -0.0218 -0.0823 -0.2327 -0.3200 -0.3386 -0.3264 -0.0549 0.1576 0.0661 0.0262 0.0033 -0.0229 -0.0863 -0.2375 -0.3215 -0.3385 -0.3256 -0.0439 0.1584 0.0639 0.0249 0.0023 -0.0247 -0.0943 -0.2473 -0.3249 -0.3382 -0.3232 -0.0069 0.1582 0.0563 0.0199 -0.0019 -0.0316 -0.1241 -0.2726 -0.3319 -0.3364 -0.2247 0.0723 0.1116 0.0453 -0.0015
0.0261 0.1088 0.0786 -0.2170 -0.3361 -0.3324 -0.2747 -0.1273 -0.0324 -0.0024 0.0194 0.0554 0.1567 -0.0022 -0.3229 -0.3382 -0.3252 -0.2476 -0.0943 -0.0246 0.0024 0.0252 0.0646 0.1582 -0.0488 -0.3260 -0.3385 -0.3207 -0.2348 -0.0839 -0.0222 0.0037 0.0269 0.0672 0.1571 -0.0606 -0.3268 -0.3386 -0.3190 -0.2297 -0.0799 -0.0211 0.0045 0.0280 0.0691 0.1560 -0.0695 -0.3274 -0.3379 -0.3172 -0.2844 -0.3172 -0.3379 -0.3274 -0.0695 0.1560 0.0691 0.0280 0.0045 -0.0211 -0.0799 -0.2297 -0.3190 -0.3386 -0.3268 -0.0606 0.1571 0.0672 0.0269 0.0037 -0.0222 -0.0839 -0.2348 -0.3207 -0.3385 -0.3260 -0.0488 0.1582 0.0646 0.0252 0.0024 -0.0246 -0.0943 -0.2476 -0.3252 -0.3382 -0.3229 -0.0022 0.1567 0.0554 0.0194 -0.0024 -0.0324 -0.1273 -0.2747 -0.3324 -0.3361 -0.2170 0.0786 0.1088 0.0261
0.0834 0.0853 -0.2094 -0.3359 -0.3329 -0.2769 -0.1307 -0.0333 -0.0029 0.0189 0.0546 0.1531 0.0034 -0.3201 -0.3381 -0.3256 -0.2488 -0.0951 -0.0247 0.0024 0.0253 0.0648 0.1580 -0.0523 -0.3263 -0.3386 -0.3200 -0.2322 -0.0817 -0.0216 0.0042 0.0276 0.0683 0.1564 -0.0663 -0.3272 -0.3386 -0.3180 -0.2266 -0.0775 -0.0205 0.0049 0.0287 0.0703 0.1551 -0.0751 -0.3279 -0.3385 -0.3134 -0.2175 -0.1343 -0.2175 -0.3134 -0.3385 -0.3279 -0.0751 0.1551 0.0703 0.0287 0.0049 -0.0205 -0.0775 -0.2266 -0.3180 -0.3386 -0.3272 -0.0663 0.1564 0.0683 0.0276 0.0042 -0.0216 -0.0817 -0.2322 -0.3200 -0.3386 -0.3263 -0.0523 0.1580 0.0648 0.0253 0.0024 -0.0247 -0.0951 -0.2488 -0.3256 -0.3381 -0.3201 0.0034 0.1531 0.0546 0.0189 -0.0029 -0.0333 -0.1307 -0.2769 -0.3329 -0.3359 -0.2094 0.0853 0.0834
0.0600 -0.2020 -0.3357 -0.3333 -0.2790 -0.1341 -0.0342 -0.0034 0.0184 0.0537 0.1480 0.0094 -0.3127 -0.3380 -0.3261 -0.2506 -0.0966 -0.0250 0.0023 0.0252 0.0648 0.1580 -0.0539 -0.3265 -0.3386 -0.3193 -0.2299 -0.0798 -0.0210 0.0046 0.0282 0.0695 0.1556 -0.0717 -0.3276 -0.3386 -0.3170 -0.2235 -0.0752 -0.0198 0.0054 0.0294 0.0716 0.1540 -0.0806 -0.3283 -0.3385 -0.3155 -0.2123 -0.0668 -0.0290 -0.0668 -0.2123 -0.3155 -0.3385 -0.3283 -0.0806 0.1540 0.0716 0.0294 0.0054 -0.0198 -0.0752 -0.2235 -0.3170 -0.3386 -0.3276 -0.0717 0.1556 0.0695 0.0282 0.0046 -0.0210 -0.0798 -0.2299 -0.3193 -0.3386 -0.3265 -0.0539 0.1580 0.0648 0.0252 0.0023 -0.0250 -0.0966 -0.2506 -0.3261 -0.3380 -0.3127 0.0094 0.1480 0.0537 0.0184 -0.0034 -0.0342 -0.1341 -0.2790 -0.3333 -0.3357 -0.2020 0.0600
-0.1199 -0.3348 -0.3338 -0.2810 -0.1375 -0.0352 -0.0039 0.0179 0.0527 0.1429 0.0160 -0.3022 -0.3378 -0.3268 -0.2527 -0.0988 -0.0255 0.0020 0.0249 0.0646 0.1580 -0.0539 -0.3265 -0.3386 -0.3189 -0.2283 -0.0781 -0.0205 0.0050 0.0288 0.0706 0.1547 -0.0770 -0.3280 -0.3385 -0.3160 -0.2205 -0.0730 -0.0191 0.0058 0.0301 0.0729 0.1527 -0.0863 -0.3287 -0.3385 -0.3144 -0.2161 -0.0671 -0.0146 0.0033 -0.0146 -0.0671 -0.2161 -0.3144 -0.3385 -0.3287 -0.0863 0.1527 0.0729 0.0301 0.0058 -0.0191 -0.0730 -0.2205 -0.3160 -0.3385 -0.3280 -0.0770 0.1547 0.0706 0.0288 0.0050 -0.0205 -0.0781 -0.2283 -0.3189 -0.3386 -0.3265 -0.0539 0.1580 0.0646 0.0249 0.0020 -0.0255 -0.0988 -0.2527 -0.3268 -0.3378 -0.3022 0.0160 0.1429 0.0527 0.0179 -0.0039 -0.0352 -0.1375 -0.2810 -0.3338 -0.3348 -0.1199
-0.1887 -0.3340 -0.2830 -0.1411 -0.0361 -0.0044 0.0173 0.0518 0.1382 0.0230 -0.2914 -0.3377 -0.3274 -0.2550 -0.1013 -0.0261 0.0016 0.0244 0.0639 0.1582 -0.0523 -0.3265 -0.3386 -0.3188 -0.2274 -0.0772 -0.0201 0.0053 0.0294 0.0717 0.1538 -0.0820 -0.3284 -0.3385 -0.3150 -0.2176 -0.0709 -0.0185 0.0062 0.0308 0.0742 0.1513 -0.0920 -0.3291 -0.3384 -0.3132 -0.2127 -0.0681 -0.0176 0.0095 0.0264 0.0095 -0.0176 -0.0681 -0.2127 -0.3132 -0.3384 -0.3291 -0.0920 0.1513 0.0742 0.0308 0.0062 -0.0185 -0.0709 -0.2176 -0.3150 -0.3385 -0.3284 -0.0820 0.1538 0.0717 0.0294 0.0053 -0.0201 -0.0772 -0.2274 -0.3188 -0.3386 -0.3265 -0.0523 0.1582 0.0639 0.0244 0.0016 -0.0261 -0.1013 -0.2550 -0.3274 -0.3377 -0.2914 0.0230 0.1382 0.0518 0.0173 -0.0044 -0.0361 -0.1411 -0.2830 -0.3340 -0.1887
-0.2048 -0.2864 -0.1444 -0.0372 -0.0050 0.0168 0.0508 0.1338 0.0299 -0.2810 -0.3376 -0.3281 -0.2574 -0.1040 -0.0267 0.0012 0.0239 0.0630 0.1584 -0.0488 -0.3263 -0.3386 -0.3189 -0.2274 -0.0769 -0.0199 0.0055 0.0298 0.0726 0.1528 -0.0868 -0.3288 -0.3385 -0.3140 -0.2147 -0.0691 -0.0179 0.0067 0.0315 0.0756 0.1497 -0.0976 -0.3295 -0.3383 -0.3121 -0.2094 -0.0659 -0.0170 0.0073 0.0356 0.0626 0.0356 0.0073 -0.0170 -0.0659 -0.2094 -0.3121 -0.3383 -0.3295 -0.0976 0.1497 0.0756 0.0315 0.0067 -0.0179 -0.0691 -0.2147 -0.3140 -0.3385 -0.3288 -0.0868 0.1528 0.0726 0.0298 0.0055 -0.0199 -0.0769 -0.2274 -0.3189 -0.3386 -0.3263 -0.0488 0.1584 0.0630 0.0239 0.0012 -0.0267 -0.1040 -0.2574 -0.3281 -0.3376 -0.2810 0.0299 0.1338 0.0508 0.0168 -0.0050 -0.0372 -0.1444 -0.2864 -0.2048
-0.1872 -0.1528 -0.0382 -0.0055 0.0163 0.0499 0.1297 0.0368 -0.2711 -0.3374 -0.3288 -0.2600 -0.1069 -0.0274 0.0008 0.0233 0.0621 0.1586 -0.0439 -0.3260 -0.3386 -0.3193 -0.2283 -0.0772 -0.0199 0.0055 0.0300 0.0731 0.1520 -0.0908 -0.3291 -0.3384 -0.3130 -0.2120 -0.0673 -0.0173 0.0071 0.0322 0.0769 0.1479 -0.1033 -0.3299 -0.3382 -0.3108 -0.2063 -0.0640 -0.0163 0.0077 0.0334 0.0786 0.1290 0.0786 0.0334 0.0077 -0.0163 -0.0640 -0.2063 -0.3108 -0.3382 -0.3299 -0.1033 0.1479 0.0769 0.0322 0.0071 -0.0173 -0.0673 -0.2120 -0.3130 -0.3384 -0.3291 -0.0908 0.1520 0.0731 0.0300 0.0055 -0.0199 -0.0772 -0.2283 -0.3193 -0.3386 -0.3260 -0.0439 0.1586 0.0621 0.0233 0.0008 -0.0274 -0.1069 -0.2600 -0.3288 -0.3374 -0.2711 0.0368 0.1297 0.0499 0.0163 -0.0055 -0.0382 -0.1528 -0.1872
-0.1169 -0.0416 -0.0062 0.0159 0.0490 0.1258 0.0437 -0.2616 -0.3372 -0.3294 -0.2624 -0.1100 -0.0281 0.0003 0.0227 0.0611 0.1587 -0.0387 -0.3256 -0.3385 -0.3200 -0.2299 -0.0781 -0.0201 0.0055 0.0300 0.0733 0.1516 -0.0931 -0.3293 -0.3384 -0.3122 -0.2093 -0.0657 -0.0168 0.0074 0.0328 0.0782 0.1461 -0.1086 -0.3303 -0.3381 -0.3096 -0.2029 -0.0621 -0.0157 0.0082 0.0340 0.0812 0.1400 -0.0117 0.1400 0.0812 0.0340 0.0082 -0.0157 -0.0621 -0.2029 -0.3096 -0.3381 -0.3303 -0.1086 0.1461 0.0782 0.0328 0.0074 -0.0168 -0.0657 -0.2093 -0.3122 -0.3384 -0.3293 -0.0931 0.1516 0.0733 0.0300 0.0055 -0.0201 -0.0781 -0.2299 -0.3200 -0.3385 -0.3256 -0.0387 0.1587 0.0611 0.0227 0.0003 -0.0281 -0.1100 -0.2624 -0.3294 -0.3372 -0.2616 0.0437 0.1258 0.0490 0.0159 -0.0062 -0.0416 -0.1169
-0.0517 -0.0054 0.0152 0.0481 0.1222 0.0504 -0.2525 -0.3370 -0.3300 -0.2648 -0.1131 -0.0288 -0.0002 0.0221 0.0600 0.1588 -0.0329 -0.3252 -0.3385 -0.3207 -0.2322 -0.0798 -0.0205 0.0053 0.0298 0.0731 0.1516 -0.0938 -0.3294 -0.3383 -0.3115 -0.2071 -0.0641 -0.0163 0.0078 0.0334 0.0794 0.1442 -0.1135 -0.3307 -0.3380 -0.3083 -0.1993 -0.0603 -0.0151 0.0086 0.0348 0.0823 0.1380 -0.1275 -0.3230 -0.1275 0.1380 0.0823 0.0348 0.0086 -0.0151 -0.0603 -0.1993 -0.3083 -0.3380 -0.3307 -0.1135 0.1442 0.0794 0.0334 0.0078 -0.0163 -0.0641 -0.2071 -0.3115 -0.3383 -0.3294 -0.0938 0.1516 0.0731 0.0298 0.0053 -0.0205 -0.0798 -0.2322 -0.3207 -0.3385 -0.3252 -0.0329 0.1588 0.0600 0.0221 -0.0002 -0.0288 -0.1131 -0.2648 -0.3300 -0.3370 -0.2525 0.0504 0.1222 0.0481 0.0152 -0.0054 -0.0517
-0.0237 0.0187 0.0472 0.1188 0.0571 -0.2438 -0.3368 -0.3306 -0.2672 -0.1163 -0.0296 -0.0007 0.0214 0.0590 0.1587 -0.0265 -0.3247 -0.3385 -0.3215 -0.2348 -0.0817 -0.0210 0.0050 0.0294 0.0726 0.1520 -0.0931 -0.3294 -0.3383 -0.3111 -0.2057 -0.0631 -0.0158 0.0081 0.0340 0.0807 0.1423 -0.1182 -0.3310 -0.3379 -0.3071 -0.1960 -0.0585 -0.0144 0.0090 0.0355 0.0838 0.1375 -0.1305 -0.3328 -0.3403 -0.3328 -0.1305 0.1375 0.0838 0.0355 0.0090 -0.0144 -0.0585 -0.1960 -0.3071 -0.3379 -0.3310 -0.1182 0.1423 0.0807 0.0340 0.0081 -0.0158 -0.0631 -0.2057 -0.3111 -0.3383 -0.3294 -0.0931 0.1520 0.0726 0.0294 0.0050 -0.0210 -0.0817 -0.2348 -0.3215 -0.3385 -0.3247 -0.0265 0.1587 0.0590 0.0214 -0.0007 -0.0296 -0.1163 -0.2672 -0.3306 -0.3368 -0.2438 0.0571 0.1188 0.0472 0.0187 -0.0237
-0.0008 0.0464 0.1156 0.0637 -0.2354 -0.3366 -0.3312 -0.2695 -0.1196 -0.0304 -0.0012 0.0208 0.0580 0.1586 -0.0200 -0.3243 -0.3384 -0.3224 -0.2375 -0.0839 -0.0216 0.0046 0.0288 0.0717 0.1528 -0.0908 -0.3293 -0.3383 -0.3111 -0.2053 -0.0625 -0.0156 0.0084 0.0346 0.0819 0.1402 -0.1229 -0.3313 -0.3378 -0.3059 -0.1930 -0.0569 -0.0138 0.0094 0.0362 0.0854 0.1344 -0.1337 -0.3322 -0.3382 -0.3304 -0.3382 -0.3322 -0.1337 0.1344 0.0854 0.0362 0.0094 -0.0138 -0.0569 -0.1930 -0.3059 -0.3378 -0.3313 -0.1229 0.1402 0.0819 0.0346 0.0084 -0.0156 -0.0625 -0.2053 -0.3111 -0.3383 -0.3293 -0.0908 0.1528 0.0717 0.0288 0.0046 -0.0216 -0.0839 -0.2375 -0.3224 -0.3384 -0.3243 -0.0200 0.1586 0.0580 0.0208 -0.0012 -0.0304 -0.1196 -0.2695 -0.3312 -0.3366 -0.2354 0.0637 0.1156 0.0464 -0.0008
0.0272 0.1126 0.0703 -0.2274 -0.3364 -0.3317 -0.2718 -0.1228 -0.0312 -0.0017 0.0202 0.0569 0.1584 -0.0134 -0.3238 -0.3383 -0.3233 -0.2403 -0.0863 -0.0222 0.0042 0.0282 0.0706 0.1538 -0.0868 -0.3291 -0.3384 -0.3115 -0.2057 -0.0625 -0.0155 0.0085 0.0349 0.0829 0.1383 -0.1273 -0.3316 -0.3376 -0.3047 -0.1901 -0.0555 -0.0133 0.0098 0.0370 0.0870 0.1313 -0.1395 -0.3323 -0.3361 -0.3009 -0.2547 -0.3009 -0.3361 -0.3323 -0.1395 0.1313 0.0870 0.0370 0.0098 -0.0133 -0.0555 -0.1901 -0.3047 -0.3376 -0.3316 -0.1273 0.1383 0.0829 0.0349 0.0085 -0.0155 -0.0625 -0.2057 -0.3115 -0.3384 -0.3291 -0.0868 0.1538 0.0706 0.0282 0.0042 -0.0222 -0.0863 -0.2403 -0.3233 -0.3383 -0.3238 -0.0134 0.1584 0.0569 0.0202 -0.0017 -0.0312 -0.1228 -0.2718 -0.3317 -0.3364 -0.2274 0.0703 0.1126 0.0272
0.0866 0.0770 -0.2193 -0.3362 -0.3322 -0.2740 -0.1262 -0.0321 -0.0022 0.0196 0.0559 0.1581 -0.0067 -0.3233 -0.3382 -0.3241 -0.2432 -0.0889 -0.0229 0.0037 0.0276 0.0695 0.1547 -0.0820 -0.3288 -0.3384 -0.3122 -0.2071 -0.0631 -0.0156 0.0085 0.0350 0.0833 0.1371 -0.1306 -0.3318 -0.3375 -0.3036 -0.1872 -0.0541 -0.0128 0.0102 0.0377 0.0886 0.1281 -0.1450 -0.3326 -0.3370 -0.2965 -0.1743 -0.0933 -0.1743 -0.2965 -0.3370 -0.3326 -0.1450 0.1281 0.0886 0.0377 0.0102 -0.0128 -0.0541 -0.1872 -0.3036 -0.3375 -0.3318 -0.1306 0.1371 0.0833 0.0350 0.0085 -0.0156 -0.0631 -0.2071 -0.3122 -0.3384 -0.3288 -0.0820 0.1547 0.0695 0.0276 0.0037 -0.0229 -0.0890 -0.2431 -0.3241 -0.3382 -0.3233 -0.0067 0.1581 0.0559 0.0196 -0.0022 -0.0321 -0.1262 -0.2740 -0.3322 -0.3362 -0.2193 0.0770 0.0866
0.0542 -0.2119 -0.3360 -0.3327 -0.2762 -0.1297 -0.0330 -0.0027 0.0191 0.0549 0.1555 0.0001 -0.3228 -0.3381 -0.3249 -0.2460 -0.0916 -0.0236 0.0033 0.0269 0.0683 0.1556 -0.0772 -0.3284 -0.3385 -0.3130 -0.2093 -0.0641 -0.0158 0.0084 0.0349 0.0833 0.1367 -0.1321 -0.3320 -0.3374 -0.3026 -0.1845 -0.0528 -0.0123 0.0106 0.0383 0.0902 0.1248 -0.1502 -0.3330 -0.3368 -0.2992 -0.1699 -0.0454 -0.0172 -0.0454 -0.1699 -0.2992 -0.3368 -0.3330 -0.1502 0.1248 0.0902 0.0383 0.0106 -0.0123 -0.0528 -0.1845 -0.3026 -0.3374 -0.3320 -0.1321 0.1367 0.0833 0.0349 0.0084 -0.0158 -0.0641 -0.2093 -0.3130 -0.3385 -0.3284 -0.0770 0.1556 0.0683 0.0269 0.0033 -0.0236 -0.0917 -0.2460 -0.3249 -0.3381 -0.3228 0.0001 0.1555 0.0549 0.0191 -0.0027 -0.0330 -0.1297 -0.2762 -0.3327 -0.3360 -0.2119 0.0542
-0.1246 -0.3352 -0.3331 -0.2782 -0.1329 -0.0339 -0.0032 0.0186 0.0540 0.1505 0.0066 -0.3176 -0.3380 -0.3257 -0.2486 -0.0943 -0.0243 0.0028 0.0262 0.0672 0.1564 -0.0719 -0.3280 -0.3385 -0.3140 -0.2120 -0.0657 -0.0163 0.0081 0.0346 0.0829 0.1371 -0.1321 -0.3320 -0.3373 -0.3020 -0.1825 -0.0517 -0.0118 0.0109 0.0390 0.0917 0.1216 -0.1551 -0.3332 -0.3366 -0.2977 -0.1737 -0.0469 -0.0072 0.0083 -0.0072 -0.0469 -0.1737 -0.2977 -0.3366 -0.3332 -0.1551 0.1216 0.0917 0.0390 0.0109 -0.0118 -0.0517 -0.1825 -0.3020 -0.3373 -0.3320 -0.1321 0.1371 0.0829 0.0346 0.0081 -0.0163 -0.0657 -0.2120 -0.3140 -0.3385 -0.3280 -0.0717 0.1564 0.0672 0.0262 0.0028 -0.0243 -0.0943 -0.2486 -0.3257 -0.3380 -0.3176 0.0066 0.1505 0.0540 0.0186 -0.0032 -0.0339 -0.1329 -0.2782 -0.3331 -0.3352 -0.1246
-0.1895 -0.3334 -0.2800 -0.1361 -0.0347 -0.0037 0.0181 0.0531 0.1454 0.0129 -0.3074 -0.3379 -0.3264 -0.2511 -0.0969 -0.0249 0.0024 0.0256 0.0661 0.1571 -0.0663 -0.3276 -0.3385 -0.3150 -0.2147 -0.0673 -0.0168 0.0078 0.0340 0.0819 0.1383 -0.1306 -0.3320 -0.3373 -0.3018 -0.1815 -0.0511 -0.0115 0.0112 0.0396 0.0934 0.1181 -0.1601 -0.3335 -0.3364 -0.2962 -0.1704 -0.0471 -0.0100 0.0148 0.0348 0.0148 -0.0100 -0.0471 -0.1704 -0.2962 -0.3364 -0.3335 -0.1601 0.1181 0.0934 0.0396 0.0112 -0.0115 -0.0511 -0.1815 -0.3018 -0.3373 -0.3320 -0.1306 0.1383 0.0819 0.0340 0.0078 -0.0168 -0.0673 -0.2147 -0.3150 -0.3385 -0.3276 -0.0663 0.1571 0.0661 0.0256 0.0024 -0.0249 -0.0969 -0.2511 -0.3264 -0.3379 -0.3074 0.0129 0.1454 0.0531 0.0181 -0.0037 -0.0347 -0.1361 -0.2800 -0.3334 -0.1895
-0.2049 -0.2836 -0.1391 -0.0357 -0.0042 0.0176 0.0522 0.1407 0.0195 -0.2967 -0.3378 -0.3271 -0.2536 -0.0997 -0.0256 0.0020 0.0250 0.0650 0.1576 -0.0606 -0.3272 -0.3386 -0.3160 -0.2176 -0.0691 -0.0173 0.0074 0.0334 0.0807 0.1402 -0.1273 -0.3318 -0.3374 -0.3020 -0.1815 -0.0509 -0.0113 0.0114 0.0401 0.0948 0.1147 -0.1652 -0.3338 -0.3361 -0.2948 -0.1672 -0.0459 -0.0096 0.0126 0.0449 0.0745 0.0449 0.0126 -0.0096 -0.0459 -0.1672 -0.2948 -0.3361 -0.3338 -0.1652 0.1147 0.0948 0.0401 0.0114 -0.0113 -0.0509 -0.1815 -0.3020 -0.3374 -0.3318 -0.1273 0.1402 0.0807 0.0334 0.0074 -0.0173 -0.0691 -0.2176 -0.3160 -0.3386 -0.3272 -0.0606 0.1576 0.0650 0.0250 0.0020 -0.0256 -0.0997 -0.2536 -0.3271 -0.3378 -0.2967 0.0195 0.1407 0.0522 0.0176 -0.0042 -0.0357 -0.1391 -0.2836 -0.2049
-0.1857 -0.1473 -0.0366 -0.0047 0.0171 0.0513 0.1363 0.0262 -0.2865 -0.3376 -0.3277 -0.2561 -0.1024 -0.0263 0.0015 0.0244 0.0639 0.1581 -0.0549 -0.3268 -0.3386 -0.3170 -0.2205 -0.0709 -0.0179 0.0071 0.0328 0.0794 0.1423 -0.1229 -0.3316 -0.3375 -0.3026 -0.1825 -0.0511 -0.0113 0.0115 0.0403 0.0957 0.1121 -0.1695 -0.3340 -0.3359 -0.2933 -0.1642 -0.0447 -0.0090 0.0129 0.0429 0.0963 0.1295 0.0963 0.0429 0.0129 -0.0090 -0.0447 -0.1642 -0.2933 -0.3359 -0.3340 -0.1695 0.1121 0.0957 0.0403 0.0115 -0.0113 -0.0511 -0.1825 -0.3026 -0.3375 -0.3316 -0.1229 0.1423 0.0794 0.0328 0.0071 -0.0179 -0.0709 -0.2205 -0.3170 -0.3386 -0.3268 -0.0549 0.1581 0.0639 0.0244 0.0015 -0.0263 -0.1024 -0.2561 -0.3277 -0.3376 -0.2865 0.0262 0.1363 0.0513 0.0171 -0.0047 -0.0366 -0.1473 -0.1857
-0.1140 -0.0398 -0.0054 0.0167 0.0505 0.1321 0.0328 -0.2768 -0.3375 -0.3284 -0.2585 -0.1052 -0.0270 0.0011 0.0237 0.0628 0.1584 -0.0491 -0.3264 -0.3386 -0.3180 -0.2235 -0.0730 -0.0185 0.0067 0.0322 0.0782 0.1442 -0.1182 -0.3313 -0.3376 -0.3036 -0.1845 -0.0517 -0.0115 0.0114 0.0403 0.0959 0.1109 -0.1722 -0.3342 -0.3357 -0.2920 -0.1613 -0.0437 -0.0085 0.0134 0.0435 0.1051 0.0900 -0.0998 0.0900 0.1051 0.0435 0.0134 -0.0085 -0.0437 -0.1613 -0.2920 -0.3357 -0.3342 -0.1722 0.1109 0.0959 0.0403 0.0114 -0.0115 -0.0517 -0.1845 -0.3036 -0.3376 -0.3313 -0.1182 0.1442 0.0782 0.0322 0.0067 -0.0185 -0.0730 -0.2235 -0.3180 -0.3386 -0.3264 -0.0491 0.1584 0.0628 0.0237 0.0011 -0.0270 -0.1052 -0.2585 -0.3284 -0.3375 -0.2768 0.0328 0.1321 0.0505 0.0167 -0.0054 -0.0398 -0.1140
-0.0503 -0.0044 0.0159 0.0495 0.1281 0.0397 -0.2671 -0.3373 -0.3290 -0.2610 -0.1082 -0.0277 0.0006 0.0231 0.0617 0.1586 -0.0429 -0.3259 -0.3386 -0.3190 -0.2266 -0.0752 -0.0191 0.0062 0.0315 0.0769 0.1461 -0.1135 -0.3310 -0.3378 -0.3047 -0.1872 -0.0528 -0.0118 0.0112 0.0401 0.0957 0.1109 -0.1729 -0.3343 -0.3355 -0.2911 -0.1589 -0.0427 -0.0081 0.0137 0.0442 0.1065 0.0869 -0.2013 -0.3288 -0.2013 0.0869 0.1065 0.0442 0.0137 -0.0081 -0.0427 -0.1589 -0.2911 -0.3355 -0.3343 -0.1729 0.1109 0.0957 0.0401 0.0112 -0.0118 -0.0528 -0.1872 -0.3047 -0.3378 -0.3310 -0.1135 0.1461 0.0769 0.0315 0.0062 -0.0191 -0.0752 -0.2266 -0.3190 -0.3386 -0.3259 -0.0429 0.1586 0.0617 0.0231 0.0006 -0.0277 -0.1082 -0.2610 -0.3290 -0.3373 -0.2671 0.0397 0.1281 0.0495 0.0159 -0.0044 -0.0503
-0.0230 0.0195 0.0486 0.1243 0.0465 -0.2578 -0.3372 -0.3297 -0.2634 -0.1113 -0.0284 0.0001 0.0224 0.0607 0.1588 -0.0366 -0.3255 -0.3385 -0.3200 -0.2297 -0.0775 -0.0198 0.0058 0.0308 0.0756 0.1479 -0.1086 -0.3307 -0.3379 -0.3059 -0.1901 -0.0541 -0.0123 0.0109 0.0396 0.0948 0.1121 -0.1722 -0.3343 -0.3355 -0.2906 -0.1574 -0.0420 -0.0077 0.0141 0.0449 0.1082 0.0856 -0.2041 -0.3365 -0.3413 -0.3365 -0.2041 0.0856 0.1082 0.0449 0.0141 -0.0077 -0.0420 -0.1574 -0.2906 -0.3355 -0.3343 -0.1722 0.1121 0.0948 0.0396 0.0109 -0.0123 -0.0541 -0.1901 -0.3059 -0.3379 -0.3307 -0.1086 0.1479 0.0756 0.0308 0.0058 -0.0198 -0.0775 -0.2297 -0.3200 -0.3385 -0.3255 -0.0366 0.1588 0.0607 0.0224 0.0001 -0.0284 -0.1113 -0.2634 -0.3297 -0.3372 -0.2578 0.0465 0.1243 0.0486 0.0195 -0.0230
0.0001 0.0477 0.1208 0.0533 -0.2489 -0.3370 -0.3303 -0.2658 -0.1145 -0.0292 -0.0004 0.0218 0.0596 0.1588 -0.0303 -0.3250 -0.3385 -0.3210 -0.2327 -0.0799 -0.0205 0.0054 0.0301 0.0742 0.1497 -0.1033 -0.3303 -0.3380 -0.3071 -0.1930 -0.0555 -0.0128 0.0106 0.0390 0.0934 0.1147 -0.1695 -0.3342 -0.3355 -0.2906 -0.1570 -0.0417 -0.0074 0.0144 0.0455 0.1104 0.0806 -0.2077 -0.3356 -0.3343 -0.3198 -0.3343 -0.3356 -0.2077 0.0806 0.1104 0.0455 0.0144 -0.0074 -0.0417 -0.1570 -0.2906 -0.3355 -0.3342 -0.1695 0.1147 0.0934 0.0390 0.0106 -0.0128 -0.0555 -0.1930 -0.3071 -0.3380 -0.3303 -0.1033 0.1497 0.0742 0.0301 0.0054 -0.0205 -0.0799 -0.2327 -0.3210 -0.3385 -0.3250 -0.0303 0.1588 0.0596 0.0218 -0.0004 -0.0292 -0.1145 -0.2658 -0.3303 -0.3370 -0.2489 0.0533 0.1208 0.0477 0.0001
0.0285 0.1174 0.0601 -0.2403 -0.3368 -0.3308 -0.2682 -0.1177 -0.0299 -0.0009 0.0212 0.0586 0.1587 -0.0238 -0.3246 -0.3384 -0.3219 -0.2357 -0.0823 -0.0211 0.0049 0.0294 0.0729 0.1513 -0.0976 -0.3299 -0.3381 -0.3083 -0.1960 -0.0569 -0.0133 0.0102 0.0383 0.0917 0.1181 -0.1652 -0.3340 -0.3357 -0.2911 -0.1574 -0.0417 -0.0074 0.0145 0.0459 0.1120 0.0762 -0.2136 -0.3358 -0.3317 -0.2795 -0.2187 -0.2795 -0.3317 -0.3358 -0.2136 0.0762 0.1120 0.0459 0.0145 -0.0074 -0.0417 -0.1574 -0.2911 -0.3357 -0.3340 -0.1652 0.1181 0.0917 0.0383 0.0102 -0.0133 -0.0569 -0.1960 -0.3083 -0.3381 -0.3299 -0.0976 0.1513 0.0729 0.0294 0.0049 -0.0211 -0.0823 -0.2357 -0.3219 -0.3384 -0.3246 -0.0238 0.1587 0.0586 0.0212 -0.0009 -0.0299 -0.1177 -0.2682 -0.3308 -0.3368 -0.2403 0.0601 0.1174 0.0285
0.0903 0.0672 -0.2317 -0.3365 -0.3314 -0.2705 -0.1210 -0.0307 -0.0014 0.0206 0.0575 0.1585 -0.0173 -0.3241 -0.3384 -0.3228 -0.2387 -0.0848 -0.0218 0.0045 0.0287 0.0716 0.1527 -0.0920 -0.3295 -0.3382 -0.3096 -0.1993 -0.0585 -0.0138 0.0098 0.0377 0.0902 0.1216 -0.1601 -0.3338 -0.3359 -0.2920 -0.1589 -0.0420 -0.0074 0.0145 0.0460 0.1128 0.0737 -0.2180 -0.3360 -0.3331 -0.2748 -0.1322 -0.0639 -0.1322 -0.2748 -0.3331 -0.3360 -0.2180 0.0737 0.1128 0.0460 0.0145 -0.0074 -0.0420 -0.1589 -0.2920 -0.3359 -0.3338 -0.1601 0.1216 0.0902 0.0377 0.0098 -0.0138 -0.0585 -0.1993 -0.3096 -0.3382 -0.3295 -0.0920 0.1527 0.0716 0.0287 0.0045 -0.0218 -0.0848 -0.2386 -0.3228 -0.3384 -0.3241 -0.0173 0.1585 0.0575 0.0206 -0.0014 -0.0307 -0.1209 -0.2705 -0.3314 -0.3365 -0.2317 0.0673 0.0903
0.0477 -0.2240 -0.3364 -0.3319 -0.2727 -0.1243 -0.0316 -0.0019 0.0200 0.0565 0.1583 -0.0106 -0.3236 -0.3383 -0.3236 -0.2416 -0.0874 -0.0225 0.0040 0.0280 0.0703 0.1540 -0.0863 -0.3291 -0.3383 -0.3109 -0.2028 -0.0603 -0.0145 0.0094 0.0370 0.0886 0.1248 -0.1551 -0.3335 -0.3361 -0.2933 -0.1613 -0.0427 -0.0077 0.0144 0.0459 0.1128 0.0729 -0.2199 -0.3361 -0.3329 -0.2785 -0.1297 -0.0319 -0.0088 -0.0319 -0.1297 -0.2785 -0.3329 -0.3361 -0.2199 0.0729 0.1128 0.0459 0.0144 -0.0077 -0.0427 -0.1613 -0.2933 -0.3361 -0.3335 -0.1551 0.1248 0.0886 0.0370 0.0094 -0.0144 -0.0603 -0.2029 -0.3108 -0.3383 -0.3291 -0.0863 0.1540 0.0703 0.0280 0.0040 -0.0225 -0.0875 -0.2415 -0.3236 -0.3383 -0.3236 -0.0106 0.1583 0.0565 0.0200 -0.0019 -0.0316 -0.1242 -0.2728 -0.3319 -0.3364 -0.2236 0.0478
-0.1299 -0.3356 -0.3324 -0.2749 -0.1275 -0.0324 -0.0024 0.0194 0.0556 0.1575 -0.0042 -0.3231 -0.3382 -0.3244 -0.2442 -0.0900 -0.0232 0.0035 0.0273 0.0691 0.1550 -0.0808 -0.3287 -0.3384 -0.3120 -0.2061 -0.0621 -0.0151 0.0090 0.0363 0.0871 0.1279 -0.1502 -0.3332 -0.3364 -0.2948 -0.1642 -0.0437 -0.0081 0.0141 0.0455 0.1120 0.0737 -0.2199 -0.3361 -0.3327 -0.2776 -0.1340 -0.0345 -0.0011 0.0132 -0.0011 -0.0345 -0.1340 -0.2776 -0.3327 -0.3361 -0.2199 0.0737 0.1120 0.0455 0.0141 -0.0081 -0.0437 -0.1642 -0.2948 -0.3364 -0.3332 -0.1502 0.1281 0.0870 0.0362 0.0090 -0.0151 -0.0621 -0.2063 -0.3121 -0.3384 -0.3287 -0.0806 0.1551 0.0691 0.0273 0.0035 -0.0232 -0.0901 -0.2443 -0.3245 -0.3382 -0.3231 -0.0039 0.1573 0.0555 0.0194 -0.0024 -0.0325 -0.1276 -0.2750 -0.3325 -0.3356 -0.1296
-0.1903 -0.3327 -0.2767 -0.1306 -0.0333 -0.0029 0.0189 0.0547 0.1540 0.0020 -0.3217 -0.3381 -0.3251 -0.2468 -0.0925 -0.0238 0.0031 0.0267 0.0680 0.1559 -0.0756 -0.3283 -0.3385 -0.3131 -0.2091 -0.0638 -0.0156 0.0086 0.0356 0.0855 0.1310 -0.1453 -0.3330 -0.3366 -0.2962 -0.1672 -0.0447 -0.0085 0.0137 0.0449 0.1104 0.0762 -0.2180 -0.3361 -0.3327 -0.2772 -0.1330 -0.0345 -0.0038 0.0202 0.0431 0.0202 -0.0038 -0.0345 -0.1329 -0.2772 -0.3327 -0.3361 -0.2180 0.0762 0.1104 0.0449 0.0137 -0.0085 -0.0447 -0.1672 -0.2962 -0.3366 -0.3330 -0.1450 0.1313 0.0854 0.0355 0.0086 -0.0157 -0.0640 -0.2094 -0.3132 -0.3385 -0.3283 -0.0751 0.1560 0.0679 0.0266 0.0031 -0.0239 -0.0927 -0.2470 -0.3252 -0.3381 -0.3212 0.0026 0.1535 0.0546 0.0189 -0.0029 -0.0333 -0.1309 -0.2768 -0.3328 -0.1903
-0.2049 -0.2805 -0.1335 -0.0341 -0.0033 0.0184 0.0537 0.1485 0.0086 -0.3146 -0.3380 -0.3259 -0.2494 -0.0951 -0.0245 0.0027 0.0261 0.0668 0.1567 -0.0700 -0.3279 -0.3385 -0.3142 -0.2123 -0.0657 -0.0162 0.0082 0.0349 0.0839 0.1341 -0.1399 -0.3327 -0.3368 -0.2975 -0.1702 -0.0458 -0.0090 0.0134 0.0442 0.1082 0.0805 -0.2136 -0.3360 -0.3329 -0.2775 -0.1329 -0.0343 -0.0038 0.0178 0.0542 0.0874 0.0542 0.0177 -0.0038 -0.0343 -0.1329 -0.2776 -0.3329 -0.3360 -0.2136 0.0806 0.1082 0.0442 0.0134 -0.0090 -0.0459 -0.1704 -0.2977 -0.3368 -0.3326 -0.1395 0.1344 0.0838 0.0348 0.0082 -0.0163 -0.0659 -0.2127 -0.3144 -0.3385 -0.3279 -0.0695 0.1567 0.0667 0.0260 0.0027 -0.0245 -0.0954 -0.2497 -0.3260 -0.3380 -0.3136 0.0092 0.1480 0.0537 0.0184 -0.0034 -0.0342 -0.1341 -0.2806 -0.2050
-0.1842 -0.1419 -0.0350 -0.0038 0.0179 0.0528 0.1434 0.0155 -0.3032 -0.3379 -0.3267 -0.2520 -0.0979 -0.0252 0.0022 0.0254 0.0657 0.1573 -0.0641 -0.3275 -0.3386 -0.3153 -0.2156 -0.0677 -0.0169 0.0078 0.0341 0.0823 0.1372 -0.1342 -0.3323 -0.3370 -0.2989 -0.1733 -0.0470 -0.0095 0.0130 0.0435 0.1060 0.0854 -0.2078 -0.3358 -0.3331 -0.2783 -0.1339 -0.0344 -0.0037 0.0178 0.0523 0.1202 0.1141 0.1212 0.0521 0.0176 -0.0037 -0.0345 -0.1340 -0.2785 -0.3331 -0.3358 -0.2077 0.0856 0.1065 0.0435 0.0129 -0.0096 -0.0471 -0.1737 -0.2992 -0.3370 -0.3323 -0.1337 0.1375 0.0823 0.0340 0.0077 -0.0170 -0.0681 -0.2161 -0.3155 -0.3385 -0.3274 -0.0635 0.1574 0.0656 0.0253 0.0021 -0.0254 -0.0984 -0.2525 -0.3267 -0.3378 -0.3022 0.0162 0.1442 0.0527 0.0178 -0.0040 -0.0352 -0.1426 -0.1842
-0.1112 -0.0381 -0.0046 0.0174 0.0518 0.1388 0.0224 -0.2922 -0.3377 -0.3274 -0.2547 -0.1008 -0.0259 0.0018 0.0247 0.0645 0.1578 -0.0581 -0.3271 -0.3386 -0.3164 -0.2189 -0.0698 -0.0175 0.0073 0.0334 0.0807 0.1400 -0.1285 -0.3320 -0.3372 -0.3004 -0.1767 -0.0482 -0.0100 0.0126 0.0428 0.1039 0.0903 -0.2018 -0.3356 -0.3334 -0.2797 -0.1358 -0.0348 -0.0038 0.0177 0.0521 0.1405 0.0211 -0.1964 0.0167 0.1313 0.0520 0.0176 -0.0038 -0.0345 -0.1297 -0.2748 -0.3317 -0.3356 -0.2041 0.0869 0.1051 0.0429 0.0126 -0.0100 -0.0469 -0.1699 -0.2965 -0.3361 -0.3322 -0.1305 0.1380 0.0812 0.0334 0.0073 -0.0176 -0.0671 -0.2123 -0.3134 -0.3379 -0.3275 -0.0606 0.1570 0.0647 0.0247 0.0017 -0.0260 -0.0964 -0.2490 -0.3251 -0.3374 -0.2950 0.0191 0.1413 0.0519 0.0174 -0.0046 -0.0379 -0.1067
-0.0490 -0.0034 0.0167 0.0509 0.1346 0.0290 -0.2823 -0.3376 -0.3280 -0.2572 -0.1036 -0.0266 0.0013 0.0241 0.0634 0.1582 -0.0524 -0.3266 -0.3386 -0.3175 -0.2219 -0.0719 -0.0182 0.0069 0.0326 0.0793 0.1424 -0.1231 -0.3316 -0.3374 -0.3019 -0.1800 -0.0496 -0.0105 0.0123 0.0421 0.1019 0.0949 -0.1960 -0.3354 -0.3338 -0.2814 -0.1384 -0.0355 -0.0041 0.0175 0.0519 0.1381 0.0237 -0.2887 -0.3336 -0.2606 0.0609 0.1084 0.0540 0.0201 -0.0011 -0.0319 -0.1322 -0.2794 -0.3343 -0.3365 -0.2013 0.0900 0.0963 0.0449 0.0148 -0.0072 -0.0454 -0.1743 -0.3009 -0.3382 -0.3328 -0.1275 0.1400 0.0786 0.0356 0.0095 -0.0146 -0.0668 -0.2175 -0.3172 -0.3395 -0.3279 -0.0573 0.1374 0.0649 0.0270 0.0041 -0.0229 -0.0977 -0.2542 -0.3282 -0.3386 -0.2900 0.0232 0.1189 0.0534 0.0196 0.0004 -0.0468
-0.0223 0.0203 0.0501 0.1307 0.0354 -0.2731 -0.3374 -0.3286 -0.2595 -0.1064 -0.0273 0.0009 0.0235 0.0624 0.1585 -0.0468 -0.3262 -0.3386 -0.3184 -0.2247 -0.0739 -0.0187 0.0065 0.0320 0.0779 0.1445 -0.1180 -0.3313 -0.3376 -0.3032 -0.1832 -0.0509 -0.0110 0.0119 0.0415 0.1000 0.0994 -0.1903 -0.3352 -0.3342 -0.2830 -0.1413 -0.0363 -0.0046 0.0172 0.0513 0.1353 0.0294 -0.2818 -0.3392 -0.3372 -0.2078 0.1139 0.1088 0.0850 0.0432 0.0132 -0.0087 -0.0638 -0.2187 -0.3198 -0.3413 -0.3288 -0.0998 0.1295 0.0745 0.0348 0.0083 -0.0172 -0.0933 -0.2547 -0.3304 -0.3403 -0.3230 -0.0117 0.1290 0.0626 0.0264 0.0033 -0.0290 -0.1343 -0.2844 -0.3372 -0.3375 -0.2642 0.0689 0.1044 0.0519 0.0188 -0.0025 -0.0446 -0.1806 -0.3063 -0.3406 -0.3332 -0.1893 0.1158 0.0864 0.0425 0.0166 -0.0294
