0.0009 0.0074 0.0190 0.0549 0.1569 0.4473 1.0000 1.0000 1.0000 0.0003 0.0009 0.0024 0.0070 0.0200 0.0570 0.1629 0.4664 1.0000 1.0000 1.0000 0.0003 0.0009 0.0025 0.0072 0.0206 0.0589 0.1683 0.4809 1.0000 1.0000 1.0000 0.0003 0.0009 0.0026 0.0075 0.0213 0.0611 0.1745 0.4985 1.0000 1.0000 1.0000 0.0003 0.0009 0.0027 0.0077 0.0221 0.0628 0.1816 0.6064 1.0000 0.6064 0.1816 0.0628 0.0221 0.0077 0.0027 0.0009 0.0003 1.0000 1.0000 1.0000 0.4985 0.1745 0.0611 0.0213 0.0075 0.0026 0.0009 0.0003 1.0000 1.0000 1.0000 0.4809 0.1683 0.0589 0.0206 0.0072 0.0025 0.0009 0.0003 1.0000 1.0000 1.0000 0.4664 0.1629 0.0570 0.0200 0.0070 0.0024 0.0009 0.0003 1.0000 1.0000 1.0000 0.4473 0.1569 0.0549 0.0190 0.0074 0.0009
0.0074 0.0516 0.1292 0.3784 1.0000 1.0000 1.0000 1.0000 0.0007 0.0021 0.0059 0.0168 0.0480 0.1373 0.3923 1.0000 1.0000 1.0000 1.0000 0.0007 0.0021 0.0061 0.0174 0.0496 0.1418 0.4052 1.0000 1.0000 1.0000 1.0000 0.0008 0.0022 0.0063 0.0180 0.0513 0.1470 0.4193 1.0000 1.0000 1.0000 1.0000 0.0008 0.0023 0.0065 0.0186 0.0533 0.1519 0.4323 1.0000 1.0000 1.0000 1.0000 1.0000 0.4323 0.1519 0.0533 0.0186 0.0065 0.0023 0.0008 1.0000 1.0000 1.0000 1.0000 0.4193 0.1470 0.0513 0.0180 0.0063 0.0022 0.0008 1.0000 1.0000 1.0000 1.0000 0.4052 0.1418 0.0496 0.0174 0.0061 0.0021 0.0007 1.0000 1.0000 1.0000 1.0000 0.3923 0.1373 0.0480 0.0168 0.0059 0.0021 0.0007 1.0000 1.0000 1.0000 1.0000 0.3784 0.1292 0.0516 0.0074
0.0190 0.1292 0.3415 0.9905 1.0000 1.0000 1.0000 0.0007 0.0019 0.0054 0.0156 0.0445 0.1273 0.3636 1.0000 1.0000 1.0000 1.0000 0.0007 0.0020 0.0056 0.0161 0.0460 0.1314 0.3755 1.0000 1.0000 1.0000 1.0000 0.0007 0.0020 0.0058 0.0166 0.0474 0.1360 0.3886 1.0000 1.0000 1.0000 1.0000 0.0007 0.0021 0.0060 0.0172 0.0493 0.1405 0.4029 1.0000 1.0000 1.0000 1.0000 1.0000 1.0000 1.0000 0.4029 0.1405 0.0493 0.0172 0.0060 0.0021 0.0007 1.0000 1.0000 1.0000 1.0000 0.3886 0.1360 0.0474 0.0166 0.0058 0.0020 0.0007 1.0000 1.0000 1.0000 1.0000 0.3755 0.1314 0.0460 0.0161 0.0056 0.0020 0.0007 1.0000 1.0000 1.0000 1.0000 0.3636 0.1273 0.0445 0.0156 0.0054 0.0019 0.0007 1.0000 1.0000 1.0000 0.9905 0.3415 0.1292 0.0190
0.0549 0.3784 0.9905 1.0000 1.0000 1.0000 0.0007 0.0020 0.0056 0.0161 0.0461 0.1317 0.3770 1.0000 1.0000 1.0000 1.0000 0.0007 0.0020 0.0059 0.0167 0.0478 0.1365 0.3901 1.0000 1.0000 1.0000 1.0000 0.0007 0.0021 0.0060 0.0172 0.0492 0.1408 0.4029 1.0000 1.0000 1.0000 1.0000 0.0008 0.0022 0.0063 0.0179 0.0510 0.1457 0.4169 1.0000 1.0000 1.0000 1.0000 1.0000 1.0000 1.0000 1.0000 1.0000 0.4169 0.1457 0.0510 0.0179 0.0063 0.0022 0.0008 1.0000 1.0000 1.0000 1.0000 0.4029 0.1408 0.0492 0.0172 0.0060 0.0021 0.0007 1.0000 1.0000 1.0000 1.0000 0.3901 0.1365 0.0478 0.0167 0.0059 0.0020 0.0007 1.0000 1.0000 1.0000 1.0000 0.3770 0.1317 0.0461 0.0161 0.0056 0.0020 0.0007 1.0000 1.0000 1.0000 0.9905 0.3784 0.0549
0.1569 1.0000 1.0000 1.0000 1.0000 0.0007 0.0020 0.0057 0.0163 0.0469 0.1342 0.3842 1.0000 1.0000 1.0000 1.0000 0.0007 0.0021 0.0060 0.0171 0.0488 0.1394 0.3983 1.0000 1.0000 1.0000 1.0000 0.0008 0.0022 0.0062 0.0176 0.0503 0.1435 0.4106 1.0000 1.0000 1.0000 1.0000 0.0008 0.0022 0.0064 0.0183 0.0522 0.1490 0.4249 1.0000 1.0000 1.0000 1.0000 0.0009 0.0020 0.0009 1.0000 1.0000 1.0000 1.0000 0.4249 0.1490 0.0522 0.0183 0.0064 0.0022 0.0008 1.0000 1.0000 1.0000 1.0000 0.4106 0.1435 0.0503 0.0176 0.0062 0.0022 0.0008 1.0000 1.0000 1.0000 1.0000 0.3983 0.1394 0.0488 0.0171 0.0060 0.0021 0.0007 1.0000 1.0000 1.0000 1.0000 0.3842 0.1342 0.0469 0.0163 0.0057 0.0020 0.0007 1.0000 1.0000 1.0000 1.0000 0.1569
0.4473 1.0000 1.0000 1.0000 0.0007 0.0020 0.0058 0.0166 0.0477 0.1368 0.3916 1.0000 1.0000 1.0000 1.0000 0.0007 0.0021 0.0061 0.0175 0.0499 0.1426 0.4075 1.0000 1.0000 1.0000 1.0000 0.0008 0.0022 0.0063 0.0180 0.0515 0.1470 0.4201 1.0000 1.0000 1.0000 1.0000 0.0008 0.0023 0.0065 0.0187 0.0534 0.1525 0.4356 1.0000 1.0000 1.0000 1.0000 0.0008 0.0027 0.0058 0.0027 0.0008 1.0000 1.0000 1.0000 1.0000 0.4356 0.1525 0.0534 0.0187 0.0065 0.0023 0.0008 1.0000 1.0000 1.0000 1.0000 0.4201 0.1470 0.0515 0.0180 0.0063 0.0022 0.0008 1.0000 1.0000 1.0000 1.0000 0.4075 0.1426 0.0499 0.0175 0.0061 0.0021 0.0007 1.0000 1.0000 1.0000 1.0000 0.3916 0.1368 0.0477 0.0166 0.0058 0.0020 0.0007 1.0000 1.0000 1.0000 0.4473
1.0000 1.0000 1.0000 0.0007 0.0020 0.0058 0.0167 0.0481 0.1384 0.3976 1.0000 1.0000 1.0000 1.0000 0.0008 0.0022 0.0062 0.0179 0.0511 0.1459 0.4169 1.0000 1.0000 1.0000 1.0000 0.0008 0.0023 0.0065 0.0184 0.0527 0.1504 0.4298 1.0000 1.0000 1.0000 1.0000 0.0008 0.0023 0.0067 0.0191 0.0546 0.1560 0.4456 1.0000 1.0000 1.0000 1.0000 0.0008 0.0024 0.0079 0.0170 0.0079 0.0024 0.0008 1.0000 1.0000 1.0000 1.0000 0.4456 0.1560 0.0546 0.0191 0.0067 0.0023 0.0008 1.0000 1.0000 1.0000 1.0000 0.4298 0.1504 0.0527 0.0184 0.0065 0.0023 0.0008 1.0000 1.0000 1.0000 1.0000 0.4169 0.1459 0.0511 0.0179 0.0062 0.0022 0.0008 1.0000 1.0000 1.0000 1.0000 0.3976 0.1384 0.0481 0.0167 0.0058 0.0020 0.0007 1.0000 1.0000 1.0000
1.0000 1.0000 0.0007 0.0020 0.0057 0.0166 0.0481 0.1389 0.4006 1.0000 1.0000 1.0000 1.0000 0.0008 0.0022 0.0064 0.0183 0.0522 0.1493 0.4266 1.0000 1.0000 1.0000 1.0000 0.0008 0.0023 0.0066 0.0189 0.0539 0.1539 0.4397 1.0000 1.0000 1.0000 1.0000 0.0008 0.0024 0.0068 0.0195 0.0559 0.1596 0.4559 1.0000 1.0000 1.0000 1.0000 0.0009 0.0025 0.0071 0.0232 0.0495 0.0232 0.0071 0.0025 0.0009 1.0000 1.0000 1.0000 1.0000 0.4559 0.1596 0.0559 0.0195 0.0068 0.0024 0.0008 1.0000 1.0000 1.0000 1.0000 0.4397 0.1539 0.0539 0.0189 0.0066 0.0023 0.0008 1.0000 1.0000 1.0000 1.0000 0.4266 0.1493 0.0522 0.0183 0.0064 0.0022 0.0008 1.0000 1.0000 1.0000 1.0000 0.4006 0.1389 0.0481 0.0166 0.0057 0.0020 0.0007 1.0000 1.0000
1.0000 0.0007 0.0019 0.0056 0.0163 0.0477 0.1384 0.4006 1.0000 1.0000 1.0000 1.0000 0.0008 0.0023 0.0065 0.0186 0.0533 0.1525 0.4356 1.0000 1.0000 1.0000 1.0000 0.0008 0.0024 0.0068 0.0193 0.0551 0.1575 0.4499 1.0000 1.0000 1.0000 1.0000 0.0009 0.0024 0.0070 0.0200 0.0571 0.1633 0.4664 1.0000 1.0000 1.0000 1.0000 0.0009 0.0025 0.0072 0.0207 0.0677 0.1448 0.0677 0.0207 0.0072 0.0025 0.0009 1.0000 1.0000 1.0000 1.0000 0.4664 0.1633 0.0571 0.0200 0.0070 0.0024 0.0009 1.0000 1.0000 1.0000 1.0000 0.4499 0.1575 0.0551 0.0193 0.0068 0.0024 0.0008 1.0000 1.0000 1.0000 1.0000 0.4356 0.1525 0.0533 0.0186 0.0065 0.0023 0.0008 1.0000 1.0000 1.0000 1.0000 0.4006 0.1384 0.0477 0.0163 0.0056 0.0019 0.0007 1.0000
0.0003 0.0021 0.0054 0.0161 0.0469 0.1368 0.3976 1.0000 1.0000 1.0000 1.0000 0.0008 0.0023 0.0066 0.0189 0.0543 0.1554 0.4448 1.0000 1.0000 1.0000 1.0000 0.0008 0.0024 0.0069 0.0197 0.0564 0.1611 0.4603 1.0000 1.0000 1.0000 1.0000 0.0009 0.0025 0.0071 0.0204 0.0585 0.1670 0.4772 1.0000 1.0000 1.0000 1.0000 0.0009 0.0026 0.0074 0.0211 0.0604 0.1978 0.4233 0.1978 0.0604 0.0211 0.0074 0.0026 0.0009 1.0000 1.0000 1.0000 1.0000 0.4772 0.1670 0.0585 0.0204 0.0071 0.0025 0.0009 1.0000 1.0000 1.0000 1.0000 0.4603 0.1611 0.0564 0.0197 0.0069 0.0024 0.0008 1.0000 1.0000 1.0000 1.0000 0.4448 0.1554 0.0543 0.0189 0.0066 0.0023 0.0008 1.0000 1.0000 1.0000 1.0000 0.3976 0.1368 0.0469 0.0161 0.0054 0.0021 0.0003
0.0009 0.0059 0.0156 0.0461 0.1342 0.3916 1.0000 1.0000 1.0000 1.0000 0.0008 0.0023 0.0067 0.0192 0.0551 0.1581 0.4533 1.0000 1.0000 1.0000 1.0000 0.0009 0.0025 0.0071 0.0202 0.0577 0.1648 0.4709 1.0000 1.0000 1.0000 1.0000 0.0009 0.0025 0.0073 0.0209 0.0597 0.1709 0.4882 1.0000 1.0000 1.0000 1.0000 0.0009 0.0026 0.0076 0.0216 0.0615 0.1765 0.5783 1.0000 0.5783 0.1765 0.0615 0.0216 0.0076 0.0026 0.0009 1.0000 1.0000 1.0000 1.0000 0.4882 0.1709 0.0597 0.0209 0.0073 0.0025 0.0009 1.0000 1.0000 1.0000 1.0000 0.4709 0.1648 0.0577 0.0202 0.0071 0.0025 0.0009 1.0000 1.0000 1.0000 1.0000 0.4533 0.1581 0.0551 0.0192 0.0067 0.0023 0.0008 1.0000 1.0000 1.0000 1.0000 0.3916 0.1342 0.0461 0.0156 0.0059 0.0009
0.0024 0.0168 0.0445 0.1317 0.3842 1.0000 1.0000 1.0000 1.0000 0.0008 0.0023 0.0067 0.0193 0.0556 0.1602 0.4603 1.0000 1.0000 1.0000 1.0000 0.0009 0.0025 0.0072 0.0207 0.0590 0.1686 0.4818 1.0000 1.0000 1.0000 1.0000 0.0009 0.0026 0.0075 0.0213 0.0611 0.1745 0.4995 1.0000 1.0000 1.0000 1.0000 0.0009 0.0027 0.0077 0.0221 0.0632 0.1799 0.5159 1.0000 1.0000 1.0000 0.5159 0.1799 0.0632 0.0221 0.0077 0.0027 0.0009 1.0000 1.0000 1.0000 1.0000 0.4995 0.1745 0.0611 0.0213 0.0075 0.0026 0.0009 1.0000 1.0000 1.0000 1.0000 0.4818 0.1686 0.0590 0.0207 0.0072 0.0025 0.0009 1.0000 1.0000 1.0000 1.0000 0.4603 0.1602 0.0556 0.0193 0.0067 0.0023 0.0008 1.0000 1.0000 1.0000 1.0000 0.3842 0.1317 0.0445 0.0168 0.0024
0.0070 0.0480 0.1273 0.3770 1.0000 1.0000 1.0000 1.0000 0.0008 0.0023 0.0067 0.0193 0.0559 0.1611 0.4647 1.0000 1.0000 1.0000 1.0000 0.0009 0.0026 0.0074 0.0211 0.0604 0.1725 0.4929 1.0000 1.0000 1.0000 1.0000 0.0009 0.0027 0.0076 0.0218 0.0624 0.1782 0.5101 1.0000 1.0000 1.0000 1.0000 0.0010 0.0028 0.0079 0.0225 0.0645 0.1847 0.5258 1.0000 1.0000 1.0000 1.0000 1.0000 0.5258 0.1847 0.0645 0.0225 0.0079 0.0028 0.0010 1.0000 1.0000 1.0000 1.0000 0.5101 0.1782 0.0624 0.0218 0.0076 0.0027 0.0009 1.0000 1.0000 1.0000 1.0000 0.4929 0.1725 0.0604 0.0211 0.0074 0.0026 0.0009 1.0000 1.0000 1.0000 1.0000 0.4647 0.1611 0.0559 0.0193 0.0067 0.0023 0.0008 1.0000 1.0000 1.0000 1.0000 0.3770 0.1273 0.0480 0.0070
0.0200 0.1373 0.3636 1.0000 1.0000 1.0000 1.0000 0.0008 0.0023 0.0066 0.0192 0.0556 0.1611 0.4664 1.0000 1.0000 1.0000 1.0000 0.0009 0.0026 0.0075 0.0215 0.0617 0.1762 0.5043 1.0000 1.0000 1.0000 1.0000 0.0010 0.0027 0.0078 0.0223 0.0637 0.1823 0.5218 1.0000 1.0000 1.0000 1.0000 0.0010 0.0028 0.0081 0.0231 0.0660 0.1886 0.5400 1.0000 1.0000 1.0000 1.0000 1.0000 1.0000 1.0000 0.5400 0.1886 0.0660 0.0231 0.0081 0.0028 0.0010 1.0000 1.0000 1.0000 1.0000 0.5218 0.1823 0.0637 0.0222 0.0078 0.0027 0.0010 1.0000 1.0000 1.0000 1.0000 0.5043 0.1762 0.0617 0.0215 0.0075 0.0026 0.0009 1.0000 1.0000 1.0000 1.0000 0.4664 0.1611 0.0556 0.0192 0.0066 0.0023 0.0008 1.0000 1.0000 1.0000 1.0000 0.3636 0.1373 0.0200
0.0570 0.3923 1.0000 1.0000 1.0000 1.0000 0.0008 0.0022 0.0065 0.0189 0.0551 0.1602 0.4647 1.0000 1.0000 1.0000 1.0000 0.0009 0.0027 0.0077 0.0220 0.0628 0.1799 0.5149 1.0000 1.0000 1.0000 1.0000 0.0010 0.0028 0.0080 0.0228 0.0650 0.1862 0.5329 1.0000 1.0000 1.0000 1.0000 0.0010 0.0029 0.0083 0.0236 0.0676 0.1926 0.5514 1.0000 1.0000 1.0000 1.0000 0.0009 1.0000 1.0000 1.0000 1.0000 0.5514 0.1926 0.0676 0.0236 0.0083 0.0029 0.0010 1.0000 1.0000 1.0000 1.0000 0.5329 0.1862 0.0652 0.0228 0.0080 0.0028 0.0010 1.0000 1.0000 1.0000 1.0000 0.5149 0.1799 0.0628 0.0220 0.0077 0.0027 0.0009 1.0000 1.0000 1.0000 1.0000 0.4647 0.1602 0.0551 0.0189 0.0065 0.0022 0.0008 1.0000 1.0000 1.0000 1.0000 0.3923 0.0570
0.1629 1.0000 1.0000 1.0000 1.0000 0.0007 0.0022 0.0064 0.0186 0.0543 0.1581 0.4603 1.0000 1.0000 1.0000 1.0000 0.0009 0.0027 0.0078 0.0223 0.0639 0.1833 0.5248 1.0000 1.0000 1.0000 1.0000 0.0010 0.0029 0.0082 0.0233 0.0667 0.1904 0.5441 1.0000 1.0000 1.0000 1.0000 0.0010 0.0030 0.0085 0.0242 0.0691 0.1975 0.5641 1.0000 1.0000 1.0000 1.0000 0.0012 0.0026 0.0012 1.0000 1.0000 1.0000 1.0000 0.5641 0.1975 0.0691 0.0242 0.0085 0.0030 0.0010 1.0000 1.0000 1.0000 1.0000 0.5441 0.1901 0.0667 0.0233 0.0082 0.0029 0.0010 1.0000 1.0000 1.0000 1.0000 0.5248 0.1833 0.0639 0.0223 0.0078 0.0027 0.0009 1.0000 1.0000 1.0000 1.0000 0.4603 0.1581 0.0543 0.0186 0.0064 0.0022 0.0007 1.0000 1.0000 1.0000 1.0000 0.1629
0.4664 1.0000 1.0000 1.0000 0.0007 0.0021 0.0062 0.0183 0.0533 0.1554 0.4533 1.0000 1.0000 1.0000 1.0000 0.0009 0.0027 0.0078 0.0225 0.0648 0.1862 0.5339 1.0000 1.0000 1.0000 1.0000 0.0010 0.0029 0.0084 0.0239 0.0682 0.1948 0.5556 1.0000 1.0000 1.0000 1.0000 0.0011 0.0030 0.0087 0.0247 0.0707 0.2020 0.5772 1.0000 1.0000 1.0000 1.0000 0.0011 0.0036 0.0077 0.0036 0.0011 1.0000 1.0000 1.0000 1.0000 0.5772 0.2020 0.0707 0.0247 0.0087 0.0030 0.0011 1.0000 1.0000 1.0000 1.0000 0.5567 0.1948 0.0682 0.0239 0.0084 0.0029 0.0010 1.0000 1.0000 1.0000 1.0000 0.5339 0.1862 0.0648 0.0225 0.0078 0.0027 0.0009 1.0000 1.0000 1.0000 1.0000 0.4533 0.1554 0.0533 0.0183 0.0062 0.0021 0.0007 1.0000 1.0000 1.0000 0.4664
1.0000 1.0000 1.0000 0.0007 0.0021 0.0061 0.0179 0.0522 0.1525 0.4448 1.0000 1.0000 1.0000 1.0000 0.0009 0.0027 0.0078 0.0226 0.0652 0.1879 0.5410 1.0000 1.0000 1.0000 1.0000 0.0010 0.0030 0.0085 0.0244 0.0698 0.1993 0.5695 1.0000 1.0000 1.0000 1.0000 0.0011 0.0031 0.0089 0.0253 0.0723 0.2067 0.5905 1.0000 1.0000 1.0000 1.0000 0.0011 0.0032 0.0105 0.0225 0.0105 0.0032 0.0011 1.0000 1.0000 1.0000 1.0000 0.5905 0.2067 0.0723 0.0253 0.0089 0.0031 0.0011 1.0000 1.0000 1.0000 1.0000 0.5695 0.1993 0.0698 0.0244 0.0085 0.0030 0.0010 1.0000 1.0000 1.0000 1.0000 0.5410 0.1879 0.0652 0.0226 0.0078 0.0027 0.0009 1.0000 1.0000 1.0000 1.0000 0.4448 0.1525 0.0522 0.0179 0.0061 0.0021 0.0007 1.0000 1.0000 1.0000
1.0000 1.0000 0.0007 0.0020 0.0060 0.0175 0.0511 0.1493 0.4356 1.0000 1.0000 1.0000 1.0000 0.0009 0.0027 0.0078 0.0225 0.0652 0.1886 0.5441 1.0000 1.0000 1.0000 1.0000 0.0011 0.0030 0.0087 0.0249 0.0712 0.2039 0.5827 1.0000 1.0000 1.0000 1.0000 0.0011 0.0032 0.0091 0.0259 0.0740 0.2114 0.6041 1.0000 1.0000 1.0000 1.0000 0.0011 0.0033 0.0094 0.0307 0.0657 0.0307 0.0094 0.0033 0.0011 1.0000 1.0000 1.0000 1.0000 0.6041 0.2114 0.0740 0.0259 0.0091 0.0032 0.0011 1.0000 1.0000 1.0000 1.0000 0.5827 0.2039 0.0712 0.0249 0.0087 0.0030 0.0011 1.0000 1.0000 1.0000 1.0000 0.5441 0.1886 0.0652 0.0225 0.0078 0.0027 0.0009 1.0000 1.0000 1.0000 1.0000 0.4356 0.1493 0.0511 0.0175 0.0060 0.0020 0.0007 1.0000 1.0000
1.0000 0.0007 0.0020 0.0059 0.0171 0.0499 0.1459 0.4266 1.0000 1.0000 1.0000 1.0000 0.0009 0.0026 0.0077 0.0223 0.0648 0.1879 0.5441 1.0000 1.0000 1.0000 1.0000 0.0011 0.0031 0.0089 0.0254 0.0728 0.2083 0.5950 1.0000 1.0000 1.0000 1.0000 0.0011 0.0032 0.0093 0.0265 0.0757 0.2163 0.6181 1.0000 1.0000 1.0000 1.0000 0.0012 0.0034 0.0095 0.0274 0.0897 0.1919 0.0897 0.0274 0.0095 0.0034 0.0012 1.0000 1.0000 1.0000 1.0000 0.6181 0.2163 0.0757 0.0265 0.0093 0.0032 0.0011 1.0000 1.0000 1.0000 1.0000 0.5950 0.2083 0.0728 0.0254 0.0089 0.0031 0.0011 1.0000 1.0000 1.0000 1.0000 0.5441 0.1879 0.0648 0.0223 0.0077 0.0026 0.0009 1.0000 1.0000 1.0000 1.0000 0.4266 0.1459 0.0499 0.0171 0.0059 0.0020 0.0007 1.0000
0.0003 0.0021 0.0056 0.0167 0.0488 0.1426 0.4169 1.0000 1.0000 1.0000 1.0000 0.0009 0.0026 0.0075 0.0220 0.0639 0.1862 0.5410 1.0000 1.0000 1.0000 1.0000 0.0011 0.0031 0.0090 0.0259 0.0741 0.2123 0.6076 1.0000 1.0000 1.0000 1.0000 0.0012 0.0033 0.0095 0.0271 0.0775 0.2213 0.6323 1.0000 1.0000 1.0000 1.0000 0.0012 0.0034 0.0098 0.0279 0.0800 0.2621 0.5609 0.2621 0.0800 0.0279 0.0098 0.0034 0.0012 1.0000 1.0000 1.0000 1.0000 0.6323 0.2213 0.0775 0.0271 0.0095 0.0033 0.0012 1.0000 1.0000 1.0000 1.0000 0.6076 0.2123 0.0741 0.0259 0.0090 0.0031 0.0011 1.0000 1.0000 1.0000 1.0000 0.5410 0.1862 0.0639 0.0220 0.0075 0.0026 0.0009 1.0000 1.0000 1.0000 1.0000 0.4169 0.1426 0.0488 0.0167 0.0056 0.0021 0.0003
0.0009 0.0061 0.0161 0.0478 0.1394 0.4075 1.0000 1.0000 1.0000 1.0000 0.0009 0.0025 0.0074 0.0215 0.0628 0.1833 0.5339 1.0000 1.0000 1.0000 1.0000 0.0011 0.0032 0.0091 0.0262 0.0753 0.2159 0.6192 1.0000 1.0000 1.0000 1.0000 0.0012 0.0034 0.0097 0.0277 0.0791 0.2264 0.6469 1.0000 1.0000 1.0000 1.0000 0.0012 0.0035 0.0100 0.0287 0.0815 0.2339 0.7662 1.0000 0.7662 0.2339 0.0815 0.0287 0.0100 0.0035 0.0012 1.0000 1.0000 1.0000 1.0000 0.6469 0.2264 0.0791 0.0276 0.0097 0.0034 0.0012 1.0000 1.0000 1.0000 1.0000 0.6192 0.2159 0.0753 0.0262 0.0091 0.0032 0.0011 1.0000 1.0000 1.0000 1.0000 0.5339 0.1833 0.0628 0.0215 0.0074 0.0025 0.0009 1.0000 1.0000 1.0000 1.0000 0.4075 0.1394 0.0478 0.0161 0.0061 0.0009
0.0025 0.0174 0.0460 0.1365 0.3983 1.0000 1.0000 1.0000 1.0000 0.0008 0.0025 0.0072 0.0211 0.0617 0.1799 0.5248 1.0000 1.0000 1.0000 1.0000 0.0011 0.0032 0.0091 0.0264 0.0760 0.2188 0.6287 1.0000 1.0000 1.0000 1.0000 0.0012 0.0035 0.0099 0.0283 0.0809 0.2312 0.6619 1.0000 1.0000 1.0000 1.0000 0.0013 0.0036 0.0102 0.0293 0.0837 0.2384 0.6836 1.0000 1.0000 1.0000 0.6836 0.2384 0.0837 0.0293 0.0102 0.0036 0.0013 1.0000 1.0000 1.0000 1.0000 0.6619 0.2312 0.0809 0.0283 0.0099 0.0035 0.0012 1.0000 1.0000 1.0000 1.0000 0.6287 0.2188 0.0760 0.0264 0.0091 0.0032 0.0011 1.0000 1.0000 1.0000 1.0000 0.5248 0.1799 0.0617 0.0211 0.0072 0.0025 0.0008 1.0000 1.0000 1.0000 1.0000 0.3983 0.1365 0.0460 0.0174 0.0025
0.0072 0.0496 0.1314 0.3901 1.0000 1.0000 1.0000 1.0000 0.0008 0.0024 0.0071 0.0207 0.0604 0.1762 0.5149 1.0000 1.0000 1.0000 1.0000 0.0011 0.0031 0.0091 0.0264 0.0763 0.2201 0.6347 1.0000 1.0000 1.0000 1.0000 0.0012 0.0035 0.0101 0.0289 0.0826 0.2361 0.6759 1.0000 1.0000 1.0000 1.0000 0.0013 0.0037 0.0105 0.0299 0.0855 0.2448 0.6967 1.0000 1.0000 1.0000 1.0000 1.0000 0.6967 0.2448 0.0855 0.0299 0.0105 0.0037 0.0013 1.0000 1.0000 1.0000 1.0000 0.6759 0.2361 0.0826 0.0289 0.0101 0.0035 0.0012 1.0000 1.0000 1.0000 1.0000 0.6347 0.2201 0.0763 0.0264 0.0091 0.0031 0.0011 1.0000 1.0000 1.0000 1.0000 0.5149 0.1762 0.0604 0.0207 0.0071 0.0024 0.0008 1.0000 1.0000 1.0000 1.0000 0.3901 0.1314 0.0496 0.0072
0.0206 0.1418 0.3755 1.0000 1.0000 1.0000 1.0000 0.0008 0.0024 0.0069 0.0202 0.0590 0.1725 0.5043 1.0000 1.0000 1.0000 1.0000 0.0011 0.0031 0.0090 0.0262 0.0760 0.2201 0.6372 1.0000 1.0000 1.0000 1.0000 0.0013 0.0036 0.0103 0.0294 0.0842 0.2411 0.6901 1.0000 1.0000 1.0000 1.0000 0.0013 0.0038 0.0107 0.0306 0.0873 0.2500 0.7155 1.0000 1.0000 1.0000 1.0000 1.0000 1.0000 1.0000 0.7155 0.2500 0.0873 0.0306 0.0107 0.0038 0.0013 1.0000 1.0000 1.0000 1.0000 0.6901 0.2411 0.0842 0.0294 0.0103 0.0036 0.0013 1.0000 1.0000 1.0000 1.0000 0.6372 0.2201 0.0760 0.0262 0.0090 0.0031 0.0011 1.0000 1.0000 1.0000 1.0000 0.5043 0.1725 0.0590 0.0202 0.0069 0.0024 0.0008 1.0000 1.0000 1.0000 1.0000 0.3755 0.1418 0.0206
0.0589 0.4052 1.0000 1.0000 1.0000 1.0000 0.0008 0.0023 0.0068 0.0197 0.0577 0.1686 0.4929 1.0000 1.0000 1.0000 1.0000 0.0010 0.0030 0.0089 0.0259 0.0753 0.2188 0.6347 1.0000 1.0000 1.0000 1.0000 0.0013 0.0036 0.0105 0.0300 0.0858 0.2457 0.7034 1.0000 1.0000 1.0000 1.0000 0.0013 0.0038 0.0110 0.0313 0.0895 0.2557 0.7307 1.0000 1.0000 1.0000 1.0000 0.0012 1.0000 1.0000 1.0000 1.0000 0.7307 0.2557 0.0895 0.0313 0.0110 0.0038 0.0013 1.0000 1.0000 1.0000 1.0000 0.7034 0.2457 0.0858 0.0300 0.0105 0.0036 0.0013 1.0000 1.0000 1.0000 1.0000 0.6347 0.2188 0.0753 0.0259 0.0089 0.0030 0.0010 1.0000 1.0000 1.0000 1.0000 0.4929 0.1686 0.0577 0.0197 0.0068 0.0023 0.0008 1.0000 1.0000 1.0000 1.0000 0.4052 0.0589
0.1683 1.0000 1.0000 1.0000 1.0000 0.0008 0.0023 0.0066 0.0193 0.0564 0.1648 0.4818 1.0000 1.0000 1.0000 1.0000 0.0010 0.0030 0.0087 0.0254 0.0741 0.2159 0.6287 1.0000 1.0000 1.0000 1.0000 0.0013 0.0037 0.0106 0.0304 0.0873 0.2504 0.7169 1.0000 1.0000 1.0000 1.0000 0.0014 0.0039 0.0112 0.0321 0.0916 0.2616 0.7461 1.0000 1.0000 1.0000 1.0000 0.0016 0.0035 0.0016 1.0000 1.0000 1.0000 1.0000 0.7461 0.2616 0.0916 0.0321 0.0112 0.0039 0.0014 1.0000 1.0000 1.0000 1.0000 0.7169 0.2504 0.0873 0.0304 0.0106 0.0037 0.0013 1.0000 1.0000 1.0000 1.0000 0.6287 0.2159 0.0741 0.0254 0.0087 0.0030 0.0010 1.0000 1.0000 1.0000 1.0000 0.4818 0.1648 0.0564 0.0193 0.0066 0.0023 0.0008 1.0000 1.0000 1.0000 1.0000 0.1683
0.4809 1.0000 1.0000 1.0000 0.0008 0.0022 0.0065 0.0189 0.0551 0.1611 0.4709 1.0000 1.0000 1.0000 1.0000 0.0010 0.0029 0.0085 0.0249 0.0728 0.2123 0.6192 1.0000 1.0000 1.0000 1.0000 0.0013 0.0037 0.0107 0.0307 0.0885 0.2543 0.7293 1.0000 1.0000 1.0000 1.0000 0.0014 0.0040 0.0115 0.0327 0.0937 0.2677 0.7648 1.0000 1.0000 1.0000 1.0000 0.0015 0.0048 0.0102 0.0048 0.0015 1.0000 1.0000 1.0000 1.0000 0.7648 0.2677 0.0937 0.0327 0.0115 0.0040 0.0014 1.0000 1.0000 1.0000 1.0000 0.7293 0.2543 0.0885 0.0307 0.0107 0.0037 0.0013 1.0000 1.0000 1.0000 1.0000 0.6192 0.2123 0.0728 0.0249 0.0085 0.0029 0.0010 1.0000 1.0000 1.0000 1.0000 0.4709 0.1611 0.0551 0.0189 0.0065 0.0022 0.0008 1.0000 1.0000 1.0000 0.4809
1.0000 1.0000 1.0000 0.0007 0.0022 0.0063 0.0184 0.0539 0.1575 0.4603 1.0000 1.0000 1.0000 1.0000 0.0010 0.0029 0.0084 0.0244 0.0712 0.2083 0.6076 1.0000 1.0000 1.0000 1.0000 0.0013 0.0037 0.0107 0.0309 0.0890 0.2567 0.7391 1.0000 1.0000 1.0000 1.0000 0.0014 0.0041 0.0117 0.0334 0.0957 0.2733 0.7824 1.0000 1.0000 1.0000 1.0000 0.0015 0.0042 0.0139 0.0298 0.0139 0.0042 0.0015 1.0000 1.0000 1.0000 1.0000 0.7824 0.2733 0.0957 0.0334 0.0117 0.0041 0.0014 1.0000 1.0000 1.0000 1.0000 0.7391 0.2567 0.0890 0.0309 0.0107 0.0037 0.0013 1.0000 1.0000 1.0000 1.0000 0.6076 0.2083 0.0712 0.0244 0.0084 0.0029 0.0010 1.0000 1.0000 1.0000 1.0000 0.4603 0.1575 0.0539 0.0184 0.0063 0.0022 0.0007 1.0000 1.0000 1.0000
1.0000 1.0000 0.0007 0.0021 0.0062 0.0180 0.0527 0.1539 0.4499 1.0000 1.0000 1.0000 1.0000 0.0010 0.0028 0.0082 0.0239 0.0698 0.2039 0.5950 1.0000 1.0000 1.0000 1.0000 0.0013 0.0036 0.0106 0.0307 0.0890 0.2577 0.7433 1.0000 1.0000 1.0000 1.0000 0.0015 0.0042 0.0119 0.0341 0.0975 0.2791 0.7990 1.0000 1.0000 1.0000 1.0000 0.0015 0.0043 0.0124 0.0407 0.0870 0.0407 0.0124 0.0043 0.0015 1.0000 1.0000 1.0000 1.0000 0.7990 0.2791 0.0975 0.0341 0.0119 0.0042 0.0015 1.0000 1.0000 1.0000 1.0000 0.7433 0.2577 0.0890 0.0307 0.0106 0.0036 0.0013 1.0000 1.0000 1.0000 1.0000 0.5950 0.2039 0.0698 0.0239 0.0082 0.0028 0.0010 1.0000 1.0000 1.0000 1.0000 0.4499 0.1539 0.0527 0.0180 0.0062 0.0021 0.0007 1.0000 1.0000
1.0000 0.0008 0.0020 0.0060 0.0176 0.0515 0.1504 0.4397 1.0000 1.0000 1.0000 1.0000 0.0009 0.0027 0.0080 0.0233 0.0682 0.1993 0.5827 1.0000 1.0000 1.0000 1.0000 0.0012 0.0036 0.0105 0.0304 0.0885 0.2567 0.7433 1.0000 1.0000 1.0000 1.0000 0.0015 0.0042 0.0121 0.0347 0.0994 0.2845 0.8143 1.0000 1.0000 1.0000 1.0000 0.0016 0.0044 0.0126 0.0363 0.1188 0.2543 0.1188 0.0363 0.0126 0.0044 0.0016 1.0000 1.0000 1.0000 1.0000 0.8143 0.2845 0.0994 0.0347 0.0121 0.0042 0.0015 1.0000 1.0000 1.0000 1.0000 0.7433 0.2567 0.0885 0.0304 0.0105 0.0036 0.0012 1.0000 1.0000 1.0000 1.0000 0.5827 0.1993 0.0682 0.0233 0.0080 0.0027 0.0009 1.0000 1.0000 1.0000 1.0000 0.4397 0.1504 0.0515 0.0176 0.0060 0.0020 0.0008 1.0000
0.0003 0.0022 0.0058 0.0172 0.0503 0.1470 0.4298 1.0000 1.0000 1.0000 1.0000 0.0009 0.0027 0.0078 0.0228 0.0667 0.1948 0.5695 1.0000 1.0000 1.0000 1.0000 0.0012 0.0035 0.0103 0.0300 0.0873 0.2543 0.7391 1.0000 1.0000 1.0000 1.0000 0.0015 0.0043 0.0123 0.0353 0.1013 0.2899 0.8300 1.0000 1.0000 1.0000 1.0000 0.0016 0.0045 0.0130 0.0370 0.1060 0.3474 0.7433 0.3474 0.1060 0.0370 0.0130 0.0045 0.0016 1.0000 1.0000 1.0000 1.0000 0.8300 0.2899 0.1013 0.0353 0.0123 0.0043 0.0015 1.0000 1.0000 1.0000 1.0000 0.7391 0.2543 0.0873 0.0300 0.0103 0.0035 0.0012 1.0000 1.0000 1.0000 1.0000 0.5695 0.1948 0.0667 0.0228 0.0078 0.0027 0.0009 1.0000 1.0000 1.0000 1.0000 0.4298 0.1470 0.0503 0.0172 0.0058 0.0022 0.0003
0.0009 0.0063 0.0166 0.0492 0.1435 0.4201 1.0000 1.0000 1.0000 1.0000 0.0009 0.0026 0.0076 0.0223 0.0650 0.1904 0.5556 1.0000 1.0000 1.0000 1.0000 0.0012 0.0035 0.0101 0.0294 0.0858 0.2504 0.7293 1.0000 1.0000 1.0000 1.0000 0.0015 0.0043 0.0124 0.0358 0.1028 0.2949 0.8459 1.0000 1.0000 1.0000 1.0000 0.0016 0.0046 0.0133 0.0379 0.1081 0.3099 1.0000 1.0000 1.0000 0.3099 0.1081 0.0379 0.0133 0.0046 0.0016 1.0000 1.0000 1.0000 1.0000 0.8459 0.2949 0.1028 0.0358 0.0124 0.0043 0.0015 1.0000 1.0000 1.0000 1.0000 0.7293 0.2504 0.0858 0.0294 0.0101 0.0035 0.0012 1.0000 1.0000 1.0000 1.0000 0.5567 0.1901 0.0650 0.0223 0.0076 0.0026 0.0009 1.0000 1.0000 1.0000 1.0000 0.4201 0.1435 0.0492 0.0166 0.0063 0.0009
0.0026 0.0180 0.0474 0.1408 0.4106 1.0000 1.0000 1.0000 1.0000 0.0009 0.0025 0.0075 0.0218 0.0637 0.1862 0.5441 1.0000 1.0000 1.0000 1.0000 0.0012 0.0034 0.0099 0.0289 0.0842 0.2457 0.7169 1.0000 1.0000 1.0000 1.0000 0.0015 0.0043 0.0125 0.0360 0.1038 0.2989 0.8589 1.0000 1.0000 1.0000 1.0000 0.0016 0.0047 0.0135 0.0387 0.1108 0.3152 0.9058 1.0000 1.0000 1.0000 0.9058 0.3152 0.1108 0.0387 0.0135 0.0047 0.0016 1.0000 1.0000 1.0000 1.0000 0.8589 0.2989 0.1038 0.0360 0.0125 0.0043 0.0015 1.0000 1.0000 1.0000 1.0000 0.7169 0.2457 0.0842 0.0289 0.0099 0.0034 0.0012 1.0000 1.0000 1.0000 1.0000 0.5441 0.1862 0.0637 0.0218 0.0075 0.0025 0.0009 1.0000 1.0000 1.0000 1.0000 0.4106 0.1408 0.0474 0.0180 0.0026
0.0075 0.0513 0.1360 0.4029 1.0000 1.0000 1.0000 1.0000 0.0009 0.0025 0.0073 0.0213 0.0624 0.1823 0.5329 1.0000 1.0000 1.0000 1.0000 0.0011 0.0033 0.0097 0.0283 0.0826 0.2411 0.7034 1.0000 1.0000 1.0000 1.0000 0.0015 0.0043 0.0124 0.0360 0.1042 0.3006 0.8671 1.0000 1.0000 1.0000 1.0000 0.0017 0.0048 0.0138 0.0394 0.1129 0.3231 0.9215 1.0000 1.0000 1.0000 1.0000 1.0000 0.9215 0.3231 0.1129 0.0394 0.0138 0.0048 0.0017 1.0000 1.0000 1.0000 1.0000 0.8671 0.3006 0.1042 0.0360 0.0124 0.0043 0.0015 1.0000 1.0000 1.0000 1.0000 0.7034 0.2411 0.0826 0.0283 0.0097 0.0033 0.0011 1.0000 1.0000 1.0000 1.0000 0.5329 0.1823 0.0624 0.0213 0.0073 0.0025 0.0009 1.0000 1.0000 1.0000 1.0000 0.4029 0.1360 0.0513 0.0075
0.0213 0.1470 0.3886 1.0000 1.0000 1.0000 1.0000 0.0008 0.0024 0.0071 0.0209 0.0611 0.1782 0.5218 1.0000 1.0000 1.0000 1.0000 0.0011 0.0032 0.0095 0.0277 0.0809 0.2361 0.6901 1.0000 1.0000 1.0000 1.0000 0.0015 0.0042 0.0123 0.0358 0.1038 0.3006 0.8704 1.0000 1.0000 1.0000 1.0000 0.0017 0.0049 0.0140 0.0402 0.1151 0.3293 0.9427 1.0000 1.0000 1.0000 1.0000 1.0000 1.0000 1.0000 0.9427 0.3293 0.1151 0.0402 0.0140 0.0049 0.0017 1.0000 1.0000 1.0000 1.0000 0.8704 0.3006 0.1038 0.0358 0.0123 0.0042 0.0015 1.0000 1.0000 1.0000 1.0000 0.6901 0.2361 0.0809 0.0277 0.0095 0.0032 0.0011 1.0000 1.0000 1.0000 1.0000 0.5218 0.1782 0.0611 0.0209 0.0071 0.0024 0.0008 1.0000 1.0000 1.0000 1.0000 0.3886 0.1470 0.0213
0.0611 0.4193 1.0000 1.0000 1.0000 1.0000 0.0008 0.0024 0.0070 0.0204 0.0597 0.1745 0.5101 1.0000 1.0000 1.0000 1.0000 0.0011 0.0032 0.0093 0.0271 0.0791 0.2312 0.6759 1.0000 1.0000 1.0000 1.0000 0.0014 0.0042 0.0121 0.0353 0.1028 0.2989 0.8671 1.0000 1.0000 1.0000 1.0000 0.0017 0.0050 0.0143 0.0410 0.1173 0.3357 0.9608 1.0000 1.0000 1.0000 0.0007 0.0016 0.0007 1.0000 1.0000 1.0000 0.9608 0.3357 0.1173 0.0410 0.0143 0.0050 0.0017 1.0000 1.0000 1.0000 1.0000 0.8671 0.2989 0.1028 0.0353 0.0121 0.0042 0.0014 1.0000 1.0000 1.0000 1.0000 0.6759 0.2312 0.0791 0.0271 0.0093 0.0032 0.0011 1.0000 1.0000 1.0000 1.0000 0.5101 0.1745 0.0597 0.0204 0.0070 0.0024 0.0008 1.0000 1.0000 1.0000 1.0000 0.4193 0.0611
0.1745 1.0000 1.0000 1.0000 1.0000 0.0008 0.0023 0.0068 0.0200 0.0585 0.1709 0.4995 1.0000 1.0000 1.0000 1.0000 0.0011 0.0031 0.0091 0.0265 0.0775 0.2264 0.6619 1.0000 1.0000 1.0000 1.0000 0.0014 0.0041 0.0119 0.0347 0.1013 0.2949 0.8589 1.0000 1.0000 1.0000 1.0000 0.0017 0.0050 0.0145 0.0416 0.1193 0.3421 0.9793 1.0000 1.0000 1.0000 0.0007 0.0021 0.0046 0.0021 0.0007 1.0000 1.0000 1.0000 0.9793 0.3421 0.1193 0.0416 0.0145 0.0050 0.0017 1.0000 1.0000 1.0000 1.0000 0.8589 0.2949 0.1013 0.0347 0.0119 0.0041 0.0014 1.0000 1.0000 1.0000 1.0000 0.6619 0.2264 0.0775 0.0265 0.0091 0.0031 0.0011 1.0000 1.0000 1.0000 1.0000 0.4995 0.1709 0.0585 0.0200 0.0068 0.0023 0.0008 1.0000 1.0000 1.0000 1.0000 0.1745
0.4985 1.0000 1.0000 1.0000 0.0008 0.0023 0.0067 0.0195 0.0571 0.1670 0.4882 1.0000 1.0000 1.0000 1.0000 0.0010 0.0030 0.0089 0.0259 0.0757 0.2213 0.6469 1.0000 1.0000 1.0000 1.0000 0.0014 0.0040 0.0117 0.0341 0.0994 0.2899 0.8459 1.0000 1.0000 1.0000 1.0000 0.0017 0.0050 0.0146 0.0420 0.1209 0.3474 0.9962 1.0000 1.0000 1.0000 0.0007 0.0019 0.0063 0.0134 0.0063 0.0019 0.0007 1.0000 1.0000 1.0000 0.9962 0.3474 0.1209 0.0420 0.0146 0.0050 0.0017 1.0000 1.0000 1.0000 1.0000 0.8459 0.2899 0.0994 0.0341 0.0117 0.0040 0.0014 1.0000 1.0000 1.0000 1.0000 0.6469 0.2213 0.0757 0.0259 0.0089 0.0030 0.0010 1.0000 1.0000 1.0000 1.0000 0.4882 0.1670 0.0571 0.0195 0.0067 0.0023 0.0008 1.0000 1.0000 1.0000 0.4985
1.0000 1.0000 1.0000 0.0008 0.0022 0.0065 0.0191 0.0559 0.1633 0.4772 1.0000 1.0000 1.0000 1.0000 0.0010 0.0030 0.0087 0.0253 0.0740 0.2163 0.6323 1.0000 1.0000 1.0000 1.0000 0.0013 0.0039 0.0115 0.0334 0.0975 0.2845 0.8300 1.0000 1.0000 1.0000 1.0000 0.0017 0.0050 0.0146 0.0422 0.1216 0.3507 1.0000 1.0000 1.0000 1.0000 0.0007 0.0019 0.0056 0.0183 0.0391 0.0183 0.0056 0.0019 0.0007 1.0000 1.0000 1.0000 1.0000 0.3507 0.1216 0.0422 0.0146 0.0050 0.0017 1.0000 1.0000 1.0000 1.0000 0.8300 0.2845 0.0975 0.0334 0.0115 0.0039 0.0013 1.0000 1.0000 1.0000 1.0000 0.6323 0.2163 0.0740 0.0253 0.0087 0.0030 0.0010 1.0000 1.0000 1.0000 1.0000 0.4772 0.1633 0.0559 0.0191 0.0065 0.0022 0.0008 1.0000 1.0000 1.0000
1.0000 1.0000 0.0007 0.0022 0.0064 0.0187 0.0546 0.1596 0.4664 1.0000 1.0000 1.0000 1.0000 0.0010 0.0029 0.0085 0.0247 0.0723 0.2114 0.6181 1.0000 1.0000 1.0000 1.0000 0.0013 0.0038 0.0112 0.0327 0.0957 0.2791 0.8143 1.0000 1.0000 1.0000 1.0000 0.0017 0.0050 0.0145 0.0420 0.1216 0.3520 1.0000 1.0000 1.0000 1.0000 0.0007 0.0020 0.0057 0.0163 0.0533 0.1140 0.0533 0.0163 0.0057 0.0020 0.0007 1.0000 1.0000 1.0000 1.0000 0.3520 0.1216 0.0420 0.0145 0.0050 0.0017 1.0000 1.0000 1.0000 1.0000 0.8143 0.2791 0.0957 0.0327 0.0112 0.0038 0.0013 1.0000 1.0000 1.0000 1.0000 0.6181 0.2114 0.0723 0.0247 0.0085 0.0029 0.0010 1.0000 1.0000 1.0000 1.0000 0.4664 0.1596 0.0546 0.0187 0.0064 0.0022 0.0007 1.0000 1.0000
1.0000 0.0008 0.0021 0.0063 0.0183 0.0534 0.1560 0.4559 1.0000 1.0000 1.0000 1.0000 0.0010 0.0028 0.0083 0.0242 0.0707 0.2067 0.6041 1.0000 1.0000 1.0000 1.0000 0.0013 0.0038 0.0110 0.0321 0.0937 0.2733 0.7990 1.0000 1.0000 1.0000 1.0000 0.0017 0.0049 0.0143 0.0416 0.1209 0.3507 1.0000 1.0000 1.0000 1.0000 0.0007 0.0020 0.0058 0.0165 0.0474 0.1554 0.3325 0.1554 0.0474 0.0165 0.0058 0.0020 0.0007 1.0000 1.0000 1.0000 1.0000 0.3507 0.1209 0.0416 0.0143 0.0049 0.0017 1.0000 1.0000 1.0000 1.0000 0.7990 0.2733 0.0937 0.0321 0.0110 0.0038 0.0013 1.0000 1.0000 1.0000 1.0000 0.6041 0.2067 0.0707 0.0242 0.0083 0.0028 0.0010 1.0000 1.0000 1.0000 1.0000 0.4559 0.1560 0.0534 0.0183 0.0063 0.0021 0.0008 1.0000
0.0003 0.0023 0.0060 0.0178 0.0522 0.1525 0.4456 1.0000 1.0000 1.0000 1.0000 0.0009 0.0028 0.0081 0.0236 0.0691 0.2020 0.5905 1.0000 1.0000 1.0000 1.0000 0.0013 0.0037 0.0107 0.0313 0.0916 0.2677 0.7824 1.0000 1.0000 1.0000 1.0000 0.0016 0.0048 0.0140 0.0410 0.1193 0.3474 1.0000 1.0000 1.0000 1.0000 0.0007 0.0020 0.0059 0.0168 0.0481 0.1384 0.4533 0.9700 0.4533 0.1384 0.0481 0.0168 0.0059 0.0020 0.0007 1.0000 1.0000 1.0000 1.0000 0.3474 0.1193 0.0410 0.0140 0.0048 0.0016 1.0000 1.0000 1.0000 1.0000 0.7824 0.2677 0.0916 0.0313 0.0107 0.0037 0.0013 1.0000 1.0000 1.0000 1.0000 0.5905 0.2020 0.0691 0.0236 0.0081 0.0028 0.0009 1.0000 1.0000 1.0000 1.0000 0.4456 0.1525 0.0522 0.0179 0.0060 0.0023 0.0003
0.0009 0.0065 0.0172 0.0510 0.1487 0.4356 1.0000 1.0000 1.0000 1.0000 0.0009 0.0027 0.0079 0.0231 0.0674 0.1975 0.5761 1.0000 1.0000 1.0000 1.0000 0.0012 0.0036 0.0105 0.0306 0.0895 0.2611 0.7648 1.0000 1.0000 1.0000 1.0000 0.0016 0.0047 0.0138 0.0402 0.1173 0.3421 0.9962 1.0000 1.0000 1.0000 0.0007 0.0020 0.0059 0.0170 0.0489 0.1402 0.4029 1.0000 1.0000 1.0000 0.4029 0.1402 0.0489 0.0170 0.0059 0.0020 0.0007 1.0000 1.0000 1.0000 0.9962 0.3421 0.1173 0.0402 0.0138 0.0047 0.0016 1.0000 1.0000 1.0000 1.0000 0.7648 0.2616 0.0895 0.0306 0.0105 0.0036 0.0012 1.0000 1.0000 1.0000 1.0000 0.5772 0.1975 0.0676 0.0231 0.0079 0.0027 0.0009 1.0000 1.0000 1.0000 1.0000 0.4356 0.1490 0.0510 0.0172 0.0065 0.0009
0.0027 0.0186 0.0492 0.1459 0.4257 1.0000 1.0000 1.0000 1.0000 0.0009 0.0026 0.0077 0.0226 0.0660 0.1930 0.5641 1.0000 1.0000 1.0000 1.0000 0.0012 0.0035 0.0102 0.0299 0.0875 0.2557 0.7475 1.0000 1.0000 1.0000 1.0000 0.0016 0.0046 0.0135 0.0394 0.1151 0.3357 0.9793 1.0000 1.0000 1.0000 0.0007 0.0020 0.0059 0.0170 0.0492 0.1418 0.4068 1.0000 1.0000 1.0000 1.0000 1.0000 0.4068 0.1418 0.0492 0.0170 0.0059 0.0020 0.0007 1.0000 1.0000 1.0000 0.9793 0.3357 0.1151 0.0394 0.0135 0.0046 0.0016 1.0000 1.0000 1.0000 1.0000 0.7461 0.2557 0.0873 0.0299 0.0102 0.0035 0.0012 1.0000 1.0000 1.0000 1.0000 0.5641 0.1926 0.0660 0.0225 0.0077 0.0026 0.0009 1.0000 1.0000 1.0000 1.0000 0.4249 0.1457 0.0493 0.0186 0.0027
0.0077 0.0532 0.1410 0.4177 1.0000 1.0000 1.0000 1.0000 0.0009 0.0026 0.0076 0.0221 0.0647 0.1890 0.5525 1.0000 1.0000 1.0000 1.0000 0.0012 0.0034 0.0100 0.0293 0.0857 0.2504 0.7321 1.0000 1.0000 1.0000 1.0000 0.0016 0.0045 0.0133 0.0387 0.1129 0.3293 0.9608 1.0000 1.0000 1.0000 0.0007 0.0020 0.0059 0.0170 0.0492 0.1424 0.4106 1.0000 1.0000 1.0000 1.0000 1.0000 1.0000 1.0000 0.4106 0.1424 0.0492 0.0170 0.0059 0.0020 0.0007 1.0000 1.0000 1.0000 0.9608 0.3293 0.1129 0.0387 0.0133 0.0045 0.0016 1.0000 1.0000 1.0000 1.0000 0.7307 0.2500 0.0855 0.0293 0.0100 0.0034 0.0012 1.0000 1.0000 1.0000 1.0000 0.5514 0.1886 0.0645 0.0221 0.0076 0.0026 0.0009 1.0000 1.0000 1.0000 1.0000 0.4169 0.1405 0.0533 0.0077
0.0221 0.1522 0.4029 1.0000 1.0000 1.0000 1.0000 0.0009 0.0025 0.0074 0.0217 0.0633 0.1851 0.5410 1.0000 1.0000 1.0000 1.0000 0.0011 0.0034 0.0098 0.0287 0.0839 0.2453 0.7169 1.0000 1.0000 1.0000 1.0000 0.0015 0.0045 0.0130 0.0380 0.1108 0.3231 0.9427 1.0000 1.0000 1.0000 0.0007 0.0020 0.0058 0.0168 0.0489 0.1418 0.4106 1.0000 1.0000 1.0000 1.0000 1.0000 1.0000 1.0000 1.0000 1.0000 0.4106 0.1418 0.0489 0.0168 0.0058 0.0020 0.0007 1.0000 1.0000 1.0000 0.9427 0.3231 0.1108 0.0379 0.0130 0.0044 0.0015 1.0000 1.0000 1.0000 1.0000 0.7155 0.2448 0.0837 0.0287 0.0098 0.0034 0.0011 1.0000 1.0000 1.0000 1.0000 0.5400 0.1847 0.0632 0.0216 0.0074 0.0025 0.0009 1.0000 1.0000 1.0000 1.0000 0.4029 0.1519 0.0221
0.0631 0.4339 1.0000 1.0000 1.0000 1.0000 0.0008 0.0025 0.0072 0.0212 0.0619 0.1809 0.5288 1.0000 1.0000 1.0000 1.0000 0.0011 0.0033 0.0096 0.0281 0.0820 0.2397 0.7007 1.0000 1.0000 1.0000 1.0000 0.0015 0.0044 0.0127 0.0372 0.1085 0.3171 0.9250 1.0000 1.0000 1.0000 0.0007 0.0019 0.0057 0.0166 0.0482 0.1405 0.4083 1.0000 1.0000 1.0000 1.0000 0.0009 0.0020 0.0009 1.0000 1.0000 1.0000 1.0000 0.4068 0.1402 0.0481 0.0165 0.0057 0.0019 0.0007 1.0000 1.0000 1.0000 0.9215 0.3152 0.1081 0.0370 0.0126 0.0043 0.0015 1.0000 1.0000 1.0000 1.0000 0.6967 0.2384 0.0815 0.0279 0.0095 0.0033 0.0011 1.0000 1.0000 1.0000 1.0000 0.5258 0.1799 0.0615 0.0211 0.0072 0.0025 0.0008 1.0000 1.0000 1.0000 1.0000 0.4323 0.0628
0.1802 1.0000 1.0000 1.0000 1.0000 0.0008 0.0024 0.0071 0.0207 0.0605 0.1765 0.5169 1.0000 1.0000 1.0000 1.0000 0.0011 0.0032 0.0094 0.0274 0.0800 0.2343 0.6836 1.0000 1.0000 1.0000 1.0000 0.0015 0.0042 0.0124 0.0363 0.1060 0.3105 0.9058 1.0000 1.0000 1.0000 0.0007 0.0019 0.0056 0.0163 0.0474 0.1384 0.4029 1.0000 1.0000 1.0000 1.0000 0.0008 0.0027 0.0060 0.0028 0.0009 1.0000 1.0000 1.0000 1.0000 0.4029 0.1384 0.0474 0.0163 0.0056 0.0019 0.0007 1.0000 1.0000 1.0000 0.9058 0.3099 0.1060 0.0363 0.0124 0.0042 0.0015 1.0000 1.0000 1.0000 1.0000 0.6836 0.2339 0.0800 0.0274 0.0094 0.0032 0.0011 1.0000 1.0000 1.0000 1.0000 0.5159 0.1765 0.0604 0.0207 0.0071 0.0024 0.0008 1.0000 1.0000 1.0000 1.0000 0.1816
0.5169 1.0000 1.0000 1.0000 0.0008 0.0024 0.0069 0.0202 0.0591 0.1728 0.5052 1.0000 1.0000 1.0000 1.0000 0.0011 0.0031 0.0092 0.0268 0.0784 0.2290 0.6695 1.0000 1.0000 1.0000 1.0000 0.0014 0.0042 0.0122 0.0355 0.1038 0.3035 0.8871 1.0000 1.0000 1.0000 1.0000 0.0019 0.0055 0.0159 0.0465 0.1358 0.3961 1.0000 1.0000 1.0000 1.0000 0.0008 0.0024 0.0080 0.0174 0.0083 0.0030 0.0011 1.0000 1.0000 1.0000 1.0000 0.4533 0.1554 0.0533 0.0183 0.0063 0.0021 0.0007 1.0000 1.0000 1.0000 1.0000 0.3474 0.1188 0.0407 0.0139 0.0048 0.0016 1.0000 1.0000 1.0000 1.0000 0.7662 0.2621 0.0897 0.0307 0.0105 0.0036 0.0012 1.0000 1.0000 1.0000 1.0000 0.5783 0.1978 0.0677 0.0232 0.0079 0.0027 0.0009 1.0000 1.0000 1.0000 0.6064
1.0000 1.0000 1.0000 0.0008 0.0023 0.0068 0.0198 0.0579 0.1693 0.4948 1.0000 1.0000 1.0000 1.0000 0.0011 0.0031 0.0090 0.0263 0.0767 0.2243 0.6556 1.0000 1.0000 1.0000 1.0000 0.0014 0.0041 0.0119 0.0348 0.1017 0.2972 0.8687 1.0000 1.0000 1.0000 1.0000 0.0018 0.0054 0.0156 0.0457 0.1332 0.3886 1.0000 1.0000 1.0000 1.0000 0.0008 0.0024 0.0069 0.0244 0.0367 0.0067 0.0008 0.0021 1.0000 1.0000 1.0000 1.0000 0.9700 0.3331 0.1137 0.0390 0.0134 0.0046 0.0016 1.0000 1.0000 1.0000 1.0000 0.7433 0.2543 0.0870 0.0298 0.0102 0.0035 0.0012 1.0000 1.0000 1.0000 1.0000 0.5609 0.1919 0.0657 0.0225 0.0077 0.0026 0.0009 1.0000 1.0000 1.0000 1.0000 0.4233 0.1448 0.0495 0.0170 0.0058 0.0020 1.0000 1.0000 1.0000 1.0000
1.0000 1.0000 0.0008 0.0023 0.0066 0.0194 0.0567 0.1658 0.4845 1.0000 1.0000 1.0000 1.0000 0.0010 0.0030 0.0088 0.0257 0.0751 0.2196 0.6420 1.0000 1.0000 1.0000 1.0000 0.0014 0.0040 0.0117 0.0341 0.0996 0.2910 0.8507 1.0000 1.0000 1.0000 1.0000 0.0018 0.0053 0.0154 0.0448 0.1307 0.3813 1.0000 1.0000 1.0000 1.0000 0.0008 0.0023 0.0068 0.0199 0.0628 0.1454 0.0828 1.0000 1.0000 1.0000 1.0000 1.0000 1.0000 0.4542 0.1554 0.0532 0.0183 0.0063 0.0021 0.0007 1.0000 1.0000 1.0000 1.0000 0.3474 0.1188 0.0407 0.0139 0.0048 0.0016 1.0000 1.0000 1.0000 1.0000 0.7662 0.2621 0.0897 0.0307 0.0105 0.0036 0.0012 1.0000 1.0000 1.0000 1.0000 0.5783 0.1978 0.0677 0.0232 0.0079 0.0027 0.0009 1.0000 1.0000 1.0000 0.6064
1.0000 0.0008 0.0022 0.0065 0.0189 0.0554 0.1617 0.4736 1.0000 1.0000 1.0000 1.0000 0.0010 0.0029 0.0086 0.0251 0.0733 0.2147 0.6264 1.0000 1.0000 1.0000 1.0000 0.0013 0.0039 0.0114 0.0332 0.0973 0.2839 0.8315 1.0000 1.0000 1.0000 1.0000 0.0018 0.0052 0.0151 0.0440 0.1282 0.3741 1.0000 1.0000 1.0000 1.0000 0.0008 0.0023 0.0067 0.0195 0.0569 0.1755 0.4490 0.5062 1.0000 1.0000 1.0000 1.0000 1.0000 0.4037 0.1384 0.0473 0.0163 0.0056 0.0019 0.0007 1.0000 1.0000 1.0000 0.9058 0.3099 0.1060 0.0363 0.0124 0.0042 0.0015 1.0000 1.0000 1.0000 1.0000 0.6836 0.2339 0.0800 0.0274 0.0094 0.0032 0.0011 1.0000 1.0000 1.0000 1.0000 0.5159 0.1765 0.0604 0.0207 0.0071 0.0024 0.0008 1.0000 1.0000 1.0000 1.0000 0.1816
0.0003 0.0023 0.0062 0.0184 0.0538 0.1572 0.4594 1.0000 1.0000 1.0000 1.0000 0.0010 0.0029 0.0083 0.0244 0.0712 0.2083 0.6087 1.0000 1.0000 1.0000 1.0000 0.0013 0.0038 0.0110 0.0323 0.0944 0.2760 0.8066 1.0000 1.0000 1.0000 1.0000 0.0017 0.0050 0.0146 0.0428 0.1249 0.3643 1.0000 1.0000 1.0000 1.0000 0.0008 0.0022 0.0065 0.0190 0.0554 0.1623 0.4882 1.0000 1.0000 1.0000 1.0000 1.0000 1.0000 0.4083 0.1402 0.0481 0.0165 0.0057 0.0019 0.0007 1.0000 1.0000 1.0000 0.9215 0.3152 0.1081 0.0370 0.0126 0.0043 0.0015 1.0000 1.0000 1.0000 1.0000 0.6967 0.2384 0.0815 0.0279 0.0095 0.0033 0.0011 1.0000 1.0000 1.0000 1.0000 0.5258 0.1799 0.0615 0.0211 0.0072 0.0025 0.0008 1.0000 1.0000 1.0000 1.0000 0.4323 0.0628
0.0010 0.0069 0.0182 0.0538 0.1569 0.4585 1.0000 1.0000 1.0000 1.0000 0.0010 0.0028 0.0083 0.0243 0.0711 0.2079 0.6076 1.0000 1.0000 1.0000 1.0000 0.0013 0.0038 0.0110 0.0322 0.0942 0.2754 0.8051 1.0000 1.0000 1.0000 1.0000 0.0017 0.0050 0.0146 0.0428 0.1251 0.3643 1.0000 1.0000 1.0000 1.0000 0.0008 0.0022 0.0065 0.0191 0.0556 0.1626 0.4754 1.0000 1.0000 1.0000 1.0000 1.0000 1.0000 0.4130 0.1421 0.0489 0.0168 0.0058 0.0020 0.0007 1.0000 1.0000 1.0000 0.9427 0.3231 0.1108 0.0379 0.0130 0.0044 0.0015 1.0000 1.0000 1.0000 1.0000 0.7155 0.2448 0.0837 0.0287 0.0098 0.0034 0.0011 1.0000 1.0000 1.0000 1.0000 0.5400 0.1847 0.0632 0.0216 0.0074 0.0025 0.0009 1.0000 1.0000 1.0000 1.0000 0.4029 0.1519 0.0221
0.0036 0.0246 0.0644 0.1908 0.5567 1.0000 1.0000 1.0000 1.0000 0.0012 0.0035 0.0101 0.0295 0.0863 0.2524 0.7376 1.0000 1.0000 1.0000 1.0000 0.0016 0.0046 0.0134 0.0391 0.1144 0.3344 0.9774 1.0000 1.0000 1.0000 1.0000 0.0021 0.0061 0.0177 0.0518 0.1516 0.4423 1.0000 1.0000 1.0000 1.0000 0.0009 0.0027 0.0079 0.0231 0.0674 0.1963 0.5717 1.0000 1.0000 1.0000 1.0000 1.0000 1.0000 0.4130 0.1426 0.0492 0.0170 0.0059 0.0020 0.0007 1.0000 1.0000 1.0000 0.9608 0.3293 0.1129 0.0387 0.0133 0.0045 0.0016 1.0000 1.0000 1.0000 1.0000 0.7307 0.2500 0.0855 0.0293 0.0100 0.0034 0.0012 1.0000 1.0000 1.0000 1.0000 0.5514 0.1886 0.0645 0.0221 0.0076 0.0026 0.0009 1.0000 1.0000 1.0000 1.0000 0.4169 0.1405 0.0533 0.0077
