0.2933 1.0000 1.0000 1.0000 0.0005 0.0014 0.0039 0.0113 0.0323 0.0925 0.2641 0.7561 1.0000 1.0000 1.0000 0.0005 0.0014 0.0041 0.0117 0.0335 0.0959 0.2739 0.7824 1.0000 1.0000 1.0000 0.0005 0.0015 0.0042 0.0121 0.0346 0.0990 0.2823 0.8082 1.0000 1.0000 1.0000 0.0005 0.0015 0.0044 0.0126 0.0359 0.1025 0.2922 0.8347 1.0000 1.0000 1.0000 0.0006 0.0019 0.0043 0.0019 0.0006 1.0000 1.0000 1.0000 0.8347 0.2922 0.1025 0.0359 0.0126 0.0044 0.0015 0.0005 1.0000 1.0000 1.0000 0.8082 0.2823 0.0990 0.0346 0.0121 0.0042 0.0015 0.0005 1.0000 1.0000 1.0000 0.7824 0.2739 0.0959 0.0335 0.0117 0.0041 0.0014 0.0005 1.0000 1.0000 1.0000 0.7561 0.2641 0.0925 0.0323 0.0113 0.0039 0.0014 0.0005 1.0000 1.0000 1.0000 0.2933
1.0000 1.0000 1.0000 0.0012 0.0033 0.0095 0.0272 0.0779 0.2222 0.6372 1.0000 1.0000 1.0000 1.0000 0.0012 0.0035 0.0099 0.0283 0.0808 0.2308 0.6594 1.0000 1.0000 1.0000 1.0000 0.0012 0.0036 0.0102 0.0291 0.0833 0.2384 0.6797 1.0000 1.0000 1.0000 1.0000 0.0013 0.0037 0.0106 0.0302 0.0863 0.2467 0.7047 1.0000 1.0000 1.0000 1.0000 0.0013 0.0038 0.0127 0.0277 0.0127 0.0038 0.0013 1.0000 1.0000 1.0000 1.0000 0.7047 0.2467 0.0863 0.0302 0.0106 0.0037 0.0013 1.0000 1.0000 1.0000 1.0000 0.6797 0.2384 0.0833 0.0291 0.0102 0.0036 0.0012 1.0000 1.0000 1.0000 1.0000 0.6594 0.2308 0.0808 0.0283 0.0099 0.0035 0.0012 1.0000 1.0000 1.0000 1.0000 0.6372 0.2222 0.0779 0.0272 0.0095 0.0033 0.0012 1.0000 1.0000 1.0000
1.0000 1.0000 0.0011 0.0031 0.0088 0.0251 0.0721 0.2055 0.5894 1.0000 1.0000 1.0000 1.0000 0.0011 0.0032 0.0092 0.0262 0.0749 0.2139 0.6111 1.0000 1.0000 1.0000 1.0000 0.0012 0.0033 0.0095 0.0270 0.0772 0.2205 0.6299 1.0000 1.0000 1.0000 1.0000 0.0012 0.0034 0.0098 0.0280 0.0800 0.2286 0.6531 1.0000 1.0000 1.0000 1.0000 0.0012 0.0035 0.0101 0.0334 0.0721 0.0334 0.0101 0.0035 0.0012 1.0000 1.0000 1.0000 1.0000 0.6531 0.2286 0.0800 0.0280 0.0098 0.0034 0.0012 1.0000 1.0000 1.0000 1.0000 0.6299 0.2205 0.0772 0.0270 0.0095 0.0033 0.0012 1.0000 1.0000 1.0000 1.0000 0.6111 0.2139 0.0749 0.0262 0.0092 0.0032 0.0011 1.0000 1.0000 1.0000 1.0000 0.5894 0.2055 0.0721 0.0251 0.0088 0.0031 0.0011 1.0000 1.0000
1.0000 0.0012 0.0031 0.0089 0.0257 0.0740 0.2123 0.6076 1.0000 1.0000 1.0000 1.0000 0.0012 0.0033 0.0095 0.0271 0.0776 0.2222 0.6347 1.0000 1.0000 1.0000 1.0000 0.0012 0.0034 0.0098 0.0281 0.0802 0.2290 0.6544 1.0000 1.0000 1.0000 1.0000 0.0012 0.0036 0.0102 0.0291 0.0831 0.2375 0.6784 1.0000 1.0000 1.0000 1.0000 0.0013 0.0037 0.0105 0.0300 0.0986 0.2119 0.0986 0.0300 0.0105 0.0037 0.0013 1.0000 1.0000 1.0000 1.0000 0.6784 0.2375 0.0831 0.0291 0.0102 0.0036 0.0012 1.0000 1.0000 1.0000 1.0000 0.6544 0.2290 0.0802 0.0281 0.0098 0.0034 0.0012 1.0000 1.0000 1.0000 1.0000 0.6347 0.2222 0.0776 0.0271 0.0095 0.0033 0.0012 1.0000 1.0000 1.0000 1.0000 0.6076 0.2123 0.0740 0.0257 0.0089 0.0031 0.0012 1.0000
0.0005 0.0033 0.0088 0.0257 0.0743 0.2143 0.6157 1.0000 1.0000 1.0000 1.0000 0.0012 0.0034 0.0097 0.0277 0.0791 0.2264 0.6482 1.0000 1.0000 1.0000 1.0000 0.0012 0.0035 0.0100 0.0287 0.0819 0.2339 0.6682 1.0000 1.0000 1.0000 1.0000 0.0013 0.0036 0.0104 0.0296 0.0849 0.2425 0.6928 1.0000 1.0000 1.0000 1.0000 0.0013 0.0038 0.0107 0.0306 0.0877 0.2872 0.6157 0.2872 0.0877 0.0306 0.0107 0.0038 0.0013 1.0000 1.0000 1.0000 1.0000 0.6928 0.2425 0.0849 0.0296 0.0104 0.0036 0.0013 1.0000 1.0000 1.0000 1.0000 0.6682 0.2339 0.0819 0.0287 0.0100 0.0035 0.0012 1.0000 1.0000 1.0000 1.0000 0.6482 0.2264 0.0791 0.0277 0.0097 0.0034 0.0012 1.0000 1.0000 1.0000 1.0000 0.6157 0.2143 0.0743 0.0257 0.0088 0.0033 0.0005
0.0014 0.0095 0.0251 0.0740 0.2143 0.6192 1.0000 1.0000 1.0000 1.0000 0.0012 0.0035 0.0099 0.0283 0.0809 0.2317 0.6619 1.0000 1.0000 1.0000 1.0000 0.0013 0.0036 0.0103 0.0293 0.0837 0.2393 0.6836 1.0000 1.0000 1.0000 1.0000 0.0013 0.0037 0.0106 0.0303 0.0867 0.2481 0.7088 1.0000 1.0000 1.0000 1.0000 0.0013 0.0038 0.0110 0.0314 0.0893 0.2562 0.8395 1.0000 0.8395 0.2562 0.0893 0.0314 0.0110 0.0038 0.0013 1.0000 1.0000 1.0000 1.0000 0.7088 0.2481 0.0867 0.0303 0.0106 0.0037 0.0013 1.0000 1.0000 1.0000 1.0000 0.6836 0.2393 0.0837 0.0293 0.0103 0.0036 0.0013 1.0000 1.0000 1.0000 1.0000 0.6619 0.2317 0.0809 0.0283 0.0099 0.0035 0.0012 1.0000 1.0000 1.0000 1.0000 0.6192 0.2143 0.0740 0.0251 0.0095 0.0014
0.0039 0.0272 0.0721 0.2123 0.6157 1.0000 1.0000 1.0000 1.0000 0.0012 0.0035 0.0101 0.0289 0.0826 0.2366 0.6759 1.0000 1.0000 1.0000 1.0000 0.0013 0.0037 0.0105 0.0300 0.0857 0.2448 0.6994 1.0000 1.0000 1.0000 1.0000 0.0013 0.0038 0.0108 0.0310 0.0885 0.2533 0.7251 1.0000 1.0000 1.0000 1.0000 0.0014 0.0039 0.0112 0.0321 0.0918 0.2611 0.7490 1.0000 1.0000 1.0000 0.7490 0.2611 0.0918 0.0321 0.0112 0.0039 0.0014 1.0000 1.0000 1.0000 1.0000 0.7251 0.2533 0.0885 0.0310 0.0108 0.0038 0.0013 1.0000 1.0000 1.0000 1.0000 0.6994 0.2448 0.0857 0.0300 0.0105 0.0037 0.0013 1.0000 1.0000 1.0000 1.0000 0.6759 0.2366 0.0826 0.0289 0.0101 0.0035 0.0012 1.0000 1.0000 1.0000 1.0000 0.6157 0.2123 0.0721 0.0272 0.0039
0.0113 0.0779 0.2055 0.6076 1.0000 1.0000 1.0000 1.0000 0.0012 0.0036 0.0102 0.0293 0.0841 0.2411 0.6901 1.0000 1.0000 1.0000 1.0000 0.0013 0.0038 0.0107 0.0307 0.0877 0.2504 0.7155 1.0000 1.0000 1.0000 1.0000 0.0014 0.0039 0.0111 0.0316 0.0905 0.2592 0.7405 1.0000 1.0000 1.0000 1.0000 0.0014 0.0040 0.0115 0.0328 0.0937 0.2682 0.7633 1.0000 1.0000 1.0000 1.0000 1.0000 0.7633 0.2682 0.0937 0.0328 0.0115 0.0040 0.0014 1.0000 1.0000 1.0000 1.0000 0.7405 0.2592 0.0905 0.0316 0.0111 0.0039 0.0014 1.0000 1.0000 1.0000 1.0000 0.7155 0.2504 0.0877 0.0307 0.0107 0.0038 0.0013 1.0000 1.0000 1.0000 1.0000 0.6901 0.2411 0.0841 0.0293 0.0102 0.0036 0.0012 1.0000 1.0000 1.0000 1.0000 0.6076 0.2055 0.0779 0.0113
0.0323 0.2222 0.5894 1.0000 1.0000 1.0000 1.0000 0.0012 0.0036 0.0103 0.0296 0.0852 0.2448 0.7021 1.0000 1.0000 1.0000 1.0000 0.0013 0.0038 0.0110 0.0314 0.0897 0.2562 0.7321 1.0000 1.0000 1.0000 1.0000 0.0014 0.0040 0.0113 0.0323 0.0925 0.2646 0.7561 1.0000 1.0000 1.0000 1.0000 0.0014 0.0041 0.0117 0.0335 0.0957 0.2739 0.7839 1.0000 1.0000 1.0000 1.0000 1.0000 1.0000 1.0000 0.7839 0.2739 0.0957 0.0335 0.0117 0.0041 0.0014 1.0000 1.0000 1.0000 1.0000 0.7561 0.2646 0.0925 0.0323 0.0113 0.0040 0.0014 1.0000 1.0000 1.0000 1.0000 0.7321 0.2562 0.0897 0.0314 0.0110 0.0038 0.0013 1.0000 1.0000 1.0000 1.0000 0.7021 0.2448 0.0852 0.0296 0.0103 0.0036 0.0012 1.0000 1.0000 1.0000 1.0000 0.5894 0.2222 0.0323
0.0925 0.6372 1.0000 1.0000 1.0000 1.0000 0.0012 0.0036 0.0103 0.0298 0.0858 0.2471 0.7115 1.0000 1.0000 1.0000 1.0000 0.0014 0.0039 0.0112 0.0321 0.0918 0.2621 0.7490 1.0000 1.0000 1.0000 1.0000 0.0014 0.0041 0.0116 0.0331 0.0946 0.2702 0.7736 1.0000 1.0000 1.0000 1.0000 0.0015 0.0042 0.0120 0.0343 0.0981 0.2802 0.8005 1.0000 1.0000 1.0000 1.0000 0.0013 1.0000 1.0000 1.0000 1.0000 0.8005 0.2802 0.0981 0.0343 0.0120 0.0042 0.0015 1.0000 1.0000 1.0000 1.0000 0.7736 0.2702 0.0946 0.0331 0.0116 0.0041 0.0014 1.0000 1.0000 1.0000 1.0000 0.7490 0.2621 0.0918 0.0321 0.0112 0.0039 0.0014 1.0000 1.0000 1.0000 1.0000 0.7115 0.2471 0.0858 0.0298 0.0103 0.0036 0.0012 1.0000 1.0000 1.0000 1.0000 0.6372 0.0925
0.2641 1.0000 1.0000 1.0000 1.0000 0.0012 0.0035 0.0102 0.0296 0.0858 0.2481 0.7155 1.0000 1.0000 1.0000 1.0000 0.0014 0.0040 0.0115 0.0328 0.0937 0.2682 0.7662 1.0000 1.0000 1.0000 1.0000 0.0015 0.0041 0.0119 0.0339 0.0968 0.2760 0.7899 1.0000 1.0000 1.0000 1.0000 0.0015 0.0043 0.0123 0.0351 0.1003 0.2867 0.8174 1.0000 1.0000 1.0000 1.0000 0.0018 0.0038 0.0018 1.0000 1.0000 1.0000 1.0000 0.8174 0.2867 0.1003 0.0351 0.0123 0.0043 0.0015 1.0000 1.0000 1.0000 1.0000 0.7899 0.2760 0.0968 0.0339 0.0119 0.0041 0.0015 1.0000 1.0000 1.0000 1.0000 0.7662 0.2682 0.0937 0.0328 0.0115 0.0040 0.0014 1.0000 1.0000 1.0000 1.0000 0.7155 0.2481 0.0858 0.0296 0.0102 0.0035 0.0012 1.0000 1.0000 1.0000 1.0000 0.2641
0.7561 1.0000 1.0000 1.0000 0.0012 0.0035 0.0101 0.0293 0.0852 0.2471 0.7155 1.0000 1.0000 1.0000 1.0000 0.0014 0.0041 0.0117 0.0334 0.0957 0.2739 0.7824 1.0000 1.0000 1.0000 1.0000 0.0015 0.0042 0.0121 0.0347 0.0990 0.2829 0.8082 1.0000 1.0000 1.0000 1.0000 0.0015 0.0044 0.0126 0.0359 0.1026 0.2933 0.8379 1.0000 1.0000 1.0000 1.0000 0.0016 0.0052 0.0112 0.0052 0.0016 1.0000 1.0000 1.0000 1.0000 0.8379 0.2933 0.1026 0.0359 0.0126 0.0044 0.0015 1.0000 1.0000 1.0000 1.0000 0.8082 0.2829 0.0990 0.0347 0.0121 0.0042 0.0015 1.0000 1.0000 1.0000 1.0000 0.7824 0.2739 0.0957 0.0334 0.0117 0.0041 0.0014 1.0000 1.0000 1.0000 1.0000 0.7155 0.2471 0.0852 0.0293 0.0101 0.0035 0.0012 1.0000 1.0000 1.0000 0.7561
1.0000 1.0000 1.0000 0.0012 0.0034 0.0099 0.0289 0.0841 0.2448 0.7115 1.0000 1.0000 1.0000 1.0000 0.0014 0.0041 0.0119 0.0340 0.0975 0.2791 0.7990 1.0000 1.0000 1.0000 1.0000 0.0015 0.0043 0.0124 0.0355 0.1013 0.2894 0.8268 1.0000 1.0000 1.0000 1.0000 0.0016 0.0045 0.0129 0.0368 0.1050 0.3000 0.8572 1.0000 1.0000 1.0000 1.0000 0.0016 0.0047 0.0152 0.0326 0.0152 0.0047 0.0016 1.0000 1.0000 1.0000 1.0000 0.8572 0.3000 0.1050 0.0368 0.0129 0.0045 0.0016 1.0000 1.0000 1.0000 1.0000 0.8268 0.2894 0.1013 0.0355 0.0124 0.0043 0.0015 1.0000 1.0000 1.0000 1.0000 0.7990 0.2791 0.0975 0.0340 0.0119 0.0041 0.0014 1.0000 1.0000 1.0000 1.0000 0.7115 0.2448 0.0841 0.0289 0.0099 0.0034 0.0012 1.0000 1.0000 1.0000
1.0000 1.0000 0.0011 0.0033 0.0097 0.0283 0.0826 0.2411 0.7021 1.0000 1.0000 1.0000 1.0000 0.0014 0.0041 0.0120 0.0345 0.0990 0.2839 0.8143 1.0000 1.0000 1.0000 1.0000 0.0016 0.0044 0.0127 0.0363 0.1036 0.2961 0.8459 1.0000 1.0000 1.0000 1.0000 0.0016 0.0046 0.0132 0.0376 0.1074 0.3070 0.8770 1.0000 1.0000 1.0000 1.0000 0.0017 0.0047 0.0136 0.0445 0.0953 0.0445 0.0136 0.0047 0.0017 1.0000 1.0000 1.0000 1.0000 0.8770 0.3070 0.1074 0.0376 0.0132 0.0046 0.0016 1.0000 1.0000 1.0000 1.0000 0.8459 0.2961 0.1036 0.0363 0.0127 0.0044 0.0016 1.0000 1.0000 1.0000 1.0000 0.8143 0.2839 0.0990 0.0345 0.0120 0.0041 0.0014 1.0000 1.0000 1.0000 1.0000 0.7021 0.2411 0.0826 0.0283 0.0097 0.0033 0.0011 1.0000 1.0000
1.0000 0.0012 0.0032 0.0095 0.0277 0.0809 0.2366 0.6901 1.0000 1.0000 1.0000 1.0000 0.0014 0.0041 0.0120 0.0347 0.0999 0.2877 0.8268 1.0000 1.0000 1.0000 1.0000 0.0016 0.0045 0.0130 0.0371 0.1060 0.3029 0.8654 1.0000 1.0000 1.0000 1.0000 0.0016 0.0047 0.0134 0.0385 0.1099 0.3141 0.8973 1.0000 1.0000 1.0000 1.0000 0.0017 0.0049 0.0139 0.0397 0.1302 0.2786 0.1302 0.0397 0.0139 0.0049 0.0017 1.0000 1.0000 1.0000 1.0000 0.8973 0.3141 0.1099 0.0385 0.0134 0.0047 0.0016 1.0000 1.0000 1.0000 1.0000 0.8654 0.3029 0.1060 0.0371 0.0130 0.0045 0.0016 1.0000 1.0000 1.0000 1.0000 0.8268 0.2877 0.0999 0.0347 0.0120 0.0041 0.0014 1.0000 1.0000 1.0000 1.0000 0.6901 0.2366 0.0809 0.0277 0.0095 0.0032 0.0012 1.0000
0.0005 0.0035 0.0092 0.0271 0.0791 0.2317 0.6759 1.0000 1.0000 1.0000 1.0000 0.0014 0.0041 0.0120 0.0347 0.1003 0.2894 0.8347 1.0000 1.0000 1.0000 1.0000 0.0016 0.0046 0.0133 0.0379 0.1085 0.3099 0.8854 1.0000 1.0000 1.0000 1.0000 0.0017 0.0048 0.0138 0.0393 0.1125 0.3213 0.9180 1.0000 1.0000 1.0000 1.0000 0.0017 0.0050 0.0142 0.0405 0.1162 0.3806 0.8143 0.3806 0.1162 0.0405 0.0142 0.0050 0.0017 1.0000 1.0000 1.0000 1.0000 0.9180 0.3213 0.1125 0.0393 0.0138 0.0048 0.0017 1.0000 1.0000 1.0000 1.0000 0.8854 0.3099 0.1085 0.0379 0.0133 0.0046 0.0016 1.0000 1.0000 1.0000 1.0000 0.8347 0.2894 0.1003 0.0347 0.0120 0.0041 0.0014 1.0000 1.0000 1.0000 1.0000 0.6759 0.2317 0.0791 0.0271 0.0092 0.0035 0.0005
0.0014 0.0099 0.0262 0.0776 0.2264 0.6619 1.0000 1.0000 1.0000 1.0000 0.0014 0.0041 0.0119 0.0345 0.0999 0.2894 0.8379 1.0000 1.0000 1.0000 1.0000 0.0016 0.0047 0.0135 0.0387 0.1108 0.3164 0.9058 1.0000 1.0000 1.0000 1.0000 0.0017 0.0049 0.0140 0.0401 0.1148 0.3287 0.9392 1.0000 1.0000 1.0000 1.0000 0.0018 0.0051 0.0145 0.0416 0.1184 0.3395 1.0000 1.0000 1.0000 0.3395 0.1184 0.0416 0.0145 0.0051 0.0018 1.0000 1.0000 1.0000 1.0000 0.9392 0.3287 0.1148 0.0401 0.0140 0.0049 0.0017 1.0000 1.0000 1.0000 1.0000 0.9058 0.3164 0.1108 0.0387 0.0135 0.0047 0.0016 1.0000 1.0000 1.0000 1.0000 0.8379 0.2894 0.0999 0.0345 0.0119 0.0041 0.0014 1.0000 1.0000 1.0000 1.0000 0.6619 0.2264 0.0776 0.0262 0.0099 0.0014
0.0041 0.0283 0.0749 0.2222 0.6482 1.0000 1.0000 1.0000 1.0000 0.0014 0.0040 0.0117 0.0340 0.0990 0.2877 0.8347 1.0000 1.0000 1.0000 1.0000 0.0017 0.0048 0.0138 0.0394 0.1129 0.3231 0.9250 1.0000 1.0000 1.0000 1.0000 0.0018 0.0050 0.0143 0.0410 0.1175 0.3357 0.9608 1.0000 1.0000 1.0000 1.0000 0.0018 0.0052 0.0149 0.0425 0.1216 0.3460 0.9924 1.0000 1.0000 1.0000 0.9924 0.3460 0.1216 0.0425 0.0149 0.0052 0.0018 1.0000 1.0000 1.0000 1.0000 0.9608 0.3357 0.1175 0.0410 0.0143 0.0050 0.0018 1.0000 1.0000 1.0000 1.0000 0.9250 0.3231 0.1129 0.0394 0.0138 0.0048 0.0017 1.0000 1.0000 1.0000 1.0000 0.8347 0.2877 0.0990 0.0340 0.0117 0.0040 0.0014 1.0000 1.0000 1.0000 1.0000 0.6482 0.2222 0.0749 0.0283 0.0041
0.0117 0.0808 0.2139 0.6347 1.0000 1.0000 1.0000 1.0000 0.0013 0.0039 0.0115 0.0334 0.0975 0.2839 0.8268 1.0000 1.0000 1.0000 1.0000 0.0017 0.0048 0.0139 0.0400 0.1148 0.3293 0.9427 1.0000 1.0000 1.0000 1.0000 0.0018 0.0051 0.0146 0.0419 0.1200 0.3428 0.9812 1.0000 1.0000 1.0000 0.0007 0.0019 0.0053 0.0152 0.0434 0.1241 0.3554 1.0000 1.0000 1.0000 1.0000 1.0000 1.0000 1.0000 0.3554 0.1241 0.0434 0.0152 0.0053 0.0019 0.0007 1.0000 1.0000 1.0000 0.9812 0.3428 0.1200 0.0419 0.0147 0.0051 0.0018 1.0000 1.0000 1.0000 1.0000 0.9427 0.3293 0.1148 0.0400 0.0139 0.0048 0.0017 1.0000 1.0000 1.0000 1.0000 0.8268 0.2839 0.0975 0.0334 0.0115 0.0039 0.0013 1.0000 1.0000 1.0000 1.0000 0.6347 0.2139 0.0808 0.0117
0.0335 0.2308 0.6111 1.0000 1.0000 1.0000 1.0000 0.0013 0.0038 0.0112 0.0328 0.0957 0.2791 0.8143 1.0000 1.0000 1.0000 1.0000 0.0017 0.0049 0.0140 0.0404 0.1164 0.3344 0.9590 1.0000 1.0000 1.0000 1.0000 0.0018 0.0053 0.0150 0.0429 0.1225 0.3507 1.0000 1.0000 1.0000 1.0000 0.0007 0.0019 0.0054 0.0156 0.0445 0.1270 0.3629 1.0000 1.0000 1.0000 1.0000 1.0000 1.0000 1.0000 1.0000 1.0000 0.3629 0.1270 0.0445 0.0156 0.0054 0.0019 0.0007 1.0000 1.0000 1.0000 1.0000 0.3507 0.1225 0.0428 0.0150 0.0053 0.0018 1.0000 1.0000 1.0000 1.0000 0.9590 0.3344 0.1164 0.0404 0.0140 0.0049 0.0017 1.0000 1.0000 1.0000 1.0000 0.8143 0.2791 0.0957 0.0328 0.0112 0.0038 0.0013 1.0000 1.0000 1.0000 1.0000 0.6111 0.2308 0.0335
0.0959 0.6594 1.0000 1.0000 1.0000 1.0000 0.0013 0.0038 0.0110 0.0321 0.0937 0.2739 0.7990 1.0000 1.0000 1.0000 1.0000 0.0017 0.0048 0.0140 0.0406 0.1170 0.3376 0.9719 1.0000 1.0000 1.0000 0.0007 0.0019 0.0054 0.0153 0.0439 0.1251 0.3581 1.0000 1.0000 1.0000 1.0000 0.0007 0.0020 0.0056 0.0159 0.0455 0.1299 0.3706 1.0000 1.0000 1.0000 1.0000 0.0008 0.0017 0.0008 1.0000 1.0000 1.0000 1.0000 0.3706 0.1299 0.0455 0.0159 0.0056 0.0020 0.0007 1.0000 1.0000 1.0000 1.0000 0.3581 0.1251 0.0439 0.0153 0.0054 0.0019 0.0007 1.0000 1.0000 1.0000 0.9719 0.3376 0.1170 0.0406 0.0140 0.0048 0.0017 1.0000 1.0000 1.0000 1.0000 0.7990 0.2739 0.0937 0.0321 0.0110 0.0038 0.0013 1.0000 1.0000 1.0000 1.0000 0.6594 0.0959
0.2739 1.0000 1.0000 1.0000 1.0000 0.0013 0.0037 0.0107 0.0314 0.0918 0.2682 0.7824 1.0000 1.0000 1.0000 1.0000 0.0016 0.0048 0.0139 0.0404 0.1170 0.3389 0.9774 1.0000 1.0000 1.0000 0.0007 0.0019 0.0055 0.0156 0.0448 0.1280 0.3664 1.0000 1.0000 1.0000 1.0000 0.0007 0.0020 0.0057 0.0163 0.0465 0.1329 0.3798 1.0000 1.0000 1.0000 1.0000 0.0007 0.0024 0.0051 0.0024 0.0007 1.0000 1.0000 1.0000 1.0000 0.3798 0.1329 0.0465 0.0163 0.0057 0.0020 0.0007 1.0000 1.0000 1.0000 1.0000 0.3664 0.1280 0.0448 0.0156 0.0055 0.0019 0.0007 1.0000 1.0000 1.0000 0.9774 0.3389 0.1170 0.0404 0.0139 0.0048 0.0016 1.0000 1.0000 1.0000 1.0000 0.7824 0.2682 0.0918 0.0314 0.0107 0.0037 0.0013 1.0000 1.0000 1.0000 1.0000 0.2739
0.7824 1.0000 1.0000 1.0000 0.0012 0.0036 0.0105 0.0307 0.0897 0.2621 0.7662 1.0000 1.0000 1.0000 1.0000 0.0016 0.0047 0.0138 0.0400 0.1164 0.3376 0.9774 1.0000 1.0000 1.0000 0.0007 0.0019 0.0056 0.0159 0.0457 0.1307 0.3741 1.0000 1.0000 1.0000 1.0000 0.0007 0.0020 0.0058 0.0167 0.0476 0.1360 0.3886 1.0000 1.0000 1.0000 1.0000 0.0007 0.0021 0.0069 0.0148 0.0069 0.0021 0.0007 1.0000 1.0000 1.0000 1.0000 0.3886 0.1360 0.0476 0.0167 0.0058 0.0020 0.0007 1.0000 1.0000 1.0000 1.0000 0.3741 0.1307 0.0457 0.0159 0.0056 0.0019 0.0007 1.0000 1.0000 1.0000 0.9774 0.3376 0.1164 0.0400 0.0138 0.0047 0.0016 1.0000 1.0000 1.0000 1.0000 0.7662 0.2621 0.0897 0.0307 0.0105 0.0036 0.0012 1.0000 1.0000 1.0000 0.7824
1.0000 1.0000 1.0000 0.0012 0.0035 0.0103 0.0300 0.0877 0.2562 0.7490 1.0000 1.0000 1.0000 1.0000 0.0016 0.0046 0.0135 0.0394 0.1148 0.3344 0.9719 1.0000 1.0000 1.0000 0.0007 0.0020 0.0056 0.0162 0.0464 0.1332 0.3813 1.0000 1.0000 1.0000 1.0000 0.0007 0.0021 0.0060 0.0170 0.0487 0.1392 0.3976 1.0000 1.0000 1.0000 1.0000 0.0008 0.0021 0.0062 0.0202 0.0432 0.0202 0.0062 0.0021 0.0008 1.0000 1.0000 1.0000 1.0000 0.3976 0.1392 0.0487 0.0170 0.0060 0.0021 0.0007 1.0000 1.0000 1.0000 1.0000 0.3813 0.1332 0.0464 0.0162 0.0056 0.0020 0.0007 1.0000 1.0000 1.0000 0.9719 0.3344 0.1148 0.0394 0.0135 0.0046 0.0016 1.0000 1.0000 1.0000 1.0000 0.7490 0.2562 0.0877 0.0300 0.0103 0.0035 0.0012 1.0000 1.0000 1.0000
1.0000 1.0000 0.0012 0.0034 0.0100 0.0293 0.0857 0.2504 0.7321 1.0000 1.0000 1.0000 1.0000 0.0016 0.0045 0.0133 0.0387 0.1129 0.3293 0.9590 1.0000 1.0000 1.0000 0.0007 0.0020 0.0057 0.0163 0.0471 0.1352 0.3879 1.0000 1.0000 1.0000 1.0000 0.0007 0.0021 0.0061 0.0174 0.0498 0.1424 0.4068 1.0000 1.0000 1.0000 1.0000 0.0008 0.0022 0.0063 0.0180 0.0590 0.1263 0.0590 0.0180 0.0063 0.0022 0.0008 1.0000 1.0000 1.0000 1.0000 0.4068 0.1424 0.0498 0.0174 0.0061 0.0021 0.0007 1.0000 1.0000 1.0000 1.0000 0.3879 0.1352 0.0471 0.0163 0.0057 0.0020 0.0007 1.0000 1.0000 1.0000 0.9590 0.3293 0.1129 0.0387 0.0133 0.0045 0.0016 1.0000 1.0000 1.0000 1.0000 0.7321 0.2504 0.0857 0.0293 0.0100 0.0034 0.0012 1.0000 1.0000
1.0000 0.0012 0.0033 0.0098 0.0287 0.0837 0.2448 0.7155 1.0000 1.0000 1.0000 1.0000 0.0015 0.0044 0.0130 0.0379 0.1108 0.3231 0.9427 1.0000 1.0000 1.0000 0.0007 0.0020 0.0057 0.0164 0.0473 0.1365 0.3931 1.0000 1.0000 1.0000 1.0000 0.0008 0.0022 0.0062 0.0178 0.0509 0.1454 0.4161 1.0000 1.0000 1.0000 1.0000 0.0008 0.0023 0.0065 0.0184 0.0527 0.1725 0.3692 0.1725 0.0527 0.0184 0.0065 0.0023 0.0008 1.0000 1.0000 1.0000 1.0000 0.4161 0.1454 0.0509 0.0178 0.0062 0.0022 0.0008 1.0000 1.0000 1.0000 1.0000 0.3931 0.1365 0.0473 0.0164 0.0057 0.0020 0.0007 1.0000 1.0000 1.0000 0.9427 0.3231 0.1108 0.0379 0.0130 0.0044 0.0015 1.0000 1.0000 1.0000 1.0000 0.7155 0.2448 0.0837 0.0287 0.0098 0.0033 0.0012 1.0000
0.0005 0.0036 0.0095 0.0281 0.0819 0.2393 0.6994 1.0000 1.0000 1.0000 1.0000 0.0015 0.0043 0.0127 0.0371 0.1085 0.3164 0.9250 1.0000 1.0000 1.0000 0.0007 0.0019 0.0056 0.0163 0.0473 0.1371 0.3953 1.0000 1.0000 1.0000 1.0000 0.0008 0.0022 0.0063 0.0181 0.0519 0.1484 0.4249 1.0000 1.0000 1.0000 1.0000 0.0008 0.0023 0.0066 0.0189 0.0537 0.1539 0.5043 1.0000 0.5043 0.1539 0.0537 0.0189 0.0066 0.0023 0.0008 1.0000 1.0000 1.0000 1.0000 0.4249 0.1484 0.0519 0.0181 0.0063 0.0022 0.0008 1.0000 1.0000 1.0000 1.0000 0.3953 0.1371 0.0473 0.0163 0.0056 0.0019 0.0007 1.0000 1.0000 1.0000 0.9250 0.3164 0.1085 0.0371 0.0127 0.0043 0.0015 1.0000 1.0000 1.0000 1.0000 0.6994 0.2393 0.0819 0.0281 0.0095 0.0036 0.0005
0.0015 0.0102 0.0270 0.0802 0.2339 0.6836 1.0000 1.0000 1.0000 1.0000 0.0015 0.0042 0.0124 0.0363 0.1060 0.3099 0.9058 1.0000 1.0000 1.0000 0.0007 0.0019 0.0056 0.0162 0.0471 0.1365 0.3953 1.0000 1.0000 1.0000 1.0000 0.0008 0.0022 0.0065 0.0185 0.0529 0.1513 0.4331 1.0000 1.0000 1.0000 1.0000 0.0008 0.0024 0.0067 0.0193 0.0551 0.1569 0.4499 1.0000 1.0000 1.0000 0.4499 0.1569 0.0551 0.0193 0.0067 0.0024 0.0008 1.0000 1.0000 1.0000 1.0000 0.4331 0.1513 0.0529 0.0185 0.0065 0.0022 0.0008 1.0000 1.0000 1.0000 1.0000 0.3953 0.1365 0.0471 0.0162 0.0056 0.0019 0.0007 1.0000 1.0000 1.0000 0.9058 0.3099 0.1060 0.0363 0.0124 0.0042 0.0015 1.0000 1.0000 1.0000 1.0000 0.6836 0.2339 0.0802 0.0270 0.0102 0.0015
0.0042 0.0291 0.0772 0.2290 0.6682 1.0000 1.0000 1.0000 1.0000 0.0014 0.0041 0.0121 0.0355 0.1036 0.3029 0.8854 1.0000 1.0000 1.0000 1.0000 0.0019 0.0055 0.0159 0.0464 0.1352 0.3931 1.0000 1.0000 1.0000 1.0000 0.0008 0.0023 0.0065 0.0188 0.0539 0.1542 0.4414 1.0000 1.0000 1.0000 1.0000 0.0008 0.0024 0.0069 0.0197 0.0563 0.1611 0.4585 1.0000 1.0000 1.0000 1.0000 1.0000 0.4585 0.1611 0.0563 0.0197 0.0069 0.0024 0.0008 1.0000 1.0000 1.0000 1.0000 0.4414 0.1542 0.0539 0.0188 0.0065 0.0023 0.0008 1.0000 1.0000 1.0000 1.0000 0.3931 0.1352 0.0464 0.0159 0.0055 0.0019 1.0000 1.0000 1.0000 1.0000 0.8854 0.3029 0.1036 0.0355 0.0121 0.0041 0.0014 1.0000 1.0000 1.0000 1.0000 0.6682 0.2290 0.0772 0.0291 0.0042
0.0121 0.0833 0.2205 0.6544 1.0000 1.0000 1.0000 1.0000 0.0014 0.0041 0.0119 0.0347 0.1013 0.2961 0.8654 1.0000 1.0000 1.0000 1.0000 0.0018 0.0054 0.0156 0.0457 0.1332 0.3879 1.0000 1.0000 1.0000 1.0000 0.0008 0.0023 0.0066 0.0190 0.0547 0.1569 0.4499 1.0000 1.0000 1.0000 1.0000 0.0009 0.0025 0.0070 0.0202 0.0575 0.1645 0.4709 1.0000 1.0000 1.0000 1.0000 1.0000 1.0000 1.0000 0.4709 0.1645 0.0575 0.0202 0.0070 0.0025 0.0009 1.0000 1.0000 1.0000 1.0000 0.4499 0.1569 0.0547 0.0190 0.0066 0.0023 0.0008 1.0000 1.0000 1.0000 1.0000 0.3879 0.1332 0.0457 0.0156 0.0054 0.0018 1.0000 1.0000 1.0000 1.0000 0.8654 0.2961 0.1013 0.0347 0.0119 0.0041 0.0014 1.0000 1.0000 1.0000 1.0000 0.6544 0.2205 0.0833 0.0121
0.0346 0.2384 0.6299 1.0000 1.0000 1.0000 1.0000 0.0014 0.0040 0.0116 0.0339 0.0990 0.2894 0.8459 1.0000 1.0000 1.0000 1.0000 0.0018 0.0053 0.0153 0.0448 0.1307 0.3813 1.0000 1.0000 1.0000 1.0000 0.0008 0.0023 0.0066 0.0191 0.0552 0.1590 0.4568 1.0000 1.0000 1.0000 1.0000 0.0009 0.0025 0.0072 0.0206 0.0588 0.1683 0.4809 1.0000 1.0000 1.0000 1.0000 1.0000 1.0000 1.0000 1.0000 1.0000 0.4809 0.1683 0.0588 0.0206 0.0072 0.0025 0.0009 1.0000 1.0000 1.0000 1.0000 0.4568 0.1590 0.0552 0.0191 0.0066 0.0023 0.0008 1.0000 1.0000 1.0000 1.0000 0.3813 0.1307 0.0448 0.0153 0.0053 0.0018 1.0000 1.0000 1.0000 1.0000 0.8459 0.2894 0.0990 0.0339 0.0116 0.0040 0.0014 1.0000 1.0000 1.0000 1.0000 0.6299 0.2384 0.0346
0.0990 0.6797 1.0000 1.0000 1.0000 1.0000 0.0013 0.0039 0.0113 0.0331 0.0968 0.2829 0.8268 1.0000 1.0000 1.0000 1.0000 0.0018 0.0051 0.0150 0.0439 0.1280 0.3741 1.0000 1.0000 1.0000 1.0000 0.0008 0.0023 0.0066 0.0191 0.0554 0.1599 0.4611 1.0000 1.0000 1.0000 1.0000 0.0009 0.0026 0.0073 0.0210 0.0600 0.1719 0.4910 1.0000 1.0000 1.0000 1.0000 0.0011 0.0023 0.0011 1.0000 1.0000 1.0000 1.0000 0.4910 0.1719 0.0600 0.0210 0.0073 0.0026 0.0009 1.0000 1.0000 1.0000 1.0000 0.4611 0.1599 0.0554 0.0191 0.0066 0.0023 0.0008 1.0000 1.0000 1.0000 1.0000 0.3741 0.1280 0.0439 0.0150 0.0051 0.0018 1.0000 1.0000 1.0000 1.0000 0.8268 0.2829 0.0968 0.0331 0.0113 0.0039 0.0013 1.0000 1.0000 1.0000 1.0000 0.6797 0.0990
0.2823 1.0000 1.0000 1.0000 1.0000 0.0013 0.0038 0.0111 0.0323 0.0946 0.2760 0.8082 1.0000 1.0000 1.0000 1.0000 0.0017 0.0050 0.0146 0.0428 0.1251 0.3671 1.0000 1.0000 1.0000 1.0000 0.0008 0.0022 0.0065 0.0190 0.0552 0.1599 0.4629 1.0000 1.0000 1.0000 1.0000 0.0009 0.0026 0.0075 0.0214 0.0612 0.1752 0.5014 1.0000 1.0000 1.0000 1.0000 0.0010 0.0031 0.0067 0.0031 0.0010 1.0000 1.0000 1.0000 1.0000 0.5014 0.1752 0.0612 0.0214 0.0075 0.0026 0.0009 1.0000 1.0000 1.0000 1.0000 0.4629 0.1599 0.0552 0.0190 0.0065 0.0022 0.0008 1.0000 1.0000 1.0000 1.0000 0.3664 0.1251 0.0428 0.0147 0.0050 0.0017 1.0000 1.0000 1.0000 1.0000 0.8082 0.2760 0.0946 0.0323 0.0111 0.0038 0.0013 1.0000 1.0000 1.0000 1.0000 0.2823
0.8082 1.0000 1.0000 1.0000 0.0013 0.0037 0.0108 0.0316 0.0925 0.2702 0.7899 1.0000 1.0000 1.0000 1.0000 0.0017 0.0049 0.0143 0.0419 0.1225 0.3588 1.0000 1.0000 1.0000 1.0000 0.0008 0.0022 0.0065 0.0188 0.0547 0.1590 0.4611 1.0000 1.0000 1.0000 1.0000 0.0009 0.0026 0.0076 0.0218 0.0624 0.1785 0.5110 1.0000 1.0000 1.0000 1.0000 0.0010 0.0028 0.0092 0.0196 0.0092 0.0028 0.0010 1.0000 1.0000 1.0000 1.0000 0.5110 0.1785 0.0624 0.0218 0.0076 0.0026 0.0009 1.0000 1.0000 1.0000 1.0000 0.4611 0.1590 0.0547 0.0188 0.0065 0.0022 0.0008 1.0000 1.0000 1.0000 1.0000 0.3581 0.1225 0.0419 0.0143 0.0049 0.0017 1.0000 1.0000 1.0000 1.0000 0.7899 0.2702 0.0925 0.0316 0.0108 0.0037 0.0013 1.0000 1.0000 1.0000 0.8082
1.0000 1.0000 1.0000 0.0012 0.0036 0.0106 0.0310 0.0905 0.2646 0.7736 1.0000 1.0000 1.0000 1.0000 0.0016 0.0048 0.0140 0.0410 0.1200 0.3507 1.0000 1.0000 1.0000 1.0000 0.0007 0.0022 0.0063 0.0185 0.0539 0.1569 0.4568 1.0000 1.0000 1.0000 1.0000 0.0009 0.0027 0.0077 0.0221 0.0634 0.1820 0.5208 1.0000 1.0000 1.0000 1.0000 0.0010 0.0028 0.0082 0.0268 0.0573 0.0268 0.0082 0.0028 0.0010 1.0000 1.0000 1.0000 1.0000 0.5208 0.1820 0.0634 0.0221 0.0077 0.0027 0.0009 1.0000 1.0000 1.0000 1.0000 0.4568 0.1569 0.0539 0.0185 0.0063 0.0022 0.0007 1.0000 1.0000 1.0000 1.0000 0.3507 0.1200 0.0410 0.0140 0.0048 0.0016 1.0000 1.0000 1.0000 1.0000 0.7736 0.2646 0.0905 0.0310 0.0106 0.0036 0.0012 1.0000 1.0000 1.0000
1.0000 1.0000 0.0012 0.0036 0.0104 0.0303 0.0885 0.2592 0.7561 1.0000 1.0000 1.0000 1.0000 0.0016 0.0047 0.0138 0.0401 0.1175 0.3428 1.0000 1.0000 1.0000 1.0000 0.0007 0.0021 0.0062 0.0181 0.0529 0.1542 0.4499 1.0000 1.0000 1.0000 1.0000 0.0009 0.0027 0.0077 0.0223 0.0643 0.1847 0.5298 1.0000 1.0000 1.0000 1.0000 0.0010 0.0029 0.0083 0.0238 0.0781 0.1670 0.0781 0.0238 0.0083 0.0029 0.0010 1.0000 1.0000 1.0000 1.0000 0.5298 0.1847 0.0643 0.0223 0.0077 0.0027 0.0009 1.0000 1.0000 1.0000 1.0000 0.4499 0.1542 0.0529 0.0181 0.0062 0.0021 0.0007 1.0000 1.0000 1.0000 1.0000 0.3428 0.1175 0.0401 0.0138 0.0047 0.0016 1.0000 1.0000 1.0000 1.0000 0.7561 0.2592 0.0885 0.0303 0.0104 0.0036 0.0012 1.0000 1.0000
1.0000 0.0013 0.0034 0.0102 0.0296 0.0867 0.2533 0.7405 1.0000 1.0000 1.0000 1.0000 0.0016 0.0046 0.0134 0.0393 0.1148 0.3357 0.9812 1.0000 1.0000 1.0000 0.0007 0.0021 0.0061 0.0178 0.0519 0.1513 0.4414 1.0000 1.0000 1.0000 1.0000 0.0009 0.0027 0.0077 0.0224 0.0647 0.1865 0.5369 1.0000 1.0000 1.0000 1.0000 0.0010 0.0030 0.0085 0.0242 0.0695 0.2277 0.4873 0.2277 0.0695 0.0242 0.0085 0.0030 0.0010 1.0000 1.0000 1.0000 1.0000 0.5369 0.1865 0.0647 0.0224 0.0077 0.0027 0.0009 1.0000 1.0000 1.0000 1.0000 0.4414 0.1513 0.0519 0.0178 0.0061 0.0021 0.0007 1.0000 1.0000 1.0000 0.9812 0.3357 0.1148 0.0393 0.0134 0.0046 0.0016 1.0000 1.0000 1.0000 1.0000 0.7405 0.2533 0.0867 0.0296 0.0102 0.0034 0.0013 1.0000
0.0005 0.0037 0.0098 0.0291 0.0849 0.2481 0.7251 1.0000 1.0000 1.0000 1.0000 0.0015 0.0045 0.0132 0.0385 0.1125 0.3287 0.9608 1.0000 1.0000 1.0000 0.0007 0.0020 0.0060 0.0174 0.0509 0.1484 0.4331 1.0000 1.0000 1.0000 1.0000 0.0009 0.0026 0.0077 0.0223 0.0647 0.1872 0.5400 1.0000 1.0000 1.0000 1.0000 0.0011 0.0030 0.0086 0.0247 0.0706 0.2028 0.6644 1.0000 0.6644 0.2028 0.0706 0.0247 0.0086 0.0030 0.0011 1.0000 1.0000 1.0000 1.0000 0.5400 0.1872 0.0647 0.0223 0.0077 0.0026 0.0009 1.0000 1.0000 1.0000 1.0000 0.4331 0.1484 0.0509 0.0174 0.0060 0.0020 0.0007 1.0000 1.0000 1.0000 0.9608 0.3287 0.1125 0.0385 0.0132 0.0045 0.0015 1.0000 1.0000 1.0000 1.0000 0.7251 0.2481 0.0849 0.0291 0.0098 0.0037 0.0005
0.0015 0.0106 0.0280 0.0831 0.2425 0.7088 1.0000 1.0000 1.0000 1.0000 0.0015 0.0044 0.0129 0.0376 0.1099 0.3213 0.9392 1.0000 1.0000 1.0000 0.0007 0.0020 0.0058 0.0170 0.0498 0.1454 0.4249 1.0000 1.0000 1.0000 1.0000 0.0009 0.0026 0.0076 0.0221 0.0643 0.1865 0.5400 1.0000 1.0000 1.0000 1.0000 0.0011 0.0031 0.0088 0.0252 0.0722 0.2059 0.5916 1.0000 1.0000 1.0000 0.5916 0.2059 0.0722 0.0252 0.0088 0.0031 0.0011 1.0000 1.0000 1.0000 1.0000 0.5400 0.1865 0.0643 0.0221 0.0076 0.0026 0.0009 1.0000 1.0000 1.0000 1.0000 0.4249 0.1454 0.0498 0.0170 0.0058 0.0020 0.0007 1.0000 1.0000 1.0000 0.9392 0.3213 0.1099 0.0376 0.0129 0.0044 0.0015 1.0000 1.0000 1.0000 1.0000 0.7088 0.2425 0.0831 0.0280 0.0106 0.0015
0.0044 0.0302 0.0800 0.2375 0.6928 1.0000 1.0000 1.0000 1.0000 0.0015 0.0043 0.0126 0.0368 0.1074 0.3141 0.9180 1.0000 1.0000 1.0000 0.0007 0.0020 0.0057 0.0167 0.0487 0.1424 0.4161 1.0000 1.0000 1.0000 1.0000 0.0009 0.0026 0.0075 0.0218 0.0634 0.1847 0.5369 1.0000 1.0000 1.0000 1.0000 0.0011 0.0031 0.0089 0.0257 0.0736 0.2106 0.6007 1.0000 1.0000 1.0000 1.0000 1.0000 0.6007 0.2106 0.0736 0.0257 0.0089 0.0031 0.0011 1.0000 1.0000 1.0000 1.0000 0.5369 0.1847 0.0634 0.0218 0.0075 0.0026 0.0009 1.0000 1.0000 1.0000 1.0000 0.4161 0.1424 0.0487 0.0167 0.0057 0.0020 0.0007 1.0000 1.0000 1.0000 0.9180 0.3141 0.1074 0.0368 0.0126 0.0043 0.0015 1.0000 1.0000 1.0000 1.0000 0.6928 0.2375 0.0800 0.0302 0.0044
0.0126 0.0863 0.2286 0.6784 1.0000 1.0000 1.0000 1.0000 0.0014 0.0042 0.0123 0.0359 0.1050 0.3070 0.8973 1.0000 1.0000 1.0000 0.0007 0.0019 0.0056 0.0163 0.0476 0.1392 0.4068 1.0000 1.0000 1.0000 1.0000 0.0009 0.0025 0.0073 0.0214 0.0624 0.1820 0.5298 1.0000 1.0000 1.0000 1.0000 0.0011 0.0031 0.0090 0.0260 0.0747 0.2143 0.6146 1.0000 1.0000 1.0000 1.0000 1.0000 1.0000 1.0000 0.6146 0.2143 0.0747 0.0260 0.0090 0.0031 0.0011 1.0000 1.0000 1.0000 1.0000 0.5298 0.1820 0.0624 0.0214 0.0073 0.0025 0.0009 1.0000 1.0000 1.0000 1.0000 0.4068 0.1392 0.0476 0.0163 0.0056 0.0019 0.0007 1.0000 1.0000 1.0000 0.8973 0.3070 0.1050 0.0359 0.0123 0.0042 0.0014 1.0000 1.0000 1.0000 1.0000 0.6784 0.2286 0.0863 0.0126
0.0359 0.2467 0.6531 1.0000 1.0000 1.0000 1.0000 0.0014 0.0041 0.0120 0.0351 0.1026 0.3000 0.8770 1.0000 1.0000 1.0000 1.0000 0.0019 0.0054 0.0159 0.0465 0.1360 0.3976 1.0000 1.0000 1.0000 1.0000 0.0008 0.0025 0.0072 0.0210 0.0612 0.1785 0.5208 1.0000 1.0000 1.0000 1.0000 0.0011 0.0031 0.0091 0.0262 0.0754 0.2172 0.6240 1.0000 1.0000 1.0000 1.0000 0.0010 1.0000 1.0000 1.0000 1.0000 0.6240 0.2172 0.0754 0.0262 0.0091 0.0031 0.0011 1.0000 1.0000 1.0000 1.0000 0.5208 0.1785 0.0612 0.0210 0.0072 0.0025 0.0008 1.0000 1.0000 1.0000 1.0000 0.3976 0.1360 0.0465 0.0159 0.0054 0.0019 1.0000 1.0000 1.0000 1.0000 0.8770 0.3000 0.1026 0.0351 0.0120 0.0041 0.0014 1.0000 1.0000 1.0000 1.0000 0.6531 0.2467 0.0359
0.1023 0.7034 1.0000 1.0000 1.0000 1.0000 0.0014 0.0040 0.0117 0.0343 0.1003 0.2933 0.8572 1.0000 1.0000 1.0000 1.0000 0.0018 0.0053 0.0156 0.0455 0.1329 0.3886 1.0000 1.0000 1.0000 1.0000 0.0008 0.0024 0.0070 0.0206 0.0600 0.1752 0.5110 1.0000 1.0000 1.0000 1.0000 0.0011 0.0031 0.0090 0.0262 0.0757 0.2184 0.6299 1.0000 1.0000 1.0000 1.0000 0.0014 0.0030 0.0014 1.0000 1.0000 1.0000 1.0000 0.6299 0.2184 0.0757 0.0262 0.0090 0.0031 0.0011 1.0000 1.0000 1.0000 1.0000 0.5110 0.1752 0.0600 0.0206 0.0070 0.0024 0.0008 1.0000 1.0000 1.0000 1.0000 0.3886 0.1329 0.0455 0.0156 0.0053 0.0018 1.0000 1.0000 1.0000 1.0000 0.8572 0.2933 0.1003 0.0343 0.0117 0.0040 0.0014 1.0000 1.0000 1.0000 1.0000 0.7047 0.1025
0.2922 1.0000 1.0000 1.0000 1.0000 0.0013 0.0039 0.0115 0.0335 0.0981 0.2861 0.8379 1.0000 1.0000 1.0000 1.0000 0.0018 0.0052 0.0152 0.0445 0.1297 0.3798 1.0000 1.0000 1.0000 1.0000 0.0008 0.0024 0.0069 0.0202 0.0588 0.1719 0.5014 1.0000 1.0000 1.0000 1.0000 0.0011 0.0031 0.0089 0.0260 0.0754 0.2184 0.6323 1.0000 1.0000 1.0000 1.0000 0.0012 0.0041 0.0087 0.0041 0.0012 1.0000 1.0000 1.0000 1.0000 0.6323 0.2184 0.0754 0.0260 0.0089 0.0031 0.0011 1.0000 1.0000 1.0000 1.0000 0.5014 0.1719 0.0588 0.0202 0.0069 0.0024 0.0008 1.0000 1.0000 1.0000 1.0000 0.3798 0.1299 0.0445 0.0152 0.0052 0.0018 1.0000 1.0000 1.0000 1.0000 0.8379 0.2867 0.0981 0.0335 0.0115 0.0039 0.0013 1.0000 1.0000 1.0000 1.0000 0.2922
0.8379 1.0000 1.0000 1.0000 0.0013 0.0038 0.0112 0.0328 0.0959 0.2802 0.8190 1.0000 1.0000 1.0000 1.0000 0.0017 0.0051 0.0149 0.0435 0.1270 0.3713 1.0000 1.0000 1.0000 1.0000 0.0008 0.0023 0.0067 0.0197 0.0576 0.1683 0.4920 1.0000 1.0000 1.0000 1.0000 0.0010 0.0030 0.0088 0.0257 0.0747 0.2172 0.6299 1.0000 1.0000 1.0000 1.0000 0.0013 0.0036 0.0119 0.0255 0.0119 0.0036 0.0013 1.0000 1.0000 1.0000 1.0000 0.6299 0.2172 0.0747 0.0257 0.0088 0.0030 0.0010 1.0000 1.0000 1.0000 1.0000 0.4910 0.1683 0.0575 0.0197 0.0067 0.0023 0.0008 1.0000 1.0000 1.0000 1.0000 0.3706 0.1270 0.0434 0.0149 0.0051 0.0017 1.0000 1.0000 1.0000 1.0000 0.8174 0.2802 0.0957 0.0328 0.0112 0.0038 0.0013 1.0000 1.0000 1.0000 0.8347
1.0000 1.0000 1.0000 0.0013 0.0038 0.0110 0.0321 0.0939 0.2744 0.8020 1.0000 1.0000 1.0000 1.0000 0.0017 0.0050 0.0146 0.0426 0.1244 0.3636 1.0000 1.0000 1.0000 1.0000 0.0008 0.0023 0.0066 0.0193 0.0564 0.1648 0.4818 1.0000 1.0000 1.0000 1.0000 0.0010 0.0030 0.0086 0.0252 0.0736 0.2143 0.6240 1.0000 1.0000 1.0000 1.0000 0.0013 0.0036 0.0105 0.0347 0.0741 0.0347 0.0105 0.0036 0.0013 1.0000 1.0000 1.0000 1.0000 0.6240 0.2143 0.0736 0.0252 0.0086 0.0030 0.0010 1.0000 1.0000 1.0000 1.0000 0.4809 0.1645 0.0563 0.0193 0.0066 0.0023 0.0008 1.0000 1.0000 1.0000 1.0000 0.3629 0.1241 0.0425 0.0145 0.0050 0.0017 1.0000 1.0000 1.0000 1.0000 0.8005 0.2739 0.0937 0.0321 0.0110 0.0038 0.0013 1.0000 1.0000 1.0000
1.0000 1.0000 0.0012 0.0037 0.0108 0.0314 0.0919 0.2687 0.7854 1.0000 1.0000 1.0000 1.0000 0.0017 0.0049 0.0143 0.0417 0.1218 0.3561 1.0000 1.0000 1.0000 1.0000 0.0008 0.0022 0.0065 0.0189 0.0552 0.1614 0.4718 1.0000 1.0000 1.0000 1.0000 0.0010 0.0029 0.0085 0.0247 0.0722 0.2106 0.6146 1.0000 1.0000 1.0000 1.0000 0.0013 0.0037 0.0105 0.0306 0.1007 0.2159 0.1005 0.0305 0.0106 0.0037 0.0013 1.0000 1.0000 1.0000 1.0000 0.6146 0.2106 0.0722 0.0247 0.0085 0.0029 0.0010 1.0000 1.0000 1.0000 1.0000 0.4709 0.1611 0.0551 0.0189 0.0065 0.0022 0.0008 1.0000 1.0000 1.0000 1.0000 0.3554 0.1216 0.0416 0.0142 0.0049 0.0017 1.0000 1.0000 1.0000 1.0000 0.7839 0.2682 0.0918 0.0314 0.0107 0.0037 0.0012 1.0000 1.0000
1.0000 0.0013 0.0036 0.0105 0.0307 0.0899 0.2626 0.7677 1.0000 1.0000 1.0000 1.0000 0.0016 0.0048 0.0139 0.0407 0.1191 0.3480 1.0000 1.0000 1.0000 1.0000 0.0007 0.0022 0.0063 0.0185 0.0540 0.1578 0.4611 1.0000 1.0000 1.0000 1.0000 0.0010 0.0029 0.0083 0.0243 0.0708 0.2067 0.6030 1.0000 1.0000 1.0000 1.0000 0.0013 0.0037 0.0106 0.0305 0.0883 0.2922 0.6264 0.2905 0.0872 0.0302 0.0106 0.0036 0.0013 1.0000 1.0000 1.0000 1.0000 0.6007 0.2059 0.0706 0.0242 0.0083 0.0028 0.0010 1.0000 1.0000 1.0000 1.0000 0.4585 0.1569 0.0537 0.0184 0.0063 0.0021 0.0007 1.0000 1.0000 1.0000 1.0000 0.3460 0.1184 0.0405 0.0139 0.0047 0.0016 1.0000 1.0000 1.0000 1.0000 0.7633 0.2611 0.0893 0.0306 0.0105 0.0035 0.0013 1.0000
0.0006 0.0038 0.0102 0.0300 0.0877 0.2567 0.7490 1.0000 1.0000 1.0000 1.0000 0.0016 0.0047 0.0136 0.0397 0.1164 0.3395 0.9943 1.0000 1.0000 1.0000 0.0007 0.0021 0.0062 0.0180 0.0528 0.1539 0.4507 1.0000 1.0000 1.0000 1.0000 0.0010 0.0028 0.0082 0.0238 0.0695 0.2028 0.5916 1.0000 1.0000 1.0000 1.0000 0.0012 0.0036 0.0105 0.0305 0.0882 0.2557 0.8427 1.0000 0.8787 0.2718 0.0867 0.0303 0.0105 0.0036 0.0012 1.0000 1.0000 1.0000 1.0000 0.5916 0.2028 0.0695 0.0238 0.0082 0.0028 0.0010 1.0000 1.0000 1.0000 1.0000 0.4499 0.1539 0.0527 0.0180 0.0062 0.0021 0.0007 1.0000 1.0000 1.0000 0.9924 0.3395 0.1162 0.0397 0.0136 0.0047 0.0016 1.0000 1.0000 1.0000 1.0000 0.7490 0.2562 0.0877 0.0300 0.0101 0.0038 0.0006
0.0016 0.0110 0.0290 0.0860 0.2509 0.7335 1.0000 1.0000 1.0000 1.0000 0.0016 0.0046 0.0133 0.0389 0.1137 0.3325 0.9719 1.0000 1.0000 1.0000 0.0007 0.0021 0.0060 0.0176 0.0516 0.1507 0.4406 1.0000 1.0000 1.0000 1.0000 0.0009 0.0027 0.0080 0.0234 0.0682 0.1990 0.5805 1.0000 1.0000 1.0000 1.0000 0.0012 0.0036 0.0104 0.0302 0.0880 0.2543 0.7335 1.0000 1.0000 1.0000 0.9374 0.3275 0.0996 0.0345 0.0119 0.0041 0.0014 1.0000 1.0000 1.0000 1.0000 0.6644 0.2277 0.0781 0.0268 0.0092 0.0031 0.0011 1.0000 1.0000 1.0000 1.0000 0.5043 0.1725 0.0590 0.0202 0.0069 0.0024 0.0008 1.0000 1.0000 1.0000 1.0000 0.3806 0.1302 0.0445 0.0152 0.0052 0.0018 1.0000 1.0000 1.0000 1.0000 0.8395 0.2872 0.0986 0.0334 0.0127 0.0019
0.0046 0.0313 0.0831 0.2462 0.7183 1.0000 1.0000 1.0000 1.0000 0.0015 0.0045 0.0130 0.0381 0.1114 0.3256 0.9518 1.0000 1.0000 1.0000 0.0007 0.0020 0.0059 0.0173 0.0505 0.1476 0.4315 1.0000 1.0000 1.0000 1.0000 0.0009 0.0027 0.0078 0.0229 0.0669 0.1952 0.5695 1.0000 1.0000 1.0000 1.0000 0.0012 0.0035 0.0102 0.0298 0.0867 0.2528 0.7293 1.0000 1.0000 1.0000 1.0000 0.2524 0.6506 0.2277 0.0743 0.0255 0.0087 0.0030 0.0010 1.0000 1.0000 1.0000 1.0000 0.4873 0.1670 0.0573 0.0196 0.0067 0.0023 1.0000 1.0000 1.0000 1.0000 1.0000 0.3692 0.1263 0.0432 0.0148 0.0051 0.0017 1.0000 1.0000 1.0000 1.0000 0.8143 0.2786 0.0953 0.0326 0.0112 0.0038 0.0013 1.0000 1.0000 1.0000 1.0000 0.6157 0.2119 0.0721 0.0277 0.0043
0.0130 0.0897 0.2375 0.7047 1.0000 1.0000 1.0000 1.0000 0.0015 0.0044 0.0128 0.0373 0.1091 0.3189 0.9321 1.0000 1.0000 1.0000 0.0007 0.0020 0.0058 0.0169 0.0495 0.1445 0.4225 1.0000 1.0000 1.0000 1.0000 0.0009 0.0026 0.0077 0.0224 0.0655 0.1912 0.5588 1.0000 1.0000 1.0000 1.0000 0.0012 0.0034 0.0100 0.0292 0.0852 0.2485 0.7251 1.0000 1.0000 1.0000 1.0000 1.0000 0.0138 0.1719 0.1211 0.0347 0.0119 0.0041 0.0014 1.0000 1.0000 1.0000 1.0000 0.6644 0.2277 0.0781 0.0268 0.0092 0.0031 0.0011 1.0000 1.0000 1.0000 1.0000 0.5043 0.1725 0.0590 0.0202 0.0069 0.0024 0.0008 1.0000 1.0000 1.0000 1.0000 0.3806 0.1302 0.0445 0.0152 0.0052 0.0018 1.0000 1.0000 1.0000 1.0000 0.8395 0.2872 0.0986 0.0334 0.0127 0.0019
0.0372 0.2562 0.6784 1.0000 1.0000 1.0000 1.0000 0.0015 0.0043 0.0125 0.0364 0.1066 0.3111 0.9110 1.0000 1.0000 1.0000 0.0007 0.0019 0.0057 0.0165 0.0483 0.1410 0.4130 1.0000 1.0000 1.0000 1.0000 0.0009 0.0026 0.0075 0.0219 0.0639 0.1872 0.5472 1.0000 1.0000 1.0000 1.0000 0.0012 0.0034 0.0098 0.0287 0.0836 0.2439 0.7115 1.0000 1.0000 1.0000 1.0000 0.0014 0.0016 0.0194 0.0914 0.0356 0.0103 0.0036 0.0012 1.0000 1.0000 1.0000 1.0000 0.5916 0.2028 0.0695 0.0238 0.0082 0.0028 0.0010 1.0000 1.0000 1.0000 1.0000 0.4499 0.1539 0.0527 0.0180 0.0062 0.0021 0.0007 1.0000 1.0000 1.0000 0.9924 0.3395 0.1162 0.0397 0.0136 0.0047 0.0016 1.0000 1.0000 1.0000 1.0000 0.7490 0.2562 0.0877 0.0300 0.0101 0.0038 0.0006
0.1054 0.7251 1.0000 1.0000 1.0000 1.0000 0.0014 0.0041 0.0121 0.0354 0.1034 0.3023 0.8837 1.0000 1.0000 1.0000 0.0006 0.0019 0.0055 0.0160 0.0469 0.1371 0.4006 1.0000 1.0000 1.0000 1.0000 0.0009 0.0025 0.0073 0.0213 0.0621 0.1816 0.5308 1.0000 1.0000 1.0000 1.0000 0.0011 0.0033 0.0096 0.0279 0.0814 0.2375 0.6928 1.0000 1.0000 1.0000 1.0000 0.0015 0.0039 0.0078 0.0696 0.0448 0.0102 0.0036 0.0013 1.0000 1.0000 1.0000 1.0000 0.6007 0.2059 0.0706 0.0242 0.0083 0.0028 0.0010 1.0000 1.0000 1.0000 1.0000 0.4585 0.1569 0.0537 0.0184 0.0063 0.0021 0.0007 1.0000 1.0000 1.0000 1.0000 0.3460 0.1184 0.0405 0.0139 0.0047 0.0016 1.0000 1.0000 1.0000 1.0000 0.7633 0.2611 0.0893 0.0306 0.0105 0.0035 0.0013 1.0000
0.3146 1.0000 1.0000 1.0000 1.0000 0.0014 0.0041 0.0121 0.0353 0.1032 0.3018 0.8820 1.0000 1.0000 1.0000 0.0006 0.0019 0.0055 0.0160 0.0468 0.1368 0.3998 1.0000 1.0000 1.0000 1.0000 0.0008 0.0025 0.0073 0.0212 0.0621 0.1813 0.5308 1.0000 1.0000 1.0000 1.0000 0.0011 0.0033 0.0096 0.0280 0.0814 0.2379 0.6941 1.0000 1.0000 1.0000 1.0000 0.0015 0.0043 0.0126 0.0526 0.0503 0.0103 0.0036 0.0013 1.0000 1.0000 1.0000 1.0000 0.6146 0.2106 0.0722 0.0247 0.0085 0.0029 0.0010 1.0000 1.0000 1.0000 1.0000 0.4709 0.1611 0.0551 0.0189 0.0065 0.0022 0.0008 1.0000 1.0000 1.0000 1.0000 0.3554 0.1216 0.0416 0.0142 0.0049 0.0017 1.0000 1.0000 1.0000 1.0000 0.7839 0.2682 0.0918 0.0314 0.0107 0.0037 0.0012 1.0000 1.0000
1.0000 1.0000 1.0000 1.0000 0.0017 0.0050 0.0147 0.0429 0.1253 0.3664 1.0000 1.0000 1.0000 1.0000 1.0000 0.0023 0.0066 0.0194 0.0568 0.1661 0.4854 1.0000 1.0000 1.0000 1.0000 0.0010 0.0030 0.0088 0.0258 0.0754 0.2201 0.6433 1.0000 1.0000 1.0000 1.0000 0.0014 0.0040 0.0116 0.0339 0.0988 0.2883 0.8411 1.0000 1.0000 1.0000 1.0000 0.0018 0.0051 0.0154 0.0495 0.0499 0.0104 0.0035 0.0013 1.0000 1.0000 1.0000 1.0000 0.6240 0.2143 0.0736 0.0252 0.0086 0.0030 0.0010 1.0000 1.0000 1.0000 1.0000 0.4809 0.1645 0.0563 0.0193 0.0066 0.0023 0.0008 1.0000 1.0000 1.0000 1.0000 0.3629 0.1241 0.0425 0.0145 0.0050 0.0017 1.0000 1.0000 1.0000 1.0000 0.8005 0.2739 0.0937 0.0321 0.0110 0.0038 0.0013 1.0000 1.0000 1.0000
