0.0163 0.1268 0.3262 0.9445 1.0000 1.0000 1.0000 0.0006 0.0018 0.0051 0.0147 0.0420 0.1202 0.3434 0.9812 1.0000 1.0000 1.0000 0.0007 0.0019 0.0053 0.0152 0.0435 0.1241 0.3547 1.0000 1.0000 1.0000 1.0000 0.0007 0.0019 0.0055 0.0157 0.0449 0.1282 0.3671 1.0000 1.0000 1.0000 1.0000 0.0007 0.0020 0.0057 0.0162 0.0464 0.1329 0.3806 1.0000 1.0000 1.0000 1.0000 1.0000 1.0000 1.0000 0.3806 0.1329 0.0464 0.0162 0.0057 0.0020 0.0007 1.0000 1.0000 1.0000 1.0000 0.3671 0.1282 0.0449 0.0157 0.0055 0.0019 0.0007 1.0000 1.0000 1.0000 1.0000 0.3547 0.1241 0.0435 0.0152 0.0053 0.0019 0.0007 1.0000 1.0000 1.0000 0.9812 0.3434 0.1202 0.0420 0.0147 0.0051 0.0018 0.0006 1.0000 1.0000 1.0000 0.9445 0.3262 0.1268 0.0163
0.1268 0.8871 1.0000 1.0000 1.0000 1.0000 0.0015 0.0043 0.0123 0.0354 0.1009 0.2894 0.8252 1.0000 1.0000 1.0000 1.0000 0.0016 0.0045 0.0128 0.0366 0.1046 0.2989 0.8540 1.0000 1.0000 1.0000 1.0000 0.0016 0.0046 0.0132 0.0377 0.1078 0.3093 0.8820 1.0000 1.0000 1.0000 1.0000 0.0017 0.0048 0.0137 0.0391 0.1116 0.3201 0.9162 1.0000 1.0000 1.0000 1.0000 0.0015 1.0000 1.0000 1.0000 1.0000 0.9162 0.3201 0.1116 0.0391 0.0137 0.0048 0.0017 1.0000 1.0000 1.0000 1.0000 0.8820 0.3093 0.1078 0.0377 0.0132 0.0046 0.0016 1.0000 1.0000 1.0000 1.0000 0.8540 0.2989 0.1046 0.0366 0.0128 0.0045 0.0016 1.0000 1.0000 1.0000 1.0000 0.8252 0.2894 0.1009 0.0354 0.0123 0.0043 0.0015 1.0000 1.0000 1.0000 1.0000 0.8871 0.1268
0.3262 1.0000 1.0000 1.0000 1.0000 0.0014 0.0040 0.0114 0.0327 0.0933 0.2677 0.7648 1.0000 1.0000 1.0000 1.0000 0.0015 0.0042 0.0119 0.0339 0.0970 0.2770 0.7914 1.0000 1.0000 1.0000 1.0000 0.0015 0.0043 0.0122 0.0350 0.0999 0.2861 0.8159 1.0000 1.0000 1.0000 1.0000 0.0016 0.0044 0.0127 0.0363 0.1036 0.2966 0.8475 1.0000 1.0000 1.0000 1.0000 0.0019 0.0040 0.0019 1.0000 1.0000 1.0000 1.0000 0.8475 0.2966 0.1036 0.0363 0.0127 0.0044 0.0016 1.0000 1.0000 1.0000 1.0000 0.8159 0.2861 0.0999 0.0350 0.0122 0.0043 0.0015 1.0000 1.0000 1.0000 1.0000 0.7914 0.2770 0.0970 0.0339 0.0119 0.0042 0.0015 1.0000 1.0000 1.0000 1.0000 0.7648 0.2677 0.0933 0.0327 0.0114 0.0040 0.0014 1.0000 1.0000 1.0000 1.0000 0.3262
0.9445 1.0000 1.0000 1.0000 0.0014 0.0041 0.0118 0.0337 0.0968 0.2770 0.7929 1.0000 1.0000 1.0000 1.0000 0.0015 0.0043 0.0123 0.0353 0.1007 0.2877 0.8221 1.0000 1.0000 1.0000 1.0000 0.0016 0.0045 0.0127 0.0363 0.1038 0.2966 0.8459 1.0000 1.0000 1.0000 1.0000 0.0016 0.0046 0.0132 0.0377 0.1076 0.3075 0.8770 1.0000 1.0000 1.0000 1.0000 0.0017 0.0055 0.0118 0.0055 0.0017 1.0000 1.0000 1.0000 1.0000 0.8770 0.3075 0.1076 0.0377 0.0132 0.0046 0.0016 1.0000 1.0000 1.0000 1.0000 0.8459 0.2966 0.1038 0.0363 0.0127 0.0045 0.0016 1.0000 1.0000 1.0000 1.0000 0.8221 0.2877 0.1007 0.0353 0.0123 0.0043 0.0015 1.0000 1.0000 1.0000 1.0000 0.7929 0.2770 0.0968 0.0337 0.0118 0.0041 0.0014 1.0000 1.0000 1.0000 0.9445
1.0000 1.0000 1.0000 0.0014 0.0041 0.0119 0.0342 0.0981 0.2813 0.8066 1.0000 1.0000 1.0000 1.0000 0.0015 0.0044 0.0126 0.0360 0.1028 0.2938 0.8395 1.0000 1.0000 1.0000 1.0000 0.0016 0.0045 0.0130 0.0371 0.1060 0.3029 0.8654 1.0000 1.0000 1.0000 1.0000 0.0016 0.0047 0.0135 0.0385 0.1099 0.3141 0.8973 1.0000 1.0000 1.0000 1.0000 0.0017 0.0049 0.0159 0.0342 0.0159 0.0049 0.0017 1.0000 1.0000 1.0000 1.0000 0.8973 0.3141 0.1099 0.0385 0.0135 0.0047 0.0016 1.0000 1.0000 1.0000 1.0000 0.8654 0.3029 0.1060 0.0371 0.0130 0.0045 0.0016 1.0000 1.0000 1.0000 1.0000 0.8395 0.2938 0.1028 0.0360 0.0126 0.0044 0.0015 1.0000 1.0000 1.0000 1.0000 0.8066 0.2813 0.0981 0.0342 0.0119 0.0041 0.0014 1.0000 1.0000 1.0000
1.0000 1.0000 0.0014 0.0041 0.0119 0.0344 0.0992 0.2856 0.8205 1.0000 1.0000 1.0000 1.0000 0.0016 0.0045 0.0129 0.0368 0.1052 0.3006 0.8589 1.0000 1.0000 1.0000 1.0000 0.0016 0.0047 0.0133 0.0380 0.1085 0.3099 0.8854 1.0000 1.0000 1.0000 1.0000 0.0017 0.0048 0.0138 0.0394 0.1125 0.3213 0.9180 1.0000 1.0000 1.0000 1.0000 0.0017 0.0050 0.0142 0.0466 0.0999 0.0466 0.0142 0.0050 0.0017 1.0000 1.0000 1.0000 1.0000 0.9180 0.3213 0.1125 0.0394 0.0138 0.0048 0.0017 1.0000 1.0000 1.0000 1.0000 0.8854 0.3099 0.1085 0.0380 0.0133 0.0047 0.0016 1.0000 1.0000 1.0000 1.0000 0.8589 0.3006 0.1052 0.0368 0.0129 0.0045 0.0016 1.0000 1.0000 1.0000 1.0000 0.8205 0.2856 0.0992 0.0344 0.0119 0.0041 0.0014 1.0000 1.0000
1.0000 0.0015 0.0040 0.0118 0.0342 0.0992 0.2867 0.8268 1.0000 1.0000 1.0000 1.0000 0.0016 0.0046 0.0131 0.0375 0.1074 0.3075 0.8787 1.0000 1.0000 1.0000 1.0000 0.0017 0.0048 0.0136 0.0388 0.1110 0.3171 0.9058 1.0000 1.0000 1.0000 1.0000 0.0017 0.0049 0.0141 0.0403 0.1151 0.3287 0.9392 1.0000 1.0000 1.0000 1.0000 0.0018 0.0051 0.0145 0.0416 0.1363 0.2916 0.1363 0.0416 0.0145 0.0051 0.0018 1.0000 1.0000 1.0000 1.0000 0.9392 0.3287 0.1151 0.0403 0.0141 0.0049 0.0017 1.0000 1.0000 1.0000 1.0000 0.9058 0.3171 0.1110 0.0388 0.0136 0.0048 0.0017 1.0000 1.0000 1.0000 1.0000 0.8787 0.3075 0.1074 0.0375 0.0131 0.0046 0.0016 1.0000 1.0000 1.0000 1.0000 0.8268 0.2867 0.0992 0.0342 0.0118 0.0040 0.0015 1.0000
0.0006 0.0043 0.0114 0.0337 0.0981 0.2856 0.8268 1.0000 1.0000 1.0000 1.0000 0.0016 0.0047 0.0134 0.0383 0.1097 0.3141 0.8973 1.0000 1.0000 1.0000 1.0000 0.0017 0.0049 0.0139 0.0397 0.1135 0.3244 0.9267 1.0000 1.0000 1.0000 1.0000 0.0018 0.0050 0.0144 0.0411 0.1177 0.3363 0.9608 1.0000 1.0000 1.0000 1.0000 0.0018 0.0052 0.0149 0.0424 0.1216 0.3983 0.8524 0.3983 0.1216 0.0424 0.0149 0.0052 0.0018 1.0000 1.0000 1.0000 1.0000 0.9608 0.3363 0.1177 0.0411 0.0144 0.0050 0.0018 1.0000 1.0000 1.0000 1.0000 0.9267 0.3244 0.1135 0.0397 0.0139 0.0049 0.0017 1.0000 1.0000 1.0000 1.0000 0.8973 0.3141 0.1097 0.0383 0.0134 0.0047 0.0016 1.0000 1.0000 1.0000 1.0000 0.8268 0.2856 0.0981 0.0337 0.0114 0.0043 0.0006
0.0018 0.0123 0.0327 0.0968 0.2813 0.8205 1.0000 1.0000 1.0000 1.0000 0.0016 0.0047 0.0136 0.0390 0.1118 0.3201 0.9162 1.0000 1.0000 1.0000 1.0000 0.0017 0.0050 0.0142 0.0407 0.1162 0.3319 0.9481 1.0000 1.0000 1.0000 1.0000 0.0018 0.0051 0.0147 0.0420 0.1202 0.3441 0.9830 1.0000 1.0000 1.0000 0.0007 0.0019 0.0053 0.0152 0.0435 0.1239 0.3554 1.0000 1.0000 1.0000 0.3554 0.1239 0.0435 0.0152 0.0053 0.0019 0.0007 1.0000 1.0000 1.0000 0.9830 0.3441 0.1202 0.0420 0.0147 0.0051 0.0018 1.0000 1.0000 1.0000 1.0000 0.9481 0.3319 0.1162 0.0407 0.0142 0.0050 0.0017 1.0000 1.0000 1.0000 1.0000 0.9162 0.3201 0.1118 0.0390 0.0136 0.0047 0.0016 1.0000 1.0000 1.0000 1.0000 0.8205 0.2813 0.0968 0.0327 0.0123 0.0018
0.0051 0.0354 0.0933 0.2770 0.8066 1.0000 1.0000 1.0000 1.0000 0.0017 0.0048 0.0137 0.0395 0.1135 0.3256 0.9338 1.0000 1.0000 1.0000 1.0000 0.0018 0.0051 0.0146 0.0416 0.1188 0.3395 0.9700 1.0000 1.0000 1.0000 0.0006 0.0018 0.0053 0.0150 0.0430 0.1230 0.3513 1.0000 1.0000 1.0000 1.0000 0.0007 0.0019 0.0054 0.0156 0.0445 0.1273 0.3622 1.0000 1.0000 1.0000 1.0000 1.0000 0.3622 0.1273 0.0445 0.0156 0.0054 0.0019 0.0007 1.0000 1.0000 1.0000 1.0000 0.3513 0.1230 0.0430 0.0150 0.0053 0.0018 0.0006 1.0000 1.0000 1.0000 0.9700 0.3395 0.1188 0.0416 0.0146 0.0051 0.0018 1.0000 1.0000 1.0000 1.0000 0.9338 0.3256 0.1135 0.0395 0.0137 0.0048 0.0017 1.0000 1.0000 1.0000 1.0000 0.8066 0.2770 0.0933 0.0354 0.0051
0.0147 0.1009 0.2677 0.7929 1.0000 1.0000 1.0000 1.0000 0.0016 0.0048 0.0138 0.0397 0.1146 0.3300 0.9481 1.0000 1.0000 1.0000 1.0000 0.0018 0.0052 0.0149 0.0426 0.1216 0.3474 0.9924 1.0000 1.0000 1.0000 0.0007 0.0019 0.0054 0.0153 0.0439 0.1256 0.3588 1.0000 1.0000 1.0000 1.0000 0.0007 0.0020 0.0056 0.0159 0.0454 0.1299 0.3720 1.0000 1.0000 1.0000 1.0000 1.0000 1.0000 1.0000 0.3720 0.1299 0.0454 0.0159 0.0056 0.0020 0.0007 1.0000 1.0000 1.0000 1.0000 0.3588 0.1256 0.0439 0.0153 0.0054 0.0019 0.0007 1.0000 1.0000 1.0000 0.9924 0.3474 0.1216 0.0426 0.0149 0.0052 0.0018 1.0000 1.0000 1.0000 1.0000 0.9481 0.3300 0.1146 0.0397 0.0138 0.0048 0.0016 1.0000 1.0000 1.0000 1.0000 0.7929 0.2677 0.1009 0.0147
0.0420 0.2894 0.7648 1.0000 1.0000 1.0000 1.0000 0.0016 0.0047 0.0137 0.0397 0.1151 0.3319 0.9572 1.0000 1.0000 1.0000 0.0006 0.0019 0.0053 0.0152 0.0435 0.1244 0.3554 1.0000 1.0000 1.0000 1.0000 0.0007 0.0019 0.0055 0.0157 0.0449 0.1282 0.3671 1.0000 1.0000 1.0000 1.0000 0.0007 0.0020 0.0057 0.0163 0.0465 0.1329 0.3798 1.0000 1.0000 1.0000 1.0000 1.0000 1.0000 1.0000 1.0000 1.0000 0.3798 0.1329 0.0465 0.0163 0.0057 0.0020 0.0007 1.0000 1.0000 1.0000 1.0000 0.3671 0.1282 0.0449 0.0157 0.0055 0.0019 0.0007 1.0000 1.0000 1.0000 1.0000 0.3554 0.1244 0.0435 0.0152 0.0053 0.0019 0.0006 1.0000 1.0000 1.0000 0.9572 0.3319 0.1151 0.0397 0.0137 0.0047 0.0016 1.0000 1.0000 1.0000 1.0000 0.7648 0.2894 0.0420
0.1202 0.8252 1.0000 1.0000 1.0000 1.0000 0.0016 0.0047 0.0136 0.0395 0.1146 0.3319 0.9608 1.0000 1.0000 1.0000 0.0007 0.0019 0.0054 0.0155 0.0444 0.1270 0.3629 1.0000 1.0000 1.0000 1.0000 0.0007 0.0020 0.0056 0.0161 0.0459 0.1309 0.3748 1.0000 1.0000 1.0000 1.0000 0.0007 0.0020 0.0058 0.0167 0.0476 0.1360 0.3879 1.0000 1.0000 1.0000 1.0000 0.0008 0.0018 0.0008 1.0000 1.0000 1.0000 1.0000 0.3879 0.1360 0.0476 0.0167 0.0058 0.0020 0.0007 1.0000 1.0000 1.0000 1.0000 0.3748 0.1309 0.0459 0.0161 0.0056 0.0020 0.0007 1.0000 1.0000 1.0000 1.0000 0.3629 0.1270 0.0444 0.0155 0.0054 0.0019 0.0007 1.0000 1.0000 1.0000 0.9608 0.3319 0.1146 0.0395 0.0136 0.0047 0.0016 1.0000 1.0000 1.0000 1.0000 0.8252 0.1202
0.3434 1.0000 1.0000 1.0000 1.0000 0.0016 0.0046 0.0134 0.0390 0.1135 0.3300 0.9572 1.0000 1.0000 1.0000 0.0007 0.0019 0.0055 0.0158 0.0452 0.1295 0.3706 1.0000 1.0000 1.0000 1.0000 0.0007 0.0020 0.0058 0.0164 0.0470 0.1342 0.3835 1.0000 1.0000 1.0000 1.0000 0.0007 0.0021 0.0060 0.0170 0.0487 0.1392 0.3976 1.0000 1.0000 1.0000 1.0000 0.0008 0.0025 0.0053 0.0025 0.0008 1.0000 1.0000 1.0000 1.0000 0.3976 0.1392 0.0487 0.0170 0.0060 0.0021 0.0007 1.0000 1.0000 1.0000 1.0000 0.3827 0.1342 0.0470 0.0164 0.0058 0.0020 0.0007 1.0000 1.0000 1.0000 1.0000 0.3706 0.1295 0.0452 0.0158 0.0055 0.0019 0.0007 1.0000 1.0000 1.0000 0.9572 0.3300 0.1135 0.0390 0.0134 0.0046 0.0016 1.0000 1.0000 1.0000 1.0000 0.3434
0.9812 1.0000 1.0000 1.0000 0.0015 0.0045 0.0131 0.0383 0.1118 0.3256 0.9481 1.0000 1.0000 1.0000 0.0007 0.0019 0.0056 0.0160 0.0459 0.1317 0.3777 1.0000 1.0000 1.0000 1.0000 0.0007 0.0021 0.0059 0.0168 0.0481 0.1373 0.3923 1.0000 1.0000 1.0000 1.0000 0.0007 0.0021 0.0061 0.0174 0.0498 0.1424 0.4068 1.0000 1.0000 1.0000 1.0000 0.0008 0.0022 0.0072 0.0155 0.0072 0.0022 0.0008 1.0000 1.0000 1.0000 1.0000 0.4068 0.1424 0.0498 0.0174 0.0061 0.0021 0.0007 1.0000 1.0000 1.0000 1.0000 0.3923 0.1373 0.0481 0.0168 0.0059 0.0021 0.0007 1.0000 1.0000 1.0000 1.0000 0.3777 0.1317 0.0459 0.0160 0.0056 0.0019 0.0007 1.0000 1.0000 1.0000 0.9481 0.3256 0.1118 0.0383 0.0131 0.0045 0.0015 1.0000 1.0000 1.0000 0.9812
1.0000 1.0000 1.0000 0.0015 0.0044 0.0129 0.0375 0.1097 0.3201 0.9338 1.0000 1.0000 1.0000 0.0007 0.0019 0.0056 0.0161 0.0464 0.1335 0.3835 1.0000 1.0000 1.0000 1.0000 0.0007 0.0021 0.0060 0.0172 0.0492 0.1405 0.4014 1.0000 1.0000 1.0000 1.0000 0.0008 0.0022 0.0062 0.0178 0.0510 0.1457 0.4161 1.0000 1.0000 1.0000 1.0000 0.0008 0.0022 0.0065 0.0211 0.0452 0.0211 0.0065 0.0022 0.0008 1.0000 1.0000 1.0000 1.0000 0.4161 0.1457 0.0510 0.0178 0.0062 0.0022 0.0008 1.0000 1.0000 1.0000 1.0000 0.4014 0.1405 0.0492 0.0172 0.0060 0.0021 0.0007 1.0000 1.0000 1.0000 1.0000 0.3835 0.1335 0.0464 0.0161 0.0056 0.0019 0.0007 1.0000 1.0000 1.0000 0.9338 0.3201 0.1097 0.0375 0.0129 0.0044 0.0015 1.0000 1.0000 1.0000
1.0000 1.0000 0.0015 0.0043 0.0126 0.0368 0.1074 0.3141 0.9162 1.0000 1.0000 1.0000 0.0007 0.0019 0.0056 0.0161 0.0465 0.1342 0.3871 1.0000 1.0000 1.0000 1.0000 0.0008 0.0021 0.0062 0.0176 0.0503 0.1437 0.4106 1.0000 1.0000 1.0000 1.0000 0.0008 0.0022 0.0064 0.0183 0.0522 0.1490 0.4257 1.0000 1.0000 1.0000 1.0000 0.0008 0.0023 0.0066 0.0189 0.0618 0.1322 0.0618 0.0189 0.0066 0.0023 0.0008 1.0000 1.0000 1.0000 1.0000 0.4257 0.1490 0.0522 0.0183 0.0064 0.0022 0.0008 1.0000 1.0000 1.0000 1.0000 0.4106 0.1437 0.0503 0.0176 0.0062 0.0021 0.0008 1.0000 1.0000 1.0000 1.0000 0.3871 0.1342 0.0465 0.0161 0.0056 0.0019 0.0007 1.0000 1.0000 1.0000 0.9162 0.3141 0.1074 0.0368 0.0126 0.0043 0.0015 1.0000 1.0000
1.0000 0.0016 0.0042 0.0123 0.0360 0.1052 0.3075 0.8973 1.0000 1.0000 1.0000 0.0006 0.0019 0.0055 0.0160 0.0464 0.1342 0.3886 1.0000 1.0000 1.0000 1.0000 0.0008 0.0022 0.0063 0.0179 0.0514 0.1468 0.4201 1.0000 1.0000 1.0000 1.0000 0.0008 0.0023 0.0065 0.0186 0.0534 0.1525 0.4356 1.0000 1.0000 1.0000 1.0000 0.0008 0.0024 0.0068 0.0192 0.0551 0.1806 0.3864 0.1806 0.0551 0.0192 0.0068 0.0024 0.0008 1.0000 1.0000 1.0000 1.0000 0.4356 0.1525 0.0534 0.0186 0.0065 0.0023 0.0008 1.0000 1.0000 1.0000 1.0000 0.4201 0.1468 0.0514 0.0179 0.0063 0.0022 0.0008 1.0000 1.0000 1.0000 1.0000 0.3886 0.1342 0.0464 0.0160 0.0055 0.0019 0.0006 1.0000 1.0000 1.0000 0.8973 0.3075 0.1052 0.0360 0.0123 0.0042 0.0016 1.0000
0.0007 0.0045 0.0119 0.0353 0.1028 0.3006 0.8787 1.0000 1.0000 1.0000 1.0000 0.0019 0.0054 0.0158 0.0459 0.1335 0.3871 1.0000 1.0000 1.0000 1.0000 0.0008 0.0022 0.0064 0.0183 0.0524 0.1499 0.4290 1.0000 1.0000 1.0000 1.0000 0.0008 0.0023 0.0067 0.0190 0.0545 0.1560 0.4456 1.0000 1.0000 1.0000 1.0000 0.0008 0.0024 0.0069 0.0197 0.0562 0.1611 0.5278 1.0000 0.5278 0.1611 0.0562 0.0197 0.0069 0.0024 0.0008 1.0000 1.0000 1.0000 1.0000 0.4456 0.1560 0.0545 0.0190 0.0067 0.0023 0.0008 1.0000 1.0000 1.0000 1.0000 0.4290 0.1499 0.0524 0.0183 0.0064 0.0022 0.0008 1.0000 1.0000 1.0000 1.0000 0.3871 0.1335 0.0459 0.0158 0.0054 0.0019 1.0000 1.0000 1.0000 1.0000 0.8787 0.3006 0.1028 0.0353 0.0119 0.0045 0.0007
0.0019 0.0128 0.0339 0.1007 0.2938 0.8589 1.0000 1.0000 1.0000 1.0000 0.0018 0.0053 0.0155 0.0452 0.1317 0.3835 1.0000 1.0000 1.0000 1.0000 0.0008 0.0022 0.0065 0.0186 0.0533 0.1527 0.4372 1.0000 1.0000 1.0000 1.0000 0.0008 0.0024 0.0068 0.0195 0.0557 0.1593 0.4559 1.0000 1.0000 1.0000 1.0000 0.0009 0.0025 0.0071 0.0202 0.0577 0.1642 0.4709 1.0000 1.0000 1.0000 0.4709 0.1642 0.0577 0.0202 0.0071 0.0025 0.0009 1.0000 1.0000 1.0000 1.0000 0.4559 0.1593 0.0557 0.0195 0.0068 0.0024 0.0008 1.0000 1.0000 1.0000 1.0000 0.4372 0.1527 0.0533 0.0186 0.0065 0.0022 0.0008 1.0000 1.0000 1.0000 1.0000 0.3835 0.1317 0.0452 0.0155 0.0053 0.0018 1.0000 1.0000 1.0000 1.0000 0.8589 0.2938 0.1007 0.0339 0.0128 0.0019
0.0053 0.0366 0.0970 0.2877 0.8395 1.0000 1.0000 1.0000 1.0000 0.0018 0.0052 0.0152 0.0444 0.1295 0.3777 1.0000 1.0000 1.0000 1.0000 0.0008 0.0023 0.0065 0.0187 0.0540 0.1551 0.4448 1.0000 1.0000 1.0000 1.0000 0.0009 0.0024 0.0069 0.0199 0.0569 0.1626 0.4656 1.0000 1.0000 1.0000 1.0000 0.0009 0.0025 0.0072 0.0206 0.0589 0.1686 0.4799 1.0000 1.0000 1.0000 1.0000 1.0000 0.4799 0.1686 0.0589 0.0206 0.0072 0.0025 0.0009 1.0000 1.0000 1.0000 1.0000 0.4656 0.1629 0.0569 0.0199 0.0069 0.0024 0.0009 1.0000 1.0000 1.0000 1.0000 0.4448 0.1551 0.0540 0.0187 0.0065 0.0023 0.0008 1.0000 1.0000 1.0000 1.0000 0.3777 0.1295 0.0444 0.0152 0.0052 0.0018 1.0000 1.0000 1.0000 1.0000 0.8395 0.2877 0.0970 0.0366 0.0053
0.0152 0.1046 0.2770 0.8221 1.0000 1.0000 1.0000 1.0000 0.0017 0.0051 0.0149 0.0435 0.1270 0.3706 1.0000 1.0000 1.0000 1.0000 0.0008 0.0022 0.0065 0.0188 0.0543 0.1566 0.4507 1.0000 1.0000 1.0000 1.0000 0.0009 0.0025 0.0071 0.0203 0.0581 0.1664 0.4763 1.0000 1.0000 1.0000 1.0000 0.0009 0.0026 0.0074 0.0211 0.0603 0.1722 0.4929 1.0000 1.0000 1.0000 1.0000 1.0000 1.0000 1.0000 0.4929 0.1722 0.0603 0.0211 0.0074 0.0026 0.0009 1.0000 1.0000 1.0000 1.0000 0.4754 0.1664 0.0581 0.0203 0.0071 0.0025 0.0009 1.0000 1.0000 1.0000 1.0000 0.4507 0.1566 0.0543 0.0188 0.0065 0.0022 0.0008 1.0000 1.0000 1.0000 1.0000 0.3706 0.1270 0.0435 0.0149 0.0051 0.0017 1.0000 1.0000 1.0000 1.0000 0.8221 0.2770 0.1046 0.0152
0.0435 0.2989 0.7914 1.0000 1.0000 1.0000 1.0000 0.0017 0.0050 0.0146 0.0426 0.1244 0.3629 1.0000 1.0000 1.0000 1.0000 0.0008 0.0022 0.0065 0.0187 0.0543 0.1572 0.4533 1.0000 1.0000 1.0000 1.0000 0.0009 0.0025 0.0073 0.0208 0.0594 0.1699 0.4864 1.0000 1.0000 1.0000 1.0000 0.0009 0.0026 0.0076 0.0216 0.0617 0.1758 0.5033 1.0000 1.0000 1.0000 1.0000 1.0000 1.0000 1.0000 1.0000 1.0000 0.5033 0.1758 0.0617 0.0216 0.0076 0.0026 0.0009 1.0000 1.0000 1.0000 1.0000 0.4864 0.1699 0.0594 0.0208 0.0073 0.0025 0.0009 1.0000 1.0000 1.0000 1.0000 0.4533 0.1572 0.0543 0.0187 0.0065 0.0022 0.0008 1.0000 1.0000 1.0000 1.0000 0.3629 0.1244 0.0426 0.0146 0.0050 0.0017 1.0000 1.0000 1.0000 1.0000 0.7914 0.2989 0.0435
0.1241 0.8540 1.0000 1.0000 1.0000 1.0000 0.0017 0.0049 0.0142 0.0416 0.1216 0.3554 1.0000 1.0000 1.0000 1.0000 0.0008 0.0022 0.0064 0.0186 0.0540 0.1566 0.4533 1.0000 1.0000 1.0000 1.0000 0.0009 0.0026 0.0074 0.0212 0.0606 0.1735 0.4967 1.0000 1.0000 1.0000 1.0000 0.0009 0.0027 0.0077 0.0221 0.0631 0.1802 0.5149 1.0000 1.0000 1.0000 1.0000 0.0011 0.0024 0.0011 1.0000 1.0000 1.0000 1.0000 0.5149 0.1802 0.0631 0.0221 0.0077 0.0027 0.0009 1.0000 1.0000 1.0000 1.0000 0.4967 0.1735 0.0606 0.0212 0.0074 0.0026 0.0009 1.0000 1.0000 1.0000 1.0000 0.4533 0.1566 0.0540 0.0186 0.0064 0.0022 0.0008 1.0000 1.0000 1.0000 1.0000 0.3554 0.1216 0.0416 0.0142 0.0049 0.0017 1.0000 1.0000 1.0000 1.0000 0.8540 0.1241
0.3547 1.0000 1.0000 1.0000 1.0000 0.0016 0.0048 0.0139 0.0407 0.1188 0.3474 1.0000 1.0000 1.0000 1.0000 0.0007 0.0021 0.0063 0.0183 0.0533 0.1551 0.4507 1.0000 1.0000 1.0000 1.0000 0.0009 0.0026 0.0075 0.0215 0.0618 0.1768 0.5062 1.0000 1.0000 1.0000 1.0000 0.0010 0.0028 0.0079 0.0226 0.0645 0.1844 0.5268 1.0000 1.0000 1.0000 1.0000 0.0010 0.0033 0.0070 0.0033 0.0010 1.0000 1.0000 1.0000 1.0000 0.5268 0.1844 0.0645 0.0226 0.0079 0.0028 0.0010 1.0000 1.0000 1.0000 1.0000 0.5062 0.1768 0.0618 0.0215 0.0075 0.0026 0.0009 1.0000 1.0000 1.0000 1.0000 0.4507 0.1551 0.0533 0.0183 0.0063 0.0021 0.0007 1.0000 1.0000 1.0000 1.0000 0.3474 0.1188 0.0407 0.0139 0.0048 0.0016 1.0000 1.0000 1.0000 1.0000 0.3547
1.0000 1.0000 1.0000 1.0000 0.0016 0.0047 0.0136 0.0397 0.1162 0.3395 0.9924 1.0000 1.0000 1.0000 0.0007 0.0021 0.0062 0.0179 0.0524 0.1527 0.4448 1.0000 1.0000 1.0000 1.0000 0.0009 0.0026 0.0076 0.0218 0.0627 0.1799 0.5159 1.0000 1.0000 1.0000 1.0000 0.0010 0.0028 0.0081 0.0231 0.0660 0.1886 0.5390 1.0000 1.0000 1.0000 1.0000 0.0010 0.0029 0.0096 0.0205 0.0096 0.0029 0.0010 1.0000 1.0000 1.0000 1.0000 0.5390 0.1886 0.0660 0.0231 0.0081 0.0028 0.0010 1.0000 1.0000 1.0000 1.0000 0.5159 0.1799 0.0627 0.0218 0.0076 0.0026 0.0009 1.0000 1.0000 1.0000 1.0000 0.4448 0.1527 0.0524 0.0179 0.0062 0.0021 0.0007 1.0000 1.0000 1.0000 0.9924 0.3395 0.1162 0.0397 0.0136 0.0047 0.0016 1.0000 1.0000 1.0000 1.0000
1.0000 1.0000 1.0000 0.0016 0.0045 0.0133 0.0388 0.1135 0.3319 0.9700 1.0000 1.0000 1.0000 0.0007 0.0021 0.0060 0.0176 0.0514 0.1499 0.4372 1.0000 1.0000 1.0000 1.0000 0.0009 0.0026 0.0076 0.0220 0.0633 0.1823 0.5238 1.0000 1.0000 1.0000 1.0000 0.0010 0.0029 0.0082 0.0236 0.0674 0.1930 0.5514 1.0000 1.0000 1.0000 1.0000 0.0010 0.0030 0.0085 0.0280 0.0599 0.0280 0.0085 0.0030 0.0010 1.0000 1.0000 1.0000 1.0000 0.5514 0.1930 0.0674 0.0236 0.0082 0.0029 0.0010 1.0000 1.0000 1.0000 1.0000 0.5238 0.1823 0.0633 0.0220 0.0076 0.0026 0.0009 1.0000 1.0000 1.0000 1.0000 0.4372 0.1499 0.0514 0.0176 0.0060 0.0021 0.0007 1.0000 1.0000 1.0000 0.9700 0.3319 0.1135 0.0388 0.0133 0.0045 0.0016 1.0000 1.0000 1.0000
1.0000 1.0000 0.0015 0.0045 0.0130 0.0380 0.1110 0.3244 0.9481 1.0000 1.0000 1.0000 0.0007 0.0020 0.0059 0.0172 0.0503 0.1468 0.4290 1.0000 1.0000 1.0000 1.0000 0.0009 0.0026 0.0076 0.0220 0.0636 0.1833 0.5288 1.0000 1.0000 1.0000 1.0000 0.0010 0.0029 0.0084 0.0241 0.0688 0.1971 0.5631 1.0000 1.0000 1.0000 1.0000 0.0011 0.0031 0.0087 0.0250 0.0819 0.1752 0.0819 0.0250 0.0087 0.0031 0.0011 1.0000 1.0000 1.0000 1.0000 0.5631 0.1971 0.0688 0.0241 0.0084 0.0029 0.0010 1.0000 1.0000 1.0000 1.0000 0.5288 0.1833 0.0636 0.0220 0.0076 0.0026 0.0009 1.0000 1.0000 1.0000 1.0000 0.4290 0.1468 0.0503 0.0172 0.0059 0.0020 0.0007 1.0000 1.0000 1.0000 0.9481 0.3244 0.1110 0.0380 0.0130 0.0045 0.0015 1.0000 1.0000
1.0000 0.0016 0.0043 0.0127 0.0371 0.1085 0.3171 0.9267 1.0000 1.0000 1.0000 0.0007 0.0020 0.0058 0.0168 0.0492 0.1437 0.4201 1.0000 1.0000 1.0000 1.0000 0.0009 0.0026 0.0075 0.0218 0.0633 0.1833 0.5308 1.0000 1.0000 1.0000 1.0000 0.0010 0.0030 0.0086 0.0245 0.0702 0.2009 0.5750 1.0000 1.0000 1.0000 1.0000 0.0011 0.0031 0.0089 0.0255 0.0730 0.2393 0.5120 0.2393 0.0730 0.0255 0.0089 0.0031 0.0011 1.0000 1.0000 1.0000 1.0000 0.5750 0.2009 0.0702 0.0245 0.0086 0.0030 0.0010 1.0000 1.0000 1.0000 1.0000 0.5308 0.1833 0.0633 0.0218 0.0075 0.0026 0.0009 1.0000 1.0000 1.0000 1.0000 0.4201 0.1437 0.0492 0.0168 0.0058 0.0020 0.0007 1.0000 1.0000 1.0000 0.9267 0.3171 0.1085 0.0371 0.0127 0.0043 0.0016 1.0000
0.0007 0.0046 0.0122 0.0363 0.1060 0.3099 0.9058 1.0000 1.0000 1.0000 0.0007 0.0019 0.0056 0.0164 0.0481 0.1405 0.4106 1.0000 1.0000 1.0000 1.0000 0.0009 0.0025 0.0074 0.0215 0.0627 0.1823 0.5288 1.0000 1.0000 1.0000 1.0000 0.0011 0.0030 0.0087 0.0250 0.0715 0.2047 0.5860 1.0000 1.0000 1.0000 1.0000 0.0011 0.0032 0.0091 0.0262 0.0744 0.2135 0.6994 1.0000 0.6994 0.2135 0.0744 0.0262 0.0091 0.0032 0.0011 1.0000 1.0000 1.0000 1.0000 0.5860 0.2047 0.0715 0.0250 0.0087 0.0030 0.0011 1.0000 1.0000 1.0000 1.0000 0.5288 0.1823 0.0627 0.0215 0.0074 0.0025 0.0009 1.0000 1.0000 1.0000 1.0000 0.4106 0.1405 0.0481 0.0164 0.0056 0.0019 0.0007 1.0000 1.0000 1.0000 0.9058 0.3099 0.1060 0.0363 0.0122 0.0046 0.0007
0.0019 0.0132 0.0350 0.1038 0.3029 0.8854 1.0000 1.0000 1.0000 0.0006 0.0019 0.0055 0.0161 0.0470 0.1373 0.4014 1.0000 1.0000 1.0000 1.0000 0.0009 0.0025 0.0073 0.0212 0.0618 0.1799 0.5238 1.0000 1.0000 1.0000 1.0000 0.0011 0.0031 0.0088 0.0254 0.0728 0.2087 0.5973 1.0000 1.0000 1.0000 1.0000 0.0011 0.0033 0.0093 0.0267 0.0764 0.2176 0.6240 1.0000 1.0000 1.0000 0.6240 0.2176 0.0764 0.0267 0.0093 0.0033 0.0011 1.0000 1.0000 1.0000 1.0000 0.5973 0.2087 0.0728 0.0254 0.0088 0.0031 0.0011 1.0000 1.0000 1.0000 1.0000 0.5238 0.1799 0.0618 0.0212 0.0073 0.0025 0.0009 1.0000 1.0000 1.0000 1.0000 0.4014 0.1373 0.0470 0.0161 0.0055 0.0019 0.0006 1.0000 1.0000 1.0000 0.8854 0.3029 0.1038 0.0350 0.0132 0.0019
0.0055 0.0377 0.0999 0.2966 0.8654 1.0000 1.0000 1.0000 1.0000 0.0018 0.0054 0.0157 0.0459 0.1342 0.3923 1.0000 1.0000 1.0000 1.0000 0.0008 0.0024 0.0071 0.0208 0.0606 0.1768 0.5159 1.0000 1.0000 1.0000 1.0000 0.0011 0.0031 0.0089 0.0256 0.0737 0.2119 0.6076 1.0000 1.0000 1.0000 1.0000 0.0012 0.0033 0.0095 0.0273 0.0781 0.2234 0.6360 1.0000 1.0000 1.0000 1.0000 1.0000 0.6360 0.2234 0.0781 0.0273 0.0095 0.0033 0.0012 1.0000 1.0000 1.0000 1.0000 0.6076 0.2119 0.0737 0.0256 0.0089 0.0031 0.0011 1.0000 1.0000 1.0000 1.0000 0.5159 0.1768 0.0606 0.0208 0.0071 0.0024 0.0008 1.0000 1.0000 1.0000 1.0000 0.3923 0.1342 0.0459 0.0157 0.0054 0.0018 1.0000 1.0000 1.0000 1.0000 0.8654 0.2966 0.0999 0.0377 0.0055
0.0157 0.1078 0.2861 0.8459 1.0000 1.0000 1.0000 1.0000 0.0018 0.0053 0.0153 0.0449 0.1309 0.3835 1.0000 1.0000 1.0000 1.0000 0.0008 0.0024 0.0069 0.0204 0.0595 0.1735 0.5062 1.0000 1.0000 1.0000 1.0000 0.0011 0.0031 0.0089 0.0257 0.0741 0.2139 0.6157 1.0000 1.0000 1.0000 1.0000 0.0012 0.0034 0.0097 0.0278 0.0797 0.2282 0.6519 1.0000 1.0000 1.0000 1.0000 1.0000 1.0000 1.0000 0.6519 0.2282 0.0797 0.0278 0.0097 0.0034 0.0012 1.0000 1.0000 1.0000 1.0000 0.6157 0.2139 0.0741 0.0257 0.0089 0.0031 0.0011 1.0000 1.0000 1.0000 1.0000 0.5062 0.1735 0.0594 0.0203 0.0069 0.0024 0.0008 1.0000 1.0000 1.0000 1.0000 0.3835 0.1309 0.0449 0.0153 0.0053 0.0018 1.0000 1.0000 1.0000 1.0000 0.8459 0.2861 0.1078 0.0157
0.0449 0.3093 0.8159 1.0000 1.0000 1.0000 1.0000 0.0018 0.0051 0.0150 0.0439 0.1282 0.3748 1.0000 1.0000 1.0000 1.0000 0.0008 0.0023 0.0068 0.0199 0.0581 0.1699 0.4967 1.0000 1.0000 1.0000 1.0000 0.0010 0.0030 0.0088 0.0256 0.0741 0.2147 0.6192 1.0000 1.0000 1.0000 1.0000 0.0012 0.0035 0.0099 0.0284 0.0812 0.2325 0.6657 1.0000 1.0000 1.0000 1.0000 0.0011 1.0000 1.0000 1.0000 1.0000 0.6657 0.2325 0.0812 0.0284 0.0099 0.0035 0.0012 1.0000 1.0000 1.0000 1.0000 0.6192 0.2147 0.0741 0.0256 0.0088 0.0030 0.0010 1.0000 1.0000 1.0000 1.0000 0.4967 0.1699 0.0581 0.0199 0.0068 0.0023 0.0008 1.0000 1.0000 1.0000 1.0000 0.3748 0.1282 0.0439 0.0150 0.0051 0.0018 1.0000 1.0000 1.0000 1.0000 0.8159 0.3093 0.0449
0.1282 0.8820 1.0000 1.0000 1.0000 1.0000 0.0017 0.0050 0.0147 0.0430 0.1256 0.3671 1.0000 1.0000 1.0000 1.0000 0.0008 0.0023 0.0067 0.0195 0.0569 0.1664 0.4864 1.0000 1.0000 1.0000 1.0000 0.0010 0.0030 0.0087 0.0254 0.0737 0.2139 0.6192 1.0000 1.0000 1.0000 1.0000 0.0012 0.0035 0.0101 0.0289 0.0828 0.2370 0.6784 1.0000 1.0000 1.0000 1.0000 0.0015 0.0032 0.0015 1.0000 1.0000 1.0000 1.0000 0.6784 0.2370 0.0828 0.0289 0.0101 0.0035 0.0012 1.0000 1.0000 1.0000 1.0000 0.6192 0.2139 0.0737 0.0254 0.0087 0.0030 0.0010 1.0000 1.0000 1.0000 1.0000 0.4864 0.1664 0.0569 0.0195 0.0067 0.0023 0.0008 1.0000 1.0000 1.0000 1.0000 0.3671 0.1256 0.0430 0.0147 0.0050 0.0017 1.0000 1.0000 1.0000 1.0000 0.8820 0.1282
0.3671 1.0000 1.0000 1.0000 1.0000 0.0017 0.0049 0.0144 0.0420 0.1230 0.3588 1.0000 1.0000 1.0000 1.0000 0.0008 0.0022 0.0065 0.0190 0.0557 0.1626 0.4763 1.0000 1.0000 1.0000 1.0000 0.0010 0.0029 0.0086 0.0250 0.0728 0.2119 0.6157 1.0000 1.0000 1.0000 1.0000 0.0012 0.0036 0.0103 0.0294 0.0844 0.2416 0.6915 1.0000 1.0000 1.0000 1.0000 0.0013 0.0043 0.0093 0.0043 0.0013 1.0000 1.0000 1.0000 1.0000 0.6915 0.2416 0.0844 0.0294 0.0103 0.0036 0.0012 1.0000 1.0000 1.0000 1.0000 0.6157 0.2119 0.0728 0.0250 0.0086 0.0029 0.0010 1.0000 1.0000 1.0000 1.0000 0.4763 0.1626 0.0557 0.0190 0.0065 0.0022 0.0008 1.0000 1.0000 1.0000 1.0000 0.3588 0.1230 0.0420 0.0144 0.0049 0.0017 1.0000 1.0000 1.0000 1.0000 0.3671
1.0000 1.0000 1.0000 1.0000 0.0016 0.0048 0.0141 0.0411 0.1202 0.3513 1.0000 1.0000 1.0000 1.0000 0.0007 0.0022 0.0064 0.0186 0.0545 0.1593 0.4656 1.0000 1.0000 1.0000 1.0000 0.0010 0.0029 0.0084 0.0245 0.0715 0.2087 0.6076 1.0000 1.0000 1.0000 1.0000 0.0012 0.0036 0.0104 0.0298 0.0857 0.2457 0.7047 1.0000 1.0000 1.0000 1.0000 0.0013 0.0039 0.0126 0.0271 0.0126 0.0039 0.0013 1.0000 1.0000 1.0000 1.0000 0.7047 0.2457 0.0857 0.0298 0.0104 0.0036 0.0012 1.0000 1.0000 1.0000 1.0000 0.6076 0.2087 0.0715 0.0245 0.0084 0.0029 0.0010 1.0000 1.0000 1.0000 1.0000 0.4656 0.1593 0.0545 0.0186 0.0064 0.0022 0.0007 1.0000 1.0000 1.0000 1.0000 0.3513 0.1202 0.0411 0.0141 0.0048 0.0016 1.0000 1.0000 1.0000 1.0000
1.0000 1.0000 1.0000 0.0016 0.0047 0.0138 0.0403 0.1177 0.3441 1.0000 1.0000 1.0000 1.0000 0.0007 0.0021 0.0062 0.0183 0.0534 0.1560 0.4559 1.0000 1.0000 1.0000 1.0000 0.0010 0.0028 0.0082 0.0241 0.0702 0.2047 0.5973 1.0000 1.0000 1.0000 1.0000 0.0012 0.0036 0.0104 0.0300 0.0865 0.2490 0.7155 1.0000 1.0000 1.0000 1.0000 0.0014 0.0039 0.0113 0.0369 0.0790 0.0369 0.0113 0.0039 0.0014 1.0000 1.0000 1.0000 1.0000 0.7155 0.2490 0.0865 0.0300 0.0104 0.0036 0.0012 1.0000 1.0000 1.0000 1.0000 0.5973 0.2047 0.0702 0.0241 0.0082 0.0028 0.0010 1.0000 1.0000 1.0000 1.0000 0.4559 0.1560 0.0534 0.0183 0.0062 0.0021 0.0007 1.0000 1.0000 1.0000 1.0000 0.3441 0.1177 0.0403 0.0138 0.0047 0.0016 1.0000 1.0000 1.0000
1.0000 1.0000 0.0016 0.0046 0.0135 0.0394 0.1151 0.3363 0.9830 1.0000 1.0000 1.0000 0.0007 0.0021 0.0061 0.0178 0.0522 0.1525 0.4456 1.0000 1.0000 1.0000 1.0000 0.0009 0.0028 0.0081 0.0236 0.0688 0.2009 0.5860 1.0000 1.0000 1.0000 1.0000 0.0012 0.0036 0.0104 0.0300 0.0868 0.2504 0.7224 1.0000 1.0000 1.0000 1.0000 0.0014 0.0040 0.0114 0.0329 0.1076 0.2303 0.1076 0.0329 0.0114 0.0040 0.0014 1.0000 1.0000 1.0000 1.0000 0.7224 0.2504 0.0868 0.0300 0.0104 0.0036 0.0012 1.0000 1.0000 1.0000 1.0000 0.5860 0.2009 0.0688 0.0236 0.0081 0.0028 0.0009 1.0000 1.0000 1.0000 1.0000 0.4456 0.1525 0.0522 0.0178 0.0061 0.0021 0.0007 1.0000 1.0000 1.0000 0.9830 0.3363 0.1151 0.0394 0.0135 0.0046 0.0016 1.0000 1.0000
1.0000 0.0017 0.0044 0.0132 0.0385 0.1125 0.3287 0.9608 1.0000 1.0000 1.0000 0.0007 0.0020 0.0060 0.0174 0.0510 0.1490 0.4356 1.0000 1.0000 1.0000 1.0000 0.0009 0.0027 0.0079 0.0231 0.0674 0.1971 0.5750 1.0000 1.0000 1.0000 1.0000 0.0012 0.0035 0.0103 0.0298 0.0865 0.2504 0.7251 1.0000 1.0000 1.0000 1.0000 0.0014 0.0041 0.0117 0.0334 0.0959 0.3141 0.6720 0.3141 0.0959 0.0334 0.0117 0.0041 0.0014 1.0000 1.0000 1.0000 1.0000 0.7251 0.2504 0.0865 0.0298 0.0103 0.0035 0.0012 1.0000 1.0000 1.0000 1.0000 0.5750 0.1971 0.0674 0.0231 0.0079 0.0027 0.0009 1.0000 1.0000 1.0000 1.0000 0.4356 0.1490 0.0510 0.0174 0.0060 0.0020 0.0007 1.0000 1.0000 1.0000 0.9608 0.3287 0.1125 0.0385 0.0132 0.0044 0.0017 1.0000
0.0007 0.0048 0.0127 0.0377 0.1099 0.3213 0.9392 1.0000 1.0000 1.0000 0.0007 0.0020 0.0058 0.0170 0.0498 0.1457 0.4257 1.0000 1.0000 1.0000 1.0000 0.0009 0.0026 0.0077 0.0226 0.0660 0.1930 0.5631 1.0000 1.0000 1.0000 1.0000 0.0012 0.0035 0.0101 0.0294 0.0857 0.2490 0.7224 1.0000 1.0000 1.0000 1.0000 0.0014 0.0041 0.0119 0.0341 0.0973 0.2797 0.9162 1.0000 0.9162 0.2797 0.0973 0.0341 0.0119 0.0041 0.0014 1.0000 1.0000 1.0000 1.0000 0.7224 0.2490 0.0857 0.0294 0.0101 0.0035 0.0012 1.0000 1.0000 1.0000 1.0000 0.5631 0.1930 0.0660 0.0226 0.0077 0.0026 0.0009 1.0000 1.0000 1.0000 1.0000 0.4257 0.1457 0.0498 0.0170 0.0058 0.0020 0.0007 1.0000 1.0000 1.0000 0.9392 0.3213 0.1099 0.0377 0.0127 0.0048 0.0007
0.0020 0.0137 0.0363 0.1076 0.3141 0.9180 1.0000 1.0000 1.0000 0.0007 0.0020 0.0057 0.0167 0.0487 0.1424 0.4161 1.0000 1.0000 1.0000 1.0000 0.0009 0.0026 0.0076 0.0221 0.0645 0.1886 0.5514 1.0000 1.0000 1.0000 1.0000 0.0012 0.0034 0.0099 0.0289 0.0844 0.2457 0.7155 1.0000 1.0000 1.0000 1.0000 0.0015 0.0042 0.0121 0.0347 0.0994 0.2839 0.8159 1.0000 1.0000 1.0000 0.8159 0.2839 0.0994 0.0347 0.0121 0.0042 0.0015 1.0000 1.0000 1.0000 1.0000 0.7155 0.2457 0.0844 0.0289 0.0099 0.0034 0.0012 1.0000 1.0000 1.0000 1.0000 0.5514 0.1886 0.0645 0.0221 0.0076 0.0026 0.0009 1.0000 1.0000 1.0000 1.0000 0.4161 0.1424 0.0487 0.0167 0.0057 0.0020 0.0007 1.0000 1.0000 1.0000 0.9180 0.3141 0.1076 0.0363 0.0137 0.0020
0.0057 0.0391 0.1038 0.3070 0.8973 1.0000 1.0000 1.0000 0.0007 0.0019 0.0056 0.0163 0.0476 0.1392 0.4068 1.0000 1.0000 1.0000 1.0000 0.0009 0.0025 0.0074 0.0216 0.0631 0.1844 0.5390 1.0000 1.0000 1.0000 1.0000 0.0011 0.0033 0.0097 0.0284 0.0828 0.2416 0.7047 1.0000 1.0000 1.0000 1.0000 0.0015 0.0042 0.0121 0.0350 0.1007 0.2894 0.8268 1.0000 1.0000 1.0000 1.0000 1.0000 0.8268 0.2894 0.1007 0.0350 0.0121 0.0042 0.0015 1.0000 1.0000 1.0000 1.0000 0.7047 0.2416 0.0828 0.0284 0.0097 0.0033 0.0011 1.0000 1.0000 1.0000 1.0000 0.5390 0.1844 0.0631 0.0216 0.0074 0.0025 0.0009 1.0000 1.0000 1.0000 1.0000 0.4068 0.1392 0.0476 0.0163 0.0056 0.0019 0.0007 1.0000 1.0000 1.0000 0.8973 0.3075 0.1036 0.0391 0.0057
0.0162 0.1120 0.2966 0.8770 1.0000 1.0000 1.0000 1.0000 0.0019 0.0054 0.0159 0.0465 0.1358 0.3976 1.0000 1.0000 1.0000 1.0000 0.0008 0.0025 0.0072 0.0211 0.0615 0.1802 0.5258 1.0000 1.0000 1.0000 1.0000 0.0011 0.0033 0.0095 0.0278 0.0812 0.2370 0.6915 1.0000 1.0000 1.0000 1.0000 0.0014 0.0042 0.0121 0.0351 0.1013 0.2922 0.8411 1.0000 1.0000 1.0000 1.0000 1.0000 1.0000 1.0000 0.8411 0.2922 0.1013 0.0351 0.0121 0.0042 0.0014 1.0000 1.0000 1.0000 1.0000 0.6915 0.2370 0.0812 0.0278 0.0095 0.0033 0.0011 1.0000 1.0000 1.0000 1.0000 0.5268 0.1802 0.0617 0.0211 0.0072 0.0025 0.0008 1.0000 1.0000 1.0000 1.0000 0.3976 0.1360 0.0465 0.0159 0.0054 0.0019 1.0000 1.0000 1.0000 1.0000 0.8770 0.2966 0.1116 0.0162
0.0465 0.3201 0.8459 1.0000 1.0000 1.0000 1.0000 0.0018 0.0053 0.0156 0.0455 0.1329 0.3886 1.0000 1.0000 1.0000 1.0000 0.0008 0.0024 0.0071 0.0206 0.0603 0.1762 0.5149 1.0000 1.0000 1.0000 1.0000 0.0011 0.0032 0.0093 0.0273 0.0797 0.2325 0.6784 1.0000 1.0000 1.0000 1.0000 0.0014 0.0041 0.0121 0.0350 0.1013 0.2933 0.8459 1.0000 1.0000 1.0000 1.0000 0.0014 1.0000 1.0000 1.0000 1.0000 0.8459 0.2933 0.1013 0.0350 0.0121 0.0041 0.0014 1.0000 1.0000 1.0000 1.0000 0.6784 0.2325 0.0797 0.0273 0.0093 0.0032 0.0011 1.0000 1.0000 1.0000 1.0000 0.5149 0.1758 0.0603 0.0206 0.0071 0.0024 0.0008 1.0000 1.0000 1.0000 1.0000 0.3879 0.1329 0.0454 0.0156 0.0053 0.0018 1.0000 1.0000 1.0000 1.0000 0.8475 0.3201 0.0464
0.1332 0.9145 1.0000 1.0000 1.0000 1.0000 0.0018 0.0052 0.0152 0.0445 0.1302 0.3806 1.0000 1.0000 1.0000 1.0000 0.0008 0.0024 0.0069 0.0202 0.0590 0.1725 0.5043 1.0000 1.0000 1.0000 1.0000 0.0011 0.0031 0.0092 0.0268 0.0782 0.2282 0.6657 1.0000 1.0000 1.0000 1.0000 0.0014 0.0041 0.0119 0.0347 0.1007 0.2922 0.8459 1.0000 1.0000 1.0000 1.0000 0.0019 0.0041 0.0019 1.0000 1.0000 1.0000 1.0000 0.8459 0.2922 0.1007 0.0347 0.0119 0.0041 0.0014 1.0000 1.0000 1.0000 1.0000 0.6657 0.2282 0.0781 0.0267 0.0091 0.0031 0.0011 1.0000 1.0000 1.0000 1.0000 0.5033 0.1722 0.0589 0.0202 0.0069 0.0024 0.0008 1.0000 1.0000 1.0000 1.0000 0.3798 0.1299 0.0445 0.0152 0.0052 0.0018 1.0000 1.0000 1.0000 1.0000 0.9162 0.1329
0.3806 1.0000 1.0000 1.0000 1.0000 0.0017 0.0051 0.0149 0.0436 0.1275 0.3727 1.0000 1.0000 1.0000 1.0000 0.0008 0.0023 0.0068 0.0198 0.0578 0.1689 0.4938 1.0000 1.0000 1.0000 1.0000 0.0010 0.0031 0.0090 0.0262 0.0766 0.2234 0.6531 1.0000 1.0000 1.0000 1.0000 0.0014 0.0040 0.0117 0.0341 0.0994 0.2894 0.8411 1.0000 1.0000 1.0000 1.0000 0.0017 0.0056 0.0120 0.0056 0.0017 1.0000 1.0000 1.0000 1.0000 0.8411 0.2894 0.0994 0.0341 0.0117 0.0040 0.0014 1.0000 1.0000 1.0000 1.0000 0.6519 0.2234 0.0764 0.0262 0.0089 0.0031 0.0010 1.0000 1.0000 1.0000 1.0000 0.4929 0.1686 0.0577 0.0197 0.0068 0.0023 0.0008 1.0000 1.0000 1.0000 1.0000 0.3720 0.1273 0.0435 0.0149 0.0051 0.0017 1.0000 1.0000 1.0000 1.0000 0.3806
1.0000 1.0000 1.0000 1.0000 0.0017 0.0050 0.0146 0.0426 0.1246 0.3643 1.0000 1.0000 1.0000 1.0000 0.0008 0.0023 0.0066 0.0193 0.0565 0.1651 0.4827 1.0000 1.0000 1.0000 1.0000 0.0010 0.0030 0.0088 0.0256 0.0749 0.2188 0.6396 1.0000 1.0000 1.0000 1.0000 0.0013 0.0039 0.0115 0.0335 0.0977 0.2850 0.8300 1.0000 1.0000 1.0000 1.0000 0.0017 0.0049 0.0162 0.0348 0.0161 0.0048 0.0017 1.0000 1.0000 1.0000 1.0000 0.8268 0.2839 0.0973 0.0334 0.0114 0.0039 0.0013 1.0000 1.0000 1.0000 1.0000 0.6360 0.2176 0.0744 0.0255 0.0087 0.0030 0.0010 1.0000 1.0000 1.0000 1.0000 0.4799 0.1642 0.0562 0.0192 0.0066 0.0022 0.0008 1.0000 1.0000 1.0000 1.0000 0.3622 0.1239 0.0424 0.0145 0.0050 0.0017 1.0000 1.0000 1.0000 1.0000
1.0000 1.0000 1.0000 0.0017 0.0049 0.0143 0.0416 0.1218 0.3554 1.0000 1.0000 1.0000 1.0000 0.0008 0.0022 0.0065 0.0189 0.0552 0.1611 0.4718 1.0000 1.0000 1.0000 1.0000 0.0010 0.0029 0.0085 0.0250 0.0730 0.2139 0.6240 1.0000 1.0000 1.0000 1.0000 0.0013 0.0039 0.0113 0.0329 0.0959 0.2797 0.8159 1.0000 1.0000 1.0000 1.0000 0.0017 0.0049 0.0142 0.0468 0.1025 0.0488 0.0151 0.0048 0.0017 1.0000 1.0000 1.0000 1.0000 0.8159 0.2797 0.0959 0.0329 0.0113 0.0039 0.0013 1.0000 1.0000 1.0000 1.0000 0.6240 0.2135 0.0730 0.0250 0.0085 0.0029 0.0010 1.0000 1.0000 1.0000 1.0000 0.4709 0.1611 0.0551 0.0189 0.0065 0.0022 0.0008 1.0000 1.0000 1.0000 1.0000 0.3554 0.1216 0.0416 0.0142 0.0049 0.0017 1.0000 1.0000 1.0000
1.0000 1.0000 0.0016 0.0048 0.0139 0.0407 0.1191 0.3480 1.0000 1.0000 1.0000 1.0000 0.0007 0.0022 0.0063 0.0185 0.0540 0.1578 0.4611 1.0000 1.0000 1.0000 1.0000 0.0010 0.0029 0.0084 0.0245 0.0715 0.2090 0.6111 1.0000 1.0000 1.0000 1.0000 0.0013 0.0038 0.0110 0.0322 0.0940 0.2744 0.8005 1.0000 1.0000 1.0000 1.0000 0.0017 0.0049 0.0141 0.0407 0.1378 0.3000 0.1421 0.0521 0.0182 0.0055 0.0019 1.0000 1.0000 1.0000 1.0000 0.9162 0.3141 0.1076 0.0369 0.0126 0.0043 0.0015 1.0000 1.0000 1.0000 1.0000 0.6994 0.2393 0.0819 0.0280 0.0096 0.0033 0.0011 1.0000 1.0000 1.0000 1.0000 0.5278 0.1806 0.0618 0.0211 0.0072 0.0025 0.0008 1.0000 1.0000 1.0000 1.0000 0.3983 0.1363 0.0466 0.0159 0.0055 0.0019 1.0000 1.0000
1.0000 0.0017 0.0046 0.0137 0.0399 0.1166 0.3408 0.9962 1.0000 1.0000 1.0000 0.0007 0.0021 0.0062 0.0181 0.0529 0.1545 0.4516 1.0000 1.0000 1.0000 1.0000 0.0010 0.0028 0.0082 0.0240 0.0700 0.2047 0.5984 1.0000 1.0000 1.0000 1.0000 0.0013 0.0037 0.0108 0.0316 0.0923 0.2692 0.7854 1.0000 1.0000 1.0000 1.0000 0.0017 0.0048 0.0140 0.0405 0.1186 0.4201 0.6311 0.1157 0.0140 0.0361 0.0126 0.0041 0.0014 1.0000 1.0000 1.0000 1.0000 0.6707 0.2303 0.0790 0.0271 0.0093 0.0032 0.0011 1.0000 1.0000 1.0000 1.0000 0.5120 0.1752 0.0599 0.0205 0.0070 0.0024 1.0000 1.0000 1.0000 1.0000 1.0000 0.3864 0.1322 0.0452 0.0155 0.0053 0.0018 1.0000 1.0000 1.0000 1.0000 0.8524 0.2916 0.0999 0.0342 0.0118 0.0040 0.0015 1.0000
0.0007 0.0050 0.0132 0.0391 0.1142 0.3338 0.9756 1.0000 1.0000 1.0000 0.0007 0.0021 0.0061 0.0177 0.0518 0.1513 0.4423 1.0000 1.0000 1.0000 1.0000 0.0009 0.0027 0.0080 0.0235 0.0686 0.2005 0.5860 1.0000 1.0000 1.0000 1.0000 0.0012 0.0036 0.0106 0.0310 0.0905 0.2641 0.7706 1.0000 1.0000 1.0000 1.0000 0.0016 0.0047 0.0138 0.0403 0.1166 0.3428 1.0000 1.0000 1.0000 0.0008 0.0095 0.0067 0.0019 1.0000 1.0000 1.0000 1.0000 0.9145 0.3141 0.1076 0.0369 0.0126 0.0043 0.0015 1.0000 1.0000 1.0000 1.0000 0.6994 0.2393 0.0819 0.0280 0.0096 0.0033 0.0011 1.0000 1.0000 1.0000 1.0000 0.5278 0.1806 0.0618 0.0211 0.0072 0.0025 0.0008 1.0000 1.0000 1.0000 1.0000 0.3983 0.1363 0.0466 0.0159 0.0055 0.0019 1.0000 1.0000
0.0021 0.0142 0.0377 0.1116 0.3256 0.9536 1.0000 1.0000 1.0000 0.0007 0.0020 0.0059 0.0173 0.0506 0.1476 0.4323 1.0000 1.0000 1.0000 1.0000 0.0009 0.0027 0.0078 0.0229 0.0669 0.1960 0.5717 1.0000 1.0000 1.0000 1.0000 0.0012 0.0036 0.0104 0.0304 0.0887 0.2592 0.7561 1.0000 1.0000 1.0000 1.0000 0.0016 0.0046 0.0135 0.0395 0.1153 0.3350 0.9793 1.0000 1.0000 1.0000 0.0011 0.0051 0.0020 1.0000 1.0000 1.0000 1.0000 0.8143 0.2797 0.0959 0.0329 0.0113 0.0039 0.0013 1.0000 1.0000 1.0000 1.0000 0.6240 0.2135 0.0730 0.0250 0.0085 0.0029 0.0010 1.0000 1.0000 1.0000 1.0000 0.4709 0.1611 0.0551 0.0189 0.0065 0.0022 0.0008 1.0000 1.0000 1.0000 1.0000 0.3554 0.1216 0.0416 0.0142 0.0049 0.0017 1.0000 1.0000 1.0000
0.0059 0.0403 0.1070 0.3171 0.9250 1.0000 1.0000 1.0000 0.0007 0.0020 0.0057 0.0168 0.0491 0.1435 0.4193 1.0000 1.0000 1.0000 1.0000 0.0009 0.0026 0.0076 0.0222 0.0650 0.1901 0.5556 1.0000 1.0000 1.0000 1.0000 0.0012 0.0035 0.0101 0.0295 0.0862 0.2519 0.7362 1.0000 1.0000 1.0000 1.0000 0.0015 0.0045 0.0132 0.0385 0.1122 0.3275 0.9536 1.0000 1.0000 1.0000 1.0000 0.0039 0.0025 1.0000 1.0000 1.0000 1.0000 0.8268 0.2839 0.0973 0.0334 0.0114 0.0039 0.0013 1.0000 1.0000 1.0000 1.0000 0.6360 0.2176 0.0744 0.0255 0.0087 0.0030 0.0010 1.0000 1.0000 1.0000 1.0000 0.4799 0.1642 0.0562 0.0192 0.0066 0.0022 0.0008 1.0000 1.0000 1.0000 1.0000 0.3622 0.1239 0.0424 0.0145 0.0050 0.0017 1.0000 1.0000 1.0000 1.0000
0.0175 0.1184 0.3129 0.9250 1.0000 1.0000 1.0000 0.0007 0.0020 0.0057 0.0168 0.0490 0.1432 0.4185 1.0000 1.0000 1.0000 1.0000 0.0009 0.0026 0.0076 0.0222 0.0649 0.1897 0.5546 1.0000 1.0000 1.0000 1.0000 0.0012 0.0035 0.0101 0.0295 0.0860 0.2519 0.7362 1.0000 1.0000 1.0000 1.0000 0.0016 0.0045 0.0132 0.0385 0.1125 0.3281 0.9572 1.0000 1.0000 1.0000 0.0007 0.0029 0.0028 1.0000 1.0000 1.0000 1.0000 0.8411 0.2894 0.0994 0.0341 0.0117 0.0040 0.0014 1.0000 1.0000 1.0000 1.0000 0.6519 0.2234 0.0764 0.0262 0.0089 0.0031 0.0010 1.0000 1.0000 1.0000 1.0000 0.4929 0.1686 0.0577 0.0197 0.0068 0.0023 0.0008 1.0000 1.0000 1.0000 1.0000 0.3720 0.1273 0.0435 0.0149 0.0051 0.0017 1.0000 1.0000 1.0000 1.0000 0.3806
0.0627 0.4233 1.0000 1.0000 1.0000 1.0000 0.0008 0.0024 0.0070 0.0203 0.0595 0.1738 0.5081 1.0000 1.0000 1.0000 1.0000 0.0011 0.0032 0.0092 0.0270 0.0788 0.2303 0.6733 1.0000 1.0000 1.0000 1.0000 0.0014 0.0042 0.0122 0.0357 0.1044 0.3052 0.8905 1.0000 1.0000 1.0000 1.0000 0.0019 0.0055 0.0160 0.0467 0.1363 0.3976 1.0000 1.0000 1.0000 1.0000 0.0009 0.0027 0.0028 1.0000 1.0000 1.0000 1.0000 0.8459 0.2922 0.1007 0.0347 0.0119 0.0041 0.0014 1.0000 1.0000 1.0000 1.0000 0.6657 0.2282 0.0781 0.0267 0.0091 0.0031 0.0011 1.0000 1.0000 1.0000 1.0000 0.5033 0.1722 0.0589 0.0202 0.0069 0.0024 0.0008 1.0000 1.0000 1.0000 1.0000 0.3798 0.1299 0.0445 0.0152 0.0052 0.0018 1.0000 1.0000 1.0000 1.0000 0.9162 0.1329
