0.4069 0.4182 0.4243 0.4206 0.4037 0.3638 0.2878 0.2588 0.2778 0.3123 0.3567 0.3977 0.4186 0.4245 0.4203 0.4028 0.3615 0.2853 0.2589 0.2788 0.3137 0.3582 0.3987 0.4190 0.4245 0.4199 0.4019 0.3596 0.2836 0.2590 0.2797 0.3149 0.3596 0.3997 0.4193 0.4245 0.4196 0.4010 0.3574 0.2815 0.2592 0.2806 0.3162 0.3611 0.4007 0.4197 0.4245 0.4193 0.4000 0.3503 0.2958 0.3503 0.4000 0.4193 0.4245 0.4197 0.4007 0.3611 0.3162 0.2806 0.2592 0.2815 0.3574 0.4010 0.4196 0.4245 0.4193 0.3997 0.3596 0.3149 0.2797 0.2590 0.2836 0.3596 0.4019 0.4199 0.4245 0.4190 0.3987 0.3582 0.3137 0.2788 0.2589 0.2853 0.3615 0.4028 0.4203 0.4245 0.4186 0.3977 0.3567 0.3123 0.2778 0.2588 0.2878 0.3638 0.4037 0.4206 0.4243 0.4182 0.4069
0.4182 0.4252 0.4093 0.3801 0.3241 0.2220 0.1855 0.2208 0.2739 0.3389 0.3988 0.4229 0.4228 0.4085 0.3786 0.3210 0.2186 0.1859 0.2225 0.2760 0.3413 0.4003 0.4232 0.4226 0.4078 0.3774 0.3185 0.2160 0.1863 0.2238 0.2777 0.3432 0.4016 0.4234 0.4224 0.4071 0.3760 0.3156 0.2132 0.1869 0.2254 0.2798 0.3455 0.4030 0.4236 0.4221 0.4063 0.3747 0.3122 0.2089 0.1770 0.2089 0.3122 0.3747 0.4063 0.4221 0.4236 0.4030 0.3455 0.2798 0.2254 0.1869 0.2132 0.3156 0.3760 0.4071 0.4224 0.4234 0.4016 0.3432 0.2777 0.2238 0.1863 0.2160 0.3185 0.3774 0.4078 0.4226 0.4232 0.4003 0.3413 0.2760 0.2225 0.1859 0.2186 0.3210 0.3786 0.4085 0.4228 0.4229 0.3988 0.3389 0.2739 0.2208 0.1855 0.2220 0.3241 0.3801 0.4093 0.4252 0.4182
0.4243 0.4093 0.3799 0.3232 0.2208 0.1860 0.2222 0.2759 0.3413 0.4000 0.4217 0.4208 0.4071 0.3778 0.3193 0.2170 0.1866 0.2241 0.2782 0.3438 0.4014 0.4219 0.4205 0.4065 0.3765 0.3167 0.2144 0.1870 0.2254 0.2800 0.3457 0.4026 0.4221 0.4203 0.4058 0.3751 0.3138 0.2117 0.1877 0.2271 0.2821 0.3480 0.4039 0.4223 0.4200 0.4052 0.3737 0.3109 0.2095 0.1896 0.2078 0.1896 0.2095 0.3109 0.3737 0.4052 0.4200 0.4223 0.4039 0.3480 0.2821 0.2271 0.1877 0.2117 0.3138 0.3751 0.4058 0.4203 0.4221 0.4026 0.3457 0.2800 0.2254 0.1870 0.2144 0.3167 0.3765 0.4065 0.4205 0.4219 0.4014 0.3438 0.2782 0.2241 0.1866 0.2170 0.3193 0.3778 0.4071 0.4208 0.4217 0.4000 0.3413 0.2759 0.2222 0.1860 0.2208 0.3232 0.3799 0.4093 0.4243
0.4206 0.3801 0.3232 0.2202 0.1861 0.2228 0.2768 0.3424 0.4008 0.4220 0.4207 0.4067 0.3768 0.3174 0.2151 0.1868 0.2250 0.2795 0.3452 0.4023 0.4222 0.4205 0.4060 0.3755 0.3147 0.2126 0.1874 0.2265 0.2813 0.3472 0.4035 0.4223 0.4202 0.4054 0.3742 0.3118 0.2101 0.1881 0.2281 0.2834 0.3495 0.4048 0.4225 0.4199 0.4047 0.3728 0.3087 0.2077 0.1904 0.2315 0.2577 0.2315 0.1904 0.2077 0.3087 0.3728 0.4047 0.4199 0.4225 0.4048 0.3495 0.2834 0.2281 0.1881 0.2101 0.3118 0.3742 0.4054 0.4202 0.4223 0.4035 0.3472 0.2813 0.2265 0.1874 0.2126 0.3147 0.3755 0.4060 0.4205 0.4222 0.4023 0.3452 0.2795 0.2250 0.1868 0.2151 0.3174 0.3768 0.4067 0.4207 0.4220 0.4008 0.3424 0.2768 0.2228 0.1861 0.2202 0.3232 0.3801 0.4206
0.4037 0.3241 0.2208 0.1861 0.2231 0.2774 0.3433 0.4014 0.4220 0.4206 0.4063 0.3761 0.3157 0.2134 0.1872 0.2260 0.2808 0.3467 0.4032 0.4223 0.4202 0.4056 0.3746 0.3128 0.2109 0.1879 0.2275 0.2826 0.3486 0.4043 0.4224 0.4200 0.4050 0.3733 0.3099 0.2085 0.1886 0.2292 0.2848 0.3509 0.4055 0.4225 0.4197 0.4042 0.3718 0.3067 0.2063 0.1894 0.2327 0.2893 0.3224 0.2893 0.2327 0.1894 0.2063 0.3067 0.3718 0.4042 0.4197 0.4225 0.4055 0.3509 0.2848 0.2292 0.1886 0.2085 0.3099 0.3733 0.4050 0.4200 0.4224 0.4043 0.3486 0.2826 0.2275 0.1879 0.2109 0.3128 0.3746 0.4056 0.4202 0.4223 0.4032 0.3467 0.2808 0.2260 0.1872 0.2134 0.3157 0.3761 0.4063 0.4206 0.4220 0.4014 0.3433 0.2774 0.2231 0.1861 0.2208 0.3241 0.4037
0.3638 0.2220 0.1860 0.2228 0.2774 0.3437 0.4018 0.4221 0.4204 0.4059 0.3753 0.3141 0.2119 0.1876 0.2270 0.2820 0.3480 0.4040 0.4224 0.4201 0.4051 0.3737 0.3108 0.2093 0.1884 0.2285 0.2840 0.3501 0.4051 0.4225 0.4198 0.4045 0.3724 0.3080 0.2071 0.1891 0.2302 0.2861 0.3523 0.4063 0.4226 0.4195 0.4037 0.3709 0.3047 0.2049 0.1900 0.2316 0.2906 0.3575 0.3887 0.3575 0.2906 0.2316 0.1900 0.2049 0.3047 0.3709 0.4037 0.4195 0.4226 0.4063 0.3523 0.2861 0.2302 0.1891 0.2071 0.3080 0.3724 0.4045 0.4198 0.4225 0.4051 0.3501 0.2840 0.2285 0.1884 0.2093 0.3108 0.3737 0.4051 0.4201 0.4224 0.4040 0.3480 0.2820 0.2270 0.1876 0.2119 0.3141 0.3753 0.4059 0.4204 0.4221 0.4018 0.3437 0.2774 0.2228 0.1860 0.2220 0.3638
0.2878 0.1855 0.2222 0.2768 0.3433 0.4018 0.4221 0.4204 0.4057 0.3746 0.3126 0.2106 0.1880 0.2279 0.2833 0.3494 0.4048 0.4225 0.4199 0.4046 0.3727 0.3087 0.2078 0.1889 0.2296 0.2853 0.3515 0.4059 0.4226 0.4196 0.4040 0.3714 0.3060 0.2057 0.1897 0.2312 0.2874 0.3538 0.4070 0.4227 0.4193 0.4032 0.3699 0.3025 0.2036 0.1907 0.2327 0.2893 0.3582 0.4101 0.4203 0.4101 0.3582 0.2893 0.2327 0.1907 0.2036 0.3025 0.3699 0.4032 0.4193 0.4227 0.4070 0.3538 0.2874 0.2312 0.1897 0.2057 0.3060 0.3714 0.4040 0.4196 0.4226 0.4059 0.3515 0.2853 0.2296 0.1889 0.2078 0.3087 0.3727 0.4046 0.4199 0.4225 0.4048 0.3494 0.2833 0.2279 0.1880 0.2106 0.3126 0.3746 0.4057 0.4204 0.4221 0.4018 0.3433 0.2768 0.2222 0.1855 0.2878
0.2588 0.2208 0.2759 0.3424 0.4014 0.4221 0.4204 0.4056 0.3743 0.3116 0.2096 0.1883 0.2287 0.2844 0.3507 0.4055 0.4225 0.4197 0.4041 0.3717 0.3067 0.2063 0.1895 0.2306 0.2867 0.3529 0.4066 0.4227 0.4194 0.4035 0.3704 0.3038 0.2044 0.1903 0.2322 0.2887 0.3551 0.4078 0.4228 0.4190 0.4027 0.3689 0.3003 0.2022 0.1914 0.2338 0.2907 0.3571 0.4095 0.4231 0.4198 0.4231 0.4095 0.3571 0.2907 0.2338 0.1914 0.2022 0.3003 0.3689 0.4027 0.4190 0.4228 0.4078 0.3551 0.2887 0.2322 0.1903 0.2044 0.3038 0.3704 0.4035 0.4194 0.4227 0.4066 0.3529 0.2867 0.2306 0.1895 0.2063 0.3067 0.3717 0.4041 0.4197 0.4225 0.4055 0.3507 0.2844 0.2287 0.1883 0.2096 0.3116 0.3743 0.4056 0.4204 0.4221 0.4014 0.3424 0.2759 0.2208 0.2588
0.2778 0.2739 0.3413 0.4008 0.4220 0.4204 0.4057 0.3743 0.3113 0.2090 0.1886 0.2293 0.2853 0.3518 0.4061 0.4226 0.4195 0.4037 0.3708 0.3045 0.2048 0.1901 0.2317 0.2881 0.3544 0.4073 0.4227 0.4192 0.4030 0.3694 0.3016 0.2030 0.1910 0.2332 0.2900 0.3565 0.4084 0.4228 0.4188 0.4022 0.3678 0.2980 0.2010 0.1921 0.2348 0.2921 0.3586 0.4093 0.4229 0.4171 0.4046 0.4171 0.4229 0.4093 0.3586 0.2921 0.2348 0.1921 0.2010 0.2980 0.3678 0.4022 0.4188 0.4228 0.4084 0.3565 0.2900 0.2332 0.1910 0.2030 0.3016 0.3694 0.4030 0.4192 0.4227 0.4073 0.3544 0.2881 0.2317 0.1901 0.2048 0.3045 0.3708 0.4037 0.4195 0.4226 0.4061 0.3518 0.2853 0.2293 0.1886 0.2090 0.3113 0.3743 0.4057 0.4204 0.4220 0.4008 0.3413 0.2739 0.2778
0.3123 0.3389 0.4000 0.4220 0.4206 0.4059 0.3746 0.3116 0.2090 0.1887 0.2296 0.2859 0.3526 0.4066 0.4227 0.4193 0.4033 0.3699 0.3025 0.2035 0.1907 0.2328 0.2894 0.3558 0.4081 0.4228 0.4190 0.4025 0.3684 0.2993 0.2017 0.1917 0.2342 0.2913 0.3579 0.4091 0.4229 0.4186 0.4017 0.3668 0.2957 0.1998 0.1929 0.2359 0.2934 0.3600 0.4100 0.4229 0.4183 0.3979 0.3724 0.3979 0.4183 0.4229 0.4100 0.3600 0.2934 0.2359 0.1929 0.1998 0.2957 0.3668 0.4017 0.4186 0.4229 0.4091 0.3579 0.2913 0.2342 0.1917 0.2017 0.2993 0.3684 0.4025 0.4190 0.4228 0.4081 0.3558 0.2894 0.2328 0.1907 0.2035 0.3025 0.3699 0.4033 0.4193 0.4227 0.4066 0.3526 0.2859 0.2296 0.1887 0.2090 0.3116 0.3746 0.4059 0.4206 0.4220 0.4000 0.3389 0.3123
0.3567 0.3988 0.4217 0.4207 0.4063 0.3753 0.3126 0.2096 0.1886 0.2296 0.2861 0.3530 0.4069 0.4227 0.4192 0.4029 0.3691 0.3006 0.2024 0.1914 0.2338 0.2908 0.3572 0.4088 0.4229 0.4187 0.4020 0.3674 0.2970 0.2005 0.1925 0.2353 0.2927 0.3592 0.4097 0.4229 0.4184 0.4012 0.3658 0.2934 0.1986 0.1937 0.2370 0.2948 0.3614 0.4107 0.4230 0.4181 0.4004 0.3590 0.3123 0.3590 0.4004 0.4181 0.4230 0.4107 0.3614 0.2948 0.2370 0.1937 0.1986 0.2934 0.3658 0.4012 0.4184 0.4229 0.4097 0.3592 0.2927 0.2353 0.1925 0.2005 0.2970 0.3674 0.4020 0.4187 0.4229 0.4088 0.3572 0.2908 0.2338 0.1914 0.2024 0.3006 0.3691 0.4029 0.4192 0.4227 0.4069 0.3530 0.2861 0.2296 0.1886 0.2096 0.3126 0.3753 0.4063 0.4207 0.4217 0.3988 0.3567
0.3977 0.4229 0.4208 0.4067 0.3761 0.3141 0.2106 0.1883 0.2293 0.2859 0.3530 0.4070 0.4227 0.4191 0.4026 0.3684 0.2988 0.2013 0.1920 0.2348 0.2920 0.3586 0.4094 0.4229 0.4185 0.4015 0.3664 0.2947 0.1993 0.1933 0.2364 0.2941 0.3605 0.4103 0.4230 0.4182 0.4007 0.3647 0.2910 0.1975 0.1945 0.2382 0.2963 0.3628 0.4112 0.4230 0.4178 0.3999 0.3631 0.2844 0.2140 0.2844 0.3631 0.3999 0.4178 0.4230 0.4112 0.3628 0.2963 0.2382 0.1945 0.1975 0.2910 0.3647 0.4007 0.4182 0.4230 0.4103 0.3605 0.2941 0.2364 0.1933 0.1993 0.2947 0.3664 0.4015 0.4185 0.4229 0.4094 0.3586 0.2920 0.2348 0.1920 0.2013 0.2988 0.3684 0.4026 0.4191 0.4227 0.4070 0.3530 0.2859 0.2293 0.1883 0.2106 0.3141 0.3761 0.4067 0.4208 0.4229 0.3977
0.4186 0.4228 0.4071 0.3768 0.3157 0.2119 0.1880 0.2287 0.2853 0.3526 0.4069 0.4227 0.4191 0.4025 0.3680 0.2975 0.2004 0.1926 0.2356 0.2932 0.3598 0.4100 0.4230 0.4183 0.4009 0.3653 0.2924 0.1982 0.1940 0.2375 0.2955 0.3619 0.4109 0.4230 0.4179 0.4001 0.3637 0.2887 0.1965 0.1953 0.2393 0.2977 0.3642 0.4118 0.4230 0.4175 0.3993 0.3622 0.2849 0.1947 0.1816 0.1947 0.2849 0.3622 0.3993 0.4175 0.4230 0.4118 0.3642 0.2977 0.2393 0.1953 0.1965 0.2887 0.3637 0.4001 0.4179 0.4230 0.4109 0.3619 0.2955 0.2375 0.1940 0.1982 0.2924 0.3653 0.4009 0.4183 0.4230 0.4100 0.3598 0.2932 0.2356 0.1926 0.2004 0.2975 0.3680 0.4025 0.4191 0.4227 0.4069 0.3526 0.2853 0.2287 0.1880 0.2119 0.3157 0.3768 0.4071 0.4228 0.4186
0.4245 0.4085 0.3778 0.3174 0.2134 0.1876 0.2279 0.2844 0.3518 0.4066 0.4227 0.4191 0.4025 0.3678 0.2969 0.1999 0.1930 0.2364 0.2943 0.3610 0.4105 0.4230 0.4180 0.4004 0.3642 0.2901 0.1971 0.1948 0.2386 0.2969 0.3633 0.4115 0.4230 0.4177 0.3996 0.3626 0.2865 0.1955 0.1961 0.2404 0.2991 0.3655 0.4124 0.4231 0.4173 0.3988 0.3609 0.2830 0.1949 0.1986 0.2189 0.1986 0.1949 0.2830 0.3609 0.3988 0.4173 0.4231 0.4124 0.3655 0.2991 0.2404 0.1961 0.1955 0.2865 0.3626 0.3996 0.4177 0.4230 0.4115 0.3633 0.2969 0.2386 0.1948 0.1971 0.2901 0.3642 0.4004 0.4180 0.4230 0.4105 0.3610 0.2943 0.2364 0.1930 0.1999 0.2969 0.3678 0.4025 0.4191 0.4227 0.4066 0.3518 0.2844 0.2279 0.1876 0.2134 0.3174 0.3778 0.4085 0.4245
0.4203 0.3786 0.3193 0.2151 0.1872 0.2270 0.2833 0.3507 0.4061 0.4227 0.4192 0.4026 0.3680 0.2969 0.1997 0.1933 0.2368 0.2951 0.3619 0.4110 0.4230 0.4178 0.3999 0.3632 0.2878 0.1961 0.1956 0.2397 0.2983 0.3647 0.4121 0.4231 0.4174 0.3991 0.3616 0.2842 0.1946 0.1969 0.2415 0.3005 0.3669 0.4130 0.4231 0.4170 0.3982 0.3599 0.2806 0.1933 0.1997 0.2451 0.2732 0.2451 0.1997 0.1933 0.2806 0.3599 0.3982 0.4170 0.4231 0.4130 0.3669 0.3005 0.2415 0.1969 0.1946 0.2842 0.3616 0.3991 0.4174 0.4231 0.4121 0.3647 0.2983 0.2397 0.1956 0.1961 0.2878 0.3632 0.3999 0.4178 0.4230 0.4110 0.3619 0.2951 0.2368 0.1933 0.1997 0.2969 0.3680 0.4026 0.4192 0.4227 0.4061 0.3507 0.2833 0.2270 0.1872 0.2151 0.3193 0.3786 0.4203
0.4028 0.3210 0.2170 0.1868 0.2260 0.2820 0.3494 0.4055 0.4226 0.4193 0.4029 0.3684 0.2975 0.1999 0.1933 0.2370 0.2955 0.3625 0.4114 0.4230 0.4176 0.3995 0.3623 0.2858 0.1952 0.1964 0.2408 0.2997 0.3661 0.4126 0.4231 0.4172 0.3986 0.3606 0.2819 0.1937 0.1977 0.2426 0.3019 0.3683 0.4135 0.4231 0.4167 0.3976 0.3588 0.2784 0.1925 0.1988 0.2465 0.3067 0.3407 0.3067 0.2465 0.1988 0.1925 0.2784 0.3588 0.3976 0.4167 0.4231 0.4135 0.3683 0.3019 0.2426 0.1977 0.1937 0.2819 0.3606 0.3986 0.4172 0.4231 0.4126 0.3661 0.2997 0.2408 0.1964 0.1952 0.2858 0.3623 0.3995 0.4176 0.4230 0.4114 0.3625 0.2955 0.2370 0.1933 0.1999 0.2975 0.3684 0.4029 0.4193 0.4226 0.4055 0.3494 0.2820 0.2260 0.1868 0.2170 0.3210 0.4028
0.3615 0.2186 0.1866 0.2250 0.2808 0.3480 0.4048 0.4225 0.4195 0.4033 0.3691 0.2988 0.2004 0.1930 0.2368 0.2955 0.3627 0.4115 0.4231 0.4175 0.3991 0.3615 0.2838 0.1944 0.1971 0.2419 0.3010 0.3674 0.4132 0.4231 0.4169 0.3980 0.3594 0.2798 0.1929 0.1985 0.2437 0.3033 0.3696 0.4140 0.4231 0.4165 0.3970 0.3576 0.2761 0.1918 0.1997 0.2453 0.3079 0.3745 0.4016 0.3745 0.3079 0.2453 0.1997 0.1918 0.2761 0.3576 0.3970 0.4165 0.4231 0.4140 0.3696 0.3033 0.2437 0.1985 0.1929 0.2798 0.3594 0.3980 0.4169 0.4231 0.4132 0.3674 0.3010 0.2419 0.1971 0.1944 0.2838 0.3615 0.3991 0.4175 0.4231 0.4115 0.3627 0.2955 0.2368 0.1930 0.2004 0.2988 0.3691 0.4033 0.4195 0.4225 0.4048 0.3480 0.2808 0.2250 0.1866 0.2186 0.3615
0.2853 0.1859 0.2241 0.2795 0.3467 0.4040 0.4225 0.4197 0.4037 0.3699 0.3006 0.2013 0.1926 0.2364 0.2951 0.3625 0.4115 0.4231 0.4174 0.3989 0.3608 0.2821 0.1937 0.1978 0.2428 0.3023 0.3687 0.4137 0.4231 0.4166 0.3974 0.3583 0.2775 0.1922 0.1993 0.2448 0.3047 0.3710 0.4145 0.4231 0.4162 0.3964 0.3564 0.2737 0.1911 0.2005 0.2465 0.3066 0.3749 0.4166 0.4221 0.4166 0.3749 0.3066 0.2465 0.2005 0.1911 0.2737 0.3564 0.3964 0.4162 0.4231 0.4145 0.3710 0.3047 0.2448 0.1993 0.1922 0.2775 0.3583 0.3974 0.4166 0.4231 0.4137 0.3687 0.3023 0.2428 0.1978 0.1937 0.2821 0.3608 0.3989 0.4174 0.4231 0.4115 0.3625 0.2951 0.2364 0.1926 0.2013 0.3006 0.3699 0.4037 0.4197 0.4225 0.4040 0.3467 0.2795 0.2241 0.1859 0.2853
0.2589 0.2225 0.2782 0.3452 0.4032 0.4224 0.4199 0.4041 0.3708 0.3025 0.2024 0.1920 0.2356 0.2943 0.3619 0.4114 0.4231 0.4174 0.3988 0.3605 0.2811 0.1932 0.1983 0.2437 0.3034 0.3699 0.4141 0.4231 0.4164 0.3968 0.3571 0.2751 0.1915 0.2000 0.2459 0.3061 0.3722 0.4150 0.4231 0.4159 0.3958 0.3552 0.2713 0.1904 0.2013 0.2477 0.3081 0.3740 0.4160 0.4229 0.4170 0.4229 0.4160 0.3740 0.3081 0.2477 0.2013 0.1904 0.2713 0.3552 0.3958 0.4159 0.4231 0.4150 0.3722 0.3061 0.2459 0.2000 0.1915 0.2751 0.3571 0.3968 0.4164 0.4231 0.4141 0.3699 0.3034 0.2437 0.1983 0.1932 0.2811 0.3605 0.3988 0.4174 0.4231 0.4114 0.3619 0.2943 0.2356 0.1920 0.2024 0.3025 0.3708 0.4041 0.4199 0.4224 0.4032 0.3452 0.2782 0.2225 0.2589
0.2788 0.2760 0.3438 0.4023 0.4223 0.4201 0.4046 0.3717 0.3045 0.2035 0.1914 0.2348 0.2932 0.3610 0.4110 0.4230 0.4175 0.3989 0.3605 0.2808 0.1930 0.1987 0.2443 0.3044 0.3709 0.4145 0.4231 0.4161 0.3962 0.3560 0.2727 0.1908 0.2008 0.2470 0.3074 0.3735 0.4154 0.4231 0.4156 0.3952 0.3540 0.2689 0.1898 0.2022 0.2488 0.3096 0.3754 0.4160 0.4230 0.4134 0.3982 0.4134 0.4230 0.4160 0.3754 0.3096 0.2488 0.2022 0.1898 0.2689 0.3540 0.3952 0.4156 0.4231 0.4154 0.3735 0.3074 0.2470 0.2008 0.1908 0.2727 0.3560 0.3962 0.4161 0.4231 0.4145 0.3709 0.3044 0.2443 0.1987 0.1930 0.2808 0.3605 0.3989 0.4175 0.4230 0.4110 0.3610 0.2932 0.2348 0.1914 0.2035 0.3045 0.3717 0.4046 0.4201 0.4223 0.4023 0.3438 0.2760 0.2788
0.3137 0.3413 0.4014 0.4222 0.4202 0.4051 0.3727 0.3067 0.2048 0.1907 0.2338 0.2920 0.3598 0.4105 0.4230 0.4176 0.3991 0.3608 0.2811 0.1930 0.1988 0.2447 0.3050 0.3716 0.4148 0.4231 0.4159 0.3957 0.3549 0.2705 0.1902 0.2016 0.2481 0.3087 0.3747 0.4158 0.4230 0.4153 0.3946 0.3527 0.2665 0.1892 0.2030 0.2500 0.3110 0.3767 0.4164 0.4230 0.4149 0.3901 0.3599 0.3901 0.4149 0.4230 0.4164 0.3767 0.3110 0.2500 0.2030 0.1892 0.2665 0.3527 0.3946 0.4153 0.4230 0.4158 0.3748 0.3087 0.2481 0.2016 0.1902 0.2705 0.3549 0.3957 0.4159 0.4231 0.4148 0.3716 0.3050 0.2447 0.1988 0.1930 0.2811 0.3608 0.3991 0.4176 0.4230 0.4105 0.3598 0.2920 0.2338 0.1907 0.2048 0.3067 0.3727 0.4051 0.4202 0.4222 0.4014 0.3413 0.3137
0.3582 0.4003 0.4219 0.4205 0.4056 0.3737 0.3087 0.2063 0.1901 0.2328 0.2908 0.3586 0.4100 0.4230 0.4178 0.3995 0.3615 0.2821 0.1932 0.1987 0.2447 0.3051 0.3720 0.4150 0.4231 0.4157 0.3952 0.3539 0.2685 0.1896 0.2024 0.2493 0.3101 0.3760 0.4162 0.4230 0.4150 0.3939 0.3515 0.2641 0.1887 0.2039 0.2512 0.3124 0.3779 0.4168 0.4229 0.4146 0.3930 0.3440 0.2892 0.3440 0.3930 0.4146 0.4229 0.4168 0.3779 0.3124 0.2512 0.2039 0.1887 0.2641 0.3515 0.3939 0.4150 0.4230 0.4162 0.3760 0.3101 0.2493 0.2024 0.1896 0.2685 0.3539 0.3952 0.4157 0.4231 0.4150 0.3720 0.3051 0.2447 0.1987 0.1932 0.2821 0.3615 0.3995 0.4178 0.4230 0.4100 0.3586 0.2908 0.2328 0.1901 0.2063 0.3087 0.3737 0.4056 0.4205 0.4219 0.4003 0.3582
0.3987 0.4232 0.4205 0.4060 0.3746 0.3108 0.2078 0.1895 0.2317 0.2894 0.3572 0.4094 0.4230 0.4180 0.3999 0.3623 0.2838 0.1937 0.1983 0.2443 0.3050 0.3720 0.4151 0.4231 0.4155 0.3949 0.3530 0.2666 0.1891 0.2032 0.2503 0.3114 0.3772 0.4166 0.4230 0.4147 0.3933 0.3502 0.2617 0.1882 0.2048 0.2524 0.3139 0.3792 0.4172 0.4229 0.4142 0.3925 0.3483 0.2564 0.1933 0.2564 0.3483 0.3925 0.4142 0.4229 0.4172 0.3792 0.3139 0.2524 0.2048 0.1882 0.2617 0.3502 0.3933 0.4147 0.4230 0.4166 0.3772 0.3114 0.2503 0.2032 0.1891 0.2666 0.3530 0.3949 0.4155 0.4231 0.4151 0.3720 0.3050 0.2443 0.1983 0.1937 0.2838 0.3623 0.3999 0.4180 0.4230 0.4094 0.3572 0.2894 0.2317 0.1895 0.2078 0.3108 0.3746 0.4060 0.4205 0.4232 0.3987
0.4190 0.4226 0.4065 0.3755 0.3128 0.2093 0.1889 0.2306 0.2881 0.3558 0.4088 0.4229 0.4183 0.4004 0.3632 0.2858 0.1944 0.1978 0.2437 0.3044 0.3716 0.4150 0.4231 0.4155 0.3947 0.3525 0.2652 0.1887 0.2038 0.2512 0.3127 0.3783 0.4169 0.4229 0.4144 0.3927 0.3490 0.2593 0.1877 0.2057 0.2536 0.3153 0.3805 0.4175 0.4229 0.4139 0.3917 0.3472 0.2555 0.1872 0.1888 0.1872 0.2555 0.3472 0.3917 0.4139 0.4229 0.4175 0.3805 0.3153 0.2536 0.2057 0.1877 0.2593 0.3490 0.3927 0.4144 0.4229 0.4169 0.3783 0.3127 0.2512 0.2038 0.1887 0.2652 0.3525 0.3947 0.4155 0.4231 0.4150 0.3716 0.3044 0.2437 0.1978 0.1944 0.2858 0.3632 0.4004 0.4183 0.4229 0.4088 0.3558 0.2881 0.2306 0.1889 0.2093 0.3128 0.3755 0.4065 0.4226 0.4190
0.4245 0.4078 0.3765 0.3147 0.2109 0.1884 0.2296 0.2867 0.3544 0.4081 0.4229 0.4185 0.4009 0.3642 0.2878 0.1952 0.1971 0.2428 0.3034 0.3709 0.4148 0.4231 0.4155 0.3947 0.3523 0.2646 0.1885 0.2043 0.2520 0.3138 0.3793 0.4172 0.4229 0.4142 0.3921 0.3478 0.2571 0.1873 0.2065 0.2548 0.3168 0.3817 0.4179 0.4228 0.4136 0.3910 0.3457 0.2536 0.1877 0.2093 0.2316 0.2093 0.1877 0.2536 0.3457 0.3910 0.4136 0.4228 0.4179 0.3817 0.3168 0.2548 0.2065 0.1873 0.2571 0.3478 0.3921 0.4142 0.4229 0.4172 0.3793 0.3138 0.2520 0.2043 0.1885 0.2646 0.3523 0.3947 0.4155 0.4231 0.4148 0.3709 0.3034 0.2428 0.1971 0.1952 0.2878 0.3642 0.4009 0.4185 0.4229 0.4081 0.3544 0.2867 0.2296 0.1884 0.2109 0.3147 0.3765 0.4078 0.4245
0.4199 0.3774 0.3167 0.2126 0.1879 0.2285 0.2853 0.3529 0.4073 0.4228 0.4187 0.4015 0.3653 0.2901 0.1961 0.1964 0.2419 0.3023 0.3699 0.4145 0.4231 0.4157 0.3949 0.3525 0.2646 0.1884 0.2046 0.2525 0.3146 0.3802 0.4175 0.4228 0.4139 0.3916 0.3467 0.2552 0.1870 0.2073 0.2559 0.3182 0.3830 0.4182 0.4227 0.4133 0.3904 0.3444 0.2512 0.1864 0.2105 0.2599 0.2900 0.2599 0.2105 0.1864 0.2512 0.3444 0.3904 0.4133 0.4227 0.4182 0.3830 0.3182 0.2559 0.2073 0.1870 0.2552 0.3467 0.3916 0.4139 0.4228 0.4175 0.3802 0.3146 0.2525 0.2046 0.1884 0.2646 0.3525 0.3949 0.4157 0.4231 0.4145 0.3699 0.3023 0.2419 0.1964 0.1961 0.2901 0.3653 0.4015 0.4187 0.4228 0.4073 0.3529 0.2853 0.2285 0.1879 0.2126 0.3167 0.3774 0.4199
0.4019 0.3185 0.2144 0.1874 0.2275 0.2840 0.3515 0.4066 0.4227 0.4190 0.4020 0.3664 0.2924 0.1971 0.1956 0.2408 0.3010 0.3687 0.4141 0.4231 0.4159 0.3952 0.3530 0.2652 0.1885 0.2046 0.2527 0.3150 0.3807 0.4177 0.4228 0.4136 0.3910 0.3456 0.2532 0.1867 0.2081 0.2570 0.3195 0.3841 0.4185 0.4227 0.4129 0.3896 0.3431 0.2490 0.1861 0.2095 0.2613 0.3246 0.3589 0.3246 0.2613 0.2095 0.1861 0.2490 0.3431 0.3896 0.4129 0.4227 0.4185 0.3841 0.3195 0.2570 0.2081 0.1867 0.2532 0.3456 0.3910 0.4136 0.4228 0.4177 0.3807 0.3150 0.2527 0.2046 0.1885 0.2652 0.3530 0.3952 0.4159 0.4231 0.4141 0.3687 0.3010 0.2408 0.1956 0.1971 0.2924 0.3664 0.4020 0.4190 0.4227 0.4066 0.3515 0.2840 0.2275 0.1874 0.2144 0.3185 0.4019
0.3596 0.2160 0.1870 0.2265 0.2826 0.3501 0.4059 0.4227 0.4192 0.4025 0.3674 0.2947 0.1982 0.1948 0.2397 0.2997 0.3674 0.4137 0.4231 0.4161 0.3957 0.3539 0.2666 0.1887 0.2043 0.2525 0.3150 0.3809 0.4178 0.4228 0.4134 0.3905 0.3445 0.2512 0.1864 0.2089 0.2580 0.3208 0.3852 0.4188 0.4226 0.4126 0.3889 0.3417 0.2467 0.1859 0.2105 0.2600 0.3258 0.3898 0.4111 0.3898 0.3258 0.2600 0.2105 0.1859 0.2467 0.3417 0.3889 0.4126 0.4226 0.4188 0.3852 0.3208 0.2580 0.2089 0.1864 0.2512 0.3445 0.3905 0.4134 0.4228 0.4178 0.3809 0.3150 0.2525 0.2043 0.1887 0.2666 0.3539 0.3957 0.4161 0.4231 0.4137 0.3674 0.2997 0.2397 0.1948 0.1982 0.2947 0.3674 0.4025 0.4192 0.4227 0.4059 0.3501 0.2826 0.2265 0.1870 0.2160 0.3596
0.2836 0.1863 0.2254 0.2813 0.3486 0.4051 0.4226 0.4194 0.4030 0.3684 0.2970 0.1993 0.1940 0.2386 0.2983 0.3661 0.4132 0.4231 0.4164 0.3962 0.3549 0.2685 0.1891 0.2038 0.2520 0.3146 0.3807 0.4178 0.4228 0.4133 0.3902 0.3437 0.2495 0.1862 0.2096 0.2590 0.3220 0.3862 0.4191 0.4225 0.4123 0.3882 0.3402 0.2444 0.1857 0.2114 0.2613 0.3245 0.3898 0.4206 0.4224 0.4206 0.3898 0.3245 0.2613 0.2114 0.1857 0.2444 0.3402 0.3882 0.4123 0.4225 0.4191 0.3862 0.3220 0.2590 0.2096 0.1862 0.2495 0.3437 0.3902 0.4133 0.4228 0.4178 0.3807 0.3146 0.2520 0.2038 0.1891 0.2685 0.3549 0.3962 0.4164 0.4231 0.4132 0.3661 0.2983 0.2386 0.1940 0.1993 0.2970 0.3684 0.4030 0.4194 0.4226 0.4051 0.3486 0.2813 0.2254 0.1863 0.2836
0.2590 0.2238 0.2800 0.3472 0.4043 0.4225 0.4196 0.4035 0.3694 0.2993 0.2005 0.1933 0.2375 0.2969 0.3647 0.4126 0.4231 0.4166 0.3968 0.3560 0.2705 0.1896 0.2032 0.2512 0.3138 0.3802 0.4177 0.4228 0.4133 0.3901 0.3434 0.2486 0.1860 0.2102 0.2600 0.3232 0.3871 0.4193 0.4224 0.4120 0.3876 0.3389 0.2422 0.1855 0.2123 0.2626 0.3261 0.3892 0.4199 0.4217 0.4134 0.4217 0.4199 0.3892 0.3261 0.2626 0.2123 0.1855 0.2422 0.3389 0.3876 0.4120 0.4224 0.4193 0.3871 0.3232 0.2600 0.2102 0.1860 0.2486 0.3434 0.3901 0.4133 0.4228 0.4177 0.3802 0.3138 0.2512 0.2032 0.1896 0.2705 0.3560 0.3968 0.4166 0.4231 0.4126 0.3647 0.2969 0.2375 0.1933 0.2005 0.2993 0.3694 0.4035 0.4196 0.4225 0.4043 0.3472 0.2800 0.2238 0.2590
0.2797 0.2777 0.3457 0.4035 0.4224 0.4198 0.4040 0.3704 0.3016 0.2017 0.1925 0.2364 0.2955 0.3633 0.4121 0.4231 0.4169 0.3974 0.3571 0.2727 0.1902 0.2024 0.2503 0.3127 0.3793 0.4175 0.4228 0.4134 0.3902 0.3434 0.2483 0.1859 0.2106 0.2607 0.3242 0.3880 0.4195 0.4224 0.4117 0.3870 0.3377 0.2402 0.1854 0.2132 0.2638 0.3275 0.3904 0.4200 0.4222 0.4088 0.3904 0.4088 0.4222 0.4200 0.3904 0.3275 0.2638 0.2132 0.1854 0.2402 0.3377 0.3870 0.4117 0.4224 0.4195 0.3880 0.3242 0.2607 0.2106 0.1859 0.2483 0.3434 0.3902 0.4134 0.4228 0.4175 0.3793 0.3127 0.2503 0.2024 0.1902 0.2727 0.3571 0.3974 0.4169 0.4231 0.4121 0.3633 0.2955 0.2364 0.1925 0.2017 0.3016 0.3704 0.4040 0.4198 0.4224 0.4035 0.3457 0.2777 0.2797
0.3149 0.3432 0.4026 0.4223 0.4200 0.4045 0.3714 0.3038 0.2030 0.1917 0.2353 0.2941 0.3619 0.4115 0.4231 0.4172 0.3980 0.3583 0.2751 0.1908 0.2016 0.2493 0.3115 0.3783 0.4172 0.4228 0.4136 0.3905 0.3437 0.2486 0.1859 0.2107 0.2610 0.3248 0.3887 0.4197 0.4223 0.4114 0.3863 0.3364 0.2383 0.1853 0.2140 0.2649 0.3289 0.3915 0.4203 0.4221 0.4106 0.3807 0.3453 0.3807 0.4106 0.4221 0.4203 0.3915 0.3289 0.2649 0.2140 0.1853 0.2383 0.3364 0.3863 0.4114 0.4223 0.4197 0.3887 0.3248 0.2610 0.2107 0.1859 0.2486 0.3437 0.3905 0.4136 0.4228 0.4172 0.3783 0.3114 0.2493 0.2016 0.1908 0.2751 0.3583 0.3980 0.4172 0.4231 0.4115 0.3619 0.2941 0.2353 0.1917 0.2030 0.3038 0.3714 0.4045 0.4200 0.4223 0.4026 0.3432 0.3149
0.3596 0.4016 0.4221 0.4202 0.4050 0.3724 0.3060 0.2044 0.1910 0.2342 0.2927 0.3605 0.4109 0.4230 0.4174 0.3986 0.3594 0.2775 0.1915 0.2008 0.2482 0.3101 0.3772 0.4169 0.4229 0.4139 0.3910 0.3445 0.2495 0.1860 0.2106 0.2610 0.3250 0.3890 0.4198 0.4222 0.4111 0.3857 0.3352 0.2364 0.1853 0.2148 0.2660 0.3302 0.3925 0.4205 0.4219 0.4103 0.3841 0.3263 0.2627 0.3263 0.3841 0.4103 0.4219 0.4205 0.3925 0.3302 0.2660 0.2148 0.1853 0.2364 0.3352 0.3857 0.4111 0.4222 0.4198 0.3890 0.3250 0.2610 0.2106 0.1860 0.2495 0.3445 0.3910 0.4139 0.4229 0.4169 0.3772 0.3101 0.2481 0.2008 0.1915 0.2775 0.3594 0.3986 0.4174 0.4230 0.4109 0.3605 0.2927 0.2342 0.1910 0.2044 0.3060 0.3724 0.4050 0.4202 0.4221 0.4016 0.3596
0.3997 0.4234 0.4203 0.4054 0.3733 0.3080 0.2057 0.1903 0.2332 0.2913 0.3592 0.4103 0.4230 0.4177 0.3991 0.3606 0.2798 0.1922 0.2000 0.2470 0.3088 0.3760 0.4166 0.4229 0.4142 0.3916 0.3456 0.2512 0.1862 0.2102 0.2607 0.3248 0.3890 0.4199 0.4222 0.4109 0.3853 0.3341 0.2347 0.1852 0.2156 0.2671 0.3314 0.3933 0.4207 0.4218 0.4099 0.3834 0.3303 0.2284 0.1815 0.2284 0.3303 0.3834 0.4099 0.4218 0.4207 0.3933 0.3314 0.2671 0.2156 0.1852 0.2347 0.3341 0.3853 0.4109 0.4222 0.4199 0.3890 0.3248 0.2607 0.2102 0.1862 0.2512 0.3456 0.3916 0.4142 0.4229 0.4166 0.3760 0.3087 0.2470 0.2000 0.1922 0.2798 0.3606 0.3991 0.4177 0.4230 0.4103 0.3592 0.2913 0.2332 0.1903 0.2057 0.3080 0.3733 0.4054 0.4203 0.4234 0.3997
0.4193 0.4224 0.4058 0.3742 0.3099 0.2071 0.1897 0.2322 0.2900 0.3579 0.4097 0.4230 0.4179 0.3996 0.3616 0.2819 0.1929 0.1993 0.2459 0.3074 0.3747 0.4162 0.4230 0.4144 0.3921 0.3467 0.2532 0.1864 0.2096 0.2600 0.3242 0.3887 0.4198 0.4222 0.4109 0.3851 0.3335 0.2334 0.1852 0.2163 0.2681 0.3326 0.3942 0.4208 0.4217 0.4095 0.3826 0.3291 0.2279 0.1860 0.1986 0.1860 0.2279 0.3291 0.3826 0.4095 0.4217 0.4208 0.3942 0.3326 0.2681 0.2163 0.1852 0.2334 0.3335 0.3851 0.4109 0.4222 0.4198 0.3887 0.3242 0.2600 0.2096 0.1864 0.2532 0.3467 0.3921 0.4144 0.4230 0.4162 0.3747 0.3074 0.2459 0.1993 0.1929 0.2819 0.3616 0.3996 0.4179 0.4230 0.4097 0.3579 0.2900 0.2322 0.1897 0.2071 0.3099 0.3742 0.4058 0.4224 0.4193
0.4245 0.4071 0.3751 0.3118 0.2085 0.1891 0.2312 0.2887 0.3565 0.4091 0.4229 0.4182 0.4001 0.3626 0.2842 0.1937 0.1985 0.2448 0.3061 0.3735 0.4158 0.4230 0.4147 0.3927 0.3478 0.2552 0.1867 0.2089 0.2590 0.3232 0.3880 0.4197 0.4222 0.4109 0.3851 0.3333 0.2328 0.1852 0.2169 0.2690 0.3338 0.3951 0.4210 0.4216 0.4092 0.3819 0.3276 0.2262 0.1867 0.2209 0.2453 0.2209 0.1867 0.2262 0.3276 0.3819 0.4092 0.4216 0.4210 0.3951 0.3338 0.2690 0.2169 0.1852 0.2328 0.3333 0.3851 0.4109 0.4222 0.4197 0.3880 0.3232 0.2590 0.2089 0.1867 0.2552 0.3478 0.3927 0.4147 0.4230 0.4158 0.3735 0.3061 0.2448 0.1985 0.1937 0.2842 0.3626 0.4001 0.4182 0.4229 0.4091 0.3565 0.2887 0.2312 0.1891 0.2085 0.3118 0.3751 0.4071 0.4245
0.4196 0.3760 0.3138 0.2101 0.1886 0.2302 0.2874 0.3551 0.4084 0.4229 0.4184 0.4007 0.3637 0.2865 0.1946 0.1977 0.2437 0.3047 0.3722 0.4154 0.4230 0.4150 0.3933 0.3490 0.2571 0.1870 0.2081 0.2580 0.3220 0.3871 0.4195 0.4223 0.4111 0.3853 0.3335 0.2328 0.1852 0.2171 0.2695 0.3346 0.3958 0.4211 0.4215 0.4089 0.3812 0.3262 0.2245 0.1855 0.2222 0.2755 0.3073 0.2755 0.2222 0.1855 0.2245 0.3262 0.3812 0.4089 0.4215 0.4211 0.3958 0.3346 0.2695 0.2171 0.1852 0.2328 0.3335 0.3853 0.4111 0.4223 0.4195 0.3871 0.3220 0.2580 0.2081 0.1870 0.2571 0.3490 0.3933 0.4150 0.4230 0.4154 0.3722 0.3047 0.2437 0.1977 0.1946 0.2865 0.3637 0.4007 0.4184 0.4229 0.4084 0.3551 0.2874 0.2302 0.1886 0.2101 0.3138 0.3760 0.4196
0.4010 0.3156 0.2117 0.1881 0.2292 0.2861 0.3538 0.4078 0.4228 0.4186 0.4012 0.3647 0.2887 0.1955 0.1969 0.2426 0.3033 0.3710 0.4150 0.4231 0.4153 0.3939 0.3502 0.2593 0.1873 0.2073 0.2570 0.3208 0.3862 0.4193 0.4224 0.4114 0.3857 0.3341 0.2334 0.1852 0.2171 0.2697 0.3350 0.3962 0.4212 0.4214 0.4085 0.3805 0.3248 0.2228 0.1857 0.2210 0.2767 0.3425 0.3757 0.3425 0.2767 0.2210 0.1857 0.2228 0.3248 0.3805 0.4085 0.4214 0.4212 0.3962 0.3350 0.2697 0.2171 0.1852 0.2334 0.3341 0.3857 0.4114 0.4224 0.4193 0.3862 0.3208 0.2570 0.2073 0.1873 0.2593 0.3502 0.3939 0.4153 0.4231 0.4150 0.3710 0.3033 0.2426 0.1969 0.1955 0.2887 0.3647 0.4012 0.4186 0.4228 0.4078 0.3538 0.2861 0.2292 0.1881 0.2117 0.3156 0.4010
0.3574 0.2132 0.1877 0.2281 0.2848 0.3523 0.4070 0.4228 0.4188 0.4017 0.3658 0.2910 0.1965 0.1961 0.2415 0.3019 0.3696 0.4145 0.4231 0.4156 0.3946 0.3515 0.2617 0.1877 0.2065 0.2559 0.3195 0.3852 0.4191 0.4224 0.4117 0.3863 0.3352 0.2347 0.1852 0.2169 0.2695 0.3350 0.3963 0.4213 0.4213 0.4083 0.3799 0.3235 0.2212 0.1859 0.2218 0.2753 0.3433 0.4020 0.4172 0.4020 0.3433 0.2753 0.2218 0.1859 0.2212 0.3235 0.3799 0.4083 0.4213 0.4213 0.3963 0.3350 0.2695 0.2169 0.1852 0.2347 0.3352 0.3863 0.4117 0.4224 0.4191 0.3852 0.3195 0.2559 0.2065 0.1877 0.2617 0.3515 0.3946 0.4156 0.4231 0.4145 0.3696 0.3019 0.2415 0.1961 0.1965 0.2910 0.3658 0.4017 0.4188 0.4228 0.4070 0.3523 0.2848 0.2281 0.1877 0.2132 0.3574
0.2815 0.1869 0.2271 0.2834 0.3509 0.4063 0.4227 0.4190 0.4022 0.3668 0.2934 0.1975 0.1953 0.2404 0.3005 0.3683 0.4140 0.4231 0.4159 0.3952 0.3527 0.2641 0.1882 0.2057 0.2548 0.3182 0.3841 0.4188 0.4225 0.4120 0.3870 0.3364 0.2364 0.1852 0.2163 0.2690 0.3346 0.3962 0.4213 0.4213 0.4082 0.3796 0.3224 0.2198 0.1861 0.2227 0.2764 0.3419 0.4016 0.4225 0.4214 0.4225 0.4016 0.3419 0.2764 0.2227 0.1861 0.2198 0.3224 0.3796 0.4082 0.4213 0.4213 0.3962 0.3346 0.2690 0.2163 0.1852 0.2364 0.3364 0.3870 0.4120 0.4225 0.4188 0.3841 0.3182 0.2548 0.2057 0.1882 0.2641 0.3527 0.3952 0.4159 0.4231 0.4140 0.3683 0.3005 0.2404 0.1953 0.1975 0.2934 0.3668 0.4022 0.4190 0.4227 0.4063 0.3509 0.2834 0.2271 0.1869 0.2815
0.2592 0.2254 0.2821 0.3495 0.4055 0.4226 0.4193 0.4027 0.3678 0.2957 0.1986 0.1945 0.2393 0.2991 0.3669 0.4135 0.4231 0.4162 0.3958 0.3540 0.2665 0.1887 0.2048 0.2536 0.3168 0.3830 0.4185 0.4226 0.4123 0.3876 0.3377 0.2383 0.1853 0.2156 0.2681 0.3338 0.3958 0.4212 0.4213 0.4082 0.3795 0.3220 0.2190 0.1862 0.2234 0.2775 0.3432 0.4011 0.4220 0.4196 0.4091 0.4196 0.4220 0.4011 0.3432 0.2775 0.2234 0.1862 0.2190 0.3220 0.3795 0.4082 0.4213 0.4212 0.3958 0.3338 0.2681 0.2156 0.1853 0.2383 0.3377 0.3876 0.4123 0.4226 0.4185 0.3830 0.3168 0.2536 0.2048 0.1887 0.2665 0.3540 0.3958 0.4162 0.4231 0.4135 0.3669 0.2991 0.2393 0.1945 0.1986 0.2957 0.3678 0.4027 0.4193 0.4226 0.4055 0.3495 0.2821 0.2254 0.2592
0.2806 0.2798 0.3481 0.4047 0.4225 0.4195 0.4032 0.3689 0.2980 0.1998 0.1937 0.2382 0.2977 0.3655 0.4130 0.4231 0.4165 0.3964 0.3552 0.2689 0.1892 0.2039 0.2524 0.3153 0.3817 0.4182 0.4227 0.4126 0.3882 0.3389 0.2402 0.1853 0.2148 0.2671 0.3326 0.3951 0.4211 0.4214 0.4083 0.3796 0.3220 0.2187 0.1863 0.2238 0.2783 0.3442 0.4019 0.4221 0.4205 0.4035 0.3817 0.4035 0.4205 0.4221 0.4019 0.3442 0.2783 0.2238 0.1863 0.2187 0.3220 0.3796 0.4083 0.4214 0.4211 0.3951 0.3326 0.2671 0.2148 0.1853 0.2402 0.3389 0.3882 0.4126 0.4227 0.4182 0.3817 0.3153 0.2524 0.2039 0.1892 0.2689 0.3552 0.3964 0.4165 0.4231 0.4130 0.3655 0.2977 0.2382 0.1937 0.1998 0.2980 0.3689 0.4032 0.4195 0.4225 0.4048 0.3480 0.2798 0.2806
0.3162 0.3456 0.4039 0.4225 0.4197 0.4037 0.3699 0.3003 0.2010 0.1929 0.2370 0.2963 0.3641 0.4124 0.4231 0.4167 0.3970 0.3564 0.2713 0.1898 0.2030 0.2512 0.3138 0.3805 0.4179 0.4227 0.4129 0.3889 0.3402 0.2422 0.1854 0.2140 0.2660 0.3314 0.3942 0.4210 0.4215 0.4085 0.3799 0.3224 0.2190 0.1863 0.2239 0.2786 0.3448 0.4024 0.4222 0.4204 0.4057 0.3702 0.3293 0.3702 0.4057 0.4204 0.4222 0.4024 0.3448 0.2786 0.2239 0.1863 0.2190 0.3224 0.3799 0.4085 0.4215 0.4210 0.3942 0.3314 0.2660 0.2140 0.1854 0.2422 0.3402 0.3889 0.4129 0.4227 0.4179 0.3805 0.3139 0.2512 0.2030 0.1898 0.2713 0.3564 0.3970 0.4167 0.4231 0.4124 0.3642 0.2963 0.2370 0.1929 0.2010 0.3003 0.3699 0.4037 0.4197 0.4225 0.4039 0.3455 0.3162
0.3612 0.4030 0.4223 0.4199 0.4042 0.3709 0.3025 0.2022 0.1922 0.2359 0.2949 0.3627 0.4118 0.4231 0.4170 0.3976 0.3576 0.2737 0.1904 0.2022 0.2500 0.3124 0.3792 0.4175 0.4228 0.4133 0.3897 0.3417 0.2444 0.1855 0.2132 0.2650 0.3302 0.3933 0.4208 0.4216 0.4089 0.3805 0.3235 0.2198 0.1862 0.2238 0.2786 0.3450 0.4026 0.4222 0.4202 0.4055 0.3741 0.3064 0.2370 0.3064 0.3741 0.4055 0.4202 0.4222 0.4026 0.3450 0.2786 0.2238 0.1862 0.2198 0.3235 0.3805 0.4089 0.4216 0.4208 0.3933 0.3302 0.2649 0.2132 0.1855 0.2444 0.3417 0.3896 0.4133 0.4228 0.4175 0.3792 0.3124 0.2500 0.2022 0.1904 0.2737 0.3576 0.3976 0.4170 0.4231 0.4118 0.3628 0.2948 0.2359 0.1921 0.2022 0.3025 0.3709 0.4042 0.4199 0.4223 0.4030 0.3611
0.4007 0.4236 0.4200 0.4047 0.3718 0.3046 0.2035 0.1914 0.2349 0.2935 0.3614 0.4113 0.4231 0.4173 0.3982 0.3587 0.2760 0.1911 0.2014 0.2488 0.3110 0.3780 0.4172 0.4229 0.4136 0.3903 0.3431 0.2466 0.1857 0.2123 0.2639 0.3290 0.3925 0.4207 0.4217 0.4092 0.3812 0.3248 0.2212 0.1861 0.2234 0.2783 0.3448 0.4026 0.4223 0.4202 0.4052 0.3737 0.3097 0.2077 0.1783 0.2077 0.3097 0.3737 0.4052 0.4202 0.4223 0.4026 0.3448 0.2783 0.2234 0.1861 0.2212 0.3248 0.3812 0.4092 0.4217 0.4207 0.3925 0.3289 0.2638 0.2123 0.1857 0.2467 0.3431 0.3904 0.4136 0.4229 0.4172 0.3779 0.3110 0.2488 0.2013 0.1911 0.2761 0.3588 0.3982 0.4173 0.4230 0.4112 0.3614 0.2934 0.2348 0.1914 0.2036 0.3047 0.3718 0.4047 0.4200 0.4236 0.4007
0.4197 0.4221 0.4051 0.3727 0.3066 0.2048 0.1908 0.2339 0.2922 0.3601 0.4107 0.4230 0.4175 0.3987 0.3598 0.2782 0.1917 0.2006 0.2478 0.3097 0.3768 0.4168 0.4229 0.4139 0.3910 0.3443 0.2488 0.1859 0.2115 0.2627 0.3277 0.3915 0.4205 0.4218 0.4095 0.3819 0.3262 0.2228 0.1859 0.2227 0.2775 0.3442 0.4024 0.4222 0.4202 0.4051 0.3733 0.3092 0.2079 0.1900 0.2084 0.1900 0.2079 0.3092 0.3733 0.4051 0.4202 0.4222 0.4024 0.3442 0.2775 0.2227 0.1859 0.2228 0.3262 0.3819 0.4095 0.4218 0.4205 0.3915 0.3275 0.2626 0.2114 0.1859 0.2490 0.3444 0.3910 0.4139 0.4229 0.4168 0.3767 0.3096 0.2477 0.2005 0.1918 0.2784 0.3599 0.3988 0.4175 0.4230 0.4107 0.3600 0.2921 0.2338 0.1907 0.2049 0.3067 0.3728 0.4052 0.4221 0.4197
0.4245 0.4063 0.3736 0.3086 0.2062 0.1901 0.2329 0.2909 0.3588 0.4101 0.4230 0.4178 0.3993 0.3608 0.2805 0.1924 0.1998 0.2467 0.3083 0.3756 0.4165 0.4229 0.4142 0.3916 0.3456 0.2510 0.1861 0.2106 0.2615 0.3263 0.3905 0.4203 0.4219 0.4099 0.3826 0.3276 0.2245 0.1858 0.2219 0.2765 0.3432 0.4019 0.4222 0.4202 0.4052 0.3733 0.3089 0.2072 0.1908 0.2324 0.2587 0.2323 0.1906 0.2071 0.3089 0.3733 0.4052 0.4202 0.4222 0.4019 0.3432 0.2764 0.2218 0.1857 0.2245 0.3276 0.3826 0.4099 0.4219 0.4203 0.3904 0.3261 0.2613 0.2105 0.1861 0.2512 0.3457 0.3917 0.4142 0.4229 0.4164 0.3754 0.3081 0.2465 0.1997 0.1925 0.2806 0.3609 0.3993 0.4178 0.4230 0.4100 0.3586 0.2907 0.2327 0.1900 0.2063 0.3087 0.3737 0.4063 0.4245
0.4192 0.3746 0.3107 0.2076 0.1895 0.2318 0.2895 0.3574 0.4095 0.4230 0.4180 0.3998 0.3620 0.2828 0.1932 0.1990 0.2455 0.3069 0.3743 0.4161 0.4230 0.4145 0.3923 0.3469 0.2534 0.1864 0.2097 0.2603 0.3248 0.3894 0.4201 0.4220 0.4102 0.3833 0.3290 0.2262 0.1856 0.2211 0.2754 0.3421 0.4012 0.4221 0.4203 0.4054 0.3735 0.3092 0.2072 0.1893 0.2331 0.2900 0.3236 0.2907 0.2338 0.1889 0.2071 0.3092 0.3737 0.4055 0.4204 0.4221 0.4011 0.3419 0.2753 0.2210 0.1855 0.2262 0.3291 0.3834 0.4103 0.4221 0.4200 0.3892 0.3245 0.2600 0.2095 0.1864 0.2536 0.3472 0.3925 0.4146 0.4230 0.4160 0.3740 0.3066 0.2453 0.1988 0.1933 0.2830 0.3622 0.3999 0.4181 0.4229 0.4093 0.3571 0.2893 0.2316 0.1894 0.2077 0.3109 0.3747 0.4193
0.4001 0.3126 0.2092 0.1889 0.2307 0.2881 0.3559 0.4088 0.4229 0.4183 0.4004 0.3631 0.2852 0.1941 0.1981 0.2443 0.3055 0.3729 0.4156 0.4230 0.4148 0.3930 0.3483 0.2558 0.1867 0.2088 0.2590 0.3233 0.3883 0.4198 0.4222 0.4106 0.3840 0.3304 0.2279 0.1855 0.2202 0.2743 0.3408 0.4005 0.4220 0.4205 0.4057 0.3741 0.3100 0.2076 0.1893 0.2309 0.2902 0.3582 0.3900 0.3598 0.2963 0.2356 0.1904 0.2079 0.3097 0.3741 0.4057 0.4205 0.4220 0.4016 0.3433 0.2767 0.2222 0.1867 0.2279 0.3303 0.3841 0.4106 0.4222 0.4199 0.3898 0.3258 0.2613 0.2105 0.1877 0.2555 0.3483 0.3930 0.4149 0.4230 0.4160 0.3749 0.3079 0.2465 0.1997 0.1949 0.2849 0.3631 0.4004 0.4183 0.4229 0.4095 0.3582 0.2906 0.2327 0.1904 0.2095 0.3122 0.4000
0.3551 0.2105 0.1885 0.2297 0.2868 0.3545 0.4081 0.4229 0.4185 0.4009 0.3641 0.2874 0.1950 0.1973 0.2432 0.3041 0.3717 0.4152 0.4230 0.4152 0.3936 0.3496 0.2580 0.1871 0.2079 0.2578 0.3219 0.3872 0.4196 0.4223 0.4110 0.3848 0.3319 0.2298 0.1854 0.2194 0.2732 0.3396 0.3997 0.4219 0.4206 0.4061 0.3748 0.3114 0.2085 0.1891 0.2307 0.2874 0.3574 0.4106 0.4204 0.4037 0.3419 0.2942 0.2349 0.1899 0.2076 0.3065 0.3702 0.4035 0.4196 0.4225 0.4020 0.3425 0.2755 0.2209 0.1860 0.2284 0.3263 0.3807 0.4088 0.4217 0.4206 0.3898 0.3246 0.2599 0.2093 0.1872 0.2564 0.3440 0.3901 0.4134 0.4229 0.4166 0.3745 0.3067 0.2451 0.1986 0.1947 0.2844 0.3590 0.3979 0.4171 0.4231 0.4101 0.3575 0.2893 0.2315 0.1896 0.2089 0.3503
0.2795 0.1876 0.2288 0.2856 0.3532 0.4075 0.4228 0.4187 0.4014 0.3651 0.2896 0.1959 0.1966 0.2422 0.3028 0.3705 0.4148 0.4231 0.4154 0.3942 0.3507 0.2602 0.1874 0.2071 0.2567 0.3206 0.3861 0.4193 0.4224 0.4113 0.3855 0.3333 0.2317 0.1853 0.2186 0.2721 0.3384 0.3989 0.4218 0.4208 0.4065 0.3756 0.3131 0.2097 0.1887 0.2302 0.2871 0.3544 0.4091 0.4232 0.4231 0.4135 0.3197 0.2956 0.2616 0.2092 0.1783 0.2368 0.3292 0.3816 0.4091 0.4214 0.4172 0.3757 0.3073 0.2453 0.1986 0.1815 0.2627 0.3453 0.3904 0.4134 0.4224 0.4111 0.3589 0.2900 0.2316 0.1888 0.1933 0.2892 0.3599 0.3982 0.4170 0.4221 0.4016 0.3407 0.2732 0.2189 0.1816 0.2140 0.3123 0.3724 0.4046 0.4198 0.4203 0.3887 0.3224 0.2577 0.2078 0.1770 0.2958
0.2595 0.2271 0.2843 0.3518 0.4068 0.4228 0.4189 0.4019 0.3661 0.2918 0.1968 0.1958 0.2411 0.3014 0.3691 0.4143 0.4231 0.4157 0.3948 0.3519 0.2625 0.1878 0.2062 0.2556 0.3192 0.3850 0.4191 0.4224 0.4116 0.3862 0.3348 0.2338 0.1852 0.2177 0.2710 0.3371 0.3981 0.4217 0.4209 0.4068 0.3764 0.3147 0.2111 0.1883 0.2293 0.2862 0.3536 0.4076 0.4228 0.4177 0.4052 0.4403 0.2810 0.2485 0.2285 0.1922 0.2076 0.3064 0.3701 0.4035 0.4196 0.4225 0.4020 0.3425 0.2755 0.2209 0.1860 0.2284 0.3263 0.3807 0.4088 0.4217 0.4206 0.3898 0.3246 0.2599 0.2093 0.1872 0.2564 0.3440 0.3901 0.4134 0.4229 0.4166 0.3745 0.3067 0.2451 0.1986 0.1947 0.2844 0.3590 0.3979 0.4171 0.4231 0.4101 0.3575 0.2893 0.2315 0.1896 0.2089 0.3503
0.2816 0.2819 0.3503 0.4060 0.4227 0.4191 0.4024 0.3672 0.2941 0.1978 0.1949 0.2398 0.2999 0.3677 0.4138 0.4231 0.4160 0.3954 0.3532 0.2649 0.1882 0.2052 0.2542 0.3175 0.3837 0.4187 0.4225 0.4120 0.3870 0.3363 0.2360 0.1852 0.2166 0.2696 0.3356 0.3972 0.4215 0.4210 0.4072 0.3771 0.3163 0.2124 0.1878 0.2283 0.2850 0.3525 0.4070 0.4228 0.4189 0.4006 0.3696 0.3503 0.2139 0.2082 0.1941 0.2091 0.3098 0.3740 0.4057 0.4205 0.4220 0.4016 0.3433 0.2767 0.2222 0.1867 0.2279 0.3303 0.3841 0.4106 0.4222 0.4199 0.3898 0.3258 0.2613 0.2105 0.1877 0.2555 0.3483 0.3930 0.4149 0.4230 0.4160 0.3749 0.3079 0.2465 0.1997 0.1949 0.2849 0.3631 0.4004 0.4183 0.4229 0.4095 0.3582 0.2906 0.2327 0.1904 0.2095 0.3122 0.4000
0.3180 0.3480 0.4052 0.4226 0.4194 0.4030 0.3684 0.2964 0.1989 0.1942 0.2389 0.2986 0.3664 0.4132 0.4231 0.4164 0.3962 0.3546 0.2672 0.1888 0.2045 0.2531 0.3162 0.3825 0.4184 0.4226 0.4125 0.3879 0.3380 0.2382 0.1853 0.2158 0.2685 0.3343 0.3963 0.4213 0.4212 0.4077 0.3781 0.3180 0.2139 0.1875 0.2276 0.2839 0.3513 0.4064 0.4227 0.4191 0.4023 0.3659 0.3019 0.2278 0.1873 0.1895 0.2110 0.3095 0.3736 0.4054 0.4204 0.4221 0.4011 0.3419 0.2753 0.2210 0.1855 0.2262 0.3291 0.3834 0.4103 0.4221 0.4200 0.3892 0.3245 0.2600 0.2095 0.1864 0.2536 0.3472 0.3925 0.4146 0.4230 0.4160 0.3740 0.3066 0.2453 0.1988 0.1933 0.2830 0.3622 0.3999 0.4181 0.4229 0.4093 0.3571 0.2893 0.2316 0.1894 0.2077 0.3109 0.3747 0.4193
0.3675 0.4064 0.4225 0.4195 0.4031 0.3687 0.2975 0.2010 0.1965 0.2419 0.3021 0.3693 0.4138 0.4231 0.4164 0.3963 0.3550 0.2686 0.1909 0.2069 0.2563 0.3197 0.3849 0.4186 0.4227 0.4125 0.3881 0.3385 0.2398 0.1875 0.2184 0.2718 0.3377 0.3980 0.4214 0.4213 0.4077 0.3782 0.3186 0.2156 0.1897 0.2305 0.2875 0.3547 0.4076 0.4227 0.4191 0.4024 0.3671 0.2946 0.2066 0.1829 0.1853 0.2134 0.3093 0.3731 0.4052 0.4202 0.4222 0.4019 0.3432 0.2764 0.2218 0.1857 0.2245 0.3276 0.3826 0.4099 0.4219 0.4203 0.3904 0.3261 0.2613 0.2105 0.1861 0.2512 0.3457 0.3917 0.4142 0.4229 0.4164 0.3754 0.3081 0.2465 0.1997 0.1925 0.2806 0.3609 0.3993 0.4178 0.4230 0.4100 0.3586 0.2907 0.2327 0.1900 0.2063 0.3087 0.3737 0.4063 0.4245
0.3994 0.4244 0.4176 0.3990 0.3615 0.2917 0.1987 0.1902 0.2335 0.2923 0.3611 0.4122 0.4230 0.4141 0.3915 0.3471 0.2657 0.1873 0.2001 0.2475 0.3100 0.3781 0.4181 0.4220 0.4096 0.3824 0.3303 0.2388 0.1829 0.2111 0.2625 0.3281 0.3930 0.4214 0.4200 0.4042 0.3717 0.3108 0.2145 0.1842 0.2225 0.2777 0.3454 0.4043 0.4228 0.4173 0.3983 0.3602 0.2897 0.1985 0.1809 0.1829 0.2142 0.3097 0.3731 0.4051 0.4202 0.4222 0.4024 0.3442 0.2775 0.2227 0.1859 0.2228 0.3262 0.3819 0.4095 0.4218 0.4205 0.3915 0.3275 0.2626 0.2114 0.1859 0.2490 0.3444 0.3910 0.4139 0.4229 0.4168 0.3767 0.3096 0.2477 0.2005 0.1918 0.2784 0.3599 0.3988 0.4175 0.4230 0.4107 0.3600 0.2921 0.2338 0.1907 0.2049 0.3067 0.3728 0.4052 0.4221 0.4197
