0.0001 0.0015 0.0203 0.2697 1.0000 1.0000 0.0005 0.0061 0.0814 1.0000 1.0000 0.0001 0.0018 0.0244 0.3238 1.0000 1.0000 0.0006 0.0073 0.0971 1.0000 1.0000 0.0002 0.0022 0.0292 0.3871 1.0000 0.0000 0.0007 0.0088 0.1162 1.0000 1.0000 0.0002 0.0026 0.0349 0.4629 1.0000 0.0001 0.0008 0.0105 0.1389 1.0000 1.0000 0.0002 0.0031 0.0416 0.5472 1.0000 0.0001 0.0003 0.0001 1.0000 0.5472 0.0416 0.0031 0.0002 1.0000 1.0000 0.1389 0.0105 0.0008 0.0001 1.0000 0.4629 0.0349 0.0026 0.0002 1.0000 1.0000 0.1162 0.0088 0.0007 0.0000 1.0000 0.3871 0.0292 0.0022 0.0002 1.0000 1.0000 0.0971 0.0073 0.0006 1.0000 1.0000 0.3238 0.0244 0.0018 0.0001 1.0000 1.0000 0.0814 0.0061 0.0005 1.0000 1.0000 0.2697 0.0203 0.0015 0.0001
0.0015 0.0208 0.2718 1.0000 1.0000 0.0005 0.0061 0.0805 1.0000 1.0000 0.0001 0.0018 0.0241 0.3201 1.0000 1.0000 0.0005 0.0073 0.0962 1.0000 1.0000 0.0002 0.0022 0.0289 0.3827 1.0000 0.0000 0.0007 0.0087 0.1148 1.0000 1.0000 0.0002 0.0026 0.0345 0.4577 1.0000 0.0001 0.0008 0.0104 0.1373 1.0000 1.0000 0.0002 0.0031 0.0413 0.5462 1.0000 0.0001 0.0008 0.0040 0.0008 0.0001 1.0000 0.5462 0.0413 0.0031 0.0002 1.0000 1.0000 0.1373 0.0104 0.0008 0.0001 1.0000 0.4577 0.0345 0.0026 0.0002 1.0000 1.0000 0.1148 0.0087 0.0007 0.0000 1.0000 0.3827 0.0289 0.0022 0.0002 1.0000 1.0000 0.0962 0.0073 0.0005 1.0000 1.0000 0.3201 0.0241 0.0018 0.0001 1.0000 1.0000 0.0805 0.0061 0.0005 1.0000 1.0000 0.2718 0.0208 0.0015
0.0203 0.2718 1.0000 1.0000 0.0004 0.0057 0.0753 0.9943 1.0000 0.0001 0.0017 0.0224 0.2972 1.0000 1.0000 0.0005 0.0067 0.0892 1.0000 1.0000 0.0002 0.0020 0.0268 0.3554 1.0000 1.0000 0.0006 0.0080 0.1066 1.0000 1.0000 0.0002 0.0024 0.0321 0.4249 1.0000 0.0001 0.0007 0.0096 0.1275 1.0000 1.0000 0.0002 0.0029 0.0383 0.5081 1.0000 0.0001 0.0008 0.0096 0.0488 0.0096 0.0008 0.0001 1.0000 0.5081 0.0383 0.0029 0.0002 1.0000 1.0000 0.1275 0.0096 0.0007 0.0001 1.0000 0.4249 0.0321 0.0024 0.0002 1.0000 1.0000 0.1066 0.0080 0.0006 1.0000 1.0000 0.3554 0.0268 0.0020 0.0002 1.0000 1.0000 0.0892 0.0067 0.0005 1.0000 1.0000 0.2972 0.0224 0.0017 0.0001 1.0000 0.9943 0.0753 0.0057 0.0004 1.0000 1.0000 0.2718 0.0203
0.2697 1.0000 1.0000 0.0004 0.0055 0.0717 0.9392 1.0000 0.0001 0.0016 0.0209 0.2765 1.0000 1.0000 0.0005 0.0062 0.0828 1.0000 1.0000 0.0001 0.0019 0.0249 0.3300 1.0000 1.0000 0.0006 0.0075 0.0990 1.0000 1.0000 0.0002 0.0022 0.0298 0.3946 1.0000 0.0001 0.0007 0.0089 0.1184 1.0000 1.0000 0.0002 0.0027 0.0356 0.4718 1.0000 0.0001 0.0008 0.0102 0.1179 0.5995 0.1179 0.0102 0.0008 0.0001 1.0000 0.4718 0.0356 0.0027 0.0002 1.0000 1.0000 0.1184 0.0089 0.0007 0.0001 1.0000 0.3946 0.0298 0.0022 0.0002 1.0000 1.0000 0.0990 0.0075 0.0006 1.0000 1.0000 0.3300 0.0249 0.0019 0.0001 1.0000 1.0000 0.0828 0.0062 0.0005 1.0000 1.0000 0.2765 0.0209 0.0016 0.0001 1.0000 0.9392 0.0717 0.0055 0.0004 1.0000 1.0000 0.2697
1.0000 1.0000 0.0004 0.0055 0.0703 0.9076 1.0000 0.0001 0.0015 0.0196 0.2587 1.0000 1.0000 0.0004 0.0058 0.0770 1.0000 1.0000 0.0001 0.0017 0.0231 0.3064 1.0000 1.0000 0.0005 0.0069 0.0919 1.0000 1.0000 0.0002 0.0021 0.0276 0.3664 1.0000 0.0000 0.0006 0.0083 0.1099 1.0000 1.0000 0.0002 0.0025 0.0330 0.4381 1.0000 0.0001 0.0007 0.0098 0.1261 1.0000 1.0000 1.0000 0.1261 0.0098 0.0007 0.0001 1.0000 0.4381 0.0330 0.0025 0.0002 1.0000 1.0000 0.1099 0.0083 0.0006 0.0000 1.0000 0.3664 0.0276 0.0021 0.0002 1.0000 1.0000 0.0919 0.0069 0.0005 1.0000 1.0000 0.3064 0.0231 0.0017 0.0001 1.0000 1.0000 0.0770 0.0058 0.0004 1.0000 1.0000 0.2587 0.0196 0.0015 0.0001 1.0000 0.9076 0.0703 0.0055 0.0004 1.0000 1.0000
1.0000 0.0005 0.0057 0.0717 0.9076 1.0000 0.0001 0.0014 0.0186 0.2443 1.0000 1.0000 0.0004 0.0054 0.0717 0.9481 1.0000 0.0001 0.0016 0.0215 0.2845 1.0000 1.0000 0.0005 0.0064 0.0854 1.0000 1.0000 0.0001 0.0019 0.0256 0.3395 1.0000 1.0000 0.0006 0.0077 0.1021 1.0000 1.0000 0.0002 0.0023 0.0306 0.4060 1.0000 0.0001 0.0007 0.0092 0.1207 1.0000 1.0000 0.0001 1.0000 1.0000 0.1207 0.0092 0.0007 0.0001 1.0000 0.4060 0.0306 0.0023 0.0002 1.0000 1.0000 0.1021 0.0077 0.0006 1.0000 1.0000 0.3395 0.0256 0.0019 0.0001 1.0000 1.0000 0.0854 0.0064 0.0005 1.0000 1.0000 0.2845 0.0215 0.0016 0.0001 1.0000 0.9481 0.0717 0.0054 0.0004 1.0000 1.0000 0.2443 0.0186 0.0014 0.0001 1.0000 0.9076 0.0717 0.0057 0.0005 1.0000
0.0005 0.0061 0.0753 0.9392 1.0000 0.0001 0.0014 0.0181 0.2348 1.0000 1.0000 0.0004 0.0051 0.0670 0.8854 1.0000 0.0001 0.0015 0.0199 0.2641 1.0000 1.0000 0.0005 0.0060 0.0793 1.0000 1.0000 0.0001 0.0018 0.0238 0.3152 1.0000 1.0000 0.0005 0.0071 0.0948 1.0000 1.0000 0.0002 0.0021 0.0284 0.3770 1.0000 0.0000 0.0006 0.0085 0.1129 1.0000 1.0000 0.0002 0.0008 0.0002 1.0000 1.0000 0.1129 0.0085 0.0006 0.0000 1.0000 0.3770 0.0284 0.0021 0.0002 1.0000 1.0000 0.0948 0.0071 0.0005 1.0000 1.0000 0.3152 0.0238 0.0018 0.0001 1.0000 1.0000 0.0793 0.0060 0.0005 1.0000 1.0000 0.2641 0.0199 0.0015 0.0001 1.0000 0.8854 0.0670 0.0051 0.0004 1.0000 1.0000 0.2348 0.0181 0.0014 0.0001 1.0000 0.9392 0.0753 0.0061 0.0005
0.0061 0.0805 0.9943 1.0000 0.0001 0.0014 0.0181 0.2317 1.0000 1.0000 0.0004 0.0048 0.0632 0.8315 1.0000 0.0001 0.0014 0.0185 0.2457 1.0000 1.0000 0.0004 0.0056 0.0736 0.9756 1.0000 0.0001 0.0017 0.0221 0.2927 1.0000 1.0000 0.0005 0.0066 0.0880 1.0000 1.0000 0.0002 0.0020 0.0264 0.3500 1.0000 1.0000 0.0006 0.0079 0.1050 1.0000 1.0000 0.0002 0.0020 0.0101 0.0020 0.0002 1.0000 1.0000 0.1050 0.0079 0.0006 1.0000 1.0000 0.3500 0.0264 0.0020 0.0002 1.0000 1.0000 0.0880 0.0066 0.0005 1.0000 1.0000 0.2927 0.0221 0.0017 0.0001 1.0000 0.9756 0.0736 0.0056 0.0004 1.0000 1.0000 0.2457 0.0185 0.0014 0.0001 1.0000 0.8315 0.0632 0.0048 0.0004 1.0000 1.0000 0.2317 0.0181 0.0014 0.0001 1.0000 0.9943 0.0805 0.0061
0.0814 1.0000 1.0000 0.0001 0.0015 0.0186 0.2348 1.0000 1.0000 0.0004 0.0047 0.0606 0.7914 1.0000 0.0001 0.0013 0.0173 0.2290 1.0000 1.0000 0.0004 0.0052 0.0683 0.9058 1.0000 0.0001 0.0015 0.0205 0.2718 1.0000 1.0000 0.0005 0.0062 0.0817 1.0000 1.0000 0.0001 0.0018 0.0245 0.3250 1.0000 1.0000 0.0006 0.0074 0.0977 1.0000 1.0000 0.0002 0.0021 0.0244 0.1241 0.0244 0.0021 0.0002 1.0000 1.0000 0.0977 0.0074 0.0006 1.0000 1.0000 0.3250 0.0245 0.0018 0.0001 1.0000 1.0000 0.0817 0.0062 0.0005 1.0000 1.0000 0.2718 0.0205 0.0015 0.0001 1.0000 0.9058 0.0683 0.0052 0.0004 1.0000 1.0000 0.2290 0.0173 0.0013 0.0001 1.0000 0.7914 0.0606 0.0047 0.0004 1.0000 1.0000 0.2348 0.0186 0.0015 0.0001 1.0000 1.0000 0.0814
1.0000 1.0000 0.0001 0.0016 0.0196 0.2443 1.0000 1.0000 0.0004 0.0046 0.0591 0.7648 1.0000 0.0001 0.0012 0.0163 0.2151 1.0000 1.0000 0.0004 0.0048 0.0636 0.8411 1.0000 0.0001 0.0014 0.0190 0.2524 1.0000 1.0000 0.0004 0.0057 0.0757 1.0000 1.0000 0.0001 0.0017 0.0228 0.3018 1.0000 1.0000 0.0005 0.0068 0.0905 1.0000 1.0000 0.0002 0.0020 0.0261 0.3006 1.0000 0.3006 0.0261 0.0020 0.0002 1.0000 1.0000 0.0905 0.0068 0.0005 1.0000 1.0000 0.3018 0.0228 0.0017 0.0001 1.0000 1.0000 0.0757 0.0057 0.0004 1.0000 1.0000 0.2524 0.0190 0.0014 0.0001 1.0000 0.8411 0.0636 0.0048 0.0004 1.0000 1.0000 0.2151 0.0163 0.0012 0.0001 1.0000 0.7648 0.0591 0.0046 0.0004 1.0000 1.0000 0.2443 0.0196 0.0016 0.0001 1.0000 1.0000
1.0000 0.0001 0.0017 0.0209 0.2587 1.0000 1.0000 0.0004 0.0047 0.0591 0.7561 1.0000 0.0001 0.0012 0.0156 0.2043 1.0000 1.0000 0.0003 0.0045 0.0592 0.7839 1.0000 0.0001 0.0013 0.0177 0.2343 1.0000 1.0000 0.0004 0.0053 0.0703 0.9321 1.0000 0.0001 0.0016 0.0211 0.2802 1.0000 1.0000 0.0005 0.0063 0.0841 1.0000 1.0000 0.0001 0.0019 0.0250 0.3207 1.0000 1.0000 1.0000 0.3207 0.0250 0.0019 0.0001 1.0000 1.0000 0.0841 0.0063 0.0005 1.0000 1.0000 0.2802 0.0211 0.0016 0.0001 1.0000 0.9321 0.0703 0.0053 0.0004 1.0000 1.0000 0.2343 0.0177 0.0013 0.0001 1.0000 0.7839 0.0592 0.0045 0.0003 1.0000 1.0000 0.2043 0.0156 0.0012 0.0001 1.0000 0.7561 0.0591 0.0047 0.0004 1.0000 1.0000 0.2587 0.0209 0.0017 0.0001 1.0000
0.0001 0.0018 0.0224 0.2765 1.0000 1.0000 0.0004 0.0048 0.0606 0.7648 1.0000 0.0001 0.0012 0.0151 0.1963 1.0000 1.0000 0.0003 0.0042 0.0556 0.7335 1.0000 0.0001 0.0012 0.0164 0.2180 1.0000 1.0000 0.0004 0.0049 0.0653 0.8654 1.0000 0.0001 0.0015 0.0196 0.2602 1.0000 1.0000 0.0004 0.0059 0.0781 1.0000 1.0000 0.0001 0.0018 0.0234 0.3075 1.0000 1.0000 0.0002 1.0000 1.0000 0.3075 0.0234 0.0018 0.0001 1.0000 1.0000 0.0781 0.0059 0.0004 1.0000 1.0000 0.2602 0.0196 0.0015 0.0001 1.0000 0.8654 0.0653 0.0049 0.0004 1.0000 1.0000 0.2180 0.0164 0.0012 0.0001 1.0000 0.7335 0.0556 0.0042 0.0003 1.0000 1.0000 0.1963 0.0151 0.0012 0.0001 1.0000 0.7648 0.0606 0.0048 0.0004 1.0000 1.0000 0.2765 0.0224 0.0018 0.0001
0.0018 0.0241 0.2972 1.0000 1.0000 0.0004 0.0051 0.0632 0.7914 1.0000 0.0001 0.0012 0.0150 0.1926 1.0000 1.0000 0.0003 0.0040 0.0527 0.6915 1.0000 0.0001 0.0012 0.0154 0.2028 1.0000 1.0000 0.0003 0.0046 0.0606 0.8036 1.0000 0.0001 0.0014 0.0182 0.2416 1.0000 1.0000 0.0004 0.0055 0.0725 0.9608 1.0000 0.0001 0.0016 0.0217 0.2877 1.0000 1.0000 0.0004 0.0021 0.0004 1.0000 1.0000 0.2877 0.0217 0.0016 0.0001 1.0000 0.9608 0.0725 0.0055 0.0004 1.0000 1.0000 0.2416 0.0182 0.0014 0.0001 1.0000 0.8036 0.0606 0.0046 0.0003 1.0000 1.0000 0.2028 0.0154 0.0012 0.0001 1.0000 0.6915 0.0527 0.0040 0.0003 1.0000 1.0000 0.1926 0.0150 0.0012 0.0001 1.0000 0.7914 0.0632 0.0051 0.0004 1.0000 1.0000 0.2972 0.0241 0.0018
0.0244 0.3201 1.0000 1.0000 0.0004 0.0054 0.0670 0.8315 1.0000 0.0001 0.0012 0.0151 0.1926 1.0000 1.0000 0.0003 0.0039 0.0505 0.6594 1.0000 0.0001 0.0011 0.0144 0.1897 1.0000 1.0000 0.0003 0.0043 0.0564 0.7461 1.0000 0.0001 0.0013 0.0169 0.2239 1.0000 1.0000 0.0004 0.0051 0.0673 0.8922 1.0000 0.0001 0.0015 0.0202 0.2677 1.0000 1.0000 0.0004 0.0051 0.0257 0.0051 0.0004 1.0000 1.0000 0.2677 0.0202 0.0015 0.0001 1.0000 0.8922 0.0673 0.0051 0.0004 1.0000 1.0000 0.2239 0.0169 0.0013 0.0001 1.0000 0.7461 0.0564 0.0043 0.0003 1.0000 1.0000 0.1897 0.0144 0.0011 0.0001 1.0000 0.6594 0.0505 0.0039 0.0003 1.0000 1.0000 0.1926 0.0151 0.0012 0.0001 1.0000 0.8315 0.0670 0.0054 0.0004 1.0000 1.0000 0.3201 0.0244
0.3238 1.0000 1.0000 0.0005 0.0058 0.0717 0.8854 1.0000 0.0001 0.0012 0.0156 0.1963 1.0000 1.0000 0.0003 0.0038 0.0491 0.6360 1.0000 0.0001 0.0010 0.0136 0.1785 1.0000 1.0000 0.0003 0.0040 0.0525 0.6941 1.0000 0.0001 0.0012 0.0157 0.2079 1.0000 1.0000 0.0004 0.0047 0.0625 0.8284 1.0000 0.0001 0.0014 0.0187 0.2485 1.0000 1.0000 0.0004 0.0054 0.0622 0.3164 0.0622 0.0054 0.0004 1.0000 1.0000 0.2485 0.0187 0.0014 0.0001 1.0000 0.8284 0.0625 0.0047 0.0004 1.0000 1.0000 0.2079 0.0157 0.0012 0.0001 1.0000 0.6941 0.0525 0.0040 0.0003 1.0000 1.0000 0.1785 0.0136 0.0010 0.0001 1.0000 0.6360 0.0491 0.0038 0.0003 1.0000 1.0000 0.1963 0.0156 0.0012 0.0001 1.0000 0.8854 0.0717 0.0058 0.0005 1.0000 1.0000 0.3238
1.0000 1.0000 0.0005 0.0062 0.0770 0.9481 1.0000 0.0001 0.0013 0.0163 0.2043 1.0000 1.0000 0.0003 0.0038 0.0486 0.6252 1.0000 0.0001 0.0010 0.0130 0.1696 1.0000 1.0000 0.0003 0.0037 0.0490 0.6482 1.0000 0.0001 0.0011 0.0146 0.1930 1.0000 1.0000 0.0003 0.0044 0.0580 0.7692 1.0000 0.0001 0.0013 0.0174 0.2308 1.0000 1.0000 0.0004 0.0052 0.0664 0.7662 1.0000 0.7662 0.0664 0.0052 0.0004 1.0000 1.0000 0.2308 0.0174 0.0013 0.0001 1.0000 0.7692 0.0580 0.0044 0.0003 1.0000 1.0000 0.1930 0.0146 0.0011 0.0001 1.0000 0.6482 0.0490 0.0037 0.0003 1.0000 1.0000 0.1696 0.0130 0.0010 0.0001 1.0000 0.6252 0.0486 0.0038 0.0003 1.0000 1.0000 0.2043 0.0163 0.0013 0.0001 1.0000 0.9481 0.0770 0.0062 0.0005 1.0000 1.0000
1.0000 0.0005 0.0067 0.0828 1.0000 1.0000 0.0001 0.0014 0.0173 0.2151 1.0000 1.0000 0.0003 0.0039 0.0491 0.6252 1.0000 0.0001 0.0010 0.0126 0.1629 1.0000 1.0000 0.0003 0.0035 0.0461 0.6076 1.0000 0.0001 0.0010 0.0136 0.1795 1.0000 1.0000 0.0003 0.0041 0.0539 0.7142 1.0000 0.0001 0.0012 0.0162 0.2143 1.0000 1.0000 0.0004 0.0048 0.0637 0.8174 1.0000 1.0000 1.0000 0.8174 0.0637 0.0048 0.0004 1.0000 1.0000 0.2143 0.0162 0.0012 0.0001 1.0000 0.7142 0.0539 0.0041 0.0003 1.0000 1.0000 0.1795 0.0136 0.0010 0.0001 1.0000 0.6076 0.0461 0.0035 0.0003 1.0000 1.0000 0.1629 0.0126 0.0010 0.0001 1.0000 0.6252 0.0491 0.0039 0.0003 1.0000 1.0000 0.2151 0.0173 0.0014 0.0001 1.0000 1.0000 0.0828 0.0067 0.0005 1.0000
0.0006 0.0073 0.0892 1.0000 1.0000 0.0001 0.0015 0.0185 0.2290 1.0000 1.0000 0.0003 0.0040 0.0505 0.6360 1.0000 0.0001 0.0010 0.0123 0.1590 1.0000 1.0000 0.0003 0.0033 0.0437 0.5728 1.0000 0.0001 0.0010 0.0127 0.1673 1.0000 1.0000 0.0003 0.0038 0.0500 0.6631 1.0000 0.0001 0.0011 0.0150 0.1990 1.0000 1.0000 0.0003 0.0045 0.0596 0.7839 1.0000 0.0001 0.0004 0.0001 1.0000 0.7839 0.0596 0.0045 0.0003 1.0000 1.0000 0.1990 0.0150 0.0011 0.0001 1.0000 0.6631 0.0500 0.0038 0.0003 1.0000 1.0000 0.1673 0.0127 0.0010 0.0001 1.0000 0.5728 0.0437 0.0033 0.0003 1.0000 1.0000 0.1590 0.0123 0.0010 0.0001 1.0000 0.6360 0.0505 0.0040 0.0003 1.0000 1.0000 0.2290 0.0185 0.0015 0.0001 1.0000 1.0000 0.0892 0.0073 0.0006
0.0073 0.0962 1.0000 1.0000 0.0001 0.0016 0.0199 0.2457 1.0000 1.0000 0.0003 0.0042 0.0527 0.6594 1.0000 0.0001 0.0010 0.0123 0.1575 1.0000 1.0000 0.0002 0.0032 0.0418 0.5452 1.0000 0.0001 0.0009 0.0119 0.1569 1.0000 1.0000 0.0003 0.0035 0.0464 0.6157 1.0000 0.0001 0.0011 0.0139 0.1847 1.0000 1.0000 0.0003 0.0042 0.0554 0.7335 1.0000 0.0001 0.0010 0.0053 0.0010 0.0001 1.0000 0.7335 0.0554 0.0042 0.0003 1.0000 1.0000 0.1847 0.0139 0.0011 0.0001 1.0000 0.6157 0.0464 0.0035 0.0003 1.0000 1.0000 0.1569 0.0119 0.0009 0.0001 1.0000 0.5452 0.0418 0.0032 0.0002 1.0000 1.0000 0.1575 0.0123 0.0010 0.0001 1.0000 0.6594 0.0527 0.0042 0.0003 1.0000 1.0000 0.2457 0.0199 0.0016 0.0001 1.0000 1.0000 0.0962 0.0073
0.0971 1.0000 1.0000 0.0001 0.0017 0.0215 0.2641 1.0000 1.0000 0.0004 0.0045 0.0556 0.6915 1.0000 0.0001 0.0010 0.0126 0.1590 1.0000 1.0000 0.0002 0.0031 0.0405 0.5258 1.0000 0.0001 0.0009 0.0112 0.1476 1.0000 1.0000 0.0002 0.0033 0.0433 0.5728 1.0000 0.0001 0.0010 0.0129 0.1715 1.0000 1.0000 0.0003 0.0039 0.0515 0.6823 1.0000 0.0001 0.0011 0.0129 0.0655 0.0129 0.0011 0.0001 1.0000 0.6823 0.0515 0.0039 0.0003 1.0000 1.0000 0.1715 0.0129 0.0010 0.0001 1.0000 0.5728 0.0433 0.0033 0.0002 1.0000 1.0000 0.1476 0.0112 0.0009 0.0001 1.0000 0.5258 0.0405 0.0031 0.0002 1.0000 1.0000 0.1590 0.0126 0.0010 0.0001 1.0000 0.6915 0.0556 0.0045 0.0004 1.0000 1.0000 0.2641 0.0215 0.0017 0.0001 1.0000 1.0000 0.0971
1.0000 1.0000 0.0002 0.0019 0.0231 0.2845 1.0000 1.0000 0.0004 0.0048 0.0592 0.7335 1.0000 0.0001 0.0010 0.0130 0.1629 1.0000 1.0000 0.0002 0.0031 0.0399 0.5139 1.0000 0.0001 0.0008 0.0107 0.1402 1.0000 1.0000 0.0002 0.0031 0.0404 0.5339 1.0000 0.0001 0.0009 0.0120 0.1593 1.0000 1.0000 0.0003 0.0036 0.0478 0.6335 1.0000 0.0001 0.0011 0.0138 0.1587 0.8066 0.1587 0.0138 0.0011 0.0001 1.0000 0.6335 0.0478 0.0036 0.0003 1.0000 1.0000 0.1593 0.0120 0.0009 0.0001 1.0000 0.5339 0.0404 0.0031 0.0002 1.0000 1.0000 0.1402 0.0107 0.0008 0.0001 1.0000 0.5139 0.0399 0.0031 0.0002 1.0000 1.0000 0.1629 0.0130 0.0010 0.0001 1.0000 0.7335 0.0592 0.0048 0.0004 1.0000 1.0000 0.2845 0.0231 0.0019 0.0002 1.0000 1.0000
1.0000 0.0002 0.0020 0.0249 0.3064 1.0000 1.0000 0.0004 0.0052 0.0636 0.7839 1.0000 0.0001 0.0011 0.0136 0.1696 1.0000 1.0000 0.0002 0.0031 0.0399 0.5101 1.0000 0.0001 0.0008 0.0104 0.1345 1.0000 1.0000 0.0002 0.0029 0.0380 0.5014 1.0000 0.0001 0.0008 0.0112 0.1482 1.0000 1.0000 0.0003 0.0033 0.0444 0.5882 1.0000 0.0001 0.0010 0.0132 0.1693 1.0000 1.0000 1.0000 0.1693 0.0132 0.0010 0.0001 1.0000 0.5882 0.0444 0.0033 0.0003 1.0000 1.0000 0.1482 0.0112 0.0008 0.0001 1.0000 0.5014 0.0380 0.0029 0.0002 1.0000 1.0000 0.1345 0.0104 0.0008 0.0001 1.0000 0.5101 0.0399 0.0031 0.0002 1.0000 1.0000 0.1696 0.0136 0.0011 0.0001 1.0000 0.7839 0.0636 0.0052 0.0004 1.0000 1.0000 0.3064 0.0249 0.0020 0.0002 1.0000
0.0002 0.0022 0.0268 0.3300 1.0000 1.0000 0.0005 0.0056 0.0683 0.8411 1.0000 0.0001 0.0012 0.0144 0.1785 1.0000 1.0000 0.0003 0.0032 0.0405 0.5139 1.0000 0.0001 0.0008 0.0101 0.1307 1.0000 1.0000 0.0002 0.0028 0.0361 0.4727 1.0000 0.0001 0.0008 0.0105 0.1381 1.0000 1.0000 0.0002 0.0031 0.0412 0.5462 1.0000 0.0001 0.0009 0.0123 0.1623 1.0000 1.0000 0.0001 1.0000 1.0000 0.1623 0.0123 0.0009 0.0001 1.0000 0.5462 0.0412 0.0031 0.0002 1.0000 1.0000 0.1381 0.0105 0.0008 0.0001 1.0000 0.4727 0.0361 0.0028 0.0002 1.0000 1.0000 0.1307 0.0101 0.0008 0.0001 1.0000 0.5139 0.0405 0.0032 0.0003 1.0000 1.0000 0.1785 0.0144 0.0012 0.0001 1.0000 0.8411 0.0683 0.0056 0.0005 1.0000 1.0000 0.3300 0.0268 0.0022 0.0002
0.0022 0.0289 0.3554 1.0000 1.0000 0.0005 0.0060 0.0736 0.9058 1.0000 0.0001 0.0012 0.0154 0.1897 1.0000 1.0000 0.0003 0.0033 0.0418 0.5258 1.0000 0.0001 0.0008 0.0100 0.1287 1.0000 1.0000 0.0002 0.0026 0.0345 0.4507 1.0000 0.0001 0.0007 0.0098 0.1295 1.0000 1.0000 0.0002 0.0029 0.0383 0.5072 1.0000 0.0001 0.0009 0.0115 0.1519 1.0000 1.0000 0.0002 0.0011 0.0002 1.0000 1.0000 0.1519 0.0115 0.0009 0.0001 1.0000 0.5072 0.0383 0.0029 0.0002 1.0000 1.0000 0.1295 0.0098 0.0007 0.0001 1.0000 0.4507 0.0345 0.0026 0.0002 1.0000 1.0000 0.1287 0.0100 0.0008 0.0001 1.0000 0.5258 0.0418 0.0033 0.0003 1.0000 1.0000 0.1897 0.0154 0.0012 0.0001 1.0000 0.9058 0.0736 0.0060 0.0005 1.0000 1.0000 0.3554 0.0289 0.0022
0.0292 0.3827 1.0000 1.0000 0.0005 0.0064 0.0793 0.9756 1.0000 0.0001 0.0013 0.0164 0.2028 1.0000 1.0000 0.0003 0.0035 0.0437 0.5452 1.0000 0.0001 0.0008 0.0101 0.1287 1.0000 1.0000 0.0002 0.0026 0.0333 0.4331 1.0000 0.0001 0.0007 0.0093 0.1218 1.0000 1.0000 0.0002 0.0027 0.0357 0.4718 1.0000 0.0001 0.0008 0.0107 0.1413 1.0000 1.0000 0.0002 0.0027 0.0136 0.0027 0.0002 1.0000 1.0000 0.1413 0.0107 0.0008 0.0001 1.0000 0.4718 0.0357 0.0027 0.0002 1.0000 1.0000 0.1218 0.0093 0.0007 0.0001 1.0000 0.4331 0.0333 0.0026 0.0002 1.0000 1.0000 0.1287 0.0101 0.0008 0.0001 1.0000 0.5452 0.0437 0.0035 0.0003 1.0000 1.0000 0.2028 0.0164 0.0013 0.0001 1.0000 0.9756 0.0793 0.0064 0.0005 1.0000 1.0000 0.3827 0.0292
0.3871 1.0000 1.0000 0.0006 0.0069 0.0854 1.0000 1.0000 0.0001 0.0014 0.0177 0.2180 1.0000 1.0000 0.0003 0.0037 0.0461 0.5728 1.0000 0.0001 0.0008 0.0104 0.1307 1.0000 1.0000 0.0002 0.0025 0.0326 0.4209 1.0000 0.0001 0.0007 0.0088 0.1157 1.0000 1.0000 0.0002 0.0025 0.0334 0.4406 1.0000 0.0001 0.0007 0.0099 0.1312 1.0000 1.0000 0.0002 0.0028 0.0329 0.1670 0.0329 0.0028 0.0002 1.0000 1.0000 0.1312 0.0099 0.0007 0.0001 1.0000 0.4406 0.0334 0.0025 0.0002 1.0000 1.0000 0.1157 0.0088 0.0007 0.0001 1.0000 0.4209 0.0326 0.0025 0.0002 1.0000 1.0000 0.1307 0.0104 0.0008 0.0001 1.0000 0.5728 0.0461 0.0037 0.0003 1.0000 1.0000 0.2180 0.0177 0.0014 0.0001 1.0000 1.0000 0.0854 0.0069 0.0006 1.0000 1.0000 0.3871
1.0000 0.0000 0.0006 0.0075 0.0919 1.0000 1.0000 0.0001 0.0015 0.0190 0.2343 1.0000 1.0000 0.0003 0.0040 0.0490 0.6076 1.0000 0.0001 0.0009 0.0107 0.1345 1.0000 1.0000 0.0002 0.0025 0.0324 0.4153 1.0000 0.0001 0.0007 0.0085 0.1108 1.0000 1.0000 0.0002 0.0024 0.0314 0.4138 1.0000 0.0001 0.0007 0.0092 0.1220 1.0000 1.0000 0.0002 0.0027 0.0350 0.4044 1.0000 0.4044 0.0350 0.0027 0.0002 1.0000 1.0000 0.1220 0.0092 0.0007 0.0001 1.0000 0.4138 0.0314 0.0024 0.0002 1.0000 1.0000 0.1108 0.0085 0.0007 0.0001 1.0000 0.4153 0.0324 0.0025 0.0002 1.0000 1.0000 0.1345 0.0107 0.0009 0.0001 1.0000 0.6076 0.0490 0.0040 0.0003 1.0000 1.0000 0.2343 0.0190 0.0015 0.0001 1.0000 1.0000 0.0919 0.0075 0.0006 0.0000 1.0000
0.0000 0.0007 0.0080 0.0990 1.0000 1.0000 0.0001 0.0017 0.0205 0.2524 1.0000 1.0000 0.0003 0.0043 0.0525 0.6482 1.0000 0.0001 0.0009 0.0112 0.1402 1.0000 1.0000 0.0002 0.0026 0.0326 0.4153 1.0000 0.0000 0.0006 0.0083 0.1072 1.0000 1.0000 0.0002 0.0023 0.0297 0.3901 1.0000 0.0000 0.0007 0.0086 0.1140 1.0000 1.0000 0.0002 0.0026 0.0336 0.4315 1.0000 1.0000 1.0000 0.4315 0.0336 0.0026 0.0002 1.0000 1.0000 0.1140 0.0086 0.0007 0.0000 1.0000 0.3901 0.0297 0.0023 0.0002 1.0000 1.0000 0.1072 0.0083 0.0006 0.0000 1.0000 0.4153 0.0326 0.0026 0.0002 1.0000 1.0000 0.1402 0.0112 0.0009 0.0001 1.0000 0.6482 0.0525 0.0043 0.0003 1.0000 1.0000 0.2524 0.0205 0.0017 0.0001 1.0000 1.0000 0.0990 0.0080 0.0007 0.0000
0.0007 0.0087 0.1066 1.0000 1.0000 0.0001 0.0018 0.0221 0.2718 1.0000 1.0000 0.0004 0.0046 0.0564 0.6941 1.0000 0.0001 0.0010 0.0119 0.1476 1.0000 1.0000 0.0002 0.0026 0.0333 0.4209 1.0000 0.0000 0.0006 0.0082 0.1050 1.0000 1.0000 0.0002 0.0022 0.0284 0.3713 1.0000 1.0000 0.0006 0.0081 0.1066 1.0000 1.0000 0.0002 0.0024 0.0315 0.4138 1.0000 1.0000 0.0002 1.0000 1.0000 0.4138 0.0315 0.0024 0.0002 1.0000 1.0000 0.1066 0.0081 0.0006 1.0000 1.0000 0.3713 0.0284 0.0022 0.0002 1.0000 1.0000 0.1050 0.0082 0.0006 0.0000 1.0000 0.4209 0.0333 0.0026 0.0002 1.0000 1.0000 0.1476 0.0119 0.0010 0.0001 1.0000 0.6941 0.0564 0.0046 0.0004 1.0000 1.0000 0.2718 0.0221 0.0018 0.0001 1.0000 1.0000 0.1066 0.0087 0.0007
0.0088 0.1148 1.0000 1.0000 0.0002 0.0019 0.0238 0.2927 1.0000 1.0000 0.0004 0.0049 0.0606 0.7461 1.0000 0.0001 0.0010 0.0127 0.1569 1.0000 1.0000 0.0002 0.0028 0.0345 0.4331 1.0000 0.0001 0.0006 0.0082 0.1042 1.0000 1.0000 0.0002 0.0021 0.0274 0.3561 1.0000 1.0000 0.0006 0.0076 0.1003 1.0000 1.0000 0.0002 0.0022 0.0294 0.3879 1.0000 0.0000 0.0006 0.0028 0.0006 0.0000 1.0000 0.3879 0.0294 0.0022 0.0002 1.0000 1.0000 0.1003 0.0076 0.0006 1.0000 1.0000 0.3561 0.0274 0.0021 0.0002 1.0000 1.0000 0.1042 0.0082 0.0006 0.0001 1.0000 0.4331 0.0345 0.0028 0.0002 1.0000 1.0000 0.1569 0.0127 0.0010 0.0001 1.0000 0.7461 0.0606 0.0049 0.0004 1.0000 1.0000 0.2927 0.0238 0.0019 0.0002 1.0000 1.0000 0.1148 0.0088
0.1162 1.0000 1.0000 0.0002 0.0021 0.0256 0.3152 1.0000 1.0000 0.0004 0.0053 0.0653 0.8036 1.0000 0.0001 0.0011 0.0136 0.1673 1.0000 1.0000 0.0002 0.0029 0.0361 0.4507 1.0000 0.0001 0.0007 0.0083 0.1050 1.0000 1.0000 0.0002 0.0021 0.0267 0.3447 1.0000 1.0000 0.0006 0.0073 0.0951 1.0000 1.0000 0.0002 0.0021 0.0275 0.3629 1.0000 1.0000 0.0006 0.0068 0.0347 0.0068 0.0006 1.0000 1.0000 0.3629 0.0275 0.0021 0.0002 1.0000 1.0000 0.0951 0.0073 0.0006 1.0000 1.0000 0.3447 0.0267 0.0021 0.0002 1.0000 1.0000 0.1050 0.0083 0.0007 0.0001 1.0000 0.4507 0.0361 0.0029 0.0002 1.0000 1.0000 0.1673 0.0136 0.0011 0.0001 1.0000 0.8036 0.0653 0.0053 0.0004 1.0000 1.0000 0.3152 0.0256 0.0021 0.0002 1.0000 1.0000 0.1162
1.0000 1.0000 0.0002 0.0022 0.0276 0.3395 1.0000 1.0000 0.0005 0.0057 0.0703 0.8654 1.0000 0.0001 0.0012 0.0146 0.1795 1.0000 1.0000 0.0002 0.0031 0.0380 0.4727 1.0000 0.0001 0.0007 0.0085 0.1072 1.0000 1.0000 0.0002 0.0021 0.0263 0.3382 1.0000 1.0000 0.0005 0.0070 0.0911 1.0000 1.0000 0.0001 0.0020 0.0259 0.3408 1.0000 1.0000 0.0006 0.0073 0.0841 0.4266 0.0841 0.0073 0.0006 1.0000 1.0000 0.3408 0.0259 0.0020 0.0001 1.0000 1.0000 0.0911 0.0070 0.0005 1.0000 1.0000 0.3382 0.0263 0.0021 0.0002 1.0000 1.0000 0.1072 0.0085 0.0007 0.0001 1.0000 0.4727 0.0380 0.0031 0.0002 1.0000 1.0000 0.1795 0.0146 0.0012 0.0001 1.0000 0.8654 0.0703 0.0057 0.0005 1.0000 1.0000 0.3395 0.0276 0.0022 0.0002 1.0000 1.0000
1.0000 0.0002 0.0024 0.0298 0.3664 1.0000 1.0000 0.0005 0.0062 0.0757 0.9321 1.0000 0.0001 0.0013 0.0157 0.1930 1.0000 1.0000 0.0003 0.0033 0.0404 0.5014 1.0000 0.0001 0.0007 0.0088 0.1108 1.0000 1.0000 0.0002 0.0021 0.0263 0.3363 1.0000 1.0000 0.0005 0.0068 0.0878 1.0000 1.0000 0.0001 0.0019 0.0245 0.3213 1.0000 1.0000 0.0005 0.0070 0.0900 1.0000 1.0000 1.0000 0.0900 0.0070 0.0005 1.0000 1.0000 0.3213 0.0245 0.0019 0.0001 1.0000 1.0000 0.0878 0.0068 0.0005 1.0000 1.0000 0.3363 0.0263 0.0021 0.0002 1.0000 1.0000 0.1108 0.0088 0.0007 0.0001 1.0000 0.5014 0.0404 0.0033 0.0003 1.0000 1.0000 0.1930 0.0157 0.0013 0.0001 1.0000 0.9321 0.0757 0.0062 0.0005 1.0000 1.0000 0.3664 0.0298 0.0024 0.0002 1.0000
0.0002 0.0026 0.0321 0.3946 1.0000 1.0000 0.0005 0.0066 0.0817 1.0000 1.0000 0.0001 0.0014 0.0169 0.2079 1.0000 1.0000 0.0003 0.0035 0.0433 0.5339 1.0000 0.0001 0.0007 0.0093 0.1157 1.0000 1.0000 0.0002 0.0021 0.0267 0.3382 1.0000 1.0000 0.0005 0.0066 0.0858 1.0000 1.0000 0.0001 0.0018 0.0233 0.3046 1.0000 1.0000 0.0005 0.0066 0.0870 1.0000 1.0000 1.0000 1.0000 1.0000 0.0870 0.0066 0.0005 1.0000 1.0000 0.3046 0.0233 0.0018 0.0001 1.0000 1.0000 0.0858 0.0066 0.0005 1.0000 1.0000 0.3382 0.0267 0.0021 0.0002 1.0000 1.0000 0.1157 0.0093 0.0007 0.0001 1.0000 0.5339 0.0433 0.0035 0.0003 1.0000 1.0000 0.2079 0.0169 0.0014 0.0001 1.0000 1.0000 0.0817 0.0066 0.0005 1.0000 1.0000 0.3946 0.0321 0.0026 0.0002
0.0026 0.0345 0.4249 1.0000 0.0000 0.0006 0.0071 0.0880 1.0000 1.0000 0.0001 0.0015 0.0182 0.2239 1.0000 1.0000 0.0003 0.0038 0.0464 0.5728 1.0000 0.0001 0.0008 0.0098 0.1218 1.0000 1.0000 0.0002 0.0022 0.0274 0.3447 1.0000 1.0000 0.0005 0.0066 0.0847 1.0000 1.0000 0.0001 0.0017 0.0224 0.2922 1.0000 1.0000 0.0005 0.0063 0.0825 1.0000 1.0000 0.0001 0.0006 0.0001 1.0000 1.0000 0.0825 0.0063 0.0005 1.0000 1.0000 0.2922 0.0224 0.0017 0.0001 1.0000 1.0000 0.0847 0.0066 0.0005 1.0000 1.0000 0.3447 0.0274 0.0022 0.0002 1.0000 1.0000 0.1218 0.0098 0.0008 0.0001 1.0000 0.5728 0.0464 0.0038 0.0003 1.0000 1.0000 0.2239 0.0182 0.0015 0.0001 1.0000 1.0000 0.0880 0.0071 0.0006 0.0000 1.0000 0.4249 0.0345 0.0026
0.0349 0.4577 1.0000 0.0001 0.0006 0.0077 0.0948 1.0000 1.0000 0.0001 0.0016 0.0196 0.2416 1.0000 1.0000 0.0003 0.0041 0.0500 0.6157 1.0000 0.0001 0.0008 0.0105 0.1295 1.0000 1.0000 0.0002 0.0023 0.0284 0.3561 1.0000 1.0000 0.0005 0.0066 0.0847 1.0000 1.0000 0.0001 0.0017 0.0218 0.2823 1.0000 1.0000 0.0005 0.0060 0.0782 1.0000 1.0000 0.0001 0.0014 0.0073 0.0014 0.0001 1.0000 1.0000 0.0782 0.0060 0.0005 1.0000 1.0000 0.2823 0.0218 0.0017 0.0001 1.0000 1.0000 0.0847 0.0066 0.0005 1.0000 1.0000 0.3561 0.0284 0.0023 0.0002 1.0000 1.0000 0.1295 0.0105 0.0008 0.0001 1.0000 0.6157 0.0500 0.0041 0.0003 1.0000 1.0000 0.2416 0.0196 0.0016 0.0001 1.0000 1.0000 0.0948 0.0077 0.0006 0.0001 1.0000 0.4577 0.0349
0.4629 1.0000 0.0001 0.0007 0.0083 0.1021 1.0000 1.0000 0.0001 0.0017 0.0211 0.2602 1.0000 1.0000 0.0004 0.0044 0.0539 0.6631 1.0000 0.0001 0.0009 0.0112 0.1381 1.0000 1.0000 0.0002 0.0024 0.0297 0.3713 1.0000 1.0000 0.0005 0.0068 0.0858 1.0000 1.0000 0.0001 0.0017 0.0214 0.2760 1.0000 1.0000 0.0004 0.0057 0.0747 0.9774 1.0000 0.0001 0.0016 0.0178 0.0902 0.0178 0.0016 0.0001 1.0000 0.9774 0.0747 0.0057 0.0004 1.0000 1.0000 0.2760 0.0214 0.0017 0.0001 1.0000 1.0000 0.0858 0.0068 0.0005 1.0000 1.0000 0.3713 0.0297 0.0024 0.0002 1.0000 1.0000 0.1381 0.0112 0.0009 0.0001 1.0000 0.6631 0.0539 0.0044 0.0004 1.0000 1.0000 0.2602 0.0211 0.0017 0.0001 1.0000 1.0000 0.1021 0.0083 0.0007 0.0001 1.0000 0.4629
1.0000 0.0001 0.0007 0.0089 0.1099 1.0000 1.0000 0.0002 0.0018 0.0228 0.2802 1.0000 1.0000 0.0004 0.0047 0.0580 0.7142 1.0000 0.0001 0.0010 0.0120 0.1482 1.0000 1.0000 0.0002 0.0025 0.0314 0.3901 1.0000 1.0000 0.0006 0.0070 0.0878 1.0000 1.0000 0.0001 0.0017 0.0213 0.2723 1.0000 1.0000 0.0004 0.0055 0.0719 0.9356 1.0000 0.0001 0.0015 0.0193 0.2213 1.0000 0.2213 0.0193 0.0015 0.0001 1.0000 0.9356 0.0719 0.0055 0.0004 1.0000 1.0000 0.2723 0.0213 0.0017 0.0001 1.0000 1.0000 0.0878 0.0070 0.0006 1.0000 1.0000 0.3901 0.0314 0.0025 0.0002 1.0000 1.0000 0.1482 0.0120 0.0010 0.0001 1.0000 0.7142 0.0580 0.0047 0.0004 1.0000 1.0000 0.2802 0.0228 0.0018 0.0002 1.0000 1.0000 0.1099 0.0089 0.0007 0.0001 1.0000
0.0001 0.0008 0.0096 0.1184 1.0000 1.0000 0.0002 0.0020 0.0245 0.3018 1.0000 1.0000 0.0004 0.0051 0.0625 0.7692 1.0000 0.0001 0.0011 0.0129 0.1593 1.0000 1.0000 0.0002 0.0027 0.0334 0.4138 1.0000 1.0000 0.0006 0.0073 0.0911 1.0000 1.0000 0.0001 0.0017 0.0214 0.2723 1.0000 1.0000 0.0004 0.0054 0.0699 0.9058 1.0000 0.0001 0.0015 0.0190 0.2406 1.0000 1.0000 1.0000 0.2406 0.0190 0.0015 0.0001 1.0000 0.9058 0.0699 0.0054 0.0004 1.0000 1.0000 0.2723 0.0214 0.0017 0.0001 1.0000 1.0000 0.0911 0.0073 0.0006 1.0000 1.0000 0.4138 0.0334 0.0027 0.0002 1.0000 1.0000 0.1593 0.0129 0.0011 0.0001 1.0000 0.7692 0.0625 0.0051 0.0004 1.0000 1.0000 0.3018 0.0245 0.0020 0.0002 1.0000 1.0000 0.1184 0.0096 0.0008 0.0001
0.0008 0.0104 0.1275 1.0000 1.0000 0.0002 0.0021 0.0264 0.3250 1.0000 1.0000 0.0004 0.0055 0.0673 0.8284 1.0000 0.0001 0.0011 0.0139 0.1715 1.0000 1.0000 0.0002 0.0029 0.0357 0.4406 1.0000 0.0000 0.0006 0.0076 0.0951 1.0000 1.0000 0.0001 0.0017 0.0218 0.2760 1.0000 1.0000 0.0004 0.0054 0.0687 0.8854 1.0000 0.0001 0.0014 0.0183 0.2375 1.0000 1.0000 0.0001 1.0000 1.0000 0.2375 0.0183 0.0014 0.0001 1.0000 0.8854 0.0687 0.0054 0.0004 1.0000 1.0000 0.2760 0.0218 0.0017 0.0001 1.0000 1.0000 0.0951 0.0076 0.0006 0.0000 1.0000 0.4406 0.0357 0.0029 0.0002 1.0000 1.0000 0.1715 0.0139 0.0011 0.0001 1.0000 0.8284 0.0673 0.0055 0.0004 1.0000 1.0000 0.3250 0.0264 0.0021 0.0002 1.0000 1.0000 0.1275 0.0104 0.0008
0.0105 0.1373 1.0000 1.0000 0.0002 0.0023 0.0284 0.3500 1.0000 1.0000 0.0005 0.0059 0.0725 0.8922 1.0000 0.0001 0.0012 0.0150 0.1847 1.0000 1.0000 0.0003 0.0031 0.0383 0.4718 1.0000 0.0001 0.0007 0.0081 0.1003 1.0000 1.0000 0.0001 0.0018 0.0224 0.2823 1.0000 1.0000 0.0004 0.0054 0.0683 0.8754 1.0000 0.0001 0.0014 0.0178 0.2303 1.0000 1.0000 0.0003 0.0016 0.0003 1.0000 1.0000 0.2303 0.0178 0.0014 0.0001 1.0000 0.8754 0.0683 0.0054 0.0004 1.0000 1.0000 0.2823 0.0224 0.0018 0.0001 1.0000 1.0000 0.1003 0.0081 0.0007 0.0001 1.0000 0.4718 0.0383 0.0031 0.0003 1.0000 1.0000 0.1847 0.0150 0.0012 0.0001 1.0000 0.8922 0.0725 0.0059 0.0005 1.0000 1.0000 0.3500 0.0284 0.0023 0.0002 1.0000 1.0000 0.1373 0.0105
0.1389 1.0000 1.0000 0.0002 0.0025 0.0306 0.3770 1.0000 1.0000 0.0005 0.0063 0.0781 0.9608 1.0000 0.0001 0.0013 0.0162 0.1990 1.0000 1.0000 0.0003 0.0033 0.0412 0.5072 1.0000 0.0001 0.0007 0.0086 0.1066 1.0000 1.0000 0.0001 0.0019 0.0233 0.2922 1.0000 1.0000 0.0004 0.0054 0.0687 0.8754 1.0000 0.0001 0.0013 0.0174 0.2243 1.0000 1.0000 0.0003 0.0039 0.0199 0.0039 0.0003 1.0000 1.0000 0.2243 0.0174 0.0013 0.0001 1.0000 0.8754 0.0687 0.0054 0.0004 1.0000 1.0000 0.2922 0.0233 0.0019 0.0001 1.0000 1.0000 0.1066 0.0086 0.0007 0.0001 1.0000 0.5072 0.0412 0.0033 0.0003 1.0000 1.0000 0.1990 0.0162 0.0013 0.0001 1.0000 0.9608 0.0781 0.0063 0.0005 1.0000 1.0000 0.3770 0.0306 0.0025 0.0002 1.0000 1.0000 0.1389
1.0000 1.0000 0.0002 0.0027 0.0330 0.4060 1.0000 1.0000 0.0006 0.0068 0.0841 1.0000 1.0000 0.0001 0.0014 0.0174 0.2143 1.0000 1.0000 0.0003 0.0036 0.0444 0.5462 1.0000 0.0001 0.0007 0.0092 0.1140 1.0000 1.0000 0.0002 0.0020 0.0245 0.3046 1.0000 1.0000 0.0004 0.0055 0.0699 0.8854 1.0000 0.0001 0.0013 0.0172 0.2209 1.0000 1.0000 0.0003 0.0044 0.0495 0.2495 0.0495 0.0044 0.0003 1.0000 1.0000 0.2209 0.0172 0.0013 0.0001 1.0000 0.8854 0.0699 0.0055 0.0004 1.0000 1.0000 0.3046 0.0245 0.0020 0.0002 1.0000 1.0000 0.1140 0.0092 0.0007 0.0001 1.0000 0.5462 0.0444 0.0036 0.0003 1.0000 1.0000 0.2143 0.0174 0.0014 0.0001 1.0000 1.0000 0.0841 0.0068 0.0006 1.0000 1.0000 0.4060 0.0330 0.0027 0.0002 1.0000 1.0000
1.0000 0.0002 0.0029 0.0356 0.4381 1.0000 0.0000 0.0006 0.0074 0.0905 1.0000 1.0000 0.0001 0.0015 0.0187 0.2308 1.0000 1.0000 0.0003 0.0039 0.0478 0.5882 1.0000 0.0001 0.0008 0.0099 0.1220 1.0000 1.0000 0.0002 0.0021 0.0259 0.3213 1.0000 1.0000 0.0005 0.0057 0.0719 0.9058 1.0000 0.0001 0.0013 0.0172 0.2209 1.0000 1.0000 0.0003 0.0043 0.0546 0.6169 1.0000 0.6240 0.0549 0.0043 0.0003 1.0000 1.0000 0.2180 0.0171 0.0013 0.0001 1.0000 0.9058 0.0719 0.0057 0.0005 1.0000 1.0000 0.3213 0.0259 0.0021 0.0002 1.0000 1.0000 0.1220 0.0099 0.0008 0.0001 1.0000 0.5882 0.0478 0.0039 0.0003 1.0000 1.0000 0.2308 0.0187 0.0015 0.0001 1.0000 1.0000 0.0905 0.0074 0.0006 0.0000 1.0000 0.4381 0.0356 0.0029 0.0002 1.0000
0.0002 0.0031 0.0383 0.4718 1.0000 0.0001 0.0006 0.0079 0.0977 1.0000 1.0000 0.0001 0.0016 0.0202 0.2485 1.0000 1.0000 0.0003 0.0042 0.0515 0.6335 1.0000 0.0001 0.0009 0.0107 0.1312 1.0000 1.0000 0.0002 0.0022 0.0275 0.3408 1.0000 1.0000 0.0005 0.0060 0.0747 0.9356 1.0000 0.0001 0.0014 0.0174 0.2209 1.0000 1.0000 0.0003 0.0043 0.0560 0.6981 1.0000 1.0000 1.0000 0.6928 0.0550 0.0043 0.0003 1.0000 1.0000 0.2209 0.0174 0.0014 0.0001 1.0000 0.9356 0.0747 0.0060 0.0005 1.0000 1.0000 0.3408 0.0275 0.0022 0.0002 1.0000 1.0000 0.1312 0.0107 0.0009 0.0001 1.0000 0.6335 0.0515 0.0042 0.0003 1.0000 1.0000 0.2485 0.0202 0.0016 0.0001 1.0000 1.0000 0.0977 0.0079 0.0006 0.0001 1.0000 0.4718 0.0383 0.0031 0.0002
0.0031 0.0413 0.5081 1.0000 0.0001 0.0007 0.0085 0.1050 1.0000 1.0000 0.0001 0.0018 0.0217 0.2677 1.0000 1.0000 0.0004 0.0045 0.0554 0.6823 1.0000 0.0001 0.0009 0.0115 0.1413 1.0000 1.0000 0.0002 0.0024 0.0294 0.3629 1.0000 1.0000 0.0005 0.0063 0.0782 0.9774 1.0000 0.0001 0.0014 0.0178 0.2243 1.0000 1.0000 0.0003 0.0043 0.0556 0.7128 1.0000 0.0001 0.0004 0.0001 1.0000 0.6954 0.0549 0.0043 0.0003 1.0000 1.0000 0.2247 0.0178 0.0014 0.0001 1.0000 0.9774 0.0782 0.0063 0.0005 1.0000 1.0000 0.3629 0.0294 0.0024 0.0002 1.0000 1.0000 0.1413 0.0115 0.0009 0.0001 1.0000 0.6823 0.0554 0.0045 0.0004 1.0000 1.0000 0.2677 0.0217 0.0018 0.0001 1.0000 1.0000 0.1050 0.0085 0.0007 0.0001 1.0000 0.5081 0.0413 0.0031
0.0416 0.5462 1.0000 0.0001 0.0007 0.0092 0.1129 1.0000 1.0000 0.0002 0.0019 0.0234 0.2877 1.0000 1.0000 0.0004 0.0048 0.0596 0.7335 1.0000 0.0001 0.0010 0.0123 0.1519 1.0000 1.0000 0.0002 0.0026 0.0315 0.3879 1.0000 1.0000 0.0005 0.0066 0.0825 1.0000 1.0000 0.0001 0.0015 0.0183 0.2303 1.0000 1.0000 0.0003 0.0043 0.0551 0.7021 1.0000 0.0001 0.0009 0.0047 0.0009 0.0001 1.0000 0.7021 0.0545 0.0043 0.0003 1.0000 1.0000 0.2303 0.0183 0.0015 0.0001 1.0000 1.0000 0.0825 0.0066 0.0005 1.0000 1.0000 0.3879 0.0315 0.0026 0.0002 1.0000 1.0000 0.1519 0.0123 0.0010 0.0001 1.0000 0.7335 0.0596 0.0048 0.0004 1.0000 1.0000 0.2877 0.0234 0.0019 0.0002 1.0000 1.0000 0.1129 0.0092 0.0007 0.0001 1.0000 0.5462 0.0416
0.5472 1.0000 0.0001 0.0008 0.0098 0.1207 1.0000 1.0000 0.0002 0.0020 0.0250 0.3075 1.0000 1.0000 0.0004 0.0052 0.0637 0.7839 1.0000 0.0001 0.0011 0.0132 0.1623 1.0000 1.0000 0.0002 0.0027 0.0336 0.4138 1.0000 1.0000 0.0006 0.0070 0.0870 1.0000 1.0000 0.0001 0.0015 0.0190 0.2375 1.0000 1.0000 0.0003 0.0044 0.0559 0.6994 1.0000 0.0001 0.0010 0.0116 0.0588 0.0116 0.0010 0.0001 1.0000 0.6901 0.0553 0.0043 0.0003 1.0000 1.0000 0.2375 0.0190 0.0015 0.0001 1.0000 1.0000 0.0870 0.0070 0.0006 1.0000 1.0000 0.4138 0.0336 0.0027 0.0002 1.0000 1.0000 0.1623 0.0132 0.0011 0.0001 1.0000 0.7839 0.0637 0.0052 0.0004 1.0000 1.0000 0.3075 0.0250 0.0020 0.0002 1.0000 1.0000 0.1207 0.0098 0.0008 0.0001 1.0000 0.5472
1.0000 0.0001 0.0008 0.0102 0.1261 1.0000 1.0000 0.0002 0.0021 0.0261 0.3207 1.0000 1.0000 0.0004 0.0054 0.0664 0.8174 1.0000 0.0001 0.0011 0.0138 0.1693 1.0000 1.0000 0.0002 0.0028 0.0350 0.4315 1.0000 0.0000 0.0006 0.0073 0.0900 1.0000 1.0000 0.0001 0.0016 0.0193 0.2406 1.0000 1.0000 0.0003 0.0044 0.0547 0.7034 1.0000 0.0001 0.0010 0.0129 0.1459 0.7265 0.1454 0.0129 0.0010 0.0001 1.0000 0.6967 0.0554 0.0044 0.0003 1.0000 1.0000 0.2406 0.0193 0.0016 0.0001 1.0000 1.0000 0.0900 0.0073 0.0006 0.0000 1.0000 0.4315 0.0350 0.0028 0.0002 1.0000 1.0000 0.1693 0.0138 0.0011 0.0001 1.0000 0.8174 0.0664 0.0054 0.0004 1.0000 1.0000 0.3207 0.0261 0.0021 0.0002 1.0000 1.0000 0.1261 0.0102 0.0008 0.0001 1.0000
0.0001 0.0008 0.0096 0.1179 1.0000 1.0000 0.0002 0.0020 0.0244 0.3006 1.0000 1.0000 0.0004 0.0051 0.0622 0.7662 1.0000 0.0001 0.0010 0.0129 0.1587 1.0000 1.0000 0.0002 0.0027 0.0329 0.4044 1.0000 1.0000 0.0006 0.0068 0.0841 1.0000 1.0000 0.0001 0.0014 0.0178 0.2213 1.0000 1.0000 0.0003 0.0039 0.0495 0.6252 1.0000 0.0001 0.0009 0.0117 0.1445 1.0000 1.0000 1.0000 0.1459 0.0116 0.0009 0.0001 1.0000 0.6228 0.0500 0.0039 0.0003 1.0000 1.0000 0.2213 0.0178 0.0014 0.0001 1.0000 1.0000 0.0841 0.0068 0.0006 1.0000 1.0000 0.4044 0.0329 0.0027 0.0002 1.0000 1.0000 0.1587 0.0129 0.0010 0.0001 1.0000 0.7662 0.0622 0.0051 0.0004 1.0000 1.0000 0.3006 0.0244 0.0020 0.0002 1.0000 1.0000 0.1179 0.0096 0.0008 0.0001
0.0003 0.0040 0.0488 0.5995 1.0000 0.0001 0.0008 0.0101 0.1241 1.0000 1.0000 0.0002 0.0021 0.0257 0.3164 1.0000 1.0000 0.0004 0.0053 0.0655 0.8066 1.0000 0.0001 0.0011 0.0136 0.1670 1.0000 1.0000 0.0002 0.0028 0.0347 0.4266 1.0000 1.0000 0.0006 0.0073 0.0902 1.0000 1.0000 0.0001 0.0016 0.0199 0.2495 1.0000 1.0000 0.0004 0.0046 0.0575 0.7155 1.0000 1.0000 1.0000 0.7196 0.0578 0.0046 0.0004 1.0000 1.0000 0.2500 0.0199 0.0016 0.0001 1.0000 1.0000 0.0902 0.0073 0.0006 1.0000 1.0000 0.4266 0.0347 0.0028 0.0002 1.0000 1.0000 0.1670 0.0136 0.0011 0.0001 1.0000 0.8066 0.0655 0.0053 0.0004 1.0000 1.0000 0.3164 0.0257 0.0021 0.0002 1.0000 1.0000 0.1241 0.0101 0.0008 0.0001 1.0000 0.5995 0.0488 0.0040 0.0003
0.0001 0.0008 0.0096 0.1179 1.0000 1.0000 0.0002 0.0020 0.0244 0.3006 1.0000 1.0000 0.0004 0.0051 0.0622 0.7662 1.0000 0.0001 0.0010 0.0129 0.1587 1.0000 1.0000 0.0002 0.0027 0.0329 0.4044 1.0000 1.0000 0.0006 0.0068 0.0841 1.0000 1.0000 0.0001 0.0014 0.0178 0.2213 1.0000 1.0000 0.0003 0.0039 0.0495 0.6264 1.0000 0.0001 0.0009 0.0113 0.1426 1.0000 1.0000 1.0000 0.1429 0.0116 0.0009 0.0001 1.0000 0.6287 0.0497 0.0039 0.0003 1.0000 1.0000 0.2213 0.0178 0.0014 0.0001 1.0000 1.0000 0.0841 0.0068 0.0006 1.0000 1.0000 0.4044 0.0329 0.0027 0.0002 1.0000 1.0000 0.1587 0.0129 0.0010 0.0001 1.0000 0.7662 0.0622 0.0051 0.0004 1.0000 1.0000 0.3006 0.0244 0.0020 0.0002 1.0000 1.0000 0.1179 0.0096 0.0008 0.0001
1.0000 0.0001 0.0008 0.0102 0.1261 1.0000 1.0000 0.0002 0.0021 0.0261 0.3207 1.0000 1.0000 0.0004 0.0054 0.0664 0.8174 1.0000 0.0001 0.0011 0.0138 0.1693 1.0000 1.0000 0.0002 0.0028 0.0350 0.4315 1.0000 0.0000 0.0006 0.0073 0.0900 1.0000 1.0000 0.0001 0.0016 0.0193 0.2406 1.0000 1.0000 0.0003 0.0044 0.0553 0.6928 1.0000 0.0001 0.0010 0.0125 0.1432 0.7155 0.1429 0.0129 0.0010 0.0001 1.0000 0.6915 0.0543 0.0043 0.0003 1.0000 1.0000 0.2406 0.0193 0.0016 0.0001 1.0000 1.0000 0.0900 0.0073 0.0006 0.0000 1.0000 0.4315 0.0350 0.0028 0.0002 1.0000 1.0000 0.1693 0.0138 0.0011 0.0001 1.0000 0.8174 0.0664 0.0054 0.0004 1.0000 1.0000 0.3207 0.0261 0.0021 0.0002 1.0000 1.0000 0.1261 0.0102 0.0008 0.0001 1.0000
0.5472 1.0000 0.0001 0.0008 0.0098 0.1207 1.0000 1.0000 0.0002 0.0020 0.0250 0.3075 1.0000 1.0000 0.0004 0.0052 0.0637 0.7839 1.0000 0.0001 0.0011 0.0132 0.1623 1.0000 1.0000 0.0002 0.0027 0.0336 0.4138 1.0000 1.0000 0.0006 0.0070 0.0870 1.0000 1.0000 0.0001 0.0015 0.0190 0.2375 1.0000 1.0000 0.0003 0.0043 0.0555 0.6981 1.0000 0.0001 0.0010 0.0115 0.0581 0.0116 0.0010 0.0001 1.0000 0.7034 0.0557 0.0043 0.0003 1.0000 1.0000 0.2375 0.0190 0.0015 0.0001 1.0000 1.0000 0.0870 0.0070 0.0006 1.0000 1.0000 0.4138 0.0336 0.0027 0.0002 1.0000 1.0000 0.1623 0.0132 0.0011 0.0001 1.0000 0.7839 0.0637 0.0052 0.0004 1.0000 1.0000 0.3075 0.0250 0.0020 0.0002 1.0000 1.0000 0.1207 0.0098 0.0008 0.0001 1.0000 0.5472
0.0416 0.5462 1.0000 0.0001 0.0007 0.0092 0.1129 1.0000 1.0000 0.0002 0.0019 0.0234 0.2877 1.0000 1.0000 0.0004 0.0048 0.0596 0.7335 1.0000 0.0001 0.0010 0.0123 0.1519 1.0000 1.0000 0.0002 0.0026 0.0315 0.3879 1.0000 1.0000 0.0005 0.0066 0.0825 1.0000 1.0000 0.0001 0.0015 0.0183 0.2303 1.0000 1.0000 0.0003 0.0042 0.0548 0.6954 1.0000 0.0001 0.0009 0.0046 0.0009 0.0001 1.0000 0.6981 0.0549 0.0043 0.0003 1.0000 1.0000 0.2303 0.0183 0.0015 0.0001 1.0000 1.0000 0.0825 0.0066 0.0005 1.0000 1.0000 0.3879 0.0315 0.0026 0.0002 1.0000 1.0000 0.1519 0.0123 0.0010 0.0001 1.0000 0.7335 0.0596 0.0048 0.0004 1.0000 1.0000 0.2877 0.0234 0.0019 0.0002 1.0000 1.0000 0.1129 0.0092 0.0007 0.0001 1.0000 0.5462 0.0416
0.0031 0.0413 0.5081 1.0000 0.0001 0.0007 0.0085 0.1050 1.0000 1.0000 0.0001 0.0018 0.0217 0.2677 1.0000 1.0000 0.0004 0.0045 0.0554 0.6823 1.0000 0.0001 0.0009 0.0115 0.1413 1.0000 1.0000 0.0002 0.0024 0.0294 0.3629 1.0000 1.0000 0.0005 0.0063 0.0782 0.9774 1.0000 0.0001 0.0014 0.0178 0.2243 1.0000 1.0000 0.0003 0.0043 0.0545 0.6994 1.0000 0.0001 0.0004 0.0001 1.0000 0.6954 0.0550 0.0044 0.0003 1.0000 1.0000 0.2243 0.0178 0.0014 0.0001 1.0000 0.9774 0.0782 0.0063 0.0005 1.0000 1.0000 0.3629 0.0294 0.0024 0.0002 1.0000 1.0000 0.1413 0.0115 0.0009 0.0001 1.0000 0.6823 0.0554 0.0045 0.0004 1.0000 1.0000 0.2677 0.0217 0.0018 0.0001 1.0000 1.0000 0.1050 0.0085 0.0007 0.0001 1.0000 0.5081 0.0413 0.0031
