0.1559 0.1950 0.3350 0.5128 0.3612 0.1502 0.1642 0.2554 0.4594 0.4689 0.1871 0.1485 0.2015 0.3500 0.5118 0.3389 0.1485 0.1678 0.2655 0.4744 0.4572 0.1759 0.1500 0.2081 0.3652 0.5093 0.3154 0.1474 0.1717 0.2762 0.4876 0.4440 0.1680 0.1517 0.2151 0.3810 0.5054 0.2907 0.1466 0.1759 0.2875 0.4981 0.4293 0.1622 0.1538 0.2227 0.3972 0.5005 0.2718 0.1457 0.1545 0.1457 0.2718 0.5005 0.3972 0.2227 0.1538 0.1622 0.4293 0.4981 0.2875 0.1759 0.1466 0.2907 0.5054 0.3810 0.2151 0.1517 0.1680 0.4440 0.4876 0.2762 0.1717 0.1474 0.3154 0.5093 0.3652 0.2081 0.1500 0.1759 0.4572 0.4744 0.2655 0.1678 0.1485 0.3389 0.5118 0.3500 0.2015 0.1485 0.1871 0.4689 0.4594 0.2554 0.1642 0.1502 0.3612 0.5128 0.3350 0.1950 0.1559
0.1950 0.3346 0.5143 0.3647 0.1418 0.1570 0.2507 0.4586 0.4716 0.1851 0.1399 0.1954 0.3469 0.5134 0.3438 0.1400 0.1606 0.2609 0.4739 0.4602 0.1716 0.1416 0.2022 0.3624 0.5110 0.3204 0.1387 0.1647 0.2718 0.4875 0.4472 0.1623 0.1435 0.2094 0.3786 0.5072 0.2957 0.1378 0.1691 0.2833 0.4985 0.4328 0.1555 0.1458 0.2172 0.3952 0.5022 0.2716 0.1373 0.1674 0.2240 0.1674 0.1373 0.2716 0.5022 0.3952 0.2172 0.1458 0.1555 0.4328 0.4985 0.2833 0.1691 0.1378 0.2957 0.5072 0.3786 0.2094 0.1435 0.1623 0.4472 0.4875 0.2718 0.1647 0.1387 0.3204 0.5110 0.3624 0.2022 0.1416 0.1716 0.4602 0.4739 0.2609 0.1606 0.1400 0.3438 0.5134 0.3469 0.1954 0.1399 0.1851 0.4716 0.4586 0.2507 0.1570 0.1418 0.3647 0.5143 0.3346 0.1950
0.3350 0.5143 0.3679 0.1424 0.1559 0.2472 0.4524 0.4757 0.1919 0.1393 0.1928 0.3407 0.5138 0.3531 0.1407 0.1590 0.2565 0.4676 0.4651 0.1767 0.1408 0.1993 0.3559 0.5121 0.3303 0.1392 0.1630 0.2672 0.4821 0.4527 0.1658 0.1427 0.2064 0.3718 0.5089 0.3061 0.1381 0.1673 0.2784 0.4943 0.4389 0.1581 0.1448 0.2139 0.3882 0.5043 0.2812 0.1375 0.1705 0.2770 0.4092 0.2770 0.1705 0.1375 0.2812 0.5043 0.3882 0.2139 0.1448 0.1581 0.4389 0.4943 0.2784 0.1673 0.1381 0.3061 0.5089 0.3718 0.2064 0.1427 0.1658 0.4527 0.4821 0.2672 0.1630 0.1392 0.3303 0.5121 0.3559 0.1993 0.1408 0.1767 0.4651 0.4676 0.2565 0.1590 0.1407 0.3531 0.5138 0.3407 0.1928 0.1393 0.1919 0.4757 0.4524 0.2472 0.1559 0.1424 0.3679 0.5143 0.3350
0.5128 0.3647 0.1424 0.1555 0.2451 0.4478 0.4789 0.1987 0.1389 0.1903 0.3349 0.5141 0.3619 0.1415 0.1575 0.2523 0.4611 0.4698 0.1825 0.1401 0.1965 0.3495 0.5130 0.3400 0.1397 0.1613 0.2627 0.4763 0.4580 0.1698 0.1419 0.2034 0.3651 0.5104 0.3163 0.1385 0.1654 0.2737 0.4895 0.4448 0.1610 0.1439 0.2107 0.3813 0.5064 0.2915 0.1377 0.1696 0.2823 0.4884 0.4974 0.4884 0.2823 0.1696 0.1377 0.2915 0.5064 0.3813 0.2107 0.1439 0.1610 0.4448 0.4895 0.2737 0.1654 0.1385 0.3163 0.5104 0.3651 0.2034 0.1419 0.1698 0.4580 0.4763 0.2627 0.1613 0.1397 0.3400 0.5130 0.3495 0.1965 0.1401 0.1825 0.4698 0.4611 0.2523 0.1575 0.1415 0.3619 0.5141 0.3349 0.1903 0.1389 0.1987 0.4789 0.4478 0.2451 0.1555 0.1424 0.3647 0.5128
0.3612 0.1418 0.1559 0.2451 0.4460 0.4807 0.2038 0.1386 0.1883 0.3297 0.5141 0.3701 0.1424 0.1561 0.2482 0.4545 0.4742 0.1892 0.1395 0.1938 0.3432 0.5137 0.3494 0.1404 0.1597 0.2583 0.4702 0.4631 0.1745 0.1411 0.2005 0.3585 0.5116 0.3264 0.1390 0.1637 0.2690 0.4843 0.4505 0.1643 0.1430 0.2076 0.3745 0.5082 0.3020 0.1380 0.1679 0.2797 0.4933 0.4506 0.2736 0.4506 0.4933 0.2797 0.1679 0.1380 0.3020 0.5082 0.3745 0.2076 0.1430 0.1643 0.4505 0.4843 0.2690 0.1637 0.1390 0.3264 0.5116 0.3585 0.2005 0.1411 0.1745 0.4631 0.4702 0.2583 0.1597 0.1404 0.3494 0.5137 0.3432 0.1938 0.1395 0.1892 0.4742 0.4545 0.2482 0.1561 0.1424 0.3701 0.5141 0.3297 0.1883 0.1386 0.2038 0.4807 0.4460 0.2451 0.1559 0.1418 0.3612
0.1502 0.1570 0.2472 0.4478 0.4807 0.2057 0.1384 0.1869 0.3257 0.5139 0.3772 0.1433 0.1548 0.2444 0.4479 0.4783 0.1968 0.1390 0.1912 0.3371 0.5140 0.3585 0.1412 0.1581 0.2540 0.4637 0.4679 0.1800 0.1404 0.1976 0.3520 0.5127 0.3362 0.1395 0.1620 0.2645 0.4787 0.4559 0.1681 0.1422 0.2046 0.3677 0.5098 0.3123 0.1384 0.1661 0.2754 0.4907 0.4458 0.1681 0.1353 0.1681 0.4458 0.4907 0.2754 0.1661 0.1384 0.3123 0.5098 0.3677 0.2046 0.1422 0.1681 0.4559 0.4787 0.2645 0.1620 0.1395 0.3362 0.5127 0.3520 0.1976 0.1404 0.1800 0.4679 0.4637 0.2540 0.1581 0.1412 0.3585 0.5140 0.3371 0.1912 0.1390 0.1968 0.4783 0.4479 0.2444 0.1548 0.1433 0.3772 0.5139 0.3257 0.1869 0.1384 0.2057 0.4807 0.4478 0.2472 0.1570 0.1502
0.1642 0.2507 0.4524 0.4789 0.2038 0.1384 0.1864 0.3235 0.5137 0.3825 0.1441 0.1537 0.2410 0.4416 0.4820 0.2048 0.1386 0.1887 0.3311 0.5141 0.3674 0.1421 0.1566 0.2498 0.4571 0.4724 0.1864 0.1398 0.1949 0.3457 0.5134 0.3456 0.1401 0.1603 0.2600 0.4727 0.4611 0.1725 0.1414 0.2016 0.3611 0.5112 0.3224 0.1388 0.1644 0.2708 0.4863 0.4490 0.1647 0.1402 0.1666 0.1402 0.1647 0.4490 0.4863 0.2708 0.1644 0.1388 0.3224 0.5112 0.3611 0.2016 0.1414 0.1725 0.4611 0.4727 0.2600 0.1603 0.1401 0.3456 0.5134 0.3457 0.1949 0.1398 0.1864 0.4724 0.4571 0.2498 0.1566 0.1421 0.3674 0.5141 0.3311 0.1887 0.1386 0.2048 0.4820 0.4416 0.2410 0.1537 0.1441 0.3825 0.5137 0.3235 0.1864 0.1384 0.2038 0.4789 0.4524 0.2507 0.1642
0.2554 0.4586 0.4757 0.1987 0.1386 0.1869 0.3235 0.5136 0.3854 0.1447 0.1528 0.2382 0.4361 0.4851 0.2128 0.1382 0.1863 0.3254 0.5140 0.3758 0.1430 0.1552 0.2457 0.4503 0.4767 0.1937 0.1392 0.1922 0.3395 0.5139 0.3549 0.1409 0.1587 0.2557 0.4664 0.4660 0.1777 0.1407 0.1988 0.3546 0.5123 0.3322 0.1393 0.1626 0.2663 0.4809 0.4540 0.1670 0.1418 0.1969 0.2774 0.1969 0.1418 0.1670 0.4540 0.4809 0.2663 0.1626 0.1393 0.3322 0.5123 0.3546 0.1988 0.1407 0.1777 0.4660 0.4664 0.2557 0.1587 0.1409 0.3549 0.5139 0.3395 0.1922 0.1392 0.1937 0.4767 0.4503 0.2457 0.1552 0.1430 0.3758 0.5140 0.3254 0.1863 0.1382 0.2128 0.4851 0.4361 0.2382 0.1528 0.1447 0.3854 0.5136 0.3235 0.1869 0.1386 0.1987 0.4757 0.4586 0.2554
0.4594 0.4716 0.1919 0.1389 0.1883 0.3257 0.5137 0.3854 0.1449 0.1524 0.2364 0.4319 0.4875 0.2200 0.1380 0.1842 0.3202 0.5135 0.3836 0.1441 0.1538 0.2417 0.4434 0.4808 0.2018 0.1387 0.1896 0.3334 0.5141 0.3638 0.1417 0.1572 0.2514 0.4598 0.4707 0.1838 0.1400 0.1960 0.3482 0.5131 0.3419 0.1399 0.1610 0.2618 0.4751 0.4591 0.1709 0.1415 0.2009 0.3476 0.4912 0.3476 0.2009 0.1415 0.1709 0.4591 0.4751 0.2618 0.1610 0.1399 0.3419 0.5131 0.3482 0.1960 0.1400 0.1838 0.4707 0.4598 0.2514 0.1572 0.1417 0.3638 0.5141 0.3334 0.1896 0.1387 0.2018 0.4808 0.4434 0.2417 0.1538 0.1441 0.3836 0.5135 0.3202 0.1842 0.1380 0.2200 0.4875 0.4319 0.2364 0.1524 0.1449 0.3854 0.5137 0.3257 0.1883 0.1389 0.1919 0.4716 0.4594
0.4689 0.1851 0.1393 0.1903 0.3297 0.5139 0.3825 0.1447 0.1524 0.2358 0.4297 0.4891 0.2256 0.1378 0.1825 0.3157 0.5128 0.3907 0.1452 0.1526 0.2380 0.4365 0.4845 0.2107 0.1383 0.1871 0.3274 0.5141 0.3725 0.1426 0.1557 0.2473 0.4530 0.4751 0.1907 0.1394 0.1933 0.3420 0.5138 0.3512 0.1406 0.1594 0.2574 0.4689 0.4641 0.1756 0.1409 0.1994 0.3535 0.5124 0.4478 0.5124 0.3535 0.1994 0.1409 0.1756 0.4641 0.4689 0.2574 0.1594 0.1406 0.3512 0.5138 0.3420 0.1933 0.1394 0.1907 0.4751 0.4530 0.2473 0.1557 0.1426 0.3725 0.5141 0.3274 0.1871 0.1383 0.2107 0.4845 0.4365 0.2380 0.1526 0.1452 0.3907 0.5128 0.3157 0.1825 0.1378 0.2256 0.4891 0.4297 0.2358 0.1524 0.1447 0.3825 0.5139 0.3297 0.1903 0.1393 0.1851 0.4689
0.1871 0.1399 0.1928 0.3349 0.5141 0.3772 0.1441 0.1528 0.2364 0.4297 0.4896 0.2286 0.1377 0.1813 0.3121 0.5120 0.3967 0.1463 0.1514 0.2346 0.4299 0.4880 0.2199 0.1380 0.1847 0.3216 0.5137 0.3809 0.1437 0.1543 0.2433 0.4461 0.4792 0.1985 0.1389 0.1907 0.3359 0.5141 0.3602 0.1413 0.1578 0.2531 0.4625 0.4688 0.1812 0.1403 0.1970 0.3499 0.5130 0.3618 0.1654 0.3618 0.5130 0.3499 0.1970 0.1403 0.1812 0.4688 0.4625 0.2531 0.1578 0.1413 0.3602 0.5141 0.3359 0.1907 0.1389 0.1985 0.4792 0.4461 0.2433 0.1543 0.1437 0.3809 0.5137 0.3216 0.1847 0.1380 0.2199 0.4880 0.4299 0.2346 0.1514 0.1463 0.3967 0.5120 0.3121 0.1813 0.1377 0.2286 0.4896 0.4297 0.2364 0.1528 0.1441 0.3772 0.5141 0.3349 0.1928 0.1399 0.1871
0.1485 0.1954 0.3407 0.5141 0.3701 0.1433 0.1537 0.2382 0.4319 0.4891 0.2286 0.1377 0.1806 0.3099 0.5113 0.4013 0.1472 0.1505 0.2316 0.4238 0.4910 0.2291 0.1378 0.1824 0.3161 0.5129 0.3889 0.1448 0.1530 0.2394 0.4391 0.4831 0.2071 0.1385 0.1881 0.3298 0.5141 0.3690 0.1422 0.1563 0.2490 0.4558 0.4733 0.1878 0.1397 0.1943 0.3442 0.5136 0.3527 0.1414 0.1396 0.1414 0.3527 0.5136 0.3442 0.1943 0.1397 0.1878 0.4733 0.4558 0.2490 0.1563 0.1422 0.3690 0.5141 0.3298 0.1881 0.1385 0.2071 0.4831 0.4391 0.2394 0.1530 0.1448 0.3889 0.5129 0.3161 0.1824 0.1378 0.2291 0.4910 0.4238 0.2316 0.1505 0.1472 0.4013 0.5113 0.3099 0.1806 0.1377 0.2286 0.4891 0.4319 0.2382 0.1537 0.1433 0.3701 0.5141 0.3407 0.1954 0.1485
0.2015 0.3469 0.5138 0.3619 0.1424 0.1548 0.2410 0.4361 0.4875 0.2256 0.1377 0.1806 0.3091 0.5109 0.4043 0.1480 0.1498 0.2291 0.4185 0.4935 0.2377 0.1376 0.1803 0.3108 0.5119 0.3965 0.1461 0.1517 0.2355 0.4320 0.4868 0.2164 0.1381 0.1856 0.3239 0.5139 0.3776 0.1432 0.1549 0.2449 0.4489 0.4776 0.1953 0.1391 0.1917 0.3382 0.5140 0.3579 0.1413 0.1534 0.1962 0.1534 0.1413 0.3579 0.5140 0.3382 0.1917 0.1391 0.1953 0.4776 0.4489 0.2449 0.1549 0.1432 0.3776 0.5139 0.3239 0.1856 0.1381 0.2164 0.4868 0.4320 0.2355 0.1517 0.1461 0.3965 0.5119 0.3108 0.1803 0.1376 0.2377 0.4935 0.4185 0.2291 0.1498 0.1480 0.4043 0.5109 0.3091 0.1806 0.1377 0.2256 0.4875 0.4361 0.2410 0.1548 0.1424 0.3619 0.5138 0.3469 0.2015
0.3500 0.5134 0.3531 0.1415 0.1561 0.2444 0.4416 0.4851 0.2200 0.1378 0.1813 0.3099 0.5109 0.4053 0.1484 0.1493 0.2274 0.4144 0.4955 0.2453 0.1375 0.1785 0.3061 0.5105 0.4035 0.1474 0.1505 0.2319 0.4250 0.4902 0.2262 0.1378 0.1832 0.3182 0.5132 0.3858 0.1444 0.1535 0.2409 0.4419 0.4816 0.2036 0.1386 0.1891 0.3322 0.5141 0.3659 0.1419 0.1558 0.2392 0.3496 0.2392 0.1558 0.1419 0.3659 0.5141 0.3322 0.1891 0.1386 0.2036 0.4816 0.4419 0.2409 0.1535 0.1444 0.3858 0.5132 0.3182 0.1832 0.1378 0.2262 0.4902 0.4250 0.2319 0.1505 0.1474 0.4035 0.5105 0.3061 0.1785 0.1375 0.2453 0.4955 0.4144 0.2274 0.1493 0.1484 0.4053 0.5109 0.3099 0.1813 0.1378 0.2200 0.4851 0.4416 0.2444 0.1561 0.1415 0.3531 0.5134 0.3500
0.5118 0.3438 0.1407 0.1575 0.2482 0.4479 0.4820 0.2128 0.1380 0.1825 0.3121 0.5113 0.4043 0.1484 0.1492 0.2265 0.4117 0.4968 0.2512 0.1375 0.1769 0.3020 0.5090 0.4097 0.1488 0.1494 0.2284 0.4181 0.4933 0.2363 0.1376 0.1809 0.3125 0.5123 0.3937 0.1456 0.1522 0.2371 0.4349 0.4853 0.2126 0.1383 0.1866 0.3263 0.5140 0.3742 0.1428 0.1552 0.2440 0.4341 0.5114 0.4341 0.2440 0.1552 0.1428 0.3742 0.5140 0.3263 0.1866 0.1383 0.2126 0.4853 0.4349 0.2371 0.1522 0.1456 0.3937 0.5123 0.3125 0.1809 0.1376 0.2363 0.4933 0.4181 0.2284 0.1494 0.1488 0.4097 0.5090 0.3020 0.1769 0.1375 0.2512 0.4968 0.4117 0.2265 0.1492 0.1484 0.4043 0.5113 0.3121 0.1825 0.1380 0.2128 0.4820 0.4479 0.2482 0.1575 0.1407 0.3438 0.5118
0.3389 0.1400 0.1590 0.2523 0.4545 0.4783 0.2048 0.1382 0.1842 0.3157 0.5120 0.4013 0.1480 0.1493 0.2265 0.4108 0.4975 0.2551 0.1374 0.1757 0.2986 0.5074 0.4150 0.1502 0.1484 0.2253 0.4116 0.4961 0.2463 0.1375 0.1787 0.3071 0.5109 0.4013 0.1470 0.1509 0.2333 0.4278 0.4888 0.2222 0.1379 0.1842 0.3205 0.5135 0.3825 0.1439 0.1540 0.2419 0.4406 0.4879 0.3588 0.4879 0.4406 0.2419 0.1540 0.1439 0.3825 0.5135 0.3205 0.1842 0.1379 0.2222 0.4888 0.4278 0.2333 0.1509 0.1470 0.4013 0.5109 0.3071 0.1787 0.1375 0.2463 0.4961 0.4116 0.2253 0.1484 0.1502 0.4150 0.5074 0.2986 0.1757 0.1374 0.2551 0.4975 0.4108 0.2265 0.1493 0.1480 0.4013 0.5120 0.3157 0.1842 0.1382 0.2048 0.4783 0.4545 0.2523 0.1590 0.1400 0.3389
0.1485 0.1606 0.2565 0.4611 0.4742 0.1968 0.1386 0.1863 0.3202 0.5128 0.3967 0.1472 0.1498 0.2274 0.4117 0.4975 0.2564 0.1374 0.1750 0.2963 0.5061 0.4193 0.1515 0.1476 0.2225 0.4057 0.4985 0.2559 0.1374 0.1766 0.3019 0.5091 0.4086 0.1485 0.1497 0.2296 0.4206 0.4922 0.2323 0.1377 0.1818 0.3148 0.5127 0.3905 0.1451 0.1527 0.2384 0.4367 0.4857 0.2338 0.1391 0.2338 0.4857 0.4367 0.2384 0.1527 0.1451 0.3905 0.5127 0.3148 0.1818 0.1377 0.2323 0.4922 0.4206 0.2296 0.1497 0.1485 0.4086 0.5091 0.3019 0.1766 0.1374 0.2559 0.4985 0.4057 0.2225 0.1476 0.1515 0.4193 0.5061 0.2963 0.1750 0.1374 0.2564 0.4975 0.4117 0.2274 0.1498 0.1472 0.3967 0.5128 0.3202 0.1863 0.1386 0.1968 0.4742 0.4611 0.2565 0.1606 0.1485
0.1678 0.2609 0.4676 0.4698 0.1892 0.1390 0.1887 0.3254 0.5135 0.3907 0.1463 0.1505 0.2291 0.4144 0.4968 0.2551 0.1374 0.1747 0.2951 0.5051 0.4222 0.1525 0.1469 0.2203 0.4006 0.5006 0.2647 0.1374 0.1747 0.2970 0.5070 0.4154 0.1501 0.1486 0.2260 0.4135 0.4952 0.2428 0.1375 0.1795 0.3092 0.5115 0.3983 0.1464 0.1514 0.2347 0.4303 0.4879 0.2238 0.1365 0.1526 0.1365 0.2238 0.4879 0.4303 0.2347 0.1514 0.1464 0.3983 0.5115 0.3092 0.1795 0.1375 0.2428 0.4952 0.4135 0.2260 0.1486 0.1501 0.4154 0.5070 0.2970 0.1747 0.1374 0.2647 0.5006 0.4006 0.2203 0.1469 0.1525 0.4222 0.5051 0.2951 0.1747 0.1374 0.2551 0.4968 0.4144 0.2291 0.1505 0.1463 0.3907 0.5135 0.3254 0.1887 0.1390 0.1892 0.4698 0.4676 0.2609 0.1678
0.2655 0.4739 0.4651 0.1825 0.1395 0.1912 0.3311 0.5140 0.3836 0.1452 0.1514 0.2316 0.4185 0.4955 0.2512 0.1374 0.1750 0.2951 0.5048 0.4237 0.1532 0.1465 0.2185 0.3964 0.5022 0.2724 0.1375 0.1730 0.2926 0.5046 0.4217 0.1519 0.1475 0.2226 0.4065 0.4980 0.2533 0.1374 0.1773 0.3038 0.5099 0.4057 0.1478 0.1502 0.2310 0.4234 0.4910 0.2296 0.1375 0.1755 0.2389 0.1755 0.1375 0.2296 0.4910 0.4234 0.2310 0.1502 0.1478 0.4057 0.5099 0.3038 0.1773 0.1374 0.2533 0.4980 0.4065 0.2226 0.1475 0.1519 0.4217 0.5046 0.2926 0.1730 0.1375 0.2724 0.5022 0.3964 0.2185 0.1465 0.1532 0.4237 0.5048 0.2951 0.1750 0.1374 0.2512 0.4955 0.4185 0.2316 0.1514 0.1452 0.3836 0.5140 0.3311 0.1912 0.1395 0.1825 0.4651 0.4739 0.2655
0.4744 0.4602 0.1767 0.1401 0.1938 0.3371 0.5141 0.3758 0.1441 0.1526 0.2346 0.4238 0.4935 0.2453 0.1375 0.1757 0.2963 0.5051 0.4237 0.1535 0.1463 0.2175 0.3935 0.5033 0.2785 0.1376 0.1716 0.2887 0.5020 0.4273 0.1537 0.1465 0.2194 0.3997 0.5006 0.2638 0.1374 0.1752 0.2985 0.5078 0.4129 0.1495 0.1490 0.2274 0.4163 0.4940 0.2389 0.1375 0.1789 0.2974 0.4379 0.2974 0.1789 0.1375 0.2389 0.4940 0.4163 0.2274 0.1490 0.1495 0.4129 0.5078 0.2985 0.1752 0.1374 0.2638 0.5006 0.3997 0.2194 0.1465 0.1537 0.4273 0.5020 0.2887 0.1716 0.1376 0.2785 0.5033 0.3935 0.2175 0.1463 0.1535 0.4237 0.5051 0.2963 0.1757 0.1375 0.2453 0.4935 0.4238 0.2346 0.1526 0.1441 0.3758 0.5141 0.3371 0.1938 0.1401 0.1767 0.4602 0.4744
0.4572 0.1716 0.1408 0.1965 0.3432 0.5140 0.3674 0.1430 0.1538 0.2380 0.4299 0.4910 0.2377 0.1375 0.1769 0.2986 0.5061 0.4222 0.1532 0.1463 0.2171 0.3920 0.5040 0.2828 0.1376 0.1705 0.2855 0.4995 0.4320 0.1556 0.1457 0.2165 0.3933 0.5028 0.2740 0.1375 0.1731 0.2933 0.5052 0.4198 0.1513 0.1479 0.2239 0.4092 0.4970 0.2492 0.1375 0.1778 0.3028 0.5040 0.4855 0.5040 0.3028 0.1778 0.1375 0.2492 0.4970 0.4092 0.2239 0.1479 0.1513 0.4198 0.5052 0.2933 0.1731 0.1375 0.2740 0.5028 0.3933 0.2165 0.1457 0.1556 0.4320 0.4995 0.2855 0.1705 0.1376 0.2828 0.5040 0.3920 0.2171 0.1463 0.1532 0.4222 0.5061 0.2986 0.1769 0.1375 0.2377 0.4910 0.4299 0.2380 0.1538 0.1430 0.3674 0.5140 0.3432 0.1965 0.1408 0.1716 0.4572
0.1759 0.1416 0.1993 0.3495 0.5137 0.3585 0.1421 0.1552 0.2417 0.4365 0.4880 0.2291 0.1376 0.1785 0.3020 0.5074 0.4193 0.1525 0.1465 0.2175 0.3920 0.5043 0.2850 0.1377 0.1697 0.2832 0.4973 0.4359 0.1572 0.1450 0.2140 0.3876 0.5047 0.2835 0.1376 0.1712 0.2884 0.5021 0.4264 0.1533 0.1468 0.2204 0.4021 0.4997 0.2597 0.1374 0.1759 0.2998 0.5071 0.4272 0.2312 0.4272 0.5071 0.2998 0.1759 0.1374 0.2597 0.4997 0.4021 0.2204 0.1468 0.1533 0.4264 0.5021 0.2884 0.1712 0.1376 0.2835 0.5047 0.3876 0.2140 0.1450 0.1572 0.4359 0.4973 0.2832 0.1697 0.1377 0.2850 0.5043 0.3920 0.2175 0.1465 0.1525 0.4193 0.5074 0.3020 0.1785 0.1376 0.2291 0.4880 0.4365 0.2417 0.1552 0.1421 0.3585 0.5137 0.3495 0.1993 0.1416 0.1759
0.1500 0.2022 0.3559 0.5130 0.3494 0.1412 0.1566 0.2457 0.4434 0.4845 0.2199 0.1378 0.1803 0.3061 0.5090 0.4150 0.1515 0.1469 0.2185 0.3935 0.5040 0.2850 0.1377 0.1693 0.2817 0.4957 0.4388 0.1587 0.1444 0.2118 0.3826 0.5063 0.2922 0.1378 0.1695 0.2839 0.4987 0.4326 0.1555 0.1458 0.2171 0.3950 0.5021 0.2704 0.1375 0.1739 0.2951 0.5058 0.4210 0.1551 0.1356 0.1551 0.4210 0.5058 0.2951 0.1739 0.1375 0.2704 0.5021 0.3950 0.2171 0.1458 0.1555 0.4326 0.4987 0.2839 0.1695 0.1378 0.2922 0.5063 0.3826 0.2118 0.1444 0.1587 0.4388 0.4957 0.2817 0.1693 0.1377 0.2850 0.5040 0.3935 0.2185 0.1469 0.1515 0.4150 0.5090 0.3061 0.1803 0.1378 0.2199 0.4845 0.4434 0.2457 0.1566 0.1412 0.3494 0.5130 0.3559 0.2022 0.1500
0.2081 0.3624 0.5121 0.3400 0.1404 0.1581 0.2498 0.4503 0.4808 0.2107 0.1380 0.1824 0.3108 0.5105 0.4097 0.1502 0.1476 0.2203 0.3964 0.5033 0.2828 0.1377 0.1693 0.2812 0.4948 0.4406 0.1598 0.1440 0.2101 0.3784 0.5076 0.2997 0.1380 0.1679 0.2797 0.4951 0.4382 0.1579 0.1448 0.2139 0.3882 0.5044 0.2811 0.1376 0.1719 0.2901 0.5032 0.4248 0.1535 0.1435 0.1747 0.1435 0.1535 0.4248 0.5032 0.2901 0.1719 0.1376 0.2811 0.5044 0.3882 0.2139 0.1448 0.1579 0.4382 0.4951 0.2797 0.1679 0.1380 0.2997 0.5076 0.3784 0.2101 0.1440 0.1598 0.4406 0.4948 0.2812 0.1693 0.1377 0.2828 0.5033 0.3964 0.2203 0.1476 0.1502 0.4097 0.5105 0.3108 0.1824 0.1380 0.2107 0.4808 0.4503 0.2498 0.1581 0.1404 0.3400 0.5121 0.3624 0.2081
0.3652 0.5110 0.3303 0.1397 0.1597 0.2540 0.4571 0.4767 0.2018 0.1383 0.1847 0.3161 0.5119 0.4035 0.1488 0.1484 0.2225 0.4006 0.5022 0.2785 0.1376 0.1697 0.2817 0.4948 0.4412 0.1604 0.1437 0.2089 0.3753 0.5085 0.3059 0.1382 0.1666 0.2760 0.4914 0.4432 0.1604 0.1440 0.2110 0.3816 0.5064 0.2915 0.1377 0.1699 0.2852 0.4999 0.4307 0.1549 0.1454 0.2088 0.2981 0.2088 0.1454 0.1549 0.4307 0.4999 0.2852 0.1699 0.1377 0.2915 0.5064 0.3816 0.2110 0.1440 0.1604 0.4432 0.4914 0.2760 0.1666 0.1382 0.3059 0.5085 0.3753 0.2089 0.1437 0.1604 0.4412 0.4948 0.2817 0.1697 0.1376 0.2785 0.5022 0.4006 0.2225 0.1484 0.1488 0.4035 0.5119 0.3161 0.1847 0.1383 0.2018 0.4767 0.4571 0.2540 0.1597 0.1397 0.3303 0.5110 0.3652
0.5093 0.3204 0.1392 0.1613 0.2583 0.4637 0.4724 0.1937 0.1387 0.1871 0.3216 0.5129 0.3965 0.1474 0.1494 0.2253 0.4057 0.5006 0.2724 0.1376 0.1705 0.2832 0.4957 0.4406 0.1604 0.1436 0.2083 0.3734 0.5091 0.3105 0.1384 0.1656 0.2730 0.4879 0.4475 0.1629 0.1433 0.2083 0.3755 0.5081 0.3014 0.1380 0.1680 0.2803 0.4959 0.4367 0.1572 0.1450 0.2130 0.3738 0.5053 0.3738 0.2130 0.1450 0.1572 0.4367 0.4959 0.2803 0.1680 0.1380 0.3014 0.5081 0.3755 0.2083 0.1433 0.1629 0.4475 0.4879 0.2730 0.1656 0.1384 0.3105 0.5091 0.3734 0.2083 0.1436 0.1604 0.4406 0.4957 0.2832 0.1705 0.1376 0.2724 0.5006 0.4057 0.2253 0.1494 0.1474 0.3965 0.5129 0.3216 0.1871 0.1387 0.1937 0.4724 0.4637 0.2583 0.1613 0.1392 0.3204 0.5093
0.3154 0.1387 0.1630 0.2627 0.4702 0.4679 0.1864 0.1392 0.1896 0.3274 0.5137 0.3889 0.1461 0.1505 0.2284 0.4116 0.4985 0.2647 0.1375 0.1716 0.2855 0.4973 0.4388 0.1598 0.1437 0.2083 0.3727 0.5094 0.3134 0.1385 0.1648 0.2706 0.4849 0.4511 0.1653 0.1426 0.2059 0.3699 0.5095 0.3106 0.1383 0.1663 0.2757 0.4915 0.4426 0.1599 0.1442 0.2114 0.3799 0.5085 0.4242 0.5085 0.3799 0.2114 0.1442 0.1599 0.4426 0.4915 0.2757 0.1663 0.1383 0.3106 0.5095 0.3699 0.2059 0.1426 0.1653 0.4511 0.4849 0.2706 0.1648 0.1385 0.3134 0.5094 0.3727 0.2083 0.1437 0.1598 0.4388 0.4973 0.2855 0.1716 0.1375 0.2647 0.4985 0.4116 0.2284 0.1505 0.1461 0.3889 0.5137 0.3274 0.1896 0.1392 0.1864 0.4679 0.4702 0.2627 0.1630 0.1387 0.3154
0.1474 0.1647 0.2672 0.4763 0.4631 0.1800 0.1398 0.1922 0.3334 0.5141 0.3809 0.1448 0.1517 0.2319 0.4181 0.4961 0.2559 0.1374 0.1730 0.2887 0.4995 0.4359 0.1587 0.1440 0.2089 0.3734 0.5094 0.3145 0.1386 0.1643 0.2689 0.4825 0.4538 0.1675 0.1421 0.2038 0.3650 0.5106 0.3190 0.1387 0.1647 0.2714 0.4869 0.4481 0.1629 0.1433 0.2086 0.3761 0.5082 0.3242 0.1524 0.3242 0.5082 0.3761 0.2086 0.1433 0.1629 0.4481 0.4869 0.2714 0.1647 0.1387 0.3190 0.5106 0.3650 0.2038 0.1421 0.1675 0.4538 0.4825 0.2689 0.1643 0.1386 0.3145 0.5094 0.3734 0.2089 0.1440 0.1587 0.4359 0.4995 0.2887 0.1730 0.1374 0.2559 0.4961 0.4181 0.2319 0.1517 0.1448 0.3809 0.5141 0.3334 0.1922 0.1398 0.1800 0.4631 0.4763 0.2672 0.1647 0.1474
0.1717 0.2718 0.4821 0.4580 0.1745 0.1404 0.1949 0.3395 0.5141 0.3725 0.1437 0.1530 0.2355 0.4250 0.4933 0.2463 0.1374 0.1747 0.2926 0.5020 0.4320 0.1572 0.1444 0.2101 0.3753 0.5091 0.3134 0.1386 0.1641 0.2680 0.4809 0.4558 0.1693 0.1417 0.2022 0.3609 0.5114 0.3262 0.1390 0.1633 0.2675 0.4821 0.4531 0.1662 0.1425 0.2058 0.3702 0.5094 0.3141 0.1384 0.1428 0.1384 0.3141 0.5094 0.3702 0.2058 0.1425 0.1662 0.4531 0.4821 0.2675 0.1633 0.1390 0.3262 0.5114 0.3609 0.2022 0.1417 0.1693 0.4558 0.4809 0.2680 0.1641 0.1386 0.3134 0.5091 0.3753 0.2101 0.1444 0.1572 0.4320 0.5020 0.2926 0.1747 0.1374 0.2463 0.4933 0.4250 0.2355 0.1530 0.1437 0.3725 0.5141 0.3395 0.1949 0.1404 0.1745 0.4580 0.4821 0.2718 0.1717
0.2762 0.4875 0.4527 0.1698 0.1411 0.1976 0.3457 0.5139 0.3638 0.1426 0.1543 0.2394 0.4320 0.4902 0.2363 0.1375 0.1766 0.2970 0.5046 0.4273 0.1556 0.1450 0.2118 0.3784 0.5085 0.3105 0.1385 0.1643 0.2680 0.4803 0.4568 0.1705 0.1415 0.2009 0.3577 0.5121 0.3323 0.1394 0.1620 0.2640 0.4774 0.4576 0.1698 0.1418 0.2031 0.3641 0.5107 0.3197 0.1386 0.1594 0.2082 0.1594 0.1386 0.3197 0.5107 0.3641 0.2031 0.1418 0.1698 0.4576 0.4774 0.2640 0.1620 0.1394 0.3323 0.5121 0.3577 0.2009 0.1415 0.1705 0.4568 0.4803 0.2680 0.1643 0.1385 0.3105 0.5085 0.3784 0.2118 0.1450 0.1556 0.4273 0.5046 0.2970 0.1766 0.1375 0.2363 0.4902 0.4320 0.2394 0.1543 0.1426 0.3638 0.5139 0.3457 0.1976 0.1411 0.1698 0.4527 0.4875 0.2762
0.4876 0.4472 0.1658 0.1419 0.2005 0.3520 0.5134 0.3549 0.1417 0.1557 0.2433 0.4391 0.4868 0.2262 0.1376 0.1787 0.3019 0.5070 0.4217 0.1537 0.1457 0.2140 0.3826 0.5076 0.3059 0.1384 0.1648 0.2689 0.4809 0.4568 0.1710 0.1413 0.2002 0.3555 0.5125 0.3370 0.1397 0.1610 0.2610 0.4731 0.4615 0.1735 0.1412 0.2005 0.3582 0.5118 0.3281 0.1391 0.1621 0.2559 0.3765 0.2559 0.1621 0.1391 0.3281 0.5118 0.3582 0.2005 0.1412 0.1735 0.4615 0.4731 0.2610 0.1610 0.1397 0.3370 0.5125 0.3555 0.2002 0.1413 0.1710 0.4568 0.4809 0.2689 0.1648 0.1384 0.3059 0.5076 0.3826 0.2140 0.1457 0.1537 0.4217 0.5070 0.3019 0.1787 0.1376 0.2262 0.4868 0.4391 0.2433 0.1557 0.1417 0.3549 0.5134 0.3520 0.2005 0.1419 0.1658 0.4472 0.4876
0.4440 0.1623 0.1427 0.2034 0.3585 0.5127 0.3456 0.1409 0.1572 0.2473 0.4461 0.4831 0.2164 0.1378 0.1809 0.3071 0.5091 0.4154 0.1519 0.1465 0.2165 0.3876 0.5063 0.2997 0.1382 0.1656 0.2706 0.4825 0.4558 0.1705 0.1413 0.1999 0.3543 0.5127 0.3402 0.1400 0.1603 0.2587 0.4693 0.4648 0.1772 0.1406 0.1983 0.3528 0.5126 0.3365 0.1396 0.1615 0.2611 0.4618 0.5069 0.4618 0.2611 0.1615 0.1396 0.3365 0.5126 0.3528 0.1983 0.1406 0.1772 0.4648 0.4693 0.2587 0.1603 0.1400 0.3402 0.5127 0.3543 0.1999 0.1413 0.1705 0.4558 0.4825 0.2706 0.1656 0.1382 0.2997 0.5063 0.3876 0.2165 0.1465 0.1519 0.4154 0.5091 0.3071 0.1809 0.1378 0.2164 0.4831 0.4461 0.2473 0.1572 0.1409 0.3456 0.5127 0.3585 0.2034 0.1427 0.1623 0.4440
0.1680 0.1435 0.2064 0.3651 0.5116 0.3362 0.1401 0.1587 0.2514 0.4530 0.4792 0.2071 0.1381 0.1832 0.3125 0.5109 0.4086 0.1501 0.1475 0.2194 0.3933 0.5047 0.2922 0.1380 0.1666 0.2730 0.4849 0.4538 0.1693 0.1415 0.2002 0.3543 0.5128 0.3419 0.1401 0.1597 0.2569 0.4663 0.4673 0.1807 0.1402 0.1963 0.3480 0.5133 0.3444 0.1401 0.1602 0.2590 0.4682 0.4724 0.3207 0.4724 0.4682 0.2590 0.1602 0.1401 0.3444 0.5133 0.3480 0.1963 0.1402 0.1807 0.4673 0.4663 0.2569 0.1597 0.1401 0.3419 0.5128 0.3543 0.2002 0.1415 0.1693 0.4538 0.4849 0.2730 0.1666 0.1380 0.2922 0.5047 0.3933 0.2194 0.1475 0.1501 0.4086 0.5109 0.3125 0.1832 0.1381 0.2071 0.4792 0.4530 0.2514 0.1587 0.1401 0.3362 0.5116 0.3651 0.2064 0.1435 0.1680
0.1517 0.2094 0.3718 0.5104 0.3264 0.1395 0.1603 0.2557 0.4598 0.4751 0.1985 0.1385 0.1856 0.3182 0.5123 0.4013 0.1485 0.1486 0.2226 0.3997 0.5028 0.2835 0.1378 0.1679 0.2760 0.4879 0.4511 0.1675 0.1417 0.2009 0.3555 0.5127 0.3419 0.1402 0.1595 0.2558 0.4642 0.4692 0.1836 0.1399 0.1947 0.3440 0.5137 0.3513 0.1407 0.1590 0.2558 0.4654 0.4688 0.1953 0.1364 0.1953 0.4688 0.4654 0.2558 0.1590 0.1407 0.3513 0.5137 0.3440 0.1947 0.1399 0.1836 0.4692 0.4642 0.2558 0.1595 0.1402 0.3419 0.5127 0.3555 0.2009 0.1417 0.1675 0.4511 0.4879 0.2760 0.1679 0.1378 0.2835 0.5028 0.3997 0.2226 0.1486 0.1485 0.4013 0.5123 0.3182 0.1856 0.1385 0.1985 0.4751 0.4598 0.2557 0.1603 0.1395 0.3264 0.5104 0.3718 0.2094 0.1517
0.2151 0.3786 0.5089 0.3163 0.1390 0.1620 0.2600 0.4664 0.4707 0.1907 0.1389 0.1881 0.3239 0.5132 0.3937 0.1470 0.1497 0.2260 0.4065 0.5006 0.2740 0.1376 0.1695 0.2797 0.4914 0.4475 0.1653 0.1421 0.2022 0.3577 0.5125 0.3402 0.1401 0.1595 0.2555 0.4631 0.4703 0.1857 0.1396 0.1935 0.3407 0.5139 0.3571 0.1412 0.1578 0.2526 0.4607 0.4709 0.1873 0.1376 0.1588 0.1376 0.1873 0.4709 0.4607 0.2526 0.1578 0.1412 0.3571 0.5139 0.3407 0.1935 0.1396 0.1857 0.4703 0.4631 0.2555 0.1595 0.1401 0.3402 0.5125 0.3577 0.2022 0.1421 0.1653 0.4475 0.4914 0.2797 0.1695 0.1376 0.2740 0.5006 0.4065 0.2260 0.1497 0.1470 0.3937 0.5132 0.3239 0.1881 0.1389 0.1907 0.4707 0.4664 0.2600 0.1620 0.1390 0.3163 0.5089 0.3786 0.2151
0.3810 0.5072 0.3061 0.1385 0.1637 0.2645 0.4727 0.4660 0.1838 0.1394 0.1907 0.3298 0.5139 0.3858 0.1456 0.1509 0.2296 0.4135 0.4980 0.2638 0.1375 0.1712 0.2839 0.4951 0.4432 0.1629 0.1426 0.2038 0.3609 0.5121 0.3370 0.1400 0.1597 0.2558 0.4631 0.4707 0.1868 0.1395 0.1926 0.3383 0.5141 0.3618 0.1417 0.1569 0.2498 0.4560 0.4739 0.1902 0.1390 0.1854 0.2567 0.1854 0.1390 0.1902 0.4739 0.4560 0.2498 0.1569 0.1417 0.3618 0.5141 0.3383 0.1926 0.1395 0.1868 0.4707 0.4631 0.2558 0.1597 0.1400 0.3370 0.5121 0.3609 0.2038 0.1426 0.1629 0.4432 0.4951 0.2839 0.1712 0.1375 0.2638 0.4980 0.4135 0.2296 0.1509 0.1456 0.3858 0.5139 0.3298 0.1907 0.1394 0.1838 0.4660 0.4727 0.2645 0.1637 0.1385 0.3061 0.5072 0.3810
0.5054 0.2957 0.1381 0.1654 0.2690 0.4787 0.4611 0.1777 0.1400 0.1933 0.3359 0.5141 0.3776 0.1444 0.1522 0.2333 0.4206 0.4952 0.2533 0.1374 0.1731 0.2884 0.4987 0.4382 0.1604 0.1433 0.2059 0.3650 0.5114 0.3323 0.1397 0.1603 0.2569 0.4642 0.4703 0.1868 0.1395 0.1922 0.3369 0.5141 0.3652 0.1421 0.1561 0.2474 0.4517 0.4767 0.1950 0.1390 0.1895 0.3217 0.4672 0.3217 0.1895 0.1390 0.1950 0.4767 0.4517 0.2474 0.1561 0.1421 0.3652 0.5141 0.3369 0.1922 0.1395 0.1868 0.4703 0.4642 0.2569 0.1603 0.1397 0.3323 0.5114 0.3650 0.2059 0.1433 0.1604 0.4382 0.4987 0.2884 0.1731 0.1374 0.2533 0.4952 0.4206 0.2333 0.1522 0.1444 0.3776 0.5141 0.3359 0.1933 0.1400 0.1777 0.4611 0.4787 0.2690 0.1654 0.1381 0.2957 0.5054
0.2907 0.1378 0.1673 0.2737 0.4843 0.4559 0.1725 0.1407 0.1960 0.3420 0.5141 0.3690 0.1432 0.1535 0.2371 0.4278 0.4922 0.2428 0.1374 0.1752 0.2933 0.5021 0.4326 0.1579 0.1440 0.2083 0.3699 0.5106 0.3262 0.1394 0.1610 0.2587 0.4663 0.4692 0.1857 0.1395 0.1922 0.3364 0.5141 0.3672 0.1424 0.1556 0.2456 0.4482 0.4790 0.1999 0.1387 0.1890 0.3286 0.5118 0.4683 0.5118 0.3286 0.1890 0.1387 0.1999 0.4790 0.4482 0.2456 0.1556 0.1424 0.3672 0.5141 0.3364 0.1922 0.1395 0.1857 0.4692 0.4663 0.2587 0.1610 0.1394 0.3262 0.5106 0.3699 0.2083 0.1440 0.1579 0.4326 0.5021 0.2933 0.1752 0.1374 0.2428 0.4922 0.4278 0.2371 0.1535 0.1432 0.3690 0.5141 0.3420 0.1960 0.1407 0.1725 0.4559 0.4843 0.2737 0.1673 0.1378 0.2907
0.1466 0.1691 0.2784 0.4895 0.4505 0.1681 0.1414 0.1988 0.3482 0.5138 0.3602 0.1422 0.1549 0.2409 0.4349 0.4888 0.2323 0.1375 0.1773 0.2985 0.5052 0.4264 0.1555 0.1448 0.2110 0.3755 0.5095 0.3190 0.1390 0.1620 0.2610 0.4693 0.4673 0.1836 0.1396 0.1926 0.3369 0.5141 0.3679 0.1426 0.1552 0.2444 0.4456 0.4808 0.2042 0.1385 0.1877 0.3271 0.5136 0.3948 0.1891 0.3948 0.5136 0.3271 0.1877 0.1385 0.2042 0.4808 0.4456 0.2444 0.1552 0.1426 0.3679 0.5141 0.3369 0.1926 0.1396 0.1836 0.4673 0.4693 0.2610 0.1620 0.1390 0.3190 0.5095 0.3755 0.2110 0.1448 0.1555 0.4264 0.5052 0.2985 0.1773 0.1375 0.2323 0.4888 0.4349 0.2409 0.1549 0.1422 0.3602 0.5138 0.3482 0.1988 0.1414 0.1681 0.4505 0.4895 0.2784 0.1691 0.1466
0.1759 0.2833 0.4943 0.4448 0.1643 0.1422 0.2016 0.3546 0.5131 0.3512 0.1413 0.1563 0.2449 0.4419 0.4853 0.2222 0.1377 0.1795 0.3038 0.5078 0.4198 0.1533 0.1458 0.2139 0.3816 0.5081 0.3106 0.1387 0.1633 0.2640 0.4731 0.4648 0.1807 0.1399 0.1935 0.3383 0.5141 0.3672 0.1426 0.1551 0.2437 0.4440 0.4820 0.2075 0.1383 0.1865 0.3244 0.5137 0.3844 0.1460 0.1372 0.1460 0.3844 0.5137 0.3244 0.1865 0.1383 0.2075 0.4820 0.4440 0.2437 0.1551 0.1426 0.3672 0.5141 0.3383 0.1935 0.1399 0.1807 0.4648 0.4731 0.2640 0.1633 0.1387 0.3106 0.5081 0.3816 0.2139 0.1458 0.1533 0.4198 0.5078 0.3038 0.1795 0.1377 0.2222 0.4853 0.4419 0.2449 0.1563 0.1413 0.3512 0.5131 0.3546 0.2016 0.1422 0.1643 0.4448 0.4943 0.2833 0.1759
0.2875 0.4985 0.4389 0.1610 0.1430 0.2046 0.3611 0.5123 0.3419 0.1406 0.1578 0.2490 0.4489 0.4816 0.2126 0.1379 0.1818 0.3092 0.5099 0.4129 0.1513 0.1468 0.2171 0.3882 0.5064 0.3014 0.1383 0.1647 0.2675 0.4774 0.4615 0.1772 0.1402 0.1947 0.3407 0.5141 0.3652 0.1424 0.1552 0.2437 0.4434 0.4825 0.2096 0.1382 0.1856 0.3220 0.5135 0.3856 0.1449 0.1488 0.1863 0.1488 0.1449 0.3856 0.5135 0.3220 0.1856 0.1382 0.2096 0.4825 0.4434 0.2437 0.1552 0.1424 0.3652 0.5141 0.3407 0.1947 0.1402 0.1772 0.4615 0.4774 0.2675 0.1647 0.1383 0.3014 0.5064 0.3882 0.2171 0.1468 0.1513 0.4129 0.5099 0.3092 0.1818 0.1379 0.2126 0.4816 0.4489 0.2490 0.1578 0.1406 0.3419 0.5123 0.3611 0.2046 0.1430 0.1610 0.4389 0.4985 0.2875
0.4981 0.4328 0.1581 0.1439 0.2076 0.3677 0.5112 0.3322 0.1399 0.1594 0.2531 0.4558 0.4776 0.2036 0.1383 0.1842 0.3148 0.5115 0.4057 0.1495 0.1479 0.2204 0.3950 0.5044 0.2915 0.1380 0.1663 0.2714 0.4821 0.4576 0.1735 0.1406 0.1963 0.3440 0.5139 0.3618 0.1421 0.1556 0.2444 0.4440 0.4825 0.2103 0.1382 0.1851 0.3203 0.5133 0.3883 0.1451 0.1515 0.2265 0.3277 0.2265 0.1515 0.1451 0.3883 0.5133 0.3203 0.1851 0.1382 0.2103 0.4825 0.4440 0.2444 0.1556 0.1421 0.3618 0.5139 0.3440 0.1963 0.1406 0.1735 0.4576 0.4821 0.2714 0.1663 0.1380 0.2915 0.5044 0.3950 0.2204 0.1479 0.1495 0.4057 0.5115 0.3148 0.1842 0.1383 0.2036 0.4776 0.4558 0.2531 0.1594 0.1399 0.3322 0.5112 0.3677 0.2076 0.1439 0.1581 0.4328 0.4981
0.4293 0.1555 0.1448 0.2107 0.3745 0.5098 0.3224 0.1393 0.1610 0.2574 0.4625 0.4733 0.1953 0.1386 0.1866 0.3205 0.5127 0.3983 0.1478 0.1490 0.2239 0.4021 0.5021 0.2811 0.1377 0.1680 0.2757 0.4869 0.4531 0.1698 0.1412 0.1983 0.3480 0.5137 0.3571 0.1417 0.1561 0.2456 0.4456 0.4820 0.2096 0.1382 0.1849 0.3195 0.5131 0.3906 0.1455 0.1516 0.2328 0.4122 0.5121 0.4121 0.2328 0.1517 0.1455 0.3905 0.5131 0.3196 0.1849 0.1382 0.2096 0.4820 0.4456 0.2456 0.1561 0.1417 0.3571 0.5137 0.3480 0.1983 0.1412 0.1698 0.4531 0.4869 0.2757 0.1680 0.1377 0.2811 0.5021 0.4021 0.2239 0.1490 0.1478 0.3983 0.5127 0.3205 0.1866 0.1386 0.1953 0.4733 0.4625 0.2574 0.1610 0.1393 0.3224 0.5098 0.3745 0.2107 0.1448 0.1555 0.4293
0.1622 0.1458 0.2139 0.3813 0.5082 0.3123 0.1388 0.1626 0.2618 0.4689 0.4688 0.1878 0.1391 0.1891 0.3263 0.5135 0.3905 0.1464 0.1502 0.2274 0.4092 0.4997 0.2704 0.1376 0.1699 0.2803 0.4915 0.4481 0.1662 0.1418 0.2005 0.3528 0.5133 0.3513 0.1412 0.1569 0.2474 0.4482 0.4808 0.2075 0.1382 0.1851 0.3195 0.5131 0.3927 0.1459 0.1513 0.2328 0.4223 0.4961 0.3837 0.4961 0.4232 0.2337 0.1512 0.1456 0.3906 0.5133 0.3203 0.1851 0.1382 0.2075 0.4808 0.4482 0.2474 0.1569 0.1412 0.3513 0.5133 0.3528 0.2005 0.1418 0.1662 0.4481 0.4915 0.2803 0.1699 0.1376 0.2704 0.4997 0.4092 0.2274 0.1502 0.1464 0.3905 0.5135 0.3263 0.1891 0.1391 0.1878 0.4688 0.4689 0.2618 0.1626 0.1388 0.3123 0.5082 0.3813 0.2139 0.1458 0.1622
0.1538 0.2172 0.3882 0.5064 0.3020 0.1384 0.1644 0.2663 0.4751 0.4641 0.1812 0.1397 0.1917 0.3322 0.5140 0.3825 0.1451 0.1514 0.2310 0.4163 0.4970 0.2597 0.1375 0.1719 0.2852 0.4959 0.4426 0.1629 0.1425 0.2031 0.3582 0.5126 0.3444 0.1407 0.1578 0.2498 0.4517 0.4790 0.2042 0.1383 0.1856 0.3203 0.5131 0.3914 0.1457 0.1512 0.2324 0.4223 0.4925 0.2595 0.1419 0.2596 0.4931 0.4231 0.2328 0.1515 0.1458 0.3901 0.5132 0.3205 0.1856 0.1383 0.2042 0.4790 0.4517 0.2498 0.1578 0.1407 0.3444 0.5126 0.3582 0.2031 0.1425 0.1629 0.4426 0.4959 0.2852 0.1719 0.1375 0.2597 0.4970 0.4163 0.2310 0.1514 0.1451 0.3825 0.5140 0.3322 0.1917 0.1397 0.1812 0.4641 0.4751 0.2663 0.1644 0.1384 0.3020 0.5064 0.3882 0.2172 0.1538
0.2227 0.3952 0.5043 0.2915 0.1380 0.1661 0.2708 0.4809 0.4591 0.1756 0.1403 0.1943 0.3382 0.5141 0.3742 0.1439 0.1527 0.2347 0.4234 0.4940 0.2492 0.1374 0.1739 0.2901 0.4999 0.4367 0.1599 0.1433 0.2058 0.3641 0.5118 0.3365 0.1401 0.1590 0.2526 0.4560 0.4767 0.1999 0.1385 0.1865 0.3220 0.5133 0.3904 0.1459 0.1513 0.2320 0.4218 0.4929 0.2407 0.1364 0.1495 0.1364 0.2432 0.4927 0.4224 0.2325 0.1513 0.1456 0.3916 0.5133 0.3220 0.1865 0.1385 0.1999 0.4767 0.4560 0.2526 0.1590 0.1401 0.3365 0.5118 0.3641 0.2058 0.1433 0.1599 0.4367 0.4999 0.2901 0.1739 0.1374 0.2492 0.4940 0.4234 0.2347 0.1527 0.1439 0.3742 0.5141 0.3382 0.1943 0.1403 0.1756 0.4591 0.4809 0.2708 0.1661 0.1380 0.2915 0.5043 0.3952 0.2227
0.3972 0.5022 0.2812 0.1377 0.1679 0.2754 0.4863 0.4540 0.1709 0.1409 0.1970 0.3442 0.5140 0.3659 0.1428 0.1540 0.2384 0.4303 0.4910 0.2389 0.1375 0.1759 0.2951 0.5032 0.4307 0.1572 0.1442 0.2086 0.3702 0.5107 0.3281 0.1396 0.1602 0.2558 0.4607 0.4739 0.1950 0.1387 0.1877 0.3244 0.5135 0.3883 0.1455 0.1514 0.2331 0.4222 0.4937 0.2405 0.1373 0.1720 0.2313 0.1718 0.1373 0.2408 0.4932 0.4234 0.2329 0.1514 0.1456 0.3883 0.5135 0.3244 0.1877 0.1387 0.1950 0.4739 0.4607 0.2558 0.1602 0.1396 0.3281 0.5107 0.3702 0.2086 0.1442 0.1572 0.4307 0.5032 0.2951 0.1759 0.1375 0.2389 0.4910 0.4303 0.2384 0.1540 0.1428 0.3659 0.5140 0.3442 0.1970 0.1409 0.1709 0.4540 0.4863 0.2754 0.1679 0.1377 0.2812 0.5022 0.3972
0.5005 0.2716 0.1375 0.1696 0.2797 0.4907 0.4490 0.1670 0.1415 0.1994 0.3499 0.5136 0.3579 0.1419 0.1552 0.2419 0.4367 0.4879 0.2296 0.1375 0.1778 0.2998 0.5058 0.4248 0.1549 0.1450 0.2114 0.3761 0.5094 0.3197 0.1391 0.1615 0.2590 0.4654 0.4709 0.1902 0.1390 0.1890 0.3271 0.5137 0.3856 0.1451 0.1517 0.2331 0.4234 0.4927 0.2401 0.1375 0.1766 0.2910 0.4265 0.2903 0.1767 0.1374 0.2407 0.4928 0.4229 0.2332 0.1517 0.1451 0.3856 0.5137 0.3271 0.1890 0.1390 0.1902 0.4709 0.4654 0.2590 0.1615 0.1391 0.3197 0.5094 0.3761 0.2114 0.1450 0.1549 0.4248 0.5058 0.2998 0.1778 0.1375 0.2296 0.4879 0.4367 0.2419 0.1552 0.1419 0.3579 0.5136 0.3499 0.1994 0.1415 0.1670 0.4490 0.4907 0.2797 0.1696 0.1375 0.2716 0.5005
0.2718 0.1373 0.1705 0.2823 0.4933 0.4458 0.1647 0.1418 0.2009 0.3535 0.5130 0.3527 0.1413 0.1558 0.2440 0.4406 0.4857 0.2238 0.1375 0.1789 0.3028 0.5071 0.4210 0.1535 0.1454 0.2130 0.3799 0.5082 0.3141 0.1386 0.1621 0.2611 0.4682 0.4688 0.1873 0.1390 0.1895 0.3286 0.5136 0.3844 0.1449 0.1515 0.2328 0.4223 0.4931 0.2429 0.1374 0.1770 0.2983 0.5004 0.4902 0.4996 0.2973 0.1764 0.1373 0.2438 0.4936 0.4215 0.2329 0.1515 0.1449 0.3844 0.5136 0.3286 0.1895 0.1390 0.1873 0.4688 0.4682 0.2611 0.1621 0.1386 0.3141 0.5082 0.3799 0.2130 0.1454 0.1535 0.4210 0.5071 0.3028 0.1789 0.1375 0.2238 0.4857 0.4406 0.2440 0.1558 0.1413 0.3527 0.5130 0.3535 0.2009 0.1418 0.1647 0.4458 0.4933 0.2823 0.1705 0.1373 0.2718
0.1457 0.1674 0.2770 0.4884 0.4506 0.1681 0.1402 0.1969 0.3476 0.5124 0.3618 0.1414 0.1534 0.2392 0.4341 0.4879 0.2338 0.1365 0.1755 0.2974 0.5040 0.4272 0.1551 0.1435 0.2088 0.3738 0.5085 0.3242 0.1384 0.1594 0.2559 0.4618 0.4724 0.1953 0.1376 0.1854 0.3217 0.5118 0.3948 0.1460 0.1488 0.2265 0.4121 0.4963 0.2603 0.1364 0.1721 0.2906 0.4994 0.4421 0.2608 0.4431 0.4993 0.2901 0.1721 0.1365 0.2616 0.4962 0.4115 0.2265 0.1488 0.1460 0.3948 0.5118 0.3217 0.1854 0.1376 0.1953 0.4724 0.4618 0.2559 0.1594 0.1384 0.3242 0.5085 0.3738 0.2088 0.1435 0.1551 0.4272 0.5040 0.2974 0.1755 0.1365 0.2338 0.4879 0.4341 0.2392 0.1534 0.1414 0.3618 0.5124 0.3476 0.1969 0.1402 0.1681 0.4506 0.4884 0.2770 0.1674 0.1457
0.1545 0.2240 0.4092 0.4974 0.2736 0.1353 0.1666 0.2774 0.4912 0.4478 0.1654 0.1396 0.1962 0.3496 0.5114 0.3588 0.1391 0.1526 0.2389 0.4379 0.4855 0.2312 0.1356 0.1747 0.2981 0.5053 0.4242 0.1524 0.1428 0.2082 0.3765 0.5069 0.3207 0.1364 0.1588 0.2567 0.4672 0.4683 0.1891 0.1372 0.1863 0.3278 0.5122 0.3830 0.1419 0.1497 0.2314 0.4258 0.4903 0.2629 0.1394 0.2634 0.4901 0.4273 0.2317 0.1497 0.1418 0.3825 0.5122 0.3278 0.1863 0.1372 0.1891 0.4683 0.4672 0.2567 0.1588 0.1364 0.3207 0.5069 0.3765 0.2082 0.1428 0.1524 0.4242 0.5053 0.2981 0.1747 0.1356 0.2312 0.4855 0.4379 0.2389 0.1526 0.1391 0.3588 0.5114 0.3496 0.1962 0.1396 0.1654 0.4478 0.4912 0.2774 0.1666 0.1353 0.2736 0.4974 0.4092 0.2240 0.1545
0.1457 0.1674 0.2770 0.4884 0.4506 0.1681 0.1402 0.1969 0.3476 0.5124 0.3618 0.1414 0.1534 0.2392 0.4341 0.4879 0.2338 0.1365 0.1755 0.2974 0.5040 0.4272 0.1551 0.1435 0.2088 0.3738 0.5085 0.3242 0.1384 0.1594 0.2559 0.4618 0.4724 0.1953 0.1376 0.1854 0.3217 0.5118 0.3948 0.1460 0.1488 0.2265 0.4121 0.4962 0.2601 0.1364 0.1718 0.2902 0.4996 0.4420 0.2627 0.4437 0.4993 0.2898 0.1720 0.1364 0.2599 0.4963 0.4125 0.2265 0.1488 0.1460 0.3948 0.5118 0.3217 0.1854 0.1376 0.1953 0.4724 0.4618 0.2559 0.1594 0.1384 0.3242 0.5085 0.3738 0.2088 0.1435 0.1551 0.4272 0.5040 0.2974 0.1755 0.1365 0.2338 0.4879 0.4341 0.2392 0.1534 0.1414 0.3618 0.5124 0.3476 0.1969 0.1402 0.1681 0.4506 0.4884 0.2770 0.1674 0.1457
0.2718 0.1373 0.1705 0.2823 0.4933 0.4458 0.1647 0.1418 0.2009 0.3535 0.5130 0.3527 0.1413 0.1558 0.2440 0.4406 0.4857 0.2238 0.1375 0.1789 0.3028 0.5071 0.4210 0.1535 0.1454 0.2130 0.3799 0.5082 0.3141 0.1386 0.1621 0.2611 0.4682 0.4688 0.1873 0.1390 0.1895 0.3286 0.5136 0.3844 0.1449 0.1515 0.2329 0.4227 0.4927 0.2399 0.1372 0.1765 0.2979 0.4996 0.4896 0.4995 0.2967 0.1764 0.1373 0.2427 0.4934 0.4220 0.2329 0.1515 0.1449 0.3844 0.5136 0.3286 0.1895 0.1390 0.1873 0.4688 0.4682 0.2611 0.1621 0.1386 0.3141 0.5082 0.3799 0.2130 0.1454 0.1535 0.4210 0.5071 0.3028 0.1789 0.1375 0.2238 0.4857 0.4406 0.2440 0.1558 0.1413 0.3527 0.5130 0.3535 0.2009 0.1418 0.1647 0.4458 0.4933 0.2823 0.1705 0.1373 0.2718
0.5005 0.2716 0.1375 0.1696 0.2797 0.4907 0.4490 0.1670 0.1415 0.1994 0.3499 0.5136 0.3579 0.1419 0.1552 0.2419 0.4367 0.4879 0.2296 0.1375 0.1778 0.2998 0.5058 0.4248 0.1549 0.1450 0.2114 0.3761 0.5094 0.3197 0.1391 0.1615 0.2590 0.4654 0.4709 0.1902 0.1390 0.1890 0.3271 0.5137 0.3856 0.1451 0.1517 0.2336 0.4241 0.4925 0.2385 0.1374 0.1768 0.2896 0.4276 0.2904 0.1767 0.1374 0.2394 0.4928 0.4230 0.2330 0.1518 0.1452 0.3856 0.5137 0.3271 0.1890 0.1390 0.1902 0.4709 0.4654 0.2590 0.1615 0.1391 0.3197 0.5094 0.3761 0.2114 0.1450 0.1549 0.4248 0.5058 0.2998 0.1778 0.1375 0.2296 0.4879 0.4367 0.2419 0.1552 0.1419 0.3579 0.5136 0.3499 0.1994 0.1415 0.1670 0.4490 0.4907 0.2797 0.1696 0.1375 0.2716 0.5005
0.3972 0.5022 0.2812 0.1377 0.1679 0.2754 0.4863 0.4540 0.1709 0.1409 0.1970 0.3442 0.5140 0.3659 0.1428 0.1540 0.2384 0.4303 0.4910 0.2389 0.1375 0.1759 0.2951 0.5032 0.4307 0.1572 0.1442 0.2086 0.3702 0.5107 0.3281 0.1396 0.1602 0.2558 0.4607 0.4739 0.1950 0.1387 0.1877 0.3244 0.5135 0.3883 0.1455 0.1513 0.2328 0.4241 0.4922 0.2394 0.1373 0.1724 0.2325 0.1723 0.1373 0.2403 0.4931 0.4235 0.2327 0.1513 0.1457 0.3884 0.5135 0.3244 0.1877 0.1387 0.1950 0.4739 0.4607 0.2558 0.1602 0.1396 0.3281 0.5107 0.3702 0.2086 0.1442 0.1572 0.4307 0.5032 0.2951 0.1759 0.1375 0.2389 0.4910 0.4303 0.2384 0.1540 0.1428 0.3659 0.5140 0.3442 0.1970 0.1409 0.1709 0.4540 0.4863 0.2754 0.1679 0.1377 0.2812 0.5022 0.3972
0.2227 0.3952 0.5043 0.2915 0.1380 0.1661 0.2708 0.4809 0.4591 0.1756 0.1403 0.1943 0.3382 0.5141 0.3742 0.1439 0.1527 0.2347 0.4234 0.4940 0.2492 0.1374 0.1739 0.2901 0.4999 0.4367 0.1599 0.1433 0.2058 0.3641 0.5118 0.3365 0.1401 0.1590 0.2526 0.4560 0.4767 0.1999 0.1385 0.1865 0.3220 0.5133 0.3905 0.1457 0.1514 0.2332 0.4228 0.4926 0.2439 0.1364 0.1496 0.1364 0.2409 0.4930 0.4233 0.2326 0.1513 0.1458 0.3935 0.5132 0.3220 0.1865 0.1385 0.1999 0.4767 0.4560 0.2526 0.1590 0.1401 0.3365 0.5118 0.3641 0.2058 0.1433 0.1599 0.4367 0.4999 0.2901 0.1739 0.1374 0.2492 0.4940 0.4234 0.2347 0.1527 0.1439 0.3742 0.5141 0.3382 0.1943 0.1403 0.1756 0.4591 0.4809 0.2708 0.1661 0.1380 0.2915 0.5043 0.3952 0.2227
