1.0000 0.0005 0.0071 0.0946 1.0000 1.0000 0.0002 0.0022 0.0285 0.3784 1.0000 0.0000 0.0006 0.0086 0.1135 1.0000 1.0000 0.0002 0.0026 0.0341 0.4516 1.0000 0.0001 0.0008 0.0102 0.1358 1.0000 1.0000 0.0002 0.0031 0.0407 0.5400 1.0000 0.0001 0.0009 0.0122 0.1623 1.0000 1.0000 0.0003 0.0037 0.0487 0.6457 1.0000 0.0001 0.0011 0.0146 0.1919 1.0000 1.0000 0.0001 1.0000 1.0000 0.1919 0.0146 0.0011 0.0001 1.0000 0.6457 0.0487 0.0037 0.0003 1.0000 1.0000 0.1623 0.0122 0.0009 0.0001 1.0000 0.5400 0.0407 0.0031 0.0002 1.0000 1.0000 0.1358 0.0102 0.0008 0.0001 1.0000 0.4516 0.0341 0.0026 0.0002 1.0000 1.0000 0.1135 0.0086 0.0006 0.0000 1.0000 0.3784 0.0285 0.0022 0.0002 1.0000 1.0000 0.0946 0.0071 0.0005 1.0000
0.0005 0.0073 0.0953 1.0000 1.0000 0.0002 0.0021 0.0282 0.3741 1.0000 0.0000 0.0006 0.0085 0.1122 1.0000 1.0000 0.0002 0.0025 0.0337 0.4473 1.0000 0.0001 0.0008 0.0101 0.1342 1.0000 1.0000 0.0002 0.0030 0.0403 0.5349 1.0000 0.0001 0.0009 0.0121 0.1605 1.0000 1.0000 0.0003 0.0036 0.0482 0.6396 1.0000 0.0001 0.0011 0.0145 0.1915 1.0000 1.0000 0.0003 0.0014 0.0003 1.0000 1.0000 0.1915 0.0145 0.0011 0.0001 1.0000 0.6396 0.0482 0.0036 0.0003 1.0000 1.0000 0.1605 0.0121 0.0009 0.0001 1.0000 0.5349 0.0403 0.0030 0.0002 1.0000 1.0000 0.1342 0.0101 0.0008 0.0001 1.0000 0.4473 0.0337 0.0025 0.0002 1.0000 1.0000 0.1122 0.0085 0.0006 0.0000 1.0000 0.3741 0.0282 0.0021 0.0002 1.0000 1.0000 0.0953 0.0073 0.0005
0.0071 0.0953 1.0000 1.0000 0.0002 0.0020 0.0264 0.3487 1.0000 1.0000 0.0006 0.0079 0.1042 1.0000 1.0000 0.0002 0.0024 0.0313 0.4153 1.0000 0.0001 0.0007 0.0094 0.1246 1.0000 1.0000 0.0002 0.0028 0.0375 0.4967 1.0000 0.0001 0.0008 0.0112 0.1490 1.0000 1.0000 0.0003 0.0034 0.0447 0.5927 1.0000 0.0001 0.0010 0.0134 0.1782 1.0000 1.0000 0.0003 0.0034 0.0171 0.0034 0.0003 1.0000 1.0000 0.1782 0.0134 0.0010 0.0001 1.0000 0.5927 0.0447 0.0034 0.0003 1.0000 1.0000 0.1490 0.0112 0.0008 0.0001 1.0000 0.4967 0.0375 0.0028 0.0002 1.0000 1.0000 0.1246 0.0094 0.0007 0.0001 1.0000 0.4153 0.0313 0.0024 0.0002 1.0000 1.0000 0.1042 0.0079 0.0006 1.0000 1.0000 0.3487 0.0264 0.0020 0.0002 1.0000 1.0000 0.0953 0.0071
0.0946 1.0000 1.0000 0.0001 0.0019 0.0251 0.3293 1.0000 1.0000 0.0006 0.0073 0.0970 1.0000 1.0000 0.0002 0.0022 0.0291 0.3849 1.0000 0.0000 0.0007 0.0087 0.1157 1.0000 1.0000 0.0002 0.0026 0.0347 0.4603 1.0000 0.0001 0.0008 0.0104 0.1384 1.0000 1.0000 0.0002 0.0031 0.0415 0.5504 1.0000 0.0001 0.0009 0.0125 0.1654 1.0000 1.0000 0.0003 0.0036 0.0414 0.2102 0.0414 0.0036 0.0003 1.0000 1.0000 0.1654 0.0125 0.0009 0.0001 1.0000 0.5504 0.0415 0.0031 0.0002 1.0000 1.0000 0.1384 0.0104 0.0008 0.0001 1.0000 0.4603 0.0347 0.0026 0.0002 1.0000 1.0000 0.1157 0.0087 0.0007 0.0000 1.0000 0.3849 0.0291 0.0022 0.0002 1.0000 1.0000 0.0970 0.0073 0.0006 1.0000 1.0000 0.3293 0.0251 0.0019 0.0001 1.0000 1.0000 0.0946
1.0000 1.0000 0.0002 0.0019 0.0247 0.3183 1.0000 1.0000 0.0005 0.0069 0.0907 1.0000 1.0000 0.0002 0.0020 0.0270 0.3574 1.0000 1.0000 0.0006 0.0081 0.1074 1.0000 1.0000 0.0002 0.0024 0.0322 0.4274 1.0000 0.0001 0.0007 0.0097 0.1285 1.0000 1.0000 0.0002 0.0029 0.0385 0.5110 1.0000 0.0001 0.0009 0.0116 0.1536 1.0000 1.0000 0.0003 0.0034 0.0442 0.5091 1.0000 0.5091 0.0442 0.0034 0.0003 1.0000 1.0000 0.1536 0.0116 0.0009 0.0001 1.0000 0.5110 0.0385 0.0029 0.0002 1.0000 1.0000 0.1285 0.0097 0.0007 0.0001 1.0000 0.4274 0.0322 0.0024 0.0002 1.0000 1.0000 0.1074 0.0081 0.0006 1.0000 1.0000 0.3574 0.0270 0.0020 0.0002 1.0000 1.0000 0.0907 0.0069 0.0005 1.0000 1.0000 0.3183 0.0247 0.0019 0.0002 1.0000 1.0000
1.0000 0.0002 0.0020 0.0251 0.3183 1.0000 1.0000 0.0005 0.0065 0.0857 1.0000 1.0000 0.0001 0.0019 0.0251 0.3325 1.0000 1.0000 0.0006 0.0075 0.0998 1.0000 1.0000 0.0002 0.0023 0.0299 0.3968 1.0000 0.0001 0.0007 0.0090 0.1193 1.0000 1.0000 0.0002 0.0027 0.0358 0.4745 1.0000 0.0001 0.0008 0.0108 0.1426 1.0000 1.0000 0.0002 0.0032 0.0424 0.5441 1.0000 1.0000 1.0000 0.5441 0.0424 0.0032 0.0002 1.0000 1.0000 0.1426 0.0108 0.0008 0.0001 1.0000 0.4745 0.0358 0.0027 0.0002 1.0000 1.0000 0.1193 0.0090 0.0007 0.0001 1.0000 0.3968 0.0299 0.0023 0.0002 1.0000 1.0000 0.0998 0.0075 0.0006 1.0000 1.0000 0.3325 0.0251 0.0019 0.0001 1.0000 1.0000 0.0857 0.0065 0.0005 1.0000 1.0000 0.3183 0.0251 0.0020 0.0002 1.0000
0.0002 0.0021 0.0264 0.3293 1.0000 1.0000 0.0005 0.0064 0.0823 1.0000 1.0000 0.0001 0.0018 0.0235 0.3105 1.0000 1.0000 0.0005 0.0070 0.0926 1.0000 1.0000 0.0002 0.0021 0.0278 0.3685 1.0000 0.0000 0.0006 0.0084 0.1108 1.0000 1.0000 0.0002 0.0025 0.0332 0.4406 1.0000 0.0001 0.0008 0.0100 0.1322 1.0000 1.0000 0.0002 0.0030 0.0396 0.5208 1.0000 0.0001 0.0003 0.0001 1.0000 0.5208 0.0396 0.0030 0.0002 1.0000 1.0000 0.1322 0.0100 0.0008 0.0001 1.0000 0.4406 0.0332 0.0025 0.0002 1.0000 1.0000 0.1108 0.0084 0.0006 0.0000 1.0000 0.3685 0.0278 0.0021 0.0002 1.0000 1.0000 0.0926 0.0070 0.0005 1.0000 1.0000 0.3105 0.0235 0.0018 0.0001 1.0000 1.0000 0.0823 0.0064 0.0005 1.0000 1.0000 0.3293 0.0264 0.0021 0.0002
0.0022 0.0282 0.3487 1.0000 1.0000 0.0005 0.0064 0.0812 1.0000 1.0000 0.0001 0.0017 0.0222 0.2916 1.0000 1.0000 0.0005 0.0065 0.0862 1.0000 1.0000 0.0001 0.0019 0.0258 0.3421 1.0000 1.0000 0.0006 0.0077 0.1026 1.0000 1.0000 0.0002 0.0023 0.0309 0.4091 1.0000 0.0001 0.0007 0.0093 0.1227 1.0000 1.0000 0.0002 0.0028 0.0368 0.4873 1.0000 0.0001 0.0007 0.0035 0.0007 0.0001 1.0000 0.4873 0.0368 0.0028 0.0002 1.0000 1.0000 0.1227 0.0093 0.0007 0.0001 1.0000 0.4091 0.0309 0.0023 0.0002 1.0000 1.0000 0.1026 0.0077 0.0006 1.0000 1.0000 0.3421 0.0258 0.0019 0.0001 1.0000 1.0000 0.0862 0.0065 0.0005 1.0000 1.0000 0.2916 0.0222 0.0017 0.0001 1.0000 1.0000 0.0812 0.0064 0.0005 1.0000 1.0000 0.3487 0.0282 0.0022
0.0285 0.3741 1.0000 1.0000 0.0005 0.0065 0.0823 1.0000 1.0000 0.0001 0.0016 0.0213 0.2775 1.0000 1.0000 0.0005 0.0061 0.0803 1.0000 1.0000 0.0001 0.0018 0.0240 0.3177 1.0000 1.0000 0.0005 0.0072 0.0953 1.0000 1.0000 0.0002 0.0022 0.0287 0.3798 1.0000 0.0000 0.0006 0.0086 0.1140 1.0000 1.0000 0.0002 0.0026 0.0343 0.4533 1.0000 0.0001 0.0007 0.0086 0.0435 0.0086 0.0007 0.0001 1.0000 0.4533 0.0343 0.0026 0.0002 1.0000 1.0000 0.1140 0.0086 0.0006 0.0000 1.0000 0.3798 0.0287 0.0022 0.0002 1.0000 1.0000 0.0953 0.0072 0.0005 1.0000 1.0000 0.3177 0.0240 0.0018 0.0001 1.0000 1.0000 0.0803 0.0061 0.0005 1.0000 1.0000 0.2775 0.0213 0.0016 0.0001 1.0000 1.0000 0.0823 0.0065 0.0005 1.0000 1.0000 0.3741 0.0285
0.3784 1.0000 1.0000 0.0006 0.0069 0.0857 1.0000 1.0000 0.0001 0.0016 0.0207 0.2682 1.0000 1.0000 0.0004 0.0057 0.0756 0.9943 1.0000 0.0001 0.0017 0.0223 0.2949 1.0000 1.0000 0.0005 0.0067 0.0885 1.0000 1.0000 0.0002 0.0020 0.0266 0.3527 1.0000 1.0000 0.0006 0.0080 0.1058 1.0000 1.0000 0.0002 0.0024 0.0318 0.4217 1.0000 0.0001 0.0007 0.0092 0.1054 0.5359 0.1054 0.0092 0.0007 0.0001 1.0000 0.4217 0.0318 0.0024 0.0002 1.0000 1.0000 0.1058 0.0080 0.0006 1.0000 1.0000 0.3527 0.0266 0.0020 0.0002 1.0000 1.0000 0.0885 0.0067 0.0005 1.0000 1.0000 0.2949 0.0223 0.0017 0.0001 1.0000 0.9943 0.0756 0.0057 0.0004 1.0000 1.0000 0.2682 0.0207 0.0016 0.0001 1.0000 1.0000 0.0857 0.0069 0.0006 1.0000 1.0000 0.3784
1.0000 0.0000 0.0006 0.0073 0.0907 1.0000 1.0000 0.0001 0.0016 0.0207 0.2651 1.0000 1.0000 0.0004 0.0055 0.0717 0.9392 1.0000 0.0001 0.0016 0.0208 0.2749 1.0000 1.0000 0.0005 0.0062 0.0822 1.0000 1.0000 0.0001 0.0019 0.0247 0.3275 1.0000 1.0000 0.0006 0.0074 0.0983 1.0000 1.0000 0.0002 0.0022 0.0295 0.3908 1.0000 0.0001 0.0007 0.0088 0.1125 1.0000 1.0000 1.0000 0.1125 0.0088 0.0007 0.0001 1.0000 0.3908 0.0295 0.0022 0.0002 1.0000 1.0000 0.0983 0.0074 0.0006 1.0000 1.0000 0.3275 0.0247 0.0019 0.0001 1.0000 1.0000 0.0822 0.0062 0.0005 1.0000 1.0000 0.2749 0.0208 0.0016 0.0001 1.0000 0.9392 0.0717 0.0055 0.0004 1.0000 1.0000 0.2651 0.0207 0.0016 0.0001 1.0000 1.0000 0.0907 0.0073 0.0006 0.0000 1.0000
0.0000 0.0006 0.0079 0.0970 1.0000 1.0000 0.0001 0.0017 0.0213 0.2682 1.0000 1.0000 0.0004 0.0053 0.0690 0.8990 1.0000 0.0001 0.0015 0.0195 0.2577 1.0000 1.0000 0.0004 0.0058 0.0764 1.0000 1.0000 0.0001 0.0017 0.0229 0.3035 1.0000 1.0000 0.0005 0.0069 0.0912 1.0000 1.0000 0.0002 0.0021 0.0274 0.3629 1.0000 0.0000 0.0006 0.0082 0.1078 1.0000 1.0000 0.0001 1.0000 1.0000 0.1078 0.0082 0.0006 0.0000 1.0000 0.3629 0.0274 0.0021 0.0002 1.0000 1.0000 0.0912 0.0069 0.0005 1.0000 1.0000 0.3035 0.0229 0.0017 0.0001 1.0000 1.0000 0.0764 0.0058 0.0004 1.0000 1.0000 0.2577 0.0195 0.0015 0.0001 1.0000 0.8990 0.0690 0.0053 0.0004 1.0000 1.0000 0.2682 0.0213 0.0017 0.0001 1.0000 1.0000 0.0970 0.0079 0.0006 0.0000
0.0006 0.0085 0.1042 1.0000 1.0000 0.0001 0.0018 0.0222 0.2775 1.0000 1.0000 0.0004 0.0053 0.0676 0.8720 1.0000 0.0001 0.0014 0.0185 0.2425 1.0000 1.0000 0.0004 0.0054 0.0711 0.9410 1.0000 0.0001 0.0016 0.0213 0.2818 1.0000 1.0000 0.0005 0.0064 0.0847 1.0000 1.0000 0.0001 0.0019 0.0254 0.3369 1.0000 1.0000 0.0006 0.0076 0.1009 1.0000 1.0000 0.0001 0.0007 0.0001 1.0000 1.0000 0.1009 0.0076 0.0006 1.0000 1.0000 0.3369 0.0254 0.0019 0.0001 1.0000 1.0000 0.0847 0.0064 0.0005 1.0000 1.0000 0.2818 0.0213 0.0016 0.0001 1.0000 0.9410 0.0711 0.0054 0.0004 1.0000 1.0000 0.2425 0.0185 0.0014 0.0001 1.0000 0.8720 0.0676 0.0053 0.0004 1.0000 1.0000 0.2775 0.0222 0.0018 0.0001 1.0000 1.0000 0.1042 0.0085 0.0006
0.0086 0.1122 1.0000 1.0000 0.0002 0.0019 0.0235 0.2916 1.0000 1.0000 0.0004 0.0053 0.0676 0.8638 1.0000 0.0001 0.0014 0.0177 0.2312 1.0000 1.0000 0.0004 0.0050 0.0665 0.8787 1.0000 0.0001 0.0015 0.0198 0.2616 1.0000 1.0000 0.0004 0.0059 0.0787 1.0000 1.0000 0.0001 0.0018 0.0236 0.3129 1.0000 1.0000 0.0005 0.0071 0.0939 1.0000 1.0000 0.0002 0.0018 0.0090 0.0018 0.0002 1.0000 1.0000 0.0939 0.0071 0.0005 1.0000 1.0000 0.3129 0.0236 0.0018 0.0001 1.0000 1.0000 0.0787 0.0059 0.0004 1.0000 1.0000 0.2616 0.0198 0.0015 0.0001 1.0000 0.8787 0.0665 0.0050 0.0004 1.0000 1.0000 0.2312 0.0177 0.0014 0.0001 1.0000 0.8638 0.0676 0.0053 0.0004 1.0000 1.0000 0.2916 0.0235 0.0019 0.0002 1.0000 1.0000 0.1122 0.0086
0.1135 1.0000 1.0000 0.0002 0.0020 0.0251 0.3105 1.0000 1.0000 0.0004 0.0055 0.0690 0.8720 1.0000 0.0001 0.0013 0.0172 0.2230 1.0000 1.0000 0.0004 0.0048 0.0626 0.8252 1.0000 0.0001 0.0014 0.0184 0.2434 1.0000 1.0000 0.0004 0.0055 0.0730 0.9682 1.0000 0.0001 0.0017 0.0219 0.2905 1.0000 1.0000 0.0005 0.0066 0.0872 1.0000 1.0000 0.0001 0.0019 0.0218 0.1110 0.0218 0.0019 0.0001 1.0000 1.0000 0.0872 0.0066 0.0005 1.0000 1.0000 0.2905 0.0219 0.0017 0.0001 1.0000 0.9682 0.0730 0.0055 0.0004 1.0000 1.0000 0.2434 0.0184 0.0014 0.0001 1.0000 0.8252 0.0626 0.0048 0.0004 1.0000 1.0000 0.2230 0.0172 0.0013 0.0001 1.0000 0.8720 0.0690 0.0055 0.0004 1.0000 1.0000 0.3105 0.0251 0.0020 0.0002 1.0000 1.0000 0.1135
1.0000 1.0000 0.0002 0.0022 0.0270 0.3325 1.0000 1.0000 0.0005 0.0057 0.0717 0.8990 1.0000 0.0001 0.0013 0.0170 0.2192 1.0000 1.0000 0.0003 0.0045 0.0595 0.7795 1.0000 0.0001 0.0013 0.0172 0.2273 1.0000 1.0000 0.0004 0.0051 0.0678 0.8990 1.0000 0.0001 0.0015 0.0203 0.2697 1.0000 1.0000 0.0005 0.0061 0.0809 1.0000 1.0000 0.0001 0.0018 0.0233 0.2687 1.0000 0.2687 0.0233 0.0018 0.0001 1.0000 1.0000 0.0809 0.0061 0.0005 1.0000 1.0000 0.2697 0.0203 0.0015 0.0001 1.0000 0.8990 0.0678 0.0051 0.0004 1.0000 1.0000 0.2273 0.0172 0.0013 0.0001 1.0000 0.7795 0.0595 0.0045 0.0003 1.0000 1.0000 0.2192 0.0170 0.0013 0.0001 1.0000 0.8990 0.0717 0.0057 0.0005 1.0000 1.0000 0.3325 0.0270 0.0022 0.0002 1.0000 1.0000
1.0000 0.0002 0.0024 0.0291 0.3574 1.0000 1.0000 0.0005 0.0061 0.0756 0.9392 1.0000 0.0001 0.0014 0.0172 0.2192 1.0000 1.0000 0.0003 0.0044 0.0571 0.7447 1.0000 0.0001 0.0012 0.0162 0.2131 1.0000 1.0000 0.0004 0.0048 0.0630 0.8347 1.0000 0.0001 0.0014 0.0189 0.2504 1.0000 1.0000 0.0004 0.0057 0.0751 0.9962 1.0000 0.0001 0.0017 0.0223 0.2867 1.0000 1.0000 1.0000 0.2867 0.0223 0.0017 0.0001 1.0000 0.9962 0.0751 0.0057 0.0004 1.0000 1.0000 0.2504 0.0189 0.0014 0.0001 1.0000 0.8347 0.0630 0.0048 0.0004 1.0000 1.0000 0.2131 0.0162 0.0012 0.0001 1.0000 0.7447 0.0571 0.0044 0.0003 1.0000 1.0000 0.2192 0.0172 0.0014 0.0001 1.0000 0.9392 0.0756 0.0061 0.0005 1.0000 1.0000 0.3574 0.0291 0.0024 0.0002 1.0000
0.0002 0.0025 0.0313 0.3849 1.0000 1.0000 0.0005 0.0065 0.0803 0.9943 1.0000 0.0001 0.0014 0.0177 0.2230 1.0000 1.0000 0.0003 0.0043 0.0557 0.7210 1.0000 0.0001 0.0012 0.0153 0.2009 1.0000 1.0000 0.0003 0.0044 0.0587 0.7765 1.0000 0.0001 0.0013 0.0175 0.2325 1.0000 1.0000 0.0004 0.0053 0.0698 0.9250 1.0000 0.0001 0.0016 0.0209 0.2749 1.0000 1.0000 0.0002 1.0000 1.0000 0.2749 0.0209 0.0016 0.0001 1.0000 0.9250 0.0698 0.0053 0.0004 1.0000 1.0000 0.2325 0.0175 0.0013 0.0001 1.0000 0.7765 0.0587 0.0044 0.0003 1.0000 1.0000 0.2009 0.0153 0.0012 0.0001 1.0000 0.7210 0.0557 0.0043 0.0003 1.0000 1.0000 0.2230 0.0177 0.0014 0.0001 1.0000 0.9943 0.0803 0.0065 0.0005 1.0000 1.0000 0.3849 0.0313 0.0025 0.0002
0.0026 0.0337 0.4153 1.0000 1.0000 0.0006 0.0070 0.0862 1.0000 1.0000 0.0001 0.0015 0.0185 0.2312 1.0000 1.0000 0.0003 0.0043 0.0553 0.7088 1.0000 0.0001 0.0011 0.0147 0.1915 1.0000 1.0000 0.0003 0.0042 0.0550 0.7265 1.0000 0.0001 0.0012 0.0163 0.2159 1.0000 1.0000 0.0004 0.0049 0.0648 0.8589 1.0000 0.0001 0.0015 0.0194 0.2572 1.0000 1.0000 0.0004 0.0019 0.0004 1.0000 1.0000 0.2572 0.0194 0.0015 0.0001 1.0000 0.8589 0.0648 0.0049 0.0004 1.0000 1.0000 0.2159 0.0163 0.0012 0.0001 1.0000 0.7265 0.0550 0.0042 0.0003 1.0000 1.0000 0.1915 0.0147 0.0011 0.0001 1.0000 0.7088 0.0553 0.0043 0.0003 1.0000 1.0000 0.2312 0.0185 0.0015 0.0001 1.0000 1.0000 0.0862 0.0070 0.0006 1.0000 1.0000 0.4153 0.0337 0.0026
0.0341 0.4473 1.0000 0.0000 0.0006 0.0075 0.0926 1.0000 1.0000 0.0001 0.0016 0.0195 0.2425 1.0000 1.0000 0.0003 0.0044 0.0557 0.7088 1.0000 0.0001 0.0011 0.0142 0.1844 1.0000 1.0000 0.0003 0.0039 0.0519 0.6823 1.0000 0.0001 0.0011 0.0152 0.2009 1.0000 1.0000 0.0003 0.0045 0.0602 0.7975 1.0000 0.0001 0.0014 0.0180 0.2393 1.0000 1.0000 0.0004 0.0045 0.0230 0.0045 0.0004 1.0000 1.0000 0.2393 0.0180 0.0014 0.0001 1.0000 0.7975 0.0602 0.0045 0.0003 1.0000 1.0000 0.2009 0.0152 0.0011 0.0001 1.0000 0.6823 0.0519 0.0039 0.0003 1.0000 1.0000 0.1844 0.0142 0.0011 0.0001 1.0000 0.7088 0.0557 0.0044 0.0003 1.0000 1.0000 0.2425 0.0195 0.0016 0.0001 1.0000 1.0000 0.0926 0.0075 0.0006 0.0000 1.0000 0.4473 0.0341
0.4516 1.0000 0.0001 0.0007 0.0081 0.0998 1.0000 1.0000 0.0001 0.0017 0.0208 0.2577 1.0000 1.0000 0.0004 0.0045 0.0571 0.7210 1.0000 0.0001 0.0011 0.0140 0.1802 1.0000 1.0000 0.0003 0.0038 0.0492 0.6445 1.0000 0.0001 0.0011 0.0142 0.1876 1.0000 1.0000 0.0003 0.0042 0.0559 0.7405 1.0000 0.0001 0.0013 0.0168 0.2222 1.0000 1.0000 0.0004 0.0048 0.0556 0.2829 0.0556 0.0048 0.0004 1.0000 1.0000 0.2222 0.0168 0.0013 0.0001 1.0000 0.7405 0.0559 0.0042 0.0003 1.0000 1.0000 0.1876 0.0142 0.0011 0.0001 1.0000 0.6445 0.0492 0.0038 0.0003 1.0000 1.0000 0.1802 0.0140 0.0011 0.0001 1.0000 0.7210 0.0571 0.0045 0.0004 1.0000 1.0000 0.2577 0.0208 0.0017 0.0001 1.0000 1.0000 0.0998 0.0081 0.0007 0.0001 1.0000 0.4516
1.0000 0.0001 0.0007 0.0087 0.1074 1.0000 1.0000 0.0001 0.0018 0.0223 0.2749 1.0000 1.0000 0.0004 0.0048 0.0595 0.7447 1.0000 0.0001 0.0011 0.0140 0.1789 1.0000 1.0000 0.0003 0.0036 0.0472 0.6157 1.0000 0.0001 0.0010 0.0134 0.1758 1.0000 1.0000 0.0003 0.0039 0.0520 0.6875 1.0000 0.0001 0.0012 0.0156 0.2063 1.0000 1.0000 0.0004 0.0046 0.0594 0.6849 1.0000 0.6849 0.0594 0.0046 0.0004 1.0000 1.0000 0.2063 0.0156 0.0012 0.0001 1.0000 0.6875 0.0520 0.0039 0.0003 1.0000 1.0000 0.1758 0.0134 0.0010 0.0001 1.0000 0.6157 0.0472 0.0036 0.0003 1.0000 1.0000 0.1789 0.0140 0.0011 0.0001 1.0000 0.7447 0.0595 0.0048 0.0004 1.0000 1.0000 0.2749 0.0223 0.0018 0.0001 1.0000 1.0000 0.1074 0.0087 0.0007 0.0001 1.0000
0.0001 0.0008 0.0094 0.1157 1.0000 1.0000 0.0002 0.0019 0.0240 0.2949 1.0000 1.0000 0.0004 0.0050 0.0626 0.7795 1.0000 0.0001 0.0011 0.0142 0.1802 1.0000 1.0000 0.0003 0.0036 0.0459 0.5950 1.0000 0.0001 0.0010 0.0126 0.1661 1.0000 1.0000 0.0003 0.0037 0.0484 0.6408 1.0000 0.0001 0.0011 0.0144 0.1915 1.0000 1.0000 0.0003 0.0043 0.0569 0.7307 1.0000 1.0000 1.0000 0.7307 0.0569 0.0043 0.0003 1.0000 1.0000 0.1915 0.0144 0.0011 0.0001 1.0000 0.6408 0.0484 0.0037 0.0003 1.0000 1.0000 0.1661 0.0126 0.0010 0.0001 1.0000 0.5950 0.0459 0.0036 0.0003 1.0000 1.0000 0.1802 0.0142 0.0011 0.0001 1.0000 0.7795 0.0626 0.0050 0.0004 1.0000 1.0000 0.2949 0.0240 0.0019 0.0002 1.0000 1.0000 0.1157 0.0094 0.0008 0.0001
0.0008 0.0101 0.1246 1.0000 1.0000 0.0002 0.0021 0.0258 0.3177 1.0000 1.0000 0.0004 0.0054 0.0665 0.8252 1.0000 0.0001 0.0012 0.0147 0.1844 1.0000 1.0000 0.0003 0.0035 0.0452 0.5816 1.0000 0.0001 0.0009 0.0121 0.1581 1.0000 1.0000 0.0003 0.0034 0.0454 0.5984 1.0000 0.0001 0.0010 0.0134 0.1778 1.0000 1.0000 0.0003 0.0040 0.0533 0.7007 1.0000 0.0001 0.0004 0.0001 1.0000 0.7007 0.0533 0.0040 0.0003 1.0000 1.0000 0.1778 0.0134 0.0010 0.0001 1.0000 0.5984 0.0454 0.0034 0.0003 1.0000 1.0000 0.1581 0.0121 0.0009 0.0001 1.0000 0.5816 0.0452 0.0035 0.0003 1.0000 1.0000 0.1844 0.0147 0.0012 0.0001 1.0000 0.8252 0.0665 0.0054 0.0004 1.0000 1.0000 0.3177 0.0258 0.0021 0.0002 1.0000 1.0000 0.1246 0.0101 0.0008
0.0102 0.1342 1.0000 1.0000 0.0002 0.0023 0.0278 0.3421 1.0000 1.0000 0.0005 0.0058 0.0711 0.8787 1.0000 0.0001 0.0012 0.0153 0.1915 1.0000 1.0000 0.0003 0.0036 0.0452 0.5772 1.0000 0.0001 0.0009 0.0117 0.1519 1.0000 1.0000 0.0002 0.0033 0.0427 0.5620 1.0000 0.0001 0.0009 0.0125 0.1658 1.0000 1.0000 0.0003 0.0037 0.0495 0.6556 1.0000 0.0001 0.0009 0.0048 0.0009 0.0001 1.0000 0.6556 0.0495 0.0037 0.0003 1.0000 1.0000 0.1658 0.0125 0.0009 0.0001 1.0000 0.5620 0.0427 0.0033 0.0002 1.0000 1.0000 0.1519 0.0117 0.0009 0.0001 1.0000 0.5772 0.0452 0.0036 0.0003 1.0000 1.0000 0.1915 0.0153 0.0012 0.0001 1.0000 0.8787 0.0711 0.0058 0.0005 1.0000 1.0000 0.3421 0.0278 0.0023 0.0002 1.0000 1.0000 0.1342 0.0102
0.1358 1.0000 1.0000 0.0002 0.0024 0.0299 0.3685 1.0000 1.0000 0.0005 0.0062 0.0764 0.9410 1.0000 0.0001 0.0013 0.0162 0.2009 1.0000 1.0000 0.0003 0.0036 0.0459 0.5816 1.0000 0.0001 0.0009 0.0114 0.1476 1.0000 1.0000 0.0002 0.0031 0.0406 0.5318 1.0000 0.0001 0.0009 0.0117 0.1545 1.0000 1.0000 0.0003 0.0035 0.0460 0.6099 1.0000 0.0001 0.0010 0.0115 0.0586 0.0115 0.0010 0.0001 1.0000 0.6099 0.0460 0.0035 0.0003 1.0000 1.0000 0.1545 0.0117 0.0009 0.0001 1.0000 0.5318 0.0406 0.0031 0.0002 1.0000 1.0000 0.1476 0.0114 0.0009 0.0001 1.0000 0.5816 0.0459 0.0036 0.0003 1.0000 1.0000 0.2009 0.0162 0.0013 0.0001 1.0000 0.9410 0.0764 0.0062 0.0005 1.0000 1.0000 0.3685 0.0299 0.0024 0.0002 1.0000 1.0000 0.1358
1.0000 1.0000 0.0002 0.0026 0.0322 0.3968 1.0000 1.0000 0.0005 0.0067 0.0822 1.0000 1.0000 0.0001 0.0014 0.0172 0.2131 1.0000 1.0000 0.0003 0.0038 0.0472 0.5950 1.0000 0.0001 0.0009 0.0113 0.1457 1.0000 1.0000 0.0002 0.0030 0.0388 0.5072 1.0000 0.0001 0.0008 0.0110 0.1451 1.0000 1.0000 0.0002 0.0032 0.0428 0.5674 1.0000 0.0001 0.0010 0.0123 0.1418 0.7210 0.1418 0.0123 0.0010 0.0001 1.0000 0.5674 0.0428 0.0032 0.0002 1.0000 1.0000 0.1451 0.0110 0.0008 0.0001 1.0000 0.5072 0.0388 0.0030 0.0002 1.0000 1.0000 0.1457 0.0113 0.0009 0.0001 1.0000 0.5950 0.0472 0.0038 0.0003 1.0000 1.0000 0.2131 0.0172 0.0014 0.0001 1.0000 1.0000 0.0822 0.0067 0.0005 1.0000 1.0000 0.3968 0.0322 0.0026 0.0002 1.0000 1.0000
1.0000 0.0002 0.0028 0.0347 0.4274 1.0000 0.0000 0.0006 0.0072 0.0885 1.0000 1.0000 0.0001 0.0015 0.0184 0.2273 1.0000 1.0000 0.0003 0.0039 0.0492 0.6157 1.0000 0.0001 0.0009 0.0114 0.1457 1.0000 1.0000 0.0002 0.0029 0.0376 0.4882 1.0000 0.0001 0.0008 0.0104 0.1368 1.0000 1.0000 0.0002 0.0030 0.0400 0.5278 1.0000 0.0001 0.0009 0.0118 0.1513 1.0000 1.0000 1.0000 0.1513 0.0118 0.0009 0.0001 1.0000 0.5278 0.0400 0.0030 0.0002 1.0000 1.0000 0.1368 0.0104 0.0008 0.0001 1.0000 0.4882 0.0376 0.0029 0.0002 1.0000 1.0000 0.1457 0.0114 0.0009 0.0001 1.0000 0.6157 0.0492 0.0039 0.0003 1.0000 1.0000 0.2273 0.0184 0.0015 0.0001 1.0000 1.0000 0.0885 0.0072 0.0006 0.0000 1.0000 0.4274 0.0347 0.0028 0.0002 1.0000
0.0002 0.0030 0.0375 0.4603 1.0000 0.0001 0.0006 0.0077 0.0953 1.0000 1.0000 0.0001 0.0016 0.0198 0.2434 1.0000 1.0000 0.0003 0.0042 0.0519 0.6445 1.0000 0.0001 0.0009 0.0117 0.1476 1.0000 1.0000 0.0002 0.0029 0.0368 0.4754 1.0000 0.0001 0.0008 0.0100 0.1302 1.0000 1.0000 0.0002 0.0028 0.0374 0.4938 1.0000 0.0001 0.0008 0.0110 0.1451 1.0000 1.0000 0.0001 1.0000 1.0000 0.1451 0.0110 0.0008 0.0001 1.0000 0.4938 0.0374 0.0028 0.0002 1.0000 1.0000 0.1302 0.0100 0.0008 0.0001 1.0000 0.4754 0.0368 0.0029 0.0002 1.0000 1.0000 0.1476 0.0117 0.0009 0.0001 1.0000 0.6445 0.0519 0.0042 0.0003 1.0000 1.0000 0.2434 0.0198 0.0016 0.0001 1.0000 1.0000 0.0953 0.0077 0.0006 0.0001 1.0000 0.4603 0.0375 0.0030 0.0002
0.0031 0.0403 0.4967 1.0000 0.0001 0.0007 0.0084 0.1026 1.0000 1.0000 0.0001 0.0017 0.0213 0.2616 1.0000 1.0000 0.0004 0.0044 0.0550 0.6823 1.0000 0.0001 0.0010 0.0121 0.1519 1.0000 1.0000 0.0002 0.0029 0.0366 0.4691 1.0000 0.0001 0.0007 0.0096 0.1249 1.0000 1.0000 0.0002 0.0027 0.0352 0.4638 1.0000 0.0001 0.0008 0.0103 0.1363 1.0000 1.0000 0.0002 0.0010 0.0002 1.0000 1.0000 0.1363 0.0103 0.0008 0.0001 1.0000 0.4638 0.0352 0.0027 0.0002 1.0000 1.0000 0.1249 0.0096 0.0007 0.0001 1.0000 0.4691 0.0366 0.0029 0.0002 1.0000 1.0000 0.1519 0.0121 0.0010 0.0001 1.0000 0.6823 0.0550 0.0044 0.0004 1.0000 1.0000 0.2616 0.0213 0.0017 0.0001 1.0000 1.0000 0.1026 0.0084 0.0007 0.0001 1.0000 0.4967 0.0403 0.0031
0.0407 0.5349 1.0000 0.0001 0.0007 0.0090 0.1108 1.0000 1.0000 0.0002 0.0019 0.0229 0.2818 1.0000 1.0000 0.0004 0.0048 0.0587 0.7265 1.0000 0.0001 0.0010 0.0126 0.1581 1.0000 1.0000 0.0002 0.0029 0.0368 0.4691 1.0000 0.0001 0.0007 0.0093 0.1211 1.0000 1.0000 0.0002 0.0025 0.0334 0.4381 1.0000 0.0001 0.0007 0.0097 0.1273 1.0000 1.0000 0.0002 0.0024 0.0122 0.0024 0.0002 1.0000 1.0000 0.1273 0.0097 0.0007 0.0001 1.0000 0.4381 0.0334 0.0025 0.0002 1.0000 1.0000 0.1211 0.0093 0.0007 0.0001 1.0000 0.4691 0.0368 0.0029 0.0002 1.0000 1.0000 0.1581 0.0126 0.0010 0.0001 1.0000 0.7265 0.0587 0.0048 0.0004 1.0000 1.0000 0.2818 0.0229 0.0019 0.0002 1.0000 1.0000 0.1108 0.0090 0.0007 0.0001 1.0000 0.5349 0.0407
0.5400 1.0000 0.0001 0.0008 0.0097 0.1193 1.0000 1.0000 0.0002 0.0020 0.0247 0.3035 1.0000 1.0000 0.0004 0.0051 0.0630 0.7765 1.0000 0.0001 0.0011 0.0134 0.1661 1.0000 1.0000 0.0002 0.0030 0.0376 0.4754 1.0000 0.0001 0.0007 0.0092 0.1186 1.0000 1.0000 0.0002 0.0025 0.0319 0.4169 1.0000 0.0001 0.0007 0.0091 0.1195 1.0000 1.0000 0.0002 0.0026 0.0295 0.1496 0.0295 0.0026 0.0002 1.0000 1.0000 0.1195 0.0091 0.0007 0.0001 1.0000 0.4169 0.0319 0.0025 0.0002 1.0000 1.0000 0.1186 0.0092 0.0007 0.0001 1.0000 0.4754 0.0376 0.0030 0.0002 1.0000 1.0000 0.1661 0.0134 0.0011 0.0001 1.0000 0.7765 0.0630 0.0051 0.0004 1.0000 1.0000 0.3035 0.0247 0.0020 0.0002 1.0000 1.0000 0.1193 0.0097 0.0008 0.0001 1.0000 0.5400
1.0000 0.0001 0.0008 0.0104 0.1285 1.0000 1.0000 0.0002 0.0022 0.0266 0.3275 1.0000 1.0000 0.0004 0.0055 0.0678 0.8347 1.0000 0.0001 0.0011 0.0142 0.1758 1.0000 1.0000 0.0002 0.0031 0.0388 0.4882 1.0000 0.0001 0.0007 0.0092 0.1179 1.0000 1.0000 0.0002 0.0024 0.0309 0.4006 1.0000 0.0001 0.0007 0.0086 0.1127 1.0000 1.0000 0.0002 0.0025 0.0316 0.3636 1.0000 0.3636 0.0316 0.0025 0.0002 1.0000 1.0000 0.1127 0.0086 0.0007 0.0001 1.0000 0.4006 0.0309 0.0024 0.0002 1.0000 1.0000 0.1179 0.0092 0.0007 0.0001 1.0000 0.4882 0.0388 0.0031 0.0002 1.0000 1.0000 0.1758 0.0142 0.0011 0.0001 1.0000 0.8347 0.0678 0.0055 0.0004 1.0000 1.0000 0.3275 0.0266 0.0022 0.0002 1.0000 1.0000 0.1285 0.0104 0.0008 0.0001 1.0000
0.0001 0.0009 0.0112 0.1384 1.0000 1.0000 0.0002 0.0023 0.0287 0.3527 1.0000 1.0000 0.0005 0.0059 0.0730 0.8990 1.0000 0.0001 0.0012 0.0152 0.1876 1.0000 1.0000 0.0003 0.0033 0.0406 0.5072 1.0000 0.0001 0.0007 0.0093 0.1186 1.0000 1.0000 0.0002 0.0023 0.0301 0.3893 1.0000 0.0000 0.0006 0.0082 0.1068 1.0000 1.0000 0.0002 0.0023 0.0305 0.3901 1.0000 1.0000 1.0000 0.3901 0.0305 0.0023 0.0002 1.0000 1.0000 0.1068 0.0082 0.0006 0.0000 1.0000 0.3893 0.0301 0.0023 0.0002 1.0000 1.0000 0.1186 0.0093 0.0007 0.0001 1.0000 0.5072 0.0406 0.0033 0.0003 1.0000 1.0000 0.1876 0.0152 0.0012 0.0001 1.0000 0.8990 0.0730 0.0059 0.0005 1.0000 1.0000 0.3527 0.0287 0.0023 0.0002 1.0000 1.0000 0.1384 0.0112 0.0009 0.0001
0.0009 0.0121 0.1490 1.0000 1.0000 0.0002 0.0025 0.0309 0.3798 1.0000 1.0000 0.0005 0.0064 0.0787 0.9682 1.0000 0.0001 0.0013 0.0163 0.2009 1.0000 1.0000 0.0003 0.0034 0.0427 0.5318 1.0000 0.0001 0.0008 0.0096 0.1211 1.0000 1.0000 0.0002 0.0023 0.0297 0.3820 1.0000 1.0000 0.0006 0.0079 0.1025 1.0000 1.0000 0.0002 0.0022 0.0289 0.3777 1.0000 1.0000 0.0002 1.0000 1.0000 0.3777 0.0289 0.0022 0.0002 1.0000 1.0000 0.1025 0.0079 0.0006 1.0000 1.0000 0.3820 0.0297 0.0023 0.0002 1.0000 1.0000 0.1211 0.0096 0.0008 0.0001 1.0000 0.5318 0.0427 0.0034 0.0003 1.0000 1.0000 0.2009 0.0163 0.0013 0.0001 1.0000 0.9682 0.0787 0.0064 0.0005 1.0000 1.0000 0.3798 0.0309 0.0025 0.0002 1.0000 1.0000 0.1490 0.0121 0.0009
0.0122 0.1605 1.0000 1.0000 0.0002 0.0027 0.0332 0.4091 1.0000 1.0000 0.0006 0.0069 0.0847 1.0000 1.0000 0.0001 0.0014 0.0175 0.2159 1.0000 1.0000 0.0003 0.0037 0.0454 0.5620 1.0000 0.0001 0.0008 0.0100 0.1249 1.0000 1.0000 0.0002 0.0023 0.0297 0.3798 1.0000 1.0000 0.0006 0.0076 0.0990 1.0000 1.0000 0.0002 0.0021 0.0275 0.3595 1.0000 1.0000 0.0005 0.0026 0.0005 1.0000 1.0000 0.3595 0.0275 0.0021 0.0002 1.0000 1.0000 0.0990 0.0076 0.0006 1.0000 1.0000 0.3798 0.0297 0.0023 0.0002 1.0000 1.0000 0.1249 0.0100 0.0008 0.0001 1.0000 0.5620 0.0454 0.0037 0.0003 1.0000 1.0000 0.2159 0.0175 0.0014 0.0001 1.0000 1.0000 0.0847 0.0069 0.0006 1.0000 1.0000 0.4091 0.0332 0.0027 0.0002 1.0000 1.0000 0.1605 0.0122
0.1623 1.0000 1.0000 0.0002 0.0029 0.0358 0.4406 1.0000 0.0000 0.0006 0.0074 0.0912 1.0000 1.0000 0.0001 0.0015 0.0189 0.2325 1.0000 1.0000 0.0003 0.0039 0.0484 0.5984 1.0000 0.0001 0.0008 0.0104 0.1302 1.0000 1.0000 0.0002 0.0024 0.0301 0.3820 1.0000 1.0000 0.0006 0.0075 0.0968 1.0000 1.0000 0.0002 0.0020 0.0262 0.3428 1.0000 1.0000 0.0005 0.0062 0.0317 0.0062 0.0005 1.0000 1.0000 0.3428 0.0262 0.0020 0.0002 1.0000 1.0000 0.0968 0.0075 0.0006 1.0000 1.0000 0.3820 0.0301 0.0024 0.0002 1.0000 1.0000 0.1302 0.0104 0.0008 0.0001 1.0000 0.5984 0.0484 0.0039 0.0003 1.0000 1.0000 0.2325 0.0189 0.0015 0.0001 1.0000 1.0000 0.0912 0.0074 0.0006 0.0000 1.0000 0.4406 0.0358 0.0029 0.0002 1.0000 1.0000 0.1623
1.0000 1.0000 0.0003 0.0031 0.0385 0.4745 1.0000 0.0001 0.0006 0.0080 0.0983 1.0000 1.0000 0.0001 0.0017 0.0203 0.2504 1.0000 1.0000 0.0003 0.0042 0.0520 0.6408 1.0000 0.0001 0.0009 0.0110 0.1368 1.0000 1.0000 0.0002 0.0025 0.0309 0.3893 1.0000 1.0000 0.0006 0.0075 0.0957 1.0000 1.0000 0.0001 0.0019 0.0252 0.3281 1.0000 1.0000 0.0005 0.0068 0.0776 0.3931 0.0776 0.0068 0.0005 1.0000 1.0000 0.3281 0.0252 0.0019 0.0001 1.0000 1.0000 0.0957 0.0075 0.0006 1.0000 1.0000 0.3893 0.0309 0.0025 0.0002 1.0000 1.0000 0.1368 0.0110 0.0009 0.0001 1.0000 0.6408 0.0520 0.0042 0.0003 1.0000 1.0000 0.2504 0.0203 0.0017 0.0001 1.0000 1.0000 0.0983 0.0080 0.0006 0.0001 1.0000 0.4745 0.0385 0.0031 0.0003 1.0000 1.0000
1.0000 0.0003 0.0034 0.0415 0.5110 1.0000 0.0001 0.0007 0.0086 0.1058 1.0000 1.0000 0.0001 0.0018 0.0219 0.2697 1.0000 1.0000 0.0004 0.0045 0.0559 0.6875 1.0000 0.0001 0.0009 0.0117 0.1451 1.0000 1.0000 0.0002 0.0025 0.0319 0.4006 1.0000 1.0000 0.0006 0.0075 0.0957 1.0000 1.0000 0.0001 0.0019 0.0245 0.3177 1.0000 1.0000 0.0005 0.0066 0.0844 0.9663 1.0000 0.9663 0.0844 0.0066 0.0005 1.0000 1.0000 0.3177 0.0245 0.0019 0.0001 1.0000 1.0000 0.0957 0.0075 0.0006 1.0000 1.0000 0.4006 0.0319 0.0025 0.0002 1.0000 1.0000 0.1451 0.0117 0.0009 0.0001 1.0000 0.6875 0.0559 0.0045 0.0004 1.0000 1.0000 0.2697 0.0219 0.0018 0.0001 1.0000 1.0000 0.1058 0.0086 0.0007 0.0001 1.0000 0.5110 0.0415 0.0034 0.0003 1.0000
0.0003 0.0036 0.0447 0.5504 1.0000 0.0001 0.0008 0.0093 0.1140 1.0000 1.0000 0.0002 0.0019 0.0236 0.2905 1.0000 1.0000 0.0004 0.0049 0.0602 0.7405 1.0000 0.0001 0.0010 0.0125 0.1545 1.0000 1.0000 0.0002 0.0027 0.0334 0.4169 1.0000 0.0000 0.0006 0.0076 0.0968 1.0000 1.0000 0.0001 0.0019 0.0241 0.3105 1.0000 1.0000 0.0005 0.0064 0.0833 1.0000 1.0000 1.0000 1.0000 1.0000 0.0833 0.0064 0.0005 1.0000 1.0000 0.3105 0.0241 0.0019 0.0001 1.0000 1.0000 0.0968 0.0076 0.0006 0.0000 1.0000 0.4169 0.0334 0.0027 0.0002 1.0000 1.0000 0.1545 0.0125 0.0010 0.0001 1.0000 0.7405 0.0602 0.0049 0.0004 1.0000 1.0000 0.2905 0.0236 0.0019 0.0002 1.0000 1.0000 0.1140 0.0093 0.0008 0.0001 1.0000 0.5504 0.0447 0.0036 0.0003
0.0037 0.0482 0.5927 1.0000 0.0001 0.0008 0.0100 0.1227 1.0000 1.0000 0.0002 0.0021 0.0254 0.3129 1.0000 1.0000 0.0004 0.0053 0.0648 0.7975 1.0000 0.0001 0.0011 0.0134 0.1658 1.0000 1.0000 0.0002 0.0028 0.0352 0.4381 1.0000 0.0001 0.0006 0.0079 0.0990 1.0000 1.0000 0.0001 0.0019 0.0240 0.3070 1.0000 1.0000 0.0005 0.0062 0.0808 1.0000 1.0000 0.0001 0.0006 0.0001 1.0000 1.0000 0.0808 0.0062 0.0005 1.0000 1.0000 0.3070 0.0240 0.0019 0.0001 1.0000 1.0000 0.0990 0.0079 0.0006 0.0001 1.0000 0.4381 0.0352 0.0028 0.0002 1.0000 1.0000 0.1658 0.0134 0.0011 0.0001 1.0000 0.7975 0.0648 0.0053 0.0004 1.0000 1.0000 0.3129 0.0254 0.0021 0.0002 1.0000 1.0000 0.1227 0.0100 0.0008 0.0001 1.0000 0.5927 0.0482 0.0037
0.0487 0.6396 1.0000 0.0001 0.0009 0.0108 0.1322 1.0000 1.0000 0.0002 0.0022 0.0274 0.3369 1.0000 1.0000 0.0005 0.0057 0.0698 0.8589 1.0000 0.0001 0.0012 0.0144 0.1778 1.0000 1.0000 0.0002 0.0030 0.0374 0.4638 1.0000 0.0001 0.0007 0.0082 0.1025 1.0000 1.0000 0.0001 0.0019 0.0241 0.3070 1.0000 1.0000 0.0005 0.0061 0.0788 1.0000 1.0000 0.0001 0.0014 0.0070 0.0014 0.0001 1.0000 1.0000 0.0787 0.0061 0.0005 1.0000 1.0000 0.3070 0.0241 0.0019 0.0001 1.0000 1.0000 0.1025 0.0082 0.0007 0.0001 1.0000 0.4638 0.0374 0.0030 0.0002 1.0000 1.0000 0.1778 0.0144 0.0012 0.0001 1.0000 0.8589 0.0698 0.0057 0.0005 1.0000 1.0000 0.3369 0.0274 0.0022 0.0002 1.0000 1.0000 0.1322 0.0108 0.0009 0.0001 1.0000 0.6396 0.0487
0.6457 1.0000 0.0001 0.0009 0.0116 0.1426 1.0000 1.0000 0.0002 0.0024 0.0295 0.3629 1.0000 1.0000 0.0005 0.0061 0.0751 0.9250 1.0000 0.0001 0.0013 0.0156 0.1915 1.0000 1.0000 0.0003 0.0032 0.0400 0.4938 1.0000 0.0001 0.0007 0.0086 0.1068 1.0000 1.0000 0.0002 0.0019 0.0245 0.3105 1.0000 1.0000 0.0005 0.0060 0.0775 0.9962 1.0000 0.0001 0.0015 0.0173 0.0875 0.0174 0.0015 0.0001 1.0000 0.9962 0.0775 0.0060 0.0005 1.0000 1.0000 0.3105 0.0245 0.0019 0.0002 1.0000 1.0000 0.1068 0.0086 0.0007 0.0001 1.0000 0.4938 0.0400 0.0032 0.0003 1.0000 1.0000 0.1915 0.0156 0.0013 0.0001 1.0000 0.9250 0.0751 0.0061 0.0005 1.0000 1.0000 0.3629 0.0295 0.0024 0.0002 1.0000 1.0000 0.1426 0.0116 0.0009 0.0001 1.0000 0.6457
1.0000 0.0001 0.0010 0.0125 0.1536 1.0000 1.0000 0.0002 0.0026 0.0318 0.3908 1.0000 1.0000 0.0005 0.0066 0.0809 0.9962 1.0000 0.0001 0.0014 0.0168 0.2063 1.0000 1.0000 0.0003 0.0035 0.0428 0.5278 1.0000 0.0001 0.0007 0.0091 0.1127 1.0000 1.0000 0.0002 0.0020 0.0252 0.3177 1.0000 1.0000 0.0005 0.0060 0.0776 0.9830 1.0000 0.0001 0.0015 0.0189 0.2163 1.0000 0.2192 0.0194 0.0015 0.0001 1.0000 0.9887 0.0776 0.0061 0.0005 1.0000 1.0000 0.3177 0.0252 0.0020 0.0002 1.0000 1.0000 0.1127 0.0091 0.0007 0.0001 1.0000 0.5278 0.0428 0.0035 0.0003 1.0000 1.0000 0.2063 0.0168 0.0014 0.0001 1.0000 0.9962 0.0809 0.0066 0.0005 1.0000 1.0000 0.3908 0.0318 0.0026 0.0002 1.0000 1.0000 0.1536 0.0125 0.0010 0.0001 1.0000
0.0001 0.0011 0.0134 0.1654 1.0000 1.0000 0.0002 0.0028 0.0343 0.4217 1.0000 0.0000 0.0006 0.0071 0.0872 1.0000 1.0000 0.0001 0.0015 0.0180 0.2222 1.0000 1.0000 0.0003 0.0037 0.0460 0.5674 1.0000 0.0001 0.0008 0.0097 0.1195 1.0000 1.0000 0.0002 0.0021 0.0262 0.3281 1.0000 1.0000 0.0005 0.0061 0.0775 1.0000 1.0000 0.0001 0.0015 0.0191 0.2429 1.0000 1.0000 1.0000 0.2439 0.0193 0.0015 0.0001 1.0000 0.9924 0.0770 0.0061 0.0005 1.0000 1.0000 0.3281 0.0262 0.0021 0.0002 1.0000 1.0000 0.1195 0.0097 0.0008 0.0001 1.0000 0.5674 0.0460 0.0037 0.0003 1.0000 1.0000 0.2222 0.0180 0.0015 0.0001 1.0000 1.0000 0.0872 0.0071 0.0006 0.0000 1.0000 0.4217 0.0343 0.0028 0.0002 1.0000 1.0000 0.1654 0.0134 0.0011 0.0001
0.0011 0.0145 0.1782 1.0000 1.0000 0.0002 0.0030 0.0368 0.4533 1.0000 0.0001 0.0006 0.0076 0.0939 1.0000 1.0000 0.0001 0.0016 0.0194 0.2393 1.0000 1.0000 0.0003 0.0040 0.0495 0.6099 1.0000 0.0001 0.0008 0.0103 0.1273 1.0000 1.0000 0.0002 0.0022 0.0275 0.3428 1.0000 1.0000 0.0005 0.0062 0.0787 0.9962 1.0000 0.0001 0.0015 0.0191 0.2467 1.0000 1.0000 0.0001 1.0000 1.0000 0.2476 0.0195 0.0015 0.0001 1.0000 0.9887 0.0788 0.0062 0.0005 1.0000 1.0000 0.3428 0.0275 0.0022 0.0002 1.0000 1.0000 0.1273 0.0103 0.0008 0.0001 1.0000 0.6099 0.0495 0.0040 0.0003 1.0000 1.0000 0.2393 0.0194 0.0016 0.0001 1.0000 1.0000 0.0939 0.0076 0.0006 0.0001 1.0000 0.4533 0.0368 0.0030 0.0002 1.0000 1.0000 0.1782 0.0145 0.0011
0.0146 0.1915 1.0000 1.0000 0.0003 0.0032 0.0396 0.4873 1.0000 0.0001 0.0007 0.0082 0.1009 1.0000 1.0000 0.0001 0.0017 0.0209 0.2572 1.0000 1.0000 0.0004 0.0043 0.0533 0.6556 1.0000 0.0001 0.0009 0.0110 0.1363 1.0000 1.0000 0.0002 0.0023 0.0289 0.3595 1.0000 1.0000 0.0005 0.0064 0.0808 1.0000 1.0000 0.0001 0.0015 0.0190 0.2443 1.0000 1.0000 0.0003 0.0016 0.0003 1.0000 1.0000 0.2500 0.0195 0.0015 0.0001 1.0000 1.0000 0.0808 0.0064 0.0005 1.0000 1.0000 0.3595 0.0289 0.0023 0.0002 1.0000 1.0000 0.1363 0.0110 0.0009 0.0001 1.0000 0.6556 0.0533 0.0043 0.0004 1.0000 1.0000 0.2572 0.0209 0.0017 0.0001 1.0000 1.0000 0.1009 0.0082 0.0007 0.0001 1.0000 0.4873 0.0396 0.0032 0.0003 1.0000 1.0000 0.1915 0.0146
0.1919 1.0000 1.0000 0.0003 0.0034 0.0424 0.5208 1.0000 0.0001 0.0007 0.0088 0.1078 1.0000 1.0000 0.0001 0.0018 0.0223 0.2749 1.0000 1.0000 0.0004 0.0046 0.0569 0.7007 1.0000 0.0001 0.0010 0.0118 0.1451 1.0000 1.0000 0.0002 0.0025 0.0305 0.3777 1.0000 1.0000 0.0005 0.0066 0.0833 1.0000 1.0000 0.0001 0.0015 0.0192 0.2402 1.0000 1.0000 0.0004 0.0041 0.0206 0.0041 0.0004 1.0000 1.0000 0.2471 0.0197 0.0015 0.0001 1.0000 1.0000 0.0833 0.0066 0.0005 1.0000 1.0000 0.3777 0.0305 0.0025 0.0002 1.0000 1.0000 0.1451 0.0118 0.0010 0.0001 1.0000 0.7007 0.0569 0.0046 0.0004 1.0000 1.0000 0.2749 0.0223 0.0018 0.0001 1.0000 1.0000 0.1078 0.0088 0.0007 0.0001 1.0000 0.5208 0.0424 0.0034 0.0003 1.0000 1.0000 0.1919
1.0000 1.0000 0.0003 0.0036 0.0442 0.5441 1.0000 0.0001 0.0007 0.0092 0.1125 1.0000 1.0000 0.0002 0.0019 0.0233 0.2867 1.0000 1.0000 0.0004 0.0048 0.0594 0.7307 1.0000 0.0001 0.0010 0.0123 0.1513 1.0000 1.0000 0.0002 0.0026 0.0316 0.3901 1.0000 1.0000 0.0005 0.0068 0.0844 1.0000 1.0000 0.0001 0.0015 0.0192 0.2416 1.0000 1.0000 0.0004 0.0045 0.0508 0.2528 0.0506 0.0044 0.0004 1.0000 1.0000 0.2425 0.0193 0.0015 0.0001 1.0000 1.0000 0.0844 0.0068 0.0005 1.0000 1.0000 0.3901 0.0316 0.0026 0.0002 1.0000 1.0000 0.1513 0.0123 0.0010 0.0001 1.0000 0.7307 0.0594 0.0048 0.0004 1.0000 1.0000 0.2867 0.0233 0.0019 0.0002 1.0000 1.0000 0.1125 0.0092 0.0007 0.0001 1.0000 0.5441 0.0442 0.0036 0.0003 1.0000 1.0000
1.0000 0.0003 0.0034 0.0414 0.5091 1.0000 0.0001 0.0007 0.0086 0.1054 1.0000 1.0000 0.0001 0.0018 0.0218 0.2687 1.0000 1.0000 0.0004 0.0045 0.0556 0.6849 1.0000 0.0001 0.0009 0.0115 0.1418 1.0000 1.0000 0.0002 0.0024 0.0295 0.3636 1.0000 1.0000 0.0005 0.0062 0.0776 0.9663 1.0000 0.0001 0.0014 0.0174 0.2205 1.0000 1.0000 0.0003 0.0041 0.0507 0.5695 1.0000 0.5750 0.0498 0.0041 0.0003 1.0000 1.0000 0.2192 0.0174 0.0014 0.0001 1.0000 0.9663 0.0776 0.0062 0.0005 1.0000 1.0000 0.3636 0.0295 0.0024 0.0002 1.0000 1.0000 0.1418 0.0115 0.0009 0.0001 1.0000 0.6849 0.0556 0.0045 0.0004 1.0000 1.0000 0.2687 0.0218 0.0018 0.0001 1.0000 1.0000 0.1054 0.0086 0.0007 0.0001 1.0000 0.5091 0.0414 0.0034 0.0003 1.0000
0.0001 0.0014 0.0171 0.2102 1.0000 1.0000 0.0003 0.0035 0.0435 0.5359 1.0000 0.0001 0.0007 0.0090 0.1110 1.0000 1.0000 0.0002 0.0019 0.0230 0.2829 1.0000 1.0000 0.0004 0.0048 0.0586 0.7210 1.0000 0.0001 0.0010 0.0122 0.1496 1.0000 1.0000 0.0002 0.0026 0.0317 0.3931 1.0000 1.0000 0.0006 0.0070 0.0875 1.0000 1.0000 0.0001 0.0016 0.0205 0.2548 1.0000 1.0000 1.0000 0.2524 0.0203 0.0016 0.0001 1.0000 1.0000 0.0868 0.0070 0.0006 1.0000 1.0000 0.3931 0.0317 0.0026 0.0002 1.0000 1.0000 0.1496 0.0122 0.0010 0.0001 1.0000 0.7210 0.0586 0.0048 0.0004 1.0000 1.0000 0.2829 0.0230 0.0019 0.0002 1.0000 1.0000 0.1110 0.0090 0.0007 0.0001 1.0000 0.5359 0.0435 0.0035 0.0003 1.0000 1.0000 0.2102 0.0171 0.0014 0.0001
1.0000 0.0003 0.0034 0.0414 0.5091 1.0000 0.0001 0.0007 0.0086 0.1054 1.0000 1.0000 0.0001 0.0018 0.0218 0.2687 1.0000 1.0000 0.0004 0.0045 0.0556 0.6849 1.0000 0.0001 0.0009 0.0115 0.1418 1.0000 1.0000 0.0002 0.0024 0.0295 0.3636 1.0000 1.0000 0.0005 0.0062 0.0776 0.9663 1.0000 0.0001 0.0014 0.0174 0.2196 1.0000 1.0000 0.0003 0.0041 0.0505 0.5739 1.0000 0.5631 0.0507 0.0041 0.0003 1.0000 1.0000 0.2176 0.0173 0.0014 0.0001 1.0000 0.9663 0.0776 0.0062 0.0005 1.0000 1.0000 0.3636 0.0295 0.0024 0.0002 1.0000 1.0000 0.1418 0.0115 0.0009 0.0001 1.0000 0.6849 0.0556 0.0045 0.0004 1.0000 1.0000 0.2687 0.0218 0.0018 0.0001 1.0000 1.0000 0.1054 0.0086 0.0007 0.0001 1.0000 0.5091 0.0414 0.0034 0.0003 1.0000
1.0000 1.0000 0.0003 0.0036 0.0442 0.5441 1.0000 0.0001 0.0007 0.0092 0.1125 1.0000 1.0000 0.0002 0.0019 0.0233 0.2867 1.0000 1.0000 0.0004 0.0048 0.0594 0.7307 1.0000 0.0001 0.0010 0.0123 0.1513 1.0000 1.0000 0.0002 0.0026 0.0316 0.3901 1.0000 1.0000 0.0005 0.0068 0.0844 1.0000 1.0000 0.0001 0.0015 0.0193 0.2411 1.0000 1.0000 0.0004 0.0045 0.0513 0.2538 0.0503 0.0046 0.0004 1.0000 1.0000 0.2384 0.0192 0.0015 0.0001 1.0000 1.0000 0.0844 0.0068 0.0005 1.0000 1.0000 0.3901 0.0316 0.0026 0.0002 1.0000 1.0000 0.1513 0.0123 0.0010 0.0001 1.0000 0.7307 0.0594 0.0048 0.0004 1.0000 1.0000 0.2867 0.0233 0.0019 0.0002 1.0000 1.0000 0.1125 0.0092 0.0007 0.0001 1.0000 0.5441 0.0442 0.0036 0.0003 1.0000 1.0000
0.1919 1.0000 1.0000 0.0003 0.0034 0.0424 0.5208 1.0000 0.0001 0.0007 0.0088 0.1078 1.0000 1.0000 0.0001 0.0018 0.0223 0.2749 1.0000 1.0000 0.0004 0.0046 0.0569 0.7007 1.0000 0.0001 0.0010 0.0118 0.1451 1.0000 1.0000 0.0002 0.0025 0.0305 0.3777 1.0000 1.0000 0.0005 0.0066 0.0833 1.0000 1.0000 0.0001 0.0015 0.0193 0.2457 1.0000 1.0000 0.0004 0.0041 0.0207 0.0041 0.0004 1.0000 1.0000 0.2425 0.0191 0.0015 0.0001 1.0000 1.0000 0.0833 0.0066 0.0005 1.0000 1.0000 0.3777 0.0305 0.0025 0.0002 1.0000 1.0000 0.1451 0.0118 0.0010 0.0001 1.0000 0.7007 0.0569 0.0046 0.0004 1.0000 1.0000 0.2749 0.0223 0.0018 0.0001 1.0000 1.0000 0.1078 0.0088 0.0007 0.0001 1.0000 0.5208 0.0424 0.0034 0.0003 1.0000 1.0000 0.1919
0.0146 0.1915 1.0000 1.0000 0.0003 0.0032 0.0396 0.4873 1.0000 0.0001 0.0007 0.0082 0.1009 1.0000 1.0000 0.0001 0.0017 0.0209 0.2572 1.0000 1.0000 0.0004 0.0043 0.0533 0.6556 1.0000 0.0001 0.0009 0.0110 0.1363 1.0000 1.0000 0.0002 0.0023 0.0289 0.3595 1.0000 1.0000 0.0005 0.0064 0.0808 1.0000 1.0000 0.0001 0.0015 0.0191 0.2411 1.0000 1.0000 0.0003 0.0016 0.0003 1.0000 1.0000 0.2443 0.0190 0.0015 0.0001 1.0000 1.0000 0.0808 0.0064 0.0005 1.0000 1.0000 0.3595 0.0289 0.0023 0.0002 1.0000 1.0000 0.1363 0.0110 0.0009 0.0001 1.0000 0.6556 0.0533 0.0043 0.0004 1.0000 1.0000 0.2572 0.0209 0.0017 0.0001 1.0000 1.0000 0.1009 0.0082 0.0007 0.0001 1.0000 0.4873 0.0396 0.0032 0.0003 1.0000 1.0000 0.1915 0.0146
0.0011 0.0145 0.1782 1.0000 1.0000 0.0002 0.0030 0.0368 0.4533 1.0000 0.0001 0.0006 0.0076 0.0939 1.0000 1.0000 0.0001 0.0016 0.0194 0.2393 1.0000 1.0000 0.0003 0.0040 0.0495 0.6099 1.0000 0.0001 0.0008 0.0103 0.1273 1.0000 1.0000 0.0002 0.0022 0.0275 0.3428 1.0000 1.0000 0.0005 0.0062 0.0788 0.9962 1.0000 0.0001 0.0015 0.0189 0.2462 1.0000 1.0000 0.0001 1.0000 1.0000 0.2416 0.0190 0.0015 0.0001 1.0000 1.0000 0.0788 0.0062 0.0005 1.0000 1.0000 0.3428 0.0275 0.0022 0.0002 1.0000 1.0000 0.1273 0.0103 0.0008 0.0001 1.0000 0.6099 0.0495 0.0040 0.0003 1.0000 1.0000 0.2393 0.0194 0.0016 0.0001 1.0000 1.0000 0.0939 0.0076 0.0006 0.0001 1.0000 0.4533 0.0368 0.0030 0.0002 1.0000 1.0000 0.1782 0.0145 0.0011
