-23.3799 -36.4453 -43.1673 -3.2045 27.4145 -15.8806 -31.8858 -40.9222 -37.8938 15.0605 20.5505 -26.2041 -37.1461 -43.3709 0.5829 29.1563 -17.6973 -32.6004 -41.3732 -34.7237 16.9426 12.1115 -27.2711 -37.7669 -43.5088 3.4071 30.6077 -19.0974 -33.1769 -41.6930 -32.4635 17.5433 12.0642 -26.8095 -36.9817 -43.2911 -17.5947 15.7999 29.5034 31.6767 31.6628 31.6628 31.6628 31.6628 31.6628 31.6628 31.6628 31.6628 31.6628 31.6628 31.6628 31.6628 31.6628 31.6628 31.6628 31.6628 31.6628 31.6628 31.6628 31.6628 31.6628 31.6767 29.5034 15.7999 -17.5947 -43.2911 -36.9817 -26.8095 12.0642 17.5433 -32.4635 -41.6930 -33.1769 -19.0974 30.6077 3.4071 -43.5088 -37.7669 -27.2711 12.1115 16.9426 -34.7237 -41.3732 -32.6004 -17.6973 29.1563 0.5829 -43.3709 -37.1461 -26.2041 20.5505 15.0605 -37.8938 -40.9222 -31.8858 -15.8806 27.4145 -3.2045 -43.1673 -36.4453 -23.3799
-36.4453 -44.7127 -3.1047 27.1655 -15.7003 -33.8691 -42.6794 -39.0679 14.8746 24.0346 -27.5800 -39.0201 -44.8354 0.3662 28.8583 -17.7014 -34.5584 -43.1084 -35.8758 16.6935 16.2742 -28.8988 -39.6310 -44.9178 3.3058 30.4866 -19.3631 -35.1690 -43.4406 -32.9188 17.7192 13.1717 -28.9644 -39.3476 -44.8831 -6.0541 22.2258 17.9262 -19.9279 -23.1766 -23.3487 -23.3542 -23.3543 -23.3543 -23.3543 -23.3543 -23.3543 -23.3543 -23.3543 -23.3543 -23.3543 -23.3543 -23.3543 -23.3543 -23.3543 -23.3543 -23.3543 -23.3543 -23.3543 -23.3542 -23.3487 -23.1766 -19.9279 17.9262 22.2258 -6.0541 -44.8831 -39.3476 -28.9644 13.1717 17.7192 -32.9188 -43.4406 -35.1690 -19.3631 30.4866 3.3058 -44.9178 -39.6310 -28.8988 16.2742 16.6935 -35.8758 -43.1084 -34.5584 -17.7014 28.8583 0.3662 -44.8354 -39.0201 -27.5800 24.0346 14.8746 -39.0679 -42.6794 -33.8691 -15.7003 27.1655 -3.1047 -44.7127 -36.4453
-43.1673 -3.1047 26.8789 -15.1287 -33.6476 -42.5124 -40.0246 14.1634 26.4047 -27.0473 -38.7632 -44.7832 -1.0996 28.1174 -16.8891 -34.2690 -42.9345 -37.3209 15.9136 19.7930 -28.3494 -39.3795 -44.8888 2.1554 29.8268 -18.6923 -34.9112 -43.2989 -34.2903 17.2093 14.9556 -28.8348 -39.3937 -44.8669 -2.3713 25.3543 -6.3417 -28.3762 -34.6876 -36.4895 -36.6070 -36.6109 -36.6109 -36.6109 -36.6109 -36.6109 -36.6109 -36.6109 -36.6109 -36.6109 -36.6109 -36.6109 -36.6109 -36.6109 -36.6109 -36.6109 -36.6109 -36.6109 -36.6109 -36.6109 -36.6070 -36.4895 -34.6876 -28.3762 -6.3417 25.3543 -2.3713 -44.8669 -39.3937 -28.8348 14.9556 17.2093 -34.2903 -43.2989 -34.9112 -18.6923 29.8268 2.1554 -44.8888 -39.3795 -28.3494 19.7930 15.9136 -37.3209 -42.9345 -34.2690 -16.8891 28.1174 -1.0996 -44.7832 -38.7632 -27.0473 26.4047 14.1634 -40.0246 -42.5124 -33.6476 -15.1287 26.8789 -3.1047 -43.1673
-3.2045 27.1655 -15.1287 -33.5618 -42.4103 -40.6643 13.5880 28.1454 -26.5532 -38.5160 -44.7297 -2.6990 27.3861 -16.0260 -33.9790 -42.7542 -38.5996 15.1597 22.9027 -27.8022 -39.1244 -44.8494 0.8879 29.1214 -17.9658 -34.6425 -43.1492 -35.6864 16.6216 17.3470 -28.5664 -39.3389 -44.8596 -0.9477 26.8060 -12.2849 -31.3527 -39.2289 -44.1791 -45.3520 -45.3582 -45.3540 -45.3537 -45.3537 -45.3537 -45.3537 -45.3537 -45.3537 -45.3537 -45.3537 -45.3537 -45.3537 -45.3537 -45.3537 -45.3537 -45.3537 -45.3537 -45.3537 -45.3537 -45.3540 -45.3582 -45.3520 -44.1791 -39.2289 -31.3527 -12.2849 26.8060 -0.9477 -44.8596 -39.3389 -28.5664 17.3470 16.6216 -35.6864 -43.1492 -34.6425 -17.9658 29.1214 0.8879 -44.8494 -39.1244 -27.8022 22.9027 15.1597 -38.5996 -42.7542 -33.9790 -16.0260 27.3861 -2.6990 -44.7297 -38.5160 -26.5532 28.1454 13.5880 -40.6643 -42.4103 -33.5618 -15.1287 27.1655 -3.2045
27.4145 -15.7003 -33.6476 -42.4103 -40.8884 13.2541 29.1919 -26.1560 -38.3002 -44.6741 -4.3474 26.6859 -15.1278 -33.6941 -42.5701 -39.7083 14.4137 25.5486 -27.2561 -38.8648 -44.8036 -0.5117 28.3959 -17.1849 -34.3640 -42.9876 -37.0254 15.9787 20.0031 -28.2028 -39.2154 -44.8469 -0.5956 27.4585 -14.4146 -32.5396 -41.0288 -45.4858 -33.0898 -12.0673 -10.2963 -10.2520 -10.2520 -10.2520 -10.2520 -10.2520 -10.2520 -10.2520 -10.2520 -10.2520 -10.2520 -10.2520 -10.2520 -10.2520 -10.2520 -10.2520 -10.2520 -10.2520 -10.2520 -10.2520 -10.2963 -12.0673 -33.0898 -45.4858 -41.0288 -32.5396 -14.4146 27.4585 -0.5956 -44.8469 -39.2154 -28.2028 20.0031 15.9787 -37.0254 -42.9876 -34.3640 -17.1849 28.3959 -0.5117 -44.8036 -38.8648 -27.2561 25.5486 14.4137 -39.7083 -42.5701 -33.6941 -15.1278 26.6859 -4.3474 -44.6741 -38.3002 -26.1560 29.1919 13.2541 -40.8884 -42.4103 -33.6476 -15.7003 27.4145
-15.8806 -33.8691 -42.5124 -40.6643 13.2541 29.5334 -25.9322 -38.1498 -44.6235 -5.8827 26.0639 -14.2349 -33.4252 -42.3885 -40.6474 13.6883 27.7076 -26.7112 -38.6037 -44.7518 -2.0726 27.6618 -16.3507 -34.0808 -42.8165 -38.2634 15.3054 22.6335 -27.7768 -39.0469 -44.8256 -0.8697 27.6240 -15.2492 -33.1323 -41.8012 -44.5967 -1.0472 17.4488 24.5613 25.2912 25.3076 25.3078 25.3078 25.3078 25.3078 25.3078 25.3078 25.3078 25.3078 25.3078 25.3078 25.3078 25.3078 25.3078 25.3078 25.3078 25.3078 25.3078 25.3076 25.2912 24.5613 17.4488 -1.0472 -44.5967 -41.8012 -33.1323 -15.2492 27.6240 -0.8697 -44.8256 -39.0469 -27.7768 22.6335 15.3054 -38.2634 -42.8165 -34.0808 -16.3507 27.6618 -2.0726 -44.7518 -38.6037 -26.7112 27.7076 13.6883 -40.6474 -42.3885 -33.4252 -14.2349 26.0639 -5.8827 -44.6235 -38.1498 -25.9322 29.5334 13.2541 -40.6643 -42.5124 -33.8691 -15.8806
-31.8858 -42.6794 -40.0246 13.5880 29.1919 -25.9322 -38.0956 -44.5939 -7.0244 25.5834 -13.4350 -33.1889 -42.2180 -41.4130 13.0024 29.3748 -26.1797 -38.3453 -44.6929 -3.8189 26.9235 -15.4531 -33.7945 -42.6373 -39.3820 14.6096 25.0705 -27.3133 -38.8478 -44.7944 -1.5766 27.4857 -15.4406 -33.3992 -42.1445 -43.5759 6.5461 27.5469 9.2968 -14.5156 -15.4948 -15.5209 -15.5215 -15.5215 -15.5215 -15.5215 -15.5215 -15.5215 -15.5215 -15.5215 -15.5215 -15.5215 -15.5215 -15.5215 -15.5215 -15.5215 -15.5215 -15.5215 -15.5215 -15.5209 -15.4948 -14.5156 9.2968 27.5469 6.5461 -43.5759 -42.1445 -33.3992 -15.4406 27.4857 -1.5766 -44.7944 -38.8478 -27.3133 25.0705 14.6096 -39.3820 -42.6373 -33.7945 -15.4531 26.9235 -3.8189 -44.6929 -38.3453 -26.1797 29.3748 13.0024 -41.4130 -42.2180 -33.1889 -13.4350 25.5834 -7.0244 -44.5939 -38.0956 -25.9322 29.1919 13.5880 -40.0246 -42.6794 -31.8858
-40.9222 -39.0679 14.1634 28.1454 -26.1560 -38.1498 -44.5939 -7.4484 25.3176 -12.8616 -33.0089 -42.0749 -41.9931 12.3811 30.5858 -25.6794 -38.0947 -44.6282 -5.7333 26.1886 -14.4767 -33.5070 -42.4506 -40.3739 13.8980 27.2048 -26.8203 -38.6275 -44.7527 -2.6296 27.1482 -15.2485 -33.4718 -42.2782 -42.6782 9.4501 32.0585 -16.1169 -29.2463 -32.5224 -32.8561 -32.8671 -32.8672 -32.8672 -32.8672 -32.8672 -32.8672 -32.8672 -32.8672 -32.8672 -32.8672 -32.8672 -32.8672 -32.8672 -32.8672 -32.8672 -32.8672 -32.8672 -32.8672 -32.8671 -32.8561 -32.5224 -29.2463 -16.1169 32.0585 9.4501 -42.6782 -42.2782 -33.4718 -15.2485 27.1482 -2.6296 -44.7527 -38.6275 -26.8203 27.2048 13.8980 -40.3739 -42.4506 -33.5070 -14.4767 26.1886 -5.7333 -44.6282 -38.0947 -25.6794 30.5858 12.3811 -41.9931 -42.0749 -33.0089 -12.8616 25.3176 -7.4484 -44.5939 -38.1498 -26.1560 28.1454 14.1634 -39.0679 -40.9222
-37.8938 14.8746 26.4047 -26.5532 -38.3002 -44.6235 -7.0244 25.3176 -12.6486 -32.9093 -41.9768 -42.3832 11.8743 31.3958 -25.2293 -37.8634 -44.5612 -7.7369 25.4831 -13.4350 -33.2220 -42.2588 -41.2333 13.1817 28.9787 -26.3084 -38.3924 -44.7012 -3.9903 26.6717 -14.7931 -33.4222 -42.2967 -42.1654 10.8495 32.9908 -20.7599 -33.5336 -40.0195 -42.8045 -43.0705 -43.0724 -43.0723 -43.0723 -43.0723 -43.0723 -43.0723 -43.0723 -43.0723 -43.0723 -43.0723 -43.0723 -43.0723 -43.0723 -43.0723 -43.0723 -43.0723 -43.0723 -43.0723 -43.0724 -43.0705 -42.8045 -40.0195 -33.5336 -20.7599 32.9908 10.8495 -42.1654 -42.2967 -33.4222 -14.7931 26.6717 -3.9903 -44.7012 -38.3924 -26.3084 28.9787 13.1817 -41.2333 -42.2588 -33.2220 -13.4350 25.4831 -7.7369 -44.5612 -37.8634 -25.2293 31.3958 11.8743 -42.3832 -41.9768 -32.9093 -12.6486 25.3176 -7.0244 -44.6235 -38.3002 -26.5532 26.4047 14.8746 -37.8938
15.0605 24.0346 -27.0473 -38.5160 -44.6741 -5.8827 25.5834 -12.8616 -32.9093 -41.9417 -42.5798 11.5388 31.8703 -24.8635 -37.6665 -44.4950 -9.7231 24.8348 -12.3601 -32.9453 -42.0653 -41.9639 12.4696 30.3732 -25.7892 -38.1448 -44.6429 -5.6430 26.1079 -14.1312 -33.2926 -42.2427 -42.0289 11.4780 32.7158 -22.7406 -35.4125 -42.8809 -45.8285 -40.7371 -38.6454 -38.5484 -38.5474 -38.5474 -38.5474 -38.5474 -38.5474 -38.5474 -38.5474 -38.5474 -38.5474 -38.5474 -38.5474 -38.5474 -38.5474 -38.5474 -38.5474 -38.5474 -38.5474 -38.5484 -38.6454 -40.7371 -45.8285 -42.8809 -35.4125 -22.7406 32.7158 11.4780 -42.0289 -42.2427 -33.2926 -14.1312 26.1079 -5.6430 -44.6429 -38.1448 -25.7892 30.3732 12.4696 -41.9639 -42.0653 -32.9453 -12.3601 24.8348 -9.7231 -44.4950 -37.6665 -24.8635 31.8703 11.5388 -42.5798 -41.9417 -32.9093 -12.8616 25.5834 -5.8827 -44.6741 -38.5160 -27.0473 24.0346 15.0605
20.5505 -27.5800 -38.7632 -44.7297 -4.3474 26.0639 -13.4350 -33.0089 -41.9768 -42.5798 11.4208 32.0830 -24.6260 -37.5196 -44.4377 -11.5263 24.2657 -11.2894 -32.6884 -41.8777 -42.5655 11.7712 31.4106 -25.2669 -37.8926 -44.5759 -7.5478 25.4888 -13.2956 -33.1095 -42.1389 -42.1609 11.6422 32.3570 -23.6922 -36.3573 -43.8092 -40.8630 3.9089 14.4584 16.1667 16.2124 16.2130 16.2130 16.2130 16.2130 16.2130 16.2130 16.2130 16.2130 16.2130 16.2130 16.2130 16.2130 16.2130 16.2130 16.2130 16.2130 16.2130 16.2124 16.1667 14.4584 3.9089 -40.8630 -43.8092 -36.3573 -23.6922 32.3570 11.6422 -42.1609 -42.1389 -33.1095 -13.2956 25.4888 -7.5478 -44.5759 -37.8926 -25.2669 31.4106 11.7712 -42.5655 -41.8777 -32.6884 -11.2894 24.2657 -11.5263 -44.4377 -37.5196 -24.6260 32.0830 11.4208 -42.5798 -41.9768 -33.0089 -13.4350 26.0639 -4.3474 -44.7297 -38.7632 -27.5800 20.5505
-26.2041 -39.0201 -44.7832 -2.6990 26.6859 -14.2349 -33.1889 -42.0749 -42.3832 11.5388 32.0830 -24.5449 -37.4404 -44.3986 -12.9075 23.8185 -10.3084 -32.4650 -41.7068 -43.0441 11.1061 32.1264 -24.7526 -37.6419 -44.4992 -9.6842 24.8410 -12.2996 -32.8888 -42.0027 -42.4524 11.5036 32.2454 -24.0990 -36.8326 -44.1371 -33.3863 12.7859 30.4251 21.2900 10.9064 10.5454 10.5420 10.5420 10.5420 10.5420 10.5420 10.5420 10.5420 10.5420 10.5420 10.5420 10.5420 10.5420 10.5420 10.5420 10.5420 10.5420 10.5420 10.5454 10.9064 21.2900 30.4251 12.7859 -33.3863 -44.1371 -36.8326 -24.0990 32.2454 11.5036 -42.4524 -42.0027 -32.8888 -12.2996 24.8410 -9.6842 -44.4992 -37.6419 -24.7526 32.1264 11.1061 -43.0441 -41.7068 -32.4650 -10.3084 23.8185 -12.9075 -44.3986 -37.4404 -24.5449 32.0830 11.5388 -42.3832 -42.0749 -33.1889 -14.2349 26.6859 -2.6990 -44.7832 -39.0201 -26.2041
-37.1461 -44.8354 -1.0996 27.3861 -15.1278 -33.4252 -42.2180 -41.9931 11.8743 31.8703 -24.6260 -37.4404 -44.3840 -13.6459 23.5304 -9.5385 -32.2895 -41.5633 -43.4029 10.5034 32.5685 -24.2657 -37.4005 -44.4186 -11.9907 24.1853 -11.1650 -32.6471 -41.8430 -42.8208 11.1700 32.3552 -24.1772 -37.0420 -44.2581 -26.8345 16.8882 30.2113 -19.9152 -27.5212 -28.6364 -28.6825 -28.6831 -28.6831 -28.6831 -28.6831 -28.6831 -28.6831 -28.6831 -28.6831 -28.6831 -28.6831 -28.6831 -28.6831 -28.6831 -28.6831 -28.6831 -28.6831 -28.6831 -28.6825 -28.6364 -27.5212 -19.9152 30.2113 16.8882 -26.8345 -44.2581 -37.0420 -24.1772 32.3552 11.1700 -42.8208 -41.8430 -32.6471 -11.1650 24.1853 -11.9907 -44.4186 -37.4005 -24.2657 32.5685 10.5034 -43.4029 -41.5633 -32.2895 -9.5385 23.5304 -13.6459 -44.3840 -37.4404 -24.6260 31.8703 11.8743 -41.9931 -42.2180 -33.4252 -15.1278 27.3861 -1.0996 -44.8354 -37.1461
-43.3709 0.3662 28.1174 -16.0260 -33.6941 -42.3885 -41.4130 12.3811 31.3958 -24.8635 -37.5196 -44.3986 -13.6459 23.4278 -9.1056 -32.1748 -41.4561 -43.6514 9.9955 32.8045 -23.8279 -37.1766 -44.3376 -14.3293 23.5468 -9.9005 -32.3970 -41.6678 -43.2047 10.7092 32.5678 -24.0512 -37.0889 -44.2892 -22.6977 19.3215 16.6579 -25.8724 -34.9042 -39.1215 -39.8911 -39.9171 -39.9175 -39.9175 -39.9175 -39.9175 -39.9175 -39.9175 -39.9175 -39.9175 -39.9175 -39.9175 -39.9175 -39.9175 -39.9175 -39.9175 -39.9175 -39.9175 -39.9175 -39.9171 -39.8911 -39.1215 -34.9042 -25.8724 16.6579 19.3215 -22.6977 -44.2892 -37.0889 -24.0512 32.5678 10.7092 -43.2047 -41.6678 -32.3970 -9.9005 23.5468 -14.3293 -44.3376 -37.1766 -23.8279 32.8045 9.9955 -43.6514 -41.4561 -32.1748 -9.1056 23.4278 -13.6459 -44.3986 -37.5196 -24.8635 31.3958 12.3811 -41.4130 -42.3885 -33.6941 -16.0260 28.1174 0.3662 -43.3709
0.5829 28.8583 -16.8891 -33.9790 -42.5701 -40.6474 13.0024 30.5858 -25.2293 -37.6665 -44.4377 -12.9075 23.5304 -9.1056 -32.1340 -41.3989 -43.7969 9.6256 32.9044 -23.4631 -36.9833 -44.2595 -16.5355 22.9522 -8.5248 -32.1478 -41.4870 -43.5622 10.1612 32.7765 -23.7893 -37.0333 -44.2741 -20.7292 20.6879 5.5913 -28.6463 -37.8659 -44.0886 -46.1130 -45.9130 -45.8395 -45.8367 -45.8367 -45.8367 -45.8367 -45.8367 -45.8367 -45.8367 -45.8367 -45.8367 -45.8367 -45.8367 -45.8367 -45.8367 -45.8367 -45.8367 -45.8367 -45.8367 -45.8395 -45.9130 -46.1130 -44.0886 -37.8659 -28.6463 5.5913 20.6879 -20.7292 -44.2741 -37.0333 -23.7893 32.7765 10.1612 -43.5622 -41.4870 -32.1478 -8.5248 22.9522 -16.5355 -44.2595 -36.9833 -23.4631 32.9044 9.6256 -43.7969 -41.3989 -32.1340 -9.1056 23.5304 -12.9075 -44.4377 -37.6665 -25.2293 30.5858 13.0024 -40.6474 -42.5701 -33.9790 -16.8891 28.8583 0.5829
29.1563 -17.7014 -34.2690 -42.7542 -39.7083 13.6883 29.3748 -25.6794 -37.8634 -44.4950 -11.5263 23.8185 -9.5385 -32.1748 -41.3989 -43.8439 9.4307 32.9333 -23.1984 -36.8341 -44.1927 -18.4618 22.4224 -7.1136 -31.9102 -41.3069 -43.8728 9.5654 32.9095 -23.4379 -36.9128 -44.2333 -20.2597 21.2702 0.4591 -30.0629 -39.2449 -45.0274 -33.6841 2.3346 6.5501 6.7222 6.7246 6.7246 6.7246 6.7246 6.7246 6.7246 6.7246 6.7246 6.7246 6.7246 6.7246 6.7246 6.7246 6.7246 6.7246 6.7246 6.7246 6.7222 6.5501 2.3346 -33.6841 -45.0274 -39.2449 -30.0629 0.4591 21.2702 -20.2597 -44.2333 -36.9128 -23.4379 32.9095 9.5654 -43.8728 -41.3069 -31.9102 -7.1136 22.4224 -18.4618 -44.1927 -36.8341 -23.1984 32.9333 9.4307 -43.8439 -41.3989 -32.1748 -9.5385 23.8185 -11.5263 -44.4950 -37.8634 -25.6794 29.3748 13.6883 -39.7083 -42.7542 -34.2690 -17.7014 29.1563
-17.6973 -34.5584 -42.9345 -38.5996 14.4137 27.7076 -26.1797 -38.0947 -44.5612 -9.7231 24.2657 -10.3084 -32.2895 -41.4561 -43.7969 9.4307 32.9372 -23.0576 -36.7369 -44.1435 -19.9497 21.9899 -5.7596 -31.6970 -41.1387 -44.1258 8.9609 32.9388 -23.0396 -36.7521 -44.1742 -20.7578 21.3888 -1.5200 -30.6773 -39.9306 -45.0033 -11.0198 16.8972 29.8005 32.1893 32.2219 32.2225 32.2225 32.2225 32.2225 32.2225 32.2225 32.2225 32.2225 32.2225 32.2225 32.2225 32.2225 32.2225 32.2225 32.2225 32.2225 32.2225 32.2219 32.1893 29.8005 16.8972 -11.0198 -45.0033 -39.9306 -30.6773 -1.5200 21.3888 -20.7578 -44.1742 -36.7521 -23.0396 32.9388 8.9609 -44.1258 -41.1387 -31.6970 -5.7596 21.9899 -19.9497 -44.1435 -36.7369 -23.0576 32.9372 9.4307 -43.7969 -41.4561 -32.2895 -10.3084 24.2657 -9.7231 -44.5612 -38.0947 -26.1797 27.7076 14.4137 -38.5996 -42.9345 -34.5584 -17.6973
-32.6004 -43.1084 -37.3209 15.1597 25.5486 -26.7112 -38.3453 -44.6282 -7.7369 24.8348 -11.2894 -32.4650 -41.5633 -43.6514 9.6256 32.9333 -23.0576 -36.7027 -44.1156 -20.8829 21.6837 -4.6062 -31.5227 -40.9925 -44.3175 8.3849 32.8717 -22.6266 -36.5713 -44.1023 -21.8805 21.2684 -1.9484 -30.9014 -40.2683 -44.9207 -1.2496 23.7086 13.6476 -19.9759 -22.7773 -22.9135 -22.9157 -22.9157 -22.9157 -22.9157 -22.9157 -22.9157 -22.9157 -22.9157 -22.9157 -22.9157 -22.9157 -22.9157 -22.9157 -22.9157 -22.9157 -22.9157 -22.9157 -22.9135 -22.7773 -19.9759 13.6476 23.7086 -1.2496 -44.9207 -40.2683 -30.9014 -1.9484 21.2684 -21.8805 -44.1023 -36.5713 -22.6266 32.8717 8.3849 -44.3175 -40.9925 -31.5227 -4.6062 21.6837 -20.8829 -44.1156 -36.7027 -23.0576 32.9333 9.6256 -43.6514 -41.5633 -32.4650 -11.2894 24.8348 -7.7369 -44.6282 -38.3453 -26.7112 25.5486 15.1597 -37.3209 -43.1084 -32.6004
-41.3732 -35.8758 15.9136 22.9027 -27.2561 -38.6037 -44.6929 -5.7333 25.4831 -12.3601 -32.6884 -41.7068 -43.4029 9.9955 32.9044 -23.1984 -36.7369 -44.1156 -21.2052 21.5243 -3.8299 -31.3970 -40.8780 -44.4519 7.8733 32.7408 -22.2276 -36.3885 -44.0222 -23.3180 20.9955 -1.4759 -30.9635 -40.4121 -44.8751 2.3282 27.4939 -10.2767 -28.9380 -34.7348 -36.2604 -36.3480 -36.3498 -36.3498 -36.3498 -36.3498 -36.3498 -36.3498 -36.3498 -36.3498 -36.3498 -36.3498 -36.3498 -36.3498 -36.3498 -36.3498 -36.3498 -36.3498 -36.3498 -36.3480 -36.2604 -34.7348 -28.9380 -10.2767 27.4939 2.3282 -44.8751 -40.4121 -30.9635 -1.4759 20.9955 -23.3180 -44.0222 -36.3885 -22.2276 32.7408 7.8733 -44.4519 -40.8780 -31.3970 -3.8299 21.5243 -21.2052 -44.1156 -36.7369 -23.1984 32.9044 9.9955 -43.4029 -41.7068 -32.6884 -12.3601 25.4831 -5.7333 -44.6929 -38.6037 -27.2561 22.9027 15.9136 -35.8758 -41.3732
-34.7237 16.6935 19.7930 -27.8022 -38.8648 -44.7518 -3.8189 26.1886 -13.4350 -32.9453 -41.8777 -43.0441 10.5034 32.8045 -23.4631 -36.8341 -44.1435 -20.8829 21.5243 -3.5582 -31.3303 -40.8049 -44.5357 7.4637 32.5853 -21.8743 -36.2211 -43.9400 -24.8111 20.6508 -0.4063 -30.9278 -40.4415 -44.8433 3.9256 29.3981 -15.5506 -32.0772 -39.6809 -44.2606 -45.2387 -45.2386 -45.2344 -45.2344 -45.2344 -45.2344 -45.2344 -45.2344 -45.2344 -45.2344 -45.2344 -45.2344 -45.2344 -45.2344 -45.2344 -45.2344 -45.2344 -45.2344 -45.2344 -45.2386 -45.2387 -44.2606 -39.6809 -32.0772 -15.5506 29.3981 3.9256 -44.8433 -40.4415 -30.9278 -0.4063 20.6508 -24.8111 -43.9400 -36.2211 -21.8743 32.5853 7.4637 -44.5357 -40.8049 -31.3303 -3.5582 21.5243 -20.8829 -44.1435 -36.8341 -23.4631 32.8045 10.5034 -43.0441 -41.8777 -32.9453 -13.4350 26.1886 -3.8189 -44.7518 -38.8648 -27.8022 19.7930 16.6935 -34.7237
16.9426 16.2742 -28.3494 -39.1244 -44.8036 -2.0726 26.9235 -14.4767 -33.2220 -42.0653 -42.5655 11.1061 32.5685 -23.8279 -36.9833 -44.1927 -19.9497 21.6837 -3.8299 -31.3303 -40.7793 -44.5751 7.1994 32.4505 -21.5948 -36.0803 -43.8673 -26.1724 20.2822 1.0001 -30.8347 -40.4015 -44.8331 4.6255 30.3559 -17.6740 -33.4740 -41.6669 -45.5363 -31.7407 -13.8307 -12.5201 -12.5003 -12.5002 -12.5002 -12.5002 -12.5002 -12.5002 -12.5002 -12.5002 -12.5002 -12.5002 -12.5002 -12.5002 -12.5002 -12.5002 -12.5002 -12.5002 -12.5003 -12.5201 -13.8307 -31.7407 -45.5363 -41.6669 -33.4740 -17.6740 30.3559 4.6255 -44.8331 -40.4015 -30.8347 1.0001 20.2822 -26.1724 -43.8673 -36.0803 -21.5948 32.4505 7.1994 -44.5751 -40.7793 -31.3303 -3.8299 21.6837 -19.9497 -44.1927 -36.9833 -23.8279 32.5685 11.1061 -42.5655 -42.0653 -33.2220 -14.4767 26.9235 -2.0726 -44.8036 -39.1244 -28.3494 16.2742 16.9426
12.1115 -28.8988 -39.3795 -44.8494 -0.5117 27.6618 -15.4531 -33.5070 -42.2588 -41.9639 11.7712 32.1264 -24.2657 -37.1766 -44.2595 -18.4618 21.9899 -4.6062 -31.3970 -40.8049 -44.5751 7.1096 32.3737 -21.4132 -35.9772 -43.8089 -27.3022 19.9128 2.4889 -30.7029 -40.3274 -44.8426 4.8395 30.7802 -18.6787 -34.2268 -42.5227 -43.8386 1.8596 18.1889 24.1453 24.6410 24.6524 24.6523 24.6523 24.6523 24.6523 24.6523 24.6523 24.6523 24.6523 24.6523 24.6523 24.6523 24.6523 24.6523 24.6523 24.6523 24.6524 24.6410 24.1453 18.1889 1.8596 -43.8386 -42.5227 -34.2268 -18.6787 30.7802 4.8395 -44.8426 -40.3274 -30.7029 2.4889 19.9128 -27.3022 -43.8089 -35.9772 -21.4132 32.3737 7.1096 -44.5751 -40.8049 -31.3970 -4.6062 21.9899 -18.4618 -44.2595 -37.1766 -24.2657 32.1264 11.7712 -41.9639 -42.2588 -33.5070 -15.4531 27.6618 -0.5117 -44.8494 -39.3795 -28.8988 12.1115
-27.2711 -39.6310 -44.8888 0.8879 28.3959 -16.3507 -33.7945 -42.4506 -41.2333 12.4696 31.4106 -24.7526 -37.4005 -44.3376 -16.5355 22.4224 -5.7596 -31.5227 -40.8780 -44.5357 7.1994 32.3737 -21.3495 -35.9226 -43.7694 -28.1057 19.5985 3.8605 -30.5188 -40.2421 -44.8606 4.7861 30.9151 -19.1372 -34.6314 -42.9242 -41.5658 9.0536 29.4085 4.7959 -14.0340 -14.6975 -14.7167 -14.7168 -14.7168 -14.7168 -14.7168 -14.7168 -14.7168 -14.7168 -14.7168 -14.7168 -14.7168 -14.7168 -14.7168 -14.7168 -14.7168 -14.7168 -14.7167 -14.6975 -14.0340 4.7959 29.4085 9.0536 -41.5658 -42.9242 -34.6314 -19.1372 30.9151 4.7861 -44.8606 -40.2421 -30.5188 3.8605 19.5985 -28.1057 -43.7694 -35.9226 -21.3495 32.3737 7.1994 -44.5357 -40.8780 -31.5227 -5.7596 22.4224 -16.5355 -44.3376 -37.4005 -24.7526 31.4106 12.4696 -41.2333 -42.4506 -33.7945 -16.3507 28.3959 0.8879 -44.8888 -39.6310 -27.2711
-37.7669 -44.9178 2.1554 29.1214 -17.1849 -34.0808 -42.6373 -40.3739 13.1817 30.3732 -25.2669 -37.6419 -44.4186 -14.3293 22.9522 -7.1136 -31.6970 -40.9925 -44.4519 7.4637 32.4505 -21.4132 -35.9226 -43.7561 -28.5159 19.3944 4.9189 -30.3323 -40.1603 -44.8782 4.6013 30.8996 -19.3040 -34.8351 -43.1184 -39.3865 12.1995 33.0133 -18.2453 -29.7604 -32.3606 -32.5865 -32.5939 -32.5940 -32.5940 -32.5940 -32.5940 -32.5940 -32.5940 -32.5940 -32.5940 -32.5940 -32.5940 -32.5940 -32.5940 -32.5940 -32.5940 -32.5940 -32.5939 -32.5865 -32.3606 -29.7604 -18.2453 33.0133 12.1995 -39.3865 -43.1184 -34.8351 -19.3040 30.8996 4.6013 -44.8782 -40.1603 -30.3323 4.9189 19.3944 -28.5159 -43.7561 -35.9226 -21.4132 32.4505 7.4637 -44.4519 -40.9925 -31.6970 -7.1136 22.9522 -14.3293 -44.4186 -37.6419 -25.2669 30.3732 13.1817 -40.3739 -42.6373 -34.0808 -17.1849 29.1214 2.1554 -44.9178 -37.7669
-43.5088 3.3058 29.8268 -17.9658 -34.3640 -42.8165 -39.3820 13.8980 28.9787 -25.7892 -37.8926 -44.4992 -11.9907 23.5468 -8.5248 -31.9102 -41.1387 -44.3175 7.8733 32.5853 -21.5948 -35.9772 -43.7694 -28.5159 19.3230 5.4866 -30.2135 -40.0991 -44.8913 4.3781 30.8117 -19.3120 -34.9223 -43.2054 -37.7869 13.9529 31.3981 -22.8782 -34.3273 -40.4005 -42.6932 -42.8664 -42.8655 -42.8656 -42.8656 -42.8656 -42.8656 -42.8656 -42.8656 -42.8656 -42.8656 -42.8656 -42.8656 -42.8656 -42.8656 -42.8656 -42.8656 -42.8656 -42.8655 -42.8664 -42.6932 -40.4005 -34.3273 -22.8782 31.3981 13.9529 -37.7869 -43.2054 -34.9223 -19.3120 30.8117 4.3781 -44.8913 -40.0991 -30.2135 5.4866 19.3230 -28.5159 -43.7694 -35.9772 -21.5948 32.5853 7.8733 -44.3175 -41.1387 -31.9102 -8.5248 23.5468 -11.9907 -44.4992 -37.8926 -25.7892 28.9787 13.8980 -39.3820 -42.8165 -34.3640 -17.9658 29.8268 3.3058 -43.5088
3.4071 30.4866 -18.6923 -34.6425 -42.9876 -38.2634 14.6096 27.2048 -26.3084 -38.1448 -44.5759 -9.6842 24.1853 -9.9005 -32.1478 -41.3069 -44.1258 8.3849 32.7408 -21.8743 -36.0803 -43.8089 -28.1057 19.3944 5.4866 -30.1724 -40.0669 -44.8987 4.1877 30.7088 -19.2505 -34.9454 -43.2367 -36.7991 14.9713 28.1851 -25.0688 -36.4341 -43.4934 -45.7399 -41.0597 -39.7523 -39.6868 -39.6855 -39.6855 -39.6855 -39.6855 -39.6855 -39.6855 -39.6855 -39.6855 -39.6855 -39.6855 -39.6855 -39.6855 -39.6855 -39.6855 -39.6855 -39.6868 -39.7523 -41.0597 -45.7399 -43.4934 -36.4341 -25.0688 28.1851 14.9713 -36.7991 -43.2367 -34.9454 -19.2505 30.7088 4.1877 -44.8987 -40.0669 -30.1724 5.4866 19.3944 -28.1057 -43.8089 -36.0803 -21.8743 32.7408 8.3849 -44.1258 -41.3069 -32.1478 -9.9005 24.1853 -9.6842 -44.5759 -38.1448 -26.3084 27.2048 14.6096 -38.2634 -42.9876 -34.6425 -18.6923 30.4866 3.4071
30.6077 -19.3631 -34.9112 -43.1492 -37.0254 15.3054 25.0705 -26.8203 -38.3924 -44.6429 -7.5478 24.8410 -11.1650 -32.3970 -41.4870 -43.8728 8.9609 32.8717 -22.2276 -36.2211 -43.8673 -27.3022 19.5985 4.9189 -30.2135 -40.0669 -44.9009 4.0789 30.6316 -19.1781 -34.9395 -43.2410 -36.2854 15.5463 25.3319 -26.2790 -37.5351 -44.3714 -37.5665 5.7167 14.3280 15.4352 15.4630 15.4635 15.4635 15.4635 15.4635 15.4635 15.4635 15.4635 15.4635 15.4635 15.4635 15.4635 15.4635 15.4635 15.4635 15.4635 15.4630 15.4352 14.3280 5.7167 -37.5665 -44.3714 -37.5351 -26.2790 25.3319 15.5463 -36.2854 -43.2410 -34.9395 -19.1781 30.6316 4.0789 -44.9009 -40.0669 -30.2135 4.9189 19.5985 -27.3022 -43.8673 -36.2211 -22.2276 32.8717 8.9609 -43.8728 -41.4870 -32.3970 -11.1650 24.8410 -7.5478 -44.6429 -38.3924 -26.8203 25.0705 15.3054 -37.0254 -43.1492 -34.9112 -19.3631 30.6077
-19.0974 -35.1690 -43.2989 -35.6864 15.9787 22.6335 -27.3133 -38.6275 -44.7012 -5.6430 25.4888 -12.2996 -32.6471 -41.6678 -43.5622 9.5654 32.9388 -22.6266 -36.3885 -43.9400 -26.1724 19.9128 3.8605 -30.3323 -40.0991 -44.8987 4.0789 30.6019 -19.1337 -34.9266 -43.2359 -36.0561 15.8476 23.3747 -26.9706 -38.1488 -44.6270 -24.7270 15.0606 31.5728 21.4772 14.9587 14.7706 14.7684 14.7684 14.7684 14.7684 14.7684 14.7684 14.7684 14.7684 14.7684 14.7684 14.7684 14.7684 14.7684 14.7684 14.7684 14.7706 14.9587 21.4772 31.5728 15.0606 -24.7270 -44.6270 -38.1488 -26.9706 23.3747 15.8476 -36.0561 -43.2359 -34.9266 -19.1337 30.6019 4.0789 -44.8987 -40.0991 -30.3323 3.8605 19.9128 -26.1724 -43.9400 -36.3885 -22.6266 32.9388 9.5654 -43.5622 -41.6678 -32.6471 -12.2996 25.4888 -5.6430 -44.7012 -38.6275 -27.3133 22.6335 15.9787 -35.6864 -43.2989 -35.1690 -19.0974
-33.1769 -43.4406 -34.2903 16.6216 20.0031 -27.7768 -38.8478 -44.7527 -3.9903 26.1079 -13.2956 -32.8888 -41.8430 -43.2047 10.1612 32.9095 -23.0396 -36.5713 -44.0222 -24.8111 20.2822 2.4889 -30.5188 -40.1603 -44.8913 4.1877 30.6316 -19.1337 -34.9200 -43.2312 -35.9701 15.9917 22.2277 -27.3553 -38.4964 -44.7132 -14.5108 20.0049 23.2119 -21.3690 -27.3863 -28.1093 -28.1321 -28.1323 -28.1323 -28.1323 -28.1323 -28.1323 -28.1323 -28.1323 -28.1323 -28.1323 -28.1323 -28.1323 -28.1323 -28.1323 -28.1323 -28.1323 -28.1321 -28.1093 -27.3863 -21.3690 23.2119 20.0049 -14.5108 -44.7132 -38.4964 -27.3553 22.2277 15.9917 -35.9701 -43.2312 -34.9200 -19.1337 30.6316 4.1877 -44.8913 -40.1603 -30.5188 2.4889 20.2822 -24.8111 -44.0222 -36.5713 -23.0396 32.9095 10.1612 -43.2047 -41.8430 -32.8888 -13.2956 26.1079 -3.9903 -44.7527 -38.8478 -27.7768 20.0031 16.6216 -34.2903 -43.4406 -33.1769
-41.6930 -32.9188 17.2093 17.3470 -28.2028 -39.0469 -44.7944 -2.6296 26.6717 -14.1312 -33.1095 -42.0027 -42.8208 10.7092 32.7765 -23.4379 -36.7521 -44.1023 -23.3180 20.6508 1.0001 -30.7029 -40.2421 -44.8782 4.3781 30.7088 -19.1781 -34.9266 -43.2312 -35.9503 16.0498 21.6686 -27.5548 -38.6868 -44.7494 -8.8957 22.9812 1.0373 -27.7973 -35.5076 -39.0137 -39.4991 -39.5118 -39.5120 -39.5120 -39.5120 -39.5120 -39.5120 -39.5120 -39.5120 -39.5120 -39.5120 -39.5120 -39.5120 -39.5120 -39.5120 -39.5120 -39.5120 -39.5118 -39.4991 -39.0137 -35.5076 -27.7973 1.0373 22.9812 -8.8957 -44.7494 -38.6868 -27.5548 21.6686 16.0498 -35.9503 -43.2312 -34.9266 -19.1781 30.7088 4.3781 -44.8782 -40.2421 -30.7029 1.0001 20.6508 -23.3180 -44.1023 -36.7521 -23.4379 32.7765 10.7092 -42.8208 -42.0027 -33.1095 -14.1312 26.6717 -2.6296 -44.7944 -39.0469 -28.2028 17.3470 17.2093 -32.9188 -41.6930
-32.4635 17.7192 14.9556 -28.5664 -39.2154 -44.8257 -1.5764 27.1483 -14.7931 -33.2926 -42.1389 -42.4524 11.1700 32.5678 -23.7893 -36.9128 -44.1742 -21.8805 20.9955 -0.4063 -30.8347 -40.3274 -44.8606 4.6013 30.8117 -19.2505 -34.9395 -43.2359 -35.9701 16.0498 21.5062 -27.6382 -38.7802 -44.7661 -6.1033 24.5165 -7.5679 -30.5453 -38.8327 -44.5287 -46.1087 -46.0243 -45.9865 -45.9850 -45.9850 -45.9850 -45.9850 -45.9850 -45.9850 -45.9850 -45.9850 -45.9850 -45.9850 -45.9850 -45.9850 -45.9850 -45.9850 -45.9850 -45.9863 -46.0243 -46.1087 -44.5287 -38.8327 -30.5453 -7.5679 24.5165 -6.1033 -44.7661 -38.7802 -27.6382 21.5062 16.0498 -35.9701 -43.2359 -34.9395 -19.2505 30.8117 4.6013 -44.8606 -40.3274 -30.8347 -0.4063 20.9955 -21.8805 -44.1742 -36.9128 -23.7893 32.5678 11.1700 -42.4524 -42.1389 -33.2926 -14.7931 27.1482 -1.5766 -44.8256 -39.2154 -28.5664 14.9556 17.7192 -32.4635
17.5444 13.1715 -28.8350 -39.3389 -44.8470 -0.8692 27.4866 -15.2527 -33.4231 -42.2428 -42.1609 11.5038 32.3552 -24.0513 -37.0334 -44.2334 -20.7578 21.2688 -1.4760 -30.9282 -40.4015 -44.8426 4.7861 30.8996 -19.3120 -34.9454 -43.2410 -36.0561 15.9917 21.6684 -27.6382 -38.8081 -44.7725 -4.7984 25.3788 -10.7778 -31.6252 -40.3431 -45.2906 -29.6008 1.5657 4.4099 4.5000 4.5034 4.5037 4.5037 4.5037 4.5037 4.5029 4.5029 4.5029 4.5029 4.5029 4.5029 4.5029 4.5029 4.5029 4.5026 4.4991 4.4093 1.5650 -29.6005 -45.2906 -40.3431 -31.6252 -10.7775 25.3787 -4.7984 -44.7725 -38.8081 -27.6382 21.6686 15.9917 -36.0561 -43.2410 -34.9454 -19.3120 30.8996 4.7861 -44.8426 -40.4015 -30.9278 -1.4759 21.2684 -20.7578 -44.2333 -37.0333 -24.0512 32.3552 11.5036 -42.1609 -42.2427 -33.4222 -15.2485 27.4857 -0.8697 -44.8469 -39.3389 -28.8348 13.1717 17.5433
12.0597 -28.9650 -39.3936 -44.8596 -0.5948 27.6260 -15.4464 -33.4740 -42.2991 -42.0283 11.6435 32.2452 -24.1778 -37.0894 -44.2745 -20.2444 21.3928 -1.9536 -30.9643 -40.4424 -44.8327 4.8395 30.9152 -19.3040 -34.9223 -43.2367 -36.2853 15.8477 22.2266 -27.5548 -38.7802 -44.7726 -4.4112 25.7641 -12.1389 -32.2002 -41.0819 -44.9393 -4.0068 18.1387 29.1473 31.0831 31.1387 31.1396 31.1396 31.1396 31.1396 31.1395 31.1391 31.1387 31.1387 31.1387 31.1387 31.1387 31.1387 31.1387 31.1387 31.1387 31.1347 31.0817 29.1430 18.1384 -4.0085 -44.9393 -41.0803 -32.1998 -12.1385 25.7638 -4.4114 -44.7725 -38.7802 -27.5548 22.2277 15.8476 -36.2854 -43.2367 -34.9223 -19.3040 30.9151 4.8395 -44.8331 -40.4415 -30.9635 -1.9484 21.3888 -20.2597 -44.2741 -37.0889 -24.1772 32.2454 11.6422 -42.0289 -42.2967 -33.4718 -15.4406 27.6240 -0.5956 -44.8596 -39.3937 -28.9644 12.0642
-26.8122 -39.3487 -44.8670 -0.9316 27.4673 -15.2590 -33.4018 -42.2839 -42.1632 11.4809 32.3555 -24.1006 -37.0437 -44.2879 -20.7072 21.2759 -1.5468 -30.9028 -40.4136 -44.8429 4.6260 30.7803 -19.1374 -34.8356 -43.2043 -36.7987 15.5465 23.3719 -27.3553 -38.6869 -44.7664 -4.7913 25.7659 -12.5293 -32.4541 -41.4309 -44.5608 3.4119 25.8458 8.7434 -18.8368 -20.6347 -20.7031 -20.7042 -20.7042 -20.7041 -20.7041 -20.7038 -20.7028 -20.7026 -20.7022 -20.7022 -20.7020 -20.7017 -20.7012 -20.7007 -20.7006 -20.7006 -20.6995 -20.6281 -18.8274 8.7723 25.8452 3.4080 -44.5609 -41.4292 -32.4534 -12.5261 25.7638 -4.7984 -44.7661 -38.6868 -27.3553 23.3747 15.5463 -36.7991 -43.2054 -34.8351 -19.1372 30.7802 4.6255 -44.8433 -40.4121 -30.9014 -1.5200 21.2702 -20.7292 -44.2892 -37.0420 -24.0990 32.3570 11.4780 -42.1654 -42.2782 -33.3992 -15.2492 27.4585 -0.9477 -44.8669 -39.3476 -26.8095
-36.9869 -44.8818 -2.3281 26.8265 -14.4400 -33.1383 -42.1506 -42.6676 10.8621 32.7114 -23.6999 -36.8363 -44.2557 -22.6569 20.7026 0.4015 -30.6826 -40.2697 -44.8747 3.9392 30.3604 -18.6806 -34.6327 -43.1182 -37.7731 14.9761 25.3121 -26.9722 -38.4965 -44.7486 -6.0899 25.3877 -12.1481 -32.4572 -41.5346 -44.2911 5.9877 29.6439 -12.8872 -29.0197 -33.6653 -34.5238 -34.5606 -34.5618 -34.5618 -34.5614 -34.5614 -34.5610 -34.5599 -34.5591 -34.5584 -34.5583 -34.5581 -34.5566 -34.5564 -34.5562 -34.5561 -34.5560 -34.5556 -34.5173 -33.6585 -29.0153 -12.8782 29.6396 5.9820 -44.2917 -41.5328 -32.4534 -12.1385 25.3787 -6.1033 -44.7494 -38.4964 -26.9706 25.3319 14.9713 -37.7869 -43.1184 -34.6314 -18.6787 30.3559 3.9256 -44.8751 -40.2683 -30.6773 0.4591 20.6879 -22.6977 -44.2581 -36.8326 -23.6922 32.7158 10.8495 -42.6782 -42.1445 -33.1323 -14.4146 26.8060 -2.3713 -44.8831 -36.9817
-43.2866 -5.9150 25.4011 -12.3581 -32.5583 -41.8110 -43.5511 9.4944 32.9913 -22.7640 -36.3684 -44.1368 -26.7216 19.3587 5.4342 -30.0799 -39.9383 -44.9190 2.3794 29.4223 -17.6913 -34.2335 -42.9270 -39.3546 13.9722 28.1372 -26.2904 -38.1532 -44.7125 -8.8546 24.5341 -10.8070 -32.2091 -41.4339 -44.2875 6.7013 31.0151 -17.0357 -32.1302 -39.3071 -43.2762 -43.9487 -43.9581 -43.9595 -43.9594 -43.9575 -43.9569 -43.9561 -43.9561 -43.9552 -43.9538 -43.9538 -43.9544 -43.9532 -43.9523 -43.9521 -43.9533 -43.9530 -43.9528 -43.9421 -43.2692 -39.3013 -32.1231 -17.0138 31.0007 6.6866 -44.2917 -41.4292 -32.1998 -10.7775 24.5165 -8.8957 -44.7132 -38.1488 -26.2790 28.1851 13.9529 -39.3865 -42.9242 -34.2268 -17.6740 29.3981 2.3282 -44.9207 -39.9306 -30.0629 5.5913 19.3215 -26.8345 -44.1371 -36.3573 -22.7406 32.9908 9.4501 -43.5759 -41.8012 -32.5396 -12.2849 25.3543 -6.0541 -43.2911
-17.0324 22.4080 -6.7155 -31.4113 -41.0621 -44.5574 6.6913 32.1303 -20.8465 -35.4512 -43.8147 -33.1605 16.9862 16.2056 -28.7004 -39.2692 -44.9944 -1.0894 27.5701 -15.6346 -33.5009 -42.5317 -41.5040 12.2579 31.3212 -25.1083 -37.5543 -44.6261 -14.3294 23.0258 -7.6834 -31.6457 -41.0932 -44.5502 6.0364 31.0372 -18.0486 -33.2308 -41.3718 -45.8830 -42.9567 -39.9113 -39.6844 -39.6791 -39.6825 -39.6846 -39.6924 -39.7189 -39.7330 -39.7558 -39.7771 -39.7995 -39.8169 -39.8409 -39.8522 -39.8591 -39.8636 -39.8674 -39.8744 -40.0953 -43.0623 -45.8934 -41.3578 -33.2083 -17.9957 31.0007 5.9820 -44.5609 -41.0803 -31.6252 -7.5679 22.9812 -14.5108 -44.6270 -37.5351 -25.0688 31.3981 12.1995 -41.5658 -42.5227 -33.4740 -15.5506 27.4939 -1.2496 -45.0033 -39.2449 -28.6463 16.6579 16.8882 -33.3863 -43.8092 -35.4125 -20.7599 32.0585 6.5461 -44.5967 -41.0288 -31.3527 -6.3417 22.2258 -17.5947
16.3206 15.5096 -28.6816 -39.3811 -45.4056 -0.2707 28.1146 -16.5396 -33.6806 -42.9399 -40.5078 13.0756 29.6521 -26.0629 -37.9572 -45.0075 -10.2319 24.0189 -10.7147 -32.1706 -41.7123 -43.7472 9.2508 33.0198 -23.0081 -36.4962 -44.3751 -24.1818 20.1748 0.4385 -30.6098 -40.3837 -44.9120 3.6077 29.7620 -17.1580 -33.2665 -41.8891 -45.2116 -14.5734 7.9221 10.4553 10.5524 10.5560 10.5481 10.5369 10.5202 10.4948 10.4632 10.4163 10.3686 10.3207 10.2818 10.2405 10.2096 10.1887 10.1780 10.1690 10.1644 10.0602 7.5411 -15.4507 -45.2687 -41.8547 -33.2083 -17.0139 29.6396 3.4080 -44.9393 -40.3431 -30.5453 1.0373 20.0049 -24.7270 -44.3714 -36.4341 -22.8782 33.0133 9.0536 -43.8386 -41.6669 -32.0772 -10.2767 23.7086 -11.0198 -45.0274 -37.8659 -25.8724 30.2113 12.7859 -40.8630 -42.8809 -33.5336 -16.1169 27.5469 -1.0472 -45.4858 -39.2289 -28.3762 17.9262 15.7999
31.0365 -21.4942 -35.4305 -44.5433 -28.7817 18.8496 2.7833 -30.0684 -40.4559 -45.5020 5.3102 31.6273 -20.7699 -35.2966 -44.2233 -31.5997 17.6960 9.6323 -29.4125 -39.9176 -45.3779 2.8449 30.0803 -18.8161 -34.5617 -43.5775 -36.6327 15.5509 21.2918 -28.0969 -38.9873 -45.2272 -3.0175 26.4330 -13.4938 -32.2994 -41.4683 -45.1121 -4.4526 16.5980 26.7412 28.8853 28.9552 28.9457 28.9257 28.8814 28.8167 28.7165 28.5843 28.4201 28.2428 28.0586 27.8922 27.7507 27.6405 27.5651 27.5168 27.4854 27.4691 27.3838 25.3824 15.8630 -5.8447 -45.2687 -41.3578 -32.1231 -12.8782 25.8452 -4.0085 -45.2906 -38.8327 -27.7973 23.2119 15.0606 -37.5665 -43.4934 -34.3273 -18.2453 29.4085 1.8596 -45.5363 -39.6809 -28.9380 13.6476 16.8972 -33.6841 -44.0886 -34.9042 -19.9152 30.4251 3.9089 -45.8285 -40.0195 -29.2463 9.2968 17.4488 -33.0898 -44.1791 -34.6876 -19.9279 29.5034
26.4325 -26.3479 -38.4040 -45.9711 -0.0051 28.8387 -19.2402 -34.2958 -44.0151 -33.1225 18.0232 4.4587 -29.6611 -40.3905 -45.7236 6.3344 31.9998 -22.2254 -35.8423 -44.7949 -24.4080 20.2647 -3.6122 -30.7913 -41.0832 -45.0209 7.6973 32.8909 -22.6396 -36.1500 -44.7322 -25.2155 19.5316 2.3488 -29.8519 -39.7728 -45.7309 -10.6021 17.4125 32.1611 23.0109 18.4334 18.3409 18.4871 18.7755 19.2776 20.0812 21.2309 22.6317 24.1852 25.7225 27.0846 28.1618 28.9440 29.4688 29.7988 29.9987 30.1140 30.1745 30.2298 31.0238 30.0008 15.8617 -15.4516 -45.8934 -39.3013 -29.0153 8.7723 18.1384 -29.6005 -44.5287 -35.5076 -21.3690 31.5728 5.7167 -45.7399 -40.4005 -29.7604 4.7959 18.1889 -31.7407 -44.2606 -34.7348 -19.9759 29.8005 2.3346 -46.1130 -39.1215 -27.5212 21.2900 14.4584 -40.7371 -42.8045 -32.5224 -14.5156 24.5613 -12.0673 -45.3520 -36.4895 -23.1766 31.6767
15.9600 -27.9998 -39.4844 -45.9730 5.2112 31.7801 -22.0531 -35.8425 -44.9852 -17.5767 23.1824 -12.6565 -31.9733 -42.3792 -41.9510 13.6744 23.5120 -27.0914 -38.8875 -46.0438 2.2505 30.0751 -20.3730 -34.8622 -44.3816 -28.9198 19.5155 -2.2368 -30.3614 -40.9053 -45.3788 7.6543 32.3831 -22.5527 -35.5117 -44.4827 -36.8994 11.8595 30.5043 11.1865 -3.4463 -3.9950 -3.9046 -3.6810 -3.2482 -2.4407 -1.0533 1.1883 4.5023 8.8554 13.6492 18.0954 21.6178 24.1036 25.7162 26.7140 27.3011 27.6366 27.8107 27.9033 28.0950 31.0290 25.3750 7.5388 -43.0624 -43.2692 -33.6585 -18.8273 29.1430 1.5650 -46.1087 -39.0137 -27.3863 21.4772 14.3280 -41.0597 -42.6932 -32.3606 -14.0340 24.1453 -13.8307 -45.2387 -36.2604 -22.7773 32.1893 6.5501 -45.9130 -39.8911 -28.6364 10.9064 16.1667 -38.6454 -43.0705 -32.8561 -15.4948 25.2912 -10.2963 -45.3582 -36.6070 -23.3487 31.6628
3.7824 -29.4702 -40.3916 -45.5268 8.1799 32.2546 -23.7674 -36.8497 -45.4433 -8.4014 25.8726 -16.1790 -33.0949 -43.2297 -37.6090 16.6936 8.1505 -28.9632 -40.0811 -45.7576 7.1459 32.3051 -23.1386 -36.4625 -45.2864 -12.0931 24.6307 -14.6451 -32.4960 -42.7484 -40.8554 14.1847 23.2274 -26.7007 -38.1603 -45.8696 -14.6587 18.5204 30.9548 -7.0355 -10.5739 -10.6224 -10.5354 -10.3472 -9.9866 -9.3070 -8.1200 -6.1668 -3.0604 1.5779 7.6209 13.8728 18.9931 22.5709 24.8395 26.1920 26.9884 27.4452 27.6751 27.7904 27.9383 30.2503 27.3764 10.0596 -40.0954 -43.9421 -34.5173 -20.6281 31.0817 4.4093 -46.0243 -39.4991 -28.1093 14.9587 15.4352 -39.7523 -42.8664 -32.5865 -14.6975 24.6410 -12.5201 -45.2386 -36.3480 -22.9135 32.2219 6.7222 -45.8395 -39.9171 -28.6825 10.5454 16.2124 -38.5484 -43.0724 -32.8671 -15.5209 25.3076 -10.2520 -45.3540 -36.6109 -23.3542 31.6628
-5.7541 -30.6511 -41.3219 -44.4037 10.9158 30.0708 -25.4309 -37.8738 -45.7999 -1.6460 28.4500 -18.7652 -34.1631 -43.9715 -31.5128 19.2725 -3.4207 -30.2985 -41.0289 -44.8632 10.0392 31.2082 -24.8775 -37.5223 -45.6932 -3.8514 27.4524 -17.7447 -33.6567 -43.6030 -35.6876 17.2173 8.0611 -28.5553 -39.3540 -46.0414 -4.4935 21.7758 23.1822 -12.7652 -14.5748 -14.5913 -14.5043 -14.3288 -13.9981 -13.4091 -12.3487 -10.6433 -7.9537 -3.7183 2.4196 9.8825 16.4502 21.1077 24.0528 25.7435 26.7482 27.3559 27.6292 27.7697 27.9237 30.2195 27.4565 10.1622 -39.8748 -43.9528 -34.5555 -20.6995 31.1347 4.4991 -45.9863 -39.5118 -28.1321 14.7706 15.4630 -39.6868 -42.8655 -32.5939 -14.7167 24.6524 -12.5003 -45.2344 -36.3498 -22.9157 32.2225 6.7246 -45.8367 -39.9175 -28.6831 10.5420 16.2130 -38.5474 -43.0723 -32.8672 -15.5215 25.3078 -10.2520 -45.3537 -36.6109 -23.3543 31.6628
-11.1696 -31.7224 -42.1923 -42.3566 13.4514 23.5479 -26.9978 -38.8619 -46.0083 2.9362 30.7159 -20.8651 -35.2006 -44.6238 -23.2493 21.7429 -10.0911 -31.3758 -41.9130 -43.1684 12.6063 26.3524 -26.4612 -38.5150 -45.9578 1.3620 29.8606 -19.9938 -34.6993 -44.3006 -28.9200 19.7494 -3.2557 -29.8656 -40.3228 -45.9379 0.9181 24.5749 11.0240 -16.1724 -17.2906 -17.2911 -17.2009 -17.0137 -16.6368 -16.2011 -15.1799 -13.4700 -11.1145 -7.0664 -1.1366 6.4322 14.3340 19.4404 23.2132 25.2745 26.4937 27.1734 27.6521 27.7459 27.9145 30.2159 27.4582 10.1639 -39.8692 -43.9527 -34.5559 -20.7006 31.1387 4.5026 -45.9850 -39.5120 -28.1323 14.7684 15.4635 -39.6855 -42.8656 -32.5940 -14.7168 24.6523 -12.5002 -45.2344 -36.3498 -22.9157 32.2225 6.7246 -45.8367 -39.9175 -28.6831 10.5420 16.2130 -38.5474 -43.0723 -32.8672 -15.5215 25.3078 -10.2520 -45.3537 -36.6109 -23.3543 31.6628
-14.0669 -32.5759 -42.8634 -39.7304 15.5007 14.2873 -28.2513 -39.6532 -45.9586 5.8232 31.9960 -22.3930 -36.0453 -45.0971 -15.3934 23.8330 -13.6025 -32.2468 -42.6088 -40.9033 14.6748 18.4332 -27.7310 -39.3174 -46.0256 4.5571 31.4675 -21.6026 -35.5463 -44.8130 -21.7455 21.7788 -9.0131 -30.7575 -41.0935 -45.6110 4.1516 26.9759 0.6419 -18.2671 -19.0324 -19.0254 -18.9332 -18.7315 -18.3550 -17.7990 -16.8599 -15.1624 -13.0057 -9.2730 -4.0363 3.7326 12.3378 19.3905 23.2057 25.1043 26.2138 27.0493 27.2935 27.7211 27.9051 30.2129 27.4583 10.1640 -39.8692 -43.9526 -34.5559 -20.7006 31.1387 4.5029 -45.9850 -39.5120 -28.1323 14.7684 15.4635 -39.6855 -42.8656 -32.5940 -14.7168 24.6523 -12.5002 -45.2344 -36.3498 -22.9157 32.2225 6.7246 -45.8367 -39.9175 -28.6831 10.5420 16.2130 -38.5474 -43.0723 -32.8672 -15.5215 25.3078 -10.2520 -45.3537 -36.6109 -23.3543 31.6628
-15.1265 -32.9587 -43.1564 -38.1753 16.4516 9.3257 -28.8214 -40.0106 -45.8391 7.0020 32.2623 -23.0616 -36.4322 -45.2981 -11.8844 24.8073 -14.8887 -32.6457 -42.9175 -39.5293 15.6310 13.6812 -28.3078 -39.6812 -45.9735 5.8193 31.9676 -22.2885 -35.9334 -45.0358 -18.1358 22.7314 -10.9332 -31.1621 -41.4416 -45.3371 5.4352 27.9840 -3.2435 -19.0778 -19.7889 -19.7793 -19.6928 -19.5262 -19.1923 -18.6054 -17.6646 -16.0186 -13.7151 -10.3035 -5.0766 2.8144 11.5624 18.7066 22.7572 25.2603 26.2434 27.0220 27.3646 27.7269 27.9066 30.2122 27.4586 10.1639 -39.8692 -43.9526 -34.5559 -20.7006 31.1387 4.5029 -45.9850 -39.5120 -28.1323 14.7684 15.4635 -39.6855 -42.8656 -32.5940 -14.7168 24.6523 -12.5002 -45.2344 -36.3498 -22.9157 32.2225 6.7246 -45.8367 -39.9175 -28.6831 10.5420 16.2130 -38.5474 -43.0723 -32.8672 -15.5215 25.3078 -10.2520 -45.3537 -36.6109 -23.3543 31.6628
