0.1647 0.2375 0.4280 0.4872 0.2211 0.1468 0.1903 0.3234 0.5123 0.3789 0.1520 0.1614 0.2471 0.4453 0.4779 0.2007 0.1475 0.1961 0.3373 0.5128 0.3581 0.1499 0.1646 0.2567 0.4614 0.4675 0.1854 0.1487 0.2023 0.3519 0.5116 0.3359 0.1483 0.1683 0.2669 0.4763 0.4555 0.1747 0.1502 0.2090 0.3672 0.5089 0.3122 0.1472 0.1722 0.2776 0.4889 0.4430 0.1686 0.1490 0.1749 0.1490 0.1686 0.4430 0.4889 0.2776 0.1722 0.1472 0.3122 0.5089 0.3672 0.2090 0.1502 0.1747 0.4555 0.4763 0.2669 0.1683 0.1483 0.3359 0.5116 0.3519 0.2023 0.1487 0.1854 0.4675 0.4614 0.2567 0.1646 0.1499 0.3581 0.5128 0.3373 0.1961 0.1475 0.2007 0.4779 0.4453 0.2471 0.1614 0.1520 0.3789 0.5123 0.3234 0.1903 0.1468 0.2211 0.4872 0.4280 0.2375 0.1647
0.2375 0.4299 0.4886 0.2222 0.1379 0.1840 0.3200 0.5136 0.3832 0.1440 0.1539 0.2421 0.4441 0.4804 0.2009 0.1388 0.1899 0.3341 0.5142 0.3629 0.1416 0.1574 0.2519 0.4606 0.4702 0.1830 0.1401 0.1963 0.3489 0.5131 0.3408 0.1398 0.1612 0.2623 0.4758 0.4585 0.1702 0.1418 0.2031 0.3645 0.5106 0.3172 0.1385 0.1653 0.2733 0.4891 0.4456 0.1617 0.1431 0.2012 0.2854 0.2012 0.1431 0.1617 0.4456 0.4891 0.2733 0.1653 0.1385 0.3172 0.5106 0.3645 0.2031 0.1418 0.1702 0.4585 0.4758 0.2623 0.1612 0.1398 0.3408 0.5131 0.3489 0.1963 0.1401 0.1830 0.4702 0.4606 0.2519 0.1574 0.1416 0.3629 0.5142 0.3341 0.1899 0.1388 0.2009 0.4804 0.4441 0.2421 0.1539 0.1440 0.3832 0.5136 0.3200 0.1840 0.1379 0.2222 0.4886 0.4299 0.2375
0.4280 0.4886 0.2259 0.1378 0.1823 0.3152 0.5127 0.3908 0.1451 0.1526 0.2383 0.4371 0.4842 0.2097 0.1384 0.1874 0.3281 0.5141 0.3716 0.1425 0.1559 0.2478 0.4538 0.4746 0.1899 0.1395 0.1936 0.3427 0.5137 0.3502 0.1405 0.1595 0.2579 0.4696 0.4635 0.1750 0.1410 0.2002 0.3579 0.5117 0.3273 0.1390 0.1635 0.2686 0.4838 0.4510 0.1647 0.1428 0.2053 0.3572 0.4975 0.3572 0.2053 0.1428 0.1647 0.4510 0.4838 0.2686 0.1635 0.1390 0.3273 0.5117 0.3579 0.2002 0.1410 0.1750 0.4635 0.4696 0.2579 0.1595 0.1405 0.3502 0.5137 0.3427 0.1936 0.1395 0.1899 0.4746 0.4538 0.2478 0.1559 0.1425 0.3716 0.5141 0.3281 0.1874 0.1384 0.2097 0.4842 0.4371 0.2383 0.1526 0.1451 0.3908 0.5127 0.3152 0.1823 0.1378 0.2259 0.4886 0.4280
0.4872 0.2222 0.1378 0.1816 0.3124 0.5120 0.3968 0.1463 0.1515 0.2347 0.4302 0.4877 0.2190 0.1380 0.1849 0.3223 0.5137 0.3800 0.1435 0.1545 0.2437 0.4469 0.4788 0.1976 0.1390 0.1909 0.3365 0.5141 0.3593 0.1413 0.1580 0.2536 0.4632 0.4683 0.1806 0.1403 0.1974 0.3515 0.5127 0.3370 0.1396 0.1618 0.2640 0.4781 0.4564 0.1685 0.1421 0.2038 0.3633 0.5114 0.4394 0.5114 0.3633 0.2038 0.1421 0.1685 0.4564 0.4781 0.2640 0.1618 0.1396 0.3370 0.5127 0.3515 0.1974 0.1403 0.1806 0.4683 0.4632 0.2536 0.1580 0.1413 0.3593 0.5141 0.3365 0.1909 0.1390 0.1976 0.4788 0.4469 0.2437 0.1545 0.1435 0.3800 0.5137 0.3223 0.1849 0.1380 0.2190 0.4877 0.4302 0.2347 0.1515 0.1463 0.3968 0.5120 0.3124 0.1816 0.1378 0.2222 0.4872
0.2211 0.1379 0.1823 0.3124 0.5117 0.4003 0.1471 0.1506 0.2317 0.4241 0.4908 0.2284 0.1378 0.1826 0.3166 0.5130 0.3881 0.1447 0.1531 0.2398 0.4398 0.4827 0.2062 0.1385 0.1884 0.3305 0.5141 0.3681 0.1421 0.1565 0.2494 0.4565 0.4728 0.1870 0.1397 0.1947 0.3452 0.5135 0.3465 0.1402 0.1602 0.2596 0.4721 0.4615 0.1730 0.1413 0.2013 0.3596 0.5116 0.3481 0.1596 0.3481 0.5116 0.3596 0.2013 0.1413 0.1730 0.4615 0.4721 0.2596 0.1602 0.1402 0.3465 0.5135 0.3452 0.1947 0.1397 0.1870 0.4728 0.4565 0.2494 0.1565 0.1421 0.3681 0.5141 0.3305 0.1884 0.1385 0.2062 0.4827 0.4398 0.2398 0.1531 0.1447 0.3881 0.5130 0.3166 0.1826 0.1378 0.2284 0.4908 0.4241 0.2317 0.1506 0.1471 0.4003 0.5117 0.3124 0.1823 0.1379 0.2211
0.1468 0.1840 0.3152 0.5120 0.4003 0.1475 0.1501 0.2297 0.4192 0.4933 0.2370 0.1376 0.1805 0.3113 0.5120 0.3958 0.1460 0.1518 0.2359 0.4328 0.4864 0.2154 0.1382 0.1859 0.3246 0.5139 0.3766 0.1431 0.1550 0.2453 0.4497 0.4771 0.1944 0.1392 0.1920 0.3390 0.5140 0.3557 0.1409 0.1586 0.2553 0.4658 0.4664 0.1782 0.1406 0.1985 0.3538 0.5124 0.3385 0.1401 0.1407 0.1401 0.3385 0.5124 0.3538 0.1985 0.1406 0.1782 0.4664 0.4658 0.2553 0.1586 0.1409 0.3557 0.5140 0.3390 0.1920 0.1392 0.1944 0.4771 0.4497 0.2453 0.1550 0.1431 0.3766 0.5139 0.3246 0.1859 0.1382 0.2154 0.4864 0.4328 0.2359 0.1518 0.1460 0.3958 0.5120 0.3113 0.1805 0.1376 0.2370 0.4933 0.4192 0.2297 0.1501 0.1475 0.4003 0.5120 0.3152 0.1840 0.1468
0.1903 0.3200 0.5127 0.3968 0.1471 0.1501 0.2289 0.4165 0.4949 0.2437 0.1375 0.1787 0.3066 0.5107 0.4028 0.1473 0.1506 0.2322 0.4257 0.4898 0.2251 0.1379 0.1835 0.3188 0.5133 0.3849 0.1442 0.1537 0.2413 0.4427 0.4811 0.2026 0.1387 0.1894 0.3329 0.5141 0.3646 0.1418 0.1571 0.2511 0.4592 0.4711 0.1843 0.1400 0.1957 0.3476 0.5132 0.3440 0.1401 0.1555 0.2005 0.1555 0.1401 0.3440 0.5132 0.3476 0.1957 0.1400 0.1843 0.4711 0.4592 0.2511 0.1571 0.1418 0.3646 0.5141 0.3329 0.1894 0.1387 0.2026 0.4811 0.4427 0.2413 0.1537 0.1442 0.3849 0.5133 0.3188 0.1835 0.1379 0.2251 0.4898 0.4257 0.2322 0.1506 0.1473 0.4028 0.5107 0.3066 0.1787 0.1375 0.2437 0.4949 0.4165 0.2289 0.1501 0.1471 0.3968 0.5127 0.3200 0.1903
0.3234 0.5136 0.3908 0.1463 0.1506 0.2297 0.4165 0.4954 0.2475 0.1375 0.1773 0.3028 0.5092 0.4089 0.1487 0.1495 0.2288 0.4189 0.4930 0.2352 0.1376 0.1812 0.3132 0.5124 0.3928 0.1454 0.1523 0.2375 0.4356 0.4849 0.2116 0.1383 0.1869 0.3269 0.5140 0.3733 0.1427 0.1556 0.2469 0.4524 0.4754 0.1914 0.1394 0.1930 0.3414 0.5138 0.3524 0.1407 0.1581 0.2453 0.3595 0.2453 0.1581 0.1407 0.3524 0.5138 0.3414 0.1930 0.1394 0.1914 0.4754 0.4524 0.2469 0.1556 0.1427 0.3733 0.5140 0.3269 0.1869 0.1383 0.2116 0.4849 0.4356 0.2375 0.1523 0.1454 0.3928 0.5124 0.3132 0.1812 0.1376 0.2352 0.4930 0.4189 0.2288 0.1495 0.1487 0.4089 0.5092 0.3028 0.1773 0.1375 0.2475 0.4954 0.4165 0.2297 0.1506 0.1463 0.3908 0.5136 0.3234
0.5123 0.3832 0.1451 0.1515 0.2317 0.4192 0.4949 0.2475 0.1375 0.1766 0.3003 0.5080 0.4137 0.1499 0.1486 0.2258 0.4125 0.4958 0.2451 0.1375 0.1789 0.3077 0.5111 0.4005 0.1468 0.1510 0.2337 0.4285 0.4885 0.2212 0.1380 0.1844 0.3211 0.5136 0.3816 0.1438 0.1542 0.2429 0.4455 0.4796 0.1992 0.1389 0.1904 0.3353 0.5141 0.3611 0.1414 0.1574 0.2502 0.4447 0.5102 0.4447 0.2502 0.1574 0.1414 0.3611 0.5141 0.3353 0.1904 0.1389 0.1992 0.4796 0.4455 0.2429 0.1542 0.1438 0.3816 0.5136 0.3211 0.1844 0.1380 0.2212 0.4885 0.4285 0.2337 0.1510 0.1468 0.4005 0.5111 0.3077 0.1789 0.1375 0.2451 0.4958 0.4125 0.2258 0.1486 0.1499 0.4137 0.5080 0.3003 0.1766 0.1375 0.2475 0.4949 0.4192 0.2317 0.1515 0.1451 0.3832 0.5123
0.3789 0.1440 0.1526 0.2347 0.4241 0.4933 0.2437 0.1375 0.1766 0.2994 0.5073 0.4168 0.1510 0.1478 0.2232 0.4069 0.4982 0.2545 0.1374 0.1769 0.3025 0.5094 0.4078 0.1483 0.1498 0.2300 0.4214 0.4918 0.2312 0.1377 0.1821 0.3154 0.5128 0.3897 0.1449 0.1529 0.2390 0.4385 0.4834 0.2079 0.1384 0.1879 0.3293 0.5141 0.3698 0.1423 0.1561 0.2480 0.4511 0.4826 0.3451 0.4826 0.4511 0.2480 0.1561 0.1423 0.3698 0.5141 0.3293 0.1879 0.1384 0.2079 0.4834 0.4385 0.2390 0.1529 0.1449 0.3897 0.5128 0.3154 0.1821 0.1377 0.2312 0.4918 0.4214 0.2300 0.1498 0.1483 0.4078 0.5094 0.3025 0.1769 0.1374 0.2545 0.4982 0.4069 0.2232 0.1478 0.1510 0.4168 0.5073 0.2994 0.1766 0.1375 0.2437 0.4933 0.4241 0.2347 0.1526 0.1440 0.3789
0.1520 0.1539 0.2383 0.4302 0.4908 0.2370 0.1375 0.1773 0.3003 0.5073 0.4179 0.1515 0.1474 0.2213 0.4024 0.5000 0.2627 0.1374 0.1750 0.2977 0.5073 0.4146 0.1499 0.1487 0.2264 0.4143 0.4949 0.2415 0.1375 0.1798 0.3098 0.5117 0.3975 0.1462 0.1516 0.2352 0.4314 0.4871 0.2172 0.1381 0.1854 0.3234 0.5138 0.3783 0.1433 0.1547 0.2444 0.4473 0.4800 0.2186 0.1379 0.2186 0.4800 0.4473 0.2444 0.1547 0.1433 0.3783 0.5138 0.3234 0.1854 0.1381 0.2172 0.4871 0.4314 0.2352 0.1516 0.1462 0.3975 0.5117 0.3098 0.1798 0.1375 0.2415 0.4949 0.4143 0.2264 0.1487 0.1499 0.4146 0.5073 0.2977 0.1750 0.1374 0.2627 0.5000 0.4024 0.2213 0.1474 0.1515 0.4179 0.5073 0.3003 0.1773 0.1375 0.2370 0.4908 0.4302 0.2383 0.1539 0.1520
0.1614 0.2421 0.4371 0.4877 0.2284 0.1376 0.1787 0.3028 0.5080 0.4168 0.1515 0.1472 0.2204 0.3994 0.5013 0.2693 0.1375 0.1734 0.2935 0.5051 0.4207 0.1516 0.1476 0.2230 0.4073 0.4977 0.2521 0.1375 0.1776 0.3044 0.5101 0.4050 0.1477 0.1503 0.2314 0.4242 0.4905 0.2271 0.1378 0.1830 0.3177 0.5132 0.3865 0.1444 0.1534 0.2405 0.4410 0.4824 0.2093 0.1367 0.1547 0.1367 0.2093 0.4824 0.4410 0.2405 0.1534 0.1444 0.3865 0.5132 0.3177 0.1830 0.1378 0.2271 0.4905 0.4242 0.2314 0.1503 0.1477 0.4050 0.5101 0.3044 0.1776 0.1375 0.2521 0.4977 0.4073 0.2230 0.1476 0.1516 0.4207 0.5051 0.2935 0.1734 0.1375 0.2693 0.5013 0.3994 0.2204 0.1472 0.1515 0.4168 0.5080 0.3028 0.1787 0.1376 0.2284 0.4877 0.4371 0.2421 0.1614
0.2471 0.4441 0.4842 0.2190 0.1378 0.1805 0.3066 0.5092 0.4137 0.1510 0.1474 0.2204 0.3985 0.5020 0.2735 0.1375 0.1722 0.2901 0.5028 0.4260 0.1533 0.1467 0.2199 0.4007 0.5003 0.2625 0.1374 0.1754 0.2990 0.5080 0.4122 0.1493 0.1491 0.2278 0.4171 0.4937 0.2374 0.1376 0.1807 0.3120 0.5122 0.3944 0.1457 0.1521 0.2367 0.4342 0.4858 0.2147 0.1378 0.1789 0.2451 0.1789 0.1378 0.2147 0.4858 0.4342 0.2367 0.1521 0.1457 0.3944 0.5122 0.3120 0.1807 0.1376 0.2374 0.4937 0.4171 0.2278 0.1491 0.1493 0.4122 0.5080 0.2990 0.1754 0.1374 0.2625 0.5003 0.4007 0.2199 0.1467 0.1533 0.4260 0.5028 0.2901 0.1722 0.1375 0.2735 0.5020 0.3985 0.2204 0.1474 0.1510 0.4137 0.5092 0.3066 0.1805 0.1378 0.2190 0.4842 0.4441 0.2471
0.4453 0.4804 0.2097 0.1380 0.1826 0.3113 0.5107 0.4089 0.1499 0.1478 0.2213 0.3994 0.5020 0.2750 0.1376 0.1715 0.2876 0.5008 0.4302 0.1550 0.1459 0.2172 0.3946 0.5025 0.2725 0.1375 0.1734 0.2939 0.5055 0.4191 0.1511 0.1480 0.2243 0.4099 0.4966 0.2479 0.1375 0.1784 0.3065 0.5108 0.4020 0.1471 0.1508 0.2329 0.4271 0.4892 0.2235 0.1378 0.1823 0.3056 0.4485 0.3056 0.1823 0.1378 0.2235 0.4892 0.4271 0.2329 0.1508 0.1471 0.4020 0.5108 0.3065 0.1784 0.1375 0.2479 0.4966 0.4099 0.2243 0.1480 0.1511 0.4191 0.5055 0.2939 0.1734 0.1375 0.2725 0.5025 0.3946 0.2172 0.1459 0.1550 0.4302 0.5008 0.2876 0.1715 0.1376 0.2750 0.5020 0.3994 0.2213 0.1478 0.1499 0.4089 0.5107 0.3113 0.1826 0.1380 0.2097 0.4804 0.4453
0.4779 0.2009 0.1384 0.1849 0.3166 0.5120 0.4028 0.1487 0.1486 0.2232 0.4024 0.5013 0.2735 0.1376 0.1712 0.2863 0.4994 0.4332 0.1563 0.1453 0.2148 0.3892 0.5043 0.2815 0.1376 0.1715 0.2891 0.5026 0.4256 0.1531 0.1469 0.2208 0.4029 0.4994 0.2585 0.1374 0.1763 0.3012 0.5089 0.4093 0.1486 0.1496 0.2292 0.4199 0.4924 0.2333 0.1377 0.1812 0.3110 0.5076 0.4801 0.5076 0.3110 0.1812 0.1377 0.2333 0.4924 0.4199 0.2292 0.1496 0.1486 0.4093 0.5089 0.3012 0.1763 0.1374 0.2585 0.4994 0.4029 0.2208 0.1469 0.1531 0.4256 0.5026 0.2891 0.1715 0.1376 0.2815 0.5043 0.3892 0.2148 0.1453 0.1563 0.4332 0.4994 0.2863 0.1712 0.1376 0.2735 0.5013 0.4024 0.2232 0.1486 0.1487 0.4028 0.5120 0.3166 0.1849 0.1384 0.2009 0.4779
0.2007 0.1388 0.1874 0.3223 0.5130 0.3958 0.1473 0.1495 0.2258 0.4069 0.5000 0.2693 0.1375 0.1715 0.2863 0.4989 0.4347 0.1572 0.1448 0.2131 0.3849 0.5057 0.2895 0.1377 0.1699 0.2847 0.4993 0.4317 0.1552 0.1459 0.2175 0.3959 0.5019 0.2692 0.1375 0.1741 0.2959 0.5066 0.4164 0.1503 0.1484 0.2257 0.4128 0.4955 0.2437 0.1375 0.1792 0.3079 0.5102 0.4173 0.2160 0.4173 0.5102 0.3079 0.1792 0.1375 0.2437 0.4955 0.4128 0.2257 0.1484 0.1503 0.4164 0.5066 0.2959 0.1741 0.1375 0.2692 0.5019 0.3959 0.2175 0.1459 0.1552 0.4317 0.4993 0.2847 0.1699 0.1377 0.2895 0.5057 0.3849 0.2131 0.1448 0.1572 0.4347 0.4989 0.2863 0.1715 0.1375 0.2693 0.5000 0.4069 0.2258 0.1495 0.1473 0.3958 0.5130 0.3223 0.1874 0.1388 0.2007
0.1475 0.1899 0.3281 0.5137 0.3881 0.1460 0.1506 0.2288 0.4125 0.4982 0.2627 0.1375 0.1722 0.2876 0.4994 0.4347 0.1576 0.1446 0.2119 0.3818 0.5068 0.2959 0.1379 0.1685 0.2808 0.4960 0.4371 0.1574 0.1450 0.2144 0.3891 0.5041 0.2798 0.1376 0.1721 0.2907 0.5037 0.4232 0.1523 0.1473 0.2222 0.4057 0.4983 0.2543 0.1374 0.1771 0.3031 0.5094 0.4105 0.1517 0.1360 0.1517 0.4105 0.5094 0.3031 0.1771 0.1374 0.2543 0.4983 0.4057 0.2222 0.1473 0.1523 0.4232 0.5037 0.2907 0.1721 0.1376 0.2798 0.5041 0.3891 0.2144 0.1450 0.1574 0.4371 0.4960 0.2808 0.1685 0.1379 0.2959 0.5068 0.3818 0.2119 0.1446 0.1576 0.4347 0.4994 0.2876 0.1722 0.1375 0.2627 0.4982 0.4125 0.2288 0.1506 0.1460 0.3881 0.5137 0.3281 0.1899 0.1475
0.1961 0.3341 0.5141 0.3800 0.1447 0.1518 0.2322 0.4189 0.4958 0.2545 0.1374 0.1734 0.2901 0.5008 0.4332 0.1572 0.1446 0.2116 0.3802 0.5074 0.3005 0.1381 0.1673 0.2776 0.4928 0.4418 0.1597 0.1442 0.2115 0.3827 0.5061 0.2900 0.1377 0.1701 0.2857 0.5003 0.4297 0.1544 0.1463 0.2188 0.3986 0.5009 0.2649 0.1374 0.1750 0.2979 0.5075 0.4146 0.1504 0.1449 0.1781 0.1449 0.1504 0.4146 0.5075 0.2979 0.1750 0.1374 0.2649 0.5009 0.3986 0.2188 0.1463 0.1544 0.4297 0.5003 0.2857 0.1701 0.1377 0.2900 0.5061 0.3827 0.2115 0.1442 0.1597 0.4418 0.4928 0.2776 0.1673 0.1381 0.3005 0.5074 0.3802 0.2116 0.1446 0.1572 0.4332 0.5008 0.2901 0.1734 0.1374 0.2545 0.4958 0.4189 0.2322 0.1518 0.1447 0.3800 0.5141 0.3341 0.1961
0.3373 0.5142 0.3716 0.1435 0.1531 0.2359 0.4257 0.4930 0.2451 0.1374 0.1750 0.2935 0.5028 0.4302 0.1563 0.1448 0.2119 0.3802 0.5076 0.3029 0.1382 0.1665 0.2752 0.4899 0.4456 0.1619 0.1435 0.2090 0.3769 0.5077 0.2997 0.1380 0.1683 0.2809 0.4964 0.4359 0.1568 0.1453 0.2155 0.3916 0.5033 0.2757 0.1375 0.1729 0.2928 0.5049 0.4208 0.1517 0.1469 0.2136 0.3064 0.2136 0.1469 0.1517 0.4208 0.5049 0.2928 0.1729 0.1375 0.2757 0.5033 0.3916 0.2155 0.1453 0.1568 0.4359 0.4964 0.2809 0.1683 0.1380 0.2997 0.5077 0.3769 0.2090 0.1435 0.1619 0.4456 0.4899 0.2752 0.1665 0.1382 0.3029 0.5076 0.3802 0.2119 0.1448 0.1563 0.4302 0.5028 0.2935 0.1750 0.1374 0.2451 0.4930 0.4257 0.2359 0.1531 0.1435 0.3716 0.5142 0.3373
0.5128 0.3629 0.1425 0.1545 0.2398 0.4328 0.4898 0.2352 0.1375 0.1769 0.2977 0.5051 0.4260 0.1550 0.1453 0.2131 0.3818 0.5074 0.3029 0.1382 0.1661 0.2737 0.4878 0.4484 0.1639 0.1429 0.2068 0.3718 0.5091 0.3084 0.1382 0.1666 0.2764 0.4922 0.4418 0.1595 0.1443 0.2122 0.3847 0.5054 0.2864 0.1376 0.1709 0.2877 0.5017 0.4272 0.1536 0.1465 0.2180 0.3841 0.5084 0.3841 0.2180 0.1465 0.1536 0.4272 0.5017 0.2877 0.1709 0.1376 0.2864 0.5054 0.3847 0.2122 0.1443 0.1595 0.4418 0.4922 0.2764 0.1666 0.1382 0.3084 0.5091 0.3718 0.2068 0.1429 0.1639 0.4484 0.4878 0.2737 0.1661 0.1382 0.3029 0.5074 0.3818 0.2131 0.1453 0.1550 0.4260 0.5051 0.2977 0.1769 0.1375 0.2352 0.4898 0.4328 0.2398 0.1545 0.1425 0.3629 0.5128
0.3581 0.1416 0.1559 0.2437 0.4398 0.4864 0.2251 0.1376 0.1789 0.3025 0.5073 0.4207 0.1533 0.1459 0.2148 0.3849 0.5068 0.3005 0.1382 0.1661 0.2732 0.4868 0.4501 0.1653 0.1425 0.2051 0.3675 0.5101 0.3160 0.1385 0.1651 0.2723 0.4878 0.4472 0.1624 0.1435 0.2092 0.3779 0.5074 0.2969 0.1379 0.1689 0.2827 0.4980 0.4335 0.1558 0.1456 0.2163 0.3903 0.5061 0.4142 0.5061 0.3903 0.2163 0.1456 0.1558 0.4335 0.4980 0.2827 0.1689 0.1379 0.2969 0.5074 0.3779 0.2092 0.1435 0.1624 0.4472 0.4878 0.2723 0.1651 0.1385 0.3160 0.5101 0.3675 0.2051 0.1425 0.1653 0.4501 0.4868 0.2732 0.1661 0.1382 0.3005 0.5068 0.3849 0.2148 0.1459 0.1533 0.4207 0.5073 0.3025 0.1789 0.1376 0.2251 0.4864 0.4398 0.2437 0.1559 0.1416 0.3581
0.1499 0.1574 0.2478 0.4469 0.4827 0.2154 0.1379 0.1812 0.3077 0.5094 0.4146 0.1516 0.1467 0.2172 0.3892 0.5057 0.2959 0.1381 0.1665 0.2737 0.4868 0.4507 0.1660 0.1423 0.2039 0.3644 0.5109 0.3223 0.1389 0.1638 0.2687 0.4834 0.4520 0.1655 0.1427 0.2063 0.3713 0.5090 0.3071 0.1382 0.1671 0.2779 0.4938 0.4396 0.1584 0.1447 0.2134 0.3864 0.5055 0.3090 0.1490 0.3090 0.5055 0.3864 0.2134 0.1447 0.1584 0.4396 0.4938 0.2779 0.1671 0.1382 0.3071 0.5090 0.3713 0.2063 0.1427 0.1655 0.4520 0.4834 0.2687 0.1638 0.1389 0.3223 0.5109 0.3644 0.2039 0.1423 0.1660 0.4507 0.4868 0.2737 0.1665 0.1381 0.2959 0.5057 0.3892 0.2172 0.1467 0.1516 0.4146 0.5094 0.3077 0.1812 0.1379 0.2154 0.4827 0.4469 0.2478 0.1574 0.1499
0.1646 0.2519 0.4538 0.4788 0.2062 0.1382 0.1835 0.3132 0.5111 0.4078 0.1499 0.1476 0.2199 0.3946 0.5043 0.2895 0.1379 0.1673 0.2752 0.4878 0.4501 0.1660 0.1422 0.2033 0.3624 0.5114 0.3269 0.1391 0.1627 0.2656 0.4793 0.4561 0.1688 0.1420 0.2036 0.3652 0.5104 0.3169 0.1385 0.1653 0.2732 0.4890 0.4455 0.1613 0.1438 0.2103 0.3802 0.5068 0.2986 0.1376 0.1442 0.1376 0.2986 0.5068 0.3802 0.2103 0.1438 0.1613 0.4455 0.4890 0.2732 0.1653 0.1385 0.3169 0.5104 0.3652 0.2036 0.1420 0.1688 0.4561 0.4793 0.2656 0.1627 0.1391 0.3269 0.5114 0.3624 0.2033 0.1422 0.1660 0.4501 0.4878 0.2752 0.1673 0.1379 0.2895 0.5043 0.3946 0.2199 0.1476 0.1499 0.4078 0.5111 0.3132 0.1835 0.1382 0.2062 0.4788 0.4538 0.2519 0.1646
0.2567 0.4606 0.4746 0.1976 0.1385 0.1859 0.3188 0.5124 0.4005 0.1483 0.1487 0.2230 0.4007 0.5025 0.2815 0.1377 0.1685 0.2776 0.4899 0.4484 0.1653 0.1423 0.2033 0.3617 0.5116 0.3299 0.1393 0.1620 0.2632 0.4757 0.4596 0.1720 0.1414 0.2012 0.3596 0.5115 0.3260 0.1390 0.1636 0.2687 0.4838 0.4511 0.1647 0.1429 0.2072 0.3736 0.5085 0.3046 0.1380 0.1618 0.2130 0.1618 0.1380 0.3046 0.5085 0.3736 0.2072 0.1429 0.1647 0.4511 0.4838 0.2687 0.1636 0.1390 0.3260 0.5115 0.3596 0.2012 0.1414 0.1720 0.4596 0.4757 0.2632 0.1620 0.1393 0.3299 0.5116 0.3617 0.2033 0.1423 0.1653 0.4484 0.4899 0.2776 0.1685 0.1377 0.2815 0.5025 0.4007 0.2230 0.1487 0.1483 0.4005 0.5124 0.3188 0.1859 0.1385 0.1976 0.4746 0.4606 0.2567
0.4614 0.4702 0.1899 0.1390 0.1884 0.3246 0.5133 0.3928 0.1468 0.1498 0.2264 0.4073 0.5003 0.2725 0.1376 0.1699 0.2808 0.4928 0.4456 0.1639 0.1425 0.2039 0.3624 0.5116 0.3309 0.1395 0.1615 0.2615 0.4729 0.4623 0.1749 0.1409 0.1992 0.3547 0.5124 0.3343 0.1394 0.1620 0.2644 0.4784 0.4563 0.1685 0.1421 0.2042 0.3670 0.5100 0.3138 0.1384 0.1647 0.2625 0.3870 0.2625 0.1647 0.1384 0.3138 0.5100 0.3670 0.2042 0.1421 0.1685 0.4563 0.4784 0.2644 0.1620 0.1394 0.3343 0.5124 0.3547 0.1992 0.1409 0.1749 0.4623 0.4729 0.2615 0.1615 0.1395 0.3309 0.5116 0.3624 0.2039 0.1425 0.1639 0.4456 0.4928 0.2808 0.1699 0.1376 0.2725 0.5003 0.4073 0.2264 0.1498 0.1468 0.3928 0.5133 0.3246 0.1884 0.1390 0.1899 0.4702 0.4614
0.4675 0.1830 0.1395 0.1909 0.3305 0.5139 0.3849 0.1454 0.1510 0.2300 0.4143 0.4977 0.2625 0.1375 0.1715 0.2847 0.4960 0.4418 0.1619 0.1429 0.2051 0.3644 0.5114 0.3299 0.1395 0.1613 0.2607 0.4711 0.4641 0.1773 0.1405 0.1976 0.3506 0.5130 0.3415 0.1399 0.1607 0.2606 0.4730 0.4611 0.1727 0.1414 0.2014 0.3605 0.5113 0.3236 0.1388 0.1639 0.2676 0.4711 0.5043 0.4711 0.2676 0.1639 0.1388 0.3236 0.5113 0.3605 0.2014 0.1414 0.1727 0.4611 0.4730 0.2606 0.1607 0.1399 0.3415 0.5130 0.3506 0.1976 0.1405 0.1773 0.4641 0.4711 0.2607 0.1613 0.1395 0.3299 0.5114 0.3644 0.2051 0.1429 0.1619 0.4418 0.4960 0.2847 0.1715 0.1375 0.2625 0.4977 0.4143 0.2300 0.1510 0.1454 0.3849 0.5139 0.3305 0.1909 0.1395 0.1830 0.4675
0.1854 0.1401 0.1936 0.3365 0.5141 0.3766 0.1442 0.1523 0.2337 0.4214 0.4949 0.2521 0.1374 0.1734 0.2891 0.4993 0.4371 0.1597 0.1435 0.2068 0.3675 0.5109 0.3269 0.1393 0.1615 0.2607 0.4704 0.4651 0.1789 0.1403 0.1964 0.3473 0.5134 0.3475 0.1404 0.1595 0.2572 0.4678 0.4653 0.1773 0.1407 0.1987 0.3543 0.5124 0.3332 0.1393 0.1624 0.2651 0.4769 0.4661 0.3061 0.4661 0.4769 0.2651 0.1624 0.1393 0.3332 0.5124 0.3543 0.1987 0.1407 0.1773 0.4653 0.4678 0.2572 0.1595 0.1404 0.3475 0.5134 0.3473 0.1964 0.1403 0.1789 0.4651 0.4704 0.2607 0.1615 0.1393 0.3269 0.5109 0.3675 0.2068 0.1435 0.1597 0.4371 0.4993 0.2891 0.1734 0.1374 0.2521 0.4949 0.4214 0.2337 0.1523 0.1442 0.3766 0.5141 0.3365 0.1936 0.1401 0.1854
0.1487 0.1963 0.3427 0.5141 0.3681 0.1431 0.1537 0.2375 0.4285 0.4918 0.2415 0.1375 0.1754 0.2939 0.5026 0.4317 0.1574 0.1442 0.2090 0.3718 0.5101 0.3223 0.1391 0.1620 0.2615 0.4711 0.4651 0.1795 0.1402 0.1956 0.3450 0.5137 0.3521 0.1408 0.1585 0.2542 0.4631 0.4690 0.1822 0.1401 0.1962 0.3484 0.5132 0.3423 0.1399 0.1608 0.2612 0.4736 0.4624 0.1850 0.1358 0.1850 0.4624 0.4736 0.2612 0.1608 0.1399 0.3423 0.5132 0.3484 0.1962 0.1401 0.1822 0.4690 0.4631 0.2542 0.1585 0.1408 0.3521 0.5137 0.3450 0.1956 0.1402 0.1795 0.4651 0.4711 0.2615 0.1620 0.1391 0.3223 0.5101 0.3718 0.2090 0.1442 0.1574 0.4317 0.5026 0.2939 0.1754 0.1375 0.2415 0.4918 0.4285 0.2375 0.1537 0.1431 0.3681 0.5141 0.3427 0.1963 0.1487
0.2023 0.3489 0.5137 0.3593 0.1421 0.1550 0.2413 0.4356 0.4885 0.2312 0.1375 0.1776 0.2990 0.5055 0.4256 0.1552 0.1450 0.2115 0.3769 0.5091 0.3160 0.1389 0.1627 0.2632 0.4729 0.4641 0.1789 0.1402 0.1953 0.3439 0.5138 0.3554 0.1412 0.1577 0.2518 0.4590 0.4721 0.1870 0.1396 0.1940 0.3431 0.5137 0.3508 0.1406 0.1593 0.2570 0.4681 0.4652 0.1791 0.1382 0.1610 0.1382 0.1791 0.4652 0.4681 0.2570 0.1593 0.1406 0.3508 0.5137 0.3431 0.1940 0.1396 0.1870 0.4721 0.4590 0.2518 0.1577 0.1412 0.3554 0.5138 0.3439 0.1953 0.1402 0.1789 0.4641 0.4729 0.2632 0.1627 0.1389 0.3160 0.5091 0.3769 0.2115 0.1450 0.1552 0.4256 0.5055 0.2990 0.1776 0.1375 0.2312 0.4885 0.4356 0.2413 0.1550 0.1421 0.3593 0.5137 0.3489 0.2023
0.3519 0.5131 0.3502 0.1413 0.1565 0.2453 0.4427 0.4849 0.2212 0.1377 0.1798 0.3044 0.5080 0.4191 0.1531 0.1459 0.2144 0.3827 0.5077 0.3084 0.1385 0.1638 0.2656 0.4757 0.4623 0.1773 0.1403 0.1956 0.3439 0.5138 0.3571 0.1414 0.1572 0.2501 0.4556 0.4745 0.1914 0.1393 0.1921 0.3383 0.5140 0.3585 0.1413 0.1579 0.2531 0.4621 0.4693 0.1826 0.1396 0.1886 0.2625 0.1886 0.1396 0.1826 0.4693 0.4621 0.2531 0.1579 0.1413 0.3585 0.5140 0.3383 0.1921 0.1393 0.1914 0.4745 0.4556 0.2501 0.1572 0.1414 0.3571 0.5138 0.3439 0.1956 0.1403 0.1773 0.4623 0.4757 0.2656 0.1638 0.1385 0.3084 0.5077 0.3827 0.2144 0.1459 0.1531 0.4191 0.5080 0.3044 0.1798 0.1377 0.2212 0.4849 0.4427 0.2453 0.1565 0.1413 0.3502 0.5131 0.3519
0.5116 0.3408 0.1405 0.1580 0.2494 0.4497 0.4811 0.2116 0.1380 0.1821 0.3098 0.5101 0.4122 0.1511 0.1469 0.2175 0.3891 0.5061 0.2997 0.1382 0.1651 0.2687 0.4793 0.4596 0.1749 0.1405 0.1964 0.3450 0.5138 0.3571 0.1415 0.1569 0.2490 0.4533 0.4763 0.1951 0.1390 0.1905 0.3343 0.5141 0.3653 0.1420 0.1566 0.2495 0.4562 0.4733 0.1883 0.1395 0.1924 0.3286 0.4746 0.3286 0.1924 0.1395 0.1883 0.4733 0.4562 0.2495 0.1566 0.1420 0.3653 0.5141 0.3343 0.1905 0.1390 0.1951 0.4763 0.4533 0.2490 0.1569 0.1415 0.3571 0.5138 0.3450 0.1964 0.1405 0.1749 0.4596 0.4793 0.2687 0.1651 0.1382 0.2997 0.5061 0.3891 0.2175 0.1469 0.1511 0.4122 0.5101 0.3098 0.1821 0.1380 0.2116 0.4811 0.4497 0.2494 0.1580 0.1405 0.3408 0.5116
0.3359 0.1398 0.1595 0.2536 0.4565 0.4771 0.2026 0.1383 0.1844 0.3154 0.5117 0.4050 0.1493 0.1480 0.2208 0.3959 0.5041 0.2900 0.1380 0.1666 0.2723 0.4834 0.4561 0.1720 0.1409 0.1976 0.3473 0.5137 0.3554 0.1414 0.1569 0.2486 0.4521 0.4774 0.1978 0.1388 0.1893 0.3310 0.5141 0.3710 0.1426 0.1555 0.2462 0.4505 0.4770 0.1947 0.1391 0.1912 0.3345 0.5125 0.4633 0.5125 0.3345 0.1912 0.1391 0.1947 0.4770 0.4505 0.2462 0.1555 0.1426 0.3710 0.5141 0.3310 0.1893 0.1388 0.1978 0.4774 0.4521 0.2486 0.1569 0.1414 0.3554 0.5137 0.3473 0.1976 0.1409 0.1720 0.4561 0.4834 0.2723 0.1666 0.1380 0.2900 0.5041 0.3959 0.2208 0.1480 0.1493 0.4050 0.5117 0.3154 0.1844 0.1383 0.2026 0.4771 0.4565 0.2536 0.1595 0.1398 0.3359
0.1483 0.1612 0.2579 0.4632 0.4728 0.1944 0.1387 0.1869 0.3211 0.5128 0.3975 0.1477 0.1491 0.2243 0.4029 0.5019 0.2798 0.1377 0.1683 0.2764 0.4878 0.4520 0.1688 0.1414 0.1992 0.3506 0.5134 0.3521 0.1412 0.1572 0.2490 0.4521 0.4777 0.1993 0.1387 0.1884 0.3286 0.5140 0.3756 0.1432 0.1546 0.2434 0.4452 0.4802 0.2015 0.1387 0.1893 0.3316 0.5138 0.3874 0.1820 0.3874 0.5138 0.3316 0.1893 0.1387 0.2015 0.4802 0.4452 0.2434 0.1546 0.1432 0.3756 0.5140 0.3286 0.1884 0.1387 0.1993 0.4777 0.4521 0.2490 0.1572 0.1412 0.3521 0.5134 0.3506 0.1992 0.1414 0.1688 0.4520 0.4878 0.2764 0.1683 0.1377 0.2798 0.5019 0.4029 0.2243 0.1491 0.1477 0.3975 0.5128 0.3211 0.1869 0.1387 0.1944 0.4728 0.4632 0.2579 0.1612 0.1483
0.1683 0.2623 0.4696 0.4683 0.1870 0.1392 0.1894 0.3269 0.5136 0.3897 0.1462 0.1503 0.2278 0.4099 0.4994 0.2692 0.1376 0.1701 0.2809 0.4922 0.4472 0.1655 0.1420 0.2012 0.3547 0.5130 0.3475 0.1408 0.1577 0.2501 0.4533 0.4774 0.1993 0.1387 0.1880 0.3271 0.5139 0.3789 0.1437 0.1539 0.2411 0.4407 0.4829 0.2081 0.1384 0.1872 0.3271 0.5139 0.3785 0.1448 0.1377 0.1448 0.3785 0.5139 0.3271 0.1872 0.1384 0.2081 0.4829 0.4407 0.2411 0.1539 0.1437 0.3789 0.5139 0.3271 0.1880 0.1387 0.1993 0.4774 0.4533 0.2501 0.1577 0.1408 0.3475 0.5130 0.3547 0.2012 0.1420 0.1655 0.4472 0.4922 0.2809 0.1701 0.1376 0.2692 0.4994 0.4099 0.2278 0.1503 0.1462 0.3897 0.5136 0.3269 0.1894 0.1392 0.1870 0.4683 0.4696 0.2623 0.1683
0.2669 0.4758 0.4635 0.1806 0.1397 0.1920 0.3329 0.5140 0.3816 0.1449 0.1516 0.2314 0.4171 0.4966 0.2585 0.1375 0.1721 0.2857 0.4964 0.4418 0.1624 0.1427 0.2036 0.3596 0.5124 0.3415 0.1404 0.1585 0.2518 0.4556 0.4763 0.1978 0.1387 0.1880 0.3266 0.5139 0.3809 0.1441 0.1534 0.2393 0.4370 0.4851 0.2140 0.1381 0.1854 0.3227 0.5137 0.3821 0.1442 0.1496 0.1882 0.1496 0.1442 0.3821 0.5137 0.3227 0.1854 0.1381 0.2140 0.4851 0.4370 0.2393 0.1534 0.1441 0.3809 0.5139 0.3266 0.1880 0.1387 0.1978 0.4763 0.4556 0.2518 0.1585 0.1404 0.3415 0.5124 0.3596 0.2036 0.1427 0.1624 0.4418 0.4964 0.2857 0.1721 0.1375 0.2585 0.4966 0.4171 0.2314 0.1516 0.1449 0.3816 0.5140 0.3329 0.1920 0.1397 0.1806 0.4635 0.4758 0.2669
0.4763 0.4585 0.1750 0.1403 0.1947 0.3390 0.5141 0.3733 0.1438 0.1529 0.2352 0.4242 0.4937 0.2479 0.1374 0.1741 0.2907 0.5003 0.4359 0.1595 0.1435 0.2063 0.3652 0.5115 0.3343 0.1399 0.1595 0.2542 0.4590 0.4745 0.1951 0.1388 0.1884 0.3271 0.5139 0.3816 0.1443 0.1530 0.2381 0.4343 0.4867 0.2189 0.1380 0.1839 0.3188 0.5132 0.3875 0.1448 0.1520 0.2284 0.3313 0.2284 0.1520 0.1448 0.3875 0.5132 0.3188 0.1839 0.1380 0.2189 0.4867 0.4343 0.2381 0.1530 0.1443 0.3816 0.5139 0.3271 0.1884 0.1388 0.1951 0.4745 0.4590 0.2542 0.1595 0.1399 0.3343 0.5115 0.3652 0.2063 0.1435 0.1595 0.4359 0.5003 0.2907 0.1741 0.1374 0.2479 0.4937 0.4242 0.2352 0.1529 0.1438 0.3733 0.5141 0.3390 0.1947 0.1403 0.1750 0.4585 0.4763
0.4555 0.1702 0.1410 0.1974 0.3452 0.5140 0.3646 0.1427 0.1542 0.2390 0.4314 0.4905 0.2374 0.1375 0.1763 0.2959 0.5037 0.4297 0.1568 0.1443 0.2092 0.3713 0.5104 0.3260 0.1394 0.1607 0.2572 0.4631 0.4721 0.1914 0.1390 0.1893 0.3286 0.5139 0.3809 0.1443 0.1529 0.2374 0.4326 0.4878 0.2227 0.1379 0.1827 0.3155 0.5126 0.3927 0.1457 0.1517 0.2337 0.4146 0.5122 0.4146 0.2337 0.1517 0.1457 0.3927 0.5126 0.3155 0.1827 0.1379 0.2227 0.4878 0.4326 0.2374 0.1529 0.1443 0.3809 0.5139 0.3286 0.1893 0.1390 0.1914 0.4721 0.4631 0.2572 0.1607 0.1394 0.3260 0.5104 0.3713 0.2092 0.1443 0.1568 0.4297 0.5037 0.2959 0.1763 0.1375 0.2374 0.4905 0.4314 0.2390 0.1542 0.1427 0.3646 0.5140 0.3452 0.1974 0.1410 0.1702 0.4555
0.1747 0.1418 0.2002 0.3515 0.5135 0.3557 0.1418 0.1556 0.2429 0.4385 0.4871 0.2271 0.1376 0.1784 0.3012 0.5066 0.4232 0.1544 0.1453 0.2122 0.3779 0.5090 0.3169 0.1390 0.1620 0.2606 0.4678 0.4690 0.1870 0.1393 0.1905 0.3310 0.5140 0.3789 0.1441 0.1530 0.2374 0.4320 0.4884 0.2250 0.1378 0.1818 0.3130 0.5120 0.3971 0.1465 0.1511 0.2327 0.4227 0.4959 0.3813 0.4959 0.4227 0.2327 0.1511 0.1465 0.3971 0.5120 0.3130 0.1818 0.1378 0.2250 0.4884 0.4320 0.2374 0.1530 0.1441 0.3789 0.5140 0.3310 0.1905 0.1393 0.1870 0.4690 0.4678 0.2606 0.1620 0.1390 0.3169 0.5090 0.3779 0.2122 0.1453 0.1544 0.4232 0.5066 0.3012 0.1784 0.1376 0.2271 0.4871 0.4385 0.2429 0.1556 0.1418 0.3557 0.5135 0.3515 0.2002 0.1418 0.1747
0.1502 0.2031 0.3579 0.5127 0.3465 0.1409 0.1571 0.2469 0.4455 0.4834 0.2172 0.1378 0.1807 0.3065 0.5089 0.4164 0.1523 0.1463 0.2155 0.3847 0.5074 0.3071 0.1385 0.1636 0.2644 0.4730 0.4653 0.1822 0.1396 0.1921 0.3343 0.5141 0.3756 0.1437 0.1534 0.2381 0.4326 0.4884 0.2258 0.1377 0.1813 0.3113 0.5116 0.4005 0.1472 0.1504 0.2308 0.4210 0.4935 0.2600 0.1418 0.2600 0.4935 0.4210 0.2308 0.1504 0.1472 0.4005 0.5116 0.3113 0.1813 0.1377 0.2258 0.4884 0.4326 0.2381 0.1534 0.1437 0.3756 0.5141 0.3343 0.1921 0.1396 0.1822 0.4653 0.4730 0.2644 0.1636 0.1385 0.3071 0.5074 0.3847 0.2155 0.1463 0.1523 0.4164 0.5089 0.3065 0.1807 0.1378 0.2172 0.4834 0.4455 0.2469 0.1571 0.1409 0.3465 0.5127 0.3579 0.2031 0.1502
0.2090 0.3645 0.5117 0.3370 0.1402 0.1586 0.2511 0.4524 0.4796 0.2079 0.1381 0.1830 0.3120 0.5108 0.4093 0.1503 0.1473 0.2188 0.3916 0.5054 0.2969 0.1382 0.1653 0.2687 0.4784 0.4611 0.1773 0.1401 0.1940 0.3383 0.5141 0.3710 0.1432 0.1539 0.2393 0.4343 0.4878 0.2250 0.1377 0.1811 0.3104 0.5112 0.4027 0.1478 0.1499 0.2291 0.4177 0.4943 0.2460 0.1364 0.1495 0.1364 0.2460 0.4943 0.4177 0.2291 0.1499 0.1478 0.4027 0.5112 0.3104 0.1811 0.1377 0.2250 0.4878 0.4343 0.2393 0.1539 0.1432 0.3710 0.5141 0.3383 0.1940 0.1401 0.1773 0.4611 0.4784 0.2687 0.1653 0.1382 0.2969 0.5054 0.3916 0.2188 0.1473 0.1503 0.4093 0.5108 0.3120 0.1830 0.1381 0.2079 0.4796 0.4524 0.2511 0.1586 0.1402 0.3370 0.5117 0.3645 0.2090
0.3672 0.5106 0.3273 0.1396 0.1602 0.2553 0.4592 0.4754 0.1992 0.1384 0.1854 0.3177 0.5122 0.4020 0.1486 0.1484 0.2222 0.3986 0.5033 0.2864 0.1379 0.1671 0.2732 0.4838 0.4563 0.1727 0.1407 0.1962 0.3431 0.5140 0.3653 0.1426 0.1546 0.2411 0.4370 0.4867 0.2227 0.1378 0.1813 0.3104 0.5111 0.4038 0.1481 0.1495 0.2278 0.4147 0.4956 0.2477 0.1372 0.1712 0.2305 0.1712 0.1372 0.2477 0.4956 0.4147 0.2278 0.1495 0.1481 0.4038 0.5111 0.3104 0.1813 0.1378 0.2227 0.4867 0.4370 0.2411 0.1546 0.1426 0.3653 0.5140 0.3431 0.1962 0.1407 0.1727 0.4563 0.4838 0.2732 0.1671 0.1379 0.2864 0.5033 0.3986 0.2222 0.1484 0.1486 0.4020 0.5122 0.3177 0.1854 0.1384 0.1992 0.4754 0.4592 0.2553 0.1602 0.1396 0.3273 0.5106 0.3672
0.5089 0.3172 0.1390 0.1618 0.2596 0.4658 0.4711 0.1914 0.1389 0.1879 0.3234 0.5132 0.3944 0.1471 0.1496 0.2257 0.4057 0.5009 0.2757 0.1376 0.1689 0.2779 0.4890 0.4511 0.1685 0.1414 0.1987 0.3484 0.5137 0.3585 0.1420 0.1555 0.2434 0.4407 0.4851 0.2189 0.1379 0.1818 0.3113 0.5112 0.4038 0.1482 0.1494 0.2270 0.4127 0.4966 0.2513 0.1374 0.1752 0.2877 0.4239 0.2877 0.1752 0.1374 0.2513 0.4966 0.4127 0.2270 0.1494 0.1482 0.4038 0.5112 0.3113 0.1818 0.1379 0.2189 0.4851 0.4407 0.2434 0.1555 0.1420 0.3585 0.5137 0.3484 0.1987 0.1414 0.1685 0.4511 0.4890 0.2779 0.1689 0.1376 0.2757 0.5009 0.4057 0.2257 0.1496 0.1471 0.3944 0.5132 0.3234 0.1879 0.1389 0.1914 0.4711 0.4658 0.2596 0.1618 0.1390 0.3172 0.5089
0.3122 0.1385 0.1635 0.2640 0.4721 0.4664 0.1843 0.1394 0.1904 0.3293 0.5138 0.3865 0.1457 0.1508 0.2292 0.4128 0.4983 0.2649 0.1375 0.1709 0.2827 0.4938 0.4455 0.1647 0.1421 0.2014 0.3543 0.5132 0.3508 0.1413 0.1566 0.2462 0.4452 0.4829 0.2140 0.1380 0.1827 0.3130 0.5116 0.4027 0.1481 0.1494 0.2267 0.4115 0.4972 0.2541 0.1374 0.1754 0.2954 0.4988 0.4910 0.4989 0.2955 0.1754 0.1374 0.2542 0.4972 0.4115 0.2267 0.1494 0.1481 0.4027 0.5116 0.3130 0.1827 0.1380 0.2140 0.4829 0.4452 0.2462 0.1566 0.1413 0.3508 0.5132 0.3543 0.2014 0.1421 0.1647 0.4455 0.4938 0.2827 0.1709 0.1375 0.2649 0.4983 0.4128 0.2292 0.1508 0.1457 0.3865 0.5138 0.3293 0.1904 0.1394 0.1843 0.4664 0.4721 0.2640 0.1635 0.1385 0.3122
0.1472 0.1653 0.2686 0.4781 0.4615 0.1782 0.1400 0.1930 0.3353 0.5141 0.3783 0.1444 0.1521 0.2329 0.4199 0.4955 0.2543 0.1374 0.1729 0.2877 0.4980 0.4396 0.1613 0.1429 0.2042 0.3605 0.5124 0.3423 0.1406 0.1579 0.2495 0.4505 0.4802 0.2081 0.1381 0.1839 0.3155 0.5120 0.4005 0.1478 0.1495 0.2270 0.4115 0.4978 0.2555 0.1375 0.1755 0.2955 0.5044 0.4353 0.2456 0.4343 0.5047 0.2961 0.1752 0.1374 0.2555 0.4978 0.4117 0.2270 0.1495 0.1478 0.4005 0.5120 0.3155 0.1839 0.1381 0.2081 0.4802 0.4505 0.2495 0.1579 0.1406 0.3423 0.5124 0.3605 0.2042 0.1429 0.1613 0.4396 0.4980 0.2877 0.1729 0.1374 0.2543 0.4955 0.4199 0.2329 0.1521 0.1444 0.3783 0.5141 0.3353 0.1930 0.1400 0.1782 0.4615 0.4781 0.2686 0.1653 0.1472
0.1722 0.2733 0.4838 0.4564 0.1730 0.1406 0.1957 0.3414 0.5141 0.3698 0.1433 0.1534 0.2367 0.4271 0.4924 0.2437 0.1374 0.1750 0.2928 0.5017 0.4335 0.1584 0.1438 0.2072 0.3670 0.5113 0.3332 0.1399 0.1593 0.2531 0.4562 0.4770 0.2015 0.1384 0.1854 0.3188 0.5126 0.3971 0.1472 0.1499 0.2278 0.4127 0.4972 0.2545 0.1373 0.1746 0.2949 0.5045 0.4255 0.1578 0.1355 0.1573 0.4255 0.5052 0.2961 0.1747 0.1374 0.2555 0.4973 0.4127 0.2278 0.1499 0.1472 0.3971 0.5126 0.3188 0.1854 0.1384 0.2015 0.4770 0.4562 0.2531 0.1593 0.1399 0.3332 0.5113 0.3670 0.2072 0.1438 0.1584 0.4335 0.5017 0.2928 0.1750 0.1374 0.2437 0.4924 0.4271 0.2367 0.1534 0.1433 0.3698 0.5141 0.3414 0.1957 0.1406 0.1730 0.4564 0.4838 0.2733 0.1722
0.2776 0.4891 0.4510 0.1685 0.1413 0.1985 0.3476 0.5138 0.3611 0.1423 0.1547 0.2405 0.4342 0.4892 0.2333 0.1375 0.1771 0.2979 0.5049 0.4272 0.1558 0.1447 0.2103 0.3736 0.5100 0.3236 0.1393 0.1608 0.2570 0.4621 0.4733 0.1947 0.1387 0.1872 0.3227 0.5132 0.3927 0.1465 0.1504 0.2291 0.4147 0.4966 0.2542 0.1374 0.1747 0.2941 0.5045 0.4237 0.1545 0.1429 0.1731 0.1430 0.1539 0.4232 0.5052 0.2948 0.1746 0.1374 0.2530 0.4966 0.4148 0.2291 0.1504 0.1465 0.3927 0.5132 0.3227 0.1872 0.1387 0.1947 0.4733 0.4621 0.2570 0.1608 0.1393 0.3236 0.5100 0.3736 0.2103 0.1447 0.1558 0.4272 0.5049 0.2979 0.1771 0.1375 0.2333 0.4892 0.4342 0.2405 0.1547 0.1423 0.3611 0.5138 0.3476 0.1985 0.1413 0.1685 0.4510 0.4891 0.2776
0.4889 0.4456 0.1647 0.1421 0.2013 0.3538 0.5132 0.3524 0.1414 0.1561 0.2444 0.4410 0.4858 0.2235 0.1377 0.1792 0.3031 0.5075 0.4208 0.1536 0.1456 0.2134 0.3802 0.5085 0.3138 0.1388 0.1624 0.2612 0.4681 0.4693 0.1883 0.1391 0.1893 0.3271 0.5137 0.3875 0.1457 0.1511 0.2308 0.4177 0.4956 0.2513 0.1374 0.1751 0.2947 0.5046 0.4237 0.1536 0.1454 0.2077 0.2960 0.2078 0.1455 0.1534 0.4233 0.5048 0.2944 0.1750 0.1374 0.2511 0.4956 0.4177 0.2308 0.1511 0.1457 0.3875 0.5137 0.3271 0.1893 0.1391 0.1883 0.4693 0.4681 0.2612 0.1624 0.1388 0.3138 0.5085 0.3802 0.2134 0.1456 0.1536 0.4208 0.5075 0.3031 0.1792 0.1377 0.2235 0.4858 0.4410 0.2444 0.1561 0.1414 0.3524 0.5132 0.3538 0.2013 0.1421 0.1647 0.4456 0.4889
0.4430 0.1617 0.1428 0.2038 0.3596 0.5124 0.3440 0.1407 0.1574 0.2480 0.4473 0.4824 0.2147 0.1378 0.1812 0.3079 0.5094 0.4146 0.1517 0.1465 0.2163 0.3864 0.5068 0.3046 0.1384 0.1639 0.2651 0.4736 0.4652 0.1826 0.1395 0.1912 0.3316 0.5139 0.3821 0.1448 0.1517 0.2327 0.4210 0.4943 0.2477 0.1374 0.1754 0.2959 0.5045 0.4248 0.1537 0.1458 0.2140 0.3739 0.5051 0.3750 0.2145 0.1459 0.1537 0.4248 0.5047 0.2952 0.1754 0.1374 0.2476 0.4943 0.4210 0.2327 0.1517 0.1448 0.3821 0.5139 0.3316 0.1912 0.1395 0.1826 0.4652 0.4736 0.2651 0.1639 0.1384 0.3046 0.5068 0.3864 0.2163 0.1465 0.1517 0.4146 0.5094 0.3079 0.1812 0.1378 0.2147 0.4824 0.4473 0.2480 0.1574 0.1407 0.3440 0.5124 0.3596 0.2038 0.1428 0.1617 0.4430
0.1686 0.1431 0.2053 0.3633 0.5116 0.3385 0.1401 0.1581 0.2502 0.4511 0.4800 0.2093 0.1378 0.1823 0.3110 0.5102 0.4105 0.1504 0.1469 0.2180 0.3903 0.5055 0.2986 0.1380 0.1647 0.2676 0.4769 0.4624 0.1791 0.1396 0.1924 0.3345 0.5138 0.3785 0.1442 0.1520 0.2337 0.4227 0.4935 0.2460 0.1372 0.1752 0.2954 0.5037 0.4255 0.1545 0.1453 0.2142 0.3834 0.5079 0.4234 0.5077 0.3854 0.2154 0.1457 0.1542 0.4260 0.5040 0.2956 0.1752 0.1372 0.2460 0.4935 0.4227 0.2337 0.1520 0.1442 0.3785 0.5138 0.3345 0.1924 0.1396 0.1791 0.4624 0.4769 0.2676 0.1647 0.1380 0.2986 0.5055 0.3903 0.2180 0.1469 0.1504 0.4105 0.5102 0.3110 0.1823 0.1378 0.2093 0.4800 0.4511 0.2502 0.1581 0.1401 0.3385 0.5116 0.3633 0.2053 0.1431 0.1686
0.1490 0.2012 0.3572 0.5114 0.3481 0.1401 0.1555 0.2453 0.4447 0.4826 0.2186 0.1367 0.1789 0.3056 0.5076 0.4173 0.1517 0.1449 0.2136 0.3841 0.5061 0.3090 0.1376 0.1618 0.2625 0.4711 0.4661 0.1850 0.1382 0.1886 0.3286 0.5125 0.3874 0.1448 0.1496 0.2284 0.4146 0.4959 0.2600 0.1364 0.1712 0.2877 0.4988 0.4358 0.1577 0.1428 0.2078 0.3737 0.5080 0.3382 0.1555 0.3339 0.5076 0.3761 0.2088 0.1430 0.1576 0.4344 0.4995 0.2878 0.1712 0.1364 0.2600 0.4959 0.4146 0.2284 0.1496 0.1448 0.3874 0.5125 0.3286 0.1886 0.1382 0.1850 0.4661 0.4711 0.2625 0.1618 0.1376 0.3090 0.5061 0.3841 0.2136 0.1449 0.1517 0.4173 0.5076 0.3056 0.1789 0.1367 0.2186 0.4826 0.4447 0.2453 0.1555 0.1401 0.3481 0.5114 0.3572 0.2012 0.1490
0.1749 0.2854 0.4975 0.4394 0.1596 0.1407 0.2005 0.3595 0.5102 0.3451 0.1379 0.1547 0.2451 0.4485 0.4801 0.2160 0.1360 0.1781 0.3064 0.5084 0.4142 0.1490 0.1442 0.2130 0.3870 0.5043 0.3061 0.1358 0.1610 0.2625 0.4746 0.4633 0.1820 0.1377 0.1882 0.3313 0.5122 0.3813 0.1418 0.1495 0.2305 0.4239 0.4910 0.2480 0.1355 0.1730 0.2962 0.5058 0.4231 0.1552 0.1333 0.1551 0.4245 0.5051 0.2964 0.1731 0.1355 0.2456 0.4908 0.4240 0.2305 0.1495 0.1418 0.3813 0.5122 0.3313 0.1882 0.1377 0.1820 0.4633 0.4746 0.2625 0.1610 0.1358 0.3061 0.5043 0.3870 0.2130 0.1442 0.1490 0.4142 0.5084 0.3064 0.1781 0.1360 0.2160 0.4801 0.4485 0.2451 0.1547 0.1379 0.3451 0.5102 0.3595 0.2005 0.1407 0.1596 0.4394 0.4975 0.2854 0.1749
0.1490 0.2012 0.3572 0.5114 0.3481 0.1401 0.1555 0.2453 0.4447 0.4826 0.2186 0.1367 0.1789 0.3056 0.5076 0.4173 0.1517 0.1449 0.2136 0.3841 0.5061 0.3090 0.1376 0.1618 0.2625 0.4711 0.4661 0.1850 0.1382 0.1886 0.3286 0.5125 0.3874 0.1448 0.1496 0.2284 0.4146 0.4959 0.2600 0.1364 0.1712 0.2877 0.4988 0.4351 0.1572 0.1429 0.2075 0.3749 0.5076 0.3349 0.1556 0.3355 0.5081 0.3746 0.2084 0.1430 0.1580 0.4354 0.4984 0.2877 0.1712 0.1364 0.2600 0.4959 0.4146 0.2284 0.1496 0.1448 0.3874 0.5125 0.3286 0.1886 0.1382 0.1850 0.4661 0.4711 0.2625 0.1618 0.1376 0.3090 0.5061 0.3841 0.2136 0.1449 0.1517 0.4173 0.5076 0.3056 0.1789 0.1367 0.2186 0.4826 0.4447 0.2453 0.1555 0.1401 0.3481 0.5114 0.3572 0.2012 0.1490
0.1686 0.1431 0.2053 0.3633 0.5116 0.3385 0.1401 0.1581 0.2502 0.4511 0.4800 0.2093 0.1378 0.1823 0.3110 0.5102 0.4105 0.1504 0.1469 0.2180 0.3903 0.5055 0.2986 0.1380 0.1647 0.2676 0.4769 0.4624 0.1791 0.1396 0.1924 0.3345 0.5138 0.3785 0.1442 0.1520 0.2337 0.4227 0.4935 0.2460 0.1372 0.1752 0.2954 0.5039 0.4261 0.1542 0.1455 0.2146 0.3851 0.5078 0.4233 0.5079 0.3834 0.2152 0.1458 0.1544 0.4256 0.5043 0.2942 0.1752 0.1372 0.2460 0.4935 0.4227 0.2337 0.1520 0.1442 0.3785 0.5138 0.3345 0.1924 0.1396 0.1791 0.4624 0.4769 0.2676 0.1647 0.1380 0.2986 0.5055 0.3903 0.2180 0.1469 0.1504 0.4105 0.5102 0.3110 0.1823 0.1378 0.2093 0.4800 0.4511 0.2502 0.1581 0.1401 0.3385 0.5116 0.3633 0.2053 0.1431 0.1686
0.4430 0.1617 0.1428 0.2038 0.3596 0.5124 0.3440 0.1407 0.1574 0.2480 0.4473 0.4824 0.2147 0.1378 0.1812 0.3079 0.5094 0.4146 0.1517 0.1465 0.2163 0.3864 0.5068 0.3046 0.1384 0.1639 0.2651 0.4736 0.4652 0.1826 0.1395 0.1912 0.3316 0.5139 0.3821 0.1448 0.1517 0.2327 0.4210 0.4943 0.2477 0.1374 0.1754 0.2957 0.5047 0.4226 0.1535 0.1460 0.2150 0.3759 0.5053 0.3736 0.2140 0.1460 0.1541 0.4247 0.5050 0.2958 0.1758 0.1374 0.2477 0.4943 0.4210 0.2327 0.1517 0.1448 0.3821 0.5139 0.3316 0.1912 0.1395 0.1826 0.4652 0.4736 0.2651 0.1639 0.1384 0.3046 0.5068 0.3864 0.2163 0.1465 0.1517 0.4146 0.5094 0.3079 0.1812 0.1378 0.2147 0.4824 0.4473 0.2480 0.1574 0.1407 0.3440 0.5124 0.3596 0.2038 0.1428 0.1617 0.4430
0.4889 0.4456 0.1647 0.1421 0.2013 0.3538 0.5132 0.3524 0.1414 0.1561 0.2444 0.4410 0.4858 0.2235 0.1377 0.1792 0.3031 0.5075 0.4208 0.1536 0.1456 0.2134 0.3802 0.5085 0.3138 0.1388 0.1624 0.2612 0.4681 0.4693 0.1883 0.1391 0.1893 0.3271 0.5137 0.3875 0.1457 0.1511 0.2308 0.4177 0.4956 0.2513 0.1374 0.1747 0.2943 0.5049 0.4245 0.1536 0.1456 0.2081 0.2960 0.2080 0.1456 0.1533 0.4240 0.5051 0.2961 0.1751 0.1375 0.2513 0.4956 0.4177 0.2308 0.1511 0.1457 0.3875 0.5137 0.3271 0.1893 0.1391 0.1883 0.4693 0.4681 0.2612 0.1624 0.1388 0.3138 0.5085 0.3802 0.2134 0.1456 0.1536 0.4208 0.5075 0.3031 0.1792 0.1377 0.2235 0.4858 0.4410 0.2444 0.1561 0.1414 0.3524 0.5132 0.3538 0.2013 0.1421 0.1647 0.4456 0.4889
0.2776 0.4891 0.4510 0.1685 0.1413 0.1985 0.3476 0.5138 0.3611 0.1423 0.1547 0.2405 0.4342 0.4892 0.2333 0.1375 0.1771 0.2979 0.5049 0.4272 0.1558 0.1447 0.2103 0.3736 0.5100 0.3236 0.1393 0.1608 0.2570 0.4621 0.4733 0.1947 0.1387 0.1872 0.3227 0.5132 0.3927 0.1465 0.1504 0.2291 0.4147 0.4966 0.2544 0.1374 0.1743 0.2945 0.5048 0.4247 0.1538 0.1430 0.1732 0.1431 0.1535 0.4234 0.5045 0.2950 0.1749 0.1374 0.2539 0.4966 0.4147 0.2291 0.1504 0.1465 0.3927 0.5132 0.3227 0.1872 0.1387 0.1947 0.4733 0.4621 0.2570 0.1608 0.1393 0.3236 0.5100 0.3736 0.2103 0.1447 0.1558 0.4272 0.5049 0.2979 0.1771 0.1375 0.2333 0.4892 0.4342 0.2405 0.1547 0.1423 0.3611 0.5138 0.3476 0.1985 0.1413 0.1685 0.4510 0.4891 0.2776
