-38.2125 14.8530 21.2790 -26.1108 -37.0960 -43.3588 0.3627 29.0513 -17.5909 -32.5547 -41.3451 -34.9574 16.8198 12.6878 -27.2057 -37.7323 -43.5063 3.3443 30.6141 -19.1687 -33.2602 -41.7606 -30.7691 18.7999 3.8014 -28.2684 -38.3403 -43.4733 5.8084 31.8069 -20.5795 -33.9567 -42.1365 -25.4164 20.6754 -3.2572 -29.0938 -38.9278 -43.1768 7.9580 32.3483 -21.8724 -34.6434 -42.4706 -19.1230 22.4230 -8.0856 -29.7961 -39.4319 -43.3341 -9.7019 -43.3341 -39.4319 -29.7961 -8.0856 22.4230 -19.1230 -42.4706 -34.6434 -21.8724 32.3483 7.9580 -43.1768 -38.9278 -29.0938 -3.2572 20.6754 -25.4164 -42.1365 -33.9567 -20.5795 31.8069 5.8084 -43.4733 -38.3403 -28.2684 3.8014 18.7999 -30.7691 -41.7606 -33.2602 -19.1687 30.6141 3.3443 -43.5063 -37.7323 -27.2057 12.6878 16.8198 -34.9574 -41.3451 -32.5547 -17.5909 29.0513 0.3627 -43.3588 -37.0960 -26.1108 21.2790 14.8530 -38.2125
14.8530 23.3608 -27.5989 -38.9974 -44.8268 0.1942 28.7616 -17.5880 -34.5166 -43.0813 -36.1104 16.5748 16.8381 -28.8147 -39.5932 -44.9164 3.1933 30.4495 -19.3731 -35.2054 -43.4708 -31.8854 18.4804 7.5808 -30.1530 -40.1869 -44.8477 5.6910 31.8786 -20.9800 -35.8886 -43.8163 -26.4734 20.4418 -0.6901 -31.1484 -40.7602 -44.5127 7.8516 32.7837 -22.4629 -36.5630 -44.1165 -20.0535 22.1555 -6.5821 -31.8614 -41.2961 -44.0175 7.6839 23.3994 7.6839 -44.0175 -41.2961 -31.8614 -6.5821 22.1555 -20.0535 -44.1165 -36.5630 -22.4629 32.7837 7.8516 -44.5127 -40.7602 -31.1484 -0.6901 20.4418 -26.4734 -43.8163 -35.8886 -20.9800 31.8786 5.6910 -44.8477 -40.1869 -30.1530 7.5808 18.4804 -31.8854 -43.4708 -35.2054 -19.3731 30.4495 3.1933 -44.9164 -39.5932 -28.8147 16.8381 16.5748 -36.1104 -43.0813 -34.5166 -17.5880 28.7616 0.1942 -44.8268 -38.9974 -27.5989 23.3608 14.8530
21.2790 -27.5989 -38.8977 -44.7884 -0.9139 28.1247 -16.8439 -34.2431 -42.9098 -37.4987 15.8057 20.2914 -28.2660 -39.3400 -44.8841 2.0092 29.7603 -18.6549 -34.9181 -43.3120 -33.7756 17.6579 11.4801 -29.5930 -39.9419 -44.9000 4.6986 31.3316 -20.3291 -35.6039 -43.6747 -28.8635 19.6318 2.4889 -30.8292 -40.5231 -44.6845 6.9743 32.4881 -21.8547 -36.2822 -43.9940 -22.8107 21.4193 -4.4028 -31.5683 -41.0778 -44.1952 8.5015 32.4676 -9.3773 32.4676 8.5015 -44.1952 -41.0778 -31.5683 -4.4028 21.4193 -22.8107 -43.9940 -36.2822 -21.8547 32.4881 6.9743 -44.6845 -40.5231 -30.8292 2.4889 19.6318 -28.8635 -43.6747 -35.6039 -20.3291 31.3316 4.6986 -44.9000 -39.9419 -29.5930 11.4801 17.6579 -33.7756 -43.3120 -34.9181 -18.6549 29.7603 2.0092 -44.8841 -39.3400 -28.2660 20.2914 15.8057 -37.4987 -42.9098 -34.2431 -16.8439 28.1247 -0.9139 -44.7884 -38.8977 -27.5989 21.2790
-26.1108 -38.9974 -44.7884 -1.3727 27.7450 -16.2668 -34.0157 -42.7535 -38.6435 15.1020 23.2252 -27.7319 -39.0879 -44.8426 0.7174 29.0397 -17.8982 -34.6294 -43.1473 -35.4760 16.8710 15.3500 -29.0372 -39.6932 -44.9161 3.6360 30.7118 -19.6506 -35.3188 -43.5280 -31.0578 18.7916 6.0677 -30.3791 -40.2824 -44.8079 6.0606 32.0707 -21.2304 -36.0009 -43.8663 -25.4504 20.7119 -1.8361 -31.2679 -40.8504 -44.4277 8.0572 32.7554 -21.1894 -32.0164 -21.1894 32.7554 8.0572 -44.4277 -40.8504 -31.2679 -1.8361 20.7119 -25.4504 -43.8663 -36.0009 -21.2304 32.0707 6.0606 -44.8079 -40.2824 -30.3791 6.0677 18.7916 -31.0578 -43.5280 -35.3188 -19.6506 30.7118 3.6360 -44.9161 -39.6932 -29.0372 15.3500 16.8710 -35.4760 -43.1473 -34.6294 -17.8982 29.0397 0.7174 -44.8426 -39.0879 -27.7319 23.2252 15.1020 -38.6435 -42.7535 -34.0157 -16.2668 27.7450 -1.3727 -44.7884 -38.9974 -26.1108
-37.0960 -44.8268 -0.9139 27.7450 -16.0430 -33.8832 -42.6365 -39.4703 14.5003 25.4987 -27.2348 -38.8431 -44.7964 -0.6796 28.3102 -17.1008 -34.3404 -42.9762 -36.9798 16.1012 18.9630 -28.4858 -39.4408 -44.8976 2.4892 30.0382 -18.9433 -35.0333 -43.3748 -33.0368 17.9795 9.9055 -29.8181 -40.0398 -44.8825 5.0993 31.5583 -20.5903 -35.7189 -43.7313 -27.9162 19.9543 1.1508 -30.9653 -40.6173 -44.6218 7.2967 32.5824 -21.7737 -35.7919 -42.0273 -35.7919 -21.7737 32.5824 7.2967 -44.6218 -40.6173 -30.9653 1.1508 19.9543 -27.9162 -43.7313 -35.7189 -20.5903 31.5583 5.0993 -44.8825 -40.0398 -29.8181 9.9055 17.9795 -33.0368 -43.3748 -35.0333 -18.9433 30.0382 2.4892 -44.8976 -39.4408 -28.4858 18.9630 16.1012 -36.9798 -42.9762 -34.3404 -17.1008 28.3102 -0.6796 -44.7964 -38.8431 -27.2348 25.4987 14.5003 -39.4703 -42.6365 -33.8832 -16.0430 27.7450 -0.9139 -44.8268 -37.0960
-43.3588 0.1942 28.1247 -16.2668 -33.8832 -42.5919 -39.8991 14.0827 27.0372 -26.8131 -38.6232 -44.7489 -2.1322 27.6092 -16.2769 -34.0563 -42.7994 -38.2984 15.3461 22.1783 -27.9384 -39.1867 -44.8602 1.2426 29.3280 -18.2039 -34.7463 -43.2141 -34.8119 17.1877 13.8038 -29.2619 -39.7931 -44.9145 4.0717 30.9677 -19.9258 -35.4352 -43.5899 -30.1894 19.1288 4.5682 -30.5697 -40.3798 -44.7643 6.4290 32.2393 -21.4052 -35.9796 -44.2932 -45.3200 -44.2932 -35.9796 -21.4052 32.2393 6.4290 -44.7643 -40.3798 -30.5697 4.5682 19.1288 -30.1894 -43.5899 -35.4352 -19.9258 30.9677 4.0717 -44.9145 -39.7931 -29.2619 13.8038 17.1877 -34.8119 -43.2141 -34.7463 -18.2039 29.3280 1.2426 -44.8602 -39.1867 -27.9384 22.1783 15.3461 -38.2984 -42.7994 -34.0563 -16.2769 27.6092 -2.1322 -44.7489 -38.6232 -26.8131 27.0372 14.0827 -39.8991 -42.5919 -33.8832 -16.2668 28.1247 0.1942 -43.3588
0.3627 28.7616 -16.8439 -34.0157 -42.6365 -39.8991 13.9330 27.8053 -26.5236 -38.4527 -44.7042 -3.5392 26.9702 -15.4544 -33.7857 -42.6224 -39.4245 14.6096 24.9232 -27.3931 -38.9296 -44.8160 -0.1306 28.5951 -17.4213 -34.4576 -43.0472 -36.3926 16.4106 17.5397 -28.7090 -39.5419 -44.9081 2.9612 30.3143 -19.2313 -35.1484 -43.4393 -32.2674 18.3006 8.3447 -30.0420 -40.1373 -44.8579 5.4928 31.7717 -20.8286 -35.7981 -43.8283 -32.1370 8.1434 -32.1370 -43.8283 -35.7981 -20.8286 31.7717 5.4928 -44.8579 -40.1373 -30.0420 8.3447 18.3006 -32.2674 -43.4393 -35.1484 -19.2313 30.3143 2.9612 -44.9081 -39.5419 -28.7090 17.5397 16.4106 -36.3926 -43.0472 -34.4576 -17.4213 28.5951 -0.1306 -44.8160 -38.9296 -27.3931 24.9232 14.6096 -39.4245 -42.6224 -33.7857 -15.4544 26.9702 -3.5392 -44.7042 -38.4527 -26.5236 27.8053 13.9330 -39.8991 -42.6365 -34.0157 -16.8439 28.7616 0.3627
29.0513 -17.5880 -34.2431 -42.7535 -39.4703 14.0827 27.8053 -26.4193 -38.3577 -44.6707 -4.6947 26.4429 -14.6929 -33.5419 -42.4556 -40.3471 13.9099 27.1357 -26.8576 -38.6719 -44.7649 -1.6532 27.8559 -16.5866 -34.1664 -42.8725 -37.7927 15.6450 20.9445 -28.1566 -39.2880 -44.8761 1.7554 29.6157 -18.5047 -34.8603 -43.2800 -34.1335 17.4980 12.2679 -29.4804 -39.8918 -44.9065 4.4925 31.2123 -20.1884 -35.5388 -43.6538 -30.5193 16.9667 32.0018 16.9667 -30.5193 -43.6538 -35.5388 -20.1884 31.2123 4.4925 -44.9065 -39.8918 -29.4804 12.2679 17.4980 -34.1335 -43.2800 -34.8603 -18.5047 29.6157 1.7554 -44.8761 -39.2880 -28.1566 20.9445 15.6450 -37.7927 -42.8725 -34.1664 -16.5866 27.8559 -1.6532 -44.7649 -38.6719 -26.8576 27.1357 13.9099 -40.3471 -42.4556 -33.5419 -14.6929 26.4429 -4.6947 -44.6707 -38.3577 -26.4193 27.8053 14.0827 -39.4703 -42.7535 -34.2431 -17.5880 29.0513
-17.5909 -34.5166 -42.9098 -38.6435 14.5003 27.0372 -26.5236 -38.3577 -44.6583 -5.3521 26.0953 -14.0912 -33.3426 -42.3087 -41.0757 13.2764 28.8254 -26.3495 -38.4213 -44.7083 -3.3281 27.1213 -15.6977 -33.8743 -42.6901 -39.0179 14.8918 23.9032 -27.6073 -39.0321 -44.8340 0.4366 28.8911 -17.7415 -34.5727 -43.1151 -35.7871 16.7177 16.0855 -28.9273 -39.6435 -44.9150 3.4210 30.5850 -19.5153 -35.2607 -43.5011 -31.7366 18.0373 16.9439 -22.1405 16.9439 18.0373 -31.7366 -43.5011 -35.2607 -19.5153 30.5850 3.4210 -44.9150 -39.6435 -28.9273 16.0855 16.7177 -35.7871 -43.1151 -34.5727 -17.7415 28.8911 0.4366 -44.8340 -39.0321 -27.6073 23.9032 14.8918 -39.0179 -42.6901 -33.8743 -15.6977 27.1213 -3.3281 -44.7083 -38.4213 -26.3495 28.8254 13.2764 -41.0757 -42.3087 -33.3426 -14.0912 26.0953 -5.3521 -44.6583 -38.3577 -26.5236 27.0372 14.5003 -38.6435 -42.9098 -34.5166 -17.5909
-32.5547 -43.0813 -37.4987 15.1020 25.4987 -26.8131 -38.4527 -44.6707 -5.3521 25.9725 -13.7511 -33.2106 -42.1961 -41.6037 12.7380 30.0353 -25.8904 -38.1864 -44.6494 -5.1078 26.4047 -14.7610 -33.5860 -42.5033 -40.0793 14.1480 26.3793 -27.0620 -38.7733 -44.7859 -1.0243 28.1536 -16.9311 -34.2833 -42.9429 -37.2531 15.9512 19.6280 -28.3774 -39.3923 -44.8915 2.2591 29.9048 -18.8048 -34.9763 -43.3459 -33.4773 17.6773 12.9368 -28.4572 -35.9007 -28.4572 12.9368 17.6773 -33.4773 -43.3459 -34.9763 -18.8048 29.9048 2.2591 -44.8915 -39.3923 -28.3774 19.6280 15.9512 -37.2531 -42.9429 -34.2833 -16.9311 28.1536 -1.0243 -44.7859 -38.7733 -27.0620 26.3793 14.1480 -40.0793 -42.5033 -33.5860 -14.7610 26.4047 -5.1078 -44.6494 -38.1864 -25.8904 30.0353 12.7380 -41.6037 -42.1961 -33.2106 -13.7511 25.9725 -5.3521 -44.6707 -38.4527 -26.8131 25.4987 15.1020 -37.4987 -43.0813 -32.5547
-41.3451 -36.1104 15.8057 23.2252 -27.2348 -38.6232 -44.7042 -4.6947 26.0953 -13.7511 -33.1646 -42.1337 -41.9187 12.3353 30.8274 -25.5011 -37.9784 -44.5888 -6.9276 25.7339 -13.7901 -33.3072 -42.3137 -40.9880 13.4142 28.3934 -26.5165 -38.5117 -44.7311 -2.6558 27.4099 -16.0634 -33.9917 -42.7630 -38.5461 15.1937 22.7725 -27.8282 -39.1362 -44.8520 0.9811 29.1844 -18.0528 -34.6884 -43.1819 -35.1664 16.9904 15.1299 -28.8736 -39.3974 -44.9536 -39.3974 -28.8736 15.1299 16.9904 -35.1664 -43.1819 -34.6884 -18.0528 29.1844 0.9811 -44.8520 -39.1362 -27.8282 22.7725 15.1937 -38.5461 -42.7630 -33.9917 -16.0634 27.4099 -2.6558 -44.7311 -38.5117 -26.5165 28.3934 13.4142 -40.9880 -42.3137 -33.3072 -13.7901 25.7339 -6.9276 -44.5888 -37.9784 -25.5011 30.8274 12.3353 -41.9187 -42.1337 -33.1646 -13.7511 26.0953 -4.6947 -44.7042 -38.6232 -27.2348 23.2252 15.8057 -36.1104 -41.3451
-34.9574 16.5748 20.2914 -27.7319 -38.8431 -44.7489 -3.5392 26.4429 -14.0912 -33.2106 -42.1337 -42.0224 12.1218 31.2652 -25.2128 -37.8136 -44.5344 -8.6630 25.1320 -12.8142 -33.0463 -42.1295 -41.7423 12.6998 29.9492 -25.9745 -38.2482 -44.6695 -4.4775 26.6615 -15.1246 -33.6994 -42.5771 -39.6734 14.4453 25.4466 -27.2809 -38.8766 -44.8063 -0.4277 28.4464 -17.2577 -34.3993 -43.0117 -36.6884 16.2467 18.3933 -28.5284 -39.4082 -45.4558 -31.2623 -45.4558 -39.4082 -28.5284 18.3933 16.2467 -36.6884 -43.0117 -34.3993 -17.2577 28.4464 -0.4277 -44.8063 -38.8766 -27.2809 25.4466 14.4453 -39.6734 -42.5771 -33.6994 -15.1246 26.6615 -4.4775 -44.6695 -38.2482 -25.9745 29.9492 12.6998 -41.7423 -42.1295 -33.0463 -12.8142 25.1320 -8.6630 -44.5344 -37.8136 -25.2128 31.2652 12.1218 -42.0224 -42.1337 -33.2106 -14.0912 26.4429 -3.5392 -44.7489 -38.8431 -27.7319 20.2914 16.5748 -34.9574
16.8198 16.8381 -28.2660 -39.0879 -44.7964 -2.1322 26.9702 -14.6929 -33.3426 -42.1961 -41.9187 12.1218 31.4007 -25.0599 -37.7068 -44.4929 -10.1033 24.6336 -11.8893 -32.8124 -41.9588 -42.3454 12.0233 31.0857 -25.4462 -37.9865 -44.6005 -6.5046 25.9204 -14.1054 -33.4070 -42.3861 -40.6487 13.7038 27.6436 -26.7355 -38.6161 -44.7546 -1.9852 27.7064 -16.4157 -34.1097 -42.8359 -38.0437 15.4974 21.5900 -28.0292 -39.2172 -44.8755 -1.9876 16.9870 -1.9876 -44.8755 -39.2172 -28.0292 21.5900 15.4974 -38.0437 -42.8359 -34.1097 -16.4157 27.7064 -1.9852 -44.7546 -38.6161 -26.7355 27.6436 13.7038 -40.6487 -42.3861 -33.4070 -14.1054 25.9204 -6.5046 -44.6005 -37.9865 -25.4462 31.0857 12.0233 -42.3454 -41.9588 -32.8124 -11.8893 24.6336 -10.1033 -44.4929 -37.7068 -25.0599 31.4007 12.1218 -41.9187 -42.1961 -33.3426 -14.6929 26.9702 -2.1322 -44.7964 -39.0879 -28.2660 16.8381 16.8198
12.6878 -28.8147 -39.3400 -44.8426 -0.6796 27.6092 -15.4544 -33.5419 -42.3087 -41.6037 12.3353 31.2652 -25.0599 -37.6696 -44.4695 -11.0714 24.2780 -11.1104 -32.6164 -41.8065 -42.8139 11.4040 31.8659 -24.9495 -37.7364 -44.5264 -8.6991 25.1967 -13.0044 -33.1138 -42.1891 -41.4898 12.9635 29.3970 -26.1887 -38.3525 -44.6957 -3.7288 26.9622 -15.5100 -33.8186 -42.6547 -39.2330 14.7484 24.4183 -27.4965 -38.9747 -44.8252 -0.6750 26.4609 16.8336 26.4609 -0.6750 -44.8252 -38.9747 -27.4965 24.4183 14.7484 -39.2330 -42.6547 -33.8186 -15.5100 26.9622 -3.7288 -44.6957 -38.3525 -26.1887 29.3970 12.9635 -41.4898 -42.1891 -33.1138 -13.0044 25.1967 -8.6991 -44.5264 -37.7364 -24.9495 31.8659 11.4040 -42.8139 -41.8065 -32.6164 -11.1104 24.2780 -11.0714 -44.4695 -37.6696 -25.0599 31.2652 12.3353 -41.6037 -42.3087 -33.5419 -15.4544 27.6092 -0.6796 -44.8426 -39.3400 -28.8147 12.6878
-27.2057 -39.5932 -44.8841 0.7174 28.3102 -16.2769 -33.7857 -42.4556 -41.0757 12.7380 30.8274 -25.2128 -37.7068 -44.4695 -11.4198 24.0912 -10.5859 -32.4763 -41.6851 -43.1537 10.8655 32.3605 -24.4968 -37.5059 -44.4511 -10.9728 24.5002 -11.8191 -32.8259 -41.9882 -42.2086 12.2213 30.7428 -25.6394 -38.0854 -44.6289 -5.6877 26.2152 -14.5254 -33.5246 -42.4653 -40.2741 14.0000 26.8165 -26.9528 -38.7187 -44.7764 -1.5698 27.5788 -14.3535 -28.7956 -14.3535 27.5788 -1.5698 -44.7764 -38.7187 -26.9528 26.8165 14.0000 -40.2741 -42.4653 -33.5246 -14.5254 26.2152 -5.6877 -44.6289 -38.0854 -25.6394 30.7428 12.2213 -42.2086 -41.9882 -32.8259 -11.8191 24.5002 -10.9728 -44.4511 -37.5059 -24.4968 32.3605 10.8655 -43.1537 -41.6851 -32.4763 -10.5859 24.0912 -11.4198 -44.4695 -37.7068 -25.2128 30.8274 12.7380 -41.0757 -42.4556 -33.7857 -16.2769 28.3102 0.7174 -44.8841 -39.5932 -27.2057
-37.7323 -44.9164 2.0092 29.0397 -17.1008 -34.0563 -42.6224 -40.3471 13.2764 30.0353 -25.5011 -37.8136 -44.4929 -11.0714 24.0912 -10.3991 -32.4039 -41.6075 -43.3715 10.4452 32.6437 -24.1035 -37.3016 -44.3776 -13.1950 23.8533 -10.5649 -32.5489 -41.7872 -42.8063 11.4815 31.7235 -25.0878 -37.8175 -44.5545 -7.8690 25.4713 -13.4498 -33.2296 -42.2688 -41.1727 13.2558 28.7536 -26.4045 -38.4584 -44.7207 -3.0772 27.1543 -15.3582 -33.2157 -39.6426 -33.2157 -15.3582 27.1543 -3.0772 -44.7207 -38.4584 -26.4045 28.7536 13.2558 -41.1727 -42.2688 -33.2296 -13.4498 25.4713 -7.8690 -44.5545 -37.8175 -25.0878 31.7235 11.4815 -42.8063 -41.7872 -32.5489 -10.5649 23.8533 -13.1950 -44.3776 -37.3016 -24.1035 32.6437 10.4452 -43.3715 -41.6075 -32.4039 -10.3991 24.0912 -11.0714 -44.4929 -37.8136 -25.5011 30.0353 13.2764 -40.3471 -42.6224 -34.0563 -17.1008 29.0397 2.0092 -44.9164 -37.7323
-43.5063 3.1933 29.7603 -17.8982 -34.3404 -42.7994 -39.4245 13.9099 28.8254 -25.8904 -37.9784 -44.5344 -10.1033 24.2780 -10.5859 -32.4039 -41.5806 -43.4803 10.1768 32.7837 -23.7987 -37.1335 -44.3104 -15.2160 23.2788 -9.2814 -32.2889 -41.5934 -43.2880 10.7580 32.3741 -24.5391 -37.5507 -44.4736 -10.2641 24.7336 -12.2647 -32.9353 -42.0682 -41.9389 12.5147 30.2555 -25.8570 -38.1934 -44.6572 -4.8911 26.4861 -14.7924 -33.4844 -42.5896 -46.4430 -42.5896 -33.4844 -14.7924 26.4861 -4.8911 -44.6572 -38.1934 -25.8570 30.2555 12.5147 -41.9389 -42.0682 -32.9353 -12.2647 24.7336 -10.2641 -44.4736 -37.5507 -24.5391 32.3741 10.7580 -43.2880 -41.5934 -32.2889 -9.2814 23.2788 -15.2160 -44.3104 -37.1335 -23.7987 32.7837 10.1768 -43.4803 -41.5806 -32.4039 -10.5859 24.2780 -10.1033 -44.5344 -37.9784 -25.8904 28.8254 13.9099 -39.4245 -42.7994 -34.3404 -17.8982 29.7603 3.1933 -43.5063
3.3443 30.4495 -18.6549 -34.6294 -42.9762 -38.2984 14.6096 27.1357 -26.3495 -38.1864 -44.5888 -8.6630 24.6336 -11.1104 -32.4763 -41.6075 -43.4803 10.0844 32.8376 -23.6057 -37.0124 -44.2558 -16.8999 22.7977 -8.0341 -32.0566 -41.4157 -43.6655 10.0707 32.7488 -24.0052 -37.2883 -44.3861 -12.8254 24.0043 -10.9408 -32.6398 -41.8619 -42.5917 11.7682 31.3785 -25.3058 -37.9266 -44.5867 -6.9559 25.7629 -13.8513 -33.3085 -42.3367 -42.5266 -0.9072 -42.5266 -42.3367 -33.3085 -13.8513 25.7629 -6.9559 -44.5867 -37.9266 -25.3058 31.3785 11.7682 -42.5917 -41.8619 -32.6398 -10.9408 24.0043 -12.8254 -44.3861 -37.2883 -24.0052 32.7488 10.0707 -43.6655 -41.4157 -32.0566 -8.0341 22.7977 -16.8999 -44.2558 -37.0124 -23.6057 32.8376 10.0844 -43.4803 -41.6075 -32.4763 -11.1104 24.6336 -8.6630 -44.5888 -38.1864 -26.3495 27.1357 14.6096 -38.2984 -42.9762 -34.6294 -18.6549 30.4495 3.3443
30.6141 -19.3731 -34.9181 -43.1473 -36.9798 15.3461 24.9232 -26.8576 -38.4213 -44.6494 -6.9276 25.1320 -11.8893 -32.6164 -41.6851 -43.3715 10.1768 32.8376 -23.5393 -36.9491 -44.2195 -18.1008 22.4278 -6.9274 -31.8602 -41.2565 -43.9510 9.4350 32.9136 -23.4995 -37.0365 -44.2924 -15.4451 23.2956 -9.4622 -32.3452 -41.6505 -43.1415 11.0132 32.1663 -24.7483 -37.6556 -44.5082 -9.2788 25.0270 -12.7371 -33.0416 -42.1438 -42.0351 10.8041 26.3421 10.8041 -42.0351 -42.1438 -33.0416 -12.7371 25.0270 -9.2788 -44.5082 -37.6556 -24.7483 32.1663 11.0132 -43.1415 -41.6505 -32.3452 -9.4622 23.2956 -15.4451 -44.2924 -37.0365 -23.4995 32.9136 9.4350 -43.9510 -41.2565 -31.8602 -6.9274 22.4278 -18.1008 -44.2195 -36.9491 -23.5393 32.8376 10.1768 -43.3715 -41.6851 -32.6164 -11.8893 25.1320 -6.9276 -44.6494 -38.4213 -26.8576 24.9232 15.3461 -36.9798 -43.1473 -34.9181 -19.3731 30.6141
-19.1687 -35.2054 -43.3120 -35.4760 16.1012 22.1783 -27.3931 -38.6719 -44.7083 -5.1078 25.7339 -12.8142 -32.8124 -41.8065 -43.1537 10.4452 32.7837 -23.6057 -36.9491 -44.2061 -18.7113 22.1979 -6.0846 -31.7109 -41.1242 -44.1569 8.8712 32.9330 -23.0341 -36.8027 -44.1984 -17.9963 22.6194 -7.8248 -32.0549 -41.4353 -43.5960 10.2491 32.6572 -24.1854 -37.3823 -44.4206 -11.8152 24.2900 -11.4799 -32.7549 -41.9422 -42.4295 11.5928 32.8104 -14.7562 32.8104 11.5928 -42.4295 -41.9422 -32.7549 -11.4799 24.2900 -11.8152 -44.4206 -37.3823 -24.1854 32.6572 10.2491 -43.5960 -41.4353 -32.0549 -7.8248 22.6194 -17.9963 -44.1984 -36.8027 -23.0341 32.9330 8.8712 -44.1569 -41.1242 -31.7109 -6.0846 22.1979 -18.7113 -44.2061 -36.9491 -23.6057 32.7837 10.4452 -43.1537 -41.8065 -32.8124 -12.8142 25.7339 -5.1078 -44.7083 -38.6719 -27.3931 22.1783 16.1012 -35.4760 -43.3120 -35.2054 -19.1687
-33.2602 -43.4708 -33.7756 16.8710 18.9630 -27.9384 -38.9296 -44.7649 -3.3281 26.4047 -13.7901 -33.0463 -41.9588 -42.8139 10.8655 32.6437 -23.7987 -37.0124 -44.2195 -18.7113 22.1228 -5.6324 -31.6188 -41.0337 -44.2925 8.4106 32.8695 -22.6238 -36.5960 -44.1095 -20.3467 21.9947 -6.0481 -31.7755 -41.2242 -43.9627 9.4802 32.8966 -23.6191 -37.1083 -44.3259 -14.5048 23.5602 -10.0555 -32.4615 -41.7350 -42.9544 11.1988 32.2850 -23.6177 -33.2605 -23.6177 32.2850 11.1988 -42.9544 -41.7350 -32.4615 -10.0555 23.5602 -14.5048 -44.3259 -37.1083 -23.6191 32.8966 9.4802 -43.9627 -41.2242 -31.7755 -6.0481 21.9947 -20.3467 -44.1095 -36.5960 -22.6238 32.8695 8.4106 -44.2925 -41.0337 -31.6188 -5.6324 22.1228 -18.7113 -44.2195 -37.0124 -23.7987 32.6437 10.8655 -42.8139 -41.9588 -33.0463 -13.7901 26.4047 -3.3281 -44.7649 -38.9296 -27.9384 18.9630 16.8710 -33.7756 -43.4708 -33.2602
-41.7606 -31.8854 17.6579 15.3500 -28.4858 -39.1867 -44.8160 -1.6532 27.1213 -14.7610 -33.3072 -42.1295 -42.3454 11.4040 32.3605 -24.1035 -37.1335 -44.2558 -18.1008 22.1979 -5.6324 -31.5879 -40.9873 -44.3691 8.0809 32.7773 -22.2931 -36.4224 -44.0277 -22.3925 21.4372 -4.1964 -31.5162 -41.0218 -44.2468 8.7197 32.9303 -23.0557 -36.8363 -44.2229 -17.2949 22.8362 -8.4283 -32.1639 -41.5217 -43.4330 10.5204 32.5604 -24.1156 -36.9593 -43.0473 -36.9593 -24.1156 32.5604 10.5204 -43.4330 -41.5217 -32.1639 -8.4283 22.8362 -17.2949 -44.2229 -36.8363 -23.0557 32.9303 8.7197 -44.2468 -41.0218 -31.5162 -4.1964 21.4372 -22.3925 -44.0277 -36.4224 -22.2931 32.7773 8.0809 -44.3691 -40.9873 -31.5879 -5.6324 22.1979 -18.1008 -44.2558 -37.1335 -24.1035 32.3605 11.4040 -42.3454 -42.1295 -33.3072 -14.7610 27.1213 -1.6532 -44.8160 -39.1867 -28.4858 15.3500 17.6579 -31.8854 -41.7606
-30.7691 18.4804 11.4801 -29.0372 -39.4408 -44.8602 -0.1306 27.8559 -15.6977 -33.5860 -42.3137 -41.7423 12.0233 31.8659 -24.4968 -37.3016 -44.3104 -16.8999 22.4278 -6.0846 -31.6188 -40.9873 -44.3939 7.9087 32.7016 -22.0580 -36.2897 -43.9590 -24.0382 20.9589 -2.3467 -31.2824 -40.8329 -44.4579 7.9839 32.8065 -22.5023 -36.5721 -44.1130 -20.0716 22.1231 -6.5505 -31.8652 -41.3016 -43.8373 9.7649 32.8398 -23.7695 -37.0966 -44.8708 -43.1728 -44.8708 -37.0966 -23.7695 32.8398 9.7649 -43.8373 -41.3016 -31.8652 -6.5505 22.1231 -20.0716 -44.1130 -36.5721 -22.5023 32.8065 7.9839 -44.4579 -40.8329 -31.2824 -2.3467 20.9589 -24.0382 -43.9590 -36.2897 -22.0580 32.7016 7.9087 -44.3939 -40.9873 -31.6188 -6.0846 22.4278 -16.8999 -44.3104 -37.3016 -24.4968 31.8659 12.0233 -41.7423 -42.3137 -33.5860 -15.6977 27.8559 -0.1306 -44.8602 -39.4408 -29.0372 11.4801 18.4804 -30.7691
18.7999 7.5808 -29.5930 -39.6932 -44.8976 1.2426 28.5951 -16.5866 -33.8743 -42.5033 -40.9880 12.6998 31.0857 -24.9495 -37.5059 -44.3776 -15.2160 22.7977 -6.9274 -31.7109 -41.0337 -44.3691 7.9087 32.6731 -21.9334 -36.2060 -43.9103 -25.2458 20.5804 -0.6346 -31.0817 -40.6654 -44.6089 7.2899 32.5772 -21.9663 -36.3170 -44.0021 -22.7016 21.4291 -4.3902 -31.5671 -41.0766 -44.1659 8.9767 32.9393 -23.2489 -36.9124 -44.3208 -22.7516 11.0799 -22.7516 -44.3208 -36.9124 -23.2489 32.9393 8.9767 -44.1659 -41.0766 -31.5671 -4.3902 21.4291 -22.7016 -44.0021 -36.3170 -21.9663 32.5772 7.2899 -44.6089 -40.6654 -31.0817 -0.6346 20.5804 -25.2458 -43.9103 -36.2060 -21.9334 32.6731 7.9087 -44.3691 -41.0337 -31.7109 -6.9274 22.7977 -15.2160 -44.3776 -37.5059 -24.9495 31.0857 12.6998 -40.9880 -42.5033 -33.8743 -16.5866 28.5951 1.2426 -44.8976 -39.6932 -29.5930 7.5808 18.7999
3.8014 -30.1530 -39.9419 -44.9161 2.4892 29.3280 -17.4213 -34.1664 -42.6901 -40.0793 13.4142 29.9492 -25.4462 -37.7364 -44.4511 -13.1950 23.2788 -8.0341 -31.8602 -41.1242 -44.2925 8.0809 32.7016 -21.9334 -36.1773 -43.8848 -26.0021 20.3124 0.7707 -30.9214 -40.5245 -44.7113 6.6596 32.2956 -21.4696 -36.0784 -43.8913 -25.1043 20.7699 -1.9588 -31.2742 -40.8510 -44.4231 8.1639 32.8558 -22.6779 -36.6580 -44.1680 -20.5508 19.9726 32.3955 19.9726 -20.5508 -44.1680 -36.6580 -22.6779 32.8558 8.1639 -44.4231 -40.8510 -31.2742 -1.9588 20.7699 -25.1043 -43.8913 -36.0784 -21.4696 32.2956 6.6596 -44.7113 -40.5245 -30.9214 0.7707 20.3124 -26.0021 -43.8848 -36.1773 -21.9334 32.7016 8.0809 -44.2925 -41.1242 -31.8602 -8.0341 23.2788 -13.1950 -44.4511 -37.7364 -25.4462 29.9492 13.4142 -40.0793 -42.6901 -34.1664 -17.4213 29.3280 2.4892 -44.9161 -39.9419 -30.1530 3.8014
-28.2684 -40.1869 -44.9000 3.6360 30.0382 -18.2039 -34.4576 -42.8725 -39.0179 14.1480 28.3934 -25.9745 -37.9865 -44.5264 -10.9728 23.8533 -9.2814 -32.0566 -41.2565 -44.1569 8.4106 32.7773 -22.0580 -36.2060 -43.8848 -26.2598 20.1704 1.7177 -30.8067 -40.4171 -44.7763 6.1232 32.0064 -21.0313 -35.8671 -43.7844 -27.2071 20.1284 0.6929 -30.9941 -40.6305 -44.6161 7.3345 32.6185 -22.0882 -36.3866 -44.0430 -22.1573 21.2792 1.9509 -24.9075 1.9509 21.2792 -22.1573 -44.0430 -36.3866 -22.0882 32.6185 7.3345 -44.6161 -40.6305 -30.9941 0.6929 20.1284 -27.2071 -43.7844 -35.8671 -21.0313 32.0064 6.1232 -44.7763 -40.4171 -30.8067 1.7177 20.1704 -26.2598 -43.8848 -36.2060 -22.0580 32.7773 8.4106 -44.1569 -41.2565 -32.0566 -9.2814 23.8533 -10.9728 -44.5264 -37.9865 -25.9745 28.3934 14.1480 -39.0179 -42.8725 -34.4576 -18.2039 30.0382 3.6360 -44.9000 -40.1869 -28.2684
-38.3403 -44.8477 4.6986 30.7118 -18.9433 -34.7463 -43.0472 -37.7927 14.8918 26.3793 -26.5165 -38.2482 -44.6005 -8.6991 24.5002 -10.5649 -32.2889 -41.4157 -43.9510 8.8712 32.8695 -22.2931 -36.2897 -43.9103 -26.0021 20.1704 2.0545 -30.7460 -40.3484 -44.8145 5.7071 31.7452 -20.6610 -35.6882 -43.6871 -28.9585 19.4901 3.4408 -30.6804 -40.4172 -44.7517 6.4975 32.2676 -21.4911 -36.1124 -43.9167 -24.5606 20.8799 -1.2956 -30.5663 -37.1057 -30.5663 -1.2956 20.8799 -24.5606 -43.9167 -36.1124 -21.4911 32.2676 6.4975 -44.7517 -40.4172 -30.6804 3.4408 19.4901 -28.9585 -43.6871 -35.6882 -20.6610 31.7452 5.7071 -44.8145 -40.3484 -30.7460 2.0545 20.1704 -26.0021 -43.9103 -36.2897 -22.2931 32.8695 8.8712 -43.9510 -41.4157 -32.2889 -10.5649 24.5002 -8.6991 -44.6005 -38.2482 -26.5165 26.3793 14.8918 -37.7927 -43.0472 -34.7463 -18.9433 30.7118 4.6986 -44.8477 -38.3403
-43.4733 5.6910 31.3316 -19.6506 -35.0333 -43.2141 -36.3926 15.6450 23.9032 -27.0620 -38.5117 -44.6695 -6.5046 25.1967 -11.8191 -32.5489 -41.5934 -43.6655 9.4350 32.9330 -22.6238 -36.4224 -43.9590 -25.2458 20.3124 1.7177 -30.7460 -40.3243 -44.8323 5.4341 31.5470 -20.3715 -35.5447 -43.6044 -30.3592 18.9176 6.0893 -30.2957 -40.2179 -44.8393 5.6633 31.8399 -20.9007 -35.8430 -43.7873 -26.9855 20.2281 0.3957 -30.9028 -40.4702 -45.6371 -40.4702 -30.9028 0.3957 20.2281 -26.9855 -43.7873 -35.8430 -20.9007 31.8399 5.6633 -44.8393 -40.2179 -30.2957 6.0893 18.9176 -30.3592 -43.6044 -35.5447 -20.3715 31.5470 5.4341 -44.8323 -40.3243 -30.7460 1.7177 20.3124 -25.2458 -43.9590 -36.4224 -22.6238 32.9330 9.4350 -43.6655 -41.5934 -32.5489 -11.8191 25.1967 -6.5046 -44.6695 -38.5117 -27.0620 23.9032 15.6450 -36.3926 -43.2141 -35.0333 -19.6506 31.3316 5.6910 -43.4733
5.8084 31.8786 -20.3291 -35.3188 -43.3748 -34.8119 16.4106 20.9445 -27.6073 -38.7733 -44.7311 -4.4775 25.9204 -13.0044 -32.8259 -41.7872 -43.2880 10.0707 32.9136 -23.0341 -36.5960 -44.0277 -24.0382 20.5804 0.7707 -30.8067 -40.3484 -44.8323 5.3371 31.4391 -20.1858 -35.4429 -43.5407 -31.4126 18.4532 8.4794 -29.9147 -40.0412 -44.8888 4.8539 31.3680 -20.3235 -35.5853 -43.6564 -29.2154 19.4696 3.2992 -30.6915 -40.4073 -45.3064 -21.1027 -45.3064 -40.4073 -30.6915 3.2992 19.4696 -29.2154 -43.6564 -35.5853 -20.3235 31.3680 4.8539 -44.8888 -40.0412 -29.9147 8.4794 18.4532 -31.4126 -43.5407 -35.4429 -20.1858 31.4391 5.3371 -44.8323 -40.3484 -30.8067 0.7707 20.5804 -24.0382 -44.0277 -36.5960 -23.0341 32.9136 10.0707 -43.2880 -41.7872 -32.8259 -13.0044 25.9204 -4.4775 -44.7311 -38.7733 -27.6073 20.9445 16.4106 -34.8119 -43.3748 -35.3188 -20.3291 31.8786 5.8084
31.8069 -20.9800 -35.6039 -43.5280 -33.0368 17.1877 17.5397 -28.1566 -39.0321 -44.7859 -2.6558 26.6615 -14.1054 -33.1138 -41.9882 -42.8063 10.7580 32.7488 -23.4995 -36.8027 -44.1095 -22.3925 20.9589 -0.6346 -30.9214 -40.4171 -44.8145 5.4341 31.4391 -20.1231 -35.3891 -43.4992 -32.1123 18.1056 10.4175 -29.6051 -39.8892 -44.9112 4.1063 30.8982 -19.7739 -35.3440 -43.5261 -31.1817 18.6992 6.6644 -30.2617 -40.2183 -44.8551 3.3397 19.9785 3.3397 -44.8551 -40.2183 -30.2617 6.6644 18.6992 -31.1817 -43.5261 -35.3440 -19.7739 30.8982 4.1063 -44.9112 -39.8892 -29.6051 10.4175 18.1056 -32.1123 -43.4992 -35.3891 -20.1231 31.4391 5.4341 -44.8145 -40.4171 -30.9214 -0.6346 20.9589 -22.3925 -44.1095 -36.8027 -23.4995 32.7488 10.7580 -42.8063 -41.9882 -33.1138 -14.1054 26.6615 -2.6558 -44.7859 -39.0321 -28.1566 17.5397 17.1877 -33.0368 -43.5280 -35.6039 -20.9800 31.8069
-20.5795 -35.8886 -43.6747 -31.0578 17.9795 13.8038 -28.7090 -39.2880 -44.8340 -1.0243 27.4099 -15.1246 -33.4070 -42.1891 -42.2086 11.4815 32.3741 -24.0052 -37.0365 -44.1984 -20.3467 21.4372 -2.3467 -31.0817 -40.5245 -44.7763 5.7071 31.5470 -20.1858 -35.3891 -43.4854 -32.4693 17.8928 11.7668 -29.3724 -39.7682 -44.9165 3.4446 30.4669 -19.2765 -35.1253 -43.4038 -32.8535 17.9902 10.1140 -29.7555 -40.0005 -44.8937 4.3163 29.8041 1.7864 29.8041 4.3163 -44.8937 -40.0005 -29.7555 10.1140 17.9902 -32.8535 -43.4038 -35.1253 -19.2765 30.4669 3.4446 -44.9165 -39.7682 -29.3724 11.7668 17.8928 -32.4693 -43.4854 -35.3891 -20.1858 31.5470 5.7071 -44.7763 -40.5245 -31.0817 -2.3467 21.4372 -20.3467 -44.1984 -37.0365 -24.0052 32.3741 11.4815 -42.2086 -42.1891 -33.4070 -15.1246 27.4099 -1.0243 -44.8340 -39.2880 -28.7090 13.8038 17.9795 -31.0578 -43.6747 -35.8886 -20.5795
-33.9567 -43.8163 -28.8635 18.7916 9.9055 -29.2619 -39.5419 -44.8761 0.4366 28.1536 -16.0634 -33.6994 -42.3861 -41.4898 12.2213 31.7235 -24.5391 -37.2883 -44.2924 -17.9963 21.9947 -4.1964 -31.2824 -40.6654 -44.7113 6.1232 31.7452 -20.3715 -35.4429 -43.4992 -32.4693 17.8212 12.4700 -29.2253 -39.6848 -44.9132 2.8990 30.0993 -18.8462 -34.9362 -43.2904 -34.2286 17.3554 13.3768 -29.2771 -39.7821 -44.9151 3.7776 30.5074 -17.9754 -30.5704 -17.9754 30.5074 3.7776 -44.9151 -39.7821 -29.2771 13.3768 17.3554 -34.2286 -43.2904 -34.9362 -18.8462 30.0993 2.8990 -44.9132 -39.6848 -29.2253 12.4700 17.8212 -32.4693 -43.4992 -35.4429 -20.3715 31.7452 6.1232 -44.7113 -40.6654 -31.2824 -4.1964 21.9947 -17.9963 -44.2924 -37.2883 -24.5391 31.7235 12.2213 -41.4898 -42.3861 -33.6994 -16.0634 28.1536 0.4366 -44.8761 -39.5419 -29.2619 9.9055 18.7916 -28.8635 -43.8163 -33.9567
-42.1365 -26.4734 19.6318 6.0677 -29.8181 -39.7931 -44.9081 1.7554 28.8911 -16.9311 -33.9917 -42.5771 -40.6487 12.9635 30.7428 -25.0878 -37.5507 -44.3861 -15.4451 22.6194 -6.0481 -31.5162 -40.8329 -44.6089 6.6596 32.0064 -20.6610 -35.5447 -43.5407 -32.1123 17.8928 12.4700 -29.1752 -39.6398 -44.9080 2.5096 29.8192 -18.4983 -34.7820 -43.1910 -35.3247 16.8052 16.2371 -28.8343 -39.5735 -44.9088 2.8973 30.1717 -18.7500 -34.4385 -40.7878 -34.4385 -18.7500 30.1717 2.8973 -44.9088 -39.5735 -28.8343 16.2371 16.8052 -35.3247 -43.1910 -34.7820 -18.4983 29.8192 2.5096 -44.9080 -39.6398 -29.1752 12.4700 17.8928 -32.1123 -43.5407 -35.5447 -20.6610 32.0064 6.6596 -44.6089 -40.8329 -31.5162 -6.0481 22.6194 -15.4451 -44.3861 -37.5507 -25.0878 30.7428 12.9635 -40.6487 -42.5771 -33.9917 -16.9311 28.8911 1.7554 -44.9081 -39.7931 -29.8181 6.0677 19.6318 -26.4734 -42.1365
-25.4164 20.4418 2.4889 -30.3791 -40.0398 -44.9145 2.9612 29.6157 -17.7415 -34.2833 -42.7630 -39.6734 13.7038 29.3970 -25.6394 -37.8175 -44.4736 -12.8254 23.2956 -7.8248 -31.7755 -41.0218 -44.4579 7.2899 32.2956 -21.0313 -35.6882 -43.6044 -31.4126 18.1056 11.7668 -29.2253 -39.6398 -44.9055 2.3067 29.6413 -18.2524 -34.6673 -43.1132 -36.1572 16.3530 18.5463 -28.4496 -39.3850 -44.8846 1.9377 29.6401 -18.3985 -34.6951 -43.4651 -46.3309 -43.4651 -34.6951 -18.3985 29.6401 1.9377 -44.8846 -39.3850 -28.4496 18.5463 16.3530 -36.1572 -43.1132 -34.6673 -18.2524 29.6413 2.3067 -44.9055 -39.6398 -29.2253 11.7668 18.1056 -31.4126 -43.6044 -35.6882 -21.0313 32.2956 7.2899 -44.4579 -41.0218 -31.7755 -7.8248 23.2956 -12.8254 -44.4736 -37.8175 -25.6394 29.3970 13.7038 -39.6734 -42.7630 -34.2833 -17.7415 29.6157 2.9612 -44.9145 -40.0398 -30.3791 2.4889 20.4418 -25.4164
20.6754 -0.6901 -30.8292 -40.2824 -44.8825 4.0717 30.3143 -18.5047 -34.5727 -42.9429 -38.5461 14.4453 27.6436 -26.1887 -38.0854 -44.5545 -10.2641 24.0043 -9.4622 -32.0549 -41.2242 -44.2468 7.9839 32.5772 -21.4696 -35.8671 -43.6871 -30.3592 18.4532 10.4175 -29.3724 -39.6848 -44.9080 2.3067 29.5807 -18.1259 -34.5971 -43.0593 -36.7317 16.0072 20.2964 -28.1316 -39.2236 -44.8565 0.9960 29.0910 -17.8487 -34.5587 -43.1309 -38.9396 4.2011 -38.9396 -43.1309 -34.5587 -17.8487 29.0910 0.9960 -44.8565 -39.2236 -28.1316 20.2964 16.0072 -36.7317 -43.0593 -34.5971 -18.1259 29.5807 2.3067 -44.9080 -39.6848 -29.3724 10.4175 18.4532 -30.3592 -43.6871 -35.8671 -21.4696 32.5772 7.9839 -44.2468 -41.2242 -32.0549 -9.4622 24.0043 -10.2641 -44.5545 -38.0854 -26.1887 27.6436 14.4453 -38.5461 -42.9429 -34.5727 -18.5047 30.3143 4.0717 -44.8825 -40.2824 -30.8292 -0.6901 20.6754
-3.2572 -31.1484 -40.5231 -44.8079 5.0993 30.9677 -19.2313 -34.8603 -43.1151 -37.2531 15.1937 25.4466 -26.7355 -38.3525 -44.6289 -7.8690 24.7336 -10.9408 -32.3452 -41.4353 -43.9627 8.7197 32.8065 -21.9663 -36.0784 -43.7844 -28.9585 18.9176 8.4794 -29.6051 -39.7682 -44.9132 2.5096 29.6413 -18.1259 -34.5740 -43.0318 -37.0773 15.7657 21.5337 -27.8839 -39.0902 -44.8309 0.1233 28.5911 -17.2848 -34.3617 -42.9770 -37.8373 13.8599 29.4821 13.8599 -37.8373 -42.9770 -34.3617 -17.2848 28.5911 0.1233 -44.8309 -39.0902 -27.8839 21.5337 15.7657 -37.0773 -43.0318 -34.5740 -18.1259 29.6413 2.5096 -44.9132 -39.7682 -29.6051 8.4794 18.9176 -28.9585 -43.7844 -36.0784 -21.9663 32.8065 8.7197 -43.9627 -41.4353 -32.3452 -10.9408 24.7336 -7.8690 -44.6289 -38.3525 -26.7355 25.4466 15.1937 -37.2531 -43.1151 -34.8603 -19.2313 30.9677 5.0993 -44.8079 -40.5231 -31.1484 -3.2572
-29.0938 -40.7602 -44.6845 6.0606 31.5583 -19.9258 -35.1484 -43.2800 -35.7871 15.9512 22.7725 -27.2809 -38.6161 -44.6957 -5.6877 25.4713 -12.2647 -32.6398 -41.6505 -43.5960 9.4802 32.9303 -22.5023 -36.3170 -43.8913 -27.2071 19.4901 6.0893 -29.9147 -39.8892 -44.9165 2.8990 29.8192 -18.2524 -34.5971 -43.0318 -37.1958 15.6404 22.2656 -27.7153 -38.9905 -44.8096 -0.6250 28.1659 -16.7653 -34.1707 -42.8457 -38.3044 14.8605 28.6086 -18.8400 28.6086 14.8605 -38.3044 -42.8457 -34.1707 -16.7653 28.1659 -0.6250 -44.8096 -38.9905 -27.7153 22.2656 15.6404 -37.1958 -43.0318 -34.5971 -18.2524 29.8192 2.8990 -44.9165 -39.8892 -29.9147 6.0893 19.4901 -27.2071 -43.8913 -36.3170 -22.5023 32.9303 9.4802 -43.5960 -41.6505 -32.6398 -12.2647 25.4713 -5.6877 -44.6957 -38.6161 -27.2809 22.7725 15.9512 -35.7871 -43.2800 -35.1484 -19.9258 31.5583 6.0606 -44.6845 -40.7602 -29.0938
-38.9278 -44.5127 6.9743 32.0707 -20.5903 -35.4352 -43.4393 -34.1335 16.7177 19.6280 -27.8282 -38.8766 -44.7546 -3.7288 26.2152 -13.4498 -32.9353 -41.8619 -43.1415 10.2491 32.8966 -23.0557 -36.5721 -44.0021 -25.1043 20.1284 3.4408 -30.2957 -40.0412 -44.9112 3.4446 30.0993 -18.4983 -34.6673 -43.0593 -37.0773 15.6404 22.5060 -27.6266 -38.9302 -44.7936 -1.2115 27.8334 -16.3240 -34.0054 -42.7305 -38.9926 14.6954 25.9389 -26.1566 -34.6232 -26.1566 25.9389 14.6954 -38.9926 -42.7305 -34.0054 -16.3240 27.8334 -1.2115 -44.7936 -38.9302 -27.6266 22.5060 15.6404 -37.0773 -43.0593 -34.6673 -18.4983 30.0993 3.4446 -44.9112 -40.0412 -30.2957 3.4408 20.1284 -25.1043 -44.0021 -36.5721 -23.0557 32.8966 10.2491 -43.1415 -41.8619 -32.9353 -13.4498 26.2152 -3.7288 -44.7546 -38.8766 -27.8282 19.6280 16.7177 -34.1335 -43.4393 -35.4352 -20.5903 32.0707 6.9743 -44.5127 -38.9278
-43.1768 7.8516 32.4881 -21.2304 -35.7189 -43.5899 -32.2674 17.4980 16.0855 -28.3774 -39.1362 -44.8063 -1.9852 26.9622 -14.5254 -33.2296 -42.0682 -42.5917 11.0132 32.6572 -23.6191 -36.8363 -44.1130 -22.7016 20.7699 0.6929 -30.6804 -40.2179 -44.8888 4.1063 30.4669 -18.8462 -34.7820 -43.1132 -36.7317 15.7657 22.2656 -27.6266 -38.9098 -44.7850 -1.5861 27.6050 -15.9896 -33.8773 -42.6366 -39.5901 14.3226 26.4981 -26.7501 -38.2831 -44.1116 -38.2831 -26.7501 26.4981 14.3226 -39.5901 -42.6366 -33.8773 -15.9896 27.6050 -1.5861 -44.7850 -38.9098 -27.6266 22.2656 15.7657 -36.7317 -43.1132 -34.7820 -18.8462 30.4669 4.1063 -44.8888 -40.2179 -30.6804 0.6929 20.7699 -22.7016 -44.1130 -36.8363 -23.6191 32.6572 11.0132 -42.5917 -42.0682 -33.2296 -14.5254 26.9622 -1.9852 -44.8063 -39.1362 -28.3774 16.0855 17.4980 -32.2674 -43.5899 -35.7189 -21.2304 32.4881 7.8516 -43.1768
7.9580 32.7837 -21.8547 -36.0009 -43.7313 -30.1894 18.3006 12.2679 -28.9273 -39.3923 -44.8520 -0.4277 27.7064 -15.5100 -33.5246 -42.2688 -41.9389 11.7682 32.1663 -24.1854 -37.1083 -44.2229 -20.0716 21.4291 -1.9588 -30.9941 -40.4172 -44.8393 4.8539 30.8982 -19.2765 -34.9362 -43.1910 -36.1572 16.0072 21.5337 -27.7153 -38.9302 -44.7850 -1.7099 27.4907 -15.7794 -33.7902 -42.5674 -40.0376 13.9697 27.4754 -26.6151 -38.4426 -45.3209 -38.1950 -45.3209 -38.4426 -26.6151 27.4754 13.9697 -40.0376 -42.5674 -33.7902 -15.7794 27.4907 -1.7099 -44.7850 -38.9302 -27.7153 21.5337 16.0072 -36.1572 -43.1910 -34.9362 -19.2765 30.8982 4.8539 -44.8393 -40.4172 -30.9941 -1.9588 21.4291 -20.0716 -44.2229 -37.1083 -24.1854 32.1663 11.7682 -41.9389 -42.2688 -33.5246 -15.5100 27.7064 -0.4277 -44.8520 -39.3923 -28.9273 12.2679 18.3006 -30.1894 -43.7313 -36.0009 -21.8547 32.7837 7.9580
32.3483 -22.4629 -36.2822 -43.8663 -27.9162 19.1288 8.3447 -29.4804 -39.6435 -44.8915 0.9811 28.4464 -16.4157 -33.8186 -42.4653 -41.1727 12.5147 31.3785 -24.7483 -37.3823 -44.3259 -17.2949 22.1231 -4.3902 -31.2742 -40.6305 -44.7517 5.6633 31.3680 -19.7739 -35.1253 -43.2904 -35.3247 16.3530 20.2964 -27.8839 -38.9905 -44.7936 -1.5861 27.4907 -15.7084 -33.7453 -42.5248 -40.3299 13.6997 28.2673 -26.3895 -38.3669 -44.7358 -9.2240 14.4537 -9.2262 -44.7358 -38.3669 -26.3895 28.2675 13.6985 -40.3300 -42.5248 -33.7453 -15.7084 27.4907 -1.5861 -44.7936 -38.9905 -27.8839 20.2964 16.3530 -35.3247 -43.2904 -35.1253 -19.7739 31.3680 5.6633 -44.7517 -40.6305 -31.2742 -4.3902 22.1231 -17.2949 -44.3259 -37.3823 -24.7483 31.3785 12.5147 -41.1727 -42.4653 -33.8186 -16.4157 28.4464 0.9811 -44.8915 -39.6435 -29.4804 8.3447 19.1288 -27.9162 -43.8663 -36.2822 -22.4629 32.3483
-21.8724 -36.5630 -43.9940 -25.4504 19.9543 4.5682 -30.0420 -39.8918 -44.9150 2.2591 29.1844 -17.2577 -34.1097 -42.6547 -40.2741 13.2558 30.2555 -25.3058 -37.6556 -44.4206 -14.5048 22.8362 -6.5505 -31.5671 -40.8510 -44.6161 6.4975 31.8399 -20.3235 -35.3440 -43.4038 -34.2286 16.8052 18.5463 -28.1316 -39.0902 -44.8096 -1.2115 27.6050 -15.7794 -33.7453 -42.5103 -40.4734 13.5344 28.7787 -26.2032 -38.2699 -44.6634 -6.4118 23.8081 26.7879 23.8071 -6.4156 -44.6634 -38.2686 -26.1991 28.7858 13.5324 -40.4724 -42.5102 -33.7453 -15.7794 27.6050 -1.2115 -44.8096 -39.0902 -28.1316 18.5463 16.8052 -34.2286 -43.4038 -35.3440 -20.3235 31.8399 6.4975 -44.6161 -40.8510 -31.5671 -6.5505 22.8362 -14.5048 -44.4206 -37.6556 -25.3058 30.2555 13.2558 -40.2741 -42.6547 -34.1097 -17.2577 29.1844 2.2591 -44.9150 -39.8918 -30.0420 4.5682 19.9543 -25.4504 -43.9940 -36.5630 -21.8724
-34.6434 -44.1165 -22.8107 20.7119 1.1508 -30.5697 -40.1373 -44.9065 3.4210 29.9048 -18.0528 -34.3993 -42.8359 -39.2330 14.0000 28.7536 -25.8570 -37.9266 -44.5082 -11.8152 23.5602 -8.4283 -31.8652 -41.0766 -44.4231 7.3345 32.2676 -20.9007 -35.5853 -43.5261 -32.8535 17.3554 16.2371 -28.4496 -39.2236 -44.8309 -0.6250 27.8334 -15.9896 -33.7902 -42.5248 -40.4734 13.4785 29.0158 -26.0872 -38.2031 -44.6285 -6.4406 25.4366 -10.5478 -27.3453 -10.5308 25.4350 -6.4320 -44.6260 -38.1886 -26.0763 29.0301 13.4806 -40.4710 -42.5248 -33.7902 -15.9896 27.8334 -0.6250 -44.8309 -39.2236 -28.4496 16.2371 17.3554 -32.8535 -43.5261 -35.5853 -20.9007 32.2676 7.3345 -44.4231 -41.0766 -31.8652 -8.4283 23.5602 -11.8152 -44.5082 -37.9266 -25.8570 28.7536 14.0000 -39.2330 -42.8359 -34.3993 -18.0528 29.9048 3.4210 -44.9065 -40.1373 -30.5697 1.1508 20.7119 -22.8107 -44.1165 -34.6434
-42.4706 -20.0535 21.4193 -1.8361 -30.9653 -40.3798 -44.8579 4.4925 30.5850 -18.8048 -34.6884 -43.0117 -38.0437 14.7484 26.8165 -26.4045 -38.1934 -44.5867 -9.2788 24.2900 -10.0555 -32.1639 -41.3016 -44.1659 8.1639 32.6185 -21.4911 -35.8430 -43.6564 -31.1817 17.9902 13.3768 -28.8343 -39.3850 -44.8565 0.1233 28.1659 -16.3240 -33.8773 -42.5674 -40.3299 13.5335 29.0175 -26.0507 -38.1132 -44.7014 -6.5767 25.6021 -12.5459 -32.3896 -38.7958 -32.3604 -12.5657 25.5885 -6.5993 -44.6975 -38.1117 -26.0383 29.1545 13.5383 -40.3287 -42.5674 -33.8773 -16.3240 28.1659 0.1233 -44.8565 -39.3850 -28.8343 13.3768 17.9902 -31.1817 -43.6564 -35.8430 -21.4911 32.6185 8.1639 -44.1659 -41.3016 -32.1639 -10.0555 24.2900 -9.2788 -44.5867 -38.1934 -26.4045 26.8165 14.7484 -38.0437 -43.0117 -34.6884 -18.8048 30.5850 4.4925 -44.8579 -40.3798 -30.9653 -1.8361 21.4193 -20.0535 -42.4706
-19.1230 22.1555 -4.4028 -31.2679 -40.6173 -44.7643 5.4928 31.2123 -19.5153 -34.9763 -43.1819 -36.6884 15.4974 24.4183 -26.9528 -38.4584 -44.6572 -6.9559 25.0270 -11.4799 -32.4615 -41.5217 -43.8373 8.9767 32.8558 -22.0882 -36.1124 -43.7873 -29.2154 18.6992 10.1140 -29.2771 -39.5735 -44.8846 0.9960 28.5911 -16.7653 -34.0054 -42.6366 -40.0376 13.6989 28.7805 -26.0863 -38.2347 -44.6293 -6.5776 25.4226 -12.6591 -32.8624 -42.0681 -46.2996 -42.0284 -32.8811 -12.9213 25.3588 -7.3424 -44.6188 -38.1605 -26.0810 28.7700 13.7009 -40.0376 -42.6366 -34.0054 -16.7653 28.5911 0.9960 -44.8846 -39.5735 -29.2771 10.1140 18.6992 -29.2154 -43.7873 -36.1124 -22.0882 32.8558 8.9767 -43.8373 -41.5217 -32.4615 -11.4799 25.0270 -6.9559 -44.6572 -38.4584 -26.9528 24.4183 15.4974 -36.6884 -43.1819 -34.9763 -19.5153 31.2123 5.4928 -44.7643 -40.6173 -31.2679 -4.4028 22.1555 -19.1230
22.4230 -6.5821 -31.5683 -40.8504 -44.6218 6.4290 31.7717 -20.1884 -35.2607 -43.3459 -35.1664 16.2467 21.5900 -27.4965 -38.7187 -44.7207 -4.8911 25.7629 -12.7371 -32.7549 -41.7350 -43.4330 9.7649 32.9393 -22.6779 -36.3866 -43.9167 -26.9855 19.4696 6.6644 -29.7555 -39.7821 -44.9088 1.9377 29.0910 -17.2848 -34.1707 -42.7305 -39.5901 13.9697 28.2674 -26.1995 -38.1990 -44.6753 -7.0604 25.5312 -12.9801 -32.9312 -42.0007 -43.5580 -4.4167 -43.5362 -41.9819 -32.9023 -12.7250 25.3117 -6.9147 -44.6003 -38.2129 -26.2065 28.2672 13.9697 -39.5901 -42.7305 -34.1707 -17.2848 29.0910 1.9377 -44.9088 -39.7821 -29.7555 6.6644 19.4696 -26.9855 -43.9167 -36.3866 -22.6779 32.9393 9.7649 -43.4330 -41.7350 -32.7549 -12.7371 25.7629 -4.8911 -44.7207 -38.7187 -27.4965 21.5900 16.2467 -35.1664 -43.3459 -35.2607 -20.1884 31.7717 6.4290 -44.6218 -40.8504 -31.5683 -6.5821 22.4230
