-34.9591 -43.3382 0.1425 28.9605 -17.5156 -32.5275 -41.3283 -35.0725 16.7593 12.9776 -27.1716 -37.7124 -43.5038 3.2581 30.5684 -19.1210 -33.2377 -41.7478 -30.9222 18.7341 4.0674 -28.2342 -38.3209 -43.4781 5.7345 31.7768 -20.5360 -33.9342 -42.1247 -25.6078 20.6189 -3.0649 -29.0690 -38.9087 -43.1916 7.8910 32.3445 -21.8314 -34.6206 -42.4598 -19.3366 22.3696 -8.0115 -29.8192 -39.4736 -42.5653 9.8261 31.9623 -22.7677 -34.6762 -41.0023 -34.6762 -22.7677 31.9623 9.8261 -42.5653 -39.4736 -29.8192 -8.0115 22.3696 -19.3366 -42.4598 -34.6206 -21.8314 32.3445 7.8910 -43.1916 -38.9087 -29.0690 -3.0649 20.6189 -25.6078 -42.1247 -33.9342 -20.5360 31.7768 5.7345 -43.4781 -38.3209 -28.2342 4.0674 18.7341 -30.9222 -41.7478 -33.2377 -19.1210 30.5684 3.2581 -43.5038 -37.7124 -27.1716 12.9776 16.7593 -35.0725 -41.3283 -32.5275 -17.5156 28.9605 0.1425 -43.3382 -34.9591
-43.3382 0.5913 28.8324 -17.5976 -34.5070 -43.0664 -36.1999 16.5277 17.0841 -28.7731 -39.5743 -44.9149 3.1059 30.3980 -19.3190 -35.1830 -43.4587 -32.0413 18.4168 7.8817 -30.1094 -40.1690 -44.8536 5.6163 31.8391 -20.9304 -35.8665 -43.8056 -26.6674 20.3802 -0.4583 -31.1244 -40.7415 -44.5287 7.7843 32.7655 -22.4156 -36.5403 -44.1065 -20.2806 22.0979 -6.4310 -31.8478 -41.2897 -43.8618 9.7370 32.8481 -23.7420 -37.0789 -44.8559 -43.1689 -44.8559 -37.0789 -23.7420 32.8481 9.7370 -43.8618 -41.2897 -31.8478 -6.4310 22.0979 -20.2806 -44.1065 -36.5403 -22.4156 32.7655 7.7843 -44.5287 -40.7415 -31.1244 -0.4583 20.3802 -26.6674 -43.8056 -35.8665 -20.9304 31.8391 5.6163 -44.8536 -40.1690 -30.1094 7.8817 18.4168 -32.0413 -43.4587 -35.1830 -19.3190 30.3980 3.1059 -44.9149 -39.5743 -28.7731 17.0841 16.5277 -36.1999 -43.0664 -34.5070 -17.5976 28.8324 0.5913 -43.3382
0.1425 28.8324 -17.3018 -34.3311 -42.9254 -37.4070 15.8253 20.3322 -28.2437 -39.3246 -44.8812 1.9178 29.7071 -18.5987 -34.8957 -43.2986 -33.9197 17.5942 11.7963 -29.5487 -39.9223 -44.9028 4.6148 31.2835 -20.2747 -35.5819 -43.6636 -29.0409 19.5657 2.7528 -30.7952 -40.5044 -44.6960 6.9048 32.4596 -21.8067 -36.2599 -43.9838 -23.0253 21.3628 -4.2137 -31.5460 -41.0623 -44.1825 8.9365 32.9389 -23.2232 -36.8999 -44.3155 -22.9451 11.0423 -22.9451 -44.3155 -36.8999 -23.2232 32.9389 8.9365 -44.1825 -41.0623 -31.5460 -4.2137 21.3628 -23.0253 -43.9838 -36.2599 -21.8067 32.4596 6.9048 -44.6960 -40.5044 -30.7952 2.7528 19.5657 -29.0409 -43.6636 -35.5819 -20.2747 31.2835 4.6148 -44.9028 -39.9223 -29.5487 11.7963 17.5942 -33.9197 -43.2986 -34.8957 -18.5987 29.7071 1.9178 -44.8812 -39.3246 -28.2437 20.3322 15.8253 -37.4070 -42.9254 -34.3311 -17.3018 28.8324 0.1425
28.9605 -17.5976 -34.3311 -42.8698 -38.0754 15.3234 22.7503 -27.7761 -39.0909 -44.8412 0.6635 29.0000 -17.8468 -34.6091 -43.1348 -35.6001 16.8096 15.6481 -28.9934 -39.6725 -44.9159 3.5465 30.6588 -19.5941 -35.2969 -43.5165 -31.2175 18.7283 6.3557 -30.3358 -40.2639 -44.8153 5.9887 32.0344 -21.1819 -35.9793 -43.8561 -25.6466 20.6578 -1.6217 -31.2447 -40.8332 -44.4387 8.1152 32.8471 -22.6495 -36.6456 -44.1622 -20.7079 19.9213 32.4155 19.9213 -20.7079 -44.1622 -36.6456 -22.6495 32.8471 8.1152 -44.4387 -40.8332 -31.2447 -1.6217 20.6578 -25.6466 -43.8561 -35.9793 -21.1819 32.0344 5.9887 -44.8153 -40.2639 -30.3358 6.3557 18.7283 -31.2175 -43.5165 -35.2969 -19.5941 30.6588 3.5465 -44.9159 -39.6725 -28.9934 15.6481 16.8096 -35.6001 -43.1348 -34.6091 -17.8468 29.0000 0.6635 -44.8412 -39.0909 -27.7761 22.7503 15.3234 -38.0754 -42.8698 -34.3311 -17.5976 28.9605
-17.5156 -34.5070 -42.9254 -38.0754 15.1360 24.0218 -27.4397 -38.9019 -44.8012 -0.5706 28.3280 -17.0902 -34.3317 -42.9674 -37.0661 16.0468 19.2204 -28.4436 -39.4214 -44.8953 2.3973 29.9847 -18.8877 -35.0113 -43.3626 -33.1808 17.9177 10.2070 -29.7751 -40.0209 -44.8865 5.0224 31.5152 -20.5399 -35.6969 -43.7204 -28.0997 19.8942 1.4012 -30.9415 -40.5992 -44.6336 7.2603 32.5980 -22.0519 -36.3721 -44.0368 -22.2982 21.2364 2.1777 -24.8675 2.1777 21.2364 -22.2982 -44.0368 -36.3721 -22.0519 32.5980 7.2603 -44.6336 -40.5992 -30.9415 1.4012 19.8942 -28.0997 -43.7204 -35.6969 -20.5399 31.5152 5.0224 -44.8865 -40.0209 -29.7751 10.2070 17.9177 -33.1808 -43.3626 -35.0113 -18.8877 29.9847 2.3973 -44.8953 -39.4214 -28.4436 19.2204 16.0468 -37.0661 -42.9674 -34.3317 -17.0902 28.3280 -0.5706 -44.8012 -38.9019 -27.4397 24.0218 15.1360 -38.0754 -42.9254 -34.5070 -17.5156
-32.5275 -43.0664 -37.4070 15.3234 24.0218 -27.3160 -38.7944 -44.7701 -1.6203 27.7586 -16.3826 -34.0759 -42.8024 -38.3066 15.3164 22.3473 -27.8992 -39.1666 -44.8565 1.1424 29.2725 -18.1454 -34.7239 -43.2028 -34.9409 17.1258 14.1017 -29.2190 -39.7736 -44.9153 3.9884 30.9189 -19.8729 -35.4127 -43.5780 -30.3602 19.0631 4.8545 -30.5352 -40.3602 -44.7735 6.3625 32.2181 -21.4352 -36.0925 -43.9097 -24.7016 20.8420 -1.1251 -30.5421 -37.0839 -30.5421 -1.1251 20.8420 -24.7016 -43.9097 -36.0925 -21.4352 32.2181 6.3625 -44.7735 -40.3602 -30.5352 4.8545 19.0631 -30.3602 -43.5780 -35.4127 -19.8729 30.9189 3.9884 -44.9153 -39.7736 -29.2190 14.1017 17.1258 -34.9409 -43.2028 -34.7239 -18.1454 29.2725 1.1424 -44.8565 -39.1666 -27.8992 22.3473 15.3164 -38.3066 -42.8024 -34.0759 -16.3826 27.7586 -1.6203 -44.7701 -38.7944 -27.3160 24.0218 15.3234 -37.4070 -43.0664 -32.5275
-41.3283 -36.1999 15.8253 22.7503 -27.4397 -38.7944 -44.7582 -2.2447 27.3679 -15.8060 -33.8607 -42.6525 -39.3129 14.6460 24.9027 -27.3780 -38.9158 -44.8120 -0.2274 28.5408 -17.3612 -34.4354 -43.0355 -36.5132 16.3473 17.8309 -28.6634 -39.5223 -44.9063 2.8715 30.2617 -19.1762 -35.1260 -43.4270 -32.4202 18.2373 8.6480 -29.9982 -40.1178 -44.8633 5.4164 31.7334 -20.7998 -35.8091 -43.7763 -27.1670 20.1762 0.5824 -30.8843 -40.4532 -45.6269 -40.4532 -30.8843 0.5824 20.1762 -27.1670 -43.7763 -35.8091 -20.7998 31.7334 5.4164 -44.8633 -40.1178 -29.9982 8.6480 18.2373 -32.4202 -43.4270 -35.1260 -19.1762 30.2617 2.8715 -44.9063 -39.5223 -28.6634 17.8309 16.3473 -36.5132 -43.0355 -34.4354 -17.3612 28.5408 -0.2274 -44.8120 -38.9158 -27.3780 24.9027 14.6460 -39.3129 -42.6525 -33.8607 -15.8060 27.3679 -2.2447 -44.7582 -38.7944 -27.4397 22.7503 15.8253 -36.1999 -41.3283
-35.0725 16.5277 20.3322 -27.7761 -38.9019 -44.7701 -2.2447 27.2263 -15.4748 -33.7157 -42.5342 -40.0569 14.0696 26.8510 -26.9014 -38.6791 -44.7636 -1.7004 27.8175 -16.5346 -34.1469 -42.8593 -37.8923 15.5841 21.2014 -28.1114 -39.2684 -44.8731 1.6584 29.5608 -18.4474 -34.8382 -43.2675 -34.2678 17.4373 12.5675 -29.4377 -39.8728 -44.9086 4.4128 31.1667 -20.1443 -35.5260 -43.6363 -29.4894 19.3890 3.5612 -30.6603 -40.3935 -45.3117 -21.2804 -45.3117 -40.3935 -30.6603 3.5612 19.3890 -29.4894 -43.6363 -35.5260 -20.1443 31.1667 4.4128 -44.9086 -39.8728 -29.4377 12.5675 17.4373 -34.2678 -43.2675 -34.8382 -18.4474 29.5608 1.6584 -44.8731 -39.2684 -28.1114 21.2014 15.5841 -37.8923 -42.8593 -34.1469 -16.5346 27.8175 -1.7004 -44.7636 -38.6791 -26.9014 26.8510 14.0696 -40.0569 -42.5342 -33.7157 -15.4748 27.2263 -2.2447 -44.7701 -38.9019 -27.7761 20.3322 16.5277 -35.0725
16.7593 17.0841 -28.2437 -39.0909 -44.8012 -1.6203 27.3679 -15.4748 -33.6648 -42.4699 -40.5089 13.6357 28.2046 -26.4896 -38.4657 -44.7133 -3.2338 27.1292 -15.6842 -33.8644 -42.6799 -39.0867 14.8387 24.1102 -27.5654 -39.0124 -44.8305 0.3293 28.8345 -17.6807 -34.5503 -43.1021 -35.9069 16.6581 16.3712 -28.8848 -39.6240 -44.9141 3.3343 30.5339 -19.4619 -35.2410 -43.4880 -31.6200 18.5653 7.1370 -30.2070 -40.1984 -44.8597 3.2613 19.9336 3.2613 -44.8597 -40.1984 -30.2070 7.1370 18.5653 -31.6200 -43.4880 -35.2410 -19.4619 30.5339 3.3343 -44.9141 -39.6240 -28.8848 16.3712 16.6581 -35.9069 -43.1021 -34.5503 -17.6807 28.8345 0.3293 -44.8305 -39.0124 -27.5654 24.1102 14.8387 -39.0867 -42.6799 -33.8644 -15.6842 27.1292 -3.2338 -44.7133 -38.4657 -26.4896 28.2046 13.6357 -40.5089 -42.4699 -33.6648 -15.4748 27.3679 -1.6203 -44.8012 -39.0909 -28.2437 17.0841 16.7593
12.9776 -28.7731 -39.3246 -44.8412 -0.5706 27.7586 -15.8060 -33.7157 -42.4699 -40.6611 13.4002 28.9948 -26.1783 -38.2918 -44.6660 -4.7182 26.5020 -14.8372 -33.5969 -42.5026 -40.1056 14.1133 26.5249 -27.0236 -38.7538 -44.7821 -1.1427 28.0966 -16.8661 -34.2607 -42.9291 -37.3599 15.8920 19.8883 -28.3346 -39.3722 -44.8888 2.1630 29.8493 -18.7472 -34.9537 -43.3313 -33.5511 17.7569 11.0010 -29.6581 -39.9651 -44.8979 4.2197 29.7496 2.0322 29.7496 4.2197 -44.8979 -39.9651 -29.6581 11.0010 17.7569 -33.5511 -43.3313 -34.9537 -18.7472 29.8493 2.1630 -44.8888 -39.3722 -28.3346 19.8883 15.8920 -37.3599 -42.9291 -34.2607 -16.8661 28.0966 -1.1427 -44.7821 -38.7538 -27.0236 26.5249 14.1133 -40.1056 -42.5026 -33.5969 -14.8372 26.5020 -4.7182 -44.6660 -38.2918 -26.1783 28.9948 13.4002 -40.6611 -42.4699 -33.7157 -15.8060 27.7586 -0.5706 -44.8412 -39.3246 -28.7731 12.9776
-27.1716 -39.5743 -44.8812 0.6635 28.3280 -16.3826 -33.8607 -42.5342 -40.5089 13.4002 29.2540 -26.0108 -38.1761 -44.6280 -5.9954 25.9718 -14.0344 -33.3538 -42.3336 -40.9383 13.4238 28.4264 -26.4923 -38.4959 -44.7267 -2.7806 27.3548 -15.9951 -33.9691 -42.7488 -38.6391 15.1355 22.9966 -27.7858 -39.1160 -44.8486 0.8764 29.1273 -17.9925 -34.6655 -43.1678 -35.2743 16.9687 14.8763 -29.1061 -39.7216 -44.9157 3.6163 30.4305 -17.8997 -30.5436 -17.8997 30.4305 3.6163 -44.9157 -39.7216 -29.1061 14.8763 16.9687 -35.2743 -43.1678 -34.6655 -17.9925 29.1273 0.8764 -44.8486 -39.1160 -27.7858 22.9966 15.1355 -38.6391 -42.7488 -33.9691 -15.9951 27.3548 -2.7806 -44.7267 -38.4959 -26.4923 28.4264 13.4238 -40.9383 -42.3336 -33.3538 -14.0344 25.9718 -5.9954 -44.6280 -38.1761 -26.0108 29.2540 13.4002 -40.5089 -42.5342 -33.8607 -16.3826 28.3280 0.6635 -44.8812 -39.5743 -27.1716
-37.7124 -44.9149 1.9178 29.0000 -17.0902 -34.0759 -42.6525 -40.0569 13.6357 28.9948 -26.0108 -38.1355 -44.6054 -6.8717 25.5845 -13.3599 -33.1509 -42.1823 -41.5966 12.7918 29.8468 -25.9890 -38.2450 -44.6661 -4.5795 26.6163 -15.0593 -33.6781 -42.5627 -39.7535 14.3881 25.6320 -27.2390 -38.8567 -44.8025 -0.5417 28.3896 -17.1949 -34.3771 -42.9984 -36.7979 16.1988 18.5208 -28.5561 -39.4726 -44.9009 2.5972 30.0332 -18.6374 -34.4003 -40.7572 -34.4003 -18.6374 30.0332 2.5972 -44.9009 -39.4726 -28.5561 18.5208 16.1988 -36.7979 -42.9984 -34.3771 -17.1949 28.3896 -0.5417 -44.8025 -38.8567 -27.2390 25.6320 14.3881 -39.7535 -42.5627 -33.6781 -15.0593 26.6163 -4.5795 -44.6661 -38.2450 -25.9890 29.8468 12.7918 -41.5966 -42.1823 -33.1509 -13.3599 25.5845 -6.8717 -44.6054 -38.1355 -26.0108 28.9948 13.6357 -40.0569 -42.6525 -34.0759 -17.0902 29.0000 1.9178 -44.9149 -37.7124
-43.5038 3.1059 29.7071 -17.8468 -34.3317 -42.8024 -39.3129 14.0696 28.2046 -26.1783 -38.1761 -44.6054 -7.1803 25.3844 -12.9025 -33.0042 -42.0605 -42.0842 12.2419 30.8529 -25.5294 -38.0098 -44.6026 -6.4905 25.9033 -14.0604 -33.3898 -42.3714 -40.7168 13.6469 27.7936 -26.6936 -38.5959 -44.7503 -2.1129 27.6490 -16.3481 -34.0871 -42.8218 -38.1418 15.4408 21.7941 -28.0080 -39.2189 -44.8652 1.3937 29.3931 -18.1977 -34.6328 -43.4313 -46.3468 -43.4313 -34.6328 -18.1977 29.3931 1.3937 -44.8652 -39.2189 -28.0080 21.7941 15.4408 -38.1418 -42.8218 -34.0871 -16.3481 27.6490 -2.1129 -44.7503 -38.5959 -26.6936 27.7936 13.6469 -40.7168 -42.3714 -33.3898 -14.0604 25.9033 -6.4905 -44.6026 -38.0098 -25.5294 30.8529 12.2419 -42.0842 -42.0605 -33.0042 -12.9025 25.3844 -7.1803 -44.6054 -38.1761 -26.1783 28.2046 14.0696 -39.3129 -42.8024 -34.3317 -17.8468 29.7071 3.1059 -43.5038
3.2581 30.3980 -18.5987 -34.6091 -42.9674 -38.3066 14.6460 26.8510 -26.4896 -38.2918 -44.6280 -6.8717 25.3844 -12.7368 -32.9254 -41.9812 -42.4037 11.8101 31.5194 -25.1271 -37.8000 -44.5393 -8.4438 25.2374 -13.0235 -33.1103 -42.1795 -41.5347 12.9106 29.5112 -26.1472 -38.3327 -44.6910 -3.8733 26.9041 -15.4364 -33.7956 -42.6397 -39.3202 14.6896 24.6213 -27.4606 -38.9606 -44.8214 0.0427 28.6795 -17.4905 -34.4548 -43.0813 -39.2126 3.9738 -39.2126 -43.0813 -34.4548 -17.4905 28.6795 0.0427 -44.8214 -38.9606 -27.4606 24.6213 14.6896 -39.3202 -42.6397 -33.7956 -15.4364 26.9041 -3.8733 -44.6910 -38.3327 -26.1472 29.5112 12.9106 -41.5347 -42.1795 -33.1103 -13.0235 25.2374 -8.4438 -44.5393 -37.8000 -25.1271 31.5194 11.8101 -42.4037 -41.9812 -32.9254 -12.7368 25.3844 -6.8717 -44.6280 -38.2918 -26.4896 26.8510 14.6460 -38.3066 -42.9674 -34.6091 -18.5987 30.3980 3.2581
30.5684 -19.3190 -34.8957 -43.1348 -37.0661 15.3164 24.9027 -26.9014 -38.4657 -44.6660 -5.9954 25.5845 -12.9025 -32.9254 -41.9536 -42.5620 11.5330 31.9061 -24.8141 -37.6267 -44.4786 -10.3075 24.6361 -11.9804 -32.8475 -41.9929 -42.2107 12.1967 30.8069 -25.6013 -38.0666 -44.6245 -5.8397 26.1575 -14.4456 -33.5017 -42.4501 -40.3489 13.9420 26.9837 -26.9114 -38.7000 -44.7714 -1.4633 27.9450 -16.6848 -34.1925 -42.8941 -38.3247 13.6284 29.2780 13.6284 -38.3247 -42.8941 -34.1925 -16.6848 27.9450 -1.4633 -44.7714 -38.7000 -26.9114 26.9837 13.9420 -40.3489 -42.4501 -33.5017 -14.4456 26.1575 -5.8397 -44.6245 -38.0666 -25.6013 30.8069 12.1967 -42.2107 -41.9929 -32.8475 -11.9804 24.6361 -10.3075 -44.4786 -37.6267 -24.8141 31.9061 11.5330 -42.5620 -41.9536 -32.9254 -12.9025 25.5845 -5.9954 -44.6660 -38.4657 -26.9014 24.9027 15.3164 -37.0661 -43.1348 -34.8957 -19.3190 30.5684
-19.1210 -35.1830 -43.2986 -35.6001 16.0468 22.3473 -27.3780 -38.6791 -44.7133 -4.7182 25.9718 -13.3599 -33.0042 -41.9812 -42.5620 11.4372 32.0783 -24.6141 -37.5017 -44.4294 -11.9161 24.1283 -10.9689 -32.6091 -41.8176 -42.7549 11.5174 31.7190 -25.0706 -37.8041 -44.5506 -8.0220 25.4181 -13.3630 -33.2070 -42.2536 -41.2359 13.1988 28.8837 -26.3625 -38.4377 -44.7149 -3.1417 27.2033 -15.8104 -33.9091 -42.7117 -39.0253 14.4896 29.3148 -18.5176 29.3148 14.4896 -39.0253 -42.7117 -33.9091 -15.8104 27.2033 -3.1417 -44.7149 -38.4377 -26.3625 28.8837 13.1988 -41.2359 -42.2536 -33.2070 -13.3630 25.4181 -8.0220 -44.5506 -37.8041 -25.0706 31.7190 11.5174 -42.7549 -41.8176 -32.6091 -10.9689 24.1283 -11.9161 -44.4294 -37.5017 -24.6141 32.0783 11.4372 -42.5620 -41.9812 -33.0042 -13.3599 25.9718 -4.7182 -44.7133 -38.6791 -27.3780 22.3473 16.0468 -35.6001 -43.2986 -35.1830 -19.1210
-33.2377 -43.4587 -33.9197 16.8096 19.2204 -27.8992 -38.9158 -44.7636 -3.2338 26.5020 -14.0344 -33.1509 -42.0605 -42.4037 11.5330 32.0783 -24.5430 -37.4366 -44.3981 -13.1028 23.7379 -10.0759 -32.4075 -41.6610 -43.1773 10.8842 32.3155 -24.5685 -37.5536 -44.4719 -10.3657 24.6947 -12.1832 -32.9142 -42.0526 -41.9929 12.4576 30.3549 -25.8145 -38.1727 -44.6510 -5.0224 26.4592 -14.8568 -33.6192 -42.5247 -39.9906 14.1214 27.3506 -25.8537 -34.4692 -25.8537 27.3506 14.1214 -39.9906 -42.5247 -33.6192 -14.8568 26.4592 -5.0224 -44.6510 -38.1727 -25.8145 30.3549 12.4576 -41.9929 -42.0526 -32.9142 -12.1832 24.6947 -10.3657 -44.4719 -37.5536 -24.5685 32.3155 10.8842 -43.1773 -41.6610 -32.4075 -10.0759 23.7379 -13.1028 -44.3981 -37.4366 -24.5430 32.0783 11.5330 -42.4037 -42.0605 -33.1509 -14.0344 26.5020 -3.2338 -44.7636 -38.9158 -27.8992 19.2204 16.8096 -33.9197 -43.4587 -33.2377
-41.7478 -32.0413 17.5942 15.6481 -28.4436 -39.1666 -44.8120 -1.7004 27.1292 -14.8372 -33.3538 -42.1823 -42.0842 11.8101 31.9061 -24.6141 -37.4366 -44.3859 -13.7286 23.4900 -9.3972 -32.2526 -41.5303 -43.4891 10.3254 32.6681 -24.1073 -37.3196 -44.3912 -12.7586 24.0001 -10.9037 -32.6258 -41.8483 -42.6337 11.7120 31.4484 -25.2633 -37.9052 -44.5805 -7.1277 25.7149 -13.8143 -33.3254 -42.3315 -40.9037 13.4640 28.4370 -26.3031 -38.0876 -43.9767 -38.0876 -26.3031 28.4370 13.4640 -40.9037 -42.3315 -33.3254 -13.8143 25.7149 -7.1277 -44.5805 -37.9052 -25.2633 31.4484 11.7120 -42.6337 -41.8483 -32.6258 -10.9037 24.0001 -12.7586 -44.3912 -37.3196 -24.1073 32.6681 10.3254 -43.4891 -41.5303 -32.2526 -9.3972 23.4900 -13.7286 -44.3859 -37.4366 -24.6141 31.9061 11.8101 -42.0842 -42.1823 -33.3538 -14.8372 27.1292 -1.7004 -44.8120 -39.1666 -28.4436 15.6481 17.5942 -32.0413 -41.7478
-30.9222 18.4168 11.7963 -28.9934 -39.4214 -44.8565 -0.2274 27.8175 -15.6842 -33.5969 -42.3336 -41.5966 12.2419 31.5194 -24.8141 -37.5017 -44.3981 -13.7286 23.4054 -9.0247 -32.1544 -41.4356 -43.7023 9.8685 32.8475 -23.6999 -37.1096 -44.3103 -15.0784 23.3530 -9.5258 -32.3466 -41.6450 -43.1646 10.9667 32.2063 -24.7081 -37.6356 -44.5015 -9.4691 24.9714 -12.6612 -33.0304 -42.1324 -41.7049 12.7447 29.8726 -25.9632 -38.1729 -45.2660 -39.2813 -45.2660 -38.1729 -25.9632 29.8726 12.7447 -41.7049 -42.1324 -33.0304 -12.6612 24.9714 -9.4691 -44.5015 -37.6356 -24.7081 32.2063 10.9667 -43.1646 -41.6450 -32.3466 -9.5258 23.3530 -15.0784 -44.3103 -37.1096 -23.6999 32.8475 9.8685 -43.7023 -41.4356 -32.1544 -9.0247 23.4054 -13.7286 -44.3981 -37.5017 -24.8141 31.5194 12.2419 -41.5966 -42.3336 -33.5969 -15.6842 27.8175 -0.2274 -44.8565 -39.4214 -28.9934 11.7963 18.4168 -30.9222
18.7341 7.8817 -29.5487 -39.6725 -44.8953 1.1424 28.5408 -16.5346 -33.8644 -42.5026 -40.9383 12.7918 30.8529 -25.1271 -37.6267 -44.4294 -13.1028 23.4900 -9.0247 -32.1209 -41.3871 -43.8246 9.5442 32.9184 -23.3647 -36.9315 -44.2366 -17.1939 22.7731 -8.0945 -32.0836 -41.4470 -43.5919 10.2344 32.6716 -24.1537 -37.3649 -44.4133 -12.0165 24.2337 -11.3784 -32.7353 -41.9281 -42.3923 12.0098 31.0657 -25.4640 -37.9849 -44.6623 -11.9240 13.7664 -11.9240 -44.6623 -37.9849 -25.4640 31.0657 12.0098 -42.3923 -41.9281 -32.7353 -11.3784 24.2337 -12.0165 -44.4133 -37.3649 -24.1537 32.6716 10.2344 -43.5919 -41.4470 -32.0836 -8.0945 22.7731 -17.1939 -44.2366 -36.9315 -23.3647 32.9184 9.5442 -43.8246 -41.3871 -32.1209 -9.0247 23.4900 -13.1028 -44.4294 -37.6267 -25.1271 30.8529 12.7918 -40.9383 -42.5026 -33.8644 -16.5346 28.5408 1.1424 -44.8953 -39.6725 -29.5487 7.8817 18.7341
4.0674 -30.1094 -39.9223 -44.9159 2.3973 29.2725 -17.3612 -34.1469 -42.6799 -40.1056 13.4238 29.8468 -25.5294 -37.8000 -44.4786 -11.9161 23.7379 -9.3972 -32.1544 -41.3871 -43.8635 9.3779 32.9364 -23.1299 -36.7969 -44.1759 -18.9813 22.2764 -6.6862 -31.8453 -41.2608 -43.9254 9.5292 32.8946 -23.6118 -37.0993 -44.3198 -14.6851 23.5078 -9.9384 -32.4390 -41.7183 -42.9742 11.2602 31.9441 -24.9250 -37.7353 -44.5445 -9.8531 22.8187 29.0261 22.8187 -9.8531 -44.5445 -37.7353 -24.9250 31.9441 11.2602 -42.9742 -41.7183 -32.4390 -9.9384 23.5078 -14.6851 -44.3198 -37.0993 -23.6118 32.8946 9.5292 -43.9254 -41.2608 -31.8453 -6.6862 22.2764 -18.9813 -44.1759 -36.7969 -23.1299 32.9364 9.3779 -43.8635 -41.3871 -32.1544 -9.3972 23.7379 -11.9161 -44.4786 -37.8000 -25.5294 29.8468 13.4238 -40.1056 -42.6799 -34.1469 -17.3612 29.2725 2.3973 -44.9159 -39.9223 -30.1094 4.0674
-28.2342 -40.1690 -44.9028 3.5465 29.9847 -18.1454 -34.4354 -42.8593 -39.0867 14.1133 28.4264 -25.9890 -38.0098 -44.5393 -10.3075 24.1283 -10.0759 -32.2526 -41.4356 -43.8246 9.3779 32.9383 -23.0101 -36.7130 -44.1313 -20.3246 21.8787 -5.3742 -31.6409 -41.0938 -44.1762 8.8663 32.9355 -23.0921 -36.8449 -44.2224 -17.3703 22.8017 -8.3144 -32.1420 -41.5034 -43.4607 10.4977 32.5269 -24.3704 -37.4693 -44.4522 -11.3327 24.1058 -7.9253 -26.7045 -7.9253 24.1058 -11.3327 -44.4522 -37.4693 -24.3704 32.5269 10.4977 -43.4607 -41.5034 -32.1420 -8.3144 22.8017 -17.3703 -44.2224 -36.8449 -23.0921 32.9355 8.8663 -44.1762 -41.0938 -31.6409 -5.3742 21.8787 -20.3246 -44.1313 -36.7130 -23.0101 32.9383 9.3779 -43.8246 -41.4356 -32.2526 -10.0759 24.1283 -10.3075 -44.5393 -38.0098 -25.9890 28.4264 14.1133 -39.0867 -42.8593 -34.4354 -18.1454 29.9847 3.5465 -44.9028 -40.1690 -28.2342
-38.3209 -44.8536 4.6148 30.6588 -18.8877 -34.7239 -43.0355 -37.8923 14.8387 26.5249 -26.4923 -38.2450 -44.6026 -8.4438 24.6361 -10.9689 -32.4075 -41.5303 -43.7023 9.5442 32.9364 -23.0101 -36.6836 -44.1076 -21.1600 21.5994 -4.2841 -31.4769 -40.9544 -44.3572 8.2705 32.8551 -22.6102 -36.6067 -44.1228 -19.9570 22.1269 -6.5063 -31.8502 -41.2857 -43.8609 9.7224 32.8451 -23.8010 -37.1972 -44.3581 -13.7304 23.6900 -9.6735 -31.7835 -38.2746 -31.7835 -9.6735 23.6900 -13.7304 -44.3581 -37.1972 -23.8010 32.8451 9.7224 -43.8609 -41.2857 -31.8502 -6.5063 22.1269 -19.9570 -44.1228 -36.6067 -22.6102 32.8551 8.2705 -44.3572 -40.9544 -31.4769 -4.2841 21.5994 -21.1600 -44.1076 -36.6836 -23.0101 32.9364 9.5442 -43.7023 -41.5303 -32.4075 -10.9689 24.6361 -8.4438 -44.6026 -38.2450 -26.4923 26.5249 14.8387 -37.8923 -43.0355 -34.7239 -18.8877 30.6588 4.6148 -44.8536 -38.3209
-43.4781 5.6163 31.2835 -19.5941 -35.0113 -43.2028 -36.5132 15.5841 24.1102 -27.0236 -38.4959 -44.6661 -6.4905 25.2374 -11.9804 -32.6091 -41.6610 -43.4891 9.8685 32.9184 -23.1299 -36.7130 -44.1076 -21.4438 21.4546 -3.5589 -31.3591 -40.8474 -44.4807 7.7655 32.7103 -22.1815 -36.3930 -44.0262 -22.3090 21.4954 -4.5136 -31.5695 -41.0703 -44.1784 8.9367 32.9390 -23.2272 -36.9222 -44.2571 -16.4186 23.0400 -8.7390 -32.0905 -41.4752 -46.1381 -41.4752 -32.0905 -8.7390 23.0400 -16.4186 -44.2571 -36.9222 -23.2272 32.9390 8.9367 -44.1784 -41.0703 -31.5695 -4.5136 21.4954 -22.3090 -44.0262 -36.3930 -22.1815 32.7103 7.7655 -44.4807 -40.8474 -31.3591 -3.5589 21.4546 -21.4438 -44.1076 -36.7130 -23.1299 32.9184 9.8685 -43.4891 -41.6610 -32.6091 -11.9804 25.2374 -6.4905 -44.6661 -38.4959 -27.0236 24.1102 15.5841 -36.5132 -43.2028 -35.0113 -19.5941 31.2835 5.6163 -43.4781
5.7345 31.8391 -20.2747 -35.2969 -43.3626 -34.9409 16.3473 21.2014 -27.5654 -38.7538 -44.7267 -4.5795 25.9033 -13.0235 -32.8475 -41.8176 -43.1773 10.3254 32.8475 -23.3647 -36.7969 -44.1313 -21.1600 21.4546 -3.3004 -31.2974 -40.7780 -44.5577 7.3700 32.5507 -21.8190 -36.2105 -43.9379 -24.3454 20.9253 -2.3816 -31.3044 -40.8623 -44.4202 8.1527 32.8503 -22.6542 -36.6485 -44.1477 -19.2038 22.3412 -7.1102 -31.9193 -41.3307 -44.5918 -10.2034 -44.5918 -41.3307 -31.9193 -7.1102 22.3412 -19.2038 -44.1477 -36.6485 -22.6542 32.8503 8.1527 -44.4202 -40.8623 -31.3044 -2.3816 20.9253 -24.3454 -43.9379 -36.2105 -21.8190 32.5507 7.3700 -44.5577 -40.7780 -31.2974 -3.3004 21.4546 -21.1600 -44.1313 -36.7969 -23.3647 32.8475 10.3254 -43.1773 -41.8176 -32.8475 -13.0235 25.9033 -4.5795 -44.7267 -38.7538 -27.5654 21.2014 16.3473 -34.9409 -43.3626 -35.2969 -20.2747 31.8391 5.7345
31.7768 -20.9304 -35.5819 -43.5165 -33.1808 17.1258 17.8309 -28.1114 -39.0124 -44.7821 -2.7806 26.6163 -14.0604 -33.1103 -41.9929 -42.7549 10.8842 32.6681 -23.6999 -36.9315 -44.1759 -20.3246 21.5994 -3.5589 -31.2974 -40.7542 -44.5950 7.1138 32.4147 -21.5425 -36.0637 -43.8606 -26.0141 20.4330 -0.2426 -31.0643 -40.6676 -44.5966 7.3868 32.6280 -22.0876 -36.3812 -44.0335 -21.9521 21.6355 -5.0804 -31.6504 -41.1360 -44.2174 7.1219 22.8219 7.1219 -44.2174 -41.1360 -31.6504 -5.0804 21.6355 -21.9521 -44.0335 -36.3812 -22.0876 32.6280 7.3868 -44.5966 -40.6676 -31.0643 -0.2426 20.4330 -26.0141 -43.8606 -36.0637 -21.5425 32.4147 7.1138 -44.5950 -40.7542 -31.2974 -3.5589 21.5994 -20.3246 -44.1759 -36.9315 -23.6999 32.6681 10.8842 -42.7549 -41.9929 -33.1103 -14.0604 26.6163 -2.7806 -44.7821 -39.0124 -28.1114 17.8309 17.1258 -33.1808 -43.5165 -35.5819 -20.9304 31.7768
-20.5360 -35.8665 -43.6636 -31.2175 17.9177 14.1017 -28.6634 -39.2684 -44.8305 -1.1427 27.3548 -15.0593 -33.3898 -42.1795 -42.2107 11.5174 32.3155 -24.1073 -37.1096 -44.2366 -18.9813 21.8787 -4.2841 -31.3591 -40.7780 -44.5950 7.0244 32.3363 -21.3645 -35.9591 -43.7995 -27.2808 19.9941 1.7561 -30.8547 -40.4927 -44.7196 6.6575 32.3170 -21.5382 -36.1240 -43.9172 -24.5262 20.9451 -2.6922 -31.3580 -40.9166 -44.3791 7.9261 32.1790 -8.1284 32.1790 7.9261 -44.3791 -40.9166 -31.3580 -2.6922 20.9451 -24.5262 -43.9172 -36.1240 -21.5382 32.3170 6.6575 -44.7196 -40.4927 -30.8547 1.7561 19.9941 -27.2808 -43.7995 -35.9591 -21.3645 32.3363 7.0244 -44.5950 -40.7780 -31.3591 -4.2841 21.8787 -18.9813 -44.2366 -37.1096 -24.1073 32.3155 11.5174 -42.2107 -42.1795 -33.3898 -15.0593 27.3548 -1.1427 -44.8305 -39.2684 -28.6634 14.1017 17.9177 -31.2175 -43.6636 -35.8665 -20.5360
-33.9342 -43.8056 -29.0409 18.7283 10.2070 -29.2190 -39.5223 -44.8731 0.3293 28.0966 -15.9951 -33.6781 -42.3714 -41.5347 12.1967 31.7190 -24.5685 -37.3196 -44.3103 -17.1939 22.2764 -5.3742 -31.4769 -40.8474 -44.5577 7.1138 32.3363 -21.3010 -35.9044 -43.7596 -28.1470 19.6286 3.4853 -30.6256 -40.3411 -44.8009 5.9821 31.9651 -21.0179 -35.8803 -43.7986 -26.8484 20.2665 0.0312 -31.0650 -40.6898 -44.5713 7.4603 32.5467 -20.7396 -31.8010 -20.7396 32.5467 7.4603 -44.5713 -40.6898 -31.0650 0.0312 20.2665 -26.8484 -43.7986 -35.8803 -21.0179 31.9651 5.9821 -44.8009 -40.3411 -30.6256 3.4853 19.6286 -28.1470 -43.7596 -35.9044 -21.3010 32.3363 7.1138 -44.5577 -40.8474 -31.4769 -5.3742 22.2764 -17.1939 -44.3103 -37.3196 -24.5685 31.7190 12.1967 -41.5347 -42.3714 -33.6781 -15.9951 28.0966 0.3293 -44.8731 -39.5223 -29.2190 10.2070 18.7283 -29.0409 -43.8056 -33.9342
-42.1247 -26.6674 19.5657 6.3557 -29.7751 -39.7736 -44.9063 1.6584 28.8345 -16.8661 -33.9691 -42.5627 -40.7168 12.9106 30.8069 -25.0706 -37.5536 -44.3912 -15.0784 22.7731 -6.6862 -31.6409 -40.9544 -44.4807 7.3700 32.4147 -21.3645 -35.9044 -43.7452 -28.5938 19.3930 4.7554 -30.3969 -40.2187 -44.8510 5.3835 31.6133 -20.5467 -35.6592 -43.6835 -28.8856 19.5595 3.0023 -30.7476 -40.4639 -44.7231 6.6933 32.3251 -21.3349 -35.5879 -41.8446 -35.5879 -21.3349 32.3251 6.6933 -44.7231 -40.4639 -30.7476 3.0023 19.5595 -28.8856 -43.6835 -35.6592 -20.5467 31.6133 5.3835 -44.8510 -40.2187 -30.3969 4.7554 19.3930 -28.5938 -43.7452 -35.9044 -21.3645 32.4147 7.3700 -44.4807 -40.9544 -31.6409 -6.6862 22.7731 -15.0784 -44.3912 -37.5536 -25.0706 30.8069 12.9106 -40.7168 -42.5627 -33.9691 -16.8661 28.8345 1.6584 -44.9063 -39.7736 -29.7751 6.3557 19.5657 -26.6674 -42.1247
-25.6078 20.3802 2.7528 -30.3358 -40.0209 -44.9153 2.8715 29.5608 -17.6807 -34.2607 -42.7488 -39.7535 13.6469 29.5112 -25.6013 -37.8041 -44.4719 -12.7586 23.3530 -8.0945 -31.8453 -41.0938 -44.3572 7.7655 32.5507 -21.5425 -35.9591 -43.7596 -28.5938 19.3096 5.4319 -30.2453 -40.1334 -44.8790 4.8944 31.2961 -20.1400 -35.4689 -43.5797 -30.5941 18.8779 6.0416 -30.3365 -40.2468 -44.8254 5.8431 31.9322 -20.9728 -35.7835 -44.1763 -45.5545 -44.1763 -35.7835 -20.9728 31.9322 5.8431 -44.8254 -40.2468 -30.3365 6.0416 18.8779 -30.5941 -43.5797 -35.4689 -20.1400 31.2961 4.8944 -44.8790 -40.1334 -30.2453 5.4319 19.3096 -28.5938 -43.7596 -35.9591 -21.5425 32.5507 7.7655 -44.3572 -41.0938 -31.8453 -8.0945 23.3530 -12.7586 -44.4719 -37.8041 -25.6013 29.5112 13.6469 -39.7535 -42.7488 -34.2607 -17.6807 29.5608 2.8715 -44.9153 -40.0209 -30.3358 2.7528 20.3802 -25.6078
20.6189 -0.4583 -30.7952 -40.2639 -44.8865 3.9884 30.2617 -18.4474 -34.5503 -42.9291 -38.6391 14.3881 27.7936 -26.1472 -38.0666 -44.5506 -10.3657 24.0001 -9.5258 -32.0836 -41.2608 -44.1762 8.2705 32.7103 -21.8190 -36.0637 -43.7995 -28.1470 19.3930 5.4319 -30.1905 -40.0893 -44.8921 4.5427 31.0462 -19.8120 -35.3125 -43.4887 -31.9653 18.2912 8.9461 -29.8857 -40.0432 -44.8856 4.9747 31.4540 -20.4269 -35.6141 -43.7301 -33.4107 7.6013 -33.4107 -43.7301 -35.6141 -20.4269 31.4540 4.9747 -44.8856 -40.0432 -29.8857 8.9461 18.2912 -31.9653 -43.4887 -35.3125 -19.8120 31.0462 4.5427 -44.8921 -40.0893 -30.1905 5.4319 19.3930 -28.1470 -43.7995 -36.0637 -21.8190 32.7103 8.2705 -44.1762 -41.2608 -32.0836 -9.5258 24.0001 -10.3657 -44.5506 -38.0666 -26.1472 27.7936 14.3881 -38.6391 -42.9291 -34.5503 -18.4474 30.2617 3.9884 -44.8865 -40.2639 -30.7952 -0.4583 20.6189
-3.0649 -31.1244 -40.5044 -44.8153 5.0224 30.9189 -19.1762 -34.8382 -43.1021 -37.3599 15.1355 25.6320 -26.6936 -38.3327 -44.6245 -8.0220 24.6947 -10.9037 -32.3466 -41.4470 -43.9254 8.8663 32.8551 -22.1815 -36.2105 -43.8606 -27.2808 19.6286 4.7554 -30.2453 -40.0893 -44.8958 4.3532 30.8796 -19.5793 -35.1953 -43.4149 -33.0209 17.8072 11.5303 -29.4885 -39.8576 -44.9124 4.1114 30.9374 -19.8442 -35.3791 -43.5636 -31.8368 16.4929 31.7149 16.4929 -31.8368 -43.5636 -35.3791 -19.8442 30.9374 4.1114 -44.9124 -39.8576 -29.4885 11.5303 17.8072 -33.0209 -43.4149 -35.1953 -19.5793 30.8796 4.3532 -44.8958 -40.0893 -30.2453 4.7554 19.6286 -27.2808 -43.8606 -36.2105 -22.1815 32.8551 8.8663 -43.9254 -41.4470 -32.3466 -10.9037 24.6947 -8.0220 -44.6245 -38.3327 -26.6936 25.6320 15.1355 -37.3599 -43.1021 -34.8382 -19.1762 30.9189 5.0224 -44.8153 -40.5044 -31.1244 -3.0649
-29.0690 -40.7415 -44.6960 5.9887 31.5152 -19.8729 -35.1260 -43.2675 -35.9069 15.8920 22.9966 -27.2390 -38.5959 -44.6910 -5.8397 25.4181 -12.1832 -32.6258 -41.6450 -43.5919 9.5292 32.9355 -22.6102 -36.3930 -43.9379 -26.0141 19.9941 3.4853 -30.3969 -40.1334 -44.8921 4.3532 30.8187 -19.4560 -35.1221 -43.3615 -33.7640 17.4327 13.6190 -29.1552 -39.6959 -44.9154 3.2866 30.4205 -19.2692 -35.1375 -43.4224 -32.8227 17.5700 19.1587 -21.6778 19.1587 17.5700 -32.8227 -43.4224 -35.1375 -19.2692 30.4205 3.2866 -44.9154 -39.6959 -29.1552 13.6190 17.4327 -33.7640 -43.3615 -35.1221 -19.4560 30.8187 4.3532 -44.8921 -40.1334 -30.3969 3.4853 19.9941 -26.0141 -43.9379 -36.3930 -22.6102 32.9355 9.5292 -43.5919 -41.6450 -32.6258 -12.1832 25.4181 -5.8397 -44.6910 -38.5959 -27.2390 22.9966 15.8920 -35.9069 -43.2675 -35.1260 -19.8729 31.5152 5.9887 -44.6960 -40.7415 -29.0690
-38.9087 -44.5287 6.9048 32.0344 -20.5399 -35.4127 -43.4270 -34.2678 16.6581 19.8883 -27.7858 -38.8567 -44.7503 -3.8733 26.1575 -13.3630 -32.9142 -41.8483 -43.1646 10.2344 32.8946 -23.0921 -36.6067 -44.0262 -24.3454 20.4330 1.7561 -30.6256 -40.2187 -44.8790 4.5427 30.8796 -19.4560 -35.0965 -43.3316 -34.2024 17.1776 15.1476 -28.8985 -39.5632 -44.9041 2.5420 29.9442 -18.7331 -34.9120 -43.2889 -34.2052 17.2987 15.0083 -28.1347 -35.7198 -28.1347 15.0083 17.2987 -34.2052 -43.2889 -34.9120 -18.7331 29.9442 2.5420 -44.9041 -39.5632 -28.8985 15.1476 17.1776 -34.2024 -43.3316 -35.0965 -19.4560 30.8796 4.5427 -44.8790 -40.2187 -30.6256 1.7561 20.4330 -24.3454 -44.0262 -36.6067 -23.0921 32.8946 10.2344 -43.1646 -41.8483 -32.9142 -13.3630 26.1575 -3.8733 -44.7503 -38.8567 -27.7858 19.8883 16.6581 -34.2678 -43.4270 -35.4127 -20.5399 32.0344 6.9048 -44.5287 -38.9087
-43.1916 7.7843 32.4596 -21.1819 -35.6969 -43.5780 -32.4202 17.4373 16.3712 -28.3346 -39.1160 -44.8025 -2.1129 26.9041 -14.4456 -33.2070 -42.0526 -42.6337 10.9667 32.6716 -23.6118 -36.8449 -44.1228 -22.3090 20.9253 -0.2426 -30.8547 -40.3411 -44.8510 4.8944 31.0462 -19.5793 -35.1221 -43.3316 -34.3454 17.0478 16.0620 -28.7223 -39.4638 -44.8884 1.9050 29.5299 -18.2600 -34.7133 -43.1682 -35.4729 16.7599 16.5951 -28.6182 -39.2549 -44.8459 -39.2549 -28.6182 16.5951 16.7599 -35.4729 -43.1682 -34.7133 -18.2600 29.5299 1.9050 -44.8884 -39.4638 -28.7223 16.0620 17.0478 -34.3454 -43.3316 -35.1221 -19.5793 31.0462 4.8944 -44.8510 -40.3411 -30.8547 -0.2426 20.9253 -22.3090 -44.1228 -36.8449 -23.6118 32.6716 10.9667 -42.6337 -42.0526 -33.2070 -14.4456 26.9041 -2.1129 -44.8025 -39.1160 -28.3346 16.3712 17.4373 -32.4202 -43.5780 -35.6969 -21.1819 32.4596 7.7843 -43.1916
7.8910 32.7655 -21.8067 -35.9793 -43.7204 -30.3602 18.2373 12.5675 -28.8848 -39.3722 -44.8486 -0.5417 27.6490 -15.4364 -33.5017 -42.2536 -41.9929 11.7120 32.2063 -24.1537 -37.0993 -44.2224 -19.9570 21.4954 -2.3816 -31.0643 -40.4927 -44.8009 5.3835 31.2961 -19.8120 -35.1953 -43.3615 -34.2024 17.0478 16.3521 -28.6321 -39.4023 -44.8757 1.4176 29.1988 -17.8609 -34.5466 -43.0613 -36.5201 16.2214 18.9784 -28.3726 -39.3106 -45.4518 -32.2536 -45.4518 -39.3106 -28.3726 18.9784 16.2214 -36.5201 -43.0613 -34.5466 -17.8609 29.1988 1.4176 -44.8757 -39.4023 -28.6321 16.3521 17.0478 -34.2024 -43.3615 -35.1953 -19.8120 31.2961 5.3835 -44.8009 -40.4927 -31.0643 -2.3816 21.4954 -19.9570 -44.2224 -37.0993 -24.1537 32.2063 11.7120 -41.9929 -42.2536 -33.5017 -15.4364 27.6490 -0.5417 -44.8486 -39.3722 -28.8848 12.5675 18.2373 -30.3602 -43.7204 -35.9793 -21.8067 32.7655 7.8910
32.3445 -22.4156 -36.2599 -43.8561 -28.0997 19.0631 8.6480 -29.4377 -39.6240 -44.8888 0.8764 28.3896 -16.3481 -33.7956 -42.4501 -41.2359 12.4576 31.4484 -24.7081 -37.3649 -44.3198 -17.3703 22.1269 -4.5136 -31.3044 -40.6676 -44.7196 5.9821 31.6133 -20.1400 -35.3125 -43.4149 -33.7640 17.1776 16.0620 -28.6321 -39.3822 -44.8691 1.1058 28.9704 -17.5574 -34.4160 -42.9719 -37.3352 15.7477 21.1388 -28.0215 -39.1754 -44.8693 -2.5373 16.7323 -2.5373 -44.8693 -39.1754 -28.0215 21.1388 15.7477 -37.3352 -42.9719 -34.4160 -17.5574 28.9704 1.1058 -44.8691 -39.3822 -28.6321 16.0620 17.1776 -33.7640 -43.4149 -35.3125 -20.1400 31.6133 5.9821 -44.7196 -40.6676 -31.3044 -4.5136 22.1269 -17.3703 -44.3198 -37.3649 -24.7081 31.4484 12.4576 -41.2359 -42.4501 -33.7956 -16.3481 28.3896 0.8764 -44.8888 -39.6240 -29.4377 8.6480 19.0631 -28.0997 -43.8561 -36.2599 -22.4156 32.3445
-21.8314 -36.5403 -43.9838 -25.6466 19.8942 4.8545 -29.9982 -39.8728 -44.9141 2.1630 29.1273 -17.1949 -34.0871 -42.6397 -40.3489 13.1988 30.3549 -25.2633 -37.6356 -44.4133 -14.6851 22.8017 -6.5063 -31.5695 -40.8623 -44.5966 6.6575 31.9651 -20.5467 -35.4689 -43.4887 -33.0209 17.4327 15.1476 -28.7223 -39.4023 -44.8691 0.9932 28.8542 -17.3687 -34.3262 -42.9050 -37.9298 15.3613 22.8552 -27.6933 -39.0188 -44.8241 -0.8352 26.2936 17.7140 26.2936 -0.8352 -44.8241 -39.0188 -27.6933 22.8552 15.3613 -37.9298 -42.9050 -34.3262 -17.3687 28.8542 0.9932 -44.8691 -39.4023 -28.7223 15.1476 17.4327 -33.0209 -43.4887 -35.4689 -20.5467 31.9651 6.6575 -44.5966 -40.8623 -31.5695 -6.5063 22.8017 -14.6851 -44.4133 -37.6356 -25.2633 30.3549 13.1988 -40.3489 -42.6397 -34.0871 -17.1949 29.1273 2.1630 -44.9141 -39.8728 -29.9982 4.8545 19.8942 -25.6466 -43.9838 -36.5403 -21.8314
-34.6206 -44.1065 -23.0253 20.6578 1.4012 -30.5352 -40.1178 -44.9086 3.3343 29.8493 -17.9925 -34.3771 -42.8218 -39.3202 13.9420 28.8837 -25.8145 -37.9052 -44.5015 -12.0165 23.5078 -8.3144 -31.8502 -41.0703 -44.4202 7.3868 32.3170 -21.0179 -35.6592 -43.5797 -31.9653 17.8072 13.6190 -28.8985 -39.4638 -44.8757 1.1058 28.8542 -17.3043 -34.2816 -42.8641 -38.3173 15.0779 24.0822 -27.4171 -38.8762 -44.7926 -1.2267 27.6266 -14.2972 -28.7302 -14.2972 27.6266 -1.2267 -44.7926 -38.8762 -27.4171 24.0822 15.0779 -38.3173 -42.8641 -34.2816 -17.3043 28.8542 1.1058 -44.8757 -39.4638 -28.8985 13.6190 17.8072 -31.9653 -43.5797 -35.6592 -21.0179 32.3170 7.3868 -44.4202 -41.0703 -31.8502 -8.3144 23.5078 -12.0165 -44.5015 -37.9052 -25.8145 28.8837 13.9420 -39.3202 -42.8218 -34.3771 -17.9925 29.8493 3.3343 -44.9086 -40.1178 -30.5352 1.4012 20.6578 -23.0253 -44.1065 -34.6206
-42.4598 -20.2806 21.3628 -1.6217 -30.9415 -40.3602 -44.8633 4.4128 30.5339 -18.7472 -34.6655 -42.9984 -38.1418 14.6896 26.9837 -26.3625 -38.1727 -44.5805 -9.4691 24.2337 -9.9384 -32.1420 -41.2857 -44.1784 8.1527 32.6280 -21.5382 -35.8803 -43.6835 -30.5941 18.2912 11.5303 -29.1552 -39.5632 -44.8884 1.4176 28.9704 -17.3687 -34.2816 -42.8504 -38.5054 14.9063 24.8646 -27.2145 -38.7609 -44.7660 -1.9730 27.4754 -15.5991 -33.2507 -39.6505 -33.2507 -15.5991 27.4754 -1.9730 -44.7660 -38.7609 -27.2145 24.8646 14.9063 -38.5054 -42.8504 -34.2816 -17.3687 28.9704 1.4176 -44.8884 -39.5632 -29.1552 11.5303 18.2912 -30.5941 -43.6835 -35.8803 -21.5382 32.6280 8.1527 -44.1784 -41.2857 -32.1420 -9.9384 24.2337 -9.4691 -44.5805 -38.1727 -26.3625 26.9837 14.6896 -38.1418 -42.9984 -34.6655 -18.7472 30.5339 4.4128 -44.8633 -40.3602 -30.9415 -1.6217 21.3628 -20.2806 -42.4598
-19.3366 22.0979 -4.2137 -31.2447 -40.5992 -44.7735 5.4164 31.1667 -19.4619 -34.9537 -43.1678 -36.7979 15.4408 24.6213 -26.9114 -38.4377 -44.6510 -7.1277 24.9714 -11.3784 -32.4390 -41.5034 -43.8609 8.9367 32.8503 -22.0876 -36.1240 -43.7986 -28.8856 18.8779 8.9461 -29.4885 -39.6959 -44.9041 1.9050 29.1988 -17.5574 -34.3262 -42.8641 -38.5054 14.8488 25.2490 -27.0932 -38.6837 -44.7450 -2.6693 27.1749 -15.4545 -33.6246 -42.6519 -46.4436 -42.6519 -33.6246 -15.4545 27.1749 -2.6713 -44.7450 -38.6837 -27.0931 25.2490 14.8488 -38.5054 -42.8641 -34.3262 -17.5574 29.1988 1.9050 -44.9041 -39.6959 -29.4885 8.9461 18.8779 -28.8856 -43.7986 -36.1240 -22.0876 32.8503 8.9367 -43.8609 -41.5034 -32.4390 -11.3784 24.9714 -7.1277 -44.6510 -38.4377 -26.9114 24.6213 15.4408 -36.7979 -43.1678 -34.9537 -19.4619 31.1667 5.4164 -44.7735 -40.5992 -31.2447 -4.2137 22.0979 -19.3366
22.3696 -6.4310 -31.5460 -40.8332 -44.6336 6.3625 31.7334 -20.1443 -35.2410 -43.3313 -35.2743 16.1988 21.7941 -27.4606 -38.7000 -44.7149 -5.0224 25.7149 -12.6612 -32.7353 -41.7183 -43.4607 9.7224 32.9390 -22.6542 -36.3812 -43.9172 -26.8484 19.5595 6.0416 -29.8857 -39.8576 -44.9154 2.5420 29.5299 -17.8609 -34.4160 -42.9050 -38.3173 14.9063 25.2490 -27.0514 -38.6459 -44.7329 -3.1818 26.9205 -15.1320 -33.5937 -42.4778 -42.1636 -0.2087 -42.1646 -42.4773 -33.5924 -15.1301 26.9193 -3.1839 -44.7321 -38.6455 -27.0513 25.2490 14.9063 -38.3173 -42.9050 -34.4160 -17.8609 29.5299 2.5420 -44.9154 -39.8576 -29.8857 6.0416 19.5595 -26.8484 -43.9172 -36.3812 -22.6542 32.9390 9.7224 -43.4607 -41.7183 -32.7353 -12.6612 25.7149 -5.0224 -44.7149 -38.7000 -27.4606 21.7941 16.1988 -35.2743 -43.3313 -35.2410 -20.1443 31.7334 6.3625 -44.6336 -40.8332 -31.5460 -6.4310 22.3696
-8.0115 -31.8478 -41.0623 -44.4387 7.2603 32.2181 -20.7998 -35.5260 -43.4880 -33.5511 16.9687 18.5208 -28.0080 -38.9606 -44.7714 -3.1417 26.4592 -13.8143 -33.0304 -41.9281 -42.9742 10.4977 32.8451 -23.2272 -36.6485 -44.0335 -24.5262 20.2665 3.0023 -30.3365 -40.0432 -44.9124 3.2866 29.9442 -18.2600 -34.5466 -42.9719 -37.9298 15.0779 24.8646 -27.0932 -38.6459 -44.7298 -3.4822 26.7517 -14.8598 -33.5122 -42.3926 -41.2517 11.4278 26.8963 11.4110 -41.2592 -42.3868 -33.5065 -14.8444 26.7568 -3.4555 -44.7311 -38.6451 -27.0930 24.8646 15.0779 -37.9298 -42.9719 -34.5466 -18.2600 29.9442 3.2866 -44.9124 -40.0432 -30.3365 3.0023 20.2665 -24.5262 -44.0335 -36.6485 -23.2272 32.8451 10.4977 -42.9742 -41.9281 -33.0304 -13.8143 26.4592 -3.1417 -44.7714 -38.9606 -28.0080 18.5208 16.9687 -33.5511 -43.4880 -35.5260 -20.7998 32.2181 7.2603 -44.4387 -41.0623 -31.8478 -8.0115
-29.8192 -41.2897 -44.1825 8.1152 32.5980 -21.4352 -35.8091 -43.6363 -31.6200 17.7569 14.8763 -28.5561 -39.2189 -44.8214 -1.4633 27.2033 -14.8568 -33.3254 -42.1324 -42.3923 11.2602 32.5269 -23.8010 -36.9222 -44.1477 -21.9521 20.9451 0.0312 -30.7476 -40.2468 -44.8856 4.1114 30.4205 -18.7331 -34.7133 -43.0613 -37.3352 15.3613 24.0822 -27.2145 -38.6837 -44.7328 -3.4870 26.6435 -14.7854 -33.4567 -42.3347 -41.1659 12.5453 32.2840 -15.8151 32.3530 12.5878 -41.1500 -42.3335 -33.4198 -14.7123 26.7698 -3.7038 -44.7356 -38.6832 -27.2143 24.0822 15.3613 -37.3352 -43.0613 -34.7133 -18.7331 30.4205 4.1114 -44.8856 -40.2468 -30.7476 0.0312 20.9451 -21.9521 -44.1477 -36.9222 -23.8010 32.5269 11.2602 -42.3923 -42.1324 -33.3254 -14.8568 27.2033 -1.4633 -44.8214 -39.2189 -28.5561 14.8763 17.7569 -31.6200 -43.6363 -35.8091 -21.4352 32.5980 8.1152 -44.1825 -41.2897 -29.8192
-39.4736 -43.8618 8.9365 32.8471 -22.0519 -36.0925 -43.7763 -29.4894 18.5653 11.0010 -29.1061 -39.4726 -44.8652 0.0427 27.9450 -15.8104 -33.6192 -42.3315 -41.7049 12.0098 31.9441 -24.3704 -37.1972 -44.2571 -19.2038 21.6355 -2.6922 -31.0650 -40.4639 -44.8254 4.9747 30.9374 -19.2692 -34.9120 -43.1682 -36.5201 15.7477 22.8552 -27.4171 -38.7609 -44.7450 -3.1885 26.7363 -14.5585 -33.4180 -42.3384 -41.4660 12.6666 30.7462 -24.5299 -33.6719 -24.4234 30.8386 12.8078 -41.3888 -42.2918 -33.4130 -14.6213 26.6126 -3.2161 -44.7457 -38.7607 -27.4171 22.8552 15.7477 -36.5201 -43.1682 -34.9120 -19.2692 30.9374 4.9747 -44.8254 -40.4639 -31.0650 -2.6922 21.6355 -19.2038 -44.2571 -37.1972 -24.3704 31.9441 12.0098 -41.7049 -42.3315 -33.6192 -15.8104 27.9450 0.0427 -44.8652 -39.4726 -29.1061 11.0010 18.5653 -29.4894 -43.7763 -36.0925 -22.0519 32.8471 8.9365 -43.8618 -39.4736
-42.5653 9.7370 32.9389 -22.6495 -36.3721 -43.9097 -27.1670 19.3890 7.1370 -29.6581 -39.7216 -44.9009 1.3937 28.6795 -16.6848 -33.9091 -42.5247 -40.9037 12.7447 31.0657 -24.9250 -37.4693 -44.3581 -16.4186 22.3412 -5.0804 -31.3580 -40.6898 -44.7231 5.8431 31.4540 -19.8442 -35.1375 -43.2889 -35.4729 16.2214 21.1388 -27.6933 -38.8762 -44.7660 -2.6713 26.9184 -14.8254 -33.3761 -42.2971 -41.4346 12.6782 30.7301 -25.3429 -37.5656 -43.4593 -37.4746 -25.3617 30.6464 12.6523 -41.5565 -42.2655 -33.4321 -14.8685 26.9192 -2.6827 -44.7659 -38.8762 -27.6933 21.1388 16.2214 -35.4729 -43.2889 -35.1375 -19.8442 31.4540 5.8431 -44.7231 -40.6898 -31.3580 -5.0804 22.3412 -16.4186 -44.3581 -37.4693 -24.9250 31.0657 12.7447 -40.9037 -42.5247 -33.9091 -16.6848 28.6795 1.3937 -44.9009 -39.7216 -29.6581 7.1370 19.3890 -27.1670 -43.9097 -36.3721 -22.6495 32.9389 9.7370 -42.5653
