-1.4795 28.8631 -17.4447 -32.5052 -41.3133 -35.1485 16.7242 13.1214 -27.1559 -37.7019 -43.5021 3.2128 30.5443 -19.0959 -33.2268 -41.7419 -30.9960 18.7043 4.1971 -28.2180 -38.3104 -43.4803 5.6952 31.7606 -20.5130 -33.9233 -42.1192 -25.7010 20.5917 -2.9702 -29.0557 -38.8982 -43.1990 7.8550 32.3421 -21.8097 -34.6104 -42.4566 -19.4396 22.3421 -7.9470 -29.8058 -39.4628 -42.5782 9.8213 31.9149 -23.0084 -35.2540 -42.7904 -19.6177 12.0186 -19.6177 -42.7904 -35.2540 -23.0084 31.9149 9.8213 -42.5782 -39.4628 -29.8058 -7.9470 22.3421 -19.4396 -42.4566 -34.6104 -21.8097 32.3421 7.8550 -43.1990 -38.8982 -29.0557 -2.9702 20.5917 -25.7010 -42.1192 -33.9233 -20.5130 31.7606 5.6952 -43.4803 -38.3104 -28.2180 4.1971 18.7043 -30.9960 -41.7419 -33.2268 -19.0959 30.5443 3.2128 -43.5021 -37.7019 -27.1559 13.1214 16.7242 -35.1485 -41.3133 -32.5052 -17.4447 28.8631 -1.4795
28.8631 -17.7975 -34.5344 -43.0600 -36.1967 16.5164 17.1804 -28.7577 -39.5652 -44.9140 3.0598 30.3705 -19.2899 -35.1726 -43.4518 -32.1125 18.3873 8.0209 -30.0900 -40.1584 -44.8567 5.5757 31.8173 -20.9031 -35.8561 -43.8008 -26.7588 20.3499 -0.3470 -31.1110 -40.7307 -44.5375 7.7467 32.7549 -22.3891 -36.5299 -44.1037 -20.3889 22.0709 -6.3518 -31.8356 -41.2791 -43.8765 9.7112 32.8493 -23.7917 -37.1885 -44.3711 -15.2399 21.3324 31.3339 21.3324 -15.2399 -44.3711 -37.1885 -23.7917 32.8493 9.7112 -43.8765 -41.2791 -31.8356 -6.3518 22.0709 -20.3889 -44.1037 -36.5299 -22.3891 32.7549 7.7467 -44.5375 -40.7307 -31.1110 -0.3470 20.3499 -26.7588 -43.8008 -35.8561 -20.9031 31.8173 5.5757 -44.8567 -40.1584 -30.0900 8.0209 18.3873 -32.1125 -43.4518 -35.1726 -19.2899 30.3705 3.0598 -44.9140 -39.5652 -28.7577 17.1804 16.5164 -36.1967 -43.0600 -34.5344 -17.7975 28.8631
-17.4447 -34.5344 -42.9867 -37.0704 15.9318 20.1240 -28.2564 -39.3241 -44.8804 1.8849 29.6845 -18.5701 -34.8858 -43.2923 -33.9787 17.5621 11.9444 -29.5271 -39.9116 -44.9042 4.5744 31.2601 -20.2485 -35.5712 -43.6596 -29.1286 19.5308 2.8848 -30.7762 -40.4935 -44.7020 6.8689 32.4447 -21.7819 -36.2488 -43.9801 -23.1352 21.3344 -4.1163 -31.5352 -41.0532 -44.1929 8.9075 32.9390 -23.2174 -36.9178 -44.2581 -16.8096 22.6367 -3.5448 -25.7950 -3.5448 22.6367 -16.8096 -44.2581 -36.9178 -23.2174 32.9390 8.9075 -44.1929 -41.0532 -31.5352 -4.1163 21.3344 -23.1352 -43.9801 -36.2488 -21.7819 32.4447 6.8689 -44.7020 -40.4935 -30.7762 2.8848 19.5308 -29.1286 -43.6596 -35.5712 -20.2485 31.2601 4.5744 -44.9042 -39.9116 -29.5271 11.9444 17.5621 -33.9787 -43.2923 -34.8858 -18.5701 29.6845 1.8849 -44.8804 -39.3241 -28.2564 20.1240 15.9318 -37.0704 -42.9867 -34.5344 -17.4447
-32.5052 -43.0600 -37.0704 15.7108 21.7495 -27.8885 -39.1220 -44.8432 0.7048 29.0030 -17.8401 -34.6045 -43.1292 -35.6449 16.7814 15.7963 -28.9698 -39.6628 -44.9156 3.5067 30.6355 -19.5694 -35.2855 -43.5117 -31.3018 18.6937 6.5081 -30.3116 -40.2543 -44.8187 5.9549 32.0175 -21.1595 -35.9681 -43.8521 -25.7505 20.6296 -1.5076 -31.2338 -40.8239 -44.4468 8.0850 32.8410 -22.6312 -36.6414 -44.1469 -19.3352 22.2377 -5.9952 -31.1553 -37.6706 -31.1553 -5.9952 22.2377 -19.3352 -44.1469 -36.6414 -22.6312 32.8410 8.0850 -44.4468 -40.8239 -31.2338 -1.5076 20.6296 -25.7505 -43.8521 -35.9681 -21.1595 32.0175 5.9549 -44.8187 -40.2543 -30.3116 6.5081 18.6937 -31.3018 -43.5117 -35.2855 -19.5694 30.6355 3.5067 -44.9156 -39.6628 -28.9698 15.7963 16.7814 -35.6449 -43.1292 -34.6045 -17.8401 29.0030 0.7048 -44.8432 -39.1220 -27.8885 21.7495 15.7108 -37.0704 -43.0600 -32.5052
-41.3133 -36.1967 15.9318 21.7495 -27.7504 -39.0030 -44.8123 -0.3150 28.4076 -17.1465 -34.3409 -42.9660 -37.0753 16.0372 19.3143 -28.4252 -39.4120 -44.8940 2.3541 29.9597 -18.8618 -34.9997 -43.3575 -33.2571 17.8841 10.3664 -29.7510 -40.0111 -44.8883 4.9861 31.4949 -20.5163 -35.6853 -43.7158 -28.1978 19.8616 1.5359 -30.9306 -40.5909 -44.6394 7.2288 32.5867 -22.0311 -36.3625 -44.0293 -22.0507 21.5986 -4.7530 -31.4817 -40.9621 -45.9030 -40.9621 -31.4817 -4.7530 21.5986 -22.0507 -44.0293 -36.3625 -22.0311 32.5867 7.2288 -44.6394 -40.5909 -30.9306 1.5359 19.8616 -28.1978 -43.7158 -35.6853 -20.5163 31.4949 4.9861 -44.8883 -40.0111 -29.7510 10.3664 17.8841 -33.2571 -43.3575 -34.9997 -18.8618 29.9597 2.3541 -44.8940 -39.4120 -28.4252 19.3143 16.0372 -37.0753 -42.9660 -34.3409 -17.1465 28.4076 -0.3150 -44.8123 -39.0030 -27.7504 21.7495 15.9318 -36.1967 -41.3133
-35.1485 16.5164 20.1240 -27.8885 -39.0030 -44.8001 -0.9222 27.9943 -16.5735 -34.1178 -42.8157 -38.2378 15.3446 22.3095 -27.8975 -39.1620 -44.8551 1.0970 29.2474 -18.1184 -34.7125 -43.1957 -35.0110 17.0936 14.2623 -29.1950 -39.7645 -44.9155 3.9489 30.8958 -19.8481 -35.4001 -43.5709 -30.4547 19.0276 5.0139 -30.5168 -40.3521 -44.7776 6.3272 32.2014 -21.4113 -36.0810 -43.9036 -24.7168 20.9072 -2.5229 -31.3116 -40.8632 -45.0530 -15.6875 -45.0530 -40.8632 -31.3116 -2.5229 20.9072 -24.7168 -43.9036 -36.0810 -21.4113 32.2014 6.3272 -44.7776 -40.3521 -30.5168 5.0139 19.0276 -30.4547 -43.5709 -35.4001 -19.8481 30.8958 3.9489 -44.9155 -39.7645 -29.1950 14.2623 17.0936 -35.0110 -43.1957 -34.7125 -18.1184 29.2474 1.0970 -44.8551 -39.1620 -27.8975 22.3095 15.3446 -38.2378 -42.8157 -34.1178 -16.5735 27.9943 -0.9222 -44.8001 -39.0030 -27.8885 20.1240 16.5164 -35.1485
16.7242 17.1804 -28.2564 -39.1220 -44.8123 -0.9222 27.8439 -16.2412 -33.9648 -42.6953 -39.1125 14.7414 24.6923 -27.4044 -38.9219 -44.8110 -0.2505 28.5252 -17.3372 -34.4244 -43.0273 -36.5680 16.3183 17.9720 -28.6420 -39.5134 -44.9053 2.8263 30.2353 -19.1486 -35.1140 -43.4188 -32.4995 18.2063 8.8068 -29.9758 -40.1087 -44.8660 5.3765 31.7115 -20.7731 -35.7986 -43.7702 -27.2390 20.1734 0.2825 -31.0399 -40.6691 -44.6507 5.2848 21.3363 5.2848 -44.6507 -40.6691 -31.0399 0.2825 20.1734 -27.2390 -43.7702 -35.7986 -20.7731 31.7115 5.3765 -44.8660 -40.1087 -29.9758 8.8068 18.2063 -32.4995 -43.4188 -35.1140 -19.1486 30.2353 2.8263 -44.9053 -39.5134 -28.6420 17.9720 16.3183 -36.5680 -43.0273 -34.4244 -17.3372 28.5252 -0.2505 -44.8110 -38.9219 -27.4044 24.6923 14.7414 -39.1125 -42.6953 -33.9648 -16.2412 27.8439 -0.9222 -44.8123 -39.1220 -28.2564 17.1804 16.7242
13.1214 -28.7577 -39.3241 -44.8432 -0.3150 27.9943 -16.2412 -33.9094 -42.6270 -39.6539 14.2828 26.4014 -26.9795 -38.7047 -44.7654 -1.6403 27.8277 -16.5331 -34.1413 -42.8538 -37.9344 15.5601 21.3157 -28.0926 -39.2587 -44.8717 1.6065 29.5314 -18.4167 -34.8276 -43.2603 -34.3304 17.4097 12.7094 -29.4187 -39.8634 -44.9095 4.3702 31.1418 -20.1166 -35.5155 -43.6296 -29.5668 19.3683 3.5638 -30.6904 -40.4437 -44.7431 6.1561 31.0706 -3.7281 31.0706 6.1561 -44.7431 -40.4437 -30.6904 3.5638 19.3683 -29.5668 -43.6296 -35.5155 -20.1166 31.1418 4.3702 -44.9095 -39.8634 -29.4187 12.7094 17.4097 -34.3304 -43.2603 -34.8276 -18.4167 29.5314 1.6065 -44.8717 -39.2587 -28.0926 21.3157 15.5601 -37.9344 -42.8538 -34.1413 -16.5331 27.8277 -1.6403 -44.7654 -38.7047 -26.9795 26.4014 14.2828 -39.6539 -42.6270 -33.9094 -16.2412 27.9943 -0.3150 -44.8432 -39.3241 -28.7577 13.1214
-27.1559 -39.5652 -44.8804 0.7048 28.4076 -16.5735 -33.9648 -42.6270 -39.8326 14.0367 27.4037 -26.6593 -38.5260 -44.7217 -3.0104 27.1894 -15.7307 -33.8721 -42.6793 -39.1042 14.8251 24.1799 -27.5470 -39.0025 -44.8291 0.2724 28.8045 -17.6481 -34.5396 -43.0945 -35.9632 16.6306 16.5071 -28.8657 -39.6142 -44.9135 3.2875 30.5062 -19.4327 -35.2308 -43.4828 -31.6922 18.5363 7.2356 -30.2045 -40.2064 -44.8383 5.6263 31.6342 -19.3602 -31.1646 -19.3602 31.6342 5.6263 -44.8383 -40.2064 -30.2045 7.2356 18.5363 -31.6922 -43.4828 -35.2308 -19.4327 30.5062 3.2875 -44.9135 -39.6142 -28.8657 16.5071 16.6306 -35.9632 -43.0945 -34.5396 -17.6481 28.8045 0.2724 -44.8291 -39.0025 -27.5470 24.1799 14.8251 -39.1042 -42.6793 -33.8721 -15.7307 27.1894 -3.0104 -44.7217 -38.5260 -26.6593 27.4037 14.0367 -39.8326 -42.6270 -33.9648 -16.5735 28.4076 0.7048 -44.8804 -39.5652 -27.1559
-37.7019 -44.9140 1.8849 29.0030 -17.1465 -34.1178 -42.6953 -39.6539 14.0367 27.7324 -26.4850 -38.4058 -44.6852 -4.2164 26.6448 -14.9716 -33.6258 -42.5128 -40.0700 14.1261 26.5201 -27.0144 -38.7455 -44.7798 -1.2044 28.0672 -16.8319 -34.2498 -42.9227 -37.4096 15.8636 20.0111 -28.3151 -39.3607 -44.8871 2.1095 29.8184 -18.7151 -34.9430 -43.3269 -33.6200 17.7251 11.1428 -29.6411 -39.9618 -44.8971 4.7389 31.2978 -20.0175 -34.9867 -41.2984 -34.9867 -20.0175 31.2978 4.7389 -44.8971 -39.9618 -29.6411 11.1428 17.7251 -33.6200 -43.3269 -34.9430 -18.7151 29.8184 2.1095 -44.8871 -39.3607 -28.3151 20.0111 15.8636 -37.4096 -42.9227 -34.2498 -16.8319 28.0672 -1.2044 -44.7798 -38.7455 -27.0144 26.5201 14.1261 -40.0700 -42.5128 -33.6258 -14.9716 26.6448 -4.2164 -44.6852 -38.4058 -26.4850 27.7324 14.0367 -39.6539 -42.6953 -34.1178 -17.1465 29.0030 1.8849 -44.9140 -37.7019
-43.5021 3.0598 29.6845 -17.8401 -34.3409 -42.8157 -39.1125 14.2828 27.4037 -26.4850 -38.3630 -44.6646 -5.0540 26.2417 -14.3295 -33.4168 -42.3620 -40.8444 13.4824 28.3365 -26.5066 -38.4954 -44.7251 -2.8286 27.3319 -15.9604 -33.9596 -42.7445 -38.6845 15.1055 23.1068 -27.7643 -39.1046 -44.8465 0.8218 29.0975 -17.9611 -34.6539 -43.1624 -35.3402 16.9362 15.0294 -29.0830 -39.7139 -44.9162 3.7193 30.7426 -19.6158 -35.2015 -43.8140 -46.0673 -43.8140 -35.2015 -19.6158 30.7426 3.7193 -44.9162 -39.7139 -29.0830 15.0294 16.9362 -35.3402 -43.1624 -34.6539 -17.9611 29.0975 0.8218 -44.8465 -39.1046 -27.7643 23.1068 15.1055 -38.6845 -42.7445 -33.9596 -15.9604 27.3319 -2.8286 -44.7251 -38.4954 -26.5066 28.3365 13.4824 -40.8444 -42.3620 -33.4168 -14.3295 26.2417 -5.0540 -44.6646 -38.3630 -26.4850 27.4037 14.2828 -39.1125 -42.8157 -34.3409 -17.8401 29.6845 3.0598 -43.5021
3.2128 30.3705 -18.5701 -34.6045 -42.9660 -38.2378 14.7414 26.4014 -26.6593 -38.4058 -44.6646 -5.3564 26.0285 -13.8948 -33.2636 -42.2392 -41.4197 12.9212 29.6662 -26.0392 -38.2610 -44.6675 -4.5674 26.6145 -15.0413 -33.6708 -42.5584 -39.7898 14.3574 25.7282 -27.2159 -38.8467 -44.8002 -0.5954 28.3628 -17.1654 -34.3654 -42.9926 -36.8563 16.1670 18.6614 -28.5326 -39.4633 -44.9002 2.5968 30.0941 -18.9802 -35.0230 -43.4152 -36.7260 5.8710 -36.7260 -43.4152 -35.0230 -18.9802 30.0941 2.5968 -44.9002 -39.4633 -28.5326 18.6614 16.1670 -36.8563 -42.9926 -34.3654 -17.1654 28.3628 -0.5954 -44.8002 -38.8467 -27.2159 25.7282 14.3574 -39.7898 -42.5584 -33.6708 -15.0413 26.6145 -4.5674 -44.6675 -38.2610 -26.0392 29.6662 12.9212 -41.4197 -42.2392 -33.2636 -13.8948 26.0285 -5.3564 -44.6646 -38.4058 -26.6593 26.4014 14.7414 -38.2378 -42.9660 -34.6045 -18.5701 30.3705 3.2128
30.5443 -19.2899 -34.8858 -43.1292 -37.0753 15.3446 24.6923 -26.9795 -38.5260 -44.6852 -5.0540 26.0285 -13.7418 -33.1838 -42.1577 -41.7987 12.4817 30.5676 -25.6320 -38.0495 -44.6094 -6.3501 25.9337 -14.0873 -33.3901 -42.3690 -40.7376 13.6228 27.8698 -26.6705 -38.5860 -44.7476 -2.1728 27.6215 -16.3162 -34.0752 -42.8155 -38.1941 15.4090 21.9201 -27.9846 -39.2098 -44.8640 1.3606 29.3930 -18.2623 -34.7602 -43.2320 -35.5715 15.0157 30.5874 15.0157 -35.5715 -43.2320 -34.7602 -18.2623 29.3930 1.3606 -44.8640 -39.2098 -27.9846 21.9201 15.4090 -38.1941 -42.8155 -34.0752 -16.3162 27.6215 -2.1728 -44.7476 -38.5860 -26.6705 27.8698 13.6228 -40.7376 -42.3690 -33.3901 -14.0873 25.9337 -6.3501 -44.6094 -38.0495 -25.6320 30.5676 12.4817 -41.7987 -42.1577 -33.1838 -13.7418 26.0285 -5.0540 -44.6852 -38.5260 -26.9795 24.6923 15.3446 -37.0753 -43.1292 -34.8858 -19.2899 30.5443
-19.0959 -35.1726 -43.2923 -35.6449 16.0372 22.3095 -27.4044 -38.7047 -44.7217 -4.2164 26.2417 -13.8948 -33.1838 -42.1283 -41.9900 12.1971 31.1127 -25.3104 -37.8710 -44.5541 -8.0832 25.3201 -13.1225 -33.1258 -42.1851 -41.5309 12.9079 29.5435 -26.1290 -38.3231 -44.6880 -3.9358 26.8774 -15.4015 -33.7827 -42.6310 -39.3685 14.6575 24.7340 -27.4365 -38.9515 -44.8202 -0.0092 28.6587 -17.4882 -34.4780 -43.0608 -36.4789 15.9415 25.3667 -20.1070 25.3667 15.9415 -36.4789 -43.0608 -34.4780 -17.4882 28.6587 -0.0092 -44.8202 -38.9515 -27.4365 24.7340 14.6575 -39.3685 -42.6310 -33.7827 -15.4015 26.8774 -3.9358 -44.6880 -38.3231 -26.1290 29.5435 12.9079 -41.5309 -42.1851 -33.1258 -13.1225 25.3201 -8.0832 -44.5541 -37.8710 -25.3104 31.1127 12.1971 -41.9900 -42.1283 -33.1838 -13.8948 26.2417 -4.2164 -44.7217 -38.7047 -27.4044 22.3095 16.0372 -35.6449 -43.2923 -35.1726 -19.0959
-33.2268 -43.4518 -33.9787 16.7814 19.3143 -27.8975 -38.9219 -44.7654 -3.0104 26.6448 -14.3295 -33.2636 -42.1577 -41.9900 12.0965 31.3659 -25.1054 -37.7431 -44.5076 -9.6199 24.7981 -12.1955 -32.8846 -42.0106 -42.1710 12.2238 30.7855 -25.6008 -38.0619 -44.6206 -5.9050 26.1351 -14.4119 -33.4896 -42.4406 -40.3878 13.9127 27.0701 -26.8894 -38.6899 -44.7699 -1.5283 27.9156 -16.6591 -34.1915 -42.8875 -37.7303 15.5833 22.4544 -26.9441 -35.0733 -26.9441 22.4544 15.5833 -37.7303 -42.8875 -34.1915 -16.6591 27.9156 -1.5283 -44.7699 -38.6899 -26.8894 27.0701 13.9127 -40.3878 -42.4406 -33.4896 -14.4119 26.1351 -5.9050 -44.6206 -38.0619 -25.6008 30.7855 12.2238 -42.1710 -42.0106 -32.8846 -12.1955 24.7981 -9.6199 -44.5076 -37.7431 -25.1054 31.3659 12.0965 -41.9900 -42.1577 -33.2636 -14.3295 26.6448 -3.0104 -44.7654 -38.9219 -27.8975 19.3143 16.7814 -33.9787 -43.4518 -33.2268
-41.7419 -32.1125 17.5621 15.7963 -28.4252 -39.1620 -44.8110 -1.6403 27.1894 -14.9716 -33.4168 -42.2392 -41.7987 12.1971 31.3659 -25.0346 -37.6776 -44.4761 -10.7680 24.3952 -11.3778 -32.6795 -41.8534 -42.6761 11.5923 31.6587 -25.0983 -37.8108 -44.5491 -8.0591 25.3994 -13.3337 -33.1975 -42.2452 -41.2653 13.1725 28.9448 -26.3435 -38.4275 -44.7132 -3.2146 27.1732 -15.7736 -33.9011 -42.7069 -38.9253 14.9247 24.0514 -27.3805 -38.6436 -44.4085 -38.6436 -27.3805 24.0514 14.9247 -38.9253 -42.7069 -33.9011 -15.7736 27.1732 -3.2146 -44.7132 -38.4275 -26.3435 28.9448 13.1725 -41.2653 -42.2452 -33.1975 -13.3337 25.3994 -8.0591 -44.5491 -37.8108 -25.0983 31.6587 11.5923 -42.6761 -41.8534 -32.6795 -11.3778 24.3952 -10.7680 -44.4761 -37.6776 -25.0346 31.3659 12.1971 -41.7987 -42.2392 -33.4168 -14.9716 27.1894 -1.6403 -44.8110 -39.1620 -28.4252 15.7963 17.5621 -32.1125 -41.7419
-30.9960 18.3873 11.9444 -28.9698 -39.4120 -44.8551 -0.2505 27.8277 -15.7307 -33.6258 -42.3620 -41.4197 12.4817 31.1127 -25.1054 -37.6776 -44.4642 -11.3732 24.1417 -10.7579 -32.5215 -41.7247 -43.0515 11.0331 32.2280 -24.6336 -37.5759 -44.4749 -10.2991 24.6948 -12.1712 -32.9085 -42.0460 -42.0171 12.4312 30.4012 -25.7956 -38.1624 -44.6491 -5.1055 26.4286 -14.8153 -33.6092 -42.5199 -39.9911 14.2030 26.2802 -27.0398 -38.6975 -45.3885 -36.4463 -45.3885 -38.6975 -27.0398 26.2802 14.2030 -39.9911 -42.5199 -33.6092 -14.8153 26.4286 -5.1055 -44.6491 -38.1624 -25.7956 30.4012 12.4312 -42.0171 -42.0460 -32.9085 -12.1712 24.6948 -10.2991 -44.4749 -37.5759 -24.6336 32.2280 11.0331 -43.0515 -41.7247 -32.5215 -10.7579 24.1417 -11.3732 -44.4642 -37.6776 -25.1054 31.1127 12.4817 -41.4197 -42.3620 -33.6258 -15.7307 27.8277 -0.2505 -44.8551 -39.4120 -28.9698 11.9444 18.3873 -30.9960
18.7043 8.0209 -29.5271 -39.6628 -44.8940 1.0970 28.5252 -16.5331 -33.8721 -42.5128 -40.8444 12.9212 30.5676 -25.3104 -37.7431 -44.4761 -11.3732 24.0535 -10.4203 -32.4200 -41.6306 -43.3084 10.5739 32.5684 -24.2239 -37.3630 -44.4005 -12.5176 24.0435 -10.9436 -32.6286 -41.8476 -42.6438 11.6931 31.4803 -25.2447 -37.8951 -44.5771 -7.2251 25.6828 -13.7664 -33.3143 -42.3262 -40.9287 13.4664 28.2731 -26.5419 -38.5071 -44.7782 -7.1917 15.0951 -7.1917 -44.7782 -38.5071 -26.5419 28.2731 13.4664 -40.9287 -42.3262 -33.3143 -13.7664 25.6828 -7.2251 -44.5771 -37.8951 -25.2447 31.4803 11.6931 -42.6438 -41.8476 -32.6286 -10.9436 24.0435 -12.5176 -44.4005 -37.3630 -24.2239 32.5684 10.5739 -43.3084 -41.6306 -32.4200 -10.4203 24.0535 -11.3732 -44.4761 -37.7431 -25.3104 30.5676 12.9212 -40.8444 -42.5128 -33.8721 -16.5331 28.5252 1.0970 -44.8940 -39.6628 -29.5271 8.0209 18.7043
4.1971 -30.0900 -39.9116 -44.9156 2.3541 29.2474 -17.3372 -34.1413 -42.6793 -40.0700 13.4824 29.6662 -25.6320 -37.8710 -44.5076 -10.7680 24.1417 -10.4203 -32.3849 -41.5811 -43.4589 10.2488 32.7489 -23.8905 -37.1829 -44.3310 -14.6018 23.4526 -9.6760 -32.3651 -41.6524 -43.1535 10.9688 32.2167 -24.6951 -37.6255 -44.4981 -9.5624 24.9412 -12.6119 -33.0185 -42.1254 -41.7348 12.7241 29.8747 -26.0077 -38.2609 -44.6836 -5.4374 24.3073 25.1382 24.3073 -5.4374 -44.6836 -38.2609 -26.0077 29.8747 12.7241 -41.7348 -42.1254 -33.0185 -12.6119 24.9412 -9.5624 -44.4981 -37.6255 -24.6951 32.2167 10.9688 -43.1535 -41.6524 -32.3651 -9.6760 23.4526 -14.6018 -44.3310 -37.1829 -23.8905 32.7489 10.2488 -43.4589 -41.5811 -32.3849 -10.4203 24.1417 -10.7680 -44.5076 -37.8710 -25.6320 29.6662 13.4824 -40.0700 -42.6793 -34.1413 -17.3372 29.2474 2.3541 -44.9156 -39.9116 -30.0900 4.1971
-28.2180 -40.1584 -44.9042 3.5067 29.9597 -18.1184 -34.4244 -42.8538 -39.1042 14.1261 28.3365 -26.0392 -38.0495 -44.5541 -9.6199 24.3952 -10.7579 -32.4200 -41.5811 -43.5077 10.0817 32.8294 -23.6527 -37.0464 -44.2704 -16.3963 22.9427 -8.4259 -32.1249 -41.4662 -43.5605 10.2726 32.6637 -24.1556 -37.3596 -44.4115 -12.0892 24.2098 -11.3293 -32.7233 -41.9208 -42.4180 11.9803 31.0963 -25.4616 -38.0003 -44.6087 -6.6498 25.5562 -11.0710 -27.5871 -11.0710 25.5562 -6.6498 -44.6087 -38.0003 -25.4616 31.0963 11.9803 -42.4180 -41.9208 -32.7233 -11.3293 24.2098 -12.0892 -44.4115 -37.3596 -24.1556 32.6637 10.2726 -43.5605 -41.4662 -32.1249 -8.4259 22.9427 -16.3963 -44.2704 -37.0464 -23.6527 32.8294 10.0817 -43.5077 -41.5811 -32.4200 -10.7579 24.3952 -9.6199 -44.5541 -38.0495 -26.0392 28.3365 14.1261 -39.1042 -42.8538 -34.4244 -18.1184 29.9597 3.5067 -44.9042 -40.1584 -28.2180
-38.3104 -44.8567 4.5744 30.6355 -18.8618 -34.7125 -43.0273 -37.9344 14.8251 26.5201 -26.5066 -38.2610 -44.6094 -8.0832 24.7981 -11.3778 -32.5215 -41.6306 -43.4589 10.0817 32.8514 -23.5302 -36.9614 -44.2271 -17.7654 22.5364 -7.2705 -31.9183 -41.3022 -43.8732 9.6179 32.8830 -23.6399 -37.1063 -44.3202 -14.7136 23.4943 -9.8987 -32.4271 -41.7108 -42.9956 11.2296 31.9722 -24.9078 -37.7337 -44.5310 -8.6949 25.1330 -12.4123 -32.3859 -38.8507 -32.3859 -12.4123 25.1330 -8.6949 -44.5310 -37.7337 -24.9078 31.9722 11.2296 -42.9956 -41.7108 -32.4271 -9.8987 23.4943 -14.7136 -44.3202 -37.1063 -23.6399 32.8830 9.6179 -43.8732 -41.3022 -31.9183 -7.2705 22.5364 -17.7654 -44.2271 -36.9614 -23.5302 32.8514 10.0817 -43.4589 -41.6306 -32.5215 -11.3778 24.7981 -8.0832 -44.6094 -38.2610 -26.5066 26.5201 14.8251 -37.9344 -43.0273 -34.7125 -18.8618 30.6355 4.5744 -44.8567 -38.3104
-43.4803 5.5757 31.2601 -19.5694 -34.9997 -43.1957 -36.5680 15.5601 24.1799 -27.0144 -38.4954 -44.6675 -6.3501 25.3201 -12.1955 -32.6795 -41.7247 -43.3084 10.2488 32.8294 -23.5302 -36.9324 -44.2051 -18.6293 22.2512 -6.3123 -31.7523 -41.1640 -44.1014 9.0295 32.9387 -23.1621 -36.8677 -44.2264 -17.2894 22.8093 -8.3183 -32.1359 -41.4972 -43.4778 10.4683 32.5430 -24.3476 -37.4610 -44.4464 -11.1081 24.4700 -11.6743 -32.6759 -41.9542 -46.3102 -41.9542 -32.6759 -11.6743 24.4700 -11.1081 -44.4464 -37.4610 -24.3476 32.5430 10.4683 -43.4778 -41.4972 -32.1359 -8.3183 22.8093 -17.2894 -44.2264 -36.8677 -23.1621 32.9387 9.0295 -44.1014 -41.1640 -31.7523 -6.3123 22.2512 -18.6293 -44.2051 -36.9324 -23.5302 32.8294 10.2488 -43.3084 -41.7247 -32.6795 -12.1955 25.3201 -6.3501 -44.6675 -38.4954 -27.0144 24.1799 15.5601 -36.5680 -43.1957 -34.9997 -19.5694 31.2601 5.5757 -43.4803
5.6952 31.8173 -20.2485 -35.2855 -43.3575 -35.0110 16.3183 21.3157 -27.5470 -38.7455 -44.7251 -4.5674 25.9337 -13.1225 -32.8846 -41.8534 -43.0515 10.5739 32.7489 -23.6527 -36.9614 -44.2051 -18.9279 22.1032 -5.6728 -31.6338 -41.0544 -44.2588 8.5359 32.8943 -22.7373 -36.6526 -44.1346 -19.7034 22.1710 -6.5870 -31.8563 -41.2845 -43.8678 9.6988 32.8516 -23.7820 -37.1876 -44.3534 -13.7367 23.7584 -10.4243 -32.5038 -41.7668 -43.9219 -5.7068 -43.9219 -41.7668 -32.5038 -10.4243 23.7584 -13.7367 -44.3534 -37.1876 -23.7820 32.8516 9.6988 -43.8678 -41.2845 -31.8563 -6.5870 22.1710 -19.7034 -44.1346 -36.6526 -22.7373 32.8943 8.5359 -44.2588 -41.0544 -31.6338 -5.6728 22.1032 -18.9279 -44.2051 -36.9614 -23.6527 32.7489 10.5739 -43.0515 -41.8534 -32.8846 -13.1225 25.9337 -4.5674 -44.7251 -38.7455 -27.5470 21.3157 16.3183 -35.0110 -43.3575 -35.2855 -20.2485 31.8173 5.6952
31.7606 -20.9031 -35.5712 -43.5117 -33.2571 17.0936 17.9720 -28.0926 -39.0025 -44.7798 -2.8286 26.6145 -14.0873 -33.1258 -42.0106 -42.6761 11.0331 32.5684 -23.8905 -37.0464 -44.2271 -18.6293 22.1032 -5.4491 -31.5725 -40.9850 -44.3589 8.1484 32.8040 -22.3801 -36.4695 -44.0514 -21.8383 21.5922 -4.7452 -31.5912 -41.0802 -44.1724 8.9339 32.9387 -23.2133 -36.9151 -44.2523 -16.5025 23.0387 -8.8952 -32.2365 -41.5727 -43.5330 8.7360 24.2850 8.7360 -43.5330 -41.5727 -32.2365 -8.8952 23.0387 -16.5025 -44.2523 -36.9151 -23.2133 32.9387 8.9339 -44.1724 -41.0802 -31.5912 -4.7452 21.5922 -21.8383 -44.0514 -36.4695 -22.3801 32.8040 8.1484 -44.3589 -40.9850 -31.5725 -5.4491 22.1032 -18.6293 -44.2271 -37.0464 -23.8905 32.5684 11.0331 -42.6761 -42.0106 -33.1258 -14.0873 26.6145 -2.8286 -44.7798 -39.0025 -28.0926 17.9720 17.0936 -33.2571 -43.5117 -35.5712 -20.9031 31.7606
-20.5130 -35.8561 -43.6596 -31.3018 17.8841 14.2623 -28.6420 -39.2587 -44.8291 -1.2044 27.3319 -15.0413 -33.3901 -42.1851 -42.1710 11.5923 32.2280 -24.2239 -37.1829 -44.2704 -17.7654 22.2512 -5.6728 -31.5725 -40.9616 -44.4078 7.8954 32.7130 -22.1031 -36.3214 -43.9782 -23.6085 21.0881 -2.8722 -31.3485 -40.8876 -44.4030 8.1923 32.8547 -22.6552 -36.6464 -44.1454 -19.2912 22.3202 -7.1064 -31.9468 -41.3598 -43.7782 9.5191 32.8657 -11.3443 32.8657 9.5191 -43.7782 -41.3598 -31.9468 -7.1064 22.3202 -19.2912 -44.1454 -36.6464 -22.6552 32.8547 8.1923 -44.4030 -40.8876 -31.3485 -2.8722 21.0881 -23.6085 -43.9782 -36.3214 -22.1031 32.7130 7.8954 -44.4078 -40.9616 -31.5725 -5.6728 22.2512 -17.7654 -44.2704 -37.1829 -24.2239 32.2280 11.5923 -42.1710 -42.1851 -33.3901 -15.0413 27.3319 -1.2044 -44.8291 -39.2587 -28.6420 14.2623 17.8841 -31.3018 -43.6596 -35.8561 -20.5130
-33.9233 -43.8008 -29.1286 18.6937 10.3664 -29.1950 -39.5134 -44.8717 0.2724 28.0672 -15.9604 -33.6708 -42.3690 -41.5309 12.2238 31.6587 -24.6336 -37.3630 -44.3310 -16.3963 22.5364 -6.3123 -31.6338 -40.9850 -44.4078 7.8085 32.6562 -21.9245 -36.2150 -43.9199 -24.9738 20.6741 -1.1010 -31.1360 -40.7118 -44.5699 7.4868 32.6524 -22.1189 -36.3895 -44.0359 -21.9628 21.6220 -5.0339 -31.6503 -41.1397 -44.0899 9.0898 32.9489 -21.9885 -32.4133 -21.9885 32.9489 9.0898 -44.0899 -41.1397 -31.6503 -5.0339 21.6220 -21.9628 -44.0359 -36.3895 -22.1189 32.6524 7.4868 -44.5699 -40.7118 -31.1360 -1.1010 20.6741 -24.9738 -43.9199 -36.2150 -21.9245 32.6562 7.8085 -44.4078 -40.9850 -31.6338 -6.3123 22.5364 -16.3963 -44.3310 -37.3630 -24.6336 31.6587 12.2238 -41.5309 -42.3690 -33.6708 -15.9604 28.0672 0.2724 -44.8717 -39.5134 -29.1950 10.3664 18.6937 -29.1286 -43.8008 -33.9233
-42.1192 -26.7588 19.5308 6.5081 -29.7510 -39.7645 -44.9053 1.6065 28.8045 -16.8319 -33.9596 -42.5584 -40.7376 12.9079 30.7855 -25.0983 -37.5759 -44.4005 -14.6018 22.9427 -7.2705 -31.7523 -41.0544 -44.3589 7.8954 32.6562 -21.8622 -36.1589 -43.8828 -25.9200 20.3600 0.4322 -30.9601 -40.5608 -44.6857 6.8345 32.3803 -21.6124 -36.1470 -43.9231 -24.4276 20.9601 -2.6860 -31.3555 -40.9139 -44.3596 8.3666 32.8822 -22.5355 -36.1645 -42.3603 -36.1645 -22.5355 32.8822 8.3666 -44.3596 -40.9139 -31.3555 -2.6860 20.9601 -24.4276 -43.9231 -36.1470 -21.6124 32.3803 6.8345 -44.6857 -40.5608 -30.9601 0.4322 20.3600 -25.9200 -43.8828 -36.1589 -21.8622 32.6562 7.8954 -44.3589 -41.0544 -31.7523 -7.2705 22.9427 -14.6018 -44.4005 -37.5759 -25.0983 30.7855 12.9079 -40.7376 -42.5584 -33.9596 -16.8319 28.8045 1.6065 -44.9053 -39.7645 -29.7510 6.5081 19.5308 -26.7588 -42.1192
-25.7010 20.3499 2.8848 -30.3116 -40.0111 -44.9155 2.8263 29.5314 -17.6481 -34.2498 -42.7445 -39.7898 13.6228 29.5435 -25.6008 -37.8108 -44.4749 -12.5176 23.4526 -8.4259 -31.9183 -41.1640 -44.2588 8.1484 32.7130 -21.9245 -36.1589 -43.8700 -26.4130 20.1613 1.5962 -30.8278 -40.4400 -44.7625 6.2613 32.0871 -21.1509 -35.9267 -43.8140 -26.6262 20.3205 -0.1089 -31.0731 -40.6908 -44.5685 7.5576 32.6899 -22.1776 -36.3366 -44.4939 -44.7897 -44.4939 -36.3366 -22.1776 32.6899 7.5576 -44.5685 -40.6908 -31.0731 -0.1089 20.3205 -26.6262 -43.8140 -35.9267 -21.1509 32.0871 6.2613 -44.7625 -40.4400 -30.8278 1.5962 20.1613 -26.4130 -43.8700 -36.1589 -21.9245 32.7130 8.1484 -44.2588 -41.1640 -31.9183 -8.4259 23.4526 -12.5176 -44.4749 -37.8108 -25.6008 29.5435 13.6228 -39.7898 -42.7445 -34.2498 -17.6481 29.5314 2.8263 -44.9155 -40.0111 -30.3116 2.8848 20.3499 -25.7010
20.5917 -0.3470 -30.7762 -40.2543 -44.8883 3.9489 30.2353 -18.4167 -34.5396 -42.9227 -38.6845 14.3574 27.8698 -26.1290 -38.0619 -44.5491 -10.2991 24.0435 -9.6760 -32.1249 -41.3022 -44.1014 8.5359 32.8040 -22.1031 -36.2150 -43.8828 -26.4130 20.0937 2.2313 -30.7404 -40.3552 -44.8088 5.7908 31.8089 -20.7503 -35.7346 -43.7140 -28.4990 19.6708 2.6484 -30.7848 -40.4764 -44.7187 6.7251 32.3693 -21.6369 -36.1572 -43.9989 -29.4801 9.1202 -29.4801 -43.9989 -36.1572 -21.6369 32.3693 6.7251 -44.7187 -40.4764 -30.7848 2.6484 19.6708 -28.4990 -43.7140 -35.7346 -20.7503 31.8089 5.7908 -44.8088 -40.3552 -30.7404 2.2313 20.0937 -26.4130 -43.8828 -36.2150 -22.1031 32.8040 8.5359 -44.1014 -41.3022 -32.1249 -9.6760 24.0435 -10.2991 -44.5491 -38.0619 -26.1290 27.8698 14.3574 -38.6845 -42.9227 -34.5396 -18.4167 30.2353 3.9489 -44.8883 -40.2543 -30.7762 -0.3470 20.5917
-2.9702 -31.1110 -40.4935 -44.8187 4.9861 30.8958 -19.1486 -34.8276 -43.0945 -37.4096 15.1055 25.7282 -26.6705 -38.3231 -44.6206 -8.0591 24.6948 -10.9436 -32.3651 -41.4662 -43.8732 9.0295 32.8943 -22.3801 -36.3214 -43.9199 -25.9200 20.1613 2.2313 -30.7073 -40.3103 -44.8333 5.4521 31.5798 -20.4300 -35.5760 -43.6263 -30.0177 19.0619 5.3996 -30.4163 -40.2731 -44.8184 5.8964 31.9607 -21.0585 -35.9095 -43.8327 -27.6285 17.9068 32.4050 17.9068 -27.6285 -43.8327 -35.9095 -21.0585 31.9607 5.8964 -44.8184 -40.2731 -30.4163 5.3996 19.0619 -30.0177 -43.6263 -35.5760 -20.4300 31.5798 5.4521 -44.8333 -40.3103 -30.7073 2.2313 20.1613 -25.9200 -43.9199 -36.3214 -22.3801 32.8943 9.0295 -43.8732 -41.4662 -32.3651 -10.9436 24.6948 -8.0591 -44.6206 -38.3231 -26.6705 25.7282 15.1055 -37.4096 -43.0945 -34.8276 -19.1486 30.8958 4.9861 -44.8187 -40.4935 -31.1110 -2.9702
-29.0557 -40.7307 -44.7020 5.9549 31.4949 -19.8481 -35.1140 -43.2603 -35.9632 15.8636 23.1068 -27.2159 -38.5860 -44.6880 -5.9050 25.3994 -12.1712 -32.6286 -41.6524 -43.5605 9.6179 32.9387 -22.7373 -36.4695 -43.9782 -24.9738 20.3600 1.5962 -30.7404 -40.3103 -44.8414 5.2745 31.4291 -20.2013 -35.4580 -43.5554 -31.1901 18.5598 7.9114 -30.0128 -40.0886 -44.8780 5.0838 31.5022 -20.4815 -35.6551 -43.6970 -28.9087 19.0837 12.0442 -23.0525 12.0442 19.0837 -28.9087 -43.6970 -35.6551 -20.4815 31.5022 5.0838 -44.8780 -40.0886 -30.0128 7.9114 18.5598 -31.1901 -43.5554 -35.4580 -20.2013 31.4291 5.2745 -44.8414 -40.3103 -30.7404 1.5962 20.3600 -24.9738 -43.9782 -36.4695 -22.7373 32.9387 9.6179 -43.5605 -41.6524 -32.6286 -12.1712 25.3994 -5.9050 -44.6880 -38.5860 -27.2159 23.1068 15.8636 -35.9632 -43.2603 -35.1140 -19.8481 31.4949 5.9549 -44.7020 -40.7307 -29.0557
-38.8982 -44.5375 6.8689 32.0175 -20.5163 -35.4001 -43.4188 -34.3304 16.6306 20.0111 -27.7643 -38.8467 -44.7476 -3.9358 26.1351 -13.3337 -32.9085 -41.8476 -43.1535 10.2726 32.8830 -23.1621 -36.6526 -44.0514 -23.6085 20.6741 0.4322 -30.8278 -40.3552 -44.8333 5.2745 31.3753 -20.0771 -35.3826 -43.5030 -32.0207 18.1699 10.0186 -29.6763 -39.9271 -44.9074 4.3131 31.0307 -19.9247 -35.4096 -43.5668 -30.7107 18.7746 7.7550 -29.1918 -36.2939 -29.1918 7.7550 18.7746 -30.7107 -43.5668 -35.4096 -19.9247 31.0307 4.3131 -44.9074 -39.9271 -29.6763 10.0186 18.1699 -32.0207 -43.5030 -35.3826 -20.0771 31.3753 5.2745 -44.8333 -40.3552 -30.8278 0.4322 20.6741 -23.6085 -44.0514 -36.6526 -23.1621 32.8830 10.2726 -43.1535 -41.8476 -32.9085 -13.3337 26.1351 -3.9358 -44.7476 -38.8467 -27.7643 20.0111 16.6306 -34.3304 -43.4188 -35.4001 -20.5163 32.0175 6.8689 -44.5375 -38.8982
-43.1990 7.7467 32.4447 -21.1595 -35.6853 -43.5709 -32.4995 17.4097 16.5071 -28.3151 -39.1046 -44.8002 -2.1728 26.8774 -14.4119 -33.1975 -42.0460 -42.6438 10.9688 32.6637 -23.6399 -36.8677 -44.1346 -21.8383 21.0881 -1.1010 -30.9601 -40.4400 -44.8088 5.4521 31.4291 -20.0771 -35.3556 -43.4747 -32.5208 17.9029 11.5901 -29.4127 -39.7945 -44.9164 3.6132 30.5815 -19.4052 -35.1819 -43.4387 -32.4178 18.1576 9.6267 -29.6362 -39.7620 -45.1968 -39.7620 -29.6362 9.6267 18.1576 -32.4178 -43.4387 -35.1819 -19.4052 30.5815 3.6132 -44.9164 -39.7945 -29.4127 11.5901 17.9029 -32.5208 -43.4747 -35.3556 -20.0771 31.4291 5.4521 -44.8088 -40.4400 -30.9601 -1.1010 21.0881 -21.8383 -44.1346 -36.8677 -23.6399 32.6637 10.9688 -42.6438 -42.0460 -33.1975 -14.4119 26.8774 -2.1728 -44.8002 -39.1046 -28.3151 16.5071 17.4097 -32.4995 -43.5709 -35.6853 -21.1595 32.4447 7.7467 -43.1990
7.8550 32.7549 -21.7819 -35.9681 -43.7158 -30.4547 18.2063 12.7094 -28.8657 -39.3607 -44.8465 -0.5954 27.6215 -15.4015 -33.4896 -42.2452 -42.0171 11.6931 32.2167 -24.1556 -37.1063 -44.2264 -19.7034 21.5922 -2.8722 -31.1360 -40.5608 -44.7625 5.7908 31.5798 -20.2013 -35.3826 -43.4747 -32.6929 17.7677 12.5678 -29.2304 -39.6940 -44.9141 3.0163 30.1863 -18.9453 -34.9826 -43.3198 -33.8774 17.5236 12.5795 -29.3470 -39.7702 -45.4434 -28.0847 -45.4434 -39.7702 -29.3470 12.5795 17.5236 -33.8774 -43.3198 -34.9826 -18.9453 30.1863 3.0163 -44.9141 -39.6940 -29.2304 12.5678 17.7677 -32.6929 -43.4747 -35.3826 -20.2013 31.5798 5.7908 -44.7625 -40.5608 -31.1360 -2.8722 21.5922 -19.7034 -44.2264 -37.1063 -24.1556 32.2167 11.6931 -42.0171 -42.2452 -33.4896 -15.4015 27.6215 -0.5954 -44.8465 -39.3607 -28.8657 12.7094 18.2063 -30.4547 -43.7158 -35.9681 -21.7819 32.7549 7.8550
32.3421 -22.3891 -36.2488 -43.8521 -28.1978 19.0276 8.8068 -29.4187 -39.6142 -44.8871 0.8218 28.3628 -16.3162 -33.7827 -42.4406 -41.2653 12.4312 31.4803 -24.6951 -37.3596 -44.3202 -17.2894 22.1710 -4.7452 -31.3485 -40.7118 -44.6857 6.2613 31.8089 -20.4300 -35.4580 -43.5030 -32.5208 17.7677 12.8959 -29.1386 -39.6325 -44.9081 2.5619 29.8666 -18.5619 -34.8150 -43.2173 -35.0605 16.9507 15.4868 -28.9425 -39.6132 -44.9013 0.1975 18.0249 0.1975 -44.9013 -39.6132 -28.9425 15.4868 16.9507 -35.0605 -43.2173 -34.8150 -18.5619 29.8666 2.5619 -44.9081 -39.6325 -29.1386 12.8959 17.7677 -32.5208 -43.5030 -35.4580 -20.4300 31.8089 6.2613 -44.6857 -40.7118 -31.3485 -4.7452 22.1710 -17.2894 -44.3202 -37.3596 -24.6951 31.4803 12.4312 -41.2653 -42.4406 -33.7827 -16.3162 28.3628 0.8218 -44.8871 -39.6142 -29.4187 8.8068 19.0276 -28.1978 -43.8521 -36.2488 -22.3891 32.3421
-21.8097 -36.5299 -43.9801 -25.7505 19.8616 5.0139 -29.9758 -39.8634 -44.9135 2.1095 29.0975 -17.1654 -34.0752 -42.6310 -40.3878 13.1725 30.4012 -25.2447 -37.6255 -44.4115 -14.7136 22.8093 -6.5870 -31.5912 -40.8876 -44.5699 6.8345 32.0871 -20.7503 -35.5760 -43.5554 -32.0207 17.9029 12.5678 -29.1386 -39.6132 -44.9037 2.2704 29.6403 -18.2742 -34.6835 -43.1301 -35.9810 16.4607 17.9722 -28.5512 -39.4322 -44.8861 1.5304 27.7241 11.0828 27.7241 1.5304 -44.8861 -39.4322 -28.5512 17.9722 16.4607 -35.9810 -43.1301 -34.6835 -18.2742 29.6403 2.2704 -44.9037 -39.6132 -29.1386 12.5678 17.9029 -32.0207 -43.5554 -35.5760 -20.7503 32.0871 6.8345 -44.5699 -40.8876 -31.5912 -6.5870 22.8093 -14.7136 -44.4115 -37.6255 -25.2447 30.4012 13.1725 -40.3878 -42.6310 -34.0752 -17.1654 29.0975 2.1095 -44.9135 -39.8634 -29.9758 5.0139 19.8616 -25.7505 -43.9801 -36.5299 -21.8097
-34.6104 -44.1037 -23.1352 20.6296 1.5359 -30.5168 -40.1087 -44.9095 3.2875 29.8184 -17.9611 -34.3654 -42.8155 -39.3685 13.9127 28.9448 -25.7956 -37.8951 -44.4981 -12.0892 23.4943 -8.3183 -31.8563 -41.0802 -44.4030 7.4868 32.3803 -21.1509 -35.7346 -43.6263 -31.1901 18.1699 11.5901 -29.2304 -39.6325 -44.9037 2.1677 29.5265 -18.0953 -34.5937 -43.0643 -36.6620 16.0636 19.9436 -28.2076 -39.2628 -44.8629 1.0738 28.8536 -15.9556 -29.4928 -15.9556 28.8536 1.0738 -44.8629 -39.2628 -28.2076 19.9436 16.0636 -36.6620 -43.0643 -34.5937 -18.0953 29.5265 2.1677 -44.9037 -39.6325 -29.2304 11.5901 18.1699 -31.1901 -43.6263 -35.7346 -21.1509 32.3803 7.4868 -44.4030 -41.0802 -31.8563 -8.3183 23.4943 -12.0892 -44.4981 -37.8951 -25.7956 28.9448 13.9127 -39.3685 -42.8155 -34.3654 -17.9611 29.8184 3.2875 -44.9095 -40.1087 -30.5168 1.5359 20.6296 -23.1352 -44.1037 -34.6104
-42.4566 -20.3889 21.3344 -1.5076 -30.9306 -40.3521 -44.8660 4.3702 30.5062 -18.7151 -34.6539 -42.9926 -38.1941 14.6575 27.0701 -26.3435 -38.1624 -44.5771 -9.5624 24.2098 -9.8987 -32.1359 -41.2845 -44.1724 8.1923 32.6524 -21.6124 -35.9267 -43.7140 -30.0177 18.5598 10.0186 -29.4127 -39.6940 -44.9081 2.2704 29.5265 -18.0328 -34.5482 -43.0254 -37.1064 15.7733 21.3843 -27.9275 -39.1164 -44.8367 0.2948 28.6257 -17.0127 -33.7470 -40.1266 -33.7470 -17.0127 28.6257 0.2948 -44.8367 -39.1164 -27.9275 21.3843 15.7733 -37.1064 -43.0254 -34.5482 -18.0328 29.5265 2.2704 -44.9081 -39.6940 -29.4127 10.0186 18.5598 -30.0177 -43.7140 -35.9267 -21.6124 32.6524 8.1923 -44.1724 -41.2845 -32.1359 -9.8987 24.2098 -9.5624 -44.5771 -38.1624 -26.3435 27.0701 14.6575 -38.1941 -42.9926 -34.6539 -18.7151 30.5062 4.3702 -44.8660 -40.3521 -30.9306 -1.5076 21.3344 -20.3889 -42.4566
-19.4396 22.0709 -4.1163 -31.2338 -40.5909 -44.7776 5.3765 31.1418 -19.4327 -34.9430 -43.1624 -36.8563 15.4090 24.7340 -26.8894 -38.4275 -44.6491 -7.2251 24.9412 -11.3293 -32.4271 -41.4972 -43.8678 8.9339 32.8547 -22.1189 -36.1470 -43.8140 -28.4990 19.0619 7.9114 -29.6763 -39.7945 -44.9141 2.5619 29.6403 -18.0953 -34.5482 -43.0121 -37.3190 15.5990 22.3194 -27.7225 -39.0027 -44.8125 -0.4865 28.2419 -16.7919 -34.0766 -43.0018 -46.4527 -43.0018 -34.0766 -16.7919 28.2419 -0.4865 -44.8125 -39.0027 -27.7225 22.3194 15.5990 -37.3190 -43.0121 -34.5482 -18.0953 29.6403 2.5619 -44.9141 -39.7945 -29.6763 7.9114 19.0619 -28.4990 -43.8140 -36.1470 -22.1189 32.8547 8.9339 -43.8678 -41.4972 -32.4271 -11.3293 24.9412 -7.2251 -44.6491 -38.4275 -26.8894 24.7340 15.4090 -36.8563 -43.1624 -34.9430 -19.4327 31.1418 5.3765 -44.7776 -40.5909 -31.2338 -4.1163 22.0709 -19.4396
22.3421 -6.3518 -31.5352 -40.8239 -44.6394 6.3272 31.7115 -20.1166 -35.2308 -43.3269 -35.3402 16.1670 21.9201 -27.4365 -38.6899 -44.7132 -5.1055 25.6828 -12.6119 -32.7233 -41.7108 -43.4778 9.6988 32.9387 -22.6552 -36.3895 -43.9231 -26.6262 19.6708 5.3996 -30.0128 -39.9271 -44.9164 3.0163 29.8666 -18.2742 -34.5937 -43.0254 -37.3190 15.5409 22.7717 -27.5967 -38.9259 -44.7942 -1.1496 27.8820 -16.3864 -34.0091 -42.7643 -41.0050 1.8339 -41.0050 -42.7643 -34.0091 -16.3864 27.8820 -1.1496 -44.7942 -38.9259 -27.5967 22.7717 15.5409 -37.3190 -43.0254 -34.5937 -18.2742 29.8666 3.0163 -44.9164 -39.9271 -30.0128 5.3996 19.6708 -26.6262 -43.9231 -36.3895 -22.6552 32.9387 9.6988 -43.4778 -41.7108 -32.7233 -12.6119 25.6828 -5.1055 -44.7132 -38.6899 -27.4365 21.9201 16.1670 -35.3402 -43.3269 -35.2308 -20.1166 31.7115 6.3272 -44.6394 -40.8239 -31.5352 -6.3518 22.3421
-7.9470 -31.8356 -41.0532 -44.4468 7.2288 32.2014 -20.7731 -35.5155 -43.4828 -33.6200 16.9362 18.6614 -27.9846 -38.9515 -44.7699 -3.2146 26.4286 -13.7664 -33.0185 -41.9208 -42.9956 10.4683 32.8516 -23.2133 -36.6464 -44.0359 -24.4276 20.3205 2.6484 -30.4163 -40.0886 -44.9074 3.6132 30.1863 -18.5619 -34.6835 -43.0643 -37.1064 15.5990 22.7717 -27.5547 -38.8864 -44.7833 -1.6162 27.6083 -16.0187 -33.8907 -42.6553 -39.9815 12.4702 28.0236 12.4702 -39.9815 -42.6553 -33.8906 -16.0187 27.6083 -1.6173 -44.7833 -38.8864 -27.5547 22.7717 15.5990 -37.1064 -43.0643 -34.6835 -18.5619 30.1863 3.6132 -44.9074 -40.0886 -30.4163 2.6484 20.3205 -24.4276 -44.0359 -36.6464 -23.2133 32.8516 10.4683 -42.9956 -41.9208 -33.0185 -13.7664 26.4286 -3.2146 -44.7699 -38.9515 -27.9846 18.6614 16.9362 -33.6200 -43.4828 -35.5155 -20.7731 32.2014 7.2288 -44.4468 -41.0532 -31.8356 -7.9470
-29.8058 -41.2791 -44.1929 8.0850 32.5867 -21.4113 -35.7986 -43.6296 -31.6922 17.7251 15.0294 -28.5326 -39.2098 -44.8202 -1.5283 27.1732 -14.8153 -33.3143 -42.1254 -42.4180 11.2296 32.5430 -23.7820 -36.9151 -44.1454 -21.9628 20.9601 -0.1089 -30.7848 -40.2731 -44.8780 4.3131 30.5815 -18.9453 -34.8150 -43.1301 -36.6620 15.7733 22.3194 -27.5967 -38.8864 -44.7794 -1.8586 27.4458 -15.7525 -33.7904 -42.5748 -40.0805 13.5900 31.1585 -17.1978 31.1573 13.5908 -40.0876 -42.5742 -33.7903 -15.7533 27.4457 -1.8600 -44.7794 -38.8864 -27.5967 22.3194 15.7733 -36.6620 -43.1301 -34.8150 -18.9453 30.5815 4.3131 -44.8780 -40.2731 -30.7848 -0.1089 20.9601 -21.9628 -44.1454 -36.9151 -23.7820 32.5430 11.2296 -42.4180 -42.1254 -33.3143 -14.8153 27.1732 -1.5283 -44.8202 -39.2098 -28.5326 15.0294 17.7251 -31.6922 -43.6296 -35.7986 -21.4113 32.5867 8.0850 -44.1929 -41.2791 -29.8058
-39.4628 -43.8765 8.9075 32.8410 -22.0311 -36.0810 -43.7702 -29.5668 18.5363 11.1428 -29.0830 -39.4633 -44.8640 -0.0092 27.9156 -15.7736 -33.6092 -42.3262 -41.7348 11.9803 31.9722 -24.3476 -37.1876 -44.2523 -19.2912 21.6220 -2.6860 -31.0731 -40.4764 -44.8184 5.0838 31.0307 -19.4052 -34.9826 -43.2173 -35.9810 16.0636 21.3843 -27.7225 -38.9259 -44.7833 -1.8586 27.3912 -15.6182 -33.7247 -42.5237 -40.3467 13.6161 29.1000 -25.2031 -34.0822 -25.2087 29.0872 13.6182 -40.3634 -42.5195 -33.7267 -15.6143 27.3908 -1.8593 -44.7833 -38.9259 -27.7225 21.3843 16.0636 -35.9810 -43.2173 -34.9826 -19.4052 31.0307 5.0838 -44.8184 -40.4764 -31.0731 -2.6860 21.6220 -19.2912 -44.2523 -37.1876 -24.3476 31.9722 11.9803 -41.7348 -42.3262 -33.6092 -15.7736 27.9156 -0.0092 -44.8640 -39.4633 -29.0830 11.1428 18.5363 -29.5668 -43.7702 -36.0810 -22.0311 32.8410 8.9075 -43.8765 -39.4628
-42.5782 9.7112 32.9390 -22.6312 -36.3625 -43.9036 -27.2390 19.3683 7.2356 -29.6411 -39.7139 -44.9002 1.3606 28.6587 -16.6591 -33.9011 -42.5199 -40.9287 12.7241 31.0963 -24.9078 -37.4610 -44.3534 -16.5025 22.3202 -5.0339 -31.3555 -40.6908 -44.7187 5.8964 31.5022 -19.9247 -35.1819 -43.3198 -35.0605 16.4607 19.9436 -27.9275 -39.0027 -44.7942 -1.6162 27.4458 -15.6207 -33.7095 -42.5489 -40.6478 13.4194 29.2199 -25.8985 -37.8369 -43.7222 -37.8696 -25.9542 29.0908 13.4522 -40.6657 -42.5342 -33.6587 -15.6207 27.4456 -1.6165 -44.7942 -39.0027 -27.9275 19.9436 16.4607 -35.0605 -43.3198 -35.1819 -19.9247 31.5022 5.8964 -44.7187 -40.6908 -31.3555 -5.0339 22.3202 -16.5025 -44.3534 -37.4610 -24.9078 31.0963 12.7241 -40.9287 -42.5199 -33.9011 -16.6591 28.6587 1.3606 -44.9002 -39.7139 -29.6411 7.2356 19.3683 -27.2390 -43.9036 -36.3625 -22.6312 32.9390 9.7112 -42.5782
9.8213 32.8493 -23.2174 -36.6414 -44.0293 -24.7168 20.1734 3.5638 -30.2045 -39.9618 -44.9162 2.5968 29.3930 -17.4882 -34.1915 -42.7069 -39.9911 13.4664 29.8747 -25.4616 -37.7337 -44.4464 -13.7367 23.0387 -7.1064 -31.6503 -40.9139 -44.5685 6.7251 31.9607 -20.4815 -35.4096 -43.4387 -33.8774 16.9507 17.9722 -28.2076 -39.1164 -44.8125 -1.1496 27.6083 -15.7549 -33.7332 -42.5442 -40.5932 13.3852 29.1035 -26.0152 -38.1406 -45.2298 -40.0187 -45.2228 -38.0756 -25.9329 29.2176 13.3108 -40.6546 -42.5338 -33.7226 -15.7523 27.6084 -1.1496 -44.8125 -39.1164 -28.2076 17.9722 16.9507 -33.8774 -43.4387 -35.4096 -20.4815 31.9607 6.7251 -44.5685 -40.9139 -31.6503 -7.1064 23.0387 -13.7367 -44.4464 -37.7337 -25.4616 29.8747 13.4664 -39.9911 -42.7069 -34.1915 -17.4882 29.3930 2.5968 -44.9162 -39.9618 -30.2045 3.5638 20.1734 -24.7168 -44.0293 -36.6414 -23.2174 32.8493 9.8213
31.9149 -23.7917 -36.9178 -44.1469 -22.0507 20.9072 0.2825 -30.6904 -40.2064 -44.8971 3.7193 30.0941 -18.2623 -34.4780 -42.8875 -38.9253 14.2030 28.2731 -26.0077 -38.0003 -44.5310 -11.1081 23.7584 -8.8952 -31.9468 -41.1397 -44.3596 7.5576 32.3693 -21.0585 -35.6551 -43.5668 -32.4178 17.5236 15.4868 -28.5512 -39.2628 -44.8367 -0.4865 27.8820 -16.0187 -33.7911 -42.5159 -40.4196 13.5371 29.2012 -25.9556 -38.1013 -44.6793 -12.5429 13.6338 -12.2720 -44.6757 -38.1284 -25.9393 29.1367 13.5620 -40.2835 -42.5365 -33.7933 -16.0192 27.8820 -0.4865 -44.8367 -39.2628 -28.5512 15.4868 17.5236 -32.4178 -43.5668 -35.6551 -21.0585 32.3693 7.5576 -44.3596 -41.1397 -31.9468 -8.8952 23.7584 -11.1081 -44.5310 -38.0003 -26.0077 28.2731 14.2030 -38.9253 -42.8875 -34.4780 -18.2623 30.0941 3.7193 -44.8971 -40.2064 -30.6904 0.2825 20.9072 -22.0507 -44.1469 -36.9178 -23.7917 31.9149
