0.0022 0.0299 0.3916 1.0000 1.0000 0.0006 0.0077 0.1005 1.0000 1.0000 0.0002 0.0020 0.0257 0.3344 1.0000 1.0000 0.0005 0.0066 0.0857 1.0000 1.0000 0.0001 0.0017 0.0219 0.2850 1.0000 1.0000 0.0004 0.0056 0.0728 0.9463 1.0000 0.0001 0.0014 0.0186 0.2411 1.0000 1.0000 0.0004 0.0047 0.0615 0.8005 1.0000 0.0001 0.0012 0.0157 0.2036 1.0000 1.0000 0.0003 0.0013 0.0003 1.0000 1.0000 0.2036 0.0157 0.0012 0.0001 1.0000 0.8005 0.0615 0.0047 0.0004 1.0000 1.0000 0.2411 0.0186 0.0014 0.0001 1.0000 0.9463 0.0728 0.0056 0.0004 1.0000 1.0000 0.2850 0.0219 0.0017 0.0001 1.0000 1.0000 0.0857 0.0066 0.0005 1.0000 1.0000 0.3344 0.0257 0.0020 0.0002 1.0000 1.0000 0.1005 0.0077 0.0006 1.0000 1.0000 0.3916 0.0299 0.0022
0.0299 0.3998 1.0000 1.0000 0.0006 0.0076 0.0992 1.0000 1.0000 0.0001 0.0020 0.0254 0.3300 1.0000 1.0000 0.0005 0.0065 0.0844 1.0000 1.0000 0.0001 0.0017 0.0216 0.2807 1.0000 1.0000 0.0004 0.0055 0.0718 0.9321 1.0000 0.0001 0.0014 0.0183 0.2379 1.0000 1.0000 0.0004 0.0047 0.0607 0.7884 1.0000 0.0001 0.0012 0.0155 0.2009 1.0000 1.0000 0.0003 0.0033 0.0159 0.0033 0.0003 1.0000 1.0000 0.2009 0.0155 0.0012 0.0001 1.0000 0.7884 0.0607 0.0047 0.0004 1.0000 1.0000 0.2379 0.0183 0.0014 0.0001 1.0000 0.9321 0.0718 0.0055 0.0004 1.0000 1.0000 0.2807 0.0216 0.0017 0.0001 1.0000 1.0000 0.0844 0.0065 0.0005 1.0000 1.0000 0.3300 0.0254 0.0020 0.0001 1.0000 1.0000 0.0992 0.0076 0.0006 1.0000 1.0000 0.3998 0.0299
0.3916 1.0000 1.0000 0.0006 0.0072 0.0935 1.0000 1.0000 0.0001 0.0018 0.0236 0.3070 1.0000 1.0000 0.0005 0.0060 0.0787 1.0000 1.0000 0.0001 0.0015 0.0201 0.2616 1.0000 1.0000 0.0004 0.0051 0.0669 0.8687 1.0000 0.0001 0.0013 0.0170 0.2217 1.0000 1.0000 0.0003 0.0044 0.0566 0.7348 1.0000 0.0001 0.0011 0.0144 0.1876 1.0000 1.0000 0.0003 0.0035 0.0400 0.1923 0.0400 0.0035 0.0003 1.0000 1.0000 0.1876 0.0144 0.0011 0.0001 1.0000 0.7348 0.0566 0.0044 0.0003 1.0000 1.0000 0.2217 0.0170 0.0013 0.0001 1.0000 0.8687 0.0669 0.0051 0.0004 1.0000 1.0000 0.2616 0.0201 0.0015 0.0001 1.0000 1.0000 0.0787 0.0060 0.0005 1.0000 1.0000 0.3070 0.0236 0.0018 0.0001 1.0000 1.0000 0.0935 0.0072 0.0006 1.0000 1.0000 0.3916
1.0000 1.0000 0.0006 0.0071 0.0902 1.0000 1.0000 0.0001 0.0017 0.0221 0.2867 1.0000 1.0000 0.0004 0.0056 0.0733 0.9536 1.0000 0.0001 0.0014 0.0187 0.2439 1.0000 1.0000 0.0004 0.0048 0.0624 0.8112 1.0000 0.0001 0.0012 0.0159 0.2067 1.0000 1.0000 0.0003 0.0041 0.0528 0.6849 1.0000 0.0001 0.0010 0.0134 0.1748 1.0000 1.0000 0.0003 0.0034 0.0428 0.4845 1.0000 0.4845 0.0428 0.0034 0.0003 1.0000 1.0000 0.1748 0.0134 0.0010 0.0001 1.0000 0.6849 0.0528 0.0041 0.0003 1.0000 1.0000 0.2067 0.0159 0.0012 0.0001 1.0000 0.8112 0.0624 0.0048 0.0004 1.0000 1.0000 0.2439 0.0187 0.0014 0.0001 1.0000 0.9536 0.0733 0.0056 0.0004 1.0000 1.0000 0.2867 0.0221 0.0017 0.0001 1.0000 1.0000 0.0902 0.0071 0.0006 1.0000 1.0000
1.0000 0.0006 0.0072 0.0902 1.0000 1.0000 0.0001 0.0016 0.0209 0.2697 1.0000 1.0000 0.0004 0.0053 0.0683 0.8888 1.0000 0.0001 0.0013 0.0175 0.2273 1.0000 1.0000 0.0003 0.0045 0.0581 0.7561 1.0000 0.0001 0.0011 0.0148 0.1926 1.0000 1.0000 0.0003 0.0038 0.0492 0.6396 1.0000 0.0001 0.0010 0.0125 0.1629 1.0000 1.0000 0.0002 0.0032 0.0411 0.5189 1.0000 1.0000 1.0000 0.5189 0.0411 0.0032 0.0002 1.0000 1.0000 0.1629 0.0125 0.0010 0.0001 1.0000 0.6396 0.0492 0.0038 0.0003 1.0000 1.0000 0.1926 0.0148 0.0011 0.0001 1.0000 0.7561 0.0581 0.0045 0.0003 1.0000 1.0000 0.2273 0.0175 0.0013 0.0001 1.0000 0.8888 0.0683 0.0053 0.0004 1.0000 1.0000 0.2697 0.0209 0.0016 0.0001 1.0000 1.0000 0.0902 0.0072 0.0006 1.0000
0.0006 0.0076 0.0935 1.0000 1.0000 0.0001 0.0016 0.0200 0.2567 1.0000 1.0000 0.0004 0.0049 0.0638 0.8284 1.0000 0.0001 0.0013 0.0163 0.2119 1.0000 1.0000 0.0003 0.0042 0.0542 0.7047 1.0000 0.0001 0.0011 0.0138 0.1795 1.0000 1.0000 0.0003 0.0035 0.0458 0.5961 1.0000 0.0001 0.0009 0.0117 0.1519 1.0000 1.0000 0.0002 0.0030 0.0386 0.4985 1.0000 1.0000 0.0002 1.0000 1.0000 0.4985 0.0386 0.0030 0.0002 1.0000 1.0000 0.1519 0.0117 0.0009 0.0001 1.0000 0.5961 0.0458 0.0035 0.0003 1.0000 1.0000 0.1795 0.0138 0.0011 0.0001 1.0000 0.7047 0.0542 0.0042 0.0003 1.0000 1.0000 0.2119 0.0163 0.0013 0.0001 1.0000 0.8284 0.0638 0.0049 0.0004 1.0000 1.0000 0.2567 0.0200 0.0016 0.0001 1.0000 1.0000 0.0935 0.0076 0.0006
0.0077 0.0992 1.0000 1.0000 0.0001 0.0016 0.0198 0.2500 1.0000 1.0000 0.0004 0.0046 0.0599 0.7765 1.0000 0.0001 0.0012 0.0152 0.1975 1.0000 1.0000 0.0003 0.0039 0.0505 0.6569 1.0000 0.0001 0.0010 0.0129 0.1673 1.0000 1.0000 0.0003 0.0033 0.0427 0.5556 1.0000 0.0001 0.0008 0.0109 0.1416 1.0000 1.0000 0.0002 0.0028 0.0361 0.4673 1.0000 0.0001 0.0006 0.0028 0.0006 0.0001 1.0000 0.4673 0.0361 0.0028 0.0002 1.0000 1.0000 0.1416 0.0109 0.0008 0.0001 1.0000 0.5556 0.0427 0.0033 0.0003 1.0000 1.0000 0.1673 0.0129 0.0010 0.0001 1.0000 0.6569 0.0505 0.0039 0.0003 1.0000 1.0000 0.1975 0.0152 0.0012 0.0001 1.0000 0.7765 0.0599 0.0046 0.0004 1.0000 1.0000 0.2500 0.0198 0.0016 0.0001 1.0000 1.0000 0.0992 0.0077
0.1005 1.0000 1.0000 0.0001 0.0016 0.0200 0.2500 1.0000 1.0000 0.0003 0.0044 0.0570 0.7348 1.0000 0.0001 0.0011 0.0142 0.1840 1.0000 1.0000 0.0003 0.0036 0.0471 0.6122 1.0000 0.0001 0.0009 0.0120 0.1563 1.0000 1.0000 0.0002 0.0031 0.0398 0.5179 1.0000 0.0001 0.0008 0.0102 0.1319 1.0000 1.0000 0.0002 0.0026 0.0336 0.4364 1.0000 1.0000 0.0006 0.0072 0.0345 0.0072 0.0006 1.0000 1.0000 0.4364 0.0336 0.0026 0.0002 1.0000 1.0000 0.1319 0.0102 0.0008 0.0001 1.0000 0.5179 0.0398 0.0031 0.0002 1.0000 1.0000 0.1563 0.0120 0.0009 0.0001 1.0000 0.6122 0.0471 0.0036 0.0003 1.0000 1.0000 0.1840 0.0142 0.0011 0.0001 1.0000 0.7348 0.0570 0.0044 0.0003 1.0000 1.0000 0.2500 0.0200 0.0016 0.0001 1.0000 1.0000 0.1005
1.0000 1.0000 0.0001 0.0017 0.0209 0.2567 1.0000 1.0000 0.0003 0.0043 0.0552 0.7047 1.0000 0.0001 0.0010 0.0133 0.1725 1.0000 1.0000 0.0003 0.0034 0.0439 0.5706 1.0000 0.0001 0.0009 0.0112 0.1457 1.0000 1.0000 0.0002 0.0029 0.0371 0.4827 1.0000 0.0001 0.0007 0.0095 0.1230 1.0000 1.0000 0.0002 0.0024 0.0313 0.4075 1.0000 1.0000 0.0006 0.0077 0.0870 0.4177 0.0870 0.0077 0.0006 1.0000 1.0000 0.4075 0.0313 0.0024 0.0002 1.0000 1.0000 0.1230 0.0095 0.0007 0.0001 1.0000 0.4827 0.0371 0.0029 0.0002 1.0000 1.0000 0.1457 0.0112 0.0009 0.0001 1.0000 0.5706 0.0439 0.0034 0.0003 1.0000 1.0000 0.1725 0.0133 0.0010 0.0001 1.0000 0.7047 0.0552 0.0043 0.0003 1.0000 1.0000 0.2567 0.0209 0.0017 0.0001 1.0000 1.0000
1.0000 0.0001 0.0018 0.0221 0.2697 1.0000 1.0000 0.0003 0.0043 0.0545 0.6888 1.0000 0.0001 0.0010 0.0126 0.1629 1.0000 1.0000 0.0002 0.0031 0.0409 0.5318 1.0000 0.0001 0.0008 0.0104 0.1358 1.0000 1.0000 0.0002 0.0027 0.0346 0.4499 1.0000 0.0001 0.0007 0.0088 0.1148 1.0000 1.0000 0.0002 0.0022 0.0292 0.3798 1.0000 1.0000 0.0006 0.0074 0.0932 1.0000 1.0000 1.0000 0.0932 0.0074 0.0006 1.0000 1.0000 0.3798 0.0292 0.0022 0.0002 1.0000 1.0000 0.1148 0.0088 0.0007 0.0001 1.0000 0.4499 0.0346 0.0027 0.0002 1.0000 1.0000 0.1358 0.0104 0.0008 0.0001 1.0000 0.5318 0.0409 0.0031 0.0002 1.0000 1.0000 0.1629 0.0126 0.0010 0.0001 1.0000 0.6888 0.0545 0.0043 0.0003 1.0000 1.0000 0.2697 0.0221 0.0018 0.0001 1.0000
0.0002 0.0020 0.0236 0.2867 1.0000 1.0000 0.0004 0.0044 0.0552 0.6888 1.0000 0.0001 0.0010 0.0122 0.1557 1.0000 1.0000 0.0002 0.0030 0.0383 0.4967 1.0000 0.0001 0.0007 0.0097 0.1265 1.0000 1.0000 0.0002 0.0025 0.0322 0.4193 1.0000 1.0000 0.0006 0.0082 0.1070 1.0000 1.0000 0.0002 0.0021 0.0273 0.3540 1.0000 1.0000 0.0005 0.0069 0.0893 1.0000 1.0000 1.0000 1.0000 1.0000 0.0893 0.0069 0.0005 1.0000 1.0000 0.3540 0.0273 0.0021 0.0002 1.0000 1.0000 0.1070 0.0082 0.0006 1.0000 1.0000 0.4193 0.0322 0.0025 0.0002 1.0000 1.0000 0.1265 0.0097 0.0007 0.0001 1.0000 0.4967 0.0383 0.0030 0.0002 1.0000 1.0000 0.1557 0.0122 0.0010 0.0001 1.0000 0.6888 0.0552 0.0044 0.0004 1.0000 1.0000 0.2867 0.0236 0.0020 0.0002
0.0020 0.0254 0.3070 1.0000 1.0000 0.0004 0.0046 0.0570 0.7047 1.0000 0.0001 0.0009 0.0119 0.1513 1.0000 1.0000 0.0002 0.0028 0.0361 0.4664 1.0000 0.0001 0.0007 0.0091 0.1179 1.0000 1.0000 0.0002 0.0023 0.0301 0.3908 1.0000 1.0000 0.0006 0.0077 0.0998 1.0000 1.0000 0.0002 0.0020 0.0254 0.3300 1.0000 1.0000 0.0005 0.0065 0.0837 1.0000 1.0000 0.0001 0.0005 0.0001 1.0000 1.0000 0.0837 0.0065 0.0005 1.0000 1.0000 0.3300 0.0254 0.0020 0.0002 1.0000 1.0000 0.0998 0.0077 0.0006 1.0000 1.0000 0.3908 0.0301 0.0023 0.0002 1.0000 1.0000 0.1179 0.0091 0.0007 0.0001 1.0000 0.4664 0.0361 0.0028 0.0002 1.0000 1.0000 0.1513 0.0119 0.0009 0.0001 1.0000 0.7047 0.0570 0.0046 0.0004 1.0000 1.0000 0.3070 0.0254 0.0020
0.0257 0.3300 1.0000 1.0000 0.0004 0.0049 0.0599 0.7348 1.0000 0.0001 0.0010 0.0119 0.1499 1.0000 1.0000 0.0002 0.0027 0.0344 0.4423 1.0000 1.0000 0.0007 0.0085 0.1101 1.0000 1.0000 0.0002 0.0022 0.0281 0.3643 1.0000 1.0000 0.0006 0.0071 0.0930 1.0000 1.0000 0.0001 0.0018 0.0237 0.3075 1.0000 1.0000 0.0005 0.0060 0.0782 1.0000 1.0000 0.0001 0.0013 0.0062 0.0013 0.0001 1.0000 1.0000 0.0782 0.0060 0.0005 1.0000 1.0000 0.3075 0.0237 0.0018 0.0001 1.0000 1.0000 0.0930 0.0071 0.0006 1.0000 1.0000 0.3643 0.0281 0.0022 0.0002 1.0000 1.0000 0.1101 0.0085 0.0007 1.0000 1.0000 0.4423 0.0344 0.0027 0.0002 1.0000 1.0000 0.1499 0.0119 0.0010 0.0001 1.0000 0.7348 0.0599 0.0049 0.0004 1.0000 1.0000 0.3300 0.0257
0.3344 1.0000 1.0000 0.0004 0.0053 0.0638 0.7765 1.0000 0.0001 0.0010 0.0122 0.1513 1.0000 1.0000 0.0002 0.0026 0.0332 0.4241 1.0000 1.0000 0.0006 0.0080 0.1034 1.0000 1.0000 0.0002 0.0020 0.0262 0.3402 1.0000 1.0000 0.0005 0.0067 0.0867 1.0000 1.0000 0.0001 0.0017 0.0221 0.2872 1.0000 1.0000 0.0004 0.0056 0.0730 0.9481 1.0000 0.0001 0.0014 0.0156 0.0749 0.0156 0.0014 0.0001 1.0000 0.9481 0.0730 0.0056 0.0004 1.0000 1.0000 0.2872 0.0221 0.0017 0.0001 1.0000 1.0000 0.0867 0.0067 0.0005 1.0000 1.0000 0.3402 0.0262 0.0020 0.0002 1.0000 1.0000 0.1034 0.0080 0.0006 1.0000 1.0000 0.4241 0.0332 0.0026 0.0002 1.0000 1.0000 0.1513 0.0122 0.0010 0.0001 1.0000 0.7765 0.0638 0.0053 0.0004 1.0000 1.0000 0.3344
1.0000 1.0000 0.0005 0.0056 0.0683 0.8284 1.0000 0.0001 0.0010 0.0126 0.1557 1.0000 1.0000 0.0002 0.0026 0.0326 0.4138 1.0000 1.0000 0.0006 0.0076 0.0979 1.0000 1.0000 0.0001 0.0019 0.0245 0.3177 1.0000 1.0000 0.0005 0.0062 0.0808 1.0000 1.0000 0.0001 0.0016 0.0206 0.2677 1.0000 1.0000 0.0004 0.0052 0.0681 0.8837 1.0000 0.0001 0.0013 0.0167 0.1886 0.9076 0.1886 0.0167 0.0013 0.0001 1.0000 0.8837 0.0681 0.0052 0.0004 1.0000 1.0000 0.2677 0.0206 0.0016 0.0001 1.0000 1.0000 0.0808 0.0062 0.0005 1.0000 1.0000 0.3177 0.0245 0.0019 0.0001 1.0000 1.0000 0.0979 0.0076 0.0006 1.0000 1.0000 0.4138 0.0326 0.0026 0.0002 1.0000 1.0000 0.1557 0.0126 0.0010 0.0001 1.0000 0.8284 0.0683 0.0056 0.0005 1.0000 1.0000
1.0000 0.0005 0.0060 0.0733 0.8888 1.0000 0.0001 0.0011 0.0133 0.1629 1.0000 1.0000 0.0002 0.0026 0.0326 0.4099 1.0000 1.0000 0.0006 0.0073 0.0935 1.0000 1.0000 0.0001 0.0018 0.0229 0.2972 1.0000 1.0000 0.0004 0.0058 0.0753 0.9793 1.0000 0.0001 0.0015 0.0192 0.2495 1.0000 1.0000 0.0004 0.0049 0.0634 0.8252 1.0000 0.0001 0.0012 0.0160 0.2020 1.0000 1.0000 1.0000 0.2020 0.0160 0.0012 0.0001 1.0000 0.8252 0.0634 0.0049 0.0004 1.0000 1.0000 0.2495 0.0192 0.0015 0.0001 1.0000 0.9793 0.0753 0.0058 0.0004 1.0000 1.0000 0.2972 0.0229 0.0018 0.0001 1.0000 1.0000 0.0935 0.0073 0.0006 1.0000 1.0000 0.4099 0.0326 0.0026 0.0002 1.0000 1.0000 0.1629 0.0133 0.0011 0.0001 1.0000 0.8888 0.0733 0.0060 0.0005 1.0000
0.0005 0.0065 0.0787 0.9536 1.0000 0.0001 0.0012 0.0142 0.1725 1.0000 1.0000 0.0002 0.0027 0.0332 0.4138 1.0000 1.0000 0.0006 0.0071 0.0905 1.0000 1.0000 0.0001 0.0017 0.0217 0.2797 1.0000 1.0000 0.0004 0.0054 0.0704 0.9145 1.0000 0.0001 0.0014 0.0179 0.2325 1.0000 1.0000 0.0004 0.0046 0.0591 0.7692 1.0000 0.0001 0.0012 0.0150 0.1941 1.0000 1.0000 0.0001 1.0000 1.0000 0.1941 0.0150 0.0012 0.0001 1.0000 0.7692 0.0591 0.0046 0.0004 1.0000 1.0000 0.2325 0.0179 0.0014 0.0001 1.0000 0.9145 0.0704 0.0054 0.0004 1.0000 1.0000 0.2797 0.0217 0.0017 0.0001 1.0000 1.0000 0.0905 0.0071 0.0006 1.0000 1.0000 0.4138 0.0332 0.0027 0.0002 1.0000 1.0000 0.1725 0.0142 0.0012 0.0001 1.0000 0.9536 0.0787 0.0065 0.0005
0.0066 0.0844 1.0000 1.0000 0.0001 0.0013 0.0152 0.1840 1.0000 1.0000 0.0002 0.0028 0.0344 0.4241 1.0000 1.0000 0.0006 0.0071 0.0890 1.0000 1.0000 0.0001 0.0016 0.0206 0.2651 1.0000 1.0000 0.0004 0.0051 0.0659 0.8556 1.0000 0.0001 0.0013 0.0167 0.2167 1.0000 1.0000 0.0003 0.0042 0.0552 0.7169 1.0000 0.0001 0.0011 0.0140 0.1820 1.0000 1.0000 0.0002 0.0011 0.0002 1.0000 1.0000 0.1820 0.0140 0.0011 0.0001 1.0000 0.7169 0.0552 0.0042 0.0003 1.0000 1.0000 0.2167 0.0167 0.0013 0.0001 1.0000 0.8556 0.0659 0.0051 0.0004 1.0000 1.0000 0.2651 0.0206 0.0016 0.0001 1.0000 1.0000 0.0890 0.0071 0.0006 1.0000 1.0000 0.4241 0.0344 0.0028 0.0002 1.0000 1.0000 0.1840 0.0152 0.0013 0.0001 1.0000 1.0000 0.0844 0.0066
0.0857 1.0000 1.0000 0.0001 0.0013 0.0163 0.1975 1.0000 1.0000 0.0002 0.0030 0.0361 0.4423 1.0000 1.0000 0.0006 0.0071 0.0890 1.0000 1.0000 0.0001 0.0016 0.0198 0.2538 1.0000 1.0000 0.0004 0.0048 0.0619 0.8020 1.0000 0.0001 0.0012 0.0156 0.2028 1.0000 1.0000 0.0003 0.0040 0.0515 0.6682 1.0000 0.0001 0.0010 0.0131 0.1699 1.0000 1.0000 0.0002 0.0028 0.0134 0.0028 0.0002 1.0000 1.0000 0.1699 0.0131 0.0010 0.0001 1.0000 0.6682 0.0515 0.0040 0.0003 1.0000 1.0000 0.2028 0.0156 0.0012 0.0001 1.0000 0.8020 0.0619 0.0048 0.0004 1.0000 1.0000 0.2538 0.0198 0.0016 0.0001 1.0000 1.0000 0.0890 0.0071 0.0006 1.0000 1.0000 0.4423 0.0361 0.0030 0.0002 1.0000 1.0000 0.1975 0.0163 0.0013 0.0001 1.0000 1.0000 0.0857
1.0000 1.0000 0.0001 0.0014 0.0175 0.2119 1.0000 1.0000 0.0003 0.0031 0.0383 0.4664 1.0000 1.0000 0.0006 0.0073 0.0905 1.0000 1.0000 0.0001 0.0015 0.0194 0.2462 1.0000 1.0000 0.0004 0.0045 0.0586 0.7561 1.0000 0.0001 0.0011 0.0146 0.1897 1.0000 1.0000 0.0003 0.0037 0.0481 0.6240 1.0000 0.0001 0.0009 0.0122 0.1587 1.0000 1.0000 0.0002 0.0030 0.0339 0.1626 0.0339 0.0030 0.0002 1.0000 1.0000 0.1587 0.0122 0.0009 0.0001 1.0000 0.6240 0.0481 0.0037 0.0003 1.0000 1.0000 0.1897 0.0146 0.0011 0.0001 1.0000 0.7561 0.0586 0.0045 0.0004 1.0000 1.0000 0.2462 0.0194 0.0015 0.0001 1.0000 1.0000 0.0905 0.0073 0.0006 1.0000 1.0000 0.4664 0.0383 0.0031 0.0003 1.0000 1.0000 0.2119 0.0175 0.0014 0.0001 1.0000 1.0000
1.0000 0.0001 0.0015 0.0187 0.2273 1.0000 1.0000 0.0003 0.0034 0.0409 0.4967 1.0000 1.0000 0.0006 0.0076 0.0935 1.0000 1.0000 0.0001 0.0015 0.0193 0.2425 1.0000 1.0000 0.0003 0.0044 0.0559 0.7183 1.0000 0.0001 0.0011 0.0137 0.1775 1.0000 1.0000 0.0003 0.0035 0.0450 0.5838 1.0000 0.0001 0.0009 0.0114 0.1479 1.0000 1.0000 0.0002 0.0029 0.0363 0.4106 1.0000 0.4106 0.0363 0.0029 0.0002 1.0000 1.0000 0.1479 0.0114 0.0009 0.0001 1.0000 0.5838 0.0450 0.0035 0.0003 1.0000 1.0000 0.1775 0.0137 0.0011 0.0001 1.0000 0.7183 0.0559 0.0044 0.0003 1.0000 1.0000 0.2425 0.0193 0.0015 0.0001 1.0000 1.0000 0.0935 0.0076 0.0006 1.0000 1.0000 0.4967 0.0409 0.0034 0.0003 1.0000 1.0000 0.2273 0.0187 0.0015 0.0001 1.0000
0.0001 0.0017 0.0201 0.2439 1.0000 1.0000 0.0003 0.0036 0.0439 0.5318 1.0000 0.0001 0.0007 0.0080 0.0979 1.0000 1.0000 0.0001 0.0016 0.0194 0.2425 1.0000 1.0000 0.0003 0.0042 0.0539 0.6888 1.0000 0.0001 0.0010 0.0129 0.1670 1.0000 1.0000 0.0002 0.0032 0.0421 0.5462 1.0000 0.0001 0.0008 0.0107 0.1384 1.0000 1.0000 0.0002 0.0027 0.0349 0.4397 1.0000 1.0000 1.0000 0.4397 0.0349 0.0027 0.0002 1.0000 1.0000 0.1384 0.0107 0.0008 0.0001 1.0000 0.5462 0.0421 0.0032 0.0002 1.0000 1.0000 0.1670 0.0129 0.0010 0.0001 1.0000 0.6888 0.0539 0.0042 0.0003 1.0000 1.0000 0.2425 0.0194 0.0016 0.0001 1.0000 1.0000 0.0979 0.0080 0.0007 0.0001 1.0000 0.5318 0.0439 0.0036 0.0003 1.0000 1.0000 0.2439 0.0201 0.0017 0.0001
0.0017 0.0216 0.2616 1.0000 1.0000 0.0003 0.0039 0.0471 0.5706 1.0000 0.0001 0.0007 0.0085 0.1034 1.0000 1.0000 0.0001 0.0016 0.0198 0.2462 1.0000 1.0000 0.0003 0.0042 0.0527 0.6695 1.0000 0.0001 0.0010 0.0123 0.1584 1.0000 1.0000 0.0002 0.0030 0.0394 0.5110 1.0000 0.0001 0.0008 0.0100 0.1295 1.0000 1.0000 0.0002 0.0025 0.0327 0.4225 1.0000 1.0000 0.0002 1.0000 1.0000 0.4225 0.0327 0.0025 0.0002 1.0000 1.0000 0.1295 0.0100 0.0008 0.0001 1.0000 0.5110 0.0394 0.0030 0.0002 1.0000 1.0000 0.1584 0.0123 0.0010 0.0001 1.0000 0.6695 0.0527 0.0042 0.0003 1.0000 1.0000 0.2462 0.0198 0.0016 0.0001 1.0000 1.0000 0.1034 0.0085 0.0007 0.0001 1.0000 0.5706 0.0471 0.0039 0.0003 1.0000 1.0000 0.2616 0.0216 0.0017
0.0219 0.2807 1.0000 1.0000 0.0003 0.0042 0.0505 0.6122 1.0000 0.0001 0.0007 0.0091 0.1101 1.0000 1.0000 0.0001 0.0017 0.0206 0.2538 1.0000 1.0000 0.0003 0.0042 0.0523 0.6594 1.0000 0.0001 0.0009 0.0118 0.1516 1.0000 1.0000 0.0002 0.0029 0.0370 0.4790 1.0000 0.0001 0.0007 0.0093 0.1211 1.0000 1.0000 0.0002 0.0024 0.0306 0.3968 1.0000 1.0000 0.0005 0.0024 0.0005 1.0000 1.0000 0.3968 0.0306 0.0024 0.0002 1.0000 1.0000 0.1211 0.0093 0.0007 0.0001 1.0000 0.4790 0.0370 0.0029 0.0002 1.0000 1.0000 0.1516 0.0118 0.0009 0.0001 1.0000 0.6594 0.0523 0.0042 0.0003 1.0000 1.0000 0.2538 0.0206 0.0017 0.0001 1.0000 1.0000 0.1101 0.0091 0.0007 0.0001 1.0000 0.6122 0.0505 0.0042 0.0003 1.0000 1.0000 0.2807 0.0219
0.2850 1.0000 1.0000 0.0004 0.0045 0.0542 0.6569 1.0000 0.0001 0.0008 0.0097 0.1179 1.0000 1.0000 0.0001 0.0018 0.0217 0.2651 1.0000 1.0000 0.0003 0.0042 0.0527 0.6594 1.0000 0.0001 0.0009 0.0115 0.1462 1.0000 1.0000 0.0002 0.0027 0.0350 0.4516 1.0000 0.0001 0.0007 0.0087 0.1133 1.0000 1.0000 0.0002 0.0022 0.0287 0.3720 1.0000 1.0000 0.0005 0.0061 0.0293 0.0061 0.0005 1.0000 1.0000 0.3720 0.0287 0.0022 0.0002 1.0000 1.0000 0.1133 0.0087 0.0007 0.0001 1.0000 0.4516 0.0350 0.0027 0.0002 1.0000 1.0000 0.1462 0.0115 0.0009 0.0001 1.0000 0.6594 0.0527 0.0042 0.0003 1.0000 1.0000 0.2651 0.0217 0.0018 0.0001 1.0000 1.0000 0.1179 0.0097 0.0008 0.0001 1.0000 0.6569 0.0542 0.0045 0.0004 1.0000 1.0000 0.2850
1.0000 1.0000 0.0004 0.0048 0.0581 0.7047 1.0000 0.0001 0.0009 0.0104 0.1265 1.0000 1.0000 0.0002 0.0019 0.0229 0.2797 1.0000 1.0000 0.0004 0.0044 0.0539 0.6695 1.0000 0.0001 0.0009 0.0113 0.1432 1.0000 1.0000 0.0002 0.0026 0.0334 0.4290 1.0000 1.0000 0.0006 0.0082 0.1060 1.0000 1.0000 0.0002 0.0021 0.0269 0.3480 1.0000 1.0000 0.0005 0.0065 0.0739 0.3554 0.0739 0.0065 0.0005 1.0000 1.0000 0.3480 0.0269 0.0021 0.0002 1.0000 1.0000 0.1060 0.0082 0.0006 1.0000 1.0000 0.4290 0.0334 0.0026 0.0002 1.0000 1.0000 0.1432 0.0113 0.0009 0.0001 1.0000 0.6695 0.0539 0.0044 0.0004 1.0000 1.0000 0.2797 0.0229 0.0019 0.0002 1.0000 1.0000 0.1265 0.0104 0.0009 0.0001 1.0000 0.7047 0.0581 0.0048 0.0004 1.0000 1.0000
1.0000 0.0004 0.0051 0.0624 0.7561 1.0000 0.0001 0.0009 0.0112 0.1358 1.0000 1.0000 0.0002 0.0020 0.0245 0.2972 1.0000 1.0000 0.0004 0.0045 0.0559 0.6888 1.0000 0.0001 0.0009 0.0113 0.1421 1.0000 1.0000 0.0002 0.0025 0.0321 0.4106 1.0000 1.0000 0.0006 0.0077 0.0998 1.0000 1.0000 0.0001 0.0019 0.0251 0.3256 1.0000 1.0000 0.0005 0.0063 0.0793 0.8956 1.0000 0.8956 0.0793 0.0063 0.0005 1.0000 1.0000 0.3256 0.0251 0.0019 0.0001 1.0000 1.0000 0.0998 0.0077 0.0006 1.0000 1.0000 0.4106 0.0321 0.0025 0.0002 1.0000 1.0000 0.1421 0.0113 0.0009 0.0001 1.0000 0.6888 0.0559 0.0045 0.0004 1.0000 1.0000 0.2972 0.0245 0.0020 0.0002 1.0000 1.0000 0.1358 0.0112 0.0009 0.0001 1.0000 0.7561 0.0624 0.0051 0.0004 1.0000
0.0004 0.0055 0.0669 0.8112 1.0000 0.0001 0.0010 0.0120 0.1457 1.0000 1.0000 0.0002 0.0022 0.0262 0.3177 1.0000 1.0000 0.0004 0.0048 0.0586 0.7183 1.0000 0.0001 0.0009 0.0115 0.1432 1.0000 1.0000 0.0002 0.0025 0.0312 0.3968 1.0000 1.0000 0.0006 0.0074 0.0946 1.0000 1.0000 0.0001 0.0018 0.0235 0.3046 1.0000 1.0000 0.0005 0.0059 0.0763 0.9608 1.0000 1.0000 1.0000 0.9608 0.0763 0.0059 0.0005 1.0000 1.0000 0.3046 0.0235 0.0018 0.0001 1.0000 1.0000 0.0946 0.0074 0.0006 1.0000 1.0000 0.3968 0.0312 0.0025 0.0002 1.0000 1.0000 0.1432 0.0115 0.0009 0.0001 1.0000 0.7183 0.0586 0.0048 0.0004 1.0000 1.0000 0.3177 0.0262 0.0022 0.0002 1.0000 1.0000 0.1457 0.0120 0.0010 0.0001 1.0000 0.8112 0.0669 0.0055 0.0004
0.0056 0.0718 0.8687 1.0000 0.0001 0.0011 0.0129 0.1563 1.0000 1.0000 0.0002 0.0023 0.0281 0.3402 1.0000 1.0000 0.0004 0.0051 0.0619 0.7561 1.0000 0.0001 0.0010 0.0118 0.1462 1.0000 1.0000 0.0002 0.0024 0.0307 0.3886 1.0000 1.0000 0.0005 0.0070 0.0904 1.0000 1.0000 0.0001 0.0017 0.0221 0.2861 1.0000 1.0000 0.0004 0.0055 0.0718 0.9250 1.0000 0.0001 0.0004 0.0001 1.0000 0.9250 0.0718 0.0055 0.0004 1.0000 1.0000 0.2861 0.0221 0.0017 0.0001 1.0000 1.0000 0.0904 0.0070 0.0005 1.0000 1.0000 0.3886 0.0307 0.0024 0.0002 1.0000 1.0000 0.1462 0.0118 0.0010 0.0001 1.0000 0.7561 0.0619 0.0051 0.0004 1.0000 1.0000 0.3402 0.0281 0.0023 0.0002 1.0000 1.0000 0.1563 0.0129 0.0011 0.0001 1.0000 0.8687 0.0718 0.0056
0.0728 0.9321 1.0000 0.0001 0.0011 0.0138 0.1673 1.0000 1.0000 0.0002 0.0025 0.0301 0.3643 1.0000 1.0000 0.0004 0.0054 0.0659 0.8020 1.0000 0.0001 0.0010 0.0123 0.1516 1.0000 1.0000 0.0002 0.0025 0.0307 0.3857 1.0000 1.0000 0.0005 0.0068 0.0870 1.0000 1.0000 0.0001 0.0016 0.0209 0.2692 1.0000 1.0000 0.0004 0.0052 0.0674 0.8720 1.0000 0.0001 0.0011 0.0053 0.0011 0.0001 1.0000 0.8720 0.0674 0.0052 0.0004 1.0000 1.0000 0.2692 0.0209 0.0016 0.0001 1.0000 1.0000 0.0870 0.0068 0.0005 1.0000 1.0000 0.3857 0.0307 0.0025 0.0002 1.0000 1.0000 0.1516 0.0123 0.0010 0.0001 1.0000 0.8020 0.0659 0.0054 0.0004 1.0000 1.0000 0.3643 0.0301 0.0025 0.0002 1.0000 1.0000 0.1673 0.0138 0.0011 0.0001 1.0000 0.9321 0.0728
0.9463 1.0000 0.0001 0.0012 0.0148 0.1795 1.0000 1.0000 0.0002 0.0027 0.0322 0.3908 1.0000 1.0000 0.0005 0.0058 0.0704 0.8556 1.0000 0.0001 0.0011 0.0129 0.1584 1.0000 1.0000 0.0002 0.0025 0.0312 0.3886 1.0000 1.0000 0.0005 0.0067 0.0845 1.0000 1.0000 0.0001 0.0015 0.0198 0.2553 1.0000 1.0000 0.0004 0.0049 0.0633 0.8205 1.0000 0.0001 0.0012 0.0134 0.0642 0.0134 0.0012 0.0001 1.0000 0.8205 0.0633 0.0049 0.0004 1.0000 1.0000 0.2553 0.0198 0.0015 0.0001 1.0000 1.0000 0.0845 0.0067 0.0005 1.0000 1.0000 0.3886 0.0312 0.0025 0.0002 1.0000 1.0000 0.1584 0.0129 0.0011 0.0001 1.0000 0.8556 0.0704 0.0058 0.0005 1.0000 1.0000 0.3908 0.0322 0.0027 0.0002 1.0000 1.0000 0.1795 0.0148 0.0012 0.0001 1.0000 0.9463
1.0000 0.0001 0.0013 0.0159 0.1926 1.0000 1.0000 0.0002 0.0029 0.0346 0.4193 1.0000 1.0000 0.0005 0.0062 0.0753 0.9145 1.0000 0.0001 0.0011 0.0137 0.1670 1.0000 1.0000 0.0002 0.0026 0.0321 0.3968 1.0000 1.0000 0.0005 0.0066 0.0834 1.0000 1.0000 0.0001 0.0015 0.0191 0.2443 1.0000 1.0000 0.0004 0.0046 0.0596 0.7706 1.0000 0.0001 0.0011 0.0144 0.1623 0.7795 0.1623 0.0144 0.0011 0.0001 1.0000 0.7706 0.0596 0.0046 0.0004 1.0000 1.0000 0.2443 0.0191 0.0015 0.0001 1.0000 1.0000 0.0834 0.0066 0.0005 1.0000 1.0000 0.3968 0.0321 0.0026 0.0002 1.0000 1.0000 0.1670 0.0137 0.0011 0.0001 1.0000 0.9145 0.0753 0.0062 0.0005 1.0000 1.0000 0.4193 0.0346 0.0029 0.0002 1.0000 1.0000 0.1926 0.0159 0.0013 0.0001 1.0000
0.0001 0.0014 0.0170 0.2067 1.0000 1.0000 0.0003 0.0031 0.0371 0.4499 1.0000 1.0000 0.0006 0.0067 0.0808 0.9793 1.0000 0.0001 0.0012 0.0146 0.1775 1.0000 1.0000 0.0002 0.0027 0.0334 0.4106 1.0000 1.0000 0.0005 0.0067 0.0834 1.0000 1.0000 0.0001 0.0015 0.0185 0.2357 1.0000 1.0000 0.0003 0.0044 0.0564 0.7279 1.0000 0.0001 0.0011 0.0139 0.1745 1.0000 1.0000 1.0000 0.1745 0.0139 0.0011 0.0001 1.0000 0.7279 0.0564 0.0044 0.0003 1.0000 1.0000 0.2357 0.0185 0.0015 0.0001 1.0000 1.0000 0.0834 0.0067 0.0005 1.0000 1.0000 0.4106 0.0334 0.0027 0.0002 1.0000 1.0000 0.1775 0.0146 0.0012 0.0001 1.0000 0.9793 0.0808 0.0067 0.0006 1.0000 1.0000 0.4499 0.0371 0.0031 0.0003 1.0000 1.0000 0.2067 0.0170 0.0014 0.0001
0.0014 0.0183 0.2217 1.0000 1.0000 0.0003 0.0033 0.0398 0.4827 1.0000 1.0000 0.0006 0.0071 0.0867 1.0000 1.0000 0.0001 0.0013 0.0156 0.1897 1.0000 1.0000 0.0002 0.0029 0.0350 0.4290 1.0000 1.0000 0.0005 0.0068 0.0845 1.0000 1.0000 0.0001 0.0014 0.0181 0.2295 1.0000 1.0000 0.0003 0.0042 0.0538 0.6915 1.0000 0.0001 0.0010 0.0131 0.1689 1.0000 1.0000 0.0001 1.0000 1.0000 0.1689 0.0131 0.0010 0.0001 1.0000 0.6915 0.0538 0.0042 0.0003 1.0000 1.0000 0.2295 0.0181 0.0014 0.0001 1.0000 1.0000 0.0845 0.0068 0.0005 1.0000 1.0000 0.4290 0.0350 0.0029 0.0002 1.0000 1.0000 0.1897 0.0156 0.0013 0.0001 1.0000 1.0000 0.0867 0.0071 0.0006 1.0000 1.0000 0.4827 0.0398 0.0033 0.0003 1.0000 1.0000 0.2217 0.0183 0.0014
0.0186 0.2379 1.0000 1.0000 0.0003 0.0035 0.0427 0.5179 1.0000 0.0001 0.0006 0.0077 0.0930 1.0000 1.0000 0.0001 0.0014 0.0167 0.2028 1.0000 1.0000 0.0002 0.0030 0.0370 0.4516 1.0000 1.0000 0.0006 0.0070 0.0870 1.0000 1.0000 0.0001 0.0014 0.0180 0.2264 1.0000 1.0000 0.0003 0.0040 0.0517 0.6619 1.0000 0.0001 0.0010 0.0124 0.1605 1.0000 1.0000 0.0002 0.0010 0.0002 1.0000 1.0000 0.1605 0.0124 0.0010 0.0001 1.0000 0.6619 0.0517 0.0040 0.0003 1.0000 1.0000 0.2264 0.0180 0.0014 0.0001 1.0000 1.0000 0.0870 0.0070 0.0006 1.0000 1.0000 0.4516 0.0370 0.0030 0.0002 1.0000 1.0000 0.2028 0.0167 0.0014 0.0001 1.0000 1.0000 0.0930 0.0077 0.0006 0.0001 1.0000 0.5179 0.0427 0.0035 0.0003 1.0000 1.0000 0.2379 0.0186
0.2411 1.0000 1.0000 0.0003 0.0038 0.0458 0.5556 1.0000 0.0001 0.0007 0.0082 0.0998 1.0000 1.0000 0.0001 0.0015 0.0179 0.2167 1.0000 1.0000 0.0003 0.0032 0.0394 0.4790 1.0000 1.0000 0.0006 0.0074 0.0904 1.0000 1.0000 0.0001 0.0015 0.0181 0.2264 1.0000 1.0000 0.0003 0.0039 0.0501 0.6384 1.0000 0.0001 0.0009 0.0118 0.1522 1.0000 1.0000 0.0002 0.0024 0.0117 0.0024 0.0002 1.0000 1.0000 0.1522 0.0118 0.0009 0.0001 1.0000 0.6384 0.0501 0.0039 0.0003 1.0000 1.0000 0.2264 0.0181 0.0015 0.0001 1.0000 1.0000 0.0904 0.0074 0.0006 1.0000 1.0000 0.4790 0.0394 0.0032 0.0003 1.0000 1.0000 0.2167 0.0179 0.0015 0.0001 1.0000 1.0000 0.0998 0.0082 0.0007 0.0001 1.0000 0.5556 0.0458 0.0038 0.0003 1.0000 1.0000 0.2411
1.0000 1.0000 0.0003 0.0041 0.0492 0.5961 1.0000 0.0001 0.0007 0.0088 0.1070 1.0000 1.0000 0.0001 0.0016 0.0192 0.2325 1.0000 1.0000 0.0003 0.0035 0.0421 0.5110 1.0000 0.0001 0.0006 0.0077 0.0946 1.0000 1.0000 0.0001 0.0015 0.0185 0.2295 1.0000 1.0000 0.0003 0.0039 0.0491 0.6228 1.0000 0.0001 0.0009 0.0113 0.1454 1.0000 1.0000 0.0002 0.0026 0.0297 0.1426 0.0297 0.0026 0.0002 1.0000 1.0000 0.1454 0.0113 0.0009 0.0001 1.0000 0.6228 0.0491 0.0039 0.0003 1.0000 1.0000 0.2295 0.0185 0.0015 0.0001 1.0000 1.0000 0.0946 0.0077 0.0006 0.0001 1.0000 0.5110 0.0421 0.0035 0.0003 1.0000 1.0000 0.2325 0.0192 0.0016 0.0001 1.0000 1.0000 0.1070 0.0088 0.0007 0.0001 1.0000 0.5961 0.0492 0.0041 0.0003 1.0000 1.0000
1.0000 0.0004 0.0044 0.0528 0.6396 1.0000 0.0001 0.0008 0.0095 0.1148 1.0000 1.0000 0.0001 0.0017 0.0206 0.2495 1.0000 1.0000 0.0003 0.0037 0.0450 0.5462 1.0000 0.0001 0.0007 0.0082 0.0998 1.0000 1.0000 0.0001 0.0015 0.0191 0.2357 1.0000 1.0000 0.0003 0.0039 0.0488 0.6146 1.0000 0.0001 0.0009 0.0109 0.1400 1.0000 1.0000 0.0002 0.0026 0.0323 0.3629 1.0000 0.3629 0.0323 0.0026 0.0002 1.0000 1.0000 0.1400 0.0109 0.0009 0.0001 1.0000 0.6146 0.0488 0.0039 0.0003 1.0000 1.0000 0.2357 0.0191 0.0015 0.0001 1.0000 1.0000 0.0998 0.0082 0.0007 0.0001 1.0000 0.5462 0.0450 0.0037 0.0003 1.0000 1.0000 0.2495 0.0206 0.0017 0.0001 1.0000 1.0000 0.1148 0.0095 0.0008 0.0001 1.0000 0.6396 0.0528 0.0044 0.0004 1.0000
0.0004 0.0047 0.0566 0.6849 1.0000 0.0001 0.0008 0.0102 0.1230 1.0000 1.0000 0.0002 0.0018 0.0221 0.2677 1.0000 1.0000 0.0003 0.0040 0.0481 0.5838 1.0000 0.0001 0.0007 0.0087 0.1060 1.0000 1.0000 0.0001 0.0016 0.0198 0.2443 1.0000 1.0000 0.0003 0.0039 0.0491 0.6146 1.0000 0.0001 0.0008 0.0107 0.1358 1.0000 1.0000 0.0002 0.0025 0.0317 0.3961 1.0000 1.0000 1.0000 0.3961 0.0317 0.0025 0.0002 1.0000 1.0000 0.1358 0.0107 0.0008 0.0001 1.0000 0.6146 0.0491 0.0039 0.0003 1.0000 1.0000 0.2443 0.0198 0.0016 0.0001 1.0000 1.0000 0.1060 0.0087 0.0007 0.0001 1.0000 0.5838 0.0481 0.0040 0.0003 1.0000 1.0000 0.2677 0.0221 0.0018 0.0002 1.0000 1.0000 0.1230 0.0102 0.0008 0.0001 1.0000 0.6849 0.0566 0.0047 0.0004
0.0047 0.0607 0.7348 1.0000 0.0001 0.0009 0.0109 0.1319 1.0000 1.0000 0.0002 0.0020 0.0237 0.2872 1.0000 1.0000 0.0004 0.0042 0.0515 0.6240 1.0000 0.0001 0.0008 0.0093 0.1133 1.0000 1.0000 0.0001 0.0017 0.0209 0.2553 1.0000 1.0000 0.0003 0.0040 0.0501 0.6228 1.0000 0.0001 0.0008 0.0106 0.1332 1.0000 1.0000 0.0002 0.0024 0.0306 0.3893 1.0000 1.0000 0.0002 1.0000 1.0000 0.3893 0.0306 0.0024 0.0002 1.0000 1.0000 0.1332 0.0106 0.0008 0.0001 1.0000 0.6228 0.0501 0.0040 0.0003 1.0000 1.0000 0.2553 0.0209 0.0017 0.0001 1.0000 1.0000 0.1133 0.0093 0.0008 0.0001 1.0000 0.6240 0.0515 0.0042 0.0004 1.0000 1.0000 0.2872 0.0237 0.0020 0.0002 1.0000 1.0000 0.1319 0.0109 0.0009 0.0001 1.0000 0.7348 0.0607 0.0047
0.0615 0.7884 1.0000 0.0001 0.0010 0.0117 0.1416 1.0000 1.0000 0.0002 0.0021 0.0254 0.3075 1.0000 1.0000 0.0004 0.0046 0.0552 0.6682 1.0000 0.0001 0.0008 0.0100 0.1211 1.0000 1.0000 0.0001 0.0018 0.0221 0.2692 1.0000 1.0000 0.0003 0.0042 0.0517 0.6384 1.0000 0.0001 0.0008 0.0106 0.1324 1.0000 1.0000 0.0002 0.0023 0.0296 0.3777 1.0000 1.0000 0.0005 0.0022 0.0005 1.0000 1.0000 0.3777 0.0296 0.0023 0.0002 1.0000 1.0000 0.1324 0.0106 0.0008 0.0001 1.0000 0.6384 0.0517 0.0042 0.0003 1.0000 1.0000 0.2692 0.0221 0.0018 0.0001 1.0000 1.0000 0.1211 0.0100 0.0008 0.0001 1.0000 0.6682 0.0552 0.0046 0.0004 1.0000 1.0000 0.3075 0.0254 0.0021 0.0002 1.0000 1.0000 0.1416 0.0117 0.0010 0.0001 1.0000 0.7884 0.0615
0.8005 1.0000 0.0001 0.0010 0.0125 0.1519 1.0000 1.0000 0.0002 0.0022 0.0273 0.3300 1.0000 1.0000 0.0004 0.0049 0.0591 0.7169 1.0000 0.0001 0.0009 0.0107 0.1295 1.0000 1.0000 0.0002 0.0019 0.0235 0.2861 1.0000 1.0000 0.0004 0.0044 0.0538 0.6619 1.0000 0.0001 0.0009 0.0107 0.1332 1.0000 1.0000 0.0002 0.0023 0.0290 0.3678 1.0000 1.0000 0.0005 0.0057 0.0270 0.0057 0.0005 1.0000 1.0000 0.3678 0.0290 0.0023 0.0002 1.0000 1.0000 0.1332 0.0107 0.0009 0.0001 1.0000 0.6619 0.0538 0.0044 0.0004 1.0000 1.0000 0.2861 0.0235 0.0019 0.0002 1.0000 1.0000 0.1295 0.0107 0.0009 0.0001 1.0000 0.7169 0.0591 0.0049 0.0004 1.0000 1.0000 0.3300 0.0273 0.0022 0.0002 1.0000 1.0000 0.1519 0.0125 0.0010 0.0001 1.0000 0.8005
1.0000 0.0001 0.0011 0.0134 0.1629 1.0000 1.0000 0.0002 0.0024 0.0292 0.3540 1.0000 1.0000 0.0004 0.0052 0.0634 0.7692 1.0000 0.0001 0.0009 0.0114 0.1384 1.0000 1.0000 0.0002 0.0021 0.0251 0.3046 1.0000 1.0000 0.0004 0.0046 0.0564 0.6915 1.0000 0.0001 0.0009 0.0109 0.1358 1.0000 1.0000 0.0002 0.0023 0.0286 0.3615 1.0000 1.0000 0.0005 0.0063 0.0698 0.3331 0.0698 0.0063 0.0005 1.0000 1.0000 0.3615 0.0286 0.0023 0.0002 1.0000 1.0000 0.1358 0.0109 0.0009 0.0001 1.0000 0.6915 0.0564 0.0046 0.0004 1.0000 1.0000 0.3046 0.0251 0.0021 0.0002 1.0000 1.0000 0.1384 0.0114 0.0009 0.0001 1.0000 0.7692 0.0634 0.0052 0.0004 1.0000 1.0000 0.3540 0.0292 0.0024 0.0002 1.0000 1.0000 0.1629 0.0134 0.0011 0.0001 1.0000
0.0001 0.0012 0.0144 0.1748 1.0000 1.0000 0.0002 0.0026 0.0313 0.3798 1.0000 1.0000 0.0005 0.0056 0.0681 0.8252 1.0000 0.0001 0.0010 0.0122 0.1479 1.0000 1.0000 0.0002 0.0022 0.0269 0.3256 1.0000 1.0000 0.0004 0.0049 0.0596 0.7279 1.0000 0.0001 0.0009 0.0113 0.1400 1.0000 1.0000 0.0002 0.0023 0.0286 0.3595 1.0000 1.0000 0.0005 0.0063 0.0775 0.8621 1.0000 0.8621 0.0775 0.0063 0.0005 1.0000 1.0000 0.3595 0.0286 0.0023 0.0002 1.0000 1.0000 0.1400 0.0113 0.0009 0.0001 1.0000 0.7279 0.0596 0.0049 0.0004 1.0000 1.0000 0.3256 0.0269 0.0022 0.0002 1.0000 1.0000 0.1479 0.0122 0.0010 0.0001 1.0000 0.8252 0.0681 0.0056 0.0005 1.0000 1.0000 0.3798 0.0313 0.0026 0.0002 1.0000 1.0000 0.1748 0.0144 0.0012 0.0001
0.0012 0.0155 0.1876 1.0000 1.0000 0.0002 0.0028 0.0336 0.4075 1.0000 1.0000 0.0005 0.0060 0.0730 0.8837 1.0000 0.0001 0.0011 0.0131 0.1587 1.0000 1.0000 0.0002 0.0024 0.0287 0.3480 1.0000 1.0000 0.0004 0.0052 0.0633 0.7706 1.0000 0.0001 0.0010 0.0118 0.1454 1.0000 1.0000 0.0002 0.0023 0.0290 0.3615 1.0000 1.0000 0.0005 0.0062 0.0779 0.9608 1.0000 1.0000 1.0000 0.9608 0.0779 0.0062 0.0005 1.0000 1.0000 0.3615 0.0290 0.0023 0.0002 1.0000 1.0000 0.1454 0.0118 0.0010 0.0001 1.0000 0.7706 0.0633 0.0052 0.0004 1.0000 1.0000 0.3480 0.0287 0.0024 0.0002 1.0000 1.0000 0.1587 0.0131 0.0011 0.0001 1.0000 0.8837 0.0730 0.0060 0.0005 1.0000 1.0000 0.4075 0.0336 0.0028 0.0002 1.0000 1.0000 0.1876 0.0155 0.0012
0.0157 0.2009 1.0000 1.0000 0.0002 0.0030 0.0361 0.4364 1.0000 1.0000 0.0005 0.0065 0.0782 0.9481 1.0000 0.0001 0.0012 0.0140 0.1699 1.0000 1.0000 0.0002 0.0025 0.0306 0.3720 1.0000 1.0000 0.0005 0.0055 0.0674 0.8205 1.0000 0.0001 0.0010 0.0124 0.1522 1.0000 1.0000 0.0002 0.0024 0.0296 0.3678 1.0000 1.0000 0.0005 0.0062 0.0775 0.9719 1.0000 0.0001 0.0004 0.0001 1.0000 0.9719 0.0775 0.0062 0.0005 1.0000 1.0000 0.3678 0.0296 0.0024 0.0002 1.0000 1.0000 0.1522 0.0124 0.0010 0.0001 1.0000 0.8205 0.0674 0.0055 0.0005 1.0000 1.0000 0.3720 0.0306 0.0025 0.0002 1.0000 1.0000 0.1699 0.0140 0.0012 0.0001 1.0000 0.9481 0.0782 0.0065 0.0005 1.0000 1.0000 0.4364 0.0361 0.0030 0.0002 1.0000 1.0000 0.2009 0.0157
0.2036 1.0000 1.0000 0.0003 0.0032 0.0386 0.4673 1.0000 1.0000 0.0006 0.0069 0.0837 1.0000 1.0000 0.0001 0.0012 0.0150 0.1820 1.0000 1.0000 0.0002 0.0027 0.0327 0.3968 1.0000 1.0000 0.0005 0.0059 0.0718 0.8720 1.0000 0.0001 0.0011 0.0131 0.1605 1.0000 1.0000 0.0002 0.0025 0.0306 0.3777 1.0000 1.0000 0.0005 0.0062 0.0775 0.9719 1.0000 0.0001 0.0011 0.0054 0.0011 0.0001 1.0000 0.9719 0.0775 0.0062 0.0005 1.0000 1.0000 0.3777 0.0306 0.0025 0.0002 1.0000 1.0000 0.1605 0.0131 0.0011 0.0001 1.0000 0.8720 0.0718 0.0059 0.0005 1.0000 1.0000 0.3968 0.0327 0.0027 0.0002 1.0000 1.0000 0.1820 0.0150 0.0012 0.0001 1.0000 1.0000 0.0837 0.0069 0.0006 1.0000 1.0000 0.4673 0.0386 0.0032 0.0003 1.0000 1.0000 0.2036
1.0000 1.0000 0.0003 0.0034 0.0411 0.4985 1.0000 1.0000 0.0006 0.0074 0.0893 1.0000 1.0000 0.0001 0.0013 0.0160 0.1941 1.0000 1.0000 0.0002 0.0029 0.0349 0.4225 1.0000 1.0000 0.0005 0.0063 0.0763 0.9250 1.0000 0.0001 0.0011 0.0139 0.1689 1.0000 1.0000 0.0002 0.0026 0.0317 0.3893 1.0000 1.0000 0.0005 0.0063 0.0779 0.9719 1.0000 0.0001 0.0013 0.0141 0.0669 0.0141 0.0013 0.0001 1.0000 0.9719 0.0779 0.0063 0.0005 1.0000 1.0000 0.3893 0.0317 0.0026 0.0002 1.0000 1.0000 0.1689 0.0139 0.0011 0.0001 1.0000 0.9250 0.0763 0.0063 0.0005 1.0000 1.0000 0.4225 0.0349 0.0029 0.0002 1.0000 1.0000 0.1941 0.0160 0.0013 0.0001 1.0000 1.0000 0.0893 0.0074 0.0006 1.0000 1.0000 0.4985 0.0411 0.0034 0.0003 1.0000 1.0000
1.0000 0.0003 0.0035 0.0428 0.5189 1.0000 0.0001 0.0006 0.0077 0.0932 1.0000 1.0000 0.0001 0.0014 0.0167 0.2020 1.0000 1.0000 0.0002 0.0030 0.0363 0.4397 1.0000 1.0000 0.0005 0.0065 0.0793 0.9608 1.0000 0.0001 0.0012 0.0144 0.1745 1.0000 1.0000 0.0002 0.0026 0.0323 0.3961 1.0000 1.0000 0.0005 0.0063 0.0775 0.9608 1.0000 0.0001 0.0013 0.0156 0.1715 0.8143 0.1715 0.0156 0.0013 0.0001 1.0000 0.9608 0.0775 0.0063 0.0005 1.0000 1.0000 0.3961 0.0323 0.0026 0.0002 1.0000 1.0000 0.1745 0.0144 0.0012 0.0001 1.0000 0.9608 0.0793 0.0065 0.0005 1.0000 1.0000 0.4397 0.0363 0.0030 0.0002 1.0000 1.0000 0.2020 0.0167 0.0014 0.0001 1.0000 1.0000 0.0932 0.0077 0.0006 0.0001 1.0000 0.5189 0.0428 0.0035 0.0003 1.0000
0.0003 0.0033 0.0400 0.4845 1.0000 1.0000 0.0006 0.0072 0.0870 1.0000 1.0000 0.0001 0.0013 0.0156 0.1886 1.0000 1.0000 0.0002 0.0028 0.0339 0.4106 1.0000 1.0000 0.0005 0.0061 0.0739 0.8956 1.0000 0.0001 0.0011 0.0134 0.1623 1.0000 1.0000 0.0002 0.0024 0.0297 0.3629 1.0000 1.0000 0.0005 0.0057 0.0698 0.8621 1.0000 0.0001 0.0011 0.0141 0.1715 1.0000 1.0000 1.0000 0.1715 0.0141 0.0011 0.0001 1.0000 0.8621 0.0698 0.0057 0.0005 1.0000 1.0000 0.3629 0.0297 0.0024 0.0002 1.0000 1.0000 0.1623 0.0134 0.0011 0.0001 1.0000 0.8956 0.0739 0.0061 0.0005 1.0000 1.0000 0.4106 0.0339 0.0028 0.0002 1.0000 1.0000 0.1886 0.0156 0.0013 0.0001 1.0000 1.0000 0.0870 0.0072 0.0006 1.0000 1.0000 0.4845 0.0400 0.0033 0.0003
0.0013 0.0159 0.1923 1.0000 1.0000 0.0002 0.0028 0.0345 0.4177 1.0000 1.0000 0.0005 0.0062 0.0749 0.9076 1.0000 0.0001 0.0011 0.0134 0.1626 1.0000 1.0000 0.0002 0.0024 0.0293 0.3554 1.0000 1.0000 0.0004 0.0053 0.0642 0.7795 1.0000 0.0001 0.0010 0.0117 0.1426 1.0000 1.0000 0.0002 0.0022 0.0270 0.3331 1.0000 1.0000 0.0004 0.0054 0.0669 0.8143 1.0000 1.0000 1.0000 0.8143 0.0669 0.0054 0.0004 1.0000 1.0000 0.3331 0.0270 0.0022 0.0002 1.0000 1.0000 0.1426 0.0117 0.0010 0.0001 1.0000 0.7795 0.0642 0.0053 0.0004 1.0000 1.0000 0.3554 0.0293 0.0024 0.0002 1.0000 1.0000 0.1626 0.0134 0.0011 0.0001 1.0000 0.9076 0.0749 0.0062 0.0005 1.0000 1.0000 0.4177 0.0345 0.0028 0.0002 1.0000 1.0000 0.1923 0.0159 0.0013
0.0003 0.0033 0.0400 0.4845 1.0000 1.0000 0.0006 0.0072 0.0870 1.0000 1.0000 0.0001 0.0013 0.0156 0.1886 1.0000 1.0000 0.0002 0.0028 0.0339 0.4106 1.0000 1.0000 0.0005 0.0061 0.0739 0.8956 1.0000 0.0001 0.0011 0.0134 0.1623 1.0000 1.0000 0.0002 0.0024 0.0297 0.3629 1.0000 1.0000 0.0005 0.0057 0.0698 0.8621 1.0000 0.0001 0.0011 0.0141 0.1715 1.0000 1.0000 1.0000 0.1715 0.0141 0.0011 0.0001 1.0000 0.8621 0.0698 0.0057 0.0005 1.0000 1.0000 0.3629 0.0297 0.0024 0.0002 1.0000 1.0000 0.1623 0.0134 0.0011 0.0001 1.0000 0.8956 0.0739 0.0061 0.0005 1.0000 1.0000 0.4106 0.0339 0.0028 0.0002 1.0000 1.0000 0.1886 0.0156 0.0013 0.0001 1.0000 1.0000 0.0870 0.0072 0.0006 1.0000 1.0000 0.4845 0.0400 0.0033 0.0003
1.0000 0.0003 0.0035 0.0428 0.5189 1.0000 0.0001 0.0006 0.0077 0.0932 1.0000 1.0000 0.0001 0.0014 0.0167 0.2020 1.0000 1.0000 0.0002 0.0030 0.0363 0.4397 1.0000 1.0000 0.0005 0.0065 0.0793 0.9608 1.0000 0.0001 0.0012 0.0144 0.1745 1.0000 1.0000 0.0002 0.0026 0.0323 0.3961 1.0000 1.0000 0.0005 0.0063 0.0775 0.9608 1.0000 0.0001 0.0013 0.0156 0.1715 0.8143 0.1715 0.0156 0.0013 0.0001 1.0000 0.9608 0.0775 0.0063 0.0005 1.0000 1.0000 0.3961 0.0323 0.0026 0.0002 1.0000 1.0000 0.1745 0.0144 0.0012 0.0001 1.0000 0.9608 0.0793 0.0065 0.0005 1.0000 1.0000 0.4397 0.0363 0.0030 0.0002 1.0000 1.0000 0.2020 0.0167 0.0014 0.0001 1.0000 1.0000 0.0932 0.0077 0.0006 0.0001 1.0000 0.5189 0.0428 0.0035 0.0003 1.0000
1.0000 1.0000 0.0003 0.0034 0.0411 0.4985 1.0000 1.0000 0.0006 0.0074 0.0893 1.0000 1.0000 0.0001 0.0013 0.0160 0.1941 1.0000 1.0000 0.0002 0.0029 0.0349 0.4225 1.0000 1.0000 0.0005 0.0063 0.0763 0.9250 1.0000 0.0001 0.0011 0.0139 0.1689 1.0000 1.0000 0.0002 0.0026 0.0317 0.3893 1.0000 1.0000 0.0005 0.0063 0.0779 0.9719 1.0000 0.0001 0.0013 0.0141 0.0669 0.0141 0.0013 0.0001 1.0000 0.9719 0.0779 0.0063 0.0005 1.0000 1.0000 0.3893 0.0317 0.0026 0.0002 1.0000 1.0000 0.1689 0.0139 0.0011 0.0001 1.0000 0.9250 0.0763 0.0063 0.0005 1.0000 1.0000 0.4225 0.0349 0.0029 0.0002 1.0000 1.0000 0.1941 0.0160 0.0013 0.0001 1.0000 1.0000 0.0893 0.0074 0.0006 1.0000 1.0000 0.4985 0.0411 0.0034 0.0003 1.0000 1.0000
0.2036 1.0000 1.0000 0.0003 0.0032 0.0386 0.4673 1.0000 1.0000 0.0006 0.0069 0.0837 1.0000 1.0000 0.0001 0.0012 0.0150 0.1820 1.0000 1.0000 0.0002 0.0027 0.0327 0.3968 1.0000 1.0000 0.0005 0.0059 0.0718 0.8720 1.0000 0.0001 0.0011 0.0131 0.1605 1.0000 1.0000 0.0002 0.0025 0.0306 0.3777 1.0000 1.0000 0.0005 0.0062 0.0775 0.9719 1.0000 0.0001 0.0011 0.0054 0.0011 0.0001 1.0000 0.9719 0.0775 0.0062 0.0005 1.0000 1.0000 0.3777 0.0306 0.0025 0.0002 1.0000 1.0000 0.1605 0.0131 0.0011 0.0001 1.0000 0.8720 0.0718 0.0059 0.0005 1.0000 1.0000 0.3968 0.0327 0.0027 0.0002 1.0000 1.0000 0.1820 0.0150 0.0012 0.0001 1.0000 1.0000 0.0837 0.0069 0.0006 1.0000 1.0000 0.4673 0.0386 0.0032 0.0003 1.0000 1.0000 0.2036
0.0157 0.2009 1.0000 1.0000 0.0002 0.0030 0.0361 0.4364 1.0000 1.0000 0.0005 0.0065 0.0782 0.9481 1.0000 0.0001 0.0012 0.0140 0.1699 1.0000 1.0000 0.0002 0.0025 0.0306 0.3720 1.0000 1.0000 0.0005 0.0055 0.0674 0.8205 1.0000 0.0001 0.0010 0.0124 0.1522 1.0000 1.0000 0.0002 0.0024 0.0296 0.3678 1.0000 1.0000 0.0005 0.0062 0.0775 0.9719 1.0000 0.0001 0.0004 0.0001 1.0000 0.9719 0.0775 0.0062 0.0005 1.0000 1.0000 0.3678 0.0296 0.0024 0.0002 1.0000 1.0000 0.1522 0.0124 0.0010 0.0001 1.0000 0.8205 0.0674 0.0055 0.0005 1.0000 1.0000 0.3720 0.0306 0.0025 0.0002 1.0000 1.0000 0.1699 0.0140 0.0012 0.0001 1.0000 0.9481 0.0782 0.0065 0.0005 1.0000 1.0000 0.4364 0.0361 0.0030 0.0002 1.0000 1.0000 0.2009 0.0157
