-0.3197 -0.3497 0.0950 0.2573 -0.1972 -0.2962 -0.3588 -0.1113 0.1980 -0.0851 -0.2500 -0.3296 -0.3611 0.0648 0.2675 -0.1599 -0.2643 -0.3295 -0.3675 -0.3743 -0.3732 -0.3731 -0.3731 -0.3731 -0.3731 -0.3731 -0.3731 -0.3731 -0.3731 -0.3731 -0.3731 -0.3731 -0.3731 -0.3731 -0.3731 -0.3731 -0.3731 -0.3731 -0.3731 -0.3731 -0.3731 -0.3731 -0.3731 -0.3731 -0.3731 -0.3731 -0.3731 -0.3731 -0.3731 -0.3731 -0.3731 -0.3731 -0.3731 -0.3731 -0.3731 -0.3731 -0.3731 -0.3731 -0.3731 -0.3731 -0.3731 -0.3731 -0.3731 -0.3731 -0.3731 -0.3731 -0.3731 -0.3731 -0.3731 -0.3731 -0.3731 -0.3731 -0.3731 -0.3731 -0.3731 -0.3731 -0.3731 -0.3731 -0.3731 -0.3731 -0.3732 -0.3743 -0.3675 -0.3295 -0.2643 -0.1599 0.2675 0.0648 -0.3611 -0.3296 -0.2500 -0.0851 0.1980 -0.1113 -0.3588 -0.2962 -0.1972 0.2573 0.0950 -0.3497 -0.3197
-0.3497 0.0966 0.2673 -0.2043 -0.3107 -0.3710 -0.1167 0.1955 -0.0775 -0.2659 -0.3440 -0.3698 0.0703 0.2732 -0.1748 -0.2900 -0.3568 -0.3726 -0.0906 0.0422 0.0529 0.0532 0.0533 0.0533 0.0533 0.0533 0.0533 0.0533 0.0533 0.0533 0.0533 0.0533 0.0533 0.0533 0.0533 0.0533 0.0533 0.0533 0.0533 0.0533 0.0533 0.0533 0.0533 0.0533 0.0533 0.0533 0.0533 0.0533 0.0533 0.0533 0.0533 0.0533 0.0533 0.0533 0.0533 0.0533 0.0533 0.0533 0.0533 0.0533 0.0533 0.0533 0.0533 0.0533 0.0533 0.0533 0.0533 0.0533 0.0533 0.0533 0.0533 0.0533 0.0533 0.0533 0.0533 0.0533 0.0533 0.0533 0.0533 0.0532 0.0529 0.0422 -0.0906 -0.3726 -0.3568 -0.2900 -0.1748 0.2732 0.0703 -0.3698 -0.3440 -0.2659 -0.0775 0.1955 -0.1167 -0.3710 -0.3107 -0.2043 0.2673 0.0966 -0.3497
0.0950 0.2673 -0.2028 -0.3094 -0.3702 -0.1349 0.1903 -0.0657 -0.2639 -0.3425 -0.3712 0.0679 0.2732 -0.1777 -0.2939 -0.3611 -0.3446 0.0624 0.1969 0.2631 0.2684 0.2685 0.2685 0.2685 0.2685 0.2685 0.2685 0.2685 0.2685 0.2685 0.2685 0.2685 0.2685 0.2685 0.2685 0.2685 0.2685 0.2685 0.2685 0.2685 0.2685 0.2685 0.2685 0.2685 0.2685 0.2685 0.2685 0.2685 0.2685 0.2685 0.2685 0.2685 0.2685 0.2685 0.2685 0.2685 0.2685 0.2685 0.2685 0.2685 0.2685 0.2685 0.2685 0.2685 0.2685 0.2685 0.2685 0.2685 0.2685 0.2685 0.2685 0.2685 0.2685 0.2685 0.2685 0.2685 0.2685 0.2685 0.2685 0.2685 0.2684 0.2631 0.1969 0.0624 -0.3446 -0.3611 -0.2939 -0.1777 0.2732 0.0679 -0.3712 -0.3425 -0.2639 -0.0657 0.1903 -0.1349 -0.3702 -0.3094 -0.2028 0.2673 0.0950
0.2573 -0.2043 -0.3094 -0.3699 -0.1462 0.1866 -0.0545 -0.2620 -0.3411 -0.3726 0.0640 0.2722 -0.1777 -0.2954 -0.3627 -0.3160 0.1022 0.2718 -0.0920 -0.1776 -0.1849 -0.1853 -0.1853 -0.1853 -0.1853 -0.1853 -0.1853 -0.1853 -0.1853 -0.1853 -0.1853 -0.1853 -0.1853 -0.1853 -0.1853 -0.1853 -0.1853 -0.1853 -0.1853 -0.1853 -0.1853 -0.1853 -0.1853 -0.1853 -0.1853 -0.1853 -0.1853 -0.1853 -0.1853 -0.1853 -0.1853 -0.1853 -0.1853 -0.1853 -0.1853 -0.1853 -0.1853 -0.1853 -0.1853 -0.1853 -0.1853 -0.1853 -0.1853 -0.1853 -0.1853 -0.1853 -0.1853 -0.1853 -0.1853 -0.1853 -0.1853 -0.1853 -0.1853 -0.1853 -0.1853 -0.1853 -0.1853 -0.1853 -0.1853 -0.1853 -0.1849 -0.1776 -0.0920 0.2718 0.1022 -0.3160 -0.3627 -0.2954 -0.1777 0.2722 0.0640 -0.3726 -0.3411 -0.2620 -0.0545 0.1866 -0.1462 -0.3699 -0.3094 -0.2043 0.2573
-0.1972 -0.3107 -0.3702 -0.1462 0.1852 -0.0472 -0.2606 -0.3398 -0.3738 0.0596 0.2706 -0.1760 -0.2956 -0.3632 -0.2969 0.1217 0.2642 -0.1771 -0.2637 -0.2928 -0.2976 -0.2978 -0.2978 -0.2978 -0.2978 -0.2978 -0.2978 -0.2978 -0.2978 -0.2978 -0.2978 -0.2978 -0.2978 -0.2978 -0.2978 -0.2978 -0.2978 -0.2978 -0.2978 -0.2978 -0.2978 -0.2978 -0.2978 -0.2978 -0.2978 -0.2978 -0.2978 -0.2978 -0.2978 -0.2978 -0.2978 -0.2978 -0.2978 -0.2978 -0.2978 -0.2978 -0.2978 -0.2978 -0.2978 -0.2978 -0.2978 -0.2978 -0.2978 -0.2978 -0.2978 -0.2978 -0.2978 -0.2978 -0.2978 -0.2978 -0.2978 -0.2978 -0.2978 -0.2978 -0.2978 -0.2978 -0.2978 -0.2978 -0.2978 -0.2978 -0.2976 -0.2928 -0.2637 -0.1771 0.2642 0.1217 -0.2969 -0.3632 -0.2956 -0.1760 0.2706 0.0596 -0.3738 -0.3398 -0.2606 -0.0472 0.1852 -0.1462 -0.3702 -0.3107 -0.1972
-0.2962 -0.3710 -0.1349 0.1866 -0.0472 -0.2601 -0.3391 -0.3745 0.0557 0.2688 -0.1737 -0.2950 -0.3630 -0.2879 0.1316 0.2256 -0.2050 -0.2942 -0.3477 -0.3716 -0.3746 -0.3747 -0.3746 -0.3746 -0.3746 -0.3746 -0.3746 -0.3746 -0.3746 -0.3746 -0.3746 -0.3746 -0.3746 -0.3746 -0.3746 -0.3746 -0.3746 -0.3746 -0.3746 -0.3746 -0.3746 -0.3746 -0.3746 -0.3746 -0.3746 -0.3746 -0.3746 -0.3746 -0.3746 -0.3746 -0.3746 -0.3746 -0.3746 -0.3746 -0.3746 -0.3746 -0.3746 -0.3746 -0.3746 -0.3746 -0.3746 -0.3746 -0.3746 -0.3746 -0.3746 -0.3746 -0.3746 -0.3746 -0.3746 -0.3746 -0.3746 -0.3746 -0.3746 -0.3746 -0.3746 -0.3746 -0.3746 -0.3746 -0.3746 -0.3747 -0.3746 -0.3716 -0.3477 -0.2942 -0.2050 0.2256 0.1316 -0.2879 -0.3630 -0.2950 -0.1737 0.2688 0.0557 -0.3745 -0.3391 -0.2601 -0.0472 0.1866 -0.1349 -0.3710 -0.2962
-0.3588 -0.1167 0.1903 -0.0545 -0.2606 -0.3391 -0.3747 0.0534 0.2672 -0.1714 -0.2941 -0.3626 -0.2859 0.1361 0.1930 -0.2183 -0.3086 -0.3668 -0.3717 -0.2351 -0.1727 -0.1688 -0.1687 -0.1687 -0.1687 -0.1687 -0.1687 -0.1687 -0.1687 -0.1687 -0.1687 -0.1687 -0.1687 -0.1687 -0.1687 -0.1687 -0.1687 -0.1687 -0.1687 -0.1687 -0.1687 -0.1687 -0.1687 -0.1687 -0.1687 -0.1687 -0.1687 -0.1687 -0.1687 -0.1687 -0.1687 -0.1687 -0.1687 -0.1687 -0.1687 -0.1687 -0.1687 -0.1687 -0.1687 -0.1687 -0.1687 -0.1687 -0.1687 -0.1687 -0.1687 -0.1687 -0.1687 -0.1687 -0.1687 -0.1687 -0.1687 -0.1687 -0.1687 -0.1687 -0.1687 -0.1687 -0.1687 -0.1687 -0.1687 -0.1688 -0.1727 -0.2351 -0.3717 -0.3668 -0.3086 -0.2183 0.1930 0.1361 -0.2859 -0.3626 -0.2941 -0.1714 0.2672 0.0534 -0.3747 -0.3391 -0.2606 -0.0545 0.1903 -0.1167 -0.3588
-0.1113 0.1955 -0.0657 -0.2620 -0.3398 -0.3745 0.0534 0.2666 -0.1701 -0.2934 -0.3621 -0.2874 0.1375 0.1752 -0.2249 -0.3157 -0.3719 -0.2835 0.0747 0.1638 0.1849 0.1861 0.1862 0.1862 0.1862 0.1862 0.1862 0.1862 0.1862 0.1862 0.1862 0.1862 0.1862 0.1862 0.1862 0.1862 0.1862 0.1862 0.1862 0.1862 0.1862 0.1862 0.1862 0.1862 0.1862 0.1862 0.1862 0.1862 0.1862 0.1862 0.1862 0.1862 0.1862 0.1862 0.1862 0.1862 0.1862 0.1862 0.1862 0.1862 0.1862 0.1862 0.1862 0.1862 0.1862 0.1862 0.1862 0.1862 0.1862 0.1862 0.1862 0.1862 0.1862 0.1862 0.1862 0.1862 0.1862 0.1862 0.1862 0.1861 0.1849 0.1638 0.0747 -0.2835 -0.3719 -0.3157 -0.2249 0.1752 0.1375 -0.2874 -0.3621 -0.2934 -0.1701 0.2666 0.0534 -0.3745 -0.3398 -0.2620 -0.0657 0.1955 -0.1113
0.1980 -0.0775 -0.2639 -0.3411 -0.3738 0.0557 0.2672 -0.1701 -0.2932 -0.3619 -0.2895 0.1375 0.1685 -0.2279 -0.3192 -0.3734 -0.1758 0.1373 0.2765 -0.0135 -0.0846 -0.0872 -0.0873 -0.0873 -0.0873 -0.0873 -0.0873 -0.0873 -0.0873 -0.0873 -0.0873 -0.0873 -0.0873 -0.0873 -0.0873 -0.0873 -0.0873 -0.0873 -0.0873 -0.0873 -0.0873 -0.0873 -0.0873 -0.0873 -0.0873 -0.0873 -0.0873 -0.0873 -0.0873 -0.0873 -0.0873 -0.0873 -0.0873 -0.0873 -0.0873 -0.0873 -0.0873 -0.0873 -0.0873 -0.0873 -0.0873 -0.0873 -0.0873 -0.0873 -0.0873 -0.0873 -0.0873 -0.0873 -0.0873 -0.0873 -0.0873 -0.0873 -0.0873 -0.0873 -0.0873 -0.0873 -0.0873 -0.0873 -0.0873 -0.0872 -0.0846 -0.0135 0.2765 0.1373 -0.1758 -0.3734 -0.3192 -0.2279 0.1685 0.1375 -0.2895 -0.3619 -0.2932 -0.1701 0.2672 0.0557 -0.3738 -0.3411 -0.2639 -0.0775 0.1980
-0.0851 -0.2659 -0.3425 -0.3726 0.0596 0.2688 -0.1714 -0.2934 -0.3619 -0.2905 0.1372 0.1671 -0.2291 -0.3208 -0.3740 -0.1066 0.1728 0.1524 -0.1911 -0.2494 -0.2588 -0.2595 -0.2595 -0.2595 -0.2595 -0.2595 -0.2595 -0.2595 -0.2595 -0.2595 -0.2595 -0.2595 -0.2595 -0.2595 -0.2595 -0.2595 -0.2595 -0.2595 -0.2595 -0.2595 -0.2595 -0.2595 -0.2595 -0.2595 -0.2595 -0.2595 -0.2595 -0.2595 -0.2595 -0.2595 -0.2595 -0.2595 -0.2595 -0.2595 -0.2595 -0.2595 -0.2595 -0.2595 -0.2595 -0.2595 -0.2595 -0.2595 -0.2595 -0.2595 -0.2595 -0.2595 -0.2595 -0.2595 -0.2595 -0.2595 -0.2595 -0.2595 -0.2595 -0.2595 -0.2595 -0.2595 -0.2595 -0.2595 -0.2595 -0.2595 -0.2588 -0.2494 -0.1911 0.1524 0.1728 -0.1066 -0.3740 -0.3208 -0.2291 0.1671 0.1372 -0.2905 -0.3619 -0.2934 -0.1714 0.2688 0.0596 -0.3726 -0.3425 -0.2659 -0.0851
-0.2500 -0.3440 -0.3712 0.0640 0.2706 -0.1737 -0.2941 -0.3621 -0.2895 0.1372 0.1672 -0.2294 -0.3216 -0.3743 -0.0732 0.1930 -0.0061 -0.2340 -0.3003 -0.3375 -0.3464 -0.3469 -0.3469 -0.3469 -0.3469 -0.3469 -0.3469 -0.3469 -0.3469 -0.3469 -0.3469 -0.3469 -0.3469 -0.3469 -0.3469 -0.3469 -0.3469 -0.3469 -0.3469 -0.3469 -0.3469 -0.3469 -0.3469 -0.3469 -0.3469 -0.3469 -0.3469 -0.3469 -0.3469 -0.3469 -0.3469 -0.3469 -0.3469 -0.3469 -0.3469 -0.3469 -0.3469 -0.3469 -0.3469 -0.3469 -0.3469 -0.3469 -0.3469 -0.3469 -0.3469 -0.3469 -0.3469 -0.3469 -0.3469 -0.3469 -0.3469 -0.3469 -0.3469 -0.3469 -0.3469 -0.3469 -0.3469 -0.3469 -0.3469 -0.3469 -0.3464 -0.3375 -0.3003 -0.2340 -0.0061 0.1930 -0.0732 -0.3743 -0.3216 -0.2294 0.1672 0.1372 -0.2895 -0.3621 -0.2941 -0.1737 0.2706 0.0640 -0.3712 -0.3440 -0.2500
-0.3296 -0.3698 0.0679 0.2722 -0.1760 -0.2950 -0.3626 -0.2874 0.1375 0.1671 -0.2294 -0.3217 -0.3744 -0.0587 0.2024 -0.0611 -0.2528 -0.3234 -0.3726 -0.3834 -0.3721 -0.3702 -0.3701 -0.3701 -0.3701 -0.3701 -0.3701 -0.3701 -0.3701 -0.3701 -0.3701 -0.3701 -0.3701 -0.3701 -0.3701 -0.3701 -0.3701 -0.3701 -0.3701 -0.3701 -0.3701 -0.3701 -0.3701 -0.3701 -0.3701 -0.3701 -0.3701 -0.3701 -0.3701 -0.3701 -0.3701 -0.3701 -0.3701 -0.3701 -0.3701 -0.3701 -0.3701 -0.3701 -0.3701 -0.3701 -0.3701 -0.3701 -0.3701 -0.3701 -0.3701 -0.3701 -0.3701 -0.3701 -0.3701 -0.3701 -0.3701 -0.3701 -0.3701 -0.3701 -0.3701 -0.3701 -0.3701 -0.3701 -0.3701 -0.3702 -0.3721 -0.3834 -0.3726 -0.3234 -0.2528 -0.0611 0.2024 -0.0587 -0.3744 -0.3217 -0.2294 0.1671 0.1375 -0.2874 -0.3626 -0.2950 -0.1760 0.2722 0.0679 -0.3698 -0.3296
-0.3611 0.0703 0.2732 -0.1777 -0.2956 -0.3630 -0.2859 0.1375 0.1685 -0.2291 -0.3216 -0.3744 -0.0547 0.2064 -0.0806 -0.2599 -0.3338 -0.3779 -0.2360 0.0472 0.0846 0.0872 0.0873 0.0873 0.0873 0.0873 0.0873 0.0873 0.0873 0.0873 0.0873 0.0873 0.0873 0.0873 0.0873 0.0873 0.0873 0.0873 0.0873 0.0873 0.0873 0.0873 0.0873 0.0873 0.0873 0.0873 0.0873 0.0873 0.0873 0.0873 0.0873 0.0873 0.0873 0.0873 0.0873 0.0873 0.0873 0.0873 0.0873 0.0873 0.0873 0.0873 0.0873 0.0873 0.0873 0.0873 0.0873 0.0873 0.0873 0.0873 0.0873 0.0873 0.0873 0.0873 0.0873 0.0873 0.0873 0.0873 0.0873 0.0872 0.0846 0.0472 -0.2360 -0.3779 -0.3338 -0.2599 -0.0806 0.2064 -0.0547 -0.3744 -0.3216 -0.2291 0.1685 0.1375 -0.2859 -0.3630 -0.2956 -0.1777 0.2732 0.0703 -0.3611
0.0648 0.2732 -0.1777 -0.2954 -0.3632 -0.2879 0.1361 0.1752 -0.2279 -0.3208 -0.3743 -0.0587 0.2064 -0.0858 -0.2629 -0.3385 -0.3770 -0.0521 0.1507 0.2602 0.2677 0.2653 0.2652 0.2652 0.2652 0.2652 0.2652 0.2652 0.2652 0.2652 0.2652 0.2652 0.2652 0.2652 0.2652 0.2652 0.2652 0.2652 0.2652 0.2652 0.2652 0.2652 0.2652 0.2652 0.2652 0.2652 0.2652 0.2652 0.2652 0.2652 0.2652 0.2652 0.2652 0.2652 0.2652 0.2652 0.2652 0.2652 0.2652 0.2652 0.2652 0.2652 0.2652 0.2652 0.2652 0.2652 0.2652 0.2652 0.2652 0.2652 0.2652 0.2652 0.2652 0.2652 0.2652 0.2652 0.2652 0.2652 0.2652 0.2653 0.2677 0.2602 0.1507 -0.0521 -0.3770 -0.3385 -0.2629 -0.0858 0.2064 -0.0587 -0.3743 -0.3208 -0.2279 0.1752 0.1361 -0.2879 -0.3632 -0.2954 -0.1777 0.2732 0.0648
0.2675 -0.1748 -0.2939 -0.3627 -0.2969 0.1316 0.1930 -0.2249 -0.3192 -0.3740 -0.0732 0.2024 -0.0806 -0.2629 -0.3399 -0.3762 0.0043 0.2026 0.1023 -0.1677 -0.1945 -0.1965 -0.1966 -0.1966 -0.1966 -0.1966 -0.1966 -0.1966 -0.1966 -0.1966 -0.1966 -0.1966 -0.1966 -0.1966 -0.1966 -0.1966 -0.1966 -0.1966 -0.1966 -0.1966 -0.1966 -0.1966 -0.1966 -0.1966 -0.1966 -0.1966 -0.1966 -0.1966 -0.1966 -0.1966 -0.1966 -0.1966 -0.1966 -0.1966 -0.1966 -0.1966 -0.1966 -0.1966 -0.1966 -0.1966 -0.1966 -0.1966 -0.1966 -0.1966 -0.1966 -0.1966 -0.1966 -0.1966 -0.1966 -0.1966 -0.1966 -0.1966 -0.1966 -0.1966 -0.1966 -0.1966 -0.1966 -0.1966 -0.1966 -0.1965 -0.1945 -0.1677 0.1023 0.2026 0.0043 -0.3762 -0.3399 -0.2629 -0.0806 0.2024 -0.0732 -0.3740 -0.3192 -0.2249 0.1930 0.1316 -0.2969 -0.3627 -0.2939 -0.1748 0.2675
-0.1599 -0.2900 -0.3611 -0.3160 0.1217 0.2256 -0.2183 -0.3157 -0.3734 -0.1066 0.1930 -0.0611 -0.2599 -0.3385 -0.3762 0.0169 0.2254 -0.0696 -0.2332 -0.2819 -0.2967 -0.2980 -0.2981 -0.2981 -0.2981 -0.2981 -0.2981 -0.2981 -0.2981 -0.2981 -0.2981 -0.2981 -0.2981 -0.2981 -0.2981 -0.2981 -0.2981 -0.2981 -0.2981 -0.2981 -0.2981 -0.2981 -0.2981 -0.2981 -0.2981 -0.2981 -0.2981 -0.2981 -0.2981 -0.2981 -0.2981 -0.2981 -0.2981 -0.2981 -0.2981 -0.2981 -0.2981 -0.2981 -0.2981 -0.2981 -0.2981 -0.2981 -0.2981 -0.2981 -0.2981 -0.2981 -0.2981 -0.2981 -0.2981 -0.2981 -0.2981 -0.2981 -0.2981 -0.2981 -0.2981 -0.2981 -0.2981 -0.2981 -0.2981 -0.2980 -0.2967 -0.2819 -0.2332 -0.0696 0.2254 0.0169 -0.3762 -0.3385 -0.2599 -0.0611 0.1930 -0.1066 -0.3734 -0.3157 -0.2183 0.2256 0.1217 -0.3160 -0.3611 -0.2900 -0.1599
-0.2643 -0.3568 -0.3446 0.1022 0.2642 -0.2050 -0.3086 -0.3719 -0.1758 0.1728 -0.0061 -0.2528 -0.3338 -0.3770 0.0043 0.2254 -0.0950 -0.2526 -0.3168 -0.3587 -0.3709 -0.3716 -0.3716 -0.3716 -0.3716 -0.3716 -0.3716 -0.3716 -0.3716 -0.3716 -0.3716 -0.3716 -0.3716 -0.3716 -0.3716 -0.3716 -0.3716 -0.3716 -0.3716 -0.3716 -0.3716 -0.3716 -0.3716 -0.3716 -0.3716 -0.3716 -0.3716 -0.3716 -0.3716 -0.3716 -0.3716 -0.3716 -0.3716 -0.3716 -0.3716 -0.3716 -0.3716 -0.3716 -0.3716 -0.3716 -0.3716 -0.3716 -0.3716 -0.3716 -0.3716 -0.3716 -0.3716 -0.3716 -0.3716 -0.3716 -0.3716 -0.3716 -0.3716 -0.3716 -0.3716 -0.3716 -0.3716 -0.3716 -0.3716 -0.3716 -0.3709 -0.3587 -0.3168 -0.2526 -0.0950 0.2254 0.0043 -0.3770 -0.3338 -0.2528 -0.0061 0.1728 -0.1758 -0.3719 -0.3086 -0.2050 0.2642 0.1022 -0.3446 -0.3568 -0.2643
-0.3295 -0.3726 0.0624 0.2718 -0.1771 -0.2942 -0.3668 -0.2835 0.1373 0.1524 -0.2340 -0.3234 -0.3779 -0.0521 0.2026 -0.0696 -0.2526 -0.3257 -0.3780 -0.3776 -0.3469 -0.3415 -0.3412 -0.3412 -0.3412 -0.3412 -0.3412 -0.3412 -0.3412 -0.3412 -0.3412 -0.3412 -0.3412 -0.3412 -0.3412 -0.3412 -0.3412 -0.3412 -0.3412 -0.3412 -0.3412 -0.3412 -0.3412 -0.3412 -0.3412 -0.3412 -0.3412 -0.3412 -0.3412 -0.3412 -0.3412 -0.3412 -0.3412 -0.3412 -0.3412 -0.3412 -0.3412 -0.3412 -0.3412 -0.3412 -0.3412 -0.3412 -0.3412 -0.3412 -0.3412 -0.3412 -0.3412 -0.3412 -0.3412 -0.3412 -0.3412 -0.3412 -0.3412 -0.3412 -0.3412 -0.3412 -0.3412 -0.3412 -0.3412 -0.3415 -0.3469 -0.3776 -0.3780 -0.3257 -0.2526 -0.0696 0.2026 -0.0521 -0.3779 -0.3234 -0.2340 0.1524 0.1373 -0.2835 -0.3668 -0.2942 -0.1771 0.2718 0.0624 -0.3726 -0.3295
-0.3675 -0.0906 0.1969 -0.0920 -0.2637 -0.3477 -0.3717 0.0747 0.2765 -0.1911 -0.3003 -0.3726 -0.2360 0.1507 0.1023 -0.2332 -0.3168 -0.3780 -0.3385 -0.0349 0.0320 0.0364 0.0365 0.0365 0.0365 0.0365 0.0365 0.0365 0.0365 0.0365 0.0365 0.0365 0.0365 0.0365 0.0365 0.0365 0.0365 0.0365 0.0365 0.0365 0.0365 0.0365 0.0365 0.0365 0.0365 0.0365 0.0365 0.0365 0.0365 0.0365 0.0365 0.0365 0.0365 0.0365 0.0365 0.0365 0.0365 0.0365 0.0365 0.0365 0.0365 0.0365 0.0365 0.0365 0.0365 0.0365 0.0365 0.0365 0.0365 0.0365 0.0365 0.0365 0.0365 0.0365 0.0365 0.0365 0.0365 0.0365 0.0365 0.0364 0.0320 -0.0349 -0.3385 -0.3780 -0.3168 -0.2332 0.1023 0.1507 -0.2360 -0.3726 -0.3003 -0.1911 0.2765 0.0747 -0.3717 -0.3477 -0.2637 -0.0920 0.1969 -0.0906 -0.3675
-0.3743 0.0422 0.2631 -0.1776 -0.2928 -0.3716 -0.2351 0.1638 -0.0135 -0.2494 -0.3375 -0.3834 0.0472 0.2602 -0.1677 -0.2819 -0.3587 -0.3776 -0.0349 0.0932 0.1158 0.1173 0.1174 0.1174 0.1174 0.1174 0.1174 0.1174 0.1174 0.1174 0.1174 0.1174 0.1174 0.1174 0.1174 0.1174 0.1174 0.1174 0.1174 0.1174 0.1174 0.1174 0.1174 0.1174 0.1174 0.1174 0.1174 0.1174 0.1174 0.1174 0.1174 0.1174 0.1174 0.1174 0.1174 0.1174 0.1174 0.1174 0.1174 0.1174 0.1174 0.1174 0.1174 0.1174 0.1174 0.1174 0.1174 0.1174 0.1174 0.1174 0.1174 0.1174 0.1174 0.1174 0.1174 0.1174 0.1174 0.1174 0.1174 0.1173 0.1158 0.0932 -0.0349 -0.3776 -0.3587 -0.2819 -0.1677 0.2602 0.0472 -0.3834 -0.3375 -0.2494 -0.0135 0.1638 -0.2351 -0.3716 -0.2928 -0.1776 0.2631 0.0422 -0.3743
-0.3732 0.0529 0.2684 -0.1849 -0.2976 -0.3746 -0.1727 0.1849 -0.0846 -0.2588 -0.3464 -0.3721 0.0846 0.2677 -0.1945 -0.2967 -0.3709 -0.3469 0.0320 0.1158 0.1292 0.1298 0.1299 0.1299 0.1299 0.1299 0.1299 0.1299 0.1299 0.1299 0.1299 0.1299 0.1299 0.1299 0.1299 0.1299 0.1299 0.1299 0.1299 0.1299 0.1299 0.1299 0.1299 0.1299 0.1299 0.1299 0.1299 0.1299 0.1299 0.1299 0.1299 0.1299 0.1299 0.1299 0.1299 0.1299 0.1299 0.1299 0.1299 0.1299 0.1299 0.1299 0.1299 0.1299 0.1299 0.1299 0.1299 0.1299 0.1299 0.1299 0.1299 0.1299 0.1299 0.1299 0.1299 0.1299 0.1299 0.1299 0.1299 0.1298 0.1292 0.1158 0.0320 -0.3469 -0.3709 -0.2967 -0.1945 0.2677 0.0846 -0.3721 -0.3464 -0.2588 -0.0846 0.1849 -0.1727 -0.3746 -0.2976 -0.1849 0.2684 0.0529 -0.3732
-0.3731 0.0532 0.2685 -0.1853 -0.2978 -0.3747 -0.1688 0.1861 -0.0872 -0.2595 -0.3469 -0.3702 0.0872 0.2653 -0.1965 -0.2980 -0.3716 -0.3415 0.0364 0.1173 0.1298 0.1305 0.1305 0.1305 0.1305 0.1305 0.1305 0.1305 0.1305 0.1305 0.1305 0.1305 0.1305 0.1305 0.1305 0.1305 0.1305 0.1305 0.1305 0.1305 0.1305 0.1305 0.1305 0.1305 0.1305 0.1305 0.1305 0.1305 0.1305 0.1305 0.1305 0.1305 0.1305 0.1305 0.1305 0.1305 0.1305 0.1305 0.1305 0.1305 0.1305 0.1305 0.1305 0.1305 0.1305 0.1305 0.1305 0.1305 0.1305 0.1305 0.1305 0.1305 0.1305 0.1305 0.1305 0.1305 0.1305 0.1305 0.1305 0.1305 0.1298 0.1173 0.0364 -0.3415 -0.3716 -0.2980 -0.1965 0.2653 0.0872 -0.3702 -0.3469 -0.2595 -0.0872 0.1861 -0.1688 -0.3747 -0.2978 -0.1853 0.2685 0.0532 -0.3731
-0.3731 0.0533 0.2685 -0.1853 -0.2978 -0.3746 -0.1687 0.1862 -0.0873 -0.2595 -0.3469 -0.3701 0.0873 0.2652 -0.1966 -0.2981 -0.3716 -0.3412 0.0365 0.1174 0.1299 0.1305 0.1305 0.1305 0.1305 0.1305 0.1305 0.1305 0.1305 0.1305 0.1305 0.1305 0.1305 0.1305 0.1305 0.1305 0.1305 0.1305 0.1305 0.1305 0.1305 0.1305 0.1305 0.1305 0.1305 0.1305 0.1305 0.1305 0.1305 0.1305 0.1305 0.1305 0.1305 0.1305 0.1305 0.1305 0.1305 0.1305 0.1305 0.1305 0.1305 0.1305 0.1305 0.1305 0.1305 0.1305 0.1305 0.1305 0.1305 0.1305 0.1305 0.1305 0.1305 0.1305 0.1305 0.1305 0.1305 0.1305 0.1305 0.1305 0.1299 0.1174 0.0365 -0.3412 -0.3716 -0.2981 -0.1966 0.2652 0.0873 -0.3701 -0.3469 -0.2595 -0.0873 0.1862 -0.1687 -0.3746 -0.2978 -0.1853 0.2685 0.0533 -0.3731
-0.3731 0.0533 0.2685 -0.1853 -0.2978 -0.3746 -0.1687 0.1862 -0.0873 -0.2595 -0.3469 -0.3701 0.0873 0.2652 -0.1966 -0.2981 -0.3716 -0.3412 0.0365 0.1174 0.1299 0.1305 0.1305 0.1305 0.1305 0.1305 0.1305 0.1305 0.1305 0.1305 0.1305 0.1305 0.1305 0.1305 0.1305 0.1305 0.1305 0.1305 0.1305 0.1305 0.1305 0.1305 0.1305 0.1305 0.1305 0.1305 0.1305 0.1305 0.1305 0.1305 0.1305 0.1305 0.1305 0.1305 0.1305 0.1305 0.1305 0.1305 0.1305 0.1305 0.1305 0.1305 0.1305 0.1305 0.1305 0.1305 0.1305 0.1305 0.1305 0.1305 0.1305 0.1305 0.1305 0.1305 0.1305 0.1305 0.1305 0.1305 0.1305 0.1305 0.1299 0.1174 0.0365 -0.3412 -0.3716 -0.2981 -0.1966 0.2652 0.0873 -0.3701 -0.3469 -0.2595 -0.0873 0.1862 -0.1687 -0.3746 -0.2978 -0.1853 0.2685 0.0533 -0.3731
-0.3731 0.0533 0.2685 -0.1853 -0.2978 -0.3746 -0.1687 0.1862 -0.0873 -0.2595 -0.3469 -0.3701 0.0873 0.2652 -0.1966 -0.2981 -0.3716 -0.3412 0.0365 0.1174 0.1299 0.1305 0.1305 0.1305 0.1305 0.1305 0.1305 0.1305 0.1305 0.1305 0.1305 0.1305 0.1305 0.1305 0.1305 0.1305 0.1305 0.1305 0.1305 0.1305 0.1305 0.1305 0.1305 0.1305 0.1305 0.1305 0.1305 0.1305 0.1305 0.1305 0.1305 0.1305 0.1305 0.1305 0.1305 0.1305 0.1305 0.1305 0.1305 0.1305 0.1305 0.1305 0.1305 0.1305 0.1305 0.1305 0.1305 0.1305 0.1305 0.1305 0.1305 0.1305 0.1305 0.1305 0.1305 0.1305 0.1305 0.1305 0.1305 0.1305 0.1299 0.1174 0.0365 -0.3412 -0.3716 -0.2981 -0.1966 0.2652 0.0873 -0.3701 -0.3469 -0.2595 -0.0873 0.1862 -0.1687 -0.3746 -0.2978 -0.1853 0.2685 0.0533 -0.3731
-0.3731 0.0533 0.2685 -0.1853 -0.2978 -0.3746 -0.1687 0.1862 -0.0873 -0.2595 -0.3469 -0.3701 0.0873 0.2652 -0.1966 -0.2981 -0.3716 -0.3412 0.0365 0.1174 0.1299 0.1305 0.1305 0.1305 0.1305 0.1305 0.1305 0.1305 0.1305 0.1305 0.1305 0.1305 0.1305 0.1305 0.1305 0.1305 0.1305 0.1305 0.1305 0.1305 0.1305 0.1305 0.1305 0.1305 0.1305 0.1305 0.1305 0.1305 0.1305 0.1305 0.1305 0.1305 0.1305 0.1305 0.1305 0.1305 0.1305 0.1305 0.1305 0.1305 0.1305 0.1305 0.1305 0.1305 0.1305 0.1305 0.1305 0.1305 0.1305 0.1305 0.1305 0.1305 0.1305 0.1305 0.1305 0.1305 0.1305 0.1305 0.1305 0.1305 0.1299 0.1174 0.0365 -0.3412 -0.3716 -0.2981 -0.1966 0.2652 0.0873 -0.3701 -0.3469 -0.2595 -0.0873 0.1862 -0.1687 -0.3746 -0.2978 -0.1853 0.2685 0.0533 -0.3731
-0.3731 0.0533 0.2685 -0.1853 -0.2978 -0.3746 -0.1687 0.1862 -0.0873 -0.2595 -0.3469 -0.3701 0.0873 0.2652 -0.1966 -0.2981 -0.3716 -0.3412 0.0365 0.1174 0.1299 0.1305 0.1305 0.1305 0.1305 0.1305 0.1305 0.1305 0.1305 0.1305 0.1305 0.1305 0.1305 0.1305 0.1305 0.1305 0.1305 0.1305 0.1305 0.1305 0.1305 0.1305 0.1305 0.1305 0.1305 0.1305 0.1305 0.1305 0.1305 0.1305 0.1305 0.1305 0.1305 0.1305 0.1305 0.1305 0.1305 0.1305 0.1305 0.1305 0.1305 0.1305 0.1305 0.1305 0.1305 0.1305 0.1305 0.1305 0.1305 0.1305 0.1305 0.1305 0.1305 0.1305 0.1305 0.1305 0.1305 0.1305 0.1305 0.1305 0.1299 0.1174 0.0365 -0.3412 -0.3716 -0.2981 -0.1966 0.2652 0.0873 -0.3701 -0.3469 -0.2595 -0.0873 0.1862 -0.1687 -0.3746 -0.2978 -0.1853 0.2685 0.0533 -0.3731
-0.3731 0.0533 0.2685 -0.1853 -0.2978 -0.3746 -0.1687 0.1862 -0.0873 -0.2595 -0.3469 -0.3701 0.0873 0.2652 -0.1966 -0.2981 -0.3716 -0.3412 0.0365 0.1174 0.1299 0.1305 0.1305 0.1305 0.1305 0.1305 0.1305 0.1305 0.1305 0.1305 0.1305 0.1305 0.1305 0.1305 0.1305 0.1305 0.1305 0.1305 0.1305 0.1305 0.1305 0.1305 0.1305 0.1305 0.1305 0.1305 0.1305 0.1305 0.1305 0.1305 0.1305 0.1305 0.1305 0.1305 0.1305 0.1305 0.1305 0.1305 0.1305 0.1305 0.1305 0.1305 0.1305 0.1305 0.1305 0.1305 0.1305 0.1305 0.1305 0.1305 0.1305 0.1305 0.1305 0.1305 0.1305 0.1305 0.1305 0.1305 0.1305 0.1305 0.1299 0.1174 0.0365 -0.3412 -0.3716 -0.2981 -0.1966 0.2652 0.0873 -0.3701 -0.3469 -0.2595 -0.0873 0.1862 -0.1687 -0.3746 -0.2978 -0.1853 0.2685 0.0533 -0.3731
-0.3731 0.0534 0.2685 -0.1853 -0.2978 -0.3746 -0.1687 0.1862 -0.0873 -0.2595 -0.3469 -0.3701 0.0873 0.2652 -0.1966 -0.2981 -0.3716 -0.3412 0.0365 0.1174 0.1299 0.1305 0.1305 0.1305 0.1305 0.1305 0.1305 0.1305 0.1305 0.1305 0.1305 0.1305 0.1305 0.1305 0.1305 0.1305 0.1305 0.1305 0.1305 0.1305 0.1305 0.1305 0.1305 0.1305 0.1305 0.1305 0.1305 0.1305 0.1305 0.1305 0.1305 0.1305 0.1305 0.1305 0.1305 0.1305 0.1305 0.1305 0.1305 0.1305 0.1305 0.1305 0.1305 0.1305 0.1305 0.1305 0.1305 0.1305 0.1305 0.1305 0.1305 0.1305 0.1305 0.1305 0.1305 0.1305 0.1305 0.1305 0.1305 0.1305 0.1299 0.1174 0.0365 -0.3412 -0.3716 -0.2981 -0.1966 0.2652 0.0873 -0.3701 -0.3469 -0.2595 -0.0873 0.1862 -0.1687 -0.3746 -0.2978 -0.1853 0.2685 0.0533 -0.3731
-0.3731 0.0534 0.2686 -0.1853 -0.2978 -0.3746 -0.1687 0.1862 -0.0873 -0.2595 -0.3469 -0.3701 0.0873 0.2652 -0.1966 -0.2981 -0.3716 -0.3412 0.0365 0.1174 0.1299 0.1305 0.1305 0.1305 0.1305 0.1305 0.1305 0.1305 0.1305 0.1305 0.1305 0.1305 0.1305 0.1305 0.1305 0.1305 0.1305 0.1305 0.1305 0.1305 0.1305 0.1305 0.1305 0.1305 0.1305 0.1305 0.1305 0.1305 0.1305 0.1305 0.1305 0.1305 0.1305 0.1305 0.1305 0.1305 0.1305 0.1305 0.1305 0.1305 0.1305 0.1305 0.1305 0.1305 0.1305 0.1305 0.1305 0.1305 0.1305 0.1305 0.1305 0.1305 0.1305 0.1305 0.1305 0.1305 0.1305 0.1305 0.1305 0.1305 0.1299 0.1174 0.0365 -0.3412 -0.3716 -0.2981 -0.1966 0.2652 0.0873 -0.3701 -0.3469 -0.2595 -0.0873 0.1862 -0.1687 -0.3746 -0.2978 -0.1853 0.2685 0.0533 -0.3731
-0.3731 0.0534 0.2686 -0.1854 -0.2978 -0.3746 -0.1687 0.1862 -0.0873 -0.2595 -0.3469 -0.3701 0.0873 0.2652 -0.1966 -0.2981 -0.3716 -0.3412 0.0365 0.1174 0.1299 0.1305 0.1305 0.1305 0.1305 0.1305 0.1305 0.1305 0.1305 0.1305 0.1305 0.1305 0.1305 0.1305 0.1305 0.1305 0.1305 0.1305 0.1305 0.1305 0.1305 0.1305 0.1305 0.1305 0.1305 0.1305 0.1305 0.1305 0.1305 0.1305 0.1305 0.1305 0.1305 0.1305 0.1305 0.1305 0.1305 0.1305 0.1305 0.1305 0.1305 0.1305 0.1305 0.1305 0.1305 0.1305 0.1305 0.1305 0.1305 0.1305 0.1305 0.1305 0.1305 0.1305 0.1305 0.1305 0.1305 0.1305 0.1305 0.1305 0.1299 0.1174 0.0365 -0.3412 -0.3716 -0.2981 -0.1966 0.2652 0.0873 -0.3701 -0.3469 -0.2595 -0.0873 0.1862 -0.1687 -0.3746 -0.2978 -0.1853 0.2685 0.0533 -0.3731
-0.3731 0.0535 0.2686 -0.1854 -0.2979 -0.3746 -0.1686 0.1862 -0.0874 -0.2595 -0.3469 -0.3700 0.0874 0.2652 -0.1966 -0.2981 -0.3716 -0.3411 0.0367 0.1174 0.1299 0.1305 0.1306 0.1306 0.1306 0.1306 0.1306 0.1306 0.1306 0.1306 0.1306 0.1306 0.1306 0.1306 0.1306 0.1306 0.1306 0.1306 0.1306 0.1306 0.1306 0.1306 0.1306 0.1306 0.1306 0.1306 0.1306 0.1306 0.1306 0.1306 0.1306 0.1305 0.1305 0.1305 0.1305 0.1305 0.1305 0.1305 0.1305 0.1305 0.1305 0.1305 0.1305 0.1305 0.1305 0.1305 0.1305 0.1305 0.1305 0.1305 0.1305 0.1305 0.1305 0.1305 0.1305 0.1305 0.1305 0.1305 0.1305 0.1305 0.1299 0.1174 0.0365 -0.3412 -0.3716 -0.2981 -0.1966 0.2652 0.0873 -0.3701 -0.3469 -0.2595 -0.0873 0.1862 -0.1687 -0.3746 -0.2978 -0.1853 0.2685 0.0533 -0.3731
-0.3730 0.0536 0.2686 -0.1854 -0.2979 -0.3747 -0.1682 0.1863 -0.0875 -0.2595 -0.3470 -0.3700 0.0875 0.2651 -0.1967 -0.2981 -0.3716 -0.3410 0.0367 0.1175 0.1300 0.1306 0.1306 0.1306 0.1306 0.1306 0.1306 0.1306 0.1306 0.1306 0.1306 0.1306 0.1306 0.1306 0.1306 0.1306 0.1306 0.1306 0.1306 0.1306 0.1306 0.1306 0.1306 0.1306 0.1306 0.1306 0.1306 0.1306 0.1306 0.1306 0.1306 0.1306 0.1306 0.1305 0.1305 0.1305 0.1305 0.1305 0.1305 0.1305 0.1305 0.1305 0.1305 0.1305 0.1305 0.1305 0.1305 0.1305 0.1305 0.1305 0.1305 0.1305 0.1305 0.1305 0.1305 0.1305 0.1305 0.1305 0.1305 0.1305 0.1299 0.1174 0.0365 -0.3412 -0.3716 -0.2981 -0.1966 0.2652 0.0873 -0.3701 -0.3469 -0.2595 -0.0873 0.1862 -0.1687 -0.3746 -0.2978 -0.1853 0.2685 0.0533 -0.3731
-0.3730 0.0538 0.2687 -0.1856 -0.2980 -0.3747 -0.1675 0.1865 -0.0878 -0.2596 -0.3470 -0.3698 0.0877 0.2650 -0.1968 -0.2982 -0.3717 -0.3408 0.0370 0.1177 0.1302 0.1308 0.1309 0.1309 0.1309 0.1309 0.1309 0.1309 0.1309 0.1309 0.1309 0.1309 0.1309 0.1309 0.1309 0.1309 0.1309 0.1309 0.1309 0.1309 0.1309 0.1309 0.1309 0.1309 0.1309 0.1309 0.1309 0.1308 0.1308 0.1308 0.1307 0.1307 0.1306 0.1306 0.1306 0.1305 0.1305 0.1305 0.1305 0.1305 0.1305 0.1305 0.1305 0.1305 0.1305 0.1305 0.1305 0.1305 0.1305 0.1305 0.1305 0.1305 0.1305 0.1305 0.1305 0.1305 0.1305 0.1305 0.1305 0.1305 0.1299 0.1174 0.0365 -0.3412 -0.3716 -0.2981 -0.1966 0.2652 0.0873 -0.3701 -0.3469 -0.2595 -0.0873 0.1862 -0.1687 -0.3746 -0.2978 -0.1853 0.2685 0.0533 -0.3731
-0.3729 0.0546 0.2689 -0.1860 -0.2982 -0.3748 -0.1653 0.1871 -0.0890 -0.2599 -0.3472 -0.3695 0.0882 0.2645 -0.1972 -0.2984 -0.3718 -0.3400 0.0378 0.1183 0.1308 0.1314 0.1315 0.1315 0.1315 0.1315 0.1315 0.1315 0.1315 0.1315 0.1315 0.1315 0.1315 0.1315 0.1315 0.1315 0.1315 0.1315 0.1315 0.1315 0.1315 0.1315 0.1315 0.1315 0.1315 0.1315 0.1314 0.1314 0.1313 0.1312 0.1311 0.1309 0.1308 0.1307 0.1306 0.1306 0.1305 0.1305 0.1305 0.1305 0.1305 0.1305 0.1305 0.1305 0.1305 0.1305 0.1305 0.1305 0.1305 0.1305 0.1305 0.1305 0.1305 0.1305 0.1305 0.1305 0.1305 0.1305 0.1305 0.1305 0.1299 0.1174 0.0365 -0.3412 -0.3716 -0.2981 -0.1966 0.2652 0.0873 -0.3701 -0.3469 -0.2595 -0.0873 0.1862 -0.1687 -0.3746 -0.2978 -0.1853 0.2685 0.0533 -0.3731
-0.3728 0.0564 0.2694 -0.1870 -0.2988 -0.3751 -0.1598 0.1885 -0.0916 -0.2605 -0.3477 -0.3685 0.0897 0.2633 -0.1981 -0.2990 -0.3722 -0.3380 0.0397 0.1197 0.1323 0.1329 0.1329 0.1329 0.1329 0.1329 0.1329 0.1329 0.1329 0.1329 0.1329 0.1329 0.1329 0.1329 0.1329 0.1329 0.1329 0.1329 0.1329 0.1329 0.1329 0.1329 0.1329 0.1329 0.1329 0.1329 0.1329 0.1327 0.1325 0.1323 0.1319 0.1315 0.1311 0.1309 0.1307 0.1306 0.1306 0.1305 0.1305 0.1305 0.1305 0.1305 0.1305 0.1305 0.1305 0.1305 0.1305 0.1305 0.1305 0.1305 0.1305 0.1305 0.1305 0.1305 0.1305 0.1305 0.1305 0.1305 0.1305 0.1305 0.1299 0.1174 0.0365 -0.3412 -0.3716 -0.2981 -0.1966 0.2652 0.0873 -0.3701 -0.3469 -0.2595 -0.0873 0.1862 -0.1687 -0.3746 -0.2978 -0.1853 0.2685 0.0533 -0.3731
-0.3723 0.0600 0.2701 -0.1892 -0.3001 -0.3758 -0.1480 0.1916 -0.0971 -0.2618 -0.3488 -0.3663 0.0927 0.2602 -0.2001 -0.3002 -0.3730 -0.3335 0.0437 0.1228 0.1354 0.1361 0.1361 0.1361 0.1361 0.1361 0.1361 0.1361 0.1361 0.1361 0.1361 0.1361 0.1361 0.1361 0.1361 0.1361 0.1361 0.1361 0.1361 0.1361 0.1361 0.1361 0.1361 0.1361 0.1361 0.1360 0.1359 0.1356 0.1352 0.1345 0.1337 0.1327 0.1319 0.1313 0.1309 0.1307 0.1306 0.1306 0.1305 0.1305 0.1305 0.1305 0.1305 0.1305 0.1305 0.1305 0.1305 0.1305 0.1305 0.1305 0.1305 0.1305 0.1305 0.1305 0.1305 0.1305 0.1305 0.1305 0.1305 0.1305 0.1299 0.1174 0.0365 -0.3412 -0.3716 -0.2981 -0.1966 0.2652 0.0873 -0.3701 -0.3469 -0.2595 -0.0873 0.1862 -0.1687 -0.3746 -0.2978 -0.1853 0.2685 0.0533 -0.3731
-0.3712 0.0669 0.2705 -0.1932 -0.3024 -0.3770 -0.1258 0.1975 -0.1067 -0.2642 -0.3508 -0.3615 0.0985 0.2525 -0.2038 -0.3026 -0.3745 -0.3241 0.0511 0.1286 0.1414 0.1420 0.1421 0.1421 0.1421 0.1421 0.1421 0.1421 0.1421 0.1421 0.1421 0.1421 0.1421 0.1421 0.1421 0.1421 0.1421 0.1421 0.1421 0.1421 0.1421 0.1421 0.1421 0.1421 0.1420 0.1419 0.1416 0.1411 0.1401 0.1387 0.1369 0.1350 0.1334 0.1321 0.1313 0.1309 0.1307 0.1306 0.1305 0.1305 0.1305 0.1305 0.1305 0.1305 0.1305 0.1305 0.1305 0.1305 0.1305 0.1305 0.1305 0.1305 0.1305 0.1305 0.1305 0.1305 0.1305 0.1305 0.1305 0.1305 0.1299 0.1174 0.0365 -0.3412 -0.3716 -0.2981 -0.1966 0.2652 0.0873 -0.3701 -0.3469 -0.2595 -0.0873 0.1862 -0.1687 -0.3746 -0.2978 -0.1853 0.2685 0.0533 -0.3731
-0.3685 0.0777 0.2676 -0.1997 -0.3064 -0.3789 -0.0902 0.2076 -0.1208 -0.2684 -0.3540 -0.3518 0.1081 0.2333 -0.2099 -0.3065 -0.3768 -0.3057 0.0626 0.1384 0.1515 0.1521 0.1521 0.1521 0.1521 0.1521 0.1521 0.1521 0.1521 0.1521 0.1521 0.1521 0.1521 0.1521 0.1521 0.1521 0.1521 0.1521 0.1521 0.1521 0.1521 0.1521 0.1521 0.1521 0.1520 0.1518 0.1513 0.1502 0.1483 0.1456 0.1422 0.1387 0.1357 0.1334 0.1319 0.1312 0.1308 0.1306 0.1306 0.1305 0.1305 0.1305 0.1305 0.1305 0.1305 0.1305 0.1305 0.1305 0.1305 0.1305 0.1305 0.1305 0.1305 0.1305 0.1305 0.1305 0.1305 0.1305 0.1305 0.1305 0.1299 0.1174 0.0365 -0.3412 -0.3716 -0.2981 -0.1966 0.2652 0.0873 -0.3701 -0.3469 -0.2595 -0.0873 0.1862 -0.1687 -0.3746 -0.2978 -0.1853 0.2685 0.0533 -0.3731
-0.3618 0.0932 0.2524 -0.2091 -0.3123 -0.3814 -0.0449 0.2226 -0.1381 -0.2745 -0.3587 -0.3328 0.1221 0.1880 -0.2188 -0.3124 -0.3799 -0.2715 0.0782 0.1530 0.1666 0.1673 0.1673 0.1673 0.1673 0.1673 0.1673 0.1673 0.1673 0.1673 0.1673 0.1673 0.1673 0.1673 0.1673 0.1673 0.1673 0.1673 0.1673 0.1673 0.1673 0.1673 0.1673 0.1672 0.1671 0.1666 0.1656 0.1636 0.1603 0.1555 0.1497 0.1439 0.1389 0.1351 0.1328 0.1315 0.1309 0.1307 0.1306 0.1305 0.1305 0.1305 0.1305 0.1305 0.1305 0.1305 0.1305 0.1305 0.1305 0.1305 0.1305 0.1305 0.1305 0.1305 0.1305 0.1305 0.1305 0.1305 0.1305 0.1305 0.1299 0.1174 0.0365 -0.3412 -0.3716 -0.2981 -0.1966 0.2652 0.0873 -0.3701 -0.3469 -0.2595 -0.0873 0.1862 -0.1687 -0.3746 -0.2978 -0.1853 0.2685 0.0533 -0.3731
-0.3467 0.1130 0.2035 -0.2213 -0.3201 -0.3838 -0.0001 0.2422 -0.1571 -0.2826 -0.3646 -0.2965 0.1413 0.0969 -0.2304 -0.3201 -0.3830 -0.2117 0.0973 0.1729 0.1873 0.1880 0.1880 0.1880 0.1880 0.1880 0.1880 0.1880 0.1880 0.1880 0.1880 0.1880 0.1880 0.1880 0.1880 0.1880 0.1880 0.1880 0.1880 0.1880 0.1880 0.1880 0.1880 0.1879 0.1876 0.1868 0.1851 0.1816 0.1759 0.1681 0.1590 0.1502 0.1427 0.1373 0.1338 0.1320 0.1311 0.1307 0.1306 0.1306 0.1305 0.1305 0.1305 0.1305 0.1305 0.1305 0.1305 0.1305 0.1305 0.1305 0.1305 0.1305 0.1305 0.1305 0.1305 0.1305 0.1305 0.1305 0.1305 0.1305 0.1299 0.1174 0.0365 -0.3412 -0.3716 -0.2981 -0.1966 0.2652 0.0873 -0.3701 -0.3469 -0.2595 -0.0873 0.1862 -0.1687 -0.3746 -0.2978 -0.1853 0.2685 0.0533 -0.3731
-0.3144 0.1372 0.0910 -0.2358 -0.3295 -0.3843 0.0387 0.2626 -0.1766 -0.2924 -0.3711 -0.2304 0.1655 -0.0162 -0.2439 -0.3295 -0.3851 -0.1234 0.1197 0.1981 0.2131 0.2139 0.2139 0.2139 0.2139 0.2139 0.2139 0.2139 0.2139 0.2139 0.2139 0.2139 0.2139 0.2139 0.2139 0.2139 0.2139 0.2139 0.2139 0.2139 0.2139 0.2139 0.2139 0.2137 0.2132 0.2119 0.2090 0.2033 0.1944 0.1825 0.1693 0.1569 0.1468 0.1395 0.1349 0.1325 0.1313 0.1308 0.1306 0.1306 0.1305 0.1305 0.1305 0.1305 0.1305 0.1305 0.1305 0.1305 0.1305 0.1305 0.1305 0.1305 0.1305 0.1305 0.1305 0.1305 0.1305 0.1305 0.1305 0.1305 0.1299 0.1174 0.0365 -0.3412 -0.3716 -0.2981 -0.1966 0.2652 0.0873 -0.3701 -0.3469 -0.2595 -0.0873 0.1862 -0.1687 -0.3746 -0.2978 -0.1853 0.2685 0.0533 -0.3731
-0.2506 0.1655 -0.0352 -0.2509 -0.3399 -0.3785 0.0723 0.2701 -0.1960 -0.3037 -0.3773 -0.1297 0.1927 -0.0900 -0.2558 -0.3399 -0.3843 -0.0364 0.1454 0.2272 0.2415 0.2422 0.2422 0.2422 0.2422 0.2422 0.2422 0.2422 0.2422 0.2422 0.2422 0.2422 0.2422 0.2422 0.2422 0.2422 0.2422 0.2422 0.2422 0.2422 0.2422 0.2422 0.2421 0.2419 0.2411 0.2393 0.2350 0.2268 0.2138 0.1972 0.1795 0.1634 0.1506 0.1416 0.1360 0.1329 0.1315 0.1309 0.1306 0.1306 0.1305 0.1305 0.1305 0.1305 0.1305 0.1305 0.1305 0.1305 0.1305 0.1305 0.1305 0.1305 0.1305 0.1305 0.1305 0.1305 0.1305 0.1305 0.1305 0.1305 0.1299 0.1174 0.0365 -0.3412 -0.3716 -0.2981 -0.1966 0.2652 0.0873 -0.3701 -0.3469 -0.2595 -0.0873 0.1862 -0.1687 -0.3746 -0.2978 -0.1853 0.2685 0.0533 -0.3731
-0.1485 0.1954 -0.1038 -0.2636 -0.3504 -0.3603 0.1030 0.2342 -0.2147 -0.3155 -0.3824 -0.0345 0.2229 -0.1327 -0.2683 -0.3506 -0.3775 0.0218 0.1742 0.2545 0.2630 0.2633 0.2633 0.2633 0.2633 0.2633 0.2633 0.2633 0.2633 0.2633 0.2633 0.2633 0.2633 0.2633 0.2633 0.2633 0.2633 0.2633 0.2633 0.2633 0.2633 0.2633 0.2632 0.2631 0.2625 0.2610 0.2570 0.2479 0.2318 0.2107 0.1886 0.1692 0.1540 0.1434 0.1369 0.1333 0.1316 0.1309 0.1307 0.1306 0.1305 0.1305 0.1305 0.1305 0.1305 0.1305 0.1305 0.1305 0.1305 0.1305 0.1305 0.1305 0.1305 0.1305 0.1305 0.1305 0.1305 0.1305 0.1305 0.1305 0.1299 0.1174 0.0365 -0.3412 -0.3716 -0.2981 -0.1966 0.2652 0.0873 -0.3701 -0.3469 -0.2595 -0.0873 0.1862 -0.1687 -0.3746 -0.2978 -0.1853 0.2685 0.0533 -0.3731
-0.0538 0.2239 -0.1397 -0.2754 -0.3597 -0.3250 0.1307 0.1272 -0.2315 -0.3265 -0.3850 0.0213 0.2504 -0.1601 -0.2800 -0.3602 -0.3605 0.0586 0.2030 0.2663 0.2592 0.2585 0.2585 0.2585 0.2585 0.2585 0.2585 0.2585 0.2585 0.2585 0.2585 0.2585 0.2585 0.2585 0.2585 0.2585 0.2585 0.2585 0.2585 0.2585 0.2585 0.2585 0.2587 0.2592 0.2606 0.2633 0.2655 0.2612 0.2456 0.2215 0.1960 0.1739 0.1568 0.1450 0.1377 0.1337 0.1318 0.1310 0.1307 0.1306 0.1305 0.1305 0.1305 0.1305 0.1305 0.1305 0.1305 0.1305 0.1305 0.1305 0.1305 0.1305 0.1305 0.1305 0.1305 0.1305 0.1305 0.1305 0.1305 0.1305 0.1299 0.1174 0.0365 -0.3412 -0.3716 -0.2981 -0.1966 0.2652 0.0873 -0.3701 -0.3469 -0.2595 -0.0873 0.1862 -0.1687 -0.3746 -0.2978 -0.1853 0.2685 0.0533 -0.3731
-0.0128 0.2408 -0.1560 -0.2824 -0.3650 -0.2906 0.1481 0.0375 -0.2416 -0.3330 -0.3845 0.0457 0.2636 -0.1738 -0.2871 -0.3656 -0.3422 0.0773 0.2214 0.2578 0.2321 0.2302 0.2302 0.2302 0.2302 0.2302 0.2302 0.2302 0.2302 0.2302 0.2302 0.2302 0.2302 0.2302 0.2302 0.2302 0.2302 0.2302 0.2302 0.2302 0.2302 0.2304 0.2309 0.2327 0.2374 0.2472 0.2601 0.2652 0.2529 0.2281 0.2008 0.1770 0.1588 0.1461 0.1383 0.1340 0.1319 0.1310 0.1307 0.1306 0.1305 0.1305 0.1305 0.1305 0.1305 0.1305 0.1305 0.1305 0.1305 0.1305 0.1305 0.1305 0.1305 0.1305 0.1305 0.1305 0.1305 0.1305 0.1305 0.1305 0.1299 0.1174 0.0365 -0.3412 -0.3716 -0.2981 -0.1966 0.2652 0.0873 -0.3701 -0.3469 -0.2595 -0.0873 0.1862 -0.1687 -0.3746 -0.2978 -0.1853 0.2685 0.0533 -0.3731
-0.0301 0.2331 -0.1488 -0.2791 -0.3626 -0.3086 0.1395 0.0812 -0.2367 -0.3298 -0.3851 0.0339 0.2574 -0.1669 -0.2834 -0.3629 -0.3522 0.0688 0.2139 0.2622 0.2411 0.2393 0.2393 0.2393 0.2393 0.2393 0.2393 0.2393 0.2393 0.2393 0.2393 0.2393 0.2393 0.2393 0.2393 0.2393 0.2393 0.2393 0.2393 0.2393 0.2393 0.2394 0.2398 0.2411 0.2446 0.2520 0.2618 0.2650 0.2527 0.2285 0.2016 0.1778 0.1594 0.1466 0.1386 0.1342 0.1320 0.1311 0.1307 0.1306 0.1306 0.1305 0.1305 0.1305 0.1305 0.1305 0.1305 0.1305 0.1305 0.1305 0.1305 0.1305 0.1305 0.1305 0.1305 0.1305 0.1305 0.1305 0.1305 0.1305 0.1299 0.1174 0.0365 -0.3412 -0.3716 -0.2981 -0.1966 0.2652 0.0873 -0.3701 -0.3469 -0.2595 -0.0873 0.1862 -0.1687 -0.3746 -0.2978 -0.1853 0.2685 0.0533 -0.3731
-0.1126 0.2052 -0.1179 -0.2677 -0.3536 -0.3510 0.1120 0.2087 -0.2202 -0.3190 -0.3834 -0.0146 0.2315 -0.1418 -0.2719 -0.3536 -0.3735 0.0357 0.1857 0.2634 0.2652 0.2650 0.2650 0.2650 0.2650 0.2650 0.2650 0.2650 0.2650 0.2650 0.2650 0.2650 0.2650 0.2650 0.2650 0.2650 0.2650 0.2650 0.2650 0.2650 0.2650 0.2650 0.2650 0.2651 0.2653 0.2655 0.2644 0.2583 0.2435 0.2214 0.1972 0.1755 0.1583 0.1461 0.1384 0.1341 0.1320 0.1311 0.1307 0.1306 0.1306 0.1305 0.1305 0.1305 0.1305 0.1305 0.1305 0.1305 0.1305 0.1305 0.1305 0.1305 0.1305 0.1305 0.1305 0.1305 0.1305 0.1305 0.1305 0.1305 0.1299 0.1174 0.0365 -0.3412 -0.3716 -0.2981 -0.1966 0.2652 0.0873 -0.3701 -0.3469 -0.2595 -0.0873 0.1862 -0.1687 -0.3746 -0.2978 -0.1853 0.2685 0.0533 -0.3731
-0.2312 0.1717 -0.0539 -0.2536 -0.3421 -0.3759 0.0786 0.2679 -0.1997 -0.3059 -0.3784 -0.1099 0.1980 -0.0993 -0.2581 -0.3419 -0.3834 -0.0212 0.1530 0.2383 0.2524 0.2530 0.2531 0.2531 0.2531 0.2531 0.2531 0.2531 0.2531 0.2531 0.2531 0.2531 0.2531 0.2531 0.2531 0.2531 0.2531 0.2531 0.2531 0.2531 0.2531 0.2531 0.2530 0.2528 0.2521 0.2504 0.2464 0.2384 0.2251 0.2073 0.1878 0.1698 0.1551 0.1444 0.1376 0.1337 0.1318 0.1310 0.1307 0.1306 0.1305 0.1305 0.1305 0.1305 0.1305 0.1305 0.1305 0.1305 0.1305 0.1305 0.1305 0.1305 0.1305 0.1305 0.1305 0.1305 0.1305 0.1305 0.1305 0.1305 0.1299 0.1174 0.0365 -0.3412 -0.3716 -0.2981 -0.1966 0.2652 0.0873 -0.3701 -0.3469 -0.2595 -0.0873 0.1862 -0.1687 -0.3746 -0.2978 -0.1853 0.2685 0.0533 -0.3731
-0.3095 0.1399 0.0771 -0.2374 -0.3304 -0.3840 0.0419 0.2641 -0.1783 -0.2933 -0.3715 -0.2238 0.1674 -0.0231 -0.2448 -0.3302 -0.3851 -0.1129 0.1236 0.2049 0.2211 0.2219 0.2220 0.2220 0.2220 0.2220 0.2220 0.2220 0.2220 0.2220 0.2220 0.2220 0.2220 0.2220 0.2220 0.2220 0.2220 0.2220 0.2220 0.2220 0.2220 0.2220 0.2219 0.2217 0.2212 0.2199 0.2169 0.2111 0.2018 0.1893 0.1753 0.1617 0.1502 0.1417 0.1362 0.1331 0.1316 0.1309 0.1307 0.1306 0.1305 0.1305 0.1305 0.1305 0.1305 0.1305 0.1305 0.1305 0.1305 0.1305 0.1305 0.1305 0.1305 0.1305 0.1305 0.1305 0.1305 0.1305 0.1305 0.1305 0.1299 0.1174 0.0365 -0.3412 -0.3716 -0.2981 -0.1966 0.2652 0.0873 -0.3701 -0.3469 -0.2595 -0.0873 0.1862 -0.1687 -0.3746 -0.2978 -0.1853 0.2685 0.0533 -0.3731
-0.3466 0.1129 0.2038 -0.2213 -0.3201 -0.3838 -0.0005 0.2420 -0.1569 -0.2824 -0.3644 -0.2975 0.1408 0.0994 -0.2302 -0.3200 -0.3829 -0.2110 0.0984 0.1757 0.1909 0.1917 0.1917 0.1917 0.1917 0.1917 0.1917 0.1917 0.1917 0.1917 0.1917 0.1917 0.1917 0.1917 0.1917 0.1917 0.1917 0.1917 0.1917 0.1917 0.1917 0.1917 0.1917 0.1915 0.1912 0.1905 0.1887 0.1852 0.1795 0.1715 0.1622 0.1529 0.1448 0.1387 0.1347 0.1324 0.1313 0.1308 0.1306 0.1306 0.1305 0.1305 0.1305 0.1305 0.1305 0.1305 0.1305 0.1305 0.1305 0.1305 0.1305 0.1305 0.1305 0.1305 0.1305 0.1305 0.1305 0.1305 0.1305 0.1305 0.1299 0.1174 0.0365 -0.3412 -0.3716 -0.2981 -0.1966 0.2652 0.0873 -0.3701 -0.3469 -0.2595 -0.0873 0.1862 -0.1687 -0.3746 -0.2978 -0.1853 0.2685 0.0533 -0.3731
-0.3626 0.0916 0.2547 -0.2082 -0.3117 -0.3811 -0.0492 0.2209 -0.1363 -0.2738 -0.3582 -0.3353 0.1205 0.1946 -0.2178 -0.3117 -0.3795 -0.2747 0.0775 0.1533 0.1674 0.1681 0.1681 0.1681 0.1681 0.1681 0.1681 0.1681 0.1681 0.1681 0.1681 0.1681 0.1681 0.1681 0.1681 0.1681 0.1681 0.1681 0.1681 0.1681 0.1681 0.1681 0.1681 0.1680 0.1679 0.1674 0.1665 0.1645 0.1612 0.1565 0.1508 0.1449 0.1398 0.1358 0.1332 0.1318 0.1310 0.1307 0.1306 0.1305 0.1305 0.1305 0.1305 0.1305 0.1305 0.1305 0.1305 0.1305 0.1305 0.1305 0.1305 0.1305 0.1305 0.1305 0.1305 0.1305 0.1305 0.1305 0.1305 0.1305 0.1299 0.1174 0.0365 -0.3412 -0.3716 -0.2981 -0.1966 0.2652 0.0873 -0.3701 -0.3469 -0.2595 -0.0873 0.1862 -0.1687 -0.3746 -0.2978 -0.1853 0.2685 0.0533 -0.3731
-0.3690 0.0757 0.2685 -0.1985 -0.3057 -0.3786 -0.0967 0.2056 -0.1182 -0.2676 -0.3534 -0.3539 0.1062 0.2377 -0.2088 -0.3058 -0.3764 -0.3090 0.0611 0.1377 0.1509 0.1516 0.1516 0.1516 0.1516 0.1516 0.1516 0.1516 0.1516 0.1516 0.1516 0.1516 0.1516 0.1516 0.1516 0.1516 0.1516 0.1516 0.1516 0.1516 0.1516 0.1516 0.1516 0.1516 0.1515 0.1513 0.1508 0.1497 0.1480 0.1454 0.1422 0.1388 0.1359 0.1336 0.1321 0.1312 0.1308 0.1306 0.1306 0.1305 0.1305 0.1305 0.1305 0.1305 0.1305 0.1305 0.1305 0.1305 0.1305 0.1305 0.1305 0.1305 0.1305 0.1305 0.1305 0.1305 0.1305 0.1305 0.1305 0.1305 0.1299 0.1174 0.0365 -0.3412 -0.3716 -0.2981 -0.1966 0.2652 0.0873 -0.3701 -0.3469 -0.2595 -0.0873 0.1862 -0.1687 -0.3746 -0.2978 -0.1853 0.2685 0.0533 -0.3731
