0.1557 0.2039 0.3560 0.5115 0.3341 0.1475 0.1656 0.2600 0.4665 0.4657 0.1839 0.1473 0.1984 0.3428 0.5129 0.3544 0.1490 0.1625 0.2511 0.4522 0.4754 0.1973 0.1463 0.1929 0.3299 0.5131 0.3735 0.1509 0.1596 0.2427 0.4372 0.4839 0.2147 0.1457 0.1878 0.3175 0.5117 0.3913 0.1532 0.1570 0.2347 0.4220 0.4914 0.2352 0.1453 0.1830 0.3054 0.5081 0.4120 0.1601 0.1436 0.1601 0.4120 0.5081 0.3054 0.1830 0.1453 0.2352 0.4914 0.4220 0.2347 0.1570 0.1532 0.3913 0.5117 0.3175 0.1878 0.1457 0.2147 0.4839 0.4372 0.2427 0.1596 0.1509 0.3735 0.5131 0.3299 0.1929 0.1463 0.1973 0.4754 0.4522 0.2511 0.1625 0.1490 0.3544 0.5129 0.3428 0.1984 0.1473 0.1839 0.4657 0.4665 0.2600 0.1656 0.1475 0.3341 0.5115 0.3560 0.2039 0.1557
0.2039 0.3560 0.5127 0.3380 0.1397 0.1591 0.2556 0.4656 0.4683 0.1818 0.1394 0.1927 0.3396 0.5142 0.3593 0.1414 0.1557 0.2464 0.4508 0.4778 0.1975 0.1383 0.1871 0.3265 0.5141 0.3781 0.1435 0.1527 0.2378 0.4356 0.4862 0.2168 0.1376 0.1819 0.3139 0.5126 0.3956 0.1462 0.1500 0.2297 0.4200 0.4934 0.2387 0.1372 0.1770 0.3018 0.5090 0.4128 0.1504 0.1437 0.1740 0.1437 0.1504 0.4128 0.5090 0.3018 0.1770 0.1372 0.2387 0.4934 0.4200 0.2297 0.1500 0.1462 0.3956 0.5126 0.3139 0.1819 0.1376 0.2168 0.4862 0.4356 0.2378 0.1527 0.1435 0.3781 0.5141 0.3265 0.1871 0.1383 0.1975 0.4778 0.4508 0.2464 0.1557 0.1414 0.3593 0.5142 0.3396 0.1927 0.1394 0.1818 0.4683 0.4656 0.2556 0.1591 0.1397 0.3380 0.5127 0.3560 0.2039
0.3560 0.5127 0.3413 0.1401 0.1580 0.2522 0.4598 0.4723 0.1879 0.1389 0.1902 0.3338 0.5143 0.3677 0.1422 0.1544 0.2426 0.4442 0.4816 0.2055 0.1379 0.1848 0.3209 0.5136 0.3859 0.1446 0.1515 0.2342 0.4287 0.4894 0.2262 0.1374 0.1797 0.3086 0.5113 0.4028 0.1476 0.1489 0.2263 0.4132 0.4962 0.2487 0.1371 0.1749 0.2968 0.5068 0.4188 0.1515 0.1457 0.2091 0.2950 0.2091 0.1457 0.1515 0.4188 0.5068 0.2968 0.1749 0.1371 0.2487 0.4962 0.4132 0.2263 0.1489 0.1476 0.4028 0.5113 0.3086 0.1797 0.1374 0.2262 0.4894 0.4287 0.2342 0.1515 0.1446 0.3859 0.5136 0.3209 0.1848 0.1379 0.2055 0.4816 0.4442 0.2426 0.1544 0.1422 0.3677 0.5143 0.3338 0.1902 0.1389 0.1879 0.4723 0.4598 0.2522 0.1580 0.1401 0.3413 0.5127 0.3560
0.5115 0.3380 0.1401 0.1576 0.2502 0.4555 0.4755 0.1939 0.1385 0.1879 0.3282 0.5142 0.3758 0.1432 0.1531 0.2389 0.4375 0.4851 0.2142 0.1376 0.1825 0.3155 0.5128 0.3934 0.1458 0.1503 0.2307 0.4220 0.4925 0.2358 0.1372 0.1776 0.3034 0.5096 0.4097 0.1491 0.1478 0.2230 0.4064 0.4988 0.2588 0.1371 0.1730 0.2919 0.5041 0.4250 0.1533 0.1453 0.2135 0.3736 0.5035 0.3736 0.2135 0.1453 0.1533 0.4250 0.5041 0.2919 0.1730 0.1371 0.2588 0.4988 0.4064 0.2230 0.1478 0.1491 0.4097 0.5096 0.3034 0.1776 0.1372 0.2358 0.4925 0.4220 0.2307 0.1503 0.1458 0.3934 0.5128 0.3155 0.1825 0.1376 0.2142 0.4851 0.4375 0.2389 0.1531 0.1432 0.3758 0.5142 0.3282 0.1879 0.1385 0.1939 0.4755 0.4555 0.2502 0.1576 0.1401 0.3380 0.5115
0.3341 0.1397 0.1580 0.2502 0.4539 0.4773 0.1986 0.1382 0.1860 0.3233 0.5138 0.3833 0.1442 0.1519 0.2353 0.4307 0.4885 0.2234 0.1374 0.1803 0.3102 0.5117 0.4007 0.1471 0.1492 0.2273 0.4152 0.4954 0.2458 0.1371 0.1755 0.2984 0.5075 0.4164 0.1507 0.1468 0.2197 0.3997 0.5012 0.2690 0.1372 0.1711 0.2871 0.5009 0.4311 0.1554 0.1445 0.2119 0.3803 0.5091 0.4301 0.5091 0.3803 0.2119 0.1445 0.1554 0.4311 0.5009 0.2871 0.1711 0.1372 0.2690 0.5012 0.3997 0.2197 0.1468 0.1507 0.4164 0.5075 0.2984 0.1755 0.1371 0.2458 0.4954 0.4152 0.2273 0.1492 0.1471 0.4007 0.5117 0.3102 0.1803 0.1374 0.2234 0.4885 0.4307 0.2353 0.1519 0.1442 0.3833 0.5138 0.3233 0.1860 0.1382 0.1986 0.4773 0.4539 0.2502 0.1580 0.1397 0.3341
0.1475 0.1591 0.2522 0.4555 0.4773 0.2004 0.1380 0.1847 0.3196 0.5133 0.3897 0.1453 0.1507 0.2318 0.4241 0.4916 0.2330 0.1372 0.1782 0.3050 0.5101 0.4077 0.1486 0.1481 0.2239 0.4084 0.4981 0.2558 0.1371 0.1736 0.2934 0.5050 0.4228 0.1526 0.1458 0.2165 0.3930 0.5035 0.2791 0.1373 0.1692 0.2824 0.4973 0.4370 0.1578 0.1437 0.2092 0.3766 0.5086 0.3289 0.1554 0.3289 0.5086 0.3766 0.2092 0.1437 0.1578 0.4370 0.4973 0.2824 0.1692 0.1373 0.2791 0.5035 0.3930 0.2165 0.1458 0.1526 0.4228 0.5050 0.2934 0.1736 0.1371 0.2558 0.4981 0.4084 0.2239 0.1481 0.1486 0.4077 0.5101 0.3050 0.1782 0.1372 0.2330 0.4916 0.4241 0.2318 0.1507 0.1453 0.3897 0.5133 0.3196 0.1847 0.1380 0.2004 0.4773 0.4555 0.2522 0.1591 0.1475
0.1656 0.2556 0.4598 0.4755 0.1986 0.1380 0.1843 0.3175 0.5129 0.3945 0.1462 0.1498 0.2288 0.4178 0.4944 0.2426 0.1372 0.1761 0.2999 0.5082 0.4145 0.1502 0.1471 0.2206 0.4016 0.5006 0.2660 0.1372 0.1716 0.2886 0.5020 0.4291 0.1546 0.1449 0.2134 0.3864 0.5055 0.2892 0.1375 0.1674 0.2778 0.4932 0.4426 0.1605 0.1429 0.2064 0.3707 0.5097 0.3181 0.1387 0.1408 0.1387 0.3181 0.5097 0.3707 0.2064 0.1429 0.1605 0.4426 0.4932 0.2778 0.1674 0.1375 0.2892 0.5055 0.3864 0.2134 0.1449 0.1546 0.4291 0.5020 0.2886 0.1716 0.1372 0.2660 0.5006 0.4016 0.2206 0.1471 0.1502 0.4145 0.5082 0.2999 0.1761 0.1372 0.2426 0.4944 0.4178 0.2288 0.1498 0.1462 0.3945 0.5129 0.3175 0.1843 0.1380 0.1986 0.4755 0.4598 0.2556 0.1656
0.2600 0.4656 0.4723 0.1939 0.1382 0.1847 0.3175 0.5127 0.3971 0.1469 0.1491 0.2264 0.4124 0.4968 0.2517 0.1371 0.1742 0.2950 0.5058 0.4210 0.1520 0.1461 0.2175 0.3949 0.5029 0.2762 0.1373 0.1698 0.2839 0.4985 0.4350 0.1569 0.1440 0.2104 0.3798 0.5073 0.2992 0.1378 0.1657 0.2733 0.4886 0.4481 0.1635 0.1421 0.2036 0.3645 0.5109 0.3236 0.1388 0.1564 0.2004 0.1564 0.1388 0.3236 0.5109 0.3645 0.2036 0.1421 0.1635 0.4481 0.4886 0.2733 0.1657 0.1378 0.2992 0.5073 0.3798 0.2104 0.1440 0.1569 0.4350 0.4985 0.2839 0.1698 0.1373 0.2762 0.5029 0.3949 0.2175 0.1461 0.1520 0.4210 0.5058 0.2950 0.1742 0.1371 0.2517 0.4968 0.4124 0.2264 0.1491 0.1469 0.3971 0.5127 0.3175 0.1847 0.1382 0.1939 0.4723 0.4656 0.2600
0.4665 0.4683 0.1879 0.1385 0.1860 0.3196 0.5129 0.3971 0.1471 0.1488 0.2248 0.4085 0.4986 0.2594 0.1371 0.1725 0.2904 0.5031 0.4272 0.1540 0.1452 0.2143 0.3883 0.5049 0.2863 0.1375 0.1679 0.2792 0.4945 0.4408 0.1595 0.1432 0.2075 0.3734 0.5090 0.3090 0.1381 0.1640 0.2689 0.4836 0.4533 0.1670 0.1414 0.2009 0.3583 0.5120 0.3321 0.1393 0.1591 0.2472 0.3581 0.2472 0.1591 0.1393 0.3321 0.5120 0.3583 0.2009 0.1414 0.1670 0.4533 0.4836 0.2689 0.1640 0.1381 0.3090 0.5090 0.3734 0.2075 0.1432 0.1595 0.4408 0.4945 0.2792 0.1679 0.1375 0.2863 0.5049 0.3883 0.2143 0.1452 0.1540 0.4272 0.5031 0.2904 0.1725 0.1371 0.2594 0.4986 0.4085 0.2248 0.1488 0.1471 0.3971 0.5129 0.3196 0.1860 0.1385 0.1879 0.4683 0.4665
0.4657 0.1818 0.1389 0.1879 0.3233 0.5133 0.3945 0.1469 0.1488 0.2243 0.4064 0.4997 0.2651 0.1372 0.1711 0.2866 0.5002 0.4327 0.1561 0.1443 0.2113 0.3817 0.5068 0.2963 0.1377 0.1662 0.2747 0.4901 0.4463 0.1624 0.1424 0.2046 0.3670 0.5104 0.3186 0.1386 0.1624 0.2646 0.4782 0.4582 0.1710 0.1407 0.1982 0.3522 0.5129 0.3411 0.1399 0.1584 0.2522 0.4472 0.5108 0.4472 0.2522 0.1584 0.1399 0.3411 0.5129 0.3522 0.1982 0.1407 0.1710 0.4582 0.4782 0.2646 0.1624 0.1386 0.3186 0.5104 0.3670 0.2046 0.1424 0.1624 0.4463 0.4901 0.2747 0.1662 0.1377 0.2963 0.5068 0.3817 0.2113 0.1443 0.1561 0.4327 0.5002 0.2866 0.1711 0.1372 0.2651 0.4997 0.4064 0.2243 0.1488 0.1469 0.3945 0.5133 0.3233 0.1879 0.1389 0.1818 0.4657
0.1839 0.1394 0.1902 0.3282 0.5138 0.3897 0.1462 0.1491 0.2248 0.4064 0.5001 0.2681 0.1372 0.1701 0.2835 0.4976 0.4373 0.1582 0.1435 0.2086 0.3755 0.5085 0.3061 0.1380 0.1645 0.2702 0.4852 0.4516 0.1658 0.1416 0.2019 0.3607 0.5116 0.3281 0.1391 0.1608 0.2604 0.4725 0.4630 0.1756 0.1400 0.1956 0.3463 0.5136 0.3498 0.1406 0.1572 0.2500 0.4540 0.4824 0.3502 0.4824 0.4540 0.2500 0.1572 0.1406 0.3498 0.5136 0.3463 0.1956 0.1400 0.1756 0.4630 0.4725 0.2604 0.1608 0.1391 0.3281 0.5116 0.3607 0.2019 0.1416 0.1658 0.4516 0.4852 0.2702 0.1645 0.1380 0.3061 0.5085 0.3755 0.2086 0.1435 0.1582 0.4373 0.4976 0.2835 0.1701 0.1372 0.2681 0.5001 0.4064 0.2248 0.1491 0.1462 0.3897 0.5138 0.3282 0.1902 0.1394 0.1839
0.1473 0.1927 0.3338 0.5142 0.3833 0.1453 0.1498 0.2264 0.4085 0.4997 0.2681 0.1373 0.1695 0.2816 0.4955 0.4409 0.1601 0.1429 0.2062 0.3699 0.5099 0.3154 0.1384 0.1629 0.2659 0.4799 0.4567 0.1696 0.1409 0.1991 0.3545 0.5126 0.3373 0.1396 0.1593 0.2563 0.4666 0.4675 0.1809 0.1395 0.1930 0.3403 0.5141 0.3584 0.1413 0.1558 0.2465 0.4503 0.4795 0.2198 0.1385 0.2198 0.4795 0.4503 0.2465 0.1558 0.1413 0.3584 0.5141 0.3403 0.1930 0.1395 0.1809 0.4675 0.4666 0.2563 0.1593 0.1396 0.3373 0.5126 0.3545 0.1991 0.1409 0.1696 0.4567 0.4799 0.2659 0.1629 0.1384 0.3154 0.5099 0.3699 0.2062 0.1429 0.1601 0.4409 0.4955 0.2816 0.1695 0.1373 0.2681 0.4997 0.4085 0.2264 0.1498 0.1453 0.3833 0.5142 0.3338 0.1927 0.1473
0.1984 0.3396 0.5143 0.3758 0.1442 0.1507 0.2288 0.4124 0.4986 0.2651 0.1372 0.1695 0.2809 0.4944 0.4431 0.1616 0.1424 0.2042 0.3650 0.5110 0.3237 0.1389 0.1614 0.2618 0.4744 0.4615 0.1740 0.1402 0.1965 0.3485 0.5134 0.3463 0.1403 0.1578 0.2523 0.4603 0.4718 0.1870 0.1389 0.1906 0.3345 0.5143 0.3668 0.1422 0.1545 0.2428 0.4443 0.4818 0.2098 0.1363 0.1519 0.1363 0.2098 0.4818 0.4443 0.2428 0.1545 0.1422 0.3668 0.5143 0.3345 0.1906 0.1389 0.1870 0.4718 0.4603 0.2523 0.1578 0.1403 0.3463 0.5134 0.3485 0.1965 0.1402 0.1740 0.4615 0.4744 0.2618 0.1614 0.1389 0.3237 0.5110 0.3650 0.2042 0.1424 0.1616 0.4431 0.4944 0.2809 0.1695 0.1372 0.2651 0.4986 0.4124 0.2288 0.1507 0.1442 0.3758 0.5143 0.3396 0.1984
0.3428 0.5142 0.3677 0.1432 0.1519 0.2318 0.4178 0.4968 0.2594 0.1372 0.1701 0.2816 0.4944 0.4438 0.1623 0.1421 0.2028 0.3613 0.5118 0.3306 0.1393 0.1600 0.2580 0.4688 0.4660 0.1790 0.1396 0.1939 0.3425 0.5139 0.3550 0.1410 0.1564 0.2483 0.4540 0.4759 0.1939 0.1385 0.1882 0.3289 0.5142 0.3749 0.1431 0.1532 0.2391 0.4378 0.4851 0.2150 0.1373 0.1755 0.2362 0.1755 0.1373 0.2150 0.4851 0.4378 0.2391 0.1532 0.1431 0.3749 0.5142 0.3289 0.1882 0.1385 0.1939 0.4759 0.4540 0.2483 0.1564 0.1410 0.3550 0.5139 0.3425 0.1939 0.1396 0.1790 0.4660 0.4688 0.2580 0.1600 0.1393 0.3306 0.5118 0.3613 0.2028 0.1421 0.1623 0.4438 0.4944 0.2816 0.1701 0.1372 0.2594 0.4968 0.4178 0.2318 0.1519 0.1432 0.3677 0.5142 0.3428
0.5129 0.3593 0.1422 0.1531 0.2353 0.4241 0.4944 0.2517 0.1371 0.1711 0.2835 0.4955 0.4431 0.1623 0.1420 0.2021 0.3590 0.5122 0.3360 0.1397 0.1589 0.2548 0.4636 0.4699 0.1844 0.1391 0.1915 0.3367 0.5142 0.3635 0.1418 0.1550 0.2445 0.4474 0.4798 0.2016 0.1381 0.1858 0.3233 0.5138 0.3827 0.1441 0.1520 0.2355 0.4311 0.4883 0.2234 0.1373 0.1789 0.2965 0.4319 0.2965 0.1789 0.1373 0.2234 0.4883 0.4311 0.2355 0.1520 0.1441 0.3827 0.5138 0.3233 0.1858 0.1381 0.2016 0.4798 0.4474 0.2445 0.1550 0.1418 0.3635 0.5142 0.3367 0.1915 0.1391 0.1844 0.4699 0.4636 0.2548 0.1589 0.1397 0.3360 0.5122 0.3590 0.2021 0.1420 0.1623 0.4431 0.4955 0.2835 0.1711 0.1371 0.2517 0.4944 0.4241 0.2353 0.1531 0.1422 0.3593 0.5129
0.3544 0.1414 0.1544 0.2389 0.4307 0.4916 0.2426 0.1371 0.1725 0.2866 0.4976 0.4409 0.1616 0.1421 0.2021 0.3581 0.5125 0.3393 0.1400 0.1581 0.2522 0.4591 0.4732 0.1899 0.1387 0.1892 0.3312 0.5143 0.3717 0.1427 0.1537 0.2407 0.4408 0.4834 0.2099 0.1378 0.1835 0.3179 0.5132 0.3903 0.1453 0.1508 0.2320 0.4244 0.4915 0.2327 0.1372 0.1779 0.3022 0.5034 0.4891 0.5034 0.3022 0.1779 0.1372 0.2327 0.4915 0.4244 0.2320 0.1508 0.1453 0.3903 0.5132 0.3179 0.1835 0.1378 0.2099 0.4834 0.4408 0.2407 0.1537 0.1427 0.3717 0.5143 0.3312 0.1892 0.1387 0.1899 0.4732 0.4591 0.2522 0.1581 0.1400 0.3393 0.5125 0.3581 0.2021 0.1421 0.1616 0.4409 0.4976 0.2866 0.1725 0.1371 0.2426 0.4916 0.4307 0.2389 0.1544 0.1414 0.3544
0.1490 0.1557 0.2426 0.4375 0.4885 0.2330 0.1372 0.1742 0.2904 0.5002 0.4373 0.1601 0.1424 0.2028 0.3590 0.5125 0.3404 0.1401 0.1576 0.2504 0.4556 0.4758 0.1950 0.1384 0.1873 0.3263 0.5141 0.3793 0.1437 0.1525 0.2371 0.4341 0.4869 0.2189 0.1375 0.1813 0.3126 0.5122 0.3976 0.1466 0.1496 0.2285 0.4176 0.4944 0.2425 0.1371 0.1761 0.2993 0.5067 0.4309 0.2434 0.4309 0.5067 0.2993 0.1761 0.1371 0.2425 0.4944 0.4176 0.2285 0.1496 0.1466 0.3976 0.5122 0.3126 0.1813 0.1375 0.2189 0.4869 0.4341 0.2371 0.1525 0.1437 0.3793 0.5141 0.3263 0.1873 0.1384 0.1950 0.4758 0.4556 0.2504 0.1576 0.1401 0.3404 0.5125 0.3590 0.2028 0.1424 0.1601 0.4373 0.5002 0.2904 0.1742 0.1372 0.2330 0.4885 0.4375 0.2426 0.1557 0.1490
0.1625 0.2464 0.4442 0.4851 0.2234 0.1372 0.1761 0.2950 0.5031 0.4327 0.1582 0.1429 0.2042 0.3613 0.5122 0.3393 0.1401 0.1574 0.2494 0.4534 0.4775 0.1991 0.1381 0.1856 0.3220 0.5137 0.3860 0.1447 0.1513 0.2336 0.4274 0.4901 0.2283 0.1373 0.1792 0.3073 0.5109 0.4047 0.1480 0.1485 0.2252 0.4109 0.4971 0.2524 0.1371 0.1741 0.2948 0.5054 0.4245 0.1571 0.1352 0.1571 0.4245 0.5054 0.2948 0.1741 0.1371 0.2524 0.4971 0.4109 0.2252 0.1485 0.1480 0.4047 0.5109 0.3073 0.1792 0.1373 0.2283 0.4901 0.4274 0.2336 0.1513 0.1447 0.3860 0.5137 0.3220 0.1856 0.1381 0.1991 0.4775 0.4534 0.2494 0.1574 0.1401 0.3393 0.5122 0.3613 0.2042 0.1429 0.1582 0.4327 0.5031 0.2950 0.1761 0.1372 0.2234 0.4851 0.4442 0.2464 0.1625
0.2511 0.4508 0.4816 0.2142 0.1374 0.1782 0.2999 0.5058 0.4272 0.1561 0.1435 0.2062 0.3650 0.5118 0.3360 0.1400 0.1576 0.2494 0.4526 0.4784 0.2018 0.1380 0.1844 0.3186 0.5132 0.3917 0.1457 0.1503 0.2304 0.4211 0.4930 0.2378 0.1372 0.1771 0.3022 0.5091 0.4115 0.1495 0.1475 0.2219 0.4042 0.4997 0.2625 0.1371 0.1722 0.2900 0.5029 0.4281 0.1551 0.1418 0.1692 0.1418 0.1551 0.4281 0.5029 0.2900 0.1722 0.1371 0.2625 0.4997 0.4042 0.2219 0.1475 0.1495 0.4115 0.5091 0.3022 0.1771 0.1372 0.2378 0.4930 0.4211 0.2304 0.1503 0.1457 0.3917 0.5132 0.3186 0.1844 0.1380 0.2018 0.4784 0.4526 0.2494 0.1576 0.1400 0.3360 0.5118 0.3650 0.2062 0.1435 0.1561 0.4272 0.5058 0.2999 0.1782 0.1374 0.2142 0.4816 0.4508 0.2511
0.4522 0.4778 0.2055 0.1376 0.1803 0.3050 0.5082 0.4210 0.1540 0.1443 0.2086 0.3699 0.5110 0.3306 0.1397 0.1581 0.2504 0.4534 0.4784 0.2027 0.1379 0.1837 0.3163 0.5127 0.3961 0.1466 0.1495 0.2277 0.4154 0.4955 0.2469 0.1371 0.1752 0.2973 0.5070 0.4181 0.1512 0.1465 0.2187 0.3975 0.5020 0.2725 0.1372 0.1703 0.2853 0.4996 0.4335 0.1565 0.1436 0.2023 0.2833 0.2023 0.1436 0.1565 0.4335 0.4996 0.2853 0.1703 0.1372 0.2725 0.5020 0.3975 0.2187 0.1465 0.1512 0.4181 0.5070 0.2973 0.1752 0.1371 0.2469 0.4955 0.4154 0.2277 0.1495 0.1466 0.3961 0.5127 0.3163 0.1837 0.1379 0.2027 0.4784 0.4534 0.2504 0.1581 0.1397 0.3306 0.5110 0.3699 0.2086 0.1443 0.1540 0.4210 0.5082 0.3050 0.1803 0.1376 0.2055 0.4778 0.4522
0.4754 0.1975 0.1379 0.1825 0.3102 0.5101 0.4145 0.1520 0.1452 0.2113 0.3755 0.5099 0.3237 0.1393 0.1589 0.2522 0.4556 0.4775 0.2018 0.1379 0.1834 0.3151 0.5123 0.3992 0.1473 0.1488 0.2255 0.4104 0.4977 0.2553 0.1371 0.1734 0.2927 0.5045 0.4242 0.1531 0.1456 0.2156 0.3910 0.5042 0.2826 0.1374 0.1685 0.2807 0.4958 0.4392 0.1588 0.1432 0.2065 0.3587 0.4957 0.3587 0.2065 0.1432 0.1588 0.4392 0.4958 0.2807 0.1685 0.1374 0.2826 0.5042 0.3910 0.2156 0.1456 0.1531 0.4242 0.5045 0.2927 0.1734 0.1371 0.2553 0.4977 0.4104 0.2255 0.1488 0.1473 0.3992 0.5123 0.3151 0.1834 0.1379 0.2018 0.4775 0.4556 0.2522 0.1589 0.1393 0.3237 0.5099 0.3755 0.2113 0.1452 0.1520 0.4145 0.5101 0.3102 0.1825 0.1379 0.1975 0.4754
0.1973 0.1383 0.1848 0.3155 0.5117 0.4077 0.1502 0.1461 0.2143 0.3817 0.5085 0.3154 0.1389 0.1600 0.2548 0.4591 0.4758 0.1991 0.1380 0.1837 0.3151 0.5122 0.4009 0.1477 0.1484 0.2237 0.4064 0.4994 0.2627 0.1372 0.1718 0.2885 0.5017 0.4300 0.1551 0.1447 0.2127 0.3846 0.5061 0.2924 0.1376 0.1668 0.2762 0.4915 0.4447 0.1616 0.1425 0.2050 0.3651 0.5117 0.4433 0.5117 0.3651 0.2050 0.1425 0.1616 0.4447 0.4915 0.2762 0.1668 0.1376 0.2924 0.5061 0.3846 0.2127 0.1447 0.1551 0.4300 0.5017 0.2885 0.1718 0.1372 0.2627 0.4994 0.4064 0.2237 0.1484 0.1477 0.4009 0.5122 0.3151 0.1837 0.1380 0.1991 0.4758 0.4591 0.2548 0.1600 0.1389 0.3154 0.5085 0.3817 0.2143 0.1461 0.1502 0.4077 0.5117 0.3155 0.1848 0.1383 0.1973
0.1463 0.1871 0.3209 0.5128 0.4007 0.1486 0.1471 0.2175 0.3883 0.5068 0.3061 0.1384 0.1614 0.2580 0.4636 0.4732 0.1950 0.1381 0.1844 0.3163 0.5123 0.4009 0.1479 0.1481 0.2227 0.4035 0.5006 0.2687 0.1372 0.1704 0.2848 0.4989 0.4351 0.1572 0.1439 0.2099 0.3784 0.5078 0.3019 0.1379 0.1651 0.2718 0.4869 0.4500 0.1647 0.1418 0.2025 0.3615 0.5117 0.3502 0.1627 0.3502 0.5117 0.3615 0.2025 0.1418 0.1647 0.4500 0.4869 0.2718 0.1651 0.1379 0.3019 0.5078 0.3784 0.2099 0.1439 0.1572 0.4351 0.4989 0.2848 0.1704 0.1372 0.2687 0.5006 0.4035 0.2227 0.1481 0.1479 0.4009 0.5123 0.3163 0.1844 0.1381 0.1950 0.4732 0.4636 0.2580 0.1614 0.1384 0.3061 0.5068 0.3883 0.2175 0.1471 0.1486 0.4007 0.5128 0.3209 0.1871 0.1463
0.1929 0.3265 0.5136 0.3934 0.1471 0.1481 0.2206 0.3949 0.5049 0.2963 0.1380 0.1629 0.2618 0.4688 0.4699 0.1899 0.1384 0.1856 0.3186 0.5127 0.3992 0.1477 0.1481 0.2223 0.4021 0.5014 0.2730 0.1373 0.1693 0.2818 0.4961 0.4395 0.1593 0.1432 0.2072 0.3724 0.5093 0.3112 0.1382 0.1635 0.2676 0.4819 0.4549 0.1683 0.1411 0.1999 0.3560 0.5124 0.3400 0.1404 0.1391 0.1404 0.3400 0.5124 0.3560 0.1999 0.1411 0.1683 0.4549 0.4819 0.2676 0.1635 0.1382 0.3112 0.5093 0.3724 0.2072 0.1432 0.1593 0.4395 0.4961 0.2818 0.1693 0.1373 0.2730 0.5014 0.4021 0.2223 0.1481 0.1477 0.3992 0.5127 0.3186 0.1856 0.1384 0.1899 0.4699 0.4688 0.2618 0.1629 0.1380 0.2963 0.5049 0.3949 0.2206 0.1481 0.1471 0.3934 0.5136 0.3265 0.1929
0.3299 0.5141 0.3859 0.1458 0.1492 0.2239 0.4016 0.5029 0.2863 0.1377 0.1645 0.2659 0.4744 0.4660 0.1844 0.1387 0.1873 0.3220 0.5132 0.3961 0.1473 0.1484 0.2227 0.4021 0.5016 0.2752 0.1373 0.1686 0.2795 0.4937 0.4431 0.1612 0.1426 0.2049 0.3670 0.5105 0.3200 0.1386 0.1620 0.2636 0.4767 0.4596 0.1723 0.1405 0.1973 0.3502 0.5132 0.3451 0.1403 0.1532 0.1941 0.1532 0.1403 0.3451 0.5132 0.3502 0.1973 0.1405 0.1723 0.4596 0.4767 0.2636 0.1620 0.1386 0.3200 0.5105 0.3670 0.2049 0.1426 0.1612 0.4431 0.4937 0.2795 0.1686 0.1373 0.2752 0.5016 0.4021 0.2227 0.1484 0.1473 0.3961 0.5132 0.3220 0.1873 0.1387 0.1844 0.4660 0.4744 0.2659 0.1645 0.1377 0.2863 0.5029 0.4016 0.2239 0.1492 0.1458 0.3859 0.5141 0.3299
0.5131 0.3781 0.1446 0.1503 0.2273 0.4084 0.5006 0.2762 0.1375 0.1662 0.2702 0.4799 0.4615 0.1790 0.1391 0.1892 0.3263 0.5137 0.3917 0.1466 0.1488 0.2237 0.4035 0.5014 0.2752 0.1374 0.1682 0.2780 0.4919 0.4458 0.1630 0.1421 0.2030 0.3623 0.5115 0.3279 0.1391 0.1606 0.2597 0.4713 0.4641 0.1768 0.1399 0.1949 0.3445 0.5138 0.3529 0.1408 0.1558 0.2383 0.3436 0.2383 0.1558 0.1408 0.3529 0.5138 0.3445 0.1949 0.1399 0.1768 0.4641 0.4713 0.2597 0.1606 0.1391 0.3279 0.5115 0.3623 0.2030 0.1421 0.1630 0.4458 0.4919 0.2780 0.1682 0.1374 0.2752 0.5014 0.4035 0.2237 0.1488 0.1466 0.3917 0.5137 0.3263 0.1892 0.1391 0.1790 0.4615 0.4799 0.2702 0.1662 0.1375 0.2762 0.5006 0.4084 0.2273 0.1503 0.1446 0.3781 0.5131
0.3735 0.1435 0.1515 0.2307 0.4152 0.4981 0.2660 0.1373 0.1679 0.2747 0.4852 0.4567 0.1740 0.1396 0.1915 0.3312 0.5141 0.3860 0.1457 0.1495 0.2255 0.4064 0.5006 0.2730 0.1373 0.1682 0.2775 0.4909 0.4475 0.1643 0.1417 0.2015 0.3585 0.5122 0.3347 0.1395 0.1594 0.2561 0.4658 0.4682 0.1820 0.1393 0.1925 0.3389 0.5141 0.3609 0.1416 0.1552 0.2432 0.4317 0.5122 0.4317 0.2432 0.1552 0.1416 0.3609 0.5141 0.3389 0.1925 0.1393 0.1820 0.4682 0.4658 0.2561 0.1594 0.1395 0.3347 0.5122 0.3585 0.2015 0.1417 0.1643 0.4475 0.4909 0.2775 0.1682 0.1373 0.2730 0.5006 0.4064 0.2255 0.1495 0.1457 0.3860 0.5141 0.3312 0.1915 0.1396 0.1740 0.4567 0.4852 0.2747 0.1679 0.1373 0.2660 0.4981 0.4152 0.2307 0.1515 0.1435 0.3735
0.1509 0.1527 0.2342 0.4220 0.4954 0.2558 0.1372 0.1698 0.2792 0.4901 0.4516 0.1696 0.1402 0.1939 0.3367 0.5143 0.3793 0.1447 0.1503 0.2277 0.4104 0.4994 0.2687 0.1373 0.1686 0.2780 0.4909 0.4481 0.1650 0.1415 0.2004 0.3555 0.5127 0.3404 0.1400 0.1583 0.2530 0.4608 0.4719 0.1876 0.1389 0.1902 0.3335 0.5143 0.3687 0.1424 0.1541 0.2413 0.4388 0.4900 0.3694 0.4900 0.4388 0.2413 0.1541 0.1424 0.3687 0.5143 0.3335 0.1902 0.1389 0.1876 0.4719 0.4608 0.2530 0.1583 0.1400 0.3404 0.5127 0.3555 0.2004 0.1415 0.1650 0.4481 0.4909 0.2780 0.1686 0.1373 0.2687 0.4994 0.4104 0.2277 0.1503 0.1447 0.3793 0.5143 0.3367 0.1939 0.1402 0.1696 0.4516 0.4901 0.2792 0.1698 0.1372 0.2558 0.4954 0.4220 0.2342 0.1527 0.1509
0.1596 0.2378 0.4287 0.4925 0.2458 0.1371 0.1716 0.2839 0.4945 0.4463 0.1658 0.1409 0.1965 0.3425 0.5142 0.3717 0.1437 0.1513 0.2304 0.4154 0.4977 0.2627 0.1372 0.1693 0.2795 0.4919 0.4475 0.1650 0.1414 0.1998 0.3536 0.5130 0.3446 0.1403 0.1574 0.2503 0.4562 0.4751 0.1933 0.1385 0.1880 0.3282 0.5142 0.3763 0.1433 0.1529 0.2381 0.4352 0.4876 0.2420 0.1406 0.2420 0.4876 0.4352 0.2381 0.1529 0.1433 0.3763 0.5142 0.3282 0.1880 0.1385 0.1933 0.4751 0.4562 0.2503 0.1574 0.1403 0.3446 0.5130 0.3536 0.1998 0.1414 0.1650 0.4475 0.4919 0.2795 0.1693 0.1372 0.2627 0.4977 0.4154 0.2304 0.1513 0.1437 0.3717 0.5142 0.3425 0.1965 0.1409 0.1658 0.4463 0.4945 0.2839 0.1716 0.1371 0.2458 0.4925 0.4287 0.2378 0.1596
0.2427 0.4356 0.4894 0.2358 0.1371 0.1736 0.2886 0.4985 0.4408 0.1624 0.1416 0.1991 0.3485 0.5139 0.3635 0.1427 0.1525 0.2336 0.4211 0.4955 0.2553 0.1372 0.1704 0.2818 0.4937 0.4458 0.1643 0.1415 0.1998 0.3529 0.5132 0.3473 0.1406 0.1567 0.2482 0.4522 0.4777 0.1986 0.1382 0.1861 0.3235 0.5138 0.3834 0.1443 0.1518 0.2348 0.4295 0.4894 0.2306 0.1361 0.1491 0.1361 0.2306 0.4894 0.4295 0.2348 0.1518 0.1443 0.3834 0.5138 0.3235 0.1861 0.1382 0.1986 0.4777 0.4522 0.2482 0.1567 0.1406 0.3473 0.5132 0.3529 0.1998 0.1415 0.1643 0.4458 0.4937 0.2818 0.1704 0.1372 0.2553 0.4955 0.4211 0.2336 0.1525 0.1427 0.3635 0.5139 0.3485 0.1991 0.1416 0.1624 0.4408 0.4985 0.2886 0.1736 0.1371 0.2358 0.4894 0.4356 0.2427
0.4372 0.4862 0.2262 0.1372 0.1755 0.2934 0.5020 0.4350 0.1595 0.1424 0.2019 0.3545 0.5134 0.3550 0.1418 0.1537 0.2371 0.4274 0.4930 0.2469 0.1371 0.1718 0.2848 0.4961 0.4431 0.1630 0.1417 0.2004 0.3536 0.5132 0.3482 0.1407 0.1563 0.2467 0.4491 0.4798 0.2035 0.1380 0.1845 0.3193 0.5133 0.3899 0.1453 0.1507 0.2316 0.4234 0.4921 0.2358 0.1370 0.1711 0.2280 0.1711 0.1370 0.2358 0.4921 0.4234 0.2316 0.1507 0.1453 0.3899 0.5133 0.3193 0.1845 0.1380 0.2035 0.4798 0.4491 0.2467 0.1563 0.1407 0.3482 0.5132 0.3536 0.2004 0.1417 0.1630 0.4431 0.4961 0.2848 0.1718 0.1371 0.2469 0.4930 0.4274 0.2371 0.1537 0.1418 0.3550 0.5134 0.3545 0.2019 0.1424 0.1595 0.4350 0.5020 0.2934 0.1755 0.1372 0.2262 0.4862 0.4372
0.4839 0.2168 0.1374 0.1776 0.2984 0.5050 0.4291 0.1569 0.1432 0.2046 0.3607 0.5126 0.3463 0.1410 0.1550 0.2407 0.4341 0.4901 0.2378 0.1371 0.1734 0.2885 0.4989 0.4395 0.1612 0.1421 0.2015 0.3555 0.5130 0.3473 0.1407 0.1562 0.2459 0.4472 0.4812 0.2074 0.1378 0.1831 0.3158 0.5127 0.3955 0.1463 0.1497 0.2286 0.4174 0.4947 0.2440 0.1371 0.1745 0.2856 0.4167 0.2856 0.1745 0.1371 0.2440 0.4947 0.4174 0.2286 0.1497 0.1463 0.3955 0.5127 0.3158 0.1831 0.1378 0.2074 0.4812 0.4472 0.2459 0.1562 0.1407 0.3473 0.5130 0.3555 0.2015 0.1421 0.1612 0.4395 0.4989 0.2885 0.1734 0.1371 0.2378 0.4901 0.4341 0.2407 0.1550 0.1410 0.3463 0.5126 0.3607 0.2046 0.1432 0.1569 0.4291 0.5050 0.2984 0.1776 0.1374 0.2168 0.4839
0.2147 0.1376 0.1797 0.3034 0.5075 0.4228 0.1546 0.1440 0.2075 0.3670 0.5116 0.3373 0.1403 0.1564 0.2445 0.4408 0.4869 0.2283 0.1372 0.1752 0.2927 0.5017 0.4351 0.1593 0.1426 0.2030 0.3585 0.5127 0.3446 0.1406 0.1563 0.2459 0.4465 0.4820 0.2099 0.1377 0.1821 0.3130 0.5120 0.4001 0.1473 0.1489 0.2259 0.4117 0.4970 0.2526 0.1371 0.1737 0.2915 0.4961 0.4953 0.4961 0.2915 0.1737 0.1371 0.2526 0.4970 0.4117 0.2259 0.1489 0.1473 0.4001 0.5120 0.3130 0.1821 0.1377 0.2099 0.4820 0.4465 0.2459 0.1563 0.1406 0.3446 0.5127 0.3585 0.2030 0.1426 0.1593 0.4351 0.5017 0.2927 0.1752 0.1372 0.2283 0.4869 0.4408 0.2445 0.1564 0.1403 0.3373 0.5116 0.3670 0.2075 0.1440 0.1546 0.4228 0.5075 0.3034 0.1797 0.1376 0.2147
0.1457 0.1819 0.3086 0.5096 0.4164 0.1526 0.1449 0.2104 0.3734 0.5104 0.3281 0.1396 0.1578 0.2483 0.4474 0.4834 0.2189 0.1373 0.1771 0.2973 0.5045 0.4300 0.1572 0.1432 0.2049 0.3623 0.5122 0.3404 0.1403 0.1567 0.2467 0.4472 0.4820 0.2107 0.1376 0.1815 0.3110 0.5115 0.4037 0.1481 0.1482 0.2236 0.4067 0.4990 0.2608 0.1371 0.1722 0.2892 0.5007 0.4430 0.2651 0.4430 0.5007 0.2892 0.1722 0.1371 0.2608 0.4990 0.4067 0.2236 0.1482 0.1481 0.4037 0.5115 0.3110 0.1815 0.1376 0.2107 0.4820 0.4472 0.2467 0.1567 0.1403 0.3404 0.5122 0.3623 0.2049 0.1432 0.1572 0.4300 0.5045 0.2973 0.1771 0.1373 0.2189 0.4834 0.4474 0.2483 0.1578 0.1396 0.3281 0.5104 0.3734 0.2104 0.1449 0.1526 0.4164 0.5096 0.3086 0.1819 0.1457
0.1878 0.3139 0.5113 0.4097 0.1507 0.1458 0.2134 0.3798 0.5090 0.3186 0.1391 0.1593 0.2523 0.4540 0.4798 0.2099 0.1375 0.1792 0.3022 0.5070 0.4242 0.1551 0.1439 0.2072 0.3670 0.5115 0.3347 0.1400 0.1574 0.2482 0.4491 0.4812 0.2099 0.1376 0.1813 0.3100 0.5110 0.4063 0.1488 0.1477 0.2218 0.4025 0.5007 0.2682 0.1372 0.1707 0.2857 0.4992 0.4367 0.1632 0.1352 0.1632 0.4367 0.4992 0.2857 0.1707 0.1372 0.2682 0.5007 0.4025 0.2218 0.1477 0.1488 0.4063 0.5110 0.3100 0.1813 0.1376 0.2099 0.4812 0.4491 0.2482 0.1574 0.1400 0.3347 0.5115 0.3670 0.2072 0.1439 0.1551 0.4242 0.5070 0.3022 0.1792 0.1375 0.2099 0.4798 0.4540 0.2523 0.1593 0.1391 0.3186 0.5090 0.3798 0.2134 0.1458 0.1507 0.4097 0.5113 0.3139 0.1878
0.3175 0.5126 0.4028 0.1491 0.1468 0.2165 0.3864 0.5073 0.3090 0.1386 0.1608 0.2563 0.4603 0.4759 0.2016 0.1378 0.1813 0.3073 0.5091 0.4181 0.1531 0.1447 0.2099 0.3724 0.5105 0.3279 0.1395 0.1583 0.2503 0.4522 0.4798 0.2074 0.1377 0.1815 0.3100 0.5109 0.4077 0.1492 0.1473 0.2204 0.3991 0.5020 0.2745 0.1373 0.1694 0.2822 0.4966 0.4391 0.1599 0.1403 0.1655 0.1403 0.1599 0.4391 0.4966 0.2822 0.1694 0.1373 0.2745 0.5020 0.3991 0.2204 0.1473 0.1492 0.4077 0.5109 0.3100 0.1815 0.1377 0.2074 0.4798 0.4522 0.2503 0.1583 0.1395 0.3279 0.5105 0.3724 0.2099 0.1447 0.1531 0.4181 0.5091 0.3073 0.1813 0.1378 0.2016 0.4759 0.4603 0.2563 0.1608 0.1386 0.3090 0.5073 0.3864 0.2165 0.1468 0.1491 0.4028 0.5126 0.3175
0.5117 0.3956 0.1476 0.1478 0.2197 0.3930 0.5055 0.2992 0.1381 0.1624 0.2604 0.4666 0.4718 0.1939 0.1381 0.1835 0.3126 0.5109 0.4115 0.1512 0.1456 0.2127 0.3784 0.5093 0.3200 0.1391 0.1594 0.2530 0.4562 0.4777 0.2035 0.1378 0.1821 0.3110 0.5110 0.4077 0.1494 0.1471 0.2195 0.3967 0.5030 0.2797 0.1374 0.1683 0.2792 0.4938 0.4428 0.1611 0.1421 0.1970 0.2740 0.1970 0.1421 0.1611 0.4428 0.4938 0.2792 0.1683 0.1374 0.2797 0.5030 0.3967 0.2195 0.1471 0.1494 0.4077 0.5110 0.3110 0.1821 0.1378 0.2035 0.4777 0.4562 0.2530 0.1594 0.1391 0.3200 0.5093 0.3784 0.2127 0.1456 0.1512 0.4115 0.5109 0.3126 0.1835 0.1381 0.1939 0.4718 0.4666 0.2604 0.1624 0.1381 0.2992 0.5055 0.3930 0.2197 0.1478 0.1476 0.3956 0.5117
0.3913 0.1462 0.1489 0.2230 0.3997 0.5035 0.2892 0.1378 0.1640 0.2646 0.4725 0.4675 0.1870 0.1385 0.1858 0.3179 0.5122 0.4047 0.1495 0.1465 0.2156 0.3846 0.5078 0.3112 0.1386 0.1606 0.2561 0.4608 0.4751 0.1986 0.1380 0.1831 0.3130 0.5115 0.4063 0.1492 0.1471 0.2191 0.3954 0.5036 0.2833 0.1375 0.1674 0.2766 0.4911 0.4463 0.1631 0.1420 0.2016 0.3476 0.4877 0.3476 0.2016 0.1420 0.1631 0.4463 0.4911 0.2766 0.1674 0.1375 0.2833 0.5036 0.3954 0.2191 0.1471 0.1492 0.4063 0.5115 0.3130 0.1831 0.1380 0.1986 0.4751 0.4608 0.2561 0.1606 0.1386 0.3112 0.5078 0.3846 0.2156 0.1465 0.1495 0.4047 0.5122 0.3179 0.1858 0.1385 0.1870 0.4675 0.4725 0.2646 0.1640 0.1378 0.2892 0.5035 0.3997 0.2230 0.1489 0.1462 0.3913
0.1532 0.1500 0.2263 0.4064 0.5012 0.2791 0.1375 0.1657 0.2689 0.4782 0.4630 0.1809 0.1389 0.1882 0.3233 0.5132 0.3976 0.1480 0.1475 0.2187 0.3910 0.5061 0.3019 0.1382 0.1620 0.2597 0.4658 0.4719 0.1933 0.1382 0.1845 0.3158 0.5120 0.4037 0.1488 0.1473 0.2195 0.3954 0.5038 0.2851 0.1375 0.1668 0.2747 0.4887 0.4492 0.1650 0.1416 0.2010 0.3553 0.5127 0.4523 0.5127 0.3553 0.2010 0.1416 0.1650 0.4492 0.4887 0.2747 0.1668 0.1375 0.2851 0.5038 0.3954 0.2195 0.1473 0.1488 0.4037 0.5120 0.3158 0.1845 0.1382 0.1933 0.4719 0.4658 0.2597 0.1620 0.1382 0.3019 0.5061 0.3910 0.2187 0.1475 0.1480 0.3976 0.5132 0.3233 0.1882 0.1389 0.1809 0.4630 0.4782 0.2689 0.1657 0.1375 0.2791 0.5012 0.4064 0.2263 0.1500 0.1532
0.1570 0.2297 0.4132 0.4988 0.2690 0.1373 0.1674 0.2733 0.4836 0.4582 0.1756 0.1395 0.1906 0.3289 0.5138 0.3903 0.1466 0.1485 0.2219 0.3975 0.5042 0.2924 0.1379 0.1635 0.2636 0.4713 0.4682 0.1876 0.1385 0.1861 0.3193 0.5127 0.4001 0.1481 0.1477 0.2204 0.3967 0.5036 0.2851 0.1376 0.1665 0.2735 0.4870 0.4515 0.1667 0.1412 0.1997 0.3540 0.5129 0.3633 0.1692 0.3633 0.5129 0.3540 0.1997 0.1412 0.1667 0.4515 0.4870 0.2735 0.1665 0.1376 0.2851 0.5036 0.3967 0.2204 0.1477 0.1481 0.4001 0.5127 0.3193 0.1861 0.1385 0.1876 0.4682 0.4713 0.2636 0.1635 0.1379 0.2924 0.5042 0.3975 0.2219 0.1485 0.1466 0.3903 0.5138 0.3289 0.1906 0.1395 0.1756 0.4582 0.4836 0.2733 0.1674 0.1373 0.2690 0.4988 0.4132 0.2297 0.1570
0.2347 0.4200 0.4962 0.2588 0.1372 0.1692 0.2778 0.4886 0.4533 0.1710 0.1400 0.1930 0.3345 0.5142 0.3827 0.1453 0.1496 0.2252 0.4042 0.5020 0.2826 0.1376 0.1651 0.2676 0.4767 0.4641 0.1820 0.1389 0.1880 0.3235 0.5133 0.3955 0.1473 0.1482 0.2218 0.3991 0.5030 0.2833 0.1375 0.1665 0.2731 0.4861 0.4528 0.1680 0.1410 0.1985 0.3513 0.5132 0.3506 0.1416 0.1383 0.1416 0.3506 0.5132 0.3513 0.1985 0.1410 0.1680 0.4528 0.4861 0.2731 0.1665 0.1375 0.2833 0.5030 0.3991 0.2218 0.1482 0.1473 0.3955 0.5133 0.3235 0.1880 0.1389 0.1820 0.4641 0.4767 0.2676 0.1651 0.1376 0.2826 0.5020 0.4042 0.2252 0.1496 0.1453 0.3827 0.5142 0.3345 0.1930 0.1400 0.1710 0.4533 0.4886 0.2778 0.1692 0.1372 0.2588 0.4962 0.4200 0.2347
0.4220 0.4934 0.2487 0.1371 0.1711 0.2824 0.4932 0.4481 0.1670 0.1407 0.1956 0.3403 0.5143 0.3749 0.1441 0.1508 0.2285 0.4109 0.4997 0.2725 0.1374 0.1668 0.2718 0.4819 0.4596 0.1768 0.1393 0.1902 0.3282 0.5138 0.3899 0.1463 0.1489 0.2236 0.4025 0.5020 0.2797 0.1375 0.1668 0.2735 0.4861 0.4533 0.1687 0.1408 0.1976 0.3490 0.5135 0.3516 0.1410 0.1518 0.1909 0.1518 0.1410 0.3516 0.5135 0.3490 0.1976 0.1408 0.1687 0.4533 0.4861 0.2735 0.1668 0.1375 0.2797 0.5020 0.4025 0.2236 0.1489 0.1463 0.3899 0.5138 0.3282 0.1902 0.1393 0.1768 0.4596 0.4819 0.2718 0.1668 0.1374 0.2725 0.4997 0.4109 0.2285 0.1508 0.1441 0.3749 0.5143 0.3403 0.1956 0.1407 0.1670 0.4481 0.4932 0.2824 0.1711 0.1371 0.2487 0.4934 0.4220
0.4914 0.2387 0.1371 0.1730 0.2871 0.4973 0.4426 0.1635 0.1414 0.1982 0.3463 0.5141 0.3668 0.1431 0.1520 0.2320 0.4176 0.4971 0.2625 0.1372 0.1685 0.2762 0.4869 0.4549 0.1723 0.1399 0.1925 0.3335 0.5142 0.3834 0.1453 0.1497 0.2259 0.4067 0.5007 0.2745 0.1374 0.1674 0.2747 0.4870 0.4528 0.1687 0.1407 0.1971 0.3474 0.5137 0.3542 0.1412 0.1548 0.2350 0.3377 0.2350 0.1548 0.1412 0.3542 0.5137 0.3474 0.1971 0.1407 0.1687 0.4528 0.4870 0.2747 0.1674 0.1374 0.2745 0.5007 0.4067 0.2259 0.1497 0.1453 0.3834 0.5142 0.3335 0.1925 0.1399 0.1723 0.4549 0.4869 0.2762 0.1685 0.1372 0.2625 0.4971 0.4176 0.2320 0.1520 0.1431 0.3668 0.5141 0.3463 0.1982 0.1414 0.1635 0.4426 0.4973 0.2871 0.1730 0.1371 0.2387 0.4914
0.2352 0.1372 0.1749 0.2919 0.5009 0.4370 0.1605 0.1421 0.2009 0.3522 0.5136 0.3584 0.1422 0.1532 0.2355 0.4244 0.4944 0.2524 0.1371 0.1703 0.2807 0.4915 0.4500 0.1683 0.1405 0.1949 0.3389 0.5143 0.3763 0.1443 0.1507 0.2286 0.4117 0.4990 0.2682 0.1373 0.1683 0.2766 0.4887 0.4515 0.1680 0.1408 0.1971 0.3469 0.5138 0.3563 0.1414 0.1550 0.2417 0.4276 0.5124 0.4276 0.2417 0.1550 0.1414 0.3563 0.5138 0.3469 0.1971 0.1408 0.1680 0.4515 0.4887 0.2766 0.1683 0.1373 0.2682 0.4990 0.4117 0.2286 0.1507 0.1443 0.3763 0.5143 0.3389 0.1949 0.1405 0.1683 0.4500 0.4915 0.2807 0.1703 0.1371 0.2524 0.4944 0.4244 0.2355 0.1532 0.1422 0.3584 0.5136 0.3522 0.2009 0.1421 0.1605 0.4370 0.5009 0.2919 0.1749 0.1372 0.2352
0.1453 0.1770 0.2968 0.5041 0.4311 0.1578 0.1429 0.2036 0.3583 0.5129 0.3498 0.1413 0.1545 0.2391 0.4311 0.4915 0.2425 0.1371 0.1722 0.2853 0.4958 0.4447 0.1647 0.1411 0.1973 0.3445 0.5141 0.3687 0.1433 0.1518 0.2316 0.4174 0.4970 0.2608 0.1372 0.1694 0.2792 0.4911 0.4492 0.1667 0.1410 0.1976 0.3474 0.5138 0.3570 0.1415 0.1549 0.2422 0.4384 0.4909 0.3730 0.4909 0.4384 0.2422 0.1549 0.1415 0.3570 0.5138 0.3474 0.1976 0.1410 0.1667 0.4492 0.4911 0.2792 0.1694 0.1372 0.2608 0.4970 0.4174 0.2316 0.1518 0.1433 0.3687 0.5141 0.3445 0.1973 0.1411 0.1647 0.4447 0.4958 0.2853 0.1722 0.1371 0.2425 0.4915 0.4311 0.2391 0.1545 0.1413 0.3498 0.5129 0.3583 0.2036 0.1429 0.1578 0.4311 0.5041 0.2968 0.1770 0.1453
0.1830 0.3018 0.5068 0.4250 0.1554 0.1437 0.2064 0.3645 0.5120 0.3411 0.1406 0.1558 0.2428 0.4378 0.4883 0.2327 0.1371 0.1741 0.2900 0.4996 0.4392 0.1616 0.1418 0.1999 0.3502 0.5138 0.3609 0.1424 0.1529 0.2348 0.4234 0.4947 0.2526 0.1371 0.1707 0.2822 0.4938 0.4463 0.1650 0.1412 0.1985 0.3490 0.5137 0.3563 0.1415 0.1548 0.2419 0.4395 0.4866 0.2418 0.1408 0.2418 0.4866 0.4395 0.2419 0.1548 0.1415 0.3563 0.5137 0.3490 0.1985 0.1412 0.1650 0.4463 0.4938 0.2822 0.1707 0.1371 0.2526 0.4947 0.4234 0.2348 0.1529 0.1424 0.3609 0.5138 0.3502 0.1999 0.1418 0.1616 0.4392 0.4996 0.2900 0.1741 0.1371 0.2327 0.4883 0.4378 0.2428 0.1558 0.1406 0.3411 0.5120 0.3645 0.2064 0.1437 0.1554 0.4250 0.5068 0.3018 0.1830
0.3054 0.5090 0.4188 0.1533 0.1445 0.2092 0.3707 0.5109 0.3321 0.1399 0.1572 0.2465 0.4443 0.4851 0.2234 0.1372 0.1761 0.2948 0.5029 0.4335 0.1588 0.1425 0.2025 0.3560 0.5132 0.3529 0.1416 0.1541 0.2381 0.4295 0.4921 0.2440 0.1371 0.1722 0.2857 0.4966 0.4428 0.1631 0.1416 0.1997 0.3513 0.5135 0.3542 0.1414 0.1549 0.2419 0.4394 0.4860 0.2241 0.1361 0.1494 0.1361 0.2241 0.4860 0.4394 0.2419 0.1549 0.1414 0.3542 0.5135 0.3513 0.1997 0.1416 0.1631 0.4428 0.4966 0.2857 0.1722 0.1371 0.2440 0.4921 0.4295 0.2381 0.1541 0.1416 0.3529 0.5132 0.3560 0.2025 0.1425 0.1588 0.4335 0.5029 0.2948 0.1761 0.1372 0.2234 0.4851 0.4443 0.2465 0.1572 0.1399 0.3321 0.5109 0.3707 0.2092 0.1445 0.1533 0.4188 0.5090 0.3054
0.5081 0.4128 0.1515 0.1453 0.2119 0.3766 0.5097 0.3236 0.1393 0.1584 0.2500 0.4503 0.4818 0.2150 0.1373 0.1779 0.2993 0.5054 0.4281 0.1565 0.1432 0.2050 0.3615 0.5124 0.3451 0.1408 0.1552 0.2413 0.4352 0.4894 0.2358 0.1371 0.1737 0.2892 0.4992 0.4391 0.1611 0.1420 0.2010 0.3540 0.5132 0.3516 0.1412 0.1550 0.2422 0.4395 0.4860 0.2220 0.1371 0.1724 0.2299 0.1724 0.1371 0.2220 0.4860 0.4395 0.2422 0.1550 0.1412 0.3516 0.5132 0.3540 0.2010 0.1420 0.1611 0.4391 0.4992 0.2892 0.1737 0.1371 0.2358 0.4894 0.4352 0.2413 0.1552 0.1408 0.3451 0.5124 0.3615 0.2050 0.1432 0.1565 0.4281 0.5054 0.2993 0.1779 0.1373 0.2150 0.4818 0.4503 0.2500 0.1584 0.1393 0.3236 0.5097 0.3766 0.2119 0.1453 0.1515 0.4128 0.5081
0.4120 0.1504 0.1457 0.2135 0.3803 0.5086 0.3181 0.1388 0.1591 0.2522 0.4540 0.4795 0.2098 0.1373 0.1789 0.3022 0.5067 0.4245 0.1551 0.1436 0.2065 0.3651 0.5117 0.3400 0.1403 0.1558 0.2432 0.4388 0.4876 0.2306 0.1370 0.1745 0.2915 0.5007 0.4367 0.1599 0.1421 0.2016 0.3553 0.5129 0.3506 0.1410 0.1548 0.2417 0.4384 0.4866 0.2241 0.1371 0.1765 0.2892 0.4207 0.2892 0.1765 0.1371 0.2241 0.4866 0.4384 0.2417 0.1548 0.1410 0.3506 0.5129 0.3553 0.2016 0.1421 0.1599 0.4367 0.5007 0.2915 0.1745 0.1370 0.2306 0.4876 0.4388 0.2432 0.1558 0.1403 0.3400 0.5117 0.3651 0.2065 0.1436 0.1551 0.4245 0.5067 0.3022 0.1789 0.1373 0.2098 0.4795 0.4540 0.2522 0.1591 0.1388 0.3181 0.5086 0.3803 0.2135 0.1457 0.1504 0.4120
0.1601 0.1437 0.2091 0.3736 0.5091 0.3289 0.1387 0.1564 0.2472 0.4472 0.4824 0.2198 0.1363 0.1755 0.2965 0.5034 0.4309 0.1571 0.1418 0.2023 0.3587 0.5117 0.3502 0.1404 0.1532 0.2383 0.4317 0.4900 0.2420 0.1361 0.1711 0.2856 0.4961 0.4430 0.1632 0.1403 0.1970 0.3476 0.5127 0.3633 0.1416 0.1518 0.2350 0.4276 0.4909 0.2418 0.1361 0.1724 0.2892 0.4927 0.4965 0.4927 0.2892 0.1724 0.1361 0.2418 0.4909 0.4276 0.2350 0.1518 0.1416 0.3633 0.5127 0.3476 0.1970 0.1403 0.1632 0.4430 0.4961 0.2856 0.1711 0.1361 0.2420 0.4900 0.4317 0.2383 0.1532 0.1404 0.3502 0.5117 0.3587 0.2023 0.1418 0.1571 0.4309 0.5034 0.2965 0.1755 0.1363 0.2198 0.4824 0.4472 0.2472 0.1564 0.1387 0.3289 0.5091 0.3736 0.2091 0.1437 0.1601
0.1436 0.1740 0.2950 0.5035 0.4301 0.1554 0.1408 0.2004 0.3581 0.5108 0.3502 0.1385 0.1519 0.2362 0.4319 0.4891 0.2434 0.1352 0.1692 0.2833 0.4957 0.4433 0.1627 0.1391 0.1941 0.3436 0.5122 0.3694 0.1406 0.1491 0.2280 0.4167 0.4953 0.2651 0.1352 0.1655 0.2740 0.4877 0.4523 0.1692 0.1383 0.1909 0.3377 0.5124 0.3730 0.1408 0.1494 0.2299 0.4207 0.4965 0.3977 0.4965 0.4207 0.2299 0.1494 0.1408 0.3730 0.5124 0.3377 0.1909 0.1383 0.1692 0.4523 0.4877 0.2740 0.1655 0.1352 0.2651 0.4953 0.4167 0.2280 0.1491 0.1406 0.3694 0.5122 0.3436 0.1941 0.1391 0.1627 0.4433 0.4957 0.2833 0.1692 0.1352 0.2434 0.4891 0.4319 0.2362 0.1519 0.1385 0.3502 0.5108 0.3581 0.2004 0.1408 0.1554 0.4301 0.5035 0.2950 0.1740 0.1436
0.1601 0.1437 0.2091 0.3736 0.5091 0.3289 0.1387 0.1564 0.2472 0.4472 0.4824 0.2198 0.1363 0.1755 0.2965 0.5034 0.4309 0.1571 0.1418 0.2023 0.3587 0.5117 0.3502 0.1404 0.1532 0.2383 0.4317 0.4900 0.2420 0.1361 0.1711 0.2856 0.4961 0.4430 0.1632 0.1403 0.1970 0.3476 0.5127 0.3633 0.1416 0.1518 0.2350 0.4276 0.4909 0.2418 0.1361 0.1724 0.2892 0.4927 0.4965 0.4927 0.2892 0.1724 0.1361 0.2418 0.4909 0.4276 0.2350 0.1518 0.1416 0.3633 0.5127 0.3476 0.1970 0.1403 0.1632 0.4430 0.4961 0.2856 0.1711 0.1361 0.2420 0.4900 0.4317 0.2383 0.1532 0.1404 0.3502 0.5117 0.3587 0.2023 0.1418 0.1571 0.4309 0.5034 0.2965 0.1755 0.1363 0.2198 0.4824 0.4472 0.2472 0.1564 0.1387 0.3289 0.5091 0.3736 0.2091 0.1437 0.1601
0.4120 0.1504 0.1457 0.2135 0.3803 0.5086 0.3181 0.1388 0.1591 0.2522 0.4540 0.4795 0.2098 0.1373 0.1789 0.3022 0.5067 0.4245 0.1551 0.1436 0.2065 0.3651 0.5117 0.3400 0.1403 0.1558 0.2432 0.4388 0.4876 0.2306 0.1370 0.1745 0.2915 0.5007 0.4367 0.1599 0.1421 0.2016 0.3553 0.5129 0.3506 0.1410 0.1548 0.2417 0.4384 0.4866 0.2241 0.1371 0.1765 0.2892 0.4207 0.2892 0.1765 0.1371 0.2241 0.4866 0.4384 0.2417 0.1548 0.1410 0.3506 0.5129 0.3553 0.2016 0.1421 0.1599 0.4367 0.5007 0.2915 0.1745 0.1370 0.2306 0.4876 0.4388 0.2432 0.1558 0.1403 0.3400 0.5117 0.3651 0.2065 0.1436 0.1551 0.4245 0.5067 0.3022 0.1789 0.1373 0.2098 0.4795 0.4540 0.2522 0.1591 0.1388 0.3181 0.5086 0.3803 0.2135 0.1457 0.1504 0.4120
0.5081 0.4128 0.1515 0.1453 0.2119 0.3766 0.5097 0.3236 0.1393 0.1584 0.2500 0.4503 0.4818 0.2150 0.1373 0.1779 0.2993 0.5054 0.4281 0.1565 0.1432 0.2050 0.3615 0.5124 0.3451 0.1408 0.1552 0.2413 0.4352 0.4894 0.2358 0.1371 0.1737 0.2892 0.4992 0.4391 0.1611 0.1420 0.2010 0.3540 0.5132 0.3516 0.1412 0.1550 0.2422 0.4395 0.4860 0.2220 0.1371 0.1724 0.2299 0.1724 0.1371 0.2220 0.4860 0.4395 0.2422 0.1550 0.1412 0.3516 0.5132 0.3540 0.2010 0.1420 0.1611 0.4391 0.4992 0.2892 0.1737 0.1371 0.2358 0.4894 0.4352 0.2413 0.1552 0.1408 0.3451 0.5124 0.3615 0.2050 0.1432 0.1565 0.4281 0.5054 0.2993 0.1779 0.1373 0.2150 0.4818 0.4503 0.2500 0.1584 0.1393 0.3236 0.5097 0.3766 0.2119 0.1453 0.1515 0.4128 0.5081
0.3054 0.5090 0.4188 0.1533 0.1445 0.2092 0.3707 0.5109 0.3321 0.1399 0.1572 0.2465 0.4443 0.4851 0.2234 0.1372 0.1761 0.2948 0.5029 0.4335 0.1588 0.1425 0.2025 0.3560 0.5132 0.3529 0.1416 0.1541 0.2381 0.4295 0.4921 0.2440 0.1371 0.1722 0.2857 0.4966 0.4428 0.1631 0.1416 0.1997 0.3513 0.5135 0.3542 0.1414 0.1549 0.2419 0.4394 0.4860 0.2241 0.1361 0.1494 0.1361 0.2241 0.4860 0.4394 0.2419 0.1549 0.1414 0.3542 0.5135 0.3513 0.1997 0.1416 0.1631 0.4428 0.4966 0.2857 0.1722 0.1371 0.2440 0.4921 0.4295 0.2381 0.1541 0.1416 0.3529 0.5132 0.3560 0.2025 0.1425 0.1588 0.4335 0.5029 0.2948 0.1761 0.1372 0.2234 0.4851 0.4443 0.2465 0.1572 0.1399 0.3321 0.5109 0.3707 0.2092 0.1445 0.1533 0.4188 0.5090 0.3054
0.1830 0.3018 0.5068 0.4250 0.1554 0.1437 0.2064 0.3645 0.5120 0.3411 0.1406 0.1558 0.2428 0.4378 0.4883 0.2327 0.1371 0.1741 0.2900 0.4996 0.4392 0.1616 0.1418 0.1999 0.3502 0.5138 0.3609 0.1424 0.1529 0.2348 0.4234 0.4947 0.2526 0.1371 0.1707 0.2822 0.4938 0.4463 0.1650 0.1412 0.1985 0.3490 0.5137 0.3563 0.1415 0.1548 0.2419 0.4395 0.4866 0.2418 0.1408 0.2418 0.4866 0.4395 0.2419 0.1548 0.1415 0.3563 0.5137 0.3490 0.1985 0.1412 0.1650 0.4463 0.4938 0.2822 0.1707 0.1371 0.2526 0.4947 0.4234 0.2348 0.1529 0.1424 0.3609 0.5138 0.3502 0.1999 0.1418 0.1616 0.4392 0.4996 0.2900 0.1741 0.1371 0.2327 0.4883 0.4378 0.2428 0.1558 0.1406 0.3411 0.5120 0.3645 0.2064 0.1437 0.1554 0.4250 0.5068 0.3018 0.1830
