0.0006 0.0089 0.1166 1.0000 1.0000 0.0002 0.0023 0.0300 0.3901 1.0000 1.0000 0.0006 0.0077 0.0998 1.0000 1.0000 0.0002 0.0020 0.0255 0.3319 1.0000 1.0000 0.0005 0.0065 0.0849 1.0000 1.0000 0.0001 0.0017 0.0217 0.2823 1.0000 1.0000 0.0004 0.0056 0.0722 0.9392 1.0000 0.0001 0.0014 0.0185 0.2402 1.0000 1.0000 0.0004 0.0047 0.0612 0.7899 1.0000 0.0001 0.0004 0.0001 1.0000 0.7899 0.0612 0.0047 0.0004 1.0000 1.0000 0.2402 0.0185 0.0014 0.0001 1.0000 0.9392 0.0722 0.0056 0.0004 1.0000 1.0000 0.2823 0.0217 0.0017 0.0001 1.0000 1.0000 0.0849 0.0065 0.0005 1.0000 1.0000 0.3319 0.0255 0.0020 0.0002 1.0000 1.0000 0.0998 0.0077 0.0006 1.0000 1.0000 0.3901 0.0300 0.0023 0.0002 1.0000 1.0000 0.1166 0.0089 0.0006
0.0089 0.1191 1.0000 1.0000 0.0002 0.0023 0.0296 0.3849 1.0000 1.0000 0.0006 0.0076 0.0983 1.0000 1.0000 0.0001 0.0019 0.0251 0.3268 1.0000 1.0000 0.0005 0.0064 0.0836 1.0000 1.0000 0.0001 0.0016 0.0214 0.2781 1.0000 1.0000 0.0004 0.0055 0.0711 0.9250 1.0000 0.0001 0.0014 0.0182 0.2366 1.0000 1.0000 0.0004 0.0047 0.0604 0.7839 1.0000 0.0001 0.0010 0.0048 0.0010 0.0001 1.0000 0.7839 0.0604 0.0047 0.0004 1.0000 1.0000 0.2366 0.0182 0.0014 0.0001 1.0000 0.9250 0.0711 0.0055 0.0004 1.0000 1.0000 0.2781 0.0214 0.0016 0.0001 1.0000 1.0000 0.0836 0.0064 0.0005 1.0000 1.0000 0.3268 0.0251 0.0019 0.0001 1.0000 1.0000 0.0983 0.0076 0.0006 1.0000 1.0000 0.3849 0.0296 0.0023 0.0002 1.0000 1.0000 0.1191 0.0089
0.1166 1.0000 1.0000 0.0002 0.0022 0.0278 0.3608 1.0000 1.0000 0.0005 0.0070 0.0916 1.0000 1.0000 0.0001 0.0018 0.0234 0.3046 1.0000 1.0000 0.0005 0.0060 0.0779 1.0000 1.0000 0.0001 0.0015 0.0199 0.2592 1.0000 1.0000 0.0004 0.0051 0.0663 0.8621 1.0000 0.0001 0.0013 0.0170 0.2205 1.0000 1.0000 0.0003 0.0043 0.0563 0.7321 1.0000 0.0001 0.0011 0.0120 0.0578 0.0120 0.0011 0.0001 1.0000 0.7321 0.0563 0.0043 0.0003 1.0000 1.0000 0.2205 0.0170 0.0013 0.0001 1.0000 0.8621 0.0663 0.0051 0.0004 1.0000 1.0000 0.2592 0.0199 0.0015 0.0001 1.0000 1.0000 0.0779 0.0060 0.0005 1.0000 1.0000 0.3046 0.0234 0.0018 0.0001 1.0000 1.0000 0.0916 0.0070 0.0005 1.0000 1.0000 0.3608 0.0278 0.0022 0.0002 1.0000 1.0000 0.1166
1.0000 1.0000 0.0002 0.0021 0.0269 0.3441 1.0000 1.0000 0.0005 0.0066 0.0855 1.0000 1.0000 0.0001 0.0017 0.0218 0.2839 1.0000 1.0000 0.0004 0.0056 0.0726 0.9445 1.0000 0.0001 0.0014 0.0186 0.2416 1.0000 1.0000 0.0004 0.0047 0.0618 0.8036 1.0000 0.0001 0.0012 0.0158 0.2055 1.0000 1.0000 0.0003 0.0040 0.0526 0.6823 1.0000 0.0001 0.0010 0.0129 0.1454 0.6994 0.1454 0.0129 0.0010 0.0001 1.0000 0.6823 0.0526 0.0040 0.0003 1.0000 1.0000 0.2055 0.0158 0.0012 0.0001 1.0000 0.8036 0.0618 0.0047 0.0004 1.0000 1.0000 0.2416 0.0186 0.0014 0.0001 1.0000 0.9445 0.0726 0.0056 0.0004 1.0000 1.0000 0.2839 0.0218 0.0017 0.0001 1.0000 1.0000 0.0855 0.0066 0.0005 1.0000 1.0000 0.3441 0.0269 0.0021 0.0002 1.0000 1.0000
1.0000 0.0002 0.0022 0.0269 0.3382 1.0000 1.0000 0.0005 0.0062 0.0803 1.0000 1.0000 0.0001 0.0016 0.0203 0.2646 1.0000 1.0000 0.0004 0.0052 0.0677 0.8804 1.0000 0.0001 0.0013 0.0173 0.2251 1.0000 1.0000 0.0003 0.0044 0.0576 0.7490 1.0000 0.0001 0.0011 0.0147 0.1915 1.0000 1.0000 0.0003 0.0038 0.0490 0.6360 1.0000 0.0001 0.0010 0.0124 0.1560 1.0000 1.0000 1.0000 0.1560 0.0124 0.0010 0.0001 1.0000 0.6360 0.0490 0.0038 0.0003 1.0000 1.0000 0.1915 0.0147 0.0011 0.0001 1.0000 0.7490 0.0576 0.0044 0.0003 1.0000 1.0000 0.2251 0.0173 0.0013 0.0001 1.0000 0.8804 0.0677 0.0052 0.0004 1.0000 1.0000 0.2646 0.0203 0.0016 0.0001 1.0000 1.0000 0.0803 0.0062 0.0005 1.0000 1.0000 0.3382 0.0269 0.0022 0.0002 1.0000
0.0002 0.0023 0.0278 0.3441 1.0000 1.0000 0.0005 0.0060 0.0766 0.9849 1.0000 0.0001 0.0015 0.0190 0.2467 1.0000 1.0000 0.0004 0.0048 0.0631 0.8205 1.0000 0.0001 0.0012 0.0161 0.2098 1.0000 1.0000 0.0003 0.0041 0.0537 0.6981 1.0000 0.0001 0.0011 0.0137 0.1785 1.0000 1.0000 0.0003 0.0035 0.0457 0.5927 1.0000 0.0001 0.0009 0.0116 0.1499 1.0000 1.0000 0.0001 1.0000 1.0000 0.1499 0.0116 0.0009 0.0001 1.0000 0.5927 0.0457 0.0035 0.0003 1.0000 1.0000 0.1785 0.0137 0.0011 0.0001 1.0000 0.6981 0.0537 0.0041 0.0003 1.0000 1.0000 0.2098 0.0161 0.0012 0.0001 1.0000 0.8205 0.0631 0.0048 0.0004 1.0000 1.0000 0.2467 0.0190 0.0015 0.0001 1.0000 0.9849 0.0766 0.0060 0.0005 1.0000 1.0000 0.3441 0.0278 0.0023 0.0002
0.0023 0.0296 0.3608 1.0000 1.0000 0.0005 0.0059 0.0746 0.9499 1.0000 0.0001 0.0014 0.0179 0.2312 1.0000 1.0000 0.0003 0.0045 0.0588 0.7648 1.0000 0.0001 0.0012 0.0150 0.1956 1.0000 1.0000 0.0003 0.0038 0.0500 0.6506 1.0000 0.0001 0.0010 0.0128 0.1664 1.0000 1.0000 0.0003 0.0033 0.0426 0.5525 1.0000 0.0001 0.0008 0.0108 0.1405 1.0000 1.0000 0.0002 0.0009 0.0002 1.0000 1.0000 0.1405 0.0108 0.0008 0.0001 1.0000 0.5525 0.0426 0.0033 0.0003 1.0000 1.0000 0.1664 0.0128 0.0010 0.0001 1.0000 0.6506 0.0500 0.0038 0.0003 1.0000 1.0000 0.1956 0.0150 0.0012 0.0001 1.0000 0.7648 0.0588 0.0045 0.0003 1.0000 1.0000 0.2312 0.0179 0.0014 0.0001 1.0000 0.9499 0.0746 0.0059 0.0005 1.0000 1.0000 0.3608 0.0296 0.0023
0.0300 0.3849 1.0000 1.0000 0.0005 0.0060 0.0746 0.9374 1.0000 0.0001 0.0013 0.0170 0.2188 1.0000 1.0000 0.0003 0.0042 0.0548 0.7128 1.0000 0.0001 0.0011 0.0140 0.1823 1.0000 1.0000 0.0003 0.0036 0.0466 0.6064 1.0000 0.0001 0.0009 0.0119 0.1551 1.0000 1.0000 0.0002 0.0030 0.0397 0.5159 1.0000 0.0001 0.0008 0.0101 0.1312 1.0000 1.0000 0.0002 0.0022 0.0104 0.0022 0.0002 1.0000 1.0000 0.1312 0.0101 0.0008 0.0001 1.0000 0.5159 0.0397 0.0030 0.0002 1.0000 1.0000 0.1551 0.0119 0.0009 0.0001 1.0000 0.6064 0.0466 0.0036 0.0003 1.0000 1.0000 0.1823 0.0140 0.0011 0.0001 1.0000 0.7128 0.0548 0.0042 0.0003 1.0000 1.0000 0.2188 0.0170 0.0013 0.0001 1.0000 0.9374 0.0746 0.0060 0.0005 1.0000 1.0000 0.3849 0.0300
0.3901 1.0000 1.0000 0.0005 0.0062 0.0766 0.9499 1.0000 0.0001 0.0013 0.0164 0.2098 1.0000 1.0000 0.0003 0.0040 0.0514 0.6657 1.0000 0.0001 0.0010 0.0131 0.1699 1.0000 1.0000 0.0003 0.0033 0.0435 0.5652 1.0000 0.0001 0.0009 0.0111 0.1445 1.0000 1.0000 0.0002 0.0028 0.0370 0.4809 1.0000 0.0001 0.0007 0.0094 0.1223 1.0000 1.0000 0.0002 0.0023 0.0261 0.1256 0.0261 0.0023 0.0002 1.0000 1.0000 0.1223 0.0094 0.0007 0.0001 1.0000 0.4809 0.0370 0.0028 0.0002 1.0000 1.0000 0.1445 0.0111 0.0009 0.0001 1.0000 0.5652 0.0435 0.0033 0.0003 1.0000 1.0000 0.1699 0.0131 0.0010 0.0001 1.0000 0.6657 0.0514 0.0040 0.0003 1.0000 1.0000 0.2098 0.0164 0.0013 0.0001 1.0000 0.9499 0.0766 0.0062 0.0005 1.0000 1.0000 0.3901
1.0000 1.0000 0.0005 0.0066 0.0803 0.9849 1.0000 0.0001 0.0013 0.0163 0.2055 1.0000 1.0000 0.0003 0.0038 0.0485 0.6264 1.0000 0.0001 0.0009 0.0122 0.1584 1.0000 1.0000 0.0002 0.0031 0.0405 0.5268 1.0000 0.0001 0.0008 0.0104 0.1347 1.0000 1.0000 0.0002 0.0026 0.0345 0.4482 1.0000 0.0001 0.0007 0.0088 0.1140 1.0000 1.0000 0.0002 0.0022 0.0280 0.3164 1.0000 0.3164 0.0280 0.0022 0.0002 1.0000 1.0000 0.1140 0.0088 0.0007 0.0001 1.0000 0.4482 0.0345 0.0026 0.0002 1.0000 1.0000 0.1347 0.0104 0.0008 0.0001 1.0000 0.5268 0.0405 0.0031 0.0002 1.0000 1.0000 0.1584 0.0122 0.0009 0.0001 1.0000 0.6264 0.0485 0.0038 0.0003 1.0000 1.0000 0.2055 0.0163 0.0013 0.0001 1.0000 0.9849 0.0803 0.0066 0.0005 1.0000 1.0000
1.0000 0.0006 0.0070 0.0855 1.0000 1.0000 0.0001 0.0013 0.0164 0.2055 1.0000 1.0000 0.0003 0.0036 0.0464 0.5961 1.0000 0.0001 0.0009 0.0114 0.1479 1.0000 1.0000 0.0002 0.0029 0.0377 0.4910 1.0000 0.0001 0.0007 0.0097 0.1256 1.0000 1.0000 0.0002 0.0025 0.0321 0.4177 1.0000 1.0000 0.0006 0.0082 0.1064 1.0000 1.0000 0.0002 0.0021 0.0269 0.3389 1.0000 1.0000 1.0000 0.3389 0.0269 0.0021 0.0002 1.0000 1.0000 0.1064 0.0082 0.0006 1.0000 1.0000 0.4177 0.0321 0.0025 0.0002 1.0000 1.0000 0.1256 0.0097 0.0007 0.0001 1.0000 0.4910 0.0377 0.0029 0.0002 1.0000 1.0000 0.1479 0.0114 0.0009 0.0001 1.0000 0.5961 0.0464 0.0036 0.0003 1.0000 1.0000 0.2055 0.0164 0.0013 0.0001 1.0000 1.0000 0.0855 0.0070 0.0006 1.0000
0.0006 0.0076 0.0916 1.0000 1.0000 0.0001 0.0014 0.0170 0.2098 1.0000 1.0000 0.0003 0.0036 0.0451 0.5739 1.0000 0.0001 0.0008 0.0108 0.1392 1.0000 1.0000 0.0002 0.0027 0.0352 0.4577 1.0000 0.0001 0.0007 0.0090 0.1170 1.0000 1.0000 0.0002 0.0023 0.0299 0.3893 1.0000 1.0000 0.0006 0.0076 0.0992 1.0000 1.0000 0.0001 0.0019 0.0252 0.3250 1.0000 1.0000 0.0002 1.0000 1.0000 0.3250 0.0252 0.0019 0.0001 1.0000 1.0000 0.0992 0.0076 0.0006 1.0000 1.0000 0.3893 0.0299 0.0023 0.0002 1.0000 1.0000 0.1170 0.0090 0.0007 0.0001 1.0000 0.4577 0.0352 0.0027 0.0002 1.0000 1.0000 0.1392 0.0108 0.0008 0.0001 1.0000 0.5739 0.0451 0.0036 0.0003 1.0000 1.0000 0.2098 0.0170 0.0014 0.0001 1.0000 1.0000 0.0916 0.0076 0.0006
0.0077 0.0983 1.0000 1.0000 0.0001 0.0015 0.0179 0.2188 1.0000 1.0000 0.0003 0.0036 0.0446 0.5631 1.0000 0.0001 0.0008 0.0102 0.1317 1.0000 1.0000 0.0002 0.0025 0.0329 0.4266 1.0000 1.0000 0.0006 0.0084 0.1091 1.0000 1.0000 0.0002 0.0021 0.0279 0.3629 1.0000 1.0000 0.0005 0.0071 0.0925 1.0000 1.0000 0.0001 0.0018 0.0235 0.3052 1.0000 1.0000 0.0004 0.0019 0.0004 1.0000 1.0000 0.3052 0.0235 0.0018 0.0001 1.0000 1.0000 0.0925 0.0071 0.0005 1.0000 1.0000 0.3629 0.0279 0.0021 0.0002 1.0000 1.0000 0.1091 0.0084 0.0006 1.0000 1.0000 0.4266 0.0329 0.0025 0.0002 1.0000 1.0000 0.1317 0.0102 0.0008 0.0001 1.0000 0.5631 0.0446 0.0036 0.0003 1.0000 1.0000 0.2188 0.0179 0.0015 0.0001 1.0000 1.0000 0.0983 0.0077
0.0998 1.0000 1.0000 0.0001 0.0016 0.0190 0.2312 1.0000 1.0000 0.0003 0.0036 0.0451 0.5631 1.0000 0.0001 0.0008 0.0099 0.1265 1.0000 1.0000 0.0002 0.0024 0.0308 0.3991 1.0000 1.0000 0.0006 0.0078 0.1017 1.0000 1.0000 0.0002 0.0020 0.0260 0.3382 1.0000 1.0000 0.0005 0.0066 0.0862 1.0000 1.0000 0.0001 0.0017 0.0219 0.2850 1.0000 1.0000 0.0004 0.0047 0.0225 0.0047 0.0004 1.0000 1.0000 0.2850 0.0219 0.0017 0.0001 1.0000 1.0000 0.0862 0.0066 0.0005 1.0000 1.0000 0.3382 0.0260 0.0020 0.0002 1.0000 1.0000 0.1017 0.0078 0.0006 1.0000 1.0000 0.3991 0.0308 0.0024 0.0002 1.0000 1.0000 0.1265 0.0099 0.0008 0.0001 1.0000 0.5631 0.0451 0.0036 0.0003 1.0000 1.0000 0.2312 0.0190 0.0016 0.0001 1.0000 1.0000 0.0998
1.0000 1.0000 0.0001 0.0017 0.0203 0.2467 1.0000 1.0000 0.0003 0.0038 0.0464 0.5739 1.0000 0.0001 0.0008 0.0097 0.1232 1.0000 1.0000 0.0002 0.0023 0.0291 0.3762 1.0000 1.0000 0.0006 0.0073 0.0948 1.0000 1.0000 0.0001 0.0019 0.0242 0.3152 1.0000 1.0000 0.0005 0.0062 0.0803 1.0000 1.0000 0.0001 0.0016 0.0204 0.2657 1.0000 1.0000 0.0004 0.0050 0.0567 0.2723 0.0567 0.0050 0.0004 1.0000 1.0000 0.2657 0.0204 0.0016 0.0001 1.0000 1.0000 0.0803 0.0062 0.0005 1.0000 1.0000 0.3152 0.0242 0.0019 0.0001 1.0000 1.0000 0.0948 0.0073 0.0006 1.0000 1.0000 0.3762 0.0291 0.0023 0.0002 1.0000 1.0000 0.1232 0.0097 0.0008 0.0001 1.0000 0.5739 0.0464 0.0038 0.0003 1.0000 1.0000 0.2467 0.0203 0.0017 0.0001 1.0000 1.0000
1.0000 0.0001 0.0018 0.0218 0.2646 1.0000 1.0000 0.0003 0.0040 0.0485 0.5961 1.0000 0.0001 0.0008 0.0097 0.1220 1.0000 1.0000 0.0002 0.0022 0.0278 0.3581 1.0000 1.0000 0.0005 0.0068 0.0887 1.0000 1.0000 0.0001 0.0017 0.0226 0.2938 1.0000 1.0000 0.0004 0.0058 0.0750 0.9737 1.0000 0.0001 0.0015 0.0191 0.2476 1.0000 1.0000 0.0004 0.0048 0.0607 0.6875 1.0000 0.6875 0.0607 0.0048 0.0004 1.0000 1.0000 0.2476 0.0191 0.0015 0.0001 1.0000 0.9737 0.0750 0.0058 0.0004 1.0000 1.0000 0.2938 0.0226 0.0017 0.0001 1.0000 1.0000 0.0887 0.0068 0.0005 1.0000 1.0000 0.3581 0.0278 0.0022 0.0002 1.0000 1.0000 0.1220 0.0097 0.0008 0.0001 1.0000 0.5961 0.0485 0.0040 0.0003 1.0000 1.0000 0.2646 0.0218 0.0018 0.0001 1.0000
0.0002 0.0019 0.0234 0.2839 1.0000 1.0000 0.0003 0.0042 0.0514 0.6264 1.0000 0.0001 0.0008 0.0099 0.1232 1.0000 1.0000 0.0002 0.0021 0.0270 0.3441 1.0000 1.0000 0.0005 0.0065 0.0834 1.0000 1.0000 0.0001 0.0016 0.0211 0.2739 1.0000 1.0000 0.0004 0.0054 0.0699 0.9076 1.0000 0.0001 0.0014 0.0178 0.2308 1.0000 1.0000 0.0003 0.0045 0.0583 0.7362 1.0000 1.0000 1.0000 0.7362 0.0583 0.0045 0.0003 1.0000 1.0000 0.2308 0.0178 0.0014 0.0001 1.0000 0.9076 0.0699 0.0054 0.0004 1.0000 1.0000 0.2739 0.0211 0.0016 0.0001 1.0000 1.0000 0.0834 0.0065 0.0005 1.0000 1.0000 0.3441 0.0270 0.0021 0.0002 1.0000 1.0000 0.1232 0.0099 0.0008 0.0001 1.0000 0.6264 0.0514 0.0042 0.0003 1.0000 1.0000 0.2839 0.0234 0.0019 0.0002
0.0020 0.0251 0.3046 1.0000 1.0000 0.0004 0.0045 0.0548 0.6657 1.0000 0.0001 0.0008 0.0102 0.1265 1.0000 1.0000 0.0002 0.0021 0.0266 0.3357 1.0000 1.0000 0.0005 0.0061 0.0791 1.0000 1.0000 0.0001 0.0015 0.0197 0.2557 1.0000 1.0000 0.0004 0.0050 0.0652 0.8459 1.0000 0.0001 0.0013 0.0166 0.2155 1.0000 1.0000 0.0003 0.0042 0.0547 0.7061 1.0000 0.0001 0.0003 0.0001 1.0000 0.7061 0.0547 0.0042 0.0003 1.0000 1.0000 0.2155 0.0166 0.0013 0.0001 1.0000 0.8459 0.0652 0.0050 0.0004 1.0000 1.0000 0.2557 0.0197 0.0015 0.0001 1.0000 1.0000 0.0791 0.0061 0.0005 1.0000 1.0000 0.3357 0.0266 0.0021 0.0002 1.0000 1.0000 0.1265 0.0102 0.0008 0.0001 1.0000 0.6657 0.0548 0.0045 0.0004 1.0000 1.0000 0.3046 0.0251 0.0020
0.0255 0.3268 1.0000 1.0000 0.0004 0.0048 0.0588 0.7128 1.0000 0.0001 0.0009 0.0108 0.1317 1.0000 1.0000 0.0002 0.0021 0.0266 0.3331 1.0000 1.0000 0.0005 0.0059 0.0757 0.9700 1.0000 0.0001 0.0014 0.0185 0.2393 1.0000 1.0000 0.0004 0.0047 0.0607 0.7899 1.0000 0.0001 0.0012 0.0155 0.2009 1.0000 1.0000 0.0003 0.0039 0.0511 0.6631 1.0000 0.0001 0.0008 0.0040 0.0008 0.0001 1.0000 0.6631 0.0511 0.0039 0.0003 1.0000 1.0000 0.2009 0.0155 0.0012 0.0001 1.0000 0.7899 0.0607 0.0047 0.0004 1.0000 1.0000 0.2393 0.0185 0.0014 0.0001 1.0000 0.9700 0.0757 0.0059 0.0005 1.0000 1.0000 0.3331 0.0266 0.0021 0.0002 1.0000 1.0000 0.1317 0.0108 0.0009 0.0001 1.0000 0.7128 0.0588 0.0048 0.0004 1.0000 1.0000 0.3268 0.0255
0.3319 1.0000 1.0000 0.0004 0.0052 0.0631 0.7648 1.0000 0.0001 0.0009 0.0114 0.1392 1.0000 1.0000 0.0002 0.0022 0.0270 0.3357 1.0000 1.0000 0.0005 0.0058 0.0734 0.9356 1.0000 0.0001 0.0014 0.0175 0.2256 1.0000 1.0000 0.0003 0.0044 0.0567 0.7362 1.0000 0.0001 0.0011 0.0144 0.1872 1.0000 1.0000 0.0003 0.0037 0.0476 0.6192 1.0000 0.0001 0.0009 0.0102 0.0489 0.0102 0.0009 0.0001 1.0000 0.6192 0.0476 0.0037 0.0003 1.0000 1.0000 0.1872 0.0144 0.0011 0.0001 1.0000 0.7362 0.0567 0.0044 0.0003 1.0000 1.0000 0.2256 0.0175 0.0014 0.0001 1.0000 0.9356 0.0734 0.0058 0.0005 1.0000 1.0000 0.3357 0.0270 0.0022 0.0002 1.0000 1.0000 0.1392 0.0114 0.0009 0.0001 1.0000 0.7648 0.0631 0.0052 0.0004 1.0000 1.0000 0.3319
1.0000 1.0000 0.0005 0.0056 0.0677 0.8205 1.0000 0.0001 0.0010 0.0122 0.1479 1.0000 1.0000 0.0002 0.0023 0.0278 0.3441 1.0000 1.0000 0.0005 0.0057 0.0722 0.9145 1.0000 0.0001 0.0013 0.0167 0.2143 1.0000 1.0000 0.0003 0.0041 0.0531 0.6888 1.0000 0.0001 0.0010 0.0134 0.1748 1.0000 1.0000 0.0003 0.0034 0.0445 0.5772 1.0000 0.0001 0.0009 0.0109 0.1232 0.5927 0.1232 0.0109 0.0009 0.0001 1.0000 0.5772 0.0445 0.0034 0.0003 1.0000 1.0000 0.1748 0.0134 0.0010 0.0001 1.0000 0.6888 0.0531 0.0041 0.0003 1.0000 1.0000 0.2143 0.0167 0.0013 0.0001 1.0000 0.9145 0.0722 0.0057 0.0005 1.0000 1.0000 0.3441 0.0278 0.0023 0.0002 1.0000 1.0000 0.1479 0.0122 0.0010 0.0001 1.0000 0.8205 0.0677 0.0056 0.0005 1.0000 1.0000
1.0000 0.0005 0.0060 0.0726 0.8804 1.0000 0.0001 0.0011 0.0131 0.1584 1.0000 1.0000 0.0002 0.0024 0.0291 0.3581 1.0000 1.0000 0.0005 0.0058 0.0722 0.9076 1.0000 0.0001 0.0013 0.0161 0.2055 1.0000 1.0000 0.0003 0.0039 0.0499 0.6457 1.0000 0.0001 0.0010 0.0126 0.1633 1.0000 1.0000 0.0002 0.0032 0.0414 0.5390 1.0000 0.0001 0.0008 0.0105 0.1319 1.0000 1.0000 1.0000 0.1319 0.0105 0.0008 0.0001 1.0000 0.5390 0.0414 0.0032 0.0002 1.0000 1.0000 0.1633 0.0126 0.0010 0.0001 1.0000 0.6457 0.0499 0.0039 0.0003 1.0000 1.0000 0.2055 0.0161 0.0013 0.0001 1.0000 0.9076 0.0722 0.0058 0.0005 1.0000 1.0000 0.3581 0.0291 0.0024 0.0002 1.0000 1.0000 0.1584 0.0131 0.0011 0.0001 1.0000 0.8804 0.0726 0.0060 0.0005 1.0000
0.0005 0.0064 0.0779 0.9445 1.0000 0.0001 0.0012 0.0140 0.1699 1.0000 1.0000 0.0002 0.0025 0.0308 0.3762 1.0000 1.0000 0.0005 0.0059 0.0734 0.9145 1.0000 0.0001 0.0012 0.0157 0.1993 1.0000 1.0000 0.0003 0.0037 0.0473 0.6099 1.0000 0.0001 0.0009 0.0118 0.1527 1.0000 1.0000 0.0002 0.0030 0.0387 0.5024 1.0000 0.0001 0.0008 0.0098 0.1268 1.0000 1.0000 0.0001 1.0000 1.0000 0.1268 0.0098 0.0008 0.0001 1.0000 0.5024 0.0387 0.0030 0.0002 1.0000 1.0000 0.1527 0.0118 0.0009 0.0001 1.0000 0.6099 0.0473 0.0037 0.0003 1.0000 1.0000 0.1993 0.0157 0.0012 0.0001 1.0000 0.9145 0.0734 0.0059 0.0005 1.0000 1.0000 0.3762 0.0308 0.0025 0.0002 1.0000 1.0000 0.1699 0.0140 0.0012 0.0001 1.0000 0.9445 0.0779 0.0064 0.0005
0.0065 0.0836 1.0000 1.0000 0.0001 0.0012 0.0150 0.1823 1.0000 1.0000 0.0002 0.0027 0.0329 0.3991 1.0000 1.0000 0.0005 0.0061 0.0757 0.9356 1.0000 0.0001 0.0012 0.0156 0.1963 1.0000 1.0000 0.0003 0.0035 0.0451 0.5805 1.0000 0.0001 0.0009 0.0110 0.1432 1.0000 1.0000 0.0002 0.0028 0.0362 0.4700 1.0000 0.0001 0.0007 0.0092 0.1191 1.0000 1.0000 0.0002 0.0007 0.0002 1.0000 1.0000 0.1191 0.0092 0.0007 0.0001 1.0000 0.4700 0.0362 0.0028 0.0002 1.0000 1.0000 0.1432 0.0110 0.0009 0.0001 1.0000 0.5805 0.0451 0.0035 0.0003 1.0000 1.0000 0.1963 0.0156 0.0012 0.0001 1.0000 0.9356 0.0757 0.0061 0.0005 1.0000 1.0000 0.3991 0.0329 0.0027 0.0002 1.0000 1.0000 0.1823 0.0150 0.0012 0.0001 1.0000 1.0000 0.0836 0.0065
0.0849 1.0000 1.0000 0.0001 0.0013 0.0161 0.1956 1.0000 1.0000 0.0002 0.0029 0.0352 0.4266 1.0000 1.0000 0.0005 0.0065 0.0791 0.9700 1.0000 0.0001 0.0013 0.0157 0.1963 1.0000 1.0000 0.0003 0.0034 0.0436 0.5577 1.0000 0.0001 0.0008 0.0104 0.1347 1.0000 1.0000 0.0002 0.0026 0.0339 0.4397 1.0000 1.0000 0.0007 0.0086 0.1114 1.0000 1.0000 0.0002 0.0018 0.0088 0.0018 0.0002 1.0000 1.0000 0.1114 0.0086 0.0007 1.0000 1.0000 0.4397 0.0339 0.0026 0.0002 1.0000 1.0000 0.1347 0.0104 0.0008 0.0001 1.0000 0.5577 0.0436 0.0034 0.0003 1.0000 1.0000 0.1963 0.0157 0.0013 0.0001 1.0000 0.9700 0.0791 0.0065 0.0005 1.0000 1.0000 0.4266 0.0352 0.0029 0.0002 1.0000 1.0000 0.1956 0.0161 0.0013 0.0001 1.0000 1.0000 0.0849
1.0000 1.0000 0.0001 0.0014 0.0173 0.2098 1.0000 1.0000 0.0003 0.0031 0.0377 0.4577 1.0000 1.0000 0.0006 0.0068 0.0834 1.0000 1.0000 0.0001 0.0013 0.0161 0.1993 1.0000 1.0000 0.0003 0.0034 0.0426 0.5410 1.0000 0.0001 0.0008 0.0100 0.1280 1.0000 1.0000 0.0002 0.0024 0.0317 0.4114 1.0000 1.0000 0.0006 0.0080 0.1042 1.0000 1.0000 0.0002 0.0020 0.0222 0.1066 0.0222 0.0020 0.0002 1.0000 1.0000 0.1042 0.0080 0.0006 1.0000 1.0000 0.4114 0.0317 0.0024 0.0002 1.0000 1.0000 0.1280 0.0100 0.0008 0.0001 1.0000 0.5410 0.0426 0.0034 0.0003 1.0000 1.0000 0.1993 0.0161 0.0013 0.0001 1.0000 1.0000 0.0834 0.0068 0.0006 1.0000 1.0000 0.4577 0.0377 0.0031 0.0003 1.0000 1.0000 0.2098 0.0173 0.0014 0.0001 1.0000 1.0000
1.0000 0.0001 0.0015 0.0186 0.2251 1.0000 1.0000 0.0003 0.0033 0.0405 0.4910 1.0000 1.0000 0.0006 0.0073 0.0887 1.0000 1.0000 0.0001 0.0014 0.0167 0.2055 1.0000 1.0000 0.0003 0.0034 0.0423 0.5329 1.0000 0.0001 0.0007 0.0096 0.1225 1.0000 1.0000 0.0002 0.0023 0.0298 0.3857 1.0000 1.0000 0.0006 0.0075 0.0975 1.0000 1.0000 0.0001 0.0019 0.0237 0.2687 1.0000 0.2687 0.0237 0.0019 0.0001 1.0000 1.0000 0.0975 0.0075 0.0006 1.0000 1.0000 0.3857 0.0298 0.0023 0.0002 1.0000 1.0000 0.1225 0.0096 0.0007 0.0001 1.0000 0.5329 0.0423 0.0034 0.0003 1.0000 1.0000 0.2055 0.0167 0.0014 0.0001 1.0000 1.0000 0.0887 0.0073 0.0006 1.0000 1.0000 0.4910 0.0405 0.0033 0.0003 1.0000 1.0000 0.2251 0.0186 0.0015 0.0001 1.0000
0.0001 0.0016 0.0199 0.2416 1.0000 1.0000 0.0003 0.0036 0.0435 0.5268 1.0000 0.0001 0.0006 0.0078 0.0948 1.0000 1.0000 0.0001 0.0014 0.0175 0.2143 1.0000 1.0000 0.0003 0.0034 0.0426 0.5329 1.0000 0.0001 0.0007 0.0093 0.1184 1.0000 1.0000 0.0002 0.0022 0.0283 0.3643 1.0000 1.0000 0.0005 0.0070 0.0912 1.0000 1.0000 0.0001 0.0018 0.0228 0.2883 1.0000 1.0000 1.0000 0.2883 0.0228 0.0018 0.0001 1.0000 1.0000 0.0912 0.0070 0.0005 1.0000 1.0000 0.3643 0.0283 0.0022 0.0002 1.0000 1.0000 0.1184 0.0093 0.0007 0.0001 1.0000 0.5329 0.0426 0.0034 0.0003 1.0000 1.0000 0.2143 0.0175 0.0014 0.0001 1.0000 1.0000 0.0948 0.0078 0.0006 0.0001 1.0000 0.5268 0.0435 0.0036 0.0003 1.0000 1.0000 0.2416 0.0199 0.0016 0.0001
0.0017 0.0214 0.2592 1.0000 1.0000 0.0003 0.0038 0.0466 0.5652 1.0000 0.0001 0.0007 0.0084 0.1017 1.0000 1.0000 0.0001 0.0015 0.0185 0.2256 1.0000 1.0000 0.0003 0.0035 0.0436 0.5410 1.0000 0.0001 0.0007 0.0092 0.1157 1.0000 1.0000 0.0002 0.0021 0.0270 0.3467 1.0000 1.0000 0.0005 0.0066 0.0855 1.0000 1.0000 0.0001 0.0017 0.0215 0.2770 1.0000 1.0000 0.0001 1.0000 1.0000 0.2770 0.0215 0.0017 0.0001 1.0000 1.0000 0.0855 0.0066 0.0005 1.0000 1.0000 0.3467 0.0270 0.0021 0.0002 1.0000 1.0000 0.1157 0.0092 0.0007 0.0001 1.0000 0.5410 0.0436 0.0035 0.0003 1.0000 1.0000 0.2256 0.0185 0.0015 0.0001 1.0000 1.0000 0.1017 0.0084 0.0007 0.0001 1.0000 0.5652 0.0466 0.0038 0.0003 1.0000 1.0000 0.2592 0.0214 0.0017
0.0217 0.2781 1.0000 1.0000 0.0003 0.0041 0.0500 0.6064 1.0000 0.0001 0.0007 0.0090 0.1091 1.0000 1.0000 0.0001 0.0016 0.0197 0.2393 1.0000 1.0000 0.0003 0.0037 0.0451 0.5577 1.0000 0.0001 0.0007 0.0092 0.1151 1.0000 1.0000 0.0002 0.0020 0.0259 0.3319 1.0000 1.0000 0.0005 0.0062 0.0805 1.0000 1.0000 0.0001 0.0016 0.0202 0.2611 1.0000 1.0000 0.0003 0.0016 0.0003 1.0000 1.0000 0.2611 0.0202 0.0016 0.0001 1.0000 1.0000 0.0805 0.0062 0.0005 1.0000 1.0000 0.3319 0.0259 0.0020 0.0002 1.0000 1.0000 0.1151 0.0092 0.0007 0.0001 1.0000 0.5577 0.0451 0.0037 0.0003 1.0000 1.0000 0.2393 0.0197 0.0016 0.0001 1.0000 1.0000 0.1091 0.0090 0.0007 0.0001 1.0000 0.6064 0.0500 0.0041 0.0003 1.0000 1.0000 0.2781 0.0217
0.2823 1.0000 1.0000 0.0004 0.0044 0.0537 0.6506 1.0000 0.0001 0.0008 0.0097 0.1170 1.0000 1.0000 0.0001 0.0017 0.0211 0.2557 1.0000 1.0000 0.0003 0.0039 0.0473 0.5805 1.0000 0.0001 0.0007 0.0093 0.1157 1.0000 1.0000 0.0002 0.0020 0.0252 0.3213 1.0000 1.0000 0.0005 0.0059 0.0763 0.9830 1.0000 0.0001 0.0015 0.0189 0.2453 1.0000 1.0000 0.0004 0.0040 0.0192 0.0040 0.0004 1.0000 1.0000 0.2453 0.0189 0.0015 0.0001 1.0000 0.9830 0.0763 0.0059 0.0005 1.0000 1.0000 0.3213 0.0252 0.0020 0.0002 1.0000 1.0000 0.1157 0.0093 0.0007 0.0001 1.0000 0.5805 0.0473 0.0039 0.0003 1.0000 1.0000 0.2557 0.0211 0.0017 0.0001 1.0000 1.0000 0.1170 0.0097 0.0008 0.0001 1.0000 0.6506 0.0537 0.0044 0.0004 1.0000 1.0000 0.2823
1.0000 1.0000 0.0004 0.0047 0.0576 0.6981 1.0000 0.0001 0.0009 0.0104 0.1256 1.0000 1.0000 0.0002 0.0019 0.0226 0.2739 1.0000 1.0000 0.0003 0.0041 0.0499 0.6099 1.0000 0.0001 0.0008 0.0096 0.1184 1.0000 1.0000 0.0002 0.0020 0.0249 0.3146 1.0000 1.0000 0.0004 0.0057 0.0729 0.9356 1.0000 0.0001 0.0014 0.0178 0.2303 1.0000 1.0000 0.0003 0.0043 0.0485 0.2330 0.0485 0.0043 0.0003 1.0000 1.0000 0.2303 0.0178 0.0014 0.0001 1.0000 0.9356 0.0729 0.0057 0.0004 1.0000 1.0000 0.3146 0.0249 0.0020 0.0002 1.0000 1.0000 0.1184 0.0096 0.0008 0.0001 1.0000 0.6099 0.0499 0.0041 0.0003 1.0000 1.0000 0.2739 0.0226 0.0019 0.0002 1.0000 1.0000 0.1256 0.0104 0.0009 0.0001 1.0000 0.6981 0.0576 0.0047 0.0004 1.0000 1.0000
1.0000 0.0004 0.0051 0.0618 0.7490 1.0000 0.0001 0.0009 0.0111 0.1347 1.0000 1.0000 0.0002 0.0020 0.0242 0.2938 1.0000 1.0000 0.0004 0.0044 0.0531 0.6457 1.0000 0.0001 0.0008 0.0100 0.1225 1.0000 1.0000 0.0002 0.0020 0.0249 0.3123 1.0000 1.0000 0.0004 0.0055 0.0703 0.8990 1.0000 0.0001 0.0013 0.0168 0.2172 1.0000 1.0000 0.0003 0.0041 0.0523 0.5894 1.0000 0.5894 0.0523 0.0041 0.0003 1.0000 1.0000 0.2172 0.0168 0.0013 0.0001 1.0000 0.8990 0.0703 0.0055 0.0004 1.0000 1.0000 0.3123 0.0249 0.0020 0.0002 1.0000 1.0000 0.1225 0.0100 0.0008 0.0001 1.0000 0.6457 0.0531 0.0044 0.0004 1.0000 1.0000 0.2938 0.0242 0.0020 0.0002 1.0000 1.0000 0.1347 0.0111 0.0009 0.0001 1.0000 0.7490 0.0618 0.0051 0.0004 1.0000
0.0004 0.0055 0.0663 0.8036 1.0000 0.0001 0.0010 0.0119 0.1445 1.0000 1.0000 0.0002 0.0021 0.0260 0.3152 1.0000 1.0000 0.0004 0.0047 0.0567 0.6888 1.0000 0.0001 0.0009 0.0104 0.1280 1.0000 1.0000 0.0002 0.0020 0.0252 0.3146 1.0000 1.0000 0.0004 0.0054 0.0685 0.8704 1.0000 0.0001 0.0012 0.0160 0.2063 1.0000 1.0000 0.0003 0.0039 0.0505 0.6347 1.0000 1.0000 1.0000 0.6347 0.0505 0.0039 0.0003 1.0000 1.0000 0.2063 0.0160 0.0012 0.0001 1.0000 0.8704 0.0685 0.0054 0.0004 1.0000 1.0000 0.3146 0.0252 0.0020 0.0002 1.0000 1.0000 0.1280 0.0104 0.0009 0.0001 1.0000 0.6888 0.0567 0.0047 0.0004 1.0000 1.0000 0.3152 0.0260 0.0021 0.0002 1.0000 1.0000 0.1445 0.0119 0.0010 0.0001 1.0000 0.8036 0.0663 0.0055 0.0004
0.0056 0.0711 0.8621 1.0000 0.0001 0.0011 0.0128 0.1551 1.0000 1.0000 0.0002 0.0023 0.0279 0.3382 1.0000 1.0000 0.0004 0.0050 0.0607 0.7362 1.0000 0.0001 0.0009 0.0110 0.1347 1.0000 1.0000 0.0002 0.0021 0.0259 0.3213 1.0000 1.0000 0.0004 0.0054 0.0676 0.8524 1.0000 0.0001 0.0012 0.0154 0.1975 1.0000 1.0000 0.0003 0.0037 0.0479 0.6157 1.0000 0.0001 0.0003 0.0001 1.0000 0.6157 0.0479 0.0037 0.0003 1.0000 1.0000 0.1975 0.0154 0.0012 0.0001 1.0000 0.8524 0.0676 0.0054 0.0004 1.0000 1.0000 0.3213 0.0259 0.0021 0.0002 1.0000 1.0000 0.1347 0.0110 0.0009 0.0001 1.0000 0.7362 0.0607 0.0050 0.0004 1.0000 1.0000 0.3382 0.0279 0.0023 0.0002 1.0000 1.0000 0.1551 0.0128 0.0011 0.0001 1.0000 0.8621 0.0711 0.0056
0.0722 0.9250 1.0000 0.0001 0.0011 0.0137 0.1664 1.0000 1.0000 0.0002 0.0025 0.0299 0.3629 1.0000 1.0000 0.0004 0.0054 0.0652 0.7899 1.0000 0.0001 0.0010 0.0118 0.1432 1.0000 1.0000 0.0002 0.0022 0.0270 0.3319 1.0000 1.0000 0.0004 0.0054 0.0676 0.8475 1.0000 0.0001 0.0012 0.0149 0.1904 1.0000 1.0000 0.0003 0.0035 0.0455 0.5849 1.0000 0.0001 0.0007 0.0035 0.0007 0.0001 1.0000 0.5849 0.0455 0.0035 0.0003 1.0000 1.0000 0.1904 0.0149 0.0012 0.0001 1.0000 0.8475 0.0676 0.0054 0.0004 1.0000 1.0000 0.3319 0.0270 0.0022 0.0002 1.0000 1.0000 0.1432 0.0118 0.0010 0.0001 1.0000 0.7899 0.0652 0.0054 0.0004 1.0000 1.0000 0.3629 0.0299 0.0025 0.0002 1.0000 1.0000 0.1664 0.0137 0.0011 0.0001 1.0000 0.9250 0.0722
0.9392 1.0000 0.0001 0.0012 0.0147 0.1785 1.0000 1.0000 0.0002 0.0026 0.0321 0.3893 1.0000 1.0000 0.0005 0.0058 0.0699 0.8459 1.0000 0.0001 0.0010 0.0126 0.1527 1.0000 1.0000 0.0002 0.0023 0.0283 0.3467 1.0000 1.0000 0.0004 0.0055 0.0685 0.8524 1.0000 0.0001 0.0012 0.0146 0.1858 1.0000 1.0000 0.0003 0.0034 0.0435 0.5577 1.0000 0.0001 0.0008 0.0089 0.0426 0.0089 0.0008 0.0001 1.0000 0.5577 0.0435 0.0034 0.0003 1.0000 1.0000 0.1858 0.0146 0.0012 0.0001 1.0000 0.8524 0.0685 0.0055 0.0004 1.0000 1.0000 0.3467 0.0283 0.0023 0.0002 1.0000 1.0000 0.1527 0.0126 0.0010 0.0001 1.0000 0.8459 0.0699 0.0058 0.0005 1.0000 1.0000 0.3893 0.0321 0.0026 0.0002 1.0000 1.0000 0.1785 0.0147 0.0012 0.0001 1.0000 0.9392
1.0000 0.0001 0.0013 0.0158 0.1915 1.0000 1.0000 0.0002 0.0028 0.0345 0.4177 1.0000 1.0000 0.0005 0.0062 0.0750 0.9076 1.0000 0.0001 0.0011 0.0134 0.1633 1.0000 1.0000 0.0002 0.0024 0.0298 0.3643 1.0000 1.0000 0.0005 0.0057 0.0703 0.8704 1.0000 0.0001 0.0012 0.0145 0.1833 1.0000 1.0000 0.0003 0.0033 0.0418 0.5349 1.0000 0.0001 0.0008 0.0097 0.1085 0.5198 0.1085 0.0097 0.0008 0.0001 1.0000 0.5349 0.0418 0.0033 0.0003 1.0000 1.0000 0.1833 0.0145 0.0012 0.0001 1.0000 0.8704 0.0703 0.0057 0.0005 1.0000 1.0000 0.3643 0.0298 0.0024 0.0002 1.0000 1.0000 0.1633 0.0134 0.0011 0.0001 1.0000 0.9076 0.0750 0.0062 0.0005 1.0000 1.0000 0.4177 0.0345 0.0028 0.0002 1.0000 1.0000 0.1915 0.0158 0.0013 0.0001 1.0000
0.0001 0.0014 0.0170 0.2055 1.0000 1.0000 0.0003 0.0030 0.0370 0.4482 1.0000 1.0000 0.0005 0.0066 0.0803 0.9737 1.0000 0.0001 0.0012 0.0144 0.1748 1.0000 1.0000 0.0002 0.0026 0.0317 0.3857 1.0000 1.0000 0.0005 0.0059 0.0729 0.8990 1.0000 0.0001 0.0012 0.0146 0.1833 1.0000 1.0000 0.0003 0.0032 0.0405 0.5159 1.0000 0.0001 0.0007 0.0095 0.1182 1.0000 1.0000 1.0000 0.1182 0.0095 0.0007 0.0001 1.0000 0.5159 0.0405 0.0032 0.0003 1.0000 1.0000 0.1833 0.0146 0.0012 0.0001 1.0000 0.8990 0.0729 0.0059 0.0005 1.0000 1.0000 0.3857 0.0317 0.0026 0.0002 1.0000 1.0000 0.1748 0.0144 0.0012 0.0001 1.0000 0.9737 0.0803 0.0066 0.0005 1.0000 1.0000 0.4482 0.0370 0.0030 0.0003 1.0000 1.0000 0.2055 0.0170 0.0014 0.0001
0.0014 0.0182 0.2205 1.0000 1.0000 0.0003 0.0033 0.0397 0.4809 1.0000 1.0000 0.0006 0.0071 0.0862 1.0000 1.0000 0.0001 0.0013 0.0155 0.1872 1.0000 1.0000 0.0002 0.0028 0.0339 0.4114 1.0000 1.0000 0.0005 0.0062 0.0763 0.9356 1.0000 0.0001 0.0012 0.0149 0.1858 1.0000 1.0000 0.0002 0.0031 0.0397 0.5033 1.0000 0.0001 0.0007 0.0091 0.1164 1.0000 1.0000 1.0000 1.0000 1.0000 0.1164 0.0091 0.0007 0.0001 1.0000 0.5033 0.0397 0.0031 0.0002 1.0000 1.0000 0.1858 0.0149 0.0012 0.0001 1.0000 0.9356 0.0763 0.0062 0.0005 1.0000 1.0000 0.4114 0.0339 0.0028 0.0002 1.0000 1.0000 0.1872 0.0155 0.0013 0.0001 1.0000 1.0000 0.0862 0.0071 0.0006 1.0000 1.0000 0.4809 0.0397 0.0033 0.0003 1.0000 1.0000 0.2205 0.0182 0.0014
0.0185 0.2366 1.0000 1.0000 0.0003 0.0035 0.0426 0.5159 1.0000 0.0001 0.0006 0.0076 0.0925 1.0000 1.0000 0.0001 0.0014 0.0166 0.2009 1.0000 1.0000 0.0002 0.0030 0.0362 0.4397 1.0000 1.0000 0.0005 0.0066 0.0805 0.9830 1.0000 0.0001 0.0012 0.0154 0.1904 1.0000 1.0000 0.0003 0.0031 0.0395 0.4967 1.0000 0.0001 0.0007 0.0088 0.1129 1.0000 1.0000 0.0001 0.0007 0.0001 1.0000 1.0000 0.1129 0.0088 0.0007 0.0001 1.0000 0.4967 0.0395 0.0031 0.0003 1.0000 1.0000 0.1904 0.0154 0.0012 0.0001 1.0000 0.9830 0.0805 0.0066 0.0005 1.0000 1.0000 0.4397 0.0362 0.0030 0.0002 1.0000 1.0000 0.2009 0.0166 0.0014 0.0001 1.0000 1.0000 0.0925 0.0076 0.0006 0.0001 1.0000 0.5159 0.0426 0.0035 0.0003 1.0000 1.0000 0.2366 0.0185
0.2402 1.0000 1.0000 0.0003 0.0038 0.0457 0.5525 1.0000 0.0001 0.0007 0.0082 0.0992 1.0000 1.0000 0.0001 0.0015 0.0178 0.2155 1.0000 1.0000 0.0003 0.0032 0.0387 0.4700 1.0000 1.0000 0.0006 0.0070 0.0855 1.0000 1.0000 0.0001 0.0013 0.0160 0.1975 1.0000 1.0000 0.0003 0.0032 0.0397 0.4967 1.0000 0.0001 0.0007 0.0086 0.1097 1.0000 1.0000 0.0002 0.0017 0.0081 0.0017 0.0002 1.0000 1.0000 0.1097 0.0086 0.0007 0.0001 1.0000 0.4967 0.0397 0.0032 0.0003 1.0000 1.0000 0.1975 0.0160 0.0013 0.0001 1.0000 1.0000 0.0855 0.0070 0.0006 1.0000 1.0000 0.4700 0.0387 0.0032 0.0003 1.0000 1.0000 0.2155 0.0178 0.0015 0.0001 1.0000 1.0000 0.0992 0.0082 0.0007 0.0001 1.0000 0.5525 0.0457 0.0038 0.0003 1.0000 1.0000 0.2402
1.0000 1.0000 0.0003 0.0040 0.0490 0.5927 1.0000 0.0001 0.0007 0.0088 0.1064 1.0000 1.0000 0.0001 0.0016 0.0191 0.2308 1.0000 1.0000 0.0003 0.0034 0.0414 0.5024 1.0000 1.0000 0.0006 0.0075 0.0912 1.0000 1.0000 0.0001 0.0014 0.0168 0.2063 1.0000 1.0000 0.0003 0.0033 0.0405 0.5033 1.0000 0.0001 0.0007 0.0085 0.1078 1.0000 1.0000 0.0002 0.0019 0.0208 0.0994 0.0208 0.0019 0.0002 1.0000 1.0000 0.1078 0.0085 0.0007 0.0001 1.0000 0.5033 0.0405 0.0033 0.0003 1.0000 1.0000 0.2063 0.0168 0.0014 0.0001 1.0000 1.0000 0.0912 0.0075 0.0006 1.0000 1.0000 0.5024 0.0414 0.0034 0.0003 1.0000 1.0000 0.2308 0.0191 0.0016 0.0001 1.0000 1.0000 0.1064 0.0088 0.0007 0.0001 1.0000 0.5927 0.0490 0.0040 0.0003 1.0000 1.0000
1.0000 0.0004 0.0043 0.0526 0.6360 1.0000 0.0001 0.0008 0.0094 0.1140 1.0000 1.0000 0.0001 0.0017 0.0204 0.2476 1.0000 1.0000 0.0003 0.0037 0.0445 0.5390 1.0000 0.0001 0.0007 0.0080 0.0975 1.0000 1.0000 0.0001 0.0015 0.0178 0.2172 1.0000 1.0000 0.0003 0.0034 0.0418 0.5159 1.0000 0.0001 0.0007 0.0085 0.1070 1.0000 1.0000 0.0001 0.0019 0.0231 0.2572 1.0000 0.2572 0.0231 0.0019 0.0001 1.0000 1.0000 0.1070 0.0085 0.0007 0.0001 1.0000 0.5159 0.0418 0.0034 0.0003 1.0000 1.0000 0.2172 0.0178 0.0015 0.0001 1.0000 1.0000 0.0975 0.0080 0.0007 0.0001 1.0000 0.5390 0.0445 0.0037 0.0003 1.0000 1.0000 0.2476 0.0204 0.0017 0.0001 1.0000 1.0000 0.1140 0.0094 0.0008 0.0001 1.0000 0.6360 0.0526 0.0043 0.0004 1.0000
0.0004 0.0047 0.0563 0.6823 1.0000 0.0001 0.0008 0.0101 0.1223 1.0000 1.0000 0.0001 0.0018 0.0219 0.2657 1.0000 1.0000 0.0003 0.0039 0.0476 0.5772 1.0000 0.0001 0.0007 0.0086 0.1042 1.0000 1.0000 0.0001 0.0016 0.0189 0.2303 1.0000 1.0000 0.0003 0.0035 0.0435 0.5349 1.0000 0.0001 0.0007 0.0086 0.1078 1.0000 1.0000 0.0001 0.0018 0.0232 0.2867 1.0000 1.0000 1.0000 0.2867 0.0232 0.0018 0.0001 1.0000 1.0000 0.1078 0.0086 0.0007 0.0001 1.0000 0.5349 0.0435 0.0035 0.0003 1.0000 1.0000 0.2303 0.0189 0.0016 0.0001 1.0000 1.0000 0.1042 0.0086 0.0007 0.0001 1.0000 0.5772 0.0476 0.0039 0.0003 1.0000 1.0000 0.2657 0.0219 0.0018 0.0001 1.0000 1.0000 0.1223 0.0101 0.0008 0.0001 1.0000 0.6823 0.0563 0.0047 0.0004
0.0047 0.0604 0.7321 1.0000 0.0001 0.0009 0.0108 0.1312 1.0000 1.0000 0.0002 0.0019 0.0235 0.2850 1.0000 1.0000 0.0003 0.0042 0.0511 0.6192 1.0000 0.0001 0.0008 0.0092 0.1114 1.0000 1.0000 0.0001 0.0017 0.0202 0.2453 1.0000 1.0000 0.0003 0.0037 0.0455 0.5577 1.0000 0.0001 0.0007 0.0088 0.1097 1.0000 1.0000 0.0001 0.0018 0.0231 0.2899 1.0000 1.0000 0.0001 1.0000 1.0000 0.2899 0.0231 0.0018 0.0001 1.0000 1.0000 0.1097 0.0088 0.0007 0.0001 1.0000 0.5577 0.0455 0.0037 0.0003 1.0000 1.0000 0.2453 0.0202 0.0017 0.0001 1.0000 1.0000 0.1114 0.0092 0.0008 0.0001 1.0000 0.6192 0.0511 0.0042 0.0003 1.0000 1.0000 0.2850 0.0235 0.0019 0.0002 1.0000 1.0000 0.1312 0.0108 0.0009 0.0001 1.0000 0.7321 0.0604 0.0047
0.0612 0.7839 1.0000 0.0001 0.0010 0.0116 0.1405 1.0000 1.0000 0.0002 0.0021 0.0252 0.3052 1.0000 1.0000 0.0004 0.0045 0.0547 0.6631 1.0000 0.0001 0.0008 0.0098 0.1191 1.0000 1.0000 0.0001 0.0018 0.0215 0.2611 1.0000 1.0000 0.0003 0.0039 0.0479 0.5849 1.0000 0.0001 0.0007 0.0091 0.1129 1.0000 1.0000 0.0001 0.0018 0.0231 0.2899 1.0000 1.0000 0.0003 0.0016 0.0003 1.0000 1.0000 0.2899 0.0231 0.0018 0.0001 1.0000 1.0000 0.1129 0.0091 0.0007 0.0001 1.0000 0.5849 0.0479 0.0039 0.0003 1.0000 1.0000 0.2611 0.0215 0.0018 0.0001 1.0000 1.0000 0.1191 0.0098 0.0008 0.0001 1.0000 0.6631 0.0547 0.0045 0.0004 1.0000 1.0000 0.3052 0.0252 0.0021 0.0002 1.0000 1.0000 0.1405 0.0116 0.0010 0.0001 1.0000 0.7839 0.0612
0.7899 1.0000 0.0001 0.0010 0.0124 0.1499 1.0000 1.0000 0.0002 0.0022 0.0269 0.3250 1.0000 1.0000 0.0004 0.0048 0.0583 0.7061 1.0000 0.0001 0.0009 0.0105 0.1268 1.0000 1.0000 0.0002 0.0019 0.0228 0.2770 1.0000 1.0000 0.0003 0.0041 0.0505 0.6157 1.0000 0.0001 0.0008 0.0095 0.1164 1.0000 1.0000 0.0002 0.0019 0.0232 0.2899 1.0000 1.0000 0.0004 0.0042 0.0199 0.0042 0.0004 1.0000 1.0000 0.2899 0.0232 0.0019 0.0002 1.0000 1.0000 0.1164 0.0095 0.0008 0.0001 1.0000 0.6157 0.0505 0.0041 0.0003 1.0000 1.0000 0.2770 0.0228 0.0019 0.0002 1.0000 1.0000 0.1268 0.0105 0.0009 0.0001 1.0000 0.7061 0.0583 0.0048 0.0004 1.0000 1.0000 0.3250 0.0269 0.0022 0.0002 1.0000 1.0000 0.1499 0.0124 0.0010 0.0001 1.0000 0.7899
1.0000 0.0001 0.0011 0.0129 0.1560 1.0000 1.0000 0.0002 0.0023 0.0280 0.3389 1.0000 1.0000 0.0004 0.0050 0.0607 0.7362 1.0000 0.0001 0.0009 0.0109 0.1319 1.0000 1.0000 0.0002 0.0020 0.0237 0.2883 1.0000 1.0000 0.0004 0.0043 0.0523 0.6347 1.0000 0.0001 0.0008 0.0097 0.1182 1.0000 1.0000 0.0002 0.0019 0.0231 0.2867 1.0000 1.0000 0.0004 0.0046 0.0512 0.2429 0.0512 0.0046 0.0004 1.0000 1.0000 0.2867 0.0231 0.0019 0.0002 1.0000 1.0000 0.1182 0.0097 0.0008 0.0001 1.0000 0.6347 0.0523 0.0043 0.0004 1.0000 1.0000 0.2883 0.0237 0.0020 0.0002 1.0000 1.0000 0.1319 0.0109 0.0009 0.0001 1.0000 0.7362 0.0607 0.0050 0.0004 1.0000 1.0000 0.3389 0.0280 0.0023 0.0002 1.0000 1.0000 0.1560 0.0129 0.0011 0.0001 1.0000
0.0001 0.0010 0.0120 0.1454 1.0000 1.0000 0.0002 0.0022 0.0261 0.3164 1.0000 1.0000 0.0004 0.0047 0.0567 0.6875 1.0000 0.0001 0.0008 0.0102 0.1232 1.0000 1.0000 0.0002 0.0018 0.0222 0.2687 1.0000 1.0000 0.0003 0.0040 0.0485 0.5894 1.0000 0.0001 0.0007 0.0089 0.1085 1.0000 1.0000 0.0001 0.0017 0.0208 0.2572 1.0000 1.0000 0.0003 0.0042 0.0512 0.5631 1.0000 0.5631 0.0512 0.0042 0.0003 1.0000 1.0000 0.2572 0.0208 0.0017 0.0001 1.0000 1.0000 0.1085 0.0089 0.0007 0.0001 1.0000 0.5894 0.0485 0.0040 0.0003 1.0000 1.0000 0.2687 0.0222 0.0018 0.0002 1.0000 1.0000 0.1232 0.0102 0.0008 0.0001 1.0000 0.6875 0.0567 0.0047 0.0004 1.0000 1.0000 0.3164 0.0261 0.0022 0.0002 1.0000 1.0000 0.1454 0.0120 0.0010 0.0001
0.0004 0.0048 0.0578 0.6994 1.0000 0.0001 0.0009 0.0104 0.1256 1.0000 1.0000 0.0002 0.0019 0.0225 0.2723 1.0000 1.0000 0.0003 0.0040 0.0489 0.5927 1.0000 0.0001 0.0007 0.0088 0.1066 1.0000 1.0000 0.0001 0.0016 0.0192 0.2330 1.0000 1.0000 0.0003 0.0035 0.0426 0.5198 1.0000 1.0000 0.0007 0.0081 0.0994 1.0000 1.0000 0.0001 0.0016 0.0199 0.2429 1.0000 1.0000 1.0000 0.2429 0.0199 0.0016 0.0001 1.0000 1.0000 0.0994 0.0081 0.0007 1.0000 1.0000 0.5198 0.0426 0.0035 0.0003 1.0000 1.0000 0.2330 0.0192 0.0016 0.0001 1.0000 1.0000 0.1066 0.0088 0.0007 0.0001 1.0000 0.5927 0.0489 0.0040 0.0003 1.0000 1.0000 0.2723 0.0225 0.0019 0.0002 1.0000 1.0000 0.1256 0.0104 0.0009 0.0001 1.0000 0.6994 0.0578 0.0048 0.0004
0.0001 0.0010 0.0120 0.1454 1.0000 1.0000 0.0002 0.0022 0.0261 0.3164 1.0000 1.0000 0.0004 0.0047 0.0567 0.6875 1.0000 0.0001 0.0008 0.0102 0.1232 1.0000 1.0000 0.0002 0.0018 0.0222 0.2687 1.0000 1.0000 0.0003 0.0040 0.0485 0.5894 1.0000 0.0001 0.0007 0.0089 0.1085 1.0000 1.0000 0.0001 0.0017 0.0208 0.2572 1.0000 1.0000 0.0003 0.0042 0.0512 0.5631 1.0000 0.5631 0.0512 0.0042 0.0003 1.0000 1.0000 0.2572 0.0208 0.0017 0.0001 1.0000 1.0000 0.1085 0.0089 0.0007 0.0001 1.0000 0.5894 0.0485 0.0040 0.0003 1.0000 1.0000 0.2687 0.0222 0.0018 0.0002 1.0000 1.0000 0.1232 0.0102 0.0008 0.0001 1.0000 0.6875 0.0567 0.0047 0.0004 1.0000 1.0000 0.3164 0.0261 0.0022 0.0002 1.0000 1.0000 0.1454 0.0120 0.0010 0.0001
1.0000 0.0001 0.0011 0.0129 0.1560 1.0000 1.0000 0.0002 0.0023 0.0280 0.3389 1.0000 1.0000 0.0004 0.0050 0.0607 0.7362 1.0000 0.0001 0.0009 0.0109 0.1319 1.0000 1.0000 0.0002 0.0020 0.0237 0.2883 1.0000 1.0000 0.0004 0.0043 0.0523 0.6347 1.0000 0.0001 0.0008 0.0097 0.1182 1.0000 1.0000 0.0002 0.0019 0.0231 0.2867 1.0000 1.0000 0.0004 0.0046 0.0512 0.2429 0.0512 0.0046 0.0004 1.0000 1.0000 0.2867 0.0231 0.0019 0.0002 1.0000 1.0000 0.1182 0.0097 0.0008 0.0001 1.0000 0.6347 0.0523 0.0043 0.0004 1.0000 1.0000 0.2883 0.0237 0.0020 0.0002 1.0000 1.0000 0.1319 0.0109 0.0009 0.0001 1.0000 0.7362 0.0607 0.0050 0.0004 1.0000 1.0000 0.3389 0.0280 0.0023 0.0002 1.0000 1.0000 0.1560 0.0129 0.0011 0.0001 1.0000
0.7899 1.0000 0.0001 0.0010 0.0124 0.1499 1.0000 1.0000 0.0002 0.0022 0.0269 0.3250 1.0000 1.0000 0.0004 0.0048 0.0583 0.7061 1.0000 0.0001 0.0009 0.0105 0.1268 1.0000 1.0000 0.0002 0.0019 0.0228 0.2770 1.0000 1.0000 0.0003 0.0041 0.0505 0.6157 1.0000 0.0001 0.0008 0.0095 0.1164 1.0000 1.0000 0.0002 0.0019 0.0232 0.2899 1.0000 1.0000 0.0004 0.0042 0.0199 0.0042 0.0004 1.0000 1.0000 0.2899 0.0232 0.0019 0.0002 1.0000 1.0000 0.1164 0.0095 0.0008 0.0001 1.0000 0.6157 0.0505 0.0041 0.0003 1.0000 1.0000 0.2770 0.0228 0.0019 0.0002 1.0000 1.0000 0.1268 0.0105 0.0009 0.0001 1.0000 0.7061 0.0583 0.0048 0.0004 1.0000 1.0000 0.3250 0.0269 0.0022 0.0002 1.0000 1.0000 0.1499 0.0124 0.0010 0.0001 1.0000 0.7899
0.0612 0.7839 1.0000 0.0001 0.0010 0.0116 0.1405 1.0000 1.0000 0.0002 0.0021 0.0252 0.3052 1.0000 1.0000 0.0004 0.0045 0.0547 0.6631 1.0000 0.0001 0.0008 0.0098 0.1191 1.0000 1.0000 0.0001 0.0018 0.0215 0.2611 1.0000 1.0000 0.0003 0.0039 0.0479 0.5849 1.0000 0.0001 0.0007 0.0091 0.1129 1.0000 1.0000 0.0001 0.0018 0.0231 0.2899 1.0000 1.0000 0.0003 0.0016 0.0003 1.0000 1.0000 0.2899 0.0231 0.0018 0.0001 1.0000 1.0000 0.1129 0.0091 0.0007 0.0001 1.0000 0.5849 0.0479 0.0039 0.0003 1.0000 1.0000 0.2611 0.0215 0.0018 0.0001 1.0000 1.0000 0.1191 0.0098 0.0008 0.0001 1.0000 0.6631 0.0547 0.0045 0.0004 1.0000 1.0000 0.3052 0.0252 0.0021 0.0002 1.0000 1.0000 0.1405 0.0116 0.0010 0.0001 1.0000 0.7839 0.0612
0.0047 0.0604 0.7321 1.0000 0.0001 0.0009 0.0108 0.1312 1.0000 1.0000 0.0002 0.0019 0.0235 0.2850 1.0000 1.0000 0.0003 0.0042 0.0511 0.6192 1.0000 0.0001 0.0008 0.0092 0.1114 1.0000 1.0000 0.0001 0.0017 0.0202 0.2453 1.0000 1.0000 0.0003 0.0037 0.0455 0.5577 1.0000 0.0001 0.0007 0.0088 0.1097 1.0000 1.0000 0.0001 0.0018 0.0231 0.2899 1.0000 1.0000 0.0001 1.0000 1.0000 0.2899 0.0231 0.0018 0.0001 1.0000 1.0000 0.1097 0.0088 0.0007 0.0001 1.0000 0.5577 0.0455 0.0037 0.0003 1.0000 1.0000 0.2453 0.0202 0.0017 0.0001 1.0000 1.0000 0.1114 0.0092 0.0008 0.0001 1.0000 0.6192 0.0511 0.0042 0.0003 1.0000 1.0000 0.2850 0.0235 0.0019 0.0002 1.0000 1.0000 0.1312 0.0108 0.0009 0.0001 1.0000 0.7321 0.0604 0.0047
