0.2161 0.3784 0.5068 0.2993 0.1460 0.1712 0.2754 0.4866 0.4475 0.1698 0.1494 0.2078 0.3647 0.5100 0.3216 0.1469 0.1675 0.2653 0.4740 0.4598 0.1783 0.1479 0.2013 0.3493 0.5124 0.3467 0.1485 0.1628 0.2504 0.4462 0.4828 0.2267 0.1447 0.1705 0.2451 0.3566 0.4293 0.4405 0.4410 0.4410 0.4410 0.4410 0.4410 0.4410 0.4410 0.4410 0.4410 0.4410 0.4410 0.4410 0.4410 0.4410 0.4410 0.4410 0.4410 0.4410 0.4410 0.4410 0.4410 0.4410 0.4410 0.4410 0.4410 0.4405 0.4293 0.3566 0.2451 0.1705 0.1447 0.2267 0.4828 0.4462 0.2504 0.1628 0.1485 0.3467 0.5124 0.3493 0.2013 0.1479 0.1783 0.4598 0.4740 0.2653 0.1675 0.1469 0.3216 0.5100 0.3647 0.2078 0.1494 0.1698 0.4475 0.4866 0.2754 0.1712 0.1460 0.2993 0.5068 0.3784 0.2161
0.3784 0.5077 0.3020 0.1380 0.1650 0.2713 0.4864 0.4505 0.1650 0.1418 0.2024 0.3618 0.5115 0.3266 0.1390 0.1610 0.2609 0.4732 0.4625 0.1751 0.1401 0.1958 0.3466 0.5137 0.3504 0.1407 0.1566 0.2476 0.4497 0.4811 0.2140 0.1369 0.1724 0.2717 0.4445 0.5096 0.4794 0.4711 0.4707 0.4707 0.4707 0.4707 0.4707 0.4707 0.4707 0.4707 0.4707 0.4707 0.4707 0.4707 0.4707 0.4707 0.4707 0.4707 0.4707 0.4707 0.4707 0.4707 0.4707 0.4707 0.4707 0.4707 0.4707 0.4711 0.4794 0.5096 0.4445 0.2717 0.1724 0.1369 0.2140 0.4811 0.4497 0.2476 0.1566 0.1407 0.3504 0.5137 0.3466 0.1958 0.1401 0.1751 0.4625 0.4732 0.2609 0.1610 0.1390 0.3266 0.5115 0.3618 0.2024 0.1418 0.1650 0.4505 0.4864 0.2713 0.1650 0.1380 0.3020 0.5077 0.3784
0.5068 0.3020 0.1381 0.1640 0.2680 0.4820 0.4551 0.1685 0.1411 0.1997 0.3557 0.5125 0.3359 0.1395 0.1595 0.2568 0.4673 0.4670 0.1803 0.1395 0.1933 0.3408 0.5140 0.3584 0.1414 0.1555 0.2450 0.4462 0.4821 0.2132 0.1371 0.1760 0.2873 0.4825 0.4822 0.3298 0.1971 0.1795 0.1789 0.1789 0.1789 0.1789 0.1789 0.1789 0.1789 0.1789 0.1789 0.1789 0.1789 0.1789 0.1789 0.1789 0.1789 0.1789 0.1789 0.1789 0.1789 0.1789 0.1789 0.1789 0.1789 0.1789 0.1789 0.1795 0.1971 0.3298 0.4822 0.4825 0.2873 0.1760 0.1371 0.2132 0.4821 0.4462 0.2450 0.1555 0.1414 0.3584 0.5140 0.3408 0.1933 0.1395 0.1803 0.4670 0.4673 0.2568 0.1595 0.1395 0.3359 0.5125 0.3557 0.1997 0.1411 0.1685 0.4551 0.4820 0.2680 0.1640 0.1381 0.3020 0.5068
0.2993 0.1380 0.1640 0.2668 0.4792 0.4585 0.1718 0.1405 0.1973 0.3499 0.5132 0.3447 0.1401 0.1580 0.2528 0.4612 0.4713 0.1863 0.1390 0.1908 0.3350 0.5143 0.3664 0.1422 0.1544 0.2420 0.4417 0.4840 0.2158 0.1372 0.1777 0.2955 0.4975 0.4575 0.2150 0.1374 0.1358 0.1367 0.1368 0.1368 0.1368 0.1368 0.1368 0.1368 0.1368 0.1368 0.1368 0.1368 0.1368 0.1368 0.1368 0.1368 0.1368 0.1368 0.1368 0.1368 0.1368 0.1368 0.1368 0.1368 0.1368 0.1368 0.1368 0.1367 0.1358 0.1374 0.2150 0.4575 0.4975 0.2955 0.1777 0.1372 0.2158 0.4840 0.4417 0.2420 0.1544 0.1422 0.3664 0.5143 0.3350 0.1908 0.1390 0.1863 0.4713 0.4612 0.2528 0.1580 0.1401 0.3447 0.5132 0.3499 0.1973 0.1405 0.1718 0.4585 0.4792 0.2668 0.1640 0.1380 0.2993
0.1460 0.1650 0.2680 0.4792 0.4597 0.1739 0.1401 0.1954 0.3451 0.5138 0.3527 0.1408 0.1567 0.2490 0.4549 0.4754 0.1931 0.1385 0.1884 0.3294 0.5142 0.3743 0.1431 0.1532 0.2388 0.4364 0.4864 0.2206 0.1373 0.1780 0.2992 0.5032 0.4411 0.1736 0.1361 0.1556 0.1806 0.1876 0.1881 0.1881 0.1881 0.1881 0.1881 0.1881 0.1881 0.1881 0.1881 0.1881 0.1881 0.1881 0.1881 0.1881 0.1881 0.1881 0.1881 0.1881 0.1881 0.1881 0.1881 0.1881 0.1881 0.1881 0.1881 0.1876 0.1806 0.1556 0.1361 0.1736 0.4411 0.5032 0.2992 0.1780 0.1373 0.2206 0.4864 0.4364 0.2388 0.1532 0.1431 0.3743 0.5142 0.3294 0.1884 0.1385 0.1931 0.4754 0.4549 0.2490 0.1567 0.1408 0.3527 0.5138 0.3451 0.1954 0.1401 0.1739 0.4597 0.4792 0.2680 0.1650 0.1460
0.1712 0.2713 0.4820 0.4585 0.1739 0.1400 0.1943 0.3417 0.5141 0.3594 0.1415 0.1554 0.2454 0.4487 0.4791 0.2004 0.1381 0.1861 0.3239 0.5139 0.3820 0.1441 0.1520 0.2355 0.4305 0.4890 0.2271 0.1372 0.1776 0.2998 0.5053 0.4318 0.1618 0.1388 0.1762 0.2495 0.3216 0.3423 0.3437 0.3437 0.3437 0.3437 0.3437 0.3437 0.3437 0.3437 0.3437 0.3437 0.3437 0.3437 0.3437 0.3437 0.3437 0.3437 0.3437 0.3437 0.3437 0.3437 0.3437 0.3437 0.3437 0.3437 0.3437 0.3423 0.3216 0.2495 0.1762 0.1388 0.1618 0.4318 0.5053 0.2998 0.1776 0.1372 0.2271 0.4890 0.4305 0.2355 0.1520 0.1441 0.3820 0.5139 0.3239 0.1861 0.1381 0.2004 0.4791 0.4487 0.2454 0.1554 0.1415 0.3594 0.5141 0.3417 0.1943 0.1400 0.1739 0.4585 0.4820 0.2713 0.1712
0.2754 0.4864 0.4551 0.1718 0.1401 0.1943 0.3405 0.5142 0.3638 0.1420 0.1545 0.2424 0.4430 0.4825 0.2081 0.1378 0.1839 0.3187 0.5133 0.3894 0.1452 0.1509 0.2322 0.4244 0.4917 0.2347 0.1371 0.1766 0.2986 0.5057 0.4277 0.1576 0.1411 0.1900 0.3000 0.4581 0.5119 0.5103 0.5100 0.5100 0.5100 0.5100 0.5100 0.5100 0.5100 0.5100 0.5100 0.5100 0.5100 0.5100 0.5100 0.5100 0.5100 0.5100 0.5100 0.5100 0.5100 0.5100 0.5100 0.5100 0.5100 0.5100 0.5100 0.5103 0.5119 0.4581 0.3000 0.1900 0.1411 0.1576 0.4277 0.5057 0.2986 0.1766 0.1371 0.2347 0.4917 0.4244 0.2322 0.1509 0.1452 0.3894 0.5133 0.3187 0.1839 0.1378 0.2081 0.4825 0.4430 0.2424 0.1545 0.1420 0.3638 0.5142 0.3405 0.1943 0.1401 0.1718 0.4551 0.4864 0.2754
0.4866 0.4505 0.1685 0.1405 0.1954 0.3417 0.5142 0.3654 0.1424 0.1538 0.2401 0.4384 0.4852 0.2155 0.1376 0.1819 0.3137 0.5124 0.3964 0.1464 0.1498 0.2289 0.4180 0.4944 0.2433 0.1371 0.1752 0.2961 0.5050 0.4271 0.1561 0.1424 0.1983 0.3305 0.5061 0.4718 0.3672 0.3228 0.3196 0.3195 0.3195 0.3195 0.3195 0.3195 0.3195 0.3195 0.3195 0.3195 0.3195 0.3195 0.3195 0.3195 0.3195 0.3195 0.3195 0.3195 0.3195 0.3195 0.3195 0.3195 0.3195 0.3195 0.3196 0.3228 0.3672 0.4718 0.5061 0.3305 0.1983 0.1424 0.1561 0.4271 0.5050 0.2961 0.1752 0.1371 0.2433 0.4944 0.4180 0.2289 0.1498 0.1464 0.3964 0.5124 0.3137 0.1819 0.1376 0.2155 0.4852 0.4384 0.2401 0.1538 0.1424 0.3654 0.5142 0.3417 0.1954 0.1405 0.1685 0.4505 0.4866
0.4475 0.1650 0.1411 0.1973 0.3451 0.5141 0.3638 0.1424 0.1536 0.2389 0.4353 0.4872 0.2216 0.1374 0.1801 0.3091 0.5113 0.4031 0.1477 0.1487 0.2257 0.4116 0.4970 0.2523 0.1371 0.1737 0.2928 0.5036 0.4287 0.1560 0.1431 0.2028 0.3482 0.5133 0.4211 0.1898 0.1402 0.1372 0.1370 0.1370 0.1370 0.1370 0.1370 0.1370 0.1370 0.1370 0.1370 0.1370 0.1370 0.1370 0.1370 0.1370 0.1370 0.1370 0.1370 0.1370 0.1370 0.1370 0.1370 0.1370 0.1370 0.1370 0.1370 0.1372 0.1402 0.1898 0.4211 0.5133 0.3482 0.2028 0.1431 0.1560 0.4287 0.5036 0.2928 0.1737 0.1371 0.2523 0.4970 0.4116 0.2257 0.1487 0.1477 0.4031 0.5113 0.3091 0.1801 0.1374 0.2216 0.4872 0.4353 0.2389 0.1536 0.1424 0.3638 0.5141 0.3451 0.1973 0.1411 0.1650 0.4475
0.1698 0.1418 0.1997 0.3499 0.5138 0.3594 0.1420 0.1538 0.2389 0.4341 0.4882 0.2257 0.1373 0.1787 0.3053 0.5100 0.4089 0.1490 0.1478 0.2226 0.4053 0.4994 0.2616 0.1371 0.1720 0.2890 0.5015 0.4318 0.1567 0.1432 0.2048 0.3576 0.5133 0.3843 0.1521 0.1367 0.1502 0.1571 0.1578 0.1579 0.1579 0.1579 0.1579 0.1579 0.1579 0.1579 0.1579 0.1579 0.1579 0.1579 0.1579 0.1579 0.1579 0.1579 0.1579 0.1579 0.1579 0.1579 0.1579 0.1579 0.1579 0.1579 0.1578 0.1571 0.1502 0.1367 0.1521 0.3843 0.5133 0.3576 0.2048 0.1432 0.1567 0.4318 0.5015 0.2890 0.1720 0.1371 0.2616 0.4994 0.4053 0.2226 0.1478 0.1490 0.4089 0.5100 0.3053 0.1787 0.1373 0.2257 0.4882 0.4341 0.2389 0.1538 0.1420 0.3594 0.5138 0.3499 0.1997 0.1418 0.1698
0.1494 0.2024 0.3557 0.5132 0.3527 0.1415 0.1545 0.2401 0.4353 0.4882 0.2272 0.1373 0.1779 0.3026 0.5088 0.4137 0.1503 0.1469 0.2199 0.3994 0.5015 0.2709 0.1372 0.1704 0.2850 0.4988 0.4358 0.1580 0.1431 0.2052 0.3617 0.5126 0.3616 0.1445 0.1433 0.1830 0.2366 0.2605 0.2629 0.2630 0.2630 0.2630 0.2630 0.2630 0.2630 0.2630 0.2630 0.2630 0.2630 0.2630 0.2630 0.2630 0.2630 0.2630 0.2630 0.2630 0.2630 0.2630 0.2630 0.2630 0.2630 0.2630 0.2629 0.2605 0.2366 0.1830 0.1433 0.1445 0.3616 0.5126 0.3617 0.2052 0.1431 0.1580 0.4358 0.4988 0.2850 0.1704 0.1372 0.2709 0.5015 0.3994 0.2199 0.1469 0.1503 0.4137 0.5088 0.3026 0.1779 0.1373 0.2272 0.4882 0.4353 0.2401 0.1545 0.1415 0.3527 0.5132 0.3557 0.2024 0.1494
0.2078 0.3618 0.5125 0.3447 0.1408 0.1554 0.2424 0.4384 0.4872 0.2257 0.1373 0.1776 0.3012 0.5080 0.4171 0.1514 0.1463 0.2175 0.3941 0.5034 0.2796 0.1374 0.1688 0.2809 0.4956 0.4402 0.1598 0.1427 0.2045 0.3623 0.5122 0.3493 0.1419 0.1487 0.2084 0.3198 0.4423 0.4834 0.4865 0.4866 0.4866 0.4866 0.4866 0.4866 0.4866 0.4866 0.4866 0.4866 0.4866 0.4866 0.4866 0.4866 0.4866 0.4866 0.4866 0.4866 0.4866 0.4866 0.4866 0.4866 0.4866 0.4866 0.4865 0.4834 0.4423 0.3198 0.2084 0.1487 0.1419 0.3493 0.5122 0.3623 0.2045 0.1427 0.1598 0.4402 0.4956 0.2809 0.1688 0.1374 0.2796 0.5034 0.3941 0.2175 0.1463 0.1514 0.4171 0.5080 0.3012 0.1776 0.1373 0.2257 0.4872 0.4384 0.2424 0.1554 0.1408 0.3447 0.5125 0.3618 0.2078
0.3647 0.5115 0.3359 0.1401 0.1567 0.2454 0.4430 0.4852 0.2216 0.1373 0.1779 0.3012 0.5077 0.4188 0.1521 0.1458 0.2156 0.3897 0.5049 0.2874 0.1375 0.1673 0.2771 0.4920 0.4447 0.1621 0.1422 0.2032 0.3607 0.5122 0.3440 0.1408 0.1522 0.2245 0.3737 0.5118 0.4779 0.4415 0.4371 0.4370 0.4370 0.4370 0.4370 0.4370 0.4370 0.4370 0.4370 0.4370 0.4370 0.4370 0.4370 0.4370 0.4370 0.4370 0.4370 0.4370 0.4370 0.4370 0.4370 0.4370 0.4370 0.4370 0.4371 0.4415 0.4779 0.5118 0.3737 0.2245 0.1522 0.1408 0.3440 0.5122 0.3607 0.2032 0.1422 0.1621 0.4447 0.4920 0.2771 0.1673 0.1375 0.2874 0.5049 0.3897 0.2156 0.1458 0.1521 0.4188 0.5077 0.3012 0.1779 0.1373 0.2216 0.4852 0.4430 0.2454 0.1567 0.1401 0.3359 0.5115 0.3647
0.5100 0.3266 0.1395 0.1580 0.2490 0.4487 0.4825 0.2155 0.1374 0.1787 0.3026 0.5080 0.4188 0.1523 0.1455 0.2145 0.3865 0.5060 0.2939 0.1377 0.1660 0.2736 0.4883 0.4491 0.1646 0.1417 0.2015 0.3577 0.5125 0.3433 0.1405 0.1542 0.2341 0.4054 0.5086 0.3901 0.1980 0.1567 0.1548 0.1548 0.1548 0.1548 0.1548 0.1548 0.1548 0.1548 0.1548 0.1548 0.1548 0.1548 0.1548 0.1548 0.1548 0.1548 0.1548 0.1548 0.1548 0.1548 0.1548 0.1548 0.1548 0.1548 0.1548 0.1567 0.1980 0.3901 0.5086 0.4054 0.2341 0.1542 0.1405 0.3433 0.5125 0.3577 0.2015 0.1417 0.1646 0.4491 0.4883 0.2736 0.1660 0.1377 0.2939 0.5060 0.3865 0.2145 0.1455 0.1523 0.4188 0.5080 0.3026 0.1787 0.1374 0.2155 0.4825 0.4487 0.2490 0.1580 0.1395 0.3266 0.5100
0.3216 0.1390 0.1595 0.2528 0.4549 0.4791 0.2081 0.1376 0.1801 0.3053 0.5088 0.4171 0.1521 0.1455 0.2141 0.3848 0.5067 0.2986 0.1379 0.1650 0.2706 0.4847 0.4530 0.1673 0.1412 0.1996 0.3540 0.5129 0.3456 0.1405 0.1551 0.2393 0.4231 0.5003 0.3195 0.1441 0.1360 0.1400 0.1407 0.1408 0.1408 0.1408 0.1408 0.1408 0.1408 0.1408 0.1408 0.1408 0.1408 0.1408 0.1408 0.1408 0.1408 0.1408 0.1408 0.1408 0.1408 0.1408 0.1408 0.1408 0.1408 0.1408 0.1407 0.1400 0.1360 0.1441 0.3195 0.5003 0.4231 0.2393 0.1551 0.1405 0.3456 0.5129 0.3540 0.1996 0.1412 0.1673 0.4530 0.4847 0.2706 0.1650 0.1379 0.2986 0.5067 0.3848 0.2141 0.1455 0.1521 0.4171 0.5088 0.3053 0.1801 0.1376 0.2081 0.4791 0.4549 0.2528 0.1595 0.1390 0.3216
0.1469 0.1610 0.2568 0.4612 0.4754 0.2004 0.1378 0.1819 0.3091 0.5100 0.4137 0.1514 0.1458 0.2145 0.3848 0.5069 0.3009 0.1380 0.1642 0.2683 0.4816 0.4563 0.1700 0.1407 0.1977 0.3500 0.5133 0.3497 0.1408 0.1553 0.2416 0.4323 0.4940 0.2753 0.1378 0.1474 0.1806 0.2032 0.2065 0.2067 0.2067 0.2067 0.2067 0.2067 0.2067 0.2067 0.2067 0.2067 0.2067 0.2067 0.2067 0.2067 0.2067 0.2067 0.2067 0.2067 0.2067 0.2067 0.2067 0.2067 0.2067 0.2067 0.2065 0.2032 0.1806 0.1474 0.1378 0.2753 0.4940 0.4323 0.2416 0.1553 0.1408 0.3497 0.5133 0.3500 0.1977 0.1407 0.1700 0.4563 0.4816 0.2683 0.1642 0.1380 0.3009 0.5069 0.3848 0.2145 0.1458 0.1514 0.4137 0.5100 0.3091 0.1819 0.1378 0.2004 0.4754 0.4612 0.2568 0.1610 0.1469
0.1675 0.2609 0.4673 0.4713 0.1931 0.1381 0.1839 0.3137 0.5113 0.4089 0.1503 0.1463 0.2156 0.3865 0.5067 0.3009 0.1380 0.1638 0.2668 0.4792 0.4588 0.1725 0.1403 0.1961 0.3461 0.5137 0.3544 0.1412 0.1551 0.2421 0.4363 0.4902 0.2506 0.1367 0.1583 0.2236 0.3181 0.3784 0.3873 0.3877 0.3877 0.3877 0.3877 0.3877 0.3877 0.3877 0.3877 0.3877 0.3877 0.3877 0.3877 0.3877 0.3877 0.3877 0.3877 0.3877 0.3877 0.3877 0.3877 0.3877 0.3877 0.3877 0.3873 0.3784 0.3181 0.2236 0.1583 0.1367 0.2506 0.4902 0.4363 0.2421 0.1551 0.1412 0.3544 0.5137 0.3461 0.1961 0.1403 0.1725 0.4588 0.4792 0.2668 0.1638 0.1380 0.3009 0.5067 0.3865 0.2156 0.1463 0.1503 0.4089 0.5113 0.3137 0.1839 0.1381 0.1931 0.4713 0.4673 0.2609 0.1675
0.2653 0.4732 0.4670 0.1863 0.1385 0.1861 0.3187 0.5124 0.4031 0.1490 0.1469 0.2175 0.3897 0.5060 0.2986 0.1380 0.1638 0.2663 0.4780 0.4603 0.1745 0.1400 0.1947 0.3427 0.5140 0.3593 0.1416 0.1547 0.2414 0.4372 0.4885 0.2379 0.1366 0.1657 0.2531 0.4087 0.5117 0.5023 0.4988 0.4986 0.4986 0.4986 0.4986 0.4986 0.4986 0.4986 0.4986 0.4986 0.4986 0.4986 0.4986 0.4986 0.4986 0.4986 0.4986 0.4986 0.4986 0.4986 0.4986 0.4986 0.4986 0.4986 0.4988 0.5023 0.5117 0.4087 0.2531 0.1657 0.1366 0.2379 0.4885 0.4372 0.2414 0.1547 0.1416 0.3593 0.5140 0.3427 0.1947 0.1400 0.1745 0.4603 0.4780 0.2663 0.1638 0.1380 0.2986 0.5060 0.3897 0.2175 0.1469 0.1490 0.4031 0.5124 0.3187 0.1861 0.1385 0.1863 0.4670 0.4732 0.2653
0.4740 0.4625 0.1803 0.1390 0.1884 0.3239 0.5133 0.3964 0.1477 0.1478 0.2199 0.3941 0.5049 0.2939 0.1379 0.1642 0.2668 0.4780 0.4608 0.1755 0.1398 0.1937 0.3400 0.5142 0.3637 0.1421 0.1541 0.2402 0.4362 0.4881 0.2324 0.1368 0.1704 0.2714 0.4585 0.4971 0.3826 0.2722 0.2521 0.2511 0.2511 0.2511 0.2511 0.2511 0.2511 0.2511 0.2511 0.2511 0.2511 0.2511 0.2511 0.2511 0.2511 0.2511 0.2511 0.2511 0.2511 0.2511 0.2511 0.2511 0.2511 0.2511 0.2521 0.2722 0.3826 0.4971 0.4585 0.2714 0.1704 0.1368 0.2324 0.4881 0.4362 0.2402 0.1541 0.1421 0.3637 0.5142 0.3400 0.1937 0.1398 0.1755 0.4608 0.4780 0.2668 0.1642 0.1379 0.2939 0.5049 0.3941 0.2199 0.1478 0.1477 0.3964 0.5133 0.3239 0.1884 0.1390 0.1803 0.4625 0.4740
0.4598 0.1751 0.1395 0.1908 0.3294 0.5139 0.3894 0.1464 0.1487 0.2226 0.3994 0.5034 0.2874 0.1377 0.1650 0.2683 0.4792 0.4603 0.1755 0.1397 0.1932 0.3383 0.5142 0.3672 0.1425 0.1535 0.2388 0.4342 0.4885 0.2310 0.1369 0.1730 0.2824 0.4827 0.4744 0.2612 0.1423 0.1354 0.1352 0.1352 0.1352 0.1352 0.1352 0.1352 0.1352 0.1352 0.1352 0.1352 0.1352 0.1352 0.1352 0.1352 0.1352 0.1352 0.1352 0.1352 0.1352 0.1352 0.1352 0.1352 0.1352 0.1352 0.1352 0.1354 0.1423 0.2612 0.4744 0.4827 0.2824 0.1730 0.1369 0.2310 0.4885 0.4342 0.2388 0.1535 0.1425 0.3672 0.5142 0.3383 0.1932 0.1397 0.1755 0.4603 0.4792 0.2683 0.1650 0.1377 0.2874 0.5034 0.3994 0.2226 0.1487 0.1464 0.3894 0.5139 0.3294 0.1908 0.1395 0.1751 0.4598
0.1783 0.1401 0.1933 0.3350 0.5142 0.3820 0.1452 0.1498 0.2257 0.4053 0.5015 0.2796 0.1375 0.1660 0.2706 0.4816 0.4588 0.1745 0.1398 0.1932 0.3377 0.5143 0.3695 0.1428 0.1531 0.2374 0.4320 0.4894 0.2317 0.1370 0.1743 0.2885 0.4939 0.4571 0.1963 0.1357 0.1482 0.1652 0.1691 0.1694 0.1694 0.1694 0.1694 0.1694 0.1694 0.1694 0.1694 0.1694 0.1694 0.1694 0.1694 0.1694 0.1694 0.1694 0.1694 0.1694 0.1694 0.1694 0.1694 0.1694 0.1694 0.1694 0.1691 0.1652 0.1482 0.1357 0.1963 0.4571 0.4939 0.2885 0.1743 0.1370 0.2317 0.4894 0.4320 0.2374 0.1531 0.1428 0.3695 0.5143 0.3377 0.1932 0.1398 0.1745 0.4588 0.4816 0.2706 0.1660 0.1375 0.2796 0.5015 0.4053 0.2257 0.1498 0.1452 0.3820 0.5142 0.3350 0.1933 0.1401 0.1783
0.1479 0.1958 0.3408 0.5143 0.3743 0.1441 0.1509 0.2289 0.4116 0.4994 0.2709 0.1374 0.1673 0.2736 0.4847 0.4563 0.1725 0.1400 0.1937 0.3383 0.5143 0.3703 0.1430 0.1528 0.2364 0.4300 0.4903 0.2337 0.1371 0.1749 0.2917 0.4990 0.4455 0.1727 0.1372 0.1678 0.2285 0.2819 0.2943 0.2951 0.2951 0.2951 0.2951 0.2951 0.2951 0.2951 0.2951 0.2951 0.2951 0.2951 0.2951 0.2951 0.2951 0.2951 0.2951 0.2951 0.2951 0.2951 0.2951 0.2951 0.2951 0.2951 0.2943 0.2819 0.2285 0.1678 0.1372 0.1727 0.4455 0.4990 0.2917 0.1749 0.1371 0.2337 0.4903 0.4300 0.2364 0.1528 0.1430 0.3703 0.5143 0.3383 0.1937 0.1400 0.1725 0.4563 0.4847 0.2736 0.1673 0.1374 0.2709 0.4994 0.4116 0.2289 0.1509 0.1441 0.3743 0.5143 0.3408 0.1958 0.1479
0.2013 0.3466 0.5140 0.3664 0.1431 0.1520 0.2322 0.4180 0.4970 0.2616 0.1372 0.1688 0.2771 0.4883 0.4530 0.1700 0.1403 0.1947 0.3400 0.5142 0.3695 0.1430 0.1527 0.2359 0.4286 0.4909 0.2357 0.1371 0.1750 0.2931 0.5014 0.4384 0.1641 0.1393 0.1823 0.2801 0.4230 0.5011 0.5079 0.5081 0.5081 0.5081 0.5081 0.5081 0.5081 0.5081 0.5081 0.5081 0.5081 0.5081 0.5081 0.5081 0.5081 0.5081 0.5081 0.5081 0.5081 0.5081 0.5081 0.5081 0.5081 0.5081 0.5079 0.5011 0.4230 0.2801 0.1823 0.1393 0.1641 0.4384 0.5014 0.2931 0.1750 0.1371 0.2357 0.4909 0.4286 0.2359 0.1527 0.1430 0.3695 0.5142 0.3400 0.1947 0.1403 0.1700 0.4530 0.4883 0.2771 0.1688 0.1372 0.2616 0.4970 0.4180 0.2322 0.1520 0.1431 0.3664 0.5140 0.3466 0.2013
0.3493 0.5137 0.3584 0.1422 0.1532 0.2355 0.4244 0.4944 0.2523 0.1371 0.1704 0.2809 0.4920 0.4491 0.1673 0.1407 0.1961 0.3427 0.5142 0.3672 0.1428 0.1528 0.2359 0.4282 0.4913 0.2372 0.1371 0.1749 0.2935 0.5025 0.4345 0.1603 0.1409 0.1918 0.3136 0.4937 0.4896 0.4192 0.3951 0.3937 0.3936 0.3936 0.3936 0.3936 0.3936 0.3936 0.3936 0.3936 0.3936 0.3936 0.3936 0.3936 0.3936 0.3936 0.3936 0.3936 0.3936 0.3936 0.3936 0.3936 0.3936 0.3937 0.3951 0.4192 0.4896 0.4937 0.3136 0.1918 0.1409 0.1603 0.4345 0.5025 0.2935 0.1749 0.1371 0.2372 0.4913 0.4282 0.2359 0.1528 0.1428 0.3672 0.5142 0.3427 0.1961 0.1407 0.1673 0.4491 0.4920 0.2809 0.1704 0.1371 0.2523 0.4944 0.4244 0.2355 0.1532 0.1422 0.3584 0.5137 0.3493
0.5124 0.3504 0.1414 0.1544 0.2388 0.4305 0.4917 0.2433 0.1371 0.1720 0.2850 0.4956 0.4447 0.1646 0.1412 0.1977 0.3461 0.5140 0.3637 0.1425 0.1531 0.2364 0.4286 0.4913 0.2377 0.1371 0.1748 0.2934 0.5028 0.4326 0.1585 0.1419 0.1977 0.3345 0.5110 0.4424 0.2320 0.1492 0.1442 0.1440 0.1440 0.1440 0.1440 0.1440 0.1440 0.1440 0.1440 0.1440 0.1440 0.1440 0.1440 0.1440 0.1440 0.1440 0.1440 0.1440 0.1440 0.1440 0.1440 0.1440 0.1440 0.1440 0.1442 0.1492 0.2320 0.4424 0.5110 0.3345 0.1977 0.1419 0.1585 0.4326 0.5028 0.2934 0.1748 0.1371 0.2377 0.4913 0.4286 0.2364 0.1531 0.1425 0.3637 0.5140 0.3461 0.1977 0.1412 0.1646 0.4447 0.4956 0.2850 0.1720 0.1371 0.2433 0.4917 0.4305 0.2388 0.1544 0.1414 0.3504 0.5124
0.3467 0.1407 0.1555 0.2420 0.4364 0.4890 0.2347 0.1371 0.1737 0.2890 0.4988 0.4402 0.1621 0.1417 0.1996 0.3500 0.5137 0.3593 0.1421 0.1535 0.2374 0.4300 0.4909 0.2372 0.1371 0.1747 0.2933 0.5029 0.4317 0.1576 0.1426 0.2014 0.3475 0.5137 0.4041 0.1607 0.1355 0.1427 0.1461 0.1464 0.1465 0.1465 0.1465 0.1465 0.1465 0.1465 0.1465 0.1465 0.1465 0.1465 0.1465 0.1465 0.1465 0.1465 0.1465 0.1465 0.1465 0.1465 0.1465 0.1465 0.1465 0.1464 0.1461 0.1427 0.1355 0.1607 0.4041 0.5137 0.3475 0.2014 0.1426 0.1576 0.4317 0.5029 0.2933 0.1747 0.1371 0.2372 0.4909 0.4300 0.2374 0.1535 0.1421 0.3593 0.5137 0.3500 0.1996 0.1417 0.1621 0.4402 0.4988 0.2890 0.1737 0.1371 0.2347 0.4890 0.4364 0.2420 0.1555 0.1407 0.3467
0.1485 0.1566 0.2450 0.4417 0.4864 0.2270 0.1371 0.1752 0.2928 0.5015 0.4358 0.1598 0.1422 0.2015 0.3540 0.5133 0.3544 0.1416 0.1541 0.2388 0.4320 0.4903 0.2357 0.1371 0.1748 0.2933 0.5029 0.4314 0.1573 0.1429 0.2034 0.3552 0.5135 0.3777 0.1479 0.1406 0.1727 0.2121 0.2256 0.2267 0.2267 0.2267 0.2267 0.2267 0.2267 0.2267 0.2267 0.2267 0.2267 0.2267 0.2267 0.2267 0.2267 0.2267 0.2267 0.2267 0.2267 0.2267 0.2267 0.2267 0.2267 0.2267 0.2256 0.2121 0.1727 0.1406 0.1479 0.3777 0.5135 0.3552 0.2034 0.1429 0.1573 0.4314 0.5029 0.2933 0.1748 0.1371 0.2357 0.4903 0.4320 0.2388 0.1541 0.1416 0.3544 0.5133 0.3540 0.2015 0.1422 0.1598 0.4358 0.5015 0.2928 0.1752 0.1371 0.2271 0.4864 0.4417 0.2450 0.1566 0.1485
0.1628 0.2476 0.4462 0.4840 0.2205 0.1372 0.1766 0.2961 0.5036 0.4318 0.1580 0.1427 0.2032 0.3577 0.5129 0.3497 0.1412 0.1547 0.2402 0.4342 0.4894 0.2337 0.1371 0.1749 0.2934 0.5029 0.4314 0.1572 0.1430 0.2045 0.3595 0.5129 0.3610 0.1437 0.1460 0.1988 0.2950 0.3939 0.4256 0.4279 0.4280 0.4280 0.4280 0.4280 0.4280 0.4280 0.4280 0.4280 0.4280 0.4280 0.4280 0.4280 0.4280 0.4280 0.4280 0.4280 0.4280 0.4280 0.4280 0.4280 0.4280 0.4279 0.4256 0.3939 0.2950 0.1988 0.1460 0.1437 0.3610 0.5129 0.3595 0.2045 0.1430 0.1572 0.4314 0.5029 0.2934 0.1749 0.1371 0.2337 0.4894 0.4342 0.2402 0.1547 0.1412 0.3497 0.5129 0.3577 0.2032 0.1427 0.1580 0.4318 0.5036 0.2961 0.1766 0.1372 0.2206 0.4840 0.4462 0.2476 0.1628
0.2504 0.4497 0.4821 0.2158 0.1373 0.1776 0.2986 0.5050 0.4287 0.1567 0.1431 0.2045 0.3607 0.5125 0.3456 0.1408 0.1551 0.2414 0.4362 0.4885 0.2317 0.1371 0.1750 0.2935 0.5028 0.4317 0.1573 0.1430 0.2048 0.3615 0.5124 0.3513 0.1419 0.1499 0.2162 0.3527 0.5044 0.4992 0.4840 0.4827 0.4826 0.4826 0.4826 0.4826 0.4826 0.4826 0.4826 0.4826 0.4826 0.4826 0.4826 0.4826 0.4826 0.4826 0.4826 0.4826 0.4826 0.4826 0.4826 0.4826 0.4826 0.4827 0.4840 0.4992 0.5044 0.3527 0.2162 0.1499 0.1419 0.3513 0.5124 0.3615 0.2048 0.1430 0.1573 0.4317 0.5028 0.2935 0.1750 0.1371 0.2317 0.4885 0.4362 0.2414 0.1551 0.1408 0.3456 0.5125 0.3607 0.2045 0.1431 0.1567 0.4287 0.5050 0.2986 0.1776 0.1373 0.2158 0.4821 0.4497 0.2504
0.4462 0.4811 0.2132 0.1372 0.1781 0.2998 0.5057 0.4271 0.1560 0.1432 0.2052 0.3623 0.5122 0.3433 0.1405 0.1553 0.2421 0.4372 0.4881 0.2309 0.1370 0.1749 0.2931 0.5025 0.4326 0.1576 0.1429 0.2045 0.3615 0.5123 0.3469 0.1411 0.1522 0.2269 0.3876 0.5121 0.4232 0.2687 0.2098 0.2058 0.2057 0.2057 0.2057 0.2057 0.2057 0.2057 0.2057 0.2057 0.2057 0.2057 0.2057 0.2057 0.2057 0.2057 0.2057 0.2057 0.2057 0.2057 0.2057 0.2057 0.2057 0.2058 0.2098 0.2687 0.4232 0.5121 0.3876 0.2269 0.1522 0.1411 0.3469 0.5123 0.3615 0.2045 0.1429 0.1576 0.4326 0.5025 0.2931 0.1749 0.1370 0.2310 0.4881 0.4372 0.2421 0.1553 0.1405 0.3433 0.5122 0.3623 0.2052 0.1432 0.1560 0.4271 0.5057 0.2998 0.1780 0.1372 0.2132 0.4811 0.4462
0.4828 0.2140 0.1371 0.1777 0.2992 0.5053 0.4277 0.1561 0.1431 0.2048 0.3617 0.5122 0.3440 0.1405 0.1551 0.2416 0.4363 0.4885 0.2324 0.1369 0.1743 0.2917 0.5014 0.4345 0.1585 0.1426 0.2035 0.3596 0.5124 0.3469 0.1409 0.1533 0.2327 0.4071 0.5062 0.3550 0.1527 0.1353 0.1351 0.1352 0.1352 0.1352 0.1352 0.1352 0.1352 0.1352 0.1352 0.1352 0.1352 0.1352 0.1352 0.1352 0.1352 0.1352 0.1352 0.1352 0.1352 0.1352 0.1352 0.1352 0.1352 0.1352 0.1351 0.1353 0.1527 0.3550 0.5062 0.4071 0.2327 0.1533 0.1409 0.3469 0.5124 0.3595 0.2034 0.1426 0.1585 0.4345 0.5014 0.2917 0.1743 0.1369 0.2324 0.4885 0.4363 0.2416 0.1551 0.1405 0.3440 0.5122 0.3617 0.2048 0.1431 0.1561 0.4277 0.5053 0.2992 0.1777 0.1371 0.2140 0.4828
0.2266 0.1369 0.1761 0.2955 0.5032 0.4318 0.1576 0.1424 0.2028 0.3577 0.5126 0.3493 0.1408 0.1542 0.2393 0.4323 0.4902 0.2379 0.1368 0.1730 0.2886 0.4990 0.4384 0.1603 0.1419 0.2014 0.3553 0.5129 0.3513 0.1411 0.1533 0.2345 0.4158 0.5013 0.3120 0.1407 0.1412 0.1617 0.1720 0.1730 0.1731 0.1731 0.1731 0.1731 0.1731 0.1731 0.1731 0.1731 0.1731 0.1731 0.1731 0.1731 0.1731 0.1731 0.1731 0.1731 0.1731 0.1731 0.1731 0.1731 0.1731 0.1730 0.1720 0.1617 0.1412 0.1407 0.3120 0.5013 0.4158 0.2345 0.1533 0.1411 0.3513 0.5129 0.3552 0.2014 0.1419 0.1603 0.4384 0.4990 0.2885 0.1730 0.1368 0.2379 0.4902 0.4323 0.2393 0.1542 0.1408 0.3493 0.5126 0.3576 0.2028 0.1424 0.1576 0.4318 0.5032 0.2955 0.1760 0.1369 0.2267
0.1447 0.1725 0.2873 0.4975 0.4410 0.1618 0.1411 0.1983 0.3483 0.5133 0.3615 0.1418 0.1522 0.2341 0.4232 0.4940 0.2506 0.1366 0.1704 0.2824 0.4939 0.4454 0.1640 0.1409 0.1977 0.3475 0.5135 0.3610 0.1419 0.1522 0.2327 0.4159 0.4996 0.2923 0.1380 0.1497 0.1986 0.2618 0.2903 0.2932 0.2933 0.2933 0.2933 0.2933 0.2933 0.2933 0.2933 0.2933 0.2932 0.2932 0.2932 0.2932 0.2932 0.2932 0.2932 0.2932 0.2932 0.2932 0.2932 0.2932 0.2932 0.2931 0.2902 0.2618 0.1986 0.1497 0.1380 0.2924 0.4996 0.4158 0.2327 0.1522 0.1419 0.3610 0.5135 0.3475 0.1977 0.1409 0.1641 0.4455 0.4939 0.2824 0.1704 0.1366 0.2506 0.4940 0.4231 0.2341 0.1522 0.1419 0.3616 0.5133 0.3482 0.1983 0.1411 0.1618 0.4411 0.4975 0.2873 0.1724 0.1447
0.1706 0.2719 0.4827 0.4573 0.1734 0.1388 0.1901 0.3308 0.5133 0.3840 0.1445 0.1488 0.2246 0.4055 0.5002 0.2752 0.1367 0.1658 0.2715 0.4828 0.4570 0.1726 0.1393 0.1918 0.3346 0.5137 0.3776 0.1437 0.1499 0.2270 0.4072 0.5013 0.2923 0.1375 0.1542 0.2215 0.3416 0.4624 0.4951 0.4971 0.4972 0.4972 0.4972 0.4972 0.4972 0.4972 0.4972 0.4971 0.4971 0.4971 0.4971 0.4971 0.4971 0.4971 0.4971 0.4971 0.4971 0.4970 0.4970 0.4970 0.4970 0.4970 0.4949 0.4622 0.3415 0.2215 0.1541 0.1375 0.2924 0.5013 0.4071 0.2269 0.1499 0.1437 0.3777 0.5137 0.3345 0.1918 0.1393 0.1727 0.4571 0.4827 0.2714 0.1657 0.1367 0.2753 0.5003 0.4054 0.2245 0.1487 0.1445 0.3843 0.5133 0.3305 0.1900 0.1388 0.1736 0.4575 0.4825 0.2717 0.1705
0.2457 0.4453 0.4818 0.2140 0.1362 0.1765 0.3006 0.5064 0.4205 0.1519 0.1434 0.2086 0.3742 0.5085 0.3188 0.1378 0.1584 0.2533 0.4589 0.4742 0.1959 0.1372 0.1824 0.3138 0.5110 0.4038 0.1479 0.1461 0.2164 0.3879 0.5061 0.3116 0.1380 0.1542 0.2289 0.3785 0.5106 0.4833 0.4571 0.4543 0.4542 0.4542 0.4542 0.4542 0.4542 0.4542 0.4542 0.4543 0.4543 0.4544 0.4544 0.4544 0.4545 0.4546 0.4546 0.4546 0.4546 0.4546 0.4546 0.4546 0.4546 0.4547 0.4575 0.4836 0.5106 0.3782 0.2288 0.1541 0.1380 0.3120 0.5062 0.3876 0.2162 0.1460 0.1479 0.4041 0.5110 0.3136 0.1823 0.1372 0.1963 0.4744 0.4585 0.2531 0.1583 0.1378 0.3195 0.5086 0.3737 0.2084 0.1433 0.1521 0.4211 0.5061 0.3000 0.1762 0.1361 0.2150 0.4822 0.4445 0.2451
0.3598 0.5091 0.3257 0.1372 0.1563 0.2512 0.4603 0.4705 0.1876 0.1369 0.1838 0.3214 0.5120 0.3883 0.1438 0.1477 0.2244 0.4101 0.4967 0.2594 0.1358 0.1682 0.2809 0.4943 0.4416 0.1602 0.1407 0.1992 0.3535 0.5120 0.3538 0.1406 0.1498 0.2219 0.3791 0.5115 0.4359 0.2988 0.2396 0.2347 0.2345 0.2345 0.2345 0.2346 0.2346 0.2347 0.2348 0.2351 0.2353 0.2357 0.2361 0.2365 0.2369 0.2373 0.2376 0.2377 0.2379 0.2380 0.2380 0.2381 0.2381 0.2382 0.2430 0.3016 0.4369 0.5115 0.3782 0.2215 0.1497 0.1407 0.3550 0.5121 0.3527 0.1988 0.1406 0.1607 0.4424 0.4937 0.2801 0.1678 0.1357 0.2612 0.4971 0.4087 0.2236 0.1474 0.1441 0.3901 0.5118 0.3198 0.1830 0.1367 0.1898 0.4718 0.4581 0.2495 0.1556 0.1374 0.3298 0.5096 0.3566
0.4410 0.4732 0.1859 0.1363 0.1841 0.3299 0.5119 0.3571 0.1392 0.1517 0.2409 0.4491 0.4743 0.1910 0.1364 0.1827 0.3228 0.5121 0.3773 0.1416 0.1491 0.2308 0.4269 0.4879 0.2268 0.1356 0.1739 0.2975 0.5055 0.4205 0.1519 0.1416 0.1999 0.3441 0.5109 0.4342 0.2301 0.1509 0.1457 0.1454 0.1454 0.1454 0.1454 0.1454 0.1455 0.1455 0.1456 0.1457 0.1459 0.1461 0.1463 0.1466 0.1468 0.1470 0.1472 0.1473 0.1474 0.1474 0.1475 0.1475 0.1475 0.1475 0.1478 0.1533 0.2371 0.4369 0.5106 0.3415 0.1986 0.1412 0.1527 0.4232 0.5044 0.2950 0.1727 0.1355 0.2320 0.4896 0.4230 0.2285 0.1482 0.1423 0.3826 0.5117 0.3181 0.1806 0.1360 0.1980 0.4779 0.4423 0.2366 0.1502 0.1402 0.3672 0.5119 0.3216 0.1806 0.1358 0.1971 0.4794 0.4293
0.4615 0.4563 0.1650 0.1383 0.1959 0.3621 0.5064 0.2928 0.1359 0.1619 0.2739 0.4963 0.4252 0.1507 0.1422 0.2113 0.3959 0.4967 0.2483 0.1352 0.1695 0.2930 0.5064 0.4062 0.1461 0.1446 0.2183 0.4061 0.4952 0.2524 0.1351 0.1646 0.2689 0.4715 0.4783 0.2844 0.1485 0.1399 0.1394 0.1394 0.1394 0.1394 0.1394 0.1395 0.1395 0.1396 0.1397 0.1399 0.1401 0.1404 0.1408 0.1411 0.1415 0.1418 0.1421 0.1422 0.1424 0.1424 0.1425 0.1425 0.1425 0.1425 0.1426 0.1431 0.1533 0.3016 0.4836 0.4622 0.2618 0.1617 0.1353 0.2687 0.4992 0.3939 0.2121 0.1427 0.1492 0.4192 0.5011 0.2819 0.1652 0.1354 0.2722 0.5023 0.3784 0.2032 0.1400 0.1567 0.4415 0.4834 0.2605 0.1571 0.1372 0.3228 0.5103 0.3423 0.1876 0.1367 0.1795 0.4711 0.4405
0.4718 0.4474 0.1595 0.1395 0.2011 0.3747 0.5029 0.2714 0.1355 0.1657 0.2851 0.5040 0.4075 0.1464 0.1447 0.2213 0.4190 0.4858 0.2083 0.1355 0.1783 0.3184 0.5118 0.3605 0.1399 0.1511 0.2415 0.4544 0.4678 0.1794 0.1361 0.1809 0.3121 0.5064 0.4363 0.2026 0.1415 0.1381 0.1379 0.1379 0.1379 0.1379 0.1379 0.1379 0.1380 0.1381 0.1383 0.1385 0.1389 0.1393 0.1398 0.1403 0.1408 0.1412 0.1416 0.1418 0.1420 0.1421 0.1422 0.1422 0.1423 0.1423 0.1423 0.1426 0.1478 0.2430 0.4575 0.4949 0.2902 0.1720 0.1351 0.2098 0.4840 0.4256 0.2256 0.1461 0.1442 0.3951 0.5079 0.2943 0.1691 0.1352 0.2521 0.4988 0.3873 0.2065 0.1407 0.1548 0.4371 0.4865 0.2629 0.1578 0.1370 0.3196 0.5100 0.3437 0.1881 0.1368 0.1789 0.4707 0.4410
0.4828 0.4361 0.1544 0.1409 0.2071 0.3884 0.4984 0.2505 0.1353 0.1695 0.2955 0.5083 0.3927 0.1438 0.1468 0.2286 0.4335 0.4782 0.1911 0.1361 0.1833 0.3314 0.5115 0.3398 0.1382 0.1543 0.2516 0.4703 0.4554 0.1666 0.1373 0.1875 0.3285 0.5101 0.4182 0.1815 0.1392 0.1366 0.1365 0.1365 0.1365 0.1365 0.1365 0.1366 0.1367 0.1368 0.1370 0.1373 0.1378 0.1383 0.1389 0.1396 0.1402 0.1408 0.1413 0.1417 0.1419 0.1421 0.1422 0.1422 0.1422 0.1423 0.1423 0.1425 0.1475 0.2382 0.4547 0.4970 0.2931 0.1730 0.1352 0.2058 0.4827 0.4279 0.2267 0.1464 0.1440 0.3937 0.5081 0.2951 0.1694 0.1352 0.2511 0.4986 0.3877 0.2067 0.1408 0.1548 0.4370 0.4866 0.2630 0.1579 0.1370 0.3195 0.5100 0.3437 0.1881 0.1368 0.1789 0.4707 0.4410
0.4939 0.4208 0.1495 0.1429 0.2148 0.4054 0.4918 0.2259 0.1353 0.1744 0.3086 0.5111 0.3737 0.1412 0.1496 0.2376 0.4500 0.4684 0.1761 0.1370 0.1893 0.3462 0.5097 0.3169 0.1369 0.1579 0.2620 0.4838 0.4427 0.1588 0.1387 0.1938 0.3433 0.5110 0.4013 0.1685 0.1373 0.1353 0.1352 0.1352 0.1352 0.1352 0.1353 0.1353 0.1354 0.1355 0.1358 0.1361 0.1366 0.1373 0.1380 0.1389 0.1397 0.1404 0.1410 0.1415 0.1418 0.1420 0.1421 0.1422 0.1422 0.1423 0.1423 0.1425 0.1475 0.2381 0.4546 0.4970 0.2932 0.1731 0.1352 0.2057 0.4826 0.4280 0.2267 0.1465 0.1440 0.3936 0.5081 0.2951 0.1694 0.1352 0.2511 0.4986 0.3877 0.2067 0.1408 0.1548 0.4370 0.4866 0.2630 0.1579 0.1370 0.3195 0.5100 0.3437 0.1881 0.1368 0.1789 0.4707 0.4410
0.5031 0.4012 0.1452 0.1456 0.2245 0.4255 0.4825 0.1999 0.1358 0.1807 0.3248 0.5118 0.3493 0.1389 0.1532 0.2490 0.4682 0.4551 0.1641 0.1385 0.1967 0.3642 0.5059 0.2891 0.1359 0.1623 0.2747 0.4962 0.4264 0.1523 0.1406 0.2016 0.3609 0.5099 0.3802 0.1585 0.1356 0.1342 0.1342 0.1342 0.1342 0.1342 0.1342 0.1343 0.1343 0.1345 0.1347 0.1351 0.1356 0.1363 0.1372 0.1381 0.1391 0.1400 0.1407 0.1413 0.1417 0.1420 0.1421 0.1422 0.1422 0.1423 0.1423 0.1425 0.1475 0.2381 0.4546 0.4970 0.2932 0.1731 0.1352 0.2057 0.4826 0.4280 0.2267 0.1465 0.1440 0.3936 0.5081 0.2951 0.1694 0.1352 0.2511 0.4986 0.3877 0.2067 0.1408 0.1548 0.4370 0.4866 0.2630 0.1579 0.1370 0.3195 0.5100 0.3437 0.1881 0.1368 0.1789 0.4707 0.4410
0.5087 0.3773 0.1416 0.1491 0.2359 0.4470 0.4703 0.1784 0.1368 0.1882 0.3436 0.5101 0.3203 0.1370 0.1577 0.2622 0.4855 0.4385 0.1554 0.1406 0.2055 0.3847 0.4998 0.2573 0.1353 0.1678 0.2897 0.5054 0.4063 0.1470 0.1431 0.2108 0.3811 0.5066 0.3545 0.1509 0.1344 0.1336 0.1336 0.1336 0.1336 0.1336 0.1336 0.1336 0.1337 0.1338 0.1340 0.1343 0.1348 0.1355 0.1365 0.1375 0.1386 0.1396 0.1405 0.1411 0.1416 0.1419 0.1421 0.1422 0.1422 0.1422 0.1423 0.1425 0.1475 0.2381 0.4546 0.4970 0.2932 0.1731 0.1352 0.2057 0.4826 0.4280 0.2267 0.1465 0.1440 0.3936 0.5081 0.2951 0.1694 0.1352 0.2511 0.4986 0.3877 0.2067 0.1408 0.1548 0.4370 0.4866 0.2630 0.1579 0.1370 0.3195 0.5100 0.3437 0.1881 0.1368 0.1789 0.4707 0.4410
0.5105 0.3512 0.1390 0.1529 0.2481 0.4671 0.4559 0.1647 0.1384 0.1963 0.3634 0.5060 0.2894 0.1359 0.1626 0.2765 0.4986 0.4197 0.1493 0.1430 0.2151 0.4059 0.4917 0.2263 0.1353 0.1738 0.3058 0.5103 0.3837 0.1430 0.1460 0.2208 0.4020 0.5012 0.3264 0.1456 0.1337 0.1334 0.1335 0.1335 0.1335 0.1335 0.1335 0.1334 0.1334 0.1335 0.1336 0.1338 0.1342 0.1350 0.1359 0.1370 0.1382 0.1393 0.1402 0.1410 0.1415 0.1418 0.1420 0.1422 0.1422 0.1422 0.1423 0.1425 0.1475 0.2381 0.4546 0.4970 0.2932 0.1731 0.1352 0.2057 0.4826 0.4280 0.2267 0.1465 0.1440 0.3936 0.5081 0.2951 0.1694 0.1352 0.2511 0.4986 0.3877 0.2067 0.1408 0.1548 0.4370 0.4866 0.2630 0.1579 0.1370 0.3195 0.5100 0.3437 0.1881 0.1368 0.1789 0.4707 0.4410
0.5099 0.3284 0.1375 0.1564 0.2586 0.4815 0.4428 0.1572 0.1400 0.2034 0.3801 0.5012 0.2633 0.1354 0.1671 0.2889 0.5058 0.4023 0.1454 0.1454 0.2236 0.4236 0.4836 0.2031 0.1356 0.1792 0.3198 0.5118 0.3632 0.1405 0.1487 0.2296 0.4194 0.4953 0.3016 0.1422 0.1334 0.1336 0.1337 0.1337 0.1337 0.1337 0.1337 0.1336 0.1335 0.1335 0.1334 0.1336 0.1339 0.1346 0.1355 0.1367 0.1379 0.1391 0.1401 0.1409 0.1414 0.1418 0.1420 0.1421 0.1422 0.1422 0.1423 0.1425 0.1475 0.2381 0.4546 0.4970 0.2932 0.1731 0.1352 0.2057 0.4826 0.4280 0.2267 0.1465 0.1440 0.3936 0.5081 0.2951 0.1694 0.1352 0.2511 0.4986 0.3877 0.2067 0.1408 0.1548 0.4370 0.4866 0.2630 0.1579 0.1370 0.3195 0.5100 0.3437 0.1881 0.1368 0.1789 0.4707 0.4410
0.5092 0.3179 0.1369 0.1580 0.2635 0.4871 0.4364 0.1546 0.1408 0.2067 0.3878 0.4986 0.2516 0.1352 0.1692 0.2947 0.5080 0.3940 0.1440 0.1465 0.2276 0.4315 0.4795 0.1941 0.1359 0.1817 0.3263 0.5118 0.3535 0.1396 0.1500 0.2337 0.4273 0.4923 0.2900 0.1409 0.1334 0.1338 0.1339 0.1339 0.1339 0.1339 0.1338 0.1338 0.1337 0.1335 0.1334 0.1335 0.1338 0.1344 0.1353 0.1365 0.1377 0.1389 0.1400 0.1408 0.1414 0.1418 0.1420 0.1421 0.1422 0.1422 0.1423 0.1425 0.1475 0.2381 0.4546 0.4970 0.2932 0.1731 0.1352 0.2057 0.4826 0.4280 0.2267 0.1465 0.1440 0.3936 0.5081 0.2951 0.1694 0.1352 0.2511 0.4986 0.3877 0.2067 0.1408 0.1548 0.4370 0.4866 0.2630 0.1579 0.1370 0.3195 0.5100 0.3437 0.1881 0.1368 0.1789 0.4707 0.4410
0.5098 0.3262 0.1373 0.1567 0.2596 0.4827 0.4415 0.1567 0.1402 0.2041 0.3817 0.5007 0.2610 0.1353 0.1675 0.2900 0.5063 0.4007 0.1452 0.1456 0.2244 0.4251 0.4828 0.2014 0.1357 0.1796 0.3210 0.5118 0.3615 0.1403 0.1490 0.2303 0.4210 0.4947 0.2991 0.1418 0.1334 0.1337 0.1338 0.1338 0.1338 0.1338 0.1337 0.1337 0.1336 0.1335 0.1334 0.1335 0.1338 0.1345 0.1354 0.1365 0.1378 0.1390 0.1400 0.1408 0.1414 0.1418 0.1420 0.1421 0.1422 0.1422 0.1423 0.1425 0.1475 0.2381 0.4546 0.4970 0.2932 0.1731 0.1352 0.2057 0.4826 0.4280 0.2267 0.1465 0.1440 0.3936 0.5081 0.2951 0.1694 0.1352 0.2511 0.4986 0.3877 0.2067 0.1408 0.1548 0.4370 0.4866 0.2630 0.1579 0.1370 0.3195 0.5100 0.3437 0.1881 0.1368 0.1789 0.4707 0.4410
0.5105 0.3485 0.1388 0.1533 0.2493 0.4689 0.4545 0.1637 0.1386 0.1971 0.3653 0.5056 0.2865 0.1358 0.1631 0.2778 0.4996 0.4178 0.1488 0.1433 0.2160 0.4078 0.4909 0.2236 0.1353 0.1743 0.3071 0.5106 0.3817 0.1427 0.1462 0.2216 0.4038 0.5006 0.3232 0.1449 0.1336 0.1335 0.1335 0.1335 0.1335 0.1335 0.1335 0.1335 0.1335 0.1334 0.1335 0.1337 0.1341 0.1347 0.1357 0.1368 0.1380 0.1391 0.1401 0.1409 0.1414 0.1418 0.1420 0.1421 0.1422 0.1422 0.1423 0.1425 0.1475 0.2381 0.4546 0.4970 0.2932 0.1731 0.1352 0.2057 0.4826 0.4280 0.2267 0.1465 0.1440 0.3936 0.5081 0.2951 0.1694 0.1352 0.2511 0.4986 0.3877 0.2067 0.1408 0.1548 0.4370 0.4866 0.2630 0.1579 0.1370 0.3195 0.5100 0.3437 0.1881 0.1368 0.1789 0.4707 0.4410
0.5089 0.3753 0.1414 0.1493 0.2369 0.4486 0.4693 0.1772 0.1369 0.1888 0.3450 0.5099 0.3181 0.1369 0.1580 0.2632 0.4866 0.4372 0.1549 0.1407 0.2062 0.3861 0.4993 0.2553 0.1353 0.1681 0.2907 0.5059 0.4050 0.1467 0.1432 0.2114 0.3825 0.5063 0.3520 0.1502 0.1342 0.1335 0.1335 0.1335 0.1335 0.1335 0.1335 0.1335 0.1336 0.1337 0.1338 0.1341 0.1346 0.1353 0.1362 0.1372 0.1383 0.1394 0.1403 0.1410 0.1415 0.1418 0.1420 0.1422 0.1422 0.1422 0.1423 0.1425 0.1475 0.2381 0.4546 0.4970 0.2932 0.1731 0.1352 0.2057 0.4826 0.4280 0.2267 0.1465 0.1440 0.3936 0.5081 0.2951 0.1694 0.1352 0.2511 0.4986 0.3877 0.2067 0.1408 0.1548 0.4370 0.4866 0.2630 0.1579 0.1370 0.3195 0.5100 0.3437 0.1881 0.1368 0.1789 0.4707 0.4410
0.5034 0.4002 0.1450 0.1458 0.2250 0.4264 0.4820 0.1989 0.1358 0.1810 0.3255 0.5118 0.3482 0.1388 0.1534 0.2495 0.4690 0.4545 0.1637 0.1386 0.1970 0.3648 0.5057 0.2881 0.1358 0.1625 0.2751 0.4965 0.4260 0.1521 0.1406 0.2018 0.3615 0.5098 0.3788 0.1577 0.1354 0.1341 0.1340 0.1340 0.1340 0.1340 0.1341 0.1341 0.1342 0.1343 0.1345 0.1349 0.1354 0.1360 0.1369 0.1378 0.1388 0.1398 0.1406 0.1412 0.1416 0.1419 0.1421 0.1422 0.1422 0.1422 0.1423 0.1425 0.1475 0.2381 0.4546 0.4970 0.2932 0.1731 0.1352 0.2057 0.4826 0.4280 0.2267 0.1465 0.1440 0.3936 0.5081 0.2951 0.1694 0.1352 0.2511 0.4986 0.3877 0.2067 0.1408 0.1548 0.4370 0.4866 0.2630 0.1579 0.1370 0.3195 0.5100 0.3437 0.1881 0.1368 0.1789 0.4707 0.4410
0.4940 0.4208 0.1495 0.1429 0.2149 0.4055 0.4918 0.2257 0.1353 0.1745 0.3086 0.5111 0.3737 0.1412 0.1496 0.2377 0.4501 0.4683 0.1760 0.1370 0.1893 0.3461 0.5097 0.3172 0.1369 0.1578 0.2618 0.4836 0.4429 0.1588 0.1387 0.1938 0.3433 0.5110 0.4009 0.1679 0.1371 0.1351 0.1350 0.1350 0.1350 0.1350 0.1351 0.1351 0.1352 0.1353 0.1356 0.1359 0.1364 0.1370 0.1378 0.1386 0.1394 0.1402 0.1409 0.1414 0.1417 0.1420 0.1421 0.1422 0.1422 0.1423 0.1423 0.1425 0.1475 0.2381 0.4546 0.4970 0.2932 0.1731 0.1352 0.2057 0.4826 0.4280 0.2267 0.1465 0.1440 0.3936 0.5081 0.2951 0.1694 0.1352 0.2511 0.4986 0.3877 0.2067 0.1408 0.1548 0.4370 0.4866 0.2630 0.1579 0.1370 0.3195 0.5100 0.3437 0.1881 0.1368 0.1789 0.4707 0.4410
0.4824 0.4365 0.1546 0.1408 0.2068 0.3878 0.4986 0.2513 0.1353 0.1694 0.2951 0.5082 0.3933 0.1439 0.1468 0.2283 0.4330 0.4785 0.1916 0.1361 0.1832 0.3310 0.5115 0.3406 0.1383 0.1542 0.2512 0.4699 0.4558 0.1668 0.1373 0.1875 0.3284 0.5101 0.4179 0.1810 0.1390 0.1365 0.1364 0.1364 0.1364 0.1364 0.1364 0.1364 0.1365 0.1366 0.1368 0.1371 0.1376 0.1381 0.1387 0.1394 0.1401 0.1407 0.1412 0.1416 0.1419 0.1420 0.1421 0.1422 0.1422 0.1423 0.1423 0.1425 0.1475 0.2381 0.4546 0.4970 0.2932 0.1731 0.1352 0.2057 0.4826 0.4280 0.2267 0.1465 0.1440 0.3936 0.5081 0.2951 0.1694 0.1352 0.2511 0.4986 0.3877 0.2067 0.1408 0.1548 0.4370 0.4866 0.2630 0.1579 0.1370 0.3195 0.5100 0.3437 0.1881 0.1368 0.1789 0.4707 0.4410
0.4710 0.4481 0.1598 0.1394 0.2007 0.3739 0.5031 0.2726 0.1355 0.1656 0.2847 0.5038 0.4079 0.1465 0.1447 0.2212 0.4189 0.4857 0.2079 0.1356 0.1786 0.3192 0.5119 0.3583 0.1397 0.1516 0.2432 0.4575 0.4651 0.1756 0.1364 0.1827 0.3169 0.5079 0.4305 0.1955 0.1411 0.1380 0.1378 0.1378 0.1378 0.1378 0.1378 0.1378 0.1379 0.1380 0.1382 0.1384 0.1387 0.1392 0.1396 0.1401 0.1406 0.1411 0.1415 0.1418 0.1420 0.1421 0.1422 0.1422 0.1422 0.1423 0.1423 0.1425 0.1475 0.2381 0.4546 0.4970 0.2932 0.1731 0.1352 0.2057 0.4826 0.4280 0.2267 0.1465 0.1440 0.3936 0.5081 0.2951 0.1694 0.1352 0.2511 0.4986 0.3877 0.2067 0.1408 0.1548 0.4370 0.4866 0.2630 0.1579 0.1370 0.3195 0.5100 0.3437 0.1881 0.1368 0.1789 0.4707 0.4410
0.4615 0.4562 0.1648 0.1384 0.1963 0.3636 0.5060 0.2887 0.1359 0.1628 0.2771 0.4992 0.4183 0.1489 0.1433 0.2161 0.4082 0.4906 0.2219 0.1353 0.1753 0.3106 0.5113 0.3711 0.1410 0.1497 0.2373 0.4476 0.4717 0.1842 0.1359 0.1792 0.3085 0.5052 0.4394 0.2089 0.1430 0.1393 0.1391 0.1391 0.1391 0.1391 0.1391 0.1391 0.1392 0.1393 0.1394 0.1396 0.1398 0.1401 0.1404 0.1408 0.1412 0.1415 0.1417 0.1419 0.1421 0.1422 0.1422 0.1422 0.1423 0.1423 0.1423 0.1425 0.1475 0.2381 0.4546 0.4970 0.2932 0.1731 0.1352 0.2057 0.4826 0.4280 0.2267 0.1465 0.1440 0.3936 0.5081 0.2951 0.1694 0.1352 0.2511 0.4986 0.3877 0.2067 0.1408 0.1548 0.4370 0.4866 0.2630 0.1579 0.1370 0.3195 0.5100 0.3437 0.1881 0.1368 0.1789 0.4707 0.4410
0.4543 0.4617 0.1692 0.1378 0.1933 0.3562 0.5077 0.3001 0.1362 0.1609 0.2718 0.4951 0.4255 0.1509 0.1423 0.2125 0.4005 0.4938 0.2327 0.1352 0.1730 0.3046 0.5105 0.3800 0.1420 0.1484 0.2332 0.4402 0.4760 0.1916 0.1356 0.1768 0.3025 0.5026 0.4455 0.2195 0.1445 0.1404 0.1402 0.1402 0.1402 0.1402 0.1402 0.1402 0.1402 0.1403 0.1404 0.1405 0.1407 0.1409 0.1411 0.1413 0.1416 0.1418 0.1419 0.1421 0.1421 0.1422 0.1422 0.1422 0.1423 0.1423 0.1423 0.1425 0.1475 0.2381 0.4546 0.4970 0.2932 0.1731 0.1352 0.2057 0.4826 0.4280 0.2267 0.1465 0.1440 0.3936 0.5081 0.2951 0.1694 0.1352 0.2511 0.4986 0.3877 0.2067 0.1408 0.1548 0.4370 0.4866 0.2630 0.1579 0.1370 0.3195 0.5100 0.3437 0.1881 0.1368 0.1789 0.4707 0.4410
0.4493 0.4652 0.1726 0.1374 0.1912 0.3513 0.5087 0.3078 0.1365 0.1597 0.2682 0.4919 0.4302 0.1523 0.1417 0.2101 0.3953 0.4958 0.2402 0.1352 0.1715 0.3006 0.5097 0.3857 0.1428 0.1476 0.2305 0.4352 0.4788 0.1972 0.1354 0.1752 0.2986 0.5005 0.4493 0.2270 0.1457 0.1412 0.1410 0.1410 0.1410 0.1410 0.1410 0.1410 0.1410 0.1411 0.1411 0.1412 0.1413 0.1414 0.1416 0.1417 0.1418 0.1420 0.1421 0.1421 0.1422 0.1422 0.1422 0.1423 0.1423 0.1423 0.1423 0.1425 0.1475 0.2381 0.4546 0.4970 0.2932 0.1731 0.1352 0.2057 0.4826 0.4280 0.2267 0.1465 0.1440 0.3936 0.5081 0.2951 0.1694 0.1352 0.2511 0.4986 0.3877 0.2067 0.1408 0.1548 0.4370 0.4866 0.2630 0.1579 0.1370 0.3195 0.5100 0.3437 0.1881 0.1368 0.1789 0.4707 0.4410
