0.1542 0.1733 0.2811 0.4927 0.4401 0.1661 0.1503 0.2116 0.3732 0.5082 0.3083 0.1463 0.1697 0.2713 0.4819 0.4524 0.1727 0.1488 0.2053 0.3591 0.5110 0.3299 0.1473 0.1663 0.2619 0.4692 0.4636 0.1817 0.1475 0.1995 0.3455 0.5127 0.3505 0.1487 0.1631 0.2528 0.4551 0.4736 0.1943 0.1465 0.1940 0.3324 0.5131 0.3699 0.1505 0.1601 0.2441 0.4392 0.4843 0.2354 0.1476 0.2354 0.4843 0.4392 0.2441 0.1601 0.1505 0.3699 0.5131 0.3324 0.1940 0.1465 0.1943 0.4736 0.4551 0.2528 0.1631 0.1487 0.3505 0.5127 0.3455 0.1995 0.1475 0.1817 0.4636 0.4692 0.2619 0.1663 0.1473 0.3299 0.5110 0.3591 0.2053 0.1488 0.1727 0.4524 0.4819 0.2713 0.1697 0.1463 0.3083 0.5082 0.3732 0.2116 0.1503 0.1661 0.4401 0.4927 0.2811 0.1733 0.1542
0.1733 0.2792 0.4937 0.4426 0.1606 0.1428 0.2063 0.3706 0.5097 0.3134 0.1383 0.1633 0.2670 0.4813 0.4554 0.1686 0.1411 0.1998 0.3561 0.5124 0.3350 0.1395 0.1597 0.2574 0.4683 0.4663 0.1792 0.1396 0.1938 0.3423 0.5140 0.3553 0.1410 0.1564 0.2482 0.4538 0.4760 0.1940 0.1385 0.1882 0.3290 0.5143 0.3745 0.1430 0.1533 0.2394 0.4383 0.4851 0.2181 0.1362 0.1508 0.1362 0.2181 0.4851 0.4383 0.2394 0.1533 0.1430 0.3745 0.5143 0.3290 0.1882 0.1385 0.1940 0.4760 0.4538 0.2482 0.1564 0.1410 0.3553 0.5140 0.3423 0.1938 0.1396 0.1792 0.4663 0.4683 0.2574 0.1597 0.1395 0.3350 0.5124 0.3561 0.1998 0.1411 0.1686 0.4554 0.4813 0.2670 0.1633 0.1383 0.3134 0.5097 0.3706 0.2063 0.1428 0.1606 0.4426 0.4937 0.2792 0.1733
0.2811 0.4937 0.4446 0.1624 0.1423 0.2039 0.3648 0.5109 0.3227 0.1388 0.1617 0.2627 0.4757 0.4603 0.1728 0.1404 0.1971 0.3500 0.5132 0.3441 0.1401 0.1582 0.2533 0.4620 0.4707 0.1852 0.1391 0.1913 0.3364 0.5142 0.3639 0.1418 0.1550 0.2443 0.4472 0.4799 0.2017 0.1381 0.1858 0.3234 0.5139 0.3824 0.1441 0.1520 0.2358 0.4317 0.4881 0.2233 0.1371 0.1736 0.2328 0.1736 0.1371 0.2233 0.4881 0.4317 0.2358 0.1520 0.1441 0.3824 0.5139 0.3234 0.1858 0.1381 0.2017 0.4799 0.4472 0.2443 0.1550 0.1418 0.3639 0.5142 0.3364 0.1913 0.1391 0.1852 0.4707 0.4620 0.2533 0.1582 0.1401 0.3441 0.5132 0.3500 0.1971 0.1404 0.1728 0.4603 0.4757 0.2627 0.1617 0.1388 0.3227 0.5109 0.3648 0.2039 0.1423 0.1624 0.4446 0.4937 0.2811
0.4927 0.4426 0.1624 0.1421 0.2025 0.3606 0.5118 0.3308 0.1393 0.1602 0.2586 0.4700 0.4650 0.1777 0.1398 0.1946 0.3440 0.5138 0.3529 0.1408 0.1568 0.2493 0.4557 0.4748 0.1919 0.1386 0.1889 0.3307 0.5143 0.3721 0.1428 0.1537 0.2406 0.4406 0.4835 0.2102 0.1378 0.1835 0.3179 0.5132 0.3900 0.1452 0.1509 0.2323 0.4249 0.4912 0.2320 0.1372 0.1770 0.2919 0.4256 0.2919 0.1770 0.1372 0.2320 0.4912 0.4249 0.2323 0.1509 0.1452 0.3900 0.5132 0.3179 0.1835 0.1378 0.2102 0.4835 0.4406 0.2406 0.1537 0.1428 0.3721 0.5143 0.3307 0.1889 0.1386 0.1919 0.4748 0.4557 0.2493 0.1568 0.1408 0.3529 0.5138 0.3440 0.1946 0.1398 0.1777 0.4650 0.4700 0.2586 0.1602 0.1393 0.3308 0.5118 0.3606 0.2025 0.1421 0.1624 0.4426 0.4927
0.4401 0.1606 0.1423 0.2025 0.3591 0.5123 0.3364 0.1397 0.1590 0.2550 0.4643 0.4693 0.1833 0.1392 0.1920 0.3381 0.5142 0.3614 0.1416 0.1554 0.2455 0.4492 0.4787 0.1994 0.1382 0.1865 0.3251 0.5140 0.3801 0.1438 0.1524 0.2369 0.4338 0.4870 0.2191 0.1375 0.1813 0.3126 0.5122 0.3974 0.1465 0.1497 0.2288 0.4181 0.4942 0.2417 0.1371 0.1760 0.2975 0.5006 0.4918 0.5006 0.2975 0.1760 0.1371 0.2417 0.4942 0.4181 0.2288 0.1497 0.1465 0.3974 0.5122 0.3126 0.1813 0.1375 0.2191 0.4870 0.4338 0.2369 0.1524 0.1438 0.3801 0.5140 0.3251 0.1865 0.1382 0.1994 0.4787 0.4492 0.2455 0.1554 0.1416 0.3614 0.5142 0.3381 0.1920 0.1392 0.1833 0.4693 0.4643 0.2550 0.1590 0.1397 0.3364 0.5123 0.3591 0.2025 0.1423 0.1606 0.4401
0.1661 0.1428 0.2039 0.3606 0.5123 0.3384 0.1399 0.1582 0.2523 0.4595 0.4728 0.1891 0.1388 0.1897 0.3324 0.5143 0.3697 0.1425 0.1541 0.2417 0.4426 0.4825 0.2076 0.1379 0.1842 0.3195 0.5134 0.3878 0.1449 0.1512 0.2333 0.4271 0.4902 0.2285 0.1373 0.1792 0.3073 0.5109 0.4045 0.1479 0.1486 0.2254 0.4114 0.4969 0.2516 0.1371 0.1743 0.2948 0.5044 0.4362 0.2526 0.4362 0.5044 0.2948 0.1743 0.1371 0.2516 0.4969 0.4114 0.2254 0.1486 0.1479 0.4045 0.5109 0.3073 0.1792 0.1373 0.2285 0.4902 0.4271 0.2333 0.1512 0.1449 0.3878 0.5134 0.3195 0.1842 0.1379 0.2076 0.4825 0.4426 0.2417 0.1541 0.1425 0.3697 0.5143 0.3324 0.1897 0.1388 0.1891 0.4728 0.4595 0.2523 0.1582 0.1399 0.3384 0.5123 0.3606 0.2039 0.1428 0.1661
0.1503 0.2063 0.3648 0.5118 0.3364 0.1399 0.1579 0.2508 0.4561 0.4755 0.1943 0.1384 0.1876 0.3272 0.5141 0.3776 0.1435 0.1528 0.2380 0.4358 0.4860 0.2164 0.1376 0.1820 0.3141 0.5126 0.3952 0.1461 0.1500 0.2298 0.4203 0.4932 0.2383 0.1372 0.1771 0.3022 0.5091 0.4114 0.1495 0.1475 0.2221 0.4047 0.4995 0.2616 0.1371 0.1724 0.2903 0.5028 0.4300 0.1596 0.1351 0.1596 0.4300 0.5028 0.2903 0.1724 0.1371 0.2616 0.4995 0.4047 0.2221 0.1475 0.1495 0.4114 0.5091 0.3022 0.1771 0.1372 0.2383 0.4932 0.4203 0.2298 0.1500 0.1461 0.3952 0.5126 0.3141 0.1820 0.1376 0.2164 0.4860 0.4358 0.2380 0.1528 0.1435 0.3776 0.5141 0.3272 0.1876 0.1384 0.1943 0.4755 0.4561 0.2508 0.1579 0.1399 0.3364 0.5118 0.3648 0.2063 0.1503
0.2116 0.3706 0.5109 0.3308 0.1397 0.1582 0.2508 0.4549 0.4769 0.1981 0.1382 0.1859 0.3228 0.5138 0.3847 0.1445 0.1516 0.2344 0.4291 0.4893 0.2257 0.1374 0.1798 0.3089 0.5113 0.4024 0.1475 0.1489 0.2264 0.4135 0.4961 0.2482 0.1371 0.1750 0.2971 0.5070 0.4180 0.1512 0.1465 0.2189 0.3980 0.5018 0.2718 0.1372 0.1705 0.2857 0.4998 0.4335 0.1572 0.1411 0.1675 0.1411 0.1572 0.4335 0.4998 0.2857 0.1705 0.1372 0.2718 0.5018 0.3980 0.2189 0.1465 0.1512 0.4180 0.5070 0.2971 0.1750 0.1371 0.2482 0.4961 0.4135 0.2264 0.1489 0.1475 0.4024 0.5113 0.3089 0.1798 0.1374 0.2257 0.4893 0.4291 0.2344 0.1516 0.1445 0.3847 0.5138 0.3228 0.1859 0.1382 0.1981 0.4769 0.4549 0.2508 0.1582 0.1397 0.3308 0.5109 0.3706 0.2116
0.3732 0.5097 0.3227 0.1393 0.1590 0.2523 0.4561 0.4769 0.1995 0.1381 0.1848 0.3196 0.5133 0.3905 0.1455 0.1505 0.2312 0.4226 0.4923 0.2353 0.1372 0.1777 0.3037 0.5097 0.4094 0.1490 0.1479 0.2231 0.4067 0.4987 0.2583 0.1371 0.1731 0.2922 0.5043 0.4244 0.1531 0.1456 0.2158 0.3913 0.5040 0.2819 0.1374 0.1687 0.2810 0.4961 0.4388 0.1588 0.1428 0.1997 0.2789 0.1997 0.1428 0.1588 0.4388 0.4961 0.2810 0.1687 0.1374 0.2819 0.5040 0.3913 0.2158 0.1456 0.1531 0.4244 0.5043 0.2922 0.1731 0.1371 0.2583 0.4987 0.4067 0.2231 0.1479 0.1490 0.4094 0.5097 0.3037 0.1777 0.1372 0.2353 0.4923 0.4226 0.2312 0.1505 0.1455 0.3905 0.5133 0.3196 0.1848 0.1381 0.1995 0.4769 0.4561 0.2523 0.1590 0.1393 0.3227 0.5097 0.3732
0.5082 0.3134 0.1388 0.1602 0.2550 0.4595 0.4755 0.1981 0.1381 0.1844 0.3178 0.5129 0.3947 0.1463 0.1497 0.2283 0.4166 0.4950 0.2448 0.1371 0.1756 0.2986 0.5077 0.4161 0.1506 0.1468 0.2198 0.4000 0.5011 0.2685 0.1372 0.1712 0.2874 0.5012 0.4306 0.1552 0.1447 0.2127 0.3847 0.5060 0.2918 0.1376 0.1669 0.2765 0.4919 0.4443 0.1614 0.1425 0.2039 0.3531 0.4920 0.3531 0.2039 0.1425 0.1614 0.4443 0.4919 0.2765 0.1669 0.1376 0.2918 0.5060 0.3847 0.2127 0.1447 0.1552 0.4306 0.5012 0.2874 0.1712 0.1372 0.2685 0.5011 0.4000 0.2198 0.1468 0.1506 0.4161 0.5077 0.2986 0.1756 0.1371 0.2448 0.4950 0.4166 0.2283 0.1497 0.1463 0.3947 0.5129 0.3178 0.1844 0.1381 0.1981 0.4755 0.4595 0.2550 0.1602 0.1388 0.3134 0.5082
0.3083 0.1383 0.1617 0.2586 0.4643 0.4728 0.1943 0.1382 0.1848 0.3178 0.5128 0.3968 0.1469 0.1491 0.2262 0.4117 0.4972 0.2534 0.1371 0.1738 0.2938 0.5052 0.4225 0.1525 0.1459 0.2167 0.3933 0.5034 0.2786 0.1373 0.1693 0.2827 0.4976 0.4365 0.1576 0.1438 0.2097 0.3782 0.5078 0.3017 0.1379 0.1652 0.2721 0.4872 0.4496 0.1645 0.1419 0.2024 0.3595 0.5123 0.4482 0.5123 0.3595 0.2024 0.1419 0.1645 0.4496 0.4872 0.2721 0.1652 0.1379 0.3017 0.5078 0.3782 0.2097 0.1438 0.1576 0.4365 0.4976 0.2827 0.1693 0.1373 0.2786 0.5034 0.3933 0.2167 0.1459 0.1525 0.4225 0.5052 0.2938 0.1738 0.1371 0.2534 0.4972 0.4117 0.2262 0.1491 0.1469 0.3968 0.5128 0.3178 0.1848 0.1382 0.1943 0.4728 0.4643 0.2586 0.1617 0.1383 0.3083
0.1463 0.1633 0.2627 0.4700 0.4693 0.1891 0.1384 0.1859 0.3196 0.5129 0.3968 0.1471 0.1488 0.2248 0.4082 0.4988 0.2605 0.1371 0.1722 0.2895 0.5025 0.4285 0.1545 0.1449 0.2136 0.3867 0.5054 0.2887 0.1375 0.1675 0.2781 0.4935 0.4422 0.1602 0.1430 0.2068 0.3718 0.5094 0.3115 0.1383 0.1635 0.2677 0.4821 0.4547 0.1681 0.1412 0.2000 0.3559 0.5125 0.3581 0.1662 0.3581 0.5125 0.3559 0.2000 0.1412 0.1681 0.4547 0.4821 0.2677 0.1635 0.1383 0.3115 0.5094 0.3718 0.2068 0.1430 0.1602 0.4422 0.4935 0.2781 0.1675 0.1375 0.2887 0.5054 0.3867 0.2136 0.1449 0.1545 0.4285 0.5025 0.2895 0.1722 0.1371 0.2605 0.4988 0.4082 0.2248 0.1488 0.1471 0.3968 0.5129 0.3196 0.1859 0.1384 0.1891 0.4693 0.4700 0.2627 0.1633 0.1463
0.1697 0.2670 0.4757 0.4650 0.1833 0.1388 0.1876 0.3228 0.5133 0.3947 0.1469 0.1488 0.2244 0.4064 0.4997 0.2656 0.1372 0.1709 0.2859 0.4997 0.4338 0.1566 0.1441 0.2106 0.3802 0.5073 0.2987 0.1378 0.1658 0.2736 0.4889 0.4476 0.1632 0.1422 0.2039 0.3654 0.5107 0.3210 0.1387 0.1619 0.2634 0.4766 0.4596 0.1722 0.1405 0.1974 0.3504 0.5132 0.3482 0.1412 0.1386 0.1412 0.3482 0.5132 0.3504 0.1974 0.1405 0.1722 0.4596 0.4766 0.2634 0.1619 0.1387 0.3210 0.5107 0.3654 0.2039 0.1422 0.1632 0.4476 0.4889 0.2736 0.1658 0.1378 0.2987 0.5073 0.3802 0.2106 0.1441 0.1566 0.4338 0.4997 0.2859 0.1709 0.1372 0.2656 0.4997 0.4064 0.2244 0.1488 0.1469 0.3947 0.5133 0.3228 0.1876 0.1388 0.1833 0.4650 0.4757 0.2670 0.1697
0.2713 0.4813 0.4603 0.1777 0.1392 0.1897 0.3272 0.5138 0.3905 0.1463 0.1491 0.2248 0.4064 0.5001 0.2684 0.1372 0.1700 0.2831 0.4971 0.4381 0.1586 0.1434 0.2080 0.3740 0.5089 0.3084 0.1381 0.1641 0.2691 0.4839 0.4529 0.1667 0.1414 0.2012 0.3591 0.5119 0.3304 0.1392 0.1604 0.2593 0.4709 0.4643 0.1770 0.1399 0.1948 0.3445 0.5138 0.3532 0.1410 0.1520 0.1917 0.1520 0.1410 0.3532 0.5138 0.3445 0.1948 0.1399 0.1770 0.4643 0.4709 0.2593 0.1604 0.1392 0.3304 0.5119 0.3591 0.2012 0.1414 0.1667 0.4529 0.4839 0.2691 0.1641 0.1381 0.3084 0.5089 0.3740 0.2080 0.1434 0.1586 0.4381 0.4971 0.2831 0.1700 0.1372 0.2684 0.5001 0.4064 0.2248 0.1491 0.1463 0.3905 0.5138 0.3272 0.1897 0.1392 0.1777 0.4603 0.4813 0.2713
0.4819 0.4554 0.1728 0.1398 0.1920 0.3324 0.5141 0.3847 0.1455 0.1497 0.2262 0.4082 0.4997 0.2684 0.1373 0.1695 0.2814 0.4952 0.4414 0.1604 0.1428 0.2057 0.3686 0.5102 0.3174 0.1385 0.1625 0.2648 0.4786 0.4579 0.1706 0.1407 0.1985 0.3530 0.5128 0.3396 0.1398 0.1589 0.2552 0.4649 0.4688 0.1825 0.1393 0.1923 0.3387 0.5141 0.3610 0.1416 0.1545 0.2348 0.3380 0.2348 0.1545 0.1416 0.3610 0.5141 0.3387 0.1923 0.1393 0.1825 0.4688 0.4649 0.2552 0.1589 0.1398 0.3396 0.5128 0.3530 0.1985 0.1407 0.1706 0.4579 0.4786 0.2648 0.1625 0.1385 0.3174 0.5102 0.3686 0.2057 0.1428 0.1604 0.4414 0.4952 0.2814 0.1695 0.1373 0.2684 0.4997 0.4082 0.2262 0.1497 0.1455 0.3847 0.5141 0.3324 0.1920 0.1398 0.1728 0.4554 0.4819
0.4524 0.1686 0.1404 0.1946 0.3381 0.5143 0.3776 0.1445 0.1505 0.2283 0.4117 0.4988 0.2656 0.1372 0.1695 0.2808 0.4941 0.4434 0.1618 0.1423 0.2039 0.3641 0.5112 0.3253 0.1389 0.1610 0.2608 0.4730 0.4627 0.1752 0.1401 0.1958 0.3469 0.5135 0.3485 0.1404 0.1574 0.2512 0.4586 0.4730 0.1889 0.1388 0.1899 0.3330 0.5143 0.3691 0.1424 0.1539 0.2397 0.4254 0.5124 0.4254 0.2397 0.1539 0.1424 0.3691 0.5143 0.3330 0.1899 0.1388 0.1889 0.4730 0.4586 0.2512 0.1574 0.1404 0.3485 0.5135 0.3469 0.1958 0.1401 0.1752 0.4627 0.4730 0.2608 0.1610 0.1389 0.3253 0.5112 0.3641 0.2039 0.1423 0.1618 0.4434 0.4941 0.2808 0.1695 0.1372 0.2656 0.4988 0.4117 0.2283 0.1505 0.1445 0.3776 0.5143 0.3381 0.1946 0.1404 0.1686 0.4524
0.1727 0.1411 0.1971 0.3440 0.5142 0.3697 0.1435 0.1516 0.2312 0.4166 0.4972 0.2605 0.1372 0.1700 0.2814 0.4941 0.4441 0.1626 0.1421 0.2026 0.3607 0.5119 0.3320 0.1394 0.1598 0.2572 0.4675 0.4670 0.1803 0.1395 0.1933 0.3410 0.5140 0.3572 0.1412 0.1561 0.2473 0.4522 0.4770 0.1960 0.1384 0.1875 0.3273 0.5141 0.3771 0.1434 0.1528 0.2377 0.4324 0.4928 0.3770 0.4928 0.4324 0.2377 0.1528 0.1434 0.3771 0.5141 0.3273 0.1875 0.1384 0.1960 0.4770 0.4522 0.2473 0.1561 0.1412 0.3572 0.5140 0.3410 0.1933 0.1395 0.1803 0.4670 0.4675 0.2572 0.1598 0.1394 0.3320 0.5119 0.3607 0.2026 0.1421 0.1626 0.4441 0.4941 0.2814 0.1700 0.1372 0.2605 0.4972 0.4166 0.2312 0.1516 0.1435 0.3697 0.5142 0.3440 0.1971 0.1411 0.1727
0.1488 0.1998 0.3500 0.5138 0.3614 0.1425 0.1528 0.2344 0.4226 0.4950 0.2534 0.1371 0.1709 0.2831 0.4952 0.4434 0.1626 0.1420 0.2019 0.3585 0.5123 0.3370 0.1397 0.1587 0.2541 0.4625 0.4708 0.1858 0.1390 0.1909 0.3353 0.5143 0.3656 0.1420 0.1547 0.2435 0.4457 0.4808 0.2038 0.1380 0.1852 0.3218 0.5137 0.3848 0.1444 0.1516 0.2345 0.4286 0.4906 0.2517 0.1416 0.2517 0.4906 0.4286 0.2345 0.1516 0.1444 0.3848 0.5137 0.3218 0.1852 0.1380 0.2038 0.4808 0.4457 0.2435 0.1547 0.1420 0.3656 0.5143 0.3353 0.1909 0.1390 0.1858 0.4708 0.4625 0.2541 0.1587 0.1397 0.3370 0.5123 0.3585 0.2019 0.1420 0.1626 0.4434 0.4952 0.2831 0.1709 0.1371 0.2534 0.4950 0.4226 0.2344 0.1528 0.1425 0.3614 0.5138 0.3500 0.1998 0.1488
0.2053 0.3561 0.5132 0.3529 0.1416 0.1541 0.2380 0.4291 0.4923 0.2448 0.1371 0.1722 0.2859 0.4971 0.4414 0.1618 0.1421 0.2019 0.3578 0.5125 0.3400 0.1400 0.1579 0.2517 0.4581 0.4739 0.1912 0.1386 0.1887 0.3299 0.5142 0.3737 0.1430 0.1534 0.2398 0.4391 0.4844 0.2123 0.1377 0.1829 0.3164 0.5130 0.3923 0.1456 0.1505 0.2311 0.4224 0.4925 0.2403 0.1361 0.1480 0.1361 0.2403 0.4925 0.4224 0.2311 0.1505 0.1456 0.3923 0.5130 0.3164 0.1829 0.1377 0.2123 0.4844 0.4391 0.2398 0.1534 0.1430 0.3737 0.5142 0.3299 0.1887 0.1386 0.1912 0.4739 0.4581 0.2517 0.1579 0.1400 0.3400 0.5125 0.3578 0.2019 0.1421 0.1618 0.4414 0.4971 0.2859 0.1722 0.1371 0.2448 0.4923 0.4291 0.2380 0.1541 0.1416 0.3529 0.5132 0.3561 0.2053
0.3591 0.5124 0.3441 0.1408 0.1554 0.2417 0.4358 0.4893 0.2353 0.1371 0.1738 0.2895 0.4997 0.4381 0.1604 0.1423 0.2026 0.3585 0.5125 0.3411 0.1402 0.1575 0.2499 0.4548 0.4764 0.1962 0.1383 0.1868 0.3251 0.5140 0.3811 0.1439 0.1522 0.2362 0.4324 0.4877 0.2214 0.1375 0.1807 0.3111 0.5119 0.3996 0.1469 0.1493 0.2276 0.4158 0.4952 0.2461 0.1369 0.1692 0.2246 0.1692 0.1369 0.2461 0.4952 0.4158 0.2276 0.1493 0.1469 0.3996 0.5119 0.3111 0.1807 0.1375 0.2214 0.4877 0.4324 0.2362 0.1522 0.1439 0.3811 0.5140 0.3251 0.1868 0.1383 0.1962 0.4764 0.4548 0.2499 0.1575 0.1402 0.3411 0.5125 0.3585 0.2026 0.1423 0.1604 0.4381 0.4997 0.2895 0.1738 0.1371 0.2353 0.4893 0.4358 0.2417 0.1554 0.1408 0.3441 0.5124 0.3591
0.5110 0.3350 0.1401 0.1568 0.2455 0.4426 0.4860 0.2257 0.1372 0.1756 0.2938 0.5025 0.4338 0.1586 0.1428 0.2039 0.3607 0.5123 0.3400 0.1402 0.1573 0.2491 0.4527 0.4780 0.2003 0.1381 0.1852 0.3211 0.5135 0.3875 0.1449 0.1511 0.2328 0.4258 0.4909 0.2307 0.1373 0.1786 0.3059 0.5104 0.4066 0.1484 0.1483 0.2243 0.4091 0.4978 0.2553 0.1371 0.1724 0.2807 0.4097 0.2807 0.1724 0.1371 0.2553 0.4978 0.4091 0.2243 0.1483 0.1484 0.4066 0.5104 0.3059 0.1786 0.1373 0.2307 0.4909 0.4258 0.2328 0.1511 0.1449 0.3875 0.5135 0.3211 0.1852 0.1381 0.2003 0.4780 0.4527 0.2491 0.1573 0.1402 0.3400 0.5123 0.3607 0.2039 0.1428 0.1586 0.4338 0.5025 0.2938 0.1756 0.1372 0.2257 0.4860 0.4426 0.2455 0.1568 0.1401 0.3350 0.5110
0.3299 0.1395 0.1582 0.2493 0.4492 0.4825 0.2164 0.1374 0.1777 0.2986 0.5052 0.4285 0.1566 0.1434 0.2057 0.3641 0.5119 0.3370 0.1400 0.1575 0.2491 0.4520 0.4789 0.2029 0.1379 0.1841 0.3178 0.5130 0.3930 0.1459 0.1501 0.2297 0.4196 0.4937 0.2401 0.1372 0.1766 0.3009 0.5086 0.4133 0.1500 0.1472 0.2211 0.4024 0.5003 0.2652 0.1372 0.1715 0.2862 0.4917 0.4979 0.4917 0.2862 0.1715 0.1372 0.2652 0.5003 0.4024 0.2211 0.1472 0.1500 0.4133 0.5086 0.3009 0.1766 0.1372 0.2401 0.4937 0.4196 0.2297 0.1501 0.1459 0.3930 0.5130 0.3178 0.1841 0.1379 0.2029 0.4789 0.4520 0.2491 0.1575 0.1400 0.3370 0.5119 0.3641 0.2057 0.1434 0.1566 0.4285 0.5052 0.2986 0.1777 0.1374 0.2164 0.4825 0.4492 0.2493 0.1582 0.1395 0.3299
0.1473 0.1597 0.2533 0.4557 0.4787 0.2076 0.1376 0.1798 0.3037 0.5077 0.4225 0.1545 0.1441 0.2080 0.3686 0.5112 0.3320 0.1397 0.1579 0.2499 0.4527 0.4789 0.2038 0.1379 0.1834 0.3156 0.5125 0.3973 0.1468 0.1493 0.2271 0.4140 0.4961 0.2492 0.1371 0.1747 0.2961 0.5064 0.4197 0.1517 0.1462 0.2179 0.3958 0.5026 0.2752 0.1373 0.1698 0.2836 0.4965 0.4488 0.2761 0.4488 0.4965 0.2836 0.1698 0.1373 0.2752 0.5026 0.3958 0.2179 0.1462 0.1517 0.4197 0.5064 0.2961 0.1747 0.1371 0.2492 0.4961 0.4140 0.2271 0.1493 0.1468 0.3973 0.5125 0.3156 0.1834 0.1379 0.2038 0.4789 0.4527 0.2499 0.1579 0.1397 0.3320 0.5112 0.3686 0.2080 0.1441 0.1545 0.4225 0.5077 0.3037 0.1798 0.1376 0.2076 0.4787 0.4557 0.2533 0.1597 0.1473
0.1663 0.2574 0.4620 0.4748 0.1994 0.1379 0.1820 0.3089 0.5097 0.4161 0.1525 0.1449 0.2106 0.3740 0.5102 0.3253 0.1394 0.1587 0.2517 0.4548 0.4780 0.2029 0.1379 0.1831 0.3144 0.5122 0.4003 0.1475 0.1487 0.2249 0.4092 0.4982 0.2574 0.1371 0.1729 0.2915 0.5038 0.4258 0.1536 0.1453 0.2148 0.3893 0.5047 0.2852 0.1374 0.1681 0.2794 0.4943 0.4435 0.1674 0.1352 0.1674 0.4435 0.4943 0.2794 0.1681 0.1374 0.2852 0.5047 0.3893 0.2148 0.1453 0.1536 0.4258 0.5038 0.2915 0.1729 0.1371 0.2574 0.4982 0.4092 0.2249 0.1487 0.1475 0.4003 0.5122 0.3144 0.1831 0.1379 0.2029 0.4780 0.4548 0.2517 0.1587 0.1394 0.3253 0.5102 0.3740 0.2106 0.1449 0.1525 0.4161 0.5097 0.3089 0.1820 0.1379 0.1994 0.4748 0.4620 0.2574 0.1663
0.2619 0.4683 0.4707 0.1919 0.1382 0.1842 0.3141 0.5113 0.4094 0.1506 0.1459 0.2136 0.3802 0.5089 0.3174 0.1389 0.1598 0.2541 0.4581 0.4764 0.2003 0.1379 0.1834 0.3144 0.5120 0.4018 0.1479 0.1482 0.2233 0.4053 0.4998 0.2646 0.1372 0.1714 0.2874 0.5009 0.4314 0.1556 0.1445 0.2119 0.3830 0.5065 0.2949 0.1377 0.1663 0.2750 0.4903 0.4466 0.1638 0.1395 0.1635 0.1395 0.1638 0.4466 0.4903 0.2750 0.1663 0.1377 0.2949 0.5065 0.3830 0.2119 0.1445 0.1556 0.4314 0.5009 0.2874 0.1714 0.1372 0.2646 0.4998 0.4053 0.2233 0.1482 0.1479 0.4018 0.5120 0.3144 0.1834 0.1379 0.2003 0.4764 0.4581 0.2541 0.1598 0.1389 0.3174 0.5089 0.3802 0.2136 0.1459 0.1506 0.4094 0.5113 0.3141 0.1842 0.1382 0.1919 0.4707 0.4683 0.2619
0.4692 0.4663 0.1852 0.1386 0.1865 0.3195 0.5126 0.4024 0.1490 0.1468 0.2167 0.3867 0.5073 0.3084 0.1385 0.1610 0.2572 0.4625 0.4739 0.1962 0.1381 0.1841 0.3156 0.5122 0.4018 0.1481 0.1480 0.2222 0.4025 0.5010 0.2703 0.1372 0.1701 0.2839 0.4980 0.4364 0.1577 0.1437 0.2092 0.3768 0.5082 0.3043 0.1380 0.1647 0.2707 0.4856 0.4514 0.1659 0.1411 0.1936 0.2683 0.1936 0.1411 0.1659 0.4514 0.4856 0.2707 0.1647 0.1380 0.3043 0.5082 0.3768 0.2092 0.1437 0.1577 0.4364 0.4980 0.2839 0.1701 0.1372 0.2703 0.5010 0.4025 0.2222 0.1480 0.1481 0.4018 0.5122 0.3156 0.1841 0.1381 0.1962 0.4739 0.4625 0.2572 0.1610 0.1385 0.3084 0.5073 0.3867 0.2167 0.1468 0.1490 0.4024 0.5126 0.3195 0.1865 0.1386 0.1852 0.4663 0.4692
0.4636 0.1792 0.1391 0.1889 0.3251 0.5134 0.3952 0.1475 0.1479 0.2198 0.3933 0.5054 0.2987 0.1381 0.1625 0.2608 0.4675 0.4708 0.1912 0.1383 0.1852 0.3178 0.5125 0.4003 0.1479 0.1480 0.2219 0.4011 0.5017 0.2744 0.1373 0.1690 0.2810 0.4953 0.4406 0.1598 0.1430 0.2066 0.3710 0.5096 0.3135 0.1383 0.1631 0.2666 0.4806 0.4562 0.1694 0.1408 0.1976 0.3393 0.4810 0.3393 0.1976 0.1408 0.1694 0.4562 0.4806 0.2666 0.1631 0.1383 0.3135 0.5096 0.3710 0.2066 0.1430 0.1598 0.4406 0.4953 0.2810 0.1690 0.1373 0.2744 0.5017 0.4011 0.2219 0.1480 0.1479 0.4003 0.5125 0.3178 0.1852 0.1383 0.1912 0.4708 0.4675 0.2608 0.1625 0.1381 0.2987 0.5054 0.3933 0.2198 0.1479 0.1475 0.3952 0.5134 0.3251 0.1889 0.1391 0.1792 0.4636
0.1817 0.1396 0.1913 0.3307 0.5140 0.3878 0.1461 0.1489 0.2231 0.4000 0.5034 0.2887 0.1378 0.1641 0.2648 0.4730 0.4670 0.1858 0.1386 0.1868 0.3211 0.5130 0.3973 0.1475 0.1482 0.2222 0.4011 0.5019 0.2765 0.1374 0.1683 0.2788 0.4930 0.4441 0.1618 0.1424 0.2044 0.3658 0.5108 0.3221 0.1388 0.1616 0.2625 0.4754 0.4608 0.1735 0.1403 0.1963 0.3455 0.5131 0.4593 0.5131 0.3455 0.1963 0.1403 0.1735 0.4608 0.4754 0.2625 0.1616 0.1388 0.3221 0.5108 0.3658 0.2044 0.1424 0.1618 0.4441 0.4930 0.2788 0.1683 0.1374 0.2765 0.5019 0.4011 0.2222 0.1482 0.1475 0.3973 0.5130 0.3211 0.1868 0.1386 0.1858 0.4670 0.4730 0.2648 0.1641 0.1378 0.2887 0.5034 0.4000 0.2231 0.1489 0.1461 0.3878 0.5140 0.3307 0.1913 0.1396 0.1817
0.1475 0.1938 0.3364 0.5143 0.3801 0.1449 0.1500 0.2264 0.4067 0.5011 0.2786 0.1375 0.1658 0.2691 0.4786 0.4627 0.1803 0.1390 0.1887 0.3251 0.5135 0.3930 0.1468 0.1487 0.2233 0.4025 0.5017 0.2765 0.1374 0.1679 0.2774 0.4912 0.4466 0.1635 0.1419 0.2025 0.3612 0.5117 0.3298 0.1392 0.1603 0.2587 0.4699 0.4652 0.1781 0.1397 0.1941 0.3422 0.5138 0.3769 0.1774 0.3769 0.5138 0.3422 0.1941 0.1397 0.1781 0.4652 0.4699 0.2587 0.1603 0.1392 0.3298 0.5117 0.3612 0.2025 0.1419 0.1635 0.4466 0.4912 0.2774 0.1679 0.1374 0.2765 0.5017 0.4025 0.2233 0.1487 0.1468 0.3930 0.5135 0.3251 0.1887 0.1390 0.1803 0.4627 0.4786 0.2691 0.1658 0.1375 0.2786 0.5011 0.4067 0.2264 0.1500 0.1449 0.3801 0.5143 0.3364 0.1938 0.1475
0.1995 0.3423 0.5142 0.3721 0.1438 0.1512 0.2298 0.4135 0.4987 0.2685 0.1373 0.1675 0.2736 0.4839 0.4579 0.1752 0.1395 0.1909 0.3299 0.5140 0.3875 0.1459 0.1493 0.2249 0.4053 0.5010 0.2744 0.1374 0.1679 0.2769 0.4903 0.4483 0.1648 0.1416 0.2010 0.3574 0.5124 0.3364 0.1396 0.1590 0.2552 0.4645 0.4693 0.1834 0.1392 0.1918 0.3371 0.5142 0.3675 0.1435 0.1373 0.1435 0.3675 0.5142 0.3371 0.1918 0.1392 0.1834 0.4693 0.4645 0.2552 0.1590 0.1396 0.3364 0.5124 0.3574 0.2010 0.1416 0.1648 0.4483 0.4903 0.2769 0.1679 0.1374 0.2744 0.5010 0.4053 0.2249 0.1493 0.1459 0.3875 0.5140 0.3299 0.1909 0.1395 0.1752 0.4579 0.4839 0.2736 0.1675 0.1373 0.2685 0.4987 0.4135 0.2298 0.1512 0.1438 0.3721 0.5142 0.3423 0.1995
0.3455 0.5140 0.3639 0.1428 0.1524 0.2333 0.4203 0.4961 0.2583 0.1372 0.1693 0.2781 0.4889 0.4529 0.1706 0.1401 0.1933 0.3353 0.5142 0.3811 0.1449 0.1501 0.2271 0.4092 0.4998 0.2703 0.1373 0.1683 0.2774 0.4903 0.4488 0.1655 0.1414 0.2000 0.3546 0.5129 0.3419 0.1401 0.1580 0.2521 0.4594 0.4729 0.1891 0.1388 0.1895 0.3319 0.5143 0.3719 0.1430 0.1493 0.1860 0.1493 0.1430 0.3719 0.5143 0.3319 0.1895 0.1388 0.1891 0.4729 0.4594 0.2521 0.1580 0.1401 0.3419 0.5129 0.3546 0.2000 0.1414 0.1655 0.4488 0.4903 0.2774 0.1683 0.1373 0.2703 0.4998 0.4092 0.2271 0.1501 0.1449 0.3811 0.5142 0.3353 0.1933 0.1401 0.1706 0.4529 0.4889 0.2781 0.1693 0.1372 0.2583 0.4961 0.4203 0.2333 0.1524 0.1428 0.3639 0.5140 0.3455
0.5127 0.3553 0.1418 0.1537 0.2369 0.4271 0.4932 0.2482 0.1371 0.1712 0.2827 0.4935 0.4476 0.1667 0.1407 0.1958 0.3410 0.5143 0.3737 0.1439 0.1511 0.2297 0.4140 0.4982 0.2646 0.1372 0.1690 0.2788 0.4912 0.4483 0.1655 0.1413 0.1994 0.3528 0.5132 0.3460 0.1404 0.1571 0.2496 0.4549 0.4759 0.1949 0.1384 0.1875 0.3269 0.5141 0.3786 0.1437 0.1517 0.2269 0.3249 0.2269 0.1517 0.1437 0.3786 0.5141 0.3269 0.1875 0.1384 0.1949 0.4759 0.4549 0.2496 0.1571 0.1404 0.3460 0.5132 0.3528 0.1994 0.1413 0.1655 0.4483 0.4912 0.2788 0.1690 0.1372 0.2646 0.4982 0.4140 0.2297 0.1511 0.1439 0.3737 0.5143 0.3410 0.1958 0.1407 0.1667 0.4476 0.4935 0.2827 0.1712 0.1371 0.2482 0.4932 0.4271 0.2369 0.1537 0.1418 0.3553 0.5127
0.3505 0.1410 0.1550 0.2406 0.4338 0.4902 0.2383 0.1371 0.1731 0.2874 0.4976 0.4422 0.1632 0.1414 0.1985 0.3469 0.5140 0.3656 0.1430 0.1522 0.2328 0.4196 0.4961 0.2574 0.1372 0.1701 0.2810 0.4930 0.4466 0.1648 0.1414 0.1994 0.3521 0.5133 0.3486 0.1407 0.1565 0.2475 0.4510 0.4785 0.2003 0.1381 0.1856 0.3223 0.5137 0.3853 0.1446 0.1513 0.2319 0.4105 0.5120 0.4105 0.2319 0.1513 0.1446 0.3853 0.5137 0.3223 0.1856 0.1381 0.2003 0.4785 0.4510 0.2475 0.1565 0.1407 0.3486 0.5133 0.3521 0.1994 0.1414 0.1648 0.4466 0.4930 0.2810 0.1701 0.1372 0.2574 0.4961 0.4196 0.2328 0.1522 0.1430 0.3656 0.5140 0.3469 0.1985 0.1414 0.1632 0.4422 0.4976 0.2874 0.1731 0.1371 0.2383 0.4902 0.4338 0.2406 0.1550 0.1410 0.3505
0.1487 0.1564 0.2443 0.4406 0.4870 0.2285 0.1372 0.1750 0.2922 0.5012 0.4365 0.1602 0.1422 0.2012 0.3530 0.5135 0.3572 0.1420 0.1534 0.2362 0.4258 0.4937 0.2492 0.1371 0.1714 0.2839 0.4953 0.4441 0.1635 0.1416 0.2000 0.3528 0.5133 0.3495 0.1409 0.1561 0.2461 0.4481 0.4804 0.2050 0.1379 0.1840 0.3182 0.5131 0.3915 0.1456 0.1504 0.2303 0.4180 0.4985 0.3934 0.4985 0.4180 0.2303 0.1504 0.1456 0.3915 0.5131 0.3182 0.1840 0.1379 0.2050 0.4804 0.4481 0.2461 0.1561 0.1409 0.3495 0.5133 0.3528 0.2000 0.1416 0.1635 0.4441 0.4953 0.2839 0.1714 0.1371 0.2492 0.4937 0.4258 0.2362 0.1534 0.1420 0.3572 0.5135 0.3530 0.2012 0.1422 0.1602 0.4365 0.5012 0.2922 0.1750 0.1372 0.2285 0.4870 0.4406 0.2443 0.1564 0.1487
0.1631 0.2482 0.4472 0.4835 0.2191 0.1373 0.1771 0.2971 0.5043 0.4306 0.1576 0.1430 0.2039 0.3591 0.5128 0.3485 0.1412 0.1547 0.2398 0.4324 0.4909 0.2401 0.1371 0.1729 0.2874 0.4980 0.4406 0.1618 0.1419 0.2010 0.3546 0.5132 0.3486 0.1409 0.1560 0.2453 0.4462 0.4818 0.2087 0.1377 0.1827 0.3148 0.5125 0.3969 0.1466 0.1495 0.2278 0.4149 0.4966 0.2732 0.1443 0.2732 0.4966 0.4149 0.2278 0.1495 0.1466 0.3969 0.5125 0.3148 0.1827 0.1377 0.2087 0.4818 0.4462 0.2453 0.1560 0.1409 0.3486 0.5132 0.3546 0.2010 0.1419 0.1618 0.4406 0.4980 0.2874 0.1729 0.1371 0.2401 0.4909 0.4324 0.2398 0.1547 0.1412 0.3485 0.5128 0.3591 0.2039 0.1430 0.1576 0.4306 0.5043 0.2971 0.1771 0.1373 0.2191 0.4835 0.4472 0.2482 0.1631
0.2528 0.4538 0.4799 0.2102 0.1375 0.1792 0.3022 0.5070 0.4244 0.1552 0.1438 0.2068 0.3654 0.5119 0.3396 0.1404 0.1561 0.2435 0.4391 0.4877 0.2307 0.1372 0.1747 0.2915 0.5009 0.4364 0.1598 0.1424 0.2025 0.3574 0.5129 0.3460 0.1407 0.1561 0.2453 0.4456 0.4825 0.2112 0.1376 0.1818 0.3121 0.5118 0.4014 0.1475 0.1487 0.2253 0.4101 0.4979 0.2603 0.1364 0.1458 0.1364 0.2603 0.4979 0.4101 0.2253 0.1487 0.1475 0.4014 0.5118 0.3121 0.1818 0.1376 0.2112 0.4825 0.4456 0.2453 0.1561 0.1407 0.3460 0.5129 0.3574 0.2025 0.1424 0.1598 0.4364 0.5009 0.2915 0.1747 0.1372 0.2307 0.4877 0.4391 0.2435 0.1561 0.1404 0.3396 0.5119 0.3654 0.2068 0.1438 0.1552 0.4244 0.5070 0.3022 0.1792 0.1375 0.2102 0.4799 0.4538 0.2528
0.4551 0.4760 0.2017 0.1378 0.1813 0.3073 0.5091 0.4180 0.1531 0.1447 0.2097 0.3718 0.5107 0.3304 0.1398 0.1574 0.2473 0.4457 0.4844 0.2214 0.1373 0.1766 0.2961 0.5038 0.4314 0.1577 0.1430 0.2044 0.3612 0.5124 0.3419 0.1404 0.1565 0.2461 0.4462 0.4825 0.2121 0.1376 0.1812 0.3102 0.5112 0.4049 0.1484 0.1480 0.2231 0.4055 0.4996 0.2642 0.1370 0.1656 0.2179 0.1656 0.1370 0.2642 0.4996 0.4055 0.2231 0.1480 0.1484 0.4049 0.5112 0.3102 0.1812 0.1376 0.2121 0.4825 0.4462 0.2461 0.1565 0.1404 0.3419 0.5124 0.3612 0.2044 0.1430 0.1577 0.4314 0.5038 0.2961 0.1766 0.1373 0.2214 0.4844 0.4457 0.2473 0.1574 0.1398 0.3304 0.5107 0.3718 0.2097 0.1447 0.1531 0.4180 0.5091 0.3073 0.1813 0.1378 0.2017 0.4760 0.4551
0.4736 0.1940 0.1381 0.1835 0.3126 0.5109 0.4114 0.1512 0.1456 0.2127 0.3782 0.5094 0.3210 0.1392 0.1589 0.2512 0.4522 0.4808 0.2123 0.1375 0.1786 0.3009 0.5064 0.4258 0.1556 0.1437 0.2066 0.3658 0.5117 0.3364 0.1401 0.1571 0.2475 0.4481 0.4818 0.2112 0.1376 0.1810 0.3092 0.5108 0.4074 0.1491 0.1475 0.2212 0.4014 0.5011 0.2705 0.1372 0.1691 0.2722 0.3968 0.2722 0.1691 0.1372 0.2705 0.5011 0.4014 0.2212 0.1475 0.1491 0.4074 0.5108 0.3092 0.1810 0.1376 0.2112 0.4818 0.4481 0.2475 0.1571 0.1401 0.3364 0.5117 0.3658 0.2066 0.1437 0.1556 0.4258 0.5064 0.3009 0.1786 0.1375 0.2123 0.4808 0.4522 0.2512 0.1589 0.1392 0.3210 0.5094 0.3782 0.2127 0.1456 0.1512 0.4114 0.5109 0.3126 0.1835 0.1381 0.1940 0.4736
0.1943 0.1385 0.1858 0.3179 0.5122 0.4045 0.1495 0.1465 0.2158 0.3847 0.5078 0.3115 0.1387 0.1604 0.2552 0.4586 0.4770 0.2038 0.1377 0.1807 0.3059 0.5086 0.4197 0.1536 0.1445 0.2092 0.3710 0.5108 0.3298 0.1396 0.1580 0.2496 0.4510 0.4804 0.2087 0.1376 0.1812 0.3092 0.5107 0.4087 0.1495 0.1472 0.2198 0.3980 0.5024 0.2764 0.1373 0.1688 0.2787 0.4834 0.5019 0.4834 0.2787 0.1688 0.1373 0.2764 0.5024 0.3980 0.2198 0.1472 0.1495 0.4087 0.5107 0.3092 0.1812 0.1376 0.2087 0.4804 0.4510 0.2496 0.1580 0.1396 0.3298 0.5108 0.3710 0.2092 0.1445 0.1536 0.4197 0.5086 0.3059 0.1807 0.1377 0.2038 0.4770 0.4586 0.2552 0.1604 0.1387 0.3115 0.5078 0.3847 0.2158 0.1465 0.1495 0.4045 0.5122 0.3179 0.1858 0.1385 0.1943
0.1465 0.1882 0.3234 0.5132 0.3974 0.1479 0.1475 0.2189 0.3913 0.5060 0.3017 0.1383 0.1619 0.2593 0.4649 0.4730 0.1960 0.1380 0.1829 0.3111 0.5104 0.4133 0.1517 0.1453 0.2119 0.3768 0.5096 0.3221 0.1392 0.1590 0.2521 0.4549 0.4785 0.2050 0.1377 0.1818 0.3102 0.5108 0.4087 0.1497 0.1470 0.2190 0.3956 0.5033 0.2813 0.1374 0.1679 0.2777 0.4903 0.4567 0.2925 0.4567 0.4903 0.2777 0.1679 0.1374 0.2813 0.5033 0.3956 0.2190 0.1470 0.1497 0.4087 0.5108 0.3102 0.1818 0.1377 0.2050 0.4785 0.4549 0.2521 0.1590 0.1392 0.3221 0.5096 0.3768 0.2119 0.1453 0.1517 0.4133 0.5104 0.3111 0.1829 0.1380 0.1960 0.4730 0.4649 0.2593 0.1619 0.1383 0.3017 0.5060 0.3913 0.2189 0.1475 0.1479 0.3974 0.5132 0.3234 0.1882 0.1465
0.1940 0.3290 0.5139 0.3900 0.1465 0.1486 0.2221 0.3980 0.5040 0.2918 0.1379 0.1635 0.2634 0.4709 0.4688 0.1889 0.1384 0.1852 0.3164 0.5119 0.4066 0.1500 0.1462 0.2148 0.3830 0.5082 0.3135 0.1388 0.1603 0.2552 0.4594 0.4759 0.2003 0.1379 0.1827 0.3121 0.5112 0.4074 0.1495 0.1470 0.2187 0.3944 0.5039 0.2848 0.1375 0.1671 0.2757 0.4896 0.4502 0.1735 0.1355 0.1735 0.4502 0.4896 0.2757 0.1671 0.1375 0.2848 0.5039 0.3944 0.2187 0.1470 0.1495 0.4074 0.5112 0.3121 0.1827 0.1379 0.2003 0.4759 0.4594 0.2552 0.1603 0.1388 0.3135 0.5082 0.3830 0.2148 0.1462 0.1500 0.4066 0.5119 0.3164 0.1852 0.1384 0.1889 0.4688 0.4709 0.2634 0.1635 0.1379 0.2918 0.5040 0.3980 0.2221 0.1486 0.1465 0.3900 0.5139 0.3290 0.1940
0.3324 0.5143 0.3824 0.1452 0.1497 0.2254 0.4047 0.5018 0.2819 0.1376 0.1652 0.2677 0.4766 0.4643 0.1825 0.1388 0.1875 0.3218 0.5130 0.3996 0.1484 0.1472 0.2179 0.3893 0.5065 0.3043 0.1383 0.1616 0.2587 0.4645 0.4729 0.1949 0.1381 0.1840 0.3148 0.5118 0.4049 0.1491 0.1472 0.2190 0.3944 0.5041 0.2867 0.1376 0.1665 0.2739 0.4878 0.4508 0.1674 0.1388 0.1614 0.1388 0.1674 0.4508 0.4878 0.2739 0.1665 0.1376 0.2867 0.5041 0.3944 0.2190 0.1472 0.1491 0.4049 0.5118 0.3148 0.1840 0.1381 0.1949 0.4729 0.4645 0.2587 0.1616 0.1383 0.3043 0.5065 0.3893 0.2179 0.1472 0.1484 0.3996 0.5130 0.3218 0.1875 0.1388 0.1825 0.4643 0.4766 0.2677 0.1652 0.1376 0.2819 0.5018 0.4047 0.2254 0.1497 0.1452 0.3824 0.5143 0.3324
0.5131 0.3745 0.1441 0.1509 0.2288 0.4114 0.4995 0.2718 0.1374 0.1669 0.2721 0.4821 0.4596 0.1770 0.1393 0.1899 0.3273 0.5137 0.3923 0.1469 0.1483 0.2211 0.3958 0.5047 0.2949 0.1380 0.1631 0.2625 0.4699 0.4693 0.1891 0.1384 0.1856 0.3182 0.5125 0.4014 0.1484 0.1475 0.2198 0.3956 0.5039 0.2867 0.1376 0.1662 0.2728 0.4862 0.4524 0.1677 0.1406 0.1912 0.2637 0.1912 0.1406 0.1677 0.4524 0.4862 0.2728 0.1662 0.1376 0.2867 0.5039 0.3956 0.2198 0.1475 0.1484 0.4014 0.5125 0.3182 0.1856 0.1384 0.1891 0.4693 0.4699 0.2625 0.1631 0.1380 0.2949 0.5047 0.3958 0.2211 0.1483 0.1469 0.3923 0.5137 0.3273 0.1899 0.1393 0.1770 0.4596 0.4821 0.2721 0.1669 0.1374 0.2718 0.4995 0.4114 0.2288 0.1509 0.1441 0.3745 0.5131
0.3699 0.1430 0.1520 0.2323 0.4181 0.4969 0.2616 0.1372 0.1687 0.2765 0.4872 0.4547 0.1722 0.1399 0.1923 0.3330 0.5141 0.3848 0.1456 0.1493 0.2243 0.4024 0.5026 0.2852 0.1377 0.1647 0.2666 0.4754 0.4652 0.1834 0.1388 0.1875 0.3223 0.5131 0.3969 0.1475 0.1480 0.2212 0.3980 0.5033 0.2848 0.1376 0.1662 0.2724 0.4853 0.4536 0.1687 0.1407 0.1964 0.3354 0.4768 0.3354 0.1964 0.1407 0.1687 0.4536 0.4853 0.2724 0.1662 0.1376 0.2848 0.5033 0.3980 0.2212 0.1480 0.1475 0.3969 0.5131 0.3223 0.1875 0.1388 0.1834 0.4652 0.4754 0.2666 0.1647 0.1377 0.2852 0.5026 0.4024 0.2243 0.1493 0.1456 0.3848 0.5141 0.3330 0.1923 0.1399 0.1722 0.4547 0.4872 0.2765 0.1687 0.1372 0.2616 0.4969 0.4181 0.2323 0.1520 0.1430 0.3699
0.1505 0.1533 0.2358 0.4249 0.4942 0.2516 0.1371 0.1705 0.2810 0.4919 0.4496 0.1681 0.1405 0.1948 0.3387 0.5143 0.3771 0.1444 0.1505 0.2276 0.4091 0.5003 0.2752 0.1374 0.1663 0.2707 0.4806 0.4608 0.1781 0.1392 0.1895 0.3269 0.5137 0.3915 0.1466 0.1487 0.2231 0.4014 0.5024 0.2813 0.1375 0.1665 0.2728 0.4853 0.4540 0.1694 0.1406 0.1968 0.3448 0.5131 0.4616 0.5131 0.3448 0.1968 0.1406 0.1694 0.4540 0.4853 0.2728 0.1665 0.1375 0.2813 0.5024 0.4014 0.2231 0.1487 0.1466 0.3915 0.5137 0.3269 0.1895 0.1392 0.1781 0.4608 0.4806 0.2707 0.1663 0.1374 0.2752 0.5003 0.4091 0.2276 0.1505 0.1444 0.3771 0.5143 0.3387 0.1948 0.1405 0.1681 0.4496 0.4919 0.2810 0.1705 0.1371 0.2516 0.4942 0.4249 0.2358 0.1533 0.1505
0.1601 0.2394 0.4317 0.4912 0.2417 0.1371 0.1724 0.2857 0.4961 0.4443 0.1645 0.1412 0.1974 0.3445 0.5141 0.3691 0.1434 0.1516 0.2311 0.4158 0.4978 0.2652 0.1373 0.1681 0.2750 0.4856 0.4562 0.1735 0.1397 0.1918 0.3319 0.5141 0.3853 0.1456 0.1495 0.2253 0.4055 0.5011 0.2764 0.1374 0.1671 0.2739 0.4862 0.4536 0.1694 0.1406 0.1967 0.3457 0.5138 0.3771 0.1784 0.3771 0.5138 0.3457 0.1967 0.1406 0.1694 0.4536 0.4862 0.2739 0.1671 0.1374 0.2764 0.5011 0.4055 0.2253 0.1495 0.1456 0.3853 0.5141 0.3319 0.1918 0.1397 0.1735 0.4562 0.4856 0.2750 0.1681 0.1373 0.2652 0.4978 0.4158 0.2311 0.1516 0.1434 0.3691 0.5141 0.3445 0.1974 0.1412 0.1645 0.4443 0.4961 0.2857 0.1724 0.1371 0.2417 0.4912 0.4317 0.2394 0.1601
0.2441 0.4383 0.4881 0.2320 0.1371 0.1743 0.2903 0.4998 0.4388 0.1614 0.1419 0.2000 0.3504 0.5138 0.3610 0.1424 0.1528 0.2345 0.4224 0.4952 0.2553 0.1372 0.1698 0.2794 0.4903 0.4514 0.1694 0.1403 0.1941 0.3371 0.5143 0.3786 0.1446 0.1504 0.2278 0.4101 0.4996 0.2705 0.1373 0.1679 0.2757 0.4878 0.4524 0.1687 0.1406 0.1967 0.3457 0.5139 0.3621 0.1431 0.1374 0.1431 0.3621 0.5139 0.3457 0.1967 0.1406 0.1687 0.4524 0.4878 0.2757 0.1679 0.1373 0.2705 0.4996 0.4101 0.2278 0.1504 0.1446 0.3786 0.5143 0.3371 0.1941 0.1403 0.1694 0.4514 0.4903 0.2794 0.1698 0.1372 0.2553 0.4952 0.4224 0.2345 0.1528 0.1424 0.3610 0.5138 0.3504 0.2000 0.1419 0.1614 0.4388 0.4998 0.2903 0.1743 0.1371 0.2320 0.4881 0.4383 0.2441
0.4392 0.4851 0.2233 0.1372 0.1760 0.2948 0.5028 0.4335 0.1588 0.1425 0.2024 0.3559 0.5132 0.3532 0.1416 0.1539 0.2377 0.4286 0.4925 0.2461 0.1371 0.1715 0.2836 0.4943 0.4466 0.1659 0.1408 0.1963 0.3422 0.5142 0.3719 0.1437 0.1513 0.2303 0.4149 0.4979 0.2642 0.1372 0.1688 0.2777 0.4896 0.4508 0.1677 0.1407 0.1968 0.3457 0.5139 0.3602 0.1420 0.1501 0.1873 0.1501 0.1420 0.3602 0.5139 0.3457 0.1968 0.1407 0.1677 0.4508 0.4896 0.2777 0.1688 0.1372 0.2642 0.4979 0.4149 0.2303 0.1513 0.1437 0.3719 0.5142 0.3422 0.1963 0.1408 0.1659 0.4466 0.4943 0.2836 0.1715 0.1371 0.2461 0.4925 0.4286 0.2377 0.1539 0.1416 0.3532 0.5132 0.3559 0.2024 0.1425 0.1588 0.4335 0.5028 0.2948 0.1760 0.1372 0.2233 0.4851 0.4392
0.4843 0.2181 0.1371 0.1770 0.2975 0.5044 0.4300 0.1572 0.1428 0.2039 0.3595 0.5125 0.3482 0.1410 0.1545 0.2397 0.4324 0.4906 0.2403 0.1369 0.1724 0.2862 0.4965 0.4435 0.1638 0.1411 0.1976 0.3455 0.5138 0.3675 0.1430 0.1517 0.2319 0.4180 0.4966 0.2603 0.1370 0.1691 0.2787 0.4903 0.4502 0.1674 0.1406 0.1964 0.3448 0.5138 0.3621 0.1420 0.1529 0.2293 0.3280 0.2293 0.1529 0.1420 0.3621 0.5138 0.3448 0.1964 0.1406 0.1674 0.4502 0.4903 0.2787 0.1691 0.1370 0.2603 0.4966 0.4180 0.2319 0.1517 0.1430 0.3675 0.5138 0.3455 0.1976 0.1411 0.1638 0.4435 0.4965 0.2862 0.1724 0.1369 0.2403 0.4906 0.4324 0.2397 0.1545 0.1410 0.3482 0.5125 0.3595 0.2039 0.1428 0.1572 0.4300 0.5044 0.2975 0.1770 0.1371 0.2181 0.4843
0.2354 0.1362 0.1736 0.2919 0.5006 0.4362 0.1596 0.1411 0.1997 0.3531 0.5123 0.3581 0.1412 0.1520 0.2348 0.4254 0.4928 0.2517 0.1361 0.1692 0.2807 0.4917 0.4488 0.1674 0.1395 0.1936 0.3393 0.5131 0.3769 0.1435 0.1493 0.2269 0.4105 0.4985 0.2732 0.1364 0.1656 0.2722 0.4834 0.4567 0.1735 0.1388 0.1912 0.3354 0.5131 0.3771 0.1431 0.1501 0.2293 0.4056 0.5104 0.4056 0.2293 0.1501 0.1431 0.3771 0.5131 0.3354 0.1912 0.1388 0.1735 0.4567 0.4834 0.2722 0.1656 0.1364 0.2732 0.4985 0.4105 0.2269 0.1493 0.1435 0.3769 0.5131 0.3393 0.1936 0.1395 0.1674 0.4488 0.4917 0.2807 0.1692 0.1361 0.2517 0.4928 0.4254 0.2348 0.1520 0.1412 0.3581 0.5123 0.3531 0.1997 0.1411 0.1596 0.4362 0.5006 0.2919 0.1736 0.1362 0.2354
0.1476 0.1508 0.2328 0.4256 0.4918 0.2526 0.1351 0.1675 0.2789 0.4920 0.4482 0.1662 0.1386 0.1917 0.3380 0.5124 0.3770 0.1416 0.1480 0.2246 0.4097 0.4979 0.2761 0.1352 0.1635 0.2683 0.4810 0.4593 0.1774 0.1373 0.1860 0.3249 0.5120 0.3934 0.1443 0.1458 0.2179 0.3968 0.5019 0.2925 0.1355 0.1614 0.2637 0.4768 0.4616 0.1784 0.1374 0.1873 0.3280 0.5104 0.4736 0.5104 0.3280 0.1873 0.1374 0.1784 0.4616 0.4768 0.2637 0.1614 0.1355 0.2925 0.5019 0.3968 0.2179 0.1458 0.1443 0.3934 0.5120 0.3249 0.1860 0.1373 0.1774 0.4593 0.4810 0.2683 0.1635 0.1352 0.2761 0.4979 0.4097 0.2246 0.1480 0.1416 0.3770 0.5124 0.3380 0.1917 0.1386 0.1662 0.4482 0.4920 0.2789 0.1675 0.1351 0.2526 0.4918 0.4256 0.2328 0.1508 0.1476
0.2354 0.1362 0.1736 0.2919 0.5006 0.4362 0.1596 0.1411 0.1997 0.3531 0.5123 0.3581 0.1412 0.1520 0.2348 0.4254 0.4928 0.2517 0.1361 0.1692 0.2807 0.4917 0.4488 0.1674 0.1395 0.1936 0.3393 0.5131 0.3769 0.1435 0.1493 0.2269 0.4105 0.4985 0.2732 0.1364 0.1656 0.2722 0.4834 0.4567 0.1735 0.1388 0.1912 0.3354 0.5131 0.3771 0.1431 0.1501 0.2293 0.4056 0.5104 0.4056 0.2293 0.1501 0.1431 0.3771 0.5131 0.3354 0.1912 0.1388 0.1735 0.4567 0.4834 0.2722 0.1656 0.1364 0.2732 0.4985 0.4105 0.2269 0.1493 0.1435 0.3769 0.5131 0.3393 0.1936 0.1395 0.1674 0.4488 0.4917 0.2807 0.1692 0.1361 0.2517 0.4928 0.4254 0.2348 0.1520 0.1412 0.3581 0.5123 0.3531 0.1997 0.1411 0.1596 0.4362 0.5006 0.2919 0.1736 0.1362 0.2354
0.4843 0.2181 0.1371 0.1770 0.2975 0.5044 0.4300 0.1572 0.1428 0.2039 0.3595 0.5125 0.3482 0.1410 0.1545 0.2397 0.4324 0.4906 0.2403 0.1369 0.1724 0.2862 0.4965 0.4435 0.1638 0.1411 0.1976 0.3455 0.5138 0.3675 0.1430 0.1517 0.2319 0.4180 0.4966 0.2603 0.1370 0.1691 0.2787 0.4903 0.4502 0.1674 0.1406 0.1964 0.3448 0.5138 0.3621 0.1420 0.1529 0.2293 0.3280 0.2293 0.1529 0.1420 0.3621 0.5138 0.3448 0.1964 0.1406 0.1674 0.4502 0.4903 0.2787 0.1691 0.1370 0.2603 0.4966 0.4180 0.2319 0.1517 0.1430 0.3675 0.5138 0.3455 0.1976 0.1411 0.1638 0.4435 0.4965 0.2862 0.1724 0.1369 0.2403 0.4906 0.4324 0.2397 0.1545 0.1410 0.3482 0.5125 0.3595 0.2039 0.1428 0.1572 0.4300 0.5044 0.2975 0.1770 0.1371 0.2181 0.4843
0.4392 0.4851 0.2233 0.1372 0.1760 0.2948 0.5028 0.4335 0.1588 0.1425 0.2024 0.3559 0.5132 0.3532 0.1416 0.1539 0.2377 0.4286 0.4925 0.2461 0.1371 0.1715 0.2836 0.4943 0.4466 0.1659 0.1408 0.1963 0.3422 0.5142 0.3719 0.1437 0.1513 0.2303 0.4149 0.4979 0.2642 0.1372 0.1688 0.2777 0.4896 0.4508 0.1677 0.1407 0.1968 0.3457 0.5139 0.3602 0.1420 0.1501 0.1873 0.1501 0.1420 0.3602 0.5139 0.3457 0.1968 0.1407 0.1677 0.4508 0.4896 0.2777 0.1688 0.1372 0.2642 0.4979 0.4149 0.2303 0.1513 0.1437 0.3719 0.5142 0.3422 0.1963 0.1408 0.1659 0.4466 0.4943 0.2836 0.1715 0.1371 0.2461 0.4925 0.4286 0.2377 0.1539 0.1416 0.3532 0.5132 0.3559 0.2024 0.1425 0.1588 0.4335 0.5028 0.2948 0.1760 0.1372 0.2233 0.4851 0.4392
0.2441 0.4383 0.4881 0.2320 0.1371 0.1743 0.2903 0.4998 0.4388 0.1614 0.1419 0.2000 0.3504 0.5138 0.3610 0.1424 0.1528 0.2345 0.4224 0.4952 0.2553 0.1372 0.1698 0.2794 0.4903 0.4514 0.1694 0.1403 0.1941 0.3371 0.5143 0.3786 0.1446 0.1504 0.2278 0.4101 0.4996 0.2705 0.1373 0.1679 0.2757 0.4878 0.4524 0.1687 0.1406 0.1967 0.3457 0.5139 0.3621 0.1431 0.1374 0.1431 0.3621 0.5139 0.3457 0.1967 0.1406 0.1687 0.4524 0.4878 0.2757 0.1679 0.1373 0.2705 0.4996 0.4101 0.2278 0.1504 0.1446 0.3786 0.5143 0.3371 0.1941 0.1403 0.1694 0.4514 0.4903 0.2794 0.1698 0.1372 0.2553 0.4952 0.4224 0.2345 0.1528 0.1424 0.3610 0.5138 0.3504 0.2000 0.1419 0.1614 0.4388 0.4998 0.2903 0.1743 0.1371 0.2320 0.4881 0.4383 0.2441
0.1601 0.2394 0.4317 0.4912 0.2417 0.1371 0.1724 0.2857 0.4961 0.4443 0.1645 0.1412 0.1974 0.3445 0.5141 0.3691 0.1434 0.1516 0.2311 0.4158 0.4978 0.2652 0.1373 0.1681 0.2750 0.4856 0.4562 0.1735 0.1397 0.1918 0.3319 0.5141 0.3853 0.1456 0.1495 0.2253 0.4055 0.5011 0.2764 0.1374 0.1671 0.2739 0.4862 0.4536 0.1694 0.1406 0.1967 0.3457 0.5138 0.3771 0.1784 0.3771 0.5138 0.3457 0.1967 0.1406 0.1694 0.4536 0.4862 0.2739 0.1671 0.1374 0.2764 0.5011 0.4055 0.2253 0.1495 0.1456 0.3853 0.5141 0.3319 0.1918 0.1397 0.1735 0.4562 0.4856 0.2750 0.1681 0.1373 0.2652 0.4978 0.4158 0.2311 0.1516 0.1434 0.3691 0.5141 0.3445 0.1974 0.1412 0.1645 0.4443 0.4961 0.2857 0.1724 0.1371 0.2417 0.4912 0.4317 0.2394 0.1601
