0.0000 0.0006 0.0085 0.1103 1.0000 1.0000 0.0002 0.0022 0.0283 0.3678 1.0000 1.0000 0.0006 0.0072 0.0940 1.0000 1.0000 0.0001 0.0019 0.0241 0.3135 1.0000 1.0000 0.0005 0.0062 0.0802 1.0000 1.0000 0.0001 0.0016 0.0205 0.2667 1.0000 1.0000 0.0004 0.0052 0.0682 0.8871 1.0000 0.0001 0.0013 0.0174 0.2269 1.0000 1.0000 0.0003 0.0044 0.0574 0.7224 1.0000 1.0000 1.0000 0.7224 0.0574 0.0044 0.0003 1.0000 1.0000 0.2269 0.0174 0.0013 0.0001 1.0000 0.8871 0.0682 0.0052 0.0004 1.0000 1.0000 0.2667 0.0205 0.0016 0.0001 1.0000 1.0000 0.0802 0.0062 0.0005 1.0000 1.0000 0.3135 0.0241 0.0019 0.0001 1.0000 1.0000 0.0940 0.0072 0.0006 1.0000 1.0000 0.3678 0.0283 0.0022 0.0002 1.0000 1.0000 0.1103 0.0085 0.0006 0.0000
0.0006 0.0086 0.1108 1.0000 1.0000 0.0002 0.0021 0.0279 0.3629 1.0000 1.0000 0.0005 0.0071 0.0928 1.0000 1.0000 0.0001 0.0018 0.0237 0.3087 1.0000 1.0000 0.0005 0.0061 0.0790 1.0000 1.0000 0.0001 0.0016 0.0202 0.2626 1.0000 1.0000 0.0004 0.0052 0.0672 0.8737 1.0000 0.0001 0.0013 0.0172 0.2234 1.0000 1.0000 0.0003 0.0044 0.0569 0.7348 1.0000 0.0001 0.0003 0.0001 1.0000 0.7348 0.0569 0.0044 0.0003 1.0000 1.0000 0.2234 0.0172 0.0013 0.0001 1.0000 0.8737 0.0672 0.0052 0.0004 1.0000 1.0000 0.2626 0.0202 0.0016 0.0001 1.0000 1.0000 0.0790 0.0061 0.0005 1.0000 1.0000 0.3087 0.0237 0.0018 0.0001 1.0000 1.0000 0.0928 0.0071 0.0005 1.0000 1.0000 0.3629 0.0279 0.0021 0.0002 1.0000 1.0000 0.1108 0.0086 0.0006
0.0085 0.1108 1.0000 1.0000 0.0002 0.0020 0.0262 0.3395 1.0000 1.0000 0.0005 0.0066 0.0863 1.0000 1.0000 0.0001 0.0017 0.0221 0.2877 1.0000 1.0000 0.0004 0.0057 0.0736 0.9572 1.0000 0.0001 0.0014 0.0188 0.2448 1.0000 1.0000 0.0004 0.0048 0.0626 0.8143 1.0000 0.0001 0.0012 0.0160 0.2083 1.0000 1.0000 0.0003 0.0041 0.0532 0.6901 1.0000 0.0001 0.0009 0.0042 0.0009 0.0001 1.0000 0.6901 0.0532 0.0041 0.0003 1.0000 1.0000 0.2083 0.0160 0.0012 0.0001 1.0000 0.8143 0.0626 0.0048 0.0004 1.0000 1.0000 0.2448 0.0188 0.0014 0.0001 1.0000 0.9572 0.0736 0.0057 0.0004 1.0000 1.0000 0.2877 0.0221 0.0017 0.0001 1.0000 1.0000 0.0863 0.0066 0.0005 1.0000 1.0000 0.3395 0.0262 0.0020 0.0002 1.0000 1.0000 0.1108 0.0085
0.1103 1.0000 1.0000 0.0002 0.0020 0.0250 0.3213 1.0000 1.0000 0.0005 0.0062 0.0806 1.0000 1.0000 0.0001 0.0016 0.0206 0.2682 1.0000 1.0000 0.0004 0.0053 0.0686 0.8922 1.0000 0.0001 0.0013 0.0175 0.2282 1.0000 1.0000 0.0003 0.0045 0.0583 0.7590 1.0000 0.0001 0.0011 0.0149 0.1941 1.0000 1.0000 0.0003 0.0038 0.0495 0.6445 1.0000 0.0001 0.0009 0.0106 0.0509 0.0106 0.0009 0.0001 1.0000 0.6445 0.0495 0.0038 0.0003 1.0000 1.0000 0.1941 0.0149 0.0011 0.0001 1.0000 0.7590 0.0583 0.0045 0.0003 1.0000 1.0000 0.2282 0.0175 0.0013 0.0001 1.0000 0.8922 0.0686 0.0053 0.0004 1.0000 1.0000 0.2682 0.0206 0.0016 0.0001 1.0000 1.0000 0.0806 0.0062 0.0005 1.0000 1.0000 0.3213 0.0250 0.0020 0.0002 1.0000 1.0000 0.1103
1.0000 1.0000 0.0002 0.0020 0.0245 0.3111 1.0000 1.0000 0.0005 0.0058 0.0756 0.9793 1.0000 0.0001 0.0015 0.0192 0.2500 1.0000 1.0000 0.0004 0.0049 0.0639 0.8315 1.0000 0.0001 0.0013 0.0163 0.2127 1.0000 1.0000 0.0003 0.0042 0.0544 0.7074 1.0000 0.0001 0.0011 0.0139 0.1809 1.0000 1.0000 0.0003 0.0036 0.0462 0.6007 1.0000 0.0001 0.0009 0.0113 0.1282 0.6157 0.1282 0.0113 0.0009 0.0001 1.0000 0.6007 0.0462 0.0036 0.0003 1.0000 1.0000 0.1809 0.0139 0.0011 0.0001 1.0000 0.7074 0.0544 0.0042 0.0003 1.0000 1.0000 0.2127 0.0163 0.0013 0.0001 1.0000 0.8315 0.0639 0.0049 0.0004 1.0000 1.0000 0.2500 0.0192 0.0015 0.0001 1.0000 0.9793 0.0756 0.0058 0.0005 1.0000 1.0000 0.3111 0.0245 0.0020 0.0002 1.0000 1.0000
1.0000 0.0002 0.0020 0.0250 0.3111 1.0000 1.0000 0.0004 0.0056 0.0715 0.9232 1.0000 0.0001 0.0014 0.0179 0.2330 1.0000 1.0000 0.0004 0.0046 0.0596 0.7750 1.0000 0.0001 0.0012 0.0152 0.1982 1.0000 1.0000 0.0003 0.0039 0.0507 0.6594 1.0000 0.0001 0.0010 0.0130 0.1686 1.0000 1.0000 0.0003 0.0033 0.0431 0.5599 1.0000 0.0001 0.0008 0.0109 0.1373 1.0000 1.0000 1.0000 0.1373 0.0109 0.0008 0.0001 1.0000 0.5599 0.0431 0.0033 0.0003 1.0000 1.0000 0.1686 0.0130 0.0010 0.0001 1.0000 0.6594 0.0507 0.0039 0.0003 1.0000 1.0000 0.1982 0.0152 0.0012 0.0001 1.0000 0.7750 0.0596 0.0046 0.0004 1.0000 1.0000 0.2330 0.0179 0.0014 0.0001 1.0000 0.9232 0.0715 0.0056 0.0004 1.0000 1.0000 0.3111 0.0250 0.0020 0.0002 1.0000
0.0002 0.0021 0.0262 0.3213 1.0000 1.0000 0.0004 0.0054 0.0688 0.8820 1.0000 0.0001 0.0013 0.0168 0.2176 1.0000 1.0000 0.0003 0.0043 0.0555 0.7224 1.0000 0.0001 0.0011 0.0142 0.1847 1.0000 1.0000 0.0003 0.0036 0.0472 0.6146 1.0000 0.0001 0.0009 0.0121 0.1572 1.0000 1.0000 0.0002 0.0031 0.0402 0.5218 1.0000 0.0001 0.0008 0.0102 0.1319 1.0000 1.0000 0.0001 1.0000 1.0000 0.1319 0.0102 0.0008 0.0001 1.0000 0.5218 0.0402 0.0031 0.0002 1.0000 1.0000 0.1572 0.0121 0.0009 0.0001 1.0000 0.6146 0.0472 0.0036 0.0003 1.0000 1.0000 0.1847 0.0142 0.0011 0.0001 1.0000 0.7224 0.0555 0.0043 0.0003 1.0000 1.0000 0.2176 0.0168 0.0013 0.0001 1.0000 0.8820 0.0688 0.0054 0.0004 1.0000 1.0000 0.3213 0.0262 0.0021 0.0002
0.0022 0.0279 0.3395 1.0000 1.0000 0.0004 0.0054 0.0679 0.8605 1.0000 0.0001 0.0012 0.0159 0.2051 1.0000 1.0000 0.0003 0.0040 0.0518 0.6733 1.0000 0.0001 0.0010 0.0132 0.1722 1.0000 1.0000 0.0003 0.0034 0.0440 0.5728 1.0000 0.0001 0.0009 0.0113 0.1465 1.0000 1.0000 0.0002 0.0029 0.0375 0.4873 1.0000 0.0001 0.0007 0.0095 0.1237 1.0000 1.0000 0.0002 0.0008 0.0002 1.0000 1.0000 0.1237 0.0095 0.0007 0.0001 1.0000 0.4873 0.0375 0.0029 0.0002 1.0000 1.0000 0.1465 0.0113 0.0009 0.0001 1.0000 0.5728 0.0440 0.0034 0.0003 1.0000 1.0000 0.1722 0.0132 0.0010 0.0001 1.0000 0.6733 0.0518 0.0040 0.0003 1.0000 1.0000 0.2051 0.0159 0.0012 0.0001 1.0000 0.8605 0.0679 0.0054 0.0004 1.0000 1.0000 0.3395 0.0279 0.0022
0.0283 0.3629 1.0000 1.0000 0.0005 0.0056 0.0688 0.8605 1.0000 0.0001 0.0012 0.0152 0.1952 1.0000 1.0000 0.0003 0.0037 0.0483 0.6275 1.0000 0.0001 0.0009 0.0123 0.1605 1.0000 1.0000 0.0002 0.0032 0.0410 0.5339 1.0000 0.0001 0.0008 0.0105 0.1365 1.0000 1.0000 0.0002 0.0027 0.0349 0.4542 1.0000 0.0001 0.0007 0.0089 0.1155 1.0000 1.0000 0.0002 0.0019 0.0091 0.0019 0.0002 1.0000 1.0000 0.1155 0.0089 0.0007 0.0001 1.0000 0.4542 0.0349 0.0027 0.0002 1.0000 1.0000 0.1365 0.0105 0.0008 0.0001 1.0000 0.5339 0.0410 0.0032 0.0002 1.0000 1.0000 0.1605 0.0123 0.0009 0.0001 1.0000 0.6275 0.0483 0.0037 0.0003 1.0000 1.0000 0.1952 0.0152 0.0012 0.0001 1.0000 0.8605 0.0688 0.0056 0.0005 1.0000 1.0000 0.3629 0.0283
0.3678 1.0000 1.0000 0.0005 0.0058 0.0715 0.8820 1.0000 0.0001 0.0012 0.0149 0.1894 1.0000 1.0000 0.0003 0.0035 0.0455 0.5882 1.0000 0.0001 0.0009 0.0115 0.1496 1.0000 1.0000 0.0002 0.0029 0.0383 0.4976 1.0000 0.0001 0.0008 0.0098 0.1273 1.0000 1.0000 0.0002 0.0025 0.0325 0.4233 1.0000 1.0000 0.0006 0.0083 0.1078 1.0000 1.0000 0.0002 0.0020 0.0230 0.1105 0.0230 0.0020 0.0002 1.0000 1.0000 0.1078 0.0083 0.0006 1.0000 1.0000 0.4233 0.0325 0.0025 0.0002 1.0000 1.0000 0.1273 0.0098 0.0008 0.0001 1.0000 0.4976 0.0383 0.0029 0.0002 1.0000 1.0000 0.1496 0.0115 0.0009 0.0001 1.0000 0.5882 0.0455 0.0035 0.0003 1.0000 1.0000 0.1894 0.0149 0.0012 0.0001 1.0000 0.8820 0.0715 0.0058 0.0005 1.0000 1.0000 0.3678
1.0000 1.0000 0.0005 0.0062 0.0756 0.9232 1.0000 0.0001 0.0012 0.0149 0.1872 1.0000 1.0000 0.0003 0.0034 0.0432 0.5567 1.0000 0.0001 0.0008 0.0107 0.1394 1.0000 1.0000 0.0002 0.0027 0.0357 0.4638 1.0000 0.0001 0.0007 0.0091 0.1186 1.0000 1.0000 0.0002 0.0023 0.0303 0.3946 1.0000 1.0000 0.0006 0.0077 0.1005 1.0000 1.0000 0.0002 0.0020 0.0247 0.2791 1.0000 0.2791 0.0247 0.0020 0.0002 1.0000 1.0000 0.1005 0.0077 0.0006 1.0000 1.0000 0.3946 0.0303 0.0023 0.0002 1.0000 1.0000 0.1186 0.0091 0.0007 0.0001 1.0000 0.4638 0.0357 0.0027 0.0002 1.0000 1.0000 0.1394 0.0107 0.0008 0.0001 1.0000 0.5567 0.0432 0.0034 0.0003 1.0000 1.0000 0.1872 0.0149 0.0012 0.0001 1.0000 0.9232 0.0756 0.0062 0.0005 1.0000 1.0000
1.0000 0.0005 0.0066 0.0806 0.9793 1.0000 0.0001 0.0012 0.0152 0.1894 1.0000 1.0000 0.0003 0.0033 0.0417 0.5329 1.0000 0.0001 0.0008 0.0101 0.1307 1.0000 1.0000 0.0002 0.0026 0.0332 0.4323 1.0000 1.0000 0.0007 0.0085 0.1105 1.0000 1.0000 0.0002 0.0022 0.0283 0.3678 1.0000 1.0000 0.0006 0.0072 0.0937 1.0000 1.0000 0.0001 0.0018 0.0237 0.2989 1.0000 1.0000 1.0000 0.2989 0.0237 0.0018 0.0001 1.0000 1.0000 0.0937 0.0072 0.0006 1.0000 1.0000 0.3678 0.0283 0.0022 0.0002 1.0000 1.0000 0.1105 0.0085 0.0007 1.0000 1.0000 0.4323 0.0332 0.0026 0.0002 1.0000 1.0000 0.1307 0.0101 0.0008 0.0001 1.0000 0.5329 0.0417 0.0033 0.0003 1.0000 1.0000 0.1894 0.0152 0.0012 0.0001 1.0000 0.9793 0.0806 0.0066 0.0005 1.0000
0.0006 0.0071 0.0863 1.0000 1.0000 0.0001 0.0013 0.0159 0.1952 1.0000 1.0000 0.0003 0.0032 0.0409 0.5189 1.0000 0.0001 0.0007 0.0096 0.1234 1.0000 1.0000 0.0002 0.0024 0.0310 0.4029 1.0000 1.0000 0.0006 0.0079 0.1030 1.0000 1.0000 0.0002 0.0020 0.0264 0.3428 1.0000 1.0000 0.0005 0.0067 0.0873 1.0000 1.0000 0.0001 0.0017 0.0222 0.2867 1.0000 1.0000 0.0001 1.0000 1.0000 0.2867 0.0222 0.0017 0.0001 1.0000 1.0000 0.0873 0.0067 0.0005 1.0000 1.0000 0.3428 0.0264 0.0020 0.0002 1.0000 1.0000 0.1030 0.0079 0.0006 1.0000 1.0000 0.4029 0.0310 0.0024 0.0002 1.0000 1.0000 0.1234 0.0096 0.0007 0.0001 1.0000 0.5189 0.0409 0.0032 0.0003 1.0000 1.0000 0.1952 0.0159 0.0013 0.0001 1.0000 1.0000 0.0863 0.0071 0.0006
0.0072 0.0928 1.0000 1.0000 0.0001 0.0014 0.0168 0.2051 1.0000 1.0000 0.0003 0.0033 0.0409 0.5139 1.0000 0.0001 0.0007 0.0092 0.1177 1.0000 1.0000 0.0002 0.0022 0.0290 0.3762 1.0000 1.0000 0.0006 0.0074 0.0960 1.0000 1.0000 0.0001 0.0019 0.0246 0.3195 1.0000 1.0000 0.0005 0.0063 0.0815 1.0000 1.0000 0.0001 0.0016 0.0207 0.2692 1.0000 1.0000 0.0003 0.0016 0.0003 1.0000 1.0000 0.2692 0.0207 0.0016 0.0001 1.0000 1.0000 0.0815 0.0063 0.0005 1.0000 1.0000 0.3195 0.0246 0.0019 0.0001 1.0000 1.0000 0.0960 0.0074 0.0006 1.0000 1.0000 0.3762 0.0290 0.0022 0.0002 1.0000 1.0000 0.1177 0.0092 0.0007 0.0001 1.0000 0.5139 0.0409 0.0033 0.0003 1.0000 1.0000 0.2051 0.0168 0.0014 0.0001 1.0000 1.0000 0.0928 0.0072
0.0940 1.0000 1.0000 0.0001 0.0015 0.0179 0.2176 1.0000 1.0000 0.0003 0.0034 0.0417 0.5189 1.0000 0.0001 0.0007 0.0089 0.1137 1.0000 1.0000 0.0002 0.0021 0.0273 0.3534 1.0000 1.0000 0.0005 0.0069 0.0895 1.0000 1.0000 0.0001 0.0018 0.0229 0.2978 1.0000 1.0000 0.0005 0.0058 0.0760 0.9868 1.0000 0.0001 0.0015 0.0193 0.2514 1.0000 1.0000 0.0004 0.0041 0.0198 0.0041 0.0004 1.0000 1.0000 0.2514 0.0193 0.0015 0.0001 1.0000 0.9868 0.0760 0.0058 0.0005 1.0000 1.0000 0.2978 0.0229 0.0018 0.0001 1.0000 1.0000 0.0895 0.0069 0.0005 1.0000 1.0000 0.3534 0.0273 0.0021 0.0002 1.0000 1.0000 0.1137 0.0089 0.0007 0.0001 1.0000 0.5189 0.0417 0.0034 0.0003 1.0000 1.0000 0.2176 0.0179 0.0015 0.0001 1.0000 1.0000 0.0940
1.0000 1.0000 0.0001 0.0016 0.0192 0.2330 1.0000 1.0000 0.0003 0.0035 0.0432 0.5329 1.0000 0.0001 0.0007 0.0089 0.1116 1.0000 1.0000 0.0002 0.0020 0.0260 0.3344 1.0000 1.0000 0.0005 0.0064 0.0836 1.0000 1.0000 0.0001 0.0016 0.0213 0.2775 1.0000 1.0000 0.0004 0.0054 0.0708 0.9215 1.0000 0.0001 0.0014 0.0180 0.2343 1.0000 1.0000 0.0004 0.0044 0.0500 0.2406 0.0500 0.0044 0.0004 1.0000 1.0000 0.2343 0.0180 0.0014 0.0001 1.0000 0.9215 0.0708 0.0054 0.0004 1.0000 1.0000 0.2775 0.0213 0.0016 0.0001 1.0000 1.0000 0.0836 0.0064 0.0005 1.0000 1.0000 0.3344 0.0260 0.0020 0.0002 1.0000 1.0000 0.1116 0.0089 0.0007 0.0001 1.0000 0.5329 0.0432 0.0035 0.0003 1.0000 1.0000 0.2330 0.0192 0.0016 0.0001 1.0000 1.0000
1.0000 0.0001 0.0017 0.0206 0.2500 1.0000 1.0000 0.0003 0.0037 0.0455 0.5567 1.0000 0.0001 0.0007 0.0089 0.1116 1.0000 1.0000 0.0002 0.0020 0.0250 0.3201 1.0000 1.0000 0.0005 0.0060 0.0784 1.0000 1.0000 0.0001 0.0015 0.0199 0.2587 1.0000 1.0000 0.0004 0.0051 0.0660 0.8589 1.0000 0.0001 0.0013 0.0168 0.2188 1.0000 1.0000 0.0003 0.0042 0.0536 0.6064 1.0000 0.6064 0.0536 0.0042 0.0003 1.0000 1.0000 0.2188 0.0168 0.0013 0.0001 1.0000 0.8589 0.0660 0.0051 0.0004 1.0000 1.0000 0.2587 0.0199 0.0015 0.0001 1.0000 1.0000 0.0784 0.0060 0.0005 1.0000 1.0000 0.3201 0.0250 0.0020 0.0002 1.0000 1.0000 0.1116 0.0089 0.0007 0.0001 1.0000 0.5567 0.0455 0.0037 0.0003 1.0000 1.0000 0.2500 0.0206 0.0017 0.0001 1.0000
0.0001 0.0018 0.0221 0.2682 1.0000 1.0000 0.0003 0.0040 0.0483 0.5882 1.0000 0.0001 0.0007 0.0092 0.1137 1.0000 1.0000 0.0002 0.0019 0.0244 0.3099 1.0000 1.0000 0.0004 0.0057 0.0740 0.9554 1.0000 0.0001 0.0014 0.0185 0.2411 1.0000 1.0000 0.0004 0.0047 0.0615 0.8005 1.0000 0.0001 0.0012 0.0157 0.2039 1.0000 1.0000 0.0003 0.0040 0.0515 0.6494 1.0000 1.0000 1.0000 0.6494 0.0515 0.0040 0.0003 1.0000 1.0000 0.2039 0.0157 0.0012 0.0001 1.0000 0.8005 0.0615 0.0047 0.0004 1.0000 1.0000 0.2411 0.0185 0.0014 0.0001 1.0000 0.9554 0.0740 0.0057 0.0004 1.0000 1.0000 0.3099 0.0244 0.0019 0.0002 1.0000 1.0000 0.1137 0.0092 0.0007 0.0001 1.0000 0.5882 0.0483 0.0040 0.0003 1.0000 1.0000 0.2682 0.0221 0.0018 0.0001
0.0019 0.0237 0.2877 1.0000 1.0000 0.0004 0.0043 0.0518 0.6275 1.0000 0.0001 0.0008 0.0096 0.1177 1.0000 1.0000 0.0002 0.0019 0.0242 0.3046 1.0000 1.0000 0.0004 0.0055 0.0704 0.9058 1.0000 0.0001 0.0013 0.0174 0.2251 1.0000 1.0000 0.0003 0.0044 0.0575 0.7461 1.0000 0.0001 0.0011 0.0146 0.1901 1.0000 1.0000 0.0003 0.0037 0.0483 0.6240 1.0000 0.0001 0.0003 0.0001 1.0000 0.6240 0.0483 0.0037 0.0003 1.0000 1.0000 0.1901 0.0146 0.0011 0.0001 1.0000 0.7461 0.0575 0.0044 0.0003 1.0000 1.0000 0.2251 0.0174 0.0013 0.0001 1.0000 0.9058 0.0704 0.0055 0.0004 1.0000 1.0000 0.3046 0.0242 0.0019 0.0002 1.0000 1.0000 0.1177 0.0096 0.0008 0.0001 1.0000 0.6275 0.0518 0.0043 0.0004 1.0000 1.0000 0.2877 0.0237 0.0019
0.0241 0.3087 1.0000 1.0000 0.0004 0.0046 0.0555 0.6733 1.0000 0.0001 0.0008 0.0101 0.1234 1.0000 1.0000 0.0002 0.0020 0.0244 0.3046 1.0000 1.0000 0.0004 0.0053 0.0679 0.8687 1.0000 0.0001 0.0013 0.0163 0.2119 1.0000 1.0000 0.0003 0.0041 0.0536 0.6954 1.0000 0.0001 0.0010 0.0136 0.1772 1.0000 1.0000 0.0003 0.0035 0.0451 0.5849 1.0000 0.0001 0.0007 0.0036 0.0007 0.0001 1.0000 0.5849 0.0451 0.0035 0.0003 1.0000 1.0000 0.1772 0.0136 0.0010 0.0001 1.0000 0.6954 0.0536 0.0041 0.0003 1.0000 1.0000 0.2119 0.0163 0.0013 0.0001 1.0000 0.8687 0.0679 0.0053 0.0004 1.0000 1.0000 0.3046 0.0244 0.0020 0.0002 1.0000 1.0000 0.1234 0.0101 0.0008 0.0001 1.0000 0.6733 0.0555 0.0046 0.0004 1.0000 1.0000 0.3087 0.0241
0.3135 1.0000 1.0000 0.0004 0.0049 0.0596 0.7224 1.0000 0.0001 0.0009 0.0107 0.1307 1.0000 1.0000 0.0002 0.0020 0.0250 0.3099 1.0000 1.0000 0.0004 0.0052 0.0663 0.8427 1.0000 0.0001 0.0012 0.0155 0.2001 1.0000 1.0000 0.0003 0.0039 0.0500 0.6494 1.0000 0.0001 0.0010 0.0127 0.1651 1.0000 1.0000 0.0002 0.0032 0.0421 0.5462 1.0000 0.0001 0.0008 0.0090 0.0432 0.0090 0.0008 0.0001 1.0000 0.5462 0.0421 0.0032 0.0002 1.0000 1.0000 0.1651 0.0127 0.0010 0.0001 1.0000 0.6494 0.0500 0.0039 0.0003 1.0000 1.0000 0.2001 0.0155 0.0012 0.0001 1.0000 0.8427 0.0663 0.0052 0.0004 1.0000 1.0000 0.3099 0.0250 0.0020 0.0002 1.0000 1.0000 0.1307 0.0107 0.0009 0.0001 1.0000 0.7224 0.0596 0.0049 0.0004 1.0000 1.0000 0.3135
1.0000 1.0000 0.0004 0.0053 0.0639 0.7750 1.0000 0.0001 0.0009 0.0115 0.1394 1.0000 1.0000 0.0002 0.0021 0.0260 0.3201 1.0000 1.0000 0.0004 0.0052 0.0658 0.8300 1.0000 0.0001 0.0012 0.0149 0.1912 1.0000 1.0000 0.0003 0.0036 0.0469 0.6076 1.0000 0.0001 0.0009 0.0119 0.1542 1.0000 1.0000 0.0002 0.0030 0.0392 0.5101 1.0000 0.0001 0.0008 0.0096 0.1089 0.5228 0.1089 0.0096 0.0008 0.0001 1.0000 0.5101 0.0392 0.0030 0.0002 1.0000 1.0000 0.1542 0.0119 0.0009 0.0001 1.0000 0.6076 0.0469 0.0036 0.0003 1.0000 1.0000 0.1912 0.0149 0.0012 0.0001 1.0000 0.8300 0.0658 0.0052 0.0004 1.0000 1.0000 0.3201 0.0260 0.0021 0.0002 1.0000 1.0000 0.1394 0.0115 0.0009 0.0001 1.0000 0.7750 0.0639 0.0053 0.0004 1.0000 1.0000
1.0000 0.0005 0.0057 0.0686 0.8315 1.0000 0.0001 0.0010 0.0123 0.1496 1.0000 1.0000 0.0002 0.0022 0.0273 0.3344 1.0000 1.0000 0.0004 0.0053 0.0663 0.8300 1.0000 0.0001 0.0011 0.0145 0.1844 1.0000 1.0000 0.0003 0.0034 0.0443 0.5717 1.0000 0.0001 0.0009 0.0111 0.1440 1.0000 1.0000 0.0002 0.0028 0.0366 0.4754 1.0000 0.0001 0.0007 0.0092 0.1166 1.0000 1.0000 1.0000 0.1166 0.0092 0.0007 0.0001 1.0000 0.4754 0.0366 0.0028 0.0002 1.0000 1.0000 0.1440 0.0111 0.0009 0.0001 1.0000 0.5717 0.0443 0.0034 0.0003 1.0000 1.0000 0.1844 0.0145 0.0011 0.0001 1.0000 0.8300 0.0663 0.0053 0.0004 1.0000 1.0000 0.3344 0.0273 0.0022 0.0002 1.0000 1.0000 0.1496 0.0123 0.0010 0.0001 1.0000 0.8315 0.0686 0.0057 0.0005 1.0000
0.0005 0.0061 0.0736 0.8922 1.0000 0.0001 0.0011 0.0132 0.1605 1.0000 1.0000 0.0002 0.0024 0.0290 0.3534 1.0000 1.0000 0.0004 0.0055 0.0679 0.8427 1.0000 0.0001 0.0011 0.0143 0.1802 1.0000 1.0000 0.0003 0.0033 0.0422 0.5421 1.0000 0.0001 0.0008 0.0104 0.1347 1.0000 1.0000 0.0002 0.0026 0.0341 0.4439 1.0000 1.0000 0.0007 0.0087 0.1120 1.0000 1.0000 1.0000 1.0000 1.0000 0.1120 0.0087 0.0007 1.0000 1.0000 0.4439 0.0341 0.0026 0.0002 1.0000 1.0000 0.1347 0.0104 0.0008 0.0001 1.0000 0.5421 0.0422 0.0033 0.0003 1.0000 1.0000 0.1802 0.0143 0.0011 0.0001 1.0000 0.8427 0.0679 0.0055 0.0004 1.0000 1.0000 0.3534 0.0290 0.0024 0.0002 1.0000 1.0000 0.1605 0.0132 0.0011 0.0001 1.0000 0.8922 0.0736 0.0061 0.0005
0.0062 0.0790 0.9572 1.0000 0.0001 0.0012 0.0142 0.1722 1.0000 1.0000 0.0002 0.0026 0.0310 0.3762 1.0000 1.0000 0.0005 0.0057 0.0704 0.8687 1.0000 0.0001 0.0011 0.0143 0.1789 1.0000 1.0000 0.0002 0.0032 0.0404 0.5179 1.0000 0.0001 0.0008 0.0098 0.1265 1.0000 1.0000 0.0002 0.0025 0.0319 0.4146 1.0000 1.0000 0.0006 0.0081 0.1052 1.0000 1.0000 0.0001 0.0006 0.0001 1.0000 1.0000 0.1052 0.0081 0.0006 1.0000 1.0000 0.4146 0.0319 0.0025 0.0002 1.0000 1.0000 0.1265 0.0098 0.0008 0.0001 1.0000 0.5179 0.0404 0.0032 0.0002 1.0000 1.0000 0.1789 0.0143 0.0011 0.0001 1.0000 0.8687 0.0704 0.0057 0.0005 1.0000 1.0000 0.3762 0.0310 0.0026 0.0002 1.0000 1.0000 0.1722 0.0142 0.0012 0.0001 1.0000 0.9572 0.0790 0.0062
0.0802 1.0000 1.0000 0.0001 0.0013 0.0152 0.1847 1.0000 1.0000 0.0002 0.0027 0.0332 0.4029 1.0000 1.0000 0.0005 0.0060 0.0740 0.9058 1.0000 0.0001 0.0012 0.0145 0.1802 1.0000 1.0000 0.0002 0.0031 0.0393 0.5004 1.0000 0.0001 0.0007 0.0093 0.1195 1.0000 1.0000 0.0002 0.0023 0.0299 0.3879 1.0000 1.0000 0.0006 0.0076 0.0983 1.0000 1.0000 0.0001 0.0016 0.0078 0.0016 0.0001 1.0000 1.0000 0.0983 0.0076 0.0006 1.0000 1.0000 0.3879 0.0299 0.0023 0.0002 1.0000 1.0000 0.1195 0.0093 0.0007 0.0001 1.0000 0.5004 0.0393 0.0031 0.0002 1.0000 1.0000 0.1802 0.0145 0.0012 0.0001 1.0000 0.9058 0.0740 0.0060 0.0005 1.0000 1.0000 0.4029 0.0332 0.0027 0.0002 1.0000 1.0000 0.1847 0.0152 0.0013 0.0001 1.0000 1.0000 0.0802
1.0000 1.0000 0.0001 0.0013 0.0163 0.1982 1.0000 1.0000 0.0002 0.0029 0.0357 0.4323 1.0000 1.0000 0.0005 0.0064 0.0784 0.9554 1.0000 0.0001 0.0012 0.0149 0.1844 1.0000 1.0000 0.0002 0.0031 0.0387 0.4892 1.0000 0.0001 0.0007 0.0089 0.1140 1.0000 1.0000 0.0002 0.0022 0.0281 0.3629 1.0000 1.0000 0.0005 0.0071 0.0919 1.0000 1.0000 0.0001 0.0017 0.0196 0.0940 0.0196 0.0017 0.0001 1.0000 1.0000 0.0919 0.0071 0.0005 1.0000 1.0000 0.3629 0.0281 0.0022 0.0002 1.0000 1.0000 0.1140 0.0089 0.0007 0.0001 1.0000 0.4892 0.0387 0.0031 0.0002 1.0000 1.0000 0.1844 0.0149 0.0012 0.0001 1.0000 0.9554 0.0784 0.0064 0.0005 1.0000 1.0000 0.4323 0.0357 0.0029 0.0002 1.0000 1.0000 0.1982 0.0163 0.0013 0.0001 1.0000 1.0000
1.0000 0.0001 0.0014 0.0175 0.2127 1.0000 1.0000 0.0003 0.0032 0.0383 0.4638 1.0000 1.0000 0.0006 0.0069 0.0836 1.0000 1.0000 0.0001 0.0013 0.0155 0.1912 1.0000 1.0000 0.0002 0.0031 0.0387 0.4854 1.0000 0.0001 0.0007 0.0086 0.1097 1.0000 1.0000 0.0002 0.0020 0.0265 0.3421 1.0000 1.0000 0.0005 0.0066 0.0860 1.0000 1.0000 0.0001 0.0017 0.0210 0.2375 1.0000 0.2375 0.0210 0.0017 0.0001 1.0000 1.0000 0.0860 0.0066 0.0005 1.0000 1.0000 0.3421 0.0265 0.0020 0.0002 1.0000 1.0000 0.1097 0.0086 0.0007 0.0001 1.0000 0.4854 0.0387 0.0031 0.0002 1.0000 1.0000 0.1912 0.0155 0.0013 0.0001 1.0000 1.0000 0.0836 0.0069 0.0006 1.0000 1.0000 0.4638 0.0383 0.0032 0.0003 1.0000 1.0000 0.2127 0.0175 0.0014 0.0001 1.0000
0.0001 0.0016 0.0188 0.2282 1.0000 1.0000 0.0003 0.0034 0.0410 0.4976 1.0000 1.0000 0.0006 0.0074 0.0895 1.0000 1.0000 0.0001 0.0013 0.0163 0.2001 1.0000 1.0000 0.0003 0.0032 0.0393 0.4892 1.0000 0.0001 0.0007 0.0084 0.1066 1.0000 1.0000 0.0002 0.0020 0.0251 0.3238 1.0000 1.0000 0.0005 0.0062 0.0805 1.0000 1.0000 0.0001 0.0016 0.0202 0.2543 1.0000 1.0000 1.0000 0.2543 0.0202 0.0016 0.0001 1.0000 1.0000 0.0805 0.0062 0.0005 1.0000 1.0000 0.3238 0.0251 0.0020 0.0002 1.0000 1.0000 0.1066 0.0084 0.0007 0.0001 1.0000 0.4892 0.0393 0.0032 0.0003 1.0000 1.0000 0.2001 0.0163 0.0013 0.0001 1.0000 1.0000 0.0895 0.0074 0.0006 1.0000 1.0000 0.4976 0.0410 0.0034 0.0003 1.0000 1.0000 0.2282 0.0188 0.0016 0.0001
0.0016 0.0202 0.2448 1.0000 1.0000 0.0003 0.0036 0.0440 0.5339 1.0000 0.0001 0.0007 0.0079 0.0960 1.0000 1.0000 0.0001 0.0014 0.0174 0.2119 1.0000 1.0000 0.0003 0.0033 0.0404 0.5004 1.0000 0.0001 0.0007 0.0083 0.1050 1.0000 1.0000 0.0001 0.0019 0.0241 0.3087 1.0000 1.0000 0.0005 0.0058 0.0756 0.9793 1.0000 0.0001 0.0015 0.0190 0.2448 1.0000 1.0000 0.0001 1.0000 1.0000 0.2448 0.0190 0.0015 0.0001 1.0000 0.9793 0.0756 0.0058 0.0005 1.0000 1.0000 0.3087 0.0241 0.0019 0.0001 1.0000 1.0000 0.1050 0.0083 0.0007 0.0001 1.0000 0.5004 0.0404 0.0033 0.0003 1.0000 1.0000 0.2119 0.0174 0.0014 0.0001 1.0000 1.0000 0.0960 0.0079 0.0007 0.0001 1.0000 0.5339 0.0440 0.0036 0.0003 1.0000 1.0000 0.2448 0.0202 0.0016
0.0205 0.2626 1.0000 1.0000 0.0003 0.0039 0.0472 0.5728 1.0000 0.0001 0.0007 0.0085 0.1030 1.0000 1.0000 0.0001 0.0015 0.0185 0.2251 1.0000 1.0000 0.0003 0.0034 0.0422 0.5179 1.0000 0.0001 0.0007 0.0084 0.1050 1.0000 1.0000 0.0001 0.0018 0.0233 0.2972 1.0000 1.0000 0.0004 0.0055 0.0714 0.9215 1.0000 0.0001 0.0014 0.0178 0.2308 1.0000 1.0000 0.0003 0.0014 0.0003 1.0000 1.0000 0.2308 0.0178 0.0014 0.0001 1.0000 0.9215 0.0714 0.0055 0.0004 1.0000 1.0000 0.2972 0.0233 0.0018 0.0001 1.0000 1.0000 0.1050 0.0084 0.0007 0.0001 1.0000 0.5179 0.0422 0.0034 0.0003 1.0000 1.0000 0.2251 0.0185 0.0015 0.0001 1.0000 1.0000 0.1030 0.0085 0.0007 0.0001 1.0000 0.5728 0.0472 0.0039 0.0003 1.0000 1.0000 0.2626 0.0205
0.2667 1.0000 1.0000 0.0003 0.0042 0.0507 0.6146 1.0000 0.0001 0.0008 0.0091 0.1105 1.0000 1.0000 0.0001 0.0016 0.0199 0.2411 1.0000 1.0000 0.0003 0.0036 0.0443 0.5421 1.0000 0.0001 0.0007 0.0086 0.1066 1.0000 1.0000 0.0001 0.0018 0.0228 0.2894 1.0000 1.0000 0.0004 0.0053 0.0679 0.8737 1.0000 0.0001 0.0013 0.0167 0.2167 1.0000 1.0000 0.0003 0.0035 0.0170 0.0035 0.0003 1.0000 1.0000 0.2167 0.0167 0.0013 0.0001 1.0000 0.8737 0.0679 0.0053 0.0004 1.0000 1.0000 0.2894 0.0228 0.0018 0.0001 1.0000 1.0000 0.1066 0.0086 0.0007 0.0001 1.0000 0.5421 0.0443 0.0036 0.0003 1.0000 1.0000 0.2411 0.0199 0.0016 0.0001 1.0000 1.0000 0.1105 0.0091 0.0008 0.0001 1.0000 0.6146 0.0507 0.0042 0.0003 1.0000 1.0000 0.2667
1.0000 1.0000 0.0004 0.0045 0.0544 0.6594 1.0000 0.0001 0.0008 0.0098 0.1186 1.0000 1.0000 0.0001 0.0018 0.0213 0.2587 1.0000 1.0000 0.0003 0.0039 0.0469 0.5717 1.0000 0.0001 0.0007 0.0089 0.1097 1.0000 1.0000 0.0001 0.0018 0.0226 0.2856 1.0000 1.0000 0.0004 0.0051 0.0653 0.8363 1.0000 0.0001 0.0012 0.0158 0.2039 1.0000 1.0000 0.0003 0.0038 0.0429 0.2059 0.0429 0.0038 0.0003 1.0000 1.0000 0.2039 0.0158 0.0012 0.0001 1.0000 0.8363 0.0653 0.0051 0.0004 1.0000 1.0000 0.2856 0.0226 0.0018 0.0001 1.0000 1.0000 0.1097 0.0089 0.0007 0.0001 1.0000 0.5717 0.0469 0.0039 0.0003 1.0000 1.0000 0.2587 0.0213 0.0018 0.0001 1.0000 1.0000 0.1186 0.0098 0.0008 0.0001 1.0000 0.6594 0.0544 0.0045 0.0004 1.0000 1.0000
1.0000 0.0004 0.0048 0.0583 0.7074 1.0000 0.0001 0.0009 0.0105 0.1273 1.0000 1.0000 0.0002 0.0019 0.0229 0.2775 1.0000 1.0000 0.0003 0.0041 0.0500 0.6076 1.0000 0.0001 0.0008 0.0093 0.1140 1.0000 1.0000 0.0001 0.0018 0.0228 0.2856 1.0000 1.0000 0.0004 0.0050 0.0632 0.8066 1.0000 0.0001 0.0012 0.0150 0.1930 1.0000 1.0000 0.0003 0.0037 0.0462 0.5208 1.0000 0.5208 0.0462 0.0037 0.0003 1.0000 1.0000 0.1930 0.0150 0.0012 0.0001 1.0000 0.8066 0.0632 0.0050 0.0004 1.0000 1.0000 0.2856 0.0228 0.0018 0.0001 1.0000 1.0000 0.1140 0.0093 0.0008 0.0001 1.0000 0.6076 0.0500 0.0041 0.0003 1.0000 1.0000 0.2775 0.0229 0.0019 0.0002 1.0000 1.0000 0.1273 0.0105 0.0009 0.0001 1.0000 0.7074 0.0583 0.0048 0.0004 1.0000
0.0004 0.0052 0.0626 0.7590 1.0000 0.0001 0.0009 0.0113 0.1365 1.0000 1.0000 0.0002 0.0020 0.0246 0.2978 1.0000 1.0000 0.0004 0.0044 0.0536 0.6494 1.0000 0.0001 0.0008 0.0098 0.1195 1.0000 1.0000 0.0002 0.0019 0.0233 0.2894 1.0000 1.0000 0.0004 0.0049 0.0619 0.7854 1.0000 0.0001 0.0011 0.0143 0.1840 1.0000 1.0000 0.0003 0.0035 0.0447 0.5620 1.0000 1.0000 1.0000 0.5620 0.0447 0.0035 0.0003 1.0000 1.0000 0.1840 0.0143 0.0011 0.0001 1.0000 0.7854 0.0619 0.0049 0.0004 1.0000 1.0000 0.2894 0.0233 0.0019 0.0002 1.0000 1.0000 0.1195 0.0098 0.0008 0.0001 1.0000 0.6494 0.0536 0.0044 0.0004 1.0000 1.0000 0.2978 0.0246 0.0020 0.0002 1.0000 1.0000 0.1365 0.0113 0.0009 0.0001 1.0000 0.7590 0.0626 0.0052 0.0004
0.0052 0.0672 0.8143 1.0000 0.0001 0.0010 0.0121 0.1465 1.0000 1.0000 0.0002 0.0022 0.0264 0.3195 1.0000 1.0000 0.0004 0.0047 0.0575 0.6954 1.0000 0.0001 0.0009 0.0104 0.1265 1.0000 1.0000 0.0002 0.0020 0.0241 0.2972 1.0000 1.0000 0.0004 0.0049 0.0614 0.7750 1.0000 0.0001 0.0011 0.0138 0.1768 1.0000 1.0000 0.0003 0.0033 0.0426 0.5452 1.0000 0.0001 0.0003 0.0001 1.0000 0.5452 0.0426 0.0033 0.0003 1.0000 1.0000 0.1768 0.0138 0.0011 0.0001 1.0000 0.7750 0.0614 0.0049 0.0004 1.0000 1.0000 0.2972 0.0241 0.0020 0.0002 1.0000 1.0000 0.1265 0.0104 0.0009 0.0001 1.0000 0.6954 0.0575 0.0047 0.0004 1.0000 1.0000 0.3195 0.0264 0.0022 0.0002 1.0000 1.0000 0.1465 0.0121 0.0010 0.0001 1.0000 0.8143 0.0672 0.0052
0.0682 0.8737 1.0000 0.0001 0.0011 0.0130 0.1572 1.0000 1.0000 0.0002 0.0023 0.0283 0.3428 1.0000 1.0000 0.0004 0.0051 0.0615 0.7461 1.0000 0.0001 0.0009 0.0111 0.1347 1.0000 1.0000 0.0002 0.0020 0.0251 0.3087 1.0000 1.0000 0.0004 0.0050 0.0619 0.7750 1.0000 0.0001 0.0011 0.0135 0.1712 1.0000 1.0000 0.0002 0.0032 0.0405 0.5208 1.0000 0.0001 0.0006 0.0031 0.0006 0.0001 1.0000 0.5208 0.0405 0.0032 0.0002 1.0000 1.0000 0.1712 0.0135 0.0011 0.0001 1.0000 0.7750 0.0619 0.0050 0.0004 1.0000 1.0000 0.3087 0.0251 0.0020 0.0002 1.0000 1.0000 0.1347 0.0111 0.0009 0.0001 1.0000 0.7461 0.0615 0.0051 0.0004 1.0000 1.0000 0.3428 0.0283 0.0023 0.0002 1.0000 1.0000 0.1572 0.0130 0.0011 0.0001 1.0000 0.8737 0.0682
0.8871 1.0000 0.0001 0.0011 0.0139 0.1686 1.0000 1.0000 0.0002 0.0025 0.0303 0.3678 1.0000 1.0000 0.0005 0.0054 0.0660 0.8005 1.0000 0.0001 0.0010 0.0119 0.1440 1.0000 1.0000 0.0002 0.0022 0.0265 0.3238 1.0000 1.0000 0.0004 0.0051 0.0632 0.7854 1.0000 0.0001 0.0011 0.0133 0.1680 1.0000 1.0000 0.0002 0.0030 0.0388 0.4976 1.0000 0.0001 0.0007 0.0079 0.0377 0.0079 0.0007 0.0001 1.0000 0.4976 0.0388 0.0030 0.0002 1.0000 1.0000 0.1680 0.0133 0.0011 0.0001 1.0000 0.7854 0.0632 0.0051 0.0004 1.0000 1.0000 0.3238 0.0265 0.0022 0.0002 1.0000 1.0000 0.1440 0.0119 0.0010 0.0001 1.0000 0.8005 0.0660 0.0054 0.0005 1.0000 1.0000 0.3678 0.0303 0.0025 0.0002 1.0000 1.0000 0.1686 0.0139 0.0011 0.0001 1.0000 0.8871
1.0000 0.0001 0.0012 0.0149 0.1809 1.0000 1.0000 0.0002 0.0027 0.0325 0.3946 1.0000 1.0000 0.0005 0.0058 0.0708 0.8589 1.0000 0.0001 0.0010 0.0127 0.1542 1.0000 1.0000 0.0002 0.0023 0.0281 0.3421 1.0000 1.0000 0.0004 0.0053 0.0653 0.8066 1.0000 0.0001 0.0011 0.0133 0.1670 1.0000 1.0000 0.0002 0.0029 0.0375 0.4790 1.0000 0.0001 0.0007 0.0086 0.0964 0.4620 0.0964 0.0086 0.0007 0.0001 1.0000 0.4790 0.0375 0.0029 0.0002 1.0000 1.0000 0.1670 0.0133 0.0011 0.0001 1.0000 0.8066 0.0653 0.0053 0.0004 1.0000 1.0000 0.3421 0.0281 0.0023 0.0002 1.0000 1.0000 0.1542 0.0127 0.0010 0.0001 1.0000 0.8589 0.0708 0.0058 0.0005 1.0000 1.0000 0.3946 0.0325 0.0027 0.0002 1.0000 1.0000 0.1809 0.0149 0.0012 0.0001 1.0000
0.0001 0.0013 0.0160 0.1941 1.0000 1.0000 0.0002 0.0029 0.0349 0.4233 1.0000 1.0000 0.0005 0.0063 0.0760 0.9215 1.0000 0.0001 0.0011 0.0136 0.1651 1.0000 1.0000 0.0002 0.0025 0.0299 0.3629 1.0000 1.0000 0.0005 0.0055 0.0679 0.8363 1.0000 0.0001 0.0011 0.0135 0.1680 1.0000 1.0000 0.0002 0.0029 0.0365 0.4647 1.0000 0.0001 0.0007 0.0085 0.1054 1.0000 1.0000 1.0000 0.1054 0.0085 0.0007 0.0001 1.0000 0.4647 0.0365 0.0029 0.0002 1.0000 1.0000 0.1680 0.0135 0.0011 0.0001 1.0000 0.8363 0.0679 0.0055 0.0005 1.0000 1.0000 0.3629 0.0299 0.0025 0.0002 1.0000 1.0000 0.1651 0.0136 0.0011 0.0001 1.0000 0.9215 0.0760 0.0063 0.0005 1.0000 1.0000 0.4233 0.0349 0.0029 0.0002 1.0000 1.0000 0.1941 0.0160 0.0013 0.0001
0.0013 0.0172 0.2083 1.0000 1.0000 0.0003 0.0031 0.0375 0.4542 1.0000 1.0000 0.0006 0.0067 0.0815 0.9868 1.0000 0.0001 0.0012 0.0146 0.1772 1.0000 1.0000 0.0002 0.0026 0.0319 0.3879 1.0000 1.0000 0.0005 0.0058 0.0714 0.8737 1.0000 0.0001 0.0011 0.0138 0.1712 1.0000 1.0000 0.0002 0.0029 0.0361 0.4559 1.0000 1.0000 0.0006 0.0082 0.1040 1.0000 1.0000 1.0000 1.0000 1.0000 0.1040 0.0082 0.0006 1.0000 1.0000 0.4559 0.0361 0.0029 0.0002 1.0000 1.0000 0.1712 0.0138 0.0011 0.0001 1.0000 0.8737 0.0714 0.0058 0.0005 1.0000 1.0000 0.3879 0.0319 0.0026 0.0002 1.0000 1.0000 0.1772 0.0146 0.0012 0.0001 1.0000 0.9868 0.0815 0.0067 0.0006 1.0000 1.0000 0.4542 0.0375 0.0031 0.0003 1.0000 1.0000 0.2083 0.0172 0.0013
0.0174 0.2234 1.0000 1.0000 0.0003 0.0033 0.0402 0.4873 1.0000 1.0000 0.0006 0.0072 0.0873 1.0000 1.0000 0.0001 0.0013 0.0157 0.1901 1.0000 1.0000 0.0002 0.0028 0.0341 0.4146 1.0000 1.0000 0.0005 0.0062 0.0756 0.9215 1.0000 0.0001 0.0012 0.0143 0.1768 1.0000 1.0000 0.0002 0.0029 0.0361 0.4525 1.0000 1.0000 0.0006 0.0080 0.1013 1.0000 1.0000 0.0001 0.0006 0.0001 1.0000 1.0000 0.1013 0.0080 0.0006 1.0000 1.0000 0.4525 0.0361 0.0029 0.0002 1.0000 1.0000 0.1768 0.0143 0.0012 0.0001 1.0000 0.9215 0.0756 0.0062 0.0005 1.0000 1.0000 0.4146 0.0341 0.0028 0.0002 1.0000 1.0000 0.1901 0.0157 0.0013 0.0001 1.0000 1.0000 0.0873 0.0072 0.0006 1.0000 1.0000 0.4873 0.0402 0.0033 0.0003 1.0000 1.0000 0.2234 0.0174
0.2269 1.0000 1.0000 0.0003 0.0036 0.0431 0.5218 1.0000 0.0001 0.0006 0.0077 0.0937 1.0000 1.0000 0.0001 0.0014 0.0168 0.2039 1.0000 1.0000 0.0002 0.0030 0.0366 0.4439 1.0000 1.0000 0.0005 0.0066 0.0805 0.9793 1.0000 0.0001 0.0012 0.0150 0.1840 1.0000 1.0000 0.0002 0.0029 0.0365 0.4559 1.0000 1.0000 0.0006 0.0078 0.0990 1.0000 1.0000 0.0001 0.0015 0.0072 0.0015 0.0001 1.0000 1.0000 0.0990 0.0078 0.0006 1.0000 1.0000 0.4559 0.0365 0.0029 0.0002 1.0000 1.0000 0.1840 0.0150 0.0012 0.0001 1.0000 0.9793 0.0805 0.0066 0.0005 1.0000 1.0000 0.4439 0.0366 0.0030 0.0002 1.0000 1.0000 0.2039 0.0168 0.0014 0.0001 1.0000 1.0000 0.0937 0.0077 0.0006 0.0001 1.0000 0.5218 0.0431 0.0036 0.0003 1.0000 1.0000 0.2269
1.0000 1.0000 0.0003 0.0038 0.0462 0.5599 1.0000 0.0001 0.0007 0.0083 0.1005 1.0000 1.0000 0.0001 0.0015 0.0180 0.2188 1.0000 1.0000 0.0003 0.0032 0.0392 0.4754 1.0000 1.0000 0.0006 0.0071 0.0860 1.0000 1.0000 0.0001 0.0013 0.0158 0.1930 1.0000 1.0000 0.0002 0.0030 0.0375 0.4647 1.0000 1.0000 0.0006 0.0078 0.0979 1.0000 1.0000 0.0001 0.0017 0.0187 0.0890 0.0187 0.0017 0.0001 1.0000 1.0000 0.0979 0.0078 0.0006 1.0000 1.0000 0.4647 0.0375 0.0030 0.0002 1.0000 1.0000 0.1930 0.0158 0.0013 0.0001 1.0000 1.0000 0.0860 0.0071 0.0006 1.0000 1.0000 0.4754 0.0392 0.0032 0.0003 1.0000 1.0000 0.2188 0.0180 0.0015 0.0001 1.0000 1.0000 0.1005 0.0083 0.0007 0.0001 1.0000 0.5599 0.0462 0.0038 0.0003 1.0000 1.0000
1.0000 0.0003 0.0041 0.0495 0.6007 1.0000 0.0001 0.0007 0.0089 0.1078 1.0000 1.0000 0.0001 0.0016 0.0193 0.2343 1.0000 1.0000 0.0003 0.0035 0.0421 0.5101 1.0000 1.0000 0.0006 0.0076 0.0919 1.0000 1.0000 0.0001 0.0014 0.0167 0.2039 1.0000 1.0000 0.0003 0.0032 0.0388 0.4790 1.0000 1.0000 0.0006 0.0078 0.0979 1.0000 1.0000 0.0001 0.0017 0.0208 0.2312 1.0000 0.2312 0.0208 0.0017 0.0001 1.0000 1.0000 0.0979 0.0078 0.0006 1.0000 1.0000 0.4790 0.0388 0.0032 0.0003 1.0000 1.0000 0.2039 0.0167 0.0014 0.0001 1.0000 1.0000 0.0919 0.0076 0.0006 1.0000 1.0000 0.5101 0.0421 0.0035 0.0003 1.0000 1.0000 0.2343 0.0193 0.0016 0.0001 1.0000 1.0000 0.1078 0.0089 0.0007 0.0001 1.0000 0.6007 0.0495 0.0041 0.0003 1.0000
0.0003 0.0044 0.0532 0.6445 1.0000 0.0001 0.0008 0.0095 0.1155 1.0000 1.0000 0.0001 0.0017 0.0207 0.2514 1.0000 1.0000 0.0003 0.0037 0.0451 0.5462 1.0000 0.0001 0.0007 0.0081 0.0983 1.0000 1.0000 0.0001 0.0015 0.0178 0.2167 1.0000 1.0000 0.0003 0.0033 0.0405 0.4976 1.0000 0.0001 0.0006 0.0080 0.0990 1.0000 1.0000 0.0001 0.0017 0.0211 0.2592 1.0000 1.0000 1.0000 0.2592 0.0211 0.0017 0.0001 1.0000 1.0000 0.0990 0.0080 0.0006 0.0001 1.0000 0.4976 0.0405 0.0033 0.0003 1.0000 1.0000 0.2167 0.0178 0.0015 0.0001 1.0000 1.0000 0.0983 0.0081 0.0007 0.0001 1.0000 0.5462 0.0451 0.0037 0.0003 1.0000 1.0000 0.2514 0.0207 0.0017 0.0001 1.0000 1.0000 0.1155 0.0095 0.0008 0.0001 1.0000 0.6445 0.0532 0.0044 0.0003
0.0044 0.0569 0.6901 1.0000 0.0001 0.0008 0.0102 0.1237 1.0000 1.0000 0.0002 0.0018 0.0222 0.2692 1.0000 1.0000 0.0003 0.0040 0.0483 0.5849 1.0000 0.0001 0.0007 0.0087 0.1052 1.0000 1.0000 0.0001 0.0016 0.0190 0.2308 1.0000 1.0000 0.0003 0.0035 0.0426 0.5208 1.0000 0.0001 0.0007 0.0082 0.1013 1.0000 1.0000 0.0001 0.0017 0.0210 0.2631 1.0000 1.0000 0.0001 1.0000 1.0000 0.2631 0.0210 0.0017 0.0001 1.0000 1.0000 0.1013 0.0082 0.0007 0.0001 1.0000 0.5208 0.0426 0.0035 0.0003 1.0000 1.0000 0.2308 0.0190 0.0016 0.0001 1.0000 1.0000 0.1052 0.0087 0.0007 0.0001 1.0000 0.5849 0.0483 0.0040 0.0003 1.0000 1.0000 0.2692 0.0222 0.0018 0.0002 1.0000 1.0000 0.1237 0.0102 0.0008 0.0001 1.0000 0.6901 0.0569 0.0044
0.0574 0.7348 1.0000 0.0001 0.0009 0.0109 0.1319 1.0000 1.0000 0.0002 0.0020 0.0237 0.2867 1.0000 1.0000 0.0004 0.0042 0.0515 0.6240 1.0000 0.0001 0.0008 0.0092 0.1120 1.0000 1.0000 0.0001 0.0017 0.0202 0.2448 1.0000 1.0000 0.0003 0.0037 0.0447 0.5452 1.0000 0.0001 0.0007 0.0085 0.1040 1.0000 1.0000 0.0001 0.0017 0.0211 0.2631 1.0000 1.0000 0.0003 0.0014 0.0003 1.0000 1.0000 0.2631 0.0211 0.0017 0.0001 1.0000 1.0000 0.1040 0.0085 0.0007 0.0001 1.0000 0.5452 0.0447 0.0037 0.0003 1.0000 1.0000 0.2448 0.0202 0.0017 0.0001 1.0000 1.0000 0.1120 0.0092 0.0008 0.0001 1.0000 0.6240 0.0515 0.0042 0.0004 1.0000 1.0000 0.2867 0.0237 0.0020 0.0002 1.0000 1.0000 0.1319 0.0109 0.0009 0.0001 1.0000 0.7348 0.0574
0.7224 1.0000 0.0001 0.0009 0.0113 0.1373 1.0000 1.0000 0.0002 0.0020 0.0247 0.2989 1.0000 1.0000 0.0004 0.0044 0.0536 0.6494 1.0000 0.0001 0.0008 0.0096 0.1166 1.0000 1.0000 0.0001 0.0017 0.0210 0.2543 1.0000 1.0000 0.0003 0.0038 0.0462 0.5620 1.0000 0.0001 0.0007 0.0086 0.1054 1.0000 1.0000 0.0001 0.0017 0.0208 0.2592 1.0000 1.0000 0.0003 0.0037 0.0176 0.0037 0.0003 1.0000 1.0000 0.2592 0.0208 0.0017 0.0001 1.0000 1.0000 0.1054 0.0086 0.0007 0.0001 1.0000 0.5620 0.0462 0.0038 0.0003 1.0000 1.0000 0.2543 0.0210 0.0017 0.0001 1.0000 1.0000 0.1166 0.0096 0.0008 0.0001 1.0000 0.6494 0.0536 0.0044 0.0004 1.0000 1.0000 0.2989 0.0247 0.0020 0.0002 1.0000 1.0000 0.1373 0.0113 0.0009 0.0001 1.0000 0.7224
1.0000 0.0001 0.0009 0.0106 0.1282 1.0000 1.0000 0.0002 0.0019 0.0230 0.2791 1.0000 1.0000 0.0003 0.0041 0.0500 0.6064 1.0000 0.0001 0.0007 0.0090 0.1089 1.0000 1.0000 0.0001 0.0016 0.0196 0.2375 1.0000 1.0000 0.0003 0.0035 0.0429 0.5208 1.0000 0.0001 0.0006 0.0079 0.0964 1.0000 1.0000 0.0001 0.0015 0.0187 0.2312 1.0000 1.0000 0.0003 0.0037 0.0409 0.1934 0.0409 0.0037 0.0003 1.0000 1.0000 0.2312 0.0187 0.0015 0.0001 1.0000 1.0000 0.0964 0.0079 0.0006 0.0001 1.0000 0.5208 0.0429 0.0035 0.0003 1.0000 1.0000 0.2375 0.0196 0.0016 0.0001 1.0000 1.0000 0.1089 0.0090 0.0007 0.0001 1.0000 0.6064 0.0500 0.0041 0.0003 1.0000 1.0000 0.2791 0.0230 0.0019 0.0002 1.0000 1.0000 0.1282 0.0106 0.0009 0.0001 1.0000
1.0000 0.0003 0.0042 0.0509 0.6157 1.0000 0.0001 0.0008 0.0091 0.1105 1.0000 1.0000 0.0001 0.0016 0.0198 0.2406 1.0000 1.0000 0.0003 0.0036 0.0432 0.5228 1.0000 1.0000 0.0006 0.0078 0.0940 1.0000 1.0000 0.0001 0.0014 0.0170 0.2059 1.0000 1.0000 0.0003 0.0031 0.0377 0.4620 1.0000 1.0000 0.0006 0.0072 0.0890 1.0000 1.0000 0.0001 0.0014 0.0176 0.1934 0.8905 0.1934 0.0176 0.0014 0.0001 1.0000 1.0000 0.0890 0.0072 0.0006 1.0000 1.0000 0.4620 0.0377 0.0031 0.0003 1.0000 1.0000 0.2059 0.0170 0.0014 0.0001 1.0000 1.0000 0.0940 0.0078 0.0006 1.0000 1.0000 0.5228 0.0432 0.0036 0.0003 1.0000 1.0000 0.2406 0.0198 0.0016 0.0001 1.0000 1.0000 0.1105 0.0091 0.0008 0.0001 1.0000 0.6157 0.0509 0.0042 0.0003 1.0000
1.0000 0.0001 0.0009 0.0106 0.1282 1.0000 1.0000 0.0002 0.0019 0.0230 0.2791 1.0000 1.0000 0.0003 0.0041 0.0500 0.6064 1.0000 0.0001 0.0007 0.0090 0.1089 1.0000 1.0000 0.0001 0.0016 0.0196 0.2375 1.0000 1.0000 0.0003 0.0035 0.0429 0.5208 1.0000 0.0001 0.0006 0.0079 0.0964 1.0000 1.0000 0.0001 0.0015 0.0187 0.2312 1.0000 1.0000 0.0003 0.0037 0.0409 0.1934 0.0409 0.0037 0.0003 1.0000 1.0000 0.2312 0.0187 0.0015 0.0001 1.0000 1.0000 0.0964 0.0079 0.0006 0.0001 1.0000 0.5208 0.0429 0.0035 0.0003 1.0000 1.0000 0.2375 0.0196 0.0016 0.0001 1.0000 1.0000 0.1089 0.0090 0.0007 0.0001 1.0000 0.6064 0.0500 0.0041 0.0003 1.0000 1.0000 0.2791 0.0230 0.0019 0.0002 1.0000 1.0000 0.1282 0.0106 0.0009 0.0001 1.0000
0.7224 1.0000 0.0001 0.0009 0.0113 0.1373 1.0000 1.0000 0.0002 0.0020 0.0247 0.2989 1.0000 1.0000 0.0004 0.0044 0.0536 0.6494 1.0000 0.0001 0.0008 0.0096 0.1166 1.0000 1.0000 0.0001 0.0017 0.0210 0.2543 1.0000 1.0000 0.0003 0.0038 0.0462 0.5620 1.0000 0.0001 0.0007 0.0086 0.1054 1.0000 1.0000 0.0001 0.0017 0.0208 0.2592 1.0000 1.0000 0.0003 0.0037 0.0176 0.0037 0.0003 1.0000 1.0000 0.2592 0.0208 0.0017 0.0001 1.0000 1.0000 0.1054 0.0086 0.0007 0.0001 1.0000 0.5620 0.0462 0.0038 0.0003 1.0000 1.0000 0.2543 0.0210 0.0017 0.0001 1.0000 1.0000 0.1166 0.0096 0.0008 0.0001 1.0000 0.6494 0.0536 0.0044 0.0004 1.0000 1.0000 0.2989 0.0247 0.0020 0.0002 1.0000 1.0000 0.1373 0.0113 0.0009 0.0001 1.0000 0.7224
0.0574 0.7348 1.0000 0.0001 0.0009 0.0109 0.1319 1.0000 1.0000 0.0002 0.0020 0.0237 0.2867 1.0000 1.0000 0.0004 0.0042 0.0515 0.6240 1.0000 0.0001 0.0008 0.0092 0.1120 1.0000 1.0000 0.0001 0.0017 0.0202 0.2448 1.0000 1.0000 0.0003 0.0037 0.0447 0.5452 1.0000 0.0001 0.0007 0.0085 0.1040 1.0000 1.0000 0.0001 0.0017 0.0211 0.2631 1.0000 1.0000 0.0003 0.0014 0.0003 1.0000 1.0000 0.2631 0.0211 0.0017 0.0001 1.0000 1.0000 0.1040 0.0085 0.0007 0.0001 1.0000 0.5452 0.0447 0.0037 0.0003 1.0000 1.0000 0.2448 0.0202 0.0017 0.0001 1.0000 1.0000 0.1120 0.0092 0.0008 0.0001 1.0000 0.6240 0.0515 0.0042 0.0004 1.0000 1.0000 0.2867 0.0237 0.0020 0.0002 1.0000 1.0000 0.1319 0.0109 0.0009 0.0001 1.0000 0.7348 0.0574
0.0044 0.0569 0.6901 1.0000 0.0001 0.0008 0.0102 0.1237 1.0000 1.0000 0.0002 0.0018 0.0222 0.2692 1.0000 1.0000 0.0003 0.0040 0.0483 0.5849 1.0000 0.0001 0.0007 0.0087 0.1052 1.0000 1.0000 0.0001 0.0016 0.0190 0.2308 1.0000 1.0000 0.0003 0.0035 0.0426 0.5208 1.0000 0.0001 0.0007 0.0082 0.1013 1.0000 1.0000 0.0001 0.0017 0.0210 0.2631 1.0000 1.0000 0.0001 1.0000 1.0000 0.2631 0.0210 0.0017 0.0001 1.0000 1.0000 0.1013 0.0082 0.0007 0.0001 1.0000 0.5208 0.0426 0.0035 0.0003 1.0000 1.0000 0.2308 0.0190 0.0016 0.0001 1.0000 1.0000 0.1052 0.0087 0.0007 0.0001 1.0000 0.5849 0.0483 0.0040 0.0003 1.0000 1.0000 0.2692 0.0222 0.0018 0.0002 1.0000 1.0000 0.1237 0.0102 0.0008 0.0001 1.0000 0.6901 0.0569 0.0044
0.0003 0.0044 0.0532 0.6445 1.0000 0.0001 0.0008 0.0095 0.1155 1.0000 1.0000 0.0001 0.0017 0.0207 0.2514 1.0000 1.0000 0.0003 0.0037 0.0451 0.5462 1.0000 0.0001 0.0007 0.0081 0.0983 1.0000 1.0000 0.0001 0.0015 0.0178 0.2167 1.0000 1.0000 0.0003 0.0033 0.0405 0.4976 1.0000 0.0001 0.0006 0.0080 0.0990 1.0000 1.0000 0.0001 0.0017 0.0211 0.2592 1.0000 1.0000 1.0000 0.2592 0.0211 0.0017 0.0001 1.0000 1.0000 0.0990 0.0080 0.0006 0.0001 1.0000 0.4976 0.0405 0.0033 0.0003 1.0000 1.0000 0.2167 0.0178 0.0015 0.0001 1.0000 1.0000 0.0983 0.0081 0.0007 0.0001 1.0000 0.5462 0.0451 0.0037 0.0003 1.0000 1.0000 0.2514 0.0207 0.0017 0.0001 1.0000 1.0000 0.1155 0.0095 0.0008 0.0001 1.0000 0.6445 0.0532 0.0044 0.0003
