0.3537 0.3684 0.4106 0.4284 0.4273 0.4019 0.3309 0.2513 0.2511 0.2832 0.3307 0.3833 0.4175 0.4302 0.4230 0.3885 0.3022 0.2450 0.2584 0.2951 0.3458 0.3956 0.4229 0.4304 0.4167 0.3708 0.2763 0.2440 0.2670 0.3082 0.3609 0.4058 0.4268 0.4290 0.4081 0.3471 0.2579 0.2476 0.2769 0.3222 0.3754 0.4138 0.4293 0.4258 0.3967 0.3187 0.2479 0.2540 0.2902 0.3396 0.3655 0.3396 0.2902 0.2540 0.2479 0.3187 0.3967 0.4258 0.4293 0.4138 0.3754 0.3222 0.2769 0.2476 0.2579 0.3471 0.4081 0.4290 0.4268 0.4058 0.3609 0.3082 0.2670 0.2440 0.2763 0.3708 0.4167 0.4304 0.4229 0.3956 0.3458 0.2951 0.2584 0.2450 0.3022 0.3885 0.4230 0.4302 0.4175 0.3833 0.3307 0.2832 0.2511 0.2513 0.3309 0.4019 0.4273 0.4284 0.4106 0.3684 0.3537
0.3684 0.4198 0.4306 0.4175 0.3793 0.2908 0.1890 0.1950 0.2445 0.3112 0.3836 0.4247 0.4294 0.4097 0.3619 0.2548 0.1817 0.2071 0.2616 0.3320 0.3999 0.4288 0.4262 0.3999 0.3398 0.2211 0.1816 0.2205 0.2800 0.3528 0.4125 0.4307 0.4212 0.3877 0.3106 0.1972 0.1887 0.2353 0.2994 0.3728 0.4212 0.4304 0.4145 0.3724 0.2757 0.1849 0.1999 0.2514 0.3225 0.3953 0.4201 0.3953 0.3225 0.2514 0.1999 0.1849 0.2757 0.3724 0.4145 0.4304 0.4212 0.3728 0.2994 0.2353 0.1887 0.1972 0.3106 0.3877 0.4212 0.4307 0.4125 0.3528 0.2800 0.2205 0.1816 0.2211 0.3398 0.3999 0.4262 0.4288 0.3999 0.3320 0.2616 0.2071 0.1817 0.2548 0.3619 0.4097 0.4294 0.4247 0.3836 0.3112 0.2445 0.1950 0.1890 0.2908 0.3793 0.4175 0.4306 0.4198 0.3684
0.4106 0.4306 0.4164 0.3790 0.2900 0.1886 0.1951 0.2446 0.3113 0.3833 0.4229 0.4273 0.4091 0.3614 0.2540 0.1815 0.2072 0.2617 0.3321 0.3993 0.4267 0.4244 0.3996 0.3393 0.2205 0.1816 0.2206 0.2801 0.3529 0.4114 0.4284 0.4198 0.3874 0.3099 0.1968 0.1887 0.2354 0.2996 0.3726 0.4196 0.4283 0.4135 0.3721 0.2749 0.1847 0.2000 0.2516 0.3199 0.3917 0.4262 0.4268 0.4262 0.3917 0.3199 0.2516 0.2000 0.1847 0.2749 0.3721 0.4135 0.4283 0.4196 0.3726 0.2996 0.2354 0.1887 0.1968 0.3099 0.3874 0.4198 0.4284 0.4114 0.3529 0.2801 0.2206 0.1816 0.2205 0.3393 0.3996 0.4244 0.4267 0.3993 0.3321 0.2617 0.2072 0.1815 0.2540 0.3614 0.4091 0.4273 0.4229 0.3833 0.3113 0.2446 0.1951 0.1886 0.2900 0.3790 0.4164 0.4306 0.4106
0.4284 0.4175 0.3790 0.2897 0.1885 0.1953 0.2450 0.3117 0.3837 0.4232 0.4274 0.4089 0.3611 0.2534 0.1815 0.2074 0.2621 0.3325 0.3996 0.4270 0.4244 0.3994 0.3388 0.2200 0.1816 0.2209 0.2805 0.3533 0.4117 0.4287 0.4197 0.3871 0.3093 0.1965 0.1890 0.2357 0.3000 0.3731 0.4199 0.4284 0.4134 0.3718 0.2743 0.1845 0.2003 0.2520 0.3204 0.3907 0.4251 0.4249 0.4099 0.4249 0.4251 0.3907 0.3204 0.2520 0.2003 0.1845 0.2743 0.3718 0.4134 0.4284 0.4199 0.3731 0.3000 0.2357 0.1890 0.1965 0.3093 0.3871 0.4197 0.4287 0.4117 0.3533 0.2805 0.2209 0.1816 0.2200 0.3388 0.3994 0.4244 0.4270 0.3996 0.3325 0.2621 0.2074 0.1815 0.2534 0.3611 0.4089 0.4274 0.4232 0.3837 0.3117 0.2450 0.1953 0.1885 0.2897 0.3790 0.4175 0.4284
0.4273 0.3793 0.2900 0.1885 0.1954 0.2452 0.3121 0.3840 0.4232 0.4274 0.4088 0.3608 0.2527 0.1814 0.2076 0.2624 0.3329 0.3998 0.4270 0.4243 0.3992 0.3384 0.2195 0.1817 0.2211 0.2808 0.3536 0.4119 0.4286 0.4196 0.3869 0.3087 0.1962 0.1891 0.2360 0.3003 0.3734 0.4200 0.4284 0.4133 0.3715 0.2737 0.1844 0.2005 0.2523 0.3208 0.3911 0.4250 0.4263 0.4009 0.3658 0.4009 0.4263 0.4250 0.3911 0.3208 0.2523 0.2005 0.1844 0.2737 0.3715 0.4133 0.4284 0.4200 0.3734 0.3003 0.2360 0.1891 0.1962 0.3087 0.3869 0.4196 0.4286 0.4119 0.3536 0.2808 0.2211 0.1817 0.2195 0.3384 0.3992 0.4243 0.4270 0.3998 0.3329 0.2624 0.2076 0.1814 0.2527 0.3608 0.4088 0.4274 0.4232 0.3840 0.3121 0.2452 0.1954 0.1885 0.2900 0.3793 0.4273
0.4019 0.2908 0.1886 0.1953 0.2452 0.3122 0.3842 0.4233 0.4273 0.4086 0.3604 0.2521 0.1813 0.2079 0.2627 0.3332 0.4001 0.4270 0.4243 0.3990 0.3379 0.2189 0.1818 0.2214 0.2812 0.3540 0.4120 0.4287 0.4195 0.3866 0.3081 0.1959 0.1893 0.2362 0.3007 0.3737 0.4201 0.4284 0.4132 0.3712 0.2730 0.1843 0.2007 0.2526 0.3212 0.3914 0.4251 0.4263 0.4048 0.3452 0.2752 0.3452 0.4048 0.4263 0.4251 0.3914 0.3212 0.2526 0.2007 0.1843 0.2730 0.3712 0.4132 0.4284 0.4201 0.3737 0.3007 0.2362 0.1893 0.1959 0.3081 0.3866 0.4195 0.4287 0.4120 0.3540 0.2812 0.2214 0.1818 0.2189 0.3379 0.3990 0.4243 0.4270 0.4001 0.3332 0.2627 0.2079 0.1813 0.2521 0.3604 0.4086 0.4273 0.4233 0.3842 0.3122 0.2452 0.1953 0.1886 0.2908 0.4019
0.3309 0.1890 0.1951 0.2450 0.3121 0.3842 0.4234 0.4273 0.4085 0.3601 0.2515 0.1813 0.2081 0.2630 0.3336 0.4003 0.4271 0.4242 0.3988 0.3375 0.2184 0.1818 0.2216 0.2815 0.3543 0.4122 0.4287 0.4194 0.3864 0.3075 0.1956 0.1895 0.2365 0.3010 0.3740 0.4202 0.4283 0.4130 0.3708 0.2724 0.1842 0.2009 0.2529 0.3215 0.3916 0.4252 0.4262 0.4048 0.3509 0.2344 0.1779 0.2344 0.3509 0.4048 0.4262 0.4252 0.3916 0.3215 0.2529 0.2009 0.1842 0.2724 0.3708 0.4130 0.4283 0.4202 0.3740 0.3010 0.2365 0.1895 0.1956 0.3075 0.3864 0.4194 0.4287 0.4122 0.3543 0.2815 0.2216 0.1818 0.2184 0.3375 0.3988 0.4242 0.4271 0.4003 0.3336 0.2630 0.2081 0.1813 0.2515 0.3601 0.4085 0.4273 0.4234 0.3842 0.3121 0.2450 0.1951 0.1890 0.3309
0.2513 0.1950 0.2446 0.3117 0.3840 0.4233 0.4273 0.4084 0.3598 0.2509 0.1812 0.2083 0.2633 0.3340 0.4006 0.4271 0.4241 0.3986 0.3370 0.2179 0.1819 0.2219 0.2818 0.3547 0.4124 0.4287 0.4193 0.3862 0.3070 0.1953 0.1897 0.2368 0.3014 0.3744 0.4203 0.4283 0.4129 0.3705 0.2718 0.1840 0.2011 0.2532 0.3219 0.3919 0.4253 0.4261 0.4045 0.3510 0.2356 0.1810 0.1926 0.1810 0.2356 0.3510 0.4045 0.4261 0.4253 0.3919 0.3219 0.2532 0.2011 0.1840 0.2718 0.3705 0.4129 0.4283 0.4203 0.3744 0.3014 0.2368 0.1897 0.1953 0.3070 0.3862 0.4193 0.4287 0.4124 0.3547 0.2818 0.2219 0.1819 0.2179 0.3370 0.3986 0.4241 0.4271 0.4006 0.3340 0.2633 0.2083 0.1812 0.2509 0.3598 0.4084 0.4273 0.4233 0.3840 0.3117 0.2446 0.1950 0.2513
0.2511 0.2445 0.3113 0.3837 0.4232 0.4273 0.4085 0.3598 0.2506 0.1812 0.2085 0.2636 0.3343 0.4008 0.4272 0.4241 0.3984 0.3366 0.2174 0.1820 0.2221 0.2821 0.3550 0.4125 0.4287 0.4192 0.3859 0.3064 0.1950 0.1899 0.2370 0.3017 0.3747 0.4204 0.4283 0.4128 0.3702 0.2711 0.1839 0.2013 0.2535 0.3223 0.3922 0.4253 0.4261 0.4044 0.3505 0.2356 0.1819 0.2156 0.2420 0.2156 0.1819 0.2356 0.3505 0.4044 0.4261 0.4253 0.3922 0.3223 0.2535 0.2013 0.1839 0.2711 0.3702 0.4128 0.4283 0.4204 0.3747 0.3017 0.2370 0.1899 0.1950 0.3064 0.3859 0.4192 0.4287 0.4125 0.3550 0.2821 0.2221 0.1820 0.2174 0.3366 0.3984 0.4241 0.4272 0.4008 0.3343 0.2636 0.2085 0.1812 0.2506 0.3598 0.4085 0.4273 0.4232 0.3837 0.3113 0.2445 0.2511
0.2832 0.3112 0.3833 0.4232 0.4274 0.4086 0.3601 0.2509 0.1812 0.2086 0.2639 0.3346 0.4010 0.4272 0.4240 0.3982 0.3362 0.2169 0.1821 0.2224 0.2825 0.3554 0.4127 0.4287 0.4191 0.3857 0.3058 0.1947 0.1901 0.2373 0.3021 0.3750 0.4205 0.4283 0.4127 0.3699 0.2705 0.1838 0.2015 0.2538 0.3226 0.3925 0.4254 0.4260 0.4042 0.3501 0.2350 0.1807 0.2163 0.2741 0.3098 0.2741 0.2163 0.1807 0.2350 0.3501 0.4042 0.4260 0.4254 0.3925 0.3226 0.2538 0.2015 0.1838 0.2705 0.3699 0.4127 0.4283 0.4205 0.3750 0.3021 0.2373 0.1901 0.1947 0.3058 0.3857 0.4191 0.4287 0.4127 0.3554 0.2825 0.2224 0.1821 0.2169 0.3362 0.3982 0.4240 0.4272 0.4010 0.3346 0.2639 0.2086 0.1812 0.2509 0.3601 0.4086 0.4274 0.4232 0.3833 0.3112 0.2832
0.3307 0.3836 0.4229 0.4274 0.4088 0.3604 0.2515 0.1812 0.2085 0.2639 0.3348 0.4012 0.4273 0.4239 0.3980 0.3357 0.2165 0.1821 0.2226 0.2828 0.3558 0.4129 0.4287 0.4190 0.3854 0.3052 0.1945 0.1903 0.2376 0.3024 0.3753 0.4206 0.4282 0.4125 0.3696 0.2699 0.1837 0.2017 0.2541 0.3230 0.3928 0.4255 0.4260 0.4040 0.3497 0.2344 0.1807 0.2145 0.2743 0.3475 0.3848 0.3475 0.2743 0.2145 0.1807 0.2344 0.3497 0.4040 0.4260 0.4255 0.3928 0.3230 0.2541 0.2017 0.1837 0.2699 0.3696 0.4125 0.4282 0.4206 0.3753 0.3024 0.2376 0.1903 0.1945 0.3052 0.3854 0.4190 0.4287 0.4129 0.3558 0.2828 0.2226 0.1821 0.2165 0.3357 0.3980 0.4239 0.4273 0.4012 0.3348 0.2639 0.2085 0.1812 0.2515 0.3604 0.4088 0.4274 0.4229 0.3836 0.3307
0.3833 0.4247 0.4273 0.4089 0.3608 0.2521 0.1813 0.2083 0.2636 0.3346 0.4012 0.4273 0.4239 0.3978 0.3352 0.2160 0.1822 0.2229 0.2831 0.3561 0.4130 0.4287 0.4189 0.3852 0.3046 0.1942 0.1904 0.2379 0.3028 0.3757 0.4207 0.4282 0.4124 0.3693 0.2693 0.1836 0.2019 0.2544 0.3233 0.3930 0.4255 0.4259 0.4039 0.3493 0.2338 0.1807 0.2148 0.2721 0.3464 0.4102 0.4251 0.4102 0.3464 0.2721 0.2148 0.1807 0.2338 0.3493 0.4039 0.4259 0.4255 0.3930 0.3233 0.2544 0.2019 0.1836 0.2693 0.3693 0.4124 0.4282 0.4207 0.3757 0.3028 0.2379 0.1904 0.1942 0.3046 0.3852 0.4189 0.4287 0.4130 0.3561 0.2831 0.2229 0.1822 0.2160 0.3352 0.3978 0.4239 0.4273 0.4012 0.3346 0.2636 0.2083 0.1813 0.2521 0.3608 0.4089 0.4273 0.4247 0.3833
0.4175 0.4294 0.4091 0.3611 0.2527 0.1813 0.2081 0.2633 0.3343 0.4010 0.4273 0.4239 0.3977 0.3349 0.2155 0.1823 0.2231 0.2835 0.3565 0.4132 0.4287 0.4188 0.3849 0.3040 0.1939 0.1906 0.2381 0.3031 0.3760 0.4208 0.4282 0.4123 0.3690 0.2686 0.1835 0.2022 0.2547 0.3237 0.3933 0.4256 0.4259 0.4037 0.3489 0.2333 0.1807 0.2150 0.2725 0.3444 0.4077 0.4286 0.4237 0.4286 0.4077 0.3444 0.2725 0.2150 0.1807 0.2333 0.3489 0.4037 0.4259 0.4256 0.3933 0.3237 0.2547 0.2022 0.1835 0.2686 0.3690 0.4123 0.4282 0.4208 0.3760 0.3031 0.2381 0.1906 0.1939 0.3040 0.3849 0.4188 0.4287 0.4132 0.3565 0.2835 0.2231 0.1823 0.2155 0.3349 0.3977 0.4239 0.4273 0.4010 0.3343 0.2633 0.2081 0.1813 0.2527 0.3611 0.4091 0.4294 0.4175
0.4302 0.4097 0.3614 0.2534 0.1814 0.2079 0.2630 0.3340 0.4008 0.4272 0.4239 0.3978 0.3349 0.2152 0.1824 0.2233 0.2838 0.3568 0.4134 0.4287 0.4187 0.3847 0.3034 0.1937 0.1908 0.2384 0.3035 0.3763 0.4209 0.4282 0.4121 0.3687 0.2680 0.1833 0.2024 0.2550 0.3241 0.3936 0.4257 0.4258 0.4035 0.3485 0.2327 0.1807 0.2153 0.2729 0.3449 0.4072 0.4282 0.4195 0.3993 0.4195 0.4282 0.4072 0.3449 0.2729 0.2153 0.1807 0.2327 0.3485 0.4035 0.4258 0.4257 0.3936 0.3241 0.2550 0.2024 0.1833 0.2680 0.3687 0.4121 0.4282 0.4209 0.3763 0.3035 0.2384 0.1908 0.1937 0.3034 0.3847 0.4187 0.4287 0.4134 0.3568 0.2838 0.2233 0.1824 0.2152 0.3349 0.3978 0.4239 0.4272 0.4008 0.3340 0.2630 0.2079 0.1814 0.2534 0.3614 0.4097 0.4302
0.4230 0.3619 0.2540 0.1815 0.2076 0.2627 0.3336 0.4006 0.4272 0.4240 0.3980 0.3352 0.2155 0.1824 0.2234 0.2841 0.3571 0.4135 0.4287 0.4186 0.3844 0.3028 0.1934 0.1910 0.2387 0.3038 0.3766 0.4210 0.4281 0.4120 0.3684 0.2674 0.1832 0.2026 0.2553 0.3244 0.3938 0.4257 0.4258 0.4034 0.3481 0.2321 0.1808 0.2155 0.2732 0.3453 0.4075 0.4282 0.4217 0.3872 0.3428 0.3872 0.4217 0.4282 0.4075 0.3453 0.2732 0.2155 0.1808 0.2321 0.3481 0.4034 0.4258 0.4257 0.3938 0.3244 0.2553 0.2026 0.1832 0.2674 0.3684 0.4120 0.4281 0.4210 0.3766 0.3038 0.2387 0.1910 0.1934 0.3028 0.3844 0.4186 0.4287 0.4135 0.3571 0.2841 0.2234 0.1824 0.2155 0.3352 0.3980 0.4240 0.4272 0.4006 0.3336 0.2627 0.2076 0.1815 0.2540 0.3619 0.4230
0.3885 0.2548 0.1815 0.2074 0.2624 0.3332 0.4003 0.4271 0.4241 0.3982 0.3357 0.2160 0.1823 0.2233 0.2841 0.3573 0.4137 0.4287 0.4185 0.3842 0.3022 0.1931 0.1912 0.2390 0.3042 0.3770 0.4211 0.4281 0.4119 0.3681 0.2667 0.1831 0.2028 0.2556 0.3248 0.3941 0.4258 0.4257 0.4032 0.3477 0.2315 0.1808 0.2157 0.2735 0.3456 0.4077 0.4282 0.4217 0.3919 0.3156 0.2352 0.3156 0.3919 0.4217 0.4282 0.4077 0.3456 0.2735 0.2157 0.1808 0.2315 0.3477 0.4032 0.4257 0.4258 0.3941 0.3248 0.2556 0.2028 0.1831 0.2667 0.3681 0.4119 0.4281 0.4211 0.3770 0.3042 0.2390 0.1912 0.1931 0.3022 0.3842 0.4185 0.4287 0.4137 0.3573 0.2841 0.2233 0.1823 0.2160 0.3357 0.3982 0.4241 0.4271 0.4003 0.3332 0.2624 0.2074 0.1815 0.2548 0.3885
0.3022 0.1817 0.2072 0.2621 0.3329 0.4001 0.4271 0.4241 0.3984 0.3362 0.2165 0.1822 0.2231 0.2838 0.3571 0.4137 0.4288 0.4185 0.3839 0.3016 0.1929 0.1914 0.2392 0.3045 0.3773 0.4212 0.4281 0.4117 0.3678 0.2661 0.1830 0.2030 0.2559 0.3251 0.3944 0.4258 0.4257 0.4030 0.3473 0.2310 0.1808 0.2160 0.2738 0.3460 0.4079 0.4283 0.4216 0.3919 0.3201 0.2020 0.1735 0.2020 0.3201 0.3919 0.4216 0.4283 0.4079 0.3460 0.2738 0.2160 0.1808 0.2310 0.3473 0.4030 0.4257 0.4258 0.3944 0.3251 0.2559 0.2030 0.1830 0.2661 0.3678 0.4117 0.4281 0.4212 0.3773 0.3045 0.2392 0.1914 0.1929 0.3016 0.3839 0.4185 0.4288 0.4137 0.3571 0.2838 0.2231 0.1822 0.2165 0.3362 0.3984 0.4241 0.4271 0.4001 0.3329 0.2621 0.2072 0.1817 0.3022
0.2450 0.2071 0.2617 0.3325 0.3998 0.4270 0.4242 0.3986 0.3366 0.2169 0.1821 0.2229 0.2835 0.3568 0.4135 0.4287 0.4185 0.3838 0.3011 0.1926 0.1916 0.2395 0.3049 0.3776 0.4213 0.4281 0.4116 0.3674 0.2655 0.1829 0.2032 0.2562 0.3255 0.3946 0.4259 0.4256 0.4029 0.3469 0.2304 0.1808 0.2162 0.2742 0.3464 0.4081 0.4283 0.4215 0.3915 0.3203 0.2031 0.1866 0.2067 0.1866 0.2031 0.3203 0.3915 0.4215 0.4283 0.4081 0.3464 0.2742 0.2162 0.1808 0.2304 0.3469 0.4029 0.4256 0.4259 0.3946 0.3255 0.2562 0.2032 0.1829 0.2655 0.3674 0.4116 0.4281 0.4213 0.3776 0.3049 0.2395 0.1916 0.1926 0.3011 0.3838 0.4185 0.4287 0.4135 0.3568 0.2835 0.2229 0.1821 0.2169 0.3366 0.3986 0.4242 0.4270 0.3998 0.3325 0.2617 0.2071 0.2450
0.2584 0.2616 0.3321 0.3996 0.4270 0.4243 0.3988 0.3370 0.2174 0.1821 0.2226 0.2831 0.3565 0.4134 0.4287 0.4185 0.3839 0.3011 0.1925 0.1917 0.2398 0.3052 0.3779 0.4214 0.4280 0.4115 0.3671 0.2649 0.1828 0.2034 0.2565 0.3259 0.3949 0.4260 0.4255 0.4027 0.3465 0.2298 0.1808 0.2165 0.2745 0.3467 0.4083 0.4283 0.4214 0.3913 0.3197 0.2026 0.1874 0.2327 0.2622 0.2327 0.1874 0.2026 0.3197 0.3913 0.4214 0.4283 0.4083 0.3467 0.2745 0.2165 0.1808 0.2298 0.3465 0.4027 0.4255 0.4260 0.3949 0.3259 0.2565 0.2034 0.1828 0.2649 0.3671 0.4115 0.4280 0.4214 0.3779 0.3052 0.2398 0.1917 0.1925 0.3011 0.3839 0.4185 0.4287 0.4134 0.3565 0.2831 0.2226 0.1821 0.2174 0.3370 0.3988 0.4243 0.4270 0.3996 0.3321 0.2616 0.2584
0.2951 0.3320 0.3993 0.4270 0.4243 0.3990 0.3375 0.2179 0.1820 0.2224 0.2828 0.3561 0.4132 0.4287 0.4186 0.3842 0.3016 0.1926 0.1917 0.2399 0.3055 0.3782 0.4215 0.4280 0.4113 0.3668 0.2642 0.1827 0.2036 0.2568 0.3262 0.3952 0.4260 0.4255 0.4025 0.3461 0.2293 0.1809 0.2167 0.2748 0.3471 0.4085 0.4283 0.4213 0.3911 0.3192 0.2022 0.1859 0.2333 0.2970 0.3349 0.2970 0.2333 0.1859 0.2022 0.3192 0.3911 0.4213 0.4283 0.4085 0.3471 0.2748 0.2167 0.1809 0.2293 0.3461 0.4025 0.4255 0.4260 0.3952 0.3262 0.2568 0.2036 0.1827 0.2642 0.3668 0.4113 0.4280 0.4215 0.3782 0.3055 0.2399 0.1917 0.1926 0.3016 0.3842 0.4186 0.4287 0.4132 0.3561 0.2828 0.2224 0.1820 0.2179 0.3375 0.3990 0.4243 0.4270 0.3993 0.3320 0.2951
0.3458 0.3999 0.4267 0.4244 0.3992 0.3379 0.2184 0.1819 0.2221 0.2825 0.3558 0.4130 0.4287 0.4187 0.3844 0.3022 0.1929 0.1916 0.2398 0.3055 0.3783 0.4216 0.4280 0.4112 0.3665 0.2636 0.1827 0.2039 0.2571 0.3266 0.3954 0.4261 0.4254 0.4023 0.3457 0.2287 0.1809 0.2169 0.2751 0.3474 0.4087 0.4284 0.4212 0.3909 0.3186 0.2019 0.1861 0.2313 0.2969 0.3716 0.4041 0.3716 0.2969 0.2313 0.1861 0.2019 0.3186 0.3909 0.4212 0.4284 0.4087 0.3474 0.2751 0.2169 0.1809 0.2287 0.3457 0.4023 0.4254 0.4261 0.3954 0.3266 0.2571 0.2039 0.1827 0.2636 0.3665 0.4112 0.4280 0.4216 0.3783 0.3055 0.2398 0.1916 0.1929 0.3022 0.3844 0.4187 0.4287 0.4130 0.3558 0.2825 0.2221 0.1819 0.2184 0.3379 0.3992 0.4244 0.4267 0.3999 0.3458
0.3956 0.4288 0.4244 0.3994 0.3384 0.2189 0.1818 0.2219 0.2821 0.3554 0.4129 0.4287 0.4188 0.3847 0.3028 0.1931 0.1914 0.2395 0.3052 0.3782 0.4216 0.4280 0.4111 0.3662 0.2630 0.1826 0.2041 0.2574 0.3270 0.3957 0.4261 0.4254 0.4022 0.3453 0.2282 0.1809 0.2172 0.2755 0.3478 0.4089 0.4284 0.4211 0.3907 0.3181 0.2015 0.1863 0.2316 0.2947 0.3699 0.4205 0.4278 0.4205 0.3699 0.2947 0.2316 0.1863 0.2015 0.3181 0.3907 0.4211 0.4284 0.4089 0.3478 0.2755 0.2172 0.1809 0.2282 0.3453 0.4022 0.4254 0.4261 0.3957 0.3270 0.2574 0.2041 0.1826 0.2630 0.3662 0.4111 0.4280 0.4216 0.3782 0.3052 0.2395 0.1914 0.1931 0.3028 0.3847 0.4188 0.4287 0.4129 0.3554 0.2821 0.2219 0.1818 0.2189 0.3384 0.3994 0.4244 0.4288 0.3956
0.4229 0.4262 0.3996 0.3388 0.2195 0.1818 0.2216 0.2818 0.3550 0.4127 0.4287 0.4189 0.3849 0.3034 0.1934 0.1912 0.2392 0.3049 0.3779 0.4215 0.4280 0.4111 0.3660 0.2624 0.1825 0.2043 0.2577 0.3273 0.3960 0.4262 0.4253 0.4020 0.3449 0.2276 0.1810 0.2174 0.2758 0.3482 0.4091 0.4284 0.4210 0.3904 0.3175 0.2011 0.1865 0.2319 0.2951 0.3682 0.4184 0.4281 0.4182 0.4281 0.4184 0.3682 0.2951 0.2319 0.1865 0.2011 0.3175 0.3904 0.4210 0.4284 0.4091 0.3482 0.2758 0.2174 0.1810 0.2276 0.3449 0.4020 0.4253 0.4262 0.3960 0.3273 0.2577 0.2043 0.1825 0.2624 0.3660 0.4111 0.4280 0.4215 0.3779 0.3049 0.2392 0.1912 0.1934 0.3034 0.3849 0.4189 0.4287 0.4127 0.3550 0.2818 0.2216 0.1818 0.2195 0.3388 0.3996 0.4262 0.4229
0.4304 0.3999 0.3393 0.2200 0.1817 0.2214 0.2815 0.3547 0.4125 0.4287 0.4190 0.3852 0.3040 0.1937 0.1910 0.2390 0.3045 0.3776 0.4214 0.4280 0.4112 0.3662 0.2624 0.1824 0.2045 0.2579 0.3277 0.3962 0.4262 0.4252 0.4018 0.3445 0.2271 0.1810 0.2177 0.2761 0.3485 0.4093 0.4284 0.4209 0.3902 0.3170 0.2008 0.1866 0.2322 0.2955 0.3686 0.4182 0.4287 0.4119 0.3852 0.4119 0.4287 0.4182 0.3686 0.2955 0.2322 0.1866 0.2008 0.3170 0.3902 0.4209 0.4284 0.4093 0.3485 0.2761 0.2177 0.1810 0.2271 0.3445 0.4018 0.4252 0.4262 0.3962 0.3277 0.2579 0.2045 0.1824 0.2624 0.3662 0.4112 0.4280 0.4214 0.3776 0.3045 0.2390 0.1910 0.1937 0.3040 0.3852 0.4190 0.4287 0.4125 0.3547 0.2815 0.2214 0.1817 0.2200 0.3393 0.3999 0.4304
0.4167 0.3398 0.2205 0.1816 0.2211 0.2812 0.3543 0.4124 0.4287 0.4191 0.3854 0.3046 0.1939 0.1908 0.2387 0.3042 0.3773 0.4213 0.4280 0.4113 0.3665 0.2630 0.1825 0.2045 0.2581 0.3280 0.3965 0.4263 0.4252 0.4016 0.3441 0.2265 0.1810 0.2179 0.2764 0.3489 0.4095 0.4284 0.4209 0.3900 0.3164 0.2005 0.1868 0.2325 0.2958 0.3690 0.4184 0.4286 0.4149 0.3693 0.3138 0.3693 0.4149 0.4286 0.4184 0.3690 0.2958 0.2325 0.1868 0.2005 0.3164 0.3900 0.4209 0.4284 0.4095 0.3489 0.2764 0.2179 0.1810 0.2265 0.3441 0.4016 0.4252 0.4263 0.3965 0.3280 0.2581 0.2045 0.1825 0.2630 0.3665 0.4113 0.4280 0.4213 0.3773 0.3042 0.2387 0.1908 0.1939 0.3046 0.3854 0.4191 0.4287 0.4124 0.3543 0.2812 0.2211 0.1816 0.2205 0.3398 0.4167
0.3708 0.2211 0.1816 0.2209 0.2808 0.3540 0.4122 0.4287 0.4192 0.3857 0.3052 0.1942 0.1906 0.2384 0.3038 0.3770 0.4212 0.4281 0.4115 0.3668 0.2636 0.1826 0.2043 0.2579 0.3280 0.3966 0.4263 0.4251 0.4015 0.3437 0.2260 0.1811 0.2181 0.2768 0.3492 0.4096 0.4285 0.4208 0.3898 0.3159 0.2001 0.1870 0.2327 0.2962 0.3694 0.4186 0.4286 0.4149 0.3748 0.2782 0.1995 0.2782 0.3748 0.4149 0.4286 0.4186 0.3694 0.2962 0.2327 0.1870 0.2001 0.3159 0.3898 0.4208 0.4285 0.4096 0.3492 0.2768 0.2181 0.1811 0.2260 0.3437 0.4015 0.4251 0.4263 0.3966 0.3280 0.2579 0.2043 0.1826 0.2636 0.3668 0.4115 0.4281 0.4212 0.3770 0.3038 0.2384 0.1906 0.1942 0.3052 0.3857 0.4192 0.4287 0.4122 0.3540 0.2808 0.2209 0.1816 0.2211 0.3708
0.2763 0.1816 0.2206 0.2805 0.3536 0.4120 0.4287 0.4193 0.3859 0.3058 0.1945 0.1904 0.2381 0.3035 0.3766 0.4211 0.4281 0.4116 0.3671 0.2642 0.1827 0.2041 0.2577 0.3277 0.3965 0.4263 0.4251 0.4013 0.3432 0.2254 0.1811 0.2184 0.2771 0.3496 0.4098 0.4285 0.4207 0.3895 0.3153 0.1998 0.1871 0.2330 0.2965 0.3697 0.4187 0.4286 0.4146 0.3748 0.2797 0.1856 0.1800 0.1856 0.2797 0.3748 0.4146 0.4286 0.4187 0.3697 0.2965 0.2330 0.1871 0.1998 0.3153 0.3895 0.4207 0.4285 0.4098 0.3496 0.2771 0.2184 0.1811 0.2254 0.3432 0.4013 0.4251 0.4263 0.3965 0.3277 0.2577 0.2041 0.1827 0.2642 0.3671 0.4116 0.4281 0.4211 0.3766 0.3035 0.2381 0.1904 0.1945 0.3058 0.3859 0.4193 0.4287 0.4120 0.3536 0.2805 0.2206 0.1816 0.2763
0.2440 0.2205 0.2801 0.3533 0.4119 0.4287 0.4194 0.3862 0.3064 0.1947 0.1903 0.2379 0.3031 0.3763 0.4210 0.4281 0.4117 0.3674 0.2649 0.1827 0.2039 0.2574 0.3273 0.3962 0.4263 0.4251 0.4013 0.3430 0.2250 0.1811 0.2186 0.2774 0.3499 0.4100 0.4285 0.4206 0.3893 0.3147 0.1994 0.1873 0.2333 0.2969 0.3700 0.4188 0.4286 0.4145 0.3744 0.2799 0.1866 0.1997 0.2228 0.1997 0.1866 0.2799 0.3744 0.4145 0.4286 0.4188 0.3700 0.2969 0.2333 0.1873 0.1994 0.3147 0.3893 0.4206 0.4285 0.4100 0.3499 0.2774 0.2186 0.1811 0.2250 0.3430 0.4013 0.4251 0.4263 0.3962 0.3273 0.2574 0.2039 0.1827 0.2649 0.3674 0.4117 0.4281 0.4210 0.3763 0.3031 0.2379 0.1903 0.1947 0.3064 0.3862 0.4194 0.4287 0.4119 0.3533 0.2801 0.2205 0.2440
0.2670 0.2800 0.3529 0.4117 0.4286 0.4195 0.3864 0.3070 0.1950 0.1901 0.2376 0.3028 0.3760 0.4209 0.4281 0.4119 0.3678 0.2655 0.1828 0.2036 0.2571 0.3270 0.3960 0.4262 0.4252 0.4015 0.3432 0.2250 0.1811 0.2188 0.2777 0.3503 0.4102 0.4285 0.4205 0.3891 0.3141 0.1991 0.1875 0.2335 0.2972 0.3704 0.4189 0.4285 0.4144 0.3741 0.2793 0.1856 0.2004 0.2518 0.2844 0.2518 0.2004 0.1856 0.2793 0.3741 0.4144 0.4285 0.4189 0.3704 0.2972 0.2335 0.1875 0.1991 0.3141 0.3891 0.4205 0.4285 0.4102 0.3503 0.2777 0.2188 0.1811 0.2250 0.3432 0.4015 0.4252 0.4262 0.3960 0.3270 0.2571 0.2036 0.1828 0.2655 0.3678 0.4119 0.4281 0.4209 0.3760 0.3028 0.2376 0.1901 0.1950 0.3070 0.3864 0.4195 0.4286 0.4117 0.3529 0.2800 0.2670
0.3082 0.3528 0.4114 0.4287 0.4196 0.3866 0.3075 0.1953 0.1899 0.2373 0.3024 0.3757 0.4208 0.4282 0.4120 0.3681 0.2661 0.1829 0.2034 0.2568 0.3266 0.3957 0.4262 0.4252 0.4016 0.3437 0.2254 0.1811 0.2188 0.2778 0.3506 0.4104 0.4285 0.4204 0.3888 0.3136 0.1988 0.1877 0.2338 0.2975 0.3707 0.4190 0.4285 0.4143 0.3738 0.2787 0.1855 0.1987 0.2522 0.3212 0.3600 0.3212 0.2522 0.1987 0.1855 0.2787 0.3738 0.4143 0.4285 0.4190 0.3707 0.2975 0.2338 0.1877 0.1988 0.3136 0.3888 0.4204 0.4285 0.4104 0.3506 0.2778 0.2188 0.1811 0.2254 0.3437 0.4016 0.4252 0.4262 0.3957 0.3266 0.2568 0.2034 0.1829 0.2661 0.3681 0.4120 0.4282 0.4208 0.3757 0.3024 0.2373 0.1899 0.1953 0.3075 0.3866 0.4196 0.4287 0.4114 0.3528 0.3082
0.3609 0.4125 0.4284 0.4197 0.3869 0.3081 0.1956 0.1897 0.2370 0.3021 0.3753 0.4207 0.4282 0.4121 0.3684 0.2667 0.1830 0.2032 0.2565 0.3262 0.3954 0.4261 0.4253 0.4018 0.3441 0.2260 0.1811 0.2186 0.2777 0.3506 0.4105 0.4285 0.4203 0.3886 0.3130 0.1985 0.1878 0.2341 0.2979 0.3710 0.4192 0.4285 0.4142 0.3735 0.2780 0.1854 0.1990 0.2501 0.3207 0.3929 0.4174 0.3929 0.3207 0.2501 0.1990 0.1854 0.2780 0.3735 0.4142 0.4285 0.4192 0.3710 0.2979 0.2341 0.1878 0.1985 0.3130 0.3886 0.4203 0.4285 0.4105 0.3506 0.2777 0.2186 0.1811 0.2260 0.3441 0.4018 0.4253 0.4261 0.3954 0.3262 0.2565 0.2032 0.1830 0.2667 0.3684 0.4121 0.4282 0.4207 0.3753 0.3021 0.2370 0.1897 0.1956 0.3081 0.3869 0.4197 0.4284 0.4125 0.3609
0.4058 0.4307 0.4198 0.3871 0.3087 0.1959 0.1895 0.2368 0.3017 0.3750 0.4206 0.4282 0.4123 0.3687 0.2674 0.1831 0.2030 0.2562 0.3259 0.3952 0.4261 0.4254 0.4020 0.3445 0.2265 0.1811 0.2184 0.2774 0.3503 0.4104 0.4285 0.4203 0.3884 0.3124 0.1981 0.1880 0.2343 0.2982 0.3714 0.4193 0.4285 0.4140 0.3732 0.2774 0.1852 0.1992 0.2505 0.3185 0.3907 0.4262 0.4271 0.4262 0.3907 0.3185 0.2505 0.1992 0.1852 0.2774 0.3732 0.4140 0.4285 0.4193 0.3714 0.2982 0.2343 0.1880 0.1981 0.3124 0.3884 0.4203 0.4285 0.4104 0.3503 0.2774 0.2184 0.1811 0.2265 0.3445 0.4020 0.4254 0.4261 0.3952 0.3259 0.2562 0.2030 0.1831 0.2674 0.3687 0.4123 0.4282 0.4206 0.3750 0.3017 0.2368 0.1895 0.1959 0.3087 0.3871 0.4198 0.4307 0.4058
0.4268 0.4212 0.3874 0.3093 0.1962 0.1893 0.2365 0.3014 0.3747 0.4205 0.4282 0.4124 0.3690 0.2680 0.1832 0.2028 0.2559 0.3255 0.3949 0.4260 0.4254 0.4022 0.3449 0.2271 0.1810 0.2181 0.2771 0.3499 0.4102 0.4285 0.4203 0.3884 0.3121 0.1979 0.1882 0.2346 0.2986 0.3717 0.4194 0.4285 0.4139 0.3729 0.2768 0.1851 0.1994 0.2508 0.3189 0.3895 0.4248 0.4251 0.4105 0.4251 0.4248 0.3895 0.3189 0.2508 0.1994 0.1851 0.2768 0.3729 0.4139 0.4285 0.4194 0.3717 0.2986 0.2346 0.1882 0.1979 0.3121 0.3884 0.4203 0.4285 0.4102 0.3499 0.2771 0.2181 0.1810 0.2271 0.3449 0.4022 0.4254 0.4260 0.3949 0.3255 0.2559 0.2028 0.1832 0.2680 0.3690 0.4124 0.4282 0.4205 0.3747 0.3014 0.2365 0.1893 0.1962 0.3093 0.3874 0.4212 0.4268
0.4290 0.3877 0.3099 0.1965 0.1891 0.2362 0.3010 0.3744 0.4204 0.4283 0.4125 0.3693 0.2686 0.1833 0.2026 0.2556 0.3251 0.3946 0.4260 0.4255 0.4023 0.3453 0.2276 0.1810 0.2179 0.2768 0.3496 0.4100 0.4285 0.4204 0.3886 0.3124 0.1979 0.1883 0.2348 0.2989 0.3720 0.4195 0.4285 0.4138 0.3726 0.2762 0.1849 0.1996 0.2511 0.3194 0.3899 0.4247 0.4265 0.4016 0.3671 0.4016 0.4265 0.4247 0.3899 0.3194 0.2511 0.1996 0.1849 0.2762 0.3726 0.4138 0.4285 0.4195 0.3720 0.2989 0.2348 0.1883 0.1979 0.3124 0.3886 0.4204 0.4285 0.4100 0.3496 0.2768 0.2179 0.1810 0.2276 0.3453 0.4023 0.4255 0.4260 0.3946 0.3251 0.2556 0.2026 0.1833 0.2686 0.3693 0.4125 0.4283 0.4204 0.3744 0.3010 0.2362 0.1891 0.1965 0.3099 0.3877 0.4290
0.4081 0.3106 0.1968 0.1890 0.2360 0.3007 0.3740 0.4203 0.4283 0.4127 0.3696 0.2693 0.1835 0.2024 0.2553 0.3248 0.3944 0.4259 0.4255 0.4025 0.3457 0.2282 0.1810 0.2177 0.2764 0.3492 0.4098 0.4285 0.4205 0.3888 0.3130 0.1981 0.1882 0.2348 0.2990 0.3723 0.4196 0.4284 0.4137 0.3723 0.2755 0.1848 0.1999 0.2514 0.3197 0.3902 0.4249 0.4265 0.4055 0.3467 0.2775 0.3467 0.4055 0.4265 0.4249 0.3902 0.3197 0.2514 0.1999 0.1848 0.2755 0.3723 0.4137 0.4284 0.4196 0.3723 0.2990 0.2348 0.1882 0.1981 0.3130 0.3888 0.4205 0.4285 0.4098 0.3492 0.2764 0.2177 0.1810 0.2282 0.3457 0.4025 0.4255 0.4259 0.3944 0.3248 0.2553 0.2024 0.1835 0.2693 0.3696 0.4127 0.4283 0.4203 0.3740 0.3007 0.2360 0.1890 0.1968 0.3106 0.4081
0.3471 0.1972 0.1887 0.2357 0.3003 0.3737 0.4202 0.4283 0.4128 0.3699 0.2699 0.1836 0.2022 0.2550 0.3244 0.3941 0.4258 0.4256 0.4027 0.3461 0.2287 0.1809 0.2174 0.2761 0.3489 0.4096 0.4285 0.4206 0.3891 0.3136 0.1985 0.1880 0.2346 0.2989 0.3723 0.4197 0.4284 0.4135 0.3721 0.2749 0.1847 0.2001 0.2517 0.3201 0.3905 0.4249 0.4264 0.4055 0.3524 0.2367 0.1786 0.2367 0.3524 0.4055 0.4264 0.4249 0.3905 0.3201 0.2517 0.2001 0.1847 0.2749 0.3721 0.4135 0.4284 0.4197 0.3723 0.2989 0.2346 0.1880 0.1985 0.3136 0.3891 0.4206 0.4285 0.4096 0.3489 0.2761 0.2174 0.1809 0.2287 0.3461 0.4027 0.4256 0.4258 0.3941 0.3244 0.2550 0.2022 0.1836 0.2699 0.3699 0.4128 0.4283 0.4202 0.3737 0.3003 0.2357 0.1887 0.1972 0.3471
0.2579 0.1887 0.2354 0.3000 0.3734 0.4201 0.4283 0.4129 0.3702 0.2705 0.1837 0.2019 0.2547 0.3241 0.3938 0.4258 0.4257 0.4029 0.3465 0.2293 0.1809 0.2172 0.2758 0.3485 0.4095 0.4285 0.4207 0.3893 0.3141 0.1988 0.1878 0.2343 0.2986 0.3720 0.4196 0.4284 0.4135 0.3718 0.2743 0.1845 0.2003 0.2520 0.3204 0.3908 0.4250 0.4264 0.4052 0.3525 0.2380 0.1809 0.1917 0.1809 0.2380 0.3525 0.4052 0.4264 0.4250 0.3908 0.3204 0.2520 0.2003 0.1845 0.2743 0.3718 0.4135 0.4284 0.4196 0.3720 0.2986 0.2343 0.1878 0.1988 0.3141 0.3893 0.4207 0.4285 0.4095 0.3485 0.2758 0.2172 0.1809 0.2293 0.3465 0.4029 0.4257 0.4258 0.3938 0.3241 0.2547 0.2019 0.1837 0.2705 0.3702 0.4129 0.4283 0.4201 0.3734 0.3000 0.2354 0.1887 0.2579
0.2476 0.2353 0.2996 0.3731 0.4200 0.4284 0.4130 0.3705 0.2711 0.1838 0.2017 0.2544 0.3237 0.3936 0.4257 0.4257 0.4030 0.3469 0.2298 0.1809 0.2169 0.2755 0.3482 0.4093 0.4284 0.4208 0.3895 0.3147 0.1991 0.1877 0.2341 0.2982 0.3717 0.4195 0.4284 0.4135 0.3718 0.2740 0.1844 0.2004 0.2523 0.3208 0.3911 0.4251 0.4263 0.4050 0.3520 0.2379 0.1818 0.2146 0.2408 0.2146 0.1818 0.2379 0.3520 0.4050 0.4263 0.4251 0.3911 0.3208 0.2523 0.2004 0.1844 0.2740 0.3718 0.4135 0.4284 0.4195 0.3717 0.2982 0.2341 0.1877 0.1991 0.3147 0.3895 0.4208 0.4284 0.4093 0.3482 0.2755 0.2169 0.1809 0.2298 0.3469 0.4030 0.4257 0.4257 0.3936 0.3237 0.2544 0.2017 0.1838 0.2711 0.3705 0.4130 0.4284 0.4200 0.3731 0.2996 0.2353 0.2476
0.2769 0.2994 0.3726 0.4199 0.4284 0.4132 0.3708 0.2718 0.1839 0.2015 0.2541 0.3233 0.3933 0.4257 0.4258 0.4032 0.3473 0.2304 0.1808 0.2167 0.2751 0.3478 0.4091 0.4284 0.4209 0.3898 0.3153 0.1994 0.1875 0.2338 0.2979 0.3714 0.4194 0.4285 0.4137 0.3721 0.2743 0.1844 0.2005 0.2525 0.3211 0.3914 0.4251 0.4263 0.4049 0.3516 0.2373 0.1806 0.2152 0.2727 0.3082 0.2727 0.2152 0.1806 0.2373 0.3516 0.4049 0.4263 0.4251 0.3914 0.3211 0.2525 0.2005 0.1844 0.2743 0.3721 0.4137 0.4285 0.4194 0.3714 0.2979 0.2338 0.1875 0.1994 0.3153 0.3898 0.4209 0.4284 0.4091 0.3478 0.2751 0.2167 0.1808 0.2304 0.3473 0.4032 0.4258 0.4257 0.3933 0.3233 0.2541 0.2015 0.1839 0.2718 0.3708 0.4132 0.4284 0.4199 0.3726 0.2994 0.2769
0.3222 0.3728 0.4196 0.4284 0.4133 0.3712 0.2724 0.1840 0.2013 0.2538 0.3230 0.3930 0.4256 0.4258 0.4034 0.3477 0.2310 0.1808 0.2165 0.2748 0.3474 0.4089 0.4284 0.4209 0.3900 0.3159 0.1998 0.1873 0.2335 0.2975 0.3710 0.4193 0.4285 0.4138 0.3723 0.2749 0.1845 0.2004 0.2525 0.3213 0.3916 0.4252 0.4262 0.4047 0.3512 0.2368 0.1806 0.2135 0.2729 0.3459 0.3834 0.3459 0.2729 0.2135 0.1806 0.2368 0.3512 0.4047 0.4262 0.4252 0.3916 0.3213 0.2525 0.2004 0.1845 0.2749 0.3723 0.4138 0.4285 0.4193 0.3710 0.2975 0.2335 0.1873 0.1998 0.3159 0.3900 0.4209 0.4284 0.4089 0.3474 0.2748 0.2165 0.1808 0.2310 0.3477 0.4034 0.4258 0.4256 0.3930 0.3230 0.2538 0.2013 0.1840 0.2724 0.3712 0.4133 0.4284 0.4196 0.3728 0.3222
0.3754 0.4212 0.4283 0.4134 0.3715 0.2730 0.1842 0.2011 0.2535 0.3226 0.3928 0.4255 0.4259 0.4035 0.3481 0.2315 0.1808 0.2162 0.2745 0.3471 0.4087 0.4284 0.4210 0.3902 0.3164 0.2001 0.1871 0.2333 0.2972 0.3707 0.4192 0.4285 0.4139 0.3726 0.2755 0.1847 0.2003 0.2523 0.3211 0.3916 0.4252 0.4262 0.4046 0.3509 0.2362 0.1806 0.2137 0.2707 0.3449 0.4093 0.4248 0.4093 0.3449 0.2707 0.2137 0.1806 0.2362 0.3509 0.4046 0.4262 0.4252 0.3916 0.3211 0.2523 0.2003 0.1847 0.2755 0.3726 0.4139 0.4285 0.4192 0.3707 0.2972 0.2333 0.1871 0.2001 0.3164 0.3902 0.4210 0.4284 0.4087 0.3471 0.2745 0.2162 0.1808 0.2315 0.3481 0.4035 0.4259 0.4255 0.3928 0.3226 0.2535 0.2011 0.1842 0.2730 0.3715 0.4134 0.4283 0.4212 0.3754
0.4138 0.4304 0.4135 0.3718 0.2737 0.1843 0.2009 0.2532 0.3223 0.3925 0.4255 0.4259 0.4037 0.3485 0.2321 0.1808 0.2160 0.2742 0.3467 0.4085 0.4284 0.4211 0.3904 0.3170 0.2005 0.1870 0.2330 0.2969 0.3704 0.4190 0.4285 0.4140 0.3729 0.2762 0.1848 0.2001 0.2520 0.3208 0.3914 0.4252 0.4262 0.4045 0.3505 0.2356 0.1806 0.2140 0.2711 0.3429 0.4068 0.4286 0.4239 0.4286 0.4068 0.3429 0.2711 0.2140 0.1806 0.2356 0.3505 0.4045 0.4262 0.4252 0.3914 0.3208 0.2520 0.2001 0.1848 0.2762 0.3729 0.4140 0.4285 0.4190 0.3704 0.2969 0.2330 0.1870 0.2005 0.3170 0.3904 0.4211 0.4284 0.4085 0.3467 0.2742 0.2160 0.1808 0.2321 0.3485 0.4037 0.4259 0.4255 0.3925 0.3223 0.2532 0.2009 0.1843 0.2737 0.3718 0.4135 0.4304 0.4138
0.4293 0.4145 0.3721 0.2743 0.1844 0.2007 0.2529 0.3219 0.3922 0.4254 0.4260 0.4039 0.3489 0.2327 0.1808 0.2157 0.2738 0.3464 0.4083 0.4283 0.4212 0.3907 0.3175 0.2008 0.1868 0.2327 0.2965 0.3700 0.4189 0.4285 0.4142 0.3732 0.2768 0.1849 0.1999 0.2517 0.3204 0.3911 0.4251 0.4262 0.4046 0.3505 0.2353 0.1806 0.2142 0.2715 0.3433 0.4063 0.4281 0.4199 0.4001 0.4199 0.4281 0.4063 0.3433 0.2715 0.2142 0.1806 0.2353 0.3505 0.4046 0.4262 0.4251 0.3911 0.3204 0.2517 0.1999 0.1849 0.2768 0.3732 0.4142 0.4285 0.4189 0.3700 0.2965 0.2327 0.1868 0.2008 0.3175 0.3907 0.4212 0.4283 0.4083 0.3464 0.2738 0.2157 0.1808 0.2327 0.3489 0.4039 0.4260 0.4254 0.3922 0.3219 0.2529 0.2007 0.1844 0.2743 0.3721 0.4145 0.4293
0.4258 0.3724 0.2749 0.1845 0.2005 0.2526 0.3215 0.3919 0.4253 0.4260 0.4040 0.3493 0.2333 0.1807 0.2155 0.2735 0.3460 0.4081 0.4283 0.4213 0.3909 0.3181 0.2011 0.1866 0.2325 0.2962 0.3697 0.4188 0.4285 0.4143 0.3735 0.2774 0.1851 0.1996 0.2514 0.3201 0.3908 0.4251 0.4263 0.4047 0.3509 0.2356 0.1806 0.2143 0.2718 0.3437 0.4066 0.4281 0.4221 0.3882 0.3444 0.3882 0.4221 0.4281 0.4066 0.3437 0.2718 0.2143 0.1806 0.2356 0.3509 0.4047 0.4263 0.4251 0.3908 0.3201 0.2514 0.1996 0.1851 0.2774 0.3735 0.4143 0.4285 0.4188 0.3697 0.2962 0.2325 0.1866 0.2011 0.3181 0.3909 0.4213 0.4283 0.4081 0.3460 0.2735 0.2155 0.1807 0.2333 0.3493 0.4040 0.4260 0.4253 0.3919 0.3215 0.2526 0.2005 0.1845 0.2749 0.3724 0.4258
0.3967 0.2757 0.1847 0.2003 0.2523 0.3212 0.3916 0.4253 0.4261 0.4042 0.3497 0.2338 0.1807 0.2153 0.2732 0.3456 0.4079 0.4283 0.4214 0.3911 0.3186 0.2015 0.1865 0.2322 0.2958 0.3694 0.4187 0.4286 0.4144 0.3738 0.2780 0.1852 0.1994 0.2511 0.3197 0.3905 0.4250 0.4263 0.4049 0.3512 0.2362 0.1806 0.2142 0.2718 0.3438 0.4068 0.4281 0.4221 0.3928 0.3177 0.2378 0.3177 0.3928 0.4221 0.4281 0.4068 0.3438 0.2718 0.2142 0.1806 0.2362 0.3512 0.4049 0.4263 0.4250 0.3905 0.3197 0.2511 0.1994 0.1852 0.2780 0.3738 0.4144 0.4286 0.4187 0.3694 0.2958 0.2322 0.1865 0.2015 0.3186 0.3911 0.4214 0.4283 0.4079 0.3456 0.2732 0.2153 0.1807 0.2338 0.3497 0.4042 0.4261 0.4253 0.3916 0.3212 0.2523 0.2003 0.1847 0.2757 0.3967
0.3187 0.1849 0.2000 0.2520 0.3208 0.3914 0.4252 0.4261 0.4044 0.3501 0.2344 0.1807 0.2150 0.2729 0.3453 0.4077 0.4283 0.4215 0.3913 0.3192 0.2019 0.1863 0.2319 0.2955 0.3690 0.4186 0.4286 0.4145 0.3741 0.2787 0.1854 0.1992 0.2508 0.3194 0.3902 0.4249 0.4264 0.4050 0.3516 0.2368 0.1806 0.2140 0.2715 0.3437 0.4068 0.4282 0.4219 0.3929 0.3224 0.2035 0.1733 0.2035 0.3224 0.3929 0.4219 0.4282 0.4068 0.3437 0.2715 0.2140 0.1806 0.2368 0.3516 0.4050 0.4264 0.4249 0.3902 0.3194 0.2508 0.1992 0.1854 0.2787 0.3741 0.4145 0.4286 0.4186 0.3690 0.2955 0.2319 0.1863 0.2019 0.3192 0.3913 0.4215 0.4283 0.4077 0.3453 0.2729 0.2150 0.1807 0.2344 0.3501 0.4044 0.4261 0.4252 0.3914 0.3208 0.2520 0.2000 0.1849 0.3187
0.2479 0.2000 0.2517 0.3205 0.3911 0.4251 0.4262 0.4045 0.3505 0.2350 0.1807 0.2148 0.2726 0.3449 0.4075 0.4282 0.4216 0.3915 0.3197 0.2022 0.1861 0.2317 0.2951 0.3687 0.4184 0.4286 0.4146 0.3744 0.2793 0.1855 0.1990 0.2505 0.3190 0.3899 0.4249 0.4264 0.4052 0.3520 0.2373 0.1806 0.2138 0.2712 0.3434 0.4066 0.4281 0.4219 0.3926 0.3227 0.2047 0.1860 0.2057 0.1859 0.2047 0.3227 0.3926 0.4219 0.4281 0.4066 0.3433 0.2711 0.2137 0.1806 0.2373 0.3520 0.4052 0.4264 0.4249 0.3899 0.3189 0.2505 0.1990 0.1855 0.2793 0.3744 0.4146 0.4286 0.4184 0.3686 0.2951 0.2316 0.1861 0.2022 0.3197 0.3915 0.4216 0.4282 0.4075 0.3449 0.2725 0.2148 0.1807 0.2350 0.3505 0.4045 0.4262 0.4251 0.3911 0.3204 0.2516 0.1999 0.2479
0.2540 0.2515 0.3201 0.3908 0.4251 0.4263 0.4047 0.3508 0.2356 0.1807 0.2146 0.2722 0.3446 0.4073 0.4282 0.4216 0.3918 0.3203 0.2026 0.1860 0.2314 0.2948 0.3684 0.4183 0.4286 0.4148 0.3747 0.2799 0.1857 0.1988 0.2502 0.3186 0.3897 0.4248 0.4265 0.4054 0.3524 0.2379 0.1806 0.2136 0.2708 0.3430 0.4064 0.4281 0.4220 0.3927 0.3226 0.2044 0.1867 0.2314 0.2608 0.2316 0.1866 0.2044 0.3227 0.3929 0.4221 0.4281 0.4063 0.3429 0.2707 0.2135 0.1806 0.2379 0.3525 0.4055 0.4265 0.4247 0.3895 0.3185 0.2501 0.1987 0.1856 0.2799 0.3748 0.4149 0.4286 0.4182 0.3682 0.2947 0.2313 0.1859 0.2026 0.3203 0.3919 0.4217 0.4282 0.4072 0.3444 0.2721 0.2145 0.1807 0.2356 0.3510 0.4048 0.4263 0.4250 0.3907 0.3199 0.2514 0.2540
0.2880 0.3199 0.3904 0.4250 0.4263 0.4049 0.3512 0.2362 0.1807 0.2143 0.2719 0.3442 0.4071 0.4282 0.4217 0.3920 0.3208 0.2030 0.1858 0.2312 0.2944 0.3680 0.4182 0.4286 0.4149 0.3750 0.2805 0.1858 0.1986 0.2499 0.3183 0.3894 0.4247 0.4265 0.4055 0.3528 0.2385 0.1806 0.2133 0.2705 0.3426 0.4062 0.4281 0.4221 0.3929 0.3231 0.2046 0.1851 0.2318 0.2952 0.3341 0.2987 0.2345 0.1866 0.2047 0.3224 0.3928 0.4221 0.4281 0.4068 0.3449 0.2729 0.2152 0.1818 0.2380 0.3524 0.4055 0.4265 0.4248 0.3907 0.3207 0.2522 0.2004 0.1866 0.2797 0.3748 0.4149 0.4287 0.4184 0.3699 0.2969 0.2333 0.1874 0.2031 0.3201 0.3919 0.4217 0.4282 0.4077 0.3464 0.2743 0.2163 0.1819 0.2356 0.3509 0.4048 0.4263 0.4251 0.3917 0.3225 0.2902
0.3370 0.3909 0.4248 0.4264 0.4050 0.3516 0.2368 0.1807 0.2141 0.2716 0.3438 0.4069 0.4282 0.4218 0.3922 0.3213 0.2033 0.1857 0.2309 0.2941 0.3677 0.4181 0.4286 0.4150 0.3753 0.2812 0.1860 0.1984 0.2496 0.3179 0.3891 0.4246 0.4266 0.4057 0.3531 0.2391 0.1806 0.2131 0.2702 0.3423 0.4060 0.4280 0.4222 0.3931 0.3236 0.2050 0.1850 0.2295 0.2947 0.3716 0.4052 0.3696 0.2991 0.2320 0.1859 0.2035 0.3177 0.3882 0.4199 0.4286 0.4093 0.3459 0.2727 0.2146 0.1809 0.2367 0.3467 0.4016 0.4251 0.4262 0.3929 0.3212 0.2518 0.1997 0.1856 0.2782 0.3693 0.4119 0.4281 0.4205 0.3716 0.2970 0.2327 0.1866 0.2020 0.3156 0.3872 0.4195 0.4286 0.4102 0.3475 0.2741 0.2156 0.1810 0.2344 0.3452 0.4009 0.4249 0.4262 0.3953 0.3396
0.3887 0.4267 0.4263 0.4052 0.3520 0.2373 0.1807 0.2139 0.2713 0.3435 0.4067 0.4281 0.4219 0.3924 0.3219 0.2037 0.1855 0.2306 0.2938 0.3673 0.4179 0.4286 0.4151 0.3755 0.2818 0.1861 0.1982 0.2494 0.3176 0.3888 0.4246 0.4266 0.4058 0.3535 0.2397 0.1807 0.2129 0.2699 0.3419 0.4058 0.4280 0.4222 0.3934 0.3241 0.2054 0.1849 0.2294 0.2919 0.3692 0.4217 0.4275 0.3913 0.3301 0.2617 0.2059 0.1733 0.2378 0.3444 0.4001 0.4239 0.4248 0.3834 0.3082 0.2408 0.1917 0.1786 0.2775 0.3671 0.4105 0.4271 0.4174 0.3600 0.2844 0.2228 0.1800 0.1995 0.3138 0.3852 0.4182 0.4278 0.4041 0.3349 0.2622 0.2067 0.1735 0.2352 0.3428 0.3993 0.4237 0.4251 0.3848 0.3098 0.2420 0.1926 0.1779 0.2752 0.3658 0.4099 0.4268 0.4201 0.3655
0.4199 0.4283 0.4054 0.3524 0.2379 0.1806 0.2136 0.2709 0.3430 0.4064 0.4281 0.4220 0.3926 0.3224 0.2041 0.1853 0.2303 0.2933 0.3669 0.4178 0.4286 0.4152 0.3758 0.2824 0.1862 0.1979 0.2490 0.3171 0.3885 0.4245 0.4266 0.4060 0.3539 0.2403 0.1806 0.2125 0.2695 0.3415 0.4055 0.4280 0.4223 0.3936 0.3246 0.2058 0.1847 0.2291 0.2917 0.3657 0.4183 0.4284 0.4315 0.3229 0.2778 0.2324 0.1864 0.2035 0.3177 0.3882 0.4199 0.4286 0.4093 0.3459 0.2727 0.2146 0.1809 0.2367 0.3467 0.4016 0.4251 0.4262 0.3929 0.3212 0.2518 0.1997 0.1856 0.2782 0.3693 0.4119 0.4281 0.4205 0.3716 0.2970 0.2327 0.1866 0.2020 0.3156 0.3872 0.4195 0.4286 0.4102 0.3475 0.2741 0.2156 0.1810 0.2344 0.3452 0.4009 0.4249 0.4262 0.3953 0.3396
0.4305 0.4060 0.3529 0.2384 0.1806 0.2133 0.2705 0.3426 0.4061 0.4281 0.4222 0.3930 0.3230 0.2045 0.1852 0.2300 0.2929 0.3665 0.4176 0.4287 0.4155 0.3763 0.2831 0.1864 0.1978 0.2487 0.3167 0.3881 0.4244 0.4268 0.4063 0.3544 0.2409 0.1807 0.2124 0.2692 0.3411 0.4052 0.4279 0.4225 0.3939 0.3252 0.2061 0.1846 0.2289 0.2915 0.3650 0.4170 0.4286 0.4139 0.4264 0.2518 0.2152 0.1887 0.2053 0.3224 0.3928 0.4221 0.4281 0.4068 0.3449 0.2729 0.2152 0.1818 0.2380 0.3524 0.4055 0.4265 0.4248 0.3907 0.3207 0.2522 0.2004 0.1866 0.2797 0.3748 0.4149 0.4287 0.4184 0.3699 0.2969 0.2333 0.1874 0.2031 0.3201 0.3919 0.4217 0.4282 0.4077 0.3464 0.2743 0.2163 0.1819 0.2356 0.3509 0.4048 0.4263 0.4251 0.3917 0.3225 0.2902
0.4203 0.3524 0.2381 0.1821 0.2156 0.2734 0.3453 0.4069 0.4281 0.4221 0.3929 0.3226 0.2050 0.1870 0.2325 0.2959 0.3688 0.4178 0.4287 0.4154 0.3761 0.2826 0.1875 0.1998 0.2514 0.3196 0.3897 0.4245 0.4267 0.4062 0.3541 0.2408 0.1822 0.2147 0.2721 0.3439 0.4061 0.4280 0.4224 0.3937 0.3246 0.2065 0.1864 0.2315 0.2945 0.3674 0.4173 0.4288 0.4153 0.3769 0.3149 0.1879 0.1821 0.2068 0.3229 0.3929 0.4221 0.4281 0.4063 0.3429 0.2707 0.2135 0.1806 0.2379 0.3525 0.4055 0.4265 0.4247 0.3895 0.3185 0.2501 0.1987 0.1856 0.2799 0.3748 0.4149 0.4286 0.4182 0.3682 0.2947 0.2313 0.1859 0.2026 0.3203 0.3919 0.4217 0.4282 0.4072 0.3444 0.2721 0.2145 0.1807 0.2356 0.3510 0.4048 0.4263 0.4250 0.3907 0.3199 0.2514 0.2540
0.3744 0.2368 0.1803 0.2136 0.2716 0.3450 0.4092 0.4287 0.4194 0.3871 0.3165 0.2034 0.1852 0.2305 0.2943 0.3692 0.4202 0.4281 0.4118 0.3694 0.2800 0.1858 0.1979 0.2494 0.3185 0.3912 0.4262 0.4251 0.4016 0.3470 0.2395 0.1804 0.2127 0.2702 0.3434 0.4084 0.4286 0.4198 0.3881 0.3184 0.2050 0.1846 0.2294 0.2929 0.3678 0.4197 0.4282 0.4123 0.3702 0.2842 0.1888 0.1704 0.2069 0.3230 0.3926 0.4219 0.4281 0.4066 0.3433 0.2711 0.2137 0.1806 0.2373 0.3520 0.4052 0.4264 0.4249 0.3899 0.3189 0.2505 0.1990 0.1855 0.2793 0.3744 0.4146 0.4286 0.4184 0.3686 0.2951 0.2316 0.1861 0.2022 0.3197 0.3915 0.4216 0.4282 0.4075 0.3449 0.2725 0.2148 0.1807 0.2350 0.3505 0.4045 0.4262 0.4251 0.3911 0.3204 0.2516 0.1999 0.2479
0.3311 0.1854 0.1864 0.2328 0.2978 0.3736 0.4222 0.4258 0.4052 0.3553 0.2558 0.1748 0.1994 0.2519 0.3223 0.3952 0.4270 0.4213 0.3929 0.3295 0.2167 0.1760 0.2145 0.2732 0.3476 0.4116 0.4279 0.4148 0.3769 0.2969 0.1877 0.1855 0.2316 0.2963 0.3721 0.4218 0.4260 0.4058 0.3566 0.2582 0.1750 0.1986 0.2507 0.3207 0.3939 0.4268 0.4218 0.3941 0.3318 0.2194 0.1663 0.2041 0.3227 0.3930 0.4219 0.4282 0.4068 0.3437 0.2715 0.2140 0.1806 0.2368 0.3516 0.4050 0.4264 0.4249 0.3902 0.3194 0.2508 0.1992 0.1854 0.2787 0.3741 0.4145 0.4286 0.4186 0.3690 0.2955 0.2319 0.1863 0.2019 0.3192 0.3913 0.4215 0.4283 0.4077 0.3453 0.2729 0.2150 0.1807 0.2344 0.3501 0.4044 0.4261 0.4252 0.3914 0.3208 0.2520 0.2000 0.1849 0.3187
