0.3846 0.2587 0.2472 0.2764 0.3215 0.3748 0.4135 0.4292 0.4260 0.3973 0.3201 0.2482 0.2537 0.2875 0.3363 0.3882 0.4197 0.4305 0.4209 0.3824 0.2919 0.2440 0.2614 0.2999 0.3514 0.3997 0.4245 0.4301 0.4138 0.3628 0.2684 0.2447 0.2705 0.3133 0.3664 0.4090 0.4279 0.4280 0.4042 0.3367 0.2533 0.2498 0.2809 0.3277 0.3806 0.4163 0.4299 0.4242 0.3910 0.3055 0.2495 0.3055 0.3910 0.4242 0.4299 0.4163 0.3806 0.3277 0.2809 0.2498 0.2533 0.3367 0.4042 0.4280 0.4279 0.4090 0.3664 0.3133 0.2705 0.2447 0.2684 0.3628 0.4138 0.4301 0.4245 0.3997 0.3514 0.2999 0.2614 0.2440 0.2919 0.3824 0.4209 0.4305 0.4197 0.3882 0.3363 0.2875 0.2537 0.2482 0.3201 0.3973 0.4260 0.4292 0.4135 0.3748 0.3215 0.2764 0.2472 0.2587 0.3846
0.2587 0.1882 0.2345 0.2985 0.3719 0.4208 0.4305 0.4148 0.3732 0.2773 0.1853 0.1994 0.2507 0.3190 0.3901 0.4265 0.4284 0.4063 0.3542 0.2415 0.1809 0.2119 0.2683 0.3398 0.4051 0.4298 0.4245 0.3956 0.3299 0.2107 0.1833 0.2258 0.2871 0.3604 0.4162 0.4308 0.4189 0.3824 0.2979 0.1915 0.1928 0.2412 0.3071 0.3799 0.4236 0.4298 0.4115 0.3659 0.2611 0.1824 0.1849 0.1824 0.2611 0.3659 0.4115 0.4298 0.4236 0.3799 0.3071 0.2412 0.1928 0.1915 0.2979 0.3824 0.4189 0.4308 0.4162 0.3604 0.2871 0.2258 0.1833 0.2107 0.3299 0.3956 0.4245 0.4298 0.4051 0.3398 0.2683 0.2119 0.1809 0.2415 0.3542 0.4063 0.4284 0.4265 0.3901 0.3190 0.2507 0.1994 0.1853 0.2773 0.3732 0.4148 0.4305 0.4208 0.3719 0.2985 0.2345 0.1882 0.2587
0.2472 0.2345 0.2984 0.3717 0.4193 0.4283 0.4139 0.3728 0.2766 0.1850 0.1995 0.2509 0.3191 0.3897 0.4246 0.4264 0.4058 0.3537 0.2407 0.1807 0.2121 0.2685 0.3399 0.4043 0.4276 0.4228 0.3953 0.3293 0.2101 0.1833 0.2260 0.2873 0.3604 0.4149 0.4286 0.4176 0.3821 0.2972 0.1911 0.1928 0.2413 0.3072 0.3796 0.4218 0.4277 0.4107 0.3653 0.2613 0.1833 0.2061 0.2306 0.2061 0.1833 0.2613 0.3653 0.4107 0.4277 0.4218 0.3796 0.3072 0.2413 0.1928 0.1911 0.2972 0.3821 0.4176 0.4286 0.4149 0.3604 0.2873 0.2260 0.1833 0.2101 0.3293 0.3953 0.4228 0.4276 0.4043 0.3399 0.2685 0.2121 0.1807 0.2407 0.3537 0.4058 0.4264 0.4246 0.3897 0.3191 0.2509 0.1995 0.1850 0.2766 0.3728 0.4139 0.4283 0.4193 0.3717 0.2984 0.2345 0.2472
0.2764 0.2985 0.3717 0.4195 0.4285 0.4138 0.3725 0.2760 0.1849 0.1997 0.2512 0.3195 0.3901 0.4248 0.4265 0.4056 0.3534 0.2401 0.1807 0.2123 0.2688 0.3404 0.4046 0.4278 0.4228 0.3951 0.3288 0.2097 0.1835 0.2262 0.2876 0.3608 0.4152 0.4288 0.4176 0.3818 0.2966 0.1909 0.1931 0.2417 0.3076 0.3800 0.4221 0.4279 0.4106 0.3650 0.2607 0.1822 0.2067 0.2608 0.2948 0.2608 0.2067 0.1822 0.2607 0.3650 0.4106 0.4279 0.4221 0.3800 0.3076 0.2417 0.1931 0.1909 0.2966 0.3818 0.4176 0.4288 0.4152 0.3608 0.2876 0.2262 0.1835 0.2097 0.3288 0.3951 0.4228 0.4278 0.4046 0.3404 0.2688 0.2123 0.1807 0.2401 0.3534 0.4056 0.4265 0.4248 0.3901 0.3195 0.2512 0.1997 0.1849 0.2760 0.3725 0.4138 0.4285 0.4195 0.3717 0.2985 0.2764
0.3215 0.3719 0.4193 0.4285 0.4137 0.3723 0.2753 0.1848 0.1999 0.2515 0.3199 0.3903 0.4249 0.4264 0.4055 0.3530 0.2395 0.1807 0.2126 0.2691 0.3407 0.4048 0.4278 0.4228 0.3949 0.3283 0.2092 0.1836 0.2265 0.2880 0.3611 0.4153 0.4288 0.4175 0.3815 0.2960 0.1907 0.1932 0.2419 0.3079 0.3803 0.4222 0.4278 0.4104 0.3647 0.2600 0.1821 0.2050 0.2611 0.3321 0.3707 0.3321 0.2611 0.2050 0.1821 0.2600 0.3647 0.4104 0.4278 0.4222 0.3803 0.3079 0.2419 0.1932 0.1907 0.2960 0.3815 0.4175 0.4288 0.4153 0.3611 0.2880 0.2265 0.1836 0.2092 0.3283 0.3949 0.4228 0.4278 0.4048 0.3407 0.2691 0.2126 0.1807 0.2395 0.3530 0.4055 0.4264 0.4249 0.3903 0.3199 0.2515 0.1999 0.1848 0.2753 0.3723 0.4137 0.4285 0.4193 0.3719 0.3215
0.3748 0.4208 0.4283 0.4138 0.3723 0.2750 0.1846 0.2001 0.2518 0.3202 0.3906 0.4250 0.4264 0.4053 0.3526 0.2389 0.1807 0.2128 0.2695 0.3411 0.4051 0.4279 0.4227 0.3947 0.3278 0.2088 0.1837 0.2267 0.2883 0.3615 0.4154 0.4288 0.4174 0.3813 0.2953 0.1905 0.1934 0.2422 0.3083 0.3807 0.4223 0.4278 0.4103 0.3643 0.2594 0.1821 0.2053 0.2590 0.3314 0.4008 0.4212 0.4008 0.3314 0.2590 0.2053 0.1821 0.2594 0.3643 0.4103 0.4278 0.4223 0.3807 0.3083 0.2422 0.1934 0.1905 0.2953 0.3813 0.4174 0.4288 0.4154 0.3615 0.2883 0.2267 0.1837 0.2088 0.3278 0.3947 0.4227 0.4279 0.4051 0.3411 0.2695 0.2128 0.1807 0.2389 0.3526 0.4053 0.4264 0.4250 0.3906 0.3202 0.2518 0.2001 0.1846 0.2750 0.3723 0.4138 0.4283 0.4208 0.3748
0.4135 0.4305 0.4139 0.3725 0.2753 0.1846 0.2002 0.2520 0.3205 0.3909 0.4250 0.4263 0.4051 0.3522 0.2383 0.1807 0.2130 0.2698 0.3414 0.4053 0.4279 0.4226 0.3945 0.3273 0.2084 0.1838 0.2270 0.2886 0.3618 0.4156 0.4288 0.4173 0.3810 0.2947 0.1902 0.1936 0.2425 0.3087 0.3810 0.4224 0.4277 0.4102 0.3640 0.2588 0.1820 0.2055 0.2593 0.3292 0.3984 0.4276 0.4260 0.4276 0.3984 0.3292 0.2593 0.2055 0.1820 0.2588 0.3640 0.4102 0.4277 0.4224 0.3810 0.3087 0.2425 0.1936 0.1902 0.2947 0.3810 0.4173 0.4288 0.4156 0.3618 0.2886 0.2270 0.1838 0.2084 0.3273 0.3945 0.4226 0.4279 0.4053 0.3414 0.2698 0.2130 0.1807 0.2383 0.3522 0.4051 0.4263 0.4250 0.3909 0.3205 0.2520 0.2002 0.1846 0.2753 0.3725 0.4139 0.4305 0.4135
0.4292 0.4148 0.3728 0.2760 0.1848 0.2001 0.2520 0.3207 0.3911 0.4251 0.4263 0.4050 0.3519 0.2377 0.1807 0.2132 0.2701 0.3418 0.4055 0.4279 0.4225 0.3943 0.3268 0.2079 0.1839 0.2273 0.2890 0.3622 0.4157 0.4288 0.4171 0.3807 0.2941 0.1900 0.1938 0.2428 0.3090 0.3813 0.4225 0.4277 0.4100 0.3637 0.2582 0.1819 0.2057 0.2597 0.3297 0.3976 0.4266 0.4231 0.4063 0.4231 0.4266 0.3976 0.3297 0.2597 0.2057 0.1819 0.2582 0.3637 0.4100 0.4277 0.4225 0.3813 0.3090 0.2428 0.1938 0.1900 0.2941 0.3807 0.4171 0.4288 0.4157 0.3622 0.2890 0.2273 0.1839 0.2079 0.3268 0.3943 0.4225 0.4279 0.4055 0.3418 0.2701 0.2132 0.1807 0.2377 0.3519 0.4050 0.4263 0.4251 0.3911 0.3207 0.2520 0.2001 0.1848 0.2760 0.3728 0.4148 0.4292
0.4260 0.3732 0.2766 0.1849 0.1999 0.2518 0.3205 0.3911 0.4251 0.4262 0.4048 0.3515 0.2372 0.1807 0.2135 0.2704 0.3422 0.4057 0.4280 0.4224 0.3941 0.3263 0.2075 0.1840 0.2275 0.2893 0.3625 0.4159 0.4288 0.4170 0.3805 0.2935 0.1898 0.1940 0.2431 0.3094 0.3816 0.4226 0.4277 0.4099 0.3633 0.2575 0.1819 0.2060 0.2600 0.3301 0.3979 0.4266 0.4248 0.3961 0.3577 0.3961 0.4248 0.4266 0.3979 0.3301 0.2600 0.2060 0.1819 0.2575 0.3633 0.4099 0.4277 0.4226 0.3816 0.3094 0.2431 0.1940 0.1898 0.2935 0.3805 0.4170 0.4288 0.4159 0.3625 0.2893 0.2275 0.1840 0.2075 0.3263 0.3941 0.4224 0.4280 0.4057 0.3422 0.2704 0.2135 0.1807 0.2372 0.3515 0.4048 0.4262 0.4251 0.3911 0.3205 0.2518 0.1999 0.1849 0.2766 0.3732 0.4260
0.3973 0.2773 0.1850 0.1997 0.2515 0.3202 0.3909 0.4251 0.4262 0.4047 0.3512 0.2366 0.1807 0.2137 0.2707 0.3425 0.4059 0.4280 0.4224 0.3939 0.3258 0.2071 0.1842 0.2278 0.2897 0.3629 0.4160 0.4288 0.4169 0.3802 0.2929 0.1896 0.1942 0.2433 0.3097 0.3819 0.4226 0.4276 0.4097 0.3630 0.2569 0.1818 0.2062 0.2603 0.3305 0.3982 0.4267 0.4248 0.4004 0.3349 0.2601 0.3349 0.4004 0.4248 0.4267 0.3982 0.3305 0.2603 0.2062 0.1818 0.2569 0.3630 0.4097 0.4276 0.4226 0.3819 0.3097 0.2433 0.1942 0.1896 0.2929 0.3802 0.4169 0.4288 0.4160 0.3629 0.2897 0.2278 0.1842 0.2071 0.3258 0.3939 0.4224 0.4280 0.4059 0.3425 0.2707 0.2137 0.1807 0.2366 0.3512 0.4047 0.4262 0.4251 0.3909 0.3202 0.2515 0.1997 0.1850 0.2773 0.3973
0.3201 0.1853 0.1995 0.2512 0.3199 0.3906 0.4250 0.4263 0.4048 0.3512 0.2363 0.1807 0.2139 0.2711 0.3429 0.4061 0.4280 0.4223 0.3936 0.3253 0.2067 0.1843 0.2280 0.2900 0.3632 0.4162 0.4287 0.4168 0.3800 0.2923 0.1894 0.1944 0.2436 0.3101 0.3822 0.4227 0.4276 0.4096 0.3627 0.2563 0.1817 0.2064 0.2606 0.3308 0.3984 0.4267 0.4247 0.4004 0.3404 0.2203 0.1746 0.2203 0.3404 0.4004 0.4247 0.4267 0.3984 0.3308 0.2606 0.2064 0.1817 0.2563 0.3627 0.4096 0.4276 0.4227 0.3822 0.3101 0.2436 0.1944 0.1894 0.2923 0.3800 0.4168 0.4287 0.4162 0.3632 0.2900 0.2280 0.1843 0.2067 0.3253 0.3936 0.4223 0.4280 0.4061 0.3429 0.2711 0.2139 0.1807 0.2363 0.3512 0.4048 0.4263 0.4250 0.3906 0.3199 0.2512 0.1995 0.1853 0.3201
0.2482 0.1994 0.2509 0.3195 0.3903 0.4250 0.4263 0.4050 0.3515 0.2366 0.1807 0.2140 0.2713 0.3432 0.4063 0.4281 0.4222 0.3934 0.3248 0.2063 0.1844 0.2283 0.2903 0.3636 0.4163 0.4287 0.4167 0.3797 0.2917 0.1892 0.1946 0.2439 0.3104 0.3825 0.4228 0.4276 0.4095 0.3623 0.2557 0.1817 0.2066 0.2609 0.3312 0.3987 0.4268 0.4246 0.4001 0.3405 0.2216 0.1819 0.1977 0.1819 0.2216 0.3405 0.4001 0.4246 0.4268 0.3987 0.3312 0.2609 0.2066 0.1817 0.2557 0.3623 0.4095 0.4276 0.4228 0.3825 0.3104 0.2439 0.1946 0.1892 0.2917 0.3797 0.4167 0.4287 0.4163 0.3636 0.2903 0.2283 0.1844 0.2063 0.3248 0.3934 0.4222 0.4281 0.4063 0.3432 0.2713 0.2140 0.1807 0.2366 0.3515 0.4050 0.4263 0.4250 0.3903 0.3195 0.2509 0.1994 0.2482
0.2537 0.2507 0.3191 0.3901 0.4249 0.4264 0.4051 0.3519 0.2372 0.1807 0.2139 0.2713 0.3434 0.4065 0.4281 0.4221 0.3932 0.3243 0.2059 0.1845 0.2285 0.2907 0.3639 0.4165 0.4287 0.4166 0.3794 0.2911 0.1890 0.1948 0.2442 0.3108 0.3828 0.4229 0.4275 0.4093 0.3620 0.2550 0.1816 0.2068 0.2612 0.3315 0.3989 0.4268 0.4246 0.3999 0.3400 0.2213 0.1828 0.2219 0.2494 0.2219 0.1828 0.2213 0.3400 0.3999 0.4246 0.4268 0.3989 0.3315 0.2612 0.2068 0.1816 0.2550 0.3620 0.4093 0.4275 0.4229 0.3828 0.3108 0.2442 0.1948 0.1890 0.2911 0.3794 0.4166 0.4287 0.4165 0.3639 0.2907 0.2285 0.1845 0.2059 0.3243 0.3932 0.4221 0.4281 0.4065 0.3434 0.2713 0.2139 0.1807 0.2372 0.3519 0.4051 0.4264 0.4249 0.3901 0.3191 0.2507 0.2537
0.2875 0.3190 0.3897 0.4248 0.4264 0.4053 0.3522 0.2377 0.1807 0.2137 0.2711 0.3432 0.4065 0.4281 0.4220 0.3930 0.3238 0.2055 0.1847 0.2288 0.2910 0.3643 0.4166 0.4287 0.4165 0.3791 0.2905 0.1888 0.1950 0.2445 0.3111 0.3831 0.4230 0.4275 0.4092 0.3617 0.2544 0.1815 0.2071 0.2615 0.3319 0.3992 0.4269 0.4245 0.3997 0.3395 0.2208 0.1815 0.2225 0.2826 0.3192 0.2826 0.2225 0.1815 0.2208 0.3395 0.3997 0.4245 0.4269 0.3992 0.3319 0.2615 0.2071 0.1815 0.2544 0.3617 0.4092 0.4275 0.4230 0.3831 0.3111 0.2445 0.1950 0.1888 0.2905 0.3791 0.4165 0.4287 0.4166 0.3643 0.2910 0.2288 0.1847 0.2055 0.3238 0.3930 0.4220 0.4281 0.4065 0.3432 0.2711 0.2137 0.1807 0.2377 0.3522 0.4053 0.4264 0.4248 0.3897 0.3190 0.2875
0.3363 0.3901 0.4246 0.4265 0.4055 0.3526 0.2383 0.1807 0.2135 0.2707 0.3429 0.4063 0.4281 0.4220 0.3929 0.3233 0.2051 0.1848 0.2291 0.2914 0.3646 0.4167 0.4287 0.4164 0.3789 0.2898 0.1886 0.1952 0.2448 0.3115 0.3834 0.4231 0.4275 0.4090 0.3613 0.2538 0.1815 0.2073 0.2618 0.3323 0.3994 0.4269 0.4244 0.3995 0.3391 0.2203 0.1816 0.2207 0.2827 0.3568 0.3927 0.3568 0.2827 0.2207 0.1816 0.2203 0.3391 0.3995 0.4244 0.4269 0.3994 0.3323 0.2618 0.2073 0.1815 0.2538 0.3613 0.4090 0.4275 0.4231 0.3834 0.3115 0.2448 0.1952 0.1886 0.2898 0.3789 0.4164 0.4287 0.4167 0.3646 0.2914 0.2291 0.1848 0.2051 0.3233 0.3929 0.4220 0.4281 0.4063 0.3429 0.2707 0.2135 0.1807 0.2383 0.3526 0.4055 0.4265 0.4246 0.3901 0.3363
0.3882 0.4265 0.4264 0.4056 0.3530 0.2389 0.1807 0.2132 0.2704 0.3425 0.4061 0.4281 0.4221 0.3930 0.3233 0.2049 0.1849 0.2293 0.2917 0.3649 0.4169 0.4287 0.4163 0.3786 0.2892 0.1884 0.1954 0.2450 0.3119 0.3838 0.4232 0.4274 0.4089 0.3610 0.2532 0.1814 0.2075 0.2622 0.3326 0.3997 0.4269 0.4244 0.3993 0.3387 0.2198 0.1817 0.2209 0.2805 0.3555 0.4148 0.4265 0.4148 0.3555 0.2805 0.2209 0.1817 0.2198 0.3387 0.3993 0.4244 0.4269 0.3997 0.3326 0.2622 0.2075 0.1814 0.2532 0.3610 0.4089 0.4274 0.4232 0.3838 0.3119 0.2450 0.1954 0.1884 0.2892 0.3786 0.4163 0.4287 0.4169 0.3649 0.2917 0.2293 0.1849 0.2049 0.3233 0.3930 0.4221 0.4281 0.4061 0.3425 0.2704 0.2132 0.1807 0.2389 0.3530 0.4056 0.4264 0.4265 0.3882
0.4197 0.4284 0.4058 0.3534 0.2395 0.1807 0.2130 0.2701 0.3422 0.4059 0.4280 0.4222 0.3932 0.3238 0.2051 0.1849 0.2294 0.2920 0.3653 0.4170 0.4287 0.4162 0.3783 0.2886 0.1882 0.1956 0.2453 0.3122 0.3841 0.4233 0.4274 0.4087 0.3606 0.2525 0.1814 0.2077 0.2625 0.3330 0.3999 0.4270 0.4243 0.3991 0.3382 0.2193 0.1817 0.2212 0.2809 0.3536 0.4123 0.4287 0.4218 0.4287 0.4123 0.3536 0.2809 0.2212 0.1817 0.2193 0.3382 0.3991 0.4243 0.4270 0.3999 0.3330 0.2625 0.2077 0.1814 0.2525 0.3606 0.4087 0.4274 0.4233 0.3841 0.3122 0.2453 0.1956 0.1882 0.2886 0.3783 0.4162 0.4287 0.4170 0.3653 0.2920 0.2294 0.1849 0.2051 0.3238 0.3932 0.4222 0.4280 0.4059 0.3422 0.2701 0.2130 0.1807 0.2395 0.3534 0.4058 0.4284 0.4197
0.4305 0.4063 0.3537 0.2401 0.1807 0.2128 0.2698 0.3418 0.4057 0.4280 0.4223 0.3934 0.3243 0.2055 0.1848 0.2293 0.2920 0.3654 0.4171 0.4287 0.4160 0.3781 0.2880 0.1880 0.1958 0.2456 0.3126 0.3844 0.4233 0.4273 0.4086 0.3603 0.2519 0.1813 0.2079 0.2628 0.3334 0.4002 0.4270 0.4242 0.3989 0.3378 0.2188 0.1818 0.2215 0.2813 0.3541 0.4120 0.4287 0.4169 0.3944 0.4169 0.4287 0.4120 0.3541 0.2813 0.2215 0.1818 0.2188 0.3378 0.3989 0.4242 0.4270 0.4002 0.3334 0.2628 0.2079 0.1813 0.2519 0.3603 0.4086 0.4273 0.4233 0.3844 0.3126 0.2456 0.1958 0.1880 0.2880 0.3781 0.4160 0.4287 0.4171 0.3654 0.2920 0.2293 0.1848 0.2055 0.3243 0.3934 0.4223 0.4280 0.4057 0.3418 0.2698 0.2128 0.1807 0.2401 0.3537 0.4063 0.4305
0.4209 0.3542 0.2407 0.1807 0.2126 0.2695 0.3414 0.4055 0.4280 0.4224 0.3936 0.3248 0.2059 0.1847 0.2291 0.2917 0.3653 0.4171 0.4287 0.4159 0.3778 0.2874 0.1878 0.1960 0.2459 0.3129 0.3847 0.4234 0.4273 0.4084 0.3600 0.2513 0.1813 0.2082 0.2631 0.3337 0.4004 0.4271 0.4242 0.3987 0.3373 0.2183 0.1819 0.2217 0.2816 0.3545 0.4123 0.4287 0.4194 0.3809 0.3326 0.3809 0.4194 0.4287 0.4123 0.3545 0.2816 0.2217 0.1819 0.2183 0.3373 0.3987 0.4242 0.4271 0.4004 0.3337 0.2631 0.2082 0.1813 0.2513 0.3600 0.4084 0.4273 0.4234 0.3847 0.3129 0.2459 0.1960 0.1878 0.2874 0.3778 0.4159 0.4287 0.4171 0.3653 0.2917 0.2291 0.1847 0.2059 0.3248 0.3936 0.4224 0.4280 0.4055 0.3414 0.2695 0.2126 0.1807 0.2407 0.3542 0.4209
0.3824 0.2415 0.1807 0.2123 0.2691 0.3411 0.4053 0.4279 0.4224 0.3939 0.3253 0.2063 0.1845 0.2288 0.2914 0.3649 0.4170 0.4287 0.4159 0.3776 0.2869 0.1876 0.1962 0.2462 0.3133 0.3850 0.4235 0.4273 0.4083 0.3596 0.2507 0.1812 0.2084 0.2634 0.3341 0.4007 0.4271 0.4241 0.3985 0.3369 0.2178 0.1819 0.2220 0.2819 0.3548 0.4124 0.4287 0.4194 0.3859 0.3021 0.2205 0.3021 0.3859 0.4194 0.4287 0.4124 0.3548 0.2819 0.2220 0.1819 0.2178 0.3369 0.3985 0.4241 0.4271 0.4007 0.3341 0.2634 0.2084 0.1812 0.2507 0.3596 0.4083 0.4273 0.4235 0.3850 0.3133 0.2462 0.1962 0.1876 0.2869 0.3776 0.4159 0.4287 0.4170 0.3649 0.2914 0.2288 0.1845 0.2063 0.3253 0.3939 0.4224 0.4279 0.4053 0.3411 0.2691 0.2123 0.1807 0.2415 0.3824
0.2919 0.1809 0.2121 0.2688 0.3407 0.4051 0.4279 0.4225 0.3941 0.3258 0.2067 0.1844 0.2285 0.2910 0.3646 0.4169 0.4287 0.4160 0.3778 0.2869 0.1875 0.1964 0.2464 0.3136 0.3853 0.4236 0.4272 0.4081 0.3593 0.2501 0.1812 0.2086 0.2637 0.3344 0.4009 0.4272 0.4240 0.3984 0.3365 0.2173 0.1820 0.2222 0.2823 0.3552 0.4126 0.4287 0.4192 0.3860 0.3053 0.1940 0.1752 0.1940 0.3053 0.3860 0.4192 0.4287 0.4126 0.3552 0.2823 0.2222 0.1820 0.2173 0.3365 0.3984 0.4240 0.4272 0.4009 0.3344 0.2637 0.2086 0.1812 0.2501 0.3593 0.4081 0.4272 0.4236 0.3853 0.3136 0.2464 0.1964 0.1875 0.2869 0.3778 0.4160 0.4287 0.4169 0.3646 0.2910 0.2285 0.1844 0.2067 0.3258 0.3941 0.4225 0.4279 0.4051 0.3407 0.2688 0.2121 0.1809 0.2919
0.2440 0.2119 0.2685 0.3404 0.4048 0.4279 0.4226 0.3943 0.3263 0.2071 0.1843 0.2283 0.2907 0.3643 0.4167 0.4287 0.4162 0.3781 0.2874 0.1876 0.1964 0.2465 0.3139 0.3855 0.4237 0.4272 0.4080 0.3589 0.2494 0.1811 0.2088 0.2640 0.3348 0.4011 0.4272 0.4240 0.3982 0.3360 0.2168 0.1821 0.2225 0.2826 0.3555 0.4128 0.4287 0.4191 0.3856 0.3056 0.1951 0.1913 0.2125 0.1913 0.1951 0.3056 0.3856 0.4191 0.4287 0.4128 0.3555 0.2826 0.2225 0.1821 0.2168 0.3360 0.3982 0.4240 0.4272 0.4011 0.3348 0.2640 0.2088 0.1811 0.2494 0.3589 0.4080 0.4272 0.4237 0.3855 0.3139 0.2465 0.1964 0.1876 0.2874 0.3781 0.4162 0.4287 0.4167 0.3643 0.2907 0.2283 0.1843 0.2071 0.3263 0.3943 0.4226 0.4279 0.4048 0.3404 0.2685 0.2119 0.2440
0.2614 0.2683 0.3399 0.4046 0.4278 0.4227 0.3945 0.3268 0.2075 0.1842 0.2280 0.2903 0.3639 0.4166 0.4287 0.4163 0.3783 0.2880 0.1878 0.1962 0.2464 0.3139 0.3857 0.4237 0.4271 0.4078 0.3586 0.2488 0.1811 0.2091 0.2643 0.3352 0.4014 0.4273 0.4239 0.3980 0.3355 0.2163 0.1822 0.2227 0.2829 0.3559 0.4129 0.4287 0.4190 0.3853 0.3050 0.1944 0.1920 0.2397 0.2704 0.2397 0.1920 0.1944 0.3050 0.3853 0.4190 0.4287 0.4129 0.3559 0.2829 0.2227 0.1822 0.2163 0.3355 0.3980 0.4239 0.4273 0.4014 0.3352 0.2643 0.2091 0.1811 0.2488 0.3586 0.4078 0.4271 0.4237 0.3857 0.3139 0.2464 0.1962 0.1878 0.2880 0.3783 0.4163 0.4287 0.4166 0.3639 0.2903 0.2280 0.1842 0.2075 0.3268 0.3945 0.4227 0.4278 0.4046 0.3399 0.2683 0.2614
0.2999 0.3398 0.4043 0.4278 0.4228 0.3947 0.3273 0.2079 0.1840 0.2278 0.2900 0.3636 0.4165 0.4287 0.4164 0.3786 0.2886 0.1880 0.1960 0.2462 0.3136 0.3855 0.4237 0.4271 0.4077 0.3582 0.2482 0.1811 0.2093 0.2646 0.3355 0.4016 0.4273 0.4238 0.3978 0.3351 0.2158 0.1822 0.2230 0.2833 0.3562 0.4131 0.4287 0.4189 0.3851 0.3044 0.1941 0.1905 0.2402 0.3061 0.3445 0.3061 0.2402 0.1905 0.1941 0.3044 0.3851 0.4189 0.4287 0.4131 0.3562 0.2833 0.2230 0.1822 0.2158 0.3351 0.3978 0.4238 0.4273 0.4016 0.3355 0.2646 0.2093 0.1811 0.2482 0.3582 0.4077 0.4271 0.4237 0.3855 0.3136 0.2462 0.1960 0.1880 0.2886 0.3786 0.4164 0.4287 0.4165 0.3636 0.2900 0.2278 0.1840 0.2079 0.3273 0.3947 0.4228 0.4278 0.4043 0.3398 0.2999
0.3514 0.4051 0.4276 0.4228 0.3949 0.3278 0.2084 0.1839 0.2275 0.2897 0.3632 0.4163 0.4287 0.4165 0.3789 0.2892 0.1882 0.1958 0.2459 0.3133 0.3853 0.4237 0.4271 0.4077 0.3580 0.2477 0.1810 0.2095 0.2649 0.3359 0.4018 0.4273 0.4238 0.3976 0.3346 0.2153 0.1823 0.2232 0.2836 0.3566 0.4133 0.4287 0.4188 0.3848 0.3038 0.1939 0.1907 0.2382 0.3058 0.3801 0.4099 0.3801 0.3058 0.2382 0.1907 0.1939 0.3038 0.3848 0.4188 0.4287 0.4133 0.3566 0.2836 0.2232 0.1823 0.2153 0.3346 0.3976 0.4238 0.4273 0.4018 0.3359 0.2649 0.2095 0.1810 0.2477 0.3580 0.4077 0.4271 0.4237 0.3853 0.3133 0.2459 0.1958 0.1882 0.2892 0.3789 0.4165 0.4287 0.4163 0.3632 0.2897 0.2275 0.1839 0.2084 0.3278 0.3949 0.4228 0.4276 0.4051 0.3514
0.3997 0.4298 0.4228 0.3951 0.3283 0.2088 0.1838 0.2273 0.2893 0.3629 0.4162 0.4287 0.4166 0.3791 0.2898 0.1884 0.1956 0.2456 0.3129 0.3850 0.4236 0.4272 0.4078 0.3582 0.2477 0.1810 0.2097 0.2652 0.3362 0.4021 0.4274 0.4237 0.3974 0.3342 0.2148 0.1824 0.2235 0.2839 0.3569 0.4134 0.4287 0.4187 0.3846 0.3032 0.1936 0.1909 0.2385 0.3036 0.3782 0.4231 0.4279 0.4231 0.3782 0.3036 0.2385 0.1909 0.1936 0.3032 0.3846 0.4187 0.4287 0.4134 0.3569 0.2839 0.2235 0.1824 0.2148 0.3342 0.3974 0.4237 0.4274 0.4021 0.3362 0.2652 0.2097 0.1810 0.2477 0.3582 0.4078 0.4272 0.4236 0.3850 0.3129 0.2456 0.1956 0.1884 0.2898 0.3791 0.4166 0.4287 0.4162 0.3629 0.2893 0.2273 0.1838 0.2088 0.3283 0.3951 0.4228 0.4298 0.3997
0.4245 0.4245 0.3953 0.3288 0.2092 0.1837 0.2270 0.2890 0.3625 0.4160 0.4287 0.4167 0.3794 0.2905 0.1886 0.1954 0.2453 0.3126 0.3847 0.4235 0.4272 0.4080 0.3586 0.2482 0.1810 0.2097 0.2654 0.3366 0.4023 0.4274 0.4236 0.3972 0.3337 0.2144 0.1825 0.2237 0.2843 0.3573 0.4136 0.4287 0.4186 0.3843 0.3026 0.1933 0.1911 0.2389 0.3040 0.3767 0.4212 0.4273 0.4156 0.4273 0.4212 0.3767 0.3040 0.2389 0.1911 0.1933 0.3026 0.3843 0.4186 0.4287 0.4136 0.3573 0.2843 0.2237 0.1825 0.2144 0.3337 0.3972 0.4236 0.4274 0.4023 0.3366 0.2654 0.2097 0.1810 0.2482 0.3586 0.4080 0.4272 0.4235 0.3847 0.3126 0.2453 0.1954 0.1886 0.2905 0.3794 0.4167 0.4287 0.4160 0.3625 0.2890 0.2270 0.1837 0.2092 0.3288 0.3953 0.4245 0.4245
0.4301 0.3956 0.3293 0.2097 0.1836 0.2267 0.2886 0.3622 0.4159 0.4288 0.4168 0.3797 0.2911 0.1888 0.1952 0.2450 0.3122 0.3844 0.4234 0.4273 0.4081 0.3589 0.2488 0.1811 0.2095 0.2652 0.3366 0.4024 0.4275 0.4235 0.3970 0.3332 0.2139 0.1826 0.2240 0.2846 0.3576 0.4138 0.4287 0.4185 0.3841 0.3020 0.1931 0.1913 0.2391 0.3044 0.3771 0.4211 0.4281 0.4083 0.3788 0.4083 0.4281 0.4211 0.3771 0.3044 0.2391 0.1913 0.1931 0.3020 0.3841 0.4185 0.4287 0.4138 0.3576 0.2846 0.2240 0.1826 0.2139 0.3332 0.3970 0.4235 0.4275 0.4024 0.3366 0.2652 0.2095 0.1811 0.2488 0.3589 0.4081 0.4273 0.4234 0.3844 0.3122 0.2450 0.1952 0.1888 0.2911 0.3797 0.4168 0.4288 0.4159 0.3622 0.2886 0.2267 0.1836 0.2097 0.3293 0.3956 0.4301
0.4138 0.3299 0.2101 0.1835 0.2265 0.2883 0.3618 0.4157 0.4288 0.4169 0.3800 0.2917 0.1890 0.1950 0.2448 0.3119 0.3841 0.4233 0.4273 0.4083 0.3593 0.2494 0.1811 0.2093 0.2649 0.3362 0.4023 0.4275 0.4235 0.3968 0.3328 0.2134 0.1827 0.2242 0.2849 0.3580 0.4139 0.4287 0.4184 0.3838 0.3014 0.1928 0.1915 0.2394 0.3048 0.3775 0.4213 0.4281 0.4116 0.3614 0.3008 0.3614 0.4116 0.4281 0.4213 0.3775 0.3048 0.2394 0.1915 0.1928 0.3014 0.3838 0.4184 0.4287 0.4139 0.3580 0.2849 0.2242 0.1827 0.2134 0.3328 0.3968 0.4235 0.4275 0.4023 0.3362 0.2649 0.2093 0.1811 0.2494 0.3593 0.4083 0.4273 0.4233 0.3841 0.3119 0.2448 0.1950 0.1890 0.2917 0.3800 0.4169 0.4288 0.4157 0.3618 0.2883 0.2265 0.1835 0.2101 0.3299 0.4138
0.3628 0.2107 0.1833 0.2262 0.2880 0.3615 0.4156 0.4288 0.4170 0.3802 0.2923 0.1892 0.1948 0.2445 0.3115 0.3838 0.4233 0.4273 0.4084 0.3596 0.2501 0.1811 0.2091 0.2646 0.3359 0.4021 0.4274 0.4235 0.3968 0.3325 0.2130 0.1827 0.2245 0.2853 0.3583 0.4141 0.4288 0.4183 0.3836 0.3008 0.1926 0.1917 0.2397 0.3051 0.3778 0.4214 0.4280 0.4116 0.3670 0.2625 0.1895 0.2625 0.3670 0.4116 0.4280 0.4214 0.3778 0.3051 0.2397 0.1917 0.1926 0.3008 0.3836 0.4183 0.4288 0.4141 0.3583 0.2853 0.2245 0.1827 0.2130 0.3325 0.3968 0.4235 0.4274 0.4021 0.3359 0.2646 0.2091 0.1811 0.2501 0.3596 0.4084 0.4273 0.4233 0.3838 0.3115 0.2445 0.1948 0.1892 0.2923 0.3802 0.4170 0.4288 0.4156 0.3615 0.2880 0.2262 0.1833 0.2107 0.3628
0.2684 0.1833 0.2260 0.2876 0.3611 0.4154 0.4288 0.4171 0.3805 0.2929 0.1894 0.1946 0.2442 0.3111 0.3834 0.4232 0.4274 0.4086 0.3600 0.2507 0.1812 0.2088 0.2643 0.3355 0.4018 0.4274 0.4236 0.3970 0.3328 0.2130 0.1828 0.2247 0.2856 0.3587 0.4142 0.4288 0.4182 0.3833 0.3002 0.1923 0.1919 0.2400 0.3055 0.3781 0.4215 0.4280 0.4114 0.3671 0.2637 0.1826 0.1839 0.1826 0.2637 0.3671 0.4114 0.4280 0.4215 0.3781 0.3055 0.2400 0.1919 0.1923 0.3002 0.3833 0.4182 0.4288 0.4142 0.3587 0.2856 0.2247 0.1828 0.2130 0.3328 0.3970 0.4236 0.4274 0.4018 0.3355 0.2643 0.2088 0.1812 0.2507 0.3600 0.4086 0.4274 0.4232 0.3834 0.3111 0.2442 0.1946 0.1894 0.2929 0.3805 0.4171 0.4288 0.4154 0.3611 0.2876 0.2260 0.1833 0.2684
0.2447 0.2258 0.2873 0.3608 0.4153 0.4288 0.4173 0.3807 0.2935 0.1896 0.1944 0.2439 0.3108 0.3831 0.4231 0.4274 0.4087 0.3603 0.2513 0.1812 0.2086 0.2640 0.3352 0.4016 0.4273 0.4237 0.3972 0.3332 0.2134 0.1827 0.2247 0.2857 0.3590 0.4144 0.4288 0.4181 0.3831 0.2996 0.1921 0.1921 0.2403 0.3058 0.3784 0.4216 0.4280 0.4113 0.3666 0.2638 0.1836 0.2051 0.2293 0.2051 0.1836 0.2638 0.3666 0.4113 0.4280 0.4216 0.3784 0.3058 0.2403 0.1921 0.1921 0.2996 0.3831 0.4181 0.4288 0.4144 0.3590 0.2857 0.2247 0.1827 0.2134 0.3332 0.3972 0.4237 0.4273 0.4016 0.3352 0.2640 0.2086 0.1812 0.2513 0.3603 0.4087 0.4274 0.4231 0.3831 0.3108 0.2439 0.1944 0.1896 0.2935 0.3807 0.4173 0.4288 0.4153 0.3608 0.2873 0.2258 0.2447
0.2705 0.2871 0.3604 0.4152 0.4288 0.4174 0.3810 0.2941 0.1898 0.1942 0.2436 0.3104 0.3828 0.4230 0.4275 0.4089 0.3606 0.2519 0.1813 0.2084 0.2637 0.3348 0.4014 0.4273 0.4238 0.3974 0.3337 0.2139 0.1827 0.2245 0.2856 0.3590 0.4145 0.4288 0.4180 0.3828 0.2990 0.1918 0.1923 0.2405 0.3062 0.3788 0.4217 0.4280 0.4111 0.3663 0.2632 0.1825 0.2057 0.2595 0.2932 0.2595 0.2057 0.1825 0.2632 0.3663 0.4111 0.4280 0.4217 0.3788 0.3062 0.2405 0.1923 0.1918 0.2990 0.3828 0.4180 0.4288 0.4145 0.3590 0.2856 0.2245 0.1827 0.2139 0.3337 0.3974 0.4238 0.4273 0.4014 0.3348 0.2637 0.2084 0.1813 0.2519 0.3606 0.4089 0.4275 0.4230 0.3828 0.3104 0.2436 0.1942 0.1898 0.2941 0.3810 0.4174 0.4288 0.4152 0.3604 0.2871 0.2705
0.3133 0.3604 0.4149 0.4288 0.4175 0.3813 0.2947 0.1900 0.1940 0.2433 0.3101 0.3825 0.4229 0.4275 0.4090 0.3610 0.2525 0.1813 0.2082 0.2634 0.3344 0.4011 0.4273 0.4238 0.3976 0.3342 0.2144 0.1826 0.2242 0.2853 0.3587 0.4144 0.4288 0.4179 0.3826 0.2984 0.1916 0.1925 0.2408 0.3065 0.3791 0.4218 0.4279 0.4110 0.3660 0.2625 0.1824 0.2041 0.2598 0.3305 0.3691 0.3305 0.2598 0.2041 0.1824 0.2625 0.3660 0.4110 0.4279 0.4218 0.3791 0.3065 0.2408 0.1925 0.1916 0.2984 0.3826 0.4179 0.4288 0.4144 0.3587 0.2853 0.2242 0.1826 0.2144 0.3342 0.3976 0.4238 0.4273 0.4011 0.3344 0.2634 0.2082 0.1813 0.2525 0.3610 0.4090 0.4275 0.4229 0.3825 0.3101 0.2433 0.1940 0.1900 0.2947 0.3813 0.4175 0.4288 0.4149 0.3604 0.3133
0.3664 0.4162 0.4286 0.4176 0.3815 0.2953 0.1902 0.1938 0.2431 0.3097 0.3822 0.4228 0.4275 0.4092 0.3613 0.2532 0.1814 0.2079 0.2631 0.3341 0.4009 0.4272 0.4239 0.3978 0.3346 0.2148 0.1825 0.2240 0.2849 0.3583 0.4142 0.4288 0.4180 0.3826 0.2981 0.1914 0.1926 0.2411 0.3069 0.3794 0.4219 0.4279 0.4109 0.3656 0.2619 0.1824 0.2043 0.2577 0.3298 0.3997 0.4207 0.3997 0.3298 0.2577 0.2043 0.1824 0.2619 0.3656 0.4109 0.4279 0.4219 0.3794 0.3069 0.2411 0.1926 0.1914 0.2981 0.3826 0.4180 0.4288 0.4142 0.3583 0.2849 0.2240 0.1825 0.2148 0.3346 0.3978 0.4239 0.4272 0.4009 0.3341 0.2631 0.2079 0.1814 0.2532 0.3613 0.4092 0.4275 0.4228 0.3822 0.3097 0.2431 0.1938 0.1902 0.2953 0.3815 0.4176 0.4286 0.4162 0.3664
0.4090 0.4308 0.4176 0.3818 0.2960 0.1905 0.1936 0.2428 0.3094 0.3819 0.4227 0.4276 0.4093 0.3617 0.2538 0.1814 0.2077 0.2628 0.3337 0.4007 0.4272 0.4240 0.3980 0.3351 0.2153 0.1824 0.2237 0.2846 0.3580 0.4141 0.4288 0.4181 0.3828 0.2984 0.1914 0.1927 0.2413 0.3072 0.3797 0.4220 0.4279 0.4107 0.3653 0.2613 0.1823 0.2046 0.2580 0.3277 0.3974 0.4275 0.4262 0.4275 0.3974 0.3277 0.2580 0.2046 0.1823 0.2613 0.3653 0.4107 0.4279 0.4220 0.3797 0.3072 0.2413 0.1927 0.1914 0.2984 0.3828 0.4181 0.4288 0.4141 0.3580 0.2846 0.2237 0.1824 0.2153 0.3351 0.3980 0.4240 0.4272 0.4007 0.3337 0.2628 0.2077 0.1814 0.2538 0.3617 0.4093 0.4276 0.4227 0.3819 0.3094 0.2428 0.1936 0.1905 0.2960 0.3818 0.4176 0.4308 0.4090
0.4279 0.4189 0.3821 0.2966 0.1907 0.1934 0.2425 0.3090 0.3816 0.4226 0.4276 0.4095 0.3620 0.2544 0.1815 0.2075 0.2625 0.3334 0.4004 0.4271 0.4240 0.3982 0.3355 0.2158 0.1823 0.2235 0.2843 0.3576 0.4139 0.4288 0.4182 0.3831 0.2990 0.1916 0.1926 0.2413 0.3073 0.3800 0.4221 0.4278 0.4106 0.3650 0.2607 0.1822 0.2048 0.2584 0.3281 0.3964 0.4264 0.4234 0.4069 0.4234 0.4264 0.3964 0.3281 0.2584 0.2048 0.1822 0.2607 0.3650 0.4106 0.4278 0.4221 0.3800 0.3073 0.2413 0.1926 0.1916 0.2990 0.3831 0.4182 0.4288 0.4139 0.3576 0.2843 0.2235 0.1823 0.2158 0.3355 0.3982 0.4240 0.4271 0.4004 0.3334 0.2625 0.2075 0.1815 0.2544 0.3620 0.4095 0.4276 0.4226 0.3816 0.3090 0.2425 0.1934 0.1907 0.2966 0.3821 0.4189 0.4279
0.4280 0.3824 0.2972 0.1909 0.1932 0.2422 0.3087 0.3813 0.4226 0.4276 0.4096 0.3623 0.2550 0.1815 0.2073 0.2622 0.3330 0.4002 0.4271 0.4241 0.3984 0.3360 0.2163 0.1822 0.2232 0.2839 0.3573 0.4138 0.4287 0.4183 0.3833 0.2996 0.1918 0.1925 0.2411 0.3072 0.3800 0.4221 0.4278 0.4104 0.3647 0.2600 0.1821 0.2050 0.2587 0.3285 0.3968 0.4263 0.4251 0.3970 0.3591 0.3970 0.4251 0.4263 0.3968 0.3285 0.2587 0.2050 0.1821 0.2600 0.3647 0.4104 0.4278 0.4221 0.3800 0.3072 0.2411 0.1925 0.1918 0.2996 0.3833 0.4183 0.4287 0.4138 0.3573 0.2839 0.2232 0.1822 0.2163 0.3360 0.3984 0.4241 0.4271 0.4002 0.3330 0.2622 0.2073 0.1815 0.2550 0.3623 0.4096 0.4276 0.4226 0.3813 0.3087 0.2422 0.1932 0.1909 0.2972 0.3824 0.4280
0.4042 0.2979 0.1911 0.1931 0.2419 0.3083 0.3810 0.4225 0.4277 0.4097 0.3627 0.2557 0.1816 0.2071 0.2618 0.3326 0.3999 0.4270 0.4242 0.3985 0.3365 0.2168 0.1822 0.2230 0.2836 0.3569 0.4136 0.4287 0.4184 0.3836 0.3002 0.1921 0.1923 0.2408 0.3069 0.3797 0.4221 0.4278 0.4104 0.3644 0.2594 0.1820 0.2052 0.2590 0.3289 0.3971 0.4264 0.4251 0.4012 0.3367 0.2627 0.3367 0.4012 0.4251 0.4264 0.3971 0.3289 0.2590 0.2052 0.1820 0.2594 0.3644 0.4104 0.4278 0.4221 0.3797 0.3069 0.2408 0.1923 0.1921 0.3002 0.3836 0.4184 0.4287 0.4136 0.3569 0.2836 0.2230 0.1822 0.2168 0.3365 0.3985 0.4242 0.4270 0.3999 0.3326 0.2618 0.2071 0.1816 0.2557 0.3627 0.4097 0.4277 0.4225 0.3810 0.3083 0.2419 0.1931 0.1911 0.2979 0.4042
0.3367 0.1915 0.1928 0.2417 0.3079 0.3807 0.4224 0.4277 0.4099 0.3630 0.2563 0.1817 0.2068 0.2615 0.3323 0.3997 0.4270 0.4242 0.3987 0.3369 0.2173 0.1821 0.2227 0.2833 0.3566 0.4134 0.4287 0.4185 0.3838 0.3008 0.1923 0.1921 0.2405 0.3065 0.3794 0.4220 0.4278 0.4104 0.3644 0.2591 0.1820 0.2054 0.2593 0.3292 0.3974 0.4265 0.4250 0.4012 0.3423 0.2226 0.1750 0.2226 0.3423 0.4012 0.4250 0.4265 0.3974 0.3292 0.2593 0.2054 0.1820 0.2591 0.3644 0.4104 0.4278 0.4220 0.3794 0.3065 0.2405 0.1921 0.1923 0.3008 0.3838 0.4185 0.4287 0.4134 0.3566 0.2833 0.2227 0.1821 0.2173 0.3369 0.3987 0.4242 0.4270 0.3997 0.3323 0.2615 0.2068 0.1817 0.2563 0.3630 0.4099 0.4277 0.4224 0.3807 0.3079 0.2417 0.1928 0.1915 0.3367
0.2533 0.1928 0.2413 0.3076 0.3803 0.4223 0.4277 0.4100 0.3633 0.2569 0.1817 0.2066 0.2612 0.3319 0.3994 0.4269 0.4243 0.3989 0.3373 0.2178 0.1820 0.2225 0.2829 0.3562 0.4133 0.4287 0.4186 0.3841 0.3014 0.1926 0.1919 0.2403 0.3062 0.3791 0.4219 0.4279 0.4106 0.3647 0.2594 0.1820 0.2055 0.2595 0.3296 0.3976 0.4265 0.4249 0.4009 0.3424 0.2238 0.1817 0.1968 0.1817 0.2238 0.3424 0.4009 0.4249 0.4265 0.3976 0.3296 0.2595 0.2055 0.1820 0.2594 0.3647 0.4106 0.4279 0.4219 0.3791 0.3062 0.2403 0.1919 0.1926 0.3014 0.3841 0.4186 0.4287 0.4133 0.3562 0.2829 0.2225 0.1820 0.2178 0.3373 0.3989 0.4243 0.4269 0.3994 0.3319 0.2612 0.2066 0.1817 0.2569 0.3633 0.4100 0.4277 0.4223 0.3803 0.3076 0.2413 0.1928 0.2533
0.2498 0.2412 0.3072 0.3800 0.4222 0.4278 0.4102 0.3637 0.2575 0.1818 0.2064 0.2609 0.3315 0.3992 0.4269 0.4244 0.3991 0.3378 0.2183 0.1819 0.2222 0.2826 0.3559 0.4131 0.4287 0.4187 0.3843 0.3020 0.1928 0.1917 0.2400 0.3058 0.3788 0.4218 0.4279 0.4107 0.3650 0.2600 0.1820 0.2054 0.2595 0.3297 0.3978 0.4266 0.4249 0.4007 0.3418 0.2236 0.1825 0.2208 0.2482 0.2208 0.1825 0.2236 0.3418 0.4007 0.4249 0.4266 0.3978 0.3297 0.2595 0.2054 0.1820 0.2600 0.3650 0.4107 0.4279 0.4218 0.3788 0.3058 0.2400 0.1917 0.1928 0.3020 0.3843 0.4187 0.4287 0.4131 0.3559 0.2826 0.2222 0.1819 0.2183 0.3378 0.3991 0.4244 0.4269 0.3992 0.3315 0.2609 0.2064 0.1818 0.2575 0.3637 0.4102 0.4278 0.4222 0.3800 0.3072 0.2412 0.2498
0.2809 0.3071 0.3796 0.4221 0.4278 0.4103 0.3640 0.2582 0.1819 0.2062 0.2606 0.3312 0.3989 0.4269 0.4244 0.3993 0.3382 0.2188 0.1819 0.2220 0.2823 0.3555 0.4129 0.4287 0.4188 0.3846 0.3026 0.1931 0.1915 0.2397 0.3055 0.3784 0.4217 0.4279 0.4109 0.3653 0.2607 0.1821 0.2052 0.2593 0.3296 0.3978 0.4266 0.4248 0.4005 0.3414 0.2231 0.1813 0.2214 0.2812 0.3176 0.2812 0.2214 0.1813 0.2231 0.3414 0.4005 0.4248 0.4266 0.3978 0.3296 0.2593 0.2052 0.1821 0.2607 0.3653 0.4109 0.4279 0.4217 0.3784 0.3055 0.2397 0.1915 0.1931 0.3026 0.3846 0.4188 0.4287 0.4129 0.3555 0.2823 0.2220 0.1819 0.2188 0.3382 0.3993 0.4244 0.4269 0.3989 0.3312 0.2606 0.2062 0.1819 0.2582 0.3640 0.4103 0.4278 0.4221 0.3796 0.3071 0.2809
0.3277 0.3799 0.4218 0.4279 0.4104 0.3643 0.2588 0.1819 0.2060 0.2603 0.3308 0.3987 0.4268 0.4245 0.3995 0.3387 0.2193 0.1818 0.2217 0.2819 0.3552 0.4128 0.4287 0.4189 0.3848 0.3032 0.1933 0.1913 0.2394 0.3051 0.3781 0.4216 0.4280 0.4110 0.3656 0.2613 0.1822 0.2050 0.2590 0.3292 0.3976 0.4266 0.4248 0.4004 0.3411 0.2226 0.1813 0.2196 0.2813 0.3553 0.3914 0.3553 0.2813 0.2196 0.1813 0.2226 0.3411 0.4004 0.4248 0.4266 0.3976 0.3292 0.2590 0.2050 0.1822 0.2613 0.3656 0.4110 0.4280 0.4216 0.3781 0.3051 0.2394 0.1913 0.1933 0.3032 0.3848 0.4189 0.4287 0.4128 0.3552 0.2819 0.2217 0.1818 0.2193 0.3387 0.3995 0.4245 0.4268 0.3987 0.3308 0.2603 0.2060 0.1819 0.2588 0.3643 0.4104 0.4279 0.4218 0.3799 0.3277
0.3806 0.4236 0.4277 0.4106 0.3647 0.2594 0.1820 0.2057 0.2600 0.3305 0.3984 0.4268 0.4246 0.3997 0.3391 0.2198 0.1817 0.2215 0.2816 0.3548 0.4126 0.4287 0.4190 0.3851 0.3038 0.1936 0.1911 0.2391 0.3048 0.3778 0.4215 0.4280 0.4111 0.3660 0.2619 0.1823 0.2048 0.2587 0.3289 0.3974 0.4265 0.4249 0.4005 0.3411 0.2223 0.1814 0.2198 0.2791 0.3540 0.4140 0.4263 0.4140 0.3540 0.2791 0.2198 0.1814 0.2223 0.3411 0.4005 0.4249 0.4265 0.3974 0.3289 0.2587 0.2048 0.1823 0.2619 0.3660 0.4111 0.4280 0.4215 0.3778 0.3048 0.2391 0.1911 0.1936 0.3038 0.3851 0.4190 0.4287 0.4126 0.3548 0.2816 0.2215 0.1817 0.2198 0.3391 0.3997 0.4246 0.4268 0.3984 0.3305 0.2600 0.2057 0.1820 0.2594 0.3647 0.4106 0.4277 0.4236 0.3806
0.4163 0.4298 0.4107 0.3650 0.2600 0.1821 0.2055 0.2597 0.3301 0.3982 0.4267 0.4246 0.3999 0.3395 0.2203 0.1817 0.2212 0.2813 0.3545 0.4124 0.4287 0.4191 0.3853 0.3044 0.1939 0.1909 0.2389 0.3044 0.3775 0.4214 0.4280 0.4113 0.3663 0.2625 0.1824 0.2046 0.2584 0.3285 0.3971 0.4265 0.4249 0.4007 0.3414 0.2226 0.1814 0.2200 0.2794 0.3520 0.4116 0.4288 0.4222 0.4288 0.4116 0.3520 0.2794 0.2200 0.1814 0.2226 0.3414 0.4007 0.4249 0.4265 0.3971 0.3285 0.2584 0.2046 0.1824 0.2625 0.3663 0.4113 0.4280 0.4214 0.3775 0.3044 0.2389 0.1909 0.1939 0.3044 0.3853 0.4191 0.4287 0.4124 0.3545 0.2813 0.2212 0.1817 0.2203 0.3395 0.3999 0.4246 0.4267 0.3982 0.3301 0.2597 0.2055 0.1821 0.2600 0.3650 0.4107 0.4298 0.4163
0.4299 0.4115 0.3653 0.2607 0.1822 0.2053 0.2594 0.3297 0.3979 0.4267 0.4247 0.4001 0.3400 0.2208 0.1816 0.2210 0.2809 0.3541 0.4123 0.4287 0.4192 0.3856 0.3050 0.1941 0.1908 0.2386 0.3041 0.3772 0.4213 0.4280 0.4114 0.3666 0.2632 0.1825 0.2044 0.2581 0.3282 0.3968 0.4264 0.4250 0.4009 0.3418 0.2231 0.1813 0.2199 0.2794 0.3523 0.4112 0.4287 0.4173 0.3952 0.4173 0.4287 0.4112 0.3522 0.2794 0.2198 0.1813 0.2231 0.3418 0.4009 0.4250 0.4264 0.3968 0.3281 0.2580 0.2043 0.1824 0.2632 0.3666 0.4114 0.4280 0.4213 0.3771 0.3040 0.2385 0.1907 0.1941 0.3050 0.3856 0.4192 0.4287 0.4123 0.3541 0.2809 0.2209 0.1816 0.2208 0.3400 0.4001 0.4247 0.4267 0.3979 0.3297 0.2593 0.2053 0.1821 0.2607 0.3653 0.4115 0.4299
0.4241 0.3657 0.2613 0.1823 0.2051 0.2591 0.3294 0.3977 0.4266 0.4248 0.4002 0.3404 0.2213 0.1815 0.2207 0.2806 0.3538 0.4121 0.4287 0.4193 0.3858 0.3056 0.1944 0.1906 0.2383 0.3037 0.3768 0.4212 0.4281 0.4115 0.3669 0.2638 0.1826 0.2041 0.2578 0.3278 0.3966 0.4264 0.4250 0.4010 0.3423 0.2236 0.1813 0.2197 0.2792 0.3522 0.4113 0.4286 0.4198 0.3820 0.3345 0.3822 0.4199 0.4286 0.4112 0.3520 0.2791 0.2196 0.1813 0.2236 0.3424 0.4012 0.4251 0.4263 0.3964 0.3277 0.2577 0.2041 0.1825 0.2638 0.3671 0.4116 0.4281 0.4211 0.3767 0.3036 0.2382 0.1905 0.1944 0.3056 0.3860 0.4194 0.4287 0.4120 0.3536 0.2805 0.2207 0.1815 0.2213 0.3405 0.4004 0.4248 0.4266 0.3976 0.3292 0.2590 0.2050 0.1822 0.2613 0.3659 0.4242
0.3915 0.2621 0.1823 0.2049 0.2588 0.3290 0.3974 0.4265 0.4248 0.4004 0.3408 0.2219 0.1815 0.2205 0.2803 0.3534 0.4119 0.4287 0.4194 0.3861 0.3062 0.1947 0.1904 0.2380 0.3034 0.3765 0.4211 0.4281 0.4117 0.3672 0.2644 0.1826 0.2039 0.2575 0.3274 0.3963 0.4263 0.4251 0.4012 0.3427 0.2242 0.1812 0.2194 0.2788 0.3519 0.4112 0.4286 0.4199 0.3871 0.3048 0.2229 0.3040 0.3871 0.4199 0.4287 0.4116 0.3540 0.2813 0.2214 0.1825 0.2238 0.3423 0.4012 0.4251 0.4264 0.3974 0.3298 0.2598 0.2057 0.1836 0.2637 0.3670 0.4116 0.4281 0.4212 0.3782 0.3058 0.2402 0.1920 0.1951 0.3053 0.3859 0.4194 0.4287 0.4123 0.3555 0.2827 0.2225 0.1828 0.2216 0.3404 0.4004 0.4248 0.4266 0.3984 0.3314 0.2611 0.2067 0.1833 0.2611 0.3910
0.3079 0.1825 0.2046 0.2585 0.3286 0.3972 0.4265 0.4249 0.4006 0.3413 0.2224 0.1814 0.2202 0.2799 0.3530 0.4118 0.4287 0.4195 0.3863 0.3067 0.1950 0.1902 0.2378 0.3030 0.3762 0.4210 0.4281 0.4118 0.3676 0.2651 0.1827 0.2037 0.2572 0.3271 0.3961 0.4263 0.4252 0.4014 0.3431 0.2247 0.1812 0.2192 0.2785 0.3515 0.4110 0.4286 0.4199 0.3875 0.3087 0.1965 0.1752 0.1921 0.3034 0.3823 0.4173 0.4288 0.4140 0.3553 0.2812 0.2208 0.1817 0.2226 0.3367 0.3970 0.4234 0.4275 0.3997 0.3305 0.2595 0.2051 0.1826 0.2625 0.3614 0.4083 0.4273 0.4231 0.3801 0.3061 0.2397 0.1913 0.1940 0.3021 0.3809 0.4169 0.4287 0.4148 0.3568 0.2826 0.2219 0.1819 0.2203 0.3349 0.3961 0.4231 0.4276 0.4008 0.3321 0.2608 0.2061 0.1824 0.3055
0.2458 0.2045 0.2582 0.3283 0.3969 0.4264 0.4250 0.4008 0.3417 0.2229 0.1814 0.2200 0.2796 0.3527 0.4116 0.4286 0.4196 0.3865 0.3073 0.1952 0.1900 0.2375 0.3027 0.3759 0.4209 0.4281 0.4119 0.3679 0.2657 0.1828 0.2035 0.2569 0.3267 0.3958 0.4262 0.4252 0.4016 0.3435 0.2252 0.1812 0.2189 0.2782 0.3511 0.4108 0.4286 0.4200 0.3876 0.3099 0.1979 0.1916 0.1923 0.1782 0.2266 0.3335 0.3952 0.4222 0.4263 0.3914 0.3176 0.2482 0.1968 0.1750 0.2627 0.3591 0.4069 0.4262 0.4207 0.3691 0.2932 0.2293 0.1839 0.1895 0.3008 0.3788 0.4156 0.4279 0.4099 0.3445 0.2704 0.2125 0.1752 0.2205 0.3326 0.3944 0.4218 0.4265 0.3927 0.3192 0.2494 0.1977 0.1746 0.2601 0.3577 0.4063 0.4260 0.4212 0.3707 0.2948 0.2306 0.1849 0.2495
0.2567 0.2579 0.3278 0.3966 0.4264 0.4250 0.4010 0.3421 0.2234 0.1813 0.2197 0.2792 0.3522 0.4114 0.4286 0.4197 0.3868 0.3079 0.1955 0.1898 0.2371 0.3022 0.3755 0.4208 0.4282 0.4121 0.3682 0.2663 0.1829 0.2032 0.2565 0.3262 0.3955 0.4261 0.4253 0.4018 0.3440 0.2258 0.1811 0.2186 0.2778 0.3507 0.4106 0.4286 0.4201 0.3878 0.3105 0.1970 0.1923 0.2252 0.2273 0.2947 0.3114 0.3799 0.4174 0.4288 0.4140 0.3553 0.2812 0.2208 0.1817 0.2226 0.3367 0.3970 0.4234 0.4275 0.3997 0.3305 0.2595 0.2051 0.1826 0.2625 0.3614 0.4083 0.4273 0.4231 0.3801 0.3061 0.2397 0.1913 0.1940 0.3021 0.3809 0.4169 0.4287 0.4148 0.3568 0.2826 0.2219 0.1819 0.2203 0.3349 0.3961 0.4231 0.4276 0.4008 0.3321 0.2608 0.2061 0.1824 0.3055
0.2927 0.3277 0.3962 0.4263 0.4252 0.4013 0.3427 0.2240 0.1812 0.2194 0.2788 0.3518 0.4111 0.4286 0.4199 0.3872 0.3085 0.1958 0.1896 0.2369 0.3018 0.3751 0.4206 0.4282 0.4123 0.3687 0.2670 0.1830 0.2030 0.2562 0.3259 0.3951 0.4261 0.4254 0.4021 0.3445 0.2262 0.1810 0.2184 0.2775 0.3503 0.4103 0.4286 0.4203 0.3882 0.3110 0.1970 0.1891 0.2376 0.2920 0.3397 0.4477 0.3878 0.4182 0.4287 0.4116 0.3539 0.2813 0.2214 0.1825 0.2238 0.3423 0.4012 0.4251 0.4264 0.3974 0.3298 0.2598 0.2057 0.1836 0.2637 0.3670 0.4116 0.4281 0.4212 0.3782 0.3058 0.2402 0.1920 0.1951 0.3053 0.3859 0.4194 0.4287 0.4123 0.3555 0.2827 0.2225 0.1828 0.2216 0.3404 0.4004 0.4248 0.4266 0.3984 0.3314 0.2611 0.2067 0.1833 0.2611 0.3910
0.3460 0.3983 0.4262 0.4251 0.4012 0.3424 0.2241 0.1828 0.2218 0.2817 0.3544 0.4117 0.4287 0.4198 0.3870 0.3081 0.1966 0.1915 0.2395 0.3048 0.3771 0.4208 0.4283 0.4122 0.3684 0.2666 0.1843 0.2052 0.2590 0.3288 0.3965 0.4262 0.4254 0.4019 0.3440 0.2262 0.1826 0.2208 0.2804 0.3530 0.4110 0.4286 0.4202 0.3880 0.3104 0.1977 0.1907 0.2386 0.3041 0.3697 0.4081 0.4200 0.4141 0.4287 0.4109 0.3519 0.2791 0.2196 0.1813 0.2236 0.3424 0.4012 0.4251 0.4263 0.3964 0.3277 0.2577 0.2041 0.1825 0.2638 0.3671 0.4116 0.4281 0.4211 0.3767 0.3036 0.2382 0.1905 0.1944 0.3056 0.3860 0.4194 0.4287 0.4120 0.3536 0.2805 0.2207 0.1815 0.2213 0.3405 0.4004 0.4248 0.4266 0.3976 0.3292 0.2590 0.2050 0.1822 0.2613 0.3659 0.4242
0.3948 0.4297 0.4230 0.3961 0.3352 0.2226 0.1810 0.2198 0.2799 0.3543 0.4140 0.4288 0.4168 0.3809 0.3033 0.1950 0.1896 0.2374 0.3033 0.3780 0.4230 0.4273 0.4083 0.3615 0.2649 0.1826 0.2033 0.2570 0.3279 0.3983 0.4275 0.4234 0.3969 0.3369 0.2249 0.1808 0.2188 0.2786 0.3528 0.4133 0.4288 0.4172 0.3819 0.3054 0.1961 0.1888 0.2362 0.3018 0.3768 0.4226 0.4291 0.4152 0.4291 0.4110 0.3518 0.2794 0.2199 0.1813 0.2231 0.3418 0.4009 0.4250 0.4264 0.3968 0.3281 0.2580 0.2043 0.1824 0.2632 0.3666 0.4114 0.4280 0.4213 0.3771 0.3040 0.2385 0.1907 0.1941 0.3050 0.3856 0.4192 0.4287 0.4123 0.3541 0.2809 0.2209 0.1816 0.2208 0.3400 0.4001 0.4247 0.4267 0.3979 0.3297 0.2593 0.2053 0.1821 0.2607 0.3653 0.4115 0.4299
0.4087 0.4290 0.4110 0.3685 0.2802 0.1802 0.1910 0.2397 0.3069 0.3822 0.4246 0.4243 0.4009 0.3462 0.2406 0.1740 0.2049 0.2598 0.3319 0.4021 0.4278 0.4191 0.3873 0.3181 0.2039 0.1789 0.2208 0.2818 0.3571 0.4162 0.4275 0.4117 0.3697 0.2826 0.1810 0.1902 0.2386 0.3054 0.3809 0.4242 0.4246 0.4016 0.3477 0.2432 0.1740 0.2038 0.2580 0.3297 0.4010 0.4279 0.4213 0.4291 0.4116 0.3513 0.2793 0.2200 0.1814 0.2226 0.3414 0.4007 0.4249 0.4265 0.3971 0.3285 0.2584 0.2046 0.1824 0.2625 0.3663 0.4113 0.4280 0.4214 0.3775 0.3044 0.2389 0.1909 0.1939 0.3044 0.3853 0.4191 0.4287 0.4124 0.3545 0.2813 0.2212 0.1817 0.2203 0.3395 0.3999 0.4246 0.4267 0.3982 0.3301 0.2597 0.2055 0.1821 0.2600 0.3650 0.4107 0.4298 0.4163
