0.0012 0.0077 0.0227 0.0744 0.2406 0.7795 1.0000 1.0000 1.0000 0.0009 0.0030 0.0098 0.0319 0.1032 0.3344 1.0000 1.0000 1.0000 0.0004 0.0013 0.0042 0.0137 0.0443 0.1435 0.4647 1.0000 1.0000 1.0000 0.0006 0.0018 0.0059 0.0190 0.0615 0.1993 0.6457 1.0000 1.0000 1.0000 0.0008 0.0025 0.0082 0.0264 0.0855 0.2770 0.8973 1.0000 1.0000 1.0000 0.0011 0.0041 0.0098 0.0041 0.0011 1.0000 1.0000 1.0000 0.8973 0.2770 0.0855 0.0264 0.0082 0.0025 0.0008 1.0000 1.0000 1.0000 0.6457 0.1993 0.0615 0.0190 0.0059 0.0018 0.0006 1.0000 1.0000 1.0000 0.4647 0.1435 0.0443 0.0137 0.0042 0.0013 0.0004 1.0000 1.0000 1.0000 0.3344 0.1032 0.0319 0.0098 0.0030 0.0009 1.0000 1.0000 1.0000 0.7795 0.2406 0.0744 0.0227 0.0077 0.0012
0.0077 0.0490 0.1426 0.4709 1.0000 1.0000 1.0000 1.0000 0.0018 0.0059 0.0192 0.0622 0.2016 0.6531 1.0000 1.0000 1.0000 0.0008 0.0025 0.0082 0.0267 0.0865 0.2802 0.9076 1.0000 1.0000 1.0000 0.0011 0.0035 0.0115 0.0371 0.1202 0.3893 1.0000 1.0000 1.0000 1.0000 0.0015 0.0049 0.0159 0.0515 0.1670 0.5400 1.0000 1.0000 1.0000 1.0000 0.0021 0.0068 0.0257 0.0586 0.0257 0.0068 0.0021 1.0000 1.0000 1.0000 1.0000 0.5400 0.1670 0.0515 0.0159 0.0049 0.0015 1.0000 1.0000 1.0000 1.0000 0.3893 0.1202 0.0371 0.0115 0.0035 0.0011 1.0000 1.0000 1.0000 0.9076 0.2802 0.0865 0.0267 0.0082 0.0025 0.0008 1.0000 1.0000 1.0000 0.6531 0.2016 0.0622 0.0192 0.0059 0.0018 1.0000 1.0000 1.0000 1.0000 0.4709 0.1426 0.0490 0.0077
0.0227 0.1426 0.4274 1.0000 1.0000 1.0000 1.0000 0.0017 0.0055 0.0177 0.0573 0.1854 0.6007 1.0000 1.0000 1.0000 0.0007 0.0023 0.0076 0.0246 0.0796 0.2577 0.8347 1.0000 1.0000 1.0000 0.0010 0.0033 0.0105 0.0341 0.1105 0.3581 1.0000 1.0000 1.0000 1.0000 0.0014 0.0045 0.0146 0.0474 0.1536 0.4976 1.0000 1.0000 1.0000 1.0000 0.0019 0.0062 0.0204 0.0763 0.1735 0.0763 0.0204 0.0062 0.0019 1.0000 1.0000 1.0000 1.0000 0.4976 0.1536 0.0474 0.0146 0.0045 0.0014 1.0000 1.0000 1.0000 1.0000 0.3581 0.1105 0.0341 0.0105 0.0033 0.0010 1.0000 1.0000 1.0000 0.8347 0.2577 0.0796 0.0246 0.0076 0.0023 0.0007 1.0000 1.0000 1.0000 0.6007 0.1854 0.0573 0.0177 0.0055 0.0017 1.0000 1.0000 1.0000 1.0000 0.4274 0.1426 0.0227
0.0744 0.4709 1.0000 1.0000 1.0000 1.0000 0.0017 0.0056 0.0180 0.0583 0.1890 0.6122 1.0000 1.0000 1.0000 0.0007 0.0024 0.0077 0.0250 0.0811 0.2626 0.8507 1.0000 1.0000 1.0000 0.0010 0.0033 0.0107 0.0348 0.1127 0.3650 1.0000 1.0000 1.0000 1.0000 0.0014 0.0046 0.0149 0.0483 0.1566 0.5072 1.0000 1.0000 1.0000 1.0000 0.0020 0.0064 0.0206 0.0673 0.2514 0.5706 0.2514 0.0673 0.0206 0.0064 0.0020 1.0000 1.0000 1.0000 1.0000 0.5072 0.1566 0.0483 0.0149 0.0046 0.0014 1.0000 1.0000 1.0000 1.0000 0.3650 0.1127 0.0348 0.0107 0.0033 0.0010 1.0000 1.0000 1.0000 0.8507 0.2626 0.0811 0.0250 0.0077 0.0024 0.0007 1.0000 1.0000 1.0000 0.6122 0.1890 0.0583 0.0180 0.0056 0.0017 1.0000 1.0000 1.0000 1.0000 0.4709 0.0744
0.2406 1.0000 1.0000 1.0000 1.0000 0.0017 0.0056 0.0181 0.0586 0.1897 0.6146 1.0000 1.0000 1.0000 0.0007 0.0024 0.0078 0.0251 0.0814 0.2636 0.8540 1.0000 1.0000 1.0000 0.0010 0.0033 0.0108 0.0349 0.1131 0.3664 1.0000 1.0000 1.0000 1.0000 0.0014 0.0046 0.0150 0.0485 0.1572 0.5091 1.0000 1.0000 1.0000 1.0000 0.0020 0.0064 0.0208 0.0670 0.2188 0.8174 1.0000 0.8174 0.2188 0.0670 0.0208 0.0064 0.0020 1.0000 1.0000 1.0000 1.0000 0.5091 0.1572 0.0485 0.0150 0.0046 0.0014 1.0000 1.0000 1.0000 1.0000 0.3664 0.1131 0.0349 0.0108 0.0033 0.0010 1.0000 1.0000 1.0000 0.8540 0.2636 0.0814 0.0251 0.0078 0.0024 0.0007 1.0000 1.0000 1.0000 0.6146 0.1897 0.0586 0.0181 0.0056 0.0017 1.0000 1.0000 1.0000 1.0000 0.2406
0.7795 1.0000 1.0000 1.0000 0.0017 0.0056 0.0182 0.0589 0.1908 0.6181 1.0000 1.0000 1.0000 0.0007 0.0024 0.0078 0.0253 0.0819 0.2651 0.8589 1.0000 1.0000 1.0000 0.0010 0.0033 0.0108 0.0351 0.1137 0.3685 1.0000 1.0000 1.0000 1.0000 0.0014 0.0047 0.0151 0.0488 0.1581 0.5120 1.0000 1.0000 1.0000 1.0000 0.0020 0.0065 0.0209 0.0677 0.2184 0.7128 1.0000 1.0000 1.0000 0.7128 0.2184 0.0677 0.0209 0.0065 0.0020 1.0000 1.0000 1.0000 1.0000 0.5120 0.1581 0.0488 0.0151 0.0047 0.0014 1.0000 1.0000 1.0000 1.0000 0.3685 0.1137 0.0351 0.0108 0.0033 0.0010 1.0000 1.0000 1.0000 0.8589 0.2651 0.0819 0.0253 0.0078 0.0024 0.0007 1.0000 1.0000 1.0000 0.6181 0.1908 0.0589 0.0182 0.0056 0.0017 1.0000 1.0000 1.0000 0.7795
1.0000 1.0000 1.0000 0.0017 0.0056 0.0182 0.0591 0.1915 0.6216 1.0000 1.0000 1.0000 0.0007 0.0024 0.0078 0.0254 0.0823 0.2667 0.8638 1.0000 1.0000 1.0000 0.0010 0.0034 0.0109 0.0353 0.1144 0.3706 1.0000 1.0000 1.0000 1.0000 0.0014 0.0047 0.0152 0.0491 0.1590 0.5149 1.0000 1.0000 1.0000 0.0006 0.0020 0.0065 0.0210 0.0681 0.2205 0.7115 1.0000 1.0000 1.0000 1.0000 1.0000 0.7115 0.2205 0.0681 0.0210 0.0065 0.0020 0.0006 1.0000 1.0000 1.0000 0.5149 0.1590 0.0491 0.0152 0.0047 0.0014 1.0000 1.0000 1.0000 1.0000 0.3706 0.1144 0.0353 0.0109 0.0034 0.0010 1.0000 1.0000 1.0000 0.8638 0.2667 0.0823 0.0254 0.0078 0.0024 0.0007 1.0000 1.0000 1.0000 0.6216 0.1915 0.0591 0.0182 0.0056 0.0017 1.0000 1.0000 1.0000
1.0000 1.0000 0.0017 0.0056 0.0181 0.0589 0.1915 0.6240 1.0000 1.0000 1.0000 0.0008 0.0024 0.0079 0.0256 0.0828 0.2682 0.8687 1.0000 1.0000 1.0000 0.0010 0.0034 0.0110 0.0355 0.1151 0.3727 1.0000 1.0000 1.0000 1.0000 0.0015 0.0047 0.0152 0.0494 0.1599 0.5179 1.0000 1.0000 1.0000 0.0006 0.0020 0.0065 0.0211 0.0685 0.2217 0.7183 1.0000 1.0000 1.0000 1.0000 1.0000 1.0000 1.0000 0.7183 0.2217 0.0685 0.0211 0.0065 0.0020 0.0006 1.0000 1.0000 1.0000 0.5179 0.1599 0.0494 0.0152 0.0047 0.0015 1.0000 1.0000 1.0000 1.0000 0.3727 0.1151 0.0355 0.0110 0.0034 0.0010 1.0000 1.0000 1.0000 0.8687 0.2682 0.0828 0.0256 0.0079 0.0024 0.0008 1.0000 1.0000 1.0000 0.6240 0.1915 0.0589 0.0181 0.0056 0.0017 1.0000 1.0000
1.0000 0.0018 0.0055 0.0180 0.0586 0.1908 0.6216 1.0000 1.0000 1.0000 0.0008 0.0025 0.0079 0.0257 0.0833 0.2697 0.8737 1.0000 1.0000 1.0000 0.0011 0.0034 0.0110 0.0357 0.1157 0.3748 1.0000 1.0000 1.0000 1.0000 0.0015 0.0047 0.0153 0.0496 0.1608 0.5208 1.0000 1.0000 1.0000 0.0006 0.0020 0.0066 0.0213 0.0688 0.2230 0.7224 1.0000 1.0000 1.0000 0.0010 0.0023 0.0010 1.0000 1.0000 1.0000 0.7224 0.2230 0.0688 0.0213 0.0066 0.0020 0.0006 1.0000 1.0000 1.0000 0.5208 0.1608 0.0496 0.0153 0.0047 0.0015 1.0000 1.0000 1.0000 1.0000 0.3748 0.1157 0.0357 0.0110 0.0034 0.0011 1.0000 1.0000 1.0000 0.8737 0.2697 0.0833 0.0257 0.0079 0.0025 0.0008 1.0000 1.0000 1.0000 0.6216 0.1908 0.0586 0.0180 0.0055 0.0018 1.0000
0.0009 0.0059 0.0177 0.0583 0.1897 0.6181 1.0000 1.0000 1.0000 0.0008 0.0025 0.0080 0.0259 0.0837 0.2713 0.8787 1.0000 1.0000 1.0000 0.0011 0.0034 0.0111 0.0359 0.1164 0.3770 1.0000 1.0000 1.0000 1.0000 0.0015 0.0048 0.0154 0.0499 0.1617 0.5238 1.0000 1.0000 1.0000 0.0006 0.0020 0.0066 0.0214 0.0692 0.2243 0.7265 1.0000 1.0000 1.0000 0.0009 0.0033 0.0074 0.0033 0.0009 1.0000 1.0000 1.0000 0.7265 0.2243 0.0692 0.0214 0.0066 0.0020 0.0006 1.0000 1.0000 1.0000 0.5238 0.1617 0.0499 0.0154 0.0048 0.0015 1.0000 1.0000 1.0000 1.0000 0.3770 0.1164 0.0359 0.0111 0.0034 0.0011 1.0000 1.0000 1.0000 0.8787 0.2713 0.0837 0.0259 0.0080 0.0025 0.0008 1.0000 1.0000 1.0000 0.6181 0.1897 0.0583 0.0177 0.0059 0.0009
0.0030 0.0192 0.0573 0.1890 0.6146 1.0000 1.0000 1.0000 0.0008 0.0025 0.0080 0.0260 0.0842 0.2728 0.8837 1.0000 1.0000 1.0000 0.0011 0.0034 0.0112 0.0361 0.1170 0.3791 1.0000 1.0000 1.0000 1.0000 0.0015 0.0048 0.0155 0.0502 0.1626 0.5268 1.0000 1.0000 1.0000 0.0006 0.0020 0.0066 0.0215 0.0696 0.2256 0.7307 1.0000 1.0000 1.0000 0.0009 0.0029 0.0107 0.0242 0.0107 0.0029 0.0009 1.0000 1.0000 1.0000 0.7307 0.2256 0.0696 0.0215 0.0066 0.0020 0.0006 1.0000 1.0000 1.0000 0.5268 0.1626 0.0502 0.0155 0.0048 0.0015 1.0000 1.0000 1.0000 1.0000 0.3791 0.1170 0.0361 0.0112 0.0034 0.0011 1.0000 1.0000 1.0000 0.8837 0.2728 0.0842 0.0260 0.0080 0.0025 0.0008 1.0000 1.0000 1.0000 0.6146 0.1890 0.0573 0.0192 0.0030
0.0098 0.0622 0.1854 0.6122 1.0000 1.0000 1.0000 0.0008 0.0025 0.0080 0.0260 0.0845 0.2739 0.8888 1.0000 1.0000 1.0000 0.0011 0.0035 0.0112 0.0363 0.1177 0.3813 1.0000 1.0000 1.0000 1.0000 0.0015 0.0048 0.0156 0.0505 0.1636 0.5298 1.0000 1.0000 1.0000 0.0006 0.0021 0.0067 0.0216 0.0700 0.2269 0.7348 1.0000 1.0000 1.0000 0.0009 0.0029 0.0093 0.0348 0.0788 0.0348 0.0093 0.0029 0.0009 1.0000 1.0000 1.0000 0.7348 0.2269 0.0700 0.0216 0.0067 0.0021 0.0006 1.0000 1.0000 1.0000 0.5298 0.1636 0.0505 0.0156 0.0048 0.0015 1.0000 1.0000 1.0000 1.0000 0.3813 0.1177 0.0363 0.0112 0.0035 0.0011 1.0000 1.0000 1.0000 0.8888 0.2739 0.0845 0.0260 0.0080 0.0025 0.0008 1.0000 1.0000 1.0000 0.6122 0.1854 0.0622 0.0098
0.0319 0.2016 0.6007 1.0000 1.0000 1.0000 0.0007 0.0024 0.0079 0.0259 0.0842 0.2739 0.8922 1.0000 1.0000 1.0000 0.0011 0.0035 0.0113 0.0365 0.1184 0.3835 1.0000 1.0000 1.0000 1.0000 0.0015 0.0048 0.0157 0.0508 0.1645 0.5329 1.0000 1.0000 1.0000 0.0006 0.0021 0.0067 0.0217 0.0704 0.2282 0.7391 1.0000 1.0000 1.0000 0.0009 0.0029 0.0093 0.0303 0.1133 0.2572 0.1133 0.0303 0.0093 0.0029 0.0009 1.0000 1.0000 1.0000 0.7391 0.2282 0.0704 0.0217 0.0067 0.0021 0.0006 1.0000 1.0000 1.0000 0.5329 0.1645 0.0508 0.0157 0.0048 0.0015 1.0000 1.0000 1.0000 1.0000 0.3835 0.1184 0.0365 0.0113 0.0035 0.0011 1.0000 1.0000 1.0000 0.8922 0.2739 0.0842 0.0259 0.0079 0.0024 0.0007 1.0000 1.0000 1.0000 0.6007 0.2016 0.0319
0.1032 0.6531 1.0000 1.0000 1.0000 0.0007 0.0024 0.0079 0.0257 0.0837 0.2728 0.8888 1.0000 1.0000 1.0000 0.0011 0.0035 0.0113 0.0368 0.1191 0.3857 1.0000 1.0000 1.0000 1.0000 0.0015 0.0049 0.0158 0.0511 0.1654 0.5359 1.0000 1.0000 1.0000 0.0006 0.0021 0.0068 0.0219 0.0708 0.2295 0.7433 1.0000 1.0000 1.0000 0.0009 0.0029 0.0094 0.0303 0.0988 0.3692 0.8363 0.3692 0.0988 0.0303 0.0094 0.0029 0.0009 1.0000 1.0000 1.0000 0.7433 0.2295 0.0708 0.0219 0.0068 0.0021 0.0006 1.0000 1.0000 1.0000 0.5359 0.1654 0.0511 0.0158 0.0049 0.0015 1.0000 1.0000 1.0000 1.0000 0.3857 0.1191 0.0368 0.0113 0.0035 0.0011 1.0000 1.0000 1.0000 0.8888 0.2728 0.0837 0.0257 0.0079 0.0024 0.0007 1.0000 1.0000 1.0000 0.6531 0.1032
0.3344 1.0000 1.0000 1.0000 0.0007 0.0024 0.0078 0.0256 0.0833 0.2713 0.8837 1.0000 1.0000 1.0000 0.0011 0.0035 0.0114 0.0370 0.1197 0.3879 1.0000 1.0000 1.0000 1.0000 0.0015 0.0049 0.0159 0.0514 0.1664 0.5390 1.0000 1.0000 1.0000 0.0006 0.0021 0.0068 0.0220 0.0712 0.2308 0.7475 1.0000 1.0000 1.0000 0.0009 0.0029 0.0094 0.0306 0.0986 0.3219 1.0000 1.0000 1.0000 0.3219 0.0986 0.0306 0.0094 0.0029 0.0009 1.0000 1.0000 1.0000 0.7475 0.2308 0.0712 0.0220 0.0068 0.0021 0.0006 1.0000 1.0000 1.0000 0.5390 0.1664 0.0514 0.0159 0.0049 0.0015 1.0000 1.0000 1.0000 1.0000 0.3879 0.1197 0.0370 0.0114 0.0035 0.0011 1.0000 1.0000 1.0000 0.8837 0.2713 0.0833 0.0256 0.0078 0.0024 0.0007 1.0000 1.0000 1.0000 0.3344
1.0000 1.0000 1.0000 0.0007 0.0024 0.0078 0.0254 0.0828 0.2697 0.8787 1.0000 1.0000 1.0000 0.0011 0.0035 0.0115 0.0371 0.1204 0.3901 1.0000 1.0000 1.0000 1.0000 0.0015 0.0049 0.0159 0.0517 0.1673 0.5421 1.0000 1.0000 1.0000 0.0007 0.0021 0.0068 0.0221 0.0717 0.2321 0.7518 1.0000 1.0000 1.0000 0.0009 0.0029 0.0095 0.0307 0.0996 0.3213 1.0000 1.0000 1.0000 1.0000 1.0000 0.3213 0.0996 0.0307 0.0095 0.0029 0.0009 1.0000 1.0000 1.0000 0.7518 0.2321 0.0717 0.0221 0.0068 0.0021 0.0007 1.0000 1.0000 1.0000 0.5421 0.1673 0.0517 0.0159 0.0049 0.0015 1.0000 1.0000 1.0000 1.0000 0.3901 0.1204 0.0371 0.0115 0.0035 0.0011 1.0000 1.0000 1.0000 0.8787 0.2697 0.0828 0.0254 0.0078 0.0024 0.0007 1.0000 1.0000 1.0000
1.0000 1.0000 0.0007 0.0024 0.0078 0.0253 0.0823 0.2682 0.8737 1.0000 1.0000 1.0000 0.0011 0.0035 0.0114 0.0371 0.1209 0.3916 1.0000 1.0000 1.0000 1.0000 0.0015 0.0050 0.0160 0.0520 0.1683 0.5452 1.0000 1.0000 1.0000 0.0007 0.0021 0.0069 0.0222 0.0721 0.2334 0.7561 1.0000 1.0000 1.0000 0.0009 0.0029 0.0095 0.0309 0.1001 0.3244 1.0000 1.0000 1.0000 1.0000 1.0000 1.0000 1.0000 0.3244 0.1001 0.0309 0.0095 0.0029 0.0009 1.0000 1.0000 1.0000 0.7561 0.2334 0.0721 0.0222 0.0069 0.0021 0.0007 1.0000 1.0000 1.0000 0.5452 0.1683 0.0520 0.0160 0.0050 0.0015 1.0000 1.0000 1.0000 1.0000 0.3916 0.1209 0.0371 0.0114 0.0035 0.0011 1.0000 1.0000 1.0000 0.8737 0.2682 0.0823 0.0253 0.0078 0.0024 0.0007 1.0000 1.0000
1.0000 0.0008 0.0023 0.0077 0.0251 0.0819 0.2667 0.8687 1.0000 1.0000 1.0000 0.0011 0.0035 0.0113 0.0370 0.1204 0.3916 1.0000 1.0000 1.0000 1.0000 0.0015 0.0050 0.0161 0.0523 0.1693 0.5483 1.0000 1.0000 1.0000 0.0007 0.0021 0.0069 0.0224 0.0725 0.2348 0.7604 1.0000 1.0000 1.0000 0.0009 0.0030 0.0096 0.0311 0.1007 0.3262 1.0000 1.0000 1.0000 1.0000 0.0010 1.0000 1.0000 1.0000 1.0000 0.3262 0.1007 0.0311 0.0096 0.0030 0.0009 1.0000 1.0000 1.0000 0.7604 0.2348 0.0725 0.0224 0.0069 0.0021 0.0007 1.0000 1.0000 1.0000 0.5483 0.1693 0.0523 0.0161 0.0050 0.0015 1.0000 1.0000 1.0000 1.0000 0.3916 0.1204 0.0370 0.0113 0.0035 0.0011 1.0000 1.0000 1.0000 0.8687 0.2667 0.0819 0.0251 0.0077 0.0023 0.0008 1.0000
0.0004 0.0025 0.0076 0.0250 0.0814 0.2651 0.8638 1.0000 1.0000 1.0000 0.0011 0.0035 0.0113 0.0368 0.1197 0.3901 1.0000 1.0000 1.0000 1.0000 0.0015 0.0050 0.0162 0.0526 0.1702 0.5514 1.0000 1.0000 1.0000 0.0007 0.0021 0.0069 0.0225 0.0729 0.2361 0.7648 1.0000 1.0000 1.0000 0.0009 0.0030 0.0097 0.0313 0.1013 0.3281 1.0000 1.0000 1.0000 1.0000 0.0015 0.0034 0.0015 1.0000 1.0000 1.0000 1.0000 0.3281 0.1013 0.0313 0.0097 0.0030 0.0009 1.0000 1.0000 1.0000 0.7648 0.2361 0.0729 0.0225 0.0069 0.0021 0.0007 1.0000 1.0000 1.0000 0.5514 0.1702 0.0526 0.0162 0.0050 0.0015 1.0000 1.0000 1.0000 1.0000 0.3901 0.1197 0.0368 0.0113 0.0035 0.0011 1.0000 1.0000 1.0000 0.8638 0.2651 0.0814 0.0250 0.0076 0.0025 0.0004
0.0013 0.0082 0.0246 0.0811 0.2636 0.8589 1.0000 1.0000 1.0000 0.0011 0.0034 0.0112 0.0365 0.1191 0.3879 1.0000 1.0000 1.0000 1.0000 0.0016 0.0050 0.0163 0.0529 0.1712 0.5546 1.0000 1.0000 1.0000 0.0007 0.0022 0.0070 0.0226 0.0733 0.2375 0.7692 1.0000 1.0000 1.0000 0.0009 0.0030 0.0097 0.0314 0.1019 0.3300 1.0000 1.0000 1.0000 1.0000 0.0013 0.0048 0.0109 0.0048 0.0013 1.0000 1.0000 1.0000 1.0000 0.3300 0.1019 0.0314 0.0097 0.0030 0.0009 1.0000 1.0000 1.0000 0.7692 0.2375 0.0733 0.0226 0.0070 0.0022 0.0007 1.0000 1.0000 1.0000 0.5546 0.1712 0.0529 0.0163 0.0050 0.0016 1.0000 1.0000 1.0000 1.0000 0.3879 0.1191 0.0365 0.0112 0.0034 0.0011 1.0000 1.0000 1.0000 0.8589 0.2636 0.0811 0.0246 0.0082 0.0013
0.0042 0.0267 0.0796 0.2626 0.8540 1.0000 1.0000 1.0000 0.0011 0.0034 0.0112 0.0363 0.1184 0.3857 1.0000 1.0000 1.0000 1.0000 0.0015 0.0050 0.0164 0.0531 0.1722 0.5577 1.0000 1.0000 1.0000 0.0007 0.0022 0.0070 0.0228 0.0737 0.2388 0.7736 1.0000 1.0000 1.0000 0.0009 0.0030 0.0098 0.0316 0.1025 0.3319 1.0000 1.0000 1.0000 1.0000 0.0013 0.0042 0.0157 0.0357 0.0157 0.0042 0.0013 1.0000 1.0000 1.0000 1.0000 0.3319 0.1025 0.0316 0.0098 0.0030 0.0009 1.0000 1.0000 1.0000 0.7736 0.2388 0.0737 0.0228 0.0070 0.0022 0.0007 1.0000 1.0000 1.0000 0.5577 0.1722 0.0531 0.0164 0.0050 0.0015 1.0000 1.0000 1.0000 1.0000 0.3857 0.1184 0.0363 0.0112 0.0034 0.0011 1.0000 1.0000 1.0000 0.8540 0.2626 0.0796 0.0267 0.0042
0.0137 0.0865 0.2577 0.8507 1.0000 1.0000 1.0000 0.0010 0.0034 0.0111 0.0361 0.1177 0.3835 1.0000 1.0000 1.0000 1.0000 0.0015 0.0050 0.0163 0.0531 0.1728 0.5599 1.0000 1.0000 1.0000 0.0007 0.0022 0.0071 0.0229 0.0741 0.2402 0.7780 1.0000 1.0000 1.0000 0.0009 0.0030 0.0098 0.0318 0.1030 0.3338 1.0000 1.0000 1.0000 1.0000 0.0013 0.0042 0.0137 0.0512 0.1159 0.0512 0.0137 0.0042 0.0013 1.0000 1.0000 1.0000 1.0000 0.3338 0.1030 0.0318 0.0098 0.0030 0.0009 1.0000 1.0000 1.0000 0.7780 0.2402 0.0741 0.0229 0.0071 0.0022 0.0007 1.0000 1.0000 1.0000 0.5599 0.1728 0.0531 0.0163 0.0050 0.0015 1.0000 1.0000 1.0000 1.0000 0.3835 0.1177 0.0361 0.0111 0.0034 0.0010 1.0000 1.0000 1.0000 0.8507 0.2577 0.0865 0.0137
0.0443 0.2802 0.8347 1.0000 1.0000 1.0000 0.0010 0.0034 0.0110 0.0359 0.1170 0.3813 1.0000 1.0000 1.0000 1.0000 0.0015 0.0050 0.0162 0.0529 0.1722 0.5599 1.0000 1.0000 1.0000 0.0007 0.0022 0.0071 0.0230 0.0746 0.2416 0.7824 1.0000 1.0000 1.0000 0.0009 0.0030 0.0099 0.0320 0.1036 0.3357 1.0000 1.0000 1.0000 1.0000 0.0013 0.0042 0.0137 0.0446 0.1667 0.3784 0.1667 0.0446 0.0137 0.0042 0.0013 1.0000 1.0000 1.0000 1.0000 0.3357 0.1036 0.0320 0.0099 0.0030 0.0009 1.0000 1.0000 1.0000 0.7824 0.2416 0.0746 0.0230 0.0071 0.0022 0.0007 1.0000 1.0000 1.0000 0.5599 0.1722 0.0529 0.0162 0.0050 0.0015 1.0000 1.0000 1.0000 1.0000 0.3813 0.1170 0.0359 0.0110 0.0034 0.0010 1.0000 1.0000 1.0000 0.8347 0.2802 0.0443
0.1435 0.9076 1.0000 1.0000 1.0000 0.0010 0.0034 0.0110 0.0357 0.1164 0.3791 1.0000 1.0000 1.0000 1.0000 0.0015 0.0050 0.0161 0.0526 0.1712 0.5577 1.0000 1.0000 1.0000 0.0007 0.0022 0.0071 0.0232 0.0750 0.2429 0.7869 1.0000 1.0000 1.0000 0.0009 0.0031 0.0099 0.0322 0.1042 0.3376 1.0000 1.0000 1.0000 1.0000 0.0013 0.0043 0.0138 0.0445 0.1454 0.5431 1.0000 0.5431 0.1454 0.0445 0.0138 0.0043 0.0013 1.0000 1.0000 1.0000 1.0000 0.3376 0.1042 0.0322 0.0099 0.0031 0.0009 1.0000 1.0000 1.0000 0.7869 0.2429 0.0750 0.0232 0.0071 0.0022 0.0007 1.0000 1.0000 1.0000 0.5577 0.1712 0.0526 0.0161 0.0050 0.0015 1.0000 1.0000 1.0000 1.0000 0.3791 0.1164 0.0357 0.0110 0.0034 0.0010 1.0000 1.0000 1.0000 0.9076 0.1435
0.4647 1.0000 1.0000 1.0000 0.0010 0.0033 0.0109 0.0355 0.1157 0.3770 1.0000 1.0000 1.0000 1.0000 0.0015 0.0049 0.0160 0.0523 0.1702 0.5546 1.0000 1.0000 1.0000 0.0007 0.0022 0.0072 0.0233 0.0754 0.2443 0.7914 1.0000 1.0000 1.0000 0.0010 0.0031 0.0100 0.0324 0.1048 0.3395 1.0000 1.0000 1.0000 1.0000 0.0013 0.0043 0.0139 0.0450 0.1451 0.4736 1.0000 1.0000 1.0000 0.4736 0.1451 0.0450 0.0139 0.0043 0.0013 1.0000 1.0000 1.0000 1.0000 0.3395 0.1048 0.0324 0.0100 0.0031 0.0010 1.0000 1.0000 1.0000 0.7914 0.2443 0.0754 0.0233 0.0072 0.0022 0.0007 1.0000 1.0000 1.0000 0.5546 0.1702 0.0523 0.0160 0.0049 0.0015 1.0000 1.0000 1.0000 1.0000 0.3770 0.1157 0.0355 0.0109 0.0033 0.0010 1.0000 1.0000 1.0000 0.4647
1.0000 1.0000 1.0000 0.0010 0.0033 0.0108 0.0353 0.1151 0.3748 1.0000 1.0000 1.0000 1.0000 0.0015 0.0049 0.0159 0.0520 0.1693 0.5514 1.0000 1.0000 1.0000 0.0007 0.0022 0.0072 0.0234 0.0757 0.2457 0.7960 1.0000 1.0000 1.0000 0.0010 0.0031 0.0100 0.0325 0.1054 0.3415 1.0000 1.0000 1.0000 1.0000 0.0013 0.0043 0.0140 0.0452 0.1465 0.4727 1.0000 1.0000 1.0000 1.0000 1.0000 0.4727 0.1465 0.0452 0.0140 0.0043 0.0013 1.0000 1.0000 1.0000 1.0000 0.3415 0.1054 0.0325 0.0100 0.0031 0.0010 1.0000 1.0000 1.0000 0.7960 0.2457 0.0757 0.0234 0.0072 0.0022 0.0007 1.0000 1.0000 1.0000 0.5514 0.1693 0.0520 0.0159 0.0049 0.0015 1.0000 1.0000 1.0000 1.0000 0.3748 0.1151 0.0353 0.0108 0.0033 0.0010 1.0000 1.0000 1.0000
1.0000 1.0000 0.0010 0.0033 0.0108 0.0351 0.1144 0.3727 1.0000 1.0000 1.0000 1.0000 0.0015 0.0049 0.0159 0.0517 0.1683 0.5483 1.0000 1.0000 1.0000 0.0007 0.0022 0.0071 0.0233 0.0757 0.2467 0.7990 1.0000 1.0000 1.0000 0.0010 0.0031 0.0101 0.0327 0.1060 0.3434 1.0000 1.0000 1.0000 1.0000 0.0013 0.0043 0.0140 0.0455 0.1473 0.4772 1.0000 1.0000 1.0000 1.0000 1.0000 1.0000 1.0000 0.4772 0.1473 0.0455 0.0140 0.0043 0.0013 1.0000 1.0000 1.0000 1.0000 0.3434 0.1060 0.0327 0.0101 0.0031 0.0010 1.0000 1.0000 1.0000 0.7990 0.2467 0.0757 0.0233 0.0071 0.0022 0.0007 1.0000 1.0000 1.0000 0.5483 0.1683 0.0517 0.0159 0.0049 0.0015 1.0000 1.0000 1.0000 1.0000 0.3727 0.1144 0.0351 0.0108 0.0033 0.0010 1.0000 1.0000
1.0000 0.0011 0.0033 0.0107 0.0349 0.1137 0.3706 1.0000 1.0000 1.0000 1.0000 0.0015 0.0048 0.0158 0.0514 0.1673 0.5452 1.0000 1.0000 1.0000 0.0007 0.0022 0.0071 0.0232 0.0754 0.2457 0.7990 1.0000 1.0000 1.0000 0.0010 0.0031 0.0102 0.0329 0.1066 0.3454 1.0000 1.0000 1.0000 1.0000 0.0013 0.0044 0.0141 0.0457 0.1482 0.4799 1.0000 1.0000 1.0000 1.0000 0.0015 1.0000 1.0000 1.0000 1.0000 0.4799 0.1482 0.0457 0.0141 0.0044 0.0013 1.0000 1.0000 1.0000 1.0000 0.3454 0.1066 0.0329 0.0102 0.0031 0.0010 1.0000 1.0000 1.0000 0.7990 0.2457 0.0754 0.0232 0.0071 0.0022 0.0007 1.0000 1.0000 1.0000 0.5452 0.1673 0.0514 0.0158 0.0048 0.0015 1.0000 1.0000 1.0000 1.0000 0.3706 0.1137 0.0349 0.0107 0.0033 0.0011 1.0000
0.0006 0.0035 0.0105 0.0348 0.1131 0.3685 1.0000 1.0000 1.0000 1.0000 0.0015 0.0048 0.0157 0.0511 0.1664 0.5421 1.0000 1.0000 1.0000 0.0007 0.0022 0.0071 0.0230 0.0750 0.2443 0.7960 1.0000 1.0000 1.0000 0.0010 0.0032 0.0102 0.0331 0.1072 0.3474 1.0000 1.0000 1.0000 1.0000 0.0014 0.0044 0.0142 0.0460 0.1490 0.4827 1.0000 1.0000 1.0000 1.0000 0.0022 0.0049 0.0022 1.0000 1.0000 1.0000 1.0000 0.4827 0.1490 0.0460 0.0142 0.0044 0.0014 1.0000 1.0000 1.0000 1.0000 0.3474 0.1072 0.0331 0.0102 0.0032 0.0010 1.0000 1.0000 1.0000 0.7960 0.2443 0.0750 0.0230 0.0071 0.0022 0.0007 1.0000 1.0000 1.0000 0.5421 0.1664 0.0511 0.0157 0.0048 0.0015 1.0000 1.0000 1.0000 1.0000 0.3685 0.1131 0.0348 0.0105 0.0035 0.0006
0.0018 0.0115 0.0341 0.1127 0.3664 1.0000 1.0000 1.0000 1.0000 0.0015 0.0048 0.0156 0.0508 0.1654 0.5390 1.0000 1.0000 1.0000 0.0007 0.0022 0.0070 0.0229 0.0746 0.2429 0.7914 1.0000 1.0000 1.0000 0.0010 0.0032 0.0103 0.0333 0.1078 0.3493 1.0000 1.0000 1.0000 1.0000 0.0014 0.0044 0.0143 0.0463 0.1499 0.4854 1.0000 1.0000 1.0000 1.0000 0.0019 0.0071 0.0161 0.0071 0.0019 1.0000 1.0000 1.0000 1.0000 0.4854 0.1499 0.0463 0.0143 0.0044 0.0014 1.0000 1.0000 1.0000 1.0000 0.3493 0.1078 0.0333 0.0103 0.0032 0.0010 1.0000 1.0000 1.0000 0.7914 0.2429 0.0746 0.0229 0.0070 0.0022 0.0007 1.0000 1.0000 1.0000 0.5390 0.1654 0.0508 0.0156 0.0048 0.0015 1.0000 1.0000 1.0000 1.0000 0.3664 0.1127 0.0341 0.0115 0.0018
0.0059 0.0371 0.1105 0.3650 1.0000 1.0000 1.0000 1.0000 0.0015 0.0048 0.0155 0.0505 0.1645 0.5359 1.0000 1.0000 1.0000 0.0007 0.0021 0.0070 0.0228 0.0741 0.2416 0.7869 1.0000 1.0000 1.0000 0.0010 0.0032 0.0103 0.0334 0.1083 0.3513 1.0000 1.0000 1.0000 1.0000 0.0014 0.0044 0.0144 0.0465 0.1507 0.4882 1.0000 1.0000 1.0000 1.0000 0.0019 0.0062 0.0231 0.0525 0.0231 0.0062 0.0019 1.0000 1.0000 1.0000 1.0000 0.4882 0.1507 0.0465 0.0144 0.0044 0.0014 1.0000 1.0000 1.0000 1.0000 0.3513 0.1083 0.0334 0.0103 0.0032 0.0010 1.0000 1.0000 1.0000 0.7869 0.2416 0.0741 0.0228 0.0070 0.0021 0.0007 1.0000 1.0000 1.0000 0.5359 0.1645 0.0505 0.0155 0.0048 0.0015 1.0000 1.0000 1.0000 1.0000 0.3650 0.1105 0.0371 0.0059
0.0190 0.1202 0.3581 1.0000 1.0000 1.0000 1.0000 0.0015 0.0047 0.0154 0.0502 0.1636 0.5329 1.0000 1.0000 1.0000 0.0007 0.0021 0.0069 0.0226 0.0737 0.2402 0.7824 1.0000 1.0000 1.0000 0.0010 0.0031 0.0102 0.0333 0.1083 0.3527 1.0000 1.0000 1.0000 1.0000 0.0014 0.0045 0.0144 0.0468 0.1516 0.4910 1.0000 1.0000 1.0000 1.0000 0.0019 0.0062 0.0202 0.0753 0.1706 0.0753 0.0202 0.0062 0.0019 1.0000 1.0000 1.0000 1.0000 0.4910 0.1516 0.0468 0.0144 0.0045 0.0014 1.0000 1.0000 1.0000 1.0000 0.3527 0.1083 0.0333 0.0102 0.0031 0.0010 1.0000 1.0000 1.0000 0.7824 0.2402 0.0737 0.0226 0.0069 0.0021 0.0007 1.0000 1.0000 1.0000 0.5329 0.1636 0.0502 0.0154 0.0047 0.0015 1.0000 1.0000 1.0000 1.0000 0.3581 0.1202 0.0190
0.0615 0.3893 1.0000 1.0000 1.0000 1.0000 0.0014 0.0047 0.0153 0.0499 0.1626 0.5298 1.0000 1.0000 1.0000 0.0007 0.0021 0.0069 0.0225 0.0733 0.2388 0.7780 1.0000 1.0000 1.0000 0.0010 0.0031 0.0102 0.0331 0.1078 0.3513 1.0000 1.0000 1.0000 1.0000 0.0014 0.0045 0.0145 0.0471 0.1525 0.4938 1.0000 1.0000 1.0000 1.0000 0.0019 0.0062 0.0201 0.0657 0.2453 0.5567 0.2453 0.0657 0.0201 0.0062 0.0019 1.0000 1.0000 1.0000 1.0000 0.4938 0.1525 0.0471 0.0145 0.0045 0.0014 1.0000 1.0000 1.0000 1.0000 0.3513 0.1078 0.0331 0.0102 0.0031 0.0010 1.0000 1.0000 1.0000 0.7780 0.2388 0.0733 0.0225 0.0069 0.0021 0.0007 1.0000 1.0000 1.0000 0.5298 0.1626 0.0499 0.0153 0.0047 0.0014 1.0000 1.0000 1.0000 1.0000 0.3893 0.0615
0.1993 1.0000 1.0000 1.0000 1.0000 0.0014 0.0047 0.0152 0.0496 0.1617 0.5268 1.0000 1.0000 1.0000 0.0006 0.0021 0.0069 0.0224 0.0729 0.2375 0.7736 1.0000 1.0000 1.0000 0.0010 0.0031 0.0101 0.0329 0.1072 0.3493 1.0000 1.0000 1.0000 1.0000 0.0014 0.0045 0.0146 0.0473 0.1533 0.4967 1.0000 1.0000 1.0000 1.0000 0.0019 0.0063 0.0203 0.0655 0.2139 0.7990 1.0000 0.7990 0.2139 0.0655 0.0203 0.0063 0.0019 1.0000 1.0000 1.0000 1.0000 0.4967 0.1533 0.0473 0.0146 0.0045 0.0014 1.0000 1.0000 1.0000 1.0000 0.3493 0.1072 0.0329 0.0101 0.0031 0.0010 1.0000 1.0000 1.0000 0.7736 0.2375 0.0729 0.0224 0.0069 0.0021 0.0006 1.0000 1.0000 1.0000 0.5268 0.1617 0.0496 0.0152 0.0047 0.0014 1.0000 1.0000 1.0000 1.0000 0.1993
0.6457 1.0000 1.0000 1.0000 0.0014 0.0047 0.0152 0.0494 0.1608 0.5238 1.0000 1.0000 1.0000 0.0006 0.0021 0.0068 0.0222 0.0725 0.2361 0.7692 1.0000 1.0000 1.0000 0.0009 0.0031 0.0100 0.0327 0.1066 0.3474 1.0000 1.0000 1.0000 1.0000 0.0014 0.0045 0.0147 0.0476 0.1542 0.4995 1.0000 1.0000 1.0000 1.0000 0.0019 0.0063 0.0204 0.0662 0.2135 0.6967 1.0000 1.0000 1.0000 0.6967 0.2135 0.0662 0.0204 0.0063 0.0019 1.0000 1.0000 1.0000 1.0000 0.4995 0.1542 0.0476 0.0147 0.0045 0.0014 1.0000 1.0000 1.0000 1.0000 0.3474 0.1066 0.0327 0.0100 0.0031 0.0009 1.0000 1.0000 1.0000 0.7692 0.2361 0.0725 0.0222 0.0068 0.0021 0.0006 1.0000 1.0000 1.0000 0.5238 0.1608 0.0494 0.0152 0.0047 0.0014 1.0000 1.0000 1.0000 0.6457
1.0000 1.0000 1.0000 0.0014 0.0046 0.0151 0.0491 0.1599 0.5208 1.0000 1.0000 1.0000 0.0006 0.0021 0.0068 0.0221 0.0721 0.2348 0.7648 1.0000 1.0000 1.0000 0.0009 0.0031 0.0100 0.0325 0.1060 0.3454 1.0000 1.0000 1.0000 1.0000 0.0014 0.0045 0.0147 0.0478 0.1548 0.5024 1.0000 1.0000 1.0000 1.0000 0.0020 0.0063 0.0205 0.0665 0.2155 0.6954 1.0000 1.0000 1.0000 1.0000 1.0000 0.6954 0.2155 0.0665 0.0205 0.0063 0.0020 1.0000 1.0000 1.0000 1.0000 0.5024 0.1548 0.0478 0.0147 0.0045 0.0014 1.0000 1.0000 1.0000 1.0000 0.3454 0.1060 0.0325 0.0100 0.0031 0.0009 1.0000 1.0000 1.0000 0.7648 0.2348 0.0721 0.0221 0.0068 0.0021 0.0006 1.0000 1.0000 1.0000 0.5208 0.1599 0.0491 0.0151 0.0046 0.0014 1.0000 1.0000 1.0000
1.0000 1.0000 0.0014 0.0046 0.0150 0.0488 0.1590 0.5179 1.0000 1.0000 1.0000 0.0006 0.0021 0.0068 0.0220 0.0717 0.2334 0.7604 1.0000 1.0000 1.0000 0.0009 0.0030 0.0099 0.0324 0.1054 0.3434 1.0000 1.0000 1.0000 1.0000 0.0014 0.0045 0.0146 0.0476 0.1548 0.5043 1.0000 1.0000 1.0000 1.0000 0.0020 0.0064 0.0207 0.0669 0.2167 0.7021 1.0000 1.0000 1.0000 1.0000 1.0000 1.0000 1.0000 0.7021 0.2167 0.0669 0.0207 0.0064 0.0020 1.0000 1.0000 1.0000 1.0000 0.5043 0.1548 0.0476 0.0146 0.0045 0.0014 1.0000 1.0000 1.0000 1.0000 0.3434 0.1054 0.0324 0.0099 0.0030 0.0009 1.0000 1.0000 1.0000 0.7604 0.2334 0.0717 0.0220 0.0068 0.0021 0.0006 1.0000 1.0000 1.0000 0.5179 0.1590 0.0488 0.0150 0.0046 0.0014 1.0000 1.0000
1.0000 0.0015 0.0045 0.0149 0.0485 0.1581 0.5149 1.0000 1.0000 1.0000 0.0006 0.0021 0.0067 0.0219 0.0712 0.2321 0.7561 1.0000 1.0000 1.0000 0.0009 0.0030 0.0099 0.0322 0.1048 0.3415 1.0000 1.0000 1.0000 1.0000 0.0014 0.0045 0.0145 0.0473 0.1542 0.5024 1.0000 1.0000 1.0000 1.0000 0.0020 0.0064 0.0208 0.0673 0.2180 0.7061 1.0000 1.0000 1.0000 0.0010 0.0022 0.0010 1.0000 1.0000 1.0000 0.7061 0.2180 0.0673 0.0208 0.0064 0.0020 1.0000 1.0000 1.0000 1.0000 0.5024 0.1542 0.0473 0.0145 0.0045 0.0014 1.0000 1.0000 1.0000 1.0000 0.3415 0.1048 0.0322 0.0099 0.0030 0.0009 1.0000 1.0000 1.0000 0.7561 0.2321 0.0712 0.0219 0.0067 0.0021 0.0006 1.0000 1.0000 1.0000 0.5149 0.1581 0.0485 0.0149 0.0045 0.0015 1.0000
0.0008 0.0049 0.0146 0.0483 0.1572 0.5120 1.0000 1.0000 1.0000 0.0006 0.0020 0.0067 0.0217 0.0708 0.2308 0.7518 1.0000 1.0000 1.0000 0.0009 0.0030 0.0098 0.0320 0.1042 0.3395 1.0000 1.0000 1.0000 1.0000 0.0014 0.0044 0.0144 0.0471 0.1533 0.4995 1.0000 1.0000 1.0000 1.0000 0.0020 0.0065 0.0209 0.0677 0.2192 0.7101 1.0000 1.0000 1.0000 0.0009 0.0032 0.0073 0.0032 0.0009 1.0000 1.0000 1.0000 0.7101 0.2192 0.0677 0.0209 0.0065 0.0020 1.0000 1.0000 1.0000 1.0000 0.4995 0.1533 0.0471 0.0144 0.0044 0.0014 1.0000 1.0000 1.0000 1.0000 0.3395 0.1042 0.0320 0.0098 0.0030 0.0009 1.0000 1.0000 1.0000 0.7518 0.2308 0.0708 0.0217 0.0067 0.0020 0.0006 1.0000 1.0000 1.0000 0.5120 0.1572 0.0483 0.0146 0.0049 0.0008
0.0025 0.0159 0.0474 0.1566 0.5091 1.0000 1.0000 1.0000 0.0006 0.0020 0.0066 0.0216 0.0704 0.2295 0.7475 1.0000 1.0000 1.0000 0.0009 0.0030 0.0098 0.0318 0.1036 0.3376 1.0000 1.0000 1.0000 1.0000 0.0014 0.0044 0.0144 0.0468 0.1525 0.4967 1.0000 1.0000 1.0000 1.0000 0.0020 0.0065 0.0210 0.0681 0.2205 0.7142 1.0000 1.0000 1.0000 0.0009 0.0028 0.0104 0.0236 0.0104 0.0028 0.0009 1.0000 1.0000 1.0000 0.7142 0.2205 0.0681 0.0210 0.0065 0.0020 1.0000 1.0000 1.0000 1.0000 0.4967 0.1525 0.0468 0.0144 0.0044 0.0014 1.0000 1.0000 1.0000 1.0000 0.3376 0.1036 0.0318 0.0098 0.0030 0.0009 1.0000 1.0000 1.0000 0.7475 0.2295 0.0704 0.0216 0.0066 0.0020 0.0006 1.0000 1.0000 1.0000 0.5091 0.1566 0.0474 0.0159 0.0025
0.0082 0.0515 0.1536 0.5072 1.0000 1.0000 1.0000 0.0006 0.0020 0.0066 0.0215 0.0700 0.2282 0.7433 1.0000 1.0000 1.0000 0.0009 0.0030 0.0097 0.0316 0.1030 0.3357 1.0000 1.0000 1.0000 1.0000 0.0013 0.0044 0.0143 0.0465 0.1516 0.4938 1.0000 1.0000 1.0000 1.0000 0.0020 0.0065 0.0210 0.0683 0.2213 0.7183 1.0000 1.0000 1.0000 0.0009 0.0028 0.0091 0.0340 0.0772 0.0340 0.0091 0.0028 0.0009 1.0000 1.0000 1.0000 0.7183 0.2213 0.0683 0.0210 0.0065 0.0020 1.0000 1.0000 1.0000 1.0000 0.4938 0.1516 0.0465 0.0143 0.0044 0.0013 1.0000 1.0000 1.0000 1.0000 0.3357 0.1030 0.0316 0.0097 0.0030 0.0009 1.0000 1.0000 1.0000 0.7433 0.2282 0.0700 0.0215 0.0066 0.0020 0.0006 1.0000 1.0000 1.0000 0.5072 0.1536 0.0515 0.0082
0.0264 0.1670 0.4976 1.0000 1.0000 1.0000 0.0006 0.0020 0.0066 0.0214 0.0696 0.2269 0.7391 1.0000 1.0000 1.0000 0.0009 0.0030 0.0097 0.0314 0.1025 0.3338 1.0000 1.0000 1.0000 1.0000 0.0013 0.0044 0.0142 0.0463 0.1507 0.4910 1.0000 1.0000 1.0000 1.0000 0.0020 0.0064 0.0209 0.0681 0.2213 0.7210 1.0000 1.0000 1.0000 0.0009 0.0028 0.0091 0.0296 0.1108 0.2509 0.1108 0.0296 0.0091 0.0028 0.0009 1.0000 1.0000 1.0000 0.7210 0.2213 0.0681 0.0209 0.0064 0.0020 1.0000 1.0000 1.0000 1.0000 0.4910 0.1507 0.0463 0.0142 0.0044 0.0013 1.0000 1.0000 1.0000 1.0000 0.3338 0.1025 0.0314 0.0097 0.0030 0.0009 1.0000 1.0000 1.0000 0.7391 0.2269 0.0696 0.0214 0.0066 0.0020 0.0006 1.0000 1.0000 1.0000 0.4976 0.1670 0.0264
0.0855 0.5400 1.0000 1.0000 1.0000 1.0000 0.0020 0.0065 0.0213 0.0692 0.2256 0.7348 1.0000 1.0000 1.0000 0.0009 0.0029 0.0096 0.0313 0.1019 0.3319 1.0000 1.0000 1.0000 1.0000 0.0013 0.0043 0.0141 0.0460 0.1499 0.4882 1.0000 1.0000 1.0000 1.0000 0.0020 0.0064 0.0208 0.0677 0.2205 0.7183 1.0000 1.0000 1.0000 0.0009 0.0028 0.0092 0.0295 0.0966 0.3608 0.8190 0.3608 0.0966 0.0295 0.0092 0.0028 0.0009 1.0000 1.0000 1.0000 0.7183 0.2205 0.0677 0.0208 0.0064 0.0020 1.0000 1.0000 1.0000 1.0000 0.4882 0.1499 0.0460 0.0141 0.0043 0.0013 1.0000 1.0000 1.0000 1.0000 0.3319 0.1019 0.0313 0.0096 0.0029 0.0009 1.0000 1.0000 1.0000 0.7348 0.2256 0.0692 0.0213 0.0065 0.0020 1.0000 1.0000 1.0000 1.0000 0.5400 0.0855
0.2770 1.0000 1.0000 1.0000 1.0000 0.0020 0.0065 0.0211 0.0688 0.2243 0.7307 1.0000 1.0000 1.0000 0.0009 0.0029 0.0095 0.0311 0.1013 0.3300 1.0000 1.0000 1.0000 1.0000 0.0013 0.0043 0.0140 0.0457 0.1490 0.4854 1.0000 1.0000 1.0000 1.0000 0.0019 0.0063 0.0207 0.0673 0.2192 0.7142 1.0000 1.0000 1.0000 0.0009 0.0028 0.0092 0.0299 0.0964 0.3146 1.0000 1.0000 1.0000 0.3146 0.0964 0.0299 0.0092 0.0028 0.0009 1.0000 1.0000 1.0000 0.7142 0.2192 0.0673 0.0207 0.0063 0.0019 1.0000 1.0000 1.0000 1.0000 0.4854 0.1490 0.0457 0.0140 0.0043 0.0013 1.0000 1.0000 1.0000 1.0000 0.3300 0.1013 0.0311 0.0095 0.0029 0.0009 1.0000 1.0000 1.0000 0.7307 0.2243 0.0688 0.0211 0.0065 0.0020 1.0000 1.0000 1.0000 1.0000 0.2770
0.8973 1.0000 1.0000 1.0000 0.0020 0.0065 0.0210 0.0685 0.2230 0.7265 1.0000 1.0000 1.0000 0.0009 0.0029 0.0095 0.0309 0.1007 0.3281 1.0000 1.0000 1.0000 1.0000 0.0013 0.0043 0.0140 0.0455 0.1482 0.4827 1.0000 1.0000 1.0000 1.0000 0.0019 0.0063 0.0205 0.0669 0.2180 0.7101 1.0000 1.0000 1.0000 0.0009 0.0028 0.0093 0.0300 0.0973 0.3135 1.0000 1.0000 1.0000 1.0000 1.0000 0.3135 0.0973 0.0300 0.0093 0.0028 0.0009 1.0000 1.0000 1.0000 0.7101 0.2180 0.0669 0.0205 0.0063 0.0019 1.0000 1.0000 1.0000 1.0000 0.4827 0.1482 0.0455 0.0140 0.0043 0.0013 1.0000 1.0000 1.0000 1.0000 0.3281 0.1007 0.0309 0.0095 0.0029 0.0009 1.0000 1.0000 1.0000 0.7265 0.2230 0.0685 0.0210 0.0065 0.0020 1.0000 1.0000 1.0000 0.8973
1.0000 1.0000 1.0000 0.0020 0.0064 0.0209 0.0681 0.2217 0.7224 1.0000 1.0000 1.0000 0.0009 0.0029 0.0094 0.0307 0.1001 0.3262 1.0000 1.0000 1.0000 1.0000 0.0013 0.0043 0.0139 0.0452 0.1473 0.4799 1.0000 1.0000 1.0000 1.0000 0.0019 0.0063 0.0204 0.0665 0.2167 0.7061 1.0000 1.0000 1.0000 0.0009 0.0028 0.0092 0.0300 0.0977 0.3164 1.0000 1.0000 1.0000 1.0000 1.0000 1.0000 1.0000 0.3171 0.0977 0.0300 0.0092 0.0028 0.0009 1.0000 1.0000 1.0000 0.7061 0.2167 0.0665 0.0204 0.0063 0.0019 1.0000 1.0000 1.0000 1.0000 0.4799 0.1473 0.0452 0.0139 0.0043 0.0013 1.0000 1.0000 1.0000 1.0000 0.3262 0.1001 0.0307 0.0094 0.0029 0.0009 1.0000 1.0000 1.0000 0.7224 0.2217 0.0681 0.0209 0.0064 0.0020 1.0000 1.0000 1.0000
1.0000 1.0000 0.0019 0.0064 0.0208 0.0677 0.2205 0.7183 1.0000 1.0000 1.0000 0.0009 0.0029 0.0094 0.0306 0.0996 0.3244 1.0000 1.0000 1.0000 1.0000 0.0013 0.0042 0.0138 0.0450 0.1465 0.4772 1.0000 1.0000 1.0000 1.0000 0.0019 0.0062 0.0203 0.0662 0.2155 0.7021 1.0000 1.0000 1.0000 0.0009 0.0028 0.0092 0.0299 0.0973 0.3164 1.0000 1.0000 1.0000 1.0000 0.0010 1.0000 1.0000 1.0000 1.0000 0.3171 0.0973 0.0299 0.0092 0.0028 0.0009 1.0000 1.0000 1.0000 0.7021 0.2155 0.0662 0.0203 0.0062 0.0019 1.0000 1.0000 1.0000 1.0000 0.4772 0.1465 0.0450 0.0138 0.0042 0.0013 1.0000 1.0000 1.0000 1.0000 0.3244 0.0996 0.0306 0.0094 0.0029 0.0009 1.0000 1.0000 1.0000 0.7183 0.2205 0.0677 0.0208 0.0064 0.0019 1.0000 1.0000
1.0000 0.0021 0.0063 0.0207 0.0673 0.2192 0.7142 1.0000 1.0000 1.0000 0.0009 0.0029 0.0093 0.0304 0.0990 0.3225 1.0000 1.0000 1.0000 1.0000 0.0013 0.0042 0.0137 0.0447 0.1457 0.4745 1.0000 1.0000 1.0000 1.0000 0.0019 0.0062 0.0202 0.0658 0.2143 0.6981 1.0000 1.0000 1.0000 0.0009 0.0028 0.0091 0.0297 0.0968 0.3152 1.0000 1.0000 1.0000 1.0000 0.0014 0.0033 0.0014 1.0000 1.0000 1.0000 1.0000 0.3135 0.0964 0.0295 0.0091 0.0028 0.0009 1.0000 1.0000 1.0000 0.6954 0.2135 0.0655 0.0201 0.0062 0.0019 1.0000 1.0000 1.0000 1.0000 0.4727 0.1451 0.0445 0.0137 0.0042 0.0013 1.0000 1.0000 1.0000 1.0000 0.3213 0.0986 0.0303 0.0093 0.0029 0.0009 1.0000 1.0000 1.0000 0.7115 0.2184 0.0670 0.0206 0.0062 0.0021 1.0000
0.0011 0.0068 0.0203 0.0670 0.2180 0.7101 1.0000 1.0000 1.0000 0.0009 0.0028 0.0093 0.0302 0.0984 0.3207 1.0000 1.0000 1.0000 1.0000 0.0013 0.0042 0.0136 0.0445 0.1448 0.4718 1.0000 1.0000 1.0000 1.0000 0.0019 0.0062 0.0201 0.0654 0.2131 0.6941 1.0000 1.0000 1.0000 0.0009 0.0028 0.0091 0.0295 0.0962 0.3135 1.0000 1.0000 1.0000 1.0000 0.0013 0.0047 0.0107 0.0048 0.0013 1.0000 1.0000 1.0000 1.0000 0.3146 0.0966 0.0296 0.0091 0.0028 0.0009 1.0000 1.0000 1.0000 0.6967 0.2139 0.0657 0.0202 0.0062 0.0019 1.0000 1.0000 1.0000 1.0000 0.4736 0.1454 0.0446 0.0137 0.0042 0.0013 1.0000 1.0000 1.0000 1.0000 0.3219 0.0988 0.0303 0.0093 0.0029 0.0009 1.0000 1.0000 1.0000 0.7128 0.2188 0.0673 0.0204 0.0068 0.0011
0.0035 0.0221 0.0658 0.2172 0.7061 1.0000 1.0000 1.0000 0.0009 0.0028 0.0092 0.0300 0.0979 0.3189 1.0000 1.0000 1.0000 1.0000 0.0013 0.0042 0.0136 0.0442 0.1440 0.4691 1.0000 1.0000 1.0000 1.0000 0.0019 0.0061 0.0200 0.0650 0.2119 0.6901 1.0000 1.0000 1.0000 0.0008 0.0028 0.0090 0.0294 0.0957 0.3117 1.0000 1.0000 1.0000 1.0000 0.0012 0.0040 0.0152 0.0369 0.0185 0.0048 0.0014 1.0000 1.0000 1.0000 1.0000 0.3608 0.1108 0.0340 0.0104 0.0032 0.0010 1.0000 1.0000 1.0000 0.7990 0.2453 0.0753 0.0231 0.0071 0.0022 1.0000 1.0000 1.0000 1.0000 0.5431 0.1667 0.0512 0.0157 0.0048 0.0015 1.0000 1.0000 1.0000 1.0000 0.3692 0.1133 0.0348 0.0107 0.0033 0.0010 1.0000 1.0000 1.0000 0.8174 0.2514 0.0763 0.0257 0.0041
0.0113 0.0715 0.2131 0.7034 1.0000 1.0000 1.0000 0.0009 0.0028 0.0092 0.0299 0.0973 0.3171 1.0000 1.0000 1.0000 1.0000 0.0013 0.0041 0.0135 0.0440 0.1432 0.4664 1.0000 1.0000 1.0000 1.0000 0.0019 0.0061 0.0198 0.0647 0.2106 0.6862 1.0000 1.0000 1.0000 0.0008 0.0028 0.0090 0.0292 0.0951 0.3099 1.0000 1.0000 1.0000 1.0000 0.0012 0.0040 0.0131 0.0552 0.1060 0.0274 0.0107 0.0033 0.0010 1.0000 1.0000 1.0000 0.8190 0.2509 0.0772 0.0236 0.0073 0.0022 1.0000 1.0000 1.0000 1.0000 0.5567 0.1706 0.0525 0.0161 0.0049 0.0015 1.0000 1.0000 1.0000 1.0000 0.3784 0.1159 0.0357 0.0109 0.0034 0.0010 1.0000 1.0000 1.0000 0.8363 0.2572 0.0788 0.0242 0.0074 0.0023 1.0000 1.0000 1.0000 1.0000 0.5706 0.1735 0.0586 0.0098
0.0365 0.2312 0.6901 1.0000 1.0000 1.0000 0.0009 0.0028 0.0091 0.0297 0.0968 0.3152 1.0000 1.0000 1.0000 1.0000 0.0013 0.0041 0.0134 0.0437 0.1424 0.4638 1.0000 1.0000 1.0000 1.0000 0.0019 0.0061 0.0197 0.0643 0.2094 0.6823 1.0000 1.0000 1.0000 0.0008 0.0027 0.0089 0.0290 0.0946 0.3081 1.0000 1.0000 1.0000 1.0000 0.0012 0.0040 0.0130 0.0447 0.1765 0.0636 0.0041 0.0045 0.0015 1.0000 1.0000 1.0000 1.0000 0.3608 0.1108 0.0340 0.0104 0.0032 0.0010 1.0000 1.0000 1.0000 0.7990 0.2453 0.0753 0.0231 0.0071 0.0022 1.0000 1.0000 1.0000 1.0000 0.5431 0.1667 0.0512 0.0157 0.0048 0.0015 1.0000 1.0000 1.0000 1.0000 0.3692 0.1133 0.0348 0.0107 0.0033 0.0010 1.0000 1.0000 1.0000 0.8174 0.2514 0.0763 0.0257 0.0041
0.1179 0.7461 1.0000 1.0000 1.0000 0.0008 0.0028 0.0090 0.0294 0.0957 0.3117 1.0000 1.0000 1.0000 1.0000 0.0012 0.0041 0.0133 0.0432 0.1408 0.4585 1.0000 1.0000 1.0000 1.0000 0.0018 0.0060 0.0195 0.0636 0.2071 0.6746 1.0000 1.0000 1.0000 0.0008 0.0027 0.0088 0.0287 0.0935 0.3046 0.9924 1.0000 1.0000 1.0000 0.0012 0.0040 0.0129 0.0421 0.1424 0.4772 0.6823 1.0000 0.0014 1.0000 1.0000 1.0000 1.0000 0.3146 0.0966 0.0296 0.0091 0.0028 0.0009 1.0000 1.0000 1.0000 0.6967 0.2139 0.0657 0.0202 0.0062 0.0019 1.0000 1.0000 1.0000 1.0000 0.4736 0.1454 0.0446 0.0137 0.0042 0.0013 1.0000 1.0000 1.0000 1.0000 0.3219 0.0988 0.0303 0.0093 0.0029 0.0009 1.0000 1.0000 1.0000 0.7128 0.2188 0.0673 0.0204 0.0068 0.0011
0.3938 1.0000 1.0000 1.0000 0.0009 0.0028 0.0091 0.0296 0.0966 0.3146 1.0000 1.0000 1.0000 1.0000 0.0013 0.0041 0.0134 0.0435 0.1418 0.4620 1.0000 1.0000 1.0000 1.0000 0.0019 0.0060 0.0197 0.0640 0.2087 0.6797 1.0000 1.0000 1.0000 0.0008 0.0027 0.0089 0.0289 0.0942 0.3070 1.0000 1.0000 1.0000 1.0000 0.0012 0.0040 0.0131 0.0426 0.1384 0.4638 1.0000 1.0000 1.0000 1.0000 1.0000 1.0000 1.0000 0.3135 0.0964 0.0295 0.0091 0.0028 0.0009 1.0000 1.0000 1.0000 0.6954 0.2135 0.0655 0.0201 0.0062 0.0019 1.0000 1.0000 1.0000 1.0000 0.4727 0.1451 0.0445 0.0137 0.0042 0.0013 1.0000 1.0000 1.0000 1.0000 0.3213 0.0986 0.0303 0.0093 0.0029 0.0009 1.0000 1.0000 1.0000 0.7115 0.2184 0.0670 0.0206 0.0062 0.0021 1.0000
1.0000 1.0000 1.0000 0.0010 0.0033 0.0108 0.0350 0.1142 0.3720 1.0000 1.0000 1.0000 1.0000 0.0015 0.0048 0.0158 0.0515 0.1677 0.5462 1.0000 1.0000 1.0000 1.0000 0.0022 0.0071 0.0232 0.0757 0.2467 0.8036 1.0000 1.0000 1.0000 0.0010 0.0032 0.0105 0.0342 0.1114 0.3629 1.0000 1.0000 1.0000 1.0000 0.0015 0.0047 0.0154 0.0503 0.1642 0.5349 1.0000 1.0000 1.0000 1.0000 1.0000 1.0000 1.0000 0.3171 0.0973 0.0299 0.0092 0.0028 0.0009 1.0000 1.0000 1.0000 0.7021 0.2155 0.0662 0.0203 0.0062 0.0019 1.0000 1.0000 1.0000 1.0000 0.4772 0.1465 0.0450 0.0138 0.0042 0.0013 1.0000 1.0000 1.0000 1.0000 0.3244 0.0996 0.0306 0.0094 0.0029 0.0009 1.0000 1.0000 1.0000 0.7183 0.2205 0.0677 0.0208 0.0064 0.0019 1.0000 1.0000
1.0000 1.0000 1.0000 0.0019 0.0061 0.0200 0.0652 0.2123 0.6915 1.0000 1.0000 1.0000 0.0008 0.0028 0.0090 0.0294 0.0957 0.3117 1.0000 1.0000 1.0000 1.0000 0.0012 0.0041 0.0133 0.0432 0.1408 0.4585 1.0000 1.0000 1.0000 1.0000 0.0018 0.0060 0.0195 0.0636 0.2071 0.6746 1.0000 1.0000 1.0000 0.0008 0.0027 0.0088 0.0287 0.0933 0.3029 0.9812 1.0000 1.0000 1.0000 1.0000 1.0000 1.0000 0.3171 0.0977 0.0300 0.0092 0.0028 0.0009 1.0000 1.0000 1.0000 0.7061 0.2167 0.0665 0.0204 0.0063 0.0019 1.0000 1.0000 1.0000 1.0000 0.4799 0.1473 0.0452 0.0139 0.0043 0.0013 1.0000 1.0000 1.0000 1.0000 0.3262 0.1001 0.0307 0.0094 0.0029 0.0009 1.0000 1.0000 1.0000 0.7224 0.2217 0.0681 0.0209 0.0064 0.0020 1.0000 1.0000 1.0000
