-0.0230 0.0481 0.1436 -0.0087 -0.1822 -0.2120 -0.2166 -0.1667 -0.0795 -0.0320 0.0105 0.0613 0.1362 -0.0684 -0.1922 -0.2167 -0.2096 -0.1414 -0.0637 -0.0201 0.0223 0.0840 0.1002 -0.1154 -0.2010 -0.2191 -0.1975 -0.1149 -0.0503 -0.0081 0.0351 0.1190 0.0330 -0.1596 -0.2084 -0.2186 -0.1795 -0.0910 -0.0387 0.0037 0.0507 0.1430 -0.0360 -0.1866 -0.2142 -0.2142 -0.1565 -0.0721 -0.0266 0.0199 0.0520 0.0199 -0.0266 -0.0721 -0.1565 -0.2142 -0.2142 -0.1866 -0.0360 0.1430 0.0507 0.0037 -0.0387 -0.0910 -0.1795 -0.2186 -0.2084 -0.1596 0.0330 0.1190 0.0351 -0.0081 -0.0503 -0.1149 -0.1975 -0.2191 -0.2010 -0.1154 0.1002 0.0840 0.0223 -0.0201 -0.0637 -0.1414 -0.2096 -0.2167 -0.1922 -0.0684 0.1362 0.0613 0.0105 -0.0320 -0.0795 -0.1667 -0.2166 -0.2120 -0.1822 -0.0087 0.1436 0.0481 -0.0230
0.0481 0.1717 -0.0142 -0.3188 -0.3350 -0.3175 -0.2241 -0.0740 -0.0082 0.0297 0.0782 0.1696 -0.0979 -0.3253 -0.3348 -0.3016 -0.1796 -0.0510 0.0041 0.0401 0.1020 0.1322 -0.1710 -0.3305 -0.3314 -0.2784 -0.1327 -0.0324 0.0147 0.0521 0.1420 0.0441 -0.2625 -0.3339 -0.3240 -0.2466 -0.0922 -0.0164 0.0243 0.0674 0.1736 -0.0525 -0.3217 -0.3352 -0.3115 -0.2060 -0.0631 -0.0030 0.0341 0.0874 0.1453 0.0874 0.0341 -0.0030 -0.0631 -0.2060 -0.3115 -0.3352 -0.3217 -0.0525 0.1736 0.0674 0.0243 -0.0164 -0.0922 -0.2466 -0.3240 -0.3339 -0.2625 0.0441 0.1420 0.0521 0.0147 -0.0324 -0.1327 -0.2784 -0.3314 -0.3305 -0.1710 0.1322 0.1020 0.0401 0.0041 -0.0510 -0.1796 -0.3016 -0.3348 -0.3253 -0.0979 0.1696 0.0782 0.0297 -0.0082 -0.0740 -0.2241 -0.3175 -0.3350 -0.3188 -0.0142 0.1717 0.0481
0.1436 -0.0142 -0.3189 -0.3351 -0.3171 -0.2215 -0.0716 -0.0104 0.0258 0.0786 0.1693 -0.0994 -0.3254 -0.3348 -0.3008 -0.1763 -0.0496 0.0010 0.0375 0.1025 0.1311 -0.1725 -0.3306 -0.3313 -0.2770 -0.1292 -0.0326 0.0110 0.0516 0.1431 0.0422 -0.2648 -0.3340 -0.3237 -0.2445 -0.0893 -0.0178 0.0203 0.0678 0.1737 -0.0541 -0.3219 -0.3353 -0.3109 -0.2031 -0.0610 -0.0053 0.0303 0.0886 0.1559 -0.0224 0.1559 0.0886 0.0303 -0.0053 -0.0610 -0.2031 -0.3109 -0.3353 -0.3219 -0.0541 0.1737 0.0678 0.0203 -0.0178 -0.0893 -0.2445 -0.3237 -0.3340 -0.2648 0.0422 0.1431 0.0516 0.0110 -0.0326 -0.1292 -0.2770 -0.3313 -0.3306 -0.1725 0.1311 0.1025 0.0375 0.0010 -0.0496 -0.1763 -0.3008 -0.3348 -0.3254 -0.0994 0.1693 0.0786 0.0258 -0.0104 -0.0716 -0.2215 -0.3171 -0.3351 -0.3189 -0.0142 0.1436
-0.0087 -0.3188 -0.3351 -0.3170 -0.2212 -0.0712 -0.0098 0.0263 0.0790 0.1690 -0.1007 -0.3256 -0.3348 -0.3005 -0.1757 -0.0494 0.0016 0.0378 0.1030 0.1300 -0.1739 -0.3307 -0.3312 -0.2766 -0.1286 -0.0322 0.0116 0.0519 0.1441 0.0404 -0.2667 -0.3341 -0.3236 -0.2440 -0.0889 -0.0173 0.0208 0.0681 0.1737 -0.0556 -0.3220 -0.3353 -0.3107 -0.2024 -0.0607 -0.0047 0.0307 0.0883 0.1561 -0.1368 -0.3192 -0.1368 0.1561 0.0883 0.0307 -0.0047 -0.0607 -0.2024 -0.3107 -0.3353 -0.3220 -0.0556 0.1737 0.0681 0.0208 -0.0173 -0.0889 -0.2440 -0.3236 -0.3341 -0.2667 0.0404 0.1441 0.0519 0.0116 -0.0322 -0.1286 -0.2766 -0.3312 -0.3307 -0.1739 0.1300 0.1030 0.0378 0.0016 -0.0494 -0.1757 -0.3005 -0.3348 -0.3256 -0.1007 0.1690 0.0790 0.0263 -0.0098 -0.0712 -0.2212 -0.3170 -0.3351 -0.3188 -0.0087
-0.1822 -0.3350 -0.3171 -0.2212 -0.0710 -0.0097 0.0264 0.0793 0.1687 -0.1019 -0.3257 -0.3347 -0.3001 -0.1748 -0.0490 0.0018 0.0380 0.1036 0.1288 -0.1752 -0.3308 -0.3311 -0.2761 -0.1279 -0.0319 0.0117 0.0521 0.1451 0.0386 -0.2687 -0.3341 -0.3234 -0.2433 -0.0883 -0.0171 0.0209 0.0684 0.1737 -0.0571 -0.3221 -0.3353 -0.3104 -0.2016 -0.0603 -0.0046 0.0309 0.0885 0.1577 -0.1350 -0.3298 -0.3388 -0.3298 -0.1350 0.1577 0.0885 0.0309 -0.0046 -0.0603 -0.2016 -0.3104 -0.3353 -0.3221 -0.0571 0.1737 0.0684 0.0209 -0.0171 -0.0883 -0.2433 -0.3234 -0.3341 -0.2687 0.0386 0.1451 0.0521 0.0117 -0.0319 -0.1279 -0.2761 -0.3311 -0.3308 -0.1752 0.1288 0.1036 0.0380 0.0018 -0.0490 -0.1748 -0.3001 -0.3347 -0.3257 -0.1019 0.1687 0.0793 0.0264 -0.0097 -0.0710 -0.2212 -0.3171 -0.3350 -0.1822
-0.2120 -0.3175 -0.2215 -0.0712 -0.0097 0.0265 0.0796 0.1684 -0.1032 -0.3258 -0.3347 -0.2998 -0.1740 -0.0487 0.0019 0.0382 0.1041 0.1277 -0.1766 -0.3308 -0.3310 -0.2756 -0.1271 -0.0317 0.0119 0.0524 0.1461 0.0368 -0.2708 -0.3342 -0.3232 -0.2427 -0.0877 -0.0169 0.0211 0.0687 0.1736 -0.0585 -0.3222 -0.3353 -0.3101 -0.2009 -0.0600 -0.0044 0.0311 0.0889 0.1571 -0.1338 -0.3281 -0.3354 -0.3263 -0.3354 -0.3281 -0.1338 0.1571 0.0889 0.0311 -0.0044 -0.0600 -0.2009 -0.3101 -0.3353 -0.3222 -0.0585 0.1736 0.0687 0.0211 -0.0169 -0.0877 -0.2427 -0.3232 -0.3342 -0.2708 0.0368 0.1461 0.0524 0.0119 -0.0317 -0.1271 -0.2756 -0.3310 -0.3308 -0.1766 0.1277 0.1041 0.0382 0.0019 -0.0487 -0.1740 -0.2998 -0.3347 -0.3258 -0.1032 0.1684 0.0796 0.0265 -0.0097 -0.0712 -0.2215 -0.3175 -0.2120
-0.2166 -0.2241 -0.0716 -0.0098 0.0264 0.0796 0.1683 -0.1043 -0.3259 -0.3347 -0.2994 -0.1732 -0.0484 0.0021 0.0385 0.1046 0.1265 -0.1780 -0.3309 -0.3309 -0.2751 -0.1263 -0.0314 0.0120 0.0527 0.1472 0.0350 -0.2728 -0.3342 -0.3230 -0.2420 -0.0871 -0.0167 0.0212 0.0690 0.1736 -0.0599 -0.3223 -0.3353 -0.3099 -0.2001 -0.0596 -0.0042 0.0313 0.0893 0.1564 -0.1351 -0.3281 -0.3318 -0.2901 -0.2343 -0.2901 -0.3318 -0.3281 -0.1351 0.1564 0.0893 0.0313 -0.0042 -0.0596 -0.2001 -0.3099 -0.3353 -0.3223 -0.0599 0.1736 0.0690 0.0212 -0.0167 -0.0871 -0.2420 -0.3230 -0.3342 -0.2728 0.0350 0.1472 0.0527 0.0120 -0.0314 -0.1263 -0.2751 -0.3309 -0.3309 -0.1780 0.1265 0.1046 0.0385 0.0021 -0.0484 -0.1732 -0.2994 -0.3347 -0.3259 -0.1043 0.1683 0.0796 0.0264 -0.0098 -0.0716 -0.2241 -0.2166
-0.1667 -0.0740 -0.0104 0.0263 0.0793 0.1684 -0.1043 -0.3259 -0.3347 -0.2991 -0.1724 -0.0481 0.0023 0.0387 0.1051 0.1253 -0.1793 -0.3310 -0.3308 -0.2746 -0.1256 -0.0311 0.0122 0.0529 0.1483 0.0332 -0.2749 -0.3343 -0.3229 -0.2414 -0.0865 -0.0164 0.0214 0.0693 0.1736 -0.0613 -0.3224 -0.3353 -0.3096 -0.1993 -0.0592 -0.0040 0.0315 0.0897 0.1558 -0.1364 -0.3283 -0.3334 -0.2847 -0.1453 -0.0677 -0.1453 -0.2847 -0.3334 -0.3283 -0.1364 0.1558 0.0897 0.0315 -0.0040 -0.0592 -0.1993 -0.3096 -0.3353 -0.3224 -0.0613 0.1736 0.0693 0.0214 -0.0164 -0.0865 -0.2414 -0.3229 -0.3343 -0.2749 0.0332 0.1483 0.0529 0.0122 -0.0311 -0.1256 -0.2746 -0.3308 -0.3310 -0.1793 0.1253 0.1051 0.0387 0.0023 -0.0481 -0.1724 -0.2991 -0.3347 -0.3259 -0.1043 0.1684 0.0793 0.0263 -0.0104 -0.0740 -0.1667
-0.0795 -0.0082 0.0258 0.0790 0.1687 -0.1032 -0.3259 -0.3347 -0.2990 -0.1717 -0.0478 0.0025 0.0389 0.1057 0.1241 -0.1807 -0.3311 -0.3307 -0.2741 -0.1248 -0.0308 0.0124 0.0532 0.1493 0.0313 -0.2770 -0.3343 -0.3227 -0.2407 -0.0860 -0.0162 0.0216 0.0696 0.1735 -0.0628 -0.3226 -0.3353 -0.3093 -0.1985 -0.0588 -0.0038 0.0317 0.0901 0.1551 -0.1376 -0.3284 -0.3335 -0.2892 -0.1453 -0.0330 0.0002 -0.0330 -0.1453 -0.2892 -0.3335 -0.3284 -0.1376 0.1551 0.0901 0.0317 -0.0038 -0.0588 -0.1985 -0.3093 -0.3353 -0.3226 -0.0628 0.1735 0.0696 0.0216 -0.0162 -0.0860 -0.2407 -0.3227 -0.3343 -0.2770 0.0313 0.1493 0.0532 0.0124 -0.0308 -0.1248 -0.2741 -0.3307 -0.3311 -0.1807 0.1241 0.1057 0.0389 0.0025 -0.0478 -0.1717 -0.2990 -0.3347 -0.3259 -0.1032 0.1687 0.0790 0.0258 -0.0082 -0.0795
-0.0320 0.0297 0.0786 0.1690 -0.1019 -0.3258 -0.3347 -0.2991 -0.1717 -0.0476 0.0026 0.0392 0.1062 0.1229 -0.1821 -0.3311 -0.3306 -0.2736 -0.1240 -0.0306 0.0125 0.0535 0.1504 0.0295 -0.2791 -0.3343 -0.3225 -0.2401 -0.0854 -0.0160 0.0217 0.0699 0.1735 -0.0642 -0.3227 -0.3353 -0.3090 -0.1977 -0.0584 -0.0036 0.0319 0.0906 0.1544 -0.1389 -0.3285 -0.3333 -0.2889 -0.1507 -0.0399 0.0113 0.0351 0.0113 -0.0399 -0.1507 -0.2889 -0.3333 -0.3285 -0.1389 0.1544 0.0906 0.0319 -0.0036 -0.0584 -0.1977 -0.3090 -0.3353 -0.3227 -0.0642 0.1735 0.0699 0.0217 -0.0160 -0.0854 -0.2401 -0.3225 -0.3343 -0.2791 0.0295 0.1504 0.0535 0.0125 -0.0306 -0.1240 -0.2736 -0.3306 -0.3311 -0.1821 0.1229 0.1062 0.0392 0.0026 -0.0476 -0.1717 -0.2991 -0.3347 -0.3258 -0.1019 0.1690 0.0786 0.0297 -0.0320
0.0105 0.0782 0.1693 -0.1007 -0.3257 -0.3347 -0.2994 -0.1724 -0.0478 0.0026 0.0393 0.1067 0.1216 -0.1835 -0.3312 -0.3305 -0.2731 -0.1233 -0.0303 0.0127 0.0537 0.1515 0.0277 -0.2812 -0.3344 -0.3223 -0.2394 -0.0848 -0.0157 0.0219 0.0702 0.1734 -0.0656 -0.3228 -0.3353 -0.3087 -0.1969 -0.0581 -0.0034 0.0321 0.0910 0.1537 -0.1402 -0.3286 -0.3333 -0.2884 -0.1497 -0.0399 0.0073 0.0489 0.0866 0.0489 0.0073 -0.0399 -0.1497 -0.2884 -0.3333 -0.3286 -0.1402 0.1537 0.0910 0.0321 -0.0034 -0.0581 -0.1969 -0.3087 -0.3353 -0.3228 -0.0656 0.1734 0.0702 0.0219 -0.0157 -0.0848 -0.2394 -0.3223 -0.3344 -0.2812 0.0277 0.1515 0.0537 0.0127 -0.0303 -0.1233 -0.2731 -0.3305 -0.3312 -0.1835 0.1216 0.1067 0.0393 0.0026 -0.0478 -0.1724 -0.2994 -0.3347 -0.3257 -0.1007 0.1693 0.0782 0.0105
0.0613 0.1696 -0.0994 -0.3256 -0.3347 -0.2998 -0.1732 -0.0481 0.0025 0.0392 0.1067 0.1210 -0.1846 -0.3313 -0.3304 -0.2726 -0.1225 -0.0300 0.0128 0.0540 0.1527 0.0259 -0.2833 -0.3344 -0.3221 -0.2387 -0.0843 -0.0155 0.0221 0.0705 0.1734 -0.0670 -0.3229 -0.3353 -0.3084 -0.1961 -0.0577 -0.0032 0.0323 0.0914 0.1530 -0.1414 -0.3286 -0.3332 -0.2880 -0.1486 -0.0394 0.0072 0.0458 0.1152 0.1442 0.1152 0.0458 0.0072 -0.0394 -0.1486 -0.2880 -0.3332 -0.3286 -0.1414 0.1530 0.0914 0.0323 -0.0032 -0.0577 -0.1961 -0.3084 -0.3353 -0.3229 -0.0670 0.1734 0.0705 0.0221 -0.0155 -0.0843 -0.2387 -0.3221 -0.3344 -0.2833 0.0259 0.1527 0.0540 0.0128 -0.0300 -0.1225 -0.2726 -0.3304 -0.3313 -0.1846 0.1210 0.1067 0.0392 0.0025 -0.0481 -0.1732 -0.2998 -0.3347 -0.3256 -0.0994 0.1696 0.0613
0.1362 -0.0979 -0.3254 -0.3348 -0.3001 -0.1740 -0.0484 0.0023 0.0389 0.1062 0.1216 -0.1846 -0.3313 -0.3304 -0.2722 -0.1218 -0.0297 0.0130 0.0543 0.1538 0.0241 -0.2855 -0.3344 -0.3219 -0.2381 -0.0837 -0.0153 0.0222 0.0709 0.1733 -0.0684 -0.3230 -0.3353 -0.3081 -0.1953 -0.0573 -0.0030 0.0325 0.0918 0.1523 -0.1427 -0.3287 -0.3331 -0.2875 -0.1478 -0.0391 0.0075 0.0457 0.1256 0.0750 -0.1391 0.0750 0.1256 0.0457 0.0075 -0.0391 -0.1478 -0.2875 -0.3331 -0.3287 -0.1427 0.1523 0.0918 0.0325 -0.0030 -0.0573 -0.1953 -0.3081 -0.3353 -0.3230 -0.0684 0.1733 0.0709 0.0222 -0.0153 -0.0837 -0.2381 -0.3219 -0.3344 -0.2855 0.0241 0.1538 0.0543 0.0130 -0.0297 -0.1218 -0.2722 -0.3304 -0.3313 -0.1846 0.1216 0.1062 0.0389 0.0023 -0.0484 -0.1740 -0.3001 -0.3348 -0.3254 -0.0979 0.1362
-0.0684 -0.3253 -0.3348 -0.3005 -0.1748 -0.0487 0.0021 0.0387 0.1057 0.1229 -0.1835 -0.3313 -0.3304 -0.2720 -0.1211 -0.0295 0.0132 0.0545 0.1550 0.0224 -0.2877 -0.3345 -0.3218 -0.2374 -0.0831 -0.0150 0.0224 0.0712 0.1732 -0.0698 -0.3231 -0.3352 -0.3078 -0.1945 -0.0570 -0.0028 0.0327 0.0923 0.1516 -0.1440 -0.3288 -0.3331 -0.2871 -0.1470 -0.0388 0.0077 0.0461 0.1250 0.0763 -0.2321 -0.3275 -0.2321 0.0763 0.1250 0.0461 0.0077 -0.0388 -0.1470 -0.2871 -0.3331 -0.3288 -0.1440 0.1516 0.0923 0.0327 -0.0028 -0.0570 -0.1945 -0.3078 -0.3352 -0.3231 -0.0698 0.1732 0.0712 0.0224 -0.0150 -0.0831 -0.2374 -0.3218 -0.3345 -0.2877 0.0224 0.1550 0.0545 0.0132 -0.0295 -0.1211 -0.2720 -0.3304 -0.3313 -0.1835 0.1229 0.1057 0.0387 0.0021 -0.0487 -0.1748 -0.3005 -0.3348 -0.3253 -0.0684
-0.1922 -0.3348 -0.3008 -0.1757 -0.0490 0.0019 0.0385 0.1051 0.1241 -0.1821 -0.3312 -0.3304 -0.2722 -0.1211 -0.0293 0.0133 0.0548 0.1562 0.0206 -0.2899 -0.3345 -0.3216 -0.2367 -0.0826 -0.0148 0.0225 0.0715 0.1731 -0.0711 -0.3232 -0.3352 -0.3075 -0.1937 -0.0566 -0.0026 0.0329 0.0927 0.1508 -0.1452 -0.3289 -0.3330 -0.2867 -0.1462 -0.0385 0.0079 0.0463 0.1250 0.0793 -0.2294 -0.3349 -0.3397 -0.3349 -0.2294 0.0793 0.1250 0.0463 0.0079 -0.0385 -0.1462 -0.2867 -0.3330 -0.3289 -0.1452 0.1508 0.0927 0.0329 -0.0026 -0.0566 -0.1937 -0.3075 -0.3352 -0.3232 -0.0711 0.1731 0.0715 0.0225 -0.0148 -0.0826 -0.2367 -0.3216 -0.3345 -0.2899 0.0206 0.1562 0.0548 0.0133 -0.0293 -0.1211 -0.2722 -0.3304 -0.3312 -0.1821 0.1241 0.1051 0.0385 0.0019 -0.0490 -0.1757 -0.3008 -0.3348 -0.1922
-0.2167 -0.3016 -0.1763 -0.0494 0.0018 0.0382 0.1046 0.1253 -0.1807 -0.3311 -0.3305 -0.2726 -0.1218 -0.0295 0.0133 0.0549 0.1572 0.0188 -0.2921 -0.3345 -0.3214 -0.2360 -0.0820 -0.0146 0.0227 0.0718 0.1730 -0.0725 -0.3233 -0.3352 -0.3072 -0.1929 -0.0563 -0.0024 0.0331 0.0931 0.1500 -0.1465 -0.3290 -0.3329 -0.2863 -0.1454 -0.0382 0.0080 0.0466 0.1258 0.0776 -0.2284 -0.3326 -0.3285 -0.3086 -0.3285 -0.3326 -0.2284 0.0776 0.1258 0.0466 0.0080 -0.0382 -0.1454 -0.2863 -0.3329 -0.3290 -0.1465 0.1500 0.0931 0.0331 -0.0024 -0.0563 -0.1929 -0.3072 -0.3352 -0.3233 -0.0725 0.1730 0.0718 0.0227 -0.0146 -0.0820 -0.2360 -0.3214 -0.3345 -0.2921 0.0188 0.1572 0.0549 0.0133 -0.0295 -0.1218 -0.2726 -0.3305 -0.3311 -0.1807 0.1253 0.1046 0.0382 0.0018 -0.0494 -0.1763 -0.3016 -0.2167
-0.2096 -0.1796 -0.0496 0.0016 0.0380 0.1041 0.1265 -0.1793 -0.3311 -0.3306 -0.2731 -0.1225 -0.0297 0.0132 0.0548 0.1572 0.0180 -0.2940 -0.3346 -0.3212 -0.2354 -0.0815 -0.0144 0.0229 0.0721 0.1729 -0.0739 -0.3234 -0.3352 -0.3069 -0.1921 -0.0559 -0.0022 0.0333 0.0936 0.1492 -0.1478 -0.3291 -0.3329 -0.2858 -0.1446 -0.0379 0.0082 0.0468 0.1265 0.0759 -0.2301 -0.3331 -0.3242 -0.2549 -0.1777 -0.2549 -0.3242 -0.3331 -0.2301 0.0759 0.1265 0.0468 0.0082 -0.0379 -0.1446 -0.2858 -0.3329 -0.3291 -0.1478 0.1492 0.0936 0.0333 -0.0022 -0.0559 -0.1921 -0.3069 -0.3352 -0.3234 -0.0739 0.1729 0.0721 0.0229 -0.0144 -0.0815 -0.2354 -0.3212 -0.3346 -0.2940 0.0180 0.1572 0.0548 0.0132 -0.0297 -0.1225 -0.2731 -0.3306 -0.3311 -0.1793 0.1265 0.1041 0.0380 0.0016 -0.0496 -0.1796 -0.2096
-0.1414 -0.0510 0.0010 0.0378 0.1036 0.1277 -0.1780 -0.3310 -0.3307 -0.2736 -0.1233 -0.0300 0.0130 0.0545 0.1562 0.0188 -0.2940 -0.3346 -0.3210 -0.2348 -0.0810 -0.0141 0.0230 0.0725 0.1728 -0.0753 -0.3236 -0.3352 -0.3066 -0.1913 -0.0556 -0.0020 0.0335 0.0940 0.1484 -0.1490 -0.3292 -0.3328 -0.2854 -0.1438 -0.0376 0.0084 0.0471 0.1273 0.0742 -0.2318 -0.3332 -0.3266 -0.2498 -0.0935 -0.0366 -0.0935 -0.2498 -0.3266 -0.3332 -0.2318 0.0742 0.1273 0.0471 0.0084 -0.0376 -0.1438 -0.2854 -0.3328 -0.3292 -0.1490 0.1484 0.0940 0.0335 -0.0020 -0.0556 -0.1913 -0.3066 -0.3352 -0.3236 -0.0753 0.1728 0.0725 0.0230 -0.0141 -0.0810 -0.2348 -0.3210 -0.3346 -0.2940 0.0188 0.1562 0.0545 0.0130 -0.0300 -0.1233 -0.2736 -0.3307 -0.3310 -0.1780 0.1277 0.1036 0.0378 0.0010 -0.0510 -0.1414
-0.0637 0.0041 0.0375 0.1030 0.1288 -0.1766 -0.3309 -0.3308 -0.2741 -0.1240 -0.0303 0.0128 0.0543 0.1550 0.0206 -0.2921 -0.3346 -0.3210 -0.2345 -0.0805 -0.0139 0.0232 0.0728 0.1727 -0.0766 -0.3237 -0.3352 -0.3063 -0.1904 -0.0552 -0.0018 0.0337 0.0944 0.1476 -0.1503 -0.3292 -0.3327 -0.2849 -0.1429 -0.0373 0.0086 0.0473 0.1281 0.0724 -0.2335 -0.3332 -0.3266 -0.2555 -0.0970 -0.0157 0.0110 -0.0157 -0.0970 -0.2555 -0.3266 -0.3332 -0.2335 0.0724 0.1281 0.0473 0.0086 -0.0373 -0.1429 -0.2849 -0.3327 -0.3292 -0.1503 0.1476 0.0944 0.0337 -0.0018 -0.0552 -0.1904 -0.3063 -0.3352 -0.3237 -0.0766 0.1727 0.0728 0.0232 -0.0139 -0.0805 -0.2345 -0.3210 -0.3346 -0.2921 0.0206 0.1550 0.0543 0.0128 -0.0303 -0.1240 -0.2741 -0.3308 -0.3309 -0.1766 0.1288 0.1030 0.0375 0.0041 -0.0637
-0.0201 0.0401 0.1025 0.1300 -0.1752 -0.3308 -0.3309 -0.2746 -0.1248 -0.0306 0.0127 0.0540 0.1538 0.0224 -0.2899 -0.3345 -0.3212 -0.2348 -0.0805 -0.0138 0.0233 0.0731 0.1726 -0.0780 -0.3238 -0.3352 -0.3060 -0.1896 -0.0549 -0.0016 0.0339 0.0949 0.1468 -0.1516 -0.3293 -0.3327 -0.2845 -0.1421 -0.0370 0.0087 0.0476 0.1289 0.0707 -0.2352 -0.3333 -0.3264 -0.2549 -0.1000 -0.0215 0.0217 0.0501 0.0217 -0.0215 -0.1000 -0.2549 -0.3264 -0.3333 -0.2352 0.0707 0.1289 0.0476 0.0087 -0.0370 -0.1421 -0.2845 -0.3327 -0.3293 -0.1516 0.1468 0.0949 0.0339 -0.0016 -0.0549 -0.1896 -0.3060 -0.3352 -0.3238 -0.0780 0.1726 0.0731 0.0233 -0.0138 -0.0805 -0.2348 -0.3212 -0.3345 -0.2899 0.0224 0.1538 0.0540 0.0127 -0.0306 -0.1248 -0.2746 -0.3309 -0.3308 -0.1752 0.1300 0.1025 0.0401 -0.0201
0.0223 0.1020 0.1311 -0.1739 -0.3308 -0.3310 -0.2751 -0.1256 -0.0308 0.0125 0.0537 0.1527 0.0241 -0.2877 -0.3345 -0.3214 -0.2354 -0.0810 -0.0139 0.0233 0.0733 0.1725 -0.0793 -0.3239 -0.3352 -0.3057 -0.1888 -0.0545 -0.0014 0.0341 0.0953 0.1459 -0.1529 -0.3294 -0.3326 -0.2841 -0.1413 -0.0367 0.0089 0.0478 0.1297 0.0690 -0.2369 -0.3333 -0.3262 -0.2542 -0.0991 -0.0215 0.0183 0.0658 0.1103 0.0658 0.0183 -0.0215 -0.0991 -0.2542 -0.3262 -0.3333 -0.2369 0.0690 0.1297 0.0478 0.0089 -0.0367 -0.1413 -0.2841 -0.3326 -0.3294 -0.1529 0.1459 0.0953 0.0341 -0.0014 -0.0545 -0.1888 -0.3057 -0.3352 -0.3239 -0.0793 0.1725 0.0733 0.0233 -0.0139 -0.0810 -0.2354 -0.3214 -0.3345 -0.2877 0.0241 0.1527 0.0537 0.0125 -0.0308 -0.1256 -0.2751 -0.3310 -0.3308 -0.1739 0.1311 0.1020 0.0223
0.0840 0.1322 -0.1725 -0.3307 -0.3311 -0.2756 -0.1263 -0.0311 0.0124 0.0535 0.1515 0.0259 -0.2855 -0.3345 -0.3216 -0.2360 -0.0815 -0.0141 0.0232 0.0731 0.1725 -0.0799 -0.3240 -0.3352 -0.3054 -0.1880 -0.0542 -0.0012 0.0344 0.0958 0.1451 -0.1542 -0.3295 -0.3325 -0.2836 -0.1405 -0.0365 0.0091 0.0481 0.1305 0.0672 -0.2387 -0.3334 -0.3261 -0.2536 -0.0984 -0.0211 0.0182 0.0639 0.1498 0.0973 0.1498 0.0639 0.0182 -0.0211 -0.0984 -0.2536 -0.3261 -0.3334 -0.2387 0.0672 0.1305 0.0481 0.0091 -0.0365 -0.1405 -0.2836 -0.3325 -0.3295 -0.1542 0.1451 0.0958 0.0344 -0.0012 -0.0542 -0.1880 -0.3054 -0.3352 -0.3240 -0.0799 0.1725 0.0731 0.0232 -0.0141 -0.0815 -0.2360 -0.3216 -0.3345 -0.2855 0.0259 0.1515 0.0535 0.0124 -0.0311 -0.1263 -0.2756 -0.3311 -0.3307 -0.1725 0.1322 0.0840
0.1002 -0.1710 -0.3306 -0.3312 -0.2761 -0.1271 -0.0314 0.0122 0.0532 0.1504 0.0277 -0.2833 -0.3344 -0.3218 -0.2367 -0.0820 -0.0144 0.0230 0.0728 0.1726 -0.0793 -0.3240 -0.3352 -0.3051 -0.1873 -0.0539 -0.0010 0.0346 0.0963 0.1442 -0.1554 -0.3296 -0.3324 -0.2832 -0.1397 -0.0362 0.0092 0.0483 0.1313 0.0655 -0.2404 -0.3334 -0.3259 -0.2530 -0.0977 -0.0208 0.0185 0.0638 0.1728 -0.0408 -0.2509 -0.0408 0.1728 0.0638 0.0185 -0.0208 -0.0977 -0.2530 -0.3259 -0.3334 -0.2404 0.0655 0.1313 0.0483 0.0092 -0.0362 -0.1397 -0.2832 -0.3324 -0.3296 -0.1554 0.1442 0.0963 0.0346 -0.0010 -0.0539 -0.1873 -0.3051 -0.3352 -0.3240 -0.0793 0.1726 0.0728 0.0230 -0.0144 -0.0820 -0.2367 -0.3218 -0.3344 -0.2833 0.0277 0.1504 0.0532 0.0122 -0.0314 -0.1271 -0.2761 -0.3312 -0.3306 -0.1710 0.1002
-0.1154 -0.3305 -0.3313 -0.2766 -0.1279 -0.0317 0.0120 0.0529 0.1493 0.0295 -0.2812 -0.3344 -0.3219 -0.2374 -0.0826 -0.0146 0.0229 0.0725 0.1727 -0.0780 -0.3239 -0.3352 -0.3051 -0.1870 -0.0536 -0.0008 0.0348 0.0967 0.1433 -0.1567 -0.3297 -0.3324 -0.2827 -0.1389 -0.0359 0.0094 0.0486 0.1321 0.0637 -0.2422 -0.3335 -0.3258 -0.2524 -0.0971 -0.0206 0.0186 0.0641 0.1733 -0.0392 -0.3222 -0.3342 -0.3222 -0.0392 0.1733 0.0641 0.0186 -0.0206 -0.0971 -0.2524 -0.3258 -0.3335 -0.2422 0.0637 0.1321 0.0486 0.0094 -0.0359 -0.1389 -0.2827 -0.3324 -0.3297 -0.1567 0.1433 0.0967 0.0348 -0.0008 -0.0536 -0.1870 -0.3051 -0.3352 -0.3239 -0.0780 0.1727 0.0725 0.0229 -0.0146 -0.0826 -0.2374 -0.3219 -0.3344 -0.2812 0.0295 0.1493 0.0529 0.0120 -0.0317 -0.1279 -0.2766 -0.3313 -0.3305 -0.1154
-0.2010 -0.3314 -0.2770 -0.1286 -0.0319 0.0119 0.0527 0.1483 0.0313 -0.2791 -0.3344 -0.3221 -0.2381 -0.0831 -0.0148 0.0227 0.0721 0.1728 -0.0766 -0.3238 -0.3352 -0.3054 -0.1873 -0.0536 -0.0007 0.0350 0.0972 0.1423 -0.1580 -0.3297 -0.3323 -0.2823 -0.1381 -0.0356 0.0096 0.0488 0.1330 0.0620 -0.2440 -0.3335 -0.3256 -0.2517 -0.0964 -0.0204 0.0188 0.0644 0.1733 -0.0370 -0.3210 -0.3371 -0.3364 -0.3371 -0.3210 -0.0370 0.1733 0.0644 0.0188 -0.0204 -0.0964 -0.2517 -0.3256 -0.3335 -0.2440 0.0620 0.1330 0.0488 0.0096 -0.0356 -0.1381 -0.2823 -0.3323 -0.3297 -0.1580 0.1423 0.0972 0.0350 -0.0007 -0.0536 -0.1873 -0.3054 -0.3352 -0.3238 -0.0766 0.1728 0.0721 0.0227 -0.0148 -0.0831 -0.2381 -0.3221 -0.3344 -0.2791 0.0313 0.1483 0.0527 0.0119 -0.0319 -0.1286 -0.2770 -0.3314 -0.2010
-0.2191 -0.2784 -0.1292 -0.0322 0.0117 0.0524 0.1472 0.0332 -0.2770 -0.3343 -0.3223 -0.2387 -0.0837 -0.0150 0.0225 0.0718 0.1729 -0.0753 -0.3237 -0.3352 -0.3057 -0.1880 -0.0539 -0.0008 0.0350 0.0974 0.1416 -0.1593 -0.3298 -0.3322 -0.2818 -0.1373 -0.0353 0.0097 0.0491 0.1338 0.0602 -0.2458 -0.3336 -0.3255 -0.2511 -0.0958 -0.0201 0.0190 0.0647 0.1734 -0.0386 -0.3206 -0.3343 -0.3148 -0.2799 -0.3148 -0.3343 -0.3206 -0.0386 0.1734 0.0647 0.0190 -0.0201 -0.0958 -0.2511 -0.3255 -0.3336 -0.2458 0.0602 0.1338 0.0491 0.0097 -0.0353 -0.1373 -0.2818 -0.3322 -0.3298 -0.1593 0.1416 0.0974 0.0350 -0.0008 -0.0539 -0.1880 -0.3057 -0.3352 -0.3237 -0.0753 0.1729 0.0718 0.0225 -0.0150 -0.0837 -0.2387 -0.3223 -0.3343 -0.2770 0.0332 0.1472 0.0524 0.0117 -0.0322 -0.1292 -0.2784 -0.2191
-0.1975 -0.1327 -0.0326 0.0116 0.0521 0.1461 0.0350 -0.2749 -0.3343 -0.3225 -0.2394 -0.0843 -0.0153 0.0224 0.0715 0.1730 -0.0739 -0.3236 -0.3352 -0.3060 -0.1888 -0.0542 -0.0010 0.0348 0.0972 0.1416 -0.1600 -0.3299 -0.3321 -0.2813 -0.1365 -0.0350 0.0099 0.0493 0.1347 0.0584 -0.2476 -0.3336 -0.3253 -0.2505 -0.0952 -0.0199 0.0191 0.0650 0.1734 -0.0402 -0.3208 -0.3352 -0.3098 -0.2063 -0.1175 -0.2063 -0.3098 -0.3352 -0.3208 -0.0402 0.1734 0.0650 0.0191 -0.0199 -0.0952 -0.2505 -0.3253 -0.3336 -0.2476 0.0584 0.1347 0.0493 0.0099 -0.0350 -0.1365 -0.2813 -0.3321 -0.3299 -0.1600 0.1416 0.0972 0.0348 -0.0010 -0.0542 -0.1888 -0.3060 -0.3352 -0.3236 -0.0739 0.1730 0.0715 0.0224 -0.0153 -0.0843 -0.2394 -0.3225 -0.3343 -0.2749 0.0350 0.1461 0.0521 0.0116 -0.0326 -0.1327 -0.1975
-0.1149 -0.0324 0.0110 0.0519 0.1451 0.0368 -0.2728 -0.3343 -0.3227 -0.2401 -0.0848 -0.0155 0.0222 0.0712 0.1731 -0.0725 -0.3234 -0.3352 -0.3063 -0.1896 -0.0545 -0.0012 0.0346 0.0967 0.1423 -0.1593 -0.3299 -0.3321 -0.2810 -0.1358 -0.0347 0.0101 0.0496 0.1356 0.0567 -0.2495 -0.3337 -0.3251 -0.2499 -0.0945 -0.0196 0.0193 0.0653 0.1735 -0.0417 -0.3209 -0.3353 -0.3132 -0.2029 -0.0575 -0.0152 -0.0575 -0.2029 -0.3132 -0.3353 -0.3209 -0.0417 0.1735 0.0653 0.0193 -0.0196 -0.0945 -0.2499 -0.3251 -0.3337 -0.2495 0.0567 0.1356 0.0496 0.0101 -0.0347 -0.1358 -0.2810 -0.3321 -0.3299 -0.1593 0.1423 0.0967 0.0346 -0.0012 -0.0545 -0.1896 -0.3063 -0.3352 -0.3234 -0.0725 0.1731 0.0712 0.0222 -0.0155 -0.0848 -0.2401 -0.3227 -0.3343 -0.2728 0.0368 0.1451 0.0519 0.0110 -0.0324 -0.1149
-0.0503 0.0147 0.0516 0.1441 0.0386 -0.2708 -0.3342 -0.3229 -0.2407 -0.0854 -0.0157 0.0221 0.0709 0.1732 -0.0711 -0.3233 -0.3352 -0.3066 -0.1904 -0.0549 -0.0014 0.0344 0.0963 0.1433 -0.1580 -0.3298 -0.3321 -0.2810 -0.1355 -0.0345 0.0102 0.0498 0.1365 0.0549 -0.2513 -0.3337 -0.3250 -0.2493 -0.0939 -0.0194 0.0194 0.0655 0.1735 -0.0433 -0.3210 -0.3353 -0.3130 -0.2091 -0.0634 -0.0013 0.0213 -0.0013 -0.0634 -0.2091 -0.3130 -0.3353 -0.3210 -0.0433 0.1735 0.0655 0.0194 -0.0194 -0.0939 -0.2493 -0.3250 -0.3337 -0.2513 0.0549 0.1365 0.0498 0.0102 -0.0345 -0.1355 -0.2810 -0.3321 -0.3298 -0.1580 0.1433 0.0963 0.0344 -0.0014 -0.0549 -0.1904 -0.3066 -0.3352 -0.3233 -0.0711 0.1732 0.0709 0.0221 -0.0157 -0.0854 -0.2407 -0.3229 -0.3342 -0.2708 0.0386 0.1441 0.0516 0.0147 -0.0503
-0.0081 0.0521 0.1431 0.0404 -0.2687 -0.3342 -0.3230 -0.2414 -0.0860 -0.0160 0.0219 0.0705 0.1733 -0.0698 -0.3232 -0.3352 -0.3069 -0.1913 -0.0552 -0.0016 0.0341 0.0958 0.1442 -0.1567 -0.3297 -0.3322 -0.2813 -0.1358 -0.0345 0.0103 0.0500 0.1374 0.0531 -0.2532 -0.3338 -0.3248 -0.2487 -0.0933 -0.0191 0.0196 0.0658 0.1736 -0.0448 -0.3212 -0.3353 -0.3127 -0.2083 -0.0639 -0.0062 0.0330 0.0666 0.0330 -0.0062 -0.0639 -0.2083 -0.3127 -0.3353 -0.3212 -0.0448 0.1736 0.0658 0.0196 -0.0191 -0.0933 -0.2487 -0.3248 -0.3338 -0.2532 0.0531 0.1374 0.0500 0.0103 -0.0345 -0.1358 -0.2813 -0.3322 -0.3297 -0.1567 0.1442 0.0958 0.0341 -0.0016 -0.0552 -0.1913 -0.3069 -0.3352 -0.3232 -0.0698 0.1733 0.0705 0.0219 -0.0160 -0.0860 -0.2414 -0.3230 -0.3342 -0.2687 0.0404 0.1431 0.0521 -0.0081
0.0351 0.1420 0.0422 -0.2667 -0.3341 -0.3232 -0.2420 -0.0865 -0.0162 0.0217 0.0702 0.1734 -0.0684 -0.3231 -0.3352 -0.3072 -0.1921 -0.0556 -0.0018 0.0339 0.0953 0.1451 -0.1554 -0.3297 -0.3323 -0.2818 -0.1365 -0.0347 0.0102 0.0500 0.1378 0.0516 -0.2550 -0.3338 -0.3246 -0.2480 -0.0927 -0.0189 0.0198 0.0661 0.1736 -0.0463 -0.3213 -0.3353 -0.3124 -0.2074 -0.0633 -0.0062 0.0297 0.0858 0.1441 0.0858 0.0297 -0.0062 -0.0633 -0.2074 -0.3124 -0.3353 -0.3213 -0.0463 0.1736 0.0661 0.0198 -0.0189 -0.0927 -0.2480 -0.3246 -0.3338 -0.2550 0.0516 0.1378 0.0500 0.0102 -0.0347 -0.1365 -0.2818 -0.3323 -0.3297 -0.1554 0.1451 0.0953 0.0339 -0.0018 -0.0556 -0.1921 -0.3072 -0.3352 -0.3231 -0.0684 0.1734 0.0702 0.0217 -0.0162 -0.0865 -0.2420 -0.3232 -0.3341 -0.2667 0.0422 0.1420 0.0351
0.1190 0.0441 -0.2648 -0.3341 -0.3234 -0.2427 -0.0871 -0.0164 0.0216 0.0699 0.1734 -0.0670 -0.3230 -0.3352 -0.3075 -0.1929 -0.0559 -0.0020 0.0337 0.0949 0.1459 -0.1542 -0.3296 -0.3324 -0.2823 -0.1373 -0.0350 0.0101 0.0498 0.1374 0.0516 -0.2560 -0.3339 -0.3245 -0.2474 -0.0921 -0.0187 0.0199 0.0664 0.1736 -0.0478 -0.3214 -0.3353 -0.3121 -0.2066 -0.0629 -0.0059 0.0296 0.0868 0.1587 -0.0136 0.1587 0.0868 0.0296 -0.0059 -0.0629 -0.2066 -0.3121 -0.3353 -0.3214 -0.0478 0.1736 0.0664 0.0199 -0.0187 -0.0921 -0.2474 -0.3245 -0.3339 -0.2560 0.0516 0.1374 0.0498 0.0101 -0.0350 -0.1373 -0.2823 -0.3324 -0.3296 -0.1542 0.1459 0.0949 0.0337 -0.0020 -0.0559 -0.1929 -0.3075 -0.3352 -0.3230 -0.0670 0.1734 0.0699 0.0216 -0.0164 -0.0871 -0.2427 -0.3234 -0.3341 -0.2648 0.0441 0.1190
0.0330 -0.2625 -0.3340 -0.3236 -0.2433 -0.0877 -0.0167 0.0214 0.0696 0.1735 -0.0656 -0.3229 -0.3353 -0.3078 -0.1937 -0.0563 -0.0022 0.0335 0.0944 0.1468 -0.1529 -0.3295 -0.3324 -0.2827 -0.1381 -0.0353 0.0099 0.0496 0.1365 0.0531 -0.2550 -0.3339 -0.3245 -0.2469 -0.0915 -0.0184 0.0201 0.0667 0.1736 -0.0492 -0.3215 -0.3353 -0.3119 -0.2058 -0.0624 -0.0057 0.0299 0.0865 0.1587 -0.1313 -0.3186 -0.1313 0.1587 0.0865 0.0299 -0.0057 -0.0624 -0.2058 -0.3119 -0.3353 -0.3215 -0.0492 0.1736 0.0667 0.0201 -0.0184 -0.0915 -0.2469 -0.3245 -0.3339 -0.2550 0.0531 0.1365 0.0496 0.0099 -0.0353 -0.1381 -0.2827 -0.3324 -0.3295 -0.1529 0.1468 0.0944 0.0335 -0.0022 -0.0563 -0.1937 -0.3078 -0.3353 -0.3229 -0.0656 0.1735 0.0696 0.0214 -0.0167 -0.0877 -0.2433 -0.3236 -0.3340 -0.2625 0.0330
-0.1596 -0.3339 -0.3237 -0.2440 -0.0883 -0.0169 0.0212 0.0693 0.1735 -0.0642 -0.3228 -0.3353 -0.3081 -0.1945 -0.0566 -0.0024 0.0333 0.0940 0.1476 -0.1516 -0.3294 -0.3325 -0.2832 -0.1389 -0.0356 0.0097 0.0493 0.1356 0.0549 -0.2532 -0.3338 -0.3245 -0.2469 -0.0913 -0.0182 0.0202 0.0670 0.1737 -0.0507 -0.3216 -0.3353 -0.3116 -0.2050 -0.0620 -0.0054 0.0300 0.0868 0.1603 -0.1296 -0.3294 -0.3385 -0.3294 -0.1296 0.1603 0.0868 0.0300 -0.0054 -0.0620 -0.2050 -0.3116 -0.3353 -0.3216 -0.0507 0.1737 0.0670 0.0202 -0.0182 -0.0913 -0.2469 -0.3245 -0.3338 -0.2532 0.0549 0.1356 0.0493 0.0097 -0.0356 -0.1389 -0.2832 -0.3325 -0.3294 -0.1516 0.1476 0.0940 0.0333 -0.0024 -0.0566 -0.1945 -0.3081 -0.3353 -0.3228 -0.0642 0.1735 0.0693 0.0212 -0.0169 -0.0883 -0.2440 -0.3237 -0.3339 -0.1596
-0.2084 -0.3240 -0.2445 -0.0889 -0.0171 0.0211 0.0690 0.1736 -0.0628 -0.3227 -0.3353 -0.3084 -0.1953 -0.0570 -0.0026 0.0331 0.0936 0.1484 -0.1503 -0.3293 -0.3326 -0.2836 -0.1397 -0.0359 0.0096 0.0491 0.1347 0.0567 -0.2513 -0.3338 -0.3246 -0.2474 -0.0915 -0.0182 0.0203 0.0673 0.1737 -0.0522 -0.3217 -0.3353 -0.3113 -0.2043 -0.0616 -0.0052 0.0302 0.0872 0.1597 -0.1284 -0.3278 -0.3356 -0.3272 -0.3356 -0.3278 -0.1284 0.1597 0.0872 0.0302 -0.0052 -0.0616 -0.2043 -0.3113 -0.3353 -0.3217 -0.0522 0.1737 0.0673 0.0203 -0.0182 -0.0915 -0.2474 -0.3246 -0.3338 -0.2513 0.0567 0.1347 0.0491 0.0096 -0.0359 -0.1397 -0.2836 -0.3326 -0.3293 -0.1503 0.1484 0.0936 0.0331 -0.0026 -0.0570 -0.1953 -0.3084 -0.3353 -0.3227 -0.0628 0.1736 0.0690 0.0211 -0.0171 -0.0889 -0.2445 -0.3240 -0.2084
-0.2186 -0.2466 -0.0893 -0.0173 0.0209 0.0687 0.1736 -0.0613 -0.3226 -0.3353 -0.3087 -0.1961 -0.0573 -0.0028 0.0329 0.0931 0.1492 -0.1490 -0.3292 -0.3327 -0.2841 -0.1405 -0.0362 0.0094 0.0488 0.1338 0.0584 -0.2495 -0.3337 -0.3248 -0.2480 -0.0921 -0.0184 0.0202 0.0673 0.1737 -0.0534 -0.3218 -0.3353 -0.3111 -0.2035 -0.0612 -0.0050 0.0304 0.0876 0.1591 -0.1297 -0.3277 -0.3321 -0.2920 -0.2375 -0.2920 -0.3321 -0.3277 -0.1297 0.1591 0.0876 0.0304 -0.0050 -0.0612 -0.2035 -0.3111 -0.3353 -0.3218 -0.0534 0.1737 0.0673 0.0202 -0.0184 -0.0921 -0.2480 -0.3248 -0.3337 -0.2495 0.0584 0.1338 0.0488 0.0094 -0.0362 -0.1405 -0.2841 -0.3327 -0.3292 -0.1490 0.1492 0.0931 0.0329 -0.0028 -0.0573 -0.1961 -0.3087 -0.3353 -0.3226 -0.0613 0.1736 0.0687 0.0209 -0.0173 -0.0893 -0.2466 -0.2186
-0.1795 -0.0922 -0.0178 0.0208 0.0684 0.1736 -0.0599 -0.3224 -0.3353 -0.3090 -0.1969 -0.0577 -0.0030 0.0327 0.0927 0.1500 -0.1478 -0.3292 -0.3327 -0.2845 -0.1413 -0.0365 0.0092 0.0486 0.1330 0.0602 -0.2476 -0.3337 -0.3250 -0.2487 -0.0927 -0.0187 0.0201 0.0670 0.1737 -0.0534 -0.3219 -0.3353 -0.3108 -0.2027 -0.0609 -0.0048 0.0306 0.0880 0.1585 -0.1310 -0.3279 -0.3337 -0.2865 -0.1489 -0.0701 -0.1489 -0.2865 -0.3337 -0.3279 -0.1310 0.1585 0.0880 0.0306 -0.0048 -0.0609 -0.2027 -0.3108 -0.3353 -0.3219 -0.0534 0.1737 0.0670 0.0201 -0.0187 -0.0927 -0.2487 -0.3250 -0.3337 -0.2476 0.0602 0.1330 0.0486 0.0092 -0.0365 -0.1413 -0.2845 -0.3327 -0.3292 -0.1478 0.1500 0.0927 0.0327 -0.0030 -0.0577 -0.1969 -0.3090 -0.3353 -0.3224 -0.0599 0.1736 0.0684 0.0208 -0.0178 -0.0922 -0.1795
-0.0910 -0.0164 0.0203 0.0681 0.1737 -0.0585 -0.3223 -0.3353 -0.3093 -0.1977 -0.0581 -0.0032 0.0325 0.0923 0.1508 -0.1465 -0.3291 -0.3328 -0.2849 -0.1421 -0.0367 0.0091 0.0483 0.1321 0.0620 -0.2458 -0.3336 -0.3251 -0.2493 -0.0933 -0.0189 0.0199 0.0667 0.1737 -0.0522 -0.3218 -0.3353 -0.3108 -0.2020 -0.0605 -0.0046 0.0308 0.0884 0.1579 -0.1322 -0.3280 -0.3337 -0.2910 -0.1488 -0.0342 -0.0006 -0.0342 -0.1488 -0.2910 -0.3337 -0.3280 -0.1322 0.1579 0.0884 0.0308 -0.0046 -0.0605 -0.2020 -0.3108 -0.3353 -0.3218 -0.0522 0.1737 0.0667 0.0199 -0.0189 -0.0933 -0.2493 -0.3251 -0.3336 -0.2458 0.0620 0.1321 0.0483 0.0091 -0.0367 -0.1421 -0.2849 -0.3328 -0.3291 -0.1465 0.1508 0.0923 0.0325 -0.0032 -0.0581 -0.1977 -0.3093 -0.3353 -0.3223 -0.0585 0.1737 0.0681 0.0203 -0.0164 -0.0910
-0.0387 0.0243 0.0678 0.1737 -0.0571 -0.3222 -0.3353 -0.3096 -0.1985 -0.0584 -0.0034 0.0323 0.0918 0.1516 -0.1452 -0.3290 -0.3329 -0.2854 -0.1429 -0.0370 0.0089 0.0481 0.1313 0.0637 -0.2440 -0.3336 -0.3253 -0.2499 -0.0939 -0.0191 0.0198 0.0664 0.1736 -0.0507 -0.3217 -0.3353 -0.3108 -0.2020 -0.0603 -0.0045 0.0310 0.0888 0.1573 -0.1335 -0.3281 -0.3336 -0.2907 -0.1541 -0.0412 0.0106 0.0341 0.0106 -0.0412 -0.1541 -0.2907 -0.3336 -0.3281 -0.1335 0.1573 0.0888 0.0310 -0.0045 -0.0603 -0.2020 -0.3108 -0.3353 -0.3217 -0.0507 0.1736 0.0664 0.0198 -0.0191 -0.0939 -0.2499 -0.3253 -0.3336 -0.2440 0.0637 0.1313 0.0481 0.0089 -0.0370 -0.1429 -0.2854 -0.3329 -0.3290 -0.1452 0.1516 0.0918 0.0323 -0.0034 -0.0584 -0.1985 -0.3096 -0.3353 -0.3222 -0.0571 0.1737 0.0678 0.0243 -0.0387
0.0037 0.0674 0.1737 -0.0556 -0.3221 -0.3353 -0.3099 -0.1993 -0.0588 -0.0036 0.0321 0.0914 0.1523 -0.1440 -0.3289 -0.3329 -0.2858 -0.1438 -0.0373 0.0087 0.0478 0.1305 0.0655 -0.2422 -0.3335 -0.3255 -0.2505 -0.0945 -0.0194 0.0196 0.0661 0.1736 -0.0492 -0.3216 -0.3353 -0.3111 -0.2027 -0.0605 -0.0045 0.0311 0.0891 0.1567 -0.1347 -0.3282 -0.3335 -0.2902 -0.1532 -0.0412 0.0066 0.0479 0.0852 0.0479 0.0066 -0.0412 -0.1532 -0.2902 -0.3335 -0.3282 -0.1347 0.1567 0.0891 0.0311 -0.0045 -0.0605 -0.2027 -0.3111 -0.3353 -0.3216 -0.0492 0.1736 0.0661 0.0196 -0.0194 -0.0945 -0.2505 -0.3255 -0.3335 -0.2422 0.0655 0.1305 0.0478 0.0087 -0.0373 -0.1438 -0.2858 -0.3329 -0.3289 -0.1440 0.1523 0.0914 0.0321 -0.0036 -0.0588 -0.1993 -0.3099 -0.3353 -0.3221 -0.0556 0.1737 0.0674 0.0037
0.0507 0.1736 -0.0541 -0.3220 -0.3353 -0.3101 -0.2001 -0.0592 -0.0038 0.0319 0.0910 0.1530 -0.1427 -0.3288 -0.3330 -0.2863 -0.1446 -0.0376 0.0086 0.0476 0.1297 0.0672 -0.2404 -0.3335 -0.3256 -0.2511 -0.0952 -0.0196 0.0194 0.0658 0.1736 -0.0478 -0.3215 -0.3353 -0.3113 -0.2035 -0.0609 -0.0046 0.0310 0.0891 0.1564 -0.1358 -0.3283 -0.3335 -0.2898 -0.1522 -0.0407 0.0065 0.0448 0.1130 0.1452 0.1130 0.0448 0.0065 -0.0407 -0.1522 -0.2898 -0.3335 -0.3283 -0.1358 0.1564 0.0891 0.0310 -0.0046 -0.0609 -0.2035 -0.3113 -0.3353 -0.3215 -0.0478 0.1736 0.0658 0.0194 -0.0196 -0.0952 -0.2511 -0.3256 -0.3335 -0.2404 0.0672 0.1297 0.0476 0.0086 -0.0376 -0.1446 -0.2863 -0.3330 -0.3288 -0.1427 0.1530 0.0910 0.0319 -0.0038 -0.0592 -0.2001 -0.3101 -0.3353 -0.3220 -0.0541 0.1736 0.0507
0.1430 -0.0525 -0.3219 -0.3353 -0.3104 -0.2009 -0.0596 -0.0040 0.0317 0.0906 0.1537 -0.1414 -0.3287 -0.3331 -0.2867 -0.1454 -0.0379 0.0084 0.0473 0.1289 0.0690 -0.2387 -0.3334 -0.3258 -0.2517 -0.0958 -0.0199 0.0193 0.0655 0.1736 -0.0463 -0.3214 -0.3353 -0.3116 -0.2043 -0.0612 -0.0048 0.0308 0.0888 0.1567 -0.1358 -0.3283 -0.3334 -0.2894 -0.1514 -0.0404 0.0068 0.0447 0.1224 0.0822 -0.1313 0.0822 0.1224 0.0447 0.0068 -0.0404 -0.1514 -0.2894 -0.3334 -0.3283 -0.1358 0.1567 0.0888 0.0308 -0.0048 -0.0612 -0.2043 -0.3116 -0.3353 -0.3214 -0.0463 0.1736 0.0655 0.0193 -0.0199 -0.0958 -0.2517 -0.3258 -0.3334 -0.2387 0.0690 0.1289 0.0473 0.0084 -0.0379 -0.1454 -0.2867 -0.3331 -0.3287 -0.1414 0.1537 0.0906 0.0317 -0.0040 -0.0596 -0.2009 -0.3104 -0.3353 -0.3219 -0.0525 0.1430
-0.0360 -0.3217 -0.3353 -0.3107 -0.2016 -0.0600 -0.0042 0.0315 0.0901 0.1544 -0.1402 -0.3286 -0.3331 -0.2871 -0.1462 -0.0382 0.0082 0.0471 0.1281 0.0707 -0.2369 -0.3334 -0.3259 -0.2524 -0.0964 -0.0201 0.0191 0.0653 0.1735 -0.0448 -0.3213 -0.3353 -0.3119 -0.2050 -0.0616 -0.0050 0.0306 0.0884 0.1573 -0.1347 -0.3283 -0.3334 -0.2893 -0.1507 -0.0401 0.0070 0.0450 0.1218 0.0834 -0.2249 -0.3270 -0.2249 0.0834 0.1218 0.0450 0.0070 -0.0401 -0.1507 -0.2893 -0.3334 -0.3283 -0.1347 0.1573 0.0884 0.0306 -0.0050 -0.0616 -0.2050 -0.3119 -0.3353 -0.3213 -0.0448 0.1735 0.0653 0.0191 -0.0201 -0.0964 -0.2524 -0.3259 -0.3334 -0.2369 0.0707 0.1281 0.0471 0.0082 -0.0382 -0.1462 -0.2871 -0.3331 -0.3286 -0.1402 0.1544 0.0901 0.0315 -0.0042 -0.0600 -0.2016 -0.3107 -0.3353 -0.3217 -0.0360
-0.1866 -0.3352 -0.3109 -0.2024 -0.0603 -0.0044 0.0313 0.0897 0.1551 -0.1389 -0.3286 -0.3332 -0.2875 -0.1470 -0.0385 0.0080 0.0468 0.1273 0.0724 -0.2352 -0.3333 -0.3261 -0.2530 -0.0971 -0.0204 0.0190 0.0650 0.1735 -0.0433 -0.3212 -0.3353 -0.3121 -0.2058 -0.0620 -0.0052 0.0304 0.0880 0.1579 -0.1335 -0.3282 -0.3335 -0.2894 -0.1507 -0.0399 0.0071 0.0452 0.1219 0.0864 -0.2223 -0.3346 -0.3398 -0.3346 -0.2223 0.0864 0.1219 0.0452 0.0071 -0.0399 -0.1507 -0.2894 -0.3335 -0.3282 -0.1335 0.1579 0.0880 0.0304 -0.0052 -0.0620 -0.2058 -0.3121 -0.3353 -0.3212 -0.0433 0.1735 0.0650 0.0190 -0.0204 -0.0971 -0.2530 -0.3261 -0.3333 -0.2352 0.0724 0.1273 0.0468 0.0080 -0.0385 -0.1470 -0.2875 -0.3332 -0.3286 -0.1389 0.1551 0.0897 0.0313 -0.0044 -0.0603 -0.2024 -0.3109 -0.3352 -0.1866
-0.2142 -0.3115 -0.2031 -0.0607 -0.0046 0.0311 0.0893 0.1558 -0.1376 -0.3285 -0.3333 -0.2880 -0.1478 -0.0388 0.0079 0.0466 0.1265 0.0742 -0.2335 -0.3333 -0.3262 -0.2536 -0.0977 -0.0206 0.0188 0.0647 0.1734 -0.0417 -0.3210 -0.3353 -0.3124 -0.2066 -0.0624 -0.0054 0.0302 0.0876 0.1585 -0.1322 -0.3281 -0.3335 -0.2898 -0.1514 -0.0401 0.0071 0.0454 0.1225 0.0848 -0.2213 -0.3325 -0.3291 -0.3100 -0.3291 -0.3325 -0.2213 0.0848 0.1225 0.0454 0.0071 -0.0401 -0.1514 -0.2898 -0.3335 -0.3281 -0.1322 0.1585 0.0876 0.0302 -0.0054 -0.0624 -0.2066 -0.3124 -0.3353 -0.3210 -0.0417 0.1734 0.0647 0.0188 -0.0206 -0.0977 -0.2536 -0.3262 -0.3333 -0.2335 0.0742 0.1265 0.0466 0.0079 -0.0388 -0.1478 -0.2880 -0.3333 -0.3285 -0.1376 0.1558 0.0893 0.0311 -0.0046 -0.0607 -0.2031 -0.3115 -0.2142
-0.2142 -0.2060 -0.0610 -0.0047 0.0309 0.0889 0.1564 -0.1364 -0.3284 -0.3333 -0.2884 -0.1486 -0.0391 0.0077 0.0463 0.1258 0.0759 -0.2318 -0.3332 -0.3264 -0.2542 -0.0984 -0.0208 0.0186 0.0644 0.1734 -0.0402 -0.3209 -0.3353 -0.3127 -0.2074 -0.0629 -0.0057 0.0300 0.0872 0.1591 -0.1310 -0.3280 -0.3336 -0.2902 -0.1522 -0.0404 0.0070 0.0452 0.1225 0.0839 -0.2227 -0.3328 -0.3248 -0.2574 -0.1812 -0.2574 -0.3248 -0.3328 -0.2227 0.0839 0.1225 0.0452 0.0070 -0.0404 -0.1522 -0.2902 -0.3336 -0.3280 -0.1310 0.1591 0.0872 0.0300 -0.0057 -0.0629 -0.2074 -0.3127 -0.3353 -0.3209 -0.0402 0.1734 0.0644 0.0186 -0.0208 -0.0984 -0.2542 -0.3264 -0.3332 -0.2318 0.0759 0.1258 0.0463 0.0077 -0.0391 -0.1486 -0.2884 -0.3333 -0.3284 -0.1364 0.1564 0.0889 0.0309 -0.0047 -0.0610 -0.2060 -0.2142
-0.1563 -0.0630 -0.0053 0.0307 0.0885 0.1571 -0.1351 -0.3283 -0.3334 -0.2888 -0.1495 -0.0394 0.0075 0.0461 0.1250 0.0775 -0.2301 -0.3332 -0.3265 -0.2548 -0.0990 -0.0211 0.0185 0.0641 0.1733 -0.0387 -0.3208 -0.3353 -0.3129 -0.2081 -0.0633 -0.0059 0.0299 0.0868 0.1597 -0.1297 -0.3279 -0.3337 -0.2906 -0.1530 -0.0407 0.0068 0.0450 0.1219 0.0847 -0.2227 -0.3329 -0.3272 -0.2522 -0.0961 -0.0381 -0.0962 -0.2524 -0.3273 -0.3329 -0.2227 0.0848 0.1219 0.0450 0.0068 -0.0407 -0.1532 -0.2907 -0.3337 -0.3279 -0.1297 0.1597 0.0868 0.0299 -0.0059 -0.0633 -0.2083 -0.3130 -0.3353 -0.3208 -0.0386 0.1733 0.0641 0.0185 -0.0211 -0.0991 -0.2549 -0.3266 -0.3332 -0.2301 0.0776 0.1250 0.0461 0.0075 -0.0394 -0.1497 -0.2889 -0.3335 -0.3283 -0.1351 0.1571 0.0885 0.0307 -0.0053 -0.0631 -0.1565
-0.0722 -0.0028 0.0304 0.0881 0.1577 -0.1339 -0.3282 -0.3335 -0.2892 -0.1503 -0.0397 0.0074 0.0458 0.1243 0.0792 -0.2284 -0.3331 -0.3267 -0.2554 -0.0997 -0.0213 0.0183 0.0638 0.1732 -0.0371 -0.3207 -0.3353 -0.3132 -0.2089 -0.0637 -0.0061 0.0297 0.0864 0.1602 -0.1284 -0.3278 -0.3337 -0.2910 -0.1538 -0.0410 0.0066 0.0447 0.1212 0.0863 -0.2213 -0.3329 -0.3273 -0.2582 -0.0995 -0.0166 0.0103 -0.0168 -0.1000 -0.2584 -0.3273 -0.3328 -0.2213 0.0864 0.1218 0.0447 0.0065 -0.0412 -0.1541 -0.2910 -0.3337 -0.3277 -0.1284 0.1603 0.0865 0.0296 -0.0062 -0.0639 -0.2091 -0.3132 -0.3352 -0.3206 -0.0370 0.1733 0.0638 0.0182 -0.0215 -0.1000 -0.2555 -0.3266 -0.3331 -0.2284 0.0793 0.1250 0.0457 0.0072 -0.0399 -0.1507 -0.2892 -0.3334 -0.3281 -0.1338 0.1577 0.0883 0.0303 -0.0030 -0.0721
-0.0270 0.0339 0.0877 0.1583 -0.1326 -0.3281 -0.3335 -0.2896 -0.1511 -0.0400 0.0072 0.0456 0.1236 0.0809 -0.2268 -0.3331 -0.3268 -0.2560 -0.1003 -0.0216 0.0182 0.0635 0.1732 -0.0356 -0.3206 -0.3353 -0.3134 -0.2097 -0.0641 -0.0063 0.0295 0.0860 0.1608 -0.1272 -0.3277 -0.3338 -0.2914 -0.1547 -0.0413 0.0065 0.0445 0.1205 0.0879 -0.2197 -0.3328 -0.3274 -0.2585 -0.1034 -0.0226 0.0209 0.0492 0.0213 -0.0227 -0.1001 -0.2524 -0.3247 -0.3325 -0.2223 0.0834 0.1224 0.0448 0.0066 -0.0412 -0.1488 -0.2865 -0.3321 -0.3278 -0.1296 0.1587 0.0868 0.0297 -0.0062 -0.0634 -0.2029 -0.3098 -0.3343 -0.3210 -0.0392 0.1728 0.0639 0.0183 -0.0215 -0.0970 -0.2498 -0.3242 -0.3326 -0.2294 0.0763 0.1256 0.0458 0.0073 -0.0399 -0.1453 -0.2847 -0.3318 -0.3281 -0.1350 0.1561 0.0886 0.0341 -0.0266
0.0155 0.0872 0.1589 -0.1314 -0.3280 -0.3336 -0.2900 -0.1519 -0.0403 0.0070 0.0453 0.1228 0.0826 -0.2251 -0.3330 -0.3270 -0.2565 -0.1010 -0.0218 0.0180 0.0632 0.1731 -0.0340 -0.3204 -0.3353 -0.3137 -0.2105 -0.0645 -0.0065 0.0293 0.0856 0.1613 -0.1259 -0.3276 -0.3338 -0.2918 -0.1555 -0.0416 0.0063 0.0443 0.1198 0.0895 -0.2181 -0.3328 -0.3275 -0.2589 -0.1037 -0.0230 0.0173 0.0644 0.1039 0.0683 0.0217 -0.0170 -0.0963 -0.2574 -0.3291 -0.3346 -0.2249 0.0822 0.1130 0.0479 0.0106 -0.0342 -0.1489 -0.2920 -0.3356 -0.3294 -0.1313 0.1587 0.0858 0.0330 -0.0013 -0.0575 -0.2063 -0.3148 -0.3371 -0.3222 -0.0408 0.1498 0.0658 0.0217 -0.0157 -0.0935 -0.2549 -0.3285 -0.3349 -0.2321 0.0750 0.1152 0.0489 0.0113 -0.0330 -0.1453 -0.2901 -0.3354 -0.3298 -0.1368 0.1559 0.0874 0.0199
0.0701 0.1595 -0.1301 -0.3279 -0.3336 -0.2905 -0.1528 -0.0406 0.0069 0.0451 0.1221 0.0842 -0.2235 -0.3329 -0.3271 -0.2571 -0.1016 -0.0221 0.0179 0.0629 0.1730 -0.0325 -0.3203 -0.3352 -0.3140 -0.2112 -0.0649 -0.0067 0.0291 0.0852 0.1618 -0.1247 -0.3275 -0.3339 -0.2922 -0.1563 -0.0419 0.0061 0.0440 0.1191 0.0911 -0.2165 -0.3327 -0.3276 -0.2595 -0.1043 -0.0231 0.0170 0.0621 0.1427 0.1233 0.0899 0.0486 0.0109 -0.0382 -0.1813 -0.3100 -0.3398 -0.3270 -0.1313 0.1452 0.0852 0.0341 -0.0006 -0.0701 -0.2375 -0.3272 -0.3385 -0.3186 -0.0136 0.1441 0.0666 0.0213 -0.0152 -0.1175 -0.2799 -0.3364 -0.3342 -0.2509 0.0973 0.1103 0.0501 0.0110 -0.0366 -0.1777 -0.3086 -0.3397 -0.3275 -0.1391 0.1442 0.0866 0.0351 0.0002 -0.0677 -0.2343 -0.3263 -0.3388 -0.3192 -0.0224 0.1453 0.0520
