0.3744 0.3970 0.4235 0.4303 0.4154 0.3672 0.2725 0.2443 0.2686 0.3106 0.3635 0.4073 0.4273 0.4285 0.4063 0.3422 0.2556 0.2486 0.2788 0.3248 0.3779 0.4150 0.4296 0.4250 0.3943 0.3136 0.2468 0.2553 0.2902 0.3397 0.3909 0.4209 0.4305 0.4195 0.3785 0.2860 0.2438 0.2633 0.3028 0.3548 0.4020 0.4253 0.4298 0.4119 0.3576 0.2643 0.2455 0.2728 0.3189 0.3724 0.3953 0.3724 0.3189 0.2728 0.2455 0.2643 0.3576 0.4119 0.4298 0.4253 0.4020 0.3548 0.3028 0.2633 0.2438 0.2860 0.3785 0.4195 0.4305 0.4209 0.3909 0.3397 0.2902 0.2553 0.2468 0.3136 0.3943 0.4250 0.4296 0.4150 0.3779 0.3248 0.2788 0.2486 0.2556 0.3422 0.4063 0.4285 0.4273 0.4073 0.3635 0.3106 0.2686 0.2443 0.2725 0.3672 0.4154 0.4303 0.4235 0.3970 0.3744
0.3970 0.4316 0.4253 0.3980 0.3353 0.2161 0.1823 0.2230 0.2833 0.3564 0.4143 0.4308 0.4201 0.3852 0.3047 0.1944 0.1906 0.2381 0.3031 0.3762 0.4223 0.4302 0.4131 0.3693 0.2692 0.1836 0.2021 0.2546 0.3237 0.3938 0.4274 0.4277 0.4041 0.3493 0.2338 0.1808 0.2149 0.2724 0.3445 0.4079 0.4302 0.4234 0.3929 0.3235 0.2054 0.1849 0.2291 0.2914 0.3670 0.4211 0.4295 0.4211 0.3670 0.2914 0.2291 0.1849 0.2054 0.3235 0.3929 0.4234 0.4302 0.4079 0.3445 0.2724 0.2149 0.1808 0.2338 0.3493 0.4041 0.4277 0.4274 0.3938 0.3237 0.2546 0.2021 0.1836 0.2692 0.3693 0.4131 0.4302 0.4223 0.3762 0.3031 0.2381 0.1906 0.1944 0.3047 0.3852 0.4201 0.4308 0.4143 0.3564 0.2833 0.2230 0.1823 0.2161 0.3353 0.3980 0.4253 0.4316 0.3970
0.4235 0.4253 0.3977 0.3349 0.2155 0.1823 0.2231 0.2835 0.3564 0.4131 0.4285 0.4188 0.3849 0.3040 0.1939 0.1907 0.2382 0.3032 0.3760 0.4207 0.4280 0.4122 0.3689 0.2684 0.1834 0.2022 0.2547 0.3238 0.3933 0.4254 0.4257 0.4037 0.3488 0.2331 0.1807 0.2150 0.2725 0.3445 0.4070 0.4280 0.4218 0.3926 0.3229 0.2049 0.1850 0.2293 0.2916 0.3647 0.4170 0.4282 0.4190 0.4282 0.4170 0.3647 0.2916 0.2293 0.1850 0.2049 0.3229 0.3926 0.4218 0.4280 0.4070 0.3445 0.2725 0.2150 0.1807 0.2331 0.3488 0.4037 0.4257 0.4254 0.3933 0.3238 0.2547 0.2022 0.1834 0.2684 0.3689 0.4122 0.4280 0.4207 0.3760 0.3032 0.2382 0.1907 0.1939 0.3040 0.3849 0.4188 0.4285 0.4131 0.3564 0.2835 0.2231 0.1823 0.2155 0.3349 0.3977 0.4253 0.4235
0.4303 0.3980 0.3349 0.2152 0.1824 0.2234 0.2838 0.3568 0.4134 0.4288 0.4188 0.3847 0.3034 0.1937 0.1909 0.2385 0.3036 0.3764 0.4210 0.4282 0.4121 0.3686 0.2678 0.1833 0.2024 0.2551 0.3242 0.3937 0.4257 0.4258 0.4035 0.3484 0.2325 0.1807 0.2153 0.2729 0.3449 0.4073 0.4282 0.4218 0.3924 0.3224 0.2045 0.1851 0.2296 0.2921 0.3652 0.4169 0.4288 0.4131 0.3874 0.4131 0.4288 0.4169 0.3652 0.2921 0.2296 0.1851 0.2045 0.3224 0.3924 0.4218 0.4282 0.4073 0.3449 0.2729 0.2153 0.1807 0.2325 0.3484 0.4035 0.4258 0.4257 0.3937 0.3242 0.2551 0.2024 0.1833 0.2678 0.3686 0.4121 0.4282 0.4210 0.3764 0.3036 0.2385 0.1909 0.1937 0.3034 0.3847 0.4188 0.4288 0.4134 0.3568 0.2838 0.2234 0.1824 0.2152 0.3349 0.3980 0.4303
0.4154 0.3353 0.2155 0.1824 0.2234 0.2841 0.3571 0.4135 0.4287 0.4186 0.3844 0.3028 0.1934 0.1911 0.2388 0.3040 0.3767 0.4211 0.4281 0.4120 0.3683 0.2672 0.1832 0.2026 0.2554 0.3245 0.3939 0.4257 0.4257 0.4033 0.3480 0.2319 0.1807 0.2155 0.2732 0.3453 0.4075 0.4282 0.4217 0.3922 0.3219 0.2041 0.1852 0.2298 0.2924 0.3656 0.4171 0.4287 0.4160 0.3723 0.3185 0.3723 0.4160 0.4287 0.4171 0.3656 0.2924 0.2298 0.1852 0.2041 0.3219 0.3922 0.4217 0.4282 0.4075 0.3453 0.2732 0.2155 0.1807 0.2319 0.3480 0.4033 0.4257 0.4257 0.3939 0.3245 0.2554 0.2026 0.1832 0.2672 0.3683 0.4120 0.4281 0.4211 0.3767 0.3040 0.2388 0.1911 0.1934 0.3028 0.3844 0.4186 0.4287 0.4135 0.3571 0.2841 0.2234 0.1824 0.2155 0.3353 0.4154
0.3672 0.2161 0.1823 0.2234 0.2841 0.3573 0.4137 0.4287 0.4185 0.3842 0.3022 0.1932 0.1913 0.2391 0.3043 0.3771 0.4212 0.4281 0.4118 0.3680 0.2665 0.1831 0.2029 0.2557 0.3249 0.3942 0.4258 0.4257 0.4031 0.3476 0.2313 0.1807 0.2157 0.2735 0.3456 0.4077 0.4282 0.4216 0.3920 0.3213 0.2037 0.1854 0.2301 0.2927 0.3660 0.4173 0.4287 0.4160 0.3776 0.2841 0.2040 0.2841 0.3776 0.4160 0.4287 0.4173 0.3660 0.2927 0.2301 0.1854 0.2037 0.3213 0.3920 0.4216 0.4282 0.4077 0.3456 0.2735 0.2157 0.1807 0.2313 0.3476 0.4031 0.4257 0.4258 0.3942 0.3249 0.2557 0.2029 0.1831 0.2665 0.3680 0.4118 0.4281 0.4212 0.3771 0.3043 0.2391 0.1913 0.1932 0.3022 0.3842 0.4185 0.4287 0.4137 0.3573 0.2841 0.2234 0.1823 0.2161 0.3672
0.2725 0.1823 0.2231 0.2838 0.3571 0.4137 0.4288 0.4185 0.3839 0.3016 0.1929 0.1914 0.2393 0.3047 0.3774 0.4213 0.4281 0.4117 0.3677 0.2659 0.1830 0.2031 0.2560 0.3253 0.3945 0.4259 0.4256 0.4030 0.3472 0.2308 0.1807 0.2160 0.2738 0.3460 0.4079 0.4283 0.4216 0.3918 0.3208 0.2033 0.1855 0.2304 0.2931 0.3663 0.4174 0.4287 0.4158 0.3777 0.2859 0.1871 0.1786 0.1871 0.2859 0.3777 0.4158 0.4287 0.4174 0.3663 0.2931 0.2304 0.1855 0.2033 0.3208 0.3918 0.4216 0.4283 0.4079 0.3460 0.2738 0.2160 0.1807 0.2308 0.3472 0.4030 0.4256 0.4259 0.3945 0.3253 0.2560 0.2031 0.1830 0.2659 0.3677 0.4117 0.4281 0.4213 0.3774 0.3047 0.2393 0.1914 0.1929 0.3016 0.3839 0.4185 0.4288 0.4137 0.3571 0.2838 0.2231 0.1823 0.2725
0.2443 0.2230 0.2835 0.3568 0.4135 0.4287 0.4185 0.3838 0.3011 0.1926 0.1916 0.2396 0.3050 0.3777 0.4214 0.4281 0.4116 0.3673 0.2653 0.1829 0.2033 0.2563 0.3256 0.3947 0.4259 0.4256 0.4028 0.3468 0.2302 0.1808 0.2162 0.2742 0.3464 0.4081 0.4283 0.4215 0.3915 0.3203 0.2030 0.1857 0.2306 0.2934 0.3667 0.4175 0.4287 0.4157 0.3772 0.2861 0.1882 0.1976 0.2203 0.1976 0.1882 0.2861 0.3772 0.4157 0.4287 0.4175 0.3667 0.2934 0.2306 0.1857 0.2030 0.3203 0.3915 0.4215 0.4283 0.4081 0.3464 0.2742 0.2162 0.1808 0.2302 0.3468 0.4028 0.4256 0.4259 0.3947 0.3256 0.2563 0.2033 0.1829 0.2653 0.3673 0.4116 0.4281 0.4214 0.3777 0.3050 0.2396 0.1916 0.1926 0.3011 0.3838 0.4185 0.4287 0.4135 0.3568 0.2835 0.2230 0.2443
0.2686 0.2833 0.3564 0.4134 0.4287 0.4185 0.3839 0.3011 0.1925 0.1918 0.2399 0.3054 0.3780 0.4215 0.4280 0.4114 0.3670 0.2646 0.1828 0.2035 0.2566 0.3260 0.3950 0.4260 0.4255 0.4026 0.3464 0.2296 0.1808 0.2165 0.2745 0.3467 0.4083 0.4283 0.4214 0.3913 0.3197 0.2026 0.1858 0.2309 0.2938 0.3670 0.4177 0.4287 0.4156 0.3769 0.2855 0.1873 0.1983 0.2489 0.2810 0.2489 0.1983 0.1873 0.2855 0.3769 0.4156 0.4287 0.4177 0.3670 0.2938 0.2309 0.1858 0.2026 0.3197 0.3913 0.4214 0.4283 0.4083 0.3467 0.2745 0.2165 0.1808 0.2296 0.3464 0.4026 0.4255 0.4260 0.3950 0.3260 0.2566 0.2035 0.1828 0.2646 0.3670 0.4114 0.4280 0.4215 0.3780 0.3054 0.2399 0.1918 0.1925 0.3011 0.3839 0.4185 0.4287 0.4134 0.3564 0.2833 0.2686
0.3106 0.3564 0.4131 0.4288 0.4186 0.3842 0.3016 0.1926 0.1918 0.2400 0.3056 0.3783 0.4216 0.4280 0.4113 0.3667 0.2640 0.1827 0.2037 0.2569 0.3263 0.3953 0.4260 0.4255 0.4025 0.3460 0.2291 0.1808 0.2167 0.2748 0.3471 0.4085 0.4283 0.4213 0.3911 0.3192 0.2022 0.1860 0.2312 0.2941 0.3673 0.4178 0.4287 0.4155 0.3767 0.2849 0.1871 0.1967 0.2493 0.3176 0.3563 0.3176 0.2493 0.1967 0.1871 0.2849 0.3767 0.4155 0.4287 0.4178 0.3673 0.2941 0.2312 0.1860 0.2022 0.3192 0.3911 0.4213 0.4283 0.4085 0.3471 0.2748 0.2167 0.1808 0.2291 0.3460 0.4025 0.4255 0.4260 0.3953 0.3263 0.2569 0.2037 0.1827 0.2640 0.3667 0.4113 0.4280 0.4216 0.3783 0.3056 0.2400 0.1918 0.1926 0.3016 0.3842 0.4186 0.4288 0.4131 0.3564 0.3106
0.3635 0.4143 0.4285 0.4188 0.3844 0.3022 0.1929 0.1916 0.2399 0.3056 0.3785 0.4217 0.4280 0.4112 0.3664 0.2634 0.1826 0.2039 0.2572 0.3267 0.3955 0.4261 0.4254 0.4023 0.3456 0.2285 0.1808 0.2169 0.2751 0.3474 0.4087 0.4284 0.4212 0.3909 0.3186 0.2019 0.1861 0.2314 0.2944 0.3677 0.4179 0.4286 0.4154 0.3764 0.2843 0.1869 0.1970 0.2472 0.3171 0.3900 0.4158 0.3900 0.3171 0.2472 0.1970 0.1869 0.2843 0.3764 0.4154 0.4286 0.4179 0.3677 0.2944 0.2314 0.1861 0.2019 0.3186 0.3909 0.4212 0.4284 0.4087 0.3474 0.2751 0.2169 0.1808 0.2285 0.3456 0.4023 0.4254 0.4261 0.3955 0.3267 0.2572 0.2039 0.1826 0.2634 0.3664 0.4112 0.4280 0.4217 0.3785 0.3056 0.2399 0.1916 0.1929 0.3022 0.3844 0.4188 0.4285 0.4143 0.3635
0.4073 0.4308 0.4188 0.3847 0.3028 0.1932 0.1914 0.2396 0.3054 0.3783 0.4217 0.4280 0.4111 0.3661 0.2628 0.1825 0.2041 0.2575 0.3271 0.3958 0.4261 0.4253 0.4021 0.3452 0.2280 0.1809 0.2172 0.2755 0.3478 0.4089 0.4284 0.4211 0.3907 0.3181 0.2015 0.1863 0.2317 0.2948 0.3680 0.4181 0.4286 0.4152 0.3761 0.2837 0.1868 0.1972 0.2476 0.3149 0.3878 0.4256 0.4274 0.4256 0.3878 0.3149 0.2476 0.1972 0.1868 0.2837 0.3761 0.4152 0.4286 0.4181 0.3680 0.2948 0.2317 0.1863 0.2015 0.3181 0.3907 0.4211 0.4284 0.4089 0.3478 0.2755 0.2172 0.1809 0.2280 0.3452 0.4021 0.4253 0.4261 0.3958 0.3271 0.2575 0.2041 0.1825 0.2628 0.3661 0.4111 0.4280 0.4217 0.3783 0.3054 0.2396 0.1914 0.1932 0.3028 0.3847 0.4188 0.4308 0.4073
0.4273 0.4201 0.3849 0.3034 0.1934 0.1913 0.2393 0.3050 0.3780 0.4216 0.4280 0.4111 0.3659 0.2622 0.1824 0.2044 0.2578 0.3274 0.3961 0.4262 0.4253 0.4019 0.3448 0.2274 0.1809 0.2174 0.2758 0.3482 0.4091 0.4284 0.4210 0.3904 0.3175 0.2011 0.1865 0.2319 0.2951 0.3684 0.4182 0.4286 0.4151 0.3758 0.2830 0.1866 0.1974 0.2479 0.3154 0.3866 0.4240 0.4257 0.4118 0.4257 0.4240 0.3866 0.3154 0.2479 0.1974 0.1866 0.2830 0.3758 0.4151 0.4286 0.4182 0.3684 0.2951 0.2319 0.1865 0.2011 0.3175 0.3904 0.4210 0.4284 0.4091 0.3482 0.2758 0.2174 0.1809 0.2274 0.3448 0.4019 0.4253 0.4262 0.3961 0.3274 0.2578 0.2044 0.1824 0.2622 0.3659 0.4111 0.4280 0.4216 0.3780 0.3050 0.2393 0.1913 0.1934 0.3034 0.3849 0.4201 0.4273
0.4285 0.3852 0.3040 0.1937 0.1911 0.2391 0.3047 0.3777 0.4215 0.4280 0.4112 0.3661 0.2622 0.1824 0.2045 0.2580 0.3278 0.3963 0.4263 0.4252 0.4018 0.3444 0.2269 0.1809 0.2177 0.2761 0.3485 0.4093 0.4284 0.4209 0.3902 0.3170 0.2008 0.1866 0.2322 0.2955 0.3687 0.4183 0.4286 0.4150 0.3755 0.2824 0.1864 0.1976 0.2482 0.3158 0.3870 0.4240 0.4270 0.4033 0.3700 0.4033 0.4270 0.4240 0.3870 0.3158 0.2482 0.1976 0.1864 0.2824 0.3755 0.4150 0.4286 0.4183 0.3687 0.2955 0.2322 0.1866 0.2008 0.3170 0.3902 0.4209 0.4284 0.4093 0.3485 0.2761 0.2177 0.1809 0.2269 0.3444 0.4018 0.4252 0.4263 0.3963 0.3278 0.2580 0.2045 0.1824 0.2622 0.3661 0.4112 0.4280 0.4215 0.3777 0.3047 0.2391 0.1911 0.1937 0.3040 0.3852 0.4285
0.4063 0.3047 0.1939 0.1909 0.2388 0.3043 0.3774 0.4214 0.4280 0.4113 0.3664 0.2628 0.1824 0.2045 0.2582 0.3281 0.3966 0.4263 0.4252 0.4016 0.3439 0.2263 0.1810 0.2179 0.2764 0.3489 0.4095 0.4284 0.4209 0.3900 0.3164 0.2005 0.1868 0.2325 0.2958 0.3690 0.4184 0.4286 0.4149 0.3753 0.2818 0.1863 0.1978 0.2485 0.3161 0.3873 0.4241 0.4270 0.4071 0.3504 0.2832 0.3504 0.4071 0.4270 0.4241 0.3873 0.3161 0.2485 0.1978 0.1863 0.2818 0.3753 0.4149 0.4286 0.4184 0.3690 0.2958 0.2325 0.1868 0.2005 0.3164 0.3900 0.4209 0.4284 0.4095 0.3489 0.2764 0.2179 0.1810 0.2263 0.3439 0.4016 0.4252 0.4263 0.3966 0.3281 0.2582 0.2045 0.1824 0.2628 0.3664 0.4113 0.4280 0.4214 0.3774 0.3043 0.2388 0.1909 0.1939 0.3047 0.4063
0.3422 0.1944 0.1907 0.2385 0.3040 0.3771 0.4213 0.4281 0.4114 0.3667 0.2634 0.1825 0.2044 0.2580 0.3281 0.3967 0.4264 0.4251 0.4014 0.3435 0.2258 0.1810 0.2181 0.2768 0.3492 0.4096 0.4285 0.4208 0.3898 0.3159 0.2001 0.1870 0.2327 0.2962 0.3694 0.4186 0.4286 0.4148 0.3750 0.2812 0.1861 0.1980 0.2488 0.3165 0.3876 0.4242 0.4269 0.4071 0.3561 0.2427 0.1806 0.2427 0.3561 0.4071 0.4269 0.4242 0.3876 0.3165 0.2488 0.1980 0.1861 0.2812 0.3750 0.4148 0.4286 0.4186 0.3694 0.2962 0.2327 0.1870 0.2001 0.3159 0.3898 0.4208 0.4285 0.4096 0.3492 0.2768 0.2181 0.1810 0.2258 0.3435 0.4014 0.4251 0.4264 0.3967 0.3281 0.2580 0.2044 0.1825 0.2634 0.3667 0.4114 0.4281 0.4213 0.3771 0.3040 0.2385 0.1907 0.1944 0.3422
0.2556 0.1906 0.2382 0.3036 0.3767 0.4212 0.4281 0.4116 0.3670 0.2640 0.1826 0.2041 0.2578 0.3278 0.3966 0.4264 0.4251 0.4012 0.3431 0.2252 0.1811 0.2184 0.2771 0.3496 0.4098 0.4285 0.4207 0.3895 0.3153 0.1998 0.1871 0.2330 0.2965 0.3697 0.4187 0.4286 0.4146 0.3747 0.2805 0.1860 0.1982 0.2491 0.3169 0.3879 0.4243 0.4268 0.4068 0.3562 0.2439 0.1810 0.1899 0.1810 0.2439 0.3562 0.4068 0.4268 0.4243 0.3879 0.3169 0.2491 0.1982 0.1860 0.2805 0.3747 0.4146 0.4286 0.4187 0.3697 0.2965 0.2330 0.1871 0.1998 0.3153 0.3895 0.4207 0.4285 0.4098 0.3496 0.2771 0.2184 0.1811 0.2252 0.3431 0.4012 0.4251 0.4264 0.3966 0.3278 0.2578 0.2041 0.1826 0.2640 0.3670 0.4116 0.4281 0.4212 0.3767 0.3036 0.2382 0.1906 0.2556
0.2486 0.2381 0.3032 0.3764 0.4211 0.4281 0.4117 0.3673 0.2646 0.1827 0.2039 0.2575 0.3274 0.3963 0.4263 0.4251 0.4012 0.3429 0.2248 0.1811 0.2186 0.2774 0.3499 0.4100 0.4285 0.4206 0.3893 0.3147 0.1994 0.1873 0.2333 0.2969 0.3700 0.4188 0.4286 0.4145 0.3744 0.2799 0.1858 0.1984 0.2494 0.3172 0.3882 0.4244 0.4268 0.4066 0.3557 0.2439 0.1819 0.2123 0.2381 0.2123 0.1819 0.2439 0.3557 0.4066 0.4268 0.4244 0.3882 0.3172 0.2494 0.1984 0.1858 0.2799 0.3744 0.4145 0.4286 0.4188 0.3700 0.2969 0.2333 0.1873 0.1994 0.3147 0.3893 0.4206 0.4285 0.4100 0.3499 0.2774 0.2186 0.1811 0.2248 0.3429 0.4012 0.4251 0.4263 0.3963 0.3274 0.2575 0.2039 0.1827 0.2646 0.3673 0.4117 0.4281 0.4211 0.3764 0.3032 0.2381 0.2486
0.2788 0.3031 0.3760 0.4210 0.4281 0.4118 0.3677 0.2653 0.1828 0.2037 0.2572 0.3271 0.3961 0.4263 0.4252 0.4014 0.3431 0.2248 0.1811 0.2188 0.2777 0.3503 0.4102 0.4285 0.4205 0.3891 0.3141 0.1991 0.1875 0.2335 0.2972 0.3704 0.4189 0.4285 0.4144 0.3741 0.2793 0.1857 0.1986 0.2496 0.3176 0.3885 0.4244 0.4267 0.4065 0.3553 0.2433 0.1808 0.2130 0.2696 0.3047 0.2696 0.2130 0.1808 0.2433 0.3553 0.4065 0.4267 0.4244 0.3885 0.3176 0.2496 0.1986 0.1857 0.2793 0.3741 0.4144 0.4285 0.4189 0.3704 0.2972 0.2335 0.1875 0.1991 0.3141 0.3891 0.4205 0.4285 0.4102 0.3503 0.2777 0.2188 0.1811 0.2248 0.3431 0.4014 0.4252 0.4263 0.3961 0.3271 0.2572 0.2037 0.1828 0.2653 0.3677 0.4118 0.4281 0.4210 0.3760 0.3031 0.2788
0.3248 0.3762 0.4207 0.4282 0.4120 0.3680 0.2659 0.1829 0.2035 0.2569 0.3267 0.3958 0.4262 0.4252 0.4016 0.3435 0.2252 0.1811 0.2188 0.2778 0.3506 0.4104 0.4285 0.4204 0.3888 0.3136 0.1988 0.1877 0.2338 0.2975 0.3707 0.4190 0.4285 0.4143 0.3738 0.2787 0.1855 0.1988 0.2499 0.3179 0.3888 0.4245 0.4267 0.4063 0.3550 0.2427 0.1808 0.2113 0.2698 0.3424 0.3802 0.3424 0.2698 0.2113 0.1808 0.2427 0.3550 0.4063 0.4267 0.4245 0.3888 0.3179 0.2499 0.1988 0.1855 0.2787 0.3738 0.4143 0.4285 0.4190 0.3707 0.2975 0.2338 0.1877 0.1988 0.3136 0.3888 0.4204 0.4285 0.4104 0.3506 0.2778 0.2188 0.1811 0.2252 0.3435 0.4016 0.4252 0.4262 0.3958 0.3267 0.2569 0.2035 0.1829 0.2659 0.3680 0.4120 0.4282 0.4207 0.3762 0.3248
0.3779 0.4223 0.4280 0.4121 0.3683 0.2665 0.1830 0.2033 0.2566 0.3263 0.3955 0.4261 0.4253 0.4018 0.3439 0.2258 0.1811 0.2186 0.2777 0.3506 0.4105 0.4285 0.4203 0.3886 0.3130 0.1985 0.1878 0.2341 0.2979 0.3710 0.4192 0.4285 0.4142 0.3735 0.2780 0.1854 0.1990 0.2502 0.3183 0.3891 0.4246 0.4266 0.4062 0.3546 0.2421 0.1808 0.2115 0.2677 0.3414 0.4073 0.4240 0.4073 0.3414 0.2677 0.2115 0.1808 0.2421 0.3546 0.4062 0.4266 0.4246 0.3891 0.3183 0.2502 0.1990 0.1854 0.2780 0.3735 0.4142 0.4285 0.4192 0.3710 0.2979 0.2341 0.1878 0.1985 0.3130 0.3886 0.4203 0.4285 0.4105 0.3506 0.2777 0.2186 0.1811 0.2258 0.3439 0.4018 0.4253 0.4261 0.3955 0.3263 0.2566 0.2033 0.1830 0.2665 0.3683 0.4121 0.4280 0.4223 0.3779
0.4150 0.4302 0.4122 0.3686 0.2672 0.1831 0.2031 0.2563 0.3260 0.3953 0.4261 0.4253 0.4019 0.3444 0.2263 0.1810 0.2184 0.2774 0.3503 0.4104 0.4285 0.4203 0.3884 0.3124 0.1981 0.1880 0.2343 0.2982 0.3714 0.4193 0.4285 0.4140 0.3732 0.2774 0.1852 0.1992 0.2505 0.3187 0.3894 0.4247 0.4266 0.4060 0.3542 0.2415 0.1808 0.2118 0.2680 0.3394 0.4048 0.4284 0.4245 0.4284 0.4048 0.3394 0.2680 0.2118 0.1808 0.2415 0.3542 0.4060 0.4266 0.4247 0.3894 0.3187 0.2505 0.1992 0.1852 0.2774 0.3732 0.4140 0.4285 0.4193 0.3714 0.2982 0.2343 0.1880 0.1981 0.3124 0.3884 0.4203 0.4285 0.4104 0.3503 0.2774 0.2184 0.1810 0.2263 0.3444 0.4019 0.4253 0.4261 0.3953 0.3260 0.2563 0.2031 0.1831 0.2672 0.3686 0.4122 0.4302 0.4150
0.4296 0.4131 0.3689 0.2678 0.1832 0.2029 0.2560 0.3256 0.3950 0.4260 0.4254 0.4021 0.3448 0.2269 0.1810 0.2181 0.2771 0.3499 0.4102 0.4285 0.4203 0.3884 0.3121 0.1979 0.1882 0.2346 0.2986 0.3717 0.4194 0.4285 0.4139 0.3729 0.2768 0.1851 0.1994 0.2508 0.3190 0.3897 0.4247 0.4265 0.4058 0.3539 0.2409 0.1807 0.2120 0.2684 0.3398 0.4042 0.4278 0.4208 0.4018 0.4208 0.4278 0.4042 0.3398 0.2684 0.2120 0.1807 0.2409 0.3539 0.4058 0.4265 0.4247 0.3897 0.3190 0.2508 0.1994 0.1851 0.2768 0.3729 0.4139 0.4285 0.4194 0.3717 0.2986 0.2346 0.1882 0.1979 0.3121 0.3884 0.4203 0.4285 0.4102 0.3499 0.2771 0.2181 0.1810 0.2269 0.3448 0.4021 0.4254 0.4260 0.3950 0.3256 0.2560 0.2029 0.1832 0.2678 0.3689 0.4131 0.4296
0.4250 0.3693 0.2684 0.1833 0.2026 0.2557 0.3253 0.3947 0.4260 0.4255 0.4023 0.3452 0.2274 0.1809 0.2179 0.2768 0.3496 0.4100 0.4285 0.4204 0.3886 0.3124 0.1979 0.1883 0.2348 0.2989 0.3720 0.4195 0.4285 0.4138 0.3726 0.2762 0.1849 0.1996 0.2511 0.3194 0.3900 0.4248 0.4265 0.4057 0.3535 0.2403 0.1807 0.2122 0.2687 0.3402 0.4045 0.4278 0.4229 0.3903 0.3480 0.3903 0.4229 0.4278 0.4045 0.3402 0.2687 0.2122 0.1807 0.2403 0.3535 0.4057 0.4265 0.4248 0.3900 0.3194 0.2511 0.1996 0.1849 0.2762 0.3726 0.4138 0.4285 0.4195 0.3720 0.2989 0.2348 0.1883 0.1979 0.3124 0.3886 0.4204 0.4285 0.4100 0.3496 0.2768 0.2179 0.1809 0.2274 0.3452 0.4023 0.4255 0.4260 0.3947 0.3253 0.2557 0.2026 0.1833 0.2684 0.3693 0.4250
0.3943 0.2692 0.1834 0.2024 0.2554 0.3249 0.3945 0.4259 0.4255 0.4025 0.3456 0.2280 0.1809 0.2177 0.2764 0.3492 0.4098 0.4285 0.4205 0.3888 0.3130 0.1981 0.1882 0.2348 0.2990 0.3723 0.4196 0.4284 0.4137 0.3723 0.2755 0.1848 0.1999 0.2514 0.3197 0.3902 0.4249 0.4265 0.4055 0.3531 0.2397 0.1807 0.2125 0.2690 0.3406 0.4048 0.4278 0.4229 0.3949 0.3224 0.2435 0.3224 0.3949 0.4229 0.4278 0.4048 0.3406 0.2690 0.2125 0.1807 0.2397 0.3531 0.4055 0.4265 0.4249 0.3902 0.3197 0.2514 0.1999 0.1848 0.2755 0.3723 0.4137 0.4284 0.4196 0.3723 0.2990 0.2348 0.1882 0.1981 0.3130 0.3888 0.4205 0.4285 0.4098 0.3492 0.2764 0.2177 0.1809 0.2280 0.3456 0.4025 0.4255 0.4259 0.3945 0.3249 0.2554 0.2024 0.1834 0.2692 0.3943
0.3136 0.1836 0.2022 0.2551 0.3245 0.3942 0.4259 0.4256 0.4026 0.3460 0.2285 0.1809 0.2174 0.2761 0.3489 0.4096 0.4285 0.4206 0.3891 0.3136 0.1985 0.1880 0.2346 0.2989 0.3723 0.4197 0.4284 0.4135 0.3721 0.2749 0.1847 0.2001 0.2517 0.3201 0.3905 0.4249 0.4264 0.4054 0.3527 0.2391 0.1807 0.2127 0.2694 0.3410 0.4050 0.4279 0.4227 0.3949 0.3274 0.2073 0.1732 0.2073 0.3274 0.3949 0.4227 0.4279 0.4050 0.3410 0.2694 0.2127 0.1807 0.2391 0.3527 0.4054 0.4264 0.4249 0.3905 0.3201 0.2517 0.2001 0.1847 0.2749 0.3721 0.4135 0.4284 0.4197 0.3723 0.2989 0.2346 0.1880 0.1985 0.3136 0.3891 0.4206 0.4285 0.4096 0.3489 0.2761 0.2174 0.1809 0.2285 0.3460 0.4026 0.4256 0.4259 0.3942 0.3245 0.2551 0.2022 0.1836 0.3136
0.2468 0.2021 0.2547 0.3242 0.3939 0.4258 0.4256 0.4028 0.3464 0.2291 0.1808 0.2172 0.2758 0.3485 0.4095 0.4285 0.4207 0.3893 0.3141 0.1988 0.1878 0.2343 0.2986 0.3720 0.4196 0.4284 0.4135 0.3718 0.2743 0.1845 0.2003 0.2520 0.3205 0.3908 0.4250 0.4264 0.4052 0.3524 0.2385 0.1807 0.2129 0.2697 0.3413 0.4052 0.4279 0.4226 0.3946 0.3276 0.2085 0.1846 0.2036 0.1846 0.2085 0.3276 0.3946 0.4226 0.4279 0.4052 0.3413 0.2697 0.2129 0.1807 0.2385 0.3524 0.4052 0.4264 0.4250 0.3908 0.3205 0.2520 0.2003 0.1845 0.2743 0.3718 0.4135 0.4284 0.4196 0.3720 0.2986 0.2343 0.1878 0.1988 0.3141 0.3893 0.4207 0.4285 0.4095 0.3485 0.2758 0.2172 0.1808 0.2291 0.3464 0.4028 0.4256 0.4258 0.3939 0.3242 0.2547 0.2021 0.2468
0.2553 0.2546 0.3238 0.3937 0.4257 0.4257 0.4030 0.3468 0.2296 0.1808 0.2169 0.2755 0.3482 0.4093 0.4284 0.4208 0.3895 0.3147 0.1991 0.1877 0.2341 0.2982 0.3717 0.4195 0.4284 0.4135 0.3718 0.2740 0.1844 0.2005 0.2523 0.3208 0.3911 0.4251 0.4263 0.4050 0.3520 0.2379 0.1807 0.2132 0.2700 0.3417 0.4054 0.4279 0.4225 0.3943 0.3270 0.2081 0.1854 0.2290 0.2579 0.2290 0.1854 0.2081 0.3270 0.3943 0.4225 0.4279 0.4054 0.3417 0.2700 0.2132 0.1807 0.2379 0.3520 0.4050 0.4263 0.4251 0.3911 0.3208 0.2523 0.2005 0.1844 0.2740 0.3718 0.4135 0.4284 0.4195 0.3717 0.2982 0.2341 0.1877 0.1991 0.3147 0.3895 0.4208 0.4284 0.4093 0.3482 0.2755 0.2169 0.1808 0.2296 0.3468 0.4030 0.4257 0.4257 0.3937 0.3238 0.2546 0.2553
0.2902 0.3237 0.3933 0.4257 0.4257 0.4031 0.3472 0.2302 0.1808 0.2167 0.2751 0.3478 0.4091 0.4284 0.4209 0.3898 0.3153 0.1994 0.1875 0.2338 0.2979 0.3714 0.4194 0.4285 0.4137 0.3721 0.2743 0.1844 0.2005 0.2525 0.3211 0.3914 0.4251 0.4263 0.4049 0.3516 0.2373 0.1807 0.2134 0.2703 0.3420 0.4056 0.4280 0.4225 0.3941 0.3265 0.2077 0.1840 0.2296 0.2922 0.3296 0.2922 0.2296 0.1840 0.2077 0.3265 0.3941 0.4225 0.4280 0.4056 0.3420 0.2703 0.2134 0.1807 0.2373 0.3516 0.4049 0.4263 0.4251 0.3914 0.3211 0.2525 0.2005 0.1844 0.2743 0.3721 0.4137 0.4285 0.4194 0.3714 0.2979 0.2338 0.1875 0.1994 0.3153 0.3898 0.4209 0.4284 0.4091 0.3478 0.2751 0.2167 0.1808 0.2302 0.3472 0.4031 0.4257 0.4257 0.3933 0.3237 0.2902
0.3397 0.3938 0.4254 0.4258 0.4033 0.3476 0.2308 0.1808 0.2165 0.2748 0.3474 0.4089 0.4284 0.4209 0.3900 0.3159 0.1998 0.1873 0.2335 0.2975 0.3710 0.4193 0.4285 0.4138 0.3723 0.2749 0.1845 0.2005 0.2525 0.3213 0.3916 0.4252 0.4262 0.4047 0.3512 0.2368 0.1807 0.2136 0.2706 0.3424 0.4058 0.4280 0.4224 0.3939 0.3260 0.2073 0.1841 0.2277 0.2921 0.3667 0.4005 0.3667 0.2921 0.2277 0.1841 0.2073 0.3260 0.3939 0.4224 0.4280 0.4058 0.3424 0.2706 0.2136 0.1807 0.2368 0.3512 0.4047 0.4262 0.4252 0.3916 0.3213 0.2525 0.2005 0.1845 0.2749 0.3723 0.4138 0.4285 0.4193 0.3710 0.2975 0.2335 0.1873 0.1998 0.3159 0.3900 0.4209 0.4284 0.4089 0.3474 0.2748 0.2165 0.1808 0.2308 0.3476 0.4033 0.4258 0.4254 0.3938 0.3397
0.3909 0.4274 0.4257 0.4035 0.3480 0.2313 0.1807 0.2162 0.2745 0.3471 0.4087 0.4284 0.4210 0.3902 0.3164 0.2001 0.1871 0.2333 0.2972 0.3707 0.4192 0.4285 0.4139 0.3726 0.2755 0.1847 0.2003 0.2523 0.3211 0.3916 0.4252 0.4262 0.4045 0.3508 0.2362 0.1807 0.2139 0.2710 0.3428 0.4061 0.4280 0.4223 0.3937 0.3255 0.2069 0.1843 0.2279 0.2899 0.3652 0.4188 0.4275 0.4188 0.3652 0.2899 0.2279 0.1843 0.2069 0.3255 0.3937 0.4223 0.4280 0.4061 0.3428 0.2710 0.2139 0.1807 0.2362 0.3508 0.4045 0.4262 0.4252 0.3916 0.3211 0.2523 0.2003 0.1847 0.2755 0.3726 0.4139 0.4285 0.4192 0.3707 0.2972 0.2333 0.1871 0.2001 0.3164 0.3902 0.4210 0.4284 0.4087 0.3471 0.2745 0.2162 0.1807 0.2313 0.3480 0.4035 0.4257 0.4274 0.3909
0.4209 0.4277 0.4037 0.3484 0.2319 0.1807 0.2160 0.2742 0.3467 0.4085 0.4284 0.4211 0.3904 0.3170 0.2005 0.1870 0.2330 0.2969 0.3704 0.4190 0.4285 0.4140 0.3729 0.2762 0.1848 0.2001 0.2520 0.3208 0.3914 0.4252 0.4262 0.4045 0.3505 0.2356 0.1807 0.2141 0.2713 0.3431 0.4063 0.4281 0.4222 0.3935 0.3250 0.2064 0.1844 0.2283 0.2903 0.3634 0.4165 0.4284 0.4195 0.4284 0.4165 0.3634 0.2903 0.2283 0.1844 0.2064 0.3250 0.3935 0.4222 0.4281 0.4063 0.3431 0.2713 0.2141 0.1807 0.2356 0.3505 0.4045 0.4262 0.4252 0.3914 0.3208 0.2520 0.2001 0.1848 0.2762 0.3729 0.4140 0.4285 0.4190 0.3704 0.2969 0.2330 0.1870 0.2005 0.3170 0.3904 0.4211 0.4284 0.4085 0.3467 0.2742 0.2160 0.1807 0.2319 0.3484 0.4037 0.4277 0.4209
0.4305 0.4041 0.3488 0.2325 0.1807 0.2157 0.2738 0.3464 0.4083 0.4283 0.4212 0.3907 0.3175 0.2008 0.1868 0.2327 0.2965 0.3700 0.4189 0.4285 0.4142 0.3732 0.2768 0.1849 0.1999 0.2517 0.3205 0.3911 0.4251 0.4262 0.4045 0.3505 0.2353 0.1807 0.2143 0.2716 0.3435 0.4065 0.4281 0.4221 0.3933 0.3245 0.2060 0.1846 0.2285 0.2907 0.3638 0.4164 0.4288 0.4136 0.3884 0.4136 0.4288 0.4164 0.3638 0.2907 0.2285 0.1846 0.2060 0.3245 0.3933 0.4221 0.4281 0.4065 0.3435 0.2716 0.2143 0.1807 0.2353 0.3505 0.4045 0.4262 0.4251 0.3911 0.3205 0.2517 0.1999 0.1849 0.2768 0.3732 0.4142 0.4285 0.4189 0.3700 0.2965 0.2327 0.1868 0.2008 0.3175 0.3907 0.4212 0.4283 0.4083 0.3464 0.2738 0.2157 0.1807 0.2325 0.3488 0.4041 0.4305
0.4195 0.3493 0.2331 0.1807 0.2155 0.2735 0.3460 0.4081 0.4283 0.4213 0.3909 0.3181 0.2011 0.1866 0.2325 0.2962 0.3697 0.4188 0.4285 0.4143 0.3735 0.2774 0.1851 0.1996 0.2514 0.3201 0.3908 0.4251 0.4263 0.4047 0.3508 0.2356 0.1807 0.2144 0.2719 0.3438 0.4067 0.4281 0.4221 0.3931 0.3239 0.2056 0.1847 0.2288 0.2910 0.3643 0.4166 0.4288 0.4165 0.3734 0.3204 0.3734 0.4165 0.4288 0.4166 0.3643 0.2910 0.2288 0.1847 0.2056 0.3239 0.3931 0.4221 0.4281 0.4067 0.3438 0.2719 0.2144 0.1807 0.2356 0.3508 0.4047 0.4263 0.4251 0.3908 0.3201 0.2514 0.1996 0.1851 0.2774 0.3735 0.4143 0.4285 0.4188 0.3697 0.2962 0.2325 0.1866 0.2011 0.3181 0.3909 0.4213 0.4283 0.4081 0.3460 0.2735 0.2155 0.1807 0.2331 0.3493 0.4195
0.3785 0.2338 0.1807 0.2153 0.2732 0.3456 0.4079 0.4283 0.4214 0.3911 0.3186 0.2015 0.1865 0.2322 0.2958 0.3694 0.4187 0.4286 0.4144 0.3738 0.2780 0.1852 0.1994 0.2511 0.3197 0.3905 0.4250 0.4263 0.4049 0.3512 0.2362 0.1807 0.2143 0.2719 0.3440 0.4069 0.4281 0.4220 0.3929 0.3234 0.2052 0.1848 0.2291 0.2914 0.3646 0.4167 0.4287 0.4165 0.3787 0.2864 0.2059 0.2864 0.3787 0.4165 0.4287 0.4167 0.3646 0.2914 0.2291 0.1848 0.2052 0.3234 0.3929 0.4220 0.4281 0.4069 0.3440 0.2719 0.2143 0.1807 0.2362 0.3512 0.4049 0.4263 0.4250 0.3905 0.3197 0.2511 0.1994 0.1852 0.2780 0.3738 0.4144 0.4286 0.4187 0.3694 0.2958 0.2322 0.1865 0.2015 0.3186 0.3911 0.4214 0.4283 0.4079 0.3456 0.2732 0.2153 0.1807 0.2338 0.3785
0.2860 0.1808 0.2150 0.2729 0.3453 0.4077 0.4283 0.4215 0.3913 0.3192 0.2019 0.1863 0.2319 0.2955 0.3690 0.4186 0.4286 0.4145 0.3741 0.2787 0.1854 0.1992 0.2508 0.3194 0.3902 0.4249 0.4264 0.4050 0.3516 0.2368 0.1807 0.2141 0.2716 0.3438 0.4069 0.4282 0.4219 0.3926 0.3229 0.2049 0.1850 0.2293 0.2917 0.3649 0.4169 0.4287 0.4163 0.3788 0.2884 0.1878 0.1781 0.1878 0.2884 0.3788 0.4163 0.4287 0.4169 0.3649 0.2917 0.2293 0.1850 0.2049 0.3229 0.3926 0.4219 0.4282 0.4069 0.3438 0.2716 0.2141 0.1807 0.2368 0.3516 0.4050 0.4264 0.4249 0.3902 0.3194 0.2508 0.1992 0.1854 0.2787 0.3741 0.4145 0.4286 0.4186 0.3690 0.2955 0.2319 0.1863 0.2019 0.3192 0.3913 0.4215 0.4283 0.4077 0.3453 0.2729 0.2150 0.1808 0.2860
0.2438 0.2149 0.2725 0.3449 0.4075 0.4282 0.4216 0.3915 0.3197 0.2022 0.1861 0.2317 0.2951 0.3687 0.4184 0.4286 0.4146 0.3744 0.2793 0.1855 0.1990 0.2505 0.3190 0.3900 0.4249 0.4264 0.4052 0.3520 0.2373 0.1807 0.2139 0.2713 0.3435 0.4067 0.4281 0.4219 0.3925 0.3225 0.2045 0.1851 0.2296 0.2920 0.3653 0.4170 0.4287 0.4162 0.3783 0.2886 0.1888 0.1967 0.2192 0.1967 0.1888 0.2886 0.3783 0.4162 0.4287 0.4170 0.3653 0.2920 0.2296 0.1851 0.2045 0.3225 0.3925 0.4219 0.4281 0.4067 0.3435 0.2713 0.2139 0.1807 0.2373 0.3520 0.4052 0.4264 0.4249 0.3900 0.3190 0.2505 0.1990 0.1855 0.2793 0.3744 0.4146 0.4286 0.4184 0.3687 0.2951 0.2317 0.1861 0.2022 0.3197 0.3915 0.4216 0.4282 0.4075 0.3449 0.2725 0.2149 0.2438
0.2633 0.2724 0.3445 0.4073 0.4282 0.4216 0.3918 0.3203 0.2026 0.1860 0.2314 0.2948 0.3684 0.4183 0.4286 0.4148 0.3747 0.2799 0.1857 0.1988 0.2502 0.3187 0.3897 0.4248 0.4265 0.4054 0.3524 0.2379 0.1807 0.2136 0.2710 0.3431 0.4065 0.4281 0.4220 0.3926 0.3225 0.2043 0.1852 0.2298 0.2924 0.3656 0.4171 0.4287 0.4160 0.3781 0.2880 0.1879 0.1974 0.2476 0.2796 0.2476 0.1974 0.1879 0.2880 0.3781 0.4160 0.4287 0.4171 0.3656 0.2924 0.2298 0.1852 0.2043 0.3225 0.3926 0.4220 0.4281 0.4065 0.3431 0.2710 0.2136 0.1807 0.2379 0.3524 0.4054 0.4265 0.4248 0.3897 0.3187 0.2502 0.1988 0.1857 0.2799 0.3747 0.4148 0.4286 0.4183 0.3684 0.2948 0.2314 0.1860 0.2026 0.3203 0.3918 0.4216 0.4282 0.4073 0.3445 0.2724 0.2633
0.3028 0.3445 0.4070 0.4282 0.4217 0.3920 0.3208 0.2030 0.1858 0.2312 0.2944 0.3680 0.4182 0.4286 0.4149 0.3750 0.2805 0.1858 0.1986 0.2499 0.3183 0.3894 0.4247 0.4265 0.4055 0.3527 0.2385 0.1807 0.2134 0.2706 0.3428 0.4063 0.4281 0.4221 0.3929 0.3229 0.2045 0.1852 0.2299 0.2927 0.3659 0.4173 0.4287 0.4159 0.3778 0.2874 0.1878 0.1959 0.2480 0.3161 0.3547 0.3161 0.2480 0.1959 0.1878 0.2874 0.3778 0.4159 0.4287 0.4173 0.3659 0.2927 0.2299 0.1852 0.2045 0.3229 0.3929 0.4221 0.4281 0.4063 0.3428 0.2706 0.2134 0.1807 0.2385 0.3527 0.4055 0.4265 0.4247 0.3894 0.3183 0.2499 0.1986 0.1858 0.2805 0.3750 0.4149 0.4286 0.4182 0.3680 0.2944 0.2312 0.1858 0.2030 0.3208 0.3920 0.4217 0.4282 0.4070 0.3445 0.3028
0.3548 0.4079 0.4280 0.4218 0.3922 0.3213 0.2033 0.1857 0.2309 0.2941 0.3677 0.4181 0.4286 0.4150 0.3753 0.2812 0.1860 0.1984 0.2496 0.3179 0.3891 0.4247 0.4265 0.4057 0.3531 0.2391 0.1807 0.2132 0.2703 0.3424 0.4061 0.4281 0.4221 0.3931 0.3234 0.2049 0.1851 0.2298 0.2927 0.3661 0.4174 0.4287 0.4158 0.3775 0.2868 0.1876 0.1961 0.2460 0.3156 0.3887 0.4151 0.3887 0.3156 0.2460 0.1961 0.1876 0.2868 0.3775 0.4158 0.4287 0.4174 0.3661 0.2927 0.2298 0.1851 0.2049 0.3234 0.3931 0.4221 0.4281 0.4061 0.3424 0.2703 0.2132 0.1807 0.2391 0.3531 0.4057 0.4265 0.4247 0.3891 0.3179 0.2496 0.1984 0.1860 0.2812 0.3753 0.4150 0.4286 0.4181 0.3677 0.2941 0.2309 0.1857 0.2033 0.3213 0.3922 0.4218 0.4280 0.4079 0.3548
0.4020 0.4302 0.4218 0.3924 0.3219 0.2037 0.1855 0.2306 0.2938 0.3673 0.4179 0.4286 0.4151 0.3755 0.2818 0.1861 0.1982 0.2494 0.3176 0.3888 0.4246 0.4266 0.4058 0.3535 0.2397 0.1807 0.2129 0.2700 0.3420 0.4058 0.4280 0.4222 0.3933 0.3239 0.2052 0.1850 0.2296 0.2924 0.3659 0.4174 0.4287 0.4157 0.3772 0.2861 0.1874 0.1963 0.2463 0.3134 0.3866 0.4253 0.4275 0.4253 0.3866 0.3134 0.2463 0.1963 0.1874 0.2861 0.3772 0.4157 0.4287 0.4174 0.3659 0.2924 0.2296 0.1850 0.2052 0.3239 0.3933 0.4222 0.4280 0.4058 0.3420 0.2700 0.2129 0.1807 0.2397 0.3535 0.4058 0.4266 0.4246 0.3888 0.3176 0.2494 0.1982 0.1861 0.2818 0.3755 0.4151 0.4286 0.4179 0.3673 0.2938 0.2306 0.1855 0.2037 0.3219 0.3924 0.4218 0.4302 0.4020
0.4253 0.4234 0.3926 0.3224 0.2041 0.1854 0.2304 0.2934 0.3670 0.4178 0.4286 0.4152 0.3758 0.2824 0.1863 0.1980 0.2491 0.3172 0.3885 0.4245 0.4266 0.4060 0.3539 0.2403 0.1807 0.2127 0.2697 0.3417 0.4056 0.4280 0.4223 0.3935 0.3245 0.2056 0.1848 0.2293 0.2920 0.3656 0.4173 0.4287 0.4157 0.3771 0.2856 0.1872 0.1965 0.2467 0.3138 0.3853 0.4237 0.4260 0.4124 0.4260 0.4237 0.3853 0.3138 0.2467 0.1965 0.1872 0.2856 0.3771 0.4157 0.4287 0.4173 0.3656 0.2920 0.2293 0.1848 0.2056 0.3245 0.3935 0.4223 0.4280 0.4056 0.3417 0.2697 0.2127 0.1807 0.2403 0.3539 0.4060 0.4266 0.4245 0.3885 0.3172 0.2491 0.1980 0.1863 0.2824 0.3758 0.4152 0.4286 0.4178 0.3670 0.2934 0.2304 0.1854 0.2041 0.3224 0.3926 0.4234 0.4253
0.4298 0.3929 0.3229 0.2045 0.1852 0.2301 0.2931 0.3667 0.4177 0.4287 0.4154 0.3761 0.2830 0.1864 0.1978 0.2488 0.3169 0.3882 0.4244 0.4267 0.4062 0.3542 0.2409 0.1807 0.2125 0.2694 0.3413 0.4054 0.4280 0.4224 0.3937 0.3250 0.2060 0.1847 0.2291 0.2917 0.3653 0.4171 0.4287 0.4158 0.3772 0.2856 0.1871 0.1967 0.2469 0.3142 0.3857 0.4237 0.4272 0.4041 0.3712 0.4041 0.4272 0.4237 0.3857 0.3142 0.2469 0.1967 0.1871 0.2856 0.3772 0.4158 0.4287 0.4171 0.3653 0.2917 0.2291 0.1847 0.2060 0.3250 0.3937 0.4224 0.4280 0.4054 0.3413 0.2694 0.2125 0.1807 0.2409 0.3542 0.4062 0.4267 0.4244 0.3882 0.3169 0.2488 0.1978 0.1864 0.2830 0.3761 0.4154 0.4287 0.4177 0.3667 0.2931 0.2301 0.1852 0.2045 0.3229 0.3929 0.4298
0.4119 0.3235 0.2049 0.1851 0.2298 0.2927 0.3663 0.4175 0.4287 0.4155 0.3764 0.2837 0.1866 0.1976 0.2485 0.3165 0.3879 0.4244 0.4267 0.4063 0.3546 0.2415 0.1807 0.2122 0.2690 0.3410 0.4052 0.4279 0.4225 0.3939 0.3255 0.2064 0.1846 0.2288 0.2914 0.3649 0.4170 0.4287 0.4159 0.3775 0.2861 0.1872 0.1967 0.2470 0.3145 0.3860 0.4238 0.4271 0.4077 0.3519 0.2856 0.3519 0.4077 0.4271 0.4238 0.3860 0.3145 0.2470 0.1967 0.1872 0.2861 0.3775 0.4159 0.4287 0.4170 0.3649 0.2914 0.2288 0.1846 0.2064 0.3255 0.3939 0.4225 0.4279 0.4052 0.3410 0.2690 0.2122 0.1807 0.2415 0.3546 0.4063 0.4267 0.4244 0.3879 0.3165 0.2485 0.1976 0.1866 0.2837 0.3764 0.4155 0.4287 0.4175 0.3663 0.2927 0.2298 0.1851 0.2049 0.3235 0.4119
0.3576 0.2054 0.1850 0.2296 0.2924 0.3660 0.4174 0.4287 0.4156 0.3767 0.2843 0.1868 0.1974 0.2482 0.3161 0.3876 0.4243 0.4268 0.4065 0.3550 0.2421 0.1808 0.2120 0.2687 0.3406 0.4050 0.4279 0.4225 0.3941 0.3260 0.2069 0.1844 0.2285 0.2910 0.3646 0.4169 0.4287 0.4160 0.3778 0.2868 0.1874 0.1965 0.2469 0.3145 0.3862 0.4239 0.4271 0.4077 0.3577 0.2453 0.1816 0.2453 0.3577 0.4077 0.4271 0.4239 0.3862 0.3145 0.2469 0.1965 0.1874 0.2868 0.3778 0.4160 0.4287 0.4169 0.3646 0.2910 0.2285 0.1844 0.2069 0.3260 0.3941 0.4225 0.4279 0.4050 0.3406 0.2687 0.2120 0.1808 0.2421 0.3550 0.4065 0.4268 0.4243 0.3876 0.3161 0.2482 0.1974 0.1868 0.2843 0.3767 0.4156 0.4287 0.4174 0.3660 0.2924 0.2296 0.1850 0.2054 0.3576
0.2643 0.1849 0.2293 0.2921 0.3656 0.4173 0.4287 0.4157 0.3769 0.2849 0.1869 0.1972 0.2479 0.3158 0.3873 0.4242 0.4268 0.4066 0.3553 0.2427 0.1808 0.2118 0.2684 0.3402 0.4048 0.4279 0.4226 0.3943 0.3265 0.2073 0.1843 0.2283 0.2907 0.3643 0.4167 0.4287 0.4162 0.3781 0.2874 0.1876 0.1963 0.2467 0.3142 0.3860 0.4239 0.4271 0.4075 0.3578 0.2466 0.1811 0.1891 0.1811 0.2466 0.3578 0.4075 0.4271 0.4239 0.3860 0.3142 0.2467 0.1963 0.1876 0.2874 0.3781 0.4162 0.4287 0.4167 0.3643 0.2907 0.2283 0.1843 0.2073 0.3265 0.3943 0.4226 0.4279 0.4048 0.3402 0.2684 0.2118 0.1808 0.2427 0.3553 0.4066 0.4268 0.4242 0.3873 0.3158 0.2479 0.1972 0.1869 0.2849 0.3769 0.4157 0.4287 0.4173 0.3656 0.2921 0.2293 0.1849 0.2643
0.2456 0.2292 0.2917 0.3653 0.4171 0.4287 0.4158 0.3772 0.2855 0.1871 0.1970 0.2476 0.3154 0.3871 0.4241 0.4269 0.4068 0.3557 0.2433 0.1808 0.2116 0.2681 0.3399 0.4046 0.4278 0.4227 0.3946 0.3270 0.2077 0.1842 0.2280 0.2903 0.3639 0.4166 0.4287 0.4163 0.3783 0.2880 0.1878 0.1961 0.2464 0.3139 0.3858 0.4238 0.4271 0.4075 0.3574 0.2467 0.1821 0.2114 0.2368 0.2113 0.1820 0.2467 0.3574 0.4075 0.4271 0.4238 0.3857 0.3138 0.2463 0.1961 0.1878 0.2880 0.3783 0.4163 0.4287 0.4166 0.3638 0.2903 0.2279 0.1841 0.2077 0.3270 0.3946 0.4227 0.4278 0.4045 0.3398 0.2680 0.2115 0.1808 0.2433 0.3557 0.4068 0.4269 0.4241 0.3870 0.3154 0.2476 0.1970 0.1871 0.2855 0.3772 0.4158 0.4287 0.4171 0.3652 0.2916 0.2291 0.2455
0.2728 0.2915 0.3649 0.4170 0.4287 0.4159 0.3775 0.2861 0.1873 0.1968 0.2473 0.3151 0.3868 0.4241 0.4269 0.4069 0.3561 0.2439 0.1808 0.2113 0.2678 0.3395 0.4043 0.4278 0.4228 0.3948 0.3275 0.2081 0.1841 0.2278 0.2900 0.3636 0.4164 0.4287 0.4164 0.3786 0.2886 0.1880 0.1959 0.2461 0.3135 0.3855 0.4237 0.4271 0.4076 0.3576 0.2467 0.1809 0.2120 0.2681 0.3031 0.2682 0.2119 0.1808 0.2467 0.3578 0.4077 0.4271 0.4237 0.3853 0.3134 0.2460 0.1959 0.1879 0.2886 0.3788 0.4165 0.4288 0.4164 0.3634 0.2899 0.2277 0.1840 0.2081 0.3276 0.3949 0.4229 0.4278 0.4042 0.3394 0.2677 0.2113 0.1808 0.2439 0.3562 0.4071 0.4270 0.4240 0.3866 0.3149 0.2472 0.1967 0.1873 0.2861 0.3777 0.4160 0.4287 0.4169 0.3647 0.2914 0.2728
0.3164 0.3650 0.4167 0.4287 0.4160 0.3778 0.2868 0.1875 0.1966 0.2470 0.3147 0.3865 0.4240 0.4270 0.4071 0.3564 0.2445 0.1808 0.2111 0.2675 0.3391 0.4041 0.4278 0.4229 0.3950 0.3280 0.2085 0.1839 0.2275 0.2897 0.3632 0.4163 0.4287 0.4165 0.3789 0.2892 0.1882 0.1957 0.2458 0.3132 0.3852 0.4236 0.4271 0.4077 0.3580 0.2472 0.1809 0.2100 0.2681 0.3405 0.3793 0.3437 0.2711 0.2118 0.1820 0.2466 0.3577 0.4077 0.4272 0.4237 0.3866 0.3156 0.2480 0.1974 0.1888 0.2884 0.3787 0.4165 0.4288 0.4165 0.3652 0.2921 0.2296 0.1854 0.2085 0.3274 0.3949 0.4229 0.4278 0.4048 0.3414 0.2698 0.2130 0.1819 0.2439 0.3561 0.4071 0.4270 0.4240 0.3878 0.3171 0.2493 0.1983 0.1882 0.2859 0.3776 0.4160 0.4288 0.4170 0.3670 0.3189
0.3697 0.4181 0.4285 0.4162 0.3781 0.2874 0.1876 0.1964 0.2468 0.3144 0.3862 0.4239 0.4270 0.4072 0.3568 0.2452 0.1809 0.2109 0.2671 0.3388 0.4039 0.4277 0.4229 0.3952 0.3285 0.2090 0.1838 0.2273 0.2893 0.3629 0.4162 0.4287 0.4166 0.3792 0.2898 0.1884 0.1955 0.2455 0.3128 0.3849 0.4236 0.4272 0.4079 0.3583 0.2478 0.1810 0.2098 0.2655 0.3391 0.4068 0.4245 0.4083 0.3442 0.2687 0.2113 0.1811 0.2453 0.3519 0.4041 0.4260 0.4253 0.3887 0.3161 0.2476 0.1967 0.1878 0.2864 0.3734 0.4136 0.4284 0.4188 0.3667 0.2922 0.2290 0.1846 0.2073 0.3224 0.3903 0.4208 0.4284 0.4073 0.3424 0.2696 0.2123 0.1810 0.2427 0.3504 0.4033 0.4257 0.4256 0.3900 0.3176 0.2489 0.1976 0.1871 0.2841 0.3723 0.4131 0.4282 0.4211 0.3724
0.4108 0.4308 0.4162 0.3783 0.2880 0.1878 0.1962 0.2465 0.3140 0.3859 0.4238 0.4270 0.4074 0.3571 0.2458 0.1809 0.2106 0.2668 0.3384 0.4037 0.4277 0.4230 0.3954 0.3290 0.2094 0.1837 0.2270 0.2890 0.3625 0.4160 0.4287 0.4167 0.3794 0.2905 0.1885 0.1953 0.2452 0.3124 0.3846 0.4235 0.4272 0.4080 0.3587 0.2484 0.1810 0.2097 0.2653 0.3365 0.4039 0.4290 0.4260 0.4195 0.3768 0.3041 0.2371 0.1890 0.1816 0.2856 0.3712 0.4124 0.4275 0.4151 0.3547 0.2796 0.2192 0.1781 0.2059 0.3204 0.3884 0.4195 0.4275 0.4005 0.3296 0.2579 0.2036 0.1732 0.2435 0.3480 0.4018 0.4245 0.4240 0.3802 0.3047 0.2381 0.1899 0.1806 0.2832 0.3700 0.4118 0.4274 0.4158 0.3563 0.2810 0.2203 0.1786 0.2040 0.3185 0.3874 0.4190 0.4295 0.3953
0.4285 0.4174 0.3786 0.2886 0.1880 0.1959 0.2461 0.3135 0.3855 0.4237 0.4271 0.4076 0.3575 0.2464 0.1809 0.2103 0.2664 0.3380 0.4034 0.4277 0.4231 0.3956 0.3294 0.2098 0.1835 0.2267 0.2885 0.3621 0.4159 0.4288 0.4168 0.3797 0.2911 0.1887 0.1951 0.2448 0.3120 0.3842 0.4234 0.4273 0.4082 0.3590 0.2490 0.1810 0.2094 0.2650 0.3362 0.4024 0.4279 0.4206 0.4395 0.3581 0.3229 0.2694 0.2119 0.1811 0.2453 0.3519 0.4041 0.4260 0.4253 0.3887 0.3161 0.2476 0.1967 0.1878 0.2864 0.3734 0.4136 0.4284 0.4188 0.3667 0.2922 0.2290 0.1846 0.2073 0.3224 0.3903 0.4208 0.4284 0.4073 0.3424 0.2696 0.2123 0.1810 0.2427 0.3504 0.4033 0.4257 0.4256 0.3900 0.3176 0.2489 0.1976 0.1871 0.2841 0.3723 0.4131 0.4282 0.4211 0.3724
0.4274 0.3791 0.2891 0.1881 0.1957 0.2458 0.3131 0.3851 0.4236 0.4272 0.4079 0.3580 0.2470 0.1809 0.2101 0.2661 0.3375 0.4031 0.4276 0.4233 0.3960 0.3300 0.2103 0.1834 0.2264 0.2882 0.3617 0.4156 0.4288 0.4171 0.3802 0.2917 0.1889 0.1949 0.2446 0.3116 0.3838 0.4232 0.4274 0.4085 0.3595 0.2496 0.1811 0.2092 0.2648 0.3360 0.4021 0.4274 0.4231 0.3938 0.3936 0.2583 0.2485 0.2147 0.1830 0.2465 0.3577 0.4077 0.4272 0.4237 0.3866 0.3156 0.2480 0.1974 0.1888 0.2884 0.3787 0.4165 0.4288 0.4165 0.3652 0.2921 0.2296 0.1854 0.2085 0.3274 0.3949 0.4229 0.4278 0.4048 0.3414 0.2698 0.2130 0.1819 0.2439 0.3561 0.4071 0.4270 0.4240 0.3878 0.3171 0.2493 0.1983 0.1882 0.2859 0.3776 0.4160 0.4288 0.4170 0.3670 0.3189
0.4010 0.2885 0.1891 0.1978 0.2485 0.3161 0.3868 0.4237 0.4272 0.4077 0.3578 0.2468 0.1824 0.2124 0.2689 0.3403 0.4040 0.4277 0.4232 0.3958 0.3297 0.2106 0.1852 0.2289 0.2911 0.3640 0.4160 0.4288 0.4170 0.3799 0.2913 0.1900 0.1970 0.2473 0.3146 0.3856 0.4234 0.4273 0.4083 0.3592 0.2492 0.1825 0.2115 0.2677 0.3389 0.4031 0.4275 0.4235 0.3957 0.3324 0.2436 0.1972 0.2069 0.1851 0.2468 0.3578 0.4077 0.4271 0.4237 0.3853 0.3134 0.2460 0.1959 0.1879 0.2886 0.3788 0.4165 0.4288 0.4164 0.3634 0.2899 0.2277 0.1840 0.2081 0.3276 0.3949 0.4229 0.4278 0.4042 0.3394 0.2677 0.2113 0.1808 0.2439 0.3562 0.4071 0.4270 0.4240 0.3866 0.3149 0.2472 0.1967 0.1873 0.2861 0.3777 0.4160 0.4287 0.4169 0.3647 0.2914 0.2728
0.3263 0.1874 0.1959 0.2465 0.3149 0.3882 0.4256 0.4257 0.4033 0.3506 0.2456 0.1806 0.2104 0.2670 0.3397 0.4062 0.4284 0.4207 0.3903 0.3231 0.2091 0.1834 0.2268 0.2894 0.3643 0.4184 0.4284 0.4136 0.3734 0.2880 0.1883 0.1951 0.2453 0.3134 0.3869 0.4253 0.4259 0.4039 0.3520 0.2480 0.1807 0.2095 0.2657 0.3382 0.4053 0.4284 0.4211 0.3911 0.3244 0.2133 0.1808 0.1921 0.1867 0.2471 0.3575 0.4075 0.4271 0.4238 0.3857 0.3138 0.2463 0.1961 0.1878 0.2880 0.3783 0.4163 0.4287 0.4166 0.3638 0.2903 0.2279 0.1841 0.2077 0.3270 0.3946 0.4227 0.4278 0.4045 0.3398 0.2680 0.2115 0.1808 0.2433 0.3557 0.4068 0.4269 0.4241 0.3870 0.3154 0.2476 0.1970 0.1871 0.2855 0.3772 0.4158 0.4287 0.4171 0.3652 0.2916 0.2291 0.2455
0.2745 0.1750 0.2124 0.2700 0.3439 0.4096 0.4280 0.4159 0.3795 0.3022 0.1909 0.1837 0.2289 0.2928 0.3686 0.4206 0.4264 0.4073 0.3599 0.2641 0.1760 0.1965 0.2478 0.3171 0.3910 0.4264 0.4224 0.3957 0.3353 0.2244 0.1749 0.2112 0.2686 0.3423 0.4087 0.4280 0.4163 0.3805 0.3043 0.1923 0.1830 0.2279 0.2913 0.3671 0.4201 0.4266 0.4081 0.3618 0.2674 0.1764 0.1779 0.1832 0.2471 0.3579 0.4074 0.4271 0.4239 0.3860 0.3142 0.2467 0.1963 0.1876 0.2874 0.3781 0.4162 0.4287 0.4167 0.3643 0.2907 0.2283 0.1843 0.2073 0.3265 0.3943 0.4226 0.4279 0.4048 0.3402 0.2684 0.2118 0.1808 0.2427 0.3553 0.4066 0.4268 0.4242 0.3873 0.3158 0.2479 0.1972 0.1869 0.2849 0.3769 0.4157 0.4287 0.4173 0.3656 0.2921 0.2293 0.1849 0.2643
