-0.0703 -0.0442 -0.0002 0.0456 0.1437 -0.0169 -0.1835 -0.2127 -0.2160 -0.1638 -0.0772 -0.0306 0.0120 0.0638 0.1335 -0.0747 -0.1934 -0.2171 -0.2084 -0.1381 -0.0619 -0.0186 0.0239 0.0875 0.0931 -0.1210 -0.2020 -0.2192 -0.1955 -0.1117 -0.0488 -0.0066 0.0368 0.1252 0.0236 -0.1654 -0.2092 -0.2182 -0.1769 -0.0883 -0.0373 0.0052 0.0529 0.1422 -0.0435 -0.1878 -0.2148 -0.2133 -0.1482 -0.0678 -0.0349 -0.0678 -0.1482 -0.2133 -0.2148 -0.1878 -0.0435 0.1422 0.0529 0.0052 -0.0373 -0.0883 -0.1769 -0.2182 -0.2092 -0.1654 0.0236 0.1252 0.0368 -0.0066 -0.0488 -0.1117 -0.1955 -0.2192 -0.2020 -0.1210 0.0931 0.0875 0.0239 -0.0186 -0.0619 -0.1381 -0.2084 -0.2171 -0.1934 -0.0747 0.1335 0.0638 0.0120 -0.0306 -0.0772 -0.1638 -0.2160 -0.2127 -0.1835 -0.0169 0.1437 0.0456 -0.0002 -0.0442 -0.0703
-0.0442 0.0255 0.0622 0.1727 -0.0260 -0.3197 -0.3351 -0.3159 -0.2190 -0.0706 -0.0066 0.0309 0.0807 0.1673 -0.1069 -0.3260 -0.3345 -0.2990 -0.1736 -0.0485 0.0055 0.0416 0.1058 0.1237 -0.1809 -0.3310 -0.3307 -0.2748 -0.1270 -0.0302 0.0160 0.0537 0.1496 0.0309 -0.2773 -0.3342 -0.3227 -0.2420 -0.0878 -0.0145 0.0255 0.0696 0.1735 -0.0630 -0.3225 -0.3352 -0.3097 -0.2008 -0.0599 0.0042 0.0278 0.0042 -0.0599 -0.2008 -0.3097 -0.3352 -0.3225 -0.0630 0.1735 0.0696 0.0255 -0.0145 -0.0878 -0.2420 -0.3227 -0.3342 -0.2773 0.0309 0.1496 0.0537 0.0160 -0.0302 -0.1270 -0.2748 -0.3307 -0.3310 -0.1809 0.1237 0.1058 0.0416 0.0055 -0.0485 -0.1736 -0.2990 -0.3345 -0.3260 -0.1069 0.1673 0.0807 0.0309 -0.0066 -0.0706 -0.2190 -0.3159 -0.3351 -0.3197 -0.0260 0.1727 0.0622 0.0255 -0.0442
-0.0002 0.0622 0.1728 -0.0274 -0.3198 -0.3352 -0.3154 -0.2164 -0.0683 -0.0089 0.0271 0.0811 0.1670 -0.1083 -0.3262 -0.3345 -0.2982 -0.1702 -0.0473 0.0024 0.0392 0.1064 0.1225 -0.1825 -0.3311 -0.3306 -0.2734 -0.1236 -0.0306 0.0122 0.0535 0.1508 0.0290 -0.2798 -0.3343 -0.3224 -0.2397 -0.0851 -0.0161 0.0215 0.0700 0.1735 -0.0646 -0.3227 -0.3353 -0.3090 -0.1977 -0.0586 -0.0037 0.0357 0.0702 0.0357 -0.0037 -0.0586 -0.1977 -0.3090 -0.3353 -0.3227 -0.0646 0.1735 0.0700 0.0215 -0.0161 -0.0851 -0.2397 -0.3224 -0.3343 -0.2798 0.0290 0.1508 0.0535 0.0122 -0.0306 -0.1236 -0.2734 -0.3306 -0.3311 -0.1825 0.1225 0.1064 0.0392 0.0024 -0.0473 -0.1702 -0.2982 -0.3345 -0.3262 -0.1083 0.1670 0.0811 0.0271 -0.0089 -0.0683 -0.2164 -0.3154 -0.3352 -0.3198 -0.0274 0.1728 0.0622 -0.0002
0.0456 0.1727 -0.0274 -0.3199 -0.3352 -0.3152 -0.2158 -0.0680 -0.0083 0.0275 0.0815 0.1666 -0.1096 -0.3263 -0.3345 -0.2979 -0.1696 -0.0471 0.0030 0.0395 0.1069 0.1212 -0.1839 -0.3312 -0.3305 -0.2730 -0.1230 -0.0302 0.0128 0.0538 0.1519 0.0271 -0.2819 -0.3344 -0.3222 -0.2392 -0.0847 -0.0156 0.0220 0.0703 0.1734 -0.0660 -0.3228 -0.3353 -0.3087 -0.1969 -0.0581 -0.0035 0.0323 0.0904 0.1461 0.0904 0.0323 -0.0035 -0.0581 -0.1969 -0.3087 -0.3353 -0.3228 -0.0660 0.1734 0.0703 0.0220 -0.0156 -0.0847 -0.2392 -0.3222 -0.3344 -0.2819 0.0271 0.1519 0.0538 0.0128 -0.0302 -0.1230 -0.2730 -0.3305 -0.3312 -0.1839 0.1212 0.1069 0.0395 0.0030 -0.0471 -0.1696 -0.2979 -0.3345 -0.3263 -0.1096 0.1666 0.0815 0.0275 -0.0083 -0.0680 -0.2158 -0.3152 -0.3352 -0.3199 -0.0274 0.1727 0.0456
0.1437 -0.0260 -0.3198 -0.3352 -0.3152 -0.2151 -0.0675 -0.0081 0.0277 0.0818 0.1663 -0.1109 -0.3264 -0.3345 -0.2975 -0.1688 -0.0467 0.0031 0.0397 0.1075 0.1199 -0.1853 -0.3313 -0.3304 -0.2725 -0.1223 -0.0299 0.0129 0.0541 0.1531 0.0253 -0.2840 -0.3344 -0.3221 -0.2385 -0.0841 -0.0154 0.0221 0.0706 0.1734 -0.0674 -0.3229 -0.3353 -0.3084 -0.1961 -0.0577 -0.0032 0.0322 0.0923 0.1495 -0.0375 0.1495 0.0923 0.0322 -0.0032 -0.0577 -0.1961 -0.3084 -0.3353 -0.3229 -0.0674 0.1734 0.0706 0.0221 -0.0154 -0.0841 -0.2385 -0.3221 -0.3344 -0.2840 0.0253 0.1531 0.0541 0.0129 -0.0299 -0.1223 -0.2725 -0.3304 -0.3313 -0.1853 0.1199 0.1075 0.0397 0.0031 -0.0467 -0.1688 -0.2975 -0.3345 -0.3264 -0.1109 0.1663 0.0818 0.0277 -0.0081 -0.0675 -0.2151 -0.3152 -0.3352 -0.3198 -0.0260 0.1437
-0.0169 -0.3197 -0.3352 -0.3152 -0.2151 -0.0674 -0.0080 0.0279 0.0822 0.1659 -0.1121 -0.3265 -0.3344 -0.2972 -0.1679 -0.0464 0.0033 0.0399 0.1081 0.1186 -0.1867 -0.3314 -0.3303 -0.2720 -0.1215 -0.0296 0.0131 0.0543 0.1542 0.0236 -0.2862 -0.3345 -0.3219 -0.2378 -0.0835 -0.0152 0.0223 0.0710 0.1733 -0.0688 -0.3230 -0.3353 -0.3081 -0.1953 -0.0573 -0.0030 0.0325 0.0920 0.1498 -0.1481 -0.3203 -0.1481 0.1498 0.0920 0.0325 -0.0030 -0.0573 -0.1953 -0.3081 -0.3353 -0.3230 -0.0688 0.1733 0.0710 0.0223 -0.0152 -0.0835 -0.2378 -0.3219 -0.3345 -0.2862 0.0236 0.1542 0.0543 0.0131 -0.0296 -0.1215 -0.2720 -0.3303 -0.3314 -0.1867 0.1186 0.1081 0.0399 0.0033 -0.0464 -0.1679 -0.2972 -0.3344 -0.3265 -0.1121 0.1659 0.0822 0.0279 -0.0080 -0.0674 -0.2151 -0.3152 -0.3352 -0.3197 -0.0169
-0.1835 -0.3351 -0.3154 -0.2158 -0.0675 -0.0080 0.0279 0.0825 0.1655 -0.1134 -0.3266 -0.3344 -0.2968 -0.1671 -0.0461 0.0035 0.0402 0.1086 0.1173 -0.1881 -0.3314 -0.3302 -0.2714 -0.1208 -0.0294 0.0132 0.0546 0.1554 0.0218 -0.2884 -0.3345 -0.3217 -0.2372 -0.0830 -0.0150 0.0224 0.0713 0.1732 -0.0702 -0.3231 -0.3352 -0.3078 -0.1945 -0.0570 -0.0028 0.0327 0.0923 0.1516 -0.1463 -0.3306 -0.3391 -0.3306 -0.1463 0.1516 0.0923 0.0327 -0.0028 -0.0570 -0.1945 -0.3078 -0.3352 -0.3231 -0.0702 0.1732 0.0713 0.0224 -0.0150 -0.0830 -0.2372 -0.3217 -0.3345 -0.2884 0.0218 0.1554 0.0546 0.0132 -0.0294 -0.1208 -0.2714 -0.3302 -0.3314 -0.1881 0.1173 0.1086 0.0402 0.0035 -0.0461 -0.1671 -0.2968 -0.3344 -0.3266 -0.1134 0.1655 0.0825 0.0279 -0.0080 -0.0675 -0.2158 -0.3154 -0.3351 -0.1835
-0.2127 -0.3159 -0.2164 -0.0680 -0.0081 0.0279 0.0825 0.1653 -0.1144 -0.3267 -0.3344 -0.2964 -0.1663 -0.0458 0.0036 0.0404 0.1092 0.1160 -0.1896 -0.3315 -0.3301 -0.2709 -0.1200 -0.0291 0.0134 0.0549 0.1566 0.0200 -0.2906 -0.3345 -0.3215 -0.2365 -0.0824 -0.0147 0.0226 0.0716 0.1731 -0.0715 -0.3232 -0.3352 -0.3075 -0.1937 -0.0566 -0.0026 0.0329 0.0927 0.1508 -0.1452 -0.3289 -0.3348 -0.3245 -0.3348 -0.3289 -0.1452 0.1508 0.0927 0.0329 -0.0026 -0.0566 -0.1937 -0.3075 -0.3352 -0.3232 -0.0715 0.1731 0.0716 0.0226 -0.0147 -0.0824 -0.2365 -0.3215 -0.3345 -0.2906 0.0200 0.1566 0.0549 0.0134 -0.0291 -0.1200 -0.2709 -0.3301 -0.3315 -0.1896 0.1160 0.1092 0.0404 0.0036 -0.0458 -0.1663 -0.2964 -0.3344 -0.3267 -0.1144 0.1653 0.0825 0.0279 -0.0081 -0.0680 -0.2164 -0.3159 -0.2127
-0.2160 -0.2190 -0.0683 -0.0083 0.0277 0.0822 0.1655 -0.1144 -0.3267 -0.3343 -0.2961 -0.1654 -0.0455 0.0038 0.0407 0.1098 0.1147 -0.1910 -0.3316 -0.3300 -0.2704 -0.1193 -0.0288 0.0135 0.0551 0.1578 0.0182 -0.2929 -0.3346 -0.3213 -0.2358 -0.0819 -0.0145 0.0228 0.0719 0.1730 -0.0729 -0.3233 -0.3352 -0.3072 -0.1929 -0.0563 -0.0024 0.0331 0.0931 0.1500 -0.1465 -0.3289 -0.3311 -0.2861 -0.2274 -0.2861 -0.3311 -0.3289 -0.1465 0.1500 0.0931 0.0331 -0.0024 -0.0563 -0.1929 -0.3072 -0.3352 -0.3233 -0.0729 0.1730 0.0719 0.0228 -0.0145 -0.0819 -0.2358 -0.3213 -0.3346 -0.2929 0.0182 0.1578 0.0551 0.0135 -0.0288 -0.1193 -0.2704 -0.3300 -0.3316 -0.1910 0.1147 0.1098 0.0407 0.0038 -0.0455 -0.1654 -0.2961 -0.3343 -0.3267 -0.1144 0.1655 0.0822 0.0277 -0.0083 -0.0683 -0.2190 -0.2160
-0.1638 -0.0706 -0.0089 0.0275 0.0818 0.1659 -0.1134 -0.3267 -0.3343 -0.2960 -0.1648 -0.0452 0.0040 0.0409 0.1103 0.1133 -0.1924 -0.3316 -0.3299 -0.2699 -0.1185 -0.0286 0.0137 0.0554 0.1591 0.0164 -0.2951 -0.3346 -0.3211 -0.2351 -0.0813 -0.0143 0.0229 0.0722 0.1729 -0.0743 -0.3234 -0.3352 -0.3069 -0.1921 -0.0559 -0.0022 0.0333 0.0936 0.1492 -0.1478 -0.3291 -0.3328 -0.2807 -0.1377 -0.0629 -0.1377 -0.2807 -0.3328 -0.3291 -0.1478 0.1492 0.0936 0.0333 -0.0022 -0.0559 -0.1921 -0.3069 -0.3352 -0.3234 -0.0743 0.1729 0.0722 0.0229 -0.0143 -0.0813 -0.2351 -0.3211 -0.3346 -0.2951 0.0164 0.1591 0.0554 0.0137 -0.0286 -0.1185 -0.2699 -0.3299 -0.3316 -0.1924 0.1133 0.1103 0.0409 0.0040 -0.0452 -0.1648 -0.2960 -0.3343 -0.3267 -0.1134 0.1659 0.0818 0.0275 -0.0089 -0.0706 -0.1638
-0.0772 -0.0066 0.0271 0.0815 0.1663 -0.1121 -0.3266 -0.3344 -0.2961 -0.1648 -0.0450 0.0041 0.0411 0.1109 0.1119 -0.1939 -0.3317 -0.3298 -0.2694 -0.1178 -0.0283 0.0139 0.0557 0.1603 0.0146 -0.2974 -0.3346 -0.3209 -0.2345 -0.0808 -0.0141 0.0231 0.0726 0.1728 -0.0756 -0.3236 -0.3352 -0.3066 -0.1913 -0.0556 -0.0020 0.0335 0.0940 0.1484 -0.1490 -0.3292 -0.3328 -0.2854 -0.1382 -0.0305 0.0018 -0.0305 -0.1382 -0.2854 -0.3328 -0.3292 -0.1490 0.1484 0.0940 0.0335 -0.0020 -0.0556 -0.1913 -0.3066 -0.3352 -0.3236 -0.0756 0.1728 0.0726 0.0231 -0.0141 -0.0808 -0.2345 -0.3209 -0.3346 -0.2974 0.0146 0.1603 0.0557 0.0139 -0.0283 -0.1178 -0.2694 -0.3298 -0.3317 -0.1939 0.1119 0.1109 0.0411 0.0041 -0.0450 -0.1648 -0.2961 -0.3344 -0.3266 -0.1121 0.1663 0.0815 0.0271 -0.0066 -0.0772
-0.0306 0.0309 0.0811 0.1666 -0.1109 -0.3265 -0.3344 -0.2964 -0.1654 -0.0452 0.0041 0.0412 0.1114 0.1106 -0.1953 -0.3318 -0.3296 -0.2688 -0.1170 -0.0280 0.0140 0.0559 0.1616 0.0129 -0.2997 -0.3347 -0.3207 -0.2338 -0.0802 -0.0138 0.0232 0.0729 0.1727 -0.0770 -0.3237 -0.3352 -0.3063 -0.1904 -0.0552 -0.0018 0.0337 0.0944 0.1476 -0.1503 -0.3292 -0.3327 -0.2851 -0.1432 -0.0372 0.0127 0.0370 0.0127 -0.0372 -0.1432 -0.2851 -0.3327 -0.3292 -0.1503 0.1476 0.0944 0.0337 -0.0018 -0.0552 -0.1904 -0.3063 -0.3352 -0.3237 -0.0770 0.1727 0.0729 0.0232 -0.0138 -0.0802 -0.2338 -0.3207 -0.3347 -0.2997 0.0129 0.1616 0.0559 0.0140 -0.0280 -0.1170 -0.2688 -0.3296 -0.3318 -0.1953 0.1106 0.1114 0.0412 0.0041 -0.0452 -0.1654 -0.2964 -0.3344 -0.3265 -0.1109 0.1666 0.0811 0.0309 -0.0306
0.0120 0.0807 0.1670 -0.1096 -0.3264 -0.3344 -0.2968 -0.1663 -0.0455 0.0040 0.0411 0.1114 0.1099 -0.1965 -0.3318 -0.3295 -0.2683 -0.1163 -0.0278 0.0142 0.0562 0.1629 0.0111 -0.3021 -0.3347 -0.3205 -0.2331 -0.0797 -0.0136 0.0234 0.0732 0.1726 -0.0784 -0.3238 -0.3352 -0.3060 -0.1896 -0.0549 -0.0016 0.0339 0.0949 0.1468 -0.1516 -0.3293 -0.3327 -0.2845 -0.1423 -0.0373 0.0088 0.0511 0.0893 0.0511 0.0088 -0.0373 -0.1423 -0.2845 -0.3327 -0.3293 -0.1516 0.1468 0.0949 0.0339 -0.0016 -0.0549 -0.1896 -0.3060 -0.3352 -0.3238 -0.0784 0.1726 0.0732 0.0234 -0.0136 -0.0797 -0.2331 -0.3205 -0.3347 -0.3021 0.0111 0.1629 0.0562 0.0142 -0.0278 -0.1163 -0.2683 -0.3295 -0.3318 -0.1965 0.1099 0.1114 0.0411 0.0040 -0.0455 -0.1663 -0.2968 -0.3344 -0.3264 -0.1096 0.1670 0.0807 0.0120
0.0638 0.1673 -0.1083 -0.3263 -0.3345 -0.2972 -0.1671 -0.0458 0.0038 0.0409 0.1109 0.1106 -0.1965 -0.3319 -0.3294 -0.2679 -0.1156 -0.0275 0.0143 0.0565 0.1642 0.0093 -0.3044 -0.3347 -0.3203 -0.2324 -0.0792 -0.0134 0.0236 0.0735 0.1725 -0.0797 -0.3239 -0.3352 -0.3057 -0.1888 -0.0545 -0.0014 0.0341 0.0953 0.1459 -0.1529 -0.3294 -0.3326 -0.2841 -0.1413 -0.0367 0.0088 0.0481 0.1201 0.1415 0.1201 0.0481 0.0088 -0.0367 -0.1413 -0.2841 -0.3326 -0.3294 -0.1529 0.1459 0.0953 0.0341 -0.0014 -0.0545 -0.1888 -0.3057 -0.3352 -0.3239 -0.0797 0.1725 0.0735 0.0236 -0.0134 -0.0792 -0.2324 -0.3203 -0.3347 -0.3044 0.0093 0.1642 0.0565 0.0143 -0.0275 -0.1156 -0.2679 -0.3294 -0.3319 -0.1965 0.1106 0.1109 0.0409 0.0038 -0.0458 -0.1671 -0.2972 -0.3345 -0.3263 -0.1083 0.1673 0.0638
0.1335 -0.1069 -0.3262 -0.3345 -0.2975 -0.1679 -0.0461 0.0036 0.0407 0.1103 0.1119 -0.1953 -0.3318 -0.3294 -0.2677 -0.1150 -0.0272 0.0145 0.0568 0.1656 0.0076 -0.3068 -0.3347 -0.3201 -0.2317 -0.0787 -0.0132 0.0237 0.0739 0.1723 -0.0810 -0.3240 -0.3351 -0.3054 -0.1880 -0.0542 -0.0012 0.0344 0.0958 0.1451 -0.1542 -0.3295 -0.3325 -0.2836 -0.1405 -0.0365 0.0091 0.0480 0.1329 0.0592 -0.1560 0.0592 0.1329 0.0480 0.0091 -0.0365 -0.1405 -0.2836 -0.3325 -0.3295 -0.1542 0.1451 0.0958 0.0344 -0.0012 -0.0542 -0.1880 -0.3054 -0.3351 -0.3240 -0.0810 0.1723 0.0739 0.0237 -0.0132 -0.0787 -0.2317 -0.3201 -0.3347 -0.3068 0.0076 0.1656 0.0568 0.0145 -0.0272 -0.1150 -0.2677 -0.3294 -0.3318 -0.1953 0.1119 0.1103 0.0407 0.0036 -0.0461 -0.1679 -0.2975 -0.3345 -0.3262 -0.1069 0.1335
-0.0747 -0.3260 -0.3345 -0.2979 -0.1688 -0.0464 0.0035 0.0404 0.1098 0.1133 -0.1939 -0.3318 -0.3295 -0.2679 -0.1150 -0.0271 0.0146 0.0570 0.1670 0.0058 -0.3092 -0.3348 -0.3199 -0.2310 -0.0781 -0.0129 0.0239 0.0742 0.1722 -0.0824 -0.3241 -0.3351 -0.3051 -0.1872 -0.0539 -0.0010 0.0346 0.0963 0.1442 -0.1554 -0.3296 -0.3324 -0.2832 -0.1397 -0.0362 0.0092 0.0483 0.1321 0.0607 -0.2480 -0.3285 -0.2480 0.0607 0.1321 0.0483 0.0092 -0.0362 -0.1397 -0.2832 -0.3324 -0.3296 -0.1554 0.1442 0.0963 0.0346 -0.0010 -0.0539 -0.1872 -0.3051 -0.3351 -0.3241 -0.0824 0.1722 0.0742 0.0239 -0.0129 -0.0781 -0.2310 -0.3199 -0.3348 -0.3092 0.0058 0.1670 0.0570 0.0146 -0.0271 -0.1150 -0.2679 -0.3295 -0.3318 -0.1939 0.1133 0.1098 0.0404 0.0035 -0.0464 -0.1688 -0.2979 -0.3345 -0.3260 -0.0747
-0.1934 -0.3345 -0.2982 -0.1696 -0.0467 0.0033 0.0402 0.1092 0.1147 -0.1924 -0.3317 -0.3296 -0.2683 -0.1156 -0.0272 0.0146 0.0572 0.1681 0.0041 -0.3116 -0.3348 -0.3197 -0.2303 -0.0776 -0.0127 0.0241 0.0745 0.1720 -0.0837 -0.3242 -0.3351 -0.3048 -0.1864 -0.0535 -0.0009 0.0348 0.0967 0.1433 -0.1567 -0.3297 -0.3324 -0.2827 -0.1389 -0.0359 0.0094 0.0486 0.1321 0.0637 -0.2451 -0.3354 -0.3396 -0.3354 -0.2451 0.0637 0.1321 0.0486 0.0094 -0.0359 -0.1389 -0.2827 -0.3324 -0.3297 -0.1567 0.1433 0.0967 0.0348 -0.0009 -0.0535 -0.1864 -0.3048 -0.3351 -0.3242 -0.0837 0.1720 0.0745 0.0241 -0.0127 -0.0776 -0.2303 -0.3197 -0.3348 -0.3116 0.0041 0.1681 0.0572 0.0146 -0.0272 -0.1156 -0.2683 -0.3296 -0.3317 -0.1924 0.1147 0.1092 0.0402 0.0033 -0.0467 -0.1696 -0.2982 -0.3345 -0.1934
-0.2171 -0.2990 -0.1702 -0.0471 0.0031 0.0399 0.1086 0.1160 -0.1910 -0.3316 -0.3298 -0.2688 -0.1163 -0.0275 0.0145 0.0570 0.1681 0.0033 -0.3137 -0.3348 -0.3195 -0.2296 -0.0771 -0.0125 0.0242 0.0749 0.1718 -0.0850 -0.3243 -0.3351 -0.3045 -0.1856 -0.0532 -0.0007 0.0350 0.0972 0.1423 -0.1580 -0.3297 -0.3323 -0.2823 -0.1381 -0.0356 0.0096 0.0488 0.1330 0.0619 -0.2440 -0.3331 -0.3271 -0.3054 -0.3271 -0.3331 -0.2440 0.0619 0.1330 0.0488 0.0096 -0.0356 -0.1381 -0.2823 -0.3323 -0.3297 -0.1580 0.1423 0.0972 0.0350 -0.0007 -0.0532 -0.1856 -0.3045 -0.3351 -0.3243 -0.0850 0.1718 0.0749 0.0242 -0.0125 -0.0771 -0.2296 -0.3195 -0.3348 -0.3137 0.0033 0.1681 0.0570 0.0145 -0.0275 -0.1163 -0.2688 -0.3298 -0.3316 -0.1910 0.1160 0.1086 0.0399 0.0031 -0.0471 -0.1702 -0.2990 -0.2171
-0.2084 -0.1736 -0.0473 0.0030 0.0397 0.1081 0.1173 -0.1896 -0.3316 -0.3299 -0.2694 -0.1170 -0.0278 0.0143 0.0568 0.1670 0.0041 -0.3137 -0.3349 -0.3193 -0.2290 -0.0766 -0.0123 0.0244 0.0752 0.1716 -0.0864 -0.3244 -0.3351 -0.3041 -0.1847 -0.0529 -0.0005 0.0352 0.0976 0.1414 -0.1593 -0.3298 -0.3322 -0.2818 -0.1373 -0.0353 0.0097 0.0491 0.1338 0.0601 -0.2458 -0.3335 -0.3226 -0.2490 -0.1692 -0.2490 -0.3226 -0.3335 -0.2458 0.0601 0.1338 0.0491 0.0097 -0.0353 -0.1373 -0.2818 -0.3322 -0.3298 -0.1593 0.1414 0.0976 0.0352 -0.0005 -0.0529 -0.1847 -0.3041 -0.3351 -0.3244 -0.0864 0.1716 0.0752 0.0244 -0.0123 -0.0766 -0.2290 -0.3193 -0.3349 -0.3137 0.0041 0.1670 0.0568 0.0143 -0.0278 -0.1170 -0.2694 -0.3299 -0.3316 -0.1896 0.1173 0.1081 0.0397 0.0030 -0.0473 -0.1736 -0.2084
-0.1381 -0.0485 0.0024 0.0395 0.1075 0.1186 -0.1881 -0.3315 -0.3300 -0.2699 -0.1178 -0.0280 0.0142 0.0565 0.1656 0.0058 -0.3116 -0.3348 -0.3193 -0.2287 -0.0762 -0.0120 0.0246 0.0755 0.1715 -0.0877 -0.3245 -0.3350 -0.3038 -0.1839 -0.0525 -0.0003 0.0355 0.0981 0.1405 -0.1606 -0.3299 -0.3321 -0.2813 -0.1365 -0.0350 0.0099 0.0493 0.1347 0.0583 -0.2477 -0.3337 -0.3252 -0.2440 -0.0875 -0.0331 -0.0875 -0.2440 -0.3252 -0.3337 -0.2477 0.0583 0.1347 0.0493 0.0099 -0.0350 -0.1365 -0.2813 -0.3321 -0.3299 -0.1606 0.1405 0.0981 0.0355 -0.0003 -0.0525 -0.1839 -0.3038 -0.3350 -0.3245 -0.0877 0.1715 0.0755 0.0246 -0.0120 -0.0762 -0.2287 -0.3193 -0.3348 -0.3116 0.0058 0.1656 0.0565 0.0142 -0.0280 -0.1178 -0.2699 -0.3300 -0.3315 -0.1881 0.1186 0.1075 0.0395 0.0024 -0.0485 -0.1381
-0.0619 0.0055 0.0392 0.1069 0.1199 -0.1867 -0.3314 -0.3301 -0.2704 -0.1185 -0.0283 0.0140 0.0562 0.1642 0.0076 -0.3092 -0.3348 -0.3195 -0.2290 -0.0762 -0.0119 0.0247 0.0759 0.1713 -0.0890 -0.3246 -0.3350 -0.3035 -0.1831 -0.0522 -0.0001 0.0357 0.0986 0.1395 -0.1619 -0.3300 -0.3320 -0.2809 -0.1357 -0.0347 0.0101 0.0496 0.1356 0.0565 -0.2495 -0.3337 -0.3251 -0.2498 -0.0914 -0.0135 0.0124 -0.0135 -0.0914 -0.2498 -0.3251 -0.3337 -0.2495 0.0565 0.1356 0.0496 0.0101 -0.0347 -0.1357 -0.2809 -0.3320 -0.3300 -0.1619 0.1395 0.0986 0.0357 -0.0001 -0.0522 -0.1831 -0.3035 -0.3350 -0.3246 -0.0890 0.1713 0.0759 0.0247 -0.0119 -0.0762 -0.2290 -0.3195 -0.3348 -0.3092 0.0076 0.1642 0.0562 0.0140 -0.0283 -0.1185 -0.2704 -0.3301 -0.3314 -0.1867 0.1199 0.1069 0.0392 0.0055 -0.0619
-0.0186 0.0416 0.1064 0.1212 -0.1853 -0.3314 -0.3302 -0.2709 -0.1193 -0.0286 0.0139 0.0559 0.1629 0.0093 -0.3068 -0.3348 -0.3197 -0.2296 -0.0766 -0.0120 0.0247 0.0760 0.1711 -0.0903 -0.3247 -0.3350 -0.3032 -0.1823 -0.0519 0.0001 0.0359 0.0991 0.1385 -0.1632 -0.3301 -0.3319 -0.2804 -0.1349 -0.0345 0.0102 0.0498 0.1365 0.0548 -0.2513 -0.3337 -0.3249 -0.2492 -0.0940 -0.0192 0.0231 0.0523 0.0231 -0.0192 -0.0940 -0.2492 -0.3249 -0.3337 -0.2513 0.0548 0.1365 0.0498 0.0102 -0.0345 -0.1349 -0.2804 -0.3319 -0.3301 -0.1632 0.1385 0.0991 0.0359 0.0001 -0.0519 -0.1823 -0.3032 -0.3350 -0.3247 -0.0903 0.1711 0.0760 0.0247 -0.0120 -0.0766 -0.2296 -0.3197 -0.3348 -0.3068 0.0093 0.1629 0.0559 0.0139 -0.0286 -0.1193 -0.2709 -0.3302 -0.3314 -0.1853 0.1212 0.1064 0.0416 -0.0186
0.0239 0.1058 0.1225 -0.1839 -0.3313 -0.3303 -0.2714 -0.1200 -0.0288 0.0137 0.0557 0.1616 0.0111 -0.3044 -0.3347 -0.3199 -0.2303 -0.0771 -0.0123 0.0246 0.0759 0.1711 -0.0909 -0.3248 -0.3350 -0.3028 -0.1815 -0.0516 0.0003 0.0361 0.0996 0.1375 -0.1646 -0.3301 -0.3319 -0.2800 -0.1341 -0.0342 0.0104 0.0501 0.1374 0.0530 -0.2532 -0.3338 -0.3248 -0.2484 -0.0932 -0.0193 0.0198 0.0684 0.1143 0.0684 0.0198 -0.0193 -0.0932 -0.2484 -0.3248 -0.3338 -0.2532 0.0530 0.1374 0.0501 0.0104 -0.0342 -0.1341 -0.2800 -0.3319 -0.3301 -0.1646 0.1375 0.0996 0.0361 0.0003 -0.0516 -0.1815 -0.3028 -0.3350 -0.3248 -0.0909 0.1711 0.0759 0.0246 -0.0123 -0.0771 -0.2303 -0.3199 -0.3347 -0.3044 0.0111 0.1616 0.0557 0.0137 -0.0288 -0.1200 -0.2714 -0.3303 -0.3313 -0.1839 0.1225 0.1058 0.0239
0.0875 0.1237 -0.1825 -0.3312 -0.3304 -0.2720 -0.1208 -0.0291 0.0135 0.0554 0.1603 0.0129 -0.3021 -0.3347 -0.3201 -0.2310 -0.0776 -0.0125 0.0244 0.0755 0.1713 -0.0903 -0.3248 -0.3350 -0.3026 -0.1807 -0.0513 0.0005 0.0364 0.1000 0.1365 -0.1659 -0.3302 -0.3318 -0.2795 -0.1333 -0.0339 0.0106 0.0503 0.1383 0.0512 -0.2551 -0.3338 -0.3246 -0.2478 -0.0925 -0.0188 0.0197 0.0667 0.1523 0.0850 0.1523 0.0667 0.0197 -0.0188 -0.0925 -0.2478 -0.3246 -0.3338 -0.2551 0.0512 0.1383 0.0503 0.0106 -0.0339 -0.1333 -0.2795 -0.3318 -0.3302 -0.1659 0.1365 0.1000 0.0364 0.0005 -0.0513 -0.1807 -0.3026 -0.3350 -0.3248 -0.0903 0.1713 0.0755 0.0244 -0.0125 -0.0776 -0.2310 -0.3201 -0.3347 -0.3021 0.0129 0.1603 0.0554 0.0135 -0.0291 -0.1208 -0.2720 -0.3304 -0.3312 -0.1825 0.1237 0.0875
0.0931 -0.1809 -0.3311 -0.3305 -0.2725 -0.1215 -0.0294 0.0134 0.0551 0.1591 0.0146 -0.2997 -0.3347 -0.3203 -0.2317 -0.0781 -0.0127 0.0242 0.0752 0.1715 -0.0890 -0.3247 -0.3350 -0.3026 -0.1804 -0.0510 0.0007 0.0366 0.1005 0.1354 -0.1672 -0.3303 -0.3317 -0.2790 -0.1325 -0.0336 0.0107 0.0506 0.1392 0.0494 -0.2570 -0.3339 -0.3244 -0.2472 -0.0919 -0.0186 0.0200 0.0666 0.1731 -0.0547 -0.2600 -0.0547 0.1731 0.0666 0.0200 -0.0186 -0.0919 -0.2472 -0.3244 -0.3339 -0.2570 0.0494 0.1392 0.0506 0.0107 -0.0336 -0.1325 -0.2790 -0.3317 -0.3303 -0.1672 0.1354 0.1005 0.0366 0.0007 -0.0510 -0.1804 -0.3026 -0.3350 -0.3247 -0.0890 0.1715 0.0752 0.0242 -0.0127 -0.0781 -0.2317 -0.3203 -0.3347 -0.2997 0.0146 0.1591 0.0551 0.0134 -0.0294 -0.1215 -0.2725 -0.3305 -0.3311 -0.1809 0.0931
-0.1210 -0.3310 -0.3306 -0.2730 -0.1223 -0.0296 0.0132 0.0549 0.1578 0.0164 -0.2974 -0.3347 -0.3205 -0.2324 -0.0787 -0.0129 0.0241 0.0749 0.1716 -0.0877 -0.3246 -0.3350 -0.3028 -0.1807 -0.0510 0.0008 0.0368 0.1010 0.1344 -0.1685 -0.3304 -0.3316 -0.2785 -0.1318 -0.0333 0.0109 0.0509 0.1402 0.0476 -0.2589 -0.3339 -0.3243 -0.2466 -0.0913 -0.0183 0.0201 0.0668 0.1737 -0.0531 -0.3233 -0.3349 -0.3233 -0.0531 0.1737 0.0668 0.0201 -0.0183 -0.0913 -0.2466 -0.3243 -0.3339 -0.2589 0.0476 0.1402 0.0509 0.0109 -0.0333 -0.1318 -0.2785 -0.3316 -0.3304 -0.1685 0.1344 0.1010 0.0368 0.0008 -0.0510 -0.1807 -0.3028 -0.3350 -0.3246 -0.0877 0.1716 0.0749 0.0241 -0.0129 -0.0787 -0.2324 -0.3205 -0.3347 -0.2974 0.0164 0.1578 0.0549 0.0132 -0.0296 -0.1223 -0.2730 -0.3306 -0.3310 -0.1210
-0.2020 -0.3307 -0.2734 -0.1230 -0.0299 0.0131 0.0546 0.1566 0.0182 -0.2951 -0.3346 -0.3207 -0.2331 -0.0792 -0.0132 0.0239 0.0745 0.1718 -0.0864 -0.3245 -0.3350 -0.3032 -0.1815 -0.0513 0.0007 0.0368 0.1013 0.1335 -0.1698 -0.3305 -0.3315 -0.2781 -0.1310 -0.0330 0.0111 0.0511 0.1411 0.0458 -0.2608 -0.3340 -0.3241 -0.2459 -0.0907 -0.0181 0.0203 0.0671 0.1737 -0.0511 -0.3220 -0.3372 -0.3355 -0.3372 -0.3220 -0.0511 0.1737 0.0671 0.0203 -0.0181 -0.0907 -0.2459 -0.3241 -0.3340 -0.2608 0.0458 0.1411 0.0511 0.0111 -0.0330 -0.1310 -0.2781 -0.3315 -0.3305 -0.1698 0.1335 0.1013 0.0368 0.0007 -0.0513 -0.1815 -0.3032 -0.3350 -0.3245 -0.0864 0.1718 0.0745 0.0239 -0.0132 -0.0792 -0.2331 -0.3207 -0.3346 -0.2951 0.0182 0.1566 0.0546 0.0131 -0.0299 -0.1230 -0.2734 -0.3307 -0.2020
-0.2192 -0.2748 -0.1236 -0.0302 0.0129 0.0543 0.1554 0.0200 -0.2929 -0.3346 -0.3209 -0.2338 -0.0797 -0.0134 0.0237 0.0742 0.1720 -0.0850 -0.3244 -0.3350 -0.3035 -0.1823 -0.0516 0.0005 0.0366 0.1010 0.1335 -0.1705 -0.3305 -0.3314 -0.2776 -0.1302 -0.0328 0.0112 0.0514 0.1421 0.0440 -0.2628 -0.3340 -0.3239 -0.2453 -0.0901 -0.0179 0.0204 0.0675 0.1737 -0.0526 -0.3217 -0.3342 -0.3123 -0.2749 -0.3123 -0.3342 -0.3217 -0.0526 0.1737 0.0675 0.0204 -0.0179 -0.0901 -0.2453 -0.3239 -0.3340 -0.2628 0.0440 0.1421 0.0514 0.0112 -0.0328 -0.1302 -0.2776 -0.3314 -0.3305 -0.1705 0.1335 0.1010 0.0366 0.0005 -0.0516 -0.1823 -0.3035 -0.3350 -0.3244 -0.0850 0.1720 0.0742 0.0237 -0.0134 -0.0797 -0.2338 -0.3209 -0.3346 -0.2929 0.0200 0.1554 0.0543 0.0129 -0.0302 -0.1236 -0.2748 -0.2192
-0.1955 -0.1270 -0.0306 0.0128 0.0541 0.1542 0.0218 -0.2906 -0.3346 -0.3211 -0.2345 -0.0802 -0.0136 0.0236 0.0739 0.1722 -0.0837 -0.3243 -0.3351 -0.3038 -0.1831 -0.0519 0.0003 0.0364 0.1005 0.1344 -0.1698 -0.3305 -0.3314 -0.2772 -0.1295 -0.0325 0.0114 0.0516 0.1431 0.0422 -0.2648 -0.3341 -0.3237 -0.2446 -0.0895 -0.0176 0.0206 0.0678 0.1737 -0.0541 -0.3219 -0.3352 -0.3071 -0.1987 -0.1099 -0.1987 -0.3071 -0.3352 -0.3219 -0.0541 0.1737 0.0678 0.0206 -0.0176 -0.0895 -0.2446 -0.3237 -0.3341 -0.2648 0.0422 0.1431 0.0516 0.0114 -0.0325 -0.1295 -0.2772 -0.3314 -0.3305 -0.1698 0.1344 0.1005 0.0364 0.0003 -0.0519 -0.1831 -0.3038 -0.3351 -0.3243 -0.0837 0.1722 0.0739 0.0236 -0.0136 -0.0802 -0.2345 -0.3211 -0.3346 -0.2906 0.0218 0.1542 0.0541 0.0128 -0.0306 -0.1270 -0.1955
-0.1117 -0.0302 0.0122 0.0538 0.1531 0.0236 -0.2884 -0.3345 -0.3213 -0.2351 -0.0808 -0.0138 0.0234 0.0735 0.1723 -0.0824 -0.3242 -0.3351 -0.3041 -0.1839 -0.0522 0.0001 0.0361 0.1000 0.1354 -0.1685 -0.3305 -0.3314 -0.2772 -0.1292 -0.0323 0.0116 0.0519 0.1441 0.0404 -0.2667 -0.3341 -0.3236 -0.2440 -0.0889 -0.0174 0.0208 0.0681 0.1737 -0.0556 -0.3220 -0.3353 -0.3107 -0.1957 -0.0538 -0.0129 -0.0538 -0.1957 -0.3107 -0.3353 -0.3220 -0.0556 0.1737 0.0681 0.0208 -0.0174 -0.0889 -0.2440 -0.3236 -0.3341 -0.2667 0.0404 0.1441 0.0519 0.0116 -0.0323 -0.1292 -0.2772 -0.3314 -0.3305 -0.1685 0.1354 0.1000 0.0361 0.0001 -0.0522 -0.1839 -0.3041 -0.3351 -0.3242 -0.0824 0.1723 0.0735 0.0234 -0.0138 -0.0808 -0.2351 -0.3213 -0.3345 -0.2884 0.0236 0.1531 0.0538 0.0122 -0.0302 -0.1117
-0.0488 0.0160 0.0535 0.1519 0.0253 -0.2862 -0.3345 -0.3215 -0.2358 -0.0813 -0.0141 0.0232 0.0732 0.1725 -0.0810 -0.3241 -0.3351 -0.3045 -0.1847 -0.0525 -0.0001 0.0359 0.0996 0.1365 -0.1672 -0.3304 -0.3315 -0.2776 -0.1295 -0.0323 0.0116 0.0521 0.1451 0.0386 -0.2687 -0.3341 -0.3234 -0.2433 -0.0883 -0.0171 0.0209 0.0684 0.1737 -0.0570 -0.3221 -0.3353 -0.3105 -0.2019 -0.0599 0.0004 0.0230 0.0004 -0.0599 -0.2019 -0.3105 -0.3353 -0.3221 -0.0570 0.1737 0.0684 0.0209 -0.0171 -0.0883 -0.2433 -0.3234 -0.3341 -0.2687 0.0386 0.1451 0.0521 0.0116 -0.0323 -0.1295 -0.2776 -0.3315 -0.3304 -0.1672 0.1365 0.0996 0.0359 -0.0001 -0.0525 -0.1847 -0.3045 -0.3351 -0.3241 -0.0810 0.1725 0.0732 0.0232 -0.0141 -0.0813 -0.2358 -0.3215 -0.3345 -0.2862 0.0253 0.1519 0.0535 0.0160 -0.0488
-0.0066 0.0537 0.1508 0.0271 -0.2840 -0.3345 -0.3217 -0.2365 -0.0819 -0.0143 0.0231 0.0729 0.1726 -0.0797 -0.3240 -0.3351 -0.3048 -0.1856 -0.0529 -0.0003 0.0357 0.0991 0.1375 -0.1659 -0.3303 -0.3316 -0.2781 -0.1302 -0.0325 0.0116 0.0521 0.1456 0.0371 -0.2708 -0.3342 -0.3232 -0.2427 -0.0877 -0.0169 0.0211 0.0687 0.1736 -0.0585 -0.3222 -0.3353 -0.3101 -0.2010 -0.0602 -0.0043 0.0348 0.0690 0.0348 -0.0043 -0.0602 -0.2010 -0.3101 -0.3353 -0.3222 -0.0585 0.1736 0.0687 0.0211 -0.0169 -0.0877 -0.2427 -0.3232 -0.3342 -0.2708 0.0371 0.1456 0.0521 0.0116 -0.0325 -0.1302 -0.2781 -0.3316 -0.3303 -0.1659 0.1375 0.0991 0.0357 -0.0003 -0.0529 -0.1856 -0.3048 -0.3351 -0.3240 -0.0797 0.1726 0.0729 0.0231 -0.0143 -0.0819 -0.2365 -0.3217 -0.3345 -0.2840 0.0271 0.1508 0.0537 -0.0066
0.0368 0.1496 0.0290 -0.2819 -0.3344 -0.3219 -0.2372 -0.0824 -0.0145 0.0229 0.0726 0.1727 -0.0784 -0.3239 -0.3351 -0.3051 -0.1864 -0.0532 -0.0005 0.0355 0.0986 0.1385 -0.1646 -0.3302 -0.3317 -0.2785 -0.1310 -0.0328 0.0114 0.0519 0.1451 0.0371 -0.2718 -0.3342 -0.3231 -0.2420 -0.0871 -0.0167 0.0212 0.0690 0.1736 -0.0599 -0.3223 -0.3353 -0.3099 -0.2001 -0.0596 -0.0043 0.0314 0.0890 0.1455 0.0890 0.0314 -0.0043 -0.0596 -0.2001 -0.3099 -0.3353 -0.3223 -0.0599 0.1736 0.0690 0.0212 -0.0167 -0.0871 -0.2420 -0.3231 -0.3342 -0.2718 0.0371 0.1451 0.0519 0.0114 -0.0328 -0.1310 -0.2785 -0.3317 -0.3302 -0.1646 0.1385 0.0986 0.0355 -0.0005 -0.0532 -0.1864 -0.3051 -0.3351 -0.3239 -0.0784 0.1727 0.0726 0.0229 -0.0145 -0.0824 -0.2372 -0.3219 -0.3344 -0.2819 0.0290 0.1496 0.0368
0.1252 0.0309 -0.2798 -0.3344 -0.3221 -0.2378 -0.0830 -0.0147 0.0228 0.0722 0.1728 -0.0770 -0.3238 -0.3352 -0.3054 -0.1872 -0.0535 -0.0007 0.0352 0.0981 0.1395 -0.1632 -0.3301 -0.3318 -0.2790 -0.1318 -0.0330 0.0112 0.0516 0.1441 0.0386 -0.2708 -0.3342 -0.3230 -0.2415 -0.0866 -0.0164 0.0214 0.0693 0.1736 -0.0613 -0.3224 -0.3353 -0.3096 -0.1993 -0.0592 -0.0040 0.0314 0.0906 0.1526 -0.0303 0.1526 0.0906 0.0314 -0.0040 -0.0592 -0.1993 -0.3096 -0.3353 -0.3224 -0.0613 0.1736 0.0693 0.0214 -0.0164 -0.0866 -0.2415 -0.3230 -0.3342 -0.2708 0.0386 0.1441 0.0516 0.0112 -0.0330 -0.1318 -0.2790 -0.3318 -0.3301 -0.1632 0.1395 0.0981 0.0352 -0.0007 -0.0535 -0.1872 -0.3054 -0.3352 -0.3238 -0.0770 0.1728 0.0722 0.0228 -0.0147 -0.0830 -0.2378 -0.3221 -0.3344 -0.2798 0.0309 0.1252
0.0236 -0.2773 -0.3343 -0.3222 -0.2385 -0.0835 -0.0150 0.0226 0.0719 0.1729 -0.0756 -0.3237 -0.3352 -0.3057 -0.1880 -0.0539 -0.0009 0.0350 0.0976 0.1405 -0.1619 -0.3301 -0.3319 -0.2795 -0.1325 -0.0333 0.0111 0.0514 0.1431 0.0404 -0.2687 -0.3342 -0.3231 -0.2415 -0.0863 -0.0162 0.0216 0.0696 0.1735 -0.0628 -0.3226 -0.3353 -0.3093 -0.1985 -0.0588 -0.0038 0.0317 0.0903 0.1527 -0.1431 -0.3198 -0.1431 0.1527 0.0903 0.0317 -0.0038 -0.0588 -0.1985 -0.3093 -0.3353 -0.3226 -0.0628 0.1735 0.0696 0.0216 -0.0162 -0.0863 -0.2415 -0.3231 -0.3342 -0.2687 0.0404 0.1431 0.0514 0.0111 -0.0333 -0.1325 -0.2795 -0.3319 -0.3301 -0.1619 0.1405 0.0976 0.0350 -0.0009 -0.0539 -0.1880 -0.3057 -0.3352 -0.3237 -0.0756 0.1729 0.0719 0.0226 -0.0150 -0.0835 -0.2385 -0.3222 -0.3343 -0.2773 0.0236
-0.1654 -0.3342 -0.3224 -0.2392 -0.0841 -0.0152 0.0224 0.0716 0.1730 -0.0743 -0.3236 -0.3352 -0.3060 -0.1888 -0.0542 -0.0010 0.0348 0.0972 0.1414 -0.1606 -0.3300 -0.3319 -0.2800 -0.1333 -0.0336 0.0109 0.0511 0.1421 0.0422 -0.2667 -0.3341 -0.3232 -0.2420 -0.0866 -0.0162 0.0217 0.0699 0.1735 -0.0642 -0.3227 -0.3353 -0.3090 -0.1977 -0.0584 -0.0036 0.0319 0.0906 0.1545 -0.1413 -0.3303 -0.3389 -0.3303 -0.1413 0.1545 0.0906 0.0319 -0.0036 -0.0584 -0.1977 -0.3090 -0.3353 -0.3227 -0.0642 0.1735 0.0699 0.0217 -0.0162 -0.0866 -0.2420 -0.3232 -0.3341 -0.2667 0.0422 0.1421 0.0511 0.0109 -0.0336 -0.1333 -0.2800 -0.3319 -0.3300 -0.1606 0.1414 0.0972 0.0348 -0.0010 -0.0542 -0.1888 -0.3060 -0.3352 -0.3236 -0.0743 0.1730 0.0716 0.0224 -0.0152 -0.0841 -0.2392 -0.3224 -0.3342 -0.1654
-0.2092 -0.3227 -0.2397 -0.0847 -0.0154 0.0223 0.0713 0.1731 -0.0729 -0.3234 -0.3352 -0.3063 -0.1896 -0.0545 -0.0012 0.0346 0.0967 0.1423 -0.1593 -0.3299 -0.3320 -0.2804 -0.1341 -0.0339 0.0107 0.0509 0.1411 0.0440 -0.2648 -0.3341 -0.3234 -0.2427 -0.0871 -0.0164 0.0216 0.0699 0.1735 -0.0654 -0.3228 -0.3353 -0.3087 -0.1969 -0.0581 -0.0034 0.0321 0.0910 0.1538 -0.1401 -0.3286 -0.3351 -0.3254 -0.3351 -0.3286 -0.1401 0.1538 0.0910 0.0321 -0.0034 -0.0581 -0.1969 -0.3087 -0.3353 -0.3228 -0.0654 0.1735 0.0699 0.0216 -0.0164 -0.0871 -0.2427 -0.3234 -0.3341 -0.2648 0.0440 0.1411 0.0509 0.0107 -0.0339 -0.1341 -0.2804 -0.3320 -0.3299 -0.1593 0.1423 0.0967 0.0346 -0.0012 -0.0545 -0.1896 -0.3063 -0.3352 -0.3234 -0.0729 0.1731 0.0713 0.0223 -0.0154 -0.0847 -0.2397 -0.3227 -0.2092
-0.2182 -0.2420 -0.0851 -0.0156 0.0221 0.0710 0.1732 -0.0715 -0.3233 -0.3352 -0.3066 -0.1904 -0.0549 -0.0014 0.0344 0.0963 0.1433 -0.1580 -0.3298 -0.3321 -0.2809 -0.1349 -0.0342 0.0106 0.0506 0.1402 0.0458 -0.2628 -0.3341 -0.3236 -0.2433 -0.0877 -0.0167 0.0214 0.0696 0.1735 -0.0654 -0.3228 -0.3353 -0.3085 -0.1961 -0.0577 -0.0032 0.0323 0.0914 0.1530 -0.1414 -0.3286 -0.3314 -0.2880 -0.2304 -0.2880 -0.3314 -0.3286 -0.1414 0.1530 0.0914 0.0323 -0.0032 -0.0577 -0.1961 -0.3085 -0.3353 -0.3228 -0.0654 0.1735 0.0696 0.0214 -0.0167 -0.0877 -0.2433 -0.3236 -0.3341 -0.2628 0.0458 0.1402 0.0506 0.0106 -0.0342 -0.1349 -0.2809 -0.3321 -0.3298 -0.1580 0.1433 0.0963 0.0344 -0.0014 -0.0549 -0.1904 -0.3066 -0.3352 -0.3233 -0.0715 0.1732 0.0710 0.0221 -0.0156 -0.0851 -0.2420 -0.2182
-0.1769 -0.0878 -0.0161 0.0220 0.0706 0.1733 -0.0702 -0.3232 -0.3352 -0.3069 -0.1913 -0.0552 -0.0016 0.0341 0.0958 0.1442 -0.1567 -0.3297 -0.3322 -0.2813 -0.1357 -0.0345 0.0104 0.0503 0.1392 0.0476 -0.2608 -0.3340 -0.3237 -0.2440 -0.0883 -0.0169 0.0212 0.0693 0.1735 -0.0642 -0.3228 -0.3353 -0.3084 -0.1954 -0.0573 -0.0030 0.0325 0.0918 0.1523 -0.1427 -0.3287 -0.3331 -0.2825 -0.1410 -0.0650 -0.1410 -0.2825 -0.3331 -0.3287 -0.1427 0.1523 0.0918 0.0325 -0.0030 -0.0573 -0.1954 -0.3084 -0.3353 -0.3228 -0.0642 0.1735 0.0693 0.0212 -0.0169 -0.0883 -0.2440 -0.3237 -0.3340 -0.2608 0.0476 0.1392 0.0503 0.0104 -0.0345 -0.1357 -0.2813 -0.3322 -0.3297 -0.1567 0.1442 0.0958 0.0341 -0.0016 -0.0552 -0.1913 -0.3069 -0.3352 -0.3232 -0.0702 0.1733 0.0706 0.0220 -0.0161 -0.0878 -0.1769
-0.0883 -0.0145 0.0215 0.0703 0.1734 -0.0688 -0.3231 -0.3352 -0.3072 -0.1921 -0.0556 -0.0018 0.0339 0.0953 0.1451 -0.1554 -0.3297 -0.3323 -0.2818 -0.1365 -0.0347 0.0102 0.0501 0.1383 0.0494 -0.2589 -0.3340 -0.3239 -0.2446 -0.0889 -0.0171 0.0211 0.0690 0.1736 -0.0628 -0.3227 -0.3353 -0.3085 -0.1954 -0.0572 -0.0028 0.0327 0.0923 0.1516 -0.1440 -0.3288 -0.3331 -0.2872 -0.1414 -0.0316 0.0011 -0.0316 -0.1414 -0.2872 -0.3331 -0.3288 -0.1440 0.1516 0.0923 0.0327 -0.0028 -0.0572 -0.1954 -0.3085 -0.3353 -0.3227 -0.0628 0.1736 0.0690 0.0211 -0.0171 -0.0889 -0.2446 -0.3239 -0.3340 -0.2589 0.0494 0.1383 0.0501 0.0102 -0.0347 -0.1365 -0.2818 -0.3323 -0.3297 -0.1554 0.1451 0.0953 0.0339 -0.0018 -0.0556 -0.1921 -0.3072 -0.3352 -0.3231 -0.0688 0.1734 0.0703 0.0215 -0.0145 -0.0883
-0.0373 0.0255 0.0700 0.1734 -0.0674 -0.3230 -0.3352 -0.3075 -0.1929 -0.0559 -0.0020 0.0337 0.0949 0.1459 -0.1542 -0.3296 -0.3324 -0.2823 -0.1373 -0.0350 0.0101 0.0498 0.1374 0.0512 -0.2570 -0.3339 -0.3241 -0.2453 -0.0895 -0.0174 0.0209 0.0687 0.1736 -0.0613 -0.3226 -0.3353 -0.3087 -0.1961 -0.0573 -0.0028 0.0328 0.0926 0.1508 -0.1452 -0.3289 -0.3330 -0.2869 -0.1465 -0.0384 0.0121 0.0361 0.0121 -0.0384 -0.1465 -0.2869 -0.3330 -0.3289 -0.1452 0.1508 0.0926 0.0328 -0.0028 -0.0573 -0.1961 -0.3087 -0.3353 -0.3226 -0.0613 0.1736 0.0687 0.0209 -0.0174 -0.0895 -0.2453 -0.3241 -0.3339 -0.2570 0.0512 0.1374 0.0498 0.0101 -0.0350 -0.1373 -0.2823 -0.3324 -0.3296 -0.1542 0.1459 0.0949 0.0337 -0.0020 -0.0559 -0.1929 -0.3075 -0.3352 -0.3230 -0.0674 0.1734 0.0700 0.0255 -0.0373
0.0052 0.0696 0.1735 -0.0660 -0.3229 -0.3353 -0.3078 -0.1937 -0.0563 -0.0022 0.0335 0.0944 0.1468 -0.1529 -0.3295 -0.3324 -0.2827 -0.1381 -0.0353 0.0099 0.0496 0.1365 0.0530 -0.2551 -0.3339 -0.3243 -0.2459 -0.0901 -0.0176 0.0208 0.0684 0.1736 -0.0599 -0.3224 -0.3353 -0.3090 -0.1969 -0.0577 -0.0030 0.0327 0.0926 0.1505 -0.1463 -0.3290 -0.3329 -0.2863 -0.1455 -0.0384 0.0082 0.0501 0.0881 0.0501 0.0082 -0.0384 -0.1455 -0.2863 -0.3329 -0.3290 -0.1463 0.1505 0.0926 0.0327 -0.0030 -0.0577 -0.1969 -0.3090 -0.3353 -0.3224 -0.0599 0.1736 0.0684 0.0208 -0.0176 -0.0901 -0.2459 -0.3243 -0.3339 -0.2551 0.0530 0.1365 0.0496 0.0099 -0.0353 -0.1381 -0.2827 -0.3324 -0.3295 -0.1529 0.1468 0.0944 0.0335 -0.0022 -0.0563 -0.1937 -0.3078 -0.3353 -0.3229 -0.0660 0.1735 0.0696 0.0052
0.0529 0.1735 -0.0646 -0.3228 -0.3353 -0.3081 -0.1945 -0.0566 -0.0024 0.0333 0.0940 0.1476 -0.1516 -0.3294 -0.3325 -0.2832 -0.1389 -0.0356 0.0097 0.0493 0.1356 0.0548 -0.2532 -0.3338 -0.3244 -0.2466 -0.0907 -0.0179 0.0206 0.0681 0.1737 -0.0585 -0.3223 -0.3353 -0.3093 -0.1977 -0.0581 -0.0032 0.0325 0.0923 0.1508 -0.1463 -0.3290 -0.3329 -0.2859 -0.1446 -0.0379 0.0081 0.0471 0.1179 0.1429 0.1179 0.0471 0.0081 -0.0379 -0.1446 -0.2859 -0.3329 -0.3290 -0.1463 0.1508 0.0923 0.0325 -0.0032 -0.0581 -0.1977 -0.3093 -0.3353 -0.3223 -0.0585 0.1737 0.0681 0.0206 -0.0179 -0.0907 -0.2466 -0.3244 -0.3338 -0.2532 0.0548 0.1356 0.0493 0.0097 -0.0356 -0.1389 -0.2832 -0.3325 -0.3294 -0.1516 0.1476 0.0940 0.0333 -0.0024 -0.0566 -0.1945 -0.3081 -0.3353 -0.3228 -0.0646 0.1735 0.0529
0.1422 -0.0630 -0.3227 -0.3353 -0.3084 -0.1953 -0.0570 -0.0026 0.0331 0.0936 0.1484 -0.1503 -0.3293 -0.3326 -0.2836 -0.1397 -0.0359 0.0096 0.0491 0.1347 0.0565 -0.2513 -0.3338 -0.3246 -0.2472 -0.0913 -0.0181 0.0204 0.0678 0.1737 -0.0570 -0.3222 -0.3353 -0.3096 -0.1985 -0.0584 -0.0034 0.0323 0.0918 0.1516 -0.1452 -0.3290 -0.3329 -0.2857 -0.1439 -0.0376 0.0084 0.0470 0.1295 0.0664 -0.1484 0.0664 0.1295 0.0470 0.0084 -0.0376 -0.1439 -0.2857 -0.3329 -0.3290 -0.1452 0.1516 0.0918 0.0323 -0.0034 -0.0584 -0.1985 -0.3096 -0.3353 -0.3222 -0.0570 0.1737 0.0678 0.0204 -0.0181 -0.0913 -0.2472 -0.3246 -0.3338 -0.2513 0.0565 0.1347 0.0491 0.0096 -0.0359 -0.1397 -0.2836 -0.3326 -0.3293 -0.1503 0.1484 0.0936 0.0331 -0.0026 -0.0570 -0.1953 -0.3084 -0.3353 -0.3227 -0.0630 0.1422
-0.0435 -0.3225 -0.3353 -0.3087 -0.1961 -0.0573 -0.0028 0.0329 0.0931 0.1492 -0.1490 -0.3292 -0.3327 -0.2841 -0.1405 -0.0362 0.0094 0.0488 0.1338 0.0583 -0.2495 -0.3337 -0.3248 -0.2478 -0.0919 -0.0183 0.0203 0.0675 0.1737 -0.0556 -0.3221 -0.3353 -0.3099 -0.1993 -0.0588 -0.0036 0.0321 0.0914 0.1523 -0.1440 -0.3289 -0.3329 -0.2859 -0.1439 -0.0375 0.0085 0.0473 0.1288 0.0678 -0.2408 -0.3280 -0.2408 0.0678 0.1288 0.0473 0.0085 -0.0375 -0.1439 -0.2859 -0.3329 -0.3289 -0.1440 0.1523 0.0914 0.0321 -0.0036 -0.0588 -0.1993 -0.3099 -0.3353 -0.3221 -0.0556 0.1737 0.0675 0.0203 -0.0183 -0.0919 -0.2478 -0.3248 -0.3337 -0.2495 0.0583 0.1338 0.0488 0.0094 -0.0362 -0.1405 -0.2841 -0.3327 -0.3292 -0.1490 0.1492 0.0931 0.0329 -0.0028 -0.0573 -0.1961 -0.3087 -0.3353 -0.3225 -0.0435
-0.1878 -0.3352 -0.3090 -0.1969 -0.0577 -0.0030 0.0327 0.0927 0.1500 -0.1478 -0.3292 -0.3327 -0.2845 -0.1413 -0.0365 0.0092 0.0486 0.1330 0.0601 -0.2477 -0.3337 -0.3249 -0.2484 -0.0925 -0.0186 0.0201 0.0671 0.1737 -0.0541 -0.3220 -0.3353 -0.3101 -0.2001 -0.0592 -0.0038 0.0319 0.0910 0.1530 -0.1427 -0.3288 -0.3330 -0.2863 -0.1446 -0.0376 0.0085 0.0474 0.1288 0.0709 -0.2379 -0.3351 -0.3396 -0.3351 -0.2379 0.0709 0.1287 0.0474 0.0085 -0.0376 -0.1446 -0.2863 -0.3330 -0.3288 -0.1427 0.1530 0.0910 0.0319 -0.0038 -0.0592 -0.2001 -0.3101 -0.3353 -0.3220 -0.0541 0.1737 0.0671 0.0201 -0.0186 -0.0925 -0.2484 -0.3249 -0.3337 -0.2477 0.0601 0.1330 0.0486 0.0092 -0.0365 -0.1413 -0.2845 -0.3327 -0.3292 -0.1478 0.1500 0.0927 0.0327 -0.0030 -0.0577 -0.1969 -0.3090 -0.3352 -0.1878
-0.2148 -0.3096 -0.1975 -0.0581 -0.0032 0.0325 0.0923 0.1508 -0.1465 -0.3291 -0.3328 -0.2849 -0.1421 -0.0367 0.0091 0.0483 0.1321 0.0619 -0.2458 -0.3336 -0.3251 -0.2491 -0.0931 -0.0188 0.0200 0.0668 0.1737 -0.0527 -0.3219 -0.3353 -0.3104 -0.2009 -0.0596 -0.0040 0.0317 0.0906 0.1537 -0.1414 -0.3287 -0.3331 -0.2867 -0.1454 -0.0379 0.0084 0.0473 0.1287 0.0700 -0.2366 -0.3329 -0.3278 -0.3070 -0.3278 -0.3329 -0.2363 0.0701 0.1287 0.0473 0.0084 -0.0379 -0.1455 -0.2869 -0.3331 -0.3287 -0.1414 0.1538 0.0906 0.0317 -0.0040 -0.0596 -0.2010 -0.3105 -0.3353 -0.3219 -0.0526 0.1737 0.0668 0.0200 -0.0188 -0.0932 -0.2492 -0.3251 -0.3337 -0.2458 0.0619 0.1321 0.0483 0.0091 -0.0367 -0.1423 -0.2851 -0.3328 -0.3291 -0.1465 0.1508 0.0923 0.0325 -0.0032 -0.0581 -0.1977 -0.3097 -0.2148
-0.2134 -0.2005 -0.0584 -0.0033 0.0323 0.0918 0.1516 -0.1452 -0.3290 -0.3329 -0.2854 -0.1429 -0.0370 0.0089 0.0481 0.1313 0.0636 -0.2440 -0.3336 -0.3252 -0.2497 -0.0937 -0.0191 0.0198 0.0665 0.1737 -0.0512 -0.3218 -0.3353 -0.3107 -0.2016 -0.0600 -0.0042 0.0315 0.0901 0.1544 -0.1402 -0.3286 -0.3331 -0.2871 -0.1462 -0.0382 0.0082 0.0471 0.1281 0.0708 -0.2366 -0.3333 -0.3234 -0.2521 -0.1734 -0.2516 -0.3234 -0.3333 -0.2363 0.0709 0.1288 0.0470 0.0081 -0.0384 -0.1465 -0.2872 -0.3331 -0.3286 -0.1401 0.1545 0.0903 0.0314 -0.0043 -0.0602 -0.2019 -0.3107 -0.3352 -0.3217 -0.0511 0.1737 0.0666 0.0197 -0.0193 -0.0940 -0.2498 -0.3252 -0.3335 -0.2440 0.0637 0.1321 0.0480 0.0088 -0.0373 -0.1432 -0.2854 -0.3328 -0.3289 -0.1452 0.1516 0.0920 0.0322 -0.0035 -0.0586 -0.2008 -0.2133
-0.1532 -0.0603 -0.0039 0.0321 0.0914 0.1523 -0.1440 -0.3289 -0.3329 -0.2858 -0.1437 -0.0373 0.0087 0.0478 0.1305 0.0654 -0.2423 -0.3335 -0.3254 -0.2503 -0.0943 -0.0193 0.0197 0.0662 0.1736 -0.0497 -0.3217 -0.3353 -0.3110 -0.2024 -0.0603 -0.0044 0.0313 0.0897 0.1551 -0.1389 -0.3286 -0.3332 -0.2875 -0.1470 -0.0385 0.0080 0.0468 0.1273 0.0724 -0.2352 -0.3333 -0.3261 -0.2476 -0.0908 -0.0347 -0.0872 -0.2396 -0.3235 -0.3329 -0.2379 0.0678 0.1295 0.0471 0.0082 -0.0384 -0.1414 -0.2825 -0.3314 -0.3286 -0.1413 0.1527 0.0906 0.0314 -0.0043 -0.0599 -0.1957 -0.3071 -0.3342 -0.3220 -0.0531 0.1731 0.0667 0.0198 -0.0192 -0.0914 -0.2440 -0.3226 -0.3331 -0.2451 0.0607 0.1329 0.0481 0.0088 -0.0372 -0.1382 -0.2807 -0.3311 -0.3289 -0.1463 0.1498 0.0923 0.0323 -0.0037 -0.0599 -0.1482
-0.0703 -0.0013 0.0318 0.0910 0.1530 -0.1427 -0.3288 -0.3330 -0.2863 -0.1446 -0.0376 0.0086 0.0476 0.1297 0.0671 -0.2405 -0.3335 -0.3256 -0.2509 -0.0950 -0.0195 0.0195 0.0659 0.1736 -0.0483 -0.3215 -0.3353 -0.3112 -0.2032 -0.0607 -0.0046 0.0311 0.0893 0.1558 -0.1376 -0.3285 -0.3333 -0.2880 -0.1478 -0.0388 0.0079 0.0466 0.1265 0.0742 -0.2335 -0.3333 -0.3263 -0.2541 -0.0953 -0.0149 0.0133 -0.0075 -0.0864 -0.2502 -0.3279 -0.3351 -0.2408 0.0664 0.1179 0.0501 0.0121 -0.0316 -0.1410 -0.2880 -0.3351 -0.3303 -0.1431 0.1526 0.0890 0.0348 0.0004 -0.0538 -0.1987 -0.3123 -0.3372 -0.3233 -0.0547 0.1523 0.0684 0.0231 -0.0135 -0.0875 -0.2490 -0.3271 -0.3354 -0.2480 0.0592 0.1201 0.0511 0.0127 -0.0305 -0.1377 -0.2861 -0.3348 -0.3306 -0.1481 0.1495 0.0904 0.0357 0.0042 -0.0678
-0.0255 0.0352 0.0906 0.1538 -0.1414 -0.3287 -0.3331 -0.2867 -0.1454 -0.0379 0.0084 0.0473 0.1289 0.0689 -0.2387 -0.3334 -0.3257 -0.2515 -0.0956 -0.0198 0.0193 0.0656 0.1736 -0.0468 -0.3214 -0.3353 -0.3115 -0.2040 -0.0611 -0.0048 0.0309 0.0889 0.1564 -0.1364 -0.3284 -0.3333 -0.2884 -0.1486 -0.0391 0.0077 0.0463 0.1258 0.0759 -0.2318 -0.3332 -0.3264 -0.2545 -0.0991 -0.0211 0.0251 0.0459 0.0061 -0.0343 -0.1708 -0.3063 -0.3397 -0.3280 -0.1484 0.1429 0.0881 0.0361 0.0011 -0.0650 -0.2304 -0.3254 -0.3389 -0.3198 -0.0303 0.1455 0.0690 0.0230 -0.0129 -0.1099 -0.2749 -0.3355 -0.3349 -0.2600 0.0850 0.1143 0.0523 0.0124 -0.0331 -0.1692 -0.3054 -0.3396 -0.3285 -0.1560 0.1415 0.0893 0.0370 0.0018 -0.0629 -0.2274 -0.3245 -0.3391 -0.3203 -0.0375 0.1461 0.0702 0.0278 -0.0349
