0.0005 0.0035 0.0102 0.0335 0.1085 0.3513 1.0000 1.0000 1.0000 0.0004 0.0014 0.0044 0.0144 0.0465 0.1507 0.4882 1.0000 1.0000 1.0000 0.0006 0.0019 0.0062 0.0200 0.0647 0.2094 0.6784 1.0000 1.0000 1.0000 0.0008 0.0026 0.0086 0.0277 0.0899 0.2910 0.9427 1.0000 1.0000 0.0003 0.0011 0.0037 0.0119 0.0385 0.1246 0.4037 1.0000 1.0000 1.0000 0.0005 0.0018 0.0044 0.0018 0.0005 1.0000 1.0000 1.0000 0.4037 0.1246 0.0385 0.0119 0.0037 0.0011 0.0003 1.0000 1.0000 0.9427 0.2910 0.0899 0.0277 0.0086 0.0026 0.0008 1.0000 1.0000 1.0000 0.6784 0.2094 0.0647 0.0200 0.0062 0.0019 0.0006 1.0000 1.0000 1.0000 0.4882 0.1507 0.0465 0.0144 0.0044 0.0014 0.0004 1.0000 1.0000 1.0000 0.3513 0.1085 0.0335 0.0102 0.0035 0.0005
0.0035 0.0221 0.0644 0.2123 0.6849 1.0000 1.0000 1.0000 0.0008 0.0027 0.0087 0.0281 0.0909 0.2944 0.9536 1.0000 1.0000 1.0000 0.0011 0.0037 0.0120 0.0390 0.1263 0.4091 1.0000 1.0000 1.0000 1.0000 0.0016 0.0052 0.0167 0.0542 0.1752 0.5685 1.0000 1.0000 1.0000 0.0007 0.0022 0.0072 0.0232 0.0751 0.2434 0.7884 1.0000 1.0000 1.0000 0.0009 0.0031 0.0116 0.0264 0.0116 0.0031 0.0009 1.0000 1.0000 1.0000 0.7884 0.2434 0.0751 0.0232 0.0072 0.0022 0.0007 1.0000 1.0000 1.0000 0.5685 0.1752 0.0542 0.0167 0.0052 0.0016 1.0000 1.0000 1.0000 1.0000 0.4091 0.1263 0.0390 0.0120 0.0037 0.0011 1.0000 1.0000 1.0000 0.9536 0.2944 0.0909 0.0281 0.0087 0.0027 0.0008 1.0000 1.0000 1.0000 0.6849 0.2123 0.0644 0.0221 0.0035
0.0102 0.0644 0.1926 0.6311 1.0000 1.0000 1.0000 0.0008 0.0025 0.0080 0.0258 0.0836 0.2708 0.8770 1.0000 1.0000 1.0000 0.0011 0.0034 0.0111 0.0359 0.1162 0.3762 1.0000 1.0000 1.0000 1.0000 0.0015 0.0047 0.0154 0.0498 0.1614 0.5228 1.0000 1.0000 1.0000 0.0006 0.0020 0.0066 0.0213 0.0691 0.2239 0.7251 1.0000 1.0000 1.0000 0.0009 0.0028 0.0092 0.0344 0.0782 0.0344 0.0092 0.0028 0.0009 1.0000 1.0000 1.0000 0.7251 0.2239 0.0691 0.0213 0.0066 0.0020 0.0006 1.0000 1.0000 1.0000 0.5228 0.1614 0.0498 0.0154 0.0047 0.0015 1.0000 1.0000 1.0000 1.0000 0.3762 0.1162 0.0359 0.0111 0.0034 0.0011 1.0000 1.0000 1.0000 0.8770 0.2708 0.0836 0.0258 0.0080 0.0025 0.0008 1.0000 1.0000 1.0000 0.6311 0.1926 0.0644 0.0102
0.0335 0.2123 0.6311 1.0000 1.0000 1.0000 0.0008 0.0025 0.0081 0.0263 0.0852 0.2760 0.8939 1.0000 1.0000 1.0000 0.0011 0.0035 0.0113 0.0365 0.1184 0.3835 1.0000 1.0000 1.0000 1.0000 0.0015 0.0048 0.0157 0.0508 0.1645 0.5329 1.0000 1.0000 1.0000 0.0006 0.0021 0.0067 0.0217 0.0704 0.2282 0.7391 1.0000 1.0000 1.0000 0.0009 0.0029 0.0093 0.0303 0.1133 0.2572 0.1133 0.0303 0.0093 0.0029 0.0009 1.0000 1.0000 1.0000 0.7391 0.2282 0.0704 0.0217 0.0067 0.0021 0.0006 1.0000 1.0000 1.0000 0.5329 0.1645 0.0508 0.0157 0.0048 0.0015 1.0000 1.0000 1.0000 1.0000 0.3835 0.1184 0.0365 0.0113 0.0035 0.0011 1.0000 1.0000 1.0000 0.8939 0.2760 0.0852 0.0263 0.0081 0.0025 0.0008 1.0000 1.0000 1.0000 0.6311 0.2123 0.0335
0.1085 0.6849 1.0000 1.0000 1.0000 0.0008 0.0025 0.0082 0.0264 0.0855 0.2770 0.8973 1.0000 1.0000 1.0000 0.0011 0.0035 0.0113 0.0367 0.1188 0.3849 1.0000 1.0000 1.0000 1.0000 0.0015 0.0049 0.0157 0.0510 0.1651 0.5349 1.0000 1.0000 1.0000 0.0006 0.0021 0.0067 0.0218 0.0707 0.2290 0.7419 1.0000 1.0000 1.0000 0.0009 0.0029 0.0094 0.0302 0.0986 0.3685 0.8363 0.3685 0.0986 0.0302 0.0094 0.0029 0.0009 1.0000 1.0000 1.0000 0.7419 0.2290 0.0707 0.0218 0.0067 0.0021 0.0006 1.0000 1.0000 1.0000 0.5349 0.1651 0.0510 0.0157 0.0049 0.0015 1.0000 1.0000 1.0000 1.0000 0.3849 0.1188 0.0367 0.0113 0.0035 0.0011 1.0000 1.0000 1.0000 0.8973 0.2770 0.0855 0.0264 0.0082 0.0025 0.0008 1.0000 1.0000 1.0000 0.6849 0.1085
0.3513 1.0000 1.0000 1.0000 0.0008 0.0025 0.0082 0.0266 0.0860 0.2786 0.9024 1.0000 1.0000 1.0000 0.0011 0.0035 0.0114 0.0369 0.1195 0.3871 1.0000 1.0000 1.0000 1.0000 0.0015 0.0049 0.0158 0.0513 0.1661 0.5380 1.0000 1.0000 1.0000 0.0006 0.0021 0.0068 0.0220 0.0711 0.2303 0.7461 1.0000 1.0000 1.0000 0.0009 0.0029 0.0094 0.0305 0.0984 0.3213 1.0000 1.0000 1.0000 0.3213 0.0984 0.0305 0.0094 0.0029 0.0009 1.0000 1.0000 1.0000 0.7461 0.2303 0.0711 0.0220 0.0068 0.0021 0.0006 1.0000 1.0000 1.0000 0.5380 0.1661 0.0513 0.0158 0.0049 0.0015 1.0000 1.0000 1.0000 1.0000 0.3871 0.1195 0.0369 0.0114 0.0035 0.0011 1.0000 1.0000 1.0000 0.9024 0.2786 0.0860 0.0266 0.0082 0.0025 0.0008 1.0000 1.0000 1.0000 0.3513
1.0000 1.0000 1.0000 0.0008 0.0025 0.0082 0.0267 0.0863 0.2802 0.9076 1.0000 1.0000 1.0000 0.0011 0.0035 0.0115 0.0371 0.1202 0.3893 1.0000 1.0000 1.0000 1.0000 0.0015 0.0049 0.0159 0.0516 0.1670 0.5410 1.0000 1.0000 1.0000 0.0006 0.0021 0.0068 0.0221 0.0715 0.2317 0.7504 1.0000 1.0000 1.0000 0.0009 0.0029 0.0095 0.0307 0.0994 0.3207 1.0000 1.0000 1.0000 1.0000 1.0000 0.3207 0.0994 0.0307 0.0095 0.0029 0.0009 1.0000 1.0000 1.0000 0.7504 0.2317 0.0715 0.0221 0.0068 0.0021 0.0006 1.0000 1.0000 1.0000 0.5410 0.1670 0.0516 0.0159 0.0049 0.0015 1.0000 1.0000 1.0000 1.0000 0.3893 0.1202 0.0371 0.0115 0.0035 0.0011 1.0000 1.0000 1.0000 0.9076 0.2802 0.0863 0.0267 0.0082 0.0025 0.0008 1.0000 1.0000 1.0000
1.0000 1.0000 0.0008 0.0025 0.0082 0.0266 0.0863 0.2813 0.9110 1.0000 1.0000 1.0000 0.0011 0.0036 0.0115 0.0373 0.1209 0.3916 1.0000 1.0000 1.0000 1.0000 0.0015 0.0049 0.0160 0.0519 0.1680 0.5441 1.0000 1.0000 1.0000 0.0007 0.0021 0.0069 0.0222 0.0719 0.2330 0.7547 1.0000 1.0000 1.0000 0.0009 0.0029 0.0095 0.0309 0.0999 0.3238 1.0000 1.0000 1.0000 1.0000 1.0000 1.0000 1.0000 0.3238 0.0999 0.0309 0.0095 0.0029 0.0009 1.0000 1.0000 1.0000 0.7547 0.2330 0.0719 0.0222 0.0069 0.0021 0.0007 1.0000 1.0000 1.0000 0.5441 0.1680 0.0519 0.0160 0.0049 0.0015 1.0000 1.0000 1.0000 1.0000 0.3916 0.1209 0.0373 0.0115 0.0036 0.0011 1.0000 1.0000 1.0000 0.9110 0.2813 0.0863 0.0266 0.0082 0.0025 0.0008 1.0000 1.0000
1.0000 0.0008 0.0025 0.0081 0.0264 0.0860 0.2802 0.9110 1.0000 1.0000 1.0000 0.0011 0.0036 0.0116 0.0375 0.1216 0.3938 1.0000 1.0000 1.0000 1.0000 0.0015 0.0050 0.0161 0.0522 0.1689 0.5472 1.0000 1.0000 1.0000 0.0007 0.0021 0.0069 0.0223 0.0723 0.2343 0.7590 1.0000 1.0000 1.0000 0.0009 0.0030 0.0096 0.0310 0.1005 0.3256 1.0000 1.0000 1.0000 1.0000 0.0010 1.0000 1.0000 1.0000 1.0000 0.3256 0.1005 0.0310 0.0096 0.0030 0.0009 1.0000 1.0000 1.0000 0.7590 0.2343 0.0723 0.0223 0.0069 0.0021 0.0007 1.0000 1.0000 1.0000 0.5472 0.1689 0.0522 0.0161 0.0050 0.0015 1.0000 1.0000 1.0000 1.0000 0.3938 0.1216 0.0375 0.0116 0.0036 0.0011 1.0000 1.0000 1.0000 0.9110 0.2802 0.0860 0.0264 0.0081 0.0025 0.0008 1.0000
0.0004 0.0027 0.0080 0.0263 0.0855 0.2786 0.9076 1.0000 1.0000 1.0000 0.0011 0.0036 0.0117 0.0377 0.1223 0.3961 1.0000 1.0000 1.0000 1.0000 0.0015 0.0050 0.0162 0.0525 0.1699 0.5504 1.0000 1.0000 1.0000 0.0007 0.0021 0.0069 0.0225 0.0728 0.2357 0.7633 1.0000 1.0000 1.0000 0.0009 0.0030 0.0096 0.0312 0.1011 0.3275 1.0000 1.0000 1.0000 1.0000 0.0015 0.0033 0.0015 1.0000 1.0000 1.0000 1.0000 0.3275 0.1011 0.0312 0.0096 0.0030 0.0009 1.0000 1.0000 1.0000 0.7633 0.2357 0.0728 0.0225 0.0069 0.0021 0.0007 1.0000 1.0000 1.0000 0.5504 0.1699 0.0525 0.0162 0.0050 0.0015 1.0000 1.0000 1.0000 1.0000 0.3961 0.1223 0.0377 0.0117 0.0036 0.0011 1.0000 1.0000 1.0000 0.9076 0.2786 0.0855 0.0263 0.0080 0.0027 0.0004
0.0014 0.0087 0.0258 0.0852 0.2770 0.9024 1.0000 1.0000 1.0000 0.0011 0.0036 0.0117 0.0380 0.1230 0.3983 1.0000 1.0000 1.0000 1.0000 0.0016 0.0050 0.0163 0.0528 0.1709 0.5535 1.0000 1.0000 1.0000 0.0007 0.0022 0.0070 0.0226 0.0732 0.2370 0.7677 1.0000 1.0000 1.0000 0.0009 0.0030 0.0097 0.0314 0.1017 0.3293 1.0000 1.0000 1.0000 1.0000 0.0013 0.0048 0.0109 0.0048 0.0013 1.0000 1.0000 1.0000 1.0000 0.3293 0.1017 0.0314 0.0097 0.0030 0.0009 1.0000 1.0000 1.0000 0.7677 0.2370 0.0732 0.0226 0.0070 0.0022 0.0007 1.0000 1.0000 1.0000 0.5535 0.1709 0.0528 0.0163 0.0050 0.0016 1.0000 1.0000 1.0000 1.0000 0.3983 0.1230 0.0380 0.0117 0.0036 0.0011 1.0000 1.0000 1.0000 0.9024 0.2770 0.0852 0.0258 0.0087 0.0014
0.0044 0.0281 0.0836 0.2760 0.8973 1.0000 1.0000 1.0000 0.0011 0.0036 0.0117 0.0381 0.1234 0.4006 1.0000 1.0000 1.0000 1.0000 0.0016 0.0051 0.0164 0.0531 0.1719 0.5567 1.0000 1.0000 1.0000 0.0007 0.0022 0.0070 0.0227 0.0736 0.2384 0.7721 1.0000 1.0000 1.0000 0.0009 0.0030 0.0097 0.0316 0.1023 0.3312 1.0000 1.0000 1.0000 1.0000 0.0013 0.0042 0.0157 0.0355 0.0157 0.0042 0.0013 1.0000 1.0000 1.0000 1.0000 0.3312 0.1023 0.0316 0.0097 0.0030 0.0009 1.0000 1.0000 1.0000 0.7721 0.2384 0.0736 0.0227 0.0070 0.0022 0.0007 1.0000 1.0000 1.0000 0.5567 0.1719 0.0531 0.0164 0.0051 0.0016 1.0000 1.0000 1.0000 1.0000 0.4006 0.1234 0.0381 0.0117 0.0036 0.0011 1.0000 1.0000 1.0000 0.8973 0.2760 0.0836 0.0281 0.0044
0.0144 0.0909 0.2708 0.8939 1.0000 1.0000 1.0000 0.0011 0.0036 0.0117 0.0380 0.1234 0.4021 1.0000 1.0000 1.0000 1.0000 0.0016 0.0051 0.0165 0.0534 0.1728 0.5599 1.0000 1.0000 1.0000 0.0007 0.0022 0.0071 0.0228 0.0740 0.2397 0.7765 1.0000 1.0000 1.0000 0.0009 0.0030 0.0098 0.0317 0.1028 0.3331 1.0000 1.0000 1.0000 1.0000 0.0013 0.0042 0.0137 0.0511 0.1159 0.0511 0.0137 0.0042 0.0013 1.0000 1.0000 1.0000 1.0000 0.3331 0.1028 0.0317 0.0098 0.0030 0.0009 1.0000 1.0000 1.0000 0.7765 0.2397 0.0740 0.0228 0.0071 0.0022 0.0007 1.0000 1.0000 1.0000 0.5599 0.1728 0.0534 0.0165 0.0051 0.0016 1.0000 1.0000 1.0000 1.0000 0.4021 0.1234 0.0380 0.0117 0.0036 0.0011 1.0000 1.0000 1.0000 0.8939 0.2708 0.0909 0.0144
0.0465 0.2944 0.8770 1.0000 1.0000 1.0000 0.0011 0.0036 0.0116 0.0377 0.1230 0.4006 1.0000 1.0000 1.0000 1.0000 0.0016 0.0051 0.0166 0.0537 0.1738 0.5631 1.0000 1.0000 1.0000 0.0007 0.0022 0.0071 0.0230 0.0744 0.2411 0.7810 1.0000 1.0000 1.0000 0.0009 0.0030 0.0099 0.0319 0.1034 0.3350 1.0000 1.0000 1.0000 1.0000 0.0013 0.0042 0.0136 0.0445 0.1664 0.3770 0.1664 0.0445 0.0136 0.0042 0.0013 1.0000 1.0000 1.0000 1.0000 0.3350 0.1034 0.0319 0.0099 0.0030 0.0009 1.0000 1.0000 1.0000 0.7810 0.2411 0.0744 0.0230 0.0071 0.0022 0.0007 1.0000 1.0000 1.0000 0.5631 0.1738 0.0537 0.0166 0.0051 0.0016 1.0000 1.0000 1.0000 1.0000 0.4006 0.1230 0.0377 0.0116 0.0036 0.0011 1.0000 1.0000 1.0000 0.8770 0.2944 0.0465
0.1507 0.9536 1.0000 1.0000 1.0000 0.0011 0.0035 0.0115 0.0375 0.1223 0.3983 1.0000 1.0000 1.0000 1.0000 0.0016 0.0051 0.0167 0.0540 0.1748 0.5663 1.0000 1.0000 1.0000 0.0007 0.0022 0.0071 0.0231 0.0749 0.2425 0.7854 1.0000 1.0000 1.0000 0.0009 0.0031 0.0099 0.0321 0.1040 0.3369 1.0000 1.0000 1.0000 1.0000 0.0013 0.0043 0.0138 0.0445 0.1451 0.5421 1.0000 0.5421 0.1451 0.0445 0.0138 0.0043 0.0013 1.0000 1.0000 1.0000 1.0000 0.3369 0.1040 0.0321 0.0099 0.0031 0.0009 1.0000 1.0000 1.0000 0.7854 0.2425 0.0749 0.0231 0.0071 0.0022 0.0007 1.0000 1.0000 1.0000 0.5663 0.1748 0.0540 0.0167 0.0051 0.0016 1.0000 1.0000 1.0000 1.0000 0.3983 0.1223 0.0375 0.0115 0.0035 0.0011 1.0000 1.0000 1.0000 0.9536 0.1507
0.4882 1.0000 1.0000 1.0000 0.0011 0.0035 0.0115 0.0373 0.1216 0.3961 1.0000 1.0000 1.0000 1.0000 0.0016 0.0052 0.0167 0.0543 0.1758 0.5695 1.0000 1.0000 1.0000 0.0007 0.0022 0.0072 0.0232 0.0753 0.2439 0.7899 1.0000 1.0000 1.0000 0.0010 0.0031 0.0100 0.0323 0.1046 0.3389 1.0000 1.0000 1.0000 1.0000 0.0013 0.0043 0.0139 0.0449 0.1448 0.4727 1.0000 1.0000 1.0000 0.4727 0.1448 0.0449 0.0139 0.0043 0.0013 1.0000 1.0000 1.0000 1.0000 0.3389 0.1046 0.0323 0.0100 0.0031 0.0010 1.0000 1.0000 1.0000 0.7899 0.2439 0.0753 0.0232 0.0072 0.0022 0.0007 1.0000 1.0000 1.0000 0.5695 0.1758 0.0543 0.0167 0.0052 0.0016 1.0000 1.0000 1.0000 1.0000 0.3961 0.1216 0.0373 0.0115 0.0035 0.0011 1.0000 1.0000 1.0000 0.4882
1.0000 1.0000 1.0000 0.0011 0.0035 0.0114 0.0371 0.1209 0.3938 1.0000 1.0000 1.0000 1.0000 0.0016 0.0051 0.0167 0.0545 0.1765 0.5728 1.0000 1.0000 1.0000 0.0007 0.0022 0.0072 0.0234 0.0757 0.2453 0.7944 1.0000 1.0000 1.0000 0.0010 0.0031 0.0100 0.0325 0.1052 0.3408 1.0000 1.0000 1.0000 1.0000 0.0013 0.0043 0.0139 0.0451 0.1462 0.4718 1.0000 1.0000 1.0000 1.0000 1.0000 0.4718 0.1462 0.0451 0.0139 0.0043 0.0013 1.0000 1.0000 1.0000 1.0000 0.3408 0.1052 0.0325 0.0100 0.0031 0.0010 1.0000 1.0000 1.0000 0.7944 0.2453 0.0757 0.0234 0.0072 0.0022 0.0007 1.0000 1.0000 1.0000 0.5728 0.1765 0.0545 0.0167 0.0051 0.0016 1.0000 1.0000 1.0000 1.0000 0.3938 0.1209 0.0371 0.0114 0.0035 0.0011 1.0000 1.0000 1.0000
1.0000 1.0000 0.0011 0.0035 0.0113 0.0369 0.1202 0.3916 1.0000 1.0000 1.0000 1.0000 0.0016 0.0051 0.0167 0.0543 0.1765 0.5750 1.0000 1.0000 1.0000 0.0007 0.0022 0.0073 0.0235 0.0762 0.2467 0.7990 1.0000 1.0000 1.0000 0.0010 0.0031 0.0101 0.0327 0.1058 0.3428 1.0000 1.0000 1.0000 1.0000 0.0013 0.0043 0.0140 0.0454 0.1470 0.4763 1.0000 1.0000 1.0000 1.0000 1.0000 1.0000 1.0000 0.4763 0.1470 0.0454 0.0140 0.0043 0.0013 1.0000 1.0000 1.0000 1.0000 0.3428 0.1058 0.0327 0.0101 0.0031 0.0010 1.0000 1.0000 1.0000 0.7990 0.2467 0.0762 0.0235 0.0073 0.0022 0.0007 1.0000 1.0000 1.0000 0.5750 0.1765 0.0543 0.0167 0.0051 0.0016 1.0000 1.0000 1.0000 1.0000 0.3916 0.1202 0.0369 0.0113 0.0035 0.0011 1.0000 1.0000
1.0000 0.0011 0.0034 0.0113 0.0367 0.1195 0.3893 1.0000 1.0000 1.0000 1.0000 0.0016 0.0051 0.0166 0.0540 0.1758 0.5728 1.0000 1.0000 1.0000 0.0007 0.0023 0.0073 0.0236 0.0766 0.2481 0.8036 1.0000 1.0000 1.0000 0.0010 0.0031 0.0101 0.0329 0.1064 0.3447 1.0000 1.0000 1.0000 1.0000 0.0013 0.0044 0.0141 0.0457 0.1479 0.4790 1.0000 1.0000 1.0000 1.0000 0.0015 1.0000 1.0000 1.0000 1.0000 0.4790 0.1479 0.0457 0.0141 0.0044 0.0013 1.0000 1.0000 1.0000 1.0000 0.3447 0.1064 0.0329 0.0101 0.0031 0.0010 1.0000 1.0000 1.0000 0.8036 0.2481 0.0766 0.0236 0.0073 0.0023 0.0007 1.0000 1.0000 1.0000 0.5728 0.1758 0.0540 0.0166 0.0051 0.0016 1.0000 1.0000 1.0000 1.0000 0.3893 0.1195 0.0367 0.0113 0.0034 0.0011 1.0000
0.0006 0.0037 0.0111 0.0365 0.1188 0.3871 1.0000 1.0000 1.0000 1.0000 0.0016 0.0051 0.0165 0.0537 0.1748 0.5695 1.0000 1.0000 1.0000 0.0007 0.0023 0.0073 0.0238 0.0770 0.2495 0.8082 1.0000 1.0000 1.0000 0.0010 0.0031 0.0102 0.0330 0.1070 0.3467 1.0000 1.0000 1.0000 1.0000 0.0014 0.0044 0.0142 0.0459 0.1487 0.4818 1.0000 1.0000 1.0000 1.0000 0.0022 0.0049 0.0022 1.0000 1.0000 1.0000 1.0000 0.4818 0.1487 0.0459 0.0142 0.0044 0.0014 1.0000 1.0000 1.0000 1.0000 0.3467 0.1070 0.0330 0.0102 0.0031 0.0010 1.0000 1.0000 1.0000 0.8082 0.2495 0.0770 0.0238 0.0073 0.0023 0.0007 1.0000 1.0000 1.0000 0.5695 0.1748 0.0537 0.0165 0.0051 0.0016 1.0000 1.0000 1.0000 1.0000 0.3871 0.1188 0.0365 0.0111 0.0037 0.0006
0.0019 0.0120 0.0359 0.1184 0.3849 1.0000 1.0000 1.0000 1.0000 0.0015 0.0050 0.0164 0.0534 0.1738 0.5663 1.0000 1.0000 1.0000 0.0007 0.0023 0.0074 0.0239 0.0775 0.2509 0.8128 1.0000 1.0000 1.0000 0.0010 0.0032 0.0103 0.0332 0.1076 0.3487 1.0000 1.0000 1.0000 1.0000 0.0014 0.0044 0.0143 0.0462 0.1496 0.4845 1.0000 1.0000 1.0000 1.0000 0.0019 0.0071 0.0161 0.0071 0.0019 1.0000 1.0000 1.0000 1.0000 0.4845 0.1496 0.0462 0.0143 0.0044 0.0014 1.0000 1.0000 1.0000 1.0000 0.3487 0.1076 0.0332 0.0103 0.0032 0.0010 1.0000 1.0000 1.0000 0.8128 0.2509 0.0775 0.0239 0.0074 0.0023 0.0007 1.0000 1.0000 1.0000 0.5663 0.1738 0.0534 0.0164 0.0050 0.0015 1.0000 1.0000 1.0000 1.0000 0.3849 0.1184 0.0359 0.0120 0.0019
0.0062 0.0390 0.1162 0.3835 1.0000 1.0000 1.0000 1.0000 0.0015 0.0050 0.0163 0.0531 0.1728 0.5631 1.0000 1.0000 1.0000 0.0007 0.0023 0.0073 0.0239 0.0778 0.2519 0.8174 1.0000 1.0000 1.0000 0.0010 0.0032 0.0103 0.0334 0.1083 0.3507 1.0000 1.0000 1.0000 1.0000 0.0014 0.0044 0.0143 0.0464 0.1504 0.4873 1.0000 1.0000 1.0000 1.0000 0.0019 0.0062 0.0231 0.0523 0.0231 0.0062 0.0019 1.0000 1.0000 1.0000 1.0000 0.4873 0.1504 0.0464 0.0143 0.0044 0.0014 1.0000 1.0000 1.0000 1.0000 0.3507 0.1083 0.0334 0.0103 0.0032 0.0010 1.0000 1.0000 1.0000 0.8174 0.2519 0.0778 0.0239 0.0073 0.0023 0.0007 1.0000 1.0000 1.0000 0.5631 0.1728 0.0531 0.0163 0.0050 0.0015 1.0000 1.0000 1.0000 1.0000 0.3835 0.1162 0.0390 0.0062
0.0200 0.1263 0.3762 1.0000 1.0000 1.0000 1.0000 0.0015 0.0050 0.0162 0.0528 0.1719 0.5599 1.0000 1.0000 1.0000 0.0007 0.0022 0.0073 0.0238 0.0775 0.2519 0.8205 1.0000 1.0000 1.0000 0.0010 0.0032 0.0104 0.0336 0.1089 0.3527 1.0000 1.0000 1.0000 1.0000 0.0014 0.0045 0.0144 0.0467 0.1513 0.4901 1.0000 1.0000 1.0000 1.0000 0.0019 0.0062 0.0201 0.0751 0.1706 0.0751 0.0201 0.0062 0.0019 1.0000 1.0000 1.0000 1.0000 0.4901 0.1513 0.0467 0.0144 0.0045 0.0014 1.0000 1.0000 1.0000 1.0000 0.3527 0.1089 0.0336 0.0104 0.0032 0.0010 1.0000 1.0000 1.0000 0.8205 0.2519 0.0775 0.0238 0.0073 0.0022 0.0007 1.0000 1.0000 1.0000 0.5599 0.1719 0.0528 0.0162 0.0050 0.0015 1.0000 1.0000 1.0000 1.0000 0.3762 0.1263 0.0200
0.0647 0.4091 1.0000 1.0000 1.0000 1.0000 0.0015 0.0049 0.0161 0.0525 0.1709 0.5567 1.0000 1.0000 1.0000 0.0007 0.0022 0.0073 0.0236 0.0770 0.2509 0.8174 1.0000 1.0000 1.0000 0.0010 0.0032 0.0104 0.0338 0.1095 0.3547 1.0000 1.0000 1.0000 1.0000 0.0014 0.0045 0.0145 0.0470 0.1522 0.4929 1.0000 1.0000 1.0000 1.0000 0.0019 0.0062 0.0201 0.0655 0.2448 0.5546 0.2448 0.0655 0.0201 0.0062 0.0019 1.0000 1.0000 1.0000 1.0000 0.4929 0.1522 0.0470 0.0145 0.0045 0.0014 1.0000 1.0000 1.0000 1.0000 0.3547 0.1095 0.0338 0.0104 0.0032 0.0010 1.0000 1.0000 1.0000 0.8174 0.2509 0.0770 0.0236 0.0073 0.0022 0.0007 1.0000 1.0000 1.0000 0.5567 0.1709 0.0525 0.0161 0.0049 0.0015 1.0000 1.0000 1.0000 1.0000 0.4091 0.0647
0.2094 1.0000 1.0000 1.0000 1.0000 0.0015 0.0049 0.0160 0.0522 0.1699 0.5535 1.0000 1.0000 1.0000 0.0007 0.0022 0.0072 0.0235 0.0766 0.2495 0.8128 1.0000 1.0000 1.0000 0.0010 0.0032 0.0105 0.0340 0.1101 0.3567 1.0000 1.0000 1.0000 1.0000 0.0014 0.0045 0.0146 0.0472 0.1530 0.4957 1.0000 1.0000 1.0000 1.0000 0.0019 0.0063 0.0203 0.0654 0.2135 0.7975 1.0000 0.7975 0.2135 0.0654 0.0203 0.0063 0.0019 1.0000 1.0000 1.0000 1.0000 0.4957 0.1530 0.0472 0.0146 0.0045 0.0014 1.0000 1.0000 1.0000 1.0000 0.3567 0.1101 0.0340 0.0105 0.0032 0.0010 1.0000 1.0000 1.0000 0.8128 0.2495 0.0766 0.0235 0.0072 0.0022 0.0007 1.0000 1.0000 1.0000 0.5535 0.1699 0.0522 0.0160 0.0049 0.0015 1.0000 1.0000 1.0000 1.0000 0.2094
0.6784 1.0000 1.0000 1.0000 0.0015 0.0049 0.0159 0.0519 0.1689 0.5504 1.0000 1.0000 1.0000 0.0007 0.0022 0.0072 0.0234 0.0762 0.2481 0.8082 1.0000 1.0000 1.0000 0.0010 0.0032 0.0105 0.0341 0.1108 0.3588 1.0000 1.0000 1.0000 1.0000 0.0014 0.0045 0.0147 0.0475 0.1539 0.4985 1.0000 1.0000 1.0000 1.0000 0.0019 0.0063 0.0204 0.0660 0.2131 0.6954 1.0000 1.0000 1.0000 0.6954 0.2131 0.0660 0.0204 0.0063 0.0019 1.0000 1.0000 1.0000 1.0000 0.4985 0.1539 0.0475 0.0147 0.0045 0.0014 1.0000 1.0000 1.0000 1.0000 0.3588 0.1108 0.0341 0.0105 0.0032 0.0010 1.0000 1.0000 1.0000 0.8082 0.2481 0.0762 0.0234 0.0072 0.0022 0.0007 1.0000 1.0000 1.0000 0.5504 0.1689 0.0519 0.0159 0.0049 0.0015 1.0000 1.0000 1.0000 0.6784
1.0000 1.0000 1.0000 0.0015 0.0049 0.0158 0.0516 0.1680 0.5472 1.0000 1.0000 1.0000 0.0007 0.0022 0.0071 0.0232 0.0757 0.2467 0.8036 1.0000 1.0000 1.0000 0.0010 0.0032 0.0105 0.0341 0.1112 0.3601 1.0000 1.0000 1.0000 1.0000 0.0014 0.0046 0.0148 0.0478 0.1548 0.5014 1.0000 1.0000 1.0000 1.0000 0.0020 0.0063 0.0205 0.0664 0.2151 0.6941 1.0000 1.0000 1.0000 1.0000 1.0000 0.6941 0.2151 0.0664 0.0205 0.0063 0.0020 1.0000 1.0000 1.0000 1.0000 0.5014 0.1548 0.0478 0.0148 0.0046 0.0014 1.0000 1.0000 1.0000 1.0000 0.3601 0.1112 0.0341 0.0105 0.0032 0.0010 1.0000 1.0000 1.0000 0.8036 0.2467 0.0757 0.0232 0.0071 0.0022 0.0007 1.0000 1.0000 1.0000 0.5472 0.1680 0.0516 0.0158 0.0049 0.0015 1.0000 1.0000 1.0000
1.0000 1.0000 0.0015 0.0048 0.0157 0.0513 0.1670 0.5441 1.0000 1.0000 1.0000 0.0007 0.0022 0.0071 0.0231 0.0753 0.2453 0.7990 1.0000 1.0000 1.0000 0.0010 0.0032 0.0104 0.0340 0.1108 0.3601 1.0000 1.0000 1.0000 1.0000 0.0014 0.0046 0.0148 0.0481 0.1557 0.5043 1.0000 1.0000 1.0000 1.0000 0.0020 0.0064 0.0206 0.0668 0.2163 0.7007 1.0000 1.0000 1.0000 1.0000 1.0000 1.0000 1.0000 0.7007 0.2163 0.0668 0.0206 0.0064 0.0020 1.0000 1.0000 1.0000 1.0000 0.5043 0.1557 0.0481 0.0148 0.0046 0.0014 1.0000 1.0000 1.0000 1.0000 0.3601 0.1108 0.0340 0.0104 0.0032 0.0010 1.0000 1.0000 1.0000 0.7990 0.2453 0.0753 0.0231 0.0071 0.0022 0.0007 1.0000 1.0000 1.0000 0.5441 0.1670 0.0513 0.0157 0.0048 0.0015 1.0000 1.0000
1.0000 0.0016 0.0047 0.0157 0.0510 0.1661 0.5410 1.0000 1.0000 1.0000 0.0007 0.0022 0.0071 0.0230 0.0749 0.2439 0.7944 1.0000 1.0000 1.0000 0.0010 0.0032 0.0104 0.0338 0.1101 0.3588 1.0000 1.0000 1.0000 1.0000 0.0014 0.0046 0.0149 0.0483 0.1566 0.5072 1.0000 1.0000 1.0000 1.0000 0.0020 0.0064 0.0207 0.0672 0.2176 0.7047 1.0000 1.0000 1.0000 0.0010 0.0022 0.0010 1.0000 1.0000 1.0000 0.7047 0.2176 0.0672 0.0207 0.0064 0.0020 1.0000 1.0000 1.0000 1.0000 0.5072 0.1566 0.0483 0.0149 0.0046 0.0014 1.0000 1.0000 1.0000 1.0000 0.3588 0.1101 0.0338 0.0104 0.0032 0.0010 1.0000 1.0000 1.0000 0.7944 0.2439 0.0749 0.0230 0.0071 0.0022 0.0007 1.0000 1.0000 1.0000 0.5410 0.1661 0.0510 0.0157 0.0047 0.0016 1.0000
0.0008 0.0052 0.0154 0.0508 0.1651 0.5380 1.0000 1.0000 1.0000 0.0007 0.0022 0.0070 0.0228 0.0744 0.2425 0.7899 1.0000 1.0000 1.0000 0.0010 0.0032 0.0103 0.0336 0.1095 0.3567 1.0000 1.0000 1.0000 1.0000 0.0014 0.0046 0.0150 0.0486 0.1575 0.5101 1.0000 1.0000 1.0000 1.0000 0.0020 0.0064 0.0209 0.0676 0.2188 0.7088 1.0000 1.0000 1.0000 0.0009 0.0032 0.0072 0.0032 0.0009 1.0000 1.0000 1.0000 0.7088 0.2188 0.0676 0.0209 0.0064 0.0020 1.0000 1.0000 1.0000 1.0000 0.5101 0.1575 0.0486 0.0150 0.0046 0.0014 1.0000 1.0000 1.0000 1.0000 0.3567 0.1095 0.0336 0.0103 0.0032 0.0010 1.0000 1.0000 1.0000 0.7899 0.2425 0.0744 0.0228 0.0070 0.0022 0.0007 1.0000 1.0000 1.0000 0.5380 0.1651 0.0508 0.0154 0.0052 0.0008
0.0026 0.0167 0.0498 0.1645 0.5349 1.0000 1.0000 1.0000 0.0007 0.0021 0.0070 0.0227 0.0740 0.2411 0.7854 1.0000 1.0000 1.0000 0.0010 0.0031 0.0103 0.0334 0.1089 0.3547 1.0000 1.0000 1.0000 1.0000 0.0014 0.0046 0.0151 0.0488 0.1584 0.5130 1.0000 1.0000 1.0000 0.0006 0.0020 0.0065 0.0210 0.0679 0.2201 0.7128 1.0000 1.0000 1.0000 0.0009 0.0028 0.0104 0.0236 0.0104 0.0028 0.0009 1.0000 1.0000 1.0000 0.7128 0.2201 0.0679 0.0210 0.0065 0.0020 0.0006 1.0000 1.0000 1.0000 0.5130 0.1584 0.0488 0.0151 0.0046 0.0014 1.0000 1.0000 1.0000 1.0000 0.3547 0.1089 0.0334 0.0103 0.0031 0.0010 1.0000 1.0000 1.0000 0.7854 0.2411 0.0740 0.0227 0.0070 0.0021 0.0007 1.0000 1.0000 1.0000 0.5349 0.1645 0.0498 0.0167 0.0026
0.0086 0.0542 0.1614 0.5329 1.0000 1.0000 1.0000 0.0007 0.0021 0.0069 0.0226 0.0736 0.2397 0.7810 1.0000 1.0000 1.0000 0.0010 0.0031 0.0102 0.0332 0.1083 0.3527 1.0000 1.0000 1.0000 1.0000 0.0014 0.0046 0.0150 0.0488 0.1590 0.5149 1.0000 1.0000 1.0000 0.0006 0.0020 0.0065 0.0211 0.0683 0.2213 0.7169 1.0000 1.0000 1.0000 0.0009 0.0028 0.0091 0.0339 0.0769 0.0339 0.0091 0.0028 0.0009 1.0000 1.0000 1.0000 0.7169 0.2213 0.0683 0.0211 0.0065 0.0020 0.0006 1.0000 1.0000 1.0000 0.5149 0.1590 0.0488 0.0150 0.0046 0.0014 1.0000 1.0000 1.0000 1.0000 0.3527 0.1083 0.0332 0.0102 0.0031 0.0010 1.0000 1.0000 1.0000 0.7810 0.2397 0.0736 0.0226 0.0069 0.0021 0.0007 1.0000 1.0000 1.0000 0.5329 0.1614 0.0542 0.0086
0.0277 0.1752 0.5228 1.0000 1.0000 1.0000 0.0006 0.0021 0.0069 0.0225 0.0732 0.2384 0.7765 1.0000 1.0000 1.0000 0.0010 0.0031 0.0101 0.0330 0.1076 0.3507 1.0000 1.0000 1.0000 1.0000 0.0014 0.0046 0.0149 0.0486 0.1584 0.5149 1.0000 1.0000 1.0000 0.0006 0.0020 0.0065 0.0212 0.0687 0.2226 0.7210 1.0000 1.0000 1.0000 0.0009 0.0028 0.0090 0.0296 0.1105 0.2509 0.1105 0.0296 0.0090 0.0028 0.0009 1.0000 1.0000 1.0000 0.7210 0.2226 0.0687 0.0212 0.0065 0.0020 0.0006 1.0000 1.0000 1.0000 0.5149 0.1584 0.0486 0.0149 0.0046 0.0014 1.0000 1.0000 1.0000 1.0000 0.3507 0.1076 0.0330 0.0101 0.0031 0.0010 1.0000 1.0000 1.0000 0.7765 0.2384 0.0732 0.0225 0.0069 0.0021 0.0006 1.0000 1.0000 1.0000 0.5228 0.1752 0.0277
0.0899 0.5685 1.0000 1.0000 1.0000 0.0006 0.0021 0.0069 0.0223 0.0728 0.2370 0.7721 1.0000 1.0000 1.0000 0.0010 0.0031 0.0101 0.0329 0.1070 0.3487 1.0000 1.0000 1.0000 1.0000 0.0014 0.0046 0.0148 0.0483 0.1575 0.5130 1.0000 1.0000 1.0000 0.0006 0.0020 0.0066 0.0213 0.0691 0.2239 0.7251 1.0000 1.0000 1.0000 0.0009 0.0028 0.0092 0.0295 0.0964 0.3601 0.8159 0.3601 0.0964 0.0295 0.0092 0.0028 0.0009 1.0000 1.0000 1.0000 0.7251 0.2239 0.0691 0.0213 0.0066 0.0020 0.0006 1.0000 1.0000 1.0000 0.5130 0.1575 0.0483 0.0148 0.0046 0.0014 1.0000 1.0000 1.0000 1.0000 0.3487 0.1070 0.0329 0.0101 0.0031 0.0010 1.0000 1.0000 1.0000 0.7721 0.2370 0.0728 0.0223 0.0069 0.0021 0.0006 1.0000 1.0000 1.0000 0.5685 0.0899
0.2910 1.0000 1.0000 1.0000 0.0006 0.0021 0.0068 0.0222 0.0723 0.2357 0.7677 1.0000 1.0000 1.0000 0.0009 0.0031 0.0100 0.0327 0.1064 0.3467 1.0000 1.0000 1.0000 1.0000 0.0014 0.0045 0.0148 0.0481 0.1566 0.5101 1.0000 1.0000 1.0000 0.0006 0.0020 0.0066 0.0215 0.0695 0.2251 0.7293 1.0000 1.0000 1.0000 0.0009 0.0028 0.0092 0.0298 0.0960 0.3141 1.0000 1.0000 1.0000 0.3141 0.0960 0.0298 0.0092 0.0028 0.0009 1.0000 1.0000 1.0000 0.7293 0.2251 0.0695 0.0215 0.0066 0.0020 0.0006 1.0000 1.0000 1.0000 0.5101 0.1566 0.0481 0.0148 0.0045 0.0014 1.0000 1.0000 1.0000 1.0000 0.3467 0.1064 0.0327 0.0100 0.0031 0.0009 1.0000 1.0000 1.0000 0.7677 0.2357 0.0723 0.0222 0.0068 0.0021 0.0006 1.0000 1.0000 1.0000 0.2910
0.9427 1.0000 1.0000 0.0006 0.0021 0.0068 0.0221 0.0719 0.2343 0.7633 1.0000 1.0000 1.0000 0.0009 0.0031 0.0100 0.0325 0.1058 0.3447 1.0000 1.0000 1.0000 1.0000 0.0014 0.0045 0.0147 0.0478 0.1557 0.5072 1.0000 1.0000 1.0000 0.0006 0.0020 0.0066 0.0215 0.0698 0.2264 0.7335 1.0000 1.0000 1.0000 0.0009 0.0029 0.0093 0.0300 0.0971 0.3135 1.0000 1.0000 1.0000 1.0000 1.0000 0.3135 0.0971 0.0300 0.0093 0.0029 0.0009 1.0000 1.0000 1.0000 0.7335 0.2264 0.0698 0.0215 0.0066 0.0020 0.0006 1.0000 1.0000 1.0000 0.5072 0.1557 0.0478 0.0147 0.0045 0.0014 1.0000 1.0000 1.0000 1.0000 0.3447 0.1058 0.0325 0.0100 0.0031 0.0009 1.0000 1.0000 1.0000 0.7633 0.2343 0.0719 0.0221 0.0068 0.0021 0.0006 1.0000 1.0000 0.9427
1.0000 1.0000 0.0006 0.0021 0.0067 0.0220 0.0715 0.2330 0.7590 1.0000 1.0000 1.0000 0.0009 0.0030 0.0099 0.0323 0.1052 0.3428 1.0000 1.0000 1.0000 1.0000 0.0014 0.0045 0.0146 0.0475 0.1548 0.5043 1.0000 1.0000 1.0000 0.0006 0.0020 0.0066 0.0215 0.0698 0.2273 0.7362 1.0000 1.0000 1.0000 0.0009 0.0029 0.0093 0.0302 0.0977 0.3164 1.0000 1.0000 1.0000 1.0000 1.0000 1.0000 1.0000 0.3164 0.0977 0.0302 0.0093 0.0029 0.0009 1.0000 1.0000 1.0000 0.7362 0.2273 0.0698 0.0215 0.0066 0.0020 0.0006 1.0000 1.0000 1.0000 0.5043 0.1548 0.0475 0.0146 0.0045 0.0014 1.0000 1.0000 1.0000 1.0000 0.3428 0.1052 0.0323 0.0099 0.0030 0.0009 1.0000 1.0000 1.0000 0.7590 0.2330 0.0715 0.0220 0.0067 0.0021 0.0006 1.0000 1.0000
1.0000 0.0007 0.0020 0.0067 0.0218 0.0711 0.2317 0.7547 1.0000 1.0000 1.0000 0.0009 0.0030 0.0099 0.0321 0.1046 0.3408 1.0000 1.0000 1.0000 1.0000 0.0014 0.0045 0.0145 0.0472 0.1539 0.5014 1.0000 1.0000 1.0000 0.0006 0.0020 0.0065 0.0213 0.0695 0.2264 0.7362 1.0000 1.0000 1.0000 0.0009 0.0029 0.0094 0.0303 0.0983 0.3183 1.0000 1.0000 1.0000 1.0000 0.0010 1.0000 1.0000 1.0000 1.0000 0.3183 0.0983 0.0303 0.0094 0.0029 0.0009 1.0000 1.0000 1.0000 0.7362 0.2264 0.0695 0.0213 0.0065 0.0020 0.0006 1.0000 1.0000 1.0000 0.5014 0.1539 0.0472 0.0145 0.0045 0.0014 1.0000 1.0000 1.0000 1.0000 0.3408 0.1046 0.0321 0.0099 0.0030 0.0009 1.0000 1.0000 1.0000 0.7547 0.2317 0.0711 0.0218 0.0067 0.0020 0.0007 1.0000
0.0003 0.0022 0.0066 0.0217 0.0707 0.2303 0.7504 1.0000 1.0000 1.0000 0.0009 0.0030 0.0098 0.0319 0.1040 0.3389 1.0000 1.0000 1.0000 1.0000 0.0014 0.0044 0.0144 0.0470 0.1530 0.4985 1.0000 1.0000 1.0000 1.0000 0.0020 0.0065 0.0212 0.0691 0.2251 0.7335 1.0000 1.0000 1.0000 0.0009 0.0029 0.0094 0.0305 0.0988 0.3201 1.0000 1.0000 1.0000 1.0000 0.0014 0.0033 0.0014 1.0000 1.0000 1.0000 1.0000 0.3201 0.0988 0.0305 0.0094 0.0029 0.0009 1.0000 1.0000 1.0000 0.7335 0.2251 0.0691 0.0212 0.0065 0.0020 1.0000 1.0000 1.0000 1.0000 0.4985 0.1530 0.0470 0.0144 0.0044 0.0014 1.0000 1.0000 1.0000 1.0000 0.3389 0.1040 0.0319 0.0098 0.0030 0.0009 1.0000 1.0000 1.0000 0.7504 0.2303 0.0707 0.0217 0.0066 0.0022 0.0003
0.0011 0.0072 0.0213 0.0704 0.2290 0.7461 1.0000 1.0000 1.0000 0.0009 0.0030 0.0097 0.0317 0.1034 0.3369 1.0000 1.0000 1.0000 1.0000 0.0014 0.0044 0.0143 0.0467 0.1522 0.4957 1.0000 1.0000 1.0000 1.0000 0.0020 0.0065 0.0211 0.0687 0.2239 0.7293 1.0000 1.0000 1.0000 0.0009 0.0029 0.0095 0.0307 0.0994 0.3219 1.0000 1.0000 1.0000 1.0000 0.0013 0.0047 0.0106 0.0047 0.0013 1.0000 1.0000 1.0000 1.0000 0.3219 0.0994 0.0307 0.0095 0.0029 0.0009 1.0000 1.0000 1.0000 0.7293 0.2239 0.0687 0.0211 0.0065 0.0020 1.0000 1.0000 1.0000 1.0000 0.4957 0.1522 0.0467 0.0143 0.0044 0.0014 1.0000 1.0000 1.0000 1.0000 0.3369 0.1034 0.0317 0.0097 0.0030 0.0009 1.0000 1.0000 1.0000 0.7461 0.2290 0.0704 0.0213 0.0072 0.0011
0.0037 0.0232 0.0691 0.2282 0.7419 1.0000 1.0000 1.0000 0.0009 0.0030 0.0097 0.0316 0.1028 0.3350 1.0000 1.0000 1.0000 1.0000 0.0013 0.0044 0.0143 0.0464 0.1513 0.4929 1.0000 1.0000 1.0000 1.0000 0.0020 0.0064 0.0210 0.0683 0.2226 0.7251 1.0000 1.0000 1.0000 0.0009 0.0029 0.0095 0.0308 0.0998 0.3238 1.0000 1.0000 1.0000 1.0000 0.0013 0.0041 0.0153 0.0347 0.0153 0.0041 0.0013 1.0000 1.0000 1.0000 1.0000 0.3238 0.0998 0.0308 0.0095 0.0029 0.0009 1.0000 1.0000 1.0000 0.7251 0.2226 0.0683 0.0210 0.0064 0.0020 1.0000 1.0000 1.0000 1.0000 0.4929 0.1513 0.0464 0.0143 0.0044 0.0013 1.0000 1.0000 1.0000 1.0000 0.3350 0.1028 0.0316 0.0097 0.0030 0.0009 1.0000 1.0000 1.0000 0.7419 0.2282 0.0691 0.0232 0.0037
0.0119 0.0751 0.2239 0.7391 1.0000 1.0000 1.0000 0.0009 0.0030 0.0096 0.0314 0.1023 0.3331 1.0000 1.0000 1.0000 1.0000 0.0013 0.0044 0.0142 0.0462 0.1504 0.4901 1.0000 1.0000 1.0000 1.0000 0.0020 0.0064 0.0209 0.0679 0.2213 0.7210 1.0000 1.0000 1.0000 0.0009 0.0029 0.0094 0.0307 0.0998 0.3250 1.0000 1.0000 1.0000 1.0000 0.0013 0.0041 0.0133 0.0498 0.1129 0.0498 0.0133 0.0041 0.0013 1.0000 1.0000 1.0000 1.0000 0.3250 0.0998 0.0307 0.0094 0.0029 0.0009 1.0000 1.0000 1.0000 0.7210 0.2213 0.0679 0.0209 0.0064 0.0020 1.0000 1.0000 1.0000 1.0000 0.4901 0.1504 0.0462 0.0142 0.0044 0.0013 1.0000 1.0000 1.0000 1.0000 0.3331 0.1023 0.0314 0.0096 0.0030 0.0009 1.0000 1.0000 1.0000 0.7391 0.2239 0.0751 0.0119
0.0385 0.2434 0.7251 1.0000 1.0000 1.0000 0.0009 0.0029 0.0096 0.0312 0.1017 0.3312 1.0000 1.0000 1.0000 1.0000 0.0013 0.0043 0.0141 0.0459 0.1496 0.4873 1.0000 1.0000 1.0000 1.0000 0.0020 0.0064 0.0207 0.0676 0.2201 0.7169 1.0000 1.0000 1.0000 0.0009 0.0029 0.0094 0.0305 0.0994 0.3238 1.0000 1.0000 1.0000 1.0000 0.0013 0.0041 0.0133 0.0435 0.1623 0.3685 0.1623 0.0435 0.0133 0.0041 0.0013 1.0000 1.0000 1.0000 1.0000 0.3238 0.0994 0.0305 0.0094 0.0029 0.0009 1.0000 1.0000 1.0000 0.7169 0.2201 0.0676 0.0207 0.0064 0.0020 1.0000 1.0000 1.0000 1.0000 0.4873 0.1496 0.0459 0.0141 0.0043 0.0013 1.0000 1.0000 1.0000 1.0000 0.3312 0.1017 0.0312 0.0096 0.0029 0.0009 1.0000 1.0000 1.0000 0.7251 0.2434 0.0385
0.1246 0.7884 1.0000 1.0000 1.0000 0.0009 0.0029 0.0095 0.0310 0.1011 0.3293 1.0000 1.0000 1.0000 1.0000 0.0013 0.0043 0.0140 0.0457 0.1487 0.4845 1.0000 1.0000 1.0000 1.0000 0.0019 0.0063 0.0206 0.0672 0.2188 0.7128 1.0000 1.0000 1.0000 0.0009 0.0029 0.0093 0.0303 0.0988 0.3219 1.0000 1.0000 1.0000 1.0000 0.0013 0.0041 0.0134 0.0434 0.1416 0.5288 1.0000 0.5288 0.1416 0.0434 0.0134 0.0041 0.0013 1.0000 1.0000 1.0000 1.0000 0.3219 0.0988 0.0303 0.0093 0.0029 0.0009 1.0000 1.0000 1.0000 0.7128 0.2188 0.0672 0.0206 0.0063 0.0019 1.0000 1.0000 1.0000 1.0000 0.4845 0.1487 0.0457 0.0140 0.0043 0.0013 1.0000 1.0000 1.0000 1.0000 0.3293 0.1011 0.0310 0.0095 0.0029 0.0009 1.0000 1.0000 1.0000 0.7884 0.1246
0.4037 1.0000 1.0000 1.0000 0.0009 0.0029 0.0095 0.0309 0.1005 0.3275 1.0000 1.0000 1.0000 1.0000 0.0013 0.0043 0.0139 0.0454 0.1479 0.4818 1.0000 1.0000 1.0000 1.0000 0.0019 0.0063 0.0205 0.0668 0.2176 0.7088 1.0000 1.0000 1.0000 0.0009 0.0028 0.0093 0.0302 0.0983 0.3201 1.0000 1.0000 1.0000 1.0000 0.0013 0.0042 0.0135 0.0438 0.1413 0.4611 1.0000 1.0000 1.0000 0.4611 0.1413 0.0438 0.0135 0.0042 0.0013 1.0000 1.0000 1.0000 1.0000 0.3201 0.0983 0.0302 0.0093 0.0028 0.0009 1.0000 1.0000 1.0000 0.7088 0.2176 0.0668 0.0205 0.0063 0.0019 1.0000 1.0000 1.0000 1.0000 0.4818 0.1479 0.0454 0.0139 0.0043 0.0013 1.0000 1.0000 1.0000 1.0000 0.3275 0.1005 0.0309 0.0095 0.0029 0.0009 1.0000 1.0000 1.0000 0.4037
1.0000 1.0000 1.0000 0.0009 0.0029 0.0094 0.0307 0.0999 0.3256 1.0000 1.0000 1.0000 1.0000 0.0013 0.0043 0.0139 0.0451 0.1470 0.4790 1.0000 1.0000 1.0000 1.0000 0.0019 0.0063 0.0204 0.0664 0.2163 0.7047 1.0000 1.0000 1.0000 0.0009 0.0028 0.0092 0.0300 0.0977 0.3183 1.0000 1.0000 1.0000 1.0000 0.0013 0.0041 0.0135 0.0440 0.1424 0.4603 1.0000 1.0000 1.0000 1.0000 1.0000 0.4603 0.1424 0.0440 0.0135 0.0041 0.0013 1.0000 1.0000 1.0000 1.0000 0.3183 0.0977 0.0300 0.0092 0.0028 0.0009 1.0000 1.0000 1.0000 0.7047 0.2163 0.0664 0.0204 0.0063 0.0019 1.0000 1.0000 1.0000 1.0000 0.4790 0.1470 0.0451 0.0139 0.0043 0.0013 1.0000 1.0000 1.0000 1.0000 0.3256 0.0999 0.0307 0.0094 0.0029 0.0009 1.0000 1.0000 1.0000
1.0000 1.0000 0.0009 0.0029 0.0094 0.0305 0.0994 0.3238 1.0000 1.0000 1.0000 1.0000 0.0013 0.0042 0.0138 0.0449 0.1462 0.4763 1.0000 1.0000 1.0000 1.0000 0.0019 0.0062 0.0203 0.0660 0.2151 0.7007 1.0000 1.0000 1.0000 0.0009 0.0028 0.0092 0.0298 0.0971 0.3164 1.0000 1.0000 1.0000 1.0000 0.0013 0.0041 0.0134 0.0438 0.1424 0.4638 1.0000 1.0000 1.0000 1.0000 1.0000 1.0000 1.0000 0.4638 0.1424 0.0438 0.0134 0.0041 0.0013 1.0000 1.0000 1.0000 1.0000 0.3164 0.0971 0.0298 0.0092 0.0028 0.0009 1.0000 1.0000 1.0000 0.7007 0.2151 0.0660 0.0203 0.0062 0.0019 1.0000 1.0000 1.0000 1.0000 0.4763 0.1462 0.0449 0.0138 0.0042 0.0013 1.0000 1.0000 1.0000 1.0000 0.3238 0.0994 0.0305 0.0094 0.0029 0.0009 1.0000 1.0000
1.0000 0.0009 0.0028 0.0093 0.0303 0.0988 0.3219 1.0000 1.0000 1.0000 1.0000 0.0013 0.0042 0.0137 0.0446 0.1454 0.4736 1.0000 1.0000 1.0000 1.0000 0.0019 0.0062 0.0202 0.0657 0.2139 0.6967 1.0000 1.0000 1.0000 0.0009 0.0028 0.0091 0.0296 0.0966 0.3146 1.0000 1.0000 1.0000 1.0000 0.0013 0.0041 0.0134 0.0435 0.1418 0.4620 1.0000 1.0000 1.0000 1.0000 0.0015 1.0000 1.0000 1.0000 1.0000 0.4603 0.1413 0.0434 0.0133 0.0041 0.0013 1.0000 1.0000 1.0000 1.0000 0.3135 0.0960 0.0295 0.0090 0.0028 0.0009 1.0000 1.0000 1.0000 0.6941 0.2131 0.0654 0.0201 0.0062 0.0019 1.0000 1.0000 1.0000 1.0000 0.4718 0.1448 0.0445 0.0136 0.0042 0.0013 1.0000 1.0000 1.0000 1.0000 0.3207 0.0984 0.0302 0.0093 0.0028 0.0009 1.0000
0.0005 0.0031 0.0092 0.0302 0.0983 0.3201 1.0000 1.0000 1.0000 1.0000 0.0013 0.0042 0.0136 0.0444 0.1445 0.4709 1.0000 1.0000 1.0000 1.0000 0.0019 0.0062 0.0200 0.0653 0.2127 0.6928 1.0000 1.0000 1.0000 0.0009 0.0028 0.0090 0.0295 0.0960 0.3129 1.0000 1.0000 1.0000 1.0000 0.0013 0.0041 0.0133 0.0433 0.1410 0.4594 1.0000 1.0000 1.0000 1.0000 0.0021 0.0048 0.0021 1.0000 1.0000 1.0000 1.0000 0.4611 0.1416 0.0435 0.0133 0.0041 0.0013 1.0000 1.0000 1.0000 1.0000 0.3141 0.0964 0.0296 0.0091 0.0028 0.0009 1.0000 1.0000 1.0000 0.6954 0.2135 0.0655 0.0201 0.0062 0.0019 1.0000 1.0000 1.0000 1.0000 0.4727 0.1451 0.0445 0.0137 0.0042 0.0013 1.0000 1.0000 1.0000 1.0000 0.3213 0.0986 0.0303 0.0092 0.0031 0.0005
0.0016 0.0100 0.0296 0.0979 0.3183 1.0000 1.0000 1.0000 1.0000 0.0013 0.0042 0.0135 0.0441 0.1437 0.4682 1.0000 1.0000 1.0000 1.0000 0.0019 0.0061 0.0199 0.0649 0.2114 0.6888 1.0000 1.0000 1.0000 0.0008 0.0028 0.0090 0.0293 0.0955 0.3111 1.0000 1.0000 1.0000 1.0000 0.0012 0.0041 0.0132 0.0430 0.1402 0.4568 1.0000 1.0000 1.0000 1.0000 0.0018 0.0068 0.0166 0.0083 0.0022 1.0000 1.0000 1.0000 1.0000 0.5288 0.1623 0.0498 0.0153 0.0047 0.0014 1.0000 1.0000 1.0000 1.0000 0.3601 0.1105 0.0339 0.0104 0.0032 0.0010 1.0000 1.0000 1.0000 0.7975 0.2448 0.0751 0.0231 0.0071 0.0022 1.0000 1.0000 1.0000 1.0000 0.5421 0.1664 0.0511 0.0157 0.0048 0.0015 1.0000 1.0000 1.0000 1.0000 0.3685 0.1133 0.0344 0.0116 0.0018
0.0051 0.0322 0.0960 0.3171 1.0000 1.0000 1.0000 1.0000 0.0013 0.0041 0.0135 0.0439 0.1429 0.4656 1.0000 1.0000 1.0000 1.0000 0.0019 0.0061 0.0198 0.0645 0.2102 0.6849 1.0000 1.0000 1.0000 0.0008 0.0027 0.0089 0.0291 0.0949 0.3093 1.0000 1.0000 1.0000 1.0000 0.0012 0.0040 0.0131 0.0428 0.1394 0.4542 1.0000 1.0000 1.0000 1.0000 0.0018 0.0059 0.0249 0.0478 0.0123 0.0048 0.0015 1.0000 1.0000 1.0000 1.0000 0.3685 0.1129 0.0347 0.0106 0.0033 0.0010 1.0000 1.0000 1.0000 0.8159 0.2509 0.0769 0.0236 0.0072 0.0022 1.0000 1.0000 1.0000 1.0000 0.5546 0.1706 0.0523 0.0161 0.0049 0.0015 1.0000 1.0000 1.0000 1.0000 0.3770 0.1159 0.0355 0.0109 0.0033 0.0010 1.0000 1.0000 1.0000 0.8363 0.2572 0.0782 0.0264 0.0044
0.0165 0.1042 0.3111 1.0000 1.0000 1.0000 1.0000 0.0013 0.0041 0.0134 0.0436 0.1421 0.4629 1.0000 1.0000 1.0000 1.0000 0.0019 0.0060 0.0197 0.0642 0.2090 0.6810 1.0000 1.0000 1.0000 0.0008 0.0027 0.0089 0.0290 0.0944 0.3075 1.0000 1.0000 1.0000 1.0000 0.0012 0.0040 0.0131 0.0426 0.1386 0.4516 1.0000 1.0000 1.0000 1.0000 0.0018 0.0059 0.0202 0.0796 0.0287 0.0018 0.0020 1.0000 1.0000 1.0000 1.0000 0.5288 0.1623 0.0498 0.0153 0.0047 0.0014 1.0000 1.0000 1.0000 1.0000 0.3601 0.1105 0.0339 0.0104 0.0032 0.0010 1.0000 1.0000 1.0000 0.7975 0.2448 0.0751 0.0231 0.0071 0.0022 1.0000 1.0000 1.0000 1.0000 0.5421 0.1664 0.0511 0.0157 0.0048 0.0015 1.0000 1.0000 1.0000 1.0000 0.3685 0.1133 0.0344 0.0116 0.0018
0.0532 0.3363 1.0000 1.0000 1.0000 1.0000 0.0012 0.0041 0.0132 0.0431 0.1405 0.4577 1.0000 1.0000 1.0000 1.0000 0.0018 0.0060 0.0195 0.0634 0.2067 0.6733 1.0000 1.0000 1.0000 0.0008 0.0027 0.0088 0.0287 0.0933 0.3041 0.9905 1.0000 1.0000 1.0000 0.0012 0.0040 0.0129 0.0421 0.1371 0.4465 1.0000 1.0000 1.0000 1.0000 0.0018 0.0058 0.0190 0.0642 0.2151 0.3075 1.0000 1.0000 1.0000 1.0000 1.0000 0.4611 0.1416 0.0435 0.0133 0.0041 0.0013 1.0000 1.0000 1.0000 1.0000 0.3141 0.0964 0.0296 0.0091 0.0028 0.0009 1.0000 1.0000 1.0000 0.6954 0.2135 0.0655 0.0201 0.0062 0.0019 1.0000 1.0000 1.0000 1.0000 0.4727 0.1451 0.0445 0.0137 0.0042 0.0013 1.0000 1.0000 1.0000 1.0000 0.3213 0.0986 0.0303 0.0092 0.0031 0.0005
0.1772 1.0000 1.0000 1.0000 1.0000 0.0013 0.0041 0.0133 0.0435 0.1416 0.4611 1.0000 1.0000 1.0000 1.0000 0.0018 0.0060 0.0196 0.0639 0.2083 0.6784 1.0000 1.0000 1.0000 0.0008 0.0027 0.0089 0.0289 0.0940 0.3064 0.9981 1.0000 1.0000 1.0000 0.0012 0.0040 0.0130 0.0425 0.1384 0.4507 1.0000 1.0000 1.0000 1.0000 0.0018 0.0059 0.0192 0.0625 0.2090 0.6619 1.0000 1.0000 1.0000 1.0000 1.0000 0.4603 0.1413 0.0434 0.0133 0.0041 0.0013 1.0000 1.0000 1.0000 1.0000 0.3135 0.0960 0.0295 0.0090 0.0028 0.0009 1.0000 1.0000 1.0000 0.6941 0.2131 0.0654 0.0201 0.0062 0.0019 1.0000 1.0000 1.0000 1.0000 0.4718 0.1448 0.0445 0.0136 0.0042 0.0013 1.0000 1.0000 1.0000 1.0000 0.3207 0.0984 0.0302 0.0093 0.0028 0.0009 1.0000
0.6759 1.0000 1.0000 1.0000 0.0015 0.0048 0.0158 0.0514 0.1673 0.5452 1.0000 1.0000 1.0000 1.0000 0.0022 0.0071 0.0232 0.0756 0.2462 0.8020 1.0000 1.0000 1.0000 0.0010 0.0032 0.0105 0.0341 0.1112 0.3622 1.0000 1.0000 1.0000 1.0000 0.0015 0.0047 0.0154 0.0502 0.1636 0.5329 1.0000 1.0000 1.0000 1.0000 0.0021 0.0070 0.0227 0.0740 0.2411 0.7884 1.0000 1.0000 1.0000 1.0000 1.0000 0.4629 0.1426 0.0438 0.0134 0.0041 0.0013 1.0000 1.0000 1.0000 1.0000 0.3164 0.0971 0.0298 0.0092 0.0028 0.0009 1.0000 1.0000 1.0000 0.7007 0.2151 0.0660 0.0203 0.0062 0.0019 1.0000 1.0000 1.0000 1.0000 0.4763 0.1462 0.0449 0.0138 0.0042 0.0013 1.0000 1.0000 1.0000 1.0000 0.3238 0.0994 0.0305 0.0094 0.0029 0.0009 1.0000 1.0000
1.0000 1.0000 1.0000 0.0009 0.0028 0.0090 0.0294 0.0955 0.3111 1.0000 1.0000 1.0000 1.0000 0.0012 0.0041 0.0132 0.0431 0.1405 0.4577 1.0000 1.0000 1.0000 1.0000 0.0018 0.0060 0.0195 0.0634 0.2067 0.6733 1.0000 1.0000 1.0000 0.0008 0.0027 0.0088 0.0287 0.0933 0.3041 0.9905 1.0000 1.0000 1.0000 0.0012 0.0040 0.0129 0.0420 0.1363 0.4431 1.0000 1.0000 1.0000 1.0000 1.0000 0.4577 0.1426 0.0440 0.0135 0.0041 0.0013 1.0000 1.0000 1.0000 1.0000 0.3183 0.0977 0.0300 0.0092 0.0028 0.0009 1.0000 1.0000 1.0000 0.7047 0.2163 0.0664 0.0204 0.0063 0.0019 1.0000 1.0000 1.0000 1.0000 0.4790 0.1470 0.0451 0.0139 0.0043 0.0013 1.0000 1.0000 1.0000 1.0000 0.3256 0.0999 0.0307 0.0094 0.0029 0.0009 1.0000 1.0000 1.0000
