-0.0403 0.0168 0.0644 0.1329 -0.0760 -0.1936 -0.2172 -0.2082 -0.1374 -0.0616 -0.0183 0.0242 0.0882 0.0917 -0.1220 -0.2022 -0.2192 -0.1951 -0.1111 -0.0485 -0.0063 0.0372 0.1264 0.0219 -0.1665 -0.2094 -0.2182 -0.1764 -0.0878 -0.0370 0.0055 0.0533 0.1420 -0.0450 -0.1881 -0.2149 -0.2132 -0.1525 -0.0698 -0.0252 0.0173 0.0735 0.1198 -0.0964 -0.1974 -0.2184 -0.2034 -0.1259 -0.0544 -0.0075 0.0207 -0.0075 -0.0544 -0.1259 -0.2034 -0.2184 -0.1974 -0.0964 0.1198 0.0735 0.0173 -0.0252 -0.0698 -0.1525 -0.2132 -0.2149 -0.1881 -0.0450 0.1420 0.0533 0.0055 -0.0370 -0.0878 -0.1764 -0.2182 -0.2094 -0.1665 0.0219 0.1264 0.0372 -0.0063 -0.0485 -0.1111 -0.1951 -0.2192 -0.2022 -0.1220 0.0917 0.0882 0.0242 -0.0183 -0.0616 -0.1374 -0.2082 -0.2172 -0.1936 -0.0760 0.1329 0.0644 0.0168 -0.0403
0.0168 0.0811 0.1669 -0.1089 -0.3262 -0.3345 -0.2986 -0.1725 -0.0480 0.0058 0.0418 0.1065 0.1221 -0.1828 -0.3311 -0.3306 -0.2742 -0.1260 -0.0298 0.0162 0.0541 0.1511 0.0285 -0.2801 -0.3343 -0.3225 -0.2410 -0.0871 -0.0142 0.0257 0.0701 0.1734 -0.0650 -0.3227 -0.3352 -0.3091 -0.1992 -0.0596 -0.0009 0.0355 0.0908 0.1540 -0.1396 -0.3285 -0.3333 -0.2892 -0.1524 -0.0403 0.0106 0.0495 0.0871 0.0495 0.0106 -0.0403 -0.1524 -0.2892 -0.3333 -0.3285 -0.1396 0.1540 0.0908 0.0355 -0.0009 -0.0596 -0.1992 -0.3091 -0.3352 -0.3227 -0.0650 0.1734 0.0701 0.0257 -0.0142 -0.0871 -0.2410 -0.3225 -0.3343 -0.2801 0.0285 0.1511 0.0541 0.0162 -0.0298 -0.1260 -0.2742 -0.3306 -0.3311 -0.1828 0.1221 0.1065 0.0418 0.0058 -0.0480 -0.1725 -0.2986 -0.3345 -0.3262 -0.1089 0.1669 0.0811 0.0168
0.0644 0.1669 -0.1097 -0.3263 -0.3345 -0.2977 -0.1691 -0.0469 0.0026 0.0396 0.1071 0.1208 -0.1844 -0.3312 -0.3305 -0.2727 -0.1226 -0.0302 0.0124 0.0539 0.1523 0.0266 -0.2826 -0.3344 -0.3222 -0.2388 -0.0843 -0.0158 0.0217 0.0704 0.1734 -0.0665 -0.3229 -0.3353 -0.3085 -0.1962 -0.0577 -0.0036 0.0321 0.0913 0.1533 -0.1410 -0.3286 -0.3332 -0.2880 -0.1487 -0.0395 0.0068 0.0458 0.1151 0.1442 0.1151 0.0458 0.0068 -0.0395 -0.1487 -0.2880 -0.3332 -0.3286 -0.1410 0.1533 0.0913 0.0321 -0.0036 -0.0577 -0.1962 -0.3085 -0.3353 -0.3229 -0.0665 0.1734 0.0704 0.0217 -0.0158 -0.0843 -0.2388 -0.3222 -0.3344 -0.2826 0.0266 0.1523 0.0539 0.0124 -0.0302 -0.1226 -0.2727 -0.3305 -0.3312 -0.1844 0.1208 0.1071 0.0396 0.0026 -0.0469 -0.1691 -0.2977 -0.3345 -0.3263 -0.1097 0.1669 0.0644
0.1329 -0.1089 -0.3263 -0.3345 -0.2975 -0.1686 -0.0466 0.0032 0.0398 0.1077 0.1195 -0.1858 -0.3313 -0.3304 -0.2723 -0.1220 -0.0298 0.0130 0.0542 0.1534 0.0247 -0.2848 -0.3344 -0.3220 -0.2383 -0.0839 -0.0153 0.0222 0.0708 0.1733 -0.0679 -0.3230 -0.3353 -0.3082 -0.1956 -0.0575 -0.0030 0.0324 0.0917 0.1525 -0.1423 -0.3287 -0.3332 -0.2877 -0.1481 -0.0392 0.0075 0.0457 0.1254 0.0756 -0.1389 0.0756 0.1254 0.0457 0.0075 -0.0392 -0.1481 -0.2877 -0.3332 -0.3287 -0.1423 0.1525 0.0917 0.0324 -0.0030 -0.0575 -0.1956 -0.3082 -0.3353 -0.3230 -0.0679 0.1733 0.0708 0.0222 -0.0153 -0.0839 -0.2383 -0.3220 -0.3344 -0.2848 0.0247 0.1534 0.0542 0.0130 -0.0298 -0.1220 -0.2723 -0.3304 -0.3313 -0.1858 0.1195 0.1077 0.0398 0.0032 -0.0466 -0.1686 -0.2975 -0.3345 -0.3263 -0.1089 0.1329
-0.0760 -0.3262 -0.3345 -0.2975 -0.1682 -0.0464 0.0033 0.0400 0.1082 0.1182 -0.1872 -0.3314 -0.3303 -0.2718 -0.1212 -0.0296 0.0131 0.0544 0.1546 0.0229 -0.2870 -0.3345 -0.3218 -0.2376 -0.0833 -0.0151 0.0223 0.0711 0.1732 -0.0693 -0.3231 -0.3352 -0.3079 -0.1947 -0.0571 -0.0029 0.0326 0.0921 0.1518 -0.1435 -0.3288 -0.3331 -0.2872 -0.1473 -0.0389 0.0076 0.0460 0.1247 0.0769 -0.2316 -0.3275 -0.2316 0.0769 0.1247 0.0460 0.0076 -0.0389 -0.1473 -0.2872 -0.3331 -0.3288 -0.1435 0.1518 0.0921 0.0326 -0.0029 -0.0571 -0.1947 -0.3079 -0.3352 -0.3231 -0.0693 0.1732 0.0711 0.0223 -0.0151 -0.0833 -0.2376 -0.3218 -0.3345 -0.2870 0.0229 0.1546 0.0544 0.0131 -0.0296 -0.1212 -0.2718 -0.3303 -0.3314 -0.1872 0.1182 0.1082 0.0400 0.0033 -0.0464 -0.1682 -0.2975 -0.3345 -0.3262 -0.0760
-0.1936 -0.3345 -0.2977 -0.1686 -0.0464 0.0034 0.0402 0.1088 0.1169 -0.1886 -0.3315 -0.3302 -0.2713 -0.1205 -0.0293 0.0133 0.0547 0.1558 0.0212 -0.2892 -0.3345 -0.3216 -0.2369 -0.0828 -0.0149 0.0225 0.0714 0.1732 -0.0707 -0.3232 -0.3352 -0.3076 -0.1939 -0.0567 -0.0027 0.0328 0.0925 0.1511 -0.1448 -0.3289 -0.3330 -0.2868 -0.1465 -0.0386 0.0078 0.0462 0.1248 0.0799 -0.2289 -0.3349 -0.3397 -0.3349 -0.2289 0.0799 0.1248 0.0462 0.0078 -0.0386 -0.1465 -0.2868 -0.3330 -0.3289 -0.1448 0.1511 0.0925 0.0328 -0.0027 -0.0567 -0.1939 -0.3076 -0.3352 -0.3232 -0.0707 0.1732 0.0714 0.0225 -0.0149 -0.0828 -0.2369 -0.3216 -0.3345 -0.2892 0.0212 0.1558 0.0547 0.0133 -0.0293 -0.1205 -0.2713 -0.3302 -0.3315 -0.1886 0.1169 0.1088 0.0402 0.0034 -0.0464 -0.1686 -0.2977 -0.3345 -0.1936
-0.2172 -0.2986 -0.1691 -0.0466 0.0033 0.0402 0.1091 0.1158 -0.1900 -0.3315 -0.3300 -0.2708 -0.1198 -0.0290 0.0134 0.0550 0.1570 0.0194 -0.2914 -0.3345 -0.3214 -0.2363 -0.0822 -0.0147 0.0227 0.0717 0.1731 -0.0721 -0.3233 -0.3352 -0.3073 -0.1931 -0.0564 -0.0025 0.0330 0.0930 0.1503 -0.1461 -0.3290 -0.3330 -0.2864 -0.1457 -0.0383 0.0080 0.0465 0.1255 0.0782 -0.2278 -0.3326 -0.3286 -0.3088 -0.3286 -0.3326 -0.2278 0.0782 0.1255 0.0465 0.0080 -0.0383 -0.1457 -0.2864 -0.3330 -0.3290 -0.1461 0.1503 0.0930 0.0330 -0.0025 -0.0564 -0.1931 -0.3073 -0.3352 -0.3233 -0.0721 0.1731 0.0717 0.0227 -0.0147 -0.0822 -0.2363 -0.3214 -0.3345 -0.2914 0.0194 0.1570 0.0550 0.0134 -0.0290 -0.1198 -0.2708 -0.3300 -0.3315 -0.1900 0.1158 0.1091 0.0402 0.0033 -0.0466 -0.1691 -0.2986 -0.2172
-0.2082 -0.1725 -0.0469 0.0032 0.0400 0.1088 0.1158 -0.1907 -0.3316 -0.3300 -0.2702 -0.1190 -0.0287 0.0136 0.0552 0.1582 0.0176 -0.2936 -0.3346 -0.3212 -0.2356 -0.0817 -0.0144 0.0228 0.0720 0.1730 -0.0734 -0.3234 -0.3352 -0.3070 -0.1923 -0.0560 -0.0023 0.0332 0.0934 0.1495 -0.1473 -0.3290 -0.3329 -0.2860 -0.1448 -0.0380 0.0082 0.0467 0.1263 0.0764 -0.2295 -0.3330 -0.3242 -0.2552 -0.1779 -0.2552 -0.3242 -0.3330 -0.2295 0.0764 0.1263 0.0467 0.0082 -0.0380 -0.1448 -0.2860 -0.3329 -0.3290 -0.1473 0.1495 0.0934 0.0332 -0.0023 -0.0560 -0.1923 -0.3070 -0.3352 -0.3234 -0.0734 0.1730 0.0720 0.0228 -0.0144 -0.0817 -0.2356 -0.3212 -0.3346 -0.2936 0.0176 0.1582 0.0552 0.0136 -0.0287 -0.1190 -0.2702 -0.3300 -0.3316 -0.1907 0.1158 0.1088 0.0400 0.0032 -0.0469 -0.1725 -0.2082
-0.1374 -0.0480 0.0026 0.0398 0.1082 0.1169 -0.1900 -0.3316 -0.3299 -0.2698 -0.1184 -0.0285 0.0138 0.0555 0.1595 0.0158 -0.2959 -0.3346 -0.3210 -0.2349 -0.0811 -0.0142 0.0230 0.0724 0.1729 -0.0748 -0.3235 -0.3352 -0.3067 -0.1915 -0.0557 -0.0021 0.0334 0.0939 0.1487 -0.1486 -0.3291 -0.3328 -0.2855 -0.1440 -0.0377 0.0083 0.0470 0.1271 0.0747 -0.2312 -0.3332 -0.3267 -0.2500 -0.0937 -0.0367 -0.0937 -0.2500 -0.3267 -0.3332 -0.2312 0.0747 0.1271 0.0470 0.0083 -0.0377 -0.1440 -0.2855 -0.3328 -0.3291 -0.1486 0.1487 0.0939 0.0334 -0.0021 -0.0557 -0.1915 -0.3067 -0.3352 -0.3235 -0.0748 0.1729 0.0724 0.0230 -0.0142 -0.0811 -0.2349 -0.3210 -0.3346 -0.2959 0.0158 0.1595 0.0555 0.0138 -0.0285 -0.1184 -0.2698 -0.3299 -0.3316 -0.1900 0.1169 0.1082 0.0398 0.0026 -0.0480 -0.1374
-0.0616 0.0058 0.0396 0.1077 0.1182 -0.1886 -0.3315 -0.3300 -0.2698 -0.1181 -0.0283 0.0139 0.0558 0.1607 0.0140 -0.2982 -0.3346 -0.3208 -0.2342 -0.0806 -0.0140 0.0231 0.0727 0.1728 -0.0762 -0.3236 -0.3352 -0.3064 -0.1907 -0.0553 -0.0019 0.0336 0.0943 0.1479 -0.1499 -0.3292 -0.3328 -0.2851 -0.1432 -0.0374 0.0085 0.0472 0.1278 0.0730 -0.2329 -0.3332 -0.3266 -0.2557 -0.0972 -0.0158 0.0110 -0.0158 -0.0972 -0.2557 -0.3266 -0.3332 -0.2329 0.0730 0.1278 0.0472 0.0085 -0.0374 -0.1432 -0.2851 -0.3328 -0.3292 -0.1499 0.1479 0.0943 0.0336 -0.0019 -0.0553 -0.1907 -0.3064 -0.3352 -0.3236 -0.0762 0.1728 0.0727 0.0231 -0.0140 -0.0806 -0.2342 -0.3208 -0.3346 -0.2982 0.0140 0.1607 0.0558 0.0139 -0.0283 -0.1181 -0.2698 -0.3300 -0.3315 -0.1886 0.1182 0.1077 0.0396 0.0058 -0.0616
-0.0183 0.0418 0.1071 0.1195 -0.1872 -0.3315 -0.3300 -0.2702 -0.1184 -0.0283 0.0140 0.0560 0.1620 0.0123 -0.3005 -0.3347 -0.3206 -0.2335 -0.0801 -0.0137 0.0233 0.0730 0.1726 -0.0775 -0.3237 -0.3352 -0.3061 -0.1899 -0.0550 -0.0017 0.0338 0.0947 0.1471 -0.1512 -0.3293 -0.3327 -0.2847 -0.1424 -0.0371 0.0087 0.0475 0.1286 0.0713 -0.2346 -0.3333 -0.3264 -0.2551 -0.1002 -0.0216 0.0217 0.0500 0.0217 -0.0216 -0.1002 -0.2551 -0.3264 -0.3333 -0.2346 0.0713 0.1286 0.0475 0.0087 -0.0371 -0.1424 -0.2847 -0.3327 -0.3293 -0.1512 0.1471 0.0947 0.0338 -0.0017 -0.0550 -0.1899 -0.3061 -0.3352 -0.3237 -0.0775 0.1726 0.0730 0.0233 -0.0137 -0.0801 -0.2335 -0.3206 -0.3347 -0.3005 0.0123 0.1620 0.0560 0.0140 -0.0283 -0.1184 -0.2702 -0.3300 -0.3315 -0.1872 0.1195 0.1071 0.0418 -0.0183
0.0242 0.1065 0.1208 -0.1858 -0.3314 -0.3302 -0.2708 -0.1190 -0.0285 0.0139 0.0560 0.1627 0.0108 -0.3028 -0.3347 -0.3204 -0.2328 -0.0795 -0.0135 0.0235 0.0733 0.1725 -0.0789 -0.3238 -0.3352 -0.3058 -0.1891 -0.0546 -0.0015 0.0341 0.0952 0.1462 -0.1524 -0.3294 -0.3326 -0.2842 -0.1416 -0.0368 0.0088 0.0477 0.1294 0.0696 -0.2364 -0.3333 -0.3263 -0.2544 -0.0993 -0.0216 0.0182 0.0657 0.1101 0.0657 0.0182 -0.0216 -0.0993 -0.2544 -0.3263 -0.3333 -0.2364 0.0696 0.1294 0.0477 0.0088 -0.0368 -0.1416 -0.2842 -0.3326 -0.3294 -0.1524 0.1462 0.0952 0.0341 -0.0015 -0.0546 -0.1891 -0.3058 -0.3352 -0.3238 -0.0789 0.1725 0.0733 0.0235 -0.0135 -0.0795 -0.2328 -0.3204 -0.3347 -0.3028 0.0108 0.1627 0.0560 0.0139 -0.0285 -0.1190 -0.2708 -0.3302 -0.3314 -0.1858 0.1208 0.1065 0.0242
0.0882 0.1221 -0.1844 -0.3313 -0.3303 -0.2713 -0.1198 -0.0287 0.0138 0.0558 0.1620 0.0108 -0.3040 -0.3347 -0.3203 -0.2321 -0.0790 -0.0133 0.0236 0.0737 0.1724 -0.0802 -0.3240 -0.3351 -0.3055 -0.1883 -0.0543 -0.0013 0.0343 0.0956 0.1453 -0.1537 -0.3295 -0.3325 -0.2838 -0.1408 -0.0366 0.0090 0.0480 0.1302 0.0678 -0.2381 -0.3334 -0.3261 -0.2538 -0.0986 -0.0212 0.0182 0.0638 0.1497 0.0977 0.1497 0.0638 0.0182 -0.0212 -0.0986 -0.2538 -0.3261 -0.3334 -0.2381 0.0678 0.1302 0.0480 0.0090 -0.0366 -0.1408 -0.2838 -0.3325 -0.3295 -0.1537 0.1453 0.0956 0.0343 -0.0013 -0.0543 -0.1883 -0.3055 -0.3351 -0.3240 -0.0802 0.1724 0.0737 0.0236 -0.0133 -0.0790 -0.2321 -0.3203 -0.3347 -0.3040 0.0108 0.1620 0.0558 0.0138 -0.0287 -0.1198 -0.2713 -0.3303 -0.3313 -0.1844 0.1221 0.0882
0.0917 -0.1828 -0.3312 -0.3304 -0.2718 -0.1205 -0.0290 0.0136 0.0555 0.1607 0.0123 -0.3028 -0.3347 -0.3202 -0.2316 -0.0785 -0.0131 0.0238 0.0740 0.1722 -0.0816 -0.3241 -0.3351 -0.3052 -0.1875 -0.0540 -0.0011 0.0345 0.0961 0.1445 -0.1550 -0.3295 -0.3325 -0.2833 -0.1400 -0.0363 0.0092 0.0482 0.1310 0.0661 -0.2399 -0.3334 -0.3260 -0.2532 -0.0979 -0.0209 0.0184 0.0637 0.1727 -0.0403 -0.2506 -0.0403 0.1727 0.0637 0.0184 -0.0209 -0.0979 -0.2532 -0.3260 -0.3334 -0.2399 0.0661 0.1310 0.0482 0.0092 -0.0363 -0.1400 -0.2833 -0.3325 -0.3295 -0.1550 0.1445 0.0961 0.0345 -0.0011 -0.0540 -0.1875 -0.3052 -0.3351 -0.3241 -0.0816 0.1722 0.0740 0.0238 -0.0131 -0.0785 -0.2316 -0.3202 -0.3347 -0.3028 0.0123 0.1607 0.0555 0.0136 -0.0290 -0.1205 -0.2718 -0.3304 -0.3312 -0.1828 0.0917
-0.1220 -0.3311 -0.3305 -0.2723 -0.1212 -0.0293 0.0134 0.0552 0.1595 0.0140 -0.3005 -0.3347 -0.3203 -0.2316 -0.0783 -0.0129 0.0240 0.0743 0.1721 -0.0829 -0.3242 -0.3351 -0.3049 -0.1866 -0.0536 -0.0009 0.0347 0.0966 0.1436 -0.1563 -0.3296 -0.3324 -0.2829 -0.1392 -0.0360 0.0093 0.0485 0.1319 0.0643 -0.2416 -0.3335 -0.3258 -0.2526 -0.0973 -0.0207 0.0186 0.0640 0.1732 -0.0387 -0.3222 -0.3342 -0.3222 -0.0387 0.1732 0.0640 0.0186 -0.0207 -0.0973 -0.2526 -0.3258 -0.3335 -0.2416 0.0643 0.1319 0.0485 0.0093 -0.0360 -0.1392 -0.2829 -0.3324 -0.3296 -0.1563 0.1436 0.0966 0.0347 -0.0009 -0.0536 -0.1866 -0.3049 -0.3351 -0.3242 -0.0829 0.1721 0.0743 0.0240 -0.0129 -0.0783 -0.2316 -0.3203 -0.3347 -0.3005 0.0140 0.1595 0.0552 0.0134 -0.0293 -0.1212 -0.2723 -0.3305 -0.3311 -0.1220
-0.2022 -0.3306 -0.2727 -0.1220 -0.0296 0.0133 0.0550 0.1582 0.0158 -0.2982 -0.3347 -0.3204 -0.2321 -0.0785 -0.0129 0.0241 0.0746 0.1719 -0.0842 -0.3243 -0.3351 -0.3046 -0.1858 -0.0533 -0.0007 0.0349 0.0970 0.1427 -0.1576 -0.3297 -0.3323 -0.2824 -0.1384 -0.0357 0.0095 0.0487 0.1327 0.0626 -0.2434 -0.3335 -0.3257 -0.2519 -0.0966 -0.0204 0.0187 0.0643 0.1733 -0.0365 -0.3209 -0.3371 -0.3364 -0.3371 -0.3209 -0.0365 0.1733 0.0643 0.0187 -0.0204 -0.0966 -0.2519 -0.3257 -0.3335 -0.2434 0.0626 0.1327 0.0487 0.0095 -0.0357 -0.1384 -0.2824 -0.3323 -0.3297 -0.1576 0.1427 0.0970 0.0349 -0.0007 -0.0533 -0.1858 -0.3046 -0.3351 -0.3243 -0.0842 0.1719 0.0746 0.0241 -0.0129 -0.0785 -0.2321 -0.3204 -0.3347 -0.2982 0.0158 0.1582 0.0550 0.0133 -0.0296 -0.1220 -0.2727 -0.3306 -0.2022
-0.2192 -0.2742 -0.1226 -0.0298 0.0131 0.0547 0.1570 0.0176 -0.2959 -0.3346 -0.3206 -0.2328 -0.0790 -0.0131 0.0240 0.0746 0.1718 -0.0853 -0.3244 -0.3351 -0.3042 -0.1850 -0.0530 -0.0005 0.0352 0.0975 0.1417 -0.1589 -0.3298 -0.3322 -0.2820 -0.1376 -0.0354 0.0097 0.0490 0.1336 0.0608 -0.2452 -0.3336 -0.3255 -0.2513 -0.0960 -0.0202 0.0189 0.0646 0.1734 -0.0381 -0.3206 -0.3343 -0.3149 -0.2802 -0.3149 -0.3343 -0.3206 -0.0381 0.1734 0.0646 0.0189 -0.0202 -0.0960 -0.2513 -0.3255 -0.3336 -0.2452 0.0608 0.1336 0.0490 0.0097 -0.0354 -0.1376 -0.2820 -0.3322 -0.3298 -0.1589 0.1417 0.0975 0.0352 -0.0005 -0.0530 -0.1850 -0.3042 -0.3351 -0.3244 -0.0853 0.1718 0.0746 0.0240 -0.0131 -0.0790 -0.2328 -0.3206 -0.3346 -0.2959 0.0176 0.1570 0.0547 0.0131 -0.0298 -0.1226 -0.2742 -0.2192
-0.1951 -0.1260 -0.0302 0.0130 0.0544 0.1558 0.0194 -0.2936 -0.3346 -0.3208 -0.2335 -0.0795 -0.0133 0.0238 0.0743 0.1719 -0.0853 -0.3244 -0.3351 -0.3040 -0.1842 -0.0526 -0.0004 0.0354 0.0980 0.1408 -0.1602 -0.3299 -0.3321 -0.2815 -0.1368 -0.0351 0.0098 0.0492 0.1344 0.0590 -0.2470 -0.3336 -0.3253 -0.2507 -0.0954 -0.0199 0.0191 0.0649 0.1734 -0.0397 -0.3208 -0.3352 -0.3099 -0.2067 -0.1177 -0.2067 -0.3099 -0.3352 -0.3208 -0.0397 0.1734 0.0649 0.0191 -0.0199 -0.0954 -0.2507 -0.3253 -0.3336 -0.2470 0.0590 0.1344 0.0492 0.0098 -0.0351 -0.1368 -0.2815 -0.3321 -0.3299 -0.1602 0.1408 0.0980 0.0354 -0.0004 -0.0526 -0.1842 -0.3040 -0.3351 -0.3244 -0.0853 0.1719 0.0743 0.0238 -0.0133 -0.0795 -0.2335 -0.3208 -0.3346 -0.2936 0.0194 0.1558 0.0544 0.0130 -0.0302 -0.1260 -0.1951
-0.1111 -0.0298 0.0124 0.0542 0.1546 0.0212 -0.2914 -0.3346 -0.3210 -0.2342 -0.0801 -0.0135 0.0236 0.0740 0.1721 -0.0842 -0.3244 -0.3351 -0.3039 -0.1835 -0.0523 -0.0002 0.0356 0.0984 0.1398 -0.1615 -0.3300 -0.3321 -0.2810 -0.1360 -0.0348 0.0100 0.0495 0.1353 0.0573 -0.2488 -0.3337 -0.3252 -0.2501 -0.0948 -0.0197 0.0192 0.0652 0.1735 -0.0412 -0.3209 -0.3353 -0.3133 -0.2032 -0.0576 -0.0153 -0.0576 -0.2032 -0.3133 -0.3353 -0.3209 -0.0412 0.1735 0.0652 0.0192 -0.0197 -0.0948 -0.2501 -0.3252 -0.3337 -0.2488 0.0573 0.1353 0.0495 0.0100 -0.0348 -0.1360 -0.2810 -0.3321 -0.3300 -0.1615 0.1398 0.0984 0.0356 -0.0002 -0.0523 -0.1835 -0.3039 -0.3351 -0.3244 -0.0842 0.1721 0.0740 0.0236 -0.0135 -0.0801 -0.2342 -0.3210 -0.3346 -0.2914 0.0212 0.1546 0.0542 0.0124 -0.0298 -0.1111
-0.0485 0.0162 0.0539 0.1534 0.0229 -0.2892 -0.3345 -0.3212 -0.2349 -0.0806 -0.0137 0.0235 0.0737 0.1722 -0.0829 -0.3243 -0.3351 -0.3040 -0.1835 -0.0522 -0.0000 0.0358 0.0989 0.1388 -0.1628 -0.3300 -0.3320 -0.2806 -0.1352 -0.0346 0.0102 0.0497 0.1362 0.0555 -0.2507 -0.3337 -0.3250 -0.2495 -0.0941 -0.0195 0.0194 0.0655 0.1735 -0.0427 -0.3210 -0.3353 -0.3131 -0.2094 -0.0635 -0.0014 0.0213 -0.0014 -0.0635 -0.2094 -0.3131 -0.3353 -0.3210 -0.0427 0.1735 0.0655 0.0194 -0.0195 -0.0941 -0.2495 -0.3250 -0.3337 -0.2507 0.0555 0.1362 0.0497 0.0102 -0.0346 -0.1352 -0.2806 -0.3320 -0.3300 -0.1628 0.1388 0.0989 0.0358 -0.0000 -0.0522 -0.1835 -0.3040 -0.3351 -0.3243 -0.0829 0.1722 0.0737 0.0235 -0.0137 -0.0806 -0.2349 -0.3212 -0.3345 -0.2892 0.0229 0.1534 0.0539 0.0162 -0.0485
-0.0063 0.0541 0.1523 0.0247 -0.2870 -0.3345 -0.3214 -0.2356 -0.0811 -0.0140 0.0233 0.0733 0.1724 -0.0816 -0.3242 -0.3351 -0.3042 -0.1842 -0.0523 -0.0000 0.0359 0.0993 0.1379 -0.1641 -0.3301 -0.3319 -0.2801 -0.1344 -0.0343 0.0103 0.0500 0.1371 0.0537 -0.2525 -0.3338 -0.3249 -0.2489 -0.0935 -0.0192 0.0195 0.0657 0.1736 -0.0443 -0.3211 -0.3353 -0.3128 -0.2086 -0.0641 -0.0062 0.0329 0.0665 0.0329 -0.0062 -0.0641 -0.2086 -0.3128 -0.3353 -0.3211 -0.0443 0.1736 0.0657 0.0195 -0.0192 -0.0935 -0.2489 -0.3249 -0.3338 -0.2525 0.0537 0.1371 0.0500 0.0103 -0.0343 -0.1344 -0.2801 -0.3319 -0.3301 -0.1641 0.1379 0.0993 0.0359 -0.0000 -0.0523 -0.1842 -0.3042 -0.3351 -0.3242 -0.0816 0.1724 0.0733 0.0233 -0.0140 -0.0811 -0.2356 -0.3214 -0.3345 -0.2870 0.0247 0.1523 0.0541 -0.0063
0.0372 0.1511 0.0266 -0.2848 -0.3345 -0.3216 -0.2363 -0.0817 -0.0142 0.0231 0.0730 0.1725 -0.0802 -0.3241 -0.3351 -0.3046 -0.1850 -0.0526 -0.0002 0.0358 0.0993 0.1374 -0.1652 -0.3302 -0.3318 -0.2796 -0.1336 -0.0340 0.0105 0.0503 0.1380 0.0519 -0.2544 -0.3338 -0.3247 -0.2482 -0.0929 -0.0190 0.0197 0.0660 0.1736 -0.0458 -0.3212 -0.3353 -0.3125 -0.2076 -0.0634 -0.0063 0.0296 0.0857 0.1440 0.0857 0.0296 -0.0063 -0.0634 -0.2076 -0.3125 -0.3353 -0.3212 -0.0458 0.1736 0.0660 0.0197 -0.0190 -0.0929 -0.2482 -0.3247 -0.3338 -0.2544 0.0519 0.1380 0.0503 0.0105 -0.0340 -0.1336 -0.2796 -0.3318 -0.3302 -0.1652 0.1374 0.0993 0.0358 -0.0002 -0.0526 -0.1850 -0.3046 -0.3351 -0.3241 -0.0802 0.1725 0.0730 0.0231 -0.0142 -0.0817 -0.2363 -0.3216 -0.3345 -0.2848 0.0266 0.1511 0.0372
0.1264 0.0285 -0.2826 -0.3344 -0.3218 -0.2369 -0.0822 -0.0144 0.0230 0.0727 0.1726 -0.0789 -0.3240 -0.3351 -0.3049 -0.1858 -0.0530 -0.0004 0.0356 0.0989 0.1379 -0.1652 -0.3302 -0.3317 -0.2792 -0.1328 -0.0337 0.0107 0.0505 0.1389 0.0501 -0.2563 -0.3338 -0.3245 -0.2476 -0.0923 -0.0187 0.0199 0.0663 0.1736 -0.0473 -0.3213 -0.3353 -0.3122 -0.2069 -0.0630 -0.0059 0.0295 0.0866 0.1589 -0.0130 0.1589 0.0866 0.0295 -0.0059 -0.0630 -0.2069 -0.3122 -0.3353 -0.3213 -0.0473 0.1736 0.0663 0.0199 -0.0187 -0.0923 -0.2476 -0.3245 -0.3338 -0.2563 0.0501 0.1389 0.0505 0.0107 -0.0337 -0.1328 -0.2792 -0.3317 -0.3302 -0.1652 0.1379 0.0989 0.0356 -0.0004 -0.0530 -0.1858 -0.3049 -0.3351 -0.3240 -0.0789 0.1726 0.0727 0.0230 -0.0144 -0.0822 -0.2369 -0.3218 -0.3344 -0.2826 0.0285 0.1264
0.0219 -0.2801 -0.3344 -0.3220 -0.2376 -0.0828 -0.0147 0.0228 0.0724 0.1728 -0.0775 -0.3238 -0.3351 -0.3052 -0.1866 -0.0533 -0.0005 0.0354 0.0984 0.1388 -0.1641 -0.3302 -0.3317 -0.2791 -0.1322 -0.0334 0.0108 0.0508 0.1399 0.0483 -0.2582 -0.3339 -0.3244 -0.2470 -0.0917 -0.0185 0.0200 0.0666 0.1736 -0.0488 -0.3215 -0.3353 -0.3120 -0.2061 -0.0626 -0.0057 0.0298 0.0864 0.1589 -0.1309 -0.3185 -0.1309 0.1589 0.0864 0.0298 -0.0057 -0.0626 -0.2061 -0.3120 -0.3353 -0.3215 -0.0488 0.1736 0.0666 0.0200 -0.0185 -0.0917 -0.2470 -0.3244 -0.3339 -0.2582 0.0483 0.1399 0.0508 0.0108 -0.0334 -0.1322 -0.2791 -0.3317 -0.3302 -0.1641 0.1388 0.0984 0.0354 -0.0005 -0.0533 -0.1866 -0.3052 -0.3351 -0.3238 -0.0775 0.1728 0.0724 0.0228 -0.0147 -0.0828 -0.2376 -0.3220 -0.3344 -0.2801 0.0219
-0.1665 -0.3343 -0.3222 -0.2383 -0.0833 -0.0149 0.0227 0.0720 0.1729 -0.0762 -0.3237 -0.3352 -0.3055 -0.1875 -0.0536 -0.0007 0.0352 0.0980 0.1398 -0.1628 -0.3301 -0.3318 -0.2792 -0.1322 -0.0333 0.0110 0.0510 0.1408 0.0465 -0.2602 -0.3339 -0.3242 -0.2463 -0.0911 -0.0183 0.0202 0.0669 0.1737 -0.0502 -0.3216 -0.3353 -0.3117 -0.2053 -0.0622 -0.0055 0.0300 0.0866 0.1604 -0.1292 -0.3294 -0.3385 -0.3294 -0.1292 0.1604 0.0866 0.0300 -0.0055 -0.0622 -0.2053 -0.3117 -0.3353 -0.3216 -0.0502 0.1737 0.0669 0.0202 -0.0183 -0.0911 -0.2463 -0.3242 -0.3339 -0.2602 0.0465 0.1408 0.0510 0.0110 -0.0333 -0.1322 -0.2792 -0.3318 -0.3301 -0.1628 0.1398 0.0980 0.0352 -0.0007 -0.0536 -0.1875 -0.3055 -0.3352 -0.3237 -0.0762 0.1729 0.0720 0.0227 -0.0149 -0.0833 -0.2383 -0.3222 -0.3343 -0.1665
-0.2094 -0.3225 -0.2388 -0.0839 -0.0151 0.0225 0.0717 0.1730 -0.0748 -0.3236 -0.3352 -0.3058 -0.1883 -0.0540 -0.0009 0.0349 0.0975 0.1408 -0.1615 -0.3300 -0.3319 -0.2796 -0.1328 -0.0334 0.0110 0.0511 0.1416 0.0448 -0.2621 -0.3340 -0.3240 -0.2457 -0.0905 -0.0180 0.0203 0.0673 0.1737 -0.0517 -0.3217 -0.3353 -0.3114 -0.2045 -0.0618 -0.0053 0.0302 0.0870 0.1599 -0.1280 -0.3277 -0.3357 -0.3272 -0.3357 -0.3277 -0.1280 0.1599 0.0870 0.0302 -0.0053 -0.0618 -0.2045 -0.3114 -0.3353 -0.3217 -0.0517 0.1737 0.0673 0.0203 -0.0180 -0.0905 -0.2457 -0.3240 -0.3340 -0.2621 0.0448 0.1416 0.0511 0.0110 -0.0334 -0.1328 -0.2796 -0.3319 -0.3300 -0.1615 0.1408 0.0975 0.0349 -0.0009 -0.0540 -0.1883 -0.3058 -0.3352 -0.3236 -0.0748 0.1730 0.0717 0.0225 -0.0151 -0.0839 -0.2388 -0.3225 -0.2094
-0.2182 -0.2410 -0.0843 -0.0153 0.0223 0.0714 0.1731 -0.0734 -0.3235 -0.3352 -0.3061 -0.1891 -0.0543 -0.0011 0.0347 0.0970 0.1417 -0.1602 -0.3300 -0.3320 -0.2801 -0.1336 -0.0337 0.0108 0.0510 0.1416 0.0439 -0.2637 -0.3340 -0.3239 -0.2451 -0.0899 -0.0178 0.0205 0.0676 0.1737 -0.0532 -0.3218 -0.3353 -0.3112 -0.2037 -0.0614 -0.0051 0.0304 0.0874 0.1593 -0.1293 -0.3277 -0.3321 -0.2921 -0.2378 -0.2921 -0.3321 -0.3277 -0.1293 0.1593 0.0874 0.0304 -0.0051 -0.0614 -0.2037 -0.3112 -0.3353 -0.3218 -0.0532 0.1737 0.0676 0.0205 -0.0178 -0.0899 -0.2451 -0.3239 -0.3340 -0.2637 0.0439 0.1416 0.0510 0.0108 -0.0337 -0.1336 -0.2801 -0.3320 -0.3300 -0.1602 0.1417 0.0970 0.0347 -0.0011 -0.0543 -0.1891 -0.3061 -0.3352 -0.3235 -0.0734 0.1731 0.0714 0.0223 -0.0153 -0.0843 -0.2410 -0.2182
-0.1764 -0.0871 -0.0158 0.0222 0.0711 0.1732 -0.0721 -0.3234 -0.3352 -0.3064 -0.1899 -0.0546 -0.0013 0.0345 0.0966 0.1427 -0.1589 -0.3299 -0.3321 -0.2806 -0.1344 -0.0340 0.0107 0.0508 0.1408 0.0448 -0.2637 -0.3341 -0.3237 -0.2445 -0.0893 -0.0175 0.0207 0.0679 0.1737 -0.0546 -0.3219 -0.3353 -0.3109 -0.2030 -0.0610 -0.0049 0.0306 0.0878 0.1587 -0.1305 -0.3279 -0.3337 -0.2867 -0.1493 -0.0703 -0.1493 -0.2867 -0.3337 -0.3279 -0.1305 0.1587 0.0878 0.0306 -0.0049 -0.0610 -0.2030 -0.3109 -0.3353 -0.3219 -0.0546 0.1737 0.0679 0.0207 -0.0175 -0.0893 -0.2445 -0.3237 -0.3341 -0.2637 0.0448 0.1408 0.0508 0.0107 -0.0340 -0.1344 -0.2806 -0.3321 -0.3299 -0.1589 0.1427 0.0966 0.0345 -0.0013 -0.0546 -0.1899 -0.3064 -0.3352 -0.3234 -0.0721 0.1732 0.0711 0.0222 -0.0158 -0.0871 -0.1764
-0.0878 -0.0142 0.0217 0.0708 0.1732 -0.0707 -0.3233 -0.3352 -0.3067 -0.1907 -0.0550 -0.0015 0.0343 0.0961 0.1436 -0.1576 -0.3298 -0.3321 -0.2810 -0.1352 -0.0343 0.0105 0.0505 0.1399 0.0465 -0.2621 -0.3340 -0.3237 -0.2443 -0.0888 -0.0173 0.0208 0.0682 0.1737 -0.0561 -0.3220 -0.3353 -0.3106 -0.2022 -0.0606 -0.0047 0.0307 0.0882 0.1581 -0.1318 -0.3280 -0.3337 -0.2912 -0.1490 -0.0343 -0.0006 -0.0343 -0.1490 -0.2912 -0.3337 -0.3280 -0.1318 0.1581 0.0882 0.0307 -0.0047 -0.0606 -0.2022 -0.3106 -0.3353 -0.3220 -0.0561 0.1737 0.0682 0.0208 -0.0173 -0.0888 -0.2443 -0.3237 -0.3340 -0.2621 0.0465 0.1399 0.0505 0.0105 -0.0343 -0.1352 -0.2810 -0.3321 -0.3298 -0.1576 0.1436 0.0961 0.0343 -0.0015 -0.0550 -0.1907 -0.3067 -0.3352 -0.3233 -0.0707 0.1732 0.0708 0.0217 -0.0142 -0.0878
-0.0370 0.0257 0.0704 0.1733 -0.0693 -0.3232 -0.3352 -0.3070 -0.1915 -0.0553 -0.0017 0.0341 0.0956 0.1445 -0.1563 -0.3297 -0.3322 -0.2815 -0.1360 -0.0346 0.0103 0.0503 0.1389 0.0483 -0.2602 -0.3340 -0.3239 -0.2445 -0.0888 -0.0172 0.0210 0.0685 0.1736 -0.0575 -0.3221 -0.3353 -0.3103 -0.2014 -0.0602 -0.0045 0.0309 0.0886 0.1575 -0.1330 -0.3281 -0.3336 -0.2908 -0.1544 -0.0413 0.0105 0.0341 0.0105 -0.0413 -0.1544 -0.2908 -0.3336 -0.3281 -0.1330 0.1575 0.0886 0.0309 -0.0045 -0.0602 -0.2014 -0.3103 -0.3353 -0.3221 -0.0575 0.1736 0.0685 0.0210 -0.0172 -0.0888 -0.2445 -0.3239 -0.3340 -0.2602 0.0483 0.1389 0.0503 0.0103 -0.0346 -0.1360 -0.2815 -0.3322 -0.3297 -0.1563 0.1445 0.0956 0.0341 -0.0017 -0.0553 -0.1915 -0.3070 -0.3352 -0.3232 -0.0693 0.1733 0.0704 0.0257 -0.0370
0.0055 0.0701 0.1734 -0.0679 -0.3231 -0.3352 -0.3073 -0.1923 -0.0557 -0.0019 0.0338 0.0952 0.1453 -0.1550 -0.3296 -0.3323 -0.2820 -0.1368 -0.0348 0.0102 0.0500 0.1380 0.0501 -0.2582 -0.3339 -0.3240 -0.2451 -0.0893 -0.0173 0.0210 0.0686 0.1736 -0.0589 -0.3223 -0.3353 -0.3101 -0.2006 -0.0598 -0.0043 0.0311 0.0891 0.1569 -0.1343 -0.3281 -0.3336 -0.2903 -0.1534 -0.0413 0.0065 0.0478 0.0851 0.0478 0.0065 -0.0413 -0.1534 -0.2903 -0.3336 -0.3281 -0.1343 0.1569 0.0891 0.0311 -0.0043 -0.0598 -0.2006 -0.3101 -0.3353 -0.3223 -0.0589 0.1736 0.0686 0.0210 -0.0173 -0.0893 -0.2451 -0.3240 -0.3339 -0.2582 0.0501 0.1380 0.0500 0.0102 -0.0348 -0.1368 -0.2820 -0.3323 -0.3296 -0.1550 0.1453 0.0952 0.0338 -0.0019 -0.0557 -0.1923 -0.3073 -0.3352 -0.3231 -0.0679 0.1734 0.0701 0.0055
0.0533 0.1734 -0.0665 -0.3230 -0.3352 -0.3076 -0.1931 -0.0560 -0.0021 0.0336 0.0947 0.1462 -0.1537 -0.3295 -0.3324 -0.2824 -0.1376 -0.0351 0.0100 0.0497 0.1371 0.0519 -0.2563 -0.3339 -0.3242 -0.2457 -0.0899 -0.0175 0.0208 0.0685 0.1736 -0.0596 -0.3224 -0.3353 -0.3098 -0.1998 -0.0594 -0.0041 0.0313 0.0895 0.1562 -0.1356 -0.3282 -0.3335 -0.2899 -0.1525 -0.0408 0.0064 0.0447 0.1128 0.1453 0.1128 0.0447 0.0064 -0.0408 -0.1525 -0.2899 -0.3335 -0.3282 -0.1356 0.1562 0.0895 0.0313 -0.0041 -0.0594 -0.1998 -0.3098 -0.3353 -0.3224 -0.0596 0.1736 0.0685 0.0208 -0.0175 -0.0899 -0.2457 -0.3242 -0.3339 -0.2563 0.0519 0.1371 0.0497 0.0100 -0.0351 -0.1376 -0.2824 -0.3324 -0.3295 -0.1537 0.1462 0.0947 0.0336 -0.0021 -0.0560 -0.1931 -0.3076 -0.3352 -0.3230 -0.0665 0.1734 0.0533
0.1420 -0.0650 -0.3229 -0.3353 -0.3079 -0.1939 -0.0564 -0.0023 0.0334 0.0943 0.1471 -0.1524 -0.3295 -0.3325 -0.2829 -0.1384 -0.0354 0.0098 0.0495 0.1362 0.0537 -0.2544 -0.3338 -0.3244 -0.2463 -0.0905 -0.0178 0.0207 0.0682 0.1736 -0.0589 -0.3224 -0.3353 -0.3095 -0.1991 -0.0591 -0.0039 0.0315 0.0899 0.1556 -0.1368 -0.3283 -0.3334 -0.2895 -0.1516 -0.0405 0.0067 0.0446 0.1222 0.0827 -0.1307 0.0827 0.1222 0.0446 0.0067 -0.0405 -0.1516 -0.2895 -0.3334 -0.3283 -0.1368 0.1556 0.0899 0.0315 -0.0039 -0.0591 -0.1991 -0.3095 -0.3353 -0.3224 -0.0589 0.1736 0.0682 0.0207 -0.0178 -0.0905 -0.2463 -0.3244 -0.3338 -0.2544 0.0537 0.1362 0.0495 0.0098 -0.0354 -0.1384 -0.2829 -0.3325 -0.3295 -0.1524 0.1471 0.0943 0.0334 -0.0023 -0.0564 -0.1939 -0.3079 -0.3353 -0.3229 -0.0650 0.1420
-0.0450 -0.3227 -0.3353 -0.3082 -0.1947 -0.0567 -0.0025 0.0332 0.0939 0.1479 -0.1512 -0.3294 -0.3325 -0.2833 -0.1392 -0.0357 0.0097 0.0492 0.1353 0.0555 -0.2525 -0.3338 -0.3245 -0.2470 -0.0911 -0.0180 0.0205 0.0679 0.1737 -0.0575 -0.3223 -0.3353 -0.3095 -0.1988 -0.0587 -0.0037 0.0317 0.0903 0.1549 -0.1381 -0.3284 -0.3334 -0.2891 -0.1508 -0.0402 0.0069 0.0449 0.1216 0.0840 -0.2244 -0.3270 -0.2244 0.0840 0.1216 0.0449 0.0069 -0.0402 -0.1508 -0.2891 -0.3334 -0.3284 -0.1381 0.1549 0.0903 0.0317 -0.0037 -0.0587 -0.1988 -0.3095 -0.3353 -0.3223 -0.0575 0.1737 0.0679 0.0205 -0.0180 -0.0911 -0.2470 -0.3245 -0.3338 -0.2525 0.0555 0.1353 0.0492 0.0097 -0.0357 -0.1392 -0.2833 -0.3325 -0.3294 -0.1512 0.1479 0.0939 0.0332 -0.0025 -0.0567 -0.1947 -0.3082 -0.3353 -0.3227 -0.0450
-0.1881 -0.3352 -0.3085 -0.1956 -0.0571 -0.0027 0.0330 0.0934 0.1487 -0.1499 -0.3293 -0.3326 -0.2838 -0.1400 -0.0360 0.0095 0.0490 0.1344 0.0573 -0.2507 -0.3338 -0.3247 -0.2476 -0.0917 -0.0183 0.0203 0.0676 0.1737 -0.0561 -0.3221 -0.3353 -0.3098 -0.1991 -0.0587 -0.0036 0.0319 0.0907 0.1542 -0.1393 -0.3285 -0.3333 -0.2887 -0.1500 -0.0399 0.0071 0.0452 0.1216 0.0869 -0.2218 -0.3346 -0.3398 -0.3346 -0.2218 0.0869 0.1216 0.0452 0.0071 -0.0399 -0.1500 -0.2887 -0.3333 -0.3285 -0.1393 0.1542 0.0907 0.0319 -0.0036 -0.0587 -0.1991 -0.3098 -0.3353 -0.3221 -0.0561 0.1737 0.0676 0.0203 -0.0183 -0.0917 -0.2476 -0.3247 -0.3338 -0.2507 0.0573 0.1344 0.0490 0.0095 -0.0360 -0.1400 -0.2838 -0.3326 -0.3293 -0.1499 0.1487 0.0934 0.0330 -0.0027 -0.0571 -0.1956 -0.3085 -0.3352 -0.1881
-0.2149 -0.3091 -0.1962 -0.0575 -0.0029 0.0328 0.0930 0.1495 -0.1486 -0.3292 -0.3327 -0.2842 -0.1408 -0.0363 0.0093 0.0487 0.1336 0.0590 -0.2488 -0.3337 -0.3249 -0.2482 -0.0923 -0.0185 0.0202 0.0673 0.1737 -0.0546 -0.3220 -0.3353 -0.3101 -0.1998 -0.0591 -0.0037 0.0319 0.0909 0.1536 -0.1406 -0.3286 -0.3333 -0.2882 -0.1492 -0.0396 0.0073 0.0454 0.1224 0.0853 -0.2207 -0.3324 -0.3292 -0.3100 -0.3292 -0.3324 -0.2207 0.0853 0.1224 0.0454 0.0073 -0.0396 -0.1492 -0.2882 -0.3333 -0.3286 -0.1406 0.1536 0.0909 0.0319 -0.0037 -0.0591 -0.1998 -0.3101 -0.3353 -0.3220 -0.0546 0.1737 0.0673 0.0202 -0.0185 -0.0923 -0.2482 -0.3249 -0.3337 -0.2488 0.0590 0.1336 0.0487 0.0093 -0.0363 -0.1408 -0.2842 -0.3327 -0.3292 -0.1486 0.1495 0.0930 0.0328 -0.0029 -0.0575 -0.1962 -0.3091 -0.2149
-0.2132 -0.1992 -0.0577 -0.0030 0.0326 0.0925 0.1503 -0.1473 -0.3291 -0.3328 -0.2847 -0.1416 -0.0366 0.0092 0.0485 0.1327 0.0608 -0.2470 -0.3337 -0.3250 -0.2489 -0.0929 -0.0187 0.0200 0.0669 0.1737 -0.0532 -0.3219 -0.3353 -0.3103 -0.2006 -0.0594 -0.0039 0.0317 0.0907 0.1536 -0.1412 -0.3287 -0.3332 -0.2878 -0.1484 -0.0393 0.0074 0.0457 0.1231 0.0835 -0.2224 -0.3328 -0.3249 -0.2576 -0.1816 -0.2576 -0.3249 -0.3328 -0.2224 0.0835 0.1231 0.0457 0.0074 -0.0393 -0.1484 -0.2878 -0.3332 -0.3287 -0.1412 0.1536 0.0907 0.0317 -0.0039 -0.0594 -0.2006 -0.3103 -0.3353 -0.3219 -0.0532 0.1737 0.0669 0.0200 -0.0187 -0.0929 -0.2489 -0.3250 -0.3337 -0.2470 0.0608 0.1327 0.0485 0.0092 -0.0366 -0.1416 -0.2847 -0.3328 -0.3291 -0.1473 0.1503 0.0925 0.0326 -0.0030 -0.0577 -0.1992 -0.2132
-0.1525 -0.0596 -0.0036 0.0324 0.0921 0.1511 -0.1461 -0.3290 -0.3328 -0.2851 -0.1424 -0.0368 0.0090 0.0482 0.1319 0.0626 -0.2452 -0.3336 -0.3252 -0.2495 -0.0935 -0.0190 0.0199 0.0666 0.1737 -0.0517 -0.3218 -0.3353 -0.3106 -0.2014 -0.0598 -0.0041 0.0315 0.0903 0.1542 -0.1406 -0.3287 -0.3332 -0.2875 -0.1476 -0.0390 0.0076 0.0459 0.1238 0.0819 -0.2240 -0.3329 -0.3272 -0.2524 -0.0964 -0.0383 -0.0964 -0.2524 -0.3272 -0.3329 -0.2240 0.0819 0.1238 0.0459 0.0076 -0.0390 -0.1476 -0.2875 -0.3332 -0.3287 -0.1406 0.1542 0.0903 0.0315 -0.0041 -0.0598 -0.2014 -0.3106 -0.3353 -0.3218 -0.0517 0.1737 0.0666 0.0199 -0.0190 -0.0935 -0.2495 -0.3252 -0.3336 -0.2452 0.0626 0.1319 0.0482 0.0090 -0.0368 -0.1424 -0.2851 -0.3328 -0.3290 -0.1461 0.1511 0.0921 0.0324 -0.0036 -0.0596 -0.1525
-0.0698 -0.0009 0.0321 0.0917 0.1518 -0.1448 -0.3290 -0.3329 -0.2855 -0.1432 -0.0371 0.0088 0.0480 0.1310 0.0643 -0.2434 -0.3336 -0.3253 -0.2501 -0.0941 -0.0192 0.0197 0.0663 0.1736 -0.0502 -0.3217 -0.3353 -0.3109 -0.2022 -0.0602 -0.0043 0.0313 0.0899 0.1549 -0.1393 -0.3286 -0.3332 -0.2875 -0.1473 -0.0387 0.0078 0.0461 0.1245 0.0802 -0.2257 -0.3330 -0.3272 -0.2580 -0.0997 -0.0167 0.0104 -0.0167 -0.0997 -0.2580 -0.3272 -0.3330 -0.2257 0.0802 0.1245 0.0461 0.0078 -0.0387 -0.1473 -0.2875 -0.3332 -0.3286 -0.1393 0.1549 0.0899 0.0313 -0.0043 -0.0602 -0.2022 -0.3109 -0.3353 -0.3217 -0.0502 0.1736 0.0663 0.0197 -0.0192 -0.0941 -0.2501 -0.3253 -0.3336 -0.2434 0.0643 0.1310 0.0480 0.0088 -0.0371 -0.1432 -0.2855 -0.3329 -0.3290 -0.1448 0.1518 0.0917 0.0321 -0.0009 -0.0698
-0.0252 0.0355 0.0913 0.1525 -0.1435 -0.3289 -0.3330 -0.2860 -0.1440 -0.0374 0.0087 0.0477 0.1302 0.0661 -0.2416 -0.3335 -0.3255 -0.2507 -0.0948 -0.0195 0.0195 0.0660 0.1736 -0.0488 -0.3216 -0.3353 -0.3112 -0.2030 -0.0606 -0.0045 0.0311 0.0895 0.1556 -0.1381 -0.3285 -0.3333 -0.2878 -0.1476 -0.0387 0.0079 0.0464 0.1253 0.0785 -0.2273 -0.3330 -0.3270 -0.2575 -0.1028 -0.0226 0.0210 0.0491 0.0210 -0.0226 -0.1028 -0.2575 -0.3270 -0.3330 -0.2273 0.0785 0.1253 0.0464 0.0079 -0.0387 -0.1476 -0.2878 -0.3333 -0.3285 -0.1381 0.1556 0.0895 0.0311 -0.0045 -0.0606 -0.2030 -0.3112 -0.3353 -0.3216 -0.0488 0.1736 0.0660 0.0195 -0.0195 -0.0948 -0.2507 -0.3255 -0.3335 -0.2416 0.0661 0.1302 0.0477 0.0087 -0.0374 -0.1440 -0.2860 -0.3330 -0.3289 -0.1435 0.1525 0.0913 0.0355 -0.0252
0.0173 0.0908 0.1533 -0.1423 -0.3288 -0.3330 -0.2864 -0.1448 -0.0377 0.0085 0.0475 0.1294 0.0678 -0.2399 -0.3335 -0.3257 -0.2513 -0.0954 -0.0197 0.0194 0.0657 0.1736 -0.0473 -0.3215 -0.3353 -0.3114 -0.2037 -0.0610 -0.0047 0.0309 0.0891 0.1562 -0.1368 -0.3284 -0.3333 -0.2882 -0.1484 -0.0390 0.0078 0.0464 0.1257 0.0771 -0.2290 -0.3331 -0.3269 -0.2567 -0.1020 -0.0226 0.0176 0.0647 0.1085 0.0647 0.0176 -0.0226 -0.1020 -0.2567 -0.3269 -0.3331 -0.2290 0.0771 0.1257 0.0464 0.0078 -0.0390 -0.1484 -0.2882 -0.3333 -0.3284 -0.1368 0.1562 0.0891 0.0309 -0.0047 -0.0610 -0.2037 -0.3114 -0.3353 -0.3215 -0.0473 0.1736 0.0657 0.0194 -0.0197 -0.0954 -0.2513 -0.3257 -0.3335 -0.2399 0.0678 0.1294 0.0475 0.0085 -0.0377 -0.1448 -0.2864 -0.3330 -0.3288 -0.1423 0.1533 0.0908 0.0173
0.0735 0.1540 -0.1410 -0.3287 -0.3331 -0.2868 -0.1457 -0.0380 0.0083 0.0472 0.1286 0.0696 -0.2381 -0.3334 -0.3258 -0.2519 -0.0960 -0.0199 0.0192 0.0655 0.1736 -0.0458 -0.3213 -0.3353 -0.3117 -0.2045 -0.0614 -0.0049 0.0307 0.0886 0.1569 -0.1356 -0.3283 -0.3334 -0.2887 -0.1492 -0.0393 0.0076 0.0461 0.1253 0.0771 -0.2298 -0.3331 -0.3267 -0.2562 -0.1012 -0.0222 0.0175 0.0626 0.1486 0.1025 0.1486 0.0626 0.0175 -0.0222 -0.1012 -0.2562 -0.3267 -0.3331 -0.2298 0.0771 0.1253 0.0461 0.0076 -0.0393 -0.1492 -0.2887 -0.3334 -0.3283 -0.1356 0.1569 0.0886 0.0307 -0.0049 -0.0614 -0.2045 -0.3117 -0.3353 -0.3213 -0.0458 0.1736 0.0655 0.0192 -0.0199 -0.0960 -0.2519 -0.3258 -0.3334 -0.2381 0.0696 0.1286 0.0472 0.0083 -0.0380 -0.1457 -0.2868 -0.3331 -0.3287 -0.1410 0.1540 0.0735
0.1198 -0.1396 -0.3286 -0.3332 -0.2872 -0.1465 -0.0383 0.0082 0.0470 0.1278 0.0713 -0.2364 -0.3334 -0.3260 -0.2526 -0.0966 -0.0202 0.0191 0.0652 0.1735 -0.0443 -0.3212 -0.3353 -0.3120 -0.2053 -0.0618 -0.0051 0.0306 0.0882 0.1575 -0.1343 -0.3282 -0.3334 -0.2891 -0.1500 -0.0396 0.0074 0.0459 0.1245 0.0785 -0.2290 -0.3331 -0.3267 -0.2557 -0.1006 -0.0219 0.0178 0.0625 0.1725 -0.0342 -0.2469 -0.0342 0.1725 0.0625 0.0178 -0.0219 -0.1006 -0.2557 -0.3267 -0.3331 -0.2290 0.0785 0.1245 0.0459 0.0074 -0.0396 -0.1500 -0.2891 -0.3334 -0.3282 -0.1343 0.1575 0.0882 0.0306 -0.0051 -0.0618 -0.2053 -0.3120 -0.3353 -0.3212 -0.0443 0.1735 0.0652 0.0191 -0.0202 -0.0966 -0.2526 -0.3260 -0.3334 -0.2364 0.0713 0.1278 0.0470 0.0082 -0.0383 -0.1465 -0.2872 -0.3332 -0.3286 -0.1396 0.1198
-0.0964 -0.3285 -0.3332 -0.2877 -0.1473 -0.0386 0.0080 0.0467 0.1271 0.0730 -0.2346 -0.3333 -0.3261 -0.2532 -0.0973 -0.0204 0.0189 0.0649 0.1735 -0.0427 -0.3211 -0.3353 -0.3122 -0.2061 -0.0622 -0.0053 0.0304 0.0878 0.1581 -0.1330 -0.3281 -0.3335 -0.2895 -0.1508 -0.0399 0.0073 0.0457 0.1238 0.0802 -0.2273 -0.3331 -0.3267 -0.2557 -0.1003 -0.0217 0.0180 0.0628 0.1729 -0.0325 -0.3217 -0.3338 -0.3217 -0.0325 0.1729 0.0628 0.0180 -0.0217 -0.1003 -0.2557 -0.3267 -0.3331 -0.2273 0.0802 0.1238 0.0457 0.0073 -0.0399 -0.1508 -0.2895 -0.3335 -0.3281 -0.1330 0.1581 0.0878 0.0304 -0.0053 -0.0622 -0.2061 -0.3122 -0.3353 -0.3211 -0.0427 0.1735 0.0649 0.0189 -0.0204 -0.0973 -0.2532 -0.3261 -0.3333 -0.2346 0.0730 0.1271 0.0467 0.0080 -0.0386 -0.1473 -0.2877 -0.3332 -0.3285 -0.0964
-0.1974 -0.3333 -0.2880 -0.1481 -0.0389 0.0078 0.0465 0.1263 0.0747 -0.2329 -0.3333 -0.3263 -0.2538 -0.0979 -0.0207 0.0187 0.0646 0.1734 -0.0412 -0.3210 -0.3353 -0.3125 -0.2069 -0.0626 -0.0055 0.0302 0.0874 0.1587 -0.1318 -0.3281 -0.3336 -0.2899 -0.1516 -0.0402 0.0071 0.0454 0.1231 0.0819 -0.2257 -0.3330 -0.3269 -0.2562 -0.1006 -0.0217 0.0181 0.0631 0.1730 -0.0303 -0.3205 -0.3371 -0.3368 -0.3371 -0.3205 -0.0303 0.1730 0.0631 0.0181 -0.0217 -0.1006 -0.2562 -0.3269 -0.3330 -0.2257 0.0819 0.1231 0.0454 0.0071 -0.0402 -0.1516 -0.2899 -0.3336 -0.3281 -0.1318 0.1587 0.0874 0.0302 -0.0055 -0.0626 -0.2069 -0.3125 -0.3353 -0.3210 -0.0412 0.1734 0.0646 0.0187 -0.0207 -0.0979 -0.2538 -0.3263 -0.3333 -0.2329 0.0747 0.1263 0.0465 0.0078 -0.0389 -0.1481 -0.2880 -0.3333 -0.1974
-0.2184 -0.2892 -0.1487 -0.0392 0.0076 0.0462 0.1255 0.0764 -0.2312 -0.3332 -0.3264 -0.2544 -0.0986 -0.0209 0.0186 0.0643 0.1734 -0.0397 -0.3209 -0.3353 -0.3128 -0.2076 -0.0630 -0.0057 0.0300 0.0870 0.1593 -0.1305 -0.3280 -0.3336 -0.2903 -0.1525 -0.0405 0.0069 0.0452 0.1224 0.0835 -0.2240 -0.3330 -0.3270 -0.2567 -0.1012 -0.0219 0.0180 0.0631 0.1730 -0.0316 -0.3201 -0.3343 -0.3159 -0.2822 -0.3159 -0.3343 -0.3201 -0.0316 0.1730 0.0631 0.0180 -0.0219 -0.1012 -0.2567 -0.3270 -0.3330 -0.2240 0.0835 0.1224 0.0452 0.0069 -0.0405 -0.1525 -0.2903 -0.3336 -0.3280 -0.1305 0.1593 0.0870 0.0300 -0.0057 -0.0630 -0.2076 -0.3128 -0.3353 -0.3209 -0.0397 0.1734 0.0643 0.0186 -0.0209 -0.0986 -0.2544 -0.3264 -0.3332 -0.2312 0.0764 0.1255 0.0462 0.0076 -0.0392 -0.1487 -0.2892 -0.2184
-0.2033 -0.1522 -0.0395 0.0075 0.0460 0.1248 0.0781 -0.2295 -0.3332 -0.3266 -0.2550 -0.0992 -0.0212 0.0184 0.0640 0.1733 -0.0382 -0.3208 -0.3353 -0.3130 -0.2084 -0.0634 -0.0059 0.0298 0.0866 0.1598 -0.1293 -0.3279 -0.3337 -0.2907 -0.1533 -0.0408 0.0067 0.0449 0.1216 0.0852 -0.2224 -0.3329 -0.3271 -0.2573 -0.1019 -0.0222 0.0178 0.0628 0.1730 -0.0317 -0.3202 -0.3352 -0.3109 -0.2099 -0.1211 -0.2102 -0.3111 -0.3352 -0.3202 -0.0316 0.1730 0.0628 0.0178 -0.0222 -0.1020 -0.2575 -0.3272 -0.3329 -0.2224 0.0853 0.1216 0.0449 0.0067 -0.0408 -0.1534 -0.2908 -0.3337 -0.3279 -0.1293 0.1599 0.0866 0.0298 -0.0059 -0.0634 -0.2086 -0.3131 -0.3353 -0.3208 -0.0381 0.1733 0.0640 0.0184 -0.0212 -0.0993 -0.2551 -0.3266 -0.3332 -0.2295 0.0782 0.1248 0.0460 0.0075 -0.0395 -0.1524 -0.2034
-0.1260 -0.0400 0.0069 0.0457 0.1240 0.0798 -0.2279 -0.3331 -0.3267 -0.2556 -0.0999 -0.0214 0.0183 0.0637 0.1732 -0.0366 -0.3206 -0.3353 -0.3133 -0.2092 -0.0638 -0.0061 0.0296 0.0863 0.1604 -0.1280 -0.3278 -0.3337 -0.2911 -0.1541 -0.0411 0.0066 0.0447 0.1209 0.0868 -0.2208 -0.3329 -0.3273 -0.2579 -0.1025 -0.0224 0.0176 0.0625 0.1729 -0.0304 -0.3202 -0.3353 -0.3144 -0.2063 -0.0593 -0.0165 -0.0597 -0.2069 -0.3146 -0.3352 -0.3201 -0.0303 0.1729 0.0625 0.0175 -0.0226 -0.1028 -0.2580 -0.3272 -0.3328 -0.2207 0.0869 0.1216 0.0446 0.0064 -0.0413 -0.1544 -0.2912 -0.3337 -0.3277 -0.1280 0.1604 0.0864 0.0295 -0.0063 -0.0641 -0.2094 -0.3133 -0.3352 -0.3206 -0.0365 0.1732 0.0637 0.0182 -0.0216 -0.1002 -0.2557 -0.3267 -0.3330 -0.2278 0.0799 0.1247 0.0457 0.0068 -0.0403 -0.1259
-0.0558 0.0104 0.0455 0.1233 0.0815 -0.2262 -0.3330 -0.3269 -0.2562 -0.1005 -0.0217 0.0181 0.0634 0.1731 -0.0351 -0.3205 -0.3353 -0.3135 -0.2099 -0.0642 -0.0063 0.0294 0.0859 0.1609 -0.1268 -0.3277 -0.3338 -0.2915 -0.1549 -0.0414 0.0064 0.0444 0.1202 0.0884 -0.2192 -0.3328 -0.3274 -0.2585 -0.1032 -0.0227 0.0175 0.0622 0.1728 -0.0288 -0.3200 -0.3352 -0.3146 -0.2133 -0.0653 -0.0024 0.0206 -0.0019 -0.0646 -0.2071 -0.3111 -0.3343 -0.3205 -0.0325 0.1725 0.0626 0.0176 -0.0226 -0.0997 -0.2524 -0.3249 -0.3324 -0.2218 0.0840 0.1222 0.0447 0.0065 -0.0413 -0.1490 -0.2867 -0.3321 -0.3277 -0.1292 0.1589 0.0866 0.0296 -0.0062 -0.0635 -0.2032 -0.3099 -0.3343 -0.3209 -0.0387 0.1727 0.0638 0.0182 -0.0216 -0.0972 -0.2500 -0.3242 -0.3326 -0.2289 0.0769 0.1254 0.0458 0.0106 -0.0544
-0.0132 0.0468 0.1226 0.0831 -0.2246 -0.3330 -0.3270 -0.2567 -0.1012 -0.0219 0.0180 0.0631 0.1731 -0.0335 -0.3204 -0.3353 -0.3138 -0.2107 -0.0646 -0.0065 0.0292 0.0855 0.1615 -0.1255 -0.3276 -0.3338 -0.2919 -0.1558 -0.0417 0.0062 0.0442 0.1196 0.0900 -0.2176 -0.3328 -0.3276 -0.2591 -0.1039 -0.0229 0.0173 0.0620 0.1727 -0.0272 -0.3199 -0.3352 -0.3148 -0.2139 -0.0667 -0.0075 0.0319 0.0663 0.0367 -0.0014 -0.0596 -0.2103 -0.3159 -0.3371 -0.3217 -0.0342 0.1486 0.0647 0.0210 -0.0167 -0.0964 -0.2576 -0.3292 -0.3346 -0.2244 0.0827 0.1128 0.0478 0.0105 -0.0343 -0.1493 -0.2921 -0.3357 -0.3294 -0.1309 0.1589 0.0857 0.0329 -0.0014 -0.0576 -0.2067 -0.3149 -0.3371 -0.3222 -0.0403 0.1497 0.0657 0.0217 -0.0158 -0.0937 -0.2552 -0.3286 -0.3349 -0.2316 0.0756 0.1151 0.0495 -0.0075
0.0295 0.1217 0.0848 -0.2229 -0.3329 -0.3271 -0.2573 -0.1019 -0.0222 0.0178 0.0628 0.1730 -0.0319 -0.3203 -0.3352 -0.3140 -0.2115 -0.0651 -0.0067 0.0291 0.0851 0.1620 -0.1243 -0.3275 -0.3339 -0.2923 -0.1566 -0.0420 0.0061 0.0439 0.1189 0.0916 -0.2160 -0.3327 -0.3277 -0.2596 -0.1045 -0.0232 0.0172 0.0617 0.1726 -0.0256 -0.3198 -0.3352 -0.3150 -0.2145 -0.0669 -0.0079 0.0283 0.0843 0.1090 0.0530 0.0204 -0.0156 -0.1209 -0.2823 -0.3368 -0.3338 -0.2469 0.1025 0.1085 0.0491 0.0104 -0.0383 -0.1816 -0.3100 -0.3398 -0.3270 -0.1307 0.1453 0.0851 0.0341 -0.0006 -0.0703 -0.2378 -0.3272 -0.3385 -0.3185 -0.0130 0.1440 0.0665 0.0213 -0.0153 -0.1177 -0.2802 -0.3364 -0.3342 -0.2506 0.0977 0.1101 0.0500 0.0110 -0.0367 -0.1779 -0.3088 -0.3397 -0.3275 -0.1389 0.1442 0.0871 0.0207
