0.0011 0.0074 0.0218 0.0715 0.2312 0.7490 1.0000 1.0000 1.0000 0.0009 0.0029 0.0095 0.0306 0.0992 0.3213 1.0000 1.0000 1.0000 0.0004 0.0012 0.0040 0.0131 0.0425 0.1376 0.4456 1.0000 1.0000 1.0000 0.0005 0.0017 0.0056 0.0182 0.0590 0.1912 0.6192 1.0000 1.0000 1.0000 0.0007 0.0024 0.0078 0.0253 0.0820 0.2657 0.8605 1.0000 1.0000 1.0000 0.0010 0.0039 0.0094 0.0039 0.0010 1.0000 1.0000 1.0000 0.8605 0.2657 0.0820 0.0253 0.0078 0.0024 0.0007 1.0000 1.0000 1.0000 0.6192 0.1912 0.0590 0.0182 0.0056 0.0017 0.0005 1.0000 1.0000 1.0000 0.4456 0.1376 0.0425 0.0131 0.0040 0.0012 0.0004 1.0000 1.0000 1.0000 0.3213 0.0992 0.0306 0.0095 0.0029 0.0009 1.0000 1.0000 1.0000 0.7490 0.2312 0.0715 0.0218 0.0074 0.0011
0.0074 0.0471 0.1373 0.4525 1.0000 1.0000 1.0000 1.0000 0.0018 0.0057 0.0184 0.0598 0.1934 0.6275 1.0000 1.0000 1.0000 0.0008 0.0024 0.0079 0.0256 0.0830 0.2687 0.8704 1.0000 1.0000 1.0000 0.0010 0.0034 0.0110 0.0356 0.1153 0.3734 1.0000 1.0000 1.0000 1.0000 0.0015 0.0047 0.0153 0.0495 0.1602 0.5189 1.0000 1.0000 1.0000 1.0000 0.0020 0.0066 0.0247 0.0563 0.0247 0.0066 0.0020 1.0000 1.0000 1.0000 1.0000 0.5189 0.1602 0.0495 0.0153 0.0047 0.0015 1.0000 1.0000 1.0000 1.0000 0.3734 0.1153 0.0356 0.0110 0.0034 0.0010 1.0000 1.0000 1.0000 0.8704 0.2687 0.0830 0.0256 0.0079 0.0024 0.0008 1.0000 1.0000 1.0000 0.6275 0.1934 0.0598 0.0184 0.0057 0.0018 1.0000 1.0000 1.0000 1.0000 0.4525 0.1373 0.0471 0.0074
0.0218 0.1373 0.4106 1.0000 1.0000 1.0000 1.0000 0.0016 0.0052 0.0170 0.0550 0.1782 0.5772 1.0000 1.0000 1.0000 0.0007 0.0022 0.0073 0.0236 0.0763 0.2471 0.8005 1.0000 1.0000 1.0000 0.0010 0.0031 0.0101 0.0327 0.1060 0.3434 1.0000 1.0000 1.0000 1.0000 0.0013 0.0043 0.0140 0.0455 0.1473 0.4772 1.0000 1.0000 1.0000 1.0000 0.0019 0.0060 0.0196 0.0733 0.1667 0.0733 0.0196 0.0060 0.0019 1.0000 1.0000 1.0000 1.0000 0.4772 0.1473 0.0455 0.0140 0.0043 0.0013 1.0000 1.0000 1.0000 1.0000 0.3434 0.1060 0.0327 0.0101 0.0031 0.0010 1.0000 1.0000 1.0000 0.8005 0.2471 0.0763 0.0236 0.0073 0.0022 0.0007 1.0000 1.0000 1.0000 0.5772 0.1782 0.0550 0.0170 0.0052 0.0016 1.0000 1.0000 1.0000 1.0000 0.4106 0.1373 0.0218
0.0715 0.4525 1.0000 1.0000 1.0000 1.0000 0.0016 0.0053 0.0173 0.0561 0.1816 0.5882 1.0000 1.0000 1.0000 0.0007 0.0023 0.0074 0.0240 0.0778 0.2519 0.8159 1.0000 1.0000 1.0000 0.0010 0.0032 0.0103 0.0334 0.1081 0.3500 1.0000 1.0000 1.0000 1.0000 0.0014 0.0044 0.0143 0.0464 0.1502 0.4864 1.0000 1.0000 1.0000 1.0000 0.0019 0.0061 0.0198 0.0645 0.2416 0.5483 0.2416 0.0645 0.0198 0.0061 0.0019 1.0000 1.0000 1.0000 1.0000 0.4864 0.1502 0.0464 0.0143 0.0044 0.0014 1.0000 1.0000 1.0000 1.0000 0.3500 0.1081 0.0334 0.0103 0.0032 0.0010 1.0000 1.0000 1.0000 0.8159 0.2519 0.0778 0.0240 0.0074 0.0023 0.0007 1.0000 1.0000 1.0000 0.5882 0.1816 0.0561 0.0173 0.0053 0.0016 1.0000 1.0000 1.0000 1.0000 0.4525 0.0715
0.2312 1.0000 1.0000 1.0000 1.0000 0.0017 0.0054 0.0174 0.0563 0.1823 0.5905 1.0000 1.0000 1.0000 0.0007 0.0023 0.0074 0.0241 0.0781 0.2528 0.8190 1.0000 1.0000 1.0000 0.0010 0.0032 0.0103 0.0335 0.1085 0.3513 1.0000 1.0000 1.0000 1.0000 0.0014 0.0044 0.0144 0.0465 0.1507 0.4882 1.0000 1.0000 1.0000 1.0000 0.0019 0.0062 0.0200 0.0644 0.2102 0.7854 1.0000 0.7854 0.2102 0.0644 0.0200 0.0062 0.0019 1.0000 1.0000 1.0000 1.0000 0.4882 0.1507 0.0465 0.0144 0.0044 0.0014 1.0000 1.0000 1.0000 1.0000 0.3513 0.1085 0.0335 0.0103 0.0032 0.0010 1.0000 1.0000 1.0000 0.8190 0.2528 0.0781 0.0241 0.0074 0.0023 0.0007 1.0000 1.0000 1.0000 0.5905 0.1823 0.0563 0.0174 0.0054 0.0017 1.0000 1.0000 1.0000 1.0000 0.2312
0.7490 1.0000 1.0000 1.0000 0.0017 0.0054 0.0174 0.0566 0.1833 0.5939 1.0000 1.0000 1.0000 0.0007 0.0023 0.0075 0.0242 0.0785 0.2543 0.8237 1.0000 1.0000 1.0000 0.0010 0.0032 0.0104 0.0337 0.1091 0.3534 1.0000 1.0000 1.0000 1.0000 0.0014 0.0045 0.0144 0.0468 0.1516 0.4910 1.0000 1.0000 1.0000 1.0000 0.0019 0.0062 0.0201 0.0650 0.2098 0.6849 1.0000 1.0000 1.0000 0.6849 0.2098 0.0650 0.0201 0.0062 0.0019 1.0000 1.0000 1.0000 1.0000 0.4910 0.1516 0.0468 0.0144 0.0045 0.0014 1.0000 1.0000 1.0000 1.0000 0.3534 0.1091 0.0337 0.0104 0.0032 0.0010 1.0000 1.0000 1.0000 0.8237 0.2543 0.0785 0.0242 0.0075 0.0023 0.0007 1.0000 1.0000 1.0000 0.5939 0.1833 0.0566 0.0174 0.0054 0.0017 1.0000 1.0000 1.0000 0.7490
1.0000 1.0000 1.0000 0.0016 0.0054 0.0174 0.0568 0.1840 0.5973 1.0000 1.0000 1.0000 0.0007 0.0023 0.0075 0.0244 0.0790 0.2557 0.8284 1.0000 1.0000 1.0000 0.0010 0.0032 0.0105 0.0339 0.1097 0.3554 1.0000 1.0000 1.0000 1.0000 0.0014 0.0045 0.0145 0.0471 0.1525 0.4938 1.0000 1.0000 1.0000 1.0000 0.0019 0.0062 0.0202 0.0654 0.2119 0.6836 1.0000 1.0000 1.0000 1.0000 1.0000 0.6836 0.2119 0.0654 0.0202 0.0062 0.0019 1.0000 1.0000 1.0000 1.0000 0.4938 0.1525 0.0471 0.0145 0.0045 0.0014 1.0000 1.0000 1.0000 1.0000 0.3554 0.1097 0.0339 0.0105 0.0032 0.0010 1.0000 1.0000 1.0000 0.8284 0.2557 0.0790 0.0244 0.0075 0.0023 0.0007 1.0000 1.0000 1.0000 0.5973 0.1840 0.0568 0.0174 0.0054 0.0016 1.0000 1.0000 1.0000
1.0000 1.0000 0.0016 0.0053 0.0174 0.0566 0.1840 0.5995 1.0000 1.0000 1.0000 0.0007 0.0023 0.0076 0.0245 0.0794 0.2572 0.8331 1.0000 1.0000 1.0000 0.0010 0.0032 0.0105 0.0341 0.1103 0.3574 1.0000 1.0000 1.0000 1.0000 0.0014 0.0045 0.0146 0.0473 0.1533 0.4967 1.0000 1.0000 1.0000 1.0000 0.0019 0.0063 0.0203 0.0658 0.2131 0.6901 1.0000 1.0000 1.0000 1.0000 1.0000 1.0000 1.0000 0.6901 0.2131 0.0658 0.0203 0.0063 0.0019 1.0000 1.0000 1.0000 1.0000 0.4967 0.1533 0.0473 0.0146 0.0045 0.0014 1.0000 1.0000 1.0000 1.0000 0.3574 0.1103 0.0341 0.0105 0.0032 0.0010 1.0000 1.0000 1.0000 0.8331 0.2572 0.0794 0.0245 0.0076 0.0023 0.0007 1.0000 1.0000 1.0000 0.5995 0.1840 0.0566 0.0174 0.0053 0.0016 1.0000 1.0000
1.0000 0.0018 0.0052 0.0173 0.0563 0.1833 0.5973 1.0000 1.0000 1.0000 0.0007 0.0023 0.0076 0.0247 0.0799 0.2587 0.8379 1.0000 1.0000 1.0000 0.0010 0.0033 0.0106 0.0343 0.1110 0.3595 1.0000 1.0000 1.0000 1.0000 0.0014 0.0045 0.0147 0.0476 0.1542 0.4995 1.0000 1.0000 1.0000 1.0000 0.0019 0.0063 0.0204 0.0662 0.2143 0.6941 1.0000 1.0000 1.0000 0.0010 0.0022 0.0010 1.0000 1.0000 1.0000 0.6941 0.2143 0.0662 0.0204 0.0063 0.0019 1.0000 1.0000 1.0000 1.0000 0.4995 0.1542 0.0476 0.0147 0.0045 0.0014 1.0000 1.0000 1.0000 1.0000 0.3595 0.1110 0.0343 0.0106 0.0033 0.0010 1.0000 1.0000 1.0000 0.8379 0.2587 0.0799 0.0247 0.0076 0.0023 0.0007 1.0000 1.0000 1.0000 0.5973 0.1833 0.0563 0.0173 0.0052 0.0018 1.0000
0.0009 0.0057 0.0170 0.0561 0.1823 0.5939 1.0000 1.0000 1.0000 0.0007 0.0024 0.0077 0.0248 0.0803 0.2602 0.8427 1.0000 1.0000 1.0000 0.0010 0.0033 0.0106 0.0345 0.1116 0.3615 1.0000 1.0000 1.0000 1.0000 0.0014 0.0046 0.0148 0.0479 0.1551 0.5024 1.0000 1.0000 1.0000 1.0000 0.0020 0.0063 0.0205 0.0665 0.2155 0.6981 1.0000 1.0000 1.0000 0.0008 0.0031 0.0071 0.0031 0.0008 1.0000 1.0000 1.0000 0.6981 0.2155 0.0665 0.0205 0.0063 0.0020 1.0000 1.0000 1.0000 1.0000 0.5024 0.1551 0.0479 0.0148 0.0046 0.0014 1.0000 1.0000 1.0000 1.0000 0.3615 0.1116 0.0345 0.0106 0.0033 0.0010 1.0000 1.0000 1.0000 0.8427 0.2602 0.0803 0.0248 0.0077 0.0024 0.0007 1.0000 1.0000 1.0000 0.5939 0.1823 0.0561 0.0170 0.0057 0.0009
0.0029 0.0184 0.0550 0.1816 0.5905 1.0000 1.0000 1.0000 0.0007 0.0024 0.0077 0.0249 0.0808 0.2616 0.8475 1.0000 1.0000 1.0000 0.0010 0.0033 0.0107 0.0347 0.1122 0.3636 1.0000 1.0000 1.0000 1.0000 0.0014 0.0046 0.0149 0.0482 0.1560 0.5052 1.0000 1.0000 1.0000 1.0000 0.0020 0.0064 0.0207 0.0669 0.2167 0.7021 1.0000 1.0000 1.0000 0.0008 0.0027 0.0103 0.0233 0.0103 0.0027 0.0008 1.0000 1.0000 1.0000 0.7021 0.2167 0.0669 0.0207 0.0064 0.0020 1.0000 1.0000 1.0000 1.0000 0.5052 0.1560 0.0482 0.0149 0.0046 0.0014 1.0000 1.0000 1.0000 1.0000 0.3636 0.1122 0.0347 0.0107 0.0033 0.0010 1.0000 1.0000 1.0000 0.8475 0.2616 0.0808 0.0249 0.0077 0.0024 0.0007 1.0000 1.0000 1.0000 0.5905 0.1816 0.0550 0.0184 0.0029
0.0095 0.0598 0.1782 0.5882 1.0000 1.0000 1.0000 0.0007 0.0023 0.0077 0.0249 0.0811 0.2626 0.8524 1.0000 1.0000 1.0000 0.0010 0.0033 0.0108 0.0349 0.1129 0.3657 1.0000 1.0000 1.0000 1.0000 0.0014 0.0046 0.0150 0.0484 0.1569 0.5081 1.0000 1.0000 1.0000 1.0000 0.0020 0.0064 0.0208 0.0673 0.2180 0.7061 1.0000 1.0000 1.0000 0.0008 0.0027 0.0089 0.0334 0.0757 0.0334 0.0089 0.0027 0.0008 1.0000 1.0000 1.0000 0.7061 0.2180 0.0673 0.0208 0.0064 0.0020 1.0000 1.0000 1.0000 1.0000 0.5081 0.1569 0.0484 0.0150 0.0046 0.0014 1.0000 1.0000 1.0000 1.0000 0.3657 0.1129 0.0349 0.0108 0.0033 0.0010 1.0000 1.0000 1.0000 0.8524 0.2626 0.0811 0.0249 0.0077 0.0023 0.0007 1.0000 1.0000 1.0000 0.5882 0.1782 0.0598 0.0095
0.0306 0.1934 0.5772 1.0000 1.0000 1.0000 0.0007 0.0023 0.0076 0.0248 0.0808 0.2626 0.8556 1.0000 1.0000 1.0000 0.0010 0.0033 0.0108 0.0350 0.1135 0.3678 1.0000 1.0000 1.0000 1.0000 0.0014 0.0046 0.0150 0.0487 0.1578 0.5110 1.0000 1.0000 1.0000 1.0000 0.0020 0.0065 0.0209 0.0677 0.2192 0.7101 1.0000 1.0000 1.0000 0.0009 0.0028 0.0089 0.0291 0.1089 0.2471 0.1089 0.0291 0.0089 0.0028 0.0009 1.0000 1.0000 1.0000 0.7101 0.2192 0.0677 0.0209 0.0065 0.0020 1.0000 1.0000 1.0000 1.0000 0.5110 0.1578 0.0487 0.0150 0.0046 0.0014 1.0000 1.0000 1.0000 1.0000 0.3678 0.1135 0.0350 0.0108 0.0033 0.0010 1.0000 1.0000 1.0000 0.8556 0.2626 0.0808 0.0248 0.0076 0.0023 0.0007 1.0000 1.0000 1.0000 0.5772 0.1934 0.0306
0.0992 0.6275 1.0000 1.0000 1.0000 0.0007 0.0023 0.0076 0.0247 0.0803 0.2616 0.8524 1.0000 1.0000 1.0000 0.0010 0.0034 0.0109 0.0353 0.1142 0.3699 1.0000 1.0000 1.0000 1.0000 0.0014 0.0047 0.0151 0.0490 0.1587 0.5139 1.0000 1.0000 1.0000 0.0006 0.0020 0.0065 0.0210 0.0681 0.2205 0.7142 1.0000 1.0000 1.0000 0.0009 0.0028 0.0090 0.0291 0.0949 0.3547 0.8036 0.3547 0.0949 0.0291 0.0090 0.0028 0.0009 1.0000 1.0000 1.0000 0.7142 0.2205 0.0681 0.0210 0.0065 0.0020 0.0006 1.0000 1.0000 1.0000 0.5139 0.1587 0.0490 0.0151 0.0047 0.0014 1.0000 1.0000 1.0000 1.0000 0.3699 0.1142 0.0353 0.0109 0.0034 0.0010 1.0000 1.0000 1.0000 0.8524 0.2616 0.0803 0.0247 0.0076 0.0023 0.0007 1.0000 1.0000 1.0000 0.6275 0.0992
0.3213 1.0000 1.0000 1.0000 0.0007 0.0023 0.0075 0.0245 0.0799 0.2602 0.8475 1.0000 1.0000 1.0000 0.0010 0.0034 0.0109 0.0355 0.1148 0.3720 1.0000 1.0000 1.0000 1.0000 0.0014 0.0047 0.0152 0.0493 0.1596 0.5169 1.0000 1.0000 1.0000 0.0006 0.0020 0.0065 0.0211 0.0685 0.2217 0.7183 1.0000 1.0000 1.0000 0.0009 0.0028 0.0091 0.0294 0.0946 0.3093 1.0000 1.0000 1.0000 0.3093 0.0946 0.0294 0.0091 0.0028 0.0009 1.0000 1.0000 1.0000 0.7183 0.2217 0.0685 0.0211 0.0065 0.0020 0.0006 1.0000 1.0000 1.0000 0.5169 0.1596 0.0493 0.0152 0.0047 0.0014 1.0000 1.0000 1.0000 1.0000 0.3720 0.1148 0.0355 0.0109 0.0034 0.0010 1.0000 1.0000 1.0000 0.8475 0.2602 0.0799 0.0245 0.0075 0.0023 0.0007 1.0000 1.0000 1.0000 0.3213
1.0000 1.0000 1.0000 0.0007 0.0023 0.0075 0.0244 0.0794 0.2587 0.8427 1.0000 1.0000 1.0000 0.0010 0.0034 0.0110 0.0356 0.1155 0.3741 1.0000 1.0000 1.0000 1.0000 0.0015 0.0047 0.0153 0.0495 0.1605 0.5198 1.0000 1.0000 1.0000 0.0006 0.0020 0.0066 0.0213 0.0688 0.2230 0.7224 1.0000 1.0000 1.0000 0.0009 0.0028 0.0091 0.0295 0.0957 0.3087 1.0000 1.0000 1.0000 1.0000 1.0000 0.3087 0.0957 0.0295 0.0091 0.0028 0.0009 1.0000 1.0000 1.0000 0.7224 0.2230 0.0688 0.0213 0.0066 0.0020 0.0006 1.0000 1.0000 1.0000 0.5198 0.1605 0.0495 0.0153 0.0047 0.0015 1.0000 1.0000 1.0000 1.0000 0.3741 0.1155 0.0356 0.0110 0.0034 0.0010 1.0000 1.0000 1.0000 0.8427 0.2587 0.0794 0.0244 0.0075 0.0023 0.0007 1.0000 1.0000 1.0000
1.0000 1.0000 0.0007 0.0023 0.0074 0.0242 0.0790 0.2572 0.8379 1.0000 1.0000 1.0000 0.0010 0.0034 0.0109 0.0356 0.1159 0.3755 1.0000 1.0000 1.0000 1.0000 0.0015 0.0047 0.0154 0.0498 0.1614 0.5228 1.0000 1.0000 1.0000 0.0006 0.0020 0.0066 0.0214 0.0692 0.2243 0.7265 1.0000 1.0000 1.0000 0.0009 0.0028 0.0092 0.0297 0.0962 0.3117 1.0000 1.0000 1.0000 1.0000 1.0000 1.0000 1.0000 0.3117 0.0962 0.0297 0.0092 0.0028 0.0009 1.0000 1.0000 1.0000 0.7265 0.2243 0.0692 0.0214 0.0066 0.0020 0.0006 1.0000 1.0000 1.0000 0.5228 0.1614 0.0498 0.0154 0.0047 0.0015 1.0000 1.0000 1.0000 1.0000 0.3755 0.1159 0.0356 0.0109 0.0034 0.0010 1.0000 1.0000 1.0000 0.8379 0.2572 0.0790 0.0242 0.0074 0.0023 0.0007 1.0000 1.0000
1.0000 0.0008 0.0022 0.0074 0.0241 0.0785 0.2557 0.8331 1.0000 1.0000 1.0000 0.0010 0.0033 0.0109 0.0355 0.1155 0.3755 1.0000 1.0000 1.0000 1.0000 0.0015 0.0048 0.0155 0.0501 0.1623 0.5258 1.0000 1.0000 1.0000 0.0006 0.0020 0.0066 0.0215 0.0696 0.2256 0.7307 1.0000 1.0000 1.0000 0.0009 0.0028 0.0092 0.0299 0.0968 0.3135 1.0000 1.0000 1.0000 1.0000 0.0010 1.0000 1.0000 1.0000 1.0000 0.3135 0.0968 0.0299 0.0092 0.0028 0.0009 1.0000 1.0000 1.0000 0.7307 0.2256 0.0696 0.0215 0.0066 0.0020 0.0006 1.0000 1.0000 1.0000 0.5258 0.1623 0.0501 0.0155 0.0048 0.0015 1.0000 1.0000 1.0000 1.0000 0.3755 0.1155 0.0355 0.0109 0.0033 0.0010 1.0000 1.0000 1.0000 0.8331 0.2557 0.0785 0.0241 0.0074 0.0022 0.0008 1.0000
0.0004 0.0024 0.0073 0.0240 0.0781 0.2543 0.8284 1.0000 1.0000 1.0000 0.0010 0.0033 0.0108 0.0353 0.1148 0.3741 1.0000 1.0000 1.0000 1.0000 0.0015 0.0048 0.0156 0.0504 0.1633 0.5288 1.0000 1.0000 1.0000 0.0006 0.0021 0.0067 0.0216 0.0700 0.2269 0.7348 1.0000 1.0000 1.0000 0.0009 0.0029 0.0093 0.0300 0.0973 0.3152 1.0000 1.0000 1.0000 1.0000 0.0014 0.0032 0.0014 1.0000 1.0000 1.0000 1.0000 0.3152 0.0973 0.0300 0.0093 0.0029 0.0009 1.0000 1.0000 1.0000 0.7348 0.2269 0.0700 0.0216 0.0067 0.0021 0.0006 1.0000 1.0000 1.0000 0.5288 0.1633 0.0504 0.0156 0.0048 0.0015 1.0000 1.0000 1.0000 1.0000 0.3741 0.1148 0.0353 0.0108 0.0033 0.0010 1.0000 1.0000 1.0000 0.8284 0.2543 0.0781 0.0240 0.0073 0.0024 0.0004
0.0012 0.0079 0.0236 0.0778 0.2528 0.8237 1.0000 1.0000 1.0000 0.0010 0.0033 0.0108 0.0350 0.1142 0.3720 1.0000 1.0000 1.0000 1.0000 0.0015 0.0048 0.0156 0.0507 0.1642 0.5318 1.0000 1.0000 1.0000 0.0006 0.0021 0.0067 0.0217 0.0704 0.2282 0.7391 1.0000 1.0000 1.0000 0.0009 0.0029 0.0093 0.0302 0.0979 0.3171 1.0000 1.0000 1.0000 1.0000 0.0012 0.0046 0.0105 0.0046 0.0012 1.0000 1.0000 1.0000 1.0000 0.3171 0.0979 0.0302 0.0093 0.0029 0.0009 1.0000 1.0000 1.0000 0.7391 0.2282 0.0704 0.0217 0.0067 0.0021 0.0006 1.0000 1.0000 1.0000 0.5318 0.1642 0.0507 0.0156 0.0048 0.0015 1.0000 1.0000 1.0000 1.0000 0.3720 0.1142 0.0350 0.0108 0.0033 0.0010 1.0000 1.0000 1.0000 0.8237 0.2528 0.0778 0.0236 0.0079 0.0012
0.0040 0.0256 0.0763 0.2519 0.8190 1.0000 1.0000 1.0000 0.0010 0.0033 0.0107 0.0349 0.1135 0.3699 1.0000 1.0000 1.0000 1.0000 0.0015 0.0048 0.0157 0.0509 0.1651 0.5349 1.0000 1.0000 1.0000 0.0006 0.0021 0.0068 0.0219 0.0708 0.2295 0.7433 1.0000 1.0000 1.0000 0.0009 0.0029 0.0094 0.0304 0.0984 0.3189 1.0000 1.0000 1.0000 1.0000 0.0012 0.0040 0.0151 0.0342 0.0151 0.0040 0.0012 1.0000 1.0000 1.0000 1.0000 0.3189 0.0984 0.0304 0.0094 0.0029 0.0009 1.0000 1.0000 1.0000 0.7433 0.2295 0.0708 0.0219 0.0068 0.0021 0.0006 1.0000 1.0000 1.0000 0.5349 0.1651 0.0509 0.0157 0.0048 0.0015 1.0000 1.0000 1.0000 1.0000 0.3699 0.1135 0.0349 0.0107 0.0033 0.0010 1.0000 1.0000 1.0000 0.8190 0.2519 0.0763 0.0256 0.0040
0.0131 0.0830 0.2471 0.8159 1.0000 1.0000 1.0000 0.0010 0.0033 0.0106 0.0347 0.1129 0.3678 1.0000 1.0000 1.0000 1.0000 0.0015 0.0048 0.0156 0.0509 0.1658 0.5369 1.0000 1.0000 1.0000 0.0006 0.0021 0.0068 0.0220 0.0712 0.2308 0.7475 1.0000 1.0000 1.0000 0.0009 0.0029 0.0094 0.0306 0.0990 0.3207 1.0000 1.0000 1.0000 1.0000 0.0012 0.0040 0.0131 0.0491 0.1112 0.0491 0.0131 0.0040 0.0012 1.0000 1.0000 1.0000 1.0000 0.3207 0.0990 0.0306 0.0094 0.0029 0.0009 1.0000 1.0000 1.0000 0.7475 0.2308 0.0712 0.0220 0.0068 0.0021 0.0006 1.0000 1.0000 1.0000 0.5369 0.1658 0.0509 0.0156 0.0048 0.0015 1.0000 1.0000 1.0000 1.0000 0.3678 0.1129 0.0347 0.0106 0.0033 0.0010 1.0000 1.0000 1.0000 0.8159 0.2471 0.0830 0.0131
0.0425 0.2687 0.8005 1.0000 1.0000 1.0000 0.0010 0.0032 0.0106 0.0345 0.1122 0.3657 1.0000 1.0000 1.0000 1.0000 0.0015 0.0048 0.0156 0.0507 0.1651 0.5369 1.0000 1.0000 1.0000 0.0007 0.0021 0.0068 0.0221 0.0717 0.2321 0.7518 1.0000 1.0000 1.0000 0.0009 0.0029 0.0095 0.0307 0.0996 0.3225 1.0000 1.0000 1.0000 1.0000 0.0013 0.0041 0.0131 0.0428 0.1599 0.3629 0.1599 0.0428 0.0131 0.0041 0.0013 1.0000 1.0000 1.0000 1.0000 0.3225 0.0996 0.0307 0.0095 0.0029 0.0009 1.0000 1.0000 1.0000 0.7518 0.2321 0.0717 0.0221 0.0068 0.0021 0.0007 1.0000 1.0000 1.0000 0.5369 0.1651 0.0507 0.0156 0.0048 0.0015 1.0000 1.0000 1.0000 1.0000 0.3657 0.1122 0.0345 0.0106 0.0032 0.0010 1.0000 1.0000 1.0000 0.8005 0.2687 0.0425
0.1376 0.8704 1.0000 1.0000 1.0000 0.0010 0.0032 0.0105 0.0343 0.1116 0.3636 1.0000 1.0000 1.0000 1.0000 0.0015 0.0047 0.0155 0.0504 0.1642 0.5349 1.0000 1.0000 1.0000 0.0007 0.0021 0.0069 0.0222 0.0721 0.2334 0.7561 1.0000 1.0000 1.0000 0.0009 0.0029 0.0095 0.0309 0.1001 0.3244 1.0000 1.0000 1.0000 1.0000 0.0013 0.0041 0.0132 0.0427 0.1394 0.5208 1.0000 0.5208 0.1394 0.0427 0.0132 0.0041 0.0013 1.0000 1.0000 1.0000 1.0000 0.3244 0.1001 0.0309 0.0095 0.0029 0.0009 1.0000 1.0000 1.0000 0.7561 0.2334 0.0721 0.0222 0.0069 0.0021 0.0007 1.0000 1.0000 1.0000 0.5349 0.1642 0.0504 0.0155 0.0047 0.0015 1.0000 1.0000 1.0000 1.0000 0.3636 0.1116 0.0343 0.0105 0.0032 0.0010 1.0000 1.0000 1.0000 0.8704 0.1376
0.4456 1.0000 1.0000 1.0000 0.0010 0.0032 0.0105 0.0341 0.1110 0.3615 1.0000 1.0000 1.0000 1.0000 0.0014 0.0047 0.0154 0.0501 0.1633 0.5318 1.0000 1.0000 1.0000 0.0007 0.0021 0.0069 0.0224 0.0725 0.2348 0.7604 1.0000 1.0000 1.0000 0.0009 0.0030 0.0096 0.0311 0.1007 0.3262 1.0000 1.0000 1.0000 1.0000 0.0013 0.0041 0.0133 0.0431 0.1392 0.4542 1.0000 1.0000 1.0000 0.4542 0.1392 0.0431 0.0133 0.0041 0.0013 1.0000 1.0000 1.0000 1.0000 0.3262 0.1007 0.0311 0.0096 0.0030 0.0009 1.0000 1.0000 1.0000 0.7604 0.2348 0.0725 0.0224 0.0069 0.0021 0.0007 1.0000 1.0000 1.0000 0.5318 0.1633 0.0501 0.0154 0.0047 0.0014 1.0000 1.0000 1.0000 1.0000 0.3615 0.1110 0.0341 0.0105 0.0032 0.0010 1.0000 1.0000 1.0000 0.4456
1.0000 1.0000 1.0000 0.0010 0.0032 0.0104 0.0339 0.1103 0.3595 1.0000 1.0000 1.0000 1.0000 0.0014 0.0047 0.0153 0.0498 0.1623 0.5288 1.0000 1.0000 1.0000 0.0007 0.0021 0.0069 0.0225 0.0728 0.2361 0.7648 1.0000 1.0000 1.0000 0.0009 0.0030 0.0097 0.0313 0.1013 0.3281 1.0000 1.0000 1.0000 1.0000 0.0013 0.0041 0.0134 0.0434 0.1405 0.4533 1.0000 1.0000 1.0000 1.0000 1.0000 0.4533 0.1405 0.0434 0.0134 0.0041 0.0013 1.0000 1.0000 1.0000 1.0000 0.3281 0.1013 0.0313 0.0097 0.0030 0.0009 1.0000 1.0000 1.0000 0.7648 0.2361 0.0728 0.0225 0.0069 0.0021 0.0007 1.0000 1.0000 1.0000 0.5288 0.1623 0.0498 0.0153 0.0047 0.0014 1.0000 1.0000 1.0000 1.0000 0.3595 0.1103 0.0339 0.0104 0.0032 0.0010 1.0000 1.0000 1.0000
1.0000 1.0000 0.0010 0.0032 0.0103 0.0337 0.1097 0.3574 1.0000 1.0000 1.0000 1.0000 0.0014 0.0047 0.0152 0.0495 0.1614 0.5258 1.0000 1.0000 1.0000 0.0006 0.0021 0.0069 0.0224 0.0728 0.2370 0.7677 1.0000 1.0000 1.0000 0.0009 0.0030 0.0097 0.0314 0.1019 0.3300 1.0000 1.0000 1.0000 1.0000 0.0013 0.0042 0.0135 0.0436 0.1413 0.4577 1.0000 1.0000 1.0000 1.0000 1.0000 1.0000 1.0000 0.4577 0.1413 0.0436 0.0135 0.0042 0.0013 1.0000 1.0000 1.0000 1.0000 0.3300 0.1019 0.0314 0.0097 0.0030 0.0009 1.0000 1.0000 1.0000 0.7677 0.2370 0.0728 0.0224 0.0069 0.0021 0.0006 1.0000 1.0000 1.0000 0.5258 0.1614 0.0495 0.0152 0.0047 0.0014 1.0000 1.0000 1.0000 1.0000 0.3574 0.1097 0.0337 0.0103 0.0032 0.0010 1.0000 1.0000
1.0000 0.0010 0.0031 0.0103 0.0335 0.1091 0.3554 1.0000 1.0000 1.0000 1.0000 0.0014 0.0046 0.0151 0.0493 0.1605 0.5228 1.0000 1.0000 1.0000 0.0006 0.0021 0.0068 0.0222 0.0725 0.2361 0.7677 1.0000 1.0000 1.0000 0.0009 0.0030 0.0098 0.0316 0.1025 0.3319 1.0000 1.0000 1.0000 1.0000 0.0013 0.0042 0.0135 0.0439 0.1421 0.4603 1.0000 1.0000 1.0000 1.0000 0.0015 1.0000 1.0000 1.0000 1.0000 0.4603 0.1421 0.0439 0.0135 0.0042 0.0013 1.0000 1.0000 1.0000 1.0000 0.3319 0.1025 0.0316 0.0098 0.0030 0.0009 1.0000 1.0000 1.0000 0.7677 0.2361 0.0725 0.0222 0.0068 0.0021 0.0006 1.0000 1.0000 1.0000 0.5228 0.1605 0.0493 0.0151 0.0046 0.0014 1.0000 1.0000 1.0000 1.0000 0.3554 0.1091 0.0335 0.0103 0.0031 0.0010 1.0000
0.0005 0.0034 0.0101 0.0334 0.1085 0.3534 1.0000 1.0000 1.0000 1.0000 0.0014 0.0046 0.0150 0.0490 0.1596 0.5198 1.0000 1.0000 1.0000 0.0006 0.0021 0.0068 0.0221 0.0721 0.2348 0.7648 1.0000 1.0000 1.0000 0.0009 0.0030 0.0098 0.0318 0.1030 0.3338 1.0000 1.0000 1.0000 1.0000 0.0013 0.0042 0.0136 0.0441 0.1429 0.4629 1.0000 1.0000 1.0000 1.0000 0.0021 0.0047 0.0021 1.0000 1.0000 1.0000 1.0000 0.4629 0.1429 0.0441 0.0136 0.0042 0.0013 1.0000 1.0000 1.0000 1.0000 0.3338 0.1030 0.0318 0.0098 0.0030 0.0009 1.0000 1.0000 1.0000 0.7648 0.2348 0.0721 0.0221 0.0068 0.0021 0.0006 1.0000 1.0000 1.0000 0.5198 0.1596 0.0490 0.0150 0.0046 0.0014 1.0000 1.0000 1.0000 1.0000 0.3534 0.1085 0.0334 0.0101 0.0034 0.0005
0.0017 0.0110 0.0327 0.1081 0.3513 1.0000 1.0000 1.0000 1.0000 0.0014 0.0046 0.0150 0.0487 0.1587 0.5169 1.0000 1.0000 1.0000 0.0006 0.0021 0.0068 0.0220 0.0717 0.2334 0.7604 1.0000 1.0000 1.0000 0.0009 0.0030 0.0099 0.0320 0.1036 0.3357 1.0000 1.0000 1.0000 1.0000 0.0013 0.0042 0.0137 0.0444 0.1437 0.4656 1.0000 1.0000 1.0000 1.0000 0.0018 0.0068 0.0154 0.0068 0.0018 1.0000 1.0000 1.0000 1.0000 0.4656 0.1437 0.0444 0.0137 0.0042 0.0013 1.0000 1.0000 1.0000 1.0000 0.3357 0.1036 0.0320 0.0099 0.0030 0.0009 1.0000 1.0000 1.0000 0.7604 0.2334 0.0717 0.0220 0.0068 0.0021 0.0006 1.0000 1.0000 1.0000 0.5169 0.1587 0.0487 0.0150 0.0046 0.0014 1.0000 1.0000 1.0000 1.0000 0.3513 0.1081 0.0327 0.0110 0.0017
0.0056 0.0356 0.1060 0.3500 1.0000 1.0000 1.0000 1.0000 0.0014 0.0046 0.0149 0.0484 0.1578 0.5139 1.0000 1.0000 1.0000 0.0006 0.0021 0.0067 0.0219 0.0712 0.2321 0.7561 1.0000 1.0000 1.0000 0.0009 0.0030 0.0099 0.0321 0.1040 0.3376 1.0000 1.0000 1.0000 1.0000 0.0013 0.0043 0.0138 0.0446 0.1445 0.4682 1.0000 1.0000 1.0000 1.0000 0.0018 0.0059 0.0222 0.0503 0.0222 0.0059 0.0018 1.0000 1.0000 1.0000 1.0000 0.4682 0.1445 0.0446 0.0138 0.0043 0.0013 1.0000 1.0000 1.0000 1.0000 0.3376 0.1040 0.0321 0.0099 0.0030 0.0009 1.0000 1.0000 1.0000 0.7561 0.2321 0.0712 0.0219 0.0067 0.0021 0.0006 1.0000 1.0000 1.0000 0.5139 0.1578 0.0484 0.0149 0.0046 0.0014 1.0000 1.0000 1.0000 1.0000 0.3500 0.1060 0.0356 0.0056
0.0182 0.1153 0.3434 1.0000 1.0000 1.0000 1.0000 0.0014 0.0045 0.0148 0.0482 0.1569 0.5110 1.0000 1.0000 1.0000 0.0006 0.0020 0.0067 0.0217 0.0708 0.2308 0.7518 1.0000 1.0000 1.0000 0.0009 0.0030 0.0098 0.0320 0.1040 0.3389 1.0000 1.0000 1.0000 1.0000 0.0013 0.0043 0.0139 0.0449 0.1454 0.4709 1.0000 1.0000 1.0000 1.0000 0.0018 0.0059 0.0193 0.0722 0.1636 0.0722 0.0193 0.0059 0.0018 1.0000 1.0000 1.0000 1.0000 0.4709 0.1454 0.0449 0.0139 0.0043 0.0013 1.0000 1.0000 1.0000 1.0000 0.3389 0.1040 0.0320 0.0098 0.0030 0.0009 1.0000 1.0000 1.0000 0.7518 0.2308 0.0708 0.0217 0.0067 0.0020 0.0006 1.0000 1.0000 1.0000 0.5110 0.1569 0.0482 0.0148 0.0045 0.0014 1.0000 1.0000 1.0000 1.0000 0.3434 0.1153 0.0182
0.0590 0.3734 1.0000 1.0000 1.0000 1.0000 0.0014 0.0045 0.0147 0.0479 0.1560 0.5081 1.0000 1.0000 1.0000 0.0006 0.0020 0.0066 0.0216 0.0704 0.2295 0.7475 1.0000 1.0000 1.0000 0.0009 0.0030 0.0098 0.0318 0.1036 0.3376 1.0000 1.0000 1.0000 1.0000 0.0013 0.0043 0.0139 0.0451 0.1462 0.4736 1.0000 1.0000 1.0000 1.0000 0.0018 0.0060 0.0193 0.0630 0.2352 0.5339 0.2352 0.0630 0.0193 0.0060 0.0018 1.0000 1.0000 1.0000 1.0000 0.4736 0.1462 0.0451 0.0139 0.0043 0.0013 1.0000 1.0000 1.0000 1.0000 0.3376 0.1036 0.0318 0.0098 0.0030 0.0009 1.0000 1.0000 1.0000 0.7475 0.2295 0.0704 0.0216 0.0066 0.0020 0.0006 1.0000 1.0000 1.0000 0.5081 0.1560 0.0479 0.0147 0.0045 0.0014 1.0000 1.0000 1.0000 1.0000 0.3734 0.0590
0.1912 1.0000 1.0000 1.0000 1.0000 0.0014 0.0045 0.0146 0.0476 0.1551 0.5052 1.0000 1.0000 1.0000 0.0006 0.0020 0.0066 0.0215 0.0700 0.2282 0.7433 1.0000 1.0000 1.0000 0.0009 0.0030 0.0097 0.0316 0.1030 0.3357 1.0000 1.0000 1.0000 1.0000 0.0013 0.0043 0.0140 0.0454 0.1470 0.4763 1.0000 1.0000 1.0000 1.0000 0.0019 0.0060 0.0195 0.0628 0.2051 0.7662 1.0000 0.7662 0.2051 0.0628 0.0195 0.0060 0.0019 1.0000 1.0000 1.0000 1.0000 0.4763 0.1470 0.0454 0.0140 0.0043 0.0013 1.0000 1.0000 1.0000 1.0000 0.3357 0.1030 0.0316 0.0097 0.0030 0.0009 1.0000 1.0000 1.0000 0.7433 0.2282 0.0700 0.0215 0.0066 0.0020 0.0006 1.0000 1.0000 1.0000 0.5052 0.1551 0.0476 0.0146 0.0045 0.0014 1.0000 1.0000 1.0000 1.0000 0.1912
0.6192 1.0000 1.0000 1.0000 0.0014 0.0045 0.0145 0.0473 0.1542 0.5024 1.0000 1.0000 1.0000 0.0006 0.0020 0.0066 0.0214 0.0696 0.2269 0.7391 1.0000 1.0000 1.0000 0.0009 0.0030 0.0097 0.0314 0.1025 0.3338 1.0000 1.0000 1.0000 1.0000 0.0013 0.0043 0.0141 0.0457 0.1479 0.4790 1.0000 1.0000 1.0000 1.0000 0.0019 0.0060 0.0196 0.0634 0.2047 0.6682 1.0000 1.0000 1.0000 0.6682 0.2047 0.0634 0.0196 0.0060 0.0019 1.0000 1.0000 1.0000 1.0000 0.4790 0.1479 0.0457 0.0141 0.0043 0.0013 1.0000 1.0000 1.0000 1.0000 0.3338 0.1025 0.0314 0.0097 0.0030 0.0009 1.0000 1.0000 1.0000 0.7391 0.2269 0.0696 0.0214 0.0066 0.0020 0.0006 1.0000 1.0000 1.0000 0.5024 0.1542 0.0473 0.0145 0.0045 0.0014 1.0000 1.0000 1.0000 0.6192
1.0000 1.0000 1.0000 0.0014 0.0044 0.0144 0.0471 0.1533 0.4995 1.0000 1.0000 1.0000 1.0000 0.0020 0.0065 0.0213 0.0692 0.2256 0.7348 1.0000 1.0000 1.0000 0.0009 0.0029 0.0096 0.0313 0.1019 0.3319 1.0000 1.0000 1.0000 1.0000 0.0013 0.0043 0.0141 0.0458 0.1484 0.4818 1.0000 1.0000 1.0000 1.0000 0.0019 0.0061 0.0197 0.0638 0.2067 0.6669 1.0000 1.0000 1.0000 1.0000 1.0000 0.6669 0.2067 0.0638 0.0197 0.0061 0.0019 1.0000 1.0000 1.0000 1.0000 0.4818 0.1484 0.0458 0.0141 0.0043 0.0013 1.0000 1.0000 1.0000 1.0000 0.3319 0.1019 0.0313 0.0096 0.0029 0.0009 1.0000 1.0000 1.0000 0.7348 0.2256 0.0692 0.0213 0.0065 0.0020 1.0000 1.0000 1.0000 1.0000 0.4995 0.1533 0.0471 0.0144 0.0044 0.0014 1.0000 1.0000 1.0000
1.0000 1.0000 0.0013 0.0044 0.0144 0.0468 0.1525 0.4967 1.0000 1.0000 1.0000 1.0000 0.0020 0.0065 0.0211 0.0688 0.2243 0.7307 1.0000 1.0000 1.0000 0.0009 0.0029 0.0095 0.0311 0.1013 0.3300 1.0000 1.0000 1.0000 1.0000 0.0013 0.0043 0.0140 0.0457 0.1484 0.4836 1.0000 1.0000 1.0000 1.0000 0.0019 0.0061 0.0198 0.0642 0.2079 0.6733 1.0000 1.0000 1.0000 1.0000 1.0000 1.0000 1.0000 0.6733 0.2079 0.0642 0.0198 0.0061 0.0019 1.0000 1.0000 1.0000 1.0000 0.4836 0.1484 0.0457 0.0140 0.0043 0.0013 1.0000 1.0000 1.0000 1.0000 0.3300 0.1013 0.0311 0.0095 0.0029 0.0009 1.0000 1.0000 1.0000 0.7307 0.2243 0.0688 0.0211 0.0065 0.0020 1.0000 1.0000 1.0000 1.0000 0.4967 0.1525 0.0468 0.0144 0.0044 0.0013 1.0000 1.0000
1.0000 0.0015 0.0043 0.0143 0.0465 0.1516 0.4938 1.0000 1.0000 1.0000 1.0000 0.0020 0.0065 0.0210 0.0685 0.2230 0.7265 1.0000 1.0000 1.0000 0.0009 0.0029 0.0095 0.0309 0.1007 0.3281 1.0000 1.0000 1.0000 1.0000 0.0013 0.0043 0.0139 0.0454 0.1479 0.4818 1.0000 1.0000 1.0000 1.0000 0.0019 0.0062 0.0199 0.0645 0.2090 0.6771 1.0000 1.0000 1.0000 0.0009 0.0021 0.0009 1.0000 1.0000 1.0000 0.6771 0.2090 0.0645 0.0199 0.0062 0.0019 1.0000 1.0000 1.0000 1.0000 0.4818 0.1479 0.0454 0.0139 0.0043 0.0013 1.0000 1.0000 1.0000 1.0000 0.3281 0.1007 0.0309 0.0095 0.0029 0.0009 1.0000 1.0000 1.0000 0.7265 0.2230 0.0685 0.0210 0.0065 0.0020 1.0000 1.0000 1.0000 1.0000 0.4938 0.1516 0.0465 0.0143 0.0043 0.0015 1.0000
0.0007 0.0047 0.0140 0.0464 0.1507 0.4910 1.0000 1.0000 1.0000 1.0000 0.0020 0.0064 0.0209 0.0681 0.2217 0.7224 1.0000 1.0000 1.0000 0.0009 0.0029 0.0094 0.0307 0.1001 0.3262 1.0000 1.0000 1.0000 1.0000 0.0013 0.0043 0.0139 0.0451 0.1470 0.4790 1.0000 1.0000 1.0000 1.0000 0.0019 0.0062 0.0200 0.0649 0.2102 0.6810 1.0000 1.0000 1.0000 0.0008 0.0031 0.0070 0.0031 0.0008 1.0000 1.0000 1.0000 0.6810 0.2102 0.0649 0.0200 0.0062 0.0019 1.0000 1.0000 1.0000 1.0000 0.4790 0.1470 0.0451 0.0139 0.0043 0.0013 1.0000 1.0000 1.0000 1.0000 0.3262 0.1001 0.0307 0.0094 0.0029 0.0009 1.0000 1.0000 1.0000 0.7224 0.2217 0.0681 0.0209 0.0064 0.0020 1.0000 1.0000 1.0000 1.0000 0.4910 0.1507 0.0464 0.0140 0.0047 0.0007
0.0024 0.0153 0.0455 0.1502 0.4882 1.0000 1.0000 1.0000 1.0000 0.0020 0.0064 0.0208 0.0677 0.2205 0.7183 1.0000 1.0000 1.0000 0.0009 0.0029 0.0094 0.0306 0.0996 0.3244 1.0000 1.0000 1.0000 1.0000 0.0013 0.0042 0.0138 0.0449 0.1462 0.4763 1.0000 1.0000 1.0000 1.0000 0.0019 0.0062 0.0201 0.0653 0.2114 0.6849 1.0000 1.0000 1.0000 0.0008 0.0027 0.0100 0.0227 0.0100 0.0027 0.0008 1.0000 1.0000 1.0000 0.6849 0.2114 0.0653 0.0201 0.0062 0.0019 1.0000 1.0000 1.0000 1.0000 0.4763 0.1462 0.0449 0.0138 0.0042 0.0013 1.0000 1.0000 1.0000 1.0000 0.3244 0.0996 0.0306 0.0094 0.0029 0.0009 1.0000 1.0000 1.0000 0.7183 0.2205 0.0677 0.0208 0.0064 0.0020 1.0000 1.0000 1.0000 1.0000 0.4882 0.1502 0.0455 0.0153 0.0024
0.0078 0.0495 0.1473 0.4864 1.0000 1.0000 1.0000 1.0000 0.0019 0.0063 0.0207 0.0673 0.2192 0.7142 1.0000 1.0000 1.0000 0.0009 0.0029 0.0093 0.0304 0.0990 0.3225 1.0000 1.0000 1.0000 1.0000 0.0013 0.0042 0.0137 0.0446 0.1454 0.4736 1.0000 1.0000 1.0000 1.0000 0.0019 0.0062 0.0201 0.0655 0.2123 0.6888 1.0000 1.0000 1.0000 0.0008 0.0027 0.0087 0.0326 0.0740 0.0326 0.0087 0.0027 0.0008 1.0000 1.0000 1.0000 0.6888 0.2123 0.0655 0.0201 0.0062 0.0019 1.0000 1.0000 1.0000 1.0000 0.4736 0.1454 0.0446 0.0137 0.0042 0.0013 1.0000 1.0000 1.0000 1.0000 0.3225 0.0990 0.0304 0.0093 0.0029 0.0009 1.0000 1.0000 1.0000 0.7142 0.2192 0.0673 0.0207 0.0063 0.0019 1.0000 1.0000 1.0000 1.0000 0.4864 0.1473 0.0495 0.0078
0.0253 0.1602 0.4772 1.0000 1.0000 1.0000 1.0000 0.0019 0.0063 0.0205 0.0669 0.2180 0.7101 1.0000 1.0000 1.0000 0.0009 0.0028 0.0093 0.0302 0.0984 0.3207 1.0000 1.0000 1.0000 1.0000 0.0013 0.0042 0.0136 0.0444 0.1445 0.4709 1.0000 1.0000 1.0000 1.0000 0.0019 0.0062 0.0200 0.0653 0.2123 0.6915 1.0000 1.0000 1.0000 0.0008 0.0027 0.0087 0.0284 0.1062 0.2406 0.1062 0.0284 0.0087 0.0027 0.0008 1.0000 1.0000 1.0000 0.6915 0.2123 0.0653 0.0200 0.0062 0.0019 1.0000 1.0000 1.0000 1.0000 0.4709 0.1445 0.0444 0.0136 0.0042 0.0013 1.0000 1.0000 1.0000 1.0000 0.3207 0.0984 0.0302 0.0093 0.0028 0.0009 1.0000 1.0000 1.0000 0.7101 0.2180 0.0669 0.0205 0.0063 0.0019 1.0000 1.0000 1.0000 1.0000 0.4772 0.1602 0.0253
0.0820 0.5189 1.0000 1.0000 1.0000 1.0000 0.0019 0.0063 0.0204 0.0665 0.2167 0.7061 1.0000 1.0000 1.0000 0.0009 0.0028 0.0092 0.0300 0.0979 0.3189 1.0000 1.0000 1.0000 1.0000 0.0013 0.0042 0.0135 0.0441 0.1437 0.4682 1.0000 1.0000 1.0000 1.0000 0.0019 0.0061 0.0199 0.0649 0.2114 0.6888 1.0000 1.0000 1.0000 0.0008 0.0027 0.0088 0.0284 0.0926 0.3460 0.7854 0.3460 0.0926 0.0284 0.0088 0.0027 0.0008 1.0000 1.0000 1.0000 0.6888 0.2114 0.0649 0.0199 0.0061 0.0019 1.0000 1.0000 1.0000 1.0000 0.4682 0.1437 0.0441 0.0135 0.0042 0.0013 1.0000 1.0000 1.0000 1.0000 0.3189 0.0979 0.0300 0.0092 0.0028 0.0009 1.0000 1.0000 1.0000 0.7061 0.2167 0.0665 0.0204 0.0063 0.0019 1.0000 1.0000 1.0000 1.0000 0.5189 0.0820
0.2657 1.0000 1.0000 1.0000 1.0000 0.0019 0.0062 0.0203 0.0662 0.2155 0.7021 1.0000 1.0000 1.0000 0.0009 0.0028 0.0092 0.0299 0.0973 0.3171 1.0000 1.0000 1.0000 1.0000 0.0013 0.0041 0.0135 0.0439 0.1429 0.4656 1.0000 1.0000 1.0000 1.0000 0.0019 0.0061 0.0198 0.0645 0.2102 0.6849 1.0000 1.0000 1.0000 0.0008 0.0027 0.0088 0.0287 0.0925 0.3018 1.0000 1.0000 1.0000 0.3018 0.0925 0.0287 0.0088 0.0027 0.0008 1.0000 1.0000 1.0000 0.6849 0.2102 0.0645 0.0198 0.0061 0.0019 1.0000 1.0000 1.0000 1.0000 0.4656 0.1429 0.0439 0.0135 0.0041 0.0013 1.0000 1.0000 1.0000 1.0000 0.3171 0.0973 0.0299 0.0092 0.0028 0.0009 1.0000 1.0000 1.0000 0.7021 0.2155 0.0662 0.0203 0.0062 0.0019 1.0000 1.0000 1.0000 1.0000 0.2657
0.8605 1.0000 1.0000 1.0000 0.0019 0.0062 0.0202 0.0658 0.2143 0.6981 1.0000 1.0000 1.0000 0.0009 0.0028 0.0091 0.0297 0.0968 0.3152 1.0000 1.0000 1.0000 1.0000 0.0013 0.0041 0.0134 0.0436 0.1421 0.4629 1.0000 1.0000 1.0000 1.0000 0.0019 0.0060 0.0197 0.0642 0.2090 0.6810 1.0000 1.0000 1.0000 0.0008 0.0027 0.0089 0.0288 0.0933 0.3012 0.9830 1.0000 1.0000 1.0000 0.9830 0.3012 0.0933 0.0288 0.0089 0.0027 0.0008 1.0000 1.0000 1.0000 0.6810 0.2090 0.0642 0.0197 0.0060 0.0019 1.0000 1.0000 1.0000 1.0000 0.4629 0.1421 0.0436 0.0134 0.0041 0.0013 1.0000 1.0000 1.0000 1.0000 0.3152 0.0968 0.0297 0.0091 0.0028 0.0009 1.0000 1.0000 1.0000 0.6981 0.2143 0.0658 0.0202 0.0062 0.0019 1.0000 1.0000 1.0000 0.8605
1.0000 1.0000 1.0000 0.0019 0.0062 0.0201 0.0654 0.2131 0.6941 1.0000 1.0000 1.0000 0.0009 0.0028 0.0091 0.0295 0.0962 0.3135 1.0000 1.0000 1.0000 1.0000 0.0013 0.0041 0.0133 0.0434 0.1413 0.4603 1.0000 1.0000 1.0000 1.0000 0.0018 0.0060 0.0196 0.0638 0.2079 0.6771 1.0000 1.0000 1.0000 0.0008 0.0027 0.0088 0.0288 0.0937 0.3035 0.9812 1.0000 1.0000 1.0000 1.0000 1.0000 0.9812 0.3035 0.0937 0.0288 0.0088 0.0027 0.0008 1.0000 1.0000 1.0000 0.6771 0.2079 0.0638 0.0196 0.0060 0.0018 1.0000 1.0000 1.0000 1.0000 0.4603 0.1413 0.0434 0.0133 0.0041 0.0013 1.0000 1.0000 1.0000 1.0000 0.3135 0.0962 0.0295 0.0091 0.0028 0.0009 1.0000 1.0000 1.0000 0.6941 0.2131 0.0654 0.0201 0.0062 0.0019 1.0000 1.0000 1.0000
1.0000 1.0000 0.0019 0.0061 0.0200 0.0650 0.2119 0.6901 1.0000 1.0000 1.0000 0.0008 0.0028 0.0090 0.0294 0.0957 0.3117 1.0000 1.0000 1.0000 1.0000 0.0012 0.0041 0.0132 0.0431 0.1405 0.4577 1.0000 1.0000 1.0000 1.0000 0.0018 0.0060 0.0195 0.0634 0.2067 0.6733 1.0000 1.0000 1.0000 0.0008 0.0027 0.0088 0.0287 0.0933 0.3035 0.9887 1.0000 1.0000 1.0000 0.0010 1.0000 1.0000 1.0000 0.9887 0.3035 0.0933 0.0287 0.0088 0.0027 0.0008 1.0000 1.0000 1.0000 0.6733 0.2067 0.0634 0.0195 0.0060 0.0018 1.0000 1.0000 1.0000 1.0000 0.4577 0.1405 0.0431 0.0132 0.0041 0.0012 1.0000 1.0000 1.0000 1.0000 0.3117 0.0957 0.0294 0.0090 0.0028 0.0008 1.0000 1.0000 1.0000 0.6901 0.2119 0.0650 0.0200 0.0061 0.0019 1.0000 1.0000
1.0000 0.0020 0.0060 0.0199 0.0647 0.2106 0.6862 1.0000 1.0000 1.0000 0.0008 0.0028 0.0090 0.0292 0.0951 0.3099 1.0000 1.0000 1.0000 1.0000 0.0012 0.0040 0.0132 0.0429 0.1397 0.4550 1.0000 1.0000 1.0000 1.0000 0.0018 0.0059 0.0194 0.0631 0.2055 0.6695 1.0000 1.0000 1.0000 0.0008 0.0027 0.0087 0.0285 0.0928 0.3023 0.9849 1.0000 1.0000 1.0000 0.0014 0.0031 0.0014 1.0000 1.0000 1.0000 0.9812 0.3012 0.0925 0.0284 0.0087 0.0027 0.0008 1.0000 1.0000 1.0000 0.6669 0.2047 0.0628 0.0193 0.0059 0.0018 1.0000 1.0000 1.0000 1.0000 0.4533 0.1392 0.0427 0.0131 0.0040 0.0012 1.0000 1.0000 1.0000 1.0000 0.3087 0.0946 0.0291 0.0089 0.0027 0.0008 1.0000 1.0000 1.0000 0.6836 0.2098 0.0644 0.0198 0.0060 0.0020 1.0000
0.0010 0.0065 0.0195 0.0644 0.2094 0.6823 1.0000 1.0000 1.0000 0.0008 0.0027 0.0089 0.0290 0.0946 0.3081 1.0000 1.0000 1.0000 1.0000 0.0012 0.0040 0.0131 0.0426 0.1389 0.4525 1.0000 1.0000 1.0000 1.0000 0.0018 0.0059 0.0193 0.0627 0.2043 0.6657 1.0000 1.0000 1.0000 0.0008 0.0027 0.0087 0.0283 0.0923 0.3006 0.9793 1.0000 1.0000 1.0000 0.0012 0.0045 0.0103 0.0046 0.0012 1.0000 1.0000 1.0000 0.9830 0.3018 0.0926 0.0284 0.0087 0.0027 0.0008 1.0000 1.0000 1.0000 0.6682 0.2051 0.0630 0.0193 0.0059 0.0018 1.0000 1.0000 1.0000 1.0000 0.4542 0.1394 0.0428 0.0131 0.0040 0.0012 1.0000 1.0000 1.0000 1.0000 0.3093 0.0949 0.0291 0.0089 0.0027 0.0008 1.0000 1.0000 1.0000 0.6849 0.2102 0.0645 0.0196 0.0066 0.0010
0.0034 0.0212 0.0632 0.2087 0.6784 1.0000 1.0000 1.0000 0.0008 0.0027 0.0089 0.0289 0.0940 0.3064 0.9981 1.0000 1.0000 1.0000 0.0012 0.0040 0.0130 0.0424 0.1381 0.4499 1.0000 1.0000 1.0000 1.0000 0.0018 0.0059 0.0191 0.0624 0.2032 0.6619 1.0000 1.0000 1.0000 0.0008 0.0027 0.0086 0.0282 0.0918 0.2989 0.9737 1.0000 1.0000 1.0000 0.0012 0.0039 0.0146 0.0355 0.0177 0.0046 0.0014 1.0000 1.0000 1.0000 1.0000 0.3460 0.1062 0.0326 0.0100 0.0031 0.0009 1.0000 1.0000 1.0000 0.7662 0.2352 0.0722 0.0222 0.0068 0.0021 1.0000 1.0000 1.0000 1.0000 0.5208 0.1599 0.0491 0.0151 0.0046 0.0014 1.0000 1.0000 1.0000 1.0000 0.3547 0.1089 0.0334 0.0103 0.0031 0.0010 1.0000 1.0000 1.0000 0.7854 0.2416 0.0733 0.0247 0.0039
0.0109 0.0686 0.2047 0.6759 1.0000 1.0000 1.0000 0.0008 0.0027 0.0088 0.0287 0.0935 0.3046 0.9924 1.0000 1.0000 1.0000 0.0012 0.0040 0.0129 0.0422 0.1373 0.4473 1.0000 1.0000 1.0000 1.0000 0.0018 0.0058 0.0190 0.0620 0.2020 0.6581 1.0000 1.0000 1.0000 0.0008 0.0026 0.0086 0.0280 0.0912 0.2972 0.9682 1.0000 1.0000 1.0000 0.0012 0.0039 0.0126 0.0531 0.1017 0.0263 0.0103 0.0032 0.0010 1.0000 1.0000 1.0000 0.7854 0.2406 0.0740 0.0227 0.0070 0.0021 1.0000 1.0000 1.0000 1.0000 0.5339 0.1636 0.0503 0.0154 0.0047 0.0015 1.0000 1.0000 1.0000 1.0000 0.3629 0.1112 0.0342 0.0105 0.0032 0.0010 1.0000 1.0000 1.0000 0.8036 0.2471 0.0757 0.0233 0.0071 0.0022 1.0000 1.0000 1.0000 1.0000 0.5483 0.1667 0.0563 0.0094
0.0351 0.2222 0.6631 1.0000 1.0000 1.0000 0.0008 0.0027 0.0088 0.0285 0.0930 0.3029 0.9868 1.0000 1.0000 1.0000 0.0012 0.0039 0.0129 0.0419 0.1365 0.4448 1.0000 1.0000 1.0000 1.0000 0.0018 0.0058 0.0189 0.0617 0.2009 0.6544 1.0000 1.0000 1.0000 0.0008 0.0026 0.0085 0.0278 0.0907 0.2955 0.9627 1.0000 1.0000 1.0000 0.0012 0.0039 0.0125 0.0430 0.1696 0.0610 0.0039 0.0044 0.0015 1.0000 1.0000 1.0000 1.0000 0.3460 0.1062 0.0326 0.0100 0.0031 0.0009 1.0000 1.0000 1.0000 0.7662 0.2352 0.0722 0.0222 0.0068 0.0021 1.0000 1.0000 1.0000 1.0000 0.5208 0.1599 0.0491 0.0151 0.0046 0.0014 1.0000 1.0000 1.0000 1.0000 0.3547 0.1089 0.0334 0.0103 0.0031 0.0010 1.0000 1.0000 1.0000 0.7854 0.2416 0.0733 0.0247 0.0039
0.1133 0.7155 1.0000 1.0000 1.0000 0.0008 0.0027 0.0087 0.0282 0.0919 0.2995 0.9756 1.0000 1.0000 1.0000 0.0012 0.0039 0.0127 0.0414 0.1350 0.4397 1.0000 1.0000 1.0000 1.0000 0.0018 0.0057 0.0187 0.0610 0.1986 0.6469 1.0000 1.0000 1.0000 0.0008 0.0026 0.0085 0.0275 0.0897 0.2922 0.9518 1.0000 1.0000 1.0000 0.0012 0.0038 0.0124 0.0403 0.1368 0.4585 0.6544 1.0000 0.0013 1.0000 1.0000 1.0000 0.9830 0.3018 0.0926 0.0284 0.0087 0.0027 0.0008 1.0000 1.0000 1.0000 0.6682 0.2051 0.0630 0.0193 0.0059 0.0018 1.0000 1.0000 1.0000 1.0000 0.4542 0.1394 0.0428 0.0131 0.0040 0.0012 1.0000 1.0000 1.0000 1.0000 0.3093 0.0949 0.0291 0.0089 0.0027 0.0008 1.0000 1.0000 1.0000 0.6849 0.2102 0.0645 0.0196 0.0066 0.0010
0.3770 1.0000 1.0000 1.0000 0.0008 0.0027 0.0087 0.0284 0.0926 0.3018 0.9830 1.0000 1.0000 1.0000 0.0012 0.0039 0.0128 0.0418 0.1363 0.4439 1.0000 1.0000 1.0000 1.0000 0.0018 0.0058 0.0189 0.0615 0.2005 0.6531 1.0000 1.0000 1.0000 0.0008 0.0026 0.0085 0.0277 0.0904 0.2944 0.9590 1.0000 1.0000 1.0000 0.0012 0.0038 0.0125 0.0407 0.1329 0.4448 1.0000 1.0000 1.0000 1.0000 1.0000 1.0000 0.9812 0.3012 0.0925 0.0284 0.0087 0.0027 0.0008 1.0000 1.0000 1.0000 0.6669 0.2047 0.0628 0.0193 0.0059 0.0018 1.0000 1.0000 1.0000 1.0000 0.4533 0.1392 0.0427 0.0131 0.0040 0.0012 1.0000 1.0000 1.0000 1.0000 0.3087 0.0946 0.0291 0.0089 0.0027 0.0008 1.0000 1.0000 1.0000 0.6836 0.2098 0.0644 0.0198 0.0060 0.0020 1.0000
1.0000 1.0000 1.0000 0.0010 0.0032 0.0103 0.0336 0.1095 0.3567 1.0000 1.0000 1.0000 1.0000 0.0014 0.0047 0.0152 0.0495 0.1611 0.5248 1.0000 1.0000 1.0000 1.0000 0.0021 0.0069 0.0223 0.0728 0.2370 0.7721 1.0000 1.0000 1.0000 0.0009 0.0031 0.0101 0.0328 0.1068 0.3480 1.0000 1.0000 1.0000 1.0000 0.0014 0.0045 0.0148 0.0482 0.1575 0.5130 1.0000 1.0000 1.0000 1.0000 1.0000 1.0000 0.9868 0.3041 0.0933 0.0287 0.0088 0.0027 0.0008 1.0000 1.0000 1.0000 0.6733 0.2067 0.0634 0.0195 0.0060 0.0018 1.0000 1.0000 1.0000 1.0000 0.4577 0.1405 0.0431 0.0132 0.0041 0.0012 1.0000 1.0000 1.0000 1.0000 0.3117 0.0957 0.0294 0.0090 0.0028 0.0008 1.0000 1.0000 1.0000 0.6901 0.2119 0.0650 0.0200 0.0061 0.0019 1.0000 1.0000
1.0000 1.0000 1.0000 0.0018 0.0059 0.0192 0.0625 0.2036 0.6631 1.0000 1.0000 1.0000 0.0008 0.0027 0.0087 0.0282 0.0919 0.2995 0.9756 1.0000 1.0000 1.0000 0.0012 0.0039 0.0127 0.0415 0.1352 0.4406 1.0000 1.0000 1.0000 1.0000 0.0018 0.0057 0.0187 0.0610 0.1986 0.6469 1.0000 1.0000 1.0000 0.0008 0.0026 0.0085 0.0275 0.0895 0.2905 0.9427 1.0000 1.0000 1.0000 1.0000 1.0000 0.9756 0.3041 0.0937 0.0288 0.0088 0.0027 0.0008 1.0000 1.0000 1.0000 0.6771 0.2079 0.0638 0.0196 0.0060 0.0018 1.0000 1.0000 1.0000 1.0000 0.4603 0.1413 0.0434 0.0133 0.0041 0.0013 1.0000 1.0000 1.0000 1.0000 0.3135 0.0962 0.0295 0.0091 0.0028 0.0009 1.0000 1.0000 1.0000 0.6941 0.2131 0.0654 0.0201 0.0062 0.0019 1.0000 1.0000 1.0000
