0.0019 0.0889 0.0901 -0.1232 -0.2024 -0.2192 -0.1947 -0.1104 -0.0482 -0.0060 0.0376 0.1279 0.0199 -0.1678 -0.2095 -0.2181 -0.1759 -0.0873 -0.0367 0.0058 0.0538 0.1418 -0.0463 -0.1883 -0.2151 -0.2130 -0.1519 -0.0695 -0.0249 0.0175 0.0741 0.1188 -0.0974 -0.1976 -0.2185 -0.2030 -0.1254 -0.0555 -0.0129 0.0298 0.1027 0.0622 -0.1417 -0.2056 -0.2192 -0.1874 -0.1002 -0.0434 -0.0005 0.0464 0.0883 0.0464 -0.0005 -0.0434 -0.1002 -0.1874 -0.2192 -0.2056 -0.1417 0.0622 0.1027 0.0298 -0.0129 -0.0555 -0.1254 -0.2030 -0.2185 -0.1976 -0.0974 0.1188 0.0741 0.0175 -0.0249 -0.0695 -0.1519 -0.2130 -0.2151 -0.1883 -0.0463 0.1418 0.0538 0.0058 -0.0367 -0.0873 -0.1759 -0.2181 -0.2095 -0.1678 0.0199 0.1279 0.0376 -0.0060 -0.0482 -0.1104 -0.1947 -0.2192 -0.2024 -0.1232 0.0901 0.0889 0.0019
0.0889 0.1205 -0.1849 -0.3312 -0.3304 -0.2734 -0.1247 -0.0294 0.0165 0.0544 0.1530 0.0256 -0.2836 -0.3343 -0.3222 -0.2402 -0.0863 -0.0139 0.0259 0.0705 0.1733 -0.0668 -0.3228 -0.3352 -0.3087 -0.1982 -0.0591 -0.0006 0.0358 0.0914 0.1530 -0.1412 -0.3286 -0.3332 -0.2886 -0.1511 -0.0395 0.0106 0.0471 0.1228 0.0842 -0.2216 -0.3328 -0.3275 -0.2604 -0.1071 -0.0225 0.0204 0.0611 0.1475 0.1066 0.1475 0.0611 0.0204 -0.0225 -0.1071 -0.2604 -0.3275 -0.3328 -0.2216 0.0842 0.1228 0.0471 0.0106 -0.0395 -0.1511 -0.2886 -0.3332 -0.3286 -0.1412 0.1530 0.0914 0.0358 -0.0006 -0.0591 -0.1982 -0.3087 -0.3352 -0.3228 -0.0668 0.1733 0.0705 0.0259 -0.0139 -0.0863 -0.2402 -0.3222 -0.3343 -0.2836 0.0256 0.1530 0.0544 0.0165 -0.0294 -0.1247 -0.2734 -0.3304 -0.3312 -0.1849 0.1205 0.0889
0.0901 -0.1849 -0.3313 -0.3303 -0.2719 -0.1213 -0.0298 0.0127 0.0543 0.1542 0.0237 -0.2862 -0.3344 -0.3219 -0.2379 -0.0836 -0.0155 0.0219 0.0709 0.1733 -0.0684 -0.3230 -0.3352 -0.3081 -0.1951 -0.0573 -0.0033 0.0324 0.0918 0.1523 -0.1427 -0.3287 -0.3331 -0.2875 -0.1476 -0.0391 0.0072 0.0458 0.1236 0.0825 -0.2235 -0.3329 -0.3273 -0.2586 -0.1039 -0.0235 0.0166 0.0610 0.1720 -0.0260 -0.2436 -0.0260 0.1720 0.0610 0.0166 -0.0235 -0.1039 -0.2586 -0.3273 -0.3329 -0.2235 0.0825 0.1236 0.0458 0.0072 -0.0391 -0.1476 -0.2875 -0.3331 -0.3287 -0.1427 0.1523 0.0918 0.0324 -0.0033 -0.0573 -0.1951 -0.3081 -0.3352 -0.3230 -0.0684 0.1733 0.0709 0.0219 -0.0155 -0.0836 -0.2379 -0.3219 -0.3344 -0.2862 0.0237 0.1542 0.0543 0.0127 -0.0298 -0.1213 -0.2719 -0.3303 -0.3313 -0.1849 0.0901
-0.1232 -0.3312 -0.3303 -0.2718 -0.1210 -0.0294 0.0133 0.0546 0.1554 0.0219 -0.2884 -0.3345 -0.3217 -0.2374 -0.0832 -0.0150 0.0224 0.0712 0.1732 -0.0698 -0.3231 -0.3352 -0.3078 -0.1945 -0.0570 -0.0027 0.0327 0.0923 0.1516 -0.1440 -0.3288 -0.3331 -0.2871 -0.1470 -0.0388 0.0078 0.0461 0.1243 0.0808 -0.2251 -0.3330 -0.3272 -0.2581 -0.1034 -0.0230 0.0172 0.0613 0.1724 -0.0241 -0.3210 -0.3334 -0.3210 -0.0241 0.1724 0.0613 0.0172 -0.0230 -0.1034 -0.2581 -0.3272 -0.3330 -0.2251 0.0808 0.1243 0.0461 0.0078 -0.0388 -0.1470 -0.2871 -0.3331 -0.3288 -0.1440 0.1516 0.0923 0.0327 -0.0027 -0.0570 -0.1945 -0.3078 -0.3352 -0.3231 -0.0698 0.1732 0.0712 0.0224 -0.0150 -0.0832 -0.2374 -0.3217 -0.3345 -0.2884 0.0219 0.1554 0.0546 0.0133 -0.0294 -0.1210 -0.2718 -0.3303 -0.3312 -0.1232
-0.2024 -0.3304 -0.2719 -0.1210 -0.0293 0.0134 0.0549 0.1566 0.0201 -0.2906 -0.3345 -0.3216 -0.2367 -0.0826 -0.0148 0.0225 0.0715 0.1731 -0.0711 -0.3232 -0.3352 -0.3075 -0.1937 -0.0566 -0.0026 0.0329 0.0927 0.1508 -0.1452 -0.3289 -0.3330 -0.2867 -0.1462 -0.0385 0.0079 0.0463 0.1250 0.0791 -0.2268 -0.3330 -0.3270 -0.2575 -0.1027 -0.0228 0.0173 0.0616 0.1725 -0.0217 -0.3199 -0.3370 -0.3372 -0.3370 -0.3199 -0.0217 0.1725 0.0616 0.0173 -0.0228 -0.1027 -0.2575 -0.3270 -0.3330 -0.2268 0.0791 0.1250 0.0463 0.0079 -0.0385 -0.1462 -0.2867 -0.3330 -0.3289 -0.1452 0.1508 0.0927 0.0329 -0.0026 -0.0566 -0.1937 -0.3075 -0.3352 -0.3232 -0.0711 0.1731 0.0715 0.0225 -0.0148 -0.0826 -0.2367 -0.3216 -0.3345 -0.2906 0.0201 0.1566 0.0549 0.0134 -0.0293 -0.1210 -0.2719 -0.3304 -0.2024
-0.2192 -0.2734 -0.1213 -0.0294 0.0134 0.0550 0.1576 0.0183 -0.2928 -0.3345 -0.3214 -0.2360 -0.0820 -0.0146 0.0227 0.0718 0.1730 -0.0725 -0.3233 -0.3352 -0.3072 -0.1929 -0.0563 -0.0024 0.0331 0.0931 0.1500 -0.1465 -0.3290 -0.3329 -0.2863 -0.1454 -0.0382 0.0081 0.0466 0.1258 0.0774 -0.2285 -0.3331 -0.3269 -0.2569 -0.1021 -0.0225 0.0174 0.0619 0.1726 -0.0234 -0.3195 -0.3343 -0.3173 -0.2848 -0.3173 -0.3343 -0.3195 -0.0234 0.1726 0.0619 0.0174 -0.0225 -0.1021 -0.2569 -0.3269 -0.3331 -0.2285 0.0774 0.1258 0.0466 0.0081 -0.0382 -0.1454 -0.2863 -0.3329 -0.3290 -0.1465 0.1500 0.0931 0.0331 -0.0024 -0.0563 -0.1929 -0.3072 -0.3352 -0.3233 -0.0725 0.1730 0.0718 0.0227 -0.0146 -0.0820 -0.2360 -0.3214 -0.3345 -0.2928 0.0183 0.1576 0.0550 0.0134 -0.0294 -0.1213 -0.2734 -0.2192
-0.1947 -0.1247 -0.0298 0.0133 0.0549 0.1576 0.0175 -0.2947 -0.3346 -0.3212 -0.2354 -0.0815 -0.0144 0.0229 0.0721 0.1729 -0.0739 -0.3234 -0.3352 -0.3069 -0.1921 -0.0559 -0.0022 0.0333 0.0936 0.1492 -0.1478 -0.3291 -0.3329 -0.2858 -0.1446 -0.0379 0.0082 0.0468 0.1265 0.0757 -0.2301 -0.3331 -0.3268 -0.2564 -0.1014 -0.0223 0.0176 0.0621 0.1727 -0.0250 -0.3196 -0.3351 -0.3123 -0.2140 -0.1256 -0.2140 -0.3123 -0.3351 -0.3196 -0.0250 0.1727 0.0621 0.0176 -0.0223 -0.1014 -0.2564 -0.3268 -0.3331 -0.2301 0.0757 0.1265 0.0468 0.0082 -0.0379 -0.1446 -0.2858 -0.3329 -0.3291 -0.1478 0.1492 0.0936 0.0333 -0.0022 -0.0559 -0.1921 -0.3069 -0.3352 -0.3234 -0.0739 0.1729 0.0721 0.0229 -0.0144 -0.0815 -0.2354 -0.3212 -0.3346 -0.2947 0.0175 0.1576 0.0549 0.0133 -0.0298 -0.1247 -0.1947
-0.1104 -0.0294 0.0127 0.0546 0.1566 0.0183 -0.2947 -0.3346 -0.3210 -0.2348 -0.0810 -0.0141 0.0230 0.0725 0.1728 -0.0753 -0.3236 -0.3352 -0.3066 -0.1913 -0.0556 -0.0020 0.0335 0.0940 0.1484 -0.1490 -0.3292 -0.3328 -0.2854 -0.1437 -0.0376 0.0084 0.0471 0.1273 0.0740 -0.2318 -0.3332 -0.3266 -0.2558 -0.1008 -0.0220 0.0177 0.0624 0.1728 -0.0266 -0.3198 -0.3352 -0.3156 -0.2103 -0.0616 -0.0178 -0.0616 -0.2103 -0.3156 -0.3352 -0.3198 -0.0266 0.1728 0.0624 0.0177 -0.0220 -0.1008 -0.2558 -0.3266 -0.3332 -0.2318 0.0740 0.1273 0.0471 0.0084 -0.0376 -0.1437 -0.2854 -0.3328 -0.3292 -0.1490 0.1484 0.0940 0.0335 -0.0020 -0.0556 -0.1913 -0.3066 -0.3352 -0.3236 -0.0753 0.1728 0.0725 0.0230 -0.0141 -0.0810 -0.2348 -0.3210 -0.3346 -0.2947 0.0183 0.1566 0.0546 0.0127 -0.0294 -0.1104
-0.0482 0.0165 0.0543 0.1554 0.0201 -0.2928 -0.3346 -0.3210 -0.2345 -0.0805 -0.0139 0.0232 0.0728 0.1727 -0.0766 -0.3237 -0.3352 -0.3063 -0.1904 -0.0552 -0.0018 0.0337 0.0944 0.1476 -0.1503 -0.3292 -0.3327 -0.2849 -0.1429 -0.0373 0.0086 0.0473 0.1281 0.0723 -0.2335 -0.3332 -0.3265 -0.2552 -0.1001 -0.0218 0.0179 0.0627 0.1729 -0.0282 -0.3199 -0.3352 -0.3155 -0.2164 -0.0672 -0.0032 0.0197 -0.0032 -0.0672 -0.2164 -0.3155 -0.3352 -0.3199 -0.0282 0.1729 0.0627 0.0179 -0.0218 -0.1001 -0.2552 -0.3265 -0.3332 -0.2335 0.0723 0.1281 0.0473 0.0086 -0.0373 -0.1429 -0.2849 -0.3327 -0.3292 -0.1503 0.1476 0.0944 0.0337 -0.0018 -0.0552 -0.1904 -0.3063 -0.3352 -0.3237 -0.0766 0.1727 0.0728 0.0232 -0.0139 -0.0805 -0.2345 -0.3210 -0.3346 -0.2928 0.0201 0.1554 0.0543 0.0165 -0.0482
-0.0060 0.0544 0.1542 0.0219 -0.2906 -0.3345 -0.3212 -0.2348 -0.0805 -0.0138 0.0233 0.0731 0.1726 -0.0780 -0.3238 -0.3352 -0.3060 -0.1896 -0.0549 -0.0016 0.0339 0.0949 0.1468 -0.1516 -0.3293 -0.3327 -0.2845 -0.1421 -0.0370 0.0087 0.0476 0.1289 0.0706 -0.2352 -0.3333 -0.3263 -0.2546 -0.0994 -0.0215 0.0181 0.0630 0.1730 -0.0298 -0.3200 -0.3352 -0.3151 -0.2157 -0.0681 -0.0082 0.0312 0.0641 0.0312 -0.0082 -0.0681 -0.2157 -0.3151 -0.3352 -0.3200 -0.0298 0.1730 0.0630 0.0181 -0.0215 -0.0994 -0.2546 -0.3263 -0.3333 -0.2352 0.0706 0.1289 0.0476 0.0087 -0.0370 -0.1421 -0.2845 -0.3327 -0.3293 -0.1516 0.1468 0.0949 0.0339 -0.0016 -0.0549 -0.1896 -0.3060 -0.3352 -0.3238 -0.0780 0.1726 0.0731 0.0233 -0.0138 -0.0805 -0.2348 -0.3212 -0.3345 -0.2906 0.0219 0.1542 0.0544 -0.0060
0.0376 0.1530 0.0237 -0.2884 -0.3345 -0.3214 -0.2354 -0.0810 -0.0139 0.0233 0.0733 0.1725 -0.0793 -0.3239 -0.3352 -0.3057 -0.1888 -0.0545 -0.0014 0.0341 0.0953 0.1459 -0.1529 -0.3294 -0.3326 -0.2841 -0.1413 -0.0367 0.0089 0.0478 0.1297 0.0689 -0.2370 -0.3333 -0.3262 -0.2540 -0.0988 -0.0213 0.0182 0.0633 0.1730 -0.0314 -0.3201 -0.3352 -0.3149 -0.2148 -0.0674 -0.0082 0.0279 0.0827 0.1414 0.0827 0.0279 -0.0082 -0.0674 -0.2148 -0.3149 -0.3352 -0.3201 -0.0314 0.1730 0.0633 0.0182 -0.0213 -0.0988 -0.2540 -0.3262 -0.3333 -0.2370 0.0689 0.1297 0.0478 0.0089 -0.0367 -0.1413 -0.2841 -0.3326 -0.3294 -0.1529 0.1459 0.0953 0.0341 -0.0014 -0.0545 -0.1888 -0.3057 -0.3352 -0.3239 -0.0793 0.1725 0.0733 0.0233 -0.0139 -0.0810 -0.2354 -0.3214 -0.3345 -0.2884 0.0237 0.1530 0.0376
0.1279 0.0256 -0.2862 -0.3345 -0.3216 -0.2360 -0.0815 -0.0141 0.0232 0.0731 0.1725 -0.0799 -0.3240 -0.3352 -0.3054 -0.1880 -0.0542 -0.0012 0.0344 0.0958 0.1451 -0.1542 -0.3295 -0.3325 -0.2836 -0.1405 -0.0365 0.0091 0.0481 0.1305 0.0671 -0.2387 -0.3334 -0.3260 -0.2534 -0.0981 -0.0210 0.0184 0.0636 0.1731 -0.0330 -0.3202 -0.3352 -0.3146 -0.2140 -0.0670 -0.0079 0.0278 0.0830 0.1628 0.0039 0.1628 0.0830 0.0278 -0.0079 -0.0670 -0.2140 -0.3146 -0.3352 -0.3202 -0.0330 0.1731 0.0636 0.0184 -0.0210 -0.0981 -0.2534 -0.3260 -0.3334 -0.2387 0.0671 0.1305 0.0481 0.0091 -0.0365 -0.1405 -0.2836 -0.3325 -0.3295 -0.1542 0.1451 0.0958 0.0344 -0.0012 -0.0542 -0.1880 -0.3054 -0.3352 -0.3240 -0.0799 0.1725 0.0731 0.0232 -0.0141 -0.0815 -0.2360 -0.3216 -0.3345 -0.2862 0.0256 0.1279
0.0199 -0.2836 -0.3344 -0.3217 -0.2367 -0.0820 -0.0144 0.0230 0.0728 0.1726 -0.0793 -0.3240 -0.3352 -0.3051 -0.1873 -0.0539 -0.0010 0.0346 0.0963 0.1442 -0.1554 -0.3296 -0.3324 -0.2832 -0.1397 -0.0362 0.0092 0.0483 0.1313 0.0654 -0.2405 -0.3334 -0.3259 -0.2528 -0.0975 -0.0208 0.0185 0.0639 0.1732 -0.0345 -0.3204 -0.3352 -0.3144 -0.2133 -0.0665 -0.0077 0.0281 0.0828 0.1637 -0.1192 -0.3152 -0.1192 0.1637 0.0828 0.0281 -0.0077 -0.0665 -0.2133 -0.3144 -0.3352 -0.3204 -0.0345 0.1732 0.0639 0.0185 -0.0208 -0.0975 -0.2528 -0.3259 -0.3334 -0.2405 0.0654 0.1313 0.0483 0.0092 -0.0362 -0.1397 -0.2832 -0.3324 -0.3296 -0.1554 0.1442 0.0963 0.0346 -0.0010 -0.0539 -0.1873 -0.3051 -0.3352 -0.3240 -0.0793 0.1726 0.0728 0.0230 -0.0144 -0.0820 -0.2367 -0.3217 -0.3344 -0.2836 0.0199
-0.1678 -0.3343 -0.3219 -0.2374 -0.0826 -0.0146 0.0229 0.0725 0.1727 -0.0780 -0.3239 -0.3352 -0.3051 -0.1870 -0.0536 -0.0008 0.0348 0.0967 0.1433 -0.1567 -0.3297 -0.3324 -0.2827 -0.1389 -0.0359 0.0094 0.0486 0.1321 0.0636 -0.2423 -0.3335 -0.3257 -0.2522 -0.0969 -0.0205 0.0187 0.0642 0.1733 -0.0361 -0.3205 -0.3353 -0.3141 -0.2125 -0.0661 -0.0074 0.0283 0.0831 0.1650 -0.1176 -0.3285 -0.3381 -0.3285 -0.1176 0.1650 0.0831 0.0283 -0.0074 -0.0661 -0.2125 -0.3141 -0.3353 -0.3205 -0.0361 0.1733 0.0642 0.0187 -0.0205 -0.0969 -0.2522 -0.3257 -0.3335 -0.2423 0.0636 0.1321 0.0486 0.0094 -0.0359 -0.1389 -0.2827 -0.3324 -0.3297 -0.1567 0.1433 0.0967 0.0348 -0.0008 -0.0536 -0.1870 -0.3051 -0.3352 -0.3239 -0.0780 0.1727 0.0725 0.0229 -0.0146 -0.0826 -0.2374 -0.3219 -0.3343 -0.1678
-0.2095 -0.3222 -0.2379 -0.0832 -0.0148 0.0227 0.0721 0.1728 -0.0766 -0.3238 -0.3352 -0.3054 -0.1873 -0.0536 -0.0007 0.0350 0.0972 0.1423 -0.1580 -0.3297 -0.3323 -0.2823 -0.1381 -0.0356 0.0096 0.0488 0.1330 0.0619 -0.2440 -0.3335 -0.3256 -0.2515 -0.0962 -0.0203 0.0189 0.0645 0.1733 -0.0376 -0.3206 -0.3353 -0.3139 -0.2117 -0.0656 -0.0072 0.0284 0.0834 0.1646 -0.1162 -0.3269 -0.3361 -0.3290 -0.3361 -0.3269 -0.1162 0.1646 0.0834 0.0284 -0.0072 -0.0656 -0.2117 -0.3139 -0.3353 -0.3206 -0.0376 0.1733 0.0645 0.0189 -0.0203 -0.0962 -0.2515 -0.3256 -0.3335 -0.2440 0.0619 0.1330 0.0488 0.0096 -0.0356 -0.1381 -0.2823 -0.3323 -0.3297 -0.1580 0.1423 0.0972 0.0350 -0.0007 -0.0536 -0.1873 -0.3054 -0.3352 -0.3238 -0.0766 0.1728 0.0721 0.0227 -0.0148 -0.0832 -0.2379 -0.3222 -0.2095
-0.2181 -0.2402 -0.0836 -0.0150 0.0225 0.0718 0.1729 -0.0753 -0.3237 -0.3352 -0.3057 -0.1880 -0.0539 -0.0008 0.0350 0.0974 0.1416 -0.1593 -0.3298 -0.3322 -0.2818 -0.1373 -0.0353 0.0097 0.0491 0.1338 0.0601 -0.2458 -0.3336 -0.3254 -0.2509 -0.0956 -0.0200 0.0190 0.0648 0.1734 -0.0392 -0.3207 -0.3353 -0.3136 -0.2110 -0.0652 -0.0070 0.0286 0.0838 0.1641 -0.1175 -0.3268 -0.3327 -0.2960 -0.2447 -0.2960 -0.3327 -0.3268 -0.1175 0.1641 0.0838 0.0286 -0.0070 -0.0652 -0.2110 -0.3136 -0.3353 -0.3207 -0.0392 0.1734 0.0648 0.0190 -0.0200 -0.0956 -0.2509 -0.3254 -0.3336 -0.2458 0.0601 0.1338 0.0491 0.0097 -0.0353 -0.1373 -0.2818 -0.3322 -0.3298 -0.1593 0.1416 0.0974 0.0350 -0.0008 -0.0539 -0.1880 -0.3057 -0.3352 -0.3237 -0.0753 0.1729 0.0718 0.0225 -0.0150 -0.0836 -0.2402 -0.2181
-0.1759 -0.0863 -0.0155 0.0224 0.0715 0.1730 -0.0739 -0.3236 -0.3352 -0.3060 -0.1888 -0.0542 -0.0010 0.0348 0.0972 0.1416 -0.1600 -0.3299 -0.3321 -0.2813 -0.1365 -0.0350 0.0099 0.0493 0.1347 0.0583 -0.2477 -0.3336 -0.3252 -0.2503 -0.0950 -0.0198 0.0192 0.0651 0.1734 -0.0407 -0.3208 -0.3353 -0.3134 -0.2102 -0.0648 -0.0068 0.0288 0.0842 0.1637 -0.1188 -0.3270 -0.3342 -0.2906 -0.1575 -0.0760 -0.1575 -0.2906 -0.3342 -0.3270 -0.1188 0.1637 0.0842 0.0288 -0.0068 -0.0648 -0.2102 -0.3134 -0.3353 -0.3208 -0.0407 0.1734 0.0651 0.0192 -0.0198 -0.0950 -0.2503 -0.3252 -0.3336 -0.2477 0.0583 0.1347 0.0493 0.0099 -0.0350 -0.1365 -0.2813 -0.3321 -0.3299 -0.1600 0.1416 0.0972 0.0348 -0.0010 -0.0542 -0.1888 -0.3060 -0.3352 -0.3236 -0.0739 0.1730 0.0715 0.0224 -0.0155 -0.0863 -0.1759
-0.0873 -0.0139 0.0219 0.0712 0.1731 -0.0725 -0.3234 -0.3352 -0.3063 -0.1896 -0.0545 -0.0012 0.0346 0.0967 0.1423 -0.1593 -0.3299 -0.3321 -0.2810 -0.1358 -0.0347 0.0101 0.0496 0.1356 0.0565 -0.2495 -0.3337 -0.3251 -0.2497 -0.0943 -0.0195 0.0193 0.0654 0.1735 -0.0422 -0.3210 -0.3353 -0.3131 -0.2094 -0.0644 -0.0066 0.0290 0.0846 0.1632 -0.1200 -0.3271 -0.3342 -0.2949 -0.1568 -0.0372 -0.0024 -0.0372 -0.1568 -0.2949 -0.3342 -0.3271 -0.1200 0.1632 0.0846 0.0290 -0.0066 -0.0644 -0.2094 -0.3131 -0.3353 -0.3210 -0.0422 0.1735 0.0654 0.0193 -0.0195 -0.0943 -0.2497 -0.3251 -0.3337 -0.2495 0.0565 0.1356 0.0496 0.0101 -0.0347 -0.1358 -0.2810 -0.3321 -0.3299 -0.1593 0.1423 0.0967 0.0346 -0.0012 -0.0545 -0.1896 -0.3063 -0.3352 -0.3234 -0.0725 0.1731 0.0712 0.0219 -0.0139 -0.0873
-0.0367 0.0259 0.0709 0.1732 -0.0711 -0.3233 -0.3352 -0.3066 -0.1904 -0.0549 -0.0014 0.0344 0.0963 0.1433 -0.1580 -0.3298 -0.3321 -0.2810 -0.1355 -0.0345 0.0102 0.0498 0.1365 0.0548 -0.2513 -0.3337 -0.3249 -0.2491 -0.0937 -0.0193 0.0195 0.0656 0.1735 -0.0438 -0.3211 -0.3353 -0.3128 -0.2087 -0.0640 -0.0064 0.0292 0.0850 0.1627 -0.1213 -0.3272 -0.3341 -0.2946 -0.1624 -0.0442 0.0089 0.0321 0.0089 -0.0442 -0.1624 -0.2946 -0.3341 -0.3272 -0.1213 0.1627 0.0850 0.0292 -0.0064 -0.0640 -0.2087 -0.3128 -0.3353 -0.3211 -0.0438 0.1735 0.0656 0.0195 -0.0193 -0.0937 -0.2491 -0.3249 -0.3337 -0.2513 0.0548 0.1365 0.0498 0.0102 -0.0345 -0.1355 -0.2810 -0.3321 -0.3298 -0.1580 0.1433 0.0963 0.0344 -0.0014 -0.0549 -0.1904 -0.3066 -0.3352 -0.3233 -0.0711 0.1732 0.0709 0.0259 -0.0367
0.0058 0.0705 0.1733 -0.0698 -0.3232 -0.3352 -0.3069 -0.1913 -0.0552 -0.0016 0.0341 0.0958 0.1442 -0.1567 -0.3297 -0.3322 -0.2813 -0.1358 -0.0345 0.0103 0.0500 0.1374 0.0530 -0.2532 -0.3338 -0.3248 -0.2484 -0.0931 -0.0191 0.0197 0.0659 0.1736 -0.0453 -0.3212 -0.3353 -0.3126 -0.2079 -0.0635 -0.0062 0.0294 0.0853 0.1622 -0.1226 -0.3273 -0.3341 -0.2941 -0.1615 -0.0442 0.0048 0.0455 0.0823 0.0455 0.0048 -0.0442 -0.1615 -0.2941 -0.3341 -0.3273 -0.1226 0.1622 0.0853 0.0294 -0.0062 -0.0635 -0.2079 -0.3126 -0.3353 -0.3212 -0.0453 0.1736 0.0659 0.0197 -0.0191 -0.0931 -0.2484 -0.3248 -0.3338 -0.2532 0.0530 0.1374 0.0500 0.0103 -0.0345 -0.1358 -0.2813 -0.3322 -0.3297 -0.1567 0.1442 0.0958 0.0341 -0.0016 -0.0552 -0.1913 -0.3069 -0.3352 -0.3232 -0.0698 0.1733 0.0705 0.0058
0.0538 0.1733 -0.0684 -0.3231 -0.3352 -0.3072 -0.1921 -0.0556 -0.0018 0.0339 0.0953 0.1451 -0.1554 -0.3297 -0.3323 -0.2818 -0.1365 -0.0347 0.0102 0.0500 0.1378 0.0515 -0.2551 -0.3338 -0.3246 -0.2478 -0.0925 -0.0188 0.0198 0.0662 0.1736 -0.0468 -0.3213 -0.3353 -0.3123 -0.2071 -0.0631 -0.0060 0.0295 0.0857 0.1617 -0.1238 -0.3273 -0.3340 -0.2938 -0.1605 -0.0437 0.0047 0.0423 0.1082 0.1468 0.1082 0.0423 0.0047 -0.0437 -0.1605 -0.2938 -0.3340 -0.3273 -0.1238 0.1617 0.0857 0.0295 -0.0060 -0.0631 -0.2071 -0.3123 -0.3353 -0.3213 -0.0468 0.1736 0.0662 0.0198 -0.0188 -0.0925 -0.2478 -0.3246 -0.3338 -0.2551 0.0515 0.1378 0.0500 0.0102 -0.0347 -0.1365 -0.2818 -0.3323 -0.3297 -0.1554 0.1451 0.0953 0.0339 -0.0018 -0.0556 -0.1921 -0.3072 -0.3352 -0.3231 -0.0684 0.1733 0.0538
0.1418 -0.0668 -0.3230 -0.3352 -0.3075 -0.1929 -0.0559 -0.0020 0.0337 0.0949 0.1459 -0.1542 -0.3296 -0.3324 -0.2823 -0.1373 -0.0350 0.0101 0.0498 0.1374 0.0515 -0.2560 -0.3339 -0.3245 -0.2472 -0.0919 -0.0186 0.0200 0.0665 0.1736 -0.0483 -0.3214 -0.3353 -0.3121 -0.2063 -0.0627 -0.0058 0.0297 0.0861 0.1612 -0.1251 -0.3274 -0.3340 -0.2934 -0.1596 -0.0434 0.0051 0.0422 0.1156 0.0981 -0.1137 0.0981 0.1156 0.0422 0.0051 -0.0434 -0.1596 -0.2934 -0.3340 -0.3274 -0.1251 0.1612 0.0861 0.0297 -0.0058 -0.0627 -0.2063 -0.3121 -0.3353 -0.3214 -0.0483 0.1736 0.0665 0.0200 -0.0186 -0.0919 -0.2472 -0.3245 -0.3339 -0.2560 0.0515 0.1374 0.0498 0.0101 -0.0350 -0.1373 -0.2823 -0.3324 -0.3296 -0.1542 0.1459 0.0949 0.0337 -0.0020 -0.0559 -0.1929 -0.3075 -0.3352 -0.3230 -0.0668 0.1418
-0.0463 -0.3228 -0.3352 -0.3078 -0.1937 -0.0563 -0.0022 0.0335 0.0944 0.1468 -0.1529 -0.3295 -0.3324 -0.2827 -0.1381 -0.0353 0.0099 0.0496 0.1365 0.0530 -0.2551 -0.3339 -0.3244 -0.2467 -0.0913 -0.0183 0.0201 0.0668 0.1737 -0.0497 -0.3215 -0.3353 -0.3118 -0.2056 -0.0623 -0.0056 0.0299 0.0865 0.1606 -0.1263 -0.3275 -0.3339 -0.2930 -0.1588 -0.0431 0.0052 0.0426 0.1151 0.0992 -0.2091 -0.3259 -0.2091 0.0992 0.1151 0.0426 0.0052 -0.0431 -0.1588 -0.2930 -0.3339 -0.3275 -0.1263 0.1606 0.0865 0.0299 -0.0056 -0.0623 -0.2056 -0.3118 -0.3353 -0.3215 -0.0497 0.1737 0.0668 0.0201 -0.0183 -0.0913 -0.2467 -0.3244 -0.3339 -0.2551 0.0530 0.1365 0.0496 0.0099 -0.0353 -0.1381 -0.2827 -0.3324 -0.3295 -0.1529 0.1468 0.0944 0.0335 -0.0022 -0.0563 -0.1937 -0.3078 -0.3352 -0.3228 -0.0463
-0.1883 -0.3352 -0.3081 -0.1945 -0.0566 -0.0024 0.0333 0.0940 0.1476 -0.1516 -0.3294 -0.3325 -0.2832 -0.1389 -0.0356 0.0097 0.0493 0.1356 0.0548 -0.2532 -0.3338 -0.3245 -0.2467 -0.0911 -0.0181 0.0203 0.0671 0.1737 -0.0512 -0.3217 -0.3353 -0.3115 -0.2048 -0.0619 -0.0054 0.0301 0.0869 0.1601 -0.1276 -0.3276 -0.3339 -0.2926 -0.1580 -0.0428 0.0054 0.0428 0.1152 0.1020 -0.2067 -0.3340 -0.3398 -0.3340 -0.2067 0.1020 0.1152 0.0428 0.0054 -0.0428 -0.1580 -0.2926 -0.3339 -0.3276 -0.1276 0.1601 0.0869 0.0301 -0.0054 -0.0619 -0.2048 -0.3115 -0.3353 -0.3217 -0.0512 0.1737 0.0671 0.0203 -0.0181 -0.0911 -0.2467 -0.3245 -0.3338 -0.2532 0.0548 0.1356 0.0493 0.0097 -0.0356 -0.1389 -0.2832 -0.3325 -0.3294 -0.1516 0.1476 0.0940 0.0333 -0.0024 -0.0566 -0.1945 -0.3081 -0.3352 -0.1883
-0.2151 -0.3087 -0.1951 -0.0570 -0.0026 0.0331 0.0936 0.1484 -0.1503 -0.3293 -0.3326 -0.2836 -0.1397 -0.0359 0.0096 0.0491 0.1347 0.0565 -0.2513 -0.3338 -0.3246 -0.2472 -0.0913 -0.0181 0.0204 0.0674 0.1737 -0.0527 -0.3218 -0.3353 -0.3112 -0.2040 -0.0615 -0.0052 0.0303 0.0873 0.1595 -0.1288 -0.3277 -0.3338 -0.2922 -0.1572 -0.0425 0.0056 0.0430 0.1158 0.1005 -0.2056 -0.3319 -0.3304 -0.3132 -0.3304 -0.3319 -0.2056 0.1005 0.1158 0.0430 0.0056 -0.0425 -0.1572 -0.2922 -0.3338 -0.3277 -0.1288 0.1595 0.0873 0.0303 -0.0052 -0.0615 -0.2040 -0.3112 -0.3353 -0.3218 -0.0527 0.1737 0.0674 0.0204 -0.0181 -0.0913 -0.2472 -0.3246 -0.3338 -0.2513 0.0565 0.1347 0.0491 0.0096 -0.0359 -0.1397 -0.2836 -0.3326 -0.3293 -0.1503 0.1484 0.0936 0.0331 -0.0026 -0.0570 -0.1951 -0.3087 -0.2151
-0.2130 -0.1982 -0.0573 -0.0027 0.0329 0.0931 0.1492 -0.1490 -0.3292 -0.3327 -0.2841 -0.1405 -0.0362 0.0094 0.0488 0.1338 0.0583 -0.2495 -0.3337 -0.3248 -0.2478 -0.0919 -0.0183 0.0203 0.0674 0.1737 -0.0539 -0.3219 -0.3353 -0.3110 -0.2032 -0.0611 -0.0050 0.0305 0.0877 0.1589 -0.1301 -0.3278 -0.3338 -0.2918 -0.1563 -0.0422 0.0058 0.0433 0.1165 0.0989 -0.2072 -0.3322 -0.3263 -0.2634 -0.1902 -0.2634 -0.3263 -0.3322 -0.2072 0.0989 0.1165 0.0433 0.0058 -0.0422 -0.1563 -0.2918 -0.3338 -0.3278 -0.1301 0.1589 0.0877 0.0305 -0.0050 -0.0611 -0.2032 -0.3110 -0.3353 -0.3219 -0.0539 0.1737 0.0674 0.0203 -0.0183 -0.0919 -0.2478 -0.3248 -0.3337 -0.2495 0.0583 0.1338 0.0488 0.0094 -0.0362 -0.1405 -0.2841 -0.3327 -0.3292 -0.1490 0.1492 0.0931 0.0329 -0.0027 -0.0573 -0.1982 -0.2130
-0.1519 -0.0591 -0.0033 0.0327 0.0927 0.1500 -0.1478 -0.3292 -0.3327 -0.2845 -0.1413 -0.0365 0.0092 0.0486 0.1330 0.0601 -0.2477 -0.3337 -0.3249 -0.2484 -0.0925 -0.0186 0.0201 0.0671 0.1737 -0.0539 -0.3219 -0.3353 -0.3108 -0.2024 -0.0607 -0.0048 0.0307 0.0881 0.1584 -0.1313 -0.3279 -0.3337 -0.2914 -0.1555 -0.0419 0.0059 0.0435 0.1171 0.0974 -0.2087 -0.3324 -0.3285 -0.2581 -0.1030 -0.0422 -0.1030 -0.2581 -0.3285 -0.3324 -0.2087 0.0974 0.1171 0.0435 0.0059 -0.0419 -0.1555 -0.2914 -0.3337 -0.3279 -0.1313 0.1584 0.0881 0.0307 -0.0048 -0.0607 -0.2024 -0.3108 -0.3353 -0.3219 -0.0539 0.1737 0.0671 0.0201 -0.0186 -0.0925 -0.2484 -0.3249 -0.3337 -0.2477 0.0601 0.1330 0.0486 0.0092 -0.0365 -0.1413 -0.2845 -0.3327 -0.3292 -0.1478 0.1500 0.0927 0.0327 -0.0033 -0.0591 -0.1519
-0.0695 -0.0006 0.0324 0.0923 0.1508 -0.1465 -0.3291 -0.3328 -0.2849 -0.1421 -0.0367 0.0091 0.0483 0.1321 0.0619 -0.2458 -0.3336 -0.3251 -0.2491 -0.0931 -0.0188 0.0200 0.0668 0.1737 -0.0527 -0.3219 -0.3353 -0.3107 -0.2018 -0.0604 -0.0046 0.0309 0.0885 0.1578 -0.1326 -0.3280 -0.3337 -0.2910 -0.1547 -0.0416 0.0061 0.0438 0.1178 0.0958 -0.2103 -0.3324 -0.3285 -0.2635 -0.1060 -0.0190 0.0089 -0.0190 -0.1060 -0.2635 -0.3285 -0.3324 -0.2103 0.0958 0.1178 0.0438 0.0061 -0.0416 -0.1547 -0.2910 -0.3337 -0.3280 -0.1326 0.1578 0.0885 0.0309 -0.0046 -0.0604 -0.2018 -0.3107 -0.3353 -0.3219 -0.0527 0.1737 0.0668 0.0200 -0.0188 -0.0931 -0.2491 -0.3251 -0.3336 -0.2458 0.0619 0.1321 0.0483 0.0091 -0.0367 -0.1421 -0.2849 -0.3328 -0.3291 -0.1465 0.1508 0.0923 0.0324 -0.0006 -0.0695
-0.0249 0.0358 0.0918 0.1516 -0.1452 -0.3290 -0.3329 -0.2854 -0.1429 -0.0370 0.0089 0.0481 0.1313 0.0636 -0.2440 -0.3336 -0.3252 -0.2497 -0.0937 -0.0191 0.0198 0.0665 0.1737 -0.0512 -0.3218 -0.3353 -0.3108 -0.2018 -0.0602 -0.0044 0.0311 0.0889 0.1571 -0.1338 -0.3281 -0.3336 -0.2906 -0.1538 -0.0413 0.0063 0.0440 0.1184 0.0943 -0.2118 -0.3325 -0.3283 -0.2630 -0.1095 -0.0250 0.0196 0.0469 0.0196 -0.0250 -0.1095 -0.2630 -0.3283 -0.3325 -0.2118 0.0943 0.1184 0.0440 0.0063 -0.0413 -0.1538 -0.2906 -0.3336 -0.3281 -0.1338 0.1571 0.0889 0.0311 -0.0044 -0.0602 -0.2018 -0.3108 -0.3353 -0.3218 -0.0512 0.1737 0.0665 0.0198 -0.0191 -0.0937 -0.2497 -0.3252 -0.3336 -0.2440 0.0636 0.1313 0.0481 0.0089 -0.0370 -0.1429 -0.2854 -0.3329 -0.3290 -0.1452 0.1516 0.0918 0.0358 -0.0249
0.0175 0.0914 0.1523 -0.1440 -0.3289 -0.3329 -0.2858 -0.1437 -0.0373 0.0087 0.0478 0.1305 0.0654 -0.2423 -0.3335 -0.3254 -0.2503 -0.0943 -0.0193 0.0197 0.0662 0.1736 -0.0497 -0.3217 -0.3353 -0.3110 -0.2024 -0.0604 -0.0044 0.0312 0.0893 0.1565 -0.1351 -0.3282 -0.3335 -0.2902 -0.1530 -0.0410 0.0065 0.0443 0.1191 0.0927 -0.2134 -0.3325 -0.3282 -0.2623 -0.1086 -0.0251 0.0161 0.0621 0.1047 0.0621 0.0161 -0.0251 -0.1086 -0.2623 -0.3282 -0.3325 -0.2134 0.0927 0.1191 0.0443 0.0065 -0.0410 -0.1530 -0.2902 -0.3335 -0.3282 -0.1351 0.1565 0.0893 0.0312 -0.0044 -0.0604 -0.2024 -0.3110 -0.3353 -0.3217 -0.0497 0.1736 0.0662 0.0197 -0.0193 -0.0943 -0.2503 -0.3254 -0.3335 -0.2423 0.0654 0.1305 0.0478 0.0087 -0.0373 -0.1437 -0.2858 -0.3329 -0.3289 -0.1440 0.1523 0.0914 0.0175
0.0741 0.1530 -0.1427 -0.3288 -0.3330 -0.2863 -0.1446 -0.0376 0.0086 0.0476 0.1297 0.0671 -0.2405 -0.3335 -0.3256 -0.2509 -0.0950 -0.0195 0.0195 0.0659 0.1736 -0.0483 -0.3215 -0.3353 -0.3112 -0.2032 -0.0607 -0.0046 0.0311 0.0893 0.1562 -0.1361 -0.3283 -0.3335 -0.2898 -0.1522 -0.0407 0.0066 0.0445 0.1198 0.0911 -0.2149 -0.3326 -0.3280 -0.2617 -0.1078 -0.0246 0.0160 0.0599 0.1459 0.1129 0.1459 0.0599 0.0160 -0.0246 -0.1078 -0.2617 -0.3280 -0.3326 -0.2149 0.0911 0.1198 0.0445 0.0066 -0.0407 -0.1522 -0.2898 -0.3335 -0.3283 -0.1361 0.1562 0.0893 0.0311 -0.0046 -0.0607 -0.2032 -0.3112 -0.3353 -0.3215 -0.0483 0.1736 0.0659 0.0195 -0.0195 -0.0950 -0.2509 -0.3256 -0.3335 -0.2405 0.0671 0.1297 0.0476 0.0086 -0.0376 -0.1446 -0.2863 -0.3330 -0.3288 -0.1427 0.1530 0.0741
0.1188 -0.1412 -0.3287 -0.3331 -0.2867 -0.1454 -0.0379 0.0084 0.0473 0.1289 0.0689 -0.2387 -0.3334 -0.3257 -0.2515 -0.0956 -0.0198 0.0193 0.0656 0.1736 -0.0468 -0.3214 -0.3353 -0.3115 -0.2040 -0.0611 -0.0048 0.0309 0.0889 0.1565 -0.1361 -0.3283 -0.3334 -0.2894 -0.1514 -0.0404 0.0068 0.0447 0.1205 0.0895 -0.2165 -0.3327 -0.3279 -0.2612 -0.1071 -0.0244 0.0163 0.0598 0.1714 -0.0187 -0.2381 -0.0187 0.1714 0.0598 0.0163 -0.0244 -0.1071 -0.2612 -0.3279 -0.3327 -0.2165 0.0895 0.1205 0.0447 0.0068 -0.0404 -0.1514 -0.2894 -0.3334 -0.3283 -0.1361 0.1565 0.0889 0.0309 -0.0048 -0.0611 -0.2040 -0.3115 -0.3353 -0.3214 -0.0468 0.1736 0.0656 0.0193 -0.0198 -0.0956 -0.2515 -0.3257 -0.3334 -0.2387 0.0689 0.1289 0.0473 0.0084 -0.0379 -0.1454 -0.2867 -0.3331 -0.3287 -0.1412 0.1188
-0.0974 -0.3286 -0.3331 -0.2871 -0.1462 -0.0382 0.0082 0.0471 0.1281 0.0706 -0.2370 -0.3334 -0.3259 -0.2522 -0.0962 -0.0200 0.0192 0.0654 0.1735 -0.0453 -0.3213 -0.3353 -0.3118 -0.2048 -0.0615 -0.0050 0.0307 0.0885 0.1571 -0.1351 -0.3283 -0.3334 -0.2893 -0.1507 -0.0401 0.0070 0.0450 0.1212 0.0879 -0.2181 -0.3327 -0.3278 -0.2606 -0.1064 -0.0241 0.0164 0.0601 0.1718 -0.0170 -0.3205 -0.3330 -0.3205 -0.0170 0.1718 0.0601 0.0164 -0.0241 -0.1064 -0.2606 -0.3278 -0.3327 -0.2181 0.0879 0.1212 0.0450 0.0070 -0.0401 -0.1507 -0.2893 -0.3334 -0.3283 -0.1351 0.1571 0.0885 0.0307 -0.0050 -0.0615 -0.2048 -0.3118 -0.3353 -0.3213 -0.0453 0.1735 0.0654 0.0192 -0.0200 -0.0962 -0.2522 -0.3259 -0.3334 -0.2370 0.0706 0.1281 0.0471 0.0082 -0.0382 -0.1462 -0.2871 -0.3331 -0.3286 -0.0974
-0.1976 -0.3332 -0.2875 -0.1470 -0.0385 0.0081 0.0468 0.1273 0.0723 -0.2352 -0.3333 -0.3260 -0.2528 -0.0969 -0.0203 0.0190 0.0651 0.1735 -0.0438 -0.3212 -0.3353 -0.3121 -0.2056 -0.0619 -0.0052 0.0305 0.0881 0.1578 -0.1338 -0.3282 -0.3335 -0.2894 -0.1507 -0.0399 0.0071 0.0452 0.1219 0.0863 -0.2197 -0.3328 -0.3276 -0.2600 -0.1057 -0.0239 0.0166 0.0603 0.1719 -0.0146 -0.3194 -0.3369 -0.3375 -0.3369 -0.3194 -0.0146 0.1719 0.0603 0.0166 -0.0239 -0.1057 -0.2600 -0.3276 -0.3328 -0.2197 0.0863 0.1219 0.0452 0.0071 -0.0399 -0.1507 -0.2894 -0.3335 -0.3282 -0.1338 0.1578 0.0881 0.0305 -0.0052 -0.0619 -0.2056 -0.3121 -0.3353 -0.3212 -0.0438 0.1735 0.0651 0.0190 -0.0203 -0.0969 -0.2528 -0.3260 -0.3333 -0.2352 0.0723 0.1273 0.0468 0.0081 -0.0385 -0.1470 -0.2875 -0.3332 -0.1976
-0.2185 -0.2886 -0.1476 -0.0388 0.0079 0.0466 0.1265 0.0740 -0.2335 -0.3333 -0.3262 -0.2534 -0.0975 -0.0205 0.0189 0.0648 0.1734 -0.0422 -0.3211 -0.3353 -0.3123 -0.2063 -0.0623 -0.0054 0.0303 0.0877 0.1584 -0.1326 -0.3281 -0.3335 -0.2898 -0.1514 -0.0401 0.0071 0.0454 0.1225 0.0847 -0.2213 -0.3328 -0.3275 -0.2595 -0.1050 -0.0236 0.0167 0.0606 0.1721 -0.0163 -0.3189 -0.3342 -0.3183 -0.2870 -0.3183 -0.3342 -0.3189 -0.0163 0.1721 0.0606 0.0167 -0.0236 -0.1050 -0.2595 -0.3275 -0.3328 -0.2213 0.0847 0.1225 0.0454 0.0071 -0.0401 -0.1514 -0.2898 -0.3335 -0.3281 -0.1326 0.1584 0.0877 0.0303 -0.0054 -0.0623 -0.2063 -0.3123 -0.3353 -0.3211 -0.0422 0.1734 0.0648 0.0189 -0.0205 -0.0975 -0.2534 -0.3262 -0.3333 -0.2335 0.0740 0.1265 0.0466 0.0079 -0.0388 -0.1476 -0.2886 -0.2185
-0.2030 -0.1511 -0.0391 0.0078 0.0463 0.1258 0.0757 -0.2318 -0.3332 -0.3263 -0.2540 -0.0981 -0.0208 0.0187 0.0645 0.1734 -0.0407 -0.3210 -0.3353 -0.3126 -0.2071 -0.0627 -0.0056 0.0301 0.0873 0.1589 -0.1313 -0.3280 -0.3336 -0.2902 -0.1522 -0.0404 0.0070 0.0452 0.1225 0.0839 -0.2227 -0.3329 -0.3274 -0.2589 -0.1043 -0.0233 0.0169 0.0609 0.1722 -0.0180 -0.3191 -0.3350 -0.3134 -0.2175 -0.1293 -0.2175 -0.3134 -0.3350 -0.3191 -0.0180 0.1722 0.0609 0.0169 -0.0233 -0.1043 -0.2589 -0.3274 -0.3329 -0.2227 0.0839 0.1225 0.0452 0.0070 -0.0404 -0.1522 -0.2902 -0.3336 -0.3280 -0.1313 0.1589 0.0873 0.0301 -0.0056 -0.0627 -0.2071 -0.3126 -0.3353 -0.3210 -0.0407 0.1734 0.0645 0.0187 -0.0208 -0.0981 -0.2540 -0.3263 -0.3332 -0.2318 0.0757 0.1258 0.0463 0.0078 -0.0391 -0.1511 -0.2030
-0.1254 -0.0395 0.0072 0.0461 0.1250 0.0774 -0.2301 -0.3332 -0.3265 -0.2546 -0.0988 -0.0210 0.0185 0.0642 0.1733 -0.0392 -0.3208 -0.3353 -0.3128 -0.2079 -0.0631 -0.0058 0.0299 0.0869 0.1595 -0.1301 -0.3279 -0.3337 -0.2906 -0.1530 -0.0407 0.0068 0.0450 0.1219 0.0847 -0.2227 -0.3329 -0.3273 -0.2584 -0.1036 -0.0231 0.0171 0.0612 0.1723 -0.0196 -0.3192 -0.3351 -0.3166 -0.2135 -0.0635 -0.0190 -0.0635 -0.2135 -0.3166 -0.3351 -0.3192 -0.0196 0.1723 0.0612 0.0171 -0.0231 -0.1036 -0.2584 -0.3273 -0.3329 -0.2227 0.0847 0.1219 0.0450 0.0068 -0.0407 -0.1530 -0.2906 -0.3337 -0.3279 -0.1301 0.1595 0.0869 0.0299 -0.0058 -0.0631 -0.2079 -0.3128 -0.3353 -0.3208 -0.0392 0.1733 0.0642 0.0185 -0.0210 -0.0988 -0.2546 -0.3265 -0.3332 -0.2301 0.0774 0.1250 0.0461 0.0072 -0.0395 -0.1254
-0.0555 0.0106 0.0458 0.1243 0.0791 -0.2285 -0.3331 -0.3266 -0.2552 -0.0994 -0.0213 0.0184 0.0639 0.1733 -0.0376 -0.3207 -0.3353 -0.3131 -0.2087 -0.0635 -0.0060 0.0297 0.0865 0.1601 -0.1288 -0.3278 -0.3337 -0.2910 -0.1538 -0.0410 0.0066 0.0447 0.1212 0.0863 -0.2213 -0.3329 -0.3273 -0.2582 -0.1031 -0.0228 0.0172 0.0615 0.1724 -0.0213 -0.3194 -0.3351 -0.3165 -0.2197 -0.0691 -0.0041 0.0190 -0.0041 -0.0691 -0.2197 -0.3165 -0.3351 -0.3194 -0.0213 0.1724 0.0615 0.0172 -0.0228 -0.1031 -0.2582 -0.3273 -0.3329 -0.2213 0.0863 0.1212 0.0447 0.0066 -0.0410 -0.1538 -0.2910 -0.3337 -0.3278 -0.1288 0.1601 0.0865 0.0297 -0.0060 -0.0635 -0.2087 -0.3131 -0.3353 -0.3207 -0.0376 0.1733 0.0639 0.0184 -0.0213 -0.0994 -0.2552 -0.3266 -0.3331 -0.2285 0.0791 0.1243 0.0458 0.0106 -0.0555
-0.0129 0.0471 0.1236 0.0808 -0.2268 -0.3331 -0.3268 -0.2558 -0.1001 -0.0215 0.0182 0.0636 0.1732 -0.0361 -0.3206 -0.3353 -0.3134 -0.2094 -0.0640 -0.0062 0.0295 0.0861 0.1606 -0.1276 -0.3277 -0.3338 -0.2914 -0.1547 -0.0413 0.0065 0.0445 0.1205 0.0879 -0.2197 -0.3328 -0.3274 -0.2584 -0.1031 -0.0227 0.0173 0.0618 0.1725 -0.0229 -0.3195 -0.3351 -0.3162 -0.2189 -0.0701 -0.0091 0.0304 0.0630 0.0304 -0.0091 -0.0701 -0.2189 -0.3162 -0.3351 -0.3195 -0.0229 0.1725 0.0618 0.0173 -0.0227 -0.1031 -0.2584 -0.3274 -0.3328 -0.2197 0.0879 0.1205 0.0445 0.0065 -0.0413 -0.1547 -0.2914 -0.3338 -0.3277 -0.1276 0.1606 0.0861 0.0295 -0.0062 -0.0640 -0.2094 -0.3134 -0.3353 -0.3206 -0.0361 0.1732 0.0636 0.0182 -0.0215 -0.1001 -0.2558 -0.3268 -0.3331 -0.2268 0.0808 0.1236 0.0471 -0.0129
0.0298 0.1228 0.0825 -0.2251 -0.3330 -0.3269 -0.2564 -0.1008 -0.0218 0.0181 0.0633 0.1731 -0.0345 -0.3205 -0.3353 -0.3136 -0.2102 -0.0644 -0.0064 0.0294 0.0857 0.1612 -0.1263 -0.3276 -0.3338 -0.2918 -0.1555 -0.0416 0.0063 0.0443 0.1198 0.0895 -0.2181 -0.3328 -0.3275 -0.2589 -0.1036 -0.0228 0.0173 0.0619 0.1726 -0.0245 -0.3196 -0.3352 -0.3159 -0.2180 -0.0694 -0.0092 0.0271 0.0813 0.1384 0.0813 0.0271 -0.0092 -0.0694 -0.2180 -0.3159 -0.3352 -0.3196 -0.0245 0.1726 0.0619 0.0173 -0.0228 -0.1036 -0.2589 -0.3275 -0.3328 -0.2181 0.0895 0.1198 0.0443 0.0063 -0.0416 -0.1555 -0.2918 -0.3338 -0.3276 -0.1263 0.1612 0.0857 0.0294 -0.0064 -0.0644 -0.2102 -0.3136 -0.3353 -0.3205 -0.0345 0.1731 0.0633 0.0181 -0.0218 -0.1008 -0.2564 -0.3269 -0.3330 -0.2251 0.0825 0.1228 0.0298
0.1027 0.0842 -0.2235 -0.3330 -0.3270 -0.2569 -0.1014 -0.0220 0.0179 0.0630 0.1730 -0.0330 -0.3204 -0.3353 -0.3139 -0.2110 -0.0648 -0.0066 0.0292 0.0853 0.1617 -0.1251 -0.3275 -0.3339 -0.2922 -0.1563 -0.0419 0.0061 0.0440 0.1191 0.0911 -0.2165 -0.3327 -0.3276 -0.2595 -0.1043 -0.0231 0.0172 0.0618 0.1726 -0.0252 -0.3197 -0.3352 -0.3157 -0.2173 -0.0689 -0.0088 0.0270 0.0814 0.1620 0.0116 0.1620 0.0814 0.0270 -0.0088 -0.0689 -0.2173 -0.3157 -0.3352 -0.3197 -0.0252 0.1726 0.0618 0.0172 -0.0231 -0.1043 -0.2595 -0.3276 -0.3327 -0.2165 0.0911 0.1191 0.0440 0.0061 -0.0419 -0.1563 -0.2922 -0.3339 -0.3275 -0.1251 0.1617 0.0853 0.0292 -0.0066 -0.0648 -0.2110 -0.3139 -0.3353 -0.3204 -0.0330 0.1730 0.0630 0.0179 -0.0220 -0.1014 -0.2569 -0.3270 -0.3330 -0.2235 0.0842 0.1027
0.0622 -0.2216 -0.3329 -0.3272 -0.2575 -0.1021 -0.0223 0.0177 0.0627 0.1730 -0.0314 -0.3202 -0.3352 -0.3141 -0.2117 -0.0652 -0.0068 0.0290 0.0850 0.1622 -0.1238 -0.3274 -0.3339 -0.2926 -0.1572 -0.0422 0.0059 0.0438 0.1184 0.0927 -0.2149 -0.3327 -0.3278 -0.2600 -0.1050 -0.0233 0.0171 0.0615 0.1725 -0.0245 -0.3197 -0.3352 -0.3155 -0.2166 -0.0684 -0.0086 0.0273 0.0812 0.1654 -0.1138 -0.3097 -0.1138 0.1654 0.0812 0.0273 -0.0086 -0.0684 -0.2166 -0.3155 -0.3352 -0.3197 -0.0245 0.1725 0.0615 0.0171 -0.0233 -0.1050 -0.2600 -0.3278 -0.3327 -0.2149 0.0927 0.1184 0.0438 0.0059 -0.0422 -0.1572 -0.2926 -0.3339 -0.3274 -0.1238 0.1622 0.0850 0.0290 -0.0068 -0.0652 -0.2117 -0.3141 -0.3352 -0.3202 -0.0314 0.1730 0.0627 0.0177 -0.0223 -0.1021 -0.2575 -0.3272 -0.3329 -0.2216 0.0622
-0.1417 -0.3328 -0.3273 -0.2581 -0.1027 -0.0225 0.0176 0.0624 0.1729 -0.0298 -0.3201 -0.3352 -0.3144 -0.2125 -0.0656 -0.0070 0.0288 0.0846 0.1627 -0.1226 -0.3273 -0.3340 -0.2930 -0.1580 -0.0425 0.0058 0.0435 0.1178 0.0943 -0.2134 -0.3326 -0.3279 -0.2606 -0.1057 -0.0236 0.0169 0.0612 0.1724 -0.0229 -0.3196 -0.3352 -0.3155 -0.2163 -0.0680 -0.0083 0.0275 0.0815 0.1667 -0.1122 -0.3281 -0.3379 -0.3281 -0.1122 0.1667 0.0815 0.0275 -0.0083 -0.0680 -0.2163 -0.3155 -0.3352 -0.3196 -0.0229 0.1724 0.0612 0.0169 -0.0236 -0.1057 -0.2606 -0.3279 -0.3326 -0.2134 0.0943 0.1178 0.0435 0.0058 -0.0425 -0.1580 -0.2930 -0.3340 -0.3273 -0.1226 0.1627 0.0846 0.0288 -0.0070 -0.0656 -0.2125 -0.3144 -0.3352 -0.3201 -0.0298 0.1729 0.0624 0.0176 -0.0225 -0.1027 -0.2581 -0.3273 -0.3328 -0.1417
-0.2056 -0.3275 -0.2586 -0.1034 -0.0228 0.0174 0.0621 0.1728 -0.0282 -0.3200 -0.3352 -0.3146 -0.2133 -0.0661 -0.0072 0.0286 0.0842 0.1632 -0.1213 -0.3273 -0.3340 -0.2934 -0.1588 -0.0428 0.0056 0.0433 0.1171 0.0958 -0.2118 -0.3325 -0.3280 -0.2612 -0.1064 -0.0239 0.0167 0.0609 0.1723 -0.0213 -0.3195 -0.3352 -0.3157 -0.2166 -0.0680 -0.0082 0.0276 0.0818 0.1663 -0.1108 -0.3265 -0.3363 -0.3296 -0.3363 -0.3265 -0.1108 0.1663 0.0818 0.0276 -0.0082 -0.0680 -0.2166 -0.3157 -0.3352 -0.3195 -0.0213 0.1723 0.0609 0.0167 -0.0239 -0.1064 -0.2612 -0.3280 -0.3325 -0.2118 0.0958 0.1171 0.0433 0.0056 -0.0428 -0.1588 -0.2934 -0.3340 -0.3273 -0.1213 0.1632 0.0842 0.0286 -0.0072 -0.0661 -0.2133 -0.3146 -0.3352 -0.3200 -0.0282 0.1728 0.0621 0.0174 -0.0228 -0.1034 -0.2586 -0.3275 -0.2056
-0.2192 -0.2604 -0.1039 -0.0230 0.0173 0.0619 0.1727 -0.0266 -0.3199 -0.3352 -0.3149 -0.2140 -0.0665 -0.0074 0.0284 0.0838 0.1637 -0.1200 -0.3272 -0.3341 -0.2938 -0.1596 -0.0431 0.0054 0.0430 0.1165 0.0974 -0.2103 -0.3325 -0.3282 -0.2617 -0.1071 -0.0241 0.0166 0.0606 0.1722 -0.0196 -0.3194 -0.3351 -0.3159 -0.2173 -0.0684 -0.0083 0.0276 0.0820 0.1660 -0.1121 -0.3264 -0.3329 -0.2975 -0.2476 -0.2975 -0.3329 -0.3264 -0.1121 0.1660 0.0820 0.0276 -0.0083 -0.0684 -0.2173 -0.3159 -0.3351 -0.3194 -0.0196 0.1722 0.0606 0.0166 -0.0241 -0.1071 -0.2617 -0.3282 -0.3325 -0.2103 0.0974 0.1165 0.0430 0.0054 -0.0431 -0.1596 -0.2938 -0.3341 -0.3272 -0.1200 0.1637 0.0838 0.0284 -0.0074 -0.0665 -0.2140 -0.3149 -0.3352 -0.3199 -0.0266 0.1727 0.0619 0.0173 -0.0230 -0.1039 -0.2604 -0.2192
-0.1874 -0.1071 -0.0235 0.0172 0.0616 0.1726 -0.0250 -0.3198 -0.3352 -0.3151 -0.2148 -0.0670 -0.0077 0.0283 0.0834 0.1641 -0.1188 -0.3271 -0.3341 -0.2941 -0.1605 -0.0434 0.0052 0.0428 0.1158 0.0989 -0.2087 -0.3324 -0.3283 -0.2623 -0.1078 -0.0244 0.0164 0.0603 0.1721 -0.0180 -0.3192 -0.3351 -0.3162 -0.2180 -0.0689 -0.0086 0.0275 0.0818 0.1660 -0.1127 -0.3266 -0.3344 -0.2922 -0.1609 -0.0784 -0.1609 -0.2922 -0.3344 -0.3266 -0.1127 0.1660 0.0818 0.0275 -0.0086 -0.0689 -0.2180 -0.3162 -0.3351 -0.3192 -0.0180 0.1721 0.0603 0.0164 -0.0244 -0.1078 -0.2623 -0.3283 -0.3324 -0.2087 0.0989 0.1158 0.0428 0.0052 -0.0434 -0.1605 -0.2941 -0.3341 -0.3271 -0.1188 0.1641 0.0834 0.0283 -0.0077 -0.0670 -0.2148 -0.3151 -0.3352 -0.3198 -0.0250 0.1726 0.0616 0.0172 -0.0235 -0.1071 -0.1874
-0.1001 -0.0225 0.0166 0.0613 0.1725 -0.0234 -0.3197 -0.3352 -0.3154 -0.2155 -0.0674 -0.0079 0.0281 0.0831 0.1645 -0.1175 -0.3270 -0.3342 -0.2945 -0.1613 -0.0437 0.0051 0.0426 0.1152 0.1004 -0.2072 -0.3324 -0.3284 -0.2629 -0.1084 -0.0246 0.0163 0.0601 0.1719 -0.0163 -0.3191 -0.3351 -0.3164 -0.2187 -0.0693 -0.0088 0.0273 0.0815 0.1663 -0.1121 -0.3266 -0.3345 -0.2965 -0.1599 -0.0384 -0.0032 -0.0384 -0.1602 -0.2966 -0.3345 -0.3266 -0.1121 0.1663 0.0815 0.0273 -0.0088 -0.0694 -0.2189 -0.3165 -0.3351 -0.3191 -0.0163 0.1719 0.0601 0.0163 -0.0246 -0.1086 -0.2630 -0.3285 -0.3324 -0.2072 0.1005 0.1152 0.0426 0.0051 -0.0437 -0.1615 -0.2946 -0.3342 -0.3270 -0.1175 0.1646 0.0831 0.0281 -0.0079 -0.0674 -0.2157 -0.3155 -0.3352 -0.3196 -0.0234 0.1725 0.0613 0.0166 -0.0225 -0.1002
-0.0432 0.0205 0.0610 0.1723 -0.0218 -0.3195 -0.3352 -0.3156 -0.2163 -0.0678 -0.0081 0.0279 0.0827 0.1650 -0.1163 -0.3269 -0.3342 -0.2949 -0.1621 -0.0440 0.0049 0.0423 0.1146 0.1019 -0.2057 -0.3323 -0.3286 -0.2634 -0.1091 -0.0249 0.0161 0.0598 0.1718 -0.0147 -0.3190 -0.3351 -0.3166 -0.2195 -0.0698 -0.0090 0.0271 0.0811 0.1667 -0.1109 -0.3265 -0.3344 -0.2966 -0.1662 -0.0454 0.0082 0.0312 0.0081 -0.0457 -0.1665 -0.2966 -0.3344 -0.3264 -0.1108 0.1667 0.0812 0.0270 -0.0092 -0.0701 -0.2197 -0.3166 -0.3350 -0.3189 -0.0146 0.1718 0.0598 0.0160 -0.0251 -0.1095 -0.2635 -0.3285 -0.3322 -0.2056 0.1020 0.1151 0.0422 0.0047 -0.0442 -0.1624 -0.2949 -0.3342 -0.3268 -0.1162 0.1650 0.0828 0.0278 -0.0082 -0.0681 -0.2164 -0.3156 -0.3351 -0.3195 -0.0217 0.1724 0.0610 0.0204 -0.0434
-0.0010 0.0607 0.1722 -0.0202 -0.3194 -0.3352 -0.3158 -0.2170 -0.0683 -0.0083 0.0277 0.0823 0.1654 -0.1150 -0.3268 -0.3343 -0.2953 -0.1630 -0.0443 0.0047 0.0421 0.1139 0.1034 -0.2042 -0.3322 -0.3287 -0.2640 -0.1098 -0.0251 0.0159 0.0595 0.1717 -0.0130 -0.3189 -0.3351 -0.3168 -0.2202 -0.0703 -0.0092 0.0270 0.0807 0.1670 -0.1096 -0.3264 -0.3344 -0.2968 -0.1665 -0.0458 0.0040 0.0444 0.0812 0.0448 0.0040 -0.0457 -0.1602 -0.2920 -0.3329 -0.3265 -0.1122 0.1654 0.0814 0.0271 -0.0091 -0.0691 -0.2135 -0.3134 -0.3342 -0.3194 -0.0170 0.1714 0.0599 0.0161 -0.0250 -0.1060 -0.2581 -0.3263 -0.3319 -0.2067 0.0992 0.1156 0.0423 0.0048 -0.0442 -0.1568 -0.2906 -0.3327 -0.3269 -0.1176 0.1637 0.0830 0.0279 -0.0082 -0.0672 -0.2103 -0.3123 -0.3343 -0.3199 -0.0241 0.1720 0.0611 -0.0005
0.0440 0.1720 -0.0185 -0.3193 -0.3351 -0.3161 -0.2178 -0.0687 -0.0085 0.0275 0.0820 0.1658 -0.1138 -0.3267 -0.3343 -0.2957 -0.1638 -0.0446 0.0045 0.0418 0.1133 0.1048 -0.2027 -0.3322 -0.3288 -0.2645 -0.1106 -0.0254 0.0158 0.0592 0.1715 -0.0113 -0.3188 -0.3351 -0.3171 -0.2210 -0.0707 -0.0094 0.0268 0.0804 0.1674 -0.1083 -0.3263 -0.3345 -0.2972 -0.1671 -0.0458 0.0037 0.0410 0.1061 0.1471 0.1005 0.0451 0.0080 -0.0384 -0.1610 -0.2975 -0.3363 -0.3281 -0.1138 0.1620 0.0813 0.0304 -0.0041 -0.0635 -0.2175 -0.3183 -0.3369 -0.3205 -0.0187 0.1459 0.0621 0.0196 -0.0190 -0.1030 -0.2634 -0.3304 -0.3340 -0.2091 0.0981 0.1082 0.0455 0.0089 -0.0372 -0.1575 -0.2960 -0.3361 -0.3285 -0.1192 0.1628 0.0827 0.0312 -0.0032 -0.0616 -0.2140 -0.3173 -0.3370 -0.3210 -0.0260 0.1475 0.0464
0.1436 -0.0167 -0.3192 -0.3351 -0.3163 -0.2185 -0.0692 -0.0087 0.0274 0.0816 0.1662 -0.1125 -0.3266 -0.3344 -0.2960 -0.1646 -0.0449 0.0044 0.0416 0.1127 0.1063 -0.2012 -0.3321 -0.3289 -0.2651 -0.1113 -0.0257 0.0156 0.0590 0.1714 -0.0097 -0.3186 -0.3350 -0.3173 -0.2217 -0.0712 -0.0096 0.0266 0.0800 0.1677 -0.1071 -0.3262 -0.3345 -0.2975 -0.1679 -0.0461 0.0036 0.0405 0.1124 0.1023 -0.0238 0.1429 0.0788 0.0317 -0.0032 -0.0784 -0.2476 -0.3296 -0.3379 -0.3097 0.0116 0.1384 0.0630 0.0190 -0.0190 -0.1293 -0.2870 -0.3375 -0.3330 -0.2381 0.1129 0.1047 0.0469 0.0089 -0.0422 -0.1902 -0.3132 -0.3398 -0.3259 -0.1137 0.1468 0.0823 0.0321 -0.0024 -0.0760 -0.2447 -0.3290 -0.3381 -0.3152 0.0039 0.1414 0.0641 0.0197 -0.0178 -0.1256 -0.2848 -0.3372 -0.3334 -0.2436 0.1066 0.0883
