0.0051 0.0334 0.0990 0.3244 1.0000 1.0000 1.0000 0.0004 0.0013 0.0041 0.0132 0.0429 0.1389 0.4499 1.0000 1.0000 1.0000 0.0005 0.0018 0.0057 0.0184 0.0596 0.1930 0.6252 1.0000 1.0000 1.0000 0.0008 0.0024 0.0079 0.0255 0.0826 0.2677 0.8671 1.0000 1.0000 1.0000 0.0010 0.0034 0.0109 0.0355 0.1148 0.3720 1.0000 1.0000 1.0000 0.0004 0.0014 0.0048 0.0177 0.0426 0.0177 0.0048 0.0014 0.0004 1.0000 1.0000 1.0000 0.3720 0.1148 0.0355 0.0109 0.0034 0.0010 1.0000 1.0000 1.0000 0.8671 0.2677 0.0826 0.0255 0.0079 0.0024 0.0008 1.0000 1.0000 1.0000 0.6252 0.1930 0.0596 0.0184 0.0057 0.0018 0.0005 1.0000 1.0000 1.0000 0.4499 0.1389 0.0429 0.0132 0.0041 0.0013 0.0004 1.0000 1.0000 1.0000 0.3244 0.0990 0.0334 0.0051
0.0334 0.2135 0.6216 1.0000 1.0000 1.0000 0.0008 0.0025 0.0080 0.0259 0.0837 0.2713 0.8787 1.0000 1.0000 1.0000 0.0011 0.0034 0.0111 0.0359 0.1162 0.3770 1.0000 1.0000 1.0000 1.0000 0.0015 0.0047 0.0154 0.0498 0.1614 0.5228 1.0000 1.0000 1.0000 1.0000 0.0020 0.0066 0.0214 0.0692 0.2243 0.7265 1.0000 1.0000 1.0000 0.0009 0.0028 0.0091 0.0298 0.1120 0.2553 0.1120 0.0298 0.0091 0.0028 0.0009 1.0000 1.0000 1.0000 0.7265 0.2243 0.0692 0.0214 0.0066 0.0020 1.0000 1.0000 1.0000 1.0000 0.5228 0.1614 0.0498 0.0154 0.0047 0.0015 1.0000 1.0000 1.0000 1.0000 0.3770 0.1162 0.0359 0.0111 0.0034 0.0011 1.0000 1.0000 1.0000 0.8787 0.2713 0.0837 0.0259 0.0080 0.0025 0.0008 1.0000 1.0000 1.0000 0.6216 0.2135 0.0334
0.0990 0.6216 1.0000 1.0000 1.0000 0.0007 0.0023 0.0073 0.0238 0.0770 0.2495 0.8082 1.0000 1.0000 1.0000 0.0010 0.0031 0.0102 0.0330 0.1070 0.3467 1.0000 1.0000 1.0000 1.0000 0.0013 0.0044 0.0141 0.0458 0.1484 0.4809 1.0000 1.0000 1.0000 1.0000 0.0019 0.0061 0.0197 0.0637 0.2063 0.6682 1.0000 1.0000 1.0000 0.0008 0.0026 0.0084 0.0272 0.0890 0.3325 0.7561 0.3325 0.0890 0.0272 0.0084 0.0026 0.0008 1.0000 1.0000 1.0000 0.6682 0.2063 0.0637 0.0197 0.0061 0.0019 1.0000 1.0000 1.0000 1.0000 0.4809 0.1484 0.0458 0.0141 0.0044 0.0013 1.0000 1.0000 1.0000 1.0000 0.3467 0.1070 0.0330 0.0102 0.0031 0.0010 1.0000 1.0000 1.0000 0.8082 0.2495 0.0770 0.0238 0.0073 0.0023 0.0007 1.0000 1.0000 1.0000 0.6216 0.0990
0.3244 1.0000 1.0000 1.0000 0.0007 0.0023 0.0075 0.0242 0.0785 0.2543 0.8237 1.0000 1.0000 1.0000 0.0010 0.0032 0.0104 0.0337 0.1091 0.3534 1.0000 1.0000 1.0000 1.0000 0.0014 0.0045 0.0144 0.0467 0.1513 0.4901 1.0000 1.0000 1.0000 1.0000 0.0019 0.0062 0.0200 0.0649 0.2102 0.6810 1.0000 1.0000 1.0000 0.0008 0.0027 0.0086 0.0278 0.0897 0.2933 1.0000 1.0000 1.0000 0.2933 0.0897 0.0278 0.0086 0.0027 0.0008 1.0000 1.0000 1.0000 0.6810 0.2102 0.0649 0.0200 0.0062 0.0019 1.0000 1.0000 1.0000 1.0000 0.4901 0.1513 0.0467 0.0144 0.0045 0.0014 1.0000 1.0000 1.0000 1.0000 0.3534 0.1091 0.0337 0.0104 0.0032 0.0010 1.0000 1.0000 1.0000 0.8237 0.2543 0.0785 0.0242 0.0075 0.0023 0.0007 1.0000 1.0000 1.0000 0.3244
1.0000 1.0000 1.0000 0.0007 0.0023 0.0075 0.0243 0.0788 0.2553 0.8268 1.0000 1.0000 1.0000 0.0010 0.0032 0.0104 0.0338 0.1095 0.3547 1.0000 1.0000 1.0000 1.0000 0.0014 0.0045 0.0145 0.0469 0.1519 0.4920 1.0000 1.0000 1.0000 1.0000 0.0019 0.0062 0.0201 0.0652 0.2110 0.6836 1.0000 1.0000 1.0000 0.0008 0.0027 0.0086 0.0280 0.0905 0.2922 0.9536 1.0000 1.0000 1.0000 0.9536 0.2922 0.0905 0.0280 0.0086 0.0027 0.0008 1.0000 1.0000 1.0000 0.6836 0.2110 0.0652 0.0201 0.0062 0.0019 1.0000 1.0000 1.0000 1.0000 0.4920 0.1519 0.0469 0.0145 0.0045 0.0014 1.0000 1.0000 1.0000 1.0000 0.3547 0.1095 0.0338 0.0104 0.0032 0.0010 1.0000 1.0000 1.0000 0.8268 0.2553 0.0788 0.0243 0.0075 0.0023 0.0007 1.0000 1.0000 1.0000
1.0000 1.0000 0.0007 0.0023 0.0075 0.0244 0.0791 0.2567 0.8315 1.0000 1.0000 1.0000 0.0010 0.0032 0.0105 0.0340 0.1101 0.3567 1.0000 1.0000 1.0000 1.0000 0.0014 0.0045 0.0146 0.0472 0.1527 0.4948 1.0000 1.0000 1.0000 1.0000 0.0019 0.0062 0.0202 0.0655 0.2123 0.6875 1.0000 1.0000 1.0000 0.0008 0.0027 0.0087 0.0281 0.0911 0.2949 0.9518 1.0000 1.0000 1.0000 1.0000 1.0000 0.9518 0.2949 0.0911 0.0281 0.0087 0.0027 0.0008 1.0000 1.0000 1.0000 0.6875 0.2123 0.0655 0.0202 0.0062 0.0019 1.0000 1.0000 1.0000 1.0000 0.4948 0.1527 0.0472 0.0146 0.0045 0.0014 1.0000 1.0000 1.0000 1.0000 0.3567 0.1101 0.0340 0.0105 0.0032 0.0010 1.0000 1.0000 1.0000 0.8315 0.2567 0.0791 0.0244 0.0075 0.0023 0.0007 1.0000 1.0000
1.0000 0.0008 0.0023 0.0075 0.0243 0.0791 0.2577 0.8347 1.0000 1.0000 1.0000 0.0010 0.0033 0.0106 0.0342 0.1108 0.3588 1.0000 1.0000 1.0000 1.0000 0.0014 0.0045 0.0146 0.0474 0.1536 0.4976 1.0000 1.0000 1.0000 1.0000 0.0019 0.0063 0.0203 0.0659 0.2135 0.6915 1.0000 1.0000 1.0000 0.0008 0.0027 0.0087 0.0283 0.0916 0.2966 0.9608 1.0000 1.0000 1.0000 0.0009 1.0000 1.0000 1.0000 0.9608 0.2966 0.0916 0.0283 0.0087 0.0027 0.0008 1.0000 1.0000 1.0000 0.6915 0.2135 0.0659 0.0203 0.0063 0.0019 1.0000 1.0000 1.0000 1.0000 0.4976 0.1536 0.0474 0.0146 0.0045 0.0014 1.0000 1.0000 1.0000 1.0000 0.3588 0.1108 0.0342 0.0106 0.0033 0.0010 1.0000 1.0000 1.0000 0.8347 0.2577 0.0791 0.0243 0.0075 0.0023 0.0008 1.0000
0.0004 0.0025 0.0073 0.0242 0.0788 0.2567 0.8347 1.0000 1.0000 1.0000 0.0010 0.0033 0.0106 0.0344 0.1114 0.3608 1.0000 1.0000 1.0000 1.0000 0.0014 0.0045 0.0147 0.0477 0.1545 0.5004 1.0000 1.0000 1.0000 1.0000 0.0020 0.0063 0.0205 0.0663 0.2147 0.6954 1.0000 1.0000 1.0000 0.0008 0.0027 0.0088 0.0284 0.0921 0.2983 0.9663 1.0000 1.0000 1.0000 0.0013 0.0030 0.0013 1.0000 1.0000 1.0000 0.9663 0.2983 0.0921 0.0284 0.0088 0.0027 0.0008 1.0000 1.0000 1.0000 0.6954 0.2147 0.0663 0.0205 0.0063 0.0020 1.0000 1.0000 1.0000 1.0000 0.5004 0.1545 0.0477 0.0147 0.0045 0.0014 1.0000 1.0000 1.0000 1.0000 0.3608 0.1114 0.0344 0.0106 0.0033 0.0010 1.0000 1.0000 1.0000 0.8347 0.2567 0.0788 0.0242 0.0073 0.0025 0.0004
0.0013 0.0080 0.0238 0.0785 0.2553 0.8315 1.0000 1.0000 1.0000 0.0010 0.0033 0.0107 0.0346 0.1120 0.3629 1.0000 1.0000 1.0000 1.0000 0.0014 0.0046 0.0148 0.0480 0.1554 0.5033 1.0000 1.0000 1.0000 1.0000 0.0020 0.0064 0.0206 0.0667 0.2159 0.6994 1.0000 1.0000 1.0000 0.0008 0.0027 0.0088 0.0286 0.0926 0.3000 0.9719 1.0000 1.0000 1.0000 0.0012 0.0044 0.0100 0.0044 0.0012 1.0000 1.0000 1.0000 0.9719 0.3000 0.0926 0.0286 0.0088 0.0027 0.0008 1.0000 1.0000 1.0000 0.6994 0.2159 0.0667 0.0206 0.0064 0.0020 1.0000 1.0000 1.0000 1.0000 0.5033 0.1554 0.0480 0.0148 0.0046 0.0014 1.0000 1.0000 1.0000 1.0000 0.3629 0.1120 0.0346 0.0107 0.0033 0.0010 1.0000 1.0000 1.0000 0.8315 0.2553 0.0785 0.0238 0.0080 0.0013
0.0041 0.0259 0.0770 0.2543 0.8268 1.0000 1.0000 1.0000 0.0010 0.0033 0.0107 0.0348 0.1127 0.3650 1.0000 1.0000 1.0000 1.0000 0.0014 0.0046 0.0149 0.0482 0.1563 0.5062 1.0000 1.0000 1.0000 1.0000 0.0020 0.0064 0.0207 0.0670 0.2172 0.7034 1.0000 1.0000 1.0000 0.0008 0.0027 0.0089 0.0288 0.0932 0.3018 0.9774 1.0000 1.0000 1.0000 0.0012 0.0038 0.0143 0.0324 0.0143 0.0038 0.0012 1.0000 1.0000 1.0000 0.9774 0.3018 0.0932 0.0288 0.0089 0.0027 0.0008 1.0000 1.0000 1.0000 0.7034 0.2172 0.0670 0.0207 0.0064 0.0020 1.0000 1.0000 1.0000 1.0000 0.5062 0.1563 0.0482 0.0149 0.0046 0.0014 1.0000 1.0000 1.0000 1.0000 0.3650 0.1127 0.0348 0.0107 0.0033 0.0010 1.0000 1.0000 1.0000 0.8268 0.2543 0.0770 0.0259 0.0041
0.0132 0.0837 0.2495 0.8237 1.0000 1.0000 1.0000 0.0010 0.0033 0.0107 0.0349 0.1131 0.3671 1.0000 1.0000 1.0000 1.0000 0.0014 0.0046 0.0150 0.0485 0.1572 0.5091 1.0000 1.0000 1.0000 1.0000 0.0020 0.0064 0.0208 0.0674 0.2184 0.7074 1.0000 1.0000 1.0000 0.0009 0.0028 0.0089 0.0289 0.0937 0.3035 0.9830 1.0000 1.0000 1.0000 0.0012 0.0038 0.0125 0.0465 0.1056 0.0465 0.0125 0.0038 0.0012 1.0000 1.0000 1.0000 0.9830 0.3035 0.0937 0.0289 0.0089 0.0028 0.0009 1.0000 1.0000 1.0000 0.7074 0.2184 0.0674 0.0208 0.0064 0.0020 1.0000 1.0000 1.0000 1.0000 0.5091 0.1572 0.0485 0.0150 0.0046 0.0014 1.0000 1.0000 1.0000 1.0000 0.3671 0.1131 0.0349 0.0107 0.0033 0.0010 1.0000 1.0000 1.0000 0.8237 0.2495 0.0837 0.0132
0.0429 0.2713 0.8082 1.0000 1.0000 1.0000 0.0010 0.0033 0.0107 0.0348 0.1131 0.3685 1.0000 1.0000 1.0000 1.0000 0.0014 0.0047 0.0151 0.0488 0.1581 0.5120 1.0000 1.0000 1.0000 1.0000 0.0020 0.0065 0.0209 0.0678 0.2196 0.7115 1.0000 1.0000 1.0000 0.0009 0.0028 0.0090 0.0291 0.0942 0.3052 0.9887 1.0000 1.0000 1.0000 0.0012 0.0039 0.0124 0.0406 0.1516 0.3434 0.1516 0.0406 0.0124 0.0039 0.0012 1.0000 1.0000 1.0000 0.9887 0.3052 0.0942 0.0291 0.0090 0.0028 0.0009 1.0000 1.0000 1.0000 0.7115 0.2196 0.0678 0.0209 0.0065 0.0020 1.0000 1.0000 1.0000 1.0000 0.5120 0.1581 0.0488 0.0151 0.0047 0.0014 1.0000 1.0000 1.0000 1.0000 0.3685 0.1131 0.0348 0.0107 0.0033 0.0010 1.0000 1.0000 1.0000 0.8082 0.2713 0.0429
0.1389 0.8787 1.0000 1.0000 1.0000 0.0010 0.0033 0.0106 0.0346 0.1127 0.3671 1.0000 1.0000 1.0000 1.0000 0.0014 0.0047 0.0152 0.0491 0.1590 0.5149 1.0000 1.0000 1.0000 0.0006 0.0020 0.0065 0.0211 0.0682 0.2209 0.7155 1.0000 1.0000 1.0000 0.0009 0.0028 0.0090 0.0293 0.0948 0.3070 0.9943 1.0000 1.0000 1.0000 0.0012 0.0039 0.0126 0.0405 0.1322 0.4938 1.0000 0.4938 0.1322 0.0405 0.0126 0.0039 0.0012 1.0000 1.0000 1.0000 0.9943 0.3070 0.0948 0.0293 0.0090 0.0028 0.0009 1.0000 1.0000 1.0000 0.7155 0.2209 0.0682 0.0211 0.0065 0.0020 0.0006 1.0000 1.0000 1.0000 0.5149 0.1590 0.0491 0.0152 0.0047 0.0014 1.0000 1.0000 1.0000 1.0000 0.3671 0.1127 0.0346 0.0106 0.0033 0.0010 1.0000 1.0000 1.0000 0.8787 0.1389
0.4499 1.0000 1.0000 1.0000 0.0010 0.0032 0.0106 0.0344 0.1120 0.3650 1.0000 1.0000 1.0000 1.0000 0.0014 0.0047 0.0152 0.0494 0.1599 0.5179 1.0000 1.0000 1.0000 0.0006 0.0020 0.0065 0.0212 0.0686 0.2222 0.7196 1.0000 1.0000 1.0000 0.0009 0.0028 0.0091 0.0294 0.0953 0.3087 1.0000 1.0000 1.0000 1.0000 0.0012 0.0039 0.0126 0.0409 0.1319 0.4306 1.0000 1.0000 1.0000 0.4306 0.1319 0.0409 0.0126 0.0039 0.0012 1.0000 1.0000 1.0000 1.0000 0.3087 0.0953 0.0294 0.0091 0.0028 0.0009 1.0000 1.0000 1.0000 0.7196 0.2222 0.0686 0.0212 0.0065 0.0020 0.0006 1.0000 1.0000 1.0000 0.5179 0.1599 0.0494 0.0152 0.0047 0.0014 1.0000 1.0000 1.0000 1.0000 0.3650 0.1120 0.0344 0.0106 0.0032 0.0010 1.0000 1.0000 1.0000 0.4499
1.0000 1.0000 1.0000 0.0010 0.0032 0.0105 0.0342 0.1114 0.3629 1.0000 1.0000 1.0000 1.0000 0.0014 0.0047 0.0153 0.0496 0.1608 0.5208 1.0000 1.0000 1.0000 0.0006 0.0020 0.0066 0.0213 0.0690 0.2234 0.7238 1.0000 1.0000 1.0000 0.0009 0.0028 0.0091 0.0296 0.0959 0.3105 1.0000 1.0000 1.0000 1.0000 0.0012 0.0039 0.0127 0.0411 0.1332 0.4298 1.0000 1.0000 1.0000 1.0000 1.0000 0.4298 0.1332 0.0411 0.0127 0.0039 0.0012 1.0000 1.0000 1.0000 1.0000 0.3105 0.0959 0.0296 0.0091 0.0028 0.0009 1.0000 1.0000 1.0000 0.7238 0.2234 0.0690 0.0213 0.0066 0.0020 0.0006 1.0000 1.0000 1.0000 0.5208 0.1608 0.0496 0.0153 0.0047 0.0014 1.0000 1.0000 1.0000 1.0000 0.3629 0.1114 0.0342 0.0105 0.0032 0.0010 1.0000 1.0000 1.0000
1.0000 1.0000 0.0010 0.0032 0.0104 0.0340 0.1108 0.3608 1.0000 1.0000 1.0000 1.0000 0.0014 0.0047 0.0153 0.0498 0.1614 0.5238 1.0000 1.0000 1.0000 0.0006 0.0020 0.0066 0.0214 0.0694 0.2247 0.7279 1.0000 1.0000 1.0000 0.0009 0.0028 0.0092 0.0298 0.0964 0.3123 1.0000 1.0000 1.0000 1.0000 0.0012 0.0039 0.0128 0.0414 0.1340 0.4339 1.0000 1.0000 1.0000 1.0000 1.0000 1.0000 1.0000 0.4339 0.1340 0.0414 0.0128 0.0039 0.0012 1.0000 1.0000 1.0000 1.0000 0.3123 0.0964 0.0298 0.0092 0.0028 0.0009 1.0000 1.0000 1.0000 0.7279 0.2247 0.0694 0.0214 0.0066 0.0020 0.0006 1.0000 1.0000 1.0000 0.5238 0.1614 0.0498 0.0153 0.0047 0.0014 1.0000 1.0000 1.0000 1.0000 0.3608 0.1108 0.0340 0.0104 0.0032 0.0010 1.0000 1.0000
1.0000 0.0011 0.0031 0.0104 0.0338 0.1101 0.3588 1.0000 1.0000 1.0000 1.0000 0.0014 0.0047 0.0152 0.0496 0.1614 0.5258 1.0000 1.0000 1.0000 0.0006 0.0021 0.0066 0.0215 0.0698 0.2260 0.7321 1.0000 1.0000 1.0000 0.0009 0.0029 0.0092 0.0299 0.0970 0.3141 1.0000 1.0000 1.0000 1.0000 0.0012 0.0040 0.0128 0.0416 0.1347 0.4364 1.0000 1.0000 1.0000 1.0000 0.0014 1.0000 1.0000 1.0000 1.0000 0.4364 0.1347 0.0416 0.0128 0.0040 0.0012 1.0000 1.0000 1.0000 1.0000 0.3141 0.0970 0.0299 0.0092 0.0029 0.0009 1.0000 1.0000 1.0000 0.7321 0.2260 0.0698 0.0215 0.0066 0.0021 0.0006 1.0000 1.0000 1.0000 0.5258 0.1614 0.0496 0.0152 0.0047 0.0014 1.0000 1.0000 1.0000 1.0000 0.3588 0.1101 0.0338 0.0104 0.0031 0.0011 1.0000
0.0005 0.0034 0.0102 0.0337 0.1095 0.3567 1.0000 1.0000 1.0000 1.0000 0.0014 0.0047 0.0152 0.0494 0.1608 0.5238 1.0000 1.0000 1.0000 0.0006 0.0021 0.0067 0.0217 0.0702 0.2273 0.7362 1.0000 1.0000 1.0000 0.0009 0.0029 0.0093 0.0301 0.0975 0.3158 1.0000 1.0000 1.0000 1.0000 0.0012 0.0040 0.0129 0.0418 0.1355 0.4389 1.0000 1.0000 1.0000 1.0000 0.0020 0.0045 0.0020 1.0000 1.0000 1.0000 1.0000 0.4389 0.1355 0.0418 0.0129 0.0040 0.0012 1.0000 1.0000 1.0000 1.0000 0.3158 0.0975 0.0301 0.0093 0.0029 0.0009 1.0000 1.0000 1.0000 0.7362 0.2273 0.0702 0.0217 0.0067 0.0021 0.0006 1.0000 1.0000 1.0000 0.5238 0.1608 0.0494 0.0152 0.0047 0.0014 1.0000 1.0000 1.0000 1.0000 0.3567 0.1095 0.0337 0.0102 0.0034 0.0005
0.0018 0.0111 0.0330 0.1091 0.3547 1.0000 1.0000 1.0000 1.0000 0.0014 0.0046 0.0151 0.0491 0.1599 0.5208 1.0000 1.0000 1.0000 0.0006 0.0021 0.0067 0.0218 0.0706 0.2286 0.7405 1.0000 1.0000 1.0000 0.0009 0.0029 0.0093 0.0303 0.0981 0.3177 1.0000 1.0000 1.0000 1.0000 0.0012 0.0040 0.0130 0.0421 0.1363 0.4414 1.0000 1.0000 1.0000 1.0000 0.0017 0.0065 0.0146 0.0065 0.0017 1.0000 1.0000 1.0000 1.0000 0.4414 0.1363 0.0421 0.0130 0.0040 0.0012 1.0000 1.0000 1.0000 1.0000 0.3177 0.0981 0.0303 0.0093 0.0029 0.0009 1.0000 1.0000 1.0000 0.7405 0.2286 0.0706 0.0218 0.0067 0.0021 0.0006 1.0000 1.0000 1.0000 0.5208 0.1599 0.0491 0.0151 0.0046 0.0014 1.0000 1.0000 1.0000 1.0000 0.3547 0.1091 0.0330 0.0111 0.0018
0.0057 0.0359 0.1070 0.3534 1.0000 1.0000 1.0000 1.0000 0.0014 0.0046 0.0150 0.0488 0.1590 0.5179 1.0000 1.0000 1.0000 0.0006 0.0021 0.0068 0.0219 0.0710 0.2299 0.7447 1.0000 1.0000 1.0000 0.0009 0.0029 0.0094 0.0304 0.0986 0.3195 1.0000 1.0000 1.0000 1.0000 0.0012 0.0040 0.0131 0.0423 0.1371 0.4439 1.0000 1.0000 1.0000 1.0000 0.0017 0.0056 0.0210 0.0476 0.0210 0.0056 0.0017 1.0000 1.0000 1.0000 1.0000 0.4439 0.1371 0.0423 0.0131 0.0040 0.0012 1.0000 1.0000 1.0000 1.0000 0.3195 0.0986 0.0304 0.0094 0.0029 0.0009 1.0000 1.0000 1.0000 0.7447 0.2299 0.0710 0.0219 0.0068 0.0021 0.0006 1.0000 1.0000 1.0000 0.5179 0.1590 0.0488 0.0150 0.0046 0.0014 1.0000 1.0000 1.0000 1.0000 0.3534 0.1070 0.0359 0.0057
0.0184 0.1162 0.3467 1.0000 1.0000 1.0000 1.0000 0.0014 0.0046 0.0149 0.0485 0.1581 0.5149 1.0000 1.0000 1.0000 0.0006 0.0021 0.0067 0.0219 0.0712 0.2308 0.7490 1.0000 1.0000 1.0000 0.0009 0.0029 0.0095 0.0306 0.0992 0.3213 1.0000 1.0000 1.0000 1.0000 0.0013 0.0041 0.0131 0.0426 0.1378 0.4465 1.0000 1.0000 1.0000 1.0000 0.0017 0.0056 0.0183 0.0685 0.1554 0.0685 0.0183 0.0056 0.0017 1.0000 1.0000 1.0000 1.0000 0.4465 0.1378 0.0426 0.0131 0.0041 0.0013 1.0000 1.0000 1.0000 1.0000 0.3213 0.0992 0.0306 0.0095 0.0029 0.0009 1.0000 1.0000 1.0000 0.7490 0.2308 0.0712 0.0219 0.0067 0.0021 0.0006 1.0000 1.0000 1.0000 0.5149 0.1581 0.0485 0.0149 0.0046 0.0014 1.0000 1.0000 1.0000 1.0000 0.3467 0.1162 0.0184
0.0596 0.3770 1.0000 1.0000 1.0000 1.0000 0.0014 0.0045 0.0148 0.0482 0.1572 0.5120 1.0000 1.0000 1.0000 0.0006 0.0021 0.0067 0.0218 0.0710 0.2308 0.7518 1.0000 1.0000 1.0000 0.0009 0.0029 0.0095 0.0308 0.0998 0.3231 1.0000 1.0000 1.0000 1.0000 0.0013 0.0041 0.0132 0.0428 0.1386 0.4490 1.0000 1.0000 1.0000 1.0000 0.0017 0.0057 0.0183 0.0597 0.2230 0.5052 0.2230 0.0597 0.0183 0.0057 0.0017 1.0000 1.0000 1.0000 1.0000 0.4490 0.1386 0.0428 0.0132 0.0041 0.0013 1.0000 1.0000 1.0000 1.0000 0.3231 0.0998 0.0308 0.0095 0.0029 0.0009 1.0000 1.0000 1.0000 0.7518 0.2308 0.0710 0.0218 0.0067 0.0021 0.0006 1.0000 1.0000 1.0000 0.5120 0.1572 0.0482 0.0148 0.0045 0.0014 1.0000 1.0000 1.0000 1.0000 0.3770 0.0596
0.1930 1.0000 1.0000 1.0000 1.0000 0.0014 0.0045 0.0147 0.0480 0.1563 0.5091 1.0000 1.0000 1.0000 0.0006 0.0020 0.0066 0.0217 0.0706 0.2299 0.7490 1.0000 1.0000 1.0000 0.0009 0.0030 0.0096 0.0310 0.1003 0.3250 1.0000 1.0000 1.0000 1.0000 0.0013 0.0041 0.0133 0.0430 0.1394 0.4516 1.0000 1.0000 1.0000 1.0000 0.0018 0.0057 0.0185 0.0595 0.1945 0.7265 1.0000 0.7265 0.1945 0.0595 0.0185 0.0057 0.0018 1.0000 1.0000 1.0000 1.0000 0.4516 0.1394 0.0430 0.0133 0.0041 0.0013 1.0000 1.0000 1.0000 1.0000 0.3250 0.1003 0.0310 0.0096 0.0030 0.0009 1.0000 1.0000 1.0000 0.7490 0.2299 0.0706 0.0217 0.0066 0.0020 0.0006 1.0000 1.0000 1.0000 0.5091 0.1563 0.0480 0.0147 0.0045 0.0014 1.0000 1.0000 1.0000 1.0000 0.1930
0.6252 1.0000 1.0000 1.0000 0.0014 0.0045 0.0146 0.0477 0.1554 0.5062 1.0000 1.0000 1.0000 0.0006 0.0020 0.0066 0.0215 0.0702 0.2286 0.7447 1.0000 1.0000 1.0000 0.0009 0.0030 0.0096 0.0312 0.1009 0.3268 1.0000 1.0000 1.0000 1.0000 0.0013 0.0041 0.0134 0.0433 0.1402 0.4542 1.0000 1.0000 1.0000 1.0000 0.0018 0.0057 0.0186 0.0602 0.1941 0.6335 1.0000 1.0000 1.0000 0.6335 0.1941 0.0602 0.0186 0.0057 0.0018 1.0000 1.0000 1.0000 1.0000 0.4542 0.1402 0.0433 0.0134 0.0041 0.0013 1.0000 1.0000 1.0000 1.0000 0.3268 0.1009 0.0312 0.0096 0.0030 0.0009 1.0000 1.0000 1.0000 0.7447 0.2286 0.0702 0.0215 0.0066 0.0020 0.0006 1.0000 1.0000 1.0000 0.5062 0.1554 0.0477 0.0146 0.0045 0.0014 1.0000 1.0000 1.0000 0.6252
1.0000 1.0000 1.0000 0.0014 0.0045 0.0146 0.0474 0.1545 0.5033 1.0000 1.0000 1.0000 0.0006 0.0020 0.0066 0.0214 0.0698 0.2273 0.7405 1.0000 1.0000 1.0000 0.0009 0.0030 0.0097 0.0313 0.1015 0.3287 1.0000 1.0000 1.0000 1.0000 0.0013 0.0041 0.0134 0.0435 0.1410 0.4568 1.0000 1.0000 1.0000 1.0000 0.0018 0.0058 0.0187 0.0605 0.1960 0.6311 1.0000 1.0000 1.0000 1.0000 1.0000 0.6311 0.1960 0.0605 0.0187 0.0058 0.0018 1.0000 1.0000 1.0000 1.0000 0.4568 0.1410 0.0435 0.0134 0.0041 0.0013 1.0000 1.0000 1.0000 1.0000 0.3287 0.1015 0.0313 0.0097 0.0030 0.0009 1.0000 1.0000 1.0000 0.7405 0.2273 0.0698 0.0214 0.0066 0.0020 0.0006 1.0000 1.0000 1.0000 0.5033 0.1545 0.0474 0.0146 0.0045 0.0014 1.0000 1.0000 1.0000
1.0000 1.0000 0.0013 0.0045 0.0145 0.0472 0.1536 0.5004 1.0000 1.0000 1.0000 1.0000 0.0020 0.0065 0.0213 0.0694 0.2260 0.7362 1.0000 1.0000 1.0000 0.0009 0.0030 0.0096 0.0313 0.1019 0.3300 1.0000 1.0000 1.0000 1.0000 0.0013 0.0042 0.0135 0.0438 0.1418 0.4594 1.0000 1.0000 1.0000 1.0000 0.0018 0.0058 0.0188 0.0608 0.1971 0.6384 1.0000 1.0000 1.0000 1.0000 1.0000 1.0000 1.0000 0.6384 0.1971 0.0608 0.0188 0.0058 0.0018 1.0000 1.0000 1.0000 1.0000 0.4594 0.1418 0.0438 0.0135 0.0042 0.0013 1.0000 1.0000 1.0000 1.0000 0.3300 0.1019 0.0313 0.0096 0.0030 0.0009 1.0000 1.0000 1.0000 0.7362 0.2260 0.0694 0.0213 0.0065 0.0020 1.0000 1.0000 1.0000 1.0000 0.5004 0.1536 0.0472 0.0145 0.0045 0.0013 1.0000 1.0000
1.0000 0.0015 0.0044 0.0144 0.0469 0.1527 0.4976 1.0000 1.0000 1.0000 1.0000 0.0020 0.0065 0.0212 0.0690 0.2247 0.7321 1.0000 1.0000 1.0000 0.0009 0.0029 0.0096 0.0312 0.1015 0.3300 1.0000 1.0000 1.0000 1.0000 0.0013 0.0042 0.0136 0.0440 0.1426 0.4620 1.0000 1.0000 1.0000 1.0000 0.0018 0.0058 0.0189 0.0612 0.1982 0.6420 1.0000 1.0000 1.0000 0.0009 0.0020 0.0009 1.0000 1.0000 1.0000 0.6420 0.1982 0.0612 0.0189 0.0058 0.0018 1.0000 1.0000 1.0000 1.0000 0.4620 0.1426 0.0440 0.0136 0.0042 0.0013 1.0000 1.0000 1.0000 1.0000 0.3300 0.1015 0.0312 0.0096 0.0029 0.0009 1.0000 1.0000 1.0000 0.7321 0.2247 0.0690 0.0212 0.0065 0.0020 1.0000 1.0000 1.0000 1.0000 0.4976 0.1527 0.0469 0.0144 0.0044 0.0015 1.0000
0.0008 0.0047 0.0141 0.0467 0.1519 0.4948 1.0000 1.0000 1.0000 1.0000 0.0020 0.0065 0.0211 0.0686 0.2234 0.7279 1.0000 1.0000 1.0000 0.0009 0.0029 0.0095 0.0310 0.1009 0.3287 1.0000 1.0000 1.0000 1.0000 0.0013 0.0042 0.0137 0.0443 0.1435 0.4647 1.0000 1.0000 1.0000 1.0000 0.0018 0.0059 0.0190 0.0615 0.1993 0.6457 1.0000 1.0000 1.0000 0.0008 0.0029 0.0066 0.0029 0.0008 1.0000 1.0000 1.0000 0.6457 0.1993 0.0615 0.0190 0.0059 0.0018 1.0000 1.0000 1.0000 1.0000 0.4647 0.1435 0.0443 0.0137 0.0042 0.0013 1.0000 1.0000 1.0000 1.0000 0.3287 0.1009 0.0310 0.0095 0.0029 0.0009 1.0000 1.0000 1.0000 0.7279 0.2234 0.0686 0.0211 0.0065 0.0020 1.0000 1.0000 1.0000 1.0000 0.4948 0.1519 0.0467 0.0141 0.0047 0.0008
0.0024 0.0154 0.0458 0.1513 0.4920 1.0000 1.0000 1.0000 1.0000 0.0020 0.0064 0.0209 0.0682 0.2222 0.7238 1.0000 1.0000 1.0000 0.0009 0.0029 0.0095 0.0308 0.1003 0.3268 1.0000 1.0000 1.0000 1.0000 0.0013 0.0042 0.0138 0.0445 0.1443 0.4673 1.0000 1.0000 1.0000 1.0000 0.0018 0.0059 0.0191 0.0619 0.2005 0.6494 1.0000 1.0000 1.0000 0.0008 0.0025 0.0095 0.0215 0.0095 0.0025 0.0008 1.0000 1.0000 1.0000 0.6494 0.2005 0.0619 0.0191 0.0059 0.0018 1.0000 1.0000 1.0000 1.0000 0.4673 0.1443 0.0445 0.0138 0.0042 0.0013 1.0000 1.0000 1.0000 1.0000 0.3268 0.1003 0.0308 0.0095 0.0029 0.0009 1.0000 1.0000 1.0000 0.7238 0.2222 0.0682 0.0209 0.0064 0.0020 1.0000 1.0000 1.0000 1.0000 0.4920 0.1513 0.0458 0.0154 0.0024
0.0079 0.0498 0.1484 0.4901 1.0000 1.0000 1.0000 1.0000 0.0020 0.0064 0.0208 0.0678 0.2209 0.7196 1.0000 1.0000 1.0000 0.0009 0.0029 0.0094 0.0306 0.0998 0.3250 1.0000 1.0000 1.0000 1.0000 0.0013 0.0042 0.0138 0.0447 0.1451 0.4700 1.0000 1.0000 1.0000 1.0000 0.0018 0.0059 0.0192 0.0622 0.2016 0.6531 1.0000 1.0000 1.0000 0.0008 0.0025 0.0083 0.0309 0.0699 0.0309 0.0083 0.0025 0.0008 1.0000 1.0000 1.0000 0.6531 0.2016 0.0622 0.0192 0.0059 0.0018 1.0000 1.0000 1.0000 1.0000 0.4700 0.1451 0.0447 0.0138 0.0042 0.0013 1.0000 1.0000 1.0000 1.0000 0.3250 0.0998 0.0306 0.0094 0.0029 0.0009 1.0000 1.0000 1.0000 0.7196 0.2209 0.0678 0.0208 0.0064 0.0020 1.0000 1.0000 1.0000 1.0000 0.4901 0.1484 0.0498 0.0079
0.0255 0.1614 0.4809 1.0000 1.0000 1.0000 1.0000 0.0020 0.0064 0.0207 0.0674 0.2196 0.7155 1.0000 1.0000 1.0000 0.0009 0.0029 0.0093 0.0304 0.0992 0.3231 1.0000 1.0000 1.0000 1.0000 0.0013 0.0042 0.0138 0.0447 0.1457 0.4718 1.0000 1.0000 1.0000 1.0000 0.0018 0.0060 0.0193 0.0626 0.2028 0.6569 1.0000 1.0000 1.0000 0.0008 0.0026 0.0082 0.0269 0.1005 0.2282 0.1005 0.0269 0.0082 0.0026 0.0008 1.0000 1.0000 1.0000 0.6569 0.2028 0.0626 0.0193 0.0060 0.0018 1.0000 1.0000 1.0000 1.0000 0.4718 0.1457 0.0447 0.0138 0.0042 0.0013 1.0000 1.0000 1.0000 1.0000 0.3231 0.0992 0.0304 0.0093 0.0029 0.0009 1.0000 1.0000 1.0000 0.7155 0.2196 0.0674 0.0207 0.0064 0.0020 1.0000 1.0000 1.0000 1.0000 0.4809 0.1614 0.0255
0.0826 0.5228 1.0000 1.0000 1.0000 1.0000 0.0019 0.0063 0.0206 0.0670 0.2184 0.7115 1.0000 1.0000 1.0000 0.0009 0.0029 0.0093 0.0303 0.0986 0.3213 1.0000 1.0000 1.0000 1.0000 0.0013 0.0042 0.0137 0.0445 0.1451 0.4718 1.0000 1.0000 1.0000 1.0000 0.0019 0.0060 0.0194 0.0630 0.2039 0.6606 1.0000 1.0000 1.0000 0.0008 0.0026 0.0083 0.0269 0.0877 0.3275 0.7419 0.3275 0.0877 0.0269 0.0083 0.0026 0.0008 1.0000 1.0000 1.0000 0.6606 0.2039 0.0630 0.0194 0.0060 0.0019 1.0000 1.0000 1.0000 1.0000 0.4718 0.1451 0.0445 0.0137 0.0042 0.0013 1.0000 1.0000 1.0000 1.0000 0.3213 0.0986 0.0303 0.0093 0.0029 0.0009 1.0000 1.0000 1.0000 0.7115 0.2184 0.0670 0.0206 0.0063 0.0019 1.0000 1.0000 1.0000 1.0000 0.5228 0.0826
0.2677 1.0000 1.0000 1.0000 1.0000 0.0019 0.0063 0.0205 0.0667 0.2172 0.7074 1.0000 1.0000 1.0000 0.0009 0.0028 0.0092 0.0301 0.0981 0.3195 1.0000 1.0000 1.0000 1.0000 0.0013 0.0042 0.0136 0.0443 0.1443 0.4700 1.0000 1.0000 1.0000 1.0000 0.0019 0.0060 0.0195 0.0633 0.2051 0.6644 1.0000 1.0000 1.0000 0.0008 0.0026 0.0084 0.0271 0.0875 0.2856 1.0000 1.0000 1.0000 0.2856 0.0875 0.0271 0.0084 0.0026 0.0008 1.0000 1.0000 1.0000 0.6644 0.2051 0.0633 0.0195 0.0060 0.0019 1.0000 1.0000 1.0000 1.0000 0.4700 0.1443 0.0443 0.0136 0.0042 0.0013 1.0000 1.0000 1.0000 1.0000 0.3195 0.0981 0.0301 0.0092 0.0028 0.0009 1.0000 1.0000 1.0000 0.7074 0.2172 0.0667 0.0205 0.0063 0.0019 1.0000 1.0000 1.0000 1.0000 0.2677
0.8671 1.0000 1.0000 1.0000 0.0019 0.0062 0.0203 0.0663 0.2159 0.7034 1.0000 1.0000 1.0000 0.0009 0.0028 0.0092 0.0299 0.0975 0.3177 1.0000 1.0000 1.0000 1.0000 0.0013 0.0041 0.0135 0.0440 0.1435 0.4673 1.0000 1.0000 1.0000 1.0000 0.0019 0.0061 0.0197 0.0637 0.2063 0.6682 1.0000 1.0000 1.0000 0.0008 0.0026 0.0084 0.0273 0.0883 0.2850 0.9303 1.0000 1.0000 1.0000 0.9303 0.2850 0.0883 0.0273 0.0084 0.0026 0.0008 1.0000 1.0000 1.0000 0.6682 0.2063 0.0637 0.0197 0.0061 0.0019 1.0000 1.0000 1.0000 1.0000 0.4673 0.1435 0.0440 0.0135 0.0041 0.0013 1.0000 1.0000 1.0000 1.0000 0.3177 0.0975 0.0299 0.0092 0.0028 0.0009 1.0000 1.0000 1.0000 0.7034 0.2159 0.0663 0.0203 0.0062 0.0019 1.0000 1.0000 1.0000 0.8671
1.0000 1.0000 1.0000 0.0019 0.0062 0.0202 0.0659 0.2147 0.6994 1.0000 1.0000 1.0000 0.0009 0.0028 0.0091 0.0298 0.0970 0.3158 1.0000 1.0000 1.0000 1.0000 0.0013 0.0041 0.0134 0.0438 0.1426 0.4647 1.0000 1.0000 1.0000 1.0000 0.0019 0.0061 0.0197 0.0639 0.2075 0.6720 1.0000 1.0000 1.0000 0.0008 0.0026 0.0085 0.0274 0.0888 0.2877 0.9285 1.0000 1.0000 1.0000 1.0000 1.0000 0.9285 0.2877 0.0888 0.0274 0.0085 0.0026 0.0008 1.0000 1.0000 1.0000 0.6720 0.2075 0.0639 0.0197 0.0061 0.0019 1.0000 1.0000 1.0000 1.0000 0.4647 0.1426 0.0438 0.0134 0.0041 0.0013 1.0000 1.0000 1.0000 1.0000 0.3158 0.0970 0.0298 0.0091 0.0028 0.0009 1.0000 1.0000 1.0000 0.6994 0.2147 0.0659 0.0202 0.0062 0.0019 1.0000 1.0000 1.0000
1.0000 1.0000 0.0019 0.0062 0.0201 0.0655 0.2135 0.6954 1.0000 1.0000 1.0000 0.0009 0.0028 0.0091 0.0296 0.0964 0.3141 1.0000 1.0000 1.0000 1.0000 0.0013 0.0041 0.0134 0.0435 0.1418 0.4620 1.0000 1.0000 1.0000 1.0000 0.0019 0.0060 0.0197 0.0639 0.2083 0.6746 1.0000 1.0000 1.0000 0.0008 0.0026 0.0085 0.0276 0.0893 0.2894 0.9374 1.0000 1.0000 1.0000 0.0009 1.0000 1.0000 1.0000 0.9374 0.2894 0.0893 0.0276 0.0085 0.0026 0.0008 1.0000 1.0000 1.0000 0.6746 0.2083 0.0639 0.0197 0.0060 0.0019 1.0000 1.0000 1.0000 1.0000 0.4620 0.1418 0.0435 0.0134 0.0041 0.0013 1.0000 1.0000 1.0000 1.0000 0.3141 0.0964 0.0296 0.0091 0.0028 0.0009 1.0000 1.0000 1.0000 0.6954 0.2135 0.0655 0.0201 0.0062 0.0019 1.0000 1.0000
1.0000 0.0020 0.0061 0.0200 0.0652 0.2123 0.6915 1.0000 1.0000 1.0000 0.0009 0.0028 0.0090 0.0294 0.0959 0.3123 1.0000 1.0000 1.0000 1.0000 0.0013 0.0041 0.0133 0.0433 0.1410 0.4594 1.0000 1.0000 1.0000 1.0000 0.0018 0.0060 0.0195 0.0637 0.2075 0.6746 1.0000 1.0000 1.0000 0.0008 0.0026 0.0086 0.0277 0.0899 0.2910 0.9427 1.0000 1.0000 1.0000 0.0013 0.0030 0.0013 1.0000 1.0000 1.0000 0.9427 0.2910 0.0899 0.0277 0.0086 0.0026 0.0008 1.0000 1.0000 1.0000 0.6746 0.2075 0.0637 0.0195 0.0060 0.0018 1.0000 1.0000 1.0000 1.0000 0.4594 0.1410 0.0433 0.0133 0.0041 0.0013 1.0000 1.0000 1.0000 1.0000 0.3123 0.0959 0.0294 0.0090 0.0028 0.0009 1.0000 1.0000 1.0000 0.6915 0.2123 0.0652 0.0200 0.0061 0.0020 1.0000
0.0010 0.0066 0.0197 0.0649 0.2110 0.6875 1.0000 1.0000 1.0000 0.0008 0.0028 0.0090 0.0293 0.0953 0.3105 1.0000 1.0000 1.0000 1.0000 0.0012 0.0041 0.0132 0.0430 0.1402 0.4568 1.0000 1.0000 1.0000 1.0000 0.0018 0.0060 0.0194 0.0633 0.2063 0.6720 1.0000 1.0000 1.0000 0.0008 0.0027 0.0086 0.0279 0.0904 0.2927 0.9481 1.0000 1.0000 1.0000 0.0011 0.0043 0.0097 0.0043 0.0011 1.0000 1.0000 1.0000 0.9481 0.2927 0.0904 0.0279 0.0086 0.0027 0.0008 1.0000 1.0000 1.0000 0.6720 0.2063 0.0633 0.0194 0.0060 0.0018 1.0000 1.0000 1.0000 1.0000 0.4568 0.1402 0.0430 0.0132 0.0041 0.0012 1.0000 1.0000 1.0000 1.0000 0.3105 0.0953 0.0293 0.0090 0.0028 0.0008 1.0000 1.0000 1.0000 0.6875 0.2110 0.0649 0.0197 0.0066 0.0010
0.0034 0.0214 0.0637 0.2102 0.6836 1.0000 1.0000 1.0000 0.0008 0.0027 0.0089 0.0291 0.0948 0.3087 1.0000 1.0000 1.0000 1.0000 0.0012 0.0040 0.0131 0.0428 0.1394 0.4542 1.0000 1.0000 1.0000 1.0000 0.0018 0.0059 0.0193 0.0630 0.2051 0.6682 1.0000 1.0000 1.0000 0.0008 0.0027 0.0086 0.0281 0.0909 0.2944 0.9536 1.0000 1.0000 1.0000 0.0011 0.0037 0.0139 0.0316 0.0139 0.0037 0.0011 1.0000 1.0000 1.0000 0.9536 0.2944 0.0909 0.0281 0.0086 0.0027 0.0008 1.0000 1.0000 1.0000 0.6682 0.2051 0.0630 0.0193 0.0059 0.0018 1.0000 1.0000 1.0000 1.0000 0.4542 0.1394 0.0428 0.0131 0.0040 0.0012 1.0000 1.0000 1.0000 1.0000 0.3087 0.0948 0.0291 0.0089 0.0027 0.0008 1.0000 1.0000 1.0000 0.6836 0.2102 0.0637 0.0214 0.0034
0.0109 0.0692 0.2063 0.6810 1.0000 1.0000 1.0000 0.0008 0.0027 0.0089 0.0289 0.0942 0.3070 1.0000 1.0000 1.0000 1.0000 0.0012 0.0040 0.0131 0.0426 0.1386 0.4516 1.0000 1.0000 1.0000 1.0000 0.0018 0.0059 0.0192 0.0626 0.2039 0.6644 1.0000 1.0000 1.0000 0.0008 0.0027 0.0086 0.0282 0.0912 0.2961 0.9590 1.0000 1.0000 1.0000 0.0012 0.0037 0.0122 0.0454 0.1028 0.0454 0.0122 0.0037 0.0012 1.0000 1.0000 1.0000 0.9590 0.2961 0.0912 0.0282 0.0086 0.0027 0.0008 1.0000 1.0000 1.0000 0.6644 0.2039 0.0626 0.0192 0.0059 0.0018 1.0000 1.0000 1.0000 1.0000 0.4516 0.1386 0.0426 0.0131 0.0040 0.0012 1.0000 1.0000 1.0000 1.0000 0.3070 0.0942 0.0289 0.0089 0.0027 0.0008 1.0000 1.0000 1.0000 0.6810 0.2063 0.0692 0.0109
0.0355 0.2243 0.6682 1.0000 1.0000 1.0000 0.0008 0.0027 0.0088 0.0288 0.0937 0.3052 0.9943 1.0000 1.0000 1.0000 0.0012 0.0040 0.0130 0.0423 0.1378 0.4490 1.0000 1.0000 1.0000 1.0000 0.0018 0.0059 0.0191 0.0622 0.2028 0.6606 1.0000 1.0000 1.0000 0.0008 0.0026 0.0086 0.0281 0.0912 0.2972 0.9627 1.0000 1.0000 1.0000 0.0012 0.0038 0.0121 0.0396 0.1479 0.3357 0.1479 0.0396 0.0121 0.0038 0.0012 1.0000 1.0000 1.0000 0.9627 0.2972 0.0912 0.0281 0.0086 0.0026 0.0008 1.0000 1.0000 1.0000 0.6606 0.2028 0.0622 0.0191 0.0059 0.0018 1.0000 1.0000 1.0000 1.0000 0.4490 0.1378 0.0423 0.0130 0.0040 0.0012 1.0000 1.0000 1.0000 0.9943 0.3052 0.0937 0.0288 0.0088 0.0027 0.0008 1.0000 1.0000 1.0000 0.6682 0.2243 0.0355
0.1148 0.7265 1.0000 1.0000 1.0000 0.0008 0.0027 0.0088 0.0286 0.0932 0.3035 0.9887 1.0000 1.0000 1.0000 0.0012 0.0040 0.0129 0.0421 0.1371 0.4465 1.0000 1.0000 1.0000 1.0000 0.0018 0.0058 0.0190 0.0619 0.2016 0.6569 1.0000 1.0000 1.0000 0.0008 0.0026 0.0086 0.0279 0.0909 0.2961 0.9627 1.0000 1.0000 1.0000 0.0012 0.0038 0.0122 0.0395 0.1290 0.4818 1.0000 0.4818 0.1290 0.0395 0.0122 0.0038 0.0012 1.0000 1.0000 1.0000 0.9627 0.2961 0.0909 0.0279 0.0086 0.0026 0.0008 1.0000 1.0000 1.0000 0.6569 0.2016 0.0619 0.0190 0.0058 0.0018 1.0000 1.0000 1.0000 1.0000 0.4465 0.1371 0.0421 0.0129 0.0040 0.0012 1.0000 1.0000 1.0000 0.9887 0.3035 0.0932 0.0286 0.0088 0.0027 0.0008 1.0000 1.0000 1.0000 0.7265 0.1148
0.3720 1.0000 1.0000 1.0000 0.0008 0.0027 0.0087 0.0284 0.0926 0.3018 0.9830 1.0000 1.0000 1.0000 0.0012 0.0039 0.0128 0.0418 0.1363 0.4439 1.0000 1.0000 1.0000 1.0000 0.0018 0.0058 0.0189 0.0615 0.2005 0.6531 1.0000 1.0000 1.0000 0.0008 0.0026 0.0085 0.0277 0.0904 0.2944 0.9590 1.0000 1.0000 1.0000 0.0012 0.0038 0.0123 0.0399 0.1287 0.4201 1.0000 1.0000 1.0000 0.4201 0.1287 0.0399 0.0123 0.0038 0.0012 1.0000 1.0000 1.0000 0.9590 0.2944 0.0904 0.0277 0.0085 0.0026 0.0008 1.0000 1.0000 1.0000 0.6531 0.2005 0.0615 0.0189 0.0058 0.0018 1.0000 1.0000 1.0000 1.0000 0.4439 0.1363 0.0418 0.0128 0.0039 0.0012 1.0000 1.0000 1.0000 0.9830 0.3018 0.0926 0.0284 0.0087 0.0027 0.0008 1.0000 1.0000 1.0000 0.3720
1.0000 1.0000 1.0000 0.0008 0.0027 0.0087 0.0283 0.0921 0.3000 0.9774 1.0000 1.0000 1.0000 0.0012 0.0039 0.0128 0.0416 0.1355 0.4414 1.0000 1.0000 1.0000 1.0000 0.0018 0.0058 0.0188 0.0612 0.1993 0.6494 1.0000 1.0000 1.0000 0.0008 0.0026 0.0085 0.0276 0.0899 0.2927 0.9536 1.0000 1.0000 1.0000 0.0012 0.0038 0.0124 0.0401 0.1299 0.4193 1.0000 1.0000 1.0000 1.0000 1.0000 0.4193 0.1299 0.0401 0.0124 0.0038 0.0012 1.0000 1.0000 1.0000 0.9536 0.2927 0.0899 0.0276 0.0085 0.0026 0.0008 1.0000 1.0000 1.0000 0.6494 0.1993 0.0612 0.0188 0.0058 0.0018 1.0000 1.0000 1.0000 1.0000 0.4414 0.1355 0.0416 0.0128 0.0039 0.0012 1.0000 1.0000 1.0000 0.9774 0.3000 0.0921 0.0283 0.0087 0.0027 0.0008 1.0000 1.0000 1.0000
1.0000 1.0000 0.0008 0.0027 0.0086 0.0281 0.0916 0.2983 0.9719 1.0000 1.0000 1.0000 0.0012 0.0039 0.0127 0.0414 0.1347 0.4389 1.0000 1.0000 1.0000 1.0000 0.0018 0.0057 0.0187 0.0608 0.1982 0.6457 1.0000 1.0000 1.0000 0.0008 0.0026 0.0084 0.0274 0.0893 0.2910 0.9481 1.0000 1.0000 1.0000 0.0012 0.0038 0.0124 0.0403 0.1304 0.4233 1.0000 1.0000 1.0000 1.0000 1.0000 1.0000 1.0000 0.4233 0.1304 0.0403 0.0124 0.0038 0.0012 1.0000 1.0000 1.0000 0.9481 0.2910 0.0893 0.0274 0.0084 0.0026 0.0008 1.0000 1.0000 1.0000 0.6457 0.1982 0.0608 0.0187 0.0057 0.0018 1.0000 1.0000 1.0000 1.0000 0.4389 0.1347 0.0414 0.0127 0.0039 0.0012 1.0000 1.0000 1.0000 0.9719 0.2983 0.0916 0.0281 0.0086 0.0027 0.0008 1.0000 1.0000
1.0000 0.0009 0.0026 0.0086 0.0280 0.0911 0.2966 0.9663 1.0000 1.0000 1.0000 0.0012 0.0039 0.0126 0.0411 0.1340 0.4364 1.0000 1.0000 1.0000 1.0000 0.0017 0.0057 0.0186 0.0605 0.1971 0.6420 1.0000 1.0000 1.0000 0.0008 0.0026 0.0084 0.0273 0.0888 0.2894 0.9427 1.0000 1.0000 1.0000 0.0012 0.0038 0.0123 0.0401 0.1304 0.4249 1.0000 1.0000 1.0000 1.0000 0.0013 1.0000 1.0000 1.0000 1.0000 0.4249 0.1304 0.0401 0.0123 0.0038 0.0012 1.0000 1.0000 1.0000 0.9427 0.2894 0.0888 0.0273 0.0084 0.0026 0.0008 1.0000 1.0000 1.0000 0.6420 0.1971 0.0605 0.0186 0.0057 0.0017 1.0000 1.0000 1.0000 1.0000 0.4364 0.1340 0.0411 0.0126 0.0039 0.0012 1.0000 1.0000 1.0000 0.9663 0.2966 0.0911 0.0280 0.0086 0.0026 0.0009 1.0000
0.0004 0.0028 0.0084 0.0278 0.0905 0.2949 0.9608 1.0000 1.0000 1.0000 0.0012 0.0039 0.0126 0.0409 0.1332 0.4339 1.0000 1.0000 1.0000 1.0000 0.0017 0.0057 0.0185 0.0602 0.1960 0.6384 1.0000 1.0000 1.0000 0.0008 0.0026 0.0083 0.0271 0.0883 0.2877 0.9374 1.0000 1.0000 1.0000 0.0012 0.0038 0.0122 0.0399 0.1299 0.4233 1.0000 1.0000 1.0000 1.0000 0.0019 0.0044 0.0019 1.0000 1.0000 1.0000 1.0000 0.4233 0.1299 0.0399 0.0122 0.0038 0.0012 1.0000 1.0000 1.0000 0.9374 0.2877 0.0883 0.0271 0.0083 0.0026 0.0008 1.0000 1.0000 1.0000 0.6384 0.1960 0.0602 0.0185 0.0057 0.0017 1.0000 1.0000 1.0000 1.0000 0.4339 0.1332 0.0409 0.0126 0.0039 0.0012 1.0000 1.0000 1.0000 0.9608 0.2949 0.0905 0.0278 0.0084 0.0028 0.0004
0.0014 0.0092 0.0273 0.0902 0.2933 0.9554 1.0000 1.0000 1.0000 0.0012 0.0038 0.0125 0.0407 0.1324 0.4315 1.0000 1.0000 1.0000 1.0000 0.0017 0.0056 0.0184 0.0598 0.1948 0.6347 1.0000 1.0000 1.0000 0.0008 0.0025 0.0083 0.0270 0.0878 0.2861 0.9321 1.0000 1.0000 1.0000 0.0011 0.0037 0.0122 0.0397 0.1292 0.4209 1.0000 1.0000 1.0000 1.0000 0.0017 0.0063 0.0142 0.0063 0.0017 1.0000 1.0000 1.0000 1.0000 0.4193 0.1287 0.0395 0.0121 0.0037 0.0011 1.0000 1.0000 1.0000 0.9285 0.2850 0.0875 0.0269 0.0082 0.0025 0.0008 1.0000 1.0000 1.0000 0.6311 0.1941 0.0595 0.0183 0.0056 0.0017 1.0000 1.0000 1.0000 1.0000 0.4298 0.1319 0.0405 0.0124 0.0038 0.0012 1.0000 1.0000 1.0000 0.9518 0.2922 0.0897 0.0272 0.0091 0.0014
0.0047 0.0297 0.0885 0.2922 0.9499 1.0000 1.0000 1.0000 0.0012 0.0038 0.0124 0.0404 0.1317 0.4290 1.0000 1.0000 1.0000 1.0000 0.0017 0.0056 0.0183 0.0595 0.1937 0.6311 1.0000 1.0000 1.0000 0.0008 0.0025 0.0082 0.0268 0.0873 0.2845 0.9267 1.0000 1.0000 1.0000 0.0011 0.0037 0.0121 0.0394 0.1285 0.4185 1.0000 1.0000 1.0000 1.0000 0.0017 0.0055 0.0204 0.0465 0.0207 0.0055 0.0017 1.0000 1.0000 1.0000 1.0000 0.4201 0.1290 0.0396 0.0122 0.0037 0.0011 1.0000 1.0000 1.0000 0.9303 0.2856 0.0877 0.0269 0.0083 0.0025 0.0008 1.0000 1.0000 1.0000 0.6335 0.1945 0.0597 0.0183 0.0056 0.0017 1.0000 1.0000 1.0000 1.0000 0.4306 0.1322 0.0406 0.0125 0.0038 0.0012 1.0000 1.0000 1.0000 0.9536 0.2933 0.0890 0.0298 0.0048
0.0152 0.0960 0.2867 0.9463 1.0000 1.0000 1.0000 0.0012 0.0038 0.0123 0.0402 0.1309 0.4266 1.0000 1.0000 1.0000 1.0000 0.0017 0.0056 0.0182 0.0591 0.1926 0.6275 1.0000 1.0000 1.0000 0.0008 0.0025 0.0082 0.0267 0.0868 0.2829 0.9215 1.0000 1.0000 1.0000 0.0011 0.0037 0.0120 0.0392 0.1277 0.4161 1.0000 1.0000 1.0000 1.0000 0.0017 0.0054 0.0176 0.0662 0.1608 0.0805 0.0211 0.0063 0.0019 1.0000 1.0000 1.0000 1.0000 0.4818 0.1479 0.0454 0.0139 0.0043 0.0013 1.0000 1.0000 1.0000 1.0000 0.3275 0.1005 0.0309 0.0095 0.0029 0.0009 1.0000 1.0000 1.0000 0.7265 0.2230 0.0685 0.0210 0.0065 0.0020 1.0000 1.0000 1.0000 1.0000 0.4938 0.1516 0.0465 0.0143 0.0044 0.0013 1.0000 1.0000 1.0000 1.0000 0.3325 0.1120 0.0177
0.0493 0.3117 0.9285 1.0000 1.0000 1.0000 0.0012 0.0038 0.0123 0.0400 0.1302 0.4241 1.0000 1.0000 1.0000 1.0000 0.0017 0.0055 0.0180 0.0588 0.1915 0.6240 1.0000 1.0000 1.0000 0.0008 0.0025 0.0081 0.0265 0.0863 0.2813 0.9162 1.0000 1.0000 1.0000 0.0011 0.0037 0.0120 0.0390 0.1270 0.4138 1.0000 1.0000 1.0000 1.0000 0.0017 0.0054 0.0175 0.0571 0.2406 0.4620 0.1193 0.0466 0.0146 0.0044 0.0013 1.0000 1.0000 1.0000 1.0000 0.3357 0.1028 0.0316 0.0097 0.0030 0.0009 1.0000 1.0000 1.0000 0.7419 0.2282 0.0699 0.0215 0.0066 0.0020 1.0000 1.0000 1.0000 1.0000 0.5052 0.1554 0.0476 0.0146 0.0045 0.0014 1.0000 1.0000 1.0000 1.0000 0.3434 0.1056 0.0324 0.0100 0.0030 0.0009 1.0000 1.0000 1.0000 0.7561 0.2553 0.0426
0.1596 1.0000 1.0000 1.0000 1.0000 0.0011 0.0037 0.0122 0.0397 0.1295 0.4217 1.0000 1.0000 1.0000 1.0000 0.0017 0.0055 0.0179 0.0585 0.1904 0.6204 1.0000 1.0000 1.0000 0.0008 0.0025 0.0081 0.0264 0.0858 0.2797 0.9110 1.0000 1.0000 1.0000 0.0011 0.0037 0.0119 0.0388 0.1263 0.4114 1.0000 1.0000 1.0000 1.0000 0.0016 0.0054 0.0175 0.0566 0.1952 0.7706 0.2765 0.0178 0.0198 0.0066 0.0019 1.0000 1.0000 1.0000 1.0000 0.4818 0.1479 0.0454 0.0139 0.0043 0.0013 1.0000 1.0000 1.0000 1.0000 0.3275 0.1005 0.0309 0.0095 0.0029 0.0009 1.0000 1.0000 1.0000 0.7265 0.2230 0.0685 0.0210 0.0065 0.0020 1.0000 1.0000 1.0000 1.0000 0.4938 0.1516 0.0465 0.0143 0.0044 0.0013 1.0000 1.0000 1.0000 1.0000 0.3325 0.1120 0.0177
0.5139 1.0000 1.0000 1.0000 0.0011 0.0037 0.0121 0.0393 0.1280 0.4169 1.0000 1.0000 1.0000 1.0000 0.0017 0.0054 0.0177 0.0578 0.1883 0.6134 1.0000 1.0000 1.0000 0.0008 0.0025 0.0080 0.0261 0.0849 0.2765 0.9007 1.0000 1.0000 1.0000 0.0011 0.0036 0.0118 0.0383 0.1249 0.4068 1.0000 1.0000 1.0000 1.0000 0.0016 0.0053 0.0173 0.0564 0.1830 0.6204 1.0000 1.0000 0.0012 0.0059 0.0019 1.0000 1.0000 1.0000 1.0000 0.4201 0.1290 0.0396 0.0122 0.0037 0.0011 1.0000 1.0000 1.0000 0.9303 0.2856 0.0877 0.0269 0.0083 0.0025 0.0008 1.0000 1.0000 1.0000 0.6335 0.1945 0.0597 0.0183 0.0056 0.0017 1.0000 1.0000 1.0000 1.0000 0.4306 0.1322 0.0406 0.0125 0.0038 0.0012 1.0000 1.0000 1.0000 0.9536 0.2933 0.0890 0.0298 0.0048
1.0000 1.0000 1.0000 0.0011 0.0037 0.0122 0.0396 0.1290 0.4201 1.0000 1.0000 1.0000 1.0000 0.0017 0.0055 0.0179 0.0582 0.1897 0.6181 1.0000 1.0000 1.0000 0.0008 0.0025 0.0081 0.0263 0.0857 0.2791 0.9093 1.0000 1.0000 1.0000 0.0011 0.0036 0.0119 0.0387 0.1261 0.4106 1.0000 1.0000 1.0000 1.0000 0.0016 0.0054 0.0174 0.0568 0.1847 0.6030 1.0000 1.0000 1.0000 0.0022 0.0024 1.0000 1.0000 1.0000 1.0000 0.4193 0.1287 0.0395 0.0121 0.0037 0.0011 1.0000 1.0000 1.0000 0.9285 0.2850 0.0875 0.0269 0.0082 0.0025 0.0008 1.0000 1.0000 1.0000 0.6311 0.1941 0.0595 0.0183 0.0056 0.0017 1.0000 1.0000 1.0000 1.0000 0.4298 0.1319 0.0405 0.0124 0.0038 0.0012 1.0000 1.0000 1.0000 0.9518 0.2922 0.0897 0.0272 0.0091 0.0014
1.0000 1.0000 0.0013 0.0044 0.0144 0.0469 0.1525 0.4967 1.0000 1.0000 1.0000 1.0000 0.0020 0.0065 0.0211 0.0688 0.2243 0.7307 1.0000 1.0000 1.0000 0.0009 0.0029 0.0095 0.0311 0.1013 0.3300 1.0000 1.0000 1.0000 1.0000 0.0013 0.0043 0.0140 0.0457 0.1490 0.4854 1.0000 1.0000 1.0000 1.0000 0.0019 0.0063 0.0206 0.0672 0.2188 0.7142 1.0000 1.0000 1.0000 0.0010 0.0022 1.0000 1.0000 1.0000 1.0000 0.4233 0.1299 0.0399 0.0122 0.0038 0.0012 1.0000 1.0000 1.0000 0.9374 0.2877 0.0883 0.0271 0.0083 0.0026 0.0008 1.0000 1.0000 1.0000 0.6384 0.1960 0.0602 0.0185 0.0057 0.0017 1.0000 1.0000 1.0000 1.0000 0.4339 0.1332 0.0409 0.0126 0.0039 0.0012 1.0000 1.0000 1.0000 0.9608 0.2949 0.0905 0.0278 0.0084 0.0028 0.0004
1.0000 1.0000 0.0025 0.0082 0.0268 0.0872 0.2834 0.9232 1.0000 1.0000 1.0000 0.0011 0.0037 0.0121 0.0393 0.1280 0.4169 1.0000 1.0000 1.0000 1.0000 0.0017 0.0054 0.0177 0.0578 0.1883 0.6134 1.0000 1.0000 1.0000 1.0000 0.0025 0.0080 0.0261 0.0850 0.2770 0.9024 1.0000 1.0000 1.0000 0.0011 0.0036 0.0118 0.0383 0.1246 0.4060 1.0000 1.0000 1.0000 1.0000 0.0014 1.0000 1.0000 1.0000 1.0000 0.4249 0.1304 0.0401 0.0123 0.0038 0.0012 1.0000 1.0000 1.0000 0.9427 0.2894 0.0888 0.0273 0.0084 0.0026 0.0008 1.0000 1.0000 1.0000 0.6420 0.1971 0.0605 0.0186 0.0057 0.0017 1.0000 1.0000 1.0000 1.0000 0.4364 0.1340 0.0411 0.0126 0.0039 0.0012 1.0000 1.0000 1.0000 0.9663 0.2966 0.0911 0.0280 0.0086 0.0026 0.0009 1.0000
