1.0000 1.0000 0.0005 0.0016 0.0051 0.0164 0.0531 0.1719 0.5567 1.0000 1.0000 1.0000 0.0007 0.0022 0.0070 0.0228 0.0737 0.2388 0.7736 1.0000 1.0000 1.0000 0.0009 0.0030 0.0098 0.0316 0.1025 0.3319 1.0000 1.0000 1.0000 0.0004 0.0013 0.0042 0.0136 0.0440 0.1424 0.4611 1.0000 1.0000 1.0000 0.0006 0.0018 0.0058 0.0188 0.0610 0.1975 0.6372 1.0000 1.0000 1.0000 1.0000 1.0000 0.6372 0.1975 0.0610 0.0188 0.0058 0.0018 0.0006 1.0000 1.0000 1.0000 0.4611 0.1424 0.0440 0.0136 0.0042 0.0013 0.0004 1.0000 1.0000 1.0000 0.3319 0.1025 0.0316 0.0098 0.0030 0.0009 1.0000 1.0000 1.0000 0.7736 0.2388 0.0737 0.0228 0.0070 0.0022 0.0007 1.0000 1.0000 1.0000 0.5567 0.1719 0.0531 0.0164 0.0051 0.0016 0.0005 1.0000 1.0000
1.0000 0.0010 0.0030 0.0099 0.0319 0.1036 0.3357 1.0000 1.0000 1.0000 1.0000 0.0013 0.0042 0.0137 0.0445 0.1440 0.4664 1.0000 1.0000 1.0000 1.0000 0.0018 0.0059 0.0191 0.0618 0.2001 0.6482 1.0000 1.0000 1.0000 0.0008 0.0025 0.0082 0.0265 0.0857 0.2781 0.8990 1.0000 1.0000 1.0000 0.0011 0.0035 0.0113 0.0368 0.1191 0.3857 1.0000 1.0000 1.0000 1.0000 0.0012 1.0000 1.0000 1.0000 1.0000 0.3857 0.1191 0.0368 0.0113 0.0035 0.0011 1.0000 1.0000 1.0000 0.8990 0.2781 0.0857 0.0265 0.0082 0.0025 0.0008 1.0000 1.0000 1.0000 0.6482 0.2001 0.0618 0.0191 0.0059 0.0018 1.0000 1.0000 1.0000 1.0000 0.4664 0.1440 0.0445 0.0137 0.0042 0.0013 1.0000 1.0000 1.0000 1.0000 0.3357 0.1036 0.0319 0.0099 0.0030 0.0010 1.0000
0.0005 0.0030 0.0090 0.0294 0.0953 0.3087 1.0000 1.0000 1.0000 1.0000 0.0012 0.0039 0.0126 0.0409 0.1324 0.4290 1.0000 1.0000 1.0000 1.0000 0.0017 0.0054 0.0175 0.0568 0.1840 0.5961 1.0000 1.0000 1.0000 0.0007 0.0023 0.0075 0.0244 0.0790 0.2557 0.8284 1.0000 1.0000 1.0000 0.0010 0.0032 0.0104 0.0338 0.1095 0.3547 1.0000 1.0000 1.0000 1.0000 0.0016 0.0036 0.0016 1.0000 1.0000 1.0000 1.0000 0.3547 0.1095 0.0338 0.0104 0.0032 0.0010 1.0000 1.0000 1.0000 0.8284 0.2557 0.0790 0.0244 0.0075 0.0023 0.0007 1.0000 1.0000 1.0000 0.5961 0.1840 0.0568 0.0175 0.0054 0.0017 1.0000 1.0000 1.0000 1.0000 0.4290 0.1324 0.0409 0.0126 0.0039 0.0012 1.0000 1.0000 1.0000 1.0000 0.3087 0.0953 0.0294 0.0090 0.0030 0.0005
0.0016 0.0099 0.0294 0.0970 0.3141 1.0000 1.0000 1.0000 1.0000 0.0012 0.0040 0.0129 0.0417 0.1350 0.4372 1.0000 1.0000 1.0000 1.0000 0.0017 0.0055 0.0179 0.0579 0.1876 0.6076 1.0000 1.0000 1.0000 0.0007 0.0024 0.0077 0.0248 0.0805 0.2606 0.8443 1.0000 1.0000 1.0000 0.0010 0.0033 0.0106 0.0345 0.1116 0.3615 1.0000 1.0000 1.0000 1.0000 0.0014 0.0053 0.0120 0.0053 0.0014 1.0000 1.0000 1.0000 1.0000 0.3615 0.1116 0.0345 0.0106 0.0033 0.0010 1.0000 1.0000 1.0000 0.8443 0.2606 0.0805 0.0248 0.0077 0.0024 0.0007 1.0000 1.0000 1.0000 0.6076 0.1876 0.0579 0.0179 0.0055 0.0017 1.0000 1.0000 1.0000 1.0000 0.4372 0.1350 0.0417 0.0129 0.0040 0.0012 1.0000 1.0000 1.0000 1.0000 0.3141 0.0970 0.0294 0.0099 0.0016
0.0051 0.0319 0.0953 0.3141 1.0000 1.0000 1.0000 1.0000 0.0012 0.0040 0.0129 0.0418 0.1355 0.4389 1.0000 1.0000 1.0000 1.0000 0.0017 0.0055 0.0179 0.0581 0.1883 0.6099 1.0000 1.0000 1.0000 0.0007 0.0024 0.0077 0.0249 0.0808 0.2616 0.8475 1.0000 1.0000 1.0000 0.0010 0.0033 0.0107 0.0346 0.1120 0.3629 1.0000 1.0000 1.0000 1.0000 0.0014 0.0046 0.0172 0.0390 0.0172 0.0046 0.0014 1.0000 1.0000 1.0000 1.0000 0.3629 0.1120 0.0346 0.0107 0.0033 0.0010 1.0000 1.0000 1.0000 0.8475 0.2616 0.0808 0.0249 0.0077 0.0024 0.0007 1.0000 1.0000 1.0000 0.6099 0.1883 0.0581 0.0179 0.0055 0.0017 1.0000 1.0000 1.0000 1.0000 0.4389 0.1355 0.0418 0.0129 0.0040 0.0012 1.0000 1.0000 1.0000 1.0000 0.3141 0.0953 0.0319 0.0051
0.0164 0.1036 0.3087 1.0000 1.0000 1.0000 1.0000 0.0012 0.0040 0.0130 0.0421 0.1363 0.4414 1.0000 1.0000 1.0000 1.0000 0.0017 0.0056 0.0180 0.0585 0.1894 0.6134 1.0000 1.0000 1.0000 0.0007 0.0024 0.0077 0.0251 0.0812 0.2631 0.8524 1.0000 1.0000 1.0000 0.0010 0.0033 0.0107 0.0348 0.1127 0.3650 1.0000 1.0000 1.0000 1.0000 0.0014 0.0046 0.0150 0.0560 0.1268 0.0560 0.0150 0.0046 0.0014 1.0000 1.0000 1.0000 1.0000 0.3650 0.1127 0.0348 0.0107 0.0033 0.0010 1.0000 1.0000 1.0000 0.8524 0.2631 0.0812 0.0251 0.0077 0.0024 0.0007 1.0000 1.0000 1.0000 0.6134 0.1894 0.0585 0.0180 0.0056 0.0017 1.0000 1.0000 1.0000 1.0000 0.4414 0.1363 0.0421 0.0130 0.0040 0.0012 1.0000 1.0000 1.0000 1.0000 0.3087 0.1036 0.0164
0.0531 0.3357 1.0000 1.0000 1.0000 1.0000 0.0012 0.0040 0.0131 0.0423 0.1371 0.4439 1.0000 1.0000 1.0000 1.0000 0.0017 0.0056 0.0182 0.0588 0.1904 0.6169 1.0000 1.0000 1.0000 0.0007 0.0024 0.0078 0.0252 0.0817 0.2646 0.8572 1.0000 1.0000 1.0000 0.0010 0.0033 0.0108 0.0350 0.1133 0.3671 1.0000 1.0000 1.0000 1.0000 0.0014 0.0046 0.0150 0.0488 0.1823 0.4138 0.1823 0.0488 0.0150 0.0046 0.0014 1.0000 1.0000 1.0000 1.0000 0.3671 0.1133 0.0350 0.0108 0.0033 0.0010 1.0000 1.0000 1.0000 0.8572 0.2646 0.0817 0.0252 0.0078 0.0024 0.0007 1.0000 1.0000 1.0000 0.6169 0.1904 0.0588 0.0182 0.0056 0.0017 1.0000 1.0000 1.0000 1.0000 0.4439 0.1371 0.0423 0.0131 0.0040 0.0012 1.0000 1.0000 1.0000 1.0000 0.3357 0.0531
0.1719 1.0000 1.0000 1.0000 1.0000 0.0012 0.0040 0.0131 0.0425 0.1378 0.4465 1.0000 1.0000 1.0000 1.0000 0.0017 0.0056 0.0183 0.0591 0.1915 0.6204 1.0000 1.0000 1.0000 0.0007 0.0024 0.0078 0.0254 0.0822 0.2662 0.8621 1.0000 1.0000 1.0000 0.0010 0.0034 0.0109 0.0352 0.1140 0.3692 1.0000 1.0000 1.0000 1.0000 0.0014 0.0047 0.0151 0.0487 0.1590 0.5939 1.0000 0.5939 0.1590 0.0487 0.0151 0.0047 0.0014 1.0000 1.0000 1.0000 1.0000 0.3692 0.1140 0.0352 0.0109 0.0034 0.0010 1.0000 1.0000 1.0000 0.8621 0.2662 0.0822 0.0254 0.0078 0.0024 0.0007 1.0000 1.0000 1.0000 0.6204 0.1915 0.0591 0.0183 0.0056 0.0017 1.0000 1.0000 1.0000 1.0000 0.4465 0.1378 0.0425 0.0131 0.0040 0.0012 1.0000 1.0000 1.0000 1.0000 0.1719
0.5567 1.0000 1.0000 1.0000 0.0012 0.0040 0.0131 0.0425 0.1384 0.4482 1.0000 1.0000 1.0000 1.0000 0.0017 0.0057 0.0184 0.0595 0.1926 0.6240 1.0000 1.0000 1.0000 0.0008 0.0024 0.0079 0.0255 0.0826 0.2677 0.8671 1.0000 1.0000 1.0000 0.0010 0.0034 0.0109 0.0354 0.1146 0.3713 1.0000 1.0000 1.0000 1.0000 0.0014 0.0047 0.0152 0.0492 0.1587 0.5179 1.0000 1.0000 1.0000 0.5179 0.1587 0.0492 0.0152 0.0047 0.0014 1.0000 1.0000 1.0000 1.0000 0.3713 0.1146 0.0354 0.0109 0.0034 0.0010 1.0000 1.0000 1.0000 0.8671 0.2677 0.0826 0.0255 0.0079 0.0024 0.0008 1.0000 1.0000 1.0000 0.6240 0.1926 0.0595 0.0184 0.0057 0.0017 1.0000 1.0000 1.0000 1.0000 0.4482 0.1384 0.0425 0.0131 0.0040 0.0012 1.0000 1.0000 1.0000 0.5567
1.0000 1.0000 1.0000 0.0012 0.0040 0.0130 0.0423 0.1378 0.4482 1.0000 1.0000 1.0000 1.0000 0.0018 0.0057 0.0185 0.0598 0.1937 0.6275 1.0000 1.0000 1.0000 0.0008 0.0024 0.0079 0.0257 0.0831 0.2692 0.8720 1.0000 1.0000 1.0000 0.0010 0.0034 0.0110 0.0356 0.1153 0.3734 1.0000 1.0000 1.0000 1.0000 0.0015 0.0047 0.0153 0.0495 0.1602 0.5169 1.0000 1.0000 1.0000 1.0000 1.0000 0.5169 0.1602 0.0495 0.0153 0.0047 0.0015 1.0000 1.0000 1.0000 1.0000 0.3734 0.1153 0.0356 0.0110 0.0034 0.0010 1.0000 1.0000 1.0000 0.8720 0.2692 0.0831 0.0257 0.0079 0.0024 0.0008 1.0000 1.0000 1.0000 0.6275 0.1937 0.0598 0.0185 0.0057 0.0018 1.0000 1.0000 1.0000 1.0000 0.4482 0.1378 0.0423 0.0130 0.0040 0.0012 1.0000 1.0000 1.0000
1.0000 1.0000 0.0012 0.0040 0.0129 0.0421 0.1371 0.4465 1.0000 1.0000 1.0000 1.0000 0.0018 0.0057 0.0186 0.0602 0.1948 0.6311 1.0000 1.0000 1.0000 0.0008 0.0025 0.0080 0.0258 0.0836 0.2708 0.8770 1.0000 1.0000 1.0000 0.0011 0.0034 0.0110 0.0358 0.1159 0.3755 1.0000 1.0000 1.0000 1.0000 0.0015 0.0047 0.0154 0.0497 0.1611 0.5218 1.0000 1.0000 1.0000 1.0000 1.0000 1.0000 1.0000 0.5218 0.1611 0.0497 0.0154 0.0047 0.0015 1.0000 1.0000 1.0000 1.0000 0.3755 0.1159 0.0358 0.0110 0.0034 0.0011 1.0000 1.0000 1.0000 0.8770 0.2708 0.0836 0.0258 0.0080 0.0025 0.0008 1.0000 1.0000 1.0000 0.6311 0.1948 0.0602 0.0186 0.0057 0.0018 1.0000 1.0000 1.0000 1.0000 0.4465 0.1371 0.0421 0.0129 0.0040 0.0012 1.0000 1.0000
1.0000 0.0013 0.0039 0.0129 0.0418 0.1363 0.4439 1.0000 1.0000 1.0000 1.0000 0.0018 0.0058 0.0187 0.0605 0.1960 0.6347 1.0000 1.0000 1.0000 0.0008 0.0025 0.0080 0.0260 0.0841 0.2723 0.8820 1.0000 1.0000 1.0000 0.0011 0.0034 0.0111 0.0360 0.1166 0.3777 1.0000 1.0000 1.0000 1.0000 0.0015 0.0048 0.0154 0.0500 0.1620 0.5248 1.0000 1.0000 1.0000 0.0007 0.0017 0.0007 1.0000 1.0000 1.0000 0.5248 0.1620 0.0500 0.0154 0.0048 0.0015 1.0000 1.0000 1.0000 1.0000 0.3777 0.1166 0.0360 0.0111 0.0034 0.0011 1.0000 1.0000 1.0000 0.8820 0.2723 0.0841 0.0260 0.0080 0.0025 0.0008 1.0000 1.0000 1.0000 0.6347 0.1960 0.0605 0.0187 0.0058 0.0018 1.0000 1.0000 1.0000 1.0000 0.4439 0.1363 0.0418 0.0129 0.0039 0.0013 1.0000
0.0007 0.0042 0.0126 0.0417 0.1355 0.4414 1.0000 1.0000 1.0000 1.0000 0.0018 0.0058 0.0187 0.0607 0.1971 0.6384 1.0000 1.0000 1.0000 0.0008 0.0025 0.0081 0.0261 0.0845 0.2739 0.8871 1.0000 1.0000 1.0000 0.0011 0.0035 0.0112 0.0362 0.1173 0.3798 1.0000 1.0000 1.0000 1.0000 0.0015 0.0048 0.0155 0.0503 0.1629 0.5278 1.0000 1.0000 1.0000 0.0006 0.0024 0.0054 0.0024 0.0006 1.0000 1.0000 1.0000 0.5278 0.1629 0.0503 0.0155 0.0048 0.0015 1.0000 1.0000 1.0000 1.0000 0.3798 0.1173 0.0362 0.0112 0.0035 0.0011 1.0000 1.0000 1.0000 0.8871 0.2739 0.0845 0.0261 0.0081 0.0025 0.0008 1.0000 1.0000 1.0000 0.6384 0.1971 0.0607 0.0187 0.0058 0.0018 1.0000 1.0000 1.0000 1.0000 0.4414 0.1355 0.0417 0.0126 0.0042 0.0007
0.0022 0.0137 0.0409 0.1350 0.4389 1.0000 1.0000 1.0000 1.0000 0.0018 0.0057 0.0187 0.0607 0.1978 0.6408 1.0000 1.0000 1.0000 0.0008 0.0025 0.0081 0.0263 0.0850 0.2754 0.8922 1.0000 1.0000 1.0000 0.0011 0.0035 0.0112 0.0364 0.1179 0.3820 1.0000 1.0000 1.0000 1.0000 0.0015 0.0048 0.0156 0.0506 0.1639 0.5308 1.0000 1.0000 1.0000 0.0006 0.0021 0.0078 0.0176 0.0078 0.0021 0.0006 1.0000 1.0000 1.0000 0.5308 0.1639 0.0506 0.0156 0.0048 0.0015 1.0000 1.0000 1.0000 1.0000 0.3820 0.1179 0.0364 0.0112 0.0035 0.0011 1.0000 1.0000 1.0000 0.8922 0.2754 0.0850 0.0263 0.0081 0.0025 0.0008 1.0000 1.0000 1.0000 0.6408 0.1978 0.0607 0.0187 0.0057 0.0018 1.0000 1.0000 1.0000 1.0000 0.4389 0.1350 0.0409 0.0137 0.0022
0.0070 0.0445 0.1324 0.4372 1.0000 1.0000 1.0000 1.0000 0.0017 0.0057 0.0186 0.0605 0.1971 0.6408 1.0000 1.0000 1.0000 0.0008 0.0025 0.0082 0.0264 0.0855 0.2770 0.8973 1.0000 1.0000 1.0000 0.0011 0.0035 0.0113 0.0366 0.1186 0.3842 1.0000 1.0000 1.0000 1.0000 0.0015 0.0048 0.0157 0.0509 0.1648 0.5339 1.0000 1.0000 1.0000 0.0006 0.0021 0.0068 0.0253 0.0574 0.0253 0.0068 0.0021 0.0006 1.0000 1.0000 1.0000 0.5339 0.1648 0.0509 0.0157 0.0048 0.0015 1.0000 1.0000 1.0000 1.0000 0.3842 0.1186 0.0366 0.0113 0.0035 0.0011 1.0000 1.0000 1.0000 0.8973 0.2770 0.0855 0.0264 0.0082 0.0025 0.0008 1.0000 1.0000 1.0000 0.6408 0.1971 0.0605 0.0186 0.0057 0.0017 1.0000 1.0000 1.0000 1.0000 0.4372 0.1324 0.0445 0.0070
0.0228 0.1440 0.4290 1.0000 1.0000 1.0000 1.0000 0.0017 0.0057 0.0185 0.0602 0.1960 0.6384 1.0000 1.0000 1.0000 0.0008 0.0025 0.0082 0.0266 0.0860 0.2786 0.9024 1.0000 1.0000 1.0000 0.0011 0.0035 0.0114 0.0368 0.1193 0.3864 1.0000 1.0000 1.0000 1.0000 0.0015 0.0049 0.0158 0.0512 0.1658 0.5369 1.0000 1.0000 1.0000 0.0006 0.0021 0.0068 0.0220 0.0823 0.1865 0.0823 0.0220 0.0068 0.0021 0.0006 1.0000 1.0000 1.0000 0.5369 0.1658 0.0512 0.0158 0.0049 0.0015 1.0000 1.0000 1.0000 1.0000 0.3864 0.1193 0.0368 0.0114 0.0035 0.0011 1.0000 1.0000 1.0000 0.9024 0.2786 0.0860 0.0266 0.0082 0.0025 0.0008 1.0000 1.0000 1.0000 0.6384 0.1960 0.0602 0.0185 0.0057 0.0017 1.0000 1.0000 1.0000 1.0000 0.4290 0.1440 0.0228
0.0737 0.4664 1.0000 1.0000 1.0000 1.0000 0.0017 0.0056 0.0184 0.0598 0.1948 0.6347 1.0000 1.0000 1.0000 0.0008 0.0025 0.0082 0.0267 0.0865 0.2802 0.9076 1.0000 1.0000 1.0000 0.0011 0.0035 0.0114 0.0370 0.1200 0.3886 1.0000 1.0000 1.0000 1.0000 0.0015 0.0049 0.0159 0.0515 0.1667 0.5400 1.0000 1.0000 1.0000 0.0006 0.0021 0.0068 0.0220 0.0718 0.2682 0.6087 0.2682 0.0718 0.0220 0.0068 0.0021 0.0006 1.0000 1.0000 1.0000 0.5400 0.1667 0.0515 0.0159 0.0049 0.0015 1.0000 1.0000 1.0000 1.0000 0.3886 0.1200 0.0370 0.0114 0.0035 0.0011 1.0000 1.0000 1.0000 0.9076 0.2802 0.0865 0.0267 0.0082 0.0025 0.0008 1.0000 1.0000 1.0000 0.6347 0.1948 0.0598 0.0184 0.0056 0.0017 1.0000 1.0000 1.0000 1.0000 0.4664 0.0737
0.2388 1.0000 1.0000 1.0000 1.0000 0.0017 0.0056 0.0183 0.0595 0.1937 0.6311 1.0000 1.0000 1.0000 0.0008 0.0025 0.0082 0.0268 0.0868 0.2818 0.9128 1.0000 1.0000 1.0000 0.0011 0.0036 0.0115 0.0372 0.1207 0.3908 1.0000 1.0000 1.0000 1.0000 0.0015 0.0049 0.0160 0.0518 0.1677 0.5431 1.0000 1.0000 1.0000 0.0007 0.0021 0.0069 0.0222 0.0717 0.2339 0.8737 1.0000 0.8737 0.2339 0.0717 0.0222 0.0069 0.0021 0.0007 1.0000 1.0000 1.0000 0.5431 0.1677 0.0518 0.0160 0.0049 0.0015 1.0000 1.0000 1.0000 1.0000 0.3908 0.1207 0.0372 0.0115 0.0036 0.0011 1.0000 1.0000 1.0000 0.9128 0.2818 0.0868 0.0268 0.0082 0.0025 0.0008 1.0000 1.0000 1.0000 0.6311 0.1937 0.0595 0.0183 0.0056 0.0017 1.0000 1.0000 1.0000 1.0000 0.2388
0.7736 1.0000 1.0000 1.0000 0.0017 0.0056 0.0182 0.0591 0.1926 0.6275 1.0000 1.0000 1.0000 0.0008 0.0025 0.0082 0.0267 0.0868 0.2829 0.9162 1.0000 1.0000 1.0000 0.0011 0.0036 0.0116 0.0375 0.1213 0.3931 1.0000 1.0000 1.0000 1.0000 0.0015 0.0050 0.0161 0.0521 0.1686 0.5462 1.0000 1.0000 1.0000 0.0007 0.0021 0.0069 0.0223 0.0723 0.2334 0.7619 1.0000 1.0000 1.0000 0.7619 0.2334 0.0723 0.0223 0.0069 0.0021 0.0007 1.0000 1.0000 1.0000 0.5462 0.1686 0.0521 0.0161 0.0050 0.0015 1.0000 1.0000 1.0000 1.0000 0.3931 0.1213 0.0375 0.0116 0.0036 0.0011 1.0000 1.0000 1.0000 0.9162 0.2829 0.0868 0.0267 0.0082 0.0025 0.0008 1.0000 1.0000 1.0000 0.6275 0.1926 0.0591 0.0182 0.0056 0.0017 1.0000 1.0000 1.0000 0.7736
1.0000 1.0000 1.0000 0.0017 0.0055 0.0180 0.0588 0.1915 0.6240 1.0000 1.0000 1.0000 0.0008 0.0025 0.0082 0.0266 0.0865 0.2818 0.9162 1.0000 1.0000 1.0000 0.0011 0.0036 0.0116 0.0377 0.1220 0.3953 1.0000 1.0000 1.0000 1.0000 0.0015 0.0050 0.0162 0.0524 0.1696 0.5493 1.0000 1.0000 1.0000 0.0007 0.0021 0.0069 0.0225 0.0728 0.2357 0.7604 1.0000 1.0000 1.0000 1.0000 1.0000 0.7604 0.2357 0.0728 0.0225 0.0069 0.0021 0.0007 1.0000 1.0000 1.0000 0.5493 0.1696 0.0524 0.0162 0.0050 0.0015 1.0000 1.0000 1.0000 1.0000 0.3953 0.1220 0.0377 0.0116 0.0036 0.0011 1.0000 1.0000 1.0000 0.9162 0.2818 0.0865 0.0266 0.0082 0.0025 0.0008 1.0000 1.0000 1.0000 0.6240 0.1915 0.0588 0.0180 0.0055 0.0017 1.0000 1.0000 1.0000
1.0000 1.0000 0.0017 0.0055 0.0179 0.0585 0.1904 0.6204 1.0000 1.0000 1.0000 0.0008 0.0025 0.0081 0.0264 0.0860 0.2802 0.9128 1.0000 1.0000 1.0000 0.0011 0.0036 0.0117 0.0379 0.1227 0.3976 1.0000 1.0000 1.0000 1.0000 0.0015 0.0050 0.0163 0.0527 0.1706 0.5525 1.0000 1.0000 1.0000 0.0007 0.0022 0.0070 0.0226 0.0732 0.2370 0.7677 1.0000 1.0000 1.0000 1.0000 1.0000 1.0000 1.0000 0.7677 0.2370 0.0732 0.0226 0.0070 0.0022 0.0007 1.0000 1.0000 1.0000 0.5525 0.1706 0.0527 0.0163 0.0050 0.0015 1.0000 1.0000 1.0000 1.0000 0.3976 0.1227 0.0379 0.0117 0.0036 0.0011 1.0000 1.0000 1.0000 0.9128 0.2802 0.0860 0.0264 0.0081 0.0025 0.0008 1.0000 1.0000 1.0000 0.6204 0.1904 0.0585 0.0179 0.0055 0.0017 1.0000 1.0000
1.0000 0.0018 0.0054 0.0179 0.0581 0.1894 0.6169 1.0000 1.0000 1.0000 0.0008 0.0025 0.0081 0.0263 0.0855 0.2786 0.9076 1.0000 1.0000 1.0000 0.0011 0.0036 0.0117 0.0381 0.1234 0.3998 1.0000 1.0000 1.0000 1.0000 0.0016 0.0050 0.0163 0.0530 0.1715 0.5556 1.0000 1.0000 1.0000 0.0007 0.0022 0.0070 0.0227 0.0736 0.2384 0.7721 1.0000 1.0000 1.0000 0.0011 0.0024 0.0011 1.0000 1.0000 1.0000 0.7721 0.2384 0.0736 0.0227 0.0070 0.0022 0.0007 1.0000 1.0000 1.0000 0.5556 0.1715 0.0530 0.0163 0.0050 0.0016 1.0000 1.0000 1.0000 1.0000 0.3998 0.1234 0.0381 0.0117 0.0036 0.0011 1.0000 1.0000 1.0000 0.9076 0.2786 0.0855 0.0263 0.0081 0.0025 0.0008 1.0000 1.0000 1.0000 0.6169 0.1894 0.0581 0.0179 0.0054 0.0018 1.0000
0.0009 0.0059 0.0175 0.0579 0.1883 0.6134 1.0000 1.0000 1.0000 0.0008 0.0025 0.0080 0.0261 0.0850 0.2770 0.9024 1.0000 1.0000 1.0000 0.0011 0.0036 0.0117 0.0383 0.1239 0.4021 1.0000 1.0000 1.0000 1.0000 0.0016 0.0051 0.0164 0.0533 0.1725 0.5588 1.0000 1.0000 1.0000 0.0007 0.0022 0.0071 0.0228 0.0740 0.2397 0.7765 1.0000 1.0000 1.0000 0.0009 0.0035 0.0080 0.0035 0.0009 1.0000 1.0000 1.0000 0.7765 0.2397 0.0740 0.0228 0.0071 0.0022 0.0007 1.0000 1.0000 1.0000 0.5588 0.1725 0.0533 0.0164 0.0051 0.0016 1.0000 1.0000 1.0000 1.0000 0.4021 0.1239 0.0383 0.0117 0.0036 0.0011 1.0000 1.0000 1.0000 0.9024 0.2770 0.0850 0.0261 0.0080 0.0025 0.0008 1.0000 1.0000 1.0000 0.6134 0.1883 0.0579 0.0175 0.0059 0.0009
0.0030 0.0191 0.0568 0.1876 0.6099 1.0000 1.0000 1.0000 0.0008 0.0024 0.0080 0.0260 0.0845 0.2754 0.8973 1.0000 1.0000 1.0000 0.0011 0.0036 0.0117 0.0381 0.1239 0.4037 1.0000 1.0000 1.0000 1.0000 0.0016 0.0051 0.0165 0.0536 0.1735 0.5620 1.0000 1.0000 1.0000 0.0007 0.0022 0.0071 0.0230 0.0744 0.2411 0.7810 1.0000 1.0000 1.0000 0.0009 0.0031 0.0114 0.0259 0.0114 0.0031 0.0009 1.0000 1.0000 1.0000 0.7810 0.2411 0.0744 0.0230 0.0071 0.0022 0.0007 1.0000 1.0000 1.0000 0.5620 0.1735 0.0536 0.0165 0.0051 0.0016 1.0000 1.0000 1.0000 1.0000 0.4037 0.1239 0.0381 0.0117 0.0036 0.0011 1.0000 1.0000 1.0000 0.8973 0.2754 0.0845 0.0260 0.0080 0.0024 0.0008 1.0000 1.0000 1.0000 0.6099 0.1876 0.0568 0.0191 0.0030
0.0098 0.0618 0.1840 0.6076 1.0000 1.0000 1.0000 0.0007 0.0024 0.0079 0.0258 0.0841 0.2739 0.8922 1.0000 1.0000 1.0000 0.0011 0.0036 0.0116 0.0379 0.1234 0.4021 1.0000 1.0000 1.0000 1.0000 0.0016 0.0051 0.0166 0.0539 0.1745 0.5652 1.0000 1.0000 1.0000 0.0007 0.0022 0.0071 0.0231 0.0749 0.2425 0.7854 1.0000 1.0000 1.0000 0.0009 0.0030 0.0100 0.0372 0.0844 0.0372 0.0100 0.0030 0.0009 1.0000 1.0000 1.0000 0.7854 0.2425 0.0749 0.0231 0.0071 0.0022 0.0007 1.0000 1.0000 1.0000 0.5652 0.1745 0.0539 0.0166 0.0051 0.0016 1.0000 1.0000 1.0000 1.0000 0.4021 0.1234 0.0379 0.0116 0.0036 0.0011 1.0000 1.0000 1.0000 0.8922 0.2739 0.0841 0.0258 0.0079 0.0024 0.0007 1.0000 1.0000 1.0000 0.6076 0.1840 0.0618 0.0098
0.0316 0.2001 0.5961 1.0000 1.0000 1.0000 0.0007 0.0024 0.0079 0.0257 0.0836 0.2723 0.8871 1.0000 1.0000 1.0000 0.0011 0.0036 0.0116 0.0377 0.1227 0.3998 1.0000 1.0000 1.0000 1.0000 0.0016 0.0052 0.0167 0.0542 0.1755 0.5685 1.0000 1.0000 1.0000 0.0007 0.0022 0.0072 0.0232 0.0753 0.2439 0.7899 1.0000 1.0000 1.0000 0.0010 0.0031 0.0099 0.0324 0.1211 0.2744 0.1211 0.0324 0.0099 0.0031 0.0010 1.0000 1.0000 1.0000 0.7899 0.2439 0.0753 0.0232 0.0072 0.0022 0.0007 1.0000 1.0000 1.0000 0.5685 0.1755 0.0542 0.0167 0.0052 0.0016 1.0000 1.0000 1.0000 1.0000 0.3998 0.1227 0.0377 0.0116 0.0036 0.0011 1.0000 1.0000 1.0000 0.8871 0.2723 0.0836 0.0257 0.0079 0.0024 0.0007 1.0000 1.0000 1.0000 0.5961 0.2001 0.0316
0.1025 0.6482 1.0000 1.0000 1.0000 0.0007 0.0024 0.0078 0.0255 0.0831 0.2708 0.8820 1.0000 1.0000 1.0000 0.0011 0.0035 0.0115 0.0375 0.1220 0.3976 1.0000 1.0000 1.0000 1.0000 0.0016 0.0052 0.0168 0.0545 0.1765 0.5717 1.0000 1.0000 1.0000 0.0007 0.0022 0.0072 0.0234 0.0757 0.2453 0.7944 1.0000 1.0000 1.0000 0.0010 0.0031 0.0100 0.0324 0.1056 0.3946 0.8956 0.3946 0.1056 0.0324 0.0100 0.0031 0.0010 1.0000 1.0000 1.0000 0.7944 0.2453 0.0757 0.0234 0.0072 0.0022 0.0007 1.0000 1.0000 1.0000 0.5717 0.1765 0.0545 0.0168 0.0052 0.0016 1.0000 1.0000 1.0000 1.0000 0.3976 0.1220 0.0375 0.0115 0.0035 0.0011 1.0000 1.0000 1.0000 0.8820 0.2708 0.0831 0.0255 0.0078 0.0024 0.0007 1.0000 1.0000 1.0000 0.6482 0.1025
0.3319 1.0000 1.0000 1.0000 0.0007 0.0024 0.0078 0.0254 0.0826 0.2692 0.8770 1.0000 1.0000 1.0000 0.0011 0.0035 0.0114 0.0372 0.1213 0.3953 1.0000 1.0000 1.0000 1.0000 0.0016 0.0052 0.0168 0.0547 0.1772 0.5750 1.0000 1.0000 1.0000 0.0007 0.0022 0.0073 0.0235 0.0762 0.2467 0.7990 1.0000 1.0000 1.0000 0.0010 0.0031 0.0101 0.0327 0.1054 0.3441 1.0000 1.0000 1.0000 0.3441 0.1054 0.0327 0.0101 0.0031 0.0010 1.0000 1.0000 1.0000 0.7990 0.2467 0.0762 0.0235 0.0073 0.0022 0.0007 1.0000 1.0000 1.0000 0.5750 0.1772 0.0547 0.0168 0.0052 0.0016 1.0000 1.0000 1.0000 1.0000 0.3953 0.1213 0.0372 0.0114 0.0035 0.0011 1.0000 1.0000 1.0000 0.8770 0.2692 0.0826 0.0254 0.0078 0.0024 0.0007 1.0000 1.0000 1.0000 0.3319
1.0000 1.0000 1.0000 0.0007 0.0024 0.0077 0.0252 0.0822 0.2677 0.8720 1.0000 1.0000 1.0000 0.0011 0.0035 0.0114 0.0370 0.1207 0.3931 1.0000 1.0000 1.0000 1.0000 0.0016 0.0051 0.0167 0.0545 0.1772 0.5772 1.0000 1.0000 1.0000 0.0007 0.0023 0.0073 0.0236 0.0766 0.2481 0.8036 1.0000 1.0000 1.0000 0.0010 0.0031 0.0101 0.0329 0.1064 0.3434 1.0000 1.0000 1.0000 1.0000 1.0000 0.3434 0.1064 0.0329 0.0101 0.0031 0.0010 1.0000 1.0000 1.0000 0.8036 0.2481 0.0766 0.0236 0.0073 0.0023 0.0007 1.0000 1.0000 1.0000 0.5772 0.1772 0.0545 0.0167 0.0051 0.0016 1.0000 1.0000 1.0000 1.0000 0.3931 0.1207 0.0370 0.0114 0.0035 0.0011 1.0000 1.0000 1.0000 0.8720 0.2677 0.0822 0.0252 0.0077 0.0024 0.0007 1.0000 1.0000 1.0000
1.0000 1.0000 0.0007 0.0024 0.0077 0.0251 0.0817 0.2662 0.8671 1.0000 1.0000 1.0000 0.0011 0.0035 0.0113 0.0368 0.1200 0.3908 1.0000 1.0000 1.0000 1.0000 0.0016 0.0051 0.0166 0.0542 0.1765 0.5750 1.0000 1.0000 1.0000 0.0007 0.0023 0.0073 0.0238 0.0770 0.2495 0.8082 1.0000 1.0000 1.0000 0.0010 0.0031 0.0102 0.0330 0.1070 0.3467 1.0000 1.0000 1.0000 1.0000 1.0000 1.0000 1.0000 0.3467 0.1070 0.0330 0.0102 0.0031 0.0010 1.0000 1.0000 1.0000 0.8082 0.2495 0.0770 0.0238 0.0073 0.0023 0.0007 1.0000 1.0000 1.0000 0.5750 0.1765 0.0542 0.0166 0.0051 0.0016 1.0000 1.0000 1.0000 1.0000 0.3908 0.1200 0.0368 0.0113 0.0035 0.0011 1.0000 1.0000 1.0000 0.8671 0.2662 0.0817 0.0251 0.0077 0.0024 0.0007 1.0000 1.0000
1.0000 0.0008 0.0023 0.0077 0.0249 0.0812 0.2646 0.8621 1.0000 1.0000 1.0000 0.0011 0.0035 0.0112 0.0366 0.1193 0.3886 1.0000 1.0000 1.0000 1.0000 0.0016 0.0051 0.0165 0.0539 0.1755 0.5717 1.0000 1.0000 1.0000 0.0007 0.0023 0.0074 0.0239 0.0775 0.2509 0.8128 1.0000 1.0000 1.0000 0.0010 0.0032 0.0103 0.0332 0.1076 0.3487 1.0000 1.0000 1.0000 1.0000 0.0011 1.0000 1.0000 1.0000 1.0000 0.3487 0.1076 0.0332 0.0103 0.0032 0.0010 1.0000 1.0000 1.0000 0.8128 0.2509 0.0775 0.0239 0.0074 0.0023 0.0007 1.0000 1.0000 1.0000 0.5717 0.1755 0.0539 0.0165 0.0051 0.0016 1.0000 1.0000 1.0000 1.0000 0.3886 0.1193 0.0366 0.0112 0.0035 0.0011 1.0000 1.0000 1.0000 0.8621 0.2646 0.0812 0.0249 0.0077 0.0023 0.0008 1.0000
0.0004 0.0025 0.0075 0.0248 0.0808 0.2631 0.8572 1.0000 1.0000 1.0000 0.0011 0.0034 0.0112 0.0364 0.1186 0.3864 1.0000 1.0000 1.0000 1.0000 0.0015 0.0050 0.0164 0.0536 0.1745 0.5685 1.0000 1.0000 1.0000 0.0007 0.0023 0.0074 0.0240 0.0779 0.2524 0.8174 1.0000 1.0000 1.0000 0.0010 0.0032 0.0103 0.0334 0.1083 0.3507 1.0000 1.0000 1.0000 1.0000 0.0016 0.0036 0.0016 1.0000 1.0000 1.0000 1.0000 0.3507 0.1083 0.0334 0.0103 0.0032 0.0010 1.0000 1.0000 1.0000 0.8174 0.2524 0.0779 0.0240 0.0074 0.0023 0.0007 1.0000 1.0000 1.0000 0.5685 0.1745 0.0536 0.0164 0.0050 0.0015 1.0000 1.0000 1.0000 1.0000 0.3864 0.1186 0.0364 0.0112 0.0034 0.0011 1.0000 1.0000 1.0000 0.8572 0.2631 0.0808 0.0248 0.0075 0.0025 0.0004
0.0013 0.0082 0.0244 0.0805 0.2616 0.8524 1.0000 1.0000 1.0000 0.0010 0.0034 0.0111 0.0362 0.1179 0.3842 1.0000 1.0000 1.0000 1.0000 0.0015 0.0050 0.0163 0.0533 0.1735 0.5652 1.0000 1.0000 1.0000 0.0007 0.0023 0.0074 0.0240 0.0782 0.2533 0.8221 1.0000 1.0000 1.0000 0.0010 0.0032 0.0104 0.0336 0.1089 0.3527 1.0000 1.0000 1.0000 1.0000 0.0014 0.0052 0.0117 0.0052 0.0014 1.0000 1.0000 1.0000 1.0000 0.3527 0.1089 0.0336 0.0104 0.0032 0.0010 1.0000 1.0000 1.0000 0.8221 0.2533 0.0782 0.0240 0.0074 0.0023 0.0007 1.0000 1.0000 1.0000 0.5652 0.1735 0.0533 0.0163 0.0050 0.0015 1.0000 1.0000 1.0000 1.0000 0.3842 0.1179 0.0362 0.0111 0.0034 0.0010 1.0000 1.0000 1.0000 0.8524 0.2616 0.0805 0.0244 0.0082 0.0013
0.0042 0.0265 0.0790 0.2606 0.8475 1.0000 1.0000 1.0000 0.0010 0.0034 0.0110 0.0360 0.1173 0.3820 1.0000 1.0000 1.0000 1.0000 0.0015 0.0050 0.0163 0.0530 0.1725 0.5620 1.0000 1.0000 1.0000 0.0007 0.0023 0.0073 0.0239 0.0779 0.2533 0.8252 1.0000 1.0000 1.0000 0.0010 0.0032 0.0104 0.0338 0.1095 0.3547 1.0000 1.0000 1.0000 1.0000 0.0014 0.0045 0.0168 0.0380 0.0168 0.0045 0.0014 1.0000 1.0000 1.0000 1.0000 0.3547 0.1095 0.0338 0.0104 0.0032 0.0010 1.0000 1.0000 1.0000 0.8252 0.2533 0.0779 0.0239 0.0073 0.0023 0.0007 1.0000 1.0000 1.0000 0.5620 0.1725 0.0530 0.0163 0.0050 0.0015 1.0000 1.0000 1.0000 1.0000 0.3820 0.1173 0.0360 0.0110 0.0034 0.0010 1.0000 1.0000 1.0000 0.8475 0.2606 0.0790 0.0265 0.0042
0.0136 0.0857 0.2557 0.8443 1.0000 1.0000 1.0000 0.0010 0.0034 0.0110 0.0358 0.1166 0.3798 1.0000 1.0000 1.0000 1.0000 0.0015 0.0050 0.0162 0.0527 0.1715 0.5588 1.0000 1.0000 1.0000 0.0007 0.0022 0.0073 0.0238 0.0775 0.2524 0.8221 1.0000 1.0000 1.0000 0.0010 0.0032 0.0105 0.0340 0.1101 0.3567 1.0000 1.0000 1.0000 1.0000 0.0014 0.0045 0.0146 0.0547 0.1241 0.0547 0.0146 0.0045 0.0014 1.0000 1.0000 1.0000 1.0000 0.3567 0.1101 0.0340 0.0105 0.0032 0.0010 1.0000 1.0000 1.0000 0.8221 0.2524 0.0775 0.0238 0.0073 0.0022 0.0007 1.0000 1.0000 1.0000 0.5588 0.1715 0.0527 0.0162 0.0050 0.0015 1.0000 1.0000 1.0000 1.0000 0.3798 0.1166 0.0358 0.0110 0.0034 0.0010 1.0000 1.0000 1.0000 0.8443 0.2557 0.0857 0.0136
0.0440 0.2781 0.8284 1.0000 1.0000 1.0000 0.0010 0.0034 0.0109 0.0356 0.1159 0.3777 1.0000 1.0000 1.0000 1.0000 0.0015 0.0049 0.0161 0.0524 0.1706 0.5556 1.0000 1.0000 1.0000 0.0007 0.0022 0.0073 0.0236 0.0770 0.2509 0.8174 1.0000 1.0000 1.0000 0.0010 0.0033 0.0106 0.0342 0.1108 0.3588 1.0000 1.0000 1.0000 1.0000 0.0014 0.0045 0.0146 0.0477 0.1782 0.4037 0.1782 0.0477 0.0146 0.0045 0.0014 1.0000 1.0000 1.0000 1.0000 0.3588 0.1108 0.0342 0.0106 0.0033 0.0010 1.0000 1.0000 1.0000 0.8174 0.2509 0.0770 0.0236 0.0073 0.0022 0.0007 1.0000 1.0000 1.0000 0.5556 0.1706 0.0524 0.0161 0.0049 0.0015 1.0000 1.0000 1.0000 1.0000 0.3777 0.1159 0.0356 0.0109 0.0034 0.0010 1.0000 1.0000 1.0000 0.8284 0.2781 0.0440
0.1424 0.8990 1.0000 1.0000 1.0000 0.0010 0.0033 0.0109 0.0354 0.1153 0.3755 1.0000 1.0000 1.0000 1.0000 0.0015 0.0049 0.0160 0.0521 0.1696 0.5525 1.0000 1.0000 1.0000 0.0007 0.0022 0.0072 0.0235 0.0766 0.2495 0.8128 1.0000 1.0000 1.0000 0.0010 0.0033 0.0106 0.0343 0.1114 0.3608 1.0000 1.0000 1.0000 1.0000 0.0014 0.0046 0.0148 0.0475 0.1554 0.5805 1.0000 0.5805 0.1554 0.0475 0.0148 0.0046 0.0014 1.0000 1.0000 1.0000 1.0000 0.3608 0.1114 0.0343 0.0106 0.0033 0.0010 1.0000 1.0000 1.0000 0.8128 0.2495 0.0766 0.0235 0.0072 0.0022 0.0007 1.0000 1.0000 1.0000 0.5525 0.1696 0.0521 0.0160 0.0049 0.0015 1.0000 1.0000 1.0000 1.0000 0.3755 0.1153 0.0354 0.0109 0.0033 0.0010 1.0000 1.0000 1.0000 0.8990 0.1424
0.4611 1.0000 1.0000 1.0000 0.0010 0.0033 0.0108 0.0352 0.1146 0.3734 1.0000 1.0000 1.0000 1.0000 0.0015 0.0049 0.0159 0.0518 0.1686 0.5493 1.0000 1.0000 1.0000 0.0007 0.0022 0.0072 0.0234 0.0762 0.2481 0.8082 1.0000 1.0000 1.0000 0.0010 0.0032 0.0106 0.0343 0.1118 0.3622 1.0000 1.0000 1.0000 1.0000 0.0014 0.0046 0.0148 0.0481 0.1551 0.5062 1.0000 1.0000 1.0000 0.5062 0.1551 0.0481 0.0148 0.0046 0.0014 1.0000 1.0000 1.0000 1.0000 0.3622 0.1118 0.0343 0.0106 0.0032 0.0010 1.0000 1.0000 1.0000 0.8082 0.2481 0.0762 0.0234 0.0072 0.0022 0.0007 1.0000 1.0000 1.0000 0.5493 0.1686 0.0518 0.0159 0.0049 0.0015 1.0000 1.0000 1.0000 1.0000 0.3734 0.1146 0.0352 0.0108 0.0033 0.0010 1.0000 1.0000 1.0000 0.4611
1.0000 1.0000 1.0000 0.0010 0.0033 0.0107 0.0350 0.1140 0.3713 1.0000 1.0000 1.0000 1.0000 0.0015 0.0048 0.0158 0.0515 0.1677 0.5462 1.0000 1.0000 1.0000 0.0007 0.0022 0.0071 0.0232 0.0757 0.2467 0.8036 1.0000 1.0000 1.0000 0.0010 0.0032 0.0105 0.0342 0.1114 0.3622 1.0000 1.0000 1.0000 1.0000 0.0014 0.0046 0.0149 0.0483 0.1566 0.5043 1.0000 1.0000 1.0000 1.0000 1.0000 0.5043 0.1566 0.0483 0.0149 0.0046 0.0014 1.0000 1.0000 1.0000 1.0000 0.3622 0.1114 0.0342 0.0105 0.0032 0.0010 1.0000 1.0000 1.0000 0.8036 0.2467 0.0757 0.0232 0.0071 0.0022 0.0007 1.0000 1.0000 1.0000 0.5462 0.1677 0.0515 0.0158 0.0048 0.0015 1.0000 1.0000 1.0000 1.0000 0.3713 0.1140 0.0350 0.0107 0.0033 0.0010 1.0000 1.0000 1.0000
1.0000 1.0000 0.0010 0.0033 0.0107 0.0348 0.1133 0.3692 1.0000 1.0000 1.0000 1.0000 0.0015 0.0048 0.0157 0.0512 0.1667 0.5431 1.0000 1.0000 1.0000 0.0007 0.0022 0.0071 0.0231 0.0753 0.2453 0.7990 1.0000 1.0000 1.0000 0.0010 0.0032 0.0104 0.0340 0.1108 0.3608 1.0000 1.0000 1.0000 1.0000 0.0014 0.0046 0.0150 0.0486 0.1575 0.5101 1.0000 1.0000 1.0000 1.0000 1.0000 1.0000 1.0000 0.5101 0.1575 0.0486 0.0150 0.0046 0.0014 1.0000 1.0000 1.0000 1.0000 0.3608 0.1108 0.0340 0.0104 0.0032 0.0010 1.0000 1.0000 1.0000 0.7990 0.2453 0.0753 0.0231 0.0071 0.0022 0.0007 1.0000 1.0000 1.0000 0.5431 0.1667 0.0512 0.0157 0.0048 0.0015 1.0000 1.0000 1.0000 1.0000 0.3692 0.1133 0.0348 0.0107 0.0033 0.0010 1.0000 1.0000
1.0000 0.0011 0.0032 0.0106 0.0346 0.1127 0.3671 1.0000 1.0000 1.0000 1.0000 0.0015 0.0048 0.0156 0.0509 0.1658 0.5400 1.0000 1.0000 1.0000 0.0007 0.0022 0.0071 0.0230 0.0749 0.2439 0.7944 1.0000 1.0000 1.0000 0.0010 0.0032 0.0104 0.0338 0.1101 0.3588 1.0000 1.0000 1.0000 1.0000 0.0014 0.0047 0.0151 0.0489 0.1584 0.5130 1.0000 1.0000 1.0000 0.0007 0.0016 0.0007 1.0000 1.0000 1.0000 0.5130 0.1584 0.0489 0.0151 0.0047 0.0014 1.0000 1.0000 1.0000 1.0000 0.3588 0.1101 0.0338 0.0104 0.0032 0.0010 1.0000 1.0000 1.0000 0.7944 0.2439 0.0749 0.0230 0.0071 0.0022 0.0007 1.0000 1.0000 1.0000 0.5400 0.1658 0.0509 0.0156 0.0048 0.0015 1.0000 1.0000 1.0000 1.0000 0.3671 0.1127 0.0346 0.0106 0.0032 0.0011 1.0000
0.0006 0.0035 0.0104 0.0345 0.1120 0.3650 1.0000 1.0000 1.0000 1.0000 0.0015 0.0048 0.0155 0.0506 0.1648 0.5369 1.0000 1.0000 1.0000 0.0007 0.0022 0.0070 0.0228 0.0744 0.2425 0.7899 1.0000 1.0000 1.0000 0.0010 0.0032 0.0103 0.0336 0.1095 0.3567 1.0000 1.0000 1.0000 1.0000 0.0014 0.0047 0.0152 0.0491 0.1593 0.5159 1.0000 1.0000 1.0000 0.0006 0.0023 0.0053 0.0023 0.0006 1.0000 1.0000 1.0000 0.5159 0.1593 0.0491 0.0152 0.0047 0.0014 1.0000 1.0000 1.0000 1.0000 0.3567 0.1095 0.0336 0.0103 0.0032 0.0010 1.0000 1.0000 1.0000 0.7899 0.2425 0.0744 0.0228 0.0070 0.0022 0.0007 1.0000 1.0000 1.0000 0.5369 0.1648 0.0506 0.0155 0.0048 0.0015 1.0000 1.0000 1.0000 1.0000 0.3650 0.1120 0.0345 0.0104 0.0035 0.0006
0.0018 0.0113 0.0338 0.1116 0.3629 1.0000 1.0000 1.0000 1.0000 0.0015 0.0047 0.0154 0.0503 0.1639 0.5339 1.0000 1.0000 1.0000 0.0007 0.0021 0.0070 0.0227 0.0740 0.2411 0.7854 1.0000 1.0000 1.0000 0.0010 0.0031 0.0103 0.0334 0.1089 0.3547 1.0000 1.0000 1.0000 1.0000 0.0014 0.0046 0.0151 0.0491 0.1599 0.5179 1.0000 1.0000 1.0000 0.0006 0.0020 0.0076 0.0172 0.0076 0.0020 0.0006 1.0000 1.0000 1.0000 0.5179 0.1599 0.0491 0.0151 0.0046 0.0014 1.0000 1.0000 1.0000 1.0000 0.3547 0.1089 0.0334 0.0103 0.0031 0.0010 1.0000 1.0000 1.0000 0.7854 0.2411 0.0740 0.0227 0.0070 0.0021 0.0007 1.0000 1.0000 1.0000 0.5339 0.1639 0.0503 0.0154 0.0047 0.0015 1.0000 1.0000 1.0000 1.0000 0.3629 0.1116 0.0338 0.0113 0.0018
0.0058 0.0368 0.1095 0.3615 1.0000 1.0000 1.0000 1.0000 0.0014 0.0047 0.0154 0.0500 0.1629 0.5308 1.0000 1.0000 1.0000 0.0007 0.0021 0.0069 0.0226 0.0736 0.2397 0.7810 1.0000 1.0000 1.0000 0.0010 0.0031 0.0102 0.0332 0.1083 0.3527 1.0000 1.0000 1.0000 1.0000 0.0014 0.0046 0.0150 0.0489 0.1593 0.5179 1.0000 1.0000 1.0000 0.0006 0.0020 0.0066 0.0247 0.0559 0.0247 0.0066 0.0020 0.0006 1.0000 1.0000 1.0000 0.5179 0.1593 0.0489 0.0150 0.0046 0.0014 1.0000 1.0000 1.0000 1.0000 0.3527 0.1083 0.0332 0.0102 0.0031 0.0010 1.0000 1.0000 1.0000 0.7810 0.2397 0.0736 0.0226 0.0069 0.0021 0.0007 1.0000 1.0000 1.0000 0.5308 0.1629 0.0500 0.0154 0.0047 0.0014 1.0000 1.0000 1.0000 1.0000 0.3615 0.1095 0.0368 0.0058
0.0188 0.1191 0.3547 1.0000 1.0000 1.0000 1.0000 0.0014 0.0047 0.0153 0.0497 0.1620 0.5278 1.0000 1.0000 1.0000 0.0006 0.0021 0.0069 0.0225 0.0732 0.2384 0.7765 1.0000 1.0000 1.0000 0.0010 0.0031 0.0101 0.0330 0.1076 0.3507 1.0000 1.0000 1.0000 1.0000 0.0014 0.0046 0.0149 0.0486 0.1584 0.5159 1.0000 1.0000 1.0000 0.0006 0.0020 0.0066 0.0215 0.0803 0.1823 0.0803 0.0215 0.0066 0.0020 0.0006 1.0000 1.0000 1.0000 0.5159 0.1584 0.0486 0.0149 0.0046 0.0014 1.0000 1.0000 1.0000 1.0000 0.3507 0.1076 0.0330 0.0101 0.0031 0.0010 1.0000 1.0000 1.0000 0.7765 0.2384 0.0732 0.0225 0.0069 0.0021 0.0006 1.0000 1.0000 1.0000 0.5278 0.1620 0.0497 0.0153 0.0047 0.0014 1.0000 1.0000 1.0000 1.0000 0.3547 0.1191 0.0188
0.0610 0.3857 1.0000 1.0000 1.0000 1.0000 0.0014 0.0047 0.0152 0.0495 0.1611 0.5248 1.0000 1.0000 1.0000 0.0006 0.0021 0.0069 0.0223 0.0728 0.2370 0.7721 1.0000 1.0000 1.0000 0.0010 0.0031 0.0101 0.0329 0.1070 0.3487 1.0000 1.0000 1.0000 1.0000 0.0014 0.0046 0.0148 0.0483 0.1575 0.5130 1.0000 1.0000 1.0000 0.0006 0.0020 0.0066 0.0215 0.0700 0.2616 0.5927 0.2616 0.0700 0.0215 0.0066 0.0020 0.0006 1.0000 1.0000 1.0000 0.5130 0.1575 0.0483 0.0148 0.0046 0.0014 1.0000 1.0000 1.0000 1.0000 0.3487 0.1070 0.0329 0.0101 0.0031 0.0010 1.0000 1.0000 1.0000 0.7721 0.2370 0.0728 0.0223 0.0069 0.0021 0.0006 1.0000 1.0000 1.0000 0.5248 0.1611 0.0495 0.0152 0.0047 0.0014 1.0000 1.0000 1.0000 1.0000 0.3857 0.0610
0.1975 1.0000 1.0000 1.0000 1.0000 0.0014 0.0046 0.0151 0.0492 0.1602 0.5218 1.0000 1.0000 1.0000 0.0006 0.0021 0.0068 0.0222 0.0723 0.2357 0.7677 1.0000 1.0000 1.0000 0.0009 0.0031 0.0100 0.0327 0.1064 0.3467 1.0000 1.0000 1.0000 1.0000 0.0014 0.0045 0.0148 0.0481 0.1566 0.5101 1.0000 1.0000 1.0000 0.0006 0.0020 0.0066 0.0216 0.0698 0.2282 0.8540 1.0000 0.8540 0.2282 0.0698 0.0216 0.0066 0.0020 0.0006 1.0000 1.0000 1.0000 0.5101 0.1566 0.0481 0.0148 0.0045 0.0014 1.0000 1.0000 1.0000 1.0000 0.3467 0.1064 0.0327 0.0100 0.0031 0.0009 1.0000 1.0000 1.0000 0.7677 0.2357 0.0723 0.0222 0.0068 0.0021 0.0006 1.0000 1.0000 1.0000 0.5218 0.1602 0.0492 0.0151 0.0046 0.0014 1.0000 1.0000 1.0000 1.0000 0.1975
0.6408 1.0000 1.0000 1.0000 0.0014 0.0046 0.0150 0.0489 0.1593 0.5189 1.0000 1.0000 1.0000 0.0006 0.0021 0.0068 0.0221 0.0719 0.2343 0.7633 1.0000 1.0000 1.0000 0.0009 0.0031 0.0100 0.0325 0.1058 0.3447 1.0000 1.0000 1.0000 1.0000 0.0014 0.0045 0.0147 0.0478 0.1557 0.5072 1.0000 1.0000 1.0000 0.0006 0.0020 0.0066 0.0215 0.0700 0.2273 0.7433 1.0000 1.0000 1.0000 0.7391 0.2264 0.0698 0.0215 0.0066 0.0020 0.0006 1.0000 1.0000 1.0000 0.5043 0.1551 0.0475 0.0146 0.0045 0.0014 1.0000 1.0000 1.0000 1.0000 0.3434 0.1054 0.0324 0.0099 0.0030 0.0009 1.0000 1.0000 1.0000 0.7604 0.2334 0.0717 0.0220 0.0068 0.0021 0.0006 1.0000 1.0000 1.0000 0.5169 0.1587 0.0487 0.0150 0.0046 0.0014 1.0000 1.0000 1.0000 0.6372
1.0000 1.0000 1.0000 0.0014 0.0046 0.0149 0.0486 0.1584 0.5159 1.0000 1.0000 1.0000 0.0006 0.0021 0.0067 0.0220 0.0715 0.2330 0.7590 1.0000 1.0000 1.0000 0.0009 0.0030 0.0099 0.0323 0.1052 0.3428 1.0000 1.0000 1.0000 1.0000 0.0014 0.0045 0.0146 0.0475 0.1548 0.5043 1.0000 1.0000 1.0000 0.0006 0.0020 0.0066 0.0214 0.0698 0.2273 0.7362 1.0000 1.0000 1.0000 1.0000 1.0000 0.7391 0.2282 0.0700 0.0215 0.0066 0.0020 0.0006 1.0000 1.0000 1.0000 0.5062 0.1554 0.0477 0.0146 0.0045 0.0014 1.0000 1.0000 1.0000 1.0000 0.3441 0.1056 0.0324 0.0100 0.0031 0.0009 1.0000 1.0000 1.0000 0.7619 0.2339 0.0718 0.0220 0.0068 0.0021 0.0006 1.0000 1.0000 1.0000 0.5179 0.1590 0.0488 0.0150 0.0046 0.0014 1.0000 1.0000 1.0000
1.0000 1.0000 0.0014 0.0046 0.0148 0.0483 0.1575 0.5130 1.0000 1.0000 1.0000 0.0006 0.0021 0.0067 0.0218 0.0711 0.2317 0.7547 1.0000 1.0000 1.0000 0.0009 0.0030 0.0099 0.0321 0.1046 0.3408 1.0000 1.0000 1.0000 1.0000 0.0014 0.0045 0.0145 0.0472 0.1539 0.5014 1.0000 1.0000 1.0000 0.0006 0.0020 0.0065 0.0213 0.0694 0.2260 0.7362 1.0000 1.0000 1.0000 1.0000 1.0000 1.0000 1.0000 0.8524 0.2616 0.0803 0.0247 0.0076 0.0023 0.0007 1.0000 1.0000 1.0000 0.5805 0.1782 0.0547 0.0168 0.0052 0.0016 1.0000 1.0000 1.0000 1.0000 0.3946 0.1211 0.0372 0.0114 0.0035 0.0011 1.0000 1.0000 1.0000 0.8737 0.2682 0.0823 0.0253 0.0078 0.0024 0.0007 1.0000 1.0000 1.0000 0.5939 0.1823 0.0560 0.0172 0.0053 0.0016 1.0000 1.0000
1.0000 0.0015 0.0045 0.0148 0.0481 0.1566 0.5101 1.0000 1.0000 1.0000 0.0006 0.0020 0.0067 0.0217 0.0707 0.2303 0.7504 1.0000 1.0000 1.0000 0.0009 0.0030 0.0098 0.0319 0.1040 0.3389 1.0000 1.0000 1.0000 1.0000 0.0014 0.0044 0.0144 0.0470 0.1530 0.4985 1.0000 1.0000 1.0000 1.0000 0.0020 0.0065 0.0212 0.0690 0.2247 0.7321 1.0000 1.0000 1.0000 0.0012 0.0022 1.0000 1.0000 1.0000 1.0000 0.5927 0.1823 0.0559 0.0172 0.0053 0.0016 1.0000 1.0000 1.0000 1.0000 0.4037 0.1241 0.0380 0.0117 0.0036 0.0011 1.0000 1.0000 1.0000 0.8956 0.2744 0.0844 0.0259 0.0080 0.0024 1.0000 1.0000 1.0000 1.0000 0.6087 0.1865 0.0574 0.0176 0.0054 0.0017 1.0000 1.0000 1.0000 1.0000 0.4138 0.1268 0.0390 0.0120 0.0036 0.0012 1.0000
0.0008 0.0049 0.0145 0.0478 0.1557 0.5072 1.0000 1.0000 1.0000 0.0006 0.0020 0.0066 0.0216 0.0703 0.2290 0.7461 1.0000 1.0000 1.0000 0.0009 0.0030 0.0097 0.0317 0.1034 0.3369 1.0000 1.0000 1.0000 1.0000 0.0014 0.0044 0.0143 0.0467 0.1522 0.4957 1.0000 1.0000 1.0000 1.0000 0.0020 0.0065 0.0211 0.0686 0.2234 0.7279 1.0000 1.0000 1.0000 0.0009 0.0037 0.0013 1.0000 1.0000 1.0000 0.8540 0.2616 0.0803 0.0247 0.0076 0.0023 0.0007 1.0000 1.0000 1.0000 0.5805 0.1782 0.0547 0.0168 0.0052 0.0016 1.0000 1.0000 1.0000 1.0000 0.3946 0.1211 0.0372 0.0114 0.0035 0.0011 1.0000 1.0000 1.0000 0.8737 0.2682 0.0823 0.0253 0.0078 0.0024 0.0007 1.0000 1.0000 1.0000 0.5939 0.1823 0.0560 0.0172 0.0053 0.0016 1.0000 1.0000
0.0025 0.0157 0.0468 0.1542 0.5014 1.0000 1.0000 1.0000 0.0006 0.0020 0.0065 0.0213 0.0695 0.2264 0.7376 1.0000 1.0000 1.0000 0.0009 0.0030 0.0096 0.0314 0.1023 0.3331 1.0000 1.0000 1.0000 1.0000 0.0013 0.0044 0.0142 0.0462 0.1504 0.4901 1.0000 1.0000 1.0000 1.0000 0.0020 0.0064 0.0208 0.0678 0.2209 0.7196 1.0000 1.0000 1.0000 0.0009 0.0030 0.0100 0.0143 0.5130 1.0000 0.8315 0.2264 0.0699 0.0215 0.0066 0.0020 0.0006 1.0000 1.0000 1.0000 0.5062 0.1554 0.0477 0.0146 0.0045 0.0014 1.0000 1.0000 1.0000 1.0000 0.3441 0.1056 0.0324 0.0100 0.0031 0.0009 1.0000 1.0000 1.0000 0.7619 0.2339 0.0718 0.0220 0.0068 0.0021 0.0006 1.0000 1.0000 1.0000 0.5179 0.1590 0.0488 0.0150 0.0046 0.0014 1.0000 1.0000 1.0000
0.0083 0.0517 0.1539 0.5072 1.0000 1.0000 1.0000 0.0006 0.0020 0.0066 0.0215 0.0700 0.2282 0.7433 1.0000 1.0000 1.0000 0.0009 0.0030 0.0097 0.0316 0.1030 0.3357 1.0000 1.0000 1.0000 1.0000 0.0013 0.0044 0.0143 0.0465 0.1516 0.4938 1.0000 1.0000 1.0000 1.0000 0.0020 0.0065 0.0210 0.0685 0.2230 0.7265 1.0000 1.0000 1.0000 0.0009 0.0029 0.0097 0.0309 0.0597 0.9590 1.0000 0.2269 0.0690 0.0215 0.0066 0.0020 0.0006 1.0000 1.0000 1.0000 0.5043 0.1551 0.0475 0.0146 0.0045 0.0014 1.0000 1.0000 1.0000 1.0000 0.3434 0.1054 0.0324 0.0099 0.0030 0.0009 1.0000 1.0000 1.0000 0.7604 0.2334 0.0717 0.0220 0.0068 0.0021 0.0006 1.0000 1.0000 1.0000 0.5169 0.1587 0.0487 0.0150 0.0046 0.0014 1.0000 1.0000 1.0000 0.6372
0.0315 0.1993 0.5916 1.0000 1.0000 1.0000 0.0007 0.0024 0.0078 0.0254 0.0828 0.2697 0.8787 1.0000 1.0000 1.0000 0.0011 0.0035 0.0115 0.0374 0.1218 0.3968 1.0000 1.0000 1.0000 1.0000 0.0016 0.0052 0.0169 0.0550 0.1792 0.5838 1.0000 1.0000 1.0000 1.0000 0.0023 0.0076 0.0248 0.0809 0.2636 0.8589 1.0000 1.0000 1.0000 0.0011 0.0035 0.0112 0.0368 0.1186 0.4431 0.9536 0.2533 0.0683 0.0216 0.0066 0.0020 0.0006 1.0000 1.0000 1.0000 0.5101 0.1566 0.0481 0.0148 0.0045 0.0014 1.0000 1.0000 1.0000 1.0000 0.3467 0.1064 0.0327 0.0100 0.0031 0.0009 1.0000 1.0000 1.0000 0.7677 0.2357 0.0723 0.0222 0.0068 0.0021 0.0006 1.0000 1.0000 1.0000 0.5218 0.1602 0.0492 0.0151 0.0046 0.0014 1.0000 1.0000 1.0000 1.0000 0.1975
0.0618 0.3741 1.0000 1.0000 1.0000 1.0000 0.0014 0.0045 0.0145 0.0472 0.1539 0.5014 1.0000 1.0000 1.0000 1.0000 0.0020 0.0065 0.0213 0.0695 0.2264 0.7376 1.0000 1.0000 1.0000 0.0009 0.0030 0.0096 0.0314 0.1023 0.3331 1.0000 1.0000 1.0000 1.0000 0.0013 0.0044 0.0142 0.0462 0.1504 0.4901 1.0000 1.0000 1.0000 1.0000 0.0020 0.0064 0.0207 0.0674 0.2366 0.6396 0.2978 0.0687 0.0213 0.0066 0.0020 0.0006 1.0000 1.0000 1.0000 0.5130 0.1575 0.0483 0.0148 0.0046 0.0014 1.0000 1.0000 1.0000 1.0000 0.3487 0.1070 0.0329 0.0101 0.0031 0.0010 1.0000 1.0000 1.0000 0.7721 0.2370 0.0728 0.0223 0.0069 0.0021 0.0006 1.0000 1.0000 1.0000 0.5248 0.1611 0.0495 0.0152 0.0047 0.0014 1.0000 1.0000 1.0000 1.0000 0.3857 0.0610
