-0.1021 -0.0797 -0.0288 0.0138 0.0669 0.1297 -0.0821 -0.1947 -0.2176 -0.2068 -0.1340 -0.0598 -0.0168 0.0257 0.0919 0.0840 -0.1275 -0.2032 -0.2193 -0.1931 -0.1079 -0.0470 -0.0048 0.0390 0.1334 0.0126 -0.1725 -0.2102 -0.2178 -0.1736 -0.0853 -0.0355 0.0070 0.0556 0.1408 -0.0522 -0.1893 -0.2155 -0.2122 -0.1494 -0.0680 -0.0237 0.0187 0.0764 0.1148 -0.1019 -0.1984 -0.2187 -0.1989 -0.1192 -0.0827 -0.1192 -0.1989 -0.2187 -0.1984 -0.1019 0.1148 0.0764 0.0187 -0.0237 -0.0680 -0.1494 -0.2122 -0.2155 -0.1893 -0.0522 0.1408 0.0556 0.0070 -0.0355 -0.0853 -0.1736 -0.2178 -0.2102 -0.1725 0.0126 0.1334 0.0390 -0.0048 -0.0470 -0.1079 -0.1931 -0.2193 -0.2032 -0.1275 0.0840 0.0919 0.0257 -0.0168 -0.0598 -0.1340 -0.2068 -0.2176 -0.1947 -0.0821 0.1297 0.0669 0.0138 -0.0288 -0.0797 -0.1021
-0.0797 -0.0014 0.0323 0.0839 0.1639 -0.1178 -0.3269 -0.3342 -0.2959 -0.1665 -0.0456 0.0072 0.0433 0.1107 0.1125 -0.1931 -0.3316 -0.3298 -0.2705 -0.1205 -0.0277 0.0174 0.0558 0.1598 0.0154 -0.2963 -0.3345 -0.3211 -0.2362 -0.0830 -0.0124 0.0269 0.0724 0.1728 -0.0750 -0.3235 -0.3351 -0.3071 -0.1937 -0.0570 0.0006 0.0368 0.0938 0.1487 -0.1484 -0.3291 -0.3329 -0.2862 -0.1406 -0.0298 0.0048 -0.0298 -0.1406 -0.2862 -0.3329 -0.3291 -0.1484 0.1487 0.0938 0.0368 0.0006 -0.0570 -0.1937 -0.3071 -0.3351 -0.3235 -0.0750 0.1728 0.0724 0.0269 -0.0124 -0.0830 -0.2362 -0.3211 -0.3345 -0.2963 0.0154 0.1598 0.0558 0.0174 -0.0277 -0.1205 -0.2705 -0.3298 -0.3316 -0.1931 0.1125 0.1107 0.0433 0.0072 -0.0456 -0.1665 -0.2959 -0.3342 -0.3269 -0.1178 0.1639 0.0839 0.0323 -0.0014 -0.0797
-0.0288 0.0323 0.0841 0.1635 -0.1192 -0.3270 -0.3342 -0.2950 -0.1630 -0.0447 0.0039 0.0413 0.1113 0.1110 -0.1948 -0.3317 -0.3297 -0.2689 -0.1171 -0.0283 0.0136 0.0559 0.1612 0.0135 -0.2989 -0.3346 -0.3208 -0.2339 -0.0803 -0.0142 0.0229 0.0728 0.1728 -0.0765 -0.3236 -0.3352 -0.3064 -0.1905 -0.0553 -0.0022 0.0336 0.0943 0.1479 -0.1499 -0.3292 -0.3327 -0.2851 -0.1433 -0.0373 0.0123 0.0371 0.0123 -0.0373 -0.1433 -0.2851 -0.3327 -0.3292 -0.1499 0.1479 0.0943 0.0336 -0.0022 -0.0553 -0.1905 -0.3064 -0.3352 -0.3236 -0.0765 0.1728 0.0728 0.0229 -0.0142 -0.0803 -0.2339 -0.3208 -0.3346 -0.2989 0.0135 0.1612 0.0559 0.0136 -0.0283 -0.1171 -0.2689 -0.3297 -0.3317 -0.1948 0.1110 0.1113 0.0413 0.0039 -0.0447 -0.1630 -0.2950 -0.3342 -0.3270 -0.1192 0.1635 0.0841 0.0323 -0.0288
0.0138 0.0839 0.1635 -0.1199 -0.3271 -0.3342 -0.2947 -0.1624 -0.0444 0.0045 0.0415 0.1119 0.1096 -0.1963 -0.3318 -0.3296 -0.2685 -0.1166 -0.0278 0.0142 0.0561 0.1625 0.0117 -0.3013 -0.3347 -0.3206 -0.2333 -0.0799 -0.0136 0.0234 0.0731 0.1726 -0.0779 -0.3237 -0.3352 -0.3061 -0.1899 -0.0550 -0.0016 0.0339 0.0947 0.1470 -0.1512 -0.3293 -0.3327 -0.2846 -0.1426 -0.0373 0.0088 0.0510 0.0893 0.0510 0.0088 -0.0373 -0.1426 -0.2846 -0.3327 -0.3293 -0.1512 0.1470 0.0947 0.0339 -0.0016 -0.0550 -0.1899 -0.3061 -0.3352 -0.3237 -0.0779 0.1726 0.0731 0.0234 -0.0136 -0.0799 -0.2333 -0.3206 -0.3347 -0.3013 0.0117 0.1625 0.0561 0.0142 -0.0278 -0.1166 -0.2685 -0.3296 -0.3318 -0.1963 0.1096 0.1119 0.0415 0.0045 -0.0444 -0.1624 -0.2947 -0.3342 -0.3271 -0.1199 0.1635 0.0839 0.0138
0.0669 0.1639 -0.1192 -0.3271 -0.3342 -0.2943 -0.1617 -0.0441 0.0046 0.0418 0.1125 0.1082 -0.1977 -0.3319 -0.3294 -0.2679 -0.1158 -0.0276 0.0143 0.0564 0.1638 0.0099 -0.3036 -0.3347 -0.3204 -0.2326 -0.0794 -0.0135 0.0235 0.0734 0.1725 -0.0793 -0.3238 -0.3352 -0.3058 -0.1891 -0.0546 -0.0015 0.0341 0.0952 0.1462 -0.1524 -0.3294 -0.3326 -0.2842 -0.1416 -0.0368 0.0087 0.0480 0.1199 0.1416 0.1199 0.0480 0.0087 -0.0368 -0.1416 -0.2842 -0.3326 -0.3294 -0.1524 0.1462 0.0952 0.0341 -0.0015 -0.0546 -0.1891 -0.3058 -0.3352 -0.3238 -0.0793 0.1725 0.0734 0.0235 -0.0135 -0.0794 -0.2326 -0.3204 -0.3347 -0.3036 0.0099 0.1638 0.0564 0.0143 -0.0276 -0.1158 -0.2679 -0.3294 -0.3319 -0.1977 0.1082 0.1125 0.0418 0.0046 -0.0441 -0.1617 -0.2943 -0.3342 -0.3271 -0.1192 0.1639 0.0669
0.1297 -0.1178 -0.3270 -0.3342 -0.2943 -0.1614 -0.0438 0.0048 0.0420 0.1131 0.1068 -0.1992 -0.3320 -0.3293 -0.2674 -0.1151 -0.0273 0.0145 0.0567 0.1651 0.0081 -0.3060 -0.3347 -0.3202 -0.2319 -0.0788 -0.0132 0.0237 0.0738 0.1724 -0.0806 -0.3240 -0.3351 -0.3055 -0.1883 -0.0543 -0.0013 0.0343 0.0956 0.1453 -0.1537 -0.3295 -0.3325 -0.2838 -0.1408 -0.0365 0.0090 0.0479 0.1326 0.0599 -0.1554 0.0599 0.1326 0.0479 0.0090 -0.0365 -0.1408 -0.2838 -0.3325 -0.3295 -0.1537 0.1453 0.0956 0.0343 -0.0013 -0.0543 -0.1883 -0.3055 -0.3351 -0.3240 -0.0806 0.1724 0.0738 0.0237 -0.0132 -0.0788 -0.2319 -0.3202 -0.3347 -0.3060 0.0081 0.1651 0.0567 0.0145 -0.0273 -0.1151 -0.2674 -0.3293 -0.3320 -0.1992 0.1068 0.1131 0.0420 0.0048 -0.0438 -0.1614 -0.2943 -0.3342 -0.3270 -0.1178 0.1297
-0.0821 -0.3269 -0.3342 -0.2947 -0.1617 -0.0438 0.0049 0.0422 0.1137 0.1053 -0.2007 -0.3320 -0.3292 -0.2669 -0.1144 -0.0271 0.0146 0.0569 0.1665 0.0064 -0.3084 -0.3348 -0.3200 -0.2312 -0.0783 -0.0130 0.0238 0.0741 0.1722 -0.0819 -0.3241 -0.3351 -0.3052 -0.1875 -0.0540 -0.0011 0.0345 0.0961 0.1445 -0.1550 -0.3296 -0.3325 -0.2833 -0.1400 -0.0363 0.0092 0.0482 0.1318 0.0613 -0.2474 -0.3285 -0.2474 0.0613 0.1318 0.0482 0.0092 -0.0363 -0.1400 -0.2833 -0.3325 -0.3296 -0.1550 0.1445 0.0961 0.0345 -0.0011 -0.0540 -0.1875 -0.3052 -0.3351 -0.3241 -0.0819 0.1722 0.0741 0.0238 -0.0130 -0.0783 -0.2312 -0.3200 -0.3348 -0.3084 0.0064 0.1665 0.0569 0.0146 -0.0271 -0.1144 -0.2669 -0.3292 -0.3320 -0.2007 0.1053 0.1137 0.0422 0.0049 -0.0438 -0.1617 -0.2947 -0.3342 -0.3269 -0.0821
-0.1947 -0.3342 -0.2950 -0.1624 -0.0441 0.0048 0.0422 0.1140 0.1041 -0.2022 -0.3321 -0.3291 -0.2663 -0.1137 -0.0268 0.0148 0.0572 0.1679 0.0046 -0.3108 -0.3348 -0.3198 -0.2305 -0.0778 -0.0128 0.0240 0.0744 0.1721 -0.0833 -0.3242 -0.3351 -0.3049 -0.1866 -0.0536 -0.0009 0.0347 0.0966 0.1436 -0.1563 -0.3296 -0.3324 -0.2829 -0.1392 -0.0360 0.0093 0.0485 0.1319 0.0643 -0.2445 -0.3354 -0.3395 -0.3354 -0.2445 0.0643 0.1319 0.0485 0.0093 -0.0360 -0.1392 -0.2829 -0.3324 -0.3296 -0.1563 0.1436 0.0966 0.0347 -0.0009 -0.0536 -0.1866 -0.3049 -0.3351 -0.3242 -0.0833 0.1721 0.0744 0.0240 -0.0128 -0.0778 -0.2305 -0.3198 -0.3348 -0.3108 0.0046 0.1679 0.0572 0.0148 -0.0268 -0.1137 -0.2663 -0.3291 -0.3321 -0.2022 0.1041 0.1140 0.0422 0.0048 -0.0441 -0.1624 -0.2950 -0.3342 -0.1947
-0.2176 -0.2959 -0.1630 -0.0444 0.0046 0.0420 0.1137 0.1041 -0.2029 -0.3321 -0.3290 -0.2658 -0.1129 -0.0265 0.0149 0.0575 0.1693 0.0029 -0.3133 -0.3348 -0.3196 -0.2298 -0.0773 -0.0126 0.0242 0.0747 0.1719 -0.0846 -0.3243 -0.3351 -0.3046 -0.1858 -0.0533 -0.0007 0.0349 0.0970 0.1427 -0.1576 -0.3297 -0.3323 -0.2824 -0.1384 -0.0357 0.0095 0.0487 0.1327 0.0625 -0.2434 -0.3330 -0.3271 -0.3056 -0.3271 -0.3330 -0.2434 0.0625 0.1327 0.0487 0.0095 -0.0357 -0.1384 -0.2824 -0.3323 -0.3297 -0.1576 0.1427 0.0970 0.0349 -0.0007 -0.0533 -0.1858 -0.3046 -0.3351 -0.3243 -0.0846 0.1719 0.0747 0.0242 -0.0126 -0.0773 -0.2298 -0.3196 -0.3348 -0.3133 0.0029 0.1693 0.0575 0.0149 -0.0265 -0.1129 -0.2658 -0.3290 -0.3321 -0.2029 0.1041 0.1137 0.0420 0.0046 -0.0444 -0.1630 -0.2959 -0.2176
-0.2068 -0.1665 -0.0447 0.0045 0.0418 0.1131 0.1053 -0.2022 -0.3321 -0.3290 -0.2653 -0.1123 -0.0263 0.0151 0.0578 0.1703 0.0012 -0.3157 -0.3348 -0.3193 -0.2291 -0.0768 -0.0123 0.0243 0.0751 0.1717 -0.0859 -0.3244 -0.3351 -0.3042 -0.1850 -0.0530 -0.0005 0.0352 0.0975 0.1417 -0.1589 -0.3298 -0.3322 -0.2820 -0.1376 -0.0354 0.0097 0.0490 0.1336 0.0607 -0.2452 -0.3335 -0.3227 -0.2493 -0.1694 -0.2493 -0.3227 -0.3335 -0.2452 0.0607 0.1336 0.0490 0.0097 -0.0354 -0.1376 -0.2820 -0.3322 -0.3298 -0.1589 0.1417 0.0975 0.0352 -0.0005 -0.0530 -0.1850 -0.3042 -0.3351 -0.3244 -0.0859 0.1717 0.0751 0.0243 -0.0123 -0.0768 -0.2291 -0.3193 -0.3348 -0.3157 0.0012 0.1703 0.0578 0.0151 -0.0263 -0.1123 -0.2653 -0.3290 -0.3321 -0.2022 0.1053 0.1131 0.0418 0.0045 -0.0447 -0.1665 -0.2068
-0.1340 -0.0456 0.0039 0.0415 0.1125 0.1068 -0.2007 -0.3321 -0.3290 -0.2653 -0.1120 -0.0261 0.0153 0.0580 0.1707 -0.0006 -0.3175 -0.3349 -0.3191 -0.2284 -0.0762 -0.0121 0.0245 0.0754 0.1715 -0.0872 -0.3245 -0.3350 -0.3039 -0.1842 -0.0526 -0.0004 0.0354 0.0980 0.1408 -0.1602 -0.3299 -0.3321 -0.2815 -0.1368 -0.0351 0.0098 0.0492 0.1344 0.0589 -0.2471 -0.3336 -0.3253 -0.2443 -0.0877 -0.0332 -0.0877 -0.2443 -0.3253 -0.3336 -0.2471 0.0589 0.1344 0.0492 0.0098 -0.0351 -0.1368 -0.2815 -0.3321 -0.3299 -0.1602 0.1408 0.0980 0.0354 -0.0004 -0.0526 -0.1842 -0.3039 -0.3350 -0.3245 -0.0872 0.1715 0.0754 0.0245 -0.0121 -0.0762 -0.2284 -0.3191 -0.3349 -0.3175 -0.0006 0.1707 0.0580 0.0153 -0.0261 -0.1120 -0.2653 -0.3290 -0.3321 -0.2007 0.1068 0.1125 0.0415 0.0039 -0.0456 -0.1340
-0.0598 0.0072 0.0413 0.1119 0.1082 -0.1992 -0.3320 -0.3291 -0.2658 -0.1123 -0.0261 0.0154 0.0583 0.1709 -0.0023 -0.3180 -0.3349 -0.3189 -0.2277 -0.0757 -0.0119 0.0247 0.0758 0.1713 -0.0886 -0.3246 -0.3350 -0.3036 -0.1834 -0.0523 -0.0002 0.0356 0.0984 0.1398 -0.1615 -0.3300 -0.3321 -0.2810 -0.1360 -0.0348 0.0100 0.0495 0.1353 0.0571 -0.2489 -0.3337 -0.3252 -0.2500 -0.0916 -0.0136 0.0123 -0.0136 -0.0916 -0.2500 -0.3252 -0.3337 -0.2489 0.0571 0.1353 0.0495 0.0100 -0.0348 -0.1360 -0.2810 -0.3321 -0.3300 -0.1615 0.1398 0.0984 0.0356 -0.0002 -0.0523 -0.1834 -0.3036 -0.3350 -0.3246 -0.0886 0.1713 0.0758 0.0247 -0.0119 -0.0757 -0.2277 -0.3189 -0.3349 -0.3180 -0.0023 0.1709 0.0583 0.0154 -0.0261 -0.1123 -0.2658 -0.3291 -0.3320 -0.1992 0.1082 0.1119 0.0413 0.0072 -0.0598
-0.0168 0.0433 0.1113 0.1096 -0.1977 -0.3320 -0.3292 -0.2663 -0.1129 -0.0263 0.0153 0.0583 0.1710 -0.0037 -0.3181 -0.3349 -0.3187 -0.2270 -0.0752 -0.0117 0.0248 0.0761 0.1711 -0.0899 -0.3247 -0.3350 -0.3033 -0.1826 -0.0520 0.0000 0.0358 0.0989 0.1388 -0.1628 -0.3300 -0.3320 -0.2806 -0.1352 -0.0345 0.0102 0.0497 0.1362 0.0554 -0.2507 -0.3337 -0.3250 -0.2494 -0.0942 -0.0193 0.0231 0.0522 0.0231 -0.0193 -0.0942 -0.2494 -0.3250 -0.3337 -0.2507 0.0554 0.1362 0.0497 0.0102 -0.0345 -0.1352 -0.2806 -0.3320 -0.3300 -0.1628 0.1388 0.0989 0.0358 0.0000 -0.0520 -0.1826 -0.3033 -0.3350 -0.3247 -0.0899 0.1711 0.0761 0.0248 -0.0117 -0.0752 -0.2270 -0.3187 -0.3349 -0.3181 -0.0037 0.1710 0.0583 0.0153 -0.0263 -0.1129 -0.2663 -0.3292 -0.3320 -0.1977 0.1096 0.1113 0.0433 -0.0168
0.0257 0.1107 0.1110 -0.1963 -0.3319 -0.3293 -0.2669 -0.1137 -0.0265 0.0151 0.0580 0.1709 -0.0037 -0.3181 -0.3349 -0.3185 -0.2263 -0.0747 -0.0114 0.0250 0.0764 0.1709 -0.0912 -0.3248 -0.3350 -0.3029 -0.1817 -0.0517 0.0002 0.0361 0.0994 0.1378 -0.1641 -0.3301 -0.3319 -0.2801 -0.1344 -0.0343 0.0103 0.0500 0.1371 0.0536 -0.2526 -0.3338 -0.3248 -0.2487 -0.0934 -0.0193 0.0197 0.0683 0.1141 0.0683 0.0197 -0.0193 -0.0934 -0.2487 -0.3248 -0.3338 -0.2526 0.0536 0.1371 0.0500 0.0103 -0.0343 -0.1344 -0.2801 -0.3319 -0.3301 -0.1641 0.1378 0.0994 0.0361 0.0002 -0.0517 -0.1817 -0.3029 -0.3350 -0.3248 -0.0912 0.1709 0.0764 0.0250 -0.0114 -0.0747 -0.2263 -0.3185 -0.3349 -0.3181 -0.0037 0.1709 0.0580 0.0151 -0.0265 -0.1137 -0.2669 -0.3293 -0.3319 -0.1963 0.1110 0.1107 0.0257
0.0919 0.1125 -0.1948 -0.3318 -0.3294 -0.2674 -0.1144 -0.0268 0.0149 0.0578 0.1707 -0.0023 -0.3181 -0.3349 -0.3185 -0.2257 -0.0743 -0.0112 0.0252 0.0768 0.1707 -0.0925 -0.3249 -0.3350 -0.3026 -0.1809 -0.0514 0.0004 0.0363 0.0999 0.1368 -0.1654 -0.3302 -0.3318 -0.2796 -0.1336 -0.0340 0.0105 0.0503 0.1380 0.0518 -0.2545 -0.3338 -0.3246 -0.2480 -0.0927 -0.0189 0.0197 0.0666 0.1522 0.0855 0.1522 0.0666 0.0197 -0.0189 -0.0927 -0.2480 -0.3246 -0.3338 -0.2545 0.0518 0.1380 0.0503 0.0105 -0.0340 -0.1336 -0.2796 -0.3318 -0.3302 -0.1654 0.1368 0.0999 0.0363 0.0004 -0.0514 -0.1809 -0.3026 -0.3350 -0.3249 -0.0925 0.1707 0.0768 0.0252 -0.0112 -0.0743 -0.2257 -0.3185 -0.3349 -0.3181 -0.0023 0.1707 0.0578 0.0149 -0.0268 -0.1144 -0.2674 -0.3294 -0.3318 -0.1948 0.1125 0.0919
0.0840 -0.1931 -0.3317 -0.3296 -0.2679 -0.1151 -0.0271 0.0148 0.0575 0.1703 -0.0006 -0.3180 -0.3349 -0.3185 -0.2257 -0.0741 -0.0110 0.0254 0.0771 0.1705 -0.0938 -0.3250 -0.3349 -0.3023 -0.1801 -0.0510 0.0006 0.0365 0.1004 0.1358 -0.1668 -0.3303 -0.3317 -0.2792 -0.1328 -0.0337 0.0107 0.0505 0.1389 0.0500 -0.2564 -0.3339 -0.3245 -0.2474 -0.0921 -0.0187 0.0199 0.0665 0.1731 -0.0542 -0.2596 -0.0542 0.1731 0.0665 0.0199 -0.0187 -0.0921 -0.2474 -0.3245 -0.3339 -0.2564 0.0500 0.1389 0.0505 0.0107 -0.0337 -0.1328 -0.2792 -0.3317 -0.3303 -0.1668 0.1358 0.1004 0.0365 0.0006 -0.0510 -0.1801 -0.3023 -0.3349 -0.3250 -0.0938 0.1705 0.0771 0.0254 -0.0110 -0.0741 -0.2257 -0.3185 -0.3349 -0.3180 -0.0006 0.1703 0.0575 0.0148 -0.0271 -0.1151 -0.2679 -0.3296 -0.3317 -0.1931 0.0840
-0.1275 -0.3316 -0.3297 -0.2685 -0.1158 -0.0273 0.0146 0.0572 0.1693 0.0012 -0.3175 -0.3349 -0.3187 -0.2263 -0.0743 -0.0110 0.0255 0.0774 0.1702 -0.0951 -0.3251 -0.3349 -0.3019 -0.1793 -0.0507 0.0008 0.0368 0.1009 0.1347 -0.1681 -0.3304 -0.3316 -0.2787 -0.1320 -0.0334 0.0108 0.0508 0.1399 0.0482 -0.2583 -0.3339 -0.3243 -0.2468 -0.0915 -0.0184 0.0201 0.0667 0.1737 -0.0526 -0.3233 -0.3349 -0.3233 -0.0526 0.1737 0.0667 0.0201 -0.0184 -0.0915 -0.2468 -0.3243 -0.3339 -0.2583 0.0482 0.1399 0.0508 0.0108 -0.0334 -0.1320 -0.2787 -0.3316 -0.3304 -0.1681 0.1347 0.1009 0.0368 0.0008 -0.0507 -0.1793 -0.3019 -0.3349 -0.3251 -0.0951 0.1702 0.0774 0.0255 -0.0110 -0.0743 -0.2263 -0.3187 -0.3349 -0.3175 0.0012 0.1693 0.0572 0.0146 -0.0273 -0.1158 -0.2685 -0.3297 -0.3316 -0.1275
-0.2032 -0.3298 -0.2689 -0.1166 -0.0276 0.0145 0.0569 0.1679 0.0029 -0.3157 -0.3349 -0.3189 -0.2270 -0.0747 -0.0112 0.0254 0.0774 0.1701 -0.0961 -0.3252 -0.3349 -0.3016 -0.1784 -0.0504 0.0010 0.0370 0.1014 0.1337 -0.1694 -0.3304 -0.3315 -0.2782 -0.1312 -0.0331 0.0110 0.0510 0.1408 0.0464 -0.2602 -0.3340 -0.3241 -0.2461 -0.0909 -0.0182 0.0202 0.0670 0.1737 -0.0506 -0.3220 -0.3372 -0.3355 -0.3372 -0.3220 -0.0506 0.1737 0.0670 0.0202 -0.0182 -0.0909 -0.2461 -0.3241 -0.3340 -0.2602 0.0464 0.1408 0.0510 0.0110 -0.0331 -0.1312 -0.2782 -0.3315 -0.3304 -0.1694 0.1337 0.1014 0.0370 0.0010 -0.0504 -0.1784 -0.3016 -0.3349 -0.3252 -0.0961 0.1701 0.0774 0.0254 -0.0112 -0.0747 -0.2270 -0.3189 -0.3349 -0.3157 0.0029 0.1679 0.0569 0.0145 -0.0276 -0.1166 -0.2689 -0.3298 -0.2032
-0.2193 -0.2705 -0.1171 -0.0278 0.0143 0.0567 0.1665 0.0046 -0.3133 -0.3348 -0.3191 -0.2277 -0.0752 -0.0114 0.0252 0.0771 0.1702 -0.0961 -0.3253 -0.3349 -0.3013 -0.1776 -0.0501 0.0011 0.0372 0.1019 0.1326 -0.1707 -0.3305 -0.3314 -0.2777 -0.1305 -0.0329 0.0112 0.0513 0.1418 0.0446 -0.2621 -0.3340 -0.3240 -0.2455 -0.0903 -0.0179 0.0204 0.0674 0.1737 -0.0522 -0.3217 -0.3342 -0.3123 -0.2752 -0.3123 -0.3342 -0.3217 -0.0522 0.1737 0.0674 0.0204 -0.0179 -0.0903 -0.2455 -0.3240 -0.3340 -0.2621 0.0446 0.1418 0.0513 0.0112 -0.0329 -0.1305 -0.2777 -0.3314 -0.3305 -0.1707 0.1326 0.1019 0.0372 0.0011 -0.0501 -0.1776 -0.3013 -0.3349 -0.3253 -0.0961 0.1702 0.0771 0.0252 -0.0114 -0.0752 -0.2277 -0.3191 -0.3348 -0.3133 0.0046 0.1665 0.0567 0.0143 -0.0278 -0.1171 -0.2705 -0.2193
-0.1931 -0.1205 -0.0283 0.0142 0.0564 0.1651 0.0064 -0.3108 -0.3348 -0.3193 -0.2284 -0.0757 -0.0117 0.0250 0.0768 0.1705 -0.0951 -0.3252 -0.3349 -0.3012 -0.1769 -0.0498 0.0013 0.0374 0.1024 0.1315 -0.1721 -0.3306 -0.3314 -0.2773 -0.1297 -0.0326 0.0113 0.0515 0.1428 0.0428 -0.2641 -0.3340 -0.3238 -0.2448 -0.0897 -0.0177 0.0206 0.0677 0.1737 -0.0537 -0.3218 -0.3352 -0.3072 -0.1991 -0.1101 -0.1991 -0.3072 -0.3352 -0.3218 -0.0537 0.1737 0.0677 0.0206 -0.0177 -0.0897 -0.2448 -0.3238 -0.3340 -0.2641 0.0428 0.1428 0.0515 0.0113 -0.0326 -0.1297 -0.2773 -0.3314 -0.3306 -0.1721 0.1315 0.1024 0.0374 0.0013 -0.0498 -0.1769 -0.3012 -0.3349 -0.3252 -0.0951 0.1705 0.0768 0.0250 -0.0117 -0.0757 -0.2284 -0.3193 -0.3348 -0.3108 0.0064 0.1651 0.0564 0.0142 -0.0283 -0.1205 -0.1931
-0.1079 -0.0277 0.0136 0.0561 0.1638 0.0081 -0.3084 -0.3348 -0.3196 -0.2291 -0.0762 -0.0119 0.0248 0.0764 0.1707 -0.0938 -0.3251 -0.3349 -0.3013 -0.1769 -0.0496 0.0015 0.0377 0.1029 0.1303 -0.1734 -0.3307 -0.3313 -0.2768 -0.1289 -0.0323 0.0115 0.0518 0.1438 0.0410 -0.2661 -0.3341 -0.3236 -0.2442 -0.0891 -0.0175 0.0207 0.0680 0.1737 -0.0551 -0.3220 -0.3353 -0.3108 -0.1959 -0.0539 -0.0130 -0.0539 -0.1959 -0.3108 -0.3353 -0.3220 -0.0551 0.1737 0.0680 0.0207 -0.0175 -0.0891 -0.2442 -0.3236 -0.3341 -0.2661 0.0410 0.1438 0.0518 0.0115 -0.0323 -0.1289 -0.2768 -0.3313 -0.3307 -0.1734 0.1303 0.1029 0.0377 0.0015 -0.0496 -0.1769 -0.3013 -0.3349 -0.3251 -0.0938 0.1707 0.0764 0.0248 -0.0119 -0.0762 -0.2291 -0.3196 -0.3348 -0.3084 0.0081 0.1638 0.0561 0.0136 -0.0277 -0.1079
-0.0470 0.0174 0.0559 0.1625 0.0099 -0.3060 -0.3348 -0.3198 -0.2298 -0.0768 -0.0121 0.0247 0.0761 0.1709 -0.0925 -0.3250 -0.3349 -0.3016 -0.1776 -0.0498 0.0015 0.0378 0.1033 0.1292 -0.1748 -0.3307 -0.3312 -0.2763 -0.1281 -0.0320 0.0117 0.0521 0.1448 0.0392 -0.2681 -0.3341 -0.3235 -0.2436 -0.0885 -0.0172 0.0209 0.0683 0.1737 -0.0566 -0.3221 -0.3353 -0.3106 -0.2021 -0.0600 0.0004 0.0229 0.0004 -0.0600 -0.2021 -0.3106 -0.3353 -0.3221 -0.0566 0.1737 0.0683 0.0209 -0.0172 -0.0885 -0.2436 -0.3235 -0.3341 -0.2681 0.0392 0.1448 0.0521 0.0117 -0.0320 -0.1281 -0.2763 -0.3312 -0.3307 -0.1748 0.1292 0.1033 0.0378 0.0015 -0.0498 -0.1776 -0.3016 -0.3349 -0.3250 -0.0925 0.1709 0.0761 0.0247 -0.0121 -0.0768 -0.2298 -0.3198 -0.3348 -0.3060 0.0099 0.1625 0.0559 0.0174 -0.0470
-0.0048 0.0558 0.1612 0.0117 -0.3036 -0.3347 -0.3200 -0.2305 -0.0773 -0.0123 0.0245 0.0758 0.1711 -0.0912 -0.3249 -0.3349 -0.3019 -0.1784 -0.0501 0.0013 0.0377 0.1033 0.1287 -0.1759 -0.3308 -0.3311 -0.2758 -0.1274 -0.0317 0.0118 0.0523 0.1458 0.0374 -0.2701 -0.3342 -0.3233 -0.2429 -0.0879 -0.0170 0.0210 0.0686 0.1736 -0.0580 -0.3222 -0.3353 -0.3102 -0.2013 -0.0603 -0.0043 0.0348 0.0689 0.0348 -0.0043 -0.0603 -0.2013 -0.3102 -0.3353 -0.3222 -0.0580 0.1736 0.0686 0.0210 -0.0170 -0.0879 -0.2429 -0.3233 -0.3342 -0.2701 0.0374 0.1458 0.0523 0.0118 -0.0317 -0.1274 -0.2758 -0.3311 -0.3308 -0.1759 0.1287 0.1033 0.0377 0.0013 -0.0501 -0.1784 -0.3019 -0.3349 -0.3249 -0.0912 0.1711 0.0758 0.0245 -0.0123 -0.0773 -0.2305 -0.3200 -0.3347 -0.3036 0.0117 0.1612 0.0558 -0.0048
0.0390 0.1598 0.0135 -0.3013 -0.3347 -0.3202 -0.2312 -0.0778 -0.0126 0.0243 0.0754 0.1713 -0.0899 -0.3248 -0.3350 -0.3023 -0.1793 -0.0504 0.0011 0.0374 0.1029 0.1292 -0.1759 -0.3308 -0.3310 -0.2754 -0.1266 -0.0315 0.0120 0.0526 0.1468 0.0356 -0.2721 -0.3342 -0.3231 -0.2423 -0.0873 -0.0167 0.0212 0.0689 0.1736 -0.0594 -0.3223 -0.3353 -0.3100 -0.2003 -0.0597 -0.0044 0.0314 0.0889 0.1454 0.0889 0.0314 -0.0044 -0.0597 -0.2003 -0.3100 -0.3353 -0.3223 -0.0594 0.1736 0.0689 0.0212 -0.0167 -0.0873 -0.2423 -0.3231 -0.3342 -0.2721 0.0356 0.1468 0.0526 0.0120 -0.0315 -0.1266 -0.2754 -0.3310 -0.3308 -0.1759 0.1292 0.1029 0.0374 0.0011 -0.0504 -0.1793 -0.3023 -0.3350 -0.3248 -0.0899 0.1713 0.0754 0.0243 -0.0126 -0.0778 -0.2312 -0.3202 -0.3347 -0.3013 0.0135 0.1598 0.0390
0.1334 0.0154 -0.2989 -0.3347 -0.3204 -0.2319 -0.0783 -0.0128 0.0242 0.0751 0.1715 -0.0886 -0.3247 -0.3350 -0.3026 -0.1801 -0.0507 0.0010 0.0372 0.1024 0.1303 -0.1748 -0.3308 -0.3310 -0.2752 -0.1259 -0.0312 0.0121 0.0528 0.1479 0.0338 -0.2742 -0.3342 -0.3229 -0.2416 -0.0867 -0.0165 0.0214 0.0692 0.1736 -0.0609 -0.3224 -0.3353 -0.3097 -0.1995 -0.0593 -0.0040 0.0313 0.0905 0.1528 -0.0297 0.1528 0.0905 0.0313 -0.0040 -0.0593 -0.1995 -0.3097 -0.3353 -0.3224 -0.0609 0.1736 0.0692 0.0214 -0.0165 -0.0867 -0.2416 -0.3229 -0.3342 -0.2742 0.0338 0.1479 0.0528 0.0121 -0.0312 -0.1259 -0.2752 -0.3310 -0.3308 -0.1748 0.1303 0.1024 0.0372 0.0010 -0.0507 -0.1801 -0.3026 -0.3350 -0.3247 -0.0886 0.1715 0.0751 0.0242 -0.0128 -0.0783 -0.2319 -0.3204 -0.3347 -0.2989 0.0154 0.1334
0.0126 -0.2963 -0.3346 -0.3206 -0.2326 -0.0788 -0.0130 0.0240 0.0747 0.1717 -0.0872 -0.3246 -0.3350 -0.3029 -0.1809 -0.0510 0.0008 0.0370 0.1019 0.1315 -0.1734 -0.3307 -0.3311 -0.2754 -0.1259 -0.0311 0.0123 0.0531 0.1490 0.0320 -0.2763 -0.3343 -0.3227 -0.2409 -0.0862 -0.0163 0.0215 0.0695 0.1735 -0.0623 -0.3225 -0.3353 -0.3094 -0.1987 -0.0589 -0.0038 0.0316 0.0902 0.1530 -0.1426 -0.3198 -0.1426 0.1530 0.0902 0.0316 -0.0038 -0.0589 -0.1987 -0.3094 -0.3353 -0.3225 -0.0623 0.1735 0.0695 0.0215 -0.0163 -0.0862 -0.2409 -0.3227 -0.3343 -0.2763 0.0320 0.1490 0.0531 0.0123 -0.0311 -0.1259 -0.2754 -0.3311 -0.3307 -0.1734 0.1315 0.1019 0.0370 0.0008 -0.0510 -0.1809 -0.3029 -0.3350 -0.3246 -0.0872 0.1717 0.0747 0.0240 -0.0130 -0.0788 -0.2326 -0.3206 -0.3346 -0.2963 0.0126
-0.1725 -0.3345 -0.3208 -0.2333 -0.0794 -0.0132 0.0238 0.0744 0.1719 -0.0859 -0.3245 -0.3350 -0.3033 -0.1817 -0.0514 0.0006 0.0368 0.1014 0.1326 -0.1721 -0.3307 -0.3312 -0.2758 -0.1266 -0.0312 0.0123 0.0532 0.1499 0.0302 -0.2784 -0.3343 -0.3226 -0.2403 -0.0856 -0.0160 0.0217 0.0698 0.1735 -0.0637 -0.3226 -0.3353 -0.3091 -0.1979 -0.0586 -0.0036 0.0318 0.0904 0.1547 -0.1409 -0.3303 -0.3389 -0.3303 -0.1409 0.1547 0.0904 0.0318 -0.0036 -0.0586 -0.1979 -0.3091 -0.3353 -0.3226 -0.0637 0.1735 0.0698 0.0217 -0.0160 -0.0856 -0.2403 -0.3226 -0.3343 -0.2784 0.0302 0.1499 0.0532 0.0123 -0.0312 -0.1266 -0.2758 -0.3312 -0.3307 -0.1721 0.1326 0.1014 0.0368 0.0006 -0.0514 -0.1817 -0.3033 -0.3350 -0.3245 -0.0859 0.1719 0.0744 0.0238 -0.0132 -0.0794 -0.2333 -0.3208 -0.3345 -0.1725
-0.2102 -0.3211 -0.2339 -0.0799 -0.0135 0.0237 0.0741 0.1721 -0.0846 -0.3244 -0.3350 -0.3036 -0.1826 -0.0517 0.0004 0.0365 0.1009 0.1337 -0.1707 -0.3306 -0.3313 -0.2763 -0.1274 -0.0315 0.0121 0.0531 0.1499 0.0293 -0.2801 -0.3344 -0.3224 -0.2396 -0.0850 -0.0158 0.0218 0.0701 0.1735 -0.0651 -0.3227 -0.3353 -0.3088 -0.1971 -0.0582 -0.0034 0.0320 0.0908 0.1540 -0.1397 -0.3285 -0.3351 -0.3254 -0.3351 -0.3285 -0.1397 0.1540 0.0908 0.0320 -0.0034 -0.0582 -0.1971 -0.3088 -0.3353 -0.3227 -0.0651 0.1735 0.0701 0.0218 -0.0158 -0.0850 -0.2396 -0.3224 -0.3344 -0.2801 0.0293 0.1499 0.0531 0.0121 -0.0315 -0.1274 -0.2763 -0.3313 -0.3306 -0.1707 0.1337 0.1009 0.0365 0.0004 -0.0517 -0.1826 -0.3036 -0.3350 -0.3244 -0.0846 0.1721 0.0741 0.0237 -0.0135 -0.0799 -0.2339 -0.3211 -0.2102
-0.2178 -0.2362 -0.0803 -0.0136 0.0235 0.0738 0.1722 -0.0833 -0.3243 -0.3351 -0.3039 -0.1834 -0.0520 0.0002 0.0363 0.1004 0.1347 -0.1694 -0.3305 -0.3314 -0.2768 -0.1281 -0.0317 0.0120 0.0528 0.1490 0.0302 -0.2801 -0.3344 -0.3222 -0.2391 -0.0844 -0.0156 0.0220 0.0704 0.1734 -0.0665 -0.3229 -0.3353 -0.3085 -0.1964 -0.0578 -0.0032 0.0322 0.0913 0.1533 -0.1410 -0.3285 -0.3314 -0.2881 -0.2308 -0.2881 -0.3314 -0.3285 -0.1410 0.1533 0.0913 0.0322 -0.0032 -0.0578 -0.1964 -0.3085 -0.3353 -0.3229 -0.0665 0.1734 0.0704 0.0220 -0.0156 -0.0844 -0.2391 -0.3222 -0.3344 -0.2801 0.0302 0.1490 0.0528 0.0120 -0.0317 -0.1281 -0.2768 -0.3314 -0.3305 -0.1694 0.1347 0.1004 0.0363 0.0002 -0.0520 -0.1834 -0.3039 -0.3351 -0.3243 -0.0833 0.1722 0.0738 0.0235 -0.0136 -0.0803 -0.2362 -0.2178
-0.1736 -0.0830 -0.0142 0.0234 0.0734 0.1724 -0.0819 -0.3242 -0.3351 -0.3042 -0.1842 -0.0523 0.0000 0.0361 0.0999 0.1358 -0.1681 -0.3304 -0.3314 -0.2773 -0.1289 -0.0320 0.0118 0.0526 0.1479 0.0320 -0.2784 -0.3344 -0.3222 -0.2388 -0.0840 -0.0153 0.0222 0.0708 0.1733 -0.0679 -0.3230 -0.3353 -0.3082 -0.1956 -0.0575 -0.0031 0.0324 0.0917 0.1525 -0.1423 -0.3287 -0.3331 -0.2826 -0.1413 -0.0652 -0.1413 -0.2826 -0.3331 -0.3287 -0.1423 0.1525 0.0917 0.0324 -0.0031 -0.0575 -0.1956 -0.3082 -0.3353 -0.3230 -0.0679 0.1733 0.0708 0.0222 -0.0153 -0.0840 -0.2388 -0.3222 -0.3344 -0.2784 0.0320 0.1479 0.0526 0.0118 -0.0320 -0.1289 -0.2773 -0.3314 -0.3304 -0.1681 0.1358 0.0999 0.0361 0.0000 -0.0523 -0.1842 -0.3042 -0.3351 -0.3242 -0.0819 0.1724 0.0734 0.0234 -0.0142 -0.0830 -0.1736
-0.0853 -0.0124 0.0229 0.0731 0.1725 -0.0806 -0.3241 -0.3351 -0.3046 -0.1850 -0.0526 -0.0002 0.0358 0.0994 0.1368 -0.1668 -0.3304 -0.3315 -0.2777 -0.1297 -0.0323 0.0117 0.0523 0.1468 0.0338 -0.2763 -0.3343 -0.3224 -0.2391 -0.0840 -0.0152 0.0223 0.0711 0.1733 -0.0693 -0.3231 -0.3353 -0.3079 -0.1947 -0.0571 -0.0029 0.0326 0.0921 0.1518 -0.1435 -0.3288 -0.3332 -0.2873 -0.1416 -0.0317 0.0011 -0.0317 -0.1416 -0.2873 -0.3332 -0.3288 -0.1435 0.1518 0.0921 0.0326 -0.0029 -0.0571 -0.1947 -0.3079 -0.3353 -0.3231 -0.0693 0.1733 0.0711 0.0223 -0.0152 -0.0840 -0.2391 -0.3224 -0.3343 -0.2763 0.0338 0.1468 0.0523 0.0117 -0.0323 -0.1297 -0.2777 -0.3315 -0.3304 -0.1668 0.1368 0.0994 0.0358 -0.0002 -0.0526 -0.1850 -0.3046 -0.3351 -0.3241 -0.0806 0.1725 0.0731 0.0229 -0.0124 -0.0853
-0.0355 0.0269 0.0728 0.1726 -0.0793 -0.3240 -0.3351 -0.3049 -0.1858 -0.0530 -0.0004 0.0356 0.0989 0.1378 -0.1654 -0.3303 -0.3316 -0.2782 -0.1305 -0.0326 0.0115 0.0521 0.1458 0.0356 -0.2742 -0.3343 -0.3226 -0.2396 -0.0844 -0.0153 0.0223 0.0712 0.1732 -0.0707 -0.3232 -0.3352 -0.3076 -0.1939 -0.0567 -0.0027 0.0328 0.0925 0.1511 -0.1448 -0.3289 -0.3330 -0.2870 -0.1468 -0.0385 0.0120 0.0361 0.0120 -0.0385 -0.1468 -0.2870 -0.3330 -0.3289 -0.1448 0.1511 0.0925 0.0328 -0.0027 -0.0567 -0.1939 -0.3076 -0.3352 -0.3232 -0.0707 0.1732 0.0712 0.0223 -0.0153 -0.0844 -0.2396 -0.3226 -0.3343 -0.2742 0.0356 0.1458 0.0521 0.0115 -0.0326 -0.1305 -0.2782 -0.3316 -0.3303 -0.1654 0.1378 0.0989 0.0356 -0.0004 -0.0530 -0.1858 -0.3049 -0.3351 -0.3240 -0.0793 0.1726 0.0728 0.0269 -0.0355
0.0070 0.0724 0.1728 -0.0779 -0.3238 -0.3351 -0.3052 -0.1866 -0.0533 -0.0005 0.0354 0.0984 0.1388 -0.1641 -0.3302 -0.3317 -0.2787 -0.1312 -0.0329 0.0113 0.0518 0.1448 0.0374 -0.2721 -0.3342 -0.3227 -0.2403 -0.0850 -0.0156 0.0222 0.0711 0.1732 -0.0713 -0.3233 -0.3352 -0.3073 -0.1931 -0.0564 -0.0025 0.0330 0.0930 0.1503 -0.1461 -0.3290 -0.3330 -0.2864 -0.1459 -0.0385 0.0081 0.0500 0.0880 0.0500 0.0081 -0.0385 -0.1459 -0.2864 -0.3330 -0.3290 -0.1461 0.1503 0.0930 0.0330 -0.0025 -0.0564 -0.1931 -0.3073 -0.3352 -0.3233 -0.0713 0.1732 0.0711 0.0222 -0.0156 -0.0850 -0.2403 -0.3227 -0.3342 -0.2721 0.0374 0.1448 0.0518 0.0113 -0.0329 -0.1312 -0.2787 -0.3317 -0.3302 -0.1641 0.1388 0.0984 0.0354 -0.0005 -0.0533 -0.1866 -0.3052 -0.3351 -0.3238 -0.0779 0.1728 0.0724 0.0070
0.0556 0.1728 -0.0765 -0.3237 -0.3352 -0.3055 -0.1875 -0.0536 -0.0007 0.0352 0.0980 0.1398 -0.1628 -0.3301 -0.3318 -0.2792 -0.1320 -0.0331 0.0112 0.0515 0.1438 0.0392 -0.2701 -0.3342 -0.3229 -0.2409 -0.0856 -0.0158 0.0220 0.0708 0.1733 -0.0707 -0.3233 -0.3353 -0.3071 -0.1924 -0.0560 -0.0023 0.0332 0.0934 0.1495 -0.1473 -0.3290 -0.3329 -0.2860 -0.1448 -0.0380 0.0080 0.0470 0.1177 0.1430 0.1177 0.0470 0.0080 -0.0380 -0.1448 -0.2860 -0.3329 -0.3290 -0.1473 0.1495 0.0934 0.0332 -0.0023 -0.0560 -0.1924 -0.3071 -0.3353 -0.3233 -0.0707 0.1733 0.0708 0.0220 -0.0158 -0.0856 -0.2409 -0.3229 -0.3342 -0.2701 0.0392 0.1438 0.0515 0.0112 -0.0331 -0.1320 -0.2792 -0.3318 -0.3301 -0.1628 0.1398 0.0980 0.0352 -0.0007 -0.0536 -0.1875 -0.3055 -0.3352 -0.3237 -0.0765 0.1728 0.0556
0.1408 -0.0750 -0.3236 -0.3352 -0.3058 -0.1883 -0.0540 -0.0009 0.0349 0.0975 0.1408 -0.1615 -0.3300 -0.3319 -0.2796 -0.1328 -0.0334 0.0110 0.0513 0.1428 0.0410 -0.2681 -0.3342 -0.3231 -0.2416 -0.0862 -0.0160 0.0218 0.0704 0.1733 -0.0693 -0.3232 -0.3352 -0.3071 -0.1921 -0.0557 -0.0021 0.0334 0.0939 0.1487 -0.1486 -0.3291 -0.3328 -0.2855 -0.1440 -0.0377 0.0083 0.0469 0.1293 0.0670 -0.1478 0.0670 0.1293 0.0469 0.0083 -0.0377 -0.1440 -0.2855 -0.3328 -0.3291 -0.1486 0.1487 0.0939 0.0334 -0.0021 -0.0557 -0.1921 -0.3071 -0.3352 -0.3232 -0.0693 0.1733 0.0704 0.0218 -0.0160 -0.0862 -0.2416 -0.3231 -0.3342 -0.2681 0.0410 0.1428 0.0513 0.0110 -0.0334 -0.1328 -0.2796 -0.3319 -0.3300 -0.1615 0.1408 0.0975 0.0349 -0.0009 -0.0540 -0.1883 -0.3058 -0.3352 -0.3236 -0.0750 0.1408
-0.0522 -0.3235 -0.3352 -0.3061 -0.1891 -0.0543 -0.0011 0.0347 0.0970 0.1417 -0.1602 -0.3300 -0.3320 -0.2801 -0.1336 -0.0337 0.0108 0.0510 0.1418 0.0428 -0.2661 -0.3341 -0.3233 -0.2423 -0.0867 -0.0163 0.0217 0.0701 0.1734 -0.0679 -0.3231 -0.3352 -0.3073 -0.1924 -0.0557 -0.0020 0.0336 0.0943 0.1479 -0.1499 -0.3292 -0.3328 -0.2851 -0.1432 -0.0374 0.0085 0.0472 0.1286 0.0684 -0.2402 -0.3280 -0.2402 0.0684 0.1286 0.0472 0.0085 -0.0374 -0.1432 -0.2851 -0.3328 -0.3292 -0.1499 0.1479 0.0943 0.0336 -0.0020 -0.0557 -0.1924 -0.3073 -0.3352 -0.3231 -0.0679 0.1734 0.0701 0.0217 -0.0163 -0.0867 -0.2423 -0.3233 -0.3341 -0.2661 0.0428 0.1418 0.0510 0.0108 -0.0337 -0.1336 -0.2801 -0.3320 -0.3300 -0.1602 0.1417 0.0970 0.0347 -0.0011 -0.0543 -0.1891 -0.3061 -0.3352 -0.3235 -0.0522
-0.1893 -0.3351 -0.3064 -0.1899 -0.0546 -0.0013 0.0345 0.0966 0.1427 -0.1589 -0.3299 -0.3321 -0.2806 -0.1344 -0.0340 0.0107 0.0508 0.1408 0.0446 -0.2641 -0.3341 -0.3235 -0.2429 -0.0873 -0.0165 0.0215 0.0698 0.1735 -0.0665 -0.3230 -0.3353 -0.3076 -0.1931 -0.0560 -0.0021 0.0336 0.0945 0.1472 -0.1511 -0.3293 -0.3327 -0.2847 -0.1424 -0.0371 0.0087 0.0475 0.1286 0.0714 -0.2374 -0.3351 -0.3397 -0.3351 -0.2374 0.0714 0.1286 0.0475 0.0087 -0.0371 -0.1424 -0.2847 -0.3327 -0.3293 -0.1511 0.1472 0.0945 0.0336 -0.0021 -0.0560 -0.1931 -0.3076 -0.3353 -0.3230 -0.0665 0.1735 0.0698 0.0215 -0.0165 -0.0873 -0.2429 -0.3235 -0.3341 -0.2641 0.0446 0.1408 0.0508 0.0107 -0.0340 -0.1344 -0.2806 -0.3321 -0.3299 -0.1589 0.1427 0.0966 0.0345 -0.0013 -0.0546 -0.1899 -0.3064 -0.3351 -0.1893
-0.2155 -0.3071 -0.1905 -0.0550 -0.0015 0.0343 0.0961 0.1436 -0.1576 -0.3298 -0.3321 -0.2810 -0.1352 -0.0343 0.0105 0.0505 0.1399 0.0464 -0.2621 -0.3340 -0.3236 -0.2436 -0.0879 -0.0167 0.0214 0.0695 0.1735 -0.0651 -0.3229 -0.3353 -0.3079 -0.1939 -0.0564 -0.0023 0.0334 0.0943 0.1472 -0.1518 -0.3294 -0.3326 -0.2842 -0.1416 -0.0368 0.0088 0.0477 0.1294 0.0696 -0.2363 -0.3329 -0.3278 -0.3070 -0.3278 -0.3329 -0.2363 0.0696 0.1294 0.0477 0.0088 -0.0368 -0.1416 -0.2842 -0.3326 -0.3294 -0.1518 0.1472 0.0943 0.0334 -0.0023 -0.0564 -0.1939 -0.3079 -0.3353 -0.3229 -0.0651 0.1735 0.0695 0.0214 -0.0167 -0.0879 -0.2436 -0.3236 -0.3340 -0.2621 0.0464 0.1399 0.0505 0.0105 -0.0343 -0.1352 -0.2810 -0.3321 -0.3298 -0.1576 0.1436 0.0961 0.0343 -0.0015 -0.0550 -0.1905 -0.3071 -0.2155
-0.2122 -0.1937 -0.0553 -0.0016 0.0341 0.0956 0.1445 -0.1563 -0.3297 -0.3322 -0.2815 -0.1360 -0.0345 0.0103 0.0503 0.1389 0.0482 -0.2602 -0.3340 -0.3238 -0.2442 -0.0885 -0.0170 0.0212 0.0692 0.1735 -0.0637 -0.3227 -0.3353 -0.3082 -0.1947 -0.0567 -0.0025 0.0332 0.0939 0.1479 -0.1511 -0.3294 -0.3326 -0.2838 -0.1409 -0.0366 0.0090 0.0480 0.1302 0.0678 -0.2381 -0.3333 -0.3234 -0.2520 -0.1735 -0.2520 -0.3234 -0.3333 -0.2381 0.0678 0.1302 0.0480 0.0090 -0.0366 -0.1409 -0.2838 -0.3326 -0.3294 -0.1511 0.1479 0.0939 0.0332 -0.0025 -0.0567 -0.1947 -0.3082 -0.3353 -0.3227 -0.0637 0.1735 0.0692 0.0212 -0.0170 -0.0885 -0.2442 -0.3238 -0.3340 -0.2602 0.0482 0.1389 0.0503 0.0103 -0.0345 -0.1360 -0.2815 -0.3322 -0.3297 -0.1563 0.1445 0.0956 0.0341 -0.0016 -0.0553 -0.1937 -0.2122
-0.1494 -0.0570 -0.0022 0.0339 0.0952 0.1453 -0.1550 -0.3296 -0.3323 -0.2820 -0.1368 -0.0348 0.0102 0.0500 0.1380 0.0500 -0.2583 -0.3340 -0.3240 -0.2448 -0.0891 -0.0172 0.0210 0.0689 0.1736 -0.0623 -0.3226 -0.3353 -0.3085 -0.1956 -0.0571 -0.0027 0.0330 0.0934 0.1487 -0.1499 -0.3293 -0.3326 -0.2838 -0.1406 -0.0363 0.0092 0.0482 0.1310 0.0661 -0.2399 -0.3334 -0.3259 -0.2470 -0.0905 -0.0348 -0.0905 -0.2470 -0.3259 -0.3334 -0.2399 0.0661 0.1310 0.0482 0.0092 -0.0363 -0.1406 -0.2838 -0.3326 -0.3293 -0.1499 0.1487 0.0934 0.0330 -0.0027 -0.0571 -0.1956 -0.3085 -0.3353 -0.3226 -0.0623 0.1736 0.0689 0.0210 -0.0172 -0.0891 -0.2448 -0.3240 -0.3340 -0.2583 0.0500 0.1380 0.0500 0.0102 -0.0348 -0.1368 -0.2820 -0.3323 -0.3296 -0.1550 0.1453 0.0952 0.0339 -0.0022 -0.0570 -0.1494
-0.0680 0.0006 0.0336 0.0947 0.1462 -0.1537 -0.3296 -0.3324 -0.2824 -0.1376 -0.0351 0.0100 0.0497 0.1371 0.0518 -0.2564 -0.3339 -0.3241 -0.2455 -0.0897 -0.0175 0.0209 0.0686 0.1736 -0.0609 -0.3225 -0.3353 -0.3088 -0.1964 -0.0575 -0.0029 0.0328 0.0930 0.1495 -0.1486 -0.3292 -0.3327 -0.2842 -0.1409 -0.0363 0.0093 0.0484 0.1319 0.0643 -0.2416 -0.3335 -0.3259 -0.2527 -0.0942 -0.0146 0.0117 -0.0146 -0.0942 -0.2527 -0.3259 -0.3335 -0.2416 0.0643 0.1319 0.0484 0.0093 -0.0363 -0.1409 -0.2842 -0.3327 -0.3292 -0.1486 0.1495 0.0930 0.0328 -0.0029 -0.0575 -0.1964 -0.3088 -0.3353 -0.3225 -0.0609 0.1736 0.0686 0.0209 -0.0175 -0.0897 -0.2455 -0.3241 -0.3339 -0.2564 0.0518 0.1371 0.0497 0.0100 -0.0351 -0.1376 -0.2824 -0.3324 -0.3296 -0.1537 0.1462 0.0947 0.0336 0.0006 -0.0680
-0.0237 0.0368 0.0943 0.1470 -0.1524 -0.3295 -0.3325 -0.2829 -0.1384 -0.0354 0.0098 0.0495 0.1362 0.0536 -0.2545 -0.3339 -0.3243 -0.2461 -0.0903 -0.0177 0.0207 0.0683 0.1736 -0.0594 -0.3224 -0.3353 -0.3091 -0.1971 -0.0578 -0.0031 0.0326 0.0925 0.1503 -0.1473 -0.3291 -0.3328 -0.2847 -0.1416 -0.0366 0.0092 0.0484 0.1323 0.0629 -0.2434 -0.3335 -0.3257 -0.2521 -0.0970 -0.0203 0.0224 0.0512 0.0224 -0.0203 -0.0970 -0.2521 -0.3257 -0.3335 -0.2434 0.0629 0.1323 0.0484 0.0092 -0.0366 -0.1416 -0.2847 -0.3328 -0.3291 -0.1473 0.1503 0.0925 0.0326 -0.0031 -0.0578 -0.1971 -0.3091 -0.3353 -0.3224 -0.0594 0.1736 0.0683 0.0207 -0.0177 -0.0903 -0.2461 -0.3243 -0.3339 -0.2545 0.0536 0.1362 0.0495 0.0098 -0.0354 -0.1384 -0.2829 -0.3325 -0.3295 -0.1524 0.1470 0.0943 0.0368 -0.0237
0.0187 0.0938 0.1479 -0.1512 -0.3294 -0.3325 -0.2833 -0.1392 -0.0357 0.0097 0.0492 0.1353 0.0554 -0.2526 -0.3338 -0.3245 -0.2468 -0.0909 -0.0179 0.0206 0.0680 0.1737 -0.0580 -0.3223 -0.3353 -0.3094 -0.1979 -0.0582 -0.0032 0.0324 0.0921 0.1511 -0.1461 -0.3290 -0.3328 -0.2851 -0.1424 -0.0368 0.0090 0.0482 0.1319 0.0629 -0.2443 -0.3336 -0.3255 -0.2513 -0.0961 -0.0204 0.0190 0.0671 0.1122 0.0671 0.0190 -0.0204 -0.0961 -0.2513 -0.3255 -0.3336 -0.2443 0.0629 0.1319 0.0482 0.0090 -0.0368 -0.1424 -0.2851 -0.3328 -0.3290 -0.1461 0.1511 0.0921 0.0324 -0.0032 -0.0582 -0.1979 -0.3094 -0.3353 -0.3223 -0.0580 0.1737 0.0680 0.0206 -0.0179 -0.0909 -0.2468 -0.3245 -0.3338 -0.2526 0.0554 0.1353 0.0492 0.0097 -0.0357 -0.1392 -0.2833 -0.3325 -0.3294 -0.1512 0.1479 0.0938 0.0187
0.0764 0.1487 -0.1499 -0.3293 -0.3326 -0.2838 -0.1400 -0.0360 0.0095 0.0490 0.1344 0.0571 -0.2507 -0.3338 -0.3246 -0.2474 -0.0915 -0.0182 0.0204 0.0677 0.1737 -0.0566 -0.3222 -0.3353 -0.3097 -0.1987 -0.0586 -0.0034 0.0322 0.0917 0.1518 -0.1448 -0.3290 -0.3329 -0.2855 -0.1432 -0.0371 0.0088 0.0480 0.1310 0.0643 -0.2434 -0.3336 -0.3255 -0.2508 -0.0954 -0.0199 0.0190 0.0653 0.1511 0.0914 0.1511 0.0653 0.0190 -0.0199 -0.0954 -0.2508 -0.3255 -0.3336 -0.2434 0.0643 0.1310 0.0480 0.0088 -0.0371 -0.1432 -0.2855 -0.3329 -0.3290 -0.1448 0.1518 0.0917 0.0322 -0.0034 -0.0586 -0.1987 -0.3097 -0.3353 -0.3222 -0.0566 0.1737 0.0677 0.0204 -0.0182 -0.0915 -0.2474 -0.3246 -0.3338 -0.2507 0.0571 0.1344 0.0490 0.0095 -0.0360 -0.1400 -0.2838 -0.3326 -0.3293 -0.1499 0.1487 0.0764
0.1148 -0.1484 -0.3292 -0.3327 -0.2842 -0.1408 -0.0363 0.0093 0.0487 0.1336 0.0589 -0.2489 -0.3337 -0.3248 -0.2480 -0.0921 -0.0184 0.0202 0.0674 0.1737 -0.0551 -0.3221 -0.3353 -0.3100 -0.1995 -0.0589 -0.0036 0.0320 0.0913 0.1525 -0.1435 -0.3289 -0.3330 -0.2860 -0.1440 -0.0374 0.0087 0.0477 0.1302 0.0661 -0.2416 -0.3335 -0.3255 -0.2508 -0.0952 -0.0197 0.0192 0.0652 0.1730 -0.0479 -0.2554 -0.0479 0.1730 0.0652 0.0192 -0.0197 -0.0952 -0.2508 -0.3255 -0.3335 -0.2416 0.0661 0.1302 0.0477 0.0087 -0.0374 -0.1440 -0.2860 -0.3330 -0.3289 -0.1435 0.1525 0.0913 0.0320 -0.0036 -0.0589 -0.1995 -0.3100 -0.3353 -0.3221 -0.0551 0.1737 0.0674 0.0202 -0.0184 -0.0921 -0.2480 -0.3248 -0.3337 -0.2489 0.0589 0.1336 0.0487 0.0093 -0.0363 -0.1408 -0.2842 -0.3327 -0.3292 -0.1484 0.1148
-0.1019 -0.3291 -0.3327 -0.2846 -0.1416 -0.0365 0.0092 0.0485 0.1327 0.0607 -0.2471 -0.3337 -0.3250 -0.2487 -0.0927 -0.0187 0.0201 0.0670 0.1737 -0.0537 -0.3220 -0.3353 -0.3102 -0.2003 -0.0593 -0.0038 0.0318 0.0908 0.1533 -0.1423 -0.3288 -0.3330 -0.2864 -0.1448 -0.0377 0.0085 0.0475 0.1294 0.0678 -0.2399 -0.3335 -0.3257 -0.2513 -0.0954 -0.0197 0.0193 0.0654 0.1735 -0.0463 -0.3227 -0.3346 -0.3227 -0.0463 0.1735 0.0654 0.0193 -0.0197 -0.0954 -0.2513 -0.3257 -0.3335 -0.2399 0.0678 0.1294 0.0475 0.0085 -0.0377 -0.1448 -0.2864 -0.3330 -0.3288 -0.1423 0.1533 0.0908 0.0318 -0.0038 -0.0593 -0.2003 -0.3102 -0.3353 -0.3220 -0.0537 0.1737 0.0670 0.0201 -0.0187 -0.0927 -0.2487 -0.3250 -0.3337 -0.2471 0.0607 0.1327 0.0485 0.0092 -0.0365 -0.1416 -0.2846 -0.3327 -0.3291 -0.1019
-0.1985 -0.3328 -0.2850 -0.1424 -0.0368 0.0090 0.0482 0.1319 0.0625 -0.2452 -0.3336 -0.3251 -0.2493 -0.0933 -0.0189 0.0199 0.0667 0.1737 -0.0522 -0.3218 -0.3353 -0.3105 -0.2011 -0.0597 -0.0040 0.0316 0.0904 0.1540 -0.1410 -0.3287 -0.3331 -0.2868 -0.1457 -0.0380 0.0083 0.0472 0.1286 0.0696 -0.2381 -0.3334 -0.3258 -0.2519 -0.0960 -0.0199 0.0192 0.0654 0.1736 -0.0439 -0.3215 -0.3372 -0.3360 -0.3372 -0.3215 -0.0439 0.1736 0.0654 0.0192 -0.0199 -0.0961 -0.2521 -0.3259 -0.3334 -0.2381 0.0696 0.1286 0.0472 0.0083 -0.0380 -0.1459 -0.2870 -0.3332 -0.3287 -0.1410 0.1540 0.0904 0.0316 -0.0040 -0.0597 -0.2013 -0.3106 -0.3353 -0.3218 -0.0522 0.1737 0.0667 0.0199 -0.0189 -0.0934 -0.2494 -0.3252 -0.3336 -0.2452 0.0625 0.1319 0.0482 0.0090 -0.0368 -0.1426 -0.2851 -0.3329 -0.1984
-0.2187 -0.2862 -0.1430 -0.0371 0.0088 0.0480 0.1310 0.0642 -0.2434 -0.3336 -0.3253 -0.2499 -0.0939 -0.0191 0.0198 0.0664 0.1736 -0.0507 -0.3217 -0.3353 -0.3108 -0.2019 -0.0601 -0.0042 0.0314 0.0900 0.1547 -0.1397 -0.3286 -0.3332 -0.2873 -0.1465 -0.0383 0.0082 0.0470 0.1278 0.0713 -0.2364 -0.3334 -0.3260 -0.2526 -0.0966 -0.0202 0.0191 0.0652 0.1735 -0.0440 -0.3211 -0.3343 -0.3137 -0.2776 -0.3133 -0.3343 -0.3210 -0.0439 0.1735 0.0652 0.0190 -0.0204 -0.0970 -0.2527 -0.3259 -0.3333 -0.2363 0.0714 0.1286 0.0469 0.0080 -0.0385 -0.1468 -0.2873 -0.3331 -0.3285 -0.1397 0.1547 0.0902 0.0313 -0.0044 -0.0603 -0.2021 -0.3108 -0.3352 -0.3217 -0.0506 0.1737 0.0665 0.0197 -0.0193 -0.0942 -0.2500 -0.3253 -0.3335 -0.2434 0.0643 0.1318 0.0479 0.0087 -0.0373 -0.1433 -0.2862 -0.2187
-0.2018 -0.1465 -0.0375 0.0087 0.0477 0.1302 0.0660 -0.2417 -0.3335 -0.3255 -0.2505 -0.0945 -0.0194 0.0196 0.0661 0.1736 -0.0492 -0.3216 -0.3353 -0.3111 -0.2027 -0.0605 -0.0044 0.0312 0.0896 0.1553 -0.1385 -0.3285 -0.3332 -0.2877 -0.1473 -0.0386 0.0080 0.0467 0.1271 0.0730 -0.2346 -0.3333 -0.3261 -0.2532 -0.0973 -0.0204 0.0189 0.0649 0.1735 -0.0427 -0.3211 -0.3352 -0.3089 -0.2033 -0.1124 -0.1939 -0.3040 -0.3343 -0.3215 -0.0463 0.1730 0.0653 0.0190 -0.0203 -0.0942 -0.2470 -0.3234 -0.3329 -0.2374 0.0684 0.1293 0.0470 0.0081 -0.0385 -0.1416 -0.2826 -0.3314 -0.3285 -0.1409 0.1530 0.0905 0.0314 -0.0043 -0.0600 -0.1959 -0.3072 -0.3342 -0.3220 -0.0526 0.1731 0.0666 0.0197 -0.0193 -0.0916 -0.2443 -0.3227 -0.3330 -0.2445 0.0613 0.1326 0.0480 0.0088 -0.0373 -0.1406 -0.1989
-0.1228 -0.0377 0.0081 0.0475 0.1294 0.0677 -0.2399 -0.3335 -0.3256 -0.2511 -0.0952 -0.0196 0.0194 0.0658 0.1736 -0.0478 -0.3215 -0.3353 -0.3113 -0.2035 -0.0609 -0.0046 0.0310 0.0892 0.1560 -0.1372 -0.3284 -0.3333 -0.2881 -0.1481 -0.0389 0.0078 0.0465 0.1263 0.0747 -0.2329 -0.3333 -0.3263 -0.2538 -0.0979 -0.0207 0.0187 0.0646 0.1734 -0.0412 -0.3210 -0.3353 -0.3128 -0.2011 -0.0556 -0.0114 -0.0492 -0.1932 -0.3125 -0.3372 -0.3227 -0.0479 0.1511 0.0671 0.0224 -0.0146 -0.0905 -0.2520 -0.3278 -0.3351 -0.2402 0.0670 0.1177 0.0500 0.0120 -0.0317 -0.1413 -0.2881 -0.3351 -0.3303 -0.1426 0.1528 0.0889 0.0348 0.0004 -0.0539 -0.1991 -0.3123 -0.3372 -0.3233 -0.0542 0.1522 0.0683 0.0231 -0.0136 -0.0877 -0.2493 -0.3271 -0.3354 -0.2474 0.0599 0.1199 0.0510 0.0123 -0.0298 -0.1192
-0.0542 0.0117 0.0472 0.1286 0.0694 -0.2381 -0.3334 -0.3258 -0.2517 -0.0958 -0.0199 0.0193 0.0655 0.1736 -0.0463 -0.3214 -0.3353 -0.3116 -0.2043 -0.0612 -0.0048 0.0308 0.0888 0.1566 -0.1360 -0.3283 -0.3334 -0.2885 -0.1489 -0.0392 0.0076 0.0462 0.1255 0.0764 -0.2312 -0.3332 -0.3264 -0.2544 -0.0986 -0.0209 0.0186 0.0643 0.1734 -0.0397 -0.3209 -0.3353 -0.3130 -0.2084 -0.0626 0.0029 0.0199 -0.0284 -0.1186 -0.2764 -0.3356 -0.3346 -0.2554 0.0914 0.1122 0.0512 0.0117 -0.0348 -0.1735 -0.3070 -0.3397 -0.3280 -0.1478 0.1430 0.0880 0.0361 0.0011 -0.0652 -0.2308 -0.3254 -0.3389 -0.3198 -0.0297 0.1454 0.0689 0.0229 -0.0130 -0.1101 -0.2752 -0.3355 -0.3349 -0.2596 0.0855 0.1141 0.0522 0.0123 -0.0332 -0.1694 -0.3056 -0.3395 -0.3285 -0.1554 0.1416 0.0893 0.0371 0.0048 -0.0827
