0.1044 0.6888 1.0000 1.0000 1.0000 0.0008 0.0025 0.0080 0.0260 0.0841 0.2723 0.8820 1.0000 1.0000 1.0000 0.0011 0.0034 0.0111 0.0361 0.1168 0.3784 1.0000 1.0000 1.0000 0.0005 0.0015 0.0048 0.0155 0.0501 0.1623 0.5258 1.0000 1.0000 1.0000 0.0006 0.0020 0.0066 0.0215 0.0696 0.2256 0.7307 1.0000 1.0000 1.0000 0.0009 0.0028 0.0092 0.0297 0.0979 0.3643 0.8770 0.3643 0.0979 0.0297 0.0092 0.0028 0.0009 1.0000 1.0000 1.0000 0.7307 0.2256 0.0696 0.0215 0.0066 0.0020 0.0006 1.0000 1.0000 1.0000 0.5258 0.1623 0.0501 0.0155 0.0048 0.0015 0.0005 1.0000 1.0000 1.0000 0.3784 0.1168 0.0361 0.0111 0.0034 0.0011 1.0000 1.0000 1.0000 0.8820 0.2723 0.0841 0.0260 0.0080 0.0025 0.0008 1.0000 1.0000 1.0000 0.6888 0.1044
0.6888 1.0000 1.0000 1.0000 0.0015 0.0048 0.0156 0.0507 0.1642 0.5318 1.0000 1.0000 1.0000 1.0000 0.0021 0.0067 0.0217 0.0704 0.2282 0.7391 1.0000 1.0000 1.0000 0.0009 0.0029 0.0093 0.0302 0.0979 0.3171 1.0000 1.0000 1.0000 1.0000 0.0012 0.0040 0.0130 0.0419 0.1360 0.4397 1.0000 1.0000 1.0000 1.0000 0.0017 0.0056 0.0180 0.0582 0.1876 0.6134 1.0000 1.0000 1.0000 0.6134 0.1876 0.0582 0.0180 0.0056 0.0017 1.0000 1.0000 1.0000 1.0000 0.4397 0.1360 0.0419 0.0130 0.0040 0.0012 1.0000 1.0000 1.0000 1.0000 0.3171 0.0979 0.0302 0.0093 0.0029 0.0009 1.0000 1.0000 1.0000 0.7391 0.2282 0.0704 0.0217 0.0067 0.0021 1.0000 1.0000 1.0000 1.0000 0.5318 0.1642 0.0507 0.0156 0.0048 0.0015 1.0000 1.0000 1.0000 0.6888
1.0000 1.0000 1.0000 0.0014 0.0044 0.0144 0.0466 0.1510 0.4892 1.0000 1.0000 1.0000 1.0000 0.0019 0.0062 0.0200 0.0648 0.2098 0.6797 1.0000 1.0000 1.0000 0.0008 0.0026 0.0086 0.0278 0.0900 0.2916 0.9445 1.0000 1.0000 1.0000 0.0011 0.0037 0.0119 0.0386 0.1251 0.4052 1.0000 1.0000 1.0000 1.0000 0.0016 0.0051 0.0165 0.0536 0.1735 0.5599 1.0000 1.0000 1.0000 1.0000 1.0000 0.5599 0.1735 0.0536 0.0165 0.0051 0.0016 1.0000 1.0000 1.0000 1.0000 0.4052 0.1251 0.0386 0.0119 0.0037 0.0011 1.0000 1.0000 1.0000 0.9445 0.2916 0.0900 0.0278 0.0086 0.0026 0.0008 1.0000 1.0000 1.0000 0.6797 0.2098 0.0648 0.0200 0.0062 0.0019 1.0000 1.0000 1.0000 1.0000 0.4892 0.1510 0.0466 0.0144 0.0044 0.0014 1.0000 1.0000 1.0000
1.0000 1.0000 0.0014 0.0045 0.0146 0.0475 0.1539 0.4985 1.0000 1.0000 1.0000 1.0000 0.0019 0.0063 0.0204 0.0660 0.2139 0.6928 1.0000 1.0000 1.0000 0.0008 0.0027 0.0087 0.0283 0.0918 0.2972 0.9627 1.0000 1.0000 1.0000 0.0012 0.0038 0.0122 0.0394 0.1275 0.4130 1.0000 1.0000 1.0000 1.0000 0.0016 0.0052 0.0169 0.0546 0.1768 0.5728 1.0000 1.0000 1.0000 1.0000 1.0000 1.0000 1.0000 0.5728 0.1768 0.0546 0.0169 0.0052 0.0016 1.0000 1.0000 1.0000 1.0000 0.4130 0.1275 0.0394 0.0122 0.0038 0.0012 1.0000 1.0000 1.0000 0.9627 0.2972 0.0918 0.0283 0.0087 0.0027 0.0008 1.0000 1.0000 1.0000 0.6928 0.2139 0.0660 0.0204 0.0063 0.0019 1.0000 1.0000 1.0000 1.0000 0.4985 0.1539 0.0475 0.0146 0.0045 0.0014 1.0000 1.0000
1.0000 0.0015 0.0044 0.0146 0.0475 0.1542 0.5004 1.0000 1.0000 1.0000 1.0000 0.0020 0.0063 0.0205 0.0663 0.2147 0.6954 1.0000 1.0000 1.0000 0.0008 0.0027 0.0088 0.0284 0.0921 0.2983 0.9663 1.0000 1.0000 1.0000 0.0012 0.0038 0.0122 0.0395 0.1280 0.4146 1.0000 1.0000 1.0000 1.0000 0.0016 0.0052 0.0169 0.0548 0.1775 0.5750 1.0000 1.0000 1.0000 0.0008 0.0018 0.0008 1.0000 1.0000 1.0000 0.5750 0.1775 0.0548 0.0169 0.0052 0.0016 1.0000 1.0000 1.0000 1.0000 0.4146 0.1280 0.0395 0.0122 0.0038 0.0012 1.0000 1.0000 1.0000 0.9663 0.2983 0.0921 0.0284 0.0088 0.0027 0.0008 1.0000 1.0000 1.0000 0.6954 0.2147 0.0663 0.0205 0.0063 0.0020 1.0000 1.0000 1.0000 1.0000 0.5004 0.1542 0.0475 0.0146 0.0044 0.0015 1.0000
0.0008 0.0048 0.0144 0.0475 0.1542 0.5024 1.0000 1.0000 1.0000 1.0000 0.0020 0.0064 0.0206 0.0667 0.2159 0.6994 1.0000 1.0000 1.0000 0.0008 0.0027 0.0088 0.0286 0.0926 0.3000 0.9719 1.0000 1.0000 1.0000 0.0012 0.0038 0.0123 0.0397 0.1287 0.4169 1.0000 1.0000 1.0000 1.0000 0.0016 0.0053 0.0170 0.0551 0.1785 0.5783 1.0000 1.0000 1.0000 0.0007 0.0026 0.0059 0.0026 0.0007 1.0000 1.0000 1.0000 0.5783 0.1785 0.0551 0.0170 0.0053 0.0016 1.0000 1.0000 1.0000 1.0000 0.4169 0.1287 0.0397 0.0123 0.0038 0.0012 1.0000 1.0000 1.0000 0.9719 0.3000 0.0926 0.0286 0.0088 0.0027 0.0008 1.0000 1.0000 1.0000 0.6994 0.2159 0.0667 0.0206 0.0064 0.0020 1.0000 1.0000 1.0000 1.0000 0.5024 0.1542 0.0475 0.0144 0.0048 0.0008
0.0025 0.0156 0.0466 0.1539 0.5004 1.0000 1.0000 1.0000 1.0000 0.0020 0.0064 0.0207 0.0670 0.2172 0.7034 1.0000 1.0000 1.0000 0.0008 0.0027 0.0089 0.0288 0.0932 0.3018 0.9774 1.0000 1.0000 1.0000 0.0012 0.0038 0.0123 0.0400 0.1295 0.4193 1.0000 1.0000 1.0000 1.0000 0.0016 0.0053 0.0171 0.0554 0.1795 0.5816 1.0000 1.0000 1.0000 0.0007 0.0023 0.0085 0.0193 0.0085 0.0023 0.0007 1.0000 1.0000 1.0000 0.5816 0.1795 0.0554 0.0171 0.0053 0.0016 1.0000 1.0000 1.0000 1.0000 0.4193 0.1295 0.0400 0.0123 0.0038 0.0012 1.0000 1.0000 1.0000 0.9774 0.3018 0.0932 0.0288 0.0089 0.0027 0.0008 1.0000 1.0000 1.0000 0.7034 0.2172 0.0670 0.0207 0.0064 0.0020 1.0000 1.0000 1.0000 1.0000 0.5004 0.1539 0.0466 0.0156 0.0025
0.0080 0.0507 0.1510 0.4985 1.0000 1.0000 1.0000 1.0000 0.0020 0.0064 0.0208 0.0674 0.2184 0.7074 1.0000 1.0000 1.0000 0.0009 0.0028 0.0089 0.0289 0.0937 0.3035 0.9830 1.0000 1.0000 1.0000 0.0012 0.0038 0.0124 0.0402 0.1302 0.4217 1.0000 1.0000 1.0000 1.0000 0.0016 0.0053 0.0172 0.0557 0.1806 0.5849 1.0000 1.0000 1.0000 0.0007 0.0023 0.0074 0.0277 0.0627 0.0277 0.0074 0.0023 0.0007 1.0000 1.0000 1.0000 0.5849 0.1806 0.0557 0.0172 0.0053 0.0016 1.0000 1.0000 1.0000 1.0000 0.4217 0.1302 0.0402 0.0124 0.0038 0.0012 1.0000 1.0000 1.0000 0.9830 0.3035 0.0937 0.0289 0.0089 0.0028 0.0009 1.0000 1.0000 1.0000 0.7074 0.2184 0.0674 0.0208 0.0064 0.0020 1.0000 1.0000 1.0000 1.0000 0.4985 0.1510 0.0507 0.0080
0.0260 0.1642 0.4892 1.0000 1.0000 1.0000 1.0000 0.0020 0.0065 0.0209 0.0678 0.2196 0.7115 1.0000 1.0000 1.0000 0.0009 0.0028 0.0090 0.0291 0.0942 0.3052 0.9887 1.0000 1.0000 1.0000 0.0012 0.0039 0.0125 0.0404 0.1309 0.4241 1.0000 1.0000 1.0000 1.0000 0.0016 0.0053 0.0173 0.0561 0.1816 0.5882 1.0000 1.0000 1.0000 0.0007 0.0023 0.0074 0.0241 0.0902 0.2047 0.0902 0.0241 0.0074 0.0023 0.0007 1.0000 1.0000 1.0000 0.5882 0.1816 0.0561 0.0173 0.0053 0.0016 1.0000 1.0000 1.0000 1.0000 0.4241 0.1309 0.0404 0.0125 0.0039 0.0012 1.0000 1.0000 1.0000 0.9887 0.3052 0.0942 0.0291 0.0090 0.0028 0.0009 1.0000 1.0000 1.0000 0.7115 0.2196 0.0678 0.0209 0.0065 0.0020 1.0000 1.0000 1.0000 1.0000 0.4892 0.1642 0.0260
0.0841 0.5318 1.0000 1.0000 1.0000 1.0000 0.0020 0.0064 0.0209 0.0681 0.2205 0.7155 1.0000 1.0000 1.0000 0.0009 0.0028 0.0090 0.0293 0.0948 0.3070 0.9943 1.0000 1.0000 1.0000 0.0012 0.0039 0.0126 0.0407 0.1317 0.4266 1.0000 1.0000 1.0000 1.0000 0.0017 0.0054 0.0174 0.0564 0.1826 0.5916 1.0000 1.0000 1.0000 0.0007 0.0023 0.0075 0.0241 0.0787 0.2938 0.6657 0.2938 0.0787 0.0241 0.0075 0.0023 0.0007 1.0000 1.0000 1.0000 0.5916 0.1826 0.0564 0.0174 0.0054 0.0017 1.0000 1.0000 1.0000 1.0000 0.4266 0.1317 0.0407 0.0126 0.0039 0.0012 1.0000 1.0000 1.0000 0.9943 0.3070 0.0948 0.0293 0.0090 0.0028 0.0009 1.0000 1.0000 1.0000 0.7155 0.2205 0.0681 0.0209 0.0064 0.0020 1.0000 1.0000 1.0000 1.0000 0.5318 0.0841
0.2723 1.0000 1.0000 1.0000 1.0000 0.0020 0.0064 0.0208 0.0678 0.2205 0.7183 1.0000 1.0000 1.0000 0.0009 0.0028 0.0091 0.0294 0.0953 0.3087 1.0000 1.0000 1.0000 1.0000 0.0012 0.0039 0.0126 0.0409 0.1324 0.4290 1.0000 1.0000 1.0000 1.0000 0.0017 0.0054 0.0175 0.0567 0.1837 0.5950 1.0000 1.0000 1.0000 0.0007 0.0023 0.0075 0.0243 0.0785 0.2562 0.9572 1.0000 0.9572 0.2562 0.0785 0.0243 0.0075 0.0023 0.0007 1.0000 1.0000 1.0000 0.5950 0.1837 0.0567 0.0175 0.0054 0.0017 1.0000 1.0000 1.0000 1.0000 0.4290 0.1324 0.0409 0.0126 0.0039 0.0012 1.0000 1.0000 1.0000 1.0000 0.3087 0.0953 0.0294 0.0091 0.0028 0.0009 1.0000 1.0000 1.0000 0.7183 0.2205 0.0678 0.0208 0.0064 0.0020 1.0000 1.0000 1.0000 1.0000 0.2723
0.8820 1.0000 1.0000 1.0000 0.0020 0.0064 0.0207 0.0674 0.2196 0.7155 1.0000 1.0000 1.0000 0.0009 0.0028 0.0091 0.0296 0.0959 0.3105 1.0000 1.0000 1.0000 1.0000 0.0012 0.0039 0.0127 0.0411 0.1332 0.4315 1.0000 1.0000 1.0000 1.0000 0.0017 0.0054 0.0176 0.0570 0.1847 0.5984 1.0000 1.0000 1.0000 0.0007 0.0023 0.0076 0.0245 0.0793 0.2557 0.8347 1.0000 1.0000 1.0000 0.8347 0.2557 0.0793 0.0245 0.0076 0.0023 0.0007 1.0000 1.0000 1.0000 0.5984 0.1847 0.0570 0.0176 0.0054 0.0017 1.0000 1.0000 1.0000 1.0000 0.4315 0.1332 0.0411 0.0127 0.0039 0.0012 1.0000 1.0000 1.0000 1.0000 0.3105 0.0959 0.0296 0.0091 0.0028 0.0009 1.0000 1.0000 1.0000 0.7155 0.2196 0.0674 0.0207 0.0064 0.0020 1.0000 1.0000 1.0000 0.8820
1.0000 1.0000 1.0000 0.0019 0.0063 0.0206 0.0670 0.2184 0.7115 1.0000 1.0000 1.0000 0.0009 0.0028 0.0092 0.0298 0.0964 0.3123 1.0000 1.0000 1.0000 1.0000 0.0012 0.0039 0.0128 0.0414 0.1340 0.4339 1.0000 1.0000 1.0000 1.0000 0.0017 0.0055 0.0177 0.0574 0.1858 0.6018 1.0000 1.0000 1.0000 0.0007 0.0023 0.0076 0.0246 0.0797 0.2582 0.8331 1.0000 1.0000 1.0000 1.0000 1.0000 0.8331 0.2582 0.0797 0.0246 0.0076 0.0023 0.0007 1.0000 1.0000 1.0000 0.6018 0.1858 0.0574 0.0177 0.0055 0.0017 1.0000 1.0000 1.0000 1.0000 0.4339 0.1340 0.0414 0.0128 0.0039 0.0012 1.0000 1.0000 1.0000 1.0000 0.3123 0.0964 0.0298 0.0092 0.0028 0.0009 1.0000 1.0000 1.0000 0.7115 0.2184 0.0670 0.0206 0.0063 0.0019 1.0000 1.0000 1.0000
1.0000 1.0000 0.0019 0.0063 0.0205 0.0667 0.2172 0.7074 1.0000 1.0000 1.0000 0.0009 0.0028 0.0092 0.0299 0.0970 0.3141 1.0000 1.0000 1.0000 1.0000 0.0012 0.0040 0.0128 0.0416 0.1347 0.4364 1.0000 1.0000 1.0000 1.0000 0.0017 0.0055 0.0178 0.0577 0.1869 0.6053 1.0000 1.0000 1.0000 0.0007 0.0024 0.0076 0.0247 0.0802 0.2597 0.8411 1.0000 1.0000 1.0000 0.0008 1.0000 1.0000 1.0000 0.8411 0.2597 0.0802 0.0247 0.0076 0.0024 0.0007 1.0000 1.0000 1.0000 0.6053 0.1869 0.0577 0.0178 0.0055 0.0017 1.0000 1.0000 1.0000 1.0000 0.4364 0.1347 0.0416 0.0128 0.0040 0.0012 1.0000 1.0000 1.0000 1.0000 0.3141 0.0970 0.0299 0.0092 0.0028 0.0009 1.0000 1.0000 1.0000 0.7074 0.2172 0.0667 0.0205 0.0063 0.0019 1.0000 1.0000
1.0000 0.0021 0.0062 0.0204 0.0663 0.2159 0.7034 1.0000 1.0000 1.0000 0.0009 0.0028 0.0092 0.0299 0.0973 0.3152 1.0000 1.0000 1.0000 1.0000 0.0012 0.0040 0.0129 0.0418 0.1355 0.4389 1.0000 1.0000 1.0000 1.0000 0.0017 0.0055 0.0179 0.0580 0.1879 0.6087 1.0000 1.0000 1.0000 0.0007 0.0024 0.0077 0.0249 0.0806 0.2611 0.8459 1.0000 1.0000 1.0000 0.0012 0.0027 0.0012 1.0000 1.0000 1.0000 0.8459 0.2611 0.0806 0.0249 0.0077 0.0024 0.0007 1.0000 1.0000 1.0000 0.6087 0.1879 0.0580 0.0179 0.0055 0.0017 1.0000 1.0000 1.0000 1.0000 0.4389 0.1355 0.0418 0.0129 0.0040 0.0012 1.0000 1.0000 1.0000 1.0000 0.3152 0.0973 0.0299 0.0092 0.0028 0.0009 1.0000 1.0000 1.0000 0.7034 0.2159 0.0663 0.0204 0.0062 0.0021 1.0000
0.0011 0.0067 0.0200 0.0660 0.2147 0.6994 1.0000 1.0000 1.0000 0.0009 0.0028 0.0091 0.0298 0.0970 0.3152 1.0000 1.0000 1.0000 1.0000 0.0012 0.0040 0.0130 0.0421 0.1363 0.4414 1.0000 1.0000 1.0000 1.0000 0.0017 0.0056 0.0180 0.0583 0.1890 0.6122 1.0000 1.0000 1.0000 0.0007 0.0024 0.0077 0.0250 0.0811 0.2626 0.8507 1.0000 1.0000 1.0000 0.0010 0.0038 0.0087 0.0038 0.0010 1.0000 1.0000 1.0000 0.8507 0.2626 0.0811 0.0250 0.0077 0.0024 0.0007 1.0000 1.0000 1.0000 0.6122 0.1890 0.0583 0.0180 0.0056 0.0017 1.0000 1.0000 1.0000 1.0000 0.4414 0.1363 0.0421 0.0130 0.0040 0.0012 1.0000 1.0000 1.0000 1.0000 0.3152 0.0970 0.0298 0.0091 0.0028 0.0009 1.0000 1.0000 1.0000 0.6994 0.2147 0.0660 0.0200 0.0067 0.0011
0.0034 0.0217 0.0648 0.2139 0.6954 1.0000 1.0000 1.0000 0.0009 0.0028 0.0091 0.0296 0.0964 0.3141 1.0000 1.0000 1.0000 1.0000 0.0012 0.0040 0.0131 0.0423 0.1371 0.4439 1.0000 1.0000 1.0000 1.0000 0.0017 0.0056 0.0181 0.0587 0.1901 0.6157 1.0000 1.0000 1.0000 0.0007 0.0024 0.0078 0.0252 0.0815 0.2641 0.8556 1.0000 1.0000 1.0000 0.0010 0.0033 0.0125 0.0284 0.0125 0.0033 0.0010 1.0000 1.0000 1.0000 0.8556 0.2641 0.0815 0.0252 0.0078 0.0024 0.0007 1.0000 1.0000 1.0000 0.6157 0.1901 0.0587 0.0181 0.0056 0.0017 1.0000 1.0000 1.0000 1.0000 0.4439 0.1371 0.0423 0.0131 0.0040 0.0012 1.0000 1.0000 1.0000 1.0000 0.3141 0.0964 0.0296 0.0091 0.0028 0.0009 1.0000 1.0000 1.0000 0.6954 0.2139 0.0648 0.0217 0.0034
0.0111 0.0704 0.2098 0.6928 1.0000 1.0000 1.0000 0.0009 0.0028 0.0090 0.0294 0.0959 0.3123 1.0000 1.0000 1.0000 1.0000 0.0012 0.0040 0.0131 0.0426 0.1378 0.4465 1.0000 1.0000 1.0000 1.0000 0.0017 0.0056 0.0182 0.0590 0.1912 0.6192 1.0000 1.0000 1.0000 0.0007 0.0024 0.0078 0.0253 0.0820 0.2657 0.8605 1.0000 1.0000 1.0000 0.0010 0.0033 0.0109 0.0407 0.0923 0.0407 0.0109 0.0033 0.0010 1.0000 1.0000 1.0000 0.8605 0.2657 0.0820 0.0253 0.0078 0.0024 0.0007 1.0000 1.0000 1.0000 0.6192 0.1912 0.0590 0.0182 0.0056 0.0017 1.0000 1.0000 1.0000 1.0000 0.4465 0.1378 0.0426 0.0131 0.0040 0.0012 1.0000 1.0000 1.0000 1.0000 0.3123 0.0959 0.0294 0.0090 0.0028 0.0009 1.0000 1.0000 1.0000 0.6928 0.2098 0.0704 0.0111
0.0361 0.2282 0.6797 1.0000 1.0000 1.0000 0.0008 0.0028 0.0090 0.0293 0.0953 0.3105 1.0000 1.0000 1.0000 1.0000 0.0012 0.0040 0.0132 0.0427 0.1386 0.4490 1.0000 1.0000 1.0000 1.0000 0.0017 0.0057 0.0183 0.0594 0.1923 0.6228 1.0000 1.0000 1.0000 0.0007 0.0024 0.0079 0.0255 0.0825 0.2672 0.8654 1.0000 1.0000 1.0000 0.0010 0.0034 0.0109 0.0355 0.1327 0.3012 0.1327 0.0355 0.0109 0.0034 0.0010 1.0000 1.0000 1.0000 0.8654 0.2672 0.0825 0.0255 0.0079 0.0024 0.0007 1.0000 1.0000 1.0000 0.6228 0.1923 0.0594 0.0183 0.0057 0.0017 1.0000 1.0000 1.0000 1.0000 0.4490 0.1386 0.0427 0.0132 0.0040 0.0012 1.0000 1.0000 1.0000 1.0000 0.3105 0.0953 0.0293 0.0090 0.0028 0.0008 1.0000 1.0000 1.0000 0.6797 0.2282 0.0361
0.1168 0.7391 1.0000 1.0000 1.0000 0.0008 0.0027 0.0089 0.0291 0.0948 0.3087 1.0000 1.0000 1.0000 1.0000 0.0012 0.0040 0.0131 0.0427 0.1392 0.4507 1.0000 1.0000 1.0000 1.0000 0.0018 0.0057 0.0184 0.0597 0.1934 0.6264 1.0000 1.0000 1.0000 0.0008 0.0024 0.0079 0.0256 0.0830 0.2687 0.8704 1.0000 1.0000 1.0000 0.0010 0.0034 0.0110 0.0355 0.1157 0.4323 0.9793 0.4323 0.1157 0.0355 0.0110 0.0034 0.0010 1.0000 1.0000 1.0000 0.8704 0.2687 0.0830 0.0256 0.0079 0.0024 0.0008 1.0000 1.0000 1.0000 0.6264 0.1934 0.0597 0.0184 0.0057 0.0018 1.0000 1.0000 1.0000 1.0000 0.4507 0.1392 0.0427 0.0131 0.0040 0.0012 1.0000 1.0000 1.0000 1.0000 0.3087 0.0948 0.0291 0.0089 0.0027 0.0008 1.0000 1.0000 1.0000 0.7391 0.1168
0.3784 1.0000 1.0000 1.0000 0.0008 0.0027 0.0089 0.0289 0.0942 0.3070 1.0000 1.0000 1.0000 1.0000 0.0012 0.0040 0.0131 0.0426 0.1386 0.4507 1.0000 1.0000 1.0000 1.0000 0.0018 0.0057 0.0185 0.0600 0.1945 0.6299 1.0000 1.0000 1.0000 0.0008 0.0025 0.0080 0.0258 0.0834 0.2702 0.8754 1.0000 1.0000 1.0000 0.0011 0.0034 0.0110 0.0358 0.1155 0.3770 1.0000 1.0000 1.0000 0.3770 0.1155 0.0358 0.0110 0.0034 0.0011 1.0000 1.0000 1.0000 0.8754 0.2702 0.0834 0.0258 0.0080 0.0025 0.0008 1.0000 1.0000 1.0000 0.6299 0.1945 0.0600 0.0185 0.0057 0.0018 1.0000 1.0000 1.0000 1.0000 0.4507 0.1386 0.0426 0.0131 0.0040 0.0012 1.0000 1.0000 1.0000 1.0000 0.3070 0.0942 0.0289 0.0089 0.0027 0.0008 1.0000 1.0000 1.0000 0.3784
1.0000 1.0000 1.0000 0.0008 0.0027 0.0088 0.0288 0.0937 0.3052 0.9943 1.0000 1.0000 1.0000 0.0012 0.0040 0.0130 0.0423 0.1378 0.4490 1.0000 1.0000 1.0000 1.0000 0.0018 0.0058 0.0186 0.0604 0.1956 0.6335 1.0000 1.0000 1.0000 0.0008 0.0025 0.0080 0.0259 0.0839 0.2718 0.8804 1.0000 1.0000 1.0000 0.0011 0.0034 0.0111 0.0360 0.1166 0.3762 1.0000 1.0000 1.0000 1.0000 1.0000 0.3762 0.1166 0.0360 0.0111 0.0034 0.0011 1.0000 1.0000 1.0000 0.8804 0.2718 0.0839 0.0259 0.0080 0.0025 0.0008 1.0000 1.0000 1.0000 0.6335 0.1956 0.0604 0.0186 0.0058 0.0018 1.0000 1.0000 1.0000 1.0000 0.4490 0.1378 0.0423 0.0130 0.0040 0.0012 1.0000 1.0000 1.0000 0.9943 0.3052 0.0937 0.0288 0.0088 0.0027 0.0008 1.0000 1.0000 1.0000
1.0000 1.0000 0.0008 0.0027 0.0088 0.0286 0.0932 0.3035 0.9887 1.0000 1.0000 1.0000 0.0012 0.0040 0.0129 0.0421 0.1371 0.4465 1.0000 1.0000 1.0000 1.0000 0.0018 0.0058 0.0187 0.0607 0.1967 0.6372 1.0000 1.0000 1.0000 0.0008 0.0025 0.0080 0.0261 0.0844 0.2733 0.8854 1.0000 1.0000 1.0000 0.0011 0.0035 0.0112 0.0362 0.1173 0.3798 1.0000 1.0000 1.0000 1.0000 1.0000 1.0000 1.0000 0.3798 0.1173 0.0362 0.0112 0.0035 0.0011 1.0000 1.0000 1.0000 0.8854 0.2733 0.0844 0.0261 0.0080 0.0025 0.0008 1.0000 1.0000 1.0000 0.6372 0.1967 0.0607 0.0187 0.0058 0.0018 1.0000 1.0000 1.0000 1.0000 0.4465 0.1371 0.0421 0.0129 0.0040 0.0012 1.0000 1.0000 1.0000 0.9887 0.3035 0.0932 0.0286 0.0088 0.0027 0.0008 1.0000 1.0000
1.0000 0.0009 0.0026 0.0087 0.0284 0.0926 0.3018 0.9830 1.0000 1.0000 1.0000 0.0012 0.0039 0.0128 0.0418 0.1363 0.4439 1.0000 1.0000 1.0000 1.0000 0.0018 0.0058 0.0188 0.0610 0.1978 0.6408 1.0000 1.0000 1.0000 0.0008 0.0025 0.0081 0.0262 0.0849 0.2749 0.8905 1.0000 1.0000 1.0000 0.0011 0.0035 0.0112 0.0364 0.1179 0.3820 1.0000 1.0000 1.0000 1.0000 0.0012 1.0000 1.0000 1.0000 1.0000 0.3820 0.1179 0.0364 0.0112 0.0035 0.0011 1.0000 1.0000 1.0000 0.8905 0.2749 0.0849 0.0262 0.0081 0.0025 0.0008 1.0000 1.0000 1.0000 0.6408 0.1978 0.0610 0.0188 0.0058 0.0018 1.0000 1.0000 1.0000 1.0000 0.4439 0.1363 0.0418 0.0128 0.0039 0.0012 1.0000 1.0000 1.0000 0.9830 0.3018 0.0926 0.0284 0.0087 0.0026 0.0009 1.0000
0.0005 0.0029 0.0086 0.0283 0.0921 0.3000 0.9774 1.0000 1.0000 1.0000 0.0012 0.0039 0.0128 0.0416 0.1355 0.4414 1.0000 1.0000 1.0000 1.0000 0.0018 0.0058 0.0187 0.0610 0.1986 0.6433 1.0000 1.0000 1.0000 0.0008 0.0025 0.0081 0.0264 0.0854 0.2765 0.8956 1.0000 1.0000 1.0000 0.0011 0.0035 0.0113 0.0366 0.1186 0.3842 1.0000 1.0000 1.0000 1.0000 0.0017 0.0039 0.0017 1.0000 1.0000 1.0000 1.0000 0.3842 0.1186 0.0366 0.0113 0.0035 0.0011 1.0000 1.0000 1.0000 0.8956 0.2765 0.0854 0.0264 0.0081 0.0025 0.0008 1.0000 1.0000 1.0000 0.6433 0.1986 0.0610 0.0187 0.0058 0.0018 1.0000 1.0000 1.0000 1.0000 0.4414 0.1355 0.0416 0.0128 0.0039 0.0012 1.0000 1.0000 1.0000 0.9774 0.3000 0.0921 0.0283 0.0086 0.0029 0.0005
0.0015 0.0093 0.0278 0.0918 0.2983 0.9719 1.0000 1.0000 1.0000 0.0012 0.0039 0.0127 0.0414 0.1347 0.4389 1.0000 1.0000 1.0000 1.0000 0.0018 0.0057 0.0186 0.0607 0.1978 0.6433 1.0000 1.0000 1.0000 0.0008 0.0025 0.0082 0.0265 0.0858 0.2781 0.9007 1.0000 1.0000 1.0000 0.0011 0.0035 0.0114 0.0368 0.1193 0.3864 1.0000 1.0000 1.0000 1.0000 0.0015 0.0056 0.0128 0.0056 0.0015 1.0000 1.0000 1.0000 1.0000 0.3864 0.1193 0.0368 0.0114 0.0035 0.0011 1.0000 1.0000 1.0000 0.9007 0.2781 0.0858 0.0265 0.0082 0.0025 0.0008 1.0000 1.0000 1.0000 0.6433 0.1978 0.0607 0.0186 0.0057 0.0018 1.0000 1.0000 1.0000 1.0000 0.4389 0.1347 0.0414 0.0127 0.0039 0.0012 1.0000 1.0000 1.0000 0.9719 0.2983 0.0918 0.0278 0.0093 0.0015
0.0048 0.0302 0.0900 0.2972 0.9663 1.0000 1.0000 1.0000 0.0012 0.0039 0.0126 0.0411 0.1340 0.4364 1.0000 1.0000 1.0000 1.0000 0.0017 0.0057 0.0185 0.0604 0.1967 0.6408 1.0000 1.0000 1.0000 0.0008 0.0025 0.0082 0.0267 0.0863 0.2797 0.9058 1.0000 1.0000 1.0000 0.0011 0.0035 0.0114 0.0370 0.1200 0.3886 1.0000 1.0000 1.0000 1.0000 0.0015 0.0049 0.0184 0.0418 0.0184 0.0049 0.0015 1.0000 1.0000 1.0000 1.0000 0.3886 0.1200 0.0370 0.0114 0.0035 0.0011 1.0000 1.0000 1.0000 0.9058 0.2797 0.0863 0.0267 0.0082 0.0025 0.0008 1.0000 1.0000 1.0000 0.6408 0.1967 0.0604 0.0185 0.0057 0.0017 1.0000 1.0000 1.0000 1.0000 0.4364 0.1340 0.0411 0.0126 0.0039 0.0012 1.0000 1.0000 1.0000 0.9663 0.2972 0.0900 0.0302 0.0048
0.0155 0.0979 0.2916 0.9627 1.0000 1.0000 1.0000 0.0012 0.0039 0.0126 0.0409 0.1332 0.4339 1.0000 1.0000 1.0000 1.0000 0.0017 0.0057 0.0184 0.0600 0.1956 0.6372 1.0000 1.0000 1.0000 0.0008 0.0025 0.0083 0.0268 0.0868 0.2813 0.9110 1.0000 1.0000 1.0000 0.0011 0.0036 0.0115 0.0372 0.1207 0.3908 1.0000 1.0000 1.0000 1.0000 0.0015 0.0049 0.0160 0.0599 0.1358 0.0599 0.0160 0.0049 0.0015 1.0000 1.0000 1.0000 1.0000 0.3908 0.1207 0.0372 0.0115 0.0036 0.0011 1.0000 1.0000 1.0000 0.9110 0.2813 0.0868 0.0268 0.0083 0.0025 0.0008 1.0000 1.0000 1.0000 0.6372 0.1956 0.0600 0.0184 0.0057 0.0017 1.0000 1.0000 1.0000 1.0000 0.4339 0.1332 0.0409 0.0126 0.0039 0.0012 1.0000 1.0000 1.0000 0.9627 0.2916 0.0979 0.0155
0.0501 0.3171 0.9445 1.0000 1.0000 1.0000 0.0012 0.0038 0.0125 0.0407 0.1324 0.4315 1.0000 1.0000 1.0000 1.0000 0.0017 0.0056 0.0183 0.0597 0.1945 0.6335 1.0000 1.0000 1.0000 0.0008 0.0025 0.0083 0.0269 0.0872 0.2829 0.9162 1.0000 1.0000 1.0000 0.0011 0.0036 0.0116 0.0375 0.1213 0.3931 1.0000 1.0000 1.0000 1.0000 0.0015 0.0050 0.0160 0.0523 0.1952 0.4431 0.1952 0.0523 0.0160 0.0050 0.0015 1.0000 1.0000 1.0000 1.0000 0.3931 0.1213 0.0375 0.0116 0.0036 0.0011 1.0000 1.0000 1.0000 0.9162 0.2829 0.0872 0.0269 0.0083 0.0025 0.0008 1.0000 1.0000 1.0000 0.6335 0.1945 0.0597 0.0183 0.0056 0.0017 1.0000 1.0000 1.0000 1.0000 0.4315 0.1324 0.0407 0.0125 0.0038 0.0012 1.0000 1.0000 1.0000 0.9445 0.3171 0.0501
0.1623 1.0000 1.0000 1.0000 1.0000 0.0012 0.0038 0.0124 0.0404 0.1317 0.4290 1.0000 1.0000 1.0000 1.0000 0.0017 0.0056 0.0182 0.0594 0.1934 0.6299 1.0000 1.0000 1.0000 0.0008 0.0025 0.0082 0.0268 0.0872 0.2839 0.9197 1.0000 1.0000 1.0000 0.0011 0.0036 0.0116 0.0377 0.1220 0.3953 1.0000 1.0000 1.0000 1.0000 0.0015 0.0050 0.0162 0.0522 0.1702 0.6360 1.0000 0.6360 0.1702 0.0522 0.0162 0.0050 0.0015 1.0000 1.0000 1.0000 1.0000 0.3953 0.1220 0.0377 0.0116 0.0036 0.0011 1.0000 1.0000 1.0000 0.9197 0.2839 0.0872 0.0268 0.0082 0.0025 0.0008 1.0000 1.0000 1.0000 0.6299 0.1934 0.0594 0.0182 0.0056 0.0017 1.0000 1.0000 1.0000 1.0000 0.4290 0.1317 0.0404 0.0124 0.0038 0.0012 1.0000 1.0000 1.0000 1.0000 0.1623
0.5258 1.0000 1.0000 1.0000 0.0012 0.0038 0.0123 0.0402 0.1309 0.4266 1.0000 1.0000 1.0000 1.0000 0.0017 0.0056 0.0181 0.0590 0.1923 0.6264 1.0000 1.0000 1.0000 0.0008 0.0025 0.0082 0.0267 0.0868 0.2829 0.9197 1.0000 1.0000 1.0000 0.0011 0.0036 0.0117 0.0379 0.1227 0.3976 1.0000 1.0000 1.0000 1.0000 0.0015 0.0050 0.0163 0.0527 0.1699 0.5546 1.0000 1.0000 1.0000 0.5546 0.1699 0.0527 0.0163 0.0050 0.0015 1.0000 1.0000 1.0000 1.0000 0.3976 0.1227 0.0379 0.0117 0.0036 0.0011 1.0000 1.0000 1.0000 0.9197 0.2829 0.0868 0.0267 0.0082 0.0025 0.0008 1.0000 1.0000 1.0000 0.6264 0.1923 0.0590 0.0181 0.0056 0.0017 1.0000 1.0000 1.0000 1.0000 0.4266 0.1309 0.0402 0.0123 0.0038 0.0012 1.0000 1.0000 1.0000 0.5258
1.0000 1.0000 1.0000 0.0012 0.0038 0.0123 0.0400 0.1302 0.4241 1.0000 1.0000 1.0000 1.0000 0.0017 0.0055 0.0180 0.0587 0.1912 0.6228 1.0000 1.0000 1.0000 0.0008 0.0025 0.0081 0.0265 0.0863 0.2813 0.9162 1.0000 1.0000 1.0000 0.0011 0.0036 0.0118 0.0381 0.1234 0.3998 1.0000 1.0000 1.0000 1.0000 0.0016 0.0050 0.0163 0.0530 0.1715 0.5535 1.0000 1.0000 1.0000 1.0000 1.0000 0.5535 0.1715 0.0530 0.0163 0.0050 0.0016 1.0000 1.0000 1.0000 1.0000 0.3998 0.1234 0.0381 0.0118 0.0036 0.0011 1.0000 1.0000 1.0000 0.9162 0.2813 0.0863 0.0265 0.0081 0.0025 0.0008 1.0000 1.0000 1.0000 0.6228 0.1912 0.0587 0.0180 0.0055 0.0017 1.0000 1.0000 1.0000 1.0000 0.4241 0.1302 0.0400 0.0123 0.0038 0.0012 1.0000 1.0000 1.0000
1.0000 1.0000 0.0011 0.0038 0.0122 0.0397 0.1295 0.4217 1.0000 1.0000 1.0000 1.0000 0.0017 0.0055 0.0179 0.0583 0.1901 0.6192 1.0000 1.0000 1.0000 0.0008 0.0025 0.0081 0.0264 0.0858 0.2797 0.9110 1.0000 1.0000 1.0000 0.0011 0.0036 0.0118 0.0383 0.1241 0.4021 1.0000 1.0000 1.0000 1.0000 0.0016 0.0051 0.0164 0.0533 0.1725 0.5588 1.0000 1.0000 1.0000 1.0000 1.0000 1.0000 1.0000 0.5588 0.1725 0.0533 0.0164 0.0051 0.0016 1.0000 1.0000 1.0000 1.0000 0.4021 0.1241 0.0383 0.0118 0.0036 0.0011 1.0000 1.0000 1.0000 0.9110 0.2797 0.0858 0.0264 0.0081 0.0025 0.0008 1.0000 1.0000 1.0000 0.6192 0.1901 0.0583 0.0179 0.0055 0.0017 1.0000 1.0000 1.0000 1.0000 0.4217 0.1295 0.0397 0.0122 0.0038 0.0011 1.0000 1.0000
1.0000 0.0012 0.0037 0.0122 0.0395 0.1287 0.4193 1.0000 1.0000 1.0000 1.0000 0.0017 0.0055 0.0178 0.0580 0.1890 0.6157 1.0000 1.0000 1.0000 0.0008 0.0025 0.0080 0.0262 0.0854 0.2781 0.9058 1.0000 1.0000 1.0000 0.0011 0.0036 0.0118 0.0385 0.1246 0.4044 1.0000 1.0000 1.0000 1.0000 0.0016 0.0051 0.0165 0.0536 0.1735 0.5620 1.0000 1.0000 1.0000 0.0008 0.0018 0.0008 1.0000 1.0000 1.0000 0.5620 0.1735 0.0536 0.0165 0.0051 0.0016 1.0000 1.0000 1.0000 1.0000 0.4044 0.1246 0.0385 0.0118 0.0036 0.0011 1.0000 1.0000 1.0000 0.9058 0.2781 0.0854 0.0262 0.0080 0.0025 0.0008 1.0000 1.0000 1.0000 0.6157 0.1890 0.0580 0.0178 0.0055 0.0017 1.0000 1.0000 1.0000 1.0000 0.4193 0.1287 0.0395 0.0122 0.0037 0.0012 1.0000
0.0006 0.0040 0.0119 0.0394 0.1280 0.4169 1.0000 1.0000 1.0000 1.0000 0.0017 0.0054 0.0177 0.0577 0.1879 0.6122 1.0000 1.0000 1.0000 0.0008 0.0025 0.0080 0.0261 0.0849 0.2765 0.9007 1.0000 1.0000 1.0000 0.0011 0.0036 0.0118 0.0383 0.1246 0.4060 1.0000 1.0000 1.0000 1.0000 0.0016 0.0051 0.0166 0.0539 0.1745 0.5652 1.0000 1.0000 1.0000 0.0007 0.0025 0.0058 0.0025 0.0007 1.0000 1.0000 1.0000 0.5652 0.1745 0.0539 0.0166 0.0051 0.0016 1.0000 1.0000 1.0000 1.0000 0.4060 0.1246 0.0383 0.0118 0.0036 0.0011 1.0000 1.0000 1.0000 0.9007 0.2765 0.0849 0.0261 0.0080 0.0025 0.0008 1.0000 1.0000 1.0000 0.6122 0.1879 0.0577 0.0177 0.0054 0.0017 1.0000 1.0000 1.0000 1.0000 0.4169 0.1280 0.0394 0.0119 0.0040 0.0006
0.0020 0.0130 0.0386 0.1275 0.4146 1.0000 1.0000 1.0000 1.0000 0.0017 0.0054 0.0176 0.0574 0.1869 0.6087 1.0000 1.0000 1.0000 0.0007 0.0024 0.0080 0.0259 0.0844 0.2749 0.8956 1.0000 1.0000 1.0000 0.0011 0.0036 0.0117 0.0381 0.1241 0.4044 1.0000 1.0000 1.0000 1.0000 0.0016 0.0052 0.0167 0.0542 0.1755 0.5685 1.0000 1.0000 1.0000 0.0007 0.0022 0.0083 0.0188 0.0083 0.0022 0.0007 1.0000 1.0000 1.0000 0.5685 0.1755 0.0542 0.0167 0.0052 0.0016 1.0000 1.0000 1.0000 1.0000 0.4044 0.1241 0.0381 0.0117 0.0036 0.0011 1.0000 1.0000 1.0000 0.8956 0.2749 0.0844 0.0259 0.0080 0.0024 0.0007 1.0000 1.0000 1.0000 0.6087 0.1869 0.0574 0.0176 0.0054 0.0017 1.0000 1.0000 1.0000 1.0000 0.4146 0.1275 0.0386 0.0130 0.0020
0.0066 0.0419 0.1251 0.4130 1.0000 1.0000 1.0000 1.0000 0.0016 0.0054 0.0175 0.0570 0.1858 0.6053 1.0000 1.0000 1.0000 0.0007 0.0024 0.0079 0.0258 0.0839 0.2733 0.8905 1.0000 1.0000 1.0000 0.0011 0.0036 0.0116 0.0379 0.1234 0.4021 1.0000 1.0000 1.0000 1.0000 0.0016 0.0052 0.0168 0.0545 0.1765 0.5717 1.0000 1.0000 1.0000 0.0007 0.0022 0.0072 0.0271 0.0614 0.0271 0.0072 0.0022 0.0007 1.0000 1.0000 1.0000 0.5717 0.1765 0.0545 0.0168 0.0052 0.0016 1.0000 1.0000 1.0000 1.0000 0.4021 0.1234 0.0379 0.0116 0.0036 0.0011 1.0000 1.0000 1.0000 0.8905 0.2733 0.0839 0.0258 0.0079 0.0024 0.0007 1.0000 1.0000 1.0000 0.6053 0.1858 0.0570 0.0175 0.0054 0.0016 1.0000 1.0000 1.0000 1.0000 0.4130 0.1251 0.0419 0.0066
0.0215 0.1360 0.4052 1.0000 1.0000 1.0000 1.0000 0.0016 0.0053 0.0174 0.0567 0.1847 0.6018 1.0000 1.0000 1.0000 0.0007 0.0024 0.0079 0.0256 0.0834 0.2718 0.8854 1.0000 1.0000 1.0000 0.0011 0.0036 0.0116 0.0377 0.1227 0.3998 1.0000 1.0000 1.0000 1.0000 0.0016 0.0052 0.0169 0.0548 0.1775 0.5750 1.0000 1.0000 1.0000 0.0007 0.0022 0.0072 0.0236 0.0882 0.1997 0.0882 0.0236 0.0072 0.0022 0.0007 1.0000 1.0000 1.0000 0.5750 0.1775 0.0548 0.0169 0.0052 0.0016 1.0000 1.0000 1.0000 1.0000 0.3998 0.1227 0.0377 0.0116 0.0036 0.0011 1.0000 1.0000 1.0000 0.8854 0.2718 0.0834 0.0256 0.0079 0.0024 0.0007 1.0000 1.0000 1.0000 0.6018 0.1847 0.0567 0.0174 0.0053 0.0016 1.0000 1.0000 1.0000 1.0000 0.4052 0.1360 0.0215
0.0696 0.4397 1.0000 1.0000 1.0000 1.0000 0.0016 0.0053 0.0173 0.0564 0.1837 0.5984 1.0000 1.0000 1.0000 0.0007 0.0024 0.0078 0.0255 0.0830 0.2702 0.8804 1.0000 1.0000 1.0000 0.0011 0.0035 0.0115 0.0375 0.1220 0.3976 1.0000 1.0000 1.0000 1.0000 0.0016 0.0052 0.0169 0.0550 0.1782 0.5783 1.0000 1.0000 1.0000 0.0007 0.0023 0.0073 0.0235 0.0769 0.2872 0.6519 0.2872 0.0769 0.0235 0.0073 0.0023 0.0007 1.0000 1.0000 1.0000 0.5783 0.1782 0.0550 0.0169 0.0052 0.0016 1.0000 1.0000 1.0000 1.0000 0.3976 0.1220 0.0375 0.0115 0.0035 0.0011 1.0000 1.0000 1.0000 0.8804 0.2702 0.0830 0.0255 0.0078 0.0024 0.0007 1.0000 1.0000 1.0000 0.5984 0.1837 0.0564 0.0173 0.0053 0.0016 1.0000 1.0000 1.0000 1.0000 0.4397 0.0696
0.2256 1.0000 1.0000 1.0000 1.0000 0.0016 0.0053 0.0172 0.0561 0.1826 0.5950 1.0000 1.0000 1.0000 0.0007 0.0024 0.0078 0.0253 0.0825 0.2687 0.8754 1.0000 1.0000 1.0000 0.0011 0.0035 0.0114 0.0372 0.1213 0.3953 1.0000 1.0000 1.0000 1.0000 0.0016 0.0052 0.0168 0.0548 0.1782 0.5805 1.0000 1.0000 1.0000 0.0007 0.0023 0.0073 0.0238 0.0767 0.2504 0.9356 1.0000 0.9356 0.2504 0.0767 0.0238 0.0073 0.0023 0.0007 1.0000 1.0000 1.0000 0.5805 0.1782 0.0548 0.0168 0.0052 0.0016 1.0000 1.0000 1.0000 1.0000 0.3953 0.1213 0.0372 0.0114 0.0035 0.0011 1.0000 1.0000 1.0000 0.8754 0.2687 0.0825 0.0253 0.0078 0.0024 0.0007 1.0000 1.0000 1.0000 0.5950 0.1826 0.0561 0.0172 0.0053 0.0016 1.0000 1.0000 1.0000 1.0000 0.2256
0.7307 1.0000 1.0000 1.0000 0.0016 0.0053 0.0171 0.0557 0.1816 0.5916 1.0000 1.0000 1.0000 0.0007 0.0024 0.0077 0.0252 0.0820 0.2672 0.8704 1.0000 1.0000 1.0000 0.0011 0.0035 0.0114 0.0370 0.1207 0.3931 1.0000 1.0000 1.0000 1.0000 0.0016 0.0051 0.0167 0.0545 0.1775 0.5783 1.0000 1.0000 1.0000 0.0007 0.0023 0.0074 0.0239 0.0775 0.2495 0.8159 1.0000 1.0000 1.0000 0.8159 0.2495 0.0775 0.0239 0.0074 0.0023 0.0007 1.0000 1.0000 1.0000 0.5783 0.1775 0.0545 0.0167 0.0051 0.0016 1.0000 1.0000 1.0000 1.0000 0.3931 0.1207 0.0370 0.0114 0.0035 0.0011 1.0000 1.0000 1.0000 0.8704 0.2672 0.0820 0.0252 0.0077 0.0024 0.0007 1.0000 1.0000 1.0000 0.5916 0.1816 0.0557 0.0171 0.0053 0.0016 1.0000 1.0000 1.0000 0.7307
1.0000 1.0000 1.0000 0.0016 0.0052 0.0170 0.0554 0.1806 0.5882 1.0000 1.0000 1.0000 0.0007 0.0024 0.0077 0.0250 0.0815 0.2657 0.8654 1.0000 1.0000 1.0000 0.0011 0.0035 0.0113 0.0368 0.1200 0.3908 1.0000 1.0000 1.0000 1.0000 0.0016 0.0051 0.0166 0.0542 0.1765 0.5750 1.0000 1.0000 1.0000 0.0007 0.0023 0.0074 0.0241 0.0779 0.2524 0.8143 1.0000 1.0000 1.0000 1.0000 1.0000 0.8143 0.2524 0.0779 0.0241 0.0074 0.0023 0.0007 1.0000 1.0000 1.0000 0.5750 0.1765 0.0542 0.0166 0.0051 0.0016 1.0000 1.0000 1.0000 1.0000 0.3908 0.1200 0.0368 0.0113 0.0035 0.0011 1.0000 1.0000 1.0000 0.8654 0.2657 0.0815 0.0250 0.0077 0.0024 0.0007 1.0000 1.0000 1.0000 0.5882 0.1806 0.0554 0.0170 0.0052 0.0016 1.0000 1.0000 1.0000
1.0000 1.0000 0.0016 0.0052 0.0169 0.0551 0.1795 0.5849 1.0000 1.0000 1.0000 0.0007 0.0023 0.0076 0.0249 0.0811 0.2641 0.8605 1.0000 1.0000 1.0000 0.0011 0.0035 0.0112 0.0366 0.1193 0.3886 1.0000 1.0000 1.0000 1.0000 0.0016 0.0051 0.0165 0.0539 0.1755 0.5717 1.0000 1.0000 1.0000 0.0007 0.0023 0.0075 0.0241 0.0784 0.2538 0.8221 1.0000 1.0000 1.0000 0.0008 1.0000 1.0000 1.0000 0.8221 0.2538 0.0784 0.0241 0.0075 0.0023 0.0007 1.0000 1.0000 1.0000 0.5717 0.1755 0.0539 0.0165 0.0051 0.0016 1.0000 1.0000 1.0000 1.0000 0.3886 0.1193 0.0366 0.0112 0.0035 0.0011 1.0000 1.0000 1.0000 0.8605 0.2641 0.0811 0.0249 0.0076 0.0023 0.0007 1.0000 1.0000 1.0000 0.5849 0.1795 0.0551 0.0169 0.0052 0.0016 1.0000 1.0000
1.0000 0.0017 0.0051 0.0169 0.0548 0.1785 0.5816 1.0000 1.0000 1.0000 0.0007 0.0023 0.0076 0.0247 0.0806 0.2626 0.8556 1.0000 1.0000 1.0000 0.0011 0.0034 0.0112 0.0364 0.1186 0.3864 1.0000 1.0000 1.0000 1.0000 0.0015 0.0050 0.0164 0.0536 0.1745 0.5685 1.0000 1.0000 1.0000 0.0007 0.0023 0.0074 0.0241 0.0787 0.2548 0.8268 1.0000 1.0000 1.0000 0.0011 0.0026 0.0011 1.0000 1.0000 1.0000 0.8268 0.2548 0.0787 0.0241 0.0074 0.0023 0.0007 1.0000 1.0000 1.0000 0.5685 0.1745 0.0536 0.0164 0.0050 0.0015 1.0000 1.0000 1.0000 1.0000 0.3864 0.1186 0.0364 0.0112 0.0034 0.0011 1.0000 1.0000 1.0000 0.8556 0.2626 0.0806 0.0247 0.0076 0.0023 0.0007 1.0000 1.0000 1.0000 0.5816 0.1785 0.0548 0.0169 0.0051 0.0017 1.0000
0.0009 0.0056 0.0165 0.0546 0.1775 0.5783 1.0000 1.0000 1.0000 0.0007 0.0023 0.0076 0.0246 0.0802 0.2611 0.8507 1.0000 1.0000 1.0000 0.0010 0.0034 0.0111 0.0362 0.1179 0.3842 1.0000 1.0000 1.0000 1.0000 0.0015 0.0050 0.0163 0.0533 0.1735 0.5652 1.0000 1.0000 1.0000 0.0007 0.0023 0.0074 0.0241 0.0784 0.2548 0.8300 1.0000 1.0000 1.0000 0.0010 0.0037 0.0085 0.0037 0.0010 1.0000 1.0000 1.0000 0.8300 0.2548 0.0784 0.0241 0.0074 0.0023 0.0007 1.0000 1.0000 1.0000 0.5652 0.1735 0.0533 0.0163 0.0050 0.0015 1.0000 1.0000 1.0000 1.0000 0.3842 0.1179 0.0362 0.0111 0.0034 0.0010 1.0000 1.0000 1.0000 0.8507 0.2611 0.0802 0.0246 0.0076 0.0023 0.0007 1.0000 1.0000 1.0000 0.5783 0.1775 0.0546 0.0165 0.0056 0.0009
0.0028 0.0180 0.0536 0.1768 0.5750 1.0000 1.0000 1.0000 0.0007 0.0023 0.0075 0.0245 0.0797 0.2597 0.8459 1.0000 1.0000 1.0000 0.0010 0.0034 0.0110 0.0360 0.1173 0.3820 1.0000 1.0000 1.0000 1.0000 0.0015 0.0050 0.0163 0.0530 0.1725 0.5620 1.0000 1.0000 1.0000 0.0007 0.0023 0.0073 0.0239 0.0779 0.2538 0.8268 1.0000 1.0000 1.0000 0.0010 0.0033 0.0122 0.0276 0.0122 0.0033 0.0010 1.0000 1.0000 1.0000 0.8268 0.2538 0.0779 0.0239 0.0073 0.0023 0.0007 1.0000 1.0000 1.0000 0.5620 0.1725 0.0530 0.0163 0.0050 0.0015 1.0000 1.0000 1.0000 1.0000 0.3820 0.1173 0.0360 0.0110 0.0034 0.0010 1.0000 1.0000 1.0000 0.8459 0.2597 0.0797 0.0245 0.0075 0.0023 0.0007 1.0000 1.0000 1.0000 0.5750 0.1768 0.0536 0.0180 0.0028
0.0092 0.0582 0.1735 0.5728 1.0000 1.0000 1.0000 0.0007 0.0023 0.0075 0.0243 0.0793 0.2582 0.8411 1.0000 1.0000 1.0000 0.0010 0.0034 0.0110 0.0358 0.1166 0.3798 1.0000 1.0000 1.0000 1.0000 0.0015 0.0050 0.0162 0.0527 0.1715 0.5588 1.0000 1.0000 1.0000 0.0007 0.0022 0.0073 0.0238 0.0775 0.2524 0.8221 1.0000 1.0000 1.0000 0.0010 0.0033 0.0106 0.0398 0.0902 0.0398 0.0106 0.0033 0.0010 1.0000 1.0000 1.0000 0.8221 0.2524 0.0775 0.0238 0.0073 0.0022 0.0007 1.0000 1.0000 1.0000 0.5588 0.1715 0.0527 0.0162 0.0050 0.0015 1.0000 1.0000 1.0000 1.0000 0.3798 0.1166 0.0358 0.0110 0.0034 0.0010 1.0000 1.0000 1.0000 0.8411 0.2582 0.0793 0.0243 0.0075 0.0023 0.0007 1.0000 1.0000 1.0000 0.5728 0.1735 0.0582 0.0092
0.0299 0.1883 0.5620 1.0000 1.0000 1.0000 0.0007 0.0023 0.0074 0.0242 0.0788 0.2567 0.8363 1.0000 1.0000 1.0000 0.0010 0.0034 0.0109 0.0356 0.1159 0.3777 1.0000 1.0000 1.0000 1.0000 0.0015 0.0049 0.0161 0.0524 0.1706 0.5556 1.0000 1.0000 1.0000 0.0007 0.0022 0.0073 0.0236 0.0770 0.2509 0.8174 1.0000 1.0000 1.0000 0.0010 0.0033 0.0106 0.0347 0.1295 0.2927 0.1290 0.0345 0.0106 0.0033 0.0010 1.0000 1.0000 1.0000 0.8143 0.2495 0.0767 0.0235 0.0072 0.0022 0.0007 1.0000 1.0000 1.0000 0.5535 0.1699 0.0522 0.0160 0.0049 0.0015 1.0000 1.0000 1.0000 1.0000 0.3762 0.1155 0.0355 0.0109 0.0033 0.0010 1.0000 1.0000 1.0000 0.8331 0.2557 0.0785 0.0241 0.0074 0.0023 0.0007 1.0000 1.0000 1.0000 0.5599 0.1876 0.0297
0.0966 0.6111 1.0000 1.0000 1.0000 0.0007 0.0023 0.0074 0.0241 0.0784 0.2553 0.8315 1.0000 1.0000 1.0000 0.0010 0.0033 0.0109 0.0354 0.1153 0.3755 1.0000 1.0000 1.0000 1.0000 0.0015 0.0049 0.0160 0.0521 0.1696 0.5525 1.0000 1.0000 1.0000 0.0007 0.0022 0.0072 0.0235 0.0766 0.2495 0.8128 1.0000 1.0000 1.0000 0.0010 0.0033 0.0106 0.0343 0.1127 0.4193 0.9572 0.4266 0.1127 0.0345 0.0106 0.0033 0.0010 1.0000 1.0000 1.0000 0.8159 0.2504 0.0769 0.0236 0.0072 0.0022 0.0007 1.0000 1.0000 1.0000 0.5546 0.1702 0.0523 0.0160 0.0049 0.0015 1.0000 1.0000 1.0000 1.0000 0.3770 0.1157 0.0355 0.0109 0.0033 0.0010 1.0000 1.0000 1.0000 0.8347 0.2562 0.0787 0.0241 0.0074 0.0023 0.0007 1.0000 1.0000 1.0000 0.6134 0.0979
0.3129 1.0000 1.0000 1.0000 0.0007 0.0023 0.0073 0.0239 0.0779 0.2538 0.8268 1.0000 1.0000 1.0000 0.0010 0.0033 0.0108 0.0352 0.1146 0.3734 1.0000 1.0000 1.0000 1.0000 0.0015 0.0049 0.0159 0.0518 0.1686 0.5493 1.0000 1.0000 1.0000 0.0007 0.0022 0.0072 0.0234 0.0762 0.2481 0.8082 1.0000 1.0000 1.0000 0.0010 0.0032 0.0105 0.0343 0.1114 0.3629 1.0000 1.0000 1.0000 0.4331 0.1287 0.0397 0.0122 0.0037 0.0011 1.0000 1.0000 1.0000 0.9356 0.2872 0.0882 0.0271 0.0083 0.0025 0.0008 1.0000 1.0000 1.0000 0.6360 0.1952 0.0599 0.0184 0.0056 0.0017 1.0000 1.0000 1.0000 1.0000 0.4323 0.1327 0.0407 0.0125 0.0038 0.0012 1.0000 1.0000 1.0000 0.9572 0.2938 0.0902 0.0277 0.0085 0.0026 0.0008 1.0000 1.0000 1.0000 0.3643
1.0000 1.0000 1.0000 0.0007 0.0022 0.0073 0.0238 0.0775 0.2524 0.8221 1.0000 1.0000 1.0000 0.0010 0.0033 0.0107 0.0350 0.1140 0.3713 1.0000 1.0000 1.0000 1.0000 0.0015 0.0048 0.0158 0.0515 0.1677 0.5462 1.0000 1.0000 1.0000 0.0007 0.0022 0.0071 0.0232 0.0757 0.2467 0.8036 1.0000 1.0000 1.0000 0.0010 0.0032 0.0105 0.0341 0.1112 0.3595 1.0000 1.0000 1.0000 1.0000 0.9608 0.2989 0.0900 0.0276 0.0085 0.0026 0.0008 1.0000 1.0000 1.0000 0.6519 0.1997 0.0614 0.0188 0.0058 0.0018 1.0000 1.0000 1.0000 1.0000 0.4431 0.1358 0.0418 0.0128 0.0039 0.0012 1.0000 1.0000 1.0000 0.9793 0.3012 0.0923 0.0284 0.0087 0.0027 0.0008 1.0000 1.0000 1.0000 0.6657 0.2047 0.0627 0.0193 0.0059 0.0018 1.0000 1.0000 1.0000 0.8770
1.0000 1.0000 0.0007 0.0022 0.0073 0.0236 0.0770 0.2509 0.8174 1.0000 1.0000 1.0000 0.0010 0.0033 0.0107 0.0348 0.1133 0.3692 1.0000 1.0000 1.0000 1.0000 0.0015 0.0048 0.0157 0.0512 0.1667 0.5431 1.0000 1.0000 1.0000 0.0007 0.0022 0.0071 0.0231 0.0753 0.2453 0.7990 1.0000 1.0000 1.0000 0.0010 0.0032 0.0104 0.0339 0.1105 0.3595 1.0000 1.0000 1.0000 1.0000 0.3664 0.4075 0.1360 0.0398 0.0122 0.0037 0.0011 1.0000 1.0000 1.0000 0.9356 0.2872 0.0882 0.0271 0.0083 0.0025 0.0008 1.0000 1.0000 1.0000 0.6360 0.1952 0.0599 0.0184 0.0056 0.0017 1.0000 1.0000 1.0000 1.0000 0.4323 0.1327 0.0407 0.0125 0.0038 0.0012 1.0000 1.0000 1.0000 0.9572 0.2938 0.0902 0.0277 0.0085 0.0026 0.0008 1.0000 1.0000 1.0000 0.3643
1.0000 0.0007 0.0022 0.0072 0.0234 0.0762 0.2481 0.8082 1.0000 1.0000 1.0000 0.0010 0.0032 0.0106 0.0344 0.1120 0.3650 1.0000 1.0000 1.0000 1.0000 0.0015 0.0048 0.0155 0.0506 0.1648 0.5369 1.0000 1.0000 1.0000 0.0007 0.0022 0.0070 0.0228 0.0744 0.2425 0.7899 1.0000 1.0000 1.0000 0.0010 0.0032 0.0103 0.0335 0.1093 0.3561 1.0000 1.0000 1.0000 1.0000 0.0007 0.0239 0.1211 0.0388 0.0106 0.0033 0.0010 1.0000 1.0000 1.0000 0.8159 0.2504 0.0769 0.0236 0.0072 0.0022 0.0007 1.0000 1.0000 1.0000 0.5546 0.1702 0.0523 0.0160 0.0049 0.0015 1.0000 1.0000 1.0000 1.0000 0.3770 0.1157 0.0355 0.0109 0.0033 0.0010 1.0000 1.0000 1.0000 0.8347 0.2562 0.0787 0.0241 0.0074 0.0023 0.0007 1.0000 1.0000 1.0000 0.6134 0.0979
0.0004 0.0024 0.0072 0.0236 0.0769 0.2504 0.8159 1.0000 1.0000 1.0000 0.0010 0.0033 0.0106 0.0347 0.1129 0.3678 1.0000 1.0000 1.0000 1.0000 0.0015 0.0048 0.0156 0.0510 0.1661 0.5410 1.0000 1.0000 1.0000 0.0007 0.0022 0.0071 0.0230 0.0750 0.2443 0.7960 1.0000 1.0000 1.0000 0.0010 0.0032 0.0104 0.0339 0.1103 0.3595 1.0000 1.0000 1.0000 1.0000 0.0014 0.0028 0.0447 0.0497 0.0106 0.0032 0.0010 1.0000 1.0000 1.0000 0.8143 0.2495 0.0767 0.0235 0.0072 0.0022 0.0007 1.0000 1.0000 1.0000 0.5535 0.1699 0.0522 0.0160 0.0049 0.0015 1.0000 1.0000 1.0000 1.0000 0.3762 0.1155 0.0355 0.0109 0.0033 0.0010 1.0000 1.0000 1.0000 0.8331 0.2557 0.0785 0.0241 0.0074 0.0023 0.0007 1.0000 1.0000 1.0000 0.5599 0.1876 0.0297
0.0015 0.0093 0.0276 0.0911 0.2961 0.9645 1.0000 1.0000 1.0000 0.0012 0.0039 0.0126 0.0410 0.1335 0.4347 1.0000 1.0000 1.0000 1.0000 0.0017 0.0057 0.0185 0.0603 0.1963 0.6396 1.0000 1.0000 1.0000 0.0008 0.0026 0.0084 0.0272 0.0887 0.2888 0.9410 1.0000 1.0000 1.0000 0.0012 0.0038 0.0123 0.0400 0.1304 0.4249 1.0000 1.0000 1.0000 1.0000 0.0017 0.0055 0.0207 0.0445 0.0118 0.0032 0.0010 1.0000 1.0000 1.0000 0.8221 0.2524 0.0775 0.0238 0.0073 0.0022 0.0007 1.0000 1.0000 1.0000 0.5588 0.1715 0.0527 0.0162 0.0050 0.0015 1.0000 1.0000 1.0000 1.0000 0.3798 0.1166 0.0358 0.0110 0.0034 0.0010 1.0000 1.0000 1.0000 0.8411 0.2582 0.0793 0.0243 0.0075 0.0023 0.0007 1.0000 1.0000 1.0000 0.5728 0.1735 0.0582 0.0092
0.0029 0.0174 0.0515 0.1693 0.5504 1.0000 1.0000 1.0000 1.0000 0.0022 0.0072 0.0234 0.0762 0.2481 0.8082 1.0000 1.0000 1.0000 0.0010 0.0032 0.0106 0.0344 0.1120 0.3650 1.0000 1.0000 1.0000 1.0000 0.0015 0.0048 0.0155 0.0506 0.1648 0.5369 1.0000 1.0000 1.0000 1.0000 0.0022 0.0070 0.0228 0.0744 0.2425 0.7899 1.0000 1.0000 1.0000 0.0010 0.0031 0.0110 0.0298 0.0139 0.0032 0.0010 1.0000 1.0000 1.0000 0.8268 0.2538 0.0779 0.0239 0.0073 0.0023 0.0007 1.0000 1.0000 1.0000 0.5620 0.1725 0.0530 0.0163 0.0050 0.0015 1.0000 1.0000 1.0000 1.0000 0.3820 0.1173 0.0360 0.0110 0.0034 0.0010 1.0000 1.0000 1.0000 0.8459 0.2597 0.0797 0.0245 0.0075 0.0023 0.0007 1.0000 1.0000 1.0000 0.5750 0.1768 0.0536 0.0180 0.0028
