0.0011 0.0071 0.0209 0.0686 0.2217 0.7183 1.0000 1.0000 1.0000 0.0009 0.0028 0.0091 0.0294 0.0951 0.3081 0.9981 1.0000 1.0000 0.0004 0.0012 0.0039 0.0126 0.0408 0.1322 0.4282 1.0000 1.0000 1.0000 0.0005 0.0017 0.0054 0.0175 0.0567 0.1837 0.5950 1.0000 1.0000 1.0000 0.0007 0.0023 0.0075 0.0243 0.0787 0.2548 0.8252 1.0000 1.0000 1.0000 0.0010 0.0037 0.0090 0.0037 0.0010 1.0000 1.0000 1.0000 0.8252 0.2548 0.0787 0.0243 0.0075 0.0023 0.0007 1.0000 1.0000 1.0000 0.5950 0.1837 0.0567 0.0175 0.0054 0.0017 0.0005 1.0000 1.0000 1.0000 0.4282 0.1322 0.0408 0.0126 0.0039 0.0012 0.0004 1.0000 1.0000 0.9981 0.3081 0.0951 0.0294 0.0091 0.0028 0.0009 1.0000 1.0000 1.0000 0.7183 0.2217 0.0686 0.0209 0.0071 0.0011
0.0071 0.0451 0.1317 0.4339 1.0000 1.0000 1.0000 1.0000 0.0017 0.0055 0.0177 0.0574 0.1858 0.6018 1.0000 1.0000 1.0000 0.0007 0.0023 0.0076 0.0246 0.0797 0.2582 0.8363 1.0000 1.0000 1.0000 0.0010 0.0033 0.0106 0.0341 0.1108 0.3581 1.0000 1.0000 1.0000 1.0000 0.0014 0.0045 0.0146 0.0474 0.1536 0.4976 1.0000 1.0000 1.0000 1.0000 0.0019 0.0063 0.0237 0.0540 0.0237 0.0063 0.0019 1.0000 1.0000 1.0000 1.0000 0.4976 0.1536 0.0474 0.0146 0.0045 0.0014 1.0000 1.0000 1.0000 1.0000 0.3581 0.1108 0.0341 0.0106 0.0033 0.0010 1.0000 1.0000 1.0000 0.8363 0.2582 0.0797 0.0246 0.0076 0.0023 0.0007 1.0000 1.0000 1.0000 0.6018 0.1858 0.0574 0.0177 0.0055 0.0017 1.0000 1.0000 1.0000 1.0000 0.4339 0.1317 0.0451 0.0071
0.0209 0.1317 0.3938 1.0000 1.0000 1.0000 1.0000 0.0016 0.0050 0.0163 0.0528 0.1709 0.5535 1.0000 1.0000 1.0000 0.0007 0.0022 0.0070 0.0226 0.0733 0.2375 0.7692 1.0000 1.0000 1.0000 0.0009 0.0030 0.0097 0.0314 0.1019 0.3300 1.0000 1.0000 1.0000 1.0000 0.0013 0.0042 0.0135 0.0436 0.1413 0.4577 1.0000 1.0000 1.0000 1.0000 0.0018 0.0058 0.0188 0.0703 0.1599 0.0703 0.0188 0.0058 0.0018 1.0000 1.0000 1.0000 1.0000 0.4577 0.1413 0.0436 0.0135 0.0042 0.0013 1.0000 1.0000 1.0000 1.0000 0.3300 0.1019 0.0314 0.0097 0.0030 0.0009 1.0000 1.0000 1.0000 0.7692 0.2375 0.0733 0.0226 0.0070 0.0022 0.0007 1.0000 1.0000 1.0000 0.5535 0.1709 0.0528 0.0163 0.0050 0.0016 1.0000 1.0000 1.0000 1.0000 0.3938 0.1317 0.0209
0.0686 0.4339 1.0000 1.0000 1.0000 1.0000 0.0016 0.0051 0.0166 0.0538 0.1742 0.5641 1.0000 1.0000 1.0000 0.0007 0.0022 0.0071 0.0231 0.0747 0.2420 0.7839 1.0000 1.0000 1.0000 0.0009 0.0031 0.0099 0.0321 0.1038 0.3363 1.0000 1.0000 1.0000 1.0000 0.0013 0.0042 0.0137 0.0445 0.1440 0.4664 1.0000 1.0000 1.0000 1.0000 0.0018 0.0059 0.0190 0.0620 0.2317 0.5258 0.2317 0.0620 0.0190 0.0059 0.0018 1.0000 1.0000 1.0000 1.0000 0.4664 0.1440 0.0445 0.0137 0.0042 0.0013 1.0000 1.0000 1.0000 1.0000 0.3363 0.1038 0.0321 0.0099 0.0031 0.0009 1.0000 1.0000 1.0000 0.7839 0.2420 0.0747 0.0231 0.0071 0.0022 0.0007 1.0000 1.0000 1.0000 0.5641 0.1742 0.0538 0.0166 0.0051 0.0016 1.0000 1.0000 1.0000 1.0000 0.4339 0.0686
0.2217 1.0000 1.0000 1.0000 1.0000 0.0016 0.0051 0.0167 0.0540 0.1748 0.5663 1.0000 1.0000 1.0000 0.0007 0.0022 0.0071 0.0232 0.0750 0.2429 0.7869 1.0000 1.0000 1.0000 0.0009 0.0031 0.0099 0.0322 0.1042 0.3376 1.0000 1.0000 1.0000 1.0000 0.0013 0.0043 0.0138 0.0446 0.1445 0.4682 1.0000 1.0000 1.0000 1.0000 0.0018 0.0059 0.0191 0.0618 0.2016 0.7532 1.0000 0.7532 0.2016 0.0618 0.0191 0.0059 0.0018 1.0000 1.0000 1.0000 1.0000 0.4682 0.1445 0.0446 0.0138 0.0043 0.0013 1.0000 1.0000 1.0000 1.0000 0.3376 0.1042 0.0322 0.0099 0.0031 0.0009 1.0000 1.0000 1.0000 0.7869 0.2429 0.0750 0.0232 0.0071 0.0022 0.0007 1.0000 1.0000 1.0000 0.5663 0.1748 0.0540 0.0167 0.0051 0.0016 1.0000 1.0000 1.0000 1.0000 0.2217
0.7183 1.0000 1.0000 1.0000 0.0016 0.0052 0.0167 0.0543 0.1758 0.5695 1.0000 1.0000 1.0000 0.0007 0.0022 0.0072 0.0233 0.0754 0.2443 0.7914 1.0000 1.0000 1.0000 0.0010 0.0031 0.0100 0.0324 0.1048 0.3395 1.0000 1.0000 1.0000 1.0000 0.0013 0.0043 0.0139 0.0449 0.1454 0.4709 1.0000 1.0000 1.0000 1.0000 0.0018 0.0059 0.0193 0.0624 0.2012 0.6569 1.0000 1.0000 1.0000 0.6569 0.2012 0.0624 0.0193 0.0059 0.0018 1.0000 1.0000 1.0000 1.0000 0.4709 0.1454 0.0449 0.0139 0.0043 0.0013 1.0000 1.0000 1.0000 1.0000 0.3395 0.1048 0.0324 0.0100 0.0031 0.0010 1.0000 1.0000 1.0000 0.7914 0.2443 0.0754 0.0233 0.0072 0.0022 0.0007 1.0000 1.0000 1.0000 0.5695 0.1758 0.0543 0.0167 0.0052 0.0016 1.0000 1.0000 1.0000 0.7183
1.0000 1.0000 1.0000 0.0016 0.0051 0.0167 0.0545 0.1765 0.5728 1.0000 1.0000 1.0000 0.0007 0.0022 0.0072 0.0234 0.0759 0.2457 0.7960 1.0000 1.0000 1.0000 0.0010 0.0031 0.0100 0.0325 0.1054 0.3415 1.0000 1.0000 1.0000 1.0000 0.0013 0.0043 0.0139 0.0451 0.1462 0.4736 1.0000 1.0000 1.0000 1.0000 0.0018 0.0060 0.0194 0.0627 0.2032 0.6556 1.0000 1.0000 1.0000 1.0000 1.0000 0.6556 0.2032 0.0627 0.0194 0.0060 0.0018 1.0000 1.0000 1.0000 1.0000 0.4736 0.1462 0.0451 0.0139 0.0043 0.0013 1.0000 1.0000 1.0000 1.0000 0.3415 0.1054 0.0325 0.0100 0.0031 0.0010 1.0000 1.0000 1.0000 0.7960 0.2457 0.0759 0.0234 0.0072 0.0022 0.0007 1.0000 1.0000 1.0000 0.5728 0.1765 0.0545 0.0167 0.0051 0.0016 1.0000 1.0000 1.0000
1.0000 1.0000 0.0016 0.0051 0.0167 0.0543 0.1765 0.5750 1.0000 1.0000 1.0000 0.0007 0.0022 0.0073 0.0236 0.0763 0.2471 0.8005 1.0000 1.0000 1.0000 0.0010 0.0031 0.0101 0.0327 0.1060 0.3434 1.0000 1.0000 1.0000 1.0000 0.0013 0.0043 0.0140 0.0454 0.1470 0.4763 1.0000 1.0000 1.0000 1.0000 0.0019 0.0060 0.0195 0.0631 0.2043 0.6619 1.0000 1.0000 1.0000 1.0000 1.0000 1.0000 1.0000 0.6619 0.2043 0.0631 0.0195 0.0060 0.0019 1.0000 1.0000 1.0000 1.0000 0.4763 0.1470 0.0454 0.0140 0.0043 0.0013 1.0000 1.0000 1.0000 1.0000 0.3434 0.1060 0.0327 0.0101 0.0031 0.0010 1.0000 1.0000 1.0000 0.8005 0.2471 0.0763 0.0236 0.0073 0.0022 0.0007 1.0000 1.0000 1.0000 0.5750 0.1765 0.0543 0.0167 0.0051 0.0016 1.0000 1.0000
1.0000 0.0017 0.0050 0.0166 0.0540 0.1758 0.5728 1.0000 1.0000 1.0000 0.0007 0.0023 0.0073 0.0237 0.0767 0.2485 0.8051 1.0000 1.0000 1.0000 0.0010 0.0031 0.0102 0.0329 0.1066 0.3454 1.0000 1.0000 1.0000 1.0000 0.0013 0.0044 0.0141 0.0457 0.1479 0.4790 1.0000 1.0000 1.0000 1.0000 0.0019 0.0060 0.0196 0.0634 0.2055 0.6657 1.0000 1.0000 1.0000 0.0009 0.0021 0.0009 1.0000 1.0000 1.0000 0.6657 0.2055 0.0634 0.0196 0.0060 0.0019 1.0000 1.0000 1.0000 1.0000 0.4790 0.1479 0.0457 0.0141 0.0044 0.0013 1.0000 1.0000 1.0000 1.0000 0.3454 0.1066 0.0329 0.0102 0.0031 0.0010 1.0000 1.0000 1.0000 0.8051 0.2485 0.0767 0.0237 0.0073 0.0023 0.0007 1.0000 1.0000 1.0000 0.5728 0.1758 0.0540 0.0166 0.0050 0.0017 1.0000
0.0009 0.0055 0.0163 0.0538 0.1748 0.5695 1.0000 1.0000 1.0000 0.0007 0.0023 0.0074 0.0238 0.0772 0.2500 0.8097 1.0000 1.0000 1.0000 0.0010 0.0032 0.0102 0.0331 0.1072 0.3474 1.0000 1.0000 1.0000 1.0000 0.0014 0.0044 0.0142 0.0459 0.1487 0.4818 1.0000 1.0000 1.0000 1.0000 0.0019 0.0061 0.0197 0.0638 0.2067 0.6695 1.0000 1.0000 1.0000 0.0008 0.0030 0.0068 0.0030 0.0008 1.0000 1.0000 1.0000 0.6695 0.2067 0.0638 0.0197 0.0061 0.0019 1.0000 1.0000 1.0000 1.0000 0.4818 0.1487 0.0459 0.0142 0.0044 0.0014 1.0000 1.0000 1.0000 1.0000 0.3474 0.1072 0.0331 0.0102 0.0032 0.0010 1.0000 1.0000 1.0000 0.8097 0.2500 0.0772 0.0238 0.0074 0.0023 0.0007 1.0000 1.0000 1.0000 0.5695 0.1748 0.0538 0.0163 0.0055 0.0009
0.0028 0.0177 0.0528 0.1742 0.5663 1.0000 1.0000 1.0000 0.0007 0.0023 0.0074 0.0239 0.0776 0.2514 0.8143 1.0000 1.0000 1.0000 0.0010 0.0032 0.0103 0.0333 0.1078 0.3493 1.0000 1.0000 1.0000 1.0000 0.0014 0.0044 0.0143 0.0462 0.1496 0.4845 1.0000 1.0000 1.0000 1.0000 0.0019 0.0061 0.0198 0.0642 0.2079 0.6733 1.0000 1.0000 1.0000 0.0008 0.0026 0.0098 0.0223 0.0098 0.0026 0.0008 1.0000 1.0000 1.0000 0.6733 0.2079 0.0642 0.0198 0.0061 0.0019 1.0000 1.0000 1.0000 1.0000 0.4845 0.1496 0.0462 0.0143 0.0044 0.0014 1.0000 1.0000 1.0000 1.0000 0.3493 0.1078 0.0333 0.0103 0.0032 0.0010 1.0000 1.0000 1.0000 0.8143 0.2514 0.0776 0.0239 0.0074 0.0023 0.0007 1.0000 1.0000 1.0000 0.5663 0.1742 0.0528 0.0177 0.0028
0.0091 0.0574 0.1709 0.5641 1.0000 1.0000 1.0000 0.0007 0.0023 0.0074 0.0239 0.0779 0.2524 0.8190 1.0000 1.0000 1.0000 0.0010 0.0032 0.0103 0.0335 0.1085 0.3513 1.0000 1.0000 1.0000 1.0000 0.0014 0.0044 0.0143 0.0464 0.1504 0.4873 1.0000 1.0000 1.0000 1.0000 0.0019 0.0062 0.0199 0.0645 0.2090 0.6771 1.0000 1.0000 1.0000 0.0008 0.0026 0.0086 0.0321 0.0726 0.0321 0.0086 0.0026 0.0008 1.0000 1.0000 1.0000 0.6771 0.2090 0.0645 0.0199 0.0062 0.0019 1.0000 1.0000 1.0000 1.0000 0.4873 0.1504 0.0464 0.0143 0.0044 0.0014 1.0000 1.0000 1.0000 1.0000 0.3513 0.1085 0.0335 0.0103 0.0032 0.0010 1.0000 1.0000 1.0000 0.8190 0.2524 0.0779 0.0239 0.0074 0.0023 0.0007 1.0000 1.0000 1.0000 0.5641 0.1709 0.0574 0.0091
0.0294 0.1858 0.5535 1.0000 1.0000 1.0000 0.0007 0.0022 0.0073 0.0238 0.0776 0.2524 0.8221 1.0000 1.0000 1.0000 0.0010 0.0032 0.0104 0.0337 0.1091 0.3534 1.0000 1.0000 1.0000 1.0000 0.0014 0.0045 0.0144 0.0467 0.1513 0.4901 1.0000 1.0000 1.0000 1.0000 0.0019 0.0062 0.0200 0.0649 0.2102 0.6810 1.0000 1.0000 1.0000 0.0008 0.0027 0.0086 0.0280 0.1044 0.2370 0.1044 0.0280 0.0086 0.0027 0.0008 1.0000 1.0000 1.0000 0.6810 0.2102 0.0649 0.0200 0.0062 0.0019 1.0000 1.0000 1.0000 1.0000 0.4901 0.1513 0.0467 0.0144 0.0045 0.0014 1.0000 1.0000 1.0000 1.0000 0.3534 0.1091 0.0337 0.0104 0.0032 0.0010 1.0000 1.0000 1.0000 0.8221 0.2524 0.0776 0.0238 0.0073 0.0022 0.0007 1.0000 1.0000 1.0000 0.5535 0.1858 0.0294
0.0951 0.6018 1.0000 1.0000 1.0000 0.0007 0.0022 0.0073 0.0237 0.0772 0.2514 0.8190 1.0000 1.0000 1.0000 0.0010 0.0032 0.0105 0.0339 0.1097 0.3554 1.0000 1.0000 1.0000 1.0000 0.0014 0.0045 0.0145 0.0470 0.1522 0.4929 1.0000 1.0000 1.0000 1.0000 0.0019 0.0062 0.0202 0.0653 0.2114 0.6849 1.0000 1.0000 1.0000 0.0008 0.0027 0.0086 0.0279 0.0911 0.3402 0.7706 0.3402 0.0911 0.0279 0.0086 0.0027 0.0008 1.0000 1.0000 1.0000 0.6849 0.2114 0.0653 0.0202 0.0062 0.0019 1.0000 1.0000 1.0000 1.0000 0.4929 0.1522 0.0470 0.0145 0.0045 0.0014 1.0000 1.0000 1.0000 1.0000 0.3554 0.1097 0.0339 0.0105 0.0032 0.0010 1.0000 1.0000 1.0000 0.8190 0.2514 0.0772 0.0237 0.0073 0.0022 0.0007 1.0000 1.0000 1.0000 0.6018 0.0951
0.3081 1.0000 1.0000 1.0000 0.0007 0.0022 0.0072 0.0236 0.0767 0.2500 0.8143 1.0000 1.0000 1.0000 0.0010 0.0032 0.0105 0.0341 0.1103 0.3574 1.0000 1.0000 1.0000 1.0000 0.0014 0.0045 0.0146 0.0472 0.1530 0.4957 1.0000 1.0000 1.0000 1.0000 0.0019 0.0063 0.0203 0.0657 0.2127 0.6888 1.0000 1.0000 1.0000 0.0008 0.0027 0.0087 0.0282 0.0909 0.2966 1.0000 1.0000 1.0000 0.2966 0.0909 0.0282 0.0087 0.0027 0.0008 1.0000 1.0000 1.0000 0.6888 0.2127 0.0657 0.0203 0.0063 0.0019 1.0000 1.0000 1.0000 1.0000 0.4957 0.1530 0.0472 0.0146 0.0045 0.0014 1.0000 1.0000 1.0000 1.0000 0.3574 0.1103 0.0341 0.0105 0.0032 0.0010 1.0000 1.0000 1.0000 0.8143 0.2500 0.0767 0.0236 0.0072 0.0022 0.0007 1.0000 1.0000 1.0000 0.3081
0.9981 1.0000 1.0000 0.0007 0.0022 0.0072 0.0234 0.0763 0.2485 0.8097 1.0000 1.0000 1.0000 0.0010 0.0032 0.0106 0.0342 0.1110 0.3595 1.0000 1.0000 1.0000 1.0000 0.0014 0.0045 0.0147 0.0475 0.1539 0.4985 1.0000 1.0000 1.0000 1.0000 0.0019 0.0063 0.0204 0.0660 0.2139 0.6928 1.0000 1.0000 1.0000 0.0008 0.0027 0.0087 0.0283 0.0918 0.2961 0.9663 1.0000 1.0000 1.0000 0.9663 0.2961 0.0918 0.0283 0.0087 0.0027 0.0008 1.0000 1.0000 1.0000 0.6928 0.2139 0.0660 0.0204 0.0063 0.0019 1.0000 1.0000 1.0000 1.0000 0.4985 0.1539 0.0475 0.0147 0.0045 0.0014 1.0000 1.0000 1.0000 1.0000 0.3595 0.1110 0.0342 0.0106 0.0032 0.0010 1.0000 1.0000 1.0000 0.8097 0.2485 0.0763 0.0234 0.0072 0.0022 0.0007 1.0000 1.0000 0.9981
1.0000 1.0000 0.0007 0.0022 0.0071 0.0233 0.0759 0.2471 0.8051 1.0000 1.0000 1.0000 0.0010 0.0032 0.0105 0.0342 0.1114 0.3608 1.0000 1.0000 1.0000 1.0000 0.0014 0.0046 0.0148 0.0478 0.1548 0.5014 1.0000 1.0000 1.0000 1.0000 0.0020 0.0063 0.0205 0.0664 0.2151 0.6967 1.0000 1.0000 1.0000 0.0008 0.0027 0.0088 0.0285 0.0923 0.2989 0.9645 1.0000 1.0000 1.0000 1.0000 1.0000 0.9645 0.2989 0.0923 0.0285 0.0088 0.0027 0.0008 1.0000 1.0000 1.0000 0.6967 0.2151 0.0664 0.0205 0.0063 0.0020 1.0000 1.0000 1.0000 1.0000 0.5014 0.1548 0.0478 0.0148 0.0046 0.0014 1.0000 1.0000 1.0000 1.0000 0.3608 0.1114 0.0342 0.0105 0.0032 0.0010 1.0000 1.0000 1.0000 0.8051 0.2471 0.0759 0.0233 0.0071 0.0022 0.0007 1.0000 1.0000
1.0000 0.0007 0.0022 0.0071 0.0232 0.0754 0.2457 0.8005 1.0000 1.0000 1.0000 0.0010 0.0032 0.0105 0.0341 0.1110 0.3608 1.0000 1.0000 1.0000 1.0000 0.0014 0.0046 0.0148 0.0481 0.1557 0.5043 1.0000 1.0000 1.0000 1.0000 0.0020 0.0064 0.0206 0.0668 0.2163 0.7007 1.0000 1.0000 1.0000 0.0008 0.0027 0.0088 0.0287 0.0928 0.3006 0.9737 1.0000 1.0000 1.0000 0.0009 1.0000 1.0000 1.0000 0.9737 0.3006 0.0928 0.0287 0.0088 0.0027 0.0008 1.0000 1.0000 1.0000 0.7007 0.2163 0.0668 0.0206 0.0064 0.0020 1.0000 1.0000 1.0000 1.0000 0.5043 0.1557 0.0481 0.0148 0.0046 0.0014 1.0000 1.0000 1.0000 1.0000 0.3608 0.1110 0.0341 0.0105 0.0032 0.0010 1.0000 1.0000 1.0000 0.8005 0.2457 0.0754 0.0232 0.0071 0.0022 0.0007 1.0000
0.0004 0.0023 0.0070 0.0231 0.0750 0.2443 0.7960 1.0000 1.0000 1.0000 0.0010 0.0032 0.0104 0.0339 0.1103 0.3595 1.0000 1.0000 1.0000 1.0000 0.0014 0.0046 0.0149 0.0483 0.1566 0.5072 1.0000 1.0000 1.0000 1.0000 0.0020 0.0064 0.0207 0.0672 0.2176 0.7047 1.0000 1.0000 1.0000 0.0008 0.0027 0.0089 0.0288 0.0933 0.3023 0.9793 1.0000 1.0000 1.0000 0.0014 0.0031 0.0014 1.0000 1.0000 1.0000 0.9793 0.3023 0.0933 0.0288 0.0089 0.0027 0.0008 1.0000 1.0000 1.0000 0.7047 0.2176 0.0672 0.0207 0.0064 0.0020 1.0000 1.0000 1.0000 1.0000 0.5072 0.1566 0.0483 0.0149 0.0046 0.0014 1.0000 1.0000 1.0000 1.0000 0.3595 0.1103 0.0339 0.0104 0.0032 0.0010 1.0000 1.0000 1.0000 0.7960 0.2443 0.0750 0.0231 0.0070 0.0023 0.0004
0.0012 0.0076 0.0226 0.0747 0.2429 0.7914 1.0000 1.0000 1.0000 0.0010 0.0032 0.0103 0.0337 0.1097 0.3574 1.0000 1.0000 1.0000 1.0000 0.0014 0.0046 0.0150 0.0486 0.1575 0.5101 1.0000 1.0000 1.0000 1.0000 0.0020 0.0064 0.0209 0.0676 0.2188 0.7088 1.0000 1.0000 1.0000 0.0009 0.0028 0.0089 0.0290 0.0939 0.3041 0.9849 1.0000 1.0000 1.0000 0.0012 0.0044 0.0101 0.0044 0.0012 1.0000 1.0000 1.0000 0.9849 0.3041 0.0939 0.0290 0.0089 0.0028 0.0009 1.0000 1.0000 1.0000 0.7088 0.2188 0.0676 0.0209 0.0064 0.0020 1.0000 1.0000 1.0000 1.0000 0.5101 0.1575 0.0486 0.0150 0.0046 0.0014 1.0000 1.0000 1.0000 1.0000 0.3574 0.1097 0.0337 0.0103 0.0032 0.0010 1.0000 1.0000 1.0000 0.7914 0.2429 0.0747 0.0226 0.0076 0.0012
0.0039 0.0246 0.0733 0.2420 0.7869 1.0000 1.0000 1.0000 0.0010 0.0032 0.0103 0.0335 0.1091 0.3554 1.0000 1.0000 1.0000 1.0000 0.0014 0.0046 0.0151 0.0488 0.1584 0.5130 1.0000 1.0000 1.0000 0.0006 0.0020 0.0065 0.0210 0.0679 0.2201 0.7128 1.0000 1.0000 1.0000 0.0009 0.0028 0.0090 0.0291 0.0944 0.3058 0.9905 1.0000 1.0000 1.0000 0.0012 0.0039 0.0145 0.0329 0.0145 0.0039 0.0012 1.0000 1.0000 1.0000 0.9905 0.3058 0.0944 0.0291 0.0090 0.0028 0.0009 1.0000 1.0000 1.0000 0.7128 0.2201 0.0679 0.0210 0.0065 0.0020 0.0006 1.0000 1.0000 1.0000 0.5130 0.1584 0.0488 0.0151 0.0046 0.0014 1.0000 1.0000 1.0000 1.0000 0.3554 0.1091 0.0335 0.0103 0.0032 0.0010 1.0000 1.0000 1.0000 0.7869 0.2420 0.0733 0.0246 0.0039
0.0126 0.0797 0.2375 0.7839 1.0000 1.0000 1.0000 0.0010 0.0031 0.0102 0.0333 0.1085 0.3534 1.0000 1.0000 1.0000 1.0000 0.0014 0.0046 0.0150 0.0488 0.1590 0.5149 1.0000 1.0000 1.0000 0.0006 0.0020 0.0065 0.0211 0.0683 0.2213 0.7169 1.0000 1.0000 1.0000 0.0009 0.0028 0.0090 0.0293 0.0949 0.3075 0.9962 1.0000 1.0000 1.0000 0.0012 0.0039 0.0126 0.0472 0.1068 0.0472 0.0126 0.0039 0.0012 1.0000 1.0000 1.0000 0.9962 0.3075 0.0949 0.0293 0.0090 0.0028 0.0009 1.0000 1.0000 1.0000 0.7169 0.2213 0.0683 0.0211 0.0065 0.0020 0.0006 1.0000 1.0000 1.0000 0.5149 0.1590 0.0488 0.0150 0.0046 0.0014 1.0000 1.0000 1.0000 1.0000 0.3534 0.1085 0.0333 0.0102 0.0031 0.0010 1.0000 1.0000 1.0000 0.7839 0.2375 0.0797 0.0126
0.0408 0.2582 0.7692 1.0000 1.0000 1.0000 0.0010 0.0031 0.0102 0.0331 0.1078 0.3513 1.0000 1.0000 1.0000 1.0000 0.0014 0.0046 0.0149 0.0486 0.1584 0.5149 1.0000 1.0000 1.0000 0.0006 0.0020 0.0065 0.0212 0.0687 0.2226 0.7210 1.0000 1.0000 1.0000 0.0009 0.0028 0.0091 0.0295 0.0955 0.3093 1.0000 1.0000 1.0000 1.0000 0.0012 0.0039 0.0126 0.0411 0.1536 0.3487 0.1536 0.0411 0.0126 0.0039 0.0012 1.0000 1.0000 1.0000 1.0000 0.3093 0.0955 0.0295 0.0091 0.0028 0.0009 1.0000 1.0000 1.0000 0.7210 0.2226 0.0687 0.0212 0.0065 0.0020 0.0006 1.0000 1.0000 1.0000 0.5149 0.1584 0.0486 0.0149 0.0046 0.0014 1.0000 1.0000 1.0000 1.0000 0.3513 0.1078 0.0331 0.0102 0.0031 0.0010 1.0000 1.0000 1.0000 0.7692 0.2582 0.0408
0.1322 0.8363 1.0000 1.0000 1.0000 0.0010 0.0031 0.0101 0.0329 0.1072 0.3493 1.0000 1.0000 1.0000 1.0000 0.0014 0.0046 0.0148 0.0483 0.1575 0.5130 1.0000 1.0000 1.0000 0.0006 0.0020 0.0066 0.0213 0.0691 0.2239 0.7251 1.0000 1.0000 1.0000 0.0009 0.0028 0.0092 0.0296 0.0960 0.3111 1.0000 1.0000 1.0000 1.0000 0.0012 0.0039 0.0127 0.0410 0.1340 0.5004 1.0000 0.5004 0.1340 0.0410 0.0127 0.0039 0.0012 1.0000 1.0000 1.0000 1.0000 0.3111 0.0960 0.0296 0.0092 0.0028 0.0009 1.0000 1.0000 1.0000 0.7251 0.2239 0.0691 0.0213 0.0066 0.0020 0.0006 1.0000 1.0000 1.0000 0.5130 0.1575 0.0483 0.0148 0.0046 0.0014 1.0000 1.0000 1.0000 1.0000 0.3493 0.1072 0.0329 0.0101 0.0031 0.0010 1.0000 1.0000 1.0000 0.8363 0.1322
0.4282 1.0000 1.0000 1.0000 0.0009 0.0031 0.0100 0.0327 0.1066 0.3474 1.0000 1.0000 1.0000 1.0000 0.0014 0.0045 0.0148 0.0481 0.1566 0.5101 1.0000 1.0000 1.0000 0.0006 0.0020 0.0066 0.0215 0.0695 0.2251 0.7293 1.0000 1.0000 1.0000 0.0009 0.0028 0.0092 0.0298 0.0966 0.3129 1.0000 1.0000 1.0000 1.0000 0.0012 0.0039 0.0128 0.0414 0.1337 0.4364 1.0000 1.0000 1.0000 0.4364 0.1337 0.0414 0.0128 0.0039 0.0012 1.0000 1.0000 1.0000 1.0000 0.3129 0.0966 0.0298 0.0092 0.0028 0.0009 1.0000 1.0000 1.0000 0.7293 0.2251 0.0695 0.0215 0.0066 0.0020 0.0006 1.0000 1.0000 1.0000 0.5101 0.1566 0.0481 0.0148 0.0045 0.0014 1.0000 1.0000 1.0000 1.0000 0.3474 0.1066 0.0327 0.0100 0.0031 0.0009 1.0000 1.0000 1.0000 0.4282
1.0000 1.0000 1.0000 0.0009 0.0031 0.0100 0.0325 0.1060 0.3454 1.0000 1.0000 1.0000 1.0000 0.0014 0.0045 0.0147 0.0478 0.1557 0.5072 1.0000 1.0000 1.0000 0.0006 0.0020 0.0066 0.0215 0.0698 0.2264 0.7335 1.0000 1.0000 1.0000 0.0009 0.0029 0.0093 0.0300 0.0971 0.3146 1.0000 1.0000 1.0000 1.0000 0.0012 0.0040 0.0129 0.0417 0.1350 0.4356 1.0000 1.0000 1.0000 1.0000 1.0000 0.4356 0.1350 0.0417 0.0129 0.0040 0.0012 1.0000 1.0000 1.0000 1.0000 0.3146 0.0971 0.0300 0.0093 0.0029 0.0009 1.0000 1.0000 1.0000 0.7335 0.2264 0.0698 0.0215 0.0066 0.0020 0.0006 1.0000 1.0000 1.0000 0.5072 0.1557 0.0478 0.0147 0.0045 0.0014 1.0000 1.0000 1.0000 1.0000 0.3454 0.1060 0.0325 0.0100 0.0031 0.0009 1.0000 1.0000 1.0000
1.0000 1.0000 0.0009 0.0031 0.0099 0.0324 0.1054 0.3434 1.0000 1.0000 1.0000 1.0000 0.0014 0.0045 0.0146 0.0475 0.1548 0.5043 1.0000 1.0000 1.0000 0.0006 0.0020 0.0066 0.0215 0.0698 0.2273 0.7362 1.0000 1.0000 1.0000 0.0009 0.0029 0.0093 0.0302 0.0977 0.3164 1.0000 1.0000 1.0000 1.0000 0.0012 0.0040 0.0129 0.0419 0.1358 0.4397 1.0000 1.0000 1.0000 1.0000 1.0000 1.0000 1.0000 0.4397 0.1358 0.0419 0.0129 0.0040 0.0012 1.0000 1.0000 1.0000 1.0000 0.3164 0.0977 0.0302 0.0093 0.0029 0.0009 1.0000 1.0000 1.0000 0.7362 0.2273 0.0698 0.0215 0.0066 0.0020 0.0006 1.0000 1.0000 1.0000 0.5043 0.1548 0.0475 0.0146 0.0045 0.0014 1.0000 1.0000 1.0000 1.0000 0.3434 0.1054 0.0324 0.0099 0.0031 0.0009 1.0000 1.0000
1.0000 0.0010 0.0030 0.0099 0.0322 0.1048 0.3415 1.0000 1.0000 1.0000 1.0000 0.0014 0.0045 0.0145 0.0472 0.1539 0.5014 1.0000 1.0000 1.0000 0.0006 0.0020 0.0065 0.0213 0.0695 0.2264 0.7362 1.0000 1.0000 1.0000 0.0009 0.0029 0.0094 0.0303 0.0983 0.3183 1.0000 1.0000 1.0000 1.0000 0.0012 0.0040 0.0130 0.0422 0.1365 0.4423 1.0000 1.0000 1.0000 1.0000 0.0014 1.0000 1.0000 1.0000 1.0000 0.4423 0.1365 0.0422 0.0130 0.0040 0.0012 1.0000 1.0000 1.0000 1.0000 0.3183 0.0983 0.0303 0.0094 0.0029 0.0009 1.0000 1.0000 1.0000 0.7362 0.2264 0.0695 0.0213 0.0065 0.0020 0.0006 1.0000 1.0000 1.0000 0.5014 0.1539 0.0472 0.0145 0.0045 0.0014 1.0000 1.0000 1.0000 1.0000 0.3415 0.1048 0.0322 0.0099 0.0030 0.0010 1.0000
0.0005 0.0033 0.0097 0.0321 0.1042 0.3395 1.0000 1.0000 1.0000 1.0000 0.0014 0.0044 0.0144 0.0470 0.1530 0.4985 1.0000 1.0000 1.0000 1.0000 0.0020 0.0065 0.0212 0.0691 0.2251 0.7335 1.0000 1.0000 1.0000 0.0009 0.0029 0.0094 0.0305 0.0988 0.3201 1.0000 1.0000 1.0000 1.0000 0.0012 0.0040 0.0131 0.0424 0.1373 0.4448 1.0000 1.0000 1.0000 1.0000 0.0020 0.0046 0.0020 1.0000 1.0000 1.0000 1.0000 0.4448 0.1373 0.0424 0.0131 0.0040 0.0012 1.0000 1.0000 1.0000 1.0000 0.3201 0.0988 0.0305 0.0094 0.0029 0.0009 1.0000 1.0000 1.0000 0.7335 0.2251 0.0691 0.0212 0.0065 0.0020 1.0000 1.0000 1.0000 1.0000 0.4985 0.1530 0.0470 0.0144 0.0044 0.0014 1.0000 1.0000 1.0000 1.0000 0.3395 0.1042 0.0321 0.0097 0.0033 0.0005
0.0017 0.0106 0.0314 0.1038 0.3376 1.0000 1.0000 1.0000 1.0000 0.0014 0.0044 0.0143 0.0467 0.1522 0.4957 1.0000 1.0000 1.0000 1.0000 0.0020 0.0065 0.0211 0.0687 0.2239 0.7293 1.0000 1.0000 1.0000 0.0009 0.0029 0.0095 0.0307 0.0994 0.3219 1.0000 1.0000 1.0000 1.0000 0.0013 0.0041 0.0132 0.0426 0.1381 0.4473 1.0000 1.0000 1.0000 1.0000 0.0017 0.0065 0.0148 0.0065 0.0017 1.0000 1.0000 1.0000 1.0000 0.4473 0.1381 0.0426 0.0132 0.0041 0.0013 1.0000 1.0000 1.0000 1.0000 0.3219 0.0994 0.0307 0.0095 0.0029 0.0009 1.0000 1.0000 1.0000 0.7293 0.2239 0.0687 0.0211 0.0065 0.0020 1.0000 1.0000 1.0000 1.0000 0.4957 0.1522 0.0467 0.0143 0.0044 0.0014 1.0000 1.0000 1.0000 1.0000 0.3376 0.1038 0.0314 0.0106 0.0017
0.0054 0.0341 0.1019 0.3363 1.0000 1.0000 1.0000 1.0000 0.0013 0.0044 0.0143 0.0464 0.1513 0.4929 1.0000 1.0000 1.0000 1.0000 0.0020 0.0064 0.0210 0.0683 0.2226 0.7251 1.0000 1.0000 1.0000 0.0009 0.0029 0.0095 0.0308 0.0998 0.3238 1.0000 1.0000 1.0000 1.0000 0.0013 0.0041 0.0132 0.0429 0.1389 0.4499 1.0000 1.0000 1.0000 1.0000 0.0017 0.0057 0.0213 0.0483 0.0213 0.0057 0.0017 1.0000 1.0000 1.0000 1.0000 0.4499 0.1389 0.0429 0.0132 0.0041 0.0013 1.0000 1.0000 1.0000 1.0000 0.3238 0.0998 0.0308 0.0095 0.0029 0.0009 1.0000 1.0000 1.0000 0.7251 0.2226 0.0683 0.0210 0.0064 0.0020 1.0000 1.0000 1.0000 1.0000 0.4929 0.1513 0.0464 0.0143 0.0044 0.0013 1.0000 1.0000 1.0000 1.0000 0.3363 0.1019 0.0341 0.0054
0.0175 0.1108 0.3300 1.0000 1.0000 1.0000 1.0000 0.0013 0.0044 0.0142 0.0462 0.1504 0.4901 1.0000 1.0000 1.0000 1.0000 0.0020 0.0064 0.0209 0.0679 0.2213 0.7210 1.0000 1.0000 1.0000 0.0009 0.0029 0.0094 0.0307 0.0998 0.3250 1.0000 1.0000 1.0000 1.0000 0.0013 0.0041 0.0133 0.0431 0.1397 0.4525 1.0000 1.0000 1.0000 1.0000 0.0018 0.0057 0.0186 0.0694 0.1572 0.0694 0.0186 0.0057 0.0018 1.0000 1.0000 1.0000 1.0000 0.4525 0.1397 0.0431 0.0133 0.0041 0.0013 1.0000 1.0000 1.0000 1.0000 0.3250 0.0998 0.0307 0.0094 0.0029 0.0009 1.0000 1.0000 1.0000 0.7210 0.2213 0.0679 0.0209 0.0064 0.0020 1.0000 1.0000 1.0000 1.0000 0.4901 0.1504 0.0462 0.0142 0.0044 0.0013 1.0000 1.0000 1.0000 1.0000 0.3300 0.1108 0.0175
0.0567 0.3581 1.0000 1.0000 1.0000 1.0000 0.0013 0.0043 0.0141 0.0459 0.1496 0.4873 1.0000 1.0000 1.0000 1.0000 0.0020 0.0064 0.0207 0.0676 0.2201 0.7169 1.0000 1.0000 1.0000 0.0009 0.0029 0.0094 0.0305 0.0994 0.3238 1.0000 1.0000 1.0000 1.0000 0.0013 0.0041 0.0134 0.0434 0.1405 0.4550 1.0000 1.0000 1.0000 1.0000 0.0018 0.0057 0.0185 0.0605 0.2260 0.5130 0.2260 0.0605 0.0185 0.0057 0.0018 1.0000 1.0000 1.0000 1.0000 0.4550 0.1405 0.0434 0.0134 0.0041 0.0013 1.0000 1.0000 1.0000 1.0000 0.3238 0.0994 0.0305 0.0094 0.0029 0.0009 1.0000 1.0000 1.0000 0.7169 0.2201 0.0676 0.0207 0.0064 0.0020 1.0000 1.0000 1.0000 1.0000 0.4873 0.1496 0.0459 0.0141 0.0043 0.0013 1.0000 1.0000 1.0000 1.0000 0.3581 0.0567
0.1837 1.0000 1.0000 1.0000 1.0000 0.0013 0.0043 0.0140 0.0457 0.1487 0.4845 1.0000 1.0000 1.0000 1.0000 0.0019 0.0063 0.0206 0.0672 0.2188 0.7128 1.0000 1.0000 1.0000 0.0009 0.0029 0.0093 0.0303 0.0988 0.3219 1.0000 1.0000 1.0000 1.0000 0.0013 0.0042 0.0135 0.0436 0.1413 0.4577 1.0000 1.0000 1.0000 1.0000 0.0018 0.0058 0.0187 0.0604 0.1971 0.7362 1.0000 0.7362 0.1971 0.0604 0.0187 0.0058 0.0018 1.0000 1.0000 1.0000 1.0000 0.4577 0.1413 0.0436 0.0135 0.0042 0.0013 1.0000 1.0000 1.0000 1.0000 0.3219 0.0988 0.0303 0.0093 0.0029 0.0009 1.0000 1.0000 1.0000 0.7128 0.2188 0.0672 0.0206 0.0063 0.0019 1.0000 1.0000 1.0000 1.0000 0.4845 0.1487 0.0457 0.0140 0.0043 0.0013 1.0000 1.0000 1.0000 1.0000 0.1837
0.5950 1.0000 1.0000 1.0000 0.0013 0.0043 0.0139 0.0454 0.1479 0.4818 1.0000 1.0000 1.0000 1.0000 0.0019 0.0063 0.0205 0.0668 0.2176 0.7088 1.0000 1.0000 1.0000 0.0009 0.0028 0.0093 0.0302 0.0983 0.3201 1.0000 1.0000 1.0000 1.0000 0.0013 0.0042 0.0135 0.0439 0.1421 0.4603 1.0000 1.0000 1.0000 1.0000 0.0018 0.0058 0.0188 0.0610 0.1963 0.6420 1.0000 1.0000 1.0000 0.6420 0.1963 0.0610 0.0188 0.0058 0.0018 1.0000 1.0000 1.0000 1.0000 0.4603 0.1421 0.0439 0.0135 0.0042 0.0013 1.0000 1.0000 1.0000 1.0000 0.3201 0.0983 0.0302 0.0093 0.0028 0.0009 1.0000 1.0000 1.0000 0.7088 0.2176 0.0668 0.0205 0.0063 0.0019 1.0000 1.0000 1.0000 1.0000 0.4818 0.1479 0.0454 0.0139 0.0043 0.0013 1.0000 1.0000 1.0000 0.5950
1.0000 1.0000 1.0000 0.0013 0.0043 0.0139 0.0451 0.1470 0.4790 1.0000 1.0000 1.0000 1.0000 0.0019 0.0063 0.0204 0.0664 0.2163 0.7047 1.0000 1.0000 1.0000 0.0009 0.0028 0.0092 0.0300 0.0977 0.3183 1.0000 1.0000 1.0000 1.0000 0.0013 0.0042 0.0135 0.0440 0.1426 0.4629 1.0000 1.0000 1.0000 1.0000 0.0018 0.0058 0.0189 0.0613 0.1986 0.6408 1.0000 1.0000 1.0000 1.0000 1.0000 0.6408 0.1986 0.0613 0.0189 0.0058 0.0018 1.0000 1.0000 1.0000 1.0000 0.4629 0.1426 0.0440 0.0135 0.0042 0.0013 1.0000 1.0000 1.0000 1.0000 0.3183 0.0977 0.0300 0.0092 0.0028 0.0009 1.0000 1.0000 1.0000 0.7047 0.2163 0.0664 0.0204 0.0063 0.0019 1.0000 1.0000 1.0000 1.0000 0.4790 0.1470 0.0451 0.0139 0.0043 0.0013 1.0000 1.0000 1.0000
1.0000 1.0000 0.0013 0.0042 0.0138 0.0449 0.1462 0.4763 1.0000 1.0000 1.0000 1.0000 0.0019 0.0062 0.0203 0.0660 0.2151 0.7007 1.0000 1.0000 1.0000 0.0009 0.0028 0.0092 0.0298 0.0971 0.3164 1.0000 1.0000 1.0000 1.0000 0.0013 0.0041 0.0135 0.0439 0.1426 0.4647 1.0000 1.0000 1.0000 1.0000 0.0018 0.0059 0.0190 0.0617 0.1997 0.6469 1.0000 1.0000 1.0000 1.0000 1.0000 1.0000 1.0000 0.6469 0.1997 0.0617 0.0190 0.0059 0.0018 1.0000 1.0000 1.0000 1.0000 0.4647 0.1426 0.0439 0.0135 0.0041 0.0013 1.0000 1.0000 1.0000 1.0000 0.3164 0.0971 0.0298 0.0092 0.0028 0.0009 1.0000 1.0000 1.0000 0.7007 0.2151 0.0660 0.0203 0.0062 0.0019 1.0000 1.0000 1.0000 1.0000 0.4763 0.1462 0.0449 0.0138 0.0042 0.0013 1.0000 1.0000
1.0000 0.0014 0.0042 0.0137 0.0446 0.1454 0.4736 1.0000 1.0000 1.0000 1.0000 0.0019 0.0062 0.0202 0.0657 0.2139 0.6967 1.0000 1.0000 1.0000 0.0009 0.0028 0.0091 0.0296 0.0966 0.3146 1.0000 1.0000 1.0000 1.0000 0.0013 0.0041 0.0134 0.0436 0.1421 0.4629 1.0000 1.0000 1.0000 1.0000 0.0018 0.0059 0.0191 0.0620 0.2009 0.6506 1.0000 1.0000 1.0000 0.0009 0.0020 0.0009 1.0000 1.0000 1.0000 0.6506 0.2009 0.0620 0.0191 0.0059 0.0018 1.0000 1.0000 1.0000 1.0000 0.4629 0.1421 0.0436 0.0134 0.0041 0.0013 1.0000 1.0000 1.0000 1.0000 0.3146 0.0966 0.0296 0.0091 0.0028 0.0009 1.0000 1.0000 1.0000 0.6967 0.2139 0.0657 0.0202 0.0062 0.0019 1.0000 1.0000 1.0000 1.0000 0.4736 0.1454 0.0446 0.0137 0.0042 0.0014 1.0000
0.0007 0.0045 0.0135 0.0445 0.1445 0.4709 1.0000 1.0000 1.0000 1.0000 0.0019 0.0062 0.0200 0.0653 0.2127 0.6928 1.0000 1.0000 1.0000 0.0009 0.0028 0.0090 0.0295 0.0960 0.3129 1.0000 1.0000 1.0000 1.0000 0.0013 0.0041 0.0133 0.0434 0.1413 0.4603 1.0000 1.0000 1.0000 1.0000 0.0018 0.0059 0.0193 0.0624 0.2020 0.6544 1.0000 1.0000 1.0000 0.0008 0.0029 0.0067 0.0029 0.0008 1.0000 1.0000 1.0000 0.6544 0.2020 0.0624 0.0193 0.0059 0.0018 1.0000 1.0000 1.0000 1.0000 0.4603 0.1413 0.0434 0.0133 0.0041 0.0013 1.0000 1.0000 1.0000 1.0000 0.3129 0.0960 0.0295 0.0090 0.0028 0.0009 1.0000 1.0000 1.0000 0.6928 0.2127 0.0653 0.0200 0.0062 0.0019 1.0000 1.0000 1.0000 1.0000 0.4709 0.1445 0.0445 0.0135 0.0045 0.0007
0.0023 0.0146 0.0436 0.1440 0.4682 1.0000 1.0000 1.0000 1.0000 0.0019 0.0061 0.0199 0.0649 0.2114 0.6888 1.0000 1.0000 1.0000 0.0008 0.0028 0.0090 0.0293 0.0955 0.3111 1.0000 1.0000 1.0000 1.0000 0.0012 0.0041 0.0132 0.0431 0.1405 0.4577 1.0000 1.0000 1.0000 1.0000 0.0018 0.0060 0.0193 0.0627 0.2032 0.6581 1.0000 1.0000 1.0000 0.0008 0.0026 0.0096 0.0217 0.0096 0.0026 0.0008 1.0000 1.0000 1.0000 0.6581 0.2032 0.0627 0.0193 0.0060 0.0018 1.0000 1.0000 1.0000 1.0000 0.4577 0.1405 0.0431 0.0132 0.0041 0.0012 1.0000 1.0000 1.0000 1.0000 0.3111 0.0955 0.0293 0.0090 0.0028 0.0008 1.0000 1.0000 1.0000 0.6888 0.2114 0.0649 0.0199 0.0061 0.0019 1.0000 1.0000 1.0000 1.0000 0.4682 0.1440 0.0436 0.0146 0.0023
0.0075 0.0474 0.1413 0.4664 1.0000 1.0000 1.0000 1.0000 0.0019 0.0061 0.0198 0.0645 0.2102 0.6849 1.0000 1.0000 1.0000 0.0008 0.0027 0.0089 0.0291 0.0949 0.3093 1.0000 1.0000 1.0000 1.0000 0.0012 0.0040 0.0132 0.0429 0.1397 0.4550 1.0000 1.0000 1.0000 1.0000 0.0018 0.0059 0.0193 0.0630 0.2039 0.6619 1.0000 1.0000 1.0000 0.0008 0.0026 0.0084 0.0313 0.0710 0.0313 0.0084 0.0026 0.0008 1.0000 1.0000 1.0000 0.6619 0.2039 0.0630 0.0193 0.0059 0.0018 1.0000 1.0000 1.0000 1.0000 0.4550 0.1397 0.0429 0.0132 0.0040 0.0012 1.0000 1.0000 1.0000 1.0000 0.3093 0.0949 0.0291 0.0089 0.0027 0.0008 1.0000 1.0000 1.0000 0.6849 0.2102 0.0645 0.0198 0.0061 0.0019 1.0000 1.0000 1.0000 1.0000 0.4664 0.1413 0.0474 0.0075
0.0243 0.1536 0.4577 1.0000 1.0000 1.0000 1.0000 0.0019 0.0060 0.0197 0.0642 0.2090 0.6810 1.0000 1.0000 1.0000 0.0008 0.0027 0.0089 0.0290 0.0944 0.3075 1.0000 1.0000 1.0000 1.0000 0.0012 0.0040 0.0131 0.0426 0.1389 0.4525 1.0000 1.0000 1.0000 1.0000 0.0018 0.0059 0.0193 0.0627 0.2039 0.6644 1.0000 1.0000 1.0000 0.0008 0.0026 0.0084 0.0273 0.1019 0.2308 0.1019 0.0273 0.0084 0.0026 0.0008 1.0000 1.0000 1.0000 0.6644 0.2039 0.0627 0.0193 0.0059 0.0018 1.0000 1.0000 1.0000 1.0000 0.4525 0.1389 0.0426 0.0131 0.0040 0.0012 1.0000 1.0000 1.0000 1.0000 0.3075 0.0944 0.0290 0.0089 0.0027 0.0008 1.0000 1.0000 1.0000 0.6810 0.2090 0.0642 0.0197 0.0060 0.0019 1.0000 1.0000 1.0000 1.0000 0.4577 0.1536 0.0243
0.0787 0.4976 1.0000 1.0000 1.0000 1.0000 0.0018 0.0060 0.0196 0.0638 0.2079 0.6771 1.0000 1.0000 1.0000 0.0008 0.0027 0.0088 0.0288 0.0939 0.3058 0.9962 1.0000 1.0000 1.0000 0.0012 0.0040 0.0130 0.0424 0.1381 0.4499 1.0000 1.0000 1.0000 1.0000 0.0018 0.0059 0.0191 0.0624 0.2032 0.6619 1.0000 1.0000 1.0000 0.0008 0.0026 0.0084 0.0272 0.0888 0.3319 0.7532 0.3319 0.0888 0.0272 0.0084 0.0026 0.0008 1.0000 1.0000 1.0000 0.6619 0.2032 0.0624 0.0191 0.0059 0.0018 1.0000 1.0000 1.0000 1.0000 0.4499 0.1381 0.0424 0.0130 0.0040 0.0012 1.0000 1.0000 1.0000 0.9962 0.3058 0.0939 0.0288 0.0088 0.0027 0.0008 1.0000 1.0000 1.0000 0.6771 0.2079 0.0638 0.0196 0.0060 0.0018 1.0000 1.0000 1.0000 1.0000 0.4976 0.0787
0.2548 1.0000 1.0000 1.0000 1.0000 0.0018 0.0060 0.0195 0.0634 0.2067 0.6733 1.0000 1.0000 1.0000 0.0008 0.0027 0.0088 0.0287 0.0933 0.3041 0.9905 1.0000 1.0000 1.0000 0.0012 0.0040 0.0129 0.0422 0.1373 0.4473 1.0000 1.0000 1.0000 1.0000 0.0018 0.0058 0.0190 0.0620 0.2020 0.6581 1.0000 1.0000 1.0000 0.0008 0.0026 0.0085 0.0275 0.0887 0.2894 1.0000 1.0000 1.0000 0.2894 0.0887 0.0275 0.0085 0.0026 0.0008 1.0000 1.0000 1.0000 0.6581 0.2020 0.0620 0.0190 0.0058 0.0018 1.0000 1.0000 1.0000 1.0000 0.4473 0.1373 0.0422 0.0129 0.0040 0.0012 1.0000 1.0000 1.0000 0.9905 0.3041 0.0933 0.0287 0.0088 0.0027 0.0008 1.0000 1.0000 1.0000 0.6733 0.2067 0.0634 0.0195 0.0060 0.0018 1.0000 1.0000 1.0000 1.0000 0.2548
0.8252 1.0000 1.0000 1.0000 0.0018 0.0059 0.0194 0.0631 0.2055 0.6695 1.0000 1.0000 1.0000 0.0008 0.0027 0.0087 0.0285 0.0928 0.3023 0.9849 1.0000 1.0000 1.0000 0.0012 0.0039 0.0129 0.0419 0.1365 0.4448 1.0000 1.0000 1.0000 1.0000 0.0018 0.0058 0.0189 0.0617 0.2009 0.6544 1.0000 1.0000 1.0000 0.0008 0.0026 0.0085 0.0276 0.0895 0.2888 0.9427 1.0000 1.0000 1.0000 0.9427 0.2888 0.0895 0.0276 0.0085 0.0026 0.0008 1.0000 1.0000 1.0000 0.6544 0.2009 0.0617 0.0189 0.0058 0.0018 1.0000 1.0000 1.0000 1.0000 0.4448 0.1365 0.0419 0.0129 0.0039 0.0012 1.0000 1.0000 1.0000 0.9849 0.3023 0.0928 0.0285 0.0087 0.0027 0.0008 1.0000 1.0000 1.0000 0.6695 0.2055 0.0631 0.0194 0.0059 0.0018 1.0000 1.0000 1.0000 0.8252
1.0000 1.0000 1.0000 0.0018 0.0059 0.0193 0.0627 0.2043 0.6657 1.0000 1.0000 1.0000 0.0008 0.0027 0.0087 0.0283 0.0923 0.3006 0.9793 1.0000 1.0000 1.0000 0.0012 0.0039 0.0128 0.0417 0.1358 0.4423 1.0000 1.0000 1.0000 1.0000 0.0018 0.0058 0.0188 0.0613 0.1997 0.6506 1.0000 1.0000 1.0000 0.0008 0.0026 0.0085 0.0276 0.0899 0.2910 0.9410 1.0000 1.0000 1.0000 1.0000 1.0000 0.9410 0.2910 0.0899 0.0276 0.0085 0.0026 0.0008 1.0000 1.0000 1.0000 0.6506 0.1997 0.0613 0.0188 0.0058 0.0018 1.0000 1.0000 1.0000 1.0000 0.4423 0.1358 0.0417 0.0128 0.0039 0.0012 1.0000 1.0000 1.0000 0.9793 0.3006 0.0923 0.0283 0.0087 0.0027 0.0008 1.0000 1.0000 1.0000 0.6657 0.2043 0.0627 0.0193 0.0059 0.0018 1.0000 1.0000 1.0000
1.0000 1.0000 0.0018 0.0059 0.0191 0.0624 0.2032 0.6619 1.0000 1.0000 1.0000 0.0008 0.0027 0.0086 0.0282 0.0918 0.2989 0.9737 1.0000 1.0000 1.0000 0.0012 0.0039 0.0127 0.0414 0.1350 0.4397 1.0000 1.0000 1.0000 1.0000 0.0018 0.0057 0.0187 0.0610 0.1986 0.6469 1.0000 1.0000 1.0000 0.0008 0.0026 0.0084 0.0275 0.0895 0.2910 0.9481 1.0000 1.0000 1.0000 0.0009 1.0000 1.0000 1.0000 0.9481 0.2910 0.0895 0.0275 0.0084 0.0026 0.0008 1.0000 1.0000 1.0000 0.6469 0.1986 0.0610 0.0187 0.0057 0.0018 1.0000 1.0000 1.0000 1.0000 0.4397 0.1350 0.0414 0.0127 0.0039 0.0012 1.0000 1.0000 1.0000 0.9737 0.2989 0.0918 0.0282 0.0086 0.0027 0.0008 1.0000 1.0000 1.0000 0.6619 0.2032 0.0624 0.0191 0.0059 0.0018 1.0000 1.0000
1.0000 0.0019 0.0058 0.0191 0.0620 0.2020 0.6581 1.0000 1.0000 1.0000 0.0008 0.0026 0.0086 0.0280 0.0912 0.2972 0.9682 1.0000 1.0000 1.0000 0.0012 0.0039 0.0126 0.0412 0.1342 0.4372 1.0000 1.0000 1.0000 1.0000 0.0018 0.0057 0.0186 0.0606 0.1975 0.6433 1.0000 1.0000 1.0000 0.0008 0.0026 0.0084 0.0273 0.0890 0.2899 0.9445 1.0000 1.0000 1.0000 0.0013 0.0030 0.0013 1.0000 1.0000 1.0000 0.9410 0.2888 0.0887 0.0272 0.0084 0.0026 0.0008 1.0000 1.0000 1.0000 0.6408 0.1963 0.0604 0.0185 0.0057 0.0017 1.0000 1.0000 1.0000 1.0000 0.4356 0.1337 0.0410 0.0126 0.0039 0.0012 1.0000 1.0000 1.0000 0.9645 0.2961 0.0909 0.0279 0.0086 0.0026 0.0008 1.0000 1.0000 1.0000 0.6556 0.2012 0.0618 0.0190 0.0058 0.0019 1.0000
0.0010 0.0063 0.0187 0.0618 0.2009 0.6544 1.0000 1.0000 1.0000 0.0008 0.0026 0.0085 0.0278 0.0907 0.2955 0.9627 1.0000 1.0000 1.0000 0.0012 0.0039 0.0126 0.0410 0.1335 0.4347 1.0000 1.0000 1.0000 1.0000 0.0017 0.0057 0.0185 0.0603 0.1963 0.6396 1.0000 1.0000 1.0000 0.0008 0.0026 0.0083 0.0272 0.0885 0.2883 0.9392 1.0000 1.0000 1.0000 0.0012 0.0043 0.0098 0.0044 0.0012 1.0000 1.0000 1.0000 0.9427 0.2894 0.0888 0.0273 0.0084 0.0026 0.0008 1.0000 1.0000 1.0000 0.6420 0.1971 0.0605 0.0186 0.0057 0.0017 1.0000 1.0000 1.0000 1.0000 0.4364 0.1340 0.0411 0.0126 0.0039 0.0012 1.0000 1.0000 1.0000 0.9663 0.2966 0.0911 0.0280 0.0086 0.0026 0.0008 1.0000 1.0000 1.0000 0.6569 0.2016 0.0620 0.0188 0.0063 0.0010
0.0032 0.0203 0.0606 0.2001 0.6506 1.0000 1.0000 1.0000 0.0008 0.0026 0.0085 0.0277 0.0902 0.2938 0.9572 1.0000 1.0000 1.0000 0.0012 0.0038 0.0125 0.0407 0.1327 0.4323 1.0000 1.0000 1.0000 1.0000 0.0017 0.0056 0.0184 0.0599 0.1952 0.6360 1.0000 1.0000 1.0000 0.0008 0.0025 0.0083 0.0270 0.0880 0.2867 0.9338 1.0000 1.0000 1.0000 0.0011 0.0037 0.0140 0.0340 0.0170 0.0045 0.0013 1.0000 1.0000 1.0000 1.0000 0.3319 0.1019 0.0313 0.0096 0.0029 0.0009 1.0000 1.0000 1.0000 0.7362 0.2260 0.0694 0.0213 0.0065 0.0020 1.0000 1.0000 1.0000 1.0000 0.5004 0.1536 0.0472 0.0145 0.0044 0.0014 1.0000 1.0000 1.0000 1.0000 0.3402 0.1044 0.0321 0.0098 0.0030 0.0009 1.0000 1.0000 1.0000 0.7532 0.2317 0.0703 0.0237 0.0037
0.0104 0.0659 0.1963 0.6482 1.0000 1.0000 1.0000 0.0008 0.0026 0.0085 0.0275 0.0897 0.2922 0.9518 1.0000 1.0000 1.0000 0.0012 0.0038 0.0124 0.0405 0.1319 0.4298 1.0000 1.0000 1.0000 1.0000 0.0017 0.0056 0.0183 0.0596 0.1941 0.6323 1.0000 1.0000 1.0000 0.0008 0.0025 0.0082 0.0269 0.0875 0.2850 0.9285 1.0000 1.0000 1.0000 0.0011 0.0037 0.0121 0.0509 0.0977 0.0252 0.0099 0.0031 0.0009 1.0000 1.0000 1.0000 0.7532 0.2308 0.0710 0.0217 0.0067 0.0020 1.0000 1.0000 1.0000 1.0000 0.5130 0.1572 0.0483 0.0148 0.0046 0.0014 1.0000 1.0000 1.0000 1.0000 0.3487 0.1068 0.0329 0.0101 0.0031 0.0009 1.0000 1.0000 1.0000 0.7706 0.2370 0.0726 0.0223 0.0068 0.0021 1.0000 1.0000 1.0000 1.0000 0.5258 0.1599 0.0540 0.0090
0.0337 0.2131 0.6360 1.0000 1.0000 1.0000 0.0008 0.0026 0.0084 0.0274 0.0892 0.2905 0.9463 1.0000 1.0000 1.0000 0.0012 0.0038 0.0124 0.0403 0.1312 0.4274 1.0000 1.0000 1.0000 1.0000 0.0017 0.0056 0.0182 0.0592 0.1930 0.6287 1.0000 1.0000 1.0000 0.0008 0.0025 0.0082 0.0267 0.0870 0.2834 0.9232 1.0000 1.0000 1.0000 0.0011 0.0037 0.0120 0.0412 0.1626 0.0586 0.0038 0.0042 0.0014 1.0000 1.0000 1.0000 1.0000 0.3319 0.1019 0.0313 0.0096 0.0029 0.0009 1.0000 1.0000 1.0000 0.7362 0.2260 0.0694 0.0213 0.0065 0.0020 1.0000 1.0000 1.0000 1.0000 0.5004 0.1536 0.0472 0.0145 0.0044 0.0014 1.0000 1.0000 1.0000 1.0000 0.3402 0.1044 0.0321 0.0098 0.0030 0.0009 1.0000 1.0000 1.0000 0.7532 0.2317 0.0703 0.0237 0.0037
0.1087 0.6875 1.0000 1.0000 1.0000 0.0008 0.0025 0.0083 0.0271 0.0882 0.2872 0.9356 1.0000 1.0000 1.0000 0.0012 0.0038 0.0122 0.0398 0.1297 0.4225 1.0000 1.0000 1.0000 1.0000 0.0017 0.0055 0.0180 0.0586 0.1908 0.6216 1.0000 1.0000 1.0000 0.0008 0.0025 0.0081 0.0264 0.0860 0.2802 0.9128 1.0000 1.0000 1.0000 0.0011 0.0037 0.0119 0.0388 0.1312 0.4397 0.6287 1.0000 0.0012 1.0000 1.0000 1.0000 0.9427 0.2894 0.0888 0.0273 0.0084 0.0026 0.0008 1.0000 1.0000 1.0000 0.6420 0.1971 0.0605 0.0186 0.0057 0.0017 1.0000 1.0000 1.0000 1.0000 0.4364 0.1340 0.0411 0.0126 0.0039 0.0012 1.0000 1.0000 1.0000 0.9663 0.2966 0.0911 0.0280 0.0086 0.0026 0.0008 1.0000 1.0000 1.0000 0.6569 0.2016 0.0620 0.0188 0.0063 0.0010
0.3622 1.0000 1.0000 1.0000 0.0008 0.0026 0.0084 0.0273 0.0888 0.2894 0.9427 1.0000 1.0000 1.0000 0.0012 0.0038 0.0123 0.0401 0.1307 0.4257 1.0000 1.0000 1.0000 1.0000 0.0017 0.0056 0.0181 0.0590 0.1923 0.6264 1.0000 1.0000 1.0000 0.0008 0.0025 0.0082 0.0267 0.0868 0.2829 0.9215 1.0000 1.0000 1.0000 0.0011 0.0037 0.0120 0.0392 0.1277 0.4274 1.0000 1.0000 1.0000 1.0000 1.0000 1.0000 0.9410 0.2888 0.0887 0.0272 0.0084 0.0026 0.0008 1.0000 1.0000 1.0000 0.6408 0.1963 0.0604 0.0185 0.0057 0.0017 1.0000 1.0000 1.0000 1.0000 0.4356 0.1337 0.0410 0.0126 0.0039 0.0012 1.0000 1.0000 1.0000 0.9645 0.2961 0.0909 0.0279 0.0086 0.0026 0.0008 1.0000 1.0000 1.0000 0.6556 0.2012 0.0618 0.0190 0.0058 0.0019 1.0000
1.0000 1.0000 1.0000 0.0009 0.0030 0.0099 0.0323 0.1050 0.3421 1.0000 1.0000 1.0000 1.0000 0.0014 0.0045 0.0146 0.0474 0.1545 0.5033 1.0000 1.0000 1.0000 1.0000 0.0020 0.0066 0.0214 0.0698 0.2273 0.7405 1.0000 1.0000 1.0000 0.0009 0.0030 0.0097 0.0315 0.1026 0.3344 1.0000 1.0000 1.0000 1.0000 0.0013 0.0044 0.0142 0.0464 0.1513 0.4929 1.0000 1.0000 1.0000 1.0000 1.0000 1.0000 0.9463 0.2916 0.0895 0.0275 0.0084 0.0026 0.0008 1.0000 1.0000 1.0000 0.6469 0.1986 0.0610 0.0187 0.0057 0.0018 1.0000 1.0000 1.0000 1.0000 0.4397 0.1350 0.0414 0.0127 0.0039 0.0012 1.0000 1.0000 1.0000 0.9737 0.2989 0.0918 0.0282 0.0086 0.0027 0.0008 1.0000 1.0000 1.0000 0.6619 0.2032 0.0624 0.0191 0.0059 0.0018 1.0000 1.0000
1.0000 1.0000 1.0000 0.0017 0.0057 0.0184 0.0600 0.1952 0.6360 1.0000 1.0000 1.0000 1.0000 0.0025 0.0083 0.0271 0.0882 0.2872 0.9356 1.0000 1.0000 1.0000 0.0012 0.0038 0.0122 0.0398 0.1297 0.4225 1.0000 1.0000 1.0000 1.0000 0.0017 0.0055 0.0180 0.0586 0.1908 0.6216 1.0000 1.0000 1.0000 1.0000 0.0025 0.0081 0.0264 0.0858 0.2786 0.9058 1.0000 1.0000 1.0000 1.0000 1.0000 0.9356 0.2916 0.0899 0.0276 0.0085 0.0026 0.0008 1.0000 1.0000 1.0000 0.6506 0.1997 0.0613 0.0188 0.0058 0.0018 1.0000 1.0000 1.0000 1.0000 0.4423 0.1358 0.0417 0.0128 0.0039 0.0012 1.0000 1.0000 1.0000 0.9793 0.3006 0.0923 0.0283 0.0087 0.0027 0.0008 1.0000 1.0000 1.0000 0.6657 0.2043 0.0627 0.0193 0.0059 0.0018 1.0000 1.0000 1.0000
