1.0000 1.0000 1.0000 0.0007 0.0023 0.0074 0.0239 0.0775 0.2509 0.8128 1.0000 1.0000 1.0000 0.0010 0.0032 0.0103 0.0332 0.1076 0.3487 1.0000 1.0000 1.0000 0.0004 0.0014 0.0044 0.0143 0.0462 0.1496 0.4845 1.0000 1.0000 1.0000 0.0006 0.0019 0.0061 0.0198 0.0640 0.2075 0.6720 1.0000 1.0000 1.0000 0.0008 0.0026 0.0085 0.0275 0.0890 0.2872 0.9463 1.0000 1.0000 1.0000 0.9463 0.2872 0.0890 0.0275 0.0085 0.0026 0.0008 1.0000 1.0000 1.0000 0.6720 0.2075 0.0640 0.0198 0.0061 0.0019 0.0006 1.0000 1.0000 1.0000 0.4845 0.1496 0.0462 0.0143 0.0044 0.0014 0.0004 1.0000 1.0000 1.0000 0.3487 0.1076 0.0332 0.0103 0.0032 0.0010 1.0000 1.0000 1.0000 0.8128 0.2509 0.0775 0.0239 0.0074 0.0023 0.0007 1.0000 1.0000 1.0000
1.0000 1.0000 0.0014 0.0045 0.0144 0.0467 0.1513 0.4901 1.0000 1.0000 1.0000 1.0000 0.0019 0.0062 0.0200 0.0649 0.2102 0.6810 1.0000 1.0000 1.0000 0.0008 0.0026 0.0086 0.0278 0.0902 0.2916 0.9463 1.0000 1.0000 1.0000 0.0011 0.0037 0.0119 0.0386 0.1251 0.4052 1.0000 1.0000 1.0000 1.0000 0.0016 0.0051 0.0166 0.0537 0.1738 0.5631 1.0000 1.0000 1.0000 1.0000 1.0000 1.0000 1.0000 0.5631 0.1738 0.0537 0.0166 0.0051 0.0016 1.0000 1.0000 1.0000 1.0000 0.4052 0.1251 0.0386 0.0119 0.0037 0.0011 1.0000 1.0000 1.0000 0.9463 0.2916 0.0902 0.0278 0.0086 0.0026 0.0008 1.0000 1.0000 1.0000 0.6810 0.2102 0.0649 0.0200 0.0062 0.0019 1.0000 1.0000 1.0000 1.0000 0.4901 0.1513 0.0467 0.0144 0.0045 0.0014 1.0000 1.0000
1.0000 0.0014 0.0040 0.0133 0.0430 0.1392 0.4507 1.0000 1.0000 1.0000 1.0000 0.0018 0.0057 0.0184 0.0597 0.1934 0.6264 1.0000 1.0000 1.0000 0.0008 0.0024 0.0079 0.0256 0.0830 0.2687 0.8704 1.0000 1.0000 1.0000 0.0010 0.0034 0.0110 0.0355 0.1151 0.3727 1.0000 1.0000 1.0000 1.0000 0.0015 0.0047 0.0152 0.0494 0.1599 0.5179 1.0000 1.0000 1.0000 0.0007 0.0016 0.0007 1.0000 1.0000 1.0000 0.5179 0.1599 0.0494 0.0152 0.0047 0.0015 1.0000 1.0000 1.0000 1.0000 0.3727 0.1151 0.0355 0.0110 0.0034 0.0010 1.0000 1.0000 1.0000 0.8704 0.2687 0.0830 0.0256 0.0079 0.0024 0.0008 1.0000 1.0000 1.0000 0.6264 0.1934 0.0597 0.0184 0.0057 0.0018 1.0000 1.0000 1.0000 1.0000 0.4507 0.1392 0.0430 0.0133 0.0040 0.0014 1.0000
0.0007 0.0045 0.0133 0.0437 0.1416 0.4594 1.0000 1.0000 1.0000 1.0000 0.0018 0.0058 0.0188 0.0608 0.1971 0.6384 1.0000 1.0000 1.0000 0.0008 0.0025 0.0081 0.0261 0.0845 0.2739 0.8871 1.0000 1.0000 1.0000 0.0011 0.0035 0.0112 0.0362 0.1173 0.3798 1.0000 1.0000 1.0000 1.0000 0.0015 0.0048 0.0155 0.0503 0.1629 0.5278 1.0000 1.0000 1.0000 0.0006 0.0024 0.0054 0.0024 0.0006 1.0000 1.0000 1.0000 0.5278 0.1629 0.0503 0.0155 0.0048 0.0015 1.0000 1.0000 1.0000 1.0000 0.3798 0.1173 0.0362 0.0112 0.0035 0.0011 1.0000 1.0000 1.0000 0.8871 0.2739 0.0845 0.0261 0.0081 0.0025 0.0008 1.0000 1.0000 1.0000 0.6384 0.1971 0.0608 0.0188 0.0058 0.0018 1.0000 1.0000 1.0000 1.0000 0.4594 0.1416 0.0437 0.0133 0.0045 0.0007
0.0023 0.0144 0.0430 0.1416 0.4594 1.0000 1.0000 1.0000 1.0000 0.0018 0.0058 0.0189 0.0611 0.1978 0.6408 1.0000 1.0000 1.0000 0.0008 0.0025 0.0081 0.0262 0.0849 0.2749 0.8905 1.0000 1.0000 1.0000 0.0011 0.0035 0.0112 0.0363 0.1177 0.3813 1.0000 1.0000 1.0000 1.0000 0.0015 0.0048 0.0156 0.0505 0.1636 0.5298 1.0000 1.0000 1.0000 0.0006 0.0021 0.0077 0.0176 0.0077 0.0021 0.0006 1.0000 1.0000 1.0000 0.5298 0.1636 0.0505 0.0156 0.0048 0.0015 1.0000 1.0000 1.0000 1.0000 0.3813 0.1177 0.0363 0.0112 0.0035 0.0011 1.0000 1.0000 1.0000 0.8905 0.2749 0.0849 0.0262 0.0081 0.0025 0.0008 1.0000 1.0000 1.0000 0.6408 0.1978 0.0611 0.0189 0.0058 0.0018 1.0000 1.0000 1.0000 1.0000 0.4594 0.1416 0.0430 0.0144 0.0023
0.0074 0.0467 0.1392 0.4594 1.0000 1.0000 1.0000 1.0000 0.0018 0.0059 0.0190 0.0614 0.1990 0.6445 1.0000 1.0000 1.0000 0.0008 0.0025 0.0081 0.0264 0.0854 0.2765 0.8956 1.0000 1.0000 1.0000 0.0011 0.0035 0.0113 0.0365 0.1184 0.3835 1.0000 1.0000 1.0000 1.0000 0.0015 0.0048 0.0157 0.0508 0.1645 0.5329 1.0000 1.0000 1.0000 0.0006 0.0021 0.0068 0.0252 0.0571 0.0252 0.0068 0.0021 0.0006 1.0000 1.0000 1.0000 0.5329 0.1645 0.0508 0.0157 0.0048 0.0015 1.0000 1.0000 1.0000 1.0000 0.3835 0.1184 0.0365 0.0113 0.0035 0.0011 1.0000 1.0000 1.0000 0.8956 0.2765 0.0854 0.0264 0.0081 0.0025 0.0008 1.0000 1.0000 1.0000 0.6445 0.1990 0.0614 0.0190 0.0059 0.0018 1.0000 1.0000 1.0000 1.0000 0.4594 0.1392 0.0467 0.0074
0.0239 0.1513 0.4507 1.0000 1.0000 1.0000 1.0000 0.0018 0.0059 0.0191 0.0618 0.2001 0.6482 1.0000 1.0000 1.0000 0.0008 0.0025 0.0082 0.0265 0.0858 0.2781 0.9007 1.0000 1.0000 1.0000 0.0011 0.0035 0.0113 0.0368 0.1191 0.3857 1.0000 1.0000 1.0000 1.0000 0.0015 0.0049 0.0158 0.0511 0.1654 0.5359 1.0000 1.0000 1.0000 0.0006 0.0021 0.0067 0.0220 0.0822 0.1865 0.0822 0.0220 0.0067 0.0021 0.0006 1.0000 1.0000 1.0000 0.5359 0.1654 0.0511 0.0158 0.0049 0.0015 1.0000 1.0000 1.0000 1.0000 0.3857 0.1191 0.0368 0.0113 0.0035 0.0011 1.0000 1.0000 1.0000 0.9007 0.2781 0.0858 0.0265 0.0082 0.0025 0.0008 1.0000 1.0000 1.0000 0.6482 0.2001 0.0618 0.0191 0.0059 0.0018 1.0000 1.0000 1.0000 1.0000 0.4507 0.1513 0.0239
0.0775 0.4901 1.0000 1.0000 1.0000 1.0000 0.0018 0.0059 0.0191 0.0621 0.2012 0.6519 1.0000 1.0000 1.0000 0.0008 0.0025 0.0082 0.0267 0.0863 0.2797 0.9058 1.0000 1.0000 1.0000 0.0011 0.0035 0.0114 0.0370 0.1197 0.3879 1.0000 1.0000 1.0000 1.0000 0.0015 0.0049 0.0159 0.0514 0.1664 0.5390 1.0000 1.0000 1.0000 0.0006 0.0021 0.0068 0.0220 0.0717 0.2677 0.6064 0.2677 0.0717 0.0220 0.0068 0.0021 0.0006 1.0000 1.0000 1.0000 0.5390 0.1664 0.0514 0.0159 0.0049 0.0015 1.0000 1.0000 1.0000 1.0000 0.3879 0.1197 0.0370 0.0114 0.0035 0.0011 1.0000 1.0000 1.0000 0.9058 0.2797 0.0863 0.0267 0.0082 0.0025 0.0008 1.0000 1.0000 1.0000 0.6519 0.2012 0.0621 0.0191 0.0059 0.0018 1.0000 1.0000 1.0000 1.0000 0.4901 0.0775
0.2509 1.0000 1.0000 1.0000 1.0000 0.0018 0.0059 0.0191 0.0624 0.2020 0.6556 1.0000 1.0000 1.0000 0.0008 0.0026 0.0083 0.0268 0.0868 0.2813 0.9110 1.0000 1.0000 1.0000 0.0011 0.0035 0.0115 0.0372 0.1204 0.3901 1.0000 1.0000 1.0000 1.0000 0.0015 0.0049 0.0159 0.0517 0.1673 0.5421 1.0000 1.0000 1.0000 0.0007 0.0021 0.0068 0.0222 0.0715 0.2334 0.8720 1.0000 0.8720 0.2334 0.0715 0.0222 0.0068 0.0021 0.0007 1.0000 1.0000 1.0000 0.5421 0.1673 0.0517 0.0159 0.0049 0.0015 1.0000 1.0000 1.0000 1.0000 0.3901 0.1204 0.0372 0.0115 0.0035 0.0011 1.0000 1.0000 1.0000 0.9110 0.2813 0.0868 0.0268 0.0083 0.0026 0.0008 1.0000 1.0000 1.0000 0.6556 0.2020 0.0624 0.0191 0.0059 0.0018 1.0000 1.0000 1.0000 1.0000 0.2509
0.8128 1.0000 1.0000 1.0000 0.0018 0.0059 0.0191 0.0621 0.2020 0.6581 1.0000 1.0000 1.0000 0.0008 0.0026 0.0083 0.0270 0.0873 0.2829 0.9162 1.0000 1.0000 1.0000 0.0011 0.0036 0.0115 0.0374 0.1211 0.3923 1.0000 1.0000 1.0000 1.0000 0.0015 0.0050 0.0160 0.0520 0.1683 0.5452 1.0000 1.0000 1.0000 0.0007 0.0021 0.0069 0.0223 0.0722 0.2330 0.7604 1.0000 1.0000 1.0000 0.7604 0.2330 0.0722 0.0223 0.0069 0.0021 0.0007 1.0000 1.0000 1.0000 0.5452 0.1683 0.0520 0.0160 0.0050 0.0015 1.0000 1.0000 1.0000 1.0000 0.3923 0.1211 0.0374 0.0115 0.0036 0.0011 1.0000 1.0000 1.0000 0.9162 0.2829 0.0873 0.0270 0.0083 0.0026 0.0008 1.0000 1.0000 1.0000 0.6581 0.2020 0.0621 0.0191 0.0059 0.0018 1.0000 1.0000 1.0000 0.8128
1.0000 1.0000 1.0000 0.0018 0.0058 0.0190 0.0618 0.2012 0.6556 1.0000 1.0000 1.0000 0.0008 0.0026 0.0084 0.0271 0.0878 0.2845 0.9215 1.0000 1.0000 1.0000 0.0011 0.0036 0.0116 0.0376 0.1218 0.3946 1.0000 1.0000 1.0000 1.0000 0.0015 0.0050 0.0161 0.0523 0.1693 0.5483 1.0000 1.0000 1.0000 0.0007 0.0021 0.0069 0.0224 0.0726 0.2352 0.7590 1.0000 1.0000 1.0000 1.0000 1.0000 0.7590 0.2352 0.0726 0.0224 0.0069 0.0021 0.0007 1.0000 1.0000 1.0000 0.5483 0.1693 0.0523 0.0161 0.0050 0.0015 1.0000 1.0000 1.0000 1.0000 0.3946 0.1218 0.0376 0.0116 0.0036 0.0011 1.0000 1.0000 1.0000 0.9215 0.2845 0.0878 0.0271 0.0084 0.0026 0.0008 1.0000 1.0000 1.0000 0.6556 0.2012 0.0618 0.0190 0.0058 0.0018 1.0000 1.0000 1.0000
1.0000 1.0000 0.0018 0.0058 0.0189 0.0614 0.2001 0.6519 1.0000 1.0000 1.0000 0.0008 0.0026 0.0084 0.0273 0.0883 0.2861 0.9267 1.0000 1.0000 1.0000 0.0011 0.0036 0.0117 0.0378 0.1225 0.3968 1.0000 1.0000 1.0000 1.0000 0.0015 0.0050 0.0162 0.0526 0.1702 0.5514 1.0000 1.0000 1.0000 0.0007 0.0021 0.0070 0.0225 0.0730 0.2366 0.7662 1.0000 1.0000 1.0000 1.0000 1.0000 1.0000 1.0000 0.7662 0.2366 0.0730 0.0225 0.0070 0.0021 0.0007 1.0000 1.0000 1.0000 0.5514 0.1702 0.0526 0.0162 0.0050 0.0015 1.0000 1.0000 1.0000 1.0000 0.3968 0.1225 0.0378 0.0117 0.0036 0.0011 1.0000 1.0000 1.0000 0.9267 0.2861 0.0883 0.0273 0.0084 0.0026 0.0008 1.0000 1.0000 1.0000 0.6519 0.2001 0.0614 0.0189 0.0058 0.0018 1.0000 1.0000
1.0000 0.0019 0.0057 0.0188 0.0611 0.1990 0.6482 1.0000 1.0000 1.0000 0.0008 0.0026 0.0085 0.0274 0.0888 0.2877 0.9321 1.0000 1.0000 1.0000 0.0011 0.0036 0.0117 0.0380 0.1232 0.3991 1.0000 1.0000 1.0000 1.0000 0.0016 0.0050 0.0163 0.0529 0.1712 0.5546 1.0000 1.0000 1.0000 0.0007 0.0022 0.0070 0.0227 0.0734 0.2379 0.7706 1.0000 1.0000 1.0000 0.0011 0.0024 0.0011 1.0000 1.0000 1.0000 0.7706 0.2379 0.0734 0.0227 0.0070 0.0022 0.0007 1.0000 1.0000 1.0000 0.5546 0.1712 0.0529 0.0163 0.0050 0.0016 1.0000 1.0000 1.0000 1.0000 0.3991 0.1232 0.0380 0.0117 0.0036 0.0011 1.0000 1.0000 1.0000 0.9321 0.2877 0.0888 0.0274 0.0085 0.0026 0.0008 1.0000 1.0000 1.0000 0.6482 0.1990 0.0611 0.0188 0.0057 0.0019 1.0000
0.0010 0.0062 0.0184 0.0608 0.1978 0.6445 1.0000 1.0000 1.0000 0.0008 0.0026 0.0084 0.0274 0.0892 0.2888 0.9374 1.0000 1.0000 1.0000 0.0011 0.0036 0.0118 0.0383 0.1239 0.4014 1.0000 1.0000 1.0000 1.0000 0.0016 0.0051 0.0164 0.0532 0.1722 0.5577 1.0000 1.0000 1.0000 0.0007 0.0022 0.0070 0.0228 0.0739 0.2393 0.7750 1.0000 1.0000 1.0000 0.0009 0.0035 0.0079 0.0035 0.0009 1.0000 1.0000 1.0000 0.7750 0.2393 0.0739 0.0228 0.0070 0.0022 0.0007 1.0000 1.0000 1.0000 0.5577 0.1722 0.0532 0.0164 0.0051 0.0016 1.0000 1.0000 1.0000 1.0000 0.4014 0.1239 0.0383 0.0118 0.0036 0.0011 1.0000 1.0000 1.0000 0.9374 0.2888 0.0892 0.0274 0.0084 0.0026 0.0008 1.0000 1.0000 1.0000 0.6445 0.1978 0.0608 0.0184 0.0062 0.0010
0.0032 0.0200 0.0597 0.1971 0.6408 1.0000 1.0000 1.0000 0.0008 0.0026 0.0084 0.0273 0.0888 0.2888 0.9410 1.0000 1.0000 1.0000 0.0011 0.0037 0.0119 0.0385 0.1246 0.4037 1.0000 1.0000 1.0000 1.0000 0.0016 0.0051 0.0165 0.0535 0.1732 0.5609 1.0000 1.0000 1.0000 0.0007 0.0022 0.0071 0.0229 0.0743 0.2406 0.7795 1.0000 1.0000 1.0000 0.0009 0.0030 0.0114 0.0259 0.0114 0.0030 0.0009 1.0000 1.0000 1.0000 0.7795 0.2406 0.0743 0.0229 0.0071 0.0022 0.0007 1.0000 1.0000 1.0000 0.5609 0.1732 0.0535 0.0165 0.0051 0.0016 1.0000 1.0000 1.0000 1.0000 0.4037 0.1246 0.0385 0.0119 0.0037 0.0011 1.0000 1.0000 1.0000 0.9410 0.2888 0.0888 0.0273 0.0084 0.0026 0.0008 1.0000 1.0000 1.0000 0.6408 0.1971 0.0597 0.0200 0.0032
0.0103 0.0649 0.1934 0.6384 1.0000 1.0000 1.0000 0.0008 0.0026 0.0083 0.0271 0.0883 0.2877 0.9374 1.0000 1.0000 1.0000 0.0011 0.0037 0.0119 0.0387 0.1253 0.4060 1.0000 1.0000 1.0000 1.0000 0.0016 0.0051 0.0166 0.0538 0.1742 0.5641 1.0000 1.0000 1.0000 0.0007 0.0022 0.0071 0.0231 0.0747 0.2420 0.7839 1.0000 1.0000 1.0000 0.0009 0.0030 0.0099 0.0371 0.0841 0.0371 0.0099 0.0030 0.0009 1.0000 1.0000 1.0000 0.7839 0.2420 0.0747 0.0231 0.0071 0.0022 0.0007 1.0000 1.0000 1.0000 0.5641 0.1742 0.0538 0.0166 0.0051 0.0016 1.0000 1.0000 1.0000 1.0000 0.4060 0.1253 0.0387 0.0119 0.0037 0.0011 1.0000 1.0000 1.0000 0.9374 0.2877 0.0883 0.0271 0.0083 0.0026 0.0008 1.0000 1.0000 1.0000 0.6384 0.1934 0.0649 0.0103
0.0332 0.2102 0.6264 1.0000 1.0000 1.0000 0.0008 0.0025 0.0083 0.0270 0.0878 0.2861 0.9321 1.0000 1.0000 1.0000 0.0011 0.0037 0.0120 0.0389 0.1261 0.4083 1.0000 1.0000 1.0000 1.0000 0.0016 0.0052 0.0167 0.0541 0.1752 0.5674 1.0000 1.0000 1.0000 0.0007 0.0022 0.0072 0.0232 0.0751 0.2434 0.7884 1.0000 1.0000 1.0000 0.0009 0.0031 0.0099 0.0324 0.1209 0.2744 0.1209 0.0324 0.0099 0.0031 0.0009 1.0000 1.0000 1.0000 0.7884 0.2434 0.0751 0.0232 0.0072 0.0022 0.0007 1.0000 1.0000 1.0000 0.5674 0.1752 0.0541 0.0167 0.0052 0.0016 1.0000 1.0000 1.0000 1.0000 0.4083 0.1261 0.0389 0.0120 0.0037 0.0011 1.0000 1.0000 1.0000 0.9321 0.2861 0.0878 0.0270 0.0083 0.0025 0.0008 1.0000 1.0000 1.0000 0.6264 0.2102 0.0332
0.1076 0.6810 1.0000 1.0000 1.0000 0.0008 0.0025 0.0082 0.0268 0.0873 0.2845 0.9267 1.0000 1.0000 1.0000 0.0011 0.0037 0.0121 0.0391 0.1268 0.4106 1.0000 1.0000 1.0000 1.0000 0.0016 0.0052 0.0168 0.0544 0.1762 0.5706 1.0000 1.0000 1.0000 0.0007 0.0022 0.0072 0.0233 0.0756 0.2448 0.7929 1.0000 1.0000 1.0000 0.0010 0.0031 0.0100 0.0323 0.1054 0.3938 0.8922 0.3938 0.1054 0.0323 0.0100 0.0031 0.0010 1.0000 1.0000 1.0000 0.7929 0.2448 0.0756 0.0233 0.0072 0.0022 0.0007 1.0000 1.0000 1.0000 0.5706 0.1762 0.0544 0.0168 0.0052 0.0016 1.0000 1.0000 1.0000 1.0000 0.4106 0.1268 0.0391 0.0121 0.0037 0.0011 1.0000 1.0000 1.0000 0.9267 0.2845 0.0873 0.0268 0.0082 0.0025 0.0008 1.0000 1.0000 1.0000 0.6810 0.1076
0.3487 1.0000 1.0000 1.0000 0.0008 0.0025 0.0082 0.0267 0.0868 0.2829 0.9215 1.0000 1.0000 1.0000 0.0011 0.0037 0.0120 0.0391 0.1273 0.4122 1.0000 1.0000 1.0000 1.0000 0.0016 0.0052 0.0169 0.0547 0.1772 0.5739 1.0000 1.0000 1.0000 0.0007 0.0022 0.0072 0.0235 0.0760 0.2462 0.7975 1.0000 1.0000 1.0000 0.0010 0.0031 0.0101 0.0326 0.1052 0.3434 1.0000 1.0000 1.0000 0.3434 0.1052 0.0326 0.0101 0.0031 0.0010 1.0000 1.0000 1.0000 0.7975 0.2462 0.0760 0.0235 0.0072 0.0022 0.0007 1.0000 1.0000 1.0000 0.5739 0.1772 0.0547 0.0169 0.0052 0.0016 1.0000 1.0000 1.0000 1.0000 0.4122 0.1273 0.0391 0.0120 0.0037 0.0011 1.0000 1.0000 1.0000 0.9215 0.2829 0.0868 0.0267 0.0082 0.0025 0.0008 1.0000 1.0000 1.0000 0.3487
1.0000 1.0000 1.0000 0.0008 0.0025 0.0081 0.0265 0.0863 0.2813 0.9162 1.0000 1.0000 1.0000 0.0011 0.0037 0.0119 0.0389 0.1268 0.4122 1.0000 1.0000 1.0000 1.0000 0.0016 0.0052 0.0170 0.0550 0.1782 0.5772 1.0000 1.0000 1.0000 0.0007 0.0022 0.0073 0.0236 0.0764 0.2476 0.8020 1.0000 1.0000 1.0000 0.0010 0.0031 0.0101 0.0328 0.1062 0.3428 1.0000 1.0000 1.0000 1.0000 1.0000 0.3428 0.1062 0.0328 0.0101 0.0031 0.0010 1.0000 1.0000 1.0000 0.8020 0.2476 0.0764 0.0236 0.0073 0.0022 0.0007 1.0000 1.0000 1.0000 0.5772 0.1782 0.0550 0.0170 0.0052 0.0016 1.0000 1.0000 1.0000 1.0000 0.4122 0.1268 0.0389 0.0119 0.0037 0.0011 1.0000 1.0000 1.0000 0.9162 0.2813 0.0863 0.0265 0.0081 0.0025 0.0008 1.0000 1.0000 1.0000
1.0000 1.0000 0.0008 0.0025 0.0081 0.0264 0.0858 0.2797 0.9110 1.0000 1.0000 1.0000 0.0011 0.0036 0.0119 0.0387 0.1261 0.4106 1.0000 1.0000 1.0000 1.0000 0.0016 0.0053 0.0171 0.0553 0.1792 0.5805 1.0000 1.0000 1.0000 0.0007 0.0023 0.0073 0.0237 0.0769 0.2490 0.8066 1.0000 1.0000 1.0000 0.0010 0.0031 0.0102 0.0330 0.1068 0.3460 1.0000 1.0000 1.0000 1.0000 1.0000 1.0000 1.0000 0.3460 0.1068 0.0330 0.0102 0.0031 0.0010 1.0000 1.0000 1.0000 0.8066 0.2490 0.0769 0.0237 0.0073 0.0023 0.0007 1.0000 1.0000 1.0000 0.5805 0.1792 0.0553 0.0171 0.0053 0.0016 1.0000 1.0000 1.0000 1.0000 0.4106 0.1261 0.0387 0.0119 0.0036 0.0011 1.0000 1.0000 1.0000 0.9110 0.2797 0.0858 0.0264 0.0081 0.0025 0.0008 1.0000 1.0000
1.0000 0.0008 0.0024 0.0081 0.0262 0.0854 0.2781 0.9058 1.0000 1.0000 1.0000 0.0011 0.0036 0.0118 0.0385 0.1253 0.4083 1.0000 1.0000 1.0000 1.0000 0.0016 0.0053 0.0172 0.0556 0.1802 0.5838 1.0000 1.0000 1.0000 0.0007 0.0023 0.0074 0.0239 0.0773 0.2504 0.8112 1.0000 1.0000 1.0000 0.0010 0.0032 0.0102 0.0332 0.1074 0.3480 1.0000 1.0000 1.0000 1.0000 0.0011 1.0000 1.0000 1.0000 1.0000 0.3480 0.1074 0.0332 0.0102 0.0032 0.0010 1.0000 1.0000 1.0000 0.8112 0.2504 0.0773 0.0239 0.0074 0.0023 0.0007 1.0000 1.0000 1.0000 0.5838 0.1802 0.0556 0.0172 0.0053 0.0016 1.0000 1.0000 1.0000 1.0000 0.4083 0.1253 0.0385 0.0118 0.0036 0.0011 1.0000 1.0000 1.0000 0.9058 0.2781 0.0854 0.0262 0.0081 0.0024 0.0008 1.0000
0.0004 0.0026 0.0079 0.0261 0.0849 0.2765 0.9007 1.0000 1.0000 1.0000 0.0011 0.0036 0.0117 0.0383 0.1246 0.4060 1.0000 1.0000 1.0000 1.0000 0.0016 0.0053 0.0172 0.0559 0.1813 0.5871 1.0000 1.0000 1.0000 0.0007 0.0023 0.0074 0.0240 0.0778 0.2519 0.8159 1.0000 1.0000 1.0000 0.0010 0.0032 0.0103 0.0334 0.1081 0.3500 1.0000 1.0000 1.0000 1.0000 0.0016 0.0036 0.0016 1.0000 1.0000 1.0000 1.0000 0.3500 0.1081 0.0334 0.0103 0.0032 0.0010 1.0000 1.0000 1.0000 0.8159 0.2519 0.0778 0.0240 0.0074 0.0023 0.0007 1.0000 1.0000 1.0000 0.5871 0.1813 0.0559 0.0172 0.0053 0.0016 1.0000 1.0000 1.0000 1.0000 0.4060 0.1246 0.0383 0.0117 0.0036 0.0011 1.0000 1.0000 1.0000 0.9007 0.2765 0.0849 0.0261 0.0079 0.0026 0.0004
0.0014 0.0086 0.0256 0.0845 0.2749 0.8956 1.0000 1.0000 1.0000 0.0011 0.0036 0.0117 0.0380 0.1239 0.4037 1.0000 1.0000 1.0000 1.0000 0.0016 0.0053 0.0172 0.0559 0.1820 0.5894 1.0000 1.0000 1.0000 0.0007 0.0023 0.0075 0.0241 0.0782 0.2533 0.8205 1.0000 1.0000 1.0000 0.0010 0.0032 0.0104 0.0335 0.1087 0.3520 1.0000 1.0000 1.0000 1.0000 0.0014 0.0051 0.0117 0.0051 0.0014 1.0000 1.0000 1.0000 1.0000 0.3520 0.1087 0.0335 0.0104 0.0032 0.0010 1.0000 1.0000 1.0000 0.8205 0.2533 0.0782 0.0241 0.0075 0.0023 0.0007 1.0000 1.0000 1.0000 0.5894 0.1820 0.0559 0.0172 0.0053 0.0016 1.0000 1.0000 1.0000 1.0000 0.4037 0.1239 0.0380 0.0117 0.0036 0.0011 1.0000 1.0000 1.0000 0.8956 0.2749 0.0845 0.0256 0.0086 0.0014
0.0044 0.0278 0.0830 0.2739 0.8905 1.0000 1.0000 1.0000 0.0011 0.0036 0.0116 0.0378 0.1232 0.4014 1.0000 1.0000 1.0000 1.0000 0.0016 0.0052 0.0171 0.0556 0.1813 0.5894 1.0000 1.0000 1.0000 0.0007 0.0023 0.0075 0.0243 0.0787 0.2548 0.8252 1.0000 1.0000 1.0000 0.0010 0.0032 0.0104 0.0337 0.1093 0.3540 1.0000 1.0000 1.0000 1.0000 0.0014 0.0045 0.0168 0.0380 0.0168 0.0045 0.0014 1.0000 1.0000 1.0000 1.0000 0.3540 0.1093 0.0337 0.0104 0.0032 0.0010 1.0000 1.0000 1.0000 0.8252 0.2548 0.0787 0.0243 0.0075 0.0023 0.0007 1.0000 1.0000 1.0000 0.5894 0.1813 0.0556 0.0171 0.0052 0.0016 1.0000 1.0000 1.0000 1.0000 0.4014 0.1232 0.0378 0.0116 0.0036 0.0011 1.0000 1.0000 1.0000 0.8905 0.2739 0.0830 0.0278 0.0044
0.0143 0.0902 0.2687 0.8871 1.0000 1.0000 1.0000 0.0011 0.0035 0.0115 0.0376 0.1225 0.3991 1.0000 1.0000 1.0000 1.0000 0.0016 0.0052 0.0170 0.0553 0.1802 0.5871 1.0000 1.0000 1.0000 0.0007 0.0023 0.0075 0.0244 0.0791 0.2562 0.8300 1.0000 1.0000 1.0000 0.0010 0.0032 0.0105 0.0339 0.1099 0.3561 1.0000 1.0000 1.0000 1.0000 0.0014 0.0045 0.0146 0.0546 0.1237 0.0546 0.0146 0.0045 0.0014 1.0000 1.0000 1.0000 1.0000 0.3561 0.1099 0.0339 0.0105 0.0032 0.0010 1.0000 1.0000 1.0000 0.8300 0.2562 0.0791 0.0244 0.0075 0.0023 0.0007 1.0000 1.0000 1.0000 0.5871 0.1802 0.0553 0.0170 0.0052 0.0016 1.0000 1.0000 1.0000 1.0000 0.3991 0.1225 0.0376 0.0115 0.0035 0.0011 1.0000 1.0000 1.0000 0.8871 0.2687 0.0902 0.0143
0.0462 0.2916 0.8704 1.0000 1.0000 1.0000 0.0011 0.0035 0.0115 0.0374 0.1218 0.3968 1.0000 1.0000 1.0000 1.0000 0.0016 0.0052 0.0169 0.0550 0.1792 0.5838 1.0000 1.0000 1.0000 0.0007 0.0023 0.0076 0.0246 0.0796 0.2577 0.8347 1.0000 1.0000 1.0000 0.0010 0.0033 0.0105 0.0341 0.1105 0.3581 1.0000 1.0000 1.0000 1.0000 0.0014 0.0045 0.0146 0.0476 0.1778 0.4037 0.1778 0.0476 0.0146 0.0045 0.0014 1.0000 1.0000 1.0000 1.0000 0.3581 0.1105 0.0341 0.0105 0.0033 0.0010 1.0000 1.0000 1.0000 0.8347 0.2577 0.0796 0.0246 0.0076 0.0023 0.0007 1.0000 1.0000 1.0000 0.5838 0.1792 0.0550 0.0169 0.0052 0.0016 1.0000 1.0000 1.0000 1.0000 0.3968 0.1218 0.0374 0.0115 0.0035 0.0011 1.0000 1.0000 1.0000 0.8704 0.2916 0.0462
0.1496 0.9463 1.0000 1.0000 1.0000 0.0011 0.0035 0.0114 0.0372 0.1211 0.3946 1.0000 1.0000 1.0000 1.0000 0.0016 0.0052 0.0168 0.0547 0.1782 0.5805 1.0000 1.0000 1.0000 0.0007 0.0023 0.0076 0.0247 0.0799 0.2592 0.8395 1.0000 1.0000 1.0000 0.0010 0.0033 0.0106 0.0343 0.1112 0.3601 1.0000 1.0000 1.0000 1.0000 0.0014 0.0045 0.0147 0.0475 0.1551 0.5794 1.0000 0.5794 0.1551 0.0475 0.0147 0.0045 0.0014 1.0000 1.0000 1.0000 1.0000 0.3601 0.1112 0.0343 0.0106 0.0033 0.0010 1.0000 1.0000 1.0000 0.8395 0.2592 0.0799 0.0247 0.0076 0.0023 0.0007 1.0000 1.0000 1.0000 0.5805 0.1782 0.0547 0.0168 0.0052 0.0016 1.0000 1.0000 1.0000 1.0000 0.3946 0.1211 0.0372 0.0114 0.0035 0.0011 1.0000 1.0000 1.0000 0.9463 0.1496
0.4845 1.0000 1.0000 1.0000 0.0011 0.0035 0.0113 0.0370 0.1204 0.3923 1.0000 1.0000 1.0000 1.0000 0.0016 0.0051 0.0167 0.0544 0.1772 0.5772 1.0000 1.0000 1.0000 0.0007 0.0023 0.0075 0.0246 0.0799 0.2602 0.8427 1.0000 1.0000 1.0000 0.0010 0.0033 0.0107 0.0345 0.1118 0.3622 1.0000 1.0000 1.0000 1.0000 0.0014 0.0046 0.0148 0.0480 0.1545 0.5052 1.0000 1.0000 1.0000 0.5052 0.1545 0.0480 0.0148 0.0046 0.0014 1.0000 1.0000 1.0000 1.0000 0.3622 0.1118 0.0345 0.0107 0.0033 0.0010 1.0000 1.0000 1.0000 0.8427 0.2602 0.0799 0.0246 0.0075 0.0023 0.0007 1.0000 1.0000 1.0000 0.5772 0.1772 0.0544 0.0167 0.0051 0.0016 1.0000 1.0000 1.0000 1.0000 0.3923 0.1204 0.0370 0.0113 0.0035 0.0011 1.0000 1.0000 1.0000 0.4845
1.0000 1.0000 1.0000 0.0011 0.0035 0.0113 0.0368 0.1197 0.3901 1.0000 1.0000 1.0000 1.0000 0.0016 0.0051 0.0166 0.0541 0.1762 0.5739 1.0000 1.0000 1.0000 0.0007 0.0023 0.0075 0.0244 0.0796 0.2592 0.8427 1.0000 1.0000 1.0000 0.0010 0.0033 0.0107 0.0347 0.1125 0.3643 1.0000 1.0000 1.0000 1.0000 0.0014 0.0046 0.0149 0.0482 0.1563 0.5043 1.0000 1.0000 1.0000 1.0000 1.0000 0.5043 0.1563 0.0482 0.0149 0.0046 0.0014 1.0000 1.0000 1.0000 1.0000 0.3643 0.1125 0.0347 0.0107 0.0033 0.0010 1.0000 1.0000 1.0000 0.8427 0.2592 0.0796 0.0244 0.0075 0.0023 0.0007 1.0000 1.0000 1.0000 0.5739 0.1762 0.0541 0.0166 0.0051 0.0016 1.0000 1.0000 1.0000 1.0000 0.3901 0.1197 0.0368 0.0113 0.0035 0.0011 1.0000 1.0000 1.0000
1.0000 1.0000 0.0010 0.0035 0.0112 0.0365 0.1191 0.3879 1.0000 1.0000 1.0000 1.0000 0.0016 0.0051 0.0165 0.0538 0.1752 0.5706 1.0000 1.0000 1.0000 0.0007 0.0023 0.0075 0.0243 0.0791 0.2577 0.8395 1.0000 1.0000 1.0000 0.0010 0.0033 0.0108 0.0349 0.1131 0.3664 1.0000 1.0000 1.0000 1.0000 0.0014 0.0046 0.0150 0.0485 0.1572 0.5091 1.0000 1.0000 1.0000 1.0000 1.0000 1.0000 1.0000 0.5091 0.1572 0.0485 0.0150 0.0046 0.0014 1.0000 1.0000 1.0000 1.0000 0.3664 0.1131 0.0349 0.0108 0.0033 0.0010 1.0000 1.0000 1.0000 0.8395 0.2577 0.0791 0.0243 0.0075 0.0023 0.0007 1.0000 1.0000 1.0000 0.5706 0.1752 0.0538 0.0165 0.0051 0.0016 1.0000 1.0000 1.0000 1.0000 0.3879 0.1191 0.0365 0.0112 0.0035 0.0010 1.0000 1.0000
1.0000 0.0011 0.0034 0.0112 0.0363 0.1184 0.3857 1.0000 1.0000 1.0000 1.0000 0.0015 0.0050 0.0164 0.0535 0.1742 0.5674 1.0000 1.0000 1.0000 0.0007 0.0023 0.0074 0.0241 0.0787 0.2562 0.8347 1.0000 1.0000 1.0000 0.0010 0.0033 0.0108 0.0351 0.1137 0.3685 1.0000 1.0000 1.0000 1.0000 0.0014 0.0047 0.0151 0.0488 0.1581 0.5120 1.0000 1.0000 1.0000 0.0007 0.0016 0.0007 1.0000 1.0000 1.0000 0.5120 0.1581 0.0488 0.0151 0.0047 0.0014 1.0000 1.0000 1.0000 1.0000 0.3685 0.1137 0.0351 0.0108 0.0033 0.0010 1.0000 1.0000 1.0000 0.8347 0.2562 0.0787 0.0241 0.0074 0.0023 0.0007 1.0000 1.0000 1.0000 0.5674 0.1742 0.0535 0.0164 0.0050 0.0015 1.0000 1.0000 1.0000 1.0000 0.3857 0.1184 0.0363 0.0112 0.0034 0.0011 1.0000
0.0006 0.0037 0.0110 0.0362 0.1177 0.3835 1.0000 1.0000 1.0000 1.0000 0.0015 0.0050 0.0163 0.0532 0.1732 0.5641 1.0000 1.0000 1.0000 0.0007 0.0023 0.0074 0.0240 0.0782 0.2548 0.8300 1.0000 1.0000 1.0000 0.0010 0.0033 0.0108 0.0353 0.1142 0.3706 1.0000 1.0000 1.0000 1.0000 0.0014 0.0047 0.0152 0.0491 0.1590 0.5149 1.0000 1.0000 1.0000 0.0006 0.0023 0.0053 0.0023 0.0006 1.0000 1.0000 1.0000 0.5149 0.1590 0.0491 0.0152 0.0047 0.0014 1.0000 1.0000 1.0000 1.0000 0.3706 0.1142 0.0353 0.0108 0.0033 0.0010 1.0000 1.0000 1.0000 0.8300 0.2548 0.0782 0.0240 0.0074 0.0023 0.0007 1.0000 1.0000 1.0000 0.5641 0.1732 0.0532 0.0163 0.0050 0.0015 1.0000 1.0000 1.0000 1.0000 0.3835 0.1177 0.0362 0.0110 0.0037 0.0006
0.0019 0.0119 0.0355 0.1173 0.3813 1.0000 1.0000 1.0000 1.0000 0.0015 0.0050 0.0162 0.0529 0.1722 0.5609 1.0000 1.0000 1.0000 0.0007 0.0022 0.0073 0.0239 0.0778 0.2533 0.8252 1.0000 1.0000 1.0000 0.0010 0.0033 0.0108 0.0351 0.1142 0.3720 1.0000 1.0000 1.0000 1.0000 0.0015 0.0047 0.0152 0.0494 0.1599 0.5179 1.0000 1.0000 1.0000 0.0006 0.0020 0.0076 0.0171 0.0076 0.0020 0.0006 1.0000 1.0000 1.0000 0.5179 0.1599 0.0494 0.0152 0.0047 0.0015 1.0000 1.0000 1.0000 1.0000 0.3720 0.1142 0.0351 0.0108 0.0033 0.0010 1.0000 1.0000 1.0000 0.8252 0.2533 0.0778 0.0239 0.0073 0.0022 0.0007 1.0000 1.0000 1.0000 0.5609 0.1722 0.0529 0.0162 0.0050 0.0015 1.0000 1.0000 1.0000 1.0000 0.3813 0.1173 0.0355 0.0119 0.0019
0.0061 0.0386 0.1151 0.3798 1.0000 1.0000 1.0000 1.0000 0.0015 0.0050 0.0161 0.0526 0.1712 0.5577 1.0000 1.0000 1.0000 0.0007 0.0022 0.0073 0.0237 0.0773 0.2519 0.8205 1.0000 1.0000 1.0000 0.0010 0.0033 0.0107 0.0349 0.1137 0.3706 1.0000 1.0000 1.0000 1.0000 0.0015 0.0047 0.0153 0.0496 0.1608 0.5208 1.0000 1.0000 1.0000 0.0006 0.0020 0.0066 0.0246 0.0559 0.0246 0.0066 0.0020 0.0006 1.0000 1.0000 1.0000 0.5208 0.1608 0.0496 0.0153 0.0047 0.0015 1.0000 1.0000 1.0000 1.0000 0.3706 0.1137 0.0349 0.0107 0.0033 0.0010 1.0000 1.0000 1.0000 0.8205 0.2519 0.0773 0.0237 0.0073 0.0022 0.0007 1.0000 1.0000 1.0000 0.5577 0.1712 0.0526 0.0161 0.0050 0.0015 1.0000 1.0000 1.0000 1.0000 0.3798 0.1151 0.0386 0.0061
0.0198 0.1251 0.3727 1.0000 1.0000 1.0000 1.0000 0.0015 0.0049 0.0160 0.0523 0.1702 0.5546 1.0000 1.0000 1.0000 0.0007 0.0022 0.0072 0.0236 0.0769 0.2504 0.8159 1.0000 1.0000 1.0000 0.0010 0.0033 0.0107 0.0347 0.1131 0.3685 1.0000 1.0000 1.0000 1.0000 0.0015 0.0048 0.0154 0.0499 0.1617 0.5238 1.0000 1.0000 1.0000 0.0006 0.0020 0.0066 0.0215 0.0802 0.1816 0.0802 0.0215 0.0066 0.0020 0.0006 1.0000 1.0000 1.0000 0.5238 0.1617 0.0499 0.0154 0.0048 0.0015 1.0000 1.0000 1.0000 1.0000 0.3685 0.1131 0.0347 0.0107 0.0033 0.0010 1.0000 1.0000 1.0000 0.8159 0.2504 0.0769 0.0236 0.0072 0.0022 0.0007 1.0000 1.0000 1.0000 0.5546 0.1702 0.0523 0.0160 0.0049 0.0015 1.0000 1.0000 1.0000 1.0000 0.3727 0.1251 0.0198
0.0640 0.4052 1.0000 1.0000 1.0000 1.0000 0.0015 0.0049 0.0159 0.0520 0.1693 0.5514 1.0000 1.0000 1.0000 0.0007 0.0022 0.0072 0.0235 0.0764 0.2490 0.8112 1.0000 1.0000 1.0000 0.0010 0.0033 0.0106 0.0345 0.1125 0.3664 1.0000 1.0000 1.0000 1.0000 0.0015 0.0048 0.0155 0.0502 0.1626 0.5268 1.0000 1.0000 1.0000 0.0006 0.0020 0.0066 0.0214 0.0699 0.2611 0.5927 0.2611 0.0699 0.0214 0.0066 0.0020 0.0006 1.0000 1.0000 1.0000 0.5268 0.1626 0.0502 0.0155 0.0048 0.0015 1.0000 1.0000 1.0000 1.0000 0.3664 0.1125 0.0345 0.0106 0.0033 0.0010 1.0000 1.0000 1.0000 0.8112 0.2490 0.0764 0.0235 0.0072 0.0022 0.0007 1.0000 1.0000 1.0000 0.5514 0.1693 0.0520 0.0159 0.0049 0.0015 1.0000 1.0000 1.0000 1.0000 0.4052 0.0640
0.2075 1.0000 1.0000 1.0000 1.0000 0.0015 0.0049 0.0159 0.0517 0.1683 0.5483 1.0000 1.0000 1.0000 0.0007 0.0022 0.0072 0.0233 0.0760 0.2476 0.8066 1.0000 1.0000 1.0000 0.0010 0.0032 0.0105 0.0343 0.1118 0.3643 1.0000 1.0000 1.0000 1.0000 0.0015 0.0048 0.0155 0.0504 0.1633 0.5298 1.0000 1.0000 1.0000 0.0006 0.0021 0.0067 0.0216 0.0698 0.2277 0.8507 1.0000 0.8507 0.2277 0.0698 0.0216 0.0067 0.0021 0.0006 1.0000 1.0000 1.0000 0.5298 0.1633 0.0504 0.0155 0.0048 0.0015 1.0000 1.0000 1.0000 1.0000 0.3643 0.1118 0.0343 0.0105 0.0032 0.0010 1.0000 1.0000 1.0000 0.8066 0.2476 0.0760 0.0233 0.0072 0.0022 0.0007 1.0000 1.0000 1.0000 0.5483 0.1683 0.0517 0.0159 0.0049 0.0015 1.0000 1.0000 1.0000 1.0000 0.2075
0.6720 1.0000 1.0000 1.0000 0.0015 0.0048 0.0158 0.0514 0.1673 0.5452 1.0000 1.0000 1.0000 0.0007 0.0022 0.0071 0.0232 0.0756 0.2462 0.8020 1.0000 1.0000 1.0000 0.0010 0.0032 0.0105 0.0341 0.1112 0.3622 1.0000 1.0000 1.0000 1.0000 0.0015 0.0047 0.0154 0.0502 0.1633 0.5318 1.0000 1.0000 1.0000 0.0006 0.0021 0.0067 0.0217 0.0704 0.2273 0.7419 1.0000 1.0000 1.0000 0.7419 0.2273 0.0704 0.0217 0.0067 0.0021 0.0006 1.0000 1.0000 1.0000 0.5318 0.1633 0.0502 0.0154 0.0047 0.0015 1.0000 1.0000 1.0000 1.0000 0.3622 0.1112 0.0341 0.0105 0.0032 0.0010 1.0000 1.0000 1.0000 0.8020 0.2462 0.0756 0.0232 0.0071 0.0022 0.0007 1.0000 1.0000 1.0000 0.5452 0.1673 0.0514 0.0158 0.0048 0.0015 1.0000 1.0000 1.0000 0.6720
1.0000 1.0000 1.0000 0.0015 0.0048 0.0157 0.0511 0.1664 0.5421 1.0000 1.0000 1.0000 0.0007 0.0022 0.0071 0.0231 0.0751 0.2448 0.7975 1.0000 1.0000 1.0000 0.0010 0.0032 0.0104 0.0339 0.1105 0.3601 1.0000 1.0000 1.0000 1.0000 0.0014 0.0047 0.0153 0.0499 0.1626 0.5298 1.0000 1.0000 1.0000 0.0006 0.0021 0.0068 0.0219 0.0708 0.2295 0.7405 1.0000 1.0000 1.0000 1.0000 1.0000 0.7405 0.2295 0.0708 0.0219 0.0068 0.0021 0.0006 1.0000 1.0000 1.0000 0.5298 0.1626 0.0499 0.0153 0.0047 0.0014 1.0000 1.0000 1.0000 1.0000 0.3601 0.1105 0.0339 0.0104 0.0032 0.0010 1.0000 1.0000 1.0000 0.7975 0.2448 0.0751 0.0231 0.0071 0.0022 0.0007 1.0000 1.0000 1.0000 0.5421 0.1664 0.0511 0.0157 0.0048 0.0015 1.0000 1.0000 1.0000
1.0000 1.0000 0.0015 0.0048 0.0156 0.0508 0.1654 0.5390 1.0000 1.0000 1.0000 0.0007 0.0022 0.0070 0.0229 0.0747 0.2434 0.7929 1.0000 1.0000 1.0000 0.0010 0.0032 0.0104 0.0337 0.1099 0.3581 1.0000 1.0000 1.0000 1.0000 0.0014 0.0047 0.0152 0.0496 0.1617 0.5268 1.0000 1.0000 1.0000 0.0006 0.0021 0.0068 0.0220 0.0712 0.2308 0.7475 1.0000 1.0000 1.0000 1.0000 1.0000 1.0000 1.0000 0.7475 0.2308 0.0712 0.0220 0.0068 0.0021 0.0006 1.0000 1.0000 1.0000 0.5268 0.1617 0.0496 0.0152 0.0047 0.0014 1.0000 1.0000 1.0000 1.0000 0.3581 0.1099 0.0337 0.0104 0.0032 0.0010 1.0000 1.0000 1.0000 0.7929 0.2434 0.0747 0.0229 0.0070 0.0022 0.0007 1.0000 1.0000 1.0000 0.5390 0.1654 0.0508 0.0156 0.0048 0.0015 1.0000 1.0000
1.0000 0.0016 0.0047 0.0155 0.0505 0.1645 0.5359 1.0000 1.0000 1.0000 0.0007 0.0021 0.0070 0.0228 0.0743 0.2420 0.7884 1.0000 1.0000 1.0000 0.0010 0.0032 0.0103 0.0335 0.1093 0.3561 1.0000 1.0000 1.0000 1.0000 0.0014 0.0047 0.0152 0.0494 0.1608 0.5238 1.0000 1.0000 1.0000 0.0006 0.0021 0.0068 0.0221 0.0717 0.2321 0.7518 1.0000 1.0000 1.0000 0.0010 0.0024 0.0010 1.0000 1.0000 1.0000 0.7518 0.2321 0.0717 0.0221 0.0068 0.0021 0.0006 1.0000 1.0000 1.0000 0.5238 0.1608 0.0494 0.0152 0.0047 0.0014 1.0000 1.0000 1.0000 1.0000 0.3561 0.1093 0.0335 0.0103 0.0032 0.0010 1.0000 1.0000 1.0000 0.7884 0.2420 0.0743 0.0228 0.0070 0.0021 0.0007 1.0000 1.0000 1.0000 0.5359 0.1645 0.0505 0.0155 0.0047 0.0016 1.0000
0.0008 0.0051 0.0152 0.0503 0.1636 0.5329 1.0000 1.0000 1.0000 0.0007 0.0021 0.0070 0.0227 0.0739 0.2406 0.7839 1.0000 1.0000 1.0000 0.0010 0.0031 0.0102 0.0334 0.1087 0.3540 1.0000 1.0000 1.0000 1.0000 0.0014 0.0046 0.0151 0.0491 0.1599 0.5208 1.0000 1.0000 1.0000 0.0006 0.0021 0.0068 0.0221 0.0719 0.2330 0.7561 1.0000 1.0000 1.0000 0.0009 0.0034 0.0077 0.0034 0.0009 1.0000 1.0000 1.0000 0.7561 0.2330 0.0719 0.0221 0.0068 0.0021 0.0006 1.0000 1.0000 1.0000 0.5208 0.1599 0.0491 0.0151 0.0046 0.0014 1.0000 1.0000 1.0000 1.0000 0.3540 0.1087 0.0334 0.0102 0.0031 0.0010 1.0000 1.0000 1.0000 0.7839 0.2406 0.0739 0.0227 0.0070 0.0021 0.0007 1.0000 1.0000 1.0000 0.5329 0.1636 0.0503 0.0152 0.0051 0.0008
0.0026 0.0166 0.0494 0.1629 0.5298 1.0000 1.0000 1.0000 0.0007 0.0021 0.0069 0.0225 0.0734 0.2393 0.7795 1.0000 1.0000 1.0000 0.0010 0.0031 0.0102 0.0332 0.1081 0.3520 1.0000 1.0000 1.0000 1.0000 0.0014 0.0046 0.0150 0.0488 0.1590 0.5179 1.0000 1.0000 1.0000 0.0006 0.0021 0.0068 0.0220 0.0717 0.2330 0.7590 1.0000 1.0000 1.0000 0.0009 0.0030 0.0111 0.0252 0.0111 0.0030 0.0009 1.0000 1.0000 1.0000 0.7590 0.2330 0.0717 0.0220 0.0068 0.0021 0.0006 1.0000 1.0000 1.0000 0.5179 0.1590 0.0488 0.0150 0.0046 0.0014 1.0000 1.0000 1.0000 1.0000 0.3520 0.1081 0.0332 0.0102 0.0031 0.0010 1.0000 1.0000 1.0000 0.7795 0.2393 0.0734 0.0225 0.0069 0.0021 0.0007 1.0000 1.0000 1.0000 0.5298 0.1629 0.0494 0.0166 0.0026
0.0085 0.0537 0.1599 0.5278 1.0000 1.0000 1.0000 0.0006 0.0021 0.0069 0.0224 0.0730 0.2379 0.7750 1.0000 1.0000 1.0000 0.0010 0.0031 0.0101 0.0330 0.1074 0.3500 1.0000 1.0000 1.0000 1.0000 0.0014 0.0046 0.0149 0.0485 0.1581 0.5149 1.0000 1.0000 1.0000 0.0006 0.0021 0.0067 0.0219 0.0712 0.2321 0.7561 1.0000 1.0000 1.0000 0.0009 0.0030 0.0097 0.0362 0.0822 0.0362 0.0097 0.0030 0.0009 1.0000 1.0000 1.0000 0.7561 0.2321 0.0712 0.0219 0.0067 0.0021 0.0006 1.0000 1.0000 1.0000 0.5149 0.1581 0.0485 0.0149 0.0046 0.0014 1.0000 1.0000 1.0000 1.0000 0.3500 0.1074 0.0330 0.0101 0.0031 0.0010 1.0000 1.0000 1.0000 0.7750 0.2379 0.0730 0.0224 0.0069 0.0021 0.0006 1.0000 1.0000 1.0000 0.5278 0.1599 0.0537 0.0085
0.0275 0.1738 0.5179 1.0000 1.0000 1.0000 0.0006 0.0021 0.0068 0.0223 0.0726 0.2366 0.7706 1.0000 1.0000 1.0000 0.0009 0.0031 0.0101 0.0328 0.1068 0.3480 1.0000 1.0000 1.0000 1.0000 0.0014 0.0045 0.0148 0.0482 0.1572 0.5120 1.0000 1.0000 1.0000 0.0006 0.0020 0.0067 0.0217 0.0708 0.2308 0.7518 1.0000 1.0000 1.0000 0.0009 0.0030 0.0097 0.0316 0.1179 0.2672 0.1179 0.0316 0.0097 0.0030 0.0009 1.0000 1.0000 1.0000 0.7518 0.2308 0.0708 0.0217 0.0067 0.0020 0.0006 1.0000 1.0000 1.0000 0.5120 0.1572 0.0482 0.0148 0.0045 0.0014 1.0000 1.0000 1.0000 1.0000 0.3480 0.1068 0.0328 0.0101 0.0031 0.0009 1.0000 1.0000 1.0000 0.7706 0.2366 0.0726 0.0223 0.0068 0.0021 0.0006 1.0000 1.0000 1.0000 0.5179 0.1738 0.0275
0.0890 0.5631 1.0000 1.0000 1.0000 0.0006 0.0021 0.0068 0.0222 0.0722 0.2352 0.7662 1.0000 1.0000 1.0000 0.0009 0.0031 0.0100 0.0326 0.1062 0.3460 1.0000 1.0000 1.0000 1.0000 0.0014 0.0045 0.0147 0.0480 0.1563 0.5091 1.0000 1.0000 1.0000 0.0006 0.0020 0.0066 0.0216 0.0704 0.2295 0.7475 1.0000 1.0000 1.0000 0.0009 0.0030 0.0097 0.0314 0.1028 0.3849 0.8720 0.3849 0.1028 0.0314 0.0097 0.0030 0.0009 1.0000 1.0000 1.0000 0.7475 0.2295 0.0704 0.0216 0.0066 0.0020 0.0006 1.0000 1.0000 1.0000 0.5091 0.1563 0.0480 0.0147 0.0045 0.0014 1.0000 1.0000 1.0000 1.0000 0.3460 0.1062 0.0326 0.0100 0.0031 0.0009 1.0000 1.0000 1.0000 0.7662 0.2352 0.0722 0.0222 0.0068 0.0021 0.0006 1.0000 1.0000 1.0000 0.5631 0.0890
0.2883 1.0000 1.0000 1.0000 0.0006 0.0021 0.0068 0.0220 0.0718 0.2339 0.7619 1.0000 1.0000 1.0000 0.0009 0.0031 0.0100 0.0324 0.1056 0.3441 1.0000 1.0000 1.0000 1.0000 0.0014 0.0045 0.0146 0.0477 0.1554 0.5062 1.0000 1.0000 1.0000 0.0006 0.0020 0.0066 0.0215 0.0700 0.2282 0.7433 1.0000 1.0000 1.0000 0.0009 0.0030 0.0097 0.0316 0.1025 0.3350 1.0000 1.0000 1.0000 0.3331 0.1021 0.0314 0.0097 0.0030 0.0009 1.0000 1.0000 1.0000 0.7405 0.2273 0.0698 0.0214 0.0066 0.0020 0.0006 1.0000 1.0000 1.0000 0.5043 0.1545 0.0475 0.0146 0.0045 0.0014 1.0000 1.0000 1.0000 1.0000 0.3428 0.1052 0.0323 0.0099 0.0030 0.0009 1.0000 1.0000 1.0000 0.7590 0.2330 0.0715 0.0220 0.0067 0.0021 0.0006 1.0000 1.0000 1.0000 0.2872
0.9356 1.0000 1.0000 0.0006 0.0021 0.0067 0.0219 0.0714 0.2325 0.7576 1.0000 1.0000 1.0000 0.0009 0.0030 0.0099 0.0322 0.1050 0.3421 1.0000 1.0000 1.0000 1.0000 0.0014 0.0045 0.0146 0.0474 0.1545 0.5033 1.0000 1.0000 1.0000 0.0006 0.0020 0.0066 0.0214 0.0696 0.2269 0.7391 1.0000 1.0000 1.0000 0.0009 0.0030 0.0097 0.0314 0.1025 0.3319 1.0000 1.0000 1.0000 1.0000 1.0000 0.3331 0.1028 0.0316 0.0097 0.0030 0.0009 1.0000 1.0000 1.0000 0.7419 0.2277 0.0699 0.0215 0.0066 0.0020 0.0006 1.0000 1.0000 1.0000 0.5052 0.1551 0.0476 0.0146 0.0045 0.0014 1.0000 1.0000 1.0000 1.0000 0.3434 0.1054 0.0324 0.0099 0.0030 0.0009 1.0000 1.0000 1.0000 0.7604 0.2334 0.0717 0.0220 0.0068 0.0021 0.0006 1.0000 1.0000 0.9463
1.0000 1.0000 0.0006 0.0021 0.0067 0.0218 0.0710 0.2312 0.7532 1.0000 1.0000 1.0000 0.0009 0.0030 0.0098 0.0321 0.1044 0.3402 1.0000 1.0000 1.0000 1.0000 0.0014 0.0044 0.0145 0.0472 0.1536 0.5004 1.0000 1.0000 1.0000 1.0000 0.0020 0.0065 0.0213 0.0692 0.2256 0.7348 1.0000 1.0000 1.0000 0.0009 0.0029 0.0096 0.0313 0.1019 0.3319 1.0000 1.0000 1.0000 1.0000 1.0000 1.0000 1.0000 0.3842 0.1179 0.0362 0.0111 0.0034 0.0010 1.0000 1.0000 1.0000 0.8507 0.2611 0.0802 0.0246 0.0076 0.0023 0.0007 1.0000 1.0000 1.0000 0.5794 0.1778 0.0546 0.0168 0.0051 0.0016 1.0000 1.0000 1.0000 1.0000 0.3938 0.1209 0.0371 0.0114 0.0035 0.0011 1.0000 1.0000 1.0000 0.8720 0.2677 0.0822 0.0252 0.0077 0.0024 0.0007 1.0000 1.0000
1.0000 0.0007 0.0020 0.0067 0.0217 0.0706 0.2299 0.7490 1.0000 1.0000 1.0000 0.0009 0.0030 0.0098 0.0319 0.1038 0.3382 1.0000 1.0000 1.0000 1.0000 0.0014 0.0044 0.0144 0.0469 0.1527 0.4976 1.0000 1.0000 1.0000 1.0000 0.0020 0.0065 0.0211 0.0688 0.2243 0.7307 1.0000 1.0000 1.0000 0.0009 0.0029 0.0095 0.0311 0.1013 0.3300 1.0000 1.0000 1.0000 1.0000 0.0010 1.0000 1.0000 1.0000 0.8704 0.2672 0.0822 0.0252 0.0077 0.0024 1.0000 1.0000 1.0000 1.0000 0.5927 0.1816 0.0559 0.0171 0.0053 0.0016 1.0000 1.0000 1.0000 1.0000 0.4037 0.1237 0.0380 0.0117 0.0036 0.0011 1.0000 1.0000 1.0000 0.8922 0.2744 0.0841 0.0259 0.0079 0.0024 1.0000 1.0000 1.0000 1.0000 0.6064 0.1865 0.0571 0.0176 0.0054 0.0016 1.0000 1.0000
0.0003 0.0022 0.0065 0.0216 0.0702 0.2286 0.7447 1.0000 1.0000 1.0000 0.0009 0.0030 0.0097 0.0317 0.1032 0.3363 1.0000 1.0000 1.0000 1.0000 0.0013 0.0044 0.0143 0.0466 0.1519 0.4948 1.0000 1.0000 1.0000 1.0000 0.0020 0.0065 0.0210 0.0685 0.2230 0.7265 1.0000 1.0000 1.0000 0.0009 0.0029 0.0095 0.0309 0.1007 0.3281 1.0000 1.0000 1.0000 1.0000 0.0017 0.0006 1.0000 1.0000 1.0000 0.3849 0.1179 0.0362 0.0111 0.0034 0.0010 1.0000 1.0000 1.0000 0.8507 0.2611 0.0802 0.0246 0.0076 0.0023 0.0007 1.0000 1.0000 1.0000 0.5794 0.1778 0.0546 0.0168 0.0051 0.0016 1.0000 1.0000 1.0000 1.0000 0.3938 0.1209 0.0371 0.0114 0.0035 0.0011 1.0000 1.0000 1.0000 0.8720 0.2677 0.0822 0.0252 0.0077 0.0024 0.0007 1.0000 1.0000
0.0011 0.0071 0.0211 0.0695 0.2260 0.7362 1.0000 1.0000 1.0000 0.0009 0.0030 0.0096 0.0313 0.1021 0.3325 1.0000 1.0000 1.0000 1.0000 0.0013 0.0043 0.0141 0.0461 0.1502 0.4892 1.0000 1.0000 1.0000 1.0000 0.0020 0.0064 0.0208 0.0677 0.2205 0.7183 1.0000 1.0000 1.0000 0.0009 0.0029 0.0094 0.0306 0.0996 0.3244 1.0000 1.0000 1.0000 1.0000 0.0013 0.0045 0.0065 0.2312 1.0000 0.3748 0.1021 0.0315 0.0097 0.0030 0.0009 1.0000 1.0000 1.0000 0.7419 0.2277 0.0699 0.0215 0.0066 0.0020 0.0006 1.0000 1.0000 1.0000 0.5052 0.1551 0.0476 0.0146 0.0045 0.0014 1.0000 1.0000 1.0000 1.0000 0.3434 0.1054 0.0324 0.0099 0.0030 0.0009 1.0000 1.0000 1.0000 0.7604 0.2334 0.0717 0.0220 0.0068 0.0021 0.0006 1.0000 1.0000 0.9463
0.0037 0.0232 0.0692 0.2277 0.7405 1.0000 1.0000 1.0000 0.0009 0.0030 0.0097 0.0316 0.1028 0.3350 1.0000 1.0000 1.0000 1.0000 0.0013 0.0044 0.0143 0.0464 0.1513 0.4929 1.0000 1.0000 1.0000 1.0000 0.0020 0.0064 0.0210 0.0683 0.2226 0.7251 1.0000 1.0000 1.0000 0.0009 0.0029 0.0095 0.0309 0.1005 0.3275 1.0000 1.0000 1.0000 1.0000 0.0013 0.0044 0.0139 0.0269 0.4315 0.4809 0.1023 0.0311 0.0097 0.0030 0.0009 1.0000 1.0000 1.0000 0.7405 0.2273 0.0698 0.0214 0.0066 0.0020 0.0006 1.0000 1.0000 1.0000 0.5043 0.1545 0.0475 0.0146 0.0045 0.0014 1.0000 1.0000 1.0000 1.0000 0.3428 0.1052 0.0323 0.0099 0.0030 0.0009 1.0000 1.0000 1.0000 0.7590 0.2330 0.0715 0.0220 0.0067 0.0021 0.0006 1.0000 1.0000 1.0000 0.2872
0.0142 0.0897 0.2662 0.8787 1.0000 1.0000 1.0000 0.0011 0.0035 0.0115 0.0373 0.1216 0.3961 1.0000 1.0000 1.0000 1.0000 0.0016 0.0052 0.0169 0.0549 0.1789 0.5827 1.0000 1.0000 1.0000 1.0000 0.0023 0.0076 0.0248 0.0808 0.2631 0.8572 1.0000 1.0000 1.0000 0.0011 0.0034 0.0112 0.0365 0.1188 0.3871 1.0000 1.0000 1.0000 1.0000 0.0016 0.0051 0.0166 0.0535 0.1993 0.4298 0.1142 0.0308 0.0097 0.0030 0.0009 1.0000 1.0000 1.0000 0.7475 0.2295 0.0704 0.0216 0.0066 0.0020 0.0006 1.0000 1.0000 1.0000 0.5091 0.1563 0.0480 0.0147 0.0045 0.0014 1.0000 1.0000 1.0000 1.0000 0.3460 0.1062 0.0326 0.0100 0.0031 0.0009 1.0000 1.0000 1.0000 0.7662 0.2352 0.0722 0.0222 0.0068 0.0021 0.0006 1.0000 1.0000 1.0000 0.5631 0.0890
0.0278 0.1683 0.4985 1.0000 1.0000 1.0000 1.0000 0.0020 0.0065 0.0213 0.0694 0.2260 0.7362 1.0000 1.0000 1.0000 0.0009 0.0030 0.0096 0.0313 0.1021 0.3325 1.0000 1.0000 1.0000 1.0000 0.0013 0.0043 0.0141 0.0461 0.1502 0.4892 1.0000 1.0000 1.0000 1.0000 0.0020 0.0064 0.0208 0.0678 0.2209 0.7196 1.0000 1.0000 1.0000 0.0009 0.0029 0.0093 0.0304 0.1066 0.2877 0.1342 0.0310 0.0096 0.0030 0.0009 1.0000 1.0000 1.0000 0.7518 0.2308 0.0708 0.0217 0.0067 0.0020 0.0006 1.0000 1.0000 1.0000 0.5120 0.1572 0.0482 0.0148 0.0045 0.0014 1.0000 1.0000 1.0000 1.0000 0.3480 0.1068 0.0328 0.0101 0.0031 0.0009 1.0000 1.0000 1.0000 0.7706 0.2366 0.0726 0.0223 0.0068 0.0021 0.0006 1.0000 1.0000 1.0000 0.5179 0.1738 0.0275
