0.0103 0.0683 0.2024 0.6631 1.0000 1.0000 1.0000 0.0008 0.0026 0.0084 0.0271 0.0877 0.2839 0.9197 1.0000 1.0000 1.0000 0.0011 0.0036 0.0116 0.0376 0.1218 0.3946 1.0000 1.0000 1.0000 0.0005 0.0015 0.0050 0.0161 0.0522 0.1689 0.5472 1.0000 1.0000 1.0000 0.0007 0.0021 0.0069 0.0224 0.0725 0.2348 0.7604 1.0000 1.0000 1.0000 0.0009 0.0030 0.0097 0.0362 0.0872 0.0362 0.0097 0.0030 0.0009 1.0000 1.0000 1.0000 0.7604 0.2348 0.0725 0.0224 0.0069 0.0021 0.0007 1.0000 1.0000 1.0000 0.5472 0.1689 0.0522 0.0161 0.0050 0.0015 0.0005 1.0000 1.0000 1.0000 0.3946 0.1218 0.0376 0.0116 0.0036 0.0011 1.0000 1.0000 1.0000 0.9197 0.2839 0.0877 0.0271 0.0084 0.0026 0.0008 1.0000 1.0000 1.0000 0.6631 0.2024 0.0683 0.0103
0.0683 0.4364 1.0000 1.0000 1.0000 1.0000 0.0016 0.0050 0.0163 0.0529 0.1712 0.5546 1.0000 1.0000 1.0000 0.0007 0.0022 0.0070 0.0226 0.0734 0.2375 0.7706 1.0000 1.0000 1.0000 0.0009 0.0030 0.0097 0.0314 0.1019 0.3300 1.0000 1.0000 1.0000 1.0000 0.0013 0.0042 0.0135 0.0437 0.1416 0.4585 1.0000 1.0000 1.0000 1.0000 0.0018 0.0058 0.0186 0.0610 0.2290 0.5218 0.2290 0.0610 0.0186 0.0058 0.0018 1.0000 1.0000 1.0000 1.0000 0.4585 0.1416 0.0437 0.0135 0.0042 0.0013 1.0000 1.0000 1.0000 1.0000 0.3300 0.1019 0.0314 0.0097 0.0030 0.0009 1.0000 1.0000 1.0000 0.7706 0.2375 0.0734 0.0226 0.0070 0.0022 0.0007 1.0000 1.0000 1.0000 0.5546 0.1712 0.0529 0.0163 0.0050 0.0016 1.0000 1.0000 1.0000 1.0000 0.4364 0.0683
0.2024 1.0000 1.0000 1.0000 1.0000 0.0014 0.0046 0.0150 0.0486 0.1575 0.5101 1.0000 1.0000 1.0000 0.0006 0.0020 0.0064 0.0209 0.0676 0.2188 0.7088 1.0000 1.0000 1.0000 0.0009 0.0028 0.0089 0.0289 0.0937 0.3035 0.9830 1.0000 1.0000 1.0000 0.0012 0.0038 0.0124 0.0402 0.1302 0.4217 1.0000 1.0000 1.0000 1.0000 0.0016 0.0053 0.0172 0.0556 0.1820 0.6797 1.0000 0.6797 0.1820 0.0556 0.0172 0.0053 0.0016 1.0000 1.0000 1.0000 1.0000 0.4217 0.1302 0.0402 0.0124 0.0038 0.0012 1.0000 1.0000 1.0000 0.9830 0.3035 0.0937 0.0289 0.0089 0.0028 0.0009 1.0000 1.0000 1.0000 0.7088 0.2188 0.0676 0.0209 0.0064 0.0020 0.0006 1.0000 1.0000 1.0000 0.5101 0.1575 0.0486 0.0150 0.0046 0.0014 1.0000 1.0000 1.0000 1.0000 0.2024
0.6631 1.0000 1.0000 1.0000 0.0015 0.0047 0.0153 0.0495 0.1605 0.5198 1.0000 1.0000 1.0000 0.0006 0.0020 0.0066 0.0213 0.0688 0.2230 0.7224 1.0000 1.0000 1.0000 0.0009 0.0028 0.0091 0.0295 0.0955 0.3093 1.0000 1.0000 1.0000 1.0000 0.0012 0.0039 0.0126 0.0410 0.1327 0.4298 1.0000 1.0000 1.0000 1.0000 0.0017 0.0054 0.0176 0.0569 0.1833 0.5995 1.0000 1.0000 1.0000 0.5995 0.1833 0.0569 0.0176 0.0054 0.0017 1.0000 1.0000 1.0000 1.0000 0.4298 0.1327 0.0410 0.0126 0.0039 0.0012 1.0000 1.0000 1.0000 1.0000 0.3093 0.0955 0.0295 0.0091 0.0028 0.0009 1.0000 1.0000 1.0000 0.7224 0.2230 0.0688 0.0213 0.0066 0.0020 0.0006 1.0000 1.0000 1.0000 0.5198 0.1605 0.0495 0.0153 0.0047 0.0015 1.0000 1.0000 1.0000 0.6631
1.0000 1.0000 1.0000 0.0015 0.0047 0.0153 0.0497 0.1611 0.5218 1.0000 1.0000 1.0000 0.0006 0.0020 0.0066 0.0213 0.0691 0.2239 0.7251 1.0000 1.0000 1.0000 0.0009 0.0028 0.0091 0.0296 0.0959 0.3105 1.0000 1.0000 1.0000 1.0000 0.0012 0.0039 0.0127 0.0411 0.1332 0.4315 1.0000 1.0000 1.0000 1.0000 0.0017 0.0054 0.0176 0.0571 0.1851 0.5973 1.0000 1.0000 1.0000 1.0000 1.0000 0.5973 0.1851 0.0571 0.0176 0.0054 0.0017 1.0000 1.0000 1.0000 1.0000 0.4315 0.1332 0.0411 0.0127 0.0039 0.0012 1.0000 1.0000 1.0000 1.0000 0.3105 0.0959 0.0296 0.0091 0.0028 0.0009 1.0000 1.0000 1.0000 0.7251 0.2239 0.0691 0.0213 0.0066 0.0020 0.0006 1.0000 1.0000 1.0000 0.5218 0.1611 0.0497 0.0153 0.0047 0.0015 1.0000 1.0000 1.0000
1.0000 1.0000 0.0014 0.0047 0.0153 0.0499 0.1617 0.5248 1.0000 1.0000 1.0000 0.0006 0.0020 0.0066 0.0215 0.0695 0.2251 0.7293 1.0000 1.0000 1.0000 0.0009 0.0028 0.0092 0.0298 0.0964 0.3123 1.0000 1.0000 1.0000 1.0000 0.0012 0.0039 0.0128 0.0414 0.1340 0.4339 1.0000 1.0000 1.0000 1.0000 0.0017 0.0055 0.0177 0.0575 0.1862 0.6030 1.0000 1.0000 1.0000 1.0000 1.0000 1.0000 1.0000 0.6030 0.1862 0.0575 0.0177 0.0055 0.0017 1.0000 1.0000 1.0000 1.0000 0.4339 0.1340 0.0414 0.0128 0.0039 0.0012 1.0000 1.0000 1.0000 1.0000 0.3123 0.0964 0.0298 0.0092 0.0028 0.0009 1.0000 1.0000 1.0000 0.7293 0.2251 0.0695 0.0215 0.0066 0.0020 0.0006 1.0000 1.0000 1.0000 0.5248 0.1617 0.0499 0.0153 0.0047 0.0014 1.0000 1.0000
1.0000 0.0016 0.0046 0.0153 0.0497 0.1617 0.5268 1.0000 1.0000 1.0000 0.0006 0.0021 0.0067 0.0216 0.0699 0.2264 0.7335 1.0000 1.0000 1.0000 0.0009 0.0029 0.0092 0.0299 0.0970 0.3141 1.0000 1.0000 1.0000 1.0000 0.0012 0.0040 0.0128 0.0416 0.1347 0.4364 1.0000 1.0000 1.0000 1.0000 0.0017 0.0055 0.0178 0.0578 0.1872 0.6064 1.0000 1.0000 1.0000 0.0008 0.0019 0.0008 1.0000 1.0000 1.0000 0.6064 0.1872 0.0578 0.0178 0.0055 0.0017 1.0000 1.0000 1.0000 1.0000 0.4364 0.1347 0.0416 0.0128 0.0040 0.0012 1.0000 1.0000 1.0000 1.0000 0.3141 0.0970 0.0299 0.0092 0.0029 0.0009 1.0000 1.0000 1.0000 0.7335 0.2264 0.0699 0.0216 0.0067 0.0021 0.0006 1.0000 1.0000 1.0000 0.5268 0.1617 0.0497 0.0153 0.0046 0.0016 1.0000
0.0008 0.0050 0.0150 0.0495 0.1611 0.5248 1.0000 1.0000 1.0000 0.0006 0.0021 0.0067 0.0217 0.0703 0.2277 0.7376 1.0000 1.0000 1.0000 0.0009 0.0029 0.0093 0.0301 0.0975 0.3158 1.0000 1.0000 1.0000 1.0000 0.0012 0.0040 0.0129 0.0418 0.1355 0.4389 1.0000 1.0000 1.0000 1.0000 0.0017 0.0055 0.0179 0.0581 0.1883 0.6099 1.0000 1.0000 1.0000 0.0007 0.0028 0.0062 0.0028 0.0007 1.0000 1.0000 1.0000 0.6099 0.1883 0.0581 0.0179 0.0055 0.0017 1.0000 1.0000 1.0000 1.0000 0.4389 0.1355 0.0418 0.0129 0.0040 0.0012 1.0000 1.0000 1.0000 1.0000 0.3158 0.0975 0.0301 0.0093 0.0029 0.0009 1.0000 1.0000 1.0000 0.7376 0.2277 0.0703 0.0217 0.0067 0.0021 0.0006 1.0000 1.0000 1.0000 0.5248 0.1611 0.0495 0.0150 0.0050 0.0008
0.0026 0.0163 0.0486 0.1605 0.5218 1.0000 1.0000 1.0000 0.0006 0.0021 0.0067 0.0218 0.0707 0.2290 0.7419 1.0000 1.0000 1.0000 0.0009 0.0029 0.0093 0.0303 0.0981 0.3177 1.0000 1.0000 1.0000 1.0000 0.0012 0.0040 0.0130 0.0421 0.1363 0.4414 1.0000 1.0000 1.0000 1.0000 0.0017 0.0056 0.0180 0.0585 0.1894 0.6134 1.0000 1.0000 1.0000 0.0007 0.0024 0.0090 0.0203 0.0090 0.0024 0.0007 1.0000 1.0000 1.0000 0.6134 0.1894 0.0585 0.0180 0.0056 0.0017 1.0000 1.0000 1.0000 1.0000 0.4414 0.1363 0.0421 0.0130 0.0040 0.0012 1.0000 1.0000 1.0000 1.0000 0.3177 0.0981 0.0303 0.0093 0.0029 0.0009 1.0000 1.0000 1.0000 0.7419 0.2290 0.0707 0.0218 0.0067 0.0021 0.0006 1.0000 1.0000 1.0000 0.5218 0.1605 0.0486 0.0163 0.0026
0.0084 0.0529 0.1575 0.5198 1.0000 1.0000 1.0000 0.0006 0.0021 0.0068 0.0219 0.0711 0.2303 0.7461 1.0000 1.0000 1.0000 0.0009 0.0029 0.0094 0.0304 0.0986 0.3195 1.0000 1.0000 1.0000 1.0000 0.0012 0.0040 0.0131 0.0423 0.1371 0.4439 1.0000 1.0000 1.0000 1.0000 0.0017 0.0056 0.0182 0.0588 0.1904 0.6169 1.0000 1.0000 1.0000 0.0007 0.0024 0.0078 0.0292 0.0662 0.0292 0.0078 0.0024 0.0007 1.0000 1.0000 1.0000 0.6169 0.1904 0.0588 0.0182 0.0056 0.0017 1.0000 1.0000 1.0000 1.0000 0.4439 0.1371 0.0423 0.0131 0.0040 0.0012 1.0000 1.0000 1.0000 1.0000 0.3195 0.0986 0.0304 0.0094 0.0029 0.0009 1.0000 1.0000 1.0000 0.7461 0.2303 0.0711 0.0219 0.0068 0.0021 0.0006 1.0000 1.0000 1.0000 0.5198 0.1575 0.0529 0.0084
0.0271 0.1712 0.5101 1.0000 1.0000 1.0000 0.0006 0.0021 0.0067 0.0219 0.0714 0.2312 0.7504 1.0000 1.0000 1.0000 0.0009 0.0029 0.0095 0.0306 0.0992 0.3213 1.0000 1.0000 1.0000 1.0000 0.0013 0.0041 0.0131 0.0426 0.1378 0.4465 1.0000 1.0000 1.0000 1.0000 0.0017 0.0056 0.0183 0.0591 0.1915 0.6204 1.0000 1.0000 1.0000 0.0007 0.0024 0.0078 0.0255 0.0951 0.2159 0.0951 0.0255 0.0078 0.0024 0.0007 1.0000 1.0000 1.0000 0.6204 0.1915 0.0591 0.0183 0.0056 0.0017 1.0000 1.0000 1.0000 1.0000 0.4465 0.1378 0.0426 0.0131 0.0041 0.0013 1.0000 1.0000 1.0000 1.0000 0.3213 0.0992 0.0306 0.0095 0.0029 0.0009 1.0000 1.0000 1.0000 0.7504 0.2312 0.0714 0.0219 0.0067 0.0021 0.0006 1.0000 1.0000 1.0000 0.5101 0.1712 0.0271
0.0877 0.5546 1.0000 1.0000 1.0000 0.0006 0.0021 0.0067 0.0218 0.0711 0.2312 0.7532 1.0000 1.0000 1.0000 0.0009 0.0029 0.0095 0.0308 0.0998 0.3231 1.0000 1.0000 1.0000 1.0000 0.0013 0.0041 0.0132 0.0428 0.1386 0.4490 1.0000 1.0000 1.0000 1.0000 0.0017 0.0057 0.0184 0.0595 0.1926 0.6240 1.0000 1.0000 1.0000 0.0008 0.0024 0.0079 0.0254 0.0830 0.3099 0.7021 0.3099 0.0830 0.0254 0.0079 0.0024 0.0008 1.0000 1.0000 1.0000 0.6240 0.1926 0.0595 0.0184 0.0057 0.0017 1.0000 1.0000 1.0000 1.0000 0.4490 0.1386 0.0428 0.0132 0.0041 0.0013 1.0000 1.0000 1.0000 1.0000 0.3231 0.0998 0.0308 0.0095 0.0029 0.0009 1.0000 1.0000 1.0000 0.7532 0.2312 0.0711 0.0218 0.0067 0.0021 0.0006 1.0000 1.0000 1.0000 0.5546 0.0877
0.2839 1.0000 1.0000 1.0000 0.0006 0.0020 0.0067 0.0217 0.0707 0.2303 0.7504 1.0000 1.0000 1.0000 0.0009 0.0030 0.0096 0.0310 0.1003 0.3250 1.0000 1.0000 1.0000 1.0000 0.0013 0.0041 0.0133 0.0430 0.1394 0.4516 1.0000 1.0000 1.0000 1.0000 0.0018 0.0057 0.0185 0.0598 0.1937 0.6275 1.0000 1.0000 1.0000 0.0008 0.0024 0.0079 0.0257 0.0828 0.2702 1.0000 1.0000 1.0000 0.2702 0.0828 0.0257 0.0079 0.0024 0.0008 1.0000 1.0000 1.0000 0.6275 0.1937 0.0598 0.0185 0.0057 0.0018 1.0000 1.0000 1.0000 1.0000 0.4516 0.1394 0.0430 0.0133 0.0041 0.0013 1.0000 1.0000 1.0000 1.0000 0.3250 0.1003 0.0310 0.0096 0.0030 0.0009 1.0000 1.0000 1.0000 0.7504 0.2303 0.0707 0.0217 0.0067 0.0020 0.0006 1.0000 1.0000 1.0000 0.2839
0.9197 1.0000 1.0000 0.0006 0.0020 0.0066 0.0216 0.0703 0.2290 0.7461 1.0000 1.0000 1.0000 0.0009 0.0030 0.0096 0.0312 0.1009 0.3268 1.0000 1.0000 1.0000 1.0000 0.0013 0.0041 0.0134 0.0433 0.1402 0.4542 1.0000 1.0000 1.0000 1.0000 0.0018 0.0057 0.0186 0.0602 0.1948 0.6311 1.0000 1.0000 1.0000 0.0008 0.0025 0.0080 0.0258 0.0836 0.2697 0.8804 1.0000 1.0000 1.0000 0.8804 0.2697 0.0836 0.0258 0.0080 0.0025 0.0008 1.0000 1.0000 1.0000 0.6311 0.1948 0.0602 0.0186 0.0057 0.0018 1.0000 1.0000 1.0000 1.0000 0.4542 0.1402 0.0433 0.0134 0.0041 0.0013 1.0000 1.0000 1.0000 1.0000 0.3268 0.1009 0.0312 0.0096 0.0030 0.0009 1.0000 1.0000 1.0000 0.7461 0.2290 0.0703 0.0216 0.0066 0.0020 0.0006 1.0000 1.0000 0.9197
1.0000 1.0000 0.0006 0.0020 0.0066 0.0215 0.0699 0.2277 0.7419 1.0000 1.0000 1.0000 0.0009 0.0030 0.0097 0.0313 0.1015 0.3287 1.0000 1.0000 1.0000 1.0000 0.0013 0.0041 0.0134 0.0435 0.1410 0.4568 1.0000 1.0000 1.0000 1.0000 0.0018 0.0058 0.0187 0.0605 0.1960 0.6347 1.0000 1.0000 1.0000 0.0008 0.0025 0.0080 0.0260 0.0841 0.2723 0.8787 1.0000 1.0000 1.0000 1.0000 1.0000 0.8787 0.2723 0.0841 0.0260 0.0080 0.0025 0.0008 1.0000 1.0000 1.0000 0.6347 0.1960 0.0605 0.0187 0.0058 0.0018 1.0000 1.0000 1.0000 1.0000 0.4568 0.1410 0.0435 0.0134 0.0041 0.0013 1.0000 1.0000 1.0000 1.0000 0.3287 0.1015 0.0313 0.0097 0.0030 0.0009 1.0000 1.0000 1.0000 0.7419 0.2277 0.0699 0.0215 0.0066 0.0020 0.0006 1.0000 1.0000
1.0000 0.0007 0.0020 0.0066 0.0213 0.0695 0.2264 0.7376 1.0000 1.0000 1.0000 0.0009 0.0030 0.0096 0.0313 0.1019 0.3300 1.0000 1.0000 1.0000 1.0000 0.0013 0.0042 0.0135 0.0438 0.1418 0.4594 1.0000 1.0000 1.0000 1.0000 0.0018 0.0058 0.0188 0.0608 0.1971 0.6384 1.0000 1.0000 1.0000 0.0008 0.0025 0.0081 0.0261 0.0845 0.2739 0.8871 1.0000 1.0000 1.0000 0.0009 1.0000 1.0000 1.0000 0.8871 0.2739 0.0845 0.0261 0.0081 0.0025 0.0008 1.0000 1.0000 1.0000 0.6384 0.1971 0.0608 0.0188 0.0058 0.0018 1.0000 1.0000 1.0000 1.0000 0.4594 0.1418 0.0438 0.0135 0.0042 0.0013 1.0000 1.0000 1.0000 1.0000 0.3300 0.1019 0.0313 0.0096 0.0030 0.0009 1.0000 1.0000 1.0000 0.7376 0.2264 0.0695 0.0213 0.0066 0.0020 0.0007 1.0000
1.0000 0.0022 0.0064 0.0213 0.0691 0.2251 0.7335 1.0000 1.0000 1.0000 0.0009 0.0029 0.0096 0.0312 0.1015 0.3300 1.0000 1.0000 1.0000 1.0000 0.0013 0.0042 0.0136 0.0440 0.1426 0.4620 1.0000 1.0000 1.0000 1.0000 0.0018 0.0058 0.0189 0.0612 0.1982 0.6420 1.0000 1.0000 1.0000 0.0008 0.0025 0.0081 0.0263 0.0850 0.2754 0.8922 1.0000 1.0000 1.0000 0.0012 0.0028 0.0012 1.0000 1.0000 1.0000 0.8922 0.2754 0.0850 0.0263 0.0081 0.0025 0.0008 1.0000 1.0000 1.0000 0.6420 0.1982 0.0612 0.0189 0.0058 0.0018 1.0000 1.0000 1.0000 1.0000 0.4620 0.1426 0.0440 0.0136 0.0042 0.0013 1.0000 1.0000 1.0000 1.0000 0.3300 0.1015 0.0312 0.0096 0.0029 0.0009 1.0000 1.0000 1.0000 0.7335 0.2251 0.0691 0.0213 0.0064 0.0022 1.0000
0.0011 0.0070 0.0209 0.0688 0.2239 0.7293 1.0000 1.0000 1.0000 0.0009 0.0029 0.0095 0.0310 0.1009 0.3287 1.0000 1.0000 1.0000 1.0000 0.0013 0.0042 0.0137 0.0443 0.1435 0.4647 1.0000 1.0000 1.0000 1.0000 0.0018 0.0059 0.0190 0.0615 0.1993 0.6457 1.0000 1.0000 1.0000 0.0008 0.0025 0.0082 0.0264 0.0855 0.2770 0.8973 1.0000 1.0000 1.0000 0.0011 0.0040 0.0092 0.0040 0.0011 1.0000 1.0000 1.0000 0.8973 0.2770 0.0855 0.0264 0.0082 0.0025 0.0008 1.0000 1.0000 1.0000 0.6457 0.1993 0.0615 0.0190 0.0059 0.0018 1.0000 1.0000 1.0000 1.0000 0.4647 0.1435 0.0443 0.0137 0.0042 0.0013 1.0000 1.0000 1.0000 1.0000 0.3287 0.1009 0.0310 0.0095 0.0029 0.0009 1.0000 1.0000 1.0000 0.7293 0.2239 0.0688 0.0209 0.0070 0.0011
0.0036 0.0226 0.0676 0.2230 0.7251 1.0000 1.0000 1.0000 0.0009 0.0029 0.0095 0.0308 0.1003 0.3268 1.0000 1.0000 1.0000 1.0000 0.0013 0.0042 0.0138 0.0445 0.1443 0.4673 1.0000 1.0000 1.0000 1.0000 0.0018 0.0059 0.0191 0.0619 0.2005 0.6494 1.0000 1.0000 1.0000 0.0008 0.0025 0.0082 0.0266 0.0860 0.2786 0.9024 1.0000 1.0000 1.0000 0.0011 0.0035 0.0132 0.0299 0.0132 0.0035 0.0011 1.0000 1.0000 1.0000 0.9024 0.2786 0.0860 0.0266 0.0082 0.0025 0.0008 1.0000 1.0000 1.0000 0.6494 0.2005 0.0619 0.0191 0.0059 0.0018 1.0000 1.0000 1.0000 1.0000 0.4673 0.1443 0.0445 0.0138 0.0042 0.0013 1.0000 1.0000 1.0000 1.0000 0.3268 0.1003 0.0308 0.0095 0.0029 0.0009 1.0000 1.0000 1.0000 0.7251 0.2230 0.0676 0.0226 0.0036
0.0116 0.0734 0.2188 0.7224 1.0000 1.0000 1.0000 0.0009 0.0029 0.0094 0.0306 0.0998 0.3250 1.0000 1.0000 1.0000 1.0000 0.0013 0.0042 0.0138 0.0447 0.1451 0.4700 1.0000 1.0000 1.0000 1.0000 0.0018 0.0059 0.0192 0.0622 0.2016 0.6531 1.0000 1.0000 1.0000 0.0008 0.0025 0.0082 0.0267 0.0865 0.2802 0.9076 1.0000 1.0000 1.0000 0.0011 0.0035 0.0115 0.0430 0.0973 0.0430 0.0115 0.0035 0.0011 1.0000 1.0000 1.0000 0.9076 0.2802 0.0865 0.0267 0.0082 0.0025 0.0008 1.0000 1.0000 1.0000 0.6531 0.2016 0.0622 0.0192 0.0059 0.0018 1.0000 1.0000 1.0000 1.0000 0.4700 0.1451 0.0447 0.0138 0.0042 0.0013 1.0000 1.0000 1.0000 1.0000 0.3250 0.0998 0.0306 0.0094 0.0029 0.0009 1.0000 1.0000 1.0000 0.7224 0.2188 0.0734 0.0116
0.0376 0.2375 0.7088 1.0000 1.0000 1.0000 0.0009 0.0029 0.0093 0.0304 0.0992 0.3231 1.0000 1.0000 1.0000 1.0000 0.0013 0.0042 0.0138 0.0447 0.1457 0.4718 1.0000 1.0000 1.0000 1.0000 0.0018 0.0060 0.0193 0.0626 0.2028 0.6569 1.0000 1.0000 1.0000 0.0008 0.0026 0.0083 0.0269 0.0870 0.2818 0.9128 1.0000 1.0000 1.0000 0.0011 0.0036 0.0115 0.0375 0.1400 0.3177 0.1400 0.0375 0.0115 0.0036 0.0011 1.0000 1.0000 1.0000 0.9128 0.2818 0.0870 0.0269 0.0083 0.0026 0.0008 1.0000 1.0000 1.0000 0.6569 0.2028 0.0626 0.0193 0.0060 0.0018 1.0000 1.0000 1.0000 1.0000 0.4718 0.1457 0.0447 0.0138 0.0042 0.0013 1.0000 1.0000 1.0000 1.0000 0.3231 0.0992 0.0304 0.0093 0.0029 0.0009 1.0000 1.0000 1.0000 0.7088 0.2375 0.0376
0.1218 0.7706 1.0000 1.0000 1.0000 0.0009 0.0029 0.0093 0.0303 0.0986 0.3213 1.0000 1.0000 1.0000 1.0000 0.0013 0.0042 0.0137 0.0445 0.1451 0.4718 1.0000 1.0000 1.0000 1.0000 0.0019 0.0060 0.0194 0.0630 0.2039 0.6606 1.0000 1.0000 1.0000 0.0008 0.0026 0.0083 0.0270 0.0875 0.2834 0.9180 1.0000 1.0000 1.0000 0.0011 0.0036 0.0116 0.0374 0.1220 0.4559 1.0000 0.4559 0.1220 0.0374 0.0116 0.0036 0.0011 1.0000 1.0000 1.0000 0.9180 0.2834 0.0875 0.0270 0.0083 0.0026 0.0008 1.0000 1.0000 1.0000 0.6606 0.2039 0.0630 0.0194 0.0060 0.0019 1.0000 1.0000 1.0000 1.0000 0.4718 0.1451 0.0445 0.0137 0.0042 0.0013 1.0000 1.0000 1.0000 1.0000 0.3213 0.0986 0.0303 0.0093 0.0029 0.0009 1.0000 1.0000 1.0000 0.7706 0.1218
0.3946 1.0000 1.0000 1.0000 0.0009 0.0028 0.0092 0.0301 0.0981 0.3195 1.0000 1.0000 1.0000 1.0000 0.0013 0.0042 0.0136 0.0443 0.1443 0.4700 1.0000 1.0000 1.0000 1.0000 0.0019 0.0060 0.0195 0.0633 0.2051 0.6644 1.0000 1.0000 1.0000 0.0008 0.0026 0.0084 0.0272 0.0880 0.2850 0.9232 1.0000 1.0000 1.0000 0.0011 0.0036 0.0117 0.0377 0.1216 0.3976 1.0000 1.0000 1.0000 0.3976 0.1216 0.0377 0.0117 0.0036 0.0011 1.0000 1.0000 1.0000 0.9232 0.2850 0.0880 0.0272 0.0084 0.0026 0.0008 1.0000 1.0000 1.0000 0.6644 0.2051 0.0633 0.0195 0.0060 0.0019 1.0000 1.0000 1.0000 1.0000 0.4700 0.1443 0.0443 0.0136 0.0042 0.0013 1.0000 1.0000 1.0000 1.0000 0.3195 0.0981 0.0301 0.0092 0.0028 0.0009 1.0000 1.0000 1.0000 0.3946
1.0000 1.0000 1.0000 0.0009 0.0028 0.0092 0.0299 0.0975 0.3177 1.0000 1.0000 1.0000 1.0000 0.0013 0.0041 0.0135 0.0440 0.1435 0.4673 1.0000 1.0000 1.0000 1.0000 0.0019 0.0061 0.0197 0.0637 0.2063 0.6682 1.0000 1.0000 1.0000 0.0008 0.0026 0.0084 0.0273 0.0885 0.2867 0.9285 1.0000 1.0000 1.0000 0.0011 0.0036 0.0117 0.0380 0.1230 0.3968 1.0000 1.0000 1.0000 1.0000 1.0000 0.3968 0.1230 0.0380 0.0117 0.0036 0.0011 1.0000 1.0000 1.0000 0.9285 0.2867 0.0885 0.0273 0.0084 0.0026 0.0008 1.0000 1.0000 1.0000 0.6682 0.2063 0.0637 0.0197 0.0061 0.0019 1.0000 1.0000 1.0000 1.0000 0.4673 0.1435 0.0440 0.0135 0.0041 0.0013 1.0000 1.0000 1.0000 1.0000 0.3177 0.0975 0.0299 0.0092 0.0028 0.0009 1.0000 1.0000 1.0000
1.0000 1.0000 0.0009 0.0028 0.0091 0.0298 0.0970 0.3158 1.0000 1.0000 1.0000 1.0000 0.0013 0.0041 0.0134 0.0438 0.1426 0.4647 1.0000 1.0000 1.0000 1.0000 0.0019 0.0061 0.0197 0.0639 0.2075 0.6720 1.0000 1.0000 1.0000 0.0008 0.0026 0.0085 0.0275 0.0890 0.2883 0.9338 1.0000 1.0000 1.0000 0.0011 0.0036 0.0118 0.0382 0.1237 0.4006 1.0000 1.0000 1.0000 1.0000 1.0000 1.0000 1.0000 0.4006 0.1237 0.0382 0.0118 0.0036 0.0011 1.0000 1.0000 1.0000 0.9338 0.2883 0.0890 0.0275 0.0085 0.0026 0.0008 1.0000 1.0000 1.0000 0.6720 0.2075 0.0639 0.0197 0.0061 0.0019 1.0000 1.0000 1.0000 1.0000 0.4647 0.1426 0.0438 0.0134 0.0041 0.0013 1.0000 1.0000 1.0000 1.0000 0.3158 0.0970 0.0298 0.0091 0.0028 0.0009 1.0000 1.0000
1.0000 0.0009 0.0028 0.0091 0.0296 0.0964 0.3141 1.0000 1.0000 1.0000 1.0000 0.0013 0.0041 0.0134 0.0435 0.1418 0.4620 1.0000 1.0000 1.0000 1.0000 0.0019 0.0060 0.0197 0.0639 0.2083 0.6746 1.0000 1.0000 1.0000 0.0008 0.0026 0.0085 0.0276 0.0895 0.2899 0.9392 1.0000 1.0000 1.0000 0.0011 0.0037 0.0119 0.0384 0.1244 0.4029 1.0000 1.0000 1.0000 1.0000 0.0013 1.0000 1.0000 1.0000 1.0000 0.4029 0.1244 0.0384 0.0119 0.0037 0.0011 1.0000 1.0000 1.0000 0.9392 0.2899 0.0895 0.0276 0.0085 0.0026 0.0008 1.0000 1.0000 1.0000 0.6746 0.2083 0.0639 0.0197 0.0060 0.0019 1.0000 1.0000 1.0000 1.0000 0.4620 0.1418 0.0435 0.0134 0.0041 0.0013 1.0000 1.0000 1.0000 1.0000 0.3141 0.0964 0.0296 0.0091 0.0028 0.0009 1.0000
0.0005 0.0030 0.0089 0.0295 0.0959 0.3123 1.0000 1.0000 1.0000 1.0000 0.0013 0.0041 0.0133 0.0433 0.1410 0.4594 1.0000 1.0000 1.0000 1.0000 0.0018 0.0060 0.0195 0.0637 0.2075 0.6746 1.0000 1.0000 1.0000 0.0008 0.0026 0.0086 0.0278 0.0900 0.2916 0.9445 1.0000 1.0000 1.0000 0.0011 0.0037 0.0119 0.0386 0.1251 0.4052 1.0000 1.0000 1.0000 1.0000 0.0018 0.0041 0.0018 1.0000 1.0000 1.0000 1.0000 0.4052 0.1251 0.0386 0.0119 0.0037 0.0011 1.0000 1.0000 1.0000 0.9445 0.2916 0.0900 0.0278 0.0086 0.0026 0.0008 1.0000 1.0000 1.0000 0.6746 0.2075 0.0637 0.0195 0.0060 0.0018 1.0000 1.0000 1.0000 1.0000 0.4594 0.1410 0.0433 0.0133 0.0041 0.0013 1.0000 1.0000 1.0000 1.0000 0.3123 0.0959 0.0295 0.0089 0.0030 0.0005
0.0015 0.0097 0.0289 0.0955 0.3105 1.0000 1.0000 1.0000 1.0000 0.0012 0.0041 0.0132 0.0430 0.1402 0.4568 1.0000 1.0000 1.0000 1.0000 0.0018 0.0060 0.0194 0.0633 0.2063 0.6720 1.0000 1.0000 1.0000 0.0008 0.0027 0.0086 0.0280 0.0905 0.2933 0.9499 1.0000 1.0000 1.0000 0.0011 0.0037 0.0120 0.0388 0.1258 0.4075 1.0000 1.0000 1.0000 1.0000 0.0016 0.0059 0.0135 0.0059 0.0016 1.0000 1.0000 1.0000 1.0000 0.4075 0.1258 0.0388 0.0120 0.0037 0.0011 1.0000 1.0000 1.0000 0.9499 0.2933 0.0905 0.0280 0.0086 0.0027 0.0008 1.0000 1.0000 1.0000 0.6720 0.2063 0.0633 0.0194 0.0060 0.0018 1.0000 1.0000 1.0000 1.0000 0.4568 0.1402 0.0430 0.0132 0.0041 0.0012 1.0000 1.0000 1.0000 1.0000 0.3105 0.0955 0.0289 0.0097 0.0015
0.0050 0.0314 0.0937 0.3093 1.0000 1.0000 1.0000 1.0000 0.0012 0.0040 0.0131 0.0428 0.1394 0.4542 1.0000 1.0000 1.0000 1.0000 0.0018 0.0059 0.0193 0.0630 0.2051 0.6682 1.0000 1.0000 1.0000 0.0008 0.0027 0.0087 0.0281 0.0911 0.2949 0.9554 1.0000 1.0000 1.0000 0.0011 0.0037 0.0121 0.0391 0.1265 0.4099 1.0000 1.0000 1.0000 1.0000 0.0016 0.0052 0.0194 0.0440 0.0194 0.0052 0.0016 1.0000 1.0000 1.0000 1.0000 0.4099 0.1265 0.0391 0.0121 0.0037 0.0011 1.0000 1.0000 1.0000 0.9554 0.2949 0.0911 0.0281 0.0087 0.0027 0.0008 1.0000 1.0000 1.0000 0.6682 0.2051 0.0630 0.0193 0.0059 0.0018 1.0000 1.0000 1.0000 1.0000 0.4542 0.1394 0.0428 0.0131 0.0040 0.0012 1.0000 1.0000 1.0000 1.0000 0.3093 0.0937 0.0314 0.0050
0.0161 0.1019 0.3035 1.0000 1.0000 1.0000 1.0000 0.0012 0.0040 0.0131 0.0426 0.1386 0.4516 1.0000 1.0000 1.0000 1.0000 0.0018 0.0059 0.0192 0.0626 0.2039 0.6644 1.0000 1.0000 1.0000 0.0008 0.0027 0.0087 0.0282 0.0914 0.2966 0.9608 1.0000 1.0000 1.0000 0.0012 0.0037 0.0121 0.0393 0.1273 0.4122 1.0000 1.0000 1.0000 1.0000 0.0016 0.0052 0.0169 0.0631 0.1429 0.0631 0.0169 0.0052 0.0016 1.0000 1.0000 1.0000 1.0000 0.4122 0.1273 0.0393 0.0121 0.0037 0.0012 1.0000 1.0000 1.0000 0.9608 0.2966 0.0914 0.0282 0.0087 0.0027 0.0008 1.0000 1.0000 1.0000 0.6644 0.2039 0.0626 0.0192 0.0059 0.0018 1.0000 1.0000 1.0000 1.0000 0.4516 0.1386 0.0426 0.0131 0.0040 0.0012 1.0000 1.0000 1.0000 1.0000 0.3035 0.1019 0.0161
0.0522 0.3300 0.9830 1.0000 1.0000 1.0000 0.0012 0.0040 0.0130 0.0423 0.1378 0.4490 1.0000 1.0000 1.0000 1.0000 0.0018 0.0059 0.0191 0.0622 0.2028 0.6606 1.0000 1.0000 1.0000 0.0008 0.0026 0.0086 0.0281 0.0914 0.2978 0.9645 1.0000 1.0000 1.0000 0.0012 0.0038 0.0122 0.0395 0.1280 0.4146 1.0000 1.0000 1.0000 1.0000 0.0016 0.0052 0.0169 0.0550 0.2055 0.4664 0.2055 0.0550 0.0169 0.0052 0.0016 1.0000 1.0000 1.0000 1.0000 0.4146 0.1280 0.0395 0.0122 0.0038 0.0012 1.0000 1.0000 1.0000 0.9645 0.2978 0.0914 0.0281 0.0086 0.0026 0.0008 1.0000 1.0000 1.0000 0.6606 0.2028 0.0622 0.0191 0.0059 0.0018 1.0000 1.0000 1.0000 1.0000 0.4490 0.1378 0.0423 0.0130 0.0040 0.0012 1.0000 1.0000 1.0000 0.9830 0.3300 0.0522
0.1689 1.0000 1.0000 1.0000 1.0000 0.0012 0.0040 0.0129 0.0421 0.1371 0.4465 1.0000 1.0000 1.0000 1.0000 0.0018 0.0058 0.0190 0.0619 0.2016 0.6569 1.0000 1.0000 1.0000 0.0008 0.0026 0.0086 0.0280 0.0911 0.2966 0.9645 1.0000 1.0000 1.0000 0.0012 0.0038 0.0123 0.0397 0.1287 0.4169 1.0000 1.0000 1.0000 1.0000 0.0016 0.0053 0.0170 0.0549 0.1792 0.6695 1.0000 0.6695 0.1792 0.0549 0.0170 0.0053 0.0016 1.0000 1.0000 1.0000 1.0000 0.4169 0.1287 0.0397 0.0123 0.0038 0.0012 1.0000 1.0000 1.0000 0.9645 0.2966 0.0911 0.0280 0.0086 0.0026 0.0008 1.0000 1.0000 1.0000 0.6569 0.2016 0.0619 0.0190 0.0058 0.0018 1.0000 1.0000 1.0000 1.0000 0.4465 0.1371 0.0421 0.0129 0.0040 0.0012 1.0000 1.0000 1.0000 1.0000 0.1689
0.5472 1.0000 1.0000 1.0000 0.0012 0.0039 0.0128 0.0418 0.1363 0.4439 1.0000 1.0000 1.0000 1.0000 0.0018 0.0058 0.0189 0.0615 0.2005 0.6531 1.0000 1.0000 1.0000 0.0008 0.0026 0.0085 0.0278 0.0905 0.2949 0.9608 1.0000 1.0000 1.0000 0.0012 0.0038 0.0123 0.0400 0.1295 0.4193 1.0000 1.0000 1.0000 1.0000 0.0016 0.0053 0.0171 0.0554 0.1789 0.5838 1.0000 1.0000 1.0000 0.5838 0.1789 0.0554 0.0171 0.0053 0.0016 1.0000 1.0000 1.0000 1.0000 0.4193 0.1295 0.0400 0.0123 0.0038 0.0012 1.0000 1.0000 1.0000 0.9608 0.2949 0.0905 0.0278 0.0085 0.0026 0.0008 1.0000 1.0000 1.0000 0.6531 0.2005 0.0615 0.0189 0.0058 0.0018 1.0000 1.0000 1.0000 1.0000 0.4439 0.1363 0.0418 0.0128 0.0039 0.0012 1.0000 1.0000 1.0000 0.5472
1.0000 1.0000 1.0000 0.0012 0.0039 0.0128 0.0416 0.1355 0.4414 1.0000 1.0000 1.0000 1.0000 0.0018 0.0058 0.0188 0.0612 0.1993 0.6494 1.0000 1.0000 1.0000 0.0008 0.0026 0.0085 0.0276 0.0900 0.2933 0.9554 1.0000 1.0000 1.0000 0.0012 0.0038 0.0124 0.0402 0.1302 0.4217 1.0000 1.0000 1.0000 1.0000 0.0016 0.0053 0.0172 0.0557 0.1806 0.5827 1.0000 1.0000 1.0000 1.0000 1.0000 0.5827 0.1806 0.0557 0.0172 0.0053 0.0016 1.0000 1.0000 1.0000 1.0000 0.4217 0.1302 0.0402 0.0124 0.0038 0.0012 1.0000 1.0000 1.0000 0.9554 0.2933 0.0900 0.0276 0.0085 0.0026 0.0008 1.0000 1.0000 1.0000 0.6494 0.1993 0.0612 0.0188 0.0058 0.0018 1.0000 1.0000 1.0000 1.0000 0.4414 0.1355 0.0416 0.0128 0.0039 0.0012 1.0000 1.0000 1.0000
1.0000 1.0000 0.0012 0.0039 0.0127 0.0414 0.1347 0.4389 1.0000 1.0000 1.0000 1.0000 0.0018 0.0057 0.0187 0.0608 0.1982 0.6457 1.0000 1.0000 1.0000 0.0008 0.0026 0.0084 0.0275 0.0895 0.2916 0.9499 1.0000 1.0000 1.0000 0.0012 0.0038 0.0124 0.0403 0.1307 0.4241 1.0000 1.0000 1.0000 1.0000 0.0016 0.0053 0.0173 0.0561 0.1816 0.5882 1.0000 1.0000 1.0000 1.0000 1.0000 1.0000 1.0000 0.5882 0.1816 0.0561 0.0173 0.0053 0.0016 1.0000 1.0000 1.0000 1.0000 0.4241 0.1307 0.0403 0.0124 0.0038 0.0012 1.0000 1.0000 1.0000 0.9499 0.2916 0.0895 0.0275 0.0084 0.0026 0.0008 1.0000 1.0000 1.0000 0.6457 0.1982 0.0608 0.0187 0.0057 0.0018 1.0000 1.0000 1.0000 1.0000 0.4389 0.1347 0.0414 0.0127 0.0039 0.0012 1.0000 1.0000
1.0000 0.0013 0.0038 0.0126 0.0411 0.1340 0.4364 1.0000 1.0000 1.0000 1.0000 0.0017 0.0057 0.0186 0.0605 0.1971 0.6420 1.0000 1.0000 1.0000 0.0008 0.0026 0.0084 0.0273 0.0890 0.2899 0.9445 1.0000 1.0000 1.0000 0.0012 0.0038 0.0123 0.0402 0.1307 0.4257 1.0000 1.0000 1.0000 1.0000 0.0017 0.0054 0.0174 0.0564 0.1826 0.5916 1.0000 1.0000 1.0000 0.0008 0.0019 0.0008 1.0000 1.0000 1.0000 0.5916 0.1826 0.0564 0.0174 0.0054 0.0017 1.0000 1.0000 1.0000 1.0000 0.4257 0.1307 0.0402 0.0123 0.0038 0.0012 1.0000 1.0000 1.0000 0.9445 0.2899 0.0890 0.0273 0.0084 0.0026 0.0008 1.0000 1.0000 1.0000 0.6420 0.1971 0.0605 0.0186 0.0057 0.0017 1.0000 1.0000 1.0000 1.0000 0.4364 0.1340 0.0411 0.0126 0.0038 0.0013 1.0000
0.0007 0.0042 0.0124 0.0410 0.1332 0.4339 1.0000 1.0000 1.0000 1.0000 0.0017 0.0057 0.0185 0.0602 0.1960 0.6384 1.0000 1.0000 1.0000 0.0008 0.0026 0.0083 0.0272 0.0885 0.2883 0.9392 1.0000 1.0000 1.0000 0.0012 0.0038 0.0123 0.0400 0.1302 0.4241 1.0000 1.0000 1.0000 1.0000 0.0017 0.0054 0.0175 0.0567 0.1837 0.5950 1.0000 1.0000 1.0000 0.0007 0.0027 0.0061 0.0027 0.0007 1.0000 1.0000 1.0000 0.5950 0.1837 0.0567 0.0175 0.0054 0.0017 1.0000 1.0000 1.0000 1.0000 0.4241 0.1302 0.0400 0.0123 0.0038 0.0012 1.0000 1.0000 1.0000 0.9392 0.2883 0.0885 0.0272 0.0083 0.0026 0.0008 1.0000 1.0000 1.0000 0.6384 0.1960 0.0602 0.0185 0.0057 0.0017 1.0000 1.0000 1.0000 1.0000 0.4339 0.1332 0.0410 0.0124 0.0042 0.0007
0.0021 0.0135 0.0402 0.1327 0.4315 1.0000 1.0000 1.0000 1.0000 0.0017 0.0056 0.0184 0.0598 0.1948 0.6347 1.0000 1.0000 1.0000 0.0008 0.0025 0.0083 0.0270 0.0880 0.2867 0.9338 1.0000 1.0000 1.0000 0.0011 0.0037 0.0122 0.0397 0.1295 0.4217 1.0000 1.0000 1.0000 1.0000 0.0017 0.0054 0.0176 0.0570 0.1847 0.5984 1.0000 1.0000 1.0000 0.0007 0.0023 0.0087 0.0198 0.0087 0.0023 0.0007 1.0000 1.0000 1.0000 0.5984 0.1847 0.0570 0.0176 0.0054 0.0017 1.0000 1.0000 1.0000 1.0000 0.4217 0.1295 0.0397 0.0122 0.0037 0.0011 1.0000 1.0000 1.0000 0.9338 0.2867 0.0880 0.0270 0.0083 0.0025 0.0008 1.0000 1.0000 1.0000 0.6347 0.1948 0.0598 0.0184 0.0056 0.0017 1.0000 1.0000 1.0000 1.0000 0.4315 0.1327 0.0402 0.0135 0.0021
0.0069 0.0437 0.1302 0.4298 1.0000 1.0000 1.0000 1.0000 0.0017 0.0056 0.0183 0.0595 0.1937 0.6311 1.0000 1.0000 1.0000 0.0008 0.0025 0.0082 0.0269 0.0875 0.2850 0.9285 1.0000 1.0000 1.0000 0.0011 0.0037 0.0121 0.0395 0.1287 0.4193 1.0000 1.0000 1.0000 1.0000 0.0017 0.0055 0.0177 0.0574 0.1858 0.6018 1.0000 1.0000 1.0000 0.0007 0.0023 0.0076 0.0285 0.0647 0.0285 0.0076 0.0023 0.0007 1.0000 1.0000 1.0000 0.6018 0.1858 0.0574 0.0177 0.0055 0.0017 1.0000 1.0000 1.0000 1.0000 0.4193 0.1287 0.0395 0.0121 0.0037 0.0011 1.0000 1.0000 1.0000 0.9285 0.2850 0.0875 0.0269 0.0082 0.0025 0.0008 1.0000 1.0000 1.0000 0.6311 0.1937 0.0595 0.0183 0.0056 0.0017 1.0000 1.0000 1.0000 1.0000 0.4298 0.1302 0.0437 0.0069
0.0224 0.1416 0.4217 1.0000 1.0000 1.0000 1.0000 0.0017 0.0056 0.0182 0.0591 0.1926 0.6275 1.0000 1.0000 1.0000 0.0008 0.0025 0.0082 0.0267 0.0870 0.2834 0.9232 1.0000 1.0000 1.0000 0.0011 0.0037 0.0121 0.0393 0.1280 0.4169 1.0000 1.0000 1.0000 1.0000 0.0017 0.0054 0.0177 0.0576 0.1865 0.6053 1.0000 1.0000 1.0000 0.0007 0.0024 0.0076 0.0248 0.0928 0.2102 0.0928 0.0248 0.0076 0.0024 0.0007 1.0000 1.0000 1.0000 0.6053 0.1865 0.0576 0.0177 0.0054 0.0017 1.0000 1.0000 1.0000 1.0000 0.4169 0.1280 0.0393 0.0121 0.0037 0.0011 1.0000 1.0000 1.0000 0.9232 0.2834 0.0870 0.0267 0.0082 0.0025 0.0008 1.0000 1.0000 1.0000 0.6275 0.1926 0.0591 0.0182 0.0056 0.0017 1.0000 1.0000 1.0000 1.0000 0.4217 0.1416 0.0224
0.0725 0.4585 1.0000 1.0000 1.0000 1.0000 0.0017 0.0055 0.0180 0.0588 0.1915 0.6240 1.0000 1.0000 1.0000 0.0008 0.0025 0.0082 0.0266 0.0865 0.2818 0.9180 1.0000 1.0000 1.0000 0.0011 0.0037 0.0120 0.0391 0.1273 0.4146 1.0000 1.0000 1.0000 1.0000 0.0017 0.0054 0.0176 0.0574 0.1865 0.6076 1.0000 1.0000 1.0000 0.0007 0.0024 0.0077 0.0248 0.0809 0.3023 0.6862 0.3023 0.0809 0.0248 0.0077 0.0024 0.0007 1.0000 1.0000 1.0000 0.6076 0.1865 0.0574 0.0176 0.0054 0.0017 1.0000 1.0000 1.0000 1.0000 0.4146 0.1273 0.0391 0.0120 0.0037 0.0011 1.0000 1.0000 1.0000 0.9180 0.2818 0.0865 0.0266 0.0082 0.0025 0.0008 1.0000 1.0000 1.0000 0.6240 0.1915 0.0588 0.0180 0.0055 0.0017 1.0000 1.0000 1.0000 1.0000 0.4585 0.0725
0.2348 1.0000 1.0000 1.0000 1.0000 0.0017 0.0055 0.0179 0.0585 0.1904 0.6204 1.0000 1.0000 1.0000 0.0008 0.0025 0.0081 0.0264 0.0860 0.2802 0.9128 1.0000 1.0000 1.0000 0.0011 0.0037 0.0119 0.0388 0.1265 0.4122 1.0000 1.0000 1.0000 1.0000 0.0016 0.0054 0.0175 0.0570 0.1858 0.6053 1.0000 1.0000 1.0000 0.0007 0.0024 0.0077 0.0250 0.0808 0.2636 0.9849 1.0000 0.9849 0.2636 0.0808 0.0250 0.0077 0.0024 0.0007 1.0000 1.0000 1.0000 0.6053 0.1858 0.0570 0.0175 0.0054 0.0016 1.0000 1.0000 1.0000 1.0000 0.4122 0.1265 0.0388 0.0119 0.0037 0.0011 1.0000 1.0000 1.0000 0.9128 0.2802 0.0860 0.0264 0.0081 0.0025 0.0008 1.0000 1.0000 1.0000 0.6204 0.1904 0.0585 0.0179 0.0055 0.0017 1.0000 1.0000 1.0000 1.0000 0.2348
0.7604 1.0000 1.0000 1.0000 0.0017 0.0055 0.0178 0.0581 0.1894 0.6169 1.0000 1.0000 1.0000 0.0008 0.0025 0.0081 0.0263 0.0855 0.2786 0.9076 1.0000 1.0000 1.0000 0.0011 0.0036 0.0119 0.0386 0.1258 0.4099 1.0000 1.0000 1.0000 1.0000 0.0016 0.0053 0.0174 0.0567 0.1847 0.6018 1.0000 1.0000 1.0000 0.0007 0.0024 0.0078 0.0252 0.0815 0.2631 0.8589 1.0000 1.0000 1.0000 0.8589 0.2631 0.0815 0.0252 0.0078 0.0024 0.0007 1.0000 1.0000 1.0000 0.6018 0.1847 0.0567 0.0174 0.0053 0.0016 1.0000 1.0000 1.0000 1.0000 0.4099 0.1258 0.0386 0.0119 0.0036 0.0011 1.0000 1.0000 1.0000 0.9076 0.2786 0.0855 0.0263 0.0081 0.0025 0.0008 1.0000 1.0000 1.0000 0.6169 0.1894 0.0581 0.0178 0.0055 0.0017 1.0000 1.0000 1.0000 0.7604
1.0000 1.0000 1.0000 0.0017 0.0054 0.0177 0.0578 0.1883 0.6134 1.0000 1.0000 1.0000 0.0008 0.0025 0.0080 0.0261 0.0850 0.2770 0.9024 1.0000 1.0000 1.0000 0.0011 0.0036 0.0118 0.0384 0.1251 0.4075 1.0000 1.0000 1.0000 1.0000 0.0016 0.0053 0.0173 0.0564 0.1837 0.5984 1.0000 1.0000 1.0000 0.0007 0.0024 0.0078 0.0253 0.0820 0.2657 0.8572 1.0000 1.0000 1.0000 1.0000 1.0000 0.8572 0.2657 0.0820 0.0253 0.0078 0.0024 0.0007 1.0000 1.0000 1.0000 0.5984 0.1837 0.0564 0.0173 0.0053 0.0016 1.0000 1.0000 1.0000 1.0000 0.4075 0.1251 0.0384 0.0118 0.0036 0.0011 1.0000 1.0000 1.0000 0.9024 0.2770 0.0850 0.0261 0.0080 0.0025 0.0008 1.0000 1.0000 1.0000 0.6134 0.1883 0.0578 0.0177 0.0054 0.0017 1.0000 1.0000 1.0000
1.0000 1.0000 0.0016 0.0054 0.0176 0.0575 0.1872 0.6099 1.0000 1.0000 1.0000 0.0008 0.0024 0.0080 0.0260 0.0845 0.2754 0.8973 1.0000 1.0000 1.0000 0.0011 0.0036 0.0117 0.0382 0.1244 0.4052 1.0000 1.0000 1.0000 1.0000 0.0016 0.0053 0.0172 0.0561 0.1826 0.5950 1.0000 1.0000 1.0000 0.0007 0.0024 0.0078 0.0253 0.0823 0.2667 0.8654 1.0000 1.0000 1.0000 0.0008 1.0000 1.0000 1.0000 0.8654 0.2667 0.0823 0.0253 0.0078 0.0024 0.0007 1.0000 1.0000 1.0000 0.5950 0.1826 0.0561 0.0172 0.0053 0.0016 1.0000 1.0000 1.0000 1.0000 0.4052 0.1244 0.0382 0.0117 0.0036 0.0011 1.0000 1.0000 1.0000 0.8973 0.2754 0.0845 0.0260 0.0080 0.0024 0.0008 1.0000 1.0000 1.0000 0.6099 0.1872 0.0575 0.0176 0.0054 0.0016 1.0000 1.0000
1.0000 0.0018 0.0053 0.0176 0.0571 0.1862 0.6064 1.0000 1.0000 1.0000 0.0007 0.0024 0.0079 0.0258 0.0841 0.2739 0.8922 1.0000 1.0000 1.0000 0.0011 0.0036 0.0117 0.0380 0.1237 0.4029 1.0000 1.0000 1.0000 1.0000 0.0016 0.0053 0.0171 0.0557 0.1816 0.5916 1.0000 1.0000 1.0000 0.0007 0.0024 0.0077 0.0252 0.0820 0.2667 0.8687 1.0000 1.0000 1.0000 0.0012 0.0027 0.0012 1.0000 1.0000 1.0000 0.8687 0.2667 0.0820 0.0252 0.0077 0.0024 0.0007 1.0000 1.0000 1.0000 0.5916 0.1816 0.0557 0.0171 0.0053 0.0016 1.0000 1.0000 1.0000 1.0000 0.4029 0.1237 0.0380 0.0117 0.0036 0.0011 1.0000 1.0000 1.0000 0.8922 0.2739 0.0841 0.0258 0.0079 0.0024 0.0007 1.0000 1.0000 1.0000 0.6064 0.1862 0.0571 0.0176 0.0053 0.0018 1.0000
0.0009 0.0058 0.0172 0.0569 0.1851 0.6030 1.0000 1.0000 1.0000 0.0007 0.0024 0.0079 0.0257 0.0836 0.2723 0.8871 1.0000 1.0000 1.0000 0.0011 0.0036 0.0116 0.0377 0.1230 0.4006 1.0000 1.0000 1.0000 1.0000 0.0016 0.0052 0.0170 0.0554 0.1806 0.5882 1.0000 1.0000 1.0000 0.0007 0.0024 0.0077 0.0250 0.0815 0.2657 0.8654 1.0000 1.0000 1.0000 0.0011 0.0040 0.0090 0.0040 0.0011 1.0000 1.0000 1.0000 0.8654 0.2657 0.0815 0.0250 0.0077 0.0024 0.0007 1.0000 1.0000 1.0000 0.5882 0.1806 0.0554 0.0170 0.0052 0.0016 1.0000 1.0000 1.0000 1.0000 0.4006 0.1230 0.0377 0.0116 0.0036 0.0011 1.0000 1.0000 1.0000 0.8871 0.2723 0.0836 0.0257 0.0079 0.0024 0.0007 1.0000 1.0000 1.0000 0.6030 0.1851 0.0569 0.0172 0.0058 0.0009
0.0030 0.0187 0.0559 0.1844 0.5995 1.0000 1.0000 1.0000 0.0007 0.0024 0.0078 0.0255 0.0831 0.2708 0.8820 1.0000 1.0000 1.0000 0.0011 0.0035 0.0115 0.0375 0.1223 0.3983 1.0000 1.0000 1.0000 1.0000 0.0016 0.0052 0.0169 0.0551 0.1795 0.5849 1.0000 1.0000 1.0000 0.0007 0.0023 0.0076 0.0249 0.0811 0.2641 0.8605 1.0000 1.0000 1.0000 0.0011 0.0034 0.0129 0.0291 0.0128 0.0034 0.0010 1.0000 1.0000 1.0000 0.8572 0.2631 0.0808 0.0248 0.0076 0.0023 0.0007 1.0000 1.0000 1.0000 0.5827 0.1789 0.0549 0.0169 0.0052 0.0016 1.0000 1.0000 1.0000 1.0000 0.3968 0.1216 0.0374 0.0115 0.0035 0.0011 1.0000 1.0000 1.0000 0.8787 0.2697 0.0828 0.0254 0.0078 0.0024 0.0007 1.0000 1.0000 1.0000 0.5973 0.1833 0.0556 0.0186 0.0030
0.0096 0.0607 0.1809 0.5973 1.0000 1.0000 1.0000 0.0007 0.0024 0.0078 0.0254 0.0826 0.2692 0.8770 1.0000 1.0000 1.0000 0.0011 0.0035 0.0115 0.0373 0.1216 0.3961 1.0000 1.0000 1.0000 1.0000 0.0016 0.0052 0.0168 0.0548 0.1785 0.5816 1.0000 1.0000 1.0000 0.0007 0.0023 0.0076 0.0247 0.0806 0.2626 0.8556 1.0000 1.0000 1.0000 0.0011 0.0034 0.0112 0.0417 0.0951 0.0424 0.0112 0.0034 0.0011 1.0000 1.0000 1.0000 0.8589 0.2636 0.0809 0.0248 0.0076 0.0023 0.0007 1.0000 1.0000 1.0000 0.5838 0.1792 0.0550 0.0169 0.0052 0.0016 1.0000 1.0000 1.0000 1.0000 0.3976 0.1220 0.0375 0.0115 0.0035 0.0011 1.0000 1.0000 1.0000 0.8804 0.2702 0.0830 0.0255 0.0078 0.0024 0.0007 1.0000 1.0000 1.0000 0.5995 0.1820 0.0610 0.0097
0.0312 0.1963 0.5860 1.0000 1.0000 1.0000 0.0007 0.0024 0.0077 0.0252 0.0822 0.2677 0.8720 1.0000 1.0000 1.0000 0.0011 0.0035 0.0114 0.0371 0.1209 0.3938 1.0000 1.0000 1.0000 1.0000 0.0016 0.0051 0.0167 0.0545 0.1775 0.5783 1.0000 1.0000 1.0000 0.0007 0.0023 0.0076 0.0246 0.0802 0.2611 0.8507 1.0000 1.0000 1.0000 0.0010 0.0034 0.0111 0.0361 0.1352 0.3287 0.1645 0.0430 0.0128 0.0039 0.0012 1.0000 1.0000 1.0000 0.9849 0.3023 0.0928 0.0285 0.0087 0.0027 0.0008 1.0000 1.0000 1.0000 0.6695 0.2055 0.0631 0.0194 0.0059 0.0018 1.0000 1.0000 1.0000 1.0000 0.4559 0.1400 0.0430 0.0132 0.0040 0.0012 1.0000 1.0000 1.0000 1.0000 0.3099 0.0951 0.0292 0.0090 0.0028 0.0008 1.0000 1.0000 1.0000 0.6797 0.2290 0.0362
0.1007 0.6372 1.0000 1.0000 1.0000 0.0007 0.0024 0.0077 0.0251 0.0817 0.2662 0.8671 1.0000 1.0000 1.0000 0.0011 0.0035 0.0113 0.0369 0.1202 0.3916 1.0000 1.0000 1.0000 1.0000 0.0016 0.0051 0.0166 0.0542 0.1765 0.5750 1.0000 1.0000 1.0000 0.0007 0.0023 0.0075 0.0245 0.0797 0.2597 0.8459 1.0000 1.0000 1.0000 0.0010 0.0034 0.0110 0.0357 0.1168 0.4920 0.9445 0.2439 0.0953 0.0298 0.0089 0.0027 0.0008 1.0000 1.0000 1.0000 0.6862 0.2102 0.0647 0.0198 0.0061 0.0019 1.0000 1.0000 1.0000 1.0000 0.4664 0.1429 0.0440 0.0135 0.0041 0.0013 1.0000 1.0000 1.0000 1.0000 0.3177 0.0973 0.0299 0.0092 0.0028 0.0009 1.0000 1.0000 1.0000 0.7021 0.2159 0.0662 0.0203 0.0062 0.0019 1.0000 1.0000 1.0000 1.0000 0.5218 0.0872
0.3262 1.0000 1.0000 1.0000 0.0007 0.0023 0.0077 0.0249 0.0812 0.2646 0.8621 1.0000 1.0000 1.0000 0.0011 0.0035 0.0113 0.0367 0.1195 0.3893 1.0000 1.0000 1.0000 1.0000 0.0016 0.0051 0.0165 0.0539 0.1755 0.5717 1.0000 1.0000 1.0000 0.0007 0.0023 0.0075 0.0243 0.0793 0.2582 0.8411 1.0000 1.0000 1.0000 0.0010 0.0034 0.0110 0.0357 0.1157 0.3991 1.0000 0.5652 0.0364 0.0405 0.0135 0.0040 0.0012 1.0000 1.0000 1.0000 0.9849 0.3023 0.0928 0.0285 0.0087 0.0027 0.0008 1.0000 1.0000 1.0000 0.6695 0.2055 0.0631 0.0194 0.0059 0.0018 1.0000 1.0000 1.0000 1.0000 0.4559 0.1400 0.0430 0.0132 0.0040 0.0012 1.0000 1.0000 1.0000 1.0000 0.3099 0.0951 0.0292 0.0090 0.0028 0.0008 1.0000 1.0000 1.0000 0.6797 0.2290 0.0362
1.0000 1.0000 1.0000 0.0007 0.0023 0.0076 0.0247 0.0803 0.2616 0.8524 1.0000 1.0000 1.0000 0.0010 0.0034 0.0111 0.0363 0.1182 0.3849 1.0000 1.0000 1.0000 1.0000 0.0015 0.0050 0.0163 0.0533 0.1735 0.5652 1.0000 1.0000 1.0000 0.0007 0.0023 0.0074 0.0241 0.0784 0.2553 0.8315 1.0000 1.0000 1.0000 0.0010 0.0033 0.0109 0.0354 0.1153 0.3741 1.0000 1.0000 1.0000 0.0024 0.0121 0.0039 0.0010 1.0000 1.0000 1.0000 0.8589 0.2636 0.0809 0.0248 0.0076 0.0023 0.0007 1.0000 1.0000 1.0000 0.5838 0.1792 0.0550 0.0169 0.0052 0.0016 1.0000 1.0000 1.0000 1.0000 0.3976 0.1220 0.0375 0.0115 0.0035 0.0011 1.0000 1.0000 1.0000 0.8804 0.2702 0.0830 0.0255 0.0078 0.0024 0.0007 1.0000 1.0000 1.0000 0.5995 0.1820 0.0610 0.0097
1.0000 1.0000 0.0007 0.0023 0.0076 0.0248 0.0809 0.2636 0.8589 1.0000 1.0000 1.0000 0.0011 0.0034 0.0112 0.0365 0.1191 0.3879 1.0000 1.0000 1.0000 1.0000 0.0016 0.0051 0.0165 0.0538 0.1752 0.5706 1.0000 1.0000 1.0000 0.0007 0.0023 0.0075 0.0243 0.0791 0.2577 0.8395 1.0000 1.0000 1.0000 0.0010 0.0034 0.0109 0.0357 0.1162 0.3777 1.0000 1.0000 1.0000 1.0000 0.0044 0.0049 0.0011 1.0000 1.0000 1.0000 0.8572 0.2631 0.0808 0.0248 0.0076 0.0023 0.0007 1.0000 1.0000 1.0000 0.5827 0.1789 0.0549 0.0169 0.0052 0.0016 1.0000 1.0000 1.0000 1.0000 0.3968 0.1216 0.0374 0.0115 0.0035 0.0011 1.0000 1.0000 1.0000 0.8787 0.2697 0.0828 0.0254 0.0078 0.0024 0.0007 1.0000 1.0000 1.0000 0.5973 0.1833 0.0556 0.0186 0.0030
1.0000 0.0009 0.0027 0.0090 0.0294 0.0959 0.3117 1.0000 1.0000 1.0000 1.0000 0.0012 0.0041 0.0133 0.0432 0.1408 0.4585 1.0000 1.0000 1.0000 1.0000 0.0018 0.0060 0.0195 0.0636 0.2071 0.6746 1.0000 1.0000 1.0000 0.0008 0.0027 0.0088 0.0287 0.0935 0.3046 0.9924 1.0000 1.0000 1.0000 0.0012 0.0040 0.0129 0.0422 0.1373 0.4473 1.0000 1.0000 1.0000 1.0000 0.0020 0.0044 0.0012 1.0000 1.0000 1.0000 0.8654 0.2657 0.0815 0.0250 0.0077 0.0024 0.0007 1.0000 1.0000 1.0000 0.5882 0.1806 0.0554 0.0170 0.0052 0.0016 1.0000 1.0000 1.0000 1.0000 0.4006 0.1230 0.0377 0.0116 0.0036 0.0011 1.0000 1.0000 1.0000 0.8871 0.2723 0.0836 0.0257 0.0079 0.0024 0.0007 1.0000 1.0000 1.0000 0.6030 0.1851 0.0569 0.0172 0.0058 0.0009
1.0000 0.0017 0.0051 0.0168 0.0547 0.1782 0.5794 1.0000 1.0000 1.0000 1.0000 0.0023 0.0076 0.0247 0.0803 0.2616 0.8524 1.0000 1.0000 1.0000 0.0010 0.0034 0.0111 0.0363 0.1182 0.3849 1.0000 1.0000 1.0000 1.0000 0.0015 0.0050 0.0164 0.0534 0.1738 0.5663 1.0000 1.0000 1.0000 1.0000 0.0023 0.0074 0.0241 0.0784 0.2548 0.8300 1.0000 1.0000 1.0000 0.0011 0.0030 0.0014 1.0000 1.0000 1.0000 0.8687 0.2667 0.0820 0.0252 0.0077 0.0024 0.0007 1.0000 1.0000 1.0000 0.5916 0.1816 0.0557 0.0171 0.0053 0.0016 1.0000 1.0000 1.0000 1.0000 0.4029 0.1237 0.0380 0.0117 0.0036 0.0011 1.0000 1.0000 1.0000 0.8922 0.2739 0.0841 0.0258 0.0079 0.0024 0.0007 1.0000 1.0000 1.0000 0.6064 0.1862 0.0571 0.0176 0.0053 0.0018 1.0000
