0.3720 0.3942 0.4224 0.4305 0.4173 0.3723 0.2780 0.2439 0.2663 0.3072 0.3598 0.4051 0.4265 0.4291 0.4088 0.3491 0.2590 0.2472 0.2761 0.3212 0.3744 0.4133 0.4292 0.4261 0.3976 0.3208 0.2483 0.2535 0.2872 0.3359 0.3878 0.4196 0.4304 0.4211 0.3829 0.2926 0.2441 0.2612 0.2995 0.3510 0.3994 0.4244 0.4301 0.4140 0.3634 0.2689 0.2447 0.2703 0.3154 0.3688 0.3923 0.3688 0.3154 0.2703 0.2447 0.2689 0.3634 0.4140 0.4301 0.4244 0.3994 0.3510 0.2995 0.2612 0.2441 0.2926 0.3829 0.4211 0.4304 0.4196 0.3878 0.3359 0.2872 0.2535 0.2483 0.3208 0.3976 0.4261 0.4292 0.4133 0.3744 0.3212 0.2761 0.2472 0.2590 0.3491 0.4088 0.4291 0.4265 0.4051 0.3598 0.3072 0.2663 0.2439 0.2780 0.3723 0.4173 0.4305 0.4224 0.3942 0.3720
0.3942 0.4309 0.4264 0.4007 0.3417 0.2234 0.1814 0.2195 0.2785 0.3513 0.4117 0.4306 0.4216 0.3887 0.3131 0.1986 0.1879 0.2342 0.2981 0.3714 0.4207 0.4305 0.4150 0.3736 0.2782 0.1854 0.1991 0.2503 0.3184 0.3896 0.4264 0.4285 0.4066 0.3548 0.2425 0.1809 0.2116 0.2678 0.3393 0.4048 0.4297 0.4246 0.3960 0.3307 0.2114 0.1832 0.2254 0.2865 0.3621 0.4191 0.4292 0.4191 0.3621 0.2865 0.2254 0.1832 0.2114 0.3307 0.3960 0.4246 0.4297 0.4048 0.3393 0.2678 0.2116 0.1809 0.2425 0.3548 0.4066 0.4285 0.4264 0.3896 0.3184 0.2503 0.1991 0.1854 0.2782 0.3736 0.4150 0.4305 0.4207 0.3714 0.2981 0.2342 0.1879 0.1986 0.3131 0.3887 0.4216 0.4306 0.4117 0.3513 0.2785 0.2195 0.1814 0.2234 0.3417 0.4007 0.4264 0.4309 0.3942
0.4224 0.4264 0.4005 0.3412 0.2227 0.1813 0.2196 0.2787 0.3513 0.4106 0.4284 0.4202 0.3884 0.3124 0.1981 0.1880 0.2343 0.2982 0.3713 0.4191 0.4283 0.4140 0.3732 0.2774 0.1852 0.1991 0.2504 0.3185 0.3892 0.4244 0.4265 0.4061 0.3544 0.2417 0.1807 0.2117 0.2680 0.3393 0.4039 0.4275 0.4229 0.3957 0.3301 0.2108 0.1832 0.2256 0.2867 0.3598 0.4150 0.4284 0.4203 0.4284 0.4150 0.3598 0.2867 0.2256 0.1832 0.2108 0.3301 0.3957 0.4229 0.4275 0.4039 0.3393 0.2680 0.2117 0.1807 0.2417 0.3544 0.4061 0.4265 0.4244 0.3892 0.3185 0.2504 0.1991 0.1852 0.2774 0.3732 0.4140 0.4283 0.4191 0.3713 0.2982 0.2343 0.1880 0.1981 0.3124 0.3884 0.4202 0.4284 0.4106 0.3513 0.2787 0.2196 0.1813 0.2227 0.3412 0.4005 0.4264 0.4224
0.4305 0.4007 0.3412 0.2225 0.1814 0.2198 0.2791 0.3518 0.4109 0.4286 0.4201 0.3881 0.3118 0.1978 0.1882 0.2346 0.2986 0.3717 0.4194 0.4285 0.4139 0.3729 0.2768 0.1850 0.1994 0.2507 0.3189 0.3896 0.4247 0.4266 0.4059 0.3540 0.2411 0.1807 0.2119 0.2683 0.3398 0.4043 0.4278 0.4230 0.3954 0.3296 0.2104 0.1833 0.2259 0.2872 0.3603 0.4149 0.4288 0.4149 0.3906 0.4149 0.4288 0.4149 0.3603 0.2872 0.2259 0.1833 0.2104 0.3296 0.3954 0.4230 0.4278 0.4043 0.3398 0.2683 0.2119 0.1807 0.2411 0.3540 0.4059 0.4266 0.4247 0.3896 0.3189 0.2507 0.1994 0.1850 0.2768 0.3729 0.4139 0.4285 0.4194 0.3717 0.2986 0.2346 0.1882 0.1978 0.3118 0.3881 0.4201 0.4286 0.4109 0.3518 0.2791 0.2198 0.1814 0.2225 0.3412 0.4007 0.4305
0.4173 0.3417 0.2227 0.1814 0.2199 0.2793 0.3521 0.4111 0.4286 0.4200 0.3879 0.3112 0.1975 0.1884 0.2349 0.2989 0.3720 0.4195 0.4284 0.4138 0.3727 0.2762 0.1849 0.1996 0.2510 0.3193 0.3899 0.4248 0.4265 0.4057 0.3536 0.2405 0.1807 0.2122 0.2686 0.3401 0.4045 0.4278 0.4229 0.3952 0.3291 0.2100 0.1834 0.2262 0.2875 0.3607 0.4151 0.4288 0.4176 0.3763 0.3250 0.3763 0.4176 0.4288 0.4151 0.3607 0.2875 0.2262 0.1834 0.2100 0.3291 0.3952 0.4229 0.4278 0.4045 0.3401 0.2686 0.2122 0.1807 0.2405 0.3536 0.4057 0.4265 0.4248 0.3899 0.3193 0.2510 0.1996 0.1849 0.2762 0.3727 0.4138 0.4284 0.4195 0.3720 0.2989 0.2349 0.1884 0.1975 0.3112 0.3879 0.4200 0.4286 0.4111 0.3521 0.2793 0.2199 0.1814 0.2227 0.3417 0.4173
0.3723 0.2234 0.1813 0.2198 0.2793 0.3522 0.4113 0.4286 0.4199 0.3877 0.3107 0.1972 0.1886 0.2351 0.2993 0.3724 0.4196 0.4284 0.4137 0.3724 0.2755 0.1848 0.1998 0.2513 0.3196 0.3901 0.4248 0.4265 0.4056 0.3532 0.2399 0.1807 0.2124 0.2689 0.3405 0.4047 0.4278 0.4228 0.3950 0.3286 0.2095 0.1836 0.2264 0.2878 0.3610 0.4152 0.4288 0.4176 0.3815 0.2923 0.2111 0.2923 0.3815 0.4176 0.4288 0.4152 0.3610 0.2878 0.2264 0.1836 0.2095 0.3286 0.3950 0.4228 0.4278 0.4047 0.3405 0.2689 0.2124 0.1807 0.2399 0.3532 0.4056 0.4265 0.4248 0.3901 0.3196 0.2513 0.1998 0.1848 0.2755 0.3724 0.4137 0.4284 0.4196 0.3724 0.2993 0.2351 0.1886 0.1972 0.3107 0.3877 0.4199 0.4286 0.4113 0.3522 0.2793 0.2198 0.1813 0.2234 0.3723
0.2780 0.1814 0.2196 0.2791 0.3521 0.4113 0.4286 0.4199 0.3874 0.3101 0.1969 0.1888 0.2354 0.2996 0.3727 0.4197 0.4284 0.4136 0.3721 0.2749 0.1846 0.2000 0.2516 0.3200 0.3904 0.4249 0.4264 0.4054 0.3529 0.2393 0.1807 0.2126 0.2693 0.3408 0.4049 0.4279 0.4227 0.3948 0.3281 0.2091 0.1837 0.2267 0.2882 0.3614 0.4154 0.4288 0.4174 0.3815 0.2947 0.1898 0.1770 0.1898 0.2947 0.3815 0.4174 0.4288 0.4154 0.3614 0.2882 0.2267 0.1837 0.2091 0.3281 0.3948 0.4227 0.4279 0.4049 0.3408 0.2693 0.2126 0.1807 0.2393 0.3529 0.4054 0.4264 0.4249 0.3904 0.3200 0.2516 0.2000 0.1846 0.2749 0.3721 0.4136 0.4284 0.4197 0.3727 0.2996 0.2354 0.1888 0.1969 0.3101 0.3874 0.4199 0.4286 0.4113 0.3521 0.2791 0.2196 0.1814 0.2780
0.2439 0.2195 0.2787 0.3518 0.4111 0.4286 0.4199 0.3873 0.3096 0.1966 0.1889 0.2357 0.3000 0.3730 0.4199 0.4284 0.4134 0.3718 0.2743 0.1845 0.2002 0.2519 0.3203 0.3907 0.4250 0.4264 0.4053 0.3525 0.2387 0.1807 0.2129 0.2696 0.3412 0.4051 0.4279 0.4226 0.3946 0.3276 0.2087 0.1838 0.2269 0.2885 0.3617 0.4155 0.4288 0.4173 0.3811 0.2950 0.1909 0.1947 0.2167 0.1947 0.1909 0.2950 0.3811 0.4173 0.4288 0.4155 0.3617 0.2885 0.2269 0.1838 0.2087 0.3276 0.3946 0.4226 0.4279 0.4051 0.3412 0.2696 0.2129 0.1807 0.2387 0.3525 0.4053 0.4264 0.4250 0.3907 0.3203 0.2519 0.2002 0.1845 0.2743 0.3718 0.4134 0.4284 0.4199 0.3730 0.3000 0.2357 0.1889 0.1966 0.3096 0.3873 0.4199 0.4286 0.4111 0.3518 0.2787 0.2195 0.2439
0.2663 0.2785 0.3513 0.4109 0.4286 0.4199 0.3874 0.3096 0.1964 0.1891 0.2359 0.3003 0.3734 0.4200 0.4284 0.4133 0.3715 0.2737 0.1844 0.2004 0.2522 0.3207 0.3910 0.4250 0.4263 0.4051 0.3521 0.2381 0.1807 0.2131 0.2699 0.3416 0.4053 0.4279 0.4226 0.3944 0.3272 0.2082 0.1839 0.2272 0.2889 0.3621 0.4157 0.4288 0.4172 0.3808 0.2943 0.1901 0.1954 0.2447 0.2762 0.2447 0.1954 0.1901 0.2943 0.3808 0.4172 0.4288 0.4157 0.3621 0.2889 0.2272 0.1839 0.2082 0.3272 0.3944 0.4226 0.4279 0.4053 0.3416 0.2699 0.2131 0.1807 0.2381 0.3521 0.4051 0.4263 0.4250 0.3910 0.3207 0.2522 0.2004 0.1844 0.2737 0.3715 0.4133 0.4284 0.4200 0.3734 0.3003 0.2359 0.1891 0.1964 0.3096 0.3874 0.4199 0.4286 0.4109 0.3513 0.2785 0.2663
0.3072 0.3513 0.4106 0.4286 0.4200 0.3877 0.3101 0.1966 0.1891 0.2360 0.3006 0.3737 0.4201 0.4284 0.4132 0.3712 0.2730 0.1842 0.2006 0.2525 0.3211 0.3913 0.4251 0.4263 0.4049 0.3517 0.2375 0.1807 0.2133 0.2702 0.3419 0.4056 0.4280 0.4225 0.3942 0.3267 0.2078 0.1840 0.2274 0.2892 0.3624 0.4158 0.4288 0.4171 0.3806 0.2937 0.1899 0.1939 0.2452 0.3124 0.3510 0.3124 0.2452 0.1939 0.1899 0.2937 0.3806 0.4171 0.4288 0.4158 0.3624 0.2892 0.2274 0.1840 0.2078 0.3267 0.3942 0.4225 0.4280 0.4056 0.3419 0.2702 0.2133 0.1807 0.2375 0.3517 0.4049 0.4263 0.4251 0.3913 0.3211 0.2525 0.2006 0.1842 0.2730 0.3712 0.4132 0.4284 0.4201 0.3737 0.3006 0.2360 0.1891 0.1966 0.3101 0.3877 0.4200 0.4286 0.4106 0.3513 0.3072
0.3598 0.4117 0.4284 0.4201 0.3879 0.3107 0.1969 0.1889 0.2359 0.3006 0.3738 0.4202 0.4283 0.4130 0.3709 0.2724 0.1841 0.2008 0.2528 0.3214 0.3916 0.4252 0.4262 0.4048 0.3514 0.2370 0.1807 0.2136 0.2705 0.3423 0.4058 0.4280 0.4224 0.3940 0.3261 0.2074 0.1841 0.2277 0.2895 0.3628 0.4160 0.4288 0.4170 0.3803 0.2931 0.1897 0.1941 0.2432 0.3120 0.3857 0.4133 0.3857 0.3120 0.2432 0.1941 0.1897 0.2931 0.3803 0.4170 0.4288 0.4160 0.3628 0.2895 0.2277 0.1841 0.2074 0.3261 0.3940 0.4224 0.4280 0.4058 0.3423 0.2705 0.2136 0.1807 0.2370 0.3514 0.4048 0.4262 0.4252 0.3916 0.3214 0.2528 0.2008 0.1841 0.2724 0.3709 0.4130 0.4283 0.4202 0.3738 0.3006 0.2359 0.1889 0.1969 0.3107 0.3879 0.4201 0.4284 0.4117 0.3598
0.4051 0.4306 0.4202 0.3881 0.3112 0.1972 0.1888 0.2357 0.3003 0.3737 0.4202 0.4283 0.4129 0.3706 0.2718 0.1840 0.2010 0.2531 0.3218 0.3918 0.4252 0.4262 0.4046 0.3510 0.2364 0.1807 0.2138 0.2708 0.3426 0.4060 0.4280 0.4223 0.3938 0.3256 0.2070 0.1843 0.2279 0.2899 0.3631 0.4161 0.4288 0.4169 0.3800 0.2925 0.1895 0.1943 0.2435 0.3098 0.3836 0.4246 0.4277 0.4246 0.3836 0.3098 0.2435 0.1943 0.1895 0.2925 0.3800 0.4169 0.4288 0.4161 0.3631 0.2899 0.2279 0.1843 0.2070 0.3256 0.3938 0.4223 0.4280 0.4060 0.3426 0.2708 0.2138 0.1807 0.2364 0.3510 0.4046 0.4262 0.4252 0.3918 0.3218 0.2531 0.2010 0.1840 0.2718 0.3706 0.4129 0.4283 0.4202 0.3737 0.3003 0.2357 0.1888 0.1972 0.3112 0.3881 0.4202 0.4306 0.4051
0.4265 0.4216 0.3884 0.3118 0.1975 0.1886 0.2354 0.3000 0.3734 0.4201 0.4283 0.4129 0.3704 0.2712 0.1839 0.2012 0.2534 0.3221 0.3921 0.4253 0.4261 0.4044 0.3506 0.2358 0.1807 0.2140 0.2712 0.3430 0.4062 0.4280 0.4222 0.3936 0.3251 0.2066 0.1844 0.2282 0.2902 0.3635 0.4163 0.4287 0.4167 0.3798 0.2919 0.1892 0.1945 0.2438 0.3102 0.3823 0.4229 0.4265 0.4136 0.4265 0.4229 0.3823 0.3102 0.2438 0.1945 0.1892 0.2919 0.3798 0.4167 0.4287 0.4163 0.3635 0.2902 0.2282 0.1844 0.2066 0.3251 0.3936 0.4222 0.4280 0.4062 0.3430 0.2712 0.2140 0.1807 0.2358 0.3506 0.4044 0.4261 0.4253 0.3921 0.3221 0.2534 0.2012 0.1839 0.2712 0.3704 0.4129 0.4283 0.4201 0.3734 0.3000 0.2354 0.1886 0.1975 0.3118 0.3884 0.4216 0.4265
0.4291 0.3887 0.3124 0.1978 0.1884 0.2351 0.2996 0.3730 0.4200 0.4284 0.4130 0.3706 0.2712 0.1838 0.2014 0.2536 0.3225 0.3924 0.4254 0.4261 0.4043 0.3502 0.2352 0.1807 0.2143 0.2715 0.3434 0.4064 0.4281 0.4222 0.3934 0.3246 0.2062 0.1845 0.2285 0.2906 0.3638 0.4164 0.4287 0.4166 0.3795 0.2913 0.1890 0.1947 0.2441 0.3107 0.3827 0.4228 0.4276 0.4057 0.3741 0.4057 0.4276 0.4228 0.3827 0.3107 0.2441 0.1947 0.1890 0.2913 0.3795 0.4166 0.4287 0.4164 0.3638 0.2906 0.2285 0.1845 0.2062 0.3246 0.3934 0.4222 0.4281 0.4064 0.3434 0.2715 0.2143 0.1807 0.2352 0.3502 0.4043 0.4261 0.4254 0.3924 0.3225 0.2536 0.2014 0.1838 0.2712 0.3706 0.4130 0.4284 0.4200 0.3730 0.2996 0.2351 0.1884 0.1978 0.3124 0.3887 0.4291
0.4088 0.3131 0.1981 0.1882 0.2349 0.2993 0.3727 0.4199 0.4284 0.4132 0.3709 0.2718 0.1839 0.2014 0.2538 0.3228 0.3926 0.4254 0.4260 0.4041 0.3498 0.2346 0.1807 0.2145 0.2718 0.3437 0.4066 0.4281 0.4221 0.3931 0.3241 0.2058 0.1847 0.2287 0.2909 0.3641 0.4165 0.4287 0.4165 0.3792 0.2907 0.1888 0.1949 0.2444 0.3110 0.3830 0.4230 0.4275 0.4092 0.3555 0.2912 0.3555 0.4092 0.4275 0.4230 0.3830 0.3110 0.2444 0.1949 0.1888 0.2907 0.3792 0.4165 0.4287 0.4165 0.3641 0.2909 0.2287 0.1847 0.2058 0.3241 0.3931 0.4221 0.4281 0.4066 0.3437 0.2718 0.2145 0.1807 0.2346 0.3498 0.4041 0.4260 0.4254 0.3926 0.3228 0.2538 0.2014 0.1839 0.2718 0.3709 0.4132 0.4284 0.4199 0.3727 0.2993 0.2349 0.1882 0.1981 0.3131 0.4088
0.3491 0.1986 0.1880 0.2346 0.2989 0.3724 0.4197 0.4284 0.4133 0.3712 0.2724 0.1840 0.2012 0.2536 0.3228 0.3928 0.4255 0.4260 0.4039 0.3494 0.2340 0.1807 0.2147 0.2721 0.3441 0.4068 0.4281 0.4220 0.3929 0.3236 0.2054 0.1848 0.2290 0.2912 0.3645 0.4167 0.4287 0.4164 0.3790 0.2900 0.1886 0.1951 0.2447 0.3114 0.3833 0.4231 0.4275 0.4092 0.3612 0.2514 0.1842 0.2514 0.3612 0.4092 0.4275 0.4231 0.3833 0.3114 0.2447 0.1951 0.1886 0.2900 0.3790 0.4164 0.4287 0.4167 0.3645 0.2912 0.2290 0.1848 0.2054 0.3236 0.3929 0.4220 0.4281 0.4068 0.3441 0.2721 0.2147 0.1807 0.2340 0.3494 0.4039 0.4260 0.4255 0.3928 0.3228 0.2536 0.2012 0.1840 0.2724 0.3712 0.4133 0.4284 0.4197 0.3724 0.2989 0.2346 0.1880 0.1986 0.3491
0.2590 0.1879 0.2343 0.2986 0.3720 0.4196 0.4284 0.4134 0.3715 0.2730 0.1841 0.2010 0.2534 0.3225 0.3926 0.4255 0.4259 0.4038 0.3490 0.2335 0.1807 0.2150 0.2725 0.3444 0.4070 0.4282 0.4219 0.3927 0.3231 0.2050 0.1849 0.2292 0.2916 0.3648 0.4168 0.4287 0.4163 0.3787 0.2894 0.1885 0.1953 0.2449 0.3117 0.3836 0.4231 0.4274 0.4089 0.3613 0.2527 0.1815 0.1872 0.1815 0.2527 0.3613 0.4089 0.4274 0.4231 0.3836 0.3117 0.2449 0.1953 0.1885 0.2894 0.3787 0.4163 0.4287 0.4168 0.3648 0.2916 0.2292 0.1849 0.2050 0.3231 0.3927 0.4219 0.4282 0.4070 0.3444 0.2725 0.2150 0.1807 0.2335 0.3490 0.4038 0.4259 0.4255 0.3926 0.3225 0.2534 0.2010 0.1841 0.2730 0.3715 0.4134 0.4284 0.4196 0.3720 0.2986 0.2343 0.1879 0.2590
0.2472 0.2342 0.2982 0.3717 0.4195 0.4284 0.4136 0.3718 0.2737 0.1842 0.2008 0.2531 0.3221 0.3924 0.4254 0.4260 0.4038 0.3488 0.2330 0.1807 0.2152 0.2728 0.3448 0.4072 0.4282 0.4218 0.3925 0.3226 0.2046 0.1851 0.2295 0.2919 0.3652 0.4170 0.4287 0.4162 0.3784 0.2888 0.1883 0.1955 0.2452 0.3121 0.3840 0.4232 0.4274 0.4088 0.3608 0.2528 0.1824 0.2091 0.2341 0.2091 0.1824 0.2528 0.3608 0.4088 0.4274 0.4232 0.3840 0.3121 0.2452 0.1955 0.1883 0.2888 0.3784 0.4162 0.4287 0.4170 0.3652 0.2919 0.2295 0.1851 0.2046 0.3226 0.3925 0.4218 0.4282 0.4072 0.3448 0.2728 0.2152 0.1807 0.2330 0.3488 0.4038 0.4260 0.4254 0.3924 0.3221 0.2531 0.2008 0.1842 0.2737 0.3718 0.4136 0.4284 0.4195 0.3717 0.2982 0.2342 0.2472
0.2761 0.2981 0.3713 0.4194 0.4284 0.4137 0.3721 0.2743 0.1844 0.2006 0.2528 0.3218 0.3921 0.4254 0.4260 0.4039 0.3490 0.2330 0.1807 0.2154 0.2731 0.3452 0.4074 0.4282 0.4218 0.3923 0.3220 0.2042 0.1852 0.2298 0.2923 0.3655 0.4171 0.4287 0.4161 0.3781 0.2882 0.1881 0.1957 0.2455 0.3124 0.3843 0.4233 0.4273 0.4086 0.3604 0.2521 0.1813 0.2097 0.2651 0.2996 0.2651 0.2097 0.1813 0.2521 0.3604 0.4086 0.4273 0.4233 0.3843 0.3124 0.2455 0.1957 0.1881 0.2882 0.3781 0.4161 0.4287 0.4171 0.3655 0.2923 0.2298 0.1852 0.2042 0.3220 0.3923 0.4218 0.4282 0.4074 0.3452 0.2731 0.2154 0.1807 0.2330 0.3490 0.4039 0.4260 0.4254 0.3921 0.3218 0.2528 0.2006 0.1844 0.2743 0.3721 0.4137 0.4284 0.4194 0.3713 0.2981 0.2761
0.3212 0.3714 0.4191 0.4285 0.4138 0.3724 0.2749 0.1845 0.2004 0.2525 0.3214 0.3918 0.4253 0.4261 0.4041 0.3494 0.2335 0.1807 0.2154 0.2732 0.3455 0.4076 0.4282 0.4217 0.3921 0.3215 0.2038 0.1853 0.2300 0.2926 0.3659 0.4172 0.4287 0.4160 0.3779 0.2876 0.1879 0.1959 0.2458 0.3128 0.3846 0.4234 0.4273 0.4085 0.3601 0.2515 0.1813 0.2080 0.2653 0.3371 0.3754 0.3371 0.2653 0.2080 0.1813 0.2515 0.3601 0.4085 0.4273 0.4234 0.3846 0.3128 0.2458 0.1959 0.1879 0.2876 0.3779 0.4160 0.4287 0.4172 0.3659 0.2926 0.2300 0.1853 0.2038 0.3215 0.3921 0.4217 0.4282 0.4076 0.3455 0.2732 0.2154 0.1807 0.2335 0.3494 0.4041 0.4261 0.4253 0.3918 0.3214 0.2525 0.2004 0.1845 0.2749 0.3724 0.4138 0.4285 0.4191 0.3714 0.3212
0.3744 0.4207 0.4283 0.4139 0.3727 0.2755 0.1846 0.2002 0.2522 0.3211 0.3916 0.4252 0.4261 0.4043 0.3498 0.2340 0.1807 0.2152 0.2731 0.3455 0.4077 0.4283 0.4216 0.3918 0.3210 0.2035 0.1855 0.2303 0.2930 0.3662 0.4174 0.4287 0.4159 0.3776 0.2870 0.1877 0.1961 0.2461 0.3132 0.3849 0.4235 0.4273 0.4083 0.3597 0.2509 0.1812 0.2082 0.2632 0.3363 0.4041 0.4227 0.4041 0.3363 0.2632 0.2082 0.1812 0.2509 0.3597 0.4083 0.4273 0.4235 0.3849 0.3132 0.2461 0.1961 0.1877 0.2870 0.3776 0.4159 0.4287 0.4174 0.3662 0.2930 0.2303 0.1855 0.2035 0.3210 0.3918 0.4216 0.4283 0.4077 0.3455 0.2731 0.2152 0.1807 0.2340 0.3498 0.4043 0.4261 0.4252 0.3916 0.3211 0.2522 0.2002 0.1846 0.2755 0.3727 0.4139 0.4283 0.4207 0.3744
0.4133 0.4305 0.4140 0.3729 0.2762 0.1848 0.2000 0.2519 0.3207 0.3913 0.4252 0.4262 0.4044 0.3502 0.2346 0.1807 0.2150 0.2728 0.3452 0.4076 0.4283 0.4215 0.3917 0.3204 0.2031 0.1856 0.2305 0.2933 0.3665 0.4175 0.4287 0.4157 0.3773 0.2863 0.1875 0.1963 0.2464 0.3135 0.3852 0.4236 0.4272 0.4082 0.3594 0.2503 0.1812 0.2085 0.2635 0.3341 0.4017 0.4281 0.4253 0.4281 0.4017 0.3341 0.2635 0.2085 0.1812 0.2503 0.3594 0.4082 0.4272 0.4236 0.3852 0.3135 0.2464 0.1963 0.1875 0.2863 0.3773 0.4157 0.4287 0.4175 0.3665 0.2933 0.2305 0.1856 0.2031 0.3204 0.3917 0.4215 0.4283 0.4076 0.3452 0.2728 0.2150 0.1807 0.2346 0.3502 0.4044 0.4262 0.4252 0.3913 0.3207 0.2519 0.2000 0.1848 0.2762 0.3729 0.4140 0.4305 0.4133
0.4292 0.4150 0.3732 0.2768 0.1849 0.1998 0.2516 0.3203 0.3910 0.4251 0.4262 0.4046 0.3506 0.2352 0.1807 0.2147 0.2725 0.3448 0.4074 0.4282 0.4216 0.3917 0.3202 0.2028 0.1858 0.2308 0.2936 0.3669 0.4176 0.4287 0.4156 0.3770 0.2857 0.1873 0.1965 0.2467 0.3139 0.3855 0.4236 0.4272 0.4080 0.3590 0.2497 0.1812 0.2088 0.2639 0.3346 0.4009 0.4273 0.4220 0.4042 0.4220 0.4273 0.4009 0.3346 0.2639 0.2088 0.1812 0.2497 0.3590 0.4080 0.4272 0.4236 0.3855 0.3139 0.2467 0.1965 0.1873 0.2857 0.3770 0.4156 0.4287 0.4176 0.3669 0.2936 0.2308 0.1858 0.2028 0.3202 0.3917 0.4216 0.4282 0.4074 0.3448 0.2725 0.2147 0.1807 0.2352 0.3506 0.4046 0.4262 0.4251 0.3910 0.3203 0.2516 0.1998 0.1849 0.2768 0.3732 0.4150 0.4292
0.4261 0.3736 0.2774 0.1850 0.1996 0.2513 0.3200 0.3907 0.4250 0.4263 0.4048 0.3510 0.2358 0.1807 0.2145 0.2721 0.3444 0.4072 0.4282 0.4217 0.3918 0.3204 0.2028 0.1858 0.2310 0.2939 0.3672 0.4178 0.4287 0.4155 0.3768 0.2851 0.1872 0.1967 0.2469 0.3142 0.3858 0.4237 0.4271 0.4079 0.3587 0.2490 0.1811 0.2090 0.2642 0.3350 0.4013 0.4272 0.4239 0.3934 0.3531 0.3934 0.4239 0.4272 0.4013 0.3350 0.2642 0.2090 0.1811 0.2490 0.3587 0.4079 0.4271 0.4237 0.3858 0.3142 0.2469 0.1967 0.1872 0.2851 0.3768 0.4155 0.4287 0.4178 0.3672 0.2939 0.2310 0.1858 0.2028 0.3204 0.3918 0.4217 0.4282 0.4072 0.3444 0.2721 0.2145 0.1807 0.2358 0.3510 0.4048 0.4263 0.4250 0.3907 0.3200 0.2513 0.1996 0.1850 0.2774 0.3736 0.4261
0.3976 0.2782 0.1852 0.1994 0.2510 0.3196 0.3904 0.4250 0.4263 0.4049 0.3514 0.2364 0.1807 0.2143 0.2718 0.3441 0.4070 0.4282 0.4218 0.3921 0.3210 0.2031 0.1858 0.2310 0.2941 0.3675 0.4179 0.4287 0.4154 0.3765 0.2845 0.1870 0.1969 0.2472 0.3146 0.3861 0.4238 0.4271 0.4078 0.3583 0.2484 0.1811 0.2092 0.2645 0.3354 0.4015 0.4273 0.4239 0.3978 0.3290 0.2520 0.3290 0.3978 0.4239 0.4273 0.4015 0.3354 0.2645 0.2092 0.1811 0.2484 0.3583 0.4078 0.4271 0.4238 0.3861 0.3146 0.2472 0.1969 0.1870 0.2845 0.3765 0.4154 0.4287 0.4179 0.3675 0.2941 0.2310 0.1858 0.2031 0.3210 0.3921 0.4218 0.4282 0.4070 0.3441 0.2718 0.2143 0.1807 0.2364 0.3514 0.4049 0.4263 0.4250 0.3904 0.3196 0.2510 0.1994 0.1852 0.2782 0.3976
0.3208 0.1854 0.1991 0.2507 0.3193 0.3901 0.4249 0.4264 0.4051 0.3517 0.2370 0.1807 0.2140 0.2715 0.3437 0.4068 0.4282 0.4218 0.3923 0.3215 0.2035 0.1856 0.2308 0.2939 0.3675 0.4180 0.4286 0.4153 0.3762 0.2839 0.1868 0.1971 0.2475 0.3149 0.3864 0.4239 0.4271 0.4076 0.3580 0.2478 0.1810 0.2094 0.2648 0.3358 0.4018 0.4273 0.4238 0.3978 0.3343 0.2136 0.1736 0.2136 0.3343 0.3978 0.4238 0.4273 0.4018 0.3358 0.2648 0.2094 0.1810 0.2478 0.3580 0.4076 0.4271 0.4239 0.3864 0.3149 0.2475 0.1971 0.1868 0.2839 0.3762 0.4153 0.4286 0.4180 0.3675 0.2939 0.2308 0.1856 0.2035 0.3215 0.3923 0.4218 0.4282 0.4068 0.3437 0.2715 0.2140 0.1807 0.2370 0.3517 0.4051 0.4264 0.4249 0.3901 0.3193 0.2507 0.1991 0.1854 0.3208
0.2483 0.1991 0.2504 0.3189 0.3899 0.4248 0.4264 0.4053 0.3521 0.2375 0.1807 0.2138 0.2712 0.3434 0.4066 0.4281 0.4219 0.3925 0.3220 0.2038 0.1855 0.2305 0.2936 0.3672 0.4179 0.4286 0.4152 0.3760 0.2832 0.1867 0.1973 0.2478 0.3153 0.3867 0.4240 0.4270 0.4074 0.3576 0.2472 0.1810 0.2097 0.2652 0.3361 0.4020 0.4274 0.4237 0.3975 0.3344 0.2148 0.1830 0.2004 0.1830 0.2148 0.3344 0.3975 0.4237 0.4274 0.4020 0.3361 0.2652 0.2097 0.1810 0.2472 0.3576 0.4074 0.4270 0.4240 0.3867 0.3153 0.2478 0.1973 0.1867 0.2832 0.3760 0.4152 0.4286 0.4179 0.3672 0.2936 0.2305 0.1855 0.2038 0.3220 0.3925 0.4219 0.4281 0.4066 0.3434 0.2712 0.2138 0.1807 0.2375 0.3521 0.4053 0.4264 0.4248 0.3899 0.3189 0.2504 0.1991 0.2483
0.2535 0.2503 0.3185 0.3896 0.4248 0.4265 0.4054 0.3525 0.2381 0.1807 0.2136 0.2708 0.3430 0.4064 0.4281 0.4220 0.3927 0.3226 0.2042 0.1853 0.2303 0.2933 0.3669 0.4178 0.4287 0.4153 0.3760 0.2829 0.1865 0.1975 0.2481 0.3157 0.3870 0.4240 0.4270 0.4073 0.3573 0.2466 0.1810 0.2099 0.2655 0.3365 0.4022 0.4274 0.4236 0.3973 0.3339 0.2145 0.1838 0.2252 0.2534 0.2252 0.1838 0.2145 0.3339 0.3973 0.4236 0.4274 0.4022 0.3365 0.2655 0.2099 0.1810 0.2466 0.3573 0.4073 0.4270 0.4240 0.3870 0.3157 0.2481 0.1975 0.1865 0.2829 0.3760 0.4153 0.4287 0.4178 0.3669 0.2933 0.2303 0.1853 0.2042 0.3226 0.3927 0.4220 0.4281 0.4064 0.3430 0.2708 0.2136 0.1807 0.2381 0.3525 0.4054 0.4265 0.4248 0.3896 0.3185 0.2503 0.2535
0.2872 0.3184 0.3892 0.4247 0.4265 0.4056 0.3529 0.2387 0.1807 0.2133 0.2705 0.3426 0.4062 0.4281 0.4221 0.3929 0.3231 0.2046 0.1852 0.2300 0.2930 0.3665 0.4176 0.4287 0.4154 0.3762 0.2832 0.1865 0.1976 0.2483 0.3160 0.3872 0.4241 0.4269 0.4071 0.3569 0.2460 0.1809 0.2101 0.2658 0.3368 0.4024 0.4275 0.4236 0.3971 0.3334 0.2140 0.1825 0.2258 0.2871 0.3242 0.2871 0.2258 0.1825 0.2140 0.3334 0.3971 0.4236 0.4275 0.4024 0.3368 0.2658 0.2101 0.1809 0.2460 0.3569 0.4071 0.4269 0.4241 0.3872 0.3160 0.2483 0.1976 0.1865 0.2832 0.3762 0.4154 0.4287 0.4176 0.3665 0.2930 0.2300 0.1852 0.2046 0.3231 0.3929 0.4221 0.4281 0.4062 0.3426 0.2705 0.2133 0.1807 0.2387 0.3529 0.4056 0.4265 0.4247 0.3892 0.3184 0.2872
0.3359 0.3896 0.4244 0.4266 0.4057 0.3532 0.2393 0.1807 0.2131 0.2702 0.3423 0.4060 0.4280 0.4222 0.3931 0.3236 0.2050 0.1851 0.2298 0.2926 0.3662 0.4175 0.4287 0.4155 0.3765 0.2839 0.1867 0.1975 0.2483 0.3161 0.3875 0.4242 0.4269 0.4070 0.3565 0.2454 0.1809 0.2103 0.2661 0.3372 0.4027 0.4275 0.4235 0.3969 0.3329 0.2136 0.1825 0.2240 0.2872 0.3616 0.3966 0.3616 0.2872 0.2240 0.1825 0.2136 0.3329 0.3969 0.4235 0.4275 0.4027 0.3372 0.2661 0.2103 0.1809 0.2454 0.3565 0.4070 0.4269 0.4242 0.3875 0.3161 0.2483 0.1975 0.1867 0.2839 0.3765 0.4155 0.4287 0.4175 0.3662 0.2926 0.2298 0.1851 0.2050 0.3236 0.3931 0.4222 0.4280 0.4060 0.3423 0.2702 0.2131 0.1807 0.2393 0.3532 0.4057 0.4266 0.4244 0.3896 0.3359
0.3878 0.4264 0.4265 0.4059 0.3536 0.2399 0.1807 0.2129 0.2699 0.3419 0.4058 0.4280 0.4222 0.3934 0.3241 0.2054 0.1849 0.2295 0.2923 0.3659 0.4174 0.4287 0.4156 0.3768 0.2845 0.1868 0.1973 0.2481 0.3160 0.3875 0.4242 0.4269 0.4068 0.3562 0.2447 0.1809 0.2106 0.2664 0.3376 0.4029 0.4275 0.4234 0.3967 0.3325 0.2131 0.1827 0.2242 0.2849 0.3601 0.4168 0.4271 0.4168 0.3601 0.2849 0.2242 0.1827 0.2131 0.3325 0.3967 0.4234 0.4275 0.4029 0.3376 0.2664 0.2106 0.1809 0.2447 0.3562 0.4068 0.4269 0.4242 0.3875 0.3160 0.2481 0.1973 0.1868 0.2845 0.3768 0.4156 0.4287 0.4174 0.3659 0.2923 0.2295 0.1849 0.2054 0.3241 0.3934 0.4222 0.4280 0.4058 0.3419 0.2699 0.2129 0.1807 0.2399 0.3536 0.4059 0.4265 0.4264 0.3878
0.4196 0.4285 0.4061 0.3540 0.2405 0.1807 0.2126 0.2696 0.3416 0.4056 0.4280 0.4223 0.3936 0.3246 0.2058 0.1848 0.2292 0.2919 0.3655 0.4172 0.4287 0.4157 0.3770 0.2851 0.1870 0.1971 0.2478 0.3157 0.3872 0.4242 0.4269 0.4068 0.3559 0.2441 0.1808 0.2108 0.2667 0.3379 0.4031 0.4276 0.4233 0.3965 0.3320 0.2126 0.1828 0.2245 0.2853 0.3583 0.4144 0.4286 0.4208 0.4286 0.4144 0.3583 0.2853 0.2245 0.1828 0.2126 0.3320 0.3965 0.4233 0.4276 0.4031 0.3379 0.2667 0.2108 0.1808 0.2441 0.3559 0.4068 0.4269 0.4242 0.3872 0.3157 0.2478 0.1971 0.1870 0.2851 0.3770 0.4157 0.4287 0.4172 0.3655 0.2919 0.2292 0.1848 0.2058 0.3246 0.3936 0.4223 0.4280 0.4056 0.3416 0.2696 0.2126 0.1807 0.2405 0.3540 0.4061 0.4285 0.4196
0.4304 0.4066 0.3544 0.2411 0.1807 0.2124 0.2693 0.3412 0.4053 0.4280 0.4224 0.3938 0.3251 0.2062 0.1847 0.2290 0.2916 0.3652 0.4171 0.4287 0.4159 0.3773 0.2857 0.1872 0.1969 0.2475 0.3153 0.3870 0.4241 0.4269 0.4068 0.3559 0.2438 0.1808 0.2110 0.2670 0.3383 0.4034 0.4276 0.4233 0.3963 0.3315 0.2122 0.1829 0.2248 0.2857 0.3588 0.4142 0.4288 0.4154 0.3916 0.4154 0.4288 0.4142 0.3588 0.2857 0.2248 0.1829 0.2122 0.3315 0.3963 0.4233 0.4276 0.4034 0.3383 0.2670 0.2110 0.1808 0.2438 0.3559 0.4068 0.4269 0.4241 0.3870 0.3153 0.2475 0.1969 0.1872 0.2857 0.3773 0.4159 0.4287 0.4171 0.3652 0.2916 0.2290 0.1847 0.2062 0.3251 0.3938 0.4224 0.4280 0.4053 0.3412 0.2693 0.2124 0.1807 0.2411 0.3544 0.4066 0.4304
0.4211 0.3548 0.2417 0.1807 0.2122 0.2689 0.3408 0.4051 0.4279 0.4225 0.3940 0.3256 0.2066 0.1845 0.2287 0.2912 0.3648 0.4170 0.4287 0.4160 0.3776 0.2863 0.1873 0.1967 0.2472 0.3149 0.3867 0.4240 0.4269 0.4070 0.3562 0.2441 0.1808 0.2111 0.2673 0.3386 0.4036 0.4276 0.4232 0.3961 0.3311 0.2117 0.1830 0.2250 0.2860 0.3592 0.4144 0.4288 0.4181 0.3774 0.3269 0.3774 0.4181 0.4288 0.4144 0.3592 0.2860 0.2250 0.1830 0.2117 0.3311 0.3961 0.4232 0.4276 0.4036 0.3386 0.2673 0.2111 0.1808 0.2441 0.3562 0.4070 0.4269 0.4240 0.3867 0.3149 0.2472 0.1967 0.1873 0.2863 0.3776 0.4160 0.4287 0.4170 0.3648 0.2912 0.2287 0.1845 0.2066 0.3256 0.3940 0.4225 0.4279 0.4051 0.3408 0.2689 0.2122 0.1807 0.2417 0.3548 0.4211
0.3829 0.2425 0.1807 0.2119 0.2686 0.3405 0.4049 0.4279 0.4226 0.3942 0.3261 0.2070 0.1844 0.2285 0.2909 0.3645 0.4168 0.4287 0.4161 0.3779 0.2870 0.1875 0.1965 0.2469 0.3146 0.3864 0.4240 0.4270 0.4071 0.3565 0.2447 0.1808 0.2110 0.2673 0.3388 0.4038 0.4277 0.4231 0.3959 0.3306 0.2113 0.1831 0.2253 0.2864 0.3595 0.4146 0.4288 0.4181 0.3826 0.2948 0.2133 0.2948 0.3826 0.4181 0.4288 0.4146 0.3595 0.2864 0.2253 0.1831 0.2113 0.3306 0.3959 0.4231 0.4277 0.4038 0.3388 0.2673 0.2110 0.1808 0.2447 0.3565 0.4071 0.4270 0.4240 0.3864 0.3146 0.2469 0.1965 0.1875 0.2870 0.3779 0.4161 0.4287 0.4168 0.3645 0.2909 0.2285 0.1844 0.2070 0.3261 0.3942 0.4226 0.4279 0.4049 0.3405 0.2686 0.2119 0.1807 0.2425 0.3829
0.2926 0.1809 0.2117 0.2683 0.3401 0.4047 0.4279 0.4226 0.3944 0.3267 0.2074 0.1843 0.2282 0.2906 0.3641 0.4167 0.4287 0.4162 0.3781 0.2876 0.1877 0.1963 0.2467 0.3142 0.3861 0.4239 0.4270 0.4073 0.3569 0.2454 0.1809 0.2108 0.2670 0.3386 0.4038 0.4277 0.4231 0.3957 0.3301 0.2108 0.1832 0.2256 0.2867 0.3599 0.4147 0.4288 0.4179 0.3826 0.2974 0.1908 0.1765 0.1908 0.2974 0.3826 0.4179 0.4288 0.4147 0.3599 0.2867 0.2256 0.1832 0.2108 0.3301 0.3957 0.4231 0.4277 0.4038 0.3386 0.2670 0.2108 0.1809 0.2454 0.3569 0.4073 0.4270 0.4239 0.3861 0.3142 0.2467 0.1963 0.1877 0.2876 0.3781 0.4162 0.4287 0.4167 0.3641 0.2906 0.2282 0.1843 0.2074 0.3267 0.3944 0.4226 0.4279 0.4047 0.3401 0.2683 0.2117 0.1809 0.2926
0.2441 0.2116 0.2680 0.3398 0.4045 0.4278 0.4227 0.3946 0.3272 0.2078 0.1841 0.2279 0.2902 0.3638 0.4165 0.4287 0.4163 0.3784 0.2882 0.1879 0.1961 0.2464 0.3139 0.3858 0.4238 0.4271 0.4074 0.3573 0.2460 0.1809 0.2106 0.2667 0.3383 0.4036 0.4277 0.4231 0.3956 0.3297 0.2104 0.1833 0.2258 0.2871 0.3602 0.4149 0.4288 0.4178 0.3822 0.2976 0.1918 0.1939 0.2157 0.1939 0.1918 0.2976 0.3822 0.4178 0.4288 0.4149 0.3602 0.2871 0.2258 0.1833 0.2104 0.3297 0.3956 0.4231 0.4277 0.4036 0.3383 0.2667 0.2106 0.1809 0.2460 0.3573 0.4074 0.4271 0.4238 0.3858 0.3139 0.2464 0.1961 0.1879 0.2882 0.3784 0.4163 0.4287 0.4165 0.3638 0.2902 0.2279 0.1841 0.2078 0.3272 0.3946 0.4227 0.4278 0.4045 0.3398 0.2680 0.2116 0.2441
0.2612 0.2678 0.3393 0.4043 0.4278 0.4228 0.3948 0.3276 0.2082 0.1840 0.2277 0.2899 0.3635 0.4164 0.4287 0.4164 0.3787 0.2888 0.1881 0.1959 0.2461 0.3135 0.3855 0.4237 0.4271 0.4076 0.3576 0.2466 0.1809 0.2103 0.2664 0.3379 0.4034 0.4276 0.4231 0.3957 0.3297 0.2102 0.1834 0.2260 0.2874 0.3606 0.4150 0.4288 0.4176 0.3820 0.2970 0.1910 0.1946 0.2435 0.2748 0.2435 0.1946 0.1910 0.2970 0.3820 0.4176 0.4288 0.4150 0.3606 0.2874 0.2260 0.1834 0.2102 0.3297 0.3957 0.4231 0.4276 0.4034 0.3379 0.2664 0.2103 0.1809 0.2466 0.3576 0.4076 0.4271 0.4237 0.3855 0.3135 0.2461 0.1959 0.1881 0.2888 0.3787 0.4164 0.4287 0.4164 0.3635 0.2899 0.2277 0.1840 0.2082 0.3276 0.3948 0.4228 0.4278 0.4043 0.3393 0.2678 0.2612
0.2995 0.3393 0.4039 0.4278 0.4229 0.3950 0.3281 0.2087 0.1839 0.2274 0.2895 0.3631 0.4163 0.4287 0.4165 0.3790 0.2894 0.1883 0.1957 0.2458 0.3132 0.3852 0.4236 0.4271 0.4078 0.3580 0.2472 0.1810 0.2101 0.2661 0.3376 0.4031 0.4276 0.4232 0.3959 0.3301 0.2104 0.1834 0.2261 0.2877 0.3609 0.4152 0.4288 0.4175 0.3817 0.2964 0.1908 0.1931 0.2440 0.3109 0.3494 0.3109 0.2440 0.1931 0.1908 0.2964 0.3817 0.4175 0.4288 0.4152 0.3609 0.2877 0.2261 0.1834 0.2104 0.3301 0.3959 0.4232 0.4276 0.4031 0.3376 0.2661 0.2101 0.1810 0.2472 0.3580 0.4078 0.4271 0.4236 0.3852 0.3132 0.2458 0.1957 0.1883 0.2894 0.3790 0.4165 0.4287 0.4163 0.3631 0.2895 0.2274 0.1839 0.2087 0.3281 0.3950 0.4229 0.4278 0.4039 0.3393 0.2995
0.3510 0.4048 0.4275 0.4230 0.3952 0.3286 0.2091 0.1838 0.2272 0.2892 0.3628 0.4161 0.4287 0.4166 0.3792 0.2900 0.1885 0.1955 0.2455 0.3128 0.3849 0.4236 0.4272 0.4079 0.3583 0.2478 0.1810 0.2099 0.2658 0.3372 0.4029 0.4276 0.4233 0.3961 0.3306 0.2108 0.1833 0.2260 0.2877 0.3610 0.4153 0.4288 0.4174 0.3814 0.2958 0.1906 0.1933 0.2419 0.3105 0.3843 0.4125 0.3843 0.3105 0.2419 0.1933 0.1906 0.2958 0.3814 0.4174 0.4288 0.4153 0.3610 0.2877 0.2260 0.1833 0.2108 0.3306 0.3961 0.4233 0.4276 0.4029 0.3372 0.2658 0.2099 0.1810 0.2478 0.3583 0.4079 0.4272 0.4236 0.3849 0.3128 0.2455 0.1955 0.1885 0.2900 0.3792 0.4166 0.4287 0.4161 0.3628 0.2892 0.2272 0.1838 0.2091 0.3286 0.3952 0.4230 0.4275 0.4048 0.3510
0.3994 0.4297 0.4229 0.3954 0.3291 0.2095 0.1837 0.2269 0.2889 0.3624 0.4160 0.4288 0.4167 0.3795 0.2907 0.1886 0.1953 0.2452 0.3124 0.3846 0.4235 0.4272 0.4080 0.3587 0.2484 0.1810 0.2097 0.2655 0.3368 0.4027 0.4275 0.4233 0.3963 0.3311 0.2113 0.1832 0.2258 0.2874 0.3609 0.4153 0.4288 0.4173 0.3812 0.2951 0.1904 0.1935 0.2422 0.3083 0.3823 0.4243 0.4277 0.4243 0.3823 0.3083 0.2422 0.1935 0.1904 0.2951 0.3812 0.4173 0.4288 0.4153 0.3609 0.2874 0.2258 0.1832 0.2113 0.3311 0.3963 0.4233 0.4275 0.4027 0.3368 0.2655 0.2097 0.1810 0.2484 0.3587 0.4080 0.4272 0.4235 0.3846 0.3124 0.2452 0.1953 0.1886 0.2907 0.3795 0.4167 0.4288 0.4160 0.3624 0.2889 0.2269 0.1837 0.2095 0.3291 0.3954 0.4229 0.4297 0.3994
0.4244 0.4246 0.3957 0.3296 0.2100 0.1836 0.2267 0.2885 0.3621 0.4158 0.4288 0.4169 0.3798 0.2913 0.1888 0.1951 0.2449 0.3121 0.3843 0.4234 0.4273 0.4082 0.3590 0.2490 0.1811 0.2094 0.2652 0.3365 0.4024 0.4275 0.4234 0.3965 0.3315 0.2117 0.1831 0.2256 0.2871 0.3606 0.4152 0.4288 0.4173 0.3811 0.2946 0.1901 0.1937 0.2426 0.3087 0.3809 0.4225 0.4267 0.4141 0.4267 0.4225 0.3809 0.3087 0.2426 0.1937 0.1901 0.2946 0.3811 0.4173 0.4288 0.4152 0.3606 0.2871 0.2256 0.1831 0.2117 0.3315 0.3965 0.4234 0.4275 0.4024 0.3365 0.2652 0.2094 0.1811 0.2490 0.3590 0.4082 0.4273 0.4234 0.3843 0.3121 0.2449 0.1951 0.1888 0.2913 0.3798 0.4169 0.4288 0.4158 0.3621 0.2885 0.2267 0.1836 0.2100 0.3296 0.3957 0.4246 0.4244
0.4301 0.3960 0.3301 0.2104 0.1834 0.2264 0.2882 0.3617 0.4157 0.4288 0.4170 0.3800 0.2919 0.1890 0.1949 0.2447 0.3117 0.3840 0.4233 0.4273 0.4083 0.3594 0.2497 0.1811 0.2092 0.2648 0.3361 0.4022 0.4275 0.4235 0.3967 0.3320 0.2122 0.1830 0.2253 0.2867 0.3602 0.4150 0.4288 0.4174 0.3812 0.2946 0.1900 0.1939 0.2428 0.3091 0.3813 0.4224 0.4277 0.4063 0.3752 0.4063 0.4277 0.4224 0.3813 0.3091 0.2428 0.1939 0.1900 0.2946 0.3812 0.4174 0.4288 0.4150 0.3602 0.2867 0.2253 0.1830 0.2122 0.3320 0.3967 0.4235 0.4275 0.4022 0.3361 0.2648 0.2092 0.1811 0.2497 0.3594 0.4083 0.4273 0.4233 0.3840 0.3117 0.2447 0.1949 0.1890 0.2919 0.3800 0.4170 0.4288 0.4157 0.3617 0.2882 0.2264 0.1834 0.2104 0.3301 0.3960 0.4301
0.4140 0.3307 0.2108 0.1833 0.2262 0.2878 0.3614 0.4155 0.4288 0.4171 0.3803 0.2925 0.1892 0.1947 0.2444 0.3114 0.3836 0.4232 0.4273 0.4085 0.3597 0.2503 0.1812 0.2090 0.2645 0.3358 0.4020 0.4274 0.4236 0.3969 0.3325 0.2126 0.1829 0.2250 0.2864 0.3599 0.4149 0.4288 0.4175 0.3814 0.2951 0.1901 0.1939 0.2429 0.3094 0.3817 0.4226 0.4277 0.4098 0.3569 0.2936 0.3569 0.4098 0.4277 0.4226 0.3817 0.3094 0.2429 0.1939 0.1901 0.2951 0.3814 0.4175 0.4288 0.4149 0.3599 0.2864 0.2250 0.1829 0.2126 0.3325 0.3969 0.4236 0.4274 0.4020 0.3358 0.2645 0.2090 0.1812 0.2503 0.3597 0.4085 0.4273 0.4232 0.3836 0.3114 0.2444 0.1947 0.1892 0.2925 0.3803 0.4171 0.4288 0.4155 0.3614 0.2878 0.2262 0.1833 0.2108 0.3307 0.4140
0.3634 0.2114 0.1832 0.2259 0.2875 0.3610 0.4154 0.4288 0.4172 0.3806 0.2931 0.1895 0.1945 0.2441 0.3110 0.3833 0.4231 0.4274 0.4086 0.3601 0.2509 0.1812 0.2088 0.2642 0.3354 0.4018 0.4274 0.4236 0.3971 0.3329 0.2131 0.1828 0.2248 0.2860 0.3595 0.4147 0.4288 0.4176 0.3817 0.2958 0.1904 0.1937 0.2428 0.3094 0.3818 0.4227 0.4276 0.4098 0.3627 0.2541 0.1853 0.2541 0.3627 0.4098 0.4276 0.4227 0.3818 0.3094 0.2428 0.1937 0.1904 0.2958 0.3817 0.4176 0.4288 0.4147 0.3595 0.2860 0.2248 0.1828 0.2131 0.3329 0.3971 0.4236 0.4274 0.4018 0.3354 0.2642 0.2088 0.1812 0.2509 0.3601 0.4086 0.4274 0.4231 0.3833 0.3110 0.2441 0.1945 0.1895 0.2931 0.3806 0.4172 0.4288 0.4154 0.3610 0.2875 0.2259 0.1832 0.2114 0.3634
0.2689 0.1832 0.2256 0.2872 0.3607 0.4152 0.4288 0.4173 0.3808 0.2937 0.1897 0.1943 0.2438 0.3107 0.3830 0.4231 0.4274 0.4088 0.3604 0.2515 0.1812 0.2085 0.2639 0.3350 0.4015 0.4273 0.4237 0.3973 0.3334 0.2136 0.1827 0.2245 0.2857 0.3592 0.4146 0.4288 0.4178 0.3820 0.2964 0.1906 0.1935 0.2426 0.3091 0.3817 0.4227 0.4276 0.4096 0.3627 0.2554 0.1817 0.1864 0.1817 0.2554 0.3627 0.4096 0.4276 0.4227 0.3817 0.3091 0.2426 0.1935 0.1906 0.2964 0.3820 0.4178 0.4288 0.4146 0.3592 0.2857 0.2245 0.1827 0.2136 0.3334 0.3973 0.4237 0.4273 0.4015 0.3350 0.2639 0.2085 0.1812 0.2515 0.3604 0.4088 0.4274 0.4231 0.3830 0.3107 0.2438 0.1943 0.1897 0.2937 0.3808 0.4173 0.4288 0.4152 0.3607 0.2872 0.2256 0.1832 0.2689
0.2447 0.2255 0.2868 0.3603 0.4151 0.4288 0.4174 0.3811 0.2943 0.1899 0.1941 0.2435 0.3103 0.3827 0.4230 0.4275 0.4089 0.3608 0.2521 0.1813 0.2083 0.2636 0.3347 0.4013 0.4273 0.4238 0.3975 0.3339 0.2140 0.1826 0.2243 0.2854 0.3588 0.4144 0.4288 0.4179 0.3822 0.2970 0.1908 0.1933 0.2423 0.3088 0.3814 0.4226 0.4276 0.4096 0.3624 0.2556 0.1827 0.2081 0.2329 0.2081 0.1826 0.2556 0.3624 0.4096 0.4276 0.4226 0.3813 0.3087 0.2422 0.1933 0.1908 0.2970 0.3822 0.4179 0.4288 0.4144 0.3588 0.2853 0.2242 0.1825 0.2140 0.3339 0.3975 0.4238 0.4273 0.4013 0.3346 0.2635 0.2082 0.1813 0.2521 0.3608 0.4089 0.4275 0.4230 0.3827 0.3102 0.2435 0.1941 0.1899 0.2943 0.3811 0.4174 0.4288 0.4151 0.3603 0.2867 0.2254 0.2447
0.2703 0.2866 0.3599 0.4150 0.4288 0.4175 0.3814 0.2949 0.1901 0.1940 0.2432 0.3100 0.3824 0.4229 0.4275 0.4091 0.3611 0.2527 0.1813 0.2081 0.2633 0.3343 0.4010 0.4272 0.4238 0.3977 0.3343 0.2145 0.1825 0.2240 0.2850 0.3585 0.4143 0.4288 0.4180 0.3825 0.2976 0.1911 0.1931 0.2420 0.3084 0.3811 0.4225 0.4277 0.4097 0.3626 0.2555 0.1816 0.2087 0.2636 0.2979 0.2637 0.2086 0.1815 0.2556 0.3627 0.4098 0.4277 0.4224 0.3809 0.3083 0.2419 0.1931 0.1910 0.2976 0.3826 0.4181 0.4288 0.4142 0.3583 0.2849 0.2240 0.1825 0.2145 0.3344 0.3978 0.4239 0.4272 0.4009 0.3341 0.2632 0.2080 0.1813 0.2528 0.3613 0.4092 0.4275 0.4228 0.3823 0.3098 0.2432 0.1939 0.1901 0.2950 0.3815 0.4176 0.4288 0.4149 0.3598 0.2865 0.2703
0.3130 0.3599 0.4147 0.4288 0.4176 0.3816 0.2955 0.1903 0.1938 0.2430 0.3096 0.3821 0.4228 0.4275 0.4092 0.3614 0.2534 0.1814 0.2079 0.2630 0.3339 0.4008 0.4272 0.4239 0.3978 0.3348 0.2150 0.1824 0.2238 0.2847 0.3581 0.4141 0.4288 0.4181 0.3827 0.2982 0.1913 0.1929 0.2417 0.3081 0.3808 0.4224 0.4277 0.4098 0.3629 0.2561 0.1816 0.2068 0.2636 0.3352 0.3745 0.3385 0.2666 0.2086 0.1826 0.2554 0.3627 0.4098 0.4277 0.4225 0.3823 0.3105 0.2440 0.1946 0.1918 0.2974 0.3826 0.4181 0.4288 0.4144 0.3601 0.2872 0.2258 0.1838 0.2148 0.3343 0.3978 0.4239 0.4273 0.4017 0.3363 0.2653 0.2097 0.1824 0.2527 0.3612 0.4092 0.4276 0.4229 0.3836 0.3120 0.2452 0.1954 0.1909 0.2947 0.3815 0.4176 0.4288 0.4150 0.3621 0.3154
0.3661 0.4159 0.4286 0.4177 0.3819 0.2962 0.1905 0.1936 0.2427 0.3092 0.3818 0.4227 0.4276 0.4094 0.3618 0.2540 0.1815 0.2076 0.2627 0.3336 0.4006 0.4272 0.4240 0.3980 0.3353 0.2155 0.1823 0.2235 0.2844 0.3578 0.4140 0.4288 0.4182 0.3830 0.2988 0.1915 0.1927 0.2415 0.3077 0.3805 0.4223 0.4277 0.4100 0.3632 0.2567 0.1817 0.2066 0.2611 0.3339 0.4037 0.4233 0.4048 0.3389 0.2642 0.2080 0.1817 0.2541 0.3569 0.4063 0.4267 0.4243 0.3843 0.3109 0.2435 0.1939 0.1908 0.2948 0.3774 0.4154 0.4286 0.4168 0.3616 0.2871 0.2252 0.1830 0.2136 0.3290 0.3934 0.4220 0.4281 0.4041 0.3371 0.2651 0.2091 0.1815 0.2514 0.3555 0.4057 0.4265 0.4246 0.3857 0.3124 0.2447 0.1947 0.1898 0.2923 0.3763 0.4149 0.4284 0.4191 0.3688
0.4088 0.4308 0.4178 0.3821 0.2968 0.1908 0.1934 0.2424 0.3089 0.3815 0.4226 0.4276 0.4095 0.3621 0.2546 0.1815 0.2074 0.2624 0.3332 0.4003 0.4271 0.4241 0.3982 0.3357 0.2160 0.1822 0.2233 0.2840 0.3574 0.4138 0.4287 0.4183 0.3832 0.2994 0.1918 0.1925 0.2412 0.3074 0.3801 0.4222 0.4278 0.4101 0.3636 0.2573 0.1818 0.2065 0.2609 0.3313 0.4007 0.4287 0.4267 0.4173 0.3717 0.2989 0.2332 0.1864 0.1853 0.2936 0.3752 0.4141 0.4277 0.4125 0.3494 0.2748 0.2157 0.1765 0.2133 0.3269 0.3916 0.4208 0.4271 0.3966 0.3242 0.2534 0.2004 0.1736 0.2520 0.3531 0.4042 0.4253 0.4227 0.3754 0.2996 0.2341 0.1872 0.1842 0.2912 0.3741 0.4136 0.4277 0.4133 0.3510 0.2762 0.2167 0.1770 0.2111 0.3250 0.3906 0.4203 0.4292 0.3923
0.4278 0.4190 0.3824 0.2974 0.1909 0.1931 0.2420 0.3084 0.3811 0.4225 0.4276 0.4097 0.3625 0.2552 0.1815 0.2071 0.2620 0.3328 0.4000 0.4271 0.4241 0.3984 0.3362 0.2164 0.1821 0.2230 0.2836 0.3570 0.4136 0.4287 0.4184 0.3835 0.3000 0.1920 0.1923 0.2408 0.3069 0.3797 0.4221 0.4278 0.4103 0.3639 0.2579 0.1818 0.2062 0.2606 0.3311 0.3990 0.4273 0.4219 0.4391 0.3543 0.3175 0.2649 0.2087 0.1817 0.2541 0.3569 0.4063 0.4267 0.4243 0.3843 0.3109 0.2435 0.1939 0.1908 0.2948 0.3774 0.4154 0.4286 0.4168 0.3616 0.2871 0.2252 0.1830 0.2136 0.3290 0.3934 0.4220 0.4281 0.4041 0.3371 0.2651 0.2091 0.1815 0.2514 0.3555 0.4057 0.4265 0.4246 0.3857 0.3124 0.2447 0.1947 0.1898 0.2923 0.3763 0.4149 0.4284 0.4191 0.3688
0.4282 0.3829 0.2980 0.1912 0.1929 0.2418 0.3081 0.3807 0.4224 0.4277 0.4099 0.3630 0.2559 0.1816 0.2069 0.2616 0.3324 0.3997 0.4270 0.4243 0.3988 0.3368 0.2169 0.1821 0.2228 0.2833 0.3566 0.4134 0.4288 0.4186 0.3839 0.3005 0.1922 0.1921 0.2406 0.3066 0.3794 0.4220 0.4279 0.4105 0.3644 0.2585 0.1819 0.2060 0.2603 0.3308 0.3986 0.4268 0.4241 0.3967 0.3983 0.2572 0.2444 0.2114 0.1836 0.2554 0.3627 0.4098 0.4277 0.4225 0.3823 0.3105 0.2440 0.1946 0.1918 0.2974 0.3826 0.4181 0.4288 0.4144 0.3601 0.2872 0.2258 0.1838 0.2148 0.3343 0.3978 0.4239 0.4273 0.4017 0.3363 0.2653 0.2097 0.1824 0.2527 0.3612 0.4092 0.4276 0.4229 0.3836 0.3120 0.2452 0.1954 0.1909 0.2947 0.3815 0.4176 0.4288 0.4150 0.3621 0.3154
0.4039 0.2974 0.1921 0.1949 0.2444 0.3110 0.3826 0.4225 0.4277 0.4098 0.3627 0.2556 0.1830 0.2091 0.2645 0.3352 0.4008 0.4271 0.4242 0.3986 0.3364 0.2172 0.1838 0.2252 0.2863 0.3591 0.4139 0.4288 0.4185 0.3837 0.3000 0.1931 0.1941 0.2433 0.3096 0.3813 0.4221 0.4279 0.4104 0.3640 0.2581 0.1832 0.2082 0.2631 0.3336 0.3998 0.4269 0.4246 0.3986 0.3388 0.2513 0.1953 0.2037 0.1857 0.2557 0.3627 0.4098 0.4277 0.4224 0.3809 0.3083 0.2419 0.1931 0.1910 0.2976 0.3826 0.4181 0.4288 0.4142 0.3583 0.2849 0.2240 0.1825 0.2145 0.3344 0.3978 0.4239 0.4272 0.4009 0.3341 0.2632 0.2080 0.1813 0.2528 0.3613 0.4092 0.4275 0.4228 0.3823 0.3098 0.2432 0.1939 0.1901 0.2950 0.3815 0.4176 0.4288 0.4149 0.3598 0.2865 0.2703
0.3329 0.1905 0.1931 0.2424 0.3097 0.3838 0.4245 0.4265 0.4056 0.3556 0.2543 0.1812 0.2071 0.2625 0.3344 0.4028 0.4281 0.4220 0.3933 0.3295 0.2157 0.1819 0.2232 0.2845 0.3592 0.4163 0.4287 0.4153 0.3774 0.2959 0.1914 0.1922 0.2412 0.3082 0.3824 0.4242 0.4267 0.4062 0.3570 0.2567 0.1814 0.2062 0.2611 0.3328 0.4018 0.4280 0.4223 0.3942 0.3308 0.2201 0.1800 0.1893 0.1871 0.2559 0.3624 0.4096 0.4276 0.4226 0.3813 0.3087 0.2422 0.1933 0.1908 0.2970 0.3822 0.4179 0.4288 0.4144 0.3588 0.2853 0.2242 0.1825 0.2140 0.3339 0.3975 0.4238 0.4273 0.4013 0.3346 0.2635 0.2082 0.1813 0.2521 0.3608 0.4089 0.4275 0.4230 0.3827 0.3102 0.2435 0.1941 0.1899 0.2943 0.3811 0.4174 0.4288 0.4151 0.3603 0.2867 0.2254 0.2447
0.2806 0.1741 0.2091 0.2654 0.3386 0.4064 0.4280 0.4174 0.3831 0.3096 0.1962 0.1814 0.2252 0.2878 0.3635 0.4188 0.4270 0.4094 0.3644 0.2725 0.1778 0.1937 0.2436 0.3119 0.3866 0.4255 0.4234 0.3984 0.3410 0.2326 0.1743 0.2079 0.2640 0.3370 0.4054 0.4279 0.4178 0.3841 0.3116 0.1979 0.1808 0.2241 0.2863 0.3618 0.4181 0.4271 0.4101 0.3663 0.2757 0.1785 0.1755 0.1837 0.2558 0.3629 0.4096 0.4276 0.4227 0.3817 0.3091 0.2426 0.1935 0.1906 0.2964 0.3820 0.4178 0.4288 0.4146 0.3592 0.2857 0.2245 0.1827 0.2136 0.3334 0.3973 0.4237 0.4273 0.4015 0.3350 0.2639 0.2085 0.1812 0.2515 0.3604 0.4088 0.4274 0.4231 0.3830 0.3107 0.2438 0.1943 0.1897 0.2937 0.3808 0.4173 0.4288 0.4152 0.3607 0.2872 0.2256 0.1832 0.2689
