0.0469 0.3105 0.9162 1.0000 1.0000 0.0003 0.0011 0.0036 0.0117 0.0379 0.1227 0.3976 1.0000 1.0000 1.0000 0.0005 0.0015 0.0050 0.0163 0.0527 0.1706 0.5525 1.0000 1.0000 1.0000 0.0007 0.0022 0.0070 0.0226 0.0732 0.2370 0.7677 1.0000 1.0000 1.0000 0.0009 0.0030 0.0097 0.0313 0.1015 0.3287 1.0000 1.0000 1.0000 0.0004 0.0013 0.0041 0.0134 0.0441 0.1642 0.3953 0.1642 0.0441 0.0134 0.0041 0.0013 0.0004 1.0000 1.0000 1.0000 0.3287 0.1015 0.0313 0.0097 0.0030 0.0009 1.0000 1.0000 1.0000 0.7677 0.2370 0.0732 0.0226 0.0070 0.0022 0.0007 1.0000 1.0000 1.0000 0.5525 0.1706 0.0527 0.0163 0.0050 0.0015 0.0005 1.0000 1.0000 1.0000 0.3976 0.1227 0.0379 0.0117 0.0036 0.0011 0.0003 1.0000 1.0000 0.9162 0.3105 0.0469
0.3105 1.0000 1.0000 1.0000 0.0007 0.0022 0.0071 0.0228 0.0740 0.2397 0.7765 1.0000 1.0000 1.0000 0.0009 0.0030 0.0098 0.0317 0.1028 0.3331 1.0000 1.0000 1.0000 1.0000 0.0013 0.0042 0.0136 0.0441 0.1426 0.4629 1.0000 1.0000 1.0000 1.0000 0.0018 0.0058 0.0189 0.0612 0.1982 0.6420 1.0000 1.0000 1.0000 0.0008 0.0025 0.0081 0.0263 0.0845 0.2765 1.0000 1.0000 1.0000 0.2765 0.0845 0.0263 0.0081 0.0025 0.0008 1.0000 1.0000 1.0000 0.6420 0.1982 0.0612 0.0189 0.0058 0.0018 1.0000 1.0000 1.0000 1.0000 0.4629 0.1426 0.0441 0.0136 0.0042 0.0013 1.0000 1.0000 1.0000 1.0000 0.3331 0.1028 0.0317 0.0098 0.0030 0.0009 1.0000 1.0000 1.0000 0.7765 0.2397 0.0740 0.0228 0.0071 0.0022 0.0007 1.0000 1.0000 1.0000 0.3105
0.9162 1.0000 1.0000 0.0006 0.0020 0.0065 0.0210 0.0681 0.2205 0.7142 1.0000 1.0000 1.0000 0.0009 0.0028 0.0090 0.0292 0.0946 0.3064 0.9924 1.0000 1.0000 1.0000 0.0012 0.0039 0.0125 0.0406 0.1314 0.4257 1.0000 1.0000 1.0000 1.0000 0.0017 0.0054 0.0174 0.0563 0.1823 0.5905 1.0000 1.0000 1.0000 0.0007 0.0023 0.0075 0.0241 0.0782 0.2524 0.8252 1.0000 1.0000 1.0000 0.8252 0.2524 0.0782 0.0241 0.0075 0.0023 0.0007 1.0000 1.0000 1.0000 0.5905 0.1823 0.0563 0.0174 0.0054 0.0017 1.0000 1.0000 1.0000 1.0000 0.4257 0.1314 0.0406 0.0125 0.0039 0.0012 1.0000 1.0000 1.0000 0.9924 0.3064 0.0946 0.0292 0.0090 0.0028 0.0009 1.0000 1.0000 1.0000 0.7142 0.2205 0.0681 0.0210 0.0065 0.0020 0.0006 1.0000 1.0000 0.9162
1.0000 1.0000 0.0006 0.0020 0.0066 0.0214 0.0694 0.2247 0.7279 1.0000 1.0000 1.0000 0.0009 0.0028 0.0092 0.0298 0.0964 0.3123 1.0000 1.0000 1.0000 1.0000 0.0012 0.0039 0.0128 0.0414 0.1340 0.4339 1.0000 1.0000 1.0000 1.0000 0.0017 0.0055 0.0177 0.0574 0.1858 0.6018 1.0000 1.0000 1.0000 0.0007 0.0023 0.0076 0.0246 0.0797 0.2582 0.8315 1.0000 1.0000 1.0000 1.0000 1.0000 0.8315 0.2582 0.0797 0.0246 0.0076 0.0023 0.0007 1.0000 1.0000 1.0000 0.6018 0.1858 0.0574 0.0177 0.0055 0.0017 1.0000 1.0000 1.0000 1.0000 0.4339 0.1340 0.0414 0.0128 0.0039 0.0012 1.0000 1.0000 1.0000 1.0000 0.3123 0.0964 0.0298 0.0092 0.0028 0.0009 1.0000 1.0000 1.0000 0.7279 0.2247 0.0694 0.0214 0.0066 0.0020 0.0006 1.0000 1.0000
1.0000 0.0007 0.0020 0.0066 0.0214 0.0695 0.2256 0.7307 1.0000 1.0000 1.0000 0.0009 0.0028 0.0092 0.0299 0.0968 0.3135 1.0000 1.0000 1.0000 1.0000 0.0012 0.0040 0.0128 0.0415 0.1345 0.4356 1.0000 1.0000 1.0000 1.0000 0.0017 0.0055 0.0178 0.0576 0.1865 0.6041 1.0000 1.0000 1.0000 0.0007 0.0024 0.0076 0.0247 0.0800 0.2592 0.8395 1.0000 1.0000 1.0000 0.0008 1.0000 1.0000 1.0000 0.8395 0.2592 0.0800 0.0247 0.0076 0.0024 0.0007 1.0000 1.0000 1.0000 0.6041 0.1865 0.0576 0.0178 0.0055 0.0017 1.0000 1.0000 1.0000 1.0000 0.4356 0.1345 0.0415 0.0128 0.0040 0.0012 1.0000 1.0000 1.0000 1.0000 0.3135 0.0968 0.0299 0.0092 0.0028 0.0009 1.0000 1.0000 1.0000 0.7307 0.2256 0.0695 0.0214 0.0066 0.0020 0.0007 1.0000
0.0003 0.0022 0.0065 0.0214 0.0695 0.2264 0.7335 1.0000 1.0000 1.0000 0.0009 0.0029 0.0093 0.0300 0.0973 0.3152 1.0000 1.0000 1.0000 1.0000 0.0012 0.0040 0.0129 0.0418 0.1352 0.4381 1.0000 1.0000 1.0000 1.0000 0.0017 0.0055 0.0179 0.0579 0.1876 0.6076 1.0000 1.0000 1.0000 0.0007 0.0024 0.0077 0.0248 0.0805 0.2606 0.8443 1.0000 1.0000 1.0000 0.0012 0.0027 0.0012 1.0000 1.0000 1.0000 0.8443 0.2606 0.0805 0.0248 0.0077 0.0024 0.0007 1.0000 1.0000 1.0000 0.6076 0.1876 0.0579 0.0179 0.0055 0.0017 1.0000 1.0000 1.0000 1.0000 0.4381 0.1352 0.0418 0.0129 0.0040 0.0012 1.0000 1.0000 1.0000 1.0000 0.3152 0.0973 0.0300 0.0093 0.0029 0.0009 1.0000 1.0000 1.0000 0.7335 0.2264 0.0695 0.0214 0.0065 0.0022 0.0003
0.0011 0.0071 0.0210 0.0694 0.2256 0.7335 1.0000 1.0000 1.0000 0.0009 0.0029 0.0093 0.0302 0.0979 0.3171 1.0000 1.0000 1.0000 1.0000 0.0012 0.0040 0.0130 0.0420 0.1360 0.4406 1.0000 1.0000 1.0000 1.0000 0.0017 0.0056 0.0180 0.0582 0.1886 0.6111 1.0000 1.0000 1.0000 0.0007 0.0024 0.0077 0.0250 0.0809 0.2621 0.8491 1.0000 1.0000 1.0000 0.0010 0.0038 0.0087 0.0038 0.0010 1.0000 1.0000 1.0000 0.8491 0.2621 0.0809 0.0250 0.0077 0.0024 0.0007 1.0000 1.0000 1.0000 0.6111 0.1886 0.0582 0.0180 0.0056 0.0017 1.0000 1.0000 1.0000 1.0000 0.4406 0.1360 0.0420 0.0130 0.0040 0.0012 1.0000 1.0000 1.0000 1.0000 0.3171 0.0979 0.0302 0.0093 0.0029 0.0009 1.0000 1.0000 1.0000 0.7335 0.2256 0.0694 0.0210 0.0071 0.0011
0.0036 0.0228 0.0681 0.2247 0.7307 1.0000 1.0000 1.0000 0.0009 0.0029 0.0094 0.0304 0.0984 0.3189 1.0000 1.0000 1.0000 1.0000 0.0012 0.0040 0.0130 0.0422 0.1368 0.4431 1.0000 1.0000 1.0000 1.0000 0.0017 0.0056 0.0181 0.0586 0.1897 0.6146 1.0000 1.0000 1.0000 0.0007 0.0024 0.0078 0.0251 0.0814 0.2636 0.8540 1.0000 1.0000 1.0000 0.0010 0.0033 0.0125 0.0283 0.0125 0.0033 0.0010 1.0000 1.0000 1.0000 0.8540 0.2636 0.0814 0.0251 0.0078 0.0024 0.0007 1.0000 1.0000 1.0000 0.6146 0.1897 0.0586 0.0181 0.0056 0.0017 1.0000 1.0000 1.0000 1.0000 0.4431 0.1368 0.0422 0.0130 0.0040 0.0012 1.0000 1.0000 1.0000 1.0000 0.3189 0.0984 0.0304 0.0094 0.0029 0.0009 1.0000 1.0000 1.0000 0.7307 0.2247 0.0681 0.0228 0.0036
0.0117 0.0740 0.2205 0.7279 1.0000 1.0000 1.0000 0.0009 0.0029 0.0094 0.0306 0.0990 0.3207 1.0000 1.0000 1.0000 1.0000 0.0012 0.0040 0.0131 0.0425 0.1376 0.4456 1.0000 1.0000 1.0000 1.0000 0.0017 0.0056 0.0182 0.0589 0.1908 0.6181 1.0000 1.0000 1.0000 0.0007 0.0024 0.0078 0.0253 0.0819 0.2651 0.8589 1.0000 1.0000 1.0000 0.0010 0.0033 0.0109 0.0407 0.0923 0.0407 0.0109 0.0033 0.0010 1.0000 1.0000 1.0000 0.8589 0.2651 0.0819 0.0253 0.0078 0.0024 0.0007 1.0000 1.0000 1.0000 0.6181 0.1908 0.0589 0.0182 0.0056 0.0017 1.0000 1.0000 1.0000 1.0000 0.4456 0.1376 0.0425 0.0131 0.0040 0.0012 1.0000 1.0000 1.0000 1.0000 0.3207 0.0990 0.0306 0.0094 0.0029 0.0009 1.0000 1.0000 1.0000 0.7279 0.2205 0.0740 0.0117
0.0379 0.2397 0.7142 1.0000 1.0000 1.0000 0.0009 0.0029 0.0094 0.0307 0.0994 0.3225 1.0000 1.0000 1.0000 1.0000 0.0013 0.0041 0.0132 0.0427 0.1384 0.4482 1.0000 1.0000 1.0000 1.0000 0.0017 0.0056 0.0183 0.0592 0.1919 0.6216 1.0000 1.0000 1.0000 0.0007 0.0024 0.0078 0.0254 0.0823 0.2667 0.8638 1.0000 1.0000 1.0000 0.0010 0.0034 0.0109 0.0355 0.1324 0.3000 0.1324 0.0355 0.0109 0.0034 0.0010 1.0000 1.0000 1.0000 0.8638 0.2667 0.0823 0.0254 0.0078 0.0024 0.0007 1.0000 1.0000 1.0000 0.6216 0.1919 0.0592 0.0183 0.0056 0.0017 1.0000 1.0000 1.0000 1.0000 0.4482 0.1384 0.0427 0.0132 0.0041 0.0013 1.0000 1.0000 1.0000 1.0000 0.3225 0.0994 0.0307 0.0094 0.0029 0.0009 1.0000 1.0000 1.0000 0.7142 0.2397 0.0379
0.1227 0.7765 1.0000 1.0000 1.0000 0.0009 0.0029 0.0094 0.0306 0.0994 0.3238 1.0000 1.0000 1.0000 1.0000 0.0013 0.0041 0.0133 0.0430 0.1392 0.4507 1.0000 1.0000 1.0000 1.0000 0.0018 0.0057 0.0184 0.0596 0.1930 0.6252 1.0000 1.0000 1.0000 0.0008 0.0024 0.0079 0.0256 0.0828 0.2682 0.8687 1.0000 1.0000 1.0000 0.0010 0.0034 0.0110 0.0354 0.1155 0.4315 0.9793 0.4315 0.1155 0.0354 0.0110 0.0034 0.0010 1.0000 1.0000 1.0000 0.8687 0.2682 0.0828 0.0256 0.0079 0.0024 0.0008 1.0000 1.0000 1.0000 0.6252 0.1930 0.0596 0.0184 0.0057 0.0018 1.0000 1.0000 1.0000 1.0000 0.4507 0.1392 0.0430 0.0133 0.0041 0.0013 1.0000 1.0000 1.0000 1.0000 0.3238 0.0994 0.0306 0.0094 0.0029 0.0009 1.0000 1.0000 1.0000 0.7765 0.1227
0.3976 1.0000 1.0000 1.0000 0.0009 0.0029 0.0093 0.0304 0.0990 0.3225 1.0000 1.0000 1.0000 1.0000 0.0013 0.0041 0.0133 0.0432 0.1400 0.4533 1.0000 1.0000 1.0000 1.0000 0.0018 0.0057 0.0185 0.0599 0.1941 0.6287 1.0000 1.0000 1.0000 0.0008 0.0025 0.0079 0.0257 0.0833 0.2697 0.8737 1.0000 1.0000 1.0000 0.0011 0.0034 0.0110 0.0357 0.1153 0.3762 1.0000 1.0000 1.0000 0.3762 0.1153 0.0357 0.0110 0.0034 0.0011 1.0000 1.0000 1.0000 0.8737 0.2697 0.0833 0.0257 0.0079 0.0025 0.0008 1.0000 1.0000 1.0000 0.6287 0.1941 0.0599 0.0185 0.0057 0.0018 1.0000 1.0000 1.0000 1.0000 0.4533 0.1400 0.0432 0.0133 0.0041 0.0013 1.0000 1.0000 1.0000 1.0000 0.3225 0.0990 0.0304 0.0093 0.0029 0.0009 1.0000 1.0000 1.0000 0.3976
1.0000 1.0000 1.0000 0.0009 0.0028 0.0093 0.0302 0.0984 0.3207 1.0000 1.0000 1.0000 1.0000 0.0013 0.0041 0.0134 0.0435 0.1408 0.4559 1.0000 1.0000 1.0000 1.0000 0.0018 0.0057 0.0186 0.0603 0.1952 0.6323 1.0000 1.0000 1.0000 0.0008 0.0025 0.0080 0.0259 0.0837 0.2713 0.8787 1.0000 1.0000 1.0000 0.0011 0.0034 0.0111 0.0359 0.1164 0.3755 1.0000 1.0000 1.0000 1.0000 1.0000 0.3755 0.1164 0.0359 0.0111 0.0034 0.0011 1.0000 1.0000 1.0000 0.8787 0.2713 0.0837 0.0259 0.0080 0.0025 0.0008 1.0000 1.0000 1.0000 0.6323 0.1952 0.0603 0.0186 0.0057 0.0018 1.0000 1.0000 1.0000 1.0000 0.4559 0.1408 0.0435 0.0134 0.0041 0.0013 1.0000 1.0000 1.0000 1.0000 0.3207 0.0984 0.0302 0.0093 0.0028 0.0009 1.0000 1.0000 1.0000
1.0000 1.0000 0.0009 0.0028 0.0092 0.0300 0.0979 0.3189 1.0000 1.0000 1.0000 1.0000 0.0013 0.0042 0.0135 0.0437 0.1416 0.4585 1.0000 1.0000 1.0000 1.0000 0.0018 0.0058 0.0187 0.0606 0.1963 0.6360 1.0000 1.0000 1.0000 0.0008 0.0025 0.0080 0.0260 0.0842 0.2728 0.8837 1.0000 1.0000 1.0000 0.0011 0.0034 0.0112 0.0361 0.1170 0.3791 1.0000 1.0000 1.0000 1.0000 1.0000 1.0000 1.0000 0.3791 0.1170 0.0361 0.0112 0.0034 0.0011 1.0000 1.0000 1.0000 0.8837 0.2728 0.0842 0.0260 0.0080 0.0025 0.0008 1.0000 1.0000 1.0000 0.6360 0.1963 0.0606 0.0187 0.0058 0.0018 1.0000 1.0000 1.0000 1.0000 0.4585 0.1416 0.0437 0.0135 0.0042 0.0013 1.0000 1.0000 1.0000 1.0000 0.3189 0.0979 0.0300 0.0092 0.0028 0.0009 1.0000 1.0000
1.0000 0.0009 0.0028 0.0092 0.0299 0.0973 0.3171 1.0000 1.0000 1.0000 1.0000 0.0013 0.0041 0.0135 0.0439 0.1421 0.4611 1.0000 1.0000 1.0000 1.0000 0.0018 0.0058 0.0188 0.0610 0.1975 0.6396 1.0000 1.0000 1.0000 0.0008 0.0025 0.0081 0.0262 0.0847 0.2744 0.8888 1.0000 1.0000 1.0000 0.0011 0.0035 0.0112 0.0363 0.1177 0.3813 1.0000 1.0000 1.0000 1.0000 0.0012 1.0000 1.0000 1.0000 1.0000 0.3813 0.1177 0.0363 0.0112 0.0035 0.0011 1.0000 1.0000 1.0000 0.8888 0.2744 0.0847 0.0262 0.0081 0.0025 0.0008 1.0000 1.0000 1.0000 0.6396 0.1975 0.0610 0.0188 0.0058 0.0018 1.0000 1.0000 1.0000 1.0000 0.4611 0.1421 0.0439 0.0135 0.0041 0.0013 1.0000 1.0000 1.0000 1.0000 0.3171 0.0973 0.0299 0.0092 0.0028 0.0009 1.0000
0.0005 0.0030 0.0090 0.0298 0.0968 0.3152 1.0000 1.0000 1.0000 1.0000 0.0013 0.0041 0.0134 0.0437 0.1421 0.4629 1.0000 1.0000 1.0000 1.0000 0.0018 0.0058 0.0189 0.0613 0.1986 0.6433 1.0000 1.0000 1.0000 0.0008 0.0025 0.0081 0.0263 0.0852 0.2760 0.8939 1.0000 1.0000 1.0000 0.0011 0.0035 0.0113 0.0365 0.1184 0.3835 1.0000 1.0000 1.0000 1.0000 0.0017 0.0039 0.0017 1.0000 1.0000 1.0000 1.0000 0.3835 0.1184 0.0365 0.0113 0.0035 0.0011 1.0000 1.0000 1.0000 0.8939 0.2760 0.0852 0.0263 0.0081 0.0025 0.0008 1.0000 1.0000 1.0000 0.6433 0.1986 0.0613 0.0189 0.0058 0.0018 1.0000 1.0000 1.0000 1.0000 0.4629 0.1421 0.0437 0.0134 0.0041 0.0013 1.0000 1.0000 1.0000 1.0000 0.3152 0.0968 0.0298 0.0090 0.0030 0.0005
0.0015 0.0098 0.0292 0.0964 0.3135 1.0000 1.0000 1.0000 1.0000 0.0013 0.0041 0.0133 0.0435 0.1416 0.4611 1.0000 1.0000 1.0000 1.0000 0.0018 0.0059 0.0190 0.0617 0.1997 0.6469 1.0000 1.0000 1.0000 0.0008 0.0025 0.0082 0.0265 0.0857 0.2775 0.8990 1.0000 1.0000 1.0000 0.0011 0.0035 0.0113 0.0368 0.1191 0.3857 1.0000 1.0000 1.0000 1.0000 0.0015 0.0056 0.0128 0.0056 0.0015 1.0000 1.0000 1.0000 1.0000 0.3857 0.1191 0.0368 0.0113 0.0035 0.0011 1.0000 1.0000 1.0000 0.8990 0.2775 0.0857 0.0265 0.0082 0.0025 0.0008 1.0000 1.0000 1.0000 0.6469 0.1997 0.0617 0.0190 0.0059 0.0018 1.0000 1.0000 1.0000 1.0000 0.4611 0.1416 0.0435 0.0133 0.0041 0.0013 1.0000 1.0000 1.0000 1.0000 0.3135 0.0964 0.0292 0.0098 0.0015
0.0050 0.0317 0.0946 0.3123 1.0000 1.0000 1.0000 1.0000 0.0012 0.0041 0.0133 0.0432 0.1408 0.4585 1.0000 1.0000 1.0000 1.0000 0.0018 0.0059 0.0191 0.0620 0.2009 0.6506 1.0000 1.0000 1.0000 0.0008 0.0025 0.0082 0.0266 0.0862 0.2791 0.9041 1.0000 1.0000 1.0000 0.0011 0.0035 0.0114 0.0370 0.1197 0.3879 1.0000 1.0000 1.0000 1.0000 0.0015 0.0049 0.0184 0.0416 0.0184 0.0049 0.0015 1.0000 1.0000 1.0000 1.0000 0.3879 0.1197 0.0370 0.0114 0.0035 0.0011 1.0000 1.0000 1.0000 0.9041 0.2791 0.0862 0.0266 0.0082 0.0025 0.0008 1.0000 1.0000 1.0000 0.6506 0.2009 0.0620 0.0191 0.0059 0.0018 1.0000 1.0000 1.0000 1.0000 0.4585 0.1408 0.0432 0.0133 0.0041 0.0012 1.0000 1.0000 1.0000 1.0000 0.3123 0.0946 0.0317 0.0050
0.0163 0.1028 0.3064 1.0000 1.0000 1.0000 1.0000 0.0012 0.0040 0.0132 0.0430 0.1400 0.4559 1.0000 1.0000 1.0000 1.0000 0.0018 0.0059 0.0192 0.0624 0.2020 0.6544 1.0000 1.0000 1.0000 0.0008 0.0025 0.0083 0.0268 0.0867 0.2807 0.9093 1.0000 1.0000 1.0000 0.0011 0.0035 0.0115 0.0372 0.1204 0.3901 1.0000 1.0000 1.0000 1.0000 0.0015 0.0049 0.0160 0.0598 0.1358 0.0598 0.0160 0.0049 0.0015 1.0000 1.0000 1.0000 1.0000 0.3901 0.1204 0.0372 0.0115 0.0035 0.0011 1.0000 1.0000 1.0000 0.9093 0.2807 0.0867 0.0268 0.0083 0.0025 0.0008 1.0000 1.0000 1.0000 0.6544 0.2020 0.0624 0.0192 0.0059 0.0018 1.0000 1.0000 1.0000 1.0000 0.4559 0.1400 0.0430 0.0132 0.0040 0.0012 1.0000 1.0000 1.0000 1.0000 0.3064 0.1028 0.0163
0.0527 0.3331 0.9924 1.0000 1.0000 1.0000 0.0012 0.0040 0.0131 0.0427 0.1392 0.4533 1.0000 1.0000 1.0000 1.0000 0.0018 0.0059 0.0192 0.0626 0.2028 0.6581 1.0000 1.0000 1.0000 0.0008 0.0026 0.0083 0.0269 0.0872 0.2823 0.9145 1.0000 1.0000 1.0000 0.0011 0.0036 0.0115 0.0374 0.1211 0.3923 1.0000 1.0000 1.0000 1.0000 0.0015 0.0050 0.0160 0.0522 0.1948 0.4414 0.1948 0.0522 0.0160 0.0050 0.0015 1.0000 1.0000 1.0000 1.0000 0.3923 0.1211 0.0374 0.0115 0.0036 0.0011 1.0000 1.0000 1.0000 0.9145 0.2823 0.0872 0.0269 0.0083 0.0026 0.0008 1.0000 1.0000 1.0000 0.6581 0.2028 0.0626 0.0192 0.0059 0.0018 1.0000 1.0000 1.0000 1.0000 0.4533 0.1392 0.0427 0.0131 0.0040 0.0012 1.0000 1.0000 1.0000 0.9924 0.3331 0.0527
0.1706 1.0000 1.0000 1.0000 1.0000 0.0012 0.0040 0.0130 0.0425 0.1384 0.4507 1.0000 1.0000 1.0000 1.0000 0.0018 0.0059 0.0191 0.0624 0.2028 0.6606 1.0000 1.0000 1.0000 0.0008 0.0026 0.0084 0.0271 0.0877 0.2839 0.9197 1.0000 1.0000 1.0000 0.0011 0.0036 0.0116 0.0376 0.1218 0.3946 1.0000 1.0000 1.0000 1.0000 0.0015 0.0050 0.0161 0.0521 0.1699 0.6347 1.0000 0.6347 0.1699 0.0521 0.0161 0.0050 0.0015 1.0000 1.0000 1.0000 1.0000 0.3946 0.1218 0.0376 0.0116 0.0036 0.0011 1.0000 1.0000 1.0000 0.9197 0.2839 0.0877 0.0271 0.0084 0.0026 0.0008 1.0000 1.0000 1.0000 0.6606 0.2028 0.0624 0.0191 0.0059 0.0018 1.0000 1.0000 1.0000 1.0000 0.4507 0.1384 0.0425 0.0130 0.0040 0.0012 1.0000 1.0000 1.0000 1.0000 0.1706
0.5525 1.0000 1.0000 1.0000 0.0012 0.0040 0.0130 0.0422 0.1376 0.4482 1.0000 1.0000 1.0000 1.0000 0.0018 0.0058 0.0190 0.0620 0.2020 0.6581 1.0000 1.0000 1.0000 0.0008 0.0026 0.0084 0.0272 0.0882 0.2856 0.9250 1.0000 1.0000 1.0000 0.0011 0.0036 0.0117 0.0378 0.1225 0.3968 1.0000 1.0000 1.0000 1.0000 0.0015 0.0050 0.0162 0.0526 0.1696 0.5535 1.0000 1.0000 1.0000 0.5535 0.1696 0.0526 0.0162 0.0050 0.0015 1.0000 1.0000 1.0000 1.0000 0.3968 0.1225 0.0378 0.0117 0.0036 0.0011 1.0000 1.0000 1.0000 0.9250 0.2856 0.0882 0.0272 0.0084 0.0026 0.0008 1.0000 1.0000 1.0000 0.6581 0.2020 0.0620 0.0190 0.0058 0.0018 1.0000 1.0000 1.0000 1.0000 0.4482 0.1376 0.0422 0.0130 0.0040 0.0012 1.0000 1.0000 1.0000 0.5525
1.0000 1.0000 1.0000 0.0012 0.0040 0.0129 0.0420 0.1368 0.4456 1.0000 1.0000 1.0000 1.0000 0.0018 0.0058 0.0189 0.0617 0.2009 0.6544 1.0000 1.0000 1.0000 0.0008 0.0026 0.0085 0.0274 0.0887 0.2872 0.9303 1.0000 1.0000 1.0000 0.0011 0.0036 0.0117 0.0380 0.1232 0.3991 1.0000 1.0000 1.0000 1.0000 0.0016 0.0050 0.0163 0.0529 0.1712 0.5525 1.0000 1.0000 1.0000 1.0000 1.0000 0.5525 0.1712 0.0529 0.0163 0.0050 0.0016 1.0000 1.0000 1.0000 1.0000 0.3991 0.1232 0.0380 0.0117 0.0036 0.0011 1.0000 1.0000 1.0000 0.9303 0.2872 0.0887 0.0274 0.0085 0.0026 0.0008 1.0000 1.0000 1.0000 0.6544 0.2009 0.0617 0.0189 0.0058 0.0018 1.0000 1.0000 1.0000 1.0000 0.4456 0.1368 0.0420 0.0129 0.0040 0.0012 1.0000 1.0000 1.0000
1.0000 1.0000 0.0012 0.0039 0.0128 0.0418 0.1360 0.4431 1.0000 1.0000 1.0000 1.0000 0.0018 0.0058 0.0188 0.0613 0.1997 0.6506 1.0000 1.0000 1.0000 0.0008 0.0026 0.0085 0.0275 0.0892 0.2888 0.9356 1.0000 1.0000 1.0000 0.0011 0.0036 0.0118 0.0383 0.1239 0.4014 1.0000 1.0000 1.0000 1.0000 0.0016 0.0051 0.0164 0.0532 0.1722 0.5577 1.0000 1.0000 1.0000 1.0000 1.0000 1.0000 1.0000 0.5577 0.1722 0.0532 0.0164 0.0051 0.0016 1.0000 1.0000 1.0000 1.0000 0.4014 0.1239 0.0383 0.0118 0.0036 0.0011 1.0000 1.0000 1.0000 0.9356 0.2888 0.0892 0.0275 0.0085 0.0026 0.0008 1.0000 1.0000 1.0000 0.6506 0.1997 0.0613 0.0188 0.0058 0.0018 1.0000 1.0000 1.0000 1.0000 0.4431 0.1360 0.0418 0.0128 0.0039 0.0012 1.0000 1.0000
1.0000 0.0013 0.0039 0.0128 0.0415 0.1352 0.4406 1.0000 1.0000 1.0000 1.0000 0.0018 0.0057 0.0187 0.0610 0.1986 0.6469 1.0000 1.0000 1.0000 0.0008 0.0026 0.0085 0.0275 0.0895 0.2899 0.9410 1.0000 1.0000 1.0000 0.0011 0.0037 0.0119 0.0385 0.1246 0.4037 1.0000 1.0000 1.0000 1.0000 0.0016 0.0051 0.0165 0.0535 0.1732 0.5609 1.0000 1.0000 1.0000 0.0008 0.0018 0.0008 1.0000 1.0000 1.0000 0.5609 0.1732 0.0535 0.0165 0.0051 0.0016 1.0000 1.0000 1.0000 1.0000 0.4037 0.1246 0.0385 0.0119 0.0037 0.0011 1.0000 1.0000 1.0000 0.9410 0.2899 0.0895 0.0275 0.0085 0.0026 0.0008 1.0000 1.0000 1.0000 0.6469 0.1986 0.0610 0.0187 0.0057 0.0018 1.0000 1.0000 1.0000 1.0000 0.4406 0.1352 0.0415 0.0128 0.0039 0.0013 1.0000
0.0007 0.0042 0.0125 0.0414 0.1345 0.4381 1.0000 1.0000 1.0000 1.0000 0.0018 0.0057 0.0186 0.0606 0.1975 0.6433 1.0000 1.0000 1.0000 0.0008 0.0026 0.0084 0.0274 0.0892 0.2899 0.9445 1.0000 1.0000 1.0000 0.0011 0.0037 0.0119 0.0387 0.1253 0.4060 1.0000 1.0000 1.0000 1.0000 0.0016 0.0051 0.0166 0.0538 0.1742 0.5641 1.0000 1.0000 1.0000 0.0007 0.0025 0.0058 0.0025 0.0007 1.0000 1.0000 1.0000 0.5641 0.1742 0.0538 0.0166 0.0051 0.0016 1.0000 1.0000 1.0000 1.0000 0.4060 0.1253 0.0387 0.0119 0.0037 0.0011 1.0000 1.0000 1.0000 0.9445 0.2899 0.0892 0.0274 0.0084 0.0026 0.0008 1.0000 1.0000 1.0000 0.6433 0.1975 0.0606 0.0186 0.0057 0.0018 1.0000 1.0000 1.0000 1.0000 0.4381 0.1345 0.0414 0.0125 0.0042 0.0007
0.0022 0.0136 0.0406 0.1340 0.4356 1.0000 1.0000 1.0000 1.0000 0.0017 0.0057 0.0185 0.0603 0.1963 0.6396 1.0000 1.0000 1.0000 0.0008 0.0026 0.0084 0.0272 0.0887 0.2888 0.9410 1.0000 1.0000 1.0000 0.0011 0.0037 0.0120 0.0389 0.1261 0.4083 1.0000 1.0000 1.0000 1.0000 0.0016 0.0052 0.0167 0.0541 0.1752 0.5674 1.0000 1.0000 1.0000 0.0007 0.0022 0.0083 0.0188 0.0083 0.0022 0.0007 1.0000 1.0000 1.0000 0.5674 0.1752 0.0541 0.0167 0.0052 0.0016 1.0000 1.0000 1.0000 1.0000 0.4083 0.1261 0.0389 0.0120 0.0037 0.0011 1.0000 1.0000 1.0000 0.9410 0.2888 0.0887 0.0272 0.0084 0.0026 0.0008 1.0000 1.0000 1.0000 0.6396 0.1963 0.0603 0.0185 0.0057 0.0017 1.0000 1.0000 1.0000 1.0000 0.4356 0.1340 0.0406 0.0136 0.0022
0.0070 0.0441 0.1314 0.4339 1.0000 1.0000 1.0000 1.0000 0.0017 0.0056 0.0184 0.0599 0.1952 0.6360 1.0000 1.0000 1.0000 0.0008 0.0025 0.0083 0.0271 0.0882 0.2872 0.9356 1.0000 1.0000 1.0000 0.0011 0.0037 0.0121 0.0391 0.1268 0.4106 1.0000 1.0000 1.0000 1.0000 0.0016 0.0052 0.0168 0.0544 0.1762 0.5706 1.0000 1.0000 1.0000 0.0007 0.0022 0.0072 0.0270 0.0612 0.0270 0.0072 0.0022 0.0007 1.0000 1.0000 1.0000 0.5706 0.1762 0.0544 0.0168 0.0052 0.0016 1.0000 1.0000 1.0000 1.0000 0.4106 0.1268 0.0391 0.0121 0.0037 0.0011 1.0000 1.0000 1.0000 0.9356 0.2872 0.0882 0.0271 0.0083 0.0025 0.0008 1.0000 1.0000 1.0000 0.6360 0.1952 0.0599 0.0184 0.0056 0.0017 1.0000 1.0000 1.0000 1.0000 0.4339 0.1314 0.0441 0.0070
0.0226 0.1426 0.4257 1.0000 1.0000 1.0000 1.0000 0.0017 0.0056 0.0183 0.0596 0.1941 0.6323 1.0000 1.0000 1.0000 0.0008 0.0025 0.0083 0.0269 0.0877 0.2856 0.9303 1.0000 1.0000 1.0000 0.0011 0.0037 0.0121 0.0393 0.1275 0.4130 1.0000 1.0000 1.0000 1.0000 0.0016 0.0052 0.0169 0.0547 0.1772 0.5739 1.0000 1.0000 1.0000 0.0007 0.0022 0.0072 0.0236 0.0880 0.1997 0.0880 0.0236 0.0072 0.0022 0.0007 1.0000 1.0000 1.0000 0.5739 0.1772 0.0547 0.0169 0.0052 0.0016 1.0000 1.0000 1.0000 1.0000 0.4130 0.1275 0.0393 0.0121 0.0037 0.0011 1.0000 1.0000 1.0000 0.9303 0.2856 0.0877 0.0269 0.0083 0.0025 0.0008 1.0000 1.0000 1.0000 0.6323 0.1941 0.0596 0.0183 0.0056 0.0017 1.0000 1.0000 1.0000 1.0000 0.4257 0.1426 0.0226
0.0732 0.4629 1.0000 1.0000 1.0000 1.0000 0.0017 0.0056 0.0182 0.0592 0.1930 0.6287 1.0000 1.0000 1.0000 0.0008 0.0025 0.0082 0.0268 0.0872 0.2839 0.9250 1.0000 1.0000 1.0000 0.0011 0.0037 0.0121 0.0393 0.1280 0.4146 1.0000 1.0000 1.0000 1.0000 0.0016 0.0052 0.0170 0.0550 0.1782 0.5772 1.0000 1.0000 1.0000 0.0007 0.0022 0.0073 0.0235 0.0767 0.2867 0.6494 0.2867 0.0767 0.0235 0.0073 0.0022 0.0007 1.0000 1.0000 1.0000 0.5772 0.1782 0.0550 0.0170 0.0052 0.0016 1.0000 1.0000 1.0000 1.0000 0.4146 0.1280 0.0393 0.0121 0.0037 0.0011 1.0000 1.0000 1.0000 0.9250 0.2839 0.0872 0.0268 0.0082 0.0025 0.0008 1.0000 1.0000 1.0000 0.6287 0.1930 0.0592 0.0182 0.0056 0.0017 1.0000 1.0000 1.0000 1.0000 0.4629 0.0732
0.2370 1.0000 1.0000 1.0000 1.0000 0.0017 0.0056 0.0181 0.0589 0.1919 0.6252 1.0000 1.0000 1.0000 0.0008 0.0025 0.0082 0.0266 0.0867 0.2823 0.9197 1.0000 1.0000 1.0000 0.0011 0.0037 0.0120 0.0391 0.1275 0.4146 1.0000 1.0000 1.0000 1.0000 0.0016 0.0053 0.0171 0.0553 0.1792 0.5805 1.0000 1.0000 1.0000 0.0007 0.0023 0.0073 0.0237 0.0764 0.2500 0.9338 1.0000 0.9338 0.2500 0.0764 0.0237 0.0073 0.0023 0.0007 1.0000 1.0000 1.0000 0.5805 0.1792 0.0553 0.0171 0.0053 0.0016 1.0000 1.0000 1.0000 1.0000 0.4146 0.1275 0.0391 0.0120 0.0037 0.0011 1.0000 1.0000 1.0000 0.9197 0.2823 0.0867 0.0266 0.0082 0.0025 0.0008 1.0000 1.0000 1.0000 0.6252 0.1919 0.0589 0.0181 0.0056 0.0017 1.0000 1.0000 1.0000 1.0000 0.2370
0.7677 1.0000 1.0000 1.0000 0.0017 0.0055 0.0180 0.0586 0.1908 0.6216 1.0000 1.0000 1.0000 0.0008 0.0025 0.0081 0.0265 0.0862 0.2807 0.9145 1.0000 1.0000 1.0000 0.0011 0.0037 0.0119 0.0389 0.1268 0.4130 1.0000 1.0000 1.0000 1.0000 0.0016 0.0053 0.0172 0.0556 0.1802 0.5838 1.0000 1.0000 1.0000 0.0007 0.0023 0.0074 0.0239 0.0773 0.2495 0.8143 1.0000 1.0000 1.0000 0.8143 0.2495 0.0773 0.0239 0.0074 0.0023 0.0007 1.0000 1.0000 1.0000 0.5838 0.1802 0.0556 0.0172 0.0053 0.0016 1.0000 1.0000 1.0000 1.0000 0.4130 0.1268 0.0389 0.0119 0.0037 0.0011 1.0000 1.0000 1.0000 0.9145 0.2807 0.0862 0.0265 0.0081 0.0025 0.0008 1.0000 1.0000 1.0000 0.6216 0.1908 0.0586 0.0180 0.0055 0.0017 1.0000 1.0000 1.0000 0.7677
1.0000 1.0000 1.0000 0.0017 0.0055 0.0179 0.0582 0.1897 0.6181 1.0000 1.0000 1.0000 0.0008 0.0025 0.0081 0.0263 0.0857 0.2791 0.9093 1.0000 1.0000 1.0000 0.0011 0.0036 0.0119 0.0387 0.1261 0.4106 1.0000 1.0000 1.0000 1.0000 0.0016 0.0053 0.0173 0.0560 0.1813 0.5871 1.0000 1.0000 1.0000 0.0007 0.0023 0.0074 0.0240 0.0778 0.2519 0.8112 1.0000 1.0000 1.0000 1.0000 1.0000 0.8112 0.2519 0.0778 0.0240 0.0074 0.0023 0.0007 1.0000 1.0000 1.0000 0.5871 0.1813 0.0560 0.0173 0.0053 0.0016 1.0000 1.0000 1.0000 1.0000 0.4106 0.1261 0.0387 0.0119 0.0036 0.0011 1.0000 1.0000 1.0000 0.9093 0.2791 0.0857 0.0263 0.0081 0.0025 0.0008 1.0000 1.0000 1.0000 0.6181 0.1897 0.0582 0.0179 0.0055 0.0017 1.0000 1.0000 1.0000
1.0000 1.0000 0.0017 0.0055 0.0178 0.0579 0.1886 0.6146 1.0000 1.0000 1.0000 0.0008 0.0025 0.0080 0.0262 0.0852 0.2775 0.9041 1.0000 1.0000 1.0000 0.0011 0.0036 0.0118 0.0385 0.1253 0.4083 1.0000 1.0000 1.0000 1.0000 0.0016 0.0053 0.0173 0.0562 0.1823 0.5905 1.0000 1.0000 1.0000 0.0007 0.0023 0.0075 0.0241 0.0782 0.2533 0.8205 1.0000 1.0000 1.0000 0.0008 1.0000 1.0000 1.0000 0.8205 0.2533 0.0782 0.0241 0.0075 0.0023 0.0007 1.0000 1.0000 1.0000 0.5905 0.1823 0.0562 0.0173 0.0053 0.0016 1.0000 1.0000 1.0000 1.0000 0.4083 0.1253 0.0385 0.0118 0.0036 0.0011 1.0000 1.0000 1.0000 0.9041 0.2775 0.0852 0.0262 0.0080 0.0025 0.0008 1.0000 1.0000 1.0000 0.6146 0.1886 0.0579 0.0178 0.0055 0.0017 1.0000 1.0000
1.0000 0.0018 0.0054 0.0177 0.0576 0.1876 0.6111 1.0000 1.0000 1.0000 0.0008 0.0025 0.0080 0.0260 0.0847 0.2760 0.8990 1.0000 1.0000 1.0000 0.0011 0.0036 0.0117 0.0383 0.1246 0.4060 1.0000 1.0000 1.0000 1.0000 0.0016 0.0053 0.0173 0.0562 0.1830 0.5927 1.0000 1.0000 1.0000 0.0007 0.0023 0.0075 0.0243 0.0787 0.2548 0.8252 1.0000 1.0000 1.0000 0.0011 0.0026 0.0011 1.0000 1.0000 1.0000 0.8252 0.2548 0.0787 0.0243 0.0075 0.0023 0.0007 1.0000 1.0000 1.0000 0.5927 0.1830 0.0562 0.0173 0.0053 0.0016 1.0000 1.0000 1.0000 1.0000 0.4060 0.1246 0.0383 0.0117 0.0036 0.0011 1.0000 1.0000 1.0000 0.8990 0.2760 0.0847 0.0260 0.0080 0.0025 0.0008 1.0000 1.0000 1.0000 0.6111 0.1876 0.0576 0.0177 0.0054 0.0018 1.0000
0.0009 0.0058 0.0174 0.0574 0.1865 0.6076 1.0000 1.0000 1.0000 0.0007 0.0024 0.0079 0.0259 0.0842 0.2744 0.8939 1.0000 1.0000 1.0000 0.0011 0.0036 0.0117 0.0380 0.1239 0.4037 1.0000 1.0000 1.0000 1.0000 0.0016 0.0053 0.0172 0.0560 0.1823 0.5927 1.0000 1.0000 1.0000 0.0007 0.0023 0.0075 0.0244 0.0791 0.2562 0.8300 1.0000 1.0000 1.0000 0.0010 0.0037 0.0085 0.0037 0.0010 1.0000 1.0000 1.0000 0.8300 0.2562 0.0791 0.0244 0.0075 0.0023 0.0007 1.0000 1.0000 1.0000 0.5927 0.1823 0.0560 0.0172 0.0053 0.0016 1.0000 1.0000 1.0000 1.0000 0.4037 0.1239 0.0380 0.0117 0.0036 0.0011 1.0000 1.0000 1.0000 0.8939 0.2744 0.0842 0.0259 0.0079 0.0024 0.0007 1.0000 1.0000 1.0000 0.6076 0.1865 0.0574 0.0174 0.0058 0.0009
0.0030 0.0189 0.0563 0.1858 0.6041 1.0000 1.0000 1.0000 0.0007 0.0024 0.0079 0.0257 0.0837 0.2728 0.8888 1.0000 1.0000 1.0000 0.0011 0.0036 0.0116 0.0378 0.1232 0.4014 1.0000 1.0000 1.0000 1.0000 0.0016 0.0052 0.0171 0.0556 0.1813 0.5905 1.0000 1.0000 1.0000 0.0007 0.0023 0.0076 0.0246 0.0796 0.2577 0.8347 1.0000 1.0000 1.0000 0.0010 0.0033 0.0122 0.0276 0.0122 0.0033 0.0010 1.0000 1.0000 1.0000 0.8347 0.2577 0.0796 0.0246 0.0076 0.0023 0.0007 1.0000 1.0000 1.0000 0.5905 0.1813 0.0556 0.0171 0.0052 0.0016 1.0000 1.0000 1.0000 1.0000 0.4014 0.1232 0.0378 0.0116 0.0036 0.0011 1.0000 1.0000 1.0000 0.8888 0.2728 0.0837 0.0257 0.0079 0.0024 0.0007 1.0000 1.0000 1.0000 0.6041 0.1858 0.0563 0.0189 0.0030
0.0097 0.0612 0.1823 0.6018 1.0000 1.0000 1.0000 0.0007 0.0024 0.0078 0.0256 0.0833 0.2713 0.8837 1.0000 1.0000 1.0000 0.0011 0.0035 0.0115 0.0376 0.1225 0.3991 1.0000 1.0000 1.0000 1.0000 0.0016 0.0052 0.0170 0.0553 0.1802 0.5871 1.0000 1.0000 1.0000 0.0007 0.0023 0.0076 0.0247 0.0800 0.2592 0.8395 1.0000 1.0000 1.0000 0.0010 0.0033 0.0106 0.0397 0.0899 0.0397 0.0106 0.0033 0.0010 1.0000 1.0000 1.0000 0.8395 0.2592 0.0800 0.0247 0.0076 0.0023 0.0007 1.0000 1.0000 1.0000 0.5871 0.1802 0.0553 0.0170 0.0052 0.0016 1.0000 1.0000 1.0000 1.0000 0.3991 0.1225 0.0376 0.0115 0.0035 0.0011 1.0000 1.0000 1.0000 0.8837 0.2713 0.0833 0.0256 0.0078 0.0024 0.0007 1.0000 1.0000 1.0000 0.6018 0.1823 0.0612 0.0097
0.0313 0.1982 0.5905 1.0000 1.0000 1.0000 0.0007 0.0024 0.0078 0.0254 0.0828 0.2697 0.8787 1.0000 1.0000 1.0000 0.0011 0.0035 0.0115 0.0374 0.1218 0.3968 1.0000 1.0000 1.0000 1.0000 0.0016 0.0052 0.0169 0.0550 0.1792 0.5838 1.0000 1.0000 1.0000 0.0007 0.0023 0.0076 0.0248 0.0803 0.2606 0.8443 1.0000 1.0000 1.0000 0.0010 0.0033 0.0106 0.0346 0.1292 0.2933 0.1292 0.0346 0.0106 0.0033 0.0010 1.0000 1.0000 1.0000 0.8443 0.2606 0.0803 0.0248 0.0076 0.0023 0.0007 1.0000 1.0000 1.0000 0.5838 0.1792 0.0550 0.0169 0.0052 0.0016 1.0000 1.0000 1.0000 1.0000 0.3968 0.1218 0.0374 0.0115 0.0035 0.0011 1.0000 1.0000 1.0000 0.8787 0.2697 0.0828 0.0254 0.0078 0.0024 0.0007 1.0000 1.0000 1.0000 0.5905 0.1982 0.0313
0.1015 0.6420 1.0000 1.0000 1.0000 0.0007 0.0024 0.0078 0.0253 0.0823 0.2682 0.8737 1.0000 1.0000 1.0000 0.0011 0.0035 0.0114 0.0372 0.1211 0.3946 1.0000 1.0000 1.0000 1.0000 0.0016 0.0052 0.0168 0.0547 0.1782 0.5805 1.0000 1.0000 1.0000 0.0007 0.0023 0.0076 0.0247 0.0803 0.2616 0.8475 1.0000 1.0000 1.0000 0.0010 0.0033 0.0107 0.0345 0.1127 0.4209 0.9536 0.4209 0.1127 0.0345 0.0107 0.0033 0.0010 1.0000 1.0000 1.0000 0.8475 0.2616 0.0803 0.0247 0.0076 0.0023 0.0007 1.0000 1.0000 1.0000 0.5805 0.1782 0.0547 0.0168 0.0052 0.0016 1.0000 1.0000 1.0000 1.0000 0.3946 0.1211 0.0372 0.0114 0.0035 0.0011 1.0000 1.0000 1.0000 0.8737 0.2682 0.0823 0.0253 0.0078 0.0024 0.0007 1.0000 1.0000 1.0000 0.6420 0.1015
0.3287 1.0000 1.0000 1.0000 0.0007 0.0024 0.0077 0.0251 0.0819 0.2667 0.8687 1.0000 1.0000 1.0000 0.0011 0.0035 0.0113 0.0370 0.1204 0.3923 1.0000 1.0000 1.0000 1.0000 0.0016 0.0051 0.0167 0.0544 0.1772 0.5772 1.0000 1.0000 1.0000 0.0007 0.0023 0.0075 0.0246 0.0800 0.2606 0.8475 1.0000 1.0000 1.0000 0.0010 0.0033 0.0108 0.0349 0.1125 0.3671 1.0000 1.0000 1.0000 0.3671 0.1125 0.0349 0.0108 0.0033 0.0010 1.0000 1.0000 1.0000 0.8475 0.2606 0.0800 0.0246 0.0075 0.0023 0.0007 1.0000 1.0000 1.0000 0.5772 0.1772 0.0544 0.0167 0.0051 0.0016 1.0000 1.0000 1.0000 1.0000 0.3923 0.1204 0.0370 0.0113 0.0035 0.0011 1.0000 1.0000 1.0000 0.8687 0.2667 0.0819 0.0251 0.0077 0.0024 0.0007 1.0000 1.0000 1.0000 0.3287
1.0000 1.0000 1.0000 0.0007 0.0024 0.0077 0.0250 0.0814 0.2651 0.8638 1.0000 1.0000 1.0000 0.0011 0.0035 0.0113 0.0368 0.1197 0.3901 1.0000 1.0000 1.0000 1.0000 0.0016 0.0051 0.0166 0.0541 0.1762 0.5739 1.0000 1.0000 1.0000 0.0007 0.0023 0.0075 0.0244 0.0796 0.2592 0.8443 1.0000 1.0000 1.0000 0.0010 0.0033 0.0108 0.0350 0.1135 0.3664 1.0000 1.0000 1.0000 1.0000 1.0000 0.3664 0.1135 0.0350 0.0108 0.0033 0.0010 1.0000 1.0000 1.0000 0.8443 0.2592 0.0796 0.0244 0.0075 0.0023 0.0007 1.0000 1.0000 1.0000 0.5739 0.1762 0.0541 0.0166 0.0051 0.0016 1.0000 1.0000 1.0000 1.0000 0.3901 0.1197 0.0368 0.0113 0.0035 0.0011 1.0000 1.0000 1.0000 0.8638 0.2651 0.0814 0.0250 0.0077 0.0024 0.0007 1.0000 1.0000 1.0000
1.0000 1.0000 0.0007 0.0023 0.0076 0.0248 0.0809 0.2636 0.8589 1.0000 1.0000 1.0000 0.0011 0.0034 0.0112 0.0365 0.1191 0.3879 1.0000 1.0000 1.0000 1.0000 0.0016 0.0051 0.0165 0.0538 0.1752 0.5706 1.0000 1.0000 1.0000 0.0007 0.0023 0.0075 0.0243 0.0791 0.2577 0.8395 1.0000 1.0000 1.0000 0.0010 0.0034 0.0109 0.0353 0.1142 0.3699 1.0000 1.0000 1.0000 1.0000 1.0000 1.0000 1.0000 0.3699 0.1142 0.0353 0.0109 0.0034 0.0010 1.0000 1.0000 1.0000 0.8395 0.2577 0.0791 0.0243 0.0075 0.0023 0.0007 1.0000 1.0000 1.0000 0.5706 0.1752 0.0538 0.0165 0.0051 0.0016 1.0000 1.0000 1.0000 1.0000 0.3879 0.1191 0.0365 0.0112 0.0034 0.0011 1.0000 1.0000 1.0000 0.8589 0.2636 0.0809 0.0248 0.0076 0.0023 0.0007 1.0000 1.0000
1.0000 0.0008 0.0023 0.0076 0.0247 0.0805 0.2621 0.8540 1.0000 1.0000 1.0000 0.0011 0.0034 0.0112 0.0363 0.1184 0.3857 1.0000 1.0000 1.0000 1.0000 0.0015 0.0050 0.0164 0.0535 0.1742 0.5674 1.0000 1.0000 1.0000 0.0007 0.0023 0.0074 0.0241 0.0787 0.2562 0.8347 1.0000 1.0000 1.0000 0.0010 0.0033 0.0109 0.0354 0.1146 0.3720 1.0000 1.0000 1.0000 1.0000 0.0012 1.0000 1.0000 1.0000 1.0000 0.3720 0.1146 0.0354 0.0109 0.0033 0.0010 1.0000 1.0000 1.0000 0.8347 0.2562 0.0787 0.0241 0.0074 0.0023 0.0007 1.0000 1.0000 1.0000 0.5674 0.1742 0.0535 0.0164 0.0050 0.0015 1.0000 1.0000 1.0000 1.0000 0.3857 0.1184 0.0363 0.0112 0.0034 0.0011 1.0000 1.0000 1.0000 0.8540 0.2621 0.0805 0.0247 0.0076 0.0023 0.0008 1.0000
0.0004 0.0025 0.0075 0.0246 0.0800 0.2606 0.8491 1.0000 1.0000 1.0000 0.0010 0.0034 0.0111 0.0361 0.1177 0.3835 1.0000 1.0000 1.0000 1.0000 0.0015 0.0050 0.0163 0.0532 0.1732 0.5641 1.0000 1.0000 1.0000 0.0007 0.0023 0.0074 0.0240 0.0782 0.2548 0.8300 1.0000 1.0000 1.0000 0.0010 0.0033 0.0108 0.0353 0.1146 0.3734 1.0000 1.0000 1.0000 1.0000 0.0017 0.0038 0.0017 1.0000 1.0000 1.0000 1.0000 0.3734 0.1146 0.0353 0.0108 0.0033 0.0010 1.0000 1.0000 1.0000 0.8300 0.2548 0.0782 0.0240 0.0074 0.0023 0.0007 1.0000 1.0000 1.0000 0.5641 0.1732 0.0532 0.0163 0.0050 0.0015 1.0000 1.0000 1.0000 1.0000 0.3835 0.1177 0.0361 0.0111 0.0034 0.0010 1.0000 1.0000 1.0000 0.8491 0.2606 0.0800 0.0246 0.0075 0.0025 0.0004
0.0013 0.0081 0.0241 0.0797 0.2592 0.8443 1.0000 1.0000 1.0000 0.0010 0.0034 0.0110 0.0359 0.1170 0.3813 1.0000 1.0000 1.0000 1.0000 0.0015 0.0050 0.0162 0.0529 0.1722 0.5609 1.0000 1.0000 1.0000 0.0007 0.0022 0.0073 0.0239 0.0778 0.2533 0.8252 1.0000 1.0000 1.0000 0.0010 0.0033 0.0108 0.0350 0.1142 0.3720 1.0000 1.0000 1.0000 1.0000 0.0015 0.0055 0.0125 0.0055 0.0015 1.0000 1.0000 1.0000 1.0000 0.3720 0.1142 0.0350 0.0108 0.0033 0.0010 1.0000 1.0000 1.0000 0.8252 0.2533 0.0778 0.0239 0.0073 0.0022 0.0007 1.0000 1.0000 1.0000 0.5609 0.1722 0.0529 0.0162 0.0050 0.0015 1.0000 1.0000 1.0000 1.0000 0.3813 0.1170 0.0359 0.0110 0.0034 0.0010 1.0000 1.0000 1.0000 0.8443 0.2592 0.0797 0.0241 0.0081 0.0013
0.0041 0.0263 0.0782 0.2582 0.8395 1.0000 1.0000 1.0000 0.0010 0.0034 0.0110 0.0357 0.1164 0.3791 1.0000 1.0000 1.0000 1.0000 0.0015 0.0050 0.0161 0.0526 0.1712 0.5577 1.0000 1.0000 1.0000 0.0007 0.0022 0.0073 0.0237 0.0773 0.2519 0.8205 1.0000 1.0000 1.0000 0.0010 0.0033 0.0107 0.0349 0.1135 0.3699 1.0000 1.0000 1.0000 1.0000 0.0015 0.0048 0.0179 0.0407 0.0179 0.0048 0.0015 1.0000 1.0000 1.0000 1.0000 0.3699 0.1135 0.0349 0.0107 0.0033 0.0010 1.0000 1.0000 1.0000 0.8205 0.2519 0.0773 0.0237 0.0073 0.0022 0.0007 1.0000 1.0000 1.0000 0.5577 0.1712 0.0526 0.0161 0.0050 0.0015 1.0000 1.0000 1.0000 1.0000 0.3791 0.1164 0.0357 0.0110 0.0034 0.0010 1.0000 1.0000 1.0000 0.8395 0.2582 0.0782 0.0263 0.0041
0.0134 0.0850 0.2533 0.8363 1.0000 1.0000 1.0000 0.0010 0.0033 0.0109 0.0355 0.1157 0.3770 1.0000 1.0000 1.0000 1.0000 0.0015 0.0049 0.0160 0.0523 0.1702 0.5546 1.0000 1.0000 1.0000 0.0007 0.0022 0.0072 0.0236 0.0769 0.2504 0.8159 1.0000 1.0000 1.0000 0.0010 0.0033 0.0106 0.0347 0.1129 0.3678 1.0000 1.0000 1.0000 1.0000 0.0015 0.0048 0.0156 0.0583 0.1319 0.0581 0.0155 0.0048 0.0015 1.0000 1.0000 1.0000 1.0000 0.3664 0.1125 0.0345 0.0106 0.0033 0.0010 1.0000 1.0000 1.0000 0.8112 0.2495 0.0764 0.0235 0.0072 0.0022 0.0007 1.0000 1.0000 1.0000 0.5525 0.1696 0.0521 0.0160 0.0049 0.0015 1.0000 1.0000 1.0000 1.0000 0.3755 0.1153 0.0354 0.0109 0.0033 0.0010 1.0000 1.0000 1.0000 0.8315 0.2524 0.0845 0.0134
0.0436 0.2749 0.8205 1.0000 1.0000 1.0000 0.0010 0.0033 0.0108 0.0353 0.1151 0.3748 1.0000 1.0000 1.0000 1.0000 0.0015 0.0049 0.0159 0.0520 0.1693 0.5514 1.0000 1.0000 1.0000 0.0007 0.0022 0.0072 0.0235 0.0764 0.2490 0.8112 1.0000 1.0000 1.0000 0.0010 0.0032 0.0106 0.0345 0.1122 0.3657 1.0000 1.0000 1.0000 1.0000 0.0015 0.0048 0.0155 0.0508 0.1890 0.4315 0.1923 0.0508 0.0155 0.0048 0.0015 1.0000 1.0000 1.0000 1.0000 0.3671 0.1127 0.0346 0.0106 0.0033 0.0010 1.0000 1.0000 1.0000 0.8143 0.2500 0.0767 0.0236 0.0072 0.0022 0.0007 1.0000 1.0000 1.0000 0.5535 0.1699 0.0522 0.0160 0.0049 0.0015 1.0000 1.0000 1.0000 1.0000 0.3762 0.1155 0.0355 0.0109 0.0033 0.0010 1.0000 1.0000 1.0000 0.8252 0.2765 0.0441
0.1410 0.8922 1.0000 1.0000 1.0000 0.0010 0.0033 0.0108 0.0351 0.1144 0.3727 1.0000 1.0000 1.0000 1.0000 0.0015 0.0049 0.0159 0.0517 0.1683 0.5483 1.0000 1.0000 1.0000 0.0007 0.0022 0.0072 0.0233 0.0760 0.2476 0.8066 1.0000 1.0000 1.0000 0.0010 0.0032 0.0105 0.0343 0.1116 0.3636 1.0000 1.0000 1.0000 1.0000 0.0015 0.0047 0.0155 0.0502 0.1636 0.6134 1.0000 0.7461 0.1952 0.0580 0.0179 0.0055 0.0017 1.0000 1.0000 1.0000 1.0000 0.4209 0.1292 0.0397 0.0122 0.0037 0.0011 1.0000 1.0000 1.0000 0.9338 0.2867 0.0880 0.0270 0.0083 0.0025 0.0008 1.0000 1.0000 1.0000 0.6347 0.1948 0.0598 0.0184 0.0056 0.0017 1.0000 1.0000 1.0000 1.0000 0.4315 0.1324 0.0407 0.0125 0.0038 0.0012 1.0000 1.0000 1.0000 1.0000 0.1642
0.4568 1.0000 1.0000 1.0000 0.0010 0.0033 0.0107 0.0349 0.1137 0.3706 1.0000 1.0000 1.0000 1.0000 0.0015 0.0048 0.0158 0.0514 0.1673 0.5452 1.0000 1.0000 1.0000 0.0007 0.0022 0.0071 0.0232 0.0756 0.2462 0.8020 1.0000 1.0000 1.0000 0.0010 0.0032 0.0105 0.0341 0.1110 0.3615 1.0000 1.0000 1.0000 1.0000 0.0014 0.0047 0.0154 0.0501 0.1620 0.5298 1.0000 1.0000 1.0000 0.4331 0.1347 0.0406 0.0125 0.0038 0.0012 1.0000 1.0000 1.0000 0.9536 0.2933 0.0899 0.0276 0.0085 0.0026 0.0008 1.0000 1.0000 1.0000 0.6494 0.1997 0.0612 0.0188 0.0058 0.0018 1.0000 1.0000 1.0000 1.0000 0.4414 0.1358 0.0416 0.0128 0.0039 0.0012 1.0000 1.0000 1.0000 0.9793 0.3000 0.0923 0.0283 0.0087 0.0027 0.0008 1.0000 1.0000 1.0000 0.3953
1.0000 1.0000 1.0000 0.0010 0.0033 0.0107 0.0347 0.1131 0.3685 1.0000 1.0000 1.0000 1.0000 0.0015 0.0048 0.0157 0.0511 0.1664 0.5421 1.0000 1.0000 1.0000 0.0007 0.0022 0.0071 0.0231 0.0751 0.2448 0.7975 1.0000 1.0000 1.0000 0.0010 0.0032 0.0104 0.0339 0.1103 0.3595 1.0000 1.0000 1.0000 1.0000 0.0014 0.0047 0.0153 0.0498 0.1620 0.5248 1.0000 1.0000 1.0000 0.1651 0.1837 0.0613 0.0179 0.0055 0.0017 1.0000 1.0000 1.0000 1.0000 0.4209 0.1292 0.0397 0.0122 0.0037 0.0011 1.0000 1.0000 1.0000 0.9338 0.2867 0.0880 0.0270 0.0083 0.0025 0.0008 1.0000 1.0000 1.0000 0.6347 0.1948 0.0598 0.0184 0.0056 0.0017 1.0000 1.0000 1.0000 1.0000 0.4315 0.1324 0.0407 0.0125 0.0038 0.0012 1.0000 1.0000 1.0000 1.0000 0.1642
1.0000 1.0000 0.0010 0.0032 0.0105 0.0343 0.1118 0.3643 1.0000 1.0000 1.0000 1.0000 0.0015 0.0048 0.0155 0.0505 0.1645 0.5359 1.0000 1.0000 1.0000 0.0007 0.0021 0.0070 0.0228 0.0743 0.2420 0.7884 1.0000 1.0000 1.0000 0.0010 0.0032 0.0103 0.0335 0.1091 0.3554 1.0000 1.0000 1.0000 1.0000 0.0014 0.0046 0.0151 0.0493 0.1605 0.5228 1.0000 1.0000 1.0000 1.0000 0.0108 0.0546 0.0175 0.0048 0.0015 1.0000 1.0000 1.0000 1.0000 0.3671 0.1127 0.0346 0.0106 0.0033 0.0010 1.0000 1.0000 1.0000 0.8143 0.2500 0.0767 0.0236 0.0072 0.0022 0.0007 1.0000 1.0000 1.0000 0.5535 0.1699 0.0522 0.0160 0.0049 0.0015 1.0000 1.0000 1.0000 1.0000 0.3762 0.1155 0.0355 0.0109 0.0033 0.0010 1.0000 1.0000 1.0000 0.8252 0.2765 0.0441
1.0000 0.0011 0.0032 0.0106 0.0345 0.1127 0.3671 1.0000 1.0000 1.0000 1.0000 0.0015 0.0048 0.0156 0.0509 0.1658 0.5400 1.0000 1.0000 1.0000 0.0007 0.0022 0.0071 0.0230 0.0749 0.2439 0.7944 1.0000 1.0000 1.0000 0.0010 0.0032 0.0104 0.0338 0.1101 0.3588 1.0000 1.0000 1.0000 1.0000 0.0014 0.0047 0.0153 0.0497 0.1620 0.5278 1.0000 1.0000 1.0000 0.0006 0.0013 0.0201 0.0224 0.0048 0.0014 1.0000 1.0000 1.0000 1.0000 0.3664 0.1125 0.0345 0.0106 0.0033 0.0010 1.0000 1.0000 1.0000 0.8112 0.2495 0.0764 0.0235 0.0072 0.0022 0.0007 1.0000 1.0000 1.0000 0.5525 0.1696 0.0521 0.0160 0.0049 0.0015 1.0000 1.0000 1.0000 1.0000 0.3755 0.1153 0.0354 0.0109 0.0033 0.0010 1.0000 1.0000 1.0000 0.8315 0.2524 0.0845 0.0134
0.0007 0.0042 0.0124 0.0410 0.1332 0.4347 1.0000 1.0000 1.0000 1.0000 0.0017 0.0057 0.0185 0.0602 0.1960 0.6384 1.0000 1.0000 1.0000 0.0008 0.0026 0.0083 0.0272 0.0885 0.2883 0.9392 1.0000 1.0000 1.0000 0.0012 0.0038 0.0123 0.0400 0.1302 0.4241 1.0000 1.0000 1.0000 1.0000 0.0017 0.0055 0.0180 0.0588 0.1915 0.6240 1.0000 1.0000 1.0000 0.0008 0.0025 0.0093 0.0200 0.0053 0.0014 1.0000 1.0000 1.0000 1.0000 0.3699 0.1135 0.0349 0.0107 0.0033 0.0010 1.0000 1.0000 1.0000 0.8205 0.2519 0.0773 0.0237 0.0073 0.0022 0.0007 1.0000 1.0000 1.0000 0.5577 0.1712 0.0526 0.0161 0.0050 0.0015 1.0000 1.0000 1.0000 1.0000 0.3791 0.1164 0.0357 0.0110 0.0034 0.0010 1.0000 1.0000 1.0000 0.8395 0.2582 0.0782 0.0263 0.0041
0.0013 0.0078 0.0232 0.0763 0.2481 0.8082 1.0000 1.0000 1.0000 0.0010 0.0032 0.0105 0.0343 0.1118 0.3643 1.0000 1.0000 1.0000 1.0000 0.0015 0.0048 0.0155 0.0505 0.1645 0.5359 1.0000 1.0000 1.0000 1.0000 0.0021 0.0070 0.0228 0.0743 0.2420 0.7884 1.0000 1.0000 1.0000 0.0010 0.0032 0.0103 0.0335 0.1093 0.3554 1.0000 1.0000 1.0000 1.0000 0.0014 0.0050 0.0134 0.0063 0.0014 1.0000 1.0000 1.0000 1.0000 0.3720 0.1142 0.0350 0.0108 0.0033 0.0010 1.0000 1.0000 1.0000 0.8252 0.2533 0.0778 0.0239 0.0073 0.0022 0.0007 1.0000 1.0000 1.0000 0.5609 0.1722 0.0529 0.0162 0.0050 0.0015 1.0000 1.0000 1.0000 1.0000 0.3813 0.1170 0.0359 0.0110 0.0034 0.0010 1.0000 1.0000 1.0000 0.8443 0.2592 0.0797 0.0241 0.0081 0.0013
