-0.0733 -0.0475 -0.0031 0.0416 0.1431 0.0001 -0.1808 -0.2113 -0.2171 -0.1696 -0.0818 -0.0335 0.0090 0.0589 0.1384 -0.0618 -0.1910 -0.2162 -0.2107 -0.1447 -0.0655 -0.0216 0.0208 0.0808 0.1066 -0.1100 -0.2000 -0.2190 -0.1993 -0.1181 -0.0519 -0.0096 0.0334 0.1136 0.0421 -0.1540 -0.2075 -0.2188 -0.1821 -0.0938 -0.0402 0.0022 0.0485 0.1435 -0.0281 -0.1853 -0.2136 -0.2150 -0.1546 -0.0718 -0.0392 -0.0718 -0.1546 -0.2150 -0.2136 -0.1853 -0.0281 0.1435 0.0485 0.0022 -0.0402 -0.0938 -0.1821 -0.2188 -0.2075 -0.1540 0.0421 0.1136 0.0334 -0.0096 -0.0519 -0.1181 -0.1993 -0.2190 -0.2000 -0.1100 0.1066 0.0808 0.0208 -0.0216 -0.0655 -0.1447 -0.2107 -0.2162 -0.1910 -0.0618 0.1384 0.0589 0.0090 -0.0335 -0.0818 -0.1696 -0.2171 -0.2113 -0.1808 0.0001 0.1431 0.0416 -0.0031 -0.0475 -0.0733
-0.0475 0.0232 0.0583 0.1708 -0.0021 -0.3179 -0.3348 -0.3191 -0.2293 -0.0776 -0.0100 0.0285 0.0757 0.1712 -0.0885 -0.3246 -0.3349 -0.3039 -0.1853 -0.0534 0.0027 0.0388 0.0985 0.1395 -0.1617 -0.3299 -0.3320 -0.2817 -0.1382 -0.0345 0.0135 0.0505 0.1355 0.0568 -0.2491 -0.3336 -0.3252 -0.2511 -0.0967 -0.0183 0.0231 0.0652 0.1734 -0.0416 -0.3209 -0.3352 -0.3136 -0.2118 -0.0655 0.0013 0.0253 0.0013 -0.0655 -0.2118 -0.3136 -0.3352 -0.3209 -0.0416 0.1734 0.0652 0.0231 -0.0183 -0.0967 -0.2511 -0.3252 -0.3336 -0.2491 0.0568 0.1355 0.0505 0.0135 -0.0345 -0.1382 -0.2817 -0.3320 -0.3299 -0.1617 0.1395 0.0985 0.0388 0.0027 -0.0534 -0.1853 -0.3039 -0.3349 -0.3246 -0.0885 0.1712 0.0757 0.0285 -0.0100 -0.0776 -0.2293 -0.3191 -0.3348 -0.3179 -0.0021 0.1708 0.0583 0.0232 -0.0475
-0.0031 0.0583 0.1710 -0.0037 -0.3181 -0.3349 -0.3187 -0.2268 -0.0751 -0.0119 0.0246 0.0761 0.1711 -0.0899 -0.3247 -0.3350 -0.3031 -0.1821 -0.0518 -0.0003 0.0359 0.0991 0.1385 -0.1632 -0.3301 -0.3319 -0.2804 -0.1347 -0.0346 0.0098 0.0498 0.1365 0.0549 -0.2513 -0.3337 -0.3250 -0.2492 -0.0938 -0.0196 0.0191 0.0655 0.1735 -0.0432 -0.3210 -0.3353 -0.3129 -0.2089 -0.0643 -0.0066 0.0328 0.0665 0.0328 -0.0066 -0.0643 -0.2089 -0.3129 -0.3353 -0.3210 -0.0432 0.1735 0.0655 0.0191 -0.0196 -0.0938 -0.2492 -0.3250 -0.3337 -0.2513 0.0549 0.1365 0.0498 0.0098 -0.0346 -0.1347 -0.2804 -0.3319 -0.3301 -0.1632 0.1385 0.0991 0.0359 -0.0003 -0.0518 -0.1821 -0.3031 -0.3350 -0.3247 -0.0899 0.1711 0.0761 0.0246 -0.0119 -0.0751 -0.2268 -0.3187 -0.3349 -0.3181 -0.0037 0.1710 0.0583 -0.0031
0.0416 0.1708 -0.0037 -0.3182 -0.3349 -0.3185 -0.2263 -0.0747 -0.0114 0.0251 0.0764 0.1709 -0.0912 -0.3248 -0.3350 -0.3028 -0.1815 -0.0516 0.0003 0.0361 0.0996 0.1375 -0.1646 -0.3301 -0.3319 -0.2799 -0.1341 -0.0342 0.0104 0.0501 0.1374 0.0531 -0.2532 -0.3338 -0.3248 -0.2486 -0.0933 -0.0191 0.0197 0.0658 0.1736 -0.0448 -0.3212 -0.3353 -0.3127 -0.2081 -0.0637 -0.0064 0.0295 0.0855 0.1439 0.0855 0.0295 -0.0064 -0.0637 -0.2081 -0.3127 -0.3353 -0.3212 -0.0448 0.1736 0.0658 0.0197 -0.0191 -0.0933 -0.2486 -0.3248 -0.3338 -0.2532 0.0531 0.1374 0.0501 0.0104 -0.0342 -0.1341 -0.2799 -0.3319 -0.3301 -0.1646 0.1375 0.0996 0.0361 0.0003 -0.0516 -0.1815 -0.3028 -0.3350 -0.3248 -0.0912 0.1709 0.0764 0.0251 -0.0114 -0.0747 -0.2263 -0.3185 -0.3349 -0.3182 -0.0037 0.1708 0.0416
0.1431 -0.0021 -0.3181 -0.3349 -0.3185 -0.2257 -0.0743 -0.0112 0.0252 0.0768 0.1706 -0.0925 -0.3249 -0.3349 -0.3025 -0.1806 -0.0513 0.0005 0.0364 0.1000 0.1365 -0.1659 -0.3302 -0.3318 -0.2795 -0.1333 -0.0339 0.0105 0.0503 0.1383 0.0513 -0.2551 -0.3338 -0.3246 -0.2480 -0.0927 -0.0189 0.0197 0.0661 0.1736 -0.0463 -0.3213 -0.3353 -0.3124 -0.2074 -0.0633 -0.0061 0.0294 0.0864 0.1592 -0.0120 0.1592 0.0864 0.0294 -0.0061 -0.0633 -0.2074 -0.3124 -0.3353 -0.3213 -0.0463 0.1736 0.0661 0.0197 -0.0189 -0.0927 -0.2480 -0.3246 -0.3338 -0.2551 0.0513 0.1383 0.0503 0.0105 -0.0339 -0.1333 -0.2795 -0.3318 -0.3302 -0.1659 0.1365 0.1000 0.0364 0.0005 -0.0513 -0.1806 -0.3025 -0.3349 -0.3249 -0.0925 0.1706 0.0768 0.0252 -0.0112 -0.0743 -0.2257 -0.3185 -0.3349 -0.3181 -0.0021 0.1431
0.0001 -0.3179 -0.3349 -0.3185 -0.2257 -0.0741 -0.0110 0.0254 0.0771 0.1704 -0.0938 -0.3250 -0.3349 -0.3022 -0.1798 -0.0509 0.0007 0.0366 0.1005 0.1354 -0.1672 -0.3303 -0.3317 -0.2790 -0.1326 -0.0336 0.0107 0.0506 0.1392 0.0495 -0.2570 -0.3339 -0.3245 -0.2474 -0.0921 -0.0187 0.0199 0.0664 0.1736 -0.0478 -0.3214 -0.3353 -0.3121 -0.2066 -0.0629 -0.0059 0.0297 0.0861 0.1593 -0.1301 -0.3184 -0.1301 0.1593 0.0861 0.0297 -0.0059 -0.0629 -0.2066 -0.3121 -0.3353 -0.3214 -0.0478 0.1736 0.0664 0.0199 -0.0187 -0.0921 -0.2474 -0.3245 -0.3339 -0.2570 0.0495 0.1392 0.0506 0.0107 -0.0336 -0.1326 -0.2790 -0.3317 -0.3303 -0.1672 0.1354 0.1005 0.0366 0.0007 -0.0509 -0.1798 -0.3022 -0.3349 -0.3250 -0.0938 0.1704 0.0771 0.0254 -0.0110 -0.0741 -0.2257 -0.3185 -0.3349 -0.3179 0.0001
-0.1808 -0.3348 -0.3187 -0.2263 -0.0743 -0.0110 0.0255 0.0774 0.1702 -0.0951 -0.3251 -0.3349 -0.3018 -0.1790 -0.0506 0.0008 0.0368 0.1010 0.1344 -0.1685 -0.3304 -0.3316 -0.2785 -0.1318 -0.0333 0.0109 0.0509 0.1402 0.0477 -0.2589 -0.3339 -0.3243 -0.2468 -0.0915 -0.0184 0.0201 0.0667 0.1736 -0.0492 -0.3215 -0.3353 -0.3119 -0.2058 -0.0624 -0.0057 0.0299 0.0864 0.1608 -0.1284 -0.3293 -0.3385 -0.3293 -0.1284 0.1608 0.0864 0.0299 -0.0057 -0.0624 -0.2058 -0.3119 -0.3353 -0.3215 -0.0492 0.1736 0.0667 0.0201 -0.0184 -0.0915 -0.2468 -0.3243 -0.3339 -0.2589 0.0477 0.1402 0.0509 0.0109 -0.0333 -0.1318 -0.2785 -0.3316 -0.3304 -0.1685 0.1344 0.1010 0.0368 0.0008 -0.0506 -0.1790 -0.3018 -0.3349 -0.3251 -0.0951 0.1702 0.0774 0.0255 -0.0110 -0.0743 -0.2263 -0.3187 -0.3348 -0.1808
-0.2113 -0.3191 -0.2268 -0.0747 -0.0112 0.0254 0.0774 0.1701 -0.0962 -0.3252 -0.3349 -0.3015 -0.1782 -0.0503 0.0010 0.0371 0.1015 0.1333 -0.1699 -0.3305 -0.3315 -0.2781 -0.1310 -0.0331 0.0110 0.0511 0.1411 0.0459 -0.2608 -0.3340 -0.3241 -0.2461 -0.0909 -0.0182 0.0202 0.0670 0.1737 -0.0507 -0.3216 -0.3353 -0.3116 -0.2050 -0.0620 -0.0054 0.0300 0.0868 0.1602 -0.1271 -0.3277 -0.3357 -0.3273 -0.3357 -0.3277 -0.1271 0.1602 0.0868 0.0300 -0.0054 -0.0620 -0.2050 -0.3116 -0.3353 -0.3216 -0.0507 0.1737 0.0670 0.0202 -0.0182 -0.0909 -0.2461 -0.3241 -0.3340 -0.2608 0.0459 0.1411 0.0511 0.0110 -0.0331 -0.1310 -0.2781 -0.3315 -0.3305 -0.1699 0.1333 0.1015 0.0371 0.0010 -0.0503 -0.1782 -0.3015 -0.3349 -0.3252 -0.0962 0.1701 0.0774 0.0254 -0.0112 -0.0747 -0.2268 -0.3191 -0.2113
-0.2171 -0.2293 -0.0751 -0.0114 0.0252 0.0771 0.1702 -0.0962 -0.3253 -0.3348 -0.3012 -0.1773 -0.0500 0.0012 0.0373 0.1020 0.1322 -0.1712 -0.3305 -0.3314 -0.2776 -0.1302 -0.0328 0.0112 0.0514 0.1421 0.0441 -0.2628 -0.3340 -0.3240 -0.2455 -0.0903 -0.0179 0.0204 0.0674 0.1737 -0.0522 -0.3217 -0.3353 -0.3113 -0.2043 -0.0616 -0.0052 0.0302 0.0872 0.1597 -0.1284 -0.3277 -0.3321 -0.2923 -0.2383 -0.2923 -0.3321 -0.3277 -0.1284 0.1597 0.0872 0.0302 -0.0052 -0.0616 -0.2043 -0.3113 -0.3353 -0.3217 -0.0522 0.1737 0.0674 0.0204 -0.0179 -0.0903 -0.2455 -0.3240 -0.3340 -0.2628 0.0441 0.1421 0.0514 0.0112 -0.0328 -0.1302 -0.2776 -0.3314 -0.3305 -0.1712 0.1322 0.1020 0.0373 0.0012 -0.0500 -0.1773 -0.3012 -0.3348 -0.3253 -0.0962 0.1702 0.0771 0.0252 -0.0114 -0.0751 -0.2293 -0.2171
-0.1696 -0.0776 -0.0119 0.0251 0.0768 0.1704 -0.0951 -0.3252 -0.3348 -0.3011 -0.1766 -0.0497 0.0014 0.0375 0.1025 0.1311 -0.1725 -0.3306 -0.3313 -0.2771 -0.1294 -0.0325 0.0114 0.0516 0.1431 0.0423 -0.2647 -0.3340 -0.3238 -0.2448 -0.0897 -0.0177 0.0206 0.0677 0.1737 -0.0537 -0.3218 -0.3353 -0.3111 -0.2035 -0.0612 -0.0050 0.0304 0.0876 0.1591 -0.1297 -0.3278 -0.3337 -0.2869 -0.1498 -0.0707 -0.1498 -0.2869 -0.3337 -0.3278 -0.1297 0.1591 0.0876 0.0304 -0.0050 -0.0612 -0.2035 -0.3111 -0.3353 -0.3218 -0.0537 0.1737 0.0677 0.0206 -0.0177 -0.0897 -0.2448 -0.3238 -0.3340 -0.2647 0.0423 0.1431 0.0516 0.0114 -0.0325 -0.1294 -0.2771 -0.3313 -0.3306 -0.1725 0.1311 0.1025 0.0375 0.0014 -0.0497 -0.1766 -0.3011 -0.3348 -0.3252 -0.0951 0.1704 0.0768 0.0251 -0.0119 -0.0776 -0.1696
-0.0818 -0.0100 0.0246 0.0764 0.1706 -0.0938 -0.3251 -0.3349 -0.3012 -0.1766 -0.0495 0.0015 0.0378 0.1030 0.1300 -0.1739 -0.3307 -0.3312 -0.2766 -0.1287 -0.0322 0.0115 0.0519 0.1441 0.0405 -0.2667 -0.3341 -0.3236 -0.2442 -0.0891 -0.0175 0.0207 0.0680 0.1737 -0.0551 -0.3220 -0.3353 -0.3108 -0.2027 -0.0609 -0.0048 0.0306 0.0880 0.1585 -0.1310 -0.3279 -0.3338 -0.2914 -0.1496 -0.0345 -0.0007 -0.0345 -0.1496 -0.2914 -0.3338 -0.3279 -0.1310 0.1585 0.0880 0.0306 -0.0048 -0.0609 -0.2027 -0.3108 -0.3353 -0.3220 -0.0551 0.1737 0.0680 0.0207 -0.0175 -0.0891 -0.2442 -0.3236 -0.3341 -0.2667 0.0405 0.1441 0.0519 0.0115 -0.0322 -0.1287 -0.2766 -0.3312 -0.3307 -0.1739 0.1300 0.1030 0.0378 0.0015 -0.0495 -0.1766 -0.3012 -0.3349 -0.3251 -0.0938 0.1706 0.0764 0.0246 -0.0100 -0.0818
-0.0335 0.0285 0.0761 0.1709 -0.0925 -0.3250 -0.3349 -0.3015 -0.1773 -0.0497 0.0015 0.0379 0.1035 0.1289 -0.1752 -0.3308 -0.3311 -0.2761 -0.1279 -0.0319 0.0117 0.0521 0.1451 0.0387 -0.2687 -0.3341 -0.3235 -0.2436 -0.0885 -0.0172 0.0209 0.0683 0.1737 -0.0566 -0.3221 -0.3353 -0.3105 -0.2019 -0.0605 -0.0046 0.0308 0.0884 0.1579 -0.1322 -0.3280 -0.3337 -0.2911 -0.1550 -0.0415 0.0104 0.0339 0.0104 -0.0415 -0.1550 -0.2911 -0.3337 -0.3280 -0.1322 0.1579 0.0884 0.0308 -0.0046 -0.0605 -0.2019 -0.3105 -0.3353 -0.3221 -0.0566 0.1737 0.0683 0.0209 -0.0172 -0.0885 -0.2436 -0.3235 -0.3341 -0.2687 0.0387 0.1451 0.0521 0.0117 -0.0319 -0.1279 -0.2761 -0.3311 -0.3308 -0.1752 0.1289 0.1035 0.0379 0.0015 -0.0497 -0.1773 -0.3015 -0.3349 -0.3250 -0.0925 0.1709 0.0761 0.0285 -0.0335
0.0090 0.0757 0.1711 -0.0912 -0.3249 -0.3349 -0.3018 -0.1782 -0.0500 0.0014 0.0378 0.1035 0.1283 -0.1764 -0.3308 -0.3310 -0.2756 -0.1271 -0.0317 0.0119 0.0524 0.1461 0.0369 -0.2707 -0.3342 -0.3233 -0.2429 -0.0879 -0.0170 0.0210 0.0686 0.1736 -0.0580 -0.3222 -0.3353 -0.3102 -0.2011 -0.0601 -0.0044 0.0310 0.0888 0.1573 -0.1335 -0.3281 -0.3336 -0.2906 -0.1540 -0.0415 0.0064 0.0476 0.0849 0.0476 0.0064 -0.0415 -0.1540 -0.2906 -0.3336 -0.3281 -0.1335 0.1573 0.0888 0.0310 -0.0044 -0.0601 -0.2011 -0.3102 -0.3353 -0.3222 -0.0580 0.1736 0.0686 0.0210 -0.0170 -0.0879 -0.2429 -0.3233 -0.3342 -0.2707 0.0369 0.1461 0.0524 0.0119 -0.0317 -0.1271 -0.2756 -0.3310 -0.3308 -0.1764 0.1283 0.1035 0.0378 0.0014 -0.0500 -0.1782 -0.3018 -0.3349 -0.3249 -0.0912 0.1711 0.0757 0.0090
0.0589 0.1712 -0.0899 -0.3248 -0.3349 -0.3022 -0.1790 -0.0503 0.0012 0.0375 0.1030 0.1289 -0.1764 -0.3309 -0.3310 -0.2752 -0.1263 -0.0314 0.0120 0.0527 0.1472 0.0351 -0.2728 -0.3342 -0.3231 -0.2423 -0.0873 -0.0167 0.0212 0.0689 0.1736 -0.0594 -0.3223 -0.3353 -0.3100 -0.2003 -0.0597 -0.0042 0.0312 0.0892 0.1566 -0.1347 -0.3282 -0.3335 -0.2902 -0.1530 -0.0410 0.0063 0.0445 0.1125 0.1454 0.1125 0.0445 0.0063 -0.0410 -0.1530 -0.2902 -0.3335 -0.3282 -0.1347 0.1566 0.0892 0.0312 -0.0042 -0.0597 -0.2003 -0.3100 -0.3353 -0.3223 -0.0594 0.1736 0.0689 0.0212 -0.0167 -0.0873 -0.2423 -0.3231 -0.3342 -0.2728 0.0351 0.1472 0.0527 0.0120 -0.0314 -0.1263 -0.2752 -0.3310 -0.3309 -0.1764 0.1289 0.1030 0.0375 0.0012 -0.0503 -0.1790 -0.3022 -0.3349 -0.3248 -0.0899 0.1712 0.0589
0.1384 -0.0885 -0.3247 -0.3350 -0.3025 -0.1798 -0.0506 0.0010 0.0373 0.1025 0.1300 -0.1752 -0.3308 -0.3310 -0.2751 -0.1257 -0.0311 0.0122 0.0529 0.1483 0.0333 -0.2748 -0.3342 -0.3229 -0.2416 -0.0867 -0.0165 0.0214 0.0692 0.1736 -0.0609 -0.3224 -0.3353 -0.3097 -0.1995 -0.0593 -0.0040 0.0314 0.0896 0.1560 -0.1360 -0.3283 -0.3335 -0.2898 -0.1522 -0.0407 0.0066 0.0444 0.1217 0.0838 -0.1295 0.0838 0.1217 0.0444 0.0066 -0.0407 -0.1522 -0.2898 -0.3335 -0.3283 -0.1360 0.1560 0.0896 0.0314 -0.0040 -0.0593 -0.1995 -0.3097 -0.3353 -0.3224 -0.0609 0.1736 0.0692 0.0214 -0.0165 -0.0867 -0.2416 -0.3229 -0.3342 -0.2748 0.0333 0.1483 0.0529 0.0122 -0.0311 -0.1257 -0.2751 -0.3310 -0.3308 -0.1752 0.1300 0.1025 0.0373 0.0010 -0.0506 -0.1798 -0.3025 -0.3350 -0.3247 -0.0885 0.1384
-0.0618 -0.3246 -0.3350 -0.3028 -0.1806 -0.0509 0.0008 0.0371 0.1020 0.1311 -0.1739 -0.3308 -0.3310 -0.2752 -0.1257 -0.0310 0.0123 0.0532 0.1493 0.0315 -0.2769 -0.3343 -0.3227 -0.2409 -0.0862 -0.0163 0.0215 0.0695 0.1735 -0.0623 -0.3225 -0.3353 -0.3094 -0.1987 -0.0589 -0.0038 0.0316 0.0900 0.1553 -0.1372 -0.3284 -0.3334 -0.2894 -0.1514 -0.0404 0.0068 0.0447 0.1211 0.0850 -0.2233 -0.3269 -0.2233 0.0850 0.1211 0.0447 0.0068 -0.0404 -0.1514 -0.2894 -0.3334 -0.3284 -0.1372 0.1553 0.0900 0.0316 -0.0038 -0.0589 -0.1987 -0.3094 -0.3353 -0.3225 -0.0623 0.1735 0.0695 0.0215 -0.0163 -0.0862 -0.2409 -0.3227 -0.3343 -0.2769 0.0315 0.1493 0.0532 0.0123 -0.0310 -0.1257 -0.2752 -0.3310 -0.3308 -0.1739 0.1311 0.1020 0.0371 0.0008 -0.0509 -0.1806 -0.3028 -0.3350 -0.3246 -0.0618
-0.1910 -0.3349 -0.3031 -0.1815 -0.0513 0.0007 0.0368 0.1015 0.1322 -0.1725 -0.3307 -0.3311 -0.2756 -0.1263 -0.0311 0.0123 0.0533 0.1503 0.0297 -0.2790 -0.3343 -0.3226 -0.2403 -0.0856 -0.0160 0.0217 0.0698 0.1735 -0.0637 -0.3226 -0.3353 -0.3091 -0.1979 -0.0586 -0.0036 0.0318 0.0904 0.1547 -0.1385 -0.3284 -0.3334 -0.2889 -0.1506 -0.0401 0.0070 0.0450 0.1212 0.0880 -0.2207 -0.3346 -0.3398 -0.3346 -0.2207 0.0880 0.1212 0.0450 0.0070 -0.0401 -0.1506 -0.2889 -0.3334 -0.3284 -0.1385 0.1547 0.0904 0.0318 -0.0036 -0.0586 -0.1979 -0.3091 -0.3353 -0.3226 -0.0637 0.1735 0.0698 0.0217 -0.0160 -0.0856 -0.2403 -0.3226 -0.3343 -0.2790 0.0297 0.1503 0.0533 0.0123 -0.0311 -0.1263 -0.2756 -0.3311 -0.3307 -0.1725 0.1322 0.1015 0.0368 0.0007 -0.0513 -0.1815 -0.3031 -0.3349 -0.1910
-0.2162 -0.3039 -0.1821 -0.0516 0.0005 0.0366 0.1010 0.1333 -0.1712 -0.3306 -0.3312 -0.2761 -0.1271 -0.0314 0.0122 0.0532 0.1503 0.0288 -0.2808 -0.3344 -0.3224 -0.2396 -0.0850 -0.0158 0.0218 0.0701 0.1735 -0.0651 -0.3227 -0.3353 -0.3088 -0.1971 -0.0582 -0.0034 0.0320 0.0908 0.1540 -0.1397 -0.3285 -0.3333 -0.2885 -0.1497 -0.0398 0.0071 0.0452 0.1219 0.0863 -0.2197 -0.3324 -0.3293 -0.3103 -0.3293 -0.3324 -0.2197 0.0863 0.1219 0.0452 0.0071 -0.0398 -0.1497 -0.2885 -0.3333 -0.3285 -0.1397 0.1540 0.0908 0.0320 -0.0034 -0.0582 -0.1971 -0.3088 -0.3353 -0.3227 -0.0651 0.1735 0.0701 0.0218 -0.0158 -0.0850 -0.2396 -0.3224 -0.3344 -0.2808 0.0288 0.1503 0.0532 0.0122 -0.0314 -0.1271 -0.2761 -0.3312 -0.3306 -0.1712 0.1333 0.1010 0.0366 0.0005 -0.0516 -0.1821 -0.3039 -0.2162
-0.2107 -0.1853 -0.0518 0.0003 0.0364 0.1005 0.1344 -0.1699 -0.3305 -0.3313 -0.2766 -0.1279 -0.0317 0.0120 0.0529 0.1493 0.0297 -0.2808 -0.3344 -0.3222 -0.2391 -0.0844 -0.0156 0.0220 0.0704 0.1734 -0.0665 -0.3229 -0.3353 -0.3085 -0.1964 -0.0578 -0.0032 0.0322 0.0913 0.1533 -0.1410 -0.3286 -0.3332 -0.2881 -0.1489 -0.0395 0.0073 0.0455 0.1226 0.0846 -0.2213 -0.3328 -0.3250 -0.2580 -0.1822 -0.2580 -0.3250 -0.3328 -0.2213 0.0846 0.1226 0.0455 0.0073 -0.0395 -0.1489 -0.2881 -0.3332 -0.3286 -0.1410 0.1533 0.0913 0.0322 -0.0032 -0.0578 -0.1964 -0.3085 -0.3353 -0.3229 -0.0665 0.1734 0.0704 0.0220 -0.0156 -0.0844 -0.2391 -0.3222 -0.3344 -0.2808 0.0297 0.1493 0.0529 0.0120 -0.0317 -0.1279 -0.2766 -0.3313 -0.3305 -0.1699 0.1344 0.1005 0.0364 0.0003 -0.0518 -0.1853 -0.2107
-0.1447 -0.0534 -0.0003 0.0361 0.1000 0.1354 -0.1685 -0.3305 -0.3314 -0.2771 -0.1287 -0.0319 0.0119 0.0527 0.1483 0.0315 -0.2790 -0.3344 -0.3222 -0.2388 -0.0840 -0.0153 0.0222 0.0708 0.1733 -0.0679 -0.3230 -0.3353 -0.3082 -0.1956 -0.0575 -0.0031 0.0324 0.0917 0.1525 -0.1423 -0.3287 -0.3332 -0.2877 -0.1481 -0.0392 0.0075 0.0457 0.1233 0.0830 -0.2230 -0.3329 -0.3273 -0.2528 -0.0968 -0.0385 -0.0968 -0.2528 -0.3273 -0.3329 -0.2230 0.0830 0.1233 0.0457 0.0075 -0.0392 -0.1481 -0.2877 -0.3332 -0.3287 -0.1423 0.1525 0.0917 0.0324 -0.0031 -0.0575 -0.1956 -0.3082 -0.3353 -0.3230 -0.0679 0.1733 0.0708 0.0222 -0.0153 -0.0840 -0.2388 -0.3222 -0.3344 -0.2790 0.0315 0.1483 0.0527 0.0119 -0.0319 -0.1287 -0.2771 -0.3314 -0.3305 -0.1685 0.1354 0.1000 0.0361 -0.0003 -0.0534 -0.1447
-0.0655 0.0027 0.0359 0.0996 0.1365 -0.1672 -0.3304 -0.3315 -0.2776 -0.1294 -0.0322 0.0117 0.0524 0.1472 0.0333 -0.2769 -0.3343 -0.3224 -0.2391 -0.0840 -0.0152 0.0223 0.0711 0.1733 -0.0693 -0.3231 -0.3353 -0.3079 -0.1947 -0.0571 -0.0029 0.0326 0.0921 0.1518 -0.1435 -0.3288 -0.3331 -0.2873 -0.1473 -0.0389 0.0077 0.0460 0.1240 0.0813 -0.2246 -0.3329 -0.3273 -0.2584 -0.1001 -0.0169 0.0103 -0.0169 -0.1001 -0.2584 -0.3273 -0.3329 -0.2246 0.0813 0.1240 0.0460 0.0077 -0.0389 -0.1473 -0.2873 -0.3331 -0.3288 -0.1435 0.1518 0.0921 0.0326 -0.0029 -0.0571 -0.1947 -0.3079 -0.3353 -0.3231 -0.0693 0.1733 0.0711 0.0223 -0.0152 -0.0840 -0.2391 -0.3224 -0.3343 -0.2769 0.0333 0.1472 0.0524 0.0117 -0.0322 -0.1294 -0.2776 -0.3315 -0.3304 -0.1672 0.1365 0.0996 0.0359 0.0027 -0.0655
-0.0216 0.0388 0.0991 0.1375 -0.1659 -0.3303 -0.3316 -0.2781 -0.1302 -0.0325 0.0115 0.0521 0.1461 0.0351 -0.2748 -0.3343 -0.3226 -0.2396 -0.0844 -0.0153 0.0223 0.0712 0.1732 -0.0707 -0.3232 -0.3352 -0.3076 -0.1939 -0.0567 -0.0027 0.0328 0.0925 0.1511 -0.1448 -0.3289 -0.3330 -0.2868 -0.1465 -0.0386 0.0078 0.0462 0.1248 0.0797 -0.2262 -0.3330 -0.3271 -0.2579 -0.1033 -0.0227 0.0209 0.0489 0.0209 -0.0227 -0.1033 -0.2579 -0.3271 -0.3330 -0.2262 0.0797 0.1248 0.0462 0.0078 -0.0386 -0.1465 -0.2868 -0.3330 -0.3289 -0.1448 0.1511 0.0925 0.0328 -0.0027 -0.0567 -0.1939 -0.3076 -0.3352 -0.3232 -0.0707 0.1732 0.0712 0.0223 -0.0153 -0.0844 -0.2396 -0.3226 -0.3343 -0.2748 0.0351 0.1461 0.0521 0.0115 -0.0325 -0.1302 -0.2781 -0.3316 -0.3303 -0.1659 0.1375 0.0991 0.0388 -0.0216
0.0208 0.0985 0.1385 -0.1646 -0.3302 -0.3317 -0.2785 -0.1310 -0.0328 0.0114 0.0519 0.1451 0.0369 -0.2728 -0.3342 -0.3227 -0.2403 -0.0850 -0.0156 0.0222 0.0711 0.1732 -0.0713 -0.3233 -0.3352 -0.3073 -0.1931 -0.0564 -0.0025 0.0330 0.0930 0.1503 -0.1461 -0.3290 -0.3330 -0.2864 -0.1456 -0.0383 0.0080 0.0465 0.1255 0.0780 -0.2279 -0.3331 -0.3270 -0.2571 -0.1024 -0.0228 0.0175 0.0645 0.1082 0.0645 0.0175 -0.0228 -0.1024 -0.2571 -0.3270 -0.3331 -0.2279 0.0780 0.1255 0.0465 0.0080 -0.0383 -0.1456 -0.2864 -0.3330 -0.3290 -0.1461 0.1503 0.0930 0.0330 -0.0025 -0.0564 -0.1931 -0.3073 -0.3352 -0.3233 -0.0713 0.1732 0.0711 0.0222 -0.0156 -0.0850 -0.2403 -0.3227 -0.3342 -0.2728 0.0369 0.1451 0.0519 0.0114 -0.0328 -0.1310 -0.2785 -0.3317 -0.3302 -0.1646 0.1385 0.0985 0.0208
0.0808 0.1395 -0.1632 -0.3301 -0.3318 -0.2790 -0.1318 -0.0331 0.0112 0.0516 0.1441 0.0387 -0.2707 -0.3342 -0.3229 -0.2409 -0.0856 -0.0158 0.0220 0.0708 0.1733 -0.0707 -0.3233 -0.3353 -0.3071 -0.1924 -0.0560 -0.0023 0.0332 0.0934 0.1495 -0.1473 -0.3290 -0.3329 -0.2860 -0.1448 -0.0380 0.0082 0.0467 0.1263 0.0763 -0.2296 -0.3331 -0.3268 -0.2565 -0.1016 -0.0223 0.0174 0.0624 0.1484 0.1033 0.1484 0.0624 0.0174 -0.0223 -0.1016 -0.2565 -0.3268 -0.3331 -0.2296 0.0763 0.1263 0.0467 0.0082 -0.0380 -0.1448 -0.2860 -0.3329 -0.3290 -0.1473 0.1495 0.0934 0.0332 -0.0023 -0.0560 -0.1924 -0.3071 -0.3353 -0.3233 -0.0707 0.1733 0.0708 0.0220 -0.0158 -0.0856 -0.2409 -0.3229 -0.3342 -0.2707 0.0387 0.1441 0.0516 0.0112 -0.0331 -0.1318 -0.2790 -0.3318 -0.3301 -0.1632 0.1395 0.0808
0.1066 -0.1617 -0.3301 -0.3319 -0.2795 -0.1326 -0.0333 0.0110 0.0514 0.1431 0.0405 -0.2687 -0.3342 -0.3231 -0.2416 -0.0862 -0.0160 0.0218 0.0704 0.1733 -0.0693 -0.3232 -0.3352 -0.3071 -0.1921 -0.0557 -0.0021 0.0334 0.0939 0.1487 -0.1486 -0.3291 -0.3328 -0.2855 -0.1440 -0.0377 0.0083 0.0470 0.1270 0.0746 -0.2313 -0.3332 -0.3267 -0.2560 -0.1010 -0.0221 0.0177 0.0623 0.1724 -0.0331 -0.2463 -0.0331 0.1724 0.0623 0.0177 -0.0221 -0.1010 -0.2560 -0.3267 -0.3332 -0.2313 0.0746 0.1270 0.0470 0.0083 -0.0377 -0.1440 -0.2855 -0.3328 -0.3291 -0.1486 0.1487 0.0939 0.0334 -0.0021 -0.0557 -0.1921 -0.3071 -0.3352 -0.3232 -0.0693 0.1733 0.0704 0.0218 -0.0160 -0.0862 -0.2416 -0.3231 -0.3342 -0.2687 0.0405 0.1431 0.0514 0.0110 -0.0333 -0.1326 -0.2795 -0.3319 -0.3301 -0.1617 0.1066
-0.1100 -0.3299 -0.3319 -0.2799 -0.1333 -0.0336 0.0109 0.0511 0.1421 0.0423 -0.2667 -0.3341 -0.3233 -0.2423 -0.0867 -0.0163 0.0217 0.0701 0.1734 -0.0679 -0.3231 -0.3352 -0.3073 -0.1924 -0.0557 -0.0020 0.0336 0.0943 0.1479 -0.1499 -0.3292 -0.3328 -0.2851 -0.1432 -0.0374 0.0085 0.0472 0.1278 0.0729 -0.2330 -0.3332 -0.3265 -0.2554 -0.1003 -0.0218 0.0179 0.0626 0.1729 -0.0315 -0.3216 -0.3337 -0.3216 -0.0315 0.1729 0.0626 0.0179 -0.0218 -0.1003 -0.2554 -0.3265 -0.3332 -0.2330 0.0729 0.1278 0.0472 0.0085 -0.0374 -0.1432 -0.2851 -0.3328 -0.3292 -0.1499 0.1479 0.0943 0.0336 -0.0020 -0.0557 -0.1924 -0.3073 -0.3352 -0.3231 -0.0679 0.1734 0.0701 0.0217 -0.0163 -0.0867 -0.2423 -0.3233 -0.3341 -0.2667 0.0423 0.1421 0.0511 0.0109 -0.0336 -0.1333 -0.2799 -0.3319 -0.3299 -0.1100
-0.2000 -0.3320 -0.2804 -0.1341 -0.0339 0.0107 0.0509 0.1411 0.0441 -0.2647 -0.3341 -0.3235 -0.2429 -0.0873 -0.0165 0.0215 0.0698 0.1735 -0.0665 -0.3230 -0.3353 -0.3076 -0.1931 -0.0560 -0.0021 0.0336 0.0945 0.1472 -0.1512 -0.3293 -0.3327 -0.2847 -0.1424 -0.0371 0.0087 0.0475 0.1286 0.0712 -0.2347 -0.3333 -0.3264 -0.2548 -0.0997 -0.0216 0.0180 0.0629 0.1729 -0.0292 -0.3204 -0.3371 -0.3369 -0.3371 -0.3204 -0.0292 0.1729 0.0629 0.0180 -0.0216 -0.0997 -0.2548 -0.3264 -0.3333 -0.2347 0.0712 0.1286 0.0475 0.0087 -0.0371 -0.1424 -0.2847 -0.3327 -0.3293 -0.1512 0.1472 0.0945 0.0336 -0.0021 -0.0560 -0.1931 -0.3076 -0.3353 -0.3230 -0.0665 0.1735 0.0698 0.0215 -0.0165 -0.0873 -0.2429 -0.3235 -0.3341 -0.2647 0.0441 0.1411 0.0509 0.0107 -0.0339 -0.1341 -0.2804 -0.3320 -0.2000
-0.2190 -0.2817 -0.1347 -0.0342 0.0105 0.0506 0.1402 0.0459 -0.2628 -0.3340 -0.3236 -0.2436 -0.0879 -0.0167 0.0214 0.0695 0.1735 -0.0651 -0.3229 -0.3353 -0.3079 -0.1939 -0.0564 -0.0023 0.0334 0.0943 0.1472 -0.1518 -0.3294 -0.3326 -0.2842 -0.1416 -0.0368 0.0088 0.0477 0.1294 0.0694 -0.2364 -0.3333 -0.3262 -0.2542 -0.0990 -0.0213 0.0182 0.0632 0.1730 -0.0308 -0.3200 -0.3343 -0.3161 -0.2825 -0.3161 -0.3343 -0.3200 -0.0308 0.1730 0.0632 0.0182 -0.0213 -0.0990 -0.2542 -0.3262 -0.3333 -0.2364 0.0694 0.1294 0.0477 0.0088 -0.0368 -0.1416 -0.2842 -0.3326 -0.3294 -0.1518 0.1472 0.0943 0.0334 -0.0023 -0.0564 -0.1939 -0.3079 -0.3353 -0.3229 -0.0651 0.1735 0.0695 0.0214 -0.0167 -0.0879 -0.2436 -0.3236 -0.3340 -0.2628 0.0459 0.1402 0.0506 0.0105 -0.0342 -0.1347 -0.2817 -0.2190
-0.1993 -0.1382 -0.0346 0.0104 0.0503 0.1392 0.0477 -0.2608 -0.3340 -0.3238 -0.2442 -0.0885 -0.0170 0.0212 0.0692 0.1735 -0.0637 -0.3227 -0.3353 -0.3082 -0.1947 -0.0567 -0.0025 0.0332 0.0939 0.1479 -0.1512 -0.3294 -0.3326 -0.2838 -0.1409 -0.0365 0.0090 0.0480 0.1302 0.0677 -0.2381 -0.3334 -0.3261 -0.2536 -0.0984 -0.0211 0.0183 0.0635 0.1731 -0.0325 -0.3202 -0.3352 -0.3111 -0.2104 -0.1216 -0.2104 -0.3111 -0.3352 -0.3202 -0.0325 0.1731 0.0635 0.0183 -0.0211 -0.0984 -0.2536 -0.3261 -0.3334 -0.2381 0.0677 0.1302 0.0480 0.0090 -0.0365 -0.1409 -0.2838 -0.3326 -0.3294 -0.1512 0.1479 0.0939 0.0332 -0.0025 -0.0567 -0.1947 -0.3082 -0.3353 -0.3227 -0.0637 0.1735 0.0692 0.0212 -0.0170 -0.0885 -0.2442 -0.3238 -0.3340 -0.2608 0.0477 0.1392 0.0503 0.0104 -0.0346 -0.1382 -0.1993
-0.1181 -0.0345 0.0098 0.0501 0.1383 0.0495 -0.2589 -0.3340 -0.3240 -0.2448 -0.0891 -0.0172 0.0210 0.0689 0.1736 -0.0623 -0.3226 -0.3353 -0.3085 -0.1956 -0.0571 -0.0027 0.0330 0.0934 0.1487 -0.1499 -0.3293 -0.3326 -0.2838 -0.1406 -0.0363 0.0092 0.0482 0.1310 0.0660 -0.2399 -0.3334 -0.3259 -0.2530 -0.0977 -0.0208 0.0185 0.0638 0.1732 -0.0340 -0.3203 -0.3353 -0.3145 -0.2068 -0.0596 -0.0165 -0.0596 -0.2068 -0.3145 -0.3353 -0.3203 -0.0340 0.1732 0.0638 0.0185 -0.0208 -0.0977 -0.2530 -0.3259 -0.3334 -0.2399 0.0660 0.1310 0.0482 0.0092 -0.0363 -0.1406 -0.2838 -0.3326 -0.3293 -0.1499 0.1487 0.0934 0.0330 -0.0027 -0.0571 -0.1956 -0.3085 -0.3353 -0.3226 -0.0623 0.1736 0.0689 0.0210 -0.0172 -0.0891 -0.2448 -0.3240 -0.3340 -0.2589 0.0495 0.1383 0.0501 0.0098 -0.0345 -0.1181
-0.0519 0.0135 0.0498 0.1374 0.0513 -0.2570 -0.3339 -0.3241 -0.2455 -0.0897 -0.0175 0.0209 0.0686 0.1736 -0.0609 -0.3225 -0.3353 -0.3088 -0.1964 -0.0575 -0.0029 0.0328 0.0930 0.1495 -0.1486 -0.3292 -0.3327 -0.2842 -0.1409 -0.0363 0.0093 0.0484 0.1319 0.0642 -0.2417 -0.3335 -0.3258 -0.2524 -0.0971 -0.0206 0.0186 0.0641 0.1732 -0.0356 -0.3204 -0.3352 -0.3143 -0.2129 -0.0653 -0.0023 0.0205 -0.0023 -0.0653 -0.2129 -0.3143 -0.3352 -0.3204 -0.0356 0.1732 0.0641 0.0186 -0.0206 -0.0971 -0.2524 -0.3258 -0.3335 -0.2417 0.0642 0.1319 0.0484 0.0093 -0.0363 -0.1409 -0.2842 -0.3327 -0.3292 -0.1486 0.1495 0.0930 0.0328 -0.0029 -0.0575 -0.1964 -0.3088 -0.3353 -0.3225 -0.0609 0.1736 0.0686 0.0209 -0.0175 -0.0897 -0.2455 -0.3241 -0.3339 -0.2570 0.0513 0.1374 0.0498 0.0135 -0.0519
-0.0096 0.0505 0.1365 0.0531 -0.2551 -0.3339 -0.3243 -0.2461 -0.0903 -0.0177 0.0207 0.0683 0.1736 -0.0594 -0.3224 -0.3353 -0.3091 -0.1971 -0.0578 -0.0031 0.0326 0.0925 0.1503 -0.1473 -0.3291 -0.3328 -0.2847 -0.1416 -0.0365 0.0092 0.0484 0.1323 0.0627 -0.2434 -0.3335 -0.3256 -0.2517 -0.0964 -0.0204 0.0188 0.0644 0.1733 -0.0371 -0.3206 -0.3353 -0.3140 -0.2122 -0.0661 -0.0072 0.0320 0.0653 0.0320 -0.0072 -0.0661 -0.2122 -0.3140 -0.3353 -0.3206 -0.0371 0.1733 0.0644 0.0188 -0.0204 -0.0964 -0.2517 -0.3256 -0.3335 -0.2434 0.0627 0.1323 0.0484 0.0092 -0.0365 -0.1416 -0.2847 -0.3328 -0.3291 -0.1473 0.1503 0.0925 0.0326 -0.0031 -0.0578 -0.1971 -0.3091 -0.3353 -0.3224 -0.0594 0.1736 0.0683 0.0207 -0.0177 -0.0903 -0.2461 -0.3243 -0.3339 -0.2551 0.0531 0.1365 0.0505 -0.0096
0.0334 0.1355 0.0549 -0.2532 -0.3338 -0.3245 -0.2468 -0.0909 -0.0179 0.0206 0.0680 0.1737 -0.0580 -0.3223 -0.3353 -0.3094 -0.1979 -0.0582 -0.0032 0.0324 0.0921 0.1511 -0.1461 -0.3290 -0.3328 -0.2851 -0.1424 -0.0368 0.0090 0.0482 0.1319 0.0627 -0.2443 -0.3336 -0.3255 -0.2511 -0.0958 -0.0201 0.0190 0.0647 0.1734 -0.0387 -0.3207 -0.3353 -0.3137 -0.2112 -0.0654 -0.0073 0.0287 0.0842 0.1432 0.0842 0.0287 -0.0073 -0.0654 -0.2112 -0.3137 -0.3353 -0.3207 -0.0387 0.1734 0.0647 0.0190 -0.0201 -0.0958 -0.2511 -0.3255 -0.3336 -0.2443 0.0627 0.1319 0.0482 0.0090 -0.0368 -0.1424 -0.2851 -0.3328 -0.3290 -0.1461 0.1511 0.0921 0.0324 -0.0032 -0.0582 -0.1979 -0.3094 -0.3353 -0.3223 -0.0580 0.1737 0.0680 0.0206 -0.0179 -0.0909 -0.2468 -0.3245 -0.3338 -0.2532 0.0549 0.1355 0.0334
0.1136 0.0568 -0.2513 -0.3338 -0.3246 -0.2474 -0.0915 -0.0182 0.0204 0.0677 0.1737 -0.0566 -0.3222 -0.3353 -0.3097 -0.1987 -0.0586 -0.0034 0.0322 0.0917 0.1518 -0.1448 -0.3290 -0.3329 -0.2855 -0.1432 -0.0371 0.0088 0.0480 0.1310 0.0642 -0.2434 -0.3336 -0.3254 -0.2506 -0.0952 -0.0199 0.0191 0.0650 0.1734 -0.0402 -0.3208 -0.3353 -0.3134 -0.2105 -0.0649 -0.0069 0.0287 0.0848 0.1615 -0.0046 0.1615 0.0848 0.0287 -0.0069 -0.0649 -0.2105 -0.3134 -0.3353 -0.3208 -0.0402 0.1734 0.0650 0.0191 -0.0199 -0.0952 -0.2506 -0.3254 -0.3336 -0.2434 0.0642 0.1310 0.0480 0.0088 -0.0371 -0.1432 -0.2855 -0.3329 -0.3290 -0.1448 0.1518 0.0917 0.0322 -0.0034 -0.0586 -0.1987 -0.3097 -0.3353 -0.3222 -0.0566 0.1737 0.0677 0.0204 -0.0182 -0.0915 -0.2474 -0.3246 -0.3338 -0.2513 0.0568 0.1136
0.0421 -0.2491 -0.3337 -0.3248 -0.2480 -0.0921 -0.0184 0.0202 0.0674 0.1737 -0.0551 -0.3221 -0.3353 -0.3100 -0.1995 -0.0589 -0.0036 0.0320 0.0913 0.1525 -0.1435 -0.3289 -0.3330 -0.2860 -0.1440 -0.0374 0.0087 0.0477 0.1302 0.0660 -0.2417 -0.3335 -0.3255 -0.2506 -0.0950 -0.0197 0.0193 0.0653 0.1735 -0.0417 -0.3209 -0.3353 -0.3132 -0.2097 -0.0645 -0.0067 0.0289 0.0846 0.1615 -0.1250 -0.3178 -0.1250 0.1615 0.0846 0.0289 -0.0067 -0.0645 -0.2097 -0.3132 -0.3353 -0.3209 -0.0417 0.1735 0.0653 0.0193 -0.0197 -0.0950 -0.2506 -0.3255 -0.3335 -0.2417 0.0660 0.1302 0.0477 0.0087 -0.0374 -0.1440 -0.2860 -0.3330 -0.3289 -0.1435 0.1525 0.0913 0.0320 -0.0036 -0.0589 -0.1995 -0.3100 -0.3353 -0.3221 -0.0551 0.1737 0.0674 0.0202 -0.0184 -0.0921 -0.2480 -0.3248 -0.3337 -0.2491 0.0421
-0.1540 -0.3336 -0.3250 -0.2486 -0.0927 -0.0187 0.0201 0.0670 0.1737 -0.0537 -0.3220 -0.3353 -0.3102 -0.2003 -0.0593 -0.0038 0.0318 0.0908 0.1533 -0.1423 -0.3288 -0.3330 -0.2864 -0.1448 -0.0377 0.0085 0.0475 0.1294 0.0677 -0.2399 -0.3335 -0.3256 -0.2511 -0.0952 -0.0197 0.0194 0.0655 0.1735 -0.0433 -0.3210 -0.3353 -0.3129 -0.2089 -0.0641 -0.0065 0.0291 0.0848 0.1629 -0.1234 -0.3289 -0.3383 -0.3289 -0.1234 0.1629 0.0848 0.0291 -0.0065 -0.0641 -0.2089 -0.3129 -0.3353 -0.3210 -0.0433 0.1735 0.0655 0.0194 -0.0197 -0.0952 -0.2511 -0.3256 -0.3335 -0.2399 0.0677 0.1294 0.0475 0.0085 -0.0377 -0.1448 -0.2864 -0.3330 -0.3288 -0.1423 0.1533 0.0908 0.0318 -0.0038 -0.0593 -0.2003 -0.3102 -0.3353 -0.3220 -0.0537 0.1737 0.0670 0.0201 -0.0187 -0.0927 -0.2486 -0.3250 -0.3336 -0.1540
-0.2075 -0.3252 -0.2492 -0.0933 -0.0189 0.0199 0.0667 0.1737 -0.0522 -0.3218 -0.3353 -0.3105 -0.2011 -0.0597 -0.0040 0.0316 0.0904 0.1540 -0.1410 -0.3287 -0.3331 -0.2868 -0.1456 -0.0380 0.0083 0.0472 0.1286 0.0694 -0.2381 -0.3334 -0.3258 -0.2517 -0.0958 -0.0199 0.0193 0.0655 0.1736 -0.0445 -0.3211 -0.3353 -0.3127 -0.2082 -0.0637 -0.0063 0.0293 0.0852 0.1624 -0.1221 -0.3273 -0.3359 -0.3282 -0.3359 -0.3273 -0.1221 0.1624 0.0852 0.0293 -0.0063 -0.0637 -0.2082 -0.3127 -0.3353 -0.3211 -0.0445 0.1736 0.0655 0.0193 -0.0199 -0.0958 -0.2517 -0.3258 -0.3334 -0.2381 0.0694 0.1286 0.0472 0.0083 -0.0380 -0.1456 -0.2868 -0.3331 -0.3287 -0.1410 0.1540 0.0904 0.0316 -0.0040 -0.0597 -0.2011 -0.3105 -0.3353 -0.3218 -0.0522 0.1737 0.0667 0.0199 -0.0189 -0.0933 -0.2492 -0.3252 -0.2075
-0.2188 -0.2511 -0.0938 -0.0191 0.0197 0.0664 0.1736 -0.0507 -0.3217 -0.3353 -0.3108 -0.2019 -0.0601 -0.0042 0.0314 0.0900 0.1547 -0.1397 -0.3286 -0.3332 -0.2873 -0.1465 -0.0383 0.0082 0.0470 0.1278 0.0712 -0.2364 -0.3334 -0.3259 -0.2524 -0.0964 -0.0201 0.0191 0.0653 0.1735 -0.0445 -0.3212 -0.3353 -0.3125 -0.2074 -0.0633 -0.0061 0.0295 0.0856 0.1619 -0.1234 -0.3272 -0.3324 -0.2942 -0.2413 -0.2942 -0.3324 -0.3272 -0.1234 0.1619 0.0856 0.0295 -0.0061 -0.0633 -0.2074 -0.3125 -0.3353 -0.3212 -0.0445 0.1735 0.0653 0.0191 -0.0201 -0.0964 -0.2524 -0.3259 -0.3334 -0.2364 0.0712 0.1278 0.0470 0.0082 -0.0383 -0.1465 -0.2873 -0.3332 -0.3286 -0.1397 0.1547 0.0900 0.0314 -0.0042 -0.0601 -0.2019 -0.3108 -0.3353 -0.3217 -0.0507 0.1736 0.0664 0.0197 -0.0191 -0.0938 -0.2511 -0.2188
-0.1821 -0.0967 -0.0196 0.0197 0.0661 0.1736 -0.0492 -0.3216 -0.3353 -0.3111 -0.2027 -0.0605 -0.0044 0.0312 0.0896 0.1553 -0.1385 -0.3285 -0.3332 -0.2877 -0.1473 -0.0386 0.0080 0.0467 0.1270 0.0729 -0.2347 -0.3333 -0.3261 -0.2530 -0.0971 -0.0204 0.0190 0.0650 0.1735 -0.0433 -0.3211 -0.3353 -0.3124 -0.2067 -0.0629 -0.0059 0.0297 0.0860 0.1613 -0.1246 -0.3274 -0.3339 -0.2887 -0.1535 -0.0732 -0.1535 -0.2887 -0.3339 -0.3274 -0.1246 0.1613 0.0860 0.0297 -0.0059 -0.0629 -0.2067 -0.3124 -0.3353 -0.3211 -0.0433 0.1735 0.0650 0.0190 -0.0204 -0.0971 -0.2530 -0.3261 -0.3333 -0.2347 0.0729 0.1270 0.0467 0.0080 -0.0386 -0.1473 -0.2877 -0.3332 -0.3285 -0.1385 0.1553 0.0896 0.0312 -0.0044 -0.0605 -0.2027 -0.3111 -0.3353 -0.3216 -0.0492 0.1736 0.0661 0.0197 -0.0196 -0.0967 -0.1821
-0.0938 -0.0183 0.0191 0.0658 0.1736 -0.0478 -0.3215 -0.3353 -0.3113 -0.2035 -0.0609 -0.0046 0.0310 0.0892 0.1560 -0.1372 -0.3284 -0.3333 -0.2881 -0.1481 -0.0389 0.0078 0.0465 0.1263 0.0746 -0.2330 -0.3333 -0.3262 -0.2536 -0.0977 -0.0206 0.0188 0.0647 0.1734 -0.0417 -0.3210 -0.3353 -0.3125 -0.2067 -0.0627 -0.0057 0.0299 0.0864 0.1608 -0.1259 -0.3275 -0.3340 -0.2931 -0.1530 -0.0358 -0.0015 -0.0358 -0.1530 -0.2931 -0.3340 -0.3275 -0.1259 0.1608 0.0864 0.0299 -0.0057 -0.0627 -0.2067 -0.3125 -0.3353 -0.3210 -0.0417 0.1734 0.0647 0.0188 -0.0206 -0.0977 -0.2536 -0.3262 -0.3333 -0.2330 0.0746 0.1263 0.0465 0.0078 -0.0389 -0.1481 -0.2881 -0.3333 -0.3284 -0.1372 0.1560 0.0892 0.0310 -0.0046 -0.0609 -0.2035 -0.3113 -0.3353 -0.3215 -0.0478 0.1736 0.0658 0.0191 -0.0183 -0.0938
-0.0402 0.0231 0.0655 0.1736 -0.0463 -0.3214 -0.3353 -0.3116 -0.2043 -0.0612 -0.0048 0.0308 0.0888 0.1566 -0.1360 -0.3284 -0.3334 -0.2885 -0.1489 -0.0392 0.0077 0.0462 0.1255 0.0763 -0.2313 -0.3332 -0.3264 -0.2542 -0.0984 -0.0208 0.0186 0.0644 0.1734 -0.0402 -0.3209 -0.3353 -0.3127 -0.2074 -0.0629 -0.0057 0.0300 0.0867 0.1603 -0.1271 -0.3276 -0.3339 -0.2928 -0.1585 -0.0428 0.0097 0.0330 0.0097 -0.0428 -0.1585 -0.2928 -0.3339 -0.3276 -0.1271 0.1603 0.0867 0.0300 -0.0057 -0.0629 -0.2074 -0.3127 -0.3353 -0.3209 -0.0402 0.1734 0.0644 0.0186 -0.0208 -0.0984 -0.2542 -0.3264 -0.3332 -0.2313 0.0763 0.1255 0.0462 0.0077 -0.0392 -0.1489 -0.2885 -0.3334 -0.3284 -0.1360 0.1566 0.0888 0.0308 -0.0048 -0.0612 -0.2043 -0.3116 -0.3353 -0.3214 -0.0463 0.1736 0.0655 0.0231 -0.0402
0.0022 0.0652 0.1735 -0.0448 -0.3213 -0.3353 -0.3119 -0.2050 -0.0616 -0.0050 0.0306 0.0884 0.1573 -0.1347 -0.3283 -0.3334 -0.2889 -0.1497 -0.0395 0.0075 0.0460 0.1248 0.0780 -0.2296 -0.3332 -0.3265 -0.2548 -0.0990 -0.0211 0.0185 0.0641 0.1733 -0.0387 -0.3208 -0.3353 -0.3129 -0.2082 -0.0633 -0.0059 0.0299 0.0867 0.1600 -0.1282 -0.3277 -0.3338 -0.2923 -0.1576 -0.0428 0.0056 0.0466 0.0836 0.0466 0.0056 -0.0428 -0.1576 -0.2923 -0.3338 -0.3277 -0.1282 0.1600 0.0867 0.0299 -0.0059 -0.0633 -0.2082 -0.3129 -0.3353 -0.3208 -0.0387 0.1733 0.0641 0.0185 -0.0211 -0.0990 -0.2548 -0.3265 -0.3332 -0.2296 0.0780 0.1248 0.0460 0.0075 -0.0395 -0.1497 -0.2889 -0.3334 -0.3283 -0.1347 0.1573 0.0884 0.0306 -0.0050 -0.0616 -0.2050 -0.3119 -0.3353 -0.3213 -0.0448 0.1735 0.0652 0.0022
0.0485 0.1734 -0.0432 -0.3212 -0.3353 -0.3121 -0.2058 -0.0620 -0.0052 0.0304 0.0880 0.1579 -0.1335 -0.3282 -0.3335 -0.2894 -0.1506 -0.0398 0.0073 0.0457 0.1240 0.0797 -0.2279 -0.3331 -0.3267 -0.2554 -0.0997 -0.0213 0.0183 0.0638 0.1732 -0.0371 -0.3207 -0.3353 -0.3132 -0.2089 -0.0637 -0.0061 0.0297 0.0864 0.1603 -0.1282 -0.3277 -0.3338 -0.2920 -0.1566 -0.0423 0.0056 0.0434 0.1104 0.1462 0.1104 0.0434 0.0056 -0.0423 -0.1566 -0.2920 -0.3338 -0.3277 -0.1282 0.1603 0.0864 0.0297 -0.0061 -0.0637 -0.2089 -0.3132 -0.3353 -0.3207 -0.0371 0.1732 0.0638 0.0183 -0.0213 -0.0997 -0.2554 -0.3267 -0.3331 -0.2279 0.0797 0.1240 0.0457 0.0073 -0.0398 -0.1506 -0.2894 -0.3335 -0.3282 -0.1335 0.1579 0.0880 0.0304 -0.0052 -0.0620 -0.2058 -0.3121 -0.3353 -0.3212 -0.0432 0.1734 0.0485
0.1435 -0.0416 -0.3210 -0.3353 -0.3124 -0.2066 -0.0624 -0.0054 0.0302 0.0876 0.1585 -0.1322 -0.3281 -0.3335 -0.2898 -0.1514 -0.0401 0.0071 0.0455 0.1233 0.0813 -0.2262 -0.3331 -0.3268 -0.2560 -0.1003 -0.0216 0.0182 0.0635 0.1732 -0.0356 -0.3206 -0.3353 -0.3134 -0.2097 -0.0641 -0.0063 0.0295 0.0860 0.1608 -0.1271 -0.3277 -0.3338 -0.2919 -0.1559 -0.0420 0.0059 0.0434 0.1187 0.0908 -0.1218 0.0908 0.1187 0.0434 0.0059 -0.0420 -0.1559 -0.2919 -0.3338 -0.3277 -0.1271 0.1608 0.0860 0.0295 -0.0063 -0.0641 -0.2097 -0.3134 -0.3353 -0.3206 -0.0356 0.1732 0.0635 0.0182 -0.0216 -0.1003 -0.2560 -0.3268 -0.3331 -0.2262 0.0813 0.1233 0.0455 0.0071 -0.0401 -0.1514 -0.2898 -0.3335 -0.3281 -0.1322 0.1585 0.0876 0.0302 -0.0054 -0.0624 -0.2066 -0.3124 -0.3353 -0.3210 -0.0416 0.1435
-0.0281 -0.3209 -0.3353 -0.3127 -0.2074 -0.0629 -0.0057 0.0300 0.0872 0.1591 -0.1310 -0.3280 -0.3336 -0.2902 -0.1522 -0.0404 0.0070 0.0452 0.1226 0.0830 -0.2246 -0.3330 -0.3270 -0.2565 -0.1010 -0.0218 0.0180 0.0632 0.1731 -0.0340 -0.3204 -0.3353 -0.3137 -0.2105 -0.0645 -0.0065 0.0293 0.0856 0.1613 -0.1259 -0.3276 -0.3338 -0.2920 -0.1559 -0.0418 0.0060 0.0437 0.1181 0.0920 -0.2163 -0.3264 -0.2163 0.0920 0.1181 0.0437 0.0060 -0.0418 -0.1559 -0.2920 -0.3338 -0.3276 -0.1259 0.1613 0.0856 0.0293 -0.0065 -0.0645 -0.2105 -0.3137 -0.3353 -0.3204 -0.0340 0.1731 0.0632 0.0180 -0.0218 -0.1010 -0.2565 -0.3270 -0.3330 -0.2246 0.0830 0.1226 0.0452 0.0070 -0.0404 -0.1522 -0.2902 -0.3336 -0.3280 -0.1310 0.1591 0.0872 0.0300 -0.0057 -0.0629 -0.2074 -0.3127 -0.3353 -0.3209 -0.0281
-0.1853 -0.3352 -0.3129 -0.2081 -0.0633 -0.0059 0.0299 0.0868 0.1597 -0.1297 -0.3279 -0.3337 -0.2906 -0.1530 -0.0407 0.0068 0.0450 0.1219 0.0846 -0.2230 -0.3329 -0.3271 -0.2571 -0.1016 -0.0221 0.0179 0.0629 0.1730 -0.0325 -0.3203 -0.3352 -0.3140 -0.2112 -0.0649 -0.0067 0.0291 0.0852 0.1619 -0.1246 -0.3275 -0.3339 -0.2923 -0.1566 -0.0420 0.0060 0.0438 0.1181 0.0949 -0.2138 -0.3343 -0.3398 -0.3343 -0.2138 0.0949 0.1181 0.0438 0.0060 -0.0420 -0.1566 -0.2923 -0.3339 -0.3275 -0.1246 0.1619 0.0852 0.0291 -0.0067 -0.0649 -0.2112 -0.3140 -0.3352 -0.3203 -0.0325 0.1730 0.0629 0.0179 -0.0221 -0.1016 -0.2571 -0.3271 -0.3329 -0.2230 0.0846 0.1219 0.0450 0.0068 -0.0407 -0.1530 -0.2906 -0.3337 -0.3279 -0.1297 0.1597 0.0868 0.0299 -0.0059 -0.0633 -0.2081 -0.3129 -0.3352 -0.1853
-0.2136 -0.3134 -0.2088 -0.0637 -0.0061 0.0297 0.0864 0.1602 -0.1284 -0.3278 -0.3337 -0.2910 -0.1538 -0.0410 0.0066 0.0447 0.1212 0.0863 -0.2213 -0.3329 -0.3272 -0.2577 -0.1023 -0.0223 0.0177 0.0626 0.1729 -0.0309 -0.3202 -0.3352 -0.3142 -0.2120 -0.0654 -0.0069 0.0289 0.0848 0.1624 -0.1234 -0.3274 -0.3340 -0.2927 -0.1574 -0.0423 0.0059 0.0437 0.1181 0.0941 -0.2125 -0.3322 -0.3298 -0.3118 -0.3299 -0.3322 -0.2125 0.0942 0.1181 0.0437 0.0059 -0.0423 -0.1576 -0.2928 -0.3340 -0.3274 -0.1234 0.1624 0.0848 0.0289 -0.0069 -0.0654 -0.2122 -0.3143 -0.3353 -0.3202 -0.0308 0.1729 0.0626 0.0177 -0.0223 -0.1024 -0.2579 -0.3273 -0.3329 -0.2213 0.0863 0.1212 0.0447 0.0066 -0.0410 -0.1540 -0.2911 -0.3338 -0.3278 -0.1284 0.1602 0.0864 0.0297 -0.0061 -0.0637 -0.2089 -0.3136 -0.2136
-0.2150 -0.2117 -0.0640 -0.0062 0.0295 0.0860 0.1608 -0.1272 -0.3277 -0.3338 -0.2914 -0.1547 -0.0413 0.0065 0.0445 0.1205 0.0879 -0.2197 -0.3328 -0.3274 -0.2583 -0.1030 -0.0226 0.0175 0.0623 0.1728 -0.0293 -0.3201 -0.3352 -0.3145 -0.2127 -0.0658 -0.0071 0.0287 0.0844 0.1629 -0.1221 -0.3273 -0.3340 -0.2931 -0.1583 -0.0426 0.0057 0.0435 0.1176 0.0948 -0.2126 -0.3325 -0.3256 -0.2609 -0.1863 -0.2603 -0.3257 -0.3324 -0.2125 0.0949 0.1181 0.0434 0.0056 -0.0428 -0.1585 -0.2931 -0.3339 -0.3272 -0.1221 0.1629 0.0846 0.0287 -0.0073 -0.0661 -0.2129 -0.3145 -0.3352 -0.3200 -0.0292 0.1729 0.0623 0.0174 -0.0228 -0.1033 -0.2584 -0.3273 -0.3328 -0.2197 0.0880 0.1211 0.0444 0.0063 -0.0415 -0.1550 -0.2914 -0.3337 -0.3277 -0.1271 0.1608 0.0861 0.0294 -0.0064 -0.0643 -0.2118 -0.2150
-0.1596 -0.0661 -0.0068 0.0293 0.0856 0.1613 -0.1259 -0.3276 -0.3338 -0.2918 -0.1555 -0.0416 0.0063 0.0443 0.1198 0.0895 -0.2181 -0.3328 -0.3275 -0.2589 -0.1036 -0.0228 0.0174 0.0620 0.1727 -0.0277 -0.3200 -0.3352 -0.3147 -0.2135 -0.0662 -0.0073 0.0286 0.0841 0.1633 -0.1209 -0.3272 -0.3341 -0.2935 -0.1591 -0.0429 0.0055 0.0432 0.1169 0.0963 -0.2113 -0.3325 -0.3281 -0.2562 -0.1004 -0.0402 -0.0960 -0.2485 -0.3257 -0.3322 -0.2138 0.0920 0.1187 0.0434 0.0056 -0.0428 -0.1530 -0.2887 -0.3324 -0.3273 -0.1234 0.1615 0.0848 0.0287 -0.0072 -0.0653 -0.2068 -0.3111 -0.3343 -0.3204 -0.0315 0.1724 0.0624 0.0175 -0.0227 -0.1001 -0.2528 -0.3250 -0.3324 -0.2207 0.0850 0.1217 0.0445 0.0064 -0.0415 -0.1496 -0.2869 -0.3321 -0.3277 -0.1284 0.1593 0.0864 0.0295 -0.0066 -0.0655 -0.1546
-0.0742 -0.0044 0.0289 0.0852 0.1618 -0.1247 -0.3275 -0.3339 -0.2922 -0.1563 -0.0419 0.0061 0.0440 0.1191 0.0911 -0.2165 -0.3327 -0.3276 -0.2595 -0.1043 -0.0231 0.0172 0.0618 0.1726 -0.0261 -0.3199 -0.3352 -0.3149 -0.2143 -0.0667 -0.0075 0.0284 0.0837 0.1638 -0.1196 -0.3271 -0.3341 -0.2939 -0.1599 -0.0432 0.0054 0.0430 0.1163 0.0979 -0.2098 -0.3325 -0.3283 -0.2624 -0.1043 -0.0183 0.0112 -0.0106 -0.0951 -0.2590 -0.3300 -0.3343 -0.2163 0.0908 0.1104 0.0466 0.0097 -0.0358 -0.1535 -0.2942 -0.3359 -0.3289 -0.1250 0.1615 0.0842 0.0320 -0.0023 -0.0596 -0.2104 -0.3161 -0.3371 -0.3216 -0.0331 0.1484 0.0645 0.0209 -0.0169 -0.0968 -0.2580 -0.3293 -0.3346 -0.2233 0.0838 0.1125 0.0476 0.0104 -0.0345 -0.1498 -0.2923 -0.3357 -0.3293 -0.1301 0.1592 0.0855 0.0328 0.0013 -0.0718
-0.0285 0.0326 0.0848 0.1623 -0.1234 -0.3274 -0.3339 -0.2926 -0.1572 -0.0422 0.0059 0.0438 0.1184 0.0927 -0.2149 -0.3327 -0.3278 -0.2600 -0.1050 -0.0233 0.0171 0.0615 0.1725 -0.0245 -0.3197 -0.3352 -0.3152 -0.2150 -0.0671 -0.0077 0.0282 0.0833 0.1643 -0.1184 -0.3270 -0.3342 -0.2943 -0.1607 -0.0435 0.0052 0.0427 0.1156 0.0994 -0.2082 -0.3324 -0.3283 -0.2629 -0.1087 -0.0247 0.0230 0.0428 0.0034 -0.0398 -0.1838 -0.3110 -0.3398 -0.3264 -0.1218 0.1462 0.0836 0.0330 -0.0015 -0.0732 -0.2413 -0.3282 -0.3383 -0.3178 -0.0046 0.1432 0.0653 0.0205 -0.0165 -0.1216 -0.2825 -0.3369 -0.3337 -0.2463 0.1033 0.1082 0.0489 0.0103 -0.0385 -0.1822 -0.3103 -0.3398 -0.3269 -0.1295 0.1454 0.0849 0.0339 -0.0007 -0.0707 -0.2383 -0.3273 -0.3385 -0.3184 -0.0120 0.1439 0.0665 0.0253 -0.0392
