-0.0414 0.0136 0.0594 0.1380 -0.0630 -0.1912 -0.2163 -0.2105 -0.1440 -0.0651 -0.0213 0.0211 0.0814 0.1053 -0.1110 -0.2002 -0.2190 -0.1989 -0.1175 -0.0516 -0.0093 0.0337 0.1146 0.0403 -0.1551 -0.2077 -0.2188 -0.1816 -0.0932 -0.0398 0.0026 0.0490 0.1434 -0.0299 -0.1856 -0.2137 -0.2149 -0.1588 -0.0738 -0.0282 0.0143 0.0680 0.1283 -0.0846 -0.1952 -0.2178 -0.2064 -0.1327 -0.0575 -0.0105 0.0180 -0.0105 -0.0575 -0.1327 -0.2064 -0.2178 -0.1952 -0.0846 0.1283 0.0680 0.0143 -0.0282 -0.0738 -0.1588 -0.2149 -0.2137 -0.1856 -0.0299 0.1434 0.0490 0.0026 -0.0398 -0.0932 -0.1816 -0.2188 -0.2077 -0.1551 0.0403 0.1146 0.0337 -0.0093 -0.0516 -0.1175 -0.1989 -0.2190 -0.2002 -0.1110 0.1053 0.0814 0.0211 -0.0213 -0.0651 -0.1440 -0.2105 -0.2163 -0.1912 -0.0630 0.1380 0.0594 0.0136 -0.0414
0.0136 0.0760 0.1710 -0.0902 -0.3247 -0.3349 -0.3034 -0.1843 -0.0529 0.0029 0.0390 0.0992 0.1382 -0.1635 -0.3300 -0.3319 -0.2810 -0.1371 -0.0341 0.0137 0.0508 0.1367 0.0543 -0.2516 -0.3337 -0.3249 -0.2501 -0.0957 -0.0178 0.0234 0.0657 0.1735 -0.0441 -0.3211 -0.3352 -0.3130 -0.2103 -0.0654 -0.0040 0.0329 0.0850 0.1625 -0.1215 -0.3271 -0.3341 -0.2949 -0.1645 -0.0450 0.0079 0.0465 0.0828 0.0465 0.0079 -0.0450 -0.1645 -0.2949 -0.3341 -0.3271 -0.1215 0.1625 0.0850 0.0329 -0.0040 -0.0654 -0.2103 -0.3130 -0.3352 -0.3211 -0.0441 0.1735 0.0657 0.0234 -0.0178 -0.0957 -0.2501 -0.3249 -0.3337 -0.2516 0.0543 0.1367 0.0508 0.0137 -0.0341 -0.1371 -0.2810 -0.3319 -0.3300 -0.1635 0.1382 0.0992 0.0390 0.0029 -0.0529 -0.1843 -0.3034 -0.3349 -0.3247 -0.0902 0.1710 0.0760 0.0136
0.0594 0.1710 -0.0910 -0.3248 -0.3350 -0.3027 -0.1810 -0.0514 -0.0000 0.0362 0.0997 0.1372 -0.1650 -0.3302 -0.3318 -0.2797 -0.1337 -0.0342 0.0101 0.0502 0.1377 0.0524 -0.2538 -0.3338 -0.3247 -0.2481 -0.0927 -0.0192 0.0194 0.0660 0.1736 -0.0457 -0.3212 -0.3353 -0.3125 -0.2075 -0.0633 -0.0064 0.0293 0.0855 0.1620 -0.1230 -0.3273 -0.3341 -0.2940 -0.1608 -0.0439 0.0043 0.0422 0.1079 0.1469 0.1079 0.0422 0.0043 -0.0439 -0.1608 -0.2940 -0.3341 -0.3273 -0.1230 0.1620 0.0855 0.0293 -0.0064 -0.0633 -0.2075 -0.3125 -0.3353 -0.3212 -0.0457 0.1736 0.0660 0.0194 -0.0192 -0.0927 -0.2481 -0.3247 -0.3338 -0.2538 0.0524 0.1377 0.0502 0.0101 -0.0342 -0.1337 -0.2797 -0.3318 -0.3302 -0.1650 0.1372 0.0997 0.0362 -0.0000 -0.0514 -0.1810 -0.3027 -0.3350 -0.3248 -0.0910 0.1710 0.0594
0.1380 -0.0902 -0.3248 -0.3350 -0.3025 -0.1805 -0.0512 0.0006 0.0364 0.1002 0.1361 -0.1663 -0.3302 -0.3317 -0.2793 -0.1331 -0.0338 0.0107 0.0504 0.1386 0.0506 -0.2557 -0.3338 -0.3245 -0.2476 -0.0923 -0.0187 0.0199 0.0663 0.1736 -0.0473 -0.3213 -0.3353 -0.3122 -0.2069 -0.0630 -0.0059 0.0296 0.0859 0.1615 -0.1242 -0.3274 -0.3340 -0.2936 -0.1602 -0.0436 0.0050 0.0421 0.1152 0.0991 -0.1128 0.0991 0.1152 0.0421 0.0050 -0.0436 -0.1602 -0.2936 -0.3340 -0.3274 -0.1242 0.1615 0.0859 0.0296 -0.0059 -0.0630 -0.2069 -0.3122 -0.3353 -0.3213 -0.0473 0.1736 0.0663 0.0199 -0.0187 -0.0923 -0.2476 -0.3245 -0.3338 -0.2557 0.0506 0.1386 0.0504 0.0107 -0.0338 -0.1331 -0.2793 -0.3317 -0.3302 -0.1663 0.1361 0.1002 0.0364 0.0006 -0.0512 -0.1805 -0.3025 -0.3350 -0.3248 -0.0902 0.1380
-0.0630 -0.3247 -0.3350 -0.3025 -0.1801 -0.0509 0.0007 0.0367 0.1007 0.1351 -0.1676 -0.3303 -0.3317 -0.2788 -0.1323 -0.0335 0.0108 0.0507 0.1395 0.0488 -0.2576 -0.3339 -0.3244 -0.2470 -0.0917 -0.0185 0.0200 0.0666 0.1736 -0.0488 -0.3215 -0.3353 -0.3120 -0.2061 -0.0626 -0.0057 0.0298 0.0863 0.1610 -0.1255 -0.3275 -0.3340 -0.2932 -0.1593 -0.0433 0.0051 0.0424 0.1146 0.1002 -0.2081 -0.3258 -0.2081 0.1002 0.1146 0.0424 0.0051 -0.0433 -0.1593 -0.2932 -0.3340 -0.3275 -0.1255 0.1610 0.0863 0.0298 -0.0057 -0.0626 -0.2061 -0.3120 -0.3353 -0.3215 -0.0488 0.1736 0.0666 0.0200 -0.0185 -0.0917 -0.2470 -0.3244 -0.3339 -0.2576 0.0488 0.1395 0.0507 0.0108 -0.0335 -0.1323 -0.2788 -0.3317 -0.3303 -0.1676 0.1351 0.1007 0.0367 0.0007 -0.0509 -0.1801 -0.3025 -0.3350 -0.3247 -0.0630
-0.1912 -0.3349 -0.3027 -0.1805 -0.0509 0.0008 0.0369 0.1012 0.1340 -0.1690 -0.3304 -0.3316 -0.2784 -0.1315 -0.0332 0.0109 0.0509 0.1405 0.0470 -0.2595 -0.3339 -0.3242 -0.2463 -0.0911 -0.0183 0.0202 0.0669 0.1737 -0.0502 -0.3216 -0.3353 -0.3117 -0.2053 -0.0622 -0.0055 0.0300 0.0866 0.1605 -0.1267 -0.3276 -0.3339 -0.2929 -0.1585 -0.0430 0.0053 0.0426 0.1148 0.1030 -0.2057 -0.3340 -0.3398 -0.3340 -0.2057 0.1030 0.1148 0.0426 0.0053 -0.0430 -0.1585 -0.2929 -0.3339 -0.3276 -0.1267 0.1605 0.0866 0.0300 -0.0055 -0.0622 -0.2053 -0.3117 -0.3353 -0.3216 -0.0502 0.1737 0.0669 0.0202 -0.0183 -0.0911 -0.2463 -0.3242 -0.3339 -0.2595 0.0470 0.1405 0.0509 0.0109 -0.0332 -0.1315 -0.2784 -0.3316 -0.3304 -0.1690 0.1340 0.1012 0.0369 0.0008 -0.0509 -0.1805 -0.3027 -0.3349 -0.1912
-0.2163 -0.3034 -0.1810 -0.0512 0.0007 0.0369 0.1014 0.1331 -0.1703 -0.3305 -0.3315 -0.2779 -0.1307 -0.0330 0.0111 0.0512 0.1415 0.0452 -0.2615 -0.3340 -0.3240 -0.2457 -0.0905 -0.0180 0.0203 0.0672 0.1737 -0.0517 -0.3217 -0.3353 -0.3114 -0.2045 -0.0618 -0.0053 0.0302 0.0870 0.1599 -0.1280 -0.3277 -0.3339 -0.2925 -0.1577 -0.0427 0.0055 0.0429 0.1154 0.1015 -0.2046 -0.3319 -0.3305 -0.3134 -0.3305 -0.3319 -0.2046 0.1015 0.1154 0.0429 0.0055 -0.0427 -0.1577 -0.2925 -0.3339 -0.3277 -0.1280 0.1599 0.0870 0.0302 -0.0053 -0.0618 -0.2045 -0.3114 -0.3353 -0.3217 -0.0517 0.1737 0.0672 0.0203 -0.0180 -0.0905 -0.2457 -0.3240 -0.3340 -0.2615 0.0452 0.1415 0.0512 0.0111 -0.0330 -0.1307 -0.2779 -0.3315 -0.3305 -0.1703 0.1331 0.1014 0.0369 0.0007 -0.0512 -0.1810 -0.3034 -0.2163
-0.2105 -0.1843 -0.0514 0.0006 0.0367 0.1012 0.1331 -0.1709 -0.3305 -0.3314 -0.2774 -0.1299 -0.0327 0.0113 0.0515 0.1424 0.0434 -0.2634 -0.3340 -0.3239 -0.2451 -0.0899 -0.0178 0.0205 0.0676 0.1737 -0.0532 -0.3218 -0.3353 -0.3112 -0.2037 -0.0614 -0.0051 0.0304 0.0874 0.1593 -0.1292 -0.3277 -0.3338 -0.2921 -0.1569 -0.0424 0.0056 0.0431 0.1160 0.0999 -0.2062 -0.3322 -0.3263 -0.2638 -0.1908 -0.2638 -0.3263 -0.3322 -0.2062 0.0999 0.1160 0.0431 0.0056 -0.0424 -0.1569 -0.2921 -0.3338 -0.3277 -0.1292 0.1593 0.0874 0.0304 -0.0051 -0.0614 -0.2037 -0.3112 -0.3353 -0.3218 -0.0532 0.1737 0.0676 0.0205 -0.0178 -0.0899 -0.2451 -0.3239 -0.3340 -0.2634 0.0434 0.1424 0.0515 0.0113 -0.0327 -0.1299 -0.2774 -0.3314 -0.3305 -0.1709 0.1331 0.1012 0.0367 0.0006 -0.0514 -0.1843 -0.2105
-0.1440 -0.0529 -0.0000 0.0364 0.1007 0.1340 -0.1703 -0.3305 -0.3314 -0.2770 -0.1292 -0.0324 0.0114 0.0517 0.1434 0.0416 -0.2654 -0.3341 -0.3237 -0.2444 -0.0893 -0.0175 0.0207 0.0679 0.1737 -0.0546 -0.3219 -0.3353 -0.3109 -0.2030 -0.0610 -0.0049 0.0305 0.0878 0.1588 -0.1305 -0.3278 -0.3338 -0.2917 -0.1560 -0.0421 0.0058 0.0434 0.1167 0.0984 -0.2077 -0.3323 -0.3286 -0.2584 -0.1035 -0.0424 -0.1035 -0.2584 -0.3286 -0.3323 -0.2077 0.0984 0.1167 0.0434 0.0058 -0.0421 -0.1560 -0.2917 -0.3338 -0.3278 -0.1305 0.1588 0.0878 0.0305 -0.0049 -0.0610 -0.2030 -0.3109 -0.3353 -0.3219 -0.0546 0.1737 0.0679 0.0207 -0.0175 -0.0893 -0.2444 -0.3237 -0.3341 -0.2654 0.0416 0.1434 0.0517 0.0114 -0.0324 -0.1292 -0.2770 -0.3314 -0.3305 -0.1703 0.1340 0.1007 0.0364 -0.0000 -0.0529 -0.1440
-0.0651 0.0029 0.0362 0.1002 0.1351 -0.1690 -0.3305 -0.3314 -0.2770 -0.1289 -0.0322 0.0116 0.0520 0.1444 0.0398 -0.2674 -0.3341 -0.3235 -0.2438 -0.0887 -0.0173 0.0208 0.0682 0.1737 -0.0561 -0.3220 -0.3353 -0.3106 -0.2022 -0.0606 -0.0047 0.0307 0.0882 0.1582 -0.1317 -0.3279 -0.3337 -0.2913 -0.1552 -0.0418 0.0060 0.0436 0.1173 0.0968 -0.2092 -0.3324 -0.3286 -0.2639 -0.1064 -0.0192 0.0088 -0.0192 -0.1064 -0.2639 -0.3286 -0.3324 -0.2092 0.0968 0.1173 0.0436 0.0060 -0.0418 -0.1552 -0.2913 -0.3337 -0.3279 -0.1317 0.1582 0.0882 0.0307 -0.0047 -0.0606 -0.2022 -0.3106 -0.3353 -0.3220 -0.0561 0.1737 0.0682 0.0208 -0.0173 -0.0887 -0.2438 -0.3235 -0.3341 -0.2674 0.0398 0.1444 0.0520 0.0116 -0.0322 -0.1289 -0.2770 -0.3314 -0.3305 -0.1690 0.1351 0.1002 0.0362 0.0029 -0.0651
-0.0213 0.0390 0.0997 0.1361 -0.1676 -0.3304 -0.3315 -0.2774 -0.1292 -0.0322 0.0117 0.0522 0.1455 0.0380 -0.2694 -0.3341 -0.3233 -0.2431 -0.0881 -0.0171 0.0210 0.0685 0.1736 -0.0575 -0.3221 -0.3353 -0.3103 -0.2014 -0.0602 -0.0045 0.0309 0.0886 0.1575 -0.1330 -0.3280 -0.3336 -0.2909 -0.1544 -0.0415 0.0062 0.0439 0.1180 0.0953 -0.2108 -0.3324 -0.3284 -0.2634 -0.1099 -0.0252 0.0195 0.0467 0.0195 -0.0252 -0.1099 -0.2634 -0.3284 -0.3324 -0.2108 0.0953 0.1180 0.0439 0.0062 -0.0415 -0.1544 -0.2909 -0.3336 -0.3280 -0.1330 0.1575 0.0886 0.0309 -0.0045 -0.0602 -0.2014 -0.3103 -0.3353 -0.3221 -0.0575 0.1736 0.0685 0.0210 -0.0171 -0.0881 -0.2431 -0.3233 -0.3341 -0.2694 0.0380 0.1455 0.0522 0.0117 -0.0322 -0.1292 -0.2774 -0.3315 -0.3304 -0.1676 0.1361 0.0997 0.0390 -0.0213
0.0211 0.0992 0.1372 -0.1663 -0.3303 -0.3316 -0.2779 -0.1299 -0.0324 0.0116 0.0522 0.1460 0.0365 -0.2714 -0.3342 -0.3232 -0.2425 -0.0875 -0.0168 0.0211 0.0688 0.1736 -0.0590 -0.3223 -0.3353 -0.3100 -0.2006 -0.0598 -0.0043 0.0311 0.0890 0.1569 -0.1343 -0.3281 -0.3336 -0.2905 -0.1536 -0.0412 0.0063 0.0441 0.1187 0.0937 -0.2123 -0.3325 -0.3283 -0.2627 -0.1090 -0.0253 0.0160 0.0620 0.1044 0.0620 0.0160 -0.0253 -0.1090 -0.2627 -0.3283 -0.3325 -0.2123 0.0937 0.1187 0.0441 0.0063 -0.0412 -0.1536 -0.2905 -0.3336 -0.3281 -0.1343 0.1569 0.0890 0.0311 -0.0043 -0.0598 -0.2006 -0.3100 -0.3353 -0.3223 -0.0590 0.1736 0.0688 0.0211 -0.0168 -0.0875 -0.2425 -0.3232 -0.3342 -0.2714 0.0365 0.1460 0.0522 0.0116 -0.0324 -0.1299 -0.2779 -0.3316 -0.3303 -0.1663 0.1372 0.0992 0.0211
0.0814 0.1382 -0.1650 -0.3302 -0.3317 -0.2784 -0.1307 -0.0327 0.0114 0.0520 0.1455 0.0365 -0.2725 -0.3342 -0.3230 -0.2418 -0.0869 -0.0166 0.0213 0.0691 0.1736 -0.0604 -0.3224 -0.3353 -0.3098 -0.1998 -0.0594 -0.0041 0.0313 0.0895 0.1563 -0.1355 -0.3282 -0.3335 -0.2900 -0.1527 -0.0409 0.0065 0.0443 0.1193 0.0922 -0.2139 -0.3326 -0.3281 -0.2621 -0.1082 -0.0248 0.0159 0.0597 0.1457 0.1136 0.1457 0.0597 0.0159 -0.0248 -0.1082 -0.2621 -0.3281 -0.3326 -0.2139 0.0922 0.1193 0.0443 0.0065 -0.0409 -0.1527 -0.2900 -0.3335 -0.3282 -0.1355 0.1563 0.0895 0.0313 -0.0041 -0.0594 -0.1998 -0.3098 -0.3353 -0.3224 -0.0604 0.1736 0.0691 0.0213 -0.0166 -0.0869 -0.2418 -0.3230 -0.3342 -0.2725 0.0365 0.1455 0.0520 0.0114 -0.0327 -0.1307 -0.2784 -0.3317 -0.3302 -0.1650 0.1382 0.0814
0.1053 -0.1635 -0.3302 -0.3317 -0.2788 -0.1315 -0.0330 0.0113 0.0517 0.1444 0.0380 -0.2714 -0.3342 -0.3230 -0.2413 -0.0864 -0.0164 0.0215 0.0694 0.1736 -0.0618 -0.3225 -0.3353 -0.3095 -0.1990 -0.0591 -0.0039 0.0315 0.0899 0.1556 -0.1368 -0.3283 -0.3335 -0.2896 -0.1519 -0.0406 0.0067 0.0446 0.1200 0.0906 -0.2155 -0.3326 -0.3280 -0.2615 -0.1075 -0.0245 0.0162 0.0596 0.1713 -0.0176 -0.2375 -0.0176 0.1713 0.0596 0.0162 -0.0245 -0.1075 -0.2615 -0.3280 -0.3326 -0.2155 0.0906 0.1200 0.0446 0.0067 -0.0406 -0.1519 -0.2896 -0.3335 -0.3283 -0.1368 0.1556 0.0899 0.0315 -0.0039 -0.0591 -0.1990 -0.3095 -0.3353 -0.3225 -0.0618 0.1736 0.0694 0.0215 -0.0164 -0.0864 -0.2413 -0.3230 -0.3342 -0.2714 0.0380 0.1444 0.0517 0.0113 -0.0330 -0.1315 -0.2788 -0.3317 -0.3302 -0.1635 0.1053
-0.1110 -0.3300 -0.3318 -0.2793 -0.1323 -0.0332 0.0111 0.0515 0.1434 0.0398 -0.2694 -0.3342 -0.3230 -0.2413 -0.0861 -0.0162 0.0216 0.0697 0.1735 -0.0632 -0.3226 -0.3353 -0.3092 -0.1982 -0.0587 -0.0037 0.0317 0.0903 0.1550 -0.1380 -0.3284 -0.3334 -0.2892 -0.1511 -0.0403 0.0069 0.0448 0.1207 0.0890 -0.2171 -0.3327 -0.3279 -0.2610 -0.1068 -0.0243 0.0163 0.0599 0.1717 -0.0159 -0.3204 -0.3329 -0.3204 -0.0159 0.1717 0.0599 0.0163 -0.0243 -0.1068 -0.2610 -0.3279 -0.3327 -0.2171 0.0890 0.1207 0.0448 0.0069 -0.0403 -0.1511 -0.2892 -0.3334 -0.3284 -0.1380 0.1550 0.0903 0.0317 -0.0037 -0.0587 -0.1982 -0.3092 -0.3353 -0.3226 -0.0632 0.1735 0.0697 0.0216 -0.0162 -0.0861 -0.2413 -0.3230 -0.3342 -0.2694 0.0398 0.1434 0.0515 0.0111 -0.0332 -0.1323 -0.2793 -0.3318 -0.3300 -0.1110
-0.2002 -0.3319 -0.2797 -0.1331 -0.0335 0.0109 0.0512 0.1424 0.0416 -0.2674 -0.3341 -0.3232 -0.2418 -0.0864 -0.0162 0.0217 0.0700 0.1735 -0.0646 -0.3227 -0.3353 -0.3089 -0.1974 -0.0583 -0.0035 0.0319 0.0907 0.1543 -0.1393 -0.3285 -0.3333 -0.2888 -0.1503 -0.0400 0.0070 0.0451 0.1214 0.0874 -0.2186 -0.3327 -0.3277 -0.2604 -0.1061 -0.0240 0.0165 0.0602 0.1719 -0.0135 -0.3193 -0.3369 -0.3375 -0.3369 -0.3193 -0.0135 0.1719 0.0602 0.0165 -0.0240 -0.1061 -0.2604 -0.3277 -0.3327 -0.2186 0.0874 0.1214 0.0451 0.0070 -0.0400 -0.1503 -0.2888 -0.3333 -0.3285 -0.1393 0.1543 0.0907 0.0319 -0.0035 -0.0583 -0.1974 -0.3089 -0.3353 -0.3227 -0.0646 0.1735 0.0700 0.0217 -0.0162 -0.0864 -0.2418 -0.3232 -0.3341 -0.2674 0.0416 0.1424 0.0512 0.0109 -0.0335 -0.1331 -0.2797 -0.3319 -0.2002
-0.2190 -0.2810 -0.1337 -0.0338 0.0108 0.0509 0.1415 0.0434 -0.2654 -0.3341 -0.3233 -0.2425 -0.0869 -0.0164 0.0216 0.0700 0.1735 -0.0658 -0.3228 -0.3353 -0.3086 -0.1966 -0.0580 -0.0033 0.0321 0.0911 0.1536 -0.1405 -0.3286 -0.3333 -0.2884 -0.1495 -0.0397 0.0072 0.0453 0.1221 0.0857 -0.2203 -0.3328 -0.3276 -0.2598 -0.1055 -0.0238 0.0166 0.0604 0.1720 -0.0152 -0.3189 -0.3342 -0.3184 -0.2873 -0.3184 -0.3342 -0.3189 -0.0152 0.1720 0.0604 0.0166 -0.0238 -0.1055 -0.2598 -0.3276 -0.3328 -0.2203 0.0857 0.1221 0.0453 0.0072 -0.0397 -0.1495 -0.2884 -0.3333 -0.3286 -0.1405 0.1536 0.0911 0.0321 -0.0033 -0.0580 -0.1966 -0.3086 -0.3353 -0.3228 -0.0658 0.1735 0.0700 0.0216 -0.0164 -0.0869 -0.2425 -0.3233 -0.3341 -0.2654 0.0434 0.1415 0.0509 0.0108 -0.0338 -0.1337 -0.2810 -0.2190
-0.1989 -0.1371 -0.0342 0.0107 0.0507 0.1405 0.0452 -0.2634 -0.3341 -0.3235 -0.2431 -0.0875 -0.0166 0.0215 0.0697 0.1735 -0.0658 -0.3229 -0.3353 -0.3084 -0.1958 -0.0576 -0.0031 0.0323 0.0915 0.1529 -0.1418 -0.3286 -0.3332 -0.2880 -0.1486 -0.0394 0.0074 0.0456 0.1228 0.0841 -0.2219 -0.3329 -0.3275 -0.2593 -0.1048 -0.0235 0.0168 0.0607 0.1721 -0.0169 -0.3190 -0.3350 -0.3136 -0.2180 -0.1299 -0.2180 -0.3136 -0.3350 -0.3190 -0.0169 0.1721 0.0607 0.0168 -0.0235 -0.1048 -0.2593 -0.3275 -0.3329 -0.2219 0.0841 0.1228 0.0456 0.0074 -0.0394 -0.1486 -0.2880 -0.3332 -0.3286 -0.1418 0.1529 0.0915 0.0323 -0.0031 -0.0576 -0.1958 -0.3084 -0.3353 -0.3229 -0.0658 0.1735 0.0697 0.0215 -0.0166 -0.0875 -0.2431 -0.3235 -0.3341 -0.2634 0.0452 0.1405 0.0507 0.0107 -0.0342 -0.1371 -0.1989
-0.1175 -0.0341 0.0101 0.0504 0.1395 0.0470 -0.2615 -0.3340 -0.3237 -0.2438 -0.0881 -0.0168 0.0213 0.0694 0.1735 -0.0646 -0.3228 -0.3353 -0.3083 -0.1952 -0.0572 -0.0029 0.0325 0.0920 0.1521 -0.1431 -0.3287 -0.3332 -0.2875 -0.1478 -0.0391 0.0075 0.0458 0.1236 0.0824 -0.2235 -0.3329 -0.3273 -0.2587 -0.1041 -0.0233 0.0170 0.0610 0.1722 -0.0185 -0.3192 -0.3351 -0.3168 -0.2140 -0.0638 -0.0192 -0.0638 -0.2140 -0.3168 -0.3351 -0.3192 -0.0185 0.1722 0.0610 0.0170 -0.0233 -0.1041 -0.2587 -0.3273 -0.3329 -0.2235 0.0824 0.1236 0.0458 0.0075 -0.0391 -0.1478 -0.2875 -0.3332 -0.3287 -0.1431 0.1521 0.0920 0.0325 -0.0029 -0.0572 -0.1952 -0.3083 -0.3353 -0.3228 -0.0646 0.1735 0.0694 0.0213 -0.0168 -0.0881 -0.2438 -0.3237 -0.3340 -0.2615 0.0470 0.1395 0.0504 0.0101 -0.0341 -0.1175
-0.0516 0.0137 0.0502 0.1386 0.0488 -0.2595 -0.3340 -0.3239 -0.2444 -0.0887 -0.0171 0.0211 0.0691 0.1736 -0.0632 -0.3227 -0.3353 -0.3084 -0.1952 -0.0571 -0.0028 0.0327 0.0924 0.1514 -0.1443 -0.3288 -0.3331 -0.2871 -0.1470 -0.0388 0.0077 0.0461 0.1243 0.0808 -0.2251 -0.3330 -0.3272 -0.2581 -0.1034 -0.0230 0.0171 0.0613 0.1723 -0.0202 -0.3193 -0.3351 -0.3166 -0.2202 -0.0693 -0.0042 0.0189 -0.0042 -0.0693 -0.2202 -0.3166 -0.3351 -0.3193 -0.0202 0.1723 0.0613 0.0171 -0.0230 -0.1034 -0.2581 -0.3272 -0.3330 -0.2251 0.0808 0.1243 0.0461 0.0077 -0.0388 -0.1470 -0.2871 -0.3331 -0.3288 -0.1443 0.1514 0.0924 0.0327 -0.0028 -0.0571 -0.1952 -0.3084 -0.3353 -0.3227 -0.0632 0.1736 0.0691 0.0211 -0.0171 -0.0887 -0.2444 -0.3239 -0.3340 -0.2595 0.0488 0.1386 0.0502 0.0137 -0.0516
-0.0093 0.0508 0.1377 0.0506 -0.2576 -0.3339 -0.3240 -0.2451 -0.0893 -0.0173 0.0210 0.0688 0.1736 -0.0618 -0.3226 -0.3353 -0.3086 -0.1958 -0.0572 -0.0028 0.0328 0.0928 0.1506 -0.1456 -0.3289 -0.3330 -0.2867 -0.1462 -0.0385 0.0079 0.0463 0.1250 0.0791 -0.2268 -0.3330 -0.3270 -0.2575 -0.1027 -0.0228 0.0173 0.0616 0.1725 -0.0218 -0.3194 -0.3351 -0.3163 -0.2194 -0.0704 -0.0092 0.0303 0.0628 0.0303 -0.0092 -0.0704 -0.2194 -0.3163 -0.3351 -0.3194 -0.0218 0.1725 0.0616 0.0173 -0.0228 -0.1027 -0.2575 -0.3270 -0.3330 -0.2268 0.0791 0.1250 0.0463 0.0079 -0.0385 -0.1462 -0.2867 -0.3330 -0.3289 -0.1456 0.1506 0.0928 0.0328 -0.0028 -0.0572 -0.1958 -0.3086 -0.3353 -0.3226 -0.0618 0.1736 0.0688 0.0210 -0.0173 -0.0893 -0.2451 -0.3240 -0.3339 -0.2576 0.0506 0.1377 0.0508 -0.0093
0.0337 0.1367 0.0524 -0.2557 -0.3339 -0.3242 -0.2457 -0.0899 -0.0175 0.0208 0.0685 0.1736 -0.0604 -0.3225 -0.3353 -0.3089 -0.1966 -0.0576 -0.0029 0.0327 0.0928 0.1503 -0.1467 -0.3290 -0.3329 -0.2863 -0.1454 -0.0382 0.0081 0.0466 0.1258 0.0774 -0.2285 -0.3331 -0.3269 -0.2569 -0.1021 -0.0225 0.0174 0.0619 0.1726 -0.0234 -0.3195 -0.3352 -0.3161 -0.2185 -0.0697 -0.0093 0.0270 0.0811 0.1380 0.0811 0.0270 -0.0093 -0.0697 -0.2185 -0.3161 -0.3352 -0.3195 -0.0234 0.1726 0.0619 0.0174 -0.0225 -0.1021 -0.2569 -0.3269 -0.3331 -0.2285 0.0774 0.1258 0.0466 0.0081 -0.0382 -0.1454 -0.2863 -0.3329 -0.3290 -0.1467 0.1503 0.0928 0.0327 -0.0029 -0.0576 -0.1966 -0.3089 -0.3353 -0.3225 -0.0604 0.1736 0.0685 0.0208 -0.0175 -0.0899 -0.2457 -0.3242 -0.3339 -0.2557 0.0524 0.1367 0.0337
0.1146 0.0543 -0.2538 -0.3338 -0.3244 -0.2463 -0.0905 -0.0178 0.0207 0.0682 0.1736 -0.0590 -0.3224 -0.3353 -0.3092 -0.1974 -0.0580 -0.0031 0.0325 0.0924 0.1506 -0.1467 -0.3290 -0.3329 -0.2859 -0.1446 -0.0379 0.0082 0.0468 0.1265 0.0757 -0.2301 -0.3331 -0.3268 -0.2564 -0.1014 -0.0223 0.0176 0.0621 0.1727 -0.0250 -0.3197 -0.3352 -0.3158 -0.2178 -0.0692 -0.0089 0.0269 0.0812 0.1619 0.0128 0.1619 0.0812 0.0269 -0.0089 -0.0692 -0.2178 -0.3158 -0.3352 -0.3197 -0.0250 0.1727 0.0621 0.0176 -0.0223 -0.1014 -0.2564 -0.3268 -0.3331 -0.2301 0.0757 0.1265 0.0468 0.0082 -0.0379 -0.1446 -0.2859 -0.3329 -0.3290 -0.1467 0.1506 0.0924 0.0325 -0.0031 -0.0580 -0.1974 -0.3092 -0.3353 -0.3224 -0.0590 0.1736 0.0682 0.0207 -0.0178 -0.0905 -0.2463 -0.3244 -0.3338 -0.2538 0.0543 0.1146
0.0403 -0.2516 -0.3338 -0.3245 -0.2470 -0.0911 -0.0180 0.0205 0.0679 0.1737 -0.0575 -0.3223 -0.3353 -0.3095 -0.1982 -0.0583 -0.0033 0.0323 0.0920 0.1514 -0.1456 -0.3290 -0.3329 -0.2857 -0.1439 -0.0376 0.0084 0.0471 0.1273 0.0740 -0.2318 -0.3332 -0.3266 -0.2558 -0.1008 -0.0220 0.0177 0.0624 0.1728 -0.0266 -0.3198 -0.3352 -0.3156 -0.2170 -0.0687 -0.0087 0.0272 0.0810 0.1657 -0.1130 -0.3088 -0.1130 0.1657 0.0810 0.0272 -0.0087 -0.0687 -0.2170 -0.3156 -0.3352 -0.3198 -0.0266 0.1728 0.0624 0.0177 -0.0220 -0.1008 -0.2558 -0.3266 -0.3332 -0.2318 0.0740 0.1273 0.0471 0.0084 -0.0376 -0.1439 -0.2857 -0.3329 -0.3290 -0.1456 0.1514 0.0920 0.0323 -0.0033 -0.0583 -0.1982 -0.3095 -0.3353 -0.3223 -0.0575 0.1737 0.0679 0.0205 -0.0180 -0.0911 -0.2470 -0.3245 -0.3338 -0.2516 0.0403
-0.1551 -0.3337 -0.3247 -0.2476 -0.0917 -0.0183 0.0203 0.0676 0.1737 -0.0561 -0.3221 -0.3353 -0.3098 -0.1990 -0.0587 -0.0035 0.0321 0.0915 0.1521 -0.1443 -0.3289 -0.3329 -0.2859 -0.1439 -0.0375 0.0085 0.0473 0.1281 0.0723 -0.2335 -0.3332 -0.3265 -0.2552 -0.1001 -0.0218 0.0179 0.0627 0.1729 -0.0282 -0.3199 -0.3352 -0.3154 -0.2163 -0.0683 -0.0085 0.0274 0.0812 0.1669 -0.1113 -0.3280 -0.3378 -0.3280 -0.1113 0.1669 0.0812 0.0274 -0.0085 -0.0683 -0.2163 -0.3154 -0.3352 -0.3199 -0.0282 0.1729 0.0627 0.0179 -0.0218 -0.1001 -0.2552 -0.3265 -0.3332 -0.2335 0.0723 0.1281 0.0473 0.0085 -0.0375 -0.1439 -0.2859 -0.3329 -0.3289 -0.1443 0.1521 0.0915 0.0321 -0.0035 -0.0587 -0.1990 -0.3098 -0.3353 -0.3221 -0.0561 0.1737 0.0676 0.0203 -0.0183 -0.0917 -0.2476 -0.3247 -0.3337 -0.1551
-0.2077 -0.3249 -0.2481 -0.0923 -0.0185 0.0202 0.0672 0.1737 -0.0546 -0.3220 -0.3353 -0.3100 -0.1998 -0.0591 -0.0037 0.0319 0.0911 0.1529 -0.1431 -0.3288 -0.3330 -0.2863 -0.1446 -0.0376 0.0085 0.0474 0.1287 0.0706 -0.2352 -0.3333 -0.3263 -0.2546 -0.0994 -0.0215 0.0181 0.0630 0.1730 -0.0298 -0.3200 -0.3352 -0.3151 -0.2155 -0.0678 -0.0083 0.0275 0.0816 0.1666 -0.1100 -0.3265 -0.3363 -0.3298 -0.3363 -0.3265 -0.1100 0.1666 0.0816 0.0275 -0.0083 -0.0678 -0.2155 -0.3151 -0.3352 -0.3200 -0.0298 0.1730 0.0630 0.0181 -0.0215 -0.0994 -0.2546 -0.3263 -0.3333 -0.2352 0.0706 0.1287 0.0474 0.0085 -0.0376 -0.1446 -0.2863 -0.3330 -0.3288 -0.1431 0.1529 0.0911 0.0319 -0.0037 -0.0591 -0.1998 -0.3100 -0.3353 -0.3220 -0.0546 0.1737 0.0672 0.0202 -0.0185 -0.0923 -0.2481 -0.3249 -0.2077
-0.2188 -0.2501 -0.0927 -0.0187 0.0200 0.0669 0.1737 -0.0532 -0.3219 -0.3353 -0.3103 -0.2006 -0.0594 -0.0039 0.0317 0.0907 0.1536 -0.1418 -0.3287 -0.3331 -0.2867 -0.1454 -0.0379 0.0084 0.0473 0.1287 0.0698 -0.2367 -0.3334 -0.3262 -0.2540 -0.0988 -0.0213 0.0182 0.0633 0.1730 -0.0314 -0.3201 -0.3352 -0.3149 -0.2148 -0.0674 -0.0081 0.0277 0.0820 0.1661 -0.1113 -0.3264 -0.3329 -0.2978 -0.2480 -0.2978 -0.3329 -0.3264 -0.1113 0.1661 0.0820 0.0277 -0.0081 -0.0674 -0.2148 -0.3149 -0.3352 -0.3201 -0.0314 0.1730 0.0633 0.0182 -0.0213 -0.0988 -0.2540 -0.3262 -0.3334 -0.2367 0.0698 0.1287 0.0473 0.0084 -0.0379 -0.1454 -0.2867 -0.3331 -0.3287 -0.1418 0.1536 0.0907 0.0317 -0.0039 -0.0594 -0.2006 -0.3103 -0.3353 -0.3219 -0.0532 0.1737 0.0669 0.0200 -0.0187 -0.0927 -0.2501 -0.2188
-0.1816 -0.0957 -0.0192 0.0199 0.0666 0.1737 -0.0517 -0.3218 -0.3353 -0.3106 -0.2014 -0.0598 -0.0041 0.0315 0.0903 0.1543 -0.1405 -0.3286 -0.3332 -0.2871 -0.1462 -0.0382 0.0082 0.0471 0.1281 0.0706 -0.2367 -0.3334 -0.3260 -0.2535 -0.0981 -0.0210 0.0184 0.0636 0.1731 -0.0330 -0.3203 -0.3352 -0.3146 -0.2140 -0.0669 -0.0079 0.0279 0.0823 0.1658 -0.1126 -0.3265 -0.3344 -0.2924 -0.1616 -0.0788 -0.1616 -0.2924 -0.3344 -0.3265 -0.1126 0.1658 0.0823 0.0279 -0.0079 -0.0669 -0.2140 -0.3146 -0.3352 -0.3203 -0.0330 0.1731 0.0636 0.0184 -0.0210 -0.0981 -0.2535 -0.3260 -0.3334 -0.2367 0.0706 0.1281 0.0471 0.0082 -0.0382 -0.1462 -0.2871 -0.3332 -0.3286 -0.1405 0.1543 0.0903 0.0315 -0.0041 -0.0598 -0.2014 -0.3106 -0.3353 -0.3218 -0.0517 0.1737 0.0666 0.0199 -0.0192 -0.0957 -0.1816
-0.0932 -0.0178 0.0194 0.0663 0.1736 -0.0502 -0.3217 -0.3353 -0.3109 -0.2022 -0.0602 -0.0043 0.0313 0.0899 0.1550 -0.1393 -0.3286 -0.3332 -0.2875 -0.1470 -0.0385 0.0081 0.0468 0.1273 0.0723 -0.2352 -0.3334 -0.3260 -0.2532 -0.0976 -0.0208 0.0185 0.0639 0.1732 -0.0345 -0.3204 -0.3352 -0.3144 -0.2132 -0.0665 -0.0076 0.0281 0.0827 0.1653 -0.1138 -0.3266 -0.3344 -0.2967 -0.1606 -0.0386 -0.0033 -0.0386 -0.1606 -0.2967 -0.3344 -0.3266 -0.1138 0.1653 0.0827 0.0281 -0.0076 -0.0665 -0.2132 -0.3144 -0.3352 -0.3204 -0.0345 0.1732 0.0639 0.0185 -0.0208 -0.0976 -0.2532 -0.3260 -0.3334 -0.2352 0.0723 0.1273 0.0468 0.0081 -0.0385 -0.1470 -0.2875 -0.3332 -0.3286 -0.1393 0.1550 0.0899 0.0313 -0.0043 -0.0602 -0.2022 -0.3109 -0.3353 -0.3217 -0.0502 0.1736 0.0663 0.0194 -0.0178 -0.0932
-0.0398 0.0234 0.0660 0.1736 -0.0488 -0.3216 -0.3353 -0.3112 -0.2030 -0.0606 -0.0045 0.0311 0.0895 0.1556 -0.1380 -0.3285 -0.3333 -0.2880 -0.1478 -0.0388 0.0079 0.0466 0.1265 0.0740 -0.2335 -0.3333 -0.3262 -0.2535 -0.0976 -0.0206 0.0187 0.0642 0.1733 -0.0361 -0.3205 -0.3353 -0.3141 -0.2125 -0.0661 -0.0074 0.0283 0.0831 0.1649 -0.1151 -0.3267 -0.3343 -0.2964 -0.1663 -0.0456 0.0082 0.0311 0.0082 -0.0456 -0.1663 -0.2964 -0.3343 -0.3267 -0.1151 0.1649 0.0831 0.0283 -0.0074 -0.0661 -0.2125 -0.3141 -0.3353 -0.3205 -0.0361 0.1733 0.0642 0.0187 -0.0206 -0.0976 -0.2535 -0.3262 -0.3333 -0.2335 0.0740 0.1265 0.0466 0.0079 -0.0388 -0.1478 -0.2880 -0.3333 -0.3285 -0.1380 0.1556 0.0895 0.0311 -0.0045 -0.0606 -0.2030 -0.3112 -0.3353 -0.3216 -0.0488 0.1736 0.0660 0.0234 -0.0398
0.0026 0.0657 0.1736 -0.0473 -0.3215 -0.3353 -0.3114 -0.2037 -0.0610 -0.0047 0.0309 0.0890 0.1563 -0.1368 -0.3284 -0.3333 -0.2884 -0.1486 -0.0391 0.0077 0.0463 0.1258 0.0757 -0.2318 -0.3332 -0.3263 -0.2540 -0.0981 -0.0208 0.0187 0.0643 0.1733 -0.0376 -0.3206 -0.3353 -0.3139 -0.2117 -0.0656 -0.0072 0.0284 0.0834 0.1645 -0.1163 -0.3268 -0.3343 -0.2959 -0.1653 -0.0457 0.0040 0.0445 0.0809 0.0445 0.0040 -0.0457 -0.1653 -0.2959 -0.3343 -0.3268 -0.1163 0.1645 0.0834 0.0284 -0.0072 -0.0656 -0.2117 -0.3139 -0.3353 -0.3206 -0.0376 0.1733 0.0643 0.0187 -0.0208 -0.0981 -0.2540 -0.3263 -0.3332 -0.2318 0.0757 0.1258 0.0463 0.0077 -0.0391 -0.1486 -0.2884 -0.3333 -0.3284 -0.1368 0.1563 0.0890 0.0309 -0.0047 -0.0610 -0.2037 -0.3114 -0.3353 -0.3215 -0.0473 0.1736 0.0657 0.0026
0.0490 0.1735 -0.0457 -0.3213 -0.3353 -0.3117 -0.2045 -0.0614 -0.0049 0.0307 0.0886 0.1569 -0.1355 -0.3283 -0.3334 -0.2888 -0.1495 -0.0394 0.0075 0.0461 0.1250 0.0774 -0.2301 -0.3332 -0.3265 -0.2546 -0.0988 -0.0210 0.0185 0.0642 0.1733 -0.0384 -0.3207 -0.3353 -0.3136 -0.2110 -0.0652 -0.0070 0.0286 0.0838 0.1640 -0.1176 -0.3269 -0.3343 -0.2955 -0.1643 -0.0451 0.0039 0.0412 0.1060 0.1473 0.1060 0.0412 0.0039 -0.0451 -0.1643 -0.2955 -0.3343 -0.3269 -0.1176 0.1640 0.0838 0.0286 -0.0070 -0.0652 -0.2110 -0.3136 -0.3353 -0.3207 -0.0384 0.1733 0.0642 0.0185 -0.0210 -0.0988 -0.2546 -0.3265 -0.3332 -0.2301 0.0774 0.1250 0.0461 0.0075 -0.0394 -0.1495 -0.2888 -0.3334 -0.3283 -0.1355 0.1569 0.0886 0.0307 -0.0049 -0.0614 -0.2045 -0.3117 -0.3353 -0.3213 -0.0457 0.1735 0.0490
0.1434 -0.0441 -0.3212 -0.3353 -0.3120 -0.2053 -0.0618 -0.0051 0.0305 0.0882 0.1575 -0.1343 -0.3282 -0.3335 -0.2892 -0.1503 -0.0397 0.0074 0.0458 0.1243 0.0791 -0.2285 -0.3331 -0.3266 -0.2552 -0.0994 -0.0213 0.0184 0.0639 0.1733 -0.0376 -0.3207 -0.3353 -0.3134 -0.2103 -0.0648 -0.0068 0.0288 0.0842 0.1636 -0.1188 -0.3270 -0.3342 -0.2952 -0.1635 -0.0448 0.0042 0.0411 0.1127 0.1050 -0.1056 0.1050 0.1127 0.0411 0.0042 -0.0448 -0.1635 -0.2952 -0.3342 -0.3270 -0.1188 0.1636 0.0842 0.0288 -0.0068 -0.0648 -0.2103 -0.3134 -0.3353 -0.3207 -0.0376 0.1733 0.0639 0.0184 -0.0213 -0.0994 -0.2552 -0.3266 -0.3331 -0.2285 0.0791 0.1243 0.0458 0.0074 -0.0397 -0.1503 -0.2892 -0.3335 -0.3282 -0.1343 0.1575 0.0882 0.0305 -0.0051 -0.0618 -0.2053 -0.3120 -0.3353 -0.3212 -0.0441 0.1434
-0.0299 -0.3211 -0.3353 -0.3122 -0.2061 -0.0622 -0.0053 0.0304 0.0878 0.1582 -0.1330 -0.3281 -0.3335 -0.2896 -0.1511 -0.0400 0.0072 0.0456 0.1236 0.0808 -0.2268 -0.3331 -0.3268 -0.2558 -0.1001 -0.0215 0.0182 0.0636 0.1732 -0.0361 -0.3206 -0.3353 -0.3134 -0.2100 -0.0644 -0.0066 0.0290 0.0846 0.1631 -0.1201 -0.3271 -0.3342 -0.2948 -0.1627 -0.0445 0.0044 0.0414 0.1122 0.1060 -0.2020 -0.3253 -0.2020 0.1060 0.1122 0.0414 0.0044 -0.0445 -0.1627 -0.2948 -0.3342 -0.3271 -0.1201 0.1631 0.0846 0.0290 -0.0066 -0.0644 -0.2100 -0.3134 -0.3353 -0.3206 -0.0361 0.1732 0.0636 0.0182 -0.0215 -0.1001 -0.2558 -0.3268 -0.3331 -0.2268 0.0808 0.1236 0.0456 0.0072 -0.0400 -0.1511 -0.2896 -0.3335 -0.3281 -0.1330 0.1582 0.0878 0.0304 -0.0053 -0.0622 -0.2061 -0.3122 -0.3353 -0.3211 -0.0299
-0.1856 -0.3352 -0.3125 -0.2069 -0.0626 -0.0055 0.0302 0.0874 0.1588 -0.1317 -0.3280 -0.3336 -0.2900 -0.1519 -0.0403 0.0070 0.0453 0.1228 0.0824 -0.2251 -0.3330 -0.3269 -0.2564 -0.1008 -0.0218 0.0181 0.0633 0.1731 -0.0345 -0.3205 -0.3353 -0.3136 -0.2103 -0.0644 -0.0065 0.0291 0.0850 0.1626 -0.1214 -0.3272 -0.3341 -0.2944 -0.1618 -0.0442 0.0046 0.0417 0.1123 0.1088 -0.1997 -0.3337 -0.3398 -0.3337 -0.1997 0.1088 0.1123 0.0417 0.0046 -0.0442 -0.1618 -0.2944 -0.3341 -0.3272 -0.1214 0.1626 0.0850 0.0291 -0.0065 -0.0644 -0.2103 -0.3136 -0.3353 -0.3205 -0.0345 0.1731 0.0633 0.0181 -0.0218 -0.1008 -0.2564 -0.3269 -0.3330 -0.2251 0.0824 0.1228 0.0453 0.0070 -0.0403 -0.1519 -0.2900 -0.3336 -0.3280 -0.1317 0.1588 0.0874 0.0302 -0.0055 -0.0626 -0.2069 -0.3125 -0.3352 -0.1856
-0.2137 -0.3130 -0.2075 -0.0630 -0.0057 0.0300 0.0870 0.1593 -0.1305 -0.3279 -0.3336 -0.2905 -0.1527 -0.0406 0.0069 0.0451 0.1221 0.0841 -0.2235 -0.3330 -0.3270 -0.2569 -0.1014 -0.0220 0.0179 0.0630 0.1730 -0.0330 -0.3204 -0.3353 -0.3139 -0.2110 -0.0648 -0.0066 0.0291 0.0852 0.1622 -0.1226 -0.3273 -0.3341 -0.2940 -0.1610 -0.0439 0.0048 0.0419 0.1129 0.1073 -0.1987 -0.3316 -0.3310 -0.3145 -0.3310 -0.3316 -0.1987 0.1073 0.1129 0.0419 0.0048 -0.0439 -0.1610 -0.2940 -0.3341 -0.3273 -0.1226 0.1622 0.0852 0.0291 -0.0066 -0.0648 -0.2110 -0.3139 -0.3353 -0.3204 -0.0330 0.1730 0.0630 0.0179 -0.0220 -0.1014 -0.2569 -0.3270 -0.3330 -0.2235 0.0841 0.1221 0.0451 0.0069 -0.0406 -0.1527 -0.2905 -0.3336 -0.3279 -0.1305 0.1593 0.0870 0.0300 -0.0057 -0.0630 -0.2075 -0.3130 -0.2137
-0.2149 -0.2103 -0.0633 -0.0059 0.0298 0.0866 0.1599 -0.1292 -0.3278 -0.3337 -0.2909 -0.1536 -0.0409 0.0067 0.0448 0.1214 0.0857 -0.2219 -0.3329 -0.3272 -0.2575 -0.1021 -0.0223 0.0177 0.0627 0.1730 -0.0314 -0.3203 -0.3352 -0.3141 -0.2117 -0.0652 -0.0068 0.0290 0.0850 0.1622 -0.1232 -0.3274 -0.3340 -0.2936 -0.1602 -0.0436 0.0049 0.0422 0.1135 0.1058 -0.2002 -0.3319 -0.3269 -0.2660 -0.1944 -0.2660 -0.3269 -0.3319 -0.2002 0.1058 0.1135 0.0422 0.0049 -0.0436 -0.1602 -0.2936 -0.3340 -0.3274 -0.1232 0.1622 0.0850 0.0290 -0.0068 -0.0652 -0.2117 -0.3141 -0.3352 -0.3203 -0.0314 0.1730 0.0627 0.0177 -0.0223 -0.1021 -0.2575 -0.3272 -0.3329 -0.2219 0.0857 0.1214 0.0448 0.0067 -0.0409 -0.1536 -0.2909 -0.3337 -0.3278 -0.1292 0.1599 0.0866 0.0298 -0.0059 -0.0633 -0.2103 -0.2149
-0.1588 -0.0654 -0.0064 0.0296 0.0863 0.1605 -0.1280 -0.3277 -0.3338 -0.2913 -0.1544 -0.0412 0.0065 0.0446 0.1207 0.0874 -0.2203 -0.3329 -0.3273 -0.2581 -0.1027 -0.0225 0.0176 0.0624 0.1729 -0.0298 -0.3201 -0.3352 -0.3144 -0.2125 -0.0656 -0.0070 0.0288 0.0846 0.1626 -0.1226 -0.3274 -0.3340 -0.2933 -0.1595 -0.0433 0.0051 0.0424 0.1141 0.1044 -0.2017 -0.3321 -0.3291 -0.2607 -0.1065 -0.0441 -0.1065 -0.2607 -0.3291 -0.3321 -0.2017 0.1044 0.1141 0.0424 0.0051 -0.0433 -0.1595 -0.2933 -0.3340 -0.3274 -0.1226 0.1626 0.0846 0.0288 -0.0070 -0.0656 -0.2125 -0.3144 -0.3352 -0.3201 -0.0298 0.1729 0.0624 0.0176 -0.0225 -0.1027 -0.2581 -0.3273 -0.3329 -0.2203 0.0874 0.1207 0.0446 0.0065 -0.0412 -0.1544 -0.2913 -0.3338 -0.3277 -0.1280 0.1605 0.0863 0.0296 -0.0064 -0.0654 -0.1588
-0.0738 -0.0040 0.0293 0.0859 0.1610 -0.1267 -0.3277 -0.3338 -0.2917 -0.1552 -0.0415 0.0063 0.0443 0.1200 0.0890 -0.2186 -0.3328 -0.3275 -0.2587 -0.1034 -0.0228 0.0174 0.0621 0.1728 -0.0282 -0.3200 -0.3352 -0.3146 -0.2132 -0.0661 -0.0072 0.0286 0.0842 0.1631 -0.1214 -0.3273 -0.3340 -0.2933 -0.1591 -0.0430 0.0053 0.0426 0.1148 0.1029 -0.2032 -0.3321 -0.3291 -0.2661 -0.1091 -0.0202 0.0082 -0.0202 -0.1091 -0.2661 -0.3291 -0.3321 -0.2032 0.1029 0.1148 0.0426 0.0053 -0.0430 -0.1591 -0.2933 -0.3340 -0.3273 -0.1214 0.1631 0.0842 0.0286 -0.0072 -0.0661 -0.2132 -0.3146 -0.3352 -0.3200 -0.0282 0.1728 0.0621 0.0174 -0.0228 -0.1034 -0.2587 -0.3275 -0.3328 -0.2186 0.0890 0.1200 0.0443 0.0063 -0.0415 -0.1552 -0.2917 -0.3338 -0.3277 -0.1267 0.1610 0.0859 0.0293 -0.0040 -0.0738
-0.0282 0.0329 0.0855 0.1615 -0.1255 -0.3276 -0.3339 -0.2921 -0.1560 -0.0418 0.0062 0.0441 0.1193 0.0906 -0.2171 -0.3327 -0.3276 -0.2593 -0.1041 -0.0230 0.0173 0.0619 0.1727 -0.0266 -0.3199 -0.3352 -0.3149 -0.2140 -0.0665 -0.0074 0.0284 0.0838 0.1636 -0.1201 -0.3272 -0.3341 -0.2936 -0.1595 -0.0430 0.0054 0.0428 0.1154 0.1014 -0.2047 -0.3322 -0.3289 -0.2656 -0.1128 -0.0263 0.0189 0.0458 0.0189 -0.0263 -0.1128 -0.2656 -0.3289 -0.3322 -0.2047 0.1014 0.1154 0.0428 0.0054 -0.0430 -0.1595 -0.2936 -0.3341 -0.3272 -0.1201 0.1636 0.0838 0.0284 -0.0074 -0.0665 -0.2140 -0.3149 -0.3352 -0.3199 -0.0266 0.1727 0.0619 0.0173 -0.0230 -0.1041 -0.2593 -0.3276 -0.3327 -0.2171 0.0906 0.1193 0.0441 0.0062 -0.0418 -0.1560 -0.2921 -0.3339 -0.3276 -0.1255 0.1615 0.0855 0.0329 -0.0282
0.0143 0.0850 0.1620 -0.1242 -0.3275 -0.3339 -0.2925 -0.1569 -0.0421 0.0060 0.0439 0.1187 0.0922 -0.2155 -0.3327 -0.3277 -0.2598 -0.1048 -0.0233 0.0171 0.0616 0.1726 -0.0250 -0.3198 -0.3352 -0.3151 -0.2148 -0.0669 -0.0076 0.0283 0.0834 0.1640 -0.1188 -0.3271 -0.3341 -0.2940 -0.1602 -0.0433 0.0053 0.0428 0.1157 0.1001 -0.2062 -0.3323 -0.3288 -0.2649 -0.1119 -0.0263 0.0153 0.0609 0.1029 0.0609 0.0153 -0.0263 -0.1119 -0.2649 -0.3288 -0.3323 -0.2062 0.1001 0.1157 0.0428 0.0053 -0.0433 -0.1602 -0.2940 -0.3341 -0.3271 -0.1188 0.1640 0.0834 0.0283 -0.0076 -0.0669 -0.2148 -0.3151 -0.3352 -0.3198 -0.0250 0.1726 0.0616 0.0171 -0.0233 -0.1048 -0.2598 -0.3277 -0.3327 -0.2155 0.0922 0.1187 0.0439 0.0060 -0.0421 -0.1569 -0.2925 -0.3339 -0.3275 -0.1242 0.1620 0.0850 0.0143
0.0680 0.1625 -0.1230 -0.3274 -0.3340 -0.2929 -0.1577 -0.0424 0.0058 0.0436 0.1180 0.0937 -0.2139 -0.3326 -0.3279 -0.2604 -0.1055 -0.0235 0.0170 0.0613 0.1725 -0.0234 -0.3197 -0.3352 -0.3154 -0.2155 -0.0674 -0.0079 0.0281 0.0831 0.1645 -0.1176 -0.3270 -0.3342 -0.2944 -0.1610 -0.0436 0.0051 0.0426 0.1154 0.1001 -0.2069 -0.3323 -0.3287 -0.2643 -0.1110 -0.0258 0.0153 0.0586 0.1445 0.1174 0.1445 0.0586 0.0153 -0.0258 -0.1110 -0.2643 -0.3287 -0.3323 -0.2069 0.1001 0.1154 0.0426 0.0051 -0.0436 -0.1610 -0.2944 -0.3342 -0.3270 -0.1176 0.1645 0.0831 0.0281 -0.0079 -0.0674 -0.2155 -0.3154 -0.3352 -0.3197 -0.0234 0.1725 0.0613 0.0170 -0.0235 -0.1055 -0.2604 -0.3279 -0.3326 -0.2139 0.0937 0.1180 0.0436 0.0058 -0.0424 -0.1577 -0.2929 -0.3340 -0.3274 -0.1230 0.1625 0.0680
0.1283 -0.1215 -0.3273 -0.3340 -0.2932 -0.1585 -0.0427 0.0056 0.0434 0.1173 0.0953 -0.2123 -0.3326 -0.3280 -0.2610 -0.1061 -0.0238 0.0168 0.0610 0.1723 -0.0218 -0.3195 -0.3352 -0.3156 -0.2163 -0.0678 -0.0081 0.0279 0.0827 0.1649 -0.1163 -0.3269 -0.3342 -0.2948 -0.1618 -0.0439 0.0049 0.0424 0.1148 0.1014 -0.2062 -0.3323 -0.3286 -0.2639 -0.1104 -0.0256 0.0155 0.0585 0.1708 -0.0108 -0.2339 -0.0108 0.1708 0.0585 0.0155 -0.0256 -0.1104 -0.2639 -0.3286 -0.3323 -0.2062 0.1014 0.1148 0.0424 0.0049 -0.0439 -0.1618 -0.2948 -0.3342 -0.3269 -0.1163 0.1649 0.0827 0.0279 -0.0081 -0.0678 -0.2163 -0.3156 -0.3352 -0.3195 -0.0218 0.1723 0.0610 0.0168 -0.0238 -0.1061 -0.2610 -0.3280 -0.3326 -0.2123 0.0953 0.1173 0.0434 0.0056 -0.0427 -0.1585 -0.2932 -0.3340 -0.3273 -0.1215 0.1283
-0.0846 -0.3271 -0.3341 -0.2936 -0.1593 -0.0430 0.0055 0.0431 0.1167 0.0968 -0.2108 -0.3325 -0.3281 -0.2615 -0.1068 -0.0240 0.0166 0.0607 0.1722 -0.0202 -0.3194 -0.3352 -0.3158 -0.2170 -0.0683 -0.0083 0.0277 0.0823 0.1653 -0.1151 -0.3268 -0.3343 -0.2952 -0.1627 -0.0442 0.0048 0.0422 0.1141 0.1029 -0.2047 -0.3323 -0.3287 -0.2639 -0.1101 -0.0254 0.0157 0.0588 0.1711 -0.0092 -0.3199 -0.3325 -0.3199 -0.0092 0.1711 0.0588 0.0157 -0.0254 -0.1101 -0.2639 -0.3287 -0.3323 -0.2047 0.1029 0.1141 0.0422 0.0048 -0.0442 -0.1627 -0.2952 -0.3343 -0.3268 -0.1151 0.1653 0.0823 0.0277 -0.0083 -0.0683 -0.2170 -0.3158 -0.3352 -0.3194 -0.0202 0.1722 0.0607 0.0166 -0.0240 -0.1068 -0.2615 -0.3281 -0.3325 -0.2108 0.0968 0.1167 0.0431 0.0055 -0.0430 -0.1593 -0.2936 -0.3341 -0.3271 -0.0846
-0.1952 -0.3341 -0.2940 -0.1602 -0.0433 0.0053 0.0429 0.1160 0.0984 -0.2092 -0.3324 -0.3283 -0.2621 -0.1075 -0.0243 0.0165 0.0604 0.1721 -0.0185 -0.3193 -0.3351 -0.3161 -0.2178 -0.0687 -0.0085 0.0275 0.0820 0.1658 -0.1138 -0.3267 -0.3343 -0.2955 -0.1635 -0.0445 0.0046 0.0419 0.1135 0.1044 -0.2032 -0.3322 -0.3288 -0.2643 -0.1104 -0.0254 0.0158 0.0590 0.1713 -0.0066 -0.3188 -0.3368 -0.3379 -0.3368 -0.3188 -0.0066 0.1713 0.0590 0.0158 -0.0254 -0.1104 -0.2643 -0.3288 -0.3322 -0.2032 0.1044 0.1135 0.0419 0.0046 -0.0445 -0.1635 -0.2955 -0.3343 -0.3267 -0.1138 0.1658 0.0820 0.0275 -0.0085 -0.0687 -0.2178 -0.3161 -0.3351 -0.3193 -0.0185 0.1721 0.0604 0.0165 -0.0243 -0.1075 -0.2621 -0.3283 -0.3324 -0.2092 0.0984 0.1160 0.0429 0.0053 -0.0433 -0.1602 -0.2940 -0.3341 -0.1952
-0.2178 -0.2949 -0.1608 -0.0436 0.0051 0.0426 0.1154 0.0999 -0.2077 -0.3324 -0.3284 -0.2627 -0.1082 -0.0245 0.0163 0.0602 0.1720 -0.0169 -0.3192 -0.3351 -0.3163 -0.2185 -0.0692 -0.0087 0.0274 0.0816 0.1661 -0.1126 -0.3266 -0.3343 -0.2959 -0.1643 -0.0448 0.0044 0.0417 0.1129 0.1058 -0.2017 -0.3321 -0.3289 -0.2649 -0.1110 -0.0256 0.0157 0.0590 0.1714 -0.0081 -0.3183 -0.3342 -0.3194 -0.2893 -0.3194 -0.3342 -0.3183 -0.0081 0.1714 0.0590 0.0157 -0.0256 -0.1110 -0.2649 -0.3289 -0.3321 -0.2017 0.1058 0.1129 0.0417 0.0044 -0.0448 -0.1643 -0.2959 -0.3343 -0.3266 -0.1126 0.1661 0.0816 0.0274 -0.0087 -0.0692 -0.2185 -0.3163 -0.3351 -0.3192 -0.0169 0.1720 0.0602 0.0163 -0.0245 -0.1082 -0.2627 -0.3284 -0.3324 -0.2077 0.0999 0.1154 0.0426 0.0051 -0.0436 -0.1608 -0.2949 -0.2178
-0.2063 -0.1643 -0.0439 0.0050 0.0424 0.1148 0.1014 -0.2062 -0.3323 -0.3285 -0.2632 -0.1089 -0.0248 0.0162 0.0599 0.1718 -0.0152 -0.3190 -0.3351 -0.3165 -0.2192 -0.0696 -0.0089 0.0272 0.0812 0.1665 -0.1113 -0.3265 -0.3344 -0.2963 -0.1652 -0.0451 0.0042 0.0414 0.1123 0.1073 -0.2002 -0.3321 -0.3290 -0.2654 -0.1117 -0.0258 0.0155 0.0588 0.1713 -0.0081 -0.3184 -0.3349 -0.3146 -0.2212 -0.1337 -0.2214 -0.3147 -0.3349 -0.3184 -0.0081 0.1713 0.0588 0.0155 -0.0258 -0.1119 -0.2656 -0.3291 -0.3321 -0.2002 0.1073 0.1123 0.0414 0.0042 -0.0451 -0.1653 -0.2964 -0.3344 -0.3265 -0.1113 0.1666 0.0812 0.0272 -0.0089 -0.0697 -0.2194 -0.3166 -0.3351 -0.3190 -0.0152 0.1719 0.0599 0.0162 -0.0248 -0.1090 -0.2634 -0.3286 -0.3323 -0.2062 0.1015 0.1148 0.0424 0.0050 -0.0439 -0.1645 -0.2064
-0.1329 -0.0447 0.0044 0.0422 0.1141 0.1029 -0.2047 -0.3323 -0.3286 -0.2638 -0.1096 -0.0251 0.0160 0.0596 0.1717 -0.0136 -0.3189 -0.3351 -0.3168 -0.2200 -0.0701 -0.0091 0.0270 0.0809 0.1669 -0.1100 -0.3264 -0.3344 -0.2967 -0.1660 -0.0454 0.0041 0.0412 0.1117 0.1087 -0.1987 -0.3320 -0.3291 -0.2660 -0.1125 -0.0261 0.0154 0.0585 0.1711 -0.0067 -0.3184 -0.3350 -0.3179 -0.2173 -0.0660 -0.0206 -0.0661 -0.2176 -0.3179 -0.3349 -0.3183 -0.0066 0.1711 0.0585 0.0153 -0.0263 -0.1128 -0.2661 -0.3291 -0.3319 -0.1987 0.1088 0.1122 0.0411 0.0039 -0.0457 -0.1663 -0.2967 -0.3344 -0.3264 -0.1100 0.1669 0.0810 0.0269 -0.0093 -0.0704 -0.2202 -0.3168 -0.3350 -0.3189 -0.0135 0.1717 0.0596 0.0159 -0.0253 -0.1099 -0.2639 -0.3286 -0.3322 -0.2046 0.1030 0.1146 0.0421 0.0043 -0.0450 -0.1327
-0.0592 0.0077 0.0419 0.1135 0.1043 -0.2032 -0.3322 -0.3288 -0.2643 -0.1103 -0.0253 0.0158 0.0593 0.1716 -0.0119 -0.3188 -0.3351 -0.3170 -0.2207 -0.0706 -0.0093 0.0268 0.0805 0.1673 -0.1088 -0.3263 -0.3345 -0.2970 -0.1668 -0.0457 0.0039 0.0410 0.1111 0.1101 -0.1972 -0.3319 -0.3292 -0.2665 -0.1132 -0.0264 0.0152 0.0582 0.1710 -0.0050 -0.3183 -0.3350 -0.3181 -0.2241 -0.0716 -0.0053 0.0183 -0.0048 -0.0701 -0.2177 -0.3147 -0.3342 -0.3188 -0.0092 0.1708 0.0586 0.0153 -0.0263 -0.1091 -0.2607 -0.3269 -0.3316 -0.1997 0.1060 0.1127 0.0412 0.0040 -0.0456 -0.1606 -0.2924 -0.3329 -0.3265 -0.1113 0.1657 0.0812 0.0270 -0.0092 -0.0693 -0.2140 -0.3136 -0.3342 -0.3193 -0.0159 0.1713 0.0597 0.0160 -0.0252 -0.1064 -0.2584 -0.3263 -0.3319 -0.2057 0.1002 0.1152 0.0422 0.0079 -0.0575
-0.0162 0.0438 0.1129 0.1058 -0.2017 -0.3321 -0.3289 -0.2649 -0.1110 -0.0256 0.0157 0.0590 0.1714 -0.0102 -0.3187 -0.3350 -0.3172 -0.2214 -0.0710 -0.0096 0.0267 0.0801 0.1676 -0.1075 -0.3262 -0.3345 -0.2974 -0.1677 -0.0460 0.0037 0.0407 0.1105 0.1115 -0.1958 -0.3319 -0.3294 -0.2671 -0.1139 -0.0266 0.0150 0.0579 0.1708 -0.0033 -0.3181 -0.3350 -0.3182 -0.2248 -0.0735 -0.0106 0.0293 0.0629 0.0340 -0.0042 -0.0659 -0.2216 -0.3195 -0.3368 -0.3199 -0.0108 0.1445 0.0609 0.0189 -0.0202 -0.1065 -0.2660 -0.3310 -0.3337 -0.2020 0.1050 0.1060 0.0445 0.0082 -0.0386 -0.1616 -0.2978 -0.3363 -0.3280 -0.1130 0.1619 0.0811 0.0303 -0.0042 -0.0638 -0.2180 -0.3184 -0.3369 -0.3204 -0.0176 0.1457 0.0620 0.0195 -0.0192 -0.1035 -0.2638 -0.3305 -0.3340 -0.2081 0.0991 0.1079 0.0465 -0.0105
0.0263 0.1123 0.1073 -0.2002 -0.3321 -0.3290 -0.2654 -0.1117 -0.0258 0.0155 0.0588 0.1713 -0.0085 -0.3186 -0.3350 -0.3175 -0.2222 -0.0715 -0.0098 0.0265 0.0798 0.1679 -0.1062 -0.3261 -0.3345 -0.2978 -0.1685 -0.0463 0.0035 0.0405 0.1100 0.1129 -0.1943 -0.3318 -0.3295 -0.2676 -0.1146 -0.0269 0.0149 0.0577 0.1707 -0.0016 -0.3180 -0.3349 -0.3184 -0.2253 -0.0737 -0.0110 0.0258 0.0802 0.1055 0.0502 0.0182 -0.0195 -0.1332 -0.2894 -0.3379 -0.3325 -0.2339 0.1174 0.1029 0.0458 0.0082 -0.0441 -0.1944 -0.3145 -0.3398 -0.3253 -0.1056 0.1473 0.0809 0.0311 -0.0033 -0.0788 -0.2480 -0.3298 -0.3378 -0.3088 0.0128 0.1380 0.0628 0.0189 -0.0192 -0.1299 -0.2873 -0.3375 -0.3329 -0.2375 0.1136 0.1044 0.0467 0.0088 -0.0424 -0.1908 -0.3134 -0.3398 -0.3258 -0.1128 0.1469 0.0828 0.0180
