0.0010 0.0068 0.0201 0.0659 0.2131 0.6901 1.0000 1.0000 1.0000 0.0008 0.0027 0.0087 0.0282 0.0912 0.2955 0.9572 1.0000 1.0000 0.0004 0.0012 0.0037 0.0121 0.0391 0.1268 0.4106 1.0000 1.0000 1.0000 0.0005 0.0016 0.0052 0.0168 0.0544 0.1762 0.5706 1.0000 1.0000 1.0000 0.0007 0.0022 0.0072 0.0233 0.0756 0.2448 0.7929 1.0000 1.0000 1.0000 0.0010 0.0036 0.0087 0.0036 0.0010 1.0000 1.0000 1.0000 0.7929 0.2448 0.0756 0.0233 0.0072 0.0022 0.0007 1.0000 1.0000 1.0000 0.5706 0.1762 0.0544 0.0168 0.0052 0.0016 0.0005 1.0000 1.0000 1.0000 0.4106 0.1268 0.0391 0.0121 0.0037 0.0012 0.0004 1.0000 1.0000 0.9572 0.2955 0.0912 0.0282 0.0087 0.0027 0.0008 1.0000 1.0000 1.0000 0.6901 0.2131 0.0659 0.0201 0.0068 0.0010
0.0068 0.0434 0.1263 0.4169 1.0000 1.0000 1.0000 1.0000 0.0016 0.0052 0.0170 0.0550 0.1782 0.5772 1.0000 1.0000 1.0000 0.0007 0.0022 0.0073 0.0236 0.0764 0.2476 0.8020 1.0000 1.0000 1.0000 0.0010 0.0031 0.0101 0.0328 0.1062 0.3441 1.0000 1.0000 1.0000 1.0000 0.0013 0.0043 0.0141 0.0456 0.1476 0.4781 1.0000 1.0000 1.0000 1.0000 0.0019 0.0061 0.0228 0.0519 0.0228 0.0061 0.0019 1.0000 1.0000 1.0000 1.0000 0.4781 0.1476 0.0456 0.0141 0.0043 0.0013 1.0000 1.0000 1.0000 1.0000 0.3441 0.1062 0.0328 0.0101 0.0031 0.0010 1.0000 1.0000 1.0000 0.8020 0.2476 0.0764 0.0236 0.0073 0.0022 0.0007 1.0000 1.0000 1.0000 0.5772 0.1782 0.0550 0.0170 0.0052 0.0016 1.0000 1.0000 1.0000 1.0000 0.4169 0.1263 0.0434 0.0068
0.0201 0.1263 0.3784 1.0000 1.0000 1.0000 1.0000 0.0015 0.0048 0.0156 0.0506 0.1639 0.5308 1.0000 1.0000 1.0000 0.0006 0.0021 0.0067 0.0217 0.0703 0.2277 0.7376 1.0000 1.0000 1.0000 0.0009 0.0029 0.0093 0.0302 0.0977 0.3164 1.0000 1.0000 1.0000 1.0000 0.0012 0.0040 0.0129 0.0419 0.1358 0.4397 1.0000 1.0000 1.0000 1.0000 0.0017 0.0055 0.0181 0.0674 0.1536 0.0674 0.0181 0.0055 0.0017 1.0000 1.0000 1.0000 1.0000 0.4397 0.1358 0.0419 0.0129 0.0040 0.0012 1.0000 1.0000 1.0000 1.0000 0.3164 0.0977 0.0302 0.0093 0.0029 0.0009 1.0000 1.0000 1.0000 0.7376 0.2277 0.0703 0.0217 0.0067 0.0021 0.0006 1.0000 1.0000 1.0000 0.5308 0.1639 0.0506 0.0156 0.0048 0.0015 1.0000 1.0000 1.0000 1.0000 0.3784 0.1263 0.0201
0.0659 0.4169 1.0000 1.0000 1.0000 1.0000 0.0015 0.0049 0.0159 0.0516 0.1670 0.5410 1.0000 1.0000 1.0000 0.0007 0.0021 0.0068 0.0221 0.0717 0.2321 0.7518 1.0000 1.0000 1.0000 0.0009 0.0029 0.0095 0.0307 0.0996 0.3225 1.0000 1.0000 1.0000 1.0000 0.0013 0.0041 0.0132 0.0427 0.1384 0.4482 1.0000 1.0000 1.0000 1.0000 0.0017 0.0057 0.0182 0.0595 0.2226 0.5052 0.2226 0.0595 0.0182 0.0057 0.0017 1.0000 1.0000 1.0000 1.0000 0.4482 0.1384 0.0427 0.0132 0.0041 0.0013 1.0000 1.0000 1.0000 1.0000 0.3225 0.0996 0.0307 0.0095 0.0029 0.0009 1.0000 1.0000 1.0000 0.7518 0.2321 0.0717 0.0221 0.0068 0.0021 0.0007 1.0000 1.0000 1.0000 0.5410 0.1670 0.0516 0.0159 0.0049 0.0015 1.0000 1.0000 1.0000 1.0000 0.4169 0.0659
0.2131 1.0000 1.0000 1.0000 1.0000 0.0015 0.0049 0.0160 0.0518 0.1677 0.5431 1.0000 1.0000 1.0000 0.0007 0.0021 0.0069 0.0222 0.0719 0.2330 0.7547 1.0000 1.0000 1.0000 0.0009 0.0029 0.0095 0.0309 0.0999 0.3238 1.0000 1.0000 1.0000 1.0000 0.0013 0.0041 0.0132 0.0429 0.1389 0.4499 1.0000 1.0000 1.0000 1.0000 0.0018 0.0057 0.0184 0.0592 0.1937 0.7238 1.0000 0.7238 0.1937 0.0592 0.0184 0.0057 0.0018 1.0000 1.0000 1.0000 1.0000 0.4499 0.1389 0.0429 0.0132 0.0041 0.0013 1.0000 1.0000 1.0000 1.0000 0.3238 0.0999 0.0309 0.0095 0.0029 0.0009 1.0000 1.0000 1.0000 0.7547 0.2330 0.0719 0.0222 0.0069 0.0021 0.0007 1.0000 1.0000 1.0000 0.5431 0.1677 0.0518 0.0160 0.0049 0.0015 1.0000 1.0000 1.0000 1.0000 0.2131
0.6901 1.0000 1.0000 1.0000 0.0015 0.0050 0.0160 0.0521 0.1686 0.5462 1.0000 1.0000 1.0000 0.0007 0.0021 0.0069 0.0223 0.0723 0.2343 0.7590 1.0000 1.0000 1.0000 0.0009 0.0030 0.0096 0.0310 0.1005 0.3256 1.0000 1.0000 1.0000 1.0000 0.0013 0.0041 0.0133 0.0431 0.1397 0.4525 1.0000 1.0000 1.0000 1.0000 0.0018 0.0057 0.0185 0.0599 0.1934 0.6311 1.0000 1.0000 1.0000 0.6311 0.1934 0.0599 0.0185 0.0057 0.0018 1.0000 1.0000 1.0000 1.0000 0.4525 0.1397 0.0431 0.0133 0.0041 0.0013 1.0000 1.0000 1.0000 1.0000 0.3256 0.1005 0.0310 0.0096 0.0030 0.0009 1.0000 1.0000 1.0000 0.7590 0.2343 0.0723 0.0223 0.0069 0.0021 0.0007 1.0000 1.0000 1.0000 0.5462 0.1686 0.0521 0.0160 0.0050 0.0015 1.0000 1.0000 1.0000 0.6901
1.0000 1.0000 1.0000 0.0015 0.0049 0.0160 0.0523 0.1693 0.5493 1.0000 1.0000 1.0000 0.0007 0.0021 0.0069 0.0225 0.0728 0.2357 0.7633 1.0000 1.0000 1.0000 0.0009 0.0030 0.0096 0.0312 0.1011 0.3275 1.0000 1.0000 1.0000 1.0000 0.0013 0.0041 0.0134 0.0434 0.1405 0.4550 1.0000 1.0000 1.0000 1.0000 0.0018 0.0057 0.0186 0.0603 0.1952 0.6287 1.0000 1.0000 1.0000 1.0000 1.0000 0.6287 0.1952 0.0603 0.0186 0.0057 0.0018 1.0000 1.0000 1.0000 1.0000 0.4550 0.1405 0.0434 0.0134 0.0041 0.0013 1.0000 1.0000 1.0000 1.0000 0.3275 0.1011 0.0312 0.0096 0.0030 0.0009 1.0000 1.0000 1.0000 0.7633 0.2357 0.0728 0.0225 0.0069 0.0021 0.0007 1.0000 1.0000 1.0000 0.5493 0.1693 0.0523 0.0160 0.0049 0.0015 1.0000 1.0000 1.0000
1.0000 1.0000 0.0015 0.0049 0.0160 0.0521 0.1693 0.5514 1.0000 1.0000 1.0000 0.0007 0.0022 0.0070 0.0226 0.0732 0.2370 0.7677 1.0000 1.0000 1.0000 0.0009 0.0030 0.0097 0.0314 0.1017 0.3293 1.0000 1.0000 1.0000 1.0000 0.0013 0.0042 0.0135 0.0436 0.1413 0.4577 1.0000 1.0000 1.0000 1.0000 0.0018 0.0058 0.0187 0.0606 0.1963 0.6360 1.0000 1.0000 1.0000 1.0000 1.0000 1.0000 1.0000 0.6360 0.1963 0.0606 0.0187 0.0058 0.0018 1.0000 1.0000 1.0000 1.0000 0.4577 0.1413 0.0436 0.0135 0.0042 0.0013 1.0000 1.0000 1.0000 1.0000 0.3293 0.1017 0.0314 0.0097 0.0030 0.0009 1.0000 1.0000 1.0000 0.7677 0.2370 0.0732 0.0226 0.0070 0.0022 0.0007 1.0000 1.0000 1.0000 0.5514 0.1693 0.0521 0.0160 0.0049 0.0015 1.0000 1.0000
1.0000 0.0016 0.0048 0.0159 0.0518 0.1686 0.5493 1.0000 1.0000 1.0000 0.0007 0.0022 0.0070 0.0227 0.0736 0.2384 0.7721 1.0000 1.0000 1.0000 0.0009 0.0030 0.0097 0.0316 0.1023 0.3312 1.0000 1.0000 1.0000 1.0000 0.0013 0.0042 0.0135 0.0439 0.1421 0.4603 1.0000 1.0000 1.0000 1.0000 0.0018 0.0058 0.0188 0.0610 0.1975 0.6396 1.0000 1.0000 1.0000 0.0009 0.0020 0.0009 1.0000 1.0000 1.0000 0.6396 0.1975 0.0610 0.0188 0.0058 0.0018 1.0000 1.0000 1.0000 1.0000 0.4603 0.1421 0.0439 0.0135 0.0042 0.0013 1.0000 1.0000 1.0000 1.0000 0.3312 0.1023 0.0316 0.0097 0.0030 0.0009 1.0000 1.0000 1.0000 0.7721 0.2384 0.0736 0.0227 0.0070 0.0022 0.0007 1.0000 1.0000 1.0000 0.5493 0.1686 0.0518 0.0159 0.0048 0.0016 1.0000
0.0008 0.0052 0.0156 0.0516 0.1677 0.5462 1.0000 1.0000 1.0000 0.0007 0.0022 0.0071 0.0228 0.0740 0.2397 0.7765 1.0000 1.0000 1.0000 0.0009 0.0030 0.0098 0.0317 0.1028 0.3331 1.0000 1.0000 1.0000 1.0000 0.0013 0.0042 0.0136 0.0441 0.1429 0.4629 1.0000 1.0000 1.0000 1.0000 0.0018 0.0058 0.0189 0.0613 0.1986 0.6433 1.0000 1.0000 1.0000 0.0008 0.0029 0.0066 0.0029 0.0008 1.0000 1.0000 1.0000 0.6433 0.1986 0.0613 0.0189 0.0058 0.0018 1.0000 1.0000 1.0000 1.0000 0.4629 0.1429 0.0441 0.0136 0.0042 0.0013 1.0000 1.0000 1.0000 1.0000 0.3331 0.1028 0.0317 0.0098 0.0030 0.0009 1.0000 1.0000 1.0000 0.7765 0.2397 0.0740 0.0228 0.0071 0.0022 0.0007 1.0000 1.0000 1.0000 0.5462 0.1677 0.0516 0.0156 0.0052 0.0008
0.0027 0.0170 0.0506 0.1670 0.5431 1.0000 1.0000 1.0000 0.0007 0.0022 0.0071 0.0229 0.0744 0.2411 0.7810 1.0000 1.0000 1.0000 0.0009 0.0030 0.0099 0.0319 0.1034 0.3350 1.0000 1.0000 1.0000 1.0000 0.0013 0.0042 0.0137 0.0444 0.1437 0.4656 1.0000 1.0000 1.0000 1.0000 0.0018 0.0059 0.0190 0.0617 0.1997 0.6469 1.0000 1.0000 1.0000 0.0008 0.0025 0.0094 0.0214 0.0094 0.0025 0.0008 1.0000 1.0000 1.0000 0.6469 0.1997 0.0617 0.0190 0.0059 0.0018 1.0000 1.0000 1.0000 1.0000 0.4656 0.1437 0.0444 0.0137 0.0042 0.0013 1.0000 1.0000 1.0000 1.0000 0.3350 0.1034 0.0319 0.0099 0.0030 0.0009 1.0000 1.0000 1.0000 0.7810 0.2411 0.0744 0.0229 0.0071 0.0022 0.0007 1.0000 1.0000 1.0000 0.5431 0.1670 0.0506 0.0170 0.0027
0.0087 0.0550 0.1639 0.5410 1.0000 1.0000 1.0000 0.0007 0.0022 0.0071 0.0229 0.0747 0.2420 0.7854 1.0000 1.0000 1.0000 0.0009 0.0031 0.0099 0.0321 0.1040 0.3369 1.0000 1.0000 1.0000 1.0000 0.0013 0.0043 0.0138 0.0446 0.1445 0.4682 1.0000 1.0000 1.0000 1.0000 0.0018 0.0059 0.0191 0.0620 0.2009 0.6506 1.0000 1.0000 1.0000 0.0008 0.0025 0.0082 0.0307 0.0696 0.0307 0.0082 0.0025 0.0008 1.0000 1.0000 1.0000 0.6506 0.2009 0.0620 0.0191 0.0059 0.0018 1.0000 1.0000 1.0000 1.0000 0.4682 0.1445 0.0446 0.0138 0.0043 0.0013 1.0000 1.0000 1.0000 1.0000 0.3369 0.1040 0.0321 0.0099 0.0031 0.0009 1.0000 1.0000 1.0000 0.7854 0.2420 0.0747 0.0229 0.0071 0.0022 0.0007 1.0000 1.0000 1.0000 0.5410 0.1639 0.0550 0.0087
0.0282 0.1782 0.5308 1.0000 1.0000 1.0000 0.0007 0.0022 0.0070 0.0228 0.0744 0.2420 0.7884 1.0000 1.0000 1.0000 0.0010 0.0031 0.0100 0.0323 0.1046 0.3389 1.0000 1.0000 1.0000 1.0000 0.0013 0.0043 0.0139 0.0449 0.1454 0.4709 1.0000 1.0000 1.0000 1.0000 0.0018 0.0059 0.0193 0.0624 0.2020 0.6544 1.0000 1.0000 1.0000 0.0008 0.0025 0.0082 0.0268 0.1001 0.2273 0.1001 0.0268 0.0082 0.0025 0.0008 1.0000 1.0000 1.0000 0.6544 0.2020 0.0624 0.0193 0.0059 0.0018 1.0000 1.0000 1.0000 1.0000 0.4709 0.1454 0.0449 0.0139 0.0043 0.0013 1.0000 1.0000 1.0000 1.0000 0.3389 0.1046 0.0323 0.0100 0.0031 0.0010 1.0000 1.0000 1.0000 0.7884 0.2420 0.0744 0.0228 0.0070 0.0022 0.0007 1.0000 1.0000 1.0000 0.5308 0.1782 0.0282
0.0912 0.5772 1.0000 1.0000 1.0000 0.0007 0.0021 0.0070 0.0227 0.0740 0.2411 0.7854 1.0000 1.0000 1.0000 0.0010 0.0031 0.0100 0.0325 0.1052 0.3408 1.0000 1.0000 1.0000 1.0000 0.0013 0.0043 0.0139 0.0451 0.1462 0.4736 1.0000 1.0000 1.0000 1.0000 0.0018 0.0060 0.0194 0.0627 0.2032 0.6581 1.0000 1.0000 1.0000 0.0008 0.0026 0.0083 0.0268 0.0873 0.3262 0.7391 0.3262 0.0873 0.0268 0.0083 0.0026 0.0008 1.0000 1.0000 1.0000 0.6581 0.2032 0.0627 0.0194 0.0060 0.0018 1.0000 1.0000 1.0000 1.0000 0.4736 0.1462 0.0451 0.0139 0.0043 0.0013 1.0000 1.0000 1.0000 1.0000 0.3408 0.1052 0.0325 0.0100 0.0031 0.0010 1.0000 1.0000 1.0000 0.7854 0.2411 0.0740 0.0227 0.0070 0.0021 0.0007 1.0000 1.0000 1.0000 0.5772 0.0912
0.2955 1.0000 1.0000 1.0000 0.0007 0.0021 0.0069 0.0226 0.0736 0.2397 0.7810 1.0000 1.0000 1.0000 0.0010 0.0031 0.0101 0.0327 0.1058 0.3428 1.0000 1.0000 1.0000 1.0000 0.0013 0.0043 0.0140 0.0454 0.1470 0.4763 1.0000 1.0000 1.0000 1.0000 0.0019 0.0060 0.0195 0.0631 0.2043 0.6619 1.0000 1.0000 1.0000 0.0008 0.0026 0.0083 0.0270 0.0872 0.2845 1.0000 1.0000 1.0000 0.2845 0.0872 0.0270 0.0083 0.0026 0.0008 1.0000 1.0000 1.0000 0.6619 0.2043 0.0631 0.0195 0.0060 0.0019 1.0000 1.0000 1.0000 1.0000 0.4763 0.1470 0.0454 0.0140 0.0043 0.0013 1.0000 1.0000 1.0000 1.0000 0.3428 0.1058 0.0327 0.0101 0.0031 0.0010 1.0000 1.0000 1.0000 0.7810 0.2397 0.0736 0.0226 0.0069 0.0021 0.0007 1.0000 1.0000 1.0000 0.2955
0.9572 1.0000 1.0000 0.0007 0.0021 0.0069 0.0225 0.0732 0.2384 0.7765 1.0000 1.0000 1.0000 0.0010 0.0031 0.0101 0.0328 0.1064 0.3447 1.0000 1.0000 1.0000 1.0000 0.0013 0.0044 0.0141 0.0457 0.1479 0.4790 1.0000 1.0000 1.0000 1.0000 0.0019 0.0060 0.0196 0.0634 0.2055 0.6657 1.0000 1.0000 1.0000 0.0008 0.0026 0.0084 0.0272 0.0880 0.2839 0.9267 1.0000 1.0000 1.0000 0.9267 0.2839 0.0880 0.0272 0.0084 0.0026 0.0008 1.0000 1.0000 1.0000 0.6657 0.2055 0.0634 0.0196 0.0060 0.0019 1.0000 1.0000 1.0000 1.0000 0.4790 0.1479 0.0457 0.0141 0.0044 0.0013 1.0000 1.0000 1.0000 1.0000 0.3447 0.1064 0.0328 0.0101 0.0031 0.0010 1.0000 1.0000 1.0000 0.7765 0.2384 0.0732 0.0225 0.0069 0.0021 0.0007 1.0000 1.0000 0.9572
1.0000 1.0000 0.0006 0.0021 0.0069 0.0223 0.0728 0.2370 0.7721 1.0000 1.0000 1.0000 0.0010 0.0031 0.0101 0.0328 0.1068 0.3460 1.0000 1.0000 1.0000 1.0000 0.0014 0.0044 0.0142 0.0459 0.1487 0.4818 1.0000 1.0000 1.0000 1.0000 0.0019 0.0061 0.0197 0.0638 0.2067 0.6695 1.0000 1.0000 1.0000 0.0008 0.0026 0.0084 0.0273 0.0885 0.2867 0.9250 1.0000 1.0000 1.0000 1.0000 1.0000 0.9250 0.2867 0.0885 0.0273 0.0084 0.0026 0.0008 1.0000 1.0000 1.0000 0.6695 0.2067 0.0638 0.0197 0.0061 0.0019 1.0000 1.0000 1.0000 1.0000 0.4818 0.1487 0.0459 0.0142 0.0044 0.0014 1.0000 1.0000 1.0000 1.0000 0.3460 0.1068 0.0328 0.0101 0.0031 0.0010 1.0000 1.0000 1.0000 0.7721 0.2370 0.0728 0.0223 0.0069 0.0021 0.0006 1.0000 1.0000
1.0000 0.0007 0.0021 0.0068 0.0222 0.0723 0.2357 0.7677 1.0000 1.0000 1.0000 0.0009 0.0031 0.0100 0.0327 0.1064 0.3460 1.0000 1.0000 1.0000 1.0000 0.0014 0.0044 0.0143 0.0462 0.1496 0.4845 1.0000 1.0000 1.0000 1.0000 0.0019 0.0061 0.0198 0.0642 0.2079 0.6733 1.0000 1.0000 1.0000 0.0008 0.0026 0.0085 0.0275 0.0890 0.2883 0.9338 1.0000 1.0000 1.0000 0.0009 1.0000 1.0000 1.0000 0.9338 0.2883 0.0890 0.0275 0.0085 0.0026 0.0008 1.0000 1.0000 1.0000 0.6733 0.2079 0.0642 0.0198 0.0061 0.0019 1.0000 1.0000 1.0000 1.0000 0.4845 0.1496 0.0462 0.0143 0.0044 0.0014 1.0000 1.0000 1.0000 1.0000 0.3460 0.1064 0.0327 0.0100 0.0031 0.0009 1.0000 1.0000 1.0000 0.7677 0.2357 0.0723 0.0222 0.0068 0.0021 0.0007 1.0000
0.0004 0.0022 0.0067 0.0221 0.0719 0.2343 0.7633 1.0000 1.0000 1.0000 0.0009 0.0031 0.0100 0.0325 0.1058 0.3447 1.0000 1.0000 1.0000 1.0000 0.0014 0.0044 0.0143 0.0464 0.1504 0.4873 1.0000 1.0000 1.0000 1.0000 0.0019 0.0062 0.0199 0.0645 0.2090 0.6771 1.0000 1.0000 1.0000 0.0008 0.0026 0.0085 0.0276 0.0895 0.2899 0.9392 1.0000 1.0000 1.0000 0.0013 0.0030 0.0013 1.0000 1.0000 1.0000 0.9392 0.2899 0.0895 0.0276 0.0085 0.0026 0.0008 1.0000 1.0000 1.0000 0.6771 0.2090 0.0645 0.0199 0.0062 0.0019 1.0000 1.0000 1.0000 1.0000 0.4873 0.1504 0.0464 0.0143 0.0044 0.0014 1.0000 1.0000 1.0000 1.0000 0.3447 0.1058 0.0325 0.0100 0.0031 0.0009 1.0000 1.0000 1.0000 0.7633 0.2343 0.0719 0.0221 0.0067 0.0022 0.0004
0.0012 0.0073 0.0217 0.0717 0.2330 0.7590 1.0000 1.0000 1.0000 0.0009 0.0030 0.0099 0.0323 0.1052 0.3428 1.0000 1.0000 1.0000 1.0000 0.0014 0.0044 0.0144 0.0467 0.1513 0.4901 1.0000 1.0000 1.0000 1.0000 0.0019 0.0062 0.0200 0.0649 0.2102 0.6810 1.0000 1.0000 1.0000 0.0008 0.0026 0.0086 0.0278 0.0900 0.2916 0.9445 1.0000 1.0000 1.0000 0.0011 0.0043 0.0097 0.0043 0.0011 1.0000 1.0000 1.0000 0.9445 0.2916 0.0900 0.0278 0.0086 0.0026 0.0008 1.0000 1.0000 1.0000 0.6810 0.2102 0.0649 0.0200 0.0062 0.0019 1.0000 1.0000 1.0000 1.0000 0.4901 0.1513 0.0467 0.0144 0.0044 0.0014 1.0000 1.0000 1.0000 1.0000 0.3428 0.1052 0.0323 0.0099 0.0030 0.0009 1.0000 1.0000 1.0000 0.7590 0.2330 0.0717 0.0217 0.0073 0.0012
0.0037 0.0236 0.0703 0.2321 0.7547 1.0000 1.0000 1.0000 0.0009 0.0030 0.0099 0.0321 0.1046 0.3408 1.0000 1.0000 1.0000 1.0000 0.0014 0.0044 0.0145 0.0469 0.1522 0.4929 1.0000 1.0000 1.0000 1.0000 0.0019 0.0062 0.0202 0.0653 0.2114 0.6849 1.0000 1.0000 1.0000 0.0008 0.0027 0.0086 0.0280 0.0905 0.2933 0.9499 1.0000 1.0000 1.0000 0.0011 0.0037 0.0139 0.0315 0.0139 0.0037 0.0011 1.0000 1.0000 1.0000 0.9499 0.2933 0.0905 0.0280 0.0086 0.0027 0.0008 1.0000 1.0000 1.0000 0.6849 0.2114 0.0653 0.0202 0.0062 0.0019 1.0000 1.0000 1.0000 1.0000 0.4929 0.1522 0.0469 0.0145 0.0044 0.0014 1.0000 1.0000 1.0000 1.0000 0.3408 0.1046 0.0321 0.0099 0.0030 0.0009 1.0000 1.0000 1.0000 0.7547 0.2321 0.0703 0.0236 0.0037
0.0121 0.0764 0.2277 0.7518 1.0000 1.0000 1.0000 0.0009 0.0030 0.0098 0.0319 0.1040 0.3389 1.0000 1.0000 1.0000 1.0000 0.0014 0.0044 0.0144 0.0469 0.1527 0.4948 1.0000 1.0000 1.0000 1.0000 0.0019 0.0063 0.0203 0.0657 0.2127 0.6888 1.0000 1.0000 1.0000 0.0008 0.0027 0.0087 0.0281 0.0911 0.2949 0.9554 1.0000 1.0000 1.0000 0.0011 0.0037 0.0121 0.0452 0.1025 0.0452 0.0121 0.0037 0.0011 1.0000 1.0000 1.0000 0.9554 0.2949 0.0911 0.0281 0.0087 0.0027 0.0008 1.0000 1.0000 1.0000 0.6888 0.2127 0.0657 0.0203 0.0063 0.0019 1.0000 1.0000 1.0000 1.0000 0.4948 0.1527 0.0469 0.0144 0.0044 0.0014 1.0000 1.0000 1.0000 1.0000 0.3389 0.1040 0.0319 0.0098 0.0030 0.0009 1.0000 1.0000 1.0000 0.7518 0.2277 0.0764 0.0121
0.0391 0.2476 0.7376 1.0000 1.0000 1.0000 0.0009 0.0030 0.0097 0.0317 0.1034 0.3369 1.0000 1.0000 1.0000 1.0000 0.0014 0.0044 0.0143 0.0467 0.1522 0.4948 1.0000 1.0000 1.0000 1.0000 0.0019 0.0063 0.0204 0.0660 0.2139 0.6928 1.0000 1.0000 1.0000 0.0008 0.0027 0.0087 0.0283 0.0916 0.2966 0.9608 1.0000 1.0000 1.0000 0.0012 0.0037 0.0121 0.0394 0.1473 0.3344 0.1473 0.0394 0.0121 0.0037 0.0012 1.0000 1.0000 1.0000 0.9608 0.2966 0.0916 0.0283 0.0087 0.0027 0.0008 1.0000 1.0000 1.0000 0.6928 0.2139 0.0660 0.0204 0.0063 0.0019 1.0000 1.0000 1.0000 1.0000 0.4948 0.1522 0.0467 0.0143 0.0044 0.0014 1.0000 1.0000 1.0000 1.0000 0.3369 0.1034 0.0317 0.0097 0.0030 0.0009 1.0000 1.0000 1.0000 0.7376 0.2476 0.0391
0.1268 0.8020 1.0000 1.0000 1.0000 0.0009 0.0030 0.0097 0.0316 0.1028 0.3350 1.0000 1.0000 1.0000 1.0000 0.0013 0.0044 0.0143 0.0464 0.1513 0.4929 1.0000 1.0000 1.0000 1.0000 0.0020 0.0063 0.0205 0.0664 0.2151 0.6967 1.0000 1.0000 1.0000 0.0008 0.0027 0.0088 0.0284 0.0921 0.2983 0.9663 1.0000 1.0000 1.0000 0.0012 0.0038 0.0122 0.0394 0.1285 0.4799 1.0000 0.4799 0.1285 0.0394 0.0122 0.0038 0.0012 1.0000 1.0000 1.0000 0.9663 0.2983 0.0921 0.0284 0.0088 0.0027 0.0008 1.0000 1.0000 1.0000 0.6967 0.2151 0.0664 0.0205 0.0063 0.0020 1.0000 1.0000 1.0000 1.0000 0.4929 0.1513 0.0464 0.0143 0.0044 0.0013 1.0000 1.0000 1.0000 1.0000 0.3350 0.1028 0.0316 0.0097 0.0030 0.0009 1.0000 1.0000 1.0000 0.8020 0.1268
0.4106 1.0000 1.0000 1.0000 0.0009 0.0030 0.0096 0.0314 0.1023 0.3331 1.0000 1.0000 1.0000 1.0000 0.0013 0.0044 0.0142 0.0462 0.1504 0.4901 1.0000 1.0000 1.0000 1.0000 0.0020 0.0064 0.0206 0.0668 0.2163 0.7007 1.0000 1.0000 1.0000 0.0008 0.0027 0.0088 0.0286 0.0926 0.3000 0.9719 1.0000 1.0000 1.0000 0.0012 0.0038 0.0123 0.0397 0.1282 0.4185 1.0000 1.0000 1.0000 0.4185 0.1282 0.0397 0.0123 0.0038 0.0012 1.0000 1.0000 1.0000 0.9719 0.3000 0.0926 0.0286 0.0088 0.0027 0.0008 1.0000 1.0000 1.0000 0.7007 0.2163 0.0668 0.0206 0.0064 0.0020 1.0000 1.0000 1.0000 1.0000 0.4901 0.1504 0.0462 0.0142 0.0044 0.0013 1.0000 1.0000 1.0000 1.0000 0.3331 0.1023 0.0314 0.0096 0.0030 0.0009 1.0000 1.0000 1.0000 0.4106
1.0000 1.0000 1.0000 0.0009 0.0029 0.0096 0.0312 0.1017 0.3312 1.0000 1.0000 1.0000 1.0000 0.0013 0.0043 0.0141 0.0459 0.1496 0.4873 1.0000 1.0000 1.0000 1.0000 0.0020 0.0064 0.0207 0.0670 0.2176 0.7047 1.0000 1.0000 1.0000 0.0008 0.0027 0.0089 0.0288 0.0932 0.3018 0.9774 1.0000 1.0000 1.0000 0.0012 0.0038 0.0123 0.0400 0.1295 0.4177 1.0000 1.0000 1.0000 1.0000 1.0000 0.4177 0.1295 0.0400 0.0123 0.0038 0.0012 1.0000 1.0000 1.0000 0.9774 0.3018 0.0932 0.0288 0.0089 0.0027 0.0008 1.0000 1.0000 1.0000 0.7047 0.2176 0.0670 0.0207 0.0064 0.0020 1.0000 1.0000 1.0000 1.0000 0.4873 0.1496 0.0459 0.0141 0.0043 0.0013 1.0000 1.0000 1.0000 1.0000 0.3312 0.1017 0.0312 0.0096 0.0029 0.0009 1.0000 1.0000 1.0000
1.0000 1.0000 0.0009 0.0029 0.0095 0.0310 0.1011 0.3293 1.0000 1.0000 1.0000 1.0000 0.0013 0.0043 0.0140 0.0457 0.1487 0.4845 1.0000 1.0000 1.0000 1.0000 0.0019 0.0063 0.0206 0.0670 0.2184 0.7074 1.0000 1.0000 1.0000 0.0009 0.0028 0.0089 0.0289 0.0937 0.3035 0.9830 1.0000 1.0000 1.0000 0.0012 0.0038 0.0124 0.0402 0.1302 0.4217 1.0000 1.0000 1.0000 1.0000 1.0000 1.0000 1.0000 0.4217 0.1302 0.0402 0.0124 0.0038 0.0012 1.0000 1.0000 1.0000 0.9830 0.3035 0.0937 0.0289 0.0089 0.0028 0.0009 1.0000 1.0000 1.0000 0.7074 0.2184 0.0670 0.0206 0.0063 0.0019 1.0000 1.0000 1.0000 1.0000 0.4845 0.1487 0.0457 0.0140 0.0043 0.0013 1.0000 1.0000 1.0000 1.0000 0.3293 0.1011 0.0310 0.0095 0.0029 0.0009 1.0000 1.0000
1.0000 0.0010 0.0029 0.0095 0.0309 0.1005 0.3275 1.0000 1.0000 1.0000 1.0000 0.0013 0.0043 0.0139 0.0454 0.1479 0.4818 1.0000 1.0000 1.0000 1.0000 0.0019 0.0063 0.0205 0.0668 0.2176 0.7074 1.0000 1.0000 1.0000 0.0009 0.0028 0.0090 0.0291 0.0942 0.3052 0.9887 1.0000 1.0000 1.0000 0.0012 0.0039 0.0125 0.0404 0.1309 0.4241 1.0000 1.0000 1.0000 1.0000 0.0013 1.0000 1.0000 1.0000 1.0000 0.4241 0.1309 0.0404 0.0125 0.0039 0.0012 1.0000 1.0000 1.0000 0.9887 0.3052 0.0942 0.0291 0.0090 0.0028 0.0009 1.0000 1.0000 1.0000 0.7074 0.2176 0.0668 0.0205 0.0063 0.0019 1.0000 1.0000 1.0000 1.0000 0.4818 0.1479 0.0454 0.0139 0.0043 0.0013 1.0000 1.0000 1.0000 1.0000 0.3275 0.1005 0.0309 0.0095 0.0029 0.0010 1.0000
0.0005 0.0031 0.0093 0.0307 0.0999 0.3256 1.0000 1.0000 1.0000 1.0000 0.0013 0.0043 0.0139 0.0451 0.1470 0.4790 1.0000 1.0000 1.0000 1.0000 0.0019 0.0063 0.0204 0.0664 0.2163 0.7047 1.0000 1.0000 1.0000 0.0009 0.0028 0.0090 0.0293 0.0948 0.3070 0.9943 1.0000 1.0000 1.0000 0.0012 0.0039 0.0126 0.0407 0.1317 0.4266 1.0000 1.0000 1.0000 1.0000 0.0019 0.0044 0.0019 1.0000 1.0000 1.0000 1.0000 0.4266 0.1317 0.0407 0.0126 0.0039 0.0012 1.0000 1.0000 1.0000 0.9943 0.3070 0.0948 0.0293 0.0090 0.0028 0.0009 1.0000 1.0000 1.0000 0.7047 0.2163 0.0664 0.0204 0.0063 0.0019 1.0000 1.0000 1.0000 1.0000 0.4790 0.1470 0.0451 0.0139 0.0043 0.0013 1.0000 1.0000 1.0000 1.0000 0.3256 0.0999 0.0307 0.0093 0.0031 0.0005
0.0016 0.0101 0.0302 0.0996 0.3238 1.0000 1.0000 1.0000 1.0000 0.0013 0.0042 0.0138 0.0449 0.1462 0.4763 1.0000 1.0000 1.0000 1.0000 0.0019 0.0062 0.0203 0.0660 0.2151 0.7007 1.0000 1.0000 1.0000 0.0009 0.0028 0.0091 0.0294 0.0953 0.3087 1.0000 1.0000 1.0000 1.0000 0.0012 0.0039 0.0126 0.0409 0.1324 0.4290 1.0000 1.0000 1.0000 1.0000 0.0017 0.0063 0.0142 0.0063 0.0017 1.0000 1.0000 1.0000 1.0000 0.4290 0.1324 0.0409 0.0126 0.0039 0.0012 1.0000 1.0000 1.0000 1.0000 0.3087 0.0953 0.0294 0.0091 0.0028 0.0009 1.0000 1.0000 1.0000 0.7007 0.2151 0.0660 0.0203 0.0062 0.0019 1.0000 1.0000 1.0000 1.0000 0.4763 0.1462 0.0449 0.0138 0.0042 0.0013 1.0000 1.0000 1.0000 1.0000 0.3238 0.0996 0.0302 0.0101 0.0016
0.0052 0.0328 0.0977 0.3225 1.0000 1.0000 1.0000 1.0000 0.0013 0.0042 0.0137 0.0446 0.1454 0.4736 1.0000 1.0000 1.0000 1.0000 0.0019 0.0062 0.0202 0.0657 0.2139 0.6967 1.0000 1.0000 1.0000 0.0009 0.0028 0.0091 0.0295 0.0957 0.3105 1.0000 1.0000 1.0000 1.0000 0.0012 0.0039 0.0127 0.0411 0.1332 0.4315 1.0000 1.0000 1.0000 1.0000 0.0017 0.0055 0.0204 0.0464 0.0204 0.0055 0.0017 1.0000 1.0000 1.0000 1.0000 0.4315 0.1332 0.0411 0.0127 0.0039 0.0012 1.0000 1.0000 1.0000 1.0000 0.3105 0.0957 0.0295 0.0091 0.0028 0.0009 1.0000 1.0000 1.0000 0.6967 0.2139 0.0657 0.0202 0.0062 0.0019 1.0000 1.0000 1.0000 1.0000 0.4736 0.1454 0.0446 0.0137 0.0042 0.0013 1.0000 1.0000 1.0000 1.0000 0.3225 0.0977 0.0328 0.0052
0.0168 0.1062 0.3164 1.0000 1.0000 1.0000 1.0000 0.0013 0.0042 0.0136 0.0444 0.1445 0.4709 1.0000 1.0000 1.0000 1.0000 0.0019 0.0062 0.0200 0.0653 0.2127 0.6928 1.0000 1.0000 1.0000 0.0009 0.0028 0.0090 0.0294 0.0957 0.3117 1.0000 1.0000 1.0000 1.0000 0.0012 0.0039 0.0128 0.0414 0.1340 0.4339 1.0000 1.0000 1.0000 1.0000 0.0017 0.0055 0.0178 0.0665 0.1507 0.0665 0.0178 0.0055 0.0017 1.0000 1.0000 1.0000 1.0000 0.4339 0.1340 0.0414 0.0128 0.0039 0.0012 1.0000 1.0000 1.0000 1.0000 0.3117 0.0957 0.0294 0.0090 0.0028 0.0009 1.0000 1.0000 1.0000 0.6928 0.2127 0.0653 0.0200 0.0062 0.0019 1.0000 1.0000 1.0000 1.0000 0.4709 0.1445 0.0444 0.0136 0.0042 0.0013 1.0000 1.0000 1.0000 1.0000 0.3164 0.1062 0.0168
0.0544 0.3441 1.0000 1.0000 1.0000 1.0000 0.0013 0.0042 0.0135 0.0441 0.1437 0.4682 1.0000 1.0000 1.0000 1.0000 0.0019 0.0061 0.0199 0.0649 0.2114 0.6888 1.0000 1.0000 1.0000 0.0008 0.0028 0.0090 0.0293 0.0953 0.3105 1.0000 1.0000 1.0000 1.0000 0.0012 0.0040 0.0128 0.0416 0.1347 0.4364 1.0000 1.0000 1.0000 1.0000 0.0017 0.0055 0.0178 0.0580 0.2167 0.4920 0.2167 0.0580 0.0178 0.0055 0.0017 1.0000 1.0000 1.0000 1.0000 0.4364 0.1347 0.0416 0.0128 0.0040 0.0012 1.0000 1.0000 1.0000 1.0000 0.3105 0.0953 0.0293 0.0090 0.0028 0.0008 1.0000 1.0000 1.0000 0.6888 0.2114 0.0649 0.0199 0.0061 0.0019 1.0000 1.0000 1.0000 1.0000 0.4682 0.1437 0.0441 0.0135 0.0042 0.0013 1.0000 1.0000 1.0000 1.0000 0.3441 0.0544
0.1762 1.0000 1.0000 1.0000 1.0000 0.0013 0.0041 0.0135 0.0439 0.1429 0.4656 1.0000 1.0000 1.0000 1.0000 0.0019 0.0061 0.0198 0.0645 0.2102 0.6849 1.0000 1.0000 1.0000 0.0008 0.0027 0.0089 0.0291 0.0948 0.3087 1.0000 1.0000 1.0000 1.0000 0.0012 0.0040 0.0129 0.0418 0.1355 0.4389 1.0000 1.0000 1.0000 1.0000 0.0017 0.0055 0.0179 0.0579 0.1890 0.7061 1.0000 0.7061 0.1890 0.0579 0.0179 0.0055 0.0017 1.0000 1.0000 1.0000 1.0000 0.4389 0.1355 0.0418 0.0129 0.0040 0.0012 1.0000 1.0000 1.0000 1.0000 0.3087 0.0948 0.0291 0.0089 0.0027 0.0008 1.0000 1.0000 1.0000 0.6849 0.2102 0.0645 0.0198 0.0061 0.0019 1.0000 1.0000 1.0000 1.0000 0.4656 0.1429 0.0439 0.0135 0.0041 0.0013 1.0000 1.0000 1.0000 1.0000 0.1762
0.5706 1.0000 1.0000 1.0000 0.0013 0.0041 0.0134 0.0436 0.1421 0.4629 1.0000 1.0000 1.0000 1.0000 0.0019 0.0060 0.0197 0.0642 0.2090 0.6810 1.0000 1.0000 1.0000 0.0008 0.0027 0.0089 0.0289 0.0942 0.3070 1.0000 1.0000 1.0000 1.0000 0.0012 0.0040 0.0130 0.0421 0.1363 0.4414 1.0000 1.0000 1.0000 1.0000 0.0017 0.0056 0.0180 0.0585 0.1886 0.6157 1.0000 1.0000 1.0000 0.6157 0.1886 0.0585 0.0180 0.0056 0.0017 1.0000 1.0000 1.0000 1.0000 0.4414 0.1363 0.0421 0.0130 0.0040 0.0012 1.0000 1.0000 1.0000 1.0000 0.3070 0.0942 0.0289 0.0089 0.0027 0.0008 1.0000 1.0000 1.0000 0.6810 0.2090 0.0642 0.0197 0.0060 0.0019 1.0000 1.0000 1.0000 1.0000 0.4629 0.1421 0.0436 0.0134 0.0041 0.0013 1.0000 1.0000 1.0000 0.5706
1.0000 1.0000 1.0000 0.0013 0.0041 0.0133 0.0434 0.1413 0.4603 1.0000 1.0000 1.0000 1.0000 0.0018 0.0060 0.0196 0.0638 0.2079 0.6771 1.0000 1.0000 1.0000 0.0008 0.0027 0.0088 0.0288 0.0937 0.3052 0.9943 1.0000 1.0000 1.0000 0.0012 0.0040 0.0130 0.0422 0.1368 0.4439 1.0000 1.0000 1.0000 1.0000 0.0017 0.0056 0.0182 0.0588 0.1904 0.6146 1.0000 1.0000 1.0000 1.0000 1.0000 0.6146 0.1904 0.0588 0.0182 0.0056 0.0017 1.0000 1.0000 1.0000 1.0000 0.4439 0.1368 0.0422 0.0130 0.0040 0.0012 1.0000 1.0000 1.0000 0.9943 0.3052 0.0937 0.0288 0.0088 0.0027 0.0008 1.0000 1.0000 1.0000 0.6771 0.2079 0.0638 0.0196 0.0060 0.0018 1.0000 1.0000 1.0000 1.0000 0.4603 0.1413 0.0434 0.0133 0.0041 0.0013 1.0000 1.0000 1.0000
1.0000 1.0000 0.0012 0.0041 0.0132 0.0431 0.1405 0.4577 1.0000 1.0000 1.0000 1.0000 0.0018 0.0060 0.0195 0.0634 0.2067 0.6733 1.0000 1.0000 1.0000 0.0008 0.0027 0.0088 0.0286 0.0932 0.3035 0.9887 1.0000 1.0000 1.0000 0.0012 0.0040 0.0129 0.0421 0.1368 0.4456 1.0000 1.0000 1.0000 1.0000 0.0017 0.0056 0.0183 0.0591 0.1915 0.6204 1.0000 1.0000 1.0000 1.0000 1.0000 1.0000 1.0000 0.6204 0.1915 0.0591 0.0183 0.0056 0.0017 1.0000 1.0000 1.0000 1.0000 0.4456 0.1368 0.0421 0.0129 0.0040 0.0012 1.0000 1.0000 1.0000 0.9887 0.3035 0.0932 0.0286 0.0088 0.0027 0.0008 1.0000 1.0000 1.0000 0.6733 0.2067 0.0634 0.0195 0.0060 0.0018 1.0000 1.0000 1.0000 1.0000 0.4577 0.1405 0.0431 0.0132 0.0041 0.0012 1.0000 1.0000
1.0000 0.0013 0.0040 0.0132 0.0429 0.1397 0.4550 1.0000 1.0000 1.0000 1.0000 0.0018 0.0059 0.0194 0.0631 0.2055 0.6695 1.0000 1.0000 1.0000 0.0008 0.0027 0.0087 0.0284 0.0926 0.3018 0.9830 1.0000 1.0000 1.0000 0.0012 0.0039 0.0128 0.0418 0.1363 0.4439 1.0000 1.0000 1.0000 1.0000 0.0017 0.0057 0.0184 0.0595 0.1926 0.6240 1.0000 1.0000 1.0000 0.0009 0.0020 0.0009 1.0000 1.0000 1.0000 0.6240 0.1926 0.0595 0.0184 0.0057 0.0017 1.0000 1.0000 1.0000 1.0000 0.4439 0.1363 0.0418 0.0128 0.0039 0.0012 1.0000 1.0000 1.0000 0.9830 0.3018 0.0926 0.0284 0.0087 0.0027 0.0008 1.0000 1.0000 1.0000 0.6695 0.2055 0.0631 0.0194 0.0059 0.0018 1.0000 1.0000 1.0000 1.0000 0.4550 0.1397 0.0429 0.0132 0.0040 0.0013 1.0000
0.0007 0.0043 0.0129 0.0427 0.1389 0.4525 1.0000 1.0000 1.0000 1.0000 0.0018 0.0059 0.0193 0.0627 0.2043 0.6657 1.0000 1.0000 1.0000 0.0008 0.0027 0.0087 0.0283 0.0921 0.3000 0.9774 1.0000 1.0000 1.0000 0.0012 0.0039 0.0128 0.0416 0.1355 0.4414 1.0000 1.0000 1.0000 1.0000 0.0018 0.0057 0.0185 0.0598 0.1937 0.6275 1.0000 1.0000 1.0000 0.0008 0.0028 0.0064 0.0028 0.0008 1.0000 1.0000 1.0000 0.6275 0.1937 0.0598 0.0185 0.0057 0.0018 1.0000 1.0000 1.0000 1.0000 0.4414 0.1355 0.0416 0.0128 0.0039 0.0012 1.0000 1.0000 1.0000 0.9774 0.3000 0.0921 0.0283 0.0087 0.0027 0.0008 1.0000 1.0000 1.0000 0.6657 0.2043 0.0627 0.0193 0.0059 0.0018 1.0000 1.0000 1.0000 1.0000 0.4525 0.1389 0.0427 0.0129 0.0043 0.0007
0.0022 0.0141 0.0419 0.1384 0.4499 1.0000 1.0000 1.0000 1.0000 0.0018 0.0059 0.0191 0.0624 0.2032 0.6619 1.0000 1.0000 1.0000 0.0008 0.0026 0.0086 0.0281 0.0916 0.2983 0.9719 1.0000 1.0000 1.0000 0.0012 0.0039 0.0127 0.0414 0.1347 0.4389 1.0000 1.0000 1.0000 1.0000 0.0018 0.0057 0.0185 0.0602 0.1948 0.6311 1.0000 1.0000 1.0000 0.0008 0.0025 0.0092 0.0209 0.0092 0.0025 0.0008 1.0000 1.0000 1.0000 0.6311 0.1948 0.0602 0.0185 0.0057 0.0018 1.0000 1.0000 1.0000 1.0000 0.4389 0.1347 0.0414 0.0127 0.0039 0.0012 1.0000 1.0000 1.0000 0.9719 0.2983 0.0916 0.0281 0.0086 0.0026 0.0008 1.0000 1.0000 1.0000 0.6619 0.2032 0.0624 0.0191 0.0059 0.0018 1.0000 1.0000 1.0000 1.0000 0.4499 0.1384 0.0419 0.0141 0.0022
0.0072 0.0456 0.1358 0.4482 1.0000 1.0000 1.0000 1.0000 0.0018 0.0058 0.0190 0.0620 0.2020 0.6581 1.0000 1.0000 1.0000 0.0008 0.0026 0.0086 0.0280 0.0911 0.2966 0.9663 1.0000 1.0000 1.0000 0.0012 0.0039 0.0126 0.0411 0.1340 0.4364 1.0000 1.0000 1.0000 1.0000 0.0017 0.0057 0.0185 0.0604 0.1956 0.6347 1.0000 1.0000 1.0000 0.0008 0.0025 0.0080 0.0300 0.0682 0.0300 0.0080 0.0025 0.0008 1.0000 1.0000 1.0000 0.6347 0.1956 0.0604 0.0185 0.0057 0.0017 1.0000 1.0000 1.0000 1.0000 0.4364 0.1340 0.0411 0.0126 0.0039 0.0012 1.0000 1.0000 1.0000 0.9663 0.2966 0.0911 0.0280 0.0086 0.0026 0.0008 1.0000 1.0000 1.0000 0.6581 0.2020 0.0620 0.0190 0.0058 0.0018 1.0000 1.0000 1.0000 1.0000 0.4482 0.1358 0.0456 0.0072
0.0233 0.1476 0.4397 1.0000 1.0000 1.0000 1.0000 0.0018 0.0058 0.0189 0.0617 0.2009 0.6544 1.0000 1.0000 1.0000 0.0008 0.0026 0.0085 0.0278 0.0905 0.2949 0.9608 1.0000 1.0000 1.0000 0.0012 0.0039 0.0126 0.0409 0.1332 0.4339 1.0000 1.0000 1.0000 1.0000 0.0017 0.0057 0.0185 0.0602 0.1956 0.6372 1.0000 1.0000 1.0000 0.0008 0.0025 0.0080 0.0262 0.0979 0.2217 0.0979 0.0262 0.0080 0.0025 0.0008 1.0000 1.0000 1.0000 0.6372 0.1956 0.0602 0.0185 0.0057 0.0017 1.0000 1.0000 1.0000 1.0000 0.4339 0.1332 0.0409 0.0126 0.0039 0.0012 1.0000 1.0000 1.0000 0.9608 0.2949 0.0905 0.0278 0.0085 0.0026 0.0008 1.0000 1.0000 1.0000 0.6544 0.2009 0.0617 0.0189 0.0058 0.0018 1.0000 1.0000 1.0000 1.0000 0.4397 0.1476 0.0233
0.0756 0.4781 1.0000 1.0000 1.0000 1.0000 0.0018 0.0058 0.0188 0.0613 0.1997 0.6506 1.0000 1.0000 1.0000 0.0008 0.0026 0.0085 0.0276 0.0900 0.2933 0.9554 1.0000 1.0000 1.0000 0.0012 0.0038 0.0125 0.0407 0.1324 0.4315 1.0000 1.0000 1.0000 1.0000 0.0017 0.0056 0.0184 0.0598 0.1948 0.6347 1.0000 1.0000 1.0000 0.0008 0.0025 0.0081 0.0262 0.0854 0.3189 0.7238 0.3189 0.0854 0.0262 0.0081 0.0025 0.0008 1.0000 1.0000 1.0000 0.6347 0.1948 0.0598 0.0184 0.0056 0.0017 1.0000 1.0000 1.0000 1.0000 0.4315 0.1324 0.0407 0.0125 0.0038 0.0012 1.0000 1.0000 1.0000 0.9554 0.2933 0.0900 0.0276 0.0085 0.0026 0.0008 1.0000 1.0000 1.0000 0.6506 0.1997 0.0613 0.0188 0.0058 0.0018 1.0000 1.0000 1.0000 1.0000 0.4781 0.0756
0.2448 1.0000 1.0000 1.0000 1.0000 0.0018 0.0057 0.0187 0.0610 0.1986 0.6469 1.0000 1.0000 1.0000 0.0008 0.0026 0.0084 0.0275 0.0895 0.2916 0.9499 1.0000 1.0000 1.0000 0.0012 0.0038 0.0124 0.0404 0.1317 0.4290 1.0000 1.0000 1.0000 1.0000 0.0017 0.0056 0.0183 0.0595 0.1937 0.6311 1.0000 1.0000 1.0000 0.0008 0.0025 0.0082 0.0264 0.0852 0.2781 1.0000 1.0000 1.0000 0.2781 0.0852 0.0264 0.0082 0.0025 0.0008 1.0000 1.0000 1.0000 0.6311 0.1937 0.0595 0.0183 0.0056 0.0017 1.0000 1.0000 1.0000 1.0000 0.4290 0.1317 0.0404 0.0124 0.0038 0.0012 1.0000 1.0000 1.0000 0.9499 0.2916 0.0895 0.0275 0.0084 0.0026 0.0008 1.0000 1.0000 1.0000 0.6469 0.1986 0.0610 0.0187 0.0057 0.0018 1.0000 1.0000 1.0000 1.0000 0.2448
0.7929 1.0000 1.0000 1.0000 0.0018 0.0057 0.0186 0.0606 0.1975 0.6433 1.0000 1.0000 1.0000 0.0008 0.0026 0.0084 0.0273 0.0890 0.2899 0.9445 1.0000 1.0000 1.0000 0.0012 0.0038 0.0123 0.0402 0.1309 0.4266 1.0000 1.0000 1.0000 1.0000 0.0017 0.0056 0.0182 0.0591 0.1926 0.6275 1.0000 1.0000 1.0000 0.0008 0.0025 0.0082 0.0265 0.0860 0.2775 0.9058 1.0000 1.0000 1.0000 0.9058 0.2775 0.0860 0.0265 0.0082 0.0025 0.0008 1.0000 1.0000 1.0000 0.6275 0.1926 0.0591 0.0182 0.0056 0.0017 1.0000 1.0000 1.0000 1.0000 0.4266 0.1309 0.0402 0.0123 0.0038 0.0012 1.0000 1.0000 1.0000 0.9445 0.2899 0.0890 0.0273 0.0084 0.0026 0.0008 1.0000 1.0000 1.0000 0.6433 0.1975 0.0606 0.0186 0.0057 0.0018 1.0000 1.0000 1.0000 0.7929
1.0000 1.0000 1.0000 0.0017 0.0057 0.0185 0.0603 0.1963 0.6396 1.0000 1.0000 1.0000 0.0008 0.0026 0.0083 0.0272 0.0885 0.2883 0.9392 1.0000 1.0000 1.0000 0.0012 0.0038 0.0123 0.0400 0.1302 0.4241 1.0000 1.0000 1.0000 1.0000 0.0017 0.0055 0.0180 0.0588 0.1915 0.6240 1.0000 1.0000 1.0000 0.0008 0.0025 0.0082 0.0265 0.0863 0.2797 0.9041 1.0000 1.0000 1.0000 1.0000 1.0000 0.9041 0.2797 0.0863 0.0265 0.0082 0.0025 0.0008 1.0000 1.0000 1.0000 0.6240 0.1915 0.0588 0.0180 0.0055 0.0017 1.0000 1.0000 1.0000 1.0000 0.4241 0.1302 0.0400 0.0123 0.0038 0.0012 1.0000 1.0000 1.0000 0.9392 0.2883 0.0885 0.0272 0.0083 0.0026 0.0008 1.0000 1.0000 1.0000 0.6396 0.1963 0.0603 0.0185 0.0057 0.0017 1.0000 1.0000 1.0000
1.0000 1.0000 0.0017 0.0057 0.0184 0.0599 0.1952 0.6360 1.0000 1.0000 1.0000 0.0008 0.0025 0.0083 0.0270 0.0880 0.2867 0.9338 1.0000 1.0000 1.0000 0.0011 0.0037 0.0122 0.0397 0.1295 0.4217 1.0000 1.0000 1.0000 1.0000 0.0017 0.0055 0.0179 0.0585 0.1904 0.6204 1.0000 1.0000 1.0000 0.0008 0.0025 0.0081 0.0264 0.0860 0.2797 0.9110 1.0000 1.0000 1.0000 0.0009 1.0000 1.0000 1.0000 0.9110 0.2797 0.0860 0.0264 0.0081 0.0025 0.0008 1.0000 1.0000 1.0000 0.6204 0.1904 0.0585 0.0179 0.0055 0.0017 1.0000 1.0000 1.0000 1.0000 0.4217 0.1295 0.0397 0.0122 0.0037 0.0011 1.0000 1.0000 1.0000 0.9338 0.2867 0.0880 0.0270 0.0083 0.0025 0.0008 1.0000 1.0000 1.0000 0.6360 0.1952 0.0599 0.0184 0.0057 0.0017 1.0000 1.0000
1.0000 0.0019 0.0056 0.0183 0.0596 0.1941 0.6323 1.0000 1.0000 1.0000 0.0008 0.0025 0.0082 0.0269 0.0875 0.2850 0.9285 1.0000 1.0000 1.0000 0.0011 0.0037 0.0121 0.0395 0.1287 0.4193 1.0000 1.0000 1.0000 1.0000 0.0017 0.0055 0.0178 0.0581 0.1894 0.6169 1.0000 1.0000 1.0000 0.0008 0.0025 0.0081 0.0263 0.0855 0.2786 0.9076 1.0000 1.0000 1.0000 0.0013 0.0029 0.0013 1.0000 1.0000 1.0000 0.9041 0.2775 0.0852 0.0262 0.0080 0.0025 0.0008 1.0000 1.0000 1.0000 0.6146 0.1886 0.0579 0.0178 0.0055 0.0017 1.0000 1.0000 1.0000 1.0000 0.4177 0.1282 0.0394 0.0121 0.0037 0.0011 1.0000 1.0000 1.0000 0.9250 0.2839 0.0872 0.0268 0.0082 0.0025 0.0008 1.0000 1.0000 1.0000 0.6287 0.1934 0.0592 0.0182 0.0055 0.0019 1.0000
0.0010 0.0060 0.0180 0.0594 0.1930 0.6287 1.0000 1.0000 1.0000 0.0008 0.0025 0.0082 0.0267 0.0870 0.2834 0.9232 1.0000 1.0000 1.0000 0.0011 0.0037 0.0121 0.0393 0.1280 0.4169 1.0000 1.0000 1.0000 1.0000 0.0017 0.0054 0.0177 0.0578 0.1883 0.6134 1.0000 1.0000 1.0000 0.0008 0.0025 0.0080 0.0261 0.0850 0.2770 0.9024 1.0000 1.0000 1.0000 0.0011 0.0041 0.0094 0.0042 0.0011 1.0000 1.0000 1.0000 0.9058 0.2781 0.0854 0.0262 0.0080 0.0025 0.0008 1.0000 1.0000 1.0000 0.6157 0.1890 0.0580 0.0178 0.0055 0.0017 1.0000 1.0000 1.0000 1.0000 0.4185 0.1285 0.0394 0.0121 0.0037 0.0011 1.0000 1.0000 1.0000 0.9267 0.2845 0.0873 0.0268 0.0082 0.0025 0.0008 1.0000 1.0000 1.0000 0.6311 0.1937 0.0595 0.0181 0.0061 0.0010
0.0031 0.0195 0.0582 0.1923 0.6252 1.0000 1.0000 1.0000 0.0008 0.0025 0.0082 0.0266 0.0865 0.2818 0.9180 1.0000 1.0000 1.0000 0.0011 0.0037 0.0120 0.0391 0.1273 0.4146 1.0000 1.0000 1.0000 1.0000 0.0017 0.0054 0.0176 0.0575 0.1872 0.6099 1.0000 1.0000 1.0000 0.0008 0.0024 0.0080 0.0260 0.0845 0.2754 0.8973 1.0000 1.0000 1.0000 0.0011 0.0036 0.0134 0.0326 0.0163 0.0043 0.0013 1.0000 1.0000 1.0000 1.0000 0.3189 0.0979 0.0300 0.0092 0.0028 0.0009 1.0000 1.0000 1.0000 0.7061 0.2167 0.0665 0.0204 0.0063 0.0019 1.0000 1.0000 1.0000 1.0000 0.4799 0.1473 0.0452 0.0139 0.0043 0.0013 1.0000 1.0000 1.0000 1.0000 0.3262 0.1001 0.0307 0.0094 0.0029 0.0009 1.0000 1.0000 1.0000 0.7238 0.2226 0.0674 0.0228 0.0036
0.0100 0.0633 0.1886 0.6228 1.0000 1.0000 1.0000 0.0008 0.0025 0.0081 0.0264 0.0860 0.2802 0.9128 1.0000 1.0000 1.0000 0.0011 0.0037 0.0119 0.0388 0.1265 0.4122 1.0000 1.0000 1.0000 1.0000 0.0017 0.0054 0.0175 0.0571 0.1862 0.6064 1.0000 1.0000 1.0000 0.0007 0.0024 0.0079 0.0258 0.0841 0.2739 0.8922 1.0000 1.0000 1.0000 0.0011 0.0036 0.0116 0.0489 0.0937 0.0242 0.0095 0.0029 0.0009 1.0000 1.0000 1.0000 0.7238 0.2217 0.0682 0.0209 0.0064 0.0020 1.0000 1.0000 1.0000 1.0000 0.4920 0.1507 0.0464 0.0142 0.0044 0.0013 1.0000 1.0000 1.0000 1.0000 0.3344 0.1025 0.0315 0.0097 0.0030 0.0009 1.0000 1.0000 1.0000 0.7391 0.2273 0.0696 0.0214 0.0066 0.0020 1.0000 1.0000 1.0000 1.0000 0.5052 0.1536 0.0519 0.0087
0.0324 0.2043 0.6111 1.0000 1.0000 1.0000 0.0008 0.0025 0.0081 0.0263 0.0855 0.2786 0.9076 1.0000 1.0000 1.0000 0.0011 0.0036 0.0119 0.0386 0.1258 0.4099 1.0000 1.0000 1.0000 1.0000 0.0016 0.0054 0.0174 0.0568 0.1851 0.6030 1.0000 1.0000 1.0000 0.0007 0.0024 0.0079 0.0257 0.0836 0.2723 0.8871 1.0000 1.0000 1.0000 0.0011 0.0036 0.0115 0.0397 0.1560 0.0562 0.0036 0.0040 0.0013 1.0000 1.0000 1.0000 1.0000 0.3189 0.0979 0.0300 0.0092 0.0028 0.0009 1.0000 1.0000 1.0000 0.7061 0.2167 0.0665 0.0204 0.0063 0.0019 1.0000 1.0000 1.0000 1.0000 0.4799 0.1473 0.0452 0.0139 0.0043 0.0013 1.0000 1.0000 1.0000 1.0000 0.3262 0.1001 0.0307 0.0094 0.0029 0.0009 1.0000 1.0000 1.0000 0.7238 0.2226 0.0674 0.0228 0.0036
0.1042 0.6594 1.0000 1.0000 1.0000 0.0008 0.0024 0.0080 0.0260 0.0845 0.2754 0.8973 1.0000 1.0000 1.0000 0.0011 0.0036 0.0117 0.0382 0.1244 0.4052 1.0000 1.0000 1.0000 1.0000 0.0016 0.0053 0.0172 0.0562 0.1830 0.5961 1.0000 1.0000 1.0000 0.0007 0.0024 0.0078 0.0254 0.0826 0.2692 0.8770 1.0000 1.0000 1.0000 0.0011 0.0035 0.0115 0.0372 0.1261 0.4217 0.6041 1.0000 0.0012 1.0000 1.0000 1.0000 0.9058 0.2781 0.0854 0.0262 0.0080 0.0025 0.0008 1.0000 1.0000 1.0000 0.6157 0.1890 0.0580 0.0178 0.0055 0.0017 1.0000 1.0000 1.0000 1.0000 0.4185 0.1285 0.0394 0.0121 0.0037 0.0011 1.0000 1.0000 1.0000 0.9267 0.2845 0.0873 0.0268 0.0082 0.0025 0.0008 1.0000 1.0000 1.0000 0.6311 0.1937 0.0595 0.0181 0.0061 0.0010
0.3480 1.0000 1.0000 1.0000 0.0008 0.0025 0.0080 0.0262 0.0854 0.2781 0.9058 1.0000 1.0000 1.0000 0.0011 0.0036 0.0118 0.0385 0.1256 0.4091 1.0000 1.0000 1.0000 1.0000 0.0016 0.0053 0.0174 0.0566 0.1844 0.6007 1.0000 1.0000 1.0000 0.0007 0.0024 0.0078 0.0256 0.0833 0.2713 0.8837 1.0000 1.0000 1.0000 0.0011 0.0035 0.0115 0.0375 0.1225 0.4099 1.0000 1.0000 1.0000 1.0000 1.0000 1.0000 0.9041 0.2775 0.0852 0.0262 0.0080 0.0025 0.0008 1.0000 1.0000 1.0000 0.6146 0.1886 0.0579 0.0178 0.0055 0.0017 1.0000 1.0000 1.0000 1.0000 0.4177 0.1282 0.0394 0.0121 0.0037 0.0011 1.0000 1.0000 1.0000 0.9250 0.2839 0.0872 0.0268 0.0082 0.0025 0.0008 1.0000 1.0000 1.0000 0.6287 0.1934 0.0592 0.0182 0.0055 0.0019 1.0000
1.0000 1.0000 1.0000 0.0009 0.0029 0.0095 0.0310 0.1009 0.3287 1.0000 1.0000 1.0000 1.0000 0.0013 0.0043 0.0140 0.0456 0.1484 0.4836 1.0000 1.0000 1.0000 1.0000 0.0019 0.0063 0.0205 0.0669 0.2180 0.7101 1.0000 1.0000 1.0000 0.0009 0.0028 0.0093 0.0302 0.0984 0.3207 1.0000 1.0000 1.0000 1.0000 0.0013 0.0042 0.0136 0.0445 0.1451 0.4727 1.0000 1.0000 1.0000 1.0000 1.0000 1.0000 0.9093 0.2802 0.0860 0.0264 0.0081 0.0025 0.0008 1.0000 1.0000 1.0000 0.6204 0.1904 0.0585 0.0179 0.0055 0.0017 1.0000 1.0000 1.0000 1.0000 0.4217 0.1295 0.0397 0.0122 0.0037 0.0011 1.0000 1.0000 1.0000 0.9338 0.2867 0.0880 0.0270 0.0083 0.0025 0.0008 1.0000 1.0000 1.0000 0.6360 0.1952 0.0599 0.0184 0.0057 0.0017 1.0000 1.0000
1.0000 1.0000 1.0000 0.0017 0.0054 0.0177 0.0576 0.1876 0.6111 1.0000 1.0000 1.0000 1.0000 0.0025 0.0080 0.0260 0.0847 0.2760 0.8990 1.0000 1.0000 1.0000 0.0011 0.0036 0.0117 0.0382 0.1244 0.4052 1.0000 1.0000 1.0000 1.0000 0.0016 0.0053 0.0172 0.0562 0.1830 0.5961 1.0000 1.0000 1.0000 1.0000 0.0024 0.0078 0.0253 0.0825 0.2677 0.8687 1.0000 1.0000 1.0000 1.0000 1.0000 0.8990 0.2802 0.0863 0.0265 0.0082 0.0025 0.0008 1.0000 1.0000 1.0000 0.6240 0.1915 0.0588 0.0180 0.0055 0.0017 1.0000 1.0000 1.0000 1.0000 0.4241 0.1302 0.0400 0.0123 0.0038 0.0012 1.0000 1.0000 1.0000 0.9392 0.2883 0.0885 0.0272 0.0083 0.0026 0.0008 1.0000 1.0000 1.0000 0.6396 0.1963 0.0603 0.0185 0.0057 0.0017 1.0000 1.0000 1.0000
