0.4533 1.0000 1.0000 1.0000 0.0010 0.0033 0.0108 0.0349 0.1131 0.3664 1.0000 1.0000 1.0000 0.0004 0.0014 0.0046 0.0150 0.0485 0.1572 0.5091 1.0000 1.0000 1.0000 0.0006 0.0020 0.0064 0.0208 0.0673 0.2180 0.7061 1.0000 1.0000 1.0000 0.0008 0.0028 0.0089 0.0289 0.0935 0.3029 0.9812 1.0000 1.0000 0.0004 0.0012 0.0038 0.0124 0.0401 0.1295 0.4266 1.0000 1.0000 1.0000 0.4266 0.1295 0.0401 0.0124 0.0038 0.0012 0.0004 1.0000 1.0000 0.9812 0.3029 0.0935 0.0289 0.0089 0.0028 0.0008 1.0000 1.0000 1.0000 0.7061 0.2180 0.0673 0.0208 0.0064 0.0020 0.0006 1.0000 1.0000 1.0000 0.5091 0.1572 0.0485 0.0150 0.0046 0.0014 0.0004 1.0000 1.0000 1.0000 0.3664 0.1131 0.0349 0.0108 0.0033 0.0010 1.0000 1.0000 1.0000 0.4533
1.0000 1.0000 1.0000 0.0020 0.0065 0.0211 0.0682 0.2209 0.7155 1.0000 1.0000 1.0000 0.0009 0.0028 0.0090 0.0293 0.0946 0.3070 0.9924 1.0000 1.0000 1.0000 0.0012 0.0039 0.0125 0.0406 0.1314 0.4257 1.0000 1.0000 1.0000 1.0000 0.0017 0.0054 0.0174 0.0564 0.1826 0.5916 1.0000 1.0000 1.0000 0.0007 0.0023 0.0075 0.0242 0.0784 0.2538 0.8174 1.0000 1.0000 1.0000 1.0000 1.0000 0.8174 0.2538 0.0784 0.0242 0.0075 0.0023 0.0007 1.0000 1.0000 1.0000 0.5916 0.1826 0.0564 0.0174 0.0054 0.0017 1.0000 1.0000 1.0000 1.0000 0.4257 0.1314 0.0406 0.0125 0.0039 0.0012 1.0000 1.0000 1.0000 0.9924 0.3070 0.0946 0.0293 0.0090 0.0028 0.0009 1.0000 1.0000 1.0000 0.7155 0.2209 0.0682 0.0211 0.0065 0.0020 1.0000 1.0000 1.0000
1.0000 1.0000 0.0018 0.0060 0.0194 0.0627 0.2032 0.6581 1.0000 1.0000 1.0000 0.0008 0.0026 0.0083 0.0269 0.0872 0.2823 0.9145 1.0000 1.0000 1.0000 0.0011 0.0036 0.0115 0.0373 0.1209 0.3916 1.0000 1.0000 1.0000 1.0000 0.0015 0.0049 0.0160 0.0519 0.1680 0.5441 1.0000 1.0000 1.0000 0.0007 0.0021 0.0069 0.0222 0.0721 0.2334 0.7561 1.0000 1.0000 1.0000 1.0000 1.0000 1.0000 1.0000 0.7561 0.2334 0.0721 0.0222 0.0069 0.0021 0.0007 1.0000 1.0000 1.0000 0.5441 0.1680 0.0519 0.0160 0.0049 0.0015 1.0000 1.0000 1.0000 1.0000 0.3916 0.1209 0.0373 0.0115 0.0036 0.0011 1.0000 1.0000 1.0000 0.9145 0.2823 0.0872 0.0269 0.0083 0.0026 0.0008 1.0000 1.0000 1.0000 0.6581 0.2032 0.0627 0.0194 0.0060 0.0018 1.0000 1.0000
1.0000 0.0020 0.0060 0.0197 0.0638 0.2071 0.6707 1.0000 1.0000 1.0000 0.0008 0.0026 0.0085 0.0274 0.0888 0.2877 0.9321 1.0000 1.0000 1.0000 0.0011 0.0036 0.0117 0.0380 0.1232 0.3991 1.0000 1.0000 1.0000 1.0000 0.0016 0.0050 0.0163 0.0529 0.1712 0.5546 1.0000 1.0000 1.0000 0.0007 0.0022 0.0070 0.0227 0.0734 0.2379 0.7706 1.0000 1.0000 1.0000 0.0011 0.0024 0.0011 1.0000 1.0000 1.0000 0.7706 0.2379 0.0734 0.0227 0.0070 0.0022 0.0007 1.0000 1.0000 1.0000 0.5546 0.1712 0.0529 0.0163 0.0050 0.0016 1.0000 1.0000 1.0000 1.0000 0.3991 0.1232 0.0380 0.0117 0.0036 0.0011 1.0000 1.0000 1.0000 0.9321 0.2877 0.0888 0.0274 0.0085 0.0026 0.0008 1.0000 1.0000 1.0000 0.6707 0.2071 0.0638 0.0197 0.0060 0.0020 1.0000
0.0010 0.0065 0.0194 0.0638 0.2071 0.6720 1.0000 1.0000 1.0000 0.0008 0.0026 0.0085 0.0275 0.0892 0.2888 0.9356 1.0000 1.0000 1.0000 0.0011 0.0036 0.0118 0.0382 0.1237 0.4006 1.0000 1.0000 1.0000 1.0000 0.0016 0.0051 0.0164 0.0531 0.1719 0.5567 1.0000 1.0000 1.0000 0.0007 0.0022 0.0070 0.0228 0.0737 0.2388 0.7736 1.0000 1.0000 1.0000 0.0009 0.0035 0.0079 0.0035 0.0009 1.0000 1.0000 1.0000 0.7736 0.2388 0.0737 0.0228 0.0070 0.0022 0.0007 1.0000 1.0000 1.0000 0.5567 0.1719 0.0531 0.0164 0.0051 0.0016 1.0000 1.0000 1.0000 1.0000 0.4006 0.1237 0.0382 0.0118 0.0036 0.0011 1.0000 1.0000 1.0000 0.9356 0.2888 0.0892 0.0275 0.0085 0.0026 0.0008 1.0000 1.0000 1.0000 0.6720 0.2071 0.0638 0.0194 0.0065 0.0010
0.0033 0.0211 0.0627 0.2071 0.6720 1.0000 1.0000 1.0000 0.0008 0.0026 0.0085 0.0277 0.0897 0.2905 0.9410 1.0000 1.0000 1.0000 0.0011 0.0037 0.0119 0.0384 0.1244 0.4029 1.0000 1.0000 1.0000 1.0000 0.0016 0.0051 0.0165 0.0534 0.1728 0.5599 1.0000 1.0000 1.0000 0.0007 0.0022 0.0071 0.0229 0.0741 0.2402 0.7780 1.0000 1.0000 1.0000 0.0009 0.0030 0.0114 0.0258 0.0114 0.0030 0.0009 1.0000 1.0000 1.0000 0.7780 0.2402 0.0741 0.0229 0.0071 0.0022 0.0007 1.0000 1.0000 1.0000 0.5599 0.1728 0.0534 0.0165 0.0051 0.0016 1.0000 1.0000 1.0000 1.0000 0.4029 0.1244 0.0384 0.0119 0.0037 0.0011 1.0000 1.0000 1.0000 0.9410 0.2905 0.0897 0.0277 0.0085 0.0026 0.0008 1.0000 1.0000 1.0000 0.6720 0.2071 0.0627 0.0211 0.0033
0.0108 0.0682 0.2032 0.6707 1.0000 1.0000 1.0000 0.0008 0.0027 0.0086 0.0278 0.0902 0.2922 0.9463 1.0000 1.0000 1.0000 0.0011 0.0037 0.0119 0.0386 0.1251 0.4052 1.0000 1.0000 1.0000 1.0000 0.0016 0.0051 0.0166 0.0537 0.1738 0.5631 1.0000 1.0000 1.0000 0.0007 0.0022 0.0071 0.0230 0.0746 0.2416 0.7824 1.0000 1.0000 1.0000 0.0009 0.0030 0.0099 0.0370 0.0841 0.0370 0.0099 0.0030 0.0009 1.0000 1.0000 1.0000 0.7824 0.2416 0.0746 0.0230 0.0071 0.0022 0.0007 1.0000 1.0000 1.0000 0.5631 0.1738 0.0537 0.0166 0.0051 0.0016 1.0000 1.0000 1.0000 1.0000 0.4052 0.1251 0.0386 0.0119 0.0037 0.0011 1.0000 1.0000 1.0000 0.9463 0.2922 0.0902 0.0278 0.0086 0.0027 0.0008 1.0000 1.0000 1.0000 0.6707 0.2032 0.0682 0.0108
0.0349 0.2209 0.6581 1.0000 1.0000 1.0000 0.0008 0.0027 0.0086 0.0280 0.0907 0.2938 0.9518 1.0000 1.0000 1.0000 0.0011 0.0037 0.0120 0.0388 0.1258 0.4075 1.0000 1.0000 1.0000 1.0000 0.0016 0.0051 0.0167 0.0540 0.1748 0.5663 1.0000 1.0000 1.0000 0.0007 0.0022 0.0071 0.0232 0.0750 0.2429 0.7869 1.0000 1.0000 1.0000 0.0009 0.0031 0.0099 0.0323 0.1207 0.2733 0.1207 0.0323 0.0099 0.0031 0.0009 1.0000 1.0000 1.0000 0.7869 0.2429 0.0750 0.0232 0.0071 0.0022 0.0007 1.0000 1.0000 1.0000 0.5663 0.1748 0.0540 0.0167 0.0051 0.0016 1.0000 1.0000 1.0000 1.0000 0.4075 0.1258 0.0388 0.0120 0.0037 0.0011 1.0000 1.0000 1.0000 0.9518 0.2938 0.0907 0.0280 0.0086 0.0027 0.0008 1.0000 1.0000 1.0000 0.6581 0.2209 0.0349
0.1131 0.7155 1.0000 1.0000 1.0000 0.0008 0.0027 0.0086 0.0281 0.0911 0.2955 0.9572 1.0000 1.0000 1.0000 0.0011 0.0037 0.0121 0.0391 0.1265 0.4099 1.0000 1.0000 1.0000 1.0000 0.0016 0.0052 0.0168 0.0543 0.1758 0.5695 1.0000 1.0000 1.0000 0.0007 0.0022 0.0072 0.0233 0.0754 0.2443 0.7914 1.0000 1.0000 1.0000 0.0010 0.0031 0.0100 0.0322 0.1052 0.3931 0.8922 0.3931 0.1052 0.0322 0.0100 0.0031 0.0010 1.0000 1.0000 1.0000 0.7914 0.2443 0.0754 0.0233 0.0072 0.0022 0.0007 1.0000 1.0000 1.0000 0.5695 0.1758 0.0543 0.0168 0.0052 0.0016 1.0000 1.0000 1.0000 1.0000 0.4099 0.1265 0.0391 0.0121 0.0037 0.0011 1.0000 1.0000 1.0000 0.9572 0.2955 0.0911 0.0281 0.0086 0.0027 0.0008 1.0000 1.0000 1.0000 0.7155 0.1131
0.3664 1.0000 1.0000 1.0000 0.0008 0.0026 0.0086 0.0280 0.0911 0.2966 0.9608 1.0000 1.0000 1.0000 0.0012 0.0037 0.0121 0.0393 0.1273 0.4122 1.0000 1.0000 1.0000 1.0000 0.0016 0.0052 0.0169 0.0546 0.1768 0.5728 1.0000 1.0000 1.0000 0.0007 0.0022 0.0072 0.0234 0.0759 0.2457 0.7960 1.0000 1.0000 1.0000 0.0010 0.0031 0.0100 0.0325 0.1050 0.3428 1.0000 1.0000 1.0000 0.3428 0.1050 0.0325 0.0100 0.0031 0.0010 1.0000 1.0000 1.0000 0.7960 0.2457 0.0759 0.0234 0.0072 0.0022 0.0007 1.0000 1.0000 1.0000 0.5728 0.1768 0.0546 0.0169 0.0052 0.0016 1.0000 1.0000 1.0000 1.0000 0.4122 0.1273 0.0393 0.0121 0.0037 0.0012 1.0000 1.0000 1.0000 0.9608 0.2966 0.0911 0.0280 0.0086 0.0026 0.0008 1.0000 1.0000 1.0000 0.3664
1.0000 1.0000 1.0000 0.0008 0.0026 0.0085 0.0278 0.0907 0.2955 0.9608 1.0000 1.0000 1.0000 0.0012 0.0038 0.0122 0.0395 0.1280 0.4146 1.0000 1.0000 1.0000 1.0000 0.0016 0.0052 0.0170 0.0549 0.1778 0.5761 1.0000 1.0000 1.0000 0.0007 0.0022 0.0073 0.0236 0.0763 0.2471 0.8005 1.0000 1.0000 1.0000 0.0010 0.0031 0.0101 0.0327 0.1060 0.3421 1.0000 1.0000 1.0000 1.0000 1.0000 0.3421 0.1060 0.0327 0.0101 0.0031 0.0010 1.0000 1.0000 1.0000 0.8005 0.2471 0.0763 0.0236 0.0073 0.0022 0.0007 1.0000 1.0000 1.0000 0.5761 0.1778 0.0549 0.0170 0.0052 0.0016 1.0000 1.0000 1.0000 1.0000 0.4146 0.1280 0.0395 0.0122 0.0038 0.0012 1.0000 1.0000 1.0000 0.9608 0.2955 0.0907 0.0278 0.0085 0.0026 0.0008 1.0000 1.0000 1.0000
1.0000 1.0000 0.0008 0.0026 0.0085 0.0277 0.0902 0.2938 0.9572 1.0000 1.0000 1.0000 0.0012 0.0038 0.0123 0.0397 0.1287 0.4169 1.0000 1.0000 1.0000 1.0000 0.0016 0.0053 0.0170 0.0552 0.1789 0.5794 1.0000 1.0000 1.0000 0.0007 0.0023 0.0073 0.0237 0.0767 0.2485 0.8051 1.0000 1.0000 1.0000 0.0010 0.0031 0.0102 0.0329 0.1066 0.3454 1.0000 1.0000 1.0000 1.0000 1.0000 1.0000 1.0000 0.3454 0.1066 0.0329 0.0102 0.0031 0.0010 1.0000 1.0000 1.0000 0.8051 0.2485 0.0767 0.0237 0.0073 0.0023 0.0007 1.0000 1.0000 1.0000 0.5794 0.1789 0.0552 0.0170 0.0053 0.0016 1.0000 1.0000 1.0000 1.0000 0.4169 0.1287 0.0397 0.0123 0.0038 0.0012 1.0000 1.0000 1.0000 0.9572 0.2938 0.0902 0.0277 0.0085 0.0026 0.0008 1.0000 1.0000
1.0000 0.0009 0.0026 0.0085 0.0275 0.0897 0.2922 0.9518 1.0000 1.0000 1.0000 0.0012 0.0038 0.0123 0.0400 0.1295 0.4193 1.0000 1.0000 1.0000 1.0000 0.0016 0.0053 0.0171 0.0555 0.1799 0.5827 1.0000 1.0000 1.0000 0.0007 0.0023 0.0074 0.0238 0.0772 0.2500 0.8097 1.0000 1.0000 1.0000 0.0010 0.0032 0.0102 0.0331 0.1072 0.3474 1.0000 1.0000 1.0000 1.0000 0.0011 1.0000 1.0000 1.0000 1.0000 0.3474 0.1072 0.0331 0.0102 0.0032 0.0010 1.0000 1.0000 1.0000 0.8097 0.2500 0.0772 0.0238 0.0074 0.0023 0.0007 1.0000 1.0000 1.0000 0.5827 0.1799 0.0555 0.0171 0.0053 0.0016 1.0000 1.0000 1.0000 1.0000 0.4193 0.1295 0.0400 0.0123 0.0038 0.0012 1.0000 1.0000 1.0000 0.9518 0.2922 0.0897 0.0275 0.0085 0.0026 0.0009 1.0000
0.0004 0.0028 0.0083 0.0274 0.0892 0.2905 0.9463 1.0000 1.0000 1.0000 0.0012 0.0038 0.0123 0.0401 0.1299 0.4217 1.0000 1.0000 1.0000 1.0000 0.0016 0.0053 0.0172 0.0559 0.1809 0.5860 1.0000 1.0000 1.0000 0.0007 0.0023 0.0074 0.0240 0.0776 0.2514 0.8143 1.0000 1.0000 1.0000 0.0010 0.0032 0.0103 0.0333 0.1078 0.3493 1.0000 1.0000 1.0000 1.0000 0.0016 0.0036 0.0016 1.0000 1.0000 1.0000 1.0000 0.3493 0.1078 0.0333 0.0103 0.0032 0.0010 1.0000 1.0000 1.0000 0.8143 0.2514 0.0776 0.0240 0.0074 0.0023 0.0007 1.0000 1.0000 1.0000 0.5860 0.1809 0.0559 0.0172 0.0053 0.0016 1.0000 1.0000 1.0000 1.0000 0.4217 0.1299 0.0401 0.0123 0.0038 0.0012 1.0000 1.0000 1.0000 0.9463 0.2905 0.0892 0.0274 0.0083 0.0028 0.0004
0.0014 0.0090 0.0269 0.0888 0.2888 0.9410 1.0000 1.0000 1.0000 0.0012 0.0038 0.0123 0.0400 0.1299 0.4233 1.0000 1.0000 1.0000 1.0000 0.0017 0.0054 0.0173 0.0562 0.1820 0.5894 1.0000 1.0000 1.0000 0.0007 0.0023 0.0074 0.0241 0.0781 0.2528 0.8190 1.0000 1.0000 1.0000 0.0010 0.0032 0.0103 0.0335 0.1085 0.3513 1.0000 1.0000 1.0000 1.0000 0.0014 0.0051 0.0117 0.0051 0.0014 1.0000 1.0000 1.0000 1.0000 0.3513 0.1085 0.0335 0.0103 0.0032 0.0010 1.0000 1.0000 1.0000 0.8190 0.2528 0.0781 0.0241 0.0074 0.0023 0.0007 1.0000 1.0000 1.0000 0.5894 0.1820 0.0562 0.0173 0.0054 0.0017 1.0000 1.0000 1.0000 1.0000 0.4233 0.1299 0.0400 0.0123 0.0038 0.0012 1.0000 1.0000 1.0000 0.9410 0.2888 0.0888 0.0269 0.0090 0.0014
0.0046 0.0293 0.0872 0.2877 0.9356 1.0000 1.0000 1.0000 0.0011 0.0037 0.0122 0.0397 0.1295 0.4217 1.0000 1.0000 1.0000 1.0000 0.0017 0.0054 0.0174 0.0565 0.1830 0.5927 1.0000 1.0000 1.0000 0.0007 0.0023 0.0075 0.0242 0.0785 0.2543 0.8237 1.0000 1.0000 1.0000 0.0010 0.0032 0.0104 0.0337 0.1091 0.3534 1.0000 1.0000 1.0000 1.0000 0.0014 0.0045 0.0167 0.0379 0.0167 0.0045 0.0014 1.0000 1.0000 1.0000 1.0000 0.3534 0.1091 0.0337 0.0104 0.0032 0.0010 1.0000 1.0000 1.0000 0.8237 0.2543 0.0785 0.0242 0.0075 0.0023 0.0007 1.0000 1.0000 1.0000 0.5927 0.1830 0.0565 0.0174 0.0054 0.0017 1.0000 1.0000 1.0000 1.0000 0.4217 0.1295 0.0397 0.0122 0.0037 0.0011 1.0000 1.0000 1.0000 0.9356 0.2877 0.0872 0.0293 0.0046
0.0150 0.0946 0.2823 0.9321 1.0000 1.0000 1.0000 0.0011 0.0037 0.0121 0.0395 0.1287 0.4193 1.0000 1.0000 1.0000 1.0000 0.0017 0.0054 0.0175 0.0568 0.1840 0.5961 1.0000 1.0000 1.0000 0.0007 0.0023 0.0075 0.0244 0.0790 0.2557 0.8284 1.0000 1.0000 1.0000 0.0010 0.0032 0.0105 0.0339 0.1097 0.3554 1.0000 1.0000 1.0000 1.0000 0.0014 0.0045 0.0146 0.0545 0.1237 0.0545 0.0146 0.0045 0.0014 1.0000 1.0000 1.0000 1.0000 0.3554 0.1097 0.0339 0.0105 0.0032 0.0010 1.0000 1.0000 1.0000 0.8284 0.2557 0.0790 0.0244 0.0075 0.0023 0.0007 1.0000 1.0000 1.0000 0.5961 0.1840 0.0568 0.0175 0.0054 0.0017 1.0000 1.0000 1.0000 1.0000 0.4193 0.1287 0.0395 0.0121 0.0037 0.0011 1.0000 1.0000 1.0000 0.9321 0.2823 0.0946 0.0150
0.0485 0.3070 0.9145 1.0000 1.0000 1.0000 0.0011 0.0037 0.0121 0.0393 0.1280 0.4169 1.0000 1.0000 1.0000 1.0000 0.0017 0.0054 0.0176 0.0571 0.1851 0.5995 1.0000 1.0000 1.0000 0.0007 0.0023 0.0076 0.0245 0.0794 0.2572 0.8331 1.0000 1.0000 1.0000 0.0010 0.0032 0.0105 0.0341 0.1103 0.3574 1.0000 1.0000 1.0000 1.0000 0.0014 0.0045 0.0146 0.0475 0.1775 0.4021 0.1775 0.0475 0.0146 0.0045 0.0014 1.0000 1.0000 1.0000 1.0000 0.3574 0.1103 0.0341 0.0105 0.0032 0.0010 1.0000 1.0000 1.0000 0.8331 0.2572 0.0794 0.0245 0.0076 0.0023 0.0007 1.0000 1.0000 1.0000 0.5995 0.1851 0.0571 0.0176 0.0054 0.0017 1.0000 1.0000 1.0000 1.0000 0.4169 0.1280 0.0393 0.0121 0.0037 0.0011 1.0000 1.0000 1.0000 0.9145 0.3070 0.0485
0.1572 0.9924 1.0000 1.0000 1.0000 0.0011 0.0037 0.0120 0.0391 0.1273 0.4146 1.0000 1.0000 1.0000 1.0000 0.0017 0.0054 0.0176 0.0574 0.1858 0.6030 1.0000 1.0000 1.0000 0.0007 0.0023 0.0076 0.0247 0.0799 0.2587 0.8379 1.0000 1.0000 1.0000 0.0010 0.0033 0.0106 0.0343 0.1110 0.3595 1.0000 1.0000 1.0000 1.0000 0.0014 0.0045 0.0147 0.0473 0.1548 0.5783 1.0000 0.5783 0.1548 0.0473 0.0147 0.0045 0.0014 1.0000 1.0000 1.0000 1.0000 0.3595 0.1110 0.0343 0.0106 0.0033 0.0010 1.0000 1.0000 1.0000 0.8379 0.2587 0.0799 0.0247 0.0076 0.0023 0.0007 1.0000 1.0000 1.0000 0.6030 0.1858 0.0574 0.0176 0.0054 0.0017 1.0000 1.0000 1.0000 1.0000 0.4146 0.1273 0.0391 0.0120 0.0037 0.0011 1.0000 1.0000 1.0000 0.9924 0.1572
0.5091 1.0000 1.0000 1.0000 0.0011 0.0037 0.0119 0.0388 0.1265 0.4122 1.0000 1.0000 1.0000 1.0000 0.0017 0.0054 0.0175 0.0571 0.1858 0.6053 1.0000 1.0000 1.0000 0.0007 0.0024 0.0077 0.0248 0.0803 0.2602 0.8427 1.0000 1.0000 1.0000 0.0010 0.0033 0.0106 0.0345 0.1116 0.3615 1.0000 1.0000 1.0000 1.0000 0.0014 0.0046 0.0148 0.0479 0.1545 0.5043 1.0000 1.0000 1.0000 0.5043 0.1545 0.0479 0.0148 0.0046 0.0014 1.0000 1.0000 1.0000 1.0000 0.3615 0.1116 0.0345 0.0106 0.0033 0.0010 1.0000 1.0000 1.0000 0.8427 0.2602 0.0803 0.0248 0.0077 0.0024 0.0007 1.0000 1.0000 1.0000 0.6053 0.1858 0.0571 0.0175 0.0054 0.0017 1.0000 1.0000 1.0000 1.0000 0.4122 0.1265 0.0388 0.0119 0.0037 0.0011 1.0000 1.0000 1.0000 0.5091
1.0000 1.0000 1.0000 0.0011 0.0036 0.0119 0.0386 0.1258 0.4099 1.0000 1.0000 1.0000 1.0000 0.0016 0.0054 0.0174 0.0568 0.1851 0.6030 1.0000 1.0000 1.0000 0.0007 0.0024 0.0077 0.0249 0.0808 0.2616 0.8475 1.0000 1.0000 1.0000 0.0010 0.0033 0.0107 0.0347 0.1122 0.3636 1.0000 1.0000 1.0000 1.0000 0.0014 0.0046 0.0149 0.0482 0.1560 0.5024 1.0000 1.0000 1.0000 1.0000 1.0000 0.5024 0.1560 0.0482 0.0149 0.0046 0.0014 1.0000 1.0000 1.0000 1.0000 0.3636 0.1122 0.0347 0.0107 0.0033 0.0010 1.0000 1.0000 1.0000 0.8475 0.2616 0.0808 0.0249 0.0077 0.0024 0.0007 1.0000 1.0000 1.0000 0.6030 0.1851 0.0568 0.0174 0.0054 0.0016 1.0000 1.0000 1.0000 1.0000 0.4099 0.1258 0.0386 0.0119 0.0036 0.0011 1.0000 1.0000 1.0000
1.0000 1.0000 0.0011 0.0036 0.0118 0.0384 0.1251 0.4075 1.0000 1.0000 1.0000 1.0000 0.0016 0.0053 0.0173 0.0565 0.1840 0.5995 1.0000 1.0000 1.0000 0.0007 0.0024 0.0077 0.0251 0.0812 0.2631 0.8524 1.0000 1.0000 1.0000 0.0010 0.0033 0.0108 0.0349 0.1129 0.3657 1.0000 1.0000 1.0000 1.0000 0.0014 0.0046 0.0150 0.0484 0.1569 0.5081 1.0000 1.0000 1.0000 1.0000 1.0000 1.0000 1.0000 0.5081 0.1569 0.0484 0.0150 0.0046 0.0014 1.0000 1.0000 1.0000 1.0000 0.3657 0.1129 0.0349 0.0108 0.0033 0.0010 1.0000 1.0000 1.0000 0.8524 0.2631 0.0812 0.0251 0.0077 0.0024 0.0007 1.0000 1.0000 1.0000 0.5995 0.1840 0.0565 0.0173 0.0053 0.0016 1.0000 1.0000 1.0000 1.0000 0.4075 0.1251 0.0384 0.0118 0.0036 0.0011 1.0000 1.0000
1.0000 0.0012 0.0036 0.0117 0.0382 0.1244 0.4052 1.0000 1.0000 1.0000 1.0000 0.0016 0.0053 0.0172 0.0562 0.1830 0.5961 1.0000 1.0000 1.0000 0.0007 0.0024 0.0078 0.0252 0.0817 0.2646 0.8572 1.0000 1.0000 1.0000 0.0010 0.0033 0.0108 0.0350 0.1135 0.3678 1.0000 1.0000 1.0000 1.0000 0.0014 0.0046 0.0150 0.0487 0.1578 0.5110 1.0000 1.0000 1.0000 0.0007 0.0016 0.0007 1.0000 1.0000 1.0000 0.5110 0.1578 0.0487 0.0150 0.0046 0.0014 1.0000 1.0000 1.0000 1.0000 0.3678 0.1135 0.0350 0.0108 0.0033 0.0010 1.0000 1.0000 1.0000 0.8572 0.2646 0.0817 0.0252 0.0078 0.0024 0.0007 1.0000 1.0000 1.0000 0.5961 0.1830 0.0562 0.0172 0.0053 0.0016 1.0000 1.0000 1.0000 1.0000 0.4052 0.1244 0.0382 0.0117 0.0036 0.0012 1.0000
0.0006 0.0039 0.0115 0.0380 0.1237 0.4029 1.0000 1.0000 1.0000 1.0000 0.0016 0.0053 0.0171 0.0559 0.1820 0.5927 1.0000 1.0000 1.0000 0.0007 0.0024 0.0077 0.0252 0.0820 0.2657 0.8621 1.0000 1.0000 1.0000 0.0010 0.0034 0.0109 0.0353 0.1142 0.3699 1.0000 1.0000 1.0000 1.0000 0.0014 0.0047 0.0151 0.0490 0.1587 0.5139 1.0000 1.0000 1.0000 0.0006 0.0023 0.0052 0.0023 0.0006 1.0000 1.0000 1.0000 0.5139 0.1587 0.0490 0.0151 0.0047 0.0014 1.0000 1.0000 1.0000 1.0000 0.3699 0.1142 0.0353 0.0109 0.0034 0.0010 1.0000 1.0000 1.0000 0.8621 0.2657 0.0820 0.0252 0.0077 0.0024 0.0007 1.0000 1.0000 1.0000 0.5927 0.1820 0.0559 0.0171 0.0053 0.0016 1.0000 1.0000 1.0000 1.0000 0.4029 0.1237 0.0380 0.0115 0.0039 0.0006
0.0020 0.0125 0.0373 0.1232 0.4006 1.0000 1.0000 1.0000 1.0000 0.0016 0.0052 0.0170 0.0555 0.1809 0.5894 1.0000 1.0000 1.0000 0.0007 0.0024 0.0077 0.0251 0.0817 0.2657 0.8654 1.0000 1.0000 1.0000 0.0010 0.0034 0.0109 0.0355 0.1148 0.3720 1.0000 1.0000 1.0000 1.0000 0.0014 0.0047 0.0152 0.0493 0.1596 0.5169 1.0000 1.0000 1.0000 0.0006 0.0020 0.0075 0.0171 0.0075 0.0020 0.0006 1.0000 1.0000 1.0000 0.5169 0.1596 0.0493 0.0152 0.0047 0.0014 1.0000 1.0000 1.0000 1.0000 0.3720 0.1148 0.0355 0.0109 0.0034 0.0010 1.0000 1.0000 1.0000 0.8654 0.2657 0.0817 0.0251 0.0077 0.0024 0.0007 1.0000 1.0000 1.0000 0.5894 0.1809 0.0555 0.0170 0.0052 0.0016 1.0000 1.0000 1.0000 1.0000 0.4006 0.1232 0.0373 0.0125 0.0020
0.0064 0.0406 0.1209 0.3991 1.0000 1.0000 1.0000 1.0000 0.0016 0.0052 0.0170 0.0552 0.1799 0.5860 1.0000 1.0000 1.0000 0.0007 0.0023 0.0077 0.0249 0.0812 0.2646 0.8621 1.0000 1.0000 1.0000 0.0010 0.0034 0.0110 0.0357 0.1155 0.3741 1.0000 1.0000 1.0000 1.0000 0.0015 0.0047 0.0153 0.0495 0.1605 0.5198 1.0000 1.0000 1.0000 0.0006 0.0020 0.0066 0.0246 0.0556 0.0246 0.0066 0.0020 0.0006 1.0000 1.0000 1.0000 0.5198 0.1605 0.0495 0.0153 0.0047 0.0015 1.0000 1.0000 1.0000 1.0000 0.3741 0.1155 0.0357 0.0110 0.0034 0.0010 1.0000 1.0000 1.0000 0.8621 0.2646 0.0812 0.0249 0.0077 0.0023 0.0007 1.0000 1.0000 1.0000 0.5860 0.1799 0.0552 0.0170 0.0052 0.0016 1.0000 1.0000 1.0000 1.0000 0.3991 0.1209 0.0406 0.0064
0.0208 0.1314 0.3916 1.0000 1.0000 1.0000 1.0000 0.0016 0.0052 0.0169 0.0549 0.1789 0.5827 1.0000 1.0000 1.0000 0.0007 0.0023 0.0076 0.0248 0.0808 0.2631 0.8572 1.0000 1.0000 1.0000 0.0011 0.0034 0.0111 0.0359 0.1162 0.3762 1.0000 1.0000 1.0000 1.0000 0.0015 0.0047 0.0154 0.0498 0.1614 0.5228 1.0000 1.0000 1.0000 0.0006 0.0020 0.0066 0.0214 0.0800 0.1816 0.0800 0.0214 0.0066 0.0020 0.0006 1.0000 1.0000 1.0000 0.5228 0.1614 0.0498 0.0154 0.0047 0.0015 1.0000 1.0000 1.0000 1.0000 0.3762 0.1162 0.0359 0.0111 0.0034 0.0011 1.0000 1.0000 1.0000 0.8572 0.2631 0.0808 0.0248 0.0076 0.0023 0.0007 1.0000 1.0000 1.0000 0.5827 0.1789 0.0549 0.0169 0.0052 0.0016 1.0000 1.0000 1.0000 1.0000 0.3916 0.1314 0.0208
0.0673 0.4257 1.0000 1.0000 1.0000 1.0000 0.0016 0.0051 0.0168 0.0546 0.1778 0.5794 1.0000 1.0000 1.0000 0.0007 0.0023 0.0076 0.0247 0.0803 0.2616 0.8524 1.0000 1.0000 1.0000 0.0010 0.0034 0.0111 0.0360 0.1168 0.3784 1.0000 1.0000 1.0000 1.0000 0.0015 0.0048 0.0155 0.0501 0.1623 0.5258 1.0000 1.0000 1.0000 0.0006 0.0020 0.0066 0.0214 0.0698 0.2606 0.5905 0.2606 0.0698 0.0214 0.0066 0.0020 0.0006 1.0000 1.0000 1.0000 0.5258 0.1623 0.0501 0.0155 0.0048 0.0015 1.0000 1.0000 1.0000 1.0000 0.3784 0.1168 0.0360 0.0111 0.0034 0.0010 1.0000 1.0000 1.0000 0.8524 0.2616 0.0803 0.0247 0.0076 0.0023 0.0007 1.0000 1.0000 1.0000 0.5794 0.1778 0.0546 0.0168 0.0051 0.0016 1.0000 1.0000 1.0000 1.0000 0.4257 0.0673
0.2180 1.0000 1.0000 1.0000 1.0000 0.0016 0.0051 0.0167 0.0543 0.1768 0.5761 1.0000 1.0000 1.0000 0.0007 0.0023 0.0075 0.0245 0.0799 0.2602 0.8475 1.0000 1.0000 1.0000 0.0010 0.0034 0.0111 0.0360 0.1173 0.3798 1.0000 1.0000 1.0000 1.0000 0.0015 0.0048 0.0156 0.0504 0.1633 0.5288 1.0000 1.0000 1.0000 0.0006 0.0021 0.0067 0.0216 0.0696 0.2273 0.8491 1.0000 0.8491 0.2273 0.0696 0.0216 0.0067 0.0021 0.0006 1.0000 1.0000 1.0000 0.5288 0.1633 0.0504 0.0156 0.0048 0.0015 1.0000 1.0000 1.0000 1.0000 0.3798 0.1173 0.0360 0.0111 0.0034 0.0010 1.0000 1.0000 1.0000 0.8475 0.2602 0.0799 0.0245 0.0075 0.0023 0.0007 1.0000 1.0000 1.0000 0.5761 0.1768 0.0543 0.0167 0.0051 0.0016 1.0000 1.0000 1.0000 1.0000 0.2180
0.7061 1.0000 1.0000 1.0000 0.0016 0.0051 0.0166 0.0540 0.1758 0.5728 1.0000 1.0000 1.0000 0.0007 0.0023 0.0075 0.0244 0.0794 0.2587 0.8427 1.0000 1.0000 1.0000 0.0010 0.0034 0.0110 0.0359 0.1168 0.3798 1.0000 1.0000 1.0000 1.0000 0.0015 0.0048 0.0156 0.0507 0.1642 0.5318 1.0000 1.0000 1.0000 0.0006 0.0021 0.0067 0.0217 0.0703 0.2269 0.7405 1.0000 1.0000 1.0000 0.7405 0.2269 0.0703 0.0217 0.0067 0.0021 0.0006 1.0000 1.0000 1.0000 0.5318 0.1642 0.0507 0.0156 0.0048 0.0015 1.0000 1.0000 1.0000 1.0000 0.3798 0.1168 0.0359 0.0110 0.0034 0.0010 1.0000 1.0000 1.0000 0.8427 0.2587 0.0794 0.0244 0.0075 0.0023 0.0007 1.0000 1.0000 1.0000 0.5728 0.1758 0.0540 0.0166 0.0051 0.0016 1.0000 1.0000 1.0000 0.7061
1.0000 1.0000 1.0000 0.0016 0.0051 0.0165 0.0537 0.1748 0.5695 1.0000 1.0000 1.0000 0.0007 0.0023 0.0074 0.0242 0.0790 0.2572 0.8379 1.0000 1.0000 1.0000 0.0010 0.0034 0.0109 0.0357 0.1162 0.3784 1.0000 1.0000 1.0000 1.0000 0.0015 0.0049 0.0157 0.0510 0.1651 0.5349 1.0000 1.0000 1.0000 0.0006 0.0021 0.0067 0.0218 0.0707 0.2290 0.7391 1.0000 1.0000 1.0000 1.0000 1.0000 0.7391 0.2290 0.0707 0.0218 0.0067 0.0021 0.0006 1.0000 1.0000 1.0000 0.5349 0.1651 0.0510 0.0157 0.0049 0.0015 1.0000 1.0000 1.0000 1.0000 0.3784 0.1162 0.0357 0.0109 0.0034 0.0010 1.0000 1.0000 1.0000 0.8379 0.2572 0.0790 0.0242 0.0074 0.0023 0.0007 1.0000 1.0000 1.0000 0.5695 0.1748 0.0537 0.0165 0.0051 0.0016 1.0000 1.0000 1.0000
1.0000 1.0000 0.0015 0.0050 0.0164 0.0534 0.1738 0.5663 1.0000 1.0000 1.0000 0.0007 0.0023 0.0074 0.0241 0.0785 0.2557 0.8331 1.0000 1.0000 1.0000 0.0010 0.0033 0.0109 0.0355 0.1155 0.3762 1.0000 1.0000 1.0000 1.0000 0.0015 0.0049 0.0158 0.0513 0.1661 0.5380 1.0000 1.0000 1.0000 0.0006 0.0021 0.0068 0.0220 0.0711 0.2303 0.7461 1.0000 1.0000 1.0000 1.0000 1.0000 1.0000 1.0000 0.7461 0.2303 0.0711 0.0220 0.0068 0.0021 0.0006 1.0000 1.0000 1.0000 0.5380 0.1661 0.0513 0.0158 0.0049 0.0015 1.0000 1.0000 1.0000 1.0000 0.3762 0.1155 0.0355 0.0109 0.0033 0.0010 1.0000 1.0000 1.0000 0.8331 0.2557 0.0785 0.0241 0.0074 0.0023 0.0007 1.0000 1.0000 1.0000 0.5663 0.1738 0.0534 0.0164 0.0050 0.0015 1.0000 1.0000
1.0000 0.0017 0.0049 0.0163 0.0531 0.1728 0.5631 1.0000 1.0000 1.0000 0.0007 0.0023 0.0074 0.0240 0.0781 0.2543 0.8284 1.0000 1.0000 1.0000 0.0010 0.0033 0.0108 0.0353 0.1148 0.3741 1.0000 1.0000 1.0000 1.0000 0.0015 0.0049 0.0159 0.0515 0.1670 0.5410 1.0000 1.0000 1.0000 0.0006 0.0021 0.0068 0.0221 0.0715 0.2317 0.7504 1.0000 1.0000 1.0000 0.0010 0.0024 0.0010 1.0000 1.0000 1.0000 0.7504 0.2317 0.0715 0.0221 0.0068 0.0021 0.0006 1.0000 1.0000 1.0000 0.5410 0.1670 0.0515 0.0159 0.0049 0.0015 1.0000 1.0000 1.0000 1.0000 0.3741 0.1148 0.0353 0.0108 0.0033 0.0010 1.0000 1.0000 1.0000 0.8284 0.2543 0.0781 0.0240 0.0074 0.0023 0.0007 1.0000 1.0000 1.0000 0.5631 0.1728 0.0531 0.0163 0.0049 0.0017 1.0000
0.0008 0.0054 0.0160 0.0529 0.1719 0.5599 1.0000 1.0000 1.0000 0.0007 0.0022 0.0073 0.0238 0.0776 0.2528 0.8237 1.0000 1.0000 1.0000 0.0010 0.0033 0.0108 0.0350 0.1142 0.3720 1.0000 1.0000 1.0000 1.0000 0.0015 0.0049 0.0158 0.0515 0.1677 0.5431 1.0000 1.0000 1.0000 0.0007 0.0021 0.0069 0.0222 0.0719 0.2330 0.7547 1.0000 1.0000 1.0000 0.0009 0.0034 0.0077 0.0034 0.0009 1.0000 1.0000 1.0000 0.7547 0.2330 0.0719 0.0222 0.0069 0.0021 0.0007 1.0000 1.0000 1.0000 0.5431 0.1677 0.0515 0.0158 0.0049 0.0015 1.0000 1.0000 1.0000 1.0000 0.3720 0.1142 0.0350 0.0108 0.0033 0.0010 1.0000 1.0000 1.0000 0.8237 0.2528 0.0776 0.0238 0.0073 0.0022 0.0007 1.0000 1.0000 1.0000 0.5599 0.1719 0.0529 0.0160 0.0054 0.0008
0.0028 0.0174 0.0519 0.1712 0.5567 1.0000 1.0000 1.0000 0.0007 0.0022 0.0073 0.0237 0.0772 0.2514 0.8190 1.0000 1.0000 1.0000 0.0010 0.0033 0.0107 0.0349 0.1135 0.3699 1.0000 1.0000 1.0000 1.0000 0.0015 0.0048 0.0157 0.0513 0.1670 0.5431 1.0000 1.0000 1.0000 0.0007 0.0021 0.0069 0.0223 0.0723 0.2343 0.7590 1.0000 1.0000 1.0000 0.0009 0.0030 0.0111 0.0252 0.0111 0.0030 0.0009 1.0000 1.0000 1.0000 0.7590 0.2343 0.0723 0.0223 0.0069 0.0021 0.0007 1.0000 1.0000 1.0000 0.5431 0.1670 0.0513 0.0157 0.0048 0.0015 1.0000 1.0000 1.0000 1.0000 0.3699 0.1135 0.0349 0.0107 0.0033 0.0010 1.0000 1.0000 1.0000 0.8190 0.2514 0.0772 0.0237 0.0073 0.0022 0.0007 1.0000 1.0000 1.0000 0.5567 0.1712 0.0519 0.0174 0.0028
0.0089 0.0564 0.1680 0.5546 1.0000 1.0000 1.0000 0.0007 0.0022 0.0072 0.0236 0.0767 0.2500 0.8143 1.0000 1.0000 1.0000 0.0010 0.0033 0.0106 0.0347 0.1129 0.3678 1.0000 1.0000 1.0000 1.0000 0.0015 0.0048 0.0156 0.0510 0.1661 0.5410 1.0000 1.0000 1.0000 0.0007 0.0021 0.0069 0.0225 0.0728 0.2357 0.7633 1.0000 1.0000 1.0000 0.0009 0.0030 0.0097 0.0361 0.0819 0.0361 0.0097 0.0030 0.0009 1.0000 1.0000 1.0000 0.7633 0.2357 0.0728 0.0225 0.0069 0.0021 0.0007 1.0000 1.0000 1.0000 0.5410 0.1661 0.0510 0.0156 0.0048 0.0015 1.0000 1.0000 1.0000 1.0000 0.3678 0.1129 0.0347 0.0106 0.0033 0.0010 1.0000 1.0000 1.0000 0.8143 0.2500 0.0767 0.0236 0.0072 0.0022 0.0007 1.0000 1.0000 1.0000 0.5546 0.1680 0.0564 0.0089
0.0289 0.1826 0.5441 1.0000 1.0000 1.0000 0.0007 0.0022 0.0072 0.0234 0.0763 0.2485 0.8097 1.0000 1.0000 1.0000 0.0010 0.0032 0.0106 0.0345 0.1122 0.3657 1.0000 1.0000 1.0000 1.0000 0.0015 0.0048 0.0156 0.0507 0.1651 0.5380 1.0000 1.0000 1.0000 0.0007 0.0021 0.0070 0.0226 0.0732 0.2370 0.7677 1.0000 1.0000 1.0000 0.0009 0.0030 0.0097 0.0315 0.1177 0.2672 0.1177 0.0315 0.0097 0.0030 0.0009 1.0000 1.0000 1.0000 0.7677 0.2370 0.0732 0.0226 0.0070 0.0021 0.0007 1.0000 1.0000 1.0000 0.5380 0.1651 0.0507 0.0156 0.0048 0.0015 1.0000 1.0000 1.0000 1.0000 0.3657 0.1122 0.0345 0.0106 0.0032 0.0010 1.0000 1.0000 1.0000 0.8097 0.2485 0.0763 0.0234 0.0072 0.0022 0.0007 1.0000 1.0000 1.0000 0.5441 0.1826 0.0289
0.0935 0.5916 1.0000 1.0000 1.0000 0.0007 0.0022 0.0071 0.0233 0.0759 0.2471 0.8051 1.0000 1.0000 1.0000 0.0010 0.0032 0.0105 0.0343 0.1116 0.3636 1.0000 1.0000 1.0000 1.0000 0.0015 0.0047 0.0155 0.0504 0.1642 0.5349 1.0000 1.0000 1.0000 0.0007 0.0021 0.0070 0.0227 0.0734 0.2384 0.7721 1.0000 1.0000 1.0000 0.0009 0.0030 0.0097 0.0314 0.1026 0.3835 0.8687 0.3835 0.1026 0.0314 0.0097 0.0030 0.0009 1.0000 1.0000 1.0000 0.7721 0.2384 0.0734 0.0227 0.0070 0.0021 0.0007 1.0000 1.0000 1.0000 0.5349 0.1642 0.0504 0.0155 0.0047 0.0015 1.0000 1.0000 1.0000 1.0000 0.3636 0.1116 0.0343 0.0105 0.0032 0.0010 1.0000 1.0000 1.0000 0.8051 0.2471 0.0759 0.0233 0.0071 0.0022 0.0007 1.0000 1.0000 1.0000 0.5916 0.0935
0.3029 1.0000 1.0000 1.0000 0.0007 0.0022 0.0071 0.0232 0.0754 0.2457 0.8005 1.0000 1.0000 1.0000 0.0010 0.0032 0.0105 0.0341 0.1110 0.3615 1.0000 1.0000 1.0000 1.0000 0.0014 0.0047 0.0154 0.0501 0.1633 0.5318 1.0000 1.0000 1.0000 0.0007 0.0021 0.0069 0.0226 0.0734 0.2393 0.7750 1.0000 1.0000 1.0000 0.0009 0.0030 0.0098 0.0317 0.1025 0.3344 1.0000 1.0000 1.0000 0.3344 0.1025 0.0317 0.0098 0.0030 0.0009 1.0000 1.0000 1.0000 0.7750 0.2393 0.0734 0.0226 0.0069 0.0021 0.0007 1.0000 1.0000 1.0000 0.5318 0.1633 0.0501 0.0154 0.0047 0.0014 1.0000 1.0000 1.0000 1.0000 0.3615 0.1110 0.0341 0.0105 0.0032 0.0010 1.0000 1.0000 1.0000 0.8005 0.2457 0.0754 0.0232 0.0071 0.0022 0.0007 1.0000 1.0000 1.0000 0.3029
0.9812 1.0000 1.0000 0.0007 0.0022 0.0071 0.0230 0.0750 0.2443 0.7960 1.0000 1.0000 1.0000 0.0010 0.0032 0.0104 0.0339 0.1103 0.3595 1.0000 1.0000 1.0000 1.0000 0.0014 0.0047 0.0153 0.0498 0.1623 0.5288 1.0000 1.0000 1.0000 0.0006 0.0021 0.0069 0.0225 0.0732 0.2384 0.7750 1.0000 1.0000 1.0000 0.0009 0.0030 0.0099 0.0319 0.1034 0.3338 1.0000 1.0000 1.0000 1.0000 1.0000 0.3338 0.1034 0.0319 0.0099 0.0030 0.0009 1.0000 1.0000 1.0000 0.7750 0.2384 0.0732 0.0225 0.0069 0.0021 0.0006 1.0000 1.0000 1.0000 0.5288 0.1623 0.0498 0.0153 0.0047 0.0014 1.0000 1.0000 1.0000 1.0000 0.3595 0.1103 0.0339 0.0104 0.0032 0.0010 1.0000 1.0000 1.0000 0.7960 0.2443 0.0750 0.0230 0.0071 0.0022 0.0007 1.0000 1.0000 0.9812
1.0000 1.0000 0.0007 0.0022 0.0070 0.0229 0.0746 0.2429 0.7914 1.0000 1.0000 1.0000 0.0010 0.0032 0.0103 0.0337 0.1097 0.3574 1.0000 1.0000 1.0000 1.0000 0.0014 0.0047 0.0152 0.0495 0.1614 0.5258 1.0000 1.0000 1.0000 0.0006 0.0021 0.0069 0.0223 0.0728 0.2370 0.7721 1.0000 1.0000 1.0000 0.0009 0.0031 0.0099 0.0321 0.1040 0.3369 1.0000 1.0000 1.0000 1.0000 1.0000 1.0000 1.0000 0.3369 0.1040 0.0321 0.0099 0.0031 0.0009 1.0000 1.0000 1.0000 0.7721 0.2370 0.0728 0.0223 0.0069 0.0021 0.0006 1.0000 1.0000 1.0000 0.5258 0.1614 0.0495 0.0152 0.0047 0.0014 1.0000 1.0000 1.0000 1.0000 0.3574 0.1097 0.0337 0.0103 0.0032 0.0010 1.0000 1.0000 1.0000 0.7914 0.2429 0.0746 0.0229 0.0070 0.0022 0.0007 1.0000 1.0000
1.0000 0.0007 0.0021 0.0070 0.0228 0.0741 0.2416 0.7869 1.0000 1.0000 1.0000 0.0010 0.0032 0.0103 0.0335 0.1091 0.3554 1.0000 1.0000 1.0000 1.0000 0.0014 0.0046 0.0151 0.0493 0.1605 0.5228 1.0000 1.0000 1.0000 0.0006 0.0021 0.0068 0.0222 0.0723 0.2357 0.7677 1.0000 1.0000 1.0000 0.0009 0.0031 0.0100 0.0323 0.1046 0.3389 1.0000 1.0000 1.0000 1.0000 0.0011 1.0000 1.0000 1.0000 1.0000 0.3389 0.1046 0.0323 0.0100 0.0031 0.0009 1.0000 1.0000 1.0000 0.7677 0.2357 0.0723 0.0222 0.0068 0.0021 0.0006 1.0000 1.0000 1.0000 0.5228 0.1605 0.0493 0.0151 0.0046 0.0014 1.0000 1.0000 1.0000 1.0000 0.3554 0.1091 0.0335 0.0103 0.0032 0.0010 1.0000 1.0000 1.0000 0.7869 0.2416 0.0741 0.0228 0.0070 0.0021 0.0007 1.0000
0.0004 0.0023 0.0069 0.0227 0.0737 0.2402 0.7824 1.0000 1.0000 1.0000 0.0010 0.0031 0.0102 0.0333 0.1085 0.3534 1.0000 1.0000 1.0000 1.0000 0.0014 0.0046 0.0150 0.0490 0.1596 0.5198 1.0000 1.0000 1.0000 0.0006 0.0021 0.0068 0.0221 0.0719 0.2343 0.7633 1.0000 1.0000 1.0000 0.0009 0.0031 0.0100 0.0324 0.1050 0.3408 1.0000 1.0000 1.0000 1.0000 0.0015 0.0035 0.0015 1.0000 1.0000 1.0000 1.0000 0.3408 0.1050 0.0324 0.0100 0.0031 0.0009 1.0000 1.0000 1.0000 0.7633 0.2343 0.0719 0.0221 0.0068 0.0021 0.0006 1.0000 1.0000 1.0000 0.5198 0.1596 0.0490 0.0150 0.0046 0.0014 1.0000 1.0000 1.0000 1.0000 0.3534 0.1085 0.0333 0.0102 0.0031 0.0010 1.0000 1.0000 1.0000 0.7824 0.2402 0.0737 0.0227 0.0069 0.0023 0.0004
0.0012 0.0075 0.0222 0.0734 0.2388 0.7780 1.0000 1.0000 1.0000 0.0010 0.0031 0.0102 0.0331 0.1078 0.3513 1.0000 1.0000 1.0000 1.0000 0.0014 0.0046 0.0150 0.0487 0.1587 0.5169 1.0000 1.0000 1.0000 0.0006 0.0021 0.0067 0.0220 0.0715 0.2330 0.7590 1.0000 1.0000 1.0000 0.0009 0.0030 0.0099 0.0323 0.1050 0.3421 1.0000 1.0000 1.0000 1.0000 0.0013 0.0050 0.0113 0.0050 0.0013 1.0000 1.0000 1.0000 1.0000 0.3421 0.1050 0.0323 0.0099 0.0030 0.0009 1.0000 1.0000 1.0000 0.7590 0.2330 0.0715 0.0220 0.0067 0.0021 0.0006 1.0000 1.0000 1.0000 0.5169 0.1587 0.0487 0.0150 0.0046 0.0014 1.0000 1.0000 1.0000 1.0000 0.3513 0.1078 0.0331 0.0102 0.0031 0.0010 1.0000 1.0000 1.0000 0.7780 0.2388 0.0734 0.0222 0.0075 0.0012
0.0038 0.0242 0.0721 0.2379 0.7736 1.0000 1.0000 1.0000 0.0010 0.0031 0.0101 0.0329 0.1072 0.3493 1.0000 1.0000 1.0000 1.0000 0.0014 0.0046 0.0149 0.0484 0.1578 0.5139 1.0000 1.0000 1.0000 0.0006 0.0021 0.0067 0.0218 0.0711 0.2317 0.7547 1.0000 1.0000 1.0000 0.0009 0.0030 0.0099 0.0321 0.1046 0.3408 1.0000 1.0000 1.0000 1.0000 0.0013 0.0044 0.0163 0.0370 0.0163 0.0044 0.0013 1.0000 1.0000 1.0000 1.0000 0.3408 0.1046 0.0321 0.0099 0.0030 0.0009 1.0000 1.0000 1.0000 0.7547 0.2317 0.0711 0.0218 0.0067 0.0021 0.0006 1.0000 1.0000 1.0000 0.5139 0.1578 0.0484 0.0149 0.0046 0.0014 1.0000 1.0000 1.0000 1.0000 0.3493 0.1072 0.0329 0.0101 0.0031 0.0010 1.0000 1.0000 1.0000 0.7736 0.2379 0.0721 0.0242 0.0038
0.0124 0.0784 0.2334 0.7706 1.0000 1.0000 1.0000 0.0009 0.0031 0.0100 0.0327 0.1066 0.3474 1.0000 1.0000 1.0000 1.0000 0.0014 0.0045 0.0148 0.0482 0.1569 0.5110 1.0000 1.0000 1.0000 0.0006 0.0020 0.0067 0.0217 0.0707 0.2303 0.7504 1.0000 1.0000 1.0000 0.0009 0.0030 0.0098 0.0319 0.1040 0.3389 1.0000 1.0000 1.0000 1.0000 0.0013 0.0044 0.0142 0.0532 0.1204 0.0532 0.0142 0.0044 0.0013 1.0000 1.0000 1.0000 1.0000 0.3389 0.1040 0.0319 0.0098 0.0030 0.0009 1.0000 1.0000 1.0000 0.7504 0.2303 0.0707 0.0217 0.0067 0.0020 0.0006 1.0000 1.0000 1.0000 0.5110 0.1569 0.0482 0.0148 0.0045 0.0014 1.0000 1.0000 1.0000 1.0000 0.3474 0.1066 0.0327 0.0100 0.0031 0.0009 1.0000 1.0000 1.0000 0.7706 0.2334 0.0784 0.0124
0.0401 0.2538 0.7561 1.0000 1.0000 1.0000 0.0009 0.0031 0.0100 0.0325 0.1060 0.3454 1.0000 1.0000 1.0000 1.0000 0.0014 0.0045 0.0147 0.0479 0.1560 0.5081 1.0000 1.0000 1.0000 0.0006 0.0020 0.0066 0.0216 0.0703 0.2290 0.7461 1.0000 1.0000 1.0000 0.0009 0.0030 0.0097 0.0317 0.1034 0.3369 1.0000 1.0000 1.0000 1.0000 0.0013 0.0044 0.0142 0.0464 0.1735 0.3931 0.1735 0.0464 0.0142 0.0044 0.0013 1.0000 1.0000 1.0000 1.0000 0.3369 0.1034 0.0317 0.0097 0.0030 0.0009 1.0000 1.0000 1.0000 0.7461 0.2290 0.0703 0.0216 0.0066 0.0020 0.0006 1.0000 1.0000 1.0000 0.5081 0.1560 0.0479 0.0147 0.0045 0.0014 1.0000 1.0000 1.0000 1.0000 0.3454 0.1060 0.0325 0.0100 0.0031 0.0009 1.0000 1.0000 1.0000 0.7561 0.2538 0.0401
0.1299 0.8221 1.0000 1.0000 1.0000 0.0009 0.0030 0.0099 0.0324 0.1054 0.3434 1.0000 1.0000 1.0000 1.0000 0.0014 0.0045 0.0146 0.0476 0.1551 0.5052 1.0000 1.0000 1.0000 0.0006 0.0020 0.0066 0.0215 0.0699 0.2277 0.7419 1.0000 1.0000 1.0000 0.0009 0.0030 0.0097 0.0316 0.1028 0.3350 1.0000 1.0000 1.0000 1.0000 0.0013 0.0044 0.0142 0.0462 0.1510 0.5641 1.0000 0.5620 0.1502 0.0460 0.0142 0.0044 0.0013 1.0000 1.0000 1.0000 1.0000 0.3338 0.1025 0.0314 0.0097 0.0030 0.0009 1.0000 1.0000 1.0000 0.7391 0.2269 0.0696 0.0214 0.0066 0.0020 0.0006 1.0000 1.0000 1.0000 0.5024 0.1545 0.0473 0.0146 0.0045 0.0014 1.0000 1.0000 1.0000 1.0000 0.3421 0.1050 0.0322 0.0099 0.0030 0.0009 1.0000 1.0000 1.0000 0.8174 0.1295
0.4209 1.0000 1.0000 1.0000 0.0009 0.0030 0.0099 0.0322 0.1048 0.3415 1.0000 1.0000 1.0000 1.0000 0.0014 0.0045 0.0145 0.0473 0.1542 0.5024 1.0000 1.0000 1.0000 0.0006 0.0020 0.0065 0.0213 0.0695 0.2264 0.7376 1.0000 1.0000 1.0000 0.0009 0.0030 0.0096 0.0314 0.1023 0.3331 1.0000 1.0000 1.0000 1.0000 0.0013 0.0044 0.0142 0.0462 0.1496 0.4910 1.0000 1.0000 1.0000 0.4910 0.1502 0.0464 0.0142 0.0044 0.0013 1.0000 1.0000 1.0000 1.0000 0.3344 0.1026 0.0315 0.0097 0.0030 0.0009 1.0000 1.0000 1.0000 0.7405 0.2273 0.0698 0.0214 0.0066 0.0020 0.0006 1.0000 1.0000 1.0000 0.5043 0.1548 0.0475 0.0146 0.0045 0.0014 1.0000 1.0000 1.0000 1.0000 0.3428 0.1052 0.0323 0.0099 0.0030 0.0009 1.0000 1.0000 1.0000 0.4266
1.0000 1.0000 1.0000 0.0009 0.0030 0.0098 0.0320 0.1042 0.3395 1.0000 1.0000 1.0000 1.0000 0.0014 0.0044 0.0144 0.0471 0.1533 0.4995 1.0000 1.0000 1.0000 1.0000 0.0020 0.0065 0.0212 0.0691 0.2251 0.7335 1.0000 1.0000 1.0000 0.0009 0.0029 0.0096 0.0312 0.1017 0.3312 1.0000 1.0000 1.0000 1.0000 0.0013 0.0043 0.0141 0.0459 0.1496 0.4854 1.0000 1.0000 1.0000 1.0000 1.0000 0.5609 0.1732 0.0532 0.0163 0.0050 0.0015 1.0000 1.0000 1.0000 1.0000 0.3835 0.1177 0.0361 0.0111 0.0034 0.0010 1.0000 1.0000 1.0000 0.8491 0.2606 0.0800 0.0246 0.0075 0.0023 0.0007 1.0000 1.0000 1.0000 0.5783 0.1775 0.0545 0.0167 0.0051 0.0016 1.0000 1.0000 1.0000 1.0000 0.3931 0.1207 0.0370 0.0114 0.0035 0.0011 1.0000 1.0000 1.0000
1.0000 1.0000 0.0009 0.0030 0.0098 0.0318 0.1036 0.3376 1.0000 1.0000 1.0000 1.0000 0.0014 0.0044 0.0144 0.0468 0.1525 0.4967 1.0000 1.0000 1.0000 1.0000 0.0020 0.0065 0.0211 0.0687 0.2239 0.7293 1.0000 1.0000 1.0000 0.0009 0.0029 0.0095 0.0310 0.1011 0.3293 1.0000 1.0000 1.0000 1.0000 0.0013 0.0043 0.0140 0.0457 0.1487 0.4845 1.0000 1.0000 1.0000 1.0000 1.0000 1.0000 1.0000 0.3923 0.1204 0.0370 0.0113 0.0035 0.0011 1.0000 1.0000 1.0000 0.8687 0.2672 0.0819 0.0252 0.0077 0.0024 1.0000 1.0000 1.0000 1.0000 0.5905 0.1816 0.0556 0.0171 0.0052 0.0016 1.0000 1.0000 1.0000 1.0000 0.4021 0.1237 0.0379 0.0117 0.0036 0.0011 1.0000 1.0000 1.0000 0.8922 0.2733 0.0841 0.0258 0.0079 0.0024 1.0000 1.0000 1.0000
1.0000 0.0010 0.0029 0.0097 0.0316 0.1030 0.3357 1.0000 1.0000 1.0000 1.0000 0.0013 0.0044 0.0143 0.0465 0.1516 0.4938 1.0000 1.0000 1.0000 1.0000 0.0020 0.0064 0.0210 0.0683 0.2226 0.7251 1.0000 1.0000 1.0000 0.0009 0.0029 0.0095 0.0309 0.1005 0.3275 1.0000 1.0000 1.0000 1.0000 0.0013 0.0043 0.0139 0.0454 0.1479 0.4818 1.0000 1.0000 1.0000 1.0000 1.0000 1.0000 1.0000 0.5927 0.1735 0.0532 0.0163 0.0050 0.0015 1.0000 1.0000 1.0000 1.0000 0.3835 0.1177 0.0361 0.0111 0.0034 0.0010 1.0000 1.0000 1.0000 0.8491 0.2606 0.0800 0.0246 0.0075 0.0023 0.0007 1.0000 1.0000 1.0000 0.5783 0.1775 0.0545 0.0167 0.0051 0.0016 1.0000 1.0000 1.0000 1.0000 0.3931 0.1207 0.0370 0.0114 0.0035 0.0011 1.0000 1.0000 1.0000
0.0005 0.0032 0.0095 0.0313 0.1019 0.3319 1.0000 1.0000 1.0000 1.0000 0.0013 0.0043 0.0141 0.0460 0.1499 0.4882 1.0000 1.0000 1.0000 1.0000 0.0020 0.0064 0.0207 0.0676 0.2201 0.7169 1.0000 1.0000 1.0000 0.0009 0.0029 0.0094 0.0305 0.0994 0.3238 1.0000 1.0000 1.0000 1.0000 0.0013 0.0042 0.0138 0.0449 0.1462 0.4763 1.0000 1.0000 1.0000 1.0000 0.0020 0.0029 0.1040 0.5288 0.1689 0.0460 0.0142 0.0044 0.0013 1.0000 1.0000 1.0000 1.0000 0.3344 0.1026 0.0315 0.0097 0.0030 0.0009 1.0000 1.0000 1.0000 0.7405 0.2273 0.0698 0.0214 0.0066 0.0020 0.0006 1.0000 1.0000 1.0000 0.5043 0.1548 0.0475 0.0146 0.0045 0.0014 1.0000 1.0000 1.0000 1.0000 0.3428 0.1052 0.0323 0.0099 0.0030 0.0009 1.0000 1.0000 1.0000 0.4266
0.0017 0.0105 0.0312 0.1026 0.3338 1.0000 1.0000 1.0000 1.0000 0.0013 0.0044 0.0142 0.0464 0.1510 0.4920 1.0000 1.0000 1.0000 1.0000 0.0020 0.0064 0.0209 0.0682 0.2222 0.7238 1.0000 1.0000 1.0000 0.0009 0.0029 0.0095 0.0308 0.1003 0.3268 1.0000 1.0000 1.0000 1.0000 0.0013 0.0043 0.0139 0.0452 0.1473 0.4799 1.0000 1.0000 1.0000 1.0000 0.0020 0.0063 0.0121 0.1945 0.2167 0.0461 0.0140 0.0044 0.0013 1.0000 1.0000 1.0000 1.0000 0.3338 0.1025 0.0314 0.0097 0.0030 0.0009 1.0000 1.0000 1.0000 0.7391 0.2269 0.0696 0.0214 0.0066 0.0020 0.0006 1.0000 1.0000 1.0000 0.5024 0.1545 0.0473 0.0146 0.0045 0.0014 1.0000 1.0000 1.0000 1.0000 0.3421 0.1050 0.0322 0.0099 0.0030 0.0009 1.0000 1.0000 1.0000 0.8174 0.1295
0.0064 0.0404 0.1200 0.3961 1.0000 1.0000 1.0000 1.0000 0.0016 0.0052 0.0168 0.0548 0.1785 0.5816 1.0000 1.0000 1.0000 1.0000 0.0023 0.0076 0.0247 0.0806 0.2626 0.8556 1.0000 1.0000 1.0000 0.0011 0.0034 0.0112 0.0364 0.1186 0.3864 1.0000 1.0000 1.0000 1.0000 0.0015 0.0050 0.0164 0.0535 0.1742 0.5674 1.0000 1.0000 1.0000 1.0000 0.0023 0.0075 0.0241 0.0899 0.1937 0.0515 0.0139 0.0044 0.0014 1.0000 1.0000 1.0000 1.0000 0.3369 0.1034 0.0317 0.0097 0.0030 0.0009 1.0000 1.0000 1.0000 0.7461 0.2290 0.0703 0.0216 0.0066 0.0020 0.0006 1.0000 1.0000 1.0000 0.5081 0.1560 0.0479 0.0147 0.0045 0.0014 1.0000 1.0000 1.0000 1.0000 0.3454 0.1060 0.0325 0.0100 0.0031 0.0009 1.0000 1.0000 1.0000 0.7561 0.2538 0.0401
0.0126 0.0759 0.2247 0.7376 1.0000 1.0000 1.0000 0.0009 0.0029 0.0096 0.0313 0.1019 0.3319 1.0000 1.0000 1.0000 1.0000 0.0013 0.0043 0.0141 0.0460 0.1499 0.4882 1.0000 1.0000 1.0000 1.0000 0.0020 0.0064 0.0208 0.0677 0.2205 0.7183 1.0000 1.0000 1.0000 0.0009 0.0029 0.0094 0.0305 0.0994 0.3238 1.0000 1.0000 1.0000 1.0000 0.0013 0.0042 0.0137 0.0481 0.1297 0.0605 0.0140 0.0043 0.0014 1.0000 1.0000 1.0000 1.0000 0.3389 0.1040 0.0319 0.0098 0.0030 0.0009 1.0000 1.0000 1.0000 0.7504 0.2303 0.0707 0.0217 0.0067 0.0020 0.0006 1.0000 1.0000 1.0000 0.5110 0.1569 0.0482 0.0148 0.0045 0.0014 1.0000 1.0000 1.0000 1.0000 0.3474 0.1066 0.0327 0.0100 0.0031 0.0009 1.0000 1.0000 1.0000 0.7706 0.2334 0.0784 0.0124
