0.4312 0.3816 0.2905 0.2439 0.2618 0.3005 0.3522 0.4002 0.4247 0.4300 0.4134 0.3617 0.2675 0.2449 0.2710 0.3140 0.3672 0.4094 0.4280 0.4278 0.4036 0.3352 0.2528 0.2502 0.2815 0.3285 0.3813 0.4166 0.4300 0.4238 0.3907 0.3064 0.2455 0.2572 0.2932 0.3435 0.3939 0.4222 0.4305 0.4178 0.3738 0.2798 0.2438 0.2656 0.3061 0.3587 0.4044 0.4262 0.4293 0.4048 0.3666 0.4048 0.4293 0.4262 0.4044 0.3587 0.3061 0.2656 0.2438 0.2798 0.3738 0.4178 0.4305 0.4222 0.3939 0.3435 0.2932 0.2572 0.2455 0.3064 0.3907 0.4238 0.4300 0.4166 0.3813 0.3285 0.2815 0.2502 0.2528 0.3352 0.4036 0.4278 0.4280 0.4094 0.3672 0.3140 0.2710 0.2449 0.2675 0.3617 0.4134 0.4300 0.4247 0.4002 0.3522 0.3005 0.2618 0.2439 0.2905 0.3816 0.4312
0.3816 0.2400 0.1808 0.2125 0.2692 0.3408 0.4057 0.4299 0.4243 0.3951 0.3286 0.2095 0.1837 0.2266 0.2881 0.3615 0.4166 0.4308 0.4185 0.3816 0.2961 0.1908 0.1933 0.2421 0.3081 0.3809 0.4239 0.4297 0.4110 0.3647 0.2602 0.1823 0.2052 0.2589 0.3289 0.3977 0.4283 0.4268 0.4015 0.3435 0.2257 0.1812 0.2184 0.2771 0.3498 0.4109 0.4305 0.4221 0.3895 0.3100 0.2274 0.3100 0.3895 0.4221 0.4305 0.4109 0.3498 0.2771 0.2184 0.1812 0.2257 0.3435 0.4015 0.4268 0.4283 0.3977 0.3289 0.2589 0.2052 0.1823 0.2602 0.3647 0.4110 0.4297 0.4239 0.3809 0.3081 0.2421 0.1933 0.1908 0.2961 0.3816 0.4185 0.4308 0.4166 0.3615 0.2881 0.2266 0.1837 0.2095 0.3286 0.3951 0.4243 0.4299 0.4057 0.3408 0.2692 0.2125 0.1808 0.2400 0.3816
0.2905 0.1808 0.2125 0.2693 0.3409 0.4049 0.4277 0.4226 0.3948 0.3280 0.2089 0.1837 0.2267 0.2883 0.3614 0.4153 0.4286 0.4173 0.3813 0.2953 0.1904 0.1934 0.2422 0.3083 0.3806 0.4221 0.4276 0.4103 0.3643 0.2594 0.1821 0.2053 0.2591 0.3290 0.3971 0.4263 0.4249 0.4012 0.3430 0.2251 0.1811 0.2185 0.2773 0.3498 0.4098 0.4283 0.4206 0.3895 0.3140 0.1983 0.1740 0.1983 0.3140 0.3895 0.4206 0.4283 0.4098 0.3498 0.2773 0.2185 0.1811 0.2251 0.3430 0.4012 0.4249 0.4263 0.3971 0.3290 0.2591 0.2053 0.1821 0.2594 0.3643 0.4103 0.4276 0.4221 0.3806 0.3083 0.2422 0.1934 0.1904 0.2953 0.3813 0.4173 0.4286 0.4153 0.3614 0.2883 0.2267 0.1837 0.2089 0.3280 0.3948 0.4226 0.4277 0.4049 0.3409 0.2693 0.2125 0.1808 0.2905
0.2439 0.2125 0.2693 0.3411 0.4052 0.4279 0.4226 0.3946 0.3275 0.2085 0.1838 0.2270 0.2887 0.3619 0.4156 0.4288 0.4173 0.3810 0.2947 0.1902 0.1936 0.2425 0.3087 0.3810 0.4224 0.4278 0.4102 0.3640 0.2588 0.1820 0.2055 0.2594 0.3294 0.3975 0.4265 0.4250 0.4010 0.3425 0.2245 0.1812 0.2188 0.2777 0.3502 0.4102 0.4285 0.4205 0.3891 0.3144 0.1995 0.1884 0.2090 0.1884 0.1995 0.3144 0.3891 0.4205 0.4285 0.4102 0.3502 0.2777 0.2188 0.1812 0.2245 0.3425 0.4010 0.4250 0.4265 0.3975 0.3294 0.2594 0.2055 0.1820 0.2588 0.3640 0.4102 0.4278 0.4224 0.3810 0.3087 0.2425 0.1936 0.1902 0.2947 0.3810 0.4173 0.4288 0.4156 0.3619 0.2887 0.2270 0.1838 0.2085 0.3275 0.3946 0.4226 0.4279 0.4052 0.3411 0.2693 0.2125 0.2439
0.2618 0.2692 0.3409 0.4052 0.4279 0.4226 0.3943 0.3270 0.2081 0.1839 0.2273 0.2890 0.3622 0.4157 0.4288 0.4171 0.3807 0.2941 0.1900 0.1938 0.2428 0.3090 0.3813 0.4225 0.4277 0.4100 0.3637 0.2582 0.1819 0.2057 0.2597 0.3297 0.3977 0.4265 0.4249 0.4008 0.3421 0.2240 0.1812 0.2190 0.2780 0.3505 0.4103 0.4285 0.4204 0.3889 0.3138 0.1988 0.1891 0.2355 0.2655 0.2355 0.1891 0.1988 0.3138 0.3889 0.4204 0.4285 0.4103 0.3505 0.2780 0.2190 0.1812 0.2240 0.3421 0.4008 0.4249 0.4265 0.3977 0.3297 0.2597 0.2057 0.1819 0.2582 0.3637 0.4100 0.4277 0.4225 0.3813 0.3090 0.2428 0.1938 0.1900 0.2941 0.3807 0.4171 0.4288 0.4157 0.3622 0.2890 0.2273 0.1839 0.2081 0.3270 0.3943 0.4226 0.4279 0.4052 0.3409 0.2692 0.2618
0.3005 0.3408 0.4049 0.4279 0.4226 0.3942 0.3266 0.2077 0.1841 0.2275 0.2893 0.3625 0.4159 0.4288 0.4170 0.3805 0.2935 0.1898 0.1940 0.2431 0.3094 0.3816 0.4226 0.4277 0.4099 0.3633 0.2575 0.1819 0.2060 0.2600 0.3301 0.3979 0.4266 0.4248 0.4006 0.3417 0.2234 0.1813 0.2193 0.2783 0.3509 0.4105 0.4285 0.4203 0.3887 0.3132 0.1985 0.1877 0.2360 0.3006 0.3387 0.3006 0.2360 0.1877 0.1985 0.3132 0.3887 0.4203 0.4285 0.4105 0.3509 0.2783 0.2193 0.1813 0.2234 0.3417 0.4006 0.4248 0.4266 0.3979 0.3301 0.2600 0.2060 0.1819 0.2575 0.3633 0.4099 0.4277 0.4226 0.3816 0.3094 0.2431 0.1940 0.1898 0.2935 0.3805 0.4170 0.4288 0.4159 0.3625 0.2893 0.2275 0.1841 0.2077 0.3266 0.3942 0.4226 0.4279 0.4049 0.3408 0.3005
0.3522 0.4057 0.4277 0.4226 0.3943 0.3266 0.2075 0.1842 0.2277 0.2897 0.3629 0.4160 0.4288 0.4169 0.3802 0.2929 0.1896 0.1942 0.2433 0.3097 0.3819 0.4226 0.4276 0.4097 0.3630 0.2569 0.1818 0.2062 0.2603 0.3305 0.3982 0.4267 0.4248 0.4004 0.3413 0.2229 0.1813 0.2195 0.2786 0.3513 0.4107 0.4286 0.4203 0.3885 0.3126 0.1982 0.1879 0.2341 0.3005 0.3751 0.4065 0.3751 0.3005 0.2341 0.1879 0.1982 0.3126 0.3885 0.4203 0.4286 0.4107 0.3513 0.2786 0.2195 0.1813 0.2229 0.3413 0.4004 0.4248 0.4267 0.3982 0.3305 0.2603 0.2062 0.1818 0.2569 0.3630 0.4097 0.4276 0.4226 0.3819 0.3097 0.2433 0.1942 0.1896 0.2929 0.3802 0.4169 0.4288 0.4160 0.3629 0.2897 0.2277 0.1842 0.2075 0.3266 0.3943 0.4226 0.4277 0.4057 0.3522
0.4002 0.4299 0.4226 0.3946 0.3270 0.2077 0.1842 0.2278 0.2899 0.3632 0.4162 0.4287 0.4168 0.3800 0.2923 0.1894 0.1944 0.2436 0.3101 0.3822 0.4227 0.4276 0.4096 0.3627 0.2563 0.1817 0.2064 0.2606 0.3308 0.3984 0.4267 0.4247 0.4002 0.3408 0.2224 0.1814 0.2197 0.2790 0.3516 0.4109 0.4286 0.4202 0.3882 0.3120 0.1979 0.1881 0.2344 0.2982 0.3733 0.4217 0.4279 0.4217 0.3733 0.2982 0.2344 0.1881 0.1979 0.3120 0.3882 0.4202 0.4286 0.4109 0.3516 0.2790 0.2197 0.1814 0.2224 0.3408 0.4002 0.4247 0.4267 0.3984 0.3308 0.2606 0.2064 0.1817 0.2563 0.3627 0.4096 0.4276 0.4227 0.3822 0.3101 0.2436 0.1944 0.1894 0.2923 0.3800 0.4168 0.4287 0.4162 0.3632 0.2899 0.2278 0.1842 0.2077 0.3270 0.3946 0.4226 0.4299 0.4002
0.4247 0.4243 0.3948 0.3275 0.2081 0.1841 0.2277 0.2899 0.3633 0.4163 0.4288 0.4167 0.3797 0.2917 0.1892 0.1946 0.2439 0.3104 0.3825 0.4228 0.4276 0.4095 0.3623 0.2557 0.1817 0.2066 0.2609 0.3312 0.3987 0.4268 0.4246 0.4001 0.3404 0.2219 0.1814 0.2200 0.2793 0.3520 0.4110 0.4286 0.4201 0.3880 0.3114 0.1976 0.1883 0.2347 0.2986 0.3717 0.4196 0.4278 0.4172 0.4278 0.4196 0.3717 0.2986 0.2347 0.1883 0.1976 0.3114 0.3880 0.4201 0.4286 0.4110 0.3520 0.2793 0.2200 0.1814 0.2219 0.3404 0.4001 0.4246 0.4268 0.3987 0.3312 0.2609 0.2066 0.1817 0.2557 0.3623 0.4095 0.4276 0.4228 0.3825 0.3104 0.2439 0.1946 0.1892 0.2917 0.3797 0.4167 0.4288 0.4163 0.3633 0.2899 0.2277 0.1841 0.2081 0.3275 0.3948 0.4243 0.4247
0.4300 0.3951 0.3280 0.2085 0.1839 0.2275 0.2897 0.3632 0.4163 0.4288 0.4166 0.3794 0.2911 0.1890 0.1948 0.2442 0.3108 0.3828 0.4229 0.4275 0.4093 0.3620 0.2550 0.1816 0.2068 0.2612 0.3315 0.3989 0.4268 0.4246 0.3999 0.3400 0.2213 0.1815 0.2202 0.2796 0.3523 0.4112 0.4286 0.4200 0.3877 0.3109 0.1973 0.1885 0.2350 0.2991 0.3721 0.4195 0.4285 0.4105 0.3827 0.4105 0.4285 0.4195 0.3721 0.2991 0.2350 0.1885 0.1973 0.3109 0.3877 0.4200 0.4286 0.4112 0.3523 0.2796 0.2202 0.1815 0.2213 0.3400 0.3999 0.4246 0.4268 0.3989 0.3315 0.2612 0.2068 0.1816 0.2550 0.3620 0.4093 0.4275 0.4229 0.3828 0.3108 0.2442 0.1948 0.1890 0.2911 0.3794 0.4166 0.4288 0.4163 0.3632 0.2897 0.2275 0.1839 0.2085 0.3280 0.3951 0.4300
0.4134 0.3286 0.2089 0.1838 0.2273 0.2893 0.3629 0.4162 0.4288 0.4166 0.3793 0.2906 0.1888 0.1950 0.2445 0.3111 0.3831 0.4230 0.4275 0.4092 0.3617 0.2544 0.1815 0.2071 0.2615 0.3319 0.3992 0.4269 0.4245 0.3997 0.3395 0.2208 0.1815 0.2205 0.2799 0.3527 0.4114 0.4286 0.4199 0.3875 0.3103 0.1970 0.1886 0.2352 0.2994 0.3725 0.4197 0.4285 0.4136 0.3662 0.3087 0.3662 0.4136 0.4285 0.4197 0.3725 0.2994 0.2352 0.1886 0.1970 0.3103 0.3875 0.4199 0.4286 0.4114 0.3527 0.2799 0.2205 0.1815 0.2208 0.3395 0.3997 0.4245 0.4269 0.3992 0.3319 0.2615 0.2071 0.1815 0.2544 0.3617 0.4092 0.4275 0.4230 0.3831 0.3111 0.2445 0.1950 0.1888 0.2906 0.3793 0.4166 0.4288 0.4162 0.3629 0.2893 0.2273 0.1838 0.2089 0.3286 0.4134
0.3617 0.2095 0.1837 0.2270 0.2890 0.3625 0.4160 0.4287 0.4167 0.3794 0.2906 0.1887 0.1952 0.2447 0.3115 0.3834 0.4231 0.4275 0.4090 0.3613 0.2538 0.1815 0.2073 0.2618 0.3323 0.3994 0.4269 0.4244 0.3995 0.3391 0.2203 0.1816 0.2207 0.2803 0.3530 0.4116 0.4286 0.4198 0.3873 0.3097 0.1967 0.1888 0.2355 0.2997 0.3728 0.4198 0.4284 0.4136 0.3718 0.2719 0.1952 0.2719 0.3718 0.4136 0.4284 0.4198 0.3728 0.2997 0.2355 0.1888 0.1967 0.3097 0.3873 0.4198 0.4286 0.4116 0.3530 0.2803 0.2207 0.1816 0.2203 0.3391 0.3995 0.4244 0.4269 0.3994 0.3323 0.2618 0.2073 0.1815 0.2538 0.3613 0.4090 0.4275 0.4231 0.3834 0.3115 0.2447 0.1952 0.1887 0.2906 0.3794 0.4167 0.4287 0.4160 0.3625 0.2890 0.2270 0.1837 0.2095 0.3617
0.2675 0.1837 0.2267 0.2887 0.3622 0.4159 0.4288 0.4168 0.3797 0.2911 0.1888 0.1952 0.2448 0.3118 0.3837 0.4232 0.4274 0.4089 0.3610 0.2532 0.1814 0.2075 0.2622 0.3326 0.3997 0.4269 0.4244 0.3993 0.3387 0.2198 0.1817 0.2210 0.2806 0.3534 0.4117 0.4286 0.4197 0.3870 0.3091 0.1964 0.1890 0.2358 0.3001 0.3731 0.4199 0.4284 0.4134 0.3718 0.2733 0.1842 0.1815 0.1842 0.2733 0.3718 0.4134 0.4284 0.4199 0.3731 0.3001 0.2358 0.1890 0.1964 0.3091 0.3870 0.4197 0.4286 0.4117 0.3534 0.2806 0.2210 0.1817 0.2198 0.3387 0.3993 0.4244 0.4269 0.3997 0.3326 0.2622 0.2075 0.1814 0.2532 0.3610 0.4089 0.4274 0.4232 0.3837 0.3118 0.2448 0.1952 0.1888 0.2911 0.3797 0.4168 0.4288 0.4159 0.3622 0.2887 0.2267 0.1837 0.2675
0.2449 0.2266 0.2883 0.3619 0.4157 0.4288 0.4169 0.3800 0.2917 0.1890 0.1950 0.2447 0.3118 0.3839 0.4232 0.4274 0.4087 0.3606 0.2525 0.1814 0.2077 0.2625 0.3330 0.3999 0.4270 0.4243 0.3991 0.3382 0.2193 0.1817 0.2212 0.2809 0.3537 0.4119 0.4287 0.4196 0.3868 0.3085 0.1961 0.1892 0.2361 0.3004 0.3735 0.4200 0.4284 0.4133 0.3714 0.2735 0.1852 0.2018 0.2254 0.2018 0.1852 0.2735 0.3714 0.4133 0.4284 0.4200 0.3735 0.3004 0.2361 0.1892 0.1961 0.3085 0.3868 0.4196 0.4287 0.4119 0.3537 0.2809 0.2212 0.1817 0.2193 0.3382 0.3991 0.4243 0.4270 0.3999 0.3330 0.2625 0.2077 0.1814 0.2525 0.3606 0.4087 0.4274 0.4232 0.3839 0.3118 0.2447 0.1950 0.1890 0.2917 0.3800 0.4169 0.4288 0.4157 0.3619 0.2883 0.2266 0.2449
0.2710 0.2881 0.3614 0.4156 0.4288 0.4170 0.3802 0.2923 0.1892 0.1948 0.2445 0.3115 0.3837 0.4232 0.4274 0.4086 0.3603 0.2519 0.1813 0.2079 0.2628 0.3333 0.4002 0.4270 0.4242 0.3989 0.3378 0.2188 0.1818 0.2215 0.2813 0.3541 0.4121 0.4287 0.4195 0.3866 0.3079 0.1958 0.1894 0.2363 0.3008 0.3738 0.4201 0.4283 0.4131 0.3711 0.2728 0.1842 0.2025 0.2549 0.2880 0.2549 0.2025 0.1842 0.2728 0.3711 0.4131 0.4283 0.4201 0.3738 0.3008 0.2363 0.1894 0.1958 0.3079 0.3866 0.4195 0.4287 0.4121 0.3541 0.2813 0.2215 0.1818 0.2188 0.3378 0.3989 0.4242 0.4270 0.4002 0.3333 0.2628 0.2079 0.1813 0.2519 0.3603 0.4086 0.4274 0.4232 0.3837 0.3115 0.2445 0.1948 0.1892 0.2923 0.3802 0.4170 0.4288 0.4156 0.3614 0.2881 0.2710
0.3140 0.3615 0.4153 0.4288 0.4171 0.3805 0.2929 0.1894 0.1946 0.2442 0.3111 0.3834 0.4232 0.4274 0.4086 0.3601 0.2514 0.1813 0.2082 0.2631 0.3337 0.4004 0.4271 0.4242 0.3987 0.3373 0.2183 0.1819 0.2217 0.2816 0.3545 0.4123 0.4287 0.4194 0.3863 0.3073 0.1955 0.1896 0.2366 0.3011 0.3741 0.4202 0.4283 0.4130 0.3707 0.2722 0.1841 0.2009 0.2553 0.3250 0.3637 0.3250 0.2553 0.2009 0.1841 0.2722 0.3707 0.4130 0.4283 0.4202 0.3741 0.3011 0.2366 0.1896 0.1955 0.3073 0.3863 0.4194 0.4287 0.4123 0.3545 0.2816 0.2217 0.1819 0.2183 0.3373 0.3987 0.4242 0.4271 0.4004 0.3337 0.2631 0.2082 0.1813 0.2514 0.3601 0.4086 0.4274 0.4232 0.3834 0.3111 0.2442 0.1946 0.1894 0.2929 0.3805 0.4171 0.4288 0.4153 0.3615 0.3140
0.3672 0.4166 0.4286 0.4173 0.3807 0.2935 0.1896 0.1944 0.2439 0.3108 0.3831 0.4231 0.4274 0.4087 0.3603 0.2514 0.1812 0.2083 0.2634 0.3341 0.4007 0.4271 0.4241 0.3985 0.3369 0.2178 0.1819 0.2220 0.2819 0.3548 0.4124 0.4287 0.4193 0.3861 0.3068 0.1952 0.1898 0.2369 0.3015 0.3745 0.4203 0.4283 0.4129 0.3704 0.2716 0.1840 0.2011 0.2532 0.3244 0.3958 0.4188 0.3958 0.3244 0.2532 0.2011 0.1840 0.2716 0.3704 0.4129 0.4283 0.4203 0.3745 0.3015 0.2369 0.1898 0.1952 0.3068 0.3861 0.4193 0.4287 0.4124 0.3548 0.2819 0.2220 0.1819 0.2178 0.3369 0.3985 0.4241 0.4271 0.4007 0.3341 0.2634 0.2083 0.1812 0.2514 0.3603 0.4087 0.4274 0.4231 0.3831 0.3108 0.2439 0.1944 0.1896 0.2935 0.3807 0.4173 0.4286 0.4166 0.3672
0.4094 0.4308 0.4173 0.3810 0.2941 0.1898 0.1942 0.2436 0.3104 0.3828 0.4230 0.4275 0.4089 0.3606 0.2519 0.1813 0.2083 0.2635 0.3344 0.4009 0.4272 0.4240 0.3984 0.3365 0.2173 0.1820 0.2222 0.2823 0.3552 0.4126 0.4287 0.4192 0.3858 0.3062 0.1949 0.1899 0.2371 0.3018 0.3748 0.4204 0.4283 0.4127 0.3701 0.2709 0.1839 0.2014 0.2535 0.3222 0.3935 0.4268 0.4268 0.4268 0.3935 0.3222 0.2535 0.2014 0.1839 0.2709 0.3701 0.4127 0.4283 0.4204 0.3748 0.3018 0.2371 0.1899 0.1949 0.3062 0.3858 0.4192 0.4287 0.4126 0.3552 0.2823 0.2222 0.1820 0.2173 0.3365 0.3984 0.4240 0.4272 0.4009 0.3344 0.2635 0.2083 0.1813 0.2519 0.3606 0.4089 0.4275 0.4230 0.3828 0.3104 0.2436 0.1942 0.1898 0.2941 0.3810 0.4173 0.4308 0.4094
0.4280 0.4185 0.3813 0.2947 0.1900 0.1940 0.2433 0.3101 0.3825 0.4229 0.4275 0.4090 0.3610 0.2525 0.1813 0.2082 0.2634 0.3344 0.4010 0.4272 0.4240 0.3982 0.3360 0.2168 0.1821 0.2225 0.2826 0.3555 0.4128 0.4287 0.4191 0.3856 0.3056 0.1946 0.1901 0.2374 0.3022 0.3751 0.4206 0.4283 0.4126 0.3698 0.2703 0.1838 0.2016 0.2539 0.3227 0.3924 0.4255 0.4245 0.4091 0.4245 0.4255 0.3924 0.3227 0.2539 0.2016 0.1838 0.2703 0.3698 0.4126 0.4283 0.4206 0.3751 0.3022 0.2374 0.1901 0.1946 0.3056 0.3856 0.4191 0.4287 0.4128 0.3555 0.2826 0.2225 0.1821 0.2168 0.3360 0.3982 0.4240 0.4272 0.4010 0.3344 0.2634 0.2082 0.1813 0.2525 0.3610 0.4090 0.4275 0.4229 0.3825 0.3101 0.2433 0.1940 0.1900 0.2947 0.3813 0.4185 0.4280
0.4278 0.3816 0.2953 0.1902 0.1938 0.2431 0.3097 0.3822 0.4228 0.4275 0.4092 0.3613 0.2532 0.1814 0.2079 0.2631 0.3341 0.4009 0.4272 0.4239 0.3980 0.3355 0.2163 0.1822 0.2227 0.2829 0.3559 0.4129 0.4287 0.4190 0.3853 0.3050 0.1944 0.1903 0.2377 0.3025 0.3754 0.4207 0.4282 0.4125 0.3695 0.2697 0.1836 0.2018 0.2542 0.3231 0.3928 0.4254 0.4260 0.3998 0.3639 0.3998 0.4260 0.4254 0.3928 0.3231 0.2542 0.2018 0.1836 0.2697 0.3695 0.4125 0.4282 0.4207 0.3754 0.3025 0.2377 0.1903 0.1944 0.3050 0.3853 0.4190 0.4287 0.4129 0.3559 0.2829 0.2227 0.1822 0.2163 0.3355 0.3980 0.4239 0.4272 0.4009 0.3341 0.2631 0.2079 0.1814 0.2532 0.3613 0.4092 0.4275 0.4228 0.3822 0.3097 0.2431 0.1938 0.1902 0.2953 0.3816 0.4278
0.4036 0.2961 0.1904 0.1936 0.2428 0.3094 0.3819 0.4227 0.4276 0.4093 0.3617 0.2538 0.1814 0.2077 0.2628 0.3337 0.4007 0.4272 0.4240 0.3980 0.3353 0.2159 0.1822 0.2230 0.2833 0.3562 0.4131 0.4287 0.4189 0.3851 0.3044 0.1941 0.1905 0.2380 0.3029 0.3758 0.4208 0.4282 0.4124 0.3692 0.2690 0.1835 0.2020 0.2545 0.3235 0.3931 0.4255 0.4260 0.4038 0.3427 0.2715 0.3427 0.4038 0.4260 0.4255 0.3931 0.3235 0.2545 0.2020 0.1835 0.2690 0.3692 0.4124 0.4282 0.4208 0.3758 0.3029 0.2380 0.1905 0.1941 0.3044 0.3851 0.4189 0.4287 0.4131 0.3562 0.2833 0.2230 0.1822 0.2159 0.3353 0.3980 0.4240 0.4272 0.4007 0.3337 0.2628 0.2077 0.1814 0.2538 0.3617 0.4093 0.4276 0.4227 0.3819 0.3094 0.2428 0.1936 0.1904 0.2961 0.4036
0.3352 0.1908 0.1934 0.2425 0.3090 0.3816 0.4226 0.4276 0.4095 0.3620 0.2544 0.1815 0.2075 0.2625 0.3333 0.4004 0.4271 0.4240 0.3982 0.3355 0.2159 0.1822 0.2232 0.2836 0.3566 0.4133 0.4287 0.4188 0.3848 0.3038 0.1938 0.1907 0.2382 0.3032 0.3761 0.4209 0.4282 0.4122 0.3689 0.2684 0.1834 0.2022 0.2548 0.3238 0.3934 0.4256 0.4259 0.4038 0.3484 0.2308 0.1769 0.2308 0.3484 0.4038 0.4259 0.4256 0.3934 0.3238 0.2548 0.2022 0.1834 0.2684 0.3689 0.4122 0.4282 0.4209 0.3761 0.3032 0.2382 0.1907 0.1938 0.3038 0.3848 0.4188 0.4287 0.4133 0.3566 0.2836 0.2232 0.1822 0.2159 0.3355 0.3982 0.4240 0.4271 0.4004 0.3333 0.2625 0.2075 0.1815 0.2544 0.3620 0.4095 0.4276 0.4226 0.3816 0.3090 0.2425 0.1934 0.1908 0.3352
0.2528 0.1933 0.2422 0.3087 0.3813 0.4226 0.4276 0.4096 0.3623 0.2550 0.1815 0.2073 0.2622 0.3330 0.4002 0.4271 0.4241 0.3984 0.3360 0.2163 0.1822 0.2232 0.2837 0.3569 0.4134 0.4287 0.4187 0.3846 0.3032 0.1936 0.1909 0.2385 0.3036 0.3764 0.4210 0.4282 0.4121 0.3686 0.2678 0.1833 0.2024 0.2551 0.3242 0.3937 0.4257 0.4258 0.4035 0.3485 0.2320 0.1811 0.1938 0.1811 0.2320 0.3485 0.4035 0.4258 0.4257 0.3937 0.3242 0.2551 0.2024 0.1833 0.2678 0.3686 0.4121 0.4282 0.4210 0.3764 0.3036 0.2385 0.1909 0.1936 0.3032 0.3846 0.4187 0.4287 0.4134 0.3569 0.2837 0.2232 0.1822 0.2163 0.3360 0.3984 0.4241 0.4271 0.4002 0.3330 0.2622 0.2073 0.1815 0.2550 0.3623 0.4096 0.4276 0.4226 0.3813 0.3087 0.2422 0.1933 0.2528
0.2502 0.2421 0.3083 0.3810 0.4225 0.4277 0.4097 0.3627 0.2557 0.1816 0.2071 0.2618 0.3326 0.3999 0.4270 0.4242 0.3985 0.3365 0.2168 0.1822 0.2230 0.2836 0.3569 0.4135 0.4287 0.4186 0.3843 0.3026 0.1933 0.1911 0.2388 0.3039 0.3767 0.4211 0.4281 0.4120 0.3683 0.2672 0.1832 0.2026 0.2554 0.3245 0.3939 0.4257 0.4257 0.4033 0.3480 0.2319 0.1820 0.2171 0.2438 0.2171 0.1820 0.2319 0.3480 0.4033 0.4257 0.4257 0.3939 0.3245 0.2554 0.2026 0.1832 0.2672 0.3683 0.4120 0.4281 0.4211 0.3767 0.3039 0.2388 0.1911 0.1933 0.3026 0.3843 0.4186 0.4287 0.4135 0.3569 0.2836 0.2230 0.1822 0.2168 0.3365 0.3985 0.4242 0.4270 0.3999 0.3326 0.2618 0.2071 0.1816 0.2557 0.3627 0.4097 0.4277 0.4225 0.3810 0.3083 0.2421 0.2502
0.2815 0.3081 0.3806 0.4224 0.4277 0.4099 0.3630 0.2563 0.1817 0.2068 0.2615 0.3323 0.3997 0.4270 0.4242 0.3987 0.3369 0.2173 0.1821 0.2227 0.2833 0.3566 0.4134 0.4287 0.4186 0.3841 0.3020 0.1930 0.1913 0.2391 0.3043 0.3771 0.4212 0.4281 0.4118 0.3680 0.2665 0.1831 0.2029 0.2557 0.3249 0.3942 0.4258 0.4257 0.4031 0.3476 0.2313 0.1807 0.2178 0.2762 0.3121 0.2762 0.2178 0.1807 0.2313 0.3476 0.4031 0.4257 0.4258 0.3942 0.3249 0.2557 0.2029 0.1831 0.2665 0.3680 0.4118 0.4281 0.4212 0.3771 0.3043 0.2391 0.1913 0.1930 0.3020 0.3841 0.4186 0.4287 0.4134 0.3566 0.2833 0.2227 0.1821 0.2173 0.3369 0.3987 0.4242 0.4270 0.3997 0.3323 0.2615 0.2068 0.1817 0.2563 0.3630 0.4099 0.4277 0.4224 0.3806 0.3081 0.2815
0.3285 0.3809 0.4221 0.4278 0.4100 0.3633 0.2569 0.1817 0.2066 0.2612 0.3319 0.3994 0.4269 0.4243 0.3989 0.3373 0.2178 0.1820 0.2225 0.2829 0.3562 0.4133 0.4287 0.4186 0.3841 0.3017 0.1928 0.1914 0.2393 0.3047 0.3774 0.4213 0.4281 0.4117 0.3677 0.2659 0.1830 0.2031 0.2560 0.3253 0.3945 0.4259 0.4256 0.4030 0.3472 0.2308 0.1808 0.2160 0.2764 0.3498 0.3868 0.3498 0.2764 0.2160 0.1808 0.2308 0.3472 0.4030 0.4256 0.4259 0.3945 0.3253 0.2560 0.2031 0.1830 0.2659 0.3677 0.4117 0.4281 0.4213 0.3774 0.3047 0.2393 0.1914 0.1928 0.3017 0.3841 0.4186 0.4287 0.4133 0.3562 0.2829 0.2225 0.1820 0.2178 0.3373 0.3989 0.4243 0.4269 0.3994 0.3319 0.2612 0.2066 0.1817 0.2569 0.3633 0.4100 0.4278 0.4221 0.3809 0.3285
0.3813 0.4239 0.4276 0.4102 0.3637 0.2575 0.1818 0.2064 0.2609 0.3315 0.3992 0.4269 0.4244 0.3991 0.3378 0.2183 0.1819 0.2222 0.2826 0.3559 0.4131 0.4287 0.4187 0.3843 0.3020 0.1928 0.1915 0.2396 0.3050 0.3777 0.4214 0.4281 0.4116 0.3673 0.2653 0.1829 0.2033 0.2563 0.3256 0.3947 0.4259 0.4256 0.4028 0.3468 0.2302 0.1808 0.2163 0.2742 0.3487 0.4114 0.4255 0.4114 0.3487 0.2742 0.2163 0.1808 0.2302 0.3468 0.4028 0.4256 0.4259 0.3947 0.3256 0.2563 0.2033 0.1829 0.2653 0.3673 0.4116 0.4281 0.4214 0.3777 0.3050 0.2396 0.1915 0.1928 0.3020 0.3843 0.4187 0.4287 0.4131 0.3559 0.2826 0.2222 0.1819 0.2183 0.3378 0.3991 0.4244 0.4269 0.3992 0.3315 0.2609 0.2064 0.1818 0.2575 0.3637 0.4102 0.4276 0.4239 0.3813
0.4166 0.4297 0.4103 0.3640 0.2582 0.1819 0.2062 0.2606 0.3312 0.3989 0.4269 0.4244 0.3993 0.3382 0.2188 0.1819 0.2220 0.2823 0.3555 0.4129 0.4287 0.4188 0.3846 0.3026 0.1930 0.1914 0.2396 0.3051 0.3780 0.4215 0.4280 0.4114 0.3670 0.2646 0.1828 0.2035 0.2566 0.3260 0.3950 0.4260 0.4255 0.4026 0.3464 0.2297 0.1808 0.2165 0.2745 0.3467 0.4089 0.4287 0.4232 0.4287 0.4089 0.3467 0.2745 0.2165 0.1808 0.2297 0.3464 0.4026 0.4255 0.4260 0.3950 0.3260 0.2566 0.2035 0.1828 0.2646 0.3670 0.4114 0.4280 0.4215 0.3780 0.3051 0.2396 0.1914 0.1930 0.3026 0.3846 0.4188 0.4287 0.4129 0.3555 0.2823 0.2220 0.1819 0.2188 0.3382 0.3993 0.4244 0.4269 0.3989 0.3312 0.2606 0.2062 0.1819 0.2582 0.3640 0.4103 0.4297 0.4166
0.4300 0.4110 0.3643 0.2588 0.1819 0.2060 0.2603 0.3308 0.3987 0.4268 0.4245 0.3995 0.3387 0.2193 0.1818 0.2217 0.2819 0.3552 0.4128 0.4287 0.4189 0.3848 0.3032 0.1933 0.1913 0.2393 0.3050 0.3780 0.4215 0.4280 0.4113 0.3667 0.2640 0.1827 0.2037 0.2569 0.3263 0.3953 0.4260 0.4255 0.4025 0.3460 0.2291 0.1809 0.2168 0.2749 0.3471 0.4084 0.4284 0.4189 0.3981 0.4189 0.4284 0.4084 0.3471 0.2749 0.2168 0.1809 0.2291 0.3460 0.4025 0.4255 0.4260 0.3953 0.3263 0.2569 0.2037 0.1827 0.2640 0.3667 0.4113 0.4280 0.4215 0.3780 0.3050 0.2393 0.1913 0.1933 0.3032 0.3848 0.4189 0.4287 0.4128 0.3552 0.2819 0.2217 0.1818 0.2193 0.3387 0.3995 0.4245 0.4268 0.3987 0.3308 0.2603 0.2060 0.1819 0.2588 0.3643 0.4110 0.4300
0.4238 0.3647 0.2594 0.1820 0.2057 0.2600 0.3305 0.3984 0.4268 0.4246 0.3997 0.3391 0.2198 0.1817 0.2215 0.2816 0.3548 0.4126 0.4287 0.4190 0.3851 0.3038 0.1936 0.1911 0.2391 0.3047 0.3777 0.4215 0.4280 0.4112 0.3664 0.2634 0.1826 0.2039 0.2572 0.3267 0.3955 0.4261 0.4254 0.4023 0.3456 0.2285 0.1809 0.2170 0.2753 0.3476 0.4087 0.4284 0.4212 0.3857 0.3404 0.3857 0.4212 0.4284 0.4087 0.3476 0.2753 0.2170 0.1809 0.2285 0.3456 0.4023 0.4254 0.4261 0.3955 0.3267 0.2572 0.2039 0.1826 0.2634 0.3664 0.4112 0.4280 0.4215 0.3777 0.3047 0.2391 0.1911 0.1936 0.3038 0.3851 0.4190 0.4287 0.4126 0.3548 0.2816 0.2215 0.1817 0.2198 0.3391 0.3997 0.4246 0.4268 0.3984 0.3305 0.2600 0.2057 0.1820 0.2594 0.3647 0.4238
0.3907 0.2602 0.1821 0.2055 0.2597 0.3301 0.3982 0.4267 0.4246 0.3999 0.3395 0.2203 0.1817 0.2212 0.2813 0.3545 0.4124 0.4287 0.4191 0.3853 0.3044 0.1938 0.1909 0.2388 0.3043 0.3774 0.4214 0.4280 0.4113 0.3664 0.2631 0.1826 0.2041 0.2575 0.3271 0.3958 0.4261 0.4253 0.4021 0.3452 0.2280 0.1809 0.2173 0.2756 0.3479 0.4089 0.4284 0.4212 0.3905 0.3124 0.2315 0.3124 0.3905 0.4212 0.4284 0.4089 0.3479 0.2756 0.2173 0.1809 0.2280 0.3452 0.4021 0.4253 0.4261 0.3958 0.3271 0.2575 0.2041 0.1826 0.2631 0.3664 0.4113 0.4280 0.4214 0.3774 0.3043 0.2388 0.1909 0.1938 0.3044 0.3853 0.4191 0.4287 0.4124 0.3545 0.2813 0.2212 0.1817 0.2203 0.3395 0.3999 0.4246 0.4267 0.3982 0.3301 0.2597 0.2055 0.1821 0.2602 0.3907
0.3064 0.1823 0.2053 0.2594 0.3297 0.3979 0.4267 0.4247 0.4001 0.3400 0.2208 0.1816 0.2210 0.2809 0.3541 0.4123 0.4287 0.4192 0.3856 0.3050 0.1941 0.1907 0.2385 0.3039 0.3771 0.4213 0.4281 0.4114 0.3667 0.2634 0.1826 0.2042 0.2577 0.3274 0.3961 0.4262 0.4253 0.4019 0.3448 0.2274 0.1810 0.2175 0.2759 0.3483 0.4091 0.4284 0.4210 0.3905 0.3166 0.1998 0.1738 0.1998 0.3166 0.3905 0.4210 0.4284 0.4091 0.3483 0.2759 0.2175 0.1810 0.2274 0.3448 0.4019 0.4253 0.4262 0.3961 0.3274 0.2577 0.2042 0.1826 0.2634 0.3667 0.4114 0.4281 0.4213 0.3771 0.3039 0.2385 0.1907 0.1941 0.3050 0.3856 0.4192 0.4287 0.4123 0.3541 0.2809 0.2210 0.1816 0.2208 0.3400 0.4001 0.4247 0.4267 0.3979 0.3297 0.2594 0.2053 0.1823 0.3064
0.2455 0.2052 0.2591 0.3294 0.3977 0.4266 0.4248 0.4002 0.3404 0.2213 0.1815 0.2207 0.2806 0.3537 0.4121 0.4287 0.4193 0.3858 0.3056 0.1944 0.1905 0.2382 0.3036 0.3767 0.4212 0.4281 0.4116 0.3670 0.2640 0.1826 0.2041 0.2577 0.3275 0.3963 0.4263 0.4252 0.4017 0.3443 0.2269 0.1810 0.2177 0.2762 0.3486 0.4093 0.4284 0.4209 0.3901 0.3168 0.2009 0.1877 0.2081 0.1877 0.2009 0.3168 0.3901 0.4209 0.4284 0.4093 0.3486 0.2762 0.2177 0.1810 0.2269 0.3443 0.4017 0.4252 0.4263 0.3963 0.3275 0.2577 0.2041 0.1826 0.2640 0.3670 0.4116 0.4281 0.4212 0.3767 0.3036 0.2382 0.1905 0.1944 0.3056 0.3858 0.4193 0.4287 0.4121 0.3537 0.2806 0.2207 0.1815 0.2213 0.3404 0.4002 0.4248 0.4266 0.3977 0.3294 0.2591 0.2052 0.2455
0.2572 0.2589 0.3290 0.3975 0.4265 0.4248 0.4004 0.3408 0.2219 0.1815 0.2205 0.2803 0.3534 0.4119 0.4287 0.4194 0.3861 0.3062 0.1946 0.1903 0.2380 0.3032 0.3764 0.4211 0.4281 0.4117 0.3673 0.2646 0.1827 0.2039 0.2575 0.3274 0.3963 0.4263 0.4252 0.4016 0.3439 0.2263 0.1810 0.2180 0.2766 0.3490 0.4095 0.4284 0.4208 0.3899 0.3162 0.2003 0.1884 0.2344 0.2643 0.2344 0.1884 0.2003 0.3162 0.3899 0.4208 0.4284 0.4095 0.3490 0.2766 0.2180 0.1810 0.2263 0.3439 0.4016 0.4252 0.4263 0.3963 0.3274 0.2575 0.2039 0.1827 0.2646 0.3673 0.4117 0.4281 0.4211 0.3764 0.3032 0.2380 0.1903 0.1946 0.3062 0.3861 0.4194 0.4287 0.4119 0.3534 0.2803 0.2205 0.1815 0.2219 0.3408 0.4004 0.4248 0.4265 0.3975 0.3290 0.2589 0.2572
0.2932 0.3289 0.3971 0.4265 0.4249 0.4006 0.3413 0.2224 0.1814 0.2202 0.2799 0.3530 0.4117 0.4287 0.4195 0.3863 0.3068 0.1949 0.1901 0.2377 0.3029 0.3761 0.4210 0.4281 0.4118 0.3677 0.2653 0.1828 0.2037 0.2572 0.3271 0.3961 0.4263 0.4252 0.4015 0.3436 0.2258 0.1811 0.2182 0.2769 0.3494 0.4097 0.4285 0.4207 0.3897 0.3157 0.2000 0.1870 0.2350 0.2993 0.3372 0.2993 0.2350 0.1870 0.2000 0.3157 0.3897 0.4207 0.4285 0.4097 0.3494 0.2769 0.2182 0.1811 0.2258 0.3436 0.4015 0.4252 0.4263 0.3961 0.3271 0.2572 0.2037 0.1828 0.2653 0.3677 0.4118 0.4281 0.4210 0.3761 0.3029 0.2377 0.1901 0.1949 0.3068 0.3863 0.4195 0.4287 0.4117 0.3530 0.2799 0.2202 0.1814 0.2224 0.3413 0.4006 0.4249 0.4265 0.3971 0.3289 0.2932
0.3435 0.3977 0.4263 0.4250 0.4008 0.3417 0.2229 0.1814 0.2200 0.2796 0.3527 0.4116 0.4286 0.4196 0.3866 0.3073 0.1952 0.1899 0.2374 0.3025 0.3758 0.4209 0.4282 0.4120 0.3680 0.2659 0.1829 0.2035 0.2569 0.3267 0.3958 0.4262 0.4252 0.4016 0.3436 0.2255 0.1811 0.2184 0.2772 0.3497 0.4099 0.4285 0.4206 0.3894 0.3151 0.1997 0.1872 0.2330 0.2991 0.3737 0.4056 0.3737 0.2991 0.2330 0.1872 0.1997 0.3151 0.3894 0.4206 0.4285 0.4099 0.3497 0.2772 0.2184 0.1811 0.2255 0.3436 0.4016 0.4252 0.4262 0.3958 0.3267 0.2569 0.2035 0.1829 0.2659 0.3680 0.4120 0.4282 0.4209 0.3758 0.3025 0.2374 0.1899 0.1952 0.3073 0.3866 0.4196 0.4286 0.4116 0.3527 0.2796 0.2200 0.1814 0.2229 0.3417 0.4008 0.4250 0.4263 0.3977 0.3435
0.3939 0.4283 0.4249 0.4010 0.3421 0.2234 0.1813 0.2197 0.2793 0.3523 0.4114 0.4286 0.4197 0.3868 0.3079 0.1955 0.1898 0.2371 0.3022 0.3754 0.4208 0.4282 0.4121 0.3683 0.2665 0.1830 0.2033 0.2566 0.3263 0.3955 0.4261 0.4253 0.4017 0.3439 0.2258 0.1811 0.2185 0.2775 0.3500 0.4101 0.4285 0.4206 0.3892 0.3145 0.1993 0.1874 0.2333 0.2969 0.3719 0.4212 0.4278 0.4212 0.3719 0.2969 0.2333 0.1874 0.1993 0.3145 0.3892 0.4206 0.4285 0.4101 0.3500 0.2775 0.2185 0.1811 0.2258 0.3439 0.4017 0.4253 0.4261 0.3955 0.3263 0.2566 0.2033 0.1830 0.2665 0.3683 0.4121 0.4282 0.4208 0.3754 0.3022 0.2371 0.1898 0.1955 0.3079 0.3868 0.4197 0.4286 0.4114 0.3523 0.2793 0.2197 0.1813 0.2234 0.3421 0.4010 0.4249 0.4283 0.3939
0.4222 0.4268 0.4012 0.3425 0.2240 0.1813 0.2195 0.2790 0.3520 0.4112 0.4286 0.4198 0.3870 0.3085 0.1958 0.1896 0.2369 0.3018 0.3751 0.4207 0.4282 0.4122 0.3686 0.2672 0.1831 0.2031 0.2563 0.3260 0.3953 0.4261 0.4253 0.4019 0.3443 0.2263 0.1811 0.2184 0.2775 0.3502 0.4102 0.4285 0.4205 0.3890 0.3140 0.1990 0.1875 0.2336 0.2973 0.3703 0.4191 0.4279 0.4176 0.4279 0.4191 0.3703 0.2973 0.2336 0.1875 0.1990 0.3140 0.3890 0.4205 0.4285 0.4102 0.3502 0.2775 0.2184 0.1811 0.2263 0.3443 0.4019 0.4253 0.4261 0.3953 0.3260 0.2563 0.2031 0.1831 0.2672 0.3686 0.4122 0.4282 0.4207 0.3751 0.3018 0.2369 0.1896 0.1958 0.3085 0.3870 0.4198 0.4286 0.4112 0.3520 0.2790 0.2195 0.1813 0.2240 0.3425 0.4012 0.4268 0.4222
0.4305 0.4015 0.3430 0.2245 0.1812 0.2193 0.2786 0.3516 0.4110 0.4286 0.4199 0.3873 0.3091 0.1961 0.1894 0.2366 0.3015 0.3748 0.4206 0.4282 0.4124 0.3689 0.2678 0.1832 0.2029 0.2560 0.3256 0.3950 0.4260 0.4254 0.4021 0.3448 0.2269 0.1810 0.2182 0.2772 0.3500 0.4102 0.4285 0.4204 0.3888 0.3134 0.1987 0.1877 0.2339 0.2977 0.3708 0.4190 0.4286 0.4110 0.3836 0.4110 0.4286 0.4190 0.3708 0.2977 0.2339 0.1877 0.1987 0.3134 0.3888 0.4204 0.4285 0.4102 0.3500 0.2772 0.2182 0.1810 0.2269 0.3448 0.4021 0.4254 0.4260 0.3950 0.3256 0.2560 0.2029 0.1832 0.2678 0.3689 0.4124 0.4282 0.4206 0.3748 0.3015 0.2366 0.1894 0.1961 0.3091 0.3873 0.4199 0.4286 0.4110 0.3516 0.2786 0.2193 0.1812 0.2245 0.3430 0.4015 0.4305
0.4178 0.3435 0.2251 0.1812 0.2190 0.2783 0.3513 0.4109 0.4286 0.4200 0.3875 0.3097 0.1964 0.1892 0.2363 0.3011 0.3745 0.4204 0.4283 0.4125 0.3692 0.2684 0.1833 0.2026 0.2557 0.3253 0.3947 0.4260 0.4255 0.4023 0.3452 0.2274 0.1810 0.2180 0.2769 0.3497 0.4101 0.4285 0.4204 0.3886 0.3129 0.1983 0.1879 0.2342 0.2980 0.3712 0.4192 0.4285 0.4141 0.3674 0.3107 0.3674 0.4141 0.4285 0.4192 0.3712 0.2980 0.2342 0.1879 0.1983 0.3129 0.3886 0.4204 0.4285 0.4101 0.3497 0.2769 0.2180 0.1810 0.2274 0.3452 0.4023 0.4255 0.4260 0.3947 0.3253 0.2557 0.2026 0.1833 0.2684 0.3692 0.4125 0.4283 0.4204 0.3745 0.3011 0.2363 0.1892 0.1964 0.3097 0.3875 0.4200 0.4286 0.4109 0.3513 0.2783 0.2190 0.1812 0.2251 0.3435 0.4178
0.3738 0.2257 0.1811 0.2188 0.2780 0.3509 0.4107 0.4286 0.4201 0.3877 0.3103 0.1967 0.1890 0.2361 0.3008 0.3741 0.4203 0.4283 0.4126 0.3695 0.2690 0.1834 0.2024 0.2554 0.3249 0.3945 0.4259 0.4255 0.4025 0.3456 0.2280 0.1810 0.2177 0.2766 0.3494 0.4099 0.4285 0.4205 0.3888 0.3129 0.1982 0.1881 0.2344 0.2984 0.3715 0.4193 0.4285 0.4141 0.3730 0.2744 0.1968 0.2744 0.3730 0.4141 0.4285 0.4193 0.3715 0.2984 0.2344 0.1881 0.1982 0.3129 0.3888 0.4205 0.4285 0.4099 0.3494 0.2766 0.2177 0.1810 0.2280 0.3456 0.4025 0.4255 0.4259 0.3945 0.3249 0.2554 0.2024 0.1834 0.2690 0.3695 0.4126 0.4283 0.4203 0.3741 0.3008 0.2361 0.1890 0.1967 0.3103 0.3877 0.4201 0.4286 0.4107 0.3509 0.2780 0.2188 0.1811 0.2257 0.3738
0.2798 0.1812 0.2185 0.2777 0.3505 0.4105 0.4286 0.4202 0.3880 0.3109 0.1970 0.1888 0.2358 0.3004 0.3738 0.4202 0.4283 0.4127 0.3698 0.2697 0.1835 0.2022 0.2551 0.3245 0.3942 0.4259 0.4256 0.4026 0.3460 0.2285 0.1809 0.2175 0.2762 0.3490 0.4097 0.4285 0.4206 0.3890 0.3134 0.1983 0.1881 0.2345 0.2986 0.3718 0.4194 0.4285 0.4139 0.3730 0.2758 0.1847 0.1809 0.1847 0.2758 0.3730 0.4139 0.4285 0.4194 0.3718 0.2986 0.2345 0.1881 0.1983 0.3134 0.3890 0.4206 0.4285 0.4097 0.3490 0.2762 0.2175 0.1809 0.2285 0.3460 0.4026 0.4256 0.4259 0.3942 0.3245 0.2551 0.2022 0.1835 0.2697 0.3698 0.4127 0.4283 0.4202 0.3738 0.3004 0.2358 0.1888 0.1970 0.3109 0.3880 0.4202 0.4286 0.4105 0.3505 0.2777 0.2185 0.1812 0.2798
0.2438 0.2184 0.2773 0.3502 0.4103 0.4285 0.4203 0.3882 0.3114 0.1973 0.1886 0.2355 0.3001 0.3735 0.4201 0.4283 0.4129 0.3701 0.2703 0.1836 0.2020 0.2548 0.3242 0.3939 0.4258 0.4256 0.4028 0.3464 0.2291 0.1809 0.2173 0.2759 0.3486 0.4095 0.4285 0.4206 0.3892 0.3140 0.1987 0.1879 0.2344 0.2986 0.3719 0.4195 0.4285 0.4138 0.3725 0.2760 0.1857 0.2010 0.2243 0.2010 0.1857 0.2760 0.3725 0.4138 0.4285 0.4195 0.3719 0.2986 0.2344 0.1879 0.1987 0.3140 0.3892 0.4206 0.4285 0.4095 0.3486 0.2759 0.2173 0.1809 0.2291 0.3464 0.4028 0.4256 0.4258 0.3939 0.3242 0.2548 0.2020 0.1836 0.2703 0.3701 0.4129 0.4283 0.4201 0.3735 0.3001 0.2355 0.1886 0.1973 0.3114 0.3882 0.4203 0.4285 0.4103 0.3502 0.2773 0.2184 0.2438
0.2656 0.2771 0.3498 0.4102 0.4285 0.4203 0.3885 0.3120 0.1976 0.1885 0.2352 0.2997 0.3731 0.4200 0.4283 0.4130 0.3704 0.2709 0.1838 0.2018 0.2545 0.3238 0.3937 0.4257 0.4257 0.4030 0.3468 0.2297 0.1809 0.2170 0.2756 0.3483 0.4093 0.4284 0.4207 0.3894 0.3145 0.1990 0.1877 0.2342 0.2984 0.3718 0.4195 0.4284 0.4137 0.3723 0.2753 0.1847 0.2017 0.2537 0.2866 0.2537 0.2017 0.1847 0.2753 0.3723 0.4137 0.4284 0.4195 0.3718 0.2984 0.2342 0.1877 0.1990 0.3145 0.3894 0.4207 0.4284 0.4093 0.3483 0.2756 0.2170 0.1809 0.2297 0.3468 0.4030 0.4257 0.4257 0.3937 0.3238 0.2545 0.2018 0.1838 0.2709 0.3704 0.4130 0.4283 0.4200 0.3731 0.2997 0.2352 0.1885 0.1976 0.3120 0.3885 0.4203 0.4285 0.4102 0.3498 0.2771 0.2656
0.3061 0.3498 0.4098 0.4285 0.4204 0.3887 0.3126 0.1979 0.1883 0.2350 0.2994 0.3728 0.4199 0.4284 0.4131 0.3707 0.2716 0.1839 0.2016 0.2542 0.3235 0.3934 0.4257 0.4257 0.4031 0.3472 0.2302 0.1808 0.2168 0.2753 0.3479 0.4091 0.4284 0.4208 0.3897 0.3151 0.1993 0.1875 0.2339 0.2980 0.3715 0.4194 0.4285 0.4137 0.3721 0.2748 0.1846 0.2001 0.2541 0.3236 0.3623 0.3236 0.2541 0.2001 0.1846 0.2748 0.3721 0.4137 0.4285 0.4194 0.3715 0.2980 0.2339 0.1875 0.1993 0.3151 0.3897 0.4208 0.4284 0.4091 0.3479 0.2753 0.2168 0.1808 0.2302 0.3472 0.4031 0.4257 0.4257 0.3934 0.3235 0.2542 0.2016 0.1839 0.2716 0.3707 0.4131 0.4284 0.4199 0.3728 0.2994 0.2350 0.1883 0.1979 0.3126 0.3887 0.4204 0.4285 0.4098 0.3498 0.3061
0.3587 0.4109 0.4283 0.4205 0.3889 0.3132 0.1982 0.1881 0.2347 0.2991 0.3725 0.4198 0.4284 0.4133 0.3711 0.2722 0.1840 0.2014 0.2539 0.3231 0.3931 0.4256 0.4258 0.4033 0.3476 0.2308 0.1808 0.2165 0.2749 0.3476 0.4089 0.4284 0.4209 0.3899 0.3157 0.1997 0.1874 0.2336 0.2977 0.3712 0.4193 0.4285 0.4138 0.3723 0.2748 0.1845 0.2003 0.2520 0.3230 0.3947 0.4183 0.3947 0.3230 0.2520 0.2003 0.1846 0.2748 0.3723 0.4138 0.4285 0.4193 0.3712 0.2977 0.2336 0.1874 0.1997 0.3157 0.3899 0.4209 0.4284 0.4089 0.3476 0.2749 0.2165 0.1808 0.2308 0.3476 0.4033 0.4258 0.4256 0.3931 0.3231 0.2539 0.2014 0.1840 0.2722 0.3711 0.4133 0.4284 0.4198 0.3725 0.2991 0.2347 0.1881 0.1982 0.3132 0.3889 0.4205 0.4283 0.4109 0.3587
0.4044 0.4305 0.4206 0.3891 0.3138 0.1985 0.1879 0.2344 0.2987 0.3722 0.4197 0.4284 0.4134 0.3714 0.2728 0.1841 0.2012 0.2536 0.3227 0.3928 0.4255 0.4259 0.4035 0.3480 0.2314 0.1808 0.2163 0.2746 0.3472 0.4087 0.4284 0.4210 0.3901 0.3162 0.2000 0.1872 0.2334 0.2973 0.3708 0.4192 0.4285 0.4139 0.3725 0.2753 0.1846 0.2003 0.2521 0.3207 0.3924 0.4266 0.4269 0.4266 0.3923 0.3206 0.2521 0.2003 0.1846 0.2753 0.3725 0.4139 0.4285 0.4192 0.3708 0.2973 0.2333 0.1872 0.2000 0.3162 0.3901 0.4210 0.4284 0.4087 0.3471 0.2745 0.2163 0.1808 0.2313 0.3480 0.4035 0.4259 0.4255 0.3928 0.3227 0.2535 0.2011 0.1841 0.2728 0.3714 0.4134 0.4284 0.4197 0.3721 0.2986 0.2344 0.1879 0.1985 0.3138 0.3891 0.4206 0.4305 0.4044
0.4263 0.4220 0.3894 0.3143 0.1989 0.1877 0.2342 0.2984 0.3718 0.4196 0.4284 0.4135 0.3717 0.2734 0.1842 0.2010 0.2533 0.3224 0.3926 0.4255 0.4259 0.4037 0.3484 0.2319 0.1808 0.2161 0.2743 0.3468 0.4086 0.4284 0.4211 0.3904 0.3168 0.2003 0.1870 0.2331 0.2970 0.3705 0.4191 0.4285 0.4140 0.3728 0.2760 0.1848 0.2001 0.2521 0.3208 0.3912 0.4252 0.4247 0.4097 0.4248 0.4252 0.3909 0.3206 0.2520 0.2001 0.1847 0.2760 0.3730 0.4141 0.4285 0.4190 0.3703 0.2969 0.2330 0.1870 0.2003 0.3168 0.3905 0.4212 0.4284 0.4084 0.3467 0.2742 0.2160 0.1807 0.2319 0.3485 0.4038 0.4260 0.4254 0.3924 0.3222 0.2532 0.2009 0.1842 0.2735 0.3718 0.4136 0.4285 0.4195 0.3717 0.2982 0.2341 0.1877 0.1988 0.3144 0.3895 0.4221 0.4262
0.4293 0.3897 0.3149 0.1992 0.1875 0.2339 0.2980 0.3715 0.4194 0.4284 0.4136 0.3720 0.2741 0.1844 0.2008 0.2530 0.3220 0.3923 0.4254 0.4260 0.4038 0.3488 0.2325 0.1808 0.2158 0.2740 0.3465 0.4084 0.4283 0.4212 0.3906 0.3173 0.2007 0.1869 0.2328 0.2966 0.3702 0.4190 0.4285 0.4141 0.3731 0.2766 0.1849 0.1999 0.2518 0.3206 0.3911 0.4251 0.4262 0.4007 0.3652 0.4004 0.4263 0.4251 0.3923 0.3230 0.2541 0.2017 0.1857 0.2758 0.3730 0.4141 0.4286 0.4191 0.3719 0.2991 0.2350 0.1884 0.2009 0.3166 0.3905 0.4212 0.4284 0.4089 0.3487 0.2764 0.2178 0.1820 0.2320 0.3484 0.4038 0.4260 0.4255 0.3935 0.3244 0.2553 0.2025 0.1852 0.2733 0.3718 0.4136 0.4285 0.4196 0.3733 0.3005 0.2360 0.1891 0.1995 0.3140 0.3895 0.4293
0.4096 0.3156 0.1995 0.1874 0.2336 0.2977 0.3712 0.4193 0.4285 0.4138 0.3722 0.2747 0.1845 0.2005 0.2527 0.3217 0.3920 0.4254 0.4260 0.4040 0.3492 0.2331 0.1807 0.2156 0.2736 0.3461 0.4082 0.4283 0.4213 0.3908 0.3179 0.2010 0.1867 0.2326 0.2963 0.3698 0.4188 0.4285 0.4142 0.3734 0.2772 0.1850 0.1997 0.2515 0.3202 0.3909 0.4251 0.4263 0.4048 0.3449 0.2736 0.3360 0.4000 0.4248 0.4265 0.3947 0.3236 0.2537 0.2010 0.1847 0.2744 0.3674 0.4110 0.4279 0.4212 0.3737 0.2993 0.2344 0.1877 0.1998 0.3124 0.3857 0.4189 0.4287 0.4114 0.3498 0.2762 0.2171 0.1811 0.2308 0.3427 0.3998 0.4245 0.4268 0.3958 0.3250 0.2549 0.2018 0.1842 0.2719 0.3662 0.4105 0.4278 0.4217 0.3751 0.3006 0.2355 0.1884 0.1983 0.3100 0.4048
0.3512 0.2000 0.1872 0.2333 0.2973 0.3708 0.4192 0.4285 0.4139 0.3725 0.2753 0.1846 0.2003 0.2524 0.3213 0.3917 0.4253 0.4261 0.4042 0.3496 0.2336 0.1807 0.2154 0.2733 0.3458 0.4080 0.4283 0.4214 0.3910 0.3185 0.2014 0.1865 0.2323 0.2959 0.3695 0.4187 0.4285 0.4144 0.3737 0.2778 0.1852 0.1995 0.2512 0.3198 0.3906 0.4250 0.4263 0.4050 0.3511 0.2333 0.1850 0.3034 0.3653 0.4093 0.4269 0.4183 0.3623 0.2866 0.2243 0.1809 0.1968 0.3107 0.3836 0.4176 0.4278 0.4056 0.3372 0.2643 0.2081 0.1738 0.2315 0.3404 0.3981 0.4232 0.4255 0.3868 0.3121 0.2438 0.1938 0.1769 0.2715 0.3639 0.4091 0.4268 0.4188 0.3637 0.2880 0.2254 0.1815 0.1952 0.3087 0.3827 0.4172 0.4279 0.4065 0.3387 0.2655 0.2090 0.1740 0.2274 0.3666
0.2601 0.1871 0.2330 0.2969 0.3704 0.4191 0.4285 0.4140 0.3729 0.2760 0.1847 0.2001 0.2520 0.3208 0.3914 0.4252 0.4261 0.4043 0.3500 0.2342 0.1807 0.2150 0.2729 0.3453 0.4077 0.4283 0.4214 0.3913 0.3190 0.2017 0.1863 0.2320 0.2955 0.3691 0.4186 0.4286 0.4145 0.3740 0.2785 0.1853 0.1992 0.2508 0.3194 0.3903 0.4250 0.4263 0.4050 0.3517 0.2358 0.1730 0.2269 0.4164 0.4008 0.4239 0.4266 0.3946 0.3235 0.2537 0.2010 0.1847 0.2744 0.3674 0.4110 0.4279 0.4212 0.3737 0.2993 0.2344 0.1877 0.1998 0.3124 0.3857 0.4189 0.4287 0.4114 0.3498 0.2762 0.2171 0.1811 0.2308 0.3427 0.3998 0.4245 0.4268 0.3958 0.3250 0.2549 0.2018 0.1842 0.2719 0.3662 0.4105 0.4278 0.4217 0.3751 0.3006 0.2355 0.1884 0.1983 0.3100 0.4048
0.2468 0.2330 0.2965 0.3700 0.4189 0.4286 0.4142 0.3733 0.2765 0.1848 0.1999 0.2517 0.3205 0.3910 0.4251 0.4262 0.4046 0.3505 0.2347 0.1806 0.2148 0.2726 0.3449 0.4074 0.4282 0.4216 0.3917 0.3196 0.2021 0.1862 0.2317 0.2951 0.3686 0.4184 0.4286 0.4147 0.3745 0.2791 0.1854 0.1990 0.2505 0.3190 0.3899 0.4248 0.4265 0.4053 0.3521 0.2371 0.1814 0.2074 0.2679 0.4280 0.4268 0.4265 0.3930 0.3228 0.2541 0.2017 0.1857 0.2758 0.3730 0.4141 0.4286 0.4191 0.3719 0.2991 0.2350 0.1884 0.2009 0.3166 0.3905 0.4212 0.4284 0.4089 0.3487 0.2764 0.2178 0.1820 0.2320 0.3484 0.4038 0.4260 0.4255 0.3935 0.3244 0.2553 0.2025 0.1852 0.2733 0.3718 0.4136 0.4285 0.4196 0.3733 0.3005 0.2360 0.1891 0.1995 0.3140 0.3895 0.4293
0.2777 0.2999 0.3723 0.4191 0.4286 0.4141 0.3730 0.2760 0.1860 0.2020 0.2545 0.3234 0.3926 0.4252 0.4262 0.4045 0.3501 0.2346 0.1822 0.2171 0.2754 0.3475 0.4082 0.4283 0.4216 0.3915 0.3192 0.2027 0.1880 0.2342 0.2981 0.3708 0.4186 0.4286 0.4146 0.3743 0.2787 0.1866 0.2011 0.2533 0.3219 0.3914 0.4249 0.4264 0.4052 0.3517 0.2371 0.1824 0.2167 0.2669 0.3420 0.4297 0.4286 0.3943 0.3203 0.2518 0.2001 0.1847 0.2760 0.3730 0.4141 0.4285 0.4190 0.3703 0.2969 0.2330 0.1870 0.2003 0.3168 0.3905 0.4212 0.4284 0.4084 0.3467 0.2742 0.2160 0.1807 0.2319 0.3485 0.4038 0.4260 0.4254 0.3924 0.3222 0.2532 0.2009 0.1842 0.2735 0.3718 0.4136 0.4285 0.4195 0.3717 0.2982 0.2341 0.1877 0.1988 0.3144 0.3895 0.4221 0.4262
0.3213 0.3740 0.4212 0.4278 0.4104 0.3662 0.2738 0.1843 0.2001 0.2525 0.3224 0.3942 0.4268 0.4244 0.3997 0.3429 0.2333 0.1803 0.2151 0.2736 0.3472 0.4105 0.4287 0.4188 0.3857 0.3133 0.2011 0.1862 0.2322 0.2965 0.3714 0.4209 0.4279 0.4110 0.3675 0.2763 0.1849 0.1992 0.2512 0.3208 0.3930 0.4266 0.4247 0.4005 0.3445 0.2358 0.1803 0.2142 0.2724 0.3486 0.4104 0.4259 0.3980 0.3218 0.2516 0.2002 0.1846 0.2753 0.3725 0.4139 0.4285 0.4192 0.3708 0.2973 0.2333 0.1872 0.2000 0.3162 0.3901 0.4210 0.4284 0.4087 0.3471 0.2745 0.2163 0.1808 0.2313 0.3480 0.4035 0.4259 0.4255 0.3928 0.3227 0.2535 0.2011 0.1841 0.2728 0.3714 0.4134 0.4284 0.4197 0.3721 0.2986 0.2344 0.1879 0.1985 0.3138 0.3891 0.4206 0.4305 0.4044
0.3404 0.4002 0.4272 0.4204 0.3906 0.3249 0.2111 0.1771 0.2171 0.2767 0.3515 0.4136 0.4278 0.4136 0.3740 0.2911 0.1846 0.1874 0.2344 0.3000 0.3757 0.4229 0.4254 0.4042 0.3531 0.2521 0.1744 0.2008 0.2538 0.3247 0.3970 0.4272 0.4208 0.3915 0.3268 0.2134 0.1767 0.2160 0.2753 0.3499 0.4128 0.4279 0.4141 0.3752 0.2937 0.1860 0.1864 0.2329 0.2993 0.3762 0.4164 0.3993 0.3261 0.2513 0.2002 0.1846 0.2748 0.3723 0.4138 0.4285 0.4193 0.3712 0.2977 0.2336 0.1874 0.1997 0.3157 0.3899 0.4209 0.4284 0.4089 0.3476 0.2749 0.2165 0.1808 0.2308 0.3476 0.4033 0.4258 0.4256 0.3931 0.3231 0.2539 0.2014 0.1840 0.2722 0.3711 0.4133 0.4284 0.4198 0.3725 0.2991 0.2347 0.1881 0.1982 0.3132 0.3889 0.4205 0.4283 0.4109 0.3587
