-0.1242 -0.1207 -0.0510 -0.0090 0.0340 0.1156 0.0386 -0.1561 -0.2079 -0.2187 -0.1811 -0.0927 -0.0396 0.0029 0.0494 0.1433 -0.0314 -0.1858 -0.2139 -0.2147 -0.1582 -0.0734 -0.0279 0.0146 0.0685 0.1275 -0.0858 -0.1954 -0.2178 -0.2060 -0.1320 -0.0588 -0.0159 0.0266 0.0943 0.0791 -0.1308 -0.2038 -0.2193 -0.1918 -0.1061 -0.0461 -0.0039 0.0401 0.1379 0.0073 -0.1761 -0.2106 -0.2166 -0.1690 -0.1278 -0.1690 -0.2166 -0.2106 -0.1761 0.0073 0.1379 0.0401 -0.0039 -0.0461 -0.1061 -0.1918 -0.2193 -0.2038 -0.1308 0.0791 0.0943 0.0266 -0.0159 -0.0588 -0.1320 -0.2060 -0.2178 -0.1954 -0.0858 0.1275 0.0685 0.0146 -0.0279 -0.0734 -0.1582 -0.2147 -0.2139 -0.1858 -0.0314 0.1433 0.0494 0.0029 -0.0396 -0.0927 -0.1811 -0.2187 -0.2079 -0.1561 0.0386 0.1156 0.0340 -0.0090 -0.0510 -0.1207 -0.1242
-0.1207 -0.0323 0.0134 0.0511 0.1379 0.0519 -0.2541 -0.3337 -0.3247 -0.2493 -0.0949 -0.0175 0.0236 0.0661 0.1735 -0.0461 -0.3212 -0.3352 -0.3126 -0.2093 -0.0648 -0.0037 0.0332 0.0855 0.1618 -0.1233 -0.3273 -0.3340 -0.2943 -0.1629 -0.0442 0.0080 0.0441 0.1133 0.1064 -0.1995 -0.3319 -0.3293 -0.2682 -0.1174 -0.0265 0.0182 0.0569 0.1655 0.0078 -0.3063 -0.3347 -0.3203 -0.2263 -0.0720 -0.0213 -0.0720 -0.2263 -0.3203 -0.3347 -0.3063 0.0078 0.1655 0.0569 0.0182 -0.0265 -0.1174 -0.2682 -0.3293 -0.3319 -0.1995 0.1064 0.1133 0.0441 0.0080 -0.0442 -0.1629 -0.2943 -0.3340 -0.3273 -0.1233 0.1618 0.0855 0.0332 -0.0037 -0.0648 -0.2093 -0.3126 -0.3352 -0.3212 -0.0461 0.1735 0.0661 0.0236 -0.0175 -0.0949 -0.2493 -0.3247 -0.3337 -0.2541 0.0519 0.1379 0.0511 0.0134 -0.0323 -0.1207
-0.0510 0.0134 0.0504 0.1388 0.0501 -0.2563 -0.3339 -0.3245 -0.2473 -0.0919 -0.0189 0.0196 0.0664 0.1736 -0.0477 -0.3214 -0.3353 -0.3121 -0.2064 -0.0628 -0.0062 0.0295 0.0860 0.1613 -0.1247 -0.3274 -0.3340 -0.2933 -0.1594 -0.0434 0.0047 0.0423 0.1139 0.1049 -0.2012 -0.3320 -0.3292 -0.2666 -0.1140 -0.0271 0.0143 0.0570 0.1670 0.0059 -0.3092 -0.3348 -0.3200 -0.2313 -0.0762 -0.0077 0.0162 -0.0077 -0.0762 -0.2313 -0.3200 -0.3348 -0.3092 0.0059 0.1670 0.0570 0.0143 -0.0271 -0.1140 -0.2666 -0.3292 -0.3320 -0.2012 0.1049 0.1139 0.0423 0.0047 -0.0434 -0.1594 -0.2933 -0.3340 -0.3274 -0.1247 0.1613 0.0860 0.0295 -0.0062 -0.0628 -0.2064 -0.3121 -0.3353 -0.3214 -0.0477 0.1736 0.0664 0.0196 -0.0189 -0.0919 -0.2473 -0.3245 -0.3339 -0.2563 0.0501 0.1388 0.0504 0.0134 -0.0510
-0.0090 0.0511 0.1388 0.0491 -0.2579 -0.3339 -0.3243 -0.2468 -0.0915 -0.0184 0.0201 0.0667 0.1736 -0.0493 -0.3215 -0.3353 -0.3119 -0.2058 -0.0625 -0.0056 0.0299 0.0864 0.1607 -0.1260 -0.3275 -0.3339 -0.2930 -0.1588 -0.0431 0.0053 0.0426 0.1146 0.1034 -0.2027 -0.3321 -0.3290 -0.2662 -0.1134 -0.0267 0.0149 0.0573 0.1684 0.0042 -0.3116 -0.3348 -0.3198 -0.2308 -0.0781 -0.0126 0.0276 0.0590 0.0276 -0.0126 -0.0781 -0.2308 -0.3198 -0.3348 -0.3116 0.0042 0.1684 0.0573 0.0149 -0.0267 -0.1134 -0.2662 -0.3290 -0.3321 -0.2027 0.1034 0.1146 0.0426 0.0053 -0.0431 -0.1588 -0.2930 -0.3339 -0.3275 -0.1260 0.1607 0.0864 0.0299 -0.0056 -0.0625 -0.2058 -0.3119 -0.3353 -0.3215 -0.0493 0.1736 0.0667 0.0201 -0.0184 -0.0915 -0.2468 -0.3243 -0.3339 -0.2579 0.0491 0.1388 0.0511 -0.0090
0.0340 0.1379 0.0501 -0.2579 -0.3339 -0.3242 -0.2462 -0.0908 -0.0182 0.0202 0.0670 0.1737 -0.0507 -0.3216 -0.3353 -0.3116 -0.2050 -0.0620 -0.0055 0.0300 0.0868 0.1602 -0.1272 -0.3276 -0.3339 -0.2926 -0.1580 -0.0428 0.0054 0.0428 0.1152 0.1019 -0.2042 -0.3322 -0.3289 -0.2656 -0.1127 -0.0265 0.0150 0.0576 0.1698 0.0024 -0.3141 -0.3348 -0.3195 -0.2298 -0.0773 -0.0127 0.0243 0.0763 0.1284 0.0763 0.0243 -0.0127 -0.0773 -0.2298 -0.3195 -0.3348 -0.3141 0.0024 0.1698 0.0576 0.0150 -0.0265 -0.1127 -0.2656 -0.3289 -0.3322 -0.2042 0.1019 0.1152 0.0428 0.0054 -0.0428 -0.1580 -0.2926 -0.3339 -0.3276 -0.1272 0.1602 0.0868 0.0300 -0.0055 -0.0620 -0.2050 -0.3116 -0.3353 -0.3216 -0.0507 0.1737 0.0670 0.0202 -0.0182 -0.0908 -0.2462 -0.3242 -0.3339 -0.2579 0.0501 0.1379 0.0340
0.1156 0.0519 -0.2563 -0.3339 -0.3242 -0.2460 -0.0904 -0.0179 0.0204 0.0674 0.1737 -0.0522 -0.3217 -0.3353 -0.3113 -0.2043 -0.0616 -0.0052 0.0302 0.0872 0.1597 -0.1284 -0.3277 -0.3338 -0.2922 -0.1572 -0.0425 0.0056 0.0430 0.1158 0.1004 -0.2057 -0.3322 -0.3288 -0.2651 -0.1120 -0.0262 0.0151 0.0578 0.1706 0.0007 -0.3165 -0.3348 -0.3193 -0.2291 -0.0767 -0.0123 0.0243 0.0757 0.1590 0.0407 0.1590 0.0757 0.0243 -0.0123 -0.0767 -0.2291 -0.3193 -0.3348 -0.3165 0.0007 0.1706 0.0578 0.0151 -0.0262 -0.1120 -0.2651 -0.3288 -0.3322 -0.2057 0.1004 0.1158 0.0430 0.0056 -0.0425 -0.1572 -0.2922 -0.3338 -0.3277 -0.1284 0.1597 0.0872 0.0302 -0.0052 -0.0616 -0.2043 -0.3113 -0.3353 -0.3217 -0.0522 0.1737 0.0674 0.0204 -0.0179 -0.0904 -0.2460 -0.3242 -0.3339 -0.2563 0.0519 0.1156
0.0386 -0.2541 -0.3339 -0.3243 -0.2462 -0.0904 -0.0178 0.0205 0.0677 0.1737 -0.0537 -0.3218 -0.3353 -0.3111 -0.2035 -0.0612 -0.0050 0.0304 0.0876 0.1591 -0.1297 -0.3278 -0.3338 -0.2918 -0.1563 -0.0422 0.0058 0.0433 0.1165 0.0989 -0.2072 -0.3323 -0.3287 -0.2645 -0.1113 -0.0259 0.0153 0.0581 0.1708 -0.0010 -0.3179 -0.3349 -0.3191 -0.2284 -0.0762 -0.0121 0.0245 0.0755 0.1703 -0.0930 -0.2898 -0.0930 0.1703 0.0755 0.0245 -0.0121 -0.0762 -0.2284 -0.3191 -0.3349 -0.3179 -0.0010 0.1708 0.0581 0.0153 -0.0259 -0.1113 -0.2645 -0.3287 -0.3323 -0.2072 0.0989 0.1165 0.0433 0.0058 -0.0422 -0.1563 -0.2918 -0.3338 -0.3278 -0.1297 0.1591 0.0876 0.0304 -0.0050 -0.0612 -0.2035 -0.3111 -0.3353 -0.3218 -0.0537 0.1737 0.0677 0.0205 -0.0178 -0.0904 -0.2462 -0.3243 -0.3339 -0.2541 0.0386
-0.1561 -0.3337 -0.3245 -0.2468 -0.0908 -0.0179 0.0205 0.0678 0.1737 -0.0551 -0.3220 -0.3353 -0.3108 -0.2027 -0.0609 -0.0048 0.0306 0.0880 0.1585 -0.1310 -0.3279 -0.3337 -0.2914 -0.1555 -0.0419 0.0059 0.0435 0.1171 0.0974 -0.2087 -0.3324 -0.3286 -0.2640 -0.1106 -0.0257 0.0155 0.0584 0.1709 -0.0027 -0.3180 -0.3349 -0.3189 -0.2277 -0.0757 -0.0119 0.0247 0.0758 0.1713 -0.0914 -0.3264 -0.3369 -0.3264 -0.0914 0.1713 0.0758 0.0247 -0.0119 -0.0757 -0.2277 -0.3189 -0.3349 -0.3180 -0.0027 0.1709 0.0584 0.0155 -0.0257 -0.1106 -0.2640 -0.3286 -0.3324 -0.2087 0.0974 0.1171 0.0435 0.0059 -0.0419 -0.1555 -0.2914 -0.3337 -0.3279 -0.1310 0.1585 0.0880 0.0306 -0.0048 -0.0609 -0.2027 -0.3108 -0.3353 -0.3220 -0.0551 0.1737 0.0678 0.0205 -0.0179 -0.0908 -0.2468 -0.3245 -0.3337 -0.1561
-0.2079 -0.3247 -0.2473 -0.0915 -0.0182 0.0204 0.0677 0.1737 -0.0558 -0.3221 -0.3353 -0.3105 -0.2019 -0.0605 -0.0046 0.0308 0.0884 0.1579 -0.1322 -0.3280 -0.3337 -0.2910 -0.1547 -0.0416 0.0061 0.0438 0.1178 0.0958 -0.2103 -0.3324 -0.3284 -0.2634 -0.1099 -0.0254 0.0156 0.0587 0.1711 -0.0045 -0.3181 -0.3349 -0.3187 -0.2270 -0.0752 -0.0117 0.0249 0.0761 0.1711 -0.0899 -0.3250 -0.3368 -0.3322 -0.3368 -0.3250 -0.0899 0.1711 0.0761 0.0249 -0.0117 -0.0752 -0.2270 -0.3187 -0.3349 -0.3181 -0.0045 0.1711 0.0587 0.0156 -0.0254 -0.1099 -0.2634 -0.3284 -0.3324 -0.2103 0.0958 0.1178 0.0438 0.0061 -0.0416 -0.1547 -0.2910 -0.3337 -0.3280 -0.1322 0.1579 0.0884 0.0308 -0.0046 -0.0605 -0.2019 -0.3105 -0.3353 -0.3221 -0.0558 0.1737 0.0677 0.0204 -0.0182 -0.0915 -0.2473 -0.3247 -0.2079
-0.2187 -0.2493 -0.0919 -0.0184 0.0202 0.0674 0.1737 -0.0551 -0.3221 -0.3353 -0.3103 -0.2012 -0.0601 -0.0044 0.0310 0.0888 0.1573 -0.1335 -0.3281 -0.3336 -0.2906 -0.1538 -0.0413 0.0063 0.0440 0.1184 0.0943 -0.2118 -0.3325 -0.3283 -0.2629 -0.1092 -0.0252 0.0158 0.0589 0.1712 -0.0062 -0.3182 -0.3349 -0.3185 -0.2263 -0.0747 -0.0114 0.0250 0.0764 0.1709 -0.0912 -0.3248 -0.3336 -0.3035 -0.2583 -0.3035 -0.3336 -0.3248 -0.0912 0.1709 0.0764 0.0250 -0.0114 -0.0747 -0.2263 -0.3185 -0.3349 -0.3182 -0.0062 0.1712 0.0589 0.0158 -0.0252 -0.1092 -0.2629 -0.3283 -0.3325 -0.2118 0.0943 0.1184 0.0440 0.0063 -0.0413 -0.1538 -0.2906 -0.3336 -0.3281 -0.1335 0.1573 0.0888 0.0310 -0.0044 -0.0601 -0.2012 -0.3103 -0.3353 -0.3221 -0.0551 0.1737 0.0674 0.0202 -0.0184 -0.0919 -0.2493 -0.2187
-0.1811 -0.0949 -0.0189 0.0201 0.0670 0.1737 -0.0537 -0.3220 -0.3353 -0.3103 -0.2009 -0.0598 -0.0042 0.0312 0.0892 0.1566 -0.1347 -0.3282 -0.3335 -0.2902 -0.1530 -0.0410 0.0065 0.0443 0.1191 0.0927 -0.2134 -0.3325 -0.3282 -0.2623 -0.1085 -0.0249 0.0159 0.0592 0.1714 -0.0079 -0.3184 -0.3350 -0.3183 -0.2256 -0.0742 -0.0112 0.0252 0.0768 0.1706 -0.0925 -0.3249 -0.3349 -0.2982 -0.1750 -0.0891 -0.1750 -0.2982 -0.3349 -0.3249 -0.0925 0.1706 0.0768 0.0252 -0.0112 -0.0742 -0.2256 -0.3183 -0.3350 -0.3184 -0.0079 0.1714 0.0592 0.0159 -0.0249 -0.1085 -0.2623 -0.3282 -0.3325 -0.2134 0.0927 0.1191 0.0443 0.0065 -0.0410 -0.1530 -0.2902 -0.3335 -0.3282 -0.1347 0.1566 0.0892 0.0312 -0.0042 -0.0598 -0.2009 -0.3103 -0.3353 -0.3220 -0.0537 0.1737 0.0670 0.0201 -0.0189 -0.0949 -0.1811
-0.0927 -0.0175 0.0196 0.0667 0.1737 -0.0522 -0.3218 -0.3353 -0.3105 -0.2012 -0.0598 -0.0041 0.0314 0.0896 0.1560 -0.1360 -0.3283 -0.3335 -0.2898 -0.1522 -0.0407 0.0066 0.0445 0.1198 0.0911 -0.2149 -0.3326 -0.3280 -0.2617 -0.1078 -0.0246 0.0161 0.0595 0.1715 -0.0096 -0.3185 -0.3350 -0.3181 -0.2248 -0.0737 -0.0110 0.0254 0.0771 0.1704 -0.0938 -0.3250 -0.3350 -0.3022 -0.1733 -0.0437 -0.0065 -0.0437 -0.1733 -0.3022 -0.3350 -0.3250 -0.0938 0.1704 0.0771 0.0254 -0.0110 -0.0737 -0.2248 -0.3181 -0.3350 -0.3185 -0.0096 0.1715 0.0595 0.0161 -0.0246 -0.1078 -0.2617 -0.3280 -0.3326 -0.2149 0.0911 0.1198 0.0445 0.0066 -0.0407 -0.1522 -0.2898 -0.3335 -0.3283 -0.1360 0.1560 0.0896 0.0314 -0.0041 -0.0598 -0.2012 -0.3105 -0.3353 -0.3218 -0.0522 0.1737 0.0667 0.0196 -0.0175 -0.0927
-0.0396 0.0236 0.0664 0.1736 -0.0507 -0.3217 -0.3353 -0.3108 -0.2019 -0.0601 -0.0042 0.0314 0.0898 0.1554 -0.1372 -0.3284 -0.3334 -0.2894 -0.1514 -0.0404 0.0068 0.0447 0.1205 0.0895 -0.2165 -0.3327 -0.3279 -0.2612 -0.1071 -0.0244 0.0163 0.0598 0.1717 -0.0112 -0.3186 -0.3350 -0.3178 -0.2241 -0.0733 -0.0108 0.0255 0.0775 0.1702 -0.0951 -0.3251 -0.3349 -0.3019 -0.1792 -0.0505 0.0055 0.0281 0.0055 -0.0505 -0.1792 -0.3019 -0.3349 -0.3251 -0.0951 0.1702 0.0775 0.0255 -0.0108 -0.0733 -0.2241 -0.3178 -0.3350 -0.3186 -0.0112 0.1717 0.0598 0.0163 -0.0244 -0.1071 -0.2612 -0.3279 -0.3327 -0.2165 0.0895 0.1205 0.0447 0.0068 -0.0404 -0.1514 -0.2894 -0.3334 -0.3284 -0.1372 0.1554 0.0898 0.0314 -0.0042 -0.0601 -0.2019 -0.3108 -0.3353 -0.3217 -0.0507 0.1736 0.0664 0.0236 -0.0396
0.0029 0.0661 0.1736 -0.0493 -0.3216 -0.3353 -0.3111 -0.2027 -0.0605 -0.0044 0.0312 0.0896 0.1554 -0.1378 -0.3284 -0.3334 -0.2889 -0.1506 -0.0401 0.0070 0.0450 0.1212 0.0879 -0.2181 -0.3327 -0.3278 -0.2606 -0.1064 -0.0241 0.0164 0.0601 0.1718 -0.0129 -0.3187 -0.3350 -0.3176 -0.2234 -0.0728 -0.0106 0.0257 0.0778 0.1699 -0.0964 -0.3252 -0.3349 -0.3015 -0.1783 -0.0506 0.0011 0.0409 0.0765 0.0409 0.0011 -0.0506 -0.1783 -0.3015 -0.3349 -0.3252 -0.0964 0.1699 0.0778 0.0257 -0.0106 -0.0728 -0.2234 -0.3176 -0.3350 -0.3187 -0.0129 0.1718 0.0601 0.0164 -0.0241 -0.1064 -0.2606 -0.3278 -0.3327 -0.2181 0.0879 0.1212 0.0450 0.0070 -0.0401 -0.1506 -0.2889 -0.3334 -0.3284 -0.1378 0.1554 0.0896 0.0312 -0.0044 -0.0605 -0.2027 -0.3111 -0.3353 -0.3216 -0.0493 0.1736 0.0661 0.0029
0.0494 0.1735 -0.0477 -0.3215 -0.3353 -0.3113 -0.2035 -0.0609 -0.0046 0.0310 0.0892 0.1560 -0.1372 -0.3284 -0.3334 -0.2886 -0.1498 -0.0398 0.0071 0.0452 0.1219 0.0863 -0.2197 -0.3328 -0.3276 -0.2600 -0.1057 -0.0239 0.0166 0.0603 0.1719 -0.0146 -0.3188 -0.3351 -0.3174 -0.2227 -0.0723 -0.0103 0.0259 0.0781 0.1696 -0.0977 -0.3253 -0.3348 -0.3012 -0.1773 -0.0500 0.0011 0.0375 0.0994 0.1478 0.0994 0.0375 0.0011 -0.0500 -0.1773 -0.3012 -0.3348 -0.3253 -0.0977 0.1696 0.0781 0.0259 -0.0103 -0.0723 -0.2227 -0.3174 -0.3351 -0.3188 -0.0146 0.1719 0.0603 0.0166 -0.0239 -0.1057 -0.2600 -0.3276 -0.3328 -0.2197 0.0863 0.1219 0.0452 0.0071 -0.0398 -0.1498 -0.2886 -0.3334 -0.3284 -0.1372 0.1560 0.0892 0.0310 -0.0046 -0.0609 -0.2035 -0.3113 -0.3353 -0.3215 -0.0477 0.1735 0.0494
0.1433 -0.0461 -0.3214 -0.3353 -0.3116 -0.2043 -0.0612 -0.0048 0.0308 0.0888 0.1566 -0.1360 -0.3284 -0.3334 -0.2886 -0.1495 -0.0395 0.0073 0.0455 0.1226 0.0846 -0.2213 -0.3328 -0.3275 -0.2595 -0.1050 -0.0236 0.0167 0.0606 0.1721 -0.0162 -0.3190 -0.3351 -0.3172 -0.2219 -0.0718 -0.0101 0.0260 0.0785 0.1694 -0.0990 -0.3255 -0.3348 -0.3008 -0.1765 -0.0497 0.0014 0.0374 0.1038 0.1258 -0.0788 0.1258 0.1038 0.0374 0.0014 -0.0497 -0.1765 -0.3008 -0.3348 -0.3255 -0.0990 0.1694 0.0785 0.0260 -0.0101 -0.0718 -0.2219 -0.3172 -0.3351 -0.3190 -0.0162 0.1721 0.0606 0.0167 -0.0236 -0.1050 -0.2595 -0.3275 -0.3328 -0.2213 0.0846 0.1226 0.0455 0.0073 -0.0395 -0.1495 -0.2886 -0.3334 -0.3284 -0.1360 0.1566 0.0888 0.0308 -0.0048 -0.0612 -0.2043 -0.3116 -0.3353 -0.3214 -0.0461 0.1433
-0.0314 -0.3212 -0.3353 -0.3119 -0.2050 -0.0616 -0.0050 0.0306 0.0884 0.1573 -0.1347 -0.3283 -0.3334 -0.2889 -0.1498 -0.0395 0.0074 0.0457 0.1233 0.0830 -0.2229 -0.3329 -0.3274 -0.2589 -0.1043 -0.0234 0.0169 0.0609 0.1722 -0.0179 -0.3191 -0.3351 -0.3169 -0.2212 -0.0713 -0.0099 0.0262 0.0788 0.1691 -0.1003 -0.3256 -0.3348 -0.3005 -0.1757 -0.0494 0.0016 0.0378 0.1034 0.1265 -0.1797 -0.3234 -0.1797 0.1265 0.1034 0.0378 0.0016 -0.0494 -0.1757 -0.3005 -0.3348 -0.3256 -0.1003 0.1691 0.0788 0.0262 -0.0099 -0.0713 -0.2212 -0.3169 -0.3351 -0.3191 -0.0179 0.1722 0.0609 0.0169 -0.0234 -0.1043 -0.2589 -0.3274 -0.3329 -0.2229 0.0830 0.1233 0.0457 0.0074 -0.0395 -0.1498 -0.2889 -0.3334 -0.3283 -0.1347 0.1573 0.0884 0.0306 -0.0050 -0.0616 -0.2050 -0.3119 -0.3353 -0.3212 -0.0314
-0.1858 -0.3352 -0.3121 -0.2058 -0.0620 -0.0052 0.0304 0.0880 0.1579 -0.1335 -0.3282 -0.3335 -0.2894 -0.1506 -0.0398 0.0073 0.0457 0.1237 0.0816 -0.2246 -0.3329 -0.3272 -0.2583 -0.1037 -0.0231 0.0171 0.0612 0.1723 -0.0195 -0.3192 -0.3351 -0.3167 -0.2205 -0.0709 -0.0097 0.0264 0.0792 0.1688 -0.1016 -0.3257 -0.3347 -0.3001 -0.1749 -0.0490 0.0018 0.0380 0.1036 0.1289 -0.1776 -0.3326 -0.3397 -0.3326 -0.1776 0.1289 0.1036 0.0380 0.0018 -0.0490 -0.1749 -0.3001 -0.3347 -0.3257 -0.1016 0.1688 0.0792 0.0264 -0.0097 -0.0709 -0.2205 -0.3167 -0.3351 -0.3192 -0.0195 0.1723 0.0612 0.0171 -0.0231 -0.1037 -0.2583 -0.3272 -0.3329 -0.2246 0.0816 0.1237 0.0457 0.0073 -0.0398 -0.1506 -0.2894 -0.3335 -0.3282 -0.1335 0.1579 0.0880 0.0304 -0.0052 -0.0620 -0.2058 -0.3121 -0.3352 -0.1858
-0.2139 -0.3126 -0.2064 -0.0625 -0.0055 0.0302 0.0876 0.1585 -0.1322 -0.3281 -0.3335 -0.2898 -0.1514 -0.0401 0.0071 0.0455 0.1233 0.0816 -0.2254 -0.3330 -0.3271 -0.2577 -0.1030 -0.0229 0.0172 0.0615 0.1724 -0.0212 -0.3193 -0.3351 -0.3165 -0.2197 -0.0704 -0.0095 0.0266 0.0796 0.1685 -0.1028 -0.3258 -0.3347 -0.2998 -0.1740 -0.0487 0.0019 0.0382 0.1041 0.1277 -0.1765 -0.3307 -0.3327 -0.3189 -0.3327 -0.3307 -0.1765 0.1277 0.1041 0.0382 0.0019 -0.0487 -0.1740 -0.2998 -0.3347 -0.3258 -0.1028 0.1685 0.0796 0.0266 -0.0095 -0.0704 -0.2197 -0.3165 -0.3351 -0.3193 -0.0212 0.1724 0.0615 0.0172 -0.0229 -0.1030 -0.2577 -0.3271 -0.3330 -0.2254 0.0816 0.1233 0.0455 0.0071 -0.0401 -0.1514 -0.2898 -0.3335 -0.3281 -0.1322 0.1585 0.0876 0.0302 -0.0055 -0.0625 -0.2064 -0.3126 -0.2139
-0.2147 -0.2093 -0.0628 -0.0056 0.0300 0.0872 0.1591 -0.1310 -0.3280 -0.3336 -0.2902 -0.1522 -0.0404 0.0070 0.0452 0.1226 0.0830 -0.2246 -0.3330 -0.3271 -0.2572 -0.1024 -0.0226 0.0174 0.0618 0.1725 -0.0228 -0.3195 -0.3351 -0.3162 -0.2190 -0.0699 -0.0093 0.0267 0.0799 0.1682 -0.1041 -0.3259 -0.3347 -0.2994 -0.1732 -0.0484 0.0021 0.0385 0.1046 0.1265 -0.1779 -0.3308 -0.3288 -0.2745 -0.2078 -0.2745 -0.3288 -0.3308 -0.1779 0.1265 0.1046 0.0385 0.0021 -0.0484 -0.1732 -0.2994 -0.3347 -0.3259 -0.1041 0.1682 0.0799 0.0267 -0.0093 -0.0699 -0.2190 -0.3162 -0.3351 -0.3195 -0.0228 0.1725 0.0618 0.0174 -0.0226 -0.1024 -0.2572 -0.3271 -0.3330 -0.2246 0.0830 0.1226 0.0452 0.0070 -0.0404 -0.1522 -0.2902 -0.3336 -0.3280 -0.1310 0.1591 0.0872 0.0300 -0.0056 -0.0628 -0.2093 -0.2147
-0.1582 -0.0648 -0.0062 0.0299 0.0868 0.1597 -0.1297 -0.3279 -0.3337 -0.2906 -0.1530 -0.0407 0.0068 0.0450 0.1219 0.0846 -0.2229 -0.3329 -0.3271 -0.2572 -0.1021 -0.0224 0.0175 0.0620 0.1727 -0.0244 -0.3196 -0.3352 -0.3160 -0.2183 -0.0695 -0.0091 0.0269 0.0803 0.1678 -0.1054 -0.3260 -0.3346 -0.2991 -0.1724 -0.0481 0.0023 0.0387 0.1051 0.1253 -0.1793 -0.3310 -0.3308 -0.2691 -0.1182 -0.0511 -0.1182 -0.2691 -0.3308 -0.3310 -0.1793 0.1253 0.1051 0.0387 0.0023 -0.0481 -0.1724 -0.2991 -0.3346 -0.3260 -0.1054 0.1678 0.0803 0.0269 -0.0091 -0.0695 -0.2183 -0.3160 -0.3352 -0.3196 -0.0244 0.1727 0.0620 0.0175 -0.0224 -0.1021 -0.2572 -0.3271 -0.3329 -0.2229 0.0846 0.1219 0.0450 0.0068 -0.0407 -0.1530 -0.2906 -0.3337 -0.3279 -0.1297 0.1597 0.0868 0.0299 -0.0062 -0.0648 -0.1582
-0.0734 -0.0037 0.0295 0.0864 0.1602 -0.1284 -0.3278 -0.3337 -0.2910 -0.1538 -0.0410 0.0066 0.0447 0.1212 0.0863 -0.2213 -0.3329 -0.3272 -0.2577 -0.1024 -0.0224 0.0176 0.0623 0.1728 -0.0260 -0.3197 -0.3352 -0.3158 -0.2175 -0.0690 -0.0088 0.0271 0.0806 0.1675 -0.1067 -0.3261 -0.3346 -0.2987 -0.1715 -0.0478 0.0025 0.0389 0.1057 0.1241 -0.1807 -0.3311 -0.3308 -0.2742 -0.1201 -0.0241 0.0058 -0.0241 -0.1201 -0.2742 -0.3308 -0.3311 -0.1807 0.1241 0.1057 0.0389 0.0025 -0.0478 -0.1715 -0.2987 -0.3346 -0.3261 -0.1067 0.1675 0.0806 0.0271 -0.0088 -0.0690 -0.2175 -0.3158 -0.3352 -0.3197 -0.0260 0.1728 0.0623 0.0176 -0.0224 -0.1024 -0.2577 -0.3272 -0.3329 -0.2213 0.0863 0.1212 0.0447 0.0066 -0.0410 -0.1538 -0.2910 -0.3337 -0.3278 -0.1284 0.1602 0.0864 0.0295 -0.0037 -0.0734
-0.0279 0.0332 0.0860 0.1607 -0.1272 -0.3277 -0.3338 -0.2914 -0.1547 -0.0413 0.0065 0.0445 0.1205 0.0879 -0.2197 -0.3328 -0.3274 -0.2583 -0.1030 -0.0226 0.0175 0.0623 0.1728 -0.0273 -0.3198 -0.3352 -0.3155 -0.2168 -0.0686 -0.0086 0.0273 0.0810 0.1671 -0.1079 -0.3262 -0.3346 -0.2984 -0.1707 -0.0475 0.0027 0.0392 0.1062 0.1229 -0.1821 -0.3311 -0.3306 -0.2738 -0.1243 -0.0305 0.0165 0.0423 0.0165 -0.0305 -0.1243 -0.2738 -0.3306 -0.3311 -0.1821 0.1229 0.1062 0.0392 0.0027 -0.0475 -0.1707 -0.2984 -0.3346 -0.3262 -0.1079 0.1671 0.0810 0.0273 -0.0086 -0.0686 -0.2168 -0.3155 -0.3352 -0.3198 -0.0273 0.1728 0.0623 0.0175 -0.0226 -0.1030 -0.2583 -0.3274 -0.3328 -0.2197 0.0879 0.1205 0.0445 0.0065 -0.0413 -0.1547 -0.2914 -0.3338 -0.3277 -0.1272 0.1607 0.0860 0.0332 -0.0279
0.0146 0.0855 0.1613 -0.1260 -0.3276 -0.3338 -0.2918 -0.1555 -0.0416 0.0063 0.0443 0.1198 0.0895 -0.2181 -0.3328 -0.3275 -0.2589 -0.1037 -0.0229 0.0174 0.0620 0.1728 -0.0273 -0.3199 -0.3352 -0.3153 -0.2160 -0.0681 -0.0084 0.0274 0.0814 0.1668 -0.1092 -0.3263 -0.3345 -0.2980 -0.1699 -0.0472 0.0029 0.0394 0.1068 0.1216 -0.1835 -0.3312 -0.3305 -0.2731 -0.1234 -0.0305 0.0128 0.0569 0.0972 0.0569 0.0128 -0.0305 -0.1234 -0.2731 -0.3305 -0.3312 -0.1835 0.1216 0.1068 0.0394 0.0029 -0.0472 -0.1699 -0.2980 -0.3345 -0.3263 -0.1092 0.1668 0.0814 0.0274 -0.0084 -0.0681 -0.2160 -0.3153 -0.3352 -0.3199 -0.0273 0.1728 0.0620 0.0174 -0.0229 -0.1037 -0.2589 -0.3275 -0.3328 -0.2181 0.0895 0.1198 0.0443 0.0063 -0.0416 -0.1555 -0.2918 -0.3338 -0.3276 -0.1260 0.1613 0.0855 0.0146
0.0685 0.1618 -0.1247 -0.3275 -0.3339 -0.2922 -0.1563 -0.0419 0.0061 0.0440 0.1191 0.0911 -0.2165 -0.3327 -0.3276 -0.2595 -0.1043 -0.0231 0.0172 0.0618 0.1727 -0.0260 -0.3198 -0.3352 -0.3153 -0.2154 -0.0677 -0.0082 0.0276 0.0817 0.1664 -0.1105 -0.3264 -0.3345 -0.2976 -0.1690 -0.0468 0.0030 0.0396 0.1073 0.1203 -0.1849 -0.3313 -0.3304 -0.2726 -0.1225 -0.0300 0.0127 0.0543 0.1357 0.1297 0.1357 0.0543 0.0127 -0.0300 -0.1225 -0.2726 -0.3304 -0.3313 -0.1849 0.1203 0.1073 0.0396 0.0030 -0.0468 -0.1690 -0.2976 -0.3345 -0.3264 -0.1105 0.1664 0.0817 0.0276 -0.0082 -0.0677 -0.2154 -0.3153 -0.3352 -0.3198 -0.0260 0.1727 0.0618 0.0172 -0.0231 -0.1043 -0.2595 -0.3276 -0.3327 -0.2165 0.0911 0.1191 0.0440 0.0061 -0.0419 -0.1563 -0.2922 -0.3339 -0.3275 -0.1247 0.1618 0.0685
0.1275 -0.1233 -0.3274 -0.3339 -0.2926 -0.1572 -0.0422 0.0059 0.0438 0.1184 0.0927 -0.2149 -0.3327 -0.3278 -0.2600 -0.1050 -0.0234 0.0171 0.0615 0.1725 -0.0244 -0.3197 -0.3352 -0.3153 -0.2154 -0.0675 -0.0080 0.0278 0.0821 0.1660 -0.1117 -0.3265 -0.3345 -0.2973 -0.1682 -0.0465 0.0032 0.0399 0.1079 0.1191 -0.1863 -0.3313 -0.3303 -0.2721 -0.1218 -0.0297 0.0130 0.0542 0.1575 0.0162 -0.2067 0.0162 0.1575 0.0542 0.0130 -0.0297 -0.1218 -0.2721 -0.3303 -0.3313 -0.1863 0.1191 0.1079 0.0399 0.0032 -0.0465 -0.1682 -0.2973 -0.3345 -0.3265 -0.1117 0.1660 0.0821 0.0278 -0.0080 -0.0675 -0.2154 -0.3153 -0.3352 -0.3197 -0.0244 0.1725 0.0615 0.0171 -0.0234 -0.1050 -0.2600 -0.3278 -0.3327 -0.2149 0.0927 0.1184 0.0438 0.0059 -0.0422 -0.1572 -0.2926 -0.3339 -0.3274 -0.1233 0.1275
-0.0858 -0.3273 -0.3340 -0.2930 -0.1580 -0.0425 0.0058 0.0435 0.1178 0.0943 -0.2134 -0.3326 -0.3279 -0.2606 -0.1057 -0.0236 0.0169 0.0612 0.1724 -0.0228 -0.3196 -0.3352 -0.3155 -0.2160 -0.0677 -0.0080 0.0279 0.0824 0.1656 -0.1130 -0.3265 -0.3344 -0.2969 -0.1674 -0.0462 0.0034 0.0401 0.1084 0.1178 -0.1877 -0.3314 -0.3302 -0.2716 -0.1210 -0.0295 0.0132 0.0545 0.1564 0.0178 -0.2971 -0.3310 -0.2971 0.0178 0.1564 0.0545 0.0132 -0.0295 -0.1210 -0.2716 -0.3302 -0.3314 -0.1877 0.1178 0.1084 0.0401 0.0034 -0.0462 -0.1674 -0.2969 -0.3344 -0.3265 -0.1130 0.1656 0.0824 0.0279 -0.0080 -0.0677 -0.2160 -0.3155 -0.3352 -0.3196 -0.0228 0.1724 0.0612 0.0169 -0.0236 -0.1057 -0.2606 -0.3279 -0.3326 -0.2134 0.0943 0.1178 0.0435 0.0058 -0.0425 -0.1580 -0.2930 -0.3340 -0.3273 -0.0858
-0.1954 -0.3340 -0.2933 -0.1588 -0.0428 0.0056 0.0433 0.1171 0.0958 -0.2118 -0.3325 -0.3280 -0.2612 -0.1064 -0.0239 0.0167 0.0609 0.1723 -0.0212 -0.3195 -0.3352 -0.3158 -0.2168 -0.0681 -0.0082 0.0278 0.0824 0.1655 -0.1140 -0.3266 -0.3344 -0.2965 -0.1666 -0.0459 0.0036 0.0403 0.1090 0.1164 -0.1891 -0.3315 -0.3301 -0.2711 -0.1203 -0.0292 0.0133 0.0548 0.1562 0.0207 -0.2932 -0.3364 -0.3387 -0.3364 -0.2932 0.0207 0.1562 0.0548 0.0133 -0.0292 -0.1203 -0.2711 -0.3301 -0.3315 -0.1891 0.1164 0.1090 0.0403 0.0036 -0.0459 -0.1666 -0.2965 -0.3344 -0.3266 -0.1140 0.1655 0.0824 0.0278 -0.0082 -0.0681 -0.2168 -0.3158 -0.3352 -0.3195 -0.0212 0.1723 0.0609 0.0167 -0.0239 -0.1064 -0.2612 -0.3280 -0.3325 -0.2118 0.0958 0.1171 0.0433 0.0056 -0.0428 -0.1588 -0.2933 -0.3340 -0.1954
-0.2178 -0.2943 -0.1594 -0.0431 0.0054 0.0430 0.1165 0.0974 -0.2103 -0.3325 -0.3282 -0.2617 -0.1071 -0.0241 0.0166 0.0606 0.1722 -0.0195 -0.3193 -0.3351 -0.3160 -0.2175 -0.0686 -0.0084 0.0276 0.0821 0.1656 -0.1140 -0.3267 -0.3343 -0.2962 -0.1657 -0.0456 0.0038 0.0406 0.1096 0.1151 -0.1905 -0.3315 -0.3300 -0.2706 -0.1195 -0.0289 0.0135 0.0551 0.1574 0.0188 -0.2921 -0.3339 -0.3227 -0.2961 -0.3227 -0.3339 -0.2921 0.0188 0.1574 0.0551 0.0135 -0.0289 -0.1195 -0.2706 -0.3300 -0.3315 -0.1905 0.1151 0.1096 0.0406 0.0038 -0.0456 -0.1657 -0.2962 -0.3343 -0.3267 -0.1140 0.1656 0.0821 0.0276 -0.0084 -0.0686 -0.2175 -0.3160 -0.3351 -0.3193 -0.0195 0.1722 0.0606 0.0166 -0.0241 -0.1071 -0.2617 -0.3282 -0.3325 -0.2103 0.0974 0.1165 0.0430 0.0054 -0.0431 -0.1594 -0.2943 -0.2178
-0.2060 -0.1629 -0.0434 0.0053 0.0428 0.1158 0.0989 -0.2087 -0.3324 -0.3283 -0.2623 -0.1078 -0.0244 0.0164 0.0603 0.1721 -0.0179 -0.3192 -0.3351 -0.3162 -0.2183 -0.0690 -0.0086 0.0274 0.0817 0.1660 -0.1130 -0.3266 -0.3343 -0.2961 -0.1650 -0.0453 0.0039 0.0408 0.1101 0.1138 -0.1919 -0.3316 -0.3299 -0.2701 -0.1188 -0.0287 0.0137 0.0553 0.1586 0.0170 -0.2944 -0.3345 -0.3180 -0.2327 -0.1473 -0.2327 -0.3180 -0.3345 -0.2944 0.0170 0.1586 0.0553 0.0137 -0.0287 -0.1188 -0.2701 -0.3299 -0.3316 -0.1919 0.1138 0.1101 0.0408 0.0039 -0.0453 -0.1650 -0.2961 -0.3343 -0.3266 -0.1130 0.1660 0.0817 0.0274 -0.0086 -0.0690 -0.2183 -0.3162 -0.3351 -0.3192 -0.0179 0.1721 0.0603 0.0164 -0.0244 -0.1078 -0.2623 -0.3283 -0.3324 -0.2087 0.0989 0.1158 0.0428 0.0053 -0.0434 -0.1629 -0.2060
-0.1320 -0.0442 0.0047 0.0426 0.1152 0.1004 -0.2072 -0.3324 -0.3284 -0.2629 -0.1085 -0.0246 0.0163 0.0601 0.1719 -0.0162 -0.3191 -0.3351 -0.3165 -0.2190 -0.0695 -0.0088 0.0273 0.0814 0.1664 -0.1117 -0.3265 -0.3344 -0.2962 -0.1650 -0.0451 0.0041 0.0410 0.1107 0.1124 -0.1934 -0.3317 -0.3298 -0.2695 -0.1180 -0.0284 0.0138 0.0556 0.1599 0.0152 -0.2967 -0.3346 -0.3209 -0.2281 -0.0736 -0.0250 -0.0736 -0.2281 -0.3209 -0.3346 -0.2967 0.0152 0.1599 0.0556 0.0138 -0.0284 -0.1180 -0.2695 -0.3298 -0.3317 -0.1934 0.1124 0.1107 0.0410 0.0041 -0.0451 -0.1650 -0.2962 -0.3344 -0.3265 -0.1117 0.1664 0.0814 0.0273 -0.0088 -0.0695 -0.2190 -0.3165 -0.3351 -0.3191 -0.0162 0.1719 0.0601 0.0163 -0.0246 -0.1085 -0.2629 -0.3284 -0.3324 -0.2072 0.1004 0.1152 0.0426 0.0047 -0.0442 -0.1320
-0.0588 0.0080 0.0423 0.1146 0.1019 -0.2057 -0.3323 -0.3286 -0.2634 -0.1092 -0.0249 0.0161 0.0598 0.1718 -0.0146 -0.3190 -0.3351 -0.3167 -0.2197 -0.0699 -0.0091 0.0271 0.0810 0.1668 -0.1105 -0.3265 -0.3344 -0.2965 -0.1657 -0.0453 0.0041 0.0412 0.1112 0.1111 -0.1948 -0.3318 -0.3297 -0.2690 -0.1173 -0.0281 0.0140 0.0559 0.1612 0.0134 -0.2990 -0.3346 -0.3209 -0.2341 -0.0785 -0.0083 0.0159 -0.0083 -0.0785 -0.2341 -0.3209 -0.3346 -0.2990 0.0134 0.1612 0.0559 0.0140 -0.0281 -0.1173 -0.2690 -0.3297 -0.3318 -0.1948 0.1111 0.1112 0.0412 0.0041 -0.0453 -0.1657 -0.2965 -0.3344 -0.3265 -0.1105 0.1668 0.0810 0.0271 -0.0091 -0.0699 -0.2197 -0.3167 -0.3351 -0.3190 -0.0146 0.1718 0.0598 0.0161 -0.0249 -0.1092 -0.2634 -0.3286 -0.3323 -0.2057 0.1019 0.1146 0.0423 0.0080 -0.0588
-0.0159 0.0441 0.1139 0.1034 -0.2042 -0.3322 -0.3287 -0.2640 -0.1099 -0.0252 0.0159 0.0595 0.1717 -0.0129 -0.3188 -0.3351 -0.3169 -0.2205 -0.0704 -0.0093 0.0269 0.0806 0.1671 -0.1092 -0.3264 -0.3345 -0.2969 -0.1666 -0.0456 0.0039 0.0410 0.1112 0.1104 -0.1960 -0.3318 -0.3296 -0.2685 -0.1166 -0.0279 0.0141 0.0561 0.1625 0.0117 -0.3013 -0.3347 -0.3206 -0.2335 -0.0802 -0.0136 0.0270 0.0580 0.0270 -0.0136 -0.0802 -0.2335 -0.3206 -0.3347 -0.3013 0.0117 0.1625 0.0561 0.0141 -0.0279 -0.1166 -0.2685 -0.3296 -0.3318 -0.1960 0.1104 0.1112 0.0410 0.0039 -0.0456 -0.1666 -0.2969 -0.3345 -0.3264 -0.1092 0.1671 0.0806 0.0269 -0.0093 -0.0704 -0.2205 -0.3169 -0.3351 -0.3188 -0.0129 0.1717 0.0595 0.0159 -0.0252 -0.1099 -0.2640 -0.3287 -0.3322 -0.2042 0.1034 0.1139 0.0441 -0.0159
0.0266 0.1133 0.1049 -0.2027 -0.3322 -0.3288 -0.2645 -0.1106 -0.0254 0.0158 0.0592 0.1715 -0.0112 -0.3187 -0.3351 -0.3172 -0.2212 -0.0709 -0.0095 0.0267 0.0803 0.1675 -0.1079 -0.3263 -0.3345 -0.2973 -0.1674 -0.0459 0.0038 0.0408 0.1107 0.1111 -0.1960 -0.3319 -0.3295 -0.2680 -0.1158 -0.0276 0.0143 0.0564 0.1638 0.0099 -0.3036 -0.3347 -0.3204 -0.2326 -0.0794 -0.0136 0.0237 0.0752 0.1261 0.0752 0.0237 -0.0136 -0.0794 -0.2326 -0.3204 -0.3347 -0.3036 0.0099 0.1638 0.0564 0.0143 -0.0276 -0.1158 -0.2680 -0.3295 -0.3319 -0.1960 0.1111 0.1107 0.0408 0.0038 -0.0459 -0.1674 -0.2973 -0.3345 -0.3263 -0.1079 0.1675 0.0803 0.0267 -0.0095 -0.0709 -0.2212 -0.3172 -0.3351 -0.3187 -0.0112 0.1715 0.0592 0.0158 -0.0254 -0.1106 -0.2645 -0.3288 -0.3322 -0.2027 0.1049 0.1133 0.0266
0.0943 0.1064 -0.2012 -0.3321 -0.3289 -0.2651 -0.1113 -0.0257 0.0156 0.0589 0.1714 -0.0096 -0.3186 -0.3350 -0.3174 -0.2219 -0.0713 -0.0097 0.0266 0.0799 0.1678 -0.1067 -0.3262 -0.3345 -0.2976 -0.1682 -0.0462 0.0036 0.0406 0.1101 0.1124 -0.1948 -0.3318 -0.3295 -0.2679 -0.1152 -0.0273 0.0145 0.0567 0.1651 0.0081 -0.3060 -0.3347 -0.3202 -0.2319 -0.0788 -0.0132 0.0236 0.0743 0.1582 0.0476 0.1582 0.0743 0.0236 -0.0132 -0.0788 -0.2319 -0.3202 -0.3347 -0.3060 0.0081 0.1651 0.0567 0.0145 -0.0273 -0.1152 -0.2679 -0.3295 -0.3318 -0.1948 0.1124 0.1101 0.0406 0.0036 -0.0462 -0.1682 -0.2976 -0.3345 -0.3262 -0.1067 0.1678 0.0799 0.0266 -0.0097 -0.0713 -0.2219 -0.3174 -0.3350 -0.3186 -0.0096 0.1714 0.0589 0.0156 -0.0257 -0.1113 -0.2651 -0.3289 -0.3321 -0.2012 0.1064 0.0943
0.0791 -0.1995 -0.3320 -0.3290 -0.2656 -0.1120 -0.0259 0.0155 0.0587 0.1712 -0.0079 -0.3185 -0.3350 -0.3176 -0.2227 -0.0718 -0.0099 0.0264 0.0796 0.1682 -0.1054 -0.3261 -0.3346 -0.2980 -0.1690 -0.0465 0.0034 0.0403 0.1096 0.1138 -0.1934 -0.3318 -0.3296 -0.2680 -0.1152 -0.0272 0.0146 0.0569 0.1665 0.0064 -0.3084 -0.3348 -0.3200 -0.2312 -0.0783 -0.0130 0.0239 0.0741 0.1711 -0.0878 -0.2853 -0.0878 0.1711 0.0741 0.0239 -0.0130 -0.0783 -0.2312 -0.3200 -0.3348 -0.3084 0.0064 0.1665 0.0569 0.0146 -0.0272 -0.1152 -0.2680 -0.3296 -0.3318 -0.1934 0.1138 0.1096 0.0403 0.0034 -0.0465 -0.1690 -0.2980 -0.3346 -0.3261 -0.1054 0.1682 0.0796 0.0264 -0.0099 -0.0718 -0.2227 -0.3176 -0.3350 -0.3185 -0.0079 0.1712 0.0587 0.0155 -0.0259 -0.1120 -0.2656 -0.3290 -0.3320 -0.1995 0.0791
-0.1308 -0.3319 -0.3292 -0.2662 -0.1127 -0.0262 0.0153 0.0584 0.1711 -0.0062 -0.3184 -0.3350 -0.3178 -0.2234 -0.0723 -0.0101 0.0262 0.0792 0.1685 -0.1041 -0.3260 -0.3346 -0.2984 -0.1699 -0.0468 0.0032 0.0401 0.1090 0.1151 -0.1919 -0.3317 -0.3297 -0.2685 -0.1158 -0.0273 0.0146 0.0571 0.1677 0.0047 -0.3108 -0.3348 -0.3198 -0.2305 -0.0778 -0.0128 0.0240 0.0744 0.1720 -0.0862 -0.3260 -0.3367 -0.3260 -0.0862 0.1720 0.0744 0.0240 -0.0128 -0.0778 -0.2305 -0.3198 -0.3348 -0.3108 0.0047 0.1677 0.0571 0.0146 -0.0273 -0.1158 -0.2685 -0.3297 -0.3317 -0.1919 0.1151 0.1090 0.0401 0.0032 -0.0468 -0.1699 -0.2984 -0.3346 -0.3260 -0.1041 0.1685 0.0792 0.0262 -0.0101 -0.0723 -0.2234 -0.3178 -0.3350 -0.3184 -0.0062 0.1711 0.0584 0.0153 -0.0262 -0.1127 -0.2662 -0.3292 -0.3319 -0.1308
-0.2038 -0.3293 -0.2666 -0.1134 -0.0265 0.0151 0.0581 0.1709 -0.0045 -0.3182 -0.3350 -0.3181 -0.2241 -0.0728 -0.0103 0.0260 0.0788 0.1688 -0.1028 -0.3259 -0.3346 -0.2987 -0.1707 -0.0472 0.0030 0.0399 0.1084 0.1164 -0.1905 -0.3316 -0.3298 -0.2690 -0.1166 -0.0276 0.0145 0.0569 0.1677 0.0038 -0.3129 -0.3348 -0.3196 -0.2298 -0.0773 -0.0125 0.0242 0.0748 0.1719 -0.0846 -0.3246 -0.3369 -0.3327 -0.3369 -0.3246 -0.0846 0.1719 0.0748 0.0242 -0.0125 -0.0773 -0.2298 -0.3196 -0.3348 -0.3129 0.0038 0.1677 0.0569 0.0145 -0.0276 -0.1166 -0.2690 -0.3298 -0.3316 -0.1905 0.1164 0.1084 0.0399 0.0030 -0.0472 -0.1707 -0.2987 -0.3346 -0.3259 -0.1028 0.1688 0.0788 0.0260 -0.0103 -0.0728 -0.2241 -0.3181 -0.3350 -0.3182 -0.0045 0.1709 0.0581 0.0151 -0.0265 -0.1134 -0.2666 -0.3293 -0.2038
-0.2193 -0.2682 -0.1140 -0.0267 0.0150 0.0578 0.1708 -0.0027 -0.3181 -0.3349 -0.3183 -0.2248 -0.0733 -0.0106 0.0259 0.0785 0.1691 -0.1016 -0.3258 -0.3347 -0.2991 -0.1715 -0.0475 0.0029 0.0396 0.1079 0.1178 -0.1891 -0.3315 -0.3299 -0.2695 -0.1173 -0.0279 0.0143 0.0567 0.1665 0.0047 -0.3129 -0.3349 -0.3194 -0.2292 -0.0768 -0.0123 0.0243 0.0751 0.1717 -0.0859 -0.3243 -0.3337 -0.3048 -0.2610 -0.3048 -0.3337 -0.3243 -0.0859 0.1717 0.0751 0.0243 -0.0123 -0.0768 -0.2292 -0.3194 -0.3349 -0.3129 0.0047 0.1665 0.0567 0.0143 -0.0279 -0.1173 -0.2695 -0.3299 -0.3315 -0.1891 0.1178 0.1079 0.0396 0.0029 -0.0475 -0.1715 -0.2991 -0.3347 -0.3258 -0.1016 0.1691 0.0785 0.0259 -0.0106 -0.0733 -0.2248 -0.3183 -0.3349 -0.3181 -0.0027 0.1708 0.0578 0.0150 -0.0267 -0.1140 -0.2682 -0.2193
-0.1918 -0.1174 -0.0271 0.0149 0.0576 0.1706 -0.0010 -0.3180 -0.3349 -0.3185 -0.2256 -0.0737 -0.0108 0.0257 0.0781 0.1694 -0.1003 -0.3257 -0.3347 -0.2994 -0.1724 -0.0478 0.0027 0.0394 0.1073 0.1191 -0.1877 -0.3315 -0.3300 -0.2701 -0.1180 -0.0281 0.0141 0.0564 0.1651 0.0064 -0.3108 -0.3348 -0.3194 -0.2290 -0.0763 -0.0121 0.0245 0.0754 0.1715 -0.0873 -0.3245 -0.3350 -0.2996 -0.1786 -0.0918 -0.1786 -0.2996 -0.3350 -0.3245 -0.0873 0.1715 0.0754 0.0245 -0.0121 -0.0763 -0.2290 -0.3194 -0.3348 -0.3108 0.0064 0.1651 0.0564 0.0141 -0.0281 -0.1180 -0.2701 -0.3300 -0.3315 -0.1877 0.1191 0.1073 0.0394 0.0027 -0.0478 -0.1724 -0.2994 -0.3347 -0.3257 -0.1003 0.1694 0.0781 0.0257 -0.0108 -0.0737 -0.2256 -0.3185 -0.3349 -0.3180 -0.0010 0.1706 0.0576 0.0149 -0.0271 -0.1174 -0.1918
-0.1061 -0.0265 0.0143 0.0573 0.1698 0.0007 -0.3179 -0.3349 -0.3187 -0.2263 -0.0742 -0.0110 0.0255 0.0778 0.1696 -0.0990 -0.3256 -0.3347 -0.2998 -0.1732 -0.0481 0.0025 0.0392 0.1068 0.1203 -0.1863 -0.3314 -0.3301 -0.2706 -0.1188 -0.0284 0.0140 0.0561 0.1638 0.0081 -0.3084 -0.3348 -0.3196 -0.2292 -0.0763 -0.0120 0.0247 0.0758 0.1713 -0.0886 -0.3246 -0.3351 -0.3035 -0.1765 -0.0450 -0.0074 -0.0450 -0.1765 -0.3035 -0.3351 -0.3246 -0.0886 0.1713 0.0758 0.0247 -0.0120 -0.0763 -0.2292 -0.3196 -0.3348 -0.3084 0.0081 0.1638 0.0561 0.0140 -0.0284 -0.1188 -0.2706 -0.3301 -0.3314 -0.1863 0.1203 0.1068 0.0392 0.0025 -0.0481 -0.1732 -0.2998 -0.3347 -0.3256 -0.0990 0.1696 0.0778 0.0255 -0.0110 -0.0742 -0.2263 -0.3187 -0.3349 -0.3179 0.0007 0.1698 0.0573 0.0143 -0.0265 -0.1061
-0.0461 0.0182 0.0570 0.1684 0.0024 -0.3165 -0.3349 -0.3189 -0.2270 -0.0747 -0.0112 0.0254 0.0775 0.1699 -0.0977 -0.3255 -0.3348 -0.3001 -0.1740 -0.0484 0.0023 0.0389 0.1062 0.1216 -0.1849 -0.3313 -0.3302 -0.2711 -0.1195 -0.0287 0.0138 0.0559 0.1625 0.0099 -0.3060 -0.3348 -0.3198 -0.2298 -0.0768 -0.0121 0.0247 0.0759 0.1711 -0.0899 -0.3247 -0.3350 -0.3033 -0.1826 -0.0518 0.0048 0.0273 0.0048 -0.0518 -0.1826 -0.3033 -0.3350 -0.3247 -0.0899 0.1711 0.0759 0.0247 -0.0121 -0.0768 -0.2298 -0.3198 -0.3348 -0.3060 0.0099 0.1625 0.0559 0.0138 -0.0287 -0.1195 -0.2711 -0.3302 -0.3313 -0.1849 0.1216 0.1062 0.0389 0.0023 -0.0484 -0.1740 -0.3001 -0.3348 -0.3255 -0.0977 0.1699 0.0775 0.0254 -0.0112 -0.0747 -0.2270 -0.3189 -0.3349 -0.3165 0.0024 0.1684 0.0570 0.0182 -0.0461
-0.0039 0.0569 0.1670 0.0042 -0.3141 -0.3348 -0.3191 -0.2277 -0.0752 -0.0114 0.0252 0.0771 0.1702 -0.0964 -0.3253 -0.3348 -0.3005 -0.1749 -0.0487 0.0021 0.0387 0.1057 0.1229 -0.1835 -0.3313 -0.3303 -0.2716 -0.1203 -0.0289 0.0137 0.0556 0.1612 0.0117 -0.3036 -0.3347 -0.3200 -0.2305 -0.0773 -0.0123 0.0245 0.0758 0.1711 -0.0905 -0.3248 -0.3350 -0.3028 -0.1817 -0.0518 0.0004 0.0400 0.0754 0.0400 0.0004 -0.0518 -0.1817 -0.3028 -0.3350 -0.3248 -0.0905 0.1711 0.0758 0.0245 -0.0123 -0.0773 -0.2305 -0.3200 -0.3347 -0.3036 0.0117 0.1612 0.0556 0.0137 -0.0289 -0.1203 -0.2716 -0.3303 -0.3313 -0.1835 0.1229 0.1057 0.0387 0.0021 -0.0487 -0.1749 -0.3005 -0.3348 -0.3253 -0.0964 0.1702 0.0771 0.0252 -0.0114 -0.0752 -0.2277 -0.3191 -0.3348 -0.3141 0.0042 0.1670 0.0569 -0.0039
0.0401 0.1655 0.0059 -0.3116 -0.3348 -0.3193 -0.2284 -0.0757 -0.0117 0.0250 0.0768 0.1704 -0.0951 -0.3252 -0.3348 -0.3008 -0.1757 -0.0490 0.0019 0.0385 0.1051 0.1241 -0.1821 -0.3312 -0.3304 -0.2721 -0.1210 -0.0292 0.0135 0.0553 0.1599 0.0134 -0.3013 -0.3347 -0.3202 -0.2312 -0.0778 -0.0125 0.0243 0.0754 0.1713 -0.0899 -0.3248 -0.3350 -0.3026 -0.1807 -0.0513 0.0003 0.0366 0.0978 0.1477 0.0978 0.0366 0.0003 -0.0513 -0.1807 -0.3026 -0.3350 -0.3248 -0.0899 0.1713 0.0754 0.0243 -0.0125 -0.0778 -0.2312 -0.3202 -0.3347 -0.3013 0.0134 0.1599 0.0553 0.0135 -0.0292 -0.1210 -0.2721 -0.3304 -0.3312 -0.1821 0.1241 0.1051 0.0385 0.0019 -0.0490 -0.1757 -0.3008 -0.3348 -0.3252 -0.0951 0.1704 0.0768 0.0250 -0.0117 -0.0757 -0.2284 -0.3193 -0.3348 -0.3116 0.0059 0.1655 0.0401
0.1379 0.0078 -0.3092 -0.3348 -0.3195 -0.2291 -0.0762 -0.0119 0.0249 0.0764 0.1706 -0.0938 -0.3251 -0.3349 -0.3012 -0.1765 -0.0494 0.0018 0.0382 0.1046 0.1253 -0.1807 -0.3311 -0.3305 -0.2726 -0.1218 -0.0295 0.0133 0.0551 0.1586 0.0152 -0.2990 -0.3347 -0.3204 -0.2319 -0.0783 -0.0128 0.0242 0.0751 0.1715 -0.0886 -0.3247 -0.3350 -0.3026 -0.1804 -0.0510 0.0007 0.0365 0.1017 0.1306 -0.0719 0.1306 0.1017 0.0365 0.0007 -0.0510 -0.1804 -0.3026 -0.3350 -0.3247 -0.0886 0.1715 0.0751 0.0242 -0.0128 -0.0783 -0.2319 -0.3204 -0.3347 -0.2990 0.0152 0.1586 0.0551 0.0133 -0.0295 -0.1218 -0.2726 -0.3305 -0.3311 -0.1807 0.1253 0.1046 0.0382 0.0018 -0.0494 -0.1765 -0.3012 -0.3349 -0.3251 -0.0938 0.1706 0.0764 0.0249 -0.0119 -0.0762 -0.2291 -0.3195 -0.3348 -0.3092 0.0078 0.1379
0.0073 -0.3063 -0.3348 -0.3198 -0.2298 -0.0767 -0.0121 0.0247 0.0761 0.1709 -0.0925 -0.3250 -0.3349 -0.3015 -0.1773 -0.0497 0.0016 0.0380 0.1041 0.1265 -0.1793 -0.3311 -0.3306 -0.2731 -0.1225 -0.0297 0.0132 0.0548 0.1574 0.0170 -0.2967 -0.3346 -0.3206 -0.2326 -0.0788 -0.0130 0.0240 0.0748 0.1717 -0.0873 -0.3246 -0.3350 -0.3028 -0.1807 -0.0510 0.0008 0.0368 0.1013 0.1312 -0.1742 -0.3229 -0.1742 0.1312 0.1013 0.0368 0.0008 -0.0510 -0.1807 -0.3028 -0.3350 -0.3246 -0.0873 0.1717 0.0748 0.0240 -0.0130 -0.0788 -0.2326 -0.3206 -0.3346 -0.2967 0.0170 0.1574 0.0548 0.0132 -0.0297 -0.1225 -0.2731 -0.3306 -0.3311 -0.1793 0.1265 0.1041 0.0380 0.0016 -0.0497 -0.1773 -0.3015 -0.3349 -0.3250 -0.0925 0.1709 0.0761 0.0247 -0.0121 -0.0767 -0.2298 -0.3198 -0.3348 -0.3063 0.0073
-0.1762 -0.3347 -0.3199 -0.2305 -0.0773 -0.0123 0.0245 0.0758 0.1711 -0.0912 -0.3249 -0.3349 -0.3018 -0.1782 -0.0500 0.0014 0.0378 0.1036 0.1277 -0.1780 -0.3310 -0.3307 -0.2736 -0.1233 -0.0300 0.0130 0.0545 0.1562 0.0188 -0.2944 -0.3346 -0.3208 -0.2333 -0.0793 -0.0132 0.0239 0.0744 0.1718 -0.0860 -0.3245 -0.3350 -0.3032 -0.1815 -0.0513 0.0007 0.0368 0.1013 0.1337 -0.1722 -0.3323 -0.3396 -0.3323 -0.1720 0.1338 0.1012 0.0368 0.0007 -0.0513 -0.1817 -0.3033 -0.3351 -0.3245 -0.0859 0.1719 0.0744 0.0239 -0.0132 -0.0794 -0.2335 -0.3209 -0.3346 -0.2944 0.0188 0.1562 0.0545 0.0130 -0.0300 -0.1234 -0.2738 -0.3308 -0.3310 -0.1779 0.1277 0.1036 0.0378 0.0014 -0.0500 -0.1783 -0.3019 -0.3350 -0.3249 -0.0912 0.1711 0.0758 0.0245 -0.0123 -0.0773 -0.2308 -0.3200 -0.3347 -0.1761
-0.2106 -0.3203 -0.2311 -0.0778 -0.0126 0.0244 0.0754 0.1713 -0.0899 -0.3248 -0.3349 -0.3022 -0.1790 -0.0503 0.0012 0.0375 0.1030 0.1288 -0.1766 -0.3309 -0.3308 -0.2741 -0.1240 -0.0303 0.0128 0.0543 0.1550 0.0206 -0.2921 -0.3346 -0.3210 -0.2340 -0.0799 -0.0134 0.0237 0.0741 0.1720 -0.0847 -0.3244 -0.3350 -0.3035 -0.1823 -0.0516 0.0005 0.0366 0.1010 0.1336 -0.1704 -0.3304 -0.3333 -0.3199 -0.3330 -0.3303 -0.1700 0.1338 0.1013 0.0365 0.0003 -0.0518 -0.1826 -0.3035 -0.3350 -0.3243 -0.0846 0.1720 0.0741 0.0236 -0.0136 -0.0802 -0.2341 -0.3209 -0.3345 -0.2921 0.0207 0.1564 0.0542 0.0127 -0.0305 -0.1243 -0.2742 -0.3308 -0.3308 -0.1765 0.1289 0.1034 0.0374 0.0011 -0.0506 -0.1792 -0.3022 -0.3349 -0.3248 -0.0899 0.1713 0.0755 0.0243 -0.0127 -0.0781 -0.2313 -0.3203 -0.2106
-0.2175 -0.2335 -0.0782 -0.0127 0.0242 0.0751 0.1715 -0.0886 -0.3247 -0.3350 -0.3025 -0.1798 -0.0506 0.0010 0.0373 0.1025 0.1300 -0.1752 -0.3308 -0.3309 -0.2746 -0.1248 -0.0306 0.0127 0.0540 0.1538 0.0224 -0.2899 -0.3345 -0.3212 -0.2347 -0.0804 -0.0137 0.0235 0.0738 0.1722 -0.0833 -0.3243 -0.3351 -0.3038 -0.1831 -0.0519 0.0003 0.0364 0.1005 0.1345 -0.1698 -0.3304 -0.3295 -0.2771 -0.2086 -0.2691 -0.3267 -0.3303 -0.1720 0.1312 0.1017 0.0366 0.0004 -0.0518 -0.1765 -0.2996 -0.3337 -0.3246 -0.0862 0.1711 0.0743 0.0237 -0.0136 -0.0785 -0.2281 -0.3180 -0.3339 -0.2932 0.0178 0.1575 0.0543 0.0128 -0.0305 -0.1201 -0.2691 -0.3288 -0.3307 -0.1776 0.1265 0.1038 0.0375 0.0011 -0.0505 -0.1733 -0.2982 -0.3336 -0.3250 -0.0914 0.1703 0.0757 0.0243 -0.0126 -0.0762 -0.2263 -0.2166
-0.1720 -0.0808 -0.0133 0.0241 0.0748 0.1717 -0.0873 -0.3246 -0.3350 -0.3028 -0.1806 -0.0509 0.0008 0.0371 0.1020 0.1311 -0.1739 -0.3308 -0.3310 -0.2751 -0.1256 -0.0308 0.0125 0.0537 0.1527 0.0241 -0.2877 -0.3345 -0.3214 -0.2354 -0.0810 -0.0139 0.0234 0.0734 0.1723 -0.0820 -0.3242 -0.3351 -0.3041 -0.1839 -0.0522 0.0001 0.0361 0.1000 0.1355 -0.1685 -0.3304 -0.3316 -0.2724 -0.1176 -0.0481 -0.1254 -0.2689 -0.3325 -0.3323 -0.1742 0.1306 0.0978 0.0400 0.0048 -0.0450 -0.1786 -0.3048 -0.3369 -0.3260 -0.0878 0.1582 0.0752 0.0270 -0.0083 -0.0736 -0.2327 -0.3227 -0.3364 -0.2971 0.0162 0.1357 0.0569 0.0165 -0.0241 -0.1182 -0.2745 -0.3327 -0.3326 -0.1797 0.1258 0.0994 0.0409 0.0055 -0.0437 -0.1750 -0.3035 -0.3368 -0.3264 -0.0930 0.1590 0.0763 0.0276 -0.0077 -0.0720 -0.1690
-0.0839 -0.0114 0.0236 0.0744 0.1718 -0.0860 -0.3245 -0.3350 -0.3032 -0.1815 -0.0513 0.0007 0.0368 0.1015 0.1322 -0.1725 -0.3307 -0.3311 -0.2756 -0.1263 -0.0311 0.0124 0.0535 0.1515 0.0259 -0.2855 -0.3345 -0.3216 -0.2360 -0.0815 -0.0141 0.0232 0.0731 0.1725 -0.0807 -0.3241 -0.3351 -0.3045 -0.1847 -0.0525 -0.0001 0.0359 0.0996 0.1366 -0.1672 -0.3304 -0.3317 -0.2782 -0.1208 -0.0213 0.0032 -0.0810 -0.2219 -0.3196 -0.3394 -0.3229 -0.0719 0.1477 0.0754 0.0273 -0.0074 -0.0918 -0.2610 -0.3327 -0.3367 -0.2853 0.0476 0.1261 0.0580 0.0159 -0.0250 -0.1473 -0.2961 -0.3387 -0.3310 -0.2067 0.1297 0.0972 0.0423 0.0058 -0.0511 -0.2078 -0.3189 -0.3397 -0.3234 -0.0788 0.1478 0.0765 0.0281 -0.0065 -0.0891 -0.2583 -0.3322 -0.3369 -0.2898 0.0407 0.1284 0.0590 0.0162 -0.0213 -0.1278
