0.3425 0.5090 0.3740 0.1570 0.1655 0.2433 0.4172 0.4934 0.2703 0.1511 0.1827 0.2875 0.4839 0.4514 0.1831 0.1542 0.2068 0.3417 0.5085 0.3860 0.1592 0.1617 0.2288 0.3773 0.5070 0.3946 0.1773 0.1496 0.1489 0.1490 0.1490 0.1490 0.1490 0.1490 0.1490 0.1490 0.1490 0.1490 0.1490 0.1490 0.1490 0.1490 0.1490 0.1490 0.1490 0.1490 0.1490 0.1490 0.1490 0.1490 0.1490 0.1490 0.1490 0.1490 0.1490 0.1490 0.1490 0.1490 0.1490 0.1490 0.1490 0.1490 0.1490 0.1490 0.1490 0.1490 0.1490 0.1490 0.1490 0.1490 0.1490 0.1490 0.1489 0.1496 0.1773 0.3946 0.5070 0.3773 0.2288 0.1617 0.1592 0.3860 0.5085 0.3417 0.2068 0.1542 0.1831 0.4514 0.4839 0.2875 0.1827 0.1511 0.2703 0.4934 0.4172 0.2433 0.1655 0.1570 0.3740 0.5090 0.3425
0.5090 0.3743 0.1463 0.1557 0.2371 0.4156 0.4954 0.2754 0.1395 0.1738 0.2823 0.4841 0.4546 0.1782 0.1429 0.1992 0.3387 0.5100 0.3886 0.1486 0.1525 0.2260 0.3869 0.5063 0.3612 0.1485 0.1412 0.1622 0.1756 0.1775 0.1776 0.1776 0.1776 0.1776 0.1776 0.1776 0.1776 0.1776 0.1776 0.1776 0.1776 0.1776 0.1776 0.1776 0.1776 0.1776 0.1776 0.1776 0.1776 0.1776 0.1776 0.1776 0.1776 0.1776 0.1776 0.1776 0.1776 0.1776 0.1776 0.1776 0.1776 0.1776 0.1776 0.1776 0.1776 0.1776 0.1776 0.1776 0.1776 0.1776 0.1776 0.1775 0.1756 0.1622 0.1412 0.1485 0.3612 0.5063 0.3869 0.2260 0.1525 0.1486 0.3886 0.5100 0.3387 0.1992 0.1429 0.1782 0.4546 0.4841 0.2823 0.1738 0.1395 0.2754 0.4954 0.4156 0.2371 0.1557 0.1463 0.3743 0.5090
0.3740 0.1463 0.1551 0.2343 0.4090 0.4979 0.2873 0.1397 0.1714 0.2765 0.4775 0.4606 0.1856 0.1421 0.1959 0.3318 0.5093 0.3966 0.1501 0.1516 0.2245 0.3865 0.5055 0.3467 0.1444 0.1487 0.1948 0.2603 0.3006 0.3065 0.3068 0.3068 0.3068 0.3068 0.3068 0.3068 0.3068 0.3068 0.3068 0.3068 0.3068 0.3068 0.3068 0.3068 0.3068 0.3068 0.3068 0.3068 0.3068 0.3068 0.3068 0.3068 0.3068 0.3068 0.3068 0.3068 0.3068 0.3068 0.3068 0.3068 0.3068 0.3068 0.3068 0.3068 0.3068 0.3068 0.3068 0.3068 0.3068 0.3068 0.3068 0.3065 0.3006 0.2603 0.1948 0.1487 0.1444 0.3467 0.5055 0.3865 0.2245 0.1516 0.1501 0.3966 0.5093 0.3318 0.1959 0.1421 0.1856 0.4606 0.4775 0.2765 0.1714 0.1397 0.2873 0.4979 0.4090 0.2343 0.1551 0.1463 0.3740
0.1570 0.1557 0.2343 0.4064 0.4994 0.2961 0.1400 0.1694 0.2714 0.4709 0.4661 0.1943 0.1413 0.1928 0.3250 0.5083 0.4048 0.1520 0.1506 0.2220 0.3834 0.5058 0.3414 0.1431 0.1536 0.2165 0.3306 0.4613 0.5024 0.5048 0.5049 0.5049 0.5049 0.5049 0.5049 0.5049 0.5049 0.5049 0.5049 0.5049 0.5049 0.5049 0.5049 0.5049 0.5049 0.5049 0.5049 0.5049 0.5049 0.5049 0.5049 0.5049 0.5049 0.5049 0.5049 0.5049 0.5049 0.5049 0.5049 0.5049 0.5049 0.5049 0.5049 0.5049 0.5049 0.5049 0.5049 0.5049 0.5049 0.5049 0.5049 0.5048 0.5024 0.4613 0.3306 0.2165 0.1536 0.1431 0.3414 0.5058 0.3834 0.2220 0.1506 0.1520 0.4048 0.5083 0.3250 0.1928 0.1413 0.1943 0.4661 0.4709 0.2714 0.1694 0.1400 0.2961 0.4994 0.4064 0.2343 0.1557 0.1570
0.1655 0.2371 0.4090 0.4994 0.2994 0.1402 0.1680 0.2673 0.4647 0.4709 0.2035 0.1407 0.1898 0.3183 0.5068 0.4129 0.1542 0.1494 0.2190 0.3785 0.5065 0.3421 0.1428 0.1563 0.2289 0.3717 0.5070 0.4687 0.4062 0.3917 0.3911 0.3911 0.3911 0.3911 0.3911 0.3911 0.3911 0.3911 0.3911 0.3911 0.3911 0.3911 0.3911 0.3911 0.3911 0.3911 0.3911 0.3911 0.3911 0.3911 0.3911 0.3911 0.3911 0.3911 0.3911 0.3911 0.3911 0.3911 0.3911 0.3911 0.3911 0.3911 0.3911 0.3911 0.3911 0.3911 0.3911 0.3911 0.3911 0.3911 0.3911 0.3917 0.4062 0.4687 0.5070 0.3717 0.2289 0.1563 0.1428 0.3421 0.5065 0.3785 0.2190 0.1494 0.1542 0.4129 0.5068 0.3183 0.1898 0.1407 0.2035 0.4709 0.4647 0.2673 0.1680 0.1402 0.2994 0.4994 0.4090 0.2371 0.1655
0.2433 0.4156 0.4979 0.2961 0.1402 0.1675 0.2650 0.4603 0.4744 0.2121 0.1403 0.1871 0.3121 0.5047 0.4207 0.1568 0.1482 0.2158 0.3726 0.5075 0.3465 0.1431 0.1574 0.2353 0.3941 0.5069 0.4046 0.2022 0.1485 0.1456 0.1455 0.1455 0.1455 0.1455 0.1455 0.1455 0.1455 0.1455 0.1455 0.1455 0.1455 0.1455 0.1455 0.1455 0.1455 0.1455 0.1455 0.1455 0.1455 0.1455 0.1455 0.1455 0.1455 0.1455 0.1455 0.1455 0.1455 0.1455 0.1455 0.1455 0.1455 0.1455 0.1455 0.1455 0.1455 0.1455 0.1455 0.1455 0.1455 0.1455 0.1455 0.1456 0.1485 0.2022 0.4046 0.5069 0.3941 0.2353 0.1574 0.1431 0.3465 0.5075 0.3726 0.2158 0.1482 0.1568 0.4207 0.5047 0.3121 0.1871 0.1403 0.2121 0.4744 0.4603 0.2650 0.1675 0.1402 0.2961 0.4979 0.4156 0.2433
0.4172 0.4954 0.2873 0.1400 0.1680 0.2650 0.4586 0.4763 0.2183 0.1400 0.1849 0.3068 0.5023 0.4277 0.1598 0.1471 0.2124 0.3661 0.5084 0.3532 0.1436 0.1575 0.2378 0.4051 0.5032 0.3569 0.1510 0.1376 0.1454 0.1478 0.1480 0.1480 0.1480 0.1480 0.1480 0.1480 0.1480 0.1480 0.1480 0.1480 0.1480 0.1480 0.1480 0.1480 0.1480 0.1480 0.1480 0.1480 0.1480 0.1480 0.1480 0.1480 0.1480 0.1480 0.1480 0.1480 0.1480 0.1480 0.1480 0.1480 0.1480 0.1480 0.1480 0.1480 0.1480 0.1480 0.1480 0.1480 0.1480 0.1480 0.1480 0.1478 0.1454 0.1376 0.1510 0.3569 0.5032 0.4051 0.2378 0.1575 0.1436 0.3532 0.5084 0.3661 0.2124 0.1471 0.1598 0.4277 0.5023 0.3068 0.1849 0.1400 0.2183 0.4763 0.4586 0.2650 0.1680 0.1400 0.2873 0.4954 0.4172
0.4934 0.2754 0.1397 0.1694 0.2673 0.4603 0.4763 0.2206 0.1399 0.1834 0.3028 0.4998 0.4337 0.1629 0.1460 0.2092 0.3595 0.5092 0.3610 0.1444 0.1570 0.2378 0.4093 0.5006 0.3284 0.1432 0.1466 0.1811 0.2155 0.2252 0.2259 0.2259 0.2259 0.2259 0.2259 0.2259 0.2259 0.2259 0.2259 0.2259 0.2259 0.2259 0.2259 0.2259 0.2259 0.2259 0.2259 0.2259 0.2259 0.2259 0.2259 0.2259 0.2259 0.2259 0.2259 0.2259 0.2259 0.2259 0.2259 0.2259 0.2259 0.2259 0.2259 0.2259 0.2259 0.2259 0.2259 0.2259 0.2259 0.2259 0.2259 0.2252 0.2155 0.1811 0.1466 0.1432 0.3284 0.5006 0.4093 0.2378 0.1570 0.1444 0.3610 0.5092 0.3595 0.2092 0.1460 0.1629 0.4337 0.4998 0.3028 0.1834 0.1399 0.2206 0.4763 0.4603 0.2673 0.1694 0.1397 0.2754 0.4934
0.2703 0.1395 0.1714 0.2714 0.4647 0.4744 0.2183 0.1399 0.1829 0.3006 0.4979 0.4380 0.1658 0.1452 0.2063 0.3533 0.5097 0.3692 0.1454 0.1561 0.2363 0.4092 0.4997 0.3138 0.1411 0.1543 0.2120 0.3045 0.3891 0.4135 0.4150 0.4150 0.4150 0.4150 0.4150 0.4150 0.4150 0.4150 0.4150 0.4150 0.4150 0.4150 0.4150 0.4150 0.4150 0.4150 0.4150 0.4150 0.4150 0.4150 0.4150 0.4150 0.4150 0.4150 0.4150 0.4150 0.4150 0.4150 0.4150 0.4150 0.4150 0.4150 0.4150 0.4150 0.4150 0.4150 0.4150 0.4150 0.4150 0.4150 0.4150 0.4135 0.3891 0.3045 0.2120 0.1543 0.1411 0.3138 0.4997 0.4092 0.2363 0.1561 0.1454 0.3692 0.5097 0.3533 0.2063 0.1452 0.1658 0.4380 0.4979 0.3006 0.1829 0.1399 0.2183 0.4744 0.4647 0.2714 0.1714 0.1395 0.2703
0.1511 0.1738 0.2765 0.4709 0.4709 0.2121 0.1400 0.1834 0.3006 0.4972 0.4403 0.1678 0.1445 0.2039 0.3479 0.5100 0.3769 0.1465 0.1550 0.2339 0.4064 0.4999 0.3084 0.1405 0.1591 0.2318 0.3658 0.5003 0.4979 0.4867 0.4858 0.4858 0.4858 0.4858 0.4858 0.4858 0.4858 0.4858 0.4858 0.4858 0.4858 0.4858 0.4858 0.4858 0.4858 0.4858 0.4858 0.4858 0.4858 0.4858 0.4858 0.4858 0.4858 0.4858 0.4858 0.4858 0.4858 0.4858 0.4858 0.4858 0.4858 0.4858 0.4858 0.4858 0.4858 0.4858 0.4858 0.4858 0.4858 0.4858 0.4858 0.4867 0.4979 0.5003 0.3658 0.2318 0.1591 0.1405 0.3084 0.4999 0.4064 0.2339 0.1550 0.1465 0.3769 0.5100 0.3479 0.2039 0.1445 0.1678 0.4403 0.4972 0.3006 0.1834 0.1400 0.2121 0.4709 0.4709 0.2765 0.1738 0.1511
0.1827 0.2823 0.4775 0.4661 0.2035 0.1403 0.1849 0.3028 0.4979 0.4403 0.1686 0.1442 0.2024 0.3438 0.5100 0.3836 0.1477 0.1539 0.2313 0.4022 0.5008 0.3087 0.1405 0.1618 0.2434 0.4014 0.5071 0.4269 0.2911 0.2342 0.2301 0.2300 0.2300 0.2300 0.2300 0.2300 0.2300 0.2300 0.2300 0.2300 0.2300 0.2300 0.2300 0.2300 0.2300 0.2300 0.2300 0.2300 0.2300 0.2300 0.2300 0.2300 0.2300 0.2300 0.2300 0.2300 0.2300 0.2300 0.2300 0.2300 0.2300 0.2300 0.2300 0.2300 0.2300 0.2300 0.2300 0.2300 0.2300 0.2300 0.2301 0.2342 0.2911 0.4269 0.5071 0.4014 0.2434 0.1618 0.1405 0.3087 0.5008 0.4022 0.2313 0.1539 0.1477 0.3836 0.5100 0.3438 0.2024 0.1442 0.1686 0.4403 0.4979 0.3028 0.1849 0.1403 0.2035 0.4661 0.4775 0.2823 0.1827
0.2875 0.4841 0.4606 0.1943 0.1407 0.1871 0.3068 0.4998 0.4380 0.1678 0.1442 0.2019 0.3417 0.5100 0.3884 0.1487 0.1529 0.2287 0.3975 0.5020 0.3124 0.1406 0.1630 0.2495 0.4210 0.5006 0.3597 0.1580 0.1369 0.1364 0.1364 0.1364 0.1364 0.1364 0.1364 0.1364 0.1364 0.1364 0.1364 0.1364 0.1364 0.1364 0.1364 0.1364 0.1364 0.1364 0.1364 0.1364 0.1364 0.1364 0.1364 0.1364 0.1364 0.1364 0.1364 0.1364 0.1364 0.1364 0.1364 0.1364 0.1364 0.1364 0.1364 0.1364 0.1364 0.1364 0.1364 0.1364 0.1364 0.1364 0.1364 0.1364 0.1369 0.1580 0.3597 0.5006 0.4210 0.2495 0.1630 0.1406 0.3124 0.5020 0.3975 0.2287 0.1529 0.1487 0.3884 0.5100 0.3417 0.2019 0.1442 0.1678 0.4380 0.4998 0.3068 0.1871 0.1407 0.1943 0.4606 0.4841 0.2875
0.4839 0.4546 0.1856 0.1413 0.1898 0.3121 0.5023 0.4337 0.1658 0.1445 0.2024 0.3417 0.5099 0.3911 0.1494 0.1522 0.2265 0.3931 0.5031 0.3175 0.1409 0.1632 0.2521 0.4310 0.4949 0.3140 0.1429 0.1431 0.1634 0.1739 0.1751 0.1752 0.1752 0.1752 0.1752 0.1752 0.1752 0.1752 0.1752 0.1752 0.1752 0.1752 0.1752 0.1752 0.1752 0.1752 0.1752 0.1752 0.1752 0.1752 0.1752 0.1752 0.1752 0.1752 0.1752 0.1752 0.1752 0.1752 0.1752 0.1752 0.1752 0.1752 0.1752 0.1752 0.1752 0.1752 0.1752 0.1752 0.1752 0.1752 0.1751 0.1739 0.1634 0.1431 0.1429 0.3140 0.4949 0.4310 0.2521 0.1632 0.1409 0.3175 0.5031 0.3931 0.2265 0.1522 0.1494 0.3911 0.5099 0.3417 0.2024 0.1445 0.1658 0.4337 0.5023 0.3121 0.1898 0.1413 0.1856 0.4546 0.4839
0.4514 0.1782 0.1421 0.1928 0.3183 0.5047 0.4277 0.1629 0.1452 0.2039 0.3438 0.5100 0.3911 0.1497 0.1519 0.2251 0.3897 0.5041 0.3227 0.1412 0.1629 0.2526 0.4352 0.4914 0.2872 0.1398 0.1538 0.2030 0.2654 0.2969 0.3005 0.3007 0.3007 0.3007 0.3007 0.3007 0.3007 0.3007 0.3007 0.3007 0.3007 0.3007 0.3007 0.3007 0.3007 0.3007 0.3007 0.3007 0.3007 0.3007 0.3007 0.3007 0.3007 0.3007 0.3007 0.3007 0.3007 0.3007 0.3007 0.3007 0.3007 0.3007 0.3007 0.3007 0.3007 0.3007 0.3007 0.3007 0.3007 0.3007 0.3005 0.2969 0.2654 0.2030 0.1538 0.1398 0.2872 0.4914 0.4352 0.2526 0.1629 0.1412 0.3227 0.5041 0.3897 0.2251 0.1519 0.1497 0.3911 0.5100 0.3438 0.2039 0.1452 0.1629 0.4277 0.5047 0.3183 0.1928 0.1421 0.1782 0.4514
0.1831 0.1429 0.1959 0.3250 0.5068 0.4207 0.1598 0.1460 0.2063 0.3479 0.5100 0.3884 0.1494 0.1519 0.2246 0.3878 0.5047 0.3269 0.1415 0.1624 0.2520 0.4362 0.4898 0.2730 0.1391 0.1615 0.2321 0.3511 0.4709 0.5013 0.5030 0.5031 0.5031 0.5031 0.5031 0.5031 0.5031 0.5031 0.5031 0.5031 0.5031 0.5031 0.5031 0.5031 0.5031 0.5031 0.5031 0.5031 0.5031 0.5031 0.5031 0.5031 0.5031 0.5031 0.5031 0.5031 0.5031 0.5031 0.5031 0.5031 0.5031 0.5031 0.5031 0.5031 0.5031 0.5031 0.5031 0.5031 0.5031 0.5031 0.5030 0.5013 0.4709 0.3511 0.2321 0.1615 0.1391 0.2730 0.4898 0.4362 0.2520 0.1624 0.1415 0.3269 0.5047 0.3878 0.2246 0.1519 0.1494 0.3884 0.5100 0.3479 0.2063 0.1460 0.1598 0.4207 0.5068 0.3250 0.1959 0.1429 0.1831
0.1542 0.1992 0.3318 0.5083 0.4129 0.1568 0.1471 0.2092 0.3533 0.5100 0.3836 0.1487 0.1522 0.2251 0.3878 0.5050 0.3292 0.1418 0.1620 0.2510 0.4356 0.4894 0.2663 0.1391 0.1665 0.2506 0.4044 0.5077 0.4597 0.4084 0.4001 0.3998 0.3998 0.3998 0.3998 0.3998 0.3998 0.3998 0.3998 0.3998 0.3998 0.3998 0.3998 0.3998 0.3998 0.3998 0.3998 0.3998 0.3998 0.3998 0.3998 0.3998 0.3998 0.3998 0.3998 0.3998 0.3998 0.3998 0.3998 0.3998 0.3998 0.3998 0.3998 0.3998 0.3998 0.3998 0.3998 0.3998 0.3998 0.3998 0.4001 0.4084 0.4597 0.5077 0.4044 0.2506 0.1665 0.1391 0.2663 0.4894 0.4356 0.2510 0.1620 0.1418 0.3292 0.5050 0.3878 0.2251 0.1522 0.1487 0.3836 0.5100 0.3533 0.2092 0.1471 0.1568 0.4129 0.5083 0.3318 0.1992 0.1542
0.2068 0.3387 0.5093 0.4048 0.1542 0.1482 0.2124 0.3595 0.5097 0.3769 0.1477 0.1529 0.2265 0.3897 0.5047 0.3292 0.1419 0.1617 0.2503 0.4346 0.4895 0.2640 0.1391 0.1694 0.2617 0.4350 0.4989 0.3730 0.1836 0.1491 0.1473 0.1473 0.1473 0.1473 0.1473 0.1473 0.1473 0.1473 0.1473 0.1473 0.1473 0.1473 0.1473 0.1473 0.1473 0.1473 0.1473 0.1473 0.1473 0.1473 0.1473 0.1473 0.1473 0.1473 0.1473 0.1473 0.1473 0.1473 0.1473 0.1473 0.1473 0.1473 0.1473 0.1473 0.1473 0.1473 0.1473 0.1473 0.1473 0.1473 0.1473 0.1491 0.1836 0.3730 0.4989 0.4350 0.2617 0.1694 0.1391 0.2640 0.4895 0.4346 0.2503 0.1617 0.1419 0.3292 0.5047 0.3897 0.2265 0.1529 0.1477 0.3769 0.5097 0.3595 0.2124 0.1482 0.1542 0.4048 0.5093 0.3387 0.2068
0.3417 0.5100 0.3966 0.1520 0.1494 0.2158 0.3661 0.5092 0.3692 0.1465 0.1539 0.2287 0.3931 0.5041 0.3269 0.1418 0.1617 0.2500 0.4339 0.4898 0.2636 0.1392 0.1709 0.2681 0.4519 0.4886 0.3047 0.1439 0.1384 0.1450 0.1464 0.1465 0.1465 0.1465 0.1465 0.1465 0.1465 0.1465 0.1465 0.1465 0.1465 0.1465 0.1465 0.1465 0.1465 0.1465 0.1465 0.1465 0.1465 0.1465 0.1465 0.1465 0.1465 0.1465 0.1465 0.1465 0.1465 0.1465 0.1465 0.1465 0.1465 0.1465 0.1465 0.1465 0.1465 0.1465 0.1465 0.1465 0.1465 0.1465 0.1464 0.1450 0.1384 0.1439 0.3047 0.4886 0.4519 0.2681 0.1709 0.1392 0.2636 0.4898 0.4339 0.2500 0.1617 0.1418 0.3269 0.5041 0.3931 0.2287 0.1539 0.1465 0.3692 0.5092 0.3661 0.2158 0.1494 0.1520 0.3966 0.5100 0.3417
0.5085 0.3886 0.1501 0.1506 0.2190 0.3726 0.5084 0.3610 0.1454 0.1550 0.2313 0.3975 0.5031 0.3227 0.1415 0.1620 0.2503 0.4339 0.4899 0.2638 0.1393 0.1717 0.2716 0.4609 0.4810 0.2622 0.1389 0.1515 0.1869 0.2147 0.2202 0.2205 0.2205 0.2205 0.2205 0.2205 0.2205 0.2205 0.2205 0.2205 0.2205 0.2205 0.2205 0.2205 0.2205 0.2205 0.2205 0.2205 0.2205 0.2205 0.2205 0.2205 0.2205 0.2205 0.2205 0.2205 0.2205 0.2205 0.2205 0.2205 0.2205 0.2205 0.2205 0.2205 0.2205 0.2205 0.2205 0.2205 0.2205 0.2205 0.2202 0.2147 0.1869 0.1515 0.1389 0.2622 0.4810 0.4609 0.2716 0.1717 0.1393 0.2638 0.4899 0.4339 0.2503 0.1620 0.1415 0.3227 0.5031 0.3975 0.2313 0.1550 0.1454 0.3610 0.5084 0.3726 0.2190 0.1506 0.1501 0.3886 0.5085
0.3860 0.1486 0.1516 0.2220 0.3785 0.5075 0.3532 0.1444 0.1561 0.2339 0.4022 0.5020 0.3175 0.1412 0.1624 0.2510 0.4346 0.4898 0.2638 0.1393 0.1720 0.2732 0.4655 0.4763 0.2382 0.1383 0.1627 0.2271 0.3194 0.3878 0.4015 0.4023 0.4023 0.4023 0.4023 0.4023 0.4023 0.4023 0.4023 0.4023 0.4023 0.4023 0.4023 0.4023 0.4023 0.4023 0.4023 0.4023 0.4023 0.4023 0.4023 0.4023 0.4023 0.4023 0.4023 0.4023 0.4023 0.4023 0.4023 0.4023 0.4023 0.4023 0.4023 0.4023 0.4023 0.4023 0.4023 0.4023 0.4023 0.4023 0.4015 0.3878 0.3194 0.2271 0.1627 0.1383 0.2382 0.4763 0.4655 0.2732 0.1720 0.1393 0.2638 0.4898 0.4346 0.2510 0.1624 0.1412 0.3175 0.5020 0.4022 0.2339 0.1561 0.1444 0.3532 0.5075 0.3785 0.2220 0.1516 0.1486 0.3860
0.1592 0.1525 0.2245 0.3834 0.5065 0.3465 0.1436 0.1570 0.2363 0.4064 0.5008 0.3124 0.1409 0.1629 0.2520 0.4356 0.4895 0.2636 0.1393 0.1720 0.2737 0.4674 0.4737 0.2257 0.1386 0.1703 0.2541 0.3966 0.5053 0.4981 0.4924 0.4921 0.4921 0.4921 0.4921 0.4921 0.4921 0.4921 0.4921 0.4921 0.4921 0.4921 0.4921 0.4921 0.4921 0.4921 0.4921 0.4921 0.4921 0.4921 0.4921 0.4921 0.4921 0.4921 0.4921 0.4921 0.4921 0.4921 0.4921 0.4921 0.4921 0.4921 0.4921 0.4921 0.4921 0.4921 0.4921 0.4921 0.4921 0.4921 0.4924 0.4981 0.5053 0.3966 0.2541 0.1703 0.1386 0.2257 0.4737 0.4674 0.2737 0.1720 0.1393 0.2636 0.4895 0.4356 0.2520 0.1629 0.1409 0.3124 0.5008 0.4064 0.2363 0.1570 0.1436 0.3465 0.5065 0.3834 0.2245 0.1525 0.1592
0.1617 0.2260 0.3865 0.5058 0.3421 0.1431 0.1575 0.2378 0.4092 0.4999 0.3087 0.1406 0.1632 0.2526 0.4362 0.4894 0.2640 0.1392 0.1717 0.2732 0.4674 0.4729 0.2204 0.1389 0.1748 0.2704 0.4400 0.5007 0.4087 0.2941 0.2616 0.2599 0.2599 0.2599 0.2599 0.2599 0.2599 0.2599 0.2599 0.2599 0.2599 0.2599 0.2599 0.2599 0.2599 0.2599 0.2599 0.2599 0.2599 0.2599 0.2599 0.2599 0.2599 0.2599 0.2599 0.2599 0.2599 0.2599 0.2599 0.2599 0.2599 0.2599 0.2599 0.2599 0.2599 0.2599 0.2599 0.2599 0.2599 0.2599 0.2616 0.2941 0.4087 0.5007 0.4400 0.2704 0.1748 0.1389 0.2204 0.4729 0.4674 0.2732 0.1717 0.1392 0.2640 0.4894 0.4362 0.2526 0.1632 0.1406 0.3087 0.4999 0.4092 0.2378 0.1575 0.1431 0.3421 0.5058 0.3865 0.2260 0.1617
0.2288 0.3869 0.5055 0.3414 0.1428 0.1574 0.2378 0.4093 0.4997 0.3084 0.1405 0.1630 0.2521 0.4352 0.4898 0.2663 0.1391 0.1709 0.2716 0.4655 0.4737 0.2204 0.1390 0.1769 0.2791 0.4618 0.4870 0.3207 0.1516 0.1370 0.1362 0.1362 0.1362 0.1362 0.1362 0.1362 0.1362 0.1362 0.1362 0.1362 0.1362 0.1362 0.1362 0.1362 0.1362 0.1362 0.1362 0.1362 0.1362 0.1362 0.1362 0.1362 0.1362 0.1362 0.1362 0.1362 0.1362 0.1362 0.1362 0.1362 0.1362 0.1362 0.1362 0.1362 0.1362 0.1362 0.1362 0.1362 0.1362 0.1362 0.1362 0.1370 0.1516 0.3207 0.4870 0.4618 0.2791 0.1769 0.1390 0.2204 0.4737 0.4655 0.2716 0.1709 0.1391 0.2663 0.4898 0.4352 0.2521 0.1630 0.1405 0.3084 0.4997 0.4093 0.2378 0.1574 0.1428 0.3414 0.5055 0.3869 0.2288
0.3773 0.5063 0.3467 0.1431 0.1563 0.2353 0.4051 0.5006 0.3138 0.1405 0.1618 0.2495 0.4310 0.4914 0.2730 0.1391 0.1694 0.2681 0.4609 0.4763 0.2257 0.1389 0.1769 0.2818 0.4707 0.4776 0.2661 0.1393 0.1434 0.1583 0.1632 0.1636 0.1636 0.1636 0.1636 0.1636 0.1636 0.1636 0.1636 0.1636 0.1636 0.1636 0.1636 0.1636 0.1636 0.1636 0.1636 0.1636 0.1636 0.1636 0.1636 0.1636 0.1636 0.1636 0.1636 0.1636 0.1636 0.1636 0.1636 0.1636 0.1636 0.1636 0.1636 0.1636 0.1636 0.1636 0.1636 0.1636 0.1636 0.1636 0.1632 0.1583 0.1434 0.1393 0.2661 0.4776 0.4707 0.2818 0.1769 0.1389 0.2257 0.4763 0.4609 0.2681 0.1694 0.1391 0.2730 0.4914 0.4310 0.2495 0.1618 0.1405 0.3138 0.5006 0.4051 0.2353 0.1563 0.1431 0.3467 0.5063 0.3773
0.5070 0.3612 0.1444 0.1536 0.2289 0.3941 0.5032 0.3284 0.1411 0.1591 0.2434 0.4210 0.4949 0.2872 0.1391 0.1665 0.2617 0.4519 0.4810 0.2382 0.1386 0.1748 0.2791 0.4707 0.4745 0.2426 0.1376 0.1552 0.1999 0.2452 0.2595 0.2606 0.2607 0.2607 0.2607 0.2607 0.2607 0.2607 0.2607 0.2607 0.2607 0.2607 0.2607 0.2607 0.2607 0.2607 0.2607 0.2607 0.2607 0.2607 0.2607 0.2607 0.2607 0.2607 0.2607 0.2607 0.2607 0.2607 0.2607 0.2607 0.2607 0.2607 0.2607 0.2607 0.2607 0.2607 0.2607 0.2607 0.2607 0.2606 0.2595 0.2452 0.1999 0.1552 0.1376 0.2426 0.4745 0.4707 0.2791 0.1748 0.1386 0.2382 0.4810 0.4519 0.2617 0.1665 0.1391 0.2872 0.4949 0.4210 0.2434 0.1591 0.1411 0.3284 0.5032 0.3941 0.2289 0.1536 0.1444 0.3612 0.5070
0.3946 0.1485 0.1487 0.2165 0.3717 0.5069 0.3569 0.1432 0.1543 0.2318 0.4014 0.5006 0.3140 0.1398 0.1615 0.2506 0.4350 0.4886 0.2622 0.1383 0.1703 0.2704 0.4618 0.4776 0.2426 0.1375 0.1615 0.2278 0.3306 0.4217 0.4473 0.4489 0.4490 0.4490 0.4490 0.4490 0.4490 0.4490 0.4490 0.4490 0.4490 0.4490 0.4490 0.4490 0.4490 0.4490 0.4490 0.4490 0.4490 0.4490 0.4490 0.4490 0.4490 0.4490 0.4490 0.4490 0.4490 0.4490 0.4490 0.4490 0.4490 0.4490 0.4490 0.4490 0.4490 0.4490 0.4490 0.4490 0.4490 0.4489 0.4473 0.4217 0.3306 0.2278 0.1615 0.1375 0.2426 0.4776 0.4618 0.2704 0.1703 0.1383 0.2622 0.4886 0.4350 0.2506 0.1615 0.1398 0.3140 0.5006 0.4014 0.2318 0.1543 0.1432 0.3569 0.5069 0.3717 0.2165 0.1487 0.1485 0.3946
0.1773 0.1412 0.1948 0.3306 0.5070 0.4046 0.1510 0.1466 0.2120 0.3658 0.5071 0.3597 0.1429 0.1538 0.2321 0.4044 0.4989 0.3047 0.1389 0.1627 0.2541 0.4400 0.4870 0.2661 0.1376 0.1615 0.2367 0.3718 0.4993 0.4974 0.4879 0.4871 0.4871 0.4871 0.4871 0.4871 0.4871 0.4871 0.4871 0.4871 0.4871 0.4871 0.4871 0.4871 0.4871 0.4871 0.4871 0.4871 0.4871 0.4871 0.4871 0.4871 0.4871 0.4871 0.4871 0.4871 0.4871 0.4871 0.4871 0.4871 0.4871 0.4871 0.4871 0.4871 0.4871 0.4871 0.4871 0.4871 0.4871 0.4871 0.4879 0.4974 0.4993 0.3718 0.2367 0.1615 0.1376 0.2661 0.4870 0.4400 0.2541 0.1627 0.1389 0.3047 0.4989 0.4044 0.2321 0.1538 0.1429 0.3597 0.5071 0.3658 0.2120 0.1466 0.1510 0.4046 0.5070 0.3306 0.1948 0.1412 0.1773
0.1496 0.1622 0.2603 0.4613 0.4687 0.2022 0.1376 0.1811 0.3045 0.5003 0.4269 0.1580 0.1431 0.2030 0.3511 0.5077 0.3730 0.1439 0.1515 0.2271 0.3966 0.5007 0.3207 0.1393 0.1552 0.2278 0.3718 0.5054 0.4633 0.3826 0.3509 0.3487 0.3485 0.3485 0.3485 0.3485 0.3485 0.3485 0.3485 0.3485 0.3485 0.3485 0.3485 0.3485 0.3485 0.3485 0.3485 0.3485 0.3485 0.3485 0.3485 0.3485 0.3485 0.3485 0.3485 0.3485 0.3485 0.3485 0.3485 0.3485 0.3485 0.3485 0.3485 0.3485 0.3485 0.3485 0.3485 0.3485 0.3485 0.3487 0.3509 0.3826 0.4633 0.5054 0.3718 0.2278 0.1552 0.1393 0.3207 0.5007 0.3966 0.2271 0.1515 0.1439 0.3730 0.5077 0.3511 0.2030 0.1431 0.1580 0.4269 0.5003 0.3045 0.1811 0.1376 0.2022 0.4687 0.4613 0.2603 0.1622 0.1496
0.1489 0.1756 0.3006 0.5024 0.4062 0.1485 0.1454 0.2155 0.3891 0.4979 0.2911 0.1369 0.1634 0.2654 0.4709 0.4597 0.1836 0.1384 0.1869 0.3194 0.5053 0.4087 0.1516 0.1434 0.1999 0.3306 0.4993 0.4633 0.3281 0.2179 0.1976 0.1966 0.1966 0.1966 0.1966 0.1966 0.1966 0.1966 0.1966 0.1966 0.1966 0.1966 0.1966 0.1966 0.1966 0.1966 0.1966 0.1966 0.1966 0.1966 0.1966 0.1966 0.1966 0.1966 0.1966 0.1966 0.1966 0.1966 0.1966 0.1966 0.1966 0.1966 0.1966 0.1966 0.1966 0.1966 0.1966 0.1966 0.1966 0.1966 0.1976 0.2179 0.3281 0.4633 0.4993 0.3306 0.1999 0.1434 0.1516 0.4087 0.5053 0.3194 0.1869 0.1384 0.1836 0.4597 0.4709 0.2654 0.1634 0.1369 0.2911 0.4979 0.3891 0.2155 0.1454 0.1485 0.4062 0.5024 0.3006 0.1756 0.1489
0.1490 0.1775 0.3065 0.5048 0.3917 0.1456 0.1478 0.2253 0.4135 0.4866 0.2340 0.1364 0.1739 0.2969 0.5013 0.4083 0.1490 0.1450 0.2147 0.3878 0.4981 0.2941 0.1370 0.1583 0.2452 0.4218 0.4974 0.3825 0.2178 0.1744 0.1723 0.1723 0.1723 0.1723 0.1723 0.1723 0.1723 0.1723 0.1723 0.1723 0.1723 0.1723 0.1723 0.1723 0.1723 0.1723 0.1723 0.1723 0.1723 0.1723 0.1723 0.1723 0.1723 0.1723 0.1723 0.1723 0.1723 0.1723 0.1723 0.1723 0.1723 0.1723 0.1723 0.1723 0.1723 0.1723 0.1723 0.1723 0.1723 0.1723 0.1723 0.1744 0.2179 0.3826 0.4974 0.4217 0.2452 0.1583 0.1370 0.2941 0.4981 0.3878 0.2147 0.1450 0.1491 0.4084 0.5013 0.2969 0.1739 0.1364 0.2342 0.4867 0.4135 0.2252 0.1478 0.1456 0.3917 0.5048 0.3065 0.1775 0.1490
0.1490 0.1776 0.3068 0.5049 0.3911 0.1455 0.1480 0.2260 0.4151 0.4858 0.2300 0.1364 0.1751 0.3006 0.5031 0.4000 0.1473 0.1464 0.2202 0.4016 0.4924 0.2615 0.1362 0.1632 0.2596 0.4473 0.4878 0.3508 0.1975 0.1723 0.1714 0.1713 0.1713 0.1713 0.1713 0.1713 0.1713 0.1713 0.1713 0.1713 0.1713 0.1713 0.1713 0.1713 0.1713 0.1713 0.1713 0.1713 0.1713 0.1713 0.1713 0.1713 0.1713 0.1713 0.1713 0.1713 0.1713 0.1713 0.1713 0.1713 0.1713 0.1713 0.1713 0.1713 0.1713 0.1713 0.1713 0.1713 0.1713 0.1714 0.1714 0.1723 0.1976 0.3509 0.4879 0.4473 0.2595 0.1632 0.1362 0.2616 0.4924 0.4015 0.2202 0.1464 0.1473 0.4001 0.5030 0.3005 0.1751 0.1364 0.2301 0.4858 0.4150 0.2259 0.1480 0.1455 0.3911 0.5049 0.3068 0.1776 0.1490
0.1490 0.1777 0.3069 0.5049 0.3909 0.1455 0.1480 0.2260 0.4152 0.4857 0.2297 0.1364 0.1752 0.3008 0.5032 0.3997 0.1472 0.1465 0.2206 0.4025 0.4920 0.2597 0.1362 0.1636 0.2607 0.4490 0.4871 0.3485 0.1965 0.1722 0.1712 0.1712 0.1712 0.1712 0.1712 0.1712 0.1712 0.1712 0.1712 0.1712 0.1712 0.1712 0.1712 0.1712 0.1712 0.1712 0.1712 0.1712 0.1712 0.1713 0.1713 0.1713 0.1713 0.1713 0.1713 0.1713 0.1713 0.1713 0.1713 0.1713 0.1713 0.1713 0.1713 0.1713 0.1713 0.1713 0.1713 0.1713 0.1713 0.1713 0.1714 0.1723 0.1966 0.3487 0.4871 0.4489 0.2606 0.1636 0.1362 0.2599 0.4921 0.4023 0.2205 0.1465 0.1473 0.3998 0.5031 0.3007 0.1752 0.1364 0.2300 0.4858 0.4150 0.2259 0.1480 0.1455 0.3911 0.5049 0.3068 0.1776 0.1490
0.1490 0.1777 0.3071 0.5049 0.3907 0.1454 0.1481 0.2262 0.4155 0.4856 0.2293 0.1364 0.1753 0.3011 0.5032 0.3993 0.1472 0.1466 0.2207 0.4027 0.4919 0.2593 0.1362 0.1637 0.2609 0.4493 0.4869 0.3480 0.1961 0.1720 0.1711 0.1710 0.1710 0.1710 0.1710 0.1710 0.1710 0.1710 0.1710 0.1710 0.1710 0.1710 0.1710 0.1710 0.1710 0.1710 0.1710 0.1711 0.1711 0.1711 0.1712 0.1712 0.1712 0.1713 0.1713 0.1713 0.1713 0.1713 0.1713 0.1713 0.1713 0.1713 0.1713 0.1713 0.1713 0.1713 0.1713 0.1713 0.1713 0.1713 0.1713 0.1723 0.1966 0.3485 0.4871 0.4490 0.2607 0.1636 0.1362 0.2599 0.4921 0.4023 0.2205 0.1465 0.1473 0.3998 0.5031 0.3007 0.1752 0.1364 0.2300 0.4858 0.4150 0.2259 0.1480 0.1455 0.3911 0.5049 0.3068 0.1776 0.1490
0.1490 0.1779 0.3076 0.5050 0.3899 0.1453 0.1482 0.2265 0.4161 0.4853 0.2285 0.1364 0.1755 0.3015 0.5034 0.3988 0.1470 0.1466 0.2210 0.4032 0.4917 0.2584 0.1362 0.1639 0.2613 0.4499 0.4867 0.3472 0.1953 0.1715 0.1706 0.1706 0.1706 0.1706 0.1706 0.1706 0.1706 0.1706 0.1706 0.1706 0.1706 0.1706 0.1706 0.1706 0.1706 0.1706 0.1706 0.1707 0.1707 0.1708 0.1709 0.1710 0.1711 0.1712 0.1713 0.1713 0.1713 0.1713 0.1713 0.1713 0.1713 0.1713 0.1713 0.1713 0.1713 0.1713 0.1713 0.1713 0.1713 0.1713 0.1713 0.1723 0.1966 0.3485 0.4871 0.4490 0.2607 0.1636 0.1362 0.2599 0.4921 0.4023 0.2205 0.1465 0.1473 0.3998 0.5031 0.3007 0.1752 0.1364 0.2300 0.4858 0.4150 0.2259 0.1480 0.1455 0.3911 0.5049 0.3068 0.1776 0.1490
0.1490 0.1784 0.3086 0.5053 0.3885 0.1451 0.1484 0.2272 0.4174 0.4848 0.2266 0.1365 0.1759 0.3025 0.5037 0.3975 0.1468 0.1468 0.2216 0.4044 0.4913 0.2566 0.1361 0.1642 0.2621 0.4510 0.4862 0.3456 0.1938 0.1706 0.1697 0.1697 0.1697 0.1697 0.1697 0.1697 0.1697 0.1697 0.1697 0.1697 0.1697 0.1697 0.1697 0.1697 0.1697 0.1698 0.1698 0.1699 0.1700 0.1702 0.1704 0.1706 0.1709 0.1710 0.1712 0.1712 0.1713 0.1713 0.1713 0.1713 0.1713 0.1713 0.1713 0.1713 0.1713 0.1713 0.1713 0.1713 0.1713 0.1713 0.1713 0.1723 0.1966 0.3485 0.4871 0.4490 0.2607 0.1636 0.1362 0.2599 0.4921 0.4023 0.2205 0.1465 0.1473 0.3998 0.5031 0.3007 0.1752 0.1364 0.2300 0.4858 0.4150 0.2259 0.1480 0.1455 0.3911 0.5049 0.3068 0.1776 0.1490
0.1491 0.1792 0.3107 0.5057 0.3857 0.1446 0.1488 0.2285 0.4199 0.4836 0.2232 0.1365 0.1767 0.3044 0.5042 0.3949 0.1463 0.1472 0.2228 0.4068 0.4904 0.2530 0.1361 0.1648 0.2637 0.4532 0.4852 0.3424 0.1908 0.1689 0.1681 0.1681 0.1681 0.1681 0.1681 0.1681 0.1681 0.1681 0.1681 0.1681 0.1681 0.1681 0.1681 0.1681 0.1681 0.1682 0.1683 0.1685 0.1687 0.1691 0.1695 0.1699 0.1704 0.1707 0.1710 0.1711 0.1712 0.1713 0.1713 0.1713 0.1713 0.1713 0.1713 0.1713 0.1713 0.1713 0.1713 0.1713 0.1713 0.1713 0.1713 0.1723 0.1966 0.3485 0.4871 0.4490 0.2607 0.1636 0.1362 0.2599 0.4921 0.4023 0.2205 0.1465 0.1473 0.3998 0.5031 0.3007 0.1752 0.1364 0.2300 0.4858 0.4150 0.2259 0.1480 0.1455 0.3911 0.5049 0.3068 0.1776 0.1490
0.1491 0.1806 0.3142 0.5062 0.3809 0.1439 0.1496 0.2308 0.4243 0.4816 0.2171 0.1366 0.1780 0.3078 0.5050 0.3903 0.1454 0.1479 0.2249 0.4110 0.4887 0.2468 0.1360 0.1659 0.2664 0.4571 0.4833 0.3365 0.1860 0.1662 0.1655 0.1655 0.1655 0.1655 0.1655 0.1655 0.1655 0.1655 0.1655 0.1655 0.1655 0.1655 0.1655 0.1655 0.1656 0.1657 0.1658 0.1662 0.1666 0.1672 0.1680 0.1688 0.1695 0.1702 0.1706 0.1710 0.1712 0.1713 0.1713 0.1713 0.1713 0.1713 0.1713 0.1713 0.1713 0.1713 0.1713 0.1713 0.1713 0.1713 0.1713 0.1723 0.1966 0.3485 0.4871 0.4490 0.2607 0.1636 0.1362 0.2599 0.4921 0.4023 0.2205 0.1465 0.1473 0.3998 0.5031 0.3007 0.1752 0.1364 0.2300 0.4858 0.4150 0.2259 0.1480 0.1455 0.3911 0.5049 0.3068 0.1776 0.1490
0.1493 0.1830 0.3200 0.5068 0.3727 0.1427 0.1508 0.2346 0.4313 0.4780 0.2077 0.1368 0.1803 0.3134 0.5061 0.3826 0.1442 0.1490 0.2285 0.4179 0.4858 0.2368 0.1360 0.1677 0.2709 0.4631 0.4802 0.3271 0.1791 0.1624 0.1618 0.1618 0.1618 0.1618 0.1618 0.1618 0.1618 0.1618 0.1618 0.1618 0.1618 0.1618 0.1618 0.1618 0.1619 0.1621 0.1624 0.1628 0.1636 0.1646 0.1658 0.1671 0.1683 0.1694 0.1702 0.1707 0.1710 0.1712 0.1713 0.1713 0.1713 0.1713 0.1713 0.1713 0.1713 0.1713 0.1713 0.1713 0.1713 0.1713 0.1713 0.1723 0.1966 0.3485 0.4871 0.4490 0.2607 0.1636 0.1362 0.2599 0.4921 0.4023 0.2205 0.1465 0.1473 0.3998 0.5031 0.3007 0.1752 0.1364 0.2300 0.4858 0.4150 0.2259 0.1480 0.1455 0.3911 0.5049 0.3068 0.1776 0.1490
0.1496 0.1867 0.3290 0.5072 0.3599 0.1413 0.1528 0.2404 0.4416 0.4723 0.1951 0.1373 0.1838 0.3217 0.5069 0.3708 0.1426 0.1508 0.2338 0.4279 0.4811 0.2223 0.1360 0.1705 0.2777 0.4714 0.4752 0.3126 0.1707 0.1577 0.1572 0.1572 0.1572 0.1572 0.1572 0.1572 0.1572 0.1572 0.1572 0.1572 0.1572 0.1572 0.1572 0.1573 0.1574 0.1576 0.1580 0.1587 0.1598 0.1612 0.1629 0.1648 0.1667 0.1683 0.1695 0.1703 0.1708 0.1711 0.1712 0.1713 0.1713 0.1713 0.1713 0.1713 0.1713 0.1713 0.1713 0.1713 0.1713 0.1713 0.1713 0.1723 0.1966 0.3485 0.4871 0.4490 0.2607 0.1636 0.1362 0.2599 0.4921 0.4023 0.2205 0.1465 0.1473 0.3998 0.5031 0.3007 0.1752 0.1364 0.2300 0.4858 0.4150 0.2259 0.1480 0.1455 0.3911 0.5049 0.3068 0.1776 0.1490
0.1503 0.1921 0.3415 0.5065 0.3417 0.1396 0.1556 0.2486 0.4549 0.4639 0.1812 0.1381 0.1887 0.3336 0.5070 0.3539 0.1407 0.1534 0.2414 0.4414 0.4740 0.2041 0.1363 0.1745 0.2874 0.4816 0.4677 0.2919 0.1620 0.1526 0.1522 0.1522 0.1522 0.1522 0.1522 0.1522 0.1522 0.1522 0.1522 0.1522 0.1522 0.1522 0.1523 0.1523 0.1525 0.1528 0.1533 0.1542 0.1555 0.1574 0.1597 0.1622 0.1647 0.1669 0.1687 0.1699 0.1706 0.1710 0.1712 0.1713 0.1713 0.1713 0.1713 0.1713 0.1713 0.1713 0.1713 0.1713 0.1713 0.1713 0.1713 0.1723 0.1966 0.3485 0.4871 0.4490 0.2607 0.1636 0.1362 0.2599 0.4921 0.4023 0.2205 0.1465 0.1473 0.3998 0.5031 0.3007 0.1752 0.1364 0.2300 0.4858 0.4150 0.2259 0.1480 0.1455 0.3911 0.5049 0.3068 0.1776 0.1490
0.1514 0.1994 0.3583 0.5041 0.3166 0.1381 0.1596 0.2597 0.4708 0.4516 0.1682 0.1396 0.1955 0.3494 0.5056 0.3306 0.1389 0.1570 0.2518 0.4579 0.4636 0.1848 0.1371 0.1800 0.3005 0.4921 0.4568 0.2647 0.1542 0.1476 0.1473 0.1473 0.1473 0.1473 0.1473 0.1473 0.1473 0.1473 0.1473 0.1473 0.1473 0.1473 0.1474 0.1474 0.1476 0.1480 0.1486 0.1497 0.1513 0.1535 0.1563 0.1594 0.1626 0.1655 0.1677 0.1693 0.1703 0.1709 0.1711 0.1713 0.1713 0.1713 0.1713 0.1713 0.1713 0.1713 0.1713 0.1713 0.1713 0.1713 0.1713 0.1723 0.1966 0.3485 0.4871 0.4490 0.2607 0.1636 0.1362 0.2599 0.4921 0.4023 0.2205 0.1465 0.1473 0.3998 0.5031 0.3007 0.1752 0.1364 0.2300 0.4858 0.4150 0.2259 0.1480 0.1455 0.3911 0.5049 0.3068 0.1776 0.1490
0.1533 0.2089 0.3795 0.4990 0.2843 0.1369 0.1649 0.2741 0.4869 0.4345 0.1578 0.1418 0.2045 0.3696 0.5016 0.3002 0.1373 0.1619 0.2651 0.4759 0.4490 0.1686 0.1385 0.1873 0.3172 0.5005 0.4417 0.2320 0.1476 0.1431 0.1429 0.1429 0.1429 0.1429 0.1429 0.1429 0.1429 0.1429 0.1429 0.1429 0.1429 0.1429 0.1429 0.1430 0.1432 0.1436 0.1444 0.1456 0.1475 0.1500 0.1532 0.1568 0.1605 0.1640 0.1668 0.1688 0.1701 0.1707 0.1711 0.1712 0.1713 0.1713 0.1713 0.1713 0.1713 0.1713 0.1713 0.1713 0.1713 0.1713 0.1713 0.1723 0.1966 0.3485 0.4871 0.4490 0.2607 0.1636 0.1362 0.2599 0.4921 0.4023 0.2205 0.1465 0.1473 0.3998 0.5031 0.3007 0.1752 0.1364 0.2300 0.4858 0.4150 0.2259 0.1480 0.1455 0.3911 0.5049 0.3068 0.1776 0.1490
0.1561 0.2208 0.4044 0.4904 0.2465 0.1364 0.1718 0.2918 0.4993 0.4120 0.1500 0.1449 0.2156 0.3935 0.4945 0.2637 0.1365 0.1681 0.2815 0.4918 0.4297 0.1572 0.1408 0.1964 0.3375 0.5051 0.4217 0.1986 0.1423 0.1394 0.1392 0.1392 0.1392 0.1392 0.1392 0.1392 0.1392 0.1392 0.1392 0.1392 0.1392 0.1392 0.1393 0.1394 0.1396 0.1400 0.1408 0.1422 0.1442 0.1470 0.1505 0.1545 0.1587 0.1627 0.1659 0.1683 0.1698 0.1706 0.1710 0.1712 0.1713 0.1713 0.1713 0.1713 0.1713 0.1713 0.1713 0.1713 0.1713 0.1713 0.1713 0.1723 0.1966 0.3485 0.4871 0.4490 0.2607 0.1636 0.1362 0.2599 0.4921 0.4023 0.2205 0.1465 0.1473 0.3998 0.5031 0.3007 0.1752 0.1364 0.2300 0.4858 0.4150 0.2259 0.1480 0.1455 0.3911 0.5049 0.3068 0.1776 0.1490
0.1597 0.2344 0.4306 0.4785 0.2094 0.1368 0.1798 0.3119 0.5058 0.3849 0.1445 0.1489 0.2284 0.4193 0.4842 0.2256 0.1364 0.1755 0.3003 0.5022 0.4059 0.1494 0.1437 0.2070 0.3603 0.5055 0.3970 0.1731 0.1386 0.1367 0.1366 0.1366 0.1366 0.1366 0.1366 0.1366 0.1366 0.1366 0.1366 0.1366 0.1366 0.1366 0.1366 0.1367 0.1369 0.1374 0.1382 0.1396 0.1417 0.1446 0.1484 0.1527 0.1572 0.1615 0.1652 0.1678 0.1695 0.1705 0.1710 0.1712 0.1713 0.1713 0.1713 0.1713 0.1713 0.1713 0.1713 0.1713 0.1713 0.1713 0.1713 0.1723 0.1966 0.3485 0.4871 0.4490 0.2607 0.1636 0.1362 0.2599 0.4921 0.4023 0.2205 0.1465 0.1473 0.3998 0.5031 0.3007 0.1752 0.1364 0.2300 0.4858 0.4150 0.2259 0.1480 0.1455 0.3911 0.5049 0.3068 0.1776 0.1490
0.1634 0.2471 0.4526 0.4655 0.1836 0.1379 0.1876 0.3309 0.5071 0.3577 0.1410 0.1530 0.2408 0.4421 0.4723 0.1959 0.1372 0.1828 0.3182 0.5064 0.3817 0.1445 0.1469 0.2174 0.3818 0.5028 0.3716 0.1596 0.1364 0.1351 0.1350 0.1350 0.1350 0.1350 0.1350 0.1350 0.1350 0.1350 0.1350 0.1350 0.1350 0.1350 0.1351 0.1351 0.1353 0.1357 0.1365 0.1379 0.1400 0.1430 0.1469 0.1514 0.1561 0.1607 0.1646 0.1675 0.1693 0.1704 0.1709 0.1712 0.1713 0.1713 0.1713 0.1713 0.1713 0.1713 0.1713 0.1713 0.1713 0.1713 0.1713 0.1723 0.1966 0.3485 0.4871 0.4490 0.2607 0.1636 0.1362 0.2599 0.4921 0.4023 0.2205 0.1465 0.1473 0.3998 0.5031 0.3007 0.1752 0.1364 0.2300 0.4858 0.4150 0.2259 0.1480 0.1455 0.3911 0.5049 0.3068 0.1776 0.1490
0.1653 0.2534 0.4625 0.4583 0.1745 0.1387 0.1917 0.3407 0.5066 0.3430 0.1397 0.1551 0.2472 0.4528 0.4655 0.1842 0.1377 0.1866 0.3274 0.5070 0.3687 0.1427 0.1486 0.2227 0.3927 0.5006 0.3577 0.1548 0.1355 0.1345 0.1344 0.1344 0.1344 0.1344 0.1344 0.1344 0.1344 0.1344 0.1344 0.1344 0.1344 0.1344 0.1345 0.1345 0.1347 0.1351 0.1358 0.1371 0.1392 0.1422 0.1461 0.1507 0.1555 0.1602 0.1642 0.1672 0.1692 0.1703 0.1709 0.1712 0.1713 0.1713 0.1713 0.1713 0.1713 0.1713 0.1713 0.1713 0.1713 0.1713 0.1713 0.1723 0.1966 0.3485 0.4871 0.4490 0.2607 0.1636 0.1362 0.2599 0.4921 0.4023 0.2205 0.1465 0.1473 0.3998 0.5031 0.3007 0.1752 0.1364 0.2300 0.4858 0.4150 0.2259 0.1480 0.1455 0.3911 0.5049 0.3068 0.1776 0.1490
0.1637 0.2482 0.4545 0.4642 0.1818 0.1380 0.1883 0.3326 0.5071 0.3552 0.1408 0.1533 0.2418 0.4436 0.4713 0.1941 0.1372 0.1833 0.3194 0.5065 0.3801 0.1443 0.1471 0.2181 0.3835 0.5025 0.3687 0.1580 0.1360 0.1347 0.1346 0.1346 0.1346 0.1346 0.1346 0.1346 0.1346 0.1346 0.1346 0.1346 0.1346 0.1347 0.1347 0.1348 0.1349 0.1353 0.1360 0.1373 0.1394 0.1424 0.1462 0.1507 0.1555 0.1601 0.1642 0.1672 0.1692 0.1703 0.1709 0.1712 0.1713 0.1713 0.1713 0.1713 0.1713 0.1713 0.1713 0.1713 0.1713 0.1713 0.1713 0.1723 0.1966 0.3485 0.4871 0.4490 0.2607 0.1636 0.1362 0.2599 0.4921 0.4023 0.2205 0.1465 0.1473 0.3998 0.5031 0.3007 0.1752 0.1364 0.2300 0.4858 0.4150 0.2259 0.1480 0.1455 0.3911 0.5049 0.3068 0.1776 0.1490
0.1600 0.2355 0.4326 0.4775 0.2068 0.1369 0.1804 0.3134 0.5060 0.3830 0.1442 0.1491 0.2292 0.4208 0.4835 0.2237 0.1365 0.1759 0.3012 0.5026 0.4048 0.1491 0.1439 0.2076 0.3618 0.5054 0.3943 0.1701 0.1378 0.1359 0.1358 0.1358 0.1358 0.1358 0.1358 0.1358 0.1358 0.1358 0.1358 0.1358 0.1358 0.1358 0.1359 0.1359 0.1361 0.1365 0.1373 0.1386 0.1406 0.1435 0.1471 0.1514 0.1561 0.1606 0.1644 0.1673 0.1693 0.1703 0.1709 0.1712 0.1713 0.1713 0.1713 0.1713 0.1713 0.1713 0.1713 0.1713 0.1713 0.1713 0.1713 0.1723 0.1966 0.3485 0.4871 0.4490 0.2607 0.1636 0.1362 0.2599 0.4921 0.4023 0.2205 0.1465 0.1473 0.3998 0.5031 0.3007 0.1752 0.1364 0.2300 0.4858 0.4150 0.2259 0.1480 0.1455 0.3911 0.5049 0.3068 0.1776 0.1490
0.1562 0.2212 0.4052 0.4901 0.2455 0.1364 0.1720 0.2923 0.4996 0.4116 0.1499 0.1450 0.2158 0.3938 0.4945 0.2635 0.1365 0.1681 0.2816 0.4919 0.4296 0.1571 0.1408 0.1965 0.3378 0.5052 0.4204 0.1949 0.1413 0.1384 0.1382 0.1382 0.1382 0.1382 0.1382 0.1382 0.1382 0.1382 0.1382 0.1382 0.1382 0.1382 0.1383 0.1383 0.1385 0.1389 0.1397 0.1409 0.1429 0.1456 0.1490 0.1530 0.1573 0.1615 0.1650 0.1677 0.1694 0.1704 0.1709 0.1712 0.1713 0.1713 0.1713 0.1713 0.1713 0.1713 0.1713 0.1713 0.1713 0.1713 0.1713 0.1723 0.1966 0.3485 0.4871 0.4490 0.2607 0.1636 0.1362 0.2599 0.4921 0.4023 0.2205 0.1465 0.1473 0.3998 0.5031 0.3007 0.1752 0.1364 0.2300 0.4858 0.4150 0.2259 0.1480 0.1455 0.3911 0.5049 0.3068 0.1776 0.1490
0.1533 0.2087 0.3789 0.4991 0.2853 0.1369 0.1648 0.2736 0.4864 0.4351 0.1581 0.1417 0.2041 0.3686 0.5019 0.3018 0.1374 0.1616 0.2643 0.4749 0.4499 0.1693 0.1384 0.1870 0.3164 0.5004 0.4417 0.2298 0.1465 0.1421 0.1418 0.1418 0.1418 0.1418 0.1418 0.1418 0.1418 0.1418 0.1418 0.1418 0.1418 0.1418 0.1419 0.1420 0.1421 0.1425 0.1432 0.1444 0.1462 0.1486 0.1517 0.1554 0.1592 0.1629 0.1660 0.1682 0.1697 0.1706 0.1710 0.1712 0.1713 0.1713 0.1713 0.1713 0.1713 0.1713 0.1713 0.1713 0.1713 0.1713 0.1713 0.1723 0.1966 0.3485 0.4871 0.4490 0.2607 0.1636 0.1362 0.2599 0.4921 0.4023 0.2205 0.1465 0.1473 0.3998 0.5031 0.3007 0.1752 0.1364 0.2300 0.4858 0.4150 0.2259 0.1480 0.1455 0.3911 0.5049 0.3068 0.1776 0.1490
0.1513 0.1987 0.3567 0.5044 0.3190 0.1382 0.1592 0.2586 0.4693 0.4529 0.1692 0.1394 0.1948 0.3478 0.5058 0.3332 0.1390 0.1566 0.2506 0.4560 0.4649 0.1868 0.1370 0.1794 0.2992 0.4913 0.4575 0.2645 0.1534 0.1468 0.1465 0.1465 0.1465 0.1465 0.1465 0.1465 0.1465 0.1465 0.1465 0.1465 0.1465 0.1465 0.1465 0.1466 0.1467 0.1471 0.1477 0.1487 0.1503 0.1524 0.1551 0.1583 0.1615 0.1645 0.1671 0.1689 0.1701 0.1707 0.1711 0.1712 0.1713 0.1713 0.1713 0.1713 0.1713 0.1713 0.1713 0.1713 0.1713 0.1713 0.1713 0.1723 0.1966 0.3485 0.4871 0.4490 0.2607 0.1636 0.1362 0.2599 0.4921 0.4023 0.2205 0.1465 0.1473 0.3998 0.5031 0.3007 0.1752 0.1364 0.2300 0.4858 0.4150 0.2259 0.1480 0.1455 0.3911 0.5049 0.3068 0.1776 0.1490
0.1502 0.1912 0.3396 0.5067 0.3445 0.1399 0.1551 0.2473 0.4529 0.4653 0.1832 0.1380 0.1879 0.3316 0.5071 0.3568 0.1410 0.1529 0.2401 0.4390 0.4753 0.2072 0.1363 0.1738 0.2859 0.4803 0.4687 0.2931 0.1617 0.1521 0.1517 0.1517 0.1517 0.1517 0.1517 0.1517 0.1517 0.1517 0.1517 0.1517 0.1517 0.1517 0.1517 0.1518 0.1519 0.1522 0.1527 0.1536 0.1549 0.1566 0.1589 0.1614 0.1640 0.1663 0.1682 0.1696 0.1704 0.1709 0.1711 0.1713 0.1713 0.1713 0.1713 0.1713 0.1713 0.1713 0.1713 0.1713 0.1713 0.1713 0.1713 0.1723 0.1966 0.3485 0.4871 0.4490 0.2607 0.1636 0.1362 0.2599 0.4921 0.4023 0.2205 0.1465 0.1473 0.3998 0.5031 0.3007 0.1752 0.1364 0.2300 0.4858 0.4150 0.2259 0.1480 0.1455 0.3911 0.5049 0.3068 0.1776 0.1490
0.1495 0.1859 0.3270 0.5072 0.3627 0.1416 0.1523 0.2391 0.4394 0.4736 0.1978 0.1372 0.1830 0.3198 0.5068 0.3736 0.1429 0.1504 0.2326 0.4256 0.4822 0.2255 0.1360 0.1699 0.2762 0.4698 0.4762 0.3143 0.1708 0.1575 0.1570 0.1570 0.1570 0.1570 0.1570 0.1570 0.1570 0.1570 0.1570 0.1570 0.1570 0.1570 0.1570 0.1571 0.1572 0.1574 0.1578 0.1585 0.1595 0.1608 0.1625 0.1644 0.1663 0.1679 0.1692 0.1702 0.1707 0.1711 0.1712 0.1713 0.1713 0.1713 0.1713 0.1713 0.1713 0.1713 0.1713 0.1713 0.1713 0.1713 0.1713 0.1723 0.1966 0.3485 0.4871 0.4490 0.2607 0.1636 0.1362 0.2599 0.4921 0.4023 0.2205 0.1465 0.1473 0.3998 0.5031 0.3007 0.1752 0.1364 0.2300 0.4858 0.4150 0.2259 0.1480 0.1455 0.3911 0.5049 0.3068 0.1776 0.1490
0.1493 0.1824 0.3184 0.5067 0.3749 0.1430 0.1505 0.2335 0.4294 0.4790 0.2103 0.1368 0.1797 0.3118 0.5058 0.3848 0.1445 0.1487 0.2275 0.4160 0.4866 0.2394 0.1360 0.1672 0.2697 0.4615 0.4810 0.3289 0.1796 0.1625 0.1619 0.1619 0.1619 0.1619 0.1619 0.1619 0.1619 0.1619 0.1619 0.1619 0.1619 0.1619 0.1619 0.1619 0.1620 0.1621 0.1624 0.1629 0.1636 0.1645 0.1657 0.1669 0.1682 0.1692 0.1701 0.1706 0.1710 0.1712 0.1713 0.1713 0.1713 0.1713 0.1713 0.1713 0.1713 0.1713 0.1713 0.1713 0.1713 0.1713 0.1713 0.1723 0.1966 0.3485 0.4871 0.4490 0.2607 0.1636 0.1362 0.2599 0.4921 0.4023 0.2205 0.1465 0.1473 0.3998 0.5031 0.3007 0.1752 0.1364 0.2300 0.4858 0.4150 0.2259 0.1480 0.1455 0.3911 0.5049 0.3068 0.1776 0.1490
0.1491 0.1802 0.3131 0.5061 0.3824 0.1441 0.1493 0.2300 0.4228 0.4822 0.2191 0.1366 0.1776 0.3067 0.5048 0.3918 0.1457 0.1477 0.2242 0.4097 0.4892 0.2488 0.1360 0.1655 0.2655 0.4558 0.4839 0.3380 0.1867 0.1664 0.1657 0.1657 0.1657 0.1657 0.1657 0.1657 0.1657 0.1657 0.1657 0.1657 0.1657 0.1657 0.1657 0.1657 0.1658 0.1659 0.1660 0.1663 0.1668 0.1673 0.1680 0.1688 0.1695 0.1701 0.1706 0.1709 0.1711 0.1712 0.1713 0.1713 0.1713 0.1713 0.1713 0.1713 0.1713 0.1713 0.1713 0.1713 0.1713 0.1713 0.1713 0.1723 0.1966 0.3485 0.4871 0.4490 0.2607 0.1636 0.1362 0.2599 0.4921 0.4023 0.2205 0.1465 0.1473 0.3998 0.5031 0.3007 0.1752 0.1364 0.2300 0.4858 0.4150 0.2259 0.1480 0.1455 0.3911 0.5049 0.3068 0.1776 0.1490
0.1491 0.1789 0.3099 0.5055 0.3868 0.1448 0.1487 0.2280 0.4190 0.4840 0.2244 0.1365 0.1764 0.3037 0.5040 0.3958 0.1465 0.1471 0.2223 0.4059 0.4907 0.2544 0.1361 0.1646 0.2631 0.4524 0.4855 0.3433 0.1914 0.1692 0.1683 0.1683 0.1683 0.1683 0.1683 0.1683 0.1683 0.1683 0.1683 0.1683 0.1683 0.1683 0.1683 0.1683 0.1684 0.1684 0.1685 0.1687 0.1689 0.1692 0.1696 0.1700 0.1704 0.1707 0.1710 0.1711 0.1712 0.1713 0.1713 0.1713 0.1713 0.1713 0.1713 0.1713 0.1713 0.1713 0.1713 0.1713 0.1713 0.1713 0.1713 0.1723 0.1966 0.3485 0.4871 0.4490 0.2607 0.1636 0.1362 0.2599 0.4921 0.4023 0.2205 0.1465 0.1473 0.3998 0.5031 0.3007 0.1752 0.1364 0.2300 0.4858 0.4150 0.2259 0.1480 0.1455 0.3911 0.5049 0.3068 0.1776 0.1490
