0.1968 0.1541 0.2066 0.3421 0.5087 0.3811 0.1580 0.1643 0.2400 0.4108 0.4958 0.2801 0.1512 0.1809 0.2831 0.4791 0.4562 0.1875 0.1536 0.2048 0.3379 0.5084 0.3872 0.1590 0.1633 0.2372 0.4054 0.4977 0.2883 0.1514 0.1794 0.2796 0.4749 0.4601 0.1918 0.1532 0.2027 0.3334 0.5079 0.3934 0.1601 0.1624 0.2345 0.4001 0.4994 0.2964 0.1516 0.1778 0.2742 0.4580 0.5029 0.4580 0.2742 0.1778 0.1516 0.2964 0.4994 0.4001 0.2345 0.1624 0.1601 0.3934 0.5079 0.3334 0.2027 0.1532 0.1918 0.4601 0.4749 0.2796 0.1794 0.1514 0.2883 0.4977 0.4054 0.2372 0.1633 0.1590 0.3872 0.5084 0.3379 0.2048 0.1536 0.1875 0.4562 0.4791 0.2831 0.1809 0.1512 0.2801 0.4958 0.4108 0.2400 0.1643 0.1580 0.3811 0.5087 0.3421 0.2066 0.1541 0.1968
0.1541 0.2005 0.3401 0.5102 0.3855 0.1478 0.1543 0.2333 0.4088 0.4978 0.2855 0.1397 0.1719 0.2778 0.4791 0.4593 0.1838 0.1423 0.1969 0.3341 0.5098 0.3921 0.1489 0.1532 0.2304 0.4033 0.4996 0.2939 0.1399 0.1704 0.2741 0.4747 0.4631 0.1891 0.1417 0.1947 0.3295 0.5093 0.3981 0.1502 0.1522 0.2276 0.3978 0.5013 0.3021 0.1401 0.1688 0.2701 0.4677 0.4735 0.3444 0.4735 0.4677 0.2701 0.1688 0.1401 0.3021 0.5013 0.3978 0.2276 0.1522 0.1502 0.3981 0.5093 0.3295 0.1947 0.1417 0.1891 0.4631 0.4747 0.2741 0.1704 0.1399 0.2939 0.4996 0.4033 0.2304 0.1532 0.1489 0.3921 0.5098 0.3341 0.1969 0.1423 0.1838 0.4593 0.4791 0.2778 0.1719 0.1397 0.2855 0.4978 0.4088 0.2333 0.1543 0.1478 0.3855 0.5102 0.3401 0.2005 0.1541
0.2066 0.3401 0.5099 0.3915 0.1492 0.1529 0.2292 0.4006 0.5004 0.2982 0.1400 0.1695 0.2720 0.4720 0.4651 0.1924 0.1415 0.1936 0.3269 0.5087 0.4014 0.1510 0.1516 0.2261 0.3947 0.5020 0.3066 0.1403 0.1680 0.2685 0.4673 0.4686 0.1986 0.1410 0.1915 0.3224 0.5079 0.4072 0.1524 0.1506 0.2233 0.3893 0.5035 0.3147 0.1407 0.1666 0.2649 0.4619 0.4733 0.2243 0.1397 0.2243 0.4733 0.4619 0.2649 0.1666 0.1407 0.3147 0.5035 0.3893 0.2233 0.1506 0.1524 0.4072 0.5079 0.3224 0.1915 0.1410 0.1986 0.4686 0.4673 0.2685 0.1680 0.1403 0.3066 0.5020 0.3947 0.2261 0.1516 0.1510 0.4014 0.5087 0.3269 0.1936 0.1415 0.1924 0.4651 0.4720 0.2720 0.1695 0.1400 0.2982 0.5004 0.4006 0.2292 0.1529 0.1492 0.3915 0.5099 0.3401 0.2066
0.3421 0.5102 0.3915 0.1498 0.1521 0.2263 0.3939 0.5025 0.3098 0.1405 0.1673 0.2666 0.4647 0.4705 0.2022 0.1408 0.1904 0.3199 0.5073 0.4103 0.1533 0.1501 0.2218 0.3863 0.5043 0.3191 0.1409 0.1658 0.2630 0.4595 0.4738 0.2093 0.1404 0.1884 0.3155 0.5060 0.4158 0.1550 0.1492 0.2192 0.3809 0.5055 0.3269 0.1413 0.1644 0.2596 0.4543 0.4772 0.2199 0.1383 0.1539 0.1383 0.2199 0.4772 0.4543 0.2596 0.1644 0.1413 0.3269 0.5055 0.3809 0.2192 0.1492 0.1550 0.4158 0.5060 0.3155 0.1884 0.1404 0.2093 0.4738 0.4595 0.2630 0.1658 0.1409 0.3191 0.5043 0.3863 0.2218 0.1501 0.1533 0.4103 0.5073 0.3199 0.1904 0.1408 0.2022 0.4705 0.4647 0.2666 0.1673 0.1405 0.3098 0.5025 0.3939 0.2263 0.1521 0.1498 0.3915 0.5102 0.3421
0.5087 0.3855 0.1492 0.1521 0.2252 0.3900 0.5039 0.3189 0.1410 0.1654 0.2617 0.4572 0.4754 0.2130 0.1403 0.1873 0.3131 0.5052 0.4188 0.1560 0.1487 0.2177 0.3780 0.5061 0.3312 0.1416 0.1636 0.2577 0.4514 0.4787 0.2209 0.1400 0.1854 0.3088 0.5034 0.4240 0.1580 0.1479 0.2151 0.3727 0.5072 0.3388 0.1421 0.1623 0.2543 0.4461 0.4816 0.2294 0.1395 0.1772 0.2329 0.1772 0.1395 0.2294 0.4816 0.4461 0.2543 0.1623 0.1421 0.3388 0.5072 0.3727 0.2151 0.1479 0.1580 0.4240 0.5034 0.3088 0.1854 0.1400 0.2209 0.4787 0.4514 0.2577 0.1636 0.1416 0.3312 0.5061 0.3780 0.2177 0.1487 0.1560 0.4188 0.5052 0.3131 0.1873 0.1403 0.2130 0.4754 0.4572 0.2617 0.1654 0.1410 0.3189 0.5039 0.3900 0.2252 0.1521 0.1492 0.3855 0.5087
0.3811 0.1478 0.1529 0.2263 0.3900 0.5044 0.3241 0.1414 0.1639 0.2576 0.4504 0.4796 0.2239 0.1399 0.1845 0.3067 0.5024 0.4268 0.1591 0.1474 0.2137 0.3698 0.5077 0.3430 0.1425 0.1616 0.2525 0.4431 0.4831 0.2333 0.1397 0.1825 0.3022 0.5001 0.4319 0.1615 0.1466 0.2112 0.3647 0.5085 0.3504 0.1431 0.1603 0.2493 0.4376 0.4858 0.2416 0.1395 0.1796 0.2878 0.4081 0.2878 0.1796 0.1395 0.2416 0.4858 0.4376 0.2493 0.1603 0.1431 0.3504 0.5085 0.3647 0.2112 0.1466 0.1615 0.4319 0.5001 0.3022 0.1825 0.1397 0.2333 0.4831 0.4431 0.2525 0.1616 0.1425 0.3430 0.5077 0.3698 0.2137 0.1474 0.1591 0.4268 0.5024 0.3067 0.1845 0.1399 0.2239 0.4796 0.4504 0.2576 0.1639 0.1414 0.3241 0.5044 0.3900 0.2263 0.1529 0.1478 0.3811
0.1580 0.1543 0.2292 0.3939 0.5039 0.3241 0.1415 0.1631 0.2548 0.4449 0.4829 0.2340 0.1396 0.1819 0.3006 0.4991 0.4342 0.1627 0.1462 0.2099 0.3619 0.5088 0.3543 0.1435 0.1596 0.2475 0.4346 0.4873 0.2461 0.1395 0.1797 0.2959 0.4960 0.4393 0.1656 0.1454 0.2075 0.3567 0.5094 0.3614 0.1443 0.1584 0.2444 0.4291 0.4897 0.2545 0.1394 0.1777 0.2901 0.4839 0.4975 0.4839 0.2901 0.1777 0.1394 0.2545 0.4897 0.4291 0.2444 0.1584 0.1443 0.3614 0.5094 0.3567 0.2075 0.1454 0.1656 0.4393 0.4960 0.2959 0.1797 0.1395 0.2461 0.4873 0.4346 0.2475 0.1596 0.1435 0.3543 0.5088 0.3619 0.2099 0.1462 0.1627 0.4342 0.4991 0.3006 0.1819 0.1396 0.2340 0.4829 0.4449 0.2548 0.1631 0.1415 0.3241 0.5039 0.3939 0.2292 0.1543 0.1580
0.1643 0.2333 0.4006 0.5025 0.3189 0.1414 0.1631 0.2538 0.4419 0.4851 0.2420 0.1395 0.1797 0.2953 0.4953 0.4409 0.1668 0.1450 0.2063 0.3542 0.5096 0.3651 0.1447 0.1578 0.2426 0.4260 0.4910 0.2592 0.1394 0.1770 0.2897 0.4911 0.4464 0.1706 0.1442 0.2038 0.3490 0.5099 0.3720 0.1456 0.1566 0.2396 0.4205 0.4933 0.2676 0.1394 0.1753 0.2854 0.4857 0.4592 0.3139 0.4592 0.4857 0.2854 0.1753 0.1394 0.2676 0.4933 0.4205 0.2396 0.1566 0.1456 0.3720 0.5099 0.3490 0.2038 0.1442 0.1706 0.4464 0.4911 0.2897 0.1770 0.1394 0.2592 0.4910 0.4260 0.2426 0.1578 0.1447 0.3651 0.5096 0.3542 0.2063 0.1450 0.1668 0.4409 0.4953 0.2953 0.1797 0.1395 0.2420 0.4851 0.4419 0.2538 0.1631 0.1414 0.3189 0.5025 0.4006 0.2333 0.1643
0.2400 0.4088 0.5004 0.3098 0.1410 0.1639 0.2548 0.4419 0.4858 0.2464 0.1395 0.1781 0.2910 0.4915 0.4467 0.1712 0.1440 0.2030 0.3470 0.5100 0.3752 0.1461 0.1560 0.2380 0.4175 0.4945 0.2723 0.1395 0.1744 0.2837 0.4855 0.4530 0.1765 0.1432 0.2003 0.3415 0.5100 0.3823 0.1471 0.1548 0.2349 0.4119 0.4965 0.2807 0.1396 0.1728 0.2798 0.4810 0.4587 0.1945 0.1375 0.1945 0.4587 0.4810 0.2798 0.1728 0.1396 0.2807 0.4965 0.4119 0.2349 0.1548 0.1471 0.3823 0.5100 0.3415 0.2003 0.1432 0.1765 0.4530 0.4855 0.2837 0.1744 0.1395 0.2723 0.4945 0.4175 0.2380 0.1560 0.1461 0.3752 0.5100 0.3470 0.2030 0.1440 0.1712 0.4467 0.4915 0.2910 0.1781 0.1395 0.2464 0.4858 0.4419 0.2548 0.1639 0.1410 0.3098 0.5004 0.4088 0.2400
0.4108 0.4978 0.2982 0.1405 0.1654 0.2576 0.4449 0.4851 0.2464 0.1395 0.1773 0.2882 0.4884 0.4511 0.1757 0.1432 0.2000 0.3403 0.5100 0.3847 0.1476 0.1544 0.2335 0.4091 0.4975 0.2851 0.1397 0.1719 0.2778 0.4791 0.4592 0.1838 0.1423 0.1969 0.3341 0.5096 0.3920 0.1489 0.1532 0.2304 0.4033 0.4994 0.2937 0.1399 0.1704 0.2741 0.4745 0.4633 0.1915 0.1393 0.1588 0.1393 0.1915 0.4633 0.4745 0.2741 0.1704 0.1399 0.2937 0.4994 0.4033 0.2304 0.1532 0.1489 0.3920 0.5096 0.3341 0.1969 0.1423 0.1838 0.4592 0.4791 0.2778 0.1719 0.1397 0.2851 0.4975 0.4091 0.2335 0.1544 0.1476 0.3847 0.5100 0.3403 0.2000 0.1432 0.1757 0.4511 0.4884 0.2882 0.1773 0.1395 0.2464 0.4851 0.4449 0.2576 0.1654 0.1405 0.2982 0.4978 0.4108
0.4958 0.2855 0.1400 0.1673 0.2617 0.4504 0.4829 0.2420 0.1395 0.1773 0.2873 0.4866 0.4540 0.1794 0.1426 0.1976 0.3345 0.5096 0.3932 0.1493 0.1528 0.2293 0.4009 0.5002 0.2977 0.1400 0.1696 0.2722 0.4722 0.4650 0.1923 0.1415 0.1936 0.3269 0.5087 0.4014 0.1510 0.1516 0.2261 0.3947 0.5020 0.3065 0.1403 0.1680 0.2685 0.4673 0.4687 0.1991 0.1406 0.1848 0.2459 0.1848 0.1406 0.1991 0.4687 0.4673 0.2685 0.1680 0.1403 0.3065 0.5020 0.3947 0.2261 0.1516 0.1510 0.4014 0.5087 0.3269 0.1936 0.1415 0.1923 0.4650 0.4722 0.2722 0.1696 0.1400 0.2977 0.5002 0.4009 0.2293 0.1528 0.1493 0.3932 0.5096 0.3345 0.1976 0.1426 0.1794 0.4540 0.4866 0.2873 0.1773 0.1395 0.2420 0.4829 0.4504 0.2617 0.1673 0.1400 0.2855 0.4958
0.2801 0.1397 0.1695 0.2666 0.4572 0.4796 0.2340 0.1395 0.1781 0.2882 0.4866 0.4549 0.1815 0.1422 0.1958 0.3300 0.5090 0.4004 0.1510 0.1515 0.2254 0.3930 0.5026 0.3099 0.1405 0.1674 0.2668 0.4649 0.4703 0.2019 0.1408 0.1904 0.3200 0.5073 0.4102 0.1533 0.1501 0.2218 0.3863 0.5043 0.3190 0.1409 0.1658 0.2630 0.4595 0.4738 0.2093 0.1404 0.1873 0.3048 0.4312 0.3048 0.1873 0.1404 0.2093 0.4738 0.4595 0.2630 0.1658 0.1409 0.3190 0.5043 0.3863 0.2218 0.1501 0.1533 0.4102 0.5073 0.3200 0.1904 0.1408 0.2019 0.4703 0.4649 0.2668 0.1674 0.1405 0.3099 0.5026 0.3930 0.2254 0.1515 0.1510 0.4004 0.5090 0.3300 0.1958 0.1422 0.1815 0.4549 0.4866 0.2882 0.1781 0.1395 0.2340 0.4796 0.4572 0.2666 0.1695 0.1397 0.2801
0.1512 0.1719 0.2720 0.4647 0.4754 0.2239 0.1396 0.1797 0.2910 0.4884 0.4540 0.1815 0.1421 0.1949 0.3272 0.5085 0.4058 0.1525 0.1504 0.2220 0.3859 0.5045 0.3212 0.1410 0.1653 0.2616 0.4573 0.4753 0.2126 0.1403 0.1874 0.3133 0.5052 0.4186 0.1560 0.1487 0.2177 0.3780 0.5061 0.3312 0.1416 0.1636 0.2577 0.4515 0.4786 0.2208 0.1400 0.1852 0.3069 0.4972 0.4895 0.4972 0.3069 0.1852 0.1400 0.2208 0.4786 0.4515 0.2577 0.1636 0.1416 0.3312 0.5061 0.3780 0.2177 0.1487 0.1560 0.4186 0.5052 0.3133 0.1874 0.1403 0.2126 0.4753 0.4573 0.2616 0.1653 0.1410 0.3212 0.5045 0.3859 0.2220 0.1504 0.1525 0.4058 0.5085 0.3272 0.1949 0.1421 0.1815 0.4540 0.4884 0.2910 0.1797 0.1396 0.2239 0.4754 0.4647 0.2720 0.1719 0.1512
0.1809 0.2778 0.4720 0.4705 0.2130 0.1399 0.1819 0.2953 0.4915 0.4511 0.1794 0.1422 0.1949 0.3262 0.5081 0.4092 0.1538 0.1495 0.2193 0.3798 0.5060 0.3314 0.1417 0.1633 0.2567 0.4495 0.4798 0.2241 0.1399 0.1845 0.3068 0.5025 0.4265 0.1591 0.1474 0.2138 0.3700 0.5077 0.3429 0.1425 0.1616 0.2526 0.4431 0.4831 0.2332 0.1397 0.1824 0.3019 0.4989 0.4426 0.2802 0.4426 0.4989 0.3019 0.1824 0.1397 0.2332 0.4831 0.4431 0.2526 0.1616 0.1425 0.3429 0.5077 0.3700 0.2138 0.1474 0.1591 0.4265 0.5025 0.3068 0.1845 0.1399 0.2241 0.4798 0.4495 0.2567 0.1633 0.1417 0.3314 0.5060 0.3798 0.2193 0.1495 0.1538 0.4092 0.5081 0.3262 0.1949 0.1422 0.1794 0.4511 0.4915 0.2953 0.1819 0.1399 0.2130 0.4705 0.4720 0.2778 0.1809
0.2831 0.4791 0.4651 0.2022 0.1403 0.1845 0.3006 0.4953 0.4467 0.1757 0.1426 0.1958 0.3272 0.5081 0.4104 0.1545 0.1490 0.2173 0.3751 0.5071 0.3399 0.1423 0.1617 0.2522 0.4420 0.4839 0.2359 0.1396 0.1818 0.3006 0.4991 0.4340 0.1626 0.1462 0.2101 0.3622 0.5088 0.3540 0.1435 0.1596 0.2476 0.4347 0.4872 0.2460 0.1395 0.1797 0.2958 0.4958 0.4413 0.1734 0.1365 0.1734 0.4413 0.4958 0.2958 0.1797 0.1395 0.2460 0.4872 0.4347 0.2476 0.1596 0.1435 0.3540 0.5088 0.3622 0.2101 0.1462 0.1626 0.4340 0.4991 0.3006 0.1818 0.1396 0.2359 0.4839 0.4420 0.2522 0.1617 0.1423 0.3399 0.5071 0.3751 0.2173 0.1490 0.1545 0.4104 0.5081 0.3272 0.1958 0.1426 0.1757 0.4467 0.4953 0.3006 0.1845 0.1403 0.2022 0.4651 0.4791 0.2831
0.4791 0.4593 0.1924 0.1408 0.1873 0.3067 0.4991 0.4409 0.1712 0.1432 0.1976 0.3300 0.5085 0.4092 0.1545 0.1488 0.2163 0.3721 0.5078 0.3464 0.1430 0.1603 0.2484 0.4351 0.4874 0.2473 0.1395 0.1792 0.2945 0.4950 0.4411 0.1668 0.1451 0.2065 0.3545 0.5096 0.3646 0.1446 0.1578 0.2428 0.4262 0.4910 0.2590 0.1394 0.1770 0.2897 0.4911 0.4467 0.1720 0.1413 0.1644 0.1413 0.1720 0.4467 0.4911 0.2897 0.1770 0.1394 0.2590 0.4910 0.4262 0.2428 0.1578 0.1446 0.3646 0.5096 0.3545 0.2065 0.1451 0.1668 0.4411 0.4950 0.2945 0.1792 0.1395 0.2473 0.4874 0.4351 0.2484 0.1603 0.1430 0.3464 0.5078 0.3721 0.2163 0.1488 0.1545 0.4092 0.5085 0.3300 0.1976 0.1432 0.1712 0.4409 0.4991 0.3067 0.1873 0.1408 0.1924 0.4593 0.4791
0.4562 0.1838 0.1415 0.1904 0.3131 0.5024 0.4342 0.1668 0.1440 0.2000 0.3345 0.5090 0.4058 0.1538 0.1490 0.2163 0.3711 0.5081 0.3503 0.1435 0.1592 0.2453 0.4292 0.4903 0.2578 0.1394 0.1768 0.2889 0.4902 0.4477 0.1718 0.1440 0.2030 0.3471 0.5100 0.3749 0.1460 0.1561 0.2382 0.4178 0.4944 0.2719 0.1395 0.1744 0.2837 0.4855 0.4531 0.1768 0.1427 0.1931 0.2600 0.1931 0.1427 0.1768 0.4531 0.4855 0.2837 0.1744 0.1395 0.2719 0.4944 0.4178 0.2382 0.1561 0.1460 0.3749 0.5100 0.3471 0.2030 0.1440 0.1718 0.4477 0.4902 0.2889 0.1768 0.1394 0.2578 0.4903 0.4292 0.2453 0.1592 0.1435 0.3503 0.5081 0.3711 0.2163 0.1490 0.1538 0.4058 0.5090 0.3345 0.2000 0.1440 0.1668 0.4342 0.5024 0.3131 0.1904 0.1415 0.1838 0.4562
0.1875 0.1423 0.1936 0.3199 0.5052 0.4268 0.1627 0.1450 0.2030 0.3403 0.5096 0.4004 0.1525 0.1495 0.2173 0.3721 0.5081 0.3517 0.1437 0.1585 0.2431 0.4246 0.4925 0.2668 0.1395 0.1748 0.2839 0.4852 0.4537 0.1775 0.1430 0.1996 0.3398 0.5100 0.3846 0.1476 0.1544 0.2337 0.4095 0.4974 0.2846 0.1397 0.1720 0.2780 0.4792 0.4592 0.1837 0.1422 0.1957 0.3231 0.4537 0.3231 0.1957 0.1422 0.1837 0.4592 0.4792 0.2780 0.1720 0.1397 0.2846 0.4974 0.4095 0.2337 0.1544 0.1476 0.3846 0.5100 0.3398 0.1996 0.1430 0.1775 0.4537 0.4852 0.2839 0.1748 0.1395 0.2668 0.4925 0.4246 0.2431 0.1585 0.1437 0.3517 0.5081 0.3721 0.2173 0.1495 0.1525 0.4004 0.5096 0.3403 0.2030 0.1450 0.1627 0.4268 0.5052 0.3199 0.1936 0.1423 0.1875
0.1536 0.1969 0.3269 0.5073 0.4188 0.1591 0.1462 0.2063 0.3470 0.5100 0.3932 0.1510 0.1504 0.2193 0.3751 0.5078 0.3503 0.1437 0.1583 0.2420 0.4217 0.4940 0.2737 0.1395 0.1731 0.2796 0.4803 0.4588 0.1839 0.1422 0.1964 0.3329 0.5095 0.3940 0.1493 0.1528 0.2294 0.4011 0.5002 0.2972 0.1400 0.1697 0.2724 0.4724 0.4648 0.1920 0.1415 0.1934 0.3251 0.5051 0.4793 0.5051 0.3251 0.1934 0.1415 0.1920 0.4648 0.4724 0.2724 0.1697 0.1400 0.2972 0.5002 0.4011 0.2294 0.1528 0.1493 0.3940 0.5095 0.3329 0.1964 0.1422 0.1839 0.4588 0.4803 0.2796 0.1731 0.1395 0.2737 0.4940 0.4217 0.2420 0.1583 0.1437 0.3503 0.5078 0.3751 0.2193 0.1504 0.1510 0.3932 0.5100 0.3470 0.2063 0.1462 0.1591 0.4188 0.5073 0.3269 0.1969 0.1536
0.2048 0.3341 0.5087 0.4103 0.1560 0.1474 0.2099 0.3542 0.5100 0.3847 0.1493 0.1515 0.2220 0.3798 0.5071 0.3464 0.1435 0.1585 0.2420 0.4206 0.4947 0.2781 0.1396 0.1718 0.2761 0.4757 0.4631 0.1904 0.1416 0.1936 0.3265 0.5086 0.4027 0.1513 0.1513 0.2252 0.3929 0.5026 0.3095 0.1404 0.1674 0.2670 0.4652 0.4701 0.2015 0.1408 0.1905 0.3198 0.5066 0.4229 0.2451 0.4229 0.5066 0.3198 0.1905 0.1408 0.2015 0.4701 0.4652 0.2670 0.1674 0.1404 0.3095 0.5026 0.3929 0.2252 0.1513 0.1513 0.4027 0.5086 0.3265 0.1936 0.1416 0.1904 0.4631 0.4757 0.2761 0.1718 0.1396 0.2781 0.4947 0.4206 0.2420 0.1585 0.1435 0.3464 0.5071 0.3798 0.2220 0.1515 0.1493 0.3847 0.5100 0.3542 0.2099 0.1474 0.1560 0.4103 0.5087 0.3341 0.2048
0.3379 0.5098 0.4014 0.1533 0.1487 0.2137 0.3619 0.5096 0.3752 0.1476 0.1528 0.2254 0.3859 0.5060 0.3399 0.1430 0.1592 0.2431 0.4217 0.4947 0.2796 0.1397 0.1710 0.2738 0.4721 0.4664 0.1965 0.1411 0.1912 0.3209 0.5074 0.4105 0.1535 0.1499 0.2212 0.3848 0.5047 0.3216 0.1410 0.1653 0.2617 0.4576 0.4751 0.2122 0.1403 0.1875 0.3134 0.5051 0.4206 0.1603 0.1365 0.1603 0.4206 0.5051 0.3134 0.1875 0.1403 0.2122 0.4751 0.4576 0.2617 0.1653 0.1410 0.3216 0.5047 0.3848 0.2212 0.1499 0.1535 0.4105 0.5074 0.3209 0.1912 0.1411 0.1965 0.4664 0.4721 0.2738 0.1710 0.1397 0.2796 0.4947 0.4217 0.2431 0.1592 0.1430 0.3399 0.5060 0.3859 0.2254 0.1528 0.1476 0.3752 0.5096 0.3619 0.2137 0.1487 0.1533 0.4014 0.5098 0.3379
0.5084 0.3921 0.1510 0.1501 0.2177 0.3698 0.5088 0.3651 0.1461 0.1544 0.2293 0.3930 0.5045 0.3314 0.1423 0.1603 0.2453 0.4246 0.4940 0.2781 0.1397 0.1708 0.2725 0.4698 0.4686 0.2015 0.1407 0.1892 0.3160 0.5059 0.4173 0.1558 0.1487 0.2175 0.3771 0.5064 0.3332 0.1417 0.1632 0.2566 0.4497 0.4797 0.2237 0.1399 0.1846 0.3071 0.5026 0.4267 0.1597 0.1441 0.1708 0.1441 0.1597 0.4267 0.5026 0.3071 0.1846 0.1399 0.2237 0.4797 0.4497 0.2566 0.1632 0.1417 0.3332 0.5064 0.3771 0.2175 0.1487 0.1558 0.4173 0.5059 0.3160 0.1892 0.1407 0.2015 0.4686 0.4698 0.2725 0.1708 0.1397 0.2781 0.4940 0.4246 0.2453 0.1603 0.1423 0.3314 0.5045 0.3930 0.2293 0.1544 0.1461 0.3651 0.5088 0.3698 0.2177 0.1501 0.1510 0.3921 0.5084
0.3872 0.1489 0.1516 0.2218 0.3780 0.5077 0.3543 0.1447 0.1560 0.2335 0.4009 0.5026 0.3212 0.1417 0.1617 0.2484 0.4292 0.4925 0.2737 0.1396 0.1710 0.2725 0.4690 0.4698 0.2049 0.1405 0.1877 0.3122 0.5043 0.4230 0.1581 0.1477 0.2142 0.3700 0.5077 0.3440 0.1426 0.1613 0.2517 0.4416 0.4840 0.2358 0.1396 0.1819 0.3008 0.4992 0.4338 0.1627 0.1457 0.2026 0.2757 0.2026 0.1457 0.1627 0.4338 0.4992 0.3008 0.1819 0.1396 0.2358 0.4840 0.4416 0.2517 0.1613 0.1426 0.3440 0.5077 0.3700 0.2142 0.1477 0.1581 0.4230 0.5043 0.3122 0.1877 0.1405 0.2049 0.4698 0.4690 0.2725 0.1710 0.1396 0.2737 0.4925 0.4292 0.2484 0.1617 0.1417 0.3212 0.5026 0.4009 0.2335 0.1560 0.1447 0.3543 0.5077 0.3780 0.2218 0.1516 0.1489 0.3872
0.1590 0.1532 0.2261 0.3863 0.5061 0.3430 0.1435 0.1578 0.2380 0.4091 0.5002 0.3099 0.1410 0.1633 0.2522 0.4351 0.4903 0.2668 0.1395 0.1718 0.2738 0.4698 0.4698 0.2060 0.1404 0.1868 0.3096 0.5029 0.4274 0.1602 0.1468 0.2113 0.3637 0.5087 0.3538 0.1435 0.1595 0.2470 0.4334 0.4879 0.2483 0.1395 0.1792 0.2946 0.4951 0.4409 0.1667 0.1450 0.2053 0.3432 0.4745 0.3432 0.2053 0.1450 0.1667 0.4409 0.4951 0.2946 0.1792 0.1395 0.2483 0.4879 0.4334 0.2470 0.1595 0.1435 0.3538 0.5087 0.3637 0.2113 0.1468 0.1602 0.4274 0.5029 0.3096 0.1868 0.1404 0.2060 0.4698 0.4698 0.2738 0.1718 0.1395 0.2668 0.4903 0.4351 0.2522 0.1633 0.1410 0.3099 0.5002 0.4091 0.2380 0.1578 0.1435 0.3430 0.5061 0.3863 0.2261 0.1532 0.1590
0.1633 0.2304 0.3947 0.5043 0.3312 0.1425 0.1596 0.2426 0.4175 0.4975 0.2977 0.1405 0.1653 0.2567 0.4420 0.4874 0.2578 0.1395 0.1731 0.2761 0.4721 0.4686 0.2049 0.1404 0.1865 0.3082 0.5020 0.4305 0.1620 0.1461 0.2090 0.3584 0.5094 0.3623 0.1445 0.1579 0.2427 0.4256 0.4914 0.2607 0.1394 0.1766 0.2887 0.4902 0.4476 0.1716 0.1440 0.2028 0.3452 0.5083 0.4663 0.5083 0.3452 0.2028 0.1440 0.1716 0.4476 0.4902 0.2887 0.1766 0.1394 0.2607 0.4914 0.4256 0.2427 0.1579 0.1445 0.3623 0.5094 0.3584 0.2090 0.1461 0.1620 0.4305 0.5020 0.3082 0.1865 0.1404 0.2049 0.4686 0.4721 0.2761 0.1731 0.1395 0.2578 0.4874 0.4420 0.2567 0.1653 0.1405 0.2977 0.4975 0.4175 0.2426 0.1596 0.1425 0.3312 0.5043 0.3947 0.2304 0.1633
0.2372 0.4033 0.5020 0.3191 0.1416 0.1616 0.2475 0.4260 0.4945 0.2851 0.1400 0.1674 0.2616 0.4495 0.4839 0.2473 0.1394 0.1748 0.2796 0.4757 0.4664 0.2015 0.1405 0.1868 0.3082 0.5016 0.4321 0.1631 0.1457 0.2072 0.3541 0.5098 0.3695 0.1455 0.1565 0.2388 0.4183 0.4944 0.2727 0.1395 0.1741 0.2829 0.4846 0.4540 0.1776 0.1430 0.1996 0.3396 0.5096 0.3997 0.2105 0.3997 0.5096 0.3396 0.1996 0.1430 0.1776 0.4540 0.4846 0.2829 0.1741 0.1395 0.2727 0.4944 0.4183 0.2388 0.1565 0.1455 0.3695 0.5098 0.3541 0.2072 0.1457 0.1631 0.4321 0.5016 0.3082 0.1868 0.1405 0.2015 0.4664 0.4757 0.2796 0.1748 0.1394 0.2473 0.4839 0.4495 0.2616 0.1674 0.1400 0.2851 0.4945 0.4260 0.2475 0.1616 0.1416 0.3191 0.5020 0.4033 0.2372
0.4054 0.4996 0.3066 0.1409 0.1636 0.2525 0.4346 0.4910 0.2723 0.1397 0.1696 0.2668 0.4573 0.4798 0.2359 0.1395 0.1768 0.2839 0.4803 0.4631 0.1965 0.1407 0.1877 0.3096 0.5020 0.4321 0.1636 0.1454 0.2062 0.3512 0.5099 0.3751 0.1464 0.1553 0.2355 0.4117 0.4970 0.2837 0.1397 0.1719 0.2775 0.4784 0.4599 0.1848 0.1421 0.1964 0.3328 0.5094 0.3964 0.1517 0.1374 0.1517 0.3964 0.5094 0.3328 0.1964 0.1421 0.1848 0.4599 0.4784 0.2775 0.1719 0.1397 0.2837 0.4970 0.4117 0.2355 0.1553 0.1464 0.3751 0.5099 0.3512 0.2062 0.1454 0.1636 0.4321 0.5020 0.3096 0.1877 0.1407 0.1965 0.4631 0.4803 0.2839 0.1768 0.1395 0.2359 0.4798 0.4573 0.2668 0.1696 0.1397 0.2723 0.4910 0.4346 0.2525 0.1636 0.1409 0.3066 0.4996 0.4054
0.4977 0.2939 0.1403 0.1658 0.2577 0.4431 0.4873 0.2592 0.1395 0.1719 0.2722 0.4649 0.4753 0.2241 0.1396 0.1792 0.2889 0.4852 0.4588 0.1904 0.1411 0.1892 0.3122 0.5029 0.4305 0.1631 0.1454 0.2058 0.3496 0.5100 0.3789 0.1471 0.1544 0.2328 0.4060 0.4990 0.2936 0.1399 0.1699 0.2725 0.4721 0.4653 0.1930 0.1414 0.1932 0.3259 0.5085 0.4033 0.1518 0.1475 0.1781 0.1475 0.1518 0.4033 0.5085 0.3259 0.1932 0.1414 0.1930 0.4653 0.4721 0.2725 0.1699 0.1399 0.2936 0.4990 0.4060 0.2328 0.1544 0.1471 0.3789 0.5100 0.3496 0.2058 0.1454 0.1631 0.4305 0.5029 0.3122 0.1892 0.1411 0.1904 0.4588 0.4852 0.2889 0.1792 0.1396 0.2241 0.4753 0.4649 0.2722 0.1719 0.1395 0.2592 0.4873 0.4431 0.2577 0.1658 0.1403 0.2939 0.4977
0.2883 0.1399 0.1680 0.2630 0.4514 0.4831 0.2461 0.1394 0.1744 0.2778 0.4722 0.4703 0.2126 0.1399 0.1818 0.2945 0.4902 0.4537 0.1839 0.1416 0.1912 0.3160 0.5043 0.4274 0.1620 0.1457 0.2062 0.3496 0.5100 0.3809 0.1476 0.1538 0.2308 0.4016 0.5006 0.3019 0.1402 0.1681 0.2681 0.4660 0.4700 0.2019 0.1408 0.1902 0.3193 0.5071 0.4115 0.1538 0.1493 0.2131 0.2930 0.2131 0.1493 0.1538 0.4115 0.5071 0.3193 0.1902 0.1408 0.2019 0.4700 0.4660 0.2681 0.1681 0.1402 0.3019 0.5006 0.4016 0.2308 0.1538 0.1476 0.3809 0.5100 0.3496 0.2062 0.1457 0.1620 0.4274 0.5043 0.3160 0.1912 0.1416 0.1839 0.4537 0.4902 0.2945 0.1818 0.1399 0.2126 0.4703 0.4722 0.2778 0.1744 0.1394 0.2461 0.4831 0.4514 0.2630 0.1680 0.1399 0.2883
0.1514 0.1704 0.2685 0.4595 0.4787 0.2333 0.1395 0.1770 0.2837 0.4791 0.4650 0.2019 0.1403 0.1845 0.3006 0.4950 0.4477 0.1775 0.1422 0.1936 0.3209 0.5059 0.4230 0.1602 0.1461 0.2072 0.3512 0.5100 0.3809 0.1478 0.1535 0.2295 0.3985 0.5017 0.3085 0.1405 0.1667 0.2642 0.4601 0.4741 0.2109 0.1403 0.1875 0.3131 0.5051 0.4194 0.1563 0.1485 0.2159 0.3649 0.4911 0.3649 0.2159 0.1485 0.1563 0.4194 0.5051 0.3131 0.1875 0.1403 0.2109 0.4741 0.4601 0.2642 0.1667 0.1405 0.3085 0.5017 0.3985 0.2295 0.1535 0.1478 0.3809 0.5100 0.3512 0.2072 0.1461 0.1602 0.4230 0.5059 0.3209 0.1936 0.1422 0.1775 0.4477 0.4950 0.3006 0.1845 0.1403 0.2019 0.4650 0.4791 0.2837 0.1770 0.1395 0.2333 0.4787 0.4595 0.2685 0.1704 0.1514
0.1794 0.2741 0.4673 0.4738 0.2209 0.1397 0.1797 0.2897 0.4855 0.4592 0.1923 0.1408 0.1874 0.3068 0.4991 0.4411 0.1718 0.1430 0.1964 0.3265 0.5074 0.4173 0.1581 0.1468 0.2090 0.3541 0.5099 0.3789 0.1476 0.1535 0.2291 0.3969 0.5024 0.3130 0.1408 0.1656 0.2612 0.4550 0.4774 0.2195 0.1400 0.1850 0.3074 0.5026 0.4267 0.1593 0.1473 0.2132 0.3668 0.5078 0.4505 0.5078 0.3668 0.2132 0.1473 0.1593 0.4267 0.5026 0.3074 0.1850 0.1400 0.2195 0.4774 0.4550 0.2612 0.1656 0.1408 0.3130 0.5024 0.3969 0.2291 0.1535 0.1476 0.3789 0.5099 0.3541 0.2090 0.1468 0.1581 0.4173 0.5074 0.3265 0.1964 0.1430 0.1718 0.4411 0.4991 0.3068 0.1874 0.1408 0.1923 0.4592 0.4855 0.2897 0.1797 0.1397 0.2209 0.4738 0.4673 0.2741 0.1794
0.2796 0.4747 0.4686 0.2093 0.1400 0.1825 0.2959 0.4911 0.4530 0.1838 0.1415 0.1904 0.3133 0.5025 0.4340 0.1668 0.1440 0.1996 0.3329 0.5086 0.4105 0.1558 0.1477 0.2113 0.3584 0.5098 0.3751 0.1471 0.1538 0.2295 0.3969 0.5026 0.3153 0.1410 0.1648 0.2589 0.4510 0.4801 0.2272 0.1398 0.1829 0.3024 0.4998 0.4333 0.1625 0.1462 0.2098 0.3610 0.5089 0.3728 0.1822 0.3728 0.5089 0.3610 0.2098 0.1462 0.1625 0.4333 0.4998 0.3024 0.1829 0.1398 0.2272 0.4801 0.4510 0.2589 0.1648 0.1410 0.3153 0.5026 0.3969 0.2295 0.1538 0.1471 0.3751 0.5098 0.3584 0.2113 0.1477 0.1558 0.4105 0.5086 0.3329 0.1996 0.1440 0.1668 0.4340 0.5025 0.3133 0.1904 0.1415 0.1838 0.4530 0.4911 0.2959 0.1825 0.1400 0.2093 0.4686 0.4747 0.2796
0.4749 0.4631 0.1986 0.1404 0.1854 0.3022 0.4960 0.4464 0.1765 0.1423 0.1936 0.3200 0.5052 0.4265 0.1626 0.1451 0.2030 0.3398 0.5095 0.4027 0.1535 0.1487 0.2142 0.3637 0.5094 0.3695 0.1464 0.1544 0.2308 0.3985 0.5024 0.3153 0.1410 0.1644 0.2575 0.4481 0.4819 0.2334 0.1396 0.1811 0.2980 0.4969 0.4390 0.1659 0.1452 0.2066 0.3543 0.5096 0.3684 0.1460 0.1390 0.1460 0.3684 0.5096 0.3543 0.2066 0.1452 0.1659 0.4390 0.4969 0.2980 0.1811 0.1396 0.2334 0.4819 0.4481 0.2575 0.1644 0.1410 0.3153 0.5024 0.3985 0.2308 0.1544 0.1464 0.3695 0.5094 0.3637 0.2142 0.1487 0.1535 0.4027 0.5095 0.3398 0.2030 0.1451 0.1626 0.4265 0.5052 0.3200 0.1936 0.1423 0.1765 0.4464 0.4960 0.3022 0.1854 0.1404 0.1986 0.4631 0.4749
0.4601 0.1891 0.1410 0.1884 0.3088 0.5001 0.4393 0.1706 0.1432 0.1969 0.3269 0.5073 0.4186 0.1591 0.1462 0.2065 0.3471 0.5100 0.3940 0.1513 0.1499 0.2175 0.3700 0.5087 0.3623 0.1455 0.1553 0.2328 0.4016 0.5017 0.3130 0.1410 0.1644 0.2570 0.4466 0.4831 0.2377 0.1395 0.1798 0.2945 0.4940 0.4438 0.1694 0.1443 0.2037 0.3480 0.5100 0.3755 0.1463 0.1517 0.1864 0.1517 0.1463 0.3755 0.5100 0.3480 0.2037 0.1443 0.1694 0.4438 0.4940 0.2945 0.1798 0.1395 0.2377 0.4831 0.4466 0.2570 0.1644 0.1410 0.3130 0.5017 0.4016 0.2328 0.1553 0.1455 0.3623 0.5087 0.3700 0.2175 0.1499 0.1513 0.3940 0.5100 0.3471 0.2065 0.1462 0.1591 0.4186 0.5073 0.3269 0.1969 0.1432 0.1706 0.4393 0.5001 0.3088 0.1884 0.1410 0.1891 0.4601
0.1918 0.1417 0.1915 0.3155 0.5034 0.4319 0.1656 0.1442 0.2003 0.3341 0.5087 0.4102 0.1560 0.1474 0.2101 0.3545 0.5100 0.3846 0.1493 0.1513 0.2212 0.3771 0.5077 0.3538 0.1445 0.1565 0.2355 0.4060 0.5006 0.3085 0.1408 0.1648 0.2575 0.4466 0.4835 0.2400 0.1395 0.1789 0.2919 0.4915 0.4476 0.1728 0.1436 0.2012 0.3423 0.5100 0.3834 0.1475 0.1537 0.2250 0.3122 0.2250 0.1537 0.1475 0.3834 0.5100 0.3423 0.2012 0.1436 0.1728 0.4476 0.4915 0.2919 0.1789 0.1395 0.2400 0.4835 0.4466 0.2575 0.1648 0.1408 0.3085 0.5006 0.4060 0.2355 0.1565 0.1445 0.3538 0.5077 0.3771 0.2212 0.1513 0.1493 0.3846 0.5100 0.3545 0.2101 0.1474 0.1560 0.4102 0.5087 0.3341 0.2003 0.1442 0.1656 0.4319 0.5034 0.3155 0.1915 0.1417 0.1918
0.1532 0.1947 0.3224 0.5060 0.4240 0.1615 0.1454 0.2038 0.3415 0.5096 0.4014 0.1533 0.1487 0.2138 0.3622 0.5096 0.3749 0.1476 0.1528 0.2252 0.3848 0.5064 0.3440 0.1435 0.1579 0.2388 0.4117 0.4990 0.3019 0.1405 0.1656 0.2589 0.4481 0.4831 0.2400 0.1395 0.1784 0.2903 0.4897 0.4504 0.1758 0.1431 0.1990 0.3373 0.5098 0.3907 0.1489 0.1529 0.2283 0.3887 0.5020 0.3887 0.2283 0.1529 0.1489 0.3907 0.5098 0.3373 0.1990 0.1431 0.1758 0.4504 0.4897 0.2903 0.1784 0.1395 0.2400 0.4831 0.4481 0.2589 0.1656 0.1405 0.3019 0.4990 0.4117 0.2388 0.1579 0.1435 0.3440 0.5064 0.3848 0.2252 0.1528 0.1476 0.3749 0.5096 0.3622 0.2138 0.1487 0.1533 0.4014 0.5096 0.3415 0.2038 0.1454 0.1615 0.4240 0.5060 0.3224 0.1947 0.1532
0.2027 0.3295 0.5079 0.4158 0.1580 0.1466 0.2075 0.3490 0.5100 0.3920 0.1510 0.1501 0.2177 0.3700 0.5088 0.3646 0.1460 0.1544 0.2294 0.3929 0.5047 0.3332 0.1426 0.1595 0.2427 0.4183 0.4970 0.2936 0.1402 0.1667 0.2612 0.4510 0.4819 0.2377 0.1395 0.1784 0.2898 0.4887 0.4521 0.1780 0.1427 0.1974 0.3333 0.5094 0.3970 0.1503 0.1519 0.2260 0.3919 0.5039 0.4303 0.5039 0.3919 0.2260 0.1519 0.1503 0.3970 0.5094 0.3333 0.1974 0.1427 0.1780 0.4521 0.4887 0.2898 0.1784 0.1395 0.2377 0.4819 0.4510 0.2612 0.1667 0.1402 0.2936 0.4970 0.4183 0.2427 0.1595 0.1426 0.3332 0.5047 0.3929 0.2294 0.1544 0.1460 0.3646 0.5088 0.3700 0.2177 0.1501 0.1510 0.3920 0.5100 0.3490 0.2075 0.1466 0.1580 0.4158 0.5079 0.3295 0.2027
0.3334 0.5093 0.4072 0.1550 0.1479 0.2112 0.3567 0.5099 0.3823 0.1489 0.1516 0.2218 0.3780 0.5077 0.3540 0.1446 0.1561 0.2337 0.4011 0.5026 0.3216 0.1417 0.1613 0.2470 0.4256 0.4944 0.2837 0.1399 0.1681 0.2642 0.4550 0.4801 0.2334 0.1395 0.1789 0.2903 0.4887 0.4526 0.1792 0.1424 0.1963 0.3304 0.5090 0.4020 0.1516 0.1509 0.2232 0.3874 0.5044 0.3390 0.1624 0.3390 0.5044 0.3874 0.2232 0.1509 0.1516 0.4020 0.5090 0.3304 0.1963 0.1424 0.1792 0.4526 0.4887 0.2903 0.1789 0.1395 0.2334 0.4801 0.4550 0.2642 0.1681 0.1399 0.2837 0.4944 0.4256 0.2470 0.1613 0.1417 0.3216 0.5026 0.4011 0.2337 0.1561 0.1446 0.3540 0.5077 0.3780 0.2218 0.1516 0.1489 0.3823 0.5099 0.3567 0.2112 0.1479 0.1550 0.4072 0.5093 0.3334
0.5079 0.3981 0.1524 0.1492 0.2151 0.3647 0.5094 0.3720 0.1471 0.1532 0.2261 0.3863 0.5061 0.3429 0.1435 0.1578 0.2382 0.4095 0.5002 0.3095 0.1410 0.1632 0.2517 0.4334 0.4914 0.2727 0.1397 0.1699 0.2681 0.4601 0.4774 0.2272 0.1396 0.1798 0.2919 0.4897 0.4521 0.1792 0.1424 0.1957 0.3286 0.5086 0.4057 0.1527 0.1501 0.2208 0.3824 0.5055 0.3317 0.1417 0.1417 0.1417 0.3317 0.5055 0.3824 0.2208 0.1501 0.1527 0.4057 0.5086 0.3286 0.1957 0.1424 0.1792 0.4521 0.4897 0.2919 0.1798 0.1396 0.2272 0.4774 0.4601 0.2681 0.1699 0.1397 0.2727 0.4914 0.4334 0.2517 0.1632 0.1410 0.3095 0.5002 0.4095 0.2382 0.1578 0.1435 0.3429 0.5061 0.3863 0.2261 0.1532 0.1471 0.3720 0.5094 0.3647 0.2151 0.1492 0.1524 0.3981 0.5079
0.3934 0.1502 0.1506 0.2192 0.3727 0.5085 0.3614 0.1456 0.1548 0.2304 0.3947 0.5043 0.3312 0.1425 0.1596 0.2428 0.4178 0.4974 0.2972 0.1404 0.1653 0.2566 0.4416 0.4879 0.2607 0.1395 0.1719 0.2725 0.4660 0.4741 0.2195 0.1398 0.1811 0.2945 0.4915 0.4504 0.1780 0.1424 0.1957 0.3279 0.5084 0.4079 0.1536 0.1495 0.2188 0.3781 0.5065 0.3368 0.1421 0.1574 0.1972 0.1574 0.1421 0.3368 0.5065 0.3781 0.2188 0.1495 0.1536 0.4079 0.5084 0.3279 0.1957 0.1424 0.1780 0.4504 0.4915 0.2945 0.1811 0.1398 0.2195 0.4741 0.4660 0.2725 0.1719 0.1395 0.2607 0.4879 0.4416 0.2566 0.1653 0.1404 0.2972 0.4974 0.4178 0.2428 0.1596 0.1425 0.3312 0.5043 0.3947 0.2304 0.1548 0.1456 0.3614 0.5085 0.3727 0.2192 0.1506 0.1502 0.3934
0.1601 0.1522 0.2233 0.3809 0.5072 0.3504 0.1443 0.1566 0.2349 0.4033 0.5020 0.3190 0.1416 0.1616 0.2476 0.4262 0.4944 0.2846 0.1400 0.1674 0.2617 0.4497 0.4840 0.2483 0.1394 0.1741 0.2775 0.4721 0.4700 0.2109 0.1400 0.1829 0.2980 0.4940 0.4476 0.1758 0.1427 0.1963 0.3286 0.5084 0.4086 0.1540 0.1492 0.2175 0.3748 0.5073 0.3425 0.1427 0.1601 0.2408 0.3369 0.2408 0.1601 0.1427 0.3425 0.5073 0.3748 0.2175 0.1492 0.1540 0.4086 0.5084 0.3286 0.1963 0.1427 0.1758 0.4476 0.4940 0.2980 0.1829 0.1400 0.2109 0.4700 0.4721 0.2775 0.1741 0.1394 0.2483 0.4840 0.4497 0.2617 0.1674 0.1400 0.2846 0.4944 0.4262 0.2476 0.1616 0.1416 0.3190 0.5020 0.4033 0.2349 0.1566 0.1443 0.3504 0.5072 0.3809 0.2233 0.1522 0.1601
0.1624 0.2276 0.3893 0.5055 0.3388 0.1431 0.1584 0.2396 0.4119 0.4994 0.3065 0.1409 0.1636 0.2526 0.4347 0.4910 0.2719 0.1397 0.1697 0.2670 0.4576 0.4797 0.2358 0.1395 0.1766 0.2829 0.4784 0.4653 0.2019 0.1403 0.1850 0.3024 0.4969 0.4438 0.1728 0.1431 0.1974 0.3304 0.5086 0.4079 0.1540 0.1491 0.2168 0.3727 0.5077 0.3471 0.1431 0.1597 0.2454 0.4192 0.5073 0.4192 0.2454 0.1597 0.1431 0.3471 0.5077 0.3727 0.2168 0.1491 0.1540 0.4079 0.5086 0.3304 0.1974 0.1431 0.1728 0.4438 0.4969 0.3024 0.1850 0.1403 0.2019 0.4653 0.4784 0.2829 0.1766 0.1395 0.2358 0.4797 0.4576 0.2670 0.1697 0.1397 0.2719 0.4910 0.4347 0.2526 0.1636 0.1409 0.3065 0.4994 0.4119 0.2396 0.1584 0.1431 0.3388 0.5055 0.3893 0.2276 0.1624
0.2345 0.3978 0.5035 0.3269 0.1421 0.1603 0.2444 0.4205 0.4965 0.2937 0.1403 0.1658 0.2577 0.4431 0.4872 0.2590 0.1395 0.1720 0.2724 0.4652 0.4751 0.2237 0.1396 0.1792 0.2887 0.4846 0.4599 0.1930 0.1408 0.1875 0.3074 0.4998 0.4390 0.1694 0.1436 0.1990 0.3333 0.5090 0.4057 0.1536 0.1492 0.2168 0.3721 0.5079 0.3499 0.1435 0.1590 0.2443 0.4248 0.4947 0.4005 0.4947 0.4248 0.2443 0.1590 0.1435 0.3499 0.5079 0.3721 0.2168 0.1492 0.1536 0.4057 0.5090 0.3333 0.1990 0.1436 0.1694 0.4390 0.4998 0.3074 0.1875 0.1408 0.1930 0.4599 0.4846 0.2887 0.1792 0.1396 0.2237 0.4751 0.4652 0.2724 0.1720 0.1395 0.2590 0.4872 0.4431 0.2577 0.1658 0.1403 0.2937 0.4965 0.4205 0.2444 0.1603 0.1421 0.3269 0.5035 0.3978 0.2345
0.4001 0.5013 0.3147 0.1413 0.1623 0.2493 0.4291 0.4933 0.2807 0.1399 0.1680 0.2630 0.4515 0.4831 0.2460 0.1394 0.1744 0.2780 0.4724 0.4701 0.2122 0.1399 0.1819 0.2946 0.4902 0.4540 0.1848 0.1414 0.1902 0.3131 0.5026 0.4333 0.1659 0.1443 0.2012 0.3373 0.5094 0.4020 0.1527 0.1495 0.2175 0.3727 0.5079 0.3508 0.1437 0.1586 0.2429 0.4233 0.4937 0.2908 0.1490 0.2908 0.4937 0.4233 0.2429 0.1586 0.1437 0.3508 0.5079 0.3727 0.2175 0.1495 0.1527 0.4020 0.5094 0.3373 0.2012 0.1443 0.1659 0.4333 0.5026 0.3131 0.1902 0.1414 0.1848 0.4540 0.4902 0.2946 0.1819 0.1399 0.2122 0.4701 0.4724 0.2780 0.1744 0.1394 0.2460 0.4831 0.4515 0.2630 0.1680 0.1399 0.2807 0.4933 0.4291 0.2493 0.1623 0.1413 0.3147 0.5013 0.4001
0.4994 0.3021 0.1407 0.1644 0.2543 0.4376 0.4897 0.2676 0.1396 0.1704 0.2685 0.4595 0.4786 0.2332 0.1395 0.1770 0.2837 0.4792 0.4648 0.2015 0.1403 0.1846 0.3008 0.4951 0.4476 0.1776 0.1421 0.1932 0.3193 0.5051 0.4267 0.1625 0.1452 0.2037 0.3423 0.5098 0.3970 0.1516 0.1501 0.2188 0.3748 0.5077 0.3499 0.1437 0.1584 0.2422 0.4215 0.4943 0.2786 0.1388 0.1464 0.1388 0.2786 0.4943 0.4215 0.2422 0.1584 0.1437 0.3499 0.5077 0.3748 0.2188 0.1501 0.1516 0.3970 0.5098 0.3423 0.2037 0.1452 0.1625 0.4267 0.5051 0.3193 0.1932 0.1421 0.1776 0.4476 0.4951 0.3008 0.1846 0.1403 0.2015 0.4648 0.4792 0.2837 0.1770 0.1395 0.2332 0.4786 0.4595 0.2685 0.1704 0.1396 0.2676 0.4897 0.4376 0.2543 0.1644 0.1407 0.3021 0.4994
0.2964 0.1401 0.1666 0.2596 0.4461 0.4858 0.2545 0.1394 0.1728 0.2741 0.4673 0.4738 0.2208 0.1397 0.1797 0.2897 0.4855 0.4592 0.1920 0.1408 0.1875 0.3071 0.4992 0.4409 0.1716 0.1430 0.1964 0.3259 0.5071 0.4194 0.1593 0.1462 0.2066 0.3480 0.5100 0.3907 0.1503 0.1509 0.2208 0.3781 0.5073 0.3471 0.1435 0.1586 0.2422 0.4208 0.4947 0.2792 0.1395 0.1662 0.2129 0.1662 0.1395 0.2792 0.4947 0.4208 0.2422 0.1586 0.1435 0.3471 0.5073 0.3781 0.2208 0.1509 0.1503 0.3907 0.5100 0.3480 0.2066 0.1462 0.1593 0.4194 0.5071 0.3259 0.1964 0.1430 0.1716 0.4409 0.4992 0.3071 0.1875 0.1408 0.1920 0.4592 0.4855 0.2897 0.1797 0.1397 0.2208 0.4738 0.4673 0.2741 0.1728 0.1394 0.2545 0.4858 0.4461 0.2596 0.1666 0.1401 0.2964
0.1516 0.1688 0.2649 0.4543 0.4816 0.2416 0.1394 0.1753 0.2798 0.4745 0.4687 0.2093 0.1400 0.1824 0.2958 0.4911 0.4531 0.1837 0.1415 0.1905 0.3134 0.5026 0.4338 0.1667 0.1440 0.1996 0.3328 0.5085 0.4115 0.1563 0.1473 0.2098 0.3543 0.5100 0.3834 0.1489 0.1519 0.2232 0.3824 0.5065 0.3425 0.1431 0.1590 0.2429 0.4215 0.4947 0.2799 0.1397 0.1700 0.2639 0.3718 0.2639 0.1700 0.1397 0.2799 0.4947 0.4215 0.2429 0.1590 0.1431 0.3425 0.5065 0.3824 0.2232 0.1519 0.1489 0.3834 0.5100 0.3543 0.2098 0.1473 0.1563 0.4115 0.5085 0.3328 0.1996 0.1440 0.1667 0.4338 0.5026 0.3134 0.1905 0.1415 0.1837 0.4531 0.4911 0.2958 0.1824 0.1400 0.2093 0.4687 0.4745 0.2798 0.1753 0.1394 0.2416 0.4816 0.4543 0.2649 0.1688 0.1516
0.1778 0.2701 0.4619 0.4772 0.2294 0.1395 0.1777 0.2854 0.4810 0.4633 0.1991 0.1404 0.1852 0.3019 0.4958 0.4467 0.1768 0.1422 0.1934 0.3198 0.5051 0.4267 0.1627 0.1450 0.2028 0.3396 0.5094 0.4033 0.1538 0.1485 0.2132 0.3610 0.5096 0.3755 0.1475 0.1529 0.2260 0.3874 0.5055 0.3368 0.1427 0.1597 0.2443 0.4233 0.4943 0.2792 0.1397 0.1704 0.2705 0.4578 0.5052 0.4578 0.2705 0.1704 0.1397 0.2792 0.4943 0.4233 0.2443 0.1597 0.1427 0.3368 0.5055 0.3874 0.2260 0.1529 0.1475 0.3755 0.5096 0.3610 0.2132 0.1485 0.1538 0.4033 0.5094 0.3396 0.2028 0.1450 0.1627 0.4267 0.5051 0.3198 0.1934 0.1422 0.1768 0.4467 0.4958 0.3019 0.1852 0.1404 0.1991 0.4633 0.4810 0.2854 0.1777 0.1395 0.2294 0.4772 0.4619 0.2701 0.1778
0.2742 0.4677 0.4733 0.2199 0.1395 0.1796 0.2901 0.4857 0.4587 0.1915 0.1406 0.1873 0.3069 0.4989 0.4413 0.1720 0.1427 0.1957 0.3251 0.5066 0.4206 0.1597 0.1457 0.2053 0.3452 0.5096 0.3964 0.1518 0.1493 0.2159 0.3668 0.5089 0.3684 0.1463 0.1537 0.2283 0.3919 0.5044 0.3317 0.1421 0.1601 0.2454 0.4248 0.4937 0.2786 0.1395 0.1700 0.2705 0.4648 0.4767 0.3553 0.4767 0.4648 0.2705 0.1700 0.1395 0.2786 0.4937 0.4248 0.2454 0.1601 0.1421 0.3317 0.5044 0.3919 0.2283 0.1537 0.1463 0.3684 0.5089 0.3668 0.2159 0.1493 0.1518 0.3964 0.5096 0.3452 0.2053 0.1457 0.1597 0.4206 0.5066 0.3251 0.1957 0.1427 0.1720 0.4413 0.4989 0.3069 0.1873 0.1406 0.1915 0.4587 0.4857 0.2901 0.1796 0.1395 0.2199 0.4733 0.4677 0.2742
0.4580 0.4735 0.2243 0.1383 0.1772 0.2878 0.4839 0.4592 0.1945 0.1393 0.1848 0.3048 0.4972 0.4426 0.1734 0.1413 0.1931 0.3231 0.5051 0.4229 0.1603 0.1441 0.2026 0.3432 0.5083 0.3997 0.1517 0.1475 0.2131 0.3649 0.5078 0.3728 0.1460 0.1517 0.2250 0.3887 0.5039 0.3390 0.1417 0.1574 0.2408 0.4192 0.4947 0.2908 0.1388 0.1662 0.2639 0.4578 0.4767 0.2432 0.1409 0.2432 0.4767 0.4578 0.2639 0.1662 0.1388 0.2908 0.4947 0.4192 0.2408 0.1574 0.1417 0.3390 0.5039 0.3887 0.2250 0.1517 0.1460 0.3728 0.5078 0.3649 0.2131 0.1475 0.1517 0.3997 0.5083 0.3432 0.2026 0.1441 0.1603 0.4229 0.5051 0.3231 0.1931 0.1413 0.1734 0.4426 0.4972 0.3048 0.1848 0.1393 0.1945 0.4592 0.4839 0.2878 0.1772 0.1383 0.2243 0.4735 0.4580
0.5029 0.3444 0.1397 0.1539 0.2329 0.4081 0.4975 0.3139 0.1375 0.1588 0.2459 0.4312 0.4895 0.2802 0.1365 0.1644 0.2600 0.4537 0.4793 0.2451 0.1365 0.1708 0.2757 0.4745 0.4663 0.2105 0.1374 0.1781 0.2930 0.4911 0.4505 0.1822 0.1390 0.1864 0.3122 0.5020 0.4303 0.1624 0.1417 0.1972 0.3369 0.5073 0.4005 0.1490 0.1464 0.2129 0.3718 0.5052 0.3553 0.1409 0.1365 0.1409 0.3553 0.5052 0.3718 0.2129 0.1464 0.1490 0.4005 0.5073 0.3369 0.1972 0.1417 0.1624 0.4303 0.5020 0.3122 0.1864 0.1390 0.1822 0.4505 0.4911 0.2930 0.1781 0.1374 0.2105 0.4663 0.4745 0.2757 0.1708 0.1365 0.2451 0.4793 0.4537 0.2600 0.1644 0.1365 0.2802 0.4895 0.4312 0.2459 0.1588 0.1375 0.3139 0.4975 0.4081 0.2329 0.1539 0.1397 0.3444 0.5029
0.4580 0.4735 0.2243 0.1383 0.1772 0.2878 0.4839 0.4592 0.1945 0.1393 0.1848 0.3048 0.4972 0.4426 0.1734 0.1413 0.1931 0.3231 0.5051 0.4229 0.1603 0.1441 0.2026 0.3432 0.5083 0.3997 0.1517 0.1475 0.2131 0.3649 0.5078 0.3728 0.1460 0.1517 0.2250 0.3887 0.5039 0.3390 0.1417 0.1574 0.2408 0.4192 0.4947 0.2908 0.1388 0.1662 0.2639 0.4578 0.4767 0.2432 0.1409 0.2432 0.4767 0.4578 0.2639 0.1662 0.1388 0.2908 0.4947 0.4192 0.2408 0.1574 0.1417 0.3390 0.5039 0.3887 0.2250 0.1517 0.1460 0.3728 0.5078 0.3649 0.2131 0.1475 0.1517 0.3997 0.5083 0.3432 0.2026 0.1441 0.1603 0.4229 0.5051 0.3231 0.1931 0.1413 0.1734 0.4426 0.4972 0.3048 0.1848 0.1393 0.1945 0.4592 0.4839 0.2878 0.1772 0.1383 0.2243 0.4735 0.4580
0.2742 0.4677 0.4733 0.2199 0.1395 0.1796 0.2901 0.4857 0.4587 0.1915 0.1406 0.1873 0.3069 0.4989 0.4413 0.1720 0.1427 0.1957 0.3251 0.5066 0.4206 0.1597 0.1457 0.2053 0.3452 0.5096 0.3964 0.1518 0.1493 0.2159 0.3668 0.5089 0.3684 0.1463 0.1537 0.2283 0.3919 0.5044 0.3317 0.1421 0.1601 0.2454 0.4248 0.4937 0.2786 0.1395 0.1700 0.2705 0.4648 0.4767 0.3553 0.4767 0.4648 0.2705 0.1700 0.1395 0.2786 0.4937 0.4248 0.2454 0.1601 0.1421 0.3317 0.5044 0.3919 0.2283 0.1537 0.1463 0.3684 0.5089 0.3668 0.2159 0.1493 0.1518 0.3964 0.5096 0.3452 0.2053 0.1457 0.1597 0.4206 0.5066 0.3251 0.1957 0.1427 0.1720 0.4413 0.4989 0.3069 0.1873 0.1406 0.1915 0.4587 0.4857 0.2901 0.1796 0.1395 0.2199 0.4733 0.4677 0.2742
0.1778 0.2701 0.4619 0.4772 0.2294 0.1395 0.1777 0.2854 0.4810 0.4633 0.1991 0.1404 0.1852 0.3019 0.4958 0.4467 0.1768 0.1422 0.1934 0.3198 0.5051 0.4267 0.1627 0.1450 0.2028 0.3396 0.5094 0.4033 0.1538 0.1485 0.2132 0.3610 0.5096 0.3755 0.1475 0.1529 0.2260 0.3874 0.5055 0.3368 0.1427 0.1597 0.2443 0.4233 0.4943 0.2792 0.1397 0.1704 0.2705 0.4578 0.5052 0.4578 0.2705 0.1704 0.1397 0.2792 0.4943 0.4233 0.2443 0.1597 0.1427 0.3368 0.5055 0.3874 0.2260 0.1529 0.1475 0.3755 0.5096 0.3610 0.2132 0.1485 0.1538 0.4033 0.5094 0.3396 0.2028 0.1450 0.1627 0.4267 0.5051 0.3198 0.1934 0.1422 0.1768 0.4467 0.4958 0.3019 0.1852 0.1404 0.1991 0.4633 0.4810 0.2854 0.1777 0.1395 0.2294 0.4772 0.4619 0.2701 0.1778
0.1516 0.1688 0.2649 0.4543 0.4816 0.2416 0.1394 0.1753 0.2798 0.4745 0.4687 0.2093 0.1400 0.1824 0.2958 0.4911 0.4531 0.1837 0.1415 0.1905 0.3134 0.5026 0.4338 0.1667 0.1440 0.1996 0.3328 0.5085 0.4115 0.1563 0.1473 0.2098 0.3543 0.5100 0.3834 0.1489 0.1519 0.2232 0.3824 0.5065 0.3425 0.1431 0.1590 0.2429 0.4215 0.4947 0.2799 0.1397 0.1700 0.2639 0.3718 0.2639 0.1700 0.1397 0.2799 0.4947 0.4215 0.2429 0.1590 0.1431 0.3425 0.5065 0.3824 0.2232 0.1519 0.1489 0.3834 0.5100 0.3543 0.2098 0.1473 0.1563 0.4115 0.5085 0.3328 0.1996 0.1440 0.1667 0.4338 0.5026 0.3134 0.1905 0.1415 0.1837 0.4531 0.4911 0.2958 0.1824 0.1400 0.2093 0.4687 0.4745 0.2798 0.1753 0.1394 0.2416 0.4816 0.4543 0.2649 0.1688 0.1516
0.2964 0.1401 0.1666 0.2596 0.4461 0.4858 0.2545 0.1394 0.1728 0.2741 0.4673 0.4738 0.2208 0.1397 0.1797 0.2897 0.4855 0.4592 0.1920 0.1408 0.1875 0.3071 0.4992 0.4409 0.1716 0.1430 0.1964 0.3259 0.5071 0.4194 0.1593 0.1462 0.2066 0.3480 0.5100 0.3907 0.1503 0.1509 0.2208 0.3781 0.5073 0.3471 0.1435 0.1586 0.2422 0.4208 0.4947 0.2792 0.1395 0.1662 0.2129 0.1662 0.1395 0.2792 0.4947 0.4208 0.2422 0.1586 0.1435 0.3471 0.5073 0.3781 0.2208 0.1509 0.1503 0.3907 0.5100 0.3480 0.2066 0.1462 0.1593 0.4194 0.5071 0.3259 0.1964 0.1430 0.1716 0.4409 0.4992 0.3071 0.1875 0.1408 0.1920 0.4592 0.4855 0.2897 0.1797 0.1397 0.2208 0.4738 0.4673 0.2741 0.1728 0.1394 0.2545 0.4858 0.4461 0.2596 0.1666 0.1401 0.2964
