0.1749 0.2466 0.4237 0.4907 0.2598 0.1511 0.1847 0.2925 0.4888 0.4455 0.1786 0.1550 0.2102 0.3498 0.5087 0.3707 0.1566 0.1659 0.2444 0.4191 0.4926 0.2674 0.1511 0.1832 0.2888 0.4853 0.4498 0.1818 0.1544 0.2080 0.3451 0.5087 0.3773 0.1575 0.1648 0.2415 0.4137 0.4947 0.2756 0.1512 0.1817 0.2851 0.4814 0.4540 0.1853 0.1539 0.2059 0.3400 0.5081 0.3999 0.2113 0.3999 0.5081 0.3400 0.2059 0.1539 0.1853 0.4540 0.4814 0.2851 0.1817 0.1512 0.2756 0.4947 0.4137 0.2415 0.1648 0.1575 0.3773 0.5087 0.3451 0.2080 0.1544 0.1818 0.4498 0.4853 0.2888 0.1832 0.1511 0.2674 0.4926 0.4191 0.2444 0.1659 0.1566 0.3707 0.5087 0.3498 0.2102 0.1550 0.1786 0.4455 0.4888 0.2925 0.1847 0.1511 0.2598 0.4907 0.4237 0.2466 0.1749
0.2466 0.4262 0.4920 0.2631 0.1395 0.1761 0.2875 0.4892 0.4489 0.1727 0.1438 0.2025 0.3462 0.5101 0.3759 0.1461 0.1559 0.2379 0.4173 0.4947 0.2725 0.1395 0.1744 0.2836 0.4855 0.4532 0.1766 0.1432 0.2003 0.3414 0.5101 0.3824 0.1472 0.1548 0.2349 0.4118 0.4967 0.2810 0.1396 0.1728 0.2798 0.4814 0.4572 0.1811 0.1426 0.1981 0.3366 0.5099 0.3916 0.1505 0.1376 0.1505 0.3916 0.5099 0.3366 0.1981 0.1426 0.1811 0.4572 0.4814 0.2798 0.1728 0.1396 0.2810 0.4967 0.4118 0.2349 0.1548 0.1472 0.3824 0.5101 0.3414 0.2003 0.1432 0.1766 0.4532 0.4855 0.2836 0.1744 0.1395 0.2725 0.4947 0.4173 0.2379 0.1559 0.1461 0.3759 0.5101 0.3462 0.2025 0.1438 0.1727 0.4489 0.4892 0.2875 0.1761 0.1395 0.2631 0.4920 0.4262 0.2466
0.4237 0.4920 0.2679 0.1395 0.1742 0.2824 0.4837 0.4551 0.1789 0.1429 0.1990 0.3387 0.5099 0.3859 0.1478 0.1542 0.2332 0.4087 0.4977 0.2856 0.1397 0.1719 0.2777 0.4789 0.4593 0.1839 0.1423 0.1968 0.3340 0.5096 0.3922 0.1490 0.1532 0.2304 0.4032 0.4995 0.2940 0.1399 0.1703 0.2740 0.4745 0.4631 0.1892 0.1417 0.1947 0.3294 0.5091 0.3987 0.1506 0.1482 0.1796 0.1482 0.1506 0.3987 0.5091 0.3294 0.1947 0.1417 0.1892 0.4631 0.4745 0.2740 0.1703 0.1399 0.2940 0.4995 0.4032 0.2304 0.1532 0.1490 0.3922 0.5096 0.3340 0.1968 0.1423 0.1839 0.4593 0.4789 0.2777 0.1719 0.1397 0.2856 0.4977 0.4087 0.2332 0.1542 0.1478 0.3859 0.5099 0.3387 0.1990 0.1429 0.1789 0.4551 0.4837 0.2824 0.1742 0.1395 0.2679 0.4920 0.4237
0.4907 0.2631 0.1395 0.1734 0.2793 0.4793 0.4599 0.1854 0.1421 0.1959 0.3317 0.5094 0.3954 0.1496 0.1526 0.2288 0.4001 0.5004 0.2986 0.1400 0.1695 0.2720 0.4719 0.4652 0.1925 0.1415 0.1935 0.3268 0.5087 0.4015 0.1510 0.1516 0.2260 0.3946 0.5020 0.3067 0.1403 0.1680 0.2684 0.4672 0.4687 0.1987 0.1410 0.1915 0.3223 0.5078 0.4073 0.1526 0.1500 0.2150 0.2962 0.2150 0.1500 0.1526 0.4073 0.5078 0.3223 0.1915 0.1410 0.1987 0.4687 0.4672 0.2684 0.1680 0.1403 0.3067 0.5020 0.3946 0.2260 0.1516 0.1510 0.4015 0.5087 0.3268 0.1935 0.1415 0.1925 0.4652 0.4719 0.2720 0.1695 0.1400 0.2986 0.5004 0.4001 0.2288 0.1526 0.1496 0.3954 0.5094 0.3317 0.1959 0.1421 0.1854 0.4599 0.4793 0.2793 0.1734 0.1395 0.2631 0.4907
0.2598 0.1395 0.1742 0.2793 0.4776 0.4627 0.1907 0.1415 0.1932 0.3255 0.5084 0.4040 0.1517 0.1511 0.2246 0.3917 0.5029 0.3112 0.1405 0.1672 0.2664 0.4645 0.4706 0.2024 0.1408 0.1903 0.3198 0.5073 0.4104 0.1533 0.1501 0.2218 0.3862 0.5043 0.3192 0.1409 0.1658 0.2629 0.4594 0.4739 0.2093 0.1404 0.1884 0.3154 0.5060 0.4159 0.1551 0.1491 0.2178 0.3686 0.4933 0.3686 0.2178 0.1491 0.1551 0.4159 0.5060 0.3154 0.1884 0.1404 0.2093 0.4739 0.4594 0.2629 0.1658 0.1409 0.3192 0.5043 0.3862 0.2218 0.1501 0.1533 0.4104 0.5073 0.3198 0.1903 0.1408 0.2024 0.4706 0.4645 0.2664 0.1672 0.1405 0.3112 0.5029 0.3917 0.2246 0.1511 0.1517 0.4040 0.5084 0.3255 0.1932 0.1415 0.1907 0.4627 0.4776 0.2793 0.1742 0.1395 0.2598
0.1511 0.1761 0.2824 0.4793 0.4627 0.1928 0.1412 0.1914 0.3206 0.5072 0.4115 0.1539 0.1498 0.2206 0.3836 0.5049 0.3233 0.1411 0.1650 0.2610 0.4566 0.4756 0.2134 0.1403 0.1873 0.3130 0.5051 0.4189 0.1561 0.1487 0.2177 0.3779 0.5062 0.3313 0.1416 0.1636 0.2576 0.4513 0.4787 0.2210 0.1400 0.1853 0.3087 0.5034 0.4241 0.1580 0.1478 0.2148 0.3704 0.5074 0.4476 0.5074 0.3704 0.2148 0.1478 0.1580 0.4241 0.5034 0.3087 0.1853 0.1400 0.2210 0.4787 0.4513 0.2576 0.1636 0.1416 0.3313 0.5062 0.3779 0.2177 0.1487 0.1561 0.4189 0.5051 0.3130 0.1873 0.1403 0.2134 0.4756 0.4566 0.2610 0.1650 0.1411 0.3233 0.5049 0.3836 0.2206 0.1498 0.1539 0.4115 0.5072 0.3206 0.1914 0.1412 0.1928 0.4627 0.4793 0.2824 0.1761 0.1511
0.1847 0.2875 0.4837 0.4599 0.1907 0.1412 0.1907 0.3179 0.5062 0.4170 0.1559 0.1486 0.2171 0.3762 0.5066 0.3347 0.1419 0.1629 0.2559 0.4485 0.4803 0.2253 0.1399 0.1843 0.3063 0.5023 0.4270 0.1592 0.1474 0.2137 0.3697 0.5077 0.3431 0.1425 0.1616 0.2525 0.4430 0.4832 0.2334 0.1397 0.1825 0.3022 0.5001 0.4319 0.1615 0.1466 0.2112 0.3641 0.5085 0.3684 0.1786 0.3684 0.5085 0.3641 0.2112 0.1466 0.1615 0.4319 0.5001 0.3022 0.1825 0.1397 0.2334 0.4832 0.4430 0.2525 0.1616 0.1425 0.3431 0.5077 0.3697 0.2137 0.1474 0.1592 0.4270 0.5023 0.3063 0.1843 0.1399 0.2253 0.4803 0.4485 0.2559 0.1629 0.1419 0.3347 0.5066 0.3762 0.2171 0.1486 0.1559 0.4170 0.5062 0.3179 0.1907 0.1412 0.1907 0.4599 0.4837 0.2875 0.1847
0.2925 0.4892 0.4551 0.1854 0.1415 0.1914 0.3179 0.5058 0.4200 0.1574 0.1478 0.2143 0.3698 0.5078 0.3451 0.1427 0.1610 0.2510 0.4404 0.4845 0.2376 0.1396 0.1815 0.2999 0.4987 0.4346 0.1629 0.1461 0.2098 0.3617 0.5089 0.3544 0.1435 0.1596 0.2475 0.4345 0.4873 0.2462 0.1395 0.1797 0.2958 0.4960 0.4394 0.1657 0.1454 0.2074 0.3566 0.5094 0.3645 0.1453 0.1392 0.1453 0.3645 0.5094 0.3566 0.2074 0.1454 0.1657 0.4394 0.4960 0.2958 0.1797 0.1395 0.2462 0.4873 0.4345 0.2475 0.1596 0.1435 0.3544 0.5089 0.3617 0.2098 0.1461 0.1629 0.4346 0.4987 0.2999 0.1815 0.1396 0.2376 0.4845 0.4404 0.2510 0.1610 0.1427 0.3451 0.5078 0.3698 0.2143 0.1478 0.1574 0.4200 0.5058 0.3179 0.1914 0.1415 0.1854 0.4551 0.4892 0.2925
0.4888 0.4489 0.1789 0.1421 0.1932 0.3206 0.5062 0.4200 0.1580 0.1474 0.2124 0.3650 0.5087 0.3537 0.1436 0.1594 0.2465 0.4325 0.4884 0.2500 0.1394 0.1788 0.2937 0.4944 0.4418 0.1673 0.1450 0.2061 0.3539 0.5096 0.3654 0.1447 0.1577 0.2426 0.4259 0.4911 0.2593 0.1394 0.1770 0.2896 0.4911 0.4464 0.1706 0.1442 0.2038 0.3489 0.5099 0.3727 0.1458 0.1522 0.1875 0.1522 0.1458 0.3727 0.5099 0.3489 0.2038 0.1442 0.1706 0.4464 0.4911 0.2896 0.1770 0.1394 0.2593 0.4911 0.4259 0.2426 0.1577 0.1447 0.3654 0.5096 0.3539 0.2061 0.1450 0.1673 0.4418 0.4944 0.2937 0.1788 0.1394 0.2500 0.4884 0.4325 0.2465 0.1594 0.1436 0.3537 0.5087 0.3650 0.2124 0.1474 0.1580 0.4200 0.5062 0.3206 0.1932 0.1421 0.1789 0.4489 0.4888
0.4455 0.1727 0.1429 0.1959 0.3255 0.5072 0.4170 0.1574 0.1474 0.2118 0.3624 0.5091 0.3600 0.1444 0.1580 0.2427 0.4252 0.4917 0.2620 0.1394 0.1763 0.2878 0.4894 0.4486 0.1725 0.1439 0.2026 0.3463 0.5100 0.3758 0.1461 0.1559 0.2379 0.4173 0.4945 0.2724 0.1395 0.1744 0.2836 0.4854 0.4531 0.1766 0.1432 0.2003 0.3414 0.5100 0.3824 0.1472 0.1541 0.2262 0.3143 0.2262 0.1541 0.1472 0.3824 0.5100 0.3414 0.2003 0.1432 0.1766 0.4531 0.4854 0.2836 0.1744 0.1395 0.2724 0.4945 0.4173 0.2379 0.1559 0.1461 0.3758 0.5100 0.3463 0.2026 0.1439 0.1725 0.4486 0.4894 0.2878 0.1763 0.1394 0.2620 0.4917 0.4252 0.2427 0.1580 0.1444 0.3600 0.5091 0.3624 0.2118 0.1474 0.1574 0.4170 0.5072 0.3255 0.1959 0.1429 0.1727 0.4455
0.1786 0.1438 0.1990 0.3317 0.5084 0.4115 0.1559 0.1478 0.2124 0.3624 0.5093 0.3633 0.1449 0.1570 0.2396 0.4190 0.4944 0.2730 0.1395 0.1739 0.2823 0.4838 0.4549 0.1786 0.1429 0.1992 0.3390 0.5099 0.3857 0.1477 0.1542 0.2333 0.4087 0.4976 0.2856 0.1397 0.1719 0.2777 0.4790 0.4593 0.1838 0.1423 0.1968 0.3340 0.5096 0.3921 0.1489 0.1530 0.2290 0.3905 0.5025 0.3905 0.2290 0.1530 0.1489 0.3921 0.5096 0.3340 0.1968 0.1423 0.1838 0.4593 0.4790 0.2777 0.1719 0.1397 0.2856 0.4976 0.4087 0.2333 0.1542 0.1477 0.3857 0.5099 0.3390 0.1992 0.1429 0.1786 0.4549 0.4838 0.2823 0.1739 0.1395 0.2730 0.4944 0.4190 0.2396 0.1570 0.1449 0.3633 0.5093 0.3624 0.2124 0.1478 0.1559 0.4115 0.5084 0.3317 0.1990 0.1438 0.1786
0.1550 0.2025 0.3387 0.5094 0.4040 0.1539 0.1486 0.2143 0.3650 0.5091 0.3633 0.1451 0.1565 0.2376 0.4144 0.4964 0.2822 0.1397 0.1719 0.2772 0.4780 0.4605 0.1857 0.1420 0.1959 0.3319 0.5094 0.3951 0.1496 0.1527 0.2289 0.4003 0.5004 0.2984 0.1400 0.1695 0.2720 0.4720 0.4651 0.1924 0.1415 0.1935 0.3269 0.5087 0.4014 0.1510 0.1516 0.2258 0.3923 0.5036 0.4292 0.5036 0.3923 0.2258 0.1516 0.1510 0.4014 0.5087 0.3269 0.1935 0.1415 0.1924 0.4651 0.4720 0.2720 0.1695 0.1400 0.2984 0.5004 0.4003 0.2289 0.1527 0.1496 0.3951 0.5094 0.3319 0.1959 0.1420 0.1857 0.4605 0.4780 0.2772 0.1719 0.1397 0.2822 0.4964 0.4144 0.2376 0.1565 0.1451 0.3633 0.5091 0.3650 0.2143 0.1486 0.1539 0.4040 0.5094 0.3387 0.2025 0.1550
0.2102 0.3462 0.5099 0.3954 0.1517 0.1498 0.2171 0.3698 0.5087 0.3600 0.1449 0.1565 0.2370 0.4120 0.4976 0.2889 0.1398 0.1703 0.2730 0.4723 0.4654 0.1935 0.1413 0.1929 0.3251 0.5084 0.4040 0.1516 0.1512 0.2247 0.3920 0.5028 0.3108 0.1405 0.1672 0.2665 0.4645 0.4705 0.2023 0.1408 0.1904 0.3199 0.5073 0.4104 0.1533 0.1501 0.2218 0.3858 0.5045 0.3390 0.1622 0.3390 0.5045 0.3858 0.2218 0.1501 0.1533 0.4104 0.5073 0.3199 0.1904 0.1408 0.2023 0.4705 0.4645 0.2665 0.1672 0.1405 0.3108 0.5028 0.3920 0.2247 0.1512 0.1516 0.4040 0.5084 0.3251 0.1929 0.1413 0.1935 0.4654 0.4723 0.2730 0.1703 0.1398 0.2889 0.4976 0.4120 0.2370 0.1565 0.1449 0.3600 0.5087 0.3698 0.2171 0.1498 0.1517 0.3954 0.5099 0.3462 0.2102
0.3498 0.5101 0.3859 0.1496 0.1511 0.2206 0.3762 0.5078 0.3537 0.1444 0.1570 0.2376 0.4120 0.4980 0.2924 0.1400 0.1691 0.2696 0.4674 0.4694 0.2014 0.1408 0.1901 0.3188 0.5069 0.4124 0.1540 0.1497 0.2207 0.3839 0.5049 0.3229 0.1411 0.1651 0.2612 0.4568 0.4756 0.2133 0.1403 0.1873 0.3130 0.5052 0.4188 0.1560 0.1487 0.2177 0.3779 0.5062 0.3346 0.1418 0.1416 0.1418 0.3346 0.5062 0.3779 0.2177 0.1487 0.1560 0.4188 0.5052 0.3130 0.1873 0.1403 0.2133 0.4756 0.4568 0.2612 0.1651 0.1411 0.3229 0.5049 0.3839 0.2207 0.1497 0.1540 0.4124 0.5069 0.3188 0.1901 0.1408 0.2014 0.4694 0.4674 0.2696 0.1691 0.1400 0.2924 0.4980 0.4120 0.2376 0.1570 0.1444 0.3537 0.5078 0.3762 0.2206 0.1511 0.1496 0.3859 0.5101 0.3498
0.5087 0.3759 0.1478 0.1526 0.2246 0.3836 0.5066 0.3451 0.1436 0.1580 0.2396 0.4144 0.4976 0.2924 0.1400 0.1685 0.2675 0.4637 0.4724 0.2085 0.1404 0.1877 0.3132 0.5050 0.4199 0.1566 0.1484 0.2168 0.3759 0.5066 0.3345 0.1418 0.1630 0.2561 0.4488 0.4802 0.2249 0.1399 0.1844 0.3065 0.5023 0.4269 0.1592 0.1474 0.2137 0.3698 0.5077 0.3436 0.1425 0.1568 0.1963 0.1568 0.1425 0.3436 0.5077 0.3698 0.2137 0.1474 0.1592 0.4269 0.5023 0.3065 0.1844 0.1399 0.2249 0.4802 0.4488 0.2561 0.1630 0.1418 0.3345 0.5066 0.3759 0.2168 0.1484 0.1566 0.4199 0.5050 0.3132 0.1877 0.1404 0.2085 0.4724 0.4637 0.2675 0.1685 0.1400 0.2924 0.4976 0.4144 0.2396 0.1580 0.1436 0.3451 0.5066 0.3836 0.2246 0.1526 0.1478 0.3759 0.5087
0.3707 0.1461 0.1542 0.2288 0.3917 0.5049 0.3347 0.1427 0.1594 0.2427 0.4190 0.4964 0.2889 0.1400 0.1685 0.2668 0.4617 0.4743 0.2138 0.1401 0.1858 0.3085 0.5029 0.4264 0.1593 0.1473 0.2131 0.3682 0.5080 0.3458 0.1427 0.1610 0.2511 0.4407 0.4844 0.2371 0.1396 0.1816 0.3001 0.4988 0.4345 0.1628 0.1461 0.2099 0.3618 0.5089 0.3544 0.1435 0.1588 0.2384 0.3336 0.2384 0.1588 0.1435 0.3544 0.5089 0.3618 0.2099 0.1461 0.1628 0.4345 0.4988 0.3001 0.1816 0.1396 0.2371 0.4844 0.4407 0.2511 0.1610 0.1427 0.3458 0.5080 0.3682 0.2131 0.1473 0.1593 0.4264 0.5029 0.3085 0.1858 0.1401 0.2138 0.4743 0.4617 0.2668 0.1685 0.1400 0.2889 0.4964 0.4190 0.2427 0.1594 0.1427 0.3347 0.5049 0.3917 0.2288 0.1542 0.1461 0.3707
0.1566 0.1559 0.2332 0.4001 0.5029 0.3233 0.1419 0.1610 0.2465 0.4252 0.4944 0.2822 0.1398 0.1691 0.2675 0.4617 0.4749 0.2166 0.1400 0.1844 0.3049 0.5008 0.4318 0.1620 0.1463 0.2099 0.3612 0.5090 0.3563 0.1437 0.1592 0.2463 0.4324 0.4883 0.2496 0.1394 0.1789 0.2940 0.4946 0.4416 0.1671 0.1450 0.2062 0.3540 0.5096 0.3653 0.1447 0.1576 0.2411 0.4130 0.5068 0.4130 0.2411 0.1576 0.1447 0.3653 0.5096 0.3540 0.2062 0.1450 0.1671 0.4416 0.4946 0.2940 0.1789 0.1394 0.2496 0.4883 0.4324 0.2463 0.1592 0.1437 0.3563 0.5090 0.3612 0.2099 0.1463 0.1620 0.4318 0.5008 0.3049 0.1844 0.1400 0.2166 0.4749 0.4617 0.2675 0.1691 0.1398 0.2822 0.4944 0.4252 0.2465 0.1610 0.1419 0.3233 0.5029 0.4001 0.2332 0.1559 0.1566
0.1659 0.2379 0.4087 0.5004 0.3112 0.1411 0.1629 0.2510 0.4325 0.4917 0.2730 0.1397 0.1703 0.2696 0.4637 0.4743 0.2166 0.1400 0.1837 0.3026 0.4992 0.4359 0.1646 0.1454 0.2071 0.3550 0.5096 0.3658 0.1449 0.1575 0.2417 0.4242 0.4919 0.2624 0.1394 0.1763 0.2880 0.4896 0.4483 0.1722 0.1439 0.2027 0.3465 0.5100 0.3756 0.1461 0.1559 0.2376 0.4149 0.4974 0.4080 0.4974 0.4149 0.2376 0.1559 0.1461 0.3756 0.5100 0.3465 0.2027 0.1439 0.1722 0.4483 0.4896 0.2880 0.1763 0.1394 0.2624 0.4919 0.4242 0.2417 0.1575 0.1449 0.3658 0.5096 0.3550 0.2071 0.1454 0.1646 0.4359 0.4992 0.3026 0.1837 0.1400 0.2166 0.4743 0.4637 0.2696 0.1703 0.1397 0.2730 0.4917 0.4325 0.2510 0.1629 0.1411 0.3112 0.5004 0.4087 0.2379 0.1659
0.2444 0.4173 0.4977 0.2986 0.1405 0.1650 0.2559 0.4404 0.4884 0.2620 0.1395 0.1719 0.2730 0.4674 0.4724 0.2138 0.1400 0.1837 0.3019 0.4982 0.4384 0.1665 0.1448 0.2049 0.3498 0.5099 0.3740 0.1460 0.1559 0.2375 0.4162 0.4951 0.2750 0.1395 0.1738 0.2822 0.4839 0.4547 0.1783 0.1429 0.1993 0.3393 0.5100 0.3854 0.1477 0.1543 0.2333 0.4084 0.4981 0.3065 0.1520 0.3065 0.4981 0.4084 0.2333 0.1543 0.1477 0.3854 0.5100 0.3393 0.1993 0.1429 0.1783 0.4547 0.4839 0.2822 0.1738 0.1395 0.2750 0.4951 0.4162 0.2375 0.1559 0.1460 0.3740 0.5099 0.3498 0.2049 0.1448 0.1665 0.4384 0.4982 0.3019 0.1837 0.1400 0.2138 0.4724 0.4674 0.2730 0.1719 0.1395 0.2620 0.4884 0.4404 0.2559 0.1650 0.1405 0.2986 0.4977 0.4173 0.2444
0.4191 0.4947 0.2856 0.1400 0.1672 0.2610 0.4485 0.4845 0.2500 0.1394 0.1739 0.2772 0.4723 0.4694 0.2085 0.1401 0.1844 0.3026 0.4982 0.4392 0.1676 0.1445 0.2034 0.3458 0.5100 0.3808 0.1472 0.1546 0.2338 0.4088 0.4978 0.2870 0.1397 0.1715 0.2766 0.4776 0.4606 0.1857 0.1421 0.1960 0.3322 0.5095 0.3947 0.1495 0.1527 0.2291 0.4004 0.5004 0.3016 0.1396 0.1446 0.1396 0.3016 0.5004 0.4004 0.2291 0.1527 0.1495 0.3947 0.5095 0.3322 0.1960 0.1421 0.1857 0.4606 0.4776 0.2766 0.1715 0.1397 0.2870 0.4978 0.4088 0.2338 0.1546 0.1472 0.3808 0.5100 0.3458 0.2034 0.1445 0.1676 0.4392 0.4982 0.3026 0.1844 0.1401 0.2085 0.4694 0.4723 0.2772 0.1739 0.1394 0.2500 0.4845 0.4485 0.2610 0.1672 0.1400 0.2856 0.4947 0.4191
0.4926 0.2725 0.1397 0.1695 0.2664 0.4566 0.4803 0.2376 0.1394 0.1763 0.2823 0.4780 0.4654 0.2014 0.1404 0.1858 0.3049 0.4992 0.4384 0.1676 0.1443 0.2026 0.3434 0.5100 0.3858 0.1482 0.1535 0.2306 0.4023 0.5001 0.2980 0.1400 0.1693 0.2713 0.4708 0.4661 0.1943 0.1413 0.1928 0.3252 0.5084 0.4037 0.1515 0.1512 0.2249 0.3923 0.5027 0.3112 0.1404 0.1621 0.2061 0.1621 0.1404 0.3112 0.5027 0.3923 0.2249 0.1512 0.1515 0.4037 0.5084 0.3252 0.1928 0.1413 0.1943 0.4661 0.4708 0.2713 0.1693 0.1400 0.2980 0.5001 0.4023 0.2306 0.1535 0.1482 0.3858 0.5100 0.3434 0.2026 0.1443 0.1676 0.4384 0.4992 0.3049 0.1858 0.1404 0.2014 0.4654 0.4780 0.2823 0.1763 0.1394 0.2376 0.4803 0.4566 0.2664 0.1695 0.1397 0.2725 0.4926
0.2674 0.1395 0.1719 0.2720 0.4645 0.4756 0.2253 0.1396 0.1788 0.2878 0.4838 0.4605 0.1935 0.1408 0.1877 0.3085 0.5008 0.4359 0.1665 0.1445 0.2026 0.3425 0.5100 0.3889 0.1490 0.1527 0.2281 0.3968 0.5019 0.3075 0.1404 0.1674 0.2665 0.4640 0.4711 0.2039 0.1407 0.1898 0.3185 0.5069 0.4122 0.1539 0.1498 0.2208 0.3842 0.5048 0.3227 0.1411 0.1643 0.2520 0.3548 0.2520 0.1643 0.1411 0.3227 0.5048 0.3842 0.2208 0.1498 0.1539 0.4122 0.5069 0.3185 0.1898 0.1407 0.2039 0.4711 0.4640 0.2665 0.1674 0.1404 0.3075 0.5019 0.3968 0.2281 0.1527 0.1490 0.3889 0.5100 0.3425 0.2026 0.1445 0.1665 0.4359 0.5008 0.3085 0.1877 0.1408 0.1935 0.4605 0.4838 0.2878 0.1788 0.1396 0.2253 0.4756 0.4645 0.2720 0.1719 0.1395 0.2674
0.1511 0.1744 0.2777 0.4719 0.4706 0.2134 0.1399 0.1815 0.2937 0.4894 0.4549 0.1857 0.1413 0.1901 0.3132 0.5029 0.4318 0.1646 0.1448 0.2034 0.3434 0.5100 0.3899 0.1494 0.1522 0.2263 0.3927 0.5032 0.3154 0.1408 0.1657 0.2622 0.4575 0.4755 0.2139 0.1402 0.1869 0.3120 0.5047 0.4204 0.1566 0.1484 0.2169 0.3762 0.5065 0.3342 0.1418 0.1629 0.2547 0.4364 0.5073 0.4364 0.2547 0.1629 0.1418 0.3342 0.5065 0.3762 0.2169 0.1484 0.1566 0.4204 0.5047 0.3120 0.1869 0.1402 0.2139 0.4755 0.4575 0.2622 0.1657 0.1408 0.3154 0.5032 0.3927 0.2263 0.1522 0.1494 0.3899 0.5100 0.3434 0.2034 0.1448 0.1646 0.4318 0.5029 0.3132 0.1901 0.1413 0.1857 0.4549 0.4894 0.2937 0.1815 0.1399 0.2134 0.4706 0.4719 0.2777 0.1744 0.1511
0.1832 0.2836 0.4789 0.4652 0.2024 0.1403 0.1843 0.2999 0.4944 0.4486 0.1786 0.1420 0.1929 0.3188 0.5050 0.4264 0.1620 0.1454 0.2049 0.3458 0.5100 0.3889 0.1494 0.1521 0.2254 0.3901 0.5041 0.3214 0.1412 0.1644 0.2585 0.4514 0.4793 0.2237 0.1399 0.1843 0.3059 0.5020 0.4280 0.1597 0.1472 0.2130 0.3683 0.5080 0.3454 0.1427 0.1611 0.2510 0.4386 0.4886 0.3830 0.4886 0.4386 0.2510 0.1611 0.1427 0.3454 0.5080 0.3683 0.2130 0.1472 0.1597 0.4280 0.5020 0.3059 0.1843 0.1399 0.2237 0.4793 0.4514 0.2585 0.1644 0.1412 0.3214 0.5041 0.3901 0.2254 0.1521 0.1494 0.3889 0.5100 0.3458 0.2049 0.1454 0.1620 0.4264 0.5050 0.3188 0.1929 0.1420 0.1786 0.4486 0.4944 0.2999 0.1843 0.1403 0.2024 0.4652 0.4789 0.2836 0.1832
0.2888 0.4855 0.4593 0.1925 0.1408 0.1873 0.3063 0.4987 0.4418 0.1725 0.1429 0.1959 0.3251 0.5069 0.4199 0.1593 0.1463 0.2071 0.3498 0.5100 0.3858 0.1490 0.1522 0.2254 0.3892 0.5045 0.3251 0.1415 0.1634 0.2557 0.4463 0.4823 0.2328 0.1397 0.1819 0.3003 0.4988 0.4350 0.1633 0.1460 0.2093 0.3605 0.5090 0.3563 0.1437 0.1592 0.2464 0.4322 0.4889 0.2706 0.1452 0.2706 0.4889 0.4322 0.2464 0.1592 0.1437 0.3563 0.5090 0.3605 0.2093 0.1460 0.1633 0.4350 0.4988 0.3003 0.1819 0.1397 0.2328 0.4823 0.4463 0.2557 0.1634 0.1415 0.3251 0.5045 0.3892 0.2254 0.1522 0.1490 0.3858 0.5100 0.3498 0.2071 0.1463 0.1593 0.4199 0.5069 0.3251 0.1959 0.1429 0.1725 0.4418 0.4987 0.3063 0.1873 0.1408 0.1925 0.4593 0.4855 0.2888
0.4853 0.4532 0.1839 0.1415 0.1903 0.3130 0.5023 0.4346 0.1673 0.1439 0.1992 0.3319 0.5084 0.4124 0.1566 0.1473 0.2099 0.3550 0.5099 0.3808 0.1482 0.1527 0.2263 0.3901 0.5045 0.3264 0.1416 0.1628 0.2537 0.4424 0.4846 0.2406 0.1395 0.1799 0.2955 0.4952 0.4412 0.1672 0.1449 0.2059 0.3531 0.5097 0.3668 0.1449 0.1574 0.2418 0.4242 0.4919 0.2655 0.1383 0.1483 0.1383 0.2655 0.4919 0.4242 0.2418 0.1574 0.1449 0.3668 0.5097 0.3531 0.2059 0.1449 0.1672 0.4412 0.4952 0.2955 0.1799 0.1395 0.2406 0.4846 0.4424 0.2537 0.1628 0.1416 0.3264 0.5045 0.3901 0.2263 0.1527 0.1482 0.3808 0.5099 0.3550 0.2099 0.1473 0.1566 0.4124 0.5084 0.3319 0.1992 0.1439 0.1673 0.4346 0.5023 0.3130 0.1903 0.1415 0.1839 0.4532 0.4853
0.4498 0.1766 0.1423 0.1935 0.3198 0.5051 0.4270 0.1629 0.1450 0.2026 0.3390 0.5094 0.4040 0.1540 0.1484 0.2131 0.3612 0.5096 0.3740 0.1472 0.1535 0.2281 0.3927 0.5041 0.3251 0.1416 0.1625 0.2526 0.4399 0.4862 0.2465 0.1395 0.1783 0.2913 0.4917 0.4466 0.1714 0.1440 0.2027 0.3461 0.5100 0.3767 0.1463 0.1557 0.2372 0.4160 0.4951 0.2754 0.1394 0.1682 0.2172 0.1682 0.1394 0.2754 0.4951 0.4160 0.2372 0.1557 0.1463 0.3767 0.5100 0.3461 0.2027 0.1440 0.1714 0.4466 0.4917 0.2913 0.1783 0.1395 0.2465 0.4862 0.4399 0.2526 0.1625 0.1416 0.3251 0.5041 0.3927 0.2281 0.1535 0.1472 0.3740 0.5096 0.3612 0.2131 0.1484 0.1540 0.4040 0.5094 0.3390 0.2026 0.1450 0.1629 0.4270 0.5051 0.3198 0.1935 0.1423 0.1766 0.4498
0.1818 0.1432 0.1968 0.3268 0.5073 0.4189 0.1592 0.1461 0.2061 0.3463 0.5099 0.3951 0.1516 0.1497 0.2168 0.3682 0.5090 0.3658 0.1460 0.1546 0.2306 0.3968 0.5032 0.3214 0.1415 0.1628 0.2526 0.4390 0.4870 0.2503 0.1394 0.1770 0.2881 0.4885 0.4510 0.1756 0.1432 0.1999 0.3399 0.5100 0.3857 0.1478 0.1541 0.2328 0.4077 0.4980 0.2876 0.1397 0.1706 0.2669 0.3777 0.2669 0.1706 0.1397 0.2876 0.4980 0.4077 0.2328 0.1541 0.1478 0.3857 0.5100 0.3399 0.1999 0.1432 0.1756 0.4510 0.4885 0.2881 0.1770 0.1394 0.2503 0.4870 0.4390 0.2526 0.1628 0.1415 0.3214 0.5032 0.3968 0.2306 0.1546 0.1460 0.3658 0.5090 0.3682 0.2168 0.1497 0.1516 0.3951 0.5099 0.3463 0.2061 0.1461 0.1592 0.4189 0.5073 0.3268 0.1968 0.1432 0.1818
0.1544 0.2003 0.3340 0.5087 0.4104 0.1561 0.1474 0.2098 0.3539 0.5100 0.3857 0.1496 0.1512 0.2207 0.3759 0.5080 0.3563 0.1449 0.1559 0.2338 0.4023 0.5019 0.3154 0.1412 0.1634 0.2537 0.4399 0.4870 0.2516 0.1394 0.1763 0.2859 0.4858 0.4544 0.1796 0.1426 0.1975 0.3344 0.5096 0.3938 0.1494 0.1527 0.2288 0.3996 0.5007 0.2999 0.1401 0.1690 0.2696 0.4592 0.5046 0.4592 0.2696 0.1690 0.1401 0.2999 0.5007 0.3996 0.2288 0.1527 0.1494 0.3938 0.5096 0.3344 0.1975 0.1426 0.1796 0.4544 0.4858 0.2859 0.1763 0.1394 0.2516 0.4870 0.4399 0.2537 0.1634 0.1412 0.3154 0.5019 0.4023 0.2338 0.1559 0.1449 0.3563 0.5080 0.3759 0.2207 0.1512 0.1496 0.3857 0.5100 0.3539 0.2098 0.1474 0.1561 0.4104 0.5087 0.3340 0.2003 0.1544
0.2080 0.3414 0.5096 0.4015 0.1533 0.1487 0.2137 0.3617 0.5096 0.3758 0.1477 0.1527 0.2247 0.3839 0.5066 0.3458 0.1437 0.1575 0.2375 0.4088 0.5001 0.3075 0.1408 0.1644 0.2557 0.4424 0.4862 0.2503 0.1394 0.1761 0.2848 0.4841 0.4566 0.1829 0.1421 0.1955 0.3297 0.5090 0.4007 0.1511 0.1514 0.2250 0.3921 0.5029 0.3117 0.1405 0.1669 0.2655 0.4613 0.4772 0.3544 0.4772 0.4613 0.2655 0.1669 0.1405 0.3117 0.5029 0.3921 0.2250 0.1514 0.1511 0.4007 0.5090 0.3297 0.1955 0.1421 0.1829 0.4566 0.4841 0.2848 0.1761 0.1394 0.2503 0.4862 0.4424 0.2557 0.1644 0.1408 0.3075 0.5001 0.4088 0.2375 0.1575 0.1437 0.3458 0.5066 0.3839 0.2247 0.1527 0.1477 0.3758 0.5096 0.3617 0.2137 0.1487 0.1533 0.4015 0.5096 0.3414 0.2080
0.3451 0.5101 0.3922 0.1510 0.1501 0.2177 0.3697 0.5089 0.3654 0.1461 0.1542 0.2289 0.3920 0.5049 0.3345 0.1427 0.1592 0.2417 0.4162 0.4978 0.2980 0.1404 0.1657 0.2585 0.4463 0.4846 0.2465 0.1394 0.1763 0.2848 0.4836 0.4578 0.1850 0.1418 0.1941 0.3261 0.5083 0.4065 0.1527 0.1503 0.2217 0.3852 0.5047 0.3226 0.1411 0.1649 0.2607 0.4555 0.4772 0.2344 0.1407 0.2344 0.4772 0.4555 0.2607 0.1649 0.1411 0.3226 0.5047 0.3852 0.2217 0.1503 0.1527 0.4065 0.5083 0.3261 0.1941 0.1418 0.1850 0.4578 0.4836 0.2848 0.1763 0.1394 0.2465 0.4846 0.4463 0.2585 0.1657 0.1404 0.2980 0.4978 0.4162 0.2417 0.1592 0.1427 0.3345 0.5049 0.3920 0.2289 0.1542 0.1461 0.3654 0.5089 0.3697 0.2177 0.1501 0.1510 0.3922 0.5101 0.3451
0.5087 0.3824 0.1490 0.1516 0.2218 0.3779 0.5077 0.3544 0.1447 0.1559 0.2333 0.4003 0.5028 0.3229 0.1418 0.1610 0.2463 0.4242 0.4951 0.2870 0.1400 0.1674 0.2622 0.4514 0.4823 0.2406 0.1395 0.1770 0.2859 0.4841 0.4578 0.1858 0.1417 0.1932 0.3236 0.5077 0.4109 0.1541 0.1494 0.2189 0.3791 0.5062 0.3325 0.1418 0.1631 0.2560 0.4483 0.4807 0.2295 0.1381 0.1526 0.1381 0.2295 0.4807 0.4483 0.2560 0.1631 0.1418 0.3325 0.5062 0.3791 0.2189 0.1494 0.1541 0.4109 0.5077 0.3236 0.1932 0.1417 0.1858 0.4578 0.4841 0.2859 0.1770 0.1395 0.2406 0.4823 0.4514 0.2622 0.1674 0.1400 0.2870 0.4951 0.4242 0.2463 0.1610 0.1418 0.3229 0.5028 0.4003 0.2333 0.1559 0.1447 0.3544 0.5077 0.3779 0.2218 0.1516 0.1490 0.3824 0.5087
0.3773 0.1472 0.1532 0.2260 0.3862 0.5062 0.3431 0.1435 0.1577 0.2379 0.4087 0.5004 0.3108 0.1411 0.1630 0.2511 0.4324 0.4919 0.2750 0.1397 0.1693 0.2665 0.4575 0.4793 0.2328 0.1395 0.1783 0.2881 0.4858 0.4566 0.1850 0.1417 0.1929 0.3223 0.5072 0.4138 0.1553 0.1487 0.2166 0.3740 0.5072 0.3410 0.1424 0.1614 0.2517 0.4410 0.4844 0.2384 0.1393 0.1752 0.2294 0.1752 0.1393 0.2384 0.4844 0.4410 0.2517 0.1614 0.1424 0.3410 0.5072 0.3740 0.2166 0.1487 0.1553 0.4138 0.5072 0.3223 0.1929 0.1417 0.1850 0.4566 0.4858 0.2881 0.1783 0.1395 0.2328 0.4793 0.4575 0.2665 0.1693 0.1397 0.2750 0.4919 0.4324 0.2511 0.1630 0.1411 0.3108 0.5004 0.4087 0.2379 0.1577 0.1435 0.3431 0.5062 0.3862 0.2260 0.1532 0.1472 0.3773
0.1575 0.1548 0.2304 0.3946 0.5043 0.3313 0.1425 0.1596 0.2426 0.4173 0.4976 0.2984 0.1405 0.1651 0.2561 0.4407 0.4883 0.2624 0.1395 0.1715 0.2713 0.4640 0.4755 0.2237 0.1397 0.1799 0.2913 0.4885 0.4544 0.1829 0.1418 0.1932 0.3223 0.5070 0.4154 0.1560 0.1482 0.2150 0.3699 0.5080 0.3482 0.1431 0.1600 0.2478 0.4342 0.4878 0.2490 0.1394 0.1778 0.2834 0.4018 0.2834 0.1778 0.1394 0.2490 0.4878 0.4342 0.2478 0.1600 0.1431 0.3482 0.5080 0.3699 0.2150 0.1482 0.1560 0.4154 0.5070 0.3223 0.1932 0.1418 0.1829 0.4544 0.4885 0.2913 0.1799 0.1397 0.2237 0.4755 0.4640 0.2713 0.1715 0.1395 0.2624 0.4883 0.4407 0.2561 0.1651 0.1405 0.2984 0.4976 0.4173 0.2426 0.1596 0.1425 0.3313 0.5043 0.3946 0.2304 0.1548 0.1575
0.1648 0.2349 0.4032 0.5020 0.3192 0.1416 0.1616 0.2475 0.4259 0.4945 0.2856 0.1400 0.1672 0.2612 0.4488 0.4844 0.2496 0.1394 0.1738 0.2766 0.4708 0.4711 0.2139 0.1399 0.1819 0.2955 0.4917 0.4510 0.1796 0.1421 0.1941 0.3236 0.5072 0.4154 0.1563 0.1480 0.2139 0.3672 0.5085 0.3536 0.1437 0.1588 0.2446 0.4280 0.4907 0.2594 0.1394 0.1763 0.2863 0.4798 0.4992 0.4798 0.2863 0.1763 0.1394 0.2594 0.4907 0.4280 0.2446 0.1588 0.1437 0.3536 0.5085 0.3672 0.2139 0.1480 0.1563 0.4154 0.5072 0.3236 0.1941 0.1421 0.1796 0.4510 0.4917 0.2955 0.1819 0.1399 0.2139 0.4711 0.4708 0.2766 0.1738 0.1394 0.2496 0.4844 0.4488 0.2612 0.1672 0.1400 0.2856 0.4945 0.4259 0.2475 0.1616 0.1416 0.3192 0.5020 0.4032 0.2349 0.1648
0.2415 0.4118 0.4995 0.3067 0.1409 0.1636 0.2525 0.4345 0.4911 0.2724 0.1397 0.1695 0.2665 0.4568 0.4802 0.2371 0.1394 0.1763 0.2822 0.4776 0.4661 0.2039 0.1402 0.1843 0.3003 0.4952 0.4466 0.1756 0.1426 0.1955 0.3261 0.5077 0.4138 0.1560 0.1480 0.2136 0.3658 0.5088 0.3574 0.1442 0.1579 0.2419 0.4228 0.4931 0.2688 0.1395 0.1744 0.2827 0.4825 0.4625 0.3213 0.4625 0.4825 0.2827 0.1744 0.1395 0.2688 0.4931 0.4228 0.2419 0.1579 0.1442 0.3574 0.5088 0.3658 0.2136 0.1480 0.1560 0.4138 0.5077 0.3261 0.1955 0.1426 0.1756 0.4466 0.4952 0.3003 0.1843 0.1402 0.2039 0.4661 0.4776 0.2822 0.1763 0.1394 0.2371 0.4802 0.4568 0.2665 0.1695 0.1397 0.2724 0.4911 0.4345 0.2525 0.1636 0.1409 0.3067 0.4995 0.4118 0.2415
0.4137 0.4967 0.2940 0.1403 0.1658 0.2576 0.4430 0.4873 0.2593 0.1395 0.1719 0.2720 0.4645 0.4756 0.2249 0.1396 0.1789 0.2880 0.4839 0.4606 0.1943 0.1407 0.1869 0.3059 0.4988 0.4412 0.1714 0.1432 0.1975 0.3297 0.5083 0.4109 0.1553 0.1482 0.2139 0.3658 0.5089 0.3593 0.1445 0.1573 0.2400 0.4186 0.4949 0.2768 0.1396 0.1726 0.2786 0.4789 0.4611 0.1994 0.1379 0.1994 0.4611 0.4789 0.2786 0.1726 0.1396 0.2768 0.4949 0.4186 0.2400 0.1573 0.1445 0.3593 0.5089 0.3658 0.2139 0.1482 0.1553 0.4109 0.5083 0.3297 0.1975 0.1432 0.1714 0.4412 0.4988 0.3059 0.1869 0.1407 0.1943 0.4606 0.4839 0.2880 0.1789 0.1396 0.2249 0.4756 0.4645 0.2720 0.1719 0.1395 0.2593 0.4873 0.4430 0.2576 0.1658 0.1403 0.2940 0.4967 0.4137
0.4947 0.2810 0.1399 0.1680 0.2629 0.4513 0.4832 0.2462 0.1394 0.1744 0.2777 0.4720 0.4705 0.2133 0.1399 0.1816 0.2940 0.4896 0.4547 0.1857 0.1413 0.1898 0.3120 0.5020 0.4350 0.1672 0.1440 0.1999 0.3344 0.5090 0.4065 0.1541 0.1487 0.2150 0.3672 0.5088 0.3593 0.1447 0.1570 0.2388 0.4158 0.4962 0.2831 0.1397 0.1712 0.2749 0.4743 0.4643 0.1942 0.1391 0.1581 0.1391 0.1942 0.4643 0.4743 0.2749 0.1712 0.1397 0.2831 0.4962 0.4158 0.2388 0.1570 0.1447 0.3593 0.5088 0.3672 0.2150 0.1487 0.1541 0.4065 0.5090 0.3344 0.1999 0.1440 0.1672 0.4350 0.5020 0.3120 0.1898 0.1413 0.1857 0.4547 0.4896 0.2940 0.1816 0.1399 0.2133 0.4705 0.4720 0.2777 0.1744 0.1394 0.2462 0.4832 0.4513 0.2629 0.1680 0.1399 0.2810 0.4947
0.2756 0.1396 0.1703 0.2684 0.4594 0.4787 0.2334 0.1395 0.1770 0.2836 0.4790 0.4651 0.2023 0.1403 0.1844 0.3001 0.4946 0.4483 0.1783 0.1421 0.1928 0.3185 0.5047 0.4280 0.1633 0.1449 0.2027 0.3399 0.5096 0.4007 0.1527 0.1494 0.2166 0.3699 0.5085 0.3574 0.1445 0.1570 0.2384 0.4143 0.4970 0.2874 0.1398 0.1701 0.2718 0.4701 0.4677 0.1990 0.1406 0.1841 0.2445 0.1841 0.1406 0.1990 0.4677 0.4701 0.2718 0.1701 0.1398 0.2874 0.4970 0.4143 0.2384 0.1570 0.1445 0.3574 0.5085 0.3699 0.2166 0.1494 0.1527 0.4007 0.5096 0.3399 0.2027 0.1449 0.1633 0.4280 0.5047 0.3185 0.1928 0.1421 0.1783 0.4483 0.4946 0.3001 0.1844 0.1403 0.2023 0.4651 0.4790 0.2836 0.1770 0.1395 0.2334 0.4787 0.4594 0.2684 0.1703 0.1396 0.2756
0.1512 0.1728 0.2740 0.4672 0.4739 0.2210 0.1397 0.1797 0.2896 0.4854 0.4593 0.1924 0.1408 0.1873 0.3065 0.4988 0.4416 0.1722 0.1429 0.1960 0.3252 0.5069 0.4204 0.1597 0.1460 0.2059 0.3461 0.5100 0.3938 0.1511 0.1503 0.2189 0.3740 0.5080 0.3536 0.1442 0.1573 0.2388 0.4143 0.4972 0.2896 0.1399 0.1693 0.2696 0.4665 0.4706 0.2048 0.1405 0.1875 0.3043 0.4301 0.3043 0.1875 0.1405 0.2048 0.4706 0.4665 0.2696 0.1693 0.1399 0.2896 0.4972 0.4143 0.2388 0.1573 0.1442 0.3536 0.5080 0.3740 0.2189 0.1503 0.1511 0.3938 0.5100 0.3461 0.2059 0.1460 0.1597 0.4204 0.5069 0.3252 0.1960 0.1429 0.1722 0.4416 0.4988 0.3065 0.1873 0.1408 0.1924 0.4593 0.4854 0.2896 0.1797 0.1397 0.2210 0.4739 0.4672 0.2740 0.1728 0.1512
0.1817 0.2798 0.4745 0.4687 0.2093 0.1400 0.1825 0.2958 0.4911 0.4531 0.1838 0.1415 0.1904 0.3130 0.5023 0.4345 0.1671 0.1439 0.1993 0.3322 0.5084 0.4122 0.1566 0.1472 0.2093 0.3531 0.5100 0.3857 0.1494 0.1514 0.2217 0.3791 0.5072 0.3482 0.1437 0.1579 0.2400 0.4158 0.4970 0.2896 0.1400 0.1689 0.2682 0.4640 0.4726 0.2099 0.1403 0.1865 0.3086 0.4977 0.4894 0.4977 0.3086 0.1865 0.1403 0.2099 0.4726 0.4640 0.2682 0.1689 0.1400 0.2896 0.4970 0.4158 0.2400 0.1579 0.1437 0.3482 0.5072 0.3791 0.2217 0.1514 0.1494 0.3857 0.5100 0.3531 0.2093 0.1472 0.1566 0.4122 0.5084 0.3322 0.1993 0.1439 0.1671 0.4345 0.5023 0.3130 0.1904 0.1415 0.1838 0.4531 0.4911 0.2958 0.1825 0.1400 0.2093 0.4687 0.4745 0.2798 0.1817
0.2851 0.4814 0.4631 0.1987 0.1404 0.1853 0.3022 0.4960 0.4464 0.1766 0.1423 0.1935 0.3199 0.5052 0.4269 0.1628 0.1450 0.2027 0.3393 0.5095 0.4037 0.1539 0.1484 0.2130 0.3605 0.5097 0.3767 0.1478 0.1527 0.2250 0.3852 0.5062 0.3410 0.1431 0.1588 0.2419 0.4186 0.4962 0.2874 0.1399 0.1689 0.2678 0.4627 0.4739 0.2136 0.1401 0.1853 0.3066 0.5007 0.4403 0.2768 0.4403 0.5007 0.3066 0.1853 0.1401 0.2136 0.4739 0.4627 0.2678 0.1689 0.1399 0.2874 0.4962 0.4186 0.2419 0.1588 0.1431 0.3410 0.5062 0.3852 0.2250 0.1527 0.1478 0.3767 0.5097 0.3605 0.2130 0.1484 0.1539 0.4037 0.5095 0.3393 0.2027 0.1450 0.1628 0.4269 0.5052 0.3199 0.1935 0.1423 0.1766 0.4464 0.4960 0.3022 0.1853 0.1404 0.1987 0.4631 0.4814 0.2851
0.4814 0.4572 0.1892 0.1410 0.1884 0.3087 0.5001 0.4394 0.1706 0.1432 0.1968 0.3269 0.5073 0.4188 0.1592 0.1461 0.2062 0.3465 0.5100 0.3947 0.1515 0.1498 0.2169 0.3683 0.5090 0.3668 0.1463 0.1541 0.2288 0.3921 0.5047 0.3325 0.1424 0.1600 0.2446 0.4228 0.4949 0.2831 0.1398 0.1693 0.2682 0.4627 0.4743 0.2156 0.1400 0.1844 0.3042 0.5000 0.4356 0.1700 0.1365 0.1700 0.4356 0.5000 0.3042 0.1844 0.1400 0.2156 0.4743 0.4627 0.2682 0.1693 0.1398 0.2831 0.4949 0.4228 0.2446 0.1600 0.1424 0.3325 0.5047 0.3921 0.2288 0.1541 0.1463 0.3668 0.5090 0.3683 0.2169 0.1498 0.1515 0.3947 0.5100 0.3465 0.2062 0.1461 0.1592 0.4188 0.5073 0.3269 0.1968 0.1432 0.1706 0.4394 0.5001 0.3087 0.1884 0.1410 0.1892 0.4572 0.4814
0.4540 0.1811 0.1417 0.1915 0.3154 0.5034 0.4319 0.1657 0.1442 0.2003 0.3340 0.5087 0.4104 0.1560 0.1474 0.2099 0.3540 0.5100 0.3854 0.1495 0.1512 0.2208 0.3762 0.5080 0.3563 0.1449 0.1557 0.2328 0.3996 0.5029 0.3226 0.1418 0.1614 0.2478 0.4280 0.4931 0.2768 0.1397 0.1701 0.2696 0.4640 0.4739 0.2156 0.1400 0.1839 0.3027 0.4989 0.4370 0.1664 0.1421 0.1662 0.1421 0.1664 0.4370 0.4989 0.3027 0.1839 0.1400 0.2156 0.4739 0.4640 0.2696 0.1701 0.1397 0.2768 0.4931 0.4280 0.2478 0.1614 0.1418 0.3226 0.5029 0.3996 0.2328 0.1557 0.1449 0.3563 0.5080 0.3762 0.2208 0.1512 0.1495 0.3854 0.5100 0.3540 0.2099 0.1474 0.1560 0.4104 0.5087 0.3340 0.2003 0.1442 0.1657 0.4319 0.5034 0.3154 0.1915 0.1417 0.1811 0.4540
0.1853 0.1426 0.1947 0.3223 0.5060 0.4241 0.1615 0.1454 0.2038 0.3414 0.5096 0.4014 0.1533 0.1487 0.2137 0.3618 0.5096 0.3756 0.1477 0.1527 0.2249 0.3842 0.5065 0.3454 0.1437 0.1574 0.2372 0.4077 0.5007 0.3117 0.1411 0.1631 0.2517 0.4342 0.4907 0.2688 0.1396 0.1712 0.2718 0.4665 0.4726 0.2136 0.1400 0.1839 0.3022 0.4983 0.4385 0.1670 0.1442 0.1971 0.2660 0.1971 0.1442 0.1670 0.4385 0.4983 0.3022 0.1839 0.1400 0.2136 0.4726 0.4665 0.2718 0.1712 0.1396 0.2688 0.4907 0.4342 0.2517 0.1631 0.1411 0.3117 0.5007 0.4077 0.2372 0.1574 0.1437 0.3454 0.5065 0.3842 0.2249 0.1527 0.1477 0.3756 0.5096 0.3618 0.2137 0.1487 0.1533 0.4014 0.5096 0.3414 0.2038 0.1454 0.1615 0.4241 0.5060 0.3223 0.1947 0.1426 0.1853
0.1539 0.1981 0.3294 0.5078 0.4159 0.1580 0.1466 0.2074 0.3489 0.5100 0.3921 0.1510 0.1501 0.2177 0.3698 0.5089 0.3653 0.1461 0.1543 0.2291 0.3923 0.5048 0.3342 0.1427 0.1592 0.2418 0.4160 0.4980 0.2999 0.1405 0.1649 0.2560 0.4410 0.4878 0.2594 0.1395 0.1726 0.2749 0.4701 0.4706 0.2099 0.1401 0.1844 0.3027 0.4983 0.4391 0.1676 0.1443 0.2019 0.3341 0.4647 0.3341 0.2019 0.1443 0.1676 0.4391 0.4983 0.3027 0.1844 0.1401 0.2099 0.4706 0.4701 0.2749 0.1726 0.1395 0.2594 0.4878 0.4410 0.2560 0.1649 0.1405 0.2999 0.4980 0.4160 0.2418 0.1592 0.1427 0.3342 0.5048 0.3923 0.2291 0.1543 0.1461 0.3653 0.5089 0.3698 0.2177 0.1501 0.1510 0.3921 0.5100 0.3489 0.2074 0.1466 0.1580 0.4159 0.5078 0.3294 0.1981 0.1539
0.2059 0.3366 0.5091 0.4073 0.1551 0.1478 0.2112 0.3566 0.5099 0.3824 0.1489 0.1516 0.2218 0.3779 0.5077 0.3544 0.1447 0.1559 0.2333 0.4004 0.5027 0.3227 0.1418 0.1611 0.2464 0.4242 0.4951 0.2876 0.1401 0.1669 0.2607 0.4483 0.4844 0.2490 0.1394 0.1744 0.2786 0.4743 0.4677 0.2048 0.1403 0.1853 0.3042 0.4989 0.4385 0.1676 0.1443 0.2022 0.3410 0.5079 0.4714 0.5079 0.3410 0.2022 0.1443 0.1676 0.4385 0.4989 0.3042 0.1853 0.1403 0.2048 0.4677 0.4743 0.2786 0.1744 0.1394 0.2490 0.4844 0.4483 0.2607 0.1669 0.1401 0.2876 0.4951 0.4242 0.2464 0.1611 0.1418 0.3227 0.5027 0.4004 0.2333 0.1559 0.1447 0.3544 0.5077 0.3779 0.2218 0.1516 0.1489 0.3824 0.5099 0.3566 0.2112 0.1478 0.1551 0.4073 0.5091 0.3366 0.2059
0.3400 0.5099 0.3987 0.1526 0.1491 0.2148 0.3641 0.5094 0.3727 0.1472 0.1530 0.2258 0.3858 0.5062 0.3436 0.1435 0.1576 0.2376 0.4084 0.5004 0.3112 0.1411 0.1629 0.2510 0.4322 0.4919 0.2754 0.1397 0.1690 0.2655 0.4555 0.4807 0.2384 0.1394 0.1763 0.2827 0.4789 0.4643 0.1990 0.1405 0.1865 0.3066 0.5000 0.4370 0.1670 0.1443 0.2022 0.3416 0.5095 0.4040 0.2182 0.4040 0.5095 0.3416 0.2022 0.1443 0.1670 0.4370 0.5000 0.3066 0.1865 0.1405 0.1990 0.4643 0.4789 0.2827 0.1763 0.1394 0.2384 0.4807 0.4555 0.2655 0.1690 0.1397 0.2754 0.4919 0.4322 0.2510 0.1629 0.1411 0.3112 0.5004 0.4084 0.2376 0.1576 0.1435 0.3436 0.5062 0.3858 0.2258 0.1530 0.1472 0.3727 0.5094 0.3641 0.2148 0.1491 0.1526 0.3987 0.5099 0.3400
0.5081 0.3916 0.1506 0.1500 0.2178 0.3704 0.5085 0.3645 0.1458 0.1541 0.2290 0.3923 0.5045 0.3346 0.1425 0.1588 0.2411 0.4149 0.4981 0.3016 0.1404 0.1643 0.2547 0.4386 0.4889 0.2655 0.1394 0.1706 0.2696 0.4613 0.4772 0.2295 0.1393 0.1778 0.2863 0.4825 0.4611 0.1942 0.1406 0.1875 0.3086 0.5007 0.4356 0.1664 0.1442 0.2019 0.3410 0.5095 0.3950 0.1522 0.1371 0.1522 0.3950 0.5095 0.3410 0.2019 0.1442 0.1664 0.4356 0.5007 0.3086 0.1875 0.1406 0.1942 0.4611 0.4825 0.2863 0.1778 0.1393 0.2295 0.4772 0.4613 0.2696 0.1706 0.1394 0.2655 0.4889 0.4386 0.2547 0.1643 0.1404 0.3016 0.4981 0.4149 0.2411 0.1588 0.1425 0.3346 0.5045 0.3923 0.2290 0.1541 0.1458 0.3645 0.5085 0.3704 0.2178 0.1500 0.1506 0.3916 0.5081
0.3999 0.1505 0.1482 0.2150 0.3686 0.5074 0.3684 0.1453 0.1522 0.2262 0.3905 0.5036 0.3390 0.1418 0.1568 0.2384 0.4130 0.4974 0.3065 0.1396 0.1621 0.2520 0.4364 0.4886 0.2706 0.1383 0.1682 0.2669 0.4592 0.4772 0.2344 0.1381 0.1752 0.2834 0.4798 0.4625 0.1994 0.1391 0.1841 0.3043 0.4977 0.4403 0.1700 0.1421 0.1971 0.3341 0.5079 0.4040 0.1522 0.1449 0.1731 0.1449 0.1522 0.4040 0.5079 0.3341 0.1971 0.1421 0.1700 0.4403 0.4977 0.3043 0.1841 0.1391 0.1994 0.4625 0.4798 0.2834 0.1752 0.1381 0.2344 0.4772 0.4592 0.2669 0.1682 0.1383 0.2706 0.4886 0.4364 0.2520 0.1621 0.1396 0.3065 0.4974 0.4130 0.2384 0.1568 0.1418 0.3390 0.5036 0.3905 0.2262 0.1522 0.1453 0.3684 0.5074 0.3686 0.2150 0.1482 0.1505 0.3999
0.2113 0.1376 0.1796 0.2962 0.4933 0.4476 0.1786 0.1392 0.1875 0.3143 0.5025 0.4292 0.1622 0.1416 0.1963 0.3336 0.5068 0.4080 0.1520 0.1446 0.2061 0.3548 0.5073 0.3830 0.1452 0.1483 0.2172 0.3777 0.5046 0.3544 0.1407 0.1526 0.2294 0.4018 0.4992 0.3213 0.1379 0.1581 0.2445 0.4301 0.4894 0.2768 0.1365 0.1662 0.2660 0.4647 0.4714 0.2182 0.1371 0.1731 0.2259 0.1731 0.1371 0.2182 0.4714 0.4647 0.2660 0.1662 0.1365 0.2768 0.4894 0.4301 0.2445 0.1581 0.1379 0.3213 0.4992 0.4018 0.2294 0.1526 0.1407 0.3544 0.5046 0.3777 0.2172 0.1483 0.1452 0.3830 0.5073 0.3548 0.2061 0.1446 0.1520 0.4080 0.5068 0.3336 0.1963 0.1416 0.1622 0.4292 0.5025 0.3143 0.1875 0.1392 0.1786 0.4476 0.4933 0.2962 0.1796 0.1376 0.2113
0.3999 0.1505 0.1482 0.2150 0.3686 0.5074 0.3684 0.1453 0.1522 0.2262 0.3905 0.5036 0.3390 0.1418 0.1568 0.2384 0.4130 0.4974 0.3065 0.1396 0.1621 0.2520 0.4364 0.4886 0.2706 0.1383 0.1682 0.2669 0.4592 0.4772 0.2344 0.1381 0.1752 0.2834 0.4798 0.4625 0.1994 0.1391 0.1841 0.3043 0.4977 0.4403 0.1700 0.1421 0.1971 0.3341 0.5079 0.4040 0.1522 0.1449 0.1731 0.1449 0.1522 0.4040 0.5079 0.3341 0.1971 0.1421 0.1700 0.4403 0.4977 0.3043 0.1841 0.1391 0.1994 0.4625 0.4798 0.2834 0.1752 0.1381 0.2344 0.4772 0.4592 0.2669 0.1682 0.1383 0.2706 0.4886 0.4364 0.2520 0.1621 0.1396 0.3065 0.4974 0.4130 0.2384 0.1568 0.1418 0.3390 0.5036 0.3905 0.2262 0.1522 0.1453 0.3684 0.5074 0.3686 0.2150 0.1482 0.1505 0.3999
0.5081 0.3916 0.1506 0.1500 0.2178 0.3704 0.5085 0.3645 0.1458 0.1541 0.2290 0.3923 0.5045 0.3346 0.1425 0.1588 0.2411 0.4149 0.4981 0.3016 0.1404 0.1643 0.2547 0.4386 0.4889 0.2655 0.1394 0.1706 0.2696 0.4613 0.4772 0.2295 0.1393 0.1778 0.2863 0.4825 0.4611 0.1942 0.1406 0.1875 0.3086 0.5007 0.4356 0.1664 0.1442 0.2019 0.3410 0.5095 0.3950 0.1522 0.1371 0.1522 0.3950 0.5095 0.3410 0.2019 0.1442 0.1664 0.4356 0.5007 0.3086 0.1875 0.1406 0.1942 0.4611 0.4825 0.2863 0.1778 0.1393 0.2295 0.4772 0.4613 0.2696 0.1706 0.1394 0.2655 0.4889 0.4386 0.2547 0.1643 0.1404 0.3016 0.4981 0.4149 0.2411 0.1588 0.1425 0.3346 0.5045 0.3923 0.2290 0.1541 0.1458 0.3645 0.5085 0.3704 0.2178 0.1500 0.1506 0.3916 0.5081
0.3400 0.5099 0.3987 0.1526 0.1491 0.2148 0.3641 0.5094 0.3727 0.1472 0.1530 0.2258 0.3858 0.5062 0.3436 0.1435 0.1576 0.2376 0.4084 0.5004 0.3112 0.1411 0.1629 0.2510 0.4322 0.4919 0.2754 0.1397 0.1690 0.2655 0.4555 0.4807 0.2384 0.1394 0.1763 0.2827 0.4789 0.4643 0.1990 0.1405 0.1865 0.3066 0.5000 0.4370 0.1670 0.1443 0.2022 0.3416 0.5095 0.4040 0.2182 0.4040 0.5095 0.3416 0.2022 0.1443 0.1670 0.4370 0.5000 0.3066 0.1865 0.1405 0.1990 0.4643 0.4789 0.2827 0.1763 0.1394 0.2384 0.4807 0.4555 0.2655 0.1690 0.1397 0.2754 0.4919 0.4322 0.2510 0.1629 0.1411 0.3112 0.5004 0.4084 0.2376 0.1576 0.1435 0.3436 0.5062 0.3858 0.2258 0.1530 0.1472 0.3727 0.5094 0.3641 0.2148 0.1491 0.1526 0.3987 0.5099 0.3400
0.2059 0.3366 0.5091 0.4073 0.1551 0.1478 0.2112 0.3566 0.5099 0.3824 0.1489 0.1516 0.2218 0.3779 0.5077 0.3544 0.1447 0.1559 0.2333 0.4004 0.5027 0.3227 0.1418 0.1611 0.2464 0.4242 0.4951 0.2876 0.1401 0.1669 0.2607 0.4483 0.4844 0.2490 0.1394 0.1744 0.2786 0.4743 0.4677 0.2048 0.1403 0.1853 0.3042 0.4989 0.4385 0.1676 0.1443 0.2022 0.3410 0.5079 0.4714 0.5079 0.3410 0.2022 0.1443 0.1676 0.4385 0.4989 0.3042 0.1853 0.1403 0.2048 0.4677 0.4743 0.2786 0.1744 0.1394 0.2490 0.4844 0.4483 0.2607 0.1669 0.1401 0.2876 0.4951 0.4242 0.2464 0.1611 0.1418 0.3227 0.5027 0.4004 0.2333 0.1559 0.1447 0.3544 0.5077 0.3779 0.2218 0.1516 0.1489 0.3824 0.5099 0.3566 0.2112 0.1478 0.1551 0.4073 0.5091 0.3366 0.2059
0.1539 0.1981 0.3294 0.5078 0.4159 0.1580 0.1466 0.2074 0.3489 0.5100 0.3921 0.1510 0.1501 0.2177 0.3698 0.5089 0.3653 0.1461 0.1543 0.2291 0.3923 0.5048 0.3342 0.1427 0.1592 0.2418 0.4160 0.4980 0.2999 0.1405 0.1649 0.2560 0.4410 0.4878 0.2594 0.1395 0.1726 0.2749 0.4701 0.4706 0.2099 0.1401 0.1844 0.3027 0.4983 0.4391 0.1676 0.1443 0.2019 0.3341 0.4647 0.3341 0.2019 0.1443 0.1676 0.4391 0.4983 0.3027 0.1844 0.1401 0.2099 0.4706 0.4701 0.2749 0.1726 0.1395 0.2594 0.4878 0.4410 0.2560 0.1649 0.1405 0.2999 0.4980 0.4160 0.2418 0.1592 0.1427 0.3342 0.5048 0.3923 0.2291 0.1543 0.1461 0.3653 0.5089 0.3698 0.2177 0.1501 0.1510 0.3921 0.5100 0.3489 0.2074 0.1466 0.1580 0.4159 0.5078 0.3294 0.1981 0.1539
