-0.2504 -0.2634 -0.2754 -0.2860 -0.2949 -0.3018 -0.3066 -0.3098 -0.3116 -0.3127 -0.3132 -0.3135 -0.3136 -0.3137 -0.3137 -0.3137 -0.3137 -0.3137 -0.3137 -0.3137 -0.3137 -0.3137 -0.3137 -0.3137 -0.3137 -0.3137 -0.3137 -0.3137 -0.3137 -0.3137 -0.3137 -0.3137 -0.3137 -0.3137 -0.3137 -0.3137 -0.3137 -0.3137 -0.3137 -0.3137 -0.3137 -0.3137 -0.3137 -0.3137 -0.3137 -0.3137 -0.3137 -0.3137 -0.3137 -0.3137 -0.3137 -0.3137 -0.3137 -0.3137 -0.3137 -0.3137 -0.3137 -0.3137 -0.3137 -0.3137 -0.3137 -0.3137 -0.3137 -0.3137 -0.3137 -0.3137 -0.3137 -0.3137 -0.3137 -0.3137 -0.3137 -0.3137 -0.3137 -0.3137 -0.3137 -0.3137 -0.3137 -0.3137 -0.3137 -0.3137 -0.3137 -0.3137 -0.3137 -0.3137 -0.3137 -0.3137 -0.3137 -0.3137 -0.3136 -0.3135 -0.3132 -0.3127 -0.3116 -0.3098 -0.3066 -0.3018 -0.2949 -0.2860 -0.2754 -0.2634 -0.2504
-0.2634 -0.2763 -0.2882 -0.2988 -0.3076 -0.3144 -0.3191 -0.3222 -0.3240 -0.3250 -0.3256 -0.3258 -0.3260 -0.3260 -0.3260 -0.3261 -0.3261 -0.3261 -0.3261 -0.3261 -0.3261 -0.3261 -0.3261 -0.3261 -0.3261 -0.3261 -0.3261 -0.3261 -0.3261 -0.3261 -0.3261 -0.3261 -0.3261 -0.3261 -0.3261 -0.3261 -0.3261 -0.3261 -0.3261 -0.3261 -0.3261 -0.3261 -0.3261 -0.3261 -0.3261 -0.3261 -0.3261 -0.3261 -0.3261 -0.3261 -0.3261 -0.3261 -0.3261 -0.3261 -0.3261 -0.3261 -0.3261 -0.3261 -0.3261 -0.3261 -0.3261 -0.3261 -0.3261 -0.3261 -0.3261 -0.3261 -0.3261 -0.3261 -0.3261 -0.3261 -0.3261 -0.3261 -0.3261 -0.3261 -0.3261 -0.3261 -0.3261 -0.3261 -0.3261 -0.3261 -0.3261 -0.3261 -0.3261 -0.3261 -0.3261 -0.3261 -0.3260 -0.3260 -0.3260 -0.3258 -0.3256 -0.3250 -0.3240 -0.3222 -0.3191 -0.3144 -0.3076 -0.2988 -0.2882 -0.2763 -0.2634
-0.2754 -0.2882 -0.3001 -0.3107 -0.3194 -0.3262 -0.3309 -0.3339 -0.3357 -0.3367 -0.3372 -0.3375 -0.3376 -0.3376 -0.3377 -0.3377 -0.3377 -0.3377 -0.3377 -0.3377 -0.3377 -0.3377 -0.3377 -0.3377 -0.3377 -0.3377 -0.3377 -0.3377 -0.3377 -0.3377 -0.3377 -0.3377 -0.3377 -0.3377 -0.3377 -0.3377 -0.3377 -0.3377 -0.3377 -0.3377 -0.3377 -0.3377 -0.3377 -0.3377 -0.3377 -0.3377 -0.3377 -0.3377 -0.3377 -0.3377 -0.3377 -0.3377 -0.3377 -0.3377 -0.3377 -0.3377 -0.3377 -0.3377 -0.3377 -0.3377 -0.3377 -0.3377 -0.3377 -0.3377 -0.3377 -0.3377 -0.3377 -0.3377 -0.3377 -0.3377 -0.3377 -0.3377 -0.3377 -0.3377 -0.3377 -0.3377 -0.3377 -0.3377 -0.3377 -0.3377 -0.3377 -0.3377 -0.3377 -0.3377 -0.3377 -0.3377 -0.3377 -0.3376 -0.3376 -0.3375 -0.3372 -0.3367 -0.3357 -0.3339 -0.3309 -0.3262 -0.3194 -0.3107 -0.3001 -0.2882 -0.2754
-0.2860 -0.2988 -0.3107 -0.3212 -0.3299 -0.3366 -0.3412 -0.3441 -0.3458 -0.3468 -0.3473 -0.3476 -0.3477 -0.3477 -0.3478 -0.3478 -0.3478 -0.3478 -0.3478 -0.3478 -0.3478 -0.3478 -0.3478 -0.3478 -0.3478 -0.3478 -0.3478 -0.3478 -0.3478 -0.3478 -0.3478 -0.3478 -0.3478 -0.3478 -0.3478 -0.3478 -0.3478 -0.3478 -0.3478 -0.3478 -0.3478 -0.3478 -0.3478 -0.3478 -0.3478 -0.3478 -0.3478 -0.3478 -0.3478 -0.3478 -0.3478 -0.3478 -0.3478 -0.3478 -0.3478 -0.3478 -0.3478 -0.3478 -0.3478 -0.3478 -0.3478 -0.3478 -0.3478 -0.3478 -0.3478 -0.3478 -0.3478 -0.3478 -0.3478 -0.3478 -0.3478 -0.3478 -0.3478 -0.3478 -0.3478 -0.3478 -0.3478 -0.3478 -0.3478 -0.3478 -0.3478 -0.3478 -0.3478 -0.3478 -0.3478 -0.3478 -0.3478 -0.3477 -0.3477 -0.3476 -0.3473 -0.3468 -0.3458 -0.3441 -0.3412 -0.3366 -0.3299 -0.3212 -0.3107 -0.2988 -0.2860
-0.2949 -0.3076 -0.3194 -0.3299 -0.3385 -0.3451 -0.3496 -0.3524 -0.3541 -0.3550 -0.3555 -0.3557 -0.3558 -0.3559 -0.3559 -0.3559 -0.3559 -0.3559 -0.3559 -0.3559 -0.3559 -0.3559 -0.3559 -0.3559 -0.3559 -0.3559 -0.3559 -0.3559 -0.3559 -0.3559 -0.3559 -0.3559 -0.3559 -0.3559 -0.3559 -0.3559 -0.3559 -0.3559 -0.3559 -0.3559 -0.3559 -0.3559 -0.3559 -0.3559 -0.3559 -0.3559 -0.3559 -0.3559 -0.3559 -0.3559 -0.3559 -0.3559 -0.3559 -0.3559 -0.3559 -0.3559 -0.3559 -0.3559 -0.3559 -0.3559 -0.3559 -0.3559 -0.3559 -0.3559 -0.3559 -0.3559 -0.3559 -0.3559 -0.3559 -0.3559 -0.3559 -0.3559 -0.3559 -0.3559 -0.3559 -0.3559 -0.3559 -0.3559 -0.3559 -0.3559 -0.3559 -0.3559 -0.3559 -0.3559 -0.3559 -0.3559 -0.3559 -0.3559 -0.3558 -0.3557 -0.3555 -0.3550 -0.3541 -0.3524 -0.3496 -0.3451 -0.3385 -0.3299 -0.3194 -0.3076 -0.2949
-0.3018 -0.3144 -0.3262 -0.3366 -0.3451 -0.3514 -0.3558 -0.3586 -0.3602 -0.3611 -0.3615 -0.3617 -0.3619 -0.3619 -0.3619 -0.3619 -0.3619 -0.3619 -0.3619 -0.3619 -0.3619 -0.3619 -0.3619 -0.3619 -0.3619 -0.3619 -0.3619 -0.3619 -0.3619 -0.3619 -0.3619 -0.3619 -0.3619 -0.3619 -0.3619 -0.3619 -0.3619 -0.3619 -0.3619 -0.3619 -0.3619 -0.3619 -0.3619 -0.3619 -0.3619 -0.3619 -0.3619 -0.3619 -0.3619 -0.3619 -0.3619 -0.3619 -0.3619 -0.3619 -0.3619 -0.3619 -0.3619 -0.3619 -0.3619 -0.3619 -0.3619 -0.3619 -0.3619 -0.3619 -0.3619 -0.3619 -0.3619 -0.3619 -0.3619 -0.3619 -0.3619 -0.3619 -0.3619 -0.3619 -0.3619 -0.3619 -0.3619 -0.3619 -0.3619 -0.3619 -0.3619 -0.3619 -0.3619 -0.3619 -0.3619 -0.3619 -0.3619 -0.3619 -0.3619 -0.3617 -0.3615 -0.3611 -0.3602 -0.3586 -0.3558 -0.3514 -0.3451 -0.3366 -0.3262 -0.3144 -0.3018
-0.3066 -0.3191 -0.3309 -0.3412 -0.3496 -0.3558 -0.3601 -0.3627 -0.3643 -0.3651 -0.3656 -0.3658 -0.3659 -0.3660 -0.3660 -0.3660 -0.3660 -0.3660 -0.3660 -0.3660 -0.3660 -0.3660 -0.3660 -0.3660 -0.3660 -0.3660 -0.3660 -0.3660 -0.3660 -0.3660 -0.3660 -0.3660 -0.3660 -0.3660 -0.3660 -0.3660 -0.3660 -0.3660 -0.3660 -0.3660 -0.3660 -0.3660 -0.3660 -0.3660 -0.3660 -0.3660 -0.3660 -0.3660 -0.3660 -0.3660 -0.3660 -0.3660 -0.3660 -0.3660 -0.3660 -0.3660 -0.3660 -0.3660 -0.3660 -0.3660 -0.3660 -0.3660 -0.3660 -0.3660 -0.3660 -0.3660 -0.3660 -0.3660 -0.3660 -0.3660 -0.3660 -0.3660 -0.3660 -0.3660 -0.3660 -0.3660 -0.3660 -0.3660 -0.3660 -0.3660 -0.3660 -0.3660 -0.3660 -0.3660 -0.3660 -0.3660 -0.3660 -0.3660 -0.3659 -0.3658 -0.3656 -0.3651 -0.3643 -0.3627 -0.3601 -0.3558 -0.3496 -0.3412 -0.3309 -0.3191 -0.3066
-0.3098 -0.3222 -0.3339 -0.3441 -0.3524 -0.3586 -0.3627 -0.3653 -0.3668 -0.3677 -0.3681 -0.3683 -0.3684 -0.3685 -0.3685 -0.3685 -0.3685 -0.3685 -0.3685 -0.3685 -0.3685 -0.3685 -0.3685 -0.3685 -0.3685 -0.3685 -0.3685 -0.3685 -0.3685 -0.3685 -0.3685 -0.3685 -0.3685 -0.3685 -0.3685 -0.3685 -0.3685 -0.3685 -0.3685 -0.3685 -0.3685 -0.3685 -0.3685 -0.3685 -0.3685 -0.3685 -0.3685 -0.3685 -0.3685 -0.3685 -0.3685 -0.3685 -0.3685 -0.3685 -0.3685 -0.3685 -0.3685 -0.3685 -0.3685 -0.3685 -0.3685 -0.3685 -0.3685 -0.3685 -0.3685 -0.3685 -0.3685 -0.3685 -0.3685 -0.3685 -0.3685 -0.3685 -0.3685 -0.3685 -0.3685 -0.3685 -0.3685 -0.3685 -0.3685 -0.3685 -0.3685 -0.3685 -0.3685 -0.3685 -0.3685 -0.3685 -0.3685 -0.3685 -0.3684 -0.3683 -0.3681 -0.3677 -0.3668 -0.3653 -0.3627 -0.3586 -0.3524 -0.3441 -0.3339 -0.3222 -0.3098
-0.3116 -0.3240 -0.3357 -0.3458 -0.3541 -0.3602 -0.3643 -0.3668 -0.3683 -0.3691 -0.3695 -0.3698 -0.3699 -0.3699 -0.3699 -0.3699 -0.3699 -0.3699 -0.3699 -0.3699 -0.3699 -0.3699 -0.3699 -0.3699 -0.3699 -0.3699 -0.3699 -0.3699 -0.3699 -0.3699 -0.3699 -0.3699 -0.3699 -0.3699 -0.3699 -0.3699 -0.3699 -0.3699 -0.3699 -0.3699 -0.3699 -0.3699 -0.3699 -0.3699 -0.3699 -0.3699 -0.3699 -0.3699 -0.3699 -0.3699 -0.3699 -0.3699 -0.3699 -0.3699 -0.3699 -0.3699 -0.3699 -0.3699 -0.3699 -0.3699 -0.3699 -0.3699 -0.3699 -0.3699 -0.3699 -0.3699 -0.3699 -0.3699 -0.3699 -0.3699 -0.3699 -0.3699 -0.3699 -0.3699 -0.3699 -0.3699 -0.3699 -0.3699 -0.3699 -0.3699 -0.3699 -0.3699 -0.3699 -0.3699 -0.3699 -0.3699 -0.3699 -0.3699 -0.3699 -0.3698 -0.3695 -0.3691 -0.3683 -0.3668 -0.3643 -0.3602 -0.3541 -0.3458 -0.3357 -0.3240 -0.3116
-0.3127 -0.3250 -0.3367 -0.3468 -0.3550 -0.3611 -0.3651 -0.3677 -0.3691 -0.3699 -0.3703 -0.3705 -0.3706 -0.3707 -0.3707 -0.3707 -0.3707 -0.3707 -0.3707 -0.3707 -0.3707 -0.3707 -0.3707 -0.3707 -0.3707 -0.3707 -0.3707 -0.3707 -0.3707 -0.3707 -0.3707 -0.3707 -0.3707 -0.3707 -0.3707 -0.3707 -0.3707 -0.3707 -0.3707 -0.3707 -0.3707 -0.3707 -0.3707 -0.3707 -0.3707 -0.3707 -0.3707 -0.3707 -0.3707 -0.3707 -0.3707 -0.3707 -0.3707 -0.3707 -0.3707 -0.3707 -0.3707 -0.3707 -0.3707 -0.3707 -0.3707 -0.3707 -0.3707 -0.3707 -0.3707 -0.3707 -0.3707 -0.3707 -0.3707 -0.3707 -0.3707 -0.3707 -0.3707 -0.3707 -0.3707 -0.3707 -0.3707 -0.3707 -0.3707 -0.3707 -0.3707 -0.3707 -0.3707 -0.3707 -0.3707 -0.3707 -0.3707 -0.3707 -0.3706 -0.3705 -0.3703 -0.3699 -0.3691 -0.3677 -0.3651 -0.3611 -0.3550 -0.3468 -0.3367 -0.3250 -0.3127
-0.3132 -0.3256 -0.3372 -0.3473 -0.3555 -0.3615 -0.3656 -0.3681 -0.3695 -0.3703 -0.3707 -0.3710 -0.3711 -0.3711 -0.3711 -0.3711 -0.3711 -0.3711 -0.3711 -0.3711 -0.3711 -0.3711 -0.3711 -0.3711 -0.3711 -0.3711 -0.3711 -0.3711 -0.3711 -0.3711 -0.3711 -0.3711 -0.3711 -0.3711 -0.3711 -0.3711 -0.3711 -0.3711 -0.3711 -0.3711 -0.3711 -0.3711 -0.3711 -0.3711 -0.3711 -0.3711 -0.3711 -0.3711 -0.3711 -0.3711 -0.3711 -0.3711 -0.3711 -0.3711 -0.3711 -0.3711 -0.3711 -0.3711 -0.3711 -0.3711 -0.3711 -0.3711 -0.3711 -0.3711 -0.3711 -0.3711 -0.3711 -0.3711 -0.3711 -0.3711 -0.3711 -0.3711 -0.3711 -0.3711 -0.3711 -0.3711 -0.3711 -0.3711 -0.3711 -0.3711 -0.3711 -0.3711 -0.3711 -0.3711 -0.3711 -0.3711 -0.3711 -0.3711 -0.3711 -0.3710 -0.3707 -0.3703 -0.3695 -0.3681 -0.3656 -0.3615 -0.3555 -0.3473 -0.3372 -0.3256 -0.3132
-0.3135 -0.3258 -0.3375 -0.3476 -0.3557 -0.3617 -0.3658 -0.3683 -0.3698 -0.3705 -0.3710 -0.3712 -0.3713 -0.3713 -0.3713 -0.3713 -0.3713 -0.3713 -0.3713 -0.3713 -0.3713 -0.3713 -0.3713 -0.3713 -0.3713 -0.3713 -0.3713 -0.3713 -0.3713 -0.3713 -0.3713 -0.3713 -0.3713 -0.3713 -0.3713 -0.3713 -0.3713 -0.3713 -0.3713 -0.3713 -0.3713 -0.3713 -0.3713 -0.3713 -0.3713 -0.3713 -0.3713 -0.3713 -0.3713 -0.3713 -0.3713 -0.3713 -0.3713 -0.3713 -0.3713 -0.3713 -0.3713 -0.3713 -0.3713 -0.3713 -0.3713 -0.3713 -0.3713 -0.3713 -0.3713 -0.3713 -0.3713 -0.3713 -0.3713 -0.3713 -0.3713 -0.3713 -0.3713 -0.3713 -0.3713 -0.3713 -0.3713 -0.3713 -0.3713 -0.3713 -0.3713 -0.3713 -0.3713 -0.3713 -0.3713 -0.3713 -0.3713 -0.3713 -0.3713 -0.3712 -0.3710 -0.3705 -0.3698 -0.3683 -0.3658 -0.3617 -0.3557 -0.3476 -0.3375 -0.3258 -0.3135
-0.3136 -0.3260 -0.3376 -0.3477 -0.3558 -0.3619 -0.3659 -0.3684 -0.3699 -0.3706 -0.3711 -0.3713 -0.3714 -0.3714 -0.3714 -0.3714 -0.3714 -0.3714 -0.3714 -0.3714 -0.3714 -0.3714 -0.3714 -0.3714 -0.3714 -0.3714 -0.3714 -0.3714 -0.3714 -0.3714 -0.3714 -0.3714 -0.3714 -0.3714 -0.3714 -0.3714 -0.3714 -0.3714 -0.3714 -0.3714 -0.3714 -0.3714 -0.3714 -0.3714 -0.3714 -0.3714 -0.3714 -0.3714 -0.3714 -0.3714 -0.3714 -0.3714 -0.3714 -0.3714 -0.3714 -0.3714 -0.3714 -0.3714 -0.3714 -0.3714 -0.3714 -0.3714 -0.3714 -0.3714 -0.3714 -0.3714 -0.3714 -0.3714 -0.3714 -0.3714 -0.3714 -0.3714 -0.3714 -0.3714 -0.3714 -0.3714 -0.3714 -0.3714 -0.3714 -0.3714 -0.3714 -0.3714 -0.3714 -0.3714 -0.3714 -0.3714 -0.3714 -0.3714 -0.3714 -0.3713 -0.3711 -0.3706 -0.3699 -0.3684 -0.3659 -0.3619 -0.3558 -0.3477 -0.3376 -0.3260 -0.3136
-0.3137 -0.3260 -0.3376 -0.3477 -0.3559 -0.3619 -0.3660 -0.3685 -0.3699 -0.3707 -0.3711 -0.3713 -0.3714 -0.3714 -0.3715 -0.3715 -0.3715 -0.3715 -0.3715 -0.3715 -0.3715 -0.3715 -0.3715 -0.3715 -0.3715 -0.3715 -0.3715 -0.3715 -0.3715 -0.3715 -0.3715 -0.3715 -0.3715 -0.3715 -0.3715 -0.3715 -0.3715 -0.3715 -0.3715 -0.3715 -0.3715 -0.3715 -0.3715 -0.3715 -0.3715 -0.3715 -0.3715 -0.3715 -0.3715 -0.3715 -0.3715 -0.3715 -0.3715 -0.3715 -0.3715 -0.3715 -0.3715 -0.3715 -0.3715 -0.3715 -0.3715 -0.3715 -0.3715 -0.3715 -0.3715 -0.3715 -0.3715 -0.3715 -0.3715 -0.3715 -0.3715 -0.3715 -0.3715 -0.3715 -0.3715 -0.3715 -0.3715 -0.3715 -0.3715 -0.3715 -0.3715 -0.3715 -0.3715 -0.3715 -0.3715 -0.3715 -0.3715 -0.3714 -0.3714 -0.3713 -0.3711 -0.3707 -0.3699 -0.3685 -0.3660 -0.3619 -0.3559 -0.3477 -0.3376 -0.3260 -0.3137
-0.3137 -0.3260 -0.3377 -0.3478 -0.3559 -0.3619 -0.3660 -0.3685 -0.3699 -0.3707 -0.3711 -0.3713 -0.3714 -0.3715 -0.3715 -0.3715 -0.3715 -0.3715 -0.3715 -0.3715 -0.3715 -0.3715 -0.3715 -0.3715 -0.3715 -0.3715 -0.3715 -0.3715 -0.3715 -0.3715 -0.3715 -0.3715 -0.3715 -0.3715 -0.3715 -0.3715 -0.3715 -0.3715 -0.3715 -0.3715 -0.3715 -0.3715 -0.3715 -0.3715 -0.3715 -0.3715 -0.3715 -0.3715 -0.3715 -0.3715 -0.3715 -0.3715 -0.3715 -0.3715 -0.3715 -0.3715 -0.3715 -0.3715 -0.3715 -0.3715 -0.3715 -0.3715 -0.3715 -0.3715 -0.3715 -0.3715 -0.3715 -0.3715 -0.3715 -0.3715 -0.3715 -0.3715 -0.3715 -0.3715 -0.3715 -0.3715 -0.3715 -0.3715 -0.3715 -0.3715 -0.3715 -0.3715 -0.3715 -0.3715 -0.3715 -0.3715 -0.3715 -0.3715 -0.3714 -0.3713 -0.3711 -0.3707 -0.3699 -0.3685 -0.3660 -0.3619 -0.3559 -0.3478 -0.3377 -0.3260 -0.3137
-0.3137 -0.3261 -0.3377 -0.3478 -0.3559 -0.3619 -0.3660 -0.3685 -0.3699 -0.3707 -0.3711 -0.3713 -0.3714 -0.3715 -0.3715 -0.3715 -0.3715 -0.3715 -0.3715 -0.3715 -0.3715 -0.3715 -0.3715 -0.3715 -0.3715 -0.3715 -0.3715 -0.3715 -0.3715 -0.3715 -0.3715 -0.3715 -0.3715 -0.3715 -0.3715 -0.3715 -0.3715 -0.3715 -0.3715 -0.3715 -0.3715 -0.3715 -0.3715 -0.3715 -0.3715 -0.3715 -0.3715 -0.3715 -0.3715 -0.3715 -0.3715 -0.3715 -0.3715 -0.3715 -0.3715 -0.3715 -0.3715 -0.3715 -0.3715 -0.3715 -0.3715 -0.3715 -0.3715 -0.3715 -0.3715 -0.3715 -0.3715 -0.3715 -0.3715 -0.3715 -0.3715 -0.3715 -0.3715 -0.3715 -0.3715 -0.3715 -0.3715 -0.3715 -0.3715 -0.3715 -0.3715 -0.3715 -0.3715 -0.3715 -0.3715 -0.3715 -0.3715 -0.3715 -0.3714 -0.3713 -0.3711 -0.3707 -0.3699 -0.3685 -0.3660 -0.3619 -0.3559 -0.3478 -0.3377 -0.3261 -0.3137
-0.3137 -0.3261 -0.3377 -0.3478 -0.3559 -0.3619 -0.3660 -0.3685 -0.3699 -0.3707 -0.3711 -0.3713 -0.3714 -0.3715 -0.3715 -0.3715 -0.3715 -0.3715 -0.3715 -0.3715 -0.3715 -0.3715 -0.3715 -0.3715 -0.3715 -0.3715 -0.3715 -0.3715 -0.3715 -0.3715 -0.3715 -0.3715 -0.3715 -0.3715 -0.3715 -0.3715 -0.3715 -0.3715 -0.3715 -0.3715 -0.3715 -0.3715 -0.3715 -0.3715 -0.3715 -0.3715 -0.3715 -0.3715 -0.3715 -0.3715 -0.3715 -0.3715 -0.3715 -0.3715 -0.3715 -0.3715 -0.3715 -0.3715 -0.3715 -0.3715 -0.3715 -0.3715 -0.3715 -0.3715 -0.3715 -0.3715 -0.3715 -0.3715 -0.3715 -0.3715 -0.3715 -0.3715 -0.3715 -0.3715 -0.3715 -0.3715 -0.3715 -0.3715 -0.3715 -0.3715 -0.3715 -0.3715 -0.3715 -0.3715 -0.3715 -0.3715 -0.3715 -0.3715 -0.3714 -0.3713 -0.3711 -0.3707 -0.3699 -0.3685 -0.3660 -0.3619 -0.3559 -0.3478 -0.3377 -0.3261 -0.3137
-0.3137 -0.3261 -0.3377 -0.3478 -0.3559 -0.3619 -0.3660 -0.3685 -0.3699 -0.3707 -0.3711 -0.3713 -0.3714 -0.3715 -0.3715 -0.3715 -0.3715 -0.3715 -0.3715 -0.3715 -0.3715 -0.3715 -0.3715 -0.3715 -0.3715 -0.3715 -0.3715 -0.3715 -0.3715 -0.3715 -0.3715 -0.3715 -0.3715 -0.3715 -0.3715 -0.3715 -0.3715 -0.3715 -0.3715 -0.3715 -0.3715 -0.3715 -0.3715 -0.3715 -0.3715 -0.3715 -0.3715 -0.3715 -0.3715 -0.3715 -0.3715 -0.3715 -0.3715 -0.3715 -0.3715 -0.3715 -0.3715 -0.3715 -0.3715 -0.3715 -0.3715 -0.3715 -0.3715 -0.3715 -0.3715 -0.3715 -0.3715 -0.3715 -0.3715 -0.3715 -0.3715 -0.3715 -0.3715 -0.3715 -0.3715 -0.3715 -0.3715 -0.3715 -0.3715 -0.3715 -0.3715 -0.3715 -0.3715 -0.3715 -0.3715 -0.3715 -0.3715 -0.3715 -0.3714 -0.3713 -0.3711 -0.3707 -0.3699 -0.3685 -0.3660 -0.3619 -0.3559 -0.3478 -0.3377 -0.3261 -0.3137
-0.3137 -0.3261 -0.3377 -0.3478 -0.3559 -0.3619 -0.3660 -0.3685 -0.3699 -0.3707 -0.3711 -0.3713 -0.3714 -0.3715 -0.3715 -0.3715 -0.3715 -0.3715 -0.3715 -0.3715 -0.3715 -0.3715 -0.3715 -0.3715 -0.3715 -0.3715 -0.3715 -0.3715 -0.3715 -0.3715 -0.3715 -0.3715 -0.3715 -0.3715 -0.3715 -0.3715 -0.3715 -0.3715 -0.3715 -0.3715 -0.3715 -0.3715 -0.3715 -0.3715 -0.3715 -0.3715 -0.3715 -0.3715 -0.3715 -0.3715 -0.3715 -0.3715 -0.3715 -0.3715 -0.3715 -0.3715 -0.3715 -0.3715 -0.3715 -0.3715 -0.3715 -0.3715 -0.3715 -0.3715 -0.3715 -0.3715 -0.3715 -0.3715 -0.3715 -0.3715 -0.3715 -0.3715 -0.3715 -0.3715 -0.3715 -0.3715 -0.3715 -0.3715 -0.3715 -0.3715 -0.3715 -0.3715 -0.3715 -0.3715 -0.3715 -0.3715 -0.3715 -0.3715 -0.3714 -0.3713 -0.3711 -0.3707 -0.3699 -0.3685 -0.3660 -0.3619 -0.3559 -0.3478 -0.3377 -0.3261 -0.3137
-0.3137 -0.3261 -0.3377 -0.3478 -0.3559 -0.3619 -0.3660 -0.3685 -0.3699 -0.3707 -0.3711 -0.3713 -0.3714 -0.3715 -0.3715 -0.3715 -0.3715 -0.3715 -0.3715 -0.3715 -0.3715 -0.3715 -0.3715 -0.3715 -0.3715 -0.3715 -0.3715 -0.3715 -0.3715 -0.3715 -0.3715 -0.3715 -0.3715 -0.3715 -0.3715 -0.3715 -0.3715 -0.3715 -0.3715 -0.3715 -0.3715 -0.3715 -0.3715 -0.3715 -0.3715 -0.3715 -0.3715 -0.3715 -0.3715 -0.3715 -0.3715 -0.3715 -0.3715 -0.3715 -0.3715 -0.3715 -0.3715 -0.3715 -0.3715 -0.3715 -0.3715 -0.3715 -0.3715 -0.3715 -0.3715 -0.3715 -0.3715 -0.3715 -0.3715 -0.3715 -0.3715 -0.3715 -0.3715 -0.3715 -0.3715 -0.3715 -0.3715 -0.3715 -0.3715 -0.3715 -0.3715 -0.3715 -0.3715 -0.3715 -0.3715 -0.3715 -0.3715 -0.3715 -0.3714 -0.3713 -0.3711 -0.3707 -0.3699 -0.3685 -0.3660 -0.3619 -0.3559 -0.3478 -0.3377 -0.3261 -0.3137
-0.3137 -0.3261 -0.3377 -0.3478 -0.3559 -0.3619 -0.3660 -0.3685 -0.3699 -0.3707 -0.3711 -0.3713 -0.3714 -0.3715 -0.3715 -0.3715 -0.3715 -0.3715 -0.3715 -0.3715 -0.3715 -0.3715 -0.3715 -0.3715 -0.3715 -0.3715 -0.3715 -0.3715 -0.3715 -0.3715 -0.3715 -0.3715 -0.3715 -0.3715 -0.3715 -0.3715 -0.3715 -0.3715 -0.3715 -0.3715 -0.3715 -0.3715 -0.3715 -0.3715 -0.3715 -0.3715 -0.3715 -0.3715 -0.3715 -0.3715 -0.3715 -0.3715 -0.3715 -0.3715 -0.3715 -0.3715 -0.3715 -0.3715 -0.3715 -0.3715 -0.3715 -0.3715 -0.3715 -0.3715 -0.3715 -0.3715 -0.3715 -0.3715 -0.3715 -0.3715 -0.3715 -0.3715 -0.3715 -0.3715 -0.3715 -0.3715 -0.3715 -0.3715 -0.3715 -0.3715 -0.3715 -0.3715 -0.3715 -0.3715 -0.3715 -0.3715 -0.3715 -0.3715 -0.3714 -0.3713 -0.3711 -0.3707 -0.3699 -0.3685 -0.3660 -0.3619 -0.3559 -0.3478 -0.3377 -0.3261 -0.3137
-0.3137 -0.3261 -0.3377 -0.3478 -0.3559 -0.3619 -0.3660 -0.3685 -0.3699 -0.3707 -0.3711 -0.3713 -0.3714 -0.3715 -0.3715 -0.3715 -0.3715 -0.3715 -0.3715 -0.3715 -0.3715 -0.3715 -0.3716 -0.3716 -0.3716 -0.3716 -0.3716 -0.3716 -0.3716 -0.3716 -0.3716 -0.3716 -0.3716 -0.3716 -0.3716 -0.3716 -0.3716 -0.3716 -0.3716 -0.3716 -0.3716 -0.3716 -0.3716 -0.3716 -0.3716 -0.3716 -0.3716 -0.3716 -0.3716 -0.3716 -0.3716 -0.3716 -0.3716 -0.3716 -0.3716 -0.3716 -0.3716 -0.3716 -0.3716 -0.3716 -0.3716 -0.3716 -0.3716 -0.3716 -0.3716 -0.3716 -0.3716 -0.3716 -0.3716 -0.3716 -0.3716 -0.3716 -0.3716 -0.3716 -0.3716 -0.3716 -0.3716 -0.3716 -0.3716 -0.3715 -0.3715 -0.3715 -0.3715 -0.3715 -0.3715 -0.3715 -0.3715 -0.3715 -0.3714 -0.3713 -0.3711 -0.3707 -0.3699 -0.3685 -0.3660 -0.3619 -0.3559 -0.3478 -0.3377 -0.3261 -0.3137
-0.3137 -0.3261 -0.3377 -0.3478 -0.3559 -0.3619 -0.3660 -0.3685 -0.3699 -0.3707 -0.3711 -0.3713 -0.3714 -0.3715 -0.3715 -0.3715 -0.3715 -0.3715 -0.3715 -0.3715 -0.3715 -0.3716 -0.3716 -0.3716 -0.3716 -0.3716 -0.3716 -0.3716 -0.3716 -0.3716 -0.3716 -0.3716 -0.3716 -0.3716 -0.3716 -0.3716 -0.3716 -0.3716 -0.3716 -0.3716 -0.3716 -0.3716 -0.3716 -0.3716 -0.3716 -0.3716 -0.3716 -0.3716 -0.3716 -0.3716 -0.3716 -0.3716 -0.3716 -0.3716 -0.3716 -0.3716 -0.3716 -0.3716 -0.3716 -0.3716 -0.3716 -0.3716 -0.3716 -0.3716 -0.3716 -0.3716 -0.3716 -0.3716 -0.3716 -0.3716 -0.3716 -0.3716 -0.3716 -0.3716 -0.3716 -0.3716 -0.3716 -0.3716 -0.3716 -0.3716 -0.3715 -0.3715 -0.3715 -0.3715 -0.3715 -0.3715 -0.3715 -0.3715 -0.3714 -0.3713 -0.3711 -0.3707 -0.3699 -0.3685 -0.3660 -0.3619 -0.3559 -0.3478 -0.3377 -0.3261 -0.3137
-0.3137 -0.3261 -0.3377 -0.3478 -0.3559 -0.3619 -0.3660 -0.3685 -0.3699 -0.3707 -0.3711 -0.3713 -0.3714 -0.3715 -0.3715 -0.3715 -0.3715 -0.3715 -0.3715 -0.3715 -0.3715 -0.3716 -0.3716 -0.3716 -0.3716 -0.3716 -0.3716 -0.3716 -0.3716 -0.3716 -0.3716 -0.3716 -0.3716 -0.3716 -0.3716 -0.3716 -0.3716 -0.3716 -0.3716 -0.3716 -0.3716 -0.3716 -0.3716 -0.3716 -0.3716 -0.3716 -0.3716 -0.3716 -0.3716 -0.3716 -0.3716 -0.3716 -0.3716 -0.3716 -0.3716 -0.3716 -0.3716 -0.3716 -0.3716 -0.3716 -0.3716 -0.3716 -0.3716 -0.3716 -0.3716 -0.3716 -0.3716 -0.3716 -0.3716 -0.3716 -0.3716 -0.3716 -0.3716 -0.3716 -0.3716 -0.3716 -0.3716 -0.3716 -0.3716 -0.3716 -0.3715 -0.3715 -0.3715 -0.3715 -0.3715 -0.3715 -0.3715 -0.3715 -0.3714 -0.3713 -0.3711 -0.3707 -0.3699 -0.3685 -0.3660 -0.3619 -0.3559 -0.3478 -0.3377 -0.3261 -0.3137
-0.3138 -0.3261 -0.3377 -0.3478 -0.3559 -0.3620 -0.3660 -0.3685 -0.3699 -0.3707 -0.3711 -0.3713 -0.3714 -0.3715 -0.3715 -0.3715 -0.3715 -0.3715 -0.3715 -0.3715 -0.3715 -0.3716 -0.3716 -0.3716 -0.3716 -0.3716 -0.3716 -0.3716 -0.3716 -0.3716 -0.3716 -0.3716 -0.3716 -0.3716 -0.3716 -0.3716 -0.3716 -0.3716 -0.3716 -0.3716 -0.3716 -0.3716 -0.3716 -0.3716 -0.3716 -0.3716 -0.3716 -0.3716 -0.3716 -0.3716 -0.3716 -0.3716 -0.3716 -0.3716 -0.3716 -0.3716 -0.3716 -0.3716 -0.3716 -0.3716 -0.3716 -0.3716 -0.3716 -0.3716 -0.3716 -0.3716 -0.3716 -0.3716 -0.3716 -0.3716 -0.3716 -0.3716 -0.3716 -0.3716 -0.3716 -0.3716 -0.3716 -0.3716 -0.3716 -0.3716 -0.3715 -0.3715 -0.3715 -0.3715 -0.3715 -0.3715 -0.3715 -0.3715 -0.3714 -0.3713 -0.3711 -0.3707 -0.3699 -0.3685 -0.3660 -0.3619 -0.3559 -0.3478 -0.3377 -0.3261 -0.3137
-0.3138 -0.3261 -0.3377 -0.3478 -0.3559 -0.3620 -0.3660 -0.3685 -0.3699 -0.3707 -0.3711 -0.3713 -0.3715 -0.3715 -0.3715 -0.3715 -0.3715 -0.3715 -0.3715 -0.3716 -0.3716 -0.3716 -0.3716 -0.3716 -0.3716 -0.3716 -0.3716 -0.3716 -0.3716 -0.3716 -0.3716 -0.3716 -0.3716 -0.3716 -0.3716 -0.3716 -0.3716 -0.3716 -0.3716 -0.3716 -0.3716 -0.3716 -0.3716 -0.3716 -0.3716 -0.3716 -0.3716 -0.3716 -0.3716 -0.3716 -0.3716 -0.3716 -0.3716 -0.3716 -0.3716 -0.3716 -0.3716 -0.3716 -0.3716 -0.3716 -0.3716 -0.3716 -0.3716 -0.3716 -0.3716 -0.3716 -0.3716 -0.3716 -0.3716 -0.3716 -0.3716 -0.3716 -0.3716 -0.3716 -0.3716 -0.3716 -0.3716 -0.3716 -0.3716 -0.3716 -0.3715 -0.3715 -0.3715 -0.3715 -0.3715 -0.3715 -0.3715 -0.3715 -0.3714 -0.3713 -0.3711 -0.3707 -0.3699 -0.3685 -0.3660 -0.3619 -0.3559 -0.3478 -0.3377 -0.3261 -0.3137
-0.3138 -0.3261 -0.3377 -0.3478 -0.3560 -0.3620 -0.3660 -0.3685 -0.3699 -0.3707 -0.3711 -0.3714 -0.3715 -0.3715 -0.3715 -0.3715 -0.3715 -0.3716 -0.3716 -0.3716 -0.3716 -0.3716 -0.3716 -0.3716 -0.3716 -0.3716 -0.3716 -0.3716 -0.3716 -0.3716 -0.3716 -0.3716 -0.3716 -0.3716 -0.3716 -0.3716 -0.3716 -0.3716 -0.3716 -0.3716 -0.3716 -0.3716 -0.3716 -0.3716 -0.3716 -0.3716 -0.3716 -0.3716 -0.3716 -0.3716 -0.3716 -0.3716 -0.3716 -0.3716 -0.3716 -0.3716 -0.3716 -0.3716 -0.3716 -0.3716 -0.3716 -0.3716 -0.3716 -0.3716 -0.3716 -0.3716 -0.3716 -0.3716 -0.3716 -0.3716 -0.3716 -0.3716 -0.3716 -0.3716 -0.3716 -0.3716 -0.3716 -0.3716 -0.3716 -0.3716 -0.3715 -0.3715 -0.3715 -0.3715 -0.3715 -0.3715 -0.3715 -0.3715 -0.3714 -0.3713 -0.3711 -0.3707 -0.3699 -0.3685 -0.3660 -0.3619 -0.3559 -0.3478 -0.3377 -0.3261 -0.3137
-0.3138 -0.3261 -0.3377 -0.3478 -0.3560 -0.3620 -0.3660 -0.3685 -0.3700 -0.3708 -0.3712 -0.3714 -0.3715 -0.3715 -0.3715 -0.3716 -0.3716 -0.3716 -0.3716 -0.3716 -0.3716 -0.3716 -0.3716 -0.3716 -0.3716 -0.3716 -0.3716 -0.3716 -0.3716 -0.3716 -0.3716 -0.3716 -0.3716 -0.3716 -0.3716 -0.3716 -0.3716 -0.3716 -0.3716 -0.3716 -0.3716 -0.3716 -0.3716 -0.3716 -0.3716 -0.3716 -0.3716 -0.3716 -0.3716 -0.3716 -0.3716 -0.3716 -0.3716 -0.3716 -0.3716 -0.3716 -0.3716 -0.3716 -0.3716 -0.3716 -0.3716 -0.3716 -0.3716 -0.3716 -0.3716 -0.3716 -0.3716 -0.3716 -0.3716 -0.3716 -0.3716 -0.3716 -0.3716 -0.3716 -0.3716 -0.3716 -0.3716 -0.3716 -0.3716 -0.3716 -0.3715 -0.3715 -0.3715 -0.3715 -0.3715 -0.3715 -0.3715 -0.3715 -0.3714 -0.3713 -0.3711 -0.3707 -0.3699 -0.3685 -0.3660 -0.3619 -0.3559 -0.3478 -0.3377 -0.3261 -0.3137
-0.3139 -0.3262 -0.3378 -0.3479 -0.3560 -0.3620 -0.3661 -0.3686 -0.3700 -0.3708 -0.3712 -0.3714 -0.3715 -0.3716 -0.3716 -0.3716 -0.3716 -0.3716 -0.3716 -0.3716 -0.3716 -0.3716 -0.3716 -0.3716 -0.3716 -0.3716 -0.3716 -0.3716 -0.3716 -0.3716 -0.3716 -0.3716 -0.3716 -0.3716 -0.3716 -0.3716 -0.3716 -0.3716 -0.3716 -0.3716 -0.3716 -0.3716 -0.3716 -0.3716 -0.3716 -0.3716 -0.3716 -0.3716 -0.3716 -0.3716 -0.3716 -0.3716 -0.3716 -0.3716 -0.3716 -0.3716 -0.3716 -0.3716 -0.3716 -0.3716 -0.3716 -0.3716 -0.3716 -0.3716 -0.3716 -0.3716 -0.3716 -0.3716 -0.3716 -0.3716 -0.3716 -0.3716 -0.3716 -0.3716 -0.3716 -0.3716 -0.3716 -0.3716 -0.3716 -0.3716 -0.3715 -0.3715 -0.3715 -0.3715 -0.3715 -0.3715 -0.3715 -0.3715 -0.3714 -0.3713 -0.3711 -0.3707 -0.3699 -0.3685 -0.3660 -0.3619 -0.3559 -0.3478 -0.3377 -0.3261 -0.3137
-0.3140 -0.3263 -0.3379 -0.3480 -0.3561 -0.3621 -0.3661 -0.3686 -0.3701 -0.3709 -0.3713 -0.3715 -0.3716 -0.3716 -0.3716 -0.3717 -0.3717 -0.3717 -0.3717 -0.3717 -0.3717 -0.3717 -0.3717 -0.3717 -0.3717 -0.3717 -0.3717 -0.3717 -0.3717 -0.3717 -0.3717 -0.3717 -0.3717 -0.3717 -0.3717 -0.3717 -0.3717 -0.3717 -0.3717 -0.3717 -0.3717 -0.3717 -0.3717 -0.3717 -0.3717 -0.3717 -0.3717 -0.3716 -0.3716 -0.3716 -0.3716 -0.3716 -0.3716 -0.3716 -0.3716 -0.3716 -0.3716 -0.3716 -0.3716 -0.3716 -0.3716 -0.3716 -0.3716 -0.3716 -0.3716 -0.3716 -0.3716 -0.3716 -0.3716 -0.3716 -0.3716 -0.3716 -0.3716 -0.3716 -0.3716 -0.3716 -0.3716 -0.3716 -0.3716 -0.3716 -0.3715 -0.3715 -0.3715 -0.3715 -0.3715 -0.3715 -0.3715 -0.3715 -0.3714 -0.3713 -0.3711 -0.3707 -0.3699 -0.3685 -0.3660 -0.3619 -0.3559 -0.3478 -0.3377 -0.3261 -0.3137
-0.3141 -0.3264 -0.3381 -0.3481 -0.3563 -0.3623 -0.3663 -0.3688 -0.3702 -0.3710 -0.3714 -0.3716 -0.3717 -0.3717 -0.3718 -0.3718 -0.3718 -0.3718 -0.3718 -0.3718 -0.3718 -0.3718 -0.3718 -0.3718 -0.3718 -0.3718 -0.3718 -0.3718 -0.3718 -0.3718 -0.3718 -0.3718 -0.3718 -0.3718 -0.3718 -0.3718 -0.3718 -0.3718 -0.3718 -0.3718 -0.3718 -0.3718 -0.3718 -0.3718 -0.3718 -0.3718 -0.3717 -0.3717 -0.3717 -0.3717 -0.3717 -0.3716 -0.3716 -0.3716 -0.3716 -0.3716 -0.3716 -0.3716 -0.3716 -0.3716 -0.3716 -0.3716 -0.3716 -0.3716 -0.3716 -0.3716 -0.3716 -0.3716 -0.3716 -0.3716 -0.3716 -0.3716 -0.3716 -0.3716 -0.3716 -0.3716 -0.3716 -0.3716 -0.3716 -0.3716 -0.3715 -0.3715 -0.3715 -0.3715 -0.3715 -0.3715 -0.3715 -0.3715 -0.3714 -0.3713 -0.3711 -0.3707 -0.3699 -0.3685 -0.3660 -0.3619 -0.3559 -0.3478 -0.3377 -0.3261 -0.3137
-0.3144 -0.3267 -0.3383 -0.3484 -0.3565 -0.3625 -0.3665 -0.3690 -0.3704 -0.3712 -0.3716 -0.3718 -0.3719 -0.3720 -0.3720 -0.3720 -0.3720 -0.3720 -0.3720 -0.3720 -0.3720 -0.3720 -0.3720 -0.3720 -0.3720 -0.3720 -0.3720 -0.3720 -0.3720 -0.3720 -0.3720 -0.3720 -0.3720 -0.3720 -0.3720 -0.3720 -0.3720 -0.3720 -0.3720 -0.3720 -0.3720 -0.3720 -0.3720 -0.3720 -0.3720 -0.3720 -0.3719 -0.3719 -0.3719 -0.3718 -0.3718 -0.3717 -0.3717 -0.3717 -0.3716 -0.3716 -0.3716 -0.3716 -0.3716 -0.3716 -0.3716 -0.3716 -0.3716 -0.3716 -0.3716 -0.3716 -0.3716 -0.3716 -0.3716 -0.3716 -0.3716 -0.3716 -0.3716 -0.3716 -0.3716 -0.3716 -0.3716 -0.3716 -0.3716 -0.3716 -0.3715 -0.3715 -0.3715 -0.3715 -0.3715 -0.3715 -0.3715 -0.3715 -0.3714 -0.3713 -0.3711 -0.3707 -0.3699 -0.3685 -0.3660 -0.3619 -0.3559 -0.3478 -0.3377 -0.3261 -0.3137
-0.3149 -0.3272 -0.3388 -0.3489 -0.3570 -0.3629 -0.3669 -0.3694 -0.3708 -0.3716 -0.3720 -0.3722 -0.3723 -0.3723 -0.3723 -0.3723 -0.3723 -0.3723 -0.3724 -0.3724 -0.3724 -0.3724 -0.3724 -0.3724 -0.3724 -0.3724 -0.3724 -0.3724 -0.3724 -0.3724 -0.3724 -0.3724 -0.3724 -0.3724 -0.3724 -0.3724 -0.3724 -0.3724 -0.3724 -0.3724 -0.3723 -0.3723 -0.3723 -0.3723 -0.3723 -0.3723 -0.3722 -0.3722 -0.3721 -0.3721 -0.3720 -0.3719 -0.3718 -0.3717 -0.3717 -0.3716 -0.3716 -0.3716 -0.3716 -0.3716 -0.3716 -0.3716 -0.3716 -0.3716 -0.3716 -0.3716 -0.3716 -0.3716 -0.3716 -0.3716 -0.3716 -0.3716 -0.3716 -0.3716 -0.3716 -0.3716 -0.3716 -0.3716 -0.3716 -0.3716 -0.3715 -0.3715 -0.3715 -0.3715 -0.3715 -0.3715 -0.3715 -0.3715 -0.3714 -0.3713 -0.3711 -0.3707 -0.3699 -0.3685 -0.3660 -0.3619 -0.3559 -0.3478 -0.3377 -0.3261 -0.3137
-0.3157 -0.3280 -0.3395 -0.3496 -0.3576 -0.3636 -0.3675 -0.3700 -0.3714 -0.3721 -0.3725 -0.3727 -0.3728 -0.3729 -0.3729 -0.3729 -0.3729 -0.3729 -0.3729 -0.3729 -0.3729 -0.3729 -0.3729 -0.3729 -0.3729 -0.3729 -0.3729 -0.3729 -0.3729 -0.3729 -0.3729 -0.3729 -0.3729 -0.3729 -0.3729 -0.3729 -0.3729 -0.3729 -0.3729 -0.3729 -0.3729 -0.3729 -0.3729 -0.3729 -0.3728 -0.3728 -0.3727 -0.3726 -0.3725 -0.3724 -0.3723 -0.3721 -0.3720 -0.3719 -0.3718 -0.3717 -0.3717 -0.3716 -0.3716 -0.3716 -0.3716 -0.3716 -0.3716 -0.3716 -0.3716 -0.3716 -0.3716 -0.3716 -0.3716 -0.3716 -0.3716 -0.3716 -0.3716 -0.3716 -0.3716 -0.3716 -0.3716 -0.3716 -0.3716 -0.3716 -0.3715 -0.3715 -0.3715 -0.3715 -0.3715 -0.3715 -0.3715 -0.3715 -0.3714 -0.3713 -0.3711 -0.3707 -0.3699 -0.3685 -0.3660 -0.3619 -0.3559 -0.3478 -0.3377 -0.3261 -0.3137
-0.3169 -0.3291 -0.3406 -0.3506 -0.3586 -0.3645 -0.3684 -0.3708 -0.3722 -0.3730 -0.3734 -0.3735 -0.3736 -0.3737 -0.3737 -0.3737 -0.3737 -0.3737 -0.3737 -0.3737 -0.3737 -0.3737 -0.3737 -0.3737 -0.3737 -0.3737 -0.3737 -0.3737 -0.3737 -0.3737 -0.3737 -0.3737 -0.3737 -0.3737 -0.3737 -0.3737 -0.3737 -0.3737 -0.3737 -0.3737 -0.3737 -0.3737 -0.3737 -0.3736 -0.3736 -0.3735 -0.3734 -0.3733 -0.3731 -0.3729 -0.3727 -0.3725 -0.3723 -0.3721 -0.3719 -0.3718 -0.3717 -0.3717 -0.3716 -0.3716 -0.3716 -0.3716 -0.3716 -0.3716 -0.3716 -0.3716 -0.3716 -0.3716 -0.3716 -0.3716 -0.3716 -0.3716 -0.3716 -0.3716 -0.3716 -0.3716 -0.3716 -0.3716 -0.3716 -0.3716 -0.3715 -0.3715 -0.3715 -0.3715 -0.3715 -0.3715 -0.3715 -0.3715 -0.3714 -0.3713 -0.3711 -0.3707 -0.3699 -0.3685 -0.3660 -0.3619 -0.3559 -0.3478 -0.3377 -0.3261 -0.3137
-0.3186 -0.3307 -0.3422 -0.3521 -0.3600 -0.3658 -0.3697 -0.3721 -0.3734 -0.3741 -0.3745 -0.3747 -0.3748 -0.3748 -0.3748 -0.3749 -0.3749 -0.3749 -0.3749 -0.3749 -0.3749 -0.3749 -0.3749 -0.3749 -0.3749 -0.3749 -0.3749 -0.3749 -0.3749 -0.3749 -0.3749 -0.3749 -0.3749 -0.3749 -0.3749 -0.3749 -0.3749 -0.3749 -0.3749 -0.3748 -0.3748 -0.3748 -0.3748 -0.3747 -0.3747 -0.3745 -0.3744 -0.3742 -0.3739 -0.3736 -0.3733 -0.3730 -0.3727 -0.3724 -0.3722 -0.3720 -0.3718 -0.3717 -0.3716 -0.3716 -0.3716 -0.3716 -0.3716 -0.3716 -0.3716 -0.3716 -0.3716 -0.3716 -0.3716 -0.3716 -0.3716 -0.3716 -0.3716 -0.3716 -0.3716 -0.3716 -0.3716 -0.3716 -0.3716 -0.3716 -0.3715 -0.3715 -0.3715 -0.3715 -0.3715 -0.3715 -0.3715 -0.3715 -0.3714 -0.3713 -0.3711 -0.3707 -0.3699 -0.3685 -0.3660 -0.3619 -0.3559 -0.3478 -0.3377 -0.3261 -0.3137
-0.3208 -0.3329 -0.3443 -0.3541 -0.3620 -0.3676 -0.3714 -0.3737 -0.3750 -0.3757 -0.3760 -0.3762 -0.3763 -0.3764 -0.3764 -0.3764 -0.3764 -0.3764 -0.3764 -0.3764 -0.3764 -0.3764 -0.3764 -0.3764 -0.3764 -0.3764 -0.3764 -0.3764 -0.3764 -0.3764 -0.3764 -0.3764 -0.3764 -0.3764 -0.3764 -0.3764 -0.3764 -0.3764 -0.3764 -0.3764 -0.3763 -0.3763 -0.3763 -0.3762 -0.3761 -0.3759 -0.3757 -0.3754 -0.3750 -0.3746 -0.3741 -0.3737 -0.3732 -0.3728 -0.3725 -0.3722 -0.3720 -0.3718 -0.3717 -0.3716 -0.3716 -0.3716 -0.3716 -0.3716 -0.3716 -0.3716 -0.3716 -0.3716 -0.3716 -0.3716 -0.3716 -0.3716 -0.3716 -0.3716 -0.3716 -0.3716 -0.3716 -0.3716 -0.3716 -0.3716 -0.3715 -0.3715 -0.3715 -0.3715 -0.3715 -0.3715 -0.3715 -0.3715 -0.3714 -0.3713 -0.3711 -0.3707 -0.3699 -0.3685 -0.3660 -0.3619 -0.3559 -0.3478 -0.3377 -0.3261 -0.3137
-0.3238 -0.3358 -0.3471 -0.3568 -0.3644 -0.3699 -0.3735 -0.3757 -0.3770 -0.3776 -0.3780 -0.3781 -0.3782 -0.3783 -0.3783 -0.3783 -0.3783 -0.3783 -0.3783 -0.3783 -0.3783 -0.3783 -0.3783 -0.3783 -0.3783 -0.3783 -0.3783 -0.3783 -0.3783 -0.3783 -0.3783 -0.3783 -0.3783 -0.3783 -0.3783 -0.3783 -0.3783 -0.3783 -0.3783 -0.3783 -0.3782 -0.3782 -0.3781 -0.3780 -0.3779 -0.3776 -0.3773 -0.3769 -0.3764 -0.3758 -0.3752 -0.3745 -0.3739 -0.3733 -0.3728 -0.3724 -0.3721 -0.3719 -0.3718 -0.3717 -0.3716 -0.3716 -0.3716 -0.3716 -0.3716 -0.3716 -0.3716 -0.3716 -0.3716 -0.3716 -0.3716 -0.3716 -0.3716 -0.3716 -0.3716 -0.3716 -0.3716 -0.3716 -0.3716 -0.3716 -0.3715 -0.3715 -0.3715 -0.3715 -0.3715 -0.3715 -0.3715 -0.3715 -0.3714 -0.3713 -0.3711 -0.3707 -0.3699 -0.3685 -0.3660 -0.3619 -0.3559 -0.3478 -0.3377 -0.3261 -0.3137
-0.3275 -0.3394 -0.3505 -0.3600 -0.3674 -0.3727 -0.3761 -0.3782 -0.3793 -0.3799 -0.3802 -0.3804 -0.3805 -0.3805 -0.3805 -0.3805 -0.3805 -0.3805 -0.3805 -0.3805 -0.3805 -0.3805 -0.3805 -0.3805 -0.3805 -0.3805 -0.3805 -0.3805 -0.3805 -0.3805 -0.3805 -0.3805 -0.3805 -0.3805 -0.3805 -0.3805 -0.3805 -0.3805 -0.3805 -0.3805 -0.3804 -0.3804 -0.3803 -0.3802 -0.3800 -0.3796 -0.3792 -0.3787 -0.3780 -0.3772 -0.3764 -0.3755 -0.3747 -0.3739 -0.3733 -0.3727 -0.3723 -0.3720 -0.3718 -0.3717 -0.3716 -0.3716 -0.3716 -0.3716 -0.3716 -0.3716 -0.3716 -0.3716 -0.3716 -0.3716 -0.3716 -0.3716 -0.3716 -0.3716 -0.3716 -0.3716 -0.3716 -0.3716 -0.3716 -0.3716 -0.3715 -0.3715 -0.3715 -0.3715 -0.3715 -0.3715 -0.3715 -0.3715 -0.3714 -0.3713 -0.3711 -0.3707 -0.3699 -0.3685 -0.3660 -0.3619 -0.3559 -0.3478 -0.3377 -0.3261 -0.3137
-0.3320 -0.3436 -0.3546 -0.3638 -0.3709 -0.3759 -0.3790 -0.3808 -0.3819 -0.3824 -0.3827 -0.3828 -0.3828 -0.3829 -0.3829 -0.3829 -0.3829 -0.3829 -0.3829 -0.3829 -0.3829 -0.3829 -0.3829 -0.3829 -0.3829 -0.3829 -0.3829 -0.3829 -0.3829 -0.3829 -0.3829 -0.3829 -0.3829 -0.3829 -0.3829 -0.3829 -0.3829 -0.3829 -0.3829 -0.3829 -0.3828 -0.3828 -0.3827 -0.3825 -0.3822 -0.3818 -0.3813 -0.3806 -0.3798 -0.3788 -0.3777 -0.3766 -0.3756 -0.3746 -0.3738 -0.3731 -0.3726 -0.3722 -0.3719 -0.3718 -0.3717 -0.3716 -0.3716 -0.3716 -0.3716 -0.3716 -0.3716 -0.3716 -0.3716 -0.3716 -0.3716 -0.3716 -0.3716 -0.3716 -0.3716 -0.3716 -0.3716 -0.3716 -0.3716 -0.3716 -0.3715 -0.3715 -0.3715 -0.3715 -0.3715 -0.3715 -0.3715 -0.3715 -0.3714 -0.3713 -0.3711 -0.3707 -0.3699 -0.3685 -0.3660 -0.3619 -0.3559 -0.3478 -0.3377 -0.3261 -0.3137
-0.3372 -0.3485 -0.3591 -0.3680 -0.3747 -0.3792 -0.3820 -0.3835 -0.3844 -0.3848 -0.3850 -0.3851 -0.3852 -0.3852 -0.3852 -0.3852 -0.3852 -0.3852 -0.3852 -0.3852 -0.3852 -0.3852 -0.3852 -0.3852 -0.3852 -0.3852 -0.3852 -0.3852 -0.3852 -0.3852 -0.3852 -0.3852 -0.3852 -0.3852 -0.3852 -0.3852 -0.3852 -0.3852 -0.3852 -0.3851 -0.3851 -0.3851 -0.3849 -0.3848 -0.3845 -0.3840 -0.3834 -0.3826 -0.3816 -0.3804 -0.3792 -0.3778 -0.3765 -0.3753 -0.3743 -0.3735 -0.3728 -0.3723 -0.3720 -0.3718 -0.3717 -0.3716 -0.3716 -0.3716 -0.3716 -0.3716 -0.3716 -0.3716 -0.3716 -0.3716 -0.3716 -0.3716 -0.3716 -0.3716 -0.3716 -0.3716 -0.3716 -0.3716 -0.3716 -0.3716 -0.3715 -0.3715 -0.3715 -0.3715 -0.3715 -0.3715 -0.3715 -0.3715 -0.3714 -0.3713 -0.3711 -0.3707 -0.3699 -0.3685 -0.3660 -0.3619 -0.3559 -0.3478 -0.3377 -0.3261 -0.3137
-0.3427 -0.3537 -0.3640 -0.3723 -0.3784 -0.3824 -0.3847 -0.3859 -0.3865 -0.3868 -0.3869 -0.3870 -0.3870 -0.3870 -0.3870 -0.3870 -0.3870 -0.3870 -0.3870 -0.3870 -0.3870 -0.3870 -0.3870 -0.3870 -0.3870 -0.3870 -0.3870 -0.3870 -0.3870 -0.3870 -0.3870 -0.3870 -0.3870 -0.3870 -0.3870 -0.3870 -0.3870 -0.3870 -0.3870 -0.3870 -0.3870 -0.3869 -0.3868 -0.3867 -0.3864 -0.3860 -0.3854 -0.3845 -0.3834 -0.3820 -0.3805 -0.3790 -0.3774 -0.3760 -0.3748 -0.3738 -0.3731 -0.3725 -0.3721 -0.3719 -0.3717 -0.3716 -0.3716 -0.3716 -0.3716 -0.3716 -0.3716 -0.3716 -0.3716 -0.3716 -0.3716 -0.3716 -0.3716 -0.3716 -0.3716 -0.3716 -0.3716 -0.3716 -0.3716 -0.3716 -0.3715 -0.3715 -0.3715 -0.3715 -0.3715 -0.3715 -0.3715 -0.3715 -0.3714 -0.3713 -0.3711 -0.3707 -0.3699 -0.3685 -0.3660 -0.3619 -0.3559 -0.3478 -0.3377 -0.3261 -0.3137
-0.3483 -0.3589 -0.3687 -0.3764 -0.3818 -0.3851 -0.3868 -0.3876 -0.3879 -0.3880 -0.3880 -0.3880 -0.3880 -0.3880 -0.3880 -0.3880 -0.3880 -0.3880 -0.3880 -0.3880 -0.3880 -0.3880 -0.3880 -0.3880 -0.3880 -0.3880 -0.3880 -0.3880 -0.3880 -0.3880 -0.3880 -0.3880 -0.3880 -0.3880 -0.3880 -0.3880 -0.3880 -0.3880 -0.3880 -0.3880 -0.3880 -0.3880 -0.3880 -0.3879 -0.3877 -0.3874 -0.3868 -0.3860 -0.3849 -0.3834 -0.3818 -0.3800 -0.3783 -0.3767 -0.3753 -0.3742 -0.3733 -0.3726 -0.3722 -0.3719 -0.3718 -0.3716 -0.3716 -0.3716 -0.3716 -0.3716 -0.3716 -0.3716 -0.3716 -0.3716 -0.3716 -0.3716 -0.3716 -0.3716 -0.3716 -0.3716 -0.3716 -0.3716 -0.3716 -0.3716 -0.3715 -0.3715 -0.3715 -0.3715 -0.3715 -0.3715 -0.3715 -0.3715 -0.3714 -0.3713 -0.3711 -0.3707 -0.3699 -0.3685 -0.3660 -0.3619 -0.3559 -0.3478 -0.3377 -0.3261 -0.3137
-0.3534 -0.3634 -0.3727 -0.3798 -0.3845 -0.3870 -0.3880 -0.3883 -0.3882 -0.3882 -0.3881 -0.3881 -0.3880 -0.3880 -0.3880 -0.3880 -0.3880 -0.3880 -0.3880 -0.3880 -0.3880 -0.3880 -0.3880 -0.3880 -0.3880 -0.3880 -0.3880 -0.3880 -0.3880 -0.3880 -0.3880 -0.3880 -0.3880 -0.3880 -0.3880 -0.3880 -0.3880 -0.3880 -0.3880 -0.3880 -0.3881 -0.3881 -0.3882 -0.3882 -0.3882 -0.3881 -0.3878 -0.3871 -0.3860 -0.3845 -0.3828 -0.3809 -0.3790 -0.3772 -0.3757 -0.3744 -0.3735 -0.3728 -0.3723 -0.3720 -0.3718 -0.3717 -0.3716 -0.3716 -0.3716 -0.3716 -0.3716 -0.3716 -0.3716 -0.3716 -0.3716 -0.3716 -0.3716 -0.3716 -0.3716 -0.3716 -0.3716 -0.3716 -0.3716 -0.3716 -0.3715 -0.3715 -0.3715 -0.3715 -0.3715 -0.3715 -0.3715 -0.3715 -0.3714 -0.3713 -0.3711 -0.3707 -0.3699 -0.3685 -0.3660 -0.3619 -0.3559 -0.3478 -0.3377 -0.3261 -0.3137
-0.3571 -0.3667 -0.3756 -0.3821 -0.3861 -0.3880 -0.3884 -0.3882 -0.3879 -0.3876 -0.3875 -0.3874 -0.3873 -0.3873 -0.3873 -0.3873 -0.3873 -0.3873 -0.3873 -0.3873 -0.3873 -0.3873 -0.3873 -0.3873 -0.3873 -0.3873 -0.3873 -0.3873 -0.3873 -0.3873 -0.3873 -0.3873 -0.3873 -0.3873 -0.3873 -0.3873 -0.3873 -0.3873 -0.3874 -0.3874 -0.3875 -0.3876 -0.3878 -0.3880 -0.3882 -0.3883 -0.3882 -0.3877 -0.3867 -0.3852 -0.3834 -0.3815 -0.3795 -0.3776 -0.3760 -0.3746 -0.3736 -0.3729 -0.3723 -0.3720 -0.3718 -0.3717 -0.3716 -0.3716 -0.3716 -0.3716 -0.3716 -0.3716 -0.3716 -0.3716 -0.3716 -0.3716 -0.3716 -0.3716 -0.3716 -0.3716 -0.3716 -0.3716 -0.3716 -0.3716 -0.3715 -0.3715 -0.3715 -0.3715 -0.3715 -0.3715 -0.3715 -0.3715 -0.3714 -0.3713 -0.3711 -0.3707 -0.3699 -0.3685 -0.3660 -0.3619 -0.3559 -0.3478 -0.3377 -0.3261 -0.3137
-0.3586 -0.3681 -0.3768 -0.3830 -0.3867 -0.3883 -0.3884 -0.3880 -0.3876 -0.3872 -0.3870 -0.3869 -0.3869 -0.3868 -0.3868 -0.3868 -0.3868 -0.3868 -0.3868 -0.3868 -0.3868 -0.3868 -0.3868 -0.3868 -0.3868 -0.3868 -0.3868 -0.3868 -0.3868 -0.3868 -0.3868 -0.3868 -0.3868 -0.3868 -0.3868 -0.3868 -0.3868 -0.3868 -0.3869 -0.3869 -0.3870 -0.3872 -0.3874 -0.3877 -0.3880 -0.3883 -0.3883 -0.3879 -0.3869 -0.3855 -0.3837 -0.3817 -0.3797 -0.3778 -0.3761 -0.3747 -0.3737 -0.3729 -0.3724 -0.3720 -0.3718 -0.3717 -0.3716 -0.3716 -0.3716 -0.3716 -0.3716 -0.3716 -0.3716 -0.3716 -0.3716 -0.3716 -0.3716 -0.3716 -0.3716 -0.3716 -0.3716 -0.3716 -0.3716 -0.3716 -0.3715 -0.3715 -0.3715 -0.3715 -0.3715 -0.3715 -0.3715 -0.3715 -0.3714 -0.3713 -0.3711 -0.3707 -0.3699 -0.3685 -0.3660 -0.3619 -0.3559 -0.3478 -0.3377 -0.3261 -0.3137
-0.3576 -0.3672 -0.3760 -0.3825 -0.3864 -0.3881 -0.3884 -0.3882 -0.3878 -0.3875 -0.3873 -0.3872 -0.3872 -0.3872 -0.3872 -0.3871 -0.3871 -0.3871 -0.3871 -0.3871 -0.3871 -0.3871 -0.3871 -0.3871 -0.3871 -0.3871 -0.3871 -0.3871 -0.3871 -0.3871 -0.3871 -0.3871 -0.3871 -0.3871 -0.3871 -0.3871 -0.3872 -0.3872 -0.3872 -0.3872 -0.3873 -0.3874 -0.3876 -0.3879 -0.3881 -0.3883 -0.3882 -0.3878 -0.3868 -0.3854 -0.3836 -0.3816 -0.3796 -0.3777 -0.3761 -0.3747 -0.3737 -0.3729 -0.3724 -0.3720 -0.3718 -0.3717 -0.3716 -0.3716 -0.3716 -0.3716 -0.3716 -0.3716 -0.3716 -0.3716 -0.3716 -0.3716 -0.3716 -0.3716 -0.3716 -0.3716 -0.3716 -0.3716 -0.3716 -0.3716 -0.3715 -0.3715 -0.3715 -0.3715 -0.3715 -0.3715 -0.3715 -0.3715 -0.3714 -0.3713 -0.3711 -0.3707 -0.3699 -0.3685 -0.3660 -0.3619 -0.3559 -0.3478 -0.3377 -0.3261 -0.3137
-0.3543 -0.3643 -0.3735 -0.3804 -0.3849 -0.3873 -0.3882 -0.3883 -0.3882 -0.3881 -0.3880 -0.3880 -0.3879 -0.3879 -0.3879 -0.3879 -0.3879 -0.3879 -0.3879 -0.3879 -0.3879 -0.3879 -0.3879 -0.3879 -0.3879 -0.3879 -0.3879 -0.3879 -0.3879 -0.3879 -0.3879 -0.3879 -0.3879 -0.3879 -0.3879 -0.3879 -0.3879 -0.3879 -0.3879 -0.3879 -0.3880 -0.3880 -0.3881 -0.3882 -0.3883 -0.3882 -0.3879 -0.3873 -0.3863 -0.3848 -0.3831 -0.3812 -0.3793 -0.3774 -0.3759 -0.3746 -0.3736 -0.3728 -0.3723 -0.3720 -0.3718 -0.3717 -0.3716 -0.3716 -0.3716 -0.3716 -0.3716 -0.3716 -0.3716 -0.3716 -0.3716 -0.3716 -0.3716 -0.3716 -0.3716 -0.3716 -0.3716 -0.3716 -0.3716 -0.3716 -0.3715 -0.3715 -0.3715 -0.3715 -0.3715 -0.3715 -0.3715 -0.3715 -0.3714 -0.3713 -0.3711 -0.3707 -0.3699 -0.3685 -0.3660 -0.3619 -0.3559 -0.3478 -0.3377 -0.3261 -0.3137
-0.3494 -0.3598 -0.3695 -0.3772 -0.3824 -0.3856 -0.3871 -0.3878 -0.3880 -0.3881 -0.3881 -0.3881 -0.3881 -0.3881 -0.3881 -0.3881 -0.3881 -0.3881 -0.3881 -0.3881 -0.3881 -0.3881 -0.3881 -0.3881 -0.3881 -0.3881 -0.3881 -0.3881 -0.3881 -0.3881 -0.3881 -0.3881 -0.3881 -0.3881 -0.3881 -0.3881 -0.3881 -0.3881 -0.3881 -0.3881 -0.3881 -0.3881 -0.3881 -0.3880 -0.3879 -0.3876 -0.3871 -0.3864 -0.3853 -0.3839 -0.3822 -0.3804 -0.3786 -0.3770 -0.3755 -0.3743 -0.3734 -0.3727 -0.3723 -0.3720 -0.3718 -0.3717 -0.3716 -0.3716 -0.3716 -0.3716 -0.3716 -0.3716 -0.3716 -0.3716 -0.3716 -0.3716 -0.3716 -0.3716 -0.3716 -0.3716 -0.3716 -0.3716 -0.3716 -0.3716 -0.3715 -0.3715 -0.3715 -0.3715 -0.3715 -0.3715 -0.3715 -0.3715 -0.3714 -0.3713 -0.3711 -0.3707 -0.3699 -0.3685 -0.3660 -0.3619 -0.3559 -0.3478 -0.3377 -0.3261 -0.3137
