0.5033 1.0000 0.0001 0.0008 0.0093 0.1074 1.0000 1.0000 0.0002 0.0018 0.0207 0.2388 1.0000 1.0000 0.0003 0.0040 0.0458 0.5298 1.0000 0.0001 0.0008 0.0088 0.1015 1.0000 1.0000 0.0001 0.0017 0.0195 0.2251 1.0000 1.0000 0.0003 0.0037 0.0432 0.4995 1.0000 1.0000 0.0007 0.0082 0.0953 1.0000 1.0000 0.0001 0.0015 0.0173 0.1941 1.0000 1.0000 0.0002 0.0021 0.0089 0.0021 0.0002 1.0000 1.0000 0.1941 0.0173 0.0015 0.0001 1.0000 1.0000 0.0953 0.0082 0.0007 1.0000 1.0000 0.4995 0.0432 0.0037 0.0003 1.0000 1.0000 0.2251 0.0195 0.0017 0.0001 1.0000 1.0000 0.1015 0.0088 0.0008 0.0001 1.0000 0.5298 0.0458 0.0040 0.0003 1.0000 1.0000 0.2388 0.0207 0.0018 0.0002 1.0000 1.0000 0.1074 0.0093 0.0008 0.0001 1.0000 0.5033
1.0000 0.0001 0.0008 0.0093 0.1072 1.0000 1.0000 0.0002 0.0018 0.0205 0.2370 1.0000 1.0000 0.0003 0.0039 0.0454 0.5248 1.0000 1.0000 0.0008 0.0087 0.1007 1.0000 1.0000 0.0001 0.0017 0.0193 0.2234 1.0000 1.0000 0.0003 0.0037 0.0428 0.4948 1.0000 1.0000 0.0007 0.0082 0.0946 1.0000 1.0000 0.0001 0.0015 0.0175 0.1986 1.0000 1.0000 0.0002 0.0025 0.0239 0.1017 0.0239 0.0025 0.0002 1.0000 1.0000 0.1986 0.0175 0.0015 0.0001 1.0000 1.0000 0.0946 0.0082 0.0007 1.0000 1.0000 0.4948 0.0428 0.0037 0.0003 1.0000 1.0000 0.2234 0.0193 0.0017 0.0001 1.0000 1.0000 0.1007 0.0087 0.0008 1.0000 1.0000 0.5248 0.0454 0.0039 0.0003 1.0000 1.0000 0.2370 0.0205 0.0018 0.0002 1.0000 1.0000 0.1072 0.0093 0.0008 0.0001 1.0000
0.0001 0.0008 0.0090 0.1013 1.0000 1.0000 0.0001 0.0016 0.0187 0.2163 1.0000 1.0000 0.0003 0.0036 0.0414 0.4790 1.0000 1.0000 0.0007 0.0079 0.0918 1.0000 1.0000 0.0001 0.0015 0.0176 0.2036 1.0000 1.0000 0.0003 0.0034 0.0390 0.4516 1.0000 1.0000 0.0006 0.0075 0.0863 0.9981 1.0000 0.0001 0.0014 0.0162 0.1847 1.0000 1.0000 0.0002 0.0026 0.0269 0.2538 1.0000 0.2538 0.0269 0.0026 0.0002 1.0000 1.0000 0.1847 0.0162 0.0014 0.0001 1.0000 0.9981 0.0863 0.0075 0.0006 1.0000 1.0000 0.4516 0.0390 0.0034 0.0003 1.0000 1.0000 0.2036 0.0176 0.0015 0.0001 1.0000 1.0000 0.0918 0.0079 0.0007 1.0000 1.0000 0.4790 0.0414 0.0036 0.0003 1.0000 1.0000 0.2163 0.0187 0.0016 0.0001 1.0000 1.0000 0.1013 0.0090 0.0008 0.0001
0.0008 0.0093 0.1013 1.0000 1.0000 0.0001 0.0015 0.0173 0.1990 1.0000 1.0000 0.0003 0.0033 0.0378 0.4372 1.0000 1.0000 0.0006 0.0072 0.0837 0.9682 1.0000 0.0001 0.0014 0.0160 0.1858 1.0000 1.0000 0.0003 0.0031 0.0356 0.4114 1.0000 1.0000 0.0006 0.0068 0.0788 0.9110 1.0000 0.0001 0.0013 0.0149 0.1706 1.0000 1.0000 0.0002 0.0025 0.0272 0.2845 1.0000 1.0000 1.0000 0.2845 0.0272 0.0025 0.0002 1.0000 1.0000 0.1706 0.0149 0.0013 0.0001 1.0000 0.9110 0.0788 0.0068 0.0006 1.0000 1.0000 0.4114 0.0356 0.0031 0.0003 1.0000 1.0000 0.1858 0.0160 0.0014 0.0001 1.0000 0.9682 0.0837 0.0072 0.0006 1.0000 1.0000 0.4372 0.0378 0.0033 0.0003 1.0000 1.0000 0.1990 0.0173 0.0015 0.0001 1.0000 1.0000 0.1013 0.0093 0.0008
0.0093 0.1072 1.0000 1.0000 0.0001 0.0014 0.0163 0.1858 1.0000 1.0000 0.0003 0.0030 0.0346 0.3991 1.0000 1.0000 0.0006 0.0066 0.0763 0.8837 1.0000 0.0001 0.0013 0.0146 0.1693 1.0000 1.0000 0.0002 0.0028 0.0324 0.3755 1.0000 1.0000 0.0005 0.0062 0.0719 0.8315 1.0000 0.0001 0.0012 0.0136 0.1572 1.0000 1.0000 0.0002 0.0024 0.0266 0.2877 1.0000 1.0000 0.0001 1.0000 1.0000 0.2877 0.0266 0.0024 0.0002 1.0000 1.0000 0.1572 0.0136 0.0012 0.0001 1.0000 0.8315 0.0719 0.0062 0.0005 1.0000 1.0000 0.3755 0.0324 0.0028 0.0002 1.0000 1.0000 0.1693 0.0146 0.0013 0.0001 1.0000 0.8837 0.0763 0.0066 0.0006 1.0000 1.0000 0.3991 0.0346 0.0030 0.0003 1.0000 1.0000 0.1858 0.0163 0.0014 0.0001 1.0000 1.0000 0.1072 0.0093
0.1074 1.0000 1.0000 0.0001 0.0014 0.0160 0.1789 1.0000 1.0000 0.0002 0.0028 0.0319 0.3671 1.0000 1.0000 0.0005 0.0060 0.0698 0.8066 1.0000 0.0001 0.0012 0.0133 0.1545 1.0000 1.0000 0.0002 0.0026 0.0296 0.3421 1.0000 1.0000 0.0005 0.0057 0.0657 0.7590 1.0000 0.0001 0.0011 0.0125 0.1440 1.0000 1.0000 0.0002 0.0023 0.0254 0.2813 1.0000 1.0000 0.0003 0.0011 0.0003 1.0000 1.0000 0.2813 0.0254 0.0023 0.0002 1.0000 1.0000 0.1440 0.0125 0.0011 0.0001 1.0000 0.7590 0.0657 0.0057 0.0005 1.0000 1.0000 0.3421 0.0296 0.0026 0.0002 1.0000 1.0000 0.1545 0.0133 0.0012 0.0001 1.0000 0.8066 0.0698 0.0060 0.0005 1.0000 1.0000 0.3671 0.0319 0.0028 0.0002 1.0000 1.0000 0.1789 0.0160 0.0014 0.0001 1.0000 1.0000 0.1074
1.0000 1.0000 0.0001 0.0015 0.0163 0.1789 1.0000 1.0000 0.0002 0.0026 0.0298 0.3402 1.0000 1.0000 0.0005 0.0055 0.0638 0.7362 1.0000 0.0001 0.0011 0.0122 0.1408 1.0000 1.0000 0.0002 0.0023 0.0270 0.3123 1.0000 1.0000 0.0004 0.0052 0.0598 0.6928 1.0000 0.0001 0.0010 0.0114 0.1319 1.0000 1.0000 0.0002 0.0021 0.0239 0.2682 1.0000 1.0000 0.0003 0.0029 0.0122 0.0029 0.0003 1.0000 1.0000 0.2682 0.0239 0.0021 0.0002 1.0000 1.0000 0.1319 0.0114 0.0010 0.0001 1.0000 0.6928 0.0598 0.0052 0.0004 1.0000 1.0000 0.3123 0.0270 0.0023 0.0002 1.0000 1.0000 0.1408 0.0122 0.0011 0.0001 1.0000 0.7362 0.0638 0.0055 0.0005 1.0000 1.0000 0.3402 0.0298 0.0026 0.0002 1.0000 1.0000 0.1789 0.0163 0.0015 0.0001 1.0000 1.0000
1.0000 0.0002 0.0016 0.0173 0.1858 1.0000 1.0000 0.0002 0.0025 0.0284 0.3213 1.0000 1.0000 0.0004 0.0051 0.0587 0.6759 1.0000 0.0001 0.0010 0.0111 0.1287 1.0000 1.0000 0.0002 0.0021 0.0246 0.2850 1.0000 1.0000 0.0004 0.0047 0.0546 0.6311 1.0000 0.0001 0.0009 0.0104 0.1207 1.0000 1.0000 0.0002 0.0020 0.0222 0.2524 1.0000 1.0000 0.0003 0.0032 0.0306 0.1292 0.0306 0.0032 0.0003 1.0000 1.0000 0.2524 0.0222 0.0020 0.0002 1.0000 1.0000 0.1207 0.0104 0.0009 0.0001 1.0000 0.6311 0.0546 0.0047 0.0004 1.0000 1.0000 0.2850 0.0246 0.0021 0.0002 1.0000 1.0000 0.1287 0.0111 0.0010 0.0001 1.0000 0.6759 0.0587 0.0051 0.0004 1.0000 1.0000 0.3213 0.0284 0.0025 0.0002 1.0000 1.0000 0.1858 0.0173 0.0016 0.0002 1.0000
0.0002 0.0018 0.0187 0.1990 1.0000 1.0000 0.0002 0.0025 0.0279 0.3117 1.0000 1.0000 0.0004 0.0047 0.0544 0.6240 1.0000 0.0001 0.0009 0.0102 0.1177 1.0000 1.0000 0.0002 0.0019 0.0225 0.2597 1.0000 1.0000 0.0004 0.0043 0.0498 0.5761 1.0000 0.0001 0.0008 0.0095 0.1101 1.0000 1.0000 0.0002 0.0018 0.0206 0.2348 1.0000 1.0000 0.0003 0.0033 0.0343 0.3250 1.0000 0.3250 0.0343 0.0033 0.0003 1.0000 1.0000 0.2348 0.0206 0.0018 0.0002 1.0000 1.0000 0.1101 0.0095 0.0008 0.0001 1.0000 0.5761 0.0498 0.0043 0.0004 1.0000 1.0000 0.2597 0.0225 0.0019 0.0002 1.0000 1.0000 0.1177 0.0102 0.0009 0.0001 1.0000 0.6240 0.0544 0.0047 0.0004 1.0000 1.0000 0.3117 0.0279 0.0025 0.0002 1.0000 1.0000 0.1990 0.0187 0.0018 0.0002
0.0018 0.0205 0.2163 1.0000 1.0000 0.0002 0.0026 0.0284 0.3117 1.0000 1.0000 0.0004 0.0045 0.0512 0.5827 1.0000 0.0001 0.0008 0.0094 0.1081 1.0000 1.0000 0.0002 0.0018 0.0205 0.2375 1.0000 1.0000 0.0003 0.0039 0.0454 0.5258 1.0000 1.0000 0.0008 0.0087 0.1005 1.0000 1.0000 0.0001 0.0016 0.0190 0.2172 1.0000 1.0000 0.0003 0.0032 0.0347 0.3636 1.0000 1.0000 1.0000 0.3636 0.0347 0.0032 0.0003 1.0000 1.0000 0.2172 0.0190 0.0016 0.0001 1.0000 1.0000 0.1005 0.0087 0.0008 1.0000 1.0000 0.5258 0.0454 0.0039 0.0003 1.0000 1.0000 0.2375 0.0205 0.0018 0.0002 1.0000 1.0000 0.1081 0.0094 0.0008 0.0001 1.0000 0.5827 0.0512 0.0045 0.0004 1.0000 1.0000 0.3117 0.0284 0.0026 0.0002 1.0000 1.0000 0.2163 0.0205 0.0018
0.0207 0.2370 1.0000 1.0000 0.0003 0.0028 0.0298 0.3213 1.0000 1.0000 0.0004 0.0044 0.0491 0.5546 1.0000 1.0000 0.0008 0.0087 0.0996 1.0000 1.0000 0.0001 0.0016 0.0188 0.2172 1.0000 1.0000 0.0003 0.0036 0.0414 0.4790 1.0000 1.0000 0.0007 0.0079 0.0918 1.0000 1.0000 0.0001 0.0015 0.0174 0.2001 1.0000 1.0000 0.0003 0.0031 0.0339 0.3671 1.0000 1.0000 0.0001 1.0000 1.0000 0.3671 0.0339 0.0031 0.0003 1.0000 1.0000 0.2001 0.0174 0.0015 0.0001 1.0000 1.0000 0.0918 0.0079 0.0007 1.0000 1.0000 0.4790 0.0414 0.0036 0.0003 1.0000 1.0000 0.2172 0.0188 0.0016 0.0001 1.0000 1.0000 0.0996 0.0087 0.0008 1.0000 1.0000 0.5546 0.0491 0.0044 0.0004 1.0000 1.0000 0.3213 0.0298 0.0028 0.0003 1.0000 1.0000 0.2370 0.0207
0.2388 1.0000 1.0000 0.0003 0.0030 0.0319 0.3402 1.0000 1.0000 0.0004 0.0044 0.0484 0.5390 1.0000 1.0000 0.0007 0.0081 0.0928 1.0000 1.0000 0.0001 0.0015 0.0172 0.1990 1.0000 1.0000 0.0003 0.0033 0.0379 0.4381 1.0000 1.0000 0.0006 0.0072 0.0837 0.9682 1.0000 0.0001 0.0014 0.0159 0.1837 1.0000 1.0000 0.0003 0.0029 0.0323 0.3581 1.0000 1.0000 0.0004 0.0015 0.0004 1.0000 1.0000 0.3581 0.0323 0.0029 0.0003 1.0000 1.0000 0.1837 0.0159 0.0014 0.0001 1.0000 0.9682 0.0837 0.0072 0.0006 1.0000 1.0000 0.4381 0.0379 0.0033 0.0003 1.0000 1.0000 0.1990 0.0172 0.0015 0.0001 1.0000 1.0000 0.0928 0.0081 0.0007 1.0000 1.0000 0.5390 0.0484 0.0044 0.0004 1.0000 1.0000 0.3402 0.0319 0.0030 0.0003 1.0000 1.0000 0.2388
1.0000 1.0000 0.0003 0.0033 0.0346 0.3671 1.0000 1.0000 0.0004 0.0045 0.0491 0.5390 1.0000 1.0000 0.0007 0.0078 0.0877 0.9981 1.0000 0.0001 0.0014 0.0159 0.1826 1.0000 1.0000 0.0003 0.0030 0.0347 0.4006 1.0000 1.0000 0.0006 0.0066 0.0764 0.8854 1.0000 0.0001 0.0013 0.0146 0.1680 1.0000 1.0000 0.0002 0.0027 0.0304 0.3415 1.0000 1.0000 0.0004 0.0037 0.0158 0.0037 0.0004 1.0000 1.0000 0.3415 0.0304 0.0027 0.0002 1.0000 1.0000 0.1680 0.0146 0.0013 0.0001 1.0000 0.8854 0.0764 0.0066 0.0006 1.0000 1.0000 0.4006 0.0347 0.0030 0.0003 1.0000 1.0000 0.1826 0.0159 0.0014 0.0001 1.0000 0.9981 0.0877 0.0078 0.0007 1.0000 1.0000 0.5390 0.0491 0.0045 0.0004 1.0000 1.0000 0.3671 0.0346 0.0033 0.0003 1.0000 1.0000
1.0000 0.0003 0.0036 0.0378 0.3991 1.0000 1.0000 0.0004 0.0047 0.0512 0.5546 1.0000 1.0000 0.0007 0.0076 0.0845 0.9518 1.0000 0.0001 0.0013 0.0148 0.1693 1.0000 1.0000 0.0002 0.0027 0.0317 0.3664 1.0000 1.0000 0.0005 0.0060 0.0699 0.8082 1.0000 0.0001 0.0012 0.0133 0.1539 1.0000 1.0000 0.0002 0.0025 0.0283 0.3213 1.0000 1.0000 0.0004 0.0042 0.0397 0.1683 0.0397 0.0042 0.0004 1.0000 1.0000 0.3213 0.0283 0.0025 0.0002 1.0000 1.0000 0.1539 0.0133 0.0012 0.0001 1.0000 0.8082 0.0699 0.0060 0.0005 1.0000 1.0000 0.3664 0.0317 0.0027 0.0002 1.0000 1.0000 0.1693 0.0148 0.0013 0.0001 1.0000 0.9518 0.0845 0.0076 0.0007 1.0000 1.0000 0.5546 0.0512 0.0047 0.0004 1.0000 1.0000 0.3991 0.0378 0.0036 0.0003 1.0000
0.0003 0.0039 0.0414 0.4372 1.0000 1.0000 0.0005 0.0051 0.0544 0.5827 1.0000 1.0000 0.0007 0.0076 0.0836 0.9303 1.0000 0.0001 0.0012 0.0139 0.1584 1.0000 1.0000 0.0002 0.0025 0.0291 0.3357 1.0000 1.0000 0.0005 0.0055 0.0639 0.7391 1.0000 0.0001 0.0011 0.0122 0.1408 1.0000 1.0000 0.0002 0.0023 0.0263 0.2989 1.0000 1.0000 0.0004 0.0042 0.0441 0.4217 1.0000 0.4217 0.0441 0.0042 0.0004 1.0000 1.0000 0.2989 0.0263 0.0023 0.0002 1.0000 1.0000 0.1408 0.0122 0.0011 0.0001 1.0000 0.7391 0.0639 0.0055 0.0005 1.0000 1.0000 0.3357 0.0291 0.0025 0.0002 1.0000 1.0000 0.1584 0.0139 0.0012 0.0001 1.0000 0.9303 0.0836 0.0076 0.0007 1.0000 1.0000 0.5827 0.0544 0.0051 0.0005 1.0000 1.0000 0.4372 0.0414 0.0039 0.0003
0.0040 0.0454 0.4790 1.0000 1.0000 0.0005 0.0055 0.0587 0.6240 1.0000 1.0000 0.0007 0.0078 0.0845 0.9303 1.0000 0.0001 0.0012 0.0133 0.1502 1.0000 1.0000 0.0002 0.0023 0.0269 0.3093 1.0000 1.0000 0.0004 0.0051 0.0585 0.6759 1.0000 0.0001 0.0010 0.0111 0.1287 1.0000 1.0000 0.0002 0.0021 0.0241 0.2770 1.0000 1.0000 0.0004 0.0041 0.0445 0.4682 1.0000 1.0000 1.0000 0.4682 0.0445 0.0041 0.0004 1.0000 1.0000 0.2770 0.0241 0.0021 0.0002 1.0000 1.0000 0.1287 0.0111 0.0010 0.0001 1.0000 0.6759 0.0585 0.0051 0.0004 1.0000 1.0000 0.3093 0.0269 0.0023 0.0002 1.0000 1.0000 0.1502 0.0133 0.0012 0.0001 1.0000 0.9303 0.0845 0.0078 0.0007 1.0000 1.0000 0.6240 0.0587 0.0055 0.0005 1.0000 1.0000 0.4790 0.0454 0.0040
0.0458 0.5248 1.0000 1.0000 0.0006 0.0060 0.0638 0.6759 1.0000 0.0001 0.0008 0.0081 0.0877 0.9518 1.0000 0.0001 0.0012 0.0130 0.1454 1.0000 1.0000 0.0002 0.0022 0.0251 0.2872 1.0000 1.0000 0.0004 0.0047 0.0536 0.6192 1.0000 0.0001 0.0009 0.0102 0.1177 1.0000 1.0000 0.0002 0.0019 0.0222 0.2548 1.0000 1.0000 0.0003 0.0039 0.0433 0.4709 1.0000 1.0000 0.0002 1.0000 1.0000 0.4709 0.0433 0.0039 0.0003 1.0000 1.0000 0.2548 0.0222 0.0019 0.0002 1.0000 1.0000 0.1177 0.0102 0.0009 0.0001 1.0000 0.6192 0.0536 0.0047 0.0004 1.0000 1.0000 0.2872 0.0251 0.0022 0.0002 1.0000 1.0000 0.1454 0.0130 0.0012 0.0001 1.0000 0.9518 0.0877 0.0081 0.0008 0.0001 1.0000 0.6759 0.0638 0.0060 0.0006 1.0000 1.0000 0.5248 0.0458
0.5298 1.0000 1.0000 0.0006 0.0066 0.0698 0.7362 1.0000 0.0001 0.0008 0.0087 0.0928 0.9981 1.0000 0.0001 0.0012 0.0130 0.1440 1.0000 1.0000 0.0002 0.0021 0.0237 0.2697 1.0000 1.0000 0.0004 0.0043 0.0494 0.5685 1.0000 0.0001 0.0008 0.0093 0.1076 1.0000 1.0000 0.0002 0.0018 0.0203 0.2343 1.0000 1.0000 0.0003 0.0037 0.0413 0.4577 1.0000 1.0000 0.0005 0.0020 0.0005 1.0000 1.0000 0.4577 0.0413 0.0037 0.0003 1.0000 1.0000 0.2343 0.0203 0.0018 0.0002 1.0000 1.0000 0.1076 0.0093 0.0008 0.0001 1.0000 0.5685 0.0494 0.0043 0.0004 1.0000 1.0000 0.2697 0.0237 0.0021 0.0002 1.0000 1.0000 0.1440 0.0130 0.0012 0.0001 1.0000 0.9981 0.0928 0.0087 0.0008 0.0001 1.0000 0.7362 0.0698 0.0066 0.0006 1.0000 1.0000 0.5298
1.0000 1.0000 0.0007 0.0072 0.0763 0.8066 1.0000 0.0001 0.0009 0.0094 0.0996 1.0000 1.0000 0.0001 0.0012 0.0133 0.1454 1.0000 1.0000 0.0002 0.0020 0.0228 0.2572 1.0000 1.0000 0.0003 0.0040 0.0457 0.5248 1.0000 1.0000 0.0007 0.0085 0.0986 1.0000 1.0000 0.0001 0.0016 0.0186 0.2151 1.0000 1.0000 0.0003 0.0034 0.0388 0.4364 1.0000 1.0000 0.0005 0.0049 0.0207 0.0049 0.0005 1.0000 1.0000 0.4364 0.0388 0.0034 0.0003 1.0000 1.0000 0.2151 0.0186 0.0016 0.0001 1.0000 1.0000 0.0986 0.0085 0.0007 1.0000 1.0000 0.5248 0.0457 0.0040 0.0003 1.0000 1.0000 0.2572 0.0228 0.0020 0.0002 1.0000 1.0000 0.1454 0.0133 0.0012 0.0001 1.0000 1.0000 0.0996 0.0094 0.0009 0.0001 1.0000 0.8066 0.0763 0.0072 0.0007 1.0000 1.0000
0.0001 0.0008 0.0079 0.0837 0.8837 1.0000 0.0001 0.0010 0.0102 0.1081 1.0000 1.0000 0.0001 0.0013 0.0139 0.1502 1.0000 1.0000 0.0002 0.0020 0.0223 0.2495 1.0000 1.0000 0.0003 0.0038 0.0428 0.4882 1.0000 1.0000 0.0007 0.0079 0.0905 1.0000 1.0000 0.0001 0.0015 0.0171 0.1971 1.0000 1.0000 0.0003 0.0032 0.0362 0.4106 1.0000 1.0000 0.0005 0.0054 0.0518 0.2209 0.0518 0.0054 0.0005 1.0000 1.0000 0.4106 0.0362 0.0032 0.0003 1.0000 1.0000 0.1971 0.0171 0.0015 0.0001 1.0000 1.0000 0.0905 0.0079 0.0007 1.0000 1.0000 0.4882 0.0428 0.0038 0.0003 1.0000 1.0000 0.2495 0.0223 0.0020 0.0002 1.0000 1.0000 0.1502 0.0139 0.0013 0.0001 1.0000 1.0000 0.1081 0.0102 0.0010 0.0001 1.0000 0.8837 0.0837 0.0079 0.0008 0.0001
0.0008 0.0087 0.0918 0.9682 1.0000 0.0001 0.0011 0.0111 0.1177 1.0000 1.0000 0.0001 0.0014 0.0148 0.1584 1.0000 1.0000 0.0002 0.0020 0.0223 0.2471 1.0000 1.0000 0.0003 0.0036 0.0405 0.4603 1.0000 1.0000 0.0006 0.0073 0.0834 0.9608 1.0000 0.0001 0.0014 0.0157 0.1806 1.0000 1.0000 0.0003 0.0029 0.0335 0.3827 1.0000 1.0000 0.0005 0.0054 0.0573 0.5514 1.0000 0.5514 0.0573 0.0054 0.0005 1.0000 1.0000 0.3827 0.0335 0.0029 0.0003 1.0000 1.0000 0.1806 0.0157 0.0014 0.0001 1.0000 0.9608 0.0834 0.0073 0.0006 1.0000 1.0000 0.4603 0.0405 0.0036 0.0003 1.0000 1.0000 0.2471 0.0223 0.0020 0.0002 1.0000 1.0000 0.1584 0.0148 0.0014 0.0001 1.0000 1.0000 0.1177 0.0111 0.0011 0.0001 1.0000 0.9682 0.0918 0.0087 0.0008
0.0088 0.1007 1.0000 1.0000 0.0001 0.0012 0.0122 0.1287 1.0000 1.0000 0.0001 0.0015 0.0159 0.1693 1.0000 1.0000 0.0002 0.0021 0.0228 0.2495 1.0000 1.0000 0.0003 0.0035 0.0390 0.4397 1.0000 1.0000 0.0006 0.0068 0.0776 0.8888 1.0000 0.0001 0.0012 0.0144 0.1658 1.0000 1.0000 0.0002 0.0027 0.0310 0.3547 1.0000 1.0000 0.0005 0.0053 0.0574 0.6076 1.0000 1.0000 1.0000 0.6076 0.0574 0.0053 0.0005 1.0000 1.0000 0.3547 0.0310 0.0027 0.0002 1.0000 1.0000 0.1658 0.0144 0.0012 0.0001 1.0000 0.8888 0.0776 0.0068 0.0006 1.0000 1.0000 0.4397 0.0390 0.0035 0.0003 1.0000 1.0000 0.2495 0.0228 0.0021 0.0002 1.0000 1.0000 0.1693 0.0159 0.0015 0.0001 1.0000 1.0000 0.1287 0.0122 0.0012 0.0001 1.0000 1.0000 0.1007 0.0088
0.1015 1.0000 1.0000 0.0001 0.0013 0.0133 0.1408 1.0000 1.0000 0.0002 0.0016 0.0172 0.1826 1.0000 1.0000 0.0002 0.0022 0.0237 0.2572 1.0000 1.0000 0.0003 0.0034 0.0383 0.4274 1.0000 1.0000 0.0006 0.0064 0.0728 0.8300 1.0000 0.0001 0.0012 0.0133 0.1527 1.0000 1.0000 0.0002 0.0025 0.0285 0.3275 1.0000 1.0000 0.0004 0.0050 0.0556 0.6076 1.0000 1.0000 0.0002 1.0000 1.0000 0.6076 0.0556 0.0050 0.0004 1.0000 1.0000 0.3275 0.0285 0.0025 0.0002 1.0000 1.0000 0.1527 0.0133 0.0012 0.0001 1.0000 0.8300 0.0728 0.0064 0.0006 1.0000 1.0000 0.4274 0.0383 0.0034 0.0003 1.0000 1.0000 0.2572 0.0237 0.0022 0.0002 1.0000 1.0000 0.1826 0.0172 0.0016 0.0002 1.0000 1.0000 0.1408 0.0133 0.0013 0.0001 1.0000 1.0000 0.1015
1.0000 1.0000 0.0001 0.0014 0.0146 0.1545 1.0000 1.0000 0.0002 0.0018 0.0188 0.1990 1.0000 1.0000 0.0002 0.0023 0.0251 0.2697 1.0000 1.0000 0.0003 0.0035 0.0383 0.4233 1.0000 1.0000 0.0005 0.0061 0.0691 0.7839 1.0000 0.0001 0.0011 0.0123 0.1413 1.0000 1.0000 0.0002 0.0023 0.0263 0.3018 1.0000 1.0000 0.0004 0.0047 0.0530 0.5882 1.0000 1.0000 0.0006 0.0026 0.0006 1.0000 1.0000 0.5882 0.0530 0.0047 0.0004 1.0000 1.0000 0.3018 0.0263 0.0023 0.0002 1.0000 1.0000 0.1413 0.0123 0.0011 0.0001 1.0000 0.7839 0.0691 0.0061 0.0005 1.0000 1.0000 0.4233 0.0383 0.0035 0.0003 1.0000 1.0000 0.2697 0.0251 0.0023 0.0002 1.0000 1.0000 0.1990 0.0188 0.0018 0.0002 1.0000 1.0000 0.1545 0.0146 0.0014 0.0001 1.0000 1.0000
1.0000 0.0001 0.0015 0.0160 0.1693 1.0000 1.0000 0.0002 0.0019 0.0205 0.2172 1.0000 1.0000 0.0002 0.0025 0.0269 0.2872 1.0000 1.0000 0.0003 0.0036 0.0390 0.4274 1.0000 1.0000 0.0005 0.0060 0.0667 0.7504 1.0000 0.0001 0.0010 0.0115 0.1314 1.0000 1.0000 0.0002 0.0021 0.0242 0.2781 1.0000 1.0000 0.0004 0.0044 0.0498 0.5609 1.0000 1.0000 0.0007 0.0064 0.0274 0.0064 0.0007 1.0000 1.0000 0.5609 0.0498 0.0044 0.0004 1.0000 1.0000 0.2781 0.0242 0.0021 0.0002 1.0000 1.0000 0.1314 0.0115 0.0010 0.0001 1.0000 0.7504 0.0667 0.0060 0.0005 1.0000 1.0000 0.4274 0.0390 0.0036 0.0003 1.0000 1.0000 0.2872 0.0269 0.0025 0.0002 1.0000 1.0000 0.2172 0.0205 0.0019 0.0002 1.0000 1.0000 0.1693 0.0160 0.0015 0.0001 1.0000
0.0001 0.0017 0.0176 0.1858 1.0000 1.0000 0.0002 0.0021 0.0225 0.2375 1.0000 1.0000 0.0003 0.0027 0.0291 0.3093 1.0000 1.0000 0.0003 0.0038 0.0405 0.4397 1.0000 1.0000 0.0005 0.0059 0.0654 0.7307 1.0000 0.0001 0.0010 0.0109 0.1237 1.0000 1.0000 0.0002 0.0020 0.0224 0.2572 1.0000 1.0000 0.0004 0.0041 0.0465 0.5278 1.0000 1.0000 0.0007 0.0070 0.0681 0.2922 0.0681 0.0070 0.0007 1.0000 1.0000 0.5278 0.0465 0.0041 0.0004 1.0000 1.0000 0.2572 0.0224 0.0020 0.0002 1.0000 1.0000 0.1237 0.0109 0.0010 0.0001 1.0000 0.7307 0.0654 0.0059 0.0005 1.0000 1.0000 0.4397 0.0405 0.0038 0.0003 1.0000 1.0000 0.3093 0.0291 0.0027 0.0003 1.0000 1.0000 0.2375 0.0225 0.0021 0.0002 1.0000 1.0000 0.1858 0.0176 0.0017 0.0001
0.0017 0.0193 0.2036 1.0000 1.0000 0.0002 0.0023 0.0246 0.2597 1.0000 1.0000 0.0003 0.0030 0.0317 0.3357 1.0000 1.0000 0.0004 0.0040 0.0428 0.4603 1.0000 1.0000 0.0005 0.0060 0.0654 0.7238 1.0000 0.0001 0.0009 0.0104 0.1177 1.0000 1.0000 0.0002 0.0018 0.0209 0.2384 1.0000 1.0000 0.0003 0.0038 0.0434 0.4938 1.0000 1.0000 0.0006 0.0070 0.0747 0.7238 1.0000 0.7238 0.0747 0.0070 0.0006 1.0000 1.0000 0.4938 0.0434 0.0038 0.0003 1.0000 1.0000 0.2384 0.0209 0.0018 0.0002 1.0000 1.0000 0.1177 0.0104 0.0009 0.0001 1.0000 0.7238 0.0654 0.0060 0.0005 1.0000 1.0000 0.4603 0.0428 0.0040 0.0004 1.0000 1.0000 0.3357 0.0317 0.0030 0.0003 1.0000 1.0000 0.2597 0.0246 0.0023 0.0002 1.0000 1.0000 0.2036 0.0193 0.0017
0.0195 0.2234 1.0000 1.0000 0.0002 0.0026 0.0270 0.2850 1.0000 1.0000 0.0003 0.0033 0.0347 0.3664 1.0000 1.0000 0.0004 0.0043 0.0457 0.4882 1.0000 1.0000 0.0006 0.0061 0.0667 0.7307 1.0000 0.0001 0.0009 0.0102 0.1137 1.0000 1.0000 0.0002 0.0017 0.0195 0.2230 1.0000 1.0000 0.0003 0.0035 0.0403 0.4594 1.0000 1.0000 0.0006 0.0068 0.0744 0.7929 1.0000 1.0000 1.0000 0.7929 0.0744 0.0068 0.0006 1.0000 1.0000 0.4594 0.0403 0.0035 0.0003 1.0000 1.0000 0.2230 0.0195 0.0017 0.0002 1.0000 1.0000 0.1137 0.0102 0.0009 0.0001 1.0000 0.7307 0.0667 0.0061 0.0006 1.0000 1.0000 0.4882 0.0457 0.0043 0.0004 1.0000 1.0000 0.3664 0.0347 0.0033 0.0003 1.0000 1.0000 0.2850 0.0270 0.0026 0.0002 1.0000 1.0000 0.2234 0.0195
0.2251 1.0000 1.0000 0.0003 0.0028 0.0296 0.3123 1.0000 1.0000 0.0003 0.0036 0.0379 0.4006 1.0000 1.0000 0.0004 0.0047 0.0494 0.5248 1.0000 1.0000 0.0006 0.0064 0.0691 0.7504 1.0000 0.0001 0.0009 0.0101 0.1118 1.0000 1.0000 0.0001 0.0016 0.0185 0.2102 1.0000 1.0000 0.0003 0.0033 0.0375 0.4282 1.0000 1.0000 0.0006 0.0065 0.0722 0.7914 1.0000 0.0001 0.0003 0.0001 1.0000 0.7914 0.0722 0.0065 0.0006 1.0000 1.0000 0.4282 0.0375 0.0033 0.0003 1.0000 1.0000 0.2102 0.0185 0.0016 0.0001 1.0000 1.0000 0.1118 0.0101 0.0009 0.0001 1.0000 0.7504 0.0691 0.0064 0.0006 1.0000 1.0000 0.5248 0.0494 0.0047 0.0004 1.0000 1.0000 0.4006 0.0379 0.0036 0.0003 1.0000 1.0000 0.3123 0.0296 0.0028 0.0003 1.0000 1.0000 0.2251
1.0000 1.0000 0.0003 0.0031 0.0324 0.3421 1.0000 1.0000 0.0004 0.0039 0.0414 0.4381 1.0000 1.0000 0.0005 0.0051 0.0536 0.5685 1.0000 1.0000 0.0006 0.0068 0.0728 0.7839 1.0000 0.0001 0.0009 0.0102 0.1118 1.0000 1.0000 0.0001 0.0016 0.0178 0.2005 1.0000 1.0000 0.0003 0.0031 0.0350 0.3998 1.0000 1.0000 0.0005 0.0061 0.0690 0.7662 1.0000 0.0001 0.0008 0.0034 0.0008 0.0001 1.0000 0.7662 0.0690 0.0061 0.0005 1.0000 1.0000 0.3998 0.0350 0.0031 0.0003 1.0000 1.0000 0.2005 0.0178 0.0016 0.0001 1.0000 1.0000 0.1118 0.0102 0.0009 0.0001 1.0000 0.7839 0.0728 0.0068 0.0006 1.0000 1.0000 0.5685 0.0536 0.0051 0.0005 1.0000 1.0000 0.4381 0.0414 0.0039 0.0004 1.0000 1.0000 0.3421 0.0324 0.0031 0.0003 1.0000 1.0000
1.0000 0.0003 0.0034 0.0356 0.3755 1.0000 1.0000 0.0004 0.0043 0.0454 0.4790 1.0000 1.0000 0.0005 0.0055 0.0585 0.6192 1.0000 1.0000 0.0007 0.0073 0.0776 0.8300 1.0000 0.0001 0.0010 0.0104 0.1137 1.0000 1.0000 0.0001 0.0016 0.0173 0.1941 1.0000 1.0000 0.0003 0.0029 0.0329 0.3748 1.0000 1.0000 0.0005 0.0058 0.0653 0.7321 1.0000 0.0001 0.0009 0.0085 0.0364 0.0085 0.0009 0.0001 1.0000 0.7321 0.0653 0.0058 0.0005 1.0000 1.0000 0.3748 0.0329 0.0029 0.0003 1.0000 1.0000 0.1941 0.0173 0.0016 0.0001 1.0000 1.0000 0.1137 0.0104 0.0010 0.0001 1.0000 0.8300 0.0776 0.0073 0.0007 1.0000 1.0000 0.6192 0.0585 0.0055 0.0005 1.0000 1.0000 0.4790 0.0454 0.0043 0.0004 1.0000 1.0000 0.3755 0.0356 0.0034 0.0003 1.0000
0.0003 0.0037 0.0390 0.4114 1.0000 1.0000 0.0004 0.0047 0.0498 0.5258 1.0000 1.0000 0.0006 0.0060 0.0639 0.6759 1.0000 0.0001 0.0007 0.0079 0.0834 0.8888 1.0000 0.0001 0.0010 0.0109 0.1177 1.0000 1.0000 0.0001 0.0016 0.0172 0.1908 1.0000 1.0000 0.0002 0.0028 0.0313 0.3547 1.0000 1.0000 0.0005 0.0054 0.0615 0.6941 1.0000 0.0001 0.0009 0.0093 0.0904 0.3886 0.0904 0.0093 0.0009 0.0001 1.0000 0.6941 0.0615 0.0054 0.0005 1.0000 1.0000 0.3547 0.0313 0.0028 0.0002 1.0000 1.0000 0.1908 0.0172 0.0016 0.0001 1.0000 1.0000 0.1177 0.0109 0.0010 0.0001 1.0000 0.8888 0.0834 0.0079 0.0007 0.0001 1.0000 0.6759 0.0639 0.0060 0.0006 1.0000 1.0000 0.5258 0.0498 0.0047 0.0004 1.0000 1.0000 0.4114 0.0390 0.0037 0.0003
0.0037 0.0428 0.4516 1.0000 1.0000 0.0005 0.0052 0.0546 0.5761 1.0000 1.0000 0.0006 0.0066 0.0699 0.7391 1.0000 0.0001 0.0008 0.0085 0.0905 0.9608 1.0000 0.0001 0.0011 0.0115 0.1237 1.0000 1.0000 0.0001 0.0016 0.0173 0.1908 1.0000 1.0000 0.0002 0.0027 0.0302 0.3395 1.0000 1.0000 0.0005 0.0051 0.0582 0.6581 1.0000 0.0001 0.0008 0.0093 0.0988 0.9645 1.0000 0.9645 0.0988 0.0093 0.0008 0.0001 1.0000 0.6581 0.0582 0.0051 0.0005 1.0000 1.0000 0.3395 0.0302 0.0027 0.0002 1.0000 1.0000 0.1908 0.0173 0.0016 0.0001 1.0000 1.0000 0.1237 0.0115 0.0011 0.0001 1.0000 0.9608 0.0905 0.0085 0.0008 0.0001 1.0000 0.7391 0.0699 0.0066 0.0006 1.0000 1.0000 0.5761 0.0546 0.0052 0.0005 1.0000 1.0000 0.4516 0.0428 0.0037
0.0432 0.4948 1.0000 1.0000 0.0005 0.0057 0.0598 0.6311 1.0000 1.0000 0.0007 0.0072 0.0764 0.8082 1.0000 0.0001 0.0009 0.0093 0.0986 1.0000 1.0000 0.0001 0.0012 0.0123 0.1314 1.0000 1.0000 0.0002 0.0016 0.0178 0.1941 1.0000 1.0000 0.0002 0.0026 0.0295 0.3293 1.0000 1.0000 0.0004 0.0049 0.0552 0.6240 1.0000 0.0001 0.0008 0.0090 0.0988 1.0000 1.0000 1.0000 1.0000 1.0000 0.0988 0.0090 0.0008 0.0001 1.0000 0.6240 0.0552 0.0049 0.0004 1.0000 1.0000 0.3293 0.0295 0.0026 0.0002 1.0000 1.0000 0.1941 0.0178 0.0016 0.0002 1.0000 1.0000 0.1314 0.0123 0.0012 0.0001 1.0000 1.0000 0.0986 0.0093 0.0009 0.0001 1.0000 0.8082 0.0764 0.0072 0.0007 1.0000 1.0000 0.6311 0.0598 0.0057 0.0005 1.0000 1.0000 0.4948 0.0432
0.4995 1.0000 1.0000 0.0006 0.0062 0.0657 0.6928 1.0000 0.0001 0.0008 0.0079 0.0837 0.8854 1.0000 0.0001 0.0010 0.0102 0.1076 1.0000 1.0000 0.0001 0.0012 0.0133 0.1413 1.0000 1.0000 0.0002 0.0017 0.0185 0.2005 1.0000 1.0000 0.0002 0.0026 0.0293 0.3244 1.0000 1.0000 0.0004 0.0047 0.0528 0.5950 1.0000 0.0001 0.0008 0.0087 0.0966 1.0000 1.0000 0.0001 0.0004 0.0001 1.0000 1.0000 0.0966 0.0087 0.0008 0.0001 1.0000 0.5950 0.0528 0.0047 0.0004 1.0000 1.0000 0.3244 0.0293 0.0026 0.0002 1.0000 1.0000 0.2005 0.0185 0.0017 0.0002 1.0000 1.0000 0.1413 0.0133 0.0012 0.0001 1.0000 1.0000 0.1076 0.0102 0.0010 0.0001 1.0000 0.8854 0.0837 0.0079 0.0008 0.0001 1.0000 0.6928 0.0657 0.0062 0.0006 1.0000 1.0000 0.4995
1.0000 1.0000 0.0006 0.0068 0.0719 0.7590 1.0000 0.0001 0.0008 0.0087 0.0918 0.9682 1.0000 0.0001 0.0011 0.0111 0.1177 1.0000 1.0000 0.0001 0.0014 0.0144 0.1527 1.0000 1.0000 0.0002 0.0018 0.0195 0.2102 1.0000 1.0000 0.0002 0.0027 0.0295 0.3244 1.0000 1.0000 0.0004 0.0046 0.0510 0.5717 1.0000 1.0000 0.0007 0.0084 0.0933 1.0000 1.0000 0.0001 0.0011 0.0046 0.0011 0.0001 1.0000 1.0000 0.0933 0.0084 0.0007 1.0000 1.0000 0.5717 0.0510 0.0046 0.0004 1.0000 1.0000 0.3244 0.0295 0.0027 0.0002 1.0000 1.0000 0.2102 0.0195 0.0018 0.0002 1.0000 1.0000 0.1527 0.0144 0.0014 0.0001 1.0000 1.0000 0.1177 0.0111 0.0011 0.0001 1.0000 0.9682 0.0918 0.0087 0.0008 0.0001 1.0000 0.7590 0.0719 0.0068 0.0006 1.0000 1.0000
1.0000 0.0007 0.0075 0.0788 0.8315 1.0000 0.0001 0.0009 0.0095 0.1005 1.0000 1.0000 0.0001 0.0012 0.0122 0.1287 1.0000 1.0000 0.0001 0.0015 0.0157 0.1658 1.0000 1.0000 0.0002 0.0020 0.0209 0.2230 1.0000 1.0000 0.0003 0.0028 0.0302 0.3293 1.0000 1.0000 0.0004 0.0045 0.0499 0.5567 1.0000 1.0000 0.0007 0.0081 0.0902 1.0000 1.0000 0.0001 0.0012 0.0115 0.0496 0.0115 0.0012 0.0001 1.0000 1.0000 0.0902 0.0081 0.0007 1.0000 1.0000 0.5567 0.0499 0.0045 0.0004 1.0000 1.0000 0.3293 0.0302 0.0028 0.0003 1.0000 1.0000 0.2230 0.0209 0.0020 0.0002 1.0000 1.0000 0.1658 0.0157 0.0015 0.0001 1.0000 1.0000 0.1287 0.0122 0.0012 0.0001 1.0000 1.0000 0.1005 0.0095 0.0009 0.0001 1.0000 0.8315 0.0788 0.0075 0.0007 1.0000
0.0007 0.0082 0.0863 0.9110 1.0000 0.0001 0.0010 0.0104 0.1101 1.0000 1.0000 0.0001 0.0013 0.0133 0.1408 1.0000 1.0000 0.0002 0.0016 0.0171 0.1806 1.0000 1.0000 0.0002 0.0021 0.0224 0.2384 1.0000 1.0000 0.0003 0.0029 0.0313 0.3395 1.0000 1.0000 0.0004 0.0045 0.0495 0.5493 1.0000 1.0000 0.0007 0.0078 0.0873 0.9737 1.0000 0.0001 0.0012 0.0127 0.1239 0.5339 0.1239 0.0127 0.0012 0.0001 1.0000 0.9737 0.0873 0.0078 0.0007 1.0000 1.0000 0.5493 0.0495 0.0045 0.0004 1.0000 1.0000 0.3395 0.0313 0.0029 0.0003 1.0000 1.0000 0.2384 0.0224 0.0021 0.0002 1.0000 1.0000 0.1806 0.0171 0.0016 0.0002 1.0000 1.0000 0.1408 0.0133 0.0013 0.0001 1.0000 1.0000 0.1101 0.0104 0.0010 0.0001 1.0000 0.9110 0.0863 0.0082 0.0007
0.0082 0.0946 0.9981 1.0000 0.0001 0.0011 0.0114 0.1207 1.0000 1.0000 0.0001 0.0014 0.0146 0.1539 1.0000 1.0000 0.0002 0.0018 0.0186 0.1971 1.0000 1.0000 0.0002 0.0023 0.0242 0.2572 1.0000 1.0000 0.0003 0.0031 0.0329 0.3547 1.0000 1.0000 0.0004 0.0046 0.0499 0.5493 1.0000 1.0000 0.0007 0.0076 0.0850 0.9481 1.0000 0.0001 0.0012 0.0128 0.1365 1.0000 1.0000 1.0000 0.1365 0.0128 0.0012 0.0001 1.0000 0.9481 0.0850 0.0076 0.0007 1.0000 1.0000 0.5493 0.0499 0.0046 0.0004 1.0000 1.0000 0.3547 0.0329 0.0031 0.0003 1.0000 1.0000 0.2572 0.0242 0.0023 0.0002 1.0000 1.0000 0.1971 0.0186 0.0018 0.0002 1.0000 1.0000 0.1539 0.0146 0.0014 0.0001 1.0000 1.0000 0.1207 0.0114 0.0011 0.0001 1.0000 0.9981 0.0946 0.0082
0.0953 1.0000 1.0000 0.0001 0.0012 0.0125 0.1319 1.0000 1.0000 0.0001 0.0015 0.0159 0.1680 1.0000 1.0000 0.0002 0.0019 0.0203 0.2151 1.0000 1.0000 0.0002 0.0025 0.0263 0.2781 1.0000 1.0000 0.0003 0.0033 0.0350 0.3748 1.0000 1.0000 0.0004 0.0047 0.0510 0.5567 1.0000 1.0000 0.0007 0.0076 0.0837 0.9285 1.0000 0.0001 0.0012 0.0127 0.1386 1.0000 1.0000 1.0000 1.0000 1.0000 0.1386 0.0127 0.0012 0.0001 1.0000 0.9285 0.0837 0.0076 0.0007 1.0000 1.0000 0.5567 0.0510 0.0047 0.0004 1.0000 1.0000 0.3748 0.0350 0.0033 0.0003 1.0000 1.0000 0.2781 0.0263 0.0025 0.0002 1.0000 1.0000 0.2151 0.0203 0.0019 0.0002 1.0000 1.0000 0.1680 0.0159 0.0015 0.0001 1.0000 1.0000 0.1319 0.0125 0.0012 0.0001 1.0000 1.0000 0.0953
1.0000 1.0000 0.0001 0.0013 0.0136 0.1440 1.0000 1.0000 0.0002 0.0016 0.0174 0.1837 1.0000 1.0000 0.0002 0.0021 0.0222 0.2343 1.0000 1.0000 0.0003 0.0027 0.0285 0.3018 1.0000 1.0000 0.0003 0.0035 0.0375 0.3998 1.0000 1.0000 0.0005 0.0049 0.0528 0.5717 1.0000 1.0000 0.0007 0.0076 0.0833 0.9180 1.0000 0.0001 0.0011 0.0126 0.1381 1.0000 1.0000 0.0001 0.0006 0.0001 1.0000 1.0000 0.1381 0.0126 0.0011 0.0001 1.0000 0.9180 0.0833 0.0076 0.0007 1.0000 1.0000 0.5717 0.0528 0.0049 0.0005 1.0000 1.0000 0.3998 0.0375 0.0035 0.0003 1.0000 1.0000 0.3018 0.0285 0.0027 0.0003 1.0000 1.0000 0.2343 0.0222 0.0021 0.0002 1.0000 1.0000 0.1837 0.0174 0.0016 0.0002 1.0000 1.0000 0.1440 0.0136 0.0013 0.0001 1.0000 1.0000
1.0000 0.0001 0.0014 0.0149 0.1572 1.0000 1.0000 0.0002 0.0018 0.0190 0.2001 1.0000 1.0000 0.0002 0.0023 0.0241 0.2548 1.0000 1.0000 0.0003 0.0029 0.0310 0.3275 1.0000 1.0000 0.0004 0.0038 0.0403 0.4282 1.0000 1.0000 0.0005 0.0051 0.0552 0.5950 1.0000 1.0000 0.0007 0.0076 0.0837 0.9180 1.0000 0.0001 0.0011 0.0125 0.1371 1.0000 1.0000 0.0002 0.0015 0.0066 0.0015 0.0002 1.0000 1.0000 0.1371 0.0125 0.0011 0.0001 1.0000 0.9180 0.0837 0.0076 0.0007 1.0000 1.0000 0.5950 0.0552 0.0051 0.0005 1.0000 1.0000 0.4282 0.0403 0.0038 0.0004 1.0000 1.0000 0.3275 0.0310 0.0029 0.0003 1.0000 1.0000 0.2548 0.0241 0.0023 0.0002 1.0000 1.0000 0.2001 0.0190 0.0018 0.0002 1.0000 1.0000 0.1572 0.0149 0.0014 0.0001 1.0000
0.0001 0.0015 0.0162 0.1706 1.0000 1.0000 0.0002 0.0020 0.0206 0.2176 1.0000 1.0000 0.0002 0.0025 0.0263 0.2770 1.0000 1.0000 0.0003 0.0032 0.0335 0.3547 1.0000 1.0000 0.0004 0.0041 0.0434 0.4603 1.0000 1.0000 0.0005 0.0054 0.0582 0.6240 1.0000 1.0000 0.0007 0.0078 0.0850 0.9285 1.0000 0.0001 0.0011 0.0124 0.1360 1.0000 1.0000 0.0002 0.0017 0.0166 0.0712 0.0165 0.0017 0.0002 1.0000 1.0000 0.1360 0.0124 0.0011 0.0001 1.0000 0.9285 0.0850 0.0078 0.0007 1.0000 1.0000 0.6240 0.0582 0.0054 0.0005 1.0000 1.0000 0.4594 0.0434 0.0041 0.0004 1.0000 1.0000 0.3547 0.0335 0.0032 0.0003 1.0000 1.0000 0.2770 0.0263 0.0025 0.0002 1.0000 1.0000 0.2172 0.0206 0.0020 0.0002 1.0000 1.0000 0.1706 0.0162 0.0015 0.0001
0.0015 0.0175 0.1847 1.0000 1.0000 0.0002 0.0021 0.0223 0.2352 1.0000 1.0000 0.0003 0.0027 0.0284 0.2995 1.0000 1.0000 0.0003 0.0034 0.0362 0.3827 1.0000 1.0000 0.0004 0.0044 0.0466 0.4938 1.0000 1.0000 0.0005 0.0058 0.0617 0.6581 1.0000 0.0001 0.0007 0.0081 0.0873 0.9481 1.0000 0.0001 0.0011 0.0124 0.1358 1.0000 1.0000 0.0002 0.0017 0.0185 0.1795 0.7721 0.1792 0.0185 0.0017 0.0002 1.0000 1.0000 0.1358 0.0124 0.0011 0.0001 1.0000 0.9481 0.0873 0.0081 0.0007 0.0001 1.0000 0.6581 0.0615 0.0058 0.0005 1.0000 1.0000 0.4938 0.0465 0.0044 0.0004 1.0000 1.0000 0.3827 0.0362 0.0034 0.0003 1.0000 1.0000 0.2989 0.0283 0.0027 0.0003 1.0000 1.0000 0.2348 0.0222 0.0021 0.0002 1.0000 1.0000 0.1847 0.0175 0.0015
0.0173 0.1990 1.0000 1.0000 0.0002 0.0023 0.0240 0.2528 1.0000 1.0000 0.0003 0.0029 0.0305 0.3219 1.0000 1.0000 0.0003 0.0037 0.0389 0.4114 1.0000 1.0000 0.0004 0.0047 0.0500 0.5288 1.0000 1.0000 0.0006 0.0062 0.0653 0.6954 1.0000 0.0001 0.0008 0.0084 0.0904 0.9737 1.0000 0.0001 0.0011 0.0125 0.1363 1.0000 1.0000 0.0002 0.0018 0.0190 0.2005 1.0000 1.0000 1.0000 0.2001 0.0190 0.0018 0.0002 1.0000 1.0000 0.1360 0.0125 0.0011 0.0001 1.0000 0.9737 0.0902 0.0084 0.0008 0.0001 1.0000 0.6941 0.0653 0.0061 0.0006 1.0000 1.0000 0.5278 0.0498 0.0047 0.0004 1.0000 1.0000 0.4106 0.0388 0.0037 0.0003 1.0000 1.0000 0.3213 0.0304 0.0029 0.0003 1.0000 1.0000 0.2524 0.0239 0.0023 0.0002 1.0000 1.0000 0.1986 0.0173
0.1952 1.0000 1.0000 0.0002 0.0024 0.0255 0.2692 1.0000 1.0000 0.0003 0.0031 0.0325 0.3428 1.0000 1.0000 0.0004 0.0039 0.0414 0.4381 1.0000 1.0000 0.0005 0.0050 0.0532 0.5631 1.0000 1.0000 0.0006 0.0065 0.0691 0.7335 1.0000 0.0001 0.0008 0.0087 0.0937 1.0000 1.0000 0.0001 0.0012 0.0126 0.1373 1.0000 1.0000 0.0002 0.0018 0.0192 0.2059 1.0000 1.0000 0.0001 1.0000 1.0000 0.2055 0.0191 0.0018 0.0002 1.0000 1.0000 0.1371 0.0126 0.0012 0.0001 1.0000 1.0000 0.0933 0.0087 0.0008 0.0001 1.0000 0.7321 0.0690 0.0065 0.0006 1.0000 1.0000 0.5609 0.0530 0.0050 0.0005 1.0000 1.0000 0.4364 0.0413 0.0039 0.0004 1.0000 1.0000 0.3415 0.0323 0.0031 0.0003 1.0000 1.0000 0.2682 0.0254 0.0024 0.0002 1.0000 1.0000 0.1941
1.0000 1.0000 0.0002 0.0025 0.0269 0.2834 1.0000 1.0000 0.0003 0.0032 0.0342 0.3608 1.0000 1.0000 0.0004 0.0041 0.0436 0.4611 1.0000 1.0000 0.0005 0.0053 0.0560 0.5927 1.0000 1.0000 0.0006 0.0068 0.0725 0.7706 1.0000 0.0001 0.0009 0.0091 0.0970 1.0000 1.0000 0.0001 0.0012 0.0128 0.1386 1.0000 1.0000 0.0002 0.0018 0.0192 0.2075 1.0000 1.0000 0.0002 0.0009 0.0002 1.0000 1.0000 0.2067 0.0191 0.0018 0.0002 1.0000 1.0000 0.1381 0.0127 0.0012 0.0001 1.0000 1.0000 0.0966 0.0090 0.0008 0.0001 1.0000 0.7662 0.0722 0.0068 0.0006 1.0000 1.0000 0.5882 0.0556 0.0053 0.0005 1.0000 1.0000 0.4577 0.0433 0.0041 0.0004 1.0000 1.0000 0.3581 0.0339 0.0032 0.0003 1.0000 1.0000 0.2813 0.0266 0.0025 0.0002 1.0000 1.0000
1.0000 0.0002 0.0026 0.0277 0.2927 1.0000 1.0000 0.0003 0.0033 0.0353 0.3727 1.0000 1.0000 0.0004 0.0043 0.0451 0.4772 1.0000 1.0000 0.0005 0.0055 0.0579 0.6134 1.0000 1.0000 0.0007 0.0071 0.0751 0.7975 1.0000 0.0001 0.0009 0.0093 0.0996 1.0000 1.0000 0.0001 0.0012 0.0129 0.1394 1.0000 1.0000 0.0002 0.0018 0.0191 0.2067 1.0000 1.0000 0.0002 0.0022 0.0094 0.0022 0.0002 1.0000 1.0000 0.2055 0.0190 0.0017 0.0002 1.0000 1.0000 0.1386 0.0128 0.0012 0.0001 1.0000 1.0000 0.0988 0.0093 0.0009 0.0001 1.0000 0.7914 0.0744 0.0070 0.0007 1.0000 1.0000 0.6076 0.0574 0.0054 0.0005 1.0000 1.0000 0.4709 0.0445 0.0042 0.0004 1.0000 1.0000 0.3671 0.0347 0.0033 0.0003 1.0000 1.0000 0.2877 0.0272 0.0026 0.0002 1.0000
0.0002 0.0026 0.0276 0.2922 1.0000 1.0000 0.0003 0.0033 0.0352 0.3727 1.0000 1.0000 0.0004 0.0043 0.0451 0.4781 1.0000 1.0000 0.0005 0.0055 0.0582 0.6181 1.0000 1.0000 0.0007 0.0071 0.0757 0.8036 1.0000 0.0001 0.0009 0.0094 0.0999 1.0000 1.0000 0.0001 0.0012 0.0128 0.1378 1.0000 1.0000 0.0002 0.0017 0.0186 0.2016 1.0000 1.0000 0.0002 0.0024 0.0232 0.0990 0.0230 0.0024 0.0002 1.0000 1.0000 0.2001 0.0185 0.0017 0.0002 1.0000 1.0000 0.1365 0.0127 0.0012 0.0001 1.0000 1.0000 0.0988 0.0093 0.0009 0.0001 1.0000 0.7929 0.0747 0.0070 0.0007 1.0000 1.0000 0.6076 0.0573 0.0054 0.0005 1.0000 1.0000 0.4682 0.0441 0.0042 0.0004 1.0000 1.0000 0.3636 0.0343 0.0032 0.0003 1.0000 1.0000 0.2845 0.0269 0.0025 0.0002
0.0021 0.0249 0.2636 1.0000 1.0000 0.0003 0.0030 0.0317 0.3369 1.0000 1.0000 0.0004 0.0039 0.0410 0.4347 1.0000 1.0000 0.0005 0.0050 0.0532 0.5641 1.0000 1.0000 0.0006 0.0065 0.0694 0.7376 1.0000 0.0001 0.0008 0.0086 0.0918 0.9793 1.0000 0.0001 0.0011 0.0117 0.1253 1.0000 1.0000 0.0001 0.0015 0.0167 0.1809 1.0000 1.0000 0.0002 0.0022 0.0232 0.2239 0.9536 0.2222 0.0230 0.0022 0.0002 1.0000 1.0000 0.1792 0.0165 0.0015 0.0001 1.0000 1.0000 0.1239 0.0115 0.0011 0.0001 1.0000 0.9645 0.0904 0.0085 0.0008 0.0001 1.0000 0.7238 0.0681 0.0064 0.0006 1.0000 1.0000 0.5514 0.0518 0.0049 0.0005 1.0000 1.0000 0.4217 0.0397 0.0037 0.0004 1.0000 1.0000 0.3250 0.0306 0.0029 0.0003 1.0000 1.0000 0.2538 0.0239 0.0021
0.0092 0.1048 1.0000 1.0000 0.0001 0.0012 0.0125 0.1329 1.0000 1.0000 0.0001 0.0015 0.0162 0.1725 1.0000 1.0000 0.0002 0.0020 0.0211 0.2251 1.0000 1.0000 0.0002 0.0026 0.0278 0.2961 1.0000 1.0000 0.0003 0.0035 0.0368 0.3931 1.0000 1.0000 0.0004 0.0047 0.0501 0.5380 1.0000 1.0000 0.0006 0.0066 0.0718 0.7780 1.0000 0.0001 0.0009 0.0095 0.0994 0.9554 1.0000 0.9499 0.0988 0.0094 0.0009 0.0001 1.0000 0.7721 0.0712 0.0066 0.0006 1.0000 1.0000 0.5339 0.0496 0.0046 0.0004 1.0000 1.0000 0.3886 0.0364 0.0034 0.0003 1.0000 1.0000 0.2922 0.0274 0.0026 0.0002 1.0000 1.0000 0.2209 0.0207 0.0020 0.0002 1.0000 1.0000 0.1683 0.0158 0.0015 0.0001 1.0000 1.0000 0.1292 0.0122 0.0011 0.0001 1.0000 1.0000 0.1017 0.0089
0.0021 0.0242 0.2567 1.0000 1.0000 0.0003 0.0029 0.0309 0.3281 1.0000 1.0000 0.0004 0.0038 0.0400 0.4249 1.0000 1.0000 0.0005 0.0049 0.0521 0.5535 1.0000 1.0000 0.0006 0.0064 0.0683 0.7265 1.0000 0.0001 0.0008 0.0085 0.0905 0.9682 1.0000 0.0001 0.0011 0.0115 0.1241 1.0000 1.0000 0.0001 0.0015 0.0166 0.1795 1.0000 1.0000 0.0002 0.0022 0.0230 0.2226 0.9518 0.2222 0.0230 0.0022 0.0002 1.0000 1.0000 0.1792 0.0165 0.0015 0.0001 1.0000 1.0000 0.1239 0.0115 0.0011 0.0001 1.0000 0.9645 0.0904 0.0085 0.0008 0.0001 1.0000 0.7238 0.0681 0.0064 0.0006 1.0000 1.0000 0.5514 0.0518 0.0049 0.0005 1.0000 1.0000 0.4217 0.0397 0.0037 0.0004 1.0000 1.0000 0.3250 0.0306 0.0029 0.0003 1.0000 1.0000 0.2538 0.0239 0.0021
0.0002 0.0026 0.0270 0.2861 1.0000 1.0000 0.0003 0.0033 0.0345 0.3650 1.0000 1.0000 0.0004 0.0042 0.0443 0.4700 1.0000 1.0000 0.0005 0.0054 0.0574 0.6087 1.0000 1.0000 0.0007 0.0070 0.0747 0.7944 1.0000 0.0001 0.0009 0.0093 0.0990 1.0000 1.0000 0.0001 0.0012 0.0127 0.1368 1.0000 1.0000 0.0002 0.0017 0.0185 0.2005 1.0000 1.0000 0.0002 0.0024 0.0230 0.0988 0.0230 0.0024 0.0002 1.0000 1.0000 0.2001 0.0185 0.0017 0.0002 1.0000 1.0000 0.1365 0.0127 0.0012 0.0001 1.0000 1.0000 0.0988 0.0093 0.0009 0.0001 1.0000 0.7929 0.0747 0.0070 0.0007 1.0000 1.0000 0.6076 0.0573 0.0054 0.0005 1.0000 1.0000 0.4682 0.0441 0.0042 0.0004 1.0000 1.0000 0.3636 0.0343 0.0032 0.0003 1.0000 1.0000 0.2845 0.0269 0.0025 0.0002
1.0000 0.0002 0.0026 0.0273 0.2888 1.0000 1.0000 0.0003 0.0033 0.0348 0.3678 1.0000 1.0000 0.0004 0.0042 0.0445 0.4718 1.0000 1.0000 0.0005 0.0054 0.0574 0.6076 1.0000 1.0000 0.0007 0.0070 0.0746 0.7914 1.0000 0.0001 0.0009 0.0093 0.0990 1.0000 1.0000 0.0001 0.0012 0.0128 0.1386 1.0000 1.0000 0.0002 0.0017 0.0190 0.2055 1.0000 1.0000 0.0002 0.0022 0.0094 0.0022 0.0002 1.0000 1.0000 0.2055 0.0190 0.0017 0.0002 1.0000 1.0000 0.1386 0.0128 0.0012 0.0001 1.0000 1.0000 0.0988 0.0093 0.0009 0.0001 1.0000 0.7914 0.0744 0.0070 0.0007 1.0000 1.0000 0.6076 0.0574 0.0054 0.0005 1.0000 1.0000 0.4709 0.0445 0.0042 0.0004 1.0000 1.0000 0.3671 0.0347 0.0033 0.0003 1.0000 1.0000 0.2877 0.0272 0.0026 0.0002 1.0000
1.0000 1.0000 0.0002 0.0025 0.0267 0.2813 1.0000 1.0000 0.0003 0.0032 0.0339 0.3581 1.0000 1.0000 0.0004 0.0041 0.0433 0.4577 1.0000 1.0000 0.0005 0.0053 0.0556 0.5894 1.0000 1.0000 0.0006 0.0068 0.0722 0.7662 1.0000 0.0001 0.0008 0.0090 0.0966 1.0000 1.0000 0.0001 0.0012 0.0127 0.1381 1.0000 1.0000 0.0002 0.0018 0.0191 0.2067 1.0000 1.0000 0.0002 0.0009 0.0002 1.0000 1.0000 0.2067 0.0191 0.0018 0.0002 1.0000 1.0000 0.1381 0.0127 0.0012 0.0001 1.0000 1.0000 0.0966 0.0090 0.0008 0.0001 1.0000 0.7662 0.0722 0.0068 0.0006 1.0000 1.0000 0.5882 0.0556 0.0053 0.0005 1.0000 1.0000 0.4577 0.0433 0.0041 0.0004 1.0000 1.0000 0.3581 0.0339 0.0032 0.0003 1.0000 1.0000 0.2813 0.0266 0.0025 0.0002 1.0000 1.0000
0.1945 1.0000 1.0000 0.0002 0.0024 0.0254 0.2682 1.0000 1.0000 0.0003 0.0031 0.0323 0.3415 1.0000 1.0000 0.0004 0.0039 0.0413 0.4364 1.0000 1.0000 0.0005 0.0050 0.0530 0.5609 1.0000 1.0000 0.0006 0.0065 0.0690 0.7321 1.0000 0.0001 0.0008 0.0087 0.0933 1.0000 1.0000 0.0001 0.0012 0.0126 0.1371 1.0000 1.0000 0.0002 0.0018 0.0191 0.2055 1.0000 1.0000 0.0001 1.0000 1.0000 0.2055 0.0191 0.0018 0.0002 1.0000 1.0000 0.1371 0.0126 0.0012 0.0001 1.0000 1.0000 0.0933 0.0087 0.0008 0.0001 1.0000 0.7321 0.0690 0.0065 0.0006 1.0000 1.0000 0.5609 0.0530 0.0050 0.0005 1.0000 1.0000 0.4364 0.0413 0.0039 0.0004 1.0000 1.0000 0.3415 0.0323 0.0031 0.0003 1.0000 1.0000 0.2682 0.0254 0.0024 0.0002 1.0000 1.0000 0.1941
