0.2610 0.1512 0.1868 0.2973 0.4930 0.4396 0.1750 0.1558 0.2132 0.3561 0.5083 0.3616 0.1556 0.1673 0.2483 0.4263 0.4896 0.2565 0.1511 0.1853 0.2938 0.4900 0.4440 0.1776 0.1552 0.2110 0.3513 0.5086 0.3685 0.1564 0.1662 0.2454 0.4209 0.4919 0.2647 0.1511 0.1837 0.2900 0.4865 0.4484 0.1806 0.1546 0.2088 0.3466 0.5087 0.3751 0.1572 0.1650 0.2409 0.4022 0.5044 0.4022 0.2409 0.1650 0.1572 0.3751 0.5087 0.3466 0.2088 0.1546 0.1806 0.4484 0.4865 0.2900 0.1837 0.1511 0.2647 0.4919 0.4209 0.2454 0.1662 0.1564 0.3685 0.5086 0.3513 0.2110 0.1552 0.1776 0.4440 0.4900 0.2938 0.1853 0.1511 0.2565 0.4896 0.4263 0.2483 0.1673 0.1556 0.3616 0.5083 0.3561 0.2132 0.1558 0.1750 0.4396 0.4930 0.2973 0.1868 0.1512 0.2610
0.1512 0.1794 0.2938 0.4942 0.4428 0.1680 0.1448 0.2056 0.3528 0.5099 0.3670 0.1449 0.1575 0.2419 0.4248 0.4917 0.2613 0.1394 0.1766 0.2888 0.4904 0.4475 0.1714 0.1441 0.2033 0.3479 0.5101 0.3737 0.1458 0.1563 0.2389 0.4192 0.4940 0.2697 0.1395 0.1749 0.2849 0.4868 0.4518 0.1752 0.1434 0.2010 0.3430 0.5102 0.3803 0.1468 0.1552 0.2356 0.4111 0.4988 0.4112 0.4988 0.4111 0.2356 0.1552 0.1468 0.3803 0.5102 0.3430 0.2010 0.1434 0.1752 0.4518 0.4868 0.2849 0.1749 0.1395 0.2697 0.4940 0.4192 0.2389 0.1563 0.1458 0.3737 0.5101 0.3479 0.2033 0.1441 0.1714 0.4475 0.4904 0.2888 0.1766 0.1394 0.2613 0.4917 0.4248 0.2419 0.1575 0.1449 0.3670 0.5099 0.3528 0.2056 0.1448 0.1680 0.4428 0.4942 0.2938 0.1794 0.1512
0.1868 0.2938 0.4922 0.4470 0.1720 0.1439 0.2023 0.3455 0.5100 0.3772 0.1463 0.1557 0.2372 0.4161 0.4950 0.2744 0.1395 0.1740 0.2827 0.4845 0.4540 0.1776 0.1430 0.1997 0.3403 0.5100 0.3838 0.1474 0.1546 0.2342 0.4105 0.4970 0.2828 0.1396 0.1724 0.2789 0.4804 0.4580 0.1822 0.1424 0.1975 0.3356 0.5097 0.3901 0.1485 0.1535 0.2313 0.4045 0.4994 0.3123 0.1534 0.3123 0.4994 0.4045 0.2313 0.1535 0.1485 0.3901 0.5097 0.3356 0.1975 0.1424 0.1822 0.4580 0.4804 0.2789 0.1724 0.1396 0.2828 0.4970 0.4105 0.2342 0.1546 0.1474 0.3838 0.5100 0.3403 0.1997 0.1430 0.1776 0.4540 0.4845 0.2827 0.1740 0.1395 0.2744 0.4950 0.4161 0.2372 0.1557 0.1463 0.3772 0.5100 0.3455 0.2023 0.1439 0.1720 0.4470 0.4922 0.2938 0.1868
0.2973 0.4942 0.4470 0.1738 0.1434 0.2000 0.3396 0.5100 0.3863 0.1479 0.1541 0.2327 0.4075 0.4981 0.2874 0.1397 0.1715 0.2769 0.4780 0.4602 0.1850 0.1421 0.1963 0.3329 0.5095 0.3935 0.1492 0.1529 0.2297 0.4019 0.4999 0.2958 0.1399 0.1700 0.2732 0.4735 0.4639 0.1905 0.1416 0.1942 0.3283 0.5090 0.3995 0.1505 0.1519 0.2269 0.3964 0.5016 0.3075 0.1399 0.1440 0.1399 0.3075 0.5016 0.3964 0.2269 0.1519 0.1505 0.3995 0.5090 0.3283 0.1942 0.1416 0.1905 0.4639 0.4735 0.2732 0.1700 0.1399 0.2958 0.4999 0.4019 0.2297 0.1529 0.1492 0.3935 0.5095 0.3329 0.1963 0.1421 0.1850 0.4602 0.4780 0.2769 0.1715 0.1397 0.2874 0.4981 0.4075 0.2327 0.1541 0.1479 0.3863 0.5100 0.3396 0.2000 0.1434 0.1738 0.4470 0.4942 0.2973
0.4930 0.4428 0.1720 0.1434 0.1991 0.3362 0.5097 0.3934 0.1494 0.1527 0.2287 0.3995 0.5007 0.3000 0.1401 0.1692 0.2712 0.4709 0.4659 0.1938 0.1414 0.1931 0.3258 0.5086 0.4028 0.1513 0.1514 0.2254 0.3934 0.5024 0.3086 0.1404 0.1677 0.2676 0.4661 0.4694 0.2001 0.1409 0.1910 0.3213 0.5076 0.4085 0.1528 0.1504 0.2227 0.3880 0.5038 0.3172 0.1407 0.1611 0.2042 0.1611 0.1407 0.3172 0.5038 0.3880 0.2227 0.1504 0.1528 0.4085 0.5076 0.3213 0.1910 0.1409 0.2001 0.4694 0.4661 0.2676 0.1677 0.1404 0.3086 0.5024 0.3934 0.2254 0.1514 0.1513 0.4028 0.5086 0.3258 0.1931 0.1414 0.1938 0.4659 0.4709 0.2712 0.1692 0.1401 0.3000 0.5007 0.3995 0.2287 0.1527 0.1494 0.3934 0.5097 0.3362 0.1991 0.1434 0.1720 0.4428 0.4930
0.4396 0.1680 0.1439 0.2000 0.3362 0.5096 0.3973 0.1506 0.1516 0.2253 0.3924 0.5029 0.3117 0.1406 0.1670 0.2658 0.4635 0.4713 0.2038 0.1407 0.1899 0.3188 0.5070 0.4116 0.1537 0.1499 0.2212 0.3850 0.5046 0.3210 0.1410 0.1655 0.2622 0.4583 0.4746 0.2110 0.1404 0.1879 0.3144 0.5057 0.4171 0.1554 0.1490 0.2185 0.3797 0.5058 0.3288 0.1414 0.1632 0.2493 0.3508 0.2493 0.1632 0.1414 0.3288 0.5058 0.3797 0.2185 0.1490 0.1554 0.4171 0.5057 0.3144 0.1879 0.1404 0.2110 0.4746 0.4583 0.2622 0.1655 0.1410 0.3210 0.5046 0.3850 0.2212 0.1499 0.1537 0.4116 0.5070 0.3188 0.1899 0.1407 0.2038 0.4713 0.4635 0.2658 0.1670 0.1406 0.3117 0.5029 0.3924 0.2253 0.1516 0.1506 0.3973 0.5096 0.3362 0.2000 0.1439 0.1680 0.4396
0.1750 0.1448 0.2023 0.3396 0.5097 0.3973 0.1511 0.1510 0.2231 0.3868 0.5045 0.3217 0.1411 0.1650 0.2608 0.4560 0.4761 0.2147 0.1402 0.1869 0.3121 0.5048 0.4200 0.1565 0.1485 0.2171 0.3767 0.5064 0.3330 0.1417 0.1633 0.2569 0.4502 0.4793 0.2228 0.1399 0.1849 0.3078 0.5030 0.4252 0.1585 0.1477 0.2145 0.3715 0.5074 0.3406 0.1423 0.1618 0.2520 0.4320 0.5074 0.4320 0.2520 0.1618 0.1423 0.3406 0.5074 0.3715 0.2145 0.1477 0.1585 0.4252 0.5030 0.3078 0.1849 0.1399 0.2228 0.4793 0.4502 0.2569 0.1633 0.1417 0.3330 0.5064 0.3767 0.2171 0.1485 0.1565 0.4200 0.5048 0.3121 0.1869 0.1402 0.2147 0.4761 0.4560 0.2608 0.1650 0.1411 0.3217 0.5045 0.3868 0.2231 0.1510 0.1511 0.3973 0.5097 0.3396 0.2023 0.1448 0.1750
0.1558 0.2056 0.3455 0.5100 0.3934 0.1506 0.1510 0.2223 0.3838 0.5055 0.3292 0.1416 0.1633 0.2564 0.4487 0.4804 0.2260 0.1398 0.1840 0.3057 0.5019 0.4279 0.1597 0.1472 0.2132 0.3686 0.5079 0.3448 0.1426 0.1613 0.2518 0.4418 0.4838 0.2352 0.1396 0.1820 0.3013 0.4996 0.4330 0.1621 0.1464 0.2107 0.3634 0.5086 0.3520 0.1433 0.1600 0.2482 0.4339 0.4905 0.3882 0.4905 0.4339 0.2482 0.1600 0.1433 0.3520 0.5086 0.3634 0.2107 0.1464 0.1621 0.4330 0.4996 0.3013 0.1820 0.1396 0.2352 0.4838 0.4418 0.2518 0.1613 0.1426 0.3448 0.5079 0.3686 0.2132 0.1472 0.1597 0.4279 0.5019 0.3057 0.1840 0.1398 0.2260 0.4804 0.4487 0.2564 0.1633 0.1416 0.3292 0.5055 0.3838 0.2223 0.1510 0.1506 0.3934 0.5100 0.3455 0.2056 0.1558
0.2132 0.3528 0.5100 0.3863 0.1494 0.1516 0.2231 0.3838 0.5058 0.3333 0.1420 0.1621 0.2529 0.4424 0.4840 0.2368 0.1396 0.1814 0.2996 0.4984 0.4353 0.1634 0.1460 0.2094 0.3607 0.5090 0.3560 0.1437 0.1593 0.2468 0.4333 0.4879 0.2480 0.1395 0.1793 0.2949 0.4953 0.4404 0.1663 0.1452 0.2069 0.3555 0.5095 0.3631 0.1444 0.1581 0.2436 0.4273 0.4910 0.2781 0.1464 0.2781 0.4910 0.4273 0.2436 0.1581 0.1444 0.3631 0.5095 0.3555 0.2069 0.1452 0.1663 0.4404 0.4953 0.2949 0.1793 0.1395 0.2480 0.4879 0.4333 0.2468 0.1593 0.1437 0.3560 0.5090 0.3607 0.2094 0.1460 0.1634 0.4353 0.4984 0.2996 0.1814 0.1396 0.2368 0.4840 0.4424 0.2529 0.1621 0.1420 0.3333 0.5058 0.3838 0.2231 0.1516 0.1494 0.3863 0.5100 0.3528 0.2132
0.3561 0.5099 0.3772 0.1479 0.1527 0.2253 0.3868 0.5055 0.3333 0.1422 0.1615 0.2506 0.4375 0.4867 0.2464 0.1395 0.1790 0.2940 0.4944 0.4421 0.1676 0.1449 0.2058 0.3531 0.5097 0.3666 0.1449 0.1575 0.2419 0.4247 0.4916 0.2611 0.1394 0.1766 0.2888 0.4903 0.4474 0.1714 0.1441 0.2033 0.3478 0.5100 0.3736 0.1458 0.1563 0.2389 0.4191 0.4940 0.2733 0.1385 0.1474 0.1385 0.2733 0.4940 0.4191 0.2389 0.1563 0.1458 0.3736 0.5100 0.3478 0.2033 0.1441 0.1714 0.4474 0.4903 0.2888 0.1766 0.1394 0.2611 0.4916 0.4247 0.2419 0.1575 0.1449 0.3666 0.5097 0.3531 0.2058 0.1449 0.1676 0.4421 0.4944 0.2940 0.1790 0.1395 0.2464 0.4867 0.4375 0.2506 0.1615 0.1422 0.3333 0.5055 0.3868 0.2253 0.1527 0.1479 0.3772 0.5099 0.3561
0.5083 0.3670 0.1463 0.1541 0.2287 0.3924 0.5045 0.3292 0.1420 0.1615 0.2498 0.4350 0.4884 0.2535 0.1394 0.1771 0.2891 0.4901 0.4482 0.1724 0.1438 0.2024 0.3458 0.5100 0.3768 0.1463 0.1557 0.2373 0.4162 0.4950 0.2742 0.1395 0.1740 0.2828 0.4845 0.4540 0.1776 0.1431 0.1998 0.3403 0.5100 0.3838 0.1474 0.1546 0.2343 0.4105 0.4970 0.2834 0.1395 0.1668 0.2146 0.1668 0.1395 0.2834 0.4970 0.4105 0.2343 0.1546 0.1474 0.3838 0.5100 0.3403 0.1998 0.1431 0.1776 0.4540 0.4845 0.2828 0.1740 0.1395 0.2742 0.4950 0.4162 0.2373 0.1557 0.1463 0.3768 0.5100 0.3458 0.2024 0.1438 0.1724 0.4482 0.4901 0.2891 0.1771 0.1394 0.2535 0.4884 0.4350 0.2498 0.1615 0.1420 0.3292 0.5045 0.3924 0.2287 0.1541 0.1463 0.3670 0.5083
0.3616 0.1449 0.1557 0.2327 0.3995 0.5029 0.3217 0.1416 0.1621 0.2506 0.4350 0.4890 0.2574 0.1394 0.1758 0.2854 0.4861 0.4533 0.1775 0.1430 0.1993 0.3388 0.5099 0.3864 0.1479 0.1541 0.2329 0.4079 0.4980 0.2870 0.1397 0.1716 0.2770 0.4780 0.4601 0.1849 0.1421 0.1964 0.3330 0.5095 0.3935 0.1492 0.1529 0.2298 0.4020 0.4999 0.2958 0.1399 0.1691 0.2634 0.3724 0.2634 0.1691 0.1399 0.2958 0.4999 0.4020 0.2298 0.1529 0.1492 0.3935 0.5095 0.3330 0.1964 0.1421 0.1849 0.4601 0.4780 0.2770 0.1716 0.1397 0.2870 0.4980 0.4079 0.2329 0.1541 0.1479 0.3864 0.5099 0.3388 0.1993 0.1430 0.1775 0.4533 0.4861 0.2854 0.1758 0.1394 0.2574 0.4890 0.4350 0.2506 0.1621 0.1416 0.3217 0.5029 0.3995 0.2327 0.1557 0.1449 0.3616
0.1556 0.1575 0.2372 0.4075 0.5007 0.3117 0.1411 0.1633 0.2529 0.4375 0.4884 0.2574 0.1394 0.1750 0.2830 0.4829 0.4571 0.1825 0.1423 0.1965 0.3326 0.5095 0.3951 0.1496 0.1526 0.2286 0.3996 0.5006 0.2996 0.1401 0.1693 0.2714 0.4711 0.4658 0.1936 0.1414 0.1931 0.3258 0.5086 0.4027 0.1513 0.1514 0.2254 0.3935 0.5024 0.3085 0.1404 0.1675 0.2660 0.4540 0.5055 0.4540 0.2660 0.1675 0.1404 0.3085 0.5024 0.3935 0.2254 0.1514 0.1513 0.4027 0.5086 0.3258 0.1931 0.1414 0.1936 0.4658 0.4711 0.2714 0.1693 0.1401 0.2996 0.5006 0.3996 0.2286 0.1526 0.1496 0.3951 0.5095 0.3326 0.1965 0.1423 0.1825 0.4571 0.4829 0.2830 0.1750 0.1394 0.2574 0.4884 0.4375 0.2529 0.1633 0.1411 0.3117 0.5007 0.4075 0.2372 0.1575 0.1556
0.1673 0.2419 0.4161 0.4981 0.3000 0.1406 0.1650 0.2564 0.4424 0.4867 0.2535 0.1394 0.1750 0.2821 0.4812 0.4595 0.1865 0.1418 0.1943 0.3273 0.5087 0.4029 0.1515 0.1512 0.2246 0.3915 0.5030 0.3118 0.1405 0.1670 0.2660 0.4638 0.4711 0.2035 0.1407 0.1900 0.3190 0.5070 0.4115 0.1537 0.1499 0.2212 0.3850 0.5046 0.3209 0.1410 0.1654 0.2619 0.4560 0.4802 0.3616 0.4802 0.4560 0.2619 0.1654 0.1410 0.3209 0.5046 0.3850 0.2212 0.1499 0.1537 0.4115 0.5070 0.3190 0.1900 0.1407 0.2035 0.4711 0.4638 0.2660 0.1670 0.1405 0.3118 0.5030 0.3915 0.2246 0.1512 0.1515 0.4029 0.5087 0.3273 0.1943 0.1418 0.1865 0.4595 0.4812 0.2821 0.1750 0.1394 0.2535 0.4867 0.4424 0.2564 0.1650 0.1406 0.3000 0.4981 0.4161 0.2419 0.1673
0.2483 0.4248 0.4950 0.2874 0.1401 0.1670 0.2608 0.4487 0.4840 0.2464 0.1394 0.1758 0.2830 0.4812 0.4603 0.1887 0.1415 0.1928 0.3233 0.5078 0.4093 0.1534 0.1500 0.2210 0.3840 0.5049 0.3235 0.1411 0.1649 0.2608 0.4561 0.4760 0.2143 0.1402 0.1870 0.3123 0.5049 0.4198 0.1564 0.1485 0.2172 0.3768 0.5064 0.3330 0.1417 0.1633 0.2569 0.4497 0.4804 0.2432 0.1416 0.2432 0.4804 0.4497 0.2569 0.1633 0.1417 0.3330 0.5064 0.3768 0.2172 0.1485 0.1564 0.4198 0.5049 0.3123 0.1870 0.1402 0.2143 0.4760 0.4561 0.2608 0.1649 0.1411 0.3235 0.5049 0.3840 0.2210 0.1500 0.1534 0.4093 0.5078 0.3233 0.1928 0.1415 0.1887 0.4603 0.4812 0.2830 0.1758 0.1394 0.2464 0.4840 0.4487 0.2608 0.1670 0.1401 0.2874 0.4950 0.4248 0.2483
0.4263 0.4917 0.2744 0.1397 0.1692 0.2658 0.4560 0.4804 0.2368 0.1395 0.1771 0.2854 0.4829 0.4595 0.1887 0.1414 0.1920 0.3208 0.5070 0.4141 0.1551 0.1490 0.2178 0.3772 0.5065 0.3342 0.1418 0.1629 0.2558 0.4482 0.4805 0.2259 0.1398 0.1841 0.3059 0.5021 0.4276 0.1595 0.1472 0.2133 0.3688 0.5079 0.3446 0.1426 0.1613 0.2518 0.4418 0.4840 0.2386 0.1381 0.1514 0.1381 0.2386 0.4840 0.4418 0.2518 0.1613 0.1426 0.3446 0.5079 0.3688 0.2133 0.1472 0.1595 0.4276 0.5021 0.3059 0.1841 0.1398 0.2259 0.4805 0.4482 0.2558 0.1629 0.1418 0.3342 0.5065 0.3772 0.2178 0.1490 0.1551 0.4141 0.5070 0.3208 0.1920 0.1414 0.1887 0.4595 0.4829 0.2854 0.1771 0.1395 0.2368 0.4804 0.4560 0.2658 0.1692 0.1397 0.2744 0.4917 0.4263
0.4896 0.2613 0.1395 0.1715 0.2712 0.4635 0.4761 0.2260 0.1396 0.1790 0.2891 0.4861 0.4571 0.1865 0.1415 0.1920 0.3199 0.5065 0.4171 0.1564 0.1482 0.2153 0.3716 0.5076 0.3436 0.1426 0.1611 0.2511 0.4404 0.4846 0.2380 0.1396 0.1814 0.2996 0.4985 0.4351 0.1632 0.1460 0.2095 0.3610 0.5090 0.3556 0.1436 0.1594 0.2468 0.4334 0.4879 0.2487 0.1392 0.1732 0.2260 0.1732 0.1392 0.2487 0.4879 0.4334 0.2468 0.1594 0.1436 0.3556 0.5090 0.3610 0.2095 0.1460 0.1632 0.4351 0.4985 0.2996 0.1814 0.1396 0.2380 0.4846 0.4404 0.2511 0.1611 0.1426 0.3436 0.5076 0.3716 0.2153 0.1482 0.1564 0.4171 0.5065 0.3199 0.1920 0.1415 0.1865 0.4571 0.4861 0.2891 0.1790 0.1396 0.2260 0.4761 0.4635 0.2712 0.1715 0.1395 0.2613 0.4896
0.2565 0.1394 0.1740 0.2769 0.4709 0.4713 0.2147 0.1398 0.1814 0.2940 0.4901 0.4533 0.1825 0.1418 0.1928 0.3208 0.5065 0.4181 0.1571 0.1478 0.2136 0.3672 0.5084 0.3514 0.1434 0.1596 0.2469 0.4330 0.4883 0.2500 0.1394 0.1787 0.2936 0.4942 0.4422 0.1675 0.1449 0.2059 0.3534 0.5097 0.3662 0.1448 0.1575 0.2421 0.4249 0.4915 0.2611 0.1394 0.1756 0.2787 0.3951 0.2787 0.1756 0.1394 0.2611 0.4915 0.4249 0.2421 0.1575 0.1448 0.3662 0.5097 0.3534 0.2059 0.1449 0.1675 0.4422 0.4942 0.2936 0.1787 0.1394 0.2500 0.4883 0.4330 0.2469 0.1596 0.1434 0.3514 0.5084 0.3672 0.2136 0.1478 0.1571 0.4181 0.5065 0.3208 0.1928 0.1418 0.1825 0.4533 0.4901 0.2940 0.1814 0.1398 0.2147 0.4713 0.4709 0.2769 0.1740 0.1394 0.2565
0.1511 0.1766 0.2827 0.4780 0.4659 0.2038 0.1402 0.1840 0.2996 0.4944 0.4482 0.1775 0.1423 0.1943 0.3233 0.5070 0.4171 0.1571 0.1476 0.2127 0.3645 0.5089 0.3572 0.1441 0.1583 0.2434 0.4262 0.4913 0.2613 0.1394 0.1763 0.2878 0.4893 0.4488 0.1727 0.1438 0.2024 0.3460 0.5100 0.3763 0.1462 0.1558 0.2375 0.4166 0.4949 0.2738 0.1395 0.1739 0.2811 0.4742 0.5010 0.4742 0.2811 0.1739 0.1395 0.2738 0.4949 0.4166 0.2375 0.1558 0.1462 0.3763 0.5100 0.3460 0.2024 0.1438 0.1727 0.4488 0.4893 0.2878 0.1763 0.1394 0.2613 0.4913 0.4262 0.2434 0.1583 0.1441 0.3572 0.5089 0.3645 0.2127 0.1476 0.1571 0.4171 0.5070 0.3233 0.1943 0.1423 0.1775 0.4482 0.4944 0.2996 0.1840 0.1402 0.2038 0.4659 0.4780 0.2827 0.1766 0.1511
0.1853 0.2888 0.4845 0.4602 0.1938 0.1407 0.1869 0.3057 0.4984 0.4421 0.1724 0.1430 0.1965 0.3273 0.5078 0.4141 0.1564 0.1478 0.2127 0.3636 0.5091 0.3608 0.1446 0.1574 0.2406 0.4205 0.4939 0.2715 0.1395 0.1741 0.2824 0.4839 0.4549 0.1788 0.1429 0.1991 0.3387 0.5099 0.3861 0.1478 0.1542 0.2331 0.4082 0.4978 0.2865 0.1397 0.1716 0.2768 0.4762 0.4674 0.3316 0.4674 0.4762 0.2768 0.1716 0.1397 0.2865 0.4978 0.4082 0.2331 0.1542 0.1478 0.3861 0.5099 0.3387 0.1991 0.1429 0.1788 0.4549 0.4839 0.2824 0.1741 0.1395 0.2715 0.4939 0.4205 0.2406 0.1574 0.1446 0.3608 0.5091 0.3636 0.2127 0.1478 0.1564 0.4141 0.5078 0.3273 0.1965 0.1430 0.1724 0.4421 0.4984 0.3057 0.1869 0.1407 0.1938 0.4602 0.4845 0.2888 0.1853
0.2938 0.4904 0.4540 0.1850 0.1414 0.1899 0.3121 0.5019 0.4353 0.1676 0.1438 0.1993 0.3326 0.5087 0.4093 0.1551 0.1482 0.2136 0.3645 0.5091 0.3620 0.1449 0.1568 0.2386 0.4162 0.4958 0.2801 0.1396 0.1722 0.2777 0.4783 0.4603 0.1857 0.1420 0.1958 0.3317 0.5094 0.3954 0.1496 0.1526 0.2287 0.3999 0.5005 0.2991 0.1400 0.1693 0.2715 0.4709 0.4670 0.2100 0.1386 0.2100 0.4670 0.4709 0.2715 0.1693 0.1400 0.2991 0.5005 0.3999 0.2287 0.1526 0.1496 0.3954 0.5094 0.3317 0.1958 0.1420 0.1857 0.4603 0.4783 0.2777 0.1722 0.1396 0.2801 0.4958 0.4162 0.2386 0.1568 0.1449 0.3620 0.5091 0.3645 0.2136 0.1482 0.1551 0.4093 0.5087 0.3326 0.1993 0.1438 0.1676 0.4353 0.5019 0.3121 0.1899 0.1414 0.1850 0.4540 0.4904 0.2938
0.4900 0.4475 0.1776 0.1421 0.1931 0.3188 0.5048 0.4279 0.1634 0.1449 0.2024 0.3388 0.5095 0.4029 0.1534 0.1490 0.2153 0.3672 0.5089 0.3608 0.1449 0.1566 0.2376 0.4134 0.4970 0.2865 0.1398 0.1706 0.2737 0.4730 0.4650 0.1931 0.1414 0.1929 0.3251 0.5084 0.4042 0.1517 0.1511 0.2246 0.3917 0.5029 0.3114 0.1405 0.1671 0.2662 0.4639 0.4712 0.2060 0.1386 0.1561 0.1386 0.2060 0.4712 0.4639 0.2662 0.1671 0.1405 0.3114 0.5029 0.3917 0.2246 0.1511 0.1517 0.4042 0.5084 0.3251 0.1929 0.1414 0.1931 0.4650 0.4730 0.2737 0.1706 0.1398 0.2865 0.4970 0.4134 0.2376 0.1566 0.1449 0.3608 0.5089 0.3672 0.2153 0.1490 0.1534 0.4029 0.5095 0.3388 0.2024 0.1449 0.1634 0.4279 0.5048 0.3188 0.1931 0.1421 0.1776 0.4475 0.4900
0.4440 0.1714 0.1430 0.1963 0.3258 0.5070 0.4200 0.1597 0.1460 0.2058 0.3458 0.5099 0.3951 0.1515 0.1500 0.2178 0.3716 0.5084 0.3572 0.1446 0.1568 0.2376 0.4125 0.4977 0.2906 0.1399 0.1695 0.2705 0.4684 0.4688 0.2004 0.1408 0.1902 0.3190 0.5069 0.4124 0.1540 0.1497 0.2205 0.3835 0.5050 0.3234 0.1411 0.1650 0.2610 0.4564 0.4759 0.2146 0.1399 0.1806 0.2388 0.1806 0.1399 0.2146 0.4759 0.4564 0.2610 0.1650 0.1411 0.3234 0.5050 0.3835 0.2205 0.1497 0.1540 0.4124 0.5069 0.3190 0.1902 0.1408 0.2004 0.4688 0.4684 0.2705 0.1695 0.1399 0.2906 0.4977 0.4125 0.2376 0.1568 0.1446 0.3572 0.5084 0.3716 0.2178 0.1500 0.1515 0.3951 0.5099 0.3458 0.2058 0.1460 0.1597 0.4200 0.5070 0.3258 0.1963 0.1430 0.1714 0.4440
0.1776 0.1441 0.1997 0.3329 0.5086 0.4116 0.1565 0.1472 0.2094 0.3531 0.5100 0.3864 0.1496 0.1512 0.2210 0.3772 0.5076 0.3514 0.1441 0.1574 0.2386 0.4134 0.4977 0.2920 0.1400 0.1687 0.2683 0.4647 0.4717 0.2071 0.1405 0.1880 0.3137 0.5051 0.4196 0.1565 0.1484 0.2167 0.3756 0.5067 0.3350 0.1419 0.1629 0.2559 0.4485 0.4803 0.2257 0.1398 0.1832 0.2956 0.4190 0.2956 0.1832 0.1398 0.2257 0.4803 0.4485 0.2559 0.1629 0.1419 0.3350 0.5067 0.3756 0.2167 0.1484 0.1565 0.4196 0.5051 0.3137 0.1880 0.1405 0.2071 0.4717 0.4647 0.2683 0.1687 0.1400 0.2920 0.4977 0.4134 0.2386 0.1574 0.1441 0.3514 0.5076 0.3772 0.2210 0.1512 0.1496 0.3864 0.5100 0.3531 0.2094 0.1472 0.1565 0.4116 0.5086 0.3329 0.1997 0.1441 0.1776
0.1552 0.2033 0.3403 0.5095 0.4028 0.1537 0.1485 0.2132 0.3607 0.5097 0.3768 0.1479 0.1526 0.2246 0.3840 0.5065 0.3436 0.1434 0.1583 0.2406 0.4162 0.4970 0.2906 0.1400 0.1685 0.2671 0.4624 0.4737 0.2124 0.1402 0.1861 0.3091 0.5031 0.4259 0.1591 0.1473 0.2132 0.3682 0.5080 0.3461 0.1428 0.1610 0.2509 0.4403 0.4846 0.2377 0.1396 0.1812 0.2980 0.4910 0.4940 0.4910 0.2980 0.1812 0.1396 0.2377 0.4846 0.4403 0.2509 0.1610 0.1428 0.3461 0.5080 0.3682 0.2132 0.1473 0.1591 0.4259 0.5031 0.3091 0.1861 0.1402 0.2124 0.4737 0.4624 0.2671 0.1685 0.1400 0.2906 0.4970 0.4162 0.2406 0.1583 0.1434 0.3436 0.5065 0.3840 0.2246 0.1526 0.1479 0.3768 0.5097 0.3607 0.2132 0.1485 0.1537 0.4028 0.5095 0.3403 0.2033 0.1552
0.2110 0.3479 0.5100 0.3935 0.1513 0.1499 0.2171 0.3686 0.5090 0.3666 0.1463 0.1541 0.2286 0.3915 0.5049 0.3342 0.1426 0.1596 0.2434 0.4205 0.4958 0.2865 0.1399 0.1687 0.2671 0.4616 0.4748 0.2159 0.1400 0.1847 0.3056 0.5012 0.4311 0.1618 0.1463 0.2100 0.3614 0.5090 0.3563 0.1438 0.1591 0.2461 0.4321 0.4885 0.2502 0.1394 0.1787 0.2933 0.4928 0.4515 0.2977 0.4515 0.4928 0.2933 0.1787 0.1394 0.2502 0.4885 0.4321 0.2461 0.1591 0.1438 0.3563 0.5090 0.3614 0.2100 0.1463 0.1618 0.4311 0.5012 0.3056 0.1847 0.1400 0.2159 0.4748 0.4616 0.2671 0.1687 0.1399 0.2865 0.4958 0.4205 0.2434 0.1596 0.1426 0.3342 0.5049 0.3915 0.2286 0.1541 0.1463 0.3666 0.5090 0.3686 0.2171 0.1499 0.1513 0.3935 0.5100 0.3479 0.2110
0.3513 0.5101 0.3838 0.1492 0.1514 0.2212 0.3767 0.5079 0.3560 0.1449 0.1557 0.2329 0.3996 0.5030 0.3235 0.1418 0.1611 0.2469 0.4262 0.4939 0.2801 0.1398 0.1695 0.2683 0.4624 0.4748 0.2171 0.1400 0.1839 0.3031 0.4995 0.4352 0.1642 0.1455 0.2074 0.3554 0.5096 0.3655 0.1448 0.1575 0.2417 0.4239 0.4920 0.2629 0.1394 0.1762 0.2877 0.4890 0.4504 0.1829 0.1368 0.1829 0.4504 0.4890 0.2877 0.1762 0.1394 0.2629 0.4920 0.4239 0.2417 0.1575 0.1448 0.3655 0.5096 0.3554 0.2074 0.1455 0.1642 0.4352 0.4995 0.3031 0.1839 0.1400 0.2171 0.4748 0.4624 0.2683 0.1695 0.1398 0.2801 0.4939 0.4262 0.2469 0.1611 0.1418 0.3235 0.5030 0.3996 0.2329 0.1557 0.1449 0.3560 0.5079 0.3767 0.2212 0.1514 0.1492 0.3838 0.5101 0.3513
0.5086 0.3737 0.1474 0.1529 0.2254 0.3850 0.5064 0.3448 0.1437 0.1575 0.2373 0.4079 0.5006 0.3118 0.1411 0.1629 0.2511 0.4330 0.4913 0.2715 0.1396 0.1706 0.2705 0.4647 0.4737 0.2159 0.1400 0.1836 0.3018 0.4984 0.4379 0.1662 0.1449 0.2052 0.3503 0.5099 0.3735 0.1460 0.1560 0.2376 0.4162 0.4951 0.2753 0.1395 0.1737 0.2820 0.4835 0.4553 0.1805 0.1402 0.1616 0.1402 0.1805 0.4553 0.4835 0.2820 0.1737 0.1395 0.2753 0.4951 0.4162 0.2376 0.1560 0.1460 0.3735 0.5099 0.3503 0.2052 0.1449 0.1662 0.4379 0.4984 0.3018 0.1836 0.1400 0.2159 0.4737 0.4647 0.2705 0.1706 0.1396 0.2715 0.4913 0.4330 0.2511 0.1629 0.1411 0.3118 0.5006 0.4079 0.2373 0.1575 0.1437 0.3448 0.5064 0.3850 0.2254 0.1529 0.1474 0.3737 0.5086
0.3685 0.1458 0.1546 0.2297 0.3934 0.5046 0.3330 0.1426 0.1593 0.2419 0.4162 0.4980 0.2996 0.1405 0.1649 0.2558 0.4404 0.4883 0.2613 0.1395 0.1722 0.2737 0.4684 0.4717 0.2124 0.1400 0.1839 0.3018 0.4980 0.4394 0.1675 0.1445 0.2035 0.3463 0.5100 0.3801 0.1471 0.1547 0.2339 0.4090 0.4978 0.2870 0.1397 0.1714 0.2764 0.4773 0.4610 0.1865 0.1416 0.1889 0.2529 0.1889 0.1416 0.1865 0.4610 0.4773 0.2764 0.1714 0.1397 0.2870 0.4978 0.4090 0.2339 0.1547 0.1471 0.3801 0.5100 0.3463 0.2035 0.1445 0.1675 0.4394 0.4980 0.3018 0.1839 0.1400 0.2124 0.4717 0.4684 0.2737 0.1722 0.1395 0.2613 0.4883 0.4404 0.2558 0.1649 0.1405 0.2996 0.4980 0.4162 0.2419 0.1593 0.1426 0.3330 0.5046 0.3934 0.2297 0.1546 0.1458 0.3685
0.1564 0.1563 0.2342 0.4019 0.5024 0.3210 0.1417 0.1613 0.2468 0.4247 0.4950 0.2870 0.1401 0.1670 0.2608 0.4482 0.4846 0.2500 0.1394 0.1741 0.2777 0.4730 0.4688 0.2071 0.1402 0.1847 0.3031 0.4984 0.4394 0.1680 0.1443 0.2026 0.3436 0.5100 0.3853 0.1481 0.1536 0.2308 0.4026 0.5000 0.2976 0.1400 0.1693 0.2712 0.4706 0.4663 0.1947 0.1412 0.1915 0.3141 0.4430 0.3141 0.1915 0.1412 0.1947 0.4663 0.4706 0.2712 0.1693 0.1400 0.2976 0.5000 0.4026 0.2308 0.1536 0.1481 0.3853 0.5100 0.3436 0.2026 0.1443 0.1680 0.4394 0.4984 0.3031 0.1847 0.1402 0.2071 0.4688 0.4730 0.2777 0.1741 0.1394 0.2500 0.4846 0.4482 0.2608 0.1670 0.1401 0.2870 0.4950 0.4247 0.2468 0.1613 0.1417 0.3210 0.5024 0.4019 0.2342 0.1563 0.1564
0.1662 0.2389 0.4105 0.4999 0.3086 0.1410 0.1633 0.2518 0.4333 0.4916 0.2742 0.1397 0.1693 0.2660 0.4561 0.4805 0.2380 0.1394 0.1763 0.2824 0.4783 0.4650 0.2004 0.1405 0.1861 0.3056 0.4995 0.4379 0.1675 0.1443 0.2022 0.3422 0.5100 0.3888 0.1489 0.1528 0.2282 0.3972 0.5018 0.3071 0.1404 0.1674 0.2665 0.4640 0.4712 0.2041 0.1407 0.1894 0.3163 0.5020 0.4845 0.5020 0.3163 0.1894 0.1407 0.2041 0.4712 0.4640 0.2665 0.1674 0.1404 0.3071 0.5018 0.3972 0.2282 0.1528 0.1489 0.3888 0.5100 0.3422 0.2022 0.1443 0.1675 0.4379 0.4995 0.3056 0.1861 0.1405 0.2004 0.4650 0.4783 0.2824 0.1763 0.1394 0.2380 0.4805 0.4561 0.2660 0.1693 0.1397 0.2742 0.4916 0.4333 0.2518 0.1633 0.1410 0.3086 0.4999 0.4105 0.2389 0.1662
0.2454 0.4192 0.4970 0.2958 0.1404 0.1655 0.2569 0.4418 0.4879 0.2611 0.1395 0.1716 0.2714 0.4638 0.4760 0.2259 0.1396 0.1787 0.2878 0.4839 0.4603 0.1931 0.1408 0.1880 0.3091 0.5012 0.4352 0.1662 0.1445 0.2026 0.3422 0.5099 0.3906 0.1494 0.1522 0.2264 0.3929 0.5031 0.3150 0.1408 0.1658 0.2623 0.4575 0.4755 0.2139 0.1402 0.1868 0.3114 0.5036 0.4325 0.2617 0.4325 0.5036 0.3114 0.1868 0.1402 0.2139 0.4755 0.4575 0.2623 0.1658 0.1408 0.3150 0.5031 0.3929 0.2264 0.1522 0.1494 0.3906 0.5099 0.3422 0.2026 0.1445 0.1662 0.4352 0.5012 0.3091 0.1880 0.1408 0.1931 0.4603 0.4839 0.2878 0.1787 0.1396 0.2259 0.4760 0.4638 0.2714 0.1716 0.1395 0.2611 0.4879 0.4418 0.2569 0.1655 0.1404 0.2958 0.4970 0.4192 0.2454
0.4209 0.4940 0.2828 0.1399 0.1677 0.2622 0.4502 0.4838 0.2480 0.1394 0.1740 0.2770 0.4711 0.4711 0.2143 0.1398 0.1814 0.2936 0.4893 0.4549 0.1857 0.1414 0.1902 0.3137 0.5031 0.4311 0.1642 0.1449 0.2035 0.3436 0.5100 0.3906 0.1496 0.1520 0.2252 0.3900 0.5040 0.3211 0.1412 0.1644 0.2586 0.4516 0.4792 0.2236 0.1399 0.1842 0.3058 0.5017 0.4304 0.1655 0.1364 0.1655 0.4304 0.5017 0.3058 0.1842 0.1399 0.2236 0.4792 0.4516 0.2586 0.1644 0.1412 0.3211 0.5040 0.3900 0.2252 0.1520 0.1496 0.3906 0.5100 0.3436 0.2035 0.1449 0.1642 0.4311 0.5031 0.3137 0.1902 0.1414 0.1857 0.4549 0.4893 0.2936 0.1814 0.1398 0.2143 0.4711 0.4711 0.2770 0.1740 0.1394 0.2480 0.4838 0.4502 0.2622 0.1677 0.1399 0.2828 0.4940 0.4209
0.4919 0.2697 0.1396 0.1700 0.2676 0.4583 0.4793 0.2352 0.1395 0.1766 0.2828 0.4780 0.4658 0.2035 0.1402 0.1841 0.2996 0.4942 0.4488 0.1788 0.1420 0.1929 0.3190 0.5051 0.4259 0.1618 0.1455 0.2052 0.3463 0.5100 0.3888 0.1494 0.1520 0.2248 0.3885 0.5046 0.3253 0.1415 0.1634 0.2557 0.4465 0.4822 0.2325 0.1397 0.1819 0.3004 0.4987 0.4355 0.1643 0.1427 0.1678 0.1427 0.1643 0.4355 0.4987 0.3004 0.1819 0.1397 0.2325 0.4822 0.4465 0.2557 0.1634 0.1415 0.3253 0.5046 0.3885 0.2248 0.1520 0.1494 0.3888 0.5100 0.3463 0.2052 0.1455 0.1618 0.4259 0.5051 0.3190 0.1929 0.1420 0.1788 0.4488 0.4942 0.2996 0.1841 0.1402 0.2035 0.4658 0.4780 0.2828 0.1766 0.1395 0.2352 0.4793 0.4583 0.2676 0.1700 0.1396 0.2697 0.4919
0.2647 0.1395 0.1724 0.2732 0.4661 0.4746 0.2228 0.1396 0.1793 0.2888 0.4845 0.4601 0.1936 0.1407 0.1870 0.3059 0.4985 0.4422 0.1727 0.1429 0.1958 0.3251 0.5069 0.4196 0.1591 0.1463 0.2074 0.3503 0.5100 0.3853 0.1489 0.1522 0.2252 0.3885 0.5048 0.3274 0.1417 0.1627 0.2536 0.4424 0.4846 0.2403 0.1395 0.1799 0.2956 0.4953 0.4413 0.1674 0.1444 0.1984 0.2687 0.1984 0.1444 0.1674 0.4413 0.4953 0.2956 0.1799 0.1395 0.2403 0.4846 0.4424 0.2536 0.1627 0.1417 0.3274 0.5048 0.3885 0.2252 0.1522 0.1489 0.3853 0.5100 0.3503 0.2074 0.1463 0.1591 0.4196 0.5069 0.3251 0.1958 0.1429 0.1727 0.4422 0.4985 0.3059 0.1870 0.1407 0.1936 0.4601 0.4845 0.2888 0.1793 0.1396 0.2228 0.4746 0.4661 0.2732 0.1724 0.1395 0.2647
0.1511 0.1749 0.2789 0.4735 0.4694 0.2110 0.1399 0.1820 0.2949 0.4903 0.4540 0.1849 0.1414 0.1900 0.3123 0.5021 0.4351 0.1675 0.1438 0.1991 0.3317 0.5084 0.4124 0.1565 0.1473 0.2100 0.3554 0.5099 0.3801 0.1481 0.1528 0.2264 0.3900 0.5046 0.3274 0.1418 0.1623 0.2523 0.4396 0.4863 0.2465 0.1394 0.1783 0.2915 0.4918 0.4465 0.1714 0.1439 0.2015 0.3348 0.4662 0.3348 0.2015 0.1439 0.1714 0.4465 0.4918 0.2915 0.1783 0.1394 0.2465 0.4863 0.4396 0.2523 0.1623 0.1418 0.3274 0.5046 0.3900 0.2264 0.1528 0.1481 0.3801 0.5099 0.3554 0.2100 0.1473 0.1565 0.4124 0.5084 0.3317 0.1991 0.1438 0.1675 0.4351 0.5021 0.3123 0.1900 0.1414 0.1849 0.4540 0.4903 0.2949 0.1820 0.1399 0.2110 0.4694 0.4735 0.2789 0.1749 0.1511
0.1837 0.2849 0.4804 0.4639 0.2001 0.1404 0.1849 0.3013 0.4953 0.4474 0.1776 0.1421 0.1931 0.3190 0.5049 0.4276 0.1632 0.1449 0.2024 0.3387 0.5094 0.4042 0.1540 0.1484 0.2132 0.3614 0.5096 0.3735 0.1471 0.1536 0.2282 0.3929 0.5040 0.3253 0.1417 0.1623 0.2518 0.4381 0.4873 0.2510 0.1394 0.1770 0.2881 0.4885 0.4509 0.1755 0.1432 0.1997 0.3378 0.5076 0.4717 0.5076 0.3378 0.1997 0.1432 0.1755 0.4509 0.4885 0.2881 0.1770 0.1394 0.2510 0.4873 0.4381 0.2518 0.1623 0.1417 0.3253 0.5040 0.3929 0.2282 0.1536 0.1471 0.3735 0.5096 0.3614 0.2132 0.1484 0.1540 0.4042 0.5094 0.3387 0.2024 0.1449 0.1632 0.4276 0.5049 0.3190 0.1931 0.1421 0.1776 0.4474 0.4953 0.3013 0.1849 0.1404 0.2001 0.4639 0.4804 0.2849 0.1837
0.2900 0.4868 0.4580 0.1905 0.1409 0.1879 0.3078 0.4996 0.4404 0.1714 0.1431 0.1964 0.3258 0.5070 0.4198 0.1595 0.1460 0.2059 0.3460 0.5099 0.3954 0.1517 0.1497 0.2167 0.3682 0.5090 0.3655 0.1460 0.1547 0.2308 0.3972 0.5031 0.3211 0.1415 0.1627 0.2523 0.4381 0.4876 0.2533 0.1394 0.1761 0.2857 0.4857 0.4544 0.1796 0.1426 0.1975 0.3340 0.5091 0.4081 0.2224 0.4081 0.5091 0.3340 0.1975 0.1426 0.1796 0.4544 0.4857 0.2857 0.1761 0.1394 0.2533 0.4876 0.4381 0.2523 0.1627 0.1415 0.3211 0.5031 0.3972 0.2308 0.1547 0.1460 0.3655 0.5090 0.3682 0.2167 0.1497 0.1517 0.3954 0.5099 0.3460 0.2059 0.1460 0.1595 0.4198 0.5070 0.3258 0.1964 0.1431 0.1714 0.4404 0.4996 0.3078 0.1879 0.1409 0.1905 0.4580 0.4868 0.2900
0.4865 0.4518 0.1822 0.1416 0.1910 0.3144 0.5030 0.4330 0.1663 0.1441 0.1998 0.3330 0.5086 0.4115 0.1564 0.1472 0.2095 0.3534 0.5100 0.3861 0.1496 0.1511 0.2205 0.3756 0.5080 0.3563 0.1448 0.1560 0.2339 0.4026 0.5018 0.3150 0.1412 0.1634 0.2536 0.4396 0.4873 0.2533 0.1394 0.1757 0.2841 0.4837 0.4570 0.1831 0.1421 0.1955 0.3296 0.5089 0.4031 0.1539 0.1371 0.1539 0.4031 0.5089 0.3296 0.1955 0.1421 0.1831 0.4570 0.4837 0.2841 0.1757 0.1394 0.2533 0.4873 0.4396 0.2536 0.1634 0.1412 0.3150 0.5018 0.4026 0.2339 0.1560 0.1448 0.3563 0.5080 0.3756 0.2205 0.1511 0.1496 0.3861 0.5100 0.3534 0.2095 0.1472 0.1564 0.4115 0.5086 0.3330 0.1998 0.1441 0.1663 0.4330 0.5030 0.3144 0.1910 0.1416 0.1822 0.4518 0.4865
0.4484 0.1752 0.1424 0.1942 0.3213 0.5057 0.4252 0.1621 0.1452 0.2033 0.3403 0.5095 0.4027 0.1537 0.1485 0.2133 0.3610 0.5097 0.3763 0.1478 0.1526 0.2246 0.3835 0.5067 0.3461 0.1438 0.1575 0.2376 0.4090 0.5000 0.3071 0.1408 0.1644 0.2557 0.4424 0.4863 0.2510 0.1394 0.1757 0.2836 0.4826 0.4585 0.1858 0.1418 0.1940 0.3259 0.5083 0.4070 0.1532 0.1466 0.1761 0.1466 0.1532 0.4070 0.5083 0.3259 0.1940 0.1418 0.1858 0.4585 0.4826 0.2836 0.1757 0.1394 0.2510 0.4863 0.4424 0.2557 0.1644 0.1408 0.3071 0.5000 0.4090 0.2376 0.1575 0.1438 0.3461 0.5067 0.3835 0.2246 0.1526 0.1478 0.3763 0.5097 0.3610 0.2133 0.1485 0.1537 0.4027 0.5095 0.3403 0.2033 0.1452 0.1621 0.4252 0.5057 0.3213 0.1942 0.1424 0.1752 0.4484
0.1806 0.1434 0.1975 0.3283 0.5076 0.4171 0.1585 0.1464 0.2069 0.3478 0.5100 0.3935 0.1513 0.1499 0.2172 0.3688 0.5090 0.3662 0.1462 0.1542 0.2287 0.3917 0.5050 0.3350 0.1428 0.1591 0.2417 0.4162 0.4978 0.2976 0.1404 0.1658 0.2586 0.4465 0.4846 0.2465 0.1394 0.1761 0.2841 0.4826 0.4590 0.1872 0.1416 0.1929 0.3231 0.5075 0.4113 0.1543 0.1488 0.2111 0.2892 0.2111 0.1488 0.1543 0.4113 0.5075 0.3231 0.1929 0.1416 0.1872 0.4590 0.4826 0.2841 0.1761 0.1394 0.2465 0.4846 0.4465 0.2586 0.1658 0.1404 0.2976 0.4978 0.4162 0.2417 0.1591 0.1428 0.3350 0.5050 0.3917 0.2287 0.1542 0.1462 0.3662 0.5090 0.3688 0.2172 0.1499 0.1513 0.3935 0.5100 0.3478 0.2069 0.1464 0.1585 0.4171 0.5076 0.3283 0.1975 0.1434 0.1806
0.1546 0.2010 0.3356 0.5090 0.4085 0.1554 0.1477 0.2107 0.3555 0.5100 0.3838 0.1492 0.1514 0.2212 0.3768 0.5079 0.3556 0.1448 0.1558 0.2331 0.3999 0.5029 0.3234 0.1419 0.1610 0.2461 0.4239 0.4951 0.2870 0.1400 0.1674 0.2623 0.4516 0.4822 0.2403 0.1394 0.1770 0.2857 0.4837 0.4585 0.1872 0.1415 0.1924 0.3214 0.5070 0.4147 0.1555 0.1485 0.2153 0.3622 0.4890 0.3622 0.2153 0.1485 0.1555 0.4147 0.5070 0.3214 0.1924 0.1415 0.1872 0.4585 0.4837 0.2857 0.1770 0.1394 0.2403 0.4822 0.4516 0.2623 0.1674 0.1400 0.2870 0.4951 0.4239 0.2461 0.1610 0.1419 0.3234 0.5029 0.3999 0.2331 0.1558 0.1448 0.3556 0.5079 0.3768 0.2212 0.1514 0.1492 0.3838 0.5100 0.3555 0.2107 0.1477 0.1554 0.4085 0.5090 0.3356 0.2010 0.1546
0.2088 0.3430 0.5097 0.3995 0.1528 0.1490 0.2145 0.3634 0.5095 0.3736 0.1474 0.1529 0.2254 0.3850 0.5064 0.3446 0.1436 0.1575 0.2375 0.4082 0.5005 0.3114 0.1411 0.1629 0.2509 0.4321 0.4920 0.2753 0.1397 0.1693 0.2665 0.4575 0.4792 0.2325 0.1395 0.1783 0.2881 0.4857 0.4570 0.1858 0.1416 0.1924 0.3208 0.5067 0.4167 0.1564 0.1481 0.2144 0.3675 0.5079 0.4516 0.5079 0.3675 0.2144 0.1481 0.1564 0.4167 0.5067 0.3208 0.1924 0.1416 0.1858 0.4570 0.4857 0.2881 0.1783 0.1395 0.2325 0.4792 0.4575 0.2665 0.1693 0.1397 0.2753 0.4920 0.4321 0.2509 0.1629 0.1411 0.3114 0.5005 0.4082 0.2375 0.1575 0.1436 0.3446 0.5064 0.3850 0.2254 0.1529 0.1474 0.3736 0.5095 0.3634 0.2145 0.1490 0.1528 0.3995 0.5097 0.3430 0.2088
0.3466 0.5102 0.3901 0.1505 0.1504 0.2185 0.3715 0.5086 0.3631 0.1458 0.1546 0.2298 0.3935 0.5046 0.3330 0.1426 0.1594 0.2421 0.4166 0.4978 0.2991 0.1405 0.1650 0.2559 0.4403 0.4885 0.2629 0.1395 0.1714 0.2712 0.4640 0.4755 0.2236 0.1397 0.1799 0.2915 0.4885 0.4544 0.1831 0.1418 0.1929 0.3214 0.5067 0.4174 0.1569 0.1478 0.2134 0.3660 0.5086 0.3713 0.1817 0.3713 0.5086 0.3660 0.2134 0.1478 0.1569 0.4174 0.5067 0.3214 0.1929 0.1418 0.1831 0.4544 0.4885 0.2915 0.1799 0.1397 0.2236 0.4755 0.4640 0.2712 0.1714 0.1395 0.2629 0.4885 0.4403 0.2559 0.1650 0.1405 0.2991 0.4978 0.4166 0.2421 0.1594 0.1426 0.3330 0.5046 0.3935 0.2298 0.1546 0.1458 0.3631 0.5086 0.3715 0.2185 0.1504 0.1505 0.3901 0.5102 0.3466
0.5087 0.3803 0.1485 0.1519 0.2227 0.3797 0.5074 0.3520 0.1444 0.1563 0.2343 0.4020 0.5024 0.3209 0.1417 0.1613 0.2468 0.4249 0.4949 0.2865 0.1400 0.1671 0.2610 0.4485 0.4846 0.2502 0.1394 0.1737 0.2764 0.4706 0.4712 0.2139 0.1399 0.1819 0.2956 0.4918 0.4509 0.1796 0.1421 0.1940 0.3231 0.5070 0.4167 0.1569 0.1477 0.2128 0.3644 0.5089 0.3614 0.1453 0.1393 0.1453 0.3614 0.5089 0.3644 0.2128 0.1477 0.1569 0.4167 0.5070 0.3231 0.1940 0.1421 0.1796 0.4509 0.4918 0.2956 0.1819 0.1399 0.2139 0.4712 0.4706 0.2764 0.1737 0.1394 0.2502 0.4846 0.4485 0.2610 0.1671 0.1400 0.2865 0.4949 0.4249 0.2468 0.1613 0.1417 0.3209 0.5024 0.4020 0.2343 0.1563 0.1444 0.3520 0.5074 0.3797 0.2227 0.1519 0.1485 0.3803 0.5087
0.3751 0.1468 0.1535 0.2269 0.3880 0.5058 0.3406 0.1433 0.1581 0.2389 0.4105 0.4999 0.3085 0.1410 0.1633 0.2518 0.4334 0.4915 0.2738 0.1397 0.1693 0.2662 0.4564 0.4803 0.2377 0.1394 0.1762 0.2820 0.4773 0.4663 0.2041 0.1402 0.1842 0.3004 0.4953 0.4465 0.1755 0.1426 0.1955 0.3259 0.5075 0.4147 0.1564 0.1478 0.2128 0.3637 0.5091 0.3618 0.1449 0.1529 0.1884 0.1529 0.1449 0.3618 0.5091 0.3637 0.2128 0.1478 0.1564 0.4147 0.5075 0.3259 0.1955 0.1426 0.1755 0.4465 0.4953 0.3004 0.1842 0.1402 0.2041 0.4663 0.4773 0.2820 0.1762 0.1394 0.2377 0.4803 0.4564 0.2662 0.1693 0.1397 0.2738 0.4915 0.4334 0.2518 0.1633 0.1410 0.3085 0.4999 0.4105 0.2389 0.1581 0.1433 0.3406 0.5058 0.3880 0.2269 0.1535 0.1468 0.3751
0.1572 0.1552 0.2313 0.3964 0.5038 0.3288 0.1423 0.1600 0.2436 0.4191 0.4970 0.2958 0.1404 0.1654 0.2569 0.4418 0.4879 0.2611 0.1395 0.1716 0.2715 0.4639 0.4759 0.2257 0.1396 0.1787 0.2877 0.4835 0.4610 0.1947 0.1407 0.1868 0.3058 0.4987 0.4413 0.1714 0.1432 0.1975 0.3296 0.5083 0.4113 0.1555 0.1481 0.2134 0.3644 0.5091 0.3623 0.1450 0.1560 0.2298 0.3188 0.2298 0.1560 0.1450 0.3623 0.5091 0.3644 0.2134 0.1481 0.1555 0.4113 0.5083 0.3296 0.1975 0.1432 0.1714 0.4413 0.4987 0.3058 0.1868 0.1407 0.1947 0.4610 0.4835 0.2877 0.1787 0.1396 0.2257 0.4759 0.4639 0.2715 0.1716 0.1395 0.2611 0.4879 0.4418 0.2569 0.1654 0.1404 0.2958 0.4970 0.4191 0.2436 0.1600 0.1423 0.3288 0.5038 0.3964 0.2313 0.1552 0.1572
0.1650 0.2356 0.4045 0.5016 0.3172 0.1414 0.1618 0.2482 0.4273 0.4940 0.2834 0.1399 0.1675 0.2619 0.4497 0.4840 0.2487 0.1394 0.1739 0.2768 0.4709 0.4712 0.2146 0.1398 0.1812 0.2933 0.4890 0.4553 0.1865 0.1412 0.1894 0.3114 0.5017 0.4355 0.1674 0.1439 0.1997 0.3340 0.5089 0.4070 0.1543 0.1485 0.2144 0.3660 0.5089 0.3618 0.1450 0.1563 0.2358 0.4005 0.5047 0.4005 0.2358 0.1563 0.1450 0.3618 0.5089 0.3660 0.2144 0.1485 0.1543 0.4070 0.5089 0.3340 0.1997 0.1439 0.1674 0.4355 0.5017 0.3114 0.1894 0.1412 0.1865 0.4553 0.4890 0.2933 0.1812 0.1398 0.2146 0.4712 0.4709 0.2768 0.1739 0.1394 0.2487 0.4840 0.4497 0.2619 0.1675 0.1399 0.2834 0.4940 0.4273 0.2482 0.1618 0.1414 0.3172 0.5016 0.4045 0.2356 0.1650
0.2409 0.4111 0.4994 0.3075 0.1407 0.1632 0.2520 0.4339 0.4910 0.2733 0.1395 0.1691 0.2660 0.4560 0.4804 0.2386 0.1392 0.1756 0.2811 0.4762 0.4670 0.2060 0.1399 0.1832 0.2980 0.4928 0.4504 0.1805 0.1416 0.1915 0.3163 0.5036 0.4304 0.1643 0.1444 0.2015 0.3378 0.5091 0.4031 0.1532 0.1488 0.2153 0.3675 0.5086 0.3614 0.1449 0.1560 0.2358 0.4078 0.5003 0.4193 0.5003 0.4078 0.2358 0.1560 0.1449 0.3614 0.5086 0.3675 0.2153 0.1488 0.1532 0.4031 0.5091 0.3378 0.2015 0.1444 0.1643 0.4304 0.5036 0.3163 0.1915 0.1416 0.1805 0.4504 0.4928 0.2980 0.1832 0.1399 0.2060 0.4670 0.4762 0.2811 0.1756 0.1392 0.2386 0.4804 0.4560 0.2660 0.1691 0.1395 0.2733 0.4910 0.4339 0.2520 0.1632 0.1407 0.3075 0.4994 0.4111 0.2409
0.4022 0.4988 0.3123 0.1399 0.1611 0.2493 0.4320 0.4905 0.2781 0.1385 0.1668 0.2634 0.4540 0.4802 0.2432 0.1381 0.1732 0.2787 0.4742 0.4674 0.2100 0.1386 0.1806 0.2956 0.4910 0.4515 0.1829 0.1402 0.1889 0.3141 0.5020 0.4325 0.1655 0.1427 0.1984 0.3348 0.5076 0.4081 0.1539 0.1466 0.2111 0.3622 0.5079 0.3713 0.1453 0.1529 0.2298 0.4005 0.5003 0.3309 0.1592 0.3309 0.5003 0.4005 0.2298 0.1529 0.1453 0.3713 0.5079 0.3622 0.2111 0.1466 0.1539 0.4081 0.5076 0.3348 0.1984 0.1427 0.1655 0.4325 0.5020 0.3141 0.1889 0.1402 0.1829 0.4515 0.4910 0.2956 0.1806 0.1386 0.2100 0.4674 0.4742 0.2787 0.1732 0.1381 0.2432 0.4802 0.4540 0.2634 0.1668 0.1385 0.2781 0.4905 0.4320 0.2493 0.1611 0.1399 0.3123 0.4988 0.4022
0.5044 0.4112 0.1534 0.1440 0.2042 0.3508 0.5074 0.3882 0.1464 0.1474 0.2146 0.3724 0.5055 0.3616 0.1416 0.1514 0.2260 0.3951 0.5010 0.3316 0.1386 0.1561 0.2388 0.4190 0.4940 0.2977 0.1368 0.1616 0.2529 0.4430 0.4845 0.2617 0.1364 0.1678 0.2687 0.4662 0.4717 0.2224 0.1371 0.1761 0.2892 0.4890 0.4516 0.1817 0.1393 0.1884 0.3188 0.5047 0.4193 0.1592 0.1334 0.1592 0.4193 0.5047 0.3188 0.1884 0.1393 0.1817 0.4516 0.4890 0.2892 0.1761 0.1371 0.2224 0.4717 0.4662 0.2687 0.1678 0.1364 0.2617 0.4845 0.4430 0.2529 0.1616 0.1368 0.2977 0.4940 0.4190 0.2388 0.1561 0.1386 0.3316 0.5010 0.3951 0.2260 0.1514 0.1416 0.3616 0.5055 0.3724 0.2146 0.1474 0.1464 0.3882 0.5074 0.3508 0.2042 0.1440 0.1534 0.4112 0.5044
0.4022 0.4988 0.3123 0.1399 0.1611 0.2493 0.4320 0.4905 0.2781 0.1385 0.1668 0.2634 0.4540 0.4802 0.2432 0.1381 0.1732 0.2787 0.4742 0.4674 0.2100 0.1386 0.1806 0.2956 0.4910 0.4515 0.1829 0.1402 0.1889 0.3141 0.5020 0.4325 0.1655 0.1427 0.1984 0.3348 0.5076 0.4081 0.1539 0.1466 0.2111 0.3622 0.5079 0.3713 0.1453 0.1529 0.2298 0.4005 0.5003 0.3309 0.1592 0.3309 0.5003 0.4005 0.2298 0.1529 0.1453 0.3713 0.5079 0.3622 0.2111 0.1466 0.1539 0.4081 0.5076 0.3348 0.1984 0.1427 0.1655 0.4325 0.5020 0.3141 0.1889 0.1402 0.1829 0.4515 0.4910 0.2956 0.1806 0.1386 0.2100 0.4674 0.4742 0.2787 0.1732 0.1381 0.2432 0.4802 0.4540 0.2634 0.1668 0.1385 0.2781 0.4905 0.4320 0.2493 0.1611 0.1399 0.3123 0.4988 0.4022
0.2409 0.4111 0.4994 0.3075 0.1407 0.1632 0.2520 0.4339 0.4910 0.2733 0.1395 0.1691 0.2660 0.4560 0.4804 0.2386 0.1392 0.1756 0.2811 0.4762 0.4670 0.2060 0.1399 0.1832 0.2980 0.4928 0.4504 0.1805 0.1416 0.1915 0.3163 0.5036 0.4304 0.1643 0.1444 0.2015 0.3378 0.5091 0.4031 0.1532 0.1488 0.2153 0.3675 0.5086 0.3614 0.1449 0.1560 0.2358 0.4078 0.5003 0.4193 0.5003 0.4078 0.2358 0.1560 0.1449 0.3614 0.5086 0.3675 0.2153 0.1488 0.1532 0.4031 0.5091 0.3378 0.2015 0.1444 0.1643 0.4304 0.5036 0.3163 0.1915 0.1416 0.1805 0.4504 0.4928 0.2980 0.1832 0.1399 0.2060 0.4670 0.4762 0.2811 0.1756 0.1392 0.2386 0.4804 0.4560 0.2660 0.1691 0.1395 0.2733 0.4910 0.4339 0.2520 0.1632 0.1407 0.3075 0.4994 0.4111 0.2409
0.1650 0.2356 0.4045 0.5016 0.3172 0.1414 0.1618 0.2482 0.4273 0.4940 0.2834 0.1399 0.1675 0.2619 0.4497 0.4840 0.2487 0.1394 0.1739 0.2768 0.4709 0.4712 0.2146 0.1398 0.1812 0.2933 0.4890 0.4553 0.1865 0.1412 0.1894 0.3114 0.5017 0.4355 0.1674 0.1439 0.1997 0.3340 0.5089 0.4070 0.1543 0.1485 0.2144 0.3660 0.5089 0.3618 0.1450 0.1563 0.2358 0.4005 0.5047 0.4005 0.2358 0.1563 0.1450 0.3618 0.5089 0.3660 0.2144 0.1485 0.1543 0.4070 0.5089 0.3340 0.1997 0.1439 0.1674 0.4355 0.5017 0.3114 0.1894 0.1412 0.1865 0.4553 0.4890 0.2933 0.1812 0.1398 0.2146 0.4712 0.4709 0.2768 0.1739 0.1394 0.2487 0.4840 0.4497 0.2619 0.1675 0.1399 0.2834 0.4940 0.4273 0.2482 0.1618 0.1414 0.3172 0.5016 0.4045 0.2356 0.1650
0.1572 0.1552 0.2313 0.3964 0.5038 0.3288 0.1423 0.1600 0.2436 0.4191 0.4970 0.2958 0.1404 0.1654 0.2569 0.4418 0.4879 0.2611 0.1395 0.1716 0.2715 0.4639 0.4759 0.2257 0.1396 0.1787 0.2877 0.4835 0.4610 0.1947 0.1407 0.1868 0.3058 0.4987 0.4413 0.1714 0.1432 0.1975 0.3296 0.5083 0.4113 0.1555 0.1481 0.2134 0.3644 0.5091 0.3623 0.1450 0.1560 0.2298 0.3188 0.2298 0.1560 0.1450 0.3623 0.5091 0.3644 0.2134 0.1481 0.1555 0.4113 0.5083 0.3296 0.1975 0.1432 0.1714 0.4413 0.4987 0.3058 0.1868 0.1407 0.1947 0.4610 0.4835 0.2877 0.1787 0.1396 0.2257 0.4759 0.4639 0.2715 0.1716 0.1395 0.2611 0.4879 0.4418 0.2569 0.1654 0.1404 0.2958 0.4970 0.4191 0.2436 0.1600 0.1423 0.3288 0.5038 0.3964 0.2313 0.1552 0.1572
0.3751 0.1468 0.1535 0.2269 0.3880 0.5058 0.3406 0.1433 0.1581 0.2389 0.4105 0.4999 0.3085 0.1410 0.1633 0.2518 0.4334 0.4915 0.2738 0.1397 0.1693 0.2662 0.4564 0.4803 0.2377 0.1394 0.1762 0.2820 0.4773 0.4663 0.2041 0.1402 0.1842 0.3004 0.4953 0.4465 0.1755 0.1426 0.1955 0.3259 0.5075 0.4147 0.1564 0.1478 0.2128 0.3637 0.5091 0.3618 0.1449 0.1529 0.1884 0.1529 0.1449 0.3618 0.5091 0.3637 0.2128 0.1478 0.1564 0.4147 0.5075 0.3259 0.1955 0.1426 0.1755 0.4465 0.4953 0.3004 0.1842 0.1402 0.2041 0.4663 0.4773 0.2820 0.1762 0.1394 0.2377 0.4803 0.4564 0.2662 0.1693 0.1397 0.2738 0.4915 0.4334 0.2518 0.1633 0.1410 0.3085 0.4999 0.4105 0.2389 0.1581 0.1433 0.3406 0.5058 0.3880 0.2269 0.1535 0.1468 0.3751
