-0.3886 -0.3669 -0.3316 -0.2676 -0.1682 -0.0629 0.0064 0.0500 0.0832 0.1125 0.1412 0.1707 0.2016 0.2325 0.2575 0.2608 0.2097 0.0711 -0.0537 -0.1129 -0.1463 -0.1701 -0.1892 -0.2059 -0.2211 -0.2354 -0.2492 -0.2628 -0.2761 -0.2893 -0.3024 -0.3155 -0.3284 -0.3409 -0.3531 -0.3644 -0.3747 -0.3831 -0.3889 -0.3905 -0.3855 -0.3701 -0.3377 -0.2788 -0.1857 -0.0809 -0.0088 0.0338 0.0610 0.0775 0.0832 0.0775 0.0610 0.0338 -0.0088 -0.0809 -0.1857 -0.2788 -0.3377 -0.3701 -0.3855 -0.3905 -0.3889 -0.3831 -0.3747 -0.3644 -0.3531 -0.3409 -0.3283 -0.3155 -0.3024 -0.2893 -0.2761 -0.2627 -0.2492 -0.2354 -0.2211 -0.2059 -0.1892 -0.1701 -0.1463 -0.1128 -0.0537 0.0711 0.2098 0.2608 0.2575 0.2325 0.2016 0.1707 0.1412 0.1125 0.0832 0.0500 0.0064 -0.0629 -0.1682 -0.2676 -0.3316 -0.3669 -0.3886
-0.3669 -0.3251 -0.2602 -0.1617 -0.0604 0.0059 0.0481 0.0806 0.1095 0.1375 0.1663 0.1964 0.2265 0.2509 0.2541 0.2036 0.0664 -0.0563 -0.1148 -0.1475 -0.1710 -0.1899 -0.2065 -0.2216 -0.2358 -0.2496 -0.2630 -0.2763 -0.2894 -0.3024 -0.3153 -0.3280 -0.3404 -0.3523 -0.3633 -0.3731 -0.3811 -0.3862 -0.3870 -0.3811 -0.3645 -0.3308 -0.2704 -0.1765 -0.0740 -0.0043 0.0382 0.0680 0.0900 0.1046 0.1098 0.1046 0.0900 0.0680 0.0382 -0.0043 -0.0740 -0.1765 -0.2704 -0.3308 -0.3645 -0.3811 -0.3870 -0.3862 -0.3811 -0.3731 -0.3633 -0.3523 -0.3404 -0.3280 -0.3153 -0.3024 -0.2894 -0.2763 -0.2630 -0.2496 -0.2358 -0.2216 -0.2064 -0.1899 -0.1710 -0.1475 -0.1148 -0.0563 0.0665 0.2036 0.2541 0.2509 0.2265 0.1964 0.1663 0.1375 0.1094 0.0806 0.0481 0.0059 -0.0604 -0.1617 -0.2602 -0.3251 -0.3669
-0.3316 -0.2602 -0.1611 -0.0596 0.0065 0.0486 0.0811 0.1099 0.1380 0.1668 0.1969 0.2270 0.2512 0.2538 0.2020 0.0636 -0.0578 -0.1155 -0.1480 -0.1713 -0.1902 -0.2067 -0.2218 -0.2361 -0.2498 -0.2633 -0.2765 -0.2896 -0.3027 -0.3156 -0.3283 -0.3406 -0.3525 -0.3635 -0.3733 -0.3812 -0.3863 -0.3870 -0.3809 -0.3641 -0.3299 -0.2687 -0.1736 -0.0707 -0.0013 0.0418 0.0731 0.0985 0.1190 0.1333 0.1386 0.1333 0.1190 0.0985 0.0731 0.0417 -0.0013 -0.0707 -0.1736 -0.2687 -0.3299 -0.3641 -0.3809 -0.3870 -0.3863 -0.3812 -0.3733 -0.3635 -0.3525 -0.3406 -0.3282 -0.3156 -0.3027 -0.2896 -0.2765 -0.2633 -0.2498 -0.2361 -0.2218 -0.2067 -0.1902 -0.1713 -0.1480 -0.1155 -0.0578 0.0637 0.2020 0.2538 0.2512 0.2270 0.1969 0.1668 0.1380 0.1099 0.0811 0.0486 0.0065 -0.0596 -0.1611 -0.2602 -0.3316
-0.2676 -0.1617 -0.0596 0.0067 0.0489 0.0814 0.1102 0.1384 0.1672 0.1974 0.2274 0.2515 0.2535 0.2005 0.0610 -0.0592 -0.1162 -0.1485 -0.1717 -0.1905 -0.2070 -0.2221 -0.2363 -0.2501 -0.2635 -0.2767 -0.2899 -0.3029 -0.3158 -0.3285 -0.3408 -0.3527 -0.3637 -0.3735 -0.3813 -0.3863 -0.3870 -0.3807 -0.3637 -0.3291 -0.2671 -0.1712 -0.0683 0.0007 0.0438 0.0760 0.1031 0.1272 0.1478 0.1626 0.1681 0.1626 0.1478 0.1272 0.1031 0.0760 0.0438 0.0007 -0.0683 -0.1713 -0.2671 -0.3291 -0.3637 -0.3807 -0.3870 -0.3863 -0.3813 -0.3735 -0.3637 -0.3527 -0.3408 -0.3285 -0.3158 -0.3029 -0.2899 -0.2767 -0.2635 -0.2501 -0.2363 -0.2221 -0.2070 -0.1905 -0.1717 -0.1485 -0.1162 -0.0592 0.0610 0.2005 0.2535 0.2515 0.2274 0.1974 0.1672 0.1384 0.1102 0.0814 0.0489 0.0067 -0.0596 -0.1617 -0.2676
-0.1682 -0.0604 0.0065 0.0489 0.0815 0.1104 0.1386 0.1675 0.1977 0.2278 0.2517 0.2532 0.1990 0.0585 -0.0605 -0.1169 -0.1489 -0.1720 -0.1908 -0.2073 -0.2223 -0.2366 -0.2503 -0.2637 -0.2770 -0.2901 -0.3031 -0.3160 -0.3287 -0.3411 -0.3529 -0.3639 -0.3736 -0.3815 -0.3864 -0.3869 -0.3806 -0.3632 -0.3282 -0.2656 -0.1691 -0.0664 0.0021 0.0451 0.0776 0.1056 0.1317 0.1561 0.1777 0.1932 0.1990 0.1932 0.1777 0.1561 0.1317 0.1056 0.0776 0.0451 0.0021 -0.0664 -0.1691 -0.2657 -0.3282 -0.3632 -0.3806 -0.3869 -0.3864 -0.3815 -0.3736 -0.3639 -0.3529 -0.3411 -0.3287 -0.3160 -0.3031 -0.2901 -0.2770 -0.2637 -0.2503 -0.2366 -0.2223 -0.2073 -0.1908 -0.1720 -0.1489 -0.1169 -0.0605 0.0585 0.1990 0.2532 0.2517 0.2278 0.1977 0.1676 0.1386 0.1104 0.0815 0.0489 0.0065 -0.0604 -0.1682
-0.0629 0.0059 0.0486 0.0814 0.1104 0.1387 0.1677 0.1980 0.2281 0.2519 0.2530 0.1976 0.0562 -0.0617 -0.1175 -0.1493 -0.1724 -0.1911 -0.2075 -0.2226 -0.2368 -0.2505 -0.2640 -0.2772 -0.2903 -0.3034 -0.3162 -0.3289 -0.3413 -0.3531 -0.3641 -0.3738 -0.3816 -0.3865 -0.3869 -0.3804 -0.3628 -0.3274 -0.2642 -0.1671 -0.0647 0.0033 0.0461 0.0787 0.1072 0.1342 0.1608 0.1864 0.2087 0.2240 0.2294 0.2240 0.2087 0.1864 0.1608 0.1342 0.1072 0.0787 0.0461 0.0032 -0.0647 -0.1671 -0.2642 -0.3274 -0.3628 -0.3804 -0.3869 -0.3865 -0.3816 -0.3738 -0.3641 -0.3531 -0.3413 -0.3289 -0.3162 -0.3034 -0.2903 -0.2772 -0.2640 -0.2505 -0.2368 -0.2226 -0.2075 -0.1911 -0.1724 -0.1493 -0.1175 -0.0617 0.0562 0.1976 0.2530 0.2519 0.2281 0.1980 0.1677 0.1387 0.1104 0.0814 0.0486 0.0059 -0.0629
0.0064 0.0481 0.0811 0.1102 0.1386 0.1677 0.1981 0.2283 0.2520 0.2528 0.1965 0.0543 -0.0628 -0.1180 -0.1497 -0.1727 -0.1914 -0.2078 -0.2228 -0.2370 -0.2508 -0.2642 -0.2774 -0.2906 -0.3036 -0.3165 -0.3291 -0.3415 -0.3533 -0.3643 -0.3739 -0.3817 -0.3865 -0.3868 -0.3802 -0.3623 -0.3265 -0.2627 -0.1651 -0.0631 0.0043 0.0469 0.0795 0.1082 0.1357 0.1634 0.1912 0.2174 0.2380 0.2495 0.2527 0.2495 0.2380 0.2174 0.1912 0.1634 0.1357 0.1082 0.0795 0.0469 0.0042 -0.0631 -0.1651 -0.2628 -0.3265 -0.3623 -0.3802 -0.3868 -0.3865 -0.3817 -0.3739 -0.3643 -0.3533 -0.3415 -0.3291 -0.3165 -0.3036 -0.2906 -0.2774 -0.2642 -0.2508 -0.2370 -0.2228 -0.2078 -0.1914 -0.1727 -0.1497 -0.1180 -0.0628 0.0543 0.1965 0.2528 0.2520 0.2283 0.1981 0.1677 0.1386 0.1102 0.0811 0.0481 0.0064
0.0500 0.0806 0.1099 0.1383 0.1675 0.1980 0.2283 0.2521 0.2527 0.1958 0.0529 -0.0636 -0.1185 -0.1501 -0.1730 -0.1917 -0.2080 -0.2230 -0.2373 -0.2510 -0.2644 -0.2777 -0.2908 -0.3038 -0.3167 -0.3294 -0.3417 -0.3535 -0.3644 -0.3741 -0.3818 -0.3866 -0.3868 -0.3799 -0.3619 -0.3256 -0.2613 -0.1631 -0.0615 0.0052 0.0476 0.0802 0.1089 0.1367 0.1650 0.1939 0.2221 0.2450 0.2561 0.2541 0.2502 0.2541 0.2561 0.2449 0.2221 0.1939 0.1650 0.1367 0.1089 0.0801 0.0476 0.0052 -0.0615 -0.1632 -0.2613 -0.3257 -0.3619 -0.3799 -0.3868 -0.3866 -0.3818 -0.3741 -0.3644 -0.3535 -0.3417 -0.3294 -0.3167 -0.3038 -0.2908 -0.2776 -0.2644 -0.2510 -0.2373 -0.2230 -0.2080 -0.1917 -0.1730 -0.1501 -0.1185 -0.0636 0.0529 0.1958 0.2527 0.2521 0.2283 0.1980 0.1676 0.1384 0.1099 0.0806 0.0500
0.0832 0.1094 0.1380 0.1672 0.1977 0.2281 0.2520 0.2527 0.1956 0.0522 -0.0641 -0.1188 -0.1503 -0.1732 -0.1919 -0.2082 -0.2233 -0.2375 -0.2512 -0.2646 -0.2779 -0.2910 -0.3040 -0.3169 -0.3296 -0.3419 -0.3537 -0.3646 -0.3743 -0.3819 -0.3866 -0.3867 -0.3797 -0.3614 -0.3248 -0.2598 -0.1612 -0.0600 0.0061 0.0483 0.0807 0.1095 0.1375 0.1660 0.1956 0.2247 0.2483 0.2566 0.2394 0.2042 0.1851 0.2043 0.2394 0.2566 0.2483 0.2247 0.1956 0.1660 0.1375 0.1095 0.0807 0.0483 0.0061 -0.0600 -0.1612 -0.2598 -0.3248 -0.3614 -0.3797 -0.3867 -0.3866 -0.3819 -0.3742 -0.3646 -0.3537 -0.3419 -0.3296 -0.3169 -0.3040 -0.2910 -0.2779 -0.2646 -0.2512 -0.2375 -0.2233 -0.2082 -0.1919 -0.1732 -0.1503 -0.1188 -0.0641 0.0522 0.1956 0.2527 0.2520 0.2281 0.1977 0.1672 0.1380 0.1094 0.0832
0.1125 0.1375 0.1668 0.1974 0.2278 0.2519 0.2528 0.1958 0.0522 -0.0643 -0.1190 -0.1505 -0.1734 -0.1920 -0.2084 -0.2234 -0.2377 -0.2514 -0.2648 -0.2781 -0.2912 -0.3042 -0.3171 -0.3298 -0.3421 -0.3539 -0.3648 -0.3744 -0.3820 -0.3866 -0.3867 -0.3795 -0.3609 -0.3239 -0.2583 -0.1592 -0.0585 0.0070 0.0489 0.0813 0.1101 0.1381 0.1668 0.1966 0.2262 0.2501 0.2555 0.2233 0.1468 0.0668 0.0374 0.0668 0.1468 0.2233 0.2555 0.2501 0.2262 0.1966 0.1668 0.1381 0.1101 0.0813 0.0489 0.0070 -0.0585 -0.1592 -0.2584 -0.3239 -0.3609 -0.3795 -0.3867 -0.3866 -0.3820 -0.3744 -0.3648 -0.3539 -0.3421 -0.3298 -0.3171 -0.3042 -0.2912 -0.2781 -0.2648 -0.2514 -0.2376 -0.2234 -0.2084 -0.1920 -0.1733 -0.1505 -0.1190 -0.0643 0.0522 0.1958 0.2528 0.2519 0.2278 0.1974 0.1668 0.1375 0.1125
0.1412 0.1663 0.1969 0.2274 0.2517 0.2530 0.1965 0.0529 -0.0641 -0.1190 -0.1505 -0.1734 -0.1921 -0.2085 -0.2236 -0.2378 -0.2515 -0.2650 -0.2782 -0.2914 -0.3044 -0.3173 -0.3300 -0.3423 -0.3540 -0.3649 -0.3745 -0.3821 -0.3867 -0.3866 -0.3793 -0.3605 -0.3231 -0.2569 -0.1573 -0.0570 0.0079 0.0496 0.0818 0.1106 0.1386 0.1674 0.1974 0.2272 0.2510 0.2544 0.2116 0.1043 -0.0051 -0.0574 -0.0716 -0.0574 -0.0051 0.1044 0.2116 0.2544 0.2510 0.2272 0.1974 0.1674 0.1386 0.1106 0.0818 0.0495 0.0079 -0.0570 -0.1573 -0.2569 -0.3231 -0.3605 -0.3793 -0.3866 -0.3867 -0.3821 -0.3745 -0.3649 -0.3540 -0.3423 -0.3300 -0.3173 -0.3044 -0.2914 -0.2782 -0.2650 -0.2515 -0.2378 -0.2236 -0.2085 -0.1921 -0.1734 -0.1505 -0.1190 -0.0641 0.0529 0.1965 0.2530 0.2517 0.2274 0.1969 0.1663 0.1412
0.1707 0.1964 0.2270 0.2515 0.2532 0.1976 0.0543 -0.0636 -0.1188 -0.1505 -0.1734 -0.1922 -0.2086 -0.2236 -0.2379 -0.2517 -0.2651 -0.2784 -0.2915 -0.3046 -0.3175 -0.3301 -0.3425 -0.3542 -0.3651 -0.3747 -0.3822 -0.3867 -0.3866 -0.3791 -0.3601 -0.3222 -0.2555 -0.1555 -0.0556 0.0088 0.0502 0.0824 0.1111 0.1391 0.1680 0.1981 0.2280 0.2516 0.2536 0.2041 0.0790 -0.0366 -0.0917 -0.1155 -0.1227 -0.1155 -0.0917 -0.0366 0.0790 0.2041 0.2536 0.2516 0.2280 0.1981 0.1680 0.1391 0.1111 0.0824 0.0502 0.0088 -0.0556 -0.1555 -0.2555 -0.3223 -0.3601 -0.3791 -0.3866 -0.3867 -0.3822 -0.3747 -0.3651 -0.3542 -0.3425 -0.3301 -0.3175 -0.3046 -0.2915 -0.2784 -0.2651 -0.2516 -0.2379 -0.2236 -0.2086 -0.1922 -0.1734 -0.1505 -0.1188 -0.0636 0.0543 0.1976 0.2532 0.2515 0.2270 0.1964 0.1707
0.2016 0.2265 0.2512 0.2535 0.1990 0.0562 -0.0628 -0.1185 -0.1503 -0.1733 -0.1921 -0.2086 -0.2237 -0.2379 -0.2517 -0.2652 -0.2785 -0.2917 -0.3047 -0.3176 -0.3303 -0.3426 -0.3544 -0.3653 -0.3748 -0.3823 -0.3868 -0.3865 -0.3789 -0.3596 -0.3215 -0.2541 -0.1537 -0.0542 0.0096 0.0508 0.0829 0.1116 0.1396 0.1685 0.1987 0.2286 0.2521 0.2529 0.1993 0.0649 -0.0512 -0.1060 -0.1337 -0.1485 -0.1534 -0.1485 -0.1337 -0.1060 -0.0512 0.0649 0.1993 0.2529 0.2521 0.2286 0.1987 0.1685 0.1396 0.1116 0.0829 0.0508 0.0096 -0.0543 -0.1538 -0.2542 -0.3215 -0.3596 -0.3789 -0.3865 -0.3868 -0.3823 -0.3748 -0.3653 -0.3544 -0.3426 -0.3303 -0.3176 -0.3047 -0.2917 -0.2785 -0.2652 -0.2517 -0.2379 -0.2237 -0.2086 -0.1921 -0.1733 -0.1503 -0.1185 -0.0628 0.0562 0.1990 0.2535 0.2512 0.2265 0.2016
0.2325 0.2509 0.2538 0.2005 0.0585 -0.0617 -0.1180 -0.1501 -0.1732 -0.1920 -0.2085 -0.2236 -0.2379 -0.2518 -0.2653 -0.2786 -0.2918 -0.3048 -0.3178 -0.3304 -0.3428 -0.3545 -0.3654 -0.3749 -0.3824 -0.3868 -0.3865 -0.3787 -0.3592 -0.3207 -0.2528 -0.1520 -0.0530 0.0104 0.0513 0.0834 0.1120 0.1401 0.1690 0.1992 0.2291 0.2524 0.2524 0.1959 0.0566 -0.0586 -0.1129 -0.1424 -0.1610 -0.1721 -0.1759 -0.1721 -0.1610 -0.1424 -0.1129 -0.0586 0.0566 0.1960 0.2524 0.2524 0.2291 0.1992 0.1690 0.1401 0.1120 0.0833 0.0513 0.0103 -0.0530 -0.1521 -0.2529 -0.3207 -0.3592 -0.3787 -0.3865 -0.3868 -0.3824 -0.3749 -0.3654 -0.3545 -0.3428 -0.3304 -0.3178 -0.3048 -0.2918 -0.2786 -0.2653 -0.2518 -0.2379 -0.2236 -0.2085 -0.1920 -0.1732 -0.1501 -0.1180 -0.0617 0.0585 0.2005 0.2538 0.2509 0.2325
0.2575 0.2541 0.2020 0.0610 -0.0605 -0.1175 -0.1497 -0.1730 -0.1919 -0.2084 -0.2236 -0.2379 -0.2517 -0.2653 -0.2786 -0.2918 -0.3049 -0.3178 -0.3305 -0.3429 -0.3547 -0.3655 -0.3750 -0.3825 -0.3868 -0.3864 -0.3785 -0.3588 -0.3199 -0.2515 -0.1503 -0.0517 0.0111 0.0519 0.0838 0.1125 0.1406 0.1695 0.1997 0.2296 0.2527 0.2520 0.1935 0.0512 -0.0628 -0.1166 -0.1468 -0.1674 -0.1820 -0.1913 -0.1945 -0.1913 -0.1820 -0.1674 -0.1468 -0.1166 -0.0628 0.0513 0.1935 0.2520 0.2527 0.2296 0.1997 0.1695 0.1406 0.1125 0.0838 0.0519 0.0111 -0.0518 -0.1504 -0.2515 -0.3199 -0.3588 -0.3785 -0.3864 -0.3868 -0.3825 -0.3750 -0.3655 -0.3547 -0.3429 -0.3305 -0.3178 -0.3049 -0.2918 -0.2786 -0.2653 -0.2517 -0.2379 -0.2236 -0.2084 -0.1919 -0.1730 -0.1497 -0.1175 -0.0605 0.0610 0.2020 0.2541 0.2575
0.2608 0.2036 0.0637 -0.0592 -0.1169 -0.1493 -0.1727 -0.1917 -0.2082 -0.2234 -0.2378 -0.2516 -0.2652 -0.2786 -0.2918 -0.3049 -0.3179 -0.3306 -0.3430 -0.3547 -0.3656 -0.3751 -0.3826 -0.3869 -0.3864 -0.3784 -0.3584 -0.3191 -0.2502 -0.1487 -0.0505 0.0119 0.0524 0.0843 0.1129 0.1410 0.1700 0.2002 0.2300 0.2529 0.2516 0.1914 0.0474 -0.0655 -0.1186 -0.1492 -0.1708 -0.1873 -0.1998 -0.2079 -0.2109 -0.2079 -0.1998 -0.1873 -0.1708 -0.1492 -0.1186 -0.0655 0.0474 0.1915 0.2516 0.2529 0.2300 0.2002 0.1700 0.1410 0.1129 0.0843 0.0524 0.0118 -0.0505 -0.1487 -0.2502 -0.3191 -0.3584 -0.3784 -0.3864 -0.3869 -0.3826 -0.3751 -0.3656 -0.3547 -0.3430 -0.3306 -0.3179 -0.3049 -0.2918 -0.2786 -0.2652 -0.2516 -0.2378 -0.2234 -0.2082 -0.1917 -0.1727 -0.1493 -0.1169 -0.0592 0.0637 0.2036 0.2608
0.2098 0.0665 -0.0578 -0.1162 -0.1489 -0.1724 -0.1914 -0.2080 -0.2233 -0.2376 -0.2515 -0.2651 -0.2785 -0.2918 -0.3049 -0.3179 -0.3306 -0.3430 -0.3548 -0.3657 -0.3752 -0.3826 -0.3869 -0.3863 -0.3782 -0.3580 -0.3183 -0.2489 -0.1470 -0.0493 0.0126 0.0529 0.0847 0.1133 0.1414 0.1704 0.2007 0.2305 0.2532 0.2512 0.1896 0.0444 -0.0673 -0.1199 -0.1505 -0.1726 -0.1901 -0.2044 -0.2157 -0.2232 -0.2260 -0.2232 -0.2157 -0.2044 -0.1901 -0.1726 -0.1505 -0.1199 -0.0673 0.0444 0.1896 0.2512 0.2532 0.2305 0.2007 0.1704 0.1414 0.1133 0.0847 0.0529 0.0126 -0.0493 -0.1470 -0.2489 -0.3183 -0.3580 -0.3782 -0.3863 -0.3869 -0.3826 -0.3752 -0.3657 -0.3548 -0.3430 -0.3306 -0.3179 -0.3049 -0.2918 -0.2785 -0.2651 -0.2515 -0.2376 -0.2233 -0.2080 -0.1914 -0.1724 -0.1489 -0.1162 -0.0578 0.0665 0.2098
0.0711 -0.0563 -0.1155 -0.1485 -0.1720 -0.1911 -0.2078 -0.2230 -0.2375 -0.2514 -0.2650 -0.2784 -0.2917 -0.3048 -0.3178 -0.3306 -0.3430 -0.3548 -0.3657 -0.3752 -0.3827 -0.3869 -0.3863 -0.3781 -0.3576 -0.3176 -0.2477 -0.1454 -0.0481 0.0133 0.0535 0.0852 0.1138 0.1419 0.1709 0.2011 0.2309 0.2534 0.2508 0.1880 0.0418 -0.0688 -0.1208 -0.1514 -0.1736 -0.1916 -0.2069 -0.2199 -0.2305 -0.2377 -0.2403 -0.2377 -0.2305 -0.2199 -0.2069 -0.1916 -0.1736 -0.1514 -0.1208 -0.0688 0.0419 0.1880 0.2508 0.2534 0.2309 0.2011 0.1709 0.1419 0.1138 0.0852 0.0535 0.0133 -0.0481 -0.1454 -0.2477 -0.3177 -0.3577 -0.3781 -0.3863 -0.3869 -0.3827 -0.3752 -0.3657 -0.3548 -0.3430 -0.3306 -0.3178 -0.3048 -0.2917 -0.2784 -0.2650 -0.2514 -0.2375 -0.2230 -0.2078 -0.1911 -0.1720 -0.1485 -0.1155 -0.0563 0.0711
-0.0537 -0.1148 -0.1480 -0.1717 -0.1908 -0.2075 -0.2228 -0.2373 -0.2512 -0.2648 -0.2782 -0.2915 -0.3047 -0.3178 -0.3305 -0.3430 -0.3548 -0.3657 -0.3753 -0.3827 -0.3869 -0.3863 -0.3780 -0.3574 -0.3171 -0.2467 -0.1440 -0.0470 0.0140 0.0540 0.0856 0.1142 0.1423 0.1713 0.2016 0.2313 0.2536 0.2504 0.1863 0.0395 -0.0700 -0.1215 -0.1520 -0.1743 -0.1925 -0.2082 -0.2222 -0.2345 -0.2447 -0.2517 -0.2542 -0.2517 -0.2447 -0.2345 -0.2222 -0.2082 -0.1925 -0.1743 -0.1520 -0.1215 -0.0700 0.0396 0.1863 0.2504 0.2536 0.2313 0.2016 0.1713 0.1423 0.1142 0.0856 0.0540 0.0140 -0.0471 -0.1440 -0.2467 -0.3171 -0.3574 -0.3780 -0.3863 -0.3869 -0.3827 -0.3753 -0.3657 -0.3548 -0.3430 -0.3305 -0.3178 -0.3047 -0.2915 -0.2782 -0.2648 -0.2512 -0.2373 -0.2228 -0.2075 -0.1908 -0.1717 -0.1480 -0.1148 -0.0537
-0.1128 -0.1475 -0.1713 -0.1905 -0.2073 -0.2226 -0.2370 -0.2510 -0.2646 -0.2781 -0.2914 -0.3046 -0.3176 -0.3304 -0.3429 -0.3547 -0.3657 -0.3752 -0.3827 -0.3869 -0.3863 -0.3779 -0.3572 -0.3167 -0.2460 -0.1430 -0.0462 0.0146 0.0544 0.0860 0.1146 0.1427 0.1718 0.2021 0.2318 0.2538 0.2500 0.1846 0.0372 -0.0711 -0.1222 -0.1525 -0.1748 -0.1930 -0.2090 -0.2235 -0.2367 -0.2485 -0.2584 -0.2653 -0.2678 -0.2653 -0.2584 -0.2485 -0.2367 -0.2235 -0.2090 -0.1930 -0.1748 -0.1525 -0.1221 -0.0711 0.0373 0.1847 0.2500 0.2538 0.2318 0.2021 0.1718 0.1427 0.1146 0.0860 0.0544 0.0146 -0.0462 -0.1430 -0.2460 -0.3168 -0.3572 -0.3779 -0.3863 -0.3869 -0.3827 -0.3752 -0.3657 -0.3547 -0.3429 -0.3304 -0.3176 -0.3046 -0.2914 -0.2781 -0.2646 -0.2510 -0.2370 -0.2226 -0.2073 -0.1905 -0.1713 -0.1475 -0.1128
-0.1463 -0.1710 -0.1902 -0.2070 -0.2223 -0.2368 -0.2508 -0.2644 -0.2779 -0.2912 -0.3044 -0.3175 -0.3303 -0.3428 -0.3547 -0.3656 -0.3752 -0.3827 -0.3869 -0.3863 -0.3779 -0.3572 -0.3165 -0.2455 -0.1422 -0.0455 0.0150 0.0548 0.0864 0.1150 0.1431 0.1722 0.2025 0.2322 0.2540 0.2496 0.1829 0.0349 -0.0723 -0.1227 -0.1529 -0.1751 -0.1934 -0.2095 -0.2242 -0.2379 -0.2506 -0.2622 -0.2720 -0.2788 -0.2813 -0.2788 -0.2720 -0.2622 -0.2506 -0.2379 -0.2242 -0.2095 -0.1934 -0.1751 -0.1529 -0.1227 -0.0722 0.0350 0.1830 0.2496 0.2540 0.2322 0.2025 0.1722 0.1431 0.1150 0.0864 0.0548 0.0150 -0.0455 -0.1422 -0.2455 -0.3165 -0.3572 -0.3779 -0.3863 -0.3869 -0.3827 -0.3752 -0.3656 -0.3547 -0.3428 -0.3303 -0.3175 -0.3044 -0.2912 -0.2779 -0.2644 -0.2508 -0.2368 -0.2223 -0.2070 -0.1902 -0.1710 -0.1463
-0.1701 -0.1899 -0.2067 -0.2221 -0.2366 -0.2505 -0.2642 -0.2776 -0.2910 -0.3042 -0.3173 -0.3301 -0.3426 -0.3545 -0.3655 -0.3751 -0.3826 -0.3869 -0.3863 -0.3779 -0.3572 -0.3164 -0.2452 -0.1417 -0.0451 0.0153 0.0551 0.0867 0.1153 0.1435 0.1726 0.2030 0.2326 0.2542 0.2491 0.1812 0.0326 -0.0734 -0.1233 -0.1533 -0.1755 -0.1938 -0.2099 -0.2246 -0.2386 -0.2518 -0.2643 -0.2757 -0.2854 -0.2922 -0.2947 -0.2922 -0.2854 -0.2757 -0.2643 -0.2518 -0.2386 -0.2246 -0.2099 -0.1937 -0.1755 -0.1533 -0.1233 -0.0733 0.0327 0.1812 0.2491 0.2542 0.2326 0.2030 0.1726 0.1435 0.1153 0.0867 0.0551 0.0153 -0.0451 -0.1417 -0.2452 -0.3164 -0.3572 -0.3779 -0.3863 -0.3869 -0.3826 -0.3751 -0.3655 -0.3545 -0.3426 -0.3301 -0.3173 -0.3042 -0.2910 -0.2776 -0.2642 -0.2505 -0.2366 -0.2221 -0.2067 -0.1899 -0.1701
-0.1892 -0.2064 -0.2218 -0.2363 -0.2503 -0.2640 -0.2774 -0.2908 -0.3040 -0.3171 -0.3300 -0.3425 -0.3544 -0.3654 -0.3750 -0.3826 -0.3869 -0.3863 -0.3780 -0.3572 -0.3165 -0.2452 -0.1416 -0.0449 0.0155 0.0553 0.0869 0.1155 0.1437 0.1729 0.2033 0.2329 0.2544 0.2487 0.1795 0.0304 -0.0744 -0.1238 -0.1537 -0.1758 -0.1940 -0.2101 -0.2250 -0.2390 -0.2525 -0.2654 -0.2777 -0.2891 -0.2987 -0.3054 -0.3079 -0.3054 -0.2987 -0.2891 -0.2777 -0.2654 -0.2525 -0.2390 -0.2250 -0.2101 -0.1940 -0.1758 -0.1537 -0.1238 -0.0744 0.0305 0.1795 0.2487 0.2544 0.2329 0.2033 0.1729 0.1437 0.1155 0.0869 0.0553 0.0155 -0.0449 -0.1416 -0.2452 -0.3165 -0.3572 -0.3780 -0.3863 -0.3869 -0.3826 -0.3750 -0.3654 -0.3544 -0.3425 -0.3300 -0.3171 -0.3040 -0.2908 -0.2774 -0.2640 -0.2503 -0.2363 -0.2218 -0.2064 -0.1892
-0.2059 -0.2216 -0.2361 -0.2501 -0.2637 -0.2772 -0.2906 -0.3038 -0.3169 -0.3298 -0.3423 -0.3542 -0.3653 -0.3749 -0.3825 -0.3869 -0.3863 -0.3781 -0.3574 -0.3168 -0.2455 -0.1417 -0.0449 0.0156 0.0554 0.0870 0.1156 0.1439 0.1732 0.2036 0.2332 0.2545 0.2483 0.1778 0.0283 -0.0755 -0.1244 -0.1541 -0.1761 -0.1943 -0.2104 -0.2253 -0.2393 -0.2529 -0.2661 -0.2789 -0.2911 -0.3023 -0.3119 -0.3185 -0.3210 -0.3185 -0.3119 -0.3023 -0.2911 -0.2789 -0.2661 -0.2529 -0.2393 -0.2252 -0.2104 -0.1943 -0.1761 -0.1540 -0.1244 -0.0755 0.0283 0.1779 0.2483 0.2545 0.2332 0.2036 0.1732 0.1439 0.1156 0.0870 0.0554 0.0156 -0.0449 -0.1417 -0.2455 -0.3168 -0.3574 -0.3781 -0.3863 -0.3869 -0.3825 -0.3749 -0.3653 -0.3542 -0.3423 -0.3298 -0.3169 -0.3038 -0.2906 -0.2772 -0.2637 -0.2501 -0.2361 -0.2216 -0.2059
-0.2211 -0.2358 -0.2498 -0.2635 -0.2770 -0.2903 -0.3036 -0.3167 -0.3296 -0.3421 -0.3540 -0.3651 -0.3748 -0.3824 -0.3868 -0.3864 -0.3782 -0.3577 -0.3171 -0.2460 -0.1422 -0.0451 0.0155 0.0554 0.0870 0.1157 0.1440 0.1733 0.2038 0.2334 0.2546 0.2480 0.1765 0.0264 -0.0765 -0.1249 -0.1544 -0.1764 -0.1946 -0.2106 -0.2255 -0.2396 -0.2532 -0.2665 -0.2795 -0.2922 -0.3043 -0.3155 -0.3249 -0.3314 -0.3338 -0.3314 -0.3249 -0.3155 -0.3043 -0.2922 -0.2795 -0.2665 -0.2532 -0.2396 -0.2255 -0.2106 -0.1946 -0.1764 -0.1544 -0.1249 -0.0765 0.0265 0.1765 0.2480 0.2546 0.2334 0.2038 0.1733 0.1440 0.1157 0.0870 0.0554 0.0155 -0.0451 -0.1422 -0.2460 -0.3171 -0.3577 -0.3782 -0.3864 -0.3868 -0.3824 -0.3748 -0.3651 -0.3540 -0.3421 -0.3296 -0.3167 -0.3036 -0.2903 -0.2770 -0.2635 -0.2498 -0.2358 -0.2211
-0.2354 -0.2496 -0.2633 -0.2767 -0.2901 -0.3034 -0.3165 -0.3294 -0.3419 -0.3539 -0.3649 -0.3747 -0.3823 -0.3868 -0.3864 -0.3784 -0.3580 -0.3177 -0.2467 -0.1430 -0.0455 0.0153 0.0553 0.0870 0.1157 0.1441 0.1734 0.2039 0.2336 0.2547 0.2477 0.1755 0.0250 -0.0773 -0.1254 -0.1548 -0.1767 -0.1948 -0.2109 -0.2257 -0.2398 -0.2535 -0.2668 -0.2799 -0.2928 -0.3054 -0.3174 -0.3284 -0.3376 -0.3440 -0.3463 -0.3440 -0.3376 -0.3284 -0.3174 -0.3054 -0.2928 -0.2799 -0.2668 -0.2534 -0.2398 -0.2257 -0.2109 -0.1948 -0.1767 -0.1547 -0.1254 -0.0772 0.0251 0.1755 0.2478 0.2547 0.2336 0.2039 0.1734 0.1441 0.1157 0.0870 0.0553 0.0153 -0.0455 -0.1430 -0.2467 -0.3177 -0.3580 -0.3784 -0.3864 -0.3868 -0.3823 -0.3747 -0.3649 -0.3539 -0.3419 -0.3294 -0.3165 -0.3034 -0.2901 -0.2767 -0.2633 -0.2496 -0.2354
-0.2492 -0.2630 -0.2765 -0.2899 -0.3031 -0.3162 -0.3291 -0.3417 -0.3537 -0.3648 -0.3745 -0.3822 -0.3868 -0.3865 -0.3785 -0.3584 -0.3183 -0.2477 -0.1440 -0.0462 0.0150 0.0551 0.0869 0.1156 0.1440 0.1734 0.2040 0.2337 0.2548 0.2476 0.1748 0.0240 -0.0779 -0.1257 -0.1550 -0.1769 -0.1950 -0.2111 -0.2259 -0.2400 -0.2537 -0.2670 -0.2802 -0.2932 -0.3060 -0.3185 -0.3303 -0.3410 -0.3498 -0.3559 -0.3581 -0.3559 -0.3498 -0.3410 -0.3303 -0.3185 -0.3060 -0.2932 -0.2802 -0.2670 -0.2537 -0.2400 -0.2259 -0.2111 -0.1950 -0.1769 -0.1550 -0.1257 -0.0778 0.0240 0.1748 0.2476 0.2548 0.2337 0.2040 0.1734 0.1440 0.1156 0.0869 0.0551 0.0150 -0.0462 -0.1440 -0.2477 -0.3183 -0.3584 -0.3785 -0.3865 -0.3868 -0.3822 -0.3745 -0.3648 -0.3537 -0.3417 -0.3291 -0.3162 -0.3031 -0.2899 -0.2765 -0.2630 -0.2492
-0.2627 -0.2763 -0.2896 -0.3029 -0.3160 -0.3289 -0.3415 -0.3535 -0.3646 -0.3744 -0.3821 -0.3867 -0.3865 -0.3787 -0.3588 -0.3191 -0.2489 -0.1454 -0.0471 0.0146 0.0548 0.0867 0.1155 0.1439 0.1733 0.2039 0.2337 0.2548 0.2475 0.1743 0.0232 -0.0783 -0.1260 -0.1552 -0.1771 -0.1952 -0.2113 -0.2261 -0.2402 -0.2539 -0.2673 -0.2805 -0.2935 -0.3064 -0.3191 -0.3313 -0.3428 -0.3530 -0.3613 -0.3669 -0.3688 -0.3669 -0.3613 -0.3530 -0.3428 -0.3313 -0.3191 -0.3064 -0.2935 -0.2805 -0.2673 -0.2539 -0.2402 -0.2261 -0.2113 -0.1952 -0.1771 -0.1552 -0.1260 -0.0783 0.0232 0.1743 0.2475 0.2548 0.2337 0.2039 0.1733 0.1439 0.1155 0.0867 0.0548 0.0146 -0.0471 -0.1454 -0.2489 -0.3191 -0.3588 -0.3787 -0.3865 -0.3867 -0.3821 -0.3744 -0.3646 -0.3535 -0.3415 -0.3289 -0.3160 -0.3029 -0.2896 -0.2763 -0.2627
-0.2761 -0.2894 -0.3027 -0.3158 -0.3287 -0.3413 -0.3533 -0.3644 -0.3742 -0.3820 -0.3867 -0.3866 -0.3789 -0.3592 -0.3199 -0.2502 -0.1470 -0.0481 0.0140 0.0544 0.0864 0.1153 0.1437 0.1732 0.2038 0.2336 0.2548 0.2475 0.1740 0.0228 -0.0786 -0.1262 -0.1554 -0.1772 -0.1954 -0.2114 -0.2263 -0.2404 -0.2541 -0.2674 -0.2807 -0.2938 -0.3067 -0.3195 -0.3319 -0.3438 -0.3547 -0.3642 -0.3717 -0.3764 -0.3780 -0.3764 -0.3717 -0.3642 -0.3547 -0.3438 -0.3319 -0.3195 -0.3067 -0.2938 -0.2807 -0.2674 -0.2541 -0.2404 -0.2263 -0.2114 -0.1954 -0.1772 -0.1554 -0.1262 -0.0786 0.0228 0.1740 0.2475 0.2548 0.2336 0.2038 0.1732 0.1437 0.1153 0.0864 0.0544 0.0140 -0.0481 -0.1470 -0.2502 -0.3199 -0.3592 -0.3789 -0.3866 -0.3867 -0.3820 -0.3742 -0.3644 -0.3533 -0.3413 -0.3287 -0.3158 -0.3027 -0.2894 -0.2761
-0.2893 -0.3024 -0.3156 -0.3285 -0.3411 -0.3531 -0.3643 -0.3741 -0.3819 -0.3866 -0.3866 -0.3791 -0.3596 -0.3207 -0.2515 -0.1487 -0.0493 0.0133 0.0540 0.0860 0.1150 0.1435 0.1729 0.2036 0.2334 0.2547 0.2476 0.1743 0.0228 -0.0787 -0.1263 -0.1555 -0.1773 -0.1955 -0.2115 -0.2264 -0.2405 -0.2542 -0.2676 -0.2808 -0.2940 -0.3069 -0.3198 -0.3323 -0.3443 -0.3556 -0.3657 -0.3741 -0.3802 -0.3838 -0.3849 -0.3838 -0.3802 -0.3741 -0.3657 -0.3556 -0.3443 -0.3323 -0.3198 -0.3069 -0.2940 -0.2808 -0.2676 -0.2542 -0.2405 -0.2264 -0.2115 -0.1955 -0.1773 -0.1555 -0.1263 -0.0787 0.0228 0.1743 0.2476 0.2547 0.2334 0.2036 0.1729 0.1435 0.1150 0.0860 0.0540 0.0133 -0.0493 -0.1487 -0.2515 -0.3207 -0.3596 -0.3791 -0.3866 -0.3866 -0.3819 -0.3741 -0.3643 -0.3531 -0.3411 -0.3285 -0.3156 -0.3024 -0.2893
-0.3024 -0.3153 -0.3282 -0.3408 -0.3529 -0.3641 -0.3739 -0.3818 -0.3866 -0.3867 -0.3793 -0.3601 -0.3215 -0.2529 -0.1504 -0.0505 0.0126 0.0535 0.0856 0.1146 0.1431 0.1726 0.2033 0.2332 0.2546 0.2478 0.1748 0.0232 -0.0786 -0.1263 -0.1555 -0.1774 -0.1955 -0.2116 -0.2265 -0.2406 -0.2543 -0.2677 -0.2810 -0.2941 -0.3071 -0.3200 -0.3326 -0.3447 -0.3562 -0.3665 -0.3753 -0.3820 -0.3860 -0.3877 -0.3881 -0.3877 -0.3860 -0.3820 -0.3753 -0.3665 -0.3562 -0.3447 -0.3325 -0.3200 -0.3071 -0.2941 -0.2810 -0.2677 -0.2543 -0.2406 -0.2265 -0.2116 -0.1955 -0.1774 -0.1555 -0.1263 -0.0786 0.0232 0.1748 0.2478 0.2546 0.2332 0.2033 0.1726 0.1431 0.1146 0.0856 0.0535 0.0126 -0.0505 -0.1504 -0.2529 -0.3215 -0.3601 -0.3793 -0.3867 -0.3866 -0.3818 -0.3739 -0.3641 -0.3529 -0.3408 -0.3282 -0.3153 -0.3024
-0.3155 -0.3280 -0.3406 -0.3527 -0.3639 -0.3738 -0.3817 -0.3866 -0.3867 -0.3795 -0.3605 -0.3223 -0.2542 -0.1521 -0.0518 0.0118 0.0529 0.0852 0.1142 0.1427 0.1722 0.2030 0.2329 0.2545 0.2480 0.1755 0.0240 -0.0783 -0.1262 -0.1555 -0.1774 -0.1956 -0.2117 -0.2266 -0.2407 -0.2544 -0.2678 -0.2811 -0.2943 -0.3073 -0.3201 -0.3328 -0.3449 -0.3565 -0.3670 -0.3760 -0.3828 -0.3868 -0.3877 -0.3865 -0.3856 -0.3865 -0.3877 -0.3868 -0.3828 -0.3760 -0.3670 -0.3565 -0.3449 -0.3327 -0.3201 -0.3073 -0.2943 -0.2811 -0.2678 -0.2544 -0.2407 -0.2266 -0.2117 -0.1956 -0.1774 -0.1555 -0.1262 -0.0783 0.0240 0.1755 0.2480 0.2545 0.2329 0.2030 0.1722 0.1427 0.1142 0.0852 0.0529 0.0118 -0.0518 -0.1521 -0.2542 -0.3223 -0.3605 -0.3795 -0.3867 -0.3866 -0.3817 -0.3738 -0.3639 -0.3527 -0.3406 -0.3280 -0.3155
-0.3283 -0.3404 -0.3525 -0.3637 -0.3736 -0.3816 -0.3865 -0.3868 -0.3797 -0.3609 -0.3231 -0.2555 -0.1538 -0.0530 0.0111 0.0524 0.0847 0.1138 0.1423 0.1718 0.2025 0.2326 0.2544 0.2483 0.1765 0.0251 -0.0778 -0.1260 -0.1554 -0.1773 -0.1955 -0.2117 -0.2266 -0.2407 -0.2545 -0.2679 -0.2812 -0.2943 -0.3074 -0.3203 -0.3329 -0.3451 -0.3567 -0.3673 -0.3764 -0.3833 -0.3871 -0.3870 -0.3829 -0.3770 -0.3740 -0.3770 -0.3829 -0.3870 -0.3871 -0.3833 -0.3764 -0.3673 -0.3567 -0.3451 -0.3329 -0.3203 -0.3074 -0.2943 -0.2812 -0.2679 -0.2545 -0.2407 -0.2266 -0.2117 -0.1955 -0.1773 -0.1554 -0.1260 -0.0778 0.0251 0.1765 0.2483 0.2544 0.2326 0.2025 0.1718 0.1423 0.1138 0.0847 0.0524 0.0111 -0.0530 -0.1538 -0.2555 -0.3231 -0.3609 -0.3797 -0.3868 -0.3865 -0.3816 -0.3736 -0.3637 -0.3525 -0.3404 -0.3283
-0.3409 -0.3523 -0.3635 -0.3735 -0.3815 -0.3865 -0.3868 -0.3799 -0.3614 -0.3239 -0.2569 -0.1555 -0.0543 0.0103 0.0519 0.0843 0.1133 0.1419 0.1713 0.2021 0.2322 0.2542 0.2487 0.1779 0.0265 -0.0772 -0.1257 -0.1552 -0.1772 -0.1955 -0.2116 -0.2266 -0.2407 -0.2545 -0.2679 -0.2812 -0.2944 -0.3075 -0.3204 -0.3330 -0.3453 -0.3569 -0.3675 -0.3766 -0.3835 -0.3872 -0.3863 -0.3797 -0.3676 -0.3540 -0.3477 -0.3540 -0.3676 -0.3797 -0.3863 -0.3872 -0.3835 -0.3766 -0.3675 -0.3569 -0.3453 -0.3330 -0.3204 -0.3075 -0.2944 -0.2812 -0.2679 -0.2545 -0.2407 -0.2266 -0.2116 -0.1955 -0.1772 -0.1552 -0.1257 -0.0772 0.0265 0.1779 0.2487 0.2542 0.2322 0.2021 0.1713 0.1419 0.1133 0.0843 0.0519 0.0103 -0.0543 -0.1555 -0.2569 -0.3239 -0.3614 -0.3799 -0.3868 -0.3865 -0.3815 -0.3735 -0.3635 -0.3523 -0.3409
-0.3531 -0.3633 -0.3733 -0.3813 -0.3864 -0.3869 -0.3802 -0.3619 -0.3248 -0.2584 -0.1573 -0.0556 0.0096 0.0513 0.0838 0.1129 0.1414 0.1709 0.2016 0.2318 0.2540 0.2491 0.1795 0.0283 -0.0765 -0.1254 -0.1550 -0.1771 -0.1954 -0.2115 -0.2265 -0.2407 -0.2545 -0.2679 -0.2813 -0.2945 -0.3075 -0.3204 -0.3331 -0.3454 -0.3570 -0.3676 -0.3767 -0.3836 -0.3872 -0.3859 -0.3776 -0.3606 -0.3353 -0.3094 -0.2977 -0.3094 -0.3353 -0.3606 -0.3777 -0.3859 -0.3872 -0.3836 -0.3767 -0.3676 -0.3570 -0.3454 -0.3331 -0.3204 -0.3075 -0.2945 -0.2813 -0.2679 -0.2545 -0.2407 -0.2265 -0.2115 -0.1954 -0.1771 -0.1550 -0.1254 -0.0765 0.0283 0.1795 0.2491 0.2540 0.2318 0.2016 0.1709 0.1414 0.1129 0.0838 0.0513 0.0096 -0.0556 -0.1573 -0.2584 -0.3248 -0.3619 -0.3802 -0.3869 -0.3864 -0.3813 -0.3733 -0.3633 -0.3531
-0.3644 -0.3731 -0.3812 -0.3863 -0.3869 -0.3804 -0.3623 -0.3257 -0.2598 -0.1592 -0.0570 0.0088 0.0508 0.0833 0.1125 0.1410 0.1704 0.2011 0.2313 0.2538 0.2496 0.1812 0.0305 -0.0755 -0.1249 -0.1547 -0.1769 -0.1952 -0.2114 -0.2264 -0.2406 -0.2544 -0.2679 -0.2812 -0.2945 -0.3075 -0.3205 -0.3332 -0.3454 -0.3571 -0.3677 -0.3768 -0.3837 -0.3872 -0.3856 -0.3764 -0.3563 -0.3222 -0.2761 -0.2321 -0.2134 -0.2321 -0.2761 -0.3222 -0.3563 -0.3764 -0.3856 -0.3872 -0.3837 -0.3768 -0.3677 -0.3571 -0.3454 -0.3332 -0.3205 -0.3075 -0.2945 -0.2812 -0.2679 -0.2544 -0.2406 -0.2264 -0.2114 -0.1952 -0.1769 -0.1547 -0.1249 -0.0755 0.0305 0.1812 0.2496 0.2538 0.2313 0.2011 0.1704 0.1410 0.1125 0.0833 0.0508 0.0088 -0.0570 -0.1592 -0.2598 -0.3257 -0.3623 -0.3804 -0.3869 -0.3863 -0.3812 -0.3731 -0.3644
-0.3747 -0.3811 -0.3863 -0.3870 -0.3806 -0.3628 -0.3265 -0.2613 -0.1612 -0.0585 0.0079 0.0502 0.0829 0.1120 0.1406 0.1700 0.2007 0.2309 0.2536 0.2500 0.1830 0.0327 -0.0744 -0.1244 -0.1544 -0.1767 -0.1950 -0.2113 -0.2263 -0.2405 -0.2543 -0.2678 -0.2812 -0.2944 -0.3075 -0.3205 -0.3332 -0.3455 -0.3571 -0.3678 -0.3769 -0.3838 -0.3872 -0.3855 -0.3757 -0.3537 -0.3143 -0.2539 -0.1816 -0.1246 -0.1044 -0.1247 -0.1816 -0.2539 -0.3143 -0.3538 -0.3757 -0.3855 -0.3872 -0.3838 -0.3769 -0.3678 -0.3571 -0.3455 -0.3332 -0.3205 -0.3075 -0.2944 -0.2812 -0.2678 -0.2543 -0.2405 -0.2263 -0.2113 -0.1950 -0.1767 -0.1544 -0.1244 -0.0744 0.0327 0.1830 0.2500 0.2536 0.2309 0.2007 0.1700 0.1406 0.1120 0.0829 0.0502 0.0079 -0.0585 -0.1612 -0.2613 -0.3265 -0.3628 -0.3806 -0.3870 -0.3863 -0.3811 -0.3747
-0.3831 -0.3862 -0.3870 -0.3807 -0.3632 -0.3274 -0.2628 -0.1632 -0.0600 0.0070 0.0495 0.0824 0.1116 0.1401 0.1695 0.2002 0.2305 0.2534 0.2504 0.1847 0.0350 -0.0733 -0.1238 -0.1540 -0.1764 -0.1948 -0.2111 -0.2261 -0.2404 -0.2542 -0.2677 -0.2811 -0.2943 -0.3075 -0.3204 -0.3332 -0.3455 -0.3571 -0.3678 -0.3769 -0.3838 -0.3872 -0.3854 -0.3753 -0.3523 -0.3098 -0.2409 -0.1516 -0.0750 -0.0326 -0.0197 -0.0326 -0.0750 -0.1516 -0.2409 -0.3098 -0.3524 -0.3753 -0.3854 -0.3872 -0.3838 -0.3769 -0.3678 -0.3571 -0.3455 -0.3332 -0.3204 -0.3075 -0.2943 -0.2811 -0.2677 -0.2542 -0.2404 -0.2261 -0.2111 -0.1948 -0.1764 -0.1540 -0.1238 -0.0733 0.0350 0.1847 0.2504 0.2534 0.2305 0.2002 0.1695 0.1401 0.1116 0.0824 0.0495 0.0070 -0.0600 -0.1632 -0.2628 -0.3274 -0.3632 -0.3807 -0.3870 -0.3862 -0.3831
-0.3889 -0.3870 -0.3809 -0.3637 -0.3282 -0.2642 -0.1651 -0.0615 0.0061 0.0489 0.0818 0.1111 0.1396 0.1690 0.1997 0.2300 0.2532 0.2508 0.1863 0.0373 -0.0722 -0.1233 -0.1537 -0.1761 -0.1946 -0.2109 -0.2259 -0.2402 -0.2541 -0.2676 -0.2810 -0.2943 -0.3074 -0.3204 -0.3331 -0.3454 -0.3571 -0.3678 -0.3770 -0.3838 -0.3873 -0.3853 -0.3751 -0.3516 -0.3073 -0.2337 -0.1357 -0.0515 -0.0021 0.0234 0.0315 0.0234 -0.0021 -0.0516 -0.1357 -0.2337 -0.3073 -0.3516 -0.3751 -0.3853 -0.3873 -0.3838 -0.3769 -0.3678 -0.3571 -0.3454 -0.3331 -0.3204 -0.3074 -0.2943 -0.2810 -0.2676 -0.2541 -0.2402 -0.2259 -0.2109 -0.1946 -0.1761 -0.1537 -0.1233 -0.0722 0.0373 0.1863 0.2508 0.2532 0.2300 0.1997 0.1690 0.1396 0.1111 0.0818 0.0489 0.0061 -0.0615 -0.1651 -0.2642 -0.3282 -0.3637 -0.3809 -0.3870 -0.3889
-0.3905 -0.3811 -0.3641 -0.3291 -0.2657 -0.1671 -0.0631 0.0052 0.0483 0.0813 0.1106 0.1391 0.1685 0.1992 0.2296 0.2529 0.2512 0.1880 0.0396 -0.0711 -0.1227 -0.1533 -0.1758 -0.1943 -0.2106 -0.2257 -0.2400 -0.2539 -0.2674 -0.2808 -0.2941 -0.3073 -0.3203 -0.3330 -0.3454 -0.3571 -0.3678 -0.3769 -0.3838 -0.3873 -0.3853 -0.3750 -0.3512 -0.3060 -0.2300 -0.1275 -0.0404 0.0118 0.0431 0.0614 0.0677 0.0614 0.0431 0.0118 -0.0404 -0.1276 -0.2300 -0.3060 -0.3512 -0.3750 -0.3853 -0.3873 -0.3838 -0.3769 -0.3678 -0.3571 -0.3454 -0.3330 -0.3203 -0.3073 -0.2941 -0.2808 -0.2674 -0.2539 -0.2400 -0.2257 -0.2106 -0.1943 -0.1758 -0.1533 -0.1227 -0.0711 0.0396 0.1880 0.2512 0.2529 0.2296 0.1992 0.1685 0.1391 0.1106 0.0813 0.0483 0.0052 -0.0631 -0.1671 -0.2657 -0.3291 -0.3641 -0.3811 -0.3905
-0.3855 -0.3645 -0.3299 -0.2671 -0.1691 -0.0647 0.0042 0.0476 0.0807 0.1101 0.1386 0.1680 0.1987 0.2291 0.2527 0.2516 0.1896 0.0419 -0.0700 -0.1221 -0.1529 -0.1755 -0.1940 -0.2104 -0.2255 -0.2398 -0.2537 -0.2673 -0.2807 -0.2940 -0.3071 -0.3201 -0.3329 -0.3453 -0.3570 -0.3677 -0.3769 -0.3838 -0.3873 -0.3853 -0.3749 -0.3510 -0.3053 -0.2280 -0.1234 -0.0350 0.0184 0.0528 0.0768 0.0924 0.0979 0.0924 0.0768 0.0528 0.0184 -0.0350 -0.1234 -0.2280 -0.3053 -0.3510 -0.3749 -0.3853 -0.3873 -0.3838 -0.3769 -0.3677 -0.3570 -0.3453 -0.3329 -0.3201 -0.3071 -0.2940 -0.2807 -0.2673 -0.2537 -0.2398 -0.2255 -0.2104 -0.1940 -0.1755 -0.1529 -0.1221 -0.0700 0.0419 0.1896 0.2516 0.2527 0.2291 0.1987 0.1680 0.1386 0.1101 0.0807 0.0476 0.0042 -0.0647 -0.1691 -0.2671 -0.3299 -0.3645 -0.3855
-0.3701 -0.3308 -0.2687 -0.1713 -0.0664 0.0032 0.0469 0.0801 0.1095 0.1381 0.1674 0.1981 0.2286 0.2524 0.2520 0.1915 0.0444 -0.0688 -0.1215 -0.1525 -0.1751 -0.1937 -0.2101 -0.2252 -0.2396 -0.2534 -0.2670 -0.2805 -0.2938 -0.3069 -0.3200 -0.3327 -0.3451 -0.3569 -0.3676 -0.3768 -0.3838 -0.3872 -0.3853 -0.3750 -0.3510 -0.3051 -0.2272 -0.1214 -0.0324 0.0217 0.0576 0.0849 0.1062 0.1209 0.1263 0.1209 0.1062 0.0848 0.0575 0.0216 -0.0325 -0.1215 -0.2272 -0.3051 -0.3510 -0.3750 -0.3853 -0.3872 -0.3838 -0.3768 -0.3676 -0.3569 -0.3451 -0.3327 -0.3200 -0.3069 -0.2938 -0.2805 -0.2670 -0.2534 -0.2396 -0.2252 -0.2101 -0.1937 -0.1751 -0.1525 -0.1215 -0.0688 0.0444 0.1915 0.2520 0.2524 0.2286 0.1981 0.1674 0.1381 0.1095 0.0801 0.0469 0.0032 -0.0664 -0.1713 -0.2687 -0.3308 -0.3701
-0.3377 -0.2704 -0.1736 -0.0683 0.0021 0.0461 0.0795 0.1089 0.1375 0.1668 0.1974 0.2280 0.2521 0.2524 0.1935 0.0474 -0.0673 -0.1208 -0.1520 -0.1748 -0.1934 -0.2099 -0.2250 -0.2393 -0.2532 -0.2668 -0.2802 -0.2935 -0.3067 -0.3198 -0.3325 -0.3449 -0.3567 -0.3675 -0.3767 -0.3837 -0.3872 -0.3854 -0.3751 -0.3512 -0.3053 -0.2272 -0.1209 -0.0314 0.0231 0.0598 0.0889 0.1136 0.1345 0.1494 0.1550 0.1494 0.1345 0.1136 0.0889 0.0598 0.0231 -0.0314 -0.1209 -0.2272 -0.3053 -0.3512 -0.3751 -0.3854 -0.3872 -0.3837 -0.3767 -0.3675 -0.3567 -0.3449 -0.3325 -0.3198 -0.3067 -0.2935 -0.2802 -0.2668 -0.2532 -0.2393 -0.2250 -0.2099 -0.1934 -0.1748 -0.1520 -0.1208 -0.0673 0.0474 0.1935 0.2524 0.2521 0.2280 0.1974 0.1668 0.1375 0.1089 0.0795 0.0461 0.0021 -0.0683 -0.1736 -0.2704 -0.3377
-0.2788 -0.1765 -0.0707 0.0007 0.0451 0.0787 0.1082 0.1367 0.1660 0.1966 0.2272 0.2516 0.2529 0.1960 0.0513 -0.0655 -0.1199 -0.1514 -0.1743 -0.1930 -0.2095 -0.2246 -0.2390 -0.2529 -0.2665 -0.2799 -0.2932 -0.3064 -0.3195 -0.3323 -0.3447 -0.3565 -0.3673 -0.3766 -0.3836 -0.3872 -0.3855 -0.3753 -0.3516 -0.3060 -0.2280 -0.1215 -0.0314 0.0235 0.0608 0.0907 0.1173 0.1418 0.1633 0.1788 0.1846 0.1788 0.1633 0.1418 0.1173 0.0907 0.0608 0.0235 -0.0314 -0.1215 -0.2280 -0.3060 -0.3516 -0.3753 -0.3855 -0.3872 -0.3836 -0.3766 -0.3673 -0.3565 -0.3447 -0.3323 -0.3195 -0.3064 -0.2932 -0.2799 -0.2665 -0.2529 -0.2390 -0.2246 -0.2095 -0.1930 -0.1743 -0.1514 -0.1199 -0.0655 0.0512 0.1960 0.2529 0.2516 0.2272 0.1966 0.1660 0.1367 0.1082 0.0787 0.0451 0.0007 -0.0707 -0.1765 -0.2788
-0.1857 -0.0739 -0.0013 0.0438 0.0776 0.1072 0.1357 0.1650 0.1956 0.2262 0.2510 0.2536 0.1993 0.0566 -0.0628 -0.1186 -0.1505 -0.1736 -0.1925 -0.2090 -0.2242 -0.2386 -0.2525 -0.2661 -0.2795 -0.2928 -0.3060 -0.3191 -0.3319 -0.3443 -0.3561 -0.3670 -0.3764 -0.3835 -0.3872 -0.3856 -0.3757 -0.3524 -0.3073 -0.2300 -0.1234 -0.0325 0.0231 0.0608 0.0912 0.1188 0.1453 0.1706 0.1930 0.2090 0.2148 0.2090 0.1930 0.1706 0.1453 0.1188 0.0912 0.0608 0.0231 -0.0325 -0.1234 -0.2300 -0.3073 -0.3524 -0.3757 -0.3856 -0.3872 -0.3835 -0.3764 -0.3670 -0.3561 -0.3443 -0.3319 -0.3191 -0.3060 -0.2928 -0.2795 -0.2661 -0.2525 -0.2386 -0.2242 -0.2090 -0.1925 -0.1736 -0.1505 -0.1186 -0.0628 0.0566 0.1993 0.2536 0.2510 0.2262 0.1956 0.1650 0.1357 0.1072 0.0776 0.0438 -0.0013 -0.0740 -0.1857
-0.0809 -0.0043 0.0418 0.0760 0.1056 0.1342 0.1634 0.1939 0.2247 0.2501 0.2544 0.2041 0.0649 -0.0586 -0.1166 -0.1492 -0.1726 -0.1916 -0.2082 -0.2235 -0.2379 -0.2518 -0.2654 -0.2789 -0.2922 -0.3054 -0.3185 -0.3313 -0.3438 -0.3556 -0.3665 -0.3760 -0.3833 -0.3872 -0.3859 -0.3764 -0.3538 -0.3098 -0.2338 -0.1276 -0.0350 0.0216 0.0598 0.0907 0.1188 0.1463 0.1737 0.2001 0.2225 0.2371 0.2419 0.2371 0.2225 0.2001 0.1737 0.1463 0.1188 0.0907 0.0598 0.0216 -0.0350 -0.1276 -0.2338 -0.3098 -0.3538 -0.3764 -0.3859 -0.3872 -0.3833 -0.3760 -0.3665 -0.3556 -0.3438 -0.3313 -0.3185 -0.3054 -0.2922 -0.2789 -0.2654 -0.2518 -0.2379 -0.2235 -0.2082 -0.1916 -0.1726 -0.1492 -0.1166 -0.0586 0.0649 0.2041 0.2544 0.2501 0.2247 0.1939 0.1634 0.1342 0.1056 0.0760 0.0417 -0.0043 -0.0809
-0.0087 0.0382 0.0732 0.1031 0.1317 0.1608 0.1912 0.2221 0.2483 0.2555 0.2116 0.0789 -0.0512 -0.1129 -0.1468 -0.1708 -0.1901 -0.2069 -0.2222 -0.2367 -0.2506 -0.2643 -0.2777 -0.2911 -0.3043 -0.3174 -0.3303 -0.3428 -0.3547 -0.3657 -0.3753 -0.3828 -0.3871 -0.3863 -0.3777 -0.3563 -0.3143 -0.2409 -0.1357 -0.0404 0.0184 0.0575 0.0889 0.1173 0.1453 0.1737 0.2021 0.2281 0.2469 0.2550 0.2562 0.2550 0.2469 0.2281 0.2022 0.1737 0.1453 0.1173 0.0889 0.0575 0.0184 -0.0404 -0.1357 -0.2409 -0.3143 -0.3563 -0.3777 -0.3863 -0.3871 -0.3828 -0.3753 -0.3657 -0.3547 -0.3428 -0.3303 -0.3174 -0.3043 -0.2911 -0.2777 -0.2643 -0.2506 -0.2367 -0.2222 -0.2069 -0.1901 -0.1708 -0.1468 -0.1129 -0.0512 0.0790 0.2116 0.2555 0.2483 0.2221 0.1912 0.1608 0.1317 0.1031 0.0731 0.0382 -0.0088
0.0338 0.0680 0.0985 0.1272 0.1561 0.1864 0.2174 0.2450 0.2566 0.2233 0.1043 -0.0366 -0.1060 -0.1424 -0.1674 -0.1873 -0.2044 -0.2199 -0.2345 -0.2485 -0.2622 -0.2757 -0.2891 -0.3023 -0.3155 -0.3284 -0.3410 -0.3530 -0.3642 -0.3741 -0.3820 -0.3868 -0.3870 -0.3797 -0.3606 -0.3222 -0.2539 -0.1516 -0.0516 0.0118 0.0528 0.0848 0.1136 0.1418 0.1706 0.2001 0.2281 0.2494 0.2564 0.2486 0.2418 0.2486 0.2564 0.2494 0.2281 0.2001 0.1706 0.1418 0.1136 0.0848 0.0528 0.0118 -0.0516 -0.1516 -0.2539 -0.3222 -0.3606 -0.3797 -0.3870 -0.3868 -0.3820 -0.3741 -0.3642 -0.3530 -0.3410 -0.3284 -0.3155 -0.3023 -0.2891 -0.2757 -0.2622 -0.2485 -0.2345 -0.2199 -0.2044 -0.1873 -0.1674 -0.1424 -0.1060 -0.0366 0.1044 0.2233 0.2566 0.2449 0.2174 0.1864 0.1561 0.1272 0.0985 0.0680 0.0338
0.0610 0.0900 0.1190 0.1478 0.1777 0.2087 0.2380 0.2561 0.2394 0.1468 -0.0051 -0.0918 -0.1337 -0.1610 -0.1820 -0.1998 -0.2157 -0.2305 -0.2447 -0.2585 -0.2720 -0.2854 -0.2987 -0.3119 -0.3249 -0.3376 -0.3498 -0.3613 -0.3716 -0.3802 -0.3860 -0.3877 -0.3829 -0.3676 -0.3353 -0.2761 -0.1816 -0.0750 -0.0021 0.0431 0.0768 0.1062 0.1345 0.1632 0.1930 0.2225 0.2469 0.2564 0.2408 0.2071 0.1885 0.2071 0.2408 0.2564 0.2469 0.2225 0.1930 0.1633 0.1345 0.1062 0.0768 0.0431 -0.0021 -0.0750 -0.1816 -0.2761 -0.3353 -0.3676 -0.3829 -0.3877 -0.3860 -0.3802 -0.3716 -0.3613 -0.3498 -0.3376 -0.3249 -0.3119 -0.2987 -0.2854 -0.2720 -0.2584 -0.2447 -0.2305 -0.2157 -0.1998 -0.1820 -0.1610 -0.1337 -0.0917 -0.0050 0.1468 0.2394 0.2561 0.2380 0.2087 0.1777 0.1478 0.1190 0.0900 0.0610
0.0775 0.1046 0.1333 0.1626 0.1932 0.2240 0.2495 0.2541 0.2042 0.0668 -0.0575 -0.1155 -0.1485 -0.1721 -0.1913 -0.2080 -0.2232 -0.2377 -0.2517 -0.2653 -0.2788 -0.2922 -0.3054 -0.3185 -0.3314 -0.3440 -0.3559 -0.3669 -0.3764 -0.3838 -0.3877 -0.3865 -0.3770 -0.3540 -0.3094 -0.2321 -0.1247 -0.0326 0.0234 0.0614 0.0924 0.1209 0.1494 0.1788 0.2090 0.2371 0.2550 0.2486 0.2071 0.1489 0.1216 0.1489 0.2071 0.2486 0.2550 0.2371 0.2090 0.1788 0.1494 0.1209 0.0924 0.0614 0.0233 -0.0326 -0.1247 -0.2321 -0.3094 -0.3540 -0.3770 -0.3865 -0.3877 -0.3838 -0.3764 -0.3669 -0.3559 -0.3440 -0.3314 -0.3185 -0.3054 -0.2922 -0.2788 -0.2653 -0.2517 -0.2377 -0.2232 -0.2079 -0.1913 -0.1721 -0.1485 -0.1155 -0.0574 0.0668 0.2043 0.2541 0.2495 0.2240 0.1932 0.1626 0.1333 0.1046 0.0775
0.0832 0.1098 0.1386 0.1682 0.1990 0.2294 0.2527 0.2502 0.1851 0.0374 -0.0717 -0.1227 -0.1534 -0.1759 -0.1945 -0.2109 -0.2260 -0.2403 -0.2542 -0.2679 -0.2813 -0.2947 -0.3079 -0.3210 -0.3338 -0.3463 -0.3581 -0.3688 -0.3780 -0.3849 -0.3881 -0.3856 -0.3740 -0.3477 -0.2977 -0.2134 -0.1044 -0.0197 0.0315 0.0677 0.0979 0.1263 0.1550 0.1846 0.2148 0.2419 0.2562 0.2418 0.1885 0.1216 0.0925 0.1216 0.1885 0.2418 0.2562 0.2419 0.2148 0.1846 0.1550 0.1263 0.0979 0.0676 0.0315 -0.0197 -0.1044 -0.2134 -0.2977 -0.3477 -0.3740 -0.3856 -0.3881 -0.3849 -0.3780 -0.3688 -0.3581 -0.3463 -0.3338 -0.3210 -0.3079 -0.2947 -0.2813 -0.2678 -0.2542 -0.2403 -0.2260 -0.2109 -0.1945 -0.1759 -0.1534 -0.1227 -0.0716 0.0375 0.1851 0.2502 0.2527 0.2294 0.1990 0.1681 0.1386 0.1098 0.0832
