0.3506 0.3833 0.4182 0.4525 0.4817 0.5002 0.5070 0.5055 0.4978 0.4847 0.4662 0.4420 0.4117 0.3746 0.3305 0.2804 0.2285 0.1855 0.1622 0.1504 0.1431 0.1384 0.1355 0.1339 0.1337 0.1346 0.1367 0.1400 0.1446 0.1505 0.1579 0.1668 0.1774 0.1898 0.2043 0.2210 0.2402 0.2621 0.2868 0.3146 0.3453 0.3786 0.4135 0.4478 0.4777 0.4976 0.5061 0.5069 0.5037 0.4996 0.4978 0.4996 0.5037 0.5069 0.5061 0.4976 0.4777 0.4478 0.4135 0.3786 0.3453 0.3146 0.2868 0.2621 0.2402 0.2210 0.2043 0.1898 0.1774 0.1668 0.1579 0.1505 0.1446 0.1400 0.1367 0.1346 0.1337 0.1339 0.1355 0.1384 0.1431 0.1504 0.1622 0.1855 0.2285 0.2805 0.3305 0.3746 0.4117 0.4420 0.4662 0.4847 0.4978 0.5055 0.5070 0.5002 0.4817 0.4525 0.4182 0.3833 0.3506
0.3833 0.4168 0.4504 0.4787 0.4963 0.5026 0.5010 0.4934 0.4803 0.4619 0.4379 0.4078 0.3711 0.3276 0.2780 0.2267 0.1845 0.1616 0.1501 0.1430 0.1384 0.1355 0.1340 0.1338 0.1348 0.1370 0.1403 0.1450 0.1509 0.1583 0.1672 0.1779 0.1903 0.2048 0.2216 0.2408 0.2626 0.2872 0.3148 0.3453 0.3782 0.4126 0.4463 0.4753 0.4944 0.5021 0.5021 0.4972 0.4898 0.4830 0.4801 0.4830 0.4898 0.4972 0.5021 0.5021 0.4944 0.4753 0.4463 0.4126 0.3782 0.3453 0.3148 0.2872 0.2626 0.2407 0.2216 0.2048 0.1903 0.1779 0.1672 0.1583 0.1509 0.1449 0.1403 0.1370 0.1348 0.1338 0.1340 0.1355 0.1384 0.1430 0.1501 0.1617 0.1845 0.2267 0.2781 0.3276 0.3711 0.4078 0.4379 0.4619 0.4803 0.4934 0.5010 0.5026 0.4963 0.4787 0.4504 0.4168 0.3833
0.4182 0.4504 0.4788 0.4964 0.5027 0.5009 0.4932 0.4801 0.4616 0.4375 0.4073 0.3704 0.3268 0.2772 0.2259 0.1839 0.1614 0.1499 0.1429 0.1383 0.1355 0.1340 0.1338 0.1348 0.1370 0.1404 0.1450 0.1510 0.1584 0.1674 0.1781 0.1906 0.2051 0.2219 0.2411 0.2630 0.2877 0.3153 0.3458 0.3788 0.4133 0.4470 0.4760 0.4948 0.5023 0.5018 0.4957 0.4860 0.4747 0.4650 0.4611 0.4650 0.4747 0.4860 0.4957 0.5018 0.5023 0.4948 0.4760 0.4470 0.4133 0.3788 0.3458 0.3153 0.2877 0.2630 0.2411 0.2219 0.2051 0.1906 0.1781 0.1674 0.1584 0.1510 0.1450 0.1404 0.1370 0.1348 0.1338 0.1340 0.1355 0.1383 0.1429 0.1499 0.1614 0.1839 0.2259 0.2772 0.3268 0.3705 0.4073 0.4375 0.4616 0.4801 0.4932 0.5009 0.5027 0.4964 0.4788 0.4504 0.4182
0.4525 0.4787 0.4964 0.5027 0.5009 0.4931 0.4799 0.4613 0.4371 0.4068 0.3698 0.3260 0.2763 0.2251 0.1834 0.1611 0.1498 0.1428 0.1383 0.1354 0.1340 0.1338 0.1349 0.1371 0.1405 0.1451 0.1511 0.1586 0.1676 0.1783 0.1908 0.2054 0.2222 0.2415 0.2634 0.2881 0.3158 0.3464 0.3795 0.4139 0.4477 0.4766 0.4952 0.5024 0.5015 0.4949 0.4837 0.4693 0.4539 0.4413 0.4362 0.4413 0.4539 0.4693 0.4837 0.4949 0.5015 0.5024 0.4952 0.4766 0.4477 0.4139 0.3794 0.3464 0.3158 0.2881 0.2634 0.2415 0.2222 0.2054 0.1908 0.1783 0.1676 0.1586 0.1511 0.1451 0.1405 0.1371 0.1349 0.1338 0.1340 0.1354 0.1383 0.1428 0.1498 0.1611 0.1834 0.2251 0.2763 0.3260 0.3698 0.4068 0.4371 0.4613 0.4799 0.4931 0.5009 0.5027 0.4964 0.4787 0.4525
0.4817 0.4963 0.5027 0.5009 0.4930 0.4798 0.4611 0.4368 0.4064 0.3693 0.3253 0.2756 0.2243 0.1829 0.1609 0.1496 0.1427 0.1382 0.1354 0.1340 0.1338 0.1349 0.1371 0.1405 0.1452 0.1513 0.1587 0.1678 0.1785 0.1911 0.2057 0.2225 0.2418 0.2638 0.2886 0.3164 0.3470 0.3801 0.4146 0.4483 0.4770 0.4955 0.5025 0.5014 0.4944 0.4824 0.4662 0.4469 0.4271 0.4112 0.4049 0.4112 0.4271 0.4470 0.4662 0.4824 0.4944 0.5014 0.5025 0.4955 0.4770 0.4482 0.4146 0.3801 0.3470 0.3164 0.2886 0.2638 0.2418 0.2225 0.2057 0.1911 0.1785 0.1678 0.1587 0.1513 0.1452 0.1405 0.1371 0.1349 0.1338 0.1340 0.1354 0.1382 0.1427 0.1496 0.1609 0.1829 0.2243 0.2756 0.3253 0.3693 0.4064 0.4368 0.4611 0.4798 0.4930 0.5009 0.5027 0.4963 0.4817
0.5002 0.5026 0.5009 0.4931 0.4798 0.4611 0.4366 0.4061 0.3688 0.3248 0.2749 0.2236 0.1824 0.1607 0.1495 0.1426 0.1381 0.1354 0.1340 0.1339 0.1349 0.1372 0.1406 0.1453 0.1514 0.1589 0.1679 0.1787 0.1913 0.2060 0.2229 0.2422 0.2642 0.2891 0.3169 0.3476 0.3807 0.4152 0.4488 0.4775 0.4957 0.5025 0.5013 0.4940 0.4816 0.4644 0.4429 0.4184 0.3938 0.3744 0.3667 0.3744 0.3938 0.4184 0.4429 0.4644 0.4816 0.4940 0.5013 0.5025 0.4957 0.4775 0.4488 0.4152 0.3807 0.3476 0.3169 0.2891 0.2642 0.2422 0.2229 0.2060 0.1913 0.1787 0.1679 0.1589 0.1514 0.1453 0.1406 0.1372 0.1349 0.1339 0.1340 0.1354 0.1381 0.1426 0.1495 0.1607 0.1824 0.2236 0.2749 0.3248 0.3688 0.4061 0.4366 0.4610 0.4798 0.4931 0.5009 0.5026 0.5002
0.5070 0.5010 0.4932 0.4799 0.4611 0.4366 0.4060 0.3686 0.3244 0.2744 0.2231 0.1821 0.1605 0.1494 0.1425 0.1381 0.1353 0.1340 0.1339 0.1349 0.1372 0.1407 0.1454 0.1515 0.1590 0.1681 0.1789 0.1916 0.2062 0.2232 0.2426 0.2647 0.2896 0.3174 0.3481 0.3813 0.4158 0.4494 0.4779 0.4959 0.5026 0.5012 0.4937 0.4810 0.4633 0.4406 0.4134 0.3832 0.3535 0.3304 0.3215 0.3304 0.3535 0.3832 0.4134 0.4406 0.4633 0.4810 0.4937 0.5012 0.5026 0.4959 0.4779 0.4494 0.4158 0.3813 0.3481 0.3174 0.2896 0.2646 0.2426 0.2232 0.2062 0.1915 0.1789 0.1681 0.1590 0.1515 0.1454 0.1407 0.1372 0.1349 0.1339 0.1340 0.1353 0.1381 0.1425 0.1494 0.1605 0.1821 0.2231 0.2744 0.3244 0.3686 0.4060 0.4366 0.4611 0.4799 0.4932 0.5010 0.5070
0.5055 0.4934 0.4801 0.4613 0.4368 0.4061 0.3686 0.3243 0.2741 0.2227 0.1818 0.1603 0.1493 0.1425 0.1380 0.1353 0.1340 0.1339 0.1350 0.1373 0.1407 0.1455 0.1516 0.1592 0.1683 0.1791 0.1918 0.2065 0.2235 0.2430 0.2651 0.2900 0.3179 0.3487 0.3819 0.4164 0.4500 0.4784 0.4961 0.5026 0.5011 0.4935 0.4806 0.4625 0.4392 0.4105 0.3771 0.3409 0.3062 0.2802 0.2704 0.2802 0.3062 0.3409 0.3771 0.4105 0.4392 0.4625 0.4806 0.4935 0.5011 0.5026 0.4961 0.4784 0.4500 0.4164 0.3819 0.3487 0.3179 0.2900 0.2651 0.2429 0.2235 0.2065 0.1918 0.1791 0.1683 0.1592 0.1516 0.1455 0.1407 0.1372 0.1350 0.1339 0.1340 0.1353 0.1380 0.1425 0.1493 0.1603 0.1818 0.2227 0.2741 0.3243 0.3686 0.4061 0.4368 0.4613 0.4801 0.4934 0.5055
0.4978 0.4803 0.4616 0.4371 0.4064 0.3688 0.3244 0.2741 0.2226 0.1816 0.1602 0.1492 0.1424 0.1380 0.1353 0.1340 0.1339 0.1350 0.1373 0.1408 0.1456 0.1517 0.1593 0.1684 0.1793 0.1920 0.2068 0.2238 0.2433 0.2655 0.2905 0.3185 0.3493 0.3825 0.4170 0.4506 0.4788 0.4963 0.5026 0.5010 0.4933 0.4803 0.4620 0.4382 0.4087 0.3736 0.3337 0.2919 0.2541 0.2279 0.2187 0.2279 0.2541 0.2919 0.3337 0.3736 0.4087 0.4382 0.4620 0.4803 0.4933 0.5010 0.5026 0.4963 0.4788 0.4505 0.4170 0.3825 0.3493 0.3185 0.2905 0.2655 0.2433 0.2238 0.2068 0.1920 0.1793 0.1684 0.1593 0.1517 0.1456 0.1408 0.1373 0.1350 0.1339 0.1340 0.1353 0.1380 0.1424 0.1492 0.1602 0.1817 0.2226 0.2741 0.3244 0.3688 0.4064 0.4371 0.4616 0.4803 0.4978
0.4847 0.4619 0.4375 0.4068 0.3693 0.3248 0.2744 0.2227 0.1816 0.1602 0.1492 0.1424 0.1380 0.1353 0.1339 0.1339 0.1350 0.1373 0.1409 0.1457 0.1518 0.1594 0.1686 0.1795 0.1922 0.2070 0.2241 0.2437 0.2659 0.2910 0.3190 0.3498 0.3831 0.4177 0.4511 0.4792 0.4965 0.5027 0.5009 0.4931 0.4800 0.4615 0.4375 0.4076 0.3715 0.3296 0.2839 0.2394 0.2044 0.1848 0.1791 0.1848 0.2044 0.2395 0.2839 0.3296 0.3715 0.4076 0.4375 0.4615 0.4800 0.4931 0.5009 0.5027 0.4965 0.4792 0.4511 0.4176 0.3831 0.3498 0.3190 0.2909 0.2659 0.2437 0.2241 0.2070 0.1922 0.1795 0.1686 0.1594 0.1518 0.1457 0.1409 0.1373 0.1350 0.1339 0.1339 0.1353 0.1380 0.1424 0.1492 0.1602 0.1817 0.2227 0.2744 0.3248 0.3693 0.4068 0.4375 0.4619 0.4847
0.4662 0.4379 0.4073 0.3698 0.3253 0.2749 0.2231 0.1818 0.1602 0.1492 0.1424 0.1379 0.1352 0.1339 0.1339 0.1350 0.1374 0.1409 0.1458 0.1519 0.1596 0.1688 0.1797 0.1925 0.2073 0.2244 0.2440 0.2663 0.2914 0.3195 0.3504 0.3837 0.4182 0.4517 0.4796 0.4967 0.5027 0.5008 0.4929 0.4797 0.4611 0.4369 0.4067 0.3701 0.3271 0.2794 0.2315 0.1928 0.1711 0.1616 0.1589 0.1616 0.1711 0.1928 0.2315 0.2794 0.3271 0.3701 0.4067 0.4369 0.4611 0.4797 0.4929 0.5008 0.5027 0.4967 0.4796 0.4517 0.4182 0.3837 0.3504 0.3194 0.2914 0.2662 0.2440 0.2244 0.2073 0.1924 0.1797 0.1688 0.1596 0.1519 0.1458 0.1409 0.1374 0.1350 0.1339 0.1339 0.1352 0.1379 0.1424 0.1492 0.1602 0.1818 0.2231 0.2749 0.3253 0.3698 0.4073 0.4379 0.4662
0.4420 0.4078 0.3705 0.3260 0.2756 0.2236 0.1821 0.1603 0.1492 0.1424 0.1379 0.1352 0.1339 0.1339 0.1350 0.1374 0.1410 0.1458 0.1520 0.1597 0.1689 0.1798 0.1927 0.2075 0.2247 0.2443 0.2666 0.2918 0.3199 0.3509 0.3842 0.4188 0.4522 0.4800 0.4969 0.5027 0.5007 0.4927 0.4794 0.4607 0.4364 0.4060 0.3690 0.3255 0.2767 0.2271 0.1871 0.1653 0.1549 0.1499 0.1483 0.1499 0.1549 0.1653 0.1871 0.2271 0.2767 0.3255 0.3690 0.4060 0.4364 0.4607 0.4794 0.4927 0.5007 0.5027 0.4969 0.4800 0.4522 0.4188 0.3842 0.3509 0.3199 0.2918 0.2666 0.2443 0.2247 0.2075 0.1927 0.1798 0.1689 0.1597 0.1520 0.1458 0.1410 0.1374 0.1350 0.1339 0.1339 0.1352 0.1379 0.1424 0.1492 0.1603 0.1821 0.2236 0.2756 0.3260 0.3705 0.4078 0.4420
0.4117 0.3711 0.3268 0.2763 0.2243 0.1824 0.1605 0.1493 0.1424 0.1380 0.1352 0.1339 0.1339 0.1351 0.1374 0.1410 0.1459 0.1521 0.1598 0.1690 0.1800 0.1929 0.2078 0.2250 0.2446 0.2670 0.2922 0.3204 0.3514 0.3848 0.4193 0.4527 0.4804 0.4971 0.5028 0.5006 0.4926 0.4791 0.4603 0.4359 0.4053 0.3682 0.3243 0.2749 0.2245 0.1842 0.1626 0.1519 0.1459 0.1427 0.1417 0.1427 0.1459 0.1519 0.1626 0.1842 0.2245 0.2749 0.3243 0.3682 0.4053 0.4359 0.4603 0.4791 0.4926 0.5006 0.5028 0.4971 0.4804 0.4527 0.4193 0.3848 0.3514 0.3204 0.2922 0.2670 0.2446 0.2250 0.2078 0.1929 0.1800 0.1690 0.1598 0.1521 0.1459 0.1410 0.1374 0.1351 0.1339 0.1339 0.1352 0.1380 0.1424 0.1493 0.1605 0.1824 0.2243 0.2763 0.3268 0.3711 0.4117
0.3746 0.3276 0.2772 0.2251 0.1829 0.1607 0.1494 0.1425 0.1380 0.1353 0.1339 0.1339 0.1351 0.1374 0.1410 0.1459 0.1521 0.1598 0.1691 0.1801 0.1930 0.2080 0.2252 0.2449 0.2673 0.2926 0.3208 0.3519 0.3853 0.4199 0.4532 0.4807 0.4973 0.5028 0.5006 0.4924 0.4789 0.4600 0.4354 0.4047 0.3674 0.3233 0.2735 0.2228 0.1825 0.1612 0.1505 0.1441 0.1402 0.1381 0.1375 0.1381 0.1402 0.1441 0.1505 0.1612 0.1825 0.2228 0.2736 0.3233 0.3674 0.4047 0.4354 0.4600 0.4789 0.4924 0.5006 0.5028 0.4973 0.4807 0.4532 0.4199 0.3853 0.3519 0.3208 0.2926 0.2673 0.2449 0.2252 0.2080 0.1930 0.1801 0.1691 0.1598 0.1521 0.1459 0.1410 0.1374 0.1351 0.1339 0.1339 0.1353 0.1380 0.1425 0.1494 0.1607 0.1829 0.2251 0.2772 0.3276 0.3746
0.3305 0.2781 0.2259 0.1834 0.1609 0.1495 0.1425 0.1380 0.1353 0.1339 0.1339 0.1350 0.1374 0.1410 0.1459 0.1522 0.1599 0.1692 0.1802 0.1931 0.2082 0.2254 0.2452 0.2677 0.2930 0.3213 0.3524 0.3858 0.4204 0.4537 0.4811 0.4974 0.5028 0.5005 0.4922 0.4786 0.4596 0.4350 0.4042 0.3667 0.3224 0.2725 0.2216 0.1815 0.1605 0.1497 0.1431 0.1390 0.1365 0.1353 0.1349 0.1353 0.1365 0.1390 0.1431 0.1497 0.1605 0.1815 0.2216 0.2725 0.3224 0.3667 0.4042 0.4350 0.4596 0.4786 0.4922 0.5005 0.5028 0.4974 0.4811 0.4536 0.4204 0.3858 0.3524 0.3213 0.2930 0.2677 0.2452 0.2254 0.2082 0.1931 0.1802 0.1692 0.1599 0.1522 0.1459 0.1410 0.1374 0.1350 0.1339 0.1339 0.1353 0.1380 0.1425 0.1495 0.1609 0.1834 0.2259 0.2781 0.3305
0.2805 0.2267 0.1839 0.1611 0.1496 0.1426 0.1381 0.1353 0.1340 0.1339 0.1350 0.1374 0.1410 0.1459 0.1522 0.1599 0.1692 0.1803 0.1932 0.2083 0.2256 0.2454 0.2680 0.2934 0.3217 0.3529 0.3863 0.4209 0.4541 0.4814 0.4976 0.5028 0.5004 0.4920 0.4784 0.4593 0.4346 0.4036 0.3661 0.3216 0.2716 0.2206 0.1807 0.1600 0.1492 0.1426 0.1384 0.1358 0.1345 0.1339 0.1338 0.1339 0.1345 0.1358 0.1384 0.1426 0.1492 0.1600 0.1807 0.2207 0.2716 0.3217 0.3661 0.4037 0.4346 0.4593 0.4784 0.4920 0.5004 0.5028 0.4976 0.4814 0.4541 0.4209 0.3863 0.3529 0.3217 0.2933 0.2680 0.2454 0.2256 0.2083 0.1932 0.1803 0.1692 0.1599 0.1522 0.1459 0.1410 0.1374 0.1350 0.1339 0.1340 0.1353 0.1381 0.1426 0.1496 0.1611 0.1839 0.2267 0.2805
0.2285 0.1845 0.1614 0.1498 0.1427 0.1381 0.1353 0.1340 0.1339 0.1350 0.1374 0.1410 0.1459 0.1521 0.1599 0.1692 0.1803 0.1933 0.2084 0.2257 0.2456 0.2682 0.2936 0.3220 0.3533 0.3868 0.4214 0.4546 0.4817 0.4977 0.5028 0.5003 0.4919 0.4781 0.4590 0.4341 0.4031 0.3654 0.3209 0.2707 0.2198 0.1801 0.1596 0.1490 0.1424 0.1381 0.1355 0.1341 0.1337 0.1338 0.1339 0.1338 0.1337 0.1341 0.1355 0.1381 0.1424 0.1490 0.1596 0.1801 0.2198 0.2707 0.3209 0.3654 0.4031 0.4341 0.4590 0.4781 0.4919 0.5003 0.5028 0.4977 0.4817 0.4546 0.4214 0.3868 0.3533 0.3220 0.2936 0.2682 0.2456 0.2257 0.2084 0.1933 0.1803 0.1692 0.1599 0.1521 0.1459 0.1410 0.1374 0.1350 0.1339 0.1340 0.1353 0.1381 0.1427 0.1498 0.1614 0.1845 0.2285
0.1855 0.1617 0.1499 0.1428 0.1382 0.1354 0.1340 0.1339 0.1350 0.1373 0.1409 0.1458 0.1521 0.1598 0.1692 0.1803 0.1933 0.2084 0.2258 0.2457 0.2683 0.2938 0.3223 0.3536 0.3872 0.4219 0.4550 0.4821 0.4979 0.5028 0.5002 0.4917 0.4779 0.4586 0.4337 0.4026 0.3648 0.3202 0.2699 0.2191 0.1797 0.1593 0.1488 0.1422 0.1379 0.1353 0.1340 0.1338 0.1343 0.1350 0.1353 0.1350 0.1343 0.1338 0.1340 0.1353 0.1379 0.1422 0.1488 0.1593 0.1797 0.2191 0.2699 0.3202 0.3648 0.4026 0.4337 0.4586 0.4779 0.4917 0.5002 0.5028 0.4979 0.4821 0.4550 0.4219 0.3872 0.3536 0.3223 0.2938 0.2683 0.2457 0.2258 0.2084 0.1933 0.1803 0.1692 0.1598 0.1521 0.1458 0.1409 0.1373 0.1350 0.1339 0.1340 0.1354 0.1382 0.1428 0.1499 0.1617 0.1855
0.1622 0.1501 0.1429 0.1383 0.1354 0.1340 0.1339 0.1350 0.1373 0.1409 0.1458 0.1520 0.1598 0.1691 0.1802 0.1932 0.2084 0.2258 0.2457 0.2684 0.2940 0.3225 0.3538 0.3875 0.4222 0.4554 0.4823 0.4980 0.5028 0.5001 0.4915 0.4776 0.4583 0.4333 0.4021 0.3642 0.3194 0.2691 0.2183 0.1792 0.1591 0.1486 0.1421 0.1378 0.1352 0.1339 0.1338 0.1346 0.1360 0.1373 0.1379 0.1373 0.1360 0.1346 0.1338 0.1339 0.1352 0.1378 0.1421 0.1486 0.1591 0.1792 0.2183 0.2692 0.3194 0.3642 0.4021 0.4333 0.4583 0.4776 0.4915 0.5001 0.5028 0.4980 0.4823 0.4554 0.4222 0.3875 0.3538 0.3225 0.2940 0.2684 0.2457 0.2258 0.2084 0.1932 0.1802 0.1691 0.1598 0.1520 0.1458 0.1409 0.1373 0.1350 0.1339 0.1340 0.1354 0.1383 0.1429 0.1501 0.1622
0.1504 0.1430 0.1383 0.1354 0.1340 0.1339 0.1349 0.1372 0.1408 0.1457 0.1519 0.1597 0.1690 0.1801 0.1931 0.2083 0.2257 0.2457 0.2684 0.2940 0.3226 0.3540 0.3877 0.4225 0.4556 0.4826 0.4981 0.5029 0.5000 0.4914 0.4774 0.4579 0.4328 0.4015 0.3635 0.3187 0.2683 0.2176 0.1788 0.1589 0.1485 0.1420 0.1377 0.1351 0.1339 0.1339 0.1349 0.1367 0.1390 0.1410 0.1418 0.1410 0.1390 0.1367 0.1349 0.1339 0.1339 0.1351 0.1377 0.1420 0.1485 0.1589 0.1788 0.2176 0.2684 0.3187 0.3635 0.4015 0.4329 0.4580 0.4774 0.4914 0.5001 0.5029 0.4981 0.4825 0.4556 0.4224 0.3877 0.3540 0.3226 0.2940 0.2684 0.2457 0.2257 0.2083 0.1931 0.1801 0.1690 0.1597 0.1519 0.1457 0.1408 0.1372 0.1349 0.1339 0.1340 0.1354 0.1383 0.1430 0.1504
0.1431 0.1384 0.1355 0.1340 0.1338 0.1349 0.1372 0.1407 0.1456 0.1518 0.1596 0.1689 0.1800 0.1930 0.2082 0.2256 0.2456 0.2683 0.2940 0.3226 0.3541 0.3878 0.4226 0.4558 0.4827 0.4982 0.5029 0.5000 0.4912 0.4771 0.4576 0.4324 0.4010 0.3629 0.3180 0.2675 0.2169 0.1783 0.1587 0.1483 0.1419 0.1377 0.1351 0.1339 0.1339 0.1350 0.1372 0.1401 0.1433 0.1459 0.1470 0.1459 0.1433 0.1401 0.1372 0.1350 0.1339 0.1339 0.1351 0.1377 0.1419 0.1484 0.1587 0.1783 0.2169 0.2676 0.3180 0.3629 0.4010 0.4324 0.4576 0.4771 0.4912 0.5000 0.5029 0.4982 0.4827 0.4558 0.4226 0.3878 0.3541 0.3226 0.2940 0.2683 0.2456 0.2256 0.2082 0.1930 0.1800 0.1689 0.1596 0.1518 0.1456 0.1407 0.1372 0.1349 0.1338 0.1340 0.1355 0.1384 0.1431
0.1384 0.1355 0.1340 0.1338 0.1349 0.1372 0.1407 0.1455 0.1517 0.1594 0.1688 0.1798 0.1929 0.2080 0.2254 0.2454 0.2682 0.2938 0.3225 0.3540 0.3878 0.4227 0.4559 0.4828 0.4982 0.5029 0.4999 0.4911 0.4770 0.4574 0.4321 0.4005 0.3623 0.3172 0.2668 0.2162 0.1779 0.1585 0.1482 0.1418 0.1376 0.1351 0.1339 0.1339 0.1351 0.1374 0.1407 0.1447 0.1489 0.1523 0.1536 0.1523 0.1489 0.1447 0.1407 0.1374 0.1351 0.1339 0.1339 0.1351 0.1376 0.1418 0.1482 0.1585 0.1779 0.2162 0.2668 0.3173 0.3623 0.4005 0.4321 0.4574 0.4770 0.4911 0.4999 0.5029 0.4982 0.4828 0.4559 0.4227 0.3878 0.3540 0.3225 0.2938 0.2682 0.2454 0.2254 0.2080 0.1929 0.1798 0.1688 0.1594 0.1517 0.1455 0.1407 0.1372 0.1349 0.1338 0.1340 0.1355 0.1384
0.1355 0.1340 0.1338 0.1349 0.1371 0.1406 0.1454 0.1516 0.1593 0.1686 0.1797 0.1927 0.2078 0.2252 0.2452 0.2680 0.2936 0.3223 0.3538 0.3877 0.4226 0.4559 0.4828 0.4983 0.5029 0.4999 0.4911 0.4768 0.4572 0.4318 0.4001 0.3617 0.3165 0.2660 0.2154 0.1775 0.1583 0.1481 0.1417 0.1376 0.1350 0.1339 0.1339 0.1352 0.1376 0.1411 0.1455 0.1507 0.1560 0.1601 0.1617 0.1601 0.1560 0.1507 0.1455 0.1411 0.1376 0.1352 0.1339 0.1339 0.1350 0.1376 0.1417 0.1481 0.1583 0.1775 0.2155 0.2660 0.3166 0.3617 0.4001 0.4318 0.4572 0.4768 0.4911 0.4999 0.5029 0.4983 0.4828 0.4559 0.4226 0.3877 0.3538 0.3223 0.2936 0.2680 0.2452 0.2252 0.2078 0.1927 0.1797 0.1686 0.1593 0.1516 0.1454 0.1406 0.1371 0.1349 0.1338 0.1340 0.1355
0.1339 0.1338 0.1348 0.1371 0.1405 0.1453 0.1515 0.1592 0.1684 0.1795 0.1924 0.2075 0.2250 0.2449 0.2677 0.2933 0.3220 0.3536 0.3875 0.4224 0.4558 0.4828 0.4983 0.5029 0.4999 0.4910 0.4767 0.4570 0.4315 0.3998 0.3613 0.3160 0.2653 0.2148 0.1771 0.1581 0.1480 0.1416 0.1375 0.1350 0.1339 0.1340 0.1352 0.1377 0.1413 0.1460 0.1518 0.1582 0.1646 0.1696 0.1715 0.1696 0.1646 0.1582 0.1518 0.1460 0.1413 0.1377 0.1352 0.1340 0.1339 0.1350 0.1375 0.1416 0.1480 0.1581 0.1771 0.2148 0.2653 0.3160 0.3613 0.3998 0.4315 0.4570 0.4767 0.4910 0.4999 0.5029 0.4983 0.4828 0.4558 0.4224 0.3875 0.3536 0.3220 0.2933 0.2677 0.2449 0.2250 0.2075 0.1924 0.1795 0.1684 0.1592 0.1515 0.1453 0.1405 0.1371 0.1348 0.1338 0.1339
0.1337 0.1348 0.1370 0.1405 0.1452 0.1514 0.1590 0.1683 0.1793 0.1922 0.2073 0.2247 0.2446 0.2673 0.2930 0.3217 0.3533 0.3872 0.4222 0.4556 0.4827 0.4982 0.5029 0.4999 0.4910 0.4767 0.4569 0.4314 0.3996 0.3610 0.3156 0.2648 0.2142 0.1767 0.1579 0.1479 0.1416 0.1375 0.1350 0.1339 0.1340 0.1353 0.1377 0.1414 0.1463 0.1523 0.1595 0.1673 0.1749 0.1808 0.1831 0.1808 0.1749 0.1673 0.1595 0.1523 0.1463 0.1414 0.1377 0.1353 0.1340 0.1339 0.1350 0.1375 0.1416 0.1479 0.1579 0.1768 0.2142 0.2648 0.3156 0.3610 0.3996 0.4314 0.4569 0.4767 0.4910 0.4999 0.5029 0.4982 0.4827 0.4556 0.4222 0.3872 0.3533 0.3217 0.2930 0.2673 0.2446 0.2247 0.2073 0.1922 0.1793 0.1683 0.1590 0.1514 0.1452 0.1405 0.1370 0.1348 0.1337
0.1346 0.1370 0.1404 0.1451 0.1513 0.1589 0.1681 0.1791 0.1920 0.2070 0.2244 0.2443 0.2670 0.2926 0.3213 0.3529 0.3868 0.4219 0.4554 0.4825 0.4982 0.5029 0.4999 0.4910 0.4767 0.4569 0.4313 0.3994 0.3608 0.3153 0.2644 0.2138 0.1765 0.1577 0.1478 0.1415 0.1374 0.1350 0.1339 0.1340 0.1353 0.1378 0.1415 0.1465 0.1527 0.1602 0.1688 0.1781 0.1871 0.1941 0.1968 0.1941 0.1871 0.1781 0.1688 0.1602 0.1527 0.1465 0.1415 0.1378 0.1353 0.1340 0.1339 0.1350 0.1374 0.1415 0.1478 0.1578 0.1765 0.2138 0.2644 0.3153 0.3608 0.3994 0.4313 0.4569 0.4767 0.4910 0.4999 0.5029 0.4982 0.4825 0.4554 0.4219 0.3868 0.3529 0.3213 0.2926 0.2670 0.2443 0.2244 0.2070 0.1920 0.1791 0.1681 0.1589 0.1513 0.1451 0.1404 0.1370 0.1346
0.1367 0.1403 0.1450 0.1511 0.1587 0.1679 0.1789 0.1918 0.2068 0.2241 0.2440 0.2666 0.2922 0.3208 0.3524 0.3863 0.4214 0.4550 0.4823 0.4981 0.5029 0.4999 0.4911 0.4767 0.4569 0.4313 0.3994 0.3606 0.3151 0.2641 0.2136 0.1763 0.1576 0.1477 0.1414 0.1374 0.1349 0.1338 0.1340 0.1353 0.1378 0.1416 0.1466 0.1529 0.1606 0.1697 0.1799 0.1909 0.2014 0.2094 0.2125 0.2094 0.2014 0.1909 0.1799 0.1697 0.1606 0.1529 0.1466 0.1416 0.1378 0.1353 0.1340 0.1338 0.1349 0.1374 0.1414 0.1477 0.1576 0.1763 0.2136 0.2641 0.3151 0.3606 0.3994 0.4313 0.4569 0.4767 0.4911 0.4999 0.5029 0.4981 0.4823 0.4550 0.4214 0.3863 0.3524 0.3208 0.2922 0.2666 0.2440 0.2241 0.2068 0.1918 0.1789 0.1679 0.1587 0.1511 0.1450 0.1403 0.1367
0.1400 0.1449 0.1510 0.1586 0.1678 0.1787 0.1915 0.2065 0.2238 0.2437 0.2662 0.2918 0.3204 0.3519 0.3858 0.4209 0.4546 0.4821 0.4980 0.5029 0.5000 0.4911 0.4768 0.4570 0.4314 0.3994 0.3606 0.3150 0.2640 0.2134 0.1762 0.1576 0.1476 0.1414 0.1373 0.1349 0.1338 0.1340 0.1354 0.1379 0.1417 0.1467 0.1531 0.1609 0.1702 0.1809 0.1930 0.2057 0.2179 0.2272 0.2307 0.2272 0.2179 0.2057 0.1929 0.1809 0.1702 0.1609 0.1531 0.1467 0.1417 0.1379 0.1354 0.1340 0.1338 0.1349 0.1373 0.1414 0.1476 0.1576 0.1762 0.2134 0.2640 0.3150 0.3606 0.3994 0.4314 0.4570 0.4768 0.4911 0.5000 0.5029 0.4980 0.4821 0.4546 0.4209 0.3858 0.3519 0.3204 0.2918 0.2662 0.2437 0.2238 0.2065 0.1915 0.1787 0.1678 0.1586 0.1510 0.1449 0.1400
0.1446 0.1509 0.1584 0.1676 0.1785 0.1913 0.2062 0.2235 0.2433 0.2659 0.2914 0.3199 0.3514 0.3853 0.4204 0.4541 0.4817 0.4979 0.5028 0.5001 0.4912 0.4770 0.4572 0.4315 0.3996 0.3608 0.3151 0.2640 0.2133 0.1761 0.1575 0.1476 0.1414 0.1373 0.1349 0.1338 0.1340 0.1354 0.1379 0.1417 0.1468 0.1532 0.1611 0.1705 0.1815 0.1941 0.2081 0.2228 0.2368 0.2475 0.2516 0.2475 0.2368 0.2228 0.2081 0.1941 0.1815 0.1705 0.1611 0.1532 0.1468 0.1417 0.1379 0.1354 0.1340 0.1338 0.1349 0.1373 0.1414 0.1476 0.1575 0.1761 0.2133 0.2640 0.3151 0.3608 0.3996 0.4315 0.4572 0.4770 0.4912 0.5001 0.5028 0.4979 0.4817 0.4541 0.4204 0.3853 0.3514 0.3199 0.2914 0.2659 0.2433 0.2235 0.2062 0.1913 0.1785 0.1676 0.1584 0.1509 0.1446
0.1505 0.1583 0.1674 0.1783 0.1911 0.2060 0.2232 0.2429 0.2655 0.2909 0.3194 0.3509 0.3848 0.4199 0.4536 0.4814 0.4977 0.5028 0.5001 0.4914 0.4771 0.4574 0.4318 0.3998 0.3610 0.3153 0.2641 0.2134 0.1761 0.1575 0.1476 0.1413 0.1373 0.1349 0.1338 0.1340 0.1354 0.1380 0.1418 0.1469 0.1533 0.1612 0.1707 0.1819 0.1948 0.2095 0.2256 0.2426 0.2585 0.2706 0.2753 0.2706 0.2585 0.2425 0.2256 0.2095 0.1948 0.1819 0.1707 0.1612 0.1533 0.1469 0.1418 0.1380 0.1354 0.1340 0.1338 0.1349 0.1373 0.1413 0.1476 0.1575 0.1761 0.2134 0.2641 0.3153 0.3610 0.3998 0.4318 0.4574 0.4771 0.4914 0.5001 0.5028 0.4977 0.4814 0.4536 0.4199 0.3848 0.3509 0.3194 0.2909 0.2655 0.2429 0.2232 0.2060 0.1911 0.1783 0.1674 0.1583 0.1505
0.1579 0.1672 0.1781 0.1908 0.2057 0.2229 0.2426 0.2651 0.2905 0.3190 0.3504 0.3842 0.4193 0.4532 0.4811 0.4976 0.5028 0.5002 0.4915 0.4774 0.4576 0.4321 0.4001 0.3613 0.3156 0.2644 0.2136 0.1762 0.1575 0.1476 0.1413 0.1373 0.1349 0.1338 0.1340 0.1354 0.1380 0.1418 0.1469 0.1534 0.1614 0.1709 0.1822 0.1953 0.2103 0.2272 0.2457 0.2650 0.2831 0.2967 0.3020 0.2967 0.2831 0.2650 0.2457 0.2272 0.2103 0.1953 0.1822 0.1709 0.1614 0.1534 0.1469 0.1418 0.1380 0.1354 0.1340 0.1338 0.1349 0.1373 0.1413 0.1476 0.1575 0.1762 0.2136 0.2644 0.3156 0.3613 0.4001 0.4321 0.4576 0.4774 0.4915 0.5002 0.5028 0.4976 0.4811 0.4532 0.4193 0.3842 0.3504 0.3190 0.2905 0.2651 0.2426 0.2229 0.2057 0.1908 0.1781 0.1672 0.1579
0.1668 0.1779 0.1906 0.2054 0.2225 0.2422 0.2646 0.2900 0.3185 0.3498 0.3837 0.4188 0.4527 0.4807 0.4974 0.5028 0.5003 0.4917 0.4776 0.4580 0.4324 0.4005 0.3617 0.3160 0.2648 0.2138 0.1763 0.1576 0.1476 0.1413 0.1373 0.1349 0.1338 0.1340 0.1354 0.1380 0.1418 0.1470 0.1535 0.1615 0.1710 0.1824 0.1956 0.2108 0.2281 0.2475 0.2686 0.2904 0.3107 0.3259 0.3317 0.3259 0.3107 0.2904 0.2686 0.2475 0.2281 0.2108 0.1956 0.1823 0.1710 0.1615 0.1535 0.1470 0.1418 0.1380 0.1354 0.1340 0.1338 0.1349 0.1373 0.1413 0.1476 0.1576 0.1763 0.2138 0.2648 0.3160 0.3617 0.4005 0.4324 0.4580 0.4776 0.4917 0.5003 0.5028 0.4974 0.4807 0.4527 0.4188 0.3837 0.3498 0.3185 0.2900 0.2646 0.2422 0.2225 0.2054 0.1906 0.1779 0.1668
0.1774 0.1903 0.2051 0.2222 0.2418 0.2642 0.2896 0.3179 0.3493 0.3831 0.4182 0.4522 0.4804 0.4973 0.5028 0.5004 0.4919 0.4779 0.4583 0.4329 0.4010 0.3623 0.3166 0.2653 0.2142 0.1765 0.1576 0.1476 0.1414 0.1373 0.1349 0.1338 0.1340 0.1354 0.1380 0.1419 0.1470 0.1535 0.1615 0.1712 0.1825 0.1958 0.2111 0.2286 0.2485 0.2706 0.2944 0.3188 0.3413 0.3580 0.3643 0.3580 0.3413 0.3188 0.2944 0.2706 0.2485 0.2286 0.2111 0.1958 0.1825 0.1711 0.1615 0.1535 0.1470 0.1419 0.1380 0.1354 0.1340 0.1338 0.1349 0.1373 0.1414 0.1476 0.1576 0.1765 0.2142 0.2653 0.3166 0.3623 0.4010 0.4329 0.4583 0.4779 0.4919 0.5004 0.5028 0.4973 0.4804 0.4522 0.4182 0.3831 0.3493 0.3179 0.2896 0.2642 0.2418 0.2222 0.2051 0.1903 0.1774
0.1898 0.2048 0.2219 0.2415 0.2638 0.2891 0.3174 0.3487 0.3825 0.4176 0.4517 0.4800 0.4971 0.5028 0.5005 0.4920 0.4781 0.4586 0.4333 0.4015 0.3629 0.3173 0.2660 0.2148 0.1768 0.1578 0.1477 0.1414 0.1373 0.1349 0.1338 0.1340 0.1354 0.1380 0.1419 0.1470 0.1536 0.1616 0.1712 0.1826 0.1959 0.2113 0.2290 0.2491 0.2717 0.2966 0.3233 0.3502 0.3746 0.3923 0.3989 0.3923 0.3746 0.3502 0.3232 0.2966 0.2717 0.2491 0.2290 0.2113 0.1959 0.1826 0.1712 0.1616 0.1536 0.1470 0.1419 0.1380 0.1354 0.1340 0.1338 0.1349 0.1373 0.1414 0.1477 0.1578 0.1768 0.2148 0.2660 0.3173 0.3629 0.4015 0.4333 0.4586 0.4781 0.4920 0.5005 0.5028 0.4971 0.4800 0.4517 0.4176 0.3825 0.3487 0.3174 0.2891 0.2638 0.2415 0.2219 0.2048 0.1898
0.2043 0.2216 0.2411 0.2634 0.2886 0.3169 0.3481 0.3819 0.4170 0.4511 0.4796 0.4969 0.5028 0.5006 0.4922 0.4784 0.4590 0.4337 0.4021 0.3635 0.3180 0.2668 0.2155 0.1771 0.1579 0.1478 0.1414 0.1373 0.1349 0.1338 0.1340 0.1354 0.1380 0.1419 0.1470 0.1536 0.1616 0.1713 0.1827 0.1960 0.2115 0.2293 0.2495 0.2724 0.2979 0.3257 0.3550 0.3840 0.4095 0.4274 0.4340 0.4274 0.4095 0.3840 0.3550 0.3257 0.2979 0.2724 0.2495 0.2293 0.2115 0.1960 0.1827 0.1713 0.1616 0.1536 0.1470 0.1419 0.1380 0.1354 0.1340 0.1338 0.1349 0.1373 0.1414 0.1478 0.1579 0.1771 0.2155 0.2668 0.3180 0.3635 0.4021 0.4337 0.4590 0.4784 0.4922 0.5006 0.5028 0.4969 0.4796 0.4511 0.4170 0.3819 0.3481 0.3169 0.2886 0.2634 0.2411 0.2216 0.2043
0.2210 0.2407 0.2630 0.2881 0.3164 0.3476 0.3813 0.4164 0.4505 0.4792 0.4967 0.5027 0.5006 0.4924 0.4786 0.4593 0.4341 0.4026 0.3642 0.3187 0.2676 0.2162 0.1775 0.1581 0.1479 0.1415 0.1374 0.1349 0.1338 0.1340 0.1354 0.1380 0.1419 0.1470 0.1536 0.1616 0.1713 0.1828 0.1961 0.2116 0.2294 0.2498 0.2728 0.2986 0.3271 0.3576 0.3891 0.4190 0.4441 0.4604 0.4660 0.4604 0.4441 0.4190 0.3890 0.3576 0.3270 0.2986 0.2728 0.2498 0.2294 0.2116 0.1961 0.1827 0.1713 0.1616 0.1536 0.1470 0.1419 0.1380 0.1354 0.1340 0.1338 0.1349 0.1374 0.1415 0.1479 0.1581 0.1775 0.2162 0.2676 0.3187 0.3642 0.4026 0.4341 0.4593 0.4786 0.4924 0.5006 0.5027 0.4967 0.4792 0.4505 0.4164 0.3813 0.3476 0.3164 0.2881 0.2630 0.2407 0.2210
0.2402 0.2626 0.2877 0.3158 0.3470 0.3807 0.4158 0.4500 0.4788 0.4965 0.5027 0.5007 0.4926 0.4789 0.4596 0.4346 0.4031 0.3648 0.3194 0.2684 0.2169 0.1779 0.1583 0.1480 0.1416 0.1374 0.1349 0.1338 0.1340 0.1354 0.1380 0.1418 0.1470 0.1536 0.1616 0.1713 0.1828 0.1962 0.2117 0.2296 0.2500 0.2731 0.2991 0.3278 0.3591 0.3918 0.4241 0.4529 0.4742 0.4861 0.4896 0.4861 0.4742 0.4529 0.4241 0.3918 0.3591 0.3278 0.2991 0.2731 0.2499 0.2295 0.2117 0.1962 0.1828 0.1713 0.1616 0.1536 0.1470 0.1418 0.1380 0.1354 0.1340 0.1338 0.1349 0.1374 0.1416 0.1480 0.1583 0.1779 0.2169 0.2684 0.3194 0.3648 0.4031 0.4346 0.4596 0.4789 0.4926 0.5007 0.5027 0.4965 0.4788 0.4500 0.4158 0.3807 0.3470 0.3158 0.2877 0.2626 0.2402
0.2621 0.2872 0.3153 0.3464 0.3801 0.4152 0.4494 0.4784 0.4963 0.5027 0.5008 0.4927 0.4791 0.4600 0.4350 0.4037 0.3654 0.3202 0.2692 0.2176 0.1783 0.1585 0.1481 0.1416 0.1375 0.1350 0.1338 0.1340 0.1354 0.1380 0.1418 0.1470 0.1535 0.1616 0.1713 0.1827 0.1962 0.2117 0.2296 0.2501 0.2733 0.2993 0.3283 0.3599 0.3933 0.4268 0.4574 0.4808 0.4942 0.4997 0.5010 0.4997 0.4942 0.4808 0.4574 0.4268 0.3933 0.3599 0.3283 0.2993 0.2732 0.2501 0.2296 0.2117 0.1962 0.1827 0.1713 0.1616 0.1535 0.1470 0.1418 0.1380 0.1354 0.1340 0.1338 0.1350 0.1375 0.1416 0.1481 0.1585 0.1783 0.2176 0.2692 0.3202 0.3654 0.4037 0.4350 0.4600 0.4791 0.4927 0.5008 0.5027 0.4963 0.4784 0.4494 0.4152 0.3801 0.3464 0.3153 0.2872 0.2621
0.2868 0.3148 0.3458 0.3794 0.4146 0.4488 0.4779 0.4961 0.5026 0.5009 0.4929 0.4794 0.4603 0.4354 0.4042 0.3661 0.3209 0.2699 0.2183 0.1788 0.1587 0.1482 0.1417 0.1375 0.1350 0.1339 0.1340 0.1354 0.1379 0.1418 0.1469 0.1535 0.1615 0.1712 0.1827 0.1961 0.2117 0.2296 0.2501 0.2733 0.2995 0.3286 0.3603 0.3941 0.4282 0.4597 0.4840 0.4974 0.5023 0.5028 0.5025 0.5028 0.5023 0.4974 0.4840 0.4597 0.4282 0.3941 0.3603 0.3286 0.2995 0.2733 0.2501 0.2296 0.2117 0.1961 0.1827 0.1712 0.1615 0.1535 0.1469 0.1418 0.1379 0.1354 0.1340 0.1339 0.1350 0.1375 0.1417 0.1482 0.1587 0.1788 0.2183 0.2699 0.3209 0.3661 0.4042 0.4354 0.4603 0.4794 0.4929 0.5009 0.5026 0.4961 0.4779 0.4488 0.4146 0.3794 0.3458 0.3148 0.2868
0.3146 0.3453 0.3788 0.4139 0.4482 0.4775 0.4959 0.5026 0.5010 0.4931 0.4797 0.4607 0.4359 0.4047 0.3667 0.3217 0.2707 0.2191 0.1792 0.1589 0.1484 0.1418 0.1376 0.1350 0.1339 0.1340 0.1353 0.1379 0.1417 0.1469 0.1534 0.1615 0.1711 0.1826 0.1960 0.2116 0.2295 0.2501 0.2733 0.2995 0.3287 0.3606 0.3945 0.4290 0.4609 0.4855 0.4988 0.5028 0.5016 0.4987 0.4972 0.4987 0.5016 0.5028 0.4988 0.4855 0.4609 0.4290 0.3945 0.3606 0.3287 0.2995 0.2733 0.2501 0.2295 0.2116 0.1960 0.1826 0.1711 0.1615 0.1534 0.1469 0.1417 0.1379 0.1353 0.1340 0.1339 0.1350 0.1376 0.1418 0.1484 0.1589 0.1792 0.2191 0.2707 0.3217 0.3667 0.4047 0.4359 0.4607 0.4797 0.4931 0.5010 0.5026 0.4959 0.4775 0.4482 0.4139 0.3788 0.3453 0.3146
0.3453 0.3782 0.4133 0.4477 0.4770 0.4957 0.5026 0.5011 0.4933 0.4800 0.4611 0.4364 0.4053 0.3674 0.3224 0.2716 0.2198 0.1797 0.1591 0.1485 0.1419 0.1376 0.1350 0.1339 0.1340 0.1353 0.1378 0.1417 0.1468 0.1533 0.1614 0.1710 0.1825 0.1959 0.2115 0.2294 0.2499 0.2732 0.2995 0.3287 0.3607 0.3947 0.4294 0.4615 0.4863 0.4994 0.5029 0.5003 0.4946 0.4888 0.4863 0.4888 0.4946 0.5003 0.5029 0.4994 0.4863 0.4615 0.4293 0.3947 0.3607 0.3287 0.2995 0.2732 0.2499 0.2294 0.2115 0.1959 0.1825 0.1710 0.1614 0.1533 0.1468 0.1417 0.1378 0.1353 0.1340 0.1339 0.1350 0.1376 0.1419 0.1485 0.1591 0.1797 0.2198 0.2716 0.3224 0.3674 0.4053 0.4364 0.4611 0.4800 0.4933 0.5011 0.5026 0.4957 0.4770 0.4477 0.4133 0.3782 0.3453
0.3786 0.4126 0.4470 0.4766 0.4955 0.5025 0.5012 0.4935 0.4803 0.4615 0.4369 0.4060 0.3682 0.3233 0.2725 0.2207 0.1801 0.1593 0.1486 0.1420 0.1377 0.1351 0.1339 0.1340 0.1353 0.1378 0.1416 0.1467 0.1532 0.1612 0.1709 0.1823 0.1958 0.2113 0.2293 0.2498 0.2731 0.2993 0.3286 0.3606 0.3947 0.4295 0.4618 0.4866 0.4997 0.5028 0.4995 0.4918 0.4821 0.4734 0.4699 0.4734 0.4821 0.4918 0.4995 0.5028 0.4997 0.4866 0.4618 0.4295 0.3947 0.3606 0.3286 0.2993 0.2731 0.2498 0.2293 0.2113 0.1958 0.1823 0.1709 0.1612 0.1532 0.1467 0.1416 0.1378 0.1353 0.1340 0.1339 0.1351 0.1377 0.1420 0.1486 0.1593 0.1801 0.2207 0.2725 0.3233 0.3682 0.4060 0.4369 0.4615 0.4803 0.4935 0.5012 0.5025 0.4955 0.4766 0.4470 0.4126 0.3786
0.4135 0.4463 0.4760 0.4952 0.5025 0.5013 0.4937 0.4806 0.4620 0.4375 0.4067 0.3690 0.3243 0.2736 0.2216 0.1807 0.1596 0.1488 0.1421 0.1377 0.1351 0.1339 0.1339 0.1352 0.1377 0.1415 0.1466 0.1531 0.1611 0.1707 0.1822 0.1956 0.2111 0.2290 0.2495 0.2728 0.2991 0.3283 0.3603 0.3945 0.4293 0.4618 0.4867 0.4998 0.5028 0.4990 0.4903 0.4779 0.4642 0.4526 0.4480 0.4526 0.4642 0.4779 0.4903 0.4990 0.5028 0.4998 0.4867 0.4618 0.4293 0.3945 0.3603 0.3283 0.2991 0.2728 0.2495 0.2290 0.2111 0.1956 0.1822 0.1707 0.1611 0.1531 0.1466 0.1415 0.1377 0.1352 0.1339 0.1339 0.1351 0.1377 0.1421 0.1488 0.1596 0.1807 0.2216 0.2736 0.3243 0.3690 0.4067 0.4375 0.4620 0.4806 0.4937 0.5013 0.5025 0.4952 0.4760 0.4463 0.4135
0.4478 0.4754 0.4948 0.5024 0.5014 0.4940 0.4810 0.4625 0.4382 0.4076 0.3701 0.3255 0.2749 0.2228 0.1815 0.1600 0.1490 0.1422 0.1378 0.1351 0.1339 0.1339 0.1352 0.1377 0.1414 0.1465 0.1529 0.1609 0.1705 0.1819 0.1953 0.2108 0.2286 0.2491 0.2724 0.2986 0.3278 0.3599 0.3941 0.4290 0.4615 0.4866 0.4998 0.5028 0.4988 0.4895 0.4757 0.4587 0.4407 0.4260 0.4202 0.4260 0.4407 0.4587 0.4757 0.4895 0.4988 0.5028 0.4998 0.4866 0.4615 0.4290 0.3941 0.3599 0.3278 0.2986 0.2724 0.2491 0.2286 0.2108 0.1953 0.1819 0.1705 0.1609 0.1529 0.1465 0.1414 0.1377 0.1352 0.1339 0.1339 0.1351 0.1378 0.1422 0.1490 0.1600 0.1815 0.2228 0.2749 0.3255 0.3701 0.4076 0.4382 0.4625 0.4810 0.4940 0.5014 0.5024 0.4948 0.4753 0.4478
0.4777 0.4944 0.5023 0.5015 0.4944 0.4816 0.4633 0.4392 0.4087 0.3715 0.3271 0.2767 0.2245 0.1825 0.1605 0.1492 0.1424 0.1379 0.1352 0.1339 0.1339 0.1351 0.1376 0.1413 0.1463 0.1527 0.1606 0.1702 0.1815 0.1948 0.2103 0.2281 0.2485 0.2717 0.2979 0.3270 0.3591 0.3933 0.4282 0.4609 0.4863 0.4997 0.5028 0.4988 0.4893 0.4748 0.4559 0.4339 0.4114 0.3934 0.3863 0.3934 0.4114 0.4339 0.4559 0.4748 0.4893 0.4988 0.5028 0.4997 0.4863 0.4609 0.4282 0.3933 0.3591 0.3270 0.2979 0.2717 0.2485 0.2281 0.2103 0.1948 0.1815 0.1702 0.1606 0.1527 0.1463 0.1413 0.1376 0.1351 0.1339 0.1339 0.1352 0.1379 0.1424 0.1492 0.1605 0.1825 0.2245 0.2767 0.3271 0.3715 0.4087 0.4392 0.4633 0.4816 0.4944 0.5015 0.5023 0.4944 0.4777
0.4976 0.5021 0.5018 0.4949 0.4824 0.4644 0.4406 0.4105 0.3736 0.3296 0.2794 0.2271 0.1842 0.1612 0.1497 0.1426 0.1381 0.1353 0.1339 0.1339 0.1350 0.1374 0.1411 0.1460 0.1523 0.1602 0.1697 0.1809 0.1941 0.2095 0.2272 0.2475 0.2706 0.2966 0.3257 0.3576 0.3918 0.4268 0.4597 0.4855 0.4994 0.5028 0.4990 0.4895 0.4748 0.4551 0.4310 0.4038 0.3764 0.3549 0.3465 0.3549 0.3764 0.4037 0.4310 0.4551 0.4748 0.4895 0.4990 0.5028 0.4994 0.4855 0.4597 0.4268 0.3918 0.3576 0.3257 0.2966 0.2706 0.2475 0.2272 0.2095 0.1941 0.1809 0.1697 0.1602 0.1523 0.1460 0.1411 0.1374 0.1350 0.1339 0.1339 0.1353 0.1381 0.1426 0.1497 0.1612 0.1842 0.2271 0.2794 0.3296 0.3736 0.4105 0.4406 0.4644 0.4824 0.4949 0.5018 0.5021 0.4976
0.5061 0.5021 0.4957 0.4837 0.4662 0.4429 0.4134 0.3771 0.3337 0.2839 0.2315 0.1871 0.1626 0.1505 0.1431 0.1384 0.1355 0.1340 0.1338 0.1349 0.1372 0.1407 0.1455 0.1518 0.1595 0.1688 0.1799 0.1929 0.2081 0.2256 0.2457 0.2686 0.2944 0.3232 0.3550 0.3890 0.4241 0.4574 0.4840 0.4988 0.5029 0.4995 0.4903 0.4757 0.4560 0.4310 0.4014 0.3686 0.3366 0.3118 0.3023 0.3118 0.3366 0.3686 0.4014 0.4310 0.4559 0.4757 0.4903 0.4995 0.5029 0.4988 0.4840 0.4574 0.4241 0.3890 0.3550 0.3232 0.2944 0.2686 0.2457 0.2256 0.2081 0.1929 0.1799 0.1688 0.1595 0.1518 0.1455 0.1407 0.1372 0.1349 0.1338 0.1340 0.1355 0.1384 0.1431 0.1505 0.1626 0.1871 0.2315 0.2839 0.3337 0.3771 0.4134 0.4429 0.4662 0.4837 0.4957 0.5021 0.5061
0.5069 0.4971 0.4860 0.4693 0.4469 0.4184 0.3832 0.3409 0.2919 0.2394 0.1928 0.1653 0.1519 0.1441 0.1390 0.1358 0.1341 0.1338 0.1346 0.1367 0.1401 0.1447 0.1507 0.1582 0.1673 0.1781 0.1908 0.2057 0.2228 0.2425 0.2650 0.2904 0.3188 0.3502 0.3840 0.4190 0.4529 0.4808 0.4974 0.5028 0.5003 0.4918 0.4779 0.4587 0.4340 0.4038 0.3687 0.3307 0.2946 0.2679 0.2579 0.2679 0.2946 0.3307 0.3686 0.4037 0.4339 0.4587 0.4779 0.4918 0.5003 0.5028 0.4974 0.4808 0.4529 0.4190 0.3840 0.3502 0.3188 0.2904 0.2650 0.2425 0.2228 0.2057 0.1908 0.1781 0.1673 0.1582 0.1507 0.1447 0.1401 0.1367 0.1346 0.1338 0.1341 0.1358 0.1390 0.1441 0.1519 0.1653 0.1928 0.2395 0.2919 0.3409 0.3832 0.4184 0.4470 0.4693 0.4860 0.4972 0.5069
0.5037 0.4898 0.4747 0.4539 0.4271 0.3938 0.3534 0.3062 0.2541 0.2044 0.1711 0.1549 0.1459 0.1402 0.1365 0.1345 0.1337 0.1343 0.1360 0.1390 0.1433 0.1489 0.1560 0.1646 0.1749 0.1871 0.2014 0.2179 0.2368 0.2585 0.2831 0.3107 0.3413 0.3746 0.4095 0.4441 0.4742 0.4942 0.5023 0.5016 0.4946 0.4821 0.4642 0.4407 0.4115 0.3765 0.3366 0.2946 0.2566 0.2301 0.2208 0.2301 0.2566 0.2946 0.3366 0.3764 0.4114 0.4407 0.4642 0.4821 0.4946 0.5016 0.5023 0.4942 0.4742 0.4441 0.4095 0.3746 0.3413 0.3107 0.2831 0.2585 0.2368 0.2179 0.2014 0.1871 0.1749 0.1646 0.1560 0.1489 0.1433 0.1390 0.1360 0.1343 0.1337 0.1345 0.1365 0.1402 0.1459 0.1550 0.1711 0.2044 0.2541 0.3062 0.3535 0.3938 0.4271 0.4539 0.4747 0.4898 0.5037
0.4996 0.4830 0.4650 0.4412 0.4112 0.3744 0.3304 0.2802 0.2279 0.1848 0.1616 0.1499 0.1427 0.1381 0.1353 0.1339 0.1338 0.1350 0.1373 0.1410 0.1459 0.1523 0.1601 0.1696 0.1808 0.1941 0.2094 0.2272 0.2475 0.2706 0.2967 0.3259 0.3580 0.3923 0.4274 0.4604 0.4861 0.4997 0.5028 0.4987 0.4888 0.4734 0.4526 0.4260 0.3934 0.3549 0.3118 0.2679 0.2301 0.2059 0.1980 0.2059 0.2301 0.2679 0.3118 0.3549 0.3934 0.4260 0.4526 0.4734 0.4888 0.4987 0.5028 0.4997 0.4861 0.4604 0.4274 0.3923 0.3580 0.3259 0.2967 0.2706 0.2475 0.2272 0.2094 0.1941 0.1808 0.1696 0.1601 0.1523 0.1459 0.1410 0.1373 0.1350 0.1338 0.1339 0.1353 0.1381 0.1427 0.1499 0.1616 0.1848 0.2279 0.2802 0.3304 0.3744 0.4112 0.4413 0.4650 0.4830 0.4996
0.4978 0.4801 0.4611 0.4362 0.4049 0.3667 0.3215 0.2703 0.2187 0.1791 0.1589 0.1483 0.1417 0.1375 0.1349 0.1338 0.1339 0.1353 0.1379 0.1418 0.1470 0.1536 0.1617 0.1715 0.1831 0.1967 0.2125 0.2307 0.2516 0.2753 0.3020 0.3317 0.3643 0.3989 0.4340 0.4660 0.4896 0.5010 0.5025 0.4972 0.4863 0.4699 0.4480 0.4202 0.3863 0.3465 0.3023 0.2579 0.2208 0.1980 0.1908 0.1980 0.2208 0.2579 0.3023 0.3465 0.3863 0.4202 0.4480 0.4699 0.4863 0.4972 0.5025 0.5010 0.4896 0.4660 0.4340 0.3989 0.3643 0.3317 0.3020 0.2753 0.2516 0.2307 0.2125 0.1967 0.1831 0.1715 0.1617 0.1536 0.1470 0.1418 0.1379 0.1353 0.1339 0.1338 0.1349 0.1375 0.1417 0.1483 0.1589 0.1791 0.2187 0.2704 0.3215 0.3667 0.4049 0.4362 0.4611 0.4801 0.4978
0.4996 0.4830 0.4650 0.4412 0.4112 0.3744 0.3304 0.2802 0.2279 0.1848 0.1616 0.1499 0.1427 0.1381 0.1353 0.1339 0.1338 0.1350 0.1373 0.1410 0.1459 0.1523 0.1601 0.1696 0.1808 0.1941 0.2094 0.2272 0.2475 0.2706 0.2967 0.3259 0.3580 0.3923 0.4274 0.4604 0.4861 0.4997 0.5028 0.4987 0.4888 0.4734 0.4526 0.4260 0.3934 0.3549 0.3119 0.2679 0.2301 0.2059 0.1980 0.2059 0.2301 0.2679 0.3118 0.3549 0.3934 0.4260 0.4526 0.4734 0.4888 0.4987 0.5028 0.4997 0.4861 0.4604 0.4274 0.3923 0.3580 0.3259 0.2967 0.2706 0.2475 0.2272 0.2094 0.1941 0.1808 0.1696 0.1601 0.1523 0.1459 0.1410 0.1373 0.1350 0.1338 0.1339 0.1353 0.1381 0.1427 0.1499 0.1616 0.1848 0.2279 0.2802 0.3304 0.3744 0.4112 0.4413 0.4650 0.4830 0.4996
0.5037 0.4898 0.4747 0.4539 0.4271 0.3938 0.3534 0.3062 0.2541 0.2044 0.1711 0.1549 0.1459 0.1402 0.1365 0.1345 0.1337 0.1343 0.1360 0.1390 0.1433 0.1489 0.1560 0.1646 0.1749 0.1871 0.2014 0.2179 0.2368 0.2585 0.2831 0.3107 0.3413 0.3746 0.4095 0.4441 0.4742 0.4942 0.5023 0.5016 0.4946 0.4821 0.4642 0.4407 0.4115 0.3765 0.3366 0.2947 0.2566 0.2301 0.2208 0.2301 0.2566 0.2946 0.3366 0.3764 0.4114 0.4407 0.4642 0.4821 0.4946 0.5016 0.5023 0.4942 0.4742 0.4441 0.4095 0.3746 0.3413 0.3107 0.2831 0.2585 0.2368 0.2179 0.2014 0.1871 0.1749 0.1646 0.1560 0.1489 0.1433 0.1390 0.1360 0.1343 0.1337 0.1345 0.1365 0.1402 0.1459 0.1550 0.1711 0.2044 0.2541 0.3062 0.3535 0.3938 0.4271 0.4539 0.4747 0.4898 0.5037
0.5069 0.4972 0.4860 0.4693 0.4469 0.4184 0.3832 0.3409 0.2919 0.2394 0.1928 0.1653 0.1519 0.1441 0.1390 0.1358 0.1341 0.1338 0.1346 0.1367 0.1401 0.1447 0.1507 0.1582 0.1673 0.1781 0.1908 0.2057 0.2228 0.2425 0.2650 0.2904 0.3188 0.3502 0.3840 0.4190 0.4529 0.4808 0.4974 0.5028 0.5003 0.4918 0.4779 0.4587 0.4340 0.4038 0.3687 0.3307 0.2947 0.2679 0.2580 0.2679 0.2947 0.3307 0.3686 0.4037 0.4339 0.4587 0.4779 0.4918 0.5003 0.5028 0.4974 0.4808 0.4529 0.4190 0.3840 0.3502 0.3188 0.2904 0.2650 0.2425 0.2228 0.2057 0.1908 0.1781 0.1673 0.1582 0.1507 0.1447 0.1401 0.1367 0.1346 0.1338 0.1341 0.1358 0.1390 0.1441 0.1519 0.1653 0.1928 0.2395 0.2919 0.3409 0.3832 0.4184 0.4470 0.4693 0.4860 0.4972 0.5069
0.5061 0.5021 0.4957 0.4837 0.4662 0.4429 0.4134 0.3771 0.3337 0.2839 0.2315 0.1871 0.1626 0.1505 0.1431 0.1384 0.1355 0.1340 0.1338 0.1349 0.1372 0.1407 0.1455 0.1518 0.1595 0.1688 0.1799 0.1929 0.2081 0.2256 0.2457 0.2686 0.2944 0.3233 0.3550 0.3891 0.4241 0.4574 0.4840 0.4988 0.5029 0.4995 0.4903 0.4757 0.4560 0.4310 0.4014 0.3687 0.3366 0.3119 0.3023 0.3118 0.3366 0.3686 0.4014 0.4310 0.4559 0.4757 0.4903 0.4995 0.5029 0.4988 0.4840 0.4574 0.4241 0.3890 0.3550 0.3232 0.2944 0.2686 0.2457 0.2256 0.2081 0.1929 0.1799 0.1688 0.1595 0.1518 0.1455 0.1407 0.1372 0.1349 0.1338 0.1340 0.1355 0.1384 0.1431 0.1505 0.1626 0.1871 0.2315 0.2839 0.3337 0.3771 0.4134 0.4429 0.4662 0.4837 0.4957 0.5021 0.5061
0.4976 0.5021 0.5018 0.4949 0.4824 0.4644 0.4406 0.4105 0.3736 0.3296 0.2794 0.2271 0.1842 0.1612 0.1497 0.1426 0.1381 0.1353 0.1339 0.1339 0.1350 0.1374 0.1411 0.1460 0.1523 0.1602 0.1697 0.1809 0.1941 0.2095 0.2272 0.2475 0.2706 0.2966 0.3257 0.3576 0.3918 0.4268 0.4597 0.4855 0.4994 0.5028 0.4990 0.4895 0.4748 0.4552 0.4310 0.4038 0.3765 0.3549 0.3465 0.3549 0.3764 0.4037 0.4310 0.4551 0.4748 0.4895 0.4990 0.5028 0.4994 0.4855 0.4597 0.4268 0.3918 0.3576 0.3257 0.2966 0.2706 0.2475 0.2272 0.2095 0.1941 0.1809 0.1697 0.1602 0.1523 0.1460 0.1411 0.1374 0.1350 0.1339 0.1339 0.1353 0.1381 0.1426 0.1497 0.1612 0.1842 0.2271 0.2794 0.3296 0.3736 0.4105 0.4406 0.4644 0.4824 0.4949 0.5018 0.5021 0.4976
