1.0000 1.0000 1.0000 0.0000 0.0000 0.0001 0.0001 0.0001 0.0002 0.0003 0.0004 0.0006 0.0008 0.0012 0.0017 0.0025 0.0037 0.0053 0.0077 0.0111 0.0161 0.0234 0.0339 0.0492 0.0712 0.1032 0.1496 0.2172 0.3146 0.4559 0.6619 0.9590 1.0000 1.0000 1.0000 1.0000 1.0000 1.0000 1.0000 1.0000 1.0000 1.0000 1.0000 0.0000 0.0000 0.0001 0.0001 0.0001 0.0001 0.0002 0.0002 0.0002 0.0001 0.0001 0.0001 0.0001 0.0000 0.0000 1.0000 1.0000 1.0000 1.0000 1.0000 1.0000 1.0000 1.0000 1.0000 1.0000 1.0000 0.9590 0.6606 0.4559 0.3146 0.2172 0.1496 0.1032 0.0712 0.0491 0.0339 0.0234 0.0161 0.0111 0.0077 0.0053 0.0036 0.0025 0.0017 0.0012 0.0008 0.0006 0.0004 0.0003 0.0002 0.0001 0.0001 0.0001 0.0000 0.0000 1.0000 1.0000 1.0000
1.0000 1.0000 0.0000 0.0000 0.0001 0.0001 0.0001 0.0002 0.0003 0.0004 0.0006 0.0008 0.0012 0.0017 0.0025 0.0036 0.0053 0.0077 0.0111 0.0161 0.0233 0.0338 0.0491 0.0711 0.1030 0.1496 0.2167 0.3141 0.4550 0.6606 0.9572 1.0000 1.0000 1.0000 1.0000 1.0000 1.0000 1.0000 1.0000 1.0000 1.0000 1.0000 0.0000 0.0000 0.0001 0.0001 0.0001 0.0002 0.0002 0.0003 0.0003 0.0003 0.0002 0.0002 0.0001 0.0001 0.0001 0.0000 0.0000 1.0000 1.0000 1.0000 1.0000 1.0000 1.0000 1.0000 1.0000 1.0000 1.0000 1.0000 0.9572 0.6606 0.4550 0.3141 0.2167 0.1496 0.1030 0.0711 0.0491 0.0338 0.0233 0.0161 0.0111 0.0077 0.0053 0.0036 0.0025 0.0017 0.0012 0.0008 0.0006 0.0004 0.0003 0.0002 0.0001 0.0001 0.0001 0.0000 0.0000 1.0000 1.0000
1.0000 0.0000 0.0000 0.0001 0.0001 0.0001 0.0002 0.0003 0.0004 0.0006 0.0008 0.0012 0.0017 0.0025 0.0037 0.0053 0.0077 0.0112 0.0162 0.0235 0.0341 0.0494 0.0717 0.1038 0.1504 0.2180 0.3164 0.4585 0.6644 0.9645 1.0000 1.0000 1.0000 1.0000 1.0000 1.0000 1.0000 1.0000 1.0000 1.0000 1.0000 0.0000 0.0000 0.0001 0.0001 0.0001 0.0002 0.0002 0.0003 0.0004 0.0004 0.0004 0.0003 0.0002 0.0002 0.0001 0.0001 0.0001 0.0000 0.0000 1.0000 1.0000 1.0000 1.0000 1.0000 1.0000 1.0000 1.0000 1.0000 1.0000 1.0000 0.9627 0.6644 0.4585 0.3164 0.2180 0.1504 0.1038 0.0715 0.0494 0.0341 0.0235 0.0162 0.0112 0.0077 0.0053 0.0037 0.0025 0.0017 0.0012 0.0008 0.0006 0.0004 0.0003 0.0002 0.0001 0.0001 0.0001 0.0000 0.0000 1.0000
0.0000 0.0000 0.0001 0.0001 0.0001 0.0002 0.0003 0.0004 0.0006 0.0008 0.0012 0.0018 0.0025 0.0037 0.0054 0.0078 0.0113 0.0163 0.0236 0.0343 0.0497 0.0721 0.1044 0.1516 0.2196 0.3183 0.4611 0.6695 0.9700 1.0000 1.0000 1.0000 1.0000 1.0000 1.0000 1.0000 1.0000 1.0000 1.0000 1.0000 0.0000 0.0000 0.0001 0.0001 0.0001 0.0002 0.0002 0.0003 0.0004 0.0005 0.0006 0.0005 0.0004 0.0003 0.0002 0.0002 0.0001 0.0001 0.0001 0.0000 0.0000 1.0000 1.0000 1.0000 1.0000 1.0000 1.0000 1.0000 1.0000 1.0000 1.0000 1.0000 0.9700 0.6695 0.4611 0.3183 0.2196 0.1516 0.1044 0.0721 0.0497 0.0343 0.0236 0.0163 0.0112 0.0078 0.0054 0.0037 0.0025 0.0018 0.0012 0.0008 0.0006 0.0004 0.0003 0.0002 0.0001 0.0001 0.0001 0.0000 0.0000
0.0000 0.0001 0.0001 0.0001 0.0002 0.0003 0.0004 0.0006 0.0008 0.0012 0.0018 0.0026 0.0037 0.0054 0.0078 0.0113 0.0164 0.0238 0.0345 0.0500 0.0726 0.1052 0.1525 0.2209 0.3207 0.4647 0.6733 0.9774 1.0000 1.0000 1.0000 1.0000 1.0000 1.0000 1.0000 1.0000 1.0000 1.0000 1.0000 0.0000 0.0000 0.0001 0.0001 0.0001 0.0002 0.0003 0.0004 0.0005 0.0007 0.0008 0.0009 0.0008 0.0007 0.0005 0.0004 0.0003 0.0002 0.0001 0.0001 0.0001 0.0000 0.0000 1.0000 1.0000 1.0000 1.0000 1.0000 1.0000 1.0000 1.0000 1.0000 1.0000 1.0000 0.9756 0.6733 0.4647 0.3207 0.2209 0.1525 0.1052 0.0725 0.0500 0.0345 0.0238 0.0164 0.0113 0.0078 0.0054 0.0037 0.0026 0.0018 0.0012 0.0008 0.0006 0.0004 0.0003 0.0002 0.0001 0.0001 0.0001 0.0000
0.0001 0.0001 0.0001 0.0002 0.0003 0.0004 0.0006 0.0008 0.0012 0.0018 0.0026 0.0037 0.0054 0.0078 0.0114 0.0165 0.0240 0.0347 0.0503 0.0730 0.1058 0.1536 0.2226 0.3225 0.4673 0.6784 0.9830 1.0000 1.0000 1.0000 1.0000 1.0000 1.0000 1.0000 1.0000 1.0000 1.0000 1.0000 0.0000 0.0000 0.0001 0.0001 0.0001 0.0002 0.0003 0.0004 0.0005 0.0007 0.0010 0.0012 0.0012 0.0012 0.0010 0.0007 0.0005 0.0004 0.0003 0.0002 0.0001 0.0001 0.0001 0.0000 0.0000 1.0000 1.0000 1.0000 1.0000 1.0000 1.0000 1.0000 1.0000 1.0000 1.0000 1.0000 0.9830 0.6784 0.4673 0.3225 0.2226 0.1533 0.1058 0.0730 0.0503 0.0347 0.0240 0.0165 0.0114 0.0078 0.0054 0.0037 0.0026 0.0018 0.0012 0.0008 0.0006 0.0004 0.0003 0.0002 0.0001 0.0001 0.0001
0.0001 0.0001 0.0002 0.0003 0.0004 0.0006 0.0008 0.0012 0.0018 0.0026 0.0037 0.0054 0.0079 0.0115 0.0166 0.0241 0.0349 0.0507 0.0734 0.1064 0.1545 0.2239 0.3244 0.4709 0.6823 0.9905 1.0000 1.0000 1.0000 1.0000 1.0000 1.0000 1.0000 1.0000 1.0000 1.0000 1.0000 0.0000 0.0000 0.0001 0.0001 0.0001 0.0002 0.0003 0.0004 0.0005 0.0008 0.0011 0.0014 0.0017 0.0018 0.0017 0.0014 0.0011 0.0008 0.0005 0.0004 0.0003 0.0002 0.0001 0.0001 0.0001 0.0000 0.0000 1.0000 1.0000 1.0000 1.0000 1.0000 1.0000 1.0000 1.0000 1.0000 1.0000 1.0000 0.9887 0.6823 0.4709 0.3244 0.2239 0.1545 0.1064 0.0734 0.0506 0.0349 0.0241 0.0166 0.0115 0.0079 0.0054 0.0037 0.0026 0.0018 0.0012 0.0008 0.0006 0.0004 0.0003 0.0002 0.0001 0.0001
0.0001 0.0002 0.0003 0.0004 0.0006 0.0008 0.0012 0.0018 0.0026 0.0038 0.0055 0.0079 0.0115 0.0167 0.0242 0.0351 0.0510 0.0739 0.1070 0.1554 0.2251 0.3268 0.4736 0.6862 0.9962 1.0000 1.0000 1.0000 1.0000 1.0000 1.0000 1.0000 1.0000 1.0000 1.0000 1.0000 0.0000 0.0000 0.0001 0.0001 0.0001 0.0002 0.0003 0.0004 0.0006 0.0008 0.0011 0.0016 0.0020 0.0025 0.0027 0.0025 0.0020 0.0016 0.0011 0.0008 0.0006 0.0004 0.0003 0.0002 0.0001 0.0001 0.0001 0.0000 0.0000 1.0000 1.0000 1.0000 1.0000 1.0000 1.0000 1.0000 1.0000 1.0000 1.0000 1.0000 0.9962 0.6862 0.4736 0.3268 0.2251 0.1554 0.1070 0.0739 0.0509 0.0351 0.0242 0.0167 0.0115 0.0079 0.0055 0.0038 0.0026 0.0018 0.0012 0.0008 0.0006 0.0004 0.0003 0.0002 0.0001
0.0002 0.0003 0.0004 0.0006 0.0008 0.0012 0.0018 0.0026 0.0038 0.0055 0.0079 0.0115 0.0168 0.0243 0.0353 0.0512 0.0743 0.1076 0.1563 0.2264 0.3287 0.4763 0.6915 1.0000 1.0000 1.0000 1.0000 1.0000 1.0000 1.0000 1.0000 1.0000 1.0000 1.0000 1.0000 0.0000 0.0000 0.0001 0.0001 0.0001 0.0002 0.0003 0.0004 0.0006 0.0008 0.0012 0.0016 0.0023 0.0030 0.0036 0.0039 0.0036 0.0030 0.0023 0.0016 0.0012 0.0008 0.0006 0.0004 0.0003 0.0002 0.0001 0.0001 0.0001 0.0000 0.0000 1.0000 1.0000 1.0000 1.0000 1.0000 1.0000 1.0000 1.0000 1.0000 1.0000 1.0000 1.0000 0.6901 0.4763 0.3287 0.2264 0.1563 0.1076 0.0743 0.0512 0.0353 0.0243 0.0168 0.0115 0.0079 0.0055 0.0038 0.0026 0.0018 0.0012 0.0008 0.0006 0.0004 0.0003 0.0002
0.0003 0.0004 0.0006 0.0008 0.0012 0.0018 0.0026 0.0038 0.0055 0.0080 0.0115 0.0168 0.0244 0.0354 0.0514 0.0746 0.1083 0.1572 0.2277 0.3306 0.4790 0.6954 1.0000 1.0000 1.0000 1.0000 1.0000 1.0000 1.0000 1.0000 1.0000 1.0000 1.0000 1.0000 0.0000 0.0000 0.0001 0.0001 0.0001 0.0002 0.0003 0.0004 0.0006 0.0008 0.0012 0.0017 0.0024 0.0033 0.0044 0.0053 0.0057 0.0053 0.0044 0.0033 0.0024 0.0017 0.0012 0.0008 0.0006 0.0004 0.0003 0.0002 0.0001 0.0001 0.0001 0.0000 0.0000 1.0000 1.0000 1.0000 1.0000 1.0000 1.0000 1.0000 1.0000 1.0000 1.0000 1.0000 1.0000 0.6941 0.4790 0.3306 0.2277 0.1572 0.1083 0.0746 0.0514 0.0354 0.0244 0.0168 0.0115 0.0080 0.0055 0.0038 0.0026 0.0018 0.0012 0.0008 0.0006 0.0004 0.0003
0.0004 0.0006 0.0008 0.0012 0.0018 0.0026 0.0037 0.0055 0.0079 0.0115 0.0168 0.0244 0.0355 0.0516 0.0749 0.1087 0.1578 0.2290 0.3319 0.4818 0.6994 1.0000 1.0000 1.0000 1.0000 1.0000 1.0000 1.0000 1.0000 1.0000 1.0000 1.0000 1.0000 0.0000 0.0000 0.0001 0.0001 0.0001 0.0002 0.0003 0.0004 0.0006 0.0008 0.0012 0.0017 0.0025 0.0035 0.0048 0.0064 0.0077 0.0083 0.0077 0.0064 0.0048 0.0035 0.0025 0.0017 0.0012 0.0008 0.0006 0.0004 0.0003 0.0002 0.0001 0.0001 0.0001 0.0000 0.0000 1.0000 1.0000 1.0000 1.0000 1.0000 1.0000 1.0000 1.0000 1.0000 1.0000 1.0000 1.0000 0.6981 0.4818 0.3319 0.2290 0.1578 0.1087 0.0749 0.0516 0.0355 0.0244 0.0168 0.0115 0.0079 0.0055 0.0037 0.0026 0.0018 0.0012 0.0008 0.0006 0.0004
0.0006 0.0008 0.0012 0.0018 0.0026 0.0037 0.0054 0.0079 0.0115 0.0168 0.0244 0.0355 0.0516 0.0750 0.1089 0.1584 0.2299 0.3338 0.4836 0.7021 1.0000 1.0000 1.0000 1.0000 1.0000 1.0000 1.0000 1.0000 1.0000 1.0000 1.0000 1.0000 0.0000 0.0000 0.0001 0.0001 0.0001 0.0002 0.0003 0.0004 0.0006 0.0008 0.0012 0.0018 0.0025 0.0036 0.0051 0.0071 0.0093 0.0113 0.0121 0.0113 0.0093 0.0071 0.0051 0.0036 0.0025 0.0018 0.0012 0.0008 0.0006 0.0004 0.0003 0.0002 0.0001 0.0001 0.0001 0.0000 0.0000 1.0000 1.0000 1.0000 1.0000 1.0000 1.0000 1.0000 1.0000 1.0000 1.0000 1.0000 1.0000 0.7021 0.4836 0.3338 0.2299 0.1581 0.1089 0.0750 0.0516 0.0355 0.0244 0.0168 0.0115 0.0079 0.0054 0.0037 0.0026 0.0018 0.0012 0.0008 0.0006
0.0008 0.0012 0.0017 0.0025 0.0037 0.0054 0.0079 0.0115 0.0168 0.0244 0.0355 0.0516 0.0750 0.1091 0.1587 0.2303 0.3344 0.4854 0.7047 1.0000 1.0000 1.0000 1.0000 1.0000 1.0000 1.0000 1.0000 1.0000 1.0000 1.0000 1.0000 0.0000 0.0000 0.0001 0.0001 0.0001 0.0002 0.0003 0.0004 0.0006 0.0008 0.0012 0.0018 0.0026 0.0037 0.0053 0.0075 0.0103 0.0136 0.0164 0.0177 0.0164 0.0136 0.0103 0.0075 0.0053 0.0037 0.0026 0.0018 0.0012 0.0008 0.0006 0.0004 0.0003 0.0002 0.0001 0.0001 0.0001 0.0000 0.0000 1.0000 1.0000 1.0000 1.0000 1.0000 1.0000 1.0000 1.0000 1.0000 1.0000 1.0000 1.0000 0.7047 0.4854 0.3344 0.2303 0.1587 0.1091 0.0750 0.0516 0.0355 0.0244 0.0168 0.0115 0.0079 0.0054 0.0037 0.0025 0.0017 0.0012 0.0008
0.0012 0.0017 0.0025 0.0037 0.0054 0.0078 0.0115 0.0167 0.0243 0.0354 0.0516 0.0750 0.1091 0.1587 0.2308 0.3350 0.4873 0.7074 1.0000 1.0000 1.0000 1.0000 1.0000 1.0000 1.0000 1.0000 1.0000 1.0000 1.0000 1.0000 0.0000 0.0000 0.0001 0.0001 0.0001 0.0002 0.0003 0.0004 0.0006 0.0009 0.0012 0.0018 0.0026 0.0038 0.0054 0.0077 0.0109 0.0151 0.0198 0.0240 0.0258 0.0240 0.0198 0.0151 0.0109 0.0077 0.0054 0.0038 0.0026 0.0018 0.0012 0.0009 0.0006 0.0004 0.0003 0.0002 0.0001 0.0001 0.0001 0.0000 0.0000 1.0000 1.0000 1.0000 1.0000 1.0000 1.0000 1.0000 1.0000 1.0000 1.0000 1.0000 1.0000 0.7074 0.4873 0.3350 0.2308 0.1587 0.1091 0.0750 0.0516 0.0354 0.0243 0.0167 0.0115 0.0078 0.0054 0.0037 0.0025 0.0017 0.0012
0.0017 0.0025 0.0037 0.0054 0.0078 0.0114 0.0166 0.0242 0.0353 0.0514 0.0749 0.1089 0.1587 0.2308 0.3357 0.4873 0.7088 1.0000 1.0000 1.0000 1.0000 1.0000 1.0000 1.0000 1.0000 1.0000 1.0000 1.0000 1.0000 0.0000 0.0000 0.0001 0.0001 0.0001 0.0002 0.0003 0.0004 0.0006 0.0009 0.0012 0.0018 0.0026 0.0038 0.0055 0.0079 0.0113 0.0160 0.0220 0.0289 0.0350 0.0377 0.0350 0.0289 0.0220 0.0160 0.0113 0.0079 0.0055 0.0038 0.0026 0.0018 0.0012 0.0009 0.0006 0.0004 0.0003 0.0002 0.0001 0.0001 0.0001 0.0000 0.0000 1.0000 1.0000 1.0000 1.0000 1.0000 1.0000 1.0000 1.0000 1.0000 1.0000 1.0000 1.0000 0.7088 0.4873 0.3357 0.2308 0.1587 0.1089 0.0749 0.0514 0.0353 0.0242 0.0166 0.0114 0.0078 0.0054 0.0037 0.0025 0.0017
0.0025 0.0036 0.0053 0.0078 0.0113 0.0165 0.0241 0.0351 0.0512 0.0746 0.1087 0.1581 0.2303 0.3350 0.4873 0.7088 1.0000 1.0000 1.0000 1.0000 1.0000 1.0000 1.0000 1.0000 1.0000 1.0000 1.0000 1.0000 0.0000 0.0000 0.0001 0.0001 0.0001 0.0002 0.0003 0.0004 0.0006 0.0009 0.0013 0.0018 0.0026 0.0038 0.0055 0.0080 0.0115 0.0165 0.0233 0.0321 0.0422 0.0512 0.0550 0.0512 0.0422 0.0321 0.0233 0.0165 0.0115 0.0080 0.0055 0.0038 0.0026 0.0018 0.0013 0.0009 0.0006 0.0004 0.0003 0.0002 0.0001 0.0001 0.0001 0.0000 0.0000 1.0000 1.0000 1.0000 1.0000 1.0000 1.0000 1.0000 1.0000 1.0000 1.0000 1.0000 1.0000 0.7088 0.4873 0.3350 0.2303 0.1581 0.1087 0.0746 0.0512 0.0351 0.0241 0.0165 0.0113 0.0078 0.0053 0.0036 0.0025
0.0036 0.0053 0.0077 0.0112 0.0164 0.0240 0.0349 0.0509 0.0743 0.1083 0.1578 0.2299 0.3344 0.4873 0.7088 1.0000 1.0000 1.0000 1.0000 1.0000 1.0000 1.0000 1.0000 1.0000 1.0000 1.0000 1.0000 0.0000 0.0000 0.0001 0.0001 0.0001 0.0002 0.0003 0.0004 0.0006 0.0009 0.0013 0.0018 0.0026 0.0038 0.0056 0.0081 0.0117 0.0168 0.0241 0.0340 0.0469 0.0617 0.0747 0.0802 0.0747 0.0617 0.0469 0.0340 0.0241 0.0168 0.0117 0.0081 0.0056 0.0038 0.0026 0.0018 0.0013 0.0009 0.0006 0.0004 0.0003 0.0002 0.0001 0.0001 0.0001 0.0000 0.0000 1.0000 1.0000 1.0000 1.0000 1.0000 1.0000 1.0000 1.0000 1.0000 1.0000 1.0000 1.0000 0.7088 0.4873 0.3344 0.2299 0.1578 0.1083 0.0743 0.0509 0.0349 0.0240 0.0164 0.0112 0.0077 0.0053 0.0036
0.0053 0.0077 0.0112 0.0163 0.0238 0.0347 0.0506 0.0739 0.1076 0.1572 0.2290 0.3338 0.4854 0.7074 1.0000 1.0000 1.0000 1.0000 1.0000 1.0000 1.0000 1.0000 1.0000 1.0000 1.0000 1.0000 0.0000 0.0000 0.0001 0.0001 0.0001 0.0002 0.0003 0.0004 0.0006 0.0009 0.0013 0.0018 0.0027 0.0039 0.0056 0.0081 0.0118 0.0170 0.0245 0.0351 0.0496 0.0685 0.0900 0.1091 0.1170 0.1091 0.0899 0.0685 0.0496 0.0351 0.0245 0.0170 0.0118 0.0081 0.0056 0.0039 0.0027 0.0018 0.0013 0.0009 0.0006 0.0004 0.0003 0.0002 0.0001 0.0001 0.0001 0.0000 0.0000 1.0000 1.0000 1.0000 1.0000 1.0000 1.0000 1.0000 1.0000 1.0000 1.0000 1.0000 1.0000 0.7074 0.4854 0.3338 0.2290 0.1572 0.1076 0.0739 0.0506 0.0347 0.0238 0.0163 0.0112 0.0077 0.0053
0.0077 0.0111 0.0162 0.0236 0.0345 0.0503 0.0734 0.1070 0.1563 0.2277 0.3319 0.4836 0.7047 1.0000 1.0000 1.0000 1.0000 1.0000 1.0000 1.0000 1.0000 1.0000 1.0000 1.0000 1.0000 0.0000 0.0000 0.0001 0.0001 0.0001 0.0002 0.0003 0.0004 0.0006 0.0009 0.0013 0.0018 0.0027 0.0039 0.0056 0.0082 0.0119 0.0171 0.0248 0.0358 0.0512 0.0725 0.0998 0.1312 0.1593 0.1709 0.1593 0.1312 0.0998 0.0723 0.0512 0.0358 0.0248 0.0171 0.0118 0.0082 0.0056 0.0039 0.0027 0.0018 0.0013 0.0009 0.0006 0.0004 0.0003 0.0002 0.0001 0.0001 0.0001 0.0000 0.0000 1.0000 1.0000 1.0000 1.0000 1.0000 1.0000 1.0000 1.0000 1.0000 1.0000 1.0000 1.0000 0.7047 0.4836 0.3319 0.2277 0.1563 0.1070 0.0734 0.0503 0.0345 0.0236 0.0162 0.0111 0.0077
0.0111 0.0161 0.0235 0.0343 0.0500 0.0730 0.1064 0.1554 0.2264 0.3306 0.4818 0.7021 1.0000 1.0000 1.0000 1.0000 1.0000 1.0000 1.0000 1.0000 1.0000 1.0000 1.0000 1.0000 0.0000 0.0000 0.0001 0.0001 0.0001 0.0002 0.0003 0.0004 0.0006 0.0009 0.0013 0.0019 0.0027 0.0039 0.0057 0.0082 0.0119 0.0173 0.0250 0.0362 0.0522 0.0747 0.1056 0.1457 0.1915 0.2321 0.2495 0.2321 0.1915 0.1457 0.1056 0.0747 0.0522 0.0362 0.0250 0.0173 0.0119 0.0082 0.0057 0.0039 0.0027 0.0019 0.0013 0.0009 0.0006 0.0004 0.0003 0.0002 0.0001 0.0001 0.0001 0.0000 0.0000 1.0000 1.0000 1.0000 1.0000 1.0000 1.0000 1.0000 1.0000 1.0000 1.0000 1.0000 1.0000 0.7021 0.4818 0.3306 0.2264 0.1554 0.1064 0.0730 0.0500 0.0343 0.0235 0.0161 0.0111
0.0161 0.0233 0.0341 0.0497 0.0725 0.1058 0.1545 0.2251 0.3287 0.4790 0.6981 1.0000 1.0000 1.0000 1.0000 1.0000 1.0000 1.0000 1.0000 1.0000 1.0000 1.0000 1.0000 0.0000 0.0000 0.0001 0.0001 0.0001 0.0002 0.0003 0.0004 0.0006 0.0009 0.0013 0.0019 0.0027 0.0039 0.0057 0.0083 0.0120 0.0174 0.0252 0.0365 0.0528 0.0760 0.1089 0.1542 0.2127 0.2797 0.3389 0.3643 0.3389 0.2797 0.2127 0.1542 0.1089 0.0760 0.0528 0.0365 0.0252 0.0174 0.0120 0.0083 0.0057 0.0039 0.0027 0.0019 0.0013 0.0009 0.0006 0.0004 0.0003 0.0002 0.0001 0.0001 0.0001 0.0000 0.0000 1.0000 1.0000 1.0000 1.0000 1.0000 1.0000 1.0000 1.0000 1.0000 1.0000 1.0000 1.0000 0.6981 0.4790 0.3287 0.2251 0.1545 0.1058 0.0725 0.0497 0.0341 0.0233 0.0161
0.0234 0.0338 0.0494 0.0721 0.1052 0.1533 0.2239 0.3268 0.4763 0.6941 1.0000 1.0000 1.0000 1.0000 1.0000 1.0000 1.0000 1.0000 1.0000 1.0000 1.0000 1.0000 0.0000 0.0000 0.0001 0.0001 0.0001 0.0002 0.0003 0.0004 0.0006 0.0009 0.0013 0.0019 0.0027 0.0039 0.0057 0.0083 0.0121 0.0175 0.0254 0.0368 0.0533 0.0770 0.1110 0.1590 0.2247 0.3099 0.4075 0.4948 0.5308 0.4948 0.4075 0.3099 0.2247 0.1590 0.1110 0.0770 0.0533 0.0368 0.0254 0.0175 0.0121 0.0083 0.0057 0.0039 0.0027 0.0019 0.0013 0.0009 0.0006 0.0004 0.0003 0.0002 0.0001 0.0001 0.0001 0.0000 0.0000 1.0000 1.0000 1.0000 1.0000 1.0000 1.0000 1.0000 1.0000 1.0000 1.0000 1.0000 1.0000 0.6941 0.4763 0.3268 0.2239 0.1533 0.1052 0.0721 0.0494 0.0338 0.0234
0.0339 0.0491 0.0715 0.1044 0.1525 0.2226 0.3244 0.4736 0.6901 1.0000 1.0000 1.0000 1.0000 1.0000 1.0000 1.0000 1.0000 1.0000 1.0000 1.0000 1.0000 0.0000 0.0000 0.0001 0.0001 0.0001 0.0002 0.0003 0.0004 0.0006 0.0009 0.0013 0.0019 0.0027 0.0040 0.0058 0.0084 0.0121 0.0176 0.0255 0.0370 0.0536 0.0776 0.1122 0.1617 0.2317 0.3281 0.4525 0.5950 0.7224 0.7750 0.7224 0.5950 0.4525 0.3281 0.2317 0.1617 0.1122 0.0776 0.0536 0.0370 0.0255 0.0176 0.0121 0.0084 0.0058 0.0040 0.0027 0.0019 0.0013 0.0009 0.0006 0.0004 0.0003 0.0002 0.0001 0.0001 0.0001 0.0000 0.0000 1.0000 1.0000 1.0000 1.0000 1.0000 1.0000 1.0000 1.0000 1.0000 1.0000 1.0000 1.0000 0.6901 0.4736 0.3244 0.2226 0.1525 0.1044 0.0715 0.0491 0.0339
0.0491 0.0711 0.1038 0.1516 0.2209 0.3225 0.4709 0.6862 1.0000 1.0000 1.0000 1.0000 1.0000 1.0000 1.0000 1.0000 1.0000 1.0000 1.0000 1.0000 0.0000 0.0000 0.0001 0.0001 0.0001 0.0002 0.0003 0.0004 0.0006 0.0009 0.0013 0.0019 0.0028 0.0040 0.0058 0.0084 0.0122 0.0177 0.0257 0.0372 0.0539 0.0782 0.1131 0.1636 0.2361 0.3382 0.4781 0.6594 0.8687 1.0000 1.0000 1.0000 0.8687 0.6594 0.4781 0.3382 0.2361 0.1636 0.1131 0.0782 0.0539 0.0372 0.0257 0.0177 0.0122 0.0084 0.0058 0.0040 0.0028 0.0019 0.0013 0.0009 0.0006 0.0004 0.0003 0.0002 0.0001 0.0001 0.0001 0.0000 0.0000 1.0000 1.0000 1.0000 1.0000 1.0000 1.0000 1.0000 1.0000 1.0000 1.0000 1.0000 1.0000 0.6862 0.4709 0.3225 0.2209 0.1516 0.1038 0.0711 0.0491
0.0712 0.1030 0.1504 0.2196 0.3207 0.4673 0.6823 0.9962 1.0000 1.0000 1.0000 1.0000 1.0000 1.0000 1.0000 1.0000 1.0000 1.0000 1.0000 0.0000 0.0000 0.0001 0.0001 0.0001 0.0002 0.0003 0.0004 0.0006 0.0009 0.0013 0.0019 0.0028 0.0040 0.0058 0.0085 0.0123 0.0178 0.0258 0.0374 0.0542 0.0787 0.1140 0.1651 0.2388 0.3441 0.4929 0.6967 0.9627 1.0000 1.0000 1.0000 1.0000 1.0000 0.9627 0.6967 0.4929 0.3441 0.2388 0.1651 0.1140 0.0787 0.0542 0.0374 0.0258 0.0178 0.0123 0.0085 0.0058 0.0040 0.0028 0.0019 0.0013 0.0009 0.0006 0.0004 0.0003 0.0002 0.0001 0.0001 0.0001 0.0000 0.0000 1.0000 1.0000 1.0000 1.0000 1.0000 1.0000 1.0000 1.0000 1.0000 1.0000 1.0000 0.9962 0.6823 0.4673 0.3207 0.2196 0.1504 0.1030 0.0712
0.1032 0.1496 0.2180 0.3183 0.4647 0.6784 0.9887 1.0000 1.0000 1.0000 1.0000 1.0000 1.0000 1.0000 1.0000 1.0000 1.0000 1.0000 0.0000 0.0000 0.0001 0.0001 0.0001 0.0002 0.0003 0.0004 0.0006 0.0009 0.0013 0.0019 0.0028 0.0040 0.0058 0.0085 0.0123 0.0179 0.0259 0.0376 0.0545 0.0791 0.1146 0.1664 0.2406 0.3480 0.5024 0.7196 1.0000 1.0000 1.0000 1.0000 1.0000 1.0000 1.0000 1.0000 1.0000 0.7196 0.5024 0.3480 0.2406 0.1661 0.1146 0.0791 0.0545 0.0376 0.0259 0.0179 0.0123 0.0085 0.0058 0.0040 0.0028 0.0019 0.0013 0.0009 0.0006 0.0004 0.0003 0.0002 0.0001 0.0001 0.0001 0.0000 0.0000 1.0000 1.0000 1.0000 1.0000 1.0000 1.0000 1.0000 1.0000 1.0000 1.0000 1.0000 0.9887 0.6784 0.4647 0.3183 0.2180 0.1496 0.1032
0.1496 0.2167 0.3164 0.4611 0.6733 0.9830 1.0000 1.0000 1.0000 1.0000 1.0000 1.0000 1.0000 1.0000 1.0000 1.0000 1.0000 0.0000 0.0000 0.0001 0.0001 0.0001 0.0002 0.0003 0.0004 0.0006 0.0009 0.0013 0.0019 0.0028 0.0040 0.0059 0.0085 0.0124 0.0179 0.0261 0.0378 0.0548 0.0796 0.1153 0.1673 0.2425 0.3513 0.5081 0.7321 1.0000 1.0000 1.0000 1.0000 1.0000 1.0000 1.0000 1.0000 1.0000 1.0000 1.0000 0.7321 0.5081 0.3513 0.2425 0.1673 0.1153 0.0796 0.0548 0.0378 0.0261 0.0179 0.0124 0.0085 0.0059 0.0040 0.0028 0.0019 0.0013 0.0009 0.0006 0.0004 0.0003 0.0002 0.0001 0.0001 0.0001 0.0000 0.0000 1.0000 1.0000 1.0000 1.0000 1.0000 1.0000 1.0000 1.0000 1.0000 1.0000 1.0000 0.9830 0.6733 0.4611 0.3164 0.2167 0.1496
0.2172 0.3141 0.4585 0.6695 0.9756 1.0000 1.0000 1.0000 1.0000 1.0000 1.0000 1.0000 1.0000 1.0000 1.0000 1.0000 0.0000 0.0000 0.0001 0.0001 0.0001 0.0002 0.0003 0.0004 0.0006 0.0009 0.0013 0.0019 0.0028 0.0040 0.0059 0.0085 0.0124 0.0180 0.0262 0.0380 0.0551 0.0799 0.1159 0.1683 0.2439 0.3534 0.5120 0.7405 1.0000 1.0000 1.0000 1.0000 1.0000 1.0000 1.0000 1.0000 1.0000 1.0000 1.0000 1.0000 1.0000 0.7405 0.5120 0.3534 0.2439 0.1683 0.1159 0.0799 0.0551 0.0380 0.0262 0.0180 0.0124 0.0085 0.0059 0.0040 0.0028 0.0019 0.0013 0.0009 0.0006 0.0004 0.0003 0.0002 0.0001 0.0001 0.0001 0.0000 0.0000 1.0000 1.0000 1.0000 1.0000 1.0000 1.0000 1.0000 1.0000 1.0000 1.0000 1.0000 0.9756 0.6695 0.4585 0.3141 0.2172
0.3146 0.4550 0.6644 0.9700 1.0000 1.0000 1.0000 1.0000 1.0000 1.0000 1.0000 1.0000 1.0000 1.0000 1.0000 0.0000 0.0000 0.0001 0.0001 0.0001 0.0002 0.0003 0.0004 0.0006 0.0009 0.0013 0.0019 0.0028 0.0040 0.0059 0.0085 0.0124 0.0180 0.0262 0.0381 0.0553 0.0803 0.1166 0.1689 0.2453 0.3554 0.5159 0.7475 1.0000 1.0000 1.0000 1.0000 1.0000 1.0000 1.0000 1.0000 1.0000 1.0000 1.0000 1.0000 1.0000 1.0000 1.0000 0.7461 0.5159 0.3554 0.2453 0.1689 0.1164 0.0803 0.0553 0.0380 0.0262 0.0180 0.0124 0.0085 0.0059 0.0040 0.0028 0.0019 0.0013 0.0009 0.0006 0.0004 0.0003 0.0002 0.0001 0.0001 0.0001 0.0000 0.0000 1.0000 1.0000 1.0000 1.0000 1.0000 1.0000 1.0000 1.0000 1.0000 1.0000 1.0000 0.9700 0.6644 0.4550 0.3146
0.4559 0.6606 0.9627 1.0000 1.0000 1.0000 1.0000 1.0000 1.0000 1.0000 1.0000 1.0000 1.0000 1.0000 0.0000 0.0000 0.0001 0.0001 0.0001 0.0002 0.0003 0.0004 0.0006 0.0009 0.0013 0.0019 0.0028 0.0040 0.0059 0.0085 0.0124 0.0181 0.0263 0.0382 0.0554 0.0805 0.1168 0.1696 0.2462 0.3574 0.5189 0.7518 1.0000 1.0000 1.0000 1.0000 1.0000 1.0000 1.0000 1.0000 1.0000 1.0000 1.0000 1.0000 1.0000 1.0000 1.0000 1.0000 1.0000 0.7518 0.5189 0.3574 0.2462 0.1696 0.1168 0.0805 0.0554 0.0382 0.0263 0.0181 0.0124 0.0085 0.0059 0.0040 0.0028 0.0019 0.0013 0.0009 0.0006 0.0004 0.0003 0.0002 0.0001 0.0001 0.0001 0.0000 0.0000 1.0000 1.0000 1.0000 1.0000 1.0000 1.0000 1.0000 1.0000 1.0000 1.0000 1.0000 0.9627 0.6606 0.4559
0.6606 0.9572 1.0000 1.0000 1.0000 1.0000 1.0000 1.0000 1.0000 1.0000 1.0000 1.0000 1.0000 0.0000 0.0000 0.0001 0.0001 0.0001 0.0002 0.0003 0.0004 0.0006 0.0009 0.0013 0.0019 0.0028 0.0040 0.0059 0.0085 0.0124 0.0181 0.0263 0.0383 0.0555 0.0806 0.1173 0.1702 0.2471 0.3588 0.5208 0.7561 1.0000 1.0000 1.0000 1.0000 1.0000 1.0000 1.0000 1.0000 1.0000 1.0000 1.0000 1.0000 1.0000 1.0000 1.0000 1.0000 1.0000 1.0000 1.0000 0.7561 0.5208 0.3588 0.2471 0.1702 0.1173 0.0806 0.0555 0.0383 0.0263 0.0181 0.0124 0.0085 0.0059 0.0040 0.0028 0.0019 0.0013 0.0009 0.0006 0.0004 0.0003 0.0002 0.0001 0.0001 0.0001 0.0000 0.0000 1.0000 1.0000 1.0000 1.0000 1.0000 1.0000 1.0000 1.0000 1.0000 1.0000 1.0000 0.9572 0.6606
0.9590 1.0000 1.0000 1.0000 1.0000 1.0000 1.0000 1.0000 1.0000 1.0000 1.0000 1.0000 0.0000 0.0000 0.0001 0.0001 0.0001 0.0002 0.0003 0.0004 0.0006 0.0009 0.0013 0.0019 0.0028 0.0040 0.0059 0.0085 0.0124 0.0181 0.0263 0.0383 0.0556 0.0808 0.1175 0.1706 0.2481 0.3601 0.5228 0.7590 1.0000 1.0000 1.0000 1.0000 1.0000 1.0000 1.0000 1.0000 1.0000 1.0000 1.0000 1.0000 1.0000 1.0000 1.0000 1.0000 1.0000 1.0000 1.0000 1.0000 1.0000 0.7590 0.5228 0.3601 0.2481 0.1706 0.1175 0.0808 0.0556 0.0383 0.0263 0.0181 0.0124 0.0085 0.0059 0.0040 0.0028 0.0019 0.0013 0.0009 0.0006 0.0004 0.0003 0.0002 0.0001 0.0001 0.0001 0.0000 0.0000 1.0000 1.0000 1.0000 1.0000 1.0000 1.0000 1.0000 1.0000 1.0000 1.0000 1.0000 0.9590
1.0000 1.0000 1.0000 1.0000 1.0000 1.0000 1.0000 1.0000 1.0000 1.0000 1.0000 0.0000 0.0000 0.0001 0.0001 0.0001 0.0002 0.0003 0.0004 0.0006 0.0009 0.0013 0.0019 0.0028 0.0040 0.0058 0.0085 0.0124 0.0180 0.0263 0.0383 0.0556 0.0809 0.1175 0.1709 0.2485 0.3608 0.5238 0.7619 1.0000 1.0000 1.0000 1.0000 1.0000 1.0000 1.0000 1.0000 1.0000 1.0000 1.0000 1.0000 1.0000 1.0000 1.0000 1.0000 1.0000 1.0000 1.0000 1.0000 1.0000 1.0000 1.0000 0.7619 0.5238 0.3608 0.2485 0.1709 0.1175 0.0809 0.0556 0.0383 0.0263 0.0180 0.0124 0.0085 0.0058 0.0040 0.0028 0.0019 0.0013 0.0009 0.0006 0.0004 0.0003 0.0002 0.0001 0.0001 0.0001 0.0000 0.0000 1.0000 1.0000 1.0000 1.0000 1.0000 1.0000 1.0000 1.0000 1.0000 1.0000 1.0000
1.0000 1.0000 1.0000 1.0000 1.0000 1.0000 1.0000 1.0000 1.0000 1.0000 0.0000 0.0000 0.0001 0.0001 0.0001 0.0002 0.0003 0.0004 0.0006 0.0009 0.0013 0.0019 0.0027 0.0040 0.0058 0.0085 0.0124 0.0180 0.0262 0.0382 0.0555 0.0808 0.1175 0.1709 0.2485 0.3615 0.5248 0.7633 1.0000 1.0000 1.0000 1.0000 1.0000 1.0000 1.0000 1.0000 1.0000 1.0000 1.0000 1.0000 1.0000 1.0000 1.0000 1.0000 1.0000 1.0000 1.0000 1.0000 1.0000 1.0000 1.0000 1.0000 1.0000 0.7633 0.5248 0.3615 0.2485 0.1709 0.1175 0.0808 0.0555 0.0382 0.0262 0.0180 0.0124 0.0085 0.0058 0.0040 0.0027 0.0019 0.0013 0.0009 0.0006 0.0004 0.0003 0.0002 0.0001 0.0001 0.0001 0.0000 0.0000 1.0000 1.0000 1.0000 1.0000 1.0000 1.0000 1.0000 1.0000 1.0000 1.0000
1.0000 1.0000 1.0000 1.0000 1.0000 1.0000 1.0000 1.0000 1.0000 0.0000 0.0000 0.0001 0.0001 0.0001 0.0002 0.0003 0.0004 0.0006 0.0009 0.0013 0.0019 0.0027 0.0040 0.0058 0.0085 0.0123 0.0179 0.0262 0.0380 0.0554 0.0806 0.1175 0.1709 0.2485 0.3615 0.5258 0.7648 1.0000 1.0000 1.0000 1.0000 1.0000 1.0000 1.0000 1.0000 1.0000 1.0000 1.0000 1.0000 1.0000 1.0000 1.0000 1.0000 1.0000 1.0000 1.0000 1.0000 1.0000 1.0000 1.0000 1.0000 1.0000 1.0000 1.0000 0.7648 0.5258 0.3615 0.2485 0.1709 0.1175 0.0806 0.0554 0.0380 0.0262 0.0179 0.0123 0.0085 0.0058 0.0040 0.0027 0.0019 0.0013 0.0009 0.0006 0.0004 0.0003 0.0002 0.0001 0.0001 0.0001 0.0000 0.0000 1.0000 1.0000 1.0000 1.0000 1.0000 1.0000 1.0000 1.0000 1.0000
1.0000 1.0000 1.0000 1.0000 1.0000 1.0000 1.0000 1.0000 0.0000 0.0000 0.0001 0.0001 0.0001 0.0002 0.0003 0.0004 0.0006 0.0009 0.0013 0.0019 0.0027 0.0039 0.0058 0.0084 0.0123 0.0179 0.0261 0.0380 0.0553 0.0805 0.1173 0.1706 0.2485 0.3615 0.5258 0.7648 1.0000 1.0000 1.0000 1.0000 1.0000 1.0000 1.0000 1.0000 1.0000 1.0000 1.0000 1.0000 0.0000 0.0000 0.0000 0.0000 0.0000 1.0000 1.0000 1.0000 1.0000 1.0000 1.0000 1.0000 1.0000 1.0000 1.0000 1.0000 1.0000 0.7648 0.5258 0.3615 0.2485 0.1706 0.1173 0.0805 0.0553 0.0380 0.0261 0.0179 0.0123 0.0084 0.0058 0.0039 0.0027 0.0019 0.0013 0.0009 0.0006 0.0004 0.0003 0.0002 0.0001 0.0001 0.0001 0.0000 0.0000 1.0000 1.0000 1.0000 1.0000 1.0000 1.0000 1.0000 1.0000
1.0000 1.0000 1.0000 1.0000 1.0000 1.0000 1.0000 0.0000 0.0000 0.0001 0.0001 0.0001 0.0002 0.0003 0.0004 0.0006 0.0009 0.0013 0.0018 0.0027 0.0039 0.0057 0.0084 0.0122 0.0178 0.0259 0.0378 0.0551 0.0803 0.1168 0.1702 0.2481 0.3608 0.5248 0.7648 1.0000 1.0000 1.0000 1.0000 1.0000 1.0000 1.0000 1.0000 1.0000 1.0000 1.0000 1.0000 0.0000 0.0000 0.0000 0.0001 0.0000 0.0000 0.0000 1.0000 1.0000 1.0000 1.0000 1.0000 1.0000 1.0000 1.0000 1.0000 1.0000 1.0000 1.0000 0.7648 0.5248 0.3608 0.2481 0.1702 0.1168 0.0803 0.0551 0.0378 0.0259 0.0178 0.0122 0.0084 0.0057 0.0039 0.0027 0.0018 0.0013 0.0009 0.0006 0.0004 0.0003 0.0002 0.0001 0.0001 0.0001 0.0000 0.0000 1.0000 1.0000 1.0000 1.0000 1.0000 1.0000 1.0000
1.0000 1.0000 1.0000 1.0000 1.0000 1.0000 0.0000 0.0000 0.0001 0.0001 0.0001 0.0002 0.0003 0.0004 0.0006 0.0009 0.0013 0.0018 0.0027 0.0039 0.0057 0.0083 0.0121 0.0177 0.0258 0.0376 0.0548 0.0799 0.1164 0.1696 0.2471 0.3601 0.5238 0.7633 1.0000 1.0000 1.0000 1.0000 1.0000 1.0000 1.0000 1.0000 1.0000 1.0000 1.0000 1.0000 0.0000 0.0000 0.0001 0.0001 0.0001 0.0001 0.0001 0.0000 0.0000 1.0000 1.0000 1.0000 1.0000 1.0000 1.0000 1.0000 1.0000 1.0000 1.0000 1.0000 1.0000 0.7633 0.5238 0.3601 0.2471 0.1696 0.1164 0.0799 0.0548 0.0376 0.0258 0.0177 0.0121 0.0083 0.0057 0.0039 0.0027 0.0018 0.0013 0.0009 0.0006 0.0004 0.0003 0.0002 0.0001 0.0001 0.0001 0.0000 0.0000 1.0000 1.0000 1.0000 1.0000 1.0000 1.0000
1.0000 1.0000 1.0000 1.0000 1.0000 0.0000 0.0000 0.0001 0.0001 0.0001 0.0002 0.0003 0.0004 0.0006 0.0009 0.0013 0.0018 0.0027 0.0039 0.0057 0.0083 0.0121 0.0176 0.0257 0.0374 0.0545 0.0796 0.1159 0.1689 0.2462 0.3588 0.5228 0.7619 1.0000 1.0000 1.0000 1.0000 1.0000 1.0000 1.0000 1.0000 1.0000 1.0000 1.0000 1.0000 0.0000 0.0000 0.0001 0.0001 0.0001 0.0001 0.0001 0.0001 0.0001 0.0000 0.0000 1.0000 1.0000 1.0000 1.0000 1.0000 1.0000 1.0000 1.0000 1.0000 1.0000 1.0000 1.0000 0.7619 0.5228 0.3588 0.2462 0.1689 0.1159 0.0796 0.0545 0.0374 0.0257 0.0176 0.0121 0.0083 0.0057 0.0039 0.0027 0.0018 0.0013 0.0009 0.0006 0.0004 0.0003 0.0002 0.0001 0.0001 0.0001 0.0000 0.0000 1.0000 1.0000 1.0000 1.0000 1.0000
1.0000 1.0000 1.0000 1.0000 0.0000 0.0000 0.0001 0.0001 0.0001 0.0002 0.0003 0.0004 0.0006 0.0009 0.0012 0.0018 0.0026 0.0039 0.0056 0.0082 0.0120 0.0175 0.0255 0.0372 0.0542 0.0791 0.1153 0.1683 0.2453 0.3574 0.5208 0.7590 1.0000 1.0000 1.0000 1.0000 1.0000 1.0000 1.0000 1.0000 1.0000 1.0000 1.0000 1.0000 0.0000 0.0000 0.0001 0.0001 0.0001 0.0001 0.0002 0.0001 0.0001 0.0001 0.0001 0.0000 0.0000 1.0000 1.0000 1.0000 1.0000 1.0000 1.0000 1.0000 1.0000 1.0000 1.0000 1.0000 1.0000 0.7590 0.5208 0.3574 0.2453 0.1683 0.1153 0.0791 0.0542 0.0372 0.0255 0.0175 0.0120 0.0082 0.0056 0.0039 0.0026 0.0018 0.0012 0.0009 0.0006 0.0004 0.0003 0.0002 0.0001 0.0001 0.0001 0.0000 0.0000 1.0000 1.0000 1.0000 1.0000
1.0000 1.0000 1.0000 0.0000 0.0000 0.0001 0.0001 0.0001 0.0002 0.0003 0.0004 0.0006 0.0008 0.0012 0.0018 0.0026 0.0038 0.0056 0.0082 0.0119 0.0174 0.0254 0.0370 0.0539 0.0787 0.1146 0.1673 0.2439 0.3554 0.5189 0.7561 1.0000 1.0000 1.0000 1.0000 1.0000 1.0000 1.0000 1.0000 1.0000 1.0000 1.0000 1.0000 0.0000 0.0000 0.0001 0.0001 0.0001 0.0002 0.0002 0.0002 0.0002 0.0002 0.0001 0.0001 0.0001 0.0000 0.0000 1.0000 1.0000 1.0000 1.0000 1.0000 1.0000 1.0000 1.0000 1.0000 1.0000 1.0000 1.0000 0.7561 0.5189 0.3554 0.2439 0.1673 0.1146 0.0787 0.0539 0.0370 0.0254 0.0174 0.0119 0.0082 0.0056 0.0038 0.0026 0.0018 0.0012 0.0008 0.0006 0.0004 0.0003 0.0002 0.0001 0.0001 0.0001 0.0000 0.0000 1.0000 1.0000 1.0000
1.0000 1.0000 0.0000 0.0000 0.0001 0.0001 0.0001 0.0002 0.0003 0.0004 0.0006 0.0008 0.0012 0.0018 0.0026 0.0038 0.0056 0.0081 0.0118 0.0173 0.0252 0.0368 0.0536 0.0782 0.1140 0.1661 0.2425 0.3534 0.5159 0.7518 1.0000 1.0000 1.0000 1.0000 1.0000 1.0000 1.0000 1.0000 1.0000 1.0000 1.0000 1.0000 0.0000 0.0000 0.0001 0.0001 0.0001 0.0002 0.0003 0.0003 0.0003 0.0003 0.0003 0.0002 0.0001 0.0001 0.0001 0.0000 0.0000 1.0000 1.0000 1.0000 1.0000 1.0000 1.0000 1.0000 1.0000 1.0000 1.0000 1.0000 1.0000 0.7518 0.5159 0.3534 0.2425 0.1661 0.1140 0.0782 0.0536 0.0368 0.0252 0.0173 0.0118 0.0081 0.0056 0.0038 0.0026 0.0018 0.0012 0.0008 0.0006 0.0004 0.0003 0.0002 0.0001 0.0001 0.0001 0.0000 0.0000 1.0000 1.0000
1.0000 0.0000 0.0000 0.0001 0.0001 0.0001 0.0002 0.0003 0.0004 0.0006 0.0008 0.0012 0.0018 0.0026 0.0038 0.0055 0.0081 0.0118 0.0171 0.0250 0.0365 0.0533 0.0776 0.1131 0.1651 0.2406 0.3513 0.5120 0.7461 1.0000 1.0000 1.0000 1.0000 1.0000 1.0000 1.0000 1.0000 1.0000 1.0000 1.0000 1.0000 0.0000 0.0000 0.0001 0.0001 0.0001 0.0002 0.0003 0.0004 0.0005 0.0005 0.0005 0.0004 0.0003 0.0002 0.0001 0.0001 0.0001 0.0000 0.0000 1.0000 1.0000 1.0000 1.0000 1.0000 1.0000 1.0000 1.0000 1.0000 1.0000 1.0000 1.0000 0.7461 0.5120 0.3513 0.2406 0.1651 0.1131 0.0776 0.0533 0.0365 0.0250 0.0171 0.0118 0.0081 0.0055 0.0038 0.0026 0.0018 0.0012 0.0008 0.0006 0.0004 0.0003 0.0002 0.0001 0.0001 0.0001 0.0000 0.0000 1.0000
0.0000 0.0000 0.0001 0.0001 0.0001 0.0002 0.0003 0.0004 0.0006 0.0008 0.0012 0.0018 0.0026 0.0038 0.0055 0.0080 0.0117 0.0170 0.0248 0.0362 0.0528 0.0770 0.1122 0.1636 0.2388 0.3480 0.5081 0.7405 1.0000 1.0000 1.0000 1.0000 1.0000 1.0000 1.0000 1.0000 1.0000 1.0000 1.0000 1.0000 0.0000 0.0000 0.0001 0.0001 0.0001 0.0002 0.0003 0.0004 0.0005 0.0007 0.0007 0.0007 0.0005 0.0004 0.0003 0.0002 0.0001 0.0001 0.0001 0.0000 0.0000 1.0000 1.0000 1.0000 1.0000 1.0000 1.0000 1.0000 1.0000 1.0000 1.0000 1.0000 1.0000 0.7405 0.5081 0.3480 0.2388 0.1636 0.1122 0.0770 0.0528 0.0362 0.0248 0.0170 0.0117 0.0080 0.0055 0.0038 0.0026 0.0018 0.0012 0.0008 0.0006 0.0004 0.0003 0.0002 0.0001 0.0001 0.0001 0.0000 0.0000
0.0000 0.0001 0.0001 0.0001 0.0002 0.0003 0.0004 0.0006 0.0008 0.0012 0.0017 0.0025 0.0037 0.0054 0.0079 0.0115 0.0168 0.0245 0.0358 0.0522 0.0760 0.1110 0.1617 0.2361 0.3441 0.5024 0.7321 1.0000 1.0000 1.0000 1.0000 1.0000 1.0000 1.0000 1.0000 1.0000 1.0000 1.0000 1.0000 0.0000 0.0000 0.0001 0.0001 0.0001 0.0002 0.0003 0.0004 0.0006 0.0008 0.0010 0.0010 0.0010 0.0008 0.0006 0.0004 0.0003 0.0002 0.0001 0.0001 0.0001 0.0000 0.0000 1.0000 1.0000 1.0000 1.0000 1.0000 1.0000 1.0000 1.0000 1.0000 1.0000 1.0000 1.0000 0.7321 0.5024 0.3441 0.2361 0.1617 0.1110 0.0760 0.0522 0.0358 0.0245 0.0168 0.0115 0.0079 0.0054 0.0037 0.0025 0.0017 0.0012 0.0008 0.0006 0.0004 0.0003 0.0002 0.0001 0.0001 0.0001 0.0000
0.0001 0.0001 0.0001 0.0002 0.0003 0.0004 0.0005 0.0008 0.0012 0.0017 0.0025 0.0036 0.0053 0.0077 0.0113 0.0165 0.0241 0.0351 0.0512 0.0747 0.1089 0.1590 0.2317 0.3382 0.4929 0.7196 1.0000 1.0000 1.0000 1.0000 1.0000 1.0000 1.0000 1.0000 1.0000 1.0000 1.0000 1.0000 0.0000 0.0000 0.0001 0.0001 0.0001 0.0002 0.0003 0.0004 0.0006 0.0009 0.0011 0.0014 0.0015 0.0014 0.0011 0.0009 0.0006 0.0004 0.0003 0.0002 0.0001 0.0001 0.0001 0.0000 0.0000 1.0000 1.0000 1.0000 1.0000 1.0000 1.0000 1.0000 1.0000 1.0000 1.0000 1.0000 1.0000 0.7196 0.4929 0.3382 0.2317 0.1590 0.1089 0.0747 0.0512 0.0351 0.0241 0.0165 0.0113 0.0077 0.0053 0.0036 0.0025 0.0017 0.0012 0.0008 0.0005 0.0004 0.0003 0.0002 0.0001 0.0001 0.0001
0.0001 0.0001 0.0002 0.0002 0.0004 0.0005 0.0008 0.0011 0.0016 0.0024 0.0035 0.0051 0.0075 0.0109 0.0160 0.0233 0.0340 0.0496 0.0723 0.1056 0.1542 0.2247 0.3275 0.4781 0.6967 1.0000 1.0000 1.0000 1.0000 1.0000 1.0000 1.0000 1.0000 1.0000 1.0000 1.0000 1.0000 0.0000 0.0000 0.0001 0.0001 0.0001 0.0002 0.0003 0.0004 0.0006 0.0009 0.0012 0.0016 0.0020 0.0021 0.0020 0.0016 0.0012 0.0009 0.0006 0.0004 0.0003 0.0002 0.0001 0.0001 0.0001 0.0000 0.0000 1.0000 1.0000 1.0000 1.0000 1.0000 1.0000 1.0000 1.0000 1.0000 1.0000 1.0000 1.0000 0.6967 0.4781 0.3275 0.2247 0.1542 0.1056 0.0723 0.0496 0.0340 0.0233 0.0160 0.0109 0.0075 0.0051 0.0035 0.0024 0.0016 0.0011 0.0008 0.0005 0.0004 0.0002 0.0002 0.0001 0.0001
0.0001 0.0002 0.0002 0.0003 0.0005 0.0007 0.0011 0.0016 0.0023 0.0033 0.0048 0.0071 0.0103 0.0151 0.0220 0.0321 0.0469 0.0685 0.0998 0.1457 0.2123 0.3099 0.4525 0.6594 0.9627 1.0000 1.0000 1.0000 1.0000 1.0000 1.0000 1.0000 1.0000 1.0000 1.0000 1.0000 0.0000 0.0000 0.0001 0.0001 0.0001 0.0002 0.0003 0.0004 0.0006 0.0009 0.0012 0.0017 0.0022 0.0027 0.0029 0.0027 0.0022 0.0017 0.0012 0.0009 0.0006 0.0004 0.0003 0.0002 0.0001 0.0001 0.0001 0.0000 0.0000 1.0000 1.0000 1.0000 1.0000 1.0000 1.0000 1.0000 1.0000 1.0000 1.0000 1.0000 0.9627 0.6594 0.4525 0.3099 0.2123 0.1457 0.0998 0.0685 0.0469 0.0321 0.0220 0.0151 0.0103 0.0071 0.0048 0.0033 0.0023 0.0016 0.0011 0.0007 0.0005 0.0003 0.0002 0.0002 0.0001
0.0001 0.0002 0.0003 0.0004 0.0007 0.0010 0.0014 0.0020 0.0030 0.0044 0.0064 0.0093 0.0136 0.0198 0.0289 0.0422 0.0617 0.0899 0.1312 0.1915 0.2797 0.4075 0.5950 0.8687 1.0000 1.0000 1.0000 1.0000 1.0000 1.0000 1.0000 1.0000 1.0000 1.0000 1.0000 0.0000 0.0000 0.0001 0.0001 0.0001 0.0002 0.0003 0.0004 0.0005 0.0008 0.0011 0.0016 0.0022 0.0029 0.0036 0.0038 0.0036 0.0029 0.0022 0.0016 0.0011 0.0008 0.0005 0.0004 0.0003 0.0002 0.0001 0.0001 0.0001 0.0000 0.0000 1.0000 1.0000 1.0000 1.0000 1.0000 1.0000 1.0000 1.0000 1.0000 1.0000 1.0000 0.8687 0.5950 0.4075 0.2797 0.1915 0.1312 0.0899 0.0617 0.0422 0.0289 0.0198 0.0136 0.0093 0.0064 0.0044 0.0030 0.0020 0.0014 0.0010 0.0007 0.0004 0.0003 0.0002 0.0001
0.0002 0.0003 0.0004 0.0005 0.0008 0.0012 0.0017 0.0025 0.0036 0.0053 0.0077 0.0113 0.0164 0.0240 0.0350 0.0512 0.0747 0.1091 0.1593 0.2321 0.3389 0.4948 0.7224 1.0000 1.0000 1.0000 1.0000 1.0000 1.0000 1.0000 1.0000 1.0000 1.0000 1.0000 1.0000 0.0000 0.0000 0.0001 0.0001 0.0001 0.0002 0.0003 0.0005 0.0007 0.0010 0.0014 0.0020 0.0027 0.0036 0.0043 0.0046 0.0043 0.0036 0.0027 0.0020 0.0014 0.0010 0.0007 0.0005 0.0003 0.0002 0.0001 0.0001 0.0001 0.0000 0.0000 1.0000 1.0000 1.0000 1.0000 1.0000 1.0000 1.0000 1.0000 1.0000 1.0000 1.0000 1.0000 0.7224 0.4948 0.3389 0.2321 0.1593 0.1091 0.0747 0.0512 0.0350 0.0240 0.0164 0.0113 0.0077 0.0053 0.0036 0.0025 0.0017 0.0012 0.0008 0.0005 0.0004 0.0003 0.0002
0.0002 0.0003 0.0004 0.0006 0.0009 0.0012 0.0018 0.0027 0.0039 0.0057 0.0083 0.0121 0.0177 0.0258 0.0377 0.0549 0.0802 0.1170 0.1709 0.2495 0.3643 0.5308 0.7750 1.0000 1.0000 1.0000 1.0000 1.0000 1.0000 1.0000 1.0000 1.0000 1.0000 1.0000 1.0000 0.0000 0.0001 0.0001 0.0001 0.0002 0.0002 0.0003 0.0005 0.0007 0.0010 0.0015 0.0021 0.0029 0.0038 0.0046 0.0050 0.0046 0.0038 0.0029 0.0021 0.0015 0.0010 0.0007 0.0005 0.0003 0.0002 0.0002 0.0001 0.0001 0.0001 0.0000 1.0000 1.0000 1.0000 1.0000 1.0000 1.0000 1.0000 1.0000 1.0000 1.0000 1.0000 1.0000 0.7750 0.5308 0.3643 0.2495 0.1709 0.1170 0.0802 0.0549 0.0377 0.0258 0.0177 0.0121 0.0083 0.0057 0.0039 0.0027 0.0018 0.0012 0.0009 0.0006 0.0004 0.0003 0.0002
0.0002 0.0003 0.0004 0.0005 0.0008 0.0012 0.0017 0.0025 0.0036 0.0053 0.0077 0.0113 0.0164 0.0240 0.0350 0.0512 0.0747 0.1091 0.1593 0.2321 0.3389 0.4948 0.7224 1.0000 1.0000 1.0000 1.0000 1.0000 1.0000 1.0000 1.0000 1.0000 1.0000 1.0000 1.0000 0.0000 0.0000 0.0001 0.0001 0.0001 0.0002 0.0003 0.0005 0.0007 0.0010 0.0014 0.0020 0.0027 0.0036 0.0043 0.0046 0.0043 0.0036 0.0027 0.0020 0.0014 0.0010 0.0007 0.0005 0.0003 0.0002 0.0001 0.0001 0.0001 0.0000 0.0000 1.0000 1.0000 1.0000 1.0000 1.0000 1.0000 1.0000 1.0000 1.0000 1.0000 1.0000 1.0000 0.7224 0.4948 0.3389 0.2321 0.1593 0.1091 0.0747 0.0512 0.0350 0.0240 0.0164 0.0113 0.0077 0.0053 0.0036 0.0025 0.0017 0.0012 0.0008 0.0005 0.0004 0.0003 0.0002
0.0001 0.0002 0.0003 0.0004 0.0007 0.0010 0.0014 0.0020 0.0030 0.0044 0.0064 0.0093 0.0136 0.0198 0.0289 0.0422 0.0617 0.0899 0.1312 0.1915 0.2797 0.4075 0.5950 0.8687 1.0000 1.0000 1.0000 1.0000 1.0000 1.0000 1.0000 1.0000 1.0000 1.0000 1.0000 0.0000 0.0000 0.0001 0.0001 0.0001 0.0002 0.0003 0.0004 0.0005 0.0008 0.0011 0.0016 0.0022 0.0029 0.0036 0.0038 0.0036 0.0029 0.0022 0.0016 0.0011 0.0008 0.0005 0.0004 0.0003 0.0002 0.0001 0.0001 0.0001 0.0000 0.0000 1.0000 1.0000 1.0000 1.0000 1.0000 1.0000 1.0000 1.0000 1.0000 1.0000 1.0000 0.8687 0.5950 0.4075 0.2797 0.1915 0.1312 0.0899 0.0617 0.0422 0.0289 0.0198 0.0136 0.0093 0.0064 0.0044 0.0030 0.0020 0.0014 0.0010 0.0007 0.0004 0.0003 0.0002 0.0001
0.0001 0.0002 0.0002 0.0003 0.0005 0.0007 0.0011 0.0016 0.0023 0.0033 0.0048 0.0071 0.0103 0.0151 0.0220 0.0321 0.0469 0.0685 0.0998 0.1457 0.2123 0.3099 0.4525 0.6594 0.9627 1.0000 1.0000 1.0000 1.0000 1.0000 1.0000 1.0000 1.0000 1.0000 1.0000 1.0000 0.0000 0.0000 0.0001 0.0001 0.0001 0.0002 0.0003 0.0004 0.0006 0.0009 0.0012 0.0017 0.0022 0.0027 0.0029 0.0027 0.0022 0.0017 0.0012 0.0009 0.0006 0.0004 0.0003 0.0002 0.0001 0.0001 0.0001 0.0000 0.0000 1.0000 1.0000 1.0000 1.0000 1.0000 1.0000 1.0000 1.0000 1.0000 1.0000 1.0000 0.9627 0.6594 0.4525 0.3099 0.2123 0.1457 0.0998 0.0685 0.0469 0.0321 0.0220 0.0151 0.0103 0.0071 0.0048 0.0033 0.0023 0.0016 0.0011 0.0007 0.0005 0.0003 0.0002 0.0002 0.0001
0.0001 0.0001 0.0002 0.0002 0.0004 0.0005 0.0008 0.0011 0.0016 0.0024 0.0035 0.0051 0.0075 0.0109 0.0160 0.0233 0.0340 0.0496 0.0723 0.1056 0.1542 0.2247 0.3275 0.4781 0.6967 1.0000 1.0000 1.0000 1.0000 1.0000 1.0000 1.0000 1.0000 1.0000 1.0000 1.0000 1.0000 0.0000 0.0000 0.0001 0.0001 0.0001 0.0002 0.0003 0.0004 0.0006 0.0009 0.0012 0.0016 0.0020 0.0021 0.0020 0.0016 0.0012 0.0009 0.0006 0.0004 0.0003 0.0002 0.0001 0.0001 0.0001 0.0000 0.0000 1.0000 1.0000 1.0000 1.0000 1.0000 1.0000 1.0000 1.0000 1.0000 1.0000 1.0000 1.0000 0.6967 0.4781 0.3275 0.2247 0.1542 0.1056 0.0723 0.0496 0.0340 0.0233 0.0160 0.0109 0.0075 0.0051 0.0035 0.0024 0.0016 0.0011 0.0008 0.0005 0.0004 0.0002 0.0002 0.0001 0.0001
0.0001 0.0001 0.0001 0.0002 0.0003 0.0004 0.0005 0.0008 0.0012 0.0017 0.0025 0.0036 0.0053 0.0077 0.0113 0.0165 0.0241 0.0351 0.0512 0.0747 0.1089 0.1590 0.2317 0.3382 0.4929 0.7196 1.0000 1.0000 1.0000 1.0000 1.0000 1.0000 1.0000 1.0000 1.0000 1.0000 1.0000 1.0000 0.0000 0.0000 0.0001 0.0001 0.0001 0.0002 0.0003 0.0004 0.0006 0.0009 0.0011 0.0014 0.0015 0.0014 0.0011 0.0009 0.0006 0.0004 0.0003 0.0002 0.0001 0.0001 0.0001 0.0000 0.0000 1.0000 1.0000 1.0000 1.0000 1.0000 1.0000 1.0000 1.0000 1.0000 1.0000 1.0000 1.0000 0.7196 0.4929 0.3382 0.2317 0.1590 0.1089 0.0747 0.0512 0.0351 0.0241 0.0165 0.0113 0.0077 0.0053 0.0036 0.0025 0.0017 0.0012 0.0008 0.0005 0.0004 0.0003 0.0002 0.0001 0.0001 0.0001
