-0.1087 -0.0202 0.0322 0.0688 0.0994 0.1280 0.1570 0.1873 0.2186 0.2475 0.2636 0.2426 0.1447 -0.0072 -0.0911 -0.1327 -0.1600 -0.1809 -0.1985 -0.2142 -0.2289 -0.2430 -0.2566 -0.2700 -0.2833 -0.2964 -0.3095 -0.3225 -0.3352 -0.3476 -0.3594 -0.3702 -0.3795 -0.3867 -0.3904 -0.3888 -0.3788 -0.3550 -0.3091 -0.2300 -0.1212 -0.0294 0.0264 0.0642 0.0948 0.1225 0.1492 0.1746 0.1969 0.2128 0.2185 0.2128 0.1969 0.1746 0.1492 0.1225 0.0948 0.0642 0.0264 -0.0294 -0.1213 -0.2300 -0.3091 -0.3550 -0.3788 -0.3888 -0.3904 -0.3867 -0.3795 -0.3702 -0.3593 -0.3476 -0.3352 -0.3225 -0.3095 -0.2964 -0.2833 -0.2700 -0.2566 -0.2430 -0.2289 -0.2142 -0.1985 -0.1808 -0.1600 -0.1327 -0.0911 -0.0072 0.1448 0.2426 0.2636 0.2475 0.2185 0.1873 0.1570 0.1280 0.0994 0.0688 0.0322 -0.0202 -0.1087
-0.0202 0.0305 0.0664 0.0965 0.1246 0.1530 0.1825 0.2129 0.2411 0.2569 0.2362 0.1390 -0.0104 -0.0936 -0.1342 -0.1610 -0.1816 -0.1991 -0.2148 -0.2294 -0.2433 -0.2569 -0.2702 -0.2834 -0.2965 -0.3094 -0.3222 -0.3348 -0.3469 -0.3584 -0.3688 -0.3777 -0.3843 -0.3873 -0.3848 -0.3738 -0.3488 -0.3018 -0.2222 -0.1160 -0.0283 0.0254 0.0623 0.0926 0.1203 0.1475 0.1745 0.2004 0.2223 0.2365 0.2412 0.2365 0.2223 0.2004 0.1745 0.1475 0.1203 0.0926 0.0623 0.0254 -0.0283 -0.1160 -0.2223 -0.3018 -0.3489 -0.3738 -0.3849 -0.3873 -0.3843 -0.3777 -0.3688 -0.3584 -0.3469 -0.3348 -0.3222 -0.3094 -0.2965 -0.2834 -0.2702 -0.2569 -0.2433 -0.2294 -0.2148 -0.1991 -0.1816 -0.1610 -0.1342 -0.0936 -0.0103 0.1391 0.2362 0.2569 0.2411 0.2129 0.1825 0.1530 0.1246 0.0965 0.0664 0.0305 -0.0202
0.0322 0.0664 0.0967 0.1249 0.1533 0.1829 0.2134 0.2415 0.2569 0.2353 0.1366 -0.0124 -0.0945 -0.1347 -0.1614 -0.1820 -0.1994 -0.2150 -0.2296 -0.2436 -0.2571 -0.2705 -0.2836 -0.2967 -0.3097 -0.3225 -0.3350 -0.3471 -0.3586 -0.3690 -0.3779 -0.3844 -0.3873 -0.3848 -0.3735 -0.3482 -0.3007 -0.2205 -0.1140 -0.0270 0.0262 0.0631 0.0933 0.1213 0.1491 0.1773 0.2054 0.2308 0.2485 0.2557 0.2565 0.2557 0.2485 0.2308 0.2054 0.1773 0.1491 0.1213 0.0934 0.0631 0.0262 -0.0270 -0.1141 -0.2205 -0.3007 -0.3483 -0.3735 -0.3848 -0.3873 -0.3844 -0.3779 -0.3690 -0.3586 -0.3471 -0.3350 -0.3225 -0.3097 -0.2967 -0.2836 -0.2705 -0.2571 -0.2436 -0.2296 -0.2150 -0.1994 -0.1820 -0.1614 -0.1347 -0.0945 -0.0123 0.1366 0.2354 0.2569 0.2415 0.2134 0.1829 0.1533 0.1249 0.0967 0.0664 0.0322
0.0688 0.0965 0.1249 0.1535 0.1831 0.2137 0.2418 0.2570 0.2346 0.1343 -0.0142 -0.0954 -0.1352 -0.1618 -0.1823 -0.1997 -0.2153 -0.2299 -0.2438 -0.2574 -0.2707 -0.2839 -0.2969 -0.3099 -0.3227 -0.3352 -0.3473 -0.3588 -0.3692 -0.3780 -0.3845 -0.3874 -0.3846 -0.3732 -0.3476 -0.2995 -0.2187 -0.1121 -0.0258 0.0270 0.0637 0.0940 0.1221 0.1501 0.1789 0.2082 0.2352 0.2535 0.2550 0.2413 0.2318 0.2413 0.2550 0.2535 0.2352 0.2082 0.1789 0.1501 0.1221 0.0940 0.0637 0.0270 -0.0258 -0.1122 -0.2188 -0.2995 -0.3476 -0.3732 -0.3846 -0.3873 -0.3845 -0.3780 -0.3692 -0.3588 -0.3473 -0.3352 -0.3227 -0.3099 -0.2969 -0.2839 -0.2707 -0.2574 -0.2438 -0.2299 -0.2153 -0.1997 -0.1823 -0.1618 -0.1352 -0.0953 -0.0142 0.1343 0.2346 0.2570 0.2418 0.2137 0.1831 0.1534 0.1249 0.0965 0.0688
0.0994 0.1246 0.1533 0.1831 0.2138 0.2419 0.2570 0.2339 0.1323 -0.0158 -0.0961 -0.1357 -0.1621 -0.1826 -0.1999 -0.2156 -0.2301 -0.2441 -0.2576 -0.2709 -0.2841 -0.2972 -0.3101 -0.3229 -0.3355 -0.3476 -0.3590 -0.3694 -0.3782 -0.3846 -0.3874 -0.3845 -0.3729 -0.3470 -0.2984 -0.2169 -0.1103 -0.0246 0.0278 0.0643 0.0945 0.1227 0.1509 0.1800 0.2099 0.2376 0.2554 0.2495 0.2093 0.1526 0.1250 0.1526 0.2093 0.2495 0.2554 0.2376 0.2099 0.1800 0.1509 0.1227 0.0945 0.0643 0.0278 -0.0246 -0.1103 -0.2170 -0.2984 -0.3470 -0.3729 -0.3845 -0.3874 -0.3846 -0.3782 -0.3694 -0.3590 -0.3476 -0.3355 -0.3229 -0.3101 -0.2972 -0.2841 -0.2709 -0.2576 -0.2441 -0.2301 -0.2156 -0.1999 -0.1826 -0.1621 -0.1357 -0.0961 -0.0158 0.1323 0.2339 0.2570 0.2419 0.2138 0.1831 0.1533 0.1246 0.0994
0.1280 0.1530 0.1829 0.2137 0.2419 0.2570 0.2336 0.1310 -0.0169 -0.0967 -0.1361 -0.1624 -0.1828 -0.2002 -0.2158 -0.2303 -0.2443 -0.2578 -0.2712 -0.2843 -0.2974 -0.3104 -0.3232 -0.3357 -0.3478 -0.3592 -0.3695 -0.3783 -0.3847 -0.3874 -0.3844 -0.3725 -0.3464 -0.2972 -0.2152 -0.1084 -0.0234 0.0285 0.0649 0.0951 0.1233 0.1515 0.1808 0.2110 0.2390 0.2562 0.2444 0.1812 0.0756 0.0002 -0.0223 0.0002 0.0755 0.1811 0.2444 0.2562 0.2390 0.2110 0.1808 0.1515 0.1232 0.0951 0.0649 0.0285 -0.0234 -0.1085 -0.2152 -0.2973 -0.3464 -0.3725 -0.3844 -0.3874 -0.3847 -0.3783 -0.3695 -0.3592 -0.3478 -0.3357 -0.3231 -0.3104 -0.2974 -0.2843 -0.2711 -0.2578 -0.2443 -0.2303 -0.2158 -0.2002 -0.1828 -0.1624 -0.1361 -0.0967 -0.0169 0.1310 0.2336 0.2570 0.2419 0.2137 0.1829 0.1530 0.1280
0.1570 0.1825 0.2134 0.2418 0.2570 0.2336 0.1306 -0.0176 -0.0971 -0.1364 -0.1627 -0.1831 -0.2004 -0.2160 -0.2306 -0.2445 -0.2580 -0.2714 -0.2845 -0.2976 -0.3106 -0.3234 -0.3359 -0.3480 -0.3594 -0.3697 -0.3784 -0.3848 -0.3874 -0.3843 -0.3722 -0.3457 -0.2961 -0.2134 -0.1066 -0.0222 0.0293 0.0655 0.0956 0.1238 0.1521 0.1815 0.2118 0.2400 0.2566 0.2408 0.1624 0.0311 -0.0531 -0.0892 -0.0990 -0.0892 -0.0532 0.0310 0.1624 0.2408 0.2566 0.2399 0.2118 0.1815 0.1520 0.1238 0.0956 0.0655 0.0293 -0.0222 -0.1066 -0.2134 -0.2961 -0.3457 -0.3722 -0.3843 -0.3874 -0.3847 -0.3784 -0.3697 -0.3594 -0.3480 -0.3359 -0.3234 -0.3106 -0.2976 -0.2845 -0.2714 -0.2580 -0.2445 -0.2306 -0.2160 -0.2004 -0.1831 -0.1627 -0.1364 -0.0971 -0.0176 0.1305 0.2336 0.2570 0.2418 0.2134 0.1825 0.1570
0.1873 0.2129 0.2415 0.2570 0.2339 0.1310 -0.0176 -0.0972 -0.1366 -0.1628 -0.1832 -0.2006 -0.2162 -0.2307 -0.2447 -0.2582 -0.2716 -0.2847 -0.2978 -0.3108 -0.3236 -0.3361 -0.3482 -0.3595 -0.3699 -0.3786 -0.3848 -0.3874 -0.3842 -0.3719 -0.3450 -0.2949 -0.2116 -0.1047 -0.0210 0.0300 0.0660 0.0961 0.1243 0.1526 0.1821 0.2124 0.2406 0.2568 0.2384 0.1507 0.0089 -0.0754 -0.1137 -0.1322 -0.1381 -0.1322 -0.1137 -0.0754 0.0088 0.1507 0.2384 0.2568 0.2406 0.2124 0.1821 0.1526 0.1243 0.0961 0.0660 0.0300 -0.0211 -0.1048 -0.2116 -0.2949 -0.3451 -0.3719 -0.3842 -0.3874 -0.3848 -0.3786 -0.3699 -0.3595 -0.3482 -0.3361 -0.3236 -0.3108 -0.2978 -0.2847 -0.2716 -0.2582 -0.2447 -0.2307 -0.2162 -0.2006 -0.1832 -0.1628 -0.1366 -0.0972 -0.0176 0.1310 0.2339 0.2570 0.2415 0.2129 0.1873
0.2185 0.2411 0.2569 0.2346 0.1323 -0.0169 -0.0971 -0.1366 -0.1629 -0.1833 -0.2007 -0.2163 -0.2309 -0.2448 -0.2584 -0.2717 -0.2849 -0.2980 -0.3110 -0.3238 -0.3363 -0.3484 -0.3597 -0.3700 -0.3787 -0.3849 -0.3874 -0.3840 -0.3716 -0.3444 -0.2938 -0.2098 -0.1029 -0.0199 0.0308 0.0666 0.0966 0.1248 0.1531 0.1826 0.2130 0.2412 0.2569 0.2366 0.1431 -0.0027 -0.0859 -0.1248 -0.1473 -0.1601 -0.1643 -0.1601 -0.1473 -0.1248 -0.0859 -0.0027 0.1431 0.2367 0.2569 0.2411 0.2130 0.1826 0.1531 0.1248 0.0966 0.0666 0.0308 -0.0199 -0.1029 -0.2098 -0.2938 -0.3444 -0.3716 -0.3840 -0.3874 -0.3849 -0.3787 -0.3700 -0.3597 -0.3483 -0.3363 -0.3238 -0.3110 -0.2980 -0.2849 -0.2717 -0.2584 -0.2448 -0.2309 -0.2163 -0.2007 -0.1833 -0.1629 -0.1366 -0.0971 -0.0169 0.1323 0.2346 0.2569 0.2411 0.2185
0.2475 0.2569 0.2354 0.1343 -0.0158 -0.0967 -0.1364 -0.1628 -0.1833 -0.2007 -0.2164 -0.2310 -0.2449 -0.2585 -0.2719 -0.2851 -0.2982 -0.3112 -0.3240 -0.3365 -0.3485 -0.3599 -0.3702 -0.3788 -0.3850 -0.3874 -0.3839 -0.3713 -0.3438 -0.2926 -0.2080 -0.1011 -0.0188 0.0315 0.0672 0.0971 0.1253 0.1536 0.1832 0.2136 0.2416 0.2569 0.2353 0.1378 -0.0093 -0.0912 -0.1303 -0.1548 -0.1712 -0.1813 -0.1848 -0.1813 -0.1712 -0.1548 -0.1304 -0.0912 -0.0092 0.1379 0.2353 0.2569 0.2416 0.2136 0.1832 0.1536 0.1253 0.0971 0.0672 0.0315 -0.0188 -0.1012 -0.2081 -0.2926 -0.3438 -0.3713 -0.3839 -0.3874 -0.3850 -0.3788 -0.3702 -0.3599 -0.3485 -0.3365 -0.3240 -0.3112 -0.2982 -0.2851 -0.2719 -0.2585 -0.2449 -0.2310 -0.2164 -0.2007 -0.1833 -0.1628 -0.1364 -0.0967 -0.0158 0.1343 0.2354 0.2569 0.2475
0.2636 0.2362 0.1366 -0.0142 -0.0961 -0.1361 -0.1627 -0.1832 -0.2007 -0.2164 -0.2310 -0.2450 -0.2586 -0.2720 -0.2852 -0.2983 -0.3113 -0.3241 -0.3366 -0.3487 -0.3601 -0.3703 -0.3789 -0.3850 -0.3874 -0.3838 -0.3710 -0.3432 -0.2916 -0.2064 -0.0994 -0.0177 0.0322 0.0677 0.0976 0.1258 0.1541 0.1837 0.2141 0.2421 0.2570 0.2342 0.1338 -0.0134 -0.0941 -0.1333 -0.1587 -0.1770 -0.1905 -0.1991 -0.2022 -0.1991 -0.1905 -0.1770 -0.1587 -0.1333 -0.0940 -0.0134 0.1339 0.2342 0.2570 0.2421 0.2141 0.1837 0.1541 0.1258 0.0976 0.0677 0.0322 -0.0177 -0.0995 -0.2064 -0.2916 -0.3432 -0.3710 -0.3838 -0.3874 -0.3850 -0.3789 -0.3703 -0.3600 -0.3487 -0.3366 -0.3241 -0.3113 -0.2983 -0.2852 -0.2720 -0.2586 -0.2450 -0.2310 -0.2164 -0.2007 -0.1832 -0.1627 -0.1361 -0.0961 -0.0142 0.1366 0.2362 0.2636
0.2426 0.1391 -0.0123 -0.0953 -0.1357 -0.1624 -0.1831 -0.2006 -0.2163 -0.2310 -0.2450 -0.2586 -0.2720 -0.2853 -0.2984 -0.3114 -0.3242 -0.3368 -0.3489 -0.3602 -0.3705 -0.3790 -0.3851 -0.3874 -0.3837 -0.3707 -0.3426 -0.2905 -0.2048 -0.0978 -0.0167 0.0328 0.0683 0.0981 0.1263 0.1546 0.1842 0.2147 0.2425 0.2570 0.2331 0.1305 -0.0164 -0.0959 -0.1350 -0.1608 -0.1801 -0.1954 -0.2073 -0.2151 -0.2179 -0.2151 -0.2073 -0.1954 -0.1801 -0.1608 -0.1350 -0.0959 -0.0164 0.1306 0.2331 0.2570 0.2425 0.2147 0.1842 0.1546 0.1262 0.0981 0.0683 0.0328 -0.0167 -0.0979 -0.2048 -0.2905 -0.3426 -0.3707 -0.3837 -0.3874 -0.3851 -0.3790 -0.3704 -0.3602 -0.3488 -0.3368 -0.3242 -0.3114 -0.2984 -0.2853 -0.2720 -0.2586 -0.2450 -0.2310 -0.2163 -0.2006 -0.1831 -0.1624 -0.1357 -0.0953 -0.0123 0.1391 0.2426
0.1448 -0.0103 -0.0945 -0.1352 -0.1621 -0.1828 -0.2004 -0.2162 -0.2309 -0.2449 -0.2586 -0.2720 -0.2853 -0.2985 -0.3115 -0.3243 -0.3369 -0.3490 -0.3603 -0.3706 -0.3791 -0.3852 -0.3874 -0.3836 -0.3704 -0.3420 -0.2895 -0.2032 -0.0963 -0.0158 0.0335 0.0688 0.0986 0.1267 0.1551 0.1847 0.2152 0.2429 0.2570 0.2321 0.1276 -0.0189 -0.0972 -0.1361 -0.1620 -0.1818 -0.1981 -0.2117 -0.2226 -0.2300 -0.2326 -0.2300 -0.2226 -0.2117 -0.1981 -0.1818 -0.1620 -0.1361 -0.0972 -0.0188 0.1277 0.2321 0.2570 0.2429 0.2152 0.1847 0.1551 0.1267 0.0986 0.0688 0.0334 -0.0158 -0.0963 -0.2032 -0.2895 -0.3420 -0.3704 -0.3836 -0.3874 -0.3852 -0.3791 -0.3706 -0.3603 -0.3490 -0.3369 -0.3243 -0.3115 -0.2985 -0.2853 -0.2720 -0.2586 -0.2449 -0.2309 -0.2162 -0.2004 -0.1828 -0.1621 -0.1352 -0.0945 -0.0103 0.1448
-0.0072 -0.0936 -0.1347 -0.1618 -0.1826 -0.2002 -0.2160 -0.2307 -0.2448 -0.2585 -0.2720 -0.2853 -0.2985 -0.3115 -0.3244 -0.3369 -0.3490 -0.3604 -0.3707 -0.3792 -0.3852 -0.3874 -0.3835 -0.3701 -0.3414 -0.2884 -0.2016 -0.0948 -0.0148 0.0341 0.0693 0.0990 0.1271 0.1556 0.1852 0.2157 0.2433 0.2570 0.2311 0.1249 -0.0210 -0.0983 -0.1369 -0.1628 -0.1828 -0.1995 -0.2141 -0.2268 -0.2371 -0.2442 -0.2468 -0.2442 -0.2371 -0.2268 -0.2141 -0.1995 -0.1828 -0.1628 -0.1369 -0.0983 -0.0209 0.1250 0.2311 0.2570 0.2433 0.2157 0.1852 0.1556 0.1271 0.0990 0.0692 0.0341 -0.0148 -0.0948 -0.2016 -0.2884 -0.3414 -0.3701 -0.3835 -0.3874 -0.3852 -0.3792 -0.3707 -0.3604 -0.3490 -0.3369 -0.3244 -0.3115 -0.2985 -0.2853 -0.2720 -0.2585 -0.2448 -0.2307 -0.2160 -0.2002 -0.1826 -0.1618 -0.1347 -0.0936 -0.0072
-0.0911 -0.1342 -0.1614 -0.1823 -0.1999 -0.2158 -0.2306 -0.2447 -0.2584 -0.2719 -0.2852 -0.2984 -0.3115 -0.3244 -0.3370 -0.3491 -0.3605 -0.3707 -0.3793 -0.3853 -0.3874 -0.3834 -0.3698 -0.3409 -0.2874 -0.2000 -0.0932 -0.0139 0.0347 0.0697 0.0995 0.1276 0.1560 0.1857 0.2161 0.2437 0.2570 0.2301 0.1224 -0.0228 -0.0992 -0.1375 -0.1633 -0.1834 -0.2004 -0.2155 -0.2290 -0.2411 -0.2511 -0.2580 -0.2605 -0.2580 -0.2511 -0.2411 -0.2290 -0.2154 -0.2004 -0.1834 -0.1633 -0.1375 -0.0992 -0.0228 0.1224 0.2302 0.2570 0.2436 0.2161 0.1857 0.1560 0.1276 0.0994 0.0697 0.0347 -0.0139 -0.0933 -0.2001 -0.2874 -0.3409 -0.3698 -0.3834 -0.3874 -0.3853 -0.3793 -0.3707 -0.3605 -0.3491 -0.3370 -0.3244 -0.3115 -0.2984 -0.2852 -0.2719 -0.2584 -0.2447 -0.2306 -0.2158 -0.1999 -0.1823 -0.1614 -0.1342 -0.0911
-0.1327 -0.1610 -0.1820 -0.1997 -0.2156 -0.2303 -0.2445 -0.2582 -0.2717 -0.2851 -0.2983 -0.3114 -0.3243 -0.3369 -0.3491 -0.3605 -0.3708 -0.3793 -0.3853 -0.3874 -0.3833 -0.3696 -0.3404 -0.2865 -0.1986 -0.0918 -0.0130 0.0353 0.0702 0.0999 0.1280 0.1565 0.1861 0.2166 0.2440 0.2570 0.2292 0.1199 -0.0246 -0.1000 -0.1381 -0.1638 -0.1839 -0.2010 -0.2162 -0.2303 -0.2432 -0.2549 -0.2647 -0.2716 -0.2741 -0.2716 -0.2647 -0.2549 -0.2432 -0.2303 -0.2162 -0.2010 -0.1839 -0.1638 -0.1381 -0.1000 -0.0245 0.1200 0.2292 0.2570 0.2440 0.2166 0.1861 0.1564 0.1280 0.0999 0.0702 0.0353 -0.0130 -0.0918 -0.1986 -0.2865 -0.3404 -0.3696 -0.3833 -0.3874 -0.3853 -0.3793 -0.3708 -0.3605 -0.3491 -0.3369 -0.3243 -0.3114 -0.2983 -0.2851 -0.2717 -0.2582 -0.2445 -0.2303 -0.2156 -0.1997 -0.1820 -0.1610 -0.1327
-0.1600 -0.1816 -0.1994 -0.2153 -0.2301 -0.2443 -0.2580 -0.2716 -0.2849 -0.2982 -0.3113 -0.3242 -0.3369 -0.3490 -0.3605 -0.3708 -0.3793 -0.3853 -0.3874 -0.3832 -0.3695 -0.3400 -0.2858 -0.1974 -0.0905 -0.0121 0.0359 0.0707 0.1003 0.1284 0.1569 0.1866 0.2171 0.2444 0.2570 0.2282 0.1175 -0.0262 -0.1008 -0.1385 -0.1642 -0.1843 -0.2014 -0.2167 -0.2310 -0.2444 -0.2570 -0.2685 -0.2782 -0.2850 -0.2875 -0.2850 -0.2782 -0.2685 -0.2570 -0.2444 -0.2310 -0.2167 -0.2013 -0.1842 -0.1642 -0.1385 -0.1007 -0.0262 0.1176 0.2283 0.2570 0.2444 0.2170 0.1866 0.1569 0.1284 0.1003 0.0707 0.0359 -0.0122 -0.0906 -0.1974 -0.2858 -0.3400 -0.3695 -0.3832 -0.3874 -0.3853 -0.3793 -0.3708 -0.3605 -0.3490 -0.3369 -0.3242 -0.3113 -0.2982 -0.2849 -0.2716 -0.2580 -0.2443 -0.2301 -0.2153 -0.1994 -0.1816 -0.1600
-0.1808 -0.1991 -0.2150 -0.2299 -0.2441 -0.2578 -0.2714 -0.2847 -0.2980 -0.3112 -0.3241 -0.3368 -0.3490 -0.3604 -0.3707 -0.3793 -0.3853 -0.3874 -0.3832 -0.3694 -0.3398 -0.2853 -0.1965 -0.0896 -0.0115 0.0364 0.0711 0.1007 0.1289 0.1573 0.1871 0.2175 0.2447 0.2569 0.2272 0.1151 -0.0278 -0.1015 -0.1390 -0.1645 -0.1846 -0.2017 -0.2171 -0.2315 -0.2451 -0.2582 -0.2706 -0.2820 -0.2916 -0.2983 -0.3008 -0.2983 -0.2916 -0.2820 -0.2706 -0.2582 -0.2451 -0.2315 -0.2171 -0.2017 -0.1845 -0.1645 -0.1390 -0.1015 -0.0278 0.1151 0.2273 0.2569 0.2447 0.2175 0.1871 0.1573 0.1288 0.1007 0.0711 0.0364 -0.0115 -0.0896 -0.1965 -0.2853 -0.3398 -0.3694 -0.3832 -0.3874 -0.3853 -0.3793 -0.3707 -0.3604 -0.3490 -0.3368 -0.3241 -0.3112 -0.2980 -0.2847 -0.2714 -0.2578 -0.2441 -0.2299 -0.2150 -0.1991 -0.1808
-0.1985 -0.2148 -0.2296 -0.2438 -0.2576 -0.2711 -0.2845 -0.2978 -0.3110 -0.3240 -0.3366 -0.3488 -0.3603 -0.3707 -0.3793 -0.3853 -0.3874 -0.3832 -0.3693 -0.3397 -0.2849 -0.1958 -0.0889 -0.0110 0.0368 0.0715 0.1011 0.1292 0.1578 0.1875 0.2180 0.2451 0.2569 0.2262 0.1127 -0.0295 -0.1022 -0.1395 -0.1649 -0.1848 -0.2019 -0.2174 -0.2318 -0.2456 -0.2589 -0.2717 -0.2840 -0.2953 -0.3049 -0.3116 -0.3140 -0.3115 -0.3049 -0.2953 -0.2840 -0.2717 -0.2589 -0.2456 -0.2318 -0.2174 -0.2019 -0.1848 -0.1649 -0.1395 -0.1022 -0.0294 0.1127 0.2263 0.2569 0.2451 0.2180 0.1875 0.1577 0.1292 0.1011 0.0715 0.0367 -0.0110 -0.0889 -0.1958 -0.2849 -0.3397 -0.3693 -0.3832 -0.3874 -0.3853 -0.3793 -0.3707 -0.3603 -0.3488 -0.3366 -0.3240 -0.3110 -0.2978 -0.2845 -0.2711 -0.2576 -0.2438 -0.2296 -0.2148 -0.1985
-0.2142 -0.2294 -0.2436 -0.2574 -0.2709 -0.2843 -0.2976 -0.3108 -0.3238 -0.3365 -0.3487 -0.3602 -0.3706 -0.3792 -0.3853 -0.3874 -0.3832 -0.3694 -0.3397 -0.2848 -0.1955 -0.0884 -0.0106 0.0370 0.0717 0.1014 0.1295 0.1581 0.1879 0.2184 0.2454 0.2568 0.2252 0.1102 -0.0311 -0.1030 -0.1399 -0.1652 -0.1851 -0.2022 -0.2176 -0.2321 -0.2459 -0.2593 -0.2724 -0.2851 -0.2973 -0.3085 -0.3180 -0.3246 -0.3270 -0.3246 -0.3180 -0.3085 -0.2973 -0.2851 -0.2724 -0.2593 -0.2459 -0.2321 -0.2176 -0.2022 -0.1851 -0.1652 -0.1399 -0.1029 -0.0310 0.1103 0.2253 0.2568 0.2454 0.2184 0.1879 0.1581 0.1295 0.1014 0.0717 0.0370 -0.0106 -0.0884 -0.1955 -0.2848 -0.3397 -0.3694 -0.3832 -0.3874 -0.3853 -0.3792 -0.3706 -0.3602 -0.3487 -0.3365 -0.3238 -0.3108 -0.2976 -0.2843 -0.2709 -0.2574 -0.2436 -0.2294 -0.2142
-0.2289 -0.2433 -0.2571 -0.2707 -0.2841 -0.2974 -0.3106 -0.3236 -0.3363 -0.3485 -0.3600 -0.3704 -0.3791 -0.3852 -0.3874 -0.3833 -0.3695 -0.3398 -0.2849 -0.1955 -0.0882 -0.0104 0.0372 0.0719 0.1016 0.1298 0.1584 0.1883 0.2187 0.2457 0.2568 0.2242 0.1078 -0.0326 -0.1037 -0.1404 -0.1656 -0.1854 -0.2024 -0.2179 -0.2323 -0.2462 -0.2596 -0.2728 -0.2858 -0.2984 -0.3105 -0.3216 -0.3309 -0.3373 -0.3397 -0.3373 -0.3309 -0.3216 -0.3105 -0.2984 -0.2858 -0.2728 -0.2596 -0.2461 -0.2323 -0.2178 -0.2024 -0.1854 -0.1655 -0.1404 -0.1037 -0.0326 0.1079 0.2243 0.2568 0.2457 0.2187 0.1883 0.1584 0.1298 0.1016 0.0719 0.0372 -0.0104 -0.0882 -0.1955 -0.2849 -0.3398 -0.3695 -0.3833 -0.3874 -0.3852 -0.3791 -0.3704 -0.3600 -0.3485 -0.3363 -0.3236 -0.3106 -0.2974 -0.2841 -0.2707 -0.2571 -0.2433 -0.2289
-0.2430 -0.2569 -0.2705 -0.2839 -0.2972 -0.3104 -0.3234 -0.3361 -0.3483 -0.3599 -0.3703 -0.3790 -0.3852 -0.3874 -0.3834 -0.3696 -0.3400 -0.2853 -0.1958 -0.0884 -0.0104 0.0373 0.0720 0.1017 0.1299 0.1586 0.1885 0.2190 0.2459 0.2567 0.2233 0.1055 -0.0341 -0.1044 -0.1408 -0.1659 -0.1857 -0.2027 -0.2181 -0.2325 -0.2464 -0.2599 -0.2731 -0.2862 -0.2990 -0.3116 -0.3235 -0.3344 -0.3434 -0.3496 -0.3519 -0.3496 -0.3434 -0.3344 -0.3235 -0.3116 -0.2990 -0.2862 -0.2731 -0.2599 -0.2464 -0.2325 -0.2181 -0.2027 -0.1857 -0.1659 -0.1408 -0.1044 -0.0341 0.1056 0.2234 0.2567 0.2459 0.2190 0.1885 0.1586 0.1299 0.1017 0.0720 0.0373 -0.0104 -0.0884 -0.1958 -0.2853 -0.3400 -0.3696 -0.3834 -0.3874 -0.3852 -0.3790 -0.3703 -0.3599 -0.3483 -0.3361 -0.3234 -0.3104 -0.2972 -0.2839 -0.2705 -0.2569 -0.2430
-0.2566 -0.2702 -0.2836 -0.2969 -0.3101 -0.3231 -0.3359 -0.3482 -0.3597 -0.3702 -0.3789 -0.3851 -0.3874 -0.3835 -0.3698 -0.3404 -0.2858 -0.1965 -0.0889 -0.0106 0.0372 0.0720 0.1017 0.1300 0.1587 0.1887 0.2192 0.2461 0.2567 0.2226 0.1037 -0.0354 -0.1050 -0.1412 -0.1662 -0.1860 -0.2029 -0.2183 -0.2327 -0.2466 -0.2601 -0.2734 -0.2865 -0.2995 -0.3122 -0.3245 -0.3362 -0.3467 -0.3553 -0.3612 -0.3633 -0.3612 -0.3553 -0.3467 -0.3362 -0.3245 -0.3122 -0.2995 -0.2865 -0.2734 -0.2601 -0.2466 -0.2327 -0.2183 -0.2029 -0.1860 -0.1662 -0.1412 -0.1050 -0.0354 0.1037 0.2226 0.2567 0.2461 0.2192 0.1887 0.1587 0.1300 0.1017 0.0720 0.0372 -0.0106 -0.0889 -0.1965 -0.2858 -0.3404 -0.3698 -0.3835 -0.3874 -0.3851 -0.3789 -0.3702 -0.3597 -0.3482 -0.3359 -0.3231 -0.3101 -0.2969 -0.2836 -0.2702 -0.2566
-0.2700 -0.2834 -0.2967 -0.3099 -0.3229 -0.3357 -0.3480 -0.3595 -0.3700 -0.3788 -0.3850 -0.3874 -0.3836 -0.3701 -0.3409 -0.2865 -0.1974 -0.0896 -0.0110 0.0370 0.0719 0.1017 0.1300 0.1588 0.1888 0.2193 0.2462 0.2566 0.2221 0.1022 -0.0365 -0.1056 -0.1416 -0.1665 -0.1862 -0.2032 -0.2185 -0.2330 -0.2468 -0.2603 -0.2736 -0.2867 -0.2998 -0.3126 -0.3252 -0.3372 -0.3485 -0.3584 -0.3664 -0.3716 -0.3734 -0.3716 -0.3663 -0.3584 -0.3485 -0.3372 -0.3252 -0.3126 -0.2998 -0.2867 -0.2736 -0.2603 -0.2468 -0.2329 -0.2185 -0.2032 -0.1862 -0.1665 -0.1416 -0.1056 -0.0364 0.1022 0.2221 0.2566 0.2462 0.2193 0.1888 0.1588 0.1300 0.1017 0.0719 0.0370 -0.0110 -0.0896 -0.1974 -0.2865 -0.3409 -0.3701 -0.3836 -0.3874 -0.3850 -0.3788 -0.3700 -0.3595 -0.3480 -0.3357 -0.3229 -0.3099 -0.2967 -0.2834 -0.2700
-0.2833 -0.2965 -0.3097 -0.3227 -0.3355 -0.3478 -0.3594 -0.3699 -0.3787 -0.3850 -0.3874 -0.3837 -0.3704 -0.3414 -0.2874 -0.1986 -0.0906 -0.0115 0.0367 0.0717 0.1016 0.1299 0.1587 0.1888 0.2194 0.2463 0.2566 0.2217 0.1012 -0.0372 -0.1060 -0.1419 -0.1668 -0.1865 -0.2034 -0.2187 -0.2332 -0.2470 -0.2605 -0.2738 -0.2870 -0.3000 -0.3129 -0.3256 -0.3378 -0.3494 -0.3600 -0.3691 -0.3759 -0.3802 -0.3816 -0.3802 -0.3759 -0.3691 -0.3600 -0.3494 -0.3378 -0.3255 -0.3129 -0.3000 -0.2869 -0.2738 -0.2605 -0.2470 -0.2332 -0.2187 -0.2034 -0.1864 -0.1668 -0.1419 -0.1060 -0.0372 0.1012 0.2217 0.2566 0.2463 0.2194 0.1888 0.1587 0.1299 0.1016 0.0717 0.0367 -0.0115 -0.0906 -0.1986 -0.2874 -0.3414 -0.3704 -0.3837 -0.3874 -0.3850 -0.3787 -0.3699 -0.3594 -0.3478 -0.3355 -0.3227 -0.3097 -0.2965 -0.2833
-0.2964 -0.3094 -0.3225 -0.3352 -0.3476 -0.3592 -0.3697 -0.3786 -0.3849 -0.3874 -0.3838 -0.3707 -0.3420 -0.2884 -0.2001 -0.0918 -0.0122 0.0364 0.0715 0.1014 0.1298 0.1586 0.1887 0.2193 0.2463 0.2566 0.2215 0.1005 -0.0377 -0.1062 -0.1421 -0.1670 -0.1866 -0.2036 -0.2189 -0.2334 -0.2472 -0.2607 -0.2740 -0.2872 -0.3002 -0.3131 -0.3258 -0.3382 -0.3500 -0.3609 -0.3705 -0.3781 -0.3834 -0.3861 -0.3869 -0.3861 -0.3834 -0.3781 -0.3705 -0.3609 -0.3500 -0.3382 -0.3258 -0.3131 -0.3002 -0.2872 -0.2740 -0.2607 -0.2472 -0.2333 -0.2189 -0.2036 -0.1866 -0.1670 -0.1421 -0.1062 -0.0377 0.1005 0.2215 0.2566 0.2463 0.2193 0.1887 0.1586 0.1298 0.1014 0.0715 0.0364 -0.0122 -0.0918 -0.2001 -0.2884 -0.3420 -0.3707 -0.3838 -0.3874 -0.3849 -0.3786 -0.3697 -0.3592 -0.3476 -0.3352 -0.3225 -0.3094 -0.2964
-0.3095 -0.3222 -0.3350 -0.3473 -0.3590 -0.3695 -0.3784 -0.3848 -0.3874 -0.3839 -0.3710 -0.3426 -0.2895 -0.2016 -0.0933 -0.0130 0.0359 0.0711 0.1011 0.1295 0.1584 0.1885 0.2192 0.2462 0.2566 0.2215 0.1003 -0.0380 -0.1064 -0.1423 -0.1671 -0.1868 -0.2037 -0.2191 -0.2335 -0.2474 -0.2609 -0.2742 -0.2874 -0.3004 -0.3133 -0.3261 -0.3385 -0.3504 -0.3614 -0.3712 -0.3792 -0.3847 -0.3875 -0.3879 -0.3878 -0.3879 -0.3875 -0.3847 -0.3792 -0.3712 -0.3614 -0.3504 -0.3385 -0.3261 -0.3133 -0.3004 -0.2873 -0.2742 -0.2609 -0.2474 -0.2335 -0.2191 -0.2037 -0.1868 -0.1671 -0.1423 -0.1064 -0.0380 0.1003 0.2215 0.2566 0.2462 0.2192 0.1885 0.1584 0.1295 0.1011 0.0711 0.0359 -0.0130 -0.0933 -0.2016 -0.2895 -0.3426 -0.3710 -0.3839 -0.3874 -0.3848 -0.3784 -0.3695 -0.3590 -0.3473 -0.3350 -0.3222 -0.3095
-0.3225 -0.3348 -0.3471 -0.3588 -0.3694 -0.3783 -0.3847 -0.3874 -0.3840 -0.3713 -0.3432 -0.2905 -0.2032 -0.0948 -0.0139 0.0353 0.0707 0.1007 0.1292 0.1581 0.1883 0.2190 0.2461 0.2566 0.2217 0.1005 -0.0380 -0.1065 -0.1424 -0.1672 -0.1869 -0.2038 -0.2192 -0.2336 -0.2475 -0.2610 -0.2744 -0.2875 -0.3006 -0.3135 -0.3263 -0.3387 -0.3506 -0.3618 -0.3717 -0.3798 -0.3853 -0.3876 -0.3864 -0.3833 -0.3815 -0.3833 -0.3864 -0.3876 -0.3853 -0.3798 -0.3717 -0.3618 -0.3506 -0.3387 -0.3263 -0.3135 -0.3006 -0.2875 -0.2743 -0.2610 -0.2475 -0.2336 -0.2192 -0.2038 -0.1869 -0.1672 -0.1424 -0.1065 -0.0380 0.1005 0.2217 0.2566 0.2461 0.2190 0.1883 0.1581 0.1292 0.1007 0.0707 0.0353 -0.0139 -0.0948 -0.2032 -0.2905 -0.3432 -0.3713 -0.3840 -0.3874 -0.3847 -0.3783 -0.3694 -0.3588 -0.3471 -0.3348 -0.3225
-0.3352 -0.3469 -0.3586 -0.3692 -0.3782 -0.3847 -0.3874 -0.3842 -0.3716 -0.3438 -0.2916 -0.2048 -0.0963 -0.0148 0.0347 0.0702 0.1003 0.1288 0.1577 0.1879 0.2187 0.2459 0.2567 0.2221 0.1012 -0.0377 -0.1064 -0.1424 -0.1672 -0.1869 -0.2039 -0.2193 -0.2337 -0.2476 -0.2612 -0.2745 -0.2877 -0.3008 -0.3137 -0.3265 -0.3389 -0.3508 -0.3620 -0.3719 -0.3801 -0.3856 -0.3875 -0.3847 -0.3773 -0.3682 -0.3639 -0.3682 -0.3773 -0.3847 -0.3875 -0.3856 -0.3801 -0.3719 -0.3620 -0.3508 -0.3389 -0.3265 -0.3137 -0.3008 -0.2877 -0.2745 -0.2611 -0.2476 -0.2337 -0.2193 -0.2039 -0.1869 -0.1672 -0.1424 -0.1064 -0.0377 0.1012 0.2221 0.2567 0.2459 0.2187 0.1879 0.1577 0.1288 0.1003 0.0702 0.0347 -0.0148 -0.0963 -0.2048 -0.2916 -0.3438 -0.3716 -0.3842 -0.3874 -0.3847 -0.3782 -0.3692 -0.3586 -0.3469 -0.3352
-0.3476 -0.3584 -0.3690 -0.3780 -0.3846 -0.3874 -0.3843 -0.3719 -0.3444 -0.2926 -0.2064 -0.0979 -0.0158 0.0341 0.0697 0.0999 0.1284 0.1573 0.1875 0.2184 0.2457 0.2567 0.2226 0.1022 -0.0372 -0.1062 -0.1423 -0.1672 -0.1869 -0.2039 -0.2193 -0.2338 -0.2477 -0.2612 -0.2746 -0.2878 -0.3009 -0.3138 -0.3266 -0.3391 -0.3510 -0.3622 -0.3721 -0.3803 -0.3858 -0.3874 -0.3834 -0.3725 -0.3550 -0.3363 -0.3278 -0.3363 -0.3550 -0.3725 -0.3834 -0.3874 -0.3858 -0.3803 -0.3721 -0.3622 -0.3510 -0.3391 -0.3266 -0.3138 -0.3009 -0.2878 -0.2746 -0.2612 -0.2477 -0.2338 -0.2193 -0.2039 -0.1869 -0.1672 -0.1423 -0.1062 -0.0372 0.1022 0.2226 0.2567 0.2457 0.2184 0.1875 0.1573 0.1284 0.0999 0.0697 0.0341 -0.0158 -0.0979 -0.2064 -0.2926 -0.3444 -0.3719 -0.3843 -0.3874 -0.3846 -0.3780 -0.3690 -0.3584 -0.3476
-0.3593 -0.3688 -0.3779 -0.3845 -0.3874 -0.3844 -0.3722 -0.3451 -0.2938 -0.2081 -0.0995 -0.0167 0.0334 0.0692 0.0994 0.1280 0.1569 0.1871 0.2180 0.2454 0.2568 0.2234 0.1037 -0.0364 -0.1060 -0.1421 -0.1671 -0.1869 -0.2039 -0.2193 -0.2338 -0.2477 -0.2613 -0.2746 -0.2879 -0.3010 -0.3140 -0.3267 -0.3392 -0.3512 -0.3623 -0.3723 -0.3804 -0.3859 -0.3873 -0.3827 -0.3695 -0.3454 -0.3114 -0.2775 -0.2626 -0.2775 -0.3114 -0.3454 -0.3695 -0.3827 -0.3873 -0.3859 -0.3804 -0.3723 -0.3623 -0.3512 -0.3392 -0.3267 -0.3140 -0.3010 -0.2879 -0.2746 -0.2613 -0.2477 -0.2338 -0.2193 -0.2039 -0.1869 -0.1671 -0.1421 -0.1060 -0.0364 0.1037 0.2234 0.2568 0.2454 0.2180 0.1871 0.1569 0.1280 0.0994 0.0692 0.0334 -0.0167 -0.0995 -0.2081 -0.2938 -0.3451 -0.3722 -0.3844 -0.3874 -0.3845 -0.3779 -0.3688 -0.3593
-0.3702 -0.3777 -0.3844 -0.3873 -0.3845 -0.3725 -0.3457 -0.2949 -0.2098 -0.1012 -0.0177 0.0328 0.0688 0.0990 0.1276 0.1564 0.1866 0.2175 0.2451 0.2568 0.2243 0.1056 -0.0354 -0.1056 -0.1419 -0.1670 -0.1868 -0.2038 -0.2193 -0.2338 -0.2477 -0.2613 -0.2747 -0.2879 -0.3010 -0.3140 -0.3268 -0.3393 -0.3513 -0.3624 -0.3724 -0.3806 -0.3860 -0.3872 -0.3822 -0.3677 -0.3395 -0.2941 -0.2356 -0.1832 -0.1623 -0.1832 -0.2356 -0.2942 -0.3395 -0.3677 -0.3822 -0.3872 -0.3860 -0.3806 -0.3724 -0.3624 -0.3513 -0.3393 -0.3268 -0.3140 -0.3010 -0.2879 -0.2747 -0.2613 -0.2477 -0.2338 -0.2193 -0.2038 -0.1868 -0.1670 -0.1419 -0.1056 -0.0354 0.1056 0.2243 0.2568 0.2451 0.2175 0.1866 0.1564 0.1276 0.0990 0.0688 0.0328 -0.0177 -0.1012 -0.2098 -0.2949 -0.3457 -0.3725 -0.3845 -0.3873 -0.3844 -0.3777 -0.3702
-0.3795 -0.3843 -0.3873 -0.3846 -0.3729 -0.3464 -0.2961 -0.2116 -0.1029 -0.0188 0.0322 0.0683 0.0986 0.1271 0.1560 0.1861 0.2170 0.2447 0.2569 0.2253 0.1079 -0.0341 -0.1050 -0.1416 -0.1668 -0.1866 -0.2037 -0.2192 -0.2337 -0.2477 -0.2613 -0.2747 -0.2879 -0.3011 -0.3141 -0.3269 -0.3394 -0.3514 -0.3625 -0.3725 -0.3806 -0.3860 -0.3872 -0.3819 -0.3666 -0.3360 -0.2838 -0.2085 -0.1288 -0.0761 -0.0591 -0.0761 -0.1289 -0.2085 -0.2838 -0.3360 -0.3666 -0.3819 -0.3872 -0.3860 -0.3806 -0.3725 -0.3625 -0.3514 -0.3394 -0.3269 -0.3141 -0.3011 -0.2879 -0.2747 -0.2613 -0.2477 -0.2337 -0.2192 -0.2037 -0.1866 -0.1668 -0.1416 -0.1050 -0.0341 0.1079 0.2253 0.2569 0.2447 0.2170 0.1861 0.1560 0.1271 0.0986 0.0683 0.0322 -0.0188 -0.1029 -0.2116 -0.2961 -0.3464 -0.3729 -0.3846 -0.3873 -0.3843 -0.3795
-0.3867 -0.3873 -0.3848 -0.3732 -0.3470 -0.2973 -0.2134 -0.1048 -0.0199 0.0315 0.0677 0.0981 0.1267 0.1556 0.1857 0.2166 0.2444 0.2569 0.2263 0.1103 -0.0326 -0.1044 -0.1412 -0.1665 -0.1864 -0.2036 -0.2191 -0.2336 -0.2476 -0.2612 -0.2746 -0.2879 -0.3011 -0.3141 -0.3269 -0.3394 -0.3514 -0.3626 -0.3726 -0.3807 -0.3860 -0.3871 -0.3817 -0.3659 -0.3340 -0.2778 -0.1930 -0.0998 -0.0354 -0.0026 0.0075 -0.0026 -0.0354 -0.0999 -0.1931 -0.2778 -0.3340 -0.3659 -0.3817 -0.3871 -0.3860 -0.3807 -0.3726 -0.3626 -0.3514 -0.3394 -0.3269 -0.3141 -0.3011 -0.2879 -0.2746 -0.2612 -0.2476 -0.2336 -0.2191 -0.2036 -0.1864 -0.1665 -0.1412 -0.1044 -0.0326 0.1103 0.2263 0.2569 0.2444 0.2166 0.1857 0.1556 0.1267 0.0981 0.0677 0.0315 -0.0199 -0.1048 -0.2134 -0.2973 -0.3470 -0.3732 -0.3848 -0.3873 -0.3867
-0.3904 -0.3849 -0.3735 -0.3476 -0.2984 -0.2152 -0.1066 -0.0211 0.0308 0.0672 0.0976 0.1262 0.1551 0.1852 0.2161 0.2440 0.2570 0.2273 0.1127 -0.0310 -0.1037 -0.1408 -0.1662 -0.1862 -0.2034 -0.2189 -0.2335 -0.2475 -0.2611 -0.2746 -0.2879 -0.3010 -0.3141 -0.3269 -0.3394 -0.3514 -0.3626 -0.3726 -0.3807 -0.3861 -0.3871 -0.3815 -0.3655 -0.3327 -0.2743 -0.1844 -0.0853 -0.0170 0.0217 0.0428 0.0499 0.0428 0.0217 -0.0171 -0.0853 -0.1845 -0.2744 -0.3327 -0.3655 -0.3815 -0.3871 -0.3861 -0.3807 -0.3726 -0.3626 -0.3514 -0.3394 -0.3269 -0.3141 -0.3010 -0.2879 -0.2746 -0.2611 -0.2475 -0.2335 -0.2189 -0.2034 -0.1862 -0.1662 -0.1408 -0.1037 -0.0310 0.1127 0.2273 0.2570 0.2440 0.2161 0.1852 0.1551 0.1262 0.0976 0.0672 0.0308 -0.0211 -0.1066 -0.2152 -0.2984 -0.3476 -0.3735 -0.3849 -0.3904
-0.3888 -0.3738 -0.3483 -0.2995 -0.2170 -0.1085 -0.0222 0.0300 0.0666 0.0971 0.1258 0.1546 0.1847 0.2157 0.2436 0.2570 0.2283 0.1151 -0.0294 -0.1029 -0.1404 -0.1659 -0.1860 -0.2032 -0.2187 -0.2333 -0.2474 -0.2610 -0.2745 -0.2878 -0.3010 -0.3140 -0.3269 -0.3394 -0.3514 -0.3627 -0.3727 -0.3808 -0.3861 -0.3871 -0.3814 -0.3652 -0.3319 -0.2723 -0.1796 -0.0777 -0.0082 0.0332 0.0602 0.0767 0.0825 0.0767 0.0602 0.0332 -0.0083 -0.0778 -0.1797 -0.2723 -0.3319 -0.3652 -0.3814 -0.3871 -0.3861 -0.3808 -0.3727 -0.3627 -0.3514 -0.3394 -0.3269 -0.3140 -0.3010 -0.2878 -0.2745 -0.2610 -0.2474 -0.2333 -0.2187 -0.2032 -0.1860 -0.1659 -0.1404 -0.1029 -0.0294 0.1151 0.2283 0.2570 0.2436 0.2157 0.1847 0.1546 0.1258 0.0971 0.0666 0.0300 -0.0222 -0.1085 -0.2170 -0.2995 -0.3483 -0.3738 -0.3888
-0.3788 -0.3489 -0.3007 -0.2188 -0.1103 -0.0234 0.0293 0.0660 0.0966 0.1253 0.1541 0.1842 0.2152 0.2433 0.2570 0.2292 0.1176 -0.0278 -0.1022 -0.1399 -0.1655 -0.1857 -0.2029 -0.2185 -0.2332 -0.2472 -0.2609 -0.2743 -0.2877 -0.3009 -0.3140 -0.3268 -0.3394 -0.3514 -0.3626 -0.3727 -0.3808 -0.3861 -0.3871 -0.3814 -0.3650 -0.3314 -0.2710 -0.1768 -0.0737 -0.0038 0.0390 0.0690 0.0914 0.1063 0.1117 0.1062 0.0913 0.0690 0.0389 -0.0038 -0.0737 -0.1769 -0.2710 -0.3314 -0.3650 -0.3814 -0.3871 -0.3861 -0.3808 -0.3727 -0.3626 -0.3514 -0.3394 -0.3268 -0.3140 -0.3009 -0.2877 -0.2743 -0.2609 -0.2472 -0.2332 -0.2185 -0.2029 -0.1857 -0.1655 -0.1399 -0.1022 -0.0278 0.1176 0.2292 0.2570 0.2433 0.2152 0.1842 0.1541 0.1253 0.0966 0.0660 0.0293 -0.0234 -0.1103 -0.2188 -0.3007 -0.3489 -0.3788
-0.3550 -0.3018 -0.2205 -0.1122 -0.0246 0.0285 0.0655 0.0961 0.1248 0.1536 0.1837 0.2147 0.2429 0.2570 0.2302 0.1200 -0.0262 -0.1015 -0.1395 -0.1652 -0.1854 -0.2027 -0.2183 -0.2329 -0.2470 -0.2607 -0.2742 -0.2875 -0.3008 -0.3138 -0.3267 -0.3393 -0.3514 -0.3626 -0.3726 -0.3808 -0.3861 -0.3871 -0.3813 -0.3649 -0.3311 -0.2702 -0.1752 -0.0715 -0.0014 0.0419 0.0736 0.0992 0.1201 0.1347 0.1402 0.1347 0.1200 0.0992 0.0736 0.0419 -0.0014 -0.0715 -0.1752 -0.2703 -0.3311 -0.3649 -0.3813 -0.3871 -0.3861 -0.3808 -0.3726 -0.3626 -0.3514 -0.3393 -0.3267 -0.3138 -0.3008 -0.2875 -0.2742 -0.2607 -0.2470 -0.2329 -0.2183 -0.2027 -0.1854 -0.1652 -0.1395 -0.1015 -0.0262 0.1200 0.2302 0.2570 0.2429 0.2147 0.1837 0.1536 0.1248 0.0961 0.0655 0.0285 -0.0246 -0.1122 -0.2205 -0.3018 -0.3550
-0.3091 -0.2223 -0.1141 -0.0258 0.0278 0.0649 0.0956 0.1243 0.1531 0.1832 0.2141 0.2425 0.2570 0.2311 0.1224 -0.0245 -0.1007 -0.1390 -0.1649 -0.1851 -0.2024 -0.2181 -0.2327 -0.2468 -0.2605 -0.2740 -0.2873 -0.3006 -0.3137 -0.3266 -0.3392 -0.3513 -0.3625 -0.3726 -0.3807 -0.3861 -0.3871 -0.3813 -0.3648 -0.3310 -0.2698 -0.1743 -0.0702 -0.0002 0.0435 0.0759 0.1033 0.1277 0.1486 0.1638 0.1695 0.1638 0.1486 0.1276 0.1033 0.0759 0.0435 -0.0002 -0.0703 -0.1743 -0.2698 -0.3310 -0.3648 -0.3813 -0.3871 -0.3861 -0.3807 -0.3726 -0.3625 -0.3513 -0.3392 -0.3266 -0.3137 -0.3006 -0.2873 -0.2740 -0.2605 -0.2468 -0.2327 -0.2181 -0.2024 -0.1851 -0.1649 -0.1390 -0.1007 -0.0245 0.1224 0.2311 0.2570 0.2425 0.2141 0.1832 0.1531 0.1243 0.0956 0.0649 0.0278 -0.0258 -0.1141 -0.2223 -0.3091
-0.2300 -0.1160 -0.0270 0.0270 0.0643 0.0951 0.1238 0.1526 0.1826 0.2136 0.2421 0.2570 0.2321 0.1250 -0.0228 -0.1000 -0.1385 -0.1645 -0.1848 -0.2022 -0.2178 -0.2325 -0.2466 -0.2603 -0.2738 -0.2872 -0.3004 -0.3135 -0.3265 -0.3391 -0.3512 -0.3624 -0.3725 -0.3807 -0.3861 -0.3871 -0.3814 -0.3649 -0.3310 -0.2696 -0.1738 -0.0696 0.0005 0.0443 0.0771 0.1054 0.1317 0.1564 0.1783 0.1941 0.2000 0.1941 0.1783 0.1564 0.1317 0.1054 0.0771 0.0443 0.0005 -0.0696 -0.1738 -0.2697 -0.3310 -0.3649 -0.3814 -0.3871 -0.3861 -0.3807 -0.3725 -0.3624 -0.3512 -0.3391 -0.3265 -0.3135 -0.3004 -0.2872 -0.2738 -0.2603 -0.2466 -0.2325 -0.2178 -0.2022 -0.1848 -0.1645 -0.1385 -0.1000 -0.0228 0.1250 0.2321 0.2570 0.2421 0.2136 0.1826 0.1526 0.1238 0.0951 0.0643 0.0270 -0.0270 -0.1160 -0.2300
-0.1213 -0.0283 0.0262 0.0637 0.0945 0.1232 0.1520 0.1821 0.2130 0.2416 0.2570 0.2331 0.1277 -0.0209 -0.0992 -0.1381 -0.1642 -0.1845 -0.2019 -0.2176 -0.2323 -0.2464 -0.2601 -0.2736 -0.2869 -0.3002 -0.3133 -0.3263 -0.3389 -0.3510 -0.3623 -0.3724 -0.3806 -0.3860 -0.3871 -0.3814 -0.3650 -0.3311 -0.2698 -0.1738 -0.0694 0.0008 0.0447 0.0777 0.1065 0.1337 0.1606 0.1864 0.2091 0.2246 0.2301 0.2246 0.2090 0.1864 0.1605 0.1337 0.1065 0.0777 0.0447 0.0008 -0.0694 -0.1738 -0.2698 -0.3311 -0.3650 -0.3814 -0.3871 -0.3860 -0.3806 -0.3724 -0.3623 -0.3510 -0.3389 -0.3263 -0.3133 -0.3002 -0.2869 -0.2736 -0.2601 -0.2464 -0.2323 -0.2176 -0.2019 -0.1845 -0.1642 -0.1381 -0.0992 -0.0209 0.1277 0.2331 0.2570 0.2416 0.2130 0.1821 0.1520 0.1232 0.0945 0.0637 0.0262 -0.0283 -0.1213
-0.0294 0.0254 0.0631 0.0940 0.1227 0.1515 0.1815 0.2124 0.2411 0.2569 0.2342 0.1306 -0.0188 -0.0983 -0.1375 -0.1638 -0.1842 -0.2017 -0.2174 -0.2321 -0.2461 -0.2599 -0.2734 -0.2867 -0.3000 -0.3131 -0.3261 -0.3387 -0.3508 -0.3622 -0.3723 -0.3806 -0.3860 -0.3871 -0.3815 -0.3652 -0.3314 -0.2703 -0.1743 -0.0696 0.0008 0.0448 0.0780 0.1070 0.1348 0.1626 0.1907 0.2171 0.2381 0.2497 0.2529 0.2497 0.2381 0.2171 0.1907 0.1626 0.1348 0.1070 0.0780 0.0448 0.0008 -0.0696 -0.1743 -0.2703 -0.3314 -0.3652 -0.3815 -0.3871 -0.3860 -0.3806 -0.3723 -0.3622 -0.3508 -0.3387 -0.3261 -0.3131 -0.3000 -0.2867 -0.2734 -0.2599 -0.2461 -0.2321 -0.2174 -0.2017 -0.1842 -0.1638 -0.1375 -0.0983 -0.0188 0.1306 0.2342 0.2569 0.2411 0.2124 0.1815 0.1515 0.1227 0.0940 0.0631 0.0254 -0.0294
0.0264 0.0623 0.0934 0.1221 0.1509 0.1808 0.2118 0.2406 0.2569 0.2353 0.1339 -0.0164 -0.0972 -0.1369 -0.1633 -0.1839 -0.2013 -0.2171 -0.2318 -0.2459 -0.2596 -0.2731 -0.2865 -0.2998 -0.3129 -0.3258 -0.3385 -0.3506 -0.3620 -0.3721 -0.3804 -0.3860 -0.3872 -0.3817 -0.3655 -0.3319 -0.2710 -0.1752 -0.0703 0.0005 0.0447 0.0780 0.1071 0.1352 0.1636 0.1928 0.2212 0.2445 0.2560 0.2541 0.2502 0.2541 0.2560 0.2445 0.2212 0.1928 0.1636 0.1352 0.1071 0.0780 0.0447 0.0005 -0.0703 -0.1752 -0.2710 -0.3319 -0.3655 -0.3817 -0.3872 -0.3860 -0.3804 -0.3721 -0.3620 -0.3506 -0.3385 -0.3258 -0.3129 -0.2998 -0.2865 -0.2731 -0.2596 -0.2459 -0.2318 -0.2171 -0.2013 -0.1839 -0.1633 -0.1369 -0.0972 -0.0164 0.1339 0.2353 0.2569 0.2406 0.2118 0.1808 0.1509 0.1221 0.0934 0.0623 0.0264
0.0642 0.0926 0.1213 0.1501 0.1800 0.2110 0.2399 0.2568 0.2367 0.1379 -0.0134 -0.0959 -0.1361 -0.1628 -0.1834 -0.2010 -0.2167 -0.2315 -0.2456 -0.2593 -0.2728 -0.2862 -0.2995 -0.3126 -0.3255 -0.3382 -0.3504 -0.3618 -0.3719 -0.3803 -0.3859 -0.3872 -0.3819 -0.3659 -0.3327 -0.2723 -0.1769 -0.0715 -0.0002 0.0443 0.0777 0.1070 0.1352 0.1639 0.1936 0.2231 0.2474 0.2567 0.2405 0.2058 0.1866 0.2058 0.2405 0.2567 0.2474 0.2231 0.1936 0.1639 0.1352 0.1070 0.0777 0.0443 -0.0002 -0.0715 -0.1769 -0.2723 -0.3327 -0.3659 -0.3819 -0.3872 -0.3859 -0.3803 -0.3719 -0.3618 -0.3504 -0.3382 -0.3255 -0.3126 -0.2995 -0.2862 -0.2728 -0.2593 -0.2456 -0.2315 -0.2167 -0.2010 -0.1834 -0.1628 -0.1361 -0.0959 -0.0134 0.1379 0.2367 0.2568 0.2399 0.2110 0.1800 0.1501 0.1213 0.0926 0.0642
0.0948 0.1203 0.1491 0.1789 0.2099 0.2390 0.2566 0.2384 0.1431 -0.0093 -0.0940 -0.1350 -0.1620 -0.1828 -0.2004 -0.2162 -0.2310 -0.2451 -0.2589 -0.2724 -0.2858 -0.2990 -0.3122 -0.3252 -0.3378 -0.3500 -0.3614 -0.3717 -0.3801 -0.3858 -0.3873 -0.3822 -0.3666 -0.3340 -0.2744 -0.1797 -0.0737 -0.0014 0.0435 0.0771 0.1065 0.1347 0.1636 0.1936 0.2236 0.2485 0.2561 0.2273 0.1538 0.0737 0.0436 0.0738 0.1538 0.2273 0.2561 0.2485 0.2236 0.1936 0.1636 0.1348 0.1065 0.0771 0.0435 -0.0014 -0.0737 -0.1797 -0.2744 -0.3340 -0.3666 -0.3822 -0.3873 -0.3858 -0.3801 -0.3717 -0.3614 -0.3500 -0.3378 -0.3252 -0.3122 -0.2990 -0.2858 -0.2724 -0.2589 -0.2451 -0.2310 -0.2162 -0.2004 -0.1828 -0.1620 -0.1350 -0.0940 -0.0093 0.1431 0.2384 0.2566 0.2390 0.2099 0.1789 0.1491 0.1203 0.0948
0.1225 0.1475 0.1773 0.2082 0.2376 0.2562 0.2408 0.1507 -0.0027 -0.0912 -0.1333 -0.1608 -0.1818 -0.1995 -0.2154 -0.2303 -0.2444 -0.2582 -0.2717 -0.2851 -0.2984 -0.3116 -0.3245 -0.3372 -0.3494 -0.3609 -0.3712 -0.3798 -0.3856 -0.3874 -0.3827 -0.3677 -0.3360 -0.2778 -0.1845 -0.0778 -0.0038 0.0419 0.0759 0.1054 0.1337 0.1626 0.1928 0.2231 0.2485 0.2559 0.2203 0.1208 0.0071 -0.0500 -0.0654 -0.0500 0.0070 0.1208 0.2203 0.2559 0.2485 0.2231 0.1928 0.1626 0.1337 0.1054 0.0759 0.0419 -0.0038 -0.0778 -0.1845 -0.2778 -0.3360 -0.3677 -0.3827 -0.3874 -0.3856 -0.3798 -0.3712 -0.3609 -0.3494 -0.3372 -0.3245 -0.3116 -0.2984 -0.2851 -0.2717 -0.2582 -0.2444 -0.2303 -0.2154 -0.1995 -0.1818 -0.1608 -0.1333 -0.0912 -0.0027 0.1507 0.2408 0.2562 0.2376 0.2082 0.1773 0.1475 0.1225
0.1492 0.1745 0.2054 0.2352 0.2554 0.2444 0.1624 0.0088 -0.0859 -0.1304 -0.1587 -0.1801 -0.1981 -0.2141 -0.2290 -0.2432 -0.2570 -0.2706 -0.2840 -0.2973 -0.3105 -0.3235 -0.3362 -0.3485 -0.3600 -0.3705 -0.3792 -0.3853 -0.3875 -0.3834 -0.3695 -0.3395 -0.2838 -0.1931 -0.0853 -0.0083 0.0389 0.0736 0.1033 0.1317 0.1605 0.1907 0.2212 0.2474 0.2561 0.2204 0.1101 -0.0171 -0.0814 -0.1083 -0.1162 -0.1083 -0.0814 -0.0171 0.1101 0.2203 0.2561 0.2474 0.2212 0.1907 0.1605 0.1317 0.1033 0.0736 0.0389 -0.0083 -0.0853 -0.1931 -0.2838 -0.3395 -0.3695 -0.3834 -0.3875 -0.3853 -0.3792 -0.3705 -0.3600 -0.3485 -0.3362 -0.3235 -0.3105 -0.2973 -0.2840 -0.2706 -0.2570 -0.2432 -0.2290 -0.2141 -0.1981 -0.1801 -0.1587 -0.1304 -0.0859 0.0088 0.1624 0.2444 0.2554 0.2352 0.2054 0.1745 0.1492
0.1746 0.2004 0.2308 0.2535 0.2495 0.1811 0.0310 -0.0754 -0.1248 -0.1548 -0.1770 -0.1954 -0.2117 -0.2268 -0.2411 -0.2549 -0.2685 -0.2820 -0.2953 -0.3085 -0.3216 -0.3343 -0.3467 -0.3584 -0.3691 -0.3781 -0.3847 -0.3876 -0.3847 -0.3725 -0.3454 -0.2942 -0.2085 -0.0999 -0.0171 0.0332 0.0690 0.0992 0.1276 0.1564 0.1864 0.2171 0.2445 0.2567 0.2273 0.1208 -0.0170 -0.0890 -0.1223 -0.1394 -0.1448 -0.1394 -0.1224 -0.0891 -0.0171 0.1208 0.2273 0.2567 0.2445 0.2171 0.1864 0.1564 0.1276 0.0992 0.0690 0.0332 -0.0171 -0.0999 -0.2085 -0.2942 -0.3454 -0.3725 -0.3847 -0.3876 -0.3847 -0.3781 -0.3691 -0.3584 -0.3467 -0.3343 -0.3216 -0.3085 -0.2953 -0.2820 -0.2685 -0.2549 -0.2411 -0.2268 -0.2117 -0.1954 -0.1770 -0.1548 -0.1248 -0.0754 0.0310 0.1811 0.2495 0.2535 0.2308 0.2004 0.1746
0.1969 0.2223 0.2485 0.2550 0.2093 0.0755 -0.0532 -0.1137 -0.1473 -0.1712 -0.1905 -0.2073 -0.2226 -0.2371 -0.2511 -0.2647 -0.2782 -0.2916 -0.3049 -0.3180 -0.3309 -0.3434 -0.3553 -0.3663 -0.3759 -0.3834 -0.3875 -0.3864 -0.3773 -0.3550 -0.3114 -0.2356 -0.1289 -0.0354 0.0217 0.0602 0.0913 0.1200 0.1486 0.1783 0.2090 0.2381 0.2560 0.2405 0.1538 0.0071 -0.0814 -0.1223 -0.1457 -0.1587 -0.1631 -0.1587 -0.1457 -0.1224 -0.0814 0.0070 0.1538 0.2405 0.2560 0.2381 0.2090 0.1783 0.1486 0.1200 0.0913 0.0602 0.0217 -0.0354 -0.1289 -0.2356 -0.3114 -0.3550 -0.3773 -0.3864 -0.3875 -0.3834 -0.3759 -0.3663 -0.3553 -0.3434 -0.3309 -0.3180 -0.3049 -0.2916 -0.2782 -0.2647 -0.2511 -0.2371 -0.2226 -0.2073 -0.1905 -0.1712 -0.1473 -0.1137 -0.0532 0.0755 0.2093 0.2550 0.2485 0.2223 0.1969
0.2128 0.2365 0.2557 0.2413 0.1525 0.0002 -0.0892 -0.1323 -0.1601 -0.1813 -0.1991 -0.2151 -0.2300 -0.2442 -0.2580 -0.2716 -0.2850 -0.2983 -0.3115 -0.3246 -0.3373 -0.3496 -0.3612 -0.3716 -0.3802 -0.3861 -0.3879 -0.3833 -0.3683 -0.3363 -0.2775 -0.1832 -0.0761 -0.0026 0.0428 0.0767 0.1062 0.1347 0.1638 0.1941 0.2246 0.2497 0.2541 0.2058 0.0738 -0.0499 -0.1082 -0.1394 -0.1587 -0.1701 -0.1739 -0.1701 -0.1587 -0.1394 -0.1083 -0.0500 0.0738 0.2058 0.2541 0.2497 0.2246 0.1941 0.1638 0.1347 0.1062 0.0767 0.0428 -0.0026 -0.0761 -0.1832 -0.2775 -0.3363 -0.3683 -0.3833 -0.3879 -0.3861 -0.3802 -0.3716 -0.3612 -0.3496 -0.3373 -0.3246 -0.3115 -0.2983 -0.2850 -0.2716 -0.2580 -0.2442 -0.2300 -0.2151 -0.1991 -0.1813 -0.1601 -0.1323 -0.0892 0.0002 0.1525 0.2413 0.2557 0.2365 0.2128
0.2185 0.2412 0.2565 0.2317 0.1249 -0.0223 -0.0990 -0.1381 -0.1643 -0.1848 -0.2022 -0.2179 -0.2326 -0.2468 -0.2605 -0.2741 -0.2875 -0.3008 -0.3140 -0.3270 -0.3397 -0.3519 -0.3633 -0.3734 -0.3816 -0.3869 -0.3878 -0.3815 -0.3639 -0.3278 -0.2626 -0.1623 -0.0591 0.0075 0.0499 0.0825 0.1117 0.1402 0.1695 0.2000 0.2301 0.2529 0.2502 0.1866 0.0436 -0.0654 -0.1162 -0.1448 -0.1631 -0.1739 -0.1776 -0.1739 -0.1631 -0.1448 -0.1162 -0.0654 0.0436 0.1866 0.2502 0.2529 0.2301 0.2000 0.1695 0.1402 0.1117 0.0825 0.0499 0.0075 -0.0591 -0.1623 -0.2626 -0.3278 -0.3639 -0.3815 -0.3878 -0.3869 -0.3816 -0.3734 -0.3633 -0.3519 -0.3397 -0.3270 -0.3140 -0.3008 -0.2875 -0.2741 -0.2605 -0.2468 -0.2327 -0.2179 -0.2022 -0.1848 -0.1643 -0.1381 -0.0990 -0.0223 0.1249 0.2317 0.2565 0.2412 0.2185
