0.2094 0.2270 0.2470 0.2697 0.2954 0.3241 0.3557 0.3898 0.4250 0.4587 0.4863 0.5023 0.5072 0.5044 0.4957 0.4815 0.4619 0.4366 0.4049 0.3664 0.3211 0.2701 0.2188 0.1795 0.1593 0.1487 0.1420 0.1377 0.1351 0.1338 0.1338 0.1349 0.1373 0.1408 0.1457 0.1518 0.1595 0.1687 0.1797 0.1925 0.2074 0.2245 0.2441 0.2663 0.2911 0.3183 0.3469 0.3754 0.4005 0.4183 0.4248 0.4183 0.4005 0.3754 0.3469 0.3183 0.2911 0.2663 0.2441 0.2245 0.2074 0.1925 0.1796 0.1687 0.1595 0.1518 0.1456 0.1408 0.1373 0.1349 0.1337 0.1338 0.1351 0.1377 0.1420 0.1487 0.1593 0.1795 0.2188 0.2702 0.3211 0.3665 0.4049 0.4366 0.4619 0.4815 0.4957 0.5044 0.5072 0.5023 0.4863 0.4587 0.4250 0.3898 0.3557 0.3241 0.2954 0.2697 0.2470 0.2270 0.2094
0.2270 0.2473 0.2701 0.2956 0.3242 0.3555 0.3891 0.4237 0.4566 0.4831 0.4983 0.5029 0.4999 0.4912 0.4771 0.4577 0.4325 0.4011 0.3631 0.3182 0.2679 0.2172 0.1785 0.1588 0.1484 0.1419 0.1377 0.1351 0.1339 0.1339 0.1351 0.1375 0.1411 0.1460 0.1522 0.1599 0.1692 0.1802 0.1930 0.2080 0.2251 0.2448 0.2670 0.2920 0.3196 0.3493 0.3800 0.4094 0.4344 0.4510 0.4568 0.4510 0.4344 0.4095 0.3800 0.3493 0.3196 0.2920 0.2670 0.2448 0.2251 0.2079 0.1930 0.1802 0.1692 0.1599 0.1522 0.1460 0.1411 0.1375 0.1351 0.1339 0.1339 0.1351 0.1377 0.1419 0.1484 0.1588 0.1786 0.2172 0.2679 0.3182 0.3631 0.4011 0.4325 0.4577 0.4771 0.4912 0.4999 0.5029 0.4983 0.4831 0.4566 0.4237 0.3891 0.3555 0.3242 0.2956 0.2701 0.2473 0.2270
0.2470 0.2701 0.2958 0.3245 0.3559 0.3896 0.4242 0.4570 0.4835 0.4985 0.5029 0.4998 0.4910 0.4768 0.4573 0.4320 0.4005 0.3623 0.3174 0.2669 0.2163 0.1780 0.1586 0.1483 0.1418 0.1376 0.1351 0.1339 0.1339 0.1352 0.1376 0.1412 0.1461 0.1524 0.1601 0.1694 0.1804 0.1933 0.2082 0.2255 0.2452 0.2675 0.2927 0.3206 0.3511 0.3831 0.4151 0.4442 0.4666 0.4797 0.4839 0.4797 0.4666 0.4442 0.4152 0.3832 0.3511 0.3206 0.2927 0.2675 0.2452 0.2255 0.2082 0.1933 0.1804 0.1694 0.1601 0.1524 0.1461 0.1412 0.1376 0.1352 0.1339 0.1339 0.1351 0.1376 0.1418 0.1483 0.1586 0.1781 0.2164 0.2670 0.3174 0.3623 0.4005 0.4320 0.4573 0.4768 0.4910 0.4998 0.5029 0.4985 0.4834 0.4570 0.4242 0.3896 0.3559 0.3245 0.2958 0.2701 0.2470
0.2697 0.2956 0.3245 0.3561 0.3898 0.4245 0.4574 0.4837 0.4986 0.5029 0.4998 0.4908 0.4766 0.4569 0.4315 0.3999 0.3616 0.3165 0.2660 0.2155 0.1776 0.1583 0.1481 0.1417 0.1376 0.1350 0.1339 0.1339 0.1352 0.1376 0.1413 0.1462 0.1525 0.1602 0.1696 0.1806 0.1935 0.2085 0.2258 0.2456 0.2680 0.2933 0.3214 0.3522 0.3850 0.4183 0.4494 0.4744 0.4900 0.4971 0.4989 0.4971 0.4900 0.4744 0.4494 0.4183 0.3850 0.3523 0.3214 0.2933 0.2680 0.2456 0.2258 0.2085 0.1935 0.1806 0.1696 0.1602 0.1525 0.1462 0.1413 0.1376 0.1352 0.1339 0.1339 0.1350 0.1376 0.1417 0.1481 0.1583 0.1776 0.2155 0.2660 0.3165 0.3616 0.3999 0.4315 0.4569 0.4766 0.4908 0.4998 0.5029 0.4986 0.4837 0.4574 0.4245 0.3898 0.3560 0.3245 0.2956 0.2697
0.2954 0.3242 0.3559 0.3898 0.4247 0.4576 0.4839 0.4987 0.5029 0.4997 0.4906 0.4763 0.4565 0.4311 0.3993 0.3609 0.3157 0.2651 0.2147 0.1771 0.1581 0.1480 0.1416 0.1375 0.1350 0.1339 0.1340 0.1352 0.1377 0.1414 0.1463 0.1526 0.1604 0.1697 0.1808 0.1938 0.2088 0.2261 0.2460 0.2685 0.2938 0.3221 0.3531 0.3863 0.4202 0.4523 0.4784 0.4944 0.5011 0.5028 0.5029 0.5028 0.5011 0.4944 0.4784 0.4523 0.4202 0.3863 0.3531 0.3221 0.2938 0.2684 0.2459 0.2261 0.2088 0.1938 0.1808 0.1697 0.1604 0.1526 0.1463 0.1414 0.1377 0.1352 0.1340 0.1339 0.1350 0.1375 0.1416 0.1480 0.1581 0.1771 0.2147 0.2651 0.3157 0.3609 0.3993 0.4311 0.4566 0.4763 0.4906 0.4997 0.5029 0.4987 0.4839 0.4576 0.4247 0.3898 0.3559 0.3242 0.2954
0.3241 0.3555 0.3896 0.4245 0.4576 0.4840 0.4988 0.5029 0.4996 0.4905 0.4761 0.4562 0.4307 0.3988 0.3603 0.3149 0.2643 0.2139 0.1766 0.1579 0.1479 0.1416 0.1375 0.1350 0.1339 0.1340 0.1353 0.1377 0.1414 0.1464 0.1527 0.1605 0.1699 0.1810 0.1940 0.2091 0.2265 0.2463 0.2689 0.2943 0.3227 0.3538 0.3872 0.4215 0.4540 0.4805 0.4964 0.5023 0.5024 0.5004 0.4993 0.5004 0.5024 0.5023 0.4964 0.4805 0.4540 0.4215 0.3872 0.3538 0.3227 0.2943 0.2689 0.2463 0.2265 0.2091 0.1940 0.1810 0.1699 0.1605 0.1527 0.1464 0.1414 0.1377 0.1353 0.1340 0.1339 0.1350 0.1375 0.1416 0.1479 0.1579 0.1766 0.2139 0.2643 0.3149 0.3603 0.3988 0.4307 0.4562 0.4761 0.4905 0.4996 0.5029 0.4988 0.4840 0.4576 0.4245 0.3896 0.3555 0.3241
0.3557 0.3891 0.4242 0.4574 0.4839 0.4988 0.5029 0.4996 0.4904 0.4759 0.4560 0.4303 0.3983 0.3597 0.3142 0.2635 0.2132 0.1762 0.1577 0.1477 0.1415 0.1374 0.1350 0.1339 0.1340 0.1353 0.1378 0.1415 0.1465 0.1529 0.1607 0.1701 0.1812 0.1943 0.2094 0.2268 0.2467 0.2693 0.2948 0.3232 0.3545 0.3879 0.4224 0.4552 0.4817 0.4974 0.5027 0.5015 0.4969 0.4919 0.4896 0.4919 0.4969 0.5015 0.5027 0.4974 0.4817 0.4551 0.4224 0.3879 0.3545 0.3232 0.2948 0.2693 0.2467 0.2268 0.2094 0.1943 0.1812 0.1701 0.1607 0.1529 0.1465 0.1415 0.1378 0.1353 0.1340 0.1339 0.1350 0.1374 0.1415 0.1477 0.1577 0.1762 0.2132 0.2635 0.3142 0.3597 0.3984 0.4303 0.4560 0.4759 0.4904 0.4996 0.5029 0.4988 0.4839 0.4574 0.4242 0.3891 0.3557
0.3898 0.4237 0.4570 0.4837 0.4987 0.5029 0.4996 0.4904 0.4758 0.4558 0.4301 0.3980 0.3592 0.3136 0.2628 0.2125 0.1758 0.1575 0.1476 0.1414 0.1374 0.1349 0.1338 0.1340 0.1353 0.1379 0.1416 0.1466 0.1530 0.1608 0.1703 0.1815 0.1945 0.2097 0.2271 0.2471 0.2698 0.2953 0.3238 0.3551 0.3886 0.4231 0.4560 0.4825 0.4979 0.5028 0.5008 0.4943 0.4856 0.4778 0.4745 0.4778 0.4856 0.4943 0.5008 0.5028 0.4979 0.4825 0.4560 0.4231 0.3886 0.3551 0.3238 0.2953 0.2697 0.2471 0.2271 0.2097 0.1945 0.1815 0.1703 0.1608 0.1530 0.1466 0.1416 0.1378 0.1353 0.1340 0.1338 0.1349 0.1374 0.1414 0.1476 0.1575 0.1758 0.2125 0.2628 0.3136 0.3592 0.3980 0.4300 0.4558 0.4758 0.4904 0.4996 0.5029 0.4987 0.4837 0.4570 0.4237 0.3898
0.4250 0.4566 0.4834 0.4986 0.5029 0.4996 0.4904 0.4758 0.4558 0.4299 0.3978 0.3588 0.3131 0.2622 0.2120 0.1755 0.1573 0.1475 0.1413 0.1373 0.1349 0.1338 0.1340 0.1354 0.1379 0.1417 0.1467 0.1531 0.1610 0.1705 0.1817 0.1948 0.2100 0.2275 0.2475 0.2702 0.2958 0.3243 0.3557 0.3892 0.4238 0.4566 0.4831 0.4982 0.5028 0.5003 0.4927 0.4814 0.4688 0.4581 0.4537 0.4581 0.4688 0.4814 0.4927 0.5003 0.5028 0.4982 0.4831 0.4566 0.4238 0.3892 0.3557 0.3243 0.2958 0.2702 0.2475 0.2275 0.2100 0.1948 0.1817 0.1705 0.1610 0.1531 0.1467 0.1417 0.1379 0.1354 0.1340 0.1338 0.1349 0.1373 0.1413 0.1475 0.1573 0.1755 0.2120 0.2622 0.3131 0.3588 0.3978 0.4299 0.4558 0.4758 0.4904 0.4996 0.5029 0.4986 0.4834 0.4566 0.4250
0.4587 0.4831 0.4985 0.5029 0.4997 0.4905 0.4759 0.4558 0.4299 0.3977 0.3586 0.3128 0.2618 0.2115 0.1752 0.1571 0.1474 0.1412 0.1373 0.1349 0.1338 0.1340 0.1354 0.1380 0.1417 0.1468 0.1532 0.1611 0.1706 0.1819 0.1950 0.2103 0.2278 0.2479 0.2706 0.2963 0.3249 0.3562 0.3899 0.4244 0.4572 0.4836 0.4985 0.5029 0.5000 0.4917 0.4790 0.4631 0.4462 0.4324 0.4270 0.4325 0.4462 0.4631 0.4790 0.4917 0.5000 0.5029 0.4985 0.4835 0.4572 0.4244 0.3899 0.3562 0.3248 0.2963 0.2706 0.2478 0.2278 0.2103 0.1950 0.1819 0.1706 0.1611 0.1532 0.1468 0.1417 0.1379 0.1354 0.1340 0.1338 0.1349 0.1373 0.1412 0.1474 0.1571 0.1752 0.2115 0.2618 0.3128 0.3586 0.3977 0.4299 0.4558 0.4759 0.4905 0.4997 0.5029 0.4985 0.4831 0.4587
0.4863 0.4983 0.5029 0.4998 0.4906 0.4761 0.4560 0.4301 0.3978 0.3586 0.3127 0.2616 0.2113 0.1750 0.1570 0.1473 0.1412 0.1372 0.1348 0.1338 0.1340 0.1354 0.1380 0.1418 0.1469 0.1533 0.1613 0.1708 0.1821 0.1953 0.2105 0.2281 0.2482 0.2710 0.2967 0.3254 0.3568 0.3905 0.4250 0.4578 0.4840 0.4987 0.5029 0.4998 0.4911 0.4775 0.4597 0.4389 0.4175 0.4004 0.3936 0.4004 0.4175 0.4389 0.4597 0.4775 0.4911 0.4998 0.5029 0.4987 0.4840 0.4578 0.4250 0.3905 0.3568 0.3254 0.2967 0.2710 0.2482 0.2281 0.2105 0.1953 0.1821 0.1708 0.1613 0.1533 0.1469 0.1418 0.1380 0.1354 0.1340 0.1338 0.1348 0.1372 0.1412 0.1473 0.1570 0.1750 0.2113 0.2616 0.3127 0.3586 0.3978 0.4300 0.4560 0.4761 0.4906 0.4998 0.5029 0.4983 0.4863
0.5023 0.5029 0.4998 0.4908 0.4763 0.4562 0.4303 0.3980 0.3588 0.3128 0.2616 0.2112 0.1749 0.1569 0.1473 0.1411 0.1372 0.1348 0.1338 0.1340 0.1354 0.1380 0.1419 0.1470 0.1535 0.1614 0.1710 0.1823 0.1955 0.2108 0.2284 0.2486 0.2714 0.2972 0.3259 0.3574 0.3911 0.4257 0.4583 0.4843 0.4988 0.5029 0.4996 0.4907 0.4767 0.4578 0.4346 0.4084 0.3821 0.3614 0.3533 0.3614 0.3821 0.4084 0.4346 0.4578 0.4767 0.4907 0.4996 0.5029 0.4988 0.4843 0.4583 0.4256 0.3911 0.3574 0.3259 0.2972 0.2714 0.2486 0.2284 0.2108 0.1955 0.1823 0.1710 0.1614 0.1535 0.1470 0.1419 0.1380 0.1354 0.1340 0.1338 0.1348 0.1372 0.1411 0.1473 0.1569 0.1749 0.2112 0.2616 0.3128 0.3588 0.3980 0.4303 0.4562 0.4763 0.4908 0.4998 0.5029 0.5023
0.5072 0.4999 0.4910 0.4766 0.4566 0.4307 0.3984 0.3592 0.3131 0.2618 0.2113 0.1749 0.1569 0.1472 0.1411 0.1372 0.1348 0.1338 0.1341 0.1355 0.1381 0.1419 0.1471 0.1536 0.1615 0.1711 0.1825 0.1957 0.2111 0.2287 0.2489 0.2718 0.2976 0.3264 0.3579 0.3917 0.4262 0.4589 0.4847 0.4990 0.5029 0.4995 0.4904 0.4761 0.4567 0.4322 0.4031 0.3711 0.3396 0.3154 0.3060 0.3154 0.3396 0.3711 0.4031 0.4322 0.4567 0.4761 0.4904 0.4995 0.5029 0.4990 0.4847 0.4588 0.4262 0.3916 0.3579 0.3264 0.2976 0.2718 0.2489 0.2287 0.2110 0.1957 0.1825 0.1711 0.1615 0.1536 0.1471 0.1419 0.1381 0.1355 0.1340 0.1338 0.1348 0.1372 0.1411 0.1472 0.1569 0.1749 0.2113 0.2618 0.3131 0.3592 0.3984 0.4307 0.4566 0.4766 0.4910 0.4999 0.5072
0.5044 0.4912 0.4768 0.4569 0.4311 0.3988 0.3597 0.3136 0.2622 0.2115 0.1750 0.1569 0.1472 0.1411 0.1372 0.1348 0.1338 0.1341 0.1355 0.1381 0.1420 0.1471 0.1537 0.1617 0.1713 0.1826 0.1959 0.2113 0.2290 0.2492 0.2722 0.2980 0.3269 0.3584 0.3922 0.4268 0.4593 0.4850 0.4991 0.5029 0.4994 0.4901 0.4756 0.4559 0.4307 0.4001 0.3647 0.3266 0.2905 0.2639 0.2540 0.2639 0.2906 0.3266 0.3647 0.4001 0.4307 0.4559 0.4756 0.4901 0.4994 0.5029 0.4991 0.4850 0.4593 0.4268 0.3922 0.3584 0.3268 0.2980 0.2722 0.2492 0.2290 0.2113 0.1959 0.1826 0.1713 0.1617 0.1537 0.1471 0.1420 0.1381 0.1355 0.1341 0.1338 0.1348 0.1372 0.1411 0.1472 0.1569 0.1750 0.2115 0.2622 0.3136 0.3597 0.3988 0.4311 0.4569 0.4768 0.4912 0.5044
0.4957 0.4771 0.4573 0.4315 0.3993 0.3603 0.3142 0.2628 0.2120 0.1752 0.1570 0.1473 0.1411 0.1372 0.1348 0.1338 0.1341 0.1355 0.1381 0.1420 0.1472 0.1538 0.1618 0.1714 0.1828 0.1961 0.2116 0.2293 0.2496 0.2726 0.2985 0.3273 0.3590 0.3927 0.4273 0.4598 0.4854 0.4993 0.5029 0.4993 0.4899 0.4753 0.4553 0.4297 0.3983 0.3611 0.3193 0.2761 0.2381 0.2129 0.2044 0.2129 0.2381 0.2761 0.3193 0.3611 0.3983 0.4297 0.4553 0.4753 0.4899 0.4993 0.5029 0.4993 0.4853 0.4598 0.4273 0.3927 0.3589 0.3273 0.2985 0.2726 0.2496 0.2293 0.2115 0.1961 0.1828 0.1714 0.1618 0.1538 0.1472 0.1420 0.1381 0.1355 0.1341 0.1338 0.1348 0.1372 0.1411 0.1473 0.1570 0.1752 0.2120 0.2628 0.3142 0.3603 0.3993 0.4315 0.4573 0.4771 0.4957
0.4815 0.4577 0.4320 0.3999 0.3609 0.3149 0.2635 0.2125 0.1755 0.1571 0.1473 0.1411 0.1372 0.1348 0.1338 0.1341 0.1355 0.1382 0.1421 0.1472 0.1538 0.1619 0.1716 0.1830 0.1963 0.2118 0.2296 0.2499 0.2729 0.2989 0.3278 0.3595 0.3933 0.4278 0.4603 0.4857 0.4994 0.5029 0.4992 0.4897 0.4750 0.4548 0.4290 0.3971 0.3590 0.3151 0.2681 0.2241 0.1919 0.1757 0.1712 0.1758 0.1919 0.2241 0.2681 0.3151 0.3590 0.3971 0.4290 0.4548 0.4750 0.4897 0.4992 0.5029 0.4994 0.4857 0.4603 0.4278 0.3933 0.3594 0.3278 0.2989 0.2729 0.2499 0.2296 0.2118 0.1963 0.1830 0.1716 0.1619 0.1538 0.1472 0.1421 0.1382 0.1355 0.1341 0.1338 0.1348 0.1372 0.1411 0.1473 0.1571 0.1755 0.2125 0.2635 0.3149 0.3609 0.3999 0.4320 0.4577 0.4815
0.4619 0.4325 0.4005 0.3616 0.3157 0.2643 0.2132 0.1758 0.1573 0.1474 0.1412 0.1372 0.1348 0.1338 0.1341 0.1355 0.1382 0.1421 0.1473 0.1539 0.1619 0.1716 0.1831 0.1965 0.2120 0.2298 0.2502 0.2733 0.2993 0.3282 0.3600 0.3938 0.4284 0.4607 0.4860 0.4995 0.5028 0.4990 0.4895 0.4747 0.4544 0.4284 0.3963 0.3575 0.3126 0.2636 0.2166 0.1823 0.1649 0.1573 0.1550 0.1573 0.1649 0.1823 0.2166 0.2636 0.3127 0.3576 0.3963 0.4285 0.4545 0.4747 0.4895 0.4991 0.5028 0.4995 0.4860 0.4607 0.4283 0.3938 0.3599 0.3282 0.2993 0.2733 0.2502 0.2298 0.2120 0.1965 0.1831 0.1716 0.1619 0.1539 0.1473 0.1421 0.1382 0.1355 0.1341 0.1338 0.1348 0.1372 0.1412 0.1474 0.1573 0.1758 0.2132 0.2643 0.3157 0.3616 0.4005 0.4325 0.4619
0.4366 0.4011 0.3623 0.3165 0.2651 0.2139 0.1762 0.1575 0.1475 0.1412 0.1372 0.1348 0.1338 0.1341 0.1355 0.1382 0.1421 0.1473 0.1539 0.1620 0.1717 0.1832 0.1966 0.2122 0.2301 0.2505 0.2736 0.2997 0.3287 0.3605 0.3943 0.4289 0.4612 0.4863 0.4996 0.5028 0.4989 0.4893 0.4744 0.4541 0.4280 0.3956 0.3565 0.3110 0.2610 0.2126 0.1777 0.1604 0.1517 0.1474 0.1460 0.1474 0.1517 0.1604 0.1778 0.2126 0.2610 0.3110 0.3566 0.3956 0.4280 0.4541 0.4744 0.4894 0.4989 0.5028 0.4996 0.4863 0.4612 0.4289 0.3943 0.3605 0.3287 0.2997 0.2736 0.2505 0.2301 0.2122 0.1966 0.1832 0.1717 0.1620 0.1539 0.1473 0.1421 0.1382 0.1355 0.1341 0.1338 0.1348 0.1372 0.1412 0.1475 0.1575 0.1762 0.2139 0.2651 0.3165 0.3623 0.4011 0.4366
0.4049 0.3631 0.3174 0.2660 0.2147 0.1766 0.1577 0.1476 0.1413 0.1373 0.1348 0.1338 0.1340 0.1355 0.1381 0.1421 0.1473 0.1539 0.1620 0.1717 0.1833 0.1967 0.2123 0.2302 0.2507 0.2739 0.3001 0.3291 0.3609 0.3948 0.4294 0.4617 0.4866 0.4998 0.5028 0.4988 0.4892 0.4742 0.4537 0.4275 0.3950 0.3558 0.3099 0.2593 0.2103 0.1755 0.1582 0.1492 0.1439 0.1411 0.1402 0.1411 0.1439 0.1492 0.1582 0.1755 0.2103 0.2593 0.3099 0.3558 0.3950 0.4275 0.4537 0.4742 0.4892 0.4988 0.5028 0.4998 0.4866 0.4616 0.4294 0.3948 0.3609 0.3291 0.3000 0.2739 0.2507 0.2302 0.2123 0.1967 0.1833 0.1717 0.1620 0.1539 0.1473 0.1421 0.1381 0.1355 0.1340 0.1338 0.1348 0.1373 0.1413 0.1476 0.1577 0.1766 0.2147 0.2660 0.3174 0.3631 0.4049
0.3665 0.3182 0.2670 0.2155 0.1771 0.1579 0.1477 0.1414 0.1373 0.1349 0.1338 0.1340 0.1355 0.1381 0.1420 0.1472 0.1539 0.1620 0.1717 0.1833 0.1968 0.2124 0.2303 0.2508 0.2741 0.3003 0.3295 0.3613 0.3953 0.4299 0.4621 0.4869 0.4999 0.5028 0.4987 0.4890 0.4739 0.4534 0.4271 0.3944 0.3551 0.3090 0.2581 0.2089 0.1742 0.1571 0.1479 0.1423 0.1389 0.1371 0.1366 0.1371 0.1389 0.1423 0.1479 0.1571 0.1742 0.2089 0.2582 0.3090 0.3551 0.3944 0.4271 0.4534 0.4739 0.4890 0.4987 0.5028 0.4999 0.4868 0.4621 0.4299 0.3953 0.3613 0.3294 0.3003 0.2741 0.2508 0.2303 0.2124 0.1968 0.1833 0.1717 0.1620 0.1539 0.1472 0.1420 0.1381 0.1355 0.1340 0.1338 0.1349 0.1373 0.1414 0.1477 0.1579 0.1771 0.2155 0.2670 0.3182 0.3665
0.3211 0.2679 0.2164 0.1776 0.1581 0.1479 0.1415 0.1374 0.1349 0.1338 0.1340 0.1354 0.1381 0.1420 0.1472 0.1538 0.1619 0.1717 0.1833 0.1968 0.2124 0.2304 0.2509 0.2743 0.3005 0.3297 0.3616 0.3957 0.4303 0.4625 0.4871 0.5000 0.5028 0.4986 0.4888 0.4736 0.4530 0.4266 0.3939 0.3544 0.3082 0.2572 0.2078 0.1734 0.1565 0.1473 0.1415 0.1379 0.1358 0.1348 0.1345 0.1348 0.1358 0.1379 0.1415 0.1473 0.1565 0.1734 0.2078 0.2572 0.3082 0.3544 0.3939 0.4266 0.4530 0.4736 0.4888 0.4986 0.5028 0.5000 0.4871 0.4625 0.4303 0.3957 0.3616 0.3297 0.3005 0.2743 0.2509 0.2304 0.2124 0.1968 0.1833 0.1717 0.1619 0.1538 0.1472 0.1420 0.1381 0.1354 0.1340 0.1338 0.1349 0.1374 0.1415 0.1479 0.1581 0.1776 0.2164 0.2679 0.3211
0.2702 0.2172 0.1781 0.1583 0.1480 0.1416 0.1374 0.1349 0.1338 0.1340 0.1354 0.1380 0.1419 0.1471 0.1538 0.1619 0.1716 0.1832 0.1967 0.2124 0.2304 0.2510 0.2743 0.3006 0.3299 0.3619 0.3960 0.4306 0.4628 0.4873 0.5001 0.5028 0.4985 0.4886 0.4733 0.4526 0.4262 0.3933 0.3537 0.3074 0.2563 0.2070 0.1729 0.1561 0.1469 0.1411 0.1374 0.1352 0.1341 0.1338 0.1337 0.1338 0.1341 0.1352 0.1374 0.1411 0.1469 0.1561 0.1729 0.2070 0.2563 0.3074 0.3537 0.3933 0.4262 0.4527 0.4733 0.4886 0.4985 0.5028 0.5001 0.4873 0.4628 0.4306 0.3960 0.3619 0.3299 0.3006 0.2743 0.2510 0.2304 0.2124 0.1967 0.1832 0.1716 0.1619 0.1538 0.1471 0.1419 0.1380 0.1354 0.1340 0.1338 0.1349 0.1374 0.1416 0.1480 0.1583 0.1781 0.2172 0.2702
0.2188 0.1786 0.1586 0.1481 0.1416 0.1375 0.1350 0.1338 0.1340 0.1354 0.1380 0.1419 0.1471 0.1537 0.1618 0.1716 0.1831 0.1966 0.2123 0.2303 0.2509 0.2743 0.3007 0.3300 0.3620 0.3961 0.4308 0.4630 0.4875 0.5001 0.5028 0.4984 0.4884 0.4731 0.4523 0.4257 0.3928 0.3531 0.3067 0.2555 0.2063 0.1724 0.1558 0.1467 0.1409 0.1371 0.1349 0.1339 0.1338 0.1340 0.1342 0.1340 0.1338 0.1339 0.1349 0.1371 0.1409 0.1467 0.1558 0.1724 0.2063 0.2555 0.3067 0.3531 0.3928 0.4257 0.4523 0.4731 0.4884 0.4984 0.5028 0.5001 0.4875 0.4630 0.4308 0.3961 0.3620 0.3300 0.3007 0.2743 0.2509 0.2303 0.2123 0.1966 0.1831 0.1716 0.1618 0.1537 0.1471 0.1419 0.1380 0.1354 0.1340 0.1338 0.1350 0.1375 0.1416 0.1481 0.1586 0.1786 0.2188
0.1795 0.1588 0.1483 0.1417 0.1375 0.1350 0.1339 0.1340 0.1354 0.1379 0.1418 0.1470 0.1536 0.1617 0.1714 0.1830 0.1965 0.2122 0.2302 0.2508 0.2743 0.3006 0.3300 0.3621 0.3963 0.4310 0.4632 0.4876 0.5002 0.5028 0.4983 0.4883 0.4728 0.4520 0.4253 0.3922 0.3524 0.3059 0.2547 0.2056 0.1720 0.1556 0.1465 0.1407 0.1370 0.1348 0.1338 0.1339 0.1347 0.1356 0.1360 0.1356 0.1346 0.1339 0.1338 0.1348 0.1370 0.1407 0.1465 0.1556 0.1721 0.2056 0.2547 0.3059 0.3524 0.3922 0.4253 0.4520 0.4728 0.4883 0.4983 0.5028 0.5002 0.4876 0.4632 0.4310 0.3963 0.3621 0.3300 0.3006 0.2743 0.2508 0.2302 0.2122 0.1965 0.1830 0.1714 0.1617 0.1536 0.1470 0.1418 0.1379 0.1354 0.1340 0.1339 0.1350 0.1375 0.1417 0.1483 0.1588 0.1795
0.1593 0.1484 0.1418 0.1376 0.1350 0.1339 0.1340 0.1353 0.1379 0.1417 0.1469 0.1535 0.1615 0.1713 0.1828 0.1963 0.2120 0.2301 0.2507 0.2741 0.3005 0.3299 0.3620 0.3963 0.4310 0.4633 0.4877 0.5002 0.5028 0.4983 0.4881 0.4727 0.4517 0.4249 0.3917 0.3518 0.3052 0.2539 0.2049 0.1717 0.1554 0.1464 0.1406 0.1369 0.1347 0.1338 0.1340 0.1351 0.1368 0.1383 0.1389 0.1383 0.1368 0.1351 0.1340 0.1338 0.1347 0.1369 0.1406 0.1464 0.1554 0.1717 0.2049 0.2539 0.3052 0.3518 0.3917 0.4249 0.4517 0.4727 0.4881 0.4983 0.5028 0.5002 0.4877 0.4633 0.4310 0.3963 0.3620 0.3299 0.3005 0.2741 0.2507 0.2301 0.2120 0.1963 0.1828 0.1713 0.1615 0.1535 0.1469 0.1417 0.1379 0.1353 0.1340 0.1339 0.1350 0.1376 0.1418 0.1484 0.1593
0.1487 0.1419 0.1376 0.1350 0.1339 0.1340 0.1353 0.1378 0.1417 0.1468 0.1533 0.1614 0.1711 0.1826 0.1961 0.2118 0.2298 0.2505 0.2739 0.3003 0.3297 0.3619 0.3961 0.4310 0.4633 0.4877 0.5003 0.5027 0.4983 0.4881 0.4725 0.4515 0.4246 0.3913 0.3512 0.3045 0.2532 0.2043 0.1713 0.1552 0.1463 0.1405 0.1368 0.1346 0.1338 0.1341 0.1354 0.1376 0.1401 0.1423 0.1432 0.1423 0.1401 0.1376 0.1354 0.1341 0.1338 0.1346 0.1368 0.1405 0.1463 0.1552 0.1714 0.2043 0.2532 0.3045 0.3512 0.3913 0.4246 0.4515 0.4725 0.4881 0.4983 0.5027 0.5002 0.4877 0.4633 0.4310 0.3961 0.3619 0.3297 0.3003 0.2739 0.2505 0.2298 0.2118 0.1961 0.1826 0.1711 0.1614 0.1533 0.1468 0.1417 0.1378 0.1353 0.1340 0.1339 0.1350 0.1376 0.1419 0.1487
0.1420 0.1377 0.1351 0.1339 0.1340 0.1353 0.1378 0.1416 0.1467 0.1532 0.1613 0.1710 0.1825 0.1959 0.2115 0.2296 0.2502 0.2736 0.3000 0.3294 0.3616 0.3960 0.4308 0.4632 0.4877 0.5003 0.5027 0.4982 0.4880 0.4724 0.4513 0.4244 0.3910 0.3508 0.3039 0.2525 0.2037 0.1710 0.1551 0.1462 0.1404 0.1368 0.1346 0.1338 0.1341 0.1356 0.1381 0.1413 0.1448 0.1476 0.1488 0.1476 0.1448 0.1413 0.1381 0.1356 0.1341 0.1338 0.1346 0.1368 0.1404 0.1462 0.1551 0.1710 0.2037 0.2525 0.3039 0.3508 0.3910 0.4244 0.4513 0.4724 0.4880 0.4982 0.5027 0.5002 0.4877 0.4632 0.4308 0.3960 0.3616 0.3294 0.3000 0.2736 0.2502 0.2296 0.2115 0.1959 0.1825 0.1710 0.1613 0.1532 0.1467 0.1416 0.1378 0.1353 0.1340 0.1339 0.1351 0.1377 0.1420
0.1377 0.1351 0.1339 0.1339 0.1352 0.1377 0.1415 0.1466 0.1531 0.1611 0.1708 0.1823 0.1957 0.2113 0.2293 0.2499 0.2733 0.2997 0.3291 0.3613 0.3957 0.4306 0.4630 0.4876 0.5002 0.5027 0.4982 0.4880 0.4724 0.4512 0.4242 0.3908 0.3505 0.3035 0.2520 0.2032 0.1707 0.1549 0.1461 0.1404 0.1367 0.1346 0.1338 0.1342 0.1357 0.1383 0.1420 0.1463 0.1508 0.1544 0.1558 0.1544 0.1508 0.1463 0.1420 0.1383 0.1357 0.1342 0.1338 0.1346 0.1367 0.1404 0.1461 0.1549 0.1708 0.2032 0.2520 0.3035 0.3505 0.3908 0.4242 0.4512 0.4724 0.4880 0.4982 0.5027 0.5002 0.4876 0.4630 0.4306 0.3957 0.3613 0.3291 0.2997 0.2733 0.2499 0.2293 0.2113 0.1957 0.1823 0.1708 0.1611 0.1531 0.1466 0.1415 0.1377 0.1352 0.1339 0.1339 0.1351 0.1377
0.1351 0.1339 0.1339 0.1352 0.1377 0.1414 0.1465 0.1530 0.1610 0.1706 0.1821 0.1955 0.2110 0.2290 0.2496 0.2729 0.2993 0.3287 0.3609 0.3953 0.4303 0.4628 0.4875 0.5002 0.5028 0.4983 0.4880 0.4724 0.4512 0.4241 0.3906 0.3502 0.3032 0.2516 0.2028 0.1705 0.1548 0.1460 0.1403 0.1367 0.1346 0.1338 0.1342 0.1358 0.1385 0.1423 0.1472 0.1527 0.1583 0.1627 0.1644 0.1627 0.1583 0.1527 0.1472 0.1423 0.1385 0.1358 0.1342 0.1338 0.1346 0.1367 0.1403 0.1460 0.1548 0.1705 0.2028 0.2516 0.3032 0.3502 0.3906 0.4241 0.4512 0.4724 0.4880 0.4983 0.5028 0.5002 0.4875 0.4628 0.4303 0.3953 0.3609 0.3287 0.2993 0.2729 0.2496 0.2290 0.2110 0.1955 0.1821 0.1706 0.1610 0.1530 0.1465 0.1414 0.1377 0.1352 0.1339 0.1339 0.1351
0.1338 0.1339 0.1352 0.1376 0.1414 0.1464 0.1529 0.1608 0.1705 0.1819 0.1953 0.2108 0.2287 0.2492 0.2726 0.2989 0.3282 0.3605 0.3948 0.4299 0.4625 0.4873 0.5001 0.5028 0.4983 0.4881 0.4724 0.4512 0.4241 0.3906 0.3501 0.3030 0.2514 0.2026 0.1704 0.1547 0.1459 0.1403 0.1366 0.1345 0.1338 0.1342 0.1358 0.1386 0.1426 0.1477 0.1538 0.1607 0.1674 0.1727 0.1747 0.1727 0.1674 0.1607 0.1538 0.1477 0.1426 0.1386 0.1358 0.1342 0.1338 0.1345 0.1366 0.1403 0.1459 0.1547 0.1704 0.2026 0.2514 0.3030 0.3501 0.3906 0.4241 0.4512 0.4724 0.4881 0.4983 0.5028 0.5001 0.4873 0.4625 0.4299 0.3948 0.3605 0.3282 0.2989 0.2726 0.2492 0.2287 0.2108 0.1953 0.1819 0.1705 0.1608 0.1529 0.1464 0.1414 0.1376 0.1352 0.1339 0.1338
0.1337 0.1351 0.1376 0.1413 0.1463 0.1527 0.1607 0.1703 0.1817 0.1950 0.2105 0.2284 0.2489 0.2722 0.2985 0.3278 0.3599 0.3943 0.4294 0.4621 0.4871 0.5001 0.5028 0.4983 0.4881 0.4725 0.4513 0.4242 0.3906 0.3501 0.3029 0.2512 0.2024 0.1703 0.1546 0.1459 0.1402 0.1366 0.1345 0.1338 0.1342 0.1359 0.1387 0.1427 0.1480 0.1544 0.1620 0.1702 0.1782 0.1845 0.1869 0.1845 0.1782 0.1702 0.1620 0.1544 0.1480 0.1427 0.1387 0.1359 0.1342 0.1338 0.1345 0.1366 0.1402 0.1459 0.1546 0.1703 0.2024 0.2512 0.3029 0.3501 0.3906 0.4242 0.4513 0.4725 0.4881 0.4983 0.5028 0.5001 0.4871 0.4621 0.4294 0.3943 0.3599 0.3278 0.2985 0.2722 0.2489 0.2284 0.2105 0.1950 0.1817 0.1703 0.1607 0.1527 0.1463 0.1413 0.1376 0.1351 0.1337
0.1349 0.1375 0.1412 0.1462 0.1526 0.1605 0.1701 0.1815 0.1948 0.2103 0.2281 0.2486 0.2718 0.2980 0.3273 0.3594 0.3938 0.4289 0.4616 0.4868 0.5000 0.5028 0.4984 0.4883 0.4727 0.4515 0.4244 0.3908 0.3502 0.3030 0.2512 0.2023 0.1702 0.1546 0.1458 0.1402 0.1366 0.1345 0.1338 0.1342 0.1359 0.1387 0.1428 0.1482 0.1548 0.1627 0.1718 0.1816 0.1910 0.1983 0.2011 0.1983 0.1910 0.1816 0.1718 0.1627 0.1548 0.1482 0.1428 0.1387 0.1359 0.1342 0.1338 0.1345 0.1366 0.1402 0.1458 0.1546 0.1702 0.2023 0.2512 0.3030 0.3502 0.3908 0.4244 0.4515 0.4727 0.4883 0.4984 0.5028 0.5000 0.4868 0.4616 0.4289 0.3938 0.3594 0.3273 0.2980 0.2718 0.2486 0.2281 0.2103 0.1948 0.1815 0.1701 0.1605 0.1526 0.1462 0.1412 0.1375 0.1349
0.1373 0.1411 0.1461 0.1525 0.1604 0.1699 0.1812 0.1945 0.2100 0.2278 0.2482 0.2714 0.2976 0.3268 0.3589 0.3933 0.4283 0.4612 0.4866 0.4999 0.5028 0.4985 0.4884 0.4728 0.4517 0.4246 0.3910 0.3505 0.3032 0.2514 0.2024 0.1702 0.1546 0.1458 0.1402 0.1366 0.1345 0.1338 0.1342 0.1359 0.1388 0.1429 0.1483 0.1550 0.1632 0.1727 0.1834 0.1949 0.2059 0.2143 0.2175 0.2143 0.2059 0.1949 0.1834 0.1727 0.1632 0.1550 0.1483 0.1429 0.1388 0.1359 0.1342 0.1338 0.1345 0.1366 0.1402 0.1458 0.1546 0.1702 0.2024 0.2514 0.3032 0.3505 0.3910 0.4246 0.4517 0.4728 0.4884 0.4985 0.5028 0.4999 0.4866 0.4612 0.4283 0.3933 0.3589 0.3268 0.2976 0.2714 0.2482 0.2278 0.2100 0.1945 0.1812 0.1699 0.1604 0.1525 0.1461 0.1411 0.1373
0.1408 0.1460 0.1524 0.1602 0.1697 0.1810 0.1943 0.2097 0.2275 0.2478 0.2710 0.2972 0.3264 0.3584 0.3927 0.4278 0.4607 0.4863 0.4998 0.5028 0.4986 0.4886 0.4731 0.4520 0.4249 0.3913 0.3508 0.3035 0.2516 0.2026 0.1703 0.1546 0.1458 0.1402 0.1366 0.1345 0.1338 0.1343 0.1359 0.1388 0.1429 0.1484 0.1552 0.1634 0.1732 0.1845 0.1971 0.2104 0.2231 0.2327 0.2365 0.2327 0.2230 0.2104 0.1971 0.1845 0.1732 0.1634 0.1552 0.1484 0.1429 0.1388 0.1359 0.1343 0.1338 0.1345 0.1366 0.1402 0.1458 0.1546 0.1703 0.2026 0.2516 0.3035 0.3508 0.3913 0.4249 0.4520 0.4731 0.4886 0.4986 0.5028 0.4998 0.4863 0.4607 0.4278 0.3927 0.3584 0.3264 0.2972 0.2710 0.2478 0.2275 0.2097 0.1943 0.1810 0.1697 0.1602 0.1524 0.1460 0.1408
0.1456 0.1522 0.1601 0.1696 0.1808 0.1940 0.2094 0.2271 0.2475 0.2706 0.2967 0.3259 0.3579 0.3922 0.4273 0.4603 0.4860 0.4996 0.5028 0.4987 0.4888 0.4733 0.4523 0.4253 0.3917 0.3512 0.3039 0.2520 0.2028 0.1704 0.1546 0.1458 0.1402 0.1366 0.1345 0.1338 0.1343 0.1359 0.1388 0.1430 0.1484 0.1553 0.1636 0.1735 0.1851 0.1983 0.2129 0.2282 0.2428 0.2538 0.2581 0.2538 0.2428 0.2282 0.2129 0.1982 0.1851 0.1735 0.1636 0.1553 0.1484 0.1430 0.1388 0.1359 0.1343 0.1338 0.1345 0.1366 0.1402 0.1458 0.1546 0.1704 0.2028 0.2520 0.3039 0.3512 0.3917 0.4253 0.4523 0.4733 0.4888 0.4987 0.5028 0.4996 0.4860 0.4603 0.4273 0.3922 0.3579 0.3259 0.2967 0.2706 0.2475 0.2271 0.2094 0.1940 0.1808 0.1696 0.1601 0.1522 0.1456
0.1518 0.1599 0.1694 0.1806 0.1938 0.2091 0.2268 0.2471 0.2702 0.2963 0.3254 0.3574 0.3916 0.4268 0.4598 0.4857 0.4995 0.5028 0.4988 0.4890 0.4736 0.4527 0.4257 0.3922 0.3518 0.3045 0.2525 0.2032 0.1705 0.1547 0.1459 0.1402 0.1366 0.1345 0.1338 0.1343 0.1360 0.1389 0.1430 0.1485 0.1553 0.1637 0.1737 0.1854 0.1989 0.2142 0.2311 0.2486 0.2652 0.2778 0.2826 0.2778 0.2652 0.2486 0.2311 0.2142 0.1989 0.1854 0.1737 0.1637 0.1553 0.1485 0.1430 0.1389 0.1360 0.1343 0.1338 0.1345 0.1366 0.1402 0.1459 0.1547 0.1705 0.2032 0.2525 0.3045 0.3518 0.3922 0.4257 0.4527 0.4736 0.4890 0.4988 0.5028 0.4995 0.4857 0.4598 0.4268 0.3916 0.3574 0.3254 0.2963 0.2702 0.2471 0.2268 0.2091 0.1938 0.1806 0.1694 0.1599 0.1518
0.1595 0.1692 0.1804 0.1935 0.2088 0.2265 0.2467 0.2697 0.2958 0.3248 0.3568 0.3911 0.4262 0.4593 0.4853 0.4994 0.5028 0.4989 0.4892 0.4739 0.4530 0.4262 0.3928 0.3524 0.3052 0.2532 0.2037 0.1708 0.1548 0.1459 0.1402 0.1366 0.1345 0.1338 0.1343 0.1360 0.1389 0.1430 0.1485 0.1554 0.1638 0.1738 0.1856 0.1993 0.2150 0.2326 0.2519 0.2719 0.2906 0.3048 0.3102 0.3048 0.2906 0.2719 0.2519 0.2326 0.2150 0.1993 0.1856 0.1738 0.1638 0.1554 0.1485 0.1430 0.1389 0.1360 0.1343 0.1338 0.1345 0.1366 0.1402 0.1459 0.1548 0.1708 0.2037 0.2532 0.3052 0.3524 0.3928 0.4262 0.4530 0.4739 0.4892 0.4989 0.5028 0.4994 0.4853 0.4593 0.4262 0.3911 0.3568 0.3248 0.2958 0.2697 0.2467 0.2265 0.2088 0.1935 0.1804 0.1692 0.1595
0.1687 0.1802 0.1933 0.2085 0.2261 0.2463 0.2693 0.2953 0.3243 0.3562 0.3905 0.4256 0.4588 0.4850 0.4993 0.5029 0.4991 0.4894 0.4742 0.4534 0.4266 0.3933 0.3531 0.3059 0.2539 0.2043 0.1710 0.1549 0.1460 0.1403 0.1366 0.1345 0.1338 0.1343 0.1359 0.1389 0.1430 0.1485 0.1554 0.1638 0.1739 0.1857 0.1995 0.2154 0.2335 0.2536 0.2755 0.2981 0.3191 0.3348 0.3407 0.3347 0.3190 0.2981 0.2755 0.2536 0.2335 0.2154 0.1995 0.1857 0.1739 0.1638 0.1554 0.1485 0.1430 0.1389 0.1359 0.1343 0.1338 0.1345 0.1366 0.1403 0.1460 0.1549 0.1710 0.2043 0.2539 0.3059 0.3531 0.3933 0.4266 0.4534 0.4742 0.4894 0.4991 0.5029 0.4993 0.4850 0.4588 0.4256 0.3905 0.3562 0.3243 0.2953 0.2693 0.2463 0.2261 0.2085 0.1933 0.1802 0.1687
0.1796 0.1930 0.2082 0.2258 0.2459 0.2689 0.2948 0.3238 0.3557 0.3899 0.4250 0.4583 0.4847 0.4991 0.5029 0.4992 0.4895 0.4744 0.4537 0.4271 0.3939 0.3537 0.3067 0.2547 0.2049 0.1714 0.1551 0.1461 0.1403 0.1366 0.1345 0.1338 0.1342 0.1359 0.1388 0.1430 0.1485 0.1554 0.1638 0.1739 0.1858 0.1997 0.2157 0.2339 0.2546 0.2775 0.3021 0.3273 0.3504 0.3675 0.3739 0.3675 0.3504 0.3273 0.3021 0.2774 0.2545 0.2339 0.2156 0.1997 0.1858 0.1739 0.1638 0.1554 0.1485 0.1430 0.1388 0.1359 0.1342 0.1338 0.1345 0.1366 0.1403 0.1461 0.1551 0.1714 0.2049 0.2547 0.3067 0.3537 0.3939 0.4271 0.4537 0.4744 0.4895 0.4992 0.5029 0.4991 0.4847 0.4583 0.4250 0.3899 0.3557 0.3238 0.2948 0.2689 0.2459 0.2258 0.2082 0.1930 0.1796
0.1925 0.2079 0.2255 0.2456 0.2684 0.2943 0.3232 0.3551 0.3892 0.4244 0.4578 0.4843 0.4990 0.5029 0.4993 0.4897 0.4747 0.4541 0.4275 0.3944 0.3544 0.3074 0.2555 0.2056 0.1717 0.1552 0.1462 0.1404 0.1367 0.1345 0.1338 0.1342 0.1359 0.1388 0.1430 0.1485 0.1554 0.1638 0.1739 0.1858 0.1997 0.2158 0.2342 0.2550 0.2785 0.3042 0.3317 0.3593 0.3842 0.4022 0.4088 0.4022 0.3842 0.3593 0.3317 0.3042 0.2785 0.2550 0.2342 0.2158 0.1997 0.1858 0.1739 0.1638 0.1554 0.1485 0.1430 0.1388 0.1359 0.1342 0.1338 0.1345 0.1367 0.1404 0.1462 0.1552 0.1717 0.2056 0.2555 0.3074 0.3544 0.3944 0.4275 0.4541 0.4747 0.4897 0.4993 0.5029 0.4990 0.4843 0.4578 0.4244 0.3892 0.3551 0.3232 0.2943 0.2684 0.2456 0.2255 0.2079 0.1925
0.2074 0.2251 0.2452 0.2680 0.2938 0.3227 0.3545 0.3886 0.4238 0.4572 0.4840 0.4988 0.5029 0.4994 0.4899 0.4750 0.4545 0.4280 0.3950 0.3551 0.3082 0.2563 0.2063 0.1721 0.1554 0.1463 0.1404 0.1367 0.1346 0.1338 0.1342 0.1359 0.1388 0.1429 0.1484 0.1553 0.1638 0.1739 0.1858 0.1997 0.2158 0.2343 0.2553 0.2790 0.3053 0.3340 0.3640 0.3935 0.4192 0.4370 0.4434 0.4370 0.4192 0.3935 0.3640 0.3340 0.3053 0.2790 0.2553 0.2343 0.2158 0.1997 0.1858 0.1739 0.1638 0.1553 0.1484 0.1429 0.1388 0.1359 0.1342 0.1338 0.1346 0.1367 0.1404 0.1463 0.1554 0.1721 0.2063 0.2563 0.3082 0.3551 0.3950 0.4280 0.4545 0.4750 0.4899 0.4994 0.5029 0.4988 0.4840 0.4572 0.4238 0.3886 0.3545 0.3227 0.2938 0.2680 0.2452 0.2251 0.2074
0.2245 0.2448 0.2675 0.2933 0.3221 0.3538 0.3879 0.4231 0.4566 0.4835 0.4987 0.5029 0.4995 0.4901 0.4753 0.4548 0.4285 0.3956 0.3558 0.3090 0.2572 0.2070 0.1724 0.1556 0.1464 0.1405 0.1368 0.1346 0.1338 0.1342 0.1359 0.1387 0.1429 0.1484 0.1553 0.1637 0.1738 0.1857 0.1997 0.2158 0.2343 0.2554 0.2792 0.3058 0.3351 0.3665 0.3984 0.4284 0.4529 0.4685 0.4736 0.4684 0.4529 0.4284 0.3984 0.3664 0.3351 0.3058 0.2792 0.2554 0.2343 0.2158 0.1997 0.1857 0.1738 0.1637 0.1553 0.1484 0.1429 0.1387 0.1359 0.1342 0.1338 0.1346 0.1368 0.1405 0.1464 0.1556 0.1724 0.2070 0.2572 0.3090 0.3558 0.3956 0.4285 0.4548 0.4753 0.4901 0.4995 0.5029 0.4987 0.4835 0.4566 0.4231 0.3879 0.3538 0.3221 0.2933 0.2675 0.2448 0.2245
0.2441 0.2670 0.2927 0.3214 0.3531 0.3872 0.4224 0.4560 0.4831 0.4985 0.5029 0.4996 0.4904 0.4756 0.4553 0.4290 0.3963 0.3566 0.3099 0.2582 0.2078 0.1729 0.1558 0.1465 0.1406 0.1368 0.1346 0.1338 0.1342 0.1358 0.1387 0.1428 0.1483 0.1552 0.1636 0.1737 0.1856 0.1995 0.2156 0.2342 0.2553 0.2792 0.3060 0.3356 0.3676 0.4008 0.4331 0.4610 0.4807 0.4909 0.4938 0.4909 0.4807 0.4610 0.4331 0.4008 0.3676 0.3356 0.3060 0.2792 0.2553 0.2342 0.2156 0.1995 0.1856 0.1737 0.1636 0.1552 0.1483 0.1428 0.1387 0.1358 0.1342 0.1338 0.1346 0.1368 0.1406 0.1465 0.1558 0.1729 0.2078 0.2582 0.3099 0.3566 0.3963 0.4290 0.4553 0.4756 0.4904 0.4996 0.5029 0.4985 0.4831 0.4560 0.4224 0.3872 0.3531 0.3214 0.2927 0.2670 0.2441
0.2663 0.2920 0.3206 0.3523 0.3863 0.4215 0.4551 0.4825 0.4982 0.5029 0.4998 0.4907 0.4761 0.4559 0.4297 0.3971 0.3576 0.3110 0.2593 0.2089 0.1734 0.1561 0.1467 0.1407 0.1369 0.1346 0.1338 0.1342 0.1358 0.1386 0.1427 0.1482 0.1550 0.1634 0.1735 0.1854 0.1993 0.2154 0.2339 0.2550 0.2790 0.3058 0.3356 0.3679 0.4018 0.4352 0.4649 0.4862 0.4973 0.5013 0.5021 0.5013 0.4973 0.4862 0.4649 0.4352 0.4018 0.3679 0.3356 0.3058 0.2790 0.2550 0.2339 0.2154 0.1993 0.1854 0.1735 0.1634 0.1550 0.1482 0.1427 0.1386 0.1358 0.1342 0.1338 0.1346 0.1369 0.1407 0.1467 0.1561 0.1734 0.2089 0.2593 0.3110 0.3576 0.3971 0.4297 0.4559 0.4761 0.4907 0.4998 0.5029 0.4982 0.4825 0.4551 0.4215 0.3863 0.3523 0.3206 0.2920 0.2663
0.2911 0.3196 0.3511 0.3850 0.4202 0.4540 0.4817 0.4979 0.5028 0.5000 0.4911 0.4767 0.4567 0.4307 0.3983 0.3590 0.3127 0.2610 0.2103 0.1742 0.1565 0.1469 0.1409 0.1370 0.1347 0.1338 0.1341 0.1357 0.1385 0.1426 0.1480 0.1548 0.1632 0.1732 0.1851 0.1989 0.2150 0.2335 0.2546 0.2785 0.3053 0.3351 0.3676 0.4018 0.4358 0.4664 0.4885 0.4996 0.5028 0.5024 0.5018 0.5024 0.5028 0.4996 0.4885 0.4664 0.4359 0.4018 0.3676 0.3351 0.3053 0.2785 0.2545 0.2335 0.2150 0.1989 0.1851 0.1732 0.1632 0.1548 0.1480 0.1426 0.1385 0.1357 0.1341 0.1338 0.1347 0.1370 0.1409 0.1469 0.1565 0.1742 0.2103 0.2610 0.3127 0.3590 0.3983 0.4307 0.4567 0.4767 0.4911 0.5000 0.5028 0.4979 0.4817 0.4540 0.4202 0.3850 0.3511 0.3196 0.2911
0.3183 0.3493 0.3832 0.4183 0.4523 0.4805 0.4974 0.5028 0.5003 0.4917 0.4775 0.4578 0.4322 0.4001 0.3611 0.3151 0.2636 0.2126 0.1755 0.1571 0.1473 0.1411 0.1371 0.1348 0.1338 0.1341 0.1356 0.1383 0.1423 0.1477 0.1544 0.1627 0.1727 0.1845 0.1982 0.2142 0.2326 0.2536 0.2774 0.3042 0.3340 0.3664 0.4008 0.4352 0.4664 0.4891 0.5003 0.5029 0.5007 0.4972 0.4955 0.4972 0.5007 0.5029 0.5003 0.4891 0.4664 0.4352 0.4008 0.3664 0.3340 0.3042 0.2774 0.2536 0.2326 0.2142 0.1982 0.1845 0.1727 0.1627 0.1544 0.1477 0.1423 0.1383 0.1356 0.1341 0.1338 0.1348 0.1371 0.1411 0.1473 0.1571 0.1755 0.2126 0.2636 0.3151 0.3611 0.4001 0.4322 0.4578 0.4775 0.4917 0.5003 0.5028 0.4974 0.4805 0.4523 0.4183 0.3832 0.3493 0.3183
0.3469 0.3800 0.4152 0.4494 0.4784 0.4964 0.5027 0.5008 0.4927 0.4790 0.4597 0.4346 0.4031 0.3647 0.3193 0.2681 0.2166 0.1778 0.1582 0.1479 0.1415 0.1374 0.1349 0.1338 0.1340 0.1354 0.1381 0.1420 0.1472 0.1538 0.1620 0.1718 0.1834 0.1971 0.2129 0.2311 0.2519 0.2755 0.3021 0.3317 0.3640 0.3984 0.4331 0.4649 0.4885 0.5003 0.5028 0.4996 0.4933 0.4871 0.4845 0.4871 0.4933 0.4996 0.5028 0.5003 0.4885 0.4649 0.4331 0.3984 0.3640 0.3317 0.3021 0.2755 0.2519 0.2311 0.2129 0.1971 0.1834 0.1718 0.1620 0.1538 0.1472 0.1420 0.1381 0.1354 0.1340 0.1338 0.1349 0.1374 0.1415 0.1479 0.1582 0.1778 0.2166 0.2681 0.3193 0.3647 0.4031 0.4346 0.4597 0.4790 0.4927 0.5008 0.5027 0.4964 0.4784 0.4494 0.4152 0.3800 0.3469
0.3754 0.4095 0.4442 0.4744 0.4944 0.5023 0.5015 0.4943 0.4814 0.4631 0.4389 0.4084 0.3711 0.3266 0.2761 0.2241 0.1823 0.1604 0.1492 0.1423 0.1379 0.1352 0.1339 0.1339 0.1351 0.1376 0.1413 0.1463 0.1527 0.1607 0.1702 0.1816 0.1949 0.2104 0.2282 0.2486 0.2719 0.2981 0.3273 0.3593 0.3935 0.4284 0.4610 0.4862 0.4996 0.5029 0.4996 0.4919 0.4822 0.4737 0.4701 0.4736 0.4822 0.4919 0.4996 0.5029 0.4996 0.4862 0.4610 0.4284 0.3935 0.3593 0.3273 0.2981 0.2719 0.2486 0.2282 0.2104 0.1949 0.1816 0.1702 0.1607 0.1527 0.1463 0.1413 0.1376 0.1351 0.1339 0.1339 0.1352 0.1379 0.1423 0.1492 0.1604 0.1823 0.2241 0.2761 0.3266 0.3711 0.4084 0.4389 0.4631 0.4814 0.4943 0.5015 0.5023 0.4944 0.4744 0.4442 0.4095 0.3754
0.4005 0.4344 0.4666 0.4900 0.5011 0.5024 0.4969 0.4856 0.4687 0.4462 0.4175 0.3821 0.3396 0.2906 0.2381 0.1919 0.1649 0.1517 0.1439 0.1389 0.1358 0.1341 0.1338 0.1346 0.1368 0.1401 0.1448 0.1508 0.1583 0.1674 0.1782 0.1910 0.2059 0.2230 0.2428 0.2652 0.2906 0.3190 0.3504 0.3842 0.4192 0.4529 0.4807 0.4973 0.5028 0.5007 0.4933 0.4822 0.4696 0.4590 0.4547 0.4590 0.4696 0.4822 0.4933 0.5007 0.5028 0.4973 0.4807 0.4529 0.4192 0.3842 0.3504 0.3190 0.2906 0.2652 0.2428 0.2230 0.2059 0.1910 0.1782 0.1674 0.1583 0.1508 0.1448 0.1401 0.1368 0.1346 0.1338 0.1341 0.1358 0.1389 0.1439 0.1517 0.1649 0.1919 0.2381 0.2906 0.3396 0.3821 0.4175 0.4462 0.4687 0.4856 0.4969 0.5024 0.5011 0.4900 0.4666 0.4344 0.4005
0.4183 0.4510 0.4798 0.4971 0.5028 0.5004 0.4919 0.4777 0.4581 0.4325 0.4004 0.3614 0.3154 0.2639 0.2129 0.1758 0.1573 0.1474 0.1411 0.1371 0.1348 0.1338 0.1340 0.1356 0.1383 0.1423 0.1476 0.1544 0.1627 0.1726 0.1845 0.1983 0.2143 0.2327 0.2538 0.2778 0.3048 0.3347 0.3675 0.4022 0.4370 0.4684 0.4909 0.5013 0.5024 0.4972 0.4871 0.4737 0.4590 0.4469 0.4420 0.4469 0.4590 0.4736 0.4871 0.4972 0.5024 0.5013 0.4909 0.4684 0.4370 0.4022 0.3675 0.3347 0.3048 0.2778 0.2538 0.2327 0.2143 0.1983 0.1845 0.1726 0.1627 0.1544 0.1476 0.1423 0.1383 0.1356 0.1340 0.1338 0.1348 0.1371 0.1411 0.1474 0.1573 0.1758 0.2129 0.2639 0.3154 0.3614 0.4004 0.4324 0.4581 0.4777 0.4919 0.5004 0.5028 0.4971 0.4798 0.4510 0.4183
0.4248 0.4568 0.4839 0.4989 0.5029 0.4992 0.4896 0.4745 0.4537 0.4270 0.3936 0.3533 0.3060 0.2540 0.2044 0.1712 0.1550 0.1460 0.1402 0.1366 0.1345 0.1337 0.1342 0.1360 0.1389 0.1432 0.1488 0.1558 0.1644 0.1747 0.1869 0.2011 0.2175 0.2365 0.2581 0.2826 0.3102 0.3407 0.3739 0.4088 0.4434 0.4736 0.4938 0.5021 0.5018 0.4955 0.4845 0.4701 0.4547 0.4420 0.4370 0.4420 0.4547 0.4701 0.4845 0.4955 0.5018 0.5021 0.4938 0.4736 0.4434 0.4088 0.3739 0.3407 0.3102 0.2826 0.2581 0.2365 0.2175 0.2011 0.1869 0.1747 0.1644 0.1558 0.1488 0.1432 0.1389 0.1360 0.1342 0.1337 0.1345 0.1366 0.1402 0.1460 0.1550 0.1712 0.2044 0.2540 0.3060 0.3533 0.3936 0.4270 0.4537 0.4745 0.4896 0.4992 0.5029 0.4989 0.4839 0.4568 0.4248
0.4183 0.4510 0.4798 0.4971 0.5028 0.5004 0.4919 0.4777 0.4581 0.4324 0.4004 0.3614 0.3154 0.2639 0.2129 0.1758 0.1573 0.1474 0.1411 0.1371 0.1348 0.1338 0.1340 0.1356 0.1383 0.1423 0.1476 0.1544 0.1627 0.1726 0.1845 0.1983 0.2143 0.2327 0.2538 0.2778 0.3048 0.3348 0.3675 0.4022 0.4370 0.4684 0.4909 0.5013 0.5024 0.4972 0.4871 0.4737 0.4590 0.4469 0.4420 0.4469 0.4590 0.4736 0.4871 0.4972 0.5024 0.5013 0.4909 0.4684 0.4370 0.4022 0.3675 0.3347 0.3048 0.2778 0.2538 0.2327 0.2143 0.1983 0.1845 0.1726 0.1627 0.1544 0.1476 0.1423 0.1383 0.1356 0.1340 0.1338 0.1348 0.1371 0.1411 0.1474 0.1573 0.1758 0.2129 0.2639 0.3154 0.3614 0.4004 0.4324 0.4581 0.4777 0.4919 0.5004 0.5028 0.4971 0.4798 0.4510 0.4183
0.4005 0.4344 0.4666 0.4900 0.5011 0.5024 0.4969 0.4856 0.4687 0.4462 0.4175 0.3821 0.3396 0.2906 0.2381 0.1919 0.1649 0.1517 0.1439 0.1389 0.1358 0.1341 0.1338 0.1346 0.1368 0.1401 0.1448 0.1508 0.1583 0.1674 0.1782 0.1910 0.2059 0.2230 0.2428 0.2652 0.2906 0.3191 0.3504 0.3842 0.4192 0.4529 0.4807 0.4973 0.5028 0.5007 0.4933 0.4822 0.4696 0.4590 0.4547 0.4590 0.4696 0.4822 0.4933 0.5007 0.5028 0.4973 0.4807 0.4529 0.4192 0.3842 0.3504 0.3190 0.2906 0.2652 0.2428 0.2230 0.2059 0.1910 0.1782 0.1674 0.1583 0.1508 0.1448 0.1401 0.1368 0.1346 0.1338 0.1341 0.1358 0.1389 0.1439 0.1517 0.1649 0.1919 0.2381 0.2906 0.3396 0.3821 0.4175 0.4462 0.4687 0.4856 0.4969 0.5024 0.5011 0.4900 0.4666 0.4344 0.4005
0.3754 0.4095 0.4442 0.4744 0.4944 0.5023 0.5015 0.4943 0.4814 0.4631 0.4389 0.4084 0.3711 0.3266 0.2761 0.2241 0.1823 0.1604 0.1492 0.1423 0.1379 0.1352 0.1339 0.1339 0.1351 0.1376 0.1413 0.1463 0.1527 0.1607 0.1702 0.1816 0.1949 0.2104 0.2282 0.2486 0.2719 0.2981 0.3273 0.3593 0.3935 0.4284 0.4610 0.4862 0.4996 0.5029 0.4996 0.4919 0.4822 0.4737 0.4701 0.4737 0.4822 0.4919 0.4996 0.5029 0.4996 0.4862 0.4610 0.4284 0.3935 0.3593 0.3273 0.2981 0.2719 0.2486 0.2282 0.2104 0.1949 0.1816 0.1702 0.1607 0.1527 0.1463 0.1413 0.1376 0.1351 0.1339 0.1339 0.1352 0.1379 0.1423 0.1492 0.1604 0.1823 0.2241 0.2761 0.3266 0.3711 0.4084 0.4389 0.4631 0.4814 0.4943 0.5015 0.5023 0.4944 0.4744 0.4442 0.4095 0.3754
0.3469 0.3800 0.4152 0.4494 0.4784 0.4964 0.5027 0.5008 0.4927 0.4790 0.4597 0.4346 0.4031 0.3647 0.3193 0.2681 0.2166 0.1778 0.1582 0.1479 0.1415 0.1374 0.1349 0.1338 0.1340 0.1354 0.1381 0.1420 0.1472 0.1538 0.1620 0.1718 0.1834 0.1971 0.2129 0.2311 0.2519 0.2755 0.3021 0.3317 0.3640 0.3984 0.4331 0.4649 0.4885 0.5003 0.5028 0.4996 0.4933 0.4871 0.4845 0.4871 0.4933 0.4996 0.5028 0.5003 0.4885 0.4649 0.4331 0.3984 0.3640 0.3317 0.3021 0.2755 0.2519 0.2311 0.2129 0.1971 0.1834 0.1718 0.1620 0.1538 0.1472 0.1420 0.1381 0.1354 0.1340 0.1338 0.1349 0.1374 0.1415 0.1479 0.1582 0.1778 0.2166 0.2681 0.3193 0.3647 0.4031 0.4346 0.4597 0.4790 0.4927 0.5008 0.5027 0.4964 0.4784 0.4494 0.4152 0.3800 0.3469
0.3183 0.3493 0.3832 0.4183 0.4523 0.4805 0.4974 0.5028 0.5003 0.4917 0.4775 0.4578 0.4322 0.4001 0.3611 0.3151 0.2636 0.2126 0.1755 0.1571 0.1473 0.1411 0.1371 0.1348 0.1338 0.1341 0.1356 0.1383 0.1423 0.1477 0.1544 0.1627 0.1727 0.1845 0.1982 0.2142 0.2326 0.2536 0.2774 0.3042 0.3340 0.3664 0.4008 0.4352 0.4664 0.4891 0.5003 0.5029 0.5007 0.4972 0.4955 0.4972 0.5007 0.5029 0.5003 0.4891 0.4664 0.4352 0.4008 0.3664 0.3340 0.3042 0.2774 0.2536 0.2326 0.2142 0.1982 0.1845 0.1727 0.1627 0.1544 0.1477 0.1423 0.1383 0.1356 0.1341 0.1338 0.1348 0.1371 0.1411 0.1473 0.1571 0.1755 0.2126 0.2636 0.3151 0.3611 0.4001 0.4322 0.4578 0.4775 0.4917 0.5003 0.5028 0.4974 0.4805 0.4523 0.4183 0.3832 0.3493 0.3183
