0.1335 0.1346 0.1366 0.1399 0.1445 0.1503 0.1576 0.1665 0.1770 0.1894 0.2039 0.2205 0.2397 0.2615 0.2861 0.3138 0.3445 0.3778 0.4128 0.4475 0.4779 0.4982 0.5066 0.5061 0.4993 0.4870 0.4693 0.4460 0.4166 0.3805 0.3375 0.2882 0.2360 0.1907 0.1647 0.1517 0.1440 0.1390 0.1358 0.1341 0.1336 0.1344 0.1363 0.1394 0.1436 0.1491 0.1555 0.1626 0.1694 0.1747 0.1768 0.1747 0.1694 0.1626 0.1555 0.1491 0.1437 0.1394 0.1363 0.1344 0.1336 0.1341 0.1358 0.1390 0.1440 0.1518 0.1647 0.1907 0.2360 0.2882 0.3375 0.3805 0.4166 0.4460 0.4693 0.4870 0.4993 0.5061 0.5066 0.4982 0.4778 0.4475 0.4128 0.3778 0.3445 0.3138 0.2861 0.2614 0.2396 0.2205 0.2039 0.1894 0.1770 0.1665 0.1576 0.1503 0.1445 0.1399 0.1366 0.1346 0.1335
0.1346 0.1369 0.1402 0.1448 0.1507 0.1581 0.1670 0.1775 0.1900 0.2044 0.2211 0.2402 0.2619 0.2865 0.3140 0.3444 0.3773 0.4118 0.4457 0.4751 0.4945 0.5023 0.5017 0.4948 0.4826 0.4650 0.4419 0.4127 0.3770 0.3345 0.2857 0.2341 0.1896 0.1641 0.1514 0.1439 0.1389 0.1358 0.1342 0.1338 0.1346 0.1366 0.1397 0.1441 0.1497 0.1565 0.1644 0.1729 0.1811 0.1874 0.1898 0.1874 0.1811 0.1729 0.1644 0.1565 0.1497 0.1441 0.1397 0.1366 0.1346 0.1338 0.1342 0.1358 0.1389 0.1439 0.1514 0.1641 0.1896 0.2342 0.2857 0.3345 0.3770 0.4127 0.4419 0.4650 0.4826 0.4948 0.5017 0.5023 0.4945 0.4750 0.4456 0.4118 0.3773 0.3444 0.3140 0.2865 0.2619 0.2402 0.2211 0.2044 0.1900 0.1775 0.1670 0.1581 0.1507 0.1448 0.1402 0.1369 0.1346
0.1366 0.1402 0.1448 0.1508 0.1582 0.1671 0.1777 0.1902 0.2047 0.2214 0.2405 0.2623 0.2869 0.3145 0.3450 0.3779 0.4124 0.4462 0.4755 0.4947 0.5023 0.5016 0.4947 0.4823 0.4646 0.4414 0.4121 0.3763 0.3336 0.2848 0.2332 0.1889 0.1638 0.1513 0.1438 0.1389 0.1358 0.1342 0.1338 0.1346 0.1366 0.1398 0.1442 0.1499 0.1570 0.1653 0.1747 0.1848 0.1945 0.2018 0.2047 0.2018 0.1945 0.1848 0.1747 0.1653 0.1570 0.1499 0.1442 0.1398 0.1366 0.1346 0.1338 0.1342 0.1358 0.1389 0.1438 0.1513 0.1638 0.1889 0.2333 0.2848 0.3337 0.3763 0.4121 0.4414 0.4646 0.4823 0.4947 0.5016 0.5023 0.4947 0.4755 0.4462 0.4124 0.3779 0.3450 0.3145 0.2869 0.2623 0.2405 0.2214 0.2047 0.1902 0.1777 0.1671 0.1582 0.1508 0.1448 0.1402 0.1366
0.1399 0.1448 0.1508 0.1582 0.1672 0.1778 0.1903 0.2049 0.2216 0.2408 0.2627 0.2874 0.3150 0.3455 0.3785 0.4130 0.4468 0.4759 0.4949 0.5024 0.5015 0.4945 0.4820 0.4643 0.4409 0.4115 0.3756 0.3328 0.2839 0.2323 0.1883 0.1635 0.1511 0.1436 0.1388 0.1358 0.1341 0.1338 0.1346 0.1367 0.1399 0.1443 0.1501 0.1573 0.1658 0.1758 0.1869 0.1987 0.2100 0.2186 0.2219 0.2186 0.2100 0.1987 0.1869 0.1758 0.1658 0.1573 0.1501 0.1443 0.1399 0.1367 0.1346 0.1338 0.1341 0.1358 0.1388 0.1436 0.1511 0.1635 0.1883 0.2324 0.2839 0.3328 0.3756 0.4116 0.4409 0.4643 0.4820 0.4945 0.5015 0.5024 0.4949 0.4759 0.4468 0.4130 0.3785 0.3455 0.3150 0.2873 0.2627 0.2408 0.2216 0.2049 0.1903 0.1778 0.1672 0.1582 0.1508 0.1448 0.1399
0.1445 0.1507 0.1582 0.1672 0.1779 0.1904 0.2050 0.2218 0.2411 0.2630 0.2877 0.3154 0.3460 0.3790 0.4135 0.4473 0.4764 0.4951 0.5024 0.5014 0.4943 0.4818 0.4639 0.4405 0.4110 0.3749 0.3320 0.2829 0.2314 0.1877 0.1632 0.1509 0.1435 0.1387 0.1357 0.1341 0.1338 0.1347 0.1367 0.1399 0.1444 0.1503 0.1575 0.1662 0.1764 0.1881 0.2012 0.2149 0.2279 0.2378 0.2416 0.2378 0.2279 0.2149 0.2012 0.1881 0.1764 0.1662 0.1575 0.1503 0.1444 0.1399 0.1367 0.1347 0.1338 0.1341 0.1357 0.1387 0.1435 0.1509 0.1632 0.1877 0.2315 0.2830 0.3320 0.3749 0.4110 0.4405 0.4639 0.4818 0.4943 0.5014 0.5024 0.4951 0.4764 0.4473 0.4135 0.3790 0.3460 0.3154 0.2877 0.2630 0.2411 0.2218 0.2050 0.1904 0.1779 0.1672 0.1582 0.1507 0.1445
0.1503 0.1581 0.1671 0.1778 0.1904 0.2051 0.2219 0.2413 0.2632 0.2880 0.3158 0.3464 0.3795 0.4141 0.4478 0.4768 0.4953 0.5025 0.5014 0.4941 0.4815 0.4635 0.4400 0.4104 0.3742 0.3312 0.2820 0.2305 0.1871 0.1629 0.1508 0.1434 0.1387 0.1357 0.1341 0.1338 0.1347 0.1367 0.1400 0.1445 0.1504 0.1577 0.1664 0.1768 0.1889 0.2026 0.2177 0.2335 0.2484 0.2597 0.2641 0.2597 0.2484 0.2335 0.2177 0.2026 0.1889 0.1768 0.1664 0.1577 0.1504 0.1445 0.1400 0.1367 0.1347 0.1338 0.1341 0.1357 0.1387 0.1434 0.1508 0.1629 0.1871 0.2306 0.2820 0.3312 0.3742 0.4104 0.4400 0.4636 0.4815 0.4941 0.5014 0.5025 0.4953 0.4768 0.4478 0.4141 0.3795 0.3464 0.3158 0.2880 0.2632 0.2413 0.2219 0.2051 0.1904 0.1778 0.1671 0.1581 0.1503
0.1576 0.1670 0.1777 0.1903 0.2050 0.2219 0.2413 0.2634 0.2882 0.3161 0.3468 0.3800 0.4145 0.4483 0.4771 0.4955 0.5025 0.5013 0.4940 0.4813 0.4632 0.4395 0.4098 0.3735 0.3303 0.2811 0.2297 0.1865 0.1626 0.1506 0.1433 0.1386 0.1356 0.1341 0.1338 0.1347 0.1368 0.1401 0.1446 0.1505 0.1578 0.1666 0.1771 0.1893 0.2034 0.2193 0.2367 0.2548 0.2718 0.2846 0.2895 0.2846 0.2718 0.2548 0.2367 0.2193 0.2034 0.1893 0.1771 0.1666 0.1578 0.1505 0.1446 0.1401 0.1368 0.1347 0.1338 0.1341 0.1356 0.1386 0.1433 0.1506 0.1626 0.1865 0.2297 0.2811 0.3304 0.3735 0.4098 0.4396 0.4632 0.4813 0.4940 0.5013 0.5025 0.4955 0.4771 0.4483 0.4145 0.3800 0.3468 0.3161 0.2882 0.2634 0.2413 0.2219 0.2050 0.1903 0.1777 0.1670 0.1576
0.1665 0.1775 0.1902 0.2049 0.2218 0.2413 0.2634 0.2883 0.3162 0.3470 0.3803 0.4149 0.4487 0.4774 0.4957 0.5025 0.5012 0.4938 0.4810 0.4629 0.4391 0.4093 0.3729 0.3296 0.2802 0.2288 0.1859 0.1623 0.1504 0.1432 0.1385 0.1356 0.1341 0.1338 0.1347 0.1368 0.1402 0.1447 0.1506 0.1580 0.1668 0.1774 0.1897 0.2040 0.2203 0.2385 0.2584 0.2789 0.2981 0.3125 0.3180 0.3125 0.2981 0.2789 0.2584 0.2385 0.2203 0.2040 0.1897 0.1774 0.1668 0.1580 0.1506 0.1447 0.1402 0.1368 0.1347 0.1338 0.1341 0.1356 0.1385 0.1432 0.1504 0.1623 0.1859 0.2288 0.2802 0.3296 0.3729 0.4093 0.4391 0.4629 0.4810 0.4938 0.5012 0.5025 0.4957 0.4774 0.4487 0.4149 0.3803 0.3470 0.3162 0.2883 0.2634 0.2413 0.2218 0.2049 0.1902 0.1775 0.1665
0.1770 0.1900 0.2047 0.2216 0.2411 0.2632 0.2882 0.3162 0.3471 0.3804 0.4151 0.4489 0.4777 0.4958 0.5026 0.5012 0.4937 0.4808 0.4626 0.4387 0.4088 0.3722 0.3288 0.2794 0.2280 0.1853 0.1620 0.1503 0.1431 0.1385 0.1356 0.1341 0.1338 0.1348 0.1369 0.1402 0.1448 0.1508 0.1581 0.1670 0.1776 0.1900 0.2044 0.2209 0.2396 0.2605 0.2830 0.3061 0.3276 0.3435 0.3495 0.3435 0.3276 0.3061 0.2830 0.2605 0.2396 0.2209 0.2044 0.1900 0.1776 0.1670 0.1581 0.1508 0.1448 0.1402 0.1369 0.1348 0.1338 0.1341 0.1356 0.1385 0.1431 0.1503 0.1620 0.1853 0.2280 0.2794 0.3288 0.3722 0.4088 0.4387 0.4626 0.4808 0.4937 0.5012 0.5026 0.4958 0.4777 0.4489 0.4151 0.3804 0.3471 0.3162 0.2882 0.2632 0.2411 0.2216 0.2047 0.1900 0.1770
0.1894 0.2044 0.2214 0.2408 0.2630 0.2880 0.3161 0.3470 0.3804 0.4152 0.4491 0.4778 0.4959 0.5026 0.5011 0.4936 0.4806 0.4623 0.4383 0.4083 0.3716 0.3281 0.2786 0.2272 0.1848 0.1618 0.1501 0.1430 0.1384 0.1355 0.1340 0.1338 0.1348 0.1369 0.1403 0.1449 0.1509 0.1583 0.1672 0.1778 0.1903 0.2047 0.2214 0.2403 0.2617 0.2853 0.3107 0.3364 0.3599 0.3771 0.3835 0.3771 0.3599 0.3364 0.3107 0.2853 0.2617 0.2403 0.2214 0.2047 0.1903 0.1778 0.1672 0.1583 0.1509 0.1449 0.1403 0.1369 0.1348 0.1338 0.1340 0.1355 0.1384 0.1430 0.1501 0.1618 0.1848 0.2272 0.2786 0.3281 0.3716 0.4083 0.4383 0.4623 0.4806 0.4936 0.5011 0.5026 0.4959 0.4778 0.4491 0.4152 0.3804 0.3470 0.3161 0.2880 0.2630 0.2408 0.2214 0.2044 0.1894
0.2039 0.2211 0.2405 0.2627 0.2877 0.3158 0.3468 0.3803 0.4151 0.4491 0.4779 0.4960 0.5026 0.5011 0.4935 0.4804 0.4620 0.4380 0.4078 0.3710 0.3274 0.2778 0.2265 0.1843 0.1615 0.1500 0.1429 0.1383 0.1355 0.1340 0.1338 0.1348 0.1370 0.1404 0.1450 0.1510 0.1584 0.1674 0.1780 0.1905 0.2050 0.2218 0.2409 0.2625 0.2867 0.3132 0.3413 0.3694 0.3944 0.4123 0.4188 0.4123 0.3944 0.3694 0.3413 0.3132 0.2867 0.2625 0.2409 0.2218 0.2050 0.1905 0.1780 0.1674 0.1584 0.1510 0.1450 0.1404 0.1370 0.1348 0.1338 0.1340 0.1355 0.1383 0.1429 0.1500 0.1616 0.1843 0.2265 0.2778 0.3274 0.3710 0.4078 0.4380 0.4620 0.4804 0.4935 0.5011 0.5026 0.4960 0.4779 0.4491 0.4151 0.3803 0.3468 0.3158 0.2877 0.2627 0.2405 0.2211 0.2039
0.2205 0.2402 0.2623 0.2873 0.3154 0.3464 0.3800 0.4149 0.4489 0.4778 0.4960 0.5026 0.5011 0.4934 0.4803 0.4618 0.4377 0.4074 0.3705 0.3268 0.2771 0.2257 0.1838 0.1613 0.1499 0.1429 0.1383 0.1355 0.1340 0.1338 0.1348 0.1370 0.1404 0.1451 0.1511 0.1585 0.1675 0.1782 0.1907 0.2053 0.2221 0.2413 0.2631 0.2876 0.3148 0.3442 0.3747 0.4043 0.4296 0.4468 0.4529 0.4468 0.4296 0.4042 0.3747 0.3441 0.3148 0.2876 0.2631 0.2413 0.2221 0.2053 0.1907 0.1782 0.1675 0.1585 0.1511 0.1451 0.1404 0.1370 0.1348 0.1338 0.1340 0.1355 0.1383 0.1429 0.1499 0.1613 0.1838 0.2258 0.2771 0.3268 0.3705 0.4074 0.4377 0.4618 0.4803 0.4934 0.5011 0.5026 0.4960 0.4778 0.4489 0.4149 0.3800 0.3464 0.3154 0.2873 0.2623 0.2402 0.2205
0.2396 0.2619 0.2869 0.3150 0.3460 0.3795 0.4145 0.4487 0.4777 0.4959 0.5026 0.5011 0.4934 0.4802 0.4617 0.4375 0.4071 0.3701 0.3262 0.2764 0.2251 0.1834 0.1611 0.1497 0.1428 0.1382 0.1354 0.1340 0.1338 0.1349 0.1371 0.1405 0.1452 0.1512 0.1587 0.1677 0.1784 0.1910 0.2056 0.2224 0.2417 0.2636 0.2883 0.3158 0.3458 0.3777 0.4097 0.4392 0.4624 0.4765 0.4810 0.4765 0.4624 0.4392 0.4097 0.3777 0.3458 0.3158 0.2883 0.2636 0.2417 0.2224 0.2056 0.1910 0.1784 0.1677 0.1587 0.1512 0.1452 0.1405 0.1371 0.1349 0.1338 0.1340 0.1354 0.1382 0.1428 0.1497 0.1611 0.1834 0.2251 0.2764 0.3262 0.3701 0.4071 0.4375 0.4617 0.4802 0.4934 0.5011 0.5026 0.4959 0.4777 0.4487 0.4145 0.3795 0.3460 0.3150 0.2869 0.2619 0.2396
0.2614 0.2865 0.3145 0.3455 0.3790 0.4141 0.4483 0.4774 0.4958 0.5026 0.5011 0.4934 0.4802 0.4617 0.4374 0.4070 0.3698 0.3258 0.2759 0.2245 0.1830 0.1609 0.1496 0.1427 0.1382 0.1354 0.1340 0.1338 0.1349 0.1371 0.1406 0.1453 0.1513 0.1588 0.1679 0.1786 0.1912 0.2058 0.2227 0.2421 0.2641 0.2889 0.3165 0.3469 0.3795 0.4127 0.4443 0.4704 0.4874 0.4954 0.4976 0.4954 0.4874 0.4704 0.4443 0.4127 0.3794 0.3469 0.3165 0.2889 0.2641 0.2421 0.2227 0.2058 0.1912 0.1786 0.1678 0.1588 0.1513 0.1453 0.1406 0.1371 0.1349 0.1338 0.1340 0.1354 0.1382 0.1427 0.1496 0.1609 0.1830 0.2245 0.2759 0.3258 0.3698 0.4070 0.4374 0.4617 0.4802 0.4934 0.5011 0.5026 0.4958 0.4774 0.4483 0.4141 0.3790 0.3455 0.3145 0.2865 0.2614
0.2861 0.3140 0.3450 0.3785 0.4135 0.4478 0.4771 0.4957 0.5026 0.5011 0.4935 0.4803 0.4617 0.4374 0.4069 0.3697 0.3256 0.2756 0.2241 0.1827 0.1607 0.1495 0.1426 0.1381 0.1354 0.1340 0.1339 0.1349 0.1372 0.1406 0.1454 0.1514 0.1589 0.1680 0.1788 0.1914 0.2061 0.2230 0.2424 0.2645 0.2894 0.3172 0.3478 0.3806 0.4146 0.4472 0.4745 0.4922 0.5002 0.5025 0.5028 0.5025 0.5002 0.4922 0.4745 0.4471 0.4145 0.3806 0.3477 0.3171 0.2893 0.2644 0.2424 0.2230 0.2061 0.1914 0.1788 0.1680 0.1589 0.1514 0.1453 0.1406 0.1372 0.1349 0.1339 0.1340 0.1354 0.1381 0.1426 0.1495 0.1607 0.1827 0.2241 0.2756 0.3256 0.3697 0.4069 0.4374 0.4617 0.4803 0.4935 0.5011 0.5026 0.4957 0.4771 0.4478 0.4135 0.3785 0.3450 0.3140 0.2861
0.3138 0.3444 0.3779 0.4130 0.4473 0.4768 0.4955 0.5025 0.5012 0.4936 0.4804 0.4618 0.4375 0.4070 0.3697 0.3255 0.2754 0.2239 0.1825 0.1606 0.1494 0.1426 0.1381 0.1353 0.1340 0.1339 0.1349 0.1372 0.1407 0.1454 0.1515 0.1591 0.1682 0.1790 0.1916 0.2063 0.2233 0.2427 0.2648 0.2898 0.3177 0.3484 0.3815 0.4157 0.4488 0.4767 0.4944 0.5018 0.5027 0.5012 0.5002 0.5012 0.5027 0.5018 0.4944 0.4767 0.4488 0.4157 0.3815 0.3484 0.3177 0.2898 0.2648 0.2427 0.2233 0.2063 0.1916 0.1790 0.1682 0.1591 0.1515 0.1454 0.1407 0.1372 0.1349 0.1339 0.1340 0.1353 0.1381 0.1426 0.1494 0.1606 0.1825 0.2239 0.2754 0.3255 0.3697 0.4070 0.4375 0.4618 0.4804 0.4936 0.5012 0.5025 0.4955 0.4768 0.4473 0.4130 0.3779 0.3444 0.3138
0.3445 0.3773 0.4124 0.4468 0.4764 0.4953 0.5025 0.5012 0.4937 0.4806 0.4620 0.4377 0.4071 0.3698 0.3256 0.2754 0.2238 0.1824 0.1605 0.1494 0.1425 0.1381 0.1353 0.1340 0.1339 0.1350 0.1373 0.1407 0.1455 0.1516 0.1592 0.1683 0.1791 0.1918 0.2066 0.2236 0.2430 0.2652 0.2902 0.3181 0.3489 0.3821 0.4166 0.4499 0.4779 0.4955 0.5023 0.5021 0.4981 0.4935 0.4914 0.4935 0.4981 0.5021 0.5023 0.4955 0.4779 0.4499 0.4166 0.3821 0.3489 0.3181 0.2902 0.2652 0.2430 0.2236 0.2066 0.1918 0.1791 0.1683 0.1592 0.1516 0.1455 0.1407 0.1373 0.1350 0.1339 0.1340 0.1353 0.1381 0.1425 0.1494 0.1605 0.1824 0.2238 0.2754 0.3256 0.3698 0.4071 0.4377 0.4620 0.4806 0.4937 0.5012 0.5025 0.4953 0.4764 0.4468 0.4124 0.3773 0.3445
0.3778 0.4118 0.4462 0.4759 0.4951 0.5025 0.5013 0.4938 0.4808 0.4623 0.4380 0.4074 0.3701 0.3258 0.2756 0.2239 0.1824 0.1605 0.1494 0.1425 0.1380 0.1353 0.1340 0.1339 0.1350 0.1373 0.1408 0.1456 0.1517 0.1593 0.1685 0.1793 0.1920 0.2068 0.2239 0.2434 0.2656 0.2906 0.3186 0.3494 0.3827 0.4172 0.4506 0.4787 0.4961 0.5025 0.5015 0.4958 0.4877 0.4802 0.4771 0.4802 0.4877 0.4958 0.5015 0.5025 0.4961 0.4787 0.4506 0.4172 0.3827 0.3494 0.3186 0.2906 0.2655 0.2434 0.2239 0.2068 0.1920 0.1793 0.1685 0.1593 0.1517 0.1456 0.1408 0.1373 0.1350 0.1339 0.1340 0.1353 0.1380 0.1425 0.1494 0.1605 0.1824 0.2239 0.2756 0.3258 0.3701 0.4074 0.4380 0.4623 0.4808 0.4938 0.5013 0.5025 0.4951 0.4759 0.4462 0.4118 0.3778
0.4128 0.4456 0.4755 0.4949 0.5024 0.5014 0.4940 0.4810 0.4626 0.4383 0.4078 0.3705 0.3262 0.2759 0.2241 0.1825 0.1605 0.1494 0.1425 0.1380 0.1353 0.1340 0.1339 0.1350 0.1373 0.1409 0.1457 0.1518 0.1594 0.1686 0.1795 0.1923 0.2071 0.2241 0.2437 0.2659 0.2910 0.3191 0.3499 0.3832 0.4178 0.4512 0.4792 0.4965 0.5026 0.5012 0.4944 0.4838 0.4717 0.4615 0.4573 0.4615 0.4717 0.4839 0.4944 0.5012 0.5026 0.4965 0.4792 0.4512 0.4178 0.3832 0.3499 0.3190 0.2910 0.2659 0.2437 0.2241 0.2071 0.1922 0.1795 0.1686 0.1594 0.1518 0.1457 0.1409 0.1373 0.1350 0.1339 0.1340 0.1353 0.1380 0.1425 0.1494 0.1605 0.1825 0.2241 0.2759 0.3262 0.3705 0.4078 0.4383 0.4626 0.4810 0.4940 0.5014 0.5024 0.4949 0.4755 0.4456 0.4128
0.4475 0.4750 0.4947 0.5024 0.5014 0.4941 0.4813 0.4629 0.4387 0.4083 0.3710 0.3268 0.2764 0.2245 0.1827 0.1606 0.1494 0.1425 0.1380 0.1353 0.1340 0.1339 0.1350 0.1373 0.1409 0.1457 0.1519 0.1595 0.1687 0.1797 0.1925 0.2073 0.2244 0.2440 0.2663 0.2914 0.3195 0.3504 0.3838 0.4183 0.4518 0.4797 0.4967 0.5027 0.5009 0.4935 0.4816 0.4664 0.4502 0.4368 0.4315 0.4368 0.4502 0.4664 0.4816 0.4935 0.5009 0.5027 0.4967 0.4796 0.4517 0.4183 0.3838 0.3504 0.3195 0.2914 0.2663 0.2440 0.2244 0.2073 0.1925 0.1797 0.1687 0.1595 0.1519 0.1457 0.1409 0.1373 0.1350 0.1339 0.1340 0.1353 0.1380 0.1425 0.1494 0.1606 0.1827 0.2245 0.2764 0.3268 0.3710 0.4083 0.4387 0.4629 0.4813 0.4941 0.5014 0.5024 0.4947 0.4750 0.4475
0.4778 0.4945 0.5023 0.5015 0.4943 0.4815 0.4632 0.4391 0.4088 0.3716 0.3274 0.2771 0.2251 0.1830 0.1607 0.1494 0.1425 0.1380 0.1353 0.1340 0.1339 0.1350 0.1373 0.1409 0.1458 0.1520 0.1596 0.1689 0.1798 0.1926 0.2075 0.2247 0.2443 0.2667 0.2918 0.3200 0.3509 0.3843 0.4188 0.4522 0.4800 0.4969 0.5027 0.5008 0.4930 0.4803 0.4633 0.4432 0.4225 0.4059 0.3993 0.4059 0.4225 0.4432 0.4633 0.4803 0.4930 0.5008 0.5027 0.4969 0.4800 0.4522 0.4188 0.3843 0.3509 0.3199 0.2918 0.2666 0.2443 0.2247 0.2075 0.1926 0.1798 0.1688 0.1596 0.1520 0.1458 0.1409 0.1373 0.1350 0.1339 0.1340 0.1353 0.1380 0.1425 0.1494 0.1607 0.1830 0.2251 0.2771 0.3274 0.3716 0.4088 0.4391 0.4632 0.4815 0.4943 0.5015 0.5023 0.4945 0.4778
0.4982 0.5023 0.5016 0.4945 0.4818 0.4636 0.4396 0.4093 0.3722 0.3281 0.2778 0.2258 0.1834 0.1609 0.1495 0.1426 0.1381 0.1353 0.1340 0.1339 0.1350 0.1374 0.1409 0.1458 0.1520 0.1597 0.1689 0.1799 0.1928 0.2077 0.2249 0.2446 0.2670 0.2922 0.3204 0.3514 0.3848 0.4194 0.4527 0.4804 0.4971 0.5028 0.5007 0.4927 0.4795 0.4616 0.4393 0.4139 0.3883 0.3681 0.3602 0.3681 0.3883 0.4139 0.4393 0.4616 0.4795 0.4927 0.5007 0.5028 0.4971 0.4804 0.4527 0.4194 0.3848 0.3514 0.3204 0.2922 0.2670 0.2446 0.2249 0.2077 0.1928 0.1799 0.1689 0.1597 0.1520 0.1458 0.1409 0.1374 0.1350 0.1339 0.1340 0.1353 0.1381 0.1426 0.1495 0.1609 0.1834 0.2258 0.2778 0.3281 0.3722 0.4093 0.4396 0.4636 0.4818 0.4945 0.5016 0.5023 0.4982
0.5066 0.5017 0.4947 0.4820 0.4639 0.4400 0.4098 0.3729 0.3288 0.2786 0.2265 0.1838 0.1611 0.1496 0.1426 0.1381 0.1353 0.1340 0.1339 0.1350 0.1373 0.1409 0.1458 0.1520 0.1597 0.1690 0.1800 0.1929 0.2079 0.2251 0.2449 0.2673 0.2926 0.3209 0.3519 0.3853 0.4199 0.4532 0.4807 0.4973 0.5028 0.5006 0.4924 0.4790 0.4605 0.4370 0.4089 0.3778 0.3470 0.3233 0.3140 0.3233 0.3471 0.3778 0.4090 0.4370 0.4605 0.4790 0.4924 0.5006 0.5028 0.4973 0.4807 0.4532 0.4199 0.3853 0.3519 0.3208 0.2926 0.2673 0.2449 0.2251 0.2079 0.1929 0.1800 0.1690 0.1597 0.1520 0.1458 0.1409 0.1373 0.1350 0.1339 0.1340 0.1353 0.1381 0.1426 0.1496 0.1611 0.1838 0.2265 0.2786 0.3288 0.3729 0.4098 0.4400 0.4639 0.4820 0.4947 0.5017 0.5066
0.5061 0.4948 0.4823 0.4643 0.4405 0.4104 0.3735 0.3296 0.2794 0.2272 0.1843 0.1613 0.1497 0.1427 0.1381 0.1353 0.1340 0.1339 0.1350 0.1373 0.1409 0.1458 0.1520 0.1597 0.1690 0.1800 0.1930 0.2080 0.2253 0.2451 0.2676 0.2929 0.3212 0.3524 0.3858 0.4204 0.4537 0.4811 0.4974 0.5028 0.5005 0.4922 0.4787 0.4599 0.4357 0.4062 0.3718 0.3346 0.2990 0.2725 0.2626 0.2725 0.2991 0.3346 0.3718 0.4062 0.4357 0.4599 0.4787 0.4922 0.5005 0.5028 0.4974 0.4811 0.4537 0.4204 0.3858 0.3524 0.3212 0.2929 0.2675 0.2451 0.2253 0.2080 0.1930 0.1800 0.1690 0.1597 0.1520 0.1458 0.1409 0.1373 0.1350 0.1339 0.1340 0.1353 0.1381 0.1427 0.1497 0.1613 0.1843 0.2272 0.2794 0.3296 0.3735 0.4104 0.4405 0.4643 0.4823 0.4948 0.5061
0.4993 0.4826 0.4646 0.4409 0.4110 0.3742 0.3304 0.2802 0.2280 0.1848 0.1616 0.1499 0.1428 0.1382 0.1354 0.1340 0.1339 0.1350 0.1373 0.1409 0.1458 0.1520 0.1597 0.1690 0.1801 0.1930 0.2080 0.2254 0.2452 0.2677 0.2932 0.3215 0.3527 0.3863 0.4209 0.4541 0.4814 0.4976 0.5028 0.5004 0.4920 0.4784 0.4594 0.4349 0.4046 0.3685 0.3276 0.2850 0.2468 0.2208 0.2118 0.2208 0.2469 0.2850 0.3276 0.3685 0.4046 0.4349 0.4594 0.4784 0.4920 0.5004 0.5028 0.4976 0.4814 0.4541 0.4209 0.3863 0.3527 0.3215 0.2931 0.2677 0.2452 0.2254 0.2080 0.1930 0.1801 0.1690 0.1597 0.1520 0.1458 0.1409 0.1373 0.1350 0.1339 0.1340 0.1354 0.1382 0.1428 0.1499 0.1616 0.1848 0.2280 0.2802 0.3304 0.3742 0.4110 0.4409 0.4646 0.4826 0.4993
0.4870 0.4650 0.4414 0.4116 0.3749 0.3312 0.2811 0.2288 0.1853 0.1618 0.1500 0.1429 0.1382 0.1354 0.1340 0.1339 0.1350 0.1373 0.1409 0.1457 0.1520 0.1597 0.1690 0.1800 0.1930 0.2081 0.2254 0.2453 0.2679 0.2933 0.3218 0.3530 0.3866 0.4213 0.4545 0.4817 0.4977 0.5028 0.5003 0.4919 0.4781 0.4590 0.4342 0.4035 0.3665 0.3237 0.2773 0.2327 0.1986 0.1805 0.1752 0.1805 0.1986 0.2328 0.2773 0.3238 0.3665 0.4035 0.4342 0.4590 0.4781 0.4919 0.5003 0.5028 0.4977 0.4817 0.4545 0.4213 0.3866 0.3530 0.3217 0.2933 0.2679 0.2453 0.2254 0.2081 0.1930 0.1800 0.1690 0.1597 0.1520 0.1457 0.1409 0.1373 0.1350 0.1339 0.1340 0.1354 0.1382 0.1429 0.1500 0.1618 0.1853 0.2288 0.2811 0.3312 0.3749 0.4116 0.4414 0.4650 0.4870
0.4693 0.4419 0.4121 0.3756 0.3320 0.2820 0.2297 0.1859 0.1620 0.1501 0.1429 0.1383 0.1354 0.1340 0.1339 0.1349 0.1373 0.1408 0.1457 0.1519 0.1596 0.1689 0.1800 0.1930 0.2080 0.2254 0.2453 0.2679 0.2934 0.3219 0.3532 0.3869 0.4216 0.4548 0.4820 0.4979 0.5028 0.5002 0.4917 0.4778 0.4586 0.4337 0.4027 0.3652 0.3214 0.2731 0.2253 0.1881 0.1682 0.1596 0.1571 0.1596 0.1682 0.1881 0.2253 0.2731 0.3215 0.3652 0.4027 0.4337 0.4586 0.4778 0.4917 0.5002 0.5028 0.4979 0.4820 0.4548 0.4216 0.3869 0.3532 0.3219 0.2934 0.2679 0.2453 0.2254 0.2080 0.1930 0.1800 0.1689 0.1596 0.1519 0.1457 0.1408 0.1373 0.1349 0.1339 0.1340 0.1354 0.1383 0.1429 0.1501 0.1620 0.1859 0.2297 0.2820 0.3320 0.3756 0.4121 0.4419 0.4693
0.4460 0.4127 0.3763 0.3328 0.2830 0.2306 0.1865 0.1623 0.1503 0.1430 0.1383 0.1355 0.1340 0.1338 0.1349 0.1372 0.1407 0.1456 0.1518 0.1595 0.1688 0.1799 0.1929 0.2080 0.2254 0.2453 0.2679 0.2935 0.3220 0.3534 0.3871 0.4218 0.4551 0.4822 0.4980 0.5028 0.5001 0.4915 0.4776 0.4583 0.4333 0.4021 0.3643 0.3200 0.2705 0.2212 0.1831 0.1631 0.1535 0.1487 0.1473 0.1487 0.1535 0.1631 0.1831 0.2212 0.2706 0.3200 0.3643 0.4021 0.4333 0.4583 0.4776 0.4916 0.5001 0.5028 0.4979 0.4822 0.4551 0.4218 0.3871 0.3534 0.3220 0.2935 0.2679 0.2453 0.2254 0.2080 0.1929 0.1799 0.1688 0.1595 0.1518 0.1456 0.1407 0.1372 0.1349 0.1338 0.1340 0.1355 0.1383 0.1430 0.1503 0.1623 0.1865 0.2306 0.2830 0.3328 0.3763 0.4127 0.4460
0.4166 0.3770 0.3337 0.2839 0.2315 0.1871 0.1626 0.1504 0.1431 0.1384 0.1355 0.1340 0.1338 0.1349 0.1372 0.1407 0.1455 0.1517 0.1594 0.1687 0.1798 0.1928 0.2079 0.2253 0.2452 0.2679 0.2934 0.3220 0.3534 0.3872 0.4220 0.4552 0.4823 0.4980 0.5028 0.5001 0.4914 0.4774 0.4580 0.4328 0.4015 0.3636 0.3189 0.2689 0.2189 0.1805 0.1608 0.1508 0.1451 0.1420 0.1411 0.1420 0.1451 0.1508 0.1608 0.1805 0.2189 0.2690 0.3189 0.3636 0.4016 0.4329 0.4580 0.4774 0.4914 0.5001 0.5028 0.4980 0.4823 0.4552 0.4220 0.3872 0.3534 0.3220 0.2934 0.2679 0.2452 0.2253 0.2079 0.1928 0.1798 0.1687 0.1594 0.1517 0.1455 0.1407 0.1372 0.1349 0.1338 0.1340 0.1355 0.1384 0.1431 0.1504 0.1626 0.1871 0.2315 0.2839 0.3337 0.3770 0.4166
0.3805 0.3345 0.2848 0.2324 0.1877 0.1629 0.1506 0.1432 0.1385 0.1355 0.1340 0.1338 0.1349 0.1371 0.1406 0.1454 0.1516 0.1593 0.1686 0.1797 0.1926 0.2077 0.2251 0.2451 0.2677 0.2933 0.3219 0.3534 0.3872 0.4220 0.4553 0.4824 0.4981 0.5029 0.5000 0.4913 0.4772 0.4577 0.4325 0.4011 0.3629 0.3180 0.2678 0.2174 0.1791 0.1595 0.1494 0.1433 0.1397 0.1377 0.1371 0.1377 0.1397 0.1433 0.1494 0.1595 0.1791 0.2174 0.2678 0.3181 0.3629 0.4011 0.4325 0.4577 0.4772 0.4913 0.5000 0.5029 0.4981 0.4824 0.4553 0.4220 0.3872 0.3534 0.3219 0.2933 0.2677 0.2451 0.2251 0.2077 0.1926 0.1797 0.1686 0.1593 0.1516 0.1454 0.1406 0.1371 0.1349 0.1338 0.1340 0.1355 0.1385 0.1432 0.1506 0.1629 0.1877 0.2324 0.2848 0.3345 0.3805
0.3375 0.2857 0.2333 0.1883 0.1632 0.1508 0.1433 0.1385 0.1356 0.1340 0.1338 0.1348 0.1371 0.1406 0.1453 0.1515 0.1592 0.1685 0.1795 0.1925 0.2075 0.2249 0.2449 0.2675 0.2931 0.3217 0.3532 0.3871 0.4220 0.4553 0.4824 0.4981 0.5029 0.5000 0.4913 0.4771 0.4575 0.4322 0.4007 0.3624 0.3174 0.2669 0.2164 0.1783 0.1589 0.1487 0.1425 0.1385 0.1362 0.1351 0.1347 0.1351 0.1362 0.1385 0.1425 0.1487 0.1589 0.1783 0.2164 0.2669 0.3174 0.3624 0.4007 0.4322 0.4575 0.4771 0.4913 0.5000 0.5029 0.4981 0.4824 0.4553 0.4220 0.3871 0.3532 0.3217 0.2931 0.2675 0.2449 0.2249 0.2075 0.1925 0.1795 0.1685 0.1592 0.1515 0.1453 0.1406 0.1371 0.1348 0.1338 0.1340 0.1356 0.1385 0.1433 0.1508 0.1632 0.1883 0.2333 0.2857 0.3375
0.2882 0.2342 0.1889 0.1635 0.1509 0.1434 0.1386 0.1356 0.1341 0.1338 0.1348 0.1370 0.1405 0.1453 0.1514 0.1591 0.1683 0.1793 0.1922 0.2073 0.2247 0.2446 0.2673 0.2929 0.3215 0.3530 0.3869 0.4218 0.4552 0.4824 0.4981 0.5029 0.5000 0.4912 0.4770 0.4574 0.4320 0.4004 0.3620 0.3168 0.2662 0.2157 0.1777 0.1585 0.1483 0.1420 0.1380 0.1356 0.1343 0.1338 0.1338 0.1338 0.1343 0.1356 0.1380 0.1420 0.1483 0.1585 0.1777 0.2157 0.2663 0.3168 0.3620 0.4004 0.4320 0.4574 0.4770 0.4912 0.5000 0.5029 0.4981 0.4824 0.4552 0.4218 0.3869 0.3530 0.3215 0.2929 0.2673 0.2446 0.2247 0.2073 0.1922 0.1793 0.1683 0.1591 0.1514 0.1453 0.1405 0.1370 0.1348 0.1338 0.1341 0.1356 0.1386 0.1434 0.1509 0.1635 0.1889 0.2342 0.2882
0.2360 0.1896 0.1638 0.1511 0.1435 0.1387 0.1356 0.1341 0.1338 0.1348 0.1370 0.1404 0.1452 0.1513 0.1589 0.1682 0.1791 0.1920 0.2071 0.2244 0.2443 0.2670 0.2926 0.3212 0.3527 0.3866 0.4216 0.4551 0.4823 0.4981 0.5029 0.5000 0.4912 0.4770 0.4573 0.4319 0.4002 0.3617 0.3164 0.2657 0.2151 0.1773 0.1582 0.1481 0.1418 0.1377 0.1352 0.1340 0.1337 0.1339 0.1340 0.1339 0.1337 0.1340 0.1353 0.1377 0.1418 0.1481 0.1582 0.1773 0.2151 0.2657 0.3164 0.3617 0.4002 0.4319 0.4573 0.4770 0.4912 0.5000 0.5029 0.4981 0.4823 0.4551 0.4216 0.3866 0.3527 0.3212 0.2926 0.2670 0.2443 0.2244 0.2071 0.1920 0.1791 0.1682 0.1589 0.1513 0.1452 0.1404 0.1370 0.1348 0.1338 0.1341 0.1356 0.1387 0.1435 0.1511 0.1638 0.1896 0.2360
0.1907 0.1641 0.1513 0.1436 0.1387 0.1357 0.1341 0.1338 0.1348 0.1369 0.1404 0.1451 0.1512 0.1588 0.1680 0.1790 0.1918 0.2068 0.2241 0.2440 0.2666 0.2922 0.3208 0.3524 0.3863 0.4213 0.4548 0.4822 0.4980 0.5029 0.5000 0.4912 0.4770 0.4573 0.4318 0.4000 0.3615 0.3161 0.2653 0.2146 0.1770 0.1580 0.1480 0.1416 0.1376 0.1351 0.1339 0.1338 0.1344 0.1352 0.1356 0.1352 0.1344 0.1338 0.1339 0.1351 0.1376 0.1416 0.1480 0.1580 0.1770 0.2147 0.2653 0.3161 0.3615 0.4000 0.4318 0.4573 0.4770 0.4912 0.5000 0.5029 0.4980 0.4822 0.4548 0.4213 0.3863 0.3524 0.3208 0.2922 0.2666 0.2440 0.2241 0.2068 0.1918 0.1790 0.1680 0.1588 0.1512 0.1451 0.1404 0.1369 0.1348 0.1338 0.1341 0.1357 0.1387 0.1436 0.1513 0.1641 0.1907
0.1647 0.1514 0.1438 0.1388 0.1357 0.1341 0.1338 0.1347 0.1369 0.1403 0.1450 0.1511 0.1587 0.1678 0.1788 0.1916 0.2066 0.2239 0.2437 0.2663 0.2918 0.3204 0.3519 0.3858 0.4209 0.4545 0.4820 0.4979 0.5028 0.5000 0.4913 0.4770 0.4573 0.4318 0.4000 0.3614 0.3159 0.2650 0.2143 0.1767 0.1579 0.1478 0.1415 0.1375 0.1350 0.1339 0.1339 0.1348 0.1363 0.1377 0.1383 0.1377 0.1363 0.1348 0.1339 0.1339 0.1350 0.1375 0.1415 0.1479 0.1579 0.1768 0.2144 0.2651 0.3159 0.3614 0.4000 0.4318 0.4573 0.4770 0.4913 0.5000 0.5028 0.4979 0.4820 0.4545 0.4209 0.3858 0.3519 0.3204 0.2918 0.2663 0.2437 0.2239 0.2066 0.1916 0.1788 0.1678 0.1587 0.1511 0.1450 0.1403 0.1369 0.1347 0.1338 0.1341 0.1357 0.1388 0.1438 0.1514 0.1647
0.1518 0.1439 0.1389 0.1358 0.1341 0.1338 0.1347 0.1368 0.1402 0.1449 0.1510 0.1585 0.1677 0.1786 0.1914 0.2063 0.2236 0.2434 0.2659 0.2914 0.3199 0.3514 0.3853 0.4204 0.4541 0.4817 0.4979 0.5028 0.5001 0.4913 0.4771 0.4574 0.4319 0.4000 0.3614 0.3158 0.2649 0.2142 0.1766 0.1578 0.1478 0.1415 0.1374 0.1350 0.1339 0.1339 0.1351 0.1370 0.1394 0.1415 0.1423 0.1415 0.1394 0.1370 0.1351 0.1339 0.1339 0.1350 0.1374 0.1415 0.1478 0.1578 0.1766 0.2142 0.2649 0.3158 0.3614 0.4000 0.4319 0.4574 0.4771 0.4913 0.5001 0.5028 0.4979 0.4817 0.4541 0.4204 0.3853 0.3514 0.3199 0.2914 0.2659 0.2434 0.2236 0.2063 0.1914 0.1786 0.1677 0.1585 0.1510 0.1449 0.1402 0.1368 0.1347 0.1338 0.1341 0.1358 0.1389 0.1439 0.1518
0.1440 0.1389 0.1358 0.1341 0.1338 0.1347 0.1368 0.1402 0.1448 0.1509 0.1584 0.1675 0.1784 0.1912 0.2061 0.2233 0.2430 0.2655 0.2910 0.3195 0.3509 0.3848 0.4199 0.4537 0.4814 0.4977 0.5028 0.5001 0.4914 0.4772 0.4575 0.4320 0.4002 0.3615 0.3159 0.2649 0.2141 0.1765 0.1577 0.1477 0.1414 0.1374 0.1349 0.1338 0.1340 0.1352 0.1375 0.1405 0.1438 0.1465 0.1476 0.1465 0.1438 0.1405 0.1375 0.1352 0.1340 0.1338 0.1349 0.1374 0.1414 0.1477 0.1577 0.1765 0.2141 0.2649 0.3159 0.3615 0.4002 0.4320 0.4575 0.4772 0.4914 0.5001 0.5028 0.4977 0.4814 0.4537 0.4199 0.3848 0.3509 0.3195 0.2910 0.2655 0.2430 0.2233 0.2061 0.1912 0.1784 0.1675 0.1584 0.1509 0.1448 0.1402 0.1368 0.1347 0.1338 0.1341 0.1358 0.1389 0.1440
0.1390 0.1358 0.1342 0.1338 0.1347 0.1367 0.1401 0.1447 0.1508 0.1583 0.1674 0.1782 0.1910 0.2058 0.2230 0.2427 0.2652 0.2906 0.3190 0.3504 0.3843 0.4194 0.4532 0.4811 0.4976 0.5028 0.5002 0.4916 0.4774 0.4577 0.4322 0.4004 0.3617 0.3161 0.2650 0.2142 0.1765 0.1577 0.1477 0.1414 0.1374 0.1349 0.1338 0.1340 0.1353 0.1377 0.1411 0.1452 0.1495 0.1530 0.1544 0.1530 0.1495 0.1452 0.1411 0.1377 0.1353 0.1340 0.1338 0.1349 0.1374 0.1414 0.1477 0.1577 0.1765 0.2142 0.2651 0.3161 0.3617 0.4004 0.4322 0.4577 0.4774 0.4916 0.5002 0.5028 0.4976 0.4811 0.4532 0.4194 0.3843 0.3504 0.3190 0.2906 0.2652 0.2427 0.2230 0.2058 0.1910 0.1782 0.1674 0.1583 0.1508 0.1447 0.1401 0.1367 0.1347 0.1338 0.1342 0.1358 0.1390
0.1358 0.1342 0.1338 0.1346 0.1367 0.1400 0.1446 0.1506 0.1581 0.1672 0.1780 0.1907 0.2056 0.2227 0.2424 0.2648 0.2902 0.3186 0.3499 0.3838 0.4188 0.4527 0.4807 0.4974 0.5028 0.5003 0.4917 0.4776 0.4580 0.4325 0.4007 0.3620 0.3164 0.2653 0.2144 0.1766 0.1577 0.1477 0.1414 0.1373 0.1349 0.1338 0.1340 0.1353 0.1378 0.1414 0.1461 0.1514 0.1567 0.1610 0.1627 0.1610 0.1567 0.1514 0.1461 0.1414 0.1378 0.1353 0.1340 0.1338 0.1349 0.1373 0.1414 0.1477 0.1577 0.1766 0.2144 0.2653 0.3164 0.3620 0.4007 0.4325 0.4580 0.4776 0.4917 0.5003 0.5028 0.4974 0.4807 0.4527 0.4188 0.3838 0.3499 0.3186 0.2902 0.2648 0.2424 0.2227 0.2056 0.1907 0.1780 0.1672 0.1581 0.1506 0.1446 0.1400 0.1367 0.1346 0.1338 0.1342 0.1358
0.1341 0.1338 0.1346 0.1367 0.1399 0.1445 0.1505 0.1580 0.1670 0.1778 0.1905 0.2053 0.2224 0.2421 0.2644 0.2898 0.3181 0.3494 0.3832 0.4183 0.4522 0.4804 0.4973 0.5028 0.5004 0.4919 0.4778 0.4583 0.4329 0.4011 0.3624 0.3168 0.2657 0.2147 0.1768 0.1578 0.1477 0.1414 0.1373 0.1349 0.1338 0.1340 0.1354 0.1379 0.1416 0.1465 0.1524 0.1590 0.1655 0.1706 0.1726 0.1706 0.1655 0.1590 0.1524 0.1465 0.1416 0.1379 0.1354 0.1340 0.1338 0.1349 0.1373 0.1414 0.1477 0.1578 0.1768 0.2147 0.2657 0.3168 0.3624 0.4011 0.4329 0.4583 0.4778 0.4919 0.5004 0.5028 0.4973 0.4804 0.4522 0.4183 0.3832 0.3494 0.3181 0.2898 0.2644 0.2421 0.2224 0.2053 0.1905 0.1778 0.1670 0.1580 0.1505 0.1445 0.1399 0.1367 0.1346 0.1338 0.1341
0.1336 0.1346 0.1366 0.1399 0.1444 0.1504 0.1578 0.1668 0.1776 0.1903 0.2050 0.2221 0.2417 0.2641 0.2893 0.3177 0.3489 0.3827 0.4178 0.4517 0.4800 0.4971 0.5028 0.5005 0.4920 0.4781 0.4586 0.4333 0.4016 0.3629 0.3174 0.2663 0.2151 0.1770 0.1579 0.1478 0.1414 0.1374 0.1349 0.1338 0.1340 0.1354 0.1379 0.1417 0.1467 0.1529 0.1602 0.1682 0.1760 0.1820 0.1844 0.1820 0.1760 0.1682 0.1602 0.1529 0.1467 0.1417 0.1379 0.1354 0.1340 0.1338 0.1349 0.1374 0.1414 0.1478 0.1579 0.1770 0.2151 0.2663 0.3174 0.3629 0.4016 0.4333 0.4586 0.4781 0.4920 0.5005 0.5028 0.4971 0.4800 0.4517 0.4178 0.3827 0.3489 0.3177 0.2893 0.2641 0.2417 0.2221 0.2050 0.1903 0.1776 0.1668 0.1578 0.1504 0.1444 0.1399 0.1366 0.1346 0.1336
0.1344 0.1366 0.1398 0.1443 0.1503 0.1577 0.1666 0.1774 0.1900 0.2047 0.2218 0.2413 0.2636 0.2889 0.3171 0.3484 0.3821 0.4172 0.4512 0.4796 0.4969 0.5028 0.5006 0.4922 0.4784 0.4590 0.4337 0.4021 0.3636 0.3181 0.2669 0.2157 0.1773 0.1580 0.1479 0.1415 0.1374 0.1349 0.1338 0.1340 0.1354 0.1380 0.1418 0.1468 0.1532 0.1608 0.1696 0.1791 0.1883 0.1953 0.1981 0.1953 0.1883 0.1791 0.1696 0.1608 0.1532 0.1468 0.1418 0.1380 0.1354 0.1340 0.1338 0.1349 0.1374 0.1415 0.1479 0.1580 0.1773 0.2157 0.2669 0.3181 0.3636 0.4021 0.4337 0.4590 0.4784 0.4922 0.5006 0.5028 0.4969 0.4796 0.4512 0.4172 0.3821 0.3484 0.3171 0.2889 0.2636 0.2413 0.2218 0.2047 0.1900 0.1774 0.1666 0.1577 0.1503 0.1443 0.1398 0.1366 0.1344
0.1363 0.1397 0.1442 0.1501 0.1575 0.1664 0.1771 0.1897 0.2044 0.2214 0.2409 0.2631 0.2883 0.3165 0.3477 0.3815 0.4166 0.4506 0.4792 0.4967 0.5027 0.5007 0.4924 0.4787 0.4594 0.4342 0.4027 0.3643 0.3189 0.2678 0.2164 0.1777 0.1582 0.1480 0.1415 0.1374 0.1349 0.1338 0.1340 0.1354 0.1379 0.1418 0.1469 0.1533 0.1611 0.1703 0.1808 0.1919 0.2026 0.2108 0.2140 0.2108 0.2026 0.1919 0.1807 0.1703 0.1611 0.1533 0.1469 0.1418 0.1379 0.1354 0.1340 0.1338 0.1349 0.1374 0.1415 0.1480 0.1582 0.1777 0.2164 0.2678 0.3189 0.3643 0.4027 0.4342 0.4594 0.4787 0.4924 0.5007 0.5027 0.4967 0.4792 0.4506 0.4166 0.3815 0.3477 0.3165 0.2883 0.2631 0.2409 0.2214 0.2044 0.1897 0.1771 0.1664 0.1575 0.1501 0.1442 0.1397 0.1363
0.1394 0.1441 0.1499 0.1573 0.1662 0.1768 0.1893 0.2040 0.2209 0.2403 0.2625 0.2876 0.3158 0.3469 0.3806 0.4157 0.4499 0.4787 0.4965 0.5027 0.5008 0.4927 0.4790 0.4599 0.4349 0.4035 0.3652 0.3200 0.2690 0.2174 0.1783 0.1585 0.1481 0.1416 0.1375 0.1350 0.1338 0.1340 0.1353 0.1379 0.1417 0.1468 0.1533 0.1612 0.1706 0.1815 0.1937 0.2067 0.2190 0.2285 0.2321 0.2285 0.2190 0.2067 0.1937 0.1815 0.1706 0.1612 0.1533 0.1468 0.1417 0.1379 0.1353 0.1340 0.1338 0.1350 0.1375 0.1416 0.1481 0.1585 0.1783 0.2174 0.2690 0.3200 0.3652 0.4035 0.4349 0.4599 0.4790 0.4927 0.5008 0.5027 0.4965 0.4787 0.4499 0.4157 0.3806 0.3469 0.3158 0.2876 0.2625 0.2403 0.2209 0.2040 0.1893 0.1768 0.1662 0.1573 0.1499 0.1441 0.1394
0.1437 0.1497 0.1570 0.1658 0.1764 0.1889 0.2034 0.2203 0.2396 0.2617 0.2867 0.3148 0.3458 0.3794 0.4145 0.4488 0.4779 0.4961 0.5026 0.5009 0.4930 0.4795 0.4605 0.4357 0.4046 0.3665 0.3215 0.2706 0.2189 0.1791 0.1589 0.1483 0.1418 0.1376 0.1350 0.1339 0.1340 0.1353 0.1378 0.1416 0.1467 0.1532 0.1611 0.1706 0.1818 0.1945 0.2087 0.2236 0.2377 0.2485 0.2527 0.2485 0.2377 0.2236 0.2087 0.1945 0.1818 0.1706 0.1611 0.1532 0.1467 0.1416 0.1378 0.1353 0.1340 0.1339 0.1350 0.1376 0.1418 0.1483 0.1589 0.1791 0.2189 0.2706 0.3215 0.3665 0.4046 0.4357 0.4605 0.4795 0.4930 0.5009 0.5026 0.4961 0.4779 0.4488 0.4145 0.3794 0.3458 0.3148 0.2867 0.2617 0.2396 0.2203 0.2034 0.1889 0.1764 0.1658 0.1570 0.1497 0.1437
0.1491 0.1565 0.1653 0.1758 0.1881 0.2026 0.2193 0.2385 0.2605 0.2853 0.3132 0.3441 0.3777 0.4127 0.4471 0.4767 0.4955 0.5025 0.5012 0.4935 0.4803 0.4616 0.4370 0.4062 0.3685 0.3238 0.2731 0.2213 0.1806 0.1595 0.1487 0.1420 0.1377 0.1351 0.1339 0.1339 0.1352 0.1377 0.1414 0.1465 0.1529 0.1608 0.1703 0.1815 0.1945 0.2092 0.2255 0.2425 0.2586 0.2708 0.2755 0.2708 0.2586 0.2425 0.2255 0.2093 0.1945 0.1815 0.1703 0.1608 0.1529 0.1465 0.1414 0.1377 0.1352 0.1339 0.1339 0.1351 0.1377 0.1420 0.1487 0.1595 0.1806 0.2213 0.2731 0.3238 0.3685 0.4062 0.4370 0.4616 0.4803 0.4935 0.5012 0.5025 0.4955 0.4767 0.4471 0.4127 0.3777 0.3442 0.3132 0.2853 0.2605 0.2385 0.2193 0.2026 0.1881 0.1758 0.1653 0.1565 0.1491
0.1555 0.1644 0.1747 0.1869 0.2012 0.2177 0.2367 0.2584 0.2830 0.3107 0.3413 0.3747 0.4097 0.4443 0.4745 0.4944 0.5023 0.5015 0.4944 0.4816 0.4633 0.4393 0.4090 0.3718 0.3277 0.2773 0.2253 0.1831 0.1608 0.1494 0.1425 0.1380 0.1352 0.1339 0.1339 0.1351 0.1375 0.1411 0.1461 0.1524 0.1602 0.1696 0.1807 0.1937 0.2087 0.2255 0.2439 0.2631 0.2812 0.2948 0.3000 0.2948 0.2812 0.2631 0.2439 0.2255 0.2087 0.1937 0.1807 0.1696 0.1602 0.1524 0.1461 0.1411 0.1375 0.1351 0.1339 0.1339 0.1352 0.1380 0.1425 0.1494 0.1608 0.1831 0.2253 0.2773 0.3277 0.3718 0.4090 0.4393 0.4633 0.4816 0.4944 0.5015 0.5023 0.4944 0.4745 0.4443 0.4097 0.3747 0.3413 0.3107 0.2830 0.2584 0.2367 0.2177 0.2012 0.1869 0.1747 0.1644 0.1555
0.1626 0.1729 0.1848 0.1987 0.2149 0.2335 0.2548 0.2789 0.3061 0.3364 0.3694 0.4042 0.4392 0.4704 0.4922 0.5018 0.5021 0.4958 0.4839 0.4664 0.4432 0.4139 0.3778 0.3346 0.2850 0.2328 0.1881 0.1631 0.1508 0.1433 0.1385 0.1356 0.1340 0.1338 0.1348 0.1370 0.1405 0.1452 0.1514 0.1590 0.1682 0.1791 0.1919 0.2067 0.2235 0.2425 0.2631 0.2845 0.3044 0.3194 0.3251 0.3194 0.3044 0.2845 0.2631 0.2425 0.2236 0.2067 0.1919 0.1791 0.1682 0.1590 0.1514 0.1452 0.1405 0.1370 0.1348 0.1338 0.1340 0.1356 0.1385 0.1433 0.1508 0.1631 0.1881 0.2328 0.2850 0.3346 0.3778 0.4139 0.4432 0.4664 0.4839 0.4958 0.5021 0.5018 0.4922 0.4704 0.4392 0.4043 0.3694 0.3364 0.3061 0.2789 0.2548 0.2335 0.2149 0.1987 0.1848 0.1729 0.1626
0.1694 0.1811 0.1945 0.2100 0.2279 0.2484 0.2718 0.2981 0.3276 0.3599 0.3944 0.4296 0.4624 0.4874 0.5002 0.5027 0.4981 0.4877 0.4718 0.4502 0.4225 0.3883 0.3471 0.2990 0.2469 0.1986 0.1683 0.1535 0.1451 0.1397 0.1362 0.1343 0.1337 0.1344 0.1363 0.1394 0.1438 0.1495 0.1567 0.1655 0.1760 0.1883 0.2026 0.2190 0.2377 0.2586 0.2812 0.3044 0.3259 0.3419 0.3480 0.3419 0.3259 0.3044 0.2812 0.2586 0.2377 0.2190 0.2026 0.1883 0.1760 0.1655 0.1567 0.1495 0.1438 0.1394 0.1363 0.1344 0.1337 0.1343 0.1362 0.1397 0.1451 0.1535 0.1683 0.1986 0.2469 0.2990 0.3471 0.3883 0.4225 0.4502 0.4718 0.4877 0.4981 0.5027 0.5002 0.4874 0.4624 0.4296 0.3944 0.3599 0.3276 0.2981 0.2718 0.2484 0.2279 0.2100 0.1945 0.1811 0.1694
0.1747 0.1874 0.2018 0.2186 0.2378 0.2597 0.2846 0.3125 0.3435 0.3771 0.4123 0.4468 0.4765 0.4954 0.5025 0.5012 0.4935 0.4802 0.4615 0.4368 0.4059 0.3681 0.3233 0.2725 0.2208 0.1805 0.1596 0.1487 0.1420 0.1377 0.1351 0.1338 0.1339 0.1352 0.1377 0.1415 0.1465 0.1530 0.1610 0.1706 0.1820 0.1953 0.2108 0.2285 0.2485 0.2708 0.2948 0.3194 0.3419 0.3585 0.3648 0.3585 0.3419 0.3194 0.2948 0.2708 0.2485 0.2285 0.2108 0.1953 0.1820 0.1706 0.1610 0.1530 0.1465 0.1415 0.1377 0.1352 0.1339 0.1338 0.1351 0.1377 0.1420 0.1487 0.1596 0.1805 0.2208 0.2725 0.3233 0.3681 0.4059 0.4368 0.4615 0.4802 0.4935 0.5012 0.5025 0.4954 0.4765 0.4468 0.4123 0.3771 0.3435 0.3125 0.2846 0.2597 0.2378 0.2186 0.2018 0.1874 0.1747
0.1768 0.1898 0.2047 0.2219 0.2416 0.2641 0.2895 0.3180 0.3495 0.3836 0.4189 0.4529 0.4810 0.4976 0.5028 0.5002 0.4914 0.4771 0.4573 0.4315 0.3993 0.3602 0.3141 0.2626 0.2119 0.1753 0.1571 0.1473 0.1411 0.1371 0.1347 0.1338 0.1340 0.1356 0.1383 0.1423 0.1476 0.1544 0.1627 0.1726 0.1844 0.1981 0.2140 0.2321 0.2527 0.2755 0.3000 0.3250 0.3480 0.3648 0.3711 0.3648 0.3480 0.3251 0.3000 0.2755 0.2527 0.2321 0.2140 0.1981 0.1844 0.1726 0.1627 0.1544 0.1476 0.1423 0.1383 0.1356 0.1340 0.1338 0.1347 0.1371 0.1411 0.1473 0.1571 0.1753 0.2119 0.2626 0.3141 0.3602 0.3993 0.4315 0.4573 0.4771 0.4914 0.5002 0.5028 0.4976 0.4810 0.4529 0.4189 0.3836 0.3495 0.3180 0.2895 0.2641 0.2416 0.2219 0.2047 0.1898 0.1768
0.1747 0.1874 0.2018 0.2186 0.2378 0.2597 0.2846 0.3125 0.3435 0.3771 0.4123 0.4468 0.4765 0.4954 0.5025 0.5012 0.4935 0.4802 0.4615 0.4368 0.4059 0.3681 0.3233 0.2725 0.2208 0.1805 0.1596 0.1487 0.1420 0.1377 0.1351 0.1338 0.1339 0.1352 0.1377 0.1415 0.1465 0.1530 0.1610 0.1706 0.1820 0.1953 0.2108 0.2285 0.2485 0.2708 0.2948 0.3193 0.3419 0.3585 0.3648 0.3585 0.3419 0.3194 0.2948 0.2708 0.2485 0.2285 0.2108 0.1953 0.1820 0.1706 0.1610 0.1530 0.1465 0.1415 0.1377 0.1352 0.1339 0.1338 0.1351 0.1377 0.1420 0.1487 0.1596 0.1805 0.2208 0.2725 0.3233 0.3681 0.4059 0.4368 0.4615 0.4802 0.4935 0.5012 0.5025 0.4954 0.4765 0.4468 0.4123 0.3771 0.3435 0.3125 0.2846 0.2597 0.2378 0.2186 0.2018 0.1874 0.1747
0.1694 0.1811 0.1945 0.2100 0.2279 0.2484 0.2718 0.2981 0.3276 0.3599 0.3944 0.4296 0.4624 0.4874 0.5002 0.5027 0.4981 0.4877 0.4718 0.4502 0.4225 0.3883 0.3471 0.2990 0.2469 0.1986 0.1683 0.1535 0.1451 0.1397 0.1362 0.1343 0.1337 0.1344 0.1363 0.1394 0.1438 0.1495 0.1567 0.1655 0.1760 0.1883 0.2026 0.2190 0.2377 0.2586 0.2812 0.3044 0.3259 0.3419 0.3480 0.3419 0.3259 0.3044 0.2812 0.2586 0.2377 0.2190 0.2026 0.1883 0.1760 0.1655 0.1567 0.1495 0.1438 0.1394 0.1363 0.1344 0.1337 0.1343 0.1362 0.1397 0.1451 0.1535 0.1683 0.1986 0.2469 0.2990 0.3471 0.3883 0.4225 0.4502 0.4718 0.4877 0.4981 0.5027 0.5002 0.4874 0.4624 0.4296 0.3944 0.3599 0.3276 0.2981 0.2718 0.2484 0.2279 0.2100 0.1945 0.1811 0.1694
0.1626 0.1729 0.1848 0.1987 0.2149 0.2335 0.2548 0.2789 0.3061 0.3364 0.3694 0.4043 0.4392 0.4704 0.4922 0.5018 0.5021 0.4958 0.4839 0.4664 0.4432 0.4139 0.3778 0.3346 0.2850 0.2328 0.1881 0.1631 0.1508 0.1433 0.1385 0.1356 0.1340 0.1338 0.1348 0.1370 0.1405 0.1452 0.1514 0.1590 0.1682 0.1791 0.1919 0.2067 0.2235 0.2425 0.2631 0.2845 0.3044 0.3193 0.3250 0.3194 0.3044 0.2845 0.2631 0.2425 0.2236 0.2067 0.1919 0.1791 0.1682 0.1590 0.1514 0.1452 0.1405 0.1370 0.1348 0.1338 0.1340 0.1356 0.1385 0.1433 0.1508 0.1631 0.1881 0.2328 0.2850 0.3346 0.3778 0.4139 0.4432 0.4664 0.4839 0.4958 0.5021 0.5018 0.4922 0.4704 0.4392 0.4043 0.3694 0.3364 0.3061 0.2789 0.2548 0.2335 0.2149 0.1987 0.1848 0.1729 0.1626
0.1555 0.1644 0.1747 0.1869 0.2012 0.2177 0.2367 0.2584 0.2830 0.3107 0.3413 0.3747 0.4097 0.4443 0.4745 0.4944 0.5023 0.5015 0.4944 0.4816 0.4633 0.4393 0.4090 0.3718 0.3277 0.2773 0.2253 0.1831 0.1608 0.1494 0.1425 0.1380 0.1352 0.1339 0.1339 0.1351 0.1375 0.1411 0.1461 0.1524 0.1602 0.1696 0.1807 0.1937 0.2087 0.2255 0.2439 0.2631 0.2812 0.2948 0.3000 0.2948 0.2812 0.2631 0.2439 0.2255 0.2087 0.1937 0.1807 0.1696 0.1602 0.1524 0.1461 0.1411 0.1375 0.1351 0.1339 0.1339 0.1352 0.1380 0.1425 0.1494 0.1608 0.1831 0.2253 0.2773 0.3277 0.3718 0.4090 0.4393 0.4633 0.4816 0.4944 0.5015 0.5023 0.4944 0.4745 0.4443 0.4097 0.3747 0.3413 0.3107 0.2830 0.2584 0.2367 0.2177 0.2012 0.1869 0.1747 0.1644 0.1555
0.1491 0.1565 0.1653 0.1758 0.1881 0.2026 0.2193 0.2385 0.2605 0.2853 0.3132 0.3442 0.3777 0.4127 0.4471 0.4767 0.4955 0.5025 0.5012 0.4935 0.4803 0.4616 0.4370 0.4062 0.3685 0.3238 0.2731 0.2213 0.1806 0.1595 0.1487 0.1420 0.1377 0.1351 0.1339 0.1339 0.1352 0.1377 0.1414 0.1465 0.1529 0.1608 0.1703 0.1815 0.1945 0.2092 0.2255 0.2425 0.2586 0.2708 0.2755 0.2708 0.2586 0.2425 0.2255 0.2093 0.1945 0.1815 0.1703 0.1608 0.1529 0.1465 0.1414 0.1377 0.1352 0.1339 0.1339 0.1351 0.1377 0.1420 0.1487 0.1595 0.1806 0.2213 0.2731 0.3238 0.3685 0.4062 0.4370 0.4616 0.4803 0.4935 0.5012 0.5025 0.4955 0.4767 0.4471 0.4127 0.3777 0.3442 0.3132 0.2853 0.2605 0.2385 0.2193 0.2026 0.1881 0.1758 0.1653 0.1565 0.1491
