-0.2664 -0.2796 -0.2927 -0.3058 -0.3188 -0.3316 -0.3441 -0.3560 -0.3672 -0.3770 -0.3849 -0.3898 -0.3900 -0.3828 -0.3637 -0.3252 -0.2566 -0.1533 -0.0515 0.0132 0.0548 0.0872 0.1163 0.1450 0.1747 0.2057 0.2364 0.2597 0.2581 0.1966 0.0499 -0.0643 -0.1182 -0.1498 -0.1728 -0.1915 -0.2079 -0.2230 -0.2373 -0.2510 -0.2645 -0.2778 -0.2910 -0.3040 -0.3168 -0.3291 -0.3408 -0.3512 -0.3597 -0.3654 -0.3674 -0.3654 -0.3597 -0.3512 -0.3408 -0.3291 -0.3168 -0.3040 -0.2910 -0.2778 -0.2645 -0.2510 -0.2373 -0.2230 -0.2079 -0.1915 -0.1728 -0.1498 -0.1182 -0.0643 0.0500 0.1966 0.2581 0.2597 0.2363 0.2057 0.1747 0.1450 0.1163 0.0872 0.0548 0.0132 -0.0515 -0.1534 -0.2566 -0.3252 -0.3637 -0.3828 -0.3900 -0.3898 -0.3849 -0.3770 -0.3672 -0.3560 -0.3441 -0.3316 -0.3188 -0.3058 -0.2927 -0.2796 -0.2664
-0.2796 -0.2927 -0.3057 -0.3186 -0.3312 -0.3435 -0.3552 -0.3659 -0.3754 -0.3827 -0.3869 -0.3863 -0.3781 -0.3579 -0.3182 -0.2488 -0.1470 -0.0494 0.0125 0.0528 0.0846 0.1132 0.1413 0.1703 0.2005 0.2303 0.2531 0.2514 0.1906 0.0457 -0.0669 -0.1200 -0.1510 -0.1737 -0.1922 -0.2085 -0.2235 -0.2377 -0.2514 -0.2648 -0.2780 -0.2911 -0.3041 -0.3168 -0.3293 -0.3412 -0.3522 -0.3617 -0.3693 -0.3741 -0.3758 -0.3741 -0.3693 -0.3617 -0.3522 -0.3412 -0.3293 -0.3168 -0.3041 -0.2911 -0.2780 -0.2648 -0.2514 -0.2377 -0.2235 -0.2085 -0.1922 -0.1737 -0.1510 -0.1200 -0.0669 0.0457 0.1906 0.2514 0.2531 0.2303 0.2005 0.1703 0.1413 0.1132 0.0846 0.0528 0.0125 -0.0494 -0.1470 -0.2488 -0.3182 -0.3579 -0.3781 -0.3863 -0.3869 -0.3827 -0.3754 -0.3659 -0.3552 -0.3435 -0.3312 -0.3186 -0.3057 -0.2927 -0.2796
-0.2927 -0.3057 -0.3186 -0.3313 -0.3436 -0.3553 -0.3661 -0.3755 -0.3828 -0.3869 -0.3862 -0.3779 -0.3574 -0.3173 -0.2473 -0.1451 -0.0480 0.0134 0.0535 0.0851 0.1137 0.1418 0.1708 0.2010 0.2308 0.2533 0.2510 0.1887 0.0429 -0.0683 -0.1207 -0.1515 -0.1740 -0.1925 -0.2088 -0.2238 -0.2379 -0.2516 -0.2650 -0.2783 -0.2914 -0.3043 -0.3172 -0.3297 -0.3418 -0.3532 -0.3634 -0.3720 -0.3784 -0.3822 -0.3834 -0.3822 -0.3784 -0.3720 -0.3634 -0.3532 -0.3418 -0.3297 -0.3172 -0.3044 -0.2914 -0.2783 -0.2650 -0.2516 -0.2379 -0.2238 -0.2088 -0.1925 -0.1740 -0.1515 -0.1207 -0.0682 0.0430 0.1887 0.2510 0.2533 0.2308 0.2010 0.1708 0.1418 0.1137 0.0851 0.0535 0.0133 -0.0480 -0.1451 -0.2473 -0.3173 -0.3574 -0.3779 -0.3862 -0.3869 -0.3828 -0.3755 -0.3661 -0.3553 -0.3436 -0.3313 -0.3186 -0.3057 -0.2927
-0.3058 -0.3186 -0.3313 -0.3437 -0.3554 -0.3662 -0.3756 -0.3829 -0.3870 -0.3862 -0.3777 -0.3569 -0.3165 -0.2458 -0.1432 -0.0466 0.0142 0.0541 0.0857 0.1142 0.1423 0.1713 0.2016 0.2313 0.2536 0.2505 0.1868 0.0402 -0.0696 -0.1213 -0.1519 -0.1744 -0.1928 -0.2091 -0.2240 -0.2382 -0.2519 -0.2653 -0.2785 -0.2916 -0.3046 -0.3175 -0.3301 -0.3423 -0.3538 -0.3644 -0.3735 -0.3805 -0.3850 -0.3872 -0.3877 -0.3872 -0.3850 -0.3805 -0.3735 -0.3644 -0.3538 -0.3423 -0.3301 -0.3175 -0.3046 -0.2916 -0.2785 -0.2653 -0.2519 -0.2382 -0.2240 -0.2091 -0.1928 -0.1744 -0.1519 -0.1213 -0.0696 0.0403 0.1868 0.2505 0.2536 0.2313 0.2016 0.1713 0.1423 0.1142 0.0857 0.0541 0.0142 -0.0467 -0.1433 -0.2458 -0.3165 -0.3569 -0.3777 -0.3862 -0.3870 -0.3829 -0.3756 -0.3662 -0.3554 -0.3437 -0.3313 -0.3186 -0.3058
-0.3188 -0.3312 -0.3436 -0.3554 -0.3662 -0.3757 -0.3829 -0.3870 -0.3861 -0.3775 -0.3565 -0.3156 -0.2445 -0.1415 -0.0454 0.0150 0.0547 0.0862 0.1147 0.1428 0.1718 0.2021 0.2318 0.2538 0.2500 0.1848 0.0375 -0.0709 -0.1220 -0.1524 -0.1748 -0.1931 -0.2094 -0.2243 -0.2384 -0.2521 -0.2655 -0.2787 -0.2918 -0.3048 -0.3177 -0.3303 -0.3426 -0.3542 -0.3649 -0.3742 -0.3815 -0.3861 -0.3878 -0.3874 -0.3868 -0.3874 -0.3878 -0.3861 -0.3815 -0.3742 -0.3649 -0.3542 -0.3426 -0.3303 -0.3177 -0.3048 -0.2918 -0.2787 -0.2655 -0.2521 -0.2384 -0.2243 -0.2093 -0.1931 -0.1747 -0.1524 -0.1220 -0.0709 0.0376 0.1848 0.2500 0.2538 0.2318 0.2021 0.1718 0.1428 0.1147 0.0862 0.0546 0.0149 -0.0454 -0.1415 -0.2445 -0.3156 -0.3565 -0.3775 -0.3861 -0.3870 -0.3829 -0.3757 -0.3662 -0.3554 -0.3436 -0.3312 -0.3188
-0.3316 -0.3435 -0.3553 -0.3662 -0.3757 -0.3830 -0.3870 -0.3861 -0.3774 -0.3562 -0.3149 -0.2432 -0.1399 -0.0442 0.0157 0.0552 0.0867 0.1152 0.1433 0.1724 0.2026 0.2323 0.2541 0.2495 0.1828 0.0349 -0.0722 -0.1227 -0.1528 -0.1751 -0.1935 -0.2096 -0.2245 -0.2387 -0.2523 -0.2657 -0.2790 -0.2921 -0.3051 -0.3179 -0.3306 -0.3429 -0.3545 -0.3653 -0.3747 -0.3820 -0.3866 -0.3875 -0.3847 -0.3800 -0.3777 -0.3800 -0.3847 -0.3875 -0.3866 -0.3820 -0.3747 -0.3653 -0.3545 -0.3429 -0.3306 -0.3179 -0.3051 -0.2921 -0.2790 -0.2657 -0.2523 -0.2387 -0.2245 -0.2096 -0.1934 -0.1751 -0.1528 -0.1227 -0.0722 0.0349 0.1829 0.2495 0.2540 0.2322 0.2026 0.1723 0.1433 0.1152 0.0866 0.0552 0.0157 -0.0442 -0.1399 -0.2432 -0.3149 -0.3562 -0.3774 -0.3861 -0.3870 -0.3830 -0.3757 -0.3662 -0.3553 -0.3435 -0.3316
-0.3441 -0.3552 -0.3661 -0.3756 -0.3829 -0.3870 -0.3861 -0.3773 -0.3560 -0.3144 -0.2422 -0.1386 -0.0432 0.0163 0.0557 0.0871 0.1156 0.1437 0.1728 0.2031 0.2327 0.2543 0.2490 0.1809 0.0323 -0.0735 -0.1233 -0.1533 -0.1755 -0.1938 -0.2099 -0.2248 -0.2389 -0.2526 -0.2660 -0.2792 -0.2923 -0.3053 -0.3182 -0.3308 -0.3431 -0.3548 -0.3656 -0.3750 -0.3824 -0.3868 -0.3870 -0.3820 -0.3720 -0.3606 -0.3552 -0.3606 -0.3720 -0.3820 -0.3870 -0.3868 -0.3824 -0.3750 -0.3656 -0.3548 -0.3431 -0.3308 -0.3182 -0.3053 -0.2923 -0.2792 -0.2660 -0.2526 -0.2389 -0.2248 -0.2099 -0.1938 -0.1755 -0.1533 -0.1233 -0.0735 0.0324 0.1809 0.2491 0.2543 0.2327 0.2031 0.1728 0.1437 0.1156 0.0871 0.0557 0.0163 -0.0432 -0.1386 -0.2422 -0.3144 -0.3560 -0.3773 -0.3861 -0.3870 -0.3829 -0.3756 -0.3661 -0.3552 -0.3441
-0.3560 -0.3659 -0.3755 -0.3829 -0.3870 -0.3861 -0.3773 -0.3559 -0.3141 -0.2416 -0.1376 -0.0424 0.0169 0.0561 0.0875 0.1160 0.1442 0.1733 0.2036 0.2331 0.2545 0.2485 0.1790 0.0299 -0.0747 -0.1240 -0.1537 -0.1758 -0.1941 -0.2102 -0.2251 -0.2392 -0.2528 -0.2662 -0.2794 -0.2925 -0.3055 -0.3184 -0.3310 -0.3433 -0.3550 -0.3658 -0.3752 -0.3826 -0.3869 -0.3867 -0.3802 -0.3658 -0.3440 -0.3214 -0.3112 -0.3213 -0.3439 -0.3658 -0.3802 -0.3867 -0.3869 -0.3826 -0.3752 -0.3658 -0.3550 -0.3433 -0.3310 -0.3184 -0.3055 -0.2925 -0.2794 -0.2662 -0.2528 -0.2392 -0.2250 -0.2102 -0.1941 -0.1758 -0.1537 -0.1239 -0.0747 0.0299 0.1790 0.2486 0.2545 0.2331 0.2036 0.1733 0.1441 0.1160 0.0875 0.0561 0.0169 -0.0424 -0.1376 -0.2416 -0.3141 -0.3559 -0.3773 -0.3861 -0.3870 -0.3829 -0.3755 -0.3659 -0.3560
-0.3672 -0.3754 -0.3828 -0.3870 -0.3861 -0.3774 -0.3560 -0.3141 -0.2414 -0.1371 -0.0419 0.0173 0.0565 0.0878 0.1164 0.1445 0.1737 0.2041 0.2336 0.2547 0.2481 0.1772 0.0276 -0.0758 -0.1245 -0.1541 -0.1761 -0.1944 -0.2104 -0.2253 -0.2394 -0.2531 -0.2665 -0.2797 -0.2928 -0.3058 -0.3186 -0.3313 -0.3435 -0.3552 -0.3660 -0.3754 -0.3827 -0.3869 -0.3864 -0.3790 -0.3617 -0.3319 -0.2911 -0.2514 -0.2344 -0.2514 -0.2911 -0.3319 -0.3617 -0.3790 -0.3864 -0.3869 -0.3827 -0.3754 -0.3660 -0.3552 -0.3435 -0.3313 -0.3186 -0.3058 -0.2928 -0.2797 -0.2664 -0.2531 -0.2394 -0.2253 -0.2104 -0.1943 -0.1761 -0.1541 -0.1245 -0.0758 0.0276 0.1772 0.2481 0.2547 0.2336 0.2041 0.1737 0.1445 0.1164 0.0878 0.0565 0.0172 -0.0419 -0.1371 -0.2414 -0.3141 -0.3560 -0.3774 -0.3861 -0.3870 -0.3828 -0.3754 -0.3672
-0.3770 -0.3827 -0.3869 -0.3862 -0.3775 -0.3562 -0.3144 -0.2416 -0.1371 -0.0417 0.0175 0.0567 0.0881 0.1166 0.1448 0.1741 0.2045 0.2339 0.2548 0.2476 0.1754 0.0253 -0.0769 -0.1251 -0.1545 -0.1765 -0.1946 -0.2107 -0.2255 -0.2397 -0.2533 -0.2667 -0.2799 -0.2930 -0.3060 -0.3189 -0.3315 -0.3437 -0.3554 -0.3662 -0.3755 -0.3828 -0.3870 -0.3863 -0.3783 -0.3592 -0.3243 -0.2700 -0.2031 -0.1474 -0.1267 -0.1474 -0.2031 -0.2700 -0.3243 -0.3592 -0.3783 -0.3863 -0.3870 -0.3828 -0.3755 -0.3662 -0.3554 -0.3437 -0.3315 -0.3189 -0.3060 -0.2930 -0.2799 -0.2667 -0.2533 -0.2396 -0.2255 -0.2107 -0.1946 -0.1765 -0.1545 -0.1251 -0.0769 0.0254 0.1754 0.2476 0.2548 0.2339 0.2045 0.1741 0.1448 0.1166 0.0881 0.0567 0.0174 -0.0417 -0.1371 -0.2416 -0.3144 -0.3562 -0.3775 -0.3862 -0.3869 -0.3827 -0.3770
-0.3849 -0.3869 -0.3862 -0.3777 -0.3565 -0.3149 -0.2422 -0.1376 -0.0419 0.0174 0.0568 0.0882 0.1168 0.1451 0.1743 0.2048 0.2343 0.2550 0.2471 0.1736 0.0232 -0.0780 -0.1257 -0.1549 -0.1768 -0.1949 -0.2109 -0.2258 -0.2399 -0.2535 -0.2669 -0.2801 -0.2932 -0.3062 -0.3191 -0.3317 -0.3440 -0.3556 -0.3664 -0.3757 -0.3829 -0.3870 -0.3862 -0.3778 -0.3577 -0.3197 -0.2572 -0.1727 -0.0940 -0.0478 -0.0335 -0.0478 -0.0940 -0.1727 -0.2572 -0.3197 -0.3577 -0.3778 -0.3862 -0.3870 -0.3829 -0.3757 -0.3664 -0.3556 -0.3440 -0.3317 -0.3191 -0.3062 -0.2932 -0.2801 -0.2669 -0.2535 -0.2399 -0.2258 -0.2109 -0.1949 -0.1768 -0.1549 -0.1256 -0.0779 0.0233 0.1737 0.2471 0.2550 0.2342 0.2048 0.1743 0.1450 0.1168 0.0882 0.0567 0.0174 -0.0419 -0.1376 -0.2422 -0.3149 -0.3565 -0.3777 -0.3862 -0.3869 -0.3849
-0.3898 -0.3863 -0.3779 -0.3569 -0.3156 -0.2432 -0.1386 -0.0424 0.0172 0.0567 0.0882 0.1168 0.1452 0.1745 0.2050 0.2345 0.2551 0.2468 0.1721 0.0213 -0.0789 -0.1262 -0.1553 -0.1771 -0.1951 -0.2112 -0.2260 -0.2401 -0.2537 -0.2671 -0.2803 -0.2934 -0.3064 -0.3193 -0.3319 -0.3442 -0.3558 -0.3665 -0.3759 -0.3831 -0.3870 -0.3861 -0.3774 -0.3566 -0.3168 -0.2495 -0.1555 -0.0673 -0.0132 0.0144 0.0231 0.0144 -0.0132 -0.0674 -0.1556 -0.2496 -0.3169 -0.3567 -0.3774 -0.3861 -0.3870 -0.3831 -0.3759 -0.3665 -0.3558 -0.3442 -0.3319 -0.3193 -0.3064 -0.2934 -0.2803 -0.2671 -0.2537 -0.2401 -0.2260 -0.2112 -0.1951 -0.1771 -0.1553 -0.1262 -0.0789 0.0213 0.1721 0.2468 0.2551 0.2345 0.2050 0.1745 0.1452 0.1168 0.0882 0.0567 0.0172 -0.0424 -0.1386 -0.2432 -0.3156 -0.3569 -0.3779 -0.3863 -0.3898
-0.3900 -0.3781 -0.3574 -0.3165 -0.2445 -0.1399 -0.0432 0.0169 0.0565 0.0881 0.1168 0.1452 0.1746 0.2051 0.2346 0.2552 0.2465 0.1710 0.0197 -0.0798 -0.1266 -0.1556 -0.1774 -0.1954 -0.2114 -0.2262 -0.2403 -0.2539 -0.2673 -0.2805 -0.2936 -0.3066 -0.3195 -0.3321 -0.3444 -0.3560 -0.3667 -0.3760 -0.3832 -0.3871 -0.3860 -0.3771 -0.3559 -0.3149 -0.2449 -0.1459 -0.0541 0.0027 0.0359 0.0549 0.0613 0.0549 0.0359 0.0027 -0.0541 -0.1459 -0.2449 -0.3150 -0.3559 -0.3771 -0.3860 -0.3871 -0.3832 -0.3760 -0.3667 -0.3560 -0.3444 -0.3321 -0.3195 -0.3066 -0.2936 -0.2805 -0.2673 -0.2539 -0.2403 -0.2262 -0.2114 -0.1954 -0.1774 -0.1556 -0.1266 -0.0797 0.0197 0.1710 0.2465 0.2551 0.2346 0.2051 0.1746 0.1452 0.1168 0.0881 0.0565 0.0169 -0.0432 -0.1399 -0.2445 -0.3165 -0.3574 -0.3781 -0.3900
-0.3828 -0.3579 -0.3173 -0.2458 -0.1415 -0.0442 0.0163 0.0561 0.0878 0.1166 0.1450 0.1745 0.2051 0.2347 0.2552 0.2463 0.1702 0.0186 -0.0804 -0.1270 -0.1559 -0.1776 -0.1956 -0.2116 -0.2264 -0.2405 -0.2542 -0.2675 -0.2807 -0.2938 -0.3068 -0.3197 -0.3323 -0.3445 -0.3562 -0.3669 -0.3761 -0.3833 -0.3871 -0.3859 -0.3769 -0.3552 -0.3135 -0.2418 -0.1401 -0.0471 0.0105 0.0466 0.0713 0.0869 0.0925 0.0869 0.0713 0.0466 0.0105 -0.0472 -0.1402 -0.2418 -0.3135 -0.3553 -0.3769 -0.3859 -0.3871 -0.3833 -0.3761 -0.3669 -0.3562 -0.3445 -0.3323 -0.3197 -0.3068 -0.2938 -0.2807 -0.2675 -0.2541 -0.2405 -0.2264 -0.2116 -0.1956 -0.1776 -0.1559 -0.1270 -0.0804 0.0186 0.1702 0.2463 0.2552 0.2347 0.2051 0.1745 0.1450 0.1166 0.0878 0.0561 0.0163 -0.0442 -0.1415 -0.2458 -0.3173 -0.3579 -0.3828
-0.3637 -0.3182 -0.2473 -0.1433 -0.0454 0.0157 0.0557 0.0875 0.1164 0.1448 0.1743 0.2050 0.2346 0.2552 0.2462 0.1697 0.0179 -0.0808 -0.1273 -0.1562 -0.1778 -0.1958 -0.2118 -0.2266 -0.2407 -0.2544 -0.2677 -0.2809 -0.2940 -0.3070 -0.3199 -0.3325 -0.3447 -0.3564 -0.3670 -0.3763 -0.3833 -0.3871 -0.3858 -0.3766 -0.3547 -0.3124 -0.2395 -0.1364 -0.0431 0.0147 0.0521 0.0799 0.1013 0.1159 0.1213 0.1159 0.1013 0.0799 0.0521 0.0147 -0.0431 -0.1365 -0.2395 -0.3124 -0.3547 -0.3766 -0.3858 -0.3871 -0.3833 -0.3763 -0.3670 -0.3563 -0.3447 -0.3325 -0.3199 -0.3070 -0.2940 -0.2809 -0.2677 -0.2543 -0.2407 -0.2266 -0.2118 -0.1958 -0.1778 -0.1562 -0.1273 -0.0808 0.0179 0.1697 0.2462 0.2552 0.2346 0.2050 0.1743 0.1448 0.1164 0.0875 0.0557 0.0157 -0.0454 -0.1433 -0.2473 -0.3182 -0.3637
-0.3252 -0.2488 -0.1451 -0.0467 0.0149 0.0552 0.0871 0.1160 0.1445 0.1741 0.2048 0.2345 0.2551 0.2463 0.1697 0.0176 -0.0811 -0.1275 -0.1563 -0.1780 -0.1960 -0.2120 -0.2268 -0.2409 -0.2545 -0.2679 -0.2811 -0.2942 -0.3072 -0.3201 -0.3327 -0.3449 -0.3565 -0.3672 -0.3764 -0.3834 -0.3871 -0.3858 -0.3764 -0.3542 -0.3114 -0.2377 -0.1338 -0.0406 0.0171 0.0551 0.0845 0.1093 0.1299 0.1446 0.1500 0.1446 0.1299 0.1093 0.0845 0.0551 0.0171 -0.0406 -0.1338 -0.2377 -0.3114 -0.3542 -0.3764 -0.3858 -0.3871 -0.3834 -0.3764 -0.3672 -0.3565 -0.3449 -0.3327 -0.3201 -0.3072 -0.2942 -0.2811 -0.2679 -0.2545 -0.2409 -0.2268 -0.2120 -0.1960 -0.1780 -0.1563 -0.1275 -0.0811 0.0176 0.1697 0.2463 0.2551 0.2345 0.2048 0.1741 0.1445 0.1160 0.0871 0.0552 0.0149 -0.0467 -0.1451 -0.2488 -0.3252
-0.2566 -0.1470 -0.0480 0.0142 0.0546 0.0866 0.1156 0.1441 0.1737 0.2045 0.2342 0.2551 0.2465 0.1702 0.0179 -0.0811 -0.1275 -0.1564 -0.1781 -0.1961 -0.2121 -0.2269 -0.2410 -0.2547 -0.2681 -0.2813 -0.2944 -0.3074 -0.3203 -0.3329 -0.3451 -0.3567 -0.3673 -0.3765 -0.3835 -0.3872 -0.3857 -0.3761 -0.3537 -0.3105 -0.2361 -0.1316 -0.0388 0.0186 0.0568 0.0870 0.1136 0.1378 0.1589 0.1742 0.1800 0.1742 0.1589 0.1378 0.1136 0.0870 0.0568 0.0186 -0.0388 -0.1316 -0.2361 -0.3105 -0.3537 -0.3761 -0.3857 -0.3872 -0.3835 -0.3765 -0.3673 -0.3567 -0.3451 -0.3329 -0.3203 -0.3074 -0.2944 -0.2813 -0.2681 -0.2547 -0.2410 -0.2269 -0.2121 -0.1961 -0.1781 -0.1564 -0.1275 -0.0811 0.0179 0.1702 0.2465 0.2551 0.2342 0.2045 0.1737 0.1441 0.1156 0.0866 0.0546 0.0142 -0.0480 -0.1470 -0.2566
-0.1534 -0.0494 0.0133 0.0541 0.0862 0.1152 0.1437 0.1733 0.2041 0.2339 0.2550 0.2468 0.1710 0.0186 -0.0808 -0.1275 -0.1564 -0.1781 -0.1962 -0.2122 -0.2270 -0.2411 -0.2548 -0.2682 -0.2815 -0.2946 -0.3076 -0.3205 -0.3331 -0.3453 -0.3569 -0.3675 -0.3766 -0.3836 -0.3872 -0.3856 -0.3759 -0.3532 -0.3096 -0.2346 -0.1298 -0.0374 0.0197 0.0579 0.0885 0.1160 0.1422 0.1672 0.1892 0.2051 0.2109 0.2050 0.1892 0.1671 0.1422 0.1160 0.0885 0.0579 0.0197 -0.0374 -0.1298 -0.2347 -0.3096 -0.3532 -0.3759 -0.3856 -0.3872 -0.3836 -0.3766 -0.3675 -0.3569 -0.3453 -0.3331 -0.3205 -0.3076 -0.2946 -0.2815 -0.2682 -0.2548 -0.2411 -0.2270 -0.2122 -0.1962 -0.1781 -0.1564 -0.1275 -0.0808 0.0186 0.1710 0.2468 0.2550 0.2339 0.2041 0.1733 0.1437 0.1152 0.0862 0.0541 0.0133 -0.0494 -0.1534
-0.0515 0.0125 0.0535 0.0857 0.1147 0.1433 0.1728 0.2036 0.2336 0.2548 0.2471 0.1721 0.0197 -0.0804 -0.1273 -0.1563 -0.1781 -0.1962 -0.2122 -0.2271 -0.2412 -0.2549 -0.2683 -0.2816 -0.2947 -0.3078 -0.3206 -0.3332 -0.3455 -0.3570 -0.3676 -0.3768 -0.3837 -0.3872 -0.3855 -0.3757 -0.3527 -0.3087 -0.2332 -0.1281 -0.0362 0.0205 0.0587 0.0894 0.1174 0.1446 0.1717 0.1978 0.2201 0.2348 0.2397 0.2348 0.2201 0.1978 0.1717 0.1446 0.1174 0.0894 0.0587 0.0205 -0.0362 -0.1282 -0.2332 -0.3087 -0.3527 -0.3757 -0.3855 -0.3872 -0.3837 -0.3768 -0.3676 -0.3570 -0.3454 -0.3332 -0.3206 -0.3078 -0.2947 -0.2816 -0.2683 -0.2549 -0.2412 -0.2271 -0.2122 -0.1962 -0.1781 -0.1563 -0.1273 -0.0804 0.0197 0.1721 0.2471 0.2548 0.2336 0.2036 0.1728 0.1433 0.1147 0.0857 0.0535 0.0125 -0.0515
0.0132 0.0528 0.0851 0.1142 0.1428 0.1723 0.2031 0.2331 0.2547 0.2476 0.1737 0.0213 -0.0797 -0.1270 -0.1562 -0.1780 -0.1961 -0.2122 -0.2271 -0.2412 -0.2549 -0.2684 -0.2817 -0.2948 -0.3079 -0.3207 -0.3334 -0.3456 -0.3572 -0.3678 -0.3769 -0.3838 -0.3872 -0.3855 -0.3754 -0.3522 -0.3078 -0.2318 -0.1265 -0.0350 0.0213 0.0593 0.0901 0.1183 0.1460 0.1742 0.2024 0.2282 0.2469 0.2550 0.2563 0.2550 0.2469 0.2282 0.2024 0.1742 0.1460 0.1183 0.0901 0.0593 0.0213 -0.0351 -0.1265 -0.2318 -0.3078 -0.3522 -0.3754 -0.3855 -0.3872 -0.3838 -0.3769 -0.3678 -0.3572 -0.3456 -0.3334 -0.3207 -0.3079 -0.2948 -0.2817 -0.2684 -0.2549 -0.2412 -0.2271 -0.2122 -0.1961 -0.1780 -0.1562 -0.1270 -0.0797 0.0213 0.1737 0.2476 0.2547 0.2331 0.2031 0.1723 0.1428 0.1142 0.0851 0.0528 0.0132
0.0548 0.0846 0.1137 0.1423 0.1718 0.2026 0.2327 0.2545 0.2481 0.1754 0.0233 -0.0789 -0.1266 -0.1559 -0.1778 -0.1960 -0.2121 -0.2270 -0.2412 -0.2549 -0.2684 -0.2817 -0.2949 -0.3079 -0.3208 -0.3335 -0.3457 -0.3573 -0.3679 -0.3770 -0.3838 -0.3872 -0.3854 -0.3752 -0.3517 -0.3069 -0.2303 -0.1248 -0.0339 0.0220 0.0599 0.0907 0.1189 0.1469 0.1757 0.2050 0.2325 0.2521 0.2559 0.2444 0.2358 0.2444 0.2559 0.2521 0.2325 0.2050 0.1756 0.1469 0.1189 0.0906 0.0598 0.0219 -0.0340 -0.1249 -0.2303 -0.3069 -0.3517 -0.3752 -0.3854 -0.3872 -0.3838 -0.3770 -0.3679 -0.3573 -0.3457 -0.3335 -0.3208 -0.3079 -0.2949 -0.2817 -0.2684 -0.2549 -0.2412 -0.2270 -0.2121 -0.1960 -0.1778 -0.1559 -0.1266 -0.0789 0.0233 0.1754 0.2481 0.2545 0.2327 0.2026 0.1718 0.1423 0.1137 0.0846 0.0548
0.0872 0.1132 0.1418 0.1713 0.2021 0.2322 0.2543 0.2486 0.1772 0.0254 -0.0779 -0.1262 -0.1556 -0.1776 -0.1958 -0.2120 -0.2269 -0.2411 -0.2549 -0.2684 -0.2817 -0.2949 -0.3080 -0.3209 -0.3335 -0.3458 -0.3574 -0.3680 -0.3771 -0.3839 -0.3873 -0.3853 -0.3750 -0.3512 -0.3060 -0.2289 -0.1232 -0.0329 0.0226 0.0604 0.0911 0.1194 0.1475 0.1766 0.2065 0.2348 0.2543 0.2519 0.2166 0.1634 0.1369 0.1634 0.2166 0.2519 0.2543 0.2348 0.2065 0.1766 0.1475 0.1194 0.0911 0.0604 0.0226 -0.0329 -0.1232 -0.2289 -0.3060 -0.3513 -0.3750 -0.3853 -0.3873 -0.3839 -0.3771 -0.3680 -0.3574 -0.3458 -0.3335 -0.3209 -0.3080 -0.2949 -0.2817 -0.2684 -0.2549 -0.2411 -0.2269 -0.2120 -0.1958 -0.1776 -0.1556 -0.1262 -0.0779 0.0254 0.1772 0.2486 0.2543 0.2322 0.2021 0.1713 0.1418 0.1132 0.0872
0.1163 0.1413 0.1708 0.2016 0.2318 0.2540 0.2491 0.1790 0.0276 -0.0769 -0.1256 -0.1553 -0.1774 -0.1956 -0.2118 -0.2268 -0.2410 -0.2548 -0.2683 -0.2817 -0.2949 -0.3080 -0.3209 -0.3336 -0.3458 -0.3575 -0.3681 -0.3772 -0.3840 -0.3873 -0.3852 -0.3748 -0.3508 -0.3051 -0.2274 -0.1215 -0.0318 0.0233 0.0609 0.0916 0.1199 0.1481 0.1773 0.2075 0.2361 0.2553 0.2481 0.1919 0.0905 0.0117 -0.0125 0.0117 0.0905 0.1920 0.2481 0.2553 0.2361 0.2075 0.1773 0.1481 0.1199 0.0916 0.0609 0.0233 -0.0318 -0.1216 -0.2274 -0.3051 -0.3508 -0.3748 -0.3852 -0.3873 -0.3840 -0.3771 -0.3681 -0.3575 -0.3458 -0.3336 -0.3209 -0.3080 -0.2949 -0.2817 -0.2683 -0.2548 -0.2410 -0.2268 -0.2118 -0.1956 -0.1774 -0.1553 -0.1256 -0.0769 0.0276 0.1790 0.2491 0.2540 0.2318 0.2016 0.1708 0.1413 0.1163
0.1450 0.1703 0.2010 0.2313 0.2538 0.2495 0.1809 0.0299 -0.0758 -0.1251 -0.1549 -0.1771 -0.1954 -0.2116 -0.2266 -0.2409 -0.2547 -0.2682 -0.2816 -0.2948 -0.3079 -0.3209 -0.3336 -0.3459 -0.3575 -0.3681 -0.3772 -0.3840 -0.3873 -0.3852 -0.3746 -0.3504 -0.3043 -0.2261 -0.1199 -0.0307 0.0240 0.0614 0.0920 0.1203 0.1485 0.1778 0.2082 0.2369 0.2558 0.2454 0.1756 0.0465 -0.0445 -0.0837 -0.0944 -0.0837 -0.0445 0.0465 0.1757 0.2454 0.2558 0.2369 0.2081 0.1778 0.1485 0.1203 0.0920 0.0614 0.0240 -0.0308 -0.1200 -0.2261 -0.3043 -0.3504 -0.3746 -0.3852 -0.3873 -0.3840 -0.3772 -0.3681 -0.3575 -0.3459 -0.3336 -0.3209 -0.3079 -0.2948 -0.2816 -0.2682 -0.2547 -0.2409 -0.2266 -0.2116 -0.1954 -0.1771 -0.1549 -0.1251 -0.0758 0.0299 0.1809 0.2495 0.2538 0.2313 0.2010 0.1703 0.1450
0.1747 0.2005 0.2308 0.2536 0.2500 0.1829 0.0324 -0.0747 -0.1245 -0.1545 -0.1768 -0.1951 -0.2114 -0.2264 -0.2407 -0.2545 -0.2681 -0.2815 -0.2947 -0.3079 -0.3208 -0.3335 -0.3458 -0.3575 -0.3681 -0.3772 -0.3840 -0.3873 -0.3852 -0.3745 -0.3501 -0.3037 -0.2250 -0.1186 -0.0298 0.0246 0.0619 0.0925 0.1207 0.1490 0.1783 0.2087 0.2375 0.2560 0.2436 0.1658 0.0241 -0.0677 -0.1094 -0.1291 -0.1352 -0.1291 -0.1094 -0.0677 0.0242 0.1659 0.2436 0.2560 0.2375 0.2087 0.1783 0.1490 0.1207 0.0925 0.0619 0.0246 -0.0298 -0.1186 -0.2250 -0.3037 -0.3501 -0.3745 -0.3852 -0.3873 -0.3840 -0.3772 -0.3681 -0.3575 -0.3458 -0.3335 -0.3208 -0.3079 -0.2947 -0.2815 -0.2681 -0.2545 -0.2407 -0.2264 -0.2114 -0.1951 -0.1768 -0.1545 -0.1245 -0.0747 0.0324 0.1829 0.2500 0.2536 0.2308 0.2005 0.1747
0.2057 0.2303 0.2533 0.2505 0.1848 0.0349 -0.0735 -0.1239 -0.1541 -0.1765 -0.1949 -0.2112 -0.2262 -0.2405 -0.2543 -0.2679 -0.2813 -0.2946 -0.3078 -0.3207 -0.3335 -0.3458 -0.3575 -0.3681 -0.3772 -0.3840 -0.3873 -0.3851 -0.3744 -0.3499 -0.3033 -0.2241 -0.1175 -0.0290 0.0251 0.0623 0.0929 0.1212 0.1494 0.1788 0.2092 0.2380 0.2562 0.2423 0.1598 0.0126 -0.0785 -0.1208 -0.1445 -0.1577 -0.1621 -0.1577 -0.1445 -0.1208 -0.0785 0.0126 0.1598 0.2423 0.2562 0.2380 0.2092 0.1788 0.1494 0.1212 0.0929 0.0623 0.0251 -0.0290 -0.1176 -0.2242 -0.3033 -0.3499 -0.3744 -0.3851 -0.3873 -0.3840 -0.3772 -0.3681 -0.3575 -0.3458 -0.3335 -0.3207 -0.3078 -0.2946 -0.2813 -0.2679 -0.2543 -0.2405 -0.2262 -0.2112 -0.1949 -0.1765 -0.1541 -0.1239 -0.0735 0.0349 0.1848 0.2505 0.2533 0.2303 0.2057
0.2363 0.2531 0.2510 0.1868 0.0376 -0.0722 -0.1233 -0.1537 -0.1761 -0.1946 -0.2109 -0.2260 -0.2403 -0.2541 -0.2677 -0.2811 -0.2944 -0.3076 -0.3206 -0.3334 -0.3457 -0.3574 -0.3681 -0.3772 -0.3840 -0.3873 -0.3851 -0.3743 -0.3497 -0.3030 -0.2235 -0.1168 -0.0284 0.0256 0.0627 0.0932 0.1215 0.1498 0.1792 0.2097 0.2384 0.2564 0.2414 0.1557 0.0061 -0.0840 -0.1264 -0.1520 -0.1690 -0.1793 -0.1829 -0.1793 -0.1690 -0.1520 -0.1264 -0.0840 0.0061 0.1557 0.2414 0.2564 0.2384 0.2097 0.1792 0.1498 0.1215 0.0932 0.0627 0.0255 -0.0284 -0.1168 -0.2236 -0.3030 -0.3497 -0.3743 -0.3851 -0.3873 -0.3840 -0.3772 -0.3681 -0.3574 -0.3457 -0.3334 -0.3206 -0.3076 -0.2944 -0.2811 -0.2677 -0.2541 -0.2403 -0.2260 -0.2109 -0.1946 -0.1761 -0.1537 -0.1233 -0.0722 0.0376 0.1868 0.2510 0.2531 0.2363
0.2597 0.2514 0.1887 0.0403 -0.0709 -0.1227 -0.1533 -0.1758 -0.1943 -0.2107 -0.2258 -0.2401 -0.2539 -0.2675 -0.2809 -0.2942 -0.3074 -0.3205 -0.3332 -0.3456 -0.3573 -0.3680 -0.3772 -0.3840 -0.3873 -0.3851 -0.3743 -0.3497 -0.3028 -0.2231 -0.1162 -0.0280 0.0259 0.0630 0.0935 0.1219 0.1502 0.1796 0.2101 0.2388 0.2565 0.2406 0.1526 0.0020 -0.0871 -0.1293 -0.1558 -0.1748 -0.1885 -0.1973 -0.2005 -0.1973 -0.1885 -0.1747 -0.1558 -0.1293 -0.0871 0.0021 0.1527 0.2406 0.2565 0.2388 0.2101 0.1796 0.1502 0.1219 0.0935 0.0630 0.0259 -0.0280 -0.1162 -0.2231 -0.3028 -0.3497 -0.3743 -0.3851 -0.3873 -0.3840 -0.3771 -0.3680 -0.3573 -0.3456 -0.3332 -0.3205 -0.3074 -0.2942 -0.2809 -0.2675 -0.2539 -0.2401 -0.2258 -0.2107 -0.1943 -0.1758 -0.1533 -0.1227 -0.0709 0.0403 0.1887 0.2514 0.2597
0.2581 0.1906 0.0430 -0.0696 -0.1220 -0.1528 -0.1755 -0.1941 -0.2104 -0.2255 -0.2399 -0.2537 -0.2673 -0.2807 -0.2940 -0.3072 -0.3203 -0.3331 -0.3454 -0.3572 -0.3679 -0.3771 -0.3840 -0.3873 -0.3852 -0.3744 -0.3497 -0.3028 -0.2230 -0.1159 -0.0277 0.0261 0.0632 0.0937 0.1221 0.1505 0.1800 0.2105 0.2392 0.2565 0.2399 0.1501 -0.0008 -0.0890 -0.1309 -0.1578 -0.1778 -0.1934 -0.2055 -0.2134 -0.2163 -0.2134 -0.2055 -0.1934 -0.1778 -0.1578 -0.1309 -0.0890 -0.0008 0.1501 0.2399 0.2565 0.2392 0.2105 0.1800 0.1505 0.1221 0.0937 0.0632 0.0261 -0.0277 -0.1159 -0.2230 -0.3028 -0.3497 -0.3744 -0.3852 -0.3873 -0.3840 -0.3771 -0.3679 -0.3572 -0.3454 -0.3331 -0.3203 -0.3072 -0.2940 -0.2807 -0.2673 -0.2537 -0.2399 -0.2255 -0.2104 -0.1941 -0.1755 -0.1528 -0.1220 -0.0696 0.0430 0.1906 0.2581
0.1966 0.0457 -0.0682 -0.1213 -0.1524 -0.1751 -0.1938 -0.2102 -0.2253 -0.2396 -0.2535 -0.2671 -0.2805 -0.2938 -0.3070 -0.3201 -0.3329 -0.3453 -0.3570 -0.3678 -0.3770 -0.3839 -0.3873 -0.3852 -0.3745 -0.3499 -0.3030 -0.2231 -0.1159 -0.0276 0.0262 0.0633 0.0939 0.1223 0.1507 0.1802 0.2108 0.2394 0.2566 0.2392 0.1479 -0.0030 -0.0903 -0.1320 -0.1590 -0.1794 -0.1960 -0.2099 -0.2209 -0.2284 -0.2310 -0.2284 -0.2209 -0.2099 -0.1960 -0.1794 -0.1590 -0.1319 -0.0902 -0.0030 0.1480 0.2392 0.2566 0.2394 0.2108 0.1802 0.1507 0.1223 0.0939 0.0633 0.0262 -0.0276 -0.1159 -0.2231 -0.3030 -0.3499 -0.3745 -0.3852 -0.3873 -0.3839 -0.3770 -0.3678 -0.3570 -0.3453 -0.3329 -0.3201 -0.3070 -0.2938 -0.2805 -0.2671 -0.2535 -0.2396 -0.2253 -0.2102 -0.1938 -0.1751 -0.1524 -0.1213 -0.0682 0.0457 0.1966
0.0500 -0.0669 -0.1207 -0.1519 -0.1747 -0.1934 -0.2099 -0.2250 -0.2394 -0.2533 -0.2669 -0.2803 -0.2936 -0.3068 -0.3199 -0.3327 -0.3451 -0.3569 -0.3676 -0.3769 -0.3838 -0.3873 -0.3852 -0.3746 -0.3501 -0.3033 -0.2236 -0.1162 -0.0277 0.0262 0.0634 0.0940 0.1224 0.1508 0.1804 0.2110 0.2396 0.2567 0.2387 0.1461 -0.0048 -0.0912 -0.1327 -0.1597 -0.1803 -0.1974 -0.2122 -0.2250 -0.2354 -0.2426 -0.2452 -0.2426 -0.2354 -0.2250 -0.2122 -0.1974 -0.1803 -0.1597 -0.1327 -0.0912 -0.0047 0.1461 0.2387 0.2567 0.2396 0.2110 0.1804 0.1508 0.1224 0.0940 0.0634 0.0262 -0.0277 -0.1162 -0.2236 -0.3033 -0.3501 -0.3746 -0.3852 -0.3873 -0.3838 -0.3769 -0.3676 -0.3569 -0.3451 -0.3327 -0.3199 -0.3068 -0.2936 -0.2803 -0.2669 -0.2533 -0.2394 -0.2250 -0.2099 -0.1934 -0.1747 -0.1519 -0.1207 -0.0669 0.0500
-0.0643 -0.1200 -0.1515 -0.1744 -0.1931 -0.2096 -0.2248 -0.2392 -0.2531 -0.2667 -0.2801 -0.2934 -0.3066 -0.3197 -0.3325 -0.3449 -0.3567 -0.3675 -0.3768 -0.3838 -0.3872 -0.3853 -0.3748 -0.3504 -0.3037 -0.2242 -0.1168 -0.0280 0.0261 0.0633 0.0940 0.1224 0.1509 0.1805 0.2112 0.2398 0.2567 0.2383 0.1446 -0.0062 -0.0919 -0.1332 -0.1602 -0.1809 -0.1982 -0.2135 -0.2272 -0.2393 -0.2494 -0.2564 -0.2589 -0.2564 -0.2494 -0.2393 -0.2272 -0.2135 -0.1982 -0.1809 -0.1602 -0.1332 -0.0919 -0.0061 0.1447 0.2383 0.2567 0.2398 0.2112 0.1805 0.1509 0.1224 0.0940 0.0633 0.0261 -0.0280 -0.1168 -0.2242 -0.3037 -0.3504 -0.3748 -0.3853 -0.3872 -0.3838 -0.3768 -0.3675 -0.3567 -0.3449 -0.3325 -0.3197 -0.3066 -0.2934 -0.2801 -0.2667 -0.2531 -0.2392 -0.2248 -0.2096 -0.1931 -0.1744 -0.1515 -0.1200 -0.0643
-0.1182 -0.1510 -0.1740 -0.1928 -0.2093 -0.2245 -0.2389 -0.2528 -0.2664 -0.2799 -0.2932 -0.3064 -0.3195 -0.3323 -0.3447 -0.3565 -0.3673 -0.3766 -0.3837 -0.3872 -0.3854 -0.3750 -0.3508 -0.3043 -0.2250 -0.1176 -0.0284 0.0259 0.0632 0.0939 0.1224 0.1509 0.1806 0.2113 0.2399 0.2567 0.2380 0.1436 -0.0073 -0.0925 -0.1336 -0.1606 -0.1813 -0.1987 -0.2142 -0.2284 -0.2414 -0.2532 -0.2631 -0.2700 -0.2725 -0.2700 -0.2631 -0.2532 -0.2414 -0.2283 -0.2142 -0.1987 -0.1813 -0.1606 -0.1336 -0.0924 -0.0072 0.1436 0.2380 0.2567 0.2399 0.2113 0.1806 0.1509 0.1224 0.0939 0.0632 0.0259 -0.0284 -0.1176 -0.2250 -0.3043 -0.3508 -0.3750 -0.3854 -0.3872 -0.3837 -0.3766 -0.3673 -0.3565 -0.3447 -0.3323 -0.3195 -0.3064 -0.2932 -0.2799 -0.2664 -0.2528 -0.2389 -0.2245 -0.2093 -0.1928 -0.1740 -0.1510 -0.1182
-0.1498 -0.1737 -0.1925 -0.2091 -0.2243 -0.2387 -0.2526 -0.2662 -0.2797 -0.2930 -0.3062 -0.3193 -0.3321 -0.3445 -0.3563 -0.3672 -0.3765 -0.3836 -0.3872 -0.3855 -0.3752 -0.3513 -0.3051 -0.2261 -0.1186 -0.0290 0.0255 0.0630 0.0937 0.1223 0.1508 0.1805 0.2113 0.2400 0.2567 0.2378 0.1428 -0.0080 -0.0929 -0.1339 -0.1608 -0.1816 -0.1990 -0.2146 -0.2290 -0.2426 -0.2552 -0.2668 -0.2766 -0.2834 -0.2859 -0.2834 -0.2765 -0.2668 -0.2552 -0.2425 -0.2290 -0.2146 -0.1990 -0.1815 -0.1608 -0.1339 -0.0928 -0.0080 0.1428 0.2378 0.2567 0.2400 0.2113 0.1805 0.1508 0.1223 0.0937 0.0630 0.0255 -0.0290 -0.1186 -0.2261 -0.3051 -0.3513 -0.3752 -0.3855 -0.3872 -0.3836 -0.3765 -0.3672 -0.3563 -0.3445 -0.3321 -0.3193 -0.3062 -0.2930 -0.2797 -0.2662 -0.2526 -0.2387 -0.2243 -0.2091 -0.1925 -0.1737 -0.1498
-0.1728 -0.1922 -0.2088 -0.2240 -0.2384 -0.2523 -0.2660 -0.2794 -0.2928 -0.3060 -0.3191 -0.3319 -0.3444 -0.3562 -0.3670 -0.3764 -0.3835 -0.3872 -0.3855 -0.3754 -0.3517 -0.3060 -0.2274 -0.1200 -0.0298 0.0251 0.0627 0.0935 0.1221 0.1507 0.1804 0.2112 0.2399 0.2567 0.2377 0.1424 -0.0085 -0.0931 -0.1341 -0.1610 -0.1817 -0.1992 -0.2149 -0.2294 -0.2432 -0.2563 -0.2688 -0.2802 -0.2899 -0.2967 -0.2992 -0.2967 -0.2899 -0.2802 -0.2688 -0.2563 -0.2432 -0.2294 -0.2149 -0.1992 -0.1817 -0.1610 -0.1341 -0.0931 -0.0085 0.1424 0.2377 0.2567 0.2399 0.2112 0.1804 0.1507 0.1221 0.0935 0.0627 0.0251 -0.0298 -0.1200 -0.2274 -0.3060 -0.3517 -0.3754 -0.3855 -0.3872 -0.3835 -0.3764 -0.3670 -0.3562 -0.3444 -0.3319 -0.3191 -0.3060 -0.2928 -0.2794 -0.2660 -0.2523 -0.2384 -0.2240 -0.2088 -0.1922 -0.1728
-0.1915 -0.2085 -0.2238 -0.2382 -0.2521 -0.2657 -0.2792 -0.2925 -0.3058 -0.3189 -0.3317 -0.3442 -0.3560 -0.3669 -0.3763 -0.3834 -0.3872 -0.3856 -0.3757 -0.3522 -0.3069 -0.2289 -0.1216 -0.0308 0.0246 0.0623 0.0932 0.1219 0.1505 0.1802 0.2110 0.2398 0.2567 0.2378 0.1424 -0.0087 -0.0933 -0.1342 -0.1611 -0.1819 -0.1994 -0.2151 -0.2297 -0.2436 -0.2569 -0.2699 -0.2822 -0.2935 -0.3031 -0.3099 -0.3123 -0.3099 -0.3031 -0.2935 -0.2822 -0.2699 -0.2569 -0.2436 -0.2297 -0.2151 -0.1994 -0.1819 -0.1611 -0.1342 -0.0933 -0.0087 0.1424 0.2378 0.2567 0.2398 0.2110 0.1802 0.1505 0.1219 0.0932 0.0623 0.0246 -0.0308 -0.1216 -0.2289 -0.3069 -0.3522 -0.3757 -0.3856 -0.3872 -0.3834 -0.3763 -0.3669 -0.3560 -0.3442 -0.3317 -0.3189 -0.3058 -0.2925 -0.2792 -0.2657 -0.2521 -0.2382 -0.2238 -0.2085 -0.1915
-0.2079 -0.2235 -0.2379 -0.2519 -0.2655 -0.2790 -0.2923 -0.3055 -0.3186 -0.3315 -0.3440 -0.3558 -0.3667 -0.3761 -0.3833 -0.3871 -0.3857 -0.3759 -0.3527 -0.3078 -0.2303 -0.1232 -0.0318 0.0240 0.0619 0.0929 0.1215 0.1502 0.1800 0.2108 0.2396 0.2567 0.2380 0.1428 -0.0085 -0.0933 -0.1343 -0.1612 -0.1819 -0.1995 -0.2152 -0.2298 -0.2438 -0.2573 -0.2704 -0.2832 -0.2954 -0.3067 -0.3162 -0.3229 -0.3253 -0.3229 -0.3162 -0.3067 -0.2954 -0.2832 -0.2704 -0.2573 -0.2438 -0.2298 -0.2152 -0.1995 -0.1819 -0.1612 -0.1342 -0.0933 -0.0085 0.1428 0.2380 0.2567 0.2396 0.2108 0.1800 0.1502 0.1215 0.0929 0.0619 0.0240 -0.0318 -0.1232 -0.2303 -0.3078 -0.3527 -0.3759 -0.3857 -0.3871 -0.3833 -0.3761 -0.3667 -0.3558 -0.3440 -0.3315 -0.3186 -0.3055 -0.2923 -0.2790 -0.2655 -0.2519 -0.2379 -0.2235 -0.2079
-0.2230 -0.2377 -0.2516 -0.2653 -0.2787 -0.2921 -0.3053 -0.3184 -0.3313 -0.3437 -0.3556 -0.3665 -0.3760 -0.3833 -0.3871 -0.3858 -0.3761 -0.3532 -0.3087 -0.2318 -0.1249 -0.0329 0.0233 0.0614 0.0925 0.1212 0.1498 0.1796 0.2105 0.2394 0.2567 0.2383 0.1436 -0.0080 -0.0931 -0.1342 -0.1612 -0.1820 -0.1995 -0.2153 -0.2299 -0.2439 -0.2575 -0.2708 -0.2838 -0.2965 -0.3086 -0.3197 -0.3291 -0.3357 -0.3380 -0.3356 -0.3291 -0.3197 -0.3086 -0.2965 -0.2838 -0.2708 -0.2575 -0.2439 -0.2299 -0.2153 -0.1995 -0.1820 -0.1612 -0.1342 -0.0931 -0.0080 0.1436 0.2383 0.2567 0.2394 0.2105 0.1796 0.1498 0.1212 0.0925 0.0614 0.0233 -0.0329 -0.1249 -0.2318 -0.3087 -0.3532 -0.3761 -0.3858 -0.3871 -0.3833 -0.3760 -0.3665 -0.3556 -0.3437 -0.3313 -0.3184 -0.3053 -0.2921 -0.2787 -0.2653 -0.2516 -0.2377 -0.2230
-0.2373 -0.2514 -0.2650 -0.2785 -0.2918 -0.3051 -0.3182 -0.3310 -0.3435 -0.3554 -0.3664 -0.3759 -0.3832 -0.3871 -0.3858 -0.3764 -0.3537 -0.3096 -0.2332 -0.1265 -0.0340 0.0226 0.0609 0.0920 0.1207 0.1494 0.1792 0.2101 0.2392 0.2566 0.2387 0.1447 -0.0072 -0.0928 -0.1341 -0.1611 -0.1819 -0.1995 -0.2153 -0.2300 -0.2440 -0.2576 -0.2710 -0.2841 -0.2970 -0.3096 -0.3216 -0.3325 -0.3417 -0.3480 -0.3503 -0.3480 -0.3417 -0.3325 -0.3216 -0.3096 -0.2970 -0.2841 -0.2710 -0.2576 -0.2440 -0.2300 -0.2153 -0.1995 -0.1819 -0.1611 -0.1341 -0.0928 -0.0072 0.1447 0.2387 0.2566 0.2392 0.2101 0.1792 0.1494 0.1207 0.0920 0.0609 0.0226 -0.0340 -0.1265 -0.2332 -0.3096 -0.3537 -0.3764 -0.3858 -0.3871 -0.3832 -0.3759 -0.3664 -0.3554 -0.3435 -0.3310 -0.3182 -0.3051 -0.2918 -0.2785 -0.2650 -0.2514 -0.2373
-0.2510 -0.2648 -0.2783 -0.2916 -0.3048 -0.3179 -0.3308 -0.3433 -0.3552 -0.3662 -0.3757 -0.3831 -0.3871 -0.3859 -0.3766 -0.3542 -0.3105 -0.2347 -0.1282 -0.0351 0.0219 0.0604 0.0916 0.1203 0.1490 0.1788 0.2097 0.2388 0.2565 0.2392 0.1461 -0.0061 -0.0924 -0.1339 -0.1610 -0.1819 -0.1995 -0.2153 -0.2300 -0.2440 -0.2577 -0.2711 -0.2843 -0.2973 -0.3101 -0.3226 -0.3343 -0.3449 -0.3537 -0.3596 -0.3617 -0.3596 -0.3537 -0.3449 -0.3343 -0.3225 -0.3101 -0.2973 -0.2843 -0.2711 -0.2577 -0.2440 -0.2300 -0.2153 -0.1995 -0.1819 -0.1610 -0.1339 -0.0924 -0.0061 0.1461 0.2392 0.2565 0.2388 0.2097 0.1788 0.1490 0.1203 0.0916 0.0604 0.0219 -0.0351 -0.1282 -0.2347 -0.3105 -0.3542 -0.3766 -0.3859 -0.3871 -0.3831 -0.3757 -0.3662 -0.3552 -0.3433 -0.3308 -0.3179 -0.3048 -0.2916 -0.2783 -0.2648 -0.2510
-0.2645 -0.2780 -0.2914 -0.3046 -0.3177 -0.3306 -0.3431 -0.3550 -0.3660 -0.3755 -0.3829 -0.3870 -0.3860 -0.3769 -0.3547 -0.3114 -0.2361 -0.1298 -0.0362 0.0213 0.0598 0.0911 0.1199 0.1485 0.1783 0.2092 0.2384 0.2565 0.2399 0.1480 -0.0047 -0.0919 -0.1336 -0.1608 -0.1817 -0.1994 -0.2152 -0.2299 -0.2440 -0.2577 -0.2711 -0.2843 -0.2975 -0.3104 -0.3230 -0.3352 -0.3466 -0.3567 -0.3648 -0.3701 -0.3720 -0.3701 -0.3648 -0.3567 -0.3466 -0.3352 -0.3230 -0.3104 -0.2974 -0.2843 -0.2711 -0.2577 -0.2440 -0.2299 -0.2152 -0.1994 -0.1817 -0.1608 -0.1336 -0.0919 -0.0047 0.1480 0.2399 0.2565 0.2384 0.2092 0.1783 0.1485 0.1199 0.0911 0.0598 0.0213 -0.0362 -0.1298 -0.2361 -0.3114 -0.3547 -0.3769 -0.3860 -0.3870 -0.3829 -0.3755 -0.3660 -0.3550 -0.3431 -0.3306 -0.3177 -0.3046 -0.2914 -0.2780 -0.2645
-0.2778 -0.2911 -0.3044 -0.3175 -0.3303 -0.3429 -0.3548 -0.3658 -0.3754 -0.3828 -0.3870 -0.3861 -0.3771 -0.3553 -0.3124 -0.2377 -0.1316 -0.0374 0.0205 0.0593 0.0906 0.1194 0.1481 0.1778 0.2087 0.2380 0.2564 0.2406 0.1501 -0.0030 -0.0912 -0.1332 -0.1606 -0.1815 -0.1992 -0.2151 -0.2298 -0.2439 -0.2576 -0.2711 -0.2843 -0.2975 -0.3105 -0.3233 -0.3357 -0.3475 -0.3582 -0.3675 -0.3746 -0.3790 -0.3805 -0.3790 -0.3746 -0.3675 -0.3582 -0.3474 -0.3357 -0.3233 -0.3105 -0.2975 -0.2843 -0.2711 -0.2576 -0.2439 -0.2298 -0.2151 -0.1992 -0.1815 -0.1606 -0.1332 -0.0912 -0.0030 0.1501 0.2406 0.2564 0.2380 0.2087 0.1778 0.1481 0.1194 0.0906 0.0593 0.0205 -0.0374 -0.1316 -0.2377 -0.3124 -0.3553 -0.3771 -0.3861 -0.3870 -0.3828 -0.3754 -0.3658 -0.3548 -0.3429 -0.3303 -0.3175 -0.3044 -0.2911 -0.2778
-0.2910 -0.3041 -0.3172 -0.3301 -0.3426 -0.3545 -0.3656 -0.3752 -0.3827 -0.3870 -0.3862 -0.3774 -0.3559 -0.3135 -0.2395 -0.1338 -0.0388 0.0197 0.0587 0.0901 0.1189 0.1475 0.1773 0.2081 0.2375 0.2562 0.2414 0.1527 -0.0008 -0.0902 -0.1327 -0.1602 -0.1813 -0.1990 -0.2149 -0.2297 -0.2438 -0.2575 -0.2710 -0.2843 -0.2974 -0.3105 -0.3233 -0.3359 -0.3478 -0.3590 -0.3688 -0.3768 -0.3824 -0.3854 -0.3864 -0.3854 -0.3824 -0.3768 -0.3688 -0.3590 -0.3478 -0.3359 -0.3233 -0.3105 -0.2974 -0.2843 -0.2710 -0.2575 -0.2438 -0.2297 -0.2149 -0.1990 -0.1813 -0.1602 -0.1327 -0.0902 -0.0008 0.1527 0.2414 0.2562 0.2375 0.2081 0.1773 0.1475 0.1189 0.0901 0.0587 0.0197 -0.0388 -0.1338 -0.2395 -0.3135 -0.3559 -0.3774 -0.3862 -0.3870 -0.3827 -0.3752 -0.3656 -0.3545 -0.3426 -0.3301 -0.3172 -0.3041 -0.2910
-0.3040 -0.3168 -0.3297 -0.3423 -0.3542 -0.3653 -0.3750 -0.3826 -0.3869 -0.3863 -0.3778 -0.3567 -0.3150 -0.2418 -0.1365 -0.0406 0.0186 0.0579 0.0894 0.1183 0.1469 0.1766 0.2075 0.2369 0.2560 0.2423 0.1557 0.0021 -0.0890 -0.1319 -0.1597 -0.1809 -0.1987 -0.2146 -0.2294 -0.2436 -0.2573 -0.2708 -0.2841 -0.2973 -0.3104 -0.3233 -0.3359 -0.3479 -0.3593 -0.3694 -0.3778 -0.3838 -0.3871 -0.3881 -0.3881 -0.3881 -0.3871 -0.3838 -0.3778 -0.3694 -0.3593 -0.3479 -0.3359 -0.3233 -0.3104 -0.2973 -0.2841 -0.2708 -0.2573 -0.2436 -0.2294 -0.2146 -0.1987 -0.1809 -0.1597 -0.1319 -0.0890 0.0021 0.1557 0.2423 0.2560 0.2369 0.2075 0.1766 0.1469 0.1183 0.0894 0.0579 0.0186 -0.0406 -0.1365 -0.2418 -0.3150 -0.3567 -0.3778 -0.3863 -0.3869 -0.3826 -0.3750 -0.3653 -0.3542 -0.3423 -0.3297 -0.3168 -0.3040
-0.3168 -0.3293 -0.3418 -0.3538 -0.3649 -0.3747 -0.3824 -0.3869 -0.3864 -0.3783 -0.3577 -0.3169 -0.2449 -0.1402 -0.0431 0.0171 0.0568 0.0885 0.1174 0.1460 0.1756 0.2065 0.2361 0.2558 0.2436 0.1598 0.0061 -0.0871 -0.1309 -0.1590 -0.1803 -0.1982 -0.2142 -0.2290 -0.2432 -0.2569 -0.2704 -0.2838 -0.2970 -0.3101 -0.3230 -0.3357 -0.3478 -0.3593 -0.3695 -0.3782 -0.3844 -0.3875 -0.3872 -0.3849 -0.3835 -0.3849 -0.3872 -0.3875 -0.3844 -0.3782 -0.3695 -0.3593 -0.3478 -0.3357 -0.3230 -0.3101 -0.2970 -0.2838 -0.2704 -0.2569 -0.2432 -0.2290 -0.2142 -0.1982 -0.1803 -0.1590 -0.1309 -0.0871 0.0061 0.1598 0.2436 0.2558 0.2361 0.2065 0.1756 0.1460 0.1174 0.0885 0.0568 0.0171 -0.0431 -0.1402 -0.2449 -0.3169 -0.3577 -0.3783 -0.3864 -0.3869 -0.3824 -0.3747 -0.3649 -0.3538 -0.3418 -0.3293 -0.3168
-0.3291 -0.3412 -0.3532 -0.3644 -0.3742 -0.3820 -0.3868 -0.3867 -0.3790 -0.3592 -0.3197 -0.2496 -0.1459 -0.0472 0.0147 0.0551 0.0870 0.1160 0.1446 0.1742 0.2050 0.2348 0.2553 0.2454 0.1659 0.0126 -0.0840 -0.1293 -0.1578 -0.1794 -0.1974 -0.2135 -0.2283 -0.2425 -0.2563 -0.2699 -0.2832 -0.2965 -0.3096 -0.3225 -0.3352 -0.3474 -0.3590 -0.3694 -0.3782 -0.3845 -0.3875 -0.3862 -0.3805 -0.3731 -0.3694 -0.3731 -0.3805 -0.3862 -0.3875 -0.3845 -0.3782 -0.3694 -0.3590 -0.3474 -0.3352 -0.3225 -0.3096 -0.2965 -0.2832 -0.2699 -0.2563 -0.2425 -0.2283 -0.2135 -0.1974 -0.1794 -0.1578 -0.1293 -0.0840 0.0126 0.1659 0.2454 0.2553 0.2348 0.2050 0.1742 0.1446 0.1160 0.0870 0.0551 0.0147 -0.0472 -0.1459 -0.2496 -0.3197 -0.3592 -0.3790 -0.3867 -0.3868 -0.3820 -0.3742 -0.3644 -0.3532 -0.3412 -0.3291
-0.3408 -0.3522 -0.3634 -0.3735 -0.3815 -0.3866 -0.3870 -0.3802 -0.3617 -0.3243 -0.2572 -0.1556 -0.0541 0.0105 0.0521 0.0845 0.1136 0.1422 0.1717 0.2024 0.2325 0.2543 0.2481 0.1757 0.0242 -0.0785 -0.1264 -0.1558 -0.1778 -0.1960 -0.2122 -0.2272 -0.2414 -0.2552 -0.2688 -0.2822 -0.2954 -0.3086 -0.3216 -0.3343 -0.3466 -0.3582 -0.3688 -0.3778 -0.3844 -0.3875 -0.3858 -0.3779 -0.3640 -0.3487 -0.3417 -0.3487 -0.3640 -0.3779 -0.3858 -0.3875 -0.3844 -0.3778 -0.3688 -0.3582 -0.3466 -0.3343 -0.3216 -0.3086 -0.2954 -0.2822 -0.2688 -0.2552 -0.2414 -0.2272 -0.2122 -0.1960 -0.1778 -0.1558 -0.1264 -0.0785 0.0242 0.1757 0.2481 0.2543 0.2325 0.2024 0.1717 0.1422 0.1136 0.0845 0.0521 0.0105 -0.0541 -0.1555 -0.2572 -0.3242 -0.3617 -0.3802 -0.3870 -0.3866 -0.3815 -0.3735 -0.3634 -0.3522 -0.3408
-0.3512 -0.3617 -0.3720 -0.3805 -0.3861 -0.3875 -0.3820 -0.3658 -0.3319 -0.2700 -0.1727 -0.0674 0.0027 0.0466 0.0799 0.1093 0.1378 0.1671 0.1978 0.2282 0.2521 0.2519 0.1920 0.0466 -0.0677 -0.1208 -0.1520 -0.1747 -0.1934 -0.2099 -0.2250 -0.2393 -0.2532 -0.2668 -0.2802 -0.2935 -0.3067 -0.3197 -0.3325 -0.3449 -0.3567 -0.3675 -0.3768 -0.3838 -0.3875 -0.3862 -0.3779 -0.3606 -0.3350 -0.3087 -0.2968 -0.3087 -0.3350 -0.3606 -0.3779 -0.3862 -0.3875 -0.3838 -0.3768 -0.3675 -0.3567 -0.3449 -0.3325 -0.3197 -0.3067 -0.2935 -0.2802 -0.2668 -0.2532 -0.2393 -0.2250 -0.2099 -0.1934 -0.1747 -0.1520 -0.1208 -0.0677 0.0466 0.1920 0.2519 0.2521 0.2282 0.1978 0.1671 0.1378 0.1093 0.0799 0.0466 0.0027 -0.0673 -0.1727 -0.2700 -0.3319 -0.3658 -0.3820 -0.3875 -0.3861 -0.3805 -0.3720 -0.3617 -0.3512
-0.3597 -0.3693 -0.3784 -0.3850 -0.3878 -0.3847 -0.3720 -0.3439 -0.2911 -0.2031 -0.0940 -0.0132 0.0359 0.0713 0.1013 0.1299 0.1589 0.1892 0.2201 0.2469 0.2559 0.2166 0.0906 -0.0445 -0.1094 -0.1444 -0.1690 -0.1885 -0.2055 -0.2209 -0.2354 -0.2494 -0.2631 -0.2765 -0.2899 -0.3031 -0.3162 -0.3291 -0.3417 -0.3537 -0.3648 -0.3746 -0.3824 -0.3871 -0.3872 -0.3805 -0.3640 -0.3350 -0.2949 -0.2558 -0.2389 -0.2558 -0.2949 -0.3350 -0.3640 -0.3805 -0.3872 -0.3871 -0.3824 -0.3746 -0.3648 -0.3537 -0.3417 -0.3291 -0.3162 -0.3031 -0.2899 -0.2765 -0.2631 -0.2494 -0.2354 -0.2209 -0.2055 -0.1885 -0.1690 -0.1444 -0.1094 -0.0445 0.0906 0.2166 0.2559 0.2469 0.2201 0.1892 0.1589 0.1299 0.1013 0.0713 0.0359 -0.0132 -0.0940 -0.2031 -0.2910 -0.3439 -0.3720 -0.3847 -0.3878 -0.3850 -0.3784 -0.3693 -0.3597
-0.3654 -0.3741 -0.3822 -0.3872 -0.3874 -0.3800 -0.3606 -0.3213 -0.2514 -0.1474 -0.0478 0.0144 0.0549 0.0869 0.1159 0.1446 0.1742 0.2050 0.2348 0.2550 0.2444 0.1635 0.0118 -0.0837 -0.1290 -0.1577 -0.1793 -0.1973 -0.2134 -0.2283 -0.2426 -0.2564 -0.2700 -0.2834 -0.2967 -0.3099 -0.3229 -0.3356 -0.3480 -0.3596 -0.3701 -0.3790 -0.3854 -0.3881 -0.3849 -0.3731 -0.3487 -0.3087 -0.2558 -0.2070 -0.1870 -0.2070 -0.2558 -0.3087 -0.3487 -0.3731 -0.3849 -0.3881 -0.3854 -0.3790 -0.3701 -0.3596 -0.3480 -0.3356 -0.3229 -0.3099 -0.2967 -0.2834 -0.2700 -0.2564 -0.2426 -0.2283 -0.2134 -0.1973 -0.1793 -0.1577 -0.1290 -0.0837 0.0118 0.1635 0.2444 0.2550 0.2348 0.2050 0.1742 0.1446 0.1159 0.0869 0.0549 0.0144 -0.0478 -0.1474 -0.2514 -0.3213 -0.3606 -0.3800 -0.3874 -0.3872 -0.3822 -0.3741 -0.3654
-0.3674 -0.3758 -0.3834 -0.3877 -0.3868 -0.3777 -0.3552 -0.3111 -0.2344 -0.1266 -0.0335 0.0231 0.0613 0.0925 0.1213 0.1500 0.1799 0.2109 0.2397 0.2563 0.2358 0.1370 -0.0125 -0.0944 -0.1352 -0.1621 -0.1829 -0.2005 -0.2163 -0.2310 -0.2452 -0.2589 -0.2725 -0.2859 -0.2992 -0.3123 -0.3253 -0.3380 -0.3503 -0.3617 -0.3720 -0.3805 -0.3864 -0.3881 -0.3835 -0.3694 -0.3417 -0.2969 -0.2389 -0.1870 -0.1664 -0.1870 -0.2389 -0.2968 -0.3417 -0.3694 -0.3835 -0.3881 -0.3864 -0.3805 -0.3720 -0.3617 -0.3503 -0.3380 -0.3253 -0.3123 -0.2992 -0.2859 -0.2725 -0.2589 -0.2452 -0.2310 -0.2163 -0.2005 -0.1829 -0.1621 -0.1352 -0.0944 -0.0125 0.1370 0.2358 0.2563 0.2397 0.2109 0.1799 0.1500 0.1213 0.0925 0.0614 0.0231 -0.0335 -0.1266 -0.2344 -0.3111 -0.3552 -0.3777 -0.3868 -0.3877 -0.3834 -0.3758 -0.3674
