1.0000 0.0000 0.0000 0.0001 0.0001 0.0001 0.0002 0.0003 0.0004 0.0006 0.0008 0.0012 0.0017 0.0025 0.0037 0.0053 0.0077 0.0112 0.0163 0.0236 0.0341 0.0495 0.0718 0.1040 0.1507 0.2188 0.3171 0.4594 0.6669 0.9663 1.0000 1.0000 1.0000 1.0000 1.0000 1.0000 1.0000 1.0000 1.0000 1.0000 1.0000 0.0000 0.0000 0.0001 0.0001 0.0001 0.0002 0.0002 0.0003 0.0004 0.0004 0.0004 0.0003 0.0002 0.0002 0.0001 0.0001 0.0001 0.0000 0.0000 1.0000 1.0000 1.0000 1.0000 1.0000 1.0000 1.0000 1.0000 1.0000 1.0000 1.0000 0.9663 0.6669 0.4594 0.3171 0.2188 0.1507 0.1040 0.0718 0.0495 0.0341 0.0236 0.0163 0.0112 0.0077 0.0053 0.0037 0.0025 0.0017 0.0012 0.0008 0.0006 0.0004 0.0003 0.0002 0.0001 0.0001 0.0001 0.0000 0.0000 1.0000
0.0000 0.0000 0.0001 0.0001 0.0001 0.0002 0.0003 0.0004 0.0006 0.0008 0.0012 0.0017 0.0025 0.0037 0.0053 0.0077 0.0112 0.0162 0.0235 0.0341 0.0495 0.0717 0.1038 0.1507 0.2184 0.3164 0.4594 0.6657 0.9645 1.0000 1.0000 1.0000 1.0000 1.0000 1.0000 1.0000 1.0000 1.0000 1.0000 1.0000 0.0000 0.0000 0.0001 0.0001 0.0001 0.0002 0.0002 0.0003 0.0004 0.0005 0.0006 0.0005 0.0004 0.0003 0.0002 0.0002 0.0001 0.0001 0.0001 0.0000 0.0000 1.0000 1.0000 1.0000 1.0000 1.0000 1.0000 1.0000 1.0000 1.0000 1.0000 1.0000 0.9645 0.6657 0.4585 0.3164 0.2184 0.1507 0.1038 0.0717 0.0495 0.0341 0.0235 0.0162 0.0112 0.0077 0.0053 0.0037 0.0025 0.0017 0.0012 0.0008 0.0006 0.0004 0.0003 0.0002 0.0001 0.0001 0.0001 0.0000 0.0000
0.0000 0.0001 0.0001 0.0001 0.0002 0.0003 0.0004 0.0006 0.0008 0.0012 0.0018 0.0025 0.0037 0.0054 0.0078 0.0113 0.0163 0.0237 0.0343 0.0497 0.0722 0.1046 0.1516 0.2196 0.3189 0.4620 0.6695 0.9719 1.0000 1.0000 1.0000 1.0000 1.0000 1.0000 1.0000 1.0000 1.0000 1.0000 1.0000 0.0000 0.0000 0.0001 0.0001 0.0001 0.0002 0.0003 0.0004 0.0005 0.0007 0.0008 0.0008 0.0008 0.0007 0.0005 0.0004 0.0003 0.0002 0.0001 0.0001 0.0001 0.0000 0.0000 1.0000 1.0000 1.0000 1.0000 1.0000 1.0000 1.0000 1.0000 1.0000 1.0000 1.0000 0.9719 0.6695 0.4620 0.3189 0.2196 0.1516 0.1046 0.0722 0.0497 0.0343 0.0237 0.0163 0.0113 0.0078 0.0054 0.0037 0.0025 0.0018 0.0012 0.0008 0.0006 0.0004 0.0003 0.0002 0.0001 0.0001 0.0001 0.0000
0.0001 0.0001 0.0001 0.0002 0.0003 0.0004 0.0006 0.0008 0.0012 0.0018 0.0026 0.0037 0.0054 0.0078 0.0113 0.0164 0.0238 0.0345 0.0501 0.0726 0.1052 0.1527 0.2213 0.3207 0.4656 0.6746 0.9774 1.0000 1.0000 1.0000 1.0000 1.0000 1.0000 1.0000 1.0000 1.0000 1.0000 1.0000 0.0000 0.0000 0.0001 0.0001 0.0001 0.0002 0.0003 0.0004 0.0005 0.0007 0.0010 0.0011 0.0012 0.0011 0.0010 0.0007 0.0005 0.0004 0.0003 0.0002 0.0001 0.0001 0.0001 0.0000 0.0000 1.0000 1.0000 1.0000 1.0000 1.0000 1.0000 1.0000 1.0000 1.0000 1.0000 1.0000 0.9774 0.6746 0.4647 0.3207 0.2213 0.1527 0.1052 0.0726 0.0501 0.0345 0.0238 0.0164 0.0113 0.0078 0.0054 0.0037 0.0026 0.0018 0.0012 0.0008 0.0006 0.0004 0.0003 0.0002 0.0001 0.0001 0.0001
0.0001 0.0001 0.0002 0.0003 0.0004 0.0006 0.0008 0.0012 0.0018 0.0026 0.0037 0.0054 0.0079 0.0114 0.0165 0.0240 0.0348 0.0504 0.0730 0.1060 0.1536 0.2226 0.3231 0.4682 0.6784 0.9849 1.0000 1.0000 1.0000 1.0000 1.0000 1.0000 1.0000 1.0000 1.0000 1.0000 1.0000 0.0000 0.0000 0.0001 0.0001 0.0001 0.0002 0.0003 0.0004 0.0005 0.0008 0.0011 0.0014 0.0017 0.0018 0.0017 0.0014 0.0011 0.0008 0.0005 0.0004 0.0003 0.0002 0.0001 0.0001 0.0001 0.0000 0.0000 1.0000 1.0000 1.0000 1.0000 1.0000 1.0000 1.0000 1.0000 1.0000 1.0000 1.0000 0.9849 0.6784 0.4682 0.3231 0.2226 0.1536 0.1060 0.0730 0.0504 0.0348 0.0240 0.0165 0.0114 0.0079 0.0054 0.0037 0.0026 0.0018 0.0012 0.0008 0.0006 0.0004 0.0003 0.0002 0.0001 0.0001
0.0001 0.0002 0.0003 0.0004 0.0006 0.0008 0.0012 0.0018 0.0026 0.0038 0.0054 0.0079 0.0115 0.0166 0.0241 0.0350 0.0507 0.0736 0.1066 0.1545 0.2243 0.3250 0.4709 0.6836 0.9905 1.0000 1.0000 1.0000 1.0000 1.0000 1.0000 1.0000 1.0000 1.0000 1.0000 1.0000 0.0000 0.0000 0.0001 0.0001 0.0001 0.0002 0.0003 0.0004 0.0006 0.0008 0.0011 0.0015 0.0020 0.0025 0.0026 0.0025 0.0020 0.0015 0.0011 0.0008 0.0006 0.0004 0.0003 0.0002 0.0001 0.0001 0.0001 0.0000 0.0000 1.0000 1.0000 1.0000 1.0000 1.0000 1.0000 1.0000 1.0000 1.0000 1.0000 1.0000 0.9905 0.6836 0.4709 0.3250 0.2243 0.1545 0.1066 0.0736 0.0507 0.0350 0.0241 0.0166 0.0115 0.0079 0.0054 0.0038 0.0026 0.0018 0.0012 0.0008 0.0006 0.0004 0.0003 0.0002 0.0001
0.0002 0.0003 0.0004 0.0006 0.0008 0.0012 0.0018 0.0026 0.0038 0.0055 0.0079 0.0115 0.0167 0.0242 0.0352 0.0510 0.0740 0.1072 0.1557 0.2256 0.3268 0.4745 0.6875 0.9962 1.0000 1.0000 1.0000 1.0000 1.0000 1.0000 1.0000 1.0000 1.0000 1.0000 1.0000 0.0000 0.0000 0.0001 0.0001 0.0001 0.0002 0.0003 0.0004 0.0006 0.0008 0.0012 0.0016 0.0023 0.0030 0.0036 0.0039 0.0036 0.0030 0.0023 0.0016 0.0012 0.0008 0.0006 0.0004 0.0003 0.0002 0.0001 0.0001 0.0001 0.0000 0.0000 1.0000 1.0000 1.0000 1.0000 1.0000 1.0000 1.0000 1.0000 1.0000 1.0000 1.0000 0.9962 0.6875 0.4745 0.3268 0.2256 0.1557 0.1072 0.0740 0.0510 0.0352 0.0242 0.0167 0.0115 0.0079 0.0055 0.0038 0.0026 0.0018 0.0012 0.0008 0.0006 0.0004 0.0003 0.0002
0.0003 0.0004 0.0006 0.0008 0.0012 0.0018 0.0026 0.0038 0.0055 0.0080 0.0116 0.0168 0.0244 0.0353 0.0513 0.0744 0.1078 0.1566 0.2269 0.3287 0.4772 0.6915 1.0000 1.0000 1.0000 1.0000 1.0000 1.0000 1.0000 1.0000 1.0000 1.0000 1.0000 1.0000 0.0000 0.0000 0.0001 0.0001 0.0001 0.0002 0.0003 0.0004 0.0006 0.0008 0.0012 0.0017 0.0024 0.0033 0.0043 0.0052 0.0056 0.0052 0.0043 0.0033 0.0024 0.0017 0.0012 0.0008 0.0006 0.0004 0.0003 0.0002 0.0001 0.0001 0.0001 0.0000 0.0000 1.0000 1.0000 1.0000 1.0000 1.0000 1.0000 1.0000 1.0000 1.0000 1.0000 1.0000 1.0000 0.6915 0.4772 0.3287 0.2269 0.1566 0.1078 0.0744 0.0513 0.0353 0.0244 0.0168 0.0116 0.0080 0.0055 0.0038 0.0026 0.0018 0.0012 0.0008 0.0006 0.0004 0.0003
0.0004 0.0006 0.0008 0.0012 0.0018 0.0026 0.0038 0.0055 0.0080 0.0116 0.0168 0.0244 0.0355 0.0515 0.0747 0.1085 0.1572 0.2282 0.3306 0.4799 0.6954 1.0000 1.0000 1.0000 1.0000 1.0000 1.0000 1.0000 1.0000 1.0000 1.0000 1.0000 1.0000 0.0000 0.0000 0.0001 0.0001 0.0001 0.0002 0.0003 0.0004 0.0006 0.0008 0.0012 0.0017 0.0025 0.0035 0.0048 0.0063 0.0077 0.0082 0.0077 0.0063 0.0048 0.0035 0.0025 0.0017 0.0012 0.0008 0.0006 0.0004 0.0003 0.0002 0.0001 0.0001 0.0001 0.0000 0.0000 1.0000 1.0000 1.0000 1.0000 1.0000 1.0000 1.0000 1.0000 1.0000 1.0000 1.0000 1.0000 0.6954 0.4799 0.3306 0.2282 0.1572 0.1085 0.0747 0.0515 0.0355 0.0244 0.0168 0.0116 0.0080 0.0055 0.0038 0.0026 0.0018 0.0012 0.0008 0.0006 0.0004
0.0006 0.0008 0.0012 0.0018 0.0026 0.0038 0.0055 0.0080 0.0116 0.0168 0.0245 0.0355 0.0517 0.0750 0.1089 0.1581 0.2295 0.3325 0.4827 0.6994 1.0000 1.0000 1.0000 1.0000 1.0000 1.0000 1.0000 1.0000 1.0000 1.0000 1.0000 1.0000 0.0000 0.0000 0.0001 0.0001 0.0001 0.0002 0.0003 0.0004 0.0006 0.0008 0.0012 0.0018 0.0025 0.0036 0.0051 0.0070 0.0092 0.0112 0.0120 0.0112 0.0092 0.0070 0.0051 0.0036 0.0025 0.0018 0.0012 0.0008 0.0006 0.0004 0.0003 0.0002 0.0001 0.0001 0.0001 0.0000 0.0000 1.0000 1.0000 1.0000 1.0000 1.0000 1.0000 1.0000 1.0000 1.0000 1.0000 1.0000 1.0000 0.6994 0.4827 0.3325 0.2290 0.1581 0.1089 0.0750 0.0517 0.0355 0.0245 0.0168 0.0116 0.0080 0.0055 0.0038 0.0026 0.0018 0.0012 0.0008 0.0006
0.0008 0.0012 0.0018 0.0026 0.0037 0.0054 0.0079 0.0116 0.0168 0.0245 0.0356 0.0518 0.0751 0.1091 0.1584 0.2303 0.3344 0.4845 0.7034 1.0000 1.0000 1.0000 1.0000 1.0000 1.0000 1.0000 1.0000 1.0000 1.0000 1.0000 1.0000 0.0000 0.0000 0.0001 0.0001 0.0001 0.0002 0.0003 0.0004 0.0006 0.0008 0.0012 0.0018 0.0026 0.0037 0.0053 0.0075 0.0103 0.0135 0.0163 0.0175 0.0163 0.0135 0.0103 0.0075 0.0053 0.0037 0.0026 0.0018 0.0012 0.0008 0.0006 0.0004 0.0003 0.0002 0.0001 0.0001 0.0001 0.0000 0.0000 1.0000 1.0000 1.0000 1.0000 1.0000 1.0000 1.0000 1.0000 1.0000 1.0000 1.0000 1.0000 0.7034 0.4845 0.3338 0.2299 0.1584 0.1091 0.0751 0.0517 0.0356 0.0245 0.0168 0.0116 0.0079 0.0054 0.0037 0.0026 0.0018 0.0012 0.0008
0.0012 0.0017 0.0025 0.0037 0.0054 0.0079 0.0115 0.0168 0.0244 0.0355 0.0517 0.0751 0.1093 0.1590 0.2308 0.3350 0.4864 0.7061 1.0000 1.0000 1.0000 1.0000 1.0000 1.0000 1.0000 1.0000 1.0000 1.0000 1.0000 1.0000 0.0000 0.0000 0.0001 0.0001 0.0001 0.0002 0.0003 0.0004 0.0006 0.0008 0.0012 0.0018 0.0026 0.0037 0.0054 0.0077 0.0109 0.0150 0.0197 0.0239 0.0256 0.0239 0.0197 0.0150 0.0109 0.0077 0.0054 0.0037 0.0026 0.0018 0.0012 0.0008 0.0006 0.0004 0.0003 0.0002 0.0001 0.0001 0.0001 0.0000 0.0000 1.0000 1.0000 1.0000 1.0000 1.0000 1.0000 1.0000 1.0000 1.0000 1.0000 1.0000 1.0000 0.7061 0.4864 0.3350 0.2308 0.1590 0.1093 0.0751 0.0517 0.0355 0.0244 0.0168 0.0115 0.0079 0.0054 0.0037 0.0025 0.0017 0.0012
0.0017 0.0025 0.0037 0.0054 0.0079 0.0115 0.0167 0.0244 0.0355 0.0517 0.0751 0.1093 0.1590 0.2312 0.3357 0.4882 0.7088 1.0000 1.0000 1.0000 1.0000 1.0000 1.0000 1.0000 1.0000 1.0000 1.0000 1.0000 1.0000 0.0000 0.0000 0.0001 0.0001 0.0001 0.0002 0.0003 0.0004 0.0006 0.0009 0.0012 0.0018 0.0026 0.0038 0.0054 0.0078 0.0112 0.0159 0.0219 0.0288 0.0349 0.0374 0.0349 0.0288 0.0219 0.0159 0.0112 0.0078 0.0054 0.0038 0.0026 0.0018 0.0012 0.0009 0.0006 0.0004 0.0003 0.0002 0.0001 0.0001 0.0001 0.0000 0.0000 1.0000 1.0000 1.0000 1.0000 1.0000 1.0000 1.0000 1.0000 1.0000 1.0000 1.0000 1.0000 0.7088 0.4882 0.3357 0.2312 0.1590 0.1093 0.0751 0.0517 0.0355 0.0244 0.0167 0.0115 0.0079 0.0054 0.0037 0.0025 0.0017
0.0025 0.0037 0.0054 0.0078 0.0114 0.0166 0.0242 0.0353 0.0515 0.0750 0.1091 0.1590 0.2312 0.3363 0.4882 0.7101 1.0000 1.0000 1.0000 1.0000 1.0000 1.0000 1.0000 1.0000 1.0000 1.0000 1.0000 1.0000 0.0000 0.0000 0.0001 0.0001 0.0001 0.0002 0.0003 0.0004 0.0006 0.0009 0.0012 0.0018 0.0026 0.0038 0.0055 0.0080 0.0115 0.0164 0.0232 0.0319 0.0420 0.0509 0.0546 0.0509 0.0420 0.0319 0.0232 0.0164 0.0115 0.0080 0.0055 0.0038 0.0026 0.0018 0.0012 0.0009 0.0006 0.0004 0.0003 0.0002 0.0001 0.0001 0.0001 0.0000 0.0000 1.0000 1.0000 1.0000 1.0000 1.0000 1.0000 1.0000 1.0000 1.0000 1.0000 1.0000 1.0000 0.7101 0.4882 0.3363 0.2312 0.1590 0.1091 0.0750 0.0515 0.0353 0.0242 0.0166 0.0114 0.0078 0.0054 0.0037 0.0025
0.0037 0.0053 0.0078 0.0113 0.0165 0.0241 0.0352 0.0513 0.0747 0.1089 0.1584 0.2308 0.3357 0.4882 0.7101 1.0000 1.0000 1.0000 1.0000 1.0000 1.0000 1.0000 1.0000 1.0000 1.0000 1.0000 1.0000 0.0000 0.0000 0.0001 0.0001 0.0001 0.0002 0.0003 0.0004 0.0006 0.0009 0.0013 0.0018 0.0026 0.0038 0.0055 0.0080 0.0116 0.0167 0.0239 0.0338 0.0466 0.0613 0.0743 0.0797 0.0743 0.0613 0.0466 0.0338 0.0239 0.0167 0.0116 0.0080 0.0055 0.0038 0.0026 0.0018 0.0013 0.0009 0.0006 0.0004 0.0003 0.0002 0.0001 0.0001 0.0001 0.0000 0.0000 1.0000 1.0000 1.0000 1.0000 1.0000 1.0000 1.0000 1.0000 1.0000 1.0000 1.0000 1.0000 0.7101 0.4882 0.3357 0.2308 0.1584 0.1089 0.0747 0.0513 0.0352 0.0241 0.0165 0.0113 0.0078 0.0053 0.0037
0.0053 0.0077 0.0113 0.0164 0.0240 0.0350 0.0510 0.0744 0.1085 0.1581 0.2299 0.3350 0.4882 0.7101 1.0000 1.0000 1.0000 1.0000 1.0000 1.0000 1.0000 1.0000 1.0000 1.0000 1.0000 1.0000 0.0000 0.0000 0.0001 0.0001 0.0001 0.0002 0.0003 0.0004 0.0006 0.0009 0.0013 0.0018 0.0027 0.0038 0.0056 0.0081 0.0117 0.0169 0.0244 0.0349 0.0494 0.0681 0.0893 0.1085 0.1164 0.1085 0.0893 0.0681 0.0494 0.0349 0.0244 0.0169 0.0117 0.0081 0.0056 0.0038 0.0027 0.0018 0.0013 0.0009 0.0006 0.0004 0.0003 0.0002 0.0001 0.0001 0.0001 0.0000 0.0000 1.0000 1.0000 1.0000 1.0000 1.0000 1.0000 1.0000 1.0000 1.0000 1.0000 1.0000 1.0000 0.7101 0.4882 0.3350 0.2299 0.1581 0.1085 0.0744 0.0510 0.0350 0.0240 0.0164 0.0113 0.0077 0.0053
0.0077 0.0112 0.0163 0.0238 0.0348 0.0507 0.0740 0.1078 0.1572 0.2290 0.3338 0.4864 0.7088 1.0000 1.0000 1.0000 1.0000 1.0000 1.0000 1.0000 1.0000 1.0000 1.0000 1.0000 1.0000 0.0000 0.0000 0.0001 0.0001 0.0001 0.0002 0.0003 0.0004 0.0006 0.0009 0.0013 0.0018 0.0027 0.0039 0.0056 0.0081 0.0118 0.0171 0.0247 0.0356 0.0510 0.0721 0.0992 0.1304 0.1584 0.1699 0.1584 0.1304 0.0992 0.0721 0.0510 0.0356 0.0247 0.0171 0.0118 0.0081 0.0056 0.0039 0.0027 0.0018 0.0013 0.0009 0.0006 0.0004 0.0003 0.0002 0.0001 0.0001 0.0001 0.0000 0.0000 1.0000 1.0000 1.0000 1.0000 1.0000 1.0000 1.0000 1.0000 1.0000 1.0000 1.0000 1.0000 0.7088 0.4864 0.3338 0.2290 0.1572 0.1078 0.0740 0.0507 0.0348 0.0238 0.0163 0.0112 0.0077
0.0112 0.0162 0.0237 0.0345 0.0504 0.0736 0.1072 0.1566 0.2282 0.3325 0.4845 0.7061 1.0000 1.0000 1.0000 1.0000 1.0000 1.0000 1.0000 1.0000 1.0000 1.0000 1.0000 1.0000 0.0000 0.0000 0.0001 0.0001 0.0001 0.0002 0.0003 0.0004 0.0006 0.0009 0.0013 0.0018 0.0027 0.0039 0.0056 0.0082 0.0119 0.0172 0.0249 0.0361 0.0520 0.0744 0.1052 0.1448 0.1904 0.2312 0.2481 0.2308 0.1904 0.1448 0.1050 0.0743 0.0520 0.0360 0.0249 0.0172 0.0119 0.0082 0.0056 0.0039 0.0027 0.0018 0.0013 0.0009 0.0006 0.0004 0.0003 0.0002 0.0001 0.0001 0.0001 0.0000 0.0000 1.0000 1.0000 1.0000 1.0000 1.0000 1.0000 1.0000 1.0000 1.0000 1.0000 1.0000 1.0000 0.7061 0.4845 0.3325 0.2282 0.1566 0.1072 0.0736 0.0504 0.0345 0.0237 0.0162 0.0112
0.0163 0.0235 0.0343 0.0501 0.0730 0.1066 0.1557 0.2269 0.3306 0.4827 0.7034 1.0000 1.0000 1.0000 1.0000 1.0000 1.0000 1.0000 1.0000 1.0000 1.0000 1.0000 1.0000 0.0000 0.0000 0.0001 0.0001 0.0001 0.0002 0.0003 0.0004 0.0006 0.0009 0.0013 0.0019 0.0027 0.0039 0.0057 0.0082 0.0119 0.0173 0.0251 0.0363 0.0526 0.0757 0.1085 0.1533 0.2114 0.2781 0.3369 0.3622 0.3369 0.2781 0.2114 0.1533 0.1085 0.0757 0.0526 0.0363 0.0251 0.0173 0.0119 0.0082 0.0057 0.0039 0.0027 0.0019 0.0013 0.0009 0.0006 0.0004 0.0003 0.0002 0.0001 0.0001 0.0001 0.0000 0.0000 1.0000 1.0000 1.0000 1.0000 1.0000 1.0000 1.0000 1.0000 1.0000 1.0000 1.0000 1.0000 0.7034 0.4827 0.3306 0.2269 0.1557 0.1066 0.0730 0.0501 0.0343 0.0235 0.0163
0.0236 0.0341 0.0497 0.0726 0.1060 0.1545 0.2256 0.3287 0.4799 0.6994 1.0000 1.0000 1.0000 1.0000 1.0000 1.0000 1.0000 1.0000 1.0000 1.0000 1.0000 1.0000 0.0000 0.0000 0.0001 0.0001 0.0001 0.0002 0.0003 0.0004 0.0006 0.0009 0.0013 0.0019 0.0027 0.0039 0.0057 0.0083 0.0120 0.0174 0.0252 0.0366 0.0530 0.0766 0.1105 0.1584 0.2239 0.3087 0.4060 0.4920 0.5288 0.4920 0.4060 0.3081 0.2239 0.1584 0.1105 0.0766 0.0530 0.0366 0.0252 0.0174 0.0120 0.0083 0.0057 0.0039 0.0027 0.0019 0.0013 0.0009 0.0006 0.0004 0.0003 0.0002 0.0001 0.0001 0.0001 0.0000 0.0000 1.0000 1.0000 1.0000 1.0000 1.0000 1.0000 1.0000 1.0000 1.0000 1.0000 1.0000 1.0000 0.6994 0.4799 0.3287 0.2256 0.1545 0.1060 0.0726 0.0497 0.0341 0.0236
0.0341 0.0495 0.0722 0.1052 0.1536 0.2243 0.3268 0.4772 0.6954 1.0000 1.0000 1.0000 1.0000 1.0000 1.0000 1.0000 1.0000 1.0000 1.0000 1.0000 1.0000 0.0000 0.0000 0.0001 0.0001 0.0001 0.0002 0.0003 0.0004 0.0006 0.0009 0.0013 0.0019 0.0027 0.0040 0.0057 0.0083 0.0121 0.0175 0.0254 0.0368 0.0534 0.0773 0.1118 0.1611 0.2308 0.3262 0.4499 0.5916 0.7183 0.7706 0.7183 0.5916 0.4499 0.3262 0.2308 0.1611 0.1118 0.0773 0.0534 0.0368 0.0254 0.0175 0.0121 0.0083 0.0057 0.0040 0.0027 0.0019 0.0013 0.0009 0.0006 0.0004 0.0003 0.0002 0.0001 0.0001 0.0001 0.0000 0.0000 1.0000 1.0000 1.0000 1.0000 1.0000 1.0000 1.0000 1.0000 1.0000 1.0000 1.0000 1.0000 0.6954 0.4772 0.3268 0.2243 0.1536 0.1052 0.0722 0.0495 0.0341
0.0495 0.0717 0.1046 0.1527 0.2226 0.3250 0.4745 0.6915 1.0000 1.0000 1.0000 1.0000 1.0000 1.0000 1.0000 1.0000 1.0000 1.0000 1.0000 1.0000 0.0000 0.0000 0.0001 0.0001 0.0001 0.0002 0.0003 0.0004 0.0006 0.0009 0.0013 0.0019 0.0027 0.0040 0.0058 0.0084 0.0122 0.0176 0.0255 0.0370 0.0537 0.0778 0.1127 0.1629 0.2352 0.3369 0.4763 0.6569 0.8638 1.0000 1.0000 1.0000 0.8638 0.6569 0.4763 0.3363 0.2348 0.1629 0.1127 0.0778 0.0537 0.0370 0.0255 0.0176 0.0121 0.0084 0.0058 0.0040 0.0027 0.0019 0.0013 0.0009 0.0006 0.0004 0.0003 0.0002 0.0001 0.0001 0.0001 0.0000 0.0000 1.0000 1.0000 1.0000 1.0000 1.0000 1.0000 1.0000 1.0000 1.0000 1.0000 1.0000 1.0000 0.6915 0.4745 0.3250 0.2226 0.1527 0.1046 0.0717 0.0495
0.0718 0.1038 0.1516 0.2213 0.3231 0.4709 0.6875 1.0000 1.0000 1.0000 1.0000 1.0000 1.0000 1.0000 1.0000 1.0000 1.0000 1.0000 1.0000 0.0000 0.0000 0.0001 0.0001 0.0001 0.0002 0.0003 0.0004 0.0006 0.0009 0.0013 0.0019 0.0028 0.0040 0.0058 0.0084 0.0122 0.0177 0.0257 0.0372 0.0540 0.0784 0.1135 0.1645 0.2379 0.3428 0.4910 0.6941 0.9572 1.0000 1.0000 1.0000 1.0000 1.0000 0.9572 0.6941 0.4910 0.3428 0.2379 0.1645 0.1135 0.0784 0.0540 0.0372 0.0257 0.0177 0.0122 0.0084 0.0058 0.0040 0.0028 0.0019 0.0013 0.0009 0.0006 0.0004 0.0003 0.0002 0.0001 0.0001 0.0001 0.0000 0.0000 1.0000 1.0000 1.0000 1.0000 1.0000 1.0000 1.0000 1.0000 1.0000 1.0000 1.0000 1.0000 0.6875 0.4709 0.3231 0.2213 0.1516 0.1038 0.0718
0.1040 0.1507 0.2196 0.3207 0.4682 0.6836 0.9962 1.0000 1.0000 1.0000 1.0000 1.0000 1.0000 1.0000 1.0000 1.0000 1.0000 1.0000 0.0000 0.0000 0.0001 0.0001 0.0001 0.0002 0.0003 0.0004 0.0006 0.0009 0.0013 0.0019 0.0028 0.0040 0.0058 0.0085 0.0123 0.0178 0.0258 0.0375 0.0543 0.0788 0.1142 0.1654 0.2397 0.3467 0.4995 0.7155 1.0000 1.0000 1.0000 1.0000 1.0000 1.0000 1.0000 1.0000 1.0000 0.7155 0.4995 0.3467 0.2397 0.1654 0.1142 0.0788 0.0543 0.0375 0.0258 0.0178 0.0123 0.0085 0.0058 0.0040 0.0028 0.0019 0.0013 0.0009 0.0006 0.0004 0.0003 0.0002 0.0001 0.0001 0.0001 0.0000 0.0000 1.0000 1.0000 1.0000 1.0000 1.0000 1.0000 1.0000 1.0000 1.0000 1.0000 1.0000 0.9962 0.6836 0.4682 0.3207 0.2196 0.1507 0.1040
0.1507 0.2184 0.3189 0.4647 0.6784 0.9905 1.0000 1.0000 1.0000 1.0000 1.0000 1.0000 1.0000 1.0000 1.0000 1.0000 1.0000 0.0000 0.0000 0.0001 0.0001 0.0001 0.0002 0.0003 0.0004 0.0006 0.0009 0.0013 0.0019 0.0028 0.0040 0.0059 0.0085 0.0123 0.0179 0.0260 0.0377 0.0546 0.0793 0.1148 0.1667 0.2416 0.3500 0.5062 0.7293 1.0000 1.0000 1.0000 1.0000 1.0000 1.0000 1.0000 1.0000 1.0000 1.0000 1.0000 0.7293 0.5052 0.3493 0.2416 0.1664 0.1148 0.0793 0.0546 0.0377 0.0260 0.0179 0.0123 0.0085 0.0059 0.0040 0.0028 0.0019 0.0013 0.0009 0.0006 0.0004 0.0003 0.0002 0.0001 0.0001 0.0001 0.0000 0.0000 1.0000 1.0000 1.0000 1.0000 1.0000 1.0000 1.0000 1.0000 1.0000 1.0000 1.0000 0.9905 0.6784 0.4647 0.3189 0.2184 0.1507
0.2188 0.3164 0.4620 0.6746 0.9849 1.0000 1.0000 1.0000 1.0000 1.0000 1.0000 1.0000 1.0000 1.0000 1.0000 1.0000 0.0000 0.0000 0.0001 0.0001 0.0001 0.0002 0.0003 0.0004 0.0006 0.0009 0.0013 0.0019 0.0028 0.0040 0.0059 0.0085 0.0124 0.0180 0.0261 0.0378 0.0549 0.0797 0.1155 0.1677 0.2429 0.3520 0.5101 0.7376 1.0000 1.0000 1.0000 1.0000 1.0000 1.0000 1.0000 1.0000 1.0000 1.0000 1.0000 1.0000 1.0000 0.7376 0.5101 0.3520 0.2429 0.1673 0.1155 0.0797 0.0549 0.0378 0.0261 0.0180 0.0124 0.0085 0.0059 0.0040 0.0028 0.0019 0.0013 0.0009 0.0006 0.0004 0.0003 0.0002 0.0001 0.0001 0.0001 0.0000 0.0000 1.0000 1.0000 1.0000 1.0000 1.0000 1.0000 1.0000 1.0000 1.0000 1.0000 1.0000 0.9849 0.6746 0.4620 0.3164 0.2188
0.3171 0.4585 0.6695 0.9774 1.0000 1.0000 1.0000 1.0000 1.0000 1.0000 1.0000 1.0000 1.0000 1.0000 1.0000 0.0000 0.0000 0.0001 0.0001 0.0001 0.0002 0.0003 0.0004 0.0006 0.0009 0.0013 0.0019 0.0028 0.0040 0.0059 0.0085 0.0124 0.0180 0.0262 0.0380 0.0552 0.0800 0.1162 0.1686 0.2443 0.3540 0.5139 0.7433 1.0000 1.0000 1.0000 1.0000 1.0000 1.0000 1.0000 1.0000 1.0000 1.0000 1.0000 1.0000 1.0000 1.0000 1.0000 0.7433 0.5139 0.3540 0.2443 0.1683 0.1162 0.0800 0.0551 0.0380 0.0262 0.0180 0.0124 0.0085 0.0059 0.0040 0.0028 0.0019 0.0013 0.0009 0.0006 0.0004 0.0003 0.0002 0.0001 0.0001 0.0001 0.0000 0.0000 1.0000 1.0000 1.0000 1.0000 1.0000 1.0000 1.0000 1.0000 1.0000 1.0000 1.0000 0.9774 0.6695 0.4585 0.3171
0.4594 0.6657 0.9719 1.0000 1.0000 1.0000 1.0000 1.0000 1.0000 1.0000 1.0000 1.0000 1.0000 1.0000 0.0000 0.0000 0.0001 0.0001 0.0001 0.0002 0.0003 0.0004 0.0006 0.0009 0.0013 0.0019 0.0028 0.0040 0.0059 0.0086 0.0124 0.0181 0.0263 0.0381 0.0554 0.0803 0.1166 0.1693 0.2457 0.3561 0.5169 0.7490 1.0000 1.0000 1.0000 1.0000 1.0000 1.0000 1.0000 1.0000 1.0000 1.0000 1.0000 1.0000 1.0000 1.0000 1.0000 1.0000 1.0000 0.7490 0.5169 0.3561 0.2457 0.1693 0.1166 0.0803 0.0553 0.0381 0.0263 0.0181 0.0124 0.0086 0.0059 0.0040 0.0028 0.0019 0.0013 0.0009 0.0006 0.0004 0.0003 0.0002 0.0001 0.0001 0.0001 0.0000 0.0000 1.0000 1.0000 1.0000 1.0000 1.0000 1.0000 1.0000 1.0000 1.0000 1.0000 1.0000 0.9719 0.6657 0.4594
0.6669 0.9645 1.0000 1.0000 1.0000 1.0000 1.0000 1.0000 1.0000 1.0000 1.0000 1.0000 1.0000 0.0000 0.0000 0.0001 0.0001 0.0001 0.0002 0.0003 0.0004 0.0006 0.0009 0.0013 0.0019 0.0028 0.0040 0.0059 0.0086 0.0125 0.0181 0.0263 0.0383 0.0555 0.0806 0.1170 0.1699 0.2467 0.3581 0.5198 0.7532 1.0000 1.0000 1.0000 1.0000 1.0000 1.0000 1.0000 1.0000 1.0000 1.0000 1.0000 1.0000 1.0000 1.0000 1.0000 1.0000 1.0000 1.0000 1.0000 0.7532 0.5189 0.3581 0.2467 0.1699 0.1170 0.0806 0.0555 0.0383 0.0263 0.0181 0.0125 0.0086 0.0059 0.0040 0.0028 0.0019 0.0013 0.0009 0.0006 0.0004 0.0003 0.0002 0.0001 0.0001 0.0001 0.0000 0.0000 1.0000 1.0000 1.0000 1.0000 1.0000 1.0000 1.0000 1.0000 1.0000 1.0000 1.0000 0.9645 0.6669
0.9663 1.0000 1.0000 1.0000 1.0000 1.0000 1.0000 1.0000 1.0000 1.0000 1.0000 1.0000 0.0000 0.0000 0.0001 0.0001 0.0001 0.0002 0.0003 0.0004 0.0006 0.0009 0.0013 0.0019 0.0028 0.0040 0.0059 0.0086 0.0125 0.0181 0.0264 0.0383 0.0556 0.0808 0.1175 0.1706 0.2476 0.3595 0.5218 0.7576 1.0000 1.0000 1.0000 1.0000 1.0000 1.0000 1.0000 1.0000 1.0000 1.0000 1.0000 1.0000 1.0000 1.0000 1.0000 1.0000 1.0000 1.0000 1.0000 1.0000 1.0000 0.7576 0.5218 0.3595 0.2476 0.1706 0.1175 0.0808 0.0556 0.0383 0.0264 0.0181 0.0125 0.0086 0.0059 0.0040 0.0028 0.0019 0.0013 0.0009 0.0006 0.0004 0.0003 0.0002 0.0001 0.0001 0.0001 0.0000 0.0000 1.0000 1.0000 1.0000 1.0000 1.0000 1.0000 1.0000 1.0000 1.0000 1.0000 1.0000 0.9663
1.0000 1.0000 1.0000 1.0000 1.0000 1.0000 1.0000 1.0000 1.0000 1.0000 1.0000 0.0000 0.0000 0.0001 0.0001 0.0001 0.0002 0.0003 0.0004 0.0006 0.0009 0.0013 0.0019 0.0028 0.0040 0.0059 0.0085 0.0124 0.0181 0.0264 0.0383 0.0557 0.0809 0.1177 0.1709 0.2481 0.3608 0.5238 0.7604 1.0000 1.0000 1.0000 1.0000 1.0000 1.0000 1.0000 1.0000 1.0000 1.0000 1.0000 1.0000 1.0000 1.0000 1.0000 1.0000 1.0000 1.0000 1.0000 1.0000 1.0000 1.0000 1.0000 0.7604 0.5238 0.3608 0.2481 0.1709 0.1177 0.0809 0.0557 0.0383 0.0264 0.0181 0.0124 0.0085 0.0059 0.0040 0.0028 0.0019 0.0013 0.0009 0.0006 0.0004 0.0003 0.0002 0.0001 0.0001 0.0001 0.0000 0.0000 1.0000 1.0000 1.0000 1.0000 1.0000 1.0000 1.0000 1.0000 1.0000 1.0000 1.0000
1.0000 1.0000 1.0000 1.0000 1.0000 1.0000 1.0000 1.0000 1.0000 1.0000 0.0000 0.0000 0.0001 0.0001 0.0001 0.0002 0.0003 0.0004 0.0006 0.0009 0.0013 0.0019 0.0028 0.0040 0.0059 0.0085 0.0124 0.0181 0.0263 0.0383 0.0557 0.0809 0.1177 0.1712 0.2485 0.3615 0.5248 0.7633 1.0000 1.0000 1.0000 1.0000 1.0000 1.0000 1.0000 1.0000 1.0000 1.0000 1.0000 1.0000 1.0000 1.0000 1.0000 1.0000 1.0000 1.0000 1.0000 1.0000 1.0000 1.0000 1.0000 1.0000 1.0000 0.7619 0.5248 0.3615 0.2485 0.1712 0.1177 0.0809 0.0557 0.0383 0.0263 0.0181 0.0124 0.0085 0.0059 0.0040 0.0028 0.0019 0.0013 0.0009 0.0006 0.0004 0.0003 0.0002 0.0001 0.0001 0.0001 0.0000 0.0000 1.0000 1.0000 1.0000 1.0000 1.0000 1.0000 1.0000 1.0000 1.0000 1.0000
1.0000 1.0000 1.0000 1.0000 1.0000 1.0000 1.0000 1.0000 1.0000 0.0000 0.0000 0.0001 0.0001 0.0001 0.0002 0.0003 0.0004 0.0006 0.0009 0.0013 0.0019 0.0027 0.0040 0.0058 0.0085 0.0124 0.0180 0.0263 0.0383 0.0556 0.0809 0.1177 0.1712 0.2490 0.3622 0.5258 0.7648 1.0000 1.0000 1.0000 1.0000 1.0000 1.0000 1.0000 1.0000 1.0000 1.0000 1.0000 1.0000 1.0000 1.0000 1.0000 1.0000 1.0000 1.0000 1.0000 1.0000 1.0000 1.0000 1.0000 1.0000 1.0000 1.0000 1.0000 0.7648 0.5258 0.3622 0.2490 0.1712 0.1177 0.0809 0.0556 0.0383 0.0263 0.0180 0.0124 0.0085 0.0058 0.0040 0.0027 0.0019 0.0013 0.0009 0.0006 0.0004 0.0003 0.0002 0.0001 0.0001 0.0001 0.0000 0.0000 1.0000 1.0000 1.0000 1.0000 1.0000 1.0000 1.0000 1.0000 1.0000
1.0000 1.0000 1.0000 1.0000 1.0000 1.0000 1.0000 1.0000 0.0000 0.0000 0.0001 0.0001 0.0001 0.0002 0.0003 0.0004 0.0006 0.0009 0.0013 0.0019 0.0027 0.0040 0.0058 0.0085 0.0123 0.0180 0.0262 0.0381 0.0555 0.0808 0.1177 0.1712 0.2490 0.3622 0.5268 0.7662 1.0000 1.0000 1.0000 1.0000 1.0000 1.0000 1.0000 1.0000 1.0000 1.0000 1.0000 1.0000 0.0000 0.0000 0.0000 0.0000 0.0000 1.0000 1.0000 1.0000 1.0000 1.0000 1.0000 1.0000 1.0000 1.0000 1.0000 1.0000 1.0000 0.7662 0.5268 0.3622 0.2490 0.1712 0.1177 0.0808 0.0555 0.0381 0.0262 0.0180 0.0123 0.0085 0.0058 0.0040 0.0027 0.0019 0.0013 0.0009 0.0006 0.0004 0.0003 0.0002 0.0001 0.0001 0.0001 0.0000 0.0000 1.0000 1.0000 1.0000 1.0000 1.0000 1.0000 1.0000 1.0000
1.0000 1.0000 1.0000 1.0000 1.0000 1.0000 1.0000 0.0000 0.0000 0.0001 0.0001 0.0001 0.0002 0.0003 0.0004 0.0006 0.0009 0.0013 0.0019 0.0027 0.0040 0.0058 0.0084 0.0123 0.0179 0.0261 0.0380 0.0553 0.0806 0.1175 0.1709 0.2485 0.3622 0.5268 0.7662 1.0000 1.0000 1.0000 1.0000 1.0000 1.0000 1.0000 1.0000 1.0000 1.0000 1.0000 1.0000 0.0000 0.0000 0.0000 0.0001 0.0000 0.0000 0.0000 1.0000 1.0000 1.0000 1.0000 1.0000 1.0000 1.0000 1.0000 1.0000 1.0000 1.0000 1.0000 0.7662 0.5268 0.3622 0.2485 0.1709 0.1175 0.0806 0.0553 0.0380 0.0261 0.0179 0.0123 0.0084 0.0058 0.0040 0.0027 0.0019 0.0013 0.0009 0.0006 0.0004 0.0003 0.0002 0.0001 0.0001 0.0001 0.0000 0.0000 1.0000 1.0000 1.0000 1.0000 1.0000 1.0000 1.0000
1.0000 1.0000 1.0000 1.0000 1.0000 1.0000 0.0000 0.0000 0.0001 0.0001 0.0001 0.0002 0.0003 0.0004 0.0006 0.0009 0.0013 0.0018 0.0027 0.0039 0.0057 0.0084 0.0122 0.0178 0.0260 0.0378 0.0551 0.0803 0.1170 0.1706 0.2481 0.3615 0.5258 0.7662 1.0000 1.0000 1.0000 1.0000 1.0000 1.0000 1.0000 1.0000 1.0000 1.0000 1.0000 1.0000 0.0000 0.0000 0.0001 0.0001 0.0001 0.0001 0.0001 0.0000 0.0000 1.0000 1.0000 1.0000 1.0000 1.0000 1.0000 1.0000 1.0000 1.0000 1.0000 1.0000 1.0000 0.7662 0.5258 0.3615 0.2481 0.1706 0.1170 0.0803 0.0551 0.0378 0.0260 0.0178 0.0122 0.0084 0.0057 0.0039 0.0027 0.0018 0.0013 0.0009 0.0006 0.0004 0.0003 0.0002 0.0001 0.0001 0.0001 0.0000 0.0000 1.0000 1.0000 1.0000 1.0000 1.0000 1.0000
1.0000 1.0000 1.0000 1.0000 1.0000 0.0000 0.0000 0.0001 0.0001 0.0001 0.0002 0.0003 0.0004 0.0006 0.0009 0.0013 0.0018 0.0027 0.0039 0.0057 0.0083 0.0121 0.0177 0.0258 0.0377 0.0549 0.0800 0.1166 0.1699 0.2476 0.3608 0.5248 0.7648 1.0000 1.0000 1.0000 1.0000 1.0000 1.0000 1.0000 1.0000 1.0000 1.0000 1.0000 1.0000 0.0000 0.0000 0.0001 0.0001 0.0001 0.0001 0.0001 0.0001 0.0001 0.0000 0.0000 1.0000 1.0000 1.0000 1.0000 1.0000 1.0000 1.0000 1.0000 1.0000 1.0000 1.0000 1.0000 0.7648 0.5248 0.3608 0.2476 0.1699 0.1166 0.0800 0.0549 0.0377 0.0258 0.0177 0.0121 0.0083 0.0057 0.0039 0.0027 0.0018 0.0013 0.0009 0.0006 0.0004 0.0003 0.0002 0.0001 0.0001 0.0001 0.0000 0.0000 1.0000 1.0000 1.0000 1.0000 1.0000
1.0000 1.0000 1.0000 1.0000 0.0000 0.0000 0.0001 0.0001 0.0001 0.0002 0.0003 0.0004 0.0006 0.0009 0.0013 0.0018 0.0027 0.0039 0.0057 0.0083 0.0121 0.0176 0.0257 0.0375 0.0546 0.0797 0.1162 0.1693 0.2467 0.3595 0.5238 0.7619 1.0000 1.0000 1.0000 1.0000 1.0000 1.0000 1.0000 1.0000 1.0000 1.0000 1.0000 1.0000 0.0000 0.0000 0.0001 0.0001 0.0001 0.0001 0.0002 0.0001 0.0001 0.0001 0.0001 0.0000 0.0000 1.0000 1.0000 1.0000 1.0000 1.0000 1.0000 1.0000 1.0000 1.0000 1.0000 1.0000 1.0000 0.7619 0.5238 0.3595 0.2467 0.1693 0.1162 0.0797 0.0546 0.0375 0.0257 0.0176 0.0121 0.0083 0.0057 0.0039 0.0027 0.0018 0.0013 0.0009 0.0006 0.0004 0.0003 0.0002 0.0001 0.0001 0.0001 0.0000 0.0000 1.0000 1.0000 1.0000 1.0000
1.0000 1.0000 1.0000 0.0000 0.0000 0.0001 0.0001 0.0001 0.0002 0.0003 0.0004 0.0006 0.0009 0.0012 0.0018 0.0027 0.0039 0.0056 0.0082 0.0120 0.0175 0.0255 0.0372 0.0543 0.0793 0.1155 0.1683 0.2457 0.3581 0.5218 0.7604 1.0000 1.0000 1.0000 1.0000 1.0000 1.0000 1.0000 1.0000 1.0000 1.0000 1.0000 1.0000 0.0000 0.0000 0.0001 0.0001 0.0001 0.0002 0.0002 0.0002 0.0002 0.0002 0.0001 0.0001 0.0001 0.0000 0.0000 1.0000 1.0000 1.0000 1.0000 1.0000 1.0000 1.0000 1.0000 1.0000 1.0000 1.0000 1.0000 0.7604 0.5218 0.3581 0.2457 0.1683 0.1155 0.0793 0.0543 0.0372 0.0255 0.0175 0.0120 0.0082 0.0056 0.0039 0.0027 0.0018 0.0012 0.0009 0.0006 0.0004 0.0003 0.0002 0.0001 0.0001 0.0001 0.0000 0.0000 1.0000 1.0000 1.0000
1.0000 1.0000 0.0000 0.0000 0.0001 0.0001 0.0001 0.0002 0.0003 0.0004 0.0006 0.0008 0.0012 0.0018 0.0026 0.0038 0.0056 0.0082 0.0119 0.0174 0.0254 0.0370 0.0540 0.0788 0.1148 0.1673 0.2443 0.3561 0.5189 0.7576 1.0000 1.0000 1.0000 1.0000 1.0000 1.0000 1.0000 1.0000 1.0000 1.0000 1.0000 1.0000 0.0000 0.0000 0.0001 0.0001 0.0001 0.0002 0.0003 0.0003 0.0003 0.0003 0.0003 0.0002 0.0001 0.0001 0.0001 0.0000 0.0000 1.0000 1.0000 1.0000 1.0000 1.0000 1.0000 1.0000 1.0000 1.0000 1.0000 1.0000 1.0000 0.7576 0.5189 0.3561 0.2443 0.1673 0.1148 0.0788 0.0540 0.0370 0.0254 0.0174 0.0119 0.0082 0.0056 0.0038 0.0026 0.0018 0.0012 0.0008 0.0006 0.0004 0.0003 0.0002 0.0001 0.0001 0.0001 0.0000 0.0000 1.0000 1.0000
1.0000 0.0000 0.0000 0.0001 0.0001 0.0001 0.0002 0.0003 0.0004 0.0006 0.0008 0.0012 0.0018 0.0026 0.0038 0.0056 0.0081 0.0119 0.0173 0.0252 0.0368 0.0537 0.0784 0.1142 0.1664 0.2429 0.3540 0.5169 0.7532 1.0000 1.0000 1.0000 1.0000 1.0000 1.0000 1.0000 1.0000 1.0000 1.0000 1.0000 1.0000 0.0000 0.0000 0.0001 0.0001 0.0001 0.0002 0.0003 0.0004 0.0005 0.0005 0.0005 0.0004 0.0003 0.0002 0.0001 0.0001 0.0001 0.0000 0.0000 1.0000 1.0000 1.0000 1.0000 1.0000 1.0000 1.0000 1.0000 1.0000 1.0000 1.0000 1.0000 0.7532 0.5169 0.3540 0.2429 0.1664 0.1142 0.0784 0.0537 0.0368 0.0252 0.0173 0.0119 0.0081 0.0056 0.0038 0.0026 0.0018 0.0012 0.0008 0.0006 0.0004 0.0003 0.0002 0.0001 0.0001 0.0001 0.0000 0.0000 1.0000
0.0000 0.0000 0.0001 0.0001 0.0001 0.0002 0.0003 0.0004 0.0006 0.0008 0.0012 0.0018 0.0026 0.0038 0.0055 0.0081 0.0118 0.0172 0.0251 0.0366 0.0534 0.0778 0.1135 0.1654 0.2416 0.3520 0.5139 0.7490 1.0000 1.0000 1.0000 1.0000 1.0000 1.0000 1.0000 1.0000 1.0000 1.0000 1.0000 1.0000 0.0000 0.0000 0.0001 0.0001 0.0001 0.0002 0.0003 0.0004 0.0005 0.0007 0.0007 0.0007 0.0005 0.0004 0.0003 0.0002 0.0001 0.0001 0.0001 0.0000 0.0000 1.0000 1.0000 1.0000 1.0000 1.0000 1.0000 1.0000 1.0000 1.0000 1.0000 1.0000 1.0000 0.7490 0.5139 0.3520 0.2416 0.1654 0.1135 0.0778 0.0534 0.0366 0.0251 0.0172 0.0118 0.0081 0.0055 0.0038 0.0026 0.0018 0.0012 0.0008 0.0006 0.0004 0.0003 0.0002 0.0001 0.0001 0.0001 0.0000 0.0000
0.0000 0.0001 0.0001 0.0001 0.0002 0.0003 0.0004 0.0006 0.0008 0.0012 0.0018 0.0026 0.0038 0.0055 0.0080 0.0117 0.0171 0.0249 0.0363 0.0530 0.0773 0.1127 0.1645 0.2397 0.3493 0.5101 0.7433 1.0000 1.0000 1.0000 1.0000 1.0000 1.0000 1.0000 1.0000 1.0000 1.0000 1.0000 1.0000 0.0000 0.0000 0.0001 0.0001 0.0001 0.0002 0.0003 0.0004 0.0006 0.0008 0.0010 0.0010 0.0010 0.0008 0.0006 0.0004 0.0003 0.0002 0.0001 0.0001 0.0001 0.0000 0.0000 1.0000 1.0000 1.0000 1.0000 1.0000 1.0000 1.0000 1.0000 1.0000 1.0000 1.0000 1.0000 0.7433 0.5101 0.3493 0.2397 0.1645 0.1127 0.0773 0.0530 0.0363 0.0249 0.0171 0.0117 0.0080 0.0055 0.0038 0.0026 0.0018 0.0012 0.0008 0.0006 0.0004 0.0003 0.0002 0.0001 0.0001 0.0001 0.0000
0.0001 0.0001 0.0001 0.0002 0.0003 0.0004 0.0006 0.0008 0.0012 0.0018 0.0026 0.0037 0.0054 0.0080 0.0116 0.0169 0.0247 0.0360 0.0526 0.0766 0.1118 0.1629 0.2379 0.3467 0.5052 0.7376 1.0000 1.0000 1.0000 1.0000 1.0000 1.0000 1.0000 1.0000 1.0000 1.0000 1.0000 1.0000 0.0000 0.0000 0.0001 0.0001 0.0001 0.0002 0.0003 0.0004 0.0006 0.0009 0.0012 0.0014 0.0015 0.0014 0.0012 0.0009 0.0006 0.0004 0.0003 0.0002 0.0001 0.0001 0.0001 0.0000 0.0000 1.0000 1.0000 1.0000 1.0000 1.0000 1.0000 1.0000 1.0000 1.0000 1.0000 1.0000 1.0000 0.7376 0.5052 0.3467 0.2379 0.1629 0.1118 0.0766 0.0526 0.0360 0.0247 0.0169 0.0116 0.0080 0.0054 0.0037 0.0026 0.0018 0.0012 0.0008 0.0006 0.0004 0.0003 0.0002 0.0001 0.0001 0.0001
0.0001 0.0001 0.0002 0.0003 0.0004 0.0006 0.0008 0.0012 0.0017 0.0025 0.0037 0.0054 0.0078 0.0115 0.0167 0.0244 0.0356 0.0520 0.0757 0.1105 0.1611 0.2348 0.3428 0.4995 0.7293 1.0000 1.0000 1.0000 1.0000 1.0000 1.0000 1.0000 1.0000 1.0000 1.0000 1.0000 1.0000 0.0000 0.0000 0.0001 0.0001 0.0001 0.0002 0.0003 0.0005 0.0006 0.0009 0.0013 0.0017 0.0020 0.0022 0.0020 0.0017 0.0013 0.0009 0.0006 0.0005 0.0003 0.0002 0.0001 0.0001 0.0001 0.0000 0.0000 1.0000 1.0000 1.0000 1.0000 1.0000 1.0000 1.0000 1.0000 1.0000 1.0000 1.0000 1.0000 0.7293 0.4995 0.3428 0.2348 0.1611 0.1105 0.0757 0.0520 0.0356 0.0244 0.0167 0.0115 0.0078 0.0054 0.0037 0.0025 0.0017 0.0012 0.0008 0.0006 0.0004 0.0003 0.0002 0.0001 0.0001
0.0001 0.0002 0.0003 0.0004 0.0005 0.0008 0.0012 0.0017 0.0025 0.0036 0.0053 0.0077 0.0112 0.0164 0.0239 0.0349 0.0510 0.0743 0.1085 0.1584 0.2308 0.3363 0.4910 0.7155 1.0000 1.0000 1.0000 1.0000 1.0000 1.0000 1.0000 1.0000 1.0000 1.0000 1.0000 1.0000 0.0000 0.0000 0.0001 0.0001 0.0001 0.0002 0.0003 0.0004 0.0006 0.0009 0.0013 0.0018 0.0024 0.0029 0.0031 0.0029 0.0024 0.0018 0.0013 0.0009 0.0006 0.0004 0.0003 0.0002 0.0001 0.0001 0.0001 0.0000 0.0000 1.0000 1.0000 1.0000 1.0000 1.0000 1.0000 1.0000 1.0000 1.0000 1.0000 1.0000 1.0000 0.7155 0.4910 0.3363 0.2308 0.1584 0.1085 0.0743 0.0510 0.0349 0.0239 0.0164 0.0112 0.0077 0.0053 0.0036 0.0025 0.0017 0.0012 0.0008 0.0005 0.0004 0.0003 0.0002 0.0001
0.0002 0.0002 0.0004 0.0005 0.0008 0.0011 0.0016 0.0024 0.0035 0.0051 0.0075 0.0109 0.0159 0.0232 0.0338 0.0494 0.0721 0.1050 0.1533 0.2239 0.3262 0.4763 0.6941 1.0000 1.0000 1.0000 1.0000 1.0000 1.0000 1.0000 1.0000 1.0000 1.0000 1.0000 1.0000 0.0000 0.0000 0.0001 0.0001 0.0001 0.0002 0.0003 0.0004 0.0006 0.0009 0.0013 0.0019 0.0026 0.0034 0.0041 0.0045 0.0041 0.0034 0.0026 0.0019 0.0013 0.0009 0.0006 0.0004 0.0003 0.0002 0.0001 0.0001 0.0001 0.0000 0.0000 1.0000 1.0000 1.0000 1.0000 1.0000 1.0000 1.0000 1.0000 1.0000 1.0000 1.0000 1.0000 0.6941 0.4763 0.3262 0.2239 0.1533 0.1050 0.0721 0.0494 0.0338 0.0232 0.0159 0.0109 0.0075 0.0051 0.0035 0.0024 0.0016 0.0011 0.0008 0.0005 0.0004 0.0002 0.0002
0.0002 0.0003 0.0005 0.0007 0.0011 0.0015 0.0023 0.0033 0.0048 0.0070 0.0103 0.0150 0.0219 0.0319 0.0466 0.0681 0.0992 0.1448 0.2114 0.3081 0.4499 0.6569 0.9572 1.0000 1.0000 1.0000 1.0000 1.0000 1.0000 1.0000 1.0000 1.0000 1.0000 1.0000 0.0000 0.0000 0.0001 0.0001 0.0001 0.0002 0.0003 0.0004 0.0006 0.0009 0.0013 0.0018 0.0026 0.0036 0.0047 0.0057 0.0062 0.0057 0.0047 0.0036 0.0026 0.0018 0.0013 0.0009 0.0006 0.0004 0.0003 0.0002 0.0001 0.0001 0.0001 0.0000 0.0000 1.0000 1.0000 1.0000 1.0000 1.0000 1.0000 1.0000 1.0000 1.0000 1.0000 1.0000 0.9572 0.6569 0.4499 0.3081 0.2114 0.1448 0.0992 0.0681 0.0466 0.0319 0.0219 0.0150 0.0103 0.0070 0.0048 0.0033 0.0023 0.0015 0.0011 0.0007 0.0005 0.0003 0.0002
0.0003 0.0004 0.0007 0.0010 0.0014 0.0020 0.0030 0.0043 0.0063 0.0092 0.0135 0.0197 0.0288 0.0420 0.0613 0.0893 0.1304 0.1904 0.2781 0.4060 0.5916 0.8638 1.0000 1.0000 1.0000 1.0000 1.0000 1.0000 1.0000 1.0000 1.0000 1.0000 1.0000 0.0000 0.0000 0.0001 0.0001 0.0001 0.0002 0.0003 0.0004 0.0005 0.0008 0.0012 0.0017 0.0024 0.0034 0.0047 0.0062 0.0075 0.0081 0.0075 0.0062 0.0047 0.0034 0.0024 0.0017 0.0012 0.0008 0.0005 0.0004 0.0003 0.0002 0.0001 0.0001 0.0001 0.0000 0.0000 1.0000 1.0000 1.0000 1.0000 1.0000 1.0000 1.0000 1.0000 1.0000 1.0000 1.0000 0.8638 0.5916 0.4060 0.2781 0.1904 0.1304 0.0893 0.0613 0.0420 0.0288 0.0197 0.0135 0.0092 0.0063 0.0043 0.0030 0.0020 0.0014 0.0010 0.0007 0.0004 0.0003
0.0004 0.0005 0.0008 0.0011 0.0017 0.0025 0.0036 0.0052 0.0077 0.0112 0.0163 0.0239 0.0349 0.0509 0.0743 0.1085 0.1584 0.2308 0.3369 0.4920 0.7183 1.0000 1.0000 1.0000 1.0000 1.0000 1.0000 1.0000 1.0000 1.0000 1.0000 1.0000 1.0000 0.0000 0.0000 0.0001 0.0001 0.0001 0.0002 0.0003 0.0005 0.0007 0.0010 0.0014 0.0020 0.0029 0.0041 0.0057 0.0075 0.0091 0.0098 0.0091 0.0075 0.0057 0.0041 0.0029 0.0020 0.0014 0.0010 0.0007 0.0005 0.0003 0.0002 0.0001 0.0001 0.0001 0.0000 0.0000 1.0000 1.0000 1.0000 1.0000 1.0000 1.0000 1.0000 1.0000 1.0000 1.0000 1.0000 1.0000 0.7183 0.4920 0.3369 0.2308 0.1584 0.1085 0.0743 0.0509 0.0349 0.0239 0.0163 0.0112 0.0077 0.0052 0.0036 0.0025 0.0017 0.0011 0.0008 0.0005 0.0004
0.0004 0.0006 0.0008 0.0012 0.0018 0.0026 0.0039 0.0056 0.0082 0.0120 0.0175 0.0256 0.0374 0.0546 0.0797 0.1164 0.1699 0.2481 0.3622 0.5278 0.7706 1.0000 1.0000 1.0000 1.0000 1.0000 1.0000 1.0000 1.0000 1.0000 1.0000 1.0000 1.0000 0.0000 0.0001 0.0001 0.0001 0.0002 0.0002 0.0003 0.0005 0.0007 0.0010 0.0015 0.0022 0.0031 0.0045 0.0062 0.0081 0.0098 0.0105 0.0098 0.0081 0.0062 0.0045 0.0031 0.0022 0.0015 0.0010 0.0007 0.0005 0.0003 0.0002 0.0002 0.0001 0.0001 0.0001 0.0000 1.0000 1.0000 1.0000 1.0000 1.0000 1.0000 1.0000 1.0000 1.0000 1.0000 1.0000 1.0000 0.7706 0.5278 0.3622 0.2481 0.1699 0.1164 0.0797 0.0546 0.0374 0.0256 0.0175 0.0120 0.0082 0.0056 0.0039 0.0026 0.0018 0.0012 0.0008 0.0006 0.0004
0.0004 0.0005 0.0008 0.0011 0.0017 0.0025 0.0036 0.0052 0.0077 0.0112 0.0163 0.0239 0.0349 0.0509 0.0743 0.1085 0.1584 0.2308 0.3369 0.4920 0.7183 1.0000 1.0000 1.0000 1.0000 1.0000 1.0000 1.0000 1.0000 1.0000 1.0000 1.0000 1.0000 0.0000 0.0000 0.0001 0.0001 0.0001 0.0002 0.0003 0.0005 0.0007 0.0010 0.0014 0.0020 0.0029 0.0041 0.0057 0.0075 0.0091 0.0098 0.0091 0.0075 0.0057 0.0041 0.0029 0.0020 0.0014 0.0010 0.0007 0.0005 0.0003 0.0002 0.0001 0.0001 0.0001 0.0000 0.0000 1.0000 1.0000 1.0000 1.0000 1.0000 1.0000 1.0000 1.0000 1.0000 1.0000 1.0000 1.0000 0.7183 0.4920 0.3369 0.2308 0.1584 0.1085 0.0743 0.0509 0.0349 0.0239 0.0163 0.0112 0.0077 0.0052 0.0036 0.0025 0.0017 0.0011 0.0008 0.0005 0.0004
0.0003 0.0004 0.0007 0.0010 0.0014 0.0020 0.0030 0.0043 0.0063 0.0092 0.0135 0.0197 0.0288 0.0420 0.0613 0.0893 0.1304 0.1904 0.2781 0.4060 0.5916 0.8638 1.0000 1.0000 1.0000 1.0000 1.0000 1.0000 1.0000 1.0000 1.0000 1.0000 1.0000 0.0000 0.0000 0.0001 0.0001 0.0001 0.0002 0.0003 0.0004 0.0005 0.0008 0.0012 0.0017 0.0024 0.0034 0.0047 0.0062 0.0075 0.0081 0.0075 0.0062 0.0047 0.0034 0.0024 0.0017 0.0012 0.0008 0.0005 0.0004 0.0003 0.0002 0.0001 0.0001 0.0001 0.0000 0.0000 1.0000 1.0000 1.0000 1.0000 1.0000 1.0000 1.0000 1.0000 1.0000 1.0000 1.0000 0.8638 0.5916 0.4060 0.2781 0.1904 0.1304 0.0893 0.0613 0.0420 0.0288 0.0197 0.0135 0.0092 0.0063 0.0043 0.0030 0.0020 0.0014 0.0010 0.0007 0.0004 0.0003
0.0002 0.0003 0.0005 0.0007 0.0011 0.0015 0.0023 0.0033 0.0048 0.0070 0.0103 0.0150 0.0219 0.0319 0.0466 0.0681 0.0992 0.1448 0.2114 0.3081 0.4499 0.6569 0.9572 1.0000 1.0000 1.0000 1.0000 1.0000 1.0000 1.0000 1.0000 1.0000 1.0000 1.0000 0.0000 0.0000 0.0001 0.0001 0.0001 0.0002 0.0003 0.0004 0.0006 0.0009 0.0013 0.0018 0.0026 0.0036 0.0047 0.0057 0.0062 0.0057 0.0047 0.0036 0.0026 0.0018 0.0013 0.0009 0.0006 0.0004 0.0003 0.0002 0.0001 0.0001 0.0001 0.0000 0.0000 1.0000 1.0000 1.0000 1.0000 1.0000 1.0000 1.0000 1.0000 1.0000 1.0000 1.0000 0.9572 0.6569 0.4499 0.3081 0.2114 0.1448 0.0992 0.0681 0.0466 0.0319 0.0219 0.0150 0.0103 0.0070 0.0048 0.0033 0.0023 0.0015 0.0011 0.0007 0.0005 0.0003 0.0002
0.0002 0.0002 0.0004 0.0005 0.0008 0.0011 0.0016 0.0024 0.0035 0.0051 0.0075 0.0109 0.0159 0.0232 0.0338 0.0494 0.0721 0.1050 0.1533 0.2239 0.3262 0.4763 0.6941 1.0000 1.0000 1.0000 1.0000 1.0000 1.0000 1.0000 1.0000 1.0000 1.0000 1.0000 1.0000 0.0000 0.0000 0.0001 0.0001 0.0001 0.0002 0.0003 0.0004 0.0006 0.0009 0.0013 0.0019 0.0026 0.0034 0.0041 0.0045 0.0041 0.0034 0.0026 0.0019 0.0013 0.0009 0.0006 0.0004 0.0003 0.0002 0.0001 0.0001 0.0001 0.0000 0.0000 1.0000 1.0000 1.0000 1.0000 1.0000 1.0000 1.0000 1.0000 1.0000 1.0000 1.0000 1.0000 0.6941 0.4763 0.3262 0.2239 0.1533 0.1050 0.0721 0.0494 0.0338 0.0232 0.0159 0.0109 0.0075 0.0051 0.0035 0.0024 0.0016 0.0011 0.0008 0.0005 0.0004 0.0002 0.0002
0.0001 0.0002 0.0003 0.0004 0.0005 0.0008 0.0012 0.0017 0.0025 0.0036 0.0053 0.0077 0.0112 0.0164 0.0239 0.0349 0.0510 0.0743 0.1085 0.1584 0.2308 0.3363 0.4910 0.7155 1.0000 1.0000 1.0000 1.0000 1.0000 1.0000 1.0000 1.0000 1.0000 1.0000 1.0000 1.0000 0.0000 0.0000 0.0001 0.0001 0.0001 0.0002 0.0003 0.0004 0.0006 0.0009 0.0013 0.0018 0.0024 0.0029 0.0031 0.0029 0.0024 0.0018 0.0013 0.0009 0.0006 0.0004 0.0003 0.0002 0.0001 0.0001 0.0001 0.0000 0.0000 1.0000 1.0000 1.0000 1.0000 1.0000 1.0000 1.0000 1.0000 1.0000 1.0000 1.0000 1.0000 0.7155 0.4910 0.3363 0.2308 0.1584 0.1085 0.0743 0.0510 0.0349 0.0239 0.0164 0.0112 0.0077 0.0053 0.0036 0.0025 0.0017 0.0012 0.0008 0.0005 0.0004 0.0003 0.0002 0.0001
