0.1885 0.1636 0.1512 0.1436 0.1388 0.1357 0.1340 0.1336 0.1345 0.1365 0.1397 0.1441 0.1499 0.1571 0.1659 0.1763 0.1886 0.2029 0.2194 0.2384 0.2600 0.2845 0.3120 0.3424 0.3756 0.4106 0.4453 0.4761 0.4973 0.5063 0.5064 0.4999 0.4880 0.4706 0.4477 0.4187 0.3830 0.3405 0.2915 0.2393 0.1931 0.1659 0.1524 0.1445 0.1394 0.1361 0.1343 0.1336 0.1337 0.1342 0.1344 0.1342 0.1337 0.1336 0.1343 0.1361 0.1394 0.1445 0.1524 0.1659 0.1931 0.2393 0.2915 0.3405 0.3831 0.4187 0.4477 0.4706 0.4880 0.4999 0.5064 0.5063 0.4973 0.4761 0.4453 0.4105 0.3756 0.3424 0.3119 0.2845 0.2600 0.2383 0.2194 0.2029 0.1886 0.1763 0.1659 0.1571 0.1499 0.1441 0.1397 0.1365 0.1345 0.1336 0.1340 0.1357 0.1388 0.1436 0.1512 0.1636 0.1885
0.1636 0.1509 0.1435 0.1387 0.1357 0.1341 0.1338 0.1347 0.1367 0.1400 0.1445 0.1503 0.1576 0.1664 0.1768 0.1891 0.2034 0.2200 0.2389 0.2605 0.2849 0.3122 0.3424 0.3752 0.4096 0.4436 0.4734 0.4936 0.5021 0.5019 0.4954 0.4835 0.4663 0.4435 0.4148 0.3795 0.3374 0.2890 0.2374 0.1919 0.1652 0.1521 0.1443 0.1393 0.1361 0.1343 0.1338 0.1341 0.1351 0.1362 0.1366 0.1362 0.1351 0.1341 0.1338 0.1343 0.1361 0.1393 0.1443 0.1521 0.1652 0.1919 0.2374 0.2890 0.3374 0.3795 0.4148 0.4435 0.4663 0.4835 0.4954 0.5019 0.5021 0.4936 0.4734 0.4436 0.4095 0.3752 0.3424 0.3122 0.2848 0.2605 0.2389 0.2200 0.2034 0.1891 0.1768 0.1664 0.1576 0.1503 0.1445 0.1400 0.1367 0.1347 0.1338 0.1341 0.1357 0.1387 0.1435 0.1509 0.1636
0.1512 0.1435 0.1387 0.1357 0.1341 0.1338 0.1347 0.1368 0.1400 0.1446 0.1504 0.1577 0.1665 0.1770 0.1894 0.2037 0.2203 0.2393 0.2609 0.2853 0.3127 0.3430 0.3758 0.4102 0.4442 0.4739 0.4938 0.5021 0.5018 0.4953 0.4833 0.4659 0.4431 0.4142 0.3788 0.3366 0.2880 0.2365 0.1912 0.1649 0.1519 0.1442 0.1392 0.1360 0.1343 0.1338 0.1343 0.1357 0.1376 0.1393 0.1400 0.1393 0.1376 0.1357 0.1343 0.1338 0.1343 0.1360 0.1392 0.1442 0.1519 0.1649 0.1913 0.2365 0.2881 0.3366 0.3788 0.4142 0.4431 0.4659 0.4833 0.4953 0.5018 0.5021 0.4938 0.4739 0.4441 0.4102 0.3758 0.3429 0.3127 0.2853 0.2609 0.2392 0.2203 0.2037 0.1894 0.1770 0.1665 0.1577 0.1504 0.1446 0.1400 0.1368 0.1347 0.1338 0.1341 0.1357 0.1387 0.1435 0.1512
0.1436 0.1387 0.1357 0.1341 0.1338 0.1347 0.1368 0.1401 0.1446 0.1505 0.1578 0.1667 0.1772 0.1896 0.2040 0.2206 0.2396 0.2613 0.2858 0.3132 0.3435 0.3764 0.4108 0.4447 0.4743 0.4941 0.5022 0.5018 0.4951 0.4830 0.4656 0.4426 0.4136 0.3781 0.3358 0.2871 0.2356 0.1906 0.1646 0.1517 0.1440 0.1391 0.1359 0.1342 0.1338 0.1344 0.1361 0.1386 0.1414 0.1437 0.1446 0.1437 0.1414 0.1386 0.1361 0.1344 0.1338 0.1342 0.1359 0.1391 0.1440 0.1517 0.1646 0.1906 0.2356 0.2871 0.3358 0.3781 0.4136 0.4426 0.4656 0.4830 0.4951 0.5018 0.5022 0.4941 0.4743 0.4447 0.4108 0.3764 0.3435 0.3132 0.2858 0.2613 0.2396 0.2206 0.2040 0.1896 0.1772 0.1667 0.1578 0.1505 0.1446 0.1401 0.1368 0.1347 0.1338 0.1341 0.1357 0.1387 0.1436
0.1388 0.1357 0.1341 0.1338 0.1347 0.1368 0.1401 0.1447 0.1506 0.1579 0.1668 0.1774 0.1898 0.2042 0.2209 0.2399 0.2617 0.2862 0.3137 0.3441 0.3770 0.4114 0.4453 0.4748 0.4943 0.5022 0.5017 0.4949 0.4827 0.4652 0.4421 0.4130 0.3774 0.3349 0.2862 0.2347 0.1899 0.1643 0.1515 0.1439 0.1390 0.1359 0.1342 0.1338 0.1345 0.1364 0.1392 0.1427 0.1464 0.1495 0.1507 0.1495 0.1464 0.1427 0.1392 0.1364 0.1345 0.1338 0.1342 0.1359 0.1390 0.1439 0.1515 0.1643 0.1900 0.2347 0.2862 0.3349 0.3774 0.4130 0.4421 0.4652 0.4827 0.4949 0.5017 0.5022 0.4943 0.4748 0.4453 0.4114 0.3770 0.3441 0.3137 0.2862 0.2617 0.2399 0.2209 0.2042 0.1898 0.1774 0.1668 0.1579 0.1506 0.1447 0.1401 0.1368 0.1347 0.1338 0.1341 0.1357 0.1388
0.1357 0.1341 0.1338 0.1347 0.1368 0.1401 0.1447 0.1506 0.1580 0.1669 0.1775 0.1900 0.2044 0.2211 0.2403 0.2620 0.2866 0.3142 0.3446 0.3776 0.4120 0.4459 0.4752 0.4946 0.5023 0.5016 0.4948 0.4825 0.4648 0.4417 0.4125 0.3767 0.3341 0.2853 0.2338 0.1893 0.1639 0.1514 0.1438 0.1389 0.1358 0.1342 0.1338 0.1346 0.1365 0.1395 0.1435 0.1482 0.1529 0.1567 0.1582 0.1567 0.1529 0.1482 0.1435 0.1395 0.1365 0.1346 0.1338 0.1342 0.1358 0.1389 0.1438 0.1514 0.1640 0.1893 0.2338 0.2853 0.3341 0.3767 0.4125 0.4417 0.4649 0.4825 0.4948 0.5016 0.5023 0.4946 0.4752 0.4459 0.4120 0.3775 0.3446 0.3142 0.2866 0.2620 0.2403 0.2211 0.2044 0.1900 0.1775 0.1669 0.1580 0.1507 0.1447 0.1401 0.1368 0.1347 0.1338 0.1341 0.1357
0.1340 0.1338 0.1347 0.1368 0.1401 0.1447 0.1507 0.1581 0.1670 0.1776 0.1901 0.2046 0.2214 0.2405 0.2624 0.2870 0.3146 0.3451 0.3781 0.4126 0.4464 0.4757 0.4948 0.5024 0.5016 0.4946 0.4822 0.4645 0.4412 0.4119 0.3760 0.3333 0.2844 0.2329 0.1887 0.1636 0.1512 0.1437 0.1388 0.1358 0.1341 0.1338 0.1346 0.1366 0.1397 0.1439 0.1492 0.1551 0.1610 0.1656 0.1674 0.1656 0.1610 0.1551 0.1492 0.1440 0.1397 0.1366 0.1346 0.1338 0.1341 0.1358 0.1388 0.1437 0.1512 0.1636 0.1887 0.2329 0.2844 0.3333 0.3760 0.4119 0.4412 0.4645 0.4822 0.4946 0.5016 0.5023 0.4948 0.4757 0.4464 0.4126 0.3781 0.3451 0.3146 0.2870 0.2624 0.2405 0.2214 0.2046 0.1901 0.1776 0.1670 0.1581 0.1507 0.1447 0.1401 0.1368 0.1347 0.1338 0.1340
0.1336 0.1347 0.1367 0.1401 0.1447 0.1506 0.1581 0.1670 0.1777 0.1902 0.2048 0.2216 0.2408 0.2627 0.2874 0.3151 0.3456 0.3786 0.4131 0.4469 0.4761 0.4950 0.5024 0.5015 0.4944 0.4819 0.4641 0.4407 0.4113 0.3753 0.3325 0.2835 0.2320 0.1880 0.1633 0.1510 0.1436 0.1388 0.1357 0.1341 0.1338 0.1346 0.1367 0.1399 0.1442 0.1498 0.1563 0.1636 0.1706 0.1761 0.1783 0.1761 0.1706 0.1636 0.1563 0.1498 0.1442 0.1399 0.1367 0.1346 0.1338 0.1341 0.1357 0.1388 0.1436 0.1510 0.1633 0.1880 0.2320 0.2835 0.3325 0.3753 0.4113 0.4407 0.4641 0.4819 0.4944 0.5015 0.5024 0.4950 0.4761 0.4469 0.4131 0.3786 0.3456 0.3150 0.2874 0.2627 0.2408 0.2216 0.2048 0.1902 0.1777 0.1670 0.1581 0.1507 0.1447 0.1401 0.1368 0.1347 0.1336
0.1345 0.1367 0.1400 0.1446 0.1506 0.1580 0.1670 0.1777 0.1902 0.2048 0.2217 0.2410 0.2629 0.2877 0.3154 0.3460 0.3791 0.4136 0.4474 0.4765 0.4952 0.5024 0.5014 0.4943 0.4817 0.4638 0.4403 0.4107 0.3746 0.3316 0.2826 0.2311 0.1874 0.1630 0.1509 0.1435 0.1387 0.1357 0.1341 0.1338 0.1347 0.1367 0.1400 0.1444 0.1501 0.1570 0.1651 0.1737 0.1821 0.1886 0.1911 0.1886 0.1821 0.1737 0.1651 0.1570 0.1501 0.1444 0.1400 0.1367 0.1347 0.1338 0.1341 0.1357 0.1387 0.1435 0.1509 0.1630 0.1874 0.2311 0.2826 0.3317 0.3746 0.4108 0.4403 0.4638 0.4817 0.4943 0.5014 0.5024 0.4952 0.4764 0.4474 0.4136 0.3791 0.3460 0.3154 0.2877 0.2629 0.2410 0.2217 0.2048 0.1902 0.1777 0.1670 0.1580 0.1506 0.1446 0.1400 0.1367 0.1345
0.1365 0.1400 0.1446 0.1505 0.1579 0.1669 0.1776 0.1902 0.2048 0.2217 0.2410 0.2630 0.2879 0.3157 0.3464 0.3795 0.4141 0.4479 0.4768 0.4954 0.5025 0.5014 0.4941 0.4814 0.4635 0.4399 0.4102 0.3740 0.3309 0.2817 0.2302 0.1868 0.1628 0.1507 0.1434 0.1386 0.1357 0.1341 0.1338 0.1347 0.1368 0.1400 0.1446 0.1504 0.1575 0.1659 0.1755 0.1857 0.1956 0.2032 0.2061 0.2032 0.1956 0.1857 0.1755 0.1659 0.1575 0.1504 0.1446 0.1400 0.1368 0.1347 0.1338 0.1341 0.1357 0.1386 0.1434 0.1507 0.1628 0.1868 0.2302 0.2817 0.3309 0.3740 0.4102 0.4399 0.4635 0.4815 0.4941 0.5014 0.5025 0.4954 0.4768 0.4479 0.4141 0.3795 0.3464 0.3157 0.2879 0.2630 0.2410 0.2217 0.2048 0.1902 0.1776 0.1669 0.1579 0.1505 0.1446 0.1400 0.1365
0.1397 0.1445 0.1504 0.1578 0.1668 0.1775 0.1901 0.2048 0.2217 0.2410 0.2631 0.2880 0.3159 0.3466 0.3798 0.4144 0.4483 0.4771 0.4955 0.5025 0.5013 0.4940 0.4812 0.4631 0.4394 0.4097 0.3733 0.3301 0.2809 0.2294 0.1863 0.1625 0.1505 0.1433 0.1386 0.1356 0.1341 0.1338 0.1347 0.1368 0.1401 0.1447 0.1505 0.1578 0.1664 0.1765 0.1878 0.1998 0.2113 0.2200 0.2234 0.2200 0.2113 0.1998 0.1878 0.1765 0.1664 0.1578 0.1505 0.1447 0.1401 0.1368 0.1347 0.1338 0.1341 0.1356 0.1386 0.1433 0.1505 0.1625 0.1863 0.2294 0.2809 0.3302 0.3734 0.4097 0.4395 0.4631 0.4812 0.4940 0.5013 0.5025 0.4955 0.4771 0.4483 0.4144 0.3798 0.3466 0.3158 0.2880 0.2631 0.2410 0.2217 0.2048 0.1901 0.1775 0.1668 0.1578 0.1504 0.1445 0.1397
0.1441 0.1503 0.1577 0.1667 0.1774 0.1900 0.2046 0.2216 0.2410 0.2630 0.2880 0.3159 0.3467 0.3800 0.4147 0.4485 0.4774 0.4957 0.5025 0.5012 0.4938 0.4810 0.4628 0.4390 0.4092 0.3727 0.3294 0.2801 0.2286 0.1857 0.1622 0.1504 0.1432 0.1385 0.1356 0.1341 0.1338 0.1347 0.1369 0.1402 0.1448 0.1507 0.1580 0.1668 0.1771 0.1890 0.2022 0.2161 0.2293 0.2394 0.2433 0.2394 0.2293 0.2161 0.2022 0.1890 0.1771 0.1668 0.1580 0.1507 0.1448 0.1402 0.1369 0.1347 0.1338 0.1341 0.1356 0.1385 0.1432 0.1504 0.1622 0.1857 0.2286 0.2801 0.3294 0.3727 0.4092 0.4391 0.4628 0.4810 0.4938 0.5012 0.5025 0.4957 0.4774 0.4485 0.4147 0.3800 0.3467 0.3159 0.2880 0.2630 0.2410 0.2216 0.2046 0.1900 0.1774 0.1667 0.1577 0.1503 0.1441
0.1499 0.1576 0.1665 0.1772 0.1898 0.2044 0.2214 0.2408 0.2629 0.2879 0.3158 0.3467 0.3801 0.4148 0.4487 0.4775 0.4958 0.5026 0.5012 0.4937 0.4808 0.4625 0.4386 0.4087 0.3721 0.3287 0.2793 0.2279 0.1852 0.1620 0.1503 0.1431 0.1385 0.1355 0.1341 0.1338 0.1348 0.1369 0.1403 0.1449 0.1508 0.1582 0.1670 0.1775 0.1897 0.2036 0.2189 0.2349 0.2500 0.2615 0.2659 0.2615 0.2500 0.2349 0.2189 0.2036 0.1897 0.1775 0.1670 0.1581 0.1508 0.1449 0.1403 0.1369 0.1348 0.1338 0.1341 0.1355 0.1385 0.1431 0.1503 0.1620 0.1852 0.2279 0.2793 0.3287 0.3721 0.4087 0.4386 0.4625 0.4808 0.4937 0.5012 0.5026 0.4958 0.4775 0.4487 0.4148 0.3801 0.3467 0.3158 0.2879 0.2629 0.2408 0.2214 0.2044 0.1898 0.1772 0.1665 0.1576 0.1499
0.1571 0.1664 0.1770 0.1896 0.2042 0.2211 0.2405 0.2627 0.2877 0.3157 0.3466 0.3800 0.4148 0.4488 0.4776 0.4958 0.5026 0.5011 0.4936 0.4806 0.4623 0.4383 0.4082 0.3715 0.3280 0.2785 0.2271 0.1847 0.1617 0.1501 0.1430 0.1384 0.1355 0.1340 0.1338 0.1348 0.1370 0.1403 0.1450 0.1509 0.1583 0.1672 0.1778 0.1902 0.2044 0.2204 0.2380 0.2563 0.2735 0.2865 0.2915 0.2865 0.2735 0.2563 0.2380 0.2204 0.2044 0.1902 0.1778 0.1672 0.1583 0.1509 0.1449 0.1403 0.1370 0.1348 0.1338 0.1340 0.1355 0.1384 0.1430 0.1501 0.1618 0.1847 0.2271 0.2785 0.3280 0.3715 0.4082 0.4383 0.4623 0.4806 0.4936 0.5011 0.5026 0.4958 0.4776 0.4488 0.4148 0.3800 0.3466 0.3157 0.2877 0.2627 0.2405 0.2211 0.2042 0.1896 0.1770 0.1664 0.1571
0.1659 0.1768 0.1894 0.2040 0.2209 0.2403 0.2624 0.2874 0.3154 0.3464 0.3798 0.4147 0.4487 0.4776 0.4959 0.5026 0.5011 0.4935 0.4805 0.4621 0.4380 0.4078 0.3710 0.3273 0.2777 0.2263 0.1842 0.1615 0.1500 0.1429 0.1383 0.1355 0.1340 0.1338 0.1348 0.1370 0.1404 0.1450 0.1510 0.1584 0.1674 0.1781 0.1905 0.2049 0.2214 0.2398 0.2599 0.2806 0.3001 0.3146 0.3202 0.3146 0.3000 0.2806 0.2599 0.2398 0.2214 0.2049 0.1905 0.1781 0.1674 0.1584 0.1510 0.1450 0.1404 0.1370 0.1348 0.1338 0.1340 0.1355 0.1383 0.1429 0.1500 0.1615 0.1842 0.2264 0.2777 0.3273 0.3710 0.4078 0.4380 0.4621 0.4805 0.4935 0.5011 0.5026 0.4959 0.4776 0.4487 0.4147 0.3798 0.3464 0.3154 0.2874 0.2624 0.2403 0.2209 0.2040 0.1894 0.1768 0.1659
0.1763 0.1891 0.2037 0.2206 0.2399 0.2620 0.2870 0.3150 0.3460 0.3795 0.4144 0.4485 0.4775 0.4958 0.5026 0.5011 0.4935 0.4804 0.4619 0.4378 0.4075 0.3706 0.3268 0.2770 0.2257 0.1837 0.1613 0.1499 0.1428 0.1383 0.1354 0.1340 0.1338 0.1348 0.1370 0.1404 0.1451 0.1511 0.1586 0.1676 0.1783 0.1908 0.2053 0.2220 0.2409 0.2619 0.2847 0.3080 0.3296 0.3457 0.3518 0.3457 0.3296 0.3080 0.2847 0.2619 0.2409 0.2220 0.2053 0.1908 0.1783 0.1676 0.1586 0.1511 0.1451 0.1404 0.1370 0.1348 0.1338 0.1340 0.1354 0.1383 0.1428 0.1499 0.1613 0.1838 0.2257 0.2771 0.3268 0.3706 0.4075 0.4378 0.4619 0.4804 0.4935 0.5011 0.5026 0.4958 0.4775 0.4485 0.4144 0.3795 0.3460 0.3150 0.2870 0.2620 0.2399 0.2206 0.2037 0.1891 0.1763
0.1886 0.2034 0.2203 0.2396 0.2617 0.2866 0.3146 0.3456 0.3791 0.4141 0.4483 0.4774 0.4958 0.5026 0.5011 0.4935 0.4804 0.4619 0.4377 0.4073 0.3703 0.3264 0.2765 0.2251 0.1833 0.1611 0.1497 0.1428 0.1382 0.1354 0.1340 0.1338 0.1349 0.1371 0.1405 0.1452 0.1512 0.1587 0.1677 0.1784 0.1910 0.2056 0.2224 0.2416 0.2631 0.2869 0.3125 0.3384 0.3621 0.3794 0.3859 0.3794 0.3621 0.3384 0.3125 0.2869 0.2631 0.2416 0.2224 0.2056 0.1910 0.1784 0.1677 0.1587 0.1512 0.1452 0.1405 0.1371 0.1349 0.1338 0.1340 0.1354 0.1382 0.1428 0.1497 0.1611 0.1834 0.2251 0.2765 0.3264 0.3703 0.4073 0.4377 0.4619 0.4804 0.4935 0.5011 0.5026 0.4958 0.4774 0.4483 0.4141 0.3791 0.3456 0.3146 0.2866 0.2617 0.2396 0.2203 0.2034 0.1886
0.2029 0.2200 0.2392 0.2613 0.2862 0.3142 0.3451 0.3786 0.4136 0.4479 0.4771 0.4957 0.5026 0.5011 0.4935 0.4804 0.4619 0.4376 0.4072 0.3701 0.3261 0.2762 0.2247 0.1830 0.1609 0.1496 0.1427 0.1382 0.1354 0.1340 0.1338 0.1349 0.1371 0.1406 0.1453 0.1513 0.1588 0.1679 0.1786 0.1912 0.2059 0.2228 0.2421 0.2639 0.2883 0.3150 0.3433 0.3715 0.3967 0.4146 0.4212 0.4146 0.3967 0.3715 0.3433 0.3150 0.2883 0.2639 0.2420 0.2228 0.2059 0.1912 0.1786 0.1679 0.1588 0.1513 0.1453 0.1406 0.1371 0.1349 0.1338 0.1340 0.1354 0.1382 0.1427 0.1496 0.1609 0.1830 0.2247 0.2761 0.3261 0.3701 0.4072 0.4376 0.4619 0.4804 0.4935 0.5011 0.5026 0.4957 0.4771 0.4479 0.4136 0.3786 0.3451 0.3142 0.2862 0.2613 0.2392 0.2200 0.2029
0.2194 0.2389 0.2609 0.2858 0.3137 0.3446 0.3781 0.4131 0.4474 0.4768 0.4955 0.5025 0.5012 0.4936 0.4805 0.4619 0.4377 0.4072 0.3700 0.3259 0.2759 0.2244 0.1828 0.1608 0.1495 0.1426 0.1381 0.1354 0.1340 0.1339 0.1349 0.1372 0.1406 0.1454 0.1514 0.1590 0.1680 0.1788 0.1914 0.2061 0.2231 0.2424 0.2644 0.2891 0.3165 0.3460 0.3767 0.4065 0.4318 0.4489 0.4550 0.4489 0.4318 0.4064 0.3767 0.3460 0.3165 0.2891 0.2644 0.2424 0.2231 0.2061 0.1914 0.1788 0.1680 0.1589 0.1514 0.1454 0.1406 0.1372 0.1349 0.1339 0.1340 0.1354 0.1381 0.1426 0.1495 0.1608 0.1828 0.2244 0.2759 0.3259 0.3700 0.4072 0.4377 0.4619 0.4805 0.4936 0.5012 0.5025 0.4955 0.4768 0.4474 0.4131 0.3781 0.3446 0.3137 0.2858 0.2609 0.2389 0.2194
0.2383 0.2605 0.2853 0.3132 0.3441 0.3775 0.4126 0.4469 0.4764 0.4954 0.5025 0.5012 0.4937 0.4806 0.4621 0.4378 0.4073 0.3701 0.3259 0.2758 0.2242 0.1827 0.1607 0.1495 0.1426 0.1381 0.1353 0.1340 0.1339 0.1349 0.1372 0.1407 0.1454 0.1515 0.1591 0.1682 0.1790 0.1917 0.2064 0.2234 0.2428 0.2649 0.2897 0.3174 0.3476 0.3796 0.4118 0.4412 0.4643 0.4780 0.4824 0.4780 0.4642 0.4412 0.4118 0.3796 0.3476 0.3174 0.2897 0.2649 0.2428 0.2233 0.2064 0.1916 0.1790 0.1682 0.1591 0.1515 0.1454 0.1407 0.1372 0.1349 0.1339 0.1340 0.1353 0.1381 0.1426 0.1495 0.1607 0.1827 0.2242 0.2758 0.3259 0.3701 0.4073 0.4378 0.4621 0.4806 0.4937 0.5012 0.5025 0.4954 0.4764 0.4469 0.4126 0.3775 0.3441 0.3132 0.2853 0.2605 0.2383
0.2600 0.2848 0.3127 0.3435 0.3770 0.4120 0.4464 0.4761 0.4952 0.5025 0.5013 0.4938 0.4808 0.4623 0.4380 0.4075 0.3703 0.3261 0.2759 0.2242 0.1826 0.1606 0.1494 0.1425 0.1381 0.1353 0.1340 0.1339 0.1350 0.1373 0.1408 0.1455 0.1516 0.1592 0.1683 0.1792 0.1919 0.2066 0.2236 0.2431 0.2653 0.2902 0.3181 0.3487 0.3813 0.4147 0.4462 0.4720 0.4886 0.4962 0.4982 0.4962 0.4886 0.4720 0.4462 0.4147 0.3813 0.3486 0.3181 0.2902 0.2652 0.2431 0.2236 0.2066 0.1919 0.1792 0.1683 0.1592 0.1516 0.1455 0.1408 0.1373 0.1350 0.1339 0.1340 0.1353 0.1381 0.1425 0.1494 0.1606 0.1826 0.2242 0.2759 0.3261 0.3703 0.4075 0.4380 0.4623 0.4808 0.4938 0.5013 0.5025 0.4952 0.4761 0.4464 0.4120 0.3770 0.3435 0.3127 0.2848 0.2600
0.2845 0.3122 0.3429 0.3764 0.4114 0.4459 0.4757 0.4950 0.5024 0.5014 0.4940 0.4810 0.4625 0.4383 0.4078 0.3706 0.3263 0.2762 0.2244 0.1827 0.1606 0.1494 0.1425 0.1381 0.1353 0.1340 0.1339 0.1350 0.1373 0.1408 0.1456 0.1517 0.1593 0.1685 0.1793 0.1921 0.2069 0.2239 0.2434 0.2656 0.2907 0.3186 0.3494 0.3824 0.4164 0.4489 0.4759 0.4931 0.5006 0.5027 0.5029 0.5027 0.5006 0.4931 0.4759 0.4489 0.4164 0.3824 0.3494 0.3186 0.2907 0.2656 0.2434 0.2239 0.2069 0.1921 0.1793 0.1685 0.1593 0.1517 0.1456 0.1408 0.1373 0.1350 0.1339 0.1340 0.1353 0.1381 0.1425 0.1494 0.1606 0.1827 0.2244 0.2761 0.3264 0.3706 0.4078 0.4383 0.4625 0.4810 0.4940 0.5014 0.5024 0.4950 0.4757 0.4459 0.4114 0.3764 0.3429 0.3122 0.2845
0.3119 0.3424 0.3758 0.4108 0.4453 0.4752 0.4948 0.5024 0.5014 0.4941 0.4812 0.4628 0.4386 0.4082 0.3710 0.3268 0.2765 0.2247 0.1828 0.1607 0.1494 0.1425 0.1381 0.1353 0.1340 0.1339 0.1350 0.1373 0.1408 0.1457 0.1518 0.1594 0.1686 0.1795 0.1923 0.2071 0.2242 0.2437 0.2660 0.2911 0.3191 0.3500 0.3832 0.4175 0.4505 0.4779 0.4951 0.5020 0.5026 0.5009 0.4998 0.5009 0.5026 0.5020 0.4951 0.4779 0.4505 0.4175 0.3832 0.3500 0.3191 0.2911 0.2660 0.2437 0.2242 0.2071 0.1923 0.1795 0.1686 0.1594 0.1518 0.1457 0.1408 0.1373 0.1350 0.1339 0.1340 0.1353 0.1381 0.1425 0.1494 0.1607 0.1828 0.2247 0.2765 0.3268 0.3710 0.4082 0.4386 0.4628 0.4812 0.4941 0.5014 0.5024 0.4948 0.4752 0.4453 0.4108 0.3758 0.3424 0.3119
0.3424 0.3752 0.4102 0.4447 0.4748 0.4946 0.5023 0.5015 0.4943 0.4815 0.4631 0.4391 0.4087 0.3715 0.3273 0.2771 0.2251 0.1830 0.1608 0.1495 0.1425 0.1381 0.1353 0.1340 0.1339 0.1350 0.1373 0.1409 0.1457 0.1519 0.1595 0.1687 0.1797 0.1925 0.2073 0.2245 0.2441 0.2663 0.2915 0.3196 0.3505 0.3838 0.4183 0.4515 0.4791 0.4961 0.5025 0.5019 0.4977 0.4929 0.4907 0.4929 0.4977 0.5019 0.5025 0.4961 0.4791 0.4514 0.4182 0.3838 0.3505 0.3196 0.2915 0.2663 0.2441 0.2245 0.2073 0.1925 0.1797 0.1687 0.1595 0.1519 0.1457 0.1409 0.1373 0.1350 0.1339 0.1340 0.1353 0.1381 0.1425 0.1495 0.1608 0.1830 0.2251 0.2771 0.3273 0.3715 0.4087 0.4391 0.4631 0.4815 0.4943 0.5015 0.5023 0.4946 0.4748 0.4447 0.4102 0.3752 0.3424
0.3756 0.4095 0.4441 0.4743 0.4943 0.5023 0.5016 0.4944 0.4817 0.4635 0.4395 0.4092 0.3721 0.3280 0.2777 0.2257 0.1834 0.1609 0.1495 0.1426 0.1381 0.1353 0.1340 0.1339 0.1350 0.1373 0.1409 0.1457 0.1519 0.1596 0.1688 0.1798 0.1926 0.2075 0.2247 0.2444 0.2667 0.2919 0.3200 0.3510 0.3844 0.4189 0.4522 0.4798 0.4967 0.5026 0.5013 0.4953 0.4869 0.4793 0.4761 0.4793 0.4869 0.4953 0.5013 0.5026 0.4967 0.4798 0.4522 0.4189 0.3843 0.3510 0.3200 0.2919 0.2667 0.2444 0.2247 0.2075 0.1926 0.1798 0.1688 0.1596 0.1519 0.1457 0.1409 0.1373 0.1350 0.1339 0.1340 0.1353 0.1381 0.1426 0.1495 0.1609 0.1834 0.2257 0.2777 0.3280 0.3721 0.4092 0.4395 0.4635 0.4817 0.4944 0.5016 0.5023 0.4943 0.4743 0.4441 0.4095 0.3756
0.4105 0.4436 0.4739 0.4941 0.5022 0.5016 0.4946 0.4819 0.4638 0.4399 0.4097 0.3727 0.3287 0.2785 0.2264 0.1838 0.1611 0.1496 0.1426 0.1381 0.1353 0.1340 0.1339 0.1350 0.1373 0.1409 0.1457 0.1520 0.1596 0.1689 0.1799 0.1928 0.2077 0.2249 0.2446 0.2670 0.2923 0.3205 0.3515 0.3849 0.4195 0.4528 0.4804 0.4970 0.5027 0.5009 0.4939 0.4831 0.4707 0.4603 0.4560 0.4603 0.4707 0.4831 0.4939 0.5009 0.5027 0.4970 0.4803 0.4528 0.4195 0.3849 0.3515 0.3205 0.2923 0.2670 0.2446 0.2249 0.2077 0.1928 0.1799 0.1689 0.1596 0.1520 0.1457 0.1409 0.1373 0.1350 0.1339 0.1340 0.1353 0.1381 0.1426 0.1496 0.1611 0.1838 0.2264 0.2785 0.3287 0.3727 0.4097 0.4399 0.4638 0.4819 0.4946 0.5016 0.5022 0.4941 0.4739 0.4436 0.4105
0.4453 0.4734 0.4938 0.5022 0.5017 0.4948 0.4822 0.4641 0.4403 0.4102 0.3734 0.3294 0.2793 0.2271 0.1842 0.1613 0.1497 0.1427 0.1381 0.1353 0.1340 0.1339 0.1350 0.1373 0.1409 0.1457 0.1520 0.1597 0.1689 0.1799 0.1928 0.2078 0.2251 0.2448 0.2673 0.2926 0.3209 0.3520 0.3854 0.4200 0.4533 0.4808 0.4973 0.5028 0.5007 0.4930 0.4808 0.4654 0.4489 0.4354 0.4299 0.4354 0.4489 0.4654 0.4808 0.4930 0.5007 0.5028 0.4973 0.4808 0.4533 0.4200 0.3854 0.3520 0.3209 0.2926 0.2673 0.2448 0.2251 0.2078 0.1928 0.1799 0.1689 0.1597 0.1520 0.1457 0.1409 0.1373 0.1350 0.1339 0.1340 0.1353 0.1381 0.1427 0.1497 0.1613 0.1842 0.2271 0.2793 0.3294 0.3734 0.4102 0.4403 0.4641 0.4822 0.4948 0.5017 0.5022 0.4938 0.4734 0.4453
0.4761 0.4936 0.5021 0.5018 0.4949 0.4825 0.4645 0.4407 0.4108 0.3740 0.3302 0.2801 0.2279 0.1847 0.1615 0.1499 0.1428 0.1382 0.1354 0.1340 0.1339 0.1350 0.1373 0.1409 0.1457 0.1520 0.1597 0.1689 0.1800 0.1929 0.2079 0.2252 0.2450 0.2675 0.2929 0.3212 0.3524 0.3859 0.4205 0.4537 0.4811 0.4974 0.5028 0.5005 0.4925 0.4795 0.4623 0.4419 0.4210 0.4041 0.3974 0.4041 0.4210 0.4419 0.4623 0.4795 0.4925 0.5005 0.5028 0.4974 0.4811 0.4537 0.4205 0.3859 0.3524 0.3212 0.2929 0.2675 0.2450 0.2252 0.2079 0.1929 0.1800 0.1689 0.1597 0.1520 0.1457 0.1409 0.1373 0.1350 0.1339 0.1340 0.1354 0.1382 0.1428 0.1499 0.1615 0.1847 0.2279 0.2801 0.3302 0.3740 0.4108 0.4407 0.4645 0.4825 0.4949 0.5018 0.5021 0.4936 0.4761
0.4973 0.5021 0.5018 0.4951 0.4827 0.4649 0.4412 0.4113 0.3746 0.3309 0.2809 0.2286 0.1852 0.1618 0.1500 0.1428 0.1382 0.1354 0.1340 0.1339 0.1350 0.1373 0.1408 0.1457 0.1519 0.1596 0.1689 0.1800 0.1929 0.2080 0.2253 0.2451 0.2676 0.2931 0.3215 0.3527 0.3863 0.4209 0.4542 0.4815 0.4976 0.5028 0.5004 0.4921 0.4788 0.4605 0.4380 0.4123 0.3864 0.3660 0.3580 0.3660 0.3864 0.4123 0.4380 0.4605 0.4788 0.4921 0.5004 0.5028 0.4976 0.4814 0.4542 0.4209 0.3862 0.3527 0.3215 0.2931 0.2676 0.2451 0.2253 0.2080 0.1929 0.1800 0.1689 0.1596 0.1519 0.1457 0.1408 0.1373 0.1350 0.1339 0.1340 0.1354 0.1382 0.1428 0.1500 0.1618 0.1852 0.2286 0.2809 0.3309 0.3746 0.4113 0.4412 0.4649 0.4827 0.4951 0.5018 0.5021 0.4973
0.5063 0.5019 0.4953 0.4830 0.4652 0.4417 0.4119 0.3753 0.3317 0.2817 0.2294 0.1857 0.1620 0.1501 0.1429 0.1383 0.1354 0.1340 0.1339 0.1349 0.1373 0.1408 0.1457 0.1519 0.1596 0.1689 0.1799 0.1929 0.2080 0.2253 0.2452 0.2677 0.2932 0.3216 0.3529 0.3865 0.4213 0.4545 0.4817 0.4977 0.5028 0.5003 0.4919 0.4783 0.4595 0.4357 0.4073 0.3758 0.3448 0.3209 0.3116 0.3209 0.3449 0.3758 0.4073 0.4357 0.4595 0.4783 0.4919 0.5003 0.5028 0.4977 0.4817 0.4545 0.4212 0.3865 0.3529 0.3216 0.2932 0.2677 0.2452 0.2253 0.2080 0.1929 0.1799 0.1689 0.1596 0.1519 0.1457 0.1408 0.1373 0.1349 0.1339 0.1340 0.1354 0.1383 0.1429 0.1501 0.1620 0.1857 0.2294 0.2817 0.3317 0.3753 0.4119 0.4417 0.4652 0.4830 0.4953 0.5019 0.5063
0.5064 0.4954 0.4833 0.4656 0.4421 0.4125 0.3760 0.3325 0.2826 0.2302 0.1863 0.1622 0.1503 0.1430 0.1383 0.1354 0.1340 0.1338 0.1349 0.1372 0.1408 0.1456 0.1518 0.1595 0.1688 0.1799 0.1928 0.2079 0.2253 0.2452 0.2678 0.2933 0.3218 0.3531 0.3867 0.4215 0.4548 0.4819 0.4978 0.5028 0.5002 0.4917 0.4779 0.4588 0.4344 0.4046 0.3699 0.3323 0.2966 0.2700 0.2600 0.2700 0.2966 0.3324 0.3699 0.4046 0.4344 0.4588 0.4779 0.4917 0.5002 0.5028 0.4978 0.4819 0.4548 0.4215 0.3867 0.3531 0.3218 0.2933 0.2678 0.2452 0.2253 0.2079 0.1928 0.1799 0.1688 0.1595 0.1518 0.1456 0.1408 0.1372 0.1349 0.1338 0.1340 0.1354 0.1383 0.1430 0.1503 0.1622 0.1863 0.2302 0.2826 0.3325 0.3760 0.4125 0.4421 0.4656 0.4833 0.4954 0.5064
0.4999 0.4835 0.4659 0.4426 0.4130 0.3767 0.3333 0.2835 0.2311 0.1868 0.1625 0.1504 0.1431 0.1384 0.1355 0.1340 0.1338 0.1349 0.1372 0.1407 0.1455 0.1517 0.1594 0.1687 0.1798 0.1928 0.2078 0.2252 0.2451 0.2677 0.2933 0.3218 0.3532 0.3869 0.4217 0.4550 0.4821 0.4979 0.5028 0.5001 0.4916 0.4776 0.4584 0.4336 0.4030 0.3666 0.3254 0.2826 0.2443 0.2185 0.2096 0.2185 0.2443 0.2826 0.3254 0.3666 0.4030 0.4336 0.4584 0.4776 0.4916 0.5002 0.5028 0.4979 0.4821 0.4550 0.4217 0.3869 0.3532 0.3218 0.2933 0.2677 0.2451 0.2252 0.2078 0.1928 0.1798 0.1687 0.1594 0.1517 0.1455 0.1407 0.1372 0.1349 0.1338 0.1340 0.1355 0.1384 0.1431 0.1504 0.1625 0.1868 0.2311 0.2835 0.3333 0.3767 0.4130 0.4426 0.4659 0.4835 0.4999
0.4880 0.4663 0.4431 0.4136 0.3774 0.3341 0.2844 0.2320 0.1874 0.1628 0.1505 0.1432 0.1385 0.1355 0.1340 0.1338 0.1349 0.1371 0.1406 0.1454 0.1516 0.1593 0.1686 0.1797 0.1926 0.2077 0.2251 0.2450 0.2676 0.2932 0.3218 0.3532 0.3870 0.4218 0.4551 0.4822 0.4980 0.5028 0.5001 0.4914 0.4774 0.4581 0.4330 0.4020 0.3647 0.3216 0.2749 0.2304 0.1967 0.1791 0.1740 0.1791 0.1967 0.2304 0.2749 0.3216 0.3647 0.4020 0.4330 0.4581 0.4774 0.4914 0.5001 0.5028 0.4980 0.4822 0.4551 0.4218 0.3870 0.3532 0.3218 0.2932 0.2676 0.2450 0.2251 0.2077 0.1926 0.1797 0.1686 0.1593 0.1516 0.1454 0.1406 0.1371 0.1349 0.1338 0.1340 0.1355 0.1385 0.1432 0.1505 0.1628 0.1874 0.2320 0.2844 0.3341 0.3774 0.4136 0.4431 0.4663 0.4880
0.4706 0.4435 0.4142 0.3781 0.3349 0.2853 0.2329 0.1880 0.1630 0.1507 0.1433 0.1385 0.1355 0.1340 0.1338 0.1348 0.1371 0.1406 0.1454 0.1515 0.1592 0.1685 0.1795 0.1925 0.2075 0.2249 0.2448 0.2675 0.2931 0.3216 0.3531 0.3869 0.4218 0.4551 0.4823 0.4980 0.5029 0.5001 0.4914 0.4773 0.4578 0.4326 0.4013 0.3635 0.3194 0.2707 0.2231 0.1865 0.1673 0.1589 0.1565 0.1589 0.1673 0.1865 0.2231 0.2708 0.3194 0.3635 0.4013 0.4326 0.4578 0.4773 0.4914 0.5001 0.5029 0.4980 0.4823 0.4551 0.4218 0.3869 0.3531 0.3216 0.2931 0.2675 0.2448 0.2249 0.2075 0.1925 0.1795 0.1685 0.1592 0.1515 0.1454 0.1406 0.1371 0.1348 0.1338 0.1340 0.1355 0.1385 0.1433 0.1507 0.1630 0.1880 0.2329 0.2853 0.3349 0.3781 0.4142 0.4435 0.4706
0.4477 0.4148 0.3788 0.3358 0.2862 0.2338 0.1887 0.1633 0.1509 0.1434 0.1386 0.1356 0.1341 0.1338 0.1348 0.1370 0.1405 0.1453 0.1514 0.1591 0.1683 0.1793 0.1923 0.2073 0.2247 0.2446 0.2673 0.2929 0.3215 0.3529 0.3867 0.4217 0.4551 0.4823 0.4980 0.5029 0.5000 0.4913 0.4772 0.4576 0.4323 0.4008 0.3627 0.3180 0.2684 0.2192 0.1817 0.1624 0.1530 0.1484 0.1469 0.1484 0.1530 0.1624 0.1817 0.2192 0.2684 0.3181 0.3627 0.4009 0.4323 0.4576 0.4772 0.4913 0.5000 0.5029 0.4980 0.4823 0.4551 0.4217 0.3867 0.3529 0.3215 0.2929 0.2673 0.2446 0.2247 0.2073 0.1923 0.1793 0.1683 0.1591 0.1514 0.1453 0.1405 0.1370 0.1348 0.1338 0.1341 0.1356 0.1386 0.1434 0.1509 0.1633 0.1887 0.2338 0.2862 0.3358 0.3788 0.4148 0.4477
0.4187 0.3795 0.3366 0.2871 0.2347 0.1893 0.1636 0.1510 0.1435 0.1386 0.1356 0.1341 0.1338 0.1348 0.1370 0.1404 0.1452 0.1513 0.1589 0.1682 0.1792 0.1921 0.2071 0.2245 0.2444 0.2670 0.2926 0.3212 0.3527 0.3865 0.4215 0.4550 0.4822 0.4980 0.5029 0.5000 0.4913 0.4771 0.4575 0.4321 0.4005 0.3622 0.3172 0.2670 0.2170 0.1793 0.1601 0.1504 0.1448 0.1418 0.1408 0.1418 0.1448 0.1504 0.1601 0.1793 0.2170 0.2670 0.3172 0.3622 0.4005 0.4321 0.4575 0.4771 0.4913 0.5000 0.5029 0.4980 0.4822 0.4550 0.4215 0.3865 0.3527 0.3212 0.2926 0.2670 0.2444 0.2245 0.2071 0.1921 0.1792 0.1682 0.1589 0.1513 0.1452 0.1404 0.1370 0.1348 0.1338 0.1341 0.1356 0.1386 0.1435 0.1510 0.1636 0.1893 0.2347 0.2871 0.3366 0.3795 0.4187
0.3831 0.3374 0.2881 0.2356 0.1900 0.1640 0.1512 0.1436 0.1387 0.1357 0.1341 0.1338 0.1348 0.1370 0.1404 0.1451 0.1512 0.1588 0.1680 0.1790 0.1919 0.2069 0.2242 0.2441 0.2667 0.2923 0.3209 0.3524 0.3862 0.4212 0.4548 0.4821 0.4980 0.5029 0.5000 0.4913 0.4771 0.4574 0.4320 0.4003 0.3619 0.3167 0.2661 0.2158 0.1781 0.1590 0.1491 0.1431 0.1395 0.1375 0.1369 0.1375 0.1395 0.1431 0.1491 0.1590 0.1781 0.2158 0.2662 0.3167 0.3619 0.4003 0.4320 0.4574 0.4771 0.4913 0.5000 0.5029 0.4980 0.4821 0.4548 0.4212 0.3862 0.3524 0.3209 0.2923 0.2667 0.2441 0.2242 0.2069 0.1919 0.1790 0.1680 0.1588 0.1512 0.1451 0.1404 0.1370 0.1348 0.1338 0.1341 0.1357 0.1387 0.1436 0.1512 0.1640 0.1900 0.2356 0.2881 0.3374 0.3831
0.3405 0.2890 0.2365 0.1906 0.1643 0.1514 0.1437 0.1388 0.1357 0.1341 0.1338 0.1347 0.1369 0.1403 0.1450 0.1511 0.1587 0.1679 0.1788 0.1916 0.2066 0.2239 0.2437 0.2663 0.2919 0.3205 0.3520 0.3859 0.4209 0.4545 0.4819 0.4979 0.5028 0.5001 0.4913 0.4771 0.4574 0.4320 0.4002 0.3617 0.3163 0.2656 0.2151 0.1774 0.1584 0.1484 0.1423 0.1384 0.1361 0.1350 0.1347 0.1350 0.1361 0.1384 0.1423 0.1484 0.1584 0.1774 0.2151 0.2657 0.3164 0.3617 0.4002 0.4320 0.4574 0.4771 0.4913 0.5001 0.5028 0.4979 0.4819 0.4545 0.4209 0.3859 0.3520 0.3205 0.2919 0.2663 0.2437 0.2239 0.2066 0.1916 0.1788 0.1679 0.1587 0.1511 0.1450 0.1403 0.1369 0.1347 0.1338 0.1341 0.1357 0.1388 0.1437 0.1514 0.1643 0.1906 0.2365 0.2890 0.3405
0.2915 0.2374 0.1913 0.1646 0.1515 0.1438 0.1388 0.1357 0.1341 0.1338 0.1347 0.1369 0.1403 0.1449 0.1510 0.1586 0.1677 0.1786 0.1914 0.2064 0.2236 0.2434 0.2660 0.2915 0.3200 0.3515 0.3854 0.4205 0.4542 0.4817 0.4978 0.5028 0.5001 0.4914 0.4772 0.4575 0.4320 0.4002 0.3616 0.3162 0.2653 0.2147 0.1770 0.1581 0.1481 0.1419 0.1379 0.1355 0.1343 0.1338 0.1337 0.1338 0.1343 0.1355 0.1379 0.1419 0.1481 0.1581 0.1770 0.2147 0.2654 0.3162 0.3616 0.4002 0.4320 0.4575 0.4772 0.4914 0.5001 0.5028 0.4978 0.4817 0.4542 0.4205 0.3854 0.3515 0.3200 0.2915 0.2660 0.2434 0.2236 0.2064 0.1914 0.1786 0.1677 0.1586 0.1510 0.1449 0.1403 0.1369 0.1347 0.1338 0.1341 0.1357 0.1388 0.1438 0.1515 0.1646 0.1913 0.2374 0.2915
0.2393 0.1919 0.1649 0.1517 0.1439 0.1389 0.1358 0.1341 0.1338 0.1347 0.1368 0.1402 0.1449 0.1509 0.1584 0.1676 0.1784 0.1912 0.2061 0.2233 0.2431 0.2656 0.2911 0.3196 0.3510 0.3849 0.4200 0.4537 0.4814 0.4977 0.5028 0.5002 0.4914 0.4773 0.4576 0.4321 0.4003 0.3617 0.3162 0.2652 0.2145 0.1768 0.1579 0.1479 0.1417 0.1376 0.1352 0.1340 0.1337 0.1339 0.1341 0.1339 0.1337 0.1340 0.1352 0.1376 0.1417 0.1479 0.1579 0.1768 0.2145 0.2652 0.3162 0.3617 0.4003 0.4321 0.4576 0.4773 0.4914 0.5002 0.5028 0.4977 0.4814 0.4537 0.4200 0.3849 0.3510 0.3196 0.2911 0.2656 0.2431 0.2233 0.2061 0.1912 0.1784 0.1676 0.1584 0.1509 0.1449 0.1402 0.1368 0.1347 0.1338 0.1341 0.1358 0.1389 0.1439 0.1517 0.1649 0.1919 0.2393
0.1931 0.1652 0.1519 0.1440 0.1390 0.1358 0.1341 0.1338 0.1347 0.1368 0.1401 0.1448 0.1508 0.1583 0.1674 0.1783 0.1910 0.2059 0.2231 0.2428 0.2652 0.2907 0.3191 0.3505 0.3843 0.4195 0.4533 0.4811 0.4976 0.5028 0.5002 0.4916 0.4774 0.4578 0.4323 0.4005 0.3619 0.3164 0.2654 0.2145 0.1768 0.1579 0.1478 0.1415 0.1375 0.1350 0.1339 0.1338 0.1344 0.1353 0.1356 0.1353 0.1344 0.1338 0.1339 0.1350 0.1375 0.1415 0.1478 0.1579 0.1768 0.2145 0.2654 0.3164 0.3619 0.4005 0.4323 0.4578 0.4774 0.4916 0.5002 0.5028 0.4976 0.4811 0.4533 0.4195 0.3843 0.3505 0.3191 0.2907 0.2652 0.2428 0.2231 0.2059 0.1910 0.1783 0.1674 0.1583 0.1508 0.1448 0.1401 0.1368 0.1347 0.1338 0.1341 0.1358 0.1390 0.1440 0.1519 0.1652 0.1931
0.1659 0.1521 0.1442 0.1391 0.1359 0.1342 0.1338 0.1346 0.1367 0.1400 0.1447 0.1507 0.1581 0.1672 0.1781 0.1908 0.2056 0.2228 0.2424 0.2649 0.2902 0.3186 0.3500 0.3838 0.4189 0.4528 0.4808 0.4974 0.5028 0.5003 0.4917 0.4776 0.4581 0.4326 0.4009 0.3622 0.3167 0.2657 0.2147 0.1768 0.1579 0.1478 0.1415 0.1374 0.1350 0.1339 0.1339 0.1348 0.1364 0.1378 0.1384 0.1378 0.1364 0.1348 0.1339 0.1339 0.1350 0.1374 0.1415 0.1478 0.1579 0.1768 0.2147 0.2657 0.3167 0.3622 0.4009 0.4326 0.4581 0.4776 0.4917 0.5003 0.5028 0.4974 0.4808 0.4528 0.4189 0.3838 0.3500 0.3186 0.2902 0.2649 0.2424 0.2228 0.2056 0.1908 0.1781 0.1672 0.1581 0.1507 0.1447 0.1400 0.1367 0.1346 0.1338 0.1342 0.1359 0.1391 0.1442 0.1521 0.1659
0.1524 0.1443 0.1392 0.1359 0.1342 0.1338 0.1346 0.1367 0.1400 0.1446 0.1505 0.1580 0.1670 0.1778 0.1905 0.2053 0.2224 0.2420 0.2644 0.2897 0.3181 0.3494 0.3832 0.4182 0.4522 0.4803 0.4973 0.5028 0.5004 0.4919 0.4779 0.4584 0.4330 0.4013 0.3627 0.3172 0.2662 0.2151 0.1770 0.1579 0.1478 0.1415 0.1374 0.1350 0.1339 0.1339 0.1351 0.1371 0.1395 0.1416 0.1424 0.1416 0.1395 0.1371 0.1351 0.1339 0.1339 0.1350 0.1374 0.1415 0.1478 0.1579 0.1770 0.2151 0.2662 0.3172 0.3627 0.4013 0.4330 0.4584 0.4779 0.4919 0.5004 0.5028 0.4973 0.4803 0.4522 0.4182 0.3832 0.3494 0.3181 0.2897 0.2644 0.2420 0.2224 0.2053 0.1905 0.1778 0.1670 0.1580 0.1505 0.1446 0.1400 0.1367 0.1346 0.1338 0.1342 0.1359 0.1392 0.1443 0.1524
0.1445 0.1393 0.1360 0.1342 0.1338 0.1346 0.1366 0.1399 0.1444 0.1504 0.1578 0.1668 0.1775 0.1902 0.2049 0.2220 0.2416 0.2639 0.2891 0.3174 0.3486 0.3824 0.4175 0.4514 0.4798 0.4970 0.5028 0.5005 0.4921 0.4783 0.4588 0.4336 0.4020 0.3635 0.3181 0.2670 0.2158 0.1774 0.1581 0.1479 0.1415 0.1374 0.1350 0.1339 0.1340 0.1352 0.1375 0.1405 0.1438 0.1466 0.1477 0.1466 0.1438 0.1405 0.1375 0.1352 0.1340 0.1339 0.1350 0.1374 0.1415 0.1479 0.1581 0.1774 0.2158 0.2670 0.3181 0.3635 0.4020 0.4336 0.4588 0.4783 0.4921 0.5005 0.5028 0.4970 0.4798 0.4514 0.4175 0.3824 0.3486 0.3174 0.2891 0.2639 0.2416 0.2220 0.2049 0.1902 0.1775 0.1668 0.1578 0.1504 0.1444 0.1399 0.1366 0.1346 0.1338 0.1342 0.1360 0.1393 0.1445
0.1394 0.1361 0.1343 0.1338 0.1345 0.1365 0.1397 0.1442 0.1501 0.1575 0.1664 0.1771 0.1897 0.2044 0.2214 0.2409 0.2631 0.2883 0.3165 0.3476 0.3813 0.4164 0.4505 0.4791 0.4967 0.5027 0.5007 0.4925 0.4788 0.4595 0.4344 0.4030 0.3647 0.3194 0.2684 0.2170 0.1781 0.1584 0.1481 0.1417 0.1375 0.1350 0.1339 0.1340 0.1353 0.1376 0.1410 0.1452 0.1495 0.1530 0.1543 0.1530 0.1495 0.1452 0.1410 0.1376 0.1353 0.1340 0.1339 0.1350 0.1375 0.1417 0.1481 0.1584 0.1781 0.2170 0.2684 0.3194 0.3647 0.4030 0.4344 0.4595 0.4788 0.4925 0.5007 0.5027 0.4967 0.4791 0.4505 0.4164 0.3813 0.3476 0.3165 0.2883 0.2631 0.2409 0.2214 0.2044 0.1897 0.1771 0.1664 0.1575 0.1501 0.1442 0.1397 0.1365 0.1345 0.1338 0.1343 0.1361 0.1394
0.1361 0.1343 0.1338 0.1344 0.1364 0.1395 0.1440 0.1498 0.1570 0.1659 0.1765 0.1890 0.2036 0.2204 0.2398 0.2619 0.2869 0.3150 0.3460 0.3796 0.4147 0.4489 0.4779 0.4961 0.5026 0.5009 0.4930 0.4795 0.4605 0.4357 0.4046 0.3666 0.3216 0.2708 0.2192 0.1793 0.1590 0.1484 0.1419 0.1376 0.1350 0.1339 0.1339 0.1352 0.1376 0.1412 0.1457 0.1510 0.1564 0.1606 0.1622 0.1606 0.1564 0.1510 0.1457 0.1412 0.1376 0.1352 0.1339 0.1339 0.1350 0.1376 0.1419 0.1484 0.1590 0.1793 0.2192 0.2708 0.3216 0.3666 0.4046 0.4357 0.4605 0.4795 0.4930 0.5009 0.5026 0.4961 0.4779 0.4489 0.4147 0.3796 0.3460 0.3150 0.2869 0.2619 0.2398 0.2204 0.2036 0.1890 0.1765 0.1659 0.1570 0.1498 0.1440 0.1395 0.1364 0.1344 0.1338 0.1343 0.1361
0.1343 0.1338 0.1343 0.1361 0.1392 0.1435 0.1492 0.1563 0.1651 0.1755 0.1878 0.2022 0.2189 0.2380 0.2599 0.2847 0.3125 0.3433 0.3767 0.4118 0.4462 0.4759 0.4951 0.5025 0.5013 0.4939 0.4808 0.4623 0.4380 0.4073 0.3699 0.3254 0.2749 0.2231 0.1817 0.1601 0.1491 0.1423 0.1379 0.1352 0.1339 0.1339 0.1351 0.1375 0.1410 0.1457 0.1515 0.1579 0.1643 0.1693 0.1713 0.1693 0.1643 0.1579 0.1515 0.1457 0.1410 0.1375 0.1351 0.1339 0.1339 0.1352 0.1379 0.1423 0.1491 0.1601 0.1817 0.2231 0.2749 0.3254 0.3699 0.4073 0.4380 0.4623 0.4808 0.4939 0.5013 0.5025 0.4951 0.4759 0.4462 0.4118 0.3767 0.3433 0.3125 0.2847 0.2599 0.2380 0.2189 0.2022 0.1878 0.1755 0.1651 0.1563 0.1492 0.1435 0.1392 0.1361 0.1343 0.1338 0.1343
0.1336 0.1341 0.1357 0.1386 0.1427 0.1482 0.1551 0.1636 0.1737 0.1857 0.1998 0.2161 0.2349 0.2563 0.2806 0.3080 0.3384 0.3715 0.4064 0.4412 0.4720 0.4931 0.5020 0.5019 0.4953 0.4831 0.4654 0.4419 0.4123 0.3758 0.3324 0.2826 0.2304 0.1865 0.1624 0.1504 0.1431 0.1384 0.1355 0.1340 0.1338 0.1348 0.1371 0.1405 0.1452 0.1510 0.1579 0.1655 0.1730 0.1788 0.1810 0.1788 0.1730 0.1655 0.1579 0.1510 0.1452 0.1405 0.1371 0.1348 0.1338 0.1340 0.1355 0.1384 0.1431 0.1504 0.1624 0.1865 0.2304 0.2826 0.3324 0.3758 0.4123 0.4419 0.4654 0.4831 0.4953 0.5019 0.5020 0.4931 0.4720 0.4412 0.4064 0.3715 0.3384 0.3080 0.2806 0.2563 0.2349 0.2161 0.1998 0.1858 0.1737 0.1636 0.1551 0.1482 0.1427 0.1386 0.1357 0.1341 0.1336
0.1337 0.1351 0.1376 0.1414 0.1464 0.1529 0.1610 0.1706 0.1821 0.1956 0.2113 0.2293 0.2500 0.2735 0.3000 0.3296 0.3621 0.3967 0.4318 0.4642 0.4885 0.5006 0.5026 0.4977 0.4869 0.4707 0.4489 0.4210 0.3864 0.3449 0.2966 0.2443 0.1967 0.1673 0.1530 0.1448 0.1395 0.1361 0.1343 0.1337 0.1344 0.1364 0.1395 0.1438 0.1495 0.1564 0.1643 0.1730 0.1814 0.1879 0.1904 0.1879 0.1814 0.1730 0.1643 0.1564 0.1495 0.1438 0.1395 0.1364 0.1344 0.1337 0.1343 0.1361 0.1395 0.1448 0.1530 0.1673 0.1967 0.2443 0.2966 0.3449 0.3864 0.4210 0.4489 0.4707 0.4869 0.4977 0.5026 0.5006 0.4885 0.4642 0.4318 0.3967 0.3621 0.3296 0.3000 0.2735 0.2500 0.2293 0.2113 0.1956 0.1821 0.1706 0.1610 0.1529 0.1464 0.1414 0.1376 0.1351 0.1337
0.1342 0.1362 0.1393 0.1437 0.1495 0.1567 0.1656 0.1761 0.1886 0.2032 0.2200 0.2394 0.2615 0.2865 0.3146 0.3457 0.3794 0.4146 0.4489 0.4780 0.4962 0.5027 0.5009 0.4929 0.4793 0.4603 0.4354 0.4041 0.3660 0.3209 0.2700 0.2185 0.1791 0.1589 0.1484 0.1418 0.1375 0.1350 0.1338 0.1339 0.1353 0.1378 0.1416 0.1466 0.1529 0.1606 0.1693 0.1788 0.1879 0.1948 0.1975 0.1948 0.1879 0.1788 0.1693 0.1606 0.1530 0.1466 0.1416 0.1378 0.1353 0.1339 0.1338 0.1350 0.1375 0.1418 0.1484 0.1589 0.1791 0.2185 0.2700 0.3209 0.3660 0.4041 0.4354 0.4603 0.4793 0.4929 0.5009 0.5027 0.4962 0.4780 0.4489 0.4146 0.3794 0.3457 0.3146 0.2865 0.2615 0.2394 0.2200 0.2032 0.1886 0.1761 0.1656 0.1567 0.1495 0.1437 0.1393 0.1362 0.1342
0.1344 0.1366 0.1400 0.1446 0.1507 0.1582 0.1674 0.1783 0.1911 0.2061 0.2234 0.2433 0.2659 0.2915 0.3202 0.3518 0.3859 0.4212 0.4550 0.4824 0.4982 0.5029 0.4998 0.4907 0.4761 0.4560 0.4300 0.3975 0.3580 0.3116 0.2600 0.2096 0.1741 0.1565 0.1469 0.1408 0.1369 0.1347 0.1337 0.1341 0.1356 0.1384 0.1424 0.1477 0.1543 0.1622 0.1713 0.1810 0.1904 0.1975 0.2003 0.1975 0.1904 0.1810 0.1713 0.1622 0.1543 0.1477 0.1424 0.1384 0.1356 0.1341 0.1337 0.1347 0.1369 0.1408 0.1469 0.1565 0.1741 0.2096 0.2600 0.3116 0.3580 0.3975 0.4300 0.4560 0.4761 0.4907 0.4998 0.5029 0.4982 0.4824 0.4550 0.4212 0.3859 0.3518 0.3202 0.2915 0.2659 0.2433 0.2234 0.2061 0.1911 0.1783 0.1674 0.1582 0.1507 0.1446 0.1400 0.1366 0.1344
0.1342 0.1362 0.1393 0.1437 0.1495 0.1567 0.1656 0.1761 0.1886 0.2032 0.2200 0.2394 0.2615 0.2865 0.3146 0.3457 0.3794 0.4146 0.4489 0.4780 0.4962 0.5027 0.5009 0.4929 0.4793 0.4603 0.4354 0.4041 0.3660 0.3209 0.2700 0.2185 0.1791 0.1589 0.1484 0.1418 0.1375 0.1350 0.1338 0.1339 0.1353 0.1378 0.1416 0.1466 0.1529 0.1606 0.1693 0.1788 0.1879 0.1948 0.1975 0.1948 0.1879 0.1788 0.1693 0.1606 0.1530 0.1466 0.1416 0.1378 0.1353 0.1339 0.1338 0.1350 0.1375 0.1418 0.1484 0.1589 0.1791 0.2185 0.2700 0.3209 0.3660 0.4041 0.4354 0.4603 0.4793 0.4929 0.5009 0.5027 0.4962 0.4780 0.4489 0.4146 0.3794 0.3457 0.3146 0.2865 0.2615 0.2394 0.2200 0.2032 0.1886 0.1761 0.1656 0.1567 0.1495 0.1437 0.1393 0.1362 0.1342
0.1337 0.1351 0.1376 0.1414 0.1464 0.1529 0.1610 0.1706 0.1821 0.1956 0.2113 0.2293 0.2500 0.2735 0.3000 0.3296 0.3621 0.3967 0.4318 0.4642 0.4885 0.5006 0.5026 0.4977 0.4869 0.4707 0.4489 0.4210 0.3864 0.3449 0.2966 0.2443 0.1967 0.1673 0.1530 0.1448 0.1395 0.1361 0.1343 0.1337 0.1344 0.1364 0.1395 0.1438 0.1495 0.1564 0.1643 0.1730 0.1814 0.1879 0.1904 0.1879 0.1814 0.1730 0.1643 0.1564 0.1495 0.1438 0.1395 0.1364 0.1344 0.1337 0.1343 0.1361 0.1395 0.1448 0.1530 0.1673 0.1967 0.2443 0.2966 0.3449 0.3864 0.4210 0.4489 0.4707 0.4869 0.4977 0.5026 0.5006 0.4885 0.4642 0.4318 0.3967 0.3621 0.3296 0.3000 0.2735 0.2500 0.2293 0.2113 0.1956 0.1821 0.1706 0.1610 0.1529 0.1464 0.1414 0.1376 0.1351 0.1337
0.1336 0.1341 0.1357 0.1386 0.1427 0.1482 0.1551 0.1636 0.1737 0.1858 0.1998 0.2161 0.2349 0.2563 0.2806 0.3080 0.3384 0.3715 0.4064 0.4412 0.4720 0.4931 0.5020 0.5019 0.4953 0.4831 0.4654 0.4419 0.4123 0.3758 0.3324 0.2826 0.2304 0.1865 0.1624 0.1504 0.1431 0.1384 0.1355 0.1340 0.1338 0.1348 0.1371 0.1405 0.1452 0.1510 0.1579 0.1655 0.1730 0.1788 0.1810 0.1788 0.1730 0.1655 0.1579 0.1510 0.1452 0.1405 0.1371 0.1348 0.1338 0.1340 0.1355 0.1384 0.1431 0.1504 0.1624 0.1865 0.2304 0.2826 0.3324 0.3758 0.4123 0.4419 0.4654 0.4831 0.4953 0.5019 0.5020 0.4931 0.4720 0.4412 0.4064 0.3715 0.3384 0.3080 0.2806 0.2563 0.2349 0.2161 0.1998 0.1858 0.1737 0.1636 0.1551 0.1482 0.1427 0.1386 0.1357 0.1341 0.1336
0.1343 0.1338 0.1343 0.1361 0.1392 0.1435 0.1492 0.1563 0.1651 0.1755 0.1878 0.2022 0.2189 0.2380 0.2599 0.2847 0.3125 0.3433 0.3767 0.4118 0.4462 0.4759 0.4951 0.5025 0.5013 0.4939 0.4808 0.4623 0.4380 0.4073 0.3699 0.3254 0.2749 0.2231 0.1817 0.1601 0.1491 0.1423 0.1379 0.1352 0.1339 0.1339 0.1351 0.1375 0.1410 0.1457 0.1515 0.1579 0.1643 0.1693 0.1713 0.1693 0.1643 0.1579 0.1515 0.1457 0.1410 0.1375 0.1351 0.1339 0.1339 0.1352 0.1379 0.1423 0.1491 0.1601 0.1817 0.2231 0.2749 0.3254 0.3699 0.4073 0.4380 0.4623 0.4808 0.4939 0.5013 0.5025 0.4951 0.4759 0.4462 0.4118 0.3767 0.3433 0.3125 0.2847 0.2599 0.2380 0.2189 0.2022 0.1878 0.1755 0.1651 0.1563 0.1492 0.1435 0.1392 0.1361 0.1343 0.1338 0.1343
0.1361 0.1343 0.1338 0.1344 0.1364 0.1395 0.1440 0.1498 0.1570 0.1659 0.1765 0.1890 0.2036 0.2204 0.2398 0.2619 0.2869 0.3150 0.3460 0.3796 0.4147 0.4489 0.4779 0.4961 0.5026 0.5009 0.4930 0.4795 0.4605 0.4357 0.4046 0.3666 0.3216 0.2707 0.2192 0.1793 0.1590 0.1484 0.1419 0.1376 0.1350 0.1339 0.1339 0.1352 0.1376 0.1412 0.1457 0.1510 0.1563 0.1606 0.1622 0.1606 0.1564 0.1510 0.1457 0.1412 0.1376 0.1352 0.1339 0.1339 0.1350 0.1376 0.1419 0.1484 0.1590 0.1793 0.2192 0.2708 0.3216 0.3666 0.4046 0.4357 0.4605 0.4795 0.4930 0.5009 0.5026 0.4961 0.4779 0.4489 0.4147 0.3796 0.3460 0.3150 0.2869 0.2619 0.2398 0.2204 0.2036 0.1890 0.1765 0.1659 0.1570 0.1498 0.1440 0.1395 0.1364 0.1344 0.1338 0.1343 0.1361
