0.1632 0.1921 0.3097 0.5010 0.4241 0.1680 0.1580 0.2206 0.3719 0.5063 0.3387 0.1536 0.1709 0.2581 0.4434 0.4813 0.2315 0.1513 0.1907 0.3063 0.4990 0.4288 0.1699 0.1573 0.2182 0.3669 0.5071 0.3460 0.1542 0.1697 0.2550 0.4381 0.4841 0.2391 0.1512 0.1889 0.3023 0.4966 0.4338 0.1720 0.1566 0.2159 0.3620 0.5078 0.3532 0.1548 0.1686 0.2516 0.4301 0.4909 0.3867 0.4909 0.4301 0.2516 0.1686 0.1548 0.3532 0.5078 0.3620 0.2159 0.1566 0.1720 0.4338 0.4966 0.3023 0.1889 0.1512 0.2391 0.4841 0.4381 0.2550 0.1697 0.1542 0.3460 0.5071 0.3669 0.2182 0.1573 0.1699 0.4288 0.4990 0.3063 0.1907 0.1513 0.2315 0.4813 0.4434 0.2581 0.1709 0.1536 0.3387 0.5063 0.3719 0.2206 0.1580 0.1680 0.4241 0.5010 0.3097 0.1921 0.1632
0.1921 0.3083 0.5028 0.4272 0.1595 0.1473 0.2134 0.3690 0.5080 0.3443 0.1426 0.1614 0.2520 0.4423 0.4837 0.2347 0.1396 0.1822 0.3016 0.4999 0.4327 0.1619 0.1464 0.2108 0.3638 0.5087 0.3516 0.1432 0.1601 0.2488 0.4368 0.4864 0.2429 0.1395 0.1804 0.2975 0.4973 0.4376 0.1645 0.1457 0.2084 0.3587 0.5093 0.3587 0.1440 0.1589 0.2455 0.4308 0.4897 0.2732 0.1453 0.2732 0.4897 0.4308 0.2455 0.1589 0.1440 0.3587 0.5093 0.3587 0.2084 0.1457 0.1645 0.4376 0.4973 0.2975 0.1804 0.1395 0.2429 0.4864 0.4368 0.2488 0.1601 0.1432 0.3516 0.5087 0.3638 0.2108 0.1464 0.1619 0.4327 0.4999 0.3016 0.1822 0.1396 0.2347 0.4837 0.4423 0.2520 0.1614 0.1426 0.3443 0.5080 0.3690 0.2134 0.1473 0.1595 0.4272 0.5028 0.3083 0.1921
0.3097 0.5028 0.4300 0.1617 0.1464 0.2101 0.3616 0.5089 0.3552 0.1436 0.1594 0.2470 0.4337 0.4877 0.2475 0.1395 0.1794 0.2952 0.4955 0.4401 0.1661 0.1452 0.2071 0.3559 0.5095 0.3626 0.1444 0.1582 0.2438 0.4282 0.4901 0.2559 0.1394 0.1777 0.2912 0.4924 0.4447 0.1693 0.1445 0.2047 0.3509 0.5098 0.3694 0.1452 0.1570 0.2408 0.4225 0.4926 0.2681 0.1384 0.1480 0.1384 0.2681 0.4926 0.4225 0.2408 0.1570 0.1452 0.3694 0.5098 0.3509 0.2047 0.1445 0.1693 0.4447 0.4924 0.2912 0.1777 0.1394 0.2559 0.4901 0.4282 0.2438 0.1582 0.1444 0.3626 0.5095 0.3559 0.2071 0.1452 0.1661 0.4401 0.4955 0.2952 0.1794 0.1395 0.2475 0.4877 0.4337 0.2470 0.1594 0.1436 0.3552 0.5089 0.3616 0.2101 0.1464 0.1617 0.4300 0.5028 0.3097
0.5010 0.4272 0.1617 0.1460 0.2081 0.3563 0.5096 0.3646 0.1447 0.1577 0.2423 0.4253 0.4914 0.2605 0.1394 0.1767 0.2890 0.4905 0.4471 0.1712 0.1441 0.2034 0.3482 0.5100 0.3732 0.1458 0.1564 0.2391 0.4195 0.4937 0.2690 0.1395 0.1750 0.2851 0.4869 0.4514 0.1749 0.1434 0.2012 0.3433 0.5100 0.3798 0.1467 0.1553 0.2361 0.4140 0.4958 0.2782 0.1394 0.1677 0.2163 0.1677 0.1394 0.2782 0.4958 0.4140 0.2361 0.1553 0.1467 0.3798 0.5100 0.3433 0.2012 0.1434 0.1749 0.4514 0.4869 0.2851 0.1750 0.1395 0.2690 0.4937 0.4195 0.2391 0.1564 0.1458 0.3732 0.5100 0.3482 0.2034 0.1441 0.1712 0.4471 0.4905 0.2890 0.1767 0.1394 0.2605 0.4914 0.4253 0.2423 0.1577 0.1447 0.3646 0.5096 0.3563 0.2081 0.1460 0.1617 0.4272 0.5010
0.4241 0.1595 0.1464 0.2081 0.3543 0.5099 0.3712 0.1458 0.1562 0.2382 0.4174 0.4946 0.2731 0.1395 0.1742 0.2831 0.4848 0.4537 0.1773 0.1431 0.1999 0.3406 0.5100 0.3834 0.1473 0.1547 0.2344 0.4109 0.4969 0.2822 0.1396 0.1725 0.2792 0.4807 0.4577 0.1818 0.1425 0.1977 0.3359 0.5098 0.3896 0.1485 0.1536 0.2315 0.4054 0.4988 0.2907 0.1398 0.1700 0.2657 0.3758 0.2657 0.1700 0.1398 0.2907 0.4988 0.4054 0.2315 0.1536 0.1485 0.3896 0.5098 0.3359 0.1977 0.1425 0.1818 0.4577 0.4807 0.2792 0.1725 0.1396 0.2822 0.4969 0.4109 0.2344 0.1547 0.1473 0.3834 0.5100 0.3406 0.1999 0.1431 0.1773 0.4537 0.4848 0.2831 0.1742 0.1395 0.2731 0.4946 0.4174 0.2382 0.1562 0.1458 0.3712 0.5099 0.3543 0.2081 0.1464 0.1595 0.4241
0.1680 0.1473 0.2101 0.3563 0.5099 0.3736 0.1464 0.1552 0.2350 0.4107 0.4973 0.2848 0.1397 0.1718 0.2774 0.4785 0.4598 0.1845 0.1422 0.1965 0.3333 0.5096 0.3931 0.1491 0.1530 0.2299 0.4023 0.4997 0.2952 0.1399 0.1701 0.2735 0.4738 0.4636 0.1900 0.1417 0.1944 0.3287 0.5090 0.3991 0.1504 0.1520 0.2271 0.3968 0.5014 0.3034 0.1402 0.1684 0.2682 0.4573 0.5050 0.4573 0.2682 0.1684 0.1402 0.3034 0.5014 0.3968 0.2271 0.1520 0.1504 0.3991 0.5090 0.3287 0.1944 0.1417 0.1900 0.4636 0.4738 0.2735 0.1701 0.1399 0.2952 0.4997 0.4023 0.2299 0.1530 0.1491 0.3931 0.5096 0.3333 0.1965 0.1422 0.1845 0.4598 0.4785 0.2774 0.1718 0.1397 0.2848 0.4973 0.4107 0.2350 0.1552 0.1464 0.3736 0.5099 0.3563 0.2101 0.1473 0.1680
0.1580 0.2134 0.3616 0.5096 0.3712 0.1464 0.1549 0.2332 0.4061 0.4992 0.2944 0.1400 0.1698 0.2723 0.4720 0.4653 0.1929 0.1414 0.1933 0.3262 0.5086 0.4023 0.1512 0.1515 0.2256 0.3938 0.5023 0.3079 0.1404 0.1678 0.2679 0.4665 0.4692 0.1996 0.1410 0.1912 0.3216 0.5077 0.4081 0.1527 0.1505 0.2229 0.3884 0.5037 0.3160 0.1407 0.1663 0.2640 0.4592 0.4784 0.3572 0.4784 0.4592 0.2640 0.1663 0.1407 0.3160 0.5037 0.3884 0.2229 0.1505 0.1527 0.4081 0.5077 0.3216 0.1912 0.1410 0.1996 0.4692 0.4665 0.2679 0.1678 0.1404 0.3079 0.5023 0.3938 0.2256 0.1515 0.1512 0.4023 0.5086 0.3262 0.1933 0.1414 0.1929 0.4653 0.4720 0.2723 0.1698 0.1400 0.2944 0.4992 0.4061 0.2332 0.1549 0.1464 0.3712 0.5096 0.3616 0.2134 0.1580
0.2206 0.3690 0.5089 0.3646 0.1458 0.1552 0.2332 0.4044 0.5002 0.3009 0.1402 0.1681 0.2679 0.4657 0.4701 0.2019 0.1408 0.1903 0.3195 0.5071 0.4110 0.1535 0.1500 0.2214 0.3854 0.5045 0.3204 0.1409 0.1655 0.2624 0.4586 0.4743 0.2104 0.1404 0.1881 0.3148 0.5058 0.4167 0.1553 0.1491 0.2187 0.3800 0.5057 0.3282 0.1414 0.1642 0.2590 0.4530 0.4785 0.2380 0.1411 0.2380 0.4785 0.4530 0.2590 0.1642 0.1414 0.3282 0.5057 0.3800 0.2187 0.1491 0.1553 0.4167 0.5058 0.3148 0.1881 0.1404 0.2104 0.4743 0.4586 0.2624 0.1655 0.1409 0.3204 0.5045 0.3854 0.2214 0.1500 0.1535 0.4110 0.5071 0.3195 0.1903 0.1408 0.2019 0.4701 0.4657 0.2679 0.1681 0.1402 0.3009 0.5002 0.4044 0.2332 0.1552 0.1458 0.3646 0.5089 0.3690 0.2206
0.3719 0.5080 0.3552 0.1447 0.1562 0.2350 0.4061 0.5002 0.3032 0.1404 0.1670 0.2647 0.4604 0.4740 0.2109 0.1403 0.1875 0.3132 0.5051 0.4191 0.1562 0.1486 0.2174 0.3772 0.5063 0.3324 0.1417 0.1634 0.2571 0.4505 0.4791 0.2222 0.1400 0.1851 0.3081 0.5031 0.4249 0.1583 0.1477 0.2147 0.3719 0.5073 0.3401 0.1422 0.1621 0.2538 0.4451 0.4822 0.2335 0.1381 0.1521 0.1381 0.2335 0.4822 0.4451 0.2538 0.1621 0.1422 0.3401 0.5073 0.3719 0.2147 0.1477 0.1583 0.4249 0.5031 0.3081 0.1851 0.1400 0.2222 0.4791 0.4505 0.2571 0.1634 0.1417 0.3324 0.5063 0.3772 0.2174 0.1486 0.1562 0.4191 0.5051 0.3132 0.1875 0.1403 0.2109 0.4740 0.4604 0.2647 0.1670 0.1404 0.3032 0.5002 0.4061 0.2350 0.1562 0.1447 0.3552 0.5080 0.3719
0.5063 0.3443 0.1436 0.1577 0.2382 0.4107 0.4992 0.3009 0.1404 0.1667 0.2629 0.4568 0.4768 0.2186 0.1400 0.1851 0.3075 0.5027 0.4265 0.1592 0.1474 0.2136 0.3693 0.5078 0.3439 0.1425 0.1614 0.2520 0.4422 0.4836 0.2346 0.1396 0.1822 0.3016 0.4997 0.4327 0.1619 0.1464 0.2108 0.3638 0.5086 0.3515 0.1432 0.1601 0.2488 0.4368 0.4863 0.2435 0.1393 0.1743 0.2278 0.1743 0.1393 0.2435 0.4863 0.4368 0.2488 0.1601 0.1432 0.3515 0.5086 0.3638 0.2108 0.1464 0.1619 0.4327 0.4997 0.3016 0.1822 0.1396 0.2346 0.4836 0.4422 0.2520 0.1614 0.1425 0.3439 0.5078 0.3693 0.2136 0.1474 0.1592 0.4265 0.5027 0.3075 0.1851 0.1400 0.2186 0.4768 0.4568 0.2629 0.1667 0.1404 0.3009 0.4992 0.4107 0.2382 0.1577 0.1436 0.3443 0.5063
0.3387 0.1426 0.1594 0.2423 0.4174 0.4973 0.2944 0.1402 0.1670 0.2629 0.4555 0.4783 0.2239 0.1398 0.1832 0.3028 0.5000 0.4330 0.1623 0.1462 0.2100 0.3617 0.5089 0.3548 0.1436 0.1595 0.2471 0.4339 0.4876 0.2473 0.1395 0.1794 0.2952 0.4956 0.4401 0.1661 0.1452 0.2071 0.3559 0.5095 0.3625 0.1444 0.1582 0.2438 0.4282 0.4901 0.2560 0.1394 0.1767 0.2810 0.3985 0.2810 0.1767 0.1394 0.2560 0.4901 0.4282 0.2438 0.1582 0.1444 0.3625 0.5095 0.3559 0.2071 0.1452 0.1661 0.4401 0.4956 0.2952 0.1794 0.1395 0.2473 0.4876 0.4339 0.2471 0.1595 0.1436 0.3548 0.5089 0.3617 0.2100 0.1462 0.1623 0.4330 0.5000 0.3028 0.1832 0.1398 0.2239 0.4783 0.4555 0.2629 0.1670 0.1402 0.2944 0.4973 0.4174 0.2423 0.1594 0.1426 0.3387
0.1536 0.1614 0.2470 0.4253 0.4946 0.2848 0.1400 0.1681 0.2647 0.4568 0.4783 0.2258 0.1397 0.1821 0.2994 0.4975 0.4382 0.1656 0.1453 0.2068 0.3547 0.5096 0.3651 0.1447 0.1577 0.2424 0.4256 0.4913 0.2601 0.1394 0.1768 0.2891 0.4906 0.4470 0.1711 0.1441 0.2034 0.3482 0.5100 0.3731 0.1457 0.1564 0.2391 0.4196 0.4937 0.2690 0.1394 0.1749 0.2834 0.4768 0.5002 0.4768 0.2834 0.1749 0.1394 0.2690 0.4937 0.4196 0.2391 0.1564 0.1457 0.3731 0.5100 0.3482 0.2034 0.1441 0.1711 0.4470 0.4906 0.2891 0.1768 0.1394 0.2601 0.4913 0.4256 0.2424 0.1577 0.1447 0.3651 0.5096 0.3547 0.2068 0.1453 0.1656 0.4382 0.4975 0.2994 0.1821 0.1397 0.2258 0.4783 0.4568 0.2647 0.1681 0.1400 0.2848 0.4946 0.4253 0.2470 0.1614 0.1536
0.1709 0.2520 0.4337 0.4914 0.2731 0.1397 0.1698 0.2679 0.4604 0.4768 0.2239 0.1397 0.1816 0.2977 0.4957 0.4419 0.1685 0.1445 0.2041 0.3486 0.5100 0.3744 0.1460 0.1560 0.2379 0.4173 0.4946 0.2729 0.1395 0.1743 0.2833 0.4850 0.4535 0.1771 0.1431 0.1999 0.3407 0.5100 0.3833 0.1473 0.1547 0.2345 0.4110 0.4969 0.2821 0.1396 0.1725 0.2789 0.4787 0.4654 0.3272 0.4654 0.4787 0.2789 0.1725 0.1396 0.2821 0.4969 0.4110 0.2345 0.1547 0.1473 0.3833 0.5100 0.3407 0.1999 0.1431 0.1771 0.4535 0.4850 0.2833 0.1743 0.1395 0.2729 0.4946 0.4173 0.2379 0.1560 0.1460 0.3744 0.5100 0.3486 0.2041 0.1445 0.1685 0.4419 0.4957 0.2977 0.1816 0.1397 0.2239 0.4768 0.4604 0.2679 0.1698 0.1397 0.2731 0.4914 0.4337 0.2520 0.1709
0.2581 0.4423 0.4877 0.2605 0.1395 0.1718 0.2723 0.4657 0.4740 0.2186 0.1398 0.1821 0.2977 0.4951 0.4438 0.1705 0.1440 0.2019 0.3435 0.5100 0.3824 0.1473 0.1545 0.2338 0.4092 0.4976 0.2854 0.1397 0.1719 0.2776 0.4788 0.4595 0.1842 0.1422 0.1966 0.3335 0.5096 0.3929 0.1491 0.1530 0.2300 0.4024 0.4997 0.2951 0.1399 0.1701 0.2735 0.4735 0.4650 0.2060 0.1383 0.2060 0.4650 0.4735 0.2735 0.1701 0.1399 0.2951 0.4997 0.4024 0.2300 0.1530 0.1491 0.3929 0.5096 0.3335 0.1966 0.1422 0.1842 0.4595 0.4788 0.2776 0.1719 0.1397 0.2854 0.4976 0.4092 0.2338 0.1545 0.1473 0.3824 0.5100 0.3435 0.2019 0.1440 0.1705 0.4438 0.4951 0.2977 0.1821 0.1398 0.2186 0.4740 0.4657 0.2723 0.1718 0.1395 0.2605 0.4877 0.4423 0.2581
0.4434 0.4837 0.2475 0.1394 0.1742 0.2774 0.4720 0.4701 0.2109 0.1400 0.1832 0.2994 0.4957 0.4438 0.1712 0.1437 0.2006 0.3399 0.5099 0.3889 0.1486 0.1532 0.2301 0.4018 0.5001 0.2974 0.1400 0.1696 0.2721 0.4720 0.4652 0.1926 0.1414 0.1934 0.3265 0.5087 0.4021 0.1511 0.1515 0.2257 0.3939 0.5023 0.3078 0.1404 0.1678 0.2679 0.4665 0.4694 0.2024 0.1387 0.1567 0.1387 0.2024 0.4694 0.4665 0.2679 0.1678 0.1404 0.3078 0.5023 0.3939 0.2257 0.1515 0.1511 0.4021 0.5087 0.3265 0.1934 0.1414 0.1926 0.4652 0.4720 0.2721 0.1696 0.1400 0.2974 0.5001 0.4018 0.2301 0.1532 0.1486 0.3889 0.5099 0.3399 0.2006 0.1437 0.1712 0.4438 0.4957 0.2994 0.1832 0.1400 0.2109 0.4701 0.4720 0.2774 0.1742 0.1394 0.2475 0.4837 0.4434
0.4813 0.2347 0.1395 0.1767 0.2831 0.4785 0.4653 0.2019 0.1403 0.1851 0.3028 0.4975 0.4419 0.1705 0.1437 0.2002 0.3380 0.5098 0.3934 0.1497 0.1522 0.2270 0.3953 0.5021 0.3082 0.1404 0.1675 0.2669 0.4648 0.4704 0.2022 0.1408 0.1903 0.3197 0.5072 0.4107 0.1534 0.1500 0.2215 0.3856 0.5044 0.3202 0.1409 0.1656 0.2625 0.4587 0.4743 0.2109 0.1400 0.1815 0.2403 0.1815 0.1400 0.2109 0.4743 0.4587 0.2625 0.1656 0.1409 0.3202 0.5044 0.3856 0.2215 0.1500 0.1534 0.4107 0.5072 0.3197 0.1903 0.1408 0.2022 0.4704 0.4648 0.2669 0.1675 0.1404 0.3082 0.5021 0.3953 0.2270 0.1522 0.1497 0.3934 0.5098 0.3380 0.2002 0.1437 0.1705 0.4419 0.4975 0.3028 0.1851 0.1403 0.2019 0.4653 0.4785 0.2831 0.1767 0.1395 0.2347 0.4813
0.2315 0.1396 0.1794 0.2890 0.4848 0.4598 0.1929 0.1408 0.1875 0.3075 0.5000 0.4382 0.1685 0.1440 0.2006 0.3380 0.5097 0.3956 0.1504 0.1515 0.2246 0.3900 0.5037 0.3176 0.1409 0.1656 0.2621 0.4577 0.4752 0.2127 0.1403 0.1873 0.3131 0.5052 0.4189 0.1561 0.1487 0.2176 0.3776 0.5063 0.3320 0.1417 0.1635 0.2572 0.4506 0.4791 0.2221 0.1399 0.1840 0.2976 0.4216 0.2976 0.1840 0.1399 0.2221 0.4791 0.4506 0.2572 0.1635 0.1417 0.3320 0.5063 0.3776 0.2176 0.1487 0.1561 0.4189 0.5052 0.3131 0.1873 0.1403 0.2127 0.4752 0.4577 0.2621 0.1656 0.1409 0.3176 0.5037 0.3900 0.2246 0.1515 0.1504 0.3956 0.5097 0.3380 0.2006 0.1440 0.1685 0.4382 0.5000 0.3075 0.1875 0.1408 0.1929 0.4598 0.4848 0.2890 0.1794 0.1396 0.2315
0.1513 0.1822 0.2952 0.4905 0.4537 0.1845 0.1414 0.1903 0.3132 0.5027 0.4330 0.1656 0.1445 0.2019 0.3399 0.5098 0.3956 0.1507 0.1512 0.2232 0.3863 0.5048 0.3252 0.1414 0.1640 0.2579 0.4509 0.4793 0.2234 0.1399 0.1845 0.3067 0.5024 0.4267 0.1591 0.1474 0.2137 0.3697 0.5077 0.3434 0.1425 0.1615 0.2522 0.4425 0.4835 0.2343 0.1396 0.1820 0.2998 0.4924 0.4931 0.4924 0.2998 0.1820 0.1396 0.2343 0.4835 0.4425 0.2522 0.1615 0.1425 0.3434 0.5077 0.3697 0.2137 0.1474 0.1591 0.4267 0.5024 0.3067 0.1845 0.1399 0.2234 0.4793 0.4509 0.2579 0.1640 0.1414 0.3252 0.5048 0.3863 0.2232 0.1512 0.1507 0.3956 0.5098 0.3399 0.2019 0.1445 0.1656 0.4330 0.5027 0.3132 0.1903 0.1414 0.1845 0.4537 0.4905 0.2952 0.1822 0.1513
0.1907 0.3016 0.4955 0.4471 0.1773 0.1422 0.1933 0.3195 0.5051 0.4265 0.1623 0.1453 0.2041 0.3435 0.5099 0.3934 0.1504 0.1512 0.2227 0.3843 0.5055 0.3304 0.1418 0.1627 0.2544 0.4448 0.4828 0.2337 0.1396 0.1820 0.3007 0.4991 0.4341 0.1627 0.1462 0.2100 0.3619 0.5089 0.3544 0.1435 0.1596 0.2474 0.4343 0.4875 0.2468 0.1395 0.1794 0.2950 0.4941 0.4498 0.2943 0.4498 0.4941 0.2950 0.1794 0.1395 0.2468 0.4875 0.4343 0.2474 0.1596 0.1435 0.3544 0.5089 0.3619 0.2100 0.1462 0.1627 0.4341 0.4991 0.3007 0.1820 0.1396 0.2337 0.4828 0.4448 0.2544 0.1627 0.1418 0.3304 0.5055 0.3843 0.2227 0.1512 0.1504 0.3934 0.5099 0.3435 0.2041 0.1453 0.1623 0.4265 0.5051 0.3195 0.1933 0.1422 0.1773 0.4471 0.4955 0.3016 0.1907
0.3063 0.4999 0.4401 0.1712 0.1431 0.1965 0.3262 0.5071 0.4191 0.1592 0.1462 0.2068 0.3486 0.5100 0.3889 0.1497 0.1515 0.2232 0.3843 0.5057 0.3331 0.1421 0.1619 0.2518 0.4398 0.4856 0.2429 0.1395 0.1797 0.2953 0.4953 0.4409 0.1668 0.1451 0.2064 0.3543 0.5096 0.3650 0.1447 0.1577 0.2426 0.4259 0.4911 0.2595 0.1394 0.1769 0.2893 0.4905 0.4487 0.1808 0.1368 0.1808 0.4487 0.4905 0.2893 0.1769 0.1394 0.2595 0.4911 0.4259 0.2426 0.1577 0.1447 0.3650 0.5096 0.3543 0.2064 0.1451 0.1668 0.4409 0.4953 0.2953 0.1797 0.1395 0.2429 0.4856 0.4398 0.2518 0.1619 0.1421 0.3331 0.5057 0.3843 0.2232 0.1515 0.1497 0.3889 0.5100 0.3486 0.2068 0.1462 0.1592 0.4191 0.5071 0.3262 0.1965 0.1431 0.1712 0.4401 0.4999 0.3063
0.4990 0.4327 0.1661 0.1441 0.1999 0.3333 0.5086 0.4110 0.1562 0.1474 0.2100 0.3547 0.5100 0.3824 0.1486 0.1522 0.2246 0.3863 0.5055 0.3331 0.1422 0.1614 0.2501 0.4362 0.4877 0.2505 0.1394 0.1778 0.2906 0.4913 0.4468 0.1713 0.1440 0.2030 0.3470 0.5100 0.3752 0.1461 0.1560 0.2380 0.4176 0.4945 0.2723 0.1395 0.1744 0.2835 0.4851 0.4537 0.1786 0.1404 0.1621 0.1404 0.1786 0.4537 0.4851 0.2835 0.1744 0.1395 0.2723 0.4945 0.4176 0.2380 0.1560 0.1461 0.3752 0.5100 0.3470 0.2030 0.1440 0.1713 0.4468 0.4913 0.2906 0.1778 0.1394 0.2505 0.4877 0.4362 0.2501 0.1614 0.1422 0.3331 0.5055 0.3863 0.2246 0.1522 0.1486 0.3824 0.5100 0.3547 0.2100 0.1474 0.1562 0.4110 0.5086 0.3333 0.1999 0.1441 0.1661 0.4327 0.4990
0.4288 0.1619 0.1452 0.2034 0.3406 0.5096 0.4023 0.1535 0.1486 0.2136 0.3617 0.5096 0.3744 0.1473 0.1532 0.2270 0.3900 0.5048 0.3304 0.1421 0.1614 0.2496 0.4343 0.4889 0.2559 0.1394 0.1763 0.2867 0.4874 0.4518 0.1761 0.1432 0.1999 0.3402 0.5100 0.3848 0.1476 0.1544 0.2336 0.4092 0.4975 0.2850 0.1397 0.1720 0.2778 0.4790 0.4595 0.1844 0.1418 0.1897 0.2543 0.1897 0.1418 0.1844 0.4595 0.4790 0.2778 0.1720 0.1397 0.2850 0.4975 0.4092 0.2336 0.1544 0.1476 0.3848 0.5100 0.3402 0.1999 0.1432 0.1761 0.4518 0.4874 0.2867 0.1763 0.1394 0.2559 0.4889 0.4343 0.2496 0.1614 0.1421 0.3304 0.5048 0.3900 0.2270 0.1532 0.1473 0.3744 0.5096 0.3617 0.2136 0.1486 0.1535 0.4023 0.5096 0.3406 0.2034 0.1452 0.1619 0.4288
0.1699 0.1464 0.2071 0.3482 0.5100 0.3931 0.1512 0.1500 0.2174 0.3693 0.5089 0.3651 0.1460 0.1545 0.2301 0.3953 0.5037 0.3252 0.1418 0.1619 0.2501 0.4343 0.4893 0.2587 0.1394 0.1752 0.2838 0.4840 0.4559 0.1809 0.1425 0.1972 0.3341 0.5096 0.3934 0.1493 0.1528 0.2293 0.4009 0.5002 0.2976 0.1400 0.1696 0.2723 0.4723 0.4650 0.1925 0.1414 0.1924 0.3159 0.4451 0.3159 0.1924 0.1414 0.1925 0.4650 0.4723 0.2723 0.1696 0.1400 0.2976 0.5002 0.4009 0.2293 0.1528 0.1493 0.3934 0.5096 0.3341 0.1972 0.1425 0.1809 0.4559 0.4840 0.2838 0.1752 0.1394 0.2587 0.4893 0.4343 0.2501 0.1619 0.1418 0.3252 0.5037 0.3953 0.2301 0.1545 0.1460 0.3651 0.5089 0.3693 0.2174 0.1500 0.1512 0.3931 0.5100 0.3482 0.2071 0.1464 0.1699
0.1573 0.2108 0.3559 0.5100 0.3834 0.1491 0.1515 0.2214 0.3772 0.5078 0.3548 0.1447 0.1560 0.2338 0.4018 0.5021 0.3176 0.1414 0.1627 0.2518 0.4362 0.4889 0.2587 0.1394 0.1747 0.2819 0.4815 0.4588 0.1852 0.1419 0.1949 0.3287 0.5089 0.4011 0.1511 0.1514 0.2253 0.3929 0.5026 0.3099 0.1405 0.1674 0.2669 0.4650 0.4702 0.2019 0.1408 0.1902 0.3180 0.5027 0.4835 0.5027 0.3180 0.1902 0.1408 0.2019 0.4702 0.4650 0.2669 0.1674 0.1405 0.3099 0.5026 0.3929 0.2253 0.1514 0.1511 0.4011 0.5089 0.3287 0.1949 0.1419 0.1852 0.4588 0.4815 0.2819 0.1747 0.1394 0.2587 0.4889 0.4362 0.2518 0.1627 0.1414 0.3176 0.5021 0.4018 0.2338 0.1560 0.1447 0.3548 0.5078 0.3772 0.2214 0.1515 0.1491 0.3834 0.5100 0.3559 0.2108 0.1573
0.2182 0.3638 0.5095 0.3732 0.1473 0.1530 0.2256 0.3854 0.5063 0.3439 0.1436 0.1577 0.2379 0.4092 0.5001 0.3082 0.1409 0.1640 0.2544 0.4398 0.4877 0.2559 0.1394 0.1747 0.2813 0.4801 0.4607 0.1885 0.1416 0.1932 0.3244 0.5080 0.4077 0.1529 0.1502 0.2217 0.3854 0.5046 0.3214 0.1410 0.1653 0.2616 0.4574 0.4752 0.2124 0.1403 0.1874 0.3129 0.5043 0.4307 0.2584 0.4307 0.5043 0.3129 0.1874 0.1403 0.2124 0.4752 0.4574 0.2616 0.1653 0.1410 0.3214 0.5046 0.3854 0.2217 0.1502 0.1529 0.4077 0.5080 0.3244 0.1932 0.1416 0.1885 0.4607 0.4801 0.2813 0.1747 0.1394 0.2559 0.4877 0.4398 0.2544 0.1640 0.1409 0.3082 0.5001 0.4092 0.2379 0.1577 0.1436 0.3439 0.5063 0.3854 0.2256 0.1530 0.1473 0.3732 0.5095 0.3638 0.2182
0.3669 0.5087 0.3626 0.1458 0.1547 0.2299 0.3938 0.5045 0.3324 0.1425 0.1595 0.2424 0.4173 0.4976 0.2974 0.1404 0.1656 0.2579 0.4448 0.4856 0.2505 0.1394 0.1752 0.2819 0.4801 0.4613 0.1903 0.1413 0.1919 0.3212 0.5071 0.4130 0.1546 0.1492 0.2185 0.3787 0.5062 0.3321 0.1417 0.1633 0.2566 0.4495 0.4798 0.2240 0.1399 0.1846 0.3068 0.5023 0.4286 0.1644 0.1364 0.1644 0.4286 0.5023 0.3068 0.1846 0.1399 0.2240 0.4798 0.4495 0.2566 0.1633 0.1417 0.3321 0.5062 0.3787 0.2185 0.1492 0.1546 0.4130 0.5071 0.3212 0.1919 0.1413 0.1903 0.4613 0.4801 0.2819 0.1752 0.1394 0.2505 0.4856 0.4448 0.2579 0.1656 0.1404 0.2974 0.4976 0.4173 0.2424 0.1595 0.1425 0.3324 0.5045 0.3938 0.2299 0.1547 0.1458 0.3626 0.5087 0.3669
0.5071 0.3516 0.1444 0.1564 0.2344 0.4023 0.5023 0.3204 0.1417 0.1614 0.2471 0.4256 0.4946 0.2854 0.1400 0.1675 0.2621 0.4509 0.4828 0.2429 0.1394 0.1763 0.2838 0.4815 0.4607 0.1903 0.1413 0.1913 0.3191 0.5064 0.4169 0.1561 0.1484 0.2158 0.3728 0.5074 0.3417 0.1425 0.1615 0.2519 0.4418 0.4840 0.2360 0.1396 0.1818 0.3006 0.4991 0.4344 0.1635 0.1430 0.1684 0.1430 0.1635 0.4344 0.4991 0.3006 0.1818 0.1396 0.2360 0.4840 0.4418 0.2519 0.1615 0.1425 0.3417 0.5074 0.3728 0.2158 0.1484 0.1561 0.4169 0.5064 0.3191 0.1913 0.1413 0.1903 0.4607 0.4815 0.2838 0.1763 0.1394 0.2429 0.4828 0.4509 0.2621 0.1675 0.1400 0.2854 0.4946 0.4256 0.2471 0.1614 0.1417 0.3204 0.5023 0.4023 0.2344 0.1564 0.1444 0.3516 0.5071
0.3460 0.1432 0.1582 0.2391 0.4109 0.4997 0.3079 0.1409 0.1634 0.2520 0.4339 0.4913 0.2729 0.1397 0.1696 0.2669 0.4577 0.4793 0.2337 0.1395 0.1778 0.2867 0.4840 0.4588 0.1885 0.1413 0.1913 0.3184 0.5060 0.4193 0.1573 0.1478 0.2138 0.3680 0.5082 0.3498 0.1432 0.1599 0.2478 0.4344 0.4876 0.2479 0.1395 0.1791 0.2945 0.4949 0.4412 0.1670 0.1445 0.1990 0.2698 0.1990 0.1445 0.1670 0.4412 0.4949 0.2945 0.1791 0.1395 0.2479 0.4876 0.4344 0.2478 0.1599 0.1432 0.3498 0.5082 0.3680 0.2138 0.1478 0.1573 0.4193 0.5060 0.3184 0.1913 0.1413 0.1885 0.4588 0.4840 0.2867 0.1778 0.1395 0.2337 0.4793 0.4577 0.2669 0.1696 0.1397 0.2729 0.4913 0.4339 0.2520 0.1634 0.1409 0.3079 0.4997 0.4109 0.2391 0.1582 0.1432 0.3460
0.1542 0.1601 0.2438 0.4195 0.4969 0.2952 0.1404 0.1655 0.2571 0.4422 0.4876 0.2601 0.1395 0.1719 0.2721 0.4648 0.4752 0.2234 0.1396 0.1797 0.2906 0.4874 0.4559 0.1852 0.1416 0.1919 0.3191 0.5060 0.4201 0.1579 0.1474 0.2124 0.3644 0.5088 0.3564 0.1440 0.1586 0.2441 0.4276 0.4908 0.2592 0.1394 0.1767 0.2887 0.4901 0.4478 0.1719 0.1439 0.2017 0.3357 0.4673 0.3357 0.2017 0.1439 0.1719 0.4478 0.4901 0.2887 0.1767 0.1394 0.2592 0.4908 0.4276 0.2441 0.1586 0.1440 0.3564 0.5088 0.3644 0.2124 0.1474 0.1579 0.4201 0.5060 0.3191 0.1919 0.1416 0.1852 0.4559 0.4874 0.2906 0.1797 0.1396 0.2234 0.4752 0.4648 0.2721 0.1719 0.1395 0.2601 0.4876 0.4422 0.2571 0.1655 0.1404 0.2952 0.4969 0.4195 0.2438 0.1601 0.1542
0.1697 0.2488 0.4282 0.4937 0.2822 0.1399 0.1678 0.2624 0.4505 0.4836 0.2473 0.1394 0.1743 0.2776 0.4720 0.4704 0.2127 0.1399 0.1820 0.2953 0.4913 0.4518 0.1809 0.1419 0.1932 0.3212 0.5064 0.4193 0.1579 0.1473 0.2116 0.3622 0.5092 0.3612 0.1446 0.1575 0.2410 0.4215 0.4934 0.2696 0.1395 0.1745 0.2834 0.4848 0.4540 0.1778 0.1430 0.1993 0.3377 0.5077 0.4713 0.5077 0.3377 0.1993 0.1430 0.1778 0.4540 0.4848 0.2834 0.1745 0.1395 0.2696 0.4934 0.4215 0.2410 0.1575 0.1446 0.3612 0.5092 0.3622 0.2116 0.1473 0.1579 0.4193 0.5064 0.3212 0.1932 0.1419 0.1809 0.4518 0.4913 0.2953 0.1820 0.1399 0.2127 0.4704 0.4720 0.2776 0.1743 0.1394 0.2473 0.4836 0.4505 0.2624 0.1678 0.1399 0.2822 0.4937 0.4282 0.2488 0.1697
0.2550 0.4368 0.4901 0.2690 0.1396 0.1701 0.2679 0.4586 0.4791 0.2346 0.1395 0.1768 0.2833 0.4788 0.4652 0.2022 0.1403 0.1845 0.3007 0.4953 0.4468 0.1761 0.1425 0.1949 0.3244 0.5071 0.4169 0.1573 0.1474 0.2116 0.3614 0.5093 0.3642 0.1451 0.1567 0.2386 0.4165 0.4955 0.2787 0.1396 0.1725 0.2785 0.4793 0.4594 0.1845 0.1422 0.1963 0.3323 0.5090 0.4084 0.2225 0.4084 0.5090 0.3323 0.1963 0.1422 0.1845 0.4594 0.4793 0.2785 0.1725 0.1396 0.2787 0.4955 0.4165 0.2386 0.1567 0.1451 0.3642 0.5093 0.3614 0.2116 0.1474 0.1573 0.4169 0.5071 0.3244 0.1949 0.1425 0.1761 0.4468 0.4953 0.3007 0.1845 0.1403 0.2022 0.4652 0.4788 0.2833 0.1768 0.1395 0.2346 0.4791 0.4586 0.2679 0.1701 0.1396 0.2690 0.4901 0.4368 0.2550
0.4381 0.4864 0.2559 0.1395 0.1725 0.2735 0.4665 0.4743 0.2222 0.1396 0.1794 0.2891 0.4850 0.4595 0.1926 0.1408 0.1873 0.3067 0.4991 0.4409 0.1713 0.1432 0.1972 0.3287 0.5080 0.4130 0.1561 0.1478 0.2124 0.3622 0.5093 0.3652 0.1453 0.1562 0.2370 0.4129 0.4971 0.2861 0.1398 0.1708 0.2743 0.4739 0.4642 0.1918 0.1415 0.1934 0.3260 0.5085 0.4054 0.1544 0.1370 0.1544 0.4054 0.5085 0.3260 0.1934 0.1415 0.1918 0.4642 0.4739 0.2743 0.1708 0.1398 0.2861 0.4971 0.4129 0.2370 0.1562 0.1453 0.3652 0.5093 0.3622 0.2124 0.1478 0.1561 0.4130 0.5080 0.3287 0.1972 0.1432 0.1713 0.4409 0.4991 0.3067 0.1873 0.1408 0.1926 0.4595 0.4850 0.2891 0.1794 0.1396 0.2222 0.4743 0.4665 0.2735 0.1725 0.1395 0.2559 0.4864 0.4381
0.4841 0.2429 0.1394 0.1750 0.2792 0.4738 0.4692 0.2104 0.1400 0.1822 0.2952 0.4906 0.4535 0.1842 0.1414 0.1903 0.3131 0.5024 0.4341 0.1668 0.1440 0.1999 0.3341 0.5089 0.4077 0.1546 0.1484 0.2138 0.3644 0.5092 0.3642 0.1453 0.1561 0.2361 0.4106 0.4981 0.2916 0.1399 0.1695 0.2708 0.4690 0.4682 0.1992 0.1409 0.1907 0.3200 0.5072 0.4115 0.1542 0.1462 0.1755 0.1462 0.1542 0.4115 0.5072 0.3200 0.1907 0.1409 0.1992 0.4682 0.4690 0.2708 0.1695 0.1399 0.2916 0.4981 0.4106 0.2361 0.1561 0.1453 0.3642 0.5092 0.3644 0.2138 0.1484 0.1546 0.4077 0.5089 0.3341 0.1999 0.1440 0.1668 0.4341 0.5024 0.3131 0.1903 0.1414 0.1842 0.4535 0.4906 0.2952 0.1822 0.1400 0.2104 0.4692 0.4738 0.2792 0.1750 0.1394 0.2429 0.4841
0.2391 0.1395 0.1777 0.2851 0.4807 0.4636 0.1996 0.1404 0.1851 0.3016 0.4956 0.4470 0.1771 0.1422 0.1934 0.3197 0.5052 0.4267 0.1627 0.1451 0.2030 0.3402 0.5096 0.4011 0.1529 0.1492 0.2158 0.3680 0.5088 0.3612 0.1451 0.1562 0.2361 0.4098 0.4986 0.2950 0.1401 0.1685 0.2680 0.4648 0.4715 0.2063 0.1405 0.1883 0.3145 0.5055 0.4185 0.1562 0.1480 0.2094 0.2869 0.2094 0.1480 0.1562 0.4185 0.5055 0.3145 0.1883 0.1405 0.2063 0.4715 0.4648 0.2680 0.1685 0.1401 0.2950 0.4986 0.4098 0.2361 0.1562 0.1451 0.3612 0.5088 0.3680 0.2158 0.1492 0.1529 0.4011 0.5096 0.3402 0.2030 0.1451 0.1627 0.4267 0.5052 0.3197 0.1934 0.1422 0.1771 0.4470 0.4956 0.3016 0.1851 0.1404 0.1996 0.4636 0.4807 0.2851 0.1777 0.1395 0.2391
0.1512 0.1804 0.2912 0.4869 0.4577 0.1900 0.1410 0.1881 0.3081 0.4997 0.4401 0.1711 0.1431 0.1966 0.3265 0.5072 0.4189 0.1591 0.1462 0.2064 0.3470 0.5100 0.3934 0.1511 0.1502 0.2185 0.3728 0.5082 0.3564 0.1446 0.1567 0.2370 0.4106 0.4986 0.2962 0.1401 0.1679 0.2662 0.4615 0.4740 0.2125 0.1402 0.1863 0.3097 0.5035 0.4249 0.1587 0.1474 0.2124 0.3576 0.4862 0.3576 0.2124 0.1474 0.1587 0.4249 0.5035 0.3097 0.1863 0.1402 0.2125 0.4740 0.4615 0.2662 0.1679 0.1401 0.2962 0.4986 0.4106 0.2370 0.1567 0.1446 0.3564 0.5082 0.3728 0.2185 0.1502 0.1511 0.3934 0.5100 0.3470 0.2064 0.1462 0.1591 0.4189 0.5072 0.3265 0.1966 0.1431 0.1711 0.4401 0.4997 0.3081 0.1881 0.1410 0.1900 0.4577 0.4869 0.2912 0.1804 0.1512
0.1889 0.2975 0.4924 0.4514 0.1818 0.1417 0.1912 0.3148 0.5031 0.4327 0.1661 0.1441 0.1999 0.3335 0.5087 0.4107 0.1561 0.1474 0.2100 0.3543 0.5100 0.3848 0.1493 0.1514 0.2217 0.3787 0.5074 0.3498 0.1440 0.1575 0.2386 0.4129 0.4981 0.2950 0.1401 0.1677 0.2652 0.4595 0.4757 0.2173 0.1400 0.1847 0.3057 0.5013 0.4306 0.1614 0.1465 0.2103 0.3603 0.5083 0.4559 0.5083 0.3603 0.2103 0.1465 0.1614 0.4306 0.5013 0.3057 0.1847 0.1400 0.2173 0.4757 0.4595 0.2652 0.1677 0.1401 0.2950 0.4981 0.4129 0.2386 0.1575 0.1440 0.3498 0.5074 0.3787 0.2217 0.1514 0.1493 0.3848 0.5100 0.3543 0.2100 0.1474 0.1561 0.4107 0.5087 0.3335 0.1999 0.1441 0.1661 0.4327 0.5031 0.3148 0.1912 0.1417 0.1818 0.4514 0.4924 0.2975 0.1889
0.3023 0.4973 0.4447 0.1749 0.1425 0.1944 0.3216 0.5058 0.4249 0.1619 0.1452 0.2034 0.3407 0.5096 0.4021 0.1534 0.1487 0.2137 0.3619 0.5096 0.3752 0.1476 0.1528 0.2253 0.3854 0.5062 0.3417 0.1432 0.1586 0.2410 0.4165 0.4971 0.2916 0.1401 0.1679 0.2652 0.4588 0.4765 0.2204 0.1399 0.1835 0.3026 0.4993 0.4352 0.1640 0.1456 0.2076 0.3558 0.5094 0.3809 0.1896 0.3809 0.5094 0.3558 0.2076 0.1456 0.1640 0.4352 0.4993 0.3026 0.1835 0.1399 0.2204 0.4765 0.4588 0.2652 0.1679 0.1401 0.2916 0.4971 0.4165 0.2410 0.1586 0.1432 0.3417 0.5062 0.3854 0.2253 0.1528 0.1476 0.3752 0.5096 0.3619 0.2137 0.1487 0.1534 0.4021 0.5096 0.3407 0.2034 0.1452 0.1619 0.4249 0.5058 0.3216 0.1944 0.1425 0.1749 0.4447 0.4973 0.3023
0.4966 0.4376 0.1693 0.1434 0.1977 0.3287 0.5077 0.4167 0.1583 0.1464 0.2071 0.3482 0.5100 0.3929 0.1511 0.1500 0.2176 0.3697 0.5089 0.3650 0.1461 0.1544 0.2293 0.3929 0.5046 0.3321 0.1425 0.1599 0.2441 0.4215 0.4955 0.2861 0.1399 0.1685 0.2662 0.4595 0.4765 0.2214 0.1398 0.1827 0.3004 0.4977 0.4387 0.1664 0.1449 0.2053 0.3507 0.5099 0.3752 0.1473 0.1385 0.1473 0.3752 0.5099 0.3507 0.2053 0.1449 0.1664 0.4387 0.4977 0.3004 0.1827 0.1398 0.2214 0.4765 0.4595 0.2662 0.1685 0.1399 0.2861 0.4955 0.4215 0.2441 0.1599 0.1425 0.3321 0.5046 0.3929 0.2293 0.1544 0.1461 0.3650 0.5089 0.3697 0.2176 0.1500 0.1511 0.3929 0.5100 0.3482 0.2071 0.1464 0.1583 0.4167 0.5077 0.3287 0.1977 0.1434 0.1693 0.4376 0.4966
0.4338 0.1645 0.1445 0.2012 0.3359 0.5090 0.4081 0.1553 0.1477 0.2108 0.3559 0.5100 0.3833 0.1491 0.1515 0.2215 0.3776 0.5077 0.3544 0.1447 0.1560 0.2336 0.4009 0.5026 0.3214 0.1417 0.1615 0.2478 0.4276 0.4934 0.2787 0.1398 0.1695 0.2680 0.4615 0.4757 0.2204 0.1398 0.1825 0.2993 0.4966 0.4411 0.1684 0.1444 0.2033 0.3462 0.5100 0.3801 0.1472 0.1507 0.1844 0.1507 0.1472 0.3801 0.5100 0.3462 0.2033 0.1444 0.1684 0.4411 0.4966 0.2993 0.1825 0.1398 0.2204 0.4757 0.4615 0.2680 0.1695 0.1398 0.2787 0.4934 0.4276 0.2478 0.1615 0.1417 0.3214 0.5026 0.4009 0.2336 0.1560 0.1447 0.3544 0.5077 0.3776 0.2215 0.1515 0.1491 0.3833 0.5100 0.3559 0.2108 0.1477 0.1553 0.4081 0.5090 0.3359 0.2012 0.1445 0.1645 0.4338
0.1720 0.1457 0.2047 0.3433 0.5098 0.3991 0.1527 0.1491 0.2147 0.3638 0.5095 0.3731 0.1473 0.1530 0.2257 0.3856 0.5063 0.3434 0.1435 0.1577 0.2380 0.4092 0.5002 0.3099 0.1410 0.1633 0.2519 0.4344 0.4908 0.2696 0.1396 0.1708 0.2708 0.4648 0.4740 0.2173 0.1399 0.1827 0.2993 0.4963 0.4423 0.1697 0.1440 0.2019 0.3427 0.5100 0.3856 0.1481 0.1530 0.2228 0.3083 0.2228 0.1530 0.1481 0.3856 0.5100 0.3427 0.2019 0.1440 0.1697 0.4423 0.4963 0.2993 0.1827 0.1399 0.2173 0.4740 0.4648 0.2708 0.1708 0.1396 0.2696 0.4908 0.4344 0.2519 0.1633 0.1410 0.3099 0.5002 0.4092 0.2380 0.1577 0.1435 0.3434 0.5063 0.3856 0.2257 0.1530 0.1473 0.3731 0.5095 0.3638 0.2147 0.1491 0.1527 0.3991 0.5098 0.3433 0.2047 0.1457 0.1720
0.1566 0.2084 0.3509 0.5100 0.3896 0.1504 0.1505 0.2187 0.3719 0.5086 0.3625 0.1457 0.1547 0.2300 0.3939 0.5044 0.3320 0.1425 0.1596 0.2426 0.4176 0.4975 0.2976 0.1405 0.1653 0.2566 0.4418 0.4876 0.2592 0.1395 0.1725 0.2743 0.4690 0.4715 0.2125 0.1400 0.1835 0.3004 0.4966 0.4423 0.1701 0.1439 0.2010 0.3402 0.5099 0.3901 0.1491 0.1526 0.2269 0.3854 0.5007 0.3854 0.2269 0.1526 0.1491 0.3901 0.5099 0.3402 0.2010 0.1439 0.1701 0.4423 0.4966 0.3004 0.1835 0.1400 0.2125 0.4715 0.4690 0.2743 0.1725 0.1395 0.2592 0.4876 0.4418 0.2566 0.1653 0.1405 0.2976 0.4975 0.4176 0.2426 0.1596 0.1425 0.3320 0.5044 0.3939 0.2300 0.1547 0.1457 0.3625 0.5086 0.3719 0.2187 0.1505 0.1504 0.3896 0.5100 0.3509 0.2084 0.1566
0.2159 0.3587 0.5098 0.3798 0.1485 0.1520 0.2229 0.3800 0.5073 0.3515 0.1444 0.1564 0.2345 0.4024 0.5023 0.3202 0.1417 0.1615 0.2474 0.4259 0.4945 0.2850 0.1400 0.1674 0.2616 0.4495 0.4840 0.2479 0.1394 0.1745 0.2785 0.4739 0.4682 0.2063 0.1402 0.1847 0.3026 0.4977 0.4411 0.1697 0.1439 0.2008 0.3390 0.5098 0.3932 0.1498 0.1520 0.2257 0.3903 0.5044 0.4327 0.5044 0.3903 0.2257 0.1520 0.1498 0.3932 0.5098 0.3390 0.2008 0.1439 0.1697 0.4411 0.4977 0.3026 0.1847 0.1402 0.2063 0.4682 0.4739 0.2785 0.1745 0.1394 0.2479 0.4840 0.4495 0.2616 0.1674 0.1400 0.2850 0.4945 0.4259 0.2474 0.1615 0.1417 0.3202 0.5023 0.4024 0.2345 0.1564 0.1444 0.3515 0.5073 0.3800 0.2229 0.1520 0.1485 0.3798 0.5098 0.3587 0.2159
0.3620 0.5093 0.3694 0.1467 0.1536 0.2271 0.3884 0.5057 0.3401 0.1432 0.1582 0.2391 0.4110 0.4997 0.3078 0.1409 0.1635 0.2522 0.4343 0.4911 0.2723 0.1397 0.1696 0.2669 0.4574 0.4798 0.2360 0.1395 0.1767 0.2834 0.4793 0.4642 0.1992 0.1405 0.1863 0.3057 0.4993 0.4387 0.1684 0.1440 0.2010 0.3390 0.5097 0.3948 0.1503 0.1515 0.2242 0.3882 0.5045 0.3407 0.1634 0.3407 0.5045 0.3882 0.2242 0.1515 0.1503 0.3948 0.5097 0.3390 0.2010 0.1440 0.1684 0.4387 0.4993 0.3057 0.1863 0.1405 0.1992 0.4642 0.4793 0.2834 0.1767 0.1395 0.2360 0.4798 0.4574 0.2669 0.1696 0.1397 0.2723 0.4911 0.4343 0.2522 0.1635 0.1409 0.3078 0.4997 0.4110 0.2391 0.1582 0.1432 0.3401 0.5057 0.3884 0.2271 0.1536 0.1467 0.3694 0.5093 0.3620
0.5078 0.3587 0.1452 0.1553 0.2315 0.3968 0.5037 0.3282 0.1422 0.1601 0.2438 0.4196 0.4969 0.2951 0.1404 0.1656 0.2572 0.4425 0.4875 0.2595 0.1395 0.1720 0.2723 0.4650 0.4752 0.2240 0.1396 0.1791 0.2887 0.4848 0.4594 0.1918 0.1409 0.1883 0.3097 0.5013 0.4352 0.1664 0.1444 0.2019 0.3402 0.5098 0.3948 0.1505 0.1513 0.2232 0.3858 0.5051 0.3304 0.1417 0.1417 0.1417 0.3304 0.5051 0.3858 0.2232 0.1513 0.1505 0.3948 0.5098 0.3402 0.2019 0.1444 0.1664 0.4352 0.5013 0.3097 0.1883 0.1409 0.1918 0.4594 0.4848 0.2887 0.1791 0.1396 0.2240 0.4752 0.4650 0.2723 0.1720 0.1395 0.2595 0.4875 0.4425 0.2572 0.1656 0.1404 0.2951 0.4969 0.4196 0.2438 0.1601 0.1422 0.3282 0.5037 0.3968 0.2315 0.1553 0.1452 0.3587 0.5078
0.3532 0.1440 0.1570 0.2361 0.4054 0.5014 0.3160 0.1414 0.1621 0.2488 0.4282 0.4937 0.2821 0.1399 0.1678 0.2625 0.4506 0.4835 0.2468 0.1394 0.1744 0.2778 0.4723 0.4702 0.2124 0.1399 0.1818 0.2945 0.4901 0.4540 0.1845 0.1415 0.1907 0.3145 0.5035 0.4306 0.1640 0.1449 0.2033 0.3427 0.5099 0.3932 0.1503 0.1513 0.2229 0.3845 0.5055 0.3318 0.1419 0.1577 0.1975 0.1577 0.1419 0.3318 0.5055 0.3845 0.2229 0.1513 0.1503 0.3932 0.5099 0.3427 0.2033 0.1449 0.1640 0.4306 0.5035 0.3145 0.1907 0.1415 0.1845 0.4540 0.4901 0.2945 0.1818 0.1399 0.2124 0.4702 0.4723 0.2778 0.1744 0.1394 0.2468 0.4835 0.4506 0.2625 0.1678 0.1399 0.2821 0.4937 0.4282 0.2488 0.1621 0.1414 0.3160 0.5014 0.4054 0.2361 0.1570 0.1440 0.3532
0.1548 0.1589 0.2408 0.4140 0.4988 0.3034 0.1407 0.1642 0.2538 0.4368 0.4901 0.2690 0.1396 0.1701 0.2679 0.4587 0.4791 0.2343 0.1395 0.1769 0.2835 0.4790 0.4650 0.2019 0.1403 0.1846 0.3006 0.4949 0.4478 0.1778 0.1422 0.1934 0.3200 0.5055 0.4249 0.1614 0.1456 0.2053 0.3462 0.5100 0.3901 0.1498 0.1515 0.2232 0.3845 0.5057 0.3333 0.1421 0.1609 0.2423 0.3388 0.2423 0.1609 0.1421 0.3333 0.5057 0.3845 0.2232 0.1515 0.1498 0.3901 0.5100 0.3462 0.2053 0.1456 0.1614 0.4249 0.5055 0.3200 0.1934 0.1422 0.1778 0.4478 0.4949 0.3006 0.1846 0.1403 0.2019 0.4650 0.4790 0.2835 0.1769 0.1395 0.2343 0.4791 0.4587 0.2679 0.1701 0.1396 0.2690 0.4901 0.4368 0.2538 0.1642 0.1407 0.3034 0.4988 0.4140 0.2408 0.1589 0.1548
0.1686 0.2455 0.4225 0.4958 0.2907 0.1402 0.1663 0.2590 0.4451 0.4863 0.2560 0.1394 0.1725 0.2735 0.4665 0.4743 0.2221 0.1396 0.1794 0.2893 0.4851 0.4595 0.1925 0.1408 0.1874 0.3068 0.4991 0.4412 0.1719 0.1430 0.1963 0.3260 0.5072 0.4185 0.1587 0.1465 0.2076 0.3507 0.5100 0.3856 0.1491 0.1520 0.2242 0.3858 0.5055 0.3333 0.1422 0.1612 0.2484 0.4232 0.5075 0.4232 0.2484 0.1612 0.1422 0.3333 0.5055 0.3858 0.2242 0.1520 0.1491 0.3856 0.5100 0.3507 0.2076 0.1465 0.1587 0.4185 0.5072 0.3260 0.1963 0.1430 0.1719 0.4412 0.4991 0.3068 0.1874 0.1408 0.1925 0.4595 0.4851 0.2893 0.1794 0.1396 0.2221 0.4743 0.4665 0.2735 0.1725 0.1394 0.2560 0.4863 0.4451 0.2590 0.1663 0.1402 0.2907 0.4958 0.4225 0.2455 0.1686
0.2516 0.4308 0.4926 0.2782 0.1398 0.1684 0.2640 0.4530 0.4822 0.2435 0.1394 0.1749 0.2789 0.4735 0.4694 0.2109 0.1399 0.1820 0.2950 0.4905 0.4537 0.1844 0.1414 0.1902 0.3129 0.5023 0.4344 0.1670 0.1439 0.1993 0.3323 0.5085 0.4115 0.1562 0.1474 0.2103 0.3558 0.5099 0.3801 0.1481 0.1526 0.2257 0.3882 0.5051 0.3318 0.1421 0.1612 0.2489 0.4314 0.4927 0.3955 0.4927 0.4314 0.2489 0.1612 0.1421 0.3318 0.5051 0.3882 0.2257 0.1526 0.1481 0.3801 0.5099 0.3558 0.2103 0.1474 0.1562 0.4115 0.5085 0.3323 0.1993 0.1439 0.1670 0.4344 0.5023 0.3129 0.1902 0.1414 0.1844 0.4537 0.4905 0.2950 0.1820 0.1399 0.2109 0.4694 0.4735 0.2789 0.1749 0.1394 0.2435 0.4822 0.4530 0.2640 0.1684 0.1398 0.2782 0.4926 0.4308 0.2516
0.4301 0.4897 0.2681 0.1394 0.1700 0.2682 0.4592 0.4785 0.2335 0.1393 0.1767 0.2834 0.4787 0.4650 0.2024 0.1400 0.1840 0.2998 0.4941 0.4487 0.1786 0.1418 0.1924 0.3180 0.5043 0.4286 0.1635 0.1445 0.2017 0.3377 0.5090 0.4054 0.1542 0.1480 0.2124 0.3603 0.5094 0.3752 0.1472 0.1530 0.2269 0.3903 0.5045 0.3304 0.1419 0.1609 0.2484 0.4314 0.4907 0.2827 0.1475 0.2827 0.4907 0.4314 0.2484 0.1609 0.1419 0.3304 0.5045 0.3903 0.2269 0.1530 0.1472 0.3752 0.5094 0.3603 0.2124 0.1480 0.1542 0.4054 0.5090 0.3377 0.2017 0.1445 0.1635 0.4286 0.5043 0.3180 0.1924 0.1418 0.1786 0.4487 0.4941 0.2998 0.1840 0.1400 0.2024 0.4650 0.4787 0.2834 0.1767 0.1393 0.2335 0.4785 0.4592 0.2682 0.1700 0.1394 0.2681 0.4897 0.4301
0.4909 0.2732 0.1384 0.1677 0.2657 0.4573 0.4784 0.2380 0.1381 0.1743 0.2810 0.4768 0.4654 0.2060 0.1387 0.1815 0.2976 0.4924 0.4498 0.1808 0.1404 0.1897 0.3159 0.5027 0.4307 0.1644 0.1430 0.1990 0.3357 0.5077 0.4084 0.1544 0.1462 0.2094 0.3576 0.5083 0.3809 0.1473 0.1507 0.2228 0.3854 0.5044 0.3407 0.1417 0.1577 0.2423 0.4232 0.4927 0.2827 0.1378 0.1442 0.1378 0.2827 0.4927 0.4232 0.2423 0.1577 0.1417 0.3407 0.5044 0.3854 0.2228 0.1507 0.1473 0.3809 0.5083 0.3576 0.2094 0.1462 0.1544 0.4084 0.5077 0.3357 0.1990 0.1430 0.1644 0.4307 0.5027 0.3159 0.1897 0.1404 0.1808 0.4498 0.4924 0.2976 0.1815 0.1387 0.2060 0.4654 0.4768 0.2810 0.1743 0.1381 0.2380 0.4784 0.4573 0.2657 0.1677 0.1384 0.2732 0.4909
0.3867 0.1453 0.1480 0.2163 0.3758 0.5050 0.3572 0.1411 0.1521 0.2278 0.3985 0.5002 0.3272 0.1383 0.1567 0.2403 0.4216 0.4931 0.2943 0.1368 0.1621 0.2543 0.4451 0.4835 0.2584 0.1364 0.1684 0.2698 0.4673 0.4713 0.2225 0.1370 0.1755 0.2869 0.4862 0.4559 0.1896 0.1385 0.1844 0.3083 0.5007 0.4327 0.1634 0.1417 0.1975 0.3388 0.5075 0.3955 0.1475 0.1442 0.1717 0.1442 0.1475 0.3955 0.5075 0.3388 0.1975 0.1417 0.1634 0.4327 0.5007 0.3083 0.1844 0.1385 0.1896 0.4559 0.4862 0.2869 0.1755 0.1370 0.2225 0.4713 0.4673 0.2698 0.1684 0.1364 0.2584 0.4835 0.4451 0.2543 0.1621 0.1368 0.2943 0.4931 0.4216 0.2403 0.1567 0.1383 0.3272 0.5002 0.3985 0.2278 0.1521 0.1411 0.3572 0.5050 0.3758 0.2163 0.1480 0.1453 0.3867
0.4909 0.2732 0.1384 0.1677 0.2657 0.4573 0.4784 0.2380 0.1381 0.1743 0.2810 0.4768 0.4654 0.2060 0.1387 0.1815 0.2976 0.4924 0.4498 0.1808 0.1404 0.1897 0.3159 0.5027 0.4307 0.1644 0.1430 0.1990 0.3357 0.5077 0.4084 0.1544 0.1462 0.2094 0.3576 0.5083 0.3809 0.1473 0.1507 0.2228 0.3854 0.5044 0.3407 0.1417 0.1577 0.2423 0.4232 0.4927 0.2827 0.1378 0.1442 0.1378 0.2827 0.4927 0.4232 0.2423 0.1577 0.1417 0.3407 0.5044 0.3854 0.2228 0.1507 0.1473 0.3809 0.5083 0.3576 0.2094 0.1462 0.1544 0.4084 0.5077 0.3357 0.1990 0.1430 0.1644 0.4307 0.5027 0.3159 0.1897 0.1404 0.1808 0.4498 0.4924 0.2976 0.1815 0.1387 0.2060 0.4654 0.4768 0.2810 0.1743 0.1381 0.2380 0.4784 0.4573 0.2657 0.1677 0.1384 0.2732 0.4909
0.4301 0.4897 0.2681 0.1394 0.1700 0.2682 0.4592 0.4785 0.2335 0.1393 0.1767 0.2834 0.4787 0.4650 0.2024 0.1400 0.1840 0.2998 0.4941 0.4487 0.1786 0.1418 0.1924 0.3180 0.5043 0.4286 0.1635 0.1445 0.2017 0.3377 0.5090 0.4054 0.1542 0.1480 0.2124 0.3603 0.5094 0.3752 0.1472 0.1530 0.2269 0.3903 0.5045 0.3304 0.1419 0.1609 0.2484 0.4314 0.4907 0.2827 0.1475 0.2827 0.4907 0.4314 0.2484 0.1609 0.1419 0.3304 0.5045 0.3903 0.2269 0.1530 0.1472 0.3752 0.5094 0.3603 0.2124 0.1480 0.1542 0.4054 0.5090 0.3377 0.2017 0.1445 0.1635 0.4286 0.5043 0.3180 0.1924 0.1418 0.1786 0.4487 0.4941 0.2998 0.1840 0.1400 0.2024 0.4650 0.4787 0.2834 0.1767 0.1393 0.2335 0.4785 0.4592 0.2682 0.1700 0.1394 0.2681 0.4897 0.4301
0.2516 0.4308 0.4926 0.2782 0.1398 0.1684 0.2640 0.4530 0.4822 0.2435 0.1394 0.1749 0.2789 0.4735 0.4694 0.2109 0.1399 0.1820 0.2950 0.4905 0.4537 0.1844 0.1414 0.1902 0.3129 0.5023 0.4344 0.1670 0.1439 0.1993 0.3323 0.5085 0.4115 0.1562 0.1474 0.2103 0.3558 0.5099 0.3801 0.1481 0.1526 0.2257 0.3882 0.5051 0.3318 0.1421 0.1612 0.2489 0.4314 0.4927 0.3955 0.4927 0.4314 0.2489 0.1612 0.1421 0.3318 0.5051 0.3882 0.2257 0.1526 0.1481 0.3801 0.5099 0.3558 0.2103 0.1474 0.1562 0.4115 0.5085 0.3323 0.1993 0.1439 0.1670 0.4344 0.5023 0.3129 0.1902 0.1414 0.1844 0.4537 0.4905 0.2950 0.1820 0.1399 0.2109 0.4694 0.4735 0.2789 0.1749 0.1394 0.2435 0.4822 0.4530 0.2640 0.1684 0.1398 0.2782 0.4926 0.4308 0.2516
0.1686 0.2455 0.4225 0.4958 0.2907 0.1402 0.1663 0.2590 0.4451 0.4863 0.2560 0.1394 0.1725 0.2735 0.4665 0.4743 0.2221 0.1396 0.1794 0.2893 0.4851 0.4595 0.1925 0.1408 0.1874 0.3068 0.4991 0.4412 0.1719 0.1430 0.1963 0.3260 0.5072 0.4185 0.1587 0.1465 0.2076 0.3507 0.5100 0.3856 0.1491 0.1520 0.2242 0.3858 0.5055 0.3333 0.1422 0.1612 0.2484 0.4232 0.5075 0.4232 0.2484 0.1612 0.1422 0.3333 0.5055 0.3858 0.2242 0.1520 0.1491 0.3856 0.5100 0.3507 0.2076 0.1465 0.1587 0.4185 0.5072 0.3260 0.1963 0.1430 0.1719 0.4412 0.4991 0.3068 0.1874 0.1408 0.1925 0.4595 0.4851 0.2893 0.1794 0.1396 0.2221 0.4743 0.4665 0.2735 0.1725 0.1394 0.2560 0.4863 0.4451 0.2590 0.1663 0.1402 0.2907 0.4958 0.4225 0.2455 0.1686
0.1548 0.1589 0.2408 0.4140 0.4988 0.3034 0.1407 0.1642 0.2538 0.4368 0.4901 0.2690 0.1396 0.1701 0.2679 0.4587 0.4791 0.2343 0.1395 0.1769 0.2835 0.4790 0.4650 0.2019 0.1403 0.1846 0.3006 0.4949 0.4478 0.1778 0.1422 0.1934 0.3200 0.5055 0.4249 0.1614 0.1456 0.2053 0.3462 0.5100 0.3901 0.1498 0.1515 0.2232 0.3845 0.5057 0.3333 0.1421 0.1609 0.2423 0.3388 0.2423 0.1609 0.1421 0.3333 0.5057 0.3845 0.2232 0.1515 0.1498 0.3901 0.5100 0.3462 0.2053 0.1456 0.1614 0.4249 0.5055 0.3200 0.1934 0.1422 0.1778 0.4478 0.4949 0.3006 0.1846 0.1403 0.2019 0.4650 0.4790 0.2835 0.1769 0.1395 0.2343 0.4791 0.4587 0.2679 0.1701 0.1396 0.2690 0.4901 0.4368 0.2538 0.1642 0.1407 0.3034 0.4988 0.4140 0.2408 0.1589 0.1548
