0.0023 0.0288 0.3344 1.0000 1.0000 0.0005 0.0056 0.0647 0.7490 1.0000 0.0001 0.0011 0.0124 0.1437 1.0000 1.0000 0.0002 0.0024 0.0275 0.3183 1.0000 1.0000 0.0005 0.0053 0.0611 0.7061 1.0000 0.0001 0.0010 0.0117 0.1352 1.0000 1.0000 0.0002 0.0022 0.0260 0.3000 1.0000 1.0000 0.0004 0.0050 0.0576 0.6657 1.0000 0.0001 0.0010 0.0110 0.1270 1.0000 1.0000 1.0000 1.0000 1.0000 0.1270 0.0110 0.0010 0.0001 1.0000 0.6657 0.0576 0.0050 0.0004 1.0000 1.0000 0.3000 0.0260 0.0022 0.0002 1.0000 1.0000 0.1352 0.0117 0.0010 0.0001 1.0000 0.7061 0.0611 0.0053 0.0005 1.0000 1.0000 0.3183 0.0275 0.0024 0.0002 1.0000 1.0000 0.1437 0.0124 0.0011 0.0001 1.0000 0.7490 0.0647 0.0056 0.0005 1.0000 1.0000 0.3344 0.0288 0.0023
0.0288 0.3467 1.0000 1.0000 0.0005 0.0056 0.0642 0.7433 1.0000 0.0001 0.0011 0.0123 0.1424 1.0000 1.0000 0.0002 0.0024 0.0273 0.3158 1.0000 1.0000 0.0005 0.0052 0.0605 0.6994 1.0000 0.0001 0.0010 0.0116 0.1342 1.0000 1.0000 0.0002 0.0022 0.0257 0.2978 1.0000 1.0000 0.0004 0.0049 0.0570 0.6594 1.0000 0.0001 0.0009 0.0109 0.1263 1.0000 1.0000 0.0002 0.0007 0.0002 1.0000 1.0000 0.1263 0.0109 0.0009 0.0001 1.0000 0.6594 0.0570 0.0049 0.0004 1.0000 1.0000 0.2978 0.0257 0.0022 0.0002 1.0000 1.0000 0.1342 0.0116 0.0010 0.0001 1.0000 0.6994 0.0605 0.0052 0.0005 1.0000 1.0000 0.3158 0.0273 0.0024 0.0002 1.0000 1.0000 0.1424 0.0123 0.0011 0.0001 1.0000 0.7433 0.0642 0.0056 0.0005 1.0000 1.0000 0.3467 0.0288
0.3344 1.0000 1.0000 0.0005 0.0052 0.0594 0.6823 1.0000 0.0001 0.0010 0.0112 0.1299 1.0000 1.0000 0.0002 0.0021 0.0249 0.2877 1.0000 1.0000 0.0004 0.0048 0.0551 0.6384 1.0000 0.0001 0.0009 0.0106 0.1223 1.0000 1.0000 0.0002 0.0020 0.0235 0.2713 1.0000 1.0000 0.0004 0.0045 0.0520 0.6018 1.0000 0.0001 0.0009 0.0100 0.1153 1.0000 1.0000 0.0002 0.0017 0.0075 0.0017 0.0002 1.0000 1.0000 0.1153 0.0100 0.0009 0.0001 1.0000 0.6018 0.0520 0.0045 0.0004 1.0000 1.0000 0.2713 0.0235 0.0020 0.0002 1.0000 1.0000 0.1223 0.0106 0.0009 0.0001 1.0000 0.6384 0.0551 0.0048 0.0004 1.0000 1.0000 0.2877 0.0249 0.0021 0.0002 1.0000 1.0000 0.1299 0.0112 0.0010 0.0001 1.0000 0.6823 0.0594 0.0052 0.0005 1.0000 1.0000 0.3344
1.0000 1.0000 0.0005 0.0050 0.0566 0.6408 1.0000 0.0001 0.0009 0.0103 0.1188 1.0000 1.0000 0.0002 0.0020 0.0227 0.2626 1.0000 1.0000 0.0004 0.0044 0.0503 0.5816 1.0000 0.0001 0.0008 0.0096 0.1116 1.0000 1.0000 0.0002 0.0018 0.0214 0.2476 1.0000 1.0000 0.0004 0.0041 0.0474 0.5483 1.0000 0.0001 0.0008 0.0091 0.1052 1.0000 1.0000 0.0001 0.0017 0.0176 0.0788 0.0176 0.0017 0.0001 1.0000 1.0000 0.1052 0.0091 0.0008 0.0001 1.0000 0.5483 0.0474 0.0041 0.0004 1.0000 1.0000 0.2476 0.0214 0.0018 0.0002 1.0000 1.0000 0.1116 0.0096 0.0008 0.0001 1.0000 0.5816 0.0503 0.0044 0.0004 1.0000 1.0000 0.2626 0.0227 0.0020 0.0002 1.0000 1.0000 0.1188 0.0103 0.0009 0.0001 1.0000 0.6408 0.0566 0.0050 0.0005 1.0000 1.0000
1.0000 0.0005 0.0052 0.0566 0.6264 1.0000 0.0001 0.0008 0.0095 0.1097 1.0000 1.0000 0.0002 0.0018 0.0207 0.2397 1.0000 1.0000 0.0003 0.0040 0.0459 0.5308 1.0000 1.0000 0.0008 0.0088 0.1017 1.0000 1.0000 0.0001 0.0017 0.0195 0.2256 1.0000 1.0000 0.0003 0.0037 0.0433 0.5004 1.0000 1.0000 0.0007 0.0083 0.0959 1.0000 1.0000 0.0001 0.0016 0.0179 0.1862 0.8315 0.1862 0.0179 0.0016 0.0001 1.0000 1.0000 0.0959 0.0083 0.0007 1.0000 1.0000 0.5004 0.0433 0.0037 0.0003 1.0000 1.0000 0.2256 0.0195 0.0017 0.0001 1.0000 1.0000 0.1017 0.0088 0.0008 1.0000 1.0000 0.5308 0.0459 0.0040 0.0003 1.0000 1.0000 0.2397 0.0207 0.0018 0.0002 1.0000 1.0000 0.1097 0.0095 0.0008 0.0001 1.0000 0.6264 0.0566 0.0052 0.0005 1.0000
0.0005 0.0056 0.0594 0.6408 1.0000 0.0001 0.0008 0.0090 0.1028 1.0000 1.0000 0.0001 0.0016 0.0190 0.2192 1.0000 1.0000 0.0003 0.0036 0.0418 0.4845 1.0000 1.0000 0.0007 0.0080 0.0928 1.0000 1.0000 0.0001 0.0015 0.0178 0.2059 1.0000 1.0000 0.0003 0.0034 0.0394 0.4568 1.0000 1.0000 0.0007 0.0076 0.0875 1.0000 1.0000 0.0001 0.0014 0.0167 0.1890 1.0000 1.0000 1.0000 0.1890 0.0167 0.0014 0.0001 1.0000 1.0000 0.0875 0.0076 0.0007 1.0000 1.0000 0.4568 0.0394 0.0034 0.0003 1.0000 1.0000 0.2059 0.0178 0.0015 0.0001 1.0000 1.0000 0.0928 0.0080 0.0007 1.0000 1.0000 0.4845 0.0418 0.0036 0.0003 1.0000 1.0000 0.2192 0.0190 0.0016 0.0001 1.0000 1.0000 0.1028 0.0090 0.0008 0.0001 1.0000 0.6408 0.0594 0.0056 0.0005
0.0056 0.0642 0.6823 1.0000 0.0001 0.0008 0.0089 0.0992 1.0000 1.0000 0.0001 0.0015 0.0175 0.2020 1.0000 1.0000 0.0003 0.0033 0.0383 0.4423 1.0000 1.0000 0.0006 0.0073 0.0847 0.9793 1.0000 0.0001 0.0014 0.0162 0.1876 1.0000 1.0000 0.0003 0.0031 0.0360 0.4161 1.0000 1.0000 0.0006 0.0069 0.0797 0.9232 1.0000 0.0001 0.0013 0.0153 0.1758 1.0000 1.0000 0.0001 1.0000 1.0000 0.1758 0.0153 0.0013 0.0001 1.0000 0.9232 0.0797 0.0069 0.0006 1.0000 1.0000 0.4161 0.0360 0.0031 0.0003 1.0000 1.0000 0.1876 0.0162 0.0014 0.0001 1.0000 0.9793 0.0847 0.0073 0.0006 1.0000 1.0000 0.4423 0.0383 0.0033 0.0003 1.0000 1.0000 0.2020 0.0175 0.0015 0.0001 1.0000 1.0000 0.0992 0.0089 0.0008 0.0001 1.0000 0.6823 0.0642 0.0056
0.0647 0.7433 1.0000 0.0001 0.0008 0.0090 0.0992 1.0000 1.0000 0.0001 0.0014 0.0164 0.1879 1.0000 1.0000 0.0003 0.0030 0.0350 0.4044 1.0000 1.0000 0.0006 0.0067 0.0772 0.8939 1.0000 0.0001 0.0013 0.0148 0.1712 1.0000 1.0000 0.0002 0.0028 0.0328 0.3798 1.0000 1.0000 0.0005 0.0063 0.0728 0.8411 1.0000 0.0001 0.0012 0.0139 0.1611 1.0000 1.0000 0.0002 0.0009 0.0002 1.0000 1.0000 0.1611 0.0139 0.0012 0.0001 1.0000 0.8411 0.0728 0.0063 0.0005 1.0000 1.0000 0.3798 0.0328 0.0028 0.0002 1.0000 1.0000 0.1712 0.0148 0.0013 0.0001 1.0000 0.8939 0.0772 0.0067 0.0006 1.0000 1.0000 0.4044 0.0350 0.0030 0.0003 1.0000 1.0000 0.1879 0.0164 0.0014 0.0001 1.0000 1.0000 0.0992 0.0090 0.0008 0.0001 1.0000 0.7433 0.0647
0.7490 1.0000 0.0001 0.0009 0.0095 0.1028 1.0000 1.0000 0.0001 0.0014 0.0157 0.1778 1.0000 1.0000 0.0002 0.0028 0.0322 0.3713 1.0000 1.0000 0.0005 0.0061 0.0706 0.8159 1.0000 0.0001 0.0012 0.0135 0.1560 1.0000 1.0000 0.0002 0.0026 0.0299 0.3460 1.0000 1.0000 0.0005 0.0057 0.0664 0.7677 1.0000 0.0001 0.0011 0.0127 0.1470 1.0000 1.0000 0.0002 0.0021 0.0095 0.0021 0.0002 1.0000 1.0000 0.1470 0.0127 0.0011 0.0001 1.0000 0.7677 0.0664 0.0057 0.0005 1.0000 1.0000 0.3460 0.0299 0.0026 0.0002 1.0000 1.0000 0.1560 0.0135 0.0012 0.0001 1.0000 0.8159 0.0706 0.0061 0.0005 1.0000 1.0000 0.3713 0.0322 0.0028 0.0002 1.0000 1.0000 0.1778 0.0157 0.0014 0.0001 1.0000 1.0000 0.1028 0.0095 0.0009 0.0001 1.0000 0.7490
1.0000 0.0001 0.0010 0.0103 0.1097 1.0000 1.0000 0.0001 0.0014 0.0155 0.1725 1.0000 1.0000 0.0002 0.0026 0.0299 0.3434 1.0000 1.0000 0.0005 0.0056 0.0645 0.7461 1.0000 0.0001 0.0011 0.0123 0.1426 1.0000 1.0000 0.0002 0.0024 0.0273 0.3158 1.0000 1.0000 0.0005 0.0052 0.0605 0.7007 1.0000 0.0001 0.0010 0.0116 0.1342 1.0000 1.0000 0.0002 0.0022 0.0225 0.1005 0.0225 0.0022 0.0002 1.0000 1.0000 0.1342 0.0116 0.0010 0.0001 1.0000 0.7007 0.0605 0.0052 0.0005 1.0000 1.0000 0.3158 0.0273 0.0024 0.0002 1.0000 1.0000 0.1426 0.0123 0.0011 0.0001 1.0000 0.7461 0.0645 0.0056 0.0005 1.0000 1.0000 0.3434 0.0299 0.0026 0.0002 1.0000 1.0000 0.1725 0.0155 0.0014 0.0001 1.0000 1.0000 0.1097 0.0103 0.0010 0.0001 1.0000
0.0001 0.0011 0.0112 0.1188 1.0000 1.0000 0.0001 0.0014 0.0157 0.1725 1.0000 1.0000 0.0002 0.0025 0.0282 0.3213 1.0000 1.0000 0.0004 0.0051 0.0592 0.6836 1.0000 0.0001 0.0010 0.0113 0.1302 1.0000 1.0000 0.0002 0.0022 0.0249 0.2877 1.0000 1.0000 0.0004 0.0048 0.0552 0.6384 1.0000 0.0001 0.0009 0.0106 0.1225 1.0000 1.0000 0.0002 0.0020 0.0228 0.2379 1.0000 0.2379 0.0228 0.0020 0.0002 1.0000 1.0000 0.1225 0.0106 0.0009 0.0001 1.0000 0.6384 0.0552 0.0048 0.0004 1.0000 1.0000 0.2877 0.0249 0.0022 0.0002 1.0000 1.0000 0.1302 0.0113 0.0010 0.0001 1.0000 0.6836 0.0592 0.0051 0.0004 1.0000 1.0000 0.3213 0.0282 0.0025 0.0002 1.0000 1.0000 0.1725 0.0157 0.0014 0.0001 1.0000 1.0000 0.1188 0.0112 0.0011 0.0001
0.0011 0.0123 0.1299 1.0000 1.0000 0.0001 0.0015 0.0164 0.1778 1.0000 1.0000 0.0002 0.0024 0.0272 0.3064 1.0000 1.0000 0.0004 0.0048 0.0548 0.6299 1.0000 0.0001 0.0009 0.0103 0.1191 1.0000 1.0000 0.0002 0.0020 0.0227 0.2631 1.0000 1.0000 0.0004 0.0044 0.0503 0.5827 1.0000 0.0001 0.0008 0.0097 0.1116 1.0000 1.0000 0.0002 0.0018 0.0213 0.2411 1.0000 1.0000 1.0000 0.2411 0.0213 0.0018 0.0002 1.0000 1.0000 0.1116 0.0097 0.0008 0.0001 1.0000 0.5827 0.0503 0.0044 0.0004 1.0000 1.0000 0.2631 0.0227 0.0020 0.0002 1.0000 1.0000 0.1191 0.0103 0.0009 0.0001 1.0000 0.6299 0.0548 0.0048 0.0004 1.0000 1.0000 0.3064 0.0272 0.0024 0.0002 1.0000 1.0000 0.1778 0.0164 0.0015 0.0001 1.0000 1.0000 0.1299 0.0123 0.0011
0.0124 0.1424 1.0000 1.0000 0.0002 0.0016 0.0175 0.1879 1.0000 1.0000 0.0002 0.0024 0.0268 0.2983 1.0000 1.0000 0.0004 0.0045 0.0511 0.5849 1.0000 0.0001 0.0008 0.0095 0.1091 1.0000 1.0000 0.0002 0.0018 0.0208 0.2402 1.0000 1.0000 0.0003 0.0040 0.0459 0.5308 1.0000 1.0000 0.0008 0.0088 0.1019 1.0000 1.0000 0.0001 0.0017 0.0195 0.2247 1.0000 1.0000 0.0001 1.0000 1.0000 0.2247 0.0195 0.0017 0.0001 1.0000 1.0000 0.1019 0.0088 0.0008 1.0000 1.0000 0.5308 0.0459 0.0040 0.0003 1.0000 1.0000 0.2402 0.0208 0.0018 0.0002 1.0000 1.0000 0.1091 0.0095 0.0008 0.0001 1.0000 0.5849 0.0511 0.0045 0.0004 1.0000 1.0000 0.2983 0.0268 0.0024 0.0002 1.0000 1.0000 0.1879 0.0175 0.0016 0.0002 1.0000 1.0000 0.1424 0.0124
0.1437 1.0000 1.0000 0.0002 0.0018 0.0190 0.2020 1.0000 1.0000 0.0002 0.0025 0.0272 0.2983 1.0000 1.0000 0.0004 0.0043 0.0484 0.5493 1.0000 1.0000 0.0008 0.0087 0.1003 1.0000 1.0000 0.0001 0.0016 0.0190 0.2196 1.0000 1.0000 0.0003 0.0036 0.0420 0.4854 1.0000 1.0000 0.0007 0.0080 0.0928 1.0000 1.0000 0.0001 0.0015 0.0178 0.2055 1.0000 1.0000 0.0003 0.0012 0.0003 1.0000 1.0000 0.2055 0.0178 0.0015 0.0001 1.0000 1.0000 0.0928 0.0080 0.0007 1.0000 1.0000 0.4854 0.0420 0.0036 0.0003 1.0000 1.0000 0.2196 0.0190 0.0016 0.0001 1.0000 1.0000 0.1003 0.0087 0.0008 1.0000 1.0000 0.5493 0.0484 0.0043 0.0004 1.0000 1.0000 0.2983 0.0272 0.0025 0.0002 1.0000 1.0000 0.2020 0.0190 0.0018 0.0002 1.0000 1.0000 0.1437
1.0000 1.0000 0.0002 0.0020 0.0207 0.2192 1.0000 1.0000 0.0002 0.0026 0.0282 0.3064 1.0000 1.0000 0.0004 0.0042 0.0467 0.5258 1.0000 1.0000 0.0007 0.0081 0.0930 1.0000 1.0000 0.0001 0.0015 0.0174 0.2012 1.0000 1.0000 0.0003 0.0033 0.0384 0.4439 1.0000 1.0000 0.0006 0.0073 0.0847 0.9793 1.0000 0.0001 0.0014 0.0162 0.1879 1.0000 1.0000 0.0003 0.0027 0.0122 0.0027 0.0003 1.0000 1.0000 0.1879 0.0162 0.0014 0.0001 1.0000 0.9793 0.0847 0.0073 0.0006 1.0000 1.0000 0.4439 0.0384 0.0033 0.0003 1.0000 1.0000 0.2012 0.0174 0.0015 0.0001 1.0000 1.0000 0.0930 0.0081 0.0007 1.0000 1.0000 0.5258 0.0467 0.0042 0.0004 1.0000 1.0000 0.3064 0.0282 0.0026 0.0002 1.0000 1.0000 0.2192 0.0207 0.0020 0.0002 1.0000 1.0000
1.0000 0.0002 0.0021 0.0227 0.2397 1.0000 1.0000 0.0003 0.0028 0.0299 0.3213 1.0000 1.0000 0.0004 0.0042 0.0462 0.5139 1.0000 1.0000 0.0007 0.0077 0.0872 0.9962 1.0000 0.0001 0.0014 0.0160 0.1844 1.0000 1.0000 0.0003 0.0030 0.0351 0.4060 1.0000 1.0000 0.0006 0.0067 0.0775 0.8956 1.0000 0.0001 0.0013 0.0148 0.1712 1.0000 1.0000 0.0002 0.0028 0.0288 0.1285 0.0288 0.0028 0.0002 1.0000 1.0000 0.1712 0.0148 0.0013 0.0001 1.0000 0.8956 0.0775 0.0067 0.0006 1.0000 1.0000 0.4060 0.0351 0.0030 0.0003 1.0000 1.0000 0.1844 0.0160 0.0014 0.0001 1.0000 0.9962 0.0872 0.0077 0.0007 1.0000 1.0000 0.5139 0.0462 0.0042 0.0004 1.0000 1.0000 0.3213 0.0299 0.0028 0.0003 1.0000 1.0000 0.2397 0.0227 0.0021 0.0002 1.0000
0.0002 0.0024 0.0249 0.2626 1.0000 1.0000 0.0003 0.0030 0.0322 0.3434 1.0000 1.0000 0.0004 0.0043 0.0467 0.5139 1.0000 1.0000 0.0007 0.0073 0.0830 0.9392 1.0000 0.0001 0.0013 0.0148 0.1702 1.0000 1.0000 0.0002 0.0028 0.0321 0.3713 1.0000 1.0000 0.0005 0.0061 0.0708 0.8190 1.0000 0.0001 0.0012 0.0135 0.1563 1.0000 1.0000 0.0002 0.0026 0.0292 0.3035 1.0000 0.3035 0.0292 0.0026 0.0002 1.0000 1.0000 0.1563 0.0135 0.0012 0.0001 1.0000 0.8190 0.0708 0.0061 0.0005 1.0000 1.0000 0.3713 0.0321 0.0028 0.0002 1.0000 1.0000 0.1702 0.0148 0.0013 0.0001 1.0000 0.9392 0.0830 0.0073 0.0007 1.0000 1.0000 0.5139 0.0467 0.0043 0.0004 1.0000 1.0000 0.3434 0.0322 0.0030 0.0003 1.0000 1.0000 0.2626 0.0249 0.0024 0.0002
0.0024 0.0273 0.2877 1.0000 1.0000 0.0003 0.0033 0.0350 0.3713 1.0000 1.0000 0.0004 0.0045 0.0484 0.5258 1.0000 1.0000 0.0006 0.0072 0.0803 0.9007 1.0000 0.0001 0.0012 0.0138 0.1581 1.0000 1.0000 0.0002 0.0025 0.0294 0.3395 1.0000 1.0000 0.0005 0.0056 0.0648 0.7490 1.0000 0.0001 0.0011 0.0124 0.1429 1.0000 1.0000 0.0002 0.0024 0.0272 0.3081 1.0000 1.0000 1.0000 0.3081 0.0272 0.0024 0.0002 1.0000 1.0000 0.1429 0.0124 0.0011 0.0001 1.0000 0.7490 0.0648 0.0056 0.0005 1.0000 1.0000 0.3395 0.0294 0.0025 0.0002 1.0000 1.0000 0.1581 0.0138 0.0012 0.0001 1.0000 0.9007 0.0803 0.0072 0.0006 1.0000 1.0000 0.5258 0.0484 0.0045 0.0004 1.0000 1.0000 0.3713 0.0350 0.0033 0.0003 1.0000 1.0000 0.2877 0.0273 0.0024
0.0275 0.3158 1.0000 1.0000 0.0003 0.0036 0.0383 0.4044 1.0000 1.0000 0.0004 0.0048 0.0511 0.5493 1.0000 1.0000 0.0007 0.0072 0.0794 0.8820 1.0000 0.0001 0.0012 0.0131 0.1484 1.0000 1.0000 0.0002 0.0024 0.0271 0.3123 1.0000 1.0000 0.0004 0.0051 0.0592 0.6849 1.0000 0.0001 0.0010 0.0113 0.1307 1.0000 1.0000 0.0002 0.0022 0.0249 0.2872 1.0000 1.0000 0.0001 1.0000 1.0000 0.2872 0.0249 0.0022 0.0002 1.0000 1.0000 0.1307 0.0113 0.0010 0.0001 1.0000 0.6849 0.0592 0.0051 0.0004 1.0000 1.0000 0.3123 0.0271 0.0024 0.0002 1.0000 1.0000 0.1484 0.0131 0.0012 0.0001 1.0000 0.8820 0.0794 0.0072 0.0007 1.0000 1.0000 0.5493 0.0511 0.0048 0.0004 1.0000 1.0000 0.4044 0.0383 0.0036 0.0003 1.0000 1.0000 0.3158 0.0275
0.3183 1.0000 1.0000 0.0004 0.0040 0.0418 0.4423 1.0000 1.0000 0.0005 0.0051 0.0548 0.5849 1.0000 1.0000 0.0007 0.0073 0.0803 0.8820 1.0000 0.0001 0.0011 0.0126 0.1418 1.0000 1.0000 0.0002 0.0022 0.0251 0.2883 1.0000 1.0000 0.0004 0.0047 0.0542 0.6264 1.0000 0.0001 0.0009 0.0103 0.1195 1.0000 1.0000 0.0002 0.0020 0.0228 0.2636 1.0000 1.0000 0.0003 0.0015 0.0003 1.0000 1.0000 0.2636 0.0228 0.0020 0.0002 1.0000 1.0000 0.1195 0.0103 0.0009 0.0001 1.0000 0.6264 0.0542 0.0047 0.0004 1.0000 1.0000 0.2883 0.0251 0.0022 0.0002 1.0000 1.0000 0.1418 0.0126 0.0011 0.0001 1.0000 0.8820 0.0803 0.0073 0.0007 1.0000 1.0000 0.5849 0.0548 0.0051 0.0005 1.0000 1.0000 0.4423 0.0418 0.0040 0.0004 1.0000 1.0000 0.3183
1.0000 1.0000 0.0004 0.0044 0.0459 0.4845 1.0000 1.0000 0.0005 0.0056 0.0592 0.6299 1.0000 1.0000 0.0007 0.0077 0.0830 0.9007 1.0000 0.0001 0.0011 0.0123 0.1376 1.0000 1.0000 0.0002 0.0021 0.0236 0.2687 1.0000 1.0000 0.0004 0.0043 0.0497 0.5739 1.0000 0.0001 0.0008 0.0095 0.1093 1.0000 1.0000 0.0002 0.0018 0.0209 0.2411 1.0000 1.0000 0.0003 0.0035 0.0156 0.0035 0.0003 1.0000 1.0000 0.2411 0.0209 0.0018 0.0002 1.0000 1.0000 0.1093 0.0095 0.0008 0.0001 1.0000 0.5739 0.0497 0.0043 0.0004 1.0000 1.0000 0.2687 0.0236 0.0021 0.0002 1.0000 1.0000 0.1376 0.0123 0.0011 0.0001 1.0000 0.9007 0.0830 0.0077 0.0007 1.0000 1.0000 0.6299 0.0592 0.0056 0.0005 1.0000 1.0000 0.4845 0.0459 0.0044 0.0004 1.0000 1.0000
1.0000 0.0005 0.0048 0.0503 0.5308 1.0000 1.0000 0.0006 0.0061 0.0645 0.6836 1.0000 0.0001 0.0008 0.0081 0.0872 0.9392 1.0000 0.0001 0.0011 0.0123 0.1363 1.0000 1.0000 0.0002 0.0020 0.0223 0.2533 1.0000 1.0000 0.0003 0.0040 0.0459 0.5278 1.0000 1.0000 0.0007 0.0086 0.0999 1.0000 1.0000 0.0001 0.0016 0.0191 0.2205 1.0000 1.0000 0.0003 0.0036 0.0369 0.1648 0.0369 0.0036 0.0003 1.0000 1.0000 0.2205 0.0191 0.0016 0.0001 1.0000 1.0000 0.0999 0.0086 0.0007 1.0000 1.0000 0.5278 0.0459 0.0040 0.0003 1.0000 1.0000 0.2533 0.0223 0.0020 0.0002 1.0000 1.0000 0.1363 0.0123 0.0011 0.0001 1.0000 0.9392 0.0872 0.0081 0.0008 0.0001 1.0000 0.6836 0.0645 0.0061 0.0006 1.0000 1.0000 0.5308 0.0503 0.0048 0.0005 1.0000
0.0005 0.0052 0.0551 0.5816 1.0000 1.0000 0.0006 0.0067 0.0706 0.7461 1.0000 0.0001 0.0008 0.0087 0.0930 0.9962 1.0000 0.0001 0.0012 0.0126 0.1376 1.0000 1.0000 0.0002 0.0019 0.0215 0.2420 1.0000 1.0000 0.0003 0.0037 0.0426 0.4892 1.0000 1.0000 0.0007 0.0079 0.0916 1.0000 1.0000 0.0001 0.0015 0.0174 0.2016 1.0000 1.0000 0.0003 0.0033 0.0375 0.3901 1.0000 0.3901 0.0375 0.0033 0.0003 1.0000 1.0000 0.2016 0.0174 0.0015 0.0001 1.0000 1.0000 0.0916 0.0079 0.0007 1.0000 1.0000 0.4892 0.0426 0.0037 0.0003 1.0000 1.0000 0.2420 0.0215 0.0019 0.0002 1.0000 1.0000 0.1376 0.0126 0.0012 0.0001 1.0000 0.9962 0.0930 0.0087 0.0008 0.0001 1.0000 0.7461 0.0706 0.0067 0.0006 1.0000 1.0000 0.5816 0.0551 0.0052 0.0005
0.0053 0.0605 0.6384 1.0000 1.0000 0.0007 0.0073 0.0772 0.8159 1.0000 0.0001 0.0009 0.0095 0.1003 1.0000 1.0000 0.0001 0.0012 0.0131 0.1418 1.0000 1.0000 0.0002 0.0019 0.0211 0.2357 1.0000 1.0000 0.0003 0.0035 0.0400 0.4568 1.0000 1.0000 0.0006 0.0073 0.0841 0.9700 1.0000 0.0001 0.0014 0.0159 0.1844 1.0000 1.0000 0.0003 0.0030 0.0350 0.3968 1.0000 1.0000 1.0000 0.3968 0.0350 0.0030 0.0003 1.0000 1.0000 0.1844 0.0159 0.0014 0.0001 1.0000 0.9700 0.0841 0.0073 0.0006 1.0000 1.0000 0.4568 0.0400 0.0035 0.0003 1.0000 1.0000 0.2357 0.0211 0.0019 0.0002 1.0000 1.0000 0.1418 0.0131 0.0012 0.0001 1.0000 1.0000 0.1003 0.0095 0.0009 0.0001 1.0000 0.8159 0.0772 0.0073 0.0007 1.0000 1.0000 0.6384 0.0605 0.0053
0.0611 0.6994 1.0000 0.0001 0.0008 0.0080 0.0847 0.8939 1.0000 0.0001 0.0010 0.0103 0.1091 1.0000 1.0000 0.0001 0.0013 0.0138 0.1484 1.0000 1.0000 0.0002 0.0019 0.0211 0.2330 1.0000 1.0000 0.0003 0.0034 0.0380 0.4315 1.0000 1.0000 0.0006 0.0068 0.0778 0.8939 1.0000 0.0001 0.0013 0.0146 0.1686 1.0000 1.0000 0.0002 0.0028 0.0321 0.3699 1.0000 1.0000 0.0002 1.0000 1.0000 0.3699 0.0321 0.0028 0.0002 1.0000 1.0000 0.1686 0.0146 0.0013 0.0001 1.0000 0.8939 0.0778 0.0068 0.0006 1.0000 1.0000 0.4315 0.0380 0.0034 0.0003 1.0000 1.0000 0.2330 0.0211 0.0019 0.0002 1.0000 1.0000 0.1484 0.0138 0.0013 0.0001 1.0000 1.0000 0.1091 0.0103 0.0010 0.0001 1.0000 0.8939 0.0847 0.0080 0.0008 0.0001 1.0000 0.6994 0.0611
0.7061 1.0000 0.0001 0.0008 0.0088 0.0928 0.9793 1.0000 0.0001 0.0011 0.0113 0.1191 1.0000 1.0000 0.0001 0.0014 0.0148 0.1581 1.0000 1.0000 0.0002 0.0020 0.0215 0.2357 1.0000 1.0000 0.0003 0.0033 0.0368 0.4138 1.0000 1.0000 0.0006 0.0063 0.0723 0.8284 1.0000 0.0001 0.0012 0.0134 0.1545 1.0000 1.0000 0.0002 0.0025 0.0294 0.3395 1.0000 1.0000 0.0004 0.0019 0.0004 1.0000 1.0000 0.3395 0.0294 0.0025 0.0002 1.0000 1.0000 0.1545 0.0134 0.0012 0.0001 1.0000 0.8284 0.0723 0.0063 0.0006 1.0000 1.0000 0.4138 0.0368 0.0033 0.0003 1.0000 1.0000 0.2357 0.0215 0.0020 0.0002 1.0000 1.0000 0.1581 0.0148 0.0014 0.0001 1.0000 1.0000 0.1191 0.0113 0.0011 0.0001 1.0000 0.9793 0.0928 0.0088 0.0008 0.0001 1.0000 0.7061
1.0000 0.0001 0.0009 0.0096 0.1017 1.0000 1.0000 0.0001 0.0012 0.0123 0.1302 1.0000 1.0000 0.0001 0.0015 0.0160 0.1702 1.0000 1.0000 0.0002 0.0021 0.0223 0.2420 1.0000 1.0000 0.0003 0.0032 0.0361 0.4029 1.0000 1.0000 0.0005 0.0060 0.0681 0.7765 1.0000 0.0001 0.0011 0.0124 0.1424 1.0000 1.0000 0.0002 0.0023 0.0269 0.3111 1.0000 1.0000 0.0004 0.0045 0.0201 0.0045 0.0004 1.0000 1.0000 0.3111 0.0269 0.0023 0.0002 1.0000 1.0000 0.1424 0.0124 0.0011 0.0001 1.0000 0.7765 0.0681 0.0060 0.0005 1.0000 1.0000 0.4029 0.0361 0.0032 0.0003 1.0000 1.0000 0.2420 0.0223 0.0021 0.0002 1.0000 1.0000 0.1702 0.0160 0.0015 0.0001 1.0000 1.0000 0.1302 0.0123 0.0012 0.0001 1.0000 1.0000 0.1017 0.0096 0.0009 0.0001 1.0000
0.0001 0.0010 0.0106 0.1116 1.0000 1.0000 0.0001 0.0013 0.0135 0.1426 1.0000 1.0000 0.0002 0.0016 0.0174 0.1844 1.0000 1.0000 0.0002 0.0022 0.0236 0.2533 1.0000 1.0000 0.0003 0.0033 0.0361 0.3991 1.0000 1.0000 0.0005 0.0058 0.0649 0.7348 1.0000 0.0001 0.0010 0.0115 0.1317 1.0000 1.0000 0.0002 0.0021 0.0247 0.2850 1.0000 1.0000 0.0004 0.0046 0.0476 0.2127 0.0476 0.0046 0.0004 1.0000 1.0000 0.2850 0.0247 0.0021 0.0002 1.0000 1.0000 0.1317 0.0115 0.0010 0.0001 1.0000 0.7348 0.0649 0.0058 0.0005 1.0000 1.0000 0.3991 0.0361 0.0033 0.0003 1.0000 1.0000 0.2533 0.0236 0.0022 0.0002 1.0000 1.0000 0.1844 0.0174 0.0016 0.0002 1.0000 1.0000 0.1426 0.0135 0.0013 0.0001 1.0000 1.0000 0.1116 0.0106 0.0010 0.0001
0.0010 0.0116 0.1223 1.0000 1.0000 0.0001 0.0014 0.0148 0.1560 1.0000 1.0000 0.0002 0.0018 0.0190 0.2012 1.0000 1.0000 0.0002 0.0024 0.0251 0.2687 1.0000 1.0000 0.0003 0.0034 0.0368 0.4029 1.0000 1.0000 0.0005 0.0056 0.0627 0.7047 1.0000 0.0001 0.0009 0.0108 0.1230 1.0000 1.0000 0.0002 0.0020 0.0227 0.2611 1.0000 1.0000 0.0004 0.0043 0.0484 0.5033 1.0000 0.5033 0.0484 0.0043 0.0004 1.0000 1.0000 0.2611 0.0227 0.0020 0.0002 1.0000 1.0000 0.1230 0.0108 0.0009 0.0001 1.0000 0.7047 0.0627 0.0056 0.0005 1.0000 1.0000 0.4029 0.0368 0.0034 0.0003 1.0000 1.0000 0.2687 0.0251 0.0024 0.0002 1.0000 1.0000 0.2012 0.0190 0.0018 0.0002 1.0000 1.0000 0.1560 0.0148 0.0014 0.0001 1.0000 1.0000 0.1223 0.0116 0.0010
0.0117 0.1342 1.0000 1.0000 0.0001 0.0015 0.0162 0.1712 1.0000 1.0000 0.0002 0.0020 0.0208 0.2196 1.0000 1.0000 0.0002 0.0025 0.0271 0.2883 1.0000 1.0000 0.0003 0.0035 0.0380 0.4138 1.0000 1.0000 0.0005 0.0056 0.0617 0.6862 1.0000 0.0001 0.0009 0.0102 0.1159 1.0000 1.0000 0.0002 0.0018 0.0209 0.2406 1.0000 1.0000 0.0003 0.0039 0.0452 0.5120 1.0000 1.0000 1.0000 0.5120 0.0452 0.0039 0.0003 1.0000 1.0000 0.2406 0.0209 0.0018 0.0002 1.0000 1.0000 0.1159 0.0102 0.0009 0.0001 1.0000 0.6862 0.0617 0.0056 0.0005 1.0000 1.0000 0.4138 0.0380 0.0035 0.0003 1.0000 1.0000 0.2883 0.0271 0.0025 0.0002 1.0000 1.0000 0.2196 0.0208 0.0020 0.0002 1.0000 1.0000 0.1712 0.0162 0.0015 0.0001 1.0000 1.0000 0.1342 0.0117
0.1352 1.0000 1.0000 0.0002 0.0017 0.0178 0.1876 1.0000 1.0000 0.0002 0.0022 0.0227 0.2402 1.0000 1.0000 0.0003 0.0028 0.0294 0.3123 1.0000 1.0000 0.0003 0.0037 0.0400 0.4315 1.0000 1.0000 0.0005 0.0056 0.0617 0.6810 1.0000 0.0001 0.0009 0.0098 0.1105 1.0000 1.0000 0.0001 0.0017 0.0195 0.2230 1.0000 1.0000 0.0003 0.0036 0.0416 0.4781 1.0000 1.0000 0.0002 1.0000 1.0000 0.4781 0.0416 0.0036 0.0003 1.0000 1.0000 0.2230 0.0195 0.0017 0.0001 1.0000 1.0000 0.1105 0.0098 0.0009 0.0001 1.0000 0.6810 0.0617 0.0056 0.0005 1.0000 1.0000 0.4315 0.0400 0.0037 0.0003 1.0000 1.0000 0.3123 0.0294 0.0028 0.0003 1.0000 1.0000 0.2402 0.0227 0.0022 0.0002 1.0000 1.0000 0.1876 0.0178 0.0017 0.0002 1.0000 1.0000 0.1352
1.0000 1.0000 0.0002 0.0018 0.0195 0.2059 1.0000 1.0000 0.0002 0.0024 0.0249 0.2631 1.0000 1.0000 0.0003 0.0030 0.0321 0.3395 1.0000 1.0000 0.0004 0.0040 0.0426 0.4568 1.0000 1.0000 0.0005 0.0058 0.0627 0.6862 1.0000 0.0001 0.0009 0.0096 0.1070 1.0000 1.0000 0.0001 0.0016 0.0183 0.2087 1.0000 1.0000 0.0003 0.0033 0.0383 0.4414 1.0000 1.0000 0.0006 0.0025 0.0006 1.0000 1.0000 0.4414 0.0383 0.0033 0.0003 1.0000 1.0000 0.2087 0.0183 0.0016 0.0001 1.0000 1.0000 0.1070 0.0096 0.0009 0.0001 1.0000 0.6862 0.0627 0.0058 0.0005 1.0000 1.0000 0.4568 0.0426 0.0040 0.0004 1.0000 1.0000 0.3395 0.0321 0.0030 0.0003 1.0000 1.0000 0.2631 0.0249 0.0024 0.0002 1.0000 1.0000 0.2059 0.0195 0.0018 0.0002 1.0000 1.0000
1.0000 0.0002 0.0020 0.0214 0.2256 1.0000 1.0000 0.0002 0.0026 0.0273 0.2877 1.0000 1.0000 0.0003 0.0033 0.0351 0.3713 1.0000 1.0000 0.0004 0.0043 0.0459 0.4892 1.0000 1.0000 0.0006 0.0060 0.0649 0.7047 1.0000 0.0001 0.0009 0.0095 0.1052 1.0000 1.0000 0.0001 0.0015 0.0174 0.1967 1.0000 1.0000 0.0003 0.0031 0.0355 0.4075 1.0000 1.0000 0.0006 0.0058 0.0260 0.0058 0.0006 1.0000 1.0000 0.4075 0.0355 0.0031 0.0003 1.0000 1.0000 0.1967 0.0174 0.0015 0.0001 1.0000 1.0000 0.1052 0.0095 0.0009 0.0001 1.0000 0.7047 0.0649 0.0060 0.0006 1.0000 1.0000 0.4892 0.0459 0.0043 0.0004 1.0000 1.0000 0.3713 0.0351 0.0033 0.0003 1.0000 1.0000 0.2877 0.0273 0.0026 0.0002 1.0000 1.0000 0.2256 0.0214 0.0020 0.0002 1.0000
0.0002 0.0022 0.0235 0.2476 1.0000 1.0000 0.0003 0.0028 0.0299 0.3158 1.0000 1.0000 0.0003 0.0036 0.0384 0.4060 1.0000 1.0000 0.0004 0.0047 0.0497 0.5278 1.0000 1.0000 0.0006 0.0063 0.0681 0.7348 1.0000 0.0001 0.0009 0.0096 0.1052 1.0000 1.0000 0.0001 0.0015 0.0167 0.1883 1.0000 1.0000 0.0003 0.0029 0.0330 0.3784 1.0000 1.0000 0.0005 0.0060 0.0618 0.2754 0.0618 0.0060 0.0005 1.0000 1.0000 0.3784 0.0330 0.0029 0.0003 1.0000 1.0000 0.1883 0.0167 0.0015 0.0001 1.0000 1.0000 0.1052 0.0096 0.0009 0.0001 1.0000 0.7348 0.0681 0.0063 0.0006 1.0000 1.0000 0.5278 0.0497 0.0047 0.0004 1.0000 1.0000 0.4060 0.0384 0.0036 0.0003 1.0000 1.0000 0.3158 0.0299 0.0028 0.0003 1.0000 1.0000 0.2476 0.0235 0.0022 0.0002
0.0022 0.0257 0.2713 1.0000 1.0000 0.0003 0.0031 0.0328 0.3460 1.0000 1.0000 0.0004 0.0040 0.0420 0.4439 1.0000 1.0000 0.0005 0.0051 0.0542 0.5739 1.0000 1.0000 0.0006 0.0068 0.0723 0.7765 1.0000 0.0001 0.0009 0.0098 0.1070 1.0000 1.0000 0.0001 0.0015 0.0163 0.1823 1.0000 1.0000 0.0002 0.0027 0.0311 0.3540 1.0000 1.0000 0.0005 0.0056 0.0632 0.6544 1.0000 0.6544 0.0632 0.0056 0.0005 1.0000 1.0000 0.3540 0.0311 0.0027 0.0002 1.0000 1.0000 0.1823 0.0163 0.0015 0.0001 1.0000 1.0000 0.1070 0.0098 0.0009 0.0001 1.0000 0.7765 0.0723 0.0068 0.0006 1.0000 1.0000 0.5739 0.0542 0.0051 0.0005 1.0000 1.0000 0.4439 0.0420 0.0040 0.0004 1.0000 1.0000 0.3460 0.0328 0.0031 0.0003 1.0000 1.0000 0.2713 0.0257 0.0022
0.0260 0.2978 1.0000 1.0000 0.0003 0.0034 0.0360 0.3798 1.0000 1.0000 0.0004 0.0044 0.0459 0.4854 1.0000 1.0000 0.0005 0.0056 0.0592 0.6264 1.0000 1.0000 0.0007 0.0073 0.0778 0.8284 1.0000 0.0001 0.0009 0.0102 0.1105 1.0000 1.0000 0.0001 0.0015 0.0162 0.1795 1.0000 1.0000 0.0002 0.0026 0.0295 0.3350 1.0000 1.0000 0.0005 0.0052 0.0598 0.6720 1.0000 1.0000 1.0000 0.6720 0.0598 0.0052 0.0005 1.0000 1.0000 0.3350 0.0295 0.0026 0.0002 1.0000 1.0000 0.1795 0.0162 0.0015 0.0001 1.0000 1.0000 0.1105 0.0102 0.0009 0.0001 1.0000 0.8284 0.0778 0.0073 0.0007 1.0000 1.0000 0.6264 0.0592 0.0056 0.0005 1.0000 1.0000 0.4854 0.0459 0.0044 0.0004 1.0000 1.0000 0.3798 0.0360 0.0034 0.0003 1.0000 1.0000 0.2978 0.0260
0.3000 1.0000 1.0000 0.0004 0.0037 0.0394 0.4161 1.0000 1.0000 0.0005 0.0048 0.0503 0.5308 1.0000 1.0000 0.0006 0.0061 0.0648 0.6849 1.0000 0.0001 0.0007 0.0079 0.0841 0.8939 1.0000 0.0001 0.0010 0.0108 0.1159 1.0000 1.0000 0.0001 0.0015 0.0163 0.1795 1.0000 1.0000 0.0002 0.0025 0.0284 0.3201 1.0000 1.0000 0.0004 0.0049 0.0560 0.6384 1.0000 1.0000 0.0003 1.0000 1.0000 0.6384 0.0560 0.0049 0.0004 1.0000 1.0000 0.3201 0.0284 0.0025 0.0002 1.0000 1.0000 0.1795 0.0163 0.0015 0.0001 1.0000 1.0000 0.1159 0.0108 0.0010 0.0001 1.0000 0.8939 0.0841 0.0079 0.0007 0.0001 1.0000 0.6849 0.0648 0.0061 0.0006 1.0000 1.0000 0.5308 0.0503 0.0048 0.0005 1.0000 1.0000 0.4161 0.0394 0.0037 0.0004 1.0000 1.0000 0.3000
1.0000 1.0000 0.0004 0.0041 0.0433 0.4568 1.0000 1.0000 0.0005 0.0052 0.0552 0.5827 1.0000 1.0000 0.0006 0.0067 0.0708 0.7490 1.0000 0.0001 0.0008 0.0086 0.0916 0.9700 1.0000 0.0001 0.0011 0.0115 0.1230 1.0000 1.0000 0.0001 0.0015 0.0167 0.1823 1.0000 1.0000 0.0002 0.0025 0.0278 0.3105 1.0000 1.0000 0.0004 0.0046 0.0528 0.6007 1.0000 0.0001 0.0007 0.0032 0.0007 0.0001 1.0000 0.6007 0.0528 0.0046 0.0004 1.0000 1.0000 0.3105 0.0278 0.0025 0.0002 1.0000 1.0000 0.1823 0.0167 0.0015 0.0001 1.0000 1.0000 0.1230 0.0115 0.0011 0.0001 1.0000 0.9700 0.0916 0.0086 0.0008 0.0001 1.0000 0.7490 0.0708 0.0067 0.0006 1.0000 1.0000 0.5827 0.0552 0.0052 0.0005 1.0000 1.0000 0.4568 0.0433 0.0041 0.0004 1.0000 1.0000
1.0000 0.0004 0.0045 0.0474 0.5004 1.0000 1.0000 0.0005 0.0057 0.0605 0.6384 1.0000 1.0000 0.0007 0.0073 0.0775 0.8190 1.0000 0.0001 0.0009 0.0095 0.0999 1.0000 1.0000 0.0001 0.0012 0.0124 0.1317 1.0000 1.0000 0.0001 0.0016 0.0174 0.1883 1.0000 1.0000 0.0002 0.0025 0.0275 0.3058 1.0000 1.0000 0.0004 0.0044 0.0501 0.5685 1.0000 1.0000 0.0008 0.0078 0.0347 0.0078 0.0008 1.0000 1.0000 0.5685 0.0501 0.0044 0.0004 1.0000 1.0000 0.3058 0.0275 0.0025 0.0002 1.0000 1.0000 0.1883 0.0174 0.0016 0.0001 1.0000 1.0000 0.1317 0.0124 0.0012 0.0001 1.0000 1.0000 0.0999 0.0095 0.0009 0.0001 1.0000 0.8190 0.0775 0.0073 0.0007 1.0000 1.0000 0.6384 0.0605 0.0057 0.0005 1.0000 1.0000 0.5004 0.0474 0.0045 0.0004 1.0000
0.0004 0.0049 0.0520 0.5483 1.0000 1.0000 0.0006 0.0063 0.0664 0.7007 1.0000 0.0001 0.0008 0.0080 0.0847 0.8956 1.0000 0.0001 0.0010 0.0103 0.1093 1.0000 1.0000 0.0001 0.0013 0.0134 0.1424 1.0000 1.0000 0.0002 0.0017 0.0183 0.1967 1.0000 1.0000 0.0002 0.0025 0.0278 0.3058 1.0000 1.0000 0.0004 0.0043 0.0483 0.5441 1.0000 1.0000 0.0007 0.0081 0.0836 0.3713 0.0836 0.0081 0.0007 1.0000 1.0000 0.5441 0.0483 0.0043 0.0004 1.0000 1.0000 0.3058 0.0278 0.0025 0.0002 1.0000 1.0000 0.1967 0.0183 0.0017 0.0002 1.0000 1.0000 0.1424 0.0134 0.0013 0.0001 1.0000 1.0000 0.1093 0.0103 0.0010 0.0001 1.0000 0.8956 0.0847 0.0080 0.0008 0.0001 1.0000 0.7007 0.0664 0.0063 0.0006 1.0000 1.0000 0.5483 0.0520 0.0049 0.0004
0.0050 0.0570 0.6018 1.0000 1.0000 0.0007 0.0069 0.0728 0.7677 1.0000 0.0001 0.0008 0.0088 0.0928 0.9793 1.0000 0.0001 0.0011 0.0113 0.1195 1.0000 1.0000 0.0001 0.0014 0.0146 0.1545 1.0000 1.0000 0.0002 0.0018 0.0195 0.2087 1.0000 1.0000 0.0002 0.0026 0.0284 0.3105 1.0000 1.0000 0.0004 0.0042 0.0472 0.5278 1.0000 1.0000 0.0007 0.0078 0.0875 0.8973 1.0000 0.8973 0.0875 0.0078 0.0007 1.0000 1.0000 0.5278 0.0472 0.0042 0.0004 1.0000 1.0000 0.3105 0.0284 0.0026 0.0002 1.0000 1.0000 0.2087 0.0195 0.0018 0.0002 1.0000 1.0000 0.1545 0.0146 0.0014 0.0001 1.0000 1.0000 0.1195 0.0113 0.0011 0.0001 1.0000 0.9793 0.0928 0.0088 0.0008 0.0001 1.0000 0.7677 0.0728 0.0069 0.0007 1.0000 1.0000 0.6018 0.0570 0.0050
0.0576 0.6594 1.0000 0.0001 0.0007 0.0076 0.0797 0.8411 1.0000 0.0001 0.0009 0.0097 0.1019 1.0000 1.0000 0.0001 0.0012 0.0124 0.1307 1.0000 1.0000 0.0001 0.0015 0.0159 0.1686 1.0000 1.0000 0.0002 0.0020 0.0209 0.2230 1.0000 1.0000 0.0003 0.0027 0.0295 0.3201 1.0000 1.0000 0.0004 0.0042 0.0469 0.5198 1.0000 1.0000 0.0007 0.0075 0.0849 0.9445 1.0000 1.0000 1.0000 0.9445 0.0849 0.0075 0.0007 1.0000 1.0000 0.5198 0.0469 0.0042 0.0004 1.0000 1.0000 0.3201 0.0295 0.0027 0.0003 1.0000 1.0000 0.2230 0.0209 0.0020 0.0002 1.0000 1.0000 0.1686 0.0159 0.0015 0.0001 1.0000 1.0000 0.1307 0.0124 0.0012 0.0001 1.0000 1.0000 0.1019 0.0097 0.0009 0.0001 1.0000 0.8411 0.0797 0.0076 0.0007 0.0001 1.0000 0.6594 0.0576
0.6657 1.0000 0.0001 0.0008 0.0083 0.0875 0.9232 1.0000 0.0001 0.0010 0.0106 0.1116 1.0000 1.0000 0.0001 0.0013 0.0135 0.1429 1.0000 1.0000 0.0002 0.0016 0.0174 0.1844 1.0000 1.0000 0.0002 0.0021 0.0227 0.2406 1.0000 1.0000 0.0003 0.0029 0.0311 0.3350 1.0000 1.0000 0.0004 0.0043 0.0472 0.5198 1.0000 1.0000 0.0007 0.0073 0.0822 0.9215 1.0000 0.0001 0.0004 0.0001 1.0000 0.9215 0.0822 0.0073 0.0007 1.0000 1.0000 0.5198 0.0472 0.0043 0.0004 1.0000 1.0000 0.3350 0.0311 0.0029 0.0003 1.0000 1.0000 0.2406 0.0227 0.0021 0.0002 1.0000 1.0000 0.1844 0.0174 0.0016 0.0002 1.0000 1.0000 0.1429 0.0135 0.0013 0.0001 1.0000 1.0000 0.1116 0.0106 0.0010 0.0001 1.0000 0.9232 0.0875 0.0083 0.0008 0.0001 1.0000 0.6657
1.0000 0.0001 0.0009 0.0091 0.0959 1.0000 1.0000 0.0001 0.0011 0.0116 0.1225 1.0000 1.0000 0.0001 0.0014 0.0148 0.1563 1.0000 1.0000 0.0002 0.0018 0.0191 0.2016 1.0000 1.0000 0.0002 0.0023 0.0247 0.2611 1.0000 1.0000 0.0003 0.0031 0.0330 0.3540 1.0000 1.0000 0.0004 0.0044 0.0483 0.5278 1.0000 1.0000 0.0007 0.0072 0.0803 0.8973 1.0000 0.0001 0.0010 0.0046 0.0010 0.0001 1.0000 0.8973 0.0803 0.0072 0.0007 1.0000 1.0000 0.5278 0.0483 0.0044 0.0004 1.0000 1.0000 0.3540 0.0330 0.0031 0.0003 1.0000 1.0000 0.2611 0.0247 0.0023 0.0002 1.0000 1.0000 0.2016 0.0191 0.0018 0.0002 1.0000 1.0000 0.1563 0.0148 0.0014 0.0001 1.0000 1.0000 0.1225 0.0116 0.0011 0.0001 1.0000 1.0000 0.0959 0.0091 0.0009 0.0001 1.0000
0.0001 0.0009 0.0100 0.1052 1.0000 1.0000 0.0001 0.0012 0.0127 0.1342 1.0000 1.0000 0.0001 0.0015 0.0162 0.1712 1.0000 1.0000 0.0002 0.0020 0.0209 0.2205 1.0000 1.0000 0.0002 0.0025 0.0269 0.2850 1.0000 1.0000 0.0003 0.0033 0.0355 0.3784 1.0000 1.0000 0.0004 0.0046 0.0501 0.5441 1.0000 1.0000 0.0007 0.0072 0.0797 0.8837 1.0000 0.0001 0.0011 0.0113 0.0501 0.0113 0.0011 0.0001 1.0000 0.8837 0.0797 0.0072 0.0007 1.0000 1.0000 0.5441 0.0501 0.0046 0.0004 1.0000 1.0000 0.3784 0.0355 0.0033 0.0003 1.0000 1.0000 0.2850 0.0269 0.0025 0.0002 1.0000 1.0000 0.2205 0.0209 0.0020 0.0002 1.0000 1.0000 0.1712 0.0162 0.0015 0.0001 1.0000 1.0000 0.1342 0.0127 0.0012 0.0001 1.0000 1.0000 0.1052 0.0100 0.0009 0.0001
0.0010 0.0109 0.1153 1.0000 1.0000 0.0001 0.0013 0.0139 0.1470 1.0000 1.0000 0.0002 0.0017 0.0178 0.1879 1.0000 1.0000 0.0002 0.0022 0.0228 0.2411 1.0000 1.0000 0.0003 0.0028 0.0294 0.3111 1.0000 1.0000 0.0003 0.0036 0.0383 0.4075 1.0000 1.0000 0.0005 0.0049 0.0528 0.5685 1.0000 1.0000 0.0007 0.0073 0.0803 0.8837 1.0000 0.0001 0.0011 0.0122 0.1234 0.5452 0.1234 0.0122 0.0011 0.0001 1.0000 0.8837 0.0803 0.0073 0.0007 1.0000 1.0000 0.5685 0.0528 0.0049 0.0005 1.0000 1.0000 0.4075 0.0383 0.0036 0.0003 1.0000 1.0000 0.3111 0.0294 0.0028 0.0003 1.0000 1.0000 0.2411 0.0228 0.0022 0.0002 1.0000 1.0000 0.1879 0.0178 0.0017 0.0002 1.0000 1.0000 0.1470 0.0139 0.0013 0.0001 1.0000 1.0000 0.1153 0.0109 0.0010
0.0110 0.1263 1.0000 1.0000 0.0001 0.0014 0.0153 0.1611 1.0000 1.0000 0.0002 0.0018 0.0195 0.2055 1.0000 1.0000 0.0002 0.0024 0.0249 0.2636 1.0000 1.0000 0.0003 0.0030 0.0321 0.3395 1.0000 1.0000 0.0004 0.0039 0.0416 0.4414 1.0000 1.0000 0.0005 0.0052 0.0560 0.6007 1.0000 1.0000 0.0007 0.0075 0.0822 0.8973 1.0000 0.0001 0.0011 0.0122 0.1337 1.0000 1.0000 1.0000 0.1337 0.0122 0.0011 0.0001 1.0000 0.8973 0.0822 0.0075 0.0007 1.0000 1.0000 0.6007 0.0560 0.0052 0.0005 1.0000 1.0000 0.4414 0.0416 0.0039 0.0004 1.0000 1.0000 0.3395 0.0321 0.0030 0.0003 1.0000 1.0000 0.2636 0.0249 0.0024 0.0002 1.0000 1.0000 0.2055 0.0195 0.0018 0.0002 1.0000 1.0000 0.1611 0.0153 0.0014 0.0001 1.0000 1.0000 0.1263 0.0110
0.1270 1.0000 1.0000 0.0001 0.0016 0.0167 0.1758 1.0000 1.0000 0.0002 0.0020 0.0213 0.2247 1.0000 1.0000 0.0002 0.0026 0.0272 0.2872 1.0000 1.0000 0.0003 0.0033 0.0350 0.3699 1.0000 1.0000 0.0004 0.0043 0.0452 0.4781 1.0000 1.0000 0.0005 0.0056 0.0598 0.6384 1.0000 1.0000 0.0007 0.0078 0.0849 0.9215 1.0000 0.0001 0.0011 0.0122 0.1347 1.0000 1.0000 1.0000 1.0000 1.0000 0.1347 0.0122 0.0011 0.0001 1.0000 0.9215 0.0849 0.0078 0.0007 1.0000 1.0000 0.6384 0.0598 0.0056 0.0005 1.0000 1.0000 0.4781 0.0452 0.0043 0.0004 1.0000 1.0000 0.3699 0.0350 0.0033 0.0003 1.0000 1.0000 0.2872 0.0272 0.0026 0.0002 1.0000 1.0000 0.2247 0.0213 0.0020 0.0002 1.0000 1.0000 0.1758 0.0167 0.0016 0.0001 1.0000 1.0000 0.1270
1.0000 1.0000 0.0002 0.0017 0.0179 0.1890 1.0000 1.0000 0.0002 0.0022 0.0228 0.2411 1.0000 1.0000 0.0003 0.0028 0.0292 0.3081 1.0000 1.0000 0.0003 0.0036 0.0375 0.3968 1.0000 1.0000 0.0004 0.0046 0.0484 0.5120 1.0000 1.0000 0.0006 0.0060 0.0632 0.6720 1.0000 0.0001 0.0008 0.0081 0.0875 0.9445 1.0000 0.0001 0.0011 0.0122 0.1337 1.0000 1.0000 0.0001 0.0007 0.0001 1.0000 1.0000 0.1337 0.0122 0.0011 0.0001 1.0000 0.9445 0.0875 0.0081 0.0008 0.0001 1.0000 0.6720 0.0632 0.0060 0.0006 1.0000 1.0000 0.5120 0.0484 0.0046 0.0004 1.0000 1.0000 0.3968 0.0375 0.0036 0.0003 1.0000 1.0000 0.3081 0.0292 0.0028 0.0003 1.0000 1.0000 0.2411 0.0228 0.0022 0.0002 1.0000 1.0000 0.1890 0.0179 0.0017 0.0002 1.0000 1.0000
1.0000 0.0002 0.0017 0.0176 0.1862 1.0000 1.0000 0.0002 0.0021 0.0225 0.2379 1.0000 1.0000 0.0003 0.0027 0.0288 0.3035 1.0000 1.0000 0.0003 0.0035 0.0369 0.3901 1.0000 1.0000 0.0004 0.0045 0.0476 0.5033 1.0000 1.0000 0.0006 0.0058 0.0618 0.6544 1.0000 1.0000 0.0007 0.0078 0.0836 0.8973 1.0000 0.0001 0.0010 0.0113 0.1234 1.0000 1.0000 0.0001 0.0015 0.0065 0.0015 0.0001 1.0000 1.0000 0.1234 0.0113 0.0010 0.0001 1.0000 0.8973 0.0836 0.0078 0.0007 1.0000 1.0000 0.6544 0.0618 0.0058 0.0006 1.0000 1.0000 0.5033 0.0476 0.0045 0.0004 1.0000 1.0000 0.3901 0.0369 0.0035 0.0003 1.0000 1.0000 0.3035 0.0288 0.0027 0.0003 1.0000 1.0000 0.2379 0.0225 0.0021 0.0002 1.0000 1.0000 0.1862 0.0176 0.0017 0.0002 1.0000
1.0000 0.0007 0.0075 0.0788 0.8315 1.0000 0.0001 0.0009 0.0095 0.1005 1.0000 1.0000 0.0001 0.0012 0.0122 0.1285 1.0000 1.0000 0.0001 0.0015 0.0156 0.1648 1.0000 1.0000 0.0002 0.0019 0.0201 0.2127 1.0000 1.0000 0.0002 0.0025 0.0260 0.2754 1.0000 1.0000 0.0003 0.0032 0.0347 0.3713 1.0000 1.0000 0.0004 0.0046 0.0501 0.5452 1.0000 1.0000 0.0007 0.0065 0.0273 0.0065 0.0007 1.0000 1.0000 0.5452 0.0501 0.0046 0.0004 1.0000 1.0000 0.3713 0.0347 0.0032 0.0003 1.0000 1.0000 0.2754 0.0260 0.0025 0.0002 1.0000 1.0000 0.2127 0.0201 0.0019 0.0002 1.0000 1.0000 0.1648 0.0156 0.0015 0.0001 1.0000 1.0000 0.1285 0.0122 0.0012 0.0001 1.0000 1.0000 0.1005 0.0095 0.0009 0.0001 1.0000 0.8315 0.0788 0.0075 0.0007 1.0000
1.0000 0.0002 0.0017 0.0176 0.1862 1.0000 1.0000 0.0002 0.0021 0.0225 0.2379 1.0000 1.0000 0.0003 0.0027 0.0288 0.3035 1.0000 1.0000 0.0003 0.0035 0.0369 0.3901 1.0000 1.0000 0.0004 0.0045 0.0476 0.5033 1.0000 1.0000 0.0006 0.0058 0.0618 0.6544 1.0000 1.0000 0.0007 0.0078 0.0836 0.8973 1.0000 0.0001 0.0010 0.0113 0.1234 1.0000 1.0000 0.0001 0.0015 0.0065 0.0015 0.0001 1.0000 1.0000 0.1234 0.0113 0.0010 0.0001 1.0000 0.8973 0.0836 0.0078 0.0007 1.0000 1.0000 0.6544 0.0618 0.0058 0.0006 1.0000 1.0000 0.5033 0.0476 0.0045 0.0004 1.0000 1.0000 0.3901 0.0369 0.0035 0.0003 1.0000 1.0000 0.3035 0.0288 0.0027 0.0003 1.0000 1.0000 0.2379 0.0225 0.0021 0.0002 1.0000 1.0000 0.1862 0.0176 0.0017 0.0002 1.0000
1.0000 1.0000 0.0002 0.0017 0.0179 0.1890 1.0000 1.0000 0.0002 0.0022 0.0228 0.2411 1.0000 1.0000 0.0003 0.0028 0.0292 0.3081 1.0000 1.0000 0.0003 0.0036 0.0375 0.3968 1.0000 1.0000 0.0004 0.0046 0.0484 0.5120 1.0000 1.0000 0.0006 0.0060 0.0632 0.6720 1.0000 0.0001 0.0008 0.0081 0.0875 0.9445 1.0000 0.0001 0.0011 0.0122 0.1337 1.0000 1.0000 0.0001 0.0007 0.0001 1.0000 1.0000 0.1337 0.0122 0.0011 0.0001 1.0000 0.9445 0.0875 0.0081 0.0008 0.0001 1.0000 0.6720 0.0632 0.0060 0.0006 1.0000 1.0000 0.5120 0.0484 0.0046 0.0004 1.0000 1.0000 0.3968 0.0375 0.0036 0.0003 1.0000 1.0000 0.3081 0.0292 0.0028 0.0003 1.0000 1.0000 0.2411 0.0228 0.0022 0.0002 1.0000 1.0000 0.1890 0.0179 0.0017 0.0002 1.0000 1.0000
0.1270 1.0000 1.0000 0.0001 0.0016 0.0167 0.1758 1.0000 1.0000 0.0002 0.0020 0.0213 0.2247 1.0000 1.0000 0.0002 0.0026 0.0272 0.2872 1.0000 1.0000 0.0003 0.0033 0.0350 0.3699 1.0000 1.0000 0.0004 0.0043 0.0452 0.4781 1.0000 1.0000 0.0005 0.0056 0.0598 0.6384 1.0000 1.0000 0.0007 0.0078 0.0849 0.9215 1.0000 0.0001 0.0011 0.0122 0.1347 1.0000 1.0000 1.0000 1.0000 1.0000 0.1347 0.0122 0.0011 0.0001 1.0000 0.9215 0.0849 0.0078 0.0007 1.0000 1.0000 0.6384 0.0598 0.0056 0.0005 1.0000 1.0000 0.4781 0.0452 0.0043 0.0004 1.0000 1.0000 0.3699 0.0350 0.0033 0.0003 1.0000 1.0000 0.2872 0.0272 0.0026 0.0002 1.0000 1.0000 0.2247 0.0213 0.0020 0.0002 1.0000 1.0000 0.1758 0.0167 0.0016 0.0001 1.0000 1.0000 0.1270
0.0110 0.1263 1.0000 1.0000 0.0001 0.0014 0.0153 0.1611 1.0000 1.0000 0.0002 0.0018 0.0195 0.2055 1.0000 1.0000 0.0002 0.0024 0.0249 0.2636 1.0000 1.0000 0.0003 0.0030 0.0321 0.3395 1.0000 1.0000 0.0004 0.0039 0.0416 0.4414 1.0000 1.0000 0.0005 0.0052 0.0560 0.6007 1.0000 1.0000 0.0007 0.0075 0.0822 0.8973 1.0000 0.0001 0.0011 0.0122 0.1337 1.0000 1.0000 1.0000 0.1337 0.0122 0.0011 0.0001 1.0000 0.8973 0.0822 0.0075 0.0007 1.0000 1.0000 0.6007 0.0560 0.0052 0.0005 1.0000 1.0000 0.4414 0.0416 0.0039 0.0004 1.0000 1.0000 0.3395 0.0321 0.0030 0.0003 1.0000 1.0000 0.2636 0.0249 0.0024 0.0002 1.0000 1.0000 0.2055 0.0195 0.0018 0.0002 1.0000 1.0000 0.1611 0.0153 0.0014 0.0001 1.0000 1.0000 0.1263 0.0110
0.0010 0.0109 0.1153 1.0000 1.0000 0.0001 0.0013 0.0139 0.1470 1.0000 1.0000 0.0002 0.0017 0.0178 0.1879 1.0000 1.0000 0.0002 0.0022 0.0228 0.2411 1.0000 1.0000 0.0003 0.0028 0.0294 0.3111 1.0000 1.0000 0.0003 0.0036 0.0383 0.4075 1.0000 1.0000 0.0005 0.0049 0.0528 0.5685 1.0000 1.0000 0.0007 0.0073 0.0803 0.8837 1.0000 0.0001 0.0011 0.0122 0.1234 0.5452 0.1234 0.0122 0.0011 0.0001 1.0000 0.8837 0.0803 0.0073 0.0007 1.0000 1.0000 0.5685 0.0528 0.0049 0.0005 1.0000 1.0000 0.4075 0.0383 0.0036 0.0003 1.0000 1.0000 0.3111 0.0294 0.0028 0.0003 1.0000 1.0000 0.2411 0.0228 0.0022 0.0002 1.0000 1.0000 0.1879 0.0178 0.0017 0.0002 1.0000 1.0000 0.1470 0.0139 0.0013 0.0001 1.0000 1.0000 0.1153 0.0109 0.0010
