0.3200 0.5062 0.4066 0.1628 0.1605 0.2288 0.3889 0.5026 0.3132 0.1522 0.1751 0.2689 0.4604 0.4712 0.2085 0.1521 0.1967 0.3200 0.5050 0.4113 0.1641 0.1597 0.2264 0.3838 0.5039 0.3210 0.1526 0.1738 0.2656 0.4554 0.4744 0.2150 0.1518 0.1948 0.3157 0.5036 0.4168 0.1656 0.1590 0.2239 0.3786 0.5050 0.3287 0.1530 0.1725 0.2623 0.4502 0.4778 0.2252 0.1499 0.1633 0.1499 0.2252 0.4778 0.4502 0.2623 0.1725 0.1530 0.3287 0.5050 0.3786 0.2239 0.1590 0.1656 0.4168 0.5036 0.3157 0.1948 0.1518 0.2150 0.4744 0.4554 0.2656 0.1738 0.1526 0.3210 0.5039 0.3838 0.2264 0.1597 0.1641 0.4113 0.5050 0.3200 0.1967 0.1521 0.2085 0.4712 0.4604 0.2689 0.1751 0.1522 0.3132 0.5026 0.3889 0.2288 0.1605 0.1628 0.4066 0.5062 0.3200
0.5062 0.4069 0.1529 0.1503 0.2221 0.3866 0.5044 0.3189 0.1409 0.1658 0.2631 0.4597 0.4738 0.2091 0.1405 0.1885 0.3157 0.5062 0.4157 0.1550 0.1492 0.2193 0.3812 0.5056 0.3268 0.1413 0.1644 0.2597 0.4546 0.4770 0.2164 0.1402 0.1865 0.3113 0.5046 0.4210 0.1568 0.1484 0.2167 0.3758 0.5067 0.3344 0.1418 0.1631 0.2563 0.4493 0.4800 0.2248 0.1396 0.1782 0.2351 0.1782 0.1396 0.2248 0.4800 0.4493 0.2563 0.1631 0.1418 0.3344 0.5067 0.3758 0.2167 0.1484 0.1568 0.4210 0.5046 0.3113 0.1865 0.1402 0.2164 0.4770 0.4546 0.2597 0.1644 0.1413 0.3268 0.5056 0.3812 0.2193 0.1492 0.1550 0.4157 0.5062 0.3157 0.1885 0.1405 0.2091 0.4738 0.4597 0.2631 0.1658 0.1409 0.3189 0.5044 0.3866 0.2221 0.1503 0.1529 0.4069 0.5062
0.4066 0.1529 0.1498 0.2196 0.3802 0.5059 0.3300 0.1416 0.1637 0.2579 0.4516 0.4786 0.2206 0.1400 0.1854 0.3089 0.5035 0.4239 0.1579 0.1479 0.2152 0.3729 0.5072 0.3386 0.1421 0.1623 0.2544 0.4462 0.4815 0.2285 0.1398 0.1836 0.3047 0.5015 0.4290 0.1601 0.1470 0.2127 0.3677 0.5080 0.3461 0.1427 0.1611 0.2512 0.4408 0.4843 0.2368 0.1395 0.1807 0.2900 0.4116 0.2900 0.1807 0.1395 0.2368 0.4843 0.4408 0.2512 0.1611 0.1427 0.3461 0.5080 0.3677 0.2127 0.1470 0.1601 0.4290 0.5015 0.3047 0.1836 0.1398 0.2285 0.4815 0.4462 0.2544 0.1623 0.1421 0.3386 0.5072 0.3729 0.2152 0.1479 0.1579 0.4239 0.5035 0.3089 0.1854 0.1400 0.2206 0.4786 0.4516 0.2579 0.1637 0.1416 0.3300 0.5059 0.3802 0.2196 0.1498 0.1529 0.4066
0.1628 0.1503 0.2196 0.3778 0.5068 0.3380 0.1422 0.1620 0.2532 0.4438 0.4829 0.2327 0.1397 0.1826 0.3024 0.5002 0.4317 0.1614 0.1466 0.2113 0.3648 0.5085 0.3501 0.1431 0.1603 0.2494 0.4378 0.4857 0.2412 0.1395 0.1807 0.2983 0.4977 0.4366 0.1640 0.1458 0.2089 0.3597 0.5091 0.3573 0.1438 0.1591 0.2462 0.4323 0.4883 0.2495 0.1394 0.1787 0.2924 0.4861 0.4965 0.4861 0.2924 0.1787 0.1394 0.2495 0.4883 0.4323 0.2462 0.1591 0.1438 0.3573 0.5091 0.3597 0.2089 0.1458 0.1640 0.4366 0.4977 0.2983 0.1807 0.1395 0.2412 0.4857 0.4378 0.2494 0.1603 0.1431 0.3501 0.5085 0.3648 0.2113 0.1466 0.1614 0.4317 0.5002 0.3024 0.1826 0.1397 0.2327 0.4829 0.4438 0.2532 0.1620 0.1422 0.3380 0.5068 0.3778 0.2196 0.1503 0.1628
0.1605 0.2221 0.3802 0.5068 0.3410 0.1427 0.1608 0.2495 0.4369 0.4865 0.2443 0.1395 0.1799 0.2962 0.4962 0.4391 0.1655 0.1454 0.2075 0.3569 0.5094 0.3612 0.1442 0.1584 0.2444 0.4292 0.4897 0.2542 0.1394 0.1780 0.2920 0.4931 0.4438 0.1686 0.1447 0.2052 0.3519 0.5098 0.3681 0.1451 0.1573 0.2414 0.4237 0.4920 0.2626 0.1394 0.1762 0.2877 0.4879 0.4570 0.3092 0.4570 0.4879 0.2877 0.1762 0.1394 0.2626 0.4920 0.4237 0.2414 0.1573 0.1451 0.3681 0.5098 0.3519 0.2052 0.1447 0.1686 0.4438 0.4931 0.2920 0.1780 0.1394 0.2542 0.4897 0.4292 0.2444 0.1584 0.1442 0.3612 0.5094 0.3569 0.2075 0.1454 0.1655 0.4391 0.4962 0.2962 0.1799 0.1395 0.2443 0.4865 0.4369 0.2495 0.1608 0.1427 0.3410 0.5068 0.3802 0.2221 0.1605
0.2288 0.3866 0.5059 0.3380 0.1427 0.1603 0.2474 0.4320 0.4893 0.2545 0.1394 0.1775 0.2904 0.4916 0.4459 0.1703 0.1443 0.2039 0.3492 0.5099 0.3719 0.1456 0.1566 0.2397 0.4206 0.4932 0.2674 0.1394 0.1754 0.2859 0.4877 0.4506 0.1741 0.1436 0.2016 0.3443 0.5100 0.3785 0.1465 0.1555 0.2367 0.4151 0.4954 0.2758 0.1395 0.1737 0.2820 0.4834 0.4564 0.1909 0.1373 0.1909 0.4564 0.4834 0.2820 0.1737 0.1395 0.2758 0.4954 0.4151 0.2367 0.1555 0.1465 0.3785 0.5100 0.3443 0.2016 0.1436 0.1741 0.4506 0.4877 0.2859 0.1754 0.1394 0.2674 0.4932 0.4206 0.2397 0.1566 0.1456 0.3719 0.5099 0.3492 0.2039 0.1443 0.1703 0.4459 0.4916 0.2904 0.1775 0.1394 0.2545 0.4893 0.4320 0.2474 0.1603 0.1427 0.3380 0.5059 0.3866 0.2288
0.3889 0.5044 0.3300 0.1422 0.1608 0.2474 0.4302 0.4907 0.2616 0.1394 0.1755 0.2855 0.4868 0.4519 0.1758 0.1433 0.2005 0.3418 0.5100 0.3819 0.1471 0.1549 0.2351 0.4120 0.4965 0.2805 0.1396 0.1728 0.2800 0.4815 0.4570 0.1809 0.1426 0.1981 0.3368 0.5098 0.3884 0.1482 0.1538 0.2321 0.4065 0.4984 0.2889 0.1398 0.1713 0.2762 0.4772 0.4612 0.1882 0.1395 0.1596 0.1395 0.1882 0.4612 0.4772 0.2762 0.1713 0.1398 0.2889 0.4984 0.4065 0.2321 0.1538 0.1482 0.3884 0.5098 0.3368 0.1981 0.1426 0.1809 0.4570 0.4815 0.2800 0.1728 0.1396 0.2805 0.4965 0.4120 0.2351 0.1549 0.1471 0.3819 0.5100 0.3418 0.2005 0.1433 0.1758 0.4519 0.4868 0.2855 0.1755 0.1394 0.2616 0.4907 0.4302 0.2474 0.1608 0.1422 0.3300 0.5044 0.3889
0.5026 0.3189 0.1416 0.1620 0.2495 0.4320 0.4907 0.2641 0.1395 0.1743 0.2819 0.4824 0.4569 0.1816 0.1425 0.1974 0.3349 0.5097 0.3914 0.1488 0.1533 0.2306 0.4035 0.4994 0.2935 0.1399 0.1704 0.2742 0.4747 0.4629 0.1889 0.1418 0.1948 0.3296 0.5091 0.3979 0.1501 0.1522 0.2277 0.3979 0.5011 0.3018 0.1401 0.1689 0.2706 0.4701 0.4666 0.1954 0.1409 0.1859 0.2478 0.1859 0.1409 0.1954 0.4666 0.4701 0.2706 0.1689 0.1401 0.3018 0.5011 0.3979 0.2277 0.1522 0.1501 0.3979 0.5091 0.3296 0.1948 0.1418 0.1889 0.4629 0.4747 0.2742 0.1704 0.1399 0.2935 0.4994 0.4035 0.2306 0.1533 0.1488 0.3914 0.5097 0.3349 0.1974 0.1425 0.1816 0.4569 0.4824 0.2819 0.1743 0.1395 0.2641 0.4907 0.4320 0.2495 0.1620 0.1416 0.3189 0.5026
0.3132 0.1409 0.1637 0.2532 0.4369 0.4893 0.2616 0.1395 0.1738 0.2798 0.4793 0.4605 0.1870 0.1418 0.1947 0.3287 0.5090 0.4001 0.1507 0.1518 0.2264 0.3952 0.5019 0.3061 0.1403 0.1681 0.2686 0.4675 0.4685 0.1983 0.1410 0.1916 0.3225 0.5079 0.4070 0.1524 0.1507 0.2234 0.3895 0.5035 0.3144 0.1406 0.1666 0.2651 0.4625 0.4719 0.2052 0.1406 0.1884 0.3073 0.4345 0.3073 0.1884 0.1406 0.2052 0.4719 0.4625 0.2651 0.1666 0.1406 0.3144 0.5035 0.3895 0.2234 0.1507 0.1524 0.4070 0.5079 0.3225 0.1916 0.1410 0.1983 0.4685 0.4675 0.2686 0.1681 0.1403 0.3061 0.5019 0.3952 0.2264 0.1518 0.1507 0.4001 0.5090 0.3287 0.1947 0.1418 0.1870 0.4605 0.4793 0.2798 0.1738 0.1395 0.2616 0.4893 0.4369 0.2532 0.1637 0.1409 0.3132
0.1522 0.1658 0.2579 0.4438 0.4865 0.2545 0.1394 0.1743 0.2798 0.4781 0.4625 0.1911 0.1414 0.1925 0.3234 0.5079 0.4077 0.1528 0.1504 0.2224 0.3872 0.5041 0.3182 0.1408 0.1659 0.2632 0.4598 0.4737 0.2089 0.1405 0.1884 0.3156 0.5060 0.4156 0.1549 0.1492 0.2193 0.3811 0.5055 0.3267 0.1413 0.1644 0.2597 0.4545 0.4769 0.2164 0.1401 0.1863 0.3094 0.4987 0.4882 0.4987 0.3094 0.1863 0.1401 0.2164 0.4769 0.4545 0.2597 0.1644 0.1413 0.3267 0.5055 0.3811 0.2193 0.1492 0.1549 0.4156 0.5060 0.3156 0.1884 0.1405 0.2089 0.4737 0.4598 0.2632 0.1659 0.1408 0.3182 0.5041 0.3872 0.2224 0.1504 0.1528 0.4077 0.5079 0.3234 0.1925 0.1414 0.1911 0.4625 0.4781 0.2798 0.1743 0.1394 0.2545 0.4865 0.4438 0.2579 0.1658 0.1522
0.1751 0.2631 0.4516 0.4829 0.2443 0.1394 0.1755 0.2819 0.4793 0.4625 0.1926 0.1412 0.1912 0.3196 0.5068 0.4140 0.1548 0.1492 0.2188 0.3796 0.5059 0.3298 0.1415 0.1638 0.2581 0.4520 0.4784 0.2203 0.1400 0.1855 0.3090 0.5035 0.4239 0.1579 0.1479 0.2152 0.3729 0.5071 0.3385 0.1421 0.1624 0.2545 0.4463 0.4815 0.2285 0.1398 0.1835 0.3043 0.5003 0.4400 0.2752 0.4400 0.5003 0.3043 0.1835 0.1398 0.2285 0.4815 0.4463 0.2545 0.1624 0.1421 0.3385 0.5071 0.3729 0.2152 0.1479 0.1579 0.4239 0.5035 0.3090 0.1855 0.1400 0.2203 0.4784 0.4520 0.2581 0.1638 0.1415 0.3298 0.5059 0.3796 0.2188 0.1492 0.1548 0.4140 0.5068 0.3196 0.1912 0.1412 0.1926 0.4625 0.4793 0.2819 0.1755 0.1394 0.2443 0.4829 0.4516 0.2631 0.1751
0.2689 0.4597 0.4786 0.2327 0.1395 0.1775 0.2855 0.4824 0.4605 0.1911 0.1412 0.1907 0.3176 0.5060 0.4184 0.1566 0.1482 0.2157 0.3729 0.5073 0.3403 0.1423 0.1619 0.2531 0.4439 0.4828 0.2323 0.1397 0.1827 0.3026 0.5003 0.4316 0.1614 0.1466 0.2113 0.3648 0.5085 0.3501 0.1431 0.1604 0.2494 0.4379 0.4857 0.2412 0.1395 0.1807 0.2982 0.4974 0.4386 0.1711 0.1365 0.1711 0.4386 0.4974 0.2982 0.1807 0.1395 0.2412 0.4857 0.4379 0.2494 0.1604 0.1431 0.3501 0.5085 0.3648 0.2113 0.1466 0.1614 0.4316 0.5003 0.3026 0.1827 0.1397 0.2323 0.4828 0.4439 0.2531 0.1619 0.1423 0.3403 0.5073 0.3729 0.2157 0.1482 0.1566 0.4184 0.5060 0.3176 0.1907 0.1412 0.1911 0.4605 0.4824 0.2855 0.1775 0.1395 0.2327 0.4786 0.4597 0.2689
0.4604 0.4738 0.2206 0.1397 0.1799 0.2904 0.4868 0.4569 0.1870 0.1414 0.1912 0.3176 0.5056 0.4207 0.1578 0.1476 0.2133 0.3674 0.5083 0.3495 0.1431 0.1601 0.2485 0.4360 0.4867 0.2446 0.1395 0.1799 0.2964 0.4964 0.4388 0.1653 0.1454 0.2076 0.3570 0.5094 0.3611 0.1442 0.1584 0.2445 0.4293 0.4896 0.2541 0.1394 0.1780 0.2920 0.4930 0.4441 0.1699 0.1416 0.1653 0.1416 0.1699 0.4441 0.4930 0.2920 0.1780 0.1394 0.2541 0.4896 0.4293 0.2445 0.1584 0.1442 0.3611 0.5094 0.3570 0.2076 0.1454 0.1653 0.4388 0.4964 0.2964 0.1799 0.1395 0.2446 0.4867 0.4360 0.2485 0.1601 0.1431 0.3495 0.5083 0.3674 0.2133 0.1476 0.1578 0.4207 0.5056 0.3176 0.1912 0.1414 0.1870 0.4569 0.4868 0.2904 0.1799 0.1397 0.2206 0.4738 0.4604
0.4712 0.2091 0.1400 0.1826 0.2962 0.4916 0.4519 0.1816 0.1418 0.1925 0.3196 0.5060 0.4207 0.1583 0.1472 0.2118 0.3634 0.5089 0.3570 0.1440 0.1586 0.2444 0.4285 0.4902 0.2568 0.1394 0.1773 0.2904 0.4917 0.4457 0.1701 0.1443 0.2041 0.3495 0.5099 0.3716 0.1455 0.1566 0.2397 0.4207 0.4932 0.2673 0.1394 0.1754 0.2859 0.4877 0.4506 0.1744 0.1431 0.1943 0.2621 0.1943 0.1431 0.1744 0.4506 0.4877 0.2859 0.1754 0.1394 0.2673 0.4932 0.4207 0.2397 0.1566 0.1455 0.3716 0.5099 0.3495 0.2041 0.1443 0.1701 0.4457 0.4917 0.2904 0.1773 0.1394 0.2568 0.4902 0.4285 0.2444 0.1586 0.1440 0.3570 0.5089 0.3634 0.2118 0.1472 0.1583 0.4207 0.5060 0.3196 0.1925 0.1418 0.1816 0.4519 0.4916 0.2962 0.1826 0.1400 0.2091 0.4712
0.2085 0.1405 0.1854 0.3024 0.4962 0.4459 0.1758 0.1425 0.1947 0.3234 0.5068 0.4184 0.1578 0.1472 0.2113 0.3613 0.5093 0.3623 0.1447 0.1574 0.2410 0.4218 0.4932 0.2681 0.1395 0.1749 0.2847 0.4863 0.4522 0.1758 0.1433 0.2006 0.3421 0.5100 0.3816 0.1470 0.1549 0.2351 0.4122 0.4964 0.2804 0.1396 0.1728 0.2800 0.4816 0.4569 0.1809 0.1425 0.1970 0.3257 0.4567 0.3257 0.1970 0.1425 0.1809 0.4569 0.4816 0.2800 0.1728 0.1396 0.2804 0.4964 0.4122 0.2351 0.1549 0.1470 0.3816 0.5100 0.3421 0.2006 0.1433 0.1758 0.4522 0.4863 0.2847 0.1749 0.1395 0.2681 0.4932 0.4218 0.2410 0.1574 0.1447 0.3623 0.5093 0.3613 0.2113 0.1472 0.1578 0.4184 0.5068 0.3234 0.1947 0.1425 0.1758 0.4459 0.4962 0.3024 0.1854 0.1405 0.2085
0.1521 0.1885 0.3089 0.5002 0.4391 0.1703 0.1433 0.1974 0.3287 0.5079 0.4140 0.1566 0.1476 0.2118 0.3613 0.5094 0.3651 0.1452 0.1566 0.2383 0.4163 0.4955 0.2782 0.1396 0.1728 0.2794 0.4806 0.4581 0.1825 0.1424 0.1973 0.3349 0.5097 0.3911 0.1487 0.1533 0.2308 0.4038 0.4993 0.2932 0.1399 0.1704 0.2742 0.4748 0.4629 0.1889 0.1417 0.1946 0.3276 0.5058 0.4777 0.5058 0.3276 0.1946 0.1417 0.1889 0.4629 0.4748 0.2742 0.1704 0.1399 0.2932 0.4993 0.4038 0.2308 0.1533 0.1487 0.3911 0.5097 0.3349 0.1973 0.1424 0.1825 0.4581 0.4806 0.2794 0.1728 0.1396 0.2782 0.4955 0.4163 0.2383 0.1566 0.1452 0.3651 0.5094 0.3613 0.2118 0.1476 0.1566 0.4140 0.5079 0.3287 0.1974 0.1433 0.1703 0.4391 0.5002 0.3089 0.1885 0.1521
0.1967 0.3157 0.5035 0.4317 0.1655 0.1443 0.2005 0.3349 0.5090 0.4077 0.1548 0.1482 0.2133 0.3634 0.5093 0.3651 0.1454 0.1562 0.2367 0.4124 0.4972 0.2864 0.1398 0.1710 0.2748 0.4748 0.4633 0.1900 0.1416 0.1942 0.3280 0.5089 0.4002 0.1507 0.1518 0.2265 0.3955 0.5018 0.3056 0.1403 0.1682 0.2687 0.4676 0.4684 0.1983 0.1410 0.1916 0.3222 0.5072 0.4202 0.2405 0.4202 0.5072 0.3222 0.1916 0.1410 0.1983 0.4684 0.4676 0.2687 0.1682 0.1403 0.3056 0.5018 0.3955 0.2265 0.1518 0.1507 0.4002 0.5089 0.3280 0.1942 0.1416 0.1900 0.4633 0.4748 0.2748 0.1710 0.1398 0.2864 0.4972 0.4124 0.2367 0.1562 0.1454 0.3651 0.5093 0.3634 0.2133 0.1482 0.1548 0.4077 0.5090 0.3349 0.2005 0.1443 0.1655 0.4317 0.5035 0.3157 0.1967
0.3200 0.5062 0.4239 0.1614 0.1454 0.2039 0.3418 0.5097 0.4001 0.1528 0.1492 0.2157 0.3674 0.5089 0.3623 0.1452 0.1562 0.2361 0.4103 0.4982 0.2922 0.1399 0.1695 0.2709 0.4694 0.4677 0.1979 0.1410 0.1913 0.3215 0.5076 0.4088 0.1529 0.1503 0.2224 0.3873 0.5040 0.3178 0.1408 0.1660 0.2634 0.4601 0.4735 0.2087 0.1405 0.1885 0.3157 0.5059 0.4179 0.1590 0.1366 0.1590 0.4179 0.5059 0.3157 0.1885 0.1405 0.2087 0.4735 0.4601 0.2634 0.1660 0.1408 0.3178 0.5040 0.3873 0.2224 0.1503 0.1529 0.4088 0.5076 0.3215 0.1913 0.1410 0.1979 0.4677 0.4694 0.2709 0.1695 0.1399 0.2922 0.4982 0.4103 0.2361 0.1562 0.1452 0.3623 0.5089 0.3674 0.2157 0.1492 0.1528 0.4001 0.5097 0.3418 0.2039 0.1454 0.1614 0.4239 0.5062 0.3200
0.5050 0.4157 0.1579 0.1466 0.2075 0.3492 0.5100 0.3914 0.1507 0.1504 0.2188 0.3729 0.5083 0.3570 0.1447 0.1566 0.2367 0.4103 0.4986 0.2951 0.1401 0.1685 0.2680 0.4648 0.4713 0.2056 0.1406 0.1887 0.3156 0.5059 0.4167 0.1554 0.1490 0.2184 0.3793 0.5059 0.3296 0.1415 0.1639 0.2583 0.4522 0.4782 0.2199 0.1400 0.1856 0.3092 0.5036 0.4241 0.1586 0.1444 0.1717 0.1444 0.1586 0.4241 0.5036 0.3092 0.1856 0.1400 0.2199 0.4782 0.4522 0.2583 0.1639 0.1415 0.3296 0.5059 0.3793 0.2184 0.1490 0.1554 0.4167 0.5059 0.3156 0.1887 0.1406 0.2056 0.4713 0.4648 0.2680 0.1685 0.1401 0.2951 0.4986 0.4103 0.2367 0.1566 0.1447 0.3570 0.5083 0.3729 0.2188 0.1504 0.1507 0.3914 0.5100 0.3492 0.2075 0.1466 0.1579 0.4157 0.5050
0.4113 0.1550 0.1479 0.2113 0.3569 0.5099 0.3819 0.1488 0.1518 0.2224 0.3796 0.5073 0.3495 0.1440 0.1574 0.2383 0.4124 0.4982 0.2951 0.1401 0.1680 0.2662 0.4615 0.4740 0.2122 0.1402 0.1865 0.3103 0.5038 0.4237 0.1581 0.1477 0.2146 0.3714 0.5074 0.3410 0.1423 0.1619 0.2532 0.4442 0.4826 0.2318 0.1397 0.1828 0.3028 0.5004 0.4314 0.1614 0.1461 0.2037 0.2777 0.2037 0.1461 0.1614 0.4314 0.5004 0.3028 0.1828 0.1397 0.2318 0.4826 0.4442 0.2532 0.1619 0.1423 0.3410 0.5074 0.3714 0.2146 0.1477 0.1581 0.4237 0.5038 0.3103 0.1865 0.1402 0.2122 0.4740 0.4615 0.2662 0.1680 0.1401 0.2951 0.4982 0.4124 0.2383 0.1574 0.1440 0.3495 0.5073 0.3796 0.2224 0.1518 0.1488 0.3819 0.5099 0.3569 0.2113 0.1479 0.1550 0.4113
0.1641 0.1492 0.2152 0.3648 0.5094 0.3719 0.1471 0.1533 0.2264 0.3872 0.5059 0.3403 0.1431 0.1586 0.2410 0.4163 0.4972 0.2922 0.1401 0.1680 0.2656 0.4598 0.4756 0.2171 0.1400 0.1848 0.3061 0.5016 0.4298 0.1609 0.1467 0.2112 0.3641 0.5086 0.3519 0.1433 0.1600 0.2483 0.4360 0.4867 0.2442 0.1395 0.1800 0.2966 0.4965 0.4386 0.1653 0.1454 0.2065 0.3457 0.4767 0.3457 0.2065 0.1454 0.1653 0.4386 0.4965 0.2966 0.1800 0.1395 0.2442 0.4867 0.4360 0.2483 0.1600 0.1433 0.3519 0.5086 0.3641 0.2112 0.1467 0.1609 0.4298 0.5016 0.3061 0.1848 0.1400 0.2171 0.4756 0.4598 0.2656 0.1680 0.1401 0.2922 0.4972 0.4163 0.2410 0.1586 0.1431 0.3403 0.5059 0.3872 0.2264 0.1533 0.1471 0.3719 0.5094 0.3648 0.2152 0.1492 0.1641
0.1597 0.2193 0.3729 0.5085 0.3612 0.1456 0.1549 0.2306 0.3952 0.5041 0.3298 0.1423 0.1601 0.2444 0.4218 0.4955 0.2864 0.1399 0.1685 0.2662 0.4598 0.4761 0.2197 0.1399 0.1836 0.3028 0.4995 0.4346 0.1636 0.1457 0.2082 0.3575 0.5094 0.3618 0.1444 0.1582 0.2437 0.4277 0.4904 0.2569 0.1394 0.1774 0.2906 0.4919 0.4455 0.1699 0.1443 0.2039 0.3476 0.5084 0.4646 0.5084 0.3476 0.2039 0.1443 0.1699 0.4455 0.4919 0.2906 0.1774 0.1394 0.2569 0.4904 0.4277 0.2437 0.1582 0.1444 0.3618 0.5094 0.3575 0.2082 0.1457 0.1636 0.4346 0.4995 0.3028 0.1836 0.1399 0.2197 0.4761 0.4598 0.2662 0.1685 0.1399 0.2864 0.4955 0.4218 0.2444 0.1601 0.1423 0.3298 0.5041 0.3952 0.2306 0.1549 0.1456 0.3612 0.5085 0.3729 0.2193 0.1597
0.2264 0.3812 0.5072 0.3501 0.1442 0.1566 0.2351 0.4035 0.5019 0.3182 0.1415 0.1619 0.2485 0.4285 0.4932 0.2782 0.1398 0.1695 0.2680 0.4615 0.4756 0.2197 0.1399 0.1830 0.3008 0.4979 0.4382 0.1661 0.1450 0.2056 0.3517 0.5099 0.3707 0.1455 0.1566 0.2393 0.4196 0.4938 0.2696 0.1395 0.1749 0.2847 0.4865 0.4520 0.1756 0.1433 0.2007 0.3419 0.5097 0.3968 0.2069 0.3968 0.5097 0.3419 0.2007 0.1433 0.1756 0.4520 0.4865 0.2847 0.1749 0.1395 0.2696 0.4938 0.4196 0.2393 0.1566 0.1455 0.3707 0.5099 0.3517 0.2056 0.1450 0.1661 0.4382 0.4979 0.3008 0.1830 0.1399 0.2197 0.4756 0.4615 0.2680 0.1695 0.1398 0.2782 0.4932 0.4285 0.2485 0.1619 0.1415 0.3182 0.5019 0.4035 0.2351 0.1566 0.1442 0.3501 0.5072 0.3812 0.2264
0.3838 0.5056 0.3386 0.1431 0.1584 0.2397 0.4120 0.4994 0.3061 0.1408 0.1638 0.2531 0.4360 0.4902 0.2681 0.1396 0.1710 0.2709 0.4648 0.4740 0.2171 0.1399 0.1830 0.3001 0.4971 0.4405 0.1680 0.1445 0.2036 0.3469 0.5100 0.3784 0.1467 0.1551 0.2353 0.4119 0.4967 0.2819 0.1396 0.1725 0.2790 0.4804 0.4581 0.1824 0.1424 0.1974 0.3351 0.5096 0.3934 0.1510 0.1375 0.1510 0.3934 0.5096 0.3351 0.1974 0.1424 0.1824 0.4581 0.4804 0.2790 0.1725 0.1396 0.2819 0.4967 0.4119 0.2353 0.1551 0.1467 0.3784 0.5100 0.3469 0.2036 0.1445 0.1680 0.4405 0.4971 0.3001 0.1830 0.1399 0.2171 0.4740 0.4648 0.2709 0.1710 0.1396 0.2681 0.4902 0.4360 0.2531 0.1638 0.1408 0.3061 0.4994 0.4120 0.2397 0.1584 0.1431 0.3386 0.5056 0.3838
0.5039 0.3268 0.1421 0.1603 0.2444 0.4206 0.4965 0.2935 0.1403 0.1659 0.2581 0.4439 0.4867 0.2568 0.1395 0.1728 0.2748 0.4694 0.4713 0.2122 0.1400 0.1836 0.3008 0.4971 0.4412 0.1691 0.1441 0.2023 0.3434 0.5100 0.3846 0.1479 0.1539 0.2318 0.4048 0.4992 0.2934 0.1399 0.1702 0.2735 0.4737 0.4638 0.1904 0.1416 0.1942 0.3282 0.5089 0.4004 0.1510 0.1480 0.1790 0.1480 0.1510 0.4004 0.5089 0.3282 0.1942 0.1416 0.1904 0.4638 0.4737 0.2735 0.1702 0.1399 0.2934 0.4992 0.4048 0.2318 0.1539 0.1479 0.3846 0.5100 0.3434 0.2023 0.1441 0.1691 0.4412 0.4971 0.3008 0.1836 0.1400 0.2122 0.4713 0.4694 0.2748 0.1728 0.1395 0.2568 0.4867 0.4439 0.2581 0.1659 0.1403 0.2935 0.4965 0.4206 0.2444 0.1603 0.1421 0.3268 0.5039
0.3210 0.1413 0.1623 0.2494 0.4292 0.4932 0.2805 0.1399 0.1681 0.2632 0.4520 0.4828 0.2446 0.1394 0.1749 0.2794 0.4748 0.4677 0.2056 0.1402 0.1848 0.3028 0.4979 0.4405 0.1691 0.1440 0.2015 0.3411 0.5099 0.3891 0.1488 0.1529 0.2288 0.3986 0.5012 0.3039 0.1403 0.1682 0.2684 0.4669 0.4691 0.1996 0.1410 0.1911 0.3214 0.5076 0.4087 0.1529 0.1498 0.2144 0.2951 0.2144 0.1498 0.1529 0.4087 0.5076 0.3214 0.1911 0.1410 0.1996 0.4691 0.4669 0.2684 0.1682 0.1403 0.3039 0.5012 0.3986 0.2288 0.1529 0.1488 0.3891 0.5099 0.3411 0.2015 0.1440 0.1691 0.4405 0.4979 0.3028 0.1848 0.1402 0.2056 0.4677 0.4748 0.2794 0.1749 0.1394 0.2446 0.4828 0.4520 0.2632 0.1681 0.1399 0.2805 0.4932 0.4292 0.2494 0.1623 0.1413 0.3210
0.1526 0.1644 0.2544 0.4378 0.4897 0.2674 0.1396 0.1704 0.2686 0.4598 0.4784 0.2323 0.1395 0.1773 0.2847 0.4806 0.4633 0.1979 0.1406 0.1865 0.3061 0.4995 0.4382 0.1680 0.1441 0.2015 0.3404 0.5099 0.3919 0.1496 0.1522 0.2265 0.3935 0.5028 0.3129 0.1407 0.1663 0.2639 0.4601 0.4738 0.2096 0.1404 0.1881 0.3148 0.5057 0.4169 0.1554 0.1489 0.2172 0.3674 0.4926 0.3674 0.2172 0.1489 0.1554 0.4169 0.5057 0.3148 0.1881 0.1404 0.2096 0.4738 0.4601 0.2639 0.1663 0.1407 0.3129 0.5028 0.3935 0.2265 0.1522 0.1496 0.3919 0.5099 0.3404 0.2015 0.1441 0.1680 0.4382 0.4995 0.3061 0.1865 0.1406 0.1979 0.4633 0.4806 0.2847 0.1773 0.1395 0.2323 0.4784 0.4598 0.2686 0.1704 0.1396 0.2674 0.4897 0.4378 0.2544 0.1644 0.1526
0.1738 0.2597 0.4462 0.4857 0.2542 0.1394 0.1728 0.2742 0.4675 0.4737 0.2203 0.1397 0.1799 0.2904 0.4863 0.4581 0.1900 0.1410 0.1887 0.3103 0.5016 0.4346 0.1661 0.1445 0.2023 0.3411 0.5099 0.3929 0.1500 0.1517 0.2249 0.3897 0.5040 0.3203 0.1411 0.1648 0.2598 0.4537 0.4778 0.2197 0.1400 0.1853 0.3084 0.5032 0.4248 0.1583 0.1477 0.2144 0.3693 0.5075 0.4485 0.5075 0.3693 0.2144 0.1477 0.1583 0.4248 0.5032 0.3084 0.1853 0.1400 0.2197 0.4778 0.4537 0.2598 0.1648 0.1411 0.3203 0.5040 0.3897 0.2249 0.1517 0.1500 0.3929 0.5099 0.3411 0.2023 0.1445 0.1661 0.4346 0.5016 0.3103 0.1887 0.1410 0.1900 0.4581 0.4863 0.2904 0.1799 0.1397 0.2203 0.4737 0.4675 0.2742 0.1728 0.1394 0.2542 0.4857 0.4462 0.2597 0.1738
0.2656 0.4546 0.4815 0.2412 0.1394 0.1754 0.2800 0.4747 0.4685 0.2089 0.1400 0.1827 0.2964 0.4917 0.4522 0.1825 0.1416 0.1913 0.3156 0.5038 0.4298 0.1636 0.1450 0.2036 0.3434 0.5099 0.3919 0.1500 0.1516 0.2240 0.3873 0.5048 0.3258 0.1415 0.1635 0.2563 0.4479 0.4813 0.2294 0.1397 0.1828 0.3026 0.5002 0.4321 0.1617 0.1465 0.2108 0.3633 0.5086 0.3696 0.1796 0.3696 0.5086 0.3633 0.2108 0.1465 0.1617 0.4321 0.5002 0.3026 0.1828 0.1397 0.2294 0.4813 0.4479 0.2563 0.1635 0.1415 0.3258 0.5048 0.3873 0.2240 0.1516 0.1500 0.3919 0.5099 0.3434 0.2036 0.1450 0.1636 0.4298 0.5038 0.3156 0.1913 0.1416 0.1825 0.4522 0.4917 0.2964 0.1827 0.1400 0.2089 0.4685 0.4747 0.2800 0.1754 0.1394 0.2412 0.4815 0.4546 0.2656
0.4554 0.4770 0.2285 0.1395 0.1780 0.2859 0.4815 0.4629 0.1983 0.1405 0.1855 0.3026 0.4964 0.4457 0.1758 0.1424 0.1942 0.3215 0.5059 0.4237 0.1609 0.1457 0.2056 0.3469 0.5100 0.3891 0.1496 0.1517 0.2240 0.3865 0.5051 0.3291 0.1417 0.1626 0.2537 0.4430 0.4841 0.2382 0.1396 0.1806 0.2973 0.4967 0.4387 0.1655 0.1454 0.2073 0.3561 0.5095 0.3654 0.1455 0.1392 0.1455 0.3654 0.5095 0.3561 0.2073 0.1454 0.1655 0.4387 0.4967 0.2973 0.1806 0.1396 0.2382 0.4841 0.4430 0.2537 0.1626 0.1417 0.3291 0.5051 0.3865 0.2240 0.1517 0.1496 0.3891 0.5100 0.3469 0.2056 0.1457 0.1609 0.4237 0.5059 0.3215 0.1942 0.1424 0.1758 0.4457 0.4964 0.3026 0.1855 0.1405 0.1983 0.4629 0.4815 0.2859 0.1780 0.1395 0.2285 0.4770 0.4554
0.4744 0.2164 0.1398 0.1807 0.2920 0.4877 0.4570 0.1889 0.1410 0.1884 0.3090 0.5003 0.4388 0.1701 0.1433 0.1973 0.3280 0.5076 0.4167 0.1581 0.1467 0.2082 0.3517 0.5100 0.3846 0.1488 0.1522 0.2249 0.3873 0.5051 0.3302 0.1419 0.1621 0.2519 0.4393 0.4862 0.2457 0.1395 0.1787 0.2927 0.4930 0.4446 0.1697 0.1444 0.2040 0.3490 0.5099 0.3732 0.1459 0.1521 0.1873 0.1521 0.1459 0.3732 0.5099 0.3490 0.2040 0.1444 0.1697 0.4446 0.4930 0.2927 0.1787 0.1395 0.2457 0.4862 0.4393 0.2519 0.1621 0.1419 0.3302 0.5051 0.3873 0.2249 0.1522 0.1488 0.3846 0.5100 0.3517 0.2082 0.1467 0.1581 0.4167 0.5076 0.3280 0.1973 0.1433 0.1701 0.4388 0.5003 0.3090 0.1884 0.1410 0.1889 0.4570 0.4877 0.2920 0.1807 0.1398 0.2164 0.4744
0.2150 0.1402 0.1836 0.2983 0.4931 0.4506 0.1809 0.1418 0.1916 0.3156 0.5035 0.4316 0.1653 0.1443 0.2006 0.3349 0.5089 0.4088 0.1554 0.1477 0.2112 0.3575 0.5099 0.3784 0.1479 0.1529 0.2265 0.3897 0.5048 0.3291 0.1419 0.1619 0.2509 0.4370 0.4876 0.2513 0.1394 0.1772 0.2888 0.4894 0.4496 0.1741 0.1435 0.2010 0.3423 0.5100 0.3822 0.1472 0.1541 0.2261 0.3140 0.2261 0.1541 0.1472 0.3822 0.5100 0.3423 0.2010 0.1435 0.1741 0.4496 0.4894 0.2888 0.1772 0.1394 0.2513 0.4876 0.4370 0.2509 0.1619 0.1419 0.3291 0.5048 0.3897 0.2265 0.1529 0.1479 0.3784 0.5099 0.3575 0.2112 0.1477 0.1554 0.4088 0.5089 0.3349 0.2006 0.1443 0.1653 0.4316 0.5035 0.3156 0.1916 0.1418 0.1809 0.4506 0.4931 0.2983 0.1836 0.1402 0.2150
0.1518 0.1865 0.3047 0.4977 0.4438 0.1741 0.1426 0.1948 0.3225 0.5060 0.4239 0.1614 0.1454 0.2041 0.3421 0.5097 0.4002 0.1529 0.1490 0.2146 0.3641 0.5094 0.3707 0.1467 0.1539 0.2288 0.3935 0.5040 0.3258 0.1417 0.1621 0.2509 0.4362 0.4883 0.2548 0.1394 0.1761 0.2858 0.4861 0.4537 0.1785 0.1428 0.1983 0.3363 0.5098 0.3907 0.1488 0.1531 0.2290 0.3905 0.5025 0.3905 0.2290 0.1531 0.1488 0.3907 0.5098 0.3363 0.1983 0.1428 0.1785 0.4537 0.4861 0.2858 0.1761 0.1394 0.2548 0.4883 0.4362 0.2509 0.1621 0.1417 0.3258 0.5040 0.3935 0.2288 0.1539 0.1467 0.3707 0.5094 0.3641 0.2146 0.1490 0.1529 0.4002 0.5097 0.3421 0.2041 0.1454 0.1614 0.4239 0.5060 0.3225 0.1948 0.1426 0.1741 0.4438 0.4977 0.3047 0.1865 0.1518
0.1948 0.3113 0.5015 0.4366 0.1686 0.1436 0.1981 0.3296 0.5079 0.4156 0.1579 0.1466 0.2076 0.3495 0.5100 0.3911 0.1507 0.1503 0.2184 0.3714 0.5086 0.3618 0.1455 0.1551 0.2318 0.3986 0.5028 0.3203 0.1415 0.1626 0.2519 0.4370 0.4883 0.2560 0.1394 0.1754 0.2838 0.4836 0.4568 0.1825 0.1422 0.1960 0.3311 0.5092 0.3983 0.1504 0.1519 0.2262 0.3928 0.5036 0.4290 0.5036 0.3928 0.2262 0.1519 0.1504 0.3983 0.5092 0.3311 0.1960 0.1422 0.1825 0.4568 0.4836 0.2838 0.1754 0.1394 0.2560 0.4883 0.4370 0.2519 0.1626 0.1415 0.3203 0.5028 0.3986 0.2318 0.1551 0.1455 0.3618 0.5086 0.3714 0.2184 0.1503 0.1507 0.3911 0.5100 0.3495 0.2076 0.1466 0.1579 0.4156 0.5079 0.3296 0.1981 0.1436 0.1686 0.4366 0.5015 0.3113 0.1948
0.3157 0.5046 0.4290 0.1640 0.1447 0.2016 0.3368 0.5091 0.4070 0.1549 0.1479 0.2113 0.3570 0.5099 0.3816 0.1487 0.1518 0.2224 0.3793 0.5074 0.3519 0.1444 0.1566 0.2353 0.4048 0.5012 0.3129 0.1411 0.1635 0.2537 0.4393 0.4876 0.2548 0.1394 0.1752 0.2827 0.4819 0.4588 0.1859 0.1418 0.1942 0.3267 0.5085 0.4048 0.1521 0.1507 0.2229 0.3874 0.5043 0.3379 0.1618 0.3379 0.5043 0.3874 0.2229 0.1507 0.1521 0.4048 0.5085 0.3267 0.1942 0.1418 0.1859 0.4588 0.4819 0.2827 0.1752 0.1394 0.2548 0.4876 0.4393 0.2537 0.1635 0.1411 0.3129 0.5012 0.4048 0.2353 0.1566 0.1444 0.3519 0.5074 0.3793 0.2224 0.1518 0.1487 0.3816 0.5099 0.3570 0.2113 0.1479 0.1549 0.4070 0.5091 0.3368 0.2016 0.1447 0.1640 0.4290 0.5046 0.3157
0.5036 0.4210 0.1601 0.1458 0.2052 0.3443 0.5098 0.3979 0.1524 0.1492 0.2152 0.3648 0.5094 0.3716 0.1470 0.1533 0.2265 0.3873 0.5059 0.3410 0.1433 0.1582 0.2393 0.4119 0.4992 0.3039 0.1407 0.1648 0.2563 0.4430 0.4862 0.2513 0.1394 0.1754 0.2827 0.4813 0.4599 0.1880 0.1416 0.1929 0.3233 0.5077 0.4102 0.1538 0.1496 0.2198 0.3812 0.5057 0.3320 0.1417 0.1418 0.1417 0.3320 0.5057 0.3812 0.2198 0.1496 0.1538 0.4102 0.5077 0.3233 0.1929 0.1416 0.1880 0.4599 0.4813 0.2827 0.1754 0.1394 0.2513 0.4862 0.4430 0.2563 0.1648 0.1407 0.3039 0.4992 0.4119 0.2393 0.1582 0.1433 0.3410 0.5059 0.3873 0.2265 0.1533 0.1470 0.3716 0.5094 0.3648 0.2152 0.1492 0.1524 0.3979 0.5098 0.3443 0.2052 0.1458 0.1601 0.4210 0.5036
0.4168 0.1568 0.1470 0.2089 0.3519 0.5100 0.3884 0.1501 0.1507 0.2193 0.3729 0.5085 0.3611 0.1455 0.1549 0.2308 0.3955 0.5040 0.3296 0.1423 0.1600 0.2437 0.4196 0.4967 0.2934 0.1403 0.1663 0.2598 0.4479 0.4841 0.2457 0.1394 0.1761 0.2838 0.4819 0.4599 0.1888 0.1414 0.1921 0.3210 0.5070 0.4143 0.1552 0.1488 0.2171 0.3754 0.5069 0.3387 0.1422 0.1573 0.1971 0.1573 0.1422 0.3387 0.5069 0.3754 0.2171 0.1488 0.1552 0.4143 0.5070 0.3210 0.1921 0.1414 0.1888 0.4599 0.4819 0.2838 0.1761 0.1394 0.2457 0.4841 0.4479 0.2598 0.1663 0.1403 0.2934 0.4967 0.4196 0.2437 0.1600 0.1423 0.3296 0.5040 0.3955 0.2308 0.1549 0.1455 0.3611 0.5085 0.3729 0.2193 0.1507 0.1501 0.3884 0.5100 0.3519 0.2089 0.1470 0.1568 0.4168
0.1656 0.1484 0.2127 0.3597 0.5098 0.3785 0.1482 0.1522 0.2234 0.3811 0.5071 0.3501 0.1442 0.1566 0.2351 0.4038 0.5018 0.3178 0.1415 0.1619 0.2483 0.4277 0.4938 0.2819 0.1399 0.1682 0.2639 0.4537 0.4813 0.2382 0.1395 0.1772 0.2858 0.4836 0.4588 0.1880 0.1414 0.1918 0.3198 0.5065 0.4171 0.1564 0.1481 0.2150 0.3705 0.5078 0.3463 0.1429 0.1597 0.2403 0.3363 0.2403 0.1597 0.1429 0.3463 0.5078 0.3705 0.2150 0.1481 0.1564 0.4171 0.5065 0.3198 0.1918 0.1414 0.1880 0.4588 0.4836 0.2858 0.1772 0.1395 0.2382 0.4813 0.4537 0.2639 0.1682 0.1399 0.2819 0.4938 0.4277 0.2483 0.1619 0.1415 0.3178 0.5018 0.4038 0.2351 0.1566 0.1442 0.3501 0.5071 0.3811 0.2234 0.1522 0.1482 0.3785 0.5098 0.3597 0.2127 0.1484 0.1656
0.1590 0.2167 0.3677 0.5091 0.3681 0.1465 0.1538 0.2277 0.3895 0.5055 0.3385 0.1431 0.1584 0.2397 0.4122 0.4993 0.3056 0.1408 0.1639 0.2532 0.4360 0.4904 0.2696 0.1396 0.1702 0.2684 0.4601 0.4778 0.2294 0.1396 0.1787 0.2888 0.4861 0.4568 0.1859 0.1416 0.1921 0.3198 0.5063 0.4186 0.1572 0.1477 0.2134 0.3667 0.5085 0.3530 0.1436 0.1590 0.2441 0.4175 0.5072 0.4175 0.2441 0.1590 0.1436 0.3530 0.5085 0.3667 0.2134 0.1477 0.1572 0.4186 0.5063 0.3198 0.1921 0.1416 0.1859 0.4568 0.4861 0.2888 0.1787 0.1396 0.2294 0.4778 0.4601 0.2684 0.1702 0.1396 0.2696 0.4904 0.4360 0.2532 0.1639 0.1408 0.3056 0.4993 0.4122 0.2397 0.1584 0.1431 0.3385 0.5055 0.3895 0.2277 0.1538 0.1465 0.3681 0.5091 0.3677 0.2167 0.1590
0.2239 0.3758 0.5080 0.3573 0.1451 0.1555 0.2321 0.3979 0.5035 0.3267 0.1421 0.1604 0.2445 0.4207 0.4964 0.2932 0.1403 0.1660 0.2583 0.4442 0.4867 0.2569 0.1395 0.1725 0.2735 0.4669 0.4738 0.2197 0.1397 0.1806 0.2927 0.4894 0.4537 0.1825 0.1418 0.1929 0.3210 0.5065 0.4186 0.1574 0.1475 0.2124 0.3640 0.5089 0.3582 0.1442 0.1580 0.2422 0.4218 0.4955 0.4027 0.4955 0.4218 0.2422 0.1580 0.1442 0.3582 0.5089 0.3640 0.2124 0.1475 0.1574 0.4186 0.5065 0.3210 0.1929 0.1418 0.1825 0.4537 0.4894 0.2927 0.1806 0.1397 0.2197 0.4738 0.4669 0.2735 0.1725 0.1395 0.2569 0.4867 0.4442 0.2583 0.1660 0.1403 0.2932 0.4964 0.4207 0.2445 0.1604 0.1421 0.3267 0.5035 0.3979 0.2321 0.1555 0.1451 0.3573 0.5080 0.3758 0.2239
0.3786 0.5067 0.3461 0.1438 0.1573 0.2367 0.4065 0.5011 0.3144 0.1413 0.1624 0.2494 0.4293 0.4932 0.2804 0.1399 0.1682 0.2634 0.4522 0.4826 0.2442 0.1394 0.1749 0.2790 0.4737 0.4691 0.2096 0.1400 0.1828 0.2973 0.4930 0.4496 0.1785 0.1422 0.1942 0.3233 0.5070 0.4171 0.1572 0.1475 0.2121 0.3627 0.5091 0.3618 0.1447 0.1572 0.2398 0.4186 0.4951 0.2956 0.1498 0.2956 0.4951 0.4186 0.2398 0.1572 0.1447 0.3618 0.5091 0.3627 0.2121 0.1475 0.1572 0.4171 0.5070 0.3233 0.1942 0.1422 0.1785 0.4496 0.4930 0.2973 0.1828 0.1400 0.2096 0.4691 0.4737 0.2790 0.1749 0.1394 0.2442 0.4826 0.4522 0.2634 0.1682 0.1399 0.2804 0.4932 0.4293 0.2494 0.1624 0.1413 0.3144 0.5011 0.4065 0.2367 0.1573 0.1438 0.3461 0.5067 0.3786
0.5050 0.3344 0.1427 0.1591 0.2414 0.4151 0.4984 0.3018 0.1406 0.1644 0.2545 0.4379 0.4896 0.2673 0.1396 0.1704 0.2687 0.4601 0.4782 0.2318 0.1395 0.1774 0.2847 0.4804 0.4638 0.1996 0.1404 0.1853 0.3026 0.4967 0.4446 0.1741 0.1428 0.1960 0.3267 0.5077 0.4143 0.1564 0.1477 0.2124 0.3627 0.5092 0.3636 0.1451 0.1566 0.2380 0.4149 0.4964 0.2858 0.1390 0.1459 0.1390 0.2858 0.4964 0.4149 0.2380 0.1566 0.1451 0.3636 0.5092 0.3627 0.2124 0.1477 0.1564 0.4143 0.5077 0.3267 0.1960 0.1428 0.1741 0.4446 0.4967 0.3026 0.1853 0.1404 0.1996 0.4638 0.4804 0.2847 0.1774 0.1395 0.2318 0.4782 0.4601 0.2687 0.1704 0.1396 0.2673 0.4896 0.4379 0.2545 0.1644 0.1406 0.3018 0.4984 0.4151 0.2414 0.1591 0.1427 0.3344 0.5050
0.3287 0.1418 0.1611 0.2462 0.4237 0.4954 0.2889 0.1401 0.1666 0.2597 0.4463 0.4857 0.2541 0.1394 0.1728 0.2742 0.4676 0.4735 0.2199 0.1397 0.1800 0.2906 0.4865 0.4581 0.1904 0.1410 0.1881 0.3084 0.5002 0.4387 0.1697 0.1435 0.1983 0.3311 0.5085 0.4102 0.1552 0.1481 0.2134 0.3640 0.5091 0.3636 0.1452 0.1563 0.2369 0.4122 0.4975 0.2891 0.1397 0.1649 0.2108 0.1649 0.1397 0.2891 0.4975 0.4122 0.2369 0.1563 0.1452 0.3636 0.5091 0.3640 0.2134 0.1481 0.1552 0.4102 0.5085 0.3311 0.1983 0.1435 0.1697 0.4387 0.5002 0.3084 0.1881 0.1410 0.1904 0.4581 0.4865 0.2906 0.1800 0.1397 0.2199 0.4735 0.4676 0.2742 0.1728 0.1394 0.2541 0.4857 0.4463 0.2597 0.1666 0.1401 0.2889 0.4954 0.4237 0.2462 0.1611 0.1418 0.3287
0.1530 0.1631 0.2512 0.4323 0.4920 0.2758 0.1398 0.1689 0.2651 0.4545 0.4815 0.2412 0.1394 0.1754 0.2800 0.4748 0.4684 0.2087 0.1400 0.1828 0.2966 0.4919 0.4520 0.1824 0.1416 0.1911 0.3148 0.5032 0.4321 0.1655 0.1444 0.2010 0.3363 0.5092 0.4048 0.1538 0.1488 0.2150 0.3667 0.5089 0.3618 0.1451 0.1563 0.2365 0.4108 0.4982 0.2928 0.1400 0.1682 0.2602 0.3666 0.2602 0.1682 0.1400 0.2928 0.4982 0.4108 0.2365 0.1563 0.1451 0.3618 0.5089 0.3667 0.2150 0.1488 0.1538 0.4048 0.5092 0.3363 0.2010 0.1444 0.1655 0.4321 0.5032 0.3148 0.1911 0.1416 0.1824 0.4520 0.4919 0.2966 0.1828 0.1400 0.2087 0.4684 0.4748 0.2800 0.1754 0.1394 0.2412 0.4815 0.4545 0.2651 0.1689 0.1398 0.2758 0.4920 0.4323 0.2512 0.1631 0.1530
0.1725 0.2563 0.4408 0.4883 0.2626 0.1395 0.1713 0.2706 0.4625 0.4769 0.2285 0.1395 0.1780 0.2859 0.4816 0.4629 0.1983 0.1405 0.1856 0.3028 0.4965 0.4455 0.1756 0.1424 0.1942 0.3214 0.5057 0.4248 0.1617 0.1454 0.2040 0.3423 0.5098 0.3983 0.1521 0.1496 0.2171 0.3705 0.5085 0.3582 0.1447 0.1566 0.2369 0.4108 0.4984 0.2949 0.1401 0.1682 0.2658 0.4518 0.5060 0.4518 0.2658 0.1682 0.1401 0.2949 0.4984 0.4108 0.2369 0.1566 0.1447 0.3582 0.5085 0.3705 0.2171 0.1496 0.1521 0.3983 0.5098 0.3423 0.2040 0.1454 0.1617 0.4248 0.5057 0.3214 0.1942 0.1424 0.1756 0.4455 0.4965 0.3028 0.1856 0.1405 0.1983 0.4629 0.4816 0.2859 0.1780 0.1395 0.2285 0.4769 0.4625 0.2706 0.1713 0.1395 0.2626 0.4883 0.4408 0.2563 0.1725
0.2623 0.4493 0.4843 0.2495 0.1394 0.1737 0.2762 0.4701 0.4719 0.2164 0.1398 0.1807 0.2920 0.4877 0.4569 0.1889 0.1410 0.1885 0.3092 0.5004 0.4386 0.1699 0.1433 0.1974 0.3282 0.5076 0.4169 0.1583 0.1465 0.2073 0.3490 0.5100 0.3907 0.1504 0.1507 0.2198 0.3754 0.5078 0.3530 0.1442 0.1572 0.2380 0.4122 0.4982 0.2949 0.1401 0.1679 0.2657 0.4588 0.4800 0.3622 0.4800 0.4588 0.2657 0.1679 0.1401 0.2949 0.4982 0.4122 0.2380 0.1572 0.1442 0.3530 0.5078 0.3754 0.2198 0.1507 0.1504 0.3907 0.5100 0.3490 0.2073 0.1465 0.1583 0.4169 0.5076 0.3282 0.1974 0.1433 0.1699 0.4386 0.5004 0.3092 0.1885 0.1410 0.1889 0.4569 0.4877 0.2920 0.1807 0.1398 0.2164 0.4719 0.4701 0.2762 0.1737 0.1394 0.2495 0.4843 0.4493 0.2623
0.4502 0.4800 0.2368 0.1394 0.1762 0.2820 0.4772 0.4666 0.2052 0.1401 0.1835 0.2982 0.4930 0.4506 0.1809 0.1417 0.1916 0.3157 0.5036 0.4314 0.1653 0.1443 0.2007 0.3351 0.5089 0.4087 0.1554 0.1477 0.2108 0.3561 0.5099 0.3822 0.1488 0.1519 0.2229 0.3812 0.5069 0.3463 0.1436 0.1580 0.2398 0.4149 0.4975 0.2928 0.1401 0.1679 0.2654 0.4591 0.4769 0.2374 0.1413 0.2374 0.4769 0.4591 0.2654 0.1679 0.1401 0.2928 0.4975 0.4149 0.2398 0.1580 0.1436 0.3463 0.5069 0.3812 0.2229 0.1519 0.1488 0.3822 0.5099 0.3561 0.2108 0.1477 0.1554 0.4087 0.5089 0.3351 0.2007 0.1443 0.1653 0.4314 0.5036 0.3157 0.1916 0.1417 0.1809 0.4506 0.4930 0.2982 0.1835 0.1401 0.2052 0.4666 0.4772 0.2820 0.1762 0.1394 0.2368 0.4800 0.4502
0.4778 0.2248 0.1395 0.1787 0.2877 0.4834 0.4612 0.1954 0.1406 0.1863 0.3043 0.4974 0.4441 0.1744 0.1425 0.1946 0.3222 0.5059 0.4241 0.1614 0.1454 0.2039 0.3419 0.5096 0.4004 0.1529 0.1489 0.2144 0.3633 0.5095 0.3732 0.1472 0.1531 0.2262 0.3874 0.5057 0.3387 0.1429 0.1590 0.2422 0.4186 0.4964 0.2891 0.1400 0.1682 0.2657 0.4591 0.4766 0.2236 0.1382 0.1526 0.1382 0.2236 0.4766 0.4591 0.2657 0.1682 0.1400 0.2891 0.4964 0.4186 0.2422 0.1590 0.1429 0.3387 0.5057 0.3874 0.2262 0.1531 0.1472 0.3732 0.5095 0.3633 0.2144 0.1489 0.1529 0.4004 0.5096 0.3419 0.2039 0.1454 0.1614 0.4241 0.5059 0.3222 0.1946 0.1425 0.1744 0.4441 0.4974 0.3043 0.1863 0.1406 0.1954 0.4612 0.4834 0.2877 0.1787 0.1395 0.2248 0.4778
0.2252 0.1396 0.1807 0.2924 0.4879 0.4564 0.1882 0.1409 0.1884 0.3094 0.5003 0.4386 0.1699 0.1431 0.1970 0.3276 0.5072 0.4179 0.1586 0.1461 0.2065 0.3476 0.5097 0.3934 0.1510 0.1498 0.2172 0.3693 0.5086 0.3654 0.1459 0.1541 0.2290 0.3928 0.5043 0.3320 0.1422 0.1597 0.2441 0.4218 0.4951 0.2858 0.1397 0.1682 0.2658 0.4588 0.4769 0.2236 0.1393 0.1761 0.2303 0.1761 0.1393 0.2236 0.4769 0.4588 0.2658 0.1682 0.1397 0.2858 0.4951 0.4218 0.2441 0.1597 0.1422 0.3320 0.5043 0.3928 0.2290 0.1541 0.1459 0.3654 0.5086 0.3693 0.2172 0.1498 0.1510 0.3934 0.5097 0.3476 0.2065 0.1461 0.1586 0.4179 0.5072 0.3276 0.1970 0.1431 0.1699 0.4386 0.5003 0.3094 0.1884 0.1409 0.1882 0.4564 0.4879 0.2924 0.1807 0.1396 0.2252
0.1499 0.1782 0.2900 0.4861 0.4570 0.1909 0.1395 0.1859 0.3073 0.4987 0.4400 0.1711 0.1416 0.1943 0.3257 0.5058 0.4202 0.1590 0.1444 0.2037 0.3457 0.5084 0.3968 0.1510 0.1480 0.2144 0.3674 0.5075 0.3696 0.1455 0.1521 0.2261 0.3905 0.5036 0.3379 0.1417 0.1573 0.2403 0.4175 0.4955 0.2956 0.1390 0.1649 0.2602 0.4518 0.4800 0.2374 0.1382 0.1761 0.2806 0.3976 0.2806 0.1761 0.1382 0.2374 0.4800 0.4518 0.2602 0.1649 0.1390 0.2956 0.4955 0.4175 0.2403 0.1573 0.1417 0.3379 0.5036 0.3905 0.2261 0.1521 0.1455 0.3696 0.5075 0.3674 0.2144 0.1480 0.1510 0.3968 0.5084 0.3457 0.2037 0.1444 0.1590 0.4202 0.5058 0.3257 0.1943 0.1416 0.1711 0.4400 0.4987 0.3073 0.1859 0.1395 0.1909 0.4570 0.4861 0.2900 0.1782 0.1499
0.1633 0.2351 0.4116 0.4965 0.3092 0.1373 0.1596 0.2478 0.4345 0.4882 0.2752 0.1365 0.1653 0.2621 0.4567 0.4777 0.2405 0.1366 0.1717 0.2777 0.4767 0.4646 0.2069 0.1375 0.1790 0.2951 0.4926 0.4485 0.1796 0.1392 0.1873 0.3140 0.5025 0.4290 0.1618 0.1418 0.1971 0.3363 0.5072 0.4027 0.1498 0.1459 0.2108 0.3666 0.5060 0.3622 0.1413 0.1526 0.2303 0.3976 0.5016 0.3976 0.2303 0.1526 0.1413 0.3622 0.5060 0.3666 0.2108 0.1459 0.1498 0.4027 0.5072 0.3363 0.1971 0.1418 0.1618 0.4290 0.5025 0.3140 0.1873 0.1392 0.1796 0.4485 0.4926 0.2951 0.1790 0.1375 0.2069 0.4646 0.4767 0.2777 0.1717 0.1366 0.2405 0.4777 0.4567 0.2621 0.1653 0.1365 0.2752 0.4882 0.4345 0.2478 0.1596 0.1373 0.3092 0.4965 0.4116 0.2351 0.1633
0.1499 0.1782 0.2900 0.4861 0.4570 0.1909 0.1395 0.1859 0.3073 0.4987 0.4400 0.1711 0.1416 0.1943 0.3257 0.5058 0.4202 0.1590 0.1444 0.2037 0.3457 0.5084 0.3968 0.1510 0.1480 0.2144 0.3674 0.5075 0.3696 0.1455 0.1521 0.2261 0.3905 0.5036 0.3379 0.1417 0.1573 0.2403 0.4175 0.4955 0.2956 0.1390 0.1649 0.2602 0.4518 0.4800 0.2374 0.1382 0.1761 0.2806 0.3976 0.2806 0.1761 0.1382 0.2374 0.4800 0.4518 0.2602 0.1649 0.1390 0.2956 0.4955 0.4175 0.2403 0.1573 0.1417 0.3379 0.5036 0.3905 0.2261 0.1521 0.1455 0.3696 0.5075 0.3674 0.2144 0.1480 0.1510 0.3968 0.5084 0.3457 0.2037 0.1444 0.1590 0.4202 0.5058 0.3257 0.1943 0.1416 0.1711 0.4400 0.4987 0.3073 0.1859 0.1395 0.1909 0.4570 0.4861 0.2900 0.1782 0.1499
0.2252 0.1396 0.1807 0.2924 0.4879 0.4564 0.1882 0.1409 0.1884 0.3094 0.5003 0.4386 0.1699 0.1431 0.1970 0.3276 0.5072 0.4179 0.1586 0.1461 0.2065 0.3476 0.5097 0.3934 0.1510 0.1498 0.2172 0.3693 0.5086 0.3654 0.1459 0.1541 0.2290 0.3928 0.5043 0.3320 0.1422 0.1597 0.2441 0.4218 0.4951 0.2858 0.1397 0.1682 0.2658 0.4588 0.4769 0.2236 0.1393 0.1761 0.2303 0.1761 0.1393 0.2236 0.4769 0.4588 0.2658 0.1682 0.1397 0.2858 0.4951 0.4218 0.2441 0.1597 0.1422 0.3320 0.5043 0.3928 0.2290 0.1541 0.1459 0.3654 0.5086 0.3693 0.2172 0.1498 0.1510 0.3934 0.5097 0.3476 0.2065 0.1461 0.1586 0.4179 0.5072 0.3276 0.1970 0.1431 0.1699 0.4386 0.5003 0.3094 0.1884 0.1409 0.1882 0.4564 0.4879 0.2924 0.1807 0.1396 0.2252
0.4778 0.2248 0.1395 0.1787 0.2877 0.4834 0.4612 0.1954 0.1406 0.1863 0.3043 0.4974 0.4441 0.1744 0.1425 0.1946 0.3222 0.5059 0.4241 0.1614 0.1454 0.2039 0.3419 0.5096 0.4004 0.1529 0.1489 0.2144 0.3633 0.5095 0.3732 0.1472 0.1531 0.2262 0.3874 0.5057 0.3387 0.1429 0.1590 0.2422 0.4186 0.4964 0.2891 0.1400 0.1682 0.2657 0.4591 0.4766 0.2236 0.1382 0.1526 0.1382 0.2236 0.4766 0.4591 0.2657 0.1682 0.1400 0.2891 0.4964 0.4186 0.2422 0.1590 0.1429 0.3387 0.5057 0.3874 0.2262 0.1531 0.1472 0.3732 0.5095 0.3633 0.2144 0.1489 0.1529 0.4004 0.5096 0.3419 0.2039 0.1454 0.1614 0.4241 0.5059 0.3222 0.1946 0.1425 0.1744 0.4441 0.4974 0.3043 0.1863 0.1406 0.1954 0.4612 0.4834 0.2877 0.1787 0.1395 0.2248 0.4778
0.4502 0.4800 0.2368 0.1394 0.1762 0.2820 0.4772 0.4666 0.2052 0.1401 0.1835 0.2982 0.4930 0.4506 0.1809 0.1417 0.1916 0.3157 0.5036 0.4314 0.1653 0.1443 0.2007 0.3351 0.5089 0.4087 0.1554 0.1477 0.2108 0.3561 0.5099 0.3822 0.1488 0.1519 0.2229 0.3812 0.5069 0.3463 0.1436 0.1580 0.2398 0.4149 0.4975 0.2928 0.1401 0.1679 0.2654 0.4591 0.4769 0.2374 0.1413 0.2374 0.4769 0.4591 0.2654 0.1679 0.1401 0.2928 0.4975 0.4149 0.2398 0.1580 0.1436 0.3463 0.5069 0.3812 0.2229 0.1519 0.1488 0.3822 0.5099 0.3561 0.2108 0.1477 0.1554 0.4087 0.5089 0.3351 0.2007 0.1443 0.1653 0.4314 0.5036 0.3157 0.1916 0.1417 0.1809 0.4506 0.4930 0.2982 0.1835 0.1401 0.2052 0.4666 0.4772 0.2820 0.1762 0.1394 0.2368 0.4800 0.4502
0.2623 0.4493 0.4843 0.2495 0.1394 0.1737 0.2762 0.4701 0.4719 0.2164 0.1398 0.1807 0.2920 0.4877 0.4569 0.1889 0.1410 0.1885 0.3092 0.5004 0.4386 0.1699 0.1433 0.1974 0.3282 0.5076 0.4169 0.1583 0.1465 0.2073 0.3490 0.5100 0.3907 0.1504 0.1507 0.2198 0.3754 0.5078 0.3530 0.1442 0.1572 0.2380 0.4122 0.4982 0.2949 0.1401 0.1679 0.2657 0.4588 0.4800 0.3622 0.4800 0.4588 0.2657 0.1679 0.1401 0.2949 0.4982 0.4122 0.2380 0.1572 0.1442 0.3530 0.5078 0.3754 0.2198 0.1507 0.1504 0.3907 0.5100 0.3490 0.2073 0.1465 0.1583 0.4169 0.5076 0.3282 0.1974 0.1433 0.1699 0.4386 0.5004 0.3092 0.1885 0.1410 0.1889 0.4569 0.4877 0.2920 0.1807 0.1398 0.2164 0.4719 0.4701 0.2762 0.1737 0.1394 0.2495 0.4843 0.4493 0.2623
