1.0000 0.0008 0.0024 0.0080 0.0260 0.0841 0.2723 0.8820 1.0000 1.0000 1.0000 0.0011 0.0034 0.0111 0.0361 0.1168 0.3784 1.0000 1.0000 1.0000 0.0005 0.0015 0.0048 0.0155 0.0501 0.1623 0.5258 1.0000 1.0000 1.0000 0.0006 0.0020 0.0066 0.0215 0.0696 0.2256 0.7307 1.0000 1.0000 1.0000 0.0009 0.0028 0.0092 0.0298 0.0966 0.3129 1.0000 1.0000 1.0000 0.0004 0.0011 0.0004 1.0000 1.0000 1.0000 0.3129 0.0966 0.0298 0.0092 0.0028 0.0009 1.0000 1.0000 1.0000 0.7307 0.2256 0.0696 0.0215 0.0066 0.0020 0.0006 1.0000 1.0000 1.0000 0.5258 0.1623 0.0501 0.0155 0.0048 0.0015 0.0005 1.0000 1.0000 1.0000 0.3784 0.1168 0.0361 0.0111 0.0034 0.0011 1.0000 1.0000 1.0000 0.8820 0.2723 0.0841 0.0260 0.0080 0.0024 0.0008 1.0000
0.0008 0.0053 0.0154 0.0508 0.1639 0.5318 1.0000 1.0000 1.0000 1.0000 0.0021 0.0067 0.0217 0.0704 0.2282 0.7391 1.0000 1.0000 1.0000 0.0009 0.0029 0.0093 0.0302 0.0979 0.3171 1.0000 1.0000 1.0000 1.0000 0.0012 0.0040 0.0130 0.0419 0.1360 0.4397 1.0000 1.0000 1.0000 1.0000 0.0017 0.0056 0.0180 0.0582 0.1886 0.6111 1.0000 1.0000 1.0000 0.0007 0.0028 0.0063 0.0028 0.0007 1.0000 1.0000 1.0000 0.6111 0.1886 0.0582 0.0180 0.0056 0.0017 1.0000 1.0000 1.0000 1.0000 0.4397 0.1360 0.0419 0.0130 0.0040 0.0012 1.0000 1.0000 1.0000 1.0000 0.3171 0.0979 0.0302 0.0093 0.0029 0.0009 1.0000 1.0000 1.0000 0.7391 0.2282 0.0704 0.0217 0.0067 0.0021 1.0000 1.0000 1.0000 1.0000 0.5318 0.1639 0.0508 0.0154 0.0053 0.0008
0.0024 0.0154 0.0461 0.1510 0.4892 1.0000 1.0000 1.0000 1.0000 0.0019 0.0062 0.0200 0.0648 0.2098 0.6797 1.0000 1.0000 1.0000 0.0008 0.0026 0.0086 0.0278 0.0900 0.2916 0.9445 1.0000 1.0000 1.0000 0.0011 0.0037 0.0119 0.0386 0.1251 0.4052 1.0000 1.0000 1.0000 1.0000 0.0016 0.0051 0.0165 0.0536 0.1735 0.5620 1.0000 1.0000 1.0000 0.0007 0.0022 0.0082 0.0187 0.0082 0.0022 0.0007 1.0000 1.0000 1.0000 0.5620 0.1735 0.0536 0.0165 0.0051 0.0016 1.0000 1.0000 1.0000 1.0000 0.4052 0.1251 0.0386 0.0119 0.0037 0.0011 1.0000 1.0000 1.0000 0.9445 0.2916 0.0900 0.0278 0.0086 0.0026 0.0008 1.0000 1.0000 1.0000 0.6797 0.2098 0.0648 0.0200 0.0062 0.0019 1.0000 1.0000 1.0000 1.0000 0.4892 0.1510 0.0461 0.0154 0.0024
0.0080 0.0508 0.1510 0.4976 1.0000 1.0000 1.0000 1.0000 0.0019 0.0063 0.0204 0.0660 0.2139 0.6928 1.0000 1.0000 1.0000 0.0008 0.0027 0.0087 0.0283 0.0918 0.2972 0.9627 1.0000 1.0000 1.0000 0.0012 0.0038 0.0122 0.0394 0.1275 0.4130 1.0000 1.0000 1.0000 1.0000 0.0016 0.0052 0.0169 0.0546 0.1768 0.5728 1.0000 1.0000 1.0000 0.0007 0.0022 0.0073 0.0271 0.0615 0.0271 0.0073 0.0022 0.0007 1.0000 1.0000 1.0000 0.5728 0.1768 0.0546 0.0169 0.0052 0.0016 1.0000 1.0000 1.0000 1.0000 0.4130 0.1275 0.0394 0.0122 0.0038 0.0012 1.0000 1.0000 1.0000 0.9627 0.2972 0.0918 0.0283 0.0087 0.0027 0.0008 1.0000 1.0000 1.0000 0.6928 0.2139 0.0660 0.0204 0.0063 0.0019 1.0000 1.0000 1.0000 1.0000 0.4976 0.1510 0.0508 0.0080
0.0260 0.1639 0.4892 1.0000 1.0000 1.0000 1.0000 0.0020 0.0063 0.0205 0.0663 0.2147 0.6954 1.0000 1.0000 1.0000 0.0008 0.0027 0.0088 0.0284 0.0921 0.2983 0.9663 1.0000 1.0000 1.0000 0.0012 0.0038 0.0122 0.0395 0.1280 0.4146 1.0000 1.0000 1.0000 1.0000 0.0016 0.0052 0.0169 0.0548 0.1775 0.5750 1.0000 1.0000 1.0000 0.0007 0.0022 0.0072 0.0236 0.0882 0.2001 0.0882 0.0236 0.0072 0.0022 0.0007 1.0000 1.0000 1.0000 0.5750 0.1775 0.0548 0.0169 0.0052 0.0016 1.0000 1.0000 1.0000 1.0000 0.4146 0.1280 0.0395 0.0122 0.0038 0.0012 1.0000 1.0000 1.0000 0.9663 0.2983 0.0921 0.0284 0.0088 0.0027 0.0008 1.0000 1.0000 1.0000 0.6954 0.2147 0.0663 0.0205 0.0063 0.0020 1.0000 1.0000 1.0000 1.0000 0.4892 0.1639 0.0260
0.0841 0.5318 1.0000 1.0000 1.0000 1.0000 0.0020 0.0064 0.0206 0.0667 0.2159 0.6994 1.0000 1.0000 1.0000 0.0008 0.0027 0.0088 0.0286 0.0926 0.3000 0.9719 1.0000 1.0000 1.0000 0.0012 0.0038 0.0123 0.0397 0.1287 0.4169 1.0000 1.0000 1.0000 1.0000 0.0016 0.0053 0.0170 0.0551 0.1785 0.5783 1.0000 1.0000 1.0000 0.0007 0.0023 0.0073 0.0236 0.0769 0.2872 0.6506 0.2872 0.0769 0.0236 0.0073 0.0023 0.0007 1.0000 1.0000 1.0000 0.5783 0.1785 0.0551 0.0170 0.0053 0.0016 1.0000 1.0000 1.0000 1.0000 0.4169 0.1287 0.0397 0.0123 0.0038 0.0012 1.0000 1.0000 1.0000 0.9719 0.3000 0.0926 0.0286 0.0088 0.0027 0.0008 1.0000 1.0000 1.0000 0.6994 0.2159 0.0667 0.0206 0.0064 0.0020 1.0000 1.0000 1.0000 1.0000 0.5318 0.0841
0.2723 1.0000 1.0000 1.0000 1.0000 0.0020 0.0064 0.0207 0.0670 0.2172 0.7034 1.0000 1.0000 1.0000 0.0008 0.0027 0.0089 0.0288 0.0932 0.3018 0.9774 1.0000 1.0000 1.0000 0.0012 0.0038 0.0123 0.0400 0.1295 0.4193 1.0000 1.0000 1.0000 1.0000 0.0016 0.0053 0.0171 0.0554 0.1795 0.5816 1.0000 1.0000 1.0000 0.0007 0.0023 0.0073 0.0238 0.0767 0.2504 0.9356 1.0000 0.9356 0.2504 0.0767 0.0238 0.0073 0.0023 0.0007 1.0000 1.0000 1.0000 0.5816 0.1795 0.0554 0.0171 0.0053 0.0016 1.0000 1.0000 1.0000 1.0000 0.4193 0.1295 0.0400 0.0123 0.0038 0.0012 1.0000 1.0000 1.0000 0.9774 0.3018 0.0932 0.0288 0.0089 0.0027 0.0008 1.0000 1.0000 1.0000 0.7034 0.2172 0.0670 0.0207 0.0064 0.0020 1.0000 1.0000 1.0000 1.0000 0.2723
0.8820 1.0000 1.0000 1.0000 0.0020 0.0064 0.0207 0.0673 0.2180 0.7074 1.0000 1.0000 1.0000 0.0009 0.0028 0.0089 0.0289 0.0937 0.3035 0.9830 1.0000 1.0000 1.0000 0.0012 0.0038 0.0124 0.0402 0.1302 0.4217 1.0000 1.0000 1.0000 1.0000 0.0016 0.0053 0.0172 0.0557 0.1806 0.5849 1.0000 1.0000 1.0000 0.0007 0.0023 0.0074 0.0239 0.0775 0.2500 0.8159 1.0000 1.0000 1.0000 0.8159 0.2500 0.0775 0.0239 0.0074 0.0023 0.0007 1.0000 1.0000 1.0000 0.5849 0.1806 0.0557 0.0172 0.0053 0.0016 1.0000 1.0000 1.0000 1.0000 0.4217 0.1302 0.0402 0.0124 0.0038 0.0012 1.0000 1.0000 1.0000 0.9830 0.3035 0.0937 0.0289 0.0089 0.0028 0.0009 1.0000 1.0000 1.0000 0.7074 0.2180 0.0673 0.0207 0.0064 0.0020 1.0000 1.0000 1.0000 0.8820
1.0000 1.0000 1.0000 0.0019 0.0063 0.0206 0.0670 0.2180 0.7101 1.0000 1.0000 1.0000 0.0009 0.0028 0.0090 0.0291 0.0942 0.3052 0.9887 1.0000 1.0000 1.0000 0.0012 0.0039 0.0125 0.0404 0.1309 0.4241 1.0000 1.0000 1.0000 1.0000 0.0016 0.0053 0.0173 0.0561 0.1816 0.5882 1.0000 1.0000 1.0000 0.0007 0.0023 0.0074 0.0241 0.0779 0.2524 0.8143 1.0000 1.0000 1.0000 1.0000 1.0000 0.8143 0.2524 0.0779 0.0241 0.0074 0.0023 0.0007 1.0000 1.0000 1.0000 0.5882 0.1816 0.0561 0.0173 0.0053 0.0016 1.0000 1.0000 1.0000 1.0000 0.4241 0.1309 0.0404 0.0125 0.0039 0.0012 1.0000 1.0000 1.0000 0.9887 0.3052 0.0942 0.0291 0.0090 0.0028 0.0009 1.0000 1.0000 1.0000 0.7101 0.2180 0.0670 0.0206 0.0063 0.0019 1.0000 1.0000 1.0000
1.0000 1.0000 0.0019 0.0063 0.0205 0.0667 0.2172 0.7074 1.0000 1.0000 1.0000 0.0009 0.0028 0.0090 0.0293 0.0948 0.3070 0.9943 1.0000 1.0000 1.0000 0.0012 0.0039 0.0126 0.0407 0.1317 0.4266 1.0000 1.0000 1.0000 1.0000 0.0017 0.0054 0.0174 0.0564 0.1826 0.5916 1.0000 1.0000 1.0000 0.0007 0.0023 0.0075 0.0242 0.0784 0.2538 0.8221 1.0000 1.0000 1.0000 0.0008 1.0000 1.0000 1.0000 0.8221 0.2538 0.0784 0.0242 0.0075 0.0023 0.0007 1.0000 1.0000 1.0000 0.5916 0.1826 0.0564 0.0174 0.0054 0.0017 1.0000 1.0000 1.0000 1.0000 0.4266 0.1317 0.0407 0.0126 0.0039 0.0012 1.0000 1.0000 1.0000 0.9943 0.3070 0.0948 0.0293 0.0090 0.0028 0.0009 1.0000 1.0000 1.0000 0.7074 0.2172 0.0667 0.0205 0.0063 0.0019 1.0000 1.0000
1.0000 0.0021 0.0062 0.0204 0.0663 0.2159 0.7034 1.0000 1.0000 1.0000 0.0009 0.0028 0.0091 0.0294 0.0953 0.3087 1.0000 1.0000 1.0000 1.0000 0.0012 0.0039 0.0126 0.0409 0.1324 0.4290 1.0000 1.0000 1.0000 1.0000 0.0017 0.0054 0.0175 0.0567 0.1837 0.5950 1.0000 1.0000 1.0000 0.0007 0.0023 0.0075 0.0243 0.0788 0.2553 0.8268 1.0000 1.0000 1.0000 0.0012 0.0026 0.0012 1.0000 1.0000 1.0000 0.8268 0.2553 0.0788 0.0243 0.0075 0.0023 0.0007 1.0000 1.0000 1.0000 0.5950 0.1837 0.0567 0.0175 0.0054 0.0017 1.0000 1.0000 1.0000 1.0000 0.4290 0.1324 0.0409 0.0126 0.0039 0.0012 1.0000 1.0000 1.0000 1.0000 0.3087 0.0953 0.0294 0.0091 0.0028 0.0009 1.0000 1.0000 1.0000 0.7034 0.2159 0.0663 0.0204 0.0062 0.0021 1.0000
0.0011 0.0067 0.0200 0.0660 0.2147 0.6994 1.0000 1.0000 1.0000 0.0009 0.0028 0.0091 0.0295 0.0959 0.3105 1.0000 1.0000 1.0000 1.0000 0.0012 0.0039 0.0127 0.0411 0.1332 0.4315 1.0000 1.0000 1.0000 1.0000 0.0017 0.0054 0.0176 0.0570 0.1847 0.5984 1.0000 1.0000 1.0000 0.0007 0.0023 0.0076 0.0245 0.0793 0.2567 0.8315 1.0000 1.0000 1.0000 0.0010 0.0038 0.0085 0.0038 0.0010 1.0000 1.0000 1.0000 0.8315 0.2567 0.0793 0.0245 0.0076 0.0023 0.0007 1.0000 1.0000 1.0000 0.5984 0.1847 0.0570 0.0176 0.0054 0.0017 1.0000 1.0000 1.0000 1.0000 0.4315 0.1332 0.0411 0.0127 0.0039 0.0012 1.0000 1.0000 1.0000 1.0000 0.3105 0.0959 0.0295 0.0091 0.0028 0.0009 1.0000 1.0000 1.0000 0.6994 0.2147 0.0660 0.0200 0.0067 0.0011
0.0034 0.0217 0.0648 0.2139 0.6954 1.0000 1.0000 1.0000 0.0009 0.0028 0.0091 0.0295 0.0962 0.3117 1.0000 1.0000 1.0000 1.0000 0.0012 0.0039 0.0128 0.0414 0.1340 0.4339 1.0000 1.0000 1.0000 1.0000 0.0017 0.0055 0.0177 0.0574 0.1858 0.6018 1.0000 1.0000 1.0000 0.0007 0.0023 0.0076 0.0246 0.0797 0.2582 0.8363 1.0000 1.0000 1.0000 0.0010 0.0033 0.0122 0.0277 0.0122 0.0033 0.0010 1.0000 1.0000 1.0000 0.8363 0.2582 0.0797 0.0246 0.0076 0.0023 0.0007 1.0000 1.0000 1.0000 0.6018 0.1858 0.0574 0.0177 0.0055 0.0017 1.0000 1.0000 1.0000 1.0000 0.4339 0.1340 0.0414 0.0128 0.0039 0.0012 1.0000 1.0000 1.0000 1.0000 0.3117 0.0962 0.0295 0.0091 0.0028 0.0009 1.0000 1.0000 1.0000 0.6954 0.2139 0.0648 0.0217 0.0034
0.0111 0.0704 0.2098 0.6928 1.0000 1.0000 1.0000 0.0009 0.0028 0.0090 0.0294 0.0959 0.3117 1.0000 1.0000 1.0000 1.0000 0.0012 0.0040 0.0128 0.0416 0.1347 0.4364 1.0000 1.0000 1.0000 1.0000 0.0017 0.0055 0.0178 0.0577 0.1869 0.6053 1.0000 1.0000 1.0000 0.0007 0.0024 0.0076 0.0247 0.0802 0.2597 0.8411 1.0000 1.0000 1.0000 0.0010 0.0033 0.0107 0.0398 0.0902 0.0398 0.0107 0.0033 0.0010 1.0000 1.0000 1.0000 0.8411 0.2597 0.0802 0.0247 0.0076 0.0024 0.0007 1.0000 1.0000 1.0000 0.6053 0.1869 0.0577 0.0178 0.0055 0.0017 1.0000 1.0000 1.0000 1.0000 0.4364 0.1347 0.0416 0.0128 0.0040 0.0012 1.0000 1.0000 1.0000 1.0000 0.3117 0.0959 0.0294 0.0090 0.0028 0.0009 1.0000 1.0000 1.0000 0.6928 0.2098 0.0704 0.0111
0.0361 0.2282 0.6797 1.0000 1.0000 1.0000 0.0008 0.0028 0.0090 0.0293 0.0953 0.3105 1.0000 1.0000 1.0000 1.0000 0.0012 0.0040 0.0129 0.0418 0.1355 0.4389 1.0000 1.0000 1.0000 1.0000 0.0017 0.0055 0.0179 0.0580 0.1879 0.6087 1.0000 1.0000 1.0000 0.0007 0.0024 0.0077 0.0249 0.0806 0.2611 0.8459 1.0000 1.0000 1.0000 0.0010 0.0033 0.0106 0.0347 0.1297 0.2944 0.1297 0.0347 0.0106 0.0033 0.0010 1.0000 1.0000 1.0000 0.8459 0.2611 0.0806 0.0249 0.0077 0.0024 0.0007 1.0000 1.0000 1.0000 0.6087 0.1879 0.0580 0.0179 0.0055 0.0017 1.0000 1.0000 1.0000 1.0000 0.4389 0.1355 0.0418 0.0129 0.0040 0.0012 1.0000 1.0000 1.0000 1.0000 0.3105 0.0953 0.0293 0.0090 0.0028 0.0008 1.0000 1.0000 1.0000 0.6797 0.2282 0.0361
0.1168 0.7391 1.0000 1.0000 1.0000 0.0008 0.0027 0.0089 0.0291 0.0948 0.3087 1.0000 1.0000 1.0000 1.0000 0.0012 0.0040 0.0130 0.0421 0.1363 0.4414 1.0000 1.0000 1.0000 1.0000 0.0017 0.0056 0.0180 0.0583 0.1890 0.6122 1.0000 1.0000 1.0000 0.0007 0.0024 0.0077 0.0250 0.0811 0.2626 0.8507 1.0000 1.0000 1.0000 0.0010 0.0033 0.0107 0.0347 0.1131 0.4225 0.9572 0.4225 0.1131 0.0347 0.0107 0.0033 0.0010 1.0000 1.0000 1.0000 0.8507 0.2626 0.0811 0.0250 0.0077 0.0024 0.0007 1.0000 1.0000 1.0000 0.6122 0.1890 0.0583 0.0180 0.0056 0.0017 1.0000 1.0000 1.0000 1.0000 0.4414 0.1363 0.0421 0.0130 0.0040 0.0012 1.0000 1.0000 1.0000 1.0000 0.3087 0.0948 0.0291 0.0089 0.0027 0.0008 1.0000 1.0000 1.0000 0.7391 0.1168
0.3784 1.0000 1.0000 1.0000 0.0008 0.0027 0.0089 0.0289 0.0942 0.3070 1.0000 1.0000 1.0000 1.0000 0.0012 0.0040 0.0130 0.0422 0.1371 0.4439 1.0000 1.0000 1.0000 1.0000 0.0017 0.0056 0.0181 0.0587 0.1901 0.6157 1.0000 1.0000 1.0000 0.0007 0.0024 0.0078 0.0252 0.0815 0.2641 0.8556 1.0000 1.0000 1.0000 0.0010 0.0033 0.0108 0.0350 0.1129 0.3685 1.0000 1.0000 1.0000 0.3685 0.1129 0.0350 0.0108 0.0033 0.0010 1.0000 1.0000 1.0000 0.8556 0.2641 0.0815 0.0252 0.0078 0.0024 0.0007 1.0000 1.0000 1.0000 0.6157 0.1901 0.0587 0.0181 0.0056 0.0017 1.0000 1.0000 1.0000 1.0000 0.4439 0.1371 0.0422 0.0130 0.0040 0.0012 1.0000 1.0000 1.0000 1.0000 0.3070 0.0942 0.0289 0.0089 0.0027 0.0008 1.0000 1.0000 1.0000 0.3784
1.0000 1.0000 1.0000 0.0008 0.0027 0.0088 0.0288 0.0937 0.3052 0.9943 1.0000 1.0000 1.0000 0.0012 0.0040 0.0130 0.0422 0.1376 0.4456 1.0000 1.0000 1.0000 1.0000 0.0017 0.0056 0.0182 0.0590 0.1912 0.6192 1.0000 1.0000 1.0000 0.0007 0.0024 0.0078 0.0253 0.0820 0.2657 0.8605 1.0000 1.0000 1.0000 0.0010 0.0034 0.0109 0.0352 0.1140 0.3678 1.0000 1.0000 1.0000 1.0000 1.0000 0.3678 0.1140 0.0352 0.0109 0.0034 0.0010 1.0000 1.0000 1.0000 0.8605 0.2657 0.0820 0.0253 0.0078 0.0024 0.0007 1.0000 1.0000 1.0000 0.6192 0.1912 0.0590 0.0182 0.0056 0.0017 1.0000 1.0000 1.0000 1.0000 0.4456 0.1376 0.0422 0.0130 0.0040 0.0012 1.0000 1.0000 1.0000 0.9943 0.3052 0.0937 0.0288 0.0088 0.0027 0.0008 1.0000 1.0000 1.0000
1.0000 1.0000 0.0008 0.0027 0.0088 0.0286 0.0932 0.3035 0.9887 1.0000 1.0000 1.0000 0.0012 0.0040 0.0129 0.0421 0.1371 0.4456 1.0000 1.0000 1.0000 1.0000 0.0017 0.0057 0.0183 0.0594 0.1923 0.6228 1.0000 1.0000 1.0000 0.0007 0.0024 0.0079 0.0255 0.0825 0.2672 0.8654 1.0000 1.0000 1.0000 0.0010 0.0034 0.0109 0.0354 0.1146 0.3713 1.0000 1.0000 1.0000 1.0000 1.0000 1.0000 1.0000 0.3713 0.1146 0.0354 0.0109 0.0034 0.0010 1.0000 1.0000 1.0000 0.8654 0.2672 0.0825 0.0255 0.0079 0.0024 0.0007 1.0000 1.0000 1.0000 0.6228 0.1923 0.0594 0.0183 0.0057 0.0017 1.0000 1.0000 1.0000 1.0000 0.4456 0.1371 0.0421 0.0129 0.0040 0.0012 1.0000 1.0000 1.0000 0.9887 0.3035 0.0932 0.0286 0.0088 0.0027 0.0008 1.0000 1.0000
1.0000 0.0009 0.0026 0.0087 0.0284 0.0926 0.3018 0.9830 1.0000 1.0000 1.0000 0.0012 0.0039 0.0128 0.0418 0.1363 0.4439 1.0000 1.0000 1.0000 1.0000 0.0018 0.0057 0.0184 0.0597 0.1934 0.6264 1.0000 1.0000 1.0000 0.0008 0.0024 0.0079 0.0256 0.0830 0.2687 0.8704 1.0000 1.0000 1.0000 0.0010 0.0034 0.0110 0.0356 0.1153 0.3734 1.0000 1.0000 1.0000 1.0000 0.0012 1.0000 1.0000 1.0000 1.0000 0.3734 0.1153 0.0356 0.0110 0.0034 0.0010 1.0000 1.0000 1.0000 0.8704 0.2687 0.0830 0.0256 0.0079 0.0024 0.0008 1.0000 1.0000 1.0000 0.6264 0.1934 0.0597 0.0184 0.0057 0.0018 1.0000 1.0000 1.0000 1.0000 0.4439 0.1363 0.0418 0.0128 0.0039 0.0012 1.0000 1.0000 1.0000 0.9830 0.3018 0.0926 0.0284 0.0087 0.0026 0.0009 1.0000
0.0005 0.0029 0.0086 0.0283 0.0921 0.3000 0.9774 1.0000 1.0000 1.0000 0.0012 0.0039 0.0128 0.0416 0.1355 0.4414 1.0000 1.0000 1.0000 1.0000 0.0018 0.0057 0.0185 0.0600 0.1945 0.6299 1.0000 1.0000 1.0000 0.0008 0.0025 0.0080 0.0258 0.0834 0.2702 0.8754 1.0000 1.0000 1.0000 0.0011 0.0034 0.0110 0.0358 0.1159 0.3755 1.0000 1.0000 1.0000 1.0000 0.0017 0.0038 0.0017 1.0000 1.0000 1.0000 1.0000 0.3755 0.1159 0.0358 0.0110 0.0034 0.0011 1.0000 1.0000 1.0000 0.8754 0.2702 0.0834 0.0258 0.0080 0.0025 0.0008 1.0000 1.0000 1.0000 0.6299 0.1945 0.0600 0.0185 0.0057 0.0018 1.0000 1.0000 1.0000 1.0000 0.4414 0.1355 0.0416 0.0128 0.0039 0.0012 1.0000 1.0000 1.0000 0.9774 0.3000 0.0921 0.0283 0.0086 0.0029 0.0005
0.0015 0.0093 0.0278 0.0918 0.2983 0.9719 1.0000 1.0000 1.0000 0.0012 0.0039 0.0127 0.0414 0.1347 0.4389 1.0000 1.0000 1.0000 1.0000 0.0018 0.0057 0.0186 0.0603 0.1956 0.6335 1.0000 1.0000 1.0000 0.0008 0.0025 0.0080 0.0259 0.0839 0.2718 0.8804 1.0000 1.0000 1.0000 0.0011 0.0034 0.0111 0.0360 0.1166 0.3777 1.0000 1.0000 1.0000 1.0000 0.0015 0.0055 0.0125 0.0055 0.0015 1.0000 1.0000 1.0000 1.0000 0.3777 0.1166 0.0360 0.0111 0.0034 0.0011 1.0000 1.0000 1.0000 0.8804 0.2718 0.0839 0.0259 0.0080 0.0025 0.0008 1.0000 1.0000 1.0000 0.6335 0.1956 0.0603 0.0186 0.0057 0.0018 1.0000 1.0000 1.0000 1.0000 0.4389 0.1347 0.0414 0.0127 0.0039 0.0012 1.0000 1.0000 1.0000 0.9719 0.2983 0.0918 0.0278 0.0093 0.0015
0.0048 0.0302 0.0900 0.2972 0.9663 1.0000 1.0000 1.0000 0.0012 0.0039 0.0126 0.0411 0.1340 0.4364 1.0000 1.0000 1.0000 1.0000 0.0017 0.0057 0.0185 0.0603 0.1963 0.6360 1.0000 1.0000 1.0000 0.0008 0.0025 0.0080 0.0261 0.0844 0.2733 0.8854 1.0000 1.0000 1.0000 0.0011 0.0035 0.0112 0.0362 0.1173 0.3798 1.0000 1.0000 1.0000 1.0000 0.0015 0.0048 0.0180 0.0408 0.0180 0.0048 0.0015 1.0000 1.0000 1.0000 1.0000 0.3798 0.1173 0.0362 0.0112 0.0035 0.0011 1.0000 1.0000 1.0000 0.8854 0.2733 0.0844 0.0261 0.0080 0.0025 0.0008 1.0000 1.0000 1.0000 0.6360 0.1963 0.0603 0.0185 0.0057 0.0017 1.0000 1.0000 1.0000 1.0000 0.4364 0.1340 0.0411 0.0126 0.0039 0.0012 1.0000 1.0000 1.0000 0.9663 0.2972 0.0900 0.0302 0.0048
0.0155 0.0979 0.2916 0.9627 1.0000 1.0000 1.0000 0.0012 0.0039 0.0126 0.0409 0.1332 0.4339 1.0000 1.0000 1.0000 1.0000 0.0017 0.0057 0.0184 0.0600 0.1956 0.6360 1.0000 1.0000 1.0000 0.0008 0.0025 0.0081 0.0262 0.0849 0.2749 0.8905 1.0000 1.0000 1.0000 0.0011 0.0035 0.0112 0.0364 0.1179 0.3820 1.0000 1.0000 1.0000 1.0000 0.0015 0.0048 0.0157 0.0586 0.1327 0.0586 0.0157 0.0048 0.0015 1.0000 1.0000 1.0000 1.0000 0.3820 0.1179 0.0364 0.0112 0.0035 0.0011 1.0000 1.0000 1.0000 0.8905 0.2749 0.0849 0.0262 0.0081 0.0025 0.0008 1.0000 1.0000 1.0000 0.6360 0.1956 0.0600 0.0184 0.0057 0.0017 1.0000 1.0000 1.0000 1.0000 0.4339 0.1332 0.0409 0.0126 0.0039 0.0012 1.0000 1.0000 1.0000 0.9627 0.2916 0.0979 0.0155
0.0501 0.3171 0.9445 1.0000 1.0000 1.0000 0.0012 0.0038 0.0125 0.0407 0.1324 0.4315 1.0000 1.0000 1.0000 1.0000 0.0017 0.0056 0.0183 0.0597 0.1945 0.6335 1.0000 1.0000 1.0000 0.0008 0.0025 0.0081 0.0264 0.0854 0.2765 0.8956 1.0000 1.0000 1.0000 0.0011 0.0035 0.0113 0.0366 0.1186 0.3842 1.0000 1.0000 1.0000 1.0000 0.0015 0.0048 0.0156 0.0511 0.1908 0.4331 0.1908 0.0511 0.0156 0.0048 0.0015 1.0000 1.0000 1.0000 1.0000 0.3842 0.1186 0.0366 0.0113 0.0035 0.0011 1.0000 1.0000 1.0000 0.8956 0.2765 0.0854 0.0264 0.0081 0.0025 0.0008 1.0000 1.0000 1.0000 0.6335 0.1945 0.0597 0.0183 0.0056 0.0017 1.0000 1.0000 1.0000 1.0000 0.4315 0.1324 0.0407 0.0125 0.0038 0.0012 1.0000 1.0000 1.0000 0.9445 0.3171 0.0501
0.1623 1.0000 1.0000 1.0000 1.0000 0.0012 0.0038 0.0124 0.0404 0.1317 0.4290 1.0000 1.0000 1.0000 1.0000 0.0017 0.0056 0.0182 0.0594 0.1934 0.6299 1.0000 1.0000 1.0000 0.0008 0.0025 0.0082 0.0265 0.0858 0.2781 0.9007 1.0000 1.0000 1.0000 0.0011 0.0035 0.0114 0.0368 0.1193 0.3864 1.0000 1.0000 1.0000 1.0000 0.0015 0.0049 0.0158 0.0510 0.1664 0.6216 1.0000 0.6216 0.1664 0.0510 0.0158 0.0049 0.0015 1.0000 1.0000 1.0000 1.0000 0.3864 0.1193 0.0368 0.0114 0.0035 0.0011 1.0000 1.0000 1.0000 0.9007 0.2781 0.0858 0.0265 0.0082 0.0025 0.0008 1.0000 1.0000 1.0000 0.6299 0.1934 0.0594 0.0182 0.0056 0.0017 1.0000 1.0000 1.0000 1.0000 0.4290 0.1317 0.0404 0.0124 0.0038 0.0012 1.0000 1.0000 1.0000 1.0000 0.1623
0.5258 1.0000 1.0000 1.0000 0.0012 0.0038 0.0123 0.0402 0.1309 0.4266 1.0000 1.0000 1.0000 1.0000 0.0017 0.0056 0.0181 0.0590 0.1923 0.6264 1.0000 1.0000 1.0000 0.0008 0.0025 0.0082 0.0266 0.0862 0.2797 0.9058 1.0000 1.0000 1.0000 0.0011 0.0035 0.0114 0.0370 0.1200 0.3886 1.0000 1.0000 1.0000 1.0000 0.0015 0.0049 0.0159 0.0515 0.1661 0.5421 1.0000 1.0000 1.0000 0.5421 0.1661 0.0515 0.0159 0.0049 0.0015 1.0000 1.0000 1.0000 1.0000 0.3886 0.1200 0.0370 0.0114 0.0035 0.0011 1.0000 1.0000 1.0000 0.9058 0.2797 0.0862 0.0266 0.0082 0.0025 0.0008 1.0000 1.0000 1.0000 0.6264 0.1923 0.0590 0.0181 0.0056 0.0017 1.0000 1.0000 1.0000 1.0000 0.4266 0.1309 0.0402 0.0123 0.0038 0.0012 1.0000 1.0000 1.0000 0.5258
1.0000 1.0000 1.0000 0.0012 0.0038 0.0123 0.0400 0.1302 0.4241 1.0000 1.0000 1.0000 1.0000 0.0017 0.0055 0.0180 0.0587 0.1912 0.6228 1.0000 1.0000 1.0000 0.0008 0.0025 0.0081 0.0265 0.0862 0.2807 0.9093 1.0000 1.0000 1.0000 0.0011 0.0036 0.0115 0.0372 0.1207 0.3908 1.0000 1.0000 1.0000 1.0000 0.0015 0.0049 0.0160 0.0518 0.1677 0.5410 1.0000 1.0000 1.0000 1.0000 1.0000 0.5410 0.1677 0.0518 0.0160 0.0049 0.0015 1.0000 1.0000 1.0000 1.0000 0.3908 0.1207 0.0372 0.0115 0.0036 0.0011 1.0000 1.0000 1.0000 0.9093 0.2807 0.0862 0.0265 0.0081 0.0025 0.0008 1.0000 1.0000 1.0000 0.6228 0.1912 0.0587 0.0180 0.0055 0.0017 1.0000 1.0000 1.0000 1.0000 0.4241 0.1302 0.0400 0.0123 0.0038 0.0012 1.0000 1.0000 1.0000
1.0000 1.0000 0.0011 0.0038 0.0122 0.0397 0.1295 0.4217 1.0000 1.0000 1.0000 1.0000 0.0017 0.0055 0.0179 0.0583 0.1901 0.6192 1.0000 1.0000 1.0000 0.0008 0.0025 0.0081 0.0264 0.0858 0.2797 0.9093 1.0000 1.0000 1.0000 0.0011 0.0036 0.0116 0.0375 0.1213 0.3931 1.0000 1.0000 1.0000 1.0000 0.0015 0.0050 0.0161 0.0521 0.1686 0.5462 1.0000 1.0000 1.0000 1.0000 1.0000 1.0000 1.0000 0.5462 0.1686 0.0521 0.0161 0.0050 0.0015 1.0000 1.0000 1.0000 1.0000 0.3931 0.1213 0.0375 0.0116 0.0036 0.0011 1.0000 1.0000 1.0000 0.9093 0.2797 0.0858 0.0264 0.0081 0.0025 0.0008 1.0000 1.0000 1.0000 0.6192 0.1901 0.0583 0.0179 0.0055 0.0017 1.0000 1.0000 1.0000 1.0000 0.4217 0.1295 0.0397 0.0122 0.0038 0.0011 1.0000 1.0000
1.0000 0.0012 0.0037 0.0122 0.0395 0.1287 0.4193 1.0000 1.0000 1.0000 1.0000 0.0017 0.0055 0.0178 0.0580 0.1890 0.6157 1.0000 1.0000 1.0000 0.0008 0.0025 0.0080 0.0262 0.0854 0.2781 0.9058 1.0000 1.0000 1.0000 0.0011 0.0036 0.0116 0.0377 0.1220 0.3953 1.0000 1.0000 1.0000 1.0000 0.0015 0.0050 0.0162 0.0524 0.1696 0.5493 1.0000 1.0000 1.0000 0.0008 0.0017 0.0008 1.0000 1.0000 1.0000 0.5493 0.1696 0.0524 0.0162 0.0050 0.0015 1.0000 1.0000 1.0000 1.0000 0.3953 0.1220 0.0377 0.0116 0.0036 0.0011 1.0000 1.0000 1.0000 0.9058 0.2781 0.0854 0.0262 0.0080 0.0025 0.0008 1.0000 1.0000 1.0000 0.6157 0.1890 0.0580 0.0178 0.0055 0.0017 1.0000 1.0000 1.0000 1.0000 0.4193 0.1287 0.0395 0.0122 0.0037 0.0012 1.0000
0.0006 0.0040 0.0119 0.0394 0.1280 0.4169 1.0000 1.0000 1.0000 1.0000 0.0017 0.0054 0.0177 0.0577 0.1879 0.6122 1.0000 1.0000 1.0000 0.0008 0.0025 0.0080 0.0261 0.0849 0.2765 0.9007 1.0000 1.0000 1.0000 0.0011 0.0036 0.0117 0.0379 0.1227 0.3976 1.0000 1.0000 1.0000 1.0000 0.0015 0.0050 0.0163 0.0527 0.1706 0.5525 1.0000 1.0000 1.0000 0.0007 0.0025 0.0057 0.0025 0.0007 1.0000 1.0000 1.0000 0.5525 0.1706 0.0527 0.0163 0.0050 0.0015 1.0000 1.0000 1.0000 1.0000 0.3976 0.1227 0.0379 0.0117 0.0036 0.0011 1.0000 1.0000 1.0000 0.9007 0.2765 0.0849 0.0261 0.0080 0.0025 0.0008 1.0000 1.0000 1.0000 0.6122 0.1879 0.0577 0.0177 0.0054 0.0017 1.0000 1.0000 1.0000 1.0000 0.4169 0.1280 0.0394 0.0119 0.0040 0.0006
0.0020 0.0130 0.0386 0.1275 0.4146 1.0000 1.0000 1.0000 1.0000 0.0017 0.0054 0.0176 0.0574 0.1869 0.6087 1.0000 1.0000 1.0000 0.0007 0.0024 0.0080 0.0259 0.0844 0.2749 0.8956 1.0000 1.0000 1.0000 0.0011 0.0036 0.0117 0.0380 0.1232 0.3998 1.0000 1.0000 1.0000 1.0000 0.0016 0.0050 0.0163 0.0530 0.1715 0.5556 1.0000 1.0000 1.0000 0.0007 0.0022 0.0081 0.0184 0.0081 0.0022 0.0007 1.0000 1.0000 1.0000 0.5556 0.1715 0.0530 0.0163 0.0050 0.0016 1.0000 1.0000 1.0000 1.0000 0.3998 0.1232 0.0380 0.0117 0.0036 0.0011 1.0000 1.0000 1.0000 0.8956 0.2749 0.0844 0.0259 0.0080 0.0024 0.0007 1.0000 1.0000 1.0000 0.6087 0.1869 0.0574 0.0176 0.0054 0.0017 1.0000 1.0000 1.0000 1.0000 0.4146 0.1275 0.0386 0.0130 0.0020
0.0066 0.0419 0.1251 0.4130 1.0000 1.0000 1.0000 1.0000 0.0016 0.0054 0.0175 0.0570 0.1858 0.6053 1.0000 1.0000 1.0000 0.0007 0.0024 0.0079 0.0258 0.0839 0.2733 0.8905 1.0000 1.0000 1.0000 0.0011 0.0036 0.0116 0.0379 0.1232 0.4014 1.0000 1.0000 1.0000 1.0000 0.0016 0.0051 0.0164 0.0533 0.1725 0.5588 1.0000 1.0000 1.0000 0.0007 0.0022 0.0071 0.0265 0.0600 0.0265 0.0071 0.0022 0.0007 1.0000 1.0000 1.0000 0.5588 0.1725 0.0533 0.0164 0.0051 0.0016 1.0000 1.0000 1.0000 1.0000 0.4014 0.1232 0.0379 0.0116 0.0036 0.0011 1.0000 1.0000 1.0000 0.8905 0.2733 0.0839 0.0258 0.0079 0.0024 0.0007 1.0000 1.0000 1.0000 0.6053 0.1858 0.0570 0.0175 0.0054 0.0016 1.0000 1.0000 1.0000 1.0000 0.4130 0.1251 0.0419 0.0066
0.0215 0.1360 0.4052 1.0000 1.0000 1.0000 1.0000 0.0016 0.0053 0.0174 0.0567 0.1847 0.6018 1.0000 1.0000 1.0000 0.0007 0.0024 0.0079 0.0256 0.0834 0.2718 0.8854 1.0000 1.0000 1.0000 0.0011 0.0036 0.0116 0.0377 0.1227 0.3998 1.0000 1.0000 1.0000 1.0000 0.0016 0.0051 0.0165 0.0536 0.1735 0.5620 1.0000 1.0000 1.0000 0.0007 0.0022 0.0071 0.0231 0.0862 0.1952 0.0862 0.0231 0.0071 0.0022 0.0007 1.0000 1.0000 1.0000 0.5620 0.1735 0.0536 0.0165 0.0051 0.0016 1.0000 1.0000 1.0000 1.0000 0.3998 0.1227 0.0377 0.0116 0.0036 0.0011 1.0000 1.0000 1.0000 0.8854 0.2718 0.0834 0.0256 0.0079 0.0024 0.0007 1.0000 1.0000 1.0000 0.6018 0.1847 0.0567 0.0174 0.0053 0.0016 1.0000 1.0000 1.0000 1.0000 0.4052 0.1360 0.0215
0.0696 0.4397 1.0000 1.0000 1.0000 1.0000 0.0016 0.0053 0.0173 0.0564 0.1837 0.5984 1.0000 1.0000 1.0000 0.0007 0.0024 0.0078 0.0255 0.0830 0.2702 0.8804 1.0000 1.0000 1.0000 0.0011 0.0035 0.0115 0.0375 0.1220 0.3976 1.0000 1.0000 1.0000 1.0000 0.0016 0.0051 0.0166 0.0539 0.1745 0.5652 1.0000 1.0000 1.0000 0.0007 0.0022 0.0071 0.0230 0.0751 0.2807 0.6372 0.2807 0.0751 0.0230 0.0071 0.0022 0.0007 1.0000 1.0000 1.0000 0.5652 0.1745 0.0539 0.0166 0.0051 0.0016 1.0000 1.0000 1.0000 1.0000 0.3976 0.1220 0.0375 0.0115 0.0035 0.0011 1.0000 1.0000 1.0000 0.8804 0.2702 0.0830 0.0255 0.0078 0.0024 0.0007 1.0000 1.0000 1.0000 0.5984 0.1837 0.0564 0.0173 0.0053 0.0016 1.0000 1.0000 1.0000 1.0000 0.4397 0.0696
0.2256 1.0000 1.0000 1.0000 1.0000 0.0016 0.0053 0.0172 0.0561 0.1826 0.5950 1.0000 1.0000 1.0000 0.0007 0.0024 0.0078 0.0253 0.0825 0.2687 0.8754 1.0000 1.0000 1.0000 0.0011 0.0035 0.0114 0.0372 0.1213 0.3953 1.0000 1.0000 1.0000 1.0000 0.0016 0.0052 0.0167 0.0542 0.1755 0.5685 1.0000 1.0000 1.0000 0.0007 0.0022 0.0072 0.0232 0.0750 0.2448 0.9145 1.0000 0.9145 0.2448 0.0750 0.0232 0.0072 0.0022 0.0007 1.0000 1.0000 1.0000 0.5685 0.1755 0.0542 0.0167 0.0052 0.0016 1.0000 1.0000 1.0000 1.0000 0.3953 0.1213 0.0372 0.0114 0.0035 0.0011 1.0000 1.0000 1.0000 0.8754 0.2687 0.0825 0.0253 0.0078 0.0024 0.0007 1.0000 1.0000 1.0000 0.5950 0.1826 0.0561 0.0172 0.0053 0.0016 1.0000 1.0000 1.0000 1.0000 0.2256
0.7307 1.0000 1.0000 1.0000 0.0016 0.0053 0.0171 0.0557 0.1816 0.5916 1.0000 1.0000 1.0000 0.0007 0.0024 0.0077 0.0252 0.0820 0.2672 0.8704 1.0000 1.0000 1.0000 0.0011 0.0035 0.0114 0.0370 0.1207 0.3931 1.0000 1.0000 1.0000 1.0000 0.0016 0.0051 0.0167 0.0544 0.1762 0.5717 1.0000 1.0000 1.0000 0.0007 0.0022 0.0072 0.0234 0.0757 0.2439 0.7975 1.0000 1.0000 1.0000 0.7975 0.2439 0.0757 0.0234 0.0072 0.0022 0.0007 1.0000 1.0000 1.0000 0.5717 0.1762 0.0544 0.0167 0.0051 0.0016 1.0000 1.0000 1.0000 1.0000 0.3931 0.1207 0.0370 0.0114 0.0035 0.0011 1.0000 1.0000 1.0000 0.8704 0.2672 0.0820 0.0252 0.0077 0.0024 0.0007 1.0000 1.0000 1.0000 0.5916 0.1816 0.0557 0.0171 0.0053 0.0016 1.0000 1.0000 1.0000 0.7307
1.0000 1.0000 1.0000 0.0016 0.0052 0.0170 0.0554 0.1806 0.5882 1.0000 1.0000 1.0000 0.0007 0.0024 0.0077 0.0250 0.0815 0.2657 0.8654 1.0000 1.0000 1.0000 0.0011 0.0035 0.0113 0.0368 0.1200 0.3908 1.0000 1.0000 1.0000 1.0000 0.0016 0.0051 0.0166 0.0542 0.1762 0.5739 1.0000 1.0000 1.0000 0.0007 0.0022 0.0073 0.0235 0.0762 0.2467 0.7960 1.0000 1.0000 1.0000 1.0000 1.0000 0.7960 0.2467 0.0762 0.0235 0.0073 0.0022 0.0007 1.0000 1.0000 1.0000 0.5739 0.1762 0.0542 0.0166 0.0051 0.0016 1.0000 1.0000 1.0000 1.0000 0.3908 0.1200 0.0368 0.0113 0.0035 0.0011 1.0000 1.0000 1.0000 0.8654 0.2657 0.0815 0.0250 0.0077 0.0024 0.0007 1.0000 1.0000 1.0000 0.5882 0.1806 0.0554 0.0170 0.0052 0.0016 1.0000 1.0000 1.0000
1.0000 1.0000 0.0016 0.0052 0.0169 0.0551 0.1795 0.5849 1.0000 1.0000 1.0000 0.0007 0.0023 0.0076 0.0249 0.0811 0.2641 0.8605 1.0000 1.0000 1.0000 0.0011 0.0035 0.0112 0.0366 0.1193 0.3886 1.0000 1.0000 1.0000 1.0000 0.0016 0.0051 0.0165 0.0539 0.1755 0.5717 1.0000 1.0000 1.0000 0.0007 0.0023 0.0073 0.0236 0.0766 0.2481 0.8036 1.0000 1.0000 1.0000 1.0000 1.0000 1.0000 1.0000 0.8036 0.2481 0.0766 0.0236 0.0073 0.0023 0.0007 1.0000 1.0000 1.0000 0.5717 0.1755 0.0539 0.0165 0.0051 0.0016 1.0000 1.0000 1.0000 1.0000 0.3886 0.1193 0.0366 0.0112 0.0035 0.0011 1.0000 1.0000 1.0000 0.8605 0.2641 0.0811 0.0249 0.0076 0.0023 0.0007 1.0000 1.0000 1.0000 0.5849 0.1795 0.0551 0.0169 0.0052 0.0016 1.0000 1.0000
1.0000 0.0017 0.0051 0.0169 0.0548 0.1785 0.5816 1.0000 1.0000 1.0000 0.0007 0.0023 0.0076 0.0247 0.0806 0.2626 0.8556 1.0000 1.0000 1.0000 0.0011 0.0034 0.0112 0.0364 0.1186 0.3864 1.0000 1.0000 1.0000 1.0000 0.0015 0.0050 0.0164 0.0536 0.1745 0.5685 1.0000 1.0000 1.0000 0.0007 0.0023 0.0073 0.0238 0.0770 0.2495 0.8082 1.0000 1.0000 1.0000 0.0011 0.0025 0.0011 1.0000 1.0000 1.0000 0.8082 0.2495 0.0770 0.0238 0.0073 0.0023 0.0007 1.0000 1.0000 1.0000 0.5685 0.1745 0.0536 0.0164 0.0050 0.0015 1.0000 1.0000 1.0000 1.0000 0.3864 0.1186 0.0364 0.0112 0.0034 0.0011 1.0000 1.0000 1.0000 0.8556 0.2626 0.0806 0.0247 0.0076 0.0023 0.0007 1.0000 1.0000 1.0000 0.5816 0.1785 0.0548 0.0169 0.0051 0.0017 1.0000
0.0009 0.0056 0.0165 0.0546 0.1775 0.5783 1.0000 1.0000 1.0000 0.0007 0.0023 0.0076 0.0246 0.0802 0.2611 0.8507 1.0000 1.0000 1.0000 0.0010 0.0034 0.0111 0.0362 0.1179 0.3842 1.0000 1.0000 1.0000 1.0000 0.0015 0.0050 0.0163 0.0533 0.1735 0.5652 1.0000 1.0000 1.0000 0.0007 0.0023 0.0074 0.0239 0.0775 0.2509 0.8128 1.0000 1.0000 1.0000 0.0010 0.0037 0.0083 0.0037 0.0010 1.0000 1.0000 1.0000 0.8128 0.2509 0.0775 0.0239 0.0074 0.0023 0.0007 1.0000 1.0000 1.0000 0.5652 0.1735 0.0533 0.0163 0.0050 0.0015 1.0000 1.0000 1.0000 1.0000 0.3842 0.1179 0.0362 0.0111 0.0034 0.0010 1.0000 1.0000 1.0000 0.8507 0.2611 0.0802 0.0246 0.0076 0.0023 0.0007 1.0000 1.0000 1.0000 0.5783 0.1775 0.0546 0.0165 0.0056 0.0009
0.0028 0.0180 0.0536 0.1768 0.5750 1.0000 1.0000 1.0000 0.0007 0.0023 0.0075 0.0245 0.0797 0.2597 0.8459 1.0000 1.0000 1.0000 0.0010 0.0034 0.0110 0.0360 0.1173 0.3820 1.0000 1.0000 1.0000 1.0000 0.0015 0.0050 0.0163 0.0530 0.1725 0.5620 1.0000 1.0000 1.0000 0.0007 0.0023 0.0073 0.0239 0.0778 0.2519 0.8174 1.0000 1.0000 1.0000 0.0010 0.0032 0.0119 0.0270 0.0119 0.0032 0.0010 1.0000 1.0000 1.0000 0.8174 0.2519 0.0778 0.0239 0.0073 0.0023 0.0007 1.0000 1.0000 1.0000 0.5620 0.1725 0.0530 0.0163 0.0050 0.0015 1.0000 1.0000 1.0000 1.0000 0.3820 0.1173 0.0360 0.0110 0.0034 0.0010 1.0000 1.0000 1.0000 0.8459 0.2597 0.0797 0.0245 0.0075 0.0023 0.0007 1.0000 1.0000 1.0000 0.5750 0.1768 0.0536 0.0180 0.0028
0.0092 0.0582 0.1735 0.5728 1.0000 1.0000 1.0000 0.0007 0.0023 0.0075 0.0243 0.0793 0.2582 0.8411 1.0000 1.0000 1.0000 0.0010 0.0034 0.0110 0.0358 0.1166 0.3798 1.0000 1.0000 1.0000 1.0000 0.0015 0.0050 0.0162 0.0527 0.1715 0.5588 1.0000 1.0000 1.0000 0.0007 0.0022 0.0073 0.0238 0.0775 0.2519 0.8205 1.0000 1.0000 1.0000 0.0010 0.0032 0.0104 0.0388 0.0882 0.0388 0.0104 0.0032 0.0010 1.0000 1.0000 1.0000 0.8205 0.2519 0.0775 0.0238 0.0073 0.0022 0.0007 1.0000 1.0000 1.0000 0.5588 0.1715 0.0527 0.0162 0.0050 0.0015 1.0000 1.0000 1.0000 1.0000 0.3798 0.1166 0.0358 0.0110 0.0034 0.0010 1.0000 1.0000 1.0000 0.8411 0.2582 0.0793 0.0243 0.0075 0.0023 0.0007 1.0000 1.0000 1.0000 0.5728 0.1735 0.0582 0.0092
0.0298 0.1886 0.5620 1.0000 1.0000 1.0000 0.0007 0.0023 0.0074 0.0242 0.0788 0.2567 0.8363 1.0000 1.0000 1.0000 0.0010 0.0034 0.0109 0.0356 0.1159 0.3777 1.0000 1.0000 1.0000 1.0000 0.0015 0.0049 0.0161 0.0524 0.1706 0.5556 1.0000 1.0000 1.0000 0.0007 0.0022 0.0073 0.0236 0.0770 0.2509 0.8174 1.0000 1.0000 1.0000 0.0010 0.0032 0.0104 0.0339 0.1265 0.2867 0.1265 0.0339 0.0104 0.0032 0.0010 1.0000 1.0000 1.0000 0.8174 0.2509 0.0770 0.0236 0.0073 0.0022 0.0007 1.0000 1.0000 1.0000 0.5556 0.1706 0.0524 0.0161 0.0049 0.0015 1.0000 1.0000 1.0000 1.0000 0.3777 0.1159 0.0356 0.0109 0.0034 0.0010 1.0000 1.0000 1.0000 0.8363 0.2567 0.0788 0.0242 0.0074 0.0023 0.0007 1.0000 1.0000 1.0000 0.5620 0.1886 0.0298
0.0966 0.6111 1.0000 1.0000 1.0000 0.0007 0.0023 0.0074 0.0241 0.0784 0.2553 0.8315 1.0000 1.0000 1.0000 0.0010 0.0033 0.0109 0.0354 0.1153 0.3755 1.0000 1.0000 1.0000 1.0000 0.0015 0.0049 0.0160 0.0521 0.1696 0.5525 1.0000 1.0000 1.0000 0.0007 0.0022 0.0072 0.0235 0.0766 0.2495 0.8128 1.0000 1.0000 1.0000 0.0010 0.0032 0.0105 0.0338 0.1103 0.4122 0.9356 0.4122 0.1103 0.0338 0.0105 0.0032 0.0010 1.0000 1.0000 1.0000 0.8128 0.2495 0.0766 0.0235 0.0072 0.0022 0.0007 1.0000 1.0000 1.0000 0.5525 0.1696 0.0521 0.0160 0.0049 0.0015 1.0000 1.0000 1.0000 1.0000 0.3755 0.1153 0.0354 0.0109 0.0033 0.0010 1.0000 1.0000 1.0000 0.8315 0.2553 0.0784 0.0241 0.0074 0.0023 0.0007 1.0000 1.0000 1.0000 0.6111 0.0966
0.3129 1.0000 1.0000 1.0000 0.0007 0.0023 0.0073 0.0239 0.0779 0.2538 0.8268 1.0000 1.0000 1.0000 0.0010 0.0033 0.0108 0.0352 0.1146 0.3734 1.0000 1.0000 1.0000 1.0000 0.0015 0.0049 0.0159 0.0518 0.1686 0.5493 1.0000 1.0000 1.0000 0.0007 0.0022 0.0072 0.0234 0.0762 0.2481 0.8082 1.0000 1.0000 1.0000 0.0010 0.0032 0.0105 0.0341 0.1101 0.3595 1.0000 1.0000 1.0000 0.3595 0.1101 0.0341 0.0105 0.0032 0.0010 1.0000 1.0000 1.0000 0.8082 0.2481 0.0762 0.0234 0.0072 0.0022 0.0007 1.0000 1.0000 1.0000 0.5493 0.1686 0.0518 0.0159 0.0049 0.0015 1.0000 1.0000 1.0000 1.0000 0.3734 0.1146 0.0352 0.0108 0.0033 0.0010 1.0000 1.0000 1.0000 0.8268 0.2538 0.0779 0.0239 0.0073 0.0023 0.0007 1.0000 1.0000 1.0000 0.3129
1.0000 1.0000 1.0000 0.0007 0.0022 0.0073 0.0238 0.0775 0.2524 0.8221 1.0000 1.0000 1.0000 0.0010 0.0033 0.0107 0.0350 0.1140 0.3713 1.0000 1.0000 1.0000 1.0000 0.0015 0.0048 0.0158 0.0515 0.1677 0.5462 1.0000 1.0000 1.0000 0.0007 0.0022 0.0071 0.0232 0.0757 0.2467 0.8036 1.0000 1.0000 1.0000 0.0010 0.0032 0.0105 0.0341 0.1110 0.3581 1.0000 1.0000 1.0000 1.0000 1.0000 0.3581 0.1110 0.0341 0.0105 0.0032 0.0010 1.0000 1.0000 1.0000 0.8036 0.2467 0.0757 0.0232 0.0071 0.0022 0.0007 1.0000 1.0000 1.0000 0.5462 0.1677 0.0515 0.0158 0.0048 0.0015 1.0000 1.0000 1.0000 1.0000 0.3713 0.1140 0.0350 0.0107 0.0033 0.0010 1.0000 1.0000 1.0000 0.8221 0.2524 0.0775 0.0238 0.0073 0.0022 0.0007 1.0000 1.0000 1.0000
1.0000 1.0000 0.0007 0.0022 0.0073 0.0236 0.0770 0.2509 0.8174 1.0000 1.0000 1.0000 0.0010 0.0033 0.0107 0.0348 0.1133 0.3692 1.0000 1.0000 1.0000 1.0000 0.0015 0.0048 0.0157 0.0512 0.1667 0.5431 1.0000 1.0000 1.0000 0.0007 0.0022 0.0071 0.0231 0.0753 0.2453 0.7990 1.0000 1.0000 1.0000 0.0010 0.0032 0.0104 0.0339 0.1105 0.3595 1.0000 1.0000 1.0000 1.0000 1.0000 1.0000 1.0000 0.3581 0.1101 0.0338 0.0104 0.0032 0.0010 1.0000 1.0000 1.0000 0.7960 0.2439 0.0750 0.0230 0.0071 0.0022 0.0007 1.0000 1.0000 1.0000 0.5410 0.1661 0.0510 0.0156 0.0048 0.0015 1.0000 1.0000 1.0000 1.0000 0.3678 0.1129 0.0347 0.0106 0.0033 0.0010 1.0000 1.0000 1.0000 0.8143 0.2500 0.0767 0.0236 0.0072 0.0022 0.0007 1.0000 1.0000
1.0000 0.0007 0.0022 0.0072 0.0235 0.0766 0.2495 0.8128 1.0000 1.0000 1.0000 0.0010 0.0033 0.0106 0.0346 0.1127 0.3671 1.0000 1.0000 1.0000 1.0000 0.0015 0.0048 0.0156 0.0509 0.1658 0.5400 1.0000 1.0000 1.0000 0.0007 0.0022 0.0071 0.0230 0.0749 0.2439 0.7944 1.0000 1.0000 1.0000 0.0010 0.0032 0.0104 0.0337 0.1099 0.3581 1.0000 1.0000 1.0000 1.0000 0.0012 1.0000 1.0000 1.0000 1.0000 0.3595 0.1103 0.0339 0.0104 0.0032 0.0010 1.0000 1.0000 1.0000 0.7975 0.2448 0.0751 0.0231 0.0071 0.0022 0.0007 1.0000 1.0000 1.0000 0.5421 0.1664 0.0511 0.0157 0.0048 0.0015 1.0000 1.0000 1.0000 1.0000 0.3685 0.1131 0.0347 0.0107 0.0033 0.0010 1.0000 1.0000 1.0000 0.8159 0.2504 0.0769 0.0236 0.0073 0.0022 0.0007 1.0000
0.0004 0.0024 0.0071 0.0234 0.0762 0.2481 0.8082 1.0000 1.0000 1.0000 0.0010 0.0032 0.0106 0.0344 0.1120 0.3650 1.0000 1.0000 1.0000 1.0000 0.0015 0.0048 0.0155 0.0506 0.1648 0.5369 1.0000 1.0000 1.0000 0.0007 0.0022 0.0070 0.0228 0.0744 0.2425 0.7899 1.0000 1.0000 1.0000 0.0010 0.0032 0.0103 0.0335 0.1093 0.3561 1.0000 1.0000 1.0000 1.0000 0.0016 0.0040 0.0020 1.0000 1.0000 1.0000 1.0000 0.4122 0.1265 0.0388 0.0119 0.0037 0.0011 1.0000 1.0000 1.0000 0.9145 0.2807 0.0862 0.0265 0.0081 0.0025 0.0008 1.0000 1.0000 1.0000 0.6216 0.1908 0.0586 0.0180 0.0055 0.0017 1.0000 1.0000 1.0000 1.0000 0.4225 0.1297 0.0398 0.0122 0.0038 0.0012 1.0000 1.0000 1.0000 0.9356 0.2872 0.0882 0.0271 0.0082 0.0028 0.0004
0.0012 0.0077 0.0230 0.0759 0.2467 0.8036 1.0000 1.0000 1.0000 0.0010 0.0032 0.0105 0.0342 0.1114 0.3629 1.0000 1.0000 1.0000 1.0000 0.0015 0.0047 0.0154 0.0503 0.1639 0.5339 1.0000 1.0000 1.0000 0.0007 0.0021 0.0070 0.0227 0.0740 0.2411 0.7854 1.0000 1.0000 1.0000 0.0010 0.0031 0.0102 0.0334 0.1087 0.3540 1.0000 1.0000 1.0000 1.0000 0.0014 0.0060 0.0114 0.0030 0.0012 1.0000 1.0000 1.0000 0.9356 0.2867 0.0882 0.0270 0.0083 0.0025 1.0000 1.0000 1.0000 1.0000 0.6372 0.1952 0.0600 0.0184 0.0057 0.0017 1.0000 1.0000 1.0000 1.0000 0.4331 0.1327 0.0408 0.0125 0.0038 0.0012 1.0000 1.0000 1.0000 0.9572 0.2944 0.0902 0.0277 0.0085 0.0026 0.0008 1.0000 1.0000 1.0000 0.6506 0.2001 0.0615 0.0187 0.0063 0.0011
0.0039 0.0249 0.0744 0.2453 0.7990 1.0000 1.0000 1.0000 0.0010 0.0032 0.0104 0.0340 0.1108 0.3608 1.0000 1.0000 1.0000 1.0000 0.0014 0.0047 0.0154 0.0500 0.1629 0.5308 1.0000 1.0000 1.0000 0.0007 0.0021 0.0069 0.0226 0.0736 0.2397 0.7810 1.0000 1.0000 1.0000 0.0010 0.0031 0.0102 0.0332 0.1081 0.3520 1.0000 1.0000 1.0000 1.0000 0.0014 0.0048 0.0190 0.0069 0.0004 1.0000 1.0000 1.0000 1.0000 0.4122 0.1265 0.0388 0.0119 0.0037 0.0011 1.0000 1.0000 1.0000 0.9145 0.2807 0.0862 0.0265 0.0081 0.0025 0.0008 1.0000 1.0000 1.0000 0.6216 0.1908 0.0586 0.0180 0.0055 0.0017 1.0000 1.0000 1.0000 1.0000 0.4225 0.1297 0.0398 0.0122 0.0038 0.0012 1.0000 1.0000 1.0000 0.9356 0.2872 0.0882 0.0271 0.0082 0.0028 0.0004
0.0127 0.0805 0.2402 0.7914 1.0000 1.0000 1.0000 0.0010 0.0032 0.0103 0.0336 0.1095 0.3567 1.0000 1.0000 1.0000 1.0000 0.0014 0.0047 0.0152 0.0495 0.1611 0.5248 1.0000 1.0000 1.0000 0.0006 0.0021 0.0069 0.0223 0.0728 0.2370 0.7721 1.0000 1.0000 1.0000 0.0009 0.0031 0.0101 0.0328 0.1068 0.3480 1.0000 1.0000 1.0000 1.0000 0.0014 0.0045 0.0154 0.0515 0.0736 1.0000 1.0000 1.0000 1.0000 0.3588 0.1103 0.0339 0.0104 0.0032 0.0010 1.0000 1.0000 1.0000 0.7975 0.2448 0.0751 0.0231 0.0071 0.0022 0.0007 1.0000 1.0000 1.0000 0.5421 0.1664 0.0511 0.0157 0.0048 0.0015 1.0000 1.0000 1.0000 1.0000 0.3685 0.1131 0.0347 0.0107 0.0033 0.0010 1.0000 1.0000 1.0000 0.8159 0.2504 0.0769 0.0236 0.0073 0.0022 0.0007 1.0000
0.0424 0.2651 0.7899 1.0000 1.0000 1.0000 0.0010 0.0032 0.0104 0.0339 0.1103 0.3595 1.0000 1.0000 1.0000 1.0000 0.0014 0.0047 0.0153 0.0498 0.1623 0.5288 1.0000 1.0000 1.0000 0.0007 0.0021 0.0069 0.0225 0.0733 0.2388 0.7780 1.0000 1.0000 1.0000 0.0010 0.0031 0.0102 0.0331 0.1078 0.3513 1.0000 1.0000 1.0000 1.0000 0.0014 0.0046 0.0150 0.0500 0.1584 0.3064 1.0000 1.0000 1.0000 0.3540 0.1101 0.0338 0.0104 0.0032 0.0010 1.0000 1.0000 1.0000 0.7960 0.2439 0.0750 0.0230 0.0071 0.0022 0.0007 1.0000 1.0000 1.0000 0.5410 0.1661 0.0510 0.0156 0.0048 0.0015 1.0000 1.0000 1.0000 1.0000 0.3678 0.1129 0.0347 0.0106 0.0033 0.0010 1.0000 1.0000 1.0000 0.8143 0.2500 0.0767 0.0236 0.0072 0.0022 0.0007 1.0000 1.0000
0.1617 1.0000 1.0000 1.0000 1.0000 0.0012 0.0038 0.0123 0.0400 0.1304 0.4249 1.0000 1.0000 1.0000 1.0000 0.0017 0.0056 0.0181 0.0589 0.1919 0.6252 1.0000 1.0000 1.0000 0.0008 0.0025 0.0082 0.0266 0.0867 0.2823 0.9197 1.0000 1.0000 1.0000 0.0011 0.0037 0.0120 0.0391 0.1275 0.4153 1.0000 1.0000 1.0000 1.0000 0.0017 0.0054 0.0177 0.0577 0.1886 0.6087 1.0000 1.0000 1.0000 0.3507 0.1108 0.0341 0.0105 0.0032 0.0010 1.0000 1.0000 1.0000 0.8036 0.2467 0.0757 0.0232 0.0071 0.0022 0.0007 1.0000 1.0000 1.0000 0.5462 0.1677 0.0515 0.0158 0.0048 0.0015 1.0000 1.0000 1.0000 1.0000 0.3713 0.1140 0.0350 0.0107 0.0033 0.0010 1.0000 1.0000 1.0000 0.8221 0.2524 0.0775 0.0238 0.0073 0.0022 0.0007 1.0000 1.0000 1.0000
0.3171 1.0000 1.0000 1.0000 1.0000 0.0022 0.0070 0.0228 0.0744 0.2425 0.7899 1.0000 1.0000 1.0000 0.0010 0.0032 0.0103 0.0336 0.1095 0.3567 1.0000 1.0000 1.0000 1.0000 0.0014 0.0047 0.0152 0.0495 0.1611 0.5248 1.0000 1.0000 1.0000 1.0000 0.0021 0.0069 0.0223 0.0728 0.2370 0.7721 1.0000 1.0000 1.0000 0.0009 0.0031 0.0100 0.0326 0.1060 0.3460 1.0000 1.0000 1.0000 0.3527 0.1095 0.0341 0.0105 0.0032 0.0010 1.0000 1.0000 1.0000 0.8082 0.2481 0.0762 0.0234 0.0072 0.0022 0.0007 1.0000 1.0000 1.0000 0.5493 0.1686 0.0518 0.0159 0.0049 0.0015 1.0000 1.0000 1.0000 1.0000 0.3734 0.1146 0.0352 0.0108 0.0033 0.0010 1.0000 1.0000 1.0000 0.8268 0.2538 0.0779 0.0239 0.0073 0.0023 0.0007 1.0000 1.0000 1.0000 0.3129
