0.0000 0.0012 0.0022 0.0031 0.0046 0.0068 0.0100 0.0147 0.0217 0.0321 0.0474 0.0700 0.1034 0.1527 0.2256 0.3331 0.4920 0.7265 1.0000 1.0000 1.0000 1.0000 1.0000 1.0000 1.0000 1.0000 1.0000 0.0001 0.0001 0.0002 0.0003 0.0004 0.0006 0.0008 0.0012 0.0018 0.0027 0.0040 0.0058 0.0086 0.0127 0.0188 0.0278 0.0410 0.0606 0.0895 0.1322 0.1948 0.2867 0.4448 0.6252 0.4448 0.2867 0.1948 0.1322 0.0895 0.0606 0.0410 0.0278 0.0188 0.0127 0.0086 0.0058 0.0040 0.0027 0.0018 0.0012 0.0008 0.0006 0.0004 0.0003 0.0002 0.0001 0.0001 1.0000 1.0000 1.0000 1.0000 1.0000 1.0000 1.0000 1.0000 1.0000 0.7265 0.4920 0.3331 0.2256 0.1527 0.1034 0.0700 0.0474 0.0321 0.0217 0.0147 0.0100 0.0068 0.0046 0.0031 0.0022 0.0012 0.0000
0.0012 0.0222 0.0314 0.0484 0.0722 0.1072 0.1587 0.2348 0.3467 0.5120 0.7561 1.0000 1.0000 1.0000 1.0000 1.0000 1.0000 1.0000 1.0000 1.0000 1.0000 1.0000 1.0000 1.0000 0.0004 0.0006 0.0009 0.0013 0.0019 0.0028 0.0041 0.0061 0.0090 0.0133 0.0196 0.0289 0.0427 0.0631 0.0932 0.1376 0.2032 0.3000 0.4431 0.6544 0.9663 1.0000 1.0000 1.0000 1.0000 1.0000 1.0000 1.0000 1.0000 1.0000 1.0000 1.0000 0.9663 0.6544 0.4431 0.3000 0.2032 0.1376 0.0932 0.0631 0.0427 0.0289 0.0196 0.0133 0.0090 0.0061 0.0041 0.0028 0.0019 0.0013 0.0009 0.0006 0.0004 1.0000 1.0000 1.0000 1.0000 1.0000 1.0000 1.0000 1.0000 1.0000 1.0000 1.0000 1.0000 1.0000 0.7561 0.5120 0.3467 0.2348 0.1587 0.1072 0.0722 0.0484 0.0314 0.0222 0.0012
0.0022 0.0314 0.0658 0.1179 0.1948 0.3058 0.4656 0.6994 1.0000 1.0000 1.0000 1.0000 1.0000 1.0000 1.0000 1.0000 1.0000 1.0000 1.0000 1.0000 1.0000 0.0004 0.0005 0.0008 0.0012 0.0018 0.0026 0.0039 0.0057 0.0084 0.0124 0.0183 0.0271 0.0400 0.0590 0.0872 0.1287 0.1901 0.2807 0.4146 0.6122 0.9041 1.0000 1.0000 1.0000 1.0000 1.0000 1.0000 1.0000 1.0000 1.0000 1.0000 1.0000 1.0000 1.0000 1.0000 1.0000 1.0000 1.0000 0.9041 0.6122 0.4146 0.2807 0.1901 0.1287 0.0872 0.0590 0.0400 0.0271 0.0183 0.0124 0.0084 0.0057 0.0039 0.0026 0.0018 0.0012 0.0008 0.0005 0.0004 1.0000 1.0000 1.0000 1.0000 1.0000 1.0000 1.0000 1.0000 1.0000 1.0000 1.0000 1.0000 1.0000 0.6994 0.4656 0.3058 0.1948 0.1179 0.0658 0.0314 0.0022
0.0031 0.0484 0.1179 0.2457 0.4577 0.7869 1.0000 1.0000 1.0000 1.0000 1.0000 1.0000 1.0000 1.0000 1.0000 1.0000 1.0000 1.0000 0.0003 0.0005 0.0008 0.0011 0.0017 0.0024 0.0036 0.0053 0.0079 0.0116 0.0171 0.0253 0.0374 0.0552 0.0815 0.1204 0.1778 0.2626 0.3879 0.5728 0.8459 1.0000 1.0000 1.0000 1.0000 1.0000 1.0000 1.0000 1.0000 1.0000 1.0000 1.0000 1.0000 1.0000 1.0000 1.0000 1.0000 1.0000 1.0000 1.0000 1.0000 1.0000 1.0000 1.0000 0.8459 0.5728 0.3879 0.2626 0.1778 0.1204 0.0815 0.0552 0.0374 0.0253 0.0171 0.0116 0.0079 0.0053 0.0036 0.0024 0.0017 0.0011 0.0008 0.0005 0.0003 1.0000 1.0000 1.0000 1.0000 1.0000 1.0000 1.0000 1.0000 1.0000 1.0000 1.0000 1.0000 0.7869 0.4577 0.2457 0.1179 0.0484 0.0031
0.0046 0.0722 0.1948 0.4577 0.9518 1.0000 1.0000 1.0000 1.0000 1.0000 1.0000 1.0000 1.0000 1.0000 1.0000 1.0000 0.0005 0.0007 0.0010 0.0015 0.0023 0.0034 0.0050 0.0074 0.0109 0.0160 0.0237 0.0350 0.0517 0.0763 0.1127 0.1664 0.2457 0.3629 0.5359 0.7914 1.0000 1.0000 1.0000 1.0000 1.0000 1.0000 1.0000 1.0000 1.0000 1.0000 1.0000 1.0000 1.0000 0.0004 0.0006 0.0004 1.0000 1.0000 1.0000 1.0000 1.0000 1.0000 1.0000 1.0000 1.0000 1.0000 1.0000 1.0000 1.0000 0.7914 0.5359 0.3629 0.2457 0.1664 0.1127 0.0763 0.0517 0.0350 0.0237 0.0160 0.0109 0.0074 0.0050 0.0034 0.0023 0.0015 0.0010 0.0007 0.0005 1.0000 1.0000 1.0000 1.0000 1.0000 1.0000 1.0000 1.0000 1.0000 1.0000 1.0000 0.9518 0.4577 0.1948 0.0722 0.0046
0.0068 0.1072 0.3058 0.7869 1.0000 1.0000 1.0000 1.0000 1.0000 1.0000 1.0000 1.0000 1.0000 0.0004 0.0007 0.0010 0.0014 0.0021 0.0032 0.0047 0.0069 0.0102 0.0150 0.0222 0.0327 0.0483 0.0714 0.1054 0.1557 0.2299 0.3395 0.5014 0.7405 1.0000 1.0000 1.0000 1.0000 1.0000 1.0000 1.0000 1.0000 1.0000 1.0000 1.0000 1.0000 1.0000 0.0004 0.0006 0.0008 0.0013 0.0017 0.0013 0.0008 0.0006 0.0004 1.0000 1.0000 1.0000 1.0000 1.0000 1.0000 1.0000 1.0000 1.0000 1.0000 1.0000 1.0000 1.0000 0.7405 0.5014 0.3395 0.2299 0.1557 0.1054 0.0714 0.0483 0.0327 0.0222 0.0150 0.0102 0.0069 0.0047 0.0032 0.0021 0.0014 0.0010 0.0007 0.0004 1.0000 1.0000 1.0000 1.0000 1.0000 1.0000 1.0000 1.0000 1.0000 0.7869 0.3058 0.1072 0.0068
0.0100 0.1587 0.4656 1.0000 1.0000 1.0000 1.0000 1.0000 1.0000 1.0000 1.0000 0.0005 0.0008 0.0013 0.0019 0.0029 0.0043 0.0064 0.0095 0.0140 0.0207 0.0306 0.0452 0.0668 0.0986 0.1457 0.2151 0.3177 0.4691 0.6928 1.0000 1.0000 1.0000 1.0000 1.0000 1.0000 1.0000 1.0000 1.0000 1.0000 1.0000 1.0000 1.0000 0.0004 0.0005 0.0008 0.0012 0.0017 0.0026 0.0039 0.0052 0.0039 0.0026 0.0017 0.0012 0.0008 0.0005 0.0004 1.0000 1.0000 1.0000 1.0000 1.0000 1.0000 1.0000 1.0000 1.0000 1.0000 1.0000 1.0000 1.0000 0.6928 0.4691 0.3177 0.2151 0.1457 0.0986 0.0668 0.0452 0.0306 0.0207 0.0140 0.0095 0.0064 0.0043 0.0029 0.0019 0.0013 0.0008 0.0005 1.0000 1.0000 1.0000 1.0000 1.0000 1.0000 1.0000 1.0000 0.4656 0.1587 0.0100
0.0147 0.2348 0.6994 1.0000 1.0000 1.0000 1.0000 1.0000 1.0000 0.0005 0.0008 0.0014 0.0023 0.0036 0.0056 0.0085 0.0128 0.0191 0.0284 0.0422 0.0625 0.0923 0.1365 0.2012 0.2972 0.4389 0.6482 0.9572 1.0000 1.0000 1.0000 1.0000 1.0000 1.0000 1.0000 1.0000 1.0000 1.0000 1.0000 1.0000 0.0003 0.0005 0.0007 0.0011 0.0016 0.0024 0.0035 0.0052 0.0077 0.0117 0.0158 0.0117 0.0077 0.0052 0.0035 0.0024 0.0016 0.0011 0.0007 0.0005 0.0003 1.0000 1.0000 1.0000 1.0000 1.0000 1.0000 1.0000 1.0000 1.0000 1.0000 1.0000 1.0000 0.9572 0.6482 0.4389 0.2972 0.2012 0.1365 0.0923 0.0625 0.0422 0.0284 0.0191 0.0128 0.0085 0.0056 0.0036 0.0023 0.0014 0.0008 0.0005 1.0000 1.0000 1.0000 1.0000 1.0000 1.0000 0.6994 0.2348 0.0147
0.0217 0.3467 1.0000 1.0000 1.0000 1.0000 1.0000 1.0000 0.0005 0.0011 0.0020 0.0035 0.0060 0.0098 0.0157 0.0244 0.0374 0.0565 0.0847 0.1263 0.1876 0.2775 0.4106 0.6064 0.8956 1.0000 1.0000 1.0000 1.0000 1.0000 1.0000 1.0000 1.0000 1.0000 1.0000 1.0000 1.0000 1.0000 0.0005 0.0007 0.0010 0.0015 0.0022 0.0033 0.0049 0.0072 0.0106 0.0157 0.0232 0.0352 0.0476 0.0352 0.0232 0.0157 0.0106 0.0072 0.0049 0.0033 0.0022 0.0015 0.0010 0.0007 0.0005 1.0000 1.0000 1.0000 1.0000 1.0000 1.0000 1.0000 1.0000 1.0000 1.0000 1.0000 1.0000 1.0000 0.8956 0.6064 0.4106 0.2775 0.1876 0.1263 0.0847 0.0565 0.0374 0.0244 0.0157 0.0098 0.0060 0.0035 0.0020 0.0011 0.0005 1.0000 1.0000 1.0000 1.0000 1.0000 1.0000 0.3467 0.0217
0.0321 0.5120 1.0000 1.0000 1.0000 1.0000 1.0000 0.0005 0.0011 0.0022 0.0043 0.0081 0.0145 0.0250 0.0417 0.0672 0.1058 0.1633 0.2490 0.3734 0.5588 0.8315 1.0000 1.0000 1.0000 1.0000 1.0000 1.0000 1.0000 1.0000 1.0000 1.0000 1.0000 1.0000 1.0000 0.0004 0.0006 0.0010 0.0014 0.0021 0.0031 0.0046 0.0067 0.0100 0.0147 0.0217 0.0321 0.0473 0.0699 0.1060 0.1435 0.1060 0.0699 0.0473 0.0321 0.0217 0.0147 0.0100 0.0067 0.0046 0.0031 0.0021 0.0014 0.0010 0.0006 0.0004 1.0000 1.0000 1.0000 1.0000 1.0000 1.0000 1.0000 1.0000 1.0000 1.0000 1.0000 1.0000 1.0000 0.8315 0.5588 0.3734 0.2490 0.1633 0.1058 0.0672 0.0417 0.0250 0.0145 0.0081 0.0043 0.0022 0.0011 0.0005 1.0000 1.0000 1.0000 1.0000 1.0000 0.5120 0.0321
0.0474 0.7561 1.0000 1.0000 1.0000 1.0000 1.0000 0.0008 0.0020 0.0043 0.0089 0.0176 0.0333 0.0603 0.1050 0.1765 0.2883 0.4585 0.7115 1.0000 1.0000 1.0000 1.0000 1.0000 1.0000 1.0000 1.0000 1.0000 1.0000 1.0000 1.0000 1.0000 0.0004 0.0006 0.0009 0.0013 0.0020 0.0029 0.0043 0.0063 0.0093 0.0138 0.0203 0.0300 0.0443 0.0654 0.0966 0.1426 0.2106 0.3195 0.4323 0.3195 0.2106 0.1426 0.0966 0.0654 0.0443 0.0300 0.0203 0.0138 0.0093 0.0063 0.0043 0.0029 0.0020 0.0013 0.0009 0.0006 0.0004 1.0000 1.0000 1.0000 1.0000 1.0000 1.0000 1.0000 1.0000 1.0000 1.0000 1.0000 1.0000 1.0000 0.7115 0.4585 0.2883 0.1765 0.1050 0.0603 0.0333 0.0176 0.0089 0.0043 0.0020 0.0008 1.0000 1.0000 1.0000 1.0000 1.0000 0.7561 0.0474
0.0700 1.0000 1.0000 1.0000 1.0000 1.0000 0.0005 0.0014 0.0035 0.0081 0.0176 0.0366 0.0725 0.1376 0.2509 0.4414 0.7490 1.0000 1.0000 1.0000 1.0000 1.0000 1.0000 1.0000 1.0000 1.0000 1.0000 1.0000 1.0000 0.0004 0.0006 0.0008 0.0012 0.0018 0.0027 0.0040 0.0059 0.0087 0.0129 0.0190 0.0281 0.0414 0.0612 0.0904 0.1335 0.1971 0.2910 0.4298 0.6347 0.9627 1.0000 0.9627 0.6347 0.4298 0.2910 0.1971 0.1335 0.0904 0.0612 0.0414 0.0281 0.0190 0.0129 0.0087 0.0059 0.0040 0.0027 0.0018 0.0012 0.0008 0.0006 0.0004 1.0000 1.0000 1.0000 1.0000 1.0000 1.0000 1.0000 1.0000 1.0000 1.0000 1.0000 1.0000 0.7490 0.4414 0.2509 0.1376 0.0725 0.0366 0.0176 0.0081 0.0035 0.0014 0.0005 1.0000 1.0000 1.0000 1.0000 1.0000 0.0700
0.1034 1.0000 1.0000 1.0000 1.0000 1.0000 0.0008 0.0023 0.0060 0.0145 0.0333 0.0725 0.1502 0.2983 0.5695 1.0000 1.0000 1.0000 1.0000 1.0000 1.0000 1.0000 1.0000 1.0000 1.0000 1.0000 0.0004 0.0005 0.0008 0.0012 0.0017 0.0025 0.0037 0.0055 0.0082 0.0120 0.0178 0.0263 0.0388 0.0573 0.0845 0.1249 0.1844 0.2723 0.4021 0.5939 0.8770 1.0000 1.0000 1.0000 1.0000 1.0000 1.0000 1.0000 0.8770 0.5939 0.4021 0.2723 0.1844 0.1249 0.0845 0.0573 0.0388 0.0263 0.0178 0.0120 0.0082 0.0055 0.0037 0.0025 0.0017 0.0012 0.0008 0.0005 0.0004 1.0000 1.0000 1.0000 1.0000 1.0000 1.0000 1.0000 1.0000 1.0000 1.0000 1.0000 0.5695 0.2983 0.1502 0.0725 0.0333 0.0145 0.0060 0.0023 0.0008 1.0000 1.0000 1.0000 1.0000 1.0000 0.1034
0.1527 1.0000 1.0000 1.0000 1.0000 0.0004 0.0013 0.0036 0.0098 0.0250 0.0603 0.1376 0.2983 0.6192 1.0000 1.0000 1.0000 1.0000 1.0000 1.0000 1.0000 1.0000 1.0000 1.0000 0.0005 0.0007 0.0011 0.0016 0.0024 0.0035 0.0052 0.0076 0.0113 0.0166 0.0246 0.0363 0.0536 0.0791 0.1168 0.1725 0.2548 0.3762 0.5556 0.8205 1.0000 1.0000 1.0000 1.0000 1.0000 1.0000 1.0000 1.0000 1.0000 1.0000 1.0000 1.0000 1.0000 0.8205 0.5556 0.3762 0.2548 0.1725 0.1168 0.0791 0.0536 0.0363 0.0246 0.0166 0.0113 0.0076 0.0052 0.0035 0.0024 0.0016 0.0011 0.0007 0.0005 1.0000 1.0000 1.0000 1.0000 1.0000 1.0000 1.0000 1.0000 1.0000 1.0000 0.6192 0.2983 0.1376 0.0603 0.0250 0.0098 0.0036 0.0013 0.0004 1.0000 1.0000 1.0000 1.0000 0.1527
0.2256 1.0000 1.0000 1.0000 1.0000 0.0007 0.0019 0.0056 0.0157 0.0417 0.1050 0.2509 0.5695 1.0000 1.0000 1.0000 1.0000 1.0000 1.0000 1.0000 1.0000 0.0004 0.0006 0.0009 0.0014 0.0021 0.0032 0.0047 0.0071 0.0105 0.0155 0.0230 0.0339 0.0502 0.0740 0.1093 0.1614 0.2384 0.3520 0.5198 0.7677 1.0000 1.0000 1.0000 1.0000 1.0000 1.0000 1.0000 1.0000 1.0000 1.0000 1.0000 1.0000 1.0000 1.0000 1.0000 1.0000 1.0000 1.0000 1.0000 0.7677 0.5198 0.3520 0.2384 0.1614 0.1093 0.0740 0.0502 0.0339 0.0230 0.0155 0.0105 0.0071 0.0047 0.0032 0.0021 0.0014 0.0009 0.0006 0.0004 1.0000 1.0000 1.0000 1.0000 1.0000 1.0000 1.0000 1.0000 0.5695 0.2509 0.1050 0.0417 0.0157 0.0056 0.0019 0.0007 1.0000 1.0000 1.0000 1.0000 0.2256
0.3331 1.0000 1.0000 1.0000 1.0000 0.0010 0.0029 0.0085 0.0244 0.0672 0.1765 0.4414 1.0000 1.0000 1.0000 1.0000 1.0000 1.0000 1.0000 1.0000 0.0005 0.0009 0.0015 0.0024 0.0039 0.0060 0.0092 0.0139 0.0209 0.0312 0.0464 0.0690 0.1021 0.1510 0.2230 0.3293 0.4864 0.7183 1.0000 1.0000 1.0000 1.0000 1.0000 1.0000 1.0000 1.0000 1.0000 1.0000 1.0000 1.0000 1.0000 1.0000 1.0000 1.0000 1.0000 1.0000 1.0000 1.0000 1.0000 1.0000 1.0000 1.0000 1.0000 0.7183 0.4864 0.3293 0.2230 0.1510 0.1021 0.0690 0.0464 0.0312 0.0209 0.0139 0.0092 0.0060 0.0039 0.0024 0.0015 0.0009 0.0005 1.0000 1.0000 1.0000 1.0000 1.0000 1.0000 1.0000 1.0000 0.4414 0.1765 0.0672 0.0244 0.0085 0.0029 0.0010 1.0000 1.0000 1.0000 1.0000 0.3331
0.4920 1.0000 1.0000 1.0000 0.0005 0.0014 0.0043 0.0128 0.0374 0.1058 0.2883 0.7490 1.0000 1.0000 1.0000 1.0000 1.0000 1.0000 0.0004 0.0007 0.0013 0.0023 0.0039 0.0065 0.0105 0.0168 0.0262 0.0403 0.0613 0.0925 0.1384 0.2063 0.3064 0.4533 0.6720 0.9924 1.0000 1.0000 1.0000 1.0000 1.0000 1.0000 1.0000 1.0000 1.0000 1.0000 1.0000 1.0000 0.0004 0.0005 0.0007 0.0005 0.0004 1.0000 1.0000 1.0000 1.0000 1.0000 1.0000 1.0000 1.0000 1.0000 1.0000 1.0000 1.0000 0.9924 0.6720 0.4533 0.3064 0.2063 0.1384 0.0925 0.0613 0.0403 0.0262 0.0168 0.0105 0.0065 0.0039 0.0023 0.0013 0.0007 0.0004 1.0000 1.0000 1.0000 1.0000 1.0000 1.0000 0.7490 0.2883 0.1058 0.0374 0.0128 0.0043 0.0014 0.0005 1.0000 1.0000 1.0000 0.4920
0.7265 1.0000 1.0000 1.0000 0.0007 0.0021 0.0064 0.0191 0.0565 0.1633 0.4585 1.0000 1.0000 1.0000 1.0000 1.0000 1.0000 0.0004 0.0008 0.0016 0.0030 0.0054 0.0096 0.0165 0.0277 0.0454 0.0728 0.1144 0.1768 0.2702 0.4083 0.6122 0.9145 1.0000 1.0000 1.0000 1.0000 1.0000 1.0000 1.0000 1.0000 1.0000 1.0000 1.0000 1.0000 1.0000 0.0005 0.0007 0.0011 0.0016 0.0022 0.0016 0.0011 0.0007 0.0005 1.0000 1.0000 1.0000 1.0000 1.0000 1.0000 1.0000 1.0000 1.0000 1.0000 1.0000 1.0000 1.0000 0.9145 0.6122 0.4083 0.2702 0.1768 0.1144 0.0728 0.0454 0.0277 0.0165 0.0096 0.0054 0.0030 0.0016 0.0008 0.0004 1.0000 1.0000 1.0000 1.0000 1.0000 1.0000 0.4585 0.1633 0.0565 0.0191 0.0064 0.0021 0.0007 1.0000 1.0000 1.0000 0.7265
1.0000 1.0000 1.0000 0.0003 0.0010 0.0032 0.0095 0.0284 0.0847 0.2490 0.7115 1.0000 1.0000 1.0000 1.0000 1.0000 0.0004 0.0008 0.0017 0.0034 0.0066 0.0125 0.0228 0.0406 0.0703 0.1188 0.1956 0.3152 0.4985 0.7736 1.0000 1.0000 1.0000 1.0000 1.0000 1.0000 1.0000 1.0000 1.0000 1.0000 1.0000 1.0000 1.0000 0.0005 0.0007 0.0010 0.0015 0.0022 0.0032 0.0049 0.0066 0.0049 0.0032 0.0022 0.0015 0.0010 0.0007 0.0005 1.0000 1.0000 1.0000 1.0000 1.0000 1.0000 1.0000 1.0000 1.0000 1.0000 1.0000 1.0000 1.0000 0.7736 0.4985 0.3152 0.1956 0.1188 0.0703 0.0406 0.0228 0.0125 0.0066 0.0034 0.0017 0.0008 0.0004 1.0000 1.0000 1.0000 1.0000 1.0000 0.7115 0.2490 0.0847 0.0284 0.0095 0.0032 0.0010 0.0003 1.0000 1.0000 1.0000
1.0000 1.0000 1.0000 0.0005 0.0015 0.0047 0.0140 0.0422 0.1263 0.3734 1.0000 1.0000 1.0000 1.0000 1.0000 1.0000 0.0007 0.0016 0.0034 0.0070 0.0142 0.0276 0.0522 0.0960 0.1719 0.2989 0.5072 0.8427 1.0000 1.0000 1.0000 1.0000 1.0000 1.0000 1.0000 1.0000 1.0000 1.0000 1.0000 1.0000 0.0004 0.0006 0.0009 0.0014 0.0020 0.0030 0.0044 0.0065 0.0097 0.0146 0.0198 0.0146 0.0097 0.0065 0.0044 0.0030 0.0020 0.0014 0.0009 0.0006 0.0004 1.0000 1.0000 1.0000 1.0000 1.0000 1.0000 1.0000 1.0000 1.0000 1.0000 1.0000 1.0000 0.8427 0.5072 0.2989 0.1719 0.0960 0.0522 0.0276 0.0142 0.0070 0.0034 0.0016 0.0007 1.0000 1.0000 1.0000 1.0000 1.0000 1.0000 0.3734 0.1263 0.0422 0.0140 0.0047 0.0015 0.0005 1.0000 1.0000 1.0000
1.0000 1.0000 1.0000 0.0008 0.0023 0.0069 0.0207 0.0625 0.1876 0.5588 1.0000 1.0000 1.0000 1.0000 1.0000 0.0005 0.0013 0.0030 0.0066 0.0142 0.0294 0.0591 0.1153 0.2192 0.4044 0.7265 1.0000 1.0000 1.0000 1.0000 1.0000 1.0000 1.0000 1.0000 1.0000 1.0000 1.0000 0.0004 0.0006 0.0009 0.0013 0.0019 0.0028 0.0041 0.0061 0.0090 0.0133 0.0197 0.0291 0.0441 0.0597 0.0441 0.0291 0.0197 0.0133 0.0090 0.0061 0.0041 0.0028 0.0019 0.0013 0.0009 0.0006 0.0004 1.0000 1.0000 1.0000 1.0000 1.0000 1.0000 1.0000 1.0000 1.0000 1.0000 1.0000 0.7265 0.4044 0.2192 0.1153 0.0591 0.0294 0.0142 0.0066 0.0030 0.0013 0.0005 1.0000 1.0000 1.0000 1.0000 1.0000 0.5588 0.1876 0.0625 0.0207 0.0069 0.0023 0.0008 1.0000 1.0000 1.0000
1.0000 1.0000 0.0004 0.0011 0.0034 0.0102 0.0306 0.0923 0.2775 0.8315 1.0000 1.0000 1.0000 1.0000 0.0004 0.0009 0.0023 0.0054 0.0125 0.0276 0.0591 0.1225 0.2471 0.4827 0.9197 1.0000 1.0000 1.0000 1.0000 1.0000 1.0000 1.0000 1.0000 1.0000 0.0003 0.0005 0.0008 0.0012 0.0018 0.0026 0.0039 0.0057 0.0085 0.0125 0.0184 0.0272 0.0402 0.0594 0.0877 0.1329 0.1799 0.1329 0.0877 0.0594 0.0402 0.0272 0.0184 0.0125 0.0085 0.0057 0.0039 0.0026 0.0018 0.0012 0.0008 0.0005 0.0003 1.0000 1.0000 1.0000 1.0000 1.0000 1.0000 1.0000 1.0000 1.0000 0.9197 0.4827 0.2471 0.1225 0.0591 0.0276 0.0125 0.0054 0.0023 0.0009 0.0004 1.0000 1.0000 1.0000 1.0000 0.8315 0.2775 0.0923 0.0306 0.0102 0.0034 0.0011 0.0004 1.0000 1.0000
1.0000 1.0000 0.0005 0.0017 0.0050 0.0150 0.0452 0.1365 0.4106 1.0000 1.0000 1.0000 1.0000 1.0000 0.0006 0.0015 0.0039 0.0096 0.0228 0.0522 0.1153 0.2471 0.5110 1.0000 1.0000 1.0000 1.0000 1.0000 1.0000 1.0000 1.0000 1.0000 0.0004 0.0006 0.0010 0.0015 0.0023 0.0035 0.0052 0.0078 0.0116 0.0172 0.0254 0.0376 0.0555 0.0820 0.1211 0.1789 0.2641 0.4006 0.5421 0.4006 0.2641 0.1789 0.1211 0.0820 0.0555 0.0376 0.0254 0.0172 0.0116 0.0078 0.0052 0.0035 0.0023 0.0015 0.0010 0.0006 0.0004 1.0000 1.0000 1.0000 1.0000 1.0000 1.0000 1.0000 1.0000 1.0000 0.5110 0.2471 0.1153 0.0522 0.0228 0.0096 0.0039 0.0015 0.0006 1.0000 1.0000 1.0000 1.0000 1.0000 0.4106 0.1365 0.0452 0.0150 0.0050 0.0017 0.0005 1.0000 1.0000
1.0000 1.0000 0.0008 0.0024 0.0074 0.0222 0.0668 0.2012 0.6064 1.0000 1.0000 1.0000 1.0000 1.0000 0.0009 0.0024 0.0065 0.0165 0.0406 0.0960 0.2192 0.4827 1.0000 1.0000 1.0000 1.0000 1.0000 1.0000 1.0000 1.0000 0.0004 0.0006 0.0011 0.0017 0.0027 0.0043 0.0066 0.0102 0.0154 0.0231 0.0345 0.0514 0.0763 0.1129 0.1670 0.2471 0.3650 0.5390 0.7960 1.0000 1.0000 1.0000 0.7960 0.5390 0.3650 0.2471 0.1670 0.1129 0.0763 0.0514 0.0345 0.0231 0.0154 0.0102 0.0066 0.0043 0.0027 0.0017 0.0011 0.0006 0.0004 1.0000 1.0000 1.0000 1.0000 1.0000 1.0000 1.0000 1.0000 0.4827 0.2192 0.0960 0.0406 0.0165 0.0065 0.0024 0.0009 1.0000 1.0000 1.0000 1.0000 1.0000 0.6064 0.2012 0.0668 0.0222 0.0074 0.0024 0.0008 1.0000 1.0000
1.0000 0.0004 0.0012 0.0036 0.0109 0.0327 0.0986 0.2972 0.8973 1.0000 1.0000 1.0000 1.0000 0.0005 0.0014 0.0039 0.0105 0.0277 0.0703 0.1719 0.4044 0.9197 1.0000 1.0000 1.0000 1.0000 1.0000 1.0000 1.0000 0.0005 0.0009 0.0016 0.0027 0.0046 0.0075 0.0119 0.0188 0.0292 0.0448 0.0681 0.1025 0.1530 0.2277 0.3382 0.5024 0.7447 1.0000 1.0000 1.0000 1.0000 1.0000 1.0000 1.0000 1.0000 1.0000 0.7447 0.5024 0.3382 0.2277 0.1530 0.1025 0.0681 0.0448 0.0292 0.0188 0.0119 0.0075 0.0046 0.0027 0.0016 0.0009 0.0005 1.0000 1.0000 1.0000 1.0000 1.0000 1.0000 1.0000 0.9197 0.4044 0.1719 0.0703 0.0277 0.0105 0.0039 0.0014 0.0005 1.0000 1.0000 1.0000 1.0000 0.8956 0.2972 0.0986 0.0327 0.0109 0.0036 0.0012 0.0004 1.0000
1.0000 0.0006 0.0018 0.0053 0.0160 0.0483 0.1457 0.4389 1.0000 1.0000 1.0000 1.0000 1.0000 0.0007 0.0021 0.0060 0.0168 0.0454 0.1188 0.2989 0.7265 1.0000 1.0000 1.0000 1.0000 1.0000 1.0000 1.0000 0.0006 0.0012 0.0022 0.0039 0.0069 0.0118 0.0197 0.0323 0.0520 0.0822 0.1280 0.1971 0.2995 0.4516 0.6784 1.0000 1.0000 1.0000 1.0000 1.0000 1.0000 1.0000 1.0000 1.0000 1.0000 1.0000 1.0000 1.0000 1.0000 1.0000 0.6784 0.4516 0.2995 0.1971 0.1280 0.0822 0.0520 0.0323 0.0197 0.0118 0.0069 0.0039 0.0022 0.0012 0.0006 1.0000 1.0000 1.0000 1.0000 1.0000 1.0000 1.0000 0.7265 0.2989 0.1188 0.0454 0.0168 0.0060 0.0021 0.0007 1.0000 1.0000 1.0000 1.0000 1.0000 0.4389 0.1457 0.0483 0.0160 0.0053 0.0018 0.0006 1.0000
1.0000 0.0009 0.0026 0.0079 0.0237 0.0714 0.2151 0.6482 1.0000 1.0000 1.0000 1.0000 0.0004 0.0011 0.0032 0.0092 0.0262 0.0728 0.1956 0.5072 1.0000 1.0000 1.0000 1.0000 1.0000 1.0000 1.0000 0.0007 0.0014 0.0027 0.0051 0.0093 0.0168 0.0294 0.0505 0.0849 0.1397 0.2260 0.3588 0.5609 0.8654 1.0000 1.0000 1.0000 1.0000 1.0000 1.0000 1.0000 1.0000 1.0000 1.0000 1.0000 1.0000 1.0000 1.0000 1.0000 1.0000 1.0000 1.0000 1.0000 0.8654 0.5609 0.3588 0.2260 0.1397 0.0849 0.0505 0.0294 0.0168 0.0093 0.0051 0.0027 0.0014 0.0007 1.0000 1.0000 1.0000 1.0000 1.0000 1.0000 1.0000 0.5072 0.1956 0.0728 0.0262 0.0092 0.0032 0.0011 0.0004 1.0000 1.0000 1.0000 1.0000 0.6482 0.2151 0.0714 0.0237 0.0079 0.0026 0.0009 1.0000
0.0001 0.0013 0.0039 0.0116 0.0350 0.1054 0.3177 0.9572 1.0000 1.0000 1.0000 1.0000 0.0005 0.0016 0.0047 0.0139 0.0403 0.1142 0.3146 0.8411 1.0000 1.0000 1.0000 1.0000 1.0000 1.0000 0.0007 0.0015 0.0030 0.0059 0.0114 0.0215 0.0396 0.0714 0.1258 0.2163 0.3657 0.6041 0.9812 1.0000 1.0000 1.0000 1.0000 1.0000 1.0000 1.0000 1.0000 1.0000 1.0000 1.0000 1.0000 1.0000 1.0000 1.0000 1.0000 1.0000 1.0000 1.0000 1.0000 1.0000 1.0000 1.0000 0.9812 0.6041 0.3657 0.2167 0.1256 0.0714 0.0396 0.0215 0.0114 0.0059 0.0030 0.0015 0.0007 1.0000 1.0000 1.0000 1.0000 1.0000 1.0000 0.8427 0.3152 0.1144 0.0403 0.0139 0.0047 0.0016 0.0005 1.0000 1.0000 1.0000 1.0000 0.9572 0.3177 0.1054 0.0350 0.0116 0.0039 0.0013 0.0001
0.0001 0.0019 0.0057 0.0171 0.0517 0.1557 0.4691 1.0000 1.0000 1.0000 1.0000 1.0000 0.0008 0.0024 0.0071 0.0209 0.0613 0.1768 0.4976 1.0000 1.0000 1.0000 1.0000 1.0000 1.0000 0.0006 0.0014 0.0030 0.0062 0.0126 0.0248 0.0480 0.0907 0.1677 0.3029 0.5359 0.9285 1.0000 1.0000 1.0000 1.0000 1.0000 1.0000 1.0000 1.0000 1.0000 1.0000 1.0000 0.0004 0.0007 0.0009 0.0007 0.0004 1.0000 1.0000 1.0000 1.0000 1.0000 1.0000 1.0000 1.0000 1.0000 1.0000 1.0000 0.9285 0.5359 0.3029 0.1673 0.0907 0.0480 0.0248 0.0126 0.0062 0.0030 0.0014 0.0006 1.0000 1.0000 1.0000 1.0000 1.0000 1.0000 0.4985 0.1768 0.0613 0.0209 0.0071 0.0024 0.0008 1.0000 1.0000 1.0000 1.0000 1.0000 0.4691 0.1557 0.0517 0.0171 0.0057 0.0019 0.0001
0.0002 0.0028 0.0084 0.0253 0.0763 0.2299 0.6928 1.0000 1.0000 1.0000 1.0000 0.0004 0.0012 0.0035 0.0105 0.0312 0.0925 0.2697 0.7736 1.0000 1.0000 1.0000 1.0000 1.0000 0.0005 0.0012 0.0027 0.0059 0.0126 0.0261 0.0529 0.1046 0.2024 0.3835 0.7101 1.0000 1.0000 1.0000 1.0000 1.0000 1.0000 1.0000 1.0000 1.0000 1.0000 0.0004 0.0006 0.0009 0.0013 0.0020 0.0027 0.0020 0.0013 0.0009 0.0006 0.0004 1.0000 1.0000 1.0000 1.0000 1.0000 1.0000 1.0000 1.0000 1.0000 1.0000 0.7101 0.3835 0.2024 0.1046 0.0529 0.0261 0.0126 0.0059 0.0027 0.0012 0.0005 1.0000 1.0000 1.0000 1.0000 1.0000 0.7736 0.2702 0.0925 0.0312 0.0105 0.0035 0.0012 0.0004 1.0000 1.0000 1.0000 1.0000 0.6928 0.2299 0.0763 0.0253 0.0084 0.0028 0.0002
0.0003 0.0041 0.0124 0.0374 0.1127 0.3395 1.0000 1.0000 1.0000 1.0000 1.0000 0.0006 0.0017 0.0052 0.0155 0.0464 0.1384 0.4083 1.0000 1.0000 1.0000 1.0000 1.0000 0.0004 0.0009 0.0022 0.0051 0.0114 0.0248 0.0529 0.1095 0.2226 0.4406 0.8540 1.0000 1.0000 1.0000 1.0000 1.0000 1.0000 1.0000 1.0000 1.0000 0.0005 0.0007 0.0011 0.0017 0.0026 0.0039 0.0060 0.0081 0.0060 0.0039 0.0026 0.0017 0.0011 0.0007 0.0005 1.0000 1.0000 1.0000 1.0000 1.0000 1.0000 1.0000 1.0000 1.0000 0.8540 0.4406 0.2226 0.1095 0.0529 0.0248 0.0114 0.0051 0.0022 0.0009 0.0004 1.0000 1.0000 1.0000 1.0000 1.0000 0.4083 0.1384 0.0464 0.0155 0.0052 0.0017 0.0006 1.0000 1.0000 1.0000 1.0000 1.0000 0.3395 0.1127 0.0374 0.0124 0.0041 0.0003
0.0004 0.0061 0.0183 0.0552 0.1664 0.5014 1.0000 1.0000 1.0000 1.0000 1.0000 0.0008 0.0025 0.0076 0.0230 0.0690 0.2063 0.6122 1.0000 1.0000 1.0000 1.0000 1.0000 0.0006 0.0016 0.0039 0.0093 0.0215 0.0480 0.1046 0.2226 0.4611 0.9356 1.0000 1.0000 1.0000 1.0000 1.0000 1.0000 1.0000 1.0000 0.0005 0.0008 0.0013 0.0020 0.0031 0.0049 0.0075 0.0114 0.0176 0.0241 0.0176 0.0114 0.0075 0.0049 0.0031 0.0020 0.0013 0.0008 0.0005 1.0000 1.0000 1.0000 1.0000 1.0000 1.0000 1.0000 1.0000 0.9356 0.4611 0.2226 0.1046 0.0480 0.0215 0.0093 0.0039 0.0016 0.0006 1.0000 1.0000 1.0000 1.0000 1.0000 0.6122 0.2063 0.0690 0.0230 0.0076 0.0025 0.0008 1.0000 1.0000 1.0000 1.0000 1.0000 0.5014 0.1664 0.0552 0.0183 0.0061 0.0004
0.0006 0.0090 0.0271 0.0815 0.2457 0.7405 1.0000 1.0000 1.0000 1.0000 0.0004 0.0012 0.0037 0.0113 0.0339 0.1021 0.3064 0.9145 1.0000 1.0000 1.0000 1.0000 0.0004 0.0011 0.0027 0.0069 0.0168 0.0396 0.0907 0.2024 0.4406 0.9356 1.0000 1.0000 1.0000 1.0000 1.0000 1.0000 1.0000 0.0004 0.0007 0.0012 0.0020 0.0034 0.0055 0.0087 0.0138 0.0215 0.0330 0.0516 0.0712 0.0516 0.0330 0.0215 0.0138 0.0087 0.0055 0.0034 0.0020 0.0012 0.0007 0.0004 1.0000 1.0000 1.0000 1.0000 1.0000 1.0000 1.0000 0.9356 0.4406 0.2024 0.0907 0.0396 0.0168 0.0069 0.0027 0.0011 0.0004 1.0000 1.0000 1.0000 1.0000 0.9145 0.3064 0.1021 0.0339 0.0113 0.0037 0.0012 0.0004 1.0000 1.0000 1.0000 1.0000 0.7405 0.2457 0.0815 0.0271 0.0090 0.0006
0.0008 0.0133 0.0400 0.1204 0.3629 1.0000 1.0000 1.0000 1.0000 1.0000 0.0006 0.0018 0.0055 0.0166 0.0502 0.1510 0.4533 1.0000 1.0000 1.0000 1.0000 1.0000 0.0006 0.0017 0.0046 0.0118 0.0294 0.0714 0.1673 0.3835 0.8540 1.0000 1.0000 1.0000 1.0000 1.0000 1.0000 1.0000 0.0005 0.0009 0.0017 0.0030 0.0052 0.0087 0.0145 0.0237 0.0382 0.0604 0.0942 0.1496 0.2079 0.1496 0.0942 0.0604 0.0382 0.0237 0.0145 0.0087 0.0052 0.0030 0.0017 0.0009 0.0005 1.0000 1.0000 1.0000 1.0000 1.0000 1.0000 1.0000 0.8540 0.3835 0.1673 0.0714 0.0294 0.0118 0.0046 0.0017 0.0006 1.0000 1.0000 1.0000 1.0000 1.0000 0.4533 0.1510 0.0502 0.0166 0.0055 0.0018 0.0006 1.0000 1.0000 1.0000 1.0000 1.0000 0.3629 0.1204 0.0400 0.0133 0.0008
0.0012 0.0196 0.0590 0.1778 0.5359 1.0000 1.0000 1.0000 1.0000 1.0000 0.0009 0.0027 0.0082 0.0246 0.0740 0.2230 0.6720 1.0000 1.0000 1.0000 1.0000 0.0003 0.0010 0.0027 0.0075 0.0197 0.0505 0.1256 0.3029 0.7101 1.0000 1.0000 1.0000 1.0000 1.0000 1.0000 1.0000 0.0006 0.0012 0.0022 0.0040 0.0072 0.0128 0.0221 0.0377 0.0630 0.1032 0.1664 0.2641 0.4257 0.5984 0.4257 0.2641 0.1664 0.1032 0.0630 0.0377 0.0222 0.0128 0.0072 0.0040 0.0022 0.0012 0.0006 1.0000 1.0000 1.0000 1.0000 1.0000 1.0000 1.0000 0.7101 0.3029 0.1256 0.0505 0.0197 0.0075 0.0027 0.0010 0.0003 1.0000 1.0000 1.0000 1.0000 0.6720 0.2230 0.0740 0.0246 0.0082 0.0027 0.0009 1.0000 1.0000 1.0000 1.0000 1.0000 0.5359 0.1778 0.0590 0.0196 0.0012
0.0018 0.0289 0.0872 0.2626 0.7914 1.0000 1.0000 1.0000 1.0000 0.0004 0.0013 0.0040 0.0120 0.0363 0.1093 0.3293 0.9924 1.0000 1.0000 1.0000 1.0000 0.0005 0.0015 0.0043 0.0119 0.0323 0.0849 0.2167 0.5359 1.0000 1.0000 1.0000 1.0000 1.0000 1.0000 1.0000 0.0007 0.0013 0.0026 0.0049 0.0092 0.0170 0.0308 0.0546 0.0949 0.1623 0.2723 0.4482 0.7251 1.0000 1.0000 1.0000 0.7251 0.4482 0.2723 0.1623 0.0951 0.0546 0.0309 0.0171 0.0092 0.0049 0.0026 0.0013 0.0007 1.0000 1.0000 1.0000 1.0000 1.0000 1.0000 1.0000 0.5359 0.2167 0.0849 0.0323 0.0119 0.0043 0.0015 0.0005 1.0000 1.0000 1.0000 1.0000 0.9924 0.3293 0.1093 0.0363 0.0120 0.0040 0.0013 0.0004 1.0000 1.0000 1.0000 1.0000 0.7914 0.2626 0.0872 0.0289 0.0018
0.0027 0.0427 0.1287 0.3879 1.0000 1.0000 1.0000 1.0000 1.0000 0.0006 0.0020 0.0059 0.0178 0.0536 0.1614 0.4864 1.0000 1.0000 1.0000 1.0000 1.0000 0.0008 0.0023 0.0066 0.0188 0.0519 0.1400 0.3657 0.9285 1.0000 1.0000 1.0000 1.0000 1.0000 1.0000 0.0007 0.0014 0.0028 0.0056 0.0109 0.0209 0.0392 0.0723 0.1312 0.2339 0.4075 0.6981 1.0000 1.0000 1.0000 1.0000 1.0000 1.0000 1.0000 0.6981 0.4075 0.2339 0.1314 0.0725 0.0393 0.0209 0.0109 0.0056 0.0028 0.0014 0.0007 1.0000 1.0000 1.0000 1.0000 1.0000 1.0000 0.9285 0.3657 0.1397 0.0520 0.0188 0.0066 0.0023 0.0008 1.0000 1.0000 1.0000 1.0000 1.0000 0.4864 0.1614 0.0536 0.0178 0.0059 0.0020 0.0006 1.0000 1.0000 1.0000 1.0000 1.0000 0.3879 0.1287 0.0427 0.0027
0.0040 0.0631 0.1901 0.5728 1.0000 1.0000 1.0000 1.0000 1.0000 0.0010 0.0029 0.0087 0.0263 0.0791 0.2384 0.7183 1.0000 1.0000 1.0000 1.0000 0.0004 0.0012 0.0035 0.0102 0.0291 0.0822 0.2260 0.6041 1.0000 1.0000 1.0000 1.0000 1.0000 1.0000 0.0006 0.0013 0.0028 0.0058 0.0118 0.0235 0.0459 0.0882 0.1664 0.3081 0.5599 0.9981 1.0000 1.0000 1.0000 1.0000 1.0000 1.0000 1.0000 1.0000 1.0000 0.9981 0.5609 0.3087 0.1667 0.0883 0.0459 0.0235 0.0118 0.0058 0.0028 0.0013 0.0006 1.0000 1.0000 1.0000 1.0000 1.0000 1.0000 0.6041 0.2260 0.0822 0.0292 0.0102 0.0035 0.0012 0.0004 1.0000 1.0000 1.0000 1.0000 0.7183 0.2384 0.0791 0.0263 0.0087 0.0029 0.0010 1.0000 1.0000 1.0000 1.0000 1.0000 0.5728 0.1901 0.0631 0.0040
0.0058 0.0932 0.2807 0.8459 1.0000 1.0000 1.0000 1.0000 0.0005 0.0014 0.0043 0.0129 0.0388 0.1168 0.3520 1.0000 1.0000 1.0000 1.0000 1.0000 0.0006 0.0018 0.0052 0.0153 0.0446 0.1277 0.3588 0.9812 1.0000 1.0000 1.0000 1.0000 1.0000 0.0005 0.0012 0.0026 0.0056 0.0118 0.0244 0.0496 0.0992 0.1945 0.3734 0.7061 1.0000 1.0000 1.0000 1.0000 1.0000 1.0000 1.0000 1.0000 1.0000 1.0000 1.0000 1.0000 1.0000 0.7061 0.3741 0.1941 0.0992 0.0496 0.0244 0.0118 0.0056 0.0026 0.0012 0.0005 1.0000 1.0000 1.0000 1.0000 1.0000 0.9812 0.3588 0.1280 0.0448 0.0154 0.0052 0.0018 0.0006 1.0000 1.0000 1.0000 1.0000 1.0000 0.3520 0.1168 0.0388 0.0129 0.0043 0.0014 0.0005 1.0000 1.0000 1.0000 1.0000 0.8459 0.2807 0.0932 0.0058
0.0086 0.1376 0.4146 1.0000 1.0000 1.0000 1.0000 1.0000 0.0007 0.0021 0.0063 0.0190 0.0573 0.1725 0.5198 1.0000 1.0000 1.0000 1.0000 1.0000 0.0009 0.0026 0.0078 0.0231 0.0677 0.1967 0.5609 1.0000 1.0000 1.0000 1.0000 1.0000 0.0004 0.0009 0.0022 0.0049 0.0109 0.0235 0.0496 0.1028 0.2098 0.4185 0.8221 1.0000 1.0000 1.0000 1.0000 1.0000 1.0000 1.0000 1.0000 1.0000 1.0000 1.0000 1.0000 1.0000 1.0000 1.0000 0.8221 0.4185 0.2098 0.1028 0.0496 0.0235 0.0109 0.0049 0.0022 0.0009 0.0004 1.0000 1.0000 1.0000 1.0000 1.0000 0.5609 0.1971 0.0681 0.0231 0.0078 0.0026 0.0009 1.0000 1.0000 1.0000 1.0000 1.0000 0.5198 0.1725 0.0573 0.0190 0.0063 0.0021 0.0007 1.0000 1.0000 1.0000 1.0000 1.0000 0.4146 0.1376 0.0086
0.0127 0.2032 0.6122 1.0000 1.0000 1.0000 1.0000 0.0003 0.0010 0.0031 0.0093 0.0281 0.0845 0.2548 0.7677 1.0000 1.0000 1.0000 1.0000 0.0004 0.0013 0.0039 0.0116 0.0345 0.1021 0.2995 0.8654 1.0000 1.0000 1.0000 1.0000 1.0000 0.0007 0.0017 0.0040 0.0092 0.0209 0.0459 0.0992 0.2098 0.4347 0.8871 1.0000 1.0000 1.0000 1.0000 1.0000 1.0000 1.0000 1.0000 0.0005 1.0000 1.0000 1.0000 1.0000 1.0000 1.0000 1.0000 1.0000 0.8871 0.4347 0.2098 0.0992 0.0459 0.0209 0.0092 0.0040 0.0017 0.0007 1.0000 1.0000 1.0000 1.0000 1.0000 0.8654 0.2995 0.1025 0.0345 0.0116 0.0039 0.0013 0.0004 1.0000 1.0000 1.0000 1.0000 0.7677 0.2548 0.0845 0.0281 0.0093 0.0031 0.0010 0.0003 1.0000 1.0000 1.0000 1.0000 0.6122 0.2032 0.0127
0.0188 0.3000 0.9041 1.0000 1.0000 1.0000 1.0000 0.0005 0.0015 0.0046 0.0138 0.0414 0.1249 0.3762 1.0000 1.0000 1.0000 1.0000 1.0000 0.0006 0.0019 0.0057 0.0172 0.0514 0.1527 0.4516 1.0000 1.0000 1.0000 1.0000 1.0000 0.0005 0.0012 0.0030 0.0072 0.0171 0.0393 0.0883 0.1941 0.4185 0.8871 1.0000 1.0000 1.0000 1.0000 1.0000 1.0000 1.0000 0.0004 0.0008 0.0012 0.0008 0.0004 1.0000 1.0000 1.0000 1.0000 1.0000 1.0000 1.0000 0.8871 0.4185 0.1941 0.0883 0.0393 0.0171 0.0072 0.0030 0.0012 0.0005 1.0000 1.0000 1.0000 1.0000 1.0000 0.4516 0.1530 0.0514 0.0172 0.0057 0.0019 0.0006 1.0000 1.0000 1.0000 1.0000 1.0000 0.3762 0.1249 0.0414 0.0138 0.0046 0.0015 0.0005 1.0000 1.0000 1.0000 1.0000 0.9041 0.3000 0.0188
0.0278 0.4431 1.0000 1.0000 1.0000 1.0000 1.0000 0.0007 0.0022 0.0067 0.0203 0.0612 0.1844 0.5556 1.0000 1.0000 1.0000 1.0000 1.0000 0.0009 0.0028 0.0085 0.0255 0.0762 0.2277 0.6784 1.0000 1.0000 1.0000 1.0000 1.0000 0.0008 0.0020 0.0052 0.0128 0.0309 0.0725 0.1667 0.3741 0.8221 1.0000 1.0000 1.0000 1.0000 1.0000 1.0000 1.0000 0.0005 0.0010 0.0019 0.0030 0.0019 0.0010 0.0005 1.0000 1.0000 1.0000 1.0000 1.0000 1.0000 1.0000 0.8221 0.3741 0.1667 0.0725 0.0309 0.0128 0.0052 0.0020 0.0008 1.0000 1.0000 1.0000 1.0000 1.0000 0.6784 0.2277 0.0763 0.0254 0.0085 0.0028 0.0009 1.0000 1.0000 1.0000 1.0000 1.0000 0.5556 0.1844 0.0612 0.0203 0.0067 0.0022 0.0007 1.0000 1.0000 1.0000 1.0000 1.0000 0.4431 0.0278
0.0410 0.6544 1.0000 1.0000 1.0000 1.0000 0.0004 0.0011 0.0033 0.0100 0.0300 0.0904 0.2723 0.8205 1.0000 1.0000 1.0000 1.0000 0.0005 0.0014 0.0041 0.0125 0.0376 0.1129 0.3382 1.0000 1.0000 1.0000 1.0000 1.0000 0.0005 0.0013 0.0034 0.0087 0.0222 0.0546 0.1314 0.3087 0.7061 1.0000 1.0000 1.0000 1.0000 1.0000 1.0000 1.0000 0.0006 0.0011 0.0022 0.0043 0.0069 0.0043 0.0022 0.0011 0.0006 1.0000 1.0000 1.0000 1.0000 1.0000 1.0000 1.0000 0.7061 0.3087 0.1314 0.0546 0.0222 0.0087 0.0034 0.0013 0.0005 1.0000 1.0000 1.0000 1.0000 1.0000 0.3382 0.1129 0.0376 0.0125 0.0041 0.0014 0.0005 1.0000 1.0000 1.0000 1.0000 0.8205 0.2723 0.0904 0.0300 0.0100 0.0033 0.0011 0.0004 1.0000 1.0000 1.0000 1.0000 0.6544 0.0410
0.0606 0.9663 1.0000 1.0000 1.0000 1.0000 0.0005 0.0016 0.0049 0.0147 0.0443 0.1335 0.4021 1.0000 1.0000 1.0000 1.0000 1.0000 0.0007 0.0020 0.0061 0.0184 0.0555 0.1670 0.5024 1.0000 1.0000 1.0000 1.0000 1.0000 0.0007 0.0020 0.0055 0.0145 0.0377 0.0951 0.2339 0.5609 1.0000 1.0000 1.0000 1.0000 1.0000 1.0000 1.0000 0.0006 0.0013 0.0025 0.0049 0.0098 0.0160 0.0098 0.0049 0.0025 0.0013 0.0006 1.0000 1.0000 1.0000 1.0000 1.0000 1.0000 1.0000 0.5609 0.2339 0.0951 0.0377 0.0145 0.0055 0.0020 0.0007 1.0000 1.0000 1.0000 1.0000 1.0000 0.5024 0.1670 0.0555 0.0184 0.0061 0.0020 0.0007 1.0000 1.0000 1.0000 1.0000 1.0000 0.4021 0.1335 0.0443 0.0147 0.0049 0.0016 0.0005 1.0000 1.0000 1.0000 1.0000 0.9663 0.0606
0.0895 1.0000 1.0000 1.0000 1.0000 1.0000 0.0008 0.0024 0.0072 0.0217 0.0654 0.1971 0.5939 1.0000 1.0000 1.0000 1.0000 1.0000 0.0010 0.0030 0.0090 0.0272 0.0820 0.2471 0.7447 1.0000 1.0000 1.0000 1.0000 0.0004 0.0011 0.0031 0.0087 0.0237 0.0630 0.1623 0.4075 0.9981 1.0000 1.0000 1.0000 1.0000 1.0000 1.0000 0.0006 0.0013 0.0027 0.0054 0.0106 0.0218 0.0361 0.0218 0.0106 0.0054 0.0027 0.0013 0.0006 1.0000 1.0000 1.0000 1.0000 1.0000 1.0000 0.9981 0.4075 0.1623 0.0630 0.0237 0.0087 0.0031 0.0011 0.0004 1.0000 1.0000 1.0000 1.0000 0.7447 0.2471 0.0820 0.0272 0.0090 0.0030 0.0010 1.0000 1.0000 1.0000 1.0000 1.0000 0.5939 0.1971 0.0654 0.0217 0.0072 0.0024 0.0008 1.0000 1.0000 1.0000 1.0000 1.0000 0.0895
0.1322 1.0000 1.0000 1.0000 1.0000 0.0004 0.0012 0.0035 0.0106 0.0321 0.0966 0.2910 0.8770 1.0000 1.0000 1.0000 1.0000 0.0005 0.0015 0.0044 0.0133 0.0402 0.1211 0.3650 1.0000 1.0000 1.0000 1.0000 1.0000 0.0006 0.0017 0.0049 0.0138 0.0382 0.1032 0.2723 0.6981 1.0000 1.0000 1.0000 1.0000 1.0000 1.0000 0.0006 0.0013 0.0027 0.0056 0.0113 0.0228 0.0476 0.0800 0.0478 0.0228 0.0113 0.0056 0.0027 0.0013 0.0006 1.0000 1.0000 1.0000 1.0000 1.0000 1.0000 0.6981 0.2723 0.1032 0.0382 0.0138 0.0049 0.0017 0.0006 1.0000 1.0000 1.0000 1.0000 1.0000 0.3650 0.1211 0.0402 0.0133 0.0044 0.0015 0.0005 1.0000 1.0000 1.0000 1.0000 0.8770 0.2910 0.0966 0.0321 0.0106 0.0035 0.0012 0.0004 1.0000 1.0000 1.0000 1.0000 0.1322
0.1948 1.0000 1.0000 1.0000 1.0000 0.0006 0.0017 0.0052 0.0157 0.0473 0.1426 0.4298 1.0000 1.0000 1.0000 1.0000 1.0000 0.0007 0.0022 0.0065 0.0197 0.0594 0.1789 0.5390 1.0000 1.0000 1.0000 1.0000 1.0000 0.0009 0.0026 0.0075 0.0214 0.0604 0.1664 0.4482 1.0000 1.0000 1.0000 1.0000 1.0000 1.0000 0.0005 0.0011 0.0025 0.0054 0.0113 0.0236 0.0481 0.1023 0.1738 0.1025 0.0482 0.0236 0.0113 0.0054 0.0025 0.0011 0.0005 1.0000 1.0000 1.0000 1.0000 1.0000 1.0000 0.4482 0.1664 0.0604 0.0215 0.0075 0.0026 0.0009 1.0000 1.0000 1.0000 1.0000 1.0000 0.5390 0.1789 0.0594 0.0197 0.0065 0.0022 0.0007 1.0000 1.0000 1.0000 1.0000 1.0000 0.4298 0.1426 0.0473 0.0157 0.0052 0.0017 0.0006 1.0000 1.0000 1.0000 1.0000 0.1948
0.2872 1.0000 1.0000 1.0000 1.0000 0.0008 0.0026 0.0077 0.0232 0.0699 0.2106 0.6347 1.0000 1.0000 1.0000 1.0000 0.0004 0.0011 0.0032 0.0097 0.0291 0.0877 0.2641 0.7960 1.0000 1.0000 1.0000 1.0000 0.0004 0.0013 0.0039 0.0114 0.0330 0.0942 0.2641 0.7251 1.0000 1.0000 1.0000 1.0000 1.0000 0.0004 0.0010 0.0022 0.0049 0.0106 0.0228 0.0480 0.0994 0.2159 0.3713 0.2163 0.0996 0.0482 0.0228 0.0106 0.0049 0.0022 0.0010 0.0004 1.0000 1.0000 1.0000 1.0000 1.0000 0.7251 0.2641 0.0942 0.0330 0.0114 0.0039 0.0013 0.0004 1.0000 1.0000 1.0000 1.0000 0.7960 0.2641 0.0877 0.0291 0.0097 0.0032 0.0011 0.0004 1.0000 1.0000 1.0000 1.0000 0.6347 0.2106 0.0699 0.0232 0.0077 0.0026 0.0008 1.0000 1.0000 1.0000 1.0000 0.2867
0.4456 1.0000 1.0000 1.0000 0.0004 0.0013 0.0039 0.0117 0.0352 0.1060 0.3195 0.9627 1.0000 1.0000 1.0000 1.0000 0.0005 0.0016 0.0049 0.0146 0.0441 0.1329 0.4006 1.0000 1.0000 1.0000 1.0000 1.0000 0.0007 0.0020 0.0060 0.0176 0.0516 0.1496 0.4257 1.0000 1.0000 1.0000 1.0000 1.0000 1.0000 0.0008 0.0019 0.0043 0.0098 0.0218 0.0477 0.1025 0.2159 0.4745 0.8268 0.4754 0.2163 0.1025 0.0478 0.0218 0.0098 0.0043 0.0019 0.0008 1.0000 1.0000 1.0000 1.0000 1.0000 1.0000 0.4257 0.1496 0.0516 0.0176 0.0060 0.0020 0.0007 1.0000 1.0000 1.0000 1.0000 1.0000 0.4006 0.1329 0.0441 0.0146 0.0049 0.0016 0.0005 1.0000 1.0000 1.0000 1.0000 0.9627 0.3195 0.1060 0.0352 0.0117 0.0039 0.0013 0.0004 1.0000 1.0000 1.0000 0.4448
0.6264 1.0000 1.0000 1.0000 0.0006 0.0017 0.0052 0.0158 0.0476 0.1435 0.4323 1.0000 1.0000 1.0000 1.0000 1.0000 0.0007 0.0022 0.0066 0.0198 0.0597 0.1799 0.5421 1.0000 1.0000 1.0000 1.0000 1.0000 0.0009 0.0027 0.0081 0.0241 0.0712 0.2079 0.5984 1.0000 1.0000 1.0000 1.0000 1.0000 0.0005 0.0012 0.0030 0.0070 0.0160 0.0362 0.0800 0.1738 0.3713 0.8268 1.0000 0.8268 0.3713 0.1738 0.0800 0.0362 0.0160 0.0070 0.0030 0.0012 0.0005 1.0000 1.0000 1.0000 1.0000 1.0000 0.5984 0.2079 0.0712 0.0241 0.0081 0.0027 0.0009 1.0000 1.0000 1.0000 1.0000 1.0000 0.5421 0.1799 0.0597 0.0198 0.0066 0.0022 0.0007 1.0000 1.0000 1.0000 1.0000 1.0000 0.4323 0.1435 0.0476 0.0158 0.0052 0.0017 0.0006 1.0000 1.0000 1.0000 0.6252
0.4456 1.0000 1.0000 1.0000 0.0004 0.0013 0.0039 0.0117 0.0352 0.1060 0.3195 0.9627 1.0000 1.0000 1.0000 1.0000 0.0005 0.0016 0.0049 0.0146 0.0441 0.1329 0.4006 1.0000 1.0000 1.0000 1.0000 1.0000 0.0007 0.0020 0.0060 0.0176 0.0516 0.1496 0.4257 1.0000 1.0000 1.0000 1.0000 1.0000 1.0000 0.0008 0.0019 0.0043 0.0098 0.0218 0.0478 0.1025 0.2163 0.4754 0.8268 0.4754 0.2163 0.1025 0.0478 0.0218 0.0098 0.0043 0.0019 0.0008 1.0000 1.0000 1.0000 1.0000 1.0000 1.0000 0.4257 0.1496 0.0516 0.0176 0.0060 0.0020 0.0007 1.0000 1.0000 1.0000 1.0000 1.0000 0.4006 0.1329 0.0441 0.0146 0.0049 0.0016 0.0005 1.0000 1.0000 1.0000 1.0000 0.9627 0.3195 0.1060 0.0352 0.0117 0.0039 0.0013 0.0004 1.0000 1.0000 1.0000 0.4448
0.2872 1.0000 1.0000 1.0000 1.0000 0.0008 0.0026 0.0077 0.0232 0.0699 0.2106 0.6347 1.0000 1.0000 1.0000 1.0000 0.0004 0.0011 0.0032 0.0097 0.0291 0.0877 0.2641 0.7960 1.0000 1.0000 1.0000 1.0000 0.0004 0.0013 0.0039 0.0114 0.0330 0.0942 0.2641 0.7251 1.0000 1.0000 1.0000 1.0000 1.0000 0.0004 0.0010 0.0022 0.0049 0.0106 0.0228 0.0482 0.0996 0.2163 0.3713 0.2163 0.0996 0.0482 0.0228 0.0106 0.0049 0.0022 0.0010 0.0004 1.0000 1.0000 1.0000 1.0000 1.0000 0.7251 0.2641 0.0942 0.0330 0.0114 0.0039 0.0013 0.0004 1.0000 1.0000 1.0000 1.0000 0.7960 0.2641 0.0877 0.0291 0.0097 0.0032 0.0011 0.0004 1.0000 1.0000 1.0000 1.0000 0.6347 0.2106 0.0699 0.0232 0.0077 0.0026 0.0008 1.0000 1.0000 1.0000 1.0000 0.2867
0.1948 1.0000 1.0000 1.0000 1.0000 0.0006 0.0017 0.0052 0.0157 0.0473 0.1426 0.4298 1.0000 1.0000 1.0000 1.0000 1.0000 0.0007 0.0022 0.0065 0.0197 0.0594 0.1789 0.5390 1.0000 1.0000 1.0000 1.0000 1.0000 0.0009 0.0026 0.0075 0.0214 0.0604 0.1664 0.4482 1.0000 1.0000 1.0000 1.0000 1.0000 1.0000 0.0005 0.0011 0.0025 0.0054 0.0113 0.0236 0.0482 0.1025 0.1738 0.1025 0.0482 0.0236 0.0113 0.0054 0.0025 0.0011 0.0005 1.0000 1.0000 1.0000 1.0000 1.0000 1.0000 0.4482 0.1664 0.0604 0.0215 0.0075 0.0026 0.0009 1.0000 1.0000 1.0000 1.0000 1.0000 0.5390 0.1789 0.0594 0.0197 0.0065 0.0022 0.0007 1.0000 1.0000 1.0000 1.0000 1.0000 0.4298 0.1426 0.0473 0.0157 0.0052 0.0017 0.0006 1.0000 1.0000 1.0000 1.0000 0.1948
0.1322 1.0000 1.0000 1.0000 1.0000 0.0004 0.0012 0.0035 0.0106 0.0321 0.0966 0.2910 0.8770 1.0000 1.0000 1.0000 1.0000 0.0005 0.0015 0.0044 0.0133 0.0402 0.1211 0.3650 1.0000 1.0000 1.0000 1.0000 1.0000 0.0006 0.0017 0.0049 0.0138 0.0382 0.1032 0.2723 0.6981 1.0000 1.0000 1.0000 1.0000 1.0000 1.0000 0.0006 0.0013 0.0027 0.0056 0.0113 0.0228 0.0478 0.0800 0.0478 0.0228 0.0113 0.0056 0.0027 0.0013 0.0006 1.0000 1.0000 1.0000 1.0000 1.0000 1.0000 0.6981 0.2723 0.1032 0.0382 0.0138 0.0049 0.0017 0.0006 1.0000 1.0000 1.0000 1.0000 1.0000 0.3650 0.1211 0.0402 0.0133 0.0044 0.0015 0.0005 1.0000 1.0000 1.0000 1.0000 0.8770 0.2910 0.0966 0.0321 0.0106 0.0035 0.0012 0.0004 1.0000 1.0000 1.0000 1.0000 0.1322
0.0895 1.0000 1.0000 1.0000 1.0000 1.0000 0.0008 0.0024 0.0072 0.0217 0.0654 0.1971 0.5939 1.0000 1.0000 1.0000 1.0000 1.0000 0.0010 0.0030 0.0090 0.0272 0.0820 0.2471 0.7447 1.0000 1.0000 1.0000 1.0000 0.0004 0.0011 0.0031 0.0087 0.0237 0.0630 0.1623 0.4075 0.9981 1.0000 1.0000 1.0000 1.0000 1.0000 1.0000 0.0006 0.0013 0.0027 0.0054 0.0106 0.0218 0.0362 0.0218 0.0106 0.0054 0.0027 0.0013 0.0006 1.0000 1.0000 1.0000 1.0000 1.0000 1.0000 0.9981 0.4075 0.1623 0.0630 0.0237 0.0087 0.0031 0.0011 0.0004 1.0000 1.0000 1.0000 1.0000 0.7447 0.2471 0.0820 0.0272 0.0090 0.0030 0.0010 1.0000 1.0000 1.0000 1.0000 1.0000 0.5939 0.1971 0.0654 0.0217 0.0072 0.0024 0.0008 1.0000 1.0000 1.0000 1.0000 1.0000 0.0895
