0.4120 0.4162 0.4206 0.4220 0.4225 0.4222 0.4211 0.4191 0.4163 0.4126 0.4081 0.4027 0.3962 0.3883 0.3787 0.3665 0.3506 0.3323 0.3150 0.3044 0.3008 0.3009 0.3038 0.3090 0.3163 0.3254 0.3361 0.3481 0.3610 0.3740 0.3864 0.3973 0.4062 0.4128 0.4173 0.4201 0.4216 0.4224 0.4224 0.4216 0.4200 0.4174 0.4141 0.4099 0.4048 0.3987 0.3914 0.3825 0.3715 0.3555 0.3413 0.3555 0.3715 0.3825 0.3914 0.3987 0.4048 0.4099 0.4141 0.4174 0.4200 0.4216 0.4224 0.4224 0.4216 0.4201 0.4173 0.4128 0.4062 0.3973 0.3864 0.3740 0.3610 0.3481 0.3361 0.3254 0.3163 0.3090 0.3038 0.3009 0.3008 0.3044 0.3150 0.3323 0.3506 0.3665 0.3787 0.3883 0.3962 0.4027 0.4081 0.4126 0.4163 0.4191 0.4211 0.4222 0.4225 0.4220 0.4206 0.4162 0.4120
0.4162 0.4220 0.4148 0.4102 0.4046 0.3977 0.3895 0.3796 0.3682 0.3549 0.3396 0.3215 0.2995 0.2711 0.2373 0.2025 0.1804 0.1747 0.1790 0.1909 0.2051 0.2212 0.2394 0.2597 0.2820 0.3060 0.3311 0.3564 0.3798 0.3988 0.4115 0.4181 0.4205 0.4203 0.4186 0.4157 0.4117 0.4066 0.4003 0.3927 0.3835 0.3726 0.3601 0.3456 0.3286 0.3082 0.2825 0.2503 0.2148 0.1858 0.1744 0.1858 0.2148 0.2503 0.2825 0.3082 0.3286 0.3456 0.3601 0.3726 0.3835 0.3927 0.4003 0.4066 0.4117 0.4157 0.4186 0.4203 0.4205 0.4181 0.4115 0.3988 0.3798 0.3564 0.3311 0.3060 0.2820 0.2597 0.2394 0.2212 0.2051 0.1909 0.1790 0.1747 0.1804 0.2025 0.2373 0.2711 0.2995 0.3215 0.3396 0.3549 0.3682 0.3796 0.3895 0.3977 0.4046 0.4102 0.4148 0.4220 0.4162
0.4206 0.4148 0.4039 0.3942 0.3837 0.3721 0.3590 0.3438 0.3262 0.3050 0.2781 0.2452 0.2100 0.1852 0.1772 0.1799 0.1912 0.2054 0.2216 0.2399 0.2602 0.2827 0.3068 0.3320 0.3573 0.3806 0.3995 0.4118 0.4180 0.4201 0.4196 0.4177 0.4146 0.4105 0.4055 0.3996 0.3926 0.3844 0.3745 0.3629 0.3491 0.3327 0.3131 0.2888 0.2577 0.2227 0.1923 0.1785 0.1780 0.1867 0.1939 0.1867 0.1780 0.1785 0.1923 0.2227 0.2577 0.2888 0.3131 0.3327 0.3491 0.3629 0.3745 0.3844 0.3926 0.3996 0.4055 0.4105 0.4146 0.4177 0.4196 0.4201 0.4180 0.4118 0.3995 0.3806 0.3573 0.3320 0.3068 0.2827 0.2602 0.2399 0.2216 0.2054 0.1912 0.1799 0.1772 0.1852 0.2100 0.2452 0.2781 0.3050 0.3262 0.3438 0.3590 0.3721 0.3837 0.3942 0.4039 0.4148 0.4206
0.4220 0.4102 0.3942 0.3780 0.3595 0.3389 0.3159 0.2894 0.2557 0.2179 0.1886 0.1775 0.1787 0.1889 0.2028 0.2187 0.2366 0.2567 0.2787 0.3026 0.3277 0.3531 0.3769 0.3967 0.4102 0.4173 0.4199 0.4199 0.4181 0.4152 0.4113 0.4064 0.4007 0.3939 0.3859 0.3763 0.3650 0.3516 0.3357 0.3167 0.2934 0.2634 0.2288 0.1965 0.1796 0.1773 0.1843 0.1975 0.2128 0.2300 0.2402 0.2300 0.2128 0.1975 0.1843 0.1773 0.1796 0.1965 0.2288 0.2634 0.2934 0.3167 0.3357 0.3516 0.3650 0.3763 0.3859 0.3939 0.4007 0.4064 0.4113 0.4152 0.4181 0.4199 0.4199 0.4173 0.4102 0.3967 0.3769 0.3531 0.3277 0.3026 0.2787 0.2567 0.2366 0.2187 0.2028 0.1889 0.1787 0.1775 0.1886 0.2179 0.2557 0.2894 0.3159 0.3389 0.3595 0.3780 0.3942 0.4102 0.4220
0.4225 0.4046 0.3837 0.3595 0.3303 0.2963 0.2547 0.2062 0.1786 0.1758 0.1850 0.1991 0.2151 0.2330 0.2529 0.2747 0.2984 0.3234 0.3488 0.3731 0.3937 0.4084 0.4164 0.4197 0.4200 0.4185 0.4157 0.4120 0.4073 0.4017 0.3951 0.3873 0.3781 0.3671 0.3541 0.3386 0.3202 0.2978 0.2689 0.2350 0.2011 0.1813 0.1770 0.1824 0.1951 0.2098 0.2266 0.2455 0.2669 0.2897 0.3030 0.2897 0.2669 0.2455 0.2266 0.2098 0.1951 0.1824 0.1770 0.1813 0.2011 0.2350 0.2689 0.2978 0.3202 0.3386 0.3541 0.3671 0.3781 0.3873 0.3951 0.4017 0.4073 0.4120 0.4157 0.4185 0.4200 0.4197 0.4164 0.4084 0.3937 0.3731 0.3488 0.3234 0.2984 0.2747 0.2529 0.2330 0.2151 0.1991 0.1850 0.1758 0.1786 0.2062 0.2547 0.2963 0.3303 0.3595 0.3837 0.4046 0.4225
0.4222 0.3977 0.3721 0.3389 0.2963 0.2401 0.1841 0.1724 0.1864 0.2042 0.2238 0.2452 0.2682 0.2926 0.3181 0.3440 0.3689 0.3905 0.4064 0.4155 0.4194 0.4201 0.4188 0.4163 0.4127 0.4082 0.4028 0.3963 0.3888 0.3798 0.3691 0.3564 0.3414 0.3236 0.3020 0.2742 0.2410 0.2062 0.1834 0.1770 0.1808 0.1928 0.2072 0.2236 0.2421 0.2628 0.2854 0.3097 0.3354 0.3604 0.3733 0.3604 0.3354 0.3097 0.2854 0.2628 0.2421 0.2236 0.2072 0.1928 0.1808 0.1770 0.1834 0.2062 0.2410 0.2742 0.3020 0.3236 0.3414 0.3564 0.3691 0.3798 0.3888 0.3963 0.4028 0.4082 0.4127 0.4163 0.4188 0.4201 0.4194 0.4155 0.4064 0.3905 0.3689 0.3440 0.3181 0.2926 0.2682 0.2452 0.2238 0.2042 0.1864 0.1724 0.1841 0.2401 0.2963 0.3389 0.3721 0.3977 0.4222
0.4211 0.3895 0.3590 0.3159 0.2547 0.1841 0.1741 0.1948 0.2188 0.2453 0.2737 0.3032 0.3327 0.3607 0.3852 0.4034 0.4141 0.4190 0.4202 0.4192 0.4168 0.4134 0.4090 0.4038 0.3975 0.3902 0.3814 0.3710 0.3588 0.3442 0.3269 0.3061 0.2795 0.2470 0.2117 0.1861 0.1773 0.1795 0.1905 0.2046 0.2207 0.2388 0.2591 0.2814 0.3055 0.3307 0.3560 0.3795 0.3989 0.4113 0.4151 0.4113 0.3989 0.3795 0.3560 0.3307 0.3055 0.2814 0.2591 0.2388 0.2207 0.2046 0.1905 0.1795 0.1773 0.1861 0.2117 0.2470 0.2795 0.3061 0.3269 0.3442 0.3588 0.3710 0.3814 0.3902 0.3975 0.4038 0.4090 0.4134 0.4168 0.4192 0.4202 0.4190 0.4141 0.4034 0.3852 0.3607 0.3327 0.3032 0.2737 0.2453 0.2188 0.1948 0.1741 0.1841 0.2547 0.3159 0.3590 0.3895 0.4211
0.4191 0.3796 0.3438 0.2894 0.2062 0.1724 0.1948 0.2241 0.2575 0.2936 0.3303 0.3647 0.3923 0.4097 0.4177 0.4201 0.4195 0.4174 0.4141 0.4099 0.4047 0.3987 0.3915 0.3830 0.3729 0.3610 0.3469 0.3301 0.3099 0.2846 0.2528 0.2175 0.1892 0.1778 0.1785 0.1883 0.2020 0.2178 0.2356 0.2555 0.2775 0.3012 0.3263 0.3517 0.3757 0.3958 0.4096 0.4170 0.4199 0.4198 0.4183 0.4198 0.4199 0.4170 0.4096 0.3958 0.3757 0.3517 0.3263 0.3012 0.2775 0.2555 0.2356 0.2178 0.2020 0.1883 0.1785 0.1778 0.1892 0.2175 0.2528 0.2846 0.3099 0.3301 0.3469 0.3610 0.3729 0.3830 0.3915 0.3987 0.4047 0.4099 0.4141 0.4174 0.4195 0.4201 0.4177 0.4097 0.3923 0.3647 0.3303 0.2936 0.2575 0.2241 0.1948 0.1724 0.2062 0.2894 0.3438 0.3796 0.4191
0.4163 0.3682 0.3262 0.2557 0.1786 0.1864 0.2188 0.2575 0.3006 0.3444 0.3828 0.4078 0.4180 0.4201 0.4186 0.4154 0.4112 0.4061 0.4001 0.3930 0.3847 0.3748 0.3632 0.3495 0.3331 0.3137 0.2895 0.2585 0.2236 0.1929 0.1786 0.1777 0.1861 0.1996 0.2149 0.2324 0.2519 0.2736 0.2971 0.3220 0.3474 0.3718 0.3928 0.4077 0.4162 0.4196 0.4200 0.4186 0.4159 0.4119 0.4084 0.4119 0.4159 0.4186 0.4200 0.4196 0.4162 0.4077 0.3928 0.3718 0.3474 0.3220 0.2971 0.2736 0.2519 0.2324 0.2149 0.1996 0.1861 0.1777 0.1786 0.1929 0.2236 0.2585 0.2895 0.3137 0.3331 0.3495 0.3632 0.3748 0.3847 0.3930 0.4001 0.4061 0.4112 0.4154 0.4186 0.4201 0.4180 0.4078 0.3828 0.3444 0.3006 0.2575 0.2188 0.1864 0.1786 0.2557 0.3262 0.3682 0.4163
0.4126 0.3549 0.3050 0.2179 0.1758 0.2042 0.2453 0.2936 0.3444 0.3883 0.4129 0.4198 0.4190 0.4152 0.4099 0.4036 0.3963 0.3877 0.3778 0.3662 0.3526 0.3365 0.3175 0.2942 0.2642 0.2297 0.1971 0.1799 0.1772 0.1840 0.1971 0.2122 0.2292 0.2484 0.2697 0.2929 0.3177 0.3431 0.3678 0.3895 0.4057 0.4151 0.4193 0.4201 0.4189 0.4164 0.4129 0.4085 0.4031 0.3963 0.3905 0.3963 0.4031 0.4085 0.4129 0.4164 0.4189 0.4201 0.4193 0.4151 0.4057 0.3895 0.3678 0.3431 0.3177 0.2929 0.2697 0.2484 0.2292 0.2122 0.1971 0.1840 0.1772 0.1799 0.1971 0.2297 0.2642 0.2942 0.3175 0.3365 0.3526 0.3662 0.3778 0.3877 0.3963 0.4036 0.4099 0.4152 0.4190 0.4198 0.4129 0.3883 0.3444 0.2936 0.2453 0.2042 0.1758 0.2179 0.3050 0.3549 0.4126
0.4081 0.3396 0.2781 0.1886 0.1850 0.2238 0.2737 0.3303 0.3828 0.4129 0.4200 0.4178 0.4124 0.4051 0.3964 0.3860 0.3738 0.3595 0.3431 0.3239 0.3011 0.2720 0.2372 0.2022 0.1815 0.1770 0.1822 0.1948 0.2095 0.2262 0.2450 0.2660 0.2889 0.3134 0.3388 0.3637 0.3862 0.4034 0.4139 0.4189 0.4202 0.4192 0.4169 0.4136 0.4093 0.4041 0.3979 0.3906 0.3819 0.3709 0.3615 0.3709 0.3819 0.3906 0.3979 0.4041 0.4093 0.4136 0.4169 0.4192 0.4202 0.4189 0.4139 0.4034 0.3862 0.3637 0.3388 0.3134 0.2889 0.2660 0.2450 0.2262 0.2095 0.1948 0.1822 0.1770 0.1815 0.2022 0.2372 0.2720 0.3011 0.3239 0.3431 0.3595 0.3738 0.3860 0.3964 0.4051 0.4124 0.4178 0.4200 0.4129 0.3828 0.3303 0.2737 0.2238 0.1850 0.1886 0.2781 0.3396 0.4081
0.4027 0.3215 0.2452 0.1775 0.1992 0.2452 0.3031 0.3646 0.4078 0.4198 0.4178 0.4113 0.4024 0.3912 0.3774 0.3607 0.3409 0.3177 0.2899 0.2540 0.2140 0.1853 0.1766 0.1800 0.1920 0.2065 0.2230 0.2416 0.2622 0.2848 0.3091 0.3344 0.3596 0.3826 0.4009 0.4126 0.4183 0.4201 0.4195 0.4174 0.4142 0.4101 0.4050 0.3990 0.3919 0.3835 0.3735 0.3617 0.3477 0.3299 0.3147 0.3299 0.3477 0.3617 0.3735 0.3835 0.3919 0.3990 0.4050 0.4101 0.4142 0.4174 0.4195 0.4201 0.4183 0.4126 0.4009 0.3826 0.3596 0.3344 0.3091 0.2848 0.2622 0.2416 0.2230 0.2065 0.1920 0.1800 0.1766 0.1853 0.2140 0.2540 0.2899 0.3177 0.3409 0.3607 0.3774 0.3912 0.4024 0.4113 0.4178 0.4198 0.4078 0.3647 0.3032 0.2452 0.1991 0.1775 0.2452 0.3215 0.4027
0.3962 0.2995 0.2100 0.1787 0.2151 0.2681 0.3326 0.3922 0.4180 0.4190 0.4124 0.4024 0.3894 0.3727 0.3517 0.3259 0.2944 0.2533 0.2058 0.1783 0.1759 0.1863 0.2012 0.2181 0.2369 0.2576 0.2803 0.3045 0.3299 0.3554 0.3790 0.3983 0.4111 0.4177 0.4200 0.4197 0.4179 0.4148 0.4108 0.4059 0.4001 0.3932 0.3851 0.3754 0.3639 0.3502 0.3341 0.3148 0.2909 0.2588 0.2334 0.2588 0.2909 0.3148 0.3341 0.3502 0.3639 0.3754 0.3851 0.3932 0.4001 0.4059 0.4108 0.4148 0.4179 0.4197 0.4200 0.4177 0.4111 0.3983 0.3790 0.3554 0.3299 0.3045 0.2803 0.2576 0.2369 0.2181 0.2012 0.1863 0.1759 0.1783 0.2058 0.2533 0.2944 0.3259 0.3517 0.3727 0.3894 0.4024 0.4124 0.4190 0.4180 0.3923 0.3327 0.2682 0.2151 0.1787 0.2100 0.2995 0.3962
0.3883 0.2711 0.1852 0.1889 0.2330 0.2925 0.3607 0.4097 0.4201 0.4152 0.4051 0.3912 0.3727 0.3485 0.3176 0.2782 0.2233 0.1801 0.1740 0.1879 0.2056 0.2256 0.2476 0.2715 0.2969 0.3233 0.3496 0.3744 0.3951 0.4093 0.4169 0.4199 0.4199 0.4183 0.4154 0.4116 0.4068 0.4012 0.3945 0.3865 0.3771 0.3660 0.3527 0.3371 0.3184 0.2955 0.2659 0.2317 0.1985 0.1802 0.1758 0.1802 0.1985 0.2317 0.2659 0.2955 0.3184 0.3371 0.3527 0.3660 0.3771 0.3865 0.3945 0.4012 0.4068 0.4116 0.4154 0.4183 0.4199 0.4199 0.4169 0.4093 0.3951 0.3744 0.3496 0.3233 0.2969 0.2715 0.2476 0.2256 0.2056 0.1879 0.1740 0.1801 0.2233 0.2782 0.3176 0.3485 0.3727 0.3912 0.4051 0.4152 0.4201 0.4097 0.3607 0.2926 0.2330 0.1889 0.1852 0.2711 0.3883
0.3787 0.2373 0.1772 0.2028 0.2528 0.3181 0.3852 0.4177 0.4186 0.4099 0.3964 0.3774 0.3517 0.3176 0.2724 0.2084 0.1724 0.1806 0.2004 0.2233 0.2490 0.2770 0.3064 0.3363 0.3646 0.3888 0.4061 0.4156 0.4195 0.4201 0.4187 0.4160 0.4123 0.4077 0.4022 0.3957 0.3880 0.3789 0.3680 0.3552 0.3399 0.3218 0.2998 0.2713 0.2377 0.2034 0.1822 0.1770 0.1818 0.1941 0.2018 0.1941 0.1818 0.1770 0.1822 0.2034 0.2377 0.2713 0.2998 0.3218 0.3399 0.3552 0.3680 0.3789 0.3880 0.3957 0.4022 0.4077 0.4123 0.4160 0.4187 0.4201 0.4195 0.4156 0.4061 0.3888 0.3646 0.3363 0.3064 0.2770 0.2490 0.2233 0.2004 0.1806 0.1724 0.2084 0.2724 0.3176 0.3517 0.3774 0.3964 0.4099 0.4186 0.4177 0.3852 0.3181 0.2529 0.2028 0.1772 0.2373 0.3787
0.3665 0.2025 0.1799 0.2187 0.2747 0.3440 0.4034 0.4201 0.4154 0.4036 0.3860 0.3607 0.3259 0.2782 0.2084 0.1711 0.1851 0.2087 0.2365 0.2680 0.3020 0.3367 0.3693 0.3953 0.4113 0.4183 0.4201 0.4192 0.4167 0.4132 0.4087 0.4033 0.3969 0.3894 0.3805 0.3700 0.3575 0.3427 0.3251 0.3039 0.2767 0.2437 0.2086 0.1846 0.1771 0.1802 0.1917 0.2060 0.2225 0.2408 0.2516 0.2408 0.2225 0.2060 0.1917 0.1802 0.1771 0.1846 0.2086 0.2437 0.2767 0.3039 0.3251 0.3427 0.3575 0.3700 0.3805 0.3894 0.3969 0.4033 0.4087 0.4132 0.4167 0.4192 0.4201 0.4183 0.4113 0.3953 0.3693 0.3367 0.3020 0.2679 0.2365 0.2087 0.1851 0.1711 0.2084 0.2782 0.3259 0.3607 0.3860 0.4036 0.4154 0.4201 0.4034 0.3440 0.2747 0.2187 0.1799 0.2025 0.3665
0.3506 0.1804 0.1912 0.2366 0.2984 0.3689 0.4141 0.4195 0.4112 0.3963 0.3738 0.3409 0.2944 0.2232 0.1724 0.1851 0.2116 0.2434 0.2800 0.3195 0.3585 0.3912 0.4111 0.4188 0.4200 0.4182 0.4148 0.4104 0.4050 0.3986 0.3912 0.3825 0.3721 0.3599 0.3455 0.3284 0.3078 0.2819 0.2496 0.2143 0.1874 0.1775 0.1790 0.1895 0.2034 0.2193 0.2373 0.2574 0.2800 0.3038 0.3173 0.3038 0.2800 0.2574 0.2373 0.2193 0.2034 0.1895 0.1790 0.1775 0.1874 0.2143 0.2496 0.2819 0.3078 0.3284 0.3455 0.3599 0.3721 0.3825 0.3912 0.3986 0.4050 0.4104 0.4148 0.4182 0.4200 0.4188 0.4111 0.3912 0.3585 0.3195 0.2800 0.2434 0.2116 0.1851 0.1724 0.2233 0.2944 0.3409 0.3738 0.3963 0.4112 0.4195 0.4141 0.3689 0.2984 0.2366 0.1912 0.1804 0.3506
0.3323 0.1747 0.2054 0.2567 0.3234 0.3905 0.4190 0.4174 0.4061 0.3877 0.3595 0.3177 0.2533 0.1801 0.1806 0.2087 0.2434 0.2841 0.3283 0.3709 0.4025 0.4170 0.4201 0.4183 0.4143 0.4089 0.4024 0.3948 0.3860 0.3756 0.3634 0.3491 0.3322 0.3122 0.2873 0.2557 0.2204 0.1909 0.1782 0.1781 0.1873 0.2009 0.2165 0.2341 0.2539 0.2757 0.2993 0.3243 0.3502 0.3741 0.3858 0.3741 0.3502 0.3243 0.2993 0.2757 0.2539 0.2341 0.2165 0.2009 0.1873 0.1781 0.1782 0.1909 0.2204 0.2557 0.2873 0.3122 0.3322 0.3491 0.3634 0.3756 0.3860 0.3948 0.4024 0.4089 0.4143 0.4183 0.4201 0.4170 0.4025 0.3709 0.3283 0.2841 0.2434 0.2087 0.1806 0.1801 0.2533 0.3177 0.3595 0.3877 0.4061 0.4174 0.4190 0.3905 0.3234 0.2567 0.2054 0.1747 0.3323
0.3150 0.1790 0.2216 0.2787 0.3488 0.4064 0.4202 0.4141 0.4001 0.3778 0.3431 0.2899 0.2059 0.1740 0.2004 0.2365 0.2800 0.3283 0.3749 0.4070 0.4189 0.4196 0.4159 0.4102 0.4029 0.3941 0.3836 0.3712 0.3566 0.3396 0.3196 0.2954 0.2643 0.2285 0.1955 0.1791 0.1774 0.1851 0.1984 0.2137 0.2310 0.2503 0.2718 0.2952 0.3200 0.3454 0.3700 0.3913 0.4070 0.4157 0.4178 0.4157 0.4070 0.3913 0.3700 0.3454 0.3200 0.2952 0.2718 0.2503 0.2310 0.2137 0.1984 0.1851 0.1774 0.1791 0.1955 0.2285 0.2643 0.2954 0.3196 0.3396 0.3566 0.3712 0.3836 0.3941 0.4029 0.4102 0.4159 0.4196 0.4189 0.4070 0.3749 0.3283 0.2800 0.2365 0.2004 0.1740 0.2058 0.2899 0.3431 0.3778 0.4001 0.4141 0.4202 0.4064 0.3488 0.2787 0.2216 0.1790 0.3150
0.3044 0.1909 0.2399 0.3026 0.3731 0.4155 0.4192 0.4099 0.3930 0.3662 0.3239 0.2540 0.1783 0.1878 0.2233 0.2679 0.3195 0.3709 0.4070 0.4193 0.4191 0.4143 0.4071 0.3979 0.3865 0.3727 0.3559 0.3359 0.3122 0.2832 0.2458 0.2063 0.1817 0.1764 0.1823 0.1953 0.2105 0.2276 0.2468 0.2680 0.2911 0.3157 0.3411 0.3660 0.3880 0.4047 0.4146 0.4191 0.4202 0.4189 0.4170 0.4189 0.4202 0.4191 0.4146 0.4047 0.3880 0.3660 0.3411 0.3157 0.2911 0.2680 0.2468 0.2276 0.2105 0.1953 0.1823 0.1764 0.1817 0.2063 0.2458 0.2832 0.3122 0.3359 0.3559 0.3727 0.3865 0.3979 0.4071 0.4143 0.4191 0.4193 0.4070 0.3709 0.3195 0.2679 0.2233 0.1879 0.1783 0.2540 0.3239 0.3662 0.3930 0.4099 0.4192 0.4155 0.3731 0.3026 0.2399 0.1909 0.3044
0.3008 0.2051 0.2602 0.3277 0.3937 0.4194 0.4168 0.4047 0.3847 0.3526 0.3011 0.2140 0.1759 0.2055 0.2490 0.3020 0.3585 0.4025 0.4189 0.4191 0.4136 0.4054 0.3946 0.3809 0.3635 0.3421 0.3159 0.2836 0.2406 0.1967 0.1762 0.1773 0.1894 0.2048 0.2222 0.2416 0.2630 0.2862 0.3110 0.3366 0.3617 0.3846 0.4023 0.4134 0.4186 0.4202 0.4194 0.4172 0.4139 0.4093 0.4054 0.4093 0.4139 0.4172 0.4194 0.4202 0.4186 0.4134 0.4023 0.3846 0.3617 0.3366 0.3110 0.2862 0.2630 0.2416 0.2222 0.2048 0.1894 0.1773 0.1762 0.1967 0.2406 0.2836 0.3159 0.3421 0.3635 0.3809 0.3946 0.4054 0.4136 0.4191 0.4189 0.4025 0.3585 0.3020 0.2490 0.2056 0.1759 0.2140 0.3011 0.3526 0.3847 0.4047 0.4168 0.4194 0.3937 0.3277 0.2602 0.2051 0.3008
0.3009 0.2212 0.2827 0.3531 0.4084 0.4201 0.4134 0.3987 0.3748 0.3365 0.2720 0.1853 0.1862 0.2255 0.2769 0.3367 0.3912 0.4170 0.4196 0.4143 0.4054 0.3935 0.3778 0.3576 0.3318 0.2995 0.2563 0.2033 0.1749 0.1772 0.1924 0.2103 0.2306 0.2529 0.2771 0.3029 0.3296 0.3560 0.3801 0.3994 0.4118 0.4180 0.4201 0.4196 0.4176 0.4145 0.4104 0.4054 0.3995 0.3920 0.3856 0.3920 0.3995 0.4054 0.4104 0.4145 0.4176 0.4196 0.4201 0.4180 0.4118 0.3994 0.3801 0.3560 0.3296 0.3029 0.2771 0.2529 0.2306 0.2103 0.1924 0.1772 0.1749 0.2033 0.2563 0.2995 0.3318 0.3576 0.3778 0.3935 0.4054 0.4143 0.4196 0.4170 0.3912 0.3367 0.2770 0.2256 0.1863 0.1853 0.2720 0.3365 0.3748 0.3987 0.4134 0.4201 0.4084 0.3531 0.2827 0.2212 0.3009
0.3038 0.2394 0.3068 0.3769 0.4164 0.4188 0.4090 0.3915 0.3632 0.3175 0.2373 0.1766 0.2012 0.2475 0.3064 0.3692 0.4111 0.4201 0.4159 0.4071 0.3946 0.3778 0.3556 0.3264 0.2887 0.2348 0.1834 0.1729 0.1884 0.2084 0.2313 0.2569 0.2847 0.3139 0.3432 0.3708 0.3936 0.4090 0.4170 0.4199 0.4199 0.4181 0.4151 0.4112 0.4064 0.4006 0.3938 0.3857 0.3762 0.3640 0.3537 0.3640 0.3762 0.3857 0.3938 0.4006 0.4064 0.4112 0.4151 0.4181 0.4199 0.4199 0.4170 0.4090 0.3936 0.3708 0.3432 0.3139 0.2847 0.2569 0.2313 0.2084 0.1884 0.1729 0.1834 0.2348 0.2887 0.3264 0.3556 0.3778 0.3946 0.4071 0.4159 0.4201 0.4111 0.3693 0.3064 0.2476 0.2012 0.1766 0.2372 0.3175 0.3632 0.3915 0.4090 0.4188 0.4164 0.3769 0.3068 0.2394 0.3038
0.3090 0.2597 0.3320 0.3967 0.4197 0.4163 0.4038 0.3830 0.3495 0.2942 0.2024 0.1800 0.2180 0.2714 0.3362 0.3953 0.4188 0.4183 0.4102 0.3979 0.3809 0.3576 0.3264 0.2849 0.2236 0.1758 0.1774 0.1976 0.2218 0.2498 0.2809 0.3140 0.3472 0.3775 0.4005 0.4137 0.4191 0.4201 0.4187 0.4159 0.4121 0.4074 0.4017 0.3951 0.3873 0.3779 0.3669 0.3539 0.3384 0.3187 0.3017 0.3187 0.3384 0.3539 0.3669 0.3779 0.3873 0.3951 0.4017 0.4074 0.4121 0.4159 0.4187 0.4201 0.4191 0.4137 0.4005 0.3775 0.3472 0.3140 0.2809 0.2498 0.2218 0.1976 0.1774 0.1758 0.2236 0.2849 0.3264 0.3576 0.3809 0.3979 0.4102 0.4183 0.4188 0.3953 0.3363 0.2715 0.2181 0.1800 0.2022 0.2942 0.3495 0.3830 0.4038 0.4163 0.4197 0.3967 0.3320 0.2597 0.3090
0.3163 0.2820 0.3573 0.4102 0.4200 0.4127 0.3975 0.3729 0.3331 0.2643 0.1816 0.1920 0.2368 0.2968 0.3646 0.4112 0.4200 0.4143 0.4029 0.3865 0.3635 0.3318 0.2887 0.2236 0.1740 0.1805 0.2036 0.2315 0.2640 0.3001 0.3377 0.3730 0.4001 0.4147 0.4197 0.4198 0.4175 0.4138 0.4091 0.4035 0.3969 0.3891 0.3800 0.3692 0.3564 0.3413 0.3233 0.3017 0.2738 0.2393 0.2138 0.2393 0.2738 0.3017 0.3233 0.3413 0.3564 0.3692 0.3800 0.3891 0.3969 0.4035 0.4091 0.4138 0.4175 0.4198 0.4197 0.4147 0.4001 0.3730 0.3377 0.3001 0.2640 0.2315 0.2036 0.1805 0.1740 0.2236 0.2887 0.3318 0.3635 0.3865 0.4029 0.4143 0.4200 0.4113 0.3646 0.2969 0.2369 0.1920 0.1815 0.2642 0.3331 0.3729 0.3975 0.4127 0.4200 0.4102 0.3573 0.2820 0.3163
0.3254 0.3060 0.3806 0.4173 0.4185 0.4082 0.3902 0.3610 0.3137 0.2298 0.1770 0.2065 0.2576 0.3232 0.3888 0.4183 0.4182 0.4089 0.3941 0.3727 0.3421 0.2995 0.2348 0.1758 0.1805 0.2056 0.2365 0.2728 0.3131 0.3543 0.3898 0.4114 0.4192 0.4198 0.4171 0.4128 0.4072 0.4005 0.3927 0.3835 0.3727 0.3600 0.3451 0.3275 0.3063 0.2795 0.2467 0.2113 0.1859 0.1772 0.1764 0.1772 0.1859 0.2113 0.2467 0.2795 0.3063 0.3275 0.3451 0.3600 0.3727 0.3835 0.3927 0.4005 0.4072 0.4128 0.4171 0.4198 0.4192 0.4114 0.3898 0.3543 0.3131 0.2728 0.2365 0.2056 0.1805 0.1758 0.2348 0.2995 0.3421 0.3727 0.3941 0.4089 0.4182 0.4183 0.3888 0.3233 0.2576 0.2065 0.1770 0.2297 0.3137 0.3610 0.3902 0.4082 0.4185 0.4173 0.3806 0.3060 0.3254
0.3361 0.3311 0.3995 0.4199 0.4157 0.4028 0.3814 0.3469 0.2895 0.1971 0.1822 0.2230 0.2802 0.3496 0.4060 0.4201 0.4148 0.4024 0.3837 0.3559 0.3159 0.2563 0.1834 0.1774 0.2036 0.2365 0.2758 0.3197 0.3639 0.3989 0.4162 0.4201 0.4182 0.4137 0.4075 0.4000 0.3910 0.3802 0.3674 0.3524 0.3348 0.3139 0.2883 0.2555 0.2190 0.1895 0.1777 0.1785 0.1886 0.2023 0.2106 0.2023 0.1886 0.1785 0.1777 0.1895 0.2190 0.2555 0.2883 0.3139 0.3348 0.3524 0.3674 0.3802 0.3910 0.4000 0.4075 0.4137 0.4182 0.4201 0.4162 0.3989 0.3639 0.3197 0.2758 0.2365 0.2036 0.1774 0.1834 0.2563 0.3159 0.3559 0.3836 0.4024 0.4148 0.4201 0.4061 0.3496 0.2803 0.2230 0.1822 0.1971 0.2895 0.3469 0.3814 0.4028 0.4157 0.4199 0.3995 0.3311 0.3361
0.3481 0.3564 0.4118 0.4199 0.4120 0.3963 0.3710 0.3301 0.2585 0.1799 0.1948 0.2416 0.3045 0.3744 0.4156 0.4192 0.4104 0.3949 0.3713 0.3359 0.2836 0.2033 0.1729 0.1976 0.2315 0.2728 0.3197 0.3669 0.4028 0.4180 0.4199 0.4164 0.4105 0.4027 0.3930 0.3812 0.3668 0.3495 0.3290 0.3045 0.2733 0.2349 0.1978 0.1788 0.1770 0.1854 0.1991 0.2147 0.2327 0.2522 0.2637 0.2522 0.2327 0.2147 0.1991 0.1854 0.1770 0.1788 0.1978 0.2349 0.2733 0.3045 0.3290 0.3495 0.3668 0.3812 0.3930 0.4027 0.4105 0.4164 0.4199 0.4180 0.4028 0.3669 0.3197 0.2728 0.2315 0.1976 0.1729 0.2033 0.2836 0.3359 0.3712 0.3948 0.4104 0.4192 0.4156 0.3744 0.3045 0.2416 0.1948 0.1799 0.2585 0.3301 0.3710 0.3963 0.4120 0.4199 0.4118 0.3564 0.3481
0.3610 0.3798 0.4180 0.4181 0.4073 0.3888 0.3588 0.3099 0.2236 0.1772 0.2095 0.2622 0.3299 0.3951 0.4195 0.4167 0.4050 0.3860 0.3567 0.3122 0.2406 0.1749 0.1884 0.2218 0.2640 0.3131 0.3639 0.4028 0.4184 0.4196 0.4152 0.4081 0.3988 0.3871 0.3723 0.3540 0.3315 0.3042 0.2692 0.2247 0.1876 0.1753 0.1799 0.1934 0.2093 0.2272 0.2470 0.2689 0.2929 0.3177 0.3316 0.3177 0.2929 0.2689 0.2470 0.2272 0.2093 0.1934 0.1799 0.1753 0.1876 0.2247 0.2692 0.3042 0.3315 0.3540 0.3723 0.3871 0.3988 0.4081 0.4152 0.4196 0.4184 0.4028 0.3639 0.3131 0.2640 0.2218 0.1884 0.1749 0.2406 0.3122 0.3566 0.3860 0.4050 0.4167 0.4195 0.3951 0.3299 0.2622 0.2095 0.1772 0.2236 0.3099 0.3588 0.3888 0.4073 0.4181 0.4180 0.3798 0.3610
0.3740 0.3988 0.4201 0.4152 0.4017 0.3798 0.3442 0.2846 0.1929 0.1840 0.2262 0.2848 0.3554 0.4093 0.4201 0.4132 0.3986 0.3756 0.3396 0.2832 0.1967 0.1772 0.2084 0.2498 0.3001 0.3543 0.3989 0.4180 0.4196 0.4148 0.4069 0.3964 0.3828 0.3652 0.3431 0.3153 0.2800 0.2316 0.1874 0.1737 0.1821 0.1981 0.2163 0.2369 0.2595 0.2840 0.3100 0.3367 0.3630 0.3858 0.3961 0.3858 0.3630 0.3367 0.3100 0.2840 0.2595 0.2369 0.2163 0.1981 0.1821 0.1737 0.1874 0.2316 0.2800 0.3153 0.3431 0.3652 0.3828 0.3964 0.4069 0.4148 0.4196 0.4180 0.3989 0.3543 0.3001 0.2498 0.2084 0.1772 0.1967 0.2832 0.3396 0.3756 0.3986 0.4132 0.4201 0.4093 0.3554 0.2848 0.2262 0.1840 0.1929 0.2846 0.3442 0.3798 0.4017 0.4152 0.4201 0.3988 0.3740
0.3864 0.4115 0.4196 0.4113 0.3951 0.3691 0.3269 0.2528 0.1786 0.1971 0.2450 0.3091 0.3790 0.4169 0.4187 0.4087 0.3912 0.3634 0.3196 0.2458 0.1762 0.1924 0.2313 0.2809 0.3377 0.3898 0.4162 0.4199 0.4152 0.4069 0.3956 0.3805 0.3607 0.3352 0.3024 0.2583 0.2019 0.1733 0.1792 0.1968 0.2173 0.2405 0.2662 0.2939 0.3228 0.3515 0.3778 0.3986 0.4119 0.4181 0.4190 0.4181 0.4119 0.3986 0.3778 0.3515 0.3228 0.2939 0.2662 0.2405 0.2173 0.1968 0.1792 0.1733 0.2019 0.2583 0.3024 0.3352 0.3607 0.3805 0.3956 0.4069 0.4152 0.4199 0.4162 0.3898 0.3377 0.2809 0.2313 0.1924 0.1762 0.2458 0.3196 0.3634 0.3912 0.4087 0.4187 0.4169 0.3790 0.3091 0.2450 0.1971 0.1786 0.2528 0.3269 0.3691 0.3951 0.4113 0.4196 0.4115 0.3864
0.3973 0.4181 0.4177 0.4064 0.3873 0.3564 0.3061 0.2175 0.1777 0.2122 0.2660 0.3344 0.3983 0.4199 0.4160 0.4033 0.3825 0.3491 0.2954 0.2063 0.1773 0.2103 0.2569 0.3140 0.3730 0.4114 0.4201 0.4164 0.4081 0.3964 0.3805 0.3592 0.3310 0.2941 0.2414 0.1857 0.1724 0.1888 0.2103 0.2353 0.2636 0.2946 0.3269 0.3586 0.3862 0.4057 0.4160 0.4197 0.4199 0.4179 0.4155 0.4179 0.4199 0.4197 0.4160 0.4057 0.3862 0.3586 0.3269 0.2946 0.2636 0.2353 0.2103 0.1888 0.1724 0.1857 0.2414 0.2941 0.3310 0.3592 0.3805 0.3964 0.4081 0.4164 0.4201 0.4114 0.3730 0.3140 0.2569 0.2103 0.1773 0.2063 0.2954 0.3491 0.3825 0.4033 0.4160 0.4199 0.3983 0.3344 0.2660 0.2122 0.1777 0.2175 0.3061 0.3564 0.3873 0.4064 0.4177 0.4181 0.3973
0.4062 0.4205 0.4146 0.4007 0.3781 0.3414 0.2795 0.1892 0.1861 0.2292 0.2889 0.3596 0.4111 0.4199 0.4123 0.3969 0.3721 0.3322 0.2643 0.1817 0.1894 0.2306 0.2847 0.3472 0.4001 0.4192 0.4182 0.4105 0.3988 0.3828 0.3607 0.3310 0.2913 0.2324 0.1788 0.1757 0.1962 0.2212 0.2505 0.2836 0.3192 0.3549 0.3861 0.4074 0.4173 0.4201 0.4192 0.4165 0.4126 0.4073 0.4028 0.4073 0.4126 0.4165 0.4192 0.4201 0.4173 0.4074 0.3861 0.3549 0.3192 0.2836 0.2505 0.2212 0.1962 0.1757 0.1788 0.2324 0.2913 0.3310 0.3607 0.3828 0.3988 0.4105 0.4182 0.4192 0.4001 0.3472 0.2847 0.2306 0.1894 0.1817 0.2643 0.3322 0.3721 0.3969 0.4123 0.4199 0.4111 0.3596 0.2889 0.2292 0.1861 0.1892 0.2795 0.3414 0.3781 0.4007 0.4146 0.4205 0.4062
0.4128 0.4203 0.4105 0.3939 0.3671 0.3236 0.2470 0.1778 0.1996 0.2484 0.3134 0.3826 0.4177 0.4183 0.4077 0.3894 0.3599 0.3122 0.2286 0.1764 0.2048 0.2529 0.3139 0.3775 0.4147 0.4198 0.4137 0.4027 0.3871 0.3652 0.3352 0.2941 0.2324 0.1770 0.1781 0.2009 0.2289 0.2619 0.2992 0.3386 0.3757 0.4032 0.4165 0.4201 0.4190 0.4157 0.4110 0.4052 0.3983 0.3896 0.3823 0.3896 0.3983 0.4052 0.4110 0.4157 0.4190 0.4201 0.4165 0.4031 0.3757 0.3386 0.2992 0.2619 0.2289 0.2009 0.1781 0.1770 0.2324 0.2941 0.3352 0.3652 0.3871 0.4027 0.4137 0.4198 0.4147 0.3775 0.3139 0.2529 0.2048 0.1764 0.2285 0.3122 0.3599 0.3894 0.4077 0.4183 0.4177 0.3826 0.3134 0.2484 0.1996 0.1778 0.2470 0.3236 0.3671 0.3939 0.4105 0.4203 0.4128
0.4173 0.4186 0.4055 0.3859 0.3541 0.3020 0.2117 0.1785 0.2149 0.2697 0.3388 0.4009 0.4200 0.4154 0.4022 0.3805 0.3455 0.2873 0.1955 0.1822 0.2222 0.2772 0.3432 0.4005 0.4197 0.4171 0.4075 0.3930 0.3723 0.3431 0.3024 0.2414 0.1788 0.1781 0.2025 0.2328 0.2689 0.3098 0.3521 0.3892 0.4118 0.4195 0.4195 0.4162 0.4111 0.4045 0.3967 0.3873 0.3761 0.3621 0.3500 0.3621 0.3761 0.3873 0.3967 0.4045 0.4111 0.4162 0.4195 0.4195 0.4118 0.3892 0.3521 0.3098 0.2689 0.2328 0.2025 0.1781 0.1788 0.2414 0.3024 0.3431 0.3723 0.3930 0.4075 0.4171 0.4197 0.4005 0.3432 0.2771 0.2222 0.1823 0.1955 0.2873 0.3455 0.3805 0.4022 0.4154 0.4200 0.4009 0.3388 0.2697 0.2149 0.1785 0.2117 0.3020 0.3541 0.3859 0.4055 0.4186 0.4173
0.4201 0.4157 0.3996 0.3763 0.3386 0.2742 0.1861 0.1883 0.2324 0.2929 0.3637 0.4126 0.4197 0.4116 0.3957 0.3700 0.3284 0.2557 0.1791 0.1953 0.2416 0.3029 0.3708 0.4137 0.4198 0.4128 0.4000 0.3812 0.3540 0.3153 0.2583 0.1857 0.1757 0.2009 0.2328 0.2713 0.3150 0.3600 0.3969 0.4157 0.4201 0.4181 0.4132 0.4065 0.3981 0.3878 0.3753 0.3603 0.3423 0.3196 0.2998 0.3196 0.3423 0.3603 0.3753 0.3878 0.3981 0.4065 0.4132 0.4181 0.4201 0.4157 0.3968 0.3599 0.3151 0.2713 0.2328 0.2009 0.1757 0.1857 0.2583 0.3153 0.3540 0.3812 0.4000 0.4128 0.4198 0.4137 0.3708 0.3029 0.2416 0.1953 0.1791 0.2557 0.3284 0.3700 0.3957 0.4116 0.4197 0.4126 0.3637 0.2929 0.2324 0.1883 0.1861 0.2742 0.3386 0.3763 0.3996 0.4157 0.4201
0.4216 0.4117 0.3926 0.3650 0.3202 0.2410 0.1773 0.2020 0.2519 0.3177 0.3862 0.4183 0.4179 0.4068 0.3880 0.3575 0.3078 0.2204 0.1774 0.2104 0.2629 0.3295 0.3936 0.4191 0.4175 0.4072 0.3910 0.3668 0.3315 0.2800 0.2019 0.1724 0.1962 0.2289 0.2689 0.3150 0.3625 0.4002 0.4173 0.4200 0.4167 0.4106 0.4024 0.3922 0.3793 0.3633 0.3438 0.3201 0.2910 0.2510 0.2192 0.2510 0.2910 0.3201 0.3438 0.3633 0.3792 0.3921 0.4024 0.4106 0.4167 0.4200 0.4173 0.4002 0.3625 0.3151 0.2689 0.2289 0.1962 0.1724 0.2019 0.2800 0.3315 0.3668 0.3910 0.4072 0.4175 0.4191 0.3936 0.3296 0.2630 0.2105 0.1774 0.2204 0.3078 0.3575 0.3880 0.4068 0.4179 0.4183 0.3862 0.3177 0.2519 0.2020 0.1773 0.2410 0.3202 0.3650 0.3926 0.4117 0.4216
0.4224 0.4066 0.3844 0.3516 0.2978 0.2062 0.1795 0.2178 0.2736 0.3431 0.4034 0.4201 0.4148 0.4012 0.3789 0.3427 0.2819 0.1909 0.1851 0.2275 0.2861 0.3558 0.4090 0.4201 0.4138 0.4006 0.3802 0.3495 0.3042 0.2316 0.1733 0.1888 0.2212 0.2619 0.3098 0.3600 0.4002 0.4178 0.4198 0.4157 0.4087 0.3993 0.3872 0.3718 0.3523 0.3280 0.2978 0.2575 0.2085 0.1781 0.1728 0.1781 0.2085 0.2575 0.2978 0.3281 0.3523 0.3718 0.3872 0.3993 0.4087 0.4157 0.4198 0.4178 0.4002 0.3599 0.3098 0.2619 0.2212 0.1888 0.1733 0.2316 0.3042 0.3495 0.3802 0.4005 0.4138 0.4201 0.4090 0.3560 0.2862 0.2276 0.1851 0.1909 0.2819 0.3427 0.3789 0.4012 0.4148 0.4201 0.4034 0.3431 0.2736 0.2178 0.1795 0.2062 0.2978 0.3516 0.3844 0.4066 0.4224
0.4224 0.4003 0.3745 0.3357 0.2689 0.1834 0.1905 0.2356 0.2971 0.3678 0.4139 0.4195 0.4108 0.3945 0.3680 0.3251 0.2496 0.1782 0.1984 0.2467 0.3109 0.3800 0.4170 0.4187 0.4092 0.3928 0.3674 0.3290 0.2692 0.1874 0.1792 0.2103 0.2505 0.2992 0.3521 0.3969 0.4173 0.4198 0.4154 0.4077 0.3973 0.3837 0.3660 0.3433 0.3143 0.2769 0.2244 0.1816 0.1741 0.1874 0.1969 0.1875 0.1741 0.1816 0.2243 0.2769 0.3143 0.3432 0.3660 0.3837 0.3973 0.4077 0.4154 0.4198 0.4173 0.3968 0.3521 0.2992 0.2505 0.2103 0.1792 0.1874 0.2692 0.3290 0.3674 0.3927 0.4091 0.4187 0.4170 0.3801 0.3110 0.2468 0.1984 0.1782 0.2496 0.3251 0.3680 0.3945 0.4108 0.4195 0.4139 0.3678 0.2971 0.2356 0.1905 0.1834 0.2689 0.3357 0.3745 0.4003 0.4224
0.4216 0.3927 0.3629 0.3167 0.2350 0.1770 0.2046 0.2555 0.3220 0.3895 0.4189 0.4174 0.4059 0.3865 0.3552 0.3039 0.2143 0.1781 0.2137 0.2679 0.3364 0.3993 0.4199 0.4160 0.4035 0.3836 0.3524 0.3045 0.2247 0.1737 0.1968 0.2353 0.2836 0.3386 0.3892 0.4157 0.4200 0.4157 0.4077 0.3967 0.3819 0.3624 0.3368 0.3038 0.2588 0.2003 0.1724 0.1812 0.2007 0.2232 0.2367 0.2233 0.2008 0.1813 0.1724 0.2002 0.2586 0.3037 0.3369 0.3624 0.3819 0.3967 0.4077 0.4157 0.4200 0.4157 0.3892 0.3386 0.2836 0.2353 0.1968 0.1737 0.2247 0.3045 0.3524 0.3835 0.4035 0.4159 0.4199 0.3994 0.3366 0.2680 0.2137 0.1781 0.2143 0.3039 0.3552 0.3865 0.4059 0.4174 0.4189 0.3895 0.3220 0.2555 0.2046 0.1770 0.2350 0.3167 0.3629 0.3927 0.4216
0.4200 0.3835 0.3491 0.2934 0.2011 0.1808 0.2207 0.2775 0.3474 0.4057 0.4202 0.4142 0.4001 0.3771 0.3399 0.2767 0.1874 0.1873 0.2309 0.2910 0.3617 0.4118 0.4199 0.4121 0.3969 0.3728 0.3348 0.2733 0.1876 0.1821 0.2173 0.2636 0.3192 0.3757 0.4118 0.4201 0.4167 0.4087 0.3973 0.3819 0.3611 0.3335 0.2970 0.2449 0.1869 0.1721 0.1893 0.2118 0.2391 0.2694 0.2871 0.2695 0.2392 0.2119 0.1894 0.1721 0.1868 0.2448 0.2971 0.3335 0.3611 0.3819 0.3973 0.4087 0.4167 0.4201 0.4118 0.3757 0.3192 0.2636 0.2173 0.1821 0.1876 0.2733 0.3348 0.3727 0.3969 0.4121 0.4199 0.4118 0.3617 0.2911 0.2310 0.1873 0.1874 0.2767 0.3399 0.3771 0.4001 0.4142 0.4202 0.4057 0.3474 0.2775 0.2207 0.1808 0.2011 0.2934 0.3491 0.3835 0.4200
0.4174 0.3726 0.3327 0.2634 0.1813 0.1928 0.2388 0.3012 0.3718 0.4151 0.4192 0.4101 0.3932 0.3660 0.3218 0.2437 0.1775 0.2009 0.2503 0.3157 0.3845 0.4180 0.4181 0.4074 0.3892 0.3600 0.3139 0.2349 0.1753 0.1981 0.2405 0.2946 0.3549 0.4031 0.4195 0.4181 0.4106 0.3993 0.3837 0.3624 0.3335 0.2948 0.2374 0.1807 0.1748 0.1955 0.2211 0.2514 0.2868 0.3241 0.3445 0.3242 0.2869 0.2515 0.2212 0.1956 0.1749 0.1807 0.2374 0.2947 0.3335 0.3624 0.3837 0.3993 0.4106 0.4181 0.4195 0.4031 0.3549 0.2946 0.2405 0.1981 0.1753 0.2349 0.3139 0.3600 0.3891 0.4074 0.4181 0.4180 0.3846 0.3157 0.2503 0.2009 0.1775 0.2437 0.3218 0.3660 0.3932 0.4101 0.4192 0.4151 0.3718 0.3012 0.2388 0.1928 0.1813 0.2634 0.3327 0.3726 0.4174
0.4141 0.3601 0.3131 0.2288 0.1770 0.2072 0.2591 0.3263 0.3928 0.4193 0.4169 0.4050 0.3851 0.3527 0.2998 0.2086 0.1790 0.2165 0.2718 0.3411 0.4023 0.4201 0.4151 0.4018 0.3800 0.3451 0.2883 0.1978 0.1799 0.2163 0.2662 0.3269 0.3861 0.4165 0.4195 0.4132 0.4024 0.3872 0.3660 0.3369 0.2971 0.2374 0.1790 0.1768 0.1994 0.2275 0.2610 0.2992 0.3408 0.3786 0.3950 0.3787 0.3409 0.2993 0.2611 0.2275 0.1995 0.1768 0.1790 0.2374 0.2971 0.3369 0.3660 0.3872 0.4024 0.4132 0.4195 0.4165 0.3861 0.3269 0.2662 0.2163 0.1799 0.1978 0.2883 0.3451 0.3800 0.4017 0.4151 0.4201 0.4023 0.3411 0.2718 0.2165 0.1790 0.2086 0.2998 0.3527 0.3851 0.4050 0.4169 0.4193 0.3928 0.3263 0.2591 0.2072 0.1770 0.2288 0.3131 0.3601 0.4141
0.4099 0.3456 0.2888 0.1965 0.1824 0.2236 0.2814 0.3517 0.4077 0.4201 0.4136 0.3990 0.3754 0.3371 0.2713 0.1846 0.1895 0.2341 0.2952 0.3660 0.4134 0.4196 0.4112 0.3951 0.3692 0.3275 0.2555 0.1788 0.1934 0.2369 0.2939 0.3586 0.4074 0.4201 0.4162 0.4065 0.3921 0.3718 0.3432 0.3037 0.2448 0.1807 0.1768 0.2008 0.2308 0.2669 0.3080 0.3512 0.3900 0.4124 0.4171 0.4125 0.3901 0.3513 0.3081 0.2669 0.2308 0.2008 0.1768 0.1807 0.2448 0.3037 0.3432 0.3718 0.3921 0.4065 0.4162 0.4201 0.4074 0.3586 0.2939 0.2369 0.1934 0.1788 0.2555 0.3275 0.3692 0.3951 0.4112 0.4196 0.4134 0.3660 0.2952 0.2341 0.1895 0.1846 0.2713 0.3371 0.3754 0.3990 0.4136 0.4201 0.4077 0.3517 0.2814 0.2236 0.1824 0.1965 0.2888 0.3456 0.4099
0.4048 0.3286 0.2577 0.1796 0.1951 0.2421 0.3055 0.3757 0.4162 0.4189 0.4093 0.3919 0.3639 0.3184 0.2377 0.1771 0.2034 0.2539 0.3200 0.3880 0.4186 0.4176 0.4064 0.3873 0.3564 0.3063 0.2190 0.1770 0.2093 0.2595 0.3228 0.3862 0.4173 0.4190 0.4111 0.3981 0.3792 0.3523 0.3143 0.2586 0.1868 0.1749 0.1995 0.2308 0.2689 0.3125 0.3577 0.3958 0.4158 0.4199 0.4181 0.4199 0.4158 0.3959 0.3578 0.3125 0.2688 0.2308 0.1995 0.1749 0.1868 0.2586 0.3143 0.3523 0.3792 0.3981 0.4111 0.4190 0.4173 0.3862 0.3228 0.2595 0.2093 0.1770 0.2190 0.3063 0.3564 0.3873 0.4064 0.4176 0.4186 0.3880 0.3200 0.2539 0.2034 0.1771 0.2377 0.3184 0.3639 0.3919 0.4093 0.4189 0.4162 0.3757 0.3055 0.2421 0.1951 0.1796 0.2577 0.3286 0.4048
0.3987 0.3082 0.2227 0.1773 0.2098 0.2628 0.3307 0.3958 0.4196 0.4164 0.4041 0.3835 0.3502 0.2955 0.2034 0.1802 0.2193 0.2757 0.3454 0.4047 0.4202 0.4145 0.4006 0.3779 0.3413 0.2795 0.1895 0.1854 0.2272 0.2840 0.3515 0.4057 0.4201 0.4157 0.4045 0.3878 0.3633 0.3281 0.2769 0.2002 0.1721 0.1956 0.2275 0.2669 0.3125 0.3599 0.3987 0.4169 0.4201 0.4163 0.4115 0.4163 0.4201 0.4170 0.3988 0.3600 0.3125 0.2669 0.2275 0.1956 0.1721 0.2002 0.2769 0.3281 0.3633 0.3878 0.4045 0.4157 0.4201 0.4057 0.3515 0.2840 0.2272 0.1854 0.1895 0.2795 0.3413 0.3779 0.4006 0.4145 0.4202 0.4047 0.3454 0.2757 0.2193 0.1802 0.2034 0.2955 0.3502 0.3835 0.4041 0.4164 0.4196 0.3958 0.3307 0.2628 0.2098 0.1773 0.2227 0.3082 0.3987
0.3914 0.2825 0.1923 0.1843 0.2266 0.2854 0.3560 0.4096 0.4200 0.4129 0.3979 0.3735 0.3341 0.2659 0.1822 0.1917 0.2373 0.2993 0.3700 0.4146 0.4194 0.4104 0.3938 0.3669 0.3233 0.2467 0.1777 0.1991 0.2470 0.3100 0.3778 0.4160 0.4192 0.4110 0.3967 0.3753 0.3438 0.2978 0.2243 0.1724 0.1894 0.2212 0.2611 0.3081 0.3578 0.3987 0.4173 0.4199 0.4160 0.4083 0.4009 0.4083 0.4159 0.4199 0.4174 0.3988 0.3578 0.3081 0.2611 0.2212 0.1894 0.1724 0.2243 0.2978 0.3438 0.3753 0.3967 0.4110 0.4192 0.4160 0.3778 0.3100 0.2470 0.1991 0.1777 0.2467 0.3233 0.3669 0.3938 0.4104 0.4194 0.4146 0.3700 0.2993 0.2373 0.1917 0.1822 0.2659 0.3341 0.3735 0.3979 0.4129 0.4200 0.4096 0.3560 0.2854 0.2266 0.1843 0.1923 0.2825 0.3914
0.3825 0.2503 0.1785 0.1975 0.2455 0.3097 0.3795 0.4170 0.4186 0.4085 0.3906 0.3617 0.3148 0.2317 0.1770 0.2060 0.2574 0.3243 0.3913 0.4191 0.4172 0.4054 0.3857 0.3539 0.3017 0.2113 0.1785 0.2147 0.2689 0.3367 0.3986 0.4197 0.4165 0.4052 0.3873 0.3603 0.3201 0.2575 0.1816 0.1813 0.2119 0.2515 0.2993 0.3513 0.3958 0.4170 0.4199 0.4157 0.4081 0.3969 0.3863 0.3968 0.4081 0.4157 0.4199 0.4170 0.3959 0.3513 0.2993 0.2515 0.2119 0.1813 0.1816 0.2575 0.3201 0.3603 0.3873 0.4052 0.4165 0.4197 0.3986 0.3367 0.2689 0.2147 0.1785 0.2113 0.3017 0.3539 0.3857 0.4054 0.4172 0.4191 0.3913 0.3243 0.2574 0.2060 0.1770 0.2317 0.3148 0.3617 0.3906 0.4085 0.4186 0.4170 0.3795 0.3097 0.2455 0.1975 0.1785 0.2503 0.3825
0.3715 0.2146 0.1780 0.2128 0.2669 0.3354 0.3989 0.4199 0.4159 0.4031 0.3819 0.3477 0.2909 0.1985 0.1818 0.2225 0.2800 0.3502 0.4070 0.4202 0.4139 0.3995 0.3762 0.3384 0.2738 0.1859 0.1886 0.2327 0.2929 0.3630 0.4119 0.4199 0.4126 0.3983 0.3761 0.3423 0.2910 0.2085 0.1741 0.2008 0.2392 0.2869 0.3409 0.3901 0.4158 0.4201 0.4159 0.4081 0.3973 0.3813 0.3663 0.3813 0.3973 0.4081 0.4159 0.4201 0.4158 0.3901 0.3409 0.2869 0.2392 0.2008 0.1741 0.2085 0.2910 0.3423 0.3761 0.3983 0.4126 0.4199 0.4119 0.3630 0.2929 0.2327 0.1886 0.1859 0.2738 0.3384 0.3762 0.3995 0.4139 0.4202 0.4070 0.3502 0.2800 0.2225 0.1818 0.1985 0.2909 0.3477 0.3819 0.4031 0.4159 0.4199 0.3989 0.3354 0.2669 0.2128 0.1780 0.2148 0.3715
0.3554 0.1858 0.1867 0.2300 0.2897 0.3604 0.4113 0.4198 0.4119 0.3963 0.3709 0.3299 0.2588 0.1802 0.1941 0.2408 0.3038 0.3741 0.4157 0.4189 0.4093 0.3920 0.3640 0.3187 0.2393 0.1772 0.2023 0.2522 0.3177 0.3858 0.4181 0.4179 0.4073 0.3896 0.3621 0.3196 0.2510 0.1781 0.1875 0.2232 0.2695 0.3242 0.3787 0.4125 0.4199 0.4163 0.4083 0.3968 0.3813 0.3585 0.3370 0.3584 0.3813 0.3968 0.4083 0.4163 0.4199 0.4125 0.3787 0.3242 0.2695 0.2232 0.1875 0.1781 0.2510 0.3196 0.3621 0.3896 0.4073 0.4179 0.4181 0.3858 0.3177 0.2522 0.2023 0.1772 0.2393 0.3187 0.3640 0.3920 0.4093 0.4189 0.4157 0.3741 0.3038 0.2408 0.1941 0.1802 0.2588 0.3299 0.3709 0.3963 0.4119 0.4198 0.4113 0.3604 0.2897 0.2300 0.1867 0.1858 0.3555
0.3412 0.1744 0.1939 0.2403 0.3030 0.3733 0.4151 0.4183 0.4084 0.3905 0.3615 0.3147 0.2334 0.1758 0.2018 0.2516 0.3173 0.3858 0.4178 0.4170 0.4054 0.3856 0.3537 0.3017 0.2138 0.1764 0.2106 0.2637 0.3316 0.3961 0.4190 0.4155 0.4028 0.3823 0.3500 0.2998 0.2192 0.1727 0.1969 0.2367 0.2871 0.3445 0.3950 0.4171 0.4181 0.4115 0.4009 0.3863 0.3663 0.3370 0.3110 0.3370 0.3663 0.3863 0.4009 0.4115 0.4181 0.4171 0.3950 0.3445 0.2871 0.2367 0.1969 0.1727 0.2192 0.2998 0.3500 0.3823 0.4028 0.4155 0.4190 0.3961 0.3316 0.2637 0.2106 0.1764 0.2138 0.3017 0.3537 0.3856 0.4054 0.4170 0.4178 0.3858 0.3173 0.2516 0.2018 0.1758 0.2334 0.3147 0.3615 0.3905 0.4084 0.4183 0.4151 0.3733 0.3030 0.2402 0.1939 0.1744 0.3413
0.3554 0.1858 0.1867 0.2300 0.2897 0.3604 0.4113 0.4198 0.4119 0.3963 0.3709 0.3299 0.2588 0.1802 0.1941 0.2408 0.3038 0.3741 0.4157 0.4189 0.4093 0.3920 0.3640 0.3187 0.2393 0.1772 0.2023 0.2522 0.3177 0.3858 0.4181 0.4179 0.4073 0.3896 0.3621 0.3196 0.2510 0.1781 0.1875 0.2232 0.2695 0.3242 0.3787 0.4125 0.4199 0.4163 0.4083 0.3968 0.3813 0.3584 0.3370 0.3584 0.3813 0.3968 0.4083 0.4163 0.4199 0.4125 0.3787 0.3242 0.2695 0.2232 0.1875 0.1781 0.2510 0.3196 0.3621 0.3896 0.4073 0.4179 0.4181 0.3858 0.3177 0.2522 0.2023 0.1772 0.2393 0.3187 0.3640 0.3920 0.4093 0.4189 0.4157 0.3741 0.3038 0.2408 0.1941 0.1802 0.2588 0.3299 0.3709 0.3963 0.4119 0.4198 0.4113 0.3604 0.2897 0.2300 0.1867 0.1858 0.3555
0.3715 0.2146 0.1780 0.2128 0.2669 0.3354 0.3989 0.4199 0.4159 0.4031 0.3819 0.3477 0.2909 0.1985 0.1818 0.2225 0.2800 0.3502 0.4070 0.4202 0.4139 0.3995 0.3762 0.3384 0.2738 0.1859 0.1886 0.2327 0.2929 0.3630 0.4119 0.4199 0.4126 0.3983 0.3761 0.3423 0.2910 0.2085 0.1741 0.2008 0.2392 0.2869 0.3409 0.3901 0.4158 0.4201 0.4159 0.4081 0.3973 0.3813 0.3663 0.3813 0.3973 0.4081 0.4159 0.4201 0.4158 0.3901 0.3409 0.2869 0.2392 0.2008 0.1741 0.2085 0.2910 0.3423 0.3761 0.3983 0.4126 0.4199 0.4119 0.3630 0.2929 0.2327 0.1886 0.1859 0.2738 0.3384 0.3762 0.3995 0.4139 0.4202 0.4070 0.3502 0.2800 0.2225 0.1818 0.1985 0.2909 0.3477 0.3819 0.4031 0.4159 0.4199 0.3989 0.3354 0.2669 0.2128 0.1780 0.2148 0.3715
0.3825 0.2503 0.1785 0.1975 0.2455 0.3097 0.3795 0.4170 0.4186 0.4085 0.3906 0.3617 0.3148 0.2317 0.1770 0.2060 0.2574 0.3243 0.3913 0.4191 0.4172 0.4054 0.3857 0.3539 0.3017 0.2113 0.1785 0.2147 0.2689 0.3367 0.3986 0.4197 0.4165 0.4052 0.3873 0.3603 0.3201 0.2575 0.1816 0.1813 0.2119 0.2515 0.2993 0.3513 0.3959 0.4170 0.4199 0.4157 0.4081 0.3968 0.3863 0.3968 0.4081 0.4157 0.4199 0.4170 0.3959 0.3513 0.2993 0.2515 0.2119 0.1813 0.1816 0.2575 0.3201 0.3603 0.3873 0.4052 0.4165 0.4197 0.3986 0.3367 0.2689 0.2147 0.1785 0.2113 0.3017 0.3539 0.3857 0.4054 0.4172 0.4191 0.3913 0.3243 0.2574 0.2060 0.1770 0.2317 0.3148 0.3617 0.3906 0.4085 0.4186 0.4170 0.3795 0.3097 0.2455 0.1975 0.1785 0.2503 0.3825
0.3914 0.2825 0.1923 0.1843 0.2266 0.2854 0.3560 0.4096 0.4200 0.4129 0.3979 0.3735 0.3341 0.2659 0.1822 0.1917 0.2373 0.2993 0.3700 0.4146 0.4194 0.4104 0.3938 0.3669 0.3233 0.2467 0.1777 0.1991 0.2470 0.3100 0.3778 0.4160 0.4192 0.4110 0.3967 0.3753 0.3438 0.2978 0.2243 0.1724 0.1894 0.2212 0.2611 0.3081 0.3578 0.3988 0.4174 0.4199 0.4159 0.4083 0.4009 0.4083 0.4159 0.4199 0.4174 0.3988 0.3578 0.3081 0.2611 0.2212 0.1894 0.1724 0.2243 0.2978 0.3438 0.3753 0.3967 0.4110 0.4192 0.4160 0.3778 0.3100 0.2470 0.1991 0.1777 0.2467 0.3233 0.3669 0.3938 0.4104 0.4194 0.4146 0.3700 0.2993 0.2373 0.1917 0.1822 0.2659 0.3341 0.3735 0.3979 0.4129 0.4200 0.4096 0.3560 0.2854 0.2266 0.1843 0.1923 0.2825 0.3914
0.3987 0.3082 0.2227 0.1773 0.2098 0.2628 0.3307 0.3958 0.4196 0.4164 0.4041 0.3835 0.3502 0.2955 0.2034 0.1802 0.2193 0.2757 0.3454 0.4047 0.4202 0.4145 0.4006 0.3779 0.3413 0.2795 0.1895 0.1854 0.2272 0.2840 0.3515 0.4057 0.4201 0.4157 0.4045 0.3878 0.3633 0.3281 0.2769 0.2002 0.1721 0.1956 0.2275 0.2669 0.3125 0.3600 0.3988 0.4170 0.4201 0.4163 0.4115 0.4163 0.4201 0.4170 0.3988 0.3600 0.3125 0.2669 0.2275 0.1956 0.1721 0.2002 0.2769 0.3281 0.3633 0.3878 0.4045 0.4157 0.4201 0.4057 0.3515 0.2840 0.2272 0.1854 0.1895 0.2795 0.3413 0.3779 0.4006 0.4145 0.4202 0.4047 0.3454 0.2757 0.2193 0.1802 0.2034 0.2955 0.3502 0.3835 0.4041 0.4164 0.4196 0.3958 0.3307 0.2628 0.2098 0.1773 0.2227 0.3082 0.3987
