0.0000 0.0004 0.0008 0.0011 0.0016 0.0023 0.0035 0.0051 0.0075 0.0111 0.0164 0.0242 0.0358 0.0529 0.0781 0.1153 0.1702 0.2514 0.3713 0.5483 0.8097 1.0000 1.0000 1.0000 1.0000 1.0000 1.0000 1.0000 1.0000 1.0000 0.0001 0.0001 0.0002 0.0003 0.0004 0.0006 0.0009 0.0014 0.0020 0.0030 0.0044 0.0065 0.0096 0.0142 0.0210 0.0310 0.0457 0.0674 0.0992 0.1539 0.2163 0.1539 0.0992 0.0674 0.0457 0.0310 0.0210 0.0142 0.0096 0.0065 0.0044 0.0030 0.0020 0.0014 0.0009 0.0006 0.0004 0.0003 0.0002 0.0001 0.0001 1.0000 1.0000 1.0000 1.0000 1.0000 1.0000 1.0000 1.0000 1.0000 0.8097 0.5483 0.3713 0.2514 0.1702 0.1153 0.0781 0.0529 0.0358 0.0242 0.0164 0.0111 0.0075 0.0051 0.0035 0.0023 0.0016 0.0011 0.0008 0.0004 0.0000
0.0004 0.0077 0.0109 0.0168 0.0250 0.0371 0.0549 0.0812 0.1200 0.1772 0.2616 0.3864 0.5706 0.8427 1.0000 1.0000 1.0000 1.0000 1.0000 1.0000 1.0000 1.0000 1.0000 1.0000 1.0000 1.0000 1.0000 0.0004 0.0007 0.0010 0.0014 0.0021 0.0031 0.0046 0.0068 0.0100 0.0148 0.0218 0.0322 0.0476 0.0703 0.1038 0.1533 0.2264 0.3344 0.4938 0.7293 1.0000 1.0000 1.0000 1.0000 1.0000 1.0000 1.0000 0.7293 0.4938 0.3344 0.2264 0.1533 0.1038 0.0703 0.0476 0.0322 0.0218 0.0148 0.0100 0.0068 0.0046 0.0031 0.0021 0.0014 0.0010 0.0007 0.0004 1.0000 1.0000 1.0000 1.0000 1.0000 1.0000 1.0000 1.0000 1.0000 1.0000 1.0000 1.0000 1.0000 0.8427 0.5706 0.3864 0.2616 0.1772 0.1200 0.0812 0.0549 0.0371 0.0250 0.0168 0.0109 0.0077 0.0004
0.0008 0.0109 0.0228 0.0408 0.0674 0.1058 0.1611 0.2420 0.3601 0.5339 0.7884 1.0000 1.0000 1.0000 1.0000 1.0000 1.0000 1.0000 1.0000 1.0000 1.0000 1.0000 1.0000 1.0000 0.0004 0.0006 0.0009 0.0013 0.0020 0.0029 0.0043 0.0063 0.0094 0.0138 0.0204 0.0302 0.0445 0.0658 0.0971 0.1435 0.2119 0.3129 0.4620 0.6823 1.0000 1.0000 1.0000 1.0000 1.0000 1.0000 1.0000 1.0000 1.0000 1.0000 1.0000 1.0000 1.0000 0.6823 0.4620 0.3129 0.2119 0.1435 0.0971 0.0658 0.0445 0.0302 0.0204 0.0138 0.0094 0.0063 0.0043 0.0029 0.0020 0.0013 0.0009 0.0006 0.0004 1.0000 1.0000 1.0000 1.0000 1.0000 1.0000 1.0000 1.0000 1.0000 1.0000 1.0000 1.0000 1.0000 0.7884 0.5339 0.3601 0.2420 0.1611 0.1058 0.0674 0.0408 0.0228 0.0109 0.0008
0.0011 0.0168 0.0408 0.0850 0.1584 0.2723 0.4423 0.6901 1.0000 1.0000 1.0000 1.0000 1.0000 1.0000 1.0000 1.0000 1.0000 1.0000 1.0000 1.0000 1.0000 0.0004 0.0006 0.0008 0.0012 0.0018 0.0027 0.0040 0.0059 0.0088 0.0129 0.0191 0.0282 0.0417 0.0615 0.0909 0.1342 0.1982 0.2927 0.4323 0.6384 0.9427 1.0000 1.0000 1.0000 1.0000 1.0000 1.0000 1.0000 1.0000 1.0000 1.0000 1.0000 1.0000 1.0000 1.0000 1.0000 1.0000 1.0000 0.9427 0.6384 0.4323 0.2927 0.1982 0.1342 0.0909 0.0615 0.0417 0.0282 0.0191 0.0129 0.0088 0.0059 0.0040 0.0027 0.0018 0.0012 0.0008 0.0006 0.0004 1.0000 1.0000 1.0000 1.0000 1.0000 1.0000 1.0000 1.0000 1.0000 1.0000 1.0000 1.0000 1.0000 0.6901 0.4423 0.2723 0.1584 0.0850 0.0408 0.0168 0.0011
0.0016 0.0250 0.0674 0.1584 0.3293 0.6228 1.0000 1.0000 1.0000 1.0000 1.0000 1.0000 1.0000 1.0000 1.0000 1.0000 1.0000 1.0000 0.0004 0.0005 0.0008 0.0012 0.0017 0.0025 0.0038 0.0056 0.0082 0.0121 0.0179 0.0264 0.0390 0.0576 0.0850 0.1256 0.1854 0.2739 0.4044 0.5973 0.8820 1.0000 1.0000 1.0000 1.0000 1.0000 1.0000 1.0000 1.0000 1.0000 1.0000 1.0000 1.0000 1.0000 1.0000 1.0000 1.0000 1.0000 1.0000 1.0000 1.0000 1.0000 1.0000 1.0000 0.8820 0.5973 0.4044 0.2739 0.1854 0.1256 0.0850 0.0576 0.0390 0.0264 0.0179 0.0121 0.0082 0.0056 0.0038 0.0025 0.0017 0.0012 0.0008 0.0005 0.0004 1.0000 1.0000 1.0000 1.0000 1.0000 1.0000 1.0000 1.0000 1.0000 1.0000 1.0000 1.0000 0.6228 0.3293 0.1584 0.0674 0.0250 0.0016
0.0023 0.0371 0.1058 0.2723 0.6228 1.0000 1.0000 1.0000 1.0000 1.0000 1.0000 1.0000 1.0000 1.0000 1.0000 0.0003 0.0005 0.0007 0.0011 0.0016 0.0024 0.0035 0.0052 0.0077 0.0113 0.0167 0.0247 0.0365 0.0539 0.0796 0.1175 0.1735 0.2562 0.3784 0.5588 0.8252 1.0000 1.0000 1.0000 1.0000 1.0000 1.0000 1.0000 1.0000 1.0000 1.0000 1.0000 1.0000 1.0000 0.0004 0.0006 0.0004 1.0000 1.0000 1.0000 1.0000 1.0000 1.0000 1.0000 1.0000 1.0000 1.0000 1.0000 1.0000 1.0000 0.8252 0.5588 0.3784 0.2562 0.1735 0.1175 0.0796 0.0539 0.0365 0.0247 0.0167 0.0113 0.0077 0.0052 0.0035 0.0024 0.0016 0.0011 0.0007 0.0005 0.0003 1.0000 1.0000 1.0000 1.0000 1.0000 1.0000 1.0000 1.0000 1.0000 1.0000 0.6228 0.2723 0.1058 0.0371 0.0023
0.0035 0.0549 0.1611 0.4423 1.0000 1.0000 1.0000 1.0000 1.0000 1.0000 1.0000 1.0000 1.0000 0.0004 0.0007 0.0010 0.0015 0.0022 0.0033 0.0049 0.0072 0.0106 0.0156 0.0231 0.0341 0.0504 0.0744 0.1099 0.1623 0.2397 0.3540 0.5228 0.7721 1.0000 1.0000 1.0000 1.0000 1.0000 1.0000 1.0000 1.0000 1.0000 1.0000 1.0000 1.0000 1.0000 0.0004 0.0006 0.0009 0.0013 0.0018 0.0013 0.0009 0.0006 0.0004 1.0000 1.0000 1.0000 1.0000 1.0000 1.0000 1.0000 1.0000 1.0000 1.0000 1.0000 1.0000 1.0000 0.7721 0.5228 0.3540 0.2397 0.1623 0.1099 0.0744 0.0504 0.0341 0.0231 0.0156 0.0106 0.0072 0.0049 0.0033 0.0022 0.0015 0.0010 0.0007 0.0004 1.0000 1.0000 1.0000 1.0000 1.0000 1.0000 1.0000 1.0000 1.0000 0.4423 0.1611 0.0549 0.0035
0.0051 0.0812 0.2420 0.6901 1.0000 1.0000 1.0000 1.0000 1.0000 1.0000 1.0000 0.0005 0.0008 0.0013 0.0019 0.0030 0.0044 0.0066 0.0098 0.0146 0.0216 0.0319 0.0472 0.0696 0.1028 0.1519 0.2243 0.3312 0.4892 0.7224 1.0000 1.0000 1.0000 1.0000 1.0000 1.0000 1.0000 1.0000 1.0000 1.0000 1.0000 1.0000 1.0000 0.0004 0.0006 0.0008 0.0012 0.0018 0.0027 0.0040 0.0055 0.0040 0.0027 0.0018 0.0012 0.0008 0.0006 0.0004 1.0000 1.0000 1.0000 1.0000 1.0000 1.0000 1.0000 1.0000 1.0000 1.0000 1.0000 1.0000 1.0000 0.7224 0.4892 0.3312 0.2243 0.1519 0.1028 0.0696 0.0472 0.0319 0.0216 0.0146 0.0098 0.0066 0.0044 0.0030 0.0019 0.0013 0.0008 0.0005 1.0000 1.0000 1.0000 1.0000 1.0000 1.0000 1.0000 0.6901 0.2420 0.0812 0.0051
0.0075 0.1200 0.3601 1.0000 1.0000 1.0000 1.0000 1.0000 1.0000 0.0004 0.0007 0.0012 0.0021 0.0034 0.0054 0.0085 0.0129 0.0195 0.0293 0.0437 0.0649 0.0960 0.1421 0.2098 0.3099 0.4577 0.6759 0.9981 1.0000 1.0000 1.0000 1.0000 1.0000 1.0000 1.0000 1.0000 1.0000 1.0000 1.0000 1.0000 0.0004 0.0005 0.0008 0.0011 0.0017 0.0025 0.0037 0.0054 0.0080 0.0122 0.0165 0.0122 0.0080 0.0054 0.0037 0.0025 0.0017 0.0011 0.0008 0.0005 0.0004 1.0000 1.0000 1.0000 1.0000 1.0000 1.0000 1.0000 1.0000 1.0000 1.0000 1.0000 1.0000 0.9981 0.6759 0.4577 0.3099 0.2098 0.1421 0.0960 0.0649 0.0437 0.0293 0.0195 0.0129 0.0085 0.0054 0.0034 0.0021 0.0012 0.0007 0.0004 1.0000 1.0000 1.0000 1.0000 1.0000 1.0000 0.3601 0.1200 0.0075
0.0111 0.1772 0.5339 1.0000 1.0000 1.0000 1.0000 1.0000 0.0004 0.0008 0.0015 0.0028 0.0050 0.0087 0.0144 0.0232 0.0366 0.0565 0.0862 0.1292 0.1934 0.2877 0.4266 0.6323 0.9338 1.0000 1.0000 1.0000 1.0000 1.0000 1.0000 1.0000 1.0000 1.0000 1.0000 1.0000 1.0000 1.0000 0.0005 0.0007 0.0011 0.0016 0.0023 0.0034 0.0051 0.0075 0.0111 0.0164 0.0242 0.0367 0.0496 0.0367 0.0242 0.0164 0.0111 0.0075 0.0051 0.0034 0.0023 0.0016 0.0011 0.0007 0.0005 1.0000 1.0000 1.0000 1.0000 1.0000 1.0000 1.0000 1.0000 1.0000 1.0000 1.0000 1.0000 1.0000 0.9338 0.6323 0.4266 0.2877 0.1934 0.1292 0.0862 0.0565 0.0366 0.0232 0.0144 0.0087 0.0050 0.0028 0.0015 0.0008 0.0004 1.0000 1.0000 1.0000 1.0000 1.0000 0.5339 0.1772 0.0111
0.0164 0.2616 0.7884 1.0000 1.0000 1.0000 1.0000 1.0000 0.0007 0.0015 0.0031 0.0061 0.0115 0.0209 0.0363 0.0611 0.0998 0.1587 0.2462 0.3770 0.5706 0.8556 1.0000 1.0000 1.0000 1.0000 1.0000 1.0000 1.0000 1.0000 1.0000 1.0000 1.0000 1.0000 1.0000 0.0005 0.0007 0.0010 0.0015 0.0022 0.0032 0.0048 0.0070 0.0104 0.0153 0.0226 0.0334 0.0494 0.0729 0.1105 0.1496 0.1105 0.0729 0.0494 0.0334 0.0226 0.0153 0.0104 0.0070 0.0048 0.0032 0.0022 0.0015 0.0010 0.0007 0.0005 1.0000 1.0000 1.0000 1.0000 1.0000 1.0000 1.0000 1.0000 1.0000 1.0000 1.0000 1.0000 1.0000 0.8556 0.5706 0.3770 0.2462 0.1587 0.0998 0.0611 0.0363 0.0209 0.0115 0.0061 0.0031 0.0015 0.0007 1.0000 1.0000 1.0000 1.0000 1.0000 0.7884 0.2616 0.0164
0.0242 0.3864 1.0000 1.0000 1.0000 1.0000 1.0000 0.0005 0.0012 0.0028 0.0061 0.0127 0.0251 0.0476 0.0868 0.1527 0.2592 0.4257 0.6836 1.0000 1.0000 1.0000 1.0000 1.0000 1.0000 1.0000 1.0000 1.0000 1.0000 1.0000 1.0000 1.0000 0.0004 0.0006 0.0009 0.0014 0.0020 0.0030 0.0045 0.0066 0.0097 0.0143 0.0212 0.0313 0.0462 0.0682 0.1007 0.1487 0.2196 0.3331 0.4507 0.3331 0.2196 0.1487 0.1007 0.0682 0.0462 0.0313 0.0212 0.0143 0.0097 0.0066 0.0045 0.0030 0.0020 0.0014 0.0009 0.0006 0.0004 1.0000 1.0000 1.0000 1.0000 1.0000 1.0000 1.0000 1.0000 1.0000 1.0000 1.0000 1.0000 1.0000 0.6836 0.4257 0.2592 0.1527 0.0868 0.0476 0.0251 0.0127 0.0061 0.0028 0.0012 0.0005 1.0000 1.0000 1.0000 1.0000 1.0000 0.3864 0.0242
0.0358 0.5706 1.0000 1.0000 1.0000 1.0000 1.0000 0.0008 0.0021 0.0050 0.0115 0.0251 0.0520 0.1032 0.1971 0.3615 0.6396 1.0000 1.0000 1.0000 1.0000 1.0000 1.0000 1.0000 1.0000 1.0000 1.0000 1.0000 1.0000 0.0004 0.0006 0.0009 0.0013 0.0019 0.0028 0.0042 0.0062 0.0091 0.0134 0.0198 0.0293 0.0432 0.0638 0.0942 0.1392 0.2055 0.3035 0.4482 0.6619 1.0000 1.0000 1.0000 0.6619 0.4482 0.3035 0.2055 0.1392 0.0942 0.0638 0.0432 0.0293 0.0198 0.0134 0.0091 0.0062 0.0042 0.0028 0.0019 0.0013 0.0009 0.0006 0.0004 1.0000 1.0000 1.0000 1.0000 1.0000 1.0000 1.0000 1.0000 1.0000 1.0000 1.0000 1.0000 0.6396 0.3615 0.1971 0.1032 0.0520 0.0251 0.0115 0.0050 0.0021 0.0008 1.0000 1.0000 1.0000 1.0000 1.0000 0.5706 0.0358
0.0529 0.8427 1.0000 1.0000 1.0000 1.0000 0.0004 0.0013 0.0034 0.0087 0.0209 0.0476 0.1032 0.2143 0.4257 0.8174 1.0000 1.0000 1.0000 1.0000 1.0000 1.0000 1.0000 1.0000 1.0000 1.0000 0.0004 0.0005 0.0008 0.0012 0.0018 0.0026 0.0039 0.0058 0.0085 0.0126 0.0185 0.0274 0.0404 0.0597 0.0882 0.1302 0.1923 0.2839 0.4193 0.6192 0.9145 1.0000 1.0000 1.0000 1.0000 1.0000 1.0000 1.0000 0.9145 0.6192 0.4193 0.2839 0.1923 0.1302 0.0882 0.0597 0.0404 0.0274 0.0185 0.0126 0.0085 0.0058 0.0039 0.0026 0.0018 0.0012 0.0008 0.0005 0.0004 1.0000 1.0000 1.0000 1.0000 1.0000 1.0000 1.0000 1.0000 1.0000 1.0000 0.8174 0.4257 0.2143 0.1032 0.0476 0.0209 0.0087 0.0034 0.0013 0.0004 1.0000 1.0000 1.0000 1.0000 0.8427 0.0529
0.0781 1.0000 1.0000 1.0000 1.0000 1.0000 0.0007 0.0019 0.0054 0.0144 0.0363 0.0868 0.1971 0.4257 0.8837 1.0000 1.0000 1.0000 1.0000 1.0000 1.0000 1.0000 1.0000 1.0000 0.0005 0.0007 0.0011 0.0016 0.0024 0.0036 0.0054 0.0080 0.0117 0.0174 0.0256 0.0378 0.0559 0.0825 0.1218 0.1799 0.2657 0.3923 0.5794 0.8556 1.0000 1.0000 1.0000 1.0000 1.0000 1.0000 1.0000 1.0000 1.0000 1.0000 1.0000 1.0000 1.0000 0.8556 0.5794 0.3923 0.2657 0.1799 0.1218 0.0825 0.0559 0.0378 0.0256 0.0174 0.0117 0.0080 0.0054 0.0036 0.0024 0.0016 0.0011 0.0007 0.0005 1.0000 1.0000 1.0000 1.0000 1.0000 1.0000 1.0000 1.0000 1.0000 0.8837 0.4257 0.1971 0.0868 0.0363 0.0144 0.0054 0.0019 0.0007 1.0000 1.0000 1.0000 1.0000 1.0000 0.0781
0.1153 1.0000 1.0000 1.0000 1.0000 0.0003 0.0010 0.0030 0.0085 0.0232 0.0611 0.1527 0.3615 0.8174 1.0000 1.0000 1.0000 1.0000 1.0000 1.0000 1.0000 1.0000 0.0005 0.0008 0.0013 0.0021 0.0032 0.0048 0.0072 0.0108 0.0161 0.0239 0.0353 0.0523 0.0772 0.1140 0.1683 0.2485 0.3671 0.5421 0.8005 1.0000 1.0000 1.0000 1.0000 1.0000 1.0000 1.0000 1.0000 1.0000 1.0000 1.0000 1.0000 1.0000 1.0000 1.0000 1.0000 1.0000 1.0000 1.0000 0.8005 0.5421 0.3671 0.2485 0.1683 0.1140 0.0772 0.0523 0.0353 0.0239 0.0161 0.0108 0.0072 0.0048 0.0032 0.0021 0.0013 0.0008 0.0005 1.0000 1.0000 1.0000 1.0000 1.0000 1.0000 1.0000 1.0000 0.8174 0.3615 0.1527 0.0611 0.0232 0.0085 0.0030 0.0010 0.0003 1.0000 1.0000 1.0000 1.0000 0.1153
0.1702 1.0000 1.0000 1.0000 1.0000 0.0005 0.0015 0.0044 0.0129 0.0366 0.0998 0.2592 0.6408 1.0000 1.0000 1.0000 1.0000 1.0000 1.0000 1.0000 0.0004 0.0008 0.0013 0.0022 0.0036 0.0058 0.0091 0.0140 0.0212 0.0320 0.0479 0.0714 0.1060 0.1569 0.2325 0.3434 0.5081 0.7490 1.0000 1.0000 1.0000 1.0000 1.0000 1.0000 1.0000 1.0000 1.0000 1.0000 1.0000 1.0000 1.0000 1.0000 1.0000 1.0000 1.0000 1.0000 1.0000 1.0000 1.0000 1.0000 1.0000 1.0000 1.0000 0.7490 0.5081 0.3434 0.2325 0.1569 0.1060 0.0714 0.0479 0.0320 0.0212 0.0140 0.0091 0.0058 0.0036 0.0022 0.0013 0.0008 0.0004 1.0000 1.0000 1.0000 1.0000 1.0000 1.0000 1.0000 0.6396 0.2592 0.0998 0.0366 0.0129 0.0044 0.0015 0.0005 1.0000 1.0000 1.0000 1.0000 0.1702
0.2514 1.0000 1.0000 1.0000 1.0000 0.0007 0.0022 0.0066 0.0195 0.0565 0.1587 0.4257 1.0000 1.0000 1.0000 1.0000 1.0000 1.0000 1.0000 0.0005 0.0010 0.0019 0.0033 0.0057 0.0096 0.0157 0.0252 0.0396 0.0612 0.0935 0.1413 0.2119 0.3164 0.4709 0.6981 1.0000 1.0000 1.0000 1.0000 1.0000 1.0000 1.0000 1.0000 1.0000 1.0000 1.0000 1.0000 1.0000 0.0004 0.0006 0.0008 0.0006 0.0004 1.0000 1.0000 1.0000 1.0000 1.0000 1.0000 1.0000 1.0000 1.0000 1.0000 1.0000 1.0000 1.0000 0.6981 0.4709 0.3164 0.2119 0.1413 0.0935 0.0612 0.0396 0.0252 0.0157 0.0096 0.0057 0.0033 0.0019 0.0010 0.0005 1.0000 1.0000 1.0000 1.0000 1.0000 1.0000 1.0000 0.4257 0.1587 0.0565 0.0195 0.0066 0.0022 0.0007 1.0000 1.0000 1.0000 1.0000 0.2514
0.3713 1.0000 1.0000 1.0000 0.0004 0.0011 0.0033 0.0098 0.0293 0.0862 0.2462 0.6836 1.0000 1.0000 1.0000 1.0000 1.0000 1.0000 0.0006 0.0012 0.0023 0.0043 0.0079 0.0140 0.0243 0.0411 0.0677 0.1091 0.1725 0.2677 0.4106 0.6240 0.9392 1.0000 1.0000 1.0000 1.0000 1.0000 1.0000 1.0000 1.0000 1.0000 1.0000 1.0000 1.0000 0.0003 0.0005 0.0008 0.0011 0.0017 0.0023 0.0017 0.0011 0.0008 0.0005 0.0003 1.0000 1.0000 1.0000 1.0000 1.0000 1.0000 1.0000 1.0000 1.0000 1.0000 1.0000 1.0000 0.9392 0.6240 0.4106 0.2677 0.1725 0.1091 0.0677 0.0411 0.0243 0.0140 0.0079 0.0043 0.0023 0.0012 0.0006 1.0000 1.0000 1.0000 1.0000 1.0000 1.0000 0.6836 0.2462 0.0862 0.0293 0.0098 0.0033 0.0011 0.0004 1.0000 1.0000 1.0000 0.3713
0.5483 1.0000 1.0000 1.0000 0.0005 0.0016 0.0049 0.0146 0.0437 0.1292 0.3770 1.0000 1.0000 1.0000 1.0000 1.0000 1.0000 0.0005 0.0012 0.0024 0.0049 0.0095 0.0180 0.0332 0.0595 0.1034 0.1755 0.2916 0.4727 0.7504 1.0000 1.0000 1.0000 1.0000 1.0000 1.0000 1.0000 1.0000 1.0000 1.0000 1.0000 1.0000 1.0000 0.0005 0.0007 0.0010 0.0015 0.0023 0.0033 0.0051 0.0069 0.0051 0.0033 0.0023 0.0015 0.0010 0.0007 0.0005 1.0000 1.0000 1.0000 1.0000 1.0000 1.0000 1.0000 1.0000 1.0000 1.0000 1.0000 1.0000 1.0000 0.7504 0.4727 0.2916 0.1755 0.1034 0.0595 0.0332 0.0180 0.0095 0.0049 0.0024 0.0012 0.0005 1.0000 1.0000 1.0000 1.0000 1.0000 1.0000 0.3770 0.1292 0.0437 0.0146 0.0049 0.0016 0.0005 1.0000 1.0000 1.0000 0.5483
0.8097 1.0000 1.0000 1.0000 0.0008 0.0024 0.0072 0.0216 0.0649 0.1934 0.5706 1.0000 1.0000 1.0000 1.0000 1.0000 0.0004 0.0010 0.0023 0.0049 0.0102 0.0205 0.0399 0.0759 0.1400 0.2514 0.4406 0.7518 1.0000 1.0000 1.0000 1.0000 1.0000 1.0000 1.0000 1.0000 1.0000 1.0000 1.0000 1.0000 0.0004 0.0007 0.0010 0.0014 0.0021 0.0031 0.0046 0.0068 0.0101 0.0153 0.0207 0.0153 0.0101 0.0068 0.0046 0.0031 0.0021 0.0014 0.0010 0.0007 0.0004 1.0000 1.0000 1.0000 1.0000 1.0000 1.0000 1.0000 1.0000 1.0000 1.0000 1.0000 1.0000 0.7518 0.4406 0.2514 0.1400 0.0759 0.0399 0.0205 0.0102 0.0049 0.0023 0.0010 0.0004 1.0000 1.0000 1.0000 1.0000 1.0000 0.5706 0.1934 0.0649 0.0216 0.0072 0.0024 0.0008 1.0000 1.0000 1.0000 0.8097
1.0000 1.0000 1.0000 0.0004 0.0012 0.0035 0.0106 0.0319 0.0960 0.2877 0.8556 1.0000 1.0000 1.0000 1.0000 1.0000 0.0008 0.0019 0.0043 0.0095 0.0205 0.0424 0.0855 0.1670 0.3183 0.5894 1.0000 1.0000 1.0000 1.0000 1.0000 1.0000 1.0000 1.0000 1.0000 1.0000 1.0000 0.0004 0.0006 0.0009 0.0013 0.0020 0.0029 0.0043 0.0064 0.0094 0.0139 0.0205 0.0303 0.0460 0.0622 0.0460 0.0303 0.0205 0.0139 0.0094 0.0064 0.0043 0.0029 0.0020 0.0013 0.0009 0.0006 0.0004 1.0000 1.0000 1.0000 1.0000 1.0000 1.0000 1.0000 1.0000 1.0000 1.0000 1.0000 0.5894 0.3183 0.1670 0.0855 0.0424 0.0205 0.0095 0.0043 0.0019 0.0008 1.0000 1.0000 1.0000 1.0000 1.0000 0.8556 0.2877 0.0960 0.0319 0.0106 0.0035 0.0012 0.0004 1.0000 1.0000 1.0000
1.0000 1.0000 1.0000 0.0006 0.0017 0.0052 0.0156 0.0472 0.1421 0.4266 1.0000 1.0000 1.0000 1.0000 1.0000 0.0005 0.0013 0.0033 0.0079 0.0180 0.0399 0.0855 0.1768 0.3574 0.6994 1.0000 1.0000 1.0000 1.0000 1.0000 1.0000 1.0000 1.0000 1.0000 1.0000 0.0005 0.0008 0.0012 0.0018 0.0027 0.0040 0.0059 0.0088 0.0130 0.0192 0.0284 0.0419 0.0619 0.0914 0.1386 0.1876 0.1386 0.0914 0.0619 0.0419 0.0284 0.0192 0.0130 0.0088 0.0059 0.0040 0.0027 0.0018 0.0012 0.0008 0.0005 1.0000 1.0000 1.0000 1.0000 1.0000 1.0000 1.0000 1.0000 1.0000 1.0000 0.7007 0.3574 0.1768 0.0855 0.0399 0.0180 0.0079 0.0033 0.0013 0.0005 1.0000 1.0000 1.0000 1.0000 1.0000 0.4266 0.1421 0.0472 0.0156 0.0052 0.0017 0.0006 1.0000 1.0000 1.0000
1.0000 1.0000 1.0000 0.0008 0.0025 0.0077 0.0231 0.0696 0.2098 0.6323 1.0000 1.0000 1.0000 1.0000 1.0000 0.0008 0.0022 0.0057 0.0140 0.0332 0.0759 0.1670 0.3574 0.7419 1.0000 1.0000 1.0000 1.0000 1.0000 1.0000 1.0000 1.0000 0.0004 0.0006 0.0009 0.0015 0.0023 0.0035 0.0053 0.0080 0.0119 0.0178 0.0264 0.0391 0.0578 0.0855 0.1263 0.1865 0.2754 0.4177 0.5652 0.4177 0.2754 0.1865 0.1263 0.0855 0.0578 0.0391 0.0264 0.0178 0.0119 0.0080 0.0053 0.0035 0.0023 0.0015 0.0009 0.0006 0.0004 1.0000 1.0000 1.0000 1.0000 1.0000 1.0000 1.0000 1.0000 0.7419 0.3574 0.1670 0.0759 0.0332 0.0140 0.0057 0.0022 0.0008 1.0000 1.0000 1.0000 1.0000 1.0000 0.6323 0.2098 0.0696 0.0231 0.0077 0.0025 0.0008 1.0000 1.0000 1.0000
1.0000 1.0000 0.0004 0.0012 0.0038 0.0113 0.0341 0.1028 0.3105 0.9338 1.0000 1.0000 1.0000 1.0000 0.0005 0.0013 0.0036 0.0096 0.0243 0.0595 0.1400 0.3183 0.7007 1.0000 1.0000 1.0000 1.0000 1.0000 1.0000 1.0000 1.0000 0.0006 0.0010 0.0016 0.0026 0.0041 0.0065 0.0101 0.0155 0.0236 0.0355 0.0530 0.0788 0.1170 0.1738 0.2577 0.3806 0.5620 0.8300 1.0000 1.0000 1.0000 0.8300 0.5620 0.3806 0.2577 0.1738 0.1170 0.0788 0.0530 0.0355 0.0236 0.0155 0.0101 0.0065 0.0041 0.0026 0.0016 0.0010 0.0006 1.0000 1.0000 1.0000 1.0000 1.0000 1.0000 1.0000 1.0000 0.7007 0.3183 0.1400 0.0595 0.0243 0.0096 0.0036 0.0013 0.0005 1.0000 1.0000 1.0000 1.0000 0.9338 0.3099 0.1028 0.0341 0.0113 0.0038 0.0012 0.0004 1.0000 1.0000
1.0000 1.0000 0.0006 0.0018 0.0056 0.0167 0.0504 0.1519 0.4577 1.0000 1.0000 1.0000 1.0000 1.0000 0.0007 0.0021 0.0058 0.0157 0.0411 0.1034 0.2514 0.5894 1.0000 1.0000 1.0000 1.0000 1.0000 1.0000 1.0000 0.0004 0.0008 0.0014 0.0024 0.0041 0.0068 0.0112 0.0180 0.0284 0.0443 0.0682 0.1036 0.1563 0.2348 0.3500 0.5208 0.7736 1.0000 1.0000 1.0000 1.0000 1.0000 1.0000 1.0000 1.0000 1.0000 0.7736 0.5208 0.3500 0.2348 0.1563 0.1036 0.0682 0.0443 0.0284 0.0180 0.0112 0.0068 0.0041 0.0024 0.0014 0.0008 0.0004 1.0000 1.0000 1.0000 1.0000 1.0000 1.0000 1.0000 0.5894 0.2514 0.1034 0.0411 0.0157 0.0058 0.0021 0.0007 1.0000 1.0000 1.0000 1.0000 1.0000 0.4577 0.1519 0.0504 0.0167 0.0056 0.0018 0.0006 1.0000 1.0000
1.0000 1.0000 0.0009 0.0027 0.0082 0.0247 0.0744 0.2243 0.6759 1.0000 1.0000 1.0000 1.0000 0.0004 0.0011 0.0032 0.0091 0.0252 0.0677 0.1755 0.4406 1.0000 1.0000 1.0000 1.0000 1.0000 1.0000 1.0000 0.0005 0.0009 0.0018 0.0032 0.0058 0.0102 0.0175 0.0294 0.0483 0.0782 0.1241 0.1941 0.2995 0.4568 0.6928 1.0000 1.0000 1.0000 1.0000 1.0000 1.0000 1.0000 1.0000 1.0000 1.0000 1.0000 1.0000 1.0000 1.0000 1.0000 0.6928 0.4568 0.2995 0.1941 0.1241 0.0782 0.0483 0.0294 0.0175 0.0102 0.0058 0.0032 0.0018 0.0009 0.0005 1.0000 1.0000 1.0000 1.0000 1.0000 1.0000 1.0000 0.4406 0.1755 0.0677 0.0252 0.0091 0.0032 0.0011 0.0004 1.0000 1.0000 1.0000 1.0000 0.6759 0.2243 0.0744 0.0247 0.0082 0.0027 0.0009 1.0000 1.0000
1.0000 0.0004 0.0013 0.0040 0.0121 0.0365 0.1099 0.3312 0.9981 1.0000 1.0000 1.0000 1.0000 0.0005 0.0016 0.0048 0.0140 0.0395 0.1089 0.2910 0.7518 1.0000 1.0000 1.0000 1.0000 1.0000 1.0000 0.0005 0.0010 0.0020 0.0039 0.0074 0.0137 0.0247 0.0435 0.0749 0.1265 0.2090 0.3395 0.5400 0.8491 1.0000 1.0000 1.0000 1.0000 1.0000 1.0000 1.0000 1.0000 1.0000 1.0000 1.0000 1.0000 1.0000 1.0000 1.0000 1.0000 1.0000 1.0000 1.0000 0.8491 0.5400 0.3395 0.2090 0.1265 0.0750 0.0435 0.0247 0.0137 0.0074 0.0039 0.0020 0.0010 0.0005 1.0000 1.0000 1.0000 1.0000 1.0000 1.0000 0.7518 0.2916 0.1091 0.0396 0.0140 0.0048 0.0016 0.0005 1.0000 1.0000 1.0000 1.0000 0.9981 0.3312 0.1099 0.0365 0.0121 0.0040 0.0013 0.0004 1.0000
1.0000 0.0007 0.0020 0.0059 0.0179 0.0539 0.1623 0.4892 1.0000 1.0000 1.0000 1.0000 1.0000 0.0008 0.0024 0.0072 0.0212 0.0612 0.1722 0.4718 1.0000 1.0000 1.0000 1.0000 1.0000 1.0000 0.0005 0.0010 0.0021 0.0044 0.0086 0.0166 0.0314 0.0580 0.1048 0.1854 0.3213 0.5441 0.9024 1.0000 1.0000 1.0000 1.0000 1.0000 1.0000 1.0000 1.0000 1.0000 1.0000 1.0000 1.0000 1.0000 1.0000 1.0000 1.0000 1.0000 1.0000 1.0000 1.0000 1.0000 1.0000 1.0000 0.9024 0.5441 0.3213 0.1854 0.1048 0.0579 0.0314 0.0166 0.0086 0.0044 0.0021 0.0010 0.0005 1.0000 1.0000 1.0000 1.0000 1.0000 1.0000 0.4727 0.1725 0.0612 0.0212 0.0072 0.0024 0.0008 1.0000 1.0000 1.0000 1.0000 1.0000 0.4892 0.1623 0.0539 0.0179 0.0059 0.0020 0.0007 1.0000
1.0000 0.0010 0.0029 0.0088 0.0264 0.0796 0.2397 0.7224 1.0000 1.0000 1.0000 1.0000 0.0004 0.0012 0.0036 0.0108 0.0320 0.0933 0.2677 0.7504 1.0000 1.0000 1.0000 1.0000 1.0000 0.0004 0.0009 0.0020 0.0044 0.0090 0.0183 0.0362 0.0700 0.1327 0.2457 0.4456 0.7914 1.0000 1.0000 1.0000 1.0000 1.0000 1.0000 1.0000 1.0000 1.0000 1.0000 1.0000 0.0005 0.0007 0.0009 0.0007 0.0005 1.0000 1.0000 1.0000 1.0000 1.0000 1.0000 1.0000 1.0000 1.0000 1.0000 1.0000 0.7914 0.4456 0.2457 0.1327 0.0700 0.0362 0.0183 0.0090 0.0044 0.0020 0.0009 0.0004 1.0000 1.0000 1.0000 1.0000 1.0000 0.7504 0.2677 0.0935 0.0320 0.0108 0.0036 0.0012 0.0004 1.0000 1.0000 1.0000 1.0000 0.7224 0.2397 0.0796 0.0264 0.0088 0.0029 0.0010 1.0000
0.0001 0.0014 0.0043 0.0129 0.0390 0.1175 0.3540 1.0000 1.0000 1.0000 1.0000 1.0000 0.0006 0.0018 0.0054 0.0161 0.0479 0.1413 0.4106 1.0000 1.0000 1.0000 1.0000 1.0000 1.0000 0.0008 0.0018 0.0039 0.0086 0.0183 0.0379 0.0770 0.1525 0.2955 0.5609 1.0000 1.0000 1.0000 1.0000 1.0000 1.0000 1.0000 1.0000 1.0000 1.0000 0.0004 0.0006 0.0009 0.0013 0.0021 0.0028 0.0021 0.0013 0.0009 0.0006 0.0004 1.0000 1.0000 1.0000 1.0000 1.0000 1.0000 1.0000 1.0000 1.0000 1.0000 0.5609 0.2955 0.1525 0.0770 0.0379 0.0183 0.0086 0.0039 0.0018 0.0008 1.0000 1.0000 1.0000 1.0000 1.0000 1.0000 0.4106 0.1413 0.0479 0.0161 0.0054 0.0018 0.0006 1.0000 1.0000 1.0000 1.0000 1.0000 0.3540 0.1175 0.0390 0.0129 0.0043 0.0014 0.0001
0.0001 0.0021 0.0063 0.0191 0.0576 0.1735 0.5228 1.0000 1.0000 1.0000 1.0000 1.0000 0.0009 0.0026 0.0080 0.0239 0.0714 0.2119 0.6240 1.0000 1.0000 1.0000 1.0000 1.0000 0.0006 0.0014 0.0032 0.0074 0.0166 0.0362 0.0770 0.1596 0.3238 0.6433 1.0000 1.0000 1.0000 1.0000 1.0000 1.0000 1.0000 1.0000 1.0000 0.0004 0.0007 0.0011 0.0017 0.0026 0.0039 0.0061 0.0084 0.0061 0.0039 0.0026 0.0017 0.0011 0.0007 0.0004 1.0000 1.0000 1.0000 1.0000 1.0000 1.0000 1.0000 1.0000 1.0000 0.6433 0.3238 0.1596 0.0770 0.0362 0.0166 0.0074 0.0032 0.0014 0.0006 1.0000 1.0000 1.0000 1.0000 1.0000 0.6240 0.2119 0.0714 0.0239 0.0080 0.0026 0.0009 1.0000 1.0000 1.0000 1.0000 1.0000 0.5228 0.1735 0.0576 0.0191 0.0063 0.0021 0.0001
0.0002 0.0031 0.0094 0.0282 0.0850 0.2562 0.7721 1.0000 1.0000 1.0000 1.0000 0.0004 0.0013 0.0039 0.0117 0.0353 0.1060 0.3164 0.9392 1.0000 1.0000 1.0000 1.0000 0.0004 0.0010 0.0024 0.0058 0.0137 0.0314 0.0700 0.1525 0.3238 0.6720 1.0000 1.0000 1.0000 1.0000 1.0000 1.0000 1.0000 1.0000 0.0004 0.0007 0.0012 0.0019 0.0030 0.0048 0.0074 0.0114 0.0178 0.0247 0.0178 0.0114 0.0074 0.0048 0.0030 0.0019 0.0012 0.0007 0.0004 1.0000 1.0000 1.0000 1.0000 1.0000 1.0000 1.0000 1.0000 0.6720 0.3238 0.1525 0.0700 0.0314 0.0137 0.0058 0.0024 0.0010 0.0004 1.0000 1.0000 1.0000 1.0000 0.9392 0.3164 0.1060 0.0353 0.0117 0.0039 0.0013 0.0004 1.0000 1.0000 1.0000 1.0000 0.7721 0.2562 0.0850 0.0282 0.0094 0.0031 0.0002
0.0003 0.0046 0.0138 0.0417 0.1256 0.3784 1.0000 1.0000 1.0000 1.0000 1.0000 0.0006 0.0019 0.0058 0.0174 0.0523 0.1569 0.4709 1.0000 1.0000 1.0000 1.0000 1.0000 0.0006 0.0016 0.0041 0.0102 0.0247 0.0579 0.1327 0.2955 0.6433 1.0000 1.0000 1.0000 1.0000 1.0000 1.0000 1.0000 1.0000 0.0006 0.0010 0.0018 0.0030 0.0050 0.0082 0.0132 0.0209 0.0326 0.0518 0.0719 0.0518 0.0326 0.0209 0.0132 0.0082 0.0050 0.0030 0.0018 0.0010 0.0006 1.0000 1.0000 1.0000 1.0000 1.0000 1.0000 1.0000 1.0000 0.6433 0.2955 0.1327 0.0579 0.0247 0.0102 0.0041 0.0016 0.0006 1.0000 1.0000 1.0000 1.0000 1.0000 0.4709 0.1569 0.0523 0.0174 0.0058 0.0019 0.0006 1.0000 1.0000 1.0000 1.0000 1.0000 0.3784 0.1256 0.0417 0.0138 0.0046 0.0003
0.0004 0.0068 0.0204 0.0615 0.1854 0.5588 1.0000 1.0000 1.0000 1.0000 1.0000 0.0009 0.0028 0.0085 0.0256 0.0772 0.2325 0.6981 1.0000 1.0000 1.0000 1.0000 1.0000 0.0009 0.0026 0.0068 0.0175 0.0435 0.1048 0.2457 0.5609 1.0000 1.0000 1.0000 1.0000 1.0000 1.0000 1.0000 0.0004 0.0008 0.0014 0.0025 0.0044 0.0077 0.0130 0.0218 0.0357 0.0576 0.0914 0.1473 0.2071 0.1473 0.0914 0.0576 0.0357 0.0218 0.0130 0.0077 0.0044 0.0025 0.0014 0.0008 0.0004 1.0000 1.0000 1.0000 1.0000 1.0000 1.0000 1.0000 0.5609 0.2457 0.1048 0.0435 0.0175 0.0068 0.0026 0.0009 1.0000 1.0000 1.0000 1.0000 1.0000 0.6981 0.2325 0.0772 0.0256 0.0085 0.0028 0.0009 1.0000 1.0000 1.0000 1.0000 1.0000 0.5588 0.1854 0.0615 0.0204 0.0068 0.0004
0.0006 0.0100 0.0302 0.0909 0.2739 0.8252 1.0000 1.0000 1.0000 1.0000 0.0005 0.0014 0.0042 0.0126 0.0378 0.1140 0.3434 1.0000 1.0000 1.0000 1.0000 1.0000 0.0005 0.0015 0.0041 0.0112 0.0294 0.0750 0.1854 0.4456 1.0000 1.0000 1.0000 1.0000 1.0000 1.0000 1.0000 0.0005 0.0009 0.0017 0.0032 0.0059 0.0107 0.0189 0.0329 0.0562 0.0942 0.1551 0.2509 0.4114 0.5882 0.4114 0.2509 0.1551 0.0942 0.0562 0.0329 0.0189 0.0107 0.0059 0.0032 0.0017 0.0009 0.0005 1.0000 1.0000 1.0000 1.0000 1.0000 1.0000 1.0000 0.4456 0.1854 0.0750 0.0294 0.0112 0.0041 0.0015 0.0005 1.0000 1.0000 1.0000 1.0000 1.0000 0.3434 0.1140 0.0378 0.0126 0.0042 0.0014 0.0005 1.0000 1.0000 1.0000 1.0000 0.8252 0.2739 0.0909 0.0302 0.0100 0.0006
0.0009 0.0148 0.0445 0.1342 0.4044 1.0000 1.0000 1.0000 1.0000 1.0000 0.0007 0.0020 0.0062 0.0185 0.0559 0.1683 0.5081 1.0000 1.0000 1.0000 1.0000 1.0000 0.0008 0.0023 0.0065 0.0179 0.0484 0.1265 0.3213 0.7914 1.0000 1.0000 1.0000 1.0000 1.0000 1.0000 0.0005 0.0010 0.0019 0.0038 0.0072 0.0136 0.0250 0.0454 0.0809 0.1410 0.2416 0.4068 0.6707 1.0000 1.0000 1.0000 0.6707 0.4068 0.2416 0.1410 0.0809 0.0455 0.0251 0.0136 0.0072 0.0038 0.0019 0.0010 0.0005 1.0000 1.0000 1.0000 1.0000 1.0000 1.0000 0.7914 0.3213 0.1265 0.0483 0.0180 0.0065 0.0023 0.0008 1.0000 1.0000 1.0000 1.0000 1.0000 0.5081 0.1683 0.0559 0.0185 0.0062 0.0020 0.0007 1.0000 1.0000 1.0000 1.0000 1.0000 0.4044 0.1342 0.0445 0.0148 0.0009
0.0014 0.0218 0.0658 0.1982 0.5973 1.0000 1.0000 1.0000 1.0000 1.0000 0.0010 0.0030 0.0091 0.0274 0.0825 0.2485 0.7490 1.0000 1.0000 1.0000 1.0000 0.0004 0.0012 0.0035 0.0101 0.0284 0.0782 0.2090 0.5441 1.0000 1.0000 1.0000 1.0000 1.0000 1.0000 0.0005 0.0010 0.0020 0.0041 0.0081 0.0159 0.0305 0.0576 0.1066 0.1937 0.3454 0.6053 1.0000 1.0000 1.0000 1.0000 1.0000 1.0000 1.0000 0.6053 0.3454 0.1941 0.1068 0.0577 0.0306 0.0159 0.0081 0.0041 0.0020 0.0010 0.0005 1.0000 1.0000 1.0000 1.0000 1.0000 1.0000 0.5441 0.2090 0.0782 0.0284 0.0101 0.0035 0.0012 0.0004 1.0000 1.0000 1.0000 1.0000 0.7490 0.2485 0.0825 0.0274 0.0091 0.0030 0.0010 1.0000 1.0000 1.0000 1.0000 1.0000 0.5973 0.1982 0.0658 0.0218 0.0014
0.0020 0.0322 0.0971 0.2927 0.8820 1.0000 1.0000 1.0000 1.0000 0.0005 0.0015 0.0045 0.0134 0.0404 0.1218 0.3671 1.0000 1.0000 1.0000 1.0000 1.0000 0.0006 0.0018 0.0053 0.0154 0.0442 0.1241 0.3395 0.9024 1.0000 1.0000 1.0000 1.0000 1.0000 0.0004 0.0009 0.0019 0.0041 0.0085 0.0172 0.0343 0.0673 0.1292 0.2443 0.4533 0.8268 1.0000 1.0000 1.0000 1.0000 1.0000 1.0000 1.0000 1.0000 1.0000 0.8268 0.4542 0.2443 0.1295 0.0672 0.0343 0.0172 0.0085 0.0041 0.0019 0.0009 0.0004 1.0000 1.0000 1.0000 1.0000 1.0000 0.9024 0.3395 0.1241 0.0443 0.0155 0.0053 0.0018 0.0006 1.0000 1.0000 1.0000 1.0000 1.0000 0.3671 0.1218 0.0404 0.0134 0.0045 0.0015 0.0005 1.0000 1.0000 1.0000 1.0000 0.8820 0.2927 0.0971 0.0322 0.0020
0.0030 0.0476 0.1435 0.4323 1.0000 1.0000 1.0000 1.0000 1.0000 0.0007 0.0022 0.0066 0.0198 0.0597 0.1799 0.5421 1.0000 1.0000 1.0000 1.0000 1.0000 0.0009 0.0027 0.0080 0.0234 0.0681 0.1941 0.5400 1.0000 1.0000 1.0000 1.0000 1.0000 1.0000 0.0008 0.0017 0.0038 0.0081 0.0172 0.0356 0.0726 0.1448 0.2845 0.5483 1.0000 1.0000 1.0000 1.0000 1.0000 1.0000 1.0000 1.0000 1.0000 1.0000 1.0000 1.0000 1.0000 0.5483 0.2845 0.1448 0.0726 0.0356 0.0172 0.0081 0.0038 0.0017 0.0008 1.0000 1.0000 1.0000 1.0000 1.0000 1.0000 0.5400 0.1941 0.0682 0.0236 0.0080 0.0027 0.0009 1.0000 1.0000 1.0000 1.0000 1.0000 0.5421 0.1799 0.0597 0.0198 0.0066 0.0022 0.0007 1.0000 1.0000 1.0000 1.0000 1.0000 0.4323 0.1435 0.0476 0.0030
0.0044 0.0703 0.2119 0.6384 1.0000 1.0000 1.0000 1.0000 0.0004 0.0011 0.0032 0.0097 0.0293 0.0882 0.2657 0.8005 1.0000 1.0000 1.0000 1.0000 0.0004 0.0013 0.0040 0.0119 0.0353 0.1036 0.2995 0.8491 1.0000 1.0000 1.0000 1.0000 1.0000 0.0006 0.0014 0.0032 0.0072 0.0159 0.0343 0.0726 0.1504 0.3070 0.6134 1.0000 1.0000 1.0000 1.0000 1.0000 1.0000 1.0000 1.0000 1.0000 1.0000 1.0000 1.0000 1.0000 1.0000 1.0000 0.6134 0.3070 0.1504 0.0726 0.0343 0.0159 0.0072 0.0032 0.0014 0.0006 1.0000 1.0000 1.0000 1.0000 1.0000 0.8491 0.2995 0.1036 0.0355 0.0119 0.0040 0.0013 0.0004 1.0000 1.0000 1.0000 1.0000 0.8005 0.2657 0.0882 0.0293 0.0097 0.0032 0.0011 0.0004 1.0000 1.0000 1.0000 1.0000 0.6384 0.2119 0.0703 0.0044
0.0065 0.1038 0.3129 0.9427 1.0000 1.0000 1.0000 1.0000 0.0005 0.0016 0.0048 0.0143 0.0432 0.1302 0.3923 1.0000 1.0000 1.0000 1.0000 1.0000 0.0007 0.0020 0.0059 0.0178 0.0529 0.1563 0.4568 1.0000 1.0000 1.0000 1.0000 1.0000 0.0004 0.0010 0.0025 0.0059 0.0136 0.0306 0.0672 0.1448 0.3070 0.6360 1.0000 1.0000 1.0000 1.0000 1.0000 1.0000 1.0000 1.0000 0.0004 1.0000 1.0000 1.0000 1.0000 1.0000 1.0000 1.0000 1.0000 0.6360 0.3070 0.1448 0.0672 0.0306 0.0136 0.0059 0.0025 0.0010 0.0004 1.0000 1.0000 1.0000 1.0000 1.0000 0.4568 0.1563 0.0530 0.0178 0.0059 0.0020 0.0007 1.0000 1.0000 1.0000 1.0000 1.0000 0.3923 0.1302 0.0432 0.0143 0.0048 0.0016 0.0005 1.0000 1.0000 1.0000 1.0000 0.9427 0.3129 0.1038 0.0065
0.0096 0.1533 0.4620 1.0000 1.0000 1.0000 1.0000 1.0000 0.0008 0.0023 0.0070 0.0212 0.0638 0.1923 0.5794 1.0000 1.0000 1.0000 1.0000 1.0000 0.0010 0.0029 0.0088 0.0264 0.0788 0.2348 0.6928 1.0000 1.0000 1.0000 1.0000 1.0000 0.0007 0.0018 0.0044 0.0107 0.0251 0.0577 0.1295 0.2845 0.6134 1.0000 1.0000 1.0000 1.0000 1.0000 1.0000 1.0000 1.0000 0.0006 0.0010 0.0006 1.0000 1.0000 1.0000 1.0000 1.0000 1.0000 1.0000 1.0000 0.6134 0.2845 0.1295 0.0577 0.0251 0.0107 0.0044 0.0018 0.0007 1.0000 1.0000 1.0000 1.0000 1.0000 0.6928 0.2348 0.0788 0.0264 0.0088 0.0029 0.0010 1.0000 1.0000 1.0000 1.0000 1.0000 0.5794 0.1923 0.0638 0.0212 0.0070 0.0023 0.0008 1.0000 1.0000 1.0000 1.0000 1.0000 0.4620 0.1533 0.0096
0.0142 0.2264 0.6823 1.0000 1.0000 1.0000 1.0000 0.0004 0.0011 0.0034 0.0104 0.0313 0.0942 0.2839 0.8556 1.0000 1.0000 1.0000 1.0000 0.0005 0.0014 0.0043 0.0130 0.0391 0.1170 0.3500 1.0000 1.0000 1.0000 1.0000 1.0000 0.0004 0.0012 0.0030 0.0077 0.0189 0.0455 0.1068 0.2443 0.5483 1.0000 1.0000 1.0000 1.0000 1.0000 1.0000 1.0000 0.0004 0.0008 0.0015 0.0024 0.0015 0.0008 0.0004 1.0000 1.0000 1.0000 1.0000 1.0000 1.0000 1.0000 0.5483 0.2443 0.1068 0.0455 0.0189 0.0077 0.0030 0.0012 0.0004 1.0000 1.0000 1.0000 1.0000 1.0000 0.3500 0.1170 0.0391 0.0130 0.0043 0.0014 0.0005 1.0000 1.0000 1.0000 1.0000 0.8556 0.2839 0.0942 0.0313 0.0104 0.0034 0.0011 0.0004 1.0000 1.0000 1.0000 1.0000 0.6823 0.2264 0.0142
0.0210 0.3344 1.0000 1.0000 1.0000 1.0000 1.0000 0.0006 0.0017 0.0051 0.0153 0.0462 0.1392 0.4193 1.0000 1.0000 1.0000 1.0000 1.0000 0.0007 0.0021 0.0064 0.0192 0.0578 0.1738 0.5208 1.0000 1.0000 1.0000 1.0000 1.0000 0.0007 0.0019 0.0050 0.0130 0.0329 0.0809 0.1941 0.4542 1.0000 1.0000 1.0000 1.0000 1.0000 1.0000 1.0000 0.0004 0.0009 0.0017 0.0034 0.0055 0.0034 0.0017 0.0009 0.0004 1.0000 1.0000 1.0000 1.0000 1.0000 1.0000 1.0000 0.4542 0.1941 0.0809 0.0329 0.0130 0.0050 0.0019 0.0007 1.0000 1.0000 1.0000 1.0000 1.0000 0.5208 0.1738 0.0578 0.0192 0.0064 0.0021 0.0007 1.0000 1.0000 1.0000 1.0000 1.0000 0.4193 0.1392 0.0462 0.0153 0.0051 0.0017 0.0006 1.0000 1.0000 1.0000 1.0000 1.0000 0.3344 0.0210
0.0310 0.4938 1.0000 1.0000 1.0000 1.0000 1.0000 0.0008 0.0025 0.0075 0.0226 0.0682 0.2055 0.6192 1.0000 1.0000 1.0000 1.0000 0.0003 0.0010 0.0031 0.0094 0.0284 0.0855 0.2577 0.7736 1.0000 1.0000 1.0000 1.0000 0.0004 0.0011 0.0030 0.0082 0.0218 0.0562 0.1410 0.3454 0.8268 1.0000 1.0000 1.0000 1.0000 1.0000 1.0000 0.0005 0.0009 0.0019 0.0037 0.0075 0.0125 0.0076 0.0037 0.0019 0.0009 0.0005 1.0000 1.0000 1.0000 1.0000 1.0000 1.0000 0.8268 0.3454 0.1410 0.0562 0.0218 0.0082 0.0030 0.0011 0.0004 1.0000 1.0000 1.0000 1.0000 0.7736 0.2577 0.0855 0.0284 0.0094 0.0031 0.0010 0.0003 1.0000 1.0000 1.0000 1.0000 0.6192 0.2055 0.0682 0.0226 0.0075 0.0025 0.0008 1.0000 1.0000 1.0000 1.0000 1.0000 0.4938 0.0310
0.0457 0.7293 1.0000 1.0000 1.0000 1.0000 0.0004 0.0012 0.0037 0.0111 0.0334 0.1007 0.3035 0.9145 1.0000 1.0000 1.0000 1.0000 0.0005 0.0015 0.0046 0.0139 0.0419 0.1263 0.3806 1.0000 1.0000 1.0000 1.0000 1.0000 0.0006 0.0017 0.0048 0.0132 0.0357 0.0942 0.2416 0.6053 1.0000 1.0000 1.0000 1.0000 1.0000 1.0000 0.0004 0.0009 0.0019 0.0039 0.0079 0.0165 0.0277 0.0165 0.0079 0.0039 0.0019 0.0009 0.0004 1.0000 1.0000 1.0000 1.0000 1.0000 1.0000 0.6053 0.2416 0.0942 0.0357 0.0132 0.0048 0.0017 0.0006 1.0000 1.0000 1.0000 1.0000 1.0000 0.3806 0.1263 0.0419 0.0139 0.0046 0.0015 0.0005 1.0000 1.0000 1.0000 1.0000 0.9145 0.3035 0.1007 0.0334 0.0111 0.0037 0.0012 0.0004 1.0000 1.0000 1.0000 1.0000 0.7293 0.0457
0.0674 1.0000 1.0000 1.0000 1.0000 1.0000 0.0006 0.0018 0.0054 0.0164 0.0494 0.1487 0.4482 1.0000 1.0000 1.0000 1.0000 1.0000 0.0008 0.0023 0.0068 0.0205 0.0619 0.1865 0.5620 1.0000 1.0000 1.0000 1.0000 1.0000 0.0009 0.0026 0.0074 0.0209 0.0576 0.1551 0.4068 1.0000 1.0000 1.0000 1.0000 1.0000 1.0000 0.0004 0.0009 0.0019 0.0039 0.0082 0.0166 0.0354 0.0602 0.0355 0.0167 0.0082 0.0039 0.0019 0.0009 0.0004 1.0000 1.0000 1.0000 1.0000 1.0000 1.0000 0.4068 0.1551 0.0576 0.0209 0.0074 0.0026 0.0009 1.0000 1.0000 1.0000 1.0000 1.0000 0.5620 0.1865 0.0619 0.0205 0.0068 0.0023 0.0008 1.0000 1.0000 1.0000 1.0000 1.0000 0.4482 0.1487 0.0494 0.0164 0.0054 0.0018 0.0006 1.0000 1.0000 1.0000 1.0000 1.0000 0.0674
0.0994 1.0000 1.0000 1.0000 1.0000 1.0000 0.0009 0.0027 0.0080 0.0242 0.0729 0.2196 0.6619 1.0000 1.0000 1.0000 1.0000 0.0004 0.0011 0.0033 0.0101 0.0303 0.0914 0.2754 0.8300 1.0000 1.0000 1.0000 1.0000 0.0005 0.0013 0.0039 0.0114 0.0326 0.0914 0.2509 0.6707 1.0000 1.0000 1.0000 1.0000 1.0000 1.0000 0.0008 0.0017 0.0037 0.0079 0.0166 0.0344 0.0747 0.1285 0.0749 0.0345 0.0167 0.0079 0.0037 0.0017 0.0008 1.0000 1.0000 1.0000 1.0000 1.0000 1.0000 0.6707 0.2509 0.0914 0.0326 0.0114 0.0039 0.0013 0.0005 1.0000 1.0000 1.0000 1.0000 0.8300 0.2754 0.0914 0.0303 0.0101 0.0033 0.0011 0.0004 1.0000 1.0000 1.0000 1.0000 0.6619 0.2196 0.0729 0.0242 0.0080 0.0027 0.0009 1.0000 1.0000 1.0000 1.0000 1.0000 0.0992
0.1542 1.0000 1.0000 1.0000 1.0000 0.0004 0.0013 0.0040 0.0122 0.0367 0.1105 0.3331 1.0000 1.0000 1.0000 1.0000 1.0000 0.0006 0.0017 0.0051 0.0153 0.0460 0.1386 0.4177 1.0000 1.0000 1.0000 1.0000 1.0000 0.0007 0.0021 0.0061 0.0178 0.0518 0.1473 0.4114 1.0000 1.0000 1.0000 1.0000 1.0000 1.0000 0.0006 0.0015 0.0034 0.0076 0.0165 0.0355 0.0747 0.1642 0.2861 0.1645 0.0749 0.0355 0.0165 0.0076 0.0034 0.0015 0.0006 1.0000 1.0000 1.0000 1.0000 1.0000 1.0000 0.4114 0.1473 0.0518 0.0178 0.0061 0.0021 0.0007 1.0000 1.0000 1.0000 1.0000 1.0000 0.4177 0.1386 0.0460 0.0153 0.0051 0.0017 0.0006 1.0000 1.0000 1.0000 1.0000 1.0000 0.3331 0.1105 0.0367 0.0122 0.0040 0.0013 0.0004 1.0000 1.0000 1.0000 1.0000 0.1539
0.2167 1.0000 1.0000 1.0000 1.0000 0.0006 0.0018 0.0055 0.0165 0.0496 0.1496 0.4507 1.0000 1.0000 1.0000 1.0000 1.0000 0.0008 0.0023 0.0069 0.0207 0.0622 0.1876 0.5652 1.0000 1.0000 1.0000 1.0000 1.0000 0.0009 0.0028 0.0084 0.0247 0.0719 0.2071 0.5882 1.0000 1.0000 1.0000 1.0000 1.0000 0.0004 0.0010 0.0024 0.0056 0.0125 0.0277 0.0602 0.1285 0.2861 0.4845 0.2861 0.1285 0.0602 0.0277 0.0125 0.0056 0.0024 0.0010 0.0004 1.0000 1.0000 1.0000 1.0000 1.0000 0.5882 0.2071 0.0719 0.0247 0.0084 0.0028 0.0009 1.0000 1.0000 1.0000 1.0000 1.0000 0.5652 0.1876 0.0622 0.0207 0.0069 0.0023 0.0008 1.0000 1.0000 1.0000 1.0000 1.0000 0.4507 0.1496 0.0496 0.0165 0.0055 0.0018 0.0006 1.0000 1.0000 1.0000 1.0000 0.2163
0.1542 1.0000 1.0000 1.0000 1.0000 0.0004 0.0013 0.0040 0.0122 0.0367 0.1105 0.3331 1.0000 1.0000 1.0000 1.0000 1.0000 0.0006 0.0017 0.0051 0.0153 0.0460 0.1386 0.4177 1.0000 1.0000 1.0000 1.0000 1.0000 0.0007 0.0021 0.0061 0.0178 0.0518 0.1473 0.4114 1.0000 1.0000 1.0000 1.0000 1.0000 1.0000 0.0006 0.0015 0.0034 0.0076 0.0165 0.0355 0.0749 0.1645 0.2861 0.1645 0.0749 0.0355 0.0165 0.0076 0.0034 0.0015 0.0006 1.0000 1.0000 1.0000 1.0000 1.0000 1.0000 0.4114 0.1473 0.0518 0.0178 0.0061 0.0021 0.0007 1.0000 1.0000 1.0000 1.0000 1.0000 0.4177 0.1386 0.0460 0.0153 0.0051 0.0017 0.0006 1.0000 1.0000 1.0000 1.0000 1.0000 0.3331 0.1105 0.0367 0.0122 0.0040 0.0013 0.0004 1.0000 1.0000 1.0000 1.0000 0.1539
0.0994 1.0000 1.0000 1.0000 1.0000 1.0000 0.0009 0.0027 0.0080 0.0242 0.0729 0.2196 0.6619 1.0000 1.0000 1.0000 1.0000 0.0004 0.0011 0.0033 0.0101 0.0303 0.0914 0.2754 0.8300 1.0000 1.0000 1.0000 1.0000 0.0005 0.0013 0.0039 0.0114 0.0326 0.0914 0.2509 0.6707 1.0000 1.0000 1.0000 1.0000 1.0000 1.0000 0.0008 0.0017 0.0037 0.0079 0.0167 0.0345 0.0749 0.1285 0.0749 0.0345 0.0167 0.0079 0.0037 0.0017 0.0008 1.0000 1.0000 1.0000 1.0000 1.0000 1.0000 0.6707 0.2509 0.0914 0.0326 0.0114 0.0039 0.0013 0.0005 1.0000 1.0000 1.0000 1.0000 0.8300 0.2754 0.0914 0.0303 0.0101 0.0033 0.0011 0.0004 1.0000 1.0000 1.0000 1.0000 0.6619 0.2196 0.0729 0.0242 0.0080 0.0027 0.0009 1.0000 1.0000 1.0000 1.0000 1.0000 0.0992
0.0674 1.0000 1.0000 1.0000 1.0000 1.0000 0.0006 0.0018 0.0054 0.0164 0.0494 0.1487 0.4482 1.0000 1.0000 1.0000 1.0000 1.0000 0.0008 0.0023 0.0068 0.0205 0.0619 0.1865 0.5620 1.0000 1.0000 1.0000 1.0000 1.0000 0.0009 0.0026 0.0074 0.0209 0.0576 0.1551 0.4068 1.0000 1.0000 1.0000 1.0000 1.0000 1.0000 0.0004 0.0009 0.0019 0.0039 0.0082 0.0167 0.0355 0.0602 0.0355 0.0167 0.0082 0.0039 0.0019 0.0009 0.0004 1.0000 1.0000 1.0000 1.0000 1.0000 1.0000 0.4068 0.1551 0.0576 0.0209 0.0074 0.0026 0.0009 1.0000 1.0000 1.0000 1.0000 1.0000 0.5620 0.1865 0.0619 0.0205 0.0068 0.0023 0.0008 1.0000 1.0000 1.0000 1.0000 1.0000 0.4482 0.1487 0.0494 0.0164 0.0054 0.0018 0.0006 1.0000 1.0000 1.0000 1.0000 1.0000 0.0674
0.0457 0.7293 1.0000 1.0000 1.0000 1.0000 0.0004 0.0012 0.0037 0.0111 0.0334 0.1007 0.3035 0.9145 1.0000 1.0000 1.0000 1.0000 0.0005 0.0015 0.0046 0.0139 0.0419 0.1263 0.3806 1.0000 1.0000 1.0000 1.0000 1.0000 0.0006 0.0017 0.0048 0.0132 0.0357 0.0942 0.2416 0.6053 1.0000 1.0000 1.0000 1.0000 1.0000 1.0000 0.0004 0.0009 0.0019 0.0039 0.0079 0.0165 0.0277 0.0165 0.0079 0.0039 0.0019 0.0009 0.0004 1.0000 1.0000 1.0000 1.0000 1.0000 1.0000 0.6053 0.2416 0.0942 0.0357 0.0132 0.0048 0.0017 0.0006 1.0000 1.0000 1.0000 1.0000 1.0000 0.3806 0.1263 0.0419 0.0139 0.0046 0.0015 0.0005 1.0000 1.0000 1.0000 1.0000 0.9145 0.3035 0.1007 0.0334 0.0111 0.0037 0.0012 0.0004 1.0000 1.0000 1.0000 1.0000 0.7293 0.0457
0.0310 0.4938 1.0000 1.0000 1.0000 1.0000 1.0000 0.0008 0.0025 0.0075 0.0226 0.0682 0.2055 0.6192 1.0000 1.0000 1.0000 1.0000 0.0003 0.0010 0.0031 0.0094 0.0284 0.0855 0.2577 0.7736 1.0000 1.0000 1.0000 1.0000 0.0004 0.0011 0.0030 0.0082 0.0218 0.0562 0.1410 0.3454 0.8268 1.0000 1.0000 1.0000 1.0000 1.0000 1.0000 0.0005 0.0009 0.0019 0.0037 0.0076 0.0125 0.0076 0.0037 0.0019 0.0009 0.0005 1.0000 1.0000 1.0000 1.0000 1.0000 1.0000 0.8268 0.3454 0.1410 0.0562 0.0218 0.0082 0.0030 0.0011 0.0004 1.0000 1.0000 1.0000 1.0000 0.7736 0.2577 0.0855 0.0284 0.0094 0.0031 0.0010 0.0003 1.0000 1.0000 1.0000 1.0000 0.6192 0.2055 0.0682 0.0226 0.0075 0.0025 0.0008 1.0000 1.0000 1.0000 1.0000 1.0000 0.4938 0.0310
