0.4269 0.4234 0.4194 0.4168 0.4134 0.4091 0.4038 0.3976 0.3900 0.3808 0.3692 0.3540 0.3361 0.3181 0.3059 0.3011 0.3006 0.3030 0.3078 0.3147 0.3234 0.3339 0.3457 0.3584 0.3714 0.3840 0.3953 0.4046 0.4117 0.4166 0.4196 0.4214 0.4223 0.4225 0.4219 0.4204 0.4180 0.4148 0.4108 0.4059 0.4000 0.3930 0.3844 0.3738 0.3601 0.3429 0.3244 0.3095 0.3022 0.3005 0.3017 0.3005 0.3022 0.3095 0.3244 0.3429 0.3601 0.3738 0.3844 0.3930 0.4000 0.4059 0.4108 0.4148 0.4180 0.4204 0.4219 0.4225 0.4223 0.4214 0.4196 0.4166 0.4117 0.4046 0.3953 0.3840 0.3714 0.3584 0.3457 0.3339 0.3234 0.3147 0.3078 0.3030 0.3006 0.3011 0.3059 0.3181 0.3361 0.3540 0.3692 0.3808 0.3900 0.3976 0.4038 0.4091 0.4134 0.4168 0.4194 0.4234 0.4269
0.4234 0.3969 0.3833 0.3713 0.3581 0.3431 0.3255 0.3044 0.2775 0.2445 0.2088 0.1834 0.1749 0.1774 0.1884 0.2021 0.2178 0.2356 0.2554 0.2773 0.3011 0.3261 0.3514 0.3753 0.3955 0.4095 0.4172 0.4202 0.4205 0.4190 0.4163 0.4126 0.4077 0.4017 0.3943 0.3854 0.3749 0.3627 0.3487 0.3322 0.3126 0.2882 0.2571 0.2218 0.1908 0.1764 0.1754 0.1837 0.1971 0.2123 0.2212 0.2123 0.1971 0.1837 0.1754 0.1764 0.1908 0.2218 0.2571 0.2882 0.3126 0.3322 0.3487 0.3627 0.3749 0.3854 0.3943 0.4017 0.4077 0.4126 0.4163 0.4190 0.4205 0.4202 0.4172 0.4095 0.3955 0.3753 0.3514 0.3261 0.3011 0.2773 0.2554 0.2356 0.2178 0.2021 0.1884 0.1774 0.1749 0.1834 0.2088 0.2445 0.2775 0.3044 0.3255 0.3431 0.3581 0.3713 0.3833 0.3969 0.4234
0.4194 0.3833 0.3618 0.3399 0.3163 0.2899 0.2566 0.2189 0.1891 0.1776 0.1785 0.1886 0.2024 0.2182 0.2360 0.2560 0.2780 0.3018 0.3269 0.3523 0.3762 0.3962 0.4099 0.4172 0.4199 0.4199 0.4182 0.4153 0.4114 0.4066 0.4009 0.3941 0.3861 0.3766 0.3654 0.3520 0.3362 0.3174 0.2942 0.2643 0.2299 0.1972 0.1799 0.1772 0.1840 0.1971 0.2121 0.2292 0.2487 0.2701 0.2828 0.2701 0.2487 0.2292 0.2121 0.1971 0.1840 0.1772 0.1799 0.1972 0.2299 0.2643 0.2942 0.3174 0.3362 0.3520 0.3654 0.3766 0.3861 0.3941 0.4009 0.4066 0.4114 0.4153 0.4182 0.4199 0.4199 0.4172 0.4099 0.3962 0.3762 0.3523 0.3269 0.3018 0.2780 0.2560 0.2360 0.2182 0.2024 0.1886 0.1785 0.1776 0.1891 0.2189 0.2566 0.2899 0.3163 0.3399 0.3618 0.3833 0.4194
0.4168 0.3713 0.3399 0.3035 0.2612 0.2099 0.1791 0.1754 0.1844 0.1986 0.2146 0.2325 0.2523 0.2740 0.2977 0.3226 0.3480 0.3724 0.3932 0.4080 0.4163 0.4197 0.4200 0.4185 0.4158 0.4121 0.4075 0.4019 0.3953 0.3876 0.3784 0.3674 0.3545 0.3391 0.3208 0.2986 0.2698 0.2360 0.2019 0.1816 0.1770 0.1821 0.1947 0.2094 0.2261 0.2449 0.2659 0.2887 0.3137 0.3391 0.3529 0.3391 0.3137 0.2887 0.2659 0.2449 0.2261 0.2094 0.1947 0.1821 0.1770 0.1816 0.2019 0.2360 0.2698 0.2986 0.3208 0.3391 0.3545 0.3674 0.3784 0.3876 0.3953 0.4019 0.4075 0.4121 0.4158 0.4185 0.4200 0.4197 0.4163 0.4080 0.3932 0.3724 0.3480 0.3226 0.2977 0.2740 0.2523 0.2325 0.2146 0.1986 0.1844 0.1754 0.1791 0.2099 0.2612 0.3035 0.3399 0.3713 0.4168
0.4134 0.3581 0.3163 0.2612 0.1941 0.1708 0.1839 0.2022 0.2222 0.2438 0.2670 0.2916 0.3172 0.3433 0.3682 0.3899 0.4060 0.4153 0.4194 0.4201 0.4189 0.4164 0.4128 0.4083 0.4029 0.3965 0.3890 0.3801 0.3694 0.3568 0.3419 0.3242 0.3027 0.2752 0.2420 0.2071 0.1838 0.1771 0.1806 0.1924 0.2067 0.2231 0.2416 0.2621 0.2847 0.3090 0.3343 0.3594 0.3829 0.4010 0.4080 0.4010 0.3829 0.3594 0.3343 0.3090 0.2847 0.2621 0.2416 0.2231 0.2067 0.1924 0.1806 0.1771 0.1838 0.2071 0.2420 0.2752 0.3027 0.3242 0.3419 0.3568 0.3694 0.3801 0.3890 0.3965 0.4029 0.4083 0.4128 0.4164 0.4189 0.4201 0.4194 0.4153 0.4060 0.3899 0.3682 0.3433 0.3172 0.2916 0.2670 0.2438 0.2222 0.2022 0.1839 0.1708 0.1941 0.2612 0.3163 0.3581 0.4134
0.4091 0.3431 0.2899 0.2099 0.1708 0.1887 0.2132 0.2404 0.2697 0.3001 0.3304 0.3592 0.3842 0.4028 0.4139 0.4189 0.4202 0.4192 0.4169 0.4135 0.4092 0.4039 0.3977 0.3904 0.3817 0.3714 0.3591 0.3447 0.3274 0.3067 0.2804 0.2480 0.2126 0.1866 0.1774 0.1793 0.1901 0.2041 0.2202 0.2383 0.2585 0.2807 0.3047 0.3299 0.3552 0.3788 0.3982 0.4110 0.4178 0.4199 0.4194 0.4199 0.4178 0.4110 0.3982 0.3788 0.3552 0.3299 0.3047 0.2807 0.2585 0.2383 0.2202 0.2041 0.1901 0.1793 0.1774 0.1866 0.2126 0.2480 0.2804 0.3067 0.3274 0.3447 0.3591 0.3714 0.3817 0.3904 0.3977 0.4039 0.4092 0.4135 0.4169 0.4192 0.4202 0.4189 0.4139 0.4028 0.3842 0.3592 0.3304 0.3001 0.2697 0.2404 0.2132 0.1887 0.1708 0.2099 0.2899 0.3431 0.4091
0.4038 0.3255 0.2566 0.1791 0.1839 0.2132 0.2472 0.2845 0.3231 0.3595 0.3894 0.4085 0.4173 0.4200 0.4196 0.4174 0.4142 0.4100 0.4049 0.3989 0.3917 0.3833 0.3733 0.3614 0.3473 0.3306 0.3106 0.2855 0.2538 0.2185 0.1898 0.1780 0.1783 0.1879 0.2016 0.2173 0.2350 0.2549 0.2768 0.3005 0.3256 0.3510 0.3750 0.3953 0.4093 0.4169 0.4198 0.4199 0.4183 0.4152 0.4123 0.4152 0.4183 0.4199 0.4198 0.4169 0.4093 0.3953 0.3750 0.3510 0.3256 0.3005 0.2768 0.2549 0.2350 0.2173 0.2016 0.1879 0.1783 0.1780 0.1898 0.2185 0.2538 0.2855 0.3106 0.3306 0.3473 0.3614 0.3733 0.3833 0.3917 0.3989 0.4049 0.4100 0.4142 0.4174 0.4196 0.4200 0.4173 0.4085 0.3894 0.3595 0.3231 0.2845 0.2472 0.2132 0.1839 0.1791 0.2566 0.3255 0.4038
0.3976 0.3044 0.2189 0.1754 0.2022 0.2404 0.2845 0.3310 0.3738 0.4038 0.4170 0.4201 0.4188 0.4157 0.4115 0.4064 0.4003 0.3933 0.3850 0.3752 0.3636 0.3499 0.3336 0.3143 0.2903 0.2595 0.2246 0.1936 0.1788 0.1776 0.1858 0.1991 0.2145 0.2318 0.2513 0.2729 0.2964 0.3212 0.3467 0.3711 0.3922 0.4074 0.4160 0.4196 0.4201 0.4187 0.4160 0.4123 0.4077 0.4019 0.3968 0.4019 0.4077 0.4123 0.4160 0.4187 0.4201 0.4196 0.4160 0.4074 0.3922 0.3711 0.3467 0.3212 0.2964 0.2729 0.2513 0.2318 0.2145 0.1991 0.1858 0.1776 0.1788 0.1936 0.2246 0.2595 0.2903 0.3143 0.3336 0.3499 0.3636 0.3752 0.3850 0.3933 0.4003 0.4064 0.4115 0.4157 0.4188 0.4201 0.4170 0.4038 0.3738 0.3310 0.2845 0.2404 0.2022 0.1754 0.2189 0.3044 0.3976
0.3900 0.2775 0.1891 0.1844 0.2222 0.2697 0.3231 0.3738 0.4075 0.4190 0.4195 0.4160 0.4108 0.4044 0.3969 0.3884 0.3784 0.3667 0.3531 0.3371 0.3182 0.2950 0.2652 0.2308 0.1979 0.1801 0.1772 0.1837 0.1967 0.2117 0.2287 0.2479 0.2691 0.2922 0.3169 0.3424 0.3671 0.3890 0.4053 0.4149 0.4192 0.4201 0.4190 0.4165 0.4130 0.4086 0.4032 0.3969 0.3894 0.3800 0.3718 0.3800 0.3894 0.3969 0.4032 0.4086 0.4130 0.4165 0.4190 0.4201 0.4192 0.4149 0.4053 0.3890 0.3671 0.3424 0.3169 0.2922 0.2691 0.2479 0.2287 0.2117 0.1967 0.1837 0.1772 0.1801 0.1979 0.2308 0.2652 0.2950 0.3182 0.3371 0.3531 0.3667 0.3784 0.3884 0.3969 0.4044 0.4108 0.4160 0.4195 0.4190 0.4075 0.3738 0.3231 0.2697 0.2222 0.1844 0.1891 0.2775 0.3900
0.3808 0.2445 0.1776 0.1986 0.2438 0.3001 0.3595 0.4038 0.4190 0.4190 0.4141 0.4070 0.3982 0.3878 0.3755 0.3612 0.3445 0.3252 0.3023 0.2735 0.2388 0.2033 0.1820 0.1770 0.1819 0.1944 0.2090 0.2257 0.2444 0.2653 0.2882 0.3126 0.3380 0.3630 0.3856 0.4030 0.4137 0.4188 0.4202 0.4193 0.4170 0.4137 0.4094 0.4042 0.3981 0.3908 0.3822 0.3720 0.3598 0.3445 0.3314 0.3445 0.3598 0.3720 0.3822 0.3908 0.3981 0.4042 0.4094 0.4137 0.4170 0.4193 0.4202 0.4188 0.4137 0.4030 0.3856 0.3630 0.3380 0.3126 0.2882 0.2653 0.2444 0.2257 0.2090 0.1944 0.1819 0.1770 0.1820 0.2033 0.2388 0.2735 0.3023 0.3252 0.3445 0.3612 0.3755 0.3878 0.3982 0.4070 0.4141 0.4190 0.4190 0.4038 0.3595 0.3001 0.2438 0.1986 0.1776 0.2445 0.3808
0.3692 0.2088 0.1785 0.2146 0.2670 0.3304 0.3894 0.4170 0.4195 0.4141 0.4056 0.3947 0.3811 0.3646 0.3447 0.3213 0.2935 0.2578 0.2170 0.1863 0.1765 0.1796 0.1915 0.2060 0.2225 0.2410 0.2616 0.2841 0.3084 0.3337 0.3589 0.3820 0.4005 0.4123 0.4182 0.4201 0.4196 0.4175 0.4143 0.4102 0.4052 0.3992 0.3921 0.3838 0.3738 0.3621 0.3481 0.3316 0.3117 0.2855 0.2622 0.2855 0.3117 0.3316 0.3481 0.3621 0.3738 0.3838 0.3921 0.3992 0.4052 0.4102 0.4143 0.4175 0.4196 0.4201 0.4182 0.4123 0.4005 0.3820 0.3589 0.3337 0.3084 0.2841 0.2616 0.2410 0.2225 0.2060 0.1915 0.1796 0.1765 0.1863 0.2170 0.2578 0.2935 0.3213 0.3447 0.3646 0.3811 0.3947 0.4056 0.4141 0.4195 0.4170 0.3894 0.3304 0.2670 0.2146 0.1785 0.2088 0.3692
0.3540 0.1834 0.1886 0.2324 0.2916 0.3592 0.4085 0.4201 0.4160 0.4070 0.3947 0.3788 0.3585 0.3332 0.3021 0.2626 0.2128 0.1800 0.1751 0.1849 0.2000 0.2170 0.2359 0.2567 0.2794 0.3037 0.3291 0.3545 0.3783 0.3978 0.4108 0.4176 0.4200 0.4198 0.4179 0.4149 0.4110 0.4061 0.4003 0.3934 0.3853 0.3757 0.3642 0.3507 0.3346 0.3154 0.2917 0.2613 0.2265 0.1947 0.1806 0.1947 0.2265 0.2613 0.2917 0.3154 0.3346 0.3507 0.3642 0.3757 0.3853 0.3934 0.4003 0.4061 0.4110 0.4149 0.4179 0.4198 0.4200 0.4176 0.4108 0.3978 0.3783 0.3545 0.3291 0.3037 0.2794 0.2567 0.2359 0.2170 0.2000 0.1849 0.1751 0.1800 0.2128 0.2626 0.3021 0.3332 0.3585 0.3788 0.3947 0.4070 0.4160 0.4201 0.4085 0.3592 0.2916 0.2325 0.1886 0.1834 0.3540
0.3361 0.1749 0.2024 0.2523 0.3172 0.3841 0.4173 0.4188 0.4108 0.3982 0.3811 0.3585 0.3291 0.2915 0.2396 0.1869 0.1724 0.1848 0.2027 0.2229 0.2452 0.2694 0.2951 0.3218 0.3485 0.3735 0.3944 0.4089 0.4167 0.4198 0.4200 0.4183 0.4155 0.4117 0.4070 0.4013 0.3947 0.3868 0.3774 0.3663 0.3532 0.3375 0.3190 0.2962 0.2668 0.2327 0.1993 0.1806 0.1772 0.1832 0.1899 0.1832 0.1772 0.1806 0.1993 0.2327 0.2668 0.2962 0.3190 0.3375 0.3532 0.3663 0.3774 0.3868 0.3947 0.4013 0.4070 0.4117 0.4155 0.4183 0.4200 0.4198 0.4167 0.4089 0.3944 0.3735 0.3485 0.3218 0.2951 0.2694 0.2452 0.2229 0.2027 0.1848 0.1724 0.1869 0.2396 0.2915 0.3291 0.3585 0.3811 0.3982 0.4108 0.4188 0.4173 0.3842 0.3172 0.2523 0.2024 0.1749 0.3361
0.3181 0.1774 0.2182 0.2740 0.3432 0.4028 0.4200 0.4157 0.4044 0.3878 0.3646 0.3332 0.2915 0.2313 0.1781 0.1756 0.1951 0.2179 0.2439 0.2723 0.3024 0.3330 0.3621 0.3872 0.4053 0.4153 0.4194 0.4201 0.4187 0.4161 0.4124 0.4079 0.4024 0.3959 0.3882 0.3791 0.3684 0.3556 0.3404 0.3224 0.3005 0.2723 0.2388 0.2042 0.1826 0.1770 0.1814 0.1936 0.2084 0.2249 0.2347 0.2249 0.2084 0.1936 0.1814 0.1770 0.1826 0.2042 0.2388 0.2723 0.3005 0.3224 0.3404 0.3556 0.3684 0.3791 0.3882 0.3959 0.4024 0.4079 0.4124 0.4161 0.4187 0.4201 0.4194 0.4153 0.4053 0.3872 0.3621 0.3330 0.3024 0.2723 0.2439 0.2179 0.1951 0.1756 0.1781 0.2313 0.2915 0.3332 0.3646 0.3878 0.4044 0.4157 0.4200 0.4028 0.3433 0.2740 0.2182 0.1774 0.3181
0.3059 0.1884 0.2360 0.2977 0.3682 0.4139 0.4196 0.4115 0.3969 0.3755 0.3447 0.3021 0.2396 0.1781 0.1778 0.2006 0.2279 0.2594 0.2939 0.3298 0.3640 0.3921 0.4099 0.4179 0.4201 0.4193 0.4169 0.4133 0.4089 0.4035 0.3972 0.3897 0.3808 0.3703 0.3579 0.3432 0.3257 0.3046 0.2776 0.2448 0.2096 0.1850 0.1772 0.1800 0.1913 0.2055 0.2217 0.2400 0.2608 0.2831 0.2960 0.2831 0.2608 0.2400 0.2217 0.2055 0.1913 0.1800 0.1772 0.1850 0.2096 0.2448 0.2776 0.3046 0.3257 0.3432 0.3579 0.3703 0.3808 0.3897 0.3972 0.4035 0.4089 0.4133 0.4169 0.4193 0.4201 0.4179 0.4099 0.3921 0.3640 0.3298 0.2939 0.2594 0.2279 0.2006 0.1778 0.1781 0.2396 0.3021 0.3447 0.3755 0.3969 0.4115 0.4196 0.4139 0.3682 0.2977 0.2360 0.1884 0.3059
0.3011 0.2021 0.2560 0.3226 0.3899 0.4189 0.4174 0.4064 0.3884 0.3612 0.3213 0.2626 0.1869 0.1756 0.2006 0.2314 0.2675 0.3075 0.3483 0.3843 0.4080 0.4180 0.4201 0.4185 0.4152 0.4108 0.4053 0.3990 0.3916 0.3829 0.3725 0.3603 0.3459 0.3289 0.3086 0.2827 0.2506 0.2153 0.1880 0.1776 0.1788 0.1891 0.2030 0.2188 0.2368 0.2568 0.2789 0.3028 0.3284 0.3535 0.3668 0.3535 0.3284 0.3028 0.2789 0.2568 0.2368 0.2188 0.2030 0.1891 0.1788 0.1776 0.1880 0.2153 0.2506 0.2827 0.3086 0.3289 0.3459 0.3603 0.3725 0.3829 0.3916 0.3990 0.4053 0.4108 0.4152 0.4185 0.4201 0.4180 0.4080 0.3843 0.3483 0.3075 0.2675 0.2314 0.2006 0.1756 0.1869 0.2626 0.3213 0.3612 0.3884 0.4064 0.4174 0.4189 0.3899 0.3226 0.2560 0.2021 0.3011
0.3006 0.2178 0.2780 0.3480 0.4060 0.4202 0.4142 0.4003 0.3784 0.3445 0.2935 0.2128 0.1724 0.1950 0.2279 0.2675 0.3121 0.3573 0.3947 0.4145 0.4199 0.4189 0.4151 0.4098 0.4034 0.3958 0.3868 0.3764 0.3642 0.3498 0.3330 0.3130 0.2883 0.2569 0.2215 0.1915 0.1783 0.1780 0.1869 0.2005 0.2160 0.2336 0.2532 0.2750 0.2986 0.3236 0.3490 0.3733 0.3942 0.4085 0.4133 0.4085 0.3942 0.3733 0.3490 0.3236 0.2986 0.2750 0.2532 0.2336 0.2160 0.2005 0.1869 0.1780 0.1783 0.1915 0.2215 0.2569 0.2883 0.3130 0.3330 0.3498 0.3642 0.3764 0.3868 0.3958 0.4034 0.4098 0.4151 0.4189 0.4199 0.4145 0.3946 0.3573 0.3121 0.2675 0.2279 0.1951 0.1724 0.2128 0.2935 0.3445 0.3784 0.4003 0.4142 0.4202 0.4060 0.3480 0.2780 0.2178 0.3006
0.3030 0.2356 0.3018 0.3724 0.4153 0.4192 0.4100 0.3933 0.3667 0.3252 0.2578 0.1800 0.1848 0.2179 0.2594 0.3075 0.3573 0.3977 0.4166 0.4200 0.4172 0.4118 0.4046 0.3959 0.3855 0.3731 0.3584 0.3413 0.3212 0.2972 0.2663 0.2303 0.1965 0.1793 0.1772 0.1847 0.1980 0.2131 0.2304 0.2497 0.2712 0.2945 0.3193 0.3447 0.3693 0.3908 0.4065 0.4155 0.4195 0.4200 0.4188 0.4200 0.4195 0.4155 0.4065 0.3908 0.3693 0.3447 0.3193 0.2945 0.2712 0.2497 0.2304 0.2131 0.1980 0.1847 0.1772 0.1793 0.1965 0.2303 0.2663 0.2972 0.3212 0.3413 0.3584 0.3731 0.3855 0.3959 0.4046 0.4118 0.4172 0.4200 0.4166 0.3977 0.3573 0.3075 0.2594 0.2179 0.1848 0.1800 0.2578 0.3252 0.3667 0.3933 0.4100 0.4192 0.4153 0.3724 0.3018 0.2356 0.3030
0.3078 0.2554 0.3269 0.3932 0.4194 0.4169 0.4049 0.3850 0.3531 0.3023 0.2170 0.1751 0.2027 0.2438 0.2939 0.3483 0.3946 0.4166 0.4199 0.4162 0.4095 0.4007 0.3897 0.3761 0.3596 0.3396 0.3160 0.2873 0.2500 0.2094 0.1826 0.1763 0.1816 0.1947 0.2098 0.2269 0.2460 0.2672 0.2904 0.3150 0.3404 0.3653 0.3874 0.4043 0.4144 0.4190 0.4202 0.4191 0.4168 0.4131 0.4097 0.4131 0.4168 0.4191 0.4202 0.4190 0.4144 0.4043 0.3874 0.3653 0.3404 0.3150 0.2904 0.2672 0.2460 0.2269 0.2098 0.1947 0.1816 0.1763 0.1826 0.2094 0.2500 0.2873 0.3160 0.3396 0.3596 0.3761 0.3897 0.4007 0.4095 0.4162 0.4199 0.4166 0.3946 0.3483 0.2939 0.2439 0.2027 0.1751 0.2170 0.3023 0.3531 0.3850 0.4049 0.4169 0.4194 0.3932 0.3269 0.2554 0.3078
0.3147 0.2773 0.3523 0.4080 0.4201 0.4135 0.3989 0.3752 0.3371 0.2735 0.1864 0.1850 0.2229 0.2722 0.3298 0.3843 0.4145 0.4200 0.4162 0.4087 0.3986 0.3856 0.3690 0.3482 0.3226 0.2912 0.2494 0.2024 0.1771 0.1763 0.1880 0.2035 0.2209 0.2404 0.2619 0.2852 0.3100 0.3356 0.3610 0.3839 0.4019 0.4131 0.4185 0.4201 0.4194 0.4172 0.4140 0.4098 0.4047 0.3982 0.3926 0.3982 0.4047 0.4098 0.4140 0.4172 0.4194 0.4201 0.4185 0.4131 0.4019 0.3839 0.3610 0.3356 0.3100 0.2852 0.2619 0.2404 0.2209 0.2035 0.1880 0.1763 0.1771 0.2024 0.2494 0.2912 0.3226 0.3482 0.3690 0.3856 0.3986 0.4087 0.4162 0.4200 0.4145 0.3843 0.3298 0.2723 0.2229 0.1849 0.1863 0.2735 0.3371 0.3752 0.3989 0.4135 0.4201 0.4080 0.3523 0.2773 0.3147
0.3234 0.3011 0.3762 0.4163 0.4189 0.4092 0.3917 0.3636 0.3182 0.2388 0.1765 0.2000 0.2452 0.3023 0.3639 0.4080 0.4199 0.4172 0.4095 0.3986 0.3841 0.3652 0.3408 0.3099 0.2699 0.2153 0.1779 0.1751 0.1895 0.2075 0.2279 0.2504 0.2749 0.3010 0.3280 0.3546 0.3791 0.3987 0.4115 0.4179 0.4201 0.4197 0.4177 0.4146 0.4106 0.4056 0.3997 0.3927 0.3845 0.3740 0.3651 0.3740 0.3845 0.3927 0.3997 0.4056 0.4106 0.4146 0.4177 0.4197 0.4201 0.4179 0.4115 0.3987 0.3791 0.3546 0.3280 0.3010 0.2749 0.2504 0.2279 0.2075 0.1895 0.1751 0.1779 0.2153 0.2699 0.3099 0.3408 0.3652 0.3841 0.3986 0.4095 0.4172 0.4199 0.4080 0.3640 0.3024 0.2452 0.2000 0.1765 0.2388 0.3182 0.3636 0.3917 0.4092 0.4189 0.4163 0.3762 0.3011 0.3234
0.3339 0.3261 0.3962 0.4197 0.4164 0.4039 0.3833 0.3499 0.2950 0.2033 0.1796 0.2170 0.2693 0.3329 0.3921 0.4180 0.4189 0.4118 0.4007 0.3856 0.3652 0.3382 0.3030 0.2551 0.1951 0.1715 0.1838 0.2035 0.2263 0.2521 0.2802 0.3099 0.3400 0.3683 0.3921 0.4082 0.4167 0.4198 0.4199 0.4182 0.4152 0.4113 0.4065 0.4008 0.3940 0.3860 0.3765 0.3652 0.3518 0.3349 0.3204 0.3349 0.3518 0.3652 0.3765 0.3860 0.3940 0.4008 0.4065 0.4113 0.4152 0.4182 0.4199 0.4198 0.4167 0.4082 0.3921 0.3683 0.3400 0.3099 0.2802 0.2521 0.2263 0.2035 0.1838 0.1715 0.1951 0.2551 0.3030 0.3382 0.3652 0.3856 0.4007 0.4118 0.4189 0.4180 0.3921 0.3330 0.2694 0.2170 0.1796 0.2033 0.2950 0.3499 0.3833 0.4039 0.4164 0.4197 0.3962 0.3261 0.3339
0.3457 0.3514 0.4099 0.4200 0.4128 0.3977 0.3733 0.3336 0.2652 0.1820 0.1914 0.2358 0.2951 0.3621 0.4099 0.4201 0.4151 0.4046 0.3897 0.3690 0.3408 0.3030 0.2498 0.1870 0.1721 0.1910 0.2146 0.2422 0.2732 0.3069 0.3411 0.3729 0.3979 0.4127 0.4188 0.4201 0.4188 0.4161 0.4123 0.4076 0.4020 0.3953 0.3875 0.3782 0.3673 0.3543 0.3389 0.3206 0.2982 0.2678 0.2429 0.2678 0.2982 0.3206 0.3389 0.3543 0.3673 0.3782 0.3875 0.3953 0.4020 0.4076 0.4123 0.4161 0.4188 0.4201 0.4188 0.4127 0.3979 0.3729 0.3411 0.3069 0.2732 0.2422 0.2146 0.1910 0.1721 0.1870 0.2498 0.3030 0.3408 0.3690 0.3897 0.4046 0.4151 0.4201 0.4099 0.3621 0.2951 0.2359 0.1915 0.1820 0.2652 0.3336 0.3733 0.3977 0.4128 0.4200 0.4099 0.3514 0.3457
0.3584 0.3753 0.4172 0.4185 0.4083 0.3904 0.3614 0.3143 0.2308 0.1769 0.2059 0.2566 0.3217 0.3872 0.4179 0.4185 0.4098 0.3959 0.3761 0.3482 0.3099 0.2551 0.1870 0.1731 0.1948 0.2216 0.2534 0.2893 0.3277 0.3650 0.3952 0.4127 0.4193 0.4199 0.4178 0.4142 0.4095 0.4039 0.3973 0.3895 0.3804 0.3696 0.3569 0.3418 0.3240 0.3024 0.2747 0.2415 0.2066 0.1835 0.1765 0.1835 0.2066 0.2415 0.2747 0.3024 0.3240 0.3418 0.3569 0.3696 0.3804 0.3895 0.3973 0.4039 0.4095 0.4142 0.4178 0.4199 0.4193 0.4127 0.3952 0.3650 0.3277 0.2893 0.2534 0.2216 0.1948 0.1731 0.1870 0.2551 0.3099 0.3482 0.3761 0.3959 0.4098 0.4185 0.4179 0.3872 0.3218 0.2567 0.2060 0.1770 0.2308 0.3143 0.3614 0.3904 0.4083 0.4185 0.4172 0.3753 0.3584
0.3714 0.3955 0.4199 0.4158 0.4029 0.3817 0.3473 0.2903 0.1979 0.1818 0.2224 0.2793 0.3484 0.4052 0.4201 0.4152 0.4034 0.3855 0.3596 0.3226 0.2699 0.1951 0.1721 0.1948 0.2241 0.2592 0.2992 0.3415 0.3805 0.4072 0.4182 0.4200 0.4178 0.4136 0.4081 0.4014 0.3936 0.3844 0.3735 0.3608 0.3458 0.3283 0.3073 0.2808 0.2480 0.2123 0.1863 0.1773 0.1796 0.1904 0.1978 0.1904 0.1796 0.1773 0.1863 0.2123 0.2480 0.2808 0.3073 0.3283 0.3458 0.3608 0.3735 0.3844 0.3936 0.4014 0.4081 0.4136 0.4178 0.4200 0.4182 0.4072 0.3805 0.3415 0.2992 0.2592 0.2241 0.1948 0.1721 0.1951 0.2699 0.3226 0.3596 0.3855 0.4034 0.4152 0.4201 0.4053 0.3485 0.2794 0.2225 0.1819 0.1979 0.2903 0.3473 0.3817 0.4029 0.4158 0.4199 0.3955 0.3714
0.3840 0.4095 0.4199 0.4121 0.3965 0.3714 0.3306 0.2595 0.1801 0.1944 0.2410 0.3037 0.3735 0.4153 0.4193 0.4108 0.3957 0.3731 0.3396 0.2912 0.2153 0.1715 0.1910 0.2216 0.2592 0.3025 0.3483 0.3888 0.4126 0.4198 0.4190 0.4150 0.4090 0.4016 0.3927 0.3820 0.3692 0.3542 0.3365 0.3156 0.2902 0.2576 0.2208 0.1904 0.1778 0.1782 0.1880 0.2017 0.2178 0.2355 0.2460 0.2355 0.2178 0.2017 0.1880 0.1782 0.1778 0.1904 0.2208 0.2576 0.2902 0.3156 0.3365 0.3542 0.3692 0.3820 0.3927 0.4016 0.4090 0.4150 0.4190 0.4198 0.4126 0.3888 0.3483 0.3025 0.2592 0.2216 0.1910 0.1715 0.2153 0.2912 0.3396 0.3731 0.3958 0.4108 0.4193 0.4153 0.3735 0.3037 0.2410 0.1944 0.1801 0.2595 0.3306 0.3714 0.3965 0.4121 0.4199 0.4095 0.3840
0.3953 0.4172 0.4182 0.4075 0.3890 0.3591 0.3106 0.2246 0.1772 0.2090 0.2616 0.3291 0.3944 0.4194 0.4169 0.4054 0.3868 0.3585 0.3161 0.2494 0.1779 0.1838 0.2146 0.2534 0.2992 0.3483 0.3913 0.4146 0.4201 0.4179 0.4125 0.4050 0.3957 0.3841 0.3700 0.3530 0.3325 0.3081 0.2777 0.2391 0.2004 0.1793 0.1767 0.1847 0.1984 0.2141 0.2317 0.2514 0.2735 0.2969 0.3103 0.2969 0.2735 0.2514 0.2317 0.2141 0.1984 0.1847 0.1767 0.1793 0.2004 0.2391 0.2777 0.3081 0.3325 0.3530 0.3700 0.3841 0.3957 0.4050 0.4125 0.4179 0.4201 0.4146 0.3913 0.3483 0.2992 0.2534 0.2146 0.1838 0.1779 0.2494 0.3160 0.3584 0.3868 0.4053 0.4169 0.4194 0.3944 0.3291 0.2616 0.2090 0.1772 0.2246 0.3106 0.3591 0.3890 0.4075 0.4182 0.4172 0.3953
0.4046 0.4202 0.4153 0.4019 0.3801 0.3447 0.2855 0.1936 0.1837 0.2257 0.2841 0.3545 0.4089 0.4201 0.4133 0.3990 0.3764 0.3414 0.2874 0.2025 0.1751 0.2035 0.2422 0.2893 0.3415 0.3888 0.4146 0.4201 0.4172 0.4108 0.4021 0.3909 0.3768 0.3591 0.3372 0.3105 0.2769 0.2326 0.1915 0.1753 0.1787 0.1920 0.2079 0.2259 0.2458 0.2678 0.2915 0.3166 0.3428 0.3675 0.3798 0.3675 0.3428 0.3166 0.2915 0.2678 0.2458 0.2259 0.2079 0.1920 0.1787 0.1753 0.1915 0.2326 0.2769 0.3105 0.3373 0.3591 0.3768 0.3909 0.4021 0.4108 0.4172 0.4201 0.4146 0.3888 0.3415 0.2893 0.2422 0.2035 0.1751 0.2024 0.2873 0.3413 0.3764 0.3990 0.4133 0.4201 0.4089 0.3545 0.2841 0.2257 0.1837 0.1936 0.2855 0.3447 0.3801 0.4019 0.4153 0.4202 0.4046
0.4117 0.4205 0.4114 0.3953 0.3694 0.3274 0.2538 0.1788 0.1967 0.2444 0.3084 0.3783 0.4167 0.4187 0.4089 0.3916 0.3642 0.3213 0.2502 0.1772 0.1895 0.2263 0.2732 0.3277 0.3805 0.4126 0.4201 0.4172 0.4102 0.4005 0.3879 0.3714 0.3504 0.3238 0.2904 0.2446 0.1947 0.1737 0.1795 0.1954 0.2137 0.2344 0.2572 0.2819 0.3081 0.3351 0.3613 0.3848 0.4030 0.4137 0.4166 0.4137 0.4030 0.3848 0.3613 0.3351 0.3081 0.2819 0.2572 0.2344 0.2137 0.1954 0.1795 0.1737 0.1947 0.2446 0.2904 0.3239 0.3504 0.3714 0.3879 0.4005 0.4102 0.4172 0.4201 0.4126 0.3805 0.3277 0.2732 0.2263 0.1895 0.1771 0.2500 0.3212 0.3642 0.3916 0.4089 0.4187 0.4167 0.3783 0.3084 0.2444 0.1967 0.1788 0.2538 0.3274 0.3694 0.3953 0.4114 0.4205 0.4117
0.4166 0.4190 0.4066 0.3876 0.3568 0.3067 0.2185 0.1776 0.2117 0.2653 0.3337 0.3978 0.4198 0.4161 0.4035 0.3829 0.3498 0.2972 0.2094 0.1763 0.2075 0.2521 0.3069 0.3650 0.4072 0.4198 0.4179 0.4108 0.4005 0.3868 0.3686 0.3448 0.3141 0.2739 0.2172 0.1769 0.1756 0.1925 0.2128 0.2360 0.2619 0.2899 0.3192 0.3485 0.3756 0.3973 0.4112 0.4179 0.4201 0.4194 0.4178 0.4194 0.4201 0.4179 0.4112 0.3973 0.3756 0.3485 0.3192 0.2899 0.2619 0.2360 0.2128 0.1925 0.1756 0.1769 0.2172 0.2739 0.3141 0.3448 0.3686 0.3868 0.4005 0.4108 0.4179 0.4198 0.4072 0.3650 0.3069 0.2521 0.2075 0.1763 0.2094 0.2972 0.3498 0.3829 0.4035 0.4161 0.4198 0.3978 0.3337 0.2653 0.2117 0.1776 0.2185 0.3067 0.3568 0.3876 0.4066 0.4190 0.4166
0.4196 0.4163 0.4009 0.3784 0.3419 0.2804 0.1898 0.1858 0.2287 0.2882 0.3589 0.4108 0.4200 0.4124 0.3972 0.3725 0.3330 0.2663 0.1826 0.1880 0.2279 0.2802 0.3411 0.3952 0.4182 0.4190 0.4125 0.4021 0.3879 0.3686 0.3429 0.3090 0.2630 0.2006 0.1716 0.1831 0.2039 0.2286 0.2567 0.2878 0.3207 0.3534 0.3825 0.4037 0.4152 0.4196 0.4200 0.4182 0.4152 0.4109 0.4071 0.4109 0.4152 0.4182 0.4200 0.4196 0.4152 0.4037 0.3825 0.3534 0.3207 0.2878 0.2567 0.2286 0.2039 0.1831 0.1716 0.2006 0.2630 0.3090 0.3429 0.3686 0.3879 0.4021 0.4125 0.4190 0.4182 0.3952 0.3411 0.2802 0.2279 0.1880 0.1826 0.2663 0.3330 0.3725 0.3972 0.4124 0.4200 0.4108 0.3589 0.2882 0.2287 0.1858 0.1898 0.2804 0.3419 0.3784 0.4009 0.4163 0.4196
0.4214 0.4126 0.3941 0.3674 0.3242 0.2480 0.1780 0.1991 0.2479 0.3126 0.3820 0.4176 0.4183 0.4079 0.3897 0.3603 0.3130 0.2303 0.1763 0.2035 0.2504 0.3099 0.3729 0.4127 0.4200 0.4150 0.4050 0.3909 0.3714 0.3448 0.3090 0.2591 0.1934 0.1711 0.1888 0.2128 0.2413 0.2741 0.3099 0.3466 0.3800 0.4042 0.4162 0.4200 0.4195 0.4169 0.4130 0.4081 0.4022 0.3949 0.3886 0.3949 0.4022 0.4081 0.4130 0.4169 0.4195 0.4200 0.4162 0.4042 0.3800 0.3466 0.3099 0.2741 0.2413 0.2128 0.1888 0.1711 0.1934 0.2591 0.3090 0.3448 0.3714 0.3909 0.4050 0.4150 0.4200 0.4127 0.3729 0.3099 0.2504 0.2035 0.1763 0.2303 0.3130 0.3603 0.3897 0.4079 0.4183 0.4176 0.3820 0.3126 0.2479 0.1991 0.1780 0.2480 0.3242 0.3674 0.3941 0.4126 0.4214
0.4223 0.4077 0.3861 0.3545 0.3027 0.2126 0.1783 0.2145 0.2691 0.3380 0.4005 0.4200 0.4155 0.4024 0.3808 0.3459 0.2883 0.1965 0.1816 0.2210 0.2749 0.3400 0.3979 0.4193 0.4178 0.4090 0.3957 0.3768 0.3504 0.3141 0.2630 0.1934 0.1714 0.1917 0.2183 0.2501 0.2869 0.3268 0.3658 0.3972 0.4144 0.4198 0.4194 0.4163 0.4118 0.4060 0.3991 0.3911 0.3815 0.3695 0.3592 0.3695 0.3815 0.3911 0.3991 0.4060 0.4118 0.4163 0.4194 0.4198 0.4144 0.3972 0.3658 0.3268 0.2869 0.2501 0.2183 0.1917 0.1714 0.1934 0.2630 0.3141 0.3504 0.3768 0.3957 0.4090 0.4178 0.4193 0.3979 0.3400 0.2749 0.2209 0.1816 0.1965 0.2883 0.3459 0.3808 0.4024 0.4155 0.4200 0.4005 0.3380 0.2691 0.2145 0.1783 0.2126 0.3027 0.3545 0.3861 0.4077 0.4223
0.4225 0.4017 0.3766 0.3391 0.2752 0.1866 0.1879 0.2318 0.2922 0.3630 0.4123 0.4198 0.4117 0.3959 0.3703 0.3289 0.2569 0.1793 0.1947 0.2404 0.3010 0.3683 0.4127 0.4199 0.4136 0.4016 0.3841 0.3591 0.3239 0.2739 0.2006 0.1711 0.1917 0.2202 0.2547 0.2947 0.3378 0.3784 0.4067 0.4183 0.4200 0.4172 0.4124 0.4060 0.3982 0.3889 0.3778 0.3646 0.3491 0.3295 0.3128 0.3295 0.3491 0.3646 0.3778 0.3889 0.3982 0.4060 0.4124 0.4172 0.4200 0.4183 0.4067 0.3784 0.3378 0.2947 0.2547 0.2202 0.1917 0.1711 0.2006 0.2739 0.3239 0.3591 0.3841 0.4016 0.4136 0.4199 0.4127 0.3683 0.3010 0.2404 0.1947 0.1793 0.2569 0.3289 0.3703 0.3959 0.4117 0.4198 0.4123 0.3630 0.2922 0.2318 0.1879 0.1866 0.2752 0.3391 0.3766 0.4017 0.4225
0.4219 0.3943 0.3654 0.3208 0.2420 0.1774 0.2016 0.2513 0.3169 0.3856 0.4182 0.4179 0.4070 0.3882 0.3579 0.3086 0.2215 0.1772 0.2098 0.2619 0.3279 0.3921 0.4188 0.4178 0.4081 0.3927 0.3700 0.3373 0.2904 0.2172 0.1716 0.1888 0.2183 0.2547 0.2973 0.3433 0.3853 0.4114 0.4197 0.4191 0.4148 0.4084 0.4003 0.3904 0.3781 0.3633 0.3455 0.3243 0.2987 0.2642 0.2355 0.2642 0.2987 0.3243 0.3455 0.3633 0.3781 0.3903 0.4003 0.4084 0.4148 0.4191 0.4197 0.4114 0.3853 0.3433 0.2973 0.2547 0.2183 0.1888 0.1716 0.2172 0.2904 0.3373 0.3700 0.3927 0.4081 0.4178 0.4188 0.3921 0.3280 0.2619 0.2098 0.1772 0.2215 0.3086 0.3579 0.3882 0.4070 0.4179 0.4182 0.3856 0.3169 0.2513 0.2016 0.1774 0.2420 0.3208 0.3654 0.3943 0.4219
0.4204 0.3854 0.3520 0.2986 0.2071 0.1793 0.2173 0.2729 0.3424 0.4030 0.4201 0.4149 0.4013 0.3791 0.3432 0.2827 0.1915 0.1847 0.2269 0.2851 0.3546 0.4082 0.4201 0.4142 0.4014 0.3820 0.3530 0.3105 0.2446 0.1769 0.1831 0.2128 0.2501 0.2947 0.3433 0.3874 0.4132 0.4200 0.4182 0.4128 0.4051 0.3954 0.3831 0.3677 0.3487 0.3254 0.2971 0.2598 0.2151 0.1830 0.1742 0.1830 0.2151 0.2598 0.2971 0.3254 0.3486 0.3677 0.3830 0.3954 0.4052 0.4128 0.4182 0.4200 0.4132 0.3874 0.3433 0.2947 0.2501 0.2128 0.1831 0.1769 0.2446 0.3105 0.3530 0.3820 0.4014 0.4142 0.4201 0.4082 0.3546 0.2852 0.2269 0.1847 0.1915 0.2827 0.3432 0.3791 0.4013 0.4149 0.4201 0.4030 0.3424 0.2729 0.2173 0.1793 0.2071 0.2986 0.3520 0.3854 0.4204
0.4180 0.3749 0.3362 0.2698 0.1838 0.1901 0.2350 0.2964 0.3671 0.4137 0.4196 0.4110 0.3947 0.3684 0.3257 0.2506 0.1783 0.1980 0.2460 0.3099 0.3790 0.4167 0.4188 0.4096 0.3936 0.3693 0.3325 0.2769 0.1947 0.1756 0.2039 0.2413 0.2869 0.3378 0.3853 0.4132 0.4201 0.4177 0.4115 0.4028 0.3915 0.3770 0.3586 0.3353 0.3062 0.2685 0.2186 0.1814 0.1747 0.1855 0.1941 0.1855 0.1747 0.1814 0.2186 0.2685 0.3062 0.3352 0.3585 0.3770 0.3915 0.4028 0.4115 0.4177 0.4201 0.4132 0.3853 0.3378 0.2869 0.2413 0.2039 0.1756 0.1947 0.2769 0.3325 0.3692 0.3936 0.4095 0.4188 0.4167 0.3791 0.3100 0.2460 0.1980 0.1783 0.2506 0.3257 0.3684 0.3947 0.4110 0.4196 0.4137 0.3671 0.2964 0.2350 0.1901 0.1838 0.2698 0.3362 0.3749 0.4180
0.4148 0.3627 0.3174 0.2360 0.1771 0.2041 0.2549 0.3212 0.3890 0.4188 0.4175 0.4061 0.3868 0.3556 0.3046 0.2153 0.1780 0.2132 0.2672 0.3356 0.3987 0.4198 0.4161 0.4039 0.3844 0.3542 0.3081 0.2326 0.1737 0.1925 0.2286 0.2741 0.3268 0.3784 0.4114 0.4200 0.4177 0.4111 0.4016 0.3891 0.3727 0.3514 0.3242 0.2893 0.2403 0.1894 0.1726 0.1835 0.2019 0.2227 0.2352 0.2227 0.2019 0.1835 0.1726 0.1895 0.2402 0.2892 0.3241 0.3514 0.3727 0.3891 0.4016 0.4111 0.4177 0.4200 0.4114 0.3784 0.3268 0.2741 0.2286 0.1925 0.1737 0.2326 0.3081 0.3542 0.3844 0.4039 0.4161 0.4198 0.3987 0.3356 0.2672 0.2131 0.1780 0.2153 0.3046 0.3556 0.3868 0.4061 0.4175 0.4188 0.3890 0.3212 0.2549 0.2041 0.1771 0.2360 0.3174 0.3627 0.4148
0.4108 0.3487 0.2942 0.2019 0.1806 0.2202 0.2768 0.3467 0.4053 0.4202 0.4143 0.4003 0.3774 0.3404 0.2776 0.1880 0.1869 0.2304 0.2904 0.3609 0.4115 0.4199 0.4123 0.3973 0.3736 0.3365 0.2777 0.1915 0.1795 0.2128 0.2567 0.3099 0.3658 0.4067 0.4197 0.4182 0.4115 0.4016 0.3883 0.3704 0.3470 0.3163 0.2759 0.2175 0.1761 0.1765 0.1949 0.2170 0.2430 0.2716 0.2882 0.2716 0.2431 0.2170 0.1950 0.1765 0.1761 0.2175 0.2758 0.3163 0.3470 0.3704 0.3883 0.4016 0.4115 0.4182 0.4197 0.4067 0.3658 0.3099 0.2567 0.2128 0.1795 0.1915 0.2777 0.3365 0.3735 0.3973 0.4123 0.4199 0.4115 0.3610 0.2904 0.2304 0.1869 0.1880 0.2776 0.3404 0.3774 0.4003 0.4143 0.4202 0.4053 0.3467 0.2768 0.2202 0.1806 0.2019 0.2942 0.3487 0.4108
0.4059 0.3322 0.2643 0.1816 0.1924 0.2383 0.3005 0.3711 0.4149 0.4193 0.4102 0.3934 0.3663 0.3224 0.2448 0.1776 0.2005 0.2498 0.3150 0.3839 0.4179 0.4182 0.4076 0.3896 0.3609 0.3157 0.2391 0.1753 0.1954 0.2360 0.2878 0.3466 0.3972 0.4183 0.4191 0.4128 0.4028 0.3891 0.3704 0.3455 0.3122 0.2671 0.2037 0.1716 0.1830 0.2046 0.2304 0.2604 0.2944 0.3296 0.3487 0.3297 0.2946 0.2605 0.2305 0.2047 0.1831 0.1716 0.2037 0.2671 0.3122 0.3455 0.3704 0.3891 0.4028 0.4128 0.4191 0.4183 0.3972 0.3466 0.2878 0.2360 0.1954 0.1753 0.2391 0.3156 0.3608 0.3895 0.4076 0.4182 0.4179 0.3839 0.3150 0.2497 0.2005 0.1776 0.2448 0.3224 0.3663 0.3934 0.4102 0.4193 0.4149 0.3711 0.3005 0.2383 0.1924 0.1816 0.2643 0.3322 0.4059
0.4000 0.3126 0.2299 0.1770 0.2067 0.2585 0.3256 0.3922 0.4192 0.4170 0.4052 0.3853 0.3532 0.3005 0.2096 0.1788 0.2160 0.2712 0.3404 0.4018 0.4201 0.4152 0.4020 0.3804 0.3460 0.2903 0.2004 0.1787 0.2137 0.2619 0.3207 0.3800 0.4144 0.4200 0.4148 0.4052 0.3915 0.3727 0.3470 0.3122 0.2641 0.1975 0.1709 0.1877 0.2119 0.2411 0.2750 0.3124 0.3516 0.3857 0.3997 0.3857 0.3517 0.3125 0.2751 0.2412 0.2120 0.1877 0.1709 0.1975 0.2641 0.3122 0.3470 0.3727 0.3915 0.4052 0.4148 0.4200 0.4144 0.3800 0.3207 0.2619 0.2137 0.1787 0.2004 0.2902 0.3458 0.3804 0.4020 0.4152 0.4201 0.4019 0.3404 0.2712 0.2160 0.1788 0.2096 0.3005 0.3532 0.3853 0.4052 0.4170 0.4192 0.3922 0.3256 0.2585 0.2067 0.1770 0.2299 0.3126 0.4000
0.3930 0.2882 0.1972 0.1821 0.2231 0.2807 0.3510 0.4074 0.4201 0.4137 0.3992 0.3757 0.3375 0.2723 0.1850 0.1891 0.2336 0.2945 0.3653 0.4131 0.4197 0.4113 0.3953 0.3696 0.3284 0.2576 0.1793 0.1920 0.2344 0.2899 0.3534 0.4042 0.4198 0.4172 0.4084 0.3954 0.3770 0.3514 0.3163 0.2671 0.1975 0.1709 0.1901 0.2164 0.2485 0.2857 0.3265 0.3669 0.3995 0.4156 0.4183 0.4156 0.3995 0.3670 0.3267 0.2858 0.2486 0.2165 0.1901 0.1709 0.1975 0.2671 0.3163 0.3514 0.3770 0.3954 0.4084 0.4172 0.4198 0.4042 0.3534 0.2899 0.2344 0.1920 0.1793 0.2576 0.3283 0.3696 0.3953 0.4113 0.4197 0.4131 0.3653 0.2945 0.2336 0.1891 0.1850 0.2723 0.3375 0.3757 0.3992 0.4137 0.4201 0.4074 0.3510 0.2807 0.2231 0.1821 0.1972 0.2882 0.3930
0.3844 0.2571 0.1799 0.1947 0.2416 0.3047 0.3750 0.4160 0.4190 0.4094 0.3921 0.3642 0.3190 0.2388 0.1772 0.2030 0.2532 0.3193 0.3874 0.4185 0.4177 0.4065 0.3875 0.3569 0.3073 0.2208 0.1767 0.2079 0.2572 0.3192 0.3825 0.4162 0.4194 0.4124 0.4003 0.3830 0.3585 0.3241 0.2758 0.2037 0.1709 0.1901 0.2180 0.2522 0.2923 0.3359 0.3774 0.4067 0.4187 0.4197 0.4171 0.4197 0.4187 0.4068 0.3776 0.3360 0.2924 0.2523 0.2180 0.1901 0.1709 0.2037 0.2758 0.3241 0.3585 0.3830 0.4003 0.4124 0.4194 0.4162 0.3825 0.3192 0.2572 0.2079 0.1767 0.2208 0.3073 0.3569 0.3875 0.4065 0.4177 0.4185 0.3874 0.3193 0.2532 0.2030 0.1772 0.2388 0.3190 0.3642 0.3921 0.4094 0.4190 0.4160 0.3750 0.3047 0.2416 0.1947 0.1799 0.2571 0.3844
0.3738 0.2218 0.1772 0.2094 0.2621 0.3299 0.3953 0.4196 0.4165 0.4042 0.3838 0.3507 0.2962 0.2042 0.1800 0.2188 0.2750 0.3447 0.4043 0.4201 0.4146 0.4008 0.3782 0.3418 0.2808 0.1904 0.1847 0.2259 0.2819 0.3485 0.4037 0.4200 0.4163 0.4060 0.3903 0.3677 0.3352 0.2892 0.2175 0.1716 0.1877 0.2165 0.2523 0.2945 0.3405 0.3833 0.4107 0.4196 0.4191 0.4142 0.4089 0.4142 0.4191 0.4196 0.4107 0.3834 0.3405 0.2945 0.2523 0.2165 0.1877 0.1716 0.2175 0.2892 0.3352 0.3677 0.3903 0.4060 0.4163 0.4200 0.4037 0.3485 0.2819 0.2259 0.1847 0.1904 0.2808 0.3418 0.3782 0.4008 0.4146 0.4201 0.4043 0.3447 0.2750 0.2188 0.1800 0.2042 0.2962 0.3507 0.3838 0.4042 0.4165 0.4196 0.3953 0.3299 0.2621 0.2094 0.1772 0.2218 0.3738
0.3601 0.1908 0.1840 0.2261 0.2847 0.3552 0.4093 0.4201 0.4130 0.3981 0.3738 0.3346 0.2668 0.1826 0.1913 0.2368 0.2986 0.3693 0.4144 0.4194 0.4106 0.3940 0.3673 0.3240 0.2480 0.1778 0.1984 0.2458 0.3081 0.3756 0.4152 0.4195 0.4118 0.3982 0.3781 0.3486 0.3062 0.2402 0.1761 0.1831 0.2120 0.2486 0.2924 0.3405 0.3852 0.4123 0.4199 0.4184 0.4129 0.4044 0.3965 0.4044 0.4129 0.4183 0.4200 0.4123 0.3852 0.3405 0.2924 0.2486 0.2120 0.1831 0.1761 0.2402 0.3062 0.3486 0.3781 0.3982 0.4118 0.4195 0.4152 0.3756 0.3081 0.2458 0.1984 0.1778 0.2480 0.3240 0.3673 0.3940 0.4106 0.4194 0.4144 0.3693 0.2986 0.2368 0.1913 0.1826 0.2668 0.3346 0.3738 0.3981 0.4130 0.4201 0.4093 0.3552 0.2847 0.2261 0.1840 0.1908 0.3601
0.3429 0.1764 0.1971 0.2449 0.3090 0.3788 0.4169 0.4187 0.4086 0.3908 0.3621 0.3154 0.2327 0.1770 0.2055 0.2568 0.3236 0.3908 0.4190 0.4172 0.4056 0.3860 0.3543 0.3024 0.2123 0.1782 0.2141 0.2678 0.3351 0.3973 0.4196 0.4169 0.4060 0.3889 0.3633 0.3254 0.2685 0.1895 0.1765 0.2047 0.2412 0.2858 0.3360 0.3834 0.4123 0.4200 0.4179 0.4119 0.4032 0.3907 0.3792 0.3907 0.4031 0.4118 0.4179 0.4200 0.4123 0.3834 0.3360 0.2858 0.2412 0.2047 0.1765 0.1895 0.2685 0.3254 0.3633 0.3889 0.4060 0.4169 0.4196 0.3973 0.3351 0.2678 0.2141 0.1782 0.2123 0.3024 0.3543 0.3860 0.4056 0.4172 0.4190 0.3908 0.3236 0.2568 0.2055 0.1770 0.2327 0.3154 0.3621 0.3908 0.4086 0.4187 0.4169 0.3788 0.3090 0.2449 0.1971 0.1764 0.3429
0.3244 0.1754 0.2121 0.2659 0.3343 0.3982 0.4198 0.4160 0.4032 0.3822 0.3481 0.2917 0.1993 0.1814 0.2217 0.2789 0.3490 0.4065 0.4202 0.4140 0.3997 0.3765 0.3389 0.2747 0.1863 0.1880 0.2317 0.2915 0.3613 0.4112 0.4200 0.4130 0.3991 0.3778 0.3455 0.2971 0.2186 0.1726 0.1950 0.2305 0.2751 0.3267 0.3776 0.4107 0.4199 0.4179 0.4115 0.4021 0.3897 0.3718 0.3551 0.3717 0.3897 0.4021 0.4115 0.4179 0.4200 0.4107 0.3776 0.3267 0.2751 0.2305 0.1950 0.1726 0.2186 0.2971 0.3455 0.3778 0.3991 0.4130 0.4200 0.4112 0.3613 0.2915 0.2317 0.1880 0.1863 0.2747 0.3389 0.3765 0.3997 0.4140 0.4202 0.4065 0.3490 0.2789 0.2217 0.1814 0.1993 0.2917 0.3481 0.3822 0.4032 0.4160 0.4198 0.3982 0.3343 0.2659 0.2121 0.1754 0.3244
0.3095 0.1837 0.2292 0.2887 0.3594 0.4110 0.4199 0.4123 0.3969 0.3720 0.3316 0.2613 0.1806 0.1936 0.2400 0.3028 0.3733 0.4155 0.4191 0.4098 0.3927 0.3652 0.3206 0.2415 0.1773 0.2017 0.2514 0.3166 0.3848 0.4179 0.4182 0.4081 0.3911 0.3646 0.3243 0.2598 0.1814 0.1835 0.2170 0.2605 0.3125 0.3670 0.4068 0.4196 0.4183 0.4118 0.4021 0.3890 0.3714 0.3459 0.3223 0.3458 0.3714 0.3890 0.4021 0.4118 0.4183 0.4196 0.4068 0.3670 0.3125 0.2605 0.2170 0.1835 0.1814 0.2598 0.3243 0.3646 0.3911 0.4081 0.4182 0.4179 0.3848 0.3166 0.2514 0.2017 0.1773 0.2415 0.3206 0.3652 0.3927 0.4098 0.4191 0.4155 0.3733 0.3028 0.2400 0.1936 0.1806 0.2613 0.3316 0.3720 0.3969 0.4123 0.4199 0.4110 0.3594 0.2887 0.2292 0.1837 0.3095
0.3022 0.1971 0.2487 0.3137 0.3829 0.4178 0.4183 0.4077 0.3894 0.3598 0.3117 0.2265 0.1772 0.2084 0.2608 0.3284 0.3942 0.4195 0.4168 0.4047 0.3845 0.3518 0.2982 0.2066 0.1796 0.2178 0.2735 0.3428 0.4030 0.4201 0.4152 0.4022 0.3815 0.3491 0.2987 0.2151 0.1747 0.2019 0.2431 0.2946 0.3517 0.3995 0.4187 0.4191 0.4129 0.4031 0.3897 0.3714 0.3468 0.3110 0.2779 0.3109 0.3468 0.3714 0.3897 0.4031 0.4129 0.4191 0.4187 0.3995 0.3517 0.2946 0.2431 0.2019 0.1747 0.2151 0.2987 0.3491 0.3815 0.4022 0.4152 0.4201 0.4030 0.3428 0.2735 0.2178 0.1796 0.2066 0.2982 0.3518 0.3845 0.4047 0.4168 0.4195 0.3942 0.3284 0.2608 0.2084 0.1772 0.2265 0.3117 0.3598 0.3894 0.4077 0.4183 0.4178 0.3829 0.3137 0.2487 0.1971 0.3022
0.3005 0.2123 0.2702 0.3391 0.4010 0.4199 0.4152 0.4019 0.3800 0.3445 0.2855 0.1947 0.1832 0.2249 0.2831 0.3535 0.4085 0.4200 0.4131 0.3982 0.3740 0.3349 0.2678 0.1835 0.1904 0.2355 0.2969 0.3675 0.4137 0.4194 0.4109 0.3949 0.3695 0.3295 0.2642 0.1830 0.1855 0.2227 0.2716 0.3297 0.3857 0.4156 0.4197 0.4142 0.4044 0.3907 0.3717 0.3458 0.3109 0.2610 0.2159 0.2608 0.3109 0.3458 0.3717 0.3907 0.4044 0.4142 0.4197 0.4156 0.3857 0.3297 0.2716 0.2227 0.1855 0.1830 0.2642 0.3295 0.3695 0.3949 0.4109 0.4194 0.4137 0.3675 0.2969 0.2355 0.1904 0.1835 0.2678 0.3349 0.3740 0.3982 0.4131 0.4200 0.4085 0.3535 0.2831 0.2249 0.1832 0.1947 0.2855 0.3445 0.3800 0.4019 0.4152 0.4199 0.4010 0.3391 0.2701 0.2123 0.3005
0.3017 0.2212 0.2829 0.3529 0.4080 0.4194 0.4123 0.3968 0.3718 0.3314 0.2622 0.1806 0.1899 0.2347 0.2960 0.3668 0.4133 0.4188 0.4097 0.3926 0.3651 0.3204 0.2429 0.1765 0.1978 0.2460 0.3103 0.3798 0.4166 0.4178 0.4071 0.3886 0.3592 0.3128 0.2355 0.1742 0.1941 0.2352 0.2882 0.3487 0.3997 0.4183 0.4171 0.4089 0.3965 0.3792 0.3551 0.3222 0.2779 0.2159 0.1731 0.2159 0.2779 0.3222 0.3551 0.3792 0.3965 0.4089 0.4171 0.4183 0.3997 0.3487 0.2882 0.2352 0.1941 0.1742 0.2355 0.3128 0.3592 0.3886 0.4071 0.4178 0.4166 0.3798 0.3103 0.2460 0.1978 0.1765 0.2429 0.3204 0.3651 0.3926 0.4097 0.4188 0.4133 0.3668 0.2960 0.2347 0.1899 0.1806 0.2622 0.3314 0.3718 0.3968 0.4123 0.4194 0.4080 0.3529 0.2828 0.2212 0.3017
0.3005 0.2123 0.2702 0.3391 0.4010 0.4199 0.4152 0.4019 0.3800 0.3445 0.2855 0.1947 0.1832 0.2249 0.2831 0.3535 0.4085 0.4200 0.4131 0.3982 0.3740 0.3349 0.2678 0.1835 0.1904 0.2355 0.2969 0.3675 0.4137 0.4194 0.4109 0.3949 0.3695 0.3295 0.2642 0.1830 0.1855 0.2227 0.2716 0.3297 0.3857 0.4156 0.4197 0.4142 0.4044 0.3907 0.3717 0.3458 0.3109 0.2608 0.2159 0.2608 0.3109 0.3458 0.3717 0.3907 0.4044 0.4142 0.4197 0.4156 0.3857 0.3297 0.2716 0.2227 0.1855 0.1830 0.2642 0.3295 0.3695 0.3949 0.4109 0.4194 0.4137 0.3675 0.2969 0.2355 0.1904 0.1835 0.2678 0.3349 0.3740 0.3982 0.4131 0.4200 0.4085 0.3535 0.2831 0.2249 0.1832 0.1947 0.2855 0.3445 0.3800 0.4019 0.4152 0.4199 0.4010 0.3391 0.2701 0.2123 0.3005
0.3022 0.1971 0.2487 0.3137 0.3829 0.4178 0.4183 0.4077 0.3894 0.3598 0.3117 0.2265 0.1772 0.2084 0.2608 0.3284 0.3942 0.4195 0.4168 0.4047 0.3845 0.3518 0.2982 0.2066 0.1796 0.2178 0.2735 0.3428 0.4030 0.4201 0.4152 0.4022 0.3815 0.3491 0.2987 0.2151 0.1747 0.2019 0.2431 0.2946 0.3517 0.3995 0.4187 0.4191 0.4129 0.4031 0.3897 0.3714 0.3468 0.3109 0.2779 0.3109 0.3468 0.3714 0.3897 0.4031 0.4129 0.4191 0.4187 0.3995 0.3517 0.2946 0.2431 0.2019 0.1747 0.2151 0.2987 0.3491 0.3815 0.4022 0.4152 0.4201 0.4030 0.3428 0.2735 0.2178 0.1796 0.2066 0.2982 0.3518 0.3845 0.4047 0.4168 0.4195 0.3942 0.3284 0.2608 0.2084 0.1772 0.2265 0.3117 0.3598 0.3894 0.4077 0.4183 0.4178 0.3829 0.3137 0.2487 0.1971 0.3022
0.3095 0.1837 0.2292 0.2887 0.3594 0.4110 0.4199 0.4123 0.3969 0.3720 0.3316 0.2613 0.1806 0.1936 0.2400 0.3028 0.3733 0.4155 0.4191 0.4098 0.3927 0.3652 0.3206 0.2415 0.1773 0.2017 0.2514 0.3166 0.3848 0.4179 0.4182 0.4081 0.3911 0.3646 0.3243 0.2598 0.1814 0.1835 0.2170 0.2605 0.3125 0.3670 0.4068 0.4196 0.4183 0.4118 0.4021 0.3890 0.3714 0.3458 0.3222 0.3458 0.3714 0.3890 0.4021 0.4118 0.4183 0.4196 0.4068 0.3670 0.3125 0.2605 0.2170 0.1835 0.1814 0.2598 0.3243 0.3646 0.3911 0.4081 0.4182 0.4179 0.3848 0.3166 0.2514 0.2017 0.1773 0.2415 0.3206 0.3652 0.3927 0.4098 0.4191 0.4155 0.3733 0.3028 0.2400 0.1936 0.1806 0.2613 0.3316 0.3720 0.3969 0.4123 0.4199 0.4110 0.3594 0.2887 0.2292 0.1837 0.3095
0.3244 0.1754 0.2121 0.2659 0.3343 0.3982 0.4198 0.4160 0.4032 0.3822 0.3481 0.2917 0.1993 0.1814 0.2217 0.2789 0.3490 0.4065 0.4202 0.4140 0.3997 0.3765 0.3389 0.2747 0.1863 0.1880 0.2317 0.2915 0.3613 0.4112 0.4200 0.4130 0.3991 0.3778 0.3455 0.2971 0.2186 0.1726 0.1950 0.2305 0.2751 0.3267 0.3776 0.4107 0.4200 0.4179 0.4115 0.4021 0.3897 0.3717 0.3551 0.3717 0.3897 0.4021 0.4115 0.4179 0.4200 0.4107 0.3776 0.3267 0.2751 0.2305 0.1950 0.1726 0.2186 0.2971 0.3455 0.3778 0.3991 0.4130 0.4200 0.4112 0.3613 0.2915 0.2317 0.1880 0.1863 0.2747 0.3389 0.3765 0.3997 0.4140 0.4202 0.4065 0.3490 0.2789 0.2217 0.1814 0.1993 0.2917 0.3481 0.3822 0.4032 0.4160 0.4198 0.3982 0.3343 0.2659 0.2121 0.1754 0.3244
0.3429 0.1764 0.1971 0.2449 0.3090 0.3788 0.4169 0.4187 0.4086 0.3908 0.3621 0.3154 0.2327 0.1770 0.2055 0.2568 0.3236 0.3908 0.4190 0.4172 0.4056 0.3860 0.3543 0.3024 0.2123 0.1782 0.2141 0.2678 0.3351 0.3973 0.4196 0.4169 0.4060 0.3889 0.3633 0.3254 0.2685 0.1895 0.1765 0.2047 0.2412 0.2858 0.3360 0.3834 0.4123 0.4200 0.4179 0.4118 0.4031 0.3907 0.3792 0.3907 0.4031 0.4118 0.4179 0.4200 0.4123 0.3834 0.3360 0.2858 0.2412 0.2047 0.1765 0.1895 0.2685 0.3254 0.3633 0.3889 0.4060 0.4169 0.4196 0.3973 0.3351 0.2678 0.2141 0.1782 0.2123 0.3024 0.3543 0.3860 0.4056 0.4172 0.4190 0.3908 0.3236 0.2568 0.2055 0.1770 0.2327 0.3154 0.3621 0.3908 0.4086 0.4187 0.4169 0.3788 0.3090 0.2449 0.1971 0.1764 0.3429
