0.4080 0.4113 0.4178 0.4206 0.4219 0.4225 0.4223 0.4213 0.4194 0.4167 0.4131 0.4087 0.4034 0.3970 0.3893 0.3799 0.3682 0.3527 0.3346 0.3169 0.3052 0.3010 0.3007 0.3033 0.3082 0.3153 0.3242 0.3347 0.3466 0.3594 0.3724 0.3849 0.3961 0.4053 0.4121 0.4169 0.4198 0.4215 0.4223 0.4225 0.4218 0.4202 0.4178 0.4145 0.4104 0.4055 0.3995 0.3924 0.3838 0.3717 0.3602 0.3717 0.3838 0.3924 0.3995 0.4055 0.4104 0.4145 0.4178 0.4202 0.4218 0.4225 0.4223 0.4215 0.4198 0.4169 0.4121 0.4053 0.3961 0.3849 0.3724 0.3594 0.3466 0.3347 0.3242 0.3153 0.3082 0.3033 0.3007 0.3010 0.3052 0.3169 0.3346 0.3527 0.3682 0.3799 0.3893 0.3970 0.4034 0.4087 0.4131 0.4167 0.4194 0.4213 0.4223 0.4225 0.4219 0.4206 0.4178 0.4113 0.4080
0.4113 0.4223 0.4183 0.4149 0.4106 0.4052 0.3986 0.3905 0.3809 0.3697 0.3566 0.3416 0.3239 0.3024 0.2749 0.2416 0.2063 0.1822 0.1748 0.1780 0.1894 0.2032 0.2191 0.2370 0.2571 0.2791 0.3030 0.3281 0.3533 0.3771 0.3968 0.4103 0.4175 0.4203 0.4204 0.4189 0.4161 0.4122 0.4073 0.4012 0.3937 0.3847 0.3740 0.3617 0.3475 0.3308 0.3109 0.2861 0.2546 0.2178 0.1924 0.2178 0.2546 0.2861 0.3109 0.3308 0.3475 0.3617 0.3740 0.3847 0.3937 0.4012 0.4073 0.4122 0.4161 0.4189 0.4204 0.4203 0.4175 0.4103 0.3968 0.3771 0.3533 0.3281 0.3030 0.2791 0.2571 0.2370 0.2191 0.2032 0.1894 0.1780 0.1748 0.1822 0.2063 0.2416 0.2749 0.3024 0.3239 0.3416 0.3566 0.3697 0.3809 0.3905 0.3986 0.4052 0.4106 0.4149 0.4183 0.4223 0.4113
0.4178 0.4183 0.4097 0.4017 0.3930 0.3835 0.3726 0.3601 0.3455 0.3283 0.3077 0.2817 0.2494 0.2140 0.1873 0.1775 0.1791 0.1896 0.2036 0.2195 0.2375 0.2576 0.2798 0.3038 0.3289 0.3543 0.3780 0.3975 0.4107 0.4175 0.4200 0.4198 0.4180 0.4150 0.4110 0.4062 0.4004 0.3935 0.3854 0.3758 0.3644 0.3509 0.3349 0.3157 0.2921 0.2618 0.2271 0.1952 0.1794 0.1774 0.1801 0.1774 0.1794 0.1952 0.2271 0.2618 0.2921 0.3157 0.3349 0.3509 0.3644 0.3758 0.3854 0.3935 0.4004 0.4062 0.4110 0.4150 0.4180 0.4198 0.4200 0.4175 0.4107 0.3975 0.3780 0.3543 0.3289 0.3038 0.2798 0.2576 0.2375 0.2195 0.2036 0.1896 0.1791 0.1775 0.1873 0.2140 0.2494 0.2817 0.3077 0.3283 0.3455 0.3601 0.3726 0.3835 0.3930 0.4017 0.4097 0.4183 0.4178
0.4206 0.4149 0.4017 0.3883 0.3730 0.3559 0.3369 0.3154 0.2900 0.2576 0.2212 0.1909 0.1780 0.1781 0.1874 0.2010 0.2166 0.2343 0.2541 0.2759 0.2996 0.3246 0.3500 0.3742 0.3946 0.4089 0.4167 0.4198 0.4200 0.4184 0.4156 0.4118 0.4071 0.4014 0.3948 0.3869 0.3776 0.3665 0.3534 0.3378 0.3193 0.2966 0.2673 0.2332 0.1997 0.1808 0.1771 0.1829 0.1960 0.2109 0.2198 0.2109 0.1960 0.1829 0.1771 0.1808 0.1997 0.2332 0.2673 0.2966 0.3193 0.3378 0.3534 0.3665 0.3776 0.3869 0.3948 0.4014 0.4071 0.4118 0.4156 0.4184 0.4200 0.4198 0.4167 0.4089 0.3946 0.3742 0.3500 0.3246 0.2996 0.2759 0.2541 0.2343 0.2166 0.2010 0.1874 0.1781 0.1780 0.1909 0.2212 0.2576 0.2900 0.3154 0.3369 0.3559 0.3730 0.3883 0.4017 0.4149 0.4206
0.4219 0.4106 0.3930 0.3730 0.3488 0.3206 0.2880 0.2471 0.2033 0.1792 0.1763 0.1843 0.1980 0.2135 0.2309 0.2505 0.2721 0.2954 0.3203 0.3457 0.3702 0.3915 0.4069 0.4158 0.4195 0.4201 0.4187 0.4161 0.4125 0.4079 0.4025 0.3960 0.3884 0.3793 0.3685 0.3558 0.3406 0.3227 0.3009 0.2727 0.2393 0.2047 0.1828 0.1770 0.1812 0.1934 0.2079 0.2245 0.2434 0.2641 0.2763 0.2641 0.2434 0.2245 0.2079 0.1934 0.1812 0.1770 0.1828 0.2047 0.2393 0.2727 0.3009 0.3227 0.3406 0.3558 0.3685 0.3793 0.3884 0.3960 0.4025 0.4079 0.4125 0.4161 0.4187 0.4201 0.4195 0.4158 0.4069 0.3915 0.3702 0.3457 0.3203 0.2954 0.2721 0.2505 0.2309 0.2135 0.1980 0.1843 0.1763 0.1792 0.2033 0.2471 0.2880 0.3206 0.3488 0.3730 0.3930 0.4106 0.4219
0.4225 0.4052 0.3835 0.3559 0.3206 0.2770 0.2188 0.1776 0.1746 0.1886 0.2055 0.2241 0.2446 0.2667 0.2904 0.3155 0.3411 0.3661 0.3882 0.4048 0.4147 0.4191 0.4202 0.4191 0.4166 0.4132 0.4088 0.4035 0.3972 0.3898 0.3810 0.3705 0.3581 0.3434 0.3260 0.3049 0.2780 0.2453 0.2101 0.1853 0.1772 0.1798 0.1911 0.2053 0.2215 0.2398 0.2601 0.2825 0.3071 0.3322 0.3460 0.3322 0.3071 0.2825 0.2601 0.2398 0.2215 0.2053 0.1911 0.1798 0.1772 0.1853 0.2101 0.2453 0.2780 0.3049 0.3260 0.3434 0.3581 0.3705 0.3810 0.3898 0.3972 0.4035 0.4088 0.4132 0.4166 0.4191 0.4202 0.4191 0.4147 0.4048 0.3882 0.3661 0.3411 0.3155 0.2904 0.2667 0.2446 0.2241 0.2055 0.1886 0.1746 0.1776 0.2188 0.2770 0.3206 0.3559 0.3835 0.4052 0.4225
0.4223 0.3986 0.3726 0.3369 0.2880 0.2188 0.1726 0.1806 0.2011 0.2242 0.2495 0.2764 0.3044 0.3325 0.3595 0.3836 0.4020 0.4133 0.4186 0.4202 0.4194 0.4171 0.4138 0.4096 0.4044 0.3983 0.3911 0.3826 0.3724 0.3604 0.3461 0.3292 0.3088 0.2832 0.2511 0.2158 0.1883 0.1777 0.1787 0.1889 0.2028 0.2186 0.2365 0.2565 0.2786 0.3024 0.3276 0.3529 0.3772 0.3968 0.4047 0.3968 0.3772 0.3529 0.3276 0.3024 0.2786 0.2565 0.2365 0.2186 0.2028 0.1889 0.1787 0.1777 0.1883 0.2158 0.2511 0.2832 0.3088 0.3292 0.3461 0.3604 0.3724 0.3826 0.3911 0.3983 0.4044 0.4096 0.4138 0.4171 0.4194 0.4202 0.4186 0.4133 0.4020 0.3836 0.3595 0.3325 0.3044 0.2764 0.2495 0.2242 0.2011 0.1806 0.1726 0.2188 0.2880 0.3369 0.3726 0.3986 0.4223
0.4213 0.3905 0.3601 0.3154 0.2471 0.1776 0.1806 0.2057 0.2350 0.2676 0.3020 0.3365 0.3682 0.3936 0.4098 0.4175 0.4200 0.4197 0.4176 0.4145 0.4104 0.4054 0.3994 0.3924 0.3841 0.3743 0.3626 0.3487 0.3323 0.3126 0.2881 0.2569 0.2218 0.1918 0.1784 0.1779 0.1867 0.2003 0.2157 0.2333 0.2529 0.2747 0.2983 0.3232 0.3486 0.3729 0.3936 0.4083 0.4165 0.4196 0.4195 0.4196 0.4165 0.4083 0.3936 0.3729 0.3486 0.3232 0.2983 0.2747 0.2529 0.2333 0.2157 0.2003 0.1867 0.1779 0.1784 0.1918 0.2218 0.2569 0.2881 0.3126 0.3323 0.3487 0.3626 0.3743 0.3841 0.3924 0.3994 0.4054 0.4104 0.4145 0.4176 0.4197 0.4200 0.4175 0.4098 0.3936 0.3682 0.3365 0.3020 0.2676 0.2350 0.2057 0.1806 0.1776 0.2471 0.3154 0.3601 0.3905 0.4213
0.4194 0.3809 0.3455 0.2900 0.2033 0.1746 0.2011 0.2350 0.2740 0.3158 0.3566 0.3903 0.4106 0.4186 0.4201 0.4186 0.4156 0.4115 0.4066 0.4007 0.3938 0.3857 0.3761 0.3647 0.3512 0.3353 0.3162 0.2928 0.2626 0.2280 0.1959 0.1795 0.1774 0.1846 0.1978 0.2129 0.2301 0.2494 0.2708 0.2941 0.3189 0.3443 0.3690 0.3905 0.4063 0.4154 0.4194 0.4201 0.4189 0.4161 0.4133 0.4161 0.4189 0.4201 0.4194 0.4154 0.4063 0.3905 0.3690 0.3443 0.3189 0.2941 0.2708 0.2494 0.2301 0.2129 0.1978 0.1846 0.1774 0.1795 0.1959 0.2280 0.2626 0.2928 0.3162 0.3353 0.3512 0.3647 0.3761 0.3857 0.3938 0.4007 0.4066 0.4115 0.4156 0.4186 0.4201 0.4186 0.4106 0.3903 0.3566 0.3158 0.2740 0.2350 0.2011 0.1746 0.2033 0.2900 0.3455 0.3809 0.4194
0.4167 0.3697 0.3283 0.2576 0.1792 0.1886 0.2242 0.2676 0.3158 0.3632 0.3994 0.4163 0.4201 0.4184 0.4145 0.4095 0.4034 0.3963 0.3881 0.3785 0.3673 0.3540 0.3384 0.3198 0.2973 0.2681 0.2341 0.2004 0.1810 0.1771 0.1827 0.1954 0.2102 0.2271 0.2460 0.2670 0.2900 0.3146 0.3400 0.3649 0.3871 0.4041 0.4143 0.4190 0.4202 0.4192 0.4168 0.4134 0.4090 0.4034 0.3986 0.4034 0.4090 0.4134 0.4168 0.4192 0.4202 0.4190 0.4143 0.4041 0.3871 0.3649 0.3400 0.3146 0.2900 0.2670 0.2460 0.2271 0.2102 0.1954 0.1827 0.1771 0.1810 0.2004 0.2341 0.2681 0.2973 0.3198 0.3384 0.3540 0.3673 0.3785 0.3881 0.3963 0.4034 0.4095 0.4145 0.4184 0.4201 0.4163 0.3994 0.3632 0.3158 0.2676 0.2242 0.1886 0.1792 0.2576 0.3283 0.3697 0.4167
0.4131 0.3566 0.3077 0.2212 0.1763 0.2055 0.2495 0.3020 0.3566 0.3994 0.4175 0.4198 0.4164 0.4107 0.4034 0.3949 0.3848 0.3731 0.3595 0.3436 0.3250 0.3030 0.2747 0.2408 0.2057 0.1831 0.1770 0.1810 0.1931 0.2076 0.2240 0.2426 0.2633 0.2860 0.3103 0.3357 0.3608 0.3837 0.4017 0.4130 0.4185 0.4201 0.4194 0.4173 0.4140 0.4098 0.4047 0.3987 0.3915 0.3825 0.3747 0.3825 0.3915 0.3987 0.4047 0.4098 0.4140 0.4173 0.4194 0.4201 0.4185 0.4130 0.4017 0.3837 0.3608 0.3357 0.3103 0.2860 0.2633 0.2426 0.2240 0.2076 0.1931 0.1810 0.1770 0.1831 0.2057 0.2408 0.2747 0.3030 0.3250 0.3436 0.3595 0.3731 0.3848 0.3949 0.4034 0.4107 0.4164 0.4198 0.4175 0.3994 0.3566 0.3020 0.2495 0.2055 0.1763 0.2212 0.3077 0.3566 0.4131
0.4087 0.3416 0.2817 0.1909 0.1843 0.2241 0.2763 0.3365 0.3903 0.4163 0.4198 0.4156 0.4084 0.3992 0.3878 0.3740 0.3576 0.3384 0.3159 0.2888 0.2541 0.2155 0.1867 0.1770 0.1793 0.1906 0.2048 0.2210 0.2393 0.2596 0.2820 0.3061 0.3313 0.3566 0.3800 0.3990 0.4115 0.4179 0.4201 0.4197 0.4177 0.4147 0.4106 0.4057 0.3998 0.3928 0.3846 0.3749 0.3632 0.3486 0.3361 0.3486 0.3632 0.3749 0.3846 0.3928 0.3998 0.4057 0.4106 0.4147 0.4177 0.4197 0.4201 0.4179 0.4115 0.3990 0.3800 0.3566 0.3313 0.3061 0.2820 0.2596 0.2393 0.2210 0.2048 0.1906 0.1793 0.1770 0.1867 0.2155 0.2541 0.2888 0.3159 0.3384 0.3576 0.3740 0.3878 0.3992 0.4084 0.4156 0.4198 0.4163 0.3903 0.3365 0.2764 0.2241 0.1843 0.1909 0.2817 0.3416 0.4087
0.4034 0.3239 0.2494 0.1780 0.1980 0.2445 0.3043 0.3682 0.4106 0.4201 0.4164 0.4084 0.3977 0.3839 0.3665 0.3451 0.3192 0.2878 0.2466 0.2023 0.1782 0.1763 0.1860 0.2005 0.2169 0.2352 0.2555 0.2777 0.3017 0.3270 0.3523 0.3763 0.3962 0.4099 0.4172 0.4199 0.4199 0.4182 0.4153 0.4114 0.4066 0.4009 0.3941 0.3861 0.3766 0.3654 0.3520 0.3362 0.3173 0.2928 0.2705 0.2928 0.3173 0.3362 0.3520 0.3654 0.3766 0.3861 0.3941 0.4009 0.4066 0.4114 0.4153 0.4182 0.4199 0.4199 0.4172 0.4099 0.3962 0.3763 0.3523 0.3270 0.3017 0.2777 0.2555 0.2352 0.2169 0.2005 0.1860 0.1763 0.1782 0.2023 0.2466 0.2878 0.3192 0.3451 0.3665 0.3839 0.3977 0.4084 0.4164 0.4201 0.4106 0.3682 0.3044 0.2446 0.1980 0.1780 0.2494 0.3239 0.4034
0.3970 0.3024 0.2140 0.1781 0.2135 0.2666 0.3324 0.3936 0.4186 0.4184 0.4107 0.3992 0.3839 0.3639 0.3383 0.3061 0.2645 0.2099 0.1766 0.1757 0.1898 0.2070 0.2263 0.2475 0.2706 0.2953 0.3211 0.3472 0.3720 0.3930 0.4080 0.4163 0.4197 0.4200 0.4185 0.4158 0.4121 0.4075 0.4019 0.3953 0.3876 0.3784 0.3674 0.3545 0.3391 0.3208 0.2986 0.2698 0.2359 0.2017 0.1843 0.2017 0.2359 0.2698 0.2986 0.3208 0.3391 0.3545 0.3674 0.3784 0.3876 0.3953 0.4019 0.4075 0.4121 0.4158 0.4185 0.4200 0.4197 0.4163 0.4080 0.3930 0.3720 0.3472 0.3211 0.2953 0.2706 0.2475 0.2263 0.2070 0.1898 0.1757 0.1766 0.2099 0.2645 0.3061 0.3383 0.3639 0.3839 0.3992 0.4107 0.4184 0.4186 0.3936 0.3325 0.2667 0.2135 0.1781 0.2140 0.3024 0.3970
0.3893 0.2749 0.1873 0.1874 0.2309 0.2904 0.3595 0.4098 0.4201 0.4145 0.4034 0.3878 0.3665 0.3383 0.3014 0.2510 0.1912 0.1715 0.1853 0.2050 0.2275 0.2525 0.2794 0.3078 0.3365 0.3639 0.3877 0.4051 0.4150 0.4193 0.4201 0.4189 0.4164 0.4128 0.4083 0.4029 0.3965 0.3890 0.3801 0.3694 0.3568 0.3419 0.3242 0.3027 0.2752 0.2420 0.2071 0.1838 0.1772 0.1806 0.1865 0.1806 0.1772 0.1838 0.2071 0.2420 0.2752 0.3027 0.3242 0.3419 0.3568 0.3694 0.3801 0.3890 0.3965 0.4029 0.4083 0.4128 0.4164 0.4189 0.4201 0.4193 0.4150 0.4051 0.3877 0.3639 0.3365 0.3078 0.2794 0.2525 0.2275 0.2050 0.1853 0.1715 0.1912 0.2510 0.3014 0.3383 0.3665 0.3878 0.4034 0.4145 0.4201 0.4098 0.3595 0.2904 0.2309 0.1874 0.1873 0.2749 0.3893
0.3799 0.2416 0.1775 0.2010 0.2505 0.3155 0.3836 0.4175 0.4186 0.4095 0.3949 0.3740 0.3451 0.3061 0.2510 0.1861 0.1726 0.1924 0.2165 0.2444 0.2753 0.3082 0.3415 0.3722 0.3965 0.4115 0.4183 0.4201 0.4193 0.4170 0.4136 0.4092 0.4039 0.3977 0.3904 0.3817 0.3714 0.3591 0.3447 0.3274 0.3067 0.2804 0.2480 0.2126 0.1866 0.1774 0.1793 0.1901 0.2044 0.2203 0.2298 0.2203 0.2044 0.1901 0.1793 0.1774 0.1866 0.2126 0.2480 0.2804 0.3067 0.3274 0.3447 0.3591 0.3714 0.3817 0.3904 0.3977 0.4039 0.4092 0.4136 0.4170 0.4193 0.4201 0.4183 0.4115 0.3965 0.3722 0.3415 0.3082 0.2753 0.2443 0.2165 0.1924 0.1726 0.1861 0.2510 0.3061 0.3451 0.3740 0.3949 0.4095 0.4186 0.4175 0.3836 0.3155 0.2505 0.2010 0.1775 0.2416 0.3799
0.3682 0.2063 0.1791 0.2166 0.2721 0.3411 0.4020 0.4200 0.4156 0.4034 0.3848 0.3576 0.3192 0.2645 0.1912 0.1726 0.1949 0.2226 0.2552 0.2916 0.3301 0.3668 0.3960 0.4128 0.4192 0.4200 0.4182 0.4149 0.4106 0.4054 0.3992 0.3920 0.3834 0.3734 0.3614 0.3473 0.3306 0.3106 0.2855 0.2538 0.2185 0.1898 0.1780 0.1783 0.1879 0.2016 0.2173 0.2350 0.2552 0.2770 0.2897 0.2770 0.2552 0.2350 0.2173 0.2016 0.1879 0.1783 0.1780 0.1898 0.2185 0.2538 0.2855 0.3106 0.3306 0.3473 0.3614 0.3734 0.3834 0.3920 0.3992 0.4054 0.4106 0.4149 0.4182 0.4200 0.4192 0.4128 0.3960 0.3668 0.3301 0.2916 0.2552 0.2226 0.1949 0.1726 0.1912 0.2645 0.3192 0.3576 0.3848 0.4034 0.4156 0.4200 0.4020 0.3411 0.2721 0.2166 0.1791 0.2063 0.3682
0.3527 0.1822 0.1896 0.2343 0.2954 0.3661 0.4133 0.4197 0.4115 0.3963 0.3731 0.3384 0.2877 0.2100 0.1715 0.1924 0.2226 0.2589 0.3000 0.3432 0.3821 0.4081 0.4184 0.4200 0.4178 0.4137 0.4085 0.4022 0.3949 0.3863 0.3762 0.3644 0.3505 0.3341 0.3146 0.2905 0.2596 0.2247 0.1936 0.1788 0.1776 0.1858 0.1991 0.2145 0.2318 0.2513 0.2729 0.2964 0.3217 0.3469 0.3604 0.3469 0.3217 0.2964 0.2729 0.2513 0.2318 0.2145 0.1991 0.1858 0.1776 0.1788 0.1936 0.2247 0.2596 0.2905 0.3146 0.3341 0.3505 0.3644 0.3762 0.3863 0.3949 0.4022 0.4085 0.4137 0.4178 0.4200 0.4184 0.4081 0.3821 0.3432 0.3000 0.2589 0.2226 0.1924 0.1715 0.2099 0.2878 0.3384 0.3731 0.3963 0.4115 0.4197 0.4133 0.3661 0.2954 0.2343 0.1896 0.1822 0.3527
0.3346 0.1748 0.2036 0.2541 0.3203 0.3882 0.4186 0.4176 0.4066 0.3881 0.3595 0.3159 0.2466 0.1766 0.1853 0.2165 0.2552 0.3000 0.3476 0.3890 0.4129 0.4198 0.4189 0.4148 0.4089 0.4016 0.3929 0.3827 0.3706 0.3565 0.3400 0.3206 0.2972 0.2672 0.2321 0.1983 0.1801 0.1771 0.1837 0.1967 0.2117 0.2287 0.2479 0.2691 0.2922 0.3169 0.3424 0.3671 0.3893 0.4054 0.4111 0.4054 0.3893 0.3671 0.3424 0.3169 0.2922 0.2691 0.2479 0.2287 0.2117 0.1967 0.1837 0.1771 0.1801 0.1983 0.2321 0.2672 0.2972 0.3206 0.3400 0.3565 0.3706 0.3827 0.3929 0.4016 0.4089 0.4148 0.4189 0.4198 0.4129 0.3890 0.3476 0.3000 0.2552 0.2165 0.1853 0.1766 0.2466 0.3159 0.3595 0.3881 0.4066 0.4176 0.4186 0.3882 0.3203 0.2541 0.2036 0.1748 0.3346
0.3169 0.1780 0.2195 0.2759 0.3457 0.4048 0.4202 0.4145 0.4007 0.3785 0.3436 0.2888 0.2023 0.1757 0.2050 0.2443 0.2916 0.3432 0.3890 0.4142 0.4201 0.4178 0.4123 0.4047 0.3953 0.3839 0.3701 0.3535 0.3339 0.3108 0.2823 0.2460 0.2076 0.1828 0.1766 0.1813 0.1940 0.2088 0.2256 0.2444 0.2653 0.2882 0.3126 0.3380 0.3630 0.3856 0.4030 0.4137 0.4189 0.4200 0.4192 0.4200 0.4189 0.4137 0.4030 0.3856 0.3630 0.3380 0.3126 0.2882 0.2653 0.2444 0.2256 0.2088 0.1940 0.1813 0.1766 0.1828 0.2076 0.2460 0.2823 0.3108 0.3339 0.3535 0.3701 0.3839 0.3953 0.4047 0.4123 0.4178 0.4201 0.4142 0.3890 0.3432 0.2916 0.2443 0.2050 0.1757 0.2023 0.2888 0.3436 0.3785 0.4007 0.4145 0.4202 0.4048 0.3457 0.2759 0.2195 0.1780 0.3169
0.3052 0.1894 0.2375 0.2996 0.3702 0.4147 0.4194 0.4104 0.3938 0.3673 0.3250 0.2541 0.1782 0.1897 0.2275 0.2753 0.3301 0.3821 0.4129 0.4201 0.4173 0.4109 0.4020 0.3907 0.3764 0.3586 0.3369 0.3107 0.2781 0.2355 0.1947 0.1765 0.1776 0.1891 0.2041 0.2210 0.2399 0.2609 0.2837 0.3082 0.3335 0.3588 0.3820 0.4005 0.4123 0.4182 0.4201 0.4196 0.4175 0.4141 0.4109 0.4141 0.4175 0.4196 0.4201 0.4182 0.4123 0.4005 0.3820 0.3588 0.3335 0.3082 0.2837 0.2609 0.2399 0.2210 0.2041 0.1891 0.1776 0.1765 0.1947 0.2355 0.2781 0.3107 0.3369 0.3586 0.3764 0.3907 0.4020 0.4109 0.4173 0.4201 0.4129 0.3821 0.3301 0.2753 0.2275 0.1898 0.1782 0.2541 0.3250 0.3673 0.3938 0.4104 0.4194 0.4147 0.3702 0.2996 0.2375 0.1894 0.3052
0.3010 0.2032 0.2576 0.3246 0.3915 0.4191 0.4171 0.4054 0.3857 0.3540 0.3030 0.2155 0.1763 0.2069 0.2524 0.3082 0.3668 0.4081 0.4198 0.4178 0.4109 0.4010 0.3881 0.3714 0.3501 0.3234 0.2898 0.2444 0.1954 0.1742 0.1787 0.1938 0.2113 0.2309 0.2526 0.2762 0.3014 0.3276 0.3536 0.3778 0.3976 0.4107 0.4176 0.4200 0.4198 0.4179 0.4149 0.4110 0.4061 0.3999 0.3946 0.3999 0.4061 0.4110 0.4149 0.4179 0.4198 0.4200 0.4176 0.4107 0.3976 0.3778 0.3536 0.3276 0.3014 0.2762 0.2526 0.2309 0.2113 0.1938 0.1787 0.1742 0.1954 0.2444 0.2898 0.3234 0.3501 0.3714 0.3881 0.4010 0.4109 0.4178 0.4198 0.4081 0.3668 0.3082 0.2525 0.2070 0.1763 0.2155 0.3030 0.3540 0.3857 0.4054 0.4171 0.4191 0.3915 0.3246 0.2576 0.2032 0.3010
0.3007 0.2191 0.2798 0.3500 0.4069 0.4202 0.4138 0.3994 0.3761 0.3384 0.2748 0.1868 0.1860 0.2262 0.2794 0.3414 0.3960 0.4184 0.4189 0.4123 0.4020 0.3881 0.3698 0.3456 0.3145 0.2740 0.2170 0.1769 0.1755 0.1921 0.2120 0.2345 0.2594 0.2865 0.3147 0.3432 0.3700 0.3926 0.4082 0.4165 0.4198 0.4200 0.4183 0.4155 0.4117 0.4070 0.4013 0.3947 0.3868 0.3768 0.3682 0.3768 0.3868 0.3947 0.4013 0.4070 0.4117 0.4155 0.4183 0.4200 0.4198 0.4165 0.4082 0.3926 0.3700 0.3432 0.3147 0.2865 0.2594 0.2345 0.2120 0.1921 0.1755 0.1769 0.2170 0.2740 0.3145 0.3456 0.3698 0.3881 0.4020 0.4123 0.4189 0.4184 0.3960 0.3415 0.2794 0.2263 0.1860 0.1867 0.2747 0.3384 0.3761 0.3994 0.4138 0.4202 0.4069 0.3500 0.2798 0.2191 0.3007
0.3033 0.2370 0.3038 0.3742 0.4158 0.4191 0.4096 0.3924 0.3647 0.3198 0.2410 0.1770 0.2005 0.2475 0.3078 0.3722 0.4128 0.4200 0.4148 0.4047 0.3907 0.3714 0.3456 0.3114 0.2653 0.2018 0.1715 0.1830 0.2038 0.2282 0.2560 0.2865 0.3186 0.3506 0.3794 0.4012 0.4138 0.4191 0.4201 0.4189 0.4162 0.4125 0.4079 0.4024 0.3959 0.3883 0.3791 0.3684 0.3556 0.3394 0.3255 0.3394 0.3556 0.3684 0.3791 0.3883 0.3959 0.4024 0.4079 0.4125 0.4162 0.4189 0.4201 0.4191 0.4138 0.4012 0.3794 0.3506 0.3186 0.2865 0.2560 0.2282 0.2038 0.1830 0.1715 0.2018 0.2653 0.3114 0.3456 0.3714 0.3907 0.4047 0.4148 0.4200 0.4128 0.3722 0.3078 0.2475 0.2005 0.1770 0.2408 0.3198 0.3647 0.3924 0.4096 0.4191 0.4158 0.3742 0.3038 0.2370 0.3033
0.3082 0.2571 0.3289 0.3946 0.4195 0.4166 0.4044 0.3841 0.3512 0.2973 0.2058 0.1793 0.2168 0.2705 0.3365 0.3964 0.4192 0.4178 0.4089 0.3953 0.3764 0.3501 0.3145 0.2653 0.1973 0.1708 0.1880 0.2121 0.2408 0.2735 0.3092 0.3455 0.3787 0.4030 0.4156 0.4198 0.4197 0.4175 0.4139 0.4094 0.4039 0.3975 0.3900 0.3810 0.3705 0.3579 0.3432 0.3257 0.3046 0.2760 0.2517 0.2760 0.3046 0.3257 0.3432 0.3579 0.3705 0.3810 0.3900 0.3975 0.4039 0.4094 0.4139 0.4175 0.4197 0.4198 0.4156 0.4030 0.3787 0.3455 0.3092 0.2735 0.2408 0.2121 0.1880 0.1708 0.1973 0.2653 0.3145 0.3501 0.3764 0.3953 0.4089 0.4178 0.4192 0.3965 0.3365 0.2706 0.2169 0.1793 0.2057 0.2973 0.3512 0.3841 0.4044 0.4166 0.4195 0.3946 0.3289 0.2571 0.3082
0.3153 0.2791 0.3543 0.4089 0.4201 0.4132 0.3983 0.3743 0.3353 0.2682 0.1831 0.1906 0.2351 0.2952 0.3639 0.4115 0.4200 0.4137 0.4016 0.3839 0.3586 0.3234 0.2740 0.2018 0.1708 0.1898 0.2165 0.2487 0.2857 0.3258 0.3650 0.3966 0.4140 0.4197 0.4195 0.4167 0.4124 0.4069 0.4004 0.3928 0.3839 0.3735 0.3611 0.3466 0.3294 0.3088 0.2829 0.2508 0.2153 0.1878 0.1779 0.1878 0.2153 0.2508 0.2829 0.3088 0.3294 0.3466 0.3611 0.3735 0.3839 0.3928 0.4004 0.4069 0.4124 0.4167 0.4195 0.4197 0.4140 0.3966 0.3650 0.3258 0.2857 0.2487 0.2165 0.1898 0.1708 0.2018 0.2740 0.3234 0.3586 0.3839 0.4016 0.4137 0.4200 0.4115 0.3639 0.2953 0.2352 0.1906 0.1831 0.2681 0.3353 0.3743 0.3983 0.4132 0.4201 0.4089 0.3543 0.2791 0.3153
0.3242 0.3030 0.3780 0.4167 0.4187 0.4088 0.3911 0.3626 0.3162 0.2341 0.1770 0.2048 0.2554 0.3211 0.3877 0.4183 0.4182 0.4085 0.3930 0.3701 0.3369 0.2898 0.2170 0.1715 0.1880 0.2165 0.2514 0.2919 0.3356 0.3770 0.4061 0.4182 0.4200 0.4174 0.4126 0.4065 0.3990 0.3901 0.3796 0.3671 0.3526 0.3354 0.3151 0.2903 0.2585 0.2225 0.1918 0.1783 0.1781 0.1870 0.1941 0.1870 0.1781 0.1783 0.1918 0.2225 0.2585 0.2903 0.3151 0.3354 0.3526 0.3671 0.3796 0.3901 0.3990 0.4065 0.4126 0.4174 0.4200 0.4182 0.4061 0.3770 0.3356 0.2919 0.2514 0.2165 0.1880 0.1715 0.2170 0.2898 0.3369 0.3701 0.3929 0.4085 0.4182 0.4183 0.3877 0.3211 0.2555 0.2048 0.1770 0.2341 0.3162 0.3626 0.3911 0.4088 0.4187 0.4167 0.3780 0.3030 0.3242
0.3347 0.3281 0.3975 0.4198 0.4161 0.4035 0.3826 0.3487 0.2928 0.2004 0.1810 0.2210 0.2777 0.3472 0.4050 0.4201 0.4149 0.4022 0.3828 0.3535 0.3107 0.2444 0.1769 0.1830 0.2121 0.2487 0.2919 0.3389 0.3826 0.4104 0.4195 0.4192 0.4150 0.4087 0.4007 0.3909 0.3790 0.3648 0.3477 0.3276 0.3036 0.2730 0.2358 0.1993 0.1796 0.1769 0.1843 0.1976 0.2132 0.2304 0.2406 0.2304 0.2132 0.1976 0.1843 0.1769 0.1796 0.1993 0.2358 0.2730 0.3036 0.3276 0.3477 0.3648 0.3790 0.3909 0.4007 0.4087 0.4150 0.4192 0.4195 0.4104 0.3826 0.3389 0.2919 0.2487 0.2121 0.1830 0.1769 0.2444 0.3107 0.3535 0.3827 0.4022 0.4149 0.4201 0.4051 0.3472 0.2777 0.2210 0.1810 0.2004 0.2928 0.3487 0.3826 0.4035 0.4161 0.4198 0.3975 0.3281 0.3347
0.3466 0.3533 0.4107 0.4200 0.4125 0.3972 0.3724 0.3323 0.2626 0.1810 0.1931 0.2393 0.3017 0.3720 0.4150 0.4193 0.4106 0.3949 0.3707 0.3339 0.2781 0.1954 0.1755 0.2038 0.2408 0.2857 0.3356 0.3826 0.4116 0.4199 0.4184 0.4131 0.4055 0.3958 0.3836 0.3684 0.3498 0.3273 0.3000 0.2646 0.2214 0.1869 0.1758 0.1798 0.1929 0.2084 0.2257 0.2452 0.2670 0.2901 0.3033 0.2901 0.2670 0.2452 0.2257 0.2084 0.1929 0.1798 0.1758 0.1869 0.2214 0.2646 0.3000 0.3273 0.3498 0.3684 0.3836 0.3958 0.4055 0.4131 0.4184 0.4199 0.4116 0.3826 0.3356 0.2857 0.2408 0.2038 0.1755 0.1954 0.2781 0.3339 0.3706 0.3949 0.4106 0.4193 0.4150 0.3720 0.3017 0.2393 0.1931 0.1810 0.2626 0.3323 0.3724 0.3972 0.4125 0.4200 0.4107 0.3533 0.3466
0.3594 0.3771 0.4175 0.4184 0.4079 0.3898 0.3604 0.3126 0.2280 0.1771 0.2076 0.2596 0.3270 0.3930 0.4193 0.4170 0.4054 0.3863 0.3566 0.3108 0.2355 0.1742 0.1921 0.2282 0.2735 0.3258 0.3770 0.4104 0.4199 0.4181 0.4121 0.4035 0.3922 0.3778 0.3594 0.3364 0.3078 0.2711 0.2223 0.1837 0.1744 0.1834 0.1990 0.2169 0.2369 0.2589 0.2828 0.3082 0.3349 0.3604 0.3734 0.3604 0.3349 0.3082 0.2828 0.2589 0.2369 0.2169 0.1990 0.1834 0.1744 0.1837 0.2223 0.2711 0.3078 0.3364 0.3594 0.3778 0.3922 0.4035 0.4121 0.4181 0.4199 0.4104 0.3770 0.3258 0.2735 0.2282 0.1921 0.1742 0.2355 0.3108 0.3565 0.3863 0.4054 0.4170 0.4193 0.3930 0.3270 0.2596 0.2076 0.1771 0.2280 0.3126 0.3604 0.3898 0.4079 0.4184 0.4175 0.3771 0.3594
0.3724 0.3968 0.4200 0.4156 0.4025 0.3810 0.3461 0.2881 0.1959 0.1827 0.2240 0.2820 0.3523 0.4080 0.4201 0.4136 0.3992 0.3762 0.3400 0.2823 0.1947 0.1787 0.2120 0.2560 0.3092 0.3650 0.4061 0.4195 0.4184 0.4121 0.4028 0.3903 0.3740 0.3529 0.3258 0.2912 0.2431 0.1914 0.1726 0.1823 0.1998 0.2200 0.2428 0.2679 0.2949 0.3230 0.3509 0.3767 0.3977 0.4110 0.4150 0.4110 0.3977 0.3767 0.3509 0.3230 0.2949 0.2679 0.2428 0.2200 0.1998 0.1823 0.1726 0.1914 0.2431 0.2912 0.3258 0.3529 0.3740 0.3903 0.4028 0.4121 0.4184 0.4195 0.4061 0.3650 0.3092 0.2560 0.2120 0.1787 0.1947 0.2823 0.3400 0.3762 0.3992 0.4136 0.4201 0.4080 0.3523 0.2820 0.2240 0.1827 0.1959 0.2881 0.3461 0.3810 0.4025 0.4156 0.4200 0.3968 0.3724
0.3849 0.4103 0.4198 0.4118 0.3960 0.3705 0.3292 0.2569 0.1795 0.1954 0.2426 0.3061 0.3763 0.4163 0.4189 0.4092 0.3920 0.3644 0.3206 0.2460 0.1765 0.1938 0.2345 0.2865 0.3455 0.3966 0.4182 0.4192 0.4131 0.4035 0.3903 0.3727 0.3494 0.3189 0.2790 0.2211 0.1772 0.1757 0.1938 0.2155 0.2405 0.2685 0.2988 0.3302 0.3607 0.3871 0.4058 0.4159 0.4197 0.4198 0.4184 0.4198 0.4197 0.4159 0.4058 0.3871 0.3607 0.3302 0.2988 0.2685 0.2405 0.2155 0.1938 0.1757 0.1772 0.2211 0.2790 0.3189 0.3494 0.3727 0.3903 0.4035 0.4131 0.4192 0.4182 0.3966 0.3455 0.2865 0.2345 0.1938 0.1765 0.2460 0.3206 0.3644 0.3920 0.4092 0.4189 0.4163 0.3763 0.3061 0.2426 0.1954 0.1795 0.2569 0.3292 0.3705 0.3960 0.4118 0.4198 0.4103 0.3849
0.3961 0.4175 0.4180 0.4071 0.3884 0.3581 0.3088 0.2218 0.1774 0.2102 0.2633 0.3313 0.3962 0.4197 0.4164 0.4039 0.3834 0.3505 0.2972 0.2076 0.1776 0.2113 0.2594 0.3186 0.3787 0.4140 0.4200 0.4150 0.4055 0.3922 0.3740 0.3494 0.3166 0.2724 0.2086 0.1722 0.1818 0.2032 0.2288 0.2584 0.2914 0.3264 0.3606 0.3897 0.4089 0.4177 0.4201 0.4192 0.4166 0.4125 0.4088 0.4125 0.4166 0.4192 0.4201 0.4177 0.4089 0.3897 0.3606 0.3264 0.2914 0.2584 0.2288 0.2032 0.1818 0.1722 0.2086 0.2724 0.3166 0.3494 0.3740 0.3922 0.4055 0.4150 0.4200 0.4140 0.3787 0.3186 0.2594 0.2113 0.1776 0.2076 0.2972 0.3505 0.3834 0.4039 0.4164 0.4197 0.3962 0.3313 0.2633 0.2102 0.1774 0.2218 0.3088 0.3581 0.3884 0.4071 0.4180 0.4175 0.3961
0.4053 0.4203 0.4150 0.4014 0.3793 0.3434 0.2832 0.1918 0.1846 0.2271 0.2860 0.3566 0.4099 0.4200 0.4128 0.3977 0.3734 0.3341 0.2672 0.1828 0.1891 0.2309 0.2865 0.3506 0.4030 0.4197 0.4174 0.4087 0.3958 0.3778 0.3529 0.3189 0.2724 0.2047 0.1710 0.1857 0.2098 0.2390 0.2727 0.3100 0.3485 0.3831 0.4069 0.4176 0.4201 0.4187 0.4154 0.4107 0.4051 0.3979 0.3918 0.3979 0.4051 0.4107 0.4154 0.4187 0.4201 0.4176 0.4069 0.3831 0.3485 0.3100 0.2727 0.2390 0.2098 0.1857 0.1710 0.2047 0.2724 0.3189 0.3529 0.3778 0.3958 0.4087 0.4174 0.4197 0.4030 0.3506 0.2865 0.2309 0.1891 0.1828 0.2672 0.3341 0.3734 0.3977 0.4128 0.4200 0.4099 0.3566 0.2860 0.2271 0.1846 0.1918 0.2832 0.3434 0.3793 0.4014 0.4150 0.4203 0.4053
0.4121 0.4204 0.4110 0.3948 0.3685 0.3260 0.2511 0.1784 0.1978 0.2460 0.3103 0.3800 0.4172 0.4185 0.4083 0.3904 0.3614 0.3146 0.2321 0.1766 0.2041 0.2527 0.3147 0.3794 0.4156 0.4195 0.4126 0.4007 0.3836 0.3594 0.3258 0.2790 0.2086 0.1710 0.1871 0.2133 0.2452 0.2825 0.3235 0.3643 0.3973 0.4149 0.4200 0.4191 0.4154 0.4102 0.4037 0.3960 0.3868 0.3751 0.3651 0.3751 0.3868 0.3960 0.4037 0.4102 0.4154 0.4191 0.4200 0.4149 0.3973 0.3643 0.3235 0.2825 0.2452 0.2133 0.1871 0.1710 0.2086 0.2790 0.3258 0.3594 0.3836 0.4007 0.4126 0.4195 0.4156 0.3794 0.3147 0.2526 0.2041 0.1766 0.2321 0.3146 0.3614 0.3904 0.4083 0.4185 0.4172 0.3800 0.3103 0.2460 0.1978 0.1784 0.2511 0.3260 0.3685 0.3948 0.4110 0.4204 0.4121
0.4169 0.4189 0.4062 0.3869 0.3558 0.3049 0.2158 0.1779 0.2129 0.2670 0.3357 0.3990 0.4199 0.4158 0.4029 0.3817 0.3473 0.2905 0.1983 0.1813 0.2210 0.2762 0.3432 0.4012 0.4198 0.4167 0.4065 0.3909 0.3684 0.3364 0.2912 0.2211 0.1722 0.1857 0.2133 0.2473 0.2875 0.3316 0.3742 0.4051 0.4181 0.4200 0.4170 0.4118 0.4049 0.3964 0.3861 0.3737 0.3588 0.3400 0.3237 0.3400 0.3588 0.3737 0.3861 0.3964 0.4049 0.4118 0.4170 0.4200 0.4181 0.4051 0.3741 0.3315 0.2875 0.2473 0.2133 0.1857 0.1722 0.2211 0.2912 0.3364 0.3684 0.3909 0.4065 0.4167 0.4198 0.4012 0.3432 0.2762 0.2210 0.1813 0.1983 0.2905 0.3473 0.3817 0.4029 0.4158 0.4199 0.3990 0.3357 0.2670 0.2129 0.1779 0.2158 0.3049 0.3558 0.3869 0.4062 0.4189 0.4169
0.4198 0.4161 0.4004 0.3776 0.3406 0.2780 0.1883 0.1867 0.2301 0.2900 0.3608 0.4115 0.4199 0.4121 0.3965 0.3714 0.3306 0.2596 0.1801 0.1939 0.2399 0.3013 0.3700 0.4138 0.4197 0.4124 0.3990 0.3790 0.3498 0.3078 0.2431 0.1772 0.1818 0.2098 0.2452 0.2875 0.3343 0.3788 0.4088 0.4193 0.4193 0.4150 0.4085 0.4000 0.3894 0.3762 0.3600 0.3404 0.3168 0.2859 0.2576 0.2859 0.3168 0.3404 0.3600 0.3762 0.3893 0.3999 0.4085 0.4150 0.4193 0.4193 0.4088 0.3788 0.3342 0.2875 0.2452 0.2098 0.1818 0.1772 0.2431 0.3078 0.3498 0.3790 0.3990 0.4124 0.4197 0.4138 0.3700 0.3014 0.2399 0.1940 0.1801 0.2596 0.3306 0.3714 0.3965 0.4121 0.4199 0.4115 0.3608 0.2900 0.2301 0.1867 0.1883 0.2780 0.3406 0.3776 0.4004 0.4161 0.4198
0.4215 0.4122 0.3935 0.3665 0.3227 0.2453 0.1777 0.2003 0.2494 0.3146 0.3837 0.4179 0.4182 0.4075 0.3890 0.3591 0.3106 0.2247 0.1771 0.2087 0.2608 0.3274 0.3925 0.4191 0.4175 0.4070 0.3901 0.3648 0.3273 0.2711 0.1914 0.1757 0.2032 0.2390 0.2825 0.3316 0.3788 0.4099 0.4197 0.4187 0.4136 0.4059 0.3959 0.3832 0.3671 0.3469 0.3221 0.2912 0.2496 0.2027 0.1794 0.2027 0.2496 0.2912 0.3221 0.3470 0.3670 0.3831 0.3959 0.4059 0.4136 0.4187 0.4197 0.4100 0.3788 0.3315 0.2825 0.2390 0.2032 0.1757 0.1914 0.2711 0.3273 0.3648 0.3901 0.4069 0.4175 0.4191 0.3926 0.3276 0.2609 0.2088 0.1771 0.2247 0.3106 0.3591 0.3890 0.4075 0.4182 0.4179 0.3837 0.3146 0.2494 0.2003 0.1777 0.2453 0.3227 0.3665 0.3935 0.4122 0.4215
0.4223 0.4073 0.3854 0.3534 0.3009 0.2101 0.1787 0.2157 0.2708 0.3400 0.4017 0.4201 0.4153 0.4019 0.3801 0.3447 0.2855 0.1936 0.1837 0.2255 0.2836 0.3535 0.4081 0.4201 0.4139 0.4005 0.3796 0.3477 0.3000 0.2223 0.1726 0.1938 0.2288 0.2727 0.3235 0.3742 0.4088 0.4197 0.4185 0.4128 0.4042 0.3930 0.3784 0.3596 0.3356 0.3053 0.2655 0.2125 0.1778 0.1755 0.1824 0.1755 0.1778 0.2125 0.2654 0.3053 0.3356 0.3596 0.3784 0.3930 0.4042 0.4128 0.4185 0.4197 0.4088 0.3741 0.3235 0.2727 0.2288 0.1938 0.1726 0.2223 0.3000 0.3477 0.3796 0.4004 0.4139 0.4201 0.4082 0.3536 0.2837 0.2256 0.1837 0.1936 0.2855 0.3447 0.3801 0.4019 0.4153 0.4201 0.4017 0.3400 0.2708 0.2157 0.1787 0.2101 0.3009 0.3534 0.3854 0.4073 0.4223
0.4225 0.4012 0.3758 0.3378 0.2727 0.1853 0.1889 0.2333 0.2941 0.3649 0.4130 0.4197 0.4114 0.3953 0.3694 0.3274 0.2538 0.1788 0.1967 0.2443 0.3080 0.3777 0.4165 0.4189 0.4094 0.3929 0.3671 0.3276 0.2646 0.1837 0.1823 0.2155 0.2584 0.3100 0.3643 0.4051 0.4193 0.4187 0.4128 0.4037 0.3915 0.3754 0.3542 0.3269 0.2915 0.2415 0.1885 0.1722 0.1856 0.2049 0.2167 0.2050 0.1857 0.1722 0.1884 0.2413 0.2914 0.3268 0.3543 0.3754 0.3915 0.4037 0.4128 0.4187 0.4193 0.4051 0.3643 0.3100 0.2584 0.2155 0.1823 0.1837 0.2646 0.3276 0.3671 0.3928 0.4094 0.4189 0.4165 0.3778 0.3082 0.2444 0.1967 0.1788 0.2538 0.3274 0.3694 0.3953 0.4114 0.4197 0.4130 0.3649 0.2941 0.2333 0.1889 0.1853 0.2727 0.3378 0.3758 0.4012 0.4225
0.4218 0.3937 0.3644 0.3193 0.2393 0.1772 0.2028 0.2529 0.3189 0.3871 0.4185 0.4177 0.4066 0.3876 0.3568 0.3067 0.2185 0.1776 0.2117 0.2653 0.3335 0.3975 0.4198 0.4162 0.4039 0.3840 0.3526 0.3036 0.2214 0.1744 0.1998 0.2405 0.2914 0.3485 0.3973 0.4181 0.4193 0.4136 0.4042 0.3915 0.3744 0.3515 0.3213 0.2815 0.2231 0.1771 0.1760 0.1951 0.2188 0.2456 0.2616 0.2457 0.2189 0.1952 0.1760 0.1771 0.2229 0.2815 0.3214 0.3515 0.3744 0.3915 0.4042 0.4136 0.4193 0.4181 0.3973 0.3485 0.2914 0.2405 0.1998 0.1744 0.2214 0.3036 0.3526 0.3839 0.4039 0.4162 0.4198 0.3976 0.3335 0.2653 0.2117 0.1776 0.2185 0.3067 0.3568 0.3876 0.4066 0.4177 0.4185 0.3871 0.3189 0.2529 0.2028 0.1772 0.2393 0.3193 0.3644 0.3937 0.4218
0.4202 0.3847 0.3509 0.2966 0.2047 0.1798 0.2186 0.2747 0.3443 0.4041 0.4201 0.4147 0.4009 0.3784 0.3419 0.2804 0.1898 0.1858 0.2287 0.2882 0.3588 0.4107 0.4200 0.4126 0.3975 0.3735 0.3354 0.2730 0.1869 0.1834 0.2200 0.2685 0.3264 0.3831 0.4149 0.4200 0.4150 0.4059 0.3930 0.3754 0.3515 0.3195 0.2762 0.2125 0.1728 0.1812 0.2031 0.2296 0.2614 0.2961 0.3158 0.2961 0.2615 0.2297 0.2032 0.1813 0.1727 0.2124 0.2762 0.3195 0.3515 0.3754 0.3930 0.4059 0.4150 0.4200 0.4149 0.3831 0.3264 0.2685 0.2200 0.1834 0.1869 0.2730 0.3354 0.3735 0.3975 0.4125 0.4200 0.4107 0.3588 0.2882 0.2287 0.1858 0.1898 0.2804 0.3419 0.3784 0.4009 0.4147 0.4201 0.4041 0.3443 0.2747 0.2186 0.1798 0.2047 0.2966 0.3509 0.3847 0.4202
0.4178 0.3740 0.3349 0.2673 0.1828 0.1911 0.2365 0.2983 0.3690 0.4143 0.4194 0.4106 0.3941 0.3674 0.3242 0.2480 0.1780 0.1991 0.2479 0.3126 0.3820 0.4176 0.4183 0.4080 0.3900 0.3611 0.3151 0.2358 0.1758 0.1990 0.2428 0.2988 0.3606 0.4069 0.4200 0.4170 0.4085 0.3959 0.3784 0.3543 0.3214 0.2762 0.2091 0.1714 0.1845 0.2087 0.2381 0.2727 0.3122 0.3518 0.3717 0.3519 0.3123 0.2728 0.2382 0.2087 0.1845 0.1714 0.2091 0.2762 0.3214 0.3543 0.3784 0.3959 0.4085 0.4170 0.4200 0.4069 0.3606 0.2988 0.2428 0.1990 0.1758 0.2358 0.3151 0.3611 0.3900 0.4079 0.4183 0.4176 0.3820 0.3126 0.2479 0.1991 0.1780 0.2480 0.3242 0.3674 0.3941 0.4106 0.4194 0.4143 0.3690 0.2983 0.2365 0.1911 0.1828 0.2673 0.3349 0.3740 0.4178
0.4145 0.3617 0.3157 0.2332 0.1770 0.2053 0.2565 0.3232 0.3905 0.4190 0.4173 0.4057 0.3861 0.3545 0.3027 0.2126 0.1783 0.2145 0.2691 0.3380 0.4005 0.4200 0.4155 0.4024 0.3810 0.3466 0.2903 0.1993 0.1798 0.2169 0.2679 0.3302 0.3897 0.4176 0.4191 0.4118 0.3999 0.3831 0.3596 0.3268 0.2815 0.2124 0.1714 0.1856 0.2115 0.2434 0.2809 0.3226 0.3653 0.3986 0.4095 0.3987 0.3654 0.3227 0.2810 0.2434 0.2115 0.1856 0.1714 0.2124 0.2815 0.3268 0.3596 0.3831 0.3999 0.4118 0.4191 0.4176 0.3897 0.3302 0.2679 0.2169 0.1798 0.1993 0.2903 0.3466 0.3810 0.4024 0.4155 0.4200 0.4005 0.3380 0.2691 0.2145 0.1783 0.2126 0.3027 0.3545 0.3861 0.4057 0.4173 0.4190 0.3905 0.3232 0.2565 0.2053 0.1770 0.2332 0.3157 0.3617 0.4145
0.4104 0.3475 0.2921 0.1997 0.1812 0.2215 0.2786 0.3486 0.4063 0.4202 0.4140 0.3998 0.3766 0.3391 0.2752 0.1866 0.1879 0.2318 0.2922 0.3630 0.4123 0.4198 0.4117 0.3959 0.3705 0.3294 0.2585 0.1796 0.1929 0.2369 0.2949 0.3607 0.4089 0.4201 0.4154 0.4049 0.3893 0.3670 0.3356 0.2914 0.2229 0.1727 0.1845 0.2115 0.2451 0.2850 0.3293 0.3727 0.4052 0.4181 0.4191 0.4182 0.4053 0.3728 0.3294 0.2851 0.2451 0.2115 0.1845 0.1727 0.2229 0.2914 0.3356 0.3670 0.3893 0.4049 0.4154 0.4201 0.4089 0.3607 0.2949 0.2369 0.1929 0.1796 0.2585 0.3294 0.3705 0.3959 0.4117 0.4198 0.4123 0.3630 0.2922 0.2318 0.1879 0.1866 0.2752 0.3391 0.3766 0.3998 0.4140 0.4202 0.4063 0.3486 0.2786 0.2215 0.1812 0.1997 0.2921 0.3475 0.4104
0.4055 0.3308 0.2618 0.1808 0.1934 0.2398 0.3024 0.3729 0.4154 0.4192 0.4098 0.3928 0.3654 0.3208 0.2420 0.1774 0.2016 0.2513 0.3169 0.3856 0.4182 0.4179 0.4070 0.3883 0.3579 0.3088 0.2225 0.1769 0.2084 0.2589 0.3230 0.3871 0.4177 0.4187 0.4102 0.3964 0.3762 0.3470 0.3053 0.2413 0.1771 0.1813 0.2087 0.2434 0.2851 0.3315 0.3767 0.4079 0.4193 0.4191 0.4157 0.4191 0.4193 0.4080 0.3768 0.3316 0.2851 0.2434 0.2087 0.1813 0.1771 0.2413 0.3053 0.3470 0.3762 0.3964 0.4102 0.4187 0.4177 0.3871 0.3230 0.2589 0.2084 0.1769 0.2225 0.3088 0.3579 0.3883 0.4070 0.4179 0.4182 0.3856 0.3169 0.2513 0.2016 0.1774 0.2420 0.3208 0.3654 0.3928 0.4098 0.4192 0.4154 0.3729 0.3024 0.2398 0.1934 0.1808 0.2618 0.3308 0.4055
0.3995 0.3109 0.2271 0.1771 0.2079 0.2601 0.3276 0.3936 0.4194 0.4168 0.4047 0.3846 0.3520 0.2986 0.2071 0.1793 0.2173 0.2729 0.3424 0.4030 0.4201 0.4149 0.4013 0.3791 0.3432 0.2829 0.1918 0.1843 0.2257 0.2828 0.3509 0.4058 0.4201 0.4154 0.4037 0.3861 0.3600 0.3221 0.2654 0.1884 0.1760 0.2032 0.2382 0.2810 0.3293 0.3767 0.4089 0.4195 0.4189 0.4132 0.4072 0.4132 0.4189 0.4195 0.4089 0.3768 0.3294 0.2810 0.2382 0.2032 0.1760 0.1884 0.2654 0.3221 0.3600 0.3861 0.4037 0.4154 0.4201 0.4058 0.3509 0.2828 0.2257 0.1843 0.1918 0.2829 0.3432 0.3791 0.4013 0.4149 0.4201 0.4030 0.3424 0.2729 0.2173 0.1793 0.2071 0.2986 0.3520 0.3846 0.4047 0.4168 0.4194 0.3936 0.3276 0.2601 0.2079 0.1771 0.2271 0.3109 0.3995
0.3924 0.2861 0.1952 0.1829 0.2245 0.2825 0.3529 0.4083 0.4201 0.4134 0.3987 0.3749 0.3362 0.2698 0.1838 0.1901 0.2350 0.2964 0.3671 0.4137 0.4196 0.4110 0.3947 0.3684 0.3257 0.2508 0.1783 0.1976 0.2452 0.3082 0.3767 0.4159 0.4192 0.4107 0.3960 0.3737 0.3404 0.2912 0.2125 0.1722 0.1952 0.2297 0.2728 0.3227 0.3728 0.4079 0.4195 0.4187 0.4131 0.4038 0.3952 0.4038 0.4131 0.4187 0.4195 0.4080 0.3728 0.3227 0.2728 0.2297 0.1952 0.1722 0.2125 0.2912 0.3404 0.3737 0.3960 0.4107 0.4192 0.4159 0.3767 0.3082 0.2452 0.1976 0.1783 0.2508 0.3257 0.3684 0.3947 0.4110 0.4196 0.4137 0.3671 0.2964 0.2350 0.1901 0.1838 0.2698 0.3362 0.3749 0.3987 0.4134 0.4201 0.4083 0.3529 0.2825 0.2245 0.1829 0.1952 0.2861 0.3924
0.3838 0.2545 0.1794 0.1960 0.2434 0.3071 0.3772 0.4165 0.4189 0.4090 0.3915 0.3632 0.3173 0.2359 0.1772 0.2044 0.2552 0.3217 0.3893 0.4189 0.4175 0.4061 0.3868 0.3556 0.3046 0.2153 0.1781 0.2132 0.2670 0.3349 0.3977 0.4197 0.4166 0.4051 0.3868 0.3588 0.3168 0.2496 0.1778 0.1857 0.2189 0.2615 0.3123 0.3654 0.4053 0.4193 0.4189 0.4131 0.4042 0.3910 0.3787 0.3910 0.4042 0.4131 0.4189 0.4193 0.4053 0.3654 0.3123 0.2615 0.2189 0.1857 0.1778 0.2496 0.3168 0.3588 0.3868 0.4051 0.4166 0.4197 0.3977 0.3349 0.2670 0.2132 0.1781 0.2153 0.3046 0.3556 0.3868 0.4061 0.4175 0.4189 0.3893 0.3217 0.2552 0.2044 0.1772 0.2359 0.3173 0.3632 0.3915 0.4090 0.4189 0.4165 0.3772 0.3071 0.2434 0.1960 0.1794 0.2546 0.3838
0.3716 0.2177 0.1774 0.2109 0.2641 0.3322 0.3968 0.4196 0.4161 0.4034 0.3825 0.3486 0.2928 0.2017 0.1806 0.2203 0.2770 0.3469 0.4054 0.4200 0.4141 0.3999 0.3768 0.3394 0.2760 0.1878 0.1870 0.2304 0.2901 0.3604 0.4110 0.4198 0.4125 0.3979 0.3751 0.3400 0.2859 0.2027 0.1755 0.2050 0.2457 0.2961 0.3518 0.3986 0.4182 0.4191 0.4132 0.4038 0.3910 0.3722 0.3543 0.3721 0.3910 0.4038 0.4132 0.4191 0.4182 0.3986 0.3518 0.2961 0.2457 0.2050 0.1755 0.2027 0.2859 0.3400 0.3751 0.3979 0.4125 0.4198 0.4110 0.3604 0.2901 0.2304 0.1870 0.1878 0.2760 0.3394 0.3768 0.3999 0.4141 0.4200 0.4054 0.3469 0.2770 0.2203 0.1806 0.2017 0.2928 0.3486 0.3825 0.4034 0.4161 0.4196 0.3968 0.3322 0.2641 0.2109 0.1774 0.2178 0.3717
0.3601 0.1923 0.1801 0.2198 0.2763 0.3460 0.4047 0.4195 0.4133 0.3986 0.3747 0.3361 0.2705 0.1843 0.1865 0.2298 0.2897 0.3604 0.4111 0.4192 0.4109 0.3946 0.3682 0.3255 0.2517 0.1779 0.1941 0.2406 0.3033 0.3734 0.4150 0.4184 0.4088 0.3918 0.3651 0.3237 0.2576 0.1794 0.1823 0.2166 0.2616 0.3158 0.3718 0.4096 0.4191 0.4157 0.4072 0.3952 0.3787 0.3543 0.3327 0.3543 0.3787 0.3952 0.4072 0.4157 0.4191 0.4096 0.3718 0.3158 0.2616 0.2166 0.1823 0.1794 0.2576 0.3237 0.3651 0.3918 0.4088 0.4184 0.4150 0.3734 0.3033 0.2406 0.1941 0.1779 0.2517 0.3255 0.3682 0.3946 0.4109 0.4192 0.4111 0.3604 0.2897 0.2298 0.1865 0.1843 0.2705 0.3361 0.3747 0.3986 0.4133 0.4195 0.4047 0.3460 0.2763 0.2198 0.1801 0.1924 0.3602
0.3716 0.2177 0.1774 0.2109 0.2641 0.3322 0.3968 0.4196 0.4161 0.4034 0.3825 0.3486 0.2928 0.2017 0.1806 0.2203 0.2770 0.3469 0.4054 0.4200 0.4141 0.3999 0.3768 0.3394 0.2760 0.1878 0.1870 0.2304 0.2901 0.3604 0.4110 0.4198 0.4125 0.3979 0.3751 0.3400 0.2859 0.2027 0.1755 0.2050 0.2457 0.2961 0.3518 0.3986 0.4182 0.4191 0.4132 0.4038 0.3910 0.3721 0.3543 0.3721 0.3910 0.4038 0.4132 0.4191 0.4182 0.3986 0.3518 0.2961 0.2457 0.2050 0.1755 0.2027 0.2859 0.3400 0.3751 0.3979 0.4125 0.4198 0.4110 0.3604 0.2901 0.2304 0.1870 0.1878 0.2760 0.3394 0.3768 0.3999 0.4141 0.4200 0.4054 0.3469 0.2770 0.2203 0.1806 0.2017 0.2928 0.3486 0.3825 0.4034 0.4161 0.4196 0.3968 0.3322 0.2641 0.2109 0.1774 0.2178 0.3717
0.3838 0.2545 0.1794 0.1960 0.2434 0.3071 0.3772 0.4165 0.4189 0.4090 0.3915 0.3632 0.3173 0.2359 0.1772 0.2044 0.2552 0.3217 0.3893 0.4189 0.4175 0.4061 0.3868 0.3556 0.3046 0.2153 0.1781 0.2132 0.2670 0.3349 0.3977 0.4197 0.4166 0.4051 0.3868 0.3588 0.3168 0.2496 0.1778 0.1857 0.2189 0.2615 0.3123 0.3654 0.4053 0.4193 0.4189 0.4131 0.4042 0.3910 0.3787 0.3910 0.4042 0.4131 0.4189 0.4193 0.4053 0.3654 0.3123 0.2615 0.2189 0.1857 0.1778 0.2496 0.3168 0.3588 0.3868 0.4051 0.4166 0.4197 0.3977 0.3349 0.2670 0.2132 0.1781 0.2153 0.3046 0.3556 0.3868 0.4061 0.4175 0.4189 0.3893 0.3217 0.2552 0.2044 0.1772 0.2359 0.3173 0.3632 0.3915 0.4090 0.4189 0.4165 0.3772 0.3071 0.2434 0.1960 0.1794 0.2546 0.3838
0.3924 0.2861 0.1952 0.1829 0.2245 0.2825 0.3529 0.4083 0.4201 0.4134 0.3987 0.3749 0.3362 0.2698 0.1838 0.1901 0.2350 0.2964 0.3671 0.4137 0.4196 0.4110 0.3947 0.3684 0.3257 0.2508 0.1783 0.1976 0.2452 0.3082 0.3767 0.4159 0.4192 0.4107 0.3960 0.3737 0.3404 0.2912 0.2125 0.1722 0.1952 0.2297 0.2728 0.3227 0.3728 0.4080 0.4195 0.4187 0.4131 0.4038 0.3952 0.4038 0.4131 0.4187 0.4195 0.4080 0.3728 0.3227 0.2728 0.2297 0.1952 0.1722 0.2125 0.2912 0.3404 0.3737 0.3960 0.4107 0.4192 0.4159 0.3767 0.3082 0.2452 0.1976 0.1783 0.2508 0.3257 0.3684 0.3947 0.4110 0.4196 0.4137 0.3671 0.2964 0.2350 0.1901 0.1838 0.2698 0.3362 0.3749 0.3987 0.4134 0.4201 0.4083 0.3529 0.2825 0.2245 0.1829 0.1952 0.2861 0.3924
0.3995 0.3109 0.2271 0.1771 0.2079 0.2601 0.3276 0.3936 0.4194 0.4168 0.4047 0.3846 0.3520 0.2986 0.2071 0.1793 0.2173 0.2729 0.3424 0.4030 0.4201 0.4149 0.4013 0.3791 0.3432 0.2829 0.1918 0.1843 0.2257 0.2828 0.3509 0.4058 0.4201 0.4154 0.4037 0.3861 0.3600 0.3221 0.2654 0.1884 0.1760 0.2032 0.2382 0.2810 0.3294 0.3768 0.4089 0.4195 0.4189 0.4132 0.4072 0.4132 0.4189 0.4195 0.4089 0.3768 0.3294 0.2810 0.2382 0.2032 0.1760 0.1884 0.2654 0.3221 0.3600 0.3861 0.4037 0.4154 0.4201 0.4058 0.3509 0.2828 0.2257 0.1843 0.1918 0.2829 0.3432 0.3791 0.4013 0.4149 0.4201 0.4030 0.3424 0.2729 0.2173 0.1793 0.2071 0.2986 0.3520 0.3846 0.4047 0.4168 0.4194 0.3936 0.3276 0.2601 0.2079 0.1771 0.2271 0.3109 0.3995
0.4055 0.3308 0.2618 0.1808 0.1934 0.2398 0.3024 0.3729 0.4154 0.4192 0.4098 0.3928 0.3654 0.3208 0.2420 0.1774 0.2016 0.2513 0.3169 0.3856 0.4182 0.4179 0.4070 0.3883 0.3579 0.3088 0.2225 0.1769 0.2084 0.2589 0.3230 0.3871 0.4177 0.4187 0.4102 0.3964 0.3762 0.3470 0.3053 0.2413 0.1771 0.1813 0.2087 0.2434 0.2851 0.3316 0.3768 0.4080 0.4193 0.4191 0.4157 0.4191 0.4193 0.4080 0.3768 0.3316 0.2851 0.2434 0.2087 0.1813 0.1771 0.2413 0.3053 0.3470 0.3762 0.3964 0.4102 0.4187 0.4177 0.3871 0.3230 0.2589 0.2084 0.1769 0.2225 0.3088 0.3579 0.3883 0.4070 0.4179 0.4182 0.3856 0.3169 0.2513 0.2016 0.1774 0.2420 0.3208 0.3654 0.3928 0.4098 0.4192 0.4154 0.3729 0.3024 0.2398 0.1934 0.1808 0.2618 0.3308 0.4055
