0.4076 0.3019 0.3049 0.3114 0.3196 0.3295 0.3408 0.3533 0.3663 0.3791 0.3910 0.4012 0.4092 0.4149 0.4186 0.4208 0.4220 0.4225 0.4222 0.4211 0.4190 0.4162 0.4125 0.4079 0.4025 0.3959 0.3880 0.3783 0.3660 0.3500 0.3317 0.3146 0.3041 0.3007 0.3009 0.3039 0.3092 0.3166 0.3257 0.3365 0.3486 0.3614 0.3744 0.3868 0.3977 0.4065 0.4130 0.4174 0.4202 0.4216 0.4214 0.4216 0.4202 0.4174 0.4130 0.4065 0.3977 0.3868 0.3744 0.3614 0.3486 0.3365 0.3257 0.3166 0.3092 0.3039 0.3009 0.3007 0.3041 0.3146 0.3317 0.3500 0.3660 0.3783 0.3880 0.3959 0.4025 0.4079 0.4125 0.4162 0.4190 0.4211 0.4222 0.4225 0.4220 0.4208 0.4186 0.4149 0.4092 0.4012 0.3910 0.3791 0.3663 0.3533 0.3408 0.3295 0.3196 0.3114 0.3049 0.3019 0.4076
0.3019 0.2045 0.2379 0.2624 0.2882 0.3144 0.3406 0.3659 0.3881 0.4048 0.4148 0.4194 0.4206 0.4198 0.4175 0.4142 0.4098 0.4042 0.3974 0.3891 0.3793 0.3678 0.3545 0.3391 0.3208 0.2986 0.2700 0.2361 0.2014 0.1800 0.1747 0.1793 0.1914 0.2056 0.2218 0.2400 0.2604 0.2828 0.3068 0.3320 0.3572 0.3805 0.3994 0.4118 0.4182 0.4205 0.4203 0.4185 0.4156 0.4111 0.4068 0.4111 0.4156 0.4185 0.4203 0.4205 0.4182 0.4118 0.3994 0.3805 0.3572 0.3320 0.3068 0.2828 0.2604 0.2400 0.2218 0.2056 0.1914 0.1793 0.1747 0.1800 0.2014 0.2361 0.2700 0.2986 0.3208 0.3391 0.3545 0.3678 0.3793 0.3891 0.3974 0.4042 0.4098 0.4142 0.4175 0.4198 0.4206 0.4194 0.4148 0.4048 0.3881 0.3659 0.3406 0.3144 0.2882 0.2624 0.2379 0.2045 0.3019
0.3049 0.2379 0.2816 0.3201 0.3546 0.3832 0.4033 0.4144 0.4191 0.4201 0.4190 0.4165 0.4130 0.4086 0.4032 0.3969 0.3894 0.3806 0.3700 0.3576 0.3428 0.3252 0.3040 0.2768 0.2439 0.2088 0.1846 0.1771 0.1801 0.1917 0.2059 0.2222 0.2405 0.2610 0.2835 0.3076 0.3329 0.3581 0.3814 0.4000 0.4121 0.4181 0.4201 0.4196 0.4176 0.4144 0.4103 0.4053 0.3994 0.3918 0.3851 0.3918 0.3994 0.4053 0.4103 0.4144 0.4176 0.4196 0.4201 0.4181 0.4121 0.4000 0.3814 0.3581 0.3329 0.3076 0.2835 0.2610 0.2405 0.2222 0.2059 0.1917 0.1801 0.1771 0.1846 0.2088 0.2439 0.2768 0.3040 0.3252 0.3428 0.3576 0.3700 0.3806 0.3894 0.3969 0.4032 0.4086 0.4130 0.4165 0.4190 0.4201 0.4191 0.4144 0.4033 0.3832 0.3546 0.3201 0.2816 0.2379 0.3049
0.3114 0.2624 0.3201 0.3674 0.4003 0.4155 0.4198 0.4195 0.4173 0.4138 0.4095 0.4043 0.3981 0.3908 0.3822 0.3720 0.3599 0.3455 0.3284 0.3080 0.2820 0.2498 0.2145 0.1875 0.1775 0.1790 0.1894 0.2033 0.2192 0.2372 0.2573 0.2795 0.3034 0.3286 0.3539 0.3777 0.3973 0.4105 0.4174 0.4200 0.4198 0.4180 0.4150 0.4111 0.4063 0.4005 0.3936 0.3856 0.3760 0.3637 0.3531 0.3637 0.3760 0.3856 0.3936 0.4005 0.4063 0.4111 0.4150 0.4180 0.4198 0.4200 0.4174 0.4105 0.3973 0.3777 0.3539 0.3286 0.3034 0.2795 0.2573 0.2372 0.2192 0.2033 0.1894 0.1790 0.1775 0.1875 0.2145 0.2498 0.2820 0.3080 0.3284 0.3455 0.3599 0.3720 0.3822 0.3908 0.3981 0.4043 0.4095 0.4138 0.4173 0.4195 0.4198 0.4155 0.4003 0.3674 0.3201 0.2624 0.3114
0.3196 0.2882 0.3546 0.4003 0.4177 0.4198 0.4169 0.4123 0.4067 0.4002 0.3928 0.3841 0.3741 0.3622 0.3481 0.3316 0.3118 0.2870 0.2556 0.2204 0.1909 0.1782 0.1781 0.1872 0.2008 0.2164 0.2340 0.2538 0.2756 0.2992 0.3242 0.3496 0.3738 0.3943 0.4087 0.4166 0.4198 0.4200 0.4184 0.4156 0.4118 0.4071 0.4015 0.3949 0.3870 0.3777 0.3667 0.3536 0.3380 0.3182 0.3011 0.3182 0.3380 0.3536 0.3667 0.3777 0.3870 0.3949 0.4015 0.4071 0.4118 0.4156 0.4184 0.4200 0.4198 0.4166 0.4087 0.3943 0.3738 0.3496 0.3242 0.2992 0.2756 0.2538 0.2340 0.2164 0.2008 0.1872 0.1781 0.1782 0.1909 0.2204 0.2556 0.2870 0.3118 0.3316 0.3481 0.3622 0.3741 0.3841 0.3928 0.4002 0.4067 0.4123 0.4169 0.4198 0.4177 0.4003 0.3546 0.2882 0.3196
0.3295 0.3144 0.3832 0.4155 0.4198 0.4156 0.4088 0.4005 0.3909 0.3799 0.3672 0.3527 0.3360 0.3164 0.2926 0.2619 0.2268 0.1949 0.1792 0.1775 0.1851 0.1984 0.2136 0.2309 0.2502 0.2717 0.2951 0.3199 0.3453 0.3699 0.3912 0.4068 0.4157 0.4195 0.4201 0.4188 0.4162 0.4125 0.4080 0.4026 0.3961 0.3885 0.3794 0.3687 0.3560 0.3409 0.3230 0.3012 0.2731 0.2386 0.2131 0.2386 0.2731 0.3012 0.3230 0.3409 0.3560 0.3687 0.3794 0.3885 0.3961 0.4026 0.4080 0.4125 0.4162 0.4188 0.4201 0.4195 0.4157 0.4068 0.3912 0.3699 0.3453 0.3199 0.2951 0.2717 0.2502 0.2309 0.2136 0.1984 0.1851 0.1775 0.1792 0.1949 0.2268 0.2619 0.2926 0.3164 0.3360 0.3527 0.3672 0.3799 0.3909 0.4005 0.4088 0.4156 0.4198 0.4155 0.3832 0.3144 0.3295
0.3408 0.3406 0.4033 0.4198 0.4169 0.4088 0.3981 0.3851 0.3694 0.3510 0.3298 0.3053 0.2755 0.2384 0.2016 0.1807 0.1768 0.1829 0.1958 0.2108 0.2277 0.2468 0.2679 0.2910 0.3156 0.3410 0.3658 0.3879 0.4046 0.4146 0.4191 0.4202 0.4191 0.4167 0.4132 0.4089 0.4036 0.3973 0.3899 0.3811 0.3707 0.3583 0.3436 0.3262 0.3053 0.2785 0.2458 0.2105 0.1855 0.1772 0.1765 0.1772 0.1855 0.2105 0.2458 0.2785 0.3053 0.3262 0.3436 0.3583 0.3707 0.3811 0.3899 0.3973 0.4036 0.4089 0.4132 0.4167 0.4191 0.4202 0.4191 0.4146 0.4046 0.3879 0.3658 0.3410 0.3156 0.2910 0.2679 0.2468 0.2277 0.2108 0.1958 0.1829 0.1768 0.1807 0.2016 0.2384 0.2755 0.3053 0.3298 0.3510 0.3694 0.3851 0.3981 0.4088 0.4169 0.4198 0.4033 0.3406 0.3408
0.3533 0.3659 0.4144 0.4195 0.4123 0.4005 0.3851 0.3654 0.3412 0.3121 0.2767 0.2307 0.1899 0.1753 0.1788 0.1916 0.2067 0.2238 0.2428 0.2638 0.2868 0.3113 0.3367 0.3617 0.3845 0.4022 0.4133 0.4186 0.4202 0.4194 0.4172 0.4139 0.4097 0.4045 0.3984 0.3912 0.3827 0.3726 0.3606 0.3463 0.3294 0.3092 0.2836 0.2516 0.2163 0.1885 0.1777 0.1787 0.1889 0.2027 0.2109 0.2027 0.1889 0.1787 0.1777 0.1885 0.2163 0.2516 0.2836 0.3092 0.3294 0.3463 0.3606 0.3726 0.3827 0.3912 0.3984 0.4045 0.4097 0.4139 0.4172 0.4194 0.4202 0.4186 0.4133 0.4022 0.3845 0.3617 0.3367 0.3113 0.2868 0.2638 0.2428 0.2238 0.2067 0.1916 0.1788 0.1753 0.1899 0.2307 0.2767 0.3121 0.3412 0.3654 0.3851 0.4005 0.4123 0.4195 0.4144 0.3659 0.3533
0.3663 0.3881 0.4191 0.4173 0.4067 0.3909 0.3694 0.3412 0.3055 0.2594 0.2008 0.1730 0.1789 0.1952 0.2137 0.2340 0.2562 0.2800 0.3053 0.3312 0.3570 0.3807 0.3996 0.4119 0.4180 0.4201 0.4196 0.4176 0.4145 0.4104 0.4055 0.3995 0.3925 0.3843 0.3744 0.3628 0.3489 0.3325 0.3129 0.2885 0.2574 0.2223 0.1921 0.1785 0.1779 0.1866 0.2000 0.2155 0.2333 0.2528 0.2643 0.2528 0.2333 0.2155 0.2000 0.1866 0.1779 0.1785 0.1921 0.2223 0.2574 0.2885 0.3129 0.3325 0.3489 0.3628 0.3744 0.3843 0.3925 0.3995 0.4055 0.4104 0.4145 0.4176 0.4196 0.4201 0.4180 0.4119 0.3996 0.3807 0.3570 0.3312 0.3053 0.2800 0.2562 0.2340 0.2137 0.1952 0.1789 0.1730 0.2008 0.2594 0.3055 0.3412 0.3694 0.3909 0.4067 0.4173 0.4191 0.3881 0.3663
0.3791 0.4048 0.4201 0.4138 0.4002 0.3799 0.3510 0.3121 0.2594 0.1923 0.1710 0.1878 0.2093 0.2337 0.2604 0.2888 0.3181 0.3470 0.3735 0.3952 0.4097 0.4172 0.4199 0.4198 0.4181 0.4151 0.4112 0.4064 0.4006 0.3938 0.3858 0.3762 0.3649 0.3515 0.3355 0.3165 0.2932 0.2630 0.2285 0.1962 0.1796 0.1773 0.1845 0.1976 0.2127 0.2299 0.2491 0.2705 0.2942 0.3188 0.3326 0.3188 0.2942 0.2705 0.2491 0.2299 0.2127 0.1976 0.1845 0.1773 0.1796 0.1962 0.2285 0.2630 0.2932 0.3165 0.3355 0.3515 0.3649 0.3762 0.3858 0.3938 0.4006 0.4064 0.4112 0.4151 0.4181 0.4198 0.4199 0.4172 0.4097 0.3952 0.3735 0.3470 0.3181 0.2888 0.2604 0.2337 0.2093 0.1878 0.1710 0.1923 0.2594 0.3121 0.3510 0.3799 0.4002 0.4138 0.4201 0.4048 0.3791
0.3910 0.4148 0.4190 0.4095 0.3928 0.3672 0.3298 0.2767 0.2008 0.1710 0.1909 0.2171 0.2473 0.2807 0.3158 0.3503 0.3807 0.4027 0.4147 0.4194 0.4201 0.4186 0.4158 0.4120 0.4073 0.4017 0.3951 0.3872 0.3780 0.3670 0.3539 0.3385 0.3200 0.2976 0.2686 0.2346 0.2008 0.1812 0.1770 0.1825 0.1952 0.2100 0.2268 0.2457 0.2667 0.2897 0.3142 0.3396 0.3649 0.3870 0.3969 0.3870 0.3649 0.3396 0.3142 0.2897 0.2667 0.2457 0.2268 0.2100 0.1952 0.1825 0.1770 0.1812 0.2008 0.2346 0.2686 0.2976 0.3200 0.3385 0.3539 0.3670 0.3780 0.3872 0.3951 0.4017 0.4073 0.4120 0.4158 0.4186 0.4201 0.4194 0.4147 0.4027 0.3807 0.3503 0.3158 0.2807 0.2473 0.2171 0.1909 0.1710 0.2008 0.2767 0.3298 0.3672 0.3928 0.4095 0.4190 0.4148 0.3910
0.4012 0.4194 0.4165 0.4043 0.3842 0.3527 0.3053 0.2307 0.1730 0.1878 0.2171 0.2520 0.2914 0.3328 0.3715 0.4004 0.4152 0.4198 0.4196 0.4171 0.4134 0.4087 0.4031 0.3966 0.3888 0.3798 0.3690 0.3563 0.3413 0.3234 0.3018 0.2739 0.2407 0.2059 0.1833 0.1770 0.1809 0.1929 0.2073 0.2238 0.2423 0.2630 0.2856 0.3099 0.3353 0.3604 0.3833 0.4014 0.4130 0.4184 0.4192 0.4184 0.4130 0.4014 0.3833 0.3604 0.3353 0.3099 0.2856 0.2630 0.2423 0.2238 0.2073 0.1929 0.1809 0.1770 0.1833 0.2059 0.2407 0.2739 0.3018 0.3234 0.3413 0.3563 0.3690 0.3798 0.3888 0.3966 0.4031 0.4087 0.4134 0.4171 0.4196 0.4198 0.4152 0.4004 0.3715 0.3328 0.2914 0.2520 0.2171 0.1878 0.1730 0.2307 0.3053 0.3527 0.3841 0.4043 0.4165 0.4194 0.4012
0.4092 0.4206 0.4130 0.3981 0.3741 0.3360 0.2755 0.1899 0.1789 0.2093 0.2473 0.2914 0.3384 0.3812 0.4088 0.4189 0.4198 0.4169 0.4124 0.4066 0.3998 0.3920 0.3828 0.3720 0.3594 0.3446 0.3270 0.3061 0.2794 0.2467 0.2113 0.1859 0.1773 0.1796 0.1906 0.2047 0.2208 0.2390 0.2593 0.2816 0.3057 0.3309 0.3562 0.3797 0.3988 0.4114 0.4178 0.4201 0.4197 0.4176 0.4152 0.4176 0.4197 0.4201 0.4178 0.4114 0.3988 0.3797 0.3562 0.3309 0.3057 0.2816 0.2593 0.2390 0.2208 0.2047 0.1906 0.1796 0.1773 0.1859 0.2113 0.2467 0.2794 0.3061 0.3270 0.3446 0.3594 0.3720 0.3828 0.3920 0.3998 0.4066 0.4124 0.4169 0.4198 0.4189 0.4088 0.3812 0.3384 0.2914 0.2473 0.2093 0.1789 0.1899 0.2755 0.3360 0.3741 0.3981 0.4130 0.4206 0.4092
0.4149 0.4198 0.4086 0.3908 0.3622 0.3165 0.2384 0.1753 0.1952 0.2337 0.2807 0.3328 0.3812 0.4110 0.4197 0.4188 0.4142 0.4077 0.3998 0.3904 0.3793 0.3663 0.3511 0.3333 0.3125 0.2869 0.2542 0.2182 0.1892 0.1777 0.1785 0.1884 0.2022 0.2180 0.2358 0.2557 0.2777 0.3015 0.3266 0.3520 0.3759 0.3960 0.4097 0.4171 0.4199 0.4199 0.4182 0.4153 0.4114 0.4063 0.4019 0.4063 0.4114 0.4153 0.4182 0.4199 0.4199 0.4171 0.4097 0.3960 0.3759 0.3520 0.3266 0.3015 0.2777 0.2557 0.2358 0.2180 0.2022 0.1884 0.1785 0.1777 0.1892 0.2182 0.2542 0.2869 0.3125 0.3333 0.3511 0.3663 0.3793 0.3904 0.3998 0.4077 0.4142 0.4188 0.4197 0.4110 0.3812 0.3328 0.2807 0.2337 0.1952 0.1753 0.2384 0.3164 0.3622 0.3908 0.4086 0.4198 0.4149
0.4186 0.4175 0.4032 0.3822 0.3482 0.2926 0.2016 0.1788 0.2137 0.2604 0.3158 0.3715 0.4088 0.4197 0.4183 0.4126 0.4046 0.3945 0.3821 0.3671 0.3491 0.3279 0.3028 0.2711 0.2325 0.1963 0.1785 0.1772 0.1857 0.1993 0.2149 0.2325 0.2521 0.2738 0.2973 0.3222 0.3477 0.3720 0.3929 0.4079 0.4162 0.4197 0.4200 0.4186 0.4159 0.4122 0.4075 0.4020 0.3954 0.3872 0.3801 0.3872 0.3954 0.4020 0.4075 0.4122 0.4159 0.4186 0.4200 0.4197 0.4162 0.4079 0.3929 0.3720 0.3477 0.3222 0.2973 0.2738 0.2521 0.2325 0.2149 0.1993 0.1857 0.1772 0.1785 0.1963 0.2325 0.2711 0.3028 0.3279 0.3491 0.3671 0.3821 0.3945 0.4046 0.4126 0.4183 0.4197 0.4088 0.3715 0.3158 0.2604 0.2137 0.1788 0.2016 0.2926 0.3481 0.3822 0.4032 0.4175 0.4186
0.4208 0.4142 0.3969 0.3720 0.3316 0.2619 0.1807 0.1916 0.2340 0.2888 0.3503 0.4004 0.4189 0.4188 0.4126 0.4035 0.3916 0.3765 0.3575 0.3342 0.3058 0.2701 0.2240 0.1865 0.1751 0.1803 0.1941 0.2099 0.2277 0.2474 0.2692 0.2928 0.3177 0.3432 0.3680 0.3897 0.4058 0.4152 0.4193 0.4201 0.4189 0.4164 0.4129 0.4084 0.4030 0.3966 0.3891 0.3802 0.3696 0.3562 0.3447 0.3562 0.3696 0.3802 0.3891 0.3966 0.4030 0.4084 0.4129 0.4164 0.4189 0.4201 0.4193 0.4152 0.4058 0.3897 0.3680 0.3432 0.3177 0.2928 0.2692 0.2474 0.2277 0.2099 0.1941 0.1803 0.1751 0.1865 0.2240 0.2701 0.3058 0.3342 0.3575 0.3765 0.3916 0.4035 0.4126 0.4188 0.4189 0.4004 0.3503 0.2888 0.2340 0.1916 0.1807 0.2619 0.3316 0.3720 0.3969 0.4142 0.4208
0.4220 0.4098 0.3894 0.3599 0.3118 0.2268 0.1768 0.2067 0.2562 0.3181 0.3807 0.4152 0.4198 0.4142 0.4046 0.3916 0.3745 0.3523 0.3241 0.2886 0.2399 0.1900 0.1730 0.1817 0.1982 0.2168 0.2377 0.2604 0.2849 0.3108 0.3372 0.3629 0.3859 0.4034 0.4140 0.4189 0.4202 0.4192 0.4169 0.4135 0.4092 0.4040 0.3978 0.3905 0.3818 0.3715 0.3593 0.3449 0.3277 0.3057 0.2863 0.3057 0.3277 0.3449 0.3593 0.3715 0.3818 0.3905 0.3978 0.4040 0.4092 0.4135 0.4169 0.4192 0.4202 0.4189 0.4140 0.4034 0.3859 0.3629 0.3372 0.3108 0.2849 0.2604 0.2377 0.2168 0.1982 0.1817 0.1730 0.1900 0.2399 0.2886 0.3241 0.3523 0.3745 0.3916 0.4046 0.4142 0.4198 0.4152 0.3807 0.3181 0.2562 0.2067 0.1768 0.2268 0.3118 0.3599 0.3894 0.4098 0.4220
0.4225 0.4042 0.3806 0.3455 0.2870 0.1949 0.1829 0.2238 0.2800 0.3470 0.4027 0.4198 0.4169 0.4078 0.3945 0.3765 0.3523 0.3207 0.2792 0.2197 0.1762 0.1762 0.1942 0.2154 0.2394 0.2659 0.2942 0.3235 0.3523 0.3784 0.3990 0.4120 0.4182 0.4201 0.4195 0.4174 0.4142 0.4100 0.4050 0.3989 0.3918 0.3834 0.3734 0.3616 0.3475 0.3309 0.3109 0.2859 0.2542 0.2186 0.1958 0.2186 0.2542 0.2859 0.3109 0.3309 0.3475 0.3616 0.3734 0.3834 0.3918 0.3989 0.4050 0.4100 0.4142 0.4174 0.4195 0.4201 0.4182 0.4120 0.3990 0.3784 0.3523 0.3235 0.2942 0.2659 0.2394 0.2154 0.1942 0.1762 0.1762 0.2197 0.2792 0.3207 0.3523 0.3765 0.3945 0.4077 0.4169 0.4198 0.4027 0.3470 0.2800 0.2238 0.1829 0.1949 0.2870 0.3455 0.3806 0.4042 0.4225
0.4222 0.3974 0.3700 0.3284 0.2556 0.1792 0.1958 0.2428 0.3053 0.3735 0.4147 0.4196 0.4124 0.3998 0.3821 0.3575 0.3241 0.2792 0.2132 0.1723 0.1817 0.2035 0.2293 0.2587 0.2910 0.3247 0.3576 0.3860 0.4058 0.4161 0.4198 0.4199 0.4180 0.4150 0.4109 0.4060 0.4001 0.3932 0.3850 0.3753 0.3637 0.3501 0.3339 0.3146 0.2907 0.2600 0.2252 0.1939 0.1790 0.1776 0.1804 0.1776 0.1790 0.1939 0.2252 0.2600 0.2907 0.3146 0.3339 0.3501 0.3637 0.3753 0.3850 0.3932 0.4001 0.4060 0.4109 0.4150 0.4180 0.4199 0.4198 0.4161 0.4058 0.3860 0.3576 0.3247 0.2910 0.2587 0.2293 0.2035 0.1817 0.1723 0.2132 0.2792 0.3241 0.3575 0.3821 0.3998 0.4124 0.4196 0.4147 0.3735 0.3053 0.2428 0.1958 0.1792 0.2556 0.3284 0.3700 0.3974 0.4222
0.4211 0.3891 0.3576 0.3080 0.2204 0.1775 0.2108 0.2638 0.3312 0.3952 0.4194 0.4171 0.4066 0.3905 0.3671 0.3342 0.2886 0.2197 0.1723 0.1836 0.2084 0.2382 0.2725 0.3101 0.3483 0.3823 0.4060 0.4170 0.4201 0.4192 0.4165 0.4125 0.4076 0.4017 0.3948 0.3868 0.3773 0.3660 0.3526 0.3369 0.3181 0.2952 0.2656 0.2313 0.1983 0.1802 0.1772 0.1835 0.1967 0.2116 0.2205 0.2116 0.1967 0.1835 0.1772 0.1802 0.1983 0.2313 0.2656 0.2952 0.3181 0.3369 0.3526 0.3660 0.3773 0.3868 0.3948 0.4017 0.4076 0.4125 0.4165 0.4192 0.4201 0.4170 0.4060 0.3823 0.3483 0.3101 0.2725 0.2382 0.2084 0.1836 0.1723 0.2197 0.2886 0.3342 0.3671 0.3904 0.4066 0.4171 0.4194 0.3952 0.3312 0.2638 0.2108 0.1775 0.2204 0.3080 0.3576 0.3891 0.4211
0.4190 0.3793 0.3428 0.2820 0.1909 0.1851 0.2277 0.2868 0.3570 0.4097 0.4201 0.4134 0.3999 0.3794 0.3492 0.3058 0.2399 0.1762 0.1817 0.2084 0.2412 0.2796 0.3218 0.3634 0.3969 0.4147 0.4199 0.4192 0.4159 0.4111 0.4052 0.3983 0.3901 0.3805 0.3692 0.3561 0.3405 0.3221 0.2999 0.2713 0.2375 0.2031 0.1821 0.1770 0.1817 0.1942 0.2088 0.2254 0.2445 0.2652 0.2773 0.2652 0.2445 0.2254 0.2088 0.1942 0.1817 0.1770 0.1821 0.2031 0.2375 0.2713 0.2999 0.3221 0.3405 0.3561 0.3692 0.3805 0.3901 0.3983 0.4052 0.4111 0.4159 0.4192 0.4199 0.4147 0.3969 0.3634 0.3218 0.2796 0.2412 0.2084 0.1817 0.1762 0.2399 0.3058 0.3491 0.3793 0.3998 0.4134 0.4201 0.4097 0.3570 0.2868 0.2277 0.1851 0.1909 0.2820 0.3428 0.3793 0.4190
0.4162 0.3678 0.3252 0.2498 0.1782 0.1984 0.2468 0.3113 0.3807 0.4172 0.4186 0.4087 0.3920 0.3664 0.3279 0.2701 0.1900 0.1762 0.2035 0.2382 0.2796 0.3257 0.3706 0.4038 0.4179 0.4200 0.4171 0.4120 0.4054 0.3974 0.3878 0.3765 0.3631 0.3474 0.3290 0.3071 0.2796 0.2456 0.2094 0.1846 0.1770 0.1802 0.1918 0.2061 0.2224 0.2408 0.2613 0.2838 0.3084 0.3335 0.3473 0.3335 0.3084 0.2838 0.2613 0.2408 0.2224 0.2061 0.1918 0.1802 0.1770 0.1846 0.2094 0.2456 0.2796 0.3071 0.3290 0.3474 0.3631 0.3765 0.3878 0.3974 0.4054 0.4120 0.4171 0.4200 0.4179 0.4038 0.3706 0.3257 0.2796 0.2382 0.2035 0.1762 0.1900 0.2701 0.3279 0.3663 0.3920 0.4087 0.4186 0.4172 0.3807 0.3113 0.2468 0.1984 0.1782 0.2498 0.3252 0.3678 0.4162
0.4125 0.3545 0.3040 0.2145 0.1781 0.2136 0.2679 0.3367 0.3996 0.4199 0.4158 0.4031 0.3828 0.3511 0.3028 0.2240 0.1730 0.1942 0.2293 0.2725 0.3218 0.3706 0.4058 0.4188 0.4195 0.4153 0.4087 0.4003 0.3900 0.3773 0.3619 0.3437 0.3220 0.2960 0.2623 0.2231 0.1902 0.1771 0.1784 0.1889 0.2031 0.2192 0.2374 0.2575 0.2798 0.3038 0.3289 0.3543 0.3783 0.3977 0.4054 0.3977 0.3783 0.3543 0.3289 0.3038 0.2798 0.2575 0.2374 0.2192 0.2031 0.1889 0.1784 0.1771 0.1902 0.2231 0.2623 0.2960 0.3220 0.3437 0.3619 0.3773 0.3900 0.4003 0.4087 0.4153 0.4195 0.4189 0.4058 0.3706 0.3218 0.2725 0.2293 0.1942 0.1730 0.2240 0.3028 0.3511 0.3828 0.4031 0.4158 0.4199 0.3996 0.3367 0.2679 0.2136 0.1781 0.2145 0.3040 0.3545 0.4125
0.4079 0.3391 0.2768 0.1875 0.1872 0.2309 0.2910 0.3617 0.4119 0.4198 0.4120 0.3966 0.3720 0.3334 0.2712 0.1866 0.1817 0.2154 0.2587 0.3101 0.3634 0.4038 0.4189 0.4192 0.4143 0.4066 0.3966 0.3839 0.3680 0.3483 0.3243 0.2951 0.2567 0.2115 0.1814 0.1755 0.1834 0.1978 0.2141 0.2325 0.2528 0.2750 0.2990 0.3242 0.3499 0.3741 0.3946 0.4089 0.4168 0.4197 0.4195 0.4197 0.4168 0.4089 0.3946 0.3741 0.3499 0.3242 0.2990 0.2750 0.2528 0.2325 0.2141 0.1978 0.1834 0.1755 0.1814 0.2115 0.2567 0.2951 0.3243 0.3483 0.3680 0.3839 0.3966 0.4066 0.4143 0.4192 0.4189 0.4038 0.3634 0.3101 0.2587 0.2154 0.1817 0.1865 0.2711 0.3333 0.3720 0.3966 0.4120 0.4198 0.4119 0.3617 0.2910 0.2309 0.1872 0.1875 0.2768 0.3391 0.4079
0.4025 0.3208 0.2439 0.1775 0.2008 0.2502 0.3156 0.3845 0.4180 0.4181 0.4073 0.3889 0.3594 0.3126 0.2326 0.1751 0.1982 0.2394 0.2910 0.3483 0.3969 0.4179 0.4195 0.4143 0.4058 0.3946 0.3800 0.3611 0.3373 0.3074 0.2690 0.2174 0.1803 0.1746 0.1865 0.2032 0.2222 0.2433 0.2664 0.2913 0.3174 0.3438 0.3691 0.3910 0.4068 0.4157 0.4195 0.4201 0.4187 0.4159 0.4131 0.4159 0.4187 0.4201 0.4195 0.4157 0.4068 0.3910 0.3691 0.3438 0.3174 0.2913 0.2664 0.2433 0.2222 0.2032 0.1865 0.1746 0.1803 0.2174 0.2690 0.3074 0.3373 0.3611 0.3800 0.3946 0.4058 0.4143 0.4195 0.4179 0.3969 0.3483 0.2910 0.2394 0.1982 0.1751 0.2325 0.3125 0.3594 0.3888 0.4073 0.4181 0.4180 0.3845 0.3156 0.2502 0.2008 0.1775 0.2439 0.3208 0.4025
0.3959 0.2986 0.2088 0.1790 0.2164 0.2717 0.3410 0.4022 0.4201 0.4151 0.4017 0.3798 0.3446 0.2870 0.1964 0.1803 0.2168 0.2659 0.3247 0.3823 0.4147 0.4200 0.4153 0.4066 0.3946 0.3786 0.3575 0.3302 0.2950 0.2462 0.1915 0.1721 0.1835 0.2021 0.2235 0.2476 0.2741 0.3023 0.3312 0.3594 0.3843 0.4030 0.4141 0.4190 0.4202 0.4191 0.4167 0.4132 0.4088 0.4031 0.3982 0.4031 0.4088 0.4132 0.4167 0.4191 0.4202 0.4190 0.4141 0.4030 0.3843 0.3594 0.3312 0.3023 0.2741 0.2476 0.2235 0.2021 0.1835 0.1721 0.1915 0.2462 0.2950 0.3302 0.3575 0.3786 0.3946 0.4066 0.4153 0.4200 0.4147 0.3823 0.3247 0.2659 0.2168 0.1803 0.1963 0.2869 0.3446 0.3798 0.4017 0.4151 0.4201 0.4022 0.3410 0.2717 0.2164 0.1790 0.2088 0.2986 0.3959
0.3880 0.2700 0.1846 0.1894 0.2340 0.2951 0.3658 0.4133 0.4196 0.4112 0.3951 0.3690 0.3271 0.2544 0.1786 0.1941 0.2376 0.2942 0.3575 0.4060 0.4199 0.4171 0.4087 0.3966 0.3800 0.3575 0.3277 0.2884 0.2311 0.1796 0.1745 0.1932 0.2159 0.2422 0.2716 0.3033 0.3360 0.3670 0.3927 0.4095 0.4175 0.4201 0.4195 0.4174 0.4140 0.4097 0.4045 0.3984 0.3911 0.3820 0.3741 0.3820 0.3911 0.3984 0.4045 0.4097 0.4140 0.4174 0.4195 0.4201 0.4175 0.4095 0.3927 0.3670 0.3360 0.3034 0.2716 0.2422 0.2159 0.1932 0.1745 0.1796 0.2311 0.2884 0.3277 0.3575 0.3800 0.3966 0.4087 0.4171 0.4199 0.4060 0.3576 0.2942 0.2377 0.1941 0.1785 0.2542 0.3270 0.3690 0.3951 0.4112 0.4196 0.4133 0.3658 0.2951 0.2340 0.1894 0.1846 0.2700 0.3880
0.3783 0.2361 0.1771 0.2033 0.2538 0.3199 0.3879 0.4186 0.4176 0.4064 0.3872 0.3563 0.3061 0.2182 0.1772 0.2099 0.2604 0.3234 0.3859 0.4170 0.4192 0.4120 0.4003 0.3839 0.3611 0.3302 0.2884 0.2261 0.1756 0.1785 0.2002 0.2266 0.2573 0.2918 0.3282 0.3636 0.3930 0.4111 0.4186 0.4201 0.4186 0.4155 0.4113 0.4062 0.4000 0.3929 0.3845 0.3745 0.3627 0.3478 0.3352 0.3478 0.3627 0.3745 0.3845 0.3929 0.4000 0.4062 0.4113 0.4155 0.4186 0.4201 0.4186 0.4111 0.3930 0.3636 0.3282 0.2917 0.2573 0.2266 0.2002 0.1785 0.1756 0.2261 0.2884 0.3302 0.3611 0.3839 0.4003 0.4120 0.4192 0.4170 0.3860 0.3235 0.2604 0.2099 0.1772 0.2182 0.3061 0.3563 0.3872 0.4064 0.4176 0.4186 0.3879 0.3199 0.2538 0.2033 0.1771 0.2361 0.3783
0.3660 0.2014 0.1801 0.2192 0.2756 0.3453 0.4046 0.4202 0.4145 0.4006 0.3780 0.3413 0.2794 0.1892 0.1857 0.2277 0.2849 0.3522 0.4058 0.4201 0.4159 0.4054 0.3900 0.3680 0.3373 0.2950 0.2311 0.1756 0.1799 0.2039 0.2333 0.2679 0.3066 0.3467 0.3830 0.4076 0.4181 0.4201 0.4182 0.4145 0.4095 0.4033 0.3962 0.3877 0.3778 0.3660 0.3522 0.3361 0.3167 0.2918 0.2693 0.2918 0.3167 0.3361 0.3522 0.3660 0.3778 0.3877 0.3962 0.4033 0.4095 0.4145 0.4182 0.4201 0.4181 0.4076 0.3830 0.3467 0.3065 0.2679 0.2333 0.2039 0.1799 0.1756 0.2311 0.2950 0.3373 0.3680 0.3900 0.4054 0.4159 0.4201 0.4058 0.3523 0.2849 0.2277 0.1857 0.1892 0.2794 0.3413 0.3780 0.4006 0.4145 0.4202 0.4046 0.3453 0.2756 0.2192 0.1801 0.2014 0.3660
0.3500 0.1800 0.1917 0.2372 0.2992 0.3699 0.4146 0.4194 0.4104 0.3938 0.3670 0.3234 0.2467 0.1777 0.1993 0.2474 0.3107 0.3784 0.4161 0.4192 0.4111 0.3974 0.3773 0.3483 0.3074 0.2462 0.1796 0.1785 0.2039 0.2356 0.2733 0.3156 0.3587 0.3946 0.4143 0.4199 0.4190 0.4151 0.4095 0.4026 0.3943 0.3844 0.3727 0.3589 0.3426 0.3234 0.3006 0.2711 0.2361 0.2012 0.1837 0.2012 0.2361 0.2711 0.3006 0.3234 0.3426 0.3589 0.3727 0.3844 0.3943 0.4026 0.4095 0.4151 0.4190 0.4199 0.4143 0.3946 0.3587 0.3156 0.2733 0.2356 0.2039 0.1785 0.1796 0.2462 0.3074 0.3483 0.3773 0.3974 0.4111 0.4192 0.4161 0.3784 0.3108 0.2474 0.1993 0.1777 0.2467 0.3234 0.3670 0.3938 0.4104 0.4194 0.4146 0.3699 0.2992 0.2372 0.1917 0.1800 0.3500
0.3317 0.1747 0.2059 0.2573 0.3242 0.3912 0.4191 0.4172 0.4055 0.3858 0.3539 0.3018 0.2113 0.1785 0.2149 0.2692 0.3372 0.3990 0.4198 0.4165 0.4052 0.3878 0.3619 0.3243 0.2690 0.1915 0.1745 0.2002 0.2333 0.2733 0.3187 0.3644 0.4005 0.4171 0.4201 0.4173 0.4119 0.4047 0.3957 0.3849 0.3716 0.3558 0.3369 0.3144 0.2870 0.2515 0.2124 0.1847 0.1767 0.1804 0.1864 0.1804 0.1767 0.1847 0.2124 0.2515 0.2870 0.3144 0.3369 0.3558 0.3716 0.3849 0.3957 0.4047 0.4119 0.4173 0.4201 0.4171 0.4005 0.3644 0.3187 0.2733 0.2333 0.2002 0.1745 0.1915 0.2690 0.3243 0.3619 0.3878 0.4052 0.4165 0.4198 0.3990 0.3372 0.2692 0.2149 0.1785 0.2113 0.3018 0.3539 0.3858 0.4055 0.4172 0.4191 0.3912 0.3242 0.2573 0.2059 0.1747 0.3317
0.3146 0.1793 0.2222 0.2795 0.3496 0.4068 0.4202 0.4139 0.3995 0.3762 0.3385 0.2739 0.1859 0.1884 0.2325 0.2928 0.3629 0.4120 0.4199 0.4125 0.3983 0.3765 0.3437 0.2951 0.2174 0.1721 0.1932 0.2266 0.2679 0.3156 0.3644 0.4022 0.4181 0.4198 0.4159 0.4093 0.4006 0.3896 0.3759 0.3590 0.3383 0.3131 0.2820 0.2410 0.1990 0.1776 0.1768 0.1873 0.2023 0.2190 0.2289 0.2190 0.2023 0.1873 0.1768 0.1776 0.1990 0.2410 0.2820 0.3131 0.3383 0.3590 0.3759 0.3896 0.4006 0.4093 0.4159 0.4198 0.4181 0.4022 0.3644 0.3156 0.2679 0.2266 0.1932 0.1721 0.2174 0.2951 0.3437 0.3765 0.3983 0.4125 0.4199 0.4120 0.3629 0.2928 0.2325 0.1884 0.1859 0.2739 0.3385 0.3762 0.3995 0.4139 0.4202 0.4068 0.3496 0.2795 0.2222 0.1793 0.3146
0.3041 0.1914 0.2405 0.3034 0.3738 0.4157 0.4191 0.4097 0.3925 0.3649 0.3200 0.2407 0.1773 0.2022 0.2521 0.3177 0.3859 0.4182 0.4180 0.4076 0.3901 0.3631 0.3220 0.2567 0.1803 0.1835 0.2159 0.2573 0.3065 0.3587 0.4005 0.4181 0.4196 0.4151 0.4076 0.3977 0.3849 0.3684 0.3477 0.3219 0.2897 0.2459 0.1979 0.1751 0.1777 0.1920 0.2091 0.2284 0.2501 0.2734 0.2868 0.2734 0.2501 0.2284 0.2091 0.1920 0.1777 0.1750 0.1979 0.2459 0.2897 0.3219 0.3477 0.3684 0.3849 0.3977 0.4076 0.4151 0.4196 0.4181 0.4005 0.3587 0.3065 0.2573 0.2159 0.1835 0.1803 0.2567 0.3220 0.3631 0.3901 0.4076 0.4180 0.4182 0.3859 0.3177 0.2521 0.2022 0.1773 0.2407 0.3200 0.3649 0.3925 0.4097 0.4191 0.4157 0.3738 0.3034 0.2405 0.1914 0.3041
0.3007 0.2056 0.2610 0.3286 0.3943 0.4195 0.4167 0.4045 0.3843 0.3515 0.2976 0.2059 0.1796 0.2180 0.2738 0.3432 0.4034 0.4201 0.4150 0.4017 0.3805 0.3474 0.2960 0.2115 0.1746 0.2021 0.2422 0.2917 0.3467 0.3946 0.4171 0.4198 0.4151 0.4070 0.3962 0.3818 0.3631 0.3389 0.3082 0.2679 0.2130 0.1768 0.1757 0.1915 0.2106 0.2325 0.2568 0.2833 0.3118 0.3400 0.3551 0.3400 0.3118 0.2833 0.2568 0.2325 0.2106 0.1915 0.1757 0.1768 0.2130 0.2679 0.3082 0.3389 0.3631 0.3818 0.3962 0.4070 0.4151 0.4198 0.4171 0.3946 0.3467 0.2917 0.2422 0.2021 0.1746 0.2115 0.2960 0.3474 0.3805 0.4017 0.4150 0.4201 0.4034 0.3432 0.2738 0.2180 0.1796 0.2059 0.2976 0.3515 0.3843 0.4045 0.4167 0.4195 0.3943 0.3286 0.2610 0.2056 0.3007
0.3009 0.2218 0.2835 0.3539 0.4087 0.4201 0.4132 0.3984 0.3744 0.3355 0.2686 0.1833 0.1906 0.2358 0.2973 0.3680 0.4140 0.4195 0.4109 0.3948 0.3693 0.3290 0.2623 0.1814 0.1865 0.2235 0.2716 0.3282 0.3830 0.4143 0.4201 0.4159 0.4076 0.3962 0.3808 0.3603 0.3334 0.2984 0.2496 0.1921 0.1717 0.1849 0.2050 0.2286 0.2554 0.2850 0.3164 0.3478 0.3771 0.3993 0.4076 0.3993 0.3771 0.3478 0.3164 0.2850 0.2554 0.2286 0.2051 0.1849 0.1717 0.1921 0.2496 0.2984 0.3334 0.3603 0.3808 0.3962 0.4076 0.4159 0.4201 0.4143 0.3830 0.3282 0.2716 0.2235 0.1865 0.1814 0.2623 0.3290 0.3692 0.3948 0.4109 0.4195 0.4140 0.3680 0.2973 0.2358 0.1906 0.1833 0.2686 0.3355 0.3744 0.3984 0.4132 0.4201 0.4087 0.3539 0.2835 0.2218 0.3009
0.3039 0.2400 0.3076 0.3777 0.4166 0.4188 0.4089 0.3912 0.3628 0.3165 0.2346 0.1770 0.2047 0.2557 0.3222 0.3897 0.4189 0.4174 0.4060 0.3868 0.3561 0.3071 0.2231 0.1755 0.2032 0.2476 0.3034 0.3636 0.4076 0.4199 0.4173 0.4093 0.3977 0.3818 0.3603 0.3315 0.2933 0.2373 0.1819 0.1737 0.1929 0.2165 0.2443 0.2759 0.3103 0.3454 0.3777 0.4019 0.4151 0.4196 0.4194 0.4196 0.4151 0.4019 0.3777 0.3454 0.3103 0.2760 0.2444 0.2166 0.1929 0.1737 0.1820 0.2373 0.2933 0.3315 0.3603 0.3818 0.3977 0.4093 0.4173 0.4199 0.4076 0.3636 0.3034 0.2476 0.2032 0.1755 0.2231 0.3071 0.3561 0.3868 0.4060 0.4174 0.4189 0.3897 0.3222 0.2557 0.2047 0.1770 0.2346 0.3165 0.3628 0.3912 0.4089 0.4188 0.4166 0.3777 0.3076 0.2400 0.3039
0.3092 0.2604 0.3329 0.3973 0.4198 0.4162 0.4036 0.3827 0.3489 0.2932 0.2008 0.1809 0.2208 0.2777 0.3477 0.4058 0.4202 0.4142 0.4001 0.3773 0.3406 0.2797 0.1902 0.1834 0.2221 0.2741 0.3360 0.3930 0.4181 0.4190 0.4119 0.4006 0.3849 0.3631 0.3334 0.2933 0.2333 0.1781 0.1768 0.1986 0.2253 0.2568 0.2927 0.3310 0.3681 0.3978 0.4141 0.4197 0.4197 0.4167 0.4135 0.4167 0.4197 0.4197 0.4141 0.3978 0.3682 0.3311 0.2928 0.2569 0.2253 0.1986 0.1768 0.1781 0.2332 0.2933 0.3334 0.3631 0.3849 0.4006 0.4119 0.4190 0.4181 0.3930 0.3360 0.2741 0.2222 0.1834 0.1902 0.2796 0.3405 0.3773 0.4001 0.4142 0.4202 0.4058 0.3477 0.2777 0.2208 0.1809 0.2008 0.2932 0.3489 0.3827 0.4036 0.4162 0.4198 0.3973 0.3329 0.2604 0.3092
0.3166 0.2828 0.3581 0.4105 0.4200 0.4125 0.3973 0.3726 0.3325 0.2630 0.1812 0.1929 0.2390 0.3015 0.3720 0.4152 0.4192 0.4100 0.3932 0.3660 0.3222 0.2458 0.1772 0.1977 0.2432 0.3022 0.3670 0.4111 0.4201 0.4151 0.4047 0.3896 0.3684 0.3389 0.2984 0.2373 0.1781 0.1779 0.2015 0.2307 0.2655 0.3049 0.3463 0.3839 0.4088 0.4187 0.4199 0.4173 0.4127 0.4063 0.4006 0.4063 0.4127 0.4173 0.4199 0.4187 0.4089 0.3840 0.3464 0.3049 0.2655 0.2307 0.2015 0.1780 0.1781 0.2373 0.2984 0.3389 0.3684 0.3896 0.4047 0.4151 0.4201 0.4111 0.3670 0.3023 0.2433 0.1978 0.1771 0.2456 0.3221 0.3660 0.3932 0.4100 0.4192 0.4152 0.3720 0.3015 0.2390 0.1929 0.1812 0.2630 0.3325 0.3726 0.3973 0.4125 0.4200 0.4105 0.3581 0.2828 0.3166
0.3257 0.3068 0.3814 0.4174 0.4184 0.4080 0.3899 0.3606 0.3129 0.2285 0.1770 0.2073 0.2593 0.3266 0.3929 0.4193 0.4169 0.4050 0.3850 0.3527 0.3000 0.2097 0.1783 0.2140 0.2662 0.3312 0.3927 0.4186 0.4182 0.4095 0.3957 0.3759 0.3477 0.3082 0.2496 0.1819 0.1768 0.2015 0.2325 0.2698 0.3123 0.3561 0.3935 0.4142 0.4200 0.4187 0.4144 0.4082 0.4004 0.3903 0.3812 0.3902 0.4004 0.4082 0.4144 0.4187 0.4200 0.4142 0.3935 0.3562 0.3123 0.2698 0.2325 0.2015 0.1768 0.1820 0.2496 0.3082 0.3477 0.3759 0.3957 0.4095 0.4182 0.4186 0.3927 0.3312 0.2664 0.2141 0.1784 0.2094 0.2999 0.3526 0.3850 0.4050 0.4169 0.4193 0.3929 0.3266 0.2593 0.2073 0.1770 0.2285 0.3129 0.3606 0.3899 0.4080 0.4184 0.4174 0.3814 0.3068 0.3257
0.3365 0.3320 0.4000 0.4200 0.4156 0.4026 0.3811 0.3463 0.2885 0.1962 0.1825 0.2238 0.2816 0.3520 0.4079 0.4201 0.4135 0.3989 0.3752 0.3369 0.2714 0.1847 0.1889 0.2323 0.2911 0.3593 0.4095 0.4201 0.4145 0.4026 0.3849 0.3590 0.3219 0.2679 0.1921 0.1737 0.1986 0.2307 0.2698 0.3147 0.3609 0.3985 0.4166 0.4201 0.4173 0.4117 0.4041 0.3945 0.3825 0.3665 0.3523 0.3665 0.3825 0.3944 0.4040 0.4117 0.4173 0.4201 0.4166 0.3985 0.3609 0.3147 0.2698 0.2307 0.1986 0.1737 0.1921 0.2679 0.3219 0.3590 0.3849 0.4026 0.4145 0.4201 0.4095 0.3594 0.2913 0.2325 0.1889 0.1846 0.2713 0.3369 0.3753 0.3989 0.4135 0.4201 0.4079 0.3520 0.2816 0.2238 0.1825 0.1962 0.2885 0.3463 0.3811 0.4026 0.4156 0.4200 0.4000 0.3320 0.3365
0.3486 0.3572 0.4121 0.4198 0.4118 0.3961 0.3707 0.3294 0.2574 0.1796 0.1952 0.2423 0.3057 0.3759 0.4162 0.4189 0.4092 0.3918 0.3637 0.3182 0.2376 0.1770 0.2030 0.2527 0.3172 0.3842 0.4175 0.4186 0.4095 0.3943 0.3716 0.3383 0.2897 0.2130 0.1717 0.1929 0.2253 0.2655 0.3123 0.3609 0.4001 0.4175 0.4199 0.4162 0.4096 0.4007 0.3893 0.3748 0.3567 0.3322 0.3103 0.3321 0.3566 0.3748 0.3893 0.4006 0.4095 0.4162 0.4199 0.4175 0.4001 0.3609 0.3123 0.2655 0.2253 0.1929 0.1717 0.2130 0.2897 0.3383 0.3716 0.3943 0.4095 0.4186 0.4175 0.3843 0.3174 0.2528 0.2031 0.1770 0.2375 0.3181 0.3637 0.3918 0.4092 0.4189 0.4162 0.3759 0.3057 0.2423 0.1952 0.1796 0.2574 0.3294 0.3707 0.3961 0.4118 0.4198 0.4121 0.3572 0.3486
0.3614 0.3805 0.4181 0.4180 0.4071 0.3885 0.3583 0.3092 0.2223 0.1773 0.2100 0.2630 0.3309 0.3960 0.4197 0.4164 0.4040 0.3834 0.3501 0.2952 0.2031 0.1802 0.2192 0.2749 0.3437 0.4030 0.4201 0.4155 0.4033 0.3844 0.3558 0.3131 0.2459 0.1768 0.1849 0.2166 0.2569 0.3049 0.3562 0.3985 0.4175 0.4198 0.4155 0.4082 0.3983 0.3853 0.3685 0.3471 0.3199 0.2827 0.2479 0.2826 0.3198 0.3470 0.3685 0.3853 0.3982 0.4082 0.4155 0.4198 0.4175 0.3985 0.3562 0.3049 0.2569 0.2166 0.1849 0.1768 0.2459 0.3131 0.3558 0.3844 0.4033 0.4155 0.4201 0.4030 0.3438 0.2750 0.2192 0.1802 0.2031 0.2952 0.3501 0.3834 0.4040 0.4164 0.4197 0.3960 0.3309 0.2630 0.2100 0.1773 0.2223 0.3092 0.3583 0.3885 0.4071 0.4180 0.4181 0.3805 0.3614
0.3744 0.3994 0.4201 0.4150 0.4015 0.3794 0.3436 0.2836 0.1921 0.1845 0.2268 0.2856 0.3562 0.4097 0.4200 0.4129 0.3978 0.3734 0.3339 0.2656 0.1821 0.1919 0.2373 0.2990 0.3691 0.4141 0.4195 0.4113 0.3962 0.3727 0.3369 0.2820 0.1979 0.1757 0.2051 0.2444 0.2928 0.3464 0.3935 0.4166 0.4199 0.4155 0.4077 0.3970 0.3828 0.3641 0.3397 0.3083 0.2665 0.2088 0.1774 0.2087 0.2663 0.3082 0.3396 0.3640 0.3828 0.3970 0.4077 0.4155 0.4199 0.4166 0.3935 0.3464 0.2928 0.2444 0.2051 0.1757 0.1979 0.2820 0.3369 0.3727 0.3962 0.4113 0.4195 0.4141 0.3691 0.2990 0.2374 0.1918 0.1821 0.2656 0.3339 0.3734 0.3978 0.4129 0.4200 0.4097 0.3562 0.2856 0.2268 0.1845 0.1921 0.2836 0.3436 0.3794 0.4015 0.4150 0.4201 0.3994 0.3744
0.3868 0.4118 0.4196 0.4111 0.3949 0.3687 0.3262 0.2516 0.1785 0.1976 0.2457 0.3099 0.3797 0.4171 0.4186 0.4084 0.3905 0.3616 0.3146 0.2313 0.1770 0.2061 0.2576 0.3242 0.3910 0.4190 0.4174 0.4062 0.3877 0.3589 0.3144 0.2410 0.1750 0.1915 0.2286 0.2760 0.3311 0.3840 0.4142 0.4201 0.4162 0.4082 0.3970 0.3819 0.3617 0.3351 0.3001 0.2510 0.1920 0.1716 0.1775 0.1716 0.1919 0.2508 0.3000 0.3351 0.3617 0.3819 0.3970 0.4082 0.4162 0.4201 0.4142 0.3840 0.3311 0.2760 0.2286 0.1915 0.1750 0.2410 0.3144 0.3589 0.3877 0.4062 0.4174 0.4190 0.3910 0.3242 0.2575 0.2061 0.1770 0.2313 0.3146 0.3616 0.3905 0.4084 0.4186 0.4171 0.3797 0.3099 0.2457 0.1976 0.1785 0.2516 0.3262 0.3687 0.3949 0.4111 0.4196 0.4118 0.3868
0.3977 0.4182 0.4176 0.4063 0.3870 0.3560 0.3053 0.2163 0.1779 0.2127 0.2667 0.3353 0.3988 0.4199 0.4159 0.4030 0.3818 0.3475 0.2907 0.1983 0.1817 0.2224 0.2798 0.3499 0.4068 0.4202 0.4140 0.4000 0.3778 0.3426 0.2870 0.1990 0.1777 0.2106 0.2554 0.3103 0.3682 0.4089 0.4200 0.4173 0.4095 0.3982 0.3828 0.3617 0.3335 0.2959 0.2409 0.1832 0.1738 0.1933 0.2054 0.1934 0.1739 0.1831 0.2407 0.2959 0.3336 0.3617 0.3828 0.3982 0.4095 0.4173 0.4200 0.4089 0.3682 0.3103 0.2554 0.2106 0.1777 0.1990 0.2870 0.3426 0.3778 0.4000 0.4140 0.4202 0.4068 0.3499 0.2798 0.2224 0.1817 0.1983 0.2907 0.3475 0.3818 0.4030 0.4159 0.4199 0.3988 0.3353 0.2667 0.2127 0.1779 0.2163 0.3053 0.3560 0.3870 0.4063 0.4176 0.4182 0.3977
0.4065 0.4205 0.4144 0.4005 0.3777 0.3409 0.2785 0.1885 0.1866 0.2299 0.2897 0.3604 0.4114 0.4199 0.4122 0.3966 0.3715 0.3309 0.2600 0.1802 0.1942 0.2408 0.3038 0.3741 0.4157 0.4191 0.4097 0.3929 0.3660 0.3234 0.2515 0.1776 0.1920 0.2325 0.2850 0.3454 0.3978 0.4187 0.4187 0.4117 0.4006 0.3853 0.3640 0.3351 0.2958 0.2373 0.1798 0.1759 0.1984 0.2252 0.2413 0.2253 0.1985 0.1760 0.1797 0.2372 0.2959 0.3351 0.3640 0.3853 0.4006 0.4117 0.4187 0.4187 0.3978 0.3454 0.2850 0.2325 0.1920 0.1776 0.2515 0.3234 0.3660 0.3929 0.4097 0.4191 0.4157 0.3741 0.3038 0.2408 0.1942 0.1802 0.2600 0.3309 0.3715 0.3966 0.4122 0.4199 0.4114 0.3604 0.2897 0.2299 0.1866 0.1885 0.2785 0.3409 0.3777 0.4005 0.4144 0.4205 0.4065
0.4130 0.4203 0.4103 0.3936 0.3667 0.3230 0.2458 0.1777 0.2000 0.2491 0.3142 0.3833 0.4178 0.4182 0.4075 0.3891 0.3593 0.3109 0.2252 0.1772 0.2088 0.2613 0.3289 0.3946 0.4195 0.4167 0.4045 0.3845 0.3522 0.3006 0.2124 0.1768 0.2091 0.2568 0.3164 0.3777 0.4141 0.4199 0.4144 0.4040 0.3893 0.3685 0.3396 0.3000 0.2407 0.1797 0.1768 0.2002 0.2302 0.2649 0.2851 0.2650 0.2303 0.2003 0.1769 0.1797 0.2407 0.3000 0.3396 0.3685 0.3893 0.4040 0.4144 0.4199 0.4141 0.3777 0.3164 0.2568 0.2091 0.1768 0.2124 0.3006 0.3522 0.3845 0.4045 0.4167 0.4195 0.3946 0.3289 0.2613 0.2088 0.1772 0.2252 0.3109 0.3593 0.3891 0.4075 0.4182 0.4178 0.3833 0.3142 0.2491 0.2000 0.1777 0.2458 0.3230 0.3667 0.3936 0.4103 0.4203 0.4130
0.4174 0.4185 0.4053 0.3856 0.3536 0.3012 0.2105 0.1787 0.2155 0.2705 0.3396 0.4014 0.4201 0.4153 0.4020 0.3802 0.3449 0.2859 0.1939 0.1835 0.2254 0.2838 0.3543 0.4089 0.4201 0.4132 0.3984 0.3745 0.3361 0.2711 0.1847 0.1873 0.2284 0.2833 0.3478 0.4019 0.4197 0.4173 0.4082 0.3944 0.3748 0.3470 0.3082 0.2508 0.1831 0.1759 0.2002 0.2309 0.2691 0.3112 0.3344 0.3113 0.2692 0.2310 0.2003 0.1760 0.1831 0.2508 0.3082 0.3470 0.3748 0.3944 0.4082 0.4173 0.4197 0.4019 0.3478 0.2833 0.2284 0.1873 0.1847 0.2711 0.3361 0.3745 0.3984 0.4132 0.4201 0.4089 0.3543 0.2838 0.2254 0.1835 0.1939 0.2859 0.3449 0.3802 0.4020 0.4153 0.4201 0.4014 0.3396 0.2705 0.2155 0.1787 0.2105 0.3012 0.3536 0.3856 0.4053 0.4185 0.4174
0.4202 0.4156 0.3994 0.3760 0.3380 0.2731 0.1855 0.1889 0.2333 0.2942 0.3649 0.4130 0.4197 0.4114 0.3954 0.3696 0.3277 0.2542 0.1790 0.1967 0.2445 0.3084 0.3783 0.4168 0.4187 0.4088 0.3911 0.3627 0.3167 0.2361 0.1767 0.2023 0.2501 0.3118 0.3771 0.4151 0.4197 0.4127 0.4004 0.3825 0.3566 0.3198 0.2663 0.1919 0.1739 0.1984 0.2302 0.2691 0.3151 0.3608 0.3826 0.3609 0.3152 0.2692 0.2303 0.1985 0.1739 0.1919 0.2663 0.3198 0.3566 0.3825 0.4004 0.4127 0.4197 0.4151 0.3771 0.3118 0.2501 0.2023 0.1767 0.2361 0.3167 0.3627 0.3911 0.4088 0.4187 0.4168 0.3783 0.3084 0.2445 0.1967 0.1790 0.2542 0.3277 0.3696 0.3954 0.4114 0.4197 0.4130 0.3649 0.2942 0.2333 0.1889 0.1855 0.2731 0.3380 0.3760 0.3994 0.4156 0.4202
0.4216 0.4111 0.3918 0.3637 0.3182 0.2386 0.1772 0.2027 0.2528 0.3188 0.3870 0.4184 0.4176 0.4063 0.3872 0.3562 0.3057 0.2186 0.1776 0.2116 0.2652 0.3335 0.3977 0.4197 0.4159 0.4031 0.3820 0.3478 0.2918 0.2012 0.1804 0.2190 0.2734 0.3400 0.3993 0.4196 0.4167 0.4063 0.3902 0.3665 0.3321 0.2826 0.2087 0.1716 0.1934 0.2253 0.2649 0.3112 0.3609 0.3994 0.4107 0.3994 0.3609 0.3113 0.2650 0.2253 0.1934 0.1716 0.2087 0.2826 0.3321 0.3665 0.3902 0.4063 0.4167 0.4196 0.3993 0.3400 0.2734 0.2190 0.1804 0.2012 0.2918 0.3478 0.3820 0.4031 0.4159 0.4197 0.3977 0.3335 0.2652 0.2116 0.1776 0.2186 0.3057 0.3562 0.3872 0.4063 0.4176 0.4184 0.3870 0.3188 0.2528 0.2027 0.1772 0.2386 0.3182 0.3637 0.3918 0.4111 0.4216
0.4214 0.4067 0.3851 0.3531 0.3010 0.2131 0.1765 0.2109 0.2643 0.3326 0.3969 0.4192 0.4152 0.4019 0.3801 0.3447 0.2863 0.1958 0.1804 0.2205 0.2773 0.3473 0.4054 0.4195 0.4131 0.3982 0.3741 0.3352 0.2693 0.1837 0.1864 0.2289 0.2868 0.3551 0.4076 0.4194 0.4135 0.4006 0.3812 0.3524 0.3103 0.2479 0.1774 0.1775 0.2054 0.2414 0.2851 0.3344 0.3826 0.4107 0.4161 0.4107 0.3826 0.3344 0.2852 0.2414 0.2054 0.1775 0.1774 0.2479 0.3103 0.3524 0.3812 0.4006 0.4135 0.4194 0.4076 0.3551 0.2868 0.2289 0.1864 0.1837 0.2693 0.3352 0.3741 0.3982 0.4131 0.4195 0.4054 0.3473 0.2773 0.2205 0.1804 0.1958 0.2863 0.3447 0.3801 0.4019 0.4152 0.4192 0.3969 0.3326 0.2643 0.2109 0.1765 0.2131 0.3011 0.3531 0.3851 0.4068 0.4214
0.4216 0.4111 0.3918 0.3637 0.3182 0.2386 0.1772 0.2027 0.2528 0.3188 0.3870 0.4184 0.4176 0.4063 0.3872 0.3562 0.3057 0.2186 0.1776 0.2116 0.2652 0.3335 0.3977 0.4197 0.4159 0.4031 0.3820 0.3478 0.2918 0.2012 0.1804 0.2190 0.2734 0.3400 0.3993 0.4196 0.4167 0.4063 0.3902 0.3665 0.3321 0.2826 0.2087 0.1716 0.1934 0.2253 0.2650 0.3113 0.3609 0.3994 0.4107 0.3994 0.3609 0.3113 0.2650 0.2253 0.1934 0.1716 0.2087 0.2826 0.3321 0.3665 0.3902 0.4063 0.4167 0.4196 0.3993 0.3400 0.2734 0.2190 0.1804 0.2012 0.2918 0.3478 0.3820 0.4031 0.4159 0.4197 0.3977 0.3335 0.2652 0.2116 0.1776 0.2186 0.3057 0.3562 0.3872 0.4063 0.4176 0.4184 0.3870 0.3188 0.2528 0.2027 0.1772 0.2386 0.3182 0.3637 0.3918 0.4111 0.4216
0.4202 0.4156 0.3994 0.3760 0.3380 0.2731 0.1855 0.1889 0.2333 0.2942 0.3649 0.4130 0.4197 0.4114 0.3954 0.3696 0.3277 0.2542 0.1790 0.1967 0.2445 0.3084 0.3783 0.4168 0.4187 0.4088 0.3911 0.3627 0.3167 0.2361 0.1767 0.2023 0.2501 0.3118 0.3771 0.4151 0.4197 0.4127 0.4004 0.3825 0.3566 0.3198 0.2663 0.1919 0.1739 0.1985 0.2303 0.2692 0.3152 0.3609 0.3826 0.3609 0.3152 0.2692 0.2303 0.1985 0.1739 0.1919 0.2663 0.3198 0.3566 0.3825 0.4004 0.4127 0.4197 0.4151 0.3771 0.3118 0.2501 0.2023 0.1767 0.2361 0.3167 0.3627 0.3911 0.4088 0.4187 0.4168 0.3783 0.3084 0.2445 0.1967 0.1790 0.2542 0.3277 0.3696 0.3954 0.4114 0.4197 0.4130 0.3649 0.2942 0.2333 0.1889 0.1855 0.2731 0.3380 0.3760 0.3994 0.4156 0.4202
0.4174 0.4185 0.4053 0.3856 0.3536 0.3012 0.2105 0.1787 0.2155 0.2705 0.3396 0.4014 0.4201 0.4153 0.4020 0.3802 0.3449 0.2859 0.1939 0.1835 0.2254 0.2838 0.3543 0.4089 0.4201 0.4132 0.3984 0.3745 0.3361 0.2711 0.1847 0.1873 0.2284 0.2833 0.3478 0.4019 0.4197 0.4173 0.4082 0.3944 0.3748 0.3470 0.3082 0.2508 0.1831 0.1760 0.2003 0.2310 0.2692 0.3113 0.3344 0.3113 0.2692 0.2310 0.2003 0.1760 0.1831 0.2508 0.3082 0.3470 0.3748 0.3944 0.4082 0.4173 0.4197 0.4019 0.3478 0.2833 0.2284 0.1873 0.1847 0.2711 0.3361 0.3745 0.3984 0.4132 0.4201 0.4089 0.3543 0.2838 0.2254 0.1835 0.1939 0.2859 0.3449 0.3802 0.4020 0.4153 0.4201 0.4014 0.3396 0.2705 0.2155 0.1787 0.2105 0.3012 0.3536 0.3856 0.4053 0.4185 0.4174
0.4130 0.4203 0.4103 0.3936 0.3667 0.3230 0.2458 0.1777 0.2000 0.2491 0.3142 0.3833 0.4178 0.4182 0.4075 0.3891 0.3593 0.3109 0.2252 0.1772 0.2088 0.2613 0.3289 0.3946 0.4195 0.4167 0.4045 0.3845 0.3522 0.3006 0.2124 0.1768 0.2091 0.2568 0.3164 0.3777 0.4141 0.4199 0.4144 0.4040 0.3893 0.3685 0.3396 0.3000 0.2407 0.1797 0.1769 0.2003 0.2303 0.2650 0.2852 0.2650 0.2303 0.2003 0.1769 0.1797 0.2407 0.3000 0.3396 0.3685 0.3893 0.4040 0.4144 0.4199 0.4141 0.3777 0.3164 0.2568 0.2091 0.1768 0.2124 0.3006 0.3522 0.3845 0.4045 0.4167 0.4195 0.3946 0.3289 0.2613 0.2088 0.1772 0.2252 0.3109 0.3593 0.3891 0.4075 0.4182 0.4178 0.3833 0.3142 0.2491 0.2000 0.1777 0.2458 0.3230 0.3667 0.3936 0.4103 0.4203 0.4130
0.4065 0.4205 0.4144 0.4005 0.3777 0.3409 0.2785 0.1885 0.1866 0.2299 0.2897 0.3604 0.4114 0.4199 0.4122 0.3966 0.3715 0.3309 0.2600 0.1802 0.1942 0.2408 0.3038 0.3741 0.4157 0.4191 0.4097 0.3929 0.3660 0.3234 0.2515 0.1776 0.1920 0.2325 0.2850 0.3454 0.3978 0.4187 0.4187 0.4117 0.4006 0.3853 0.3640 0.3351 0.2959 0.2372 0.1797 0.1760 0.1985 0.2253 0.2414 0.2253 0.1985 0.1760 0.1797 0.2372 0.2959 0.3351 0.3640 0.3853 0.4006 0.4117 0.4187 0.4187 0.3978 0.3454 0.2850 0.2325 0.1920 0.1776 0.2515 0.3234 0.3660 0.3929 0.4097 0.4191 0.4157 0.3741 0.3038 0.2408 0.1942 0.1802 0.2600 0.3309 0.3715 0.3966 0.4122 0.4199 0.4114 0.3604 0.2897 0.2299 0.1866 0.1885 0.2785 0.3409 0.3777 0.4005 0.4144 0.4205 0.4065
