0.4170 0.3628 0.3426 0.3238 0.3091 0.3021 0.3004 0.3020 0.3060 0.3123 0.3205 0.3304 0.3418 0.3543 0.3673 0.3801 0.3919 0.4019 0.4097 0.4152 0.4188 0.4209 0.4221 0.4225 0.4221 0.4209 0.4188 0.4159 0.4121 0.4075 0.4020 0.3954 0.3873 0.3774 0.3649 0.3486 0.3302 0.3135 0.3037 0.3006 0.3011 0.3042 0.3097 0.3172 0.3265 0.3374 0.3495 0.3624 0.3754 0.3886 0.3964 0.3886 0.3754 0.3624 0.3495 0.3374 0.3265 0.3172 0.3097 0.3042 0.3011 0.3006 0.3037 0.3135 0.3302 0.3486 0.3649 0.3774 0.3873 0.3954 0.4020 0.4075 0.4121 0.4159 0.4188 0.4209 0.4221 0.4225 0.4221 0.4209 0.4188 0.4152 0.4097 0.4019 0.3919 0.3801 0.3673 0.3543 0.3418 0.3304 0.3205 0.3123 0.3060 0.3020 0.3004 0.3021 0.3091 0.3238 0.3426 0.3628 0.4170
0.3628 0.2035 0.1749 0.1727 0.1826 0.1965 0.2120 0.2295 0.2488 0.2702 0.2934 0.3181 0.3434 0.3681 0.3897 0.4058 0.4153 0.4196 0.4206 0.4196 0.4173 0.4139 0.4094 0.4037 0.3968 0.3884 0.3784 0.3668 0.3534 0.3378 0.3192 0.2967 0.2675 0.2333 0.1991 0.1791 0.1747 0.1801 0.1924 0.2068 0.2231 0.2415 0.2621 0.2846 0.3088 0.3340 0.3591 0.3821 0.4009 0.4128 0.4161 0.4128 0.4009 0.3821 0.3591 0.3340 0.3088 0.2846 0.2621 0.2415 0.2231 0.2068 0.1924 0.1801 0.1747 0.1791 0.1991 0.2333 0.2675 0.2967 0.3192 0.3378 0.3534 0.3668 0.3784 0.3884 0.3968 0.4037 0.4094 0.4139 0.4173 0.4196 0.4206 0.4196 0.4153 0.4058 0.3897 0.3681 0.3434 0.3181 0.2934 0.2702 0.2488 0.2295 0.2120 0.1965 0.1826 0.1727 0.1749 0.2035 0.3628
0.3426 0.1749 0.1791 0.1993 0.2207 0.2434 0.2672 0.2921 0.3179 0.3439 0.3688 0.3904 0.4063 0.4154 0.4194 0.4201 0.4188 0.4163 0.4127 0.4082 0.4028 0.3964 0.3888 0.3798 0.3691 0.3565 0.3415 0.3237 0.3022 0.2744 0.2412 0.2063 0.1835 0.1770 0.1808 0.1927 0.2071 0.2235 0.2420 0.2627 0.2853 0.3096 0.3349 0.3601 0.3830 0.4012 0.4128 0.4184 0.4202 0.4193 0.4175 0.4193 0.4202 0.4184 0.4128 0.4012 0.3830 0.3601 0.3349 0.3096 0.2853 0.2627 0.2420 0.2235 0.2071 0.1927 0.1808 0.1770 0.1835 0.2063 0.2412 0.2744 0.3022 0.3237 0.3415 0.3565 0.3691 0.3798 0.3888 0.3964 0.4028 0.4082 0.4127 0.4163 0.4188 0.4201 0.4194 0.4154 0.4063 0.3904 0.3688 0.3439 0.3179 0.2921 0.2672 0.2434 0.2207 0.1993 0.1791 0.1749 0.3426
0.3238 0.1727 0.1993 0.2298 0.2624 0.2955 0.3279 0.3582 0.3840 0.4030 0.4140 0.4190 0.4202 0.4192 0.4168 0.4134 0.4090 0.4038 0.3975 0.3902 0.3815 0.3711 0.3588 0.3443 0.3270 0.3062 0.2796 0.2471 0.2118 0.1861 0.1773 0.1795 0.1904 0.2045 0.2206 0.2387 0.2590 0.2813 0.3053 0.3306 0.3558 0.3794 0.3986 0.4113 0.4178 0.4200 0.4197 0.4178 0.4148 0.4104 0.4066 0.4104 0.4148 0.4178 0.4197 0.4200 0.4178 0.4113 0.3986 0.3794 0.3558 0.3306 0.3053 0.2813 0.2590 0.2387 0.2206 0.2045 0.1904 0.1795 0.1773 0.1861 0.2118 0.2471 0.2796 0.3062 0.3270 0.3443 0.3588 0.3711 0.3815 0.3902 0.3975 0.4038 0.4090 0.4134 0.4168 0.4192 0.4202 0.4190 0.4140 0.4030 0.3840 0.3582 0.3279 0.2955 0.2624 0.2298 0.1993 0.1727 0.3238
0.3091 0.1826 0.2207 0.2624 0.3063 0.3484 0.3837 0.4065 0.4169 0.4200 0.4196 0.4174 0.4141 0.4099 0.4048 0.3987 0.3915 0.3831 0.3730 0.3611 0.3469 0.3302 0.3100 0.2848 0.2530 0.2177 0.1893 0.1779 0.1785 0.1882 0.2020 0.2177 0.2355 0.2554 0.2773 0.3011 0.3262 0.3516 0.3756 0.3957 0.4096 0.4170 0.4199 0.4199 0.4182 0.4154 0.4115 0.4067 0.4010 0.3938 0.3877 0.3938 0.4010 0.4067 0.4115 0.4154 0.4182 0.4199 0.4199 0.4170 0.4096 0.3957 0.3756 0.3516 0.3262 0.3011 0.2773 0.2554 0.2355 0.2177 0.2020 0.1882 0.1785 0.1779 0.1893 0.2177 0.2530 0.2848 0.3100 0.3302 0.3469 0.3611 0.3730 0.3831 0.3915 0.3987 0.4048 0.4099 0.4141 0.4174 0.4196 0.4200 0.4169 0.4065 0.3837 0.3484 0.3063 0.2624 0.2207 0.1826 0.3091
0.3021 0.1965 0.2434 0.2955 0.3484 0.3914 0.4137 0.4198 0.4192 0.4160 0.4117 0.4064 0.4003 0.3931 0.3848 0.3749 0.3633 0.3495 0.3332 0.3137 0.2896 0.2587 0.2238 0.1930 0.1787 0.1777 0.1861 0.1995 0.2149 0.2323 0.2518 0.2735 0.2970 0.3219 0.3473 0.3717 0.3927 0.4077 0.4161 0.4196 0.4200 0.4186 0.4159 0.4122 0.4076 0.4021 0.3956 0.3878 0.3787 0.3670 0.3570 0.3670 0.3787 0.3878 0.3956 0.4021 0.4076 0.4122 0.4159 0.4186 0.4200 0.4196 0.4161 0.4077 0.3927 0.3717 0.3473 0.3219 0.2970 0.2735 0.2518 0.2323 0.2149 0.1995 0.1861 0.1777 0.1787 0.1930 0.2238 0.2587 0.2896 0.3137 0.3332 0.3495 0.3633 0.3749 0.3848 0.3931 0.4003 0.4064 0.4117 0.4160 0.4192 0.4198 0.4137 0.3914 0.3484 0.2955 0.2434 0.1965 0.3021
0.3004 0.2120 0.2672 0.3279 0.3837 0.4137 0.4200 0.4176 0.4124 0.4058 0.3980 0.3891 0.3787 0.3668 0.3530 0.3368 0.3178 0.2946 0.2645 0.2300 0.1973 0.1799 0.1773 0.1840 0.1971 0.2121 0.2292 0.2483 0.2696 0.2928 0.3175 0.3430 0.3677 0.3895 0.4056 0.4151 0.4193 0.4201 0.4189 0.4165 0.4129 0.4085 0.4031 0.3967 0.3892 0.3803 0.3698 0.3573 0.3424 0.3236 0.3074 0.3236 0.3424 0.3573 0.3698 0.3803 0.3892 0.3967 0.4031 0.4085 0.4129 0.4165 0.4189 0.4201 0.4193 0.4151 0.4056 0.3895 0.3677 0.3430 0.3175 0.2928 0.2696 0.2483 0.2292 0.2121 0.1971 0.1840 0.1773 0.1799 0.1973 0.2300 0.2645 0.2946 0.3178 0.3368 0.3530 0.3668 0.3787 0.3891 0.3980 0.4058 0.4124 0.4176 0.4200 0.4137 0.3837 0.3279 0.2672 0.2120 0.3004
0.3020 0.2295 0.2921 0.3582 0.4065 0.4198 0.4176 0.4110 0.4022 0.3915 0.3787 0.3638 0.3465 0.3266 0.3033 0.2742 0.2388 0.2031 0.1817 0.1769 0.1821 0.1947 0.2094 0.2261 0.2449 0.2659 0.2887 0.3132 0.3386 0.3636 0.3861 0.4033 0.4139 0.4189 0.4202 0.4193 0.4170 0.4136 0.4093 0.4041 0.3979 0.3906 0.3820 0.3717 0.3595 0.3451 0.3280 0.3074 0.2812 0.2476 0.2219 0.2476 0.2812 0.3074 0.3280 0.3451 0.3595 0.3717 0.3820 0.3906 0.3979 0.4041 0.4093 0.4136 0.4170 0.4193 0.4202 0.4189 0.4139 0.4033 0.3861 0.3636 0.3386 0.3132 0.2887 0.2659 0.2449 0.2261 0.2094 0.1947 0.1821 0.1769 0.1817 0.2031 0.2388 0.2742 0.3033 0.3266 0.3465 0.3638 0.3787 0.3915 0.4022 0.4110 0.4176 0.4198 0.4065 0.3582 0.2921 0.2295 0.3020
0.3060 0.2488 0.3179 0.3840 0.4169 0.4192 0.4124 0.4022 0.3890 0.3726 0.3525 0.3285 0.3000 0.2644 0.2212 0.1873 0.1761 0.1793 0.1914 0.2061 0.2227 0.2414 0.2620 0.2847 0.3090 0.3343 0.3595 0.3825 0.4008 0.4126 0.4183 0.4201 0.4195 0.4174 0.4142 0.4101 0.4050 0.3990 0.3920 0.3836 0.3736 0.3618 0.3477 0.3311 0.3112 0.2863 0.2548 0.2196 0.1904 0.1780 0.1758 0.1780 0.1904 0.2196 0.2548 0.2863 0.3112 0.3311 0.3477 0.3618 0.3736 0.3836 0.3920 0.3990 0.4050 0.4101 0.4142 0.4174 0.4195 0.4201 0.4183 0.4126 0.4008 0.3825 0.3595 0.3343 0.3090 0.2847 0.2620 0.2414 0.2227 0.2061 0.1914 0.1793 0.1761 0.1873 0.2212 0.2644 0.3000 0.3285 0.3525 0.3726 0.3890 0.4022 0.4124 0.4192 0.4169 0.3840 0.3179 0.2488 0.3060
0.3123 0.2702 0.3439 0.4030 0.4200 0.4160 0.4058 0.3915 0.3726 0.3484 0.3181 0.2803 0.2292 0.1850 0.1736 0.1828 0.1984 0.2159 0.2351 0.2564 0.2794 0.3039 0.3296 0.3551 0.3788 0.3982 0.4110 0.4177 0.4200 0.4198 0.4179 0.4149 0.4109 0.4060 0.4001 0.3932 0.3851 0.3754 0.3639 0.3503 0.3342 0.3149 0.2911 0.2605 0.2257 0.1943 0.1790 0.1775 0.1856 0.1988 0.2068 0.1988 0.1856 0.1775 0.1790 0.1943 0.2257 0.2605 0.2911 0.3149 0.3342 0.3503 0.3639 0.3754 0.3851 0.3932 0.4001 0.4060 0.4109 0.4149 0.4179 0.4198 0.4200 0.4177 0.4110 0.3982 0.3788 0.3551 0.3296 0.3039 0.2794 0.2564 0.2351 0.2159 0.1984 0.1828 0.1736 0.1850 0.2292 0.2803 0.3181 0.3484 0.3726 0.3915 0.4058 0.4160 0.4200 0.4030 0.3439 0.2702 0.3123
0.3205 0.2934 0.3688 0.4140 0.4196 0.4117 0.3980 0.3787 0.3525 0.3181 0.2732 0.2106 0.1733 0.1787 0.1970 0.2179 0.2411 0.2662 0.2929 0.3204 0.3478 0.3733 0.3946 0.4091 0.4169 0.4198 0.4199 0.4183 0.4154 0.4116 0.4069 0.4012 0.3945 0.3866 0.3772 0.3660 0.3528 0.3371 0.3185 0.2956 0.2660 0.2318 0.1987 0.1804 0.1771 0.1834 0.1963 0.2112 0.2285 0.2474 0.2587 0.2474 0.2285 0.2112 0.1963 0.1834 0.1771 0.1804 0.1987 0.2318 0.2660 0.2956 0.3185 0.3371 0.3528 0.3660 0.3772 0.3866 0.3945 0.4012 0.4069 0.4116 0.4154 0.4183 0.4199 0.4198 0.4169 0.4091 0.3946 0.3733 0.3478 0.3204 0.2929 0.2662 0.2411 0.2179 0.1970 0.1787 0.1733 0.2106 0.2732 0.3181 0.3525 0.3787 0.3980 0.4117 0.4196 0.4140 0.3688 0.2934 0.3205
0.3304 0.3181 0.3904 0.4190 0.4174 0.4064 0.3891 0.3638 0.3285 0.2803 0.2106 0.1712 0.1840 0.2068 0.2332 0.2627 0.2943 0.3268 0.3580 0.3850 0.4043 0.4150 0.4194 0.4201 0.4187 0.4160 0.4123 0.4078 0.4022 0.3957 0.3880 0.3789 0.3681 0.3552 0.3400 0.3219 0.2999 0.2715 0.2379 0.2035 0.1823 0.1770 0.1816 0.1940 0.2085 0.2251 0.2439 0.2647 0.2879 0.3121 0.3259 0.3121 0.2879 0.2647 0.2439 0.2251 0.2085 0.1940 0.1816 0.1770 0.1823 0.2035 0.2379 0.2715 0.2999 0.3219 0.3400 0.3552 0.3681 0.3789 0.3880 0.3957 0.4022 0.4078 0.4123 0.4160 0.4187 0.4201 0.4194 0.4150 0.4043 0.3850 0.3580 0.3268 0.2943 0.2627 0.2332 0.2068 0.1840 0.1712 0.2106 0.2803 0.3285 0.3638 0.3891 0.4064 0.4174 0.4190 0.3904 0.3181 0.3304
0.3418 0.3434 0.4063 0.4202 0.4141 0.4003 0.3788 0.3465 0.3000 0.2292 0.1733 0.1840 0.2102 0.2414 0.2767 0.3148 0.3524 0.3850 0.4069 0.4171 0.4200 0.4194 0.4170 0.4134 0.4089 0.4034 0.3970 0.3895 0.3806 0.3701 0.3576 0.3428 0.3252 0.3040 0.2768 0.2439 0.2088 0.1846 0.1771 0.1801 0.1917 0.2059 0.2222 0.2405 0.2610 0.2835 0.3076 0.3329 0.3585 0.3816 0.3923 0.3816 0.3585 0.3329 0.3076 0.2835 0.2610 0.2405 0.2222 0.2059 0.1917 0.1801 0.1771 0.1846 0.2088 0.2439 0.2768 0.3040 0.3252 0.3428 0.3576 0.3701 0.3806 0.3895 0.3970 0.4034 0.4089 0.4134 0.4170 0.4194 0.4200 0.4171 0.4069 0.3850 0.3524 0.3148 0.2767 0.2414 0.2102 0.1840 0.1733 0.2292 0.3000 0.3465 0.3787 0.4003 0.4141 0.4202 0.4063 0.3434 0.3418
0.3543 0.3681 0.4154 0.4192 0.4099 0.3932 0.3669 0.3266 0.2644 0.1850 0.1787 0.2068 0.2414 0.2815 0.3252 0.3673 0.3996 0.4156 0.4200 0.4191 0.4158 0.4113 0.4058 0.3993 0.3917 0.3829 0.3724 0.3602 0.3457 0.3285 0.3080 0.2821 0.2498 0.2145 0.1875 0.1775 0.1790 0.1894 0.2033 0.2192 0.2372 0.2573 0.2795 0.3034 0.3286 0.3539 0.3777 0.3973 0.4107 0.4174 0.4187 0.4174 0.4107 0.3973 0.3777 0.3539 0.3286 0.3034 0.2795 0.2573 0.2372 0.2192 0.2033 0.1894 0.1790 0.1775 0.1875 0.2145 0.2498 0.2821 0.3080 0.3285 0.3457 0.3602 0.3724 0.3829 0.3917 0.3993 0.4058 0.4113 0.4158 0.4191 0.4200 0.4156 0.3996 0.3673 0.3252 0.2815 0.2414 0.2068 0.1787 0.1850 0.2644 0.3266 0.3668 0.3931 0.4099 0.4192 0.4154 0.3681 0.3543
0.3673 0.3897 0.4194 0.4168 0.4048 0.3848 0.3530 0.3033 0.2212 0.1736 0.1970 0.2332 0.2767 0.3252 0.3720 0.4052 0.4183 0.4198 0.4167 0.4116 0.4051 0.3973 0.3882 0.3774 0.3650 0.3503 0.3332 0.3130 0.2882 0.2564 0.2209 0.1910 0.1782 0.1781 0.1872 0.2008 0.2164 0.2340 0.2538 0.2756 0.2992 0.3242 0.3496 0.3738 0.3943 0.4087 0.4166 0.4198 0.4200 0.4182 0.4161 0.4182 0.4200 0.4198 0.4166 0.4087 0.3943 0.3738 0.3496 0.3242 0.2992 0.2756 0.2538 0.2340 0.2164 0.2008 0.1872 0.1781 0.1782 0.1910 0.2209 0.2564 0.2882 0.3130 0.3332 0.3503 0.3650 0.3774 0.3882 0.3973 0.4051 0.4116 0.4167 0.4198 0.4183 0.4052 0.3720 0.3252 0.2767 0.2332 0.1970 0.1736 0.2212 0.3033 0.3530 0.3848 0.4048 0.4168 0.4194 0.3897 0.3673
0.3801 0.4058 0.4201 0.4134 0.3987 0.3749 0.3368 0.2742 0.1873 0.1828 0.2179 0.2627 0.3148 0.3673 0.4052 0.4189 0.4193 0.4149 0.4081 0.3996 0.3892 0.3767 0.3618 0.3443 0.3238 0.2994 0.2681 0.2313 0.1968 0.1792 0.1772 0.1849 0.1983 0.2135 0.2308 0.2502 0.2717 0.2951 0.3199 0.3453 0.3699 0.3912 0.4068 0.4157 0.4195 0.4201 0.4188 0.4162 0.4125 0.4077 0.4035 0.4077 0.4125 0.4162 0.4188 0.4201 0.4195 0.4157 0.4068 0.3912 0.3699 0.3453 0.3199 0.2951 0.2717 0.2502 0.2308 0.2135 0.1983 0.1849 0.1772 0.1792 0.1968 0.2313 0.2681 0.2994 0.3238 0.3443 0.3618 0.3767 0.3892 0.3996 0.4081 0.4149 0.4193 0.4189 0.4052 0.3673 0.3148 0.2627 0.2179 0.1828 0.1873 0.2742 0.3368 0.3749 0.3987 0.4134 0.4201 0.4058 0.3801
0.3919 0.4153 0.4188 0.4090 0.3915 0.3633 0.3178 0.2388 0.1761 0.1984 0.2411 0.2944 0.3524 0.3996 0.4183 0.4193 0.4142 0.4062 0.3959 0.3829 0.3668 0.3471 0.3234 0.2948 0.2578 0.2146 0.1838 0.1758 0.1811 0.1944 0.2097 0.2270 0.2463 0.2676 0.2908 0.3156 0.3410 0.3658 0.3879 0.4046 0.4146 0.4191 0.4202 0.4191 0.4167 0.4132 0.4089 0.4036 0.3973 0.3894 0.3826 0.3894 0.3973 0.4036 0.4089 0.4132 0.4167 0.4191 0.4202 0.4191 0.4146 0.4046 0.3879 0.3658 0.3410 0.3156 0.2908 0.2676 0.2463 0.2270 0.2097 0.1944 0.1811 0.1758 0.1838 0.2146 0.2578 0.2948 0.3234 0.3471 0.3668 0.3829 0.3959 0.4062 0.4142 0.4193 0.4183 0.3996 0.3524 0.2943 0.2411 0.1984 0.1761 0.2388 0.3178 0.3633 0.3915 0.4090 0.4188 0.4153 0.3919
0.4019 0.4196 0.4163 0.4038 0.3831 0.3495 0.2946 0.2031 0.1793 0.2159 0.2662 0.3268 0.3850 0.4156 0.4198 0.4149 0.4062 0.3946 0.3795 0.3601 0.3358 0.3056 0.2668 0.2160 0.1804 0.1747 0.1856 0.2015 0.2194 0.2393 0.2611 0.2849 0.3100 0.3358 0.3613 0.3843 0.4022 0.4133 0.4186 0.4202 0.4194 0.4172 0.4139 0.4097 0.4045 0.3984 0.3912 0.3827 0.3726 0.3597 0.3488 0.3597 0.3726 0.3827 0.3912 0.3984 0.4045 0.4097 0.4139 0.4172 0.4194 0.4202 0.4186 0.4133 0.4022 0.3843 0.3613 0.3358 0.3100 0.2849 0.2611 0.2393 0.2194 0.2015 0.1856 0.1747 0.1804 0.2160 0.2668 0.3056 0.3358 0.3601 0.3795 0.3946 0.4062 0.4149 0.4198 0.4156 0.3850 0.3268 0.2662 0.2159 0.1793 0.2031 0.2946 0.3495 0.3831 0.4038 0.4163 0.4196 0.4019
0.4097 0.4206 0.4127 0.3975 0.3730 0.3332 0.2645 0.1817 0.1914 0.2351 0.2929 0.3580 0.4069 0.4200 0.4167 0.4081 0.3959 0.3795 0.3578 0.3297 0.2937 0.2439 0.1898 0.1721 0.1839 0.2021 0.2229 0.2462 0.2715 0.2984 0.3261 0.3536 0.3786 0.3986 0.4115 0.4180 0.4201 0.4196 0.4176 0.4145 0.4105 0.4055 0.3995 0.3925 0.3843 0.3744 0.3628 0.3489 0.3325 0.3116 0.2934 0.3116 0.3325 0.3489 0.3628 0.3744 0.3843 0.3925 0.3995 0.4055 0.4105 0.4145 0.4176 0.4196 0.4201 0.4180 0.4115 0.3986 0.3786 0.3536 0.3261 0.2984 0.2715 0.2462 0.2229 0.2021 0.1839 0.1721 0.1898 0.2439 0.2937 0.3297 0.3578 0.3795 0.3959 0.4081 0.4167 0.4200 0.4069 0.3580 0.2929 0.2351 0.1914 0.1817 0.2645 0.3332 0.3730 0.3975 0.4127 0.4206 0.4097
0.4152 0.4196 0.4082 0.3902 0.3611 0.3137 0.2300 0.1769 0.2061 0.2564 0.3204 0.3850 0.4171 0.4191 0.4116 0.3996 0.3829 0.3601 0.3297 0.2896 0.2311 0.1791 0.1748 0.1939 0.2165 0.2425 0.2715 0.3025 0.3341 0.3642 0.3898 0.4073 0.4164 0.4198 0.4199 0.4181 0.4152 0.4113 0.4064 0.4006 0.3938 0.3858 0.3762 0.3649 0.3515 0.3355 0.3165 0.2932 0.2630 0.2277 0.2032 0.2277 0.2630 0.2932 0.3165 0.3355 0.3515 0.3649 0.3762 0.3858 0.3938 0.4006 0.4064 0.4113 0.4152 0.4181 0.4199 0.4198 0.4164 0.4073 0.3898 0.3642 0.3341 0.3025 0.2715 0.2425 0.2165 0.1939 0.1748 0.1791 0.2311 0.2896 0.3297 0.3601 0.3829 0.3996 0.4116 0.4191 0.4171 0.3850 0.3204 0.2564 0.2061 0.1769 0.2300 0.3137 0.3611 0.3902 0.4082 0.4196 0.4152
0.4188 0.4173 0.4028 0.3815 0.3469 0.2896 0.1973 0.1821 0.2227 0.2794 0.3478 0.4043 0.4200 0.4159 0.4051 0.3892 0.3668 0.3358 0.2937 0.2311 0.1764 0.1782 0.2003 0.2270 0.2580 0.2923 0.3285 0.3633 0.3922 0.4103 0.4182 0.4201 0.4190 0.4163 0.4124 0.4076 0.4020 0.3952 0.3873 0.3780 0.3670 0.3539 0.3385 0.3200 0.2976 0.2686 0.2346 0.2008 0.1812 0.1770 0.1782 0.1770 0.1812 0.2008 0.2346 0.2686 0.2976 0.3200 0.3385 0.3539 0.3670 0.3780 0.3873 0.3952 0.4020 0.4076 0.4124 0.4163 0.4190 0.4201 0.4182 0.4103 0.3922 0.3633 0.3285 0.2923 0.2580 0.2270 0.2003 0.1782 0.1764 0.2311 0.2937 0.3358 0.3668 0.3892 0.4051 0.4158 0.4200 0.4043 0.3478 0.2794 0.2227 0.1821 0.1973 0.2896 0.3469 0.3815 0.4028 0.4173 0.4188
0.4209 0.4139 0.3964 0.3711 0.3302 0.2587 0.1799 0.1947 0.2414 0.3039 0.3733 0.4150 0.4194 0.4114 0.3973 0.3767 0.3471 0.3056 0.2439 0.1791 0.1782 0.2026 0.2324 0.2677 0.3068 0.3471 0.3833 0.4076 0.4180 0.4201 0.4184 0.4149 0.4102 0.4045 0.3977 0.3898 0.3805 0.3696 0.3567 0.3416 0.3236 0.3019 0.2740 0.2407 0.2059 0.1833 0.1770 0.1809 0.1931 0.2075 0.2161 0.2075 0.1931 0.1809 0.1770 0.1833 0.2059 0.2407 0.2740 0.3019 0.3236 0.3416 0.3567 0.3696 0.3805 0.3898 0.3977 0.4045 0.4102 0.4149 0.4184 0.4201 0.4180 0.4076 0.3833 0.3471 0.3068 0.2677 0.2324 0.2026 0.1782 0.1791 0.2439 0.3056 0.3471 0.3767 0.3973 0.4113 0.4194 0.4150 0.3733 0.3039 0.2414 0.1947 0.1799 0.2587 0.3302 0.3711 0.3964 0.4139 0.4209
0.4221 0.4094 0.3888 0.3588 0.3100 0.2238 0.1773 0.2094 0.2620 0.3295 0.3945 0.4194 0.4170 0.4058 0.3882 0.3618 0.3234 0.2668 0.1898 0.1748 0.2003 0.2324 0.2709 0.3141 0.3580 0.3945 0.4143 0.4199 0.4190 0.4152 0.4097 0.4031 0.3951 0.3858 0.3747 0.3618 0.3466 0.3287 0.3075 0.2806 0.2476 0.2118 0.1859 0.1772 0.1795 0.1906 0.2047 0.2208 0.2393 0.2595 0.2714 0.2595 0.2393 0.2208 0.2047 0.1906 0.1795 0.1772 0.1859 0.2118 0.2476 0.2806 0.3075 0.3287 0.3466 0.3618 0.3747 0.3858 0.3951 0.4031 0.4097 0.4152 0.4190 0.4199 0.4143 0.3945 0.3580 0.3141 0.2709 0.2324 0.2003 0.1748 0.1898 0.2668 0.3234 0.3618 0.3882 0.4058 0.4170 0.4194 0.3946 0.3296 0.2620 0.2094 0.1773 0.2238 0.3100 0.3588 0.3888 0.4094 0.4221
0.4225 0.4037 0.3798 0.3443 0.2848 0.1930 0.1840 0.2261 0.2847 0.3550 0.4090 0.4201 0.4134 0.3993 0.3775 0.3443 0.2948 0.2160 0.1721 0.1939 0.2270 0.2677 0.3141 0.3615 0.3993 0.4169 0.4201 0.4173 0.4119 0.4048 0.3960 0.3854 0.3726 0.3574 0.3394 0.3182 0.2926 0.2595 0.2219 0.1905 0.1777 0.1782 0.1881 0.2020 0.2178 0.2357 0.2557 0.2777 0.3019 0.3268 0.3406 0.3268 0.3019 0.2777 0.2557 0.2357 0.2178 0.2020 0.1881 0.1782 0.1777 0.1905 0.2219 0.2595 0.2926 0.3182 0.3394 0.3574 0.3726 0.3854 0.3960 0.4048 0.4119 0.4173 0.4201 0.4169 0.3993 0.3615 0.3141 0.2677 0.2270 0.1939 0.1721 0.2160 0.2948 0.3443 0.3774 0.3993 0.4134 0.4201 0.4091 0.3551 0.2847 0.2261 0.1840 0.1930 0.2848 0.3443 0.3798 0.4037 0.4225
0.4221 0.3968 0.3691 0.3270 0.2530 0.1787 0.1971 0.2450 0.3090 0.3788 0.4168 0.4187 0.4089 0.3918 0.3650 0.3238 0.2578 0.1804 0.1839 0.2165 0.2580 0.3068 0.3580 0.3993 0.4175 0.4199 0.4160 0.4094 0.4007 0.3898 0.3762 0.3595 0.3393 0.3150 0.2852 0.2462 0.2045 0.1800 0.1762 0.1841 0.1980 0.2138 0.2317 0.2515 0.2735 0.2972 0.3222 0.3477 0.3724 0.3931 0.4018 0.3931 0.3724 0.3477 0.3222 0.2972 0.2735 0.2515 0.2317 0.2138 0.1980 0.1841 0.1762 0.1800 0.2045 0.2462 0.2852 0.3150 0.3393 0.3595 0.3762 0.3898 0.4007 0.4094 0.4160 0.4199 0.4175 0.3993 0.3580 0.3068 0.2580 0.2165 0.1839 0.1804 0.2578 0.3238 0.3650 0.3917 0.4089 0.4187 0.4169 0.3788 0.3090 0.2449 0.1971 0.1787 0.2530 0.3270 0.3691 0.3968 0.4221
0.4209 0.3884 0.3565 0.3062 0.2177 0.1777 0.2121 0.2659 0.3343 0.3982 0.4198 0.4160 0.4034 0.3829 0.3504 0.2994 0.2146 0.1747 0.2021 0.2425 0.2923 0.3471 0.3945 0.4169 0.4199 0.4156 0.4081 0.3981 0.3852 0.3688 0.3482 0.3226 0.2908 0.2482 0.2007 0.1761 0.1768 0.1898 0.2060 0.2243 0.2446 0.2669 0.2911 0.3165 0.3425 0.3676 0.3896 0.4057 0.4153 0.4192 0.4194 0.4192 0.4153 0.4057 0.3896 0.3676 0.3425 0.3165 0.2911 0.2669 0.2446 0.2243 0.2060 0.1898 0.1768 0.1761 0.2007 0.2482 0.2908 0.3226 0.3482 0.3688 0.3852 0.3981 0.4081 0.4156 0.4199 0.4169 0.3945 0.3471 0.2923 0.2425 0.2021 0.1747 0.2146 0.2994 0.3503 0.3829 0.4034 0.4160 0.4198 0.3982 0.3343 0.2659 0.2121 0.1777 0.2177 0.3062 0.3565 0.3884 0.4209
0.4188 0.3784 0.3415 0.2796 0.1893 0.1861 0.2292 0.2887 0.3595 0.4110 0.4199 0.4123 0.3970 0.3725 0.3333 0.2683 0.1839 0.1855 0.2229 0.2715 0.3285 0.3833 0.4143 0.4201 0.4160 0.4081 0.3972 0.3828 0.3641 0.3399 0.3092 0.2692 0.2145 0.1775 0.1753 0.1903 0.2088 0.2299 0.2533 0.2786 0.3056 0.3334 0.3603 0.3843 0.4027 0.4137 0.4188 0.4202 0.4193 0.4167 0.4141 0.4167 0.4193 0.4202 0.4188 0.4137 0.4027 0.3843 0.3603 0.3334 0.3056 0.2786 0.2533 0.2299 0.2088 0.1903 0.1753 0.1775 0.2145 0.2692 0.3092 0.3399 0.3641 0.3828 0.3972 0.4081 0.4160 0.4201 0.4143 0.3833 0.3285 0.2715 0.2229 0.1856 0.1838 0.2681 0.3332 0.3724 0.3970 0.4123 0.4199 0.4110 0.3595 0.2887 0.2292 0.1861 0.1893 0.2796 0.3415 0.3784 0.4188
0.4159 0.3668 0.3237 0.2471 0.1779 0.1995 0.2483 0.3132 0.3825 0.4177 0.4183 0.4078 0.3895 0.3602 0.3131 0.2314 0.1758 0.2014 0.2461 0.3024 0.3633 0.4076 0.4199 0.4173 0.4094 0.3981 0.3828 0.3624 0.3355 0.3005 0.2523 0.1937 0.1716 0.1842 0.2041 0.2272 0.2535 0.2823 0.3127 0.3435 0.3721 0.3954 0.4105 0.4178 0.4201 0.4196 0.4175 0.4143 0.4101 0.4046 0.4000 0.4046 0.4101 0.4143 0.4175 0.4196 0.4201 0.4178 0.4105 0.3954 0.3721 0.3435 0.3127 0.2823 0.2535 0.2272 0.2041 0.1842 0.1716 0.1937 0.2523 0.3005 0.3355 0.3624 0.3828 0.3981 0.4094 0.4173 0.4199 0.4076 0.3633 0.3025 0.2462 0.2015 0.1758 0.2313 0.3130 0.3602 0.3895 0.4078 0.4183 0.4177 0.3825 0.3132 0.2483 0.1995 0.1779 0.2471 0.3237 0.3668 0.4159
0.4121 0.3534 0.3022 0.2118 0.1785 0.2149 0.2696 0.3386 0.4008 0.4200 0.4154 0.4022 0.3806 0.3457 0.2882 0.1968 0.1811 0.2193 0.2714 0.3341 0.3922 0.4180 0.4190 0.4119 0.4007 0.3852 0.3641 0.3355 0.2976 0.2428 0.1841 0.1730 0.1919 0.2155 0.2431 0.2744 0.3083 0.3429 0.3750 0.3997 0.4137 0.4193 0.4200 0.4184 0.4154 0.4113 0.4062 0.4003 0.3933 0.3845 0.3770 0.3845 0.3933 0.4003 0.4062 0.4113 0.4154 0.4184 0.4200 0.4193 0.4137 0.3997 0.3750 0.3429 0.3083 0.2744 0.2431 0.2155 0.1919 0.1730 0.1841 0.2428 0.2976 0.3355 0.3641 0.3852 0.4007 0.4119 0.4190 0.4180 0.3922 0.3341 0.2715 0.2194 0.1811 0.1968 0.2882 0.3457 0.3806 0.4022 0.4154 0.4200 0.4008 0.3386 0.2696 0.2149 0.1785 0.2118 0.3022 0.3534 0.4121
0.4075 0.3378 0.2744 0.1861 0.1882 0.2323 0.2928 0.3636 0.4126 0.4198 0.4116 0.3957 0.3701 0.3285 0.2564 0.1792 0.1943 0.2393 0.2983 0.3642 0.4103 0.4201 0.4152 0.4048 0.3898 0.3688 0.3399 0.3005 0.2428 0.1814 0.1751 0.1969 0.2236 0.2552 0.2910 0.3292 0.3664 0.3963 0.4134 0.4195 0.4198 0.4175 0.4136 0.4087 0.4027 0.3957 0.3875 0.3778 0.3664 0.3521 0.3400 0.3521 0.3664 0.3778 0.3875 0.3957 0.4027 0.4087 0.4136 0.4175 0.4198 0.4195 0.4134 0.3963 0.3664 0.3292 0.2910 0.2552 0.2236 0.1969 0.1751 0.1814 0.2428 0.3005 0.3399 0.3688 0.3898 0.4048 0.4152 0.4201 0.4103 0.3642 0.2984 0.2393 0.1944 0.1792 0.2564 0.3285 0.3701 0.3957 0.4116 0.4198 0.4126 0.3636 0.2928 0.2323 0.1882 0.1861 0.2744 0.3378 0.4075
0.4020 0.3192 0.2412 0.1773 0.2020 0.2518 0.3175 0.3861 0.4183 0.4179 0.4069 0.3880 0.3576 0.3080 0.2209 0.1772 0.2097 0.2611 0.3261 0.3898 0.4182 0.4184 0.4097 0.3960 0.3762 0.3482 0.3092 0.2523 0.1841 0.1751 0.1986 0.2277 0.2627 0.3023 0.3440 0.3822 0.4080 0.4185 0.4200 0.4176 0.4132 0.4075 0.4006 0.3924 0.3827 0.3713 0.3579 0.3420 0.3234 0.2997 0.2786 0.2997 0.3234 0.3420 0.3579 0.3713 0.3827 0.3924 0.4006 0.4075 0.4132 0.4176 0.4200 0.4185 0.4080 0.3822 0.3440 0.3023 0.2627 0.2277 0.1986 0.1751 0.1841 0.2523 0.3092 0.3482 0.3762 0.3960 0.4097 0.4184 0.4182 0.3898 0.3261 0.2611 0.2097 0.1772 0.2209 0.3080 0.3576 0.3880 0.4069 0.4179 0.4183 0.3861 0.3175 0.2518 0.2020 0.1773 0.2412 0.3192 0.4020
0.3954 0.2967 0.2063 0.1795 0.2177 0.2735 0.3430 0.4033 0.4201 0.4149 0.4012 0.3789 0.3428 0.2821 0.1910 0.1849 0.2270 0.2849 0.3536 0.4073 0.4201 0.4149 0.4031 0.3854 0.3595 0.3226 0.2692 0.1937 0.1730 0.1969 0.2277 0.2652 0.3080 0.3528 0.3914 0.4135 0.4199 0.4189 0.4147 0.4087 0.4011 0.3919 0.3809 0.3676 0.3519 0.3333 0.3113 0.2842 0.2496 0.2118 0.1898 0.2118 0.2496 0.2842 0.3113 0.3333 0.3519 0.3676 0.3809 0.3919 0.4011 0.4087 0.4147 0.4189 0.4199 0.4135 0.3914 0.3528 0.3080 0.2652 0.2277 0.1969 0.1730 0.1937 0.2692 0.3226 0.3595 0.3854 0.4031 0.4149 0.4201 0.4073 0.3536 0.2849 0.2270 0.1849 0.1910 0.2821 0.3428 0.3789 0.4012 0.4149 0.4201 0.4033 0.3430 0.2735 0.2177 0.1795 0.2063 0.2967 0.3954
0.3873 0.2675 0.1835 0.1904 0.2355 0.2970 0.3677 0.4139 0.4195 0.4109 0.3945 0.3681 0.3252 0.2498 0.1782 0.1983 0.2463 0.3100 0.3786 0.4164 0.4190 0.4102 0.3951 0.3726 0.3393 0.2908 0.2145 0.1716 0.1919 0.2236 0.2627 0.3080 0.3556 0.3955 0.4158 0.4201 0.4176 0.4121 0.4045 0.3951 0.3834 0.3690 0.3514 0.3303 0.3050 0.2728 0.2326 0.1948 0.1775 0.1775 0.1818 0.1775 0.1775 0.1948 0.2326 0.2728 0.3050 0.3303 0.3514 0.3690 0.3834 0.3951 0.4045 0.4121 0.4176 0.4201 0.4158 0.3955 0.3556 0.3080 0.2627 0.2236 0.1919 0.1716 0.2145 0.2908 0.3393 0.3726 0.3951 0.4102 0.4190 0.4164 0.3786 0.3100 0.2463 0.1983 0.1782 0.2498 0.3252 0.3681 0.3945 0.4109 0.4195 0.4139 0.3677 0.2970 0.2355 0.1904 0.1835 0.2675 0.3873
0.3774 0.2333 0.1770 0.2045 0.2554 0.3219 0.3895 0.4189 0.4174 0.4060 0.3866 0.3552 0.3040 0.2145 0.1781 0.2135 0.2676 0.3358 0.3986 0.4198 0.4163 0.4045 0.3858 0.3574 0.3150 0.2482 0.1775 0.1842 0.2155 0.2552 0.3023 0.3528 0.3955 0.4164 0.4200 0.4166 0.4101 0.4013 0.3901 0.3758 0.3579 0.3357 0.3084 0.2737 0.2279 0.1881 0.1748 0.1802 0.1949 0.2114 0.2213 0.2114 0.1949 0.1802 0.1748 0.1881 0.2279 0.2737 0.3084 0.3357 0.3579 0.3758 0.3901 0.4013 0.4101 0.4166 0.4200 0.4164 0.3955 0.3528 0.3023 0.2552 0.2155 0.1842 0.1775 0.2482 0.3150 0.3574 0.3858 0.4045 0.4163 0.4198 0.3986 0.3358 0.2676 0.2135 0.1781 0.2145 0.3040 0.3552 0.3866 0.4060 0.4174 0.4189 0.3895 0.3219 0.2554 0.2045 0.1770 0.2333 0.3774
0.3649 0.1991 0.1808 0.2206 0.2773 0.3473 0.4056 0.4202 0.4142 0.4001 0.3772 0.3400 0.2768 0.1875 0.1872 0.2308 0.2908 0.3613 0.4115 0.4199 0.4124 0.3977 0.3747 0.3394 0.2852 0.2007 0.1753 0.2041 0.2431 0.2910 0.3440 0.3914 0.4158 0.4200 0.4163 0.4091 0.3993 0.3865 0.3699 0.3486 0.3217 0.2877 0.2409 0.1919 0.1733 0.1809 0.1974 0.2163 0.2381 0.2615 0.2752 0.2615 0.2381 0.2163 0.1974 0.1809 0.1733 0.1919 0.2408 0.2878 0.3218 0.3486 0.3698 0.3865 0.3993 0.4091 0.4163 0.4200 0.4158 0.3914 0.3440 0.2910 0.2431 0.2041 0.1753 0.2007 0.2852 0.3394 0.3747 0.3977 0.4124 0.4199 0.4115 0.3613 0.2908 0.2308 0.1872 0.1875 0.2768 0.3400 0.3772 0.4001 0.4142 0.4202 0.4056 0.3473 0.2773 0.2206 0.1808 0.1991 0.3649
0.3486 0.1791 0.1927 0.2387 0.3011 0.3717 0.4151 0.4193 0.4101 0.3932 0.3660 0.3219 0.2439 0.1775 0.2008 0.2502 0.3156 0.3843 0.4180 0.4182 0.4077 0.3898 0.3618 0.3182 0.2461 0.1761 0.1903 0.2272 0.2744 0.3292 0.3822 0.4135 0.4201 0.4166 0.4091 0.3986 0.3846 0.3661 0.3420 0.3109 0.2700 0.2130 0.1757 0.1766 0.1940 0.2147 0.2385 0.2650 0.2941 0.3240 0.3404 0.3240 0.2941 0.2650 0.2385 0.2147 0.1940 0.1766 0.1756 0.2128 0.2701 0.3110 0.3421 0.3661 0.3846 0.3986 0.4091 0.4166 0.4201 0.4135 0.3822 0.3292 0.2744 0.2272 0.1903 0.1761 0.2462 0.3182 0.3618 0.3898 0.4076 0.4181 0.4180 0.3843 0.3156 0.2502 0.2008 0.1775 0.2439 0.3219 0.3660 0.3932 0.4101 0.4193 0.4151 0.3717 0.3011 0.2387 0.1927 0.1791 0.3486
0.3302 0.1747 0.2071 0.2590 0.3262 0.3927 0.4193 0.4170 0.4050 0.3851 0.3528 0.2999 0.2088 0.1790 0.2164 0.2717 0.3410 0.4022 0.4201 0.4152 0.4020 0.3806 0.3466 0.2926 0.2046 0.1768 0.2088 0.2535 0.3083 0.3664 0.4080 0.4199 0.4176 0.4101 0.3993 0.3846 0.3648 0.3385 0.3041 0.2566 0.1957 0.1714 0.1847 0.2057 0.2306 0.2591 0.2907 0.3240 0.3575 0.3860 0.3982 0.3860 0.3575 0.3240 0.2907 0.2591 0.2307 0.2058 0.1848 0.1714 0.1957 0.2566 0.3042 0.3386 0.3648 0.3846 0.3993 0.4101 0.4176 0.4199 0.4080 0.3664 0.3083 0.2535 0.2088 0.1768 0.2045 0.2926 0.3466 0.3805 0.4020 0.4152 0.4201 0.4022 0.3410 0.2717 0.2164 0.1790 0.2088 0.2999 0.3528 0.3851 0.4050 0.4170 0.4193 0.3927 0.3262 0.2590 0.2071 0.1747 0.3302
0.3135 0.1801 0.2235 0.2813 0.3516 0.4077 0.4201 0.4136 0.3990 0.3754 0.3371 0.2715 0.1846 0.1894 0.2340 0.2951 0.3658 0.4133 0.4196 0.4113 0.3953 0.3696 0.3288 0.2597 0.1801 0.1897 0.2299 0.2823 0.3429 0.3963 0.4185 0.4189 0.4121 0.4013 0.3865 0.3661 0.3385 0.3018 0.2491 0.1873 0.1721 0.1911 0.2152 0.2439 0.2769 0.3129 0.3497 0.3827 0.4062 0.4170 0.4187 0.4170 0.4062 0.3827 0.3496 0.3129 0.2769 0.2440 0.2153 0.1911 0.1721 0.1873 0.2491 0.3018 0.3386 0.3661 0.3865 0.4013 0.4121 0.4189 0.4185 0.3963 0.3429 0.2823 0.2299 0.1898 0.1800 0.2595 0.3287 0.3696 0.3952 0.4113 0.4196 0.4133 0.3658 0.2951 0.2340 0.1894 0.1846 0.2715 0.3371 0.3754 0.3990 0.4136 0.4201 0.4077 0.3516 0.2813 0.2235 0.1801 0.3135
0.3037 0.1924 0.2420 0.3053 0.3756 0.4161 0.4189 0.4093 0.3920 0.3639 0.3185 0.2379 0.1771 0.2033 0.2538 0.3199 0.3879 0.4186 0.4176 0.4064 0.3874 0.3568 0.3075 0.2222 0.1762 0.2060 0.2533 0.3127 0.3750 0.4134 0.4200 0.4147 0.4045 0.3901 0.3699 0.3420 0.3041 0.2491 0.1849 0.1735 0.1950 0.2218 0.2539 0.2907 0.3304 0.3690 0.3994 0.4152 0.4200 0.4190 0.4164 0.4190 0.4200 0.4153 0.3994 0.3690 0.3304 0.2907 0.2539 0.2218 0.1950 0.1735 0.1849 0.2491 0.3042 0.3421 0.3698 0.3901 0.4045 0.4147 0.4200 0.4134 0.3750 0.3127 0.2533 0.2060 0.1762 0.2219 0.3075 0.3567 0.3873 0.4064 0.4176 0.4186 0.3879 0.3199 0.2538 0.2033 0.1771 0.2379 0.3185 0.3639 0.3920 0.4093 0.4189 0.4161 0.3756 0.3053 0.2420 0.1924 0.3037
0.3006 0.2068 0.2627 0.3306 0.3957 0.4196 0.4165 0.4041 0.3836 0.3503 0.2956 0.2035 0.1801 0.2192 0.2756 0.3453 0.4046 0.4202 0.4145 0.4006 0.3781 0.3417 0.2809 0.1906 0.1840 0.2243 0.2786 0.3435 0.3997 0.4195 0.4176 0.4087 0.3951 0.3758 0.3486 0.3110 0.2566 0.1873 0.1735 0.1964 0.2252 0.2600 0.3000 0.3426 0.3820 0.4085 0.4188 0.4198 0.4169 0.4114 0.4062 0.4114 0.4168 0.4198 0.4188 0.4085 0.3821 0.3427 0.3000 0.2600 0.2252 0.1964 0.1735 0.1873 0.2566 0.3110 0.3486 0.3758 0.3951 0.4087 0.4176 0.4195 0.3997 0.3435 0.2786 0.2243 0.1841 0.1905 0.2806 0.3416 0.3780 0.4006 0.4145 0.4202 0.4046 0.3453 0.2756 0.2192 0.1801 0.2035 0.2956 0.3503 0.3836 0.4041 0.4165 0.4196 0.3957 0.3306 0.2627 0.2068 0.3006
0.3011 0.2231 0.2853 0.3558 0.4096 0.4200 0.4129 0.3979 0.3736 0.3342 0.2660 0.1823 0.1917 0.2372 0.2992 0.3699 0.4146 0.4194 0.4104 0.3938 0.3670 0.3237 0.2477 0.1776 0.1980 0.2446 0.3056 0.3721 0.4137 0.4198 0.4132 0.4011 0.3834 0.3579 0.3218 0.2701 0.1957 0.1721 0.1950 0.2252 0.2621 0.3047 0.3498 0.3897 0.4130 0.4199 0.4188 0.4143 0.4078 0.3988 0.3908 0.3988 0.4078 0.4143 0.4188 0.4199 0.4131 0.3898 0.3498 0.3047 0.2621 0.2252 0.1950 0.1721 0.1957 0.2701 0.3218 0.3579 0.3834 0.4011 0.4132 0.4198 0.4137 0.3721 0.3056 0.2446 0.1980 0.1777 0.2476 0.3236 0.3670 0.3938 0.4105 0.4194 0.4146 0.3699 0.2992 0.2372 0.1917 0.1823 0.2660 0.3342 0.3736 0.3979 0.4129 0.4200 0.4096 0.3558 0.2853 0.2231 0.3011
0.3042 0.2415 0.3096 0.3794 0.4170 0.4186 0.4085 0.3906 0.3618 0.3149 0.2318 0.1770 0.2059 0.2573 0.3242 0.3912 0.4191 0.4172 0.4055 0.3858 0.3539 0.3019 0.2118 0.1782 0.2138 0.2669 0.3334 0.3954 0.4193 0.4175 0.4075 0.3919 0.3690 0.3357 0.2878 0.2128 0.1714 0.1911 0.2218 0.2600 0.3047 0.3522 0.3933 0.4151 0.4201 0.4177 0.4121 0.4043 0.3944 0.3807 0.3684 0.3807 0.3943 0.4043 0.4121 0.4177 0.4201 0.4151 0.3933 0.3522 0.3047 0.2600 0.2218 0.1911 0.1714 0.2128 0.2878 0.3357 0.3690 0.3919 0.4075 0.4175 0.4193 0.3954 0.3334 0.2669 0.2138 0.1782 0.2118 0.3019 0.3539 0.3858 0.4055 0.4172 0.4191 0.3912 0.3242 0.2573 0.2059 0.1770 0.2318 0.3149 0.3618 0.3906 0.4085 0.4186 0.4170 0.3794 0.3096 0.2415 0.3042
0.3097 0.2621 0.3349 0.3986 0.4199 0.4159 0.4031 0.3820 0.3477 0.2911 0.1987 0.1816 0.2222 0.2795 0.3496 0.4068 0.4202 0.4139 0.3995 0.3762 0.3385 0.2740 0.1859 0.1881 0.2317 0.2911 0.3603 0.4105 0.4200 0.4136 0.4006 0.3809 0.3514 0.3084 0.2408 0.1756 0.1848 0.2153 0.2539 0.3000 0.3498 0.3933 0.4157 0.4201 0.4169 0.4105 0.4016 0.3901 0.3753 0.3548 0.3363 0.3548 0.3752 0.3901 0.4016 0.4105 0.4169 0.4201 0.4157 0.3933 0.3498 0.3000 0.2539 0.2153 0.1848 0.1756 0.2408 0.3084 0.3514 0.3809 0.4006 0.4136 0.4200 0.4105 0.3603 0.2911 0.2317 0.1881 0.1859 0.2740 0.3385 0.3762 0.3995 0.4139 0.4202 0.4068 0.3496 0.2795 0.2222 0.1816 0.1987 0.2911 0.3477 0.3820 0.4031 0.4159 0.4199 0.3986 0.3349 0.2621 0.3097
0.3172 0.2846 0.3601 0.4113 0.4199 0.4122 0.3967 0.3717 0.3311 0.2605 0.1804 0.1940 0.2405 0.3034 0.3738 0.4157 0.4191 0.4097 0.3925 0.3649 0.3200 0.2407 0.1772 0.2020 0.2515 0.3165 0.3843 0.4178 0.4184 0.4087 0.3924 0.3676 0.3303 0.2737 0.1919 0.1766 0.2058 0.2440 0.2907 0.3427 0.3898 0.4151 0.4201 0.4167 0.4096 0.3999 0.3871 0.3703 0.3486 0.3184 0.2911 0.3183 0.3485 0.3703 0.3871 0.3999 0.4096 0.4167 0.4201 0.4151 0.3898 0.3427 0.2907 0.2440 0.2058 0.1766 0.1919 0.2737 0.3303 0.3676 0.3924 0.4087 0.4184 0.4178 0.3843 0.3165 0.2515 0.2020 0.1772 0.2407 0.3200 0.3649 0.3925 0.4097 0.4191 0.4157 0.3738 0.3034 0.2405 0.1940 0.1804 0.2605 0.3311 0.3717 0.3967 0.4122 0.4199 0.4113 0.3601 0.2846 0.3172
0.3265 0.3088 0.3830 0.4178 0.4182 0.4076 0.3892 0.3595 0.3112 0.2257 0.1771 0.2085 0.2610 0.3286 0.3943 0.4195 0.4167 0.4045 0.3843 0.3515 0.2976 0.2059 0.1795 0.2178 0.2735 0.3425 0.4027 0.4201 0.4154 0.4027 0.3827 0.3519 0.3050 0.2279 0.1733 0.1940 0.2307 0.2769 0.3304 0.3821 0.4131 0.4201 0.4169 0.4096 0.3993 0.3855 0.3672 0.3431 0.3117 0.2671 0.2256 0.2669 0.3116 0.3430 0.3672 0.3855 0.3993 0.4096 0.4169 0.4201 0.4131 0.3821 0.3304 0.2769 0.2307 0.1940 0.1733 0.2279 0.3050 0.3519 0.3827 0.4027 0.4154 0.4201 0.4027 0.3425 0.2735 0.2178 0.1795 0.2059 0.2976 0.3515 0.3843 0.4045 0.4167 0.4195 0.3943 0.3286 0.2610 0.2085 0.1771 0.2257 0.3112 0.3595 0.3892 0.4076 0.4182 0.4178 0.3830 0.3088 0.3265
0.3374 0.3340 0.4012 0.4200 0.4154 0.4021 0.3803 0.3451 0.2863 0.1943 0.1834 0.2251 0.2835 0.3539 0.4087 0.4201 0.4132 0.3984 0.3744 0.3355 0.2686 0.1833 0.1906 0.2357 0.2972 0.3676 0.4137 0.4196 0.4113 0.3957 0.3713 0.3333 0.2728 0.1881 0.1809 0.2147 0.2591 0.3129 0.3690 0.4085 0.4199 0.4177 0.4105 0.3999 0.3855 0.3661 0.3403 0.3060 0.2587 0.1962 0.1697 0.1961 0.2585 0.3059 0.3402 0.3661 0.3855 0.3999 0.4105 0.4177 0.4199 0.4085 0.3690 0.3129 0.2591 0.2147 0.1809 0.1881 0.2728 0.3333 0.3713 0.3957 0.4113 0.4196 0.4137 0.3676 0.2972 0.2357 0.1906 0.1833 0.2686 0.3355 0.3744 0.3984 0.4132 0.4201 0.4087 0.3539 0.2835 0.2251 0.1834 0.1943 0.2863 0.3451 0.3803 0.4021 0.4154 0.4200 0.4012 0.3340 0.3374
0.3495 0.3591 0.4128 0.4197 0.4115 0.3956 0.3698 0.3280 0.2548 0.1790 0.1963 0.2439 0.3076 0.3777 0.4166 0.4188 0.4089 0.3912 0.3628 0.3165 0.2346 0.1770 0.2047 0.2557 0.3222 0.3896 0.4188 0.4175 0.4062 0.3875 0.3579 0.3113 0.2326 0.1748 0.1974 0.2385 0.2907 0.3496 0.3994 0.4188 0.4188 0.4121 0.4016 0.3871 0.3672 0.3402 0.3041 0.2526 0.1894 0.1719 0.1806 0.1719 0.1893 0.2524 0.3040 0.3402 0.3672 0.3871 0.4016 0.4121 0.4188 0.4188 0.3994 0.3496 0.2907 0.2385 0.1974 0.1748 0.2326 0.3113 0.3579 0.3875 0.4062 0.4175 0.4188 0.3896 0.3222 0.2557 0.2047 0.1770 0.2346 0.3165 0.3628 0.3912 0.4089 0.4188 0.4166 0.3777 0.3076 0.2439 0.1963 0.1790 0.2548 0.3280 0.3698 0.3956 0.4115 0.4197 0.4128 0.3591 0.3495
0.3624 0.3821 0.4184 0.4178 0.4067 0.3878 0.3573 0.3074 0.2196 0.1775 0.2112 0.2647 0.3329 0.3973 0.4198 0.4162 0.4036 0.3827 0.3489 0.2932 0.2008 0.1809 0.2208 0.2777 0.3477 0.4057 0.4202 0.4143 0.4003 0.3778 0.3420 0.2842 0.1948 0.1802 0.2163 0.2650 0.3240 0.3827 0.4153 0.4198 0.4143 0.4043 0.3901 0.3703 0.3430 0.3059 0.2525 0.1870 0.1733 0.1944 0.2073 0.1944 0.1733 0.1869 0.2524 0.3059 0.3430 0.3703 0.3901 0.4043 0.4143 0.4198 0.4153 0.3827 0.3240 0.2650 0.2163 0.1802 0.1948 0.2842 0.3420 0.3778 0.4003 0.4143 0.4202 0.4057 0.3477 0.2777 0.2208 0.1809 0.2008 0.2932 0.3489 0.3827 0.4036 0.4162 0.4198 0.3973 0.3329 0.2647 0.2112 0.1775 0.2196 0.3074 0.3573 0.3878 0.4067 0.4178 0.4184 0.3821 0.3624
0.3755 0.4009 0.4202 0.4148 0.4010 0.3787 0.3424 0.2812 0.1904 0.1856 0.2285 0.2879 0.3585 0.4107 0.4200 0.4125 0.3973 0.3726 0.3325 0.2630 0.1812 0.1931 0.2393 0.3019 0.3724 0.4153 0.4193 0.4101 0.3933 0.3664 0.3234 0.2496 0.1775 0.1949 0.2381 0.2941 0.3575 0.4062 0.4200 0.4168 0.4078 0.3943 0.3752 0.3485 0.3116 0.2585 0.1893 0.1733 0.1966 0.2251 0.2423 0.2251 0.1967 0.1733 0.1893 0.2585 0.3116 0.3485 0.3752 0.3943 0.4078 0.4168 0.4200 0.4062 0.3575 0.2941 0.2381 0.1949 0.1775 0.2496 0.3234 0.3664 0.3933 0.4101 0.4193 0.4153 0.3724 0.3019 0.2393 0.1931 0.1812 0.2630 0.3325 0.3726 0.3973 0.4125 0.4200 0.4107 0.3585 0.2879 0.2285 0.1856 0.1904 0.2812 0.3424 0.3787 0.4010 0.4148 0.4202 0.4009 0.3754
0.3886 0.4128 0.4193 0.4104 0.3938 0.3670 0.3236 0.2476 0.1780 0.1988 0.2474 0.3121 0.3816 0.4174 0.4182 0.4077 0.3894 0.3597 0.3116 0.2277 0.1770 0.2075 0.2595 0.3268 0.3931 0.4192 0.4167 0.4046 0.3845 0.3521 0.2997 0.2118 0.1775 0.2114 0.2615 0.3240 0.3860 0.4170 0.4190 0.4114 0.3988 0.3807 0.3548 0.3184 0.2670 0.1961 0.1719 0.1944 0.2251 0.2609 0.2806 0.2609 0.2251 0.1944 0.1719 0.1961 0.2670 0.3184 0.3548 0.3807 0.3988 0.4114 0.4190 0.4170 0.3860 0.3240 0.2615 0.2114 0.1775 0.2118 0.2997 0.3521 0.3845 0.4046 0.4167 0.4192 0.3931 0.3268 0.2595 0.2075 0.1770 0.2277 0.3116 0.3597 0.3894 0.4077 0.4182 0.4174 0.3816 0.3121 0.2474 0.1988 0.1780 0.2476 0.3236 0.3670 0.3938 0.4104 0.4193 0.4128 0.3886
0.3964 0.4161 0.4175 0.4066 0.3876 0.3570 0.3074 0.2219 0.1758 0.2068 0.2587 0.3259 0.3923 0.4187 0.4161 0.4035 0.3826 0.3488 0.2934 0.2032 0.1782 0.2161 0.2714 0.3406 0.4018 0.4194 0.4141 0.4000 0.3770 0.3400 0.2786 0.1898 0.1818 0.2213 0.2752 0.3404 0.3982 0.4187 0.4164 0.4062 0.3908 0.3684 0.3363 0.2910 0.2254 0.1697 0.1807 0.2074 0.2423 0.2806 0.3006 0.2806 0.2423 0.2074 0.1807 0.1697 0.2254 0.2910 0.3363 0.3684 0.3908 0.4062 0.4164 0.4187 0.3982 0.3404 0.2752 0.2213 0.1818 0.1898 0.2786 0.3400 0.3770 0.4000 0.4141 0.4194 0.4018 0.3406 0.2714 0.2161 0.1782 0.2032 0.2934 0.3488 0.3826 0.4035 0.4161 0.4187 0.3923 0.3259 0.2587 0.2068 0.1758 0.2219 0.3074 0.3570 0.3877 0.4066 0.4175 0.4161 0.3964
0.3886 0.4128 0.4193 0.4104 0.3938 0.3670 0.3236 0.2476 0.1780 0.1988 0.2474 0.3121 0.3816 0.4174 0.4182 0.4077 0.3894 0.3597 0.3116 0.2277 0.1770 0.2075 0.2595 0.3268 0.3931 0.4192 0.4167 0.4046 0.3845 0.3521 0.2997 0.2118 0.1775 0.2114 0.2615 0.3240 0.3860 0.4170 0.4190 0.4114 0.3988 0.3807 0.3548 0.3184 0.2670 0.1961 0.1719 0.1944 0.2251 0.2609 0.2806 0.2609 0.2251 0.1944 0.1719 0.1961 0.2670 0.3184 0.3548 0.3807 0.3988 0.4114 0.4190 0.4170 0.3860 0.3240 0.2615 0.2114 0.1775 0.2118 0.2997 0.3521 0.3845 0.4046 0.4167 0.4192 0.3931 0.3268 0.2595 0.2075 0.1770 0.2277 0.3116 0.3597 0.3894 0.4077 0.4182 0.4174 0.3816 0.3121 0.2474 0.1988 0.1780 0.2476 0.3236 0.3670 0.3938 0.4104 0.4193 0.4128 0.3886
0.3755 0.4009 0.4202 0.4148 0.4010 0.3787 0.3424 0.2812 0.1904 0.1856 0.2285 0.2879 0.3585 0.4107 0.4200 0.4125 0.3973 0.3726 0.3325 0.2630 0.1812 0.1931 0.2393 0.3019 0.3724 0.4153 0.4193 0.4101 0.3933 0.3664 0.3234 0.2496 0.1775 0.1949 0.2381 0.2941 0.3575 0.4062 0.4200 0.4168 0.4078 0.3943 0.3752 0.3485 0.3116 0.2585 0.1893 0.1733 0.1967 0.2251 0.2423 0.2251 0.1967 0.1733 0.1893 0.2585 0.3116 0.3485 0.3752 0.3943 0.4078 0.4168 0.4200 0.4062 0.3575 0.2941 0.2381 0.1949 0.1775 0.2496 0.3234 0.3664 0.3933 0.4101 0.4193 0.4153 0.3724 0.3019 0.2393 0.1931 0.1812 0.2630 0.3325 0.3726 0.3973 0.4125 0.4200 0.4107 0.3585 0.2879 0.2285 0.1856 0.1904 0.2812 0.3424 0.3787 0.4010 0.4148 0.4202 0.4009 0.3754
0.3624 0.3821 0.4184 0.4178 0.4067 0.3878 0.3573 0.3074 0.2196 0.1775 0.2112 0.2647 0.3329 0.3973 0.4198 0.4162 0.4036 0.3827 0.3489 0.2932 0.2008 0.1809 0.2208 0.2777 0.3477 0.4057 0.4202 0.4143 0.4003 0.3778 0.3420 0.2842 0.1948 0.1802 0.2163 0.2650 0.3240 0.3827 0.4153 0.4198 0.4143 0.4043 0.3901 0.3703 0.3430 0.3059 0.2524 0.1869 0.1733 0.1944 0.2074 0.1944 0.1733 0.1869 0.2524 0.3059 0.3430 0.3703 0.3901 0.4043 0.4143 0.4198 0.4153 0.3827 0.3240 0.2650 0.2163 0.1802 0.1948 0.2842 0.3420 0.3778 0.4003 0.4143 0.4202 0.4057 0.3477 0.2777 0.2208 0.1809 0.2008 0.2932 0.3489 0.3827 0.4036 0.4162 0.4198 0.3973 0.3329 0.2647 0.2112 0.1775 0.2196 0.3074 0.3573 0.3878 0.4067 0.4178 0.4184 0.3821 0.3624
0.3495 0.3591 0.4128 0.4197 0.4115 0.3956 0.3698 0.3280 0.2548 0.1790 0.1963 0.2439 0.3076 0.3777 0.4166 0.4188 0.4089 0.3912 0.3628 0.3165 0.2346 0.1770 0.2047 0.2557 0.3222 0.3896 0.4188 0.4175 0.4062 0.3875 0.3579 0.3113 0.2326 0.1748 0.1974 0.2385 0.2907 0.3496 0.3994 0.4188 0.4188 0.4121 0.4016 0.3871 0.3672 0.3402 0.3040 0.2524 0.1893 0.1719 0.1807 0.1719 0.1893 0.2524 0.3040 0.3402 0.3672 0.3871 0.4016 0.4121 0.4188 0.4188 0.3994 0.3496 0.2907 0.2385 0.1974 0.1748 0.2326 0.3113 0.3579 0.3875 0.4062 0.4175 0.4188 0.3896 0.3222 0.2557 0.2047 0.1770 0.2346 0.3165 0.3628 0.3912 0.4089 0.4188 0.4166 0.3777 0.3076 0.2439 0.1963 0.1790 0.2548 0.3280 0.3698 0.3956 0.4115 0.4197 0.4128 0.3591 0.3495
0.3374 0.3340 0.4012 0.4200 0.4154 0.4021 0.3803 0.3451 0.2863 0.1943 0.1834 0.2251 0.2835 0.3539 0.4087 0.4201 0.4132 0.3984 0.3744 0.3355 0.2686 0.1833 0.1906 0.2357 0.2972 0.3676 0.4137 0.4196 0.4113 0.3957 0.3713 0.3333 0.2728 0.1881 0.1809 0.2147 0.2591 0.3129 0.3690 0.4085 0.4199 0.4177 0.4105 0.3999 0.3855 0.3661 0.3402 0.3059 0.2585 0.1961 0.1697 0.1961 0.2585 0.3059 0.3402 0.3661 0.3855 0.3999 0.4105 0.4177 0.4199 0.4085 0.3690 0.3129 0.2591 0.2147 0.1809 0.1881 0.2728 0.3333 0.3713 0.3957 0.4113 0.4196 0.4137 0.3676 0.2972 0.2357 0.1906 0.1833 0.2686 0.3355 0.3744 0.3984 0.4132 0.4201 0.4087 0.3539 0.2835 0.2251 0.1834 0.1943 0.2863 0.3451 0.3803 0.4021 0.4154 0.4200 0.4012 0.3340 0.3374
