-0.0074 0.0521 0.0488 0.0370 -0.0116 -0.0637 -0.0894 -0.1088 -0.1239 -0.1360 -0.1452 -0.1513 -0.1539 -0.1519 -0.1444 -0.1311 -0.1128 -0.0919 -0.0718 -0.0547 -0.0417 -0.0328 -0.0276 -0.0227 -0.0177 -0.0129 -0.0086 -0.0049 -0.0019 0.0011 0.0046 0.0089 0.0144 0.0224 0.0365 0.0485 0.0463 0.0072 -0.0487 -0.0809 -0.1022 -0.1187 -0.1318 -0.1421 -0.1494 -0.1534 -0.1532 -0.1479 -0.1369 -0.1184 -0.1015 -0.1184 -0.1369 -0.1479 -0.1532 -0.1534 -0.1494 -0.1421 -0.1318 -0.1187 -0.1022 -0.0809 -0.0487 0.0072 0.0463 0.0485 0.0365 0.0224 0.0144 0.0089 0.0046 0.0011 -0.0019 -0.0049 -0.0086 -0.0129 -0.0177 -0.0227 -0.0276 -0.0328 -0.0417 -0.0547 -0.0718 -0.0919 -0.1128 -0.1311 -0.1444 -0.1519 -0.1539 -0.1513 -0.1452 -0.1360 -0.1239 -0.1088 -0.0894 -0.0637 -0.0116 0.0370 0.0488 0.0521 -0.0074
0.0521 0.0915 -0.0729 -0.2155 -0.3175 -0.3270 -0.3345 -0.3395 -0.3412 -0.3385 -0.3296 -0.3123 -0.2832 -0.2391 -0.1801 -0.1170 -0.0684 -0.0389 -0.0223 -0.0132 -0.0070 -0.0023 0.0020 0.0067 0.0117 0.0168 0.0217 0.0264 0.0312 0.0387 0.0498 0.0694 0.0964 0.1022 0.0420 -0.0812 -0.1841 -0.2963 -0.3244 -0.3322 -0.3381 -0.3410 -0.3401 -0.3338 -0.3199 -0.2956 -0.2575 -0.2035 -0.1384 -0.0822 -0.0599 -0.0822 -0.1384 -0.2035 -0.2575 -0.2956 -0.3199 -0.3338 -0.3401 -0.3410 -0.3381 -0.3322 -0.3244 -0.2963 -0.1841 -0.0812 0.0420 0.1022 0.0964 0.0694 0.0498 0.0387 0.0312 0.0264 0.0217 0.0168 0.0117 0.0067 0.0020 -0.0023 -0.0070 -0.0132 -0.0223 -0.0389 -0.0684 -0.1170 -0.1801 -0.2391 -0.2832 -0.3123 -0.3296 -0.3385 -0.3412 -0.3395 -0.3345 -0.3270 -0.3175 -0.2155 -0.0729 0.0915 0.0521
0.0488 -0.0729 -0.3152 -0.3295 -0.3385 -0.3423 -0.3403 -0.3314 -0.3135 -0.2835 -0.2382 -0.1778 -0.1140 -0.0659 -0.0370 -0.0209 -0.0120 -0.0064 -0.0023 0.0010 0.0040 0.0072 0.0113 0.0162 0.0220 0.0287 0.0367 0.0471 0.0642 0.0936 0.1015 0.0593 -0.0587 -0.1672 -0.2688 -0.3249 -0.3328 -0.3387 -0.3417 -0.3407 -0.3343 -0.3201 -0.2954 -0.2564 -0.2012 -0.1366 -0.0813 -0.0458 -0.0256 -0.0144 -0.0101 -0.0144 -0.0256 -0.0458 -0.0813 -0.1366 -0.2012 -0.2564 -0.2954 -0.3201 -0.3343 -0.3407 -0.3417 -0.3387 -0.3328 -0.3249 -0.2688 -0.1672 -0.0587 0.0593 0.1015 0.0936 0.0642 0.0471 0.0367 0.0287 0.0220 0.0162 0.0113 0.0072 0.0040 0.0010 -0.0023 -0.0064 -0.0120 -0.0209 -0.0370 -0.0659 -0.1140 -0.1778 -0.2382 -0.2835 -0.3135 -0.3314 -0.3403 -0.3423 -0.3385 -0.3295 -0.3152 -0.0729 0.0488
0.0370 -0.2155 -0.3295 -0.3410 -0.3419 -0.3305 -0.3045 -0.2607 -0.1987 -0.1293 -0.0743 -0.0412 -0.0231 -0.0132 -0.0072 -0.0029 0.0004 0.0035 0.0067 0.0105 0.0153 0.0209 0.0275 0.0352 0.0451 0.0603 0.0915 0.1010 0.0752 -0.0373 -0.1529 -0.2480 -0.3234 -0.3316 -0.3379 -0.3414 -0.3412 -0.3358 -0.3232 -0.3005 -0.2642 -0.2117 -0.1476 -0.0893 -0.0506 -0.0284 -0.0161 -0.0092 -0.0044 -0.0005 0.0019 -0.0005 -0.0044 -0.0092 -0.0161 -0.0284 -0.0506 -0.0893 -0.1476 -0.2117 -0.2642 -0.3005 -0.3232 -0.3358 -0.3412 -0.3414 -0.3379 -0.3316 -0.3234 -0.2480 -0.1529 -0.0373 0.0752 0.1010 0.0915 0.0603 0.0451 0.0352 0.0275 0.0209 0.0153 0.0105 0.0067 0.0035 0.0004 -0.0029 -0.0072 -0.0132 -0.0231 -0.0412 -0.0743 -0.1293 -0.1987 -0.2607 -0.3045 -0.3305 -0.3419 -0.3410 -0.3295 -0.2155 0.0370
-0.0116 -0.3175 -0.3385 -0.3419 -0.3241 -0.2782 -0.2007 -0.1136 -0.0565 -0.0287 -0.0152 -0.0083 -0.0037 -0.0001 0.0030 0.0061 0.0098 0.0145 0.0199 0.0263 0.0338 0.0432 0.0570 0.0879 0.1001 0.0888 -0.0161 -0.1388 -0.2291 -0.3219 -0.3303 -0.3370 -0.3410 -0.3416 -0.3372 -0.3260 -0.3052 -0.2715 -0.2217 -0.1587 -0.0980 -0.0558 -0.0313 -0.0177 -0.0102 -0.0051 -0.0013 0.0018 0.0049 0.0085 0.0119 0.0085 0.0049 0.0018 -0.0013 -0.0051 -0.0102 -0.0177 -0.0313 -0.0558 -0.0980 -0.1587 -0.2217 -0.2715 -0.3052 -0.3260 -0.3372 -0.3416 -0.3410 -0.3370 -0.3303 -0.3219 -0.2291 -0.1388 -0.0161 0.0888 0.1001 0.0879 0.0570 0.0432 0.0338 0.0263 0.0199 0.0145 0.0098 0.0061 0.0030 -0.0001 -0.0037 -0.0083 -0.0152 -0.0287 -0.0565 -0.1136 -0.2007 -0.2782 -0.3241 -0.3419 -0.3385 -0.3175 -0.0116
-0.0637 -0.3270 -0.3423 -0.3305 -0.2782 -0.1757 -0.0763 -0.0309 -0.0134 -0.0060 -0.0015 0.0020 0.0053 0.0089 0.0135 0.0189 0.0251 0.0324 0.0413 0.0540 0.0798 0.0988 0.0985 0.0048 -0.1228 -0.2116 -0.3203 -0.3290 -0.3360 -0.3406 -0.3418 -0.3384 -0.3285 -0.3096 -0.2783 -0.2314 -0.1699 -0.1073 -0.0616 -0.0346 -0.0195 -0.0112 -0.0058 -0.0019 0.0013 0.0044 0.0076 0.0118 0.0169 0.0231 0.0284 0.0231 0.0169 0.0118 0.0076 0.0044 0.0013 -0.0019 -0.0058 -0.0112 -0.0195 -0.0346 -0.0616 -0.1073 -0.1699 -0.2314 -0.2783 -0.3096 -0.3285 -0.3384 -0.3418 -0.3406 -0.3360 -0.3290 -0.3203 -0.2116 -0.1228 0.0048 0.0985 0.0988 0.0798 0.0540 0.0413 0.0324 0.0251 0.0189 0.0135 0.0089 0.0053 0.0020 -0.0015 -0.0060 -0.0134 -0.0309 -0.0763 -0.1757 -0.2782 -0.3305 -0.3423 -0.3270 -0.0637
-0.0894 -0.3345 -0.3403 -0.3045 -0.2007 -0.0763 -0.0249 -0.0086 -0.0022 0.0022 0.0063 0.0112 0.0168 0.0232 0.0305 0.0392 0.0507 0.0721 0.0971 0.1007 0.0253 -0.0996 -0.1953 -0.3136 -0.3276 -0.3349 -0.3400 -0.3419 -0.3394 -0.3307 -0.3136 -0.2847 -0.2406 -0.1810 -0.1172 -0.0679 -0.0382 -0.0215 -0.0124 -0.0066 -0.0025 0.0008 0.0039 0.0071 0.0111 0.0160 0.0217 0.0283 0.0363 0.0470 0.0576 0.0470 0.0363 0.0283 0.0217 0.0160 0.0111 0.0071 0.0039 0.0008 -0.0025 -0.0066 -0.0124 -0.0215 -0.0382 -0.0679 -0.1172 -0.1810 -0.2406 -0.2847 -0.3136 -0.3307 -0.3394 -0.3419 -0.3400 -0.3349 -0.3276 -0.3136 -0.1953 -0.0996 0.0253 0.1007 0.0971 0.0721 0.0507 0.0392 0.0305 0.0232 0.0168 0.0112 0.0063 0.0022 -0.0022 -0.0086 -0.0249 -0.0763 -0.2007 -0.3045 -0.3403 -0.3345 -0.0894
-0.1088 -0.3395 -0.3314 -0.2607 -0.1136 -0.0309 -0.0086 -0.0010 0.0040 0.0098 0.0168 0.0248 0.0338 0.0444 0.0601 0.0942 0.1028 0.0502 -0.0735 -0.1794 -0.2883 -0.3262 -0.3338 -0.3393 -0.3418 -0.3402 -0.3327 -0.3173 -0.2906 -0.2493 -0.1920 -0.1275 -0.0749 -0.0421 -0.0237 -0.0135 -0.0075 -0.0031 0.0003 0.0033 0.0065 0.0103 0.0151 0.0206 0.0271 0.0348 0.0444 0.0592 0.0908 0.0970 0.0833 0.0970 0.0908 0.0592 0.0444 0.0348 0.0271 0.0206 0.0151 0.0103 0.0065 0.0033 0.0003 -0.0031 -0.0075 -0.0135 -0.0237 -0.0421 -0.0749 -0.1275 -0.1920 -0.2493 -0.2906 -0.3173 -0.3327 -0.3402 -0.3418 -0.3393 -0.3338 -0.3262 -0.2883 -0.1794 -0.0735 0.0502 0.1028 0.0942 0.0601 0.0444 0.0338 0.0248 0.0168 0.0098 0.0040 -0.0010 -0.0086 -0.0309 -0.1136 -0.2607 -0.3314 -0.3395 -0.1088
-0.1239 -0.3412 -0.3135 -0.1987 -0.0565 -0.0134 -0.0022 0.0040 0.0112 0.0201 0.0306 0.0430 0.0598 0.1000 0.1012 -0.0157 -0.1563 -0.2585 -0.3241 -0.3324 -0.3385 -0.3417 -0.3408 -0.3345 -0.3206 -0.2961 -0.2575 -0.2027 -0.1382 -0.0824 -0.0465 -0.0261 -0.0149 -0.0084 -0.0038 -0.0003 0.0028 0.0059 0.0096 0.0142 0.0196 0.0259 0.0334 0.0426 0.0560 0.0852 0.0997 0.0926 -0.0099 -0.1352 -0.1915 -0.1352 -0.0099 0.0926 0.0997 0.0852 0.0560 0.0426 0.0334 0.0259 0.0196 0.0142 0.0096 0.0059 0.0028 -0.0003 -0.0038 -0.0084 -0.0149 -0.0261 -0.0465 -0.0824 -0.1382 -0.2027 -0.2575 -0.2961 -0.3206 -0.3345 -0.3408 -0.3417 -0.3385 -0.3324 -0.3241 -0.2585 -0.1563 -0.0157 0.1012 0.1000 0.0598 0.0430 0.0306 0.0201 0.0112 0.0040 -0.0022 -0.0134 -0.0565 -0.1987 -0.3135 -0.3412 -0.1239
-0.1360 -0.3385 -0.2835 -0.1293 -0.0287 -0.0060 0.0022 0.0098 0.0201 0.0328 0.0483 0.0739 0.1164 -0.0132 -0.1928 -0.3179 -0.3286 -0.3365 -0.3412 -0.3416 -0.3366 -0.3242 -0.3016 -0.2655 -0.2132 -0.1491 -0.0905 -0.0513 -0.0288 -0.0163 -0.0093 -0.0045 -0.0008 0.0023 0.0054 0.0088 0.0134 0.0186 0.0248 0.0320 0.0408 0.0531 0.0777 0.0983 0.0993 0.0113 -0.1154 -0.2063 -0.3199 -0.3287 -0.3329 -0.3287 -0.3199 -0.2063 -0.1154 0.0113 0.0993 0.0983 0.0777 0.0531 0.0408 0.0320 0.0248 0.0186 0.0134 0.0088 0.0054 0.0023 -0.0008 -0.0045 -0.0093 -0.0163 -0.0288 -0.0513 -0.0905 -0.1491 -0.2132 -0.2655 -0.3016 -0.3242 -0.3366 -0.3416 -0.3412 -0.3365 -0.3286 -0.3179 -0.1928 -0.0132 0.1164 0.0739 0.0483 0.0328 0.0201 0.0098 0.0022 -0.0060 -0.0287 -0.1293 -0.2835 -0.3385 -0.1360
-0.1452 -0.3296 -0.2382 -0.0742 -0.0152 -0.0015 0.0063 0.0168 0.0306 0.0483 0.0802 0.0890 -0.1041 -0.3146 -0.3280 -0.3375 -0.3421 -0.3405 -0.3311 -0.3113 -0.2778 -0.2276 -0.1631 -0.1006 -0.0569 -0.0318 -0.0180 -0.0103 -0.0052 -0.0014 0.0018 0.0048 0.0082 0.0125 0.0177 0.0237 0.0307 0.0392 0.0506 0.0716 0.0966 0.1008 0.0312 -0.0925 -0.1903 -0.3053 -0.3272 -0.3346 -0.3398 -0.3419 -0.3415 -0.3419 -0.3398 -0.3346 -0.3272 -0.3053 -0.1903 -0.0925 0.0312 0.1008 0.0966 0.0716 0.0506 0.0392 0.0307 0.0237 0.0177 0.0125 0.0082 0.0048 0.0018 -0.0014 -0.0052 -0.0103 -0.0180 -0.0318 -0.0569 -0.1006 -0.1631 -0.2276 -0.2778 -0.3113 -0.3311 -0.3405 -0.3421 -0.3375 -0.3280 -0.3146 -0.1041 0.0890 0.0802 0.0483 0.0306 0.0168 0.0063 -0.0015 -0.0152 -0.0743 -0.2382 -0.3296 -0.1452
-0.1513 -0.3123 -0.1776 -0.0412 -0.0083 0.0020 0.0112 0.0248 0.0430 0.0739 0.0890 -0.1374 -0.3191 -0.3332 -0.3414 -0.3415 -0.3308 -0.3054 -0.2610 -0.1960 -0.1233 -0.0683 -0.0370 -0.0203 -0.0115 -0.0060 -0.0020 0.0012 0.0043 0.0076 0.0117 0.0167 0.0226 0.0294 0.0376 0.0483 0.0666 0.0947 0.1014 0.0499 -0.0705 -0.1752 -0.2810 -0.3257 -0.3335 -0.3391 -0.3418 -0.3404 -0.3331 -0.3182 -0.3058 -0.3182 -0.3331 -0.3404 -0.3418 -0.3391 -0.3335 -0.3257 -0.2810 -0.1752 -0.0705 0.0499 0.1014 0.0947 0.0666 0.0483 0.0376 0.0294 0.0226 0.0167 0.0117 0.0076 0.0043 0.0012 -0.0020 -0.0060 -0.0115 -0.0203 -0.0370 -0.0683 -0.1233 -0.1960 -0.2610 -0.3054 -0.3308 -0.3415 -0.3414 -0.3332 -0.3191 -0.1374 0.0890 0.0739 0.0430 0.0248 0.0112 0.0020 -0.0083 -0.0412 -0.1778 -0.3123 -0.1513
-0.1539 -0.2832 -0.1140 -0.0231 -0.0037 0.0053 0.0168 0.0338 0.0598 0.1164 -0.1041 -0.3191 -0.3348 -0.3424 -0.3384 -0.3172 -0.2714 -0.1963 -0.1116 -0.0553 -0.0276 -0.0143 -0.0075 -0.0030 0.0005 0.0037 0.0069 0.0109 0.0158 0.0215 0.0282 0.0360 0.0462 0.0624 0.0927 0.1013 0.0668 -0.0489 -0.1606 -0.2590 -0.3242 -0.3323 -0.3383 -0.3416 -0.3410 -0.3350 -0.3216 -0.2978 -0.2593 -0.2053 -0.1698 -0.2053 -0.2593 -0.2978 -0.3216 -0.3350 -0.3410 -0.3416 -0.3383 -0.3323 -0.3242 -0.2590 -0.1606 -0.0489 0.0668 0.1013 0.0927 0.0624 0.0462 0.0360 0.0282 0.0215 0.0158 0.0109 0.0069 0.0037 0.0005 -0.0030 -0.0075 -0.0143 -0.0276 -0.0553 -0.1116 -0.1963 -0.2714 -0.3172 -0.3384 -0.3424 -0.3348 -0.3191 -0.1041 0.1164 0.0598 0.0338 0.0168 0.0053 -0.0037 -0.0231 -0.1140 -0.2832 -0.1539
-0.1519 -0.2391 -0.0659 -0.0132 -0.0001 0.0089 0.0232 0.0444 0.1000 -0.0132 -0.3146 -0.3332 -0.3424 -0.3368 -0.3077 -0.2430 -0.1446 -0.0650 -0.0282 -0.0127 -0.0057 -0.0012 0.0023 0.0057 0.0097 0.0146 0.0202 0.0268 0.0345 0.0441 0.0586 0.0905 0.1006 0.0816 -0.0276 -0.1464 -0.2391 -0.3227 -0.3310 -0.3375 -0.3413 -0.3414 -0.3365 -0.3245 -0.3027 -0.2676 -0.2163 -0.1526 -0.0925 -0.0525 -0.0378 -0.0525 -0.0925 -0.1526 -0.2163 -0.2676 -0.3027 -0.3245 -0.3365 -0.3414 -0.3413 -0.3375 -0.3310 -0.3227 -0.2391 -0.1464 -0.0276 0.0816 0.1006 0.0905 0.0586 0.0441 0.0345 0.0268 0.0202 0.0146 0.0097 0.0057 0.0023 -0.0012 -0.0057 -0.0127 -0.0282 -0.0650 -0.1446 -0.2430 -0.3077 -0.3368 -0.3424 -0.3332 -0.3146 -0.0132 0.1000 0.0444 0.0232 0.0089 -0.0001 -0.0132 -0.0659 -0.2391 -0.1519
-0.1444 -0.1801 -0.0370 -0.0072 0.0030 0.0135 0.0305 0.0601 0.1012 -0.1928 -0.3280 -0.3414 -0.3384 -0.3077 -0.2323 -0.1199 -0.0462 -0.0177 -0.0070 -0.0015 0.0027 0.0067 0.0117 0.0175 0.0242 0.0319 0.0411 0.0540 0.0804 0.0996 0.0954 -0.0056 -0.1324 -0.2209 -0.3212 -0.3297 -0.3365 -0.3408 -0.3417 -0.3378 -0.3272 -0.3073 -0.2747 -0.2262 -0.1638 -0.1022 -0.0584 -0.0328 -0.0184 -0.0105 -0.0069 -0.0105 -0.0184 -0.0328 -0.0584 -0.1022 -0.1638 -0.2262 -0.2747 -0.3073 -0.3272 -0.3378 -0.3417 -0.3408 -0.3365 -0.3297 -0.3212 -0.2209 -0.1324 -0.0056 0.0954 0.0996 0.0804 0.0540 0.0411 0.0319 0.0242 0.0175 0.0117 0.0067 0.0027 -0.0015 -0.0070 -0.0177 -0.0462 -0.1199 -0.2323 -0.3077 -0.3384 -0.3414 -0.3280 -0.1928 0.1012 0.0601 0.0305 0.0135 0.0030 -0.0072 -0.0370 -0.1801 -0.1444
-0.1311 -0.1170 -0.0209 -0.0029 0.0061 0.0189 0.0392 0.0942 -0.0157 -0.3179 -0.3375 -0.3415 -0.3172 -0.2430 -0.1199 -0.0412 -0.0140 -0.0046 0.0009 0.0054 0.0111 0.0179 0.0258 0.0350 0.0462 0.0637 0.0967 0.1032 0.0259 -0.1038 -0.2024 -0.3194 -0.3283 -0.3355 -0.3403 -0.3418 -0.3388 -0.3296 -0.3115 -0.2813 -0.2356 -0.1750 -0.1118 -0.0644 -0.0362 -0.0204 -0.0117 -0.0062 -0.0022 0.0013 0.0037 0.0013 -0.0022 -0.0062 -0.0117 -0.0204 -0.0362 -0.0644 -0.1118 -0.1750 -0.2356 -0.2813 -0.3115 -0.3296 -0.3388 -0.3418 -0.3403 -0.3355 -0.3283 -0.3194 -0.2024 -0.1038 0.0259 0.1032 0.0967 0.0637 0.0462 0.0350 0.0258 0.0179 0.0111 0.0054 0.0009 -0.0046 -0.0140 -0.0412 -0.1199 -0.2430 -0.3172 -0.3415 -0.3375 -0.3179 -0.0157 0.0942 0.0392 0.0189 0.0061 -0.0029 -0.0209 -0.1170 -0.1311
-0.1128 -0.0684 -0.0120 0.0004 0.0098 0.0251 0.0507 0.1028 -0.1563 -0.3286 -0.3421 -0.3308 -0.2713 -0.1447 -0.0462 -0.0140 -0.0038 0.0020 0.0074 0.0146 0.0232 0.0335 0.0459 0.0650 0.1025 0.0883 -0.0396 -0.1738 -0.2870 -0.3261 -0.3340 -0.3396 -0.3419 -0.3398 -0.3318 -0.3153 -0.2875 -0.2446 -0.1861 -0.1218 -0.0710 -0.0399 -0.0225 -0.0129 -0.0070 -0.0028 0.0006 0.0036 0.0068 0.0110 0.0147 0.0110 0.0068 0.0036 0.0006 -0.0028 -0.0070 -0.0129 -0.0225 -0.0399 -0.0710 -0.1218 -0.1861 -0.2446 -0.2875 -0.3153 -0.3318 -0.3398 -0.3419 -0.3396 -0.3340 -0.3261 -0.2870 -0.1738 -0.0396 0.0883 0.1025 0.0650 0.0459 0.0335 0.0232 0.0146 0.0074 0.0020 -0.0038 -0.0140 -0.0462 -0.1446 -0.2714 -0.3308 -0.3421 -0.3286 -0.1563 0.1028 0.0507 0.0251 0.0098 0.0004 -0.0120 -0.0684 -0.1128
-0.0919 -0.0389 -0.0064 0.0035 0.0145 0.0324 0.0721 0.0502 -0.2585 -0.3365 -0.3405 -0.3054 -0.1964 -0.0651 -0.0177 -0.0046 0.0020 0.0081 0.0164 0.0267 0.0392 0.0558 0.0956 0.0957 -0.0509 -0.2116 -0.3201 -0.3303 -0.3377 -0.3416 -0.3411 -0.3346 -0.3199 -0.2943 -0.2540 -0.1974 -0.1326 -0.0783 -0.0441 -0.0248 -0.0141 -0.0079 -0.0034 0.0000 0.0031 0.0062 0.0100 0.0147 0.0202 0.0270 0.0327 0.0270 0.0202 0.0147 0.0100 0.0062 0.0031 0.0000 -0.0034 -0.0079 -0.0141 -0.0248 -0.0441 -0.0783 -0.1326 -0.1974 -0.2540 -0.2943 -0.3199 -0.3346 -0.3411 -0.3416 -0.3377 -0.3303 -0.3201 -0.2116 -0.0509 0.0957 0.0956 0.0558 0.0392 0.0267 0.0164 0.0081 0.0020 -0.0046 -0.0177 -0.0650 -0.1963 -0.3054 -0.3405 -0.3365 -0.2585 0.0502 0.0721 0.0324 0.0145 0.0035 -0.0064 -0.0389 -0.0919
-0.0718 -0.0223 -0.0023 0.0067 0.0199 0.0413 0.0971 -0.0735 -0.3241 -0.3412 -0.3311 -0.2610 -0.1118 -0.0282 -0.0070 0.0009 0.0074 0.0164 0.0279 0.0423 0.0632 0.1206 0.0176 -0.1878 -0.3189 -0.3307 -0.3389 -0.3422 -0.3393 -0.3280 -0.3056 -0.2684 -0.2140 -0.1475 -0.0879 -0.0492 -0.0275 -0.0156 -0.0088 -0.0041 -0.0005 0.0026 0.0057 0.0092 0.0138 0.0192 0.0254 0.0327 0.0418 0.0551 0.0708 0.0551 0.0418 0.0327 0.0254 0.0192 0.0138 0.0092 0.0057 0.0026 -0.0005 -0.0041 -0.0088 -0.0156 -0.0275 -0.0492 -0.0879 -0.1475 -0.2140 -0.2684 -0.3056 -0.3280 -0.3393 -0.3422 -0.3389 -0.3307 -0.3189 -0.1878 0.0176 0.1206 0.0632 0.0423 0.0279 0.0164 0.0074 0.0009 -0.0070 -0.0282 -0.1116 -0.2610 -0.3311 -0.3412 -0.3241 -0.0735 0.0971 0.0413 0.0199 0.0067 -0.0023 -0.0223 -0.0718
-0.0547 -0.0132 0.0010 0.0105 0.0263 0.0540 0.1007 -0.1794 -0.3324 -0.3416 -0.3113 -0.1960 -0.0554 -0.0128 -0.0015 0.0054 0.0146 0.0267 0.0423 0.0661 0.1196 -0.0422 -0.2917 -0.3261 -0.3371 -0.3423 -0.3395 -0.3258 -0.2971 -0.2486 -0.1805 -0.1095 -0.0597 -0.0322 -0.0177 -0.0100 -0.0049 -0.0011 0.0020 0.0051 0.0085 0.0130 0.0182 0.0243 0.0314 0.0400 0.0520 0.0747 0.0976 0.0911 0.0504 0.0911 0.0976 0.0747 0.0520 0.0400 0.0314 0.0243 0.0182 0.0130 0.0085 0.0051 0.0020 -0.0011 -0.0049 -0.0100 -0.0177 -0.0322 -0.0597 -0.1095 -0.1805 -0.2486 -0.2971 -0.3258 -0.3395 -0.3423 -0.3371 -0.3261 -0.2917 -0.0422 0.1196 0.0661 0.0423 0.0267 0.0146 0.0054 -0.0015 -0.0127 -0.0553 -0.1960 -0.3113 -0.3416 -0.3324 -0.1794 0.1007 0.0540 0.0263 0.0105 0.0010 -0.0132 -0.0547
-0.0417 -0.0070 0.0040 0.0153 0.0338 0.0798 0.0253 -0.2883 -0.3385 -0.3366 -0.2778 -0.1233 -0.0276 -0.0057 0.0026 0.0111 0.0232 0.0392 0.0632 0.1196 -0.0626 -0.3141 -0.3299 -0.3401 -0.3421 -0.3319 -0.3038 -0.2509 -0.1724 -0.0945 -0.0471 -0.0238 -0.0125 -0.0063 -0.0021 0.0013 0.0044 0.0078 0.0121 0.0172 0.0231 0.0301 0.0384 0.0495 0.0692 0.0957 0.1012 0.0400 -0.0829 -0.1842 -0.2515 -0.1842 -0.0829 0.0400 0.1012 0.0957 0.0692 0.0495 0.0384 0.0301 0.0231 0.0172 0.0121 0.0078 0.0044 0.0013 -0.0021 -0.0063 -0.0125 -0.0238 -0.0471 -0.0945 -0.1724 -0.2509 -0.3038 -0.3319 -0.3421 -0.3401 -0.3299 -0.3141 -0.0626 0.1196 0.0632 0.0392 0.0232 0.0111 0.0027 -0.0057 -0.0276 -0.1233 -0.2778 -0.3366 -0.3385 -0.2883 0.0253 0.0798 0.0338 0.0153 0.0040 -0.0070 -0.0417
-0.0328 -0.0023 0.0072 0.0209 0.0432 0.0988 -0.0996 -0.3262 -0.3417 -0.3242 -0.2276 -0.0683 -0.0143 -0.0013 0.0066 0.0179 0.0335 0.0558 0.1206 -0.0422 -0.3141 -0.3311 -0.3413 -0.3407 -0.3234 -0.2799 -0.2018 -0.1086 -0.0491 -0.0223 -0.0105 -0.0045 -0.0004 0.0031 0.0065 0.0107 0.0158 0.0218 0.0286 0.0367 0.0471 0.0642 0.0938 0.1015 0.0579 -0.0606 -0.1685 -0.2707 -0.3252 -0.3330 -0.3366 -0.3330 -0.3252 -0.2707 -0.1685 -0.0606 0.0579 0.1015 0.0938 0.0642 0.0471 0.0367 0.0286 0.0218 0.0158 0.0107 0.0065 0.0031 -0.0004 -0.0045 -0.0105 -0.0223 -0.0491 -0.1086 -0.2018 -0.2799 -0.3233 -0.3407 -0.3413 -0.3311 -0.3141 -0.0422 0.1206 0.0558 0.0335 0.0179 0.0067 -0.0012 -0.0143 -0.0683 -0.2276 -0.3242 -0.3417 -0.3262 -0.0996 0.0988 0.0432 0.0209 0.0072 -0.0023 -0.0328
-0.0276 0.0020 0.0113 0.0275 0.0570 0.0985 -0.1953 -0.3338 -0.3408 -0.3017 -0.1633 -0.0370 -0.0075 0.0023 0.0117 0.0258 0.0459 0.0956 0.0176 -0.2917 -0.3299 -0.3413 -0.3400 -0.3178 -0.2617 -0.1645 -0.0731 -0.0296 -0.0122 -0.0048 -0.0001 0.0037 0.0078 0.0130 0.0190 0.0259 0.0339 0.0438 0.0584 0.0912 0.1013 0.0756 -0.0380 -0.1541 -0.2497 -0.3236 -0.3317 -0.3379 -0.3415 -0.3412 -0.3392 -0.3412 -0.3415 -0.3379 -0.3317 -0.3236 -0.2497 -0.1541 -0.0380 0.0756 0.1013 0.0912 0.0584 0.0438 0.0339 0.0259 0.0190 0.0130 0.0078 0.0037 -0.0001 -0.0048 -0.0122 -0.0296 -0.0731 -0.1644 -0.2617 -0.3178 -0.3400 -0.3413 -0.3299 -0.2917 0.0176 0.0956 0.0459 0.0258 0.0117 0.0023 -0.0075 -0.0370 -0.1631 -0.3016 -0.3408 -0.3338 -0.1953 0.0985 0.0570 0.0275 0.0113 0.0020 -0.0276
-0.0227 0.0067 0.0162 0.0352 0.0879 0.0048 -0.3136 -0.3393 -0.3345 -0.2657 -0.1007 -0.0204 -0.0030 0.0057 0.0175 0.0350 0.0650 0.0957 -0.1878 -0.3261 -0.3401 -0.3407 -0.3178 -0.2550 -0.1457 -0.0571 -0.0211 -0.0079 -0.0017 0.0028 0.0073 0.0132 0.0201 0.0282 0.0376 0.0496 0.0712 0.0997 0.0987 -0.0054 -0.1370 -0.2284 -0.3218 -0.3303 -0.3370 -0.3411 -0.3416 -0.3371 -0.3255 -0.3046 -0.2880 -0.3046 -0.3255 -0.3371 -0.3416 -0.3411 -0.3370 -0.3303 -0.3218 -0.2284 -0.1370 -0.0054 0.0987 0.0997 0.0712 0.0496 0.0376 0.0282 0.0201 0.0132 0.0073 0.0028 -0.0017 -0.0079 -0.0211 -0.0571 -0.1456 -0.2550 -0.3178 -0.3407 -0.3401 -0.3261 -0.1878 0.0957 0.0650 0.0350 0.0175 0.0057 -0.0030 -0.0203 -0.1006 -0.2655 -0.3345 -0.3393 -0.3136 0.0048 0.0879 0.0352 0.0162 0.0067 -0.0227
-0.0177 0.0117 0.0220 0.0451 0.1001 -0.1228 -0.3276 -0.3418 -0.3206 -0.2134 -0.0570 -0.0115 0.0005 0.0097 0.0242 0.0462 0.1025 -0.0509 -0.3189 -0.3371 -0.3421 -0.3233 -0.2617 -0.1456 -0.0525 -0.0178 -0.0059 0.0001 0.0047 0.0108 0.0182 0.0270 0.0375 0.0510 0.0762 0.1058 0.0607 -0.0763 -0.1976 -0.3188 -0.3282 -0.3357 -0.3405 -0.3418 -0.3384 -0.3284 -0.3093 -0.2778 -0.2297 -0.1681 -0.1321 -0.1681 -0.2297 -0.2778 -0.3093 -0.3284 -0.3384 -0.3418 -0.3405 -0.3357 -0.3282 -0.3188 -0.1976 -0.0763 0.0607 0.1058 0.0762 0.0510 0.0375 0.0270 0.0182 0.0108 0.0047 0.0001 -0.0059 -0.0178 -0.0525 -0.1456 -0.2617 -0.3233 -0.3421 -0.3371 -0.3189 -0.0509 0.1025 0.0462 0.0242 0.0097 0.0005 -0.0115 -0.0569 -0.2132 -0.3206 -0.3418 -0.3276 -0.1228 0.1001 0.0451 0.0220 0.0117 -0.0177
-0.0129 0.0168 0.0287 0.0603 0.0888 -0.2116 -0.3349 -0.3402 -0.2961 -0.1492 -0.0319 -0.0060 0.0037 0.0146 0.0319 0.0637 0.0883 -0.2116 -0.3307 -0.3423 -0.3319 -0.2799 -0.1644 -0.0571 -0.0178 -0.0054 0.0009 0.0061 0.0133 0.0221 0.0329 0.0462 0.0675 0.1093 0.0540 -0.1049 -0.2455 -0.3231 -0.3325 -0.3390 -0.3419 -0.3401 -0.3317 -0.3146 -0.2854 -0.2408 -0.1806 -0.1166 -0.0668 -0.0375 -0.0270 -0.0375 -0.0668 -0.1166 -0.1806 -0.2408 -0.2854 -0.3146 -0.3317 -0.3401 -0.3419 -0.3390 -0.3325 -0.3231 -0.2455 -0.1049 0.0540 0.1093 0.0675 0.0462 0.0329 0.0221 0.0133 0.0061 0.0009 -0.0054 -0.0178 -0.0571 -0.1644 -0.2799 -0.3319 -0.3423 -0.3307 -0.2116 0.0883 0.0637 0.0319 0.0146 0.0037 -0.0060 -0.0318 -0.1491 -0.2961 -0.3402 -0.3349 -0.2116 0.0888 0.0603 0.0287 0.0168 -0.0129
-0.0086 0.0217 0.0367 0.0915 -0.0161 -0.3203 -0.3400 -0.3327 -0.2575 -0.0906 -0.0180 -0.0020 0.0069 0.0202 0.0411 0.0967 -0.0393 -0.3201 -0.3389 -0.3396 -0.3038 -0.2018 -0.0731 -0.0211 -0.0059 0.0009 0.0066 0.0146 0.0246 0.0371 0.0536 0.0905 0.0944 -0.0685 -0.2520 -0.3236 -0.3339 -0.3404 -0.3420 -0.3371 -0.3233 -0.2975 -0.2561 -0.1975 -0.1305 -0.0758 -0.0423 -0.0236 -0.0134 -0.0072 -0.0040 -0.0072 -0.0134 -0.0236 -0.0423 -0.0758 -0.1305 -0.1975 -0.2561 -0.2975 -0.3233 -0.3371 -0.3420 -0.3404 -0.3339 -0.3236 -0.2520 -0.0685 0.0944 0.0905 0.0536 0.0371 0.0246 0.0146 0.0066 0.0009 -0.0059 -0.0211 -0.0731 -0.2018 -0.3038 -0.3395 -0.3389 -0.3201 -0.0396 0.0967 0.0411 0.0202 0.0069 -0.0020 -0.0180 -0.0905 -0.2575 -0.3327 -0.3400 -0.3203 -0.0161 0.0915 0.0367 0.0217 -0.0086
-0.0049 0.0264 0.0471 0.1010 -0.1388 -0.3290 -0.3419 -0.3173 -0.2027 -0.0513 -0.0103 0.0012 0.0109 0.0267 0.0540 0.1033 -0.1737 -0.3302 -0.3422 -0.3259 -0.2509 -0.1086 -0.0296 -0.0079 0.0001 0.0061 0.0146 0.0255 0.0393 0.0587 0.1167 0.0361 -0.1755 -0.3192 -0.3318 -0.3400 -0.3422 -0.3361 -0.3184 -0.2846 -0.2308 -0.1602 -0.0937 -0.0507 -0.0275 -0.0153 -0.0085 -0.0038 -0.0003 0.0030 0.0055 0.0030 -0.0003 -0.0038 -0.0085 -0.0153 -0.0275 -0.0507 -0.0937 -0.1602 -0.2308 -0.2846 -0.3184 -0.3361 -0.3422 -0.3400 -0.3318 -0.3192 -0.1755 0.0361 0.1167 0.0587 0.0393 0.0255 0.0146 0.0061 0.0001 -0.0079 -0.0296 -0.1086 -0.2509 -0.3258 -0.3422 -0.3303 -0.1738 0.1032 0.0540 0.0268 0.0109 0.0012 -0.0103 -0.0513 -0.2027 -0.3173 -0.3419 -0.3290 -0.1388 0.1010 0.0471 0.0264 -0.0049
-0.0019 0.0312 0.0642 0.0752 -0.2291 -0.3360 -0.3394 -0.2906 -0.1382 -0.0288 -0.0052 0.0043 0.0158 0.0345 0.0804 0.0259 -0.2870 -0.3377 -0.3393 -0.2971 -0.1724 -0.0491 -0.0122 -0.0017 0.0047 0.0133 0.0246 0.0393 0.0606 0.1277 -0.0087 -0.2698 -0.3248 -0.3367 -0.3424 -0.3389 -0.3220 -0.2857 -0.2242 -0.1436 -0.0761 -0.0384 -0.0198 -0.0106 -0.0051 -0.0012 0.0021 0.0053 0.0088 0.0137 0.0177 0.0137 0.0088 0.0053 0.0021 -0.0012 -0.0051 -0.0106 -0.0198 -0.0384 -0.0761 -0.1436 -0.2242 -0.2857 -0.3220 -0.3389 -0.3424 -0.3367 -0.3248 -0.2698 -0.0087 0.1277 0.0606 0.0393 0.0246 0.0133 0.0047 -0.0017 -0.0122 -0.0491 -0.1724 -0.2971 -0.3393 -0.3377 -0.2870 0.0259 0.0804 0.0345 0.0158 0.0043 -0.0052 -0.0288 -0.1382 -0.2906 -0.3394 -0.3360 -0.2291 0.0752 0.0642 0.0312 -0.0019
0.0011 0.0387 0.0936 -0.0373 -0.3219 -0.3406 -0.3307 -0.2493 -0.0824 -0.0163 -0.0014 0.0076 0.0215 0.0441 0.0996 -0.1038 -0.3260 -0.3416 -0.3280 -0.2487 -0.0945 -0.0223 -0.0048 0.0028 0.0108 0.0221 0.0371 0.0587 0.1277 -0.0242 -0.3113 -0.3280 -0.3393 -0.3424 -0.3326 -0.3032 -0.2446 -0.1572 -0.0781 -0.0361 -0.0171 -0.0084 -0.0032 0.0006 0.0040 0.0075 0.0120 0.0173 0.0234 0.0310 0.0374 0.0310 0.0234 0.0173 0.0120 0.0075 0.0040 0.0006 -0.0032 -0.0084 -0.0171 -0.0361 -0.0781 -0.1572 -0.2446 -0.3032 -0.3326 -0.3424 -0.3393 -0.3280 -0.3113 -0.0242 0.1277 0.0587 0.0371 0.0221 0.0108 0.0028 -0.0048 -0.0223 -0.0945 -0.2486 -0.3280 -0.3416 -0.3261 -0.1038 0.0996 0.0441 0.0215 0.0076 -0.0014 -0.0163 -0.0824 -0.2493 -0.3307 -0.3406 -0.3219 -0.0373 0.0936 0.0387 0.0011
0.0046 0.0498 0.1015 -0.1529 -0.3303 -0.3418 -0.3136 -0.1920 -0.0465 -0.0093 0.0018 0.0117 0.0282 0.0586 0.0954 -0.2024 -0.3340 -0.3411 -0.3056 -0.1805 -0.0471 -0.0105 -0.0001 0.0073 0.0182 0.0329 0.0536 0.1167 -0.0087 -0.3113 -0.3289 -0.3403 -0.3416 -0.3263 -0.2845 -0.2050 -0.1068 -0.0455 -0.0194 -0.0085 -0.0028 0.0013 0.0050 0.0093 0.0146 0.0208 0.0280 0.0363 0.0470 0.0646 0.0901 0.0646 0.0470 0.0363 0.0280 0.0208 0.0146 0.0093 0.0050 0.0013 -0.0028 -0.0085 -0.0194 -0.0455 -0.1068 -0.2050 -0.2845 -0.3263 -0.3416 -0.3403 -0.3289 -0.3113 -0.0087 0.1167 0.0536 0.0329 0.0182 0.0073 -0.0001 -0.0105 -0.0471 -0.1805 -0.3056 -0.3411 -0.3340 -0.2024 0.0954 0.0586 0.0282 0.0117 0.0018 -0.0093 -0.0465 -0.1920 -0.3136 -0.3418 -0.3303 -0.1529 0.1015 0.0498 0.0046
0.0089 0.0694 0.0593 -0.2480 -0.3370 -0.3384 -0.2847 -0.1275 -0.0261 -0.0045 0.0048 0.0167 0.0360 0.0905 -0.0056 -0.3194 -0.3396 -0.3346 -0.2684 -0.1095 -0.0238 -0.0045 0.0037 0.0132 0.0270 0.0462 0.0905 0.0361 -0.2698 -0.3280 -0.3403 -0.3412 -0.3225 -0.2709 -0.1757 -0.0780 -0.0303 -0.0119 -0.0043 0.0006 0.0047 0.0096 0.0157 0.0228 0.0311 0.0409 0.0545 0.0835 0.1020 0.0769 0.0019 0.0769 0.1020 0.0835 0.0545 0.0409 0.0311 0.0228 0.0157 0.0096 0.0047 0.0006 -0.0043 -0.0119 -0.0303 -0.0780 -0.1757 -0.2709 -0.3225 -0.3412 -0.3403 -0.3280 -0.2698 0.0361 0.0905 0.0462 0.0270 0.0132 0.0037 -0.0045 -0.0238 -0.1095 -0.2684 -0.3346 -0.3396 -0.3194 -0.0056 0.0905 0.0360 0.0167 0.0048 -0.0045 -0.0261 -0.1275 -0.2847 -0.3384 -0.3370 -0.2480 0.0593 0.0694 0.0089
0.0144 0.0964 -0.0587 -0.3234 -0.3410 -0.3285 -0.2406 -0.0749 -0.0149 -0.0008 0.0082 0.0226 0.0462 0.1006 -0.1324 -0.3283 -0.3419 -0.3199 -0.2140 -0.0596 -0.0125 -0.0004 0.0078 0.0201 0.0375 0.0675 0.0944 -0.1755 -0.3248 -0.3393 -0.3416 -0.3225 -0.2660 -0.1607 -0.0641 -0.0232 -0.0084 -0.0019 0.0029 0.0078 0.0143 0.0221 0.0313 0.0423 0.0580 0.0958 0.1072 0.0222 -0.1200 -0.2264 -0.3157 -0.2264 -0.1200 0.0222 0.1072 0.0958 0.0580 0.0423 0.0313 0.0221 0.0143 0.0078 0.0029 -0.0019 -0.0084 -0.0232 -0.0641 -0.1607 -0.2660 -0.3225 -0.3416 -0.3393 -0.3248 -0.1755 0.0944 0.0675 0.0375 0.0201 0.0078 -0.0004 -0.0125 -0.0597 -0.2140 -0.3199 -0.3419 -0.3283 -0.1324 0.1006 0.0462 0.0226 0.0082 -0.0008 -0.0149 -0.0749 -0.2406 -0.3285 -0.3410 -0.3234 -0.0587 0.0964 0.0144
0.0224 0.1022 -0.1672 -0.3316 -0.3416 -0.3096 -0.1810 -0.0421 -0.0084 0.0023 0.0125 0.0294 0.0624 0.0816 -0.2209 -0.3355 -0.3398 -0.2943 -0.1474 -0.0322 -0.0063 0.0031 0.0130 0.0282 0.0510 0.1093 -0.0685 -0.3192 -0.3367 -0.3424 -0.3263 -0.2709 -0.1607 -0.0600 -0.0203 -0.0067 -0.0004 0.0044 0.0106 0.0184 0.0279 0.0394 0.0547 0.0897 0.1122 -0.0044 -0.1677 -0.2909 -0.3264 -0.3349 -0.3385 -0.3349 -0.3264 -0.2909 -0.1677 -0.0044 0.1122 0.0897 0.0547 0.0394 0.0279 0.0184 0.0106 0.0044 -0.0004 -0.0067 -0.0203 -0.0600 -0.1607 -0.2709 -0.3263 -0.3424 -0.3367 -0.3192 -0.0685 0.1093 0.0510 0.0282 0.0130 0.0031 -0.0063 -0.0322 -0.1475 -0.2943 -0.3398 -0.3355 -0.2209 0.0816 0.0624 0.0294 0.0125 0.0023 -0.0084 -0.0421 -0.1810 -0.3096 -0.3416 -0.3316 -0.1672 0.1022 0.0224
0.0365 0.0420 -0.2688 -0.3379 -0.3372 -0.2783 -0.1172 -0.0237 -0.0038 0.0054 0.0177 0.0376 0.0927 -0.0276 -0.3212 -0.3403 -0.3318 -0.2540 -0.0879 -0.0177 -0.0021 0.0065 0.0190 0.0376 0.0762 0.0540 -0.2520 -0.3318 -0.3424 -0.3326 -0.2845 -0.1757 -0.0641 -0.0203 -0.0063 0.0003 0.0055 0.0126 0.0216 0.0327 0.0466 0.0696 0.1164 0.0225 -0.1601 -0.3164 -0.3281 -0.3368 -0.3416 -0.3413 -0.3385 -0.3413 -0.3416 -0.3368 -0.3281 -0.3164 -0.1601 0.0222 0.1163 0.0697 0.0466 0.0327 0.0216 0.0126 0.0055 0.0003 -0.0063 -0.0203 -0.0641 -0.1757 -0.2845 -0.3326 -0.3424 -0.3318 -0.2520 0.0540 0.0762 0.0376 0.0190 0.0065 -0.0021 -0.0177 -0.0879 -0.2540 -0.3318 -0.3403 -0.3212 -0.0276 0.0927 0.0376 0.0177 0.0054 -0.0038 -0.0237 -0.1172 -0.2783 -0.3372 -0.3379 -0.2688 0.0420 0.0365
0.0485 -0.0812 -0.3249 -0.3414 -0.3260 -0.2314 -0.0679 -0.0135 -0.0003 0.0088 0.0237 0.0483 0.1013 -0.1464 -0.3297 -0.3418 -0.3153 -0.1974 -0.0493 -0.0100 0.0013 0.0107 0.0259 0.0496 0.1057 -0.1049 -0.3236 -0.3400 -0.3389 -0.3032 -0.2050 -0.0780 -0.0232 -0.0067 0.0003 0.0058 0.0136 0.0236 0.0360 0.0525 0.0888 0.0921 -0.0825 -0.2879 -0.3261 -0.3363 -0.3418 -0.3408 -0.3305 -0.3081 -0.2891 -0.3081 -0.3305 -0.3408 -0.3418 -0.3363 -0.3261 -0.2880 -0.0831 0.0917 0.0889 0.0525 0.0360 0.0236 0.0136 0.0058 0.0003 -0.0067 -0.0232 -0.0780 -0.2050 -0.3032 -0.3389 -0.3400 -0.3236 -0.1049 0.1058 0.0496 0.0259 0.0107 0.0013 -0.0100 -0.0492 -0.1974 -0.3153 -0.3418 -0.3297 -0.1464 0.1013 0.0483 0.0237 0.0088 -0.0003 -0.0135 -0.0679 -0.2314 -0.3260 -0.3414 -0.3249 -0.0812 0.0485
0.0463 -0.1841 -0.3328 -0.3412 -0.3052 -0.1699 -0.0382 -0.0075 0.0028 0.0134 0.0307 0.0666 0.0668 -0.2391 -0.3365 -0.3388 -0.2875 -0.1326 -0.0275 -0.0049 0.0044 0.0158 0.0339 0.0711 0.0609 -0.2450 -0.3339 -0.3422 -0.3220 -0.2446 -0.1068 -0.0303 -0.0084 -0.0004 0.0055 0.0136 0.0242 0.0378 0.0565 0.1113 0.0447 -0.1718 -0.3196 -0.3326 -0.3408 -0.3418 -0.3325 -0.3083 -0.2620 -0.1926 -0.1478 -0.1926 -0.2620 -0.3083 -0.3325 -0.3418 -0.3408 -0.3327 -0.3196 -0.1722 0.0445 0.1113 0.0565 0.0378 0.0243 0.0136 0.0055 -0.0004 -0.0084 -0.0303 -0.1068 -0.2446 -0.3220 -0.3422 -0.3339 -0.2455 0.0607 0.0712 0.0339 0.0158 0.0044 -0.0049 -0.0275 -0.1326 -0.2875 -0.3388 -0.3365 -0.2391 0.0668 0.0666 0.0307 0.0134 0.0028 -0.0075 -0.0382 -0.1699 -0.3052 -0.3412 -0.3328 -0.1841 0.0463
0.0072 -0.2963 -0.3387 -0.3358 -0.2715 -0.1073 -0.0215 -0.0031 0.0059 0.0186 0.0392 0.0947 -0.0489 -0.3227 -0.3408 -0.3296 -0.2446 -0.0782 -0.0156 -0.0011 0.0078 0.0217 0.0437 0.0996 -0.0757 -0.3231 -0.3404 -0.3361 -0.2857 -0.1572 -0.0455 -0.0119 -0.0019 0.0044 0.0126 0.0236 0.0378 0.0579 0.1263 0.0091 -0.2518 -0.3242 -0.3366 -0.3424 -0.3382 -0.3185 -0.2757 -0.2032 -0.1151 -0.0554 -0.0360 -0.0553 -0.1151 -0.2032 -0.2758 -0.3185 -0.3382 -0.3424 -0.3366 -0.3243 -0.2518 0.0091 0.1263 0.0579 0.0378 0.0236 0.0126 0.0044 -0.0019 -0.0119 -0.0455 -0.1572 -0.2857 -0.3361 -0.3404 -0.3231 -0.0763 0.0997 0.0438 0.0218 0.0078 -0.0011 -0.0156 -0.0783 -0.2446 -0.3296 -0.3408 -0.3227 -0.0489 0.0947 0.0392 0.0186 0.0059 -0.0031 -0.0215 -0.1073 -0.2715 -0.3358 -0.3387 -0.2963 0.0072
-0.0487 -0.3244 -0.3417 -0.3232 -0.2217 -0.0616 -0.0124 0.0003 0.0096 0.0248 0.0506 0.1014 -0.1606 -0.3310 -0.3417 -0.3115 -0.1861 -0.0441 -0.0088 0.0020 0.0121 0.0285 0.0583 0.0991 -0.1967 -0.3325 -0.3420 -0.3184 -0.2242 -0.0781 -0.0194 -0.0043 0.0029 0.0106 0.0216 0.0360 0.0565 0.1263 -0.0032 -0.2999 -0.3268 -0.3388 -0.3424 -0.3328 -0.3019 -0.2390 -0.1454 -0.0674 -0.0291 -0.0129 -0.0076 -0.0129 -0.0291 -0.0673 -0.1453 -0.2388 -0.3018 -0.3328 -0.3424 -0.3388 -0.3268 -0.2999 -0.0032 0.1263 0.0565 0.0360 0.0216 0.0106 0.0029 -0.0043 -0.0194 -0.0781 -0.2242 -0.3184 -0.3420 -0.3325 -0.1976 0.0987 0.0584 0.0286 0.0121 0.0020 -0.0088 -0.0441 -0.1861 -0.3115 -0.3417 -0.3310 -0.1606 0.1014 0.0506 0.0248 0.0096 0.0003 -0.0124 -0.0616 -0.2217 -0.3232 -0.3417 -0.3244 -0.0487
-0.0809 -0.3322 -0.3407 -0.3005 -0.1587 -0.0346 -0.0066 0.0033 0.0142 0.0320 0.0716 0.0499 -0.2590 -0.3375 -0.3378 -0.2813 -0.1218 -0.0248 -0.0041 0.0051 0.0172 0.0366 0.0911 -0.0045 -0.3188 -0.3390 -0.3371 -0.2846 -0.1436 -0.0361 -0.0085 0.0006 0.0078 0.0184 0.0327 0.0525 0.1113 0.0091 -0.2999 -0.3277 -0.3397 -0.3419 -0.3278 -0.2866 -0.2056 -0.1043 -0.0428 -0.0174 -0.0071 -0.0013 0.0020 -0.0013 -0.0071 -0.0174 -0.0427 -0.1040 -0.2054 -0.2865 -0.3278 -0.3419 -0.3397 -0.3277 -0.2999 0.0091 0.1113 0.0525 0.0327 0.0184 0.0078 0.0006 -0.0085 -0.0361 -0.1436 -0.2846 -0.3371 -0.3390 -0.3188 -0.0054 0.0912 0.0367 0.0172 0.0051 -0.0041 -0.0248 -0.1218 -0.2813 -0.3378 -0.3375 -0.2590 0.0499 0.0716 0.0320 0.0142 0.0033 -0.0066 -0.0346 -0.1587 -0.3005 -0.3407 -0.3322 -0.0809
-0.1022 -0.3381 -0.3343 -0.2642 -0.0980 -0.0195 -0.0025 0.0065 0.0196 0.0408 0.0966 -0.0705 -0.3242 -0.3413 -0.3272 -0.2356 -0.0710 -0.0141 -0.0005 0.0085 0.0231 0.0471 0.1013 -0.1369 -0.3282 -0.3419 -0.3233 -0.2308 -0.0761 -0.0171 -0.0028 0.0047 0.0143 0.0279 0.0466 0.0889 0.0445 -0.2518 -0.3268 -0.3397 -0.3416 -0.3248 -0.2757 -0.1814 -0.0804 -0.0305 -0.0116 -0.0039 0.0011 0.0058 0.0102 0.0058 0.0011 -0.0039 -0.0115 -0.0304 -0.0801 -0.1813 -0.2757 -0.3248 -0.3416 -0.3397 -0.3268 -0.2518 0.0445 0.0889 0.0466 0.0279 0.0143 0.0047 -0.0028 -0.0171 -0.0761 -0.2308 -0.3233 -0.3419 -0.3282 -0.1370 0.1013 0.0471 0.0231 0.0085 -0.0005 -0.0141 -0.0710 -0.2356 -0.3272 -0.3413 -0.3242 -0.0705 0.0966 0.0408 0.0196 0.0065 -0.0025 -0.0195 -0.0980 -0.2642 -0.3343 -0.3381 -0.1022
-0.1187 -0.3410 -0.3201 -0.2117 -0.0558 -0.0112 0.0008 0.0103 0.0259 0.0531 0.1008 -0.1752 -0.3323 -0.3414 -0.3073 -0.1750 -0.0399 -0.0079 0.0026 0.0130 0.0301 0.0642 0.0756 -0.2284 -0.3356 -0.3401 -0.2975 -0.1602 -0.0384 -0.0084 0.0013 0.0096 0.0221 0.0394 0.0697 0.0917 -0.1722 -0.3243 -0.3388 -0.3419 -0.3248 -0.2719 -0.1691 -0.0684 -0.0244 -0.0086 -0.0019 0.0030 0.0082 0.0157 0.0223 0.0157 0.0082 0.0030 -0.0019 -0.0086 -0.0243 -0.0683 -0.1691 -0.2719 -0.3248 -0.3419 -0.3388 -0.3243 -0.1722 0.0917 0.0697 0.0394 0.0221 0.0096 0.0013 -0.0084 -0.0384 -0.1602 -0.2975 -0.3401 -0.3357 -0.2284 0.0756 0.0642 0.0301 0.0130 0.0026 -0.0079 -0.0399 -0.1750 -0.3073 -0.3414 -0.3323 -0.1752 0.1008 0.0531 0.0259 0.0103 0.0008 -0.0112 -0.0558 -0.2117 -0.3201 -0.3410 -0.1187
-0.1318 -0.3401 -0.2954 -0.1476 -0.0313 -0.0058 0.0039 0.0151 0.0334 0.0777 0.0312 -0.2810 -0.3383 -0.3365 -0.2747 -0.1118 -0.0225 -0.0034 0.0057 0.0182 0.0384 0.0938 -0.0380 -0.3218 -0.3405 -0.3317 -0.2561 -0.0937 -0.0198 -0.0032 0.0050 0.0157 0.0313 0.0547 0.1163 -0.0831 -0.3196 -0.3366 -0.3424 -0.3278 -0.2757 -0.1691 -0.0647 -0.0218 -0.0072 -0.0007 0.0043 0.0106 0.0187 0.0294 0.0388 0.0295 0.0187 0.0106 0.0043 -0.0006 -0.0072 -0.0217 -0.0647 -0.1691 -0.2757 -0.3278 -0.3424 -0.3366 -0.3196 -0.0831 0.1163 0.0547 0.0313 0.0157 0.0050 -0.0032 -0.0198 -0.0937 -0.2561 -0.3317 -0.3405 -0.3218 -0.0380 0.0938 0.0384 0.0182 0.0057 -0.0034 -0.0225 -0.1118 -0.2747 -0.3365 -0.3383 -0.2810 0.0312 0.0777 0.0334 0.0151 0.0039 -0.0058 -0.0313 -0.1476 -0.2954 -0.3401 -0.1318
-0.1421 -0.3338 -0.2564 -0.0893 -0.0177 -0.0019 0.0071 0.0206 0.0426 0.0983 -0.0925 -0.3257 -0.3416 -0.3245 -0.2262 -0.0644 -0.0129 0.0000 0.0092 0.0243 0.0495 0.1015 -0.1541 -0.3303 -0.3418 -0.3146 -0.1975 -0.0507 -0.0106 0.0006 0.0093 0.0228 0.0423 0.0897 0.0222 -0.2880 -0.3327 -0.3424 -0.3328 -0.2865 -0.1813 -0.0683 -0.0217 -0.0068 -0.0001 0.0051 0.0122 0.0213 0.0327 0.0480 0.0624 0.0480 0.0327 0.0214 0.0123 0.0051 -0.0001 -0.0068 -0.0217 -0.0683 -0.1813 -0.2865 -0.3328 -0.3424 -0.3327 -0.2880 0.0222 0.0897 0.0423 0.0228 0.0093 0.0006 -0.0106 -0.0507 -0.1975 -0.3146 -0.3418 -0.3303 -0.1541 0.1015 0.0495 0.0243 0.0092 0.0000 -0.0129 -0.0644 -0.2262 -0.3245 -0.3416 -0.3257 -0.0925 0.0983 0.0426 0.0206 0.0071 -0.0019 -0.0177 -0.0893 -0.2564 -0.3338 -0.1421
-0.1494 -0.3199 -0.2012 -0.0506 -0.0102 0.0013 0.0111 0.0271 0.0560 0.0993 -0.1903 -0.3335 -0.3410 -0.3027 -0.1638 -0.0362 -0.0070 0.0031 0.0138 0.0314 0.0692 0.0579 -0.2497 -0.3370 -0.3384 -0.2854 -0.1305 -0.0275 -0.0051 0.0040 0.0146 0.0311 0.0580 0.1122 -0.1601 -0.3261 -0.3408 -0.3382 -0.3018 -0.2054 -0.0801 -0.0243 -0.0072 -0.0001 0.0054 0.0131 0.0230 0.0355 0.0521 0.0841 0.0953 0.0843 0.0522 0.0355 0.0230 0.0131 0.0054 -0.0001 -0.0072 -0.0243 -0.0801 -0.2054 -0.3018 -0.3382 -0.3408 -0.3261 -0.1601 0.1122 0.0580 0.0311 0.0146 0.0040 -0.0051 -0.0275 -0.1305 -0.2854 -0.3384 -0.3370 -0.2497 0.0579 0.0692 0.0314 0.0138 0.0031 -0.0070 -0.0362 -0.1638 -0.3027 -0.3410 -0.3335 -0.1903 0.0993 0.0560 0.0271 0.0111 0.0013 -0.0102 -0.0506 -0.2012 -0.3199 -0.1494
-0.1534 -0.2956 -0.1366 -0.0284 -0.0051 0.0044 0.0160 0.0348 0.0852 0.0113 -0.3053 -0.3391 -0.3350 -0.2676 -0.1022 -0.0204 -0.0028 0.0062 0.0192 0.0400 0.0957 -0.0606 -0.3236 -0.3411 -0.3284 -0.2408 -0.0758 -0.0153 -0.0012 0.0075 0.0208 0.0409 0.0958 -0.0044 -0.3164 -0.3363 -0.3418 -0.3185 -0.2388 -0.1040 -0.0304 -0.0086 -0.0006 0.0051 0.0131 0.0236 0.0369 0.0554 0.1078 0.0466 -0.1039 0.0461 0.1081 0.0555 0.0370 0.0236 0.0131 0.0051 -0.0006 -0.0086 -0.0304 -0.1040 -0.2388 -0.3185 -0.3418 -0.3363 -0.3164 -0.0044 0.0958 0.0409 0.0208 0.0075 -0.0012 -0.0153 -0.0758 -0.2408 -0.3284 -0.3411 -0.3236 -0.0606 0.0957 0.0400 0.0192 0.0062 -0.0028 -0.0204 -0.1022 -0.2676 -0.3350 -0.3391 -0.3053 0.0113 0.0852 0.0348 0.0160 0.0044 -0.0051 -0.0284 -0.1366 -0.2956 -0.1534
-0.1532 -0.2575 -0.0813 -0.0161 -0.0013 0.0076 0.0217 0.0444 0.0997 -0.1154 -0.3272 -0.3418 -0.3216 -0.2163 -0.0584 -0.0117 0.0006 0.0100 0.0254 0.0520 0.1012 -0.1685 -0.3317 -0.3416 -0.3093 -0.1806 -0.0423 -0.0085 0.0021 0.0120 0.0280 0.0545 0.1072 -0.1677 -0.3281 -0.3418 -0.3325 -0.2758 -0.1453 -0.0427 -0.0115 -0.0019 0.0043 0.0123 0.0230 0.0370 0.0566 0.1209 0.0174 -0.2422 -0.3169 -0.2433 0.0168 0.1213 0.0566 0.0370 0.0230 0.0123 0.0043 -0.0019 -0.0115 -0.0427 -0.1453 -0.2758 -0.3325 -0.3418 -0.3281 -0.1677 0.1072 0.0545 0.0280 0.0120 0.0021 -0.0085 -0.0423 -0.1806 -0.3093 -0.3416 -0.3317 -0.1685 0.1012 0.0520 0.0254 0.0100 0.0006 -0.0117 -0.0584 -0.2163 -0.3216 -0.3418 -0.3272 -0.1154 0.0997 0.0444 0.0217 0.0076 -0.0013 -0.0161 -0.0813 -0.2575 -0.1532
-0.1479 -0.2035 -0.0458 -0.0092 0.0018 0.0118 0.0283 0.0592 0.0926 -0.2063 -0.3346 -0.3404 -0.2978 -0.1526 -0.0328 -0.0062 0.0036 0.0147 0.0327 0.0747 0.0400 -0.2707 -0.3379 -0.3371 -0.2778 -0.1166 -0.0236 -0.0038 0.0053 0.0173 0.0363 0.0835 0.0222 -0.2909 -0.3368 -0.3408 -0.3083 -0.2032 -0.0673 -0.0174 -0.0039 0.0030 0.0106 0.0214 0.0355 0.0554 0.1209 0.0078 -0.2836 -0.3266 -0.3343 -0.3266 -0.2849 0.0072 0.1213 0.0555 0.0355 0.0214 0.0106 0.0030 -0.0039 -0.0174 -0.0673 -0.2032 -0.3083 -0.3408 -0.3368 -0.2909 0.0222 0.0835 0.0363 0.0173 0.0053 -0.0038 -0.0236 -0.1166 -0.2778 -0.3371 -0.3379 -0.2707 0.0400 0.0747 0.0327 0.0147 0.0036 -0.0062 -0.0328 -0.1526 -0.2978 -0.3404 -0.3346 -0.2063 0.0926 0.0592 0.0283 0.0118 0.0018 -0.0092 -0.0458 -0.2035 -0.1479
-0.1368 -0.1383 -0.0256 -0.0044 0.0049 0.0169 0.0363 0.0908 -0.0099 -0.3199 -0.3398 -0.3331 -0.2593 -0.0925 -0.0184 -0.0022 0.0068 0.0202 0.0418 0.0976 -0.0829 -0.3252 -0.3415 -0.3255 -0.2297 -0.0668 -0.0134 -0.0003 0.0088 0.0234 0.0470 0.1020 -0.1200 -0.3264 -0.3416 -0.3305 -0.2620 -0.1151 -0.0291 -0.0071 0.0011 0.0082 0.0187 0.0327 0.0522 0.1079 0.0171 -0.2836 -0.3277 -0.3398 -0.3434 -0.3398 -0.3277 -0.2849 0.0168 0.1081 0.0522 0.0327 0.0187 0.0082 0.0011 -0.0071 -0.0291 -0.1151 -0.2620 -0.3305 -0.3416 -0.3264 -0.1200 0.1020 0.0470 0.0234 0.0088 -0.0003 -0.0134 -0.0668 -0.2297 -0.3255 -0.3415 -0.3252 -0.0829 0.0976 0.0418 0.0202 0.0068 -0.0022 -0.0184 -0.0925 -0.2593 -0.3331 -0.3398 -0.3199 -0.0099 0.0908 0.0363 0.0169 0.0049 -0.0044 -0.0256 -0.1384 -0.1369
-0.1183 -0.0821 -0.0144 -0.0005 0.0085 0.0231 0.0470 0.0970 -0.1352 -0.3287 -0.3419 -0.3182 -0.2053 -0.0525 -0.0105 0.0013 0.0110 0.0270 0.0551 0.0911 -0.1842 -0.3330 -0.3412 -0.3046 -0.1681 -0.0375 -0.0072 0.0030 0.0137 0.0310 0.0646 0.0769 -0.2264 -0.3349 -0.3413 -0.3081 -0.1926 -0.0553 -0.0129 -0.0013 0.0058 0.0157 0.0295 0.0480 0.0843 0.0461 -0.2427 -0.3266 -0.3398 -0.3425 -0.3397 -0.3425 -0.3398 -0.3266 -0.2433 0.0461 0.0843 0.0480 0.0295 0.0157 0.0058 -0.0013 -0.0129 -0.0553 -0.1926 -0.3081 -0.3413 -0.3349 -0.2264 0.0769 0.0646 0.0310 0.0137 0.0030 -0.0072 -0.0375 -0.1681 -0.3046 -0.3412 -0.3330 -0.1842 0.0911 0.0551 0.0270 0.0110 0.0013 -0.0105 -0.0525 -0.2053 -0.3182 -0.3419 -0.3287 -0.1352 0.0970 0.0470 0.0231 0.0085 -0.0005 -0.0144 -0.0822 -0.1184
-0.1014 -0.0598 -0.0101 0.0019 0.0119 0.0284 0.0576 0.0833 -0.1915 -0.3329 -0.3415 -0.3058 -0.1698 -0.0378 -0.0069 0.0037 0.0147 0.0327 0.0708 0.0504 -0.2515 -0.3366 -0.3392 -0.2880 -0.1321 -0.0270 -0.0040 0.0055 0.0177 0.0374 0.0901 0.0019 -0.3157 -0.3385 -0.3385 -0.2891 -0.1478 -0.0360 -0.0077 0.0020 0.0102 0.0223 0.0388 0.0624 0.0952 -0.1045 -0.3169 -0.3343 -0.3434 -0.3397 -0.3335 -0.3397 -0.3434 -0.3343 -0.3169 -0.1045 0.0952 0.0624 0.0388 0.0223 0.0102 0.0020 -0.0077 -0.0360 -0.1478 -0.2891 -0.3385 -0.3385 -0.3157 0.0019 0.0901 0.0374 0.0177 0.0055 -0.0040 -0.0270 -0.1321 -0.2880 -0.3392 -0.3366 -0.2515 0.0504 0.0708 0.0327 0.0147 0.0037 -0.0069 -0.0378 -0.1698 -0.3058 -0.3415 -0.3329 -0.1915 0.0833 0.0576 0.0284 0.0119 0.0019 -0.0101 -0.0599 -0.1015
