0.4214 0.4220 0.4223 0.4216 0.4199 0.4174 0.4140 0.4098 0.4047 0.3987 0.3913 0.3824 0.3713 0.3567 0.3391 0.3207 0.3073 0.3016 0.3005 0.3024 0.3069 0.3134 0.3219 0.3321 0.3437 0.3563 0.3693 0.3820 0.3936 0.4033 0.4107 0.4159 0.4192 0.4211 0.4222 0.4225 0.4220 0.4207 0.4184 0.4154 0.4115 0.4067 0.4010 0.3942 0.3859 0.3757 0.3626 0.3459 0.3273 0.3107 0.3038 0.3107 0.3273 0.3459 0.3626 0.3757 0.3859 0.3942 0.4010 0.4067 0.4115 0.4154 0.4184 0.4207 0.4220 0.4225 0.4222 0.4211 0.4192 0.4159 0.4107 0.4033 0.3936 0.3820 0.3693 0.3563 0.3437 0.3321 0.3219 0.3134 0.3069 0.3024 0.3005 0.3016 0.3073 0.3207 0.3391 0.3567 0.3713 0.3824 0.3913 0.3987 0.4047 0.4098 0.4140 0.4174 0.4199 0.4216 0.4223 0.4220 0.4214
0.4220 0.4128 0.4012 0.3930 0.3836 0.3726 0.3600 0.3454 0.3284 0.3080 0.2822 0.2500 0.2143 0.1863 0.1754 0.1764 0.1863 0.1997 0.2151 0.2326 0.2521 0.2737 0.2971 0.3220 0.3473 0.3717 0.3926 0.4077 0.4163 0.4200 0.4206 0.4194 0.4168 0.4132 0.4086 0.4028 0.3956 0.3870 0.3767 0.3648 0.3511 0.3351 0.3160 0.2926 0.2624 0.2277 0.1948 0.1775 0.1751 0.1822 0.1888 0.1822 0.1751 0.1775 0.1948 0.2277 0.2624 0.2926 0.3160 0.3351 0.3511 0.3648 0.3767 0.3870 0.3956 0.4028 0.4086 0.4132 0.4168 0.4194 0.4206 0.4200 0.4163 0.4077 0.3926 0.3717 0.3473 0.3220 0.2971 0.2737 0.2521 0.2326 0.2151 0.1997 0.1863 0.1764 0.1754 0.1863 0.2143 0.2500 0.2822 0.3080 0.3284 0.3454 0.3600 0.3726 0.3836 0.3930 0.4012 0.4128 0.4220
0.4223 0.4012 0.3850 0.3698 0.3534 0.3353 0.3147 0.2902 0.2586 0.2229 0.1922 0.1784 0.1779 0.1866 0.2001 0.2155 0.2330 0.2526 0.2743 0.2979 0.3229 0.3483 0.3726 0.3934 0.4081 0.4163 0.4197 0.4200 0.4185 0.4158 0.4121 0.4074 0.4019 0.3953 0.3875 0.3783 0.3673 0.3543 0.3389 0.3206 0.2983 0.2695 0.2357 0.2017 0.1815 0.1770 0.1822 0.1948 0.2098 0.2267 0.2369 0.2267 0.2098 0.1948 0.1822 0.1770 0.1815 0.2017 0.2357 0.2695 0.2983 0.3206 0.3389 0.3543 0.3673 0.3783 0.3875 0.3953 0.4019 0.4074 0.4121 0.4158 0.4185 0.4200 0.4197 0.4163 0.4081 0.3934 0.3726 0.3483 0.3229 0.2979 0.2743 0.2526 0.2330 0.2155 0.2001 0.1866 0.1779 0.1784 0.1922 0.2229 0.2586 0.2902 0.3147 0.3353 0.3534 0.3698 0.3850 0.4012 0.4223
0.4216 0.3930 0.3698 0.3444 0.3157 0.2833 0.2430 0.2019 0.1795 0.1765 0.1839 0.1973 0.2126 0.2298 0.2492 0.2705 0.2938 0.3186 0.3440 0.3686 0.3902 0.4061 0.4153 0.4194 0.4201 0.4189 0.4163 0.4128 0.4083 0.4029 0.3965 0.3889 0.3800 0.3693 0.3567 0.3418 0.3240 0.3025 0.2749 0.2417 0.2068 0.1837 0.1771 0.1806 0.1925 0.2069 0.2233 0.2417 0.2627 0.2853 0.2984 0.2853 0.2627 0.2417 0.2233 0.2069 0.1925 0.1806 0.1771 0.1837 0.2068 0.2417 0.2749 0.3025 0.3240 0.3418 0.3567 0.3693 0.3800 0.3889 0.3965 0.4029 0.4083 0.4128 0.4163 0.4189 0.4201 0.4194 0.4153 0.4061 0.3902 0.3686 0.3440 0.3186 0.2938 0.2705 0.2492 0.2298 0.2126 0.1973 0.1839 0.1765 0.1795 0.2019 0.2430 0.2833 0.3157 0.3444 0.3698 0.3930 0.4216
0.4199 0.3836 0.3534 0.3157 0.2699 0.2111 0.1757 0.1756 0.1895 0.2060 0.2242 0.2441 0.2658 0.2892 0.3140 0.3395 0.3646 0.3869 0.4039 0.4142 0.4190 0.4202 0.4192 0.4168 0.4134 0.4091 0.4039 0.3976 0.3903 0.3816 0.3713 0.3590 0.3445 0.3273 0.3065 0.2801 0.2476 0.2123 0.1864 0.1774 0.1794 0.1902 0.2043 0.2203 0.2384 0.2587 0.2809 0.3050 0.3306 0.3558 0.3690 0.3558 0.3306 0.3050 0.2809 0.2587 0.2384 0.2203 0.2043 0.1902 0.1794 0.1774 0.1864 0.2123 0.2476 0.2801 0.3065 0.3273 0.3445 0.3590 0.3713 0.3816 0.3903 0.3976 0.4039 0.4091 0.4134 0.4168 0.4192 0.4202 0.4190 0.4142 0.4039 0.3869 0.3646 0.3395 0.3140 0.2892 0.2658 0.2441 0.2242 0.2060 0.1895 0.1756 0.1757 0.2111 0.2699 0.3157 0.3534 0.3836 0.4199
0.4174 0.3726 0.3353 0.2833 0.2111 0.1711 0.1828 0.2033 0.2262 0.2511 0.2773 0.3046 0.3322 0.3587 0.3826 0.4012 0.4128 0.4184 0.4201 0.4195 0.4173 0.4141 0.4099 0.4048 0.3988 0.3917 0.3832 0.3732 0.3613 0.3472 0.3304 0.3104 0.2852 0.2535 0.2182 0.1896 0.1779 0.1784 0.1880 0.2017 0.2174 0.2352 0.2551 0.2770 0.3008 0.3258 0.3512 0.3753 0.3957 0.4095 0.4139 0.4095 0.3957 0.3753 0.3512 0.3258 0.3008 0.2770 0.2551 0.2352 0.2174 0.2017 0.1880 0.1784 0.1779 0.1896 0.2182 0.2535 0.2852 0.3104 0.3304 0.3472 0.3613 0.3732 0.3832 0.3917 0.3988 0.4048 0.4099 0.4141 0.4173 0.4195 0.4201 0.4184 0.4128 0.4012 0.3826 0.3587 0.3322 0.3046 0.2773 0.2511 0.2262 0.2033 0.1828 0.1711 0.2111 0.2833 0.3353 0.3726 0.4174
0.4140 0.3600 0.3147 0.2430 0.1757 0.1828 0.2086 0.2381 0.2707 0.3048 0.3385 0.3693 0.3940 0.4097 0.4174 0.4200 0.4197 0.4178 0.4147 0.4107 0.4058 0.3999 0.3930 0.3847 0.3750 0.3634 0.3497 0.3335 0.3141 0.2900 0.2592 0.2243 0.1934 0.1787 0.1777 0.1859 0.1993 0.2146 0.2320 0.2515 0.2731 0.2966 0.3215 0.3469 0.3714 0.3924 0.4075 0.4160 0.4197 0.4199 0.4187 0.4199 0.4197 0.4160 0.4075 0.3924 0.3714 0.3469 0.3215 0.2966 0.2731 0.2515 0.2320 0.2146 0.1993 0.1859 0.1777 0.1787 0.1934 0.2243 0.2592 0.2900 0.3141 0.3335 0.3497 0.3634 0.3750 0.3847 0.3930 0.3999 0.4058 0.4107 0.4147 0.4178 0.4197 0.4200 0.4174 0.4097 0.3940 0.3693 0.3385 0.3048 0.2707 0.2381 0.2086 0.1828 0.1757 0.2430 0.3147 0.3600 0.4140
0.4098 0.3454 0.2902 0.2019 0.1756 0.2033 0.2381 0.2778 0.3198 0.3600 0.3924 0.4114 0.4188 0.4201 0.4186 0.4156 0.4117 0.4068 0.4011 0.3943 0.3863 0.3768 0.3655 0.3522 0.3365 0.3177 0.2946 0.2648 0.2304 0.1976 0.1800 0.1772 0.1838 0.1969 0.2118 0.2289 0.2481 0.2693 0.2925 0.3172 0.3426 0.3673 0.3892 0.4054 0.4150 0.4193 0.4201 0.4190 0.4165 0.4127 0.4093 0.4127 0.4165 0.4190 0.4201 0.4193 0.4150 0.4054 0.3892 0.3673 0.3426 0.3172 0.2925 0.2693 0.2481 0.2289 0.2118 0.1969 0.1838 0.1772 0.1800 0.1976 0.2304 0.2648 0.2946 0.3177 0.3365 0.3522 0.3655 0.3768 0.3863 0.3943 0.4011 0.4068 0.4117 0.4156 0.4186 0.4201 0.4188 0.4114 0.3924 0.3600 0.3198 0.2778 0.2381 0.2033 0.1756 0.2019 0.2902 0.3454 0.4098
0.4047 0.3284 0.2586 0.1795 0.1895 0.2262 0.2707 0.3198 0.3670 0.4017 0.4170 0.4201 0.4182 0.4144 0.4094 0.4034 0.3965 0.3884 0.3790 0.3679 0.3549 0.3394 0.3212 0.2990 0.2703 0.2365 0.2024 0.1818 0.1770 0.1820 0.1945 0.2091 0.2258 0.2446 0.2655 0.2884 0.3129 0.3383 0.3633 0.3858 0.4031 0.4138 0.4188 0.4202 0.4193 0.4170 0.4136 0.4094 0.4042 0.3976 0.3920 0.3976 0.4042 0.4094 0.4136 0.4170 0.4193 0.4202 0.4188 0.4138 0.4031 0.3858 0.3633 0.3383 0.3129 0.2884 0.2655 0.2446 0.2258 0.2091 0.1945 0.1820 0.1770 0.1818 0.2024 0.2365 0.2703 0.2990 0.3212 0.3394 0.3549 0.3679 0.3790 0.3884 0.3965 0.4034 0.4094 0.4144 0.4182 0.4201 0.4170 0.4017 0.3670 0.3198 0.2707 0.2262 0.1895 0.1795 0.2586 0.3284 0.4047
0.3987 0.3080 0.2229 0.1765 0.2060 0.2511 0.3048 0.3600 0.4017 0.4181 0.4197 0.4160 0.4102 0.4030 0.3945 0.3846 0.3730 0.3596 0.3440 0.3259 0.3042 0.2765 0.2431 0.2077 0.1841 0.1771 0.1805 0.1922 0.2065 0.2228 0.2413 0.2618 0.2844 0.3086 0.3339 0.3591 0.3822 0.4006 0.4124 0.4183 0.4201 0.4195 0.4175 0.4143 0.4102 0.4051 0.3991 0.3921 0.3837 0.3730 0.3640 0.3730 0.3837 0.3921 0.3991 0.4051 0.4102 0.4143 0.4175 0.4195 0.4201 0.4183 0.4124 0.4006 0.3822 0.3591 0.3339 0.3086 0.2844 0.2618 0.2413 0.2228 0.2065 0.1922 0.1805 0.1771 0.1841 0.2077 0.2431 0.2765 0.3042 0.3259 0.3440 0.3596 0.3730 0.3846 0.3945 0.4030 0.4102 0.4160 0.4197 0.4181 0.4017 0.3600 0.3048 0.2511 0.2060 0.1765 0.2229 0.3080 0.3987
0.3913 0.2822 0.1922 0.1839 0.2242 0.2773 0.3385 0.3924 0.4170 0.4197 0.4151 0.4078 0.3984 0.3870 0.3732 0.3569 0.3378 0.3156 0.2891 0.2549 0.2169 0.1877 0.1772 0.1790 0.1898 0.2038 0.2199 0.2380 0.2582 0.2804 0.3044 0.3296 0.3549 0.3785 0.3979 0.4109 0.4176 0.4200 0.4198 0.4179 0.4149 0.4109 0.4060 0.4002 0.3934 0.3852 0.3756 0.3641 0.3505 0.3333 0.3186 0.3333 0.3505 0.3641 0.3756 0.3852 0.3934 0.4002 0.4060 0.4109 0.4149 0.4179 0.4198 0.4200 0.4176 0.4109 0.3979 0.3785 0.3549 0.3296 0.3044 0.2804 0.2582 0.2380 0.2199 0.2038 0.1898 0.1790 0.1772 0.1877 0.2169 0.2549 0.2891 0.3156 0.3378 0.3569 0.3732 0.3870 0.3984 0.4078 0.4151 0.4197 0.4170 0.3924 0.3385 0.2773 0.2242 0.1839 0.1922 0.2822 0.3913
0.3824 0.2500 0.1784 0.1973 0.2441 0.3046 0.3693 0.4114 0.4201 0.4160 0.4078 0.3967 0.3827 0.3651 0.3435 0.3176 0.2862 0.2453 0.2019 0.1784 0.1764 0.1857 0.1999 0.2160 0.2341 0.2542 0.2763 0.3001 0.3252 0.3506 0.3747 0.3950 0.4092 0.4168 0.4198 0.4199 0.4183 0.4155 0.4117 0.4069 0.4013 0.3946 0.3867 0.3773 0.3662 0.3530 0.3374 0.3188 0.2960 0.2650 0.2399 0.2650 0.2960 0.3188 0.3374 0.3530 0.3662 0.3773 0.3867 0.3946 0.4013 0.4069 0.4117 0.4155 0.4183 0.4199 0.4198 0.4168 0.4092 0.3950 0.3747 0.3506 0.3252 0.3001 0.2763 0.2542 0.2341 0.2160 0.1999 0.1857 0.1764 0.1784 0.2019 0.2453 0.2862 0.3176 0.3435 0.3651 0.3827 0.3967 0.4078 0.4160 0.4201 0.4114 0.3693 0.3046 0.2441 0.1973 0.1784 0.2500 0.3824
0.3713 0.2143 0.1779 0.2126 0.2658 0.3321 0.3939 0.4188 0.4182 0.4102 0.3984 0.3827 0.3623 0.3362 0.3035 0.2613 0.2073 0.1761 0.1761 0.1901 0.2071 0.2261 0.2470 0.2697 0.2942 0.3198 0.3457 0.3705 0.3918 0.4072 0.4159 0.4196 0.4201 0.4187 0.4160 0.4124 0.4078 0.4023 0.3958 0.3882 0.3790 0.3682 0.3554 0.3402 0.3222 0.3003 0.2720 0.2384 0.2039 0.1823 0.1762 0.1823 0.2039 0.2384 0.2720 0.3003 0.3222 0.3402 0.3554 0.3682 0.3790 0.3882 0.3958 0.4023 0.4078 0.4124 0.4160 0.4187 0.4201 0.4196 0.4159 0.4072 0.3918 0.3705 0.3457 0.3198 0.2942 0.2697 0.2470 0.2261 0.2071 0.1901 0.1761 0.1761 0.2073 0.2613 0.3035 0.3362 0.3623 0.3827 0.3984 0.4102 0.4182 0.4188 0.3940 0.3322 0.2658 0.2126 0.1779 0.2143 0.3713
0.3567 0.1863 0.1866 0.2298 0.2892 0.3587 0.4097 0.4201 0.4144 0.4030 0.3870 0.3651 0.3362 0.2985 0.2467 0.1884 0.1717 0.1863 0.2060 0.2283 0.2530 0.2797 0.3076 0.3359 0.3631 0.3868 0.4044 0.4146 0.4192 0.4201 0.4190 0.4166 0.4131 0.4087 0.4033 0.3970 0.3896 0.3807 0.3702 0.3578 0.3430 0.3255 0.3044 0.2773 0.2444 0.2093 0.1849 0.1772 0.1802 0.1916 0.1990 0.1916 0.1802 0.1772 0.1849 0.2093 0.2444 0.2773 0.3044 0.3255 0.3430 0.3578 0.3702 0.3807 0.3896 0.3970 0.4033 0.4087 0.4131 0.4166 0.4190 0.4201 0.4192 0.4146 0.4044 0.3868 0.3631 0.3359 0.3076 0.2797 0.2530 0.2283 0.2060 0.1863 0.1717 0.1884 0.2467 0.2985 0.3362 0.3651 0.3870 0.4030 0.4144 0.4201 0.4097 0.3587 0.2892 0.2298 0.1866 0.1863 0.3567
0.3391 0.1754 0.2001 0.2492 0.3140 0.3826 0.4174 0.4186 0.4094 0.3945 0.3732 0.3435 0.3035 0.2467 0.1835 0.1736 0.1938 0.2180 0.2459 0.2767 0.3094 0.3422 0.3724 0.3964 0.4113 0.4181 0.4201 0.4194 0.4172 0.4138 0.4095 0.4043 0.3982 0.3909 0.3823 0.3721 0.3600 0.3457 0.3287 0.3083 0.2824 0.2503 0.2150 0.1878 0.1776 0.1789 0.1892 0.2031 0.2193 0.2371 0.2477 0.2371 0.2193 0.2031 0.1892 0.1789 0.1776 0.1878 0.2150 0.2503 0.2824 0.3083 0.3287 0.3457 0.3600 0.3721 0.3823 0.3909 0.3982 0.4043 0.4095 0.4138 0.4172 0.4194 0.4201 0.4181 0.4113 0.3964 0.3724 0.3422 0.3094 0.2768 0.2459 0.2180 0.1938 0.1736 0.1835 0.2467 0.3035 0.3435 0.3732 0.3945 0.4094 0.4186 0.4174 0.3826 0.3140 0.2492 0.2001 0.1754 0.3391
0.3207 0.1764 0.2155 0.2705 0.3395 0.4012 0.4200 0.4156 0.4034 0.3846 0.3569 0.3176 0.2613 0.1884 0.1736 0.1964 0.2244 0.2573 0.2938 0.3321 0.3683 0.3968 0.4131 0.4192 0.4200 0.4182 0.4150 0.4108 0.4057 0.3996 0.3924 0.3840 0.3740 0.3623 0.3484 0.3318 0.3121 0.2874 0.2561 0.2209 0.1913 0.1783 0.1780 0.1871 0.2006 0.2161 0.2337 0.2534 0.2756 0.2991 0.3125 0.2991 0.2756 0.2534 0.2337 0.2161 0.2006 0.1871 0.1780 0.1783 0.1913 0.2209 0.2561 0.2874 0.3121 0.3318 0.3484 0.3623 0.3740 0.3840 0.3924 0.3996 0.4057 0.4108 0.4150 0.4182 0.4200 0.4192 0.4131 0.3968 0.3683 0.3321 0.2938 0.2573 0.2244 0.1964 0.1736 0.1884 0.2613 0.3176 0.3569 0.3846 0.4034 0.4156 0.4200 0.4012 0.3395 0.2705 0.2155 0.1764 0.3207
0.3073 0.1863 0.2330 0.2938 0.3646 0.4128 0.4197 0.4117 0.3965 0.3730 0.3378 0.2862 0.2073 0.1717 0.1938 0.2244 0.2612 0.3026 0.3457 0.3840 0.4089 0.4186 0.4200 0.4177 0.4137 0.4085 0.4023 0.3951 0.3867 0.3767 0.3651 0.3514 0.3352 0.3159 0.2923 0.2618 0.2271 0.1952 0.1793 0.1774 0.1849 0.1982 0.2133 0.2306 0.2499 0.2714 0.2947 0.3195 0.3454 0.3697 0.3819 0.3697 0.3454 0.3195 0.2947 0.2714 0.2499 0.2306 0.2133 0.1982 0.1849 0.1774 0.1793 0.1952 0.2271 0.2618 0.2923 0.3159 0.3352 0.3514 0.3651 0.3767 0.3867 0.3951 0.4023 0.4085 0.4137 0.4177 0.4200 0.4186 0.4089 0.3840 0.3456 0.3026 0.2612 0.2244 0.1938 0.1717 0.2073 0.2862 0.3378 0.3730 0.3965 0.4117 0.4197 0.4128 0.3646 0.2938 0.2330 0.1863 0.3073
0.3016 0.1997 0.2526 0.3186 0.3869 0.4184 0.4178 0.4068 0.3884 0.3596 0.3156 0.2453 0.1761 0.1863 0.2180 0.2573 0.3026 0.3501 0.3910 0.4137 0.4199 0.4187 0.4145 0.4086 0.4014 0.3928 0.3827 0.3708 0.3569 0.3406 0.3215 0.2985 0.2689 0.2342 0.2001 0.1807 0.1770 0.1829 0.1958 0.2106 0.2275 0.2465 0.2676 0.2906 0.3152 0.3406 0.3655 0.3876 0.4046 0.4145 0.4171 0.4145 0.4046 0.3876 0.3655 0.3406 0.3152 0.2906 0.2676 0.2465 0.2275 0.2106 0.1958 0.1829 0.1770 0.1807 0.2001 0.2342 0.2689 0.2985 0.3215 0.3406 0.3569 0.3708 0.3827 0.3928 0.4014 0.4086 0.4145 0.4187 0.4199 0.4137 0.3910 0.3501 0.3026 0.2573 0.2180 0.1863 0.1761 0.2453 0.3156 0.3596 0.3884 0.4068 0.4178 0.4184 0.3869 0.3186 0.2526 0.1997 0.3016
0.3005 0.2151 0.2743 0.3440 0.4039 0.4201 0.4147 0.4011 0.3790 0.3440 0.2891 0.2019 0.1761 0.2060 0.2459 0.2938 0.3456 0.3910 0.4149 0.4201 0.4175 0.4119 0.4043 0.3949 0.3835 0.3697 0.3532 0.3339 0.3109 0.2830 0.2472 0.2090 0.1835 0.1767 0.1808 0.1931 0.2077 0.2244 0.2431 0.2638 0.2866 0.3109 0.3363 0.3614 0.3842 0.4020 0.4132 0.4186 0.4202 0.4193 0.4175 0.4193 0.4202 0.4186 0.4132 0.4020 0.3842 0.3614 0.3363 0.3109 0.2866 0.2638 0.2431 0.2244 0.2077 0.1931 0.1808 0.1767 0.1835 0.2090 0.2472 0.2830 0.3109 0.3339 0.3532 0.3697 0.3835 0.3949 0.4043 0.4119 0.4175 0.4201 0.4149 0.3910 0.3456 0.2938 0.2459 0.2060 0.1761 0.2019 0.2891 0.3440 0.3790 0.4011 0.4147 0.4201 0.4039 0.3440 0.2743 0.2151 0.3005
0.3024 0.2326 0.2979 0.3686 0.4142 0.4195 0.4107 0.3943 0.3679 0.3259 0.2549 0.1784 0.1901 0.2283 0.2767 0.3321 0.3840 0.4137 0.4201 0.4171 0.4105 0.4014 0.3900 0.3756 0.3578 0.3361 0.3100 0.2774 0.2352 0.1949 0.1767 0.1775 0.1886 0.2034 0.2201 0.2388 0.2595 0.2822 0.3065 0.3319 0.3572 0.3806 0.3994 0.4117 0.4180 0.4201 0.4197 0.4177 0.4146 0.4102 0.4064 0.4102 0.4146 0.4177 0.4197 0.4201 0.4180 0.4117 0.3994 0.3806 0.3572 0.3319 0.3065 0.2822 0.2595 0.2388 0.2201 0.2034 0.1886 0.1775 0.1767 0.1949 0.2352 0.2774 0.3100 0.3361 0.3578 0.3756 0.3900 0.4014 0.4105 0.4171 0.4201 0.4137 0.3840 0.3321 0.2768 0.2283 0.1901 0.1784 0.2549 0.3259 0.3679 0.3943 0.4107 0.4195 0.4142 0.3686 0.2979 0.2326 0.3024
0.3069 0.2521 0.3229 0.3902 0.4190 0.4173 0.4058 0.3863 0.3549 0.3042 0.2169 0.1764 0.2070 0.2529 0.3094 0.3683 0.4089 0.4199 0.4175 0.4105 0.4004 0.3874 0.3704 0.3489 0.3219 0.2883 0.2426 0.1944 0.1742 0.1788 0.1938 0.2111 0.2305 0.2519 0.2752 0.3001 0.3261 0.3521 0.3764 0.3965 0.4101 0.4173 0.4199 0.4199 0.4181 0.4152 0.4113 0.4065 0.4007 0.3935 0.3873 0.3935 0.4007 0.4065 0.4113 0.4152 0.4181 0.4199 0.4199 0.4173 0.4101 0.3965 0.3764 0.3521 0.3261 0.3001 0.2752 0.2519 0.2305 0.2111 0.1938 0.1788 0.1742 0.1944 0.2426 0.2883 0.3219 0.3489 0.3704 0.3874 0.4004 0.4105 0.4175 0.4199 0.4089 0.3683 0.3094 0.2530 0.2071 0.1764 0.2169 0.3042 0.3549 0.3863 0.4058 0.4173 0.4190 0.3902 0.3229 0.2521 0.3069
0.3134 0.2737 0.3483 0.4061 0.4202 0.4141 0.3999 0.3768 0.3394 0.2765 0.1877 0.1857 0.2260 0.2796 0.3422 0.3968 0.4186 0.4187 0.4119 0.4014 0.3874 0.3687 0.3441 0.3127 0.2716 0.2144 0.1761 0.1760 0.1926 0.2124 0.2347 0.2594 0.2861 0.3141 0.3423 0.3690 0.3916 0.4075 0.4162 0.4197 0.4200 0.4185 0.4157 0.4120 0.4073 0.4018 0.3952 0.3874 0.3781 0.3664 0.3564 0.3664 0.3781 0.3874 0.3952 0.4018 0.4073 0.4120 0.4157 0.4185 0.4200 0.4197 0.4162 0.4075 0.3916 0.3690 0.3423 0.3141 0.2861 0.2594 0.2347 0.2124 0.1926 0.1760 0.1761 0.2144 0.2716 0.3127 0.3441 0.3687 0.3874 0.4014 0.4119 0.4187 0.4186 0.3968 0.3422 0.2797 0.2261 0.1857 0.1877 0.2765 0.3394 0.3768 0.3999 0.4141 0.4202 0.4061 0.3483 0.2737 0.3134
0.3219 0.2971 0.3726 0.4153 0.4192 0.4099 0.3930 0.3655 0.3212 0.2431 0.1772 0.1999 0.2469 0.3076 0.3724 0.4131 0.4200 0.4145 0.4043 0.3900 0.3704 0.3441 0.3095 0.2624 0.1992 0.1713 0.1838 0.2047 0.2291 0.2568 0.2871 0.3190 0.3506 0.3791 0.4008 0.4135 0.4190 0.4201 0.4190 0.4164 0.4128 0.4083 0.4028 0.3964 0.3888 0.3798 0.3691 0.3565 0.3415 0.3225 0.3062 0.3225 0.3415 0.3565 0.3691 0.3798 0.3888 0.3964 0.4028 0.4083 0.4128 0.4164 0.4190 0.4201 0.4190 0.4135 0.4008 0.3791 0.3506 0.3190 0.2871 0.2568 0.2291 0.2047 0.1838 0.1713 0.1992 0.2625 0.3095 0.3441 0.3704 0.3900 0.4043 0.4145 0.4200 0.4131 0.3724 0.3076 0.2470 0.1999 0.1772 0.2431 0.3212 0.3655 0.3930 0.4099 0.4192 0.4153 0.3726 0.2971 0.3219
0.3321 0.3220 0.3934 0.4194 0.4168 0.4048 0.3847 0.3522 0.2990 0.2077 0.1790 0.2160 0.2697 0.3359 0.3964 0.4192 0.4177 0.4086 0.3949 0.3756 0.3489 0.3127 0.2625 0.1947 0.1710 0.1891 0.2134 0.2421 0.2748 0.3105 0.3465 0.3793 0.4032 0.4156 0.4198 0.4197 0.4175 0.4141 0.4096 0.4042 0.3979 0.3904 0.3816 0.3712 0.3589 0.3443 0.3270 0.3062 0.2796 0.2458 0.2201 0.2458 0.2796 0.3062 0.3270 0.3443 0.3589 0.3712 0.3816 0.3904 0.3979 0.4042 0.4096 0.4141 0.4175 0.4197 0.4198 0.4156 0.4032 0.3793 0.3465 0.3105 0.2748 0.2421 0.2134 0.1891 0.1710 0.1946 0.2625 0.3127 0.3489 0.3756 0.3949 0.4086 0.4177 0.4192 0.3964 0.3359 0.2697 0.2160 0.1790 0.2077 0.2990 0.3522 0.3847 0.4048 0.4168 0.4194 0.3934 0.3220 0.3321
0.3437 0.3473 0.4081 0.4201 0.4134 0.3988 0.3750 0.3365 0.2703 0.1841 0.1897 0.2341 0.2941 0.3630 0.4113 0.4200 0.4137 0.4014 0.3835 0.3578 0.3219 0.2716 0.1992 0.1710 0.1909 0.2179 0.2503 0.2874 0.3275 0.3665 0.3975 0.4143 0.4198 0.4195 0.4167 0.4124 0.4070 0.4006 0.3931 0.3843 0.3740 0.3618 0.3475 0.3306 0.3103 0.2849 0.2530 0.2177 0.1893 0.1778 0.1759 0.1778 0.1893 0.2177 0.2530 0.2849 0.3103 0.3306 0.3475 0.3618 0.3740 0.3843 0.3931 0.4006 0.4070 0.4124 0.4167 0.4195 0.4198 0.4143 0.3975 0.3665 0.3275 0.2874 0.2503 0.2179 0.1909 0.1710 0.1992 0.2716 0.3219 0.3578 0.3835 0.4014 0.4137 0.4200 0.4113 0.3631 0.2942 0.2341 0.1898 0.1841 0.2703 0.3365 0.3750 0.3988 0.4134 0.4201 0.4081 0.3473 0.3437
0.3563 0.3717 0.4163 0.4189 0.4091 0.3917 0.3634 0.3177 0.2365 0.1771 0.2038 0.2542 0.3197 0.3867 0.4181 0.4182 0.4085 0.3928 0.3697 0.3361 0.2883 0.2144 0.1713 0.1891 0.2179 0.2531 0.2938 0.3376 0.3786 0.4070 0.4184 0.4200 0.4173 0.4125 0.4064 0.3990 0.3902 0.3797 0.3675 0.3530 0.3361 0.3162 0.2918 0.2604 0.2248 0.1933 0.1786 0.1777 0.1863 0.1996 0.2076 0.1996 0.1863 0.1777 0.1786 0.1933 0.2248 0.2604 0.2918 0.3162 0.3361 0.3530 0.3675 0.3797 0.3902 0.3990 0.4064 0.4125 0.4173 0.4200 0.4184 0.4070 0.3786 0.3376 0.2938 0.2531 0.2179 0.1891 0.1713 0.2144 0.2883 0.3361 0.3697 0.3928 0.4085 0.4182 0.4181 0.3868 0.3198 0.2542 0.2038 0.1771 0.2365 0.3177 0.3634 0.3917 0.4091 0.4189 0.4163 0.3717 0.3563
0.3693 0.3926 0.4197 0.4163 0.4039 0.3832 0.3497 0.2946 0.2024 0.1804 0.2199 0.2763 0.3456 0.4043 0.4201 0.4150 0.4023 0.3827 0.3533 0.3100 0.2426 0.1761 0.1838 0.2134 0.2503 0.2938 0.3410 0.3842 0.4112 0.4197 0.4191 0.4148 0.4084 0.4004 0.3907 0.3789 0.3647 0.3478 0.3279 0.3042 0.2742 0.2373 0.2007 0.1802 0.1768 0.1835 0.1967 0.2119 0.2294 0.2485 0.2598 0.2485 0.2294 0.2119 0.1967 0.1835 0.1768 0.1802 0.2007 0.2373 0.2742 0.3042 0.3279 0.3478 0.3647 0.3789 0.3907 0.4004 0.4084 0.4148 0.4191 0.4197 0.4112 0.3842 0.3410 0.2938 0.2503 0.2134 0.1838 0.1761 0.2426 0.3100 0.3532 0.3827 0.4023 0.4150 0.4201 0.4044 0.3457 0.2763 0.2199 0.1805 0.2024 0.2946 0.3497 0.3832 0.4039 0.4163 0.4197 0.3926 0.3693
0.3820 0.4077 0.4200 0.4128 0.3976 0.3732 0.3335 0.2648 0.1818 0.1922 0.2380 0.3001 0.3705 0.4146 0.4194 0.4108 0.3951 0.3709 0.3339 0.2775 0.1943 0.1760 0.2047 0.2421 0.2874 0.3376 0.3842 0.4123 0.4200 0.4183 0.4128 0.4052 0.3954 0.3831 0.3679 0.3494 0.3269 0.2998 0.2647 0.2220 0.1875 0.1759 0.1796 0.1923 0.2075 0.2248 0.2440 0.2652 0.2888 0.3133 0.3270 0.3133 0.2888 0.2652 0.2440 0.2248 0.2075 0.1923 0.1796 0.1759 0.1875 0.2220 0.2647 0.2998 0.3269 0.3494 0.3680 0.3831 0.3954 0.4052 0.4128 0.4183 0.4200 0.4123 0.3842 0.3376 0.2874 0.2421 0.2047 0.1760 0.1944 0.2774 0.3339 0.3708 0.3951 0.4108 0.4194 0.4146 0.3705 0.3001 0.2380 0.1922 0.1818 0.2648 0.3335 0.3732 0.3976 0.4128 0.4200 0.4077 0.3820
0.3936 0.4163 0.4185 0.4083 0.3903 0.3613 0.3141 0.2304 0.1770 0.2065 0.2582 0.3252 0.3918 0.4192 0.4172 0.4057 0.3867 0.3569 0.3111 0.2353 0.1742 0.1926 0.2291 0.2748 0.3275 0.3786 0.4112 0.4200 0.4179 0.4118 0.4030 0.3917 0.3771 0.3586 0.3356 0.3070 0.2702 0.2217 0.1836 0.1745 0.1832 0.1988 0.2164 0.2361 0.2579 0.2817 0.3068 0.3329 0.3591 0.3823 0.3930 0.3823 0.3591 0.3329 0.3068 0.2817 0.2579 0.2361 0.2164 0.1988 0.1832 0.1745 0.1836 0.2217 0.2702 0.3070 0.3356 0.3587 0.3771 0.3917 0.4030 0.4118 0.4179 0.4200 0.4112 0.3786 0.3275 0.2748 0.2291 0.1926 0.1742 0.2352 0.3109 0.3569 0.3867 0.4057 0.4172 0.4192 0.3918 0.3252 0.2582 0.2065 0.1770 0.2304 0.3141 0.3613 0.3903 0.4083 0.4185 0.4163 0.3936
0.4033 0.4200 0.4158 0.4029 0.3816 0.3472 0.2900 0.1976 0.1820 0.2228 0.2804 0.3506 0.4072 0.4201 0.4138 0.3996 0.3767 0.3406 0.2830 0.1949 0.1788 0.2124 0.2568 0.3105 0.3665 0.4070 0.4197 0.4183 0.4118 0.4023 0.3897 0.3732 0.3519 0.3246 0.2898 0.2414 0.1905 0.1727 0.1826 0.2000 0.2201 0.2426 0.2675 0.2942 0.3221 0.3498 0.3756 0.3966 0.4106 0.4175 0.4187 0.4175 0.4106 0.3966 0.3756 0.3498 0.3221 0.2942 0.2675 0.2426 0.2201 0.2000 0.1826 0.1727 0.1905 0.2414 0.2898 0.3246 0.3519 0.3732 0.3897 0.4023 0.4118 0.4183 0.4197 0.4070 0.3665 0.3105 0.2568 0.2124 0.1788 0.1949 0.2830 0.3406 0.3767 0.3996 0.4138 0.4201 0.4072 0.3506 0.2804 0.2228 0.1820 0.1976 0.2900 0.3472 0.3816 0.4029 0.4158 0.4200 0.4033
0.4107 0.4206 0.4121 0.3965 0.3713 0.3304 0.2592 0.1800 0.1945 0.2413 0.3044 0.3747 0.4159 0.4190 0.4095 0.3924 0.3651 0.3215 0.2472 0.1767 0.1938 0.2347 0.2871 0.3465 0.3975 0.4184 0.4191 0.4128 0.4030 0.3897 0.3719 0.3483 0.3175 0.2771 0.2188 0.1765 0.1761 0.1943 0.2160 0.2409 0.2688 0.2988 0.3300 0.3602 0.3865 0.4054 0.4156 0.4196 0.4200 0.4182 0.4160 0.4182 0.4200 0.4196 0.4156 0.4054 0.3865 0.3602 0.3300 0.2988 0.2688 0.2409 0.2160 0.1943 0.1761 0.1765 0.2188 0.2771 0.3175 0.3483 0.3719 0.3897 0.4030 0.4128 0.4191 0.4184 0.3975 0.3465 0.2871 0.2347 0.1938 0.1767 0.2472 0.3215 0.3651 0.3924 0.4095 0.4190 0.4159 0.3747 0.3044 0.2413 0.1945 0.1800 0.2592 0.3304 0.3713 0.3965 0.4121 0.4206 0.4107
0.4159 0.4194 0.4074 0.3889 0.3590 0.3104 0.2243 0.1772 0.2091 0.2618 0.3296 0.3950 0.4196 0.4166 0.4043 0.3840 0.3514 0.2985 0.2090 0.1775 0.2111 0.2594 0.3190 0.3793 0.4143 0.4200 0.4148 0.4052 0.3917 0.3732 0.3483 0.3151 0.2703 0.2061 0.1718 0.1825 0.2040 0.2297 0.2594 0.2923 0.3270 0.3609 0.3898 0.4088 0.4177 0.4201 0.4193 0.4167 0.4130 0.4079 0.4036 0.4079 0.4130 0.4167 0.4193 0.4201 0.4177 0.4088 0.3898 0.3609 0.3270 0.2923 0.2594 0.2297 0.2040 0.1825 0.1718 0.2061 0.2703 0.3151 0.3483 0.3732 0.3917 0.4052 0.4148 0.4200 0.4143 0.3793 0.3190 0.2594 0.2111 0.1775 0.2090 0.2985 0.3514 0.3840 0.4043 0.4166 0.4196 0.3950 0.3296 0.2618 0.2091 0.1772 0.2243 0.3104 0.3590 0.3889 0.4074 0.4194 0.4159
0.4192 0.4168 0.4019 0.3800 0.3445 0.2852 0.1934 0.1838 0.2258 0.2844 0.3549 0.4092 0.4201 0.4131 0.3982 0.3740 0.3352 0.2689 0.1835 0.1886 0.2305 0.2861 0.3506 0.4032 0.4198 0.4173 0.4084 0.3954 0.3771 0.3519 0.3175 0.2703 0.2023 0.1708 0.1866 0.2108 0.2401 0.2740 0.3113 0.3495 0.3837 0.4072 0.4177 0.4201 0.4187 0.4154 0.4109 0.4053 0.3986 0.3904 0.3833 0.3904 0.3986 0.4053 0.4109 0.4154 0.4187 0.4201 0.4177 0.4072 0.3837 0.3495 0.3113 0.2740 0.2401 0.2108 0.1866 0.1708 0.2023 0.2703 0.3175 0.3519 0.3771 0.3954 0.4084 0.4173 0.4198 0.4032 0.3506 0.2861 0.2305 0.1886 0.1835 0.2689 0.3352 0.3740 0.3982 0.4131 0.4201 0.4092 0.3549 0.2844 0.2258 0.1838 0.1934 0.2852 0.3445 0.3800 0.4019 0.4168 0.4192
0.4211 0.4132 0.3953 0.3693 0.3273 0.2535 0.1787 0.1969 0.2446 0.3086 0.3785 0.4168 0.4187 0.4087 0.3909 0.3623 0.3159 0.2342 0.1767 0.2034 0.2519 0.3141 0.3791 0.4156 0.4195 0.4125 0.4004 0.3831 0.3587 0.3246 0.2771 0.2061 0.1708 0.1880 0.2144 0.2465 0.2840 0.3250 0.3656 0.3981 0.4151 0.4200 0.4190 0.4154 0.4102 0.4038 0.3961 0.3870 0.3762 0.3626 0.3511 0.3626 0.3762 0.3870 0.3961 0.4038 0.4102 0.4154 0.4190 0.4200 0.4151 0.3981 0.3656 0.3250 0.2840 0.2465 0.2144 0.1880 0.1708 0.2061 0.2771 0.3246 0.3587 0.3831 0.4004 0.4125 0.4195 0.4156 0.3791 0.3141 0.2519 0.2034 0.1767 0.2342 0.3159 0.3623 0.3909 0.4087 0.4187 0.4168 0.3785 0.3086 0.2446 0.1969 0.1787 0.2535 0.3273 0.3693 0.3953 0.4132 0.4211
0.4222 0.4086 0.3875 0.3567 0.3065 0.2182 0.1777 0.2118 0.2655 0.3339 0.3979 0.4198 0.4160 0.4033 0.3823 0.3484 0.2923 0.2001 0.1808 0.2201 0.2752 0.3423 0.4008 0.4198 0.4167 0.4064 0.3907 0.3680 0.3356 0.2898 0.2188 0.1718 0.1866 0.2144 0.2487 0.2891 0.3332 0.3756 0.4059 0.4183 0.4199 0.4169 0.4117 0.4048 0.3963 0.3860 0.3737 0.3590 0.3415 0.3195 0.3005 0.3195 0.3415 0.3590 0.3737 0.3860 0.3963 0.4047 0.4117 0.4169 0.4199 0.4183 0.4059 0.3756 0.3332 0.2891 0.2487 0.2144 0.1866 0.1718 0.2188 0.2898 0.3356 0.3680 0.3907 0.4064 0.4167 0.4198 0.4008 0.3423 0.2752 0.2201 0.1808 0.2001 0.2923 0.3484 0.3823 0.4033 0.4160 0.4198 0.3979 0.3339 0.2655 0.2118 0.1777 0.2182 0.3065 0.3567 0.3875 0.4086 0.4222
0.4225 0.4028 0.3783 0.3418 0.2801 0.1896 0.1859 0.2289 0.2884 0.3591 0.4109 0.4199 0.4124 0.3970 0.3721 0.3318 0.2618 0.1807 0.1931 0.2388 0.3001 0.3690 0.4135 0.4197 0.4124 0.3990 0.3789 0.3494 0.3070 0.2414 0.1765 0.1825 0.2108 0.2465 0.2891 0.3359 0.3803 0.4096 0.4194 0.4192 0.4149 0.4082 0.3997 0.3891 0.3759 0.3598 0.3402 0.3167 0.2879 0.2488 0.2182 0.2488 0.2879 0.3167 0.3402 0.3598 0.3759 0.3891 0.3997 0.4082 0.4149 0.4192 0.4194 0.4095 0.3803 0.3359 0.2891 0.2465 0.2108 0.1825 0.1765 0.2414 0.3070 0.3494 0.3789 0.3990 0.4124 0.4197 0.4135 0.3690 0.3001 0.2388 0.1931 0.1807 0.2618 0.3318 0.3721 0.3970 0.4124 0.4199 0.4109 0.3591 0.2884 0.2289 0.1859 0.1896 0.2801 0.3418 0.3783 0.4028 0.4225
0.4220 0.3956 0.3673 0.3240 0.2476 0.1779 0.1993 0.2481 0.3129 0.3822 0.4176 0.4183 0.4078 0.3896 0.3600 0.3121 0.2271 0.1770 0.2077 0.2595 0.3260 0.3916 0.4189 0.4176 0.4071 0.3902 0.3647 0.3269 0.2702 0.1905 0.1761 0.2040 0.2401 0.2840 0.3332 0.3803 0.4106 0.4198 0.4186 0.4133 0.4056 0.3955 0.3828 0.3666 0.3464 0.3215 0.2907 0.2493 0.2029 0.1772 0.1734 0.1772 0.2029 0.2493 0.2907 0.3215 0.3464 0.3665 0.3827 0.3955 0.4055 0.4133 0.4186 0.4198 0.4106 0.3803 0.3332 0.2840 0.2401 0.2040 0.1761 0.1905 0.2702 0.3269 0.3647 0.3902 0.4070 0.4175 0.4190 0.3916 0.3261 0.2595 0.2077 0.1770 0.2271 0.3121 0.3600 0.3896 0.4078 0.4183 0.4176 0.3822 0.3129 0.2481 0.1993 0.1779 0.2476 0.3240 0.3673 0.3956 0.4220
0.4207 0.3870 0.3543 0.3025 0.2123 0.1784 0.2146 0.2693 0.3383 0.4006 0.4200 0.4155 0.4023 0.3807 0.3457 0.2874 0.1952 0.1829 0.2244 0.2821 0.3520 0.4075 0.4201 0.4141 0.4007 0.3798 0.3478 0.2998 0.2217 0.1727 0.1943 0.2297 0.2740 0.3250 0.3756 0.4096 0.4198 0.4184 0.4125 0.4039 0.3926 0.3778 0.3589 0.3348 0.3044 0.2643 0.2116 0.1775 0.1757 0.1899 0.1993 0.1899 0.1757 0.1775 0.2116 0.2643 0.3043 0.3347 0.3588 0.3778 0.3926 0.4039 0.4125 0.4184 0.4198 0.4095 0.3756 0.3250 0.2740 0.2297 0.1943 0.1727 0.2217 0.2998 0.3478 0.3797 0.4006 0.4141 0.4201 0.4075 0.3521 0.2822 0.2244 0.1829 0.1952 0.2874 0.3457 0.3807 0.4023 0.4155 0.4200 0.4006 0.3383 0.2693 0.2146 0.1784 0.2123 0.3025 0.3543 0.3870 0.4207
0.4184 0.3767 0.3389 0.2749 0.1864 0.1880 0.2320 0.2925 0.3633 0.4124 0.4198 0.4117 0.3958 0.3702 0.3287 0.2561 0.1793 0.1958 0.2431 0.3065 0.3763 0.4162 0.4190 0.4096 0.3932 0.3675 0.3279 0.2647 0.1836 0.1826 0.2160 0.2594 0.3113 0.3656 0.4059 0.4194 0.4186 0.4125 0.4033 0.3910 0.3747 0.3534 0.3258 0.2901 0.2396 0.1875 0.1724 0.1856 0.2053 0.2278 0.2412 0.2278 0.2054 0.1857 0.1724 0.1874 0.2395 0.2901 0.3258 0.3534 0.3747 0.3910 0.4033 0.4125 0.4186 0.4194 0.4059 0.3656 0.3113 0.2594 0.2160 0.1826 0.1836 0.2647 0.3279 0.3675 0.3931 0.4096 0.4190 0.4162 0.3764 0.3065 0.2431 0.1958 0.1793 0.2561 0.3287 0.3702 0.3958 0.4117 0.4198 0.4124 0.3633 0.2925 0.2320 0.1880 0.1864 0.2749 0.3389 0.3767 0.4184
0.4154 0.3648 0.3206 0.2417 0.1774 0.2017 0.2515 0.3172 0.3858 0.4183 0.4179 0.4069 0.3882 0.3578 0.3083 0.2209 0.1774 0.2106 0.2638 0.3318 0.3964 0.4197 0.4164 0.4043 0.3844 0.3531 0.3042 0.2220 0.1745 0.2000 0.2409 0.2923 0.3495 0.3981 0.4183 0.4192 0.4133 0.4039 0.3910 0.3737 0.3505 0.3202 0.2798 0.2209 0.1764 0.1765 0.1957 0.2189 0.2464 0.2766 0.2942 0.2767 0.2465 0.2190 0.1958 0.1766 0.1764 0.2208 0.2799 0.3202 0.3505 0.3737 0.3910 0.4039 0.4133 0.4192 0.4183 0.3981 0.3495 0.2923 0.2409 0.2000 0.1745 0.2220 0.3042 0.3530 0.3843 0.4042 0.4164 0.4197 0.3965 0.3319 0.2638 0.2106 0.1774 0.2209 0.3083 0.3578 0.3882 0.4069 0.4179 0.4183 0.3858 0.3172 0.2515 0.2017 0.1774 0.2417 0.3206 0.3648 0.4154
0.4115 0.3511 0.2983 0.2068 0.1794 0.2174 0.2731 0.3426 0.4031 0.4201 0.4149 0.4013 0.3790 0.3430 0.2824 0.1913 0.1849 0.2275 0.2866 0.3571 0.4101 0.4200 0.4128 0.3979 0.3741 0.3362 0.2742 0.1875 0.1832 0.2201 0.2688 0.3270 0.3837 0.4151 0.4199 0.4149 0.4055 0.3926 0.3747 0.3505 0.3182 0.2744 0.2102 0.1723 0.1818 0.2039 0.2305 0.2615 0.2970 0.3338 0.3534 0.3338 0.2972 0.2616 0.2306 0.2039 0.1819 0.1723 0.2102 0.2744 0.3182 0.3505 0.3747 0.3926 0.4055 0.4149 0.4199 0.4151 0.3837 0.3270 0.2688 0.2201 0.1832 0.1875 0.2742 0.3361 0.3740 0.3979 0.4128 0.4200 0.4101 0.3572 0.2866 0.2275 0.1849 0.1913 0.2824 0.3430 0.3790 0.4013 0.4149 0.4201 0.4031 0.3426 0.2731 0.2174 0.1794 0.2068 0.2983 0.3511 0.4115
0.4067 0.3351 0.2695 0.1837 0.1902 0.2352 0.2966 0.3673 0.4138 0.4195 0.4109 0.3946 0.3682 0.3255 0.2503 0.1783 0.1982 0.2465 0.3109 0.3805 0.4173 0.4185 0.4083 0.3904 0.3619 0.3162 0.2373 0.1759 0.1988 0.2426 0.2988 0.3609 0.4072 0.4200 0.4169 0.4082 0.3955 0.3778 0.3534 0.3202 0.2744 0.2069 0.1712 0.1852 0.2095 0.2392 0.2738 0.3124 0.3529 0.3877 0.4016 0.3878 0.3530 0.3125 0.2739 0.2393 0.2096 0.1853 0.1712 0.2069 0.2744 0.3202 0.3534 0.3778 0.3955 0.4082 0.4169 0.4200 0.4072 0.3609 0.2988 0.2426 0.1988 0.1759 0.2373 0.3162 0.3618 0.3904 0.4083 0.4185 0.4173 0.3806 0.3109 0.2465 0.1982 0.1783 0.2503 0.3255 0.3682 0.3946 0.4109 0.4195 0.4138 0.3673 0.2966 0.2352 0.1902 0.1837 0.2695 0.3351 0.4067
0.4010 0.3160 0.2357 0.1771 0.2043 0.2551 0.3215 0.3892 0.4188 0.4175 0.4060 0.3867 0.3554 0.3044 0.2150 0.1780 0.2133 0.2676 0.3363 0.3994 0.4199 0.4157 0.4028 0.3816 0.3475 0.2918 0.2007 0.1796 0.2164 0.2675 0.3300 0.3898 0.4177 0.4190 0.4117 0.3997 0.3827 0.3588 0.3258 0.2799 0.2102 0.1712 0.1864 0.2125 0.2446 0.2822 0.3239 0.3656 0.3994 0.4159 0.4185 0.4159 0.3995 0.3657 0.3241 0.2823 0.2446 0.2125 0.1864 0.1712 0.2102 0.2799 0.3258 0.3588 0.3827 0.3997 0.4117 0.4190 0.4177 0.3898 0.3300 0.2675 0.2164 0.1796 0.2007 0.2918 0.3475 0.3816 0.4028 0.4157 0.4199 0.3994 0.3363 0.2676 0.2133 0.1780 0.2150 0.3044 0.3554 0.3867 0.4060 0.4175 0.4188 0.3892 0.3215 0.2551 0.2043 0.1771 0.2357 0.3160 0.4010
0.3942 0.2926 0.2017 0.1806 0.2203 0.2770 0.3469 0.4054 0.4202 0.4143 0.4002 0.3773 0.3402 0.2773 0.1878 0.1871 0.2306 0.2906 0.3614 0.4117 0.4199 0.4120 0.3964 0.3712 0.3306 0.2604 0.1802 0.1923 0.2361 0.2942 0.3602 0.4088 0.4201 0.4154 0.4047 0.3891 0.3665 0.3347 0.2901 0.2208 0.1723 0.1853 0.2125 0.2464 0.2865 0.3308 0.3740 0.4054 0.4185 0.4197 0.4170 0.4197 0.4185 0.4055 0.3741 0.3309 0.2865 0.2464 0.2125 0.1853 0.1723 0.2208 0.2901 0.3347 0.3665 0.3891 0.4047 0.4154 0.4201 0.4088 0.3602 0.2942 0.2361 0.1923 0.1802 0.2604 0.3306 0.3712 0.3964 0.4120 0.4199 0.4117 0.3614 0.2906 0.2306 0.1871 0.1878 0.2773 0.3402 0.3773 0.4002 0.4143 0.4202 0.4054 0.3469 0.2770 0.2203 0.1806 0.2017 0.2926 0.3942
0.3859 0.2624 0.1815 0.1925 0.2384 0.3008 0.3714 0.4150 0.4193 0.4102 0.3934 0.3662 0.3222 0.2444 0.1776 0.2006 0.2499 0.3152 0.3842 0.4180 0.4181 0.4073 0.3888 0.3589 0.3103 0.2248 0.1768 0.2075 0.2579 0.3221 0.3865 0.4177 0.4187 0.4102 0.3963 0.3759 0.3464 0.3043 0.2395 0.1764 0.1819 0.2096 0.2446 0.2865 0.3331 0.3780 0.4086 0.4193 0.4193 0.4144 0.4090 0.4144 0.4193 0.4193 0.4086 0.3780 0.3331 0.2865 0.2446 0.2096 0.1819 0.1764 0.2395 0.3043 0.3464 0.3759 0.3963 0.4102 0.4187 0.4177 0.3865 0.3221 0.2579 0.2075 0.1768 0.2248 0.3103 0.3589 0.3888 0.4073 0.4181 0.4180 0.3842 0.3152 0.2499 0.2006 0.1776 0.2444 0.3222 0.3662 0.3934 0.4102 0.4193 0.4150 0.3714 0.3008 0.2384 0.1925 0.1815 0.2624 0.3859
0.3757 0.2277 0.1770 0.2069 0.2587 0.3258 0.3924 0.4193 0.4170 0.4051 0.3852 0.3530 0.3003 0.2093 0.1789 0.2161 0.2714 0.3406 0.4020 0.4201 0.4152 0.4018 0.3798 0.3443 0.2849 0.1933 0.1835 0.2248 0.2817 0.3498 0.4054 0.4201 0.4154 0.4038 0.3860 0.3598 0.3215 0.2643 0.1874 0.1766 0.2039 0.2393 0.2823 0.3309 0.3780 0.4095 0.4196 0.4188 0.4136 0.4050 0.3970 0.4050 0.4135 0.4188 0.4196 0.4096 0.3780 0.3309 0.2823 0.2393 0.2039 0.1766 0.1874 0.2643 0.3215 0.3598 0.3860 0.4038 0.4154 0.4201 0.4054 0.3498 0.2817 0.2248 0.1835 0.1933 0.2849 0.3443 0.3798 0.4018 0.4152 0.4201 0.4020 0.3406 0.2714 0.2161 0.1789 0.2093 0.3003 0.3530 0.3852 0.4051 0.4170 0.4193 0.3924 0.3258 0.2587 0.2069 0.1770 0.2277 0.3757
0.3626 0.1948 0.1822 0.2233 0.2809 0.3512 0.4075 0.4201 0.4136 0.3991 0.3756 0.3374 0.2720 0.1849 0.1892 0.2337 0.2947 0.3655 0.4132 0.4197 0.4113 0.3952 0.3691 0.3270 0.2530 0.1786 0.1967 0.2440 0.3068 0.3756 0.4156 0.4193 0.4109 0.3961 0.3737 0.3402 0.2907 0.2116 0.1724 0.1958 0.2306 0.2739 0.3241 0.3741 0.4086 0.4196 0.4186 0.4129 0.4043 0.3919 0.3804 0.3919 0.4043 0.4129 0.4186 0.4196 0.4086 0.3741 0.3241 0.2739 0.2306 0.1958 0.1724 0.2116 0.2907 0.3402 0.3737 0.3961 0.4109 0.4193 0.4156 0.3756 0.3068 0.2440 0.1967 0.1786 0.2530 0.3270 0.3691 0.3952 0.4113 0.4197 0.4132 0.3655 0.2947 0.2337 0.1892 0.1849 0.2720 0.3374 0.3756 0.3991 0.4136 0.4201 0.4075 0.3512 0.2809 0.2233 0.1822 0.1948 0.3626
0.3459 0.1775 0.1948 0.2417 0.3050 0.3753 0.4160 0.4190 0.4094 0.3921 0.3641 0.3188 0.2384 0.1772 0.2031 0.2534 0.3195 0.3876 0.4186 0.4177 0.4065 0.3874 0.3565 0.3062 0.2177 0.1777 0.2119 0.2652 0.3329 0.3966 0.4196 0.4167 0.4053 0.3870 0.3590 0.3167 0.2493 0.1775 0.1857 0.2190 0.2616 0.3125 0.3657 0.4055 0.4193 0.4188 0.4129 0.4038 0.3917 0.3740 0.3575 0.3739 0.3916 0.4038 0.4129 0.4188 0.4193 0.4055 0.3657 0.3125 0.2616 0.2190 0.1857 0.1775 0.2493 0.3167 0.3590 0.3870 0.4053 0.4167 0.4196 0.3966 0.3329 0.2652 0.2119 0.1777 0.2177 0.3062 0.3565 0.3874 0.4065 0.4177 0.4186 0.3876 0.3195 0.2534 0.2031 0.1772 0.2384 0.3188 0.3641 0.3921 0.4094 0.4190 0.4160 0.3753 0.3050 0.2417 0.1948 0.1775 0.3459
0.3273 0.1751 0.2098 0.2627 0.3306 0.3957 0.4197 0.4165 0.4042 0.3837 0.3505 0.2960 0.2039 0.1802 0.2193 0.2756 0.3454 0.4046 0.4202 0.4146 0.4007 0.3781 0.3415 0.2796 0.1893 0.1863 0.2294 0.2888 0.3591 0.4106 0.4200 0.4130 0.3986 0.3762 0.3415 0.2879 0.2029 0.1757 0.2054 0.2465 0.2972 0.3530 0.3995 0.4185 0.4193 0.4135 0.4043 0.3917 0.3747 0.3496 0.3264 0.3495 0.3746 0.3916 0.4043 0.4135 0.4193 0.4185 0.3995 0.3530 0.2972 0.2465 0.2054 0.1757 0.2029 0.2879 0.3415 0.3762 0.3986 0.4130 0.4200 0.4106 0.3591 0.2888 0.2294 0.1863 0.1893 0.2796 0.3415 0.3781 0.4007 0.4146 0.4202 0.4046 0.3454 0.2756 0.2193 0.1802 0.2039 0.2960 0.3505 0.3837 0.4042 0.4165 0.4197 0.3957 0.3306 0.2627 0.2098 0.1751 0.3273
0.3107 0.1823 0.2267 0.2853 0.3558 0.4095 0.4199 0.4127 0.3976 0.3730 0.3333 0.2650 0.1823 0.1916 0.2371 0.2991 0.3697 0.4145 0.4193 0.4102 0.3935 0.3664 0.3225 0.2458 0.1778 0.1996 0.2485 0.3133 0.3823 0.4175 0.4182 0.4079 0.3904 0.3626 0.3195 0.2488 0.1772 0.1899 0.2278 0.2767 0.3338 0.3878 0.4159 0.4197 0.4144 0.4050 0.3919 0.3739 0.3496 0.3142 0.2814 0.3141 0.3495 0.3739 0.3919 0.4050 0.4144 0.4197 0.4159 0.3878 0.3338 0.2767 0.2278 0.1899 0.1772 0.2488 0.3195 0.3626 0.3904 0.4079 0.4182 0.4175 0.3823 0.3133 0.2485 0.1996 0.1778 0.2458 0.3225 0.3664 0.3935 0.4102 0.4193 0.4145 0.3697 0.2991 0.2371 0.1916 0.1823 0.2650 0.3333 0.3730 0.3976 0.4127 0.4199 0.4095 0.3558 0.2853 0.2267 0.1822 0.3107
0.3037 0.1889 0.2369 0.2985 0.3690 0.4139 0.4187 0.4093 0.3920 0.3640 0.3186 0.2399 0.1762 0.1990 0.2477 0.3125 0.3819 0.4171 0.4175 0.4064 0.3873 0.3564 0.3062 0.2201 0.1759 0.2076 0.2598 0.3270 0.3930 0.4187 0.4160 0.4036 0.3833 0.3511 0.3005 0.2182 0.1734 0.1993 0.2411 0.2942 0.3534 0.4016 0.4185 0.4170 0.4090 0.3970 0.3804 0.3574 0.3264 0.2814 0.2425 0.2814 0.3263 0.3574 0.3804 0.3970 0.4090 0.4170 0.4185 0.4016 0.3534 0.2942 0.2411 0.1993 0.1734 0.2182 0.3005 0.3511 0.3833 0.4036 0.4160 0.4187 0.3930 0.3270 0.2598 0.2076 0.1759 0.2201 0.3062 0.3564 0.3873 0.4064 0.4175 0.4171 0.3819 0.3125 0.2477 0.1990 0.1762 0.2399 0.3186 0.3640 0.3920 0.4093 0.4187 0.4139 0.3690 0.2984 0.2369 0.1888 0.3038
0.3107 0.1823 0.2267 0.2853 0.3558 0.4095 0.4199 0.4127 0.3976 0.3730 0.3333 0.2650 0.1823 0.1916 0.2371 0.2991 0.3697 0.4145 0.4193 0.4102 0.3935 0.3664 0.3225 0.2458 0.1778 0.1996 0.2485 0.3133 0.3823 0.4175 0.4182 0.4079 0.3904 0.3626 0.3195 0.2488 0.1772 0.1899 0.2278 0.2767 0.3338 0.3878 0.4159 0.4197 0.4144 0.4050 0.3919 0.3739 0.3495 0.3141 0.2814 0.3141 0.3495 0.3739 0.3919 0.4050 0.4144 0.4197 0.4159 0.3878 0.3338 0.2767 0.2278 0.1899 0.1772 0.2488 0.3195 0.3626 0.3904 0.4079 0.4182 0.4175 0.3823 0.3133 0.2485 0.1996 0.1778 0.2458 0.3225 0.3664 0.3935 0.4102 0.4193 0.4145 0.3697 0.2991 0.2371 0.1916 0.1823 0.2650 0.3333 0.3730 0.3976 0.4127 0.4199 0.4095 0.3558 0.2853 0.2267 0.1822 0.3107
0.3273 0.1751 0.2098 0.2627 0.3306 0.3957 0.4197 0.4165 0.4042 0.3837 0.3505 0.2960 0.2039 0.1802 0.2193 0.2756 0.3454 0.4046 0.4202 0.4146 0.4007 0.3781 0.3415 0.2796 0.1893 0.1863 0.2294 0.2888 0.3591 0.4106 0.4200 0.4130 0.3986 0.3762 0.3415 0.2879 0.2029 0.1757 0.2054 0.2465 0.2972 0.3530 0.3995 0.4185 0.4193 0.4135 0.4043 0.3916 0.3746 0.3495 0.3263 0.3495 0.3746 0.3916 0.4043 0.4135 0.4193 0.4185 0.3995 0.3530 0.2972 0.2465 0.2054 0.1757 0.2029 0.2879 0.3415 0.3762 0.3986 0.4130 0.4200 0.4106 0.3591 0.2888 0.2294 0.1863 0.1893 0.2796 0.3415 0.3781 0.4007 0.4146 0.4202 0.4046 0.3454 0.2756 0.2193 0.1802 0.2039 0.2960 0.3505 0.3837 0.4042 0.4165 0.4197 0.3957 0.3306 0.2627 0.2098 0.1751 0.3273
0.3459 0.1775 0.1948 0.2417 0.3050 0.3753 0.4160 0.4190 0.4094 0.3921 0.3641 0.3188 0.2384 0.1772 0.2031 0.2534 0.3195 0.3876 0.4186 0.4177 0.4065 0.3874 0.3565 0.3062 0.2177 0.1777 0.2119 0.2652 0.3329 0.3966 0.4196 0.4167 0.4053 0.3870 0.3590 0.3167 0.2493 0.1775 0.1857 0.2190 0.2616 0.3125 0.3657 0.4055 0.4193 0.4188 0.4129 0.4038 0.3916 0.3739 0.3574 0.3739 0.3916 0.4038 0.4129 0.4188 0.4193 0.4055 0.3657 0.3125 0.2616 0.2190 0.1857 0.1775 0.2493 0.3167 0.3590 0.3870 0.4053 0.4167 0.4196 0.3966 0.3329 0.2652 0.2119 0.1777 0.2177 0.3062 0.3565 0.3874 0.4065 0.4177 0.4186 0.3876 0.3195 0.2534 0.2031 0.1772 0.2384 0.3188 0.3641 0.3921 0.4094 0.4190 0.4160 0.3753 0.3050 0.2417 0.1948 0.1775 0.3459
0.3626 0.1948 0.1822 0.2233 0.2809 0.3512 0.4075 0.4201 0.4136 0.3991 0.3756 0.3374 0.2720 0.1849 0.1892 0.2337 0.2947 0.3655 0.4132 0.4197 0.4113 0.3952 0.3691 0.3270 0.2530 0.1786 0.1967 0.2440 0.3068 0.3756 0.4156 0.4193 0.4109 0.3961 0.3737 0.3402 0.2907 0.2116 0.1724 0.1958 0.2306 0.2739 0.3241 0.3741 0.4086 0.4196 0.4186 0.4129 0.4043 0.3919 0.3804 0.3919 0.4043 0.4129 0.4186 0.4196 0.4086 0.3741 0.3241 0.2739 0.2306 0.1958 0.1724 0.2116 0.2907 0.3402 0.3737 0.3961 0.4109 0.4193 0.4156 0.3756 0.3068 0.2440 0.1967 0.1786 0.2530 0.3270 0.3691 0.3952 0.4113 0.4197 0.4132 0.3655 0.2947 0.2337 0.1892 0.1849 0.2720 0.3374 0.3756 0.3991 0.4136 0.4201 0.4075 0.3512 0.2809 0.2233 0.1822 0.1948 0.3626
0.3757 0.2277 0.1770 0.2069 0.2587 0.3258 0.3924 0.4193 0.4170 0.4051 0.3852 0.3530 0.3003 0.2093 0.1789 0.2161 0.2714 0.3406 0.4020 0.4201 0.4152 0.4018 0.3798 0.3443 0.2849 0.1933 0.1835 0.2248 0.2817 0.3498 0.4054 0.4201 0.4154 0.4038 0.3860 0.3598 0.3215 0.2643 0.1874 0.1766 0.2039 0.2393 0.2823 0.3309 0.3780 0.4096 0.4196 0.4188 0.4135 0.4050 0.3970 0.4050 0.4135 0.4188 0.4196 0.4096 0.3780 0.3309 0.2823 0.2393 0.2039 0.1766 0.1874 0.2643 0.3215 0.3598 0.3860 0.4038 0.4154 0.4201 0.4054 0.3498 0.2817 0.2248 0.1835 0.1933 0.2849 0.3443 0.3798 0.4018 0.4152 0.4201 0.4020 0.3406 0.2714 0.2161 0.1789 0.2093 0.3003 0.3530 0.3852 0.4051 0.4170 0.4193 0.3924 0.3258 0.2587 0.2069 0.1770 0.2277 0.3757
