-0.0431 -0.0311 -0.0201 -0.0150 -0.0106 -0.0066 -0.0033 -0.0003 0.0028 0.0067 0.0116 0.0181 0.0286 0.0461 0.0490 0.0296 -0.0214 -0.0684 -0.0928 -0.1113 -0.1260 -0.1376 -0.1463 -0.1520 -0.1539 -0.1511 -0.1428 -0.1285 -0.1096 -0.0887 -0.0689 -0.0524 -0.0400 -0.0317 -0.0269 -0.0219 -0.0170 -0.0122 -0.0080 -0.0044 -0.0014 0.0016 0.0052 0.0096 0.0154 0.0240 0.0399 0.0489 0.0441 -0.0033 -0.0529 -0.0033 0.0441 0.0489 0.0399 0.0240 0.0154 0.0096 0.0052 0.0016 -0.0014 -0.0044 -0.0080 -0.0122 -0.0170 -0.0219 -0.0269 -0.0317 -0.0400 -0.0524 -0.0689 -0.0887 -0.1096 -0.1285 -0.1428 -0.1511 -0.1539 -0.1520 -0.1463 -0.1376 -0.1260 -0.1113 -0.0928 -0.0684 -0.0214 0.0296 0.0490 0.0461 0.0286 0.0181 0.0116 0.0067 0.0028 -0.0003 -0.0033 -0.0066 -0.0106 -0.0150 -0.0201 -0.0311 -0.0431
-0.0311 0.0071 0.0084 0.0140 0.0192 0.0241 0.0288 0.0345 0.0440 0.0581 0.0904 0.1012 0.0868 -0.0211 -0.1434 -0.2363 -0.3201 -0.3287 -0.3356 -0.3400 -0.3411 -0.3376 -0.3276 -0.3086 -0.2774 -0.2308 -0.1700 -0.1081 -0.0626 -0.0356 -0.0205 -0.0121 -0.0062 -0.0016 0.0027 0.0074 0.0125 0.0176 0.0225 0.0271 0.0321 0.0402 0.0520 0.0744 0.0981 0.1013 0.0243 -0.1018 -0.1986 -0.3170 -0.3222 -0.3170 -0.1986 -0.1018 0.0243 0.1013 0.0981 0.0744 0.0520 0.0402 0.0321 0.0271 0.0225 0.0176 0.0125 0.0074 0.0027 -0.0016 -0.0062 -0.0121 -0.0205 -0.0356 -0.0626 -0.1081 -0.1700 -0.2308 -0.2774 -0.3086 -0.3276 -0.3376 -0.3411 -0.3400 -0.3356 -0.3287 -0.3201 -0.2363 -0.1434 -0.0211 0.0868 0.1012 0.0904 0.0581 0.0440 0.0345 0.0288 0.0241 0.0192 0.0140 0.0084 0.0071 -0.0311
-0.0201 0.0084 0.0134 0.0216 0.0302 0.0396 0.0514 0.0736 0.0992 0.0989 0.0012 -0.1277 -0.2155 -0.3207 -0.3293 -0.3362 -0.3407 -0.3418 -0.3381 -0.3279 -0.3086 -0.2768 -0.2292 -0.1673 -0.1052 -0.0602 -0.0338 -0.0191 -0.0110 -0.0056 -0.0018 0.0014 0.0045 0.0078 0.0120 0.0171 0.0230 0.0299 0.0381 0.0491 0.0683 0.0954 0.1013 0.0432 -0.0786 -0.1807 -0.2897 -0.3263 -0.3340 -0.3395 -0.3415 -0.3395 -0.3340 -0.3263 -0.2897 -0.1807 -0.0786 0.0432 0.1013 0.0954 0.0683 0.0491 0.0381 0.0299 0.0230 0.0171 0.0120 0.0078 0.0045 0.0014 -0.0018 -0.0056 -0.0110 -0.0191 -0.0338 -0.0602 -0.1052 -0.1673 -0.2292 -0.2768 -0.3086 -0.3279 -0.3381 -0.3418 -0.3407 -0.3362 -0.3293 -0.3207 -0.2155 -0.1277 0.0012 0.0989 0.0992 0.0736 0.0514 0.0396 0.0302 0.0216 0.0134 0.0084 -0.0201
-0.0150 0.0140 0.0216 0.0348 0.0493 0.0711 0.1072 0.0530 -0.0838 -0.1965 -0.3179 -0.3278 -0.3352 -0.3401 -0.3419 -0.3392 -0.3302 -0.3127 -0.2833 -0.2385 -0.1785 -0.1149 -0.0664 -0.0373 -0.0210 -0.0121 -0.0064 -0.0024 0.0009 0.0040 0.0072 0.0112 0.0162 0.0219 0.0286 0.0366 0.0469 0.0638 0.0934 0.1014 0.0608 -0.0569 -0.1660 -0.2669 -0.3248 -0.3327 -0.3386 -0.3417 -0.3407 -0.3343 -0.3280 -0.3343 -0.3407 -0.3417 -0.3386 -0.3327 -0.3248 -0.2669 -0.1660 -0.0569 0.0608 0.1014 0.0934 0.0638 0.0469 0.0366 0.0286 0.0219 0.0162 0.0112 0.0072 0.0040 0.0009 -0.0024 -0.0064 -0.0121 -0.0210 -0.0373 -0.0664 -0.1149 -0.1785 -0.2385 -0.2833 -0.3127 -0.3302 -0.3392 -0.3419 -0.3401 -0.3352 -0.3278 -0.3179 -0.1965 -0.0838 0.0530 0.1072 0.0711 0.0493 0.0348 0.0216 0.0140 -0.0150
-0.0106 0.0192 0.0302 0.0493 0.0805 0.0899 -0.0816 -0.2535 -0.3231 -0.3326 -0.3390 -0.3419 -0.3403 -0.3325 -0.3167 -0.2895 -0.2473 -0.1895 -0.1250 -0.0731 -0.0412 -0.0232 -0.0133 -0.0073 -0.0030 0.0004 0.0035 0.0066 0.0105 0.0153 0.0209 0.0274 0.0351 0.0449 0.0600 0.0913 0.1010 0.0764 -0.0355 -0.1517 -0.2463 -0.3233 -0.3315 -0.3378 -0.3414 -0.3413 -0.3360 -0.3235 -0.3004 -0.2643 -0.2372 -0.2643 -0.3004 -0.3235 -0.3360 -0.3413 -0.3414 -0.3378 -0.3315 -0.3233 -0.2463 -0.1517 -0.0355 0.0764 0.1010 0.0913 0.0600 0.0449 0.0351 0.0274 0.0209 0.0153 0.0105 0.0066 0.0035 0.0004 -0.0030 -0.0073 -0.0133 -0.0232 -0.0412 -0.0731 -0.1250 -0.1895 -0.2473 -0.2895 -0.3167 -0.3325 -0.3403 -0.3419 -0.3390 -0.3326 -0.3231 -0.2535 -0.0816 0.0899 0.0805 0.0493 0.0302 0.0192 -0.0106
-0.0066 0.0241 0.0396 0.0711 0.0899 -0.1351 -0.3182 -0.3316 -0.3399 -0.3424 -0.3377 -0.3241 -0.2990 -0.2591 -0.2026 -0.1368 -0.0810 -0.0455 -0.0255 -0.0146 -0.0082 -0.0036 -0.0002 0.0029 0.0061 0.0097 0.0144 0.0198 0.0262 0.0337 0.0430 0.0567 0.0871 0.1000 0.0898 -0.0143 -0.1376 -0.2275 -0.3217 -0.3302 -0.3369 -0.3410 -0.3416 -0.3373 -0.3262 -0.3056 -0.2721 -0.2226 -0.1586 -0.0980 -0.0717 -0.0980 -0.1586 -0.2226 -0.2721 -0.3056 -0.3262 -0.3373 -0.3416 -0.3410 -0.3369 -0.3302 -0.3217 -0.2275 -0.1376 -0.0143 0.0898 0.1000 0.0871 0.0567 0.0430 0.0337 0.0262 0.0198 0.0144 0.0097 0.0061 0.0029 -0.0002 -0.0036 -0.0082 -0.0146 -0.0255 -0.0455 -0.0810 -0.1368 -0.2026 -0.2591 -0.2990 -0.3241 -0.3377 -0.3424 -0.3399 -0.3316 -0.3182 -0.1351 0.0899 0.0711 0.0396 0.0241 -0.0066
-0.0033 0.0288 0.0514 0.1072 -0.0816 -0.3182 -0.3341 -0.3422 -0.3401 -0.3246 -0.2918 -0.2377 -0.1657 -0.0975 -0.0531 -0.0290 -0.0162 -0.0091 -0.0043 -0.0007 0.0024 0.0055 0.0090 0.0135 0.0189 0.0250 0.0323 0.0412 0.0538 0.0792 0.0986 0.0987 0.0066 -0.1208 -0.2101 -0.3201 -0.3289 -0.3359 -0.3405 -0.3418 -0.3385 -0.3287 -0.3100 -0.2789 -0.2322 -0.1708 -0.1081 -0.0621 -0.0346 -0.0195 -0.0142 -0.0195 -0.0346 -0.0621 -0.1081 -0.1708 -0.2322 -0.2789 -0.3100 -0.3287 -0.3385 -0.3418 -0.3405 -0.3359 -0.3289 -0.3201 -0.2101 -0.1208 0.0066 0.0987 0.0986 0.0792 0.0538 0.0412 0.0323 0.0250 0.0189 0.0135 0.0090 0.0055 0.0024 -0.0007 -0.0043 -0.0091 -0.0162 -0.0290 -0.0531 -0.0975 -0.1657 -0.2377 -0.2918 -0.3246 -0.3401 -0.3422 -0.3341 -0.3182 -0.0816 0.1072 0.0514 0.0288 -0.0033
-0.0003 0.0345 0.0736 0.0530 -0.2535 -0.3316 -0.3422 -0.3382 -0.3130 -0.2579 -0.1720 -0.0890 -0.0426 -0.0212 -0.0111 -0.0054 -0.0015 0.0018 0.0049 0.0083 0.0127 0.0179 0.0239 0.0310 0.0395 0.0512 0.0729 0.0970 0.1006 0.0268 -0.0977 -0.1939 -0.3113 -0.3275 -0.3349 -0.3399 -0.3419 -0.3394 -0.3309 -0.3139 -0.2852 -0.2413 -0.1820 -0.1180 -0.0685 -0.0385 -0.0217 -0.0125 -0.0067 -0.0023 0.0003 -0.0023 -0.0067 -0.0125 -0.0217 -0.0385 -0.0685 -0.1180 -0.1820 -0.2413 -0.2852 -0.3139 -0.3309 -0.3394 -0.3419 -0.3399 -0.3349 -0.3275 -0.3113 -0.1939 -0.0977 0.0268 0.1006 0.0970 0.0729 0.0512 0.0395 0.0310 0.0239 0.0179 0.0127 0.0083 0.0049 0.0018 -0.0015 -0.0054 -0.0111 -0.0212 -0.0426 -0.0890 -0.1720 -0.2579 -0.3130 -0.3382 -0.3422 -0.3316 -0.2535 0.0530 0.0736 0.0345 -0.0003
0.0028 0.0440 0.0992 -0.0838 -0.3231 -0.3399 -0.3401 -0.3130 -0.2437 -0.1357 -0.0561 -0.0230 -0.0100 -0.0040 0.0002 0.0036 0.0071 0.0115 0.0167 0.0227 0.0296 0.0378 0.0487 0.0675 0.0951 0.1014 0.0458 -0.0755 -0.1786 -0.2863 -0.3261 -0.3337 -0.3393 -0.3418 -0.3402 -0.3329 -0.3176 -0.2911 -0.2500 -0.1929 -0.1284 -0.0755 -0.0425 -0.0239 -0.0137 -0.0075 -0.0032 0.0002 0.0033 0.0066 0.0095 0.0066 0.0033 0.0002 -0.0032 -0.0075 -0.0137 -0.0239 -0.0425 -0.0755 -0.1284 -0.1929 -0.2500 -0.2911 -0.3176 -0.3329 -0.3402 -0.3418 -0.3393 -0.3337 -0.3261 -0.2863 -0.1786 -0.0755 0.0458 0.1014 0.0951 0.0675 0.0487 0.0378 0.0296 0.0227 0.0167 0.0115 0.0071 0.0036 0.0002 -0.0040 -0.0100 -0.0230 -0.0561 -0.1357 -0.2437 -0.3130 -0.3401 -0.3399 -0.3231 -0.0838 0.0992 0.0440 0.0028
0.0067 0.0581 0.0989 -0.1965 -0.3326 -0.3424 -0.3246 -0.2579 -0.1357 -0.0478 -0.0167 -0.0059 -0.0004 0.0037 0.0082 0.0136 0.0199 0.0270 0.0352 0.0454 0.0612 0.0929 0.1017 0.0638 -0.0535 -0.1639 -0.2639 -0.3246 -0.3326 -0.3385 -0.3416 -0.3409 -0.3346 -0.3209 -0.2966 -0.2582 -0.2036 -0.1391 -0.0831 -0.0469 -0.0264 -0.0150 -0.0084 -0.0038 -0.0003 0.0028 0.0059 0.0095 0.0141 0.0199 0.0247 0.0199 0.0141 0.0095 0.0059 0.0028 -0.0003 -0.0038 -0.0084 -0.0150 -0.0264 -0.0469 -0.0831 -0.1391 -0.2036 -0.2582 -0.2966 -0.3209 -0.3346 -0.3409 -0.3416 -0.3385 -0.3326 -0.3246 -0.2639 -0.1639 -0.0535 0.0638 0.1017 0.0929 0.0612 0.0454 0.0352 0.0270 0.0199 0.0136 0.0082 0.0037 -0.0004 -0.0059 -0.0167 -0.0478 -0.1357 -0.2579 -0.3246 -0.3424 -0.3326 -0.1965 0.0989 0.0581 0.0067
0.0116 0.0904 0.0012 -0.3179 -0.3390 -0.3377 -0.2918 -0.1721 -0.0561 -0.0167 -0.0049 0.0011 0.0060 0.0123 0.0198 0.0284 0.0383 0.0509 0.0740 0.1011 0.0893 -0.0223 -0.1482 -0.2428 -0.3230 -0.3313 -0.3377 -0.3413 -0.3413 -0.3362 -0.3239 -0.3016 -0.2659 -0.2140 -0.1501 -0.0913 -0.0517 -0.0291 -0.0165 -0.0094 -0.0045 -0.0009 0.0022 0.0053 0.0088 0.0133 0.0185 0.0247 0.0319 0.0412 0.0497 0.0412 0.0319 0.0247 0.0185 0.0133 0.0088 0.0053 0.0022 -0.0009 -0.0045 -0.0094 -0.0165 -0.0291 -0.0517 -0.0913 -0.1501 -0.2140 -0.2659 -0.3016 -0.3239 -0.3362 -0.3413 -0.3413 -0.3377 -0.3313 -0.3230 -0.2428 -0.1482 -0.0223 0.0893 0.1011 0.0740 0.0509 0.0383 0.0284 0.0198 0.0123 0.0060 0.0011 -0.0049 -0.0167 -0.0561 -0.1720 -0.2918 -0.3377 -0.3390 -0.3179 0.0012 0.0904 0.0116
0.0181 0.1012 -0.1277 -0.3278 -0.3419 -0.3241 -0.2379 -0.0891 -0.0230 -0.0059 0.0011 0.0069 0.0147 0.0241 0.0353 0.0489 0.0719 0.1076 0.0545 -0.0893 -0.2106 -0.3201 -0.3293 -0.3365 -0.3409 -0.3417 -0.3376 -0.3267 -0.3063 -0.2731 -0.2239 -0.1612 -0.1001 -0.0571 -0.0321 -0.0181 -0.0104 -0.0052 -0.0015 0.0017 0.0048 0.0081 0.0125 0.0176 0.0236 0.0306 0.0390 0.0504 0.0712 0.0949 0.0944 0.0949 0.0712 0.0504 0.0390 0.0306 0.0236 0.0176 0.0125 0.0081 0.0048 0.0017 -0.0015 -0.0052 -0.0104 -0.0181 -0.0321 -0.0571 -0.1001 -0.1612 -0.2239 -0.2731 -0.3063 -0.3267 -0.3376 -0.3417 -0.3409 -0.3365 -0.3293 -0.3201 -0.2106 -0.0893 0.0545 0.1076 0.0719 0.0489 0.0353 0.0241 0.0147 0.0069 0.0011 -0.0059 -0.0230 -0.0890 -0.2377 -0.3241 -0.3419 -0.3278 -0.1277 0.1012 0.0181
0.0286 0.0868 -0.2155 -0.3351 -0.3403 -0.2991 -0.1660 -0.0427 -0.0100 -0.0004 0.0060 0.0147 0.0256 0.0390 0.0567 0.1013 0.0778 -0.0887 -0.2521 -0.3234 -0.3330 -0.3395 -0.3420 -0.3395 -0.3302 -0.3117 -0.2808 -0.2343 -0.1728 -0.1095 -0.0630 -0.0354 -0.0200 -0.0115 -0.0060 -0.0021 0.0012 0.0043 0.0075 0.0117 0.0167 0.0225 0.0293 0.0374 0.0481 0.0662 0.0945 0.1016 0.0510 -0.0696 -0.1460 -0.0696 0.0510 0.1016 0.0945 0.0662 0.0481 0.0374 0.0293 0.0225 0.0167 0.0117 0.0075 0.0043 0.0012 -0.0021 -0.0060 -0.0115 -0.0200 -0.0354 -0.0630 -0.1095 -0.1728 -0.2343 -0.2808 -0.3117 -0.3302 -0.3395 -0.3420 -0.3395 -0.3330 -0.3234 -0.2521 -0.0887 0.0778 0.1013 0.0567 0.0390 0.0256 0.0147 0.0060 -0.0004 -0.0100 -0.0426 -0.1657 -0.2990 -0.3403 -0.3352 -0.2155 0.0868 0.0286
0.0461 -0.0211 -0.3207 -0.3401 -0.3326 -0.2592 -0.0976 -0.0212 -0.0040 0.0037 0.0123 0.0241 0.0390 0.0596 0.1237 0.0135 -0.2126 -0.3208 -0.3327 -0.3403 -0.3422 -0.3369 -0.3220 -0.2944 -0.2506 -0.1898 -0.1230 -0.0707 -0.0394 -0.0221 -0.0126 -0.0068 -0.0027 0.0007 0.0037 0.0069 0.0109 0.0158 0.0214 0.0280 0.0359 0.0460 0.0620 0.0925 0.1013 0.0682 -0.0471 -0.1594 -0.2579 -0.3242 -0.3289 -0.3242 -0.2579 -0.1594 -0.0471 0.0682 0.1013 0.0925 0.0620 0.0460 0.0359 0.0280 0.0214 0.0158 0.0109 0.0069 0.0037 0.0007 -0.0027 -0.0068 -0.0126 -0.0221 -0.0394 -0.0707 -0.1230 -0.1898 -0.2506 -0.2944 -0.3220 -0.3369 -0.3422 -0.3403 -0.3327 -0.3208 -0.2126 0.0135 0.1237 0.0596 0.0390 0.0241 0.0123 0.0037 -0.0040 -0.0212 -0.0975 -0.2591 -0.3325 -0.3401 -0.3207 -0.0211 0.0461
0.0490 -0.1434 -0.3293 -0.3419 -0.3167 -0.2027 -0.0531 -0.0111 0.0002 0.0082 0.0198 0.0353 0.0567 0.1237 -0.0111 -0.2952 -0.3261 -0.3376 -0.3425 -0.3382 -0.3211 -0.2866 -0.2304 -0.1565 -0.0894 -0.0478 -0.0258 -0.0143 -0.0078 -0.0034 0.0001 0.0032 0.0064 0.0101 0.0149 0.0204 0.0268 0.0345 0.0440 0.0584 0.0903 0.1006 0.0828 -0.0258 -0.1452 -0.2375 -0.3226 -0.3309 -0.3375 -0.3413 -0.3421 -0.3413 -0.3375 -0.3309 -0.3226 -0.2375 -0.1452 -0.0258 0.0828 0.1006 0.0903 0.0584 0.0440 0.0345 0.0268 0.0204 0.0149 0.0101 0.0064 0.0032 0.0001 -0.0034 -0.0078 -0.0143 -0.0258 -0.0478 -0.0894 -0.1565 -0.2304 -0.2866 -0.3211 -0.3382 -0.3425 -0.3376 -0.3261 -0.2952 -0.0111 0.1237 0.0567 0.0353 0.0198 0.0082 0.0002 -0.0111 -0.0531 -0.2026 -0.3167 -0.3419 -0.3293 -0.1434 0.0490
0.0296 -0.2363 -0.3362 -0.3392 -0.2895 -0.1368 -0.0290 -0.0054 0.0036 0.0136 0.0284 0.0489 0.1013 0.0135 -0.2952 -0.3277 -0.3396 -0.3423 -0.3313 -0.2999 -0.2405 -0.1554 -0.0799 -0.0387 -0.0193 -0.0101 -0.0046 -0.0008 0.0024 0.0056 0.0093 0.0139 0.0194 0.0256 0.0330 0.0422 0.0553 0.0833 0.0994 0.0952 -0.0047 -0.1313 -0.2194 -0.3210 -0.3296 -0.3364 -0.3408 -0.3417 -0.3377 -0.3273 -0.3181 -0.3273 -0.3377 -0.3417 -0.3408 -0.3364 -0.3296 -0.3210 -0.2194 -0.1313 -0.0047 0.0952 0.0994 0.0833 0.0553 0.0422 0.0330 0.0256 0.0194 0.0139 0.0093 0.0056 0.0024 -0.0008 -0.0046 -0.0101 -0.0193 -0.0387 -0.0799 -0.1554 -0.2405 -0.3000 -0.3313 -0.3423 -0.3396 -0.3277 -0.2952 0.0135 0.1013 0.0489 0.0284 0.0136 0.0036 -0.0054 -0.0290 -0.1368 -0.2895 -0.3392 -0.3362 -0.2363 0.0296
-0.0214 -0.3201 -0.3407 -0.3302 -0.2473 -0.0810 -0.0162 -0.0015 0.0071 0.0199 0.0383 0.0719 0.0778 -0.2126 -0.3261 -0.3396 -0.3418 -0.3263 -0.2822 -0.1998 -0.1021 -0.0440 -0.0193 -0.0088 -0.0033 0.0007 0.0042 0.0078 0.0125 0.0179 0.0242 0.0314 0.0402 0.0523 0.0756 0.0979 0.0997 0.0159 -0.1101 -0.2026 -0.3194 -0.3283 -0.3354 -0.3403 -0.3418 -0.3389 -0.3297 -0.3118 -0.2812 -0.2359 -0.2038 -0.2359 -0.2812 -0.3118 -0.3297 -0.3389 -0.3418 -0.3403 -0.3354 -0.3283 -0.3194 -0.2026 -0.1101 0.0159 0.0997 0.0979 0.0756 0.0523 0.0402 0.0314 0.0242 0.0179 0.0125 0.0078 0.0042 0.0007 -0.0033 -0.0088 -0.0193 -0.0440 -0.1022 -0.1997 -0.2823 -0.3263 -0.3418 -0.3396 -0.3261 -0.2126 0.0778 0.0719 0.0383 0.0199 0.0071 -0.0015 -0.0162 -0.0810 -0.2473 -0.3302 -0.3407 -0.3201 -0.0214
-0.0684 -0.3287 -0.3418 -0.3127 -0.1895 -0.0455 -0.0091 0.0018 0.0115 0.0270 0.0509 0.1076 -0.0886 -0.3208 -0.3376 -0.3423 -0.3263 -0.2754 -0.1773 -0.0766 -0.0293 -0.0115 -0.0042 0.0006 0.0045 0.0091 0.0147 0.0211 0.0285 0.0371 0.0481 0.0667 0.0958 0.1017 0.0378 -0.0863 -0.1868 -0.2995 -0.3269 -0.3343 -0.3396 -0.3419 -0.3398 -0.3319 -0.3156 -0.2880 -0.2454 -0.1870 -0.1218 -0.0711 -0.0514 -0.0711 -0.1218 -0.1870 -0.2454 -0.2880 -0.3156 -0.3319 -0.3398 -0.3419 -0.3396 -0.3343 -0.3269 -0.2995 -0.1868 -0.0863 0.0378 0.1017 0.0958 0.0667 0.0481 0.0371 0.0285 0.0211 0.0147 0.0091 0.0045 0.0006 -0.0042 -0.0115 -0.0293 -0.0766 -0.1773 -0.2754 -0.3263 -0.3423 -0.3376 -0.3208 -0.0887 0.1076 0.0509 0.0270 0.0115 0.0018 -0.0091 -0.0455 -0.1895 -0.3127 -0.3418 -0.3287 -0.0684
-0.0928 -0.3356 -0.3381 -0.2833 -0.1250 -0.0255 -0.0043 0.0049 0.0167 0.0352 0.0740 0.0545 -0.2521 -0.3327 -0.3425 -0.3313 -0.2823 -0.1773 -0.0694 -0.0239 -0.0083 -0.0017 0.0030 0.0079 0.0142 0.0217 0.0303 0.0405 0.0542 0.0830 0.1030 0.0704 -0.0519 -0.1686 -0.2730 -0.3252 -0.3331 -0.3389 -0.3417 -0.3405 -0.3337 -0.3191 -0.2937 -0.2538 -0.1978 -0.1332 -0.0789 -0.0444 -0.0248 -0.0141 -0.0100 -0.0141 -0.0248 -0.0444 -0.0789 -0.1332 -0.1978 -0.2538 -0.2937 -0.3191 -0.3337 -0.3405 -0.3417 -0.3389 -0.3331 -0.3252 -0.2730 -0.1686 -0.0519 0.0704 0.1030 0.0830 0.0542 0.0405 0.0303 0.0217 0.0142 0.0079 0.0030 -0.0017 -0.0083 -0.0239 -0.0694 -0.1773 -0.2823 -0.3313 -0.3425 -0.3327 -0.2521 0.0545 0.0740 0.0352 0.0167 0.0049 -0.0043 -0.0255 -0.1250 -0.2833 -0.3381 -0.3356 -0.0928
-0.1113 -0.3400 -0.3279 -0.2385 -0.0731 -0.0146 -0.0007 0.0083 0.0227 0.0454 0.1011 -0.0893 -0.3234 -0.3402 -0.3382 -0.3000 -0.1997 -0.0766 -0.0239 -0.0074 -0.0006 0.0043 0.0106 0.0185 0.0279 0.0391 0.0537 0.0848 0.1093 0.0261 -0.1217 -0.2344 -0.3222 -0.3311 -0.3378 -0.3415 -0.3412 -0.3355 -0.3224 -0.2990 -0.2618 -0.2084 -0.1441 -0.0867 -0.0490 -0.0276 -0.0157 -0.0089 -0.0041 -0.0004 0.0020 -0.0004 -0.0041 -0.0089 -0.0157 -0.0276 -0.0490 -0.0867 -0.1441 -0.2084 -0.2618 -0.2990 -0.3224 -0.3355 -0.3412 -0.3415 -0.3378 -0.3311 -0.3222 -0.2344 -0.1217 0.0261 0.1093 0.0848 0.0537 0.0391 0.0279 0.0185 0.0106 0.0043 -0.0006 -0.0074 -0.0239 -0.0766 -0.1997 -0.3000 -0.3382 -0.3403 -0.3234 -0.0893 0.1011 0.0454 0.0227 0.0083 -0.0007 -0.0146 -0.0731 -0.2385 -0.3279 -0.3400 -0.1113
-0.1260 -0.3411 -0.3086 -0.1785 -0.0412 -0.0082 0.0024 0.0127 0.0296 0.0612 0.0893 -0.2106 -0.3330 -0.3422 -0.3211 -0.2405 -0.1022 -0.0293 -0.0083 -0.0006 0.0048 0.0121 0.0213 0.0325 0.0465 0.0688 0.1139 0.0319 -0.1396 -0.2853 -0.3259 -0.3348 -0.3404 -0.3420 -0.3380 -0.3268 -0.3055 -0.2707 -0.2197 -0.1557 -0.0955 -0.0541 -0.0304 -0.0172 -0.0099 -0.0048 -0.0012 0.0020 0.0051 0.0087 0.0121 0.0087 0.0051 0.0020 -0.0012 -0.0048 -0.0099 -0.0172 -0.0304 -0.0541 -0.0955 -0.1557 -0.2197 -0.2707 -0.3055 -0.3268 -0.3380 -0.3420 -0.3404 -0.3348 -0.3259 -0.2853 -0.1396 0.0319 0.1139 0.0688 0.0465 0.0325 0.0213 0.0121 0.0048 -0.0006 -0.0083 -0.0293 -0.1022 -0.2405 -0.3211 -0.3422 -0.3330 -0.2106 0.0893 0.0612 0.0296 0.0127 0.0024 -0.0082 -0.0412 -0.1785 -0.3086 -0.3411 -0.1260
-0.1376 -0.3376 -0.2768 -0.1149 -0.0232 -0.0036 0.0055 0.0179 0.0378 0.0929 -0.0223 -0.3201 -0.3395 -0.3369 -0.2867 -0.1554 -0.0440 -0.0115 -0.0017 0.0043 0.0121 0.0222 0.0349 0.0514 0.0851 0.0952 -0.0767 -0.2767 -0.3252 -0.3354 -0.3413 -0.3416 -0.3343 -0.3170 -0.2860 -0.2380 -0.1737 -0.1081 -0.0611 -0.0339 -0.0191 -0.0109 -0.0056 -0.0017 0.0015 0.0046 0.0078 0.0121 0.0172 0.0235 0.0287 0.0235 0.0172 0.0121 0.0078 0.0046 0.0015 -0.0017 -0.0056 -0.0109 -0.0191 -0.0339 -0.0611 -0.1081 -0.1737 -0.2380 -0.2860 -0.3170 -0.3343 -0.3416 -0.3413 -0.3354 -0.3252 -0.2767 -0.0767 0.0952 0.0851 0.0514 0.0349 0.0222 0.0121 0.0043 -0.0017 -0.0115 -0.0440 -0.1554 -0.2866 -0.3369 -0.3395 -0.3201 -0.0223 0.0929 0.0378 0.0179 0.0055 -0.0036 -0.0232 -0.1149 -0.2768 -0.3376 -0.1376
-0.1463 -0.3276 -0.2292 -0.0664 -0.0133 -0.0002 0.0090 0.0239 0.0487 0.1016 -0.1478 -0.3293 -0.3420 -0.3221 -0.2304 -0.0800 -0.0193 -0.0042 0.0030 0.0106 0.0213 0.0349 0.0531 0.0976 0.0577 -0.1579 -0.3189 -0.3321 -0.3405 -0.3421 -0.3342 -0.3130 -0.2739 -0.2130 -0.1388 -0.0772 -0.0412 -0.0223 -0.0124 -0.0065 -0.0024 0.0009 0.0040 0.0072 0.0113 0.0162 0.0220 0.0287 0.0367 0.0476 0.0586 0.0476 0.0367 0.0287 0.0220 0.0162 0.0113 0.0072 0.0040 0.0009 -0.0024 -0.0065 -0.0124 -0.0223 -0.0412 -0.0772 -0.1388 -0.2130 -0.2739 -0.3130 -0.3342 -0.3421 -0.3405 -0.3321 -0.3189 -0.1579 0.0577 0.0976 0.0531 0.0349 0.0213 0.0106 0.0030 -0.0042 -0.0193 -0.0799 -0.2304 -0.3220 -0.3420 -0.3293 -0.1482 0.1017 0.0487 0.0239 0.0090 -0.0002 -0.0133 -0.0664 -0.2292 -0.3276 -0.1463
-0.1520 -0.3086 -0.1673 -0.0373 -0.0073 0.0029 0.0135 0.0310 0.0675 0.0641 -0.2423 -0.3364 -0.3395 -0.2945 -0.1567 -0.0387 -0.0088 0.0006 0.0079 0.0185 0.0325 0.0514 0.0976 0.0422 -0.2084 -0.3229 -0.3360 -0.3424 -0.3388 -0.3205 -0.2805 -0.2130 -0.1288 -0.0651 -0.0322 -0.0164 -0.0086 -0.0036 0.0000 0.0032 0.0065 0.0104 0.0153 0.0209 0.0275 0.0352 0.0451 0.0603 0.0915 0.0969 0.0813 0.0969 0.0915 0.0603 0.0451 0.0352 0.0275 0.0209 0.0153 0.0104 0.0065 0.0032 0.0000 -0.0036 -0.0086 -0.0164 -0.0322 -0.0651 -0.1288 -0.2130 -0.2805 -0.3205 -0.3388 -0.3424 -0.3360 -0.3229 -0.2084 0.0422 0.0976 0.0514 0.0325 0.0185 0.0079 0.0006 -0.0088 -0.0387 -0.1565 -0.2944 -0.3395 -0.3365 -0.2428 0.0638 0.0675 0.0310 0.0135 0.0029 -0.0073 -0.0373 -0.1673 -0.3086 -0.1520
-0.1539 -0.2774 -0.1052 -0.0210 -0.0030 0.0061 0.0189 0.0395 0.0951 -0.0532 -0.3230 -0.3409 -0.3302 -0.2508 -0.0895 -0.0193 -0.0033 0.0045 0.0142 0.0279 0.0465 0.0851 0.0577 -0.2084 -0.3242 -0.3376 -0.3426 -0.3343 -0.3051 -0.2446 -0.1529 -0.0729 -0.0325 -0.0149 -0.0070 -0.0021 0.0016 0.0051 0.0089 0.0138 0.0194 0.0259 0.0335 0.0428 0.0566 0.0871 0.1001 0.0888 -0.0166 -0.1396 -0.1965 -0.1396 -0.0166 0.0888 0.1001 0.0871 0.0566 0.0428 0.0335 0.0259 0.0194 0.0138 0.0089 0.0051 0.0016 -0.0021 -0.0070 -0.0149 -0.0325 -0.0729 -0.1529 -0.2446 -0.3051 -0.3343 -0.3426 -0.3376 -0.3242 -0.2084 0.0577 0.0851 0.0465 0.0279 0.0142 0.0045 -0.0033 -0.0193 -0.0894 -0.2506 -0.3302 -0.3409 -0.3230 -0.0535 0.0951 0.0395 0.0189 0.0061 -0.0030 -0.0210 -0.1052 -0.2774 -0.1539
-0.1511 -0.2308 -0.0602 -0.0121 0.0004 0.0097 0.0250 0.0512 0.1014 -0.1639 -0.3313 -0.3417 -0.3117 -0.1900 -0.0478 -0.0101 0.0007 0.0091 0.0217 0.0391 0.0688 0.0952 -0.1579 -0.3229 -0.3376 -0.3425 -0.3313 -0.2933 -0.2152 -0.1117 -0.0460 -0.0188 -0.0079 -0.0022 0.0019 0.0058 0.0106 0.0163 0.0229 0.0305 0.0395 0.0516 0.0748 0.0986 0.0997 0.0071 -0.1216 -0.2115 -0.3204 -0.3291 -0.3333 -0.3291 -0.3204 -0.2115 -0.1216 0.0071 0.0997 0.0986 0.0748 0.0516 0.0395 0.0305 0.0229 0.0163 0.0106 0.0058 0.0019 -0.0022 -0.0079 -0.0188 -0.0460 -0.1117 -0.2152 -0.2933 -0.3313 -0.3425 -0.3376 -0.3229 -0.1579 0.0952 0.0688 0.0391 0.0217 0.0091 0.0007 -0.0101 -0.0478 -0.1898 -0.3117 -0.3417 -0.3313 -0.1639 0.1014 0.0512 0.0250 0.0097 0.0004 -0.0121 -0.0602 -0.2308 -0.1511
-0.1428 -0.1700 -0.0338 -0.0064 0.0035 0.0144 0.0323 0.0729 0.0458 -0.2639 -0.3377 -0.3376 -0.2809 -0.1231 -0.0258 -0.0047 0.0042 0.0146 0.0303 0.0538 0.1139 -0.0767 -0.3189 -0.3360 -0.3426 -0.3313 -0.2888 -0.1991 -0.0906 -0.0338 -0.0126 -0.0044 0.0007 0.0050 0.0102 0.0167 0.0243 0.0332 0.0438 0.0596 0.0945 0.1040 0.0430 -0.0862 -0.1919 -0.3104 -0.3274 -0.3349 -0.3400 -0.3419 -0.3414 -0.3419 -0.3400 -0.3349 -0.3274 -0.3104 -0.1919 -0.0862 0.0430 0.1040 0.0945 0.0596 0.0438 0.0332 0.0243 0.0167 0.0102 0.0050 0.0007 -0.0044 -0.0126 -0.0338 -0.0906 -0.1991 -0.2888 -0.3313 -0.3426 -0.3360 -0.3189 -0.0767 0.1139 0.0537 0.0303 0.0147 0.0042 -0.0046 -0.0258 -0.1230 -0.2808 -0.3376 -0.3377 -0.2639 0.0458 0.0729 0.0323 0.0144 0.0035 -0.0064 -0.0338 -0.1700 -0.1428
-0.1285 -0.1081 -0.0191 -0.0024 0.0066 0.0198 0.0412 0.0970 -0.0755 -0.3246 -0.3413 -0.3267 -0.2343 -0.0708 -0.0143 -0.0008 0.0078 0.0211 0.0405 0.0848 0.0319 -0.2767 -0.3321 -0.3424 -0.3343 -0.2933 -0.1991 -0.0843 -0.0290 -0.0099 -0.0025 0.0025 0.0076 0.0144 0.0226 0.0323 0.0441 0.0615 0.0997 0.1020 -0.0148 -0.1590 -0.2667 -0.3248 -0.3331 -0.3391 -0.3418 -0.3403 -0.3327 -0.3173 -0.3046 -0.3173 -0.3327 -0.3403 -0.3418 -0.3391 -0.3331 -0.3248 -0.2667 -0.1590 -0.0148 0.1020 0.0997 0.0615 0.0441 0.0323 0.0226 0.0144 0.0076 0.0025 -0.0025 -0.0099 -0.0290 -0.0843 -0.1991 -0.2933 -0.3343 -0.3424 -0.3321 -0.2767 0.0319 0.0848 0.0405 0.0211 0.0078 -0.0008 -0.0143 -0.0707 -0.2343 -0.3267 -0.3413 -0.3246 -0.0755 0.0970 0.0412 0.0198 0.0066 -0.0024 -0.0191 -0.1081 -0.1285
-0.1096 -0.0626 -0.0110 0.0009 0.0105 0.0262 0.0538 0.1006 -0.1786 -0.3326 -0.3413 -0.3063 -0.1728 -0.0394 -0.0078 0.0024 0.0125 0.0284 0.0541 0.1094 -0.1396 -0.3252 -0.3405 -0.3388 -0.3051 -0.2152 -0.0906 -0.0290 -0.0091 -0.0016 0.0036 0.0097 0.0177 0.0275 0.0394 0.0554 0.0934 0.1044 -0.0291 -0.1921 -0.3182 -0.3288 -0.3367 -0.3413 -0.3415 -0.3358 -0.3223 -0.2978 -0.2583 -0.2034 -0.1674 -0.2034 -0.2583 -0.2978 -0.3223 -0.3358 -0.3415 -0.3413 -0.3367 -0.3288 -0.3182 -0.1921 -0.0291 0.1044 0.0934 0.0554 0.0394 0.0275 0.0177 0.0097 0.0036 -0.0016 -0.0091 -0.0290 -0.0906 -0.2152 -0.3051 -0.3388 -0.3405 -0.3252 -0.1396 0.1093 0.0542 0.0285 0.0125 0.0024 -0.0078 -0.0394 -0.1728 -0.3063 -0.3413 -0.3326 -0.1786 0.1006 0.0538 0.0262 0.0105 0.0009 -0.0110 -0.0626 -0.1096
-0.0887 -0.0356 -0.0056 0.0040 0.0153 0.0337 0.0792 0.0268 -0.2863 -0.3385 -0.3362 -0.2731 -0.1095 -0.0221 -0.0034 0.0056 0.0179 0.0371 0.0830 0.0261 -0.2853 -0.3354 -0.3421 -0.3205 -0.2446 -0.1117 -0.0338 -0.0099 -0.0016 0.0039 0.0108 0.0198 0.0310 0.0451 0.0672 0.1189 0.0179 -0.1759 -0.3178 -0.3296 -0.3380 -0.3420 -0.3402 -0.3304 -0.3097 -0.2747 -0.2219 -0.1555 -0.0928 -0.0521 -0.0373 -0.0521 -0.0928 -0.1555 -0.2219 -0.2747 -0.3097 -0.3304 -0.3402 -0.3420 -0.3380 -0.3296 -0.3178 -0.1759 0.0179 0.1189 0.0672 0.0451 0.0310 0.0198 0.0108 0.0039 -0.0016 -0.0099 -0.0338 -0.1117 -0.2446 -0.3205 -0.3421 -0.3354 -0.2853 0.0261 0.0830 0.0371 0.0179 0.0056 -0.0034 -0.0221 -0.1095 -0.2731 -0.3362 -0.3385 -0.2863 0.0268 0.0792 0.0337 0.0153 0.0040 -0.0056 -0.0356 -0.0887
-0.0689 -0.0205 -0.0018 0.0072 0.0209 0.0430 0.0986 -0.0977 -0.3261 -0.3416 -0.3239 -0.2239 -0.0630 -0.0126 0.0001 0.0093 0.0242 0.0481 0.1030 -0.1217 -0.3259 -0.3413 -0.3342 -0.2805 -0.1529 -0.0460 -0.0126 -0.0025 0.0036 0.0108 0.0205 0.0328 0.0488 0.0787 0.1035 -0.0695 -0.2928 -0.3263 -0.3368 -0.3421 -0.3401 -0.3280 -0.3018 -0.2567 -0.1909 -0.1185 -0.0649 -0.0348 -0.0188 -0.0105 -0.0068 -0.0105 -0.0188 -0.0348 -0.0649 -0.1185 -0.1909 -0.2567 -0.3018 -0.3280 -0.3401 -0.3421 -0.3368 -0.3263 -0.2928 -0.0695 0.1035 0.0787 0.0488 0.0328 0.0205 0.0108 0.0036 -0.0025 -0.0126 -0.0460 -0.1529 -0.2805 -0.3342 -0.3413 -0.3259 -0.1217 0.1030 0.0481 0.0242 0.0093 0.0001 -0.0126 -0.0630 -0.2239 -0.3239 -0.3416 -0.3261 -0.0977 0.0986 0.0430 0.0209 0.0072 -0.0018 -0.0205 -0.0689
-0.0524 -0.0121 0.0014 0.0112 0.0274 0.0567 0.0987 -0.1939 -0.3337 -0.3409 -0.3016 -0.1612 -0.0354 -0.0068 0.0032 0.0139 0.0314 0.0667 0.0704 -0.2344 -0.3348 -0.3416 -0.3130 -0.2130 -0.0729 -0.0188 -0.0044 0.0025 0.0097 0.0198 0.0328 0.0501 0.0866 0.0782 -0.1318 -0.3178 -0.3318 -0.3407 -0.3419 -0.3319 -0.3054 -0.2556 -0.1807 -0.1022 -0.0515 -0.0260 -0.0136 -0.0070 -0.0026 0.0011 0.0036 0.0011 -0.0026 -0.0070 -0.0136 -0.0260 -0.0515 -0.1022 -0.1807 -0.2556 -0.3054 -0.3319 -0.3419 -0.3407 -0.3318 -0.3178 -0.1318 0.0782 0.0866 0.0501 0.0328 0.0198 0.0097 0.0025 -0.0044 -0.0188 -0.0729 -0.2130 -0.3130 -0.3416 -0.3348 -0.2344 0.0704 0.0667 0.0314 0.0139 0.0032 -0.0068 -0.0354 -0.1612 -0.3016 -0.3409 -0.3337 -0.1939 0.0987 0.0567 0.0274 0.0112 0.0014 -0.0121 -0.0524
-0.0400 -0.0062 0.0045 0.0162 0.0351 0.0871 0.0066 -0.3113 -0.3393 -0.3346 -0.2659 -0.1001 -0.0200 -0.0027 0.0064 0.0194 0.0402 0.0958 -0.0519 -0.3223 -0.3404 -0.3343 -0.2739 -0.1288 -0.0325 -0.0079 0.0007 0.0076 0.0177 0.0310 0.0488 0.0866 0.0678 -0.1672 -0.3211 -0.3350 -0.3422 -0.3391 -0.3198 -0.2761 -0.2003 -0.1105 -0.0514 -0.0238 -0.0114 -0.0051 -0.0009 0.0026 0.0061 0.0104 0.0144 0.0104 0.0061 0.0026 -0.0009 -0.0051 -0.0114 -0.0239 -0.0514 -0.1105 -0.2003 -0.2761 -0.3198 -0.3391 -0.3422 -0.3350 -0.3211 -0.1672 0.0678 0.0866 0.0488 0.0310 0.0177 0.0076 0.0007 -0.0079 -0.0325 -0.1288 -0.2739 -0.3343 -0.3404 -0.3222 -0.0519 0.0958 0.0402 0.0194 0.0064 -0.0027 -0.0200 -0.1001 -0.2659 -0.3346 -0.3393 -0.3113 0.0066 0.0871 0.0351 0.0162 0.0045 -0.0062 -0.0400
-0.0317 -0.0016 0.0078 0.0219 0.0449 0.1000 -0.1208 -0.3275 -0.3418 -0.3209 -0.2140 -0.0571 -0.0115 0.0007 0.0101 0.0256 0.0523 0.1017 -0.1686 -0.3311 -0.3420 -0.3170 -0.2130 -0.0651 -0.0149 -0.0022 0.0050 0.0144 0.0275 0.0451 0.0787 0.0782 -0.1672 -0.3221 -0.3364 -0.3426 -0.3358 -0.3077 -0.2464 -0.1507 -0.0681 -0.0287 -0.0124 -0.0051 -0.0004 0.0034 0.0073 0.0123 0.0182 0.0254 0.0315 0.0254 0.0182 0.0123 0.0073 0.0034 -0.0004 -0.0051 -0.0124 -0.0288 -0.0681 -0.1507 -0.2464 -0.3077 -0.3358 -0.3426 -0.3364 -0.3221 -0.1672 0.0782 0.0787 0.0451 0.0275 0.0144 0.0050 -0.0022 -0.0149 -0.0651 -0.2130 -0.3170 -0.3420 -0.3311 -0.1686 0.1017 0.0523 0.0256 0.0101 0.0007 -0.0115 -0.0571 -0.2140 -0.3209 -0.3418 -0.3275 -0.1208 0.1000 0.0449 0.0219 0.0078 -0.0016 -0.0317
-0.0269 0.0027 0.0120 0.0286 0.0600 0.0898 -0.2101 -0.3349 -0.3402 -0.2966 -0.1501 -0.0321 -0.0060 0.0037 0.0149 0.0330 0.0756 0.0378 -0.2730 -0.3378 -0.3380 -0.2859 -0.1388 -0.0322 -0.0070 0.0019 0.0102 0.0226 0.0394 0.0672 0.1035 -0.1318 -0.3211 -0.3364 -0.3426 -0.3336 -0.2987 -0.2232 -0.1170 -0.0467 -0.0183 -0.0072 -0.0015 0.0028 0.0071 0.0128 0.0195 0.0273 0.0365 0.0486 0.0608 0.0486 0.0365 0.0273 0.0195 0.0128 0.0071 0.0028 -0.0015 -0.0072 -0.0183 -0.0468 -0.1171 -0.2231 -0.2987 -0.3336 -0.3426 -0.3364 -0.3211 -0.1318 0.1035 0.0672 0.0394 0.0226 0.0102 0.0019 -0.0070 -0.0322 -0.1388 -0.2860 -0.3380 -0.3378 -0.2730 0.0378 0.0756 0.0330 0.0149 0.0037 -0.0060 -0.0321 -0.1501 -0.2966 -0.3402 -0.3349 -0.2101 0.0898 0.0600 0.0286 0.0120 0.0027 -0.0269
-0.0219 0.0074 0.0171 0.0366 0.0913 -0.0143 -0.3201 -0.3399 -0.3329 -0.2582 -0.0913 -0.0181 -0.0021 0.0069 0.0204 0.0422 0.0979 -0.0863 -0.3252 -0.3415 -0.3268 -0.2380 -0.0772 -0.0164 -0.0021 0.0058 0.0167 0.0323 0.0554 0.1189 -0.0695 -0.3178 -0.3350 -0.3426 -0.3336 -0.2954 -0.2106 -0.0990 -0.0364 -0.0132 -0.0045 0.0008 0.0053 0.0111 0.0183 0.0269 0.0371 0.0501 0.0739 0.0989 0.0830 0.0989 0.0739 0.0501 0.0371 0.0269 0.0184 0.0111 0.0053 0.0008 -0.0045 -0.0133 -0.0365 -0.0991 -0.2105 -0.2954 -0.3336 -0.3426 -0.3350 -0.3178 -0.0695 0.1189 0.0554 0.0323 0.0167 0.0058 -0.0021 -0.0164 -0.0772 -0.2380 -0.3268 -0.3415 -0.3252 -0.0863 0.0979 0.0422 0.0204 0.0069 -0.0021 -0.0181 -0.0913 -0.2582 -0.3329 -0.3399 -0.3201 -0.0143 0.0913 0.0366 0.0171 0.0074 -0.0219
-0.0170 0.0125 0.0230 0.0469 0.1010 -0.1376 -0.3289 -0.3419 -0.3176 -0.2036 -0.0517 -0.0104 0.0012 0.0109 0.0268 0.0553 0.0997 -0.1868 -0.3331 -0.3412 -0.3055 -0.1738 -0.0412 -0.0086 0.0016 0.0105 0.0243 0.0441 0.0934 0.0179 -0.2928 -0.3318 -0.3422 -0.3358 -0.2987 -0.2106 -0.0934 -0.0321 -0.0109 -0.0030 0.0023 0.0076 0.0146 0.0233 0.0338 0.0469 0.0684 0.1079 0.0594 -0.0943 -0.1927 -0.0943 0.0594 0.1079 0.0684 0.0469 0.0338 0.0233 0.0146 0.0076 0.0023 -0.0030 -0.0109 -0.0322 -0.0935 -0.2105 -0.2987 -0.3358 -0.3422 -0.3318 -0.2928 0.0179 0.0934 0.0441 0.0243 0.0106 0.0016 -0.0086 -0.0412 -0.1737 -0.3055 -0.3412 -0.3331 -0.1868 0.0997 0.0553 0.0268 0.0109 0.0012 -0.0104 -0.0517 -0.2036 -0.3176 -0.3419 -0.3289 -0.1376 0.1010 0.0469 0.0230 0.0125 -0.0170
-0.0122 0.0176 0.0299 0.0638 0.0764 -0.2275 -0.3359 -0.3394 -0.2911 -0.1391 -0.0291 -0.0052 0.0043 0.0158 0.0345 0.0833 0.0159 -0.2995 -0.3389 -0.3356 -0.2709 -0.1085 -0.0223 -0.0036 0.0050 0.0163 0.0332 0.0615 0.1044 -0.1759 -0.3263 -0.3407 -0.3391 -0.3077 -0.2232 -0.0990 -0.0321 -0.0102 -0.0022 0.0032 0.0092 0.0173 0.0274 0.0398 0.0568 0.1019 0.0872 -0.0734 -0.2463 -0.3234 -0.3295 -0.3234 -0.2463 -0.0734 0.0872 0.1021 0.0569 0.0398 0.0274 0.0173 0.0092 0.0031 -0.0022 -0.0102 -0.0322 -0.0991 -0.2231 -0.3077 -0.3391 -0.3407 -0.3263 -0.1759 0.1044 0.0615 0.0332 0.0163 0.0051 -0.0036 -0.0223 -0.1081 -0.2707 -0.3355 -0.3389 -0.2995 0.0159 0.0833 0.0345 0.0158 0.0043 -0.0052 -0.0291 -0.1391 -0.2911 -0.3394 -0.3359 -0.2275 0.0764 0.0638 0.0299 0.0176 -0.0122
-0.0080 0.0225 0.0381 0.0934 -0.0355 -0.3217 -0.3405 -0.3309 -0.2500 -0.0831 -0.0165 -0.0015 0.0075 0.0214 0.0440 0.0994 -0.1101 -0.3269 -0.3417 -0.3224 -0.2199 -0.0613 -0.0124 0.0000 0.0089 0.0228 0.0438 0.0997 -0.0291 -0.3178 -0.3368 -0.3419 -0.3198 -0.2464 -0.1170 -0.0364 -0.0109 -0.0022 0.0034 0.0101 0.0190 0.0302 0.0444 0.0667 0.1233 0.0051 -0.2086 -0.3203 -0.3323 -0.3402 -0.3426 -0.3402 -0.3324 -0.3203 -0.2091 0.0048 0.1235 0.0668 0.0444 0.0302 0.0190 0.0101 0.0034 -0.0022 -0.0109 -0.0365 -0.1171 -0.2464 -0.3198 -0.3419 -0.3368 -0.3178 -0.0291 0.0997 0.0438 0.0229 0.0089 0.0000 -0.0124 -0.0611 -0.2197 -0.3224 -0.3417 -0.3269 -0.1101 0.0994 0.0440 0.0214 0.0075 -0.0015 -0.0165 -0.0831 -0.2500 -0.3309 -0.3405 -0.3217 -0.0355 0.0934 0.0381 0.0225 -0.0080
-0.0044 0.0271 0.0491 0.1014 -0.1517 -0.3302 -0.3418 -0.3139 -0.1929 -0.0469 -0.0094 0.0017 0.0117 0.0280 0.0584 0.0952 -0.2026 -0.3344 -0.3405 -0.2991 -0.1561 -0.0340 -0.0066 0.0032 0.0137 0.0305 0.0596 0.1020 -0.1921 -0.3296 -0.3421 -0.3319 -0.2761 -0.1507 -0.0467 -0.0133 -0.0030 0.0032 0.0101 0.0195 0.0317 0.0474 0.0758 0.1069 -0.0679 -0.3076 -0.3272 -0.3378 -0.3424 -0.3383 -0.3316 -0.3382 -0.3424 -0.3378 -0.3273 -0.3083 -0.0685 0.1068 0.0758 0.0474 0.0317 0.0195 0.0101 0.0031 -0.0030 -0.0133 -0.0468 -0.1507 -0.2761 -0.3319 -0.3421 -0.3296 -0.1921 0.1020 0.0596 0.0305 0.0138 0.0032 -0.0065 -0.0339 -0.1557 -0.2990 -0.3405 -0.3343 -0.2026 0.0952 0.0584 0.0280 0.0117 0.0017 -0.0094 -0.0469 -0.1929 -0.3139 -0.3418 -0.3302 -0.1517 0.1014 0.0491 0.0271 -0.0044
-0.0014 0.0321 0.0683 0.0608 -0.2463 -0.3369 -0.3385 -0.2852 -0.1284 -0.0264 -0.0045 0.0048 0.0167 0.0359 0.0903 -0.0047 -0.3194 -0.3396 -0.3337 -0.2619 -0.0955 -0.0191 -0.0024 0.0065 0.0194 0.0395 0.0945 -0.0148 -0.3182 -0.3380 -0.3401 -0.3054 -0.2003 -0.0681 -0.0183 -0.0045 0.0023 0.0092 0.0190 0.0317 0.0484 0.0816 0.0880 -0.1187 -0.3173 -0.3317 -0.3408 -0.3416 -0.3293 -0.2980 -0.2701 -0.2979 -0.3292 -0.3416 -0.3408 -0.3318 -0.3174 -0.1190 0.0880 0.0816 0.0484 0.0317 0.0190 0.0092 0.0023 -0.0045 -0.0183 -0.0681 -0.2003 -0.3054 -0.3401 -0.3380 -0.3182 -0.0148 0.0945 0.0395 0.0194 0.0065 -0.0024 -0.0191 -0.0955 -0.2618 -0.3337 -0.3396 -0.3194 -0.0047 0.0903 0.0359 0.0167 0.0048 -0.0045 -0.0264 -0.1284 -0.2852 -0.3385 -0.3369 -0.2463 0.0608 0.0683 0.0321 -0.0014
0.0016 0.0402 0.0954 -0.0569 -0.3233 -0.3410 -0.3287 -0.2413 -0.0755 -0.0150 -0.0009 0.0081 0.0225 0.0460 0.1006 -0.1313 -0.3283 -0.3419 -0.3191 -0.2084 -0.0542 -0.0109 0.0009 0.0104 0.0258 0.0516 0.1040 -0.1590 -0.3288 -0.3420 -0.3280 -0.2556 -0.1105 -0.0288 -0.0072 0.0008 0.0076 0.0173 0.0302 0.0474 0.0816 0.0803 -0.1465 -0.3200 -0.3344 -0.3421 -0.3391 -0.3190 -0.2704 -0.1878 -0.1342 -0.1877 -0.2702 -0.3189 -0.3391 -0.3421 -0.3344 -0.3201 -0.1465 0.0803 0.0816 0.0474 0.0302 0.0173 0.0076 0.0008 -0.0072 -0.0288 -0.1105 -0.2556 -0.3280 -0.3420 -0.3288 -0.1590 0.1040 0.0516 0.0259 0.0104 0.0009 -0.0109 -0.0541 -0.2084 -0.3191 -0.3419 -0.3283 -0.1313 0.1006 0.0460 0.0225 0.0081 -0.0009 -0.0150 -0.0755 -0.2413 -0.3287 -0.3410 -0.3233 -0.0569 0.0954 0.0402 0.0016
0.0052 0.0520 0.1013 -0.1660 -0.3315 -0.3416 -0.3100 -0.1820 -0.0425 -0.0084 0.0022 0.0125 0.0293 0.0620 0.0828 -0.2194 -0.3354 -0.3398 -0.2937 -0.1441 -0.0304 -0.0056 0.0040 0.0152 0.0335 0.0748 0.0430 -0.2667 -0.3367 -0.3402 -0.3018 -0.1807 -0.0514 -0.0124 -0.0015 0.0053 0.0146 0.0274 0.0444 0.0758 0.0880 -0.1465 -0.3209 -0.3356 -0.3425 -0.3364 -0.3088 -0.2465 -0.1452 -0.0628 -0.0373 -0.0626 -0.1449 -0.2462 -0.3086 -0.3364 -0.3425 -0.3356 -0.3209 -0.1465 0.0880 0.0758 0.0444 0.0274 0.0146 0.0053 -0.0015 -0.0124 -0.0514 -0.1807 -0.3018 -0.3402 -0.3367 -0.2667 0.0430 0.0748 0.0335 0.0153 0.0040 -0.0056 -0.0304 -0.1441 -0.2937 -0.3398 -0.3354 -0.2194 0.0828 0.0620 0.0293 0.0125 0.0022 -0.0084 -0.0425 -0.1820 -0.3100 -0.3416 -0.3315 -0.1660 0.1013 0.0520 0.0052
0.0096 0.0744 0.0432 -0.2669 -0.3378 -0.3373 -0.2789 -0.1180 -0.0239 -0.0038 0.0053 0.0176 0.0374 0.0925 -0.0258 -0.3210 -0.3403 -0.3319 -0.2538 -0.0867 -0.0172 -0.0017 0.0072 0.0209 0.0428 0.0986 -0.0862 -0.3248 -0.3413 -0.3304 -0.2567 -0.1022 -0.0239 -0.0051 0.0028 0.0111 0.0233 0.0398 0.0668 0.1068 -0.1190 -0.3201 -0.3356 -0.3426 -0.3348 -0.3015 -0.2272 -0.1192 -0.0457 -0.0172 -0.0093 -0.0171 -0.0456 -0.1189 -0.2269 -0.3014 -0.3348 -0.3426 -0.3356 -0.3201 -0.1190 0.1068 0.0668 0.0398 0.0233 0.0111 0.0028 -0.0051 -0.0239 -0.1022 -0.2567 -0.3304 -0.3413 -0.3248 -0.0862 0.0986 0.0428 0.0209 0.0072 -0.0017 -0.0172 -0.0867 -0.2538 -0.3319 -0.3403 -0.3210 -0.0258 0.0925 0.0374 0.0176 0.0053 -0.0038 -0.0239 -0.1180 -0.2789 -0.3373 -0.3378 -0.2669 0.0432 0.0744 0.0096
0.0154 0.0981 -0.0786 -0.3248 -0.3414 -0.3262 -0.2322 -0.0685 -0.0137 -0.0003 0.0088 0.0236 0.0481 0.1013 -0.1452 -0.3296 -0.3418 -0.3156 -0.1978 -0.0490 -0.0099 0.0015 0.0113 0.0275 0.0566 0.0997 -0.1919 -0.3331 -0.3415 -0.3097 -0.1909 -0.0515 -0.0114 -0.0004 0.0071 0.0184 0.0338 0.0569 0.1235 -0.0685 -0.3174 -0.3344 -0.3425 -0.3348 -0.2988 -0.2169 -0.1039 -0.0378 -0.0133 -0.0040 0.0004 -0.0040 -0.0133 -0.0377 -0.1037 -0.2167 -0.2988 -0.3348 -0.3425 -0.3344 -0.3174 -0.0685 0.1235 0.0569 0.0338 0.0184 0.0071 -0.0004 -0.0114 -0.0515 -0.1909 -0.3097 -0.3415 -0.3331 -0.1919 0.0997 0.0566 0.0275 0.0113 0.0015 -0.0099 -0.0490 -0.1978 -0.3156 -0.3418 -0.3296 -0.1452 0.1013 0.0481 0.0236 0.0088 -0.0003 -0.0137 -0.0685 -0.2322 -0.3262 -0.3414 -0.3248 -0.0786 0.0981 0.0154
0.0240 0.1013 -0.1807 -0.3327 -0.3413 -0.3056 -0.1708 -0.0385 -0.0075 0.0028 0.0133 0.0306 0.0662 0.0682 -0.2375 -0.3364 -0.3389 -0.2880 -0.1332 -0.0276 -0.0048 0.0046 0.0162 0.0352 0.0871 0.0071 -0.3104 -0.3391 -0.3358 -0.2747 -0.1185 -0.0260 -0.0051 0.0034 0.0128 0.0269 0.0469 0.1021 0.0048 -0.3083 -0.3318 -0.3421 -0.3364 -0.3014 -0.2167 -0.0991 -0.0341 -0.0115 -0.0032 0.0026 0.0067 0.0027 -0.0032 -0.0114 -0.0340 -0.0989 -0.2167 -0.3014 -0.3364 -0.3421 -0.3318 -0.3083 0.0048 0.1021 0.0469 0.0269 0.0128 0.0034 -0.0051 -0.0260 -0.1185 -0.2747 -0.3358 -0.3391 -0.3104 0.0071 0.0871 0.0352 0.0162 0.0046 -0.0048 -0.0276 -0.1332 -0.2880 -0.3389 -0.3364 -0.2375 0.0682 0.0662 0.0306 0.0133 0.0028 -0.0075 -0.0385 -0.1708 -0.3056 -0.3413 -0.3327 -0.1807 0.1013 0.0240
0.0399 0.0243 -0.2897 -0.3386 -0.3360 -0.2721 -0.1081 -0.0217 -0.0032 0.0059 0.0185 0.0390 0.0945 -0.0471 -0.3226 -0.3408 -0.3297 -0.2454 -0.0789 -0.0157 -0.0012 0.0078 0.0220 0.0451 0.1001 -0.1216 -0.3274 -0.3418 -0.3223 -0.2219 -0.0649 -0.0136 -0.0009 0.0073 0.0195 0.0371 0.0684 0.0872 -0.2091 -0.3273 -0.3408 -0.3391 -0.3086 -0.2269 -0.1037 -0.0341 -0.0109 -0.0026 0.0029 0.0096 0.0159 0.0096 0.0029 -0.0026 -0.0108 -0.0340 -0.1037 -0.2269 -0.3086 -0.3391 -0.3408 -0.3273 -0.2091 0.0872 0.0684 0.0371 0.0195 0.0073 -0.0009 -0.0136 -0.0649 -0.2219 -0.3223 -0.3418 -0.3274 -0.1216 0.1001 0.0451 0.0220 0.0078 -0.0012 -0.0157 -0.0789 -0.2454 -0.3297 -0.3408 -0.3226 -0.0471 0.0945 0.0390 0.0185 0.0059 -0.0032 -0.0217 -0.1081 -0.2721 -0.3360 -0.3386 -0.2897 0.0243 0.0399
0.0490 -0.1018 -0.3263 -0.3417 -0.3235 -0.2226 -0.0621 -0.0125 0.0002 0.0095 0.0247 0.0504 0.1016 -0.1594 -0.3309 -0.3417 -0.3118 -0.1870 -0.0444 -0.0089 0.0020 0.0121 0.0287 0.0603 0.0888 -0.2115 -0.3349 -0.3403 -0.2978 -0.1555 -0.0348 -0.0070 0.0026 0.0123 0.0273 0.0501 0.1079 -0.0734 -0.3203 -0.3378 -0.3416 -0.3189 -0.2462 -0.1189 -0.0377 -0.0115 -0.0026 0.0032 0.0097 0.0194 0.0280 0.0194 0.0097 0.0032 -0.0026 -0.0114 -0.0377 -0.1189 -0.2462 -0.3189 -0.3416 -0.3378 -0.3203 -0.0734 0.1079 0.0501 0.0273 0.0123 0.0026 -0.0070 -0.0348 -0.1555 -0.2978 -0.3403 -0.3349 -0.2115 0.0888 0.0603 0.0287 0.0121 0.0020 -0.0089 -0.0444 -0.1870 -0.3118 -0.3417 -0.3309 -0.1594 0.1016 0.0504 0.0247 0.0095 0.0002 -0.0125 -0.0621 -0.2226 -0.3235 -0.3417 -0.3263 -0.1018 0.0489
0.0440 -0.1991 -0.3340 -0.3407 -0.3004 -0.1586 -0.0346 -0.0067 0.0033 0.0141 0.0319 0.0712 0.0510 -0.2579 -0.3375 -0.3377 -0.2812 -0.1218 -0.0248 -0.0041 0.0051 0.0172 0.0367 0.0915 -0.0166 -0.3204 -0.3400 -0.3327 -0.2583 -0.0928 -0.0188 -0.0026 0.0061 0.0182 0.0365 0.0739 0.0594 -0.2463 -0.3324 -0.3424 -0.3292 -0.2702 -0.1449 -0.0456 -0.0133 -0.0032 0.0029 0.0097 0.0190 0.0321 0.0436 0.0321 0.0190 0.0097 0.0029 -0.0032 -0.0133 -0.0456 -0.1449 -0.2702 -0.3292 -0.3424 -0.3324 -0.2463 0.0594 0.0739 0.0365 0.0182 0.0061 -0.0026 -0.0188 -0.0928 -0.2583 -0.3327 -0.3400 -0.3204 -0.0166 0.0915 0.0367 0.0172 0.0051 -0.0041 -0.0248 -0.1218 -0.2812 -0.3377 -0.3375 -0.2579 0.0510 0.0712 0.0319 0.0141 0.0033 -0.0067 -0.0346 -0.1586 -0.3004 -0.3407 -0.3340 -0.1986 0.0441
-0.0035 -0.3170 -0.3395 -0.3343 -0.2642 -0.0980 -0.0195 -0.0023 0.0066 0.0199 0.0412 0.0949 -0.0696 -0.3242 -0.3413 -0.3273 -0.2359 -0.0711 -0.0141 -0.0004 0.0087 0.0235 0.0476 0.0969 -0.1396 -0.3291 -0.3419 -0.3173 -0.2034 -0.0521 -0.0105 0.0011 0.0104 0.0254 0.0486 0.0989 -0.0943 -0.3234 -0.3402 -0.3383 -0.2979 -0.1877 -0.0627 -0.0172 -0.0040 0.0027 0.0096 0.0194 0.0321 0.0494 0.0640 0.0494 0.0321 0.0194 0.0096 0.0027 -0.0040 -0.0172 -0.0627 -0.1877 -0.2979 -0.3383 -0.3402 -0.3234 -0.0943 0.0989 0.0486 0.0254 0.0104 0.0011 -0.0105 -0.0521 -0.2034 -0.3173 -0.3419 -0.3291 -0.1396 0.0969 0.0476 0.0235 0.0087 -0.0004 -0.0141 -0.0711 -0.2359 -0.3273 -0.3413 -0.3242 -0.0696 0.0949 0.0412 0.0199 0.0066 -0.0023 -0.0195 -0.0980 -0.2643 -0.3343 -0.3395 -0.3170 -0.0033
-0.0530 -0.3222 -0.3415 -0.3279 -0.2372 -0.0717 -0.0142 0.0003 0.0095 0.0247 0.0497 0.0944 -0.1460 -0.3289 -0.3421 -0.3181 -0.2038 -0.0514 -0.0100 0.0020 0.0121 0.0287 0.0586 0.0813 -0.1965 -0.3333 -0.3414 -0.3046 -0.1674 -0.0373 -0.0068 0.0036 0.0144 0.0315 0.0608 0.0830 -0.1927 -0.3295 -0.3426 -0.3316 -0.2701 -0.1342 -0.0373 -0.0093 0.0004 0.0067 0.0159 0.0281 0.0436 0.0640 0.0773 0.0640 0.0436 0.0281 0.0159 0.0067 0.0004 -0.0093 -0.0373 -0.1342 -0.2701 -0.3316 -0.3426 -0.3295 -0.1927 0.0830 0.0608 0.0315 0.0144 0.0036 -0.0068 -0.0373 -0.1674 -0.3046 -0.3414 -0.3333 -0.1965 0.0813 0.0586 0.0287 0.0121 0.0020 -0.0100 -0.0514 -0.2038 -0.3181 -0.3421 -0.3289 -0.1460 0.0944 0.0497 0.0247 0.0095 0.0003 -0.0142 -0.0717 -0.2372 -0.3280 -0.3415 -0.3222 -0.0529
-0.0035 -0.3170 -0.3395 -0.3343 -0.2642 -0.0980 -0.0195 -0.0023 0.0066 0.0199 0.0412 0.0949 -0.0696 -0.3242 -0.3413 -0.3273 -0.2359 -0.0711 -0.0141 -0.0004 0.0087 0.0235 0.0476 0.0969 -0.1396 -0.3291 -0.3419 -0.3173 -0.2034 -0.0521 -0.0105 0.0011 0.0104 0.0254 0.0486 0.0989 -0.0943 -0.3234 -0.3402 -0.3383 -0.2979 -0.1877 -0.0627 -0.0172 -0.0040 0.0027 0.0096 0.0194 0.0321 0.0494 0.0640 0.0494 0.0321 0.0194 0.0096 0.0027 -0.0040 -0.0172 -0.0627 -0.1877 -0.2979 -0.3383 -0.3402 -0.3234 -0.0943 0.0989 0.0486 0.0254 0.0104 0.0011 -0.0105 -0.0521 -0.2034 -0.3173 -0.3419 -0.3291 -0.1396 0.0969 0.0476 0.0235 0.0087 -0.0004 -0.0141 -0.0711 -0.2359 -0.3273 -0.3413 -0.3242 -0.0696 0.0949 0.0412 0.0199 0.0066 -0.0023 -0.0195 -0.0980 -0.2643 -0.3343 -0.3395 -0.3170 -0.0033
