0.4138 0.4178 0.4213 0.4223 0.4225 0.4218 0.4203 0.4179 0.4146 0.4105 0.4056 0.3997 0.3926 0.3839 0.3732 0.3594 0.3420 0.3235 0.3089 0.3021 0.3004 0.3019 0.3060 0.3122 0.3204 0.3303 0.3417 0.3542 0.3672 0.3800 0.3919 0.4019 0.4097 0.4152 0.4188 0.4209 0.4221 0.4225 0.4221 0.4209 0.4189 0.4159 0.4122 0.4076 0.4020 0.3954 0.3874 0.3775 0.3651 0.3473 0.3327 0.3473 0.3651 0.3775 0.3874 0.3954 0.4020 0.4076 0.4122 0.4159 0.4189 0.4209 0.4221 0.4225 0.4221 0.4209 0.4188 0.4152 0.4097 0.4019 0.3919 0.3800 0.3672 0.3542 0.3417 0.3303 0.3204 0.3122 0.3060 0.3019 0.3004 0.3021 0.3089 0.3235 0.3420 0.3594 0.3732 0.3839 0.3926 0.3997 0.4056 0.4105 0.4146 0.4179 0.4203 0.4218 0.4225 0.4223 0.4213 0.4178 0.4138
0.4178 0.4212 0.4129 0.4077 0.4015 0.3940 0.3850 0.3744 0.3621 0.3479 0.3313 0.3115 0.2869 0.2554 0.2201 0.1897 0.1761 0.1756 0.1843 0.1975 0.2125 0.2296 0.2488 0.2701 0.2933 0.3179 0.3433 0.3679 0.3896 0.4057 0.4153 0.4196 0.4206 0.4196 0.4173 0.4139 0.4094 0.4038 0.3968 0.3885 0.3785 0.3669 0.3534 0.3378 0.3193 0.2968 0.2676 0.2335 0.1994 0.1787 0.1726 0.1787 0.1994 0.2335 0.2676 0.2968 0.3193 0.3378 0.3534 0.3669 0.3785 0.3885 0.3968 0.4038 0.4094 0.4139 0.4173 0.4196 0.4206 0.4196 0.4153 0.4057 0.3896 0.3679 0.3433 0.3179 0.2933 0.2701 0.2488 0.2296 0.2125 0.1975 0.1843 0.1756 0.1761 0.1897 0.2201 0.2554 0.2869 0.3115 0.3313 0.3479 0.3621 0.3744 0.3850 0.3940 0.4015 0.4077 0.4129 0.4212 0.4178
0.4213 0.4129 0.4010 0.3906 0.3792 0.3666 0.3524 0.3359 0.3167 0.2932 0.2630 0.2283 0.1960 0.1795 0.1773 0.1846 0.1977 0.2129 0.2300 0.2493 0.2707 0.2940 0.3188 0.3442 0.3688 0.3904 0.4062 0.4154 0.4194 0.4201 0.4189 0.4163 0.4127 0.4082 0.4028 0.3964 0.3888 0.3799 0.3692 0.3566 0.3416 0.3238 0.3023 0.2745 0.2413 0.2065 0.1836 0.1770 0.1809 0.1929 0.2007 0.1929 0.1809 0.1770 0.1836 0.2065 0.2413 0.2745 0.3023 0.3238 0.3416 0.3566 0.3692 0.3799 0.3888 0.3964 0.4028 0.4082 0.4127 0.4163 0.4189 0.4201 0.4194 0.4154 0.4062 0.3904 0.3688 0.3442 0.3188 0.2940 0.2707 0.2493 0.2300 0.2129 0.1977 0.1846 0.1773 0.1795 0.1960 0.2283 0.2630 0.2932 0.3167 0.3359 0.3524 0.3666 0.3792 0.3906 0.4010 0.4129 0.4213
0.4223 0.4077 0.3906 0.3729 0.3529 0.3306 0.3056 0.2760 0.2390 0.2023 0.1811 0.1769 0.1825 0.1953 0.2102 0.2270 0.2459 0.2670 0.2899 0.3145 0.3399 0.3648 0.3870 0.4040 0.4143 0.4190 0.4202 0.4192 0.4168 0.4134 0.4091 0.4038 0.3976 0.3902 0.3815 0.3712 0.3589 0.3443 0.3271 0.3063 0.2798 0.2473 0.2120 0.1862 0.1773 0.1794 0.1904 0.2044 0.2208 0.2390 0.2497 0.2390 0.2208 0.2044 0.1904 0.1794 0.1773 0.1862 0.2120 0.2473 0.2798 0.3063 0.3271 0.3443 0.3589 0.3712 0.3815 0.3902 0.3976 0.4038 0.4091 0.4134 0.4168 0.4192 0.4202 0.4190 0.4143 0.4040 0.3870 0.3648 0.3399 0.3145 0.2899 0.2670 0.2459 0.2270 0.2102 0.1953 0.1825 0.1769 0.1811 0.2023 0.2390 0.2760 0.3056 0.3306 0.3529 0.3729 0.3906 0.4077 0.4223
0.4225 0.4015 0.3792 0.3529 0.3213 0.2843 0.2374 0.1920 0.1748 0.1783 0.1911 0.2062 0.2232 0.2421 0.2630 0.2858 0.3102 0.3355 0.3607 0.3836 0.4016 0.4130 0.4185 0.4201 0.4195 0.4173 0.4141 0.4099 0.4048 0.3987 0.3916 0.3831 0.3731 0.3611 0.3470 0.3302 0.3101 0.2849 0.2531 0.2178 0.1894 0.1779 0.1784 0.1882 0.2019 0.2176 0.2354 0.2553 0.2776 0.3013 0.3149 0.3013 0.2776 0.2553 0.2354 0.2176 0.2019 0.1882 0.1784 0.1779 0.1894 0.2178 0.2531 0.2849 0.3101 0.3302 0.3470 0.3611 0.3731 0.3831 0.3916 0.3987 0.4048 0.4099 0.4141 0.4173 0.4195 0.4201 0.4185 0.4130 0.4016 0.3836 0.3607 0.3355 0.3102 0.2858 0.2630 0.2421 0.2232 0.2062 0.1911 0.1783 0.1748 0.1920 0.2374 0.2843 0.3213 0.3529 0.3792 0.4015 0.4225
0.4218 0.3940 0.3666 0.3306 0.2843 0.2216 0.1758 0.1757 0.1926 0.2116 0.2325 0.2549 0.2789 0.3042 0.3302 0.3560 0.3797 0.3989 0.4115 0.4179 0.4201 0.4197 0.4178 0.4147 0.4106 0.4057 0.3998 0.3929 0.3847 0.3749 0.3633 0.3496 0.3333 0.3139 0.2897 0.2589 0.2239 0.1931 0.1787 0.1777 0.1860 0.1994 0.2148 0.2322 0.2517 0.2733 0.2968 0.3217 0.3476 0.3718 0.3837 0.3718 0.3476 0.3217 0.2968 0.2733 0.2517 0.2322 0.2148 0.1994 0.1860 0.1777 0.1787 0.1931 0.2239 0.2589 0.2897 0.3139 0.3333 0.3496 0.3633 0.3749 0.3847 0.3929 0.3998 0.4057 0.4106 0.4147 0.4178 0.4197 0.4201 0.4179 0.4115 0.3989 0.3797 0.3560 0.3302 0.3042 0.2789 0.2549 0.2325 0.2116 0.1926 0.1757 0.1758 0.2216 0.2843 0.3306 0.3666 0.3940 0.4218
0.4203 0.3850 0.3524 0.3056 0.2374 0.1758 0.1794 0.2017 0.2271 0.2551 0.2848 0.3151 0.3448 0.3721 0.3944 0.4092 0.4170 0.4199 0.4199 0.4182 0.4153 0.4114 0.4066 0.4009 0.3941 0.3862 0.3767 0.3654 0.3521 0.3363 0.3175 0.2943 0.2645 0.2301 0.1974 0.1799 0.1772 0.1839 0.1970 0.2120 0.2291 0.2483 0.2695 0.2927 0.3174 0.3428 0.3676 0.3894 0.4058 0.4151 0.4174 0.4151 0.4058 0.3894 0.3676 0.3428 0.3174 0.2927 0.2695 0.2483 0.2291 0.2120 0.1970 0.1839 0.1772 0.1799 0.1974 0.2301 0.2645 0.2943 0.3175 0.3363 0.3521 0.3654 0.3767 0.3862 0.3941 0.4009 0.4066 0.4114 0.4153 0.4182 0.4199 0.4199 0.4170 0.4092 0.3944 0.3721 0.3448 0.3151 0.2848 0.2551 0.2271 0.2017 0.1794 0.1758 0.2374 0.3056 0.3524 0.3850 0.4203
0.4179 0.3744 0.3359 0.2760 0.1920 0.1757 0.2017 0.2328 0.2679 0.3054 0.3426 0.3758 0.4004 0.4139 0.4192 0.4201 0.4187 0.4159 0.4122 0.4075 0.4020 0.3954 0.3876 0.3784 0.3675 0.3545 0.3392 0.3209 0.2987 0.2700 0.2362 0.2021 0.1817 0.1770 0.1821 0.1946 0.2093 0.2260 0.2448 0.2657 0.2886 0.3131 0.3385 0.3635 0.3860 0.4033 0.4139 0.4188 0.4202 0.4191 0.4173 0.4191 0.4202 0.4188 0.4139 0.4033 0.3860 0.3635 0.3385 0.3131 0.2886 0.2657 0.2448 0.2260 0.2093 0.1946 0.1821 0.1770 0.1817 0.2021 0.2362 0.2700 0.2987 0.3209 0.3392 0.3545 0.3675 0.3784 0.3876 0.3954 0.4020 0.4075 0.4122 0.4159 0.4187 0.4201 0.4192 0.4139 0.4004 0.3758 0.3426 0.3054 0.2679 0.2328 0.2017 0.1757 0.1920 0.2760 0.3359 0.3744 0.4179
0.4146 0.3621 0.3167 0.2390 0.1748 0.1926 0.2271 0.2679 0.3125 0.3565 0.3924 0.4126 0.4194 0.4198 0.4174 0.4137 0.4091 0.4035 0.3969 0.3893 0.3802 0.3695 0.3569 0.3420 0.3243 0.3029 0.2753 0.2422 0.2072 0.1839 0.1771 0.1805 0.1923 0.2067 0.2230 0.2415 0.2620 0.2846 0.3089 0.3342 0.3593 0.3824 0.4008 0.4125 0.4183 0.4201 0.4195 0.4174 0.4143 0.4098 0.4059 0.4098 0.4143 0.4174 0.4195 0.4201 0.4183 0.4125 0.4008 0.3824 0.3593 0.3342 0.3089 0.2846 0.2620 0.2415 0.2230 0.2067 0.1923 0.1805 0.1771 0.1839 0.2072 0.2422 0.2753 0.3029 0.3243 0.3420 0.3569 0.3695 0.3802 0.3893 0.3969 0.4035 0.4091 0.4137 0.4174 0.4198 0.4194 0.4126 0.3924 0.3565 0.3125 0.2679 0.2271 0.1926 0.1748 0.2390 0.3167 0.3621 0.4146
0.4105 0.3479 0.2932 0.2023 0.1783 0.2116 0.2551 0.3054 0.3565 0.3972 0.4162 0.4200 0.4179 0.4134 0.4076 0.4008 0.3928 0.3835 0.3727 0.3602 0.3454 0.3279 0.3072 0.2807 0.2482 0.2128 0.1867 0.1774 0.1793 0.1901 0.2041 0.2201 0.2382 0.2584 0.2806 0.3046 0.3298 0.3551 0.3787 0.3981 0.4110 0.4177 0.4200 0.4198 0.4179 0.4149 0.4109 0.4060 0.4002 0.3928 0.3865 0.3928 0.4002 0.4060 0.4109 0.4149 0.4179 0.4198 0.4200 0.4177 0.4110 0.3981 0.3787 0.3551 0.3298 0.3046 0.2806 0.2584 0.2382 0.2201 0.2041 0.1901 0.1793 0.1774 0.1867 0.2128 0.2482 0.2807 0.3072 0.3279 0.3454 0.3602 0.3727 0.3835 0.3928 0.4008 0.4076 0.4134 0.4179 0.4200 0.4162 0.3972 0.3565 0.3054 0.2551 0.2116 0.1783 0.2023 0.2932 0.3479 0.4105
0.4056 0.3313 0.2630 0.1811 0.1911 0.2325 0.2848 0.3426 0.3924 0.4162 0.4199 0.4165 0.4103 0.4024 0.3929 0.3816 0.3684 0.3530 0.3351 0.3143 0.2889 0.2564 0.2199 0.1902 0.1779 0.1783 0.1878 0.2015 0.2172 0.2349 0.2548 0.2767 0.3004 0.3255 0.3509 0.3749 0.3952 0.4093 0.4169 0.4198 0.4199 0.4183 0.4155 0.4116 0.4069 0.4012 0.3945 0.3866 0.3772 0.3653 0.3551 0.3653 0.3772 0.3866 0.3945 0.4012 0.4069 0.4116 0.4155 0.4183 0.4199 0.4198 0.4169 0.4093 0.3952 0.3749 0.3509 0.3255 0.3004 0.2767 0.2548 0.2349 0.2172 0.2015 0.1878 0.1783 0.1779 0.1902 0.2199 0.2564 0.2889 0.3143 0.3351 0.3530 0.3684 0.3816 0.3929 0.4024 0.4103 0.4165 0.4199 0.4162 0.3924 0.3426 0.2848 0.2325 0.1911 0.1811 0.2630 0.3313 0.4056
0.3997 0.3115 0.2283 0.1769 0.2062 0.2549 0.3151 0.3758 0.4126 0.4200 0.4165 0.4092 0.3995 0.3873 0.3724 0.3543 0.3328 0.3076 0.2765 0.2372 0.1989 0.1789 0.1769 0.1850 0.1986 0.2141 0.2316 0.2511 0.2728 0.2962 0.3212 0.3466 0.3710 0.3921 0.4073 0.4160 0.4196 0.4201 0.4187 0.4160 0.4123 0.4078 0.4023 0.3958 0.3881 0.3790 0.3681 0.3553 0.3401 0.3208 0.3041 0.3208 0.3401 0.3553 0.3681 0.3790 0.3881 0.3958 0.4023 0.4078 0.4123 0.4160 0.4187 0.4201 0.4196 0.4160 0.4073 0.3921 0.3710 0.3466 0.3212 0.2962 0.2728 0.2511 0.2316 0.2141 0.1986 0.1850 0.1769 0.1789 0.1989 0.2372 0.2765 0.3076 0.3328 0.3543 0.3724 0.3873 0.3995 0.4092 0.4165 0.4200 0.4126 0.3758 0.3151 0.2549 0.2062 0.1769 0.2283 0.3115 0.3997
0.3926 0.2869 0.1960 0.1825 0.2232 0.2789 0.3448 0.4004 0.4194 0.4179 0.4103 0.3995 0.3854 0.3672 0.3444 0.3165 0.2820 0.2360 0.1918 0.1748 0.1788 0.1925 0.2084 0.2263 0.2462 0.2680 0.2915 0.3165 0.3421 0.3670 0.3889 0.4052 0.4149 0.4192 0.4201 0.4190 0.4165 0.4130 0.4086 0.4033 0.3969 0.3895 0.3806 0.3701 0.3576 0.3429 0.3253 0.3041 0.2769 0.2428 0.2172 0.2428 0.2769 0.3041 0.3253 0.3429 0.3576 0.3701 0.3806 0.3895 0.3969 0.4033 0.4086 0.4130 0.4165 0.4190 0.4201 0.4192 0.4149 0.4052 0.3889 0.3670 0.3421 0.3165 0.2915 0.2680 0.2462 0.2263 0.2084 0.1925 0.1788 0.1748 0.1918 0.2360 0.2820 0.3165 0.3444 0.3672 0.3854 0.3995 0.4103 0.4179 0.4194 0.4004 0.3448 0.2789 0.2232 0.1825 0.1960 0.2869 0.3926
0.3839 0.2554 0.1795 0.1953 0.2421 0.3041 0.3721 0.4139 0.4198 0.4134 0.4024 0.3873 0.3672 0.3410 0.3076 0.2639 0.2060 0.1741 0.1776 0.1942 0.2131 0.2343 0.2575 0.2824 0.3087 0.3355 0.3615 0.3848 0.4027 0.4136 0.4188 0.4202 0.4193 0.4170 0.4137 0.4094 0.4043 0.3981 0.3909 0.3822 0.3720 0.3599 0.3456 0.3285 0.3081 0.2821 0.2500 0.2146 0.1876 0.1775 0.1761 0.1775 0.1876 0.2146 0.2500 0.2821 0.3081 0.3285 0.3456 0.3599 0.3720 0.3822 0.3909 0.3981 0.4043 0.4094 0.4137 0.4170 0.4193 0.4202 0.4188 0.4136 0.4027 0.3848 0.3615 0.3355 0.3087 0.2824 0.2575 0.2343 0.2131 0.1942 0.1776 0.1741 0.2060 0.2639 0.3076 0.3410 0.3672 0.3873 0.4024 0.4134 0.4198 0.4139 0.3721 0.3042 0.2421 0.1953 0.1795 0.2554 0.3839
0.3732 0.2201 0.1773 0.2102 0.2630 0.3302 0.3944 0.4192 0.4174 0.4076 0.3929 0.3724 0.3444 0.3076 0.2573 0.1932 0.1711 0.1864 0.2076 0.2319 0.2590 0.2882 0.3184 0.3484 0.3758 0.3975 0.4113 0.4180 0.4201 0.4196 0.4175 0.4144 0.4102 0.4052 0.3992 0.3922 0.3838 0.3739 0.3621 0.3482 0.3317 0.3119 0.2871 0.2558 0.2206 0.1910 0.1782 0.1781 0.1874 0.2009 0.2090 0.2009 0.1874 0.1781 0.1782 0.1910 0.2206 0.2558 0.2871 0.3119 0.3317 0.3482 0.3621 0.3739 0.3838 0.3922 0.3992 0.4052 0.4102 0.4144 0.4175 0.4196 0.4201 0.4180 0.4113 0.3975 0.3758 0.3484 0.3184 0.2882 0.2590 0.2319 0.2076 0.1864 0.1711 0.1932 0.2573 0.3076 0.3444 0.3724 0.3929 0.4076 0.4174 0.4192 0.3944 0.3302 0.2630 0.2102 0.1773 0.2201 0.3732
0.3594 0.1897 0.1846 0.2270 0.2858 0.3560 0.4092 0.4201 0.4137 0.4008 0.3816 0.3543 0.3165 0.2639 0.1932 0.1713 0.1912 0.2164 0.2458 0.2788 0.3139 0.3489 0.3801 0.4029 0.4150 0.4196 0.4200 0.4182 0.4152 0.4112 0.4063 0.4004 0.3935 0.3854 0.3757 0.3643 0.3507 0.3347 0.3155 0.2919 0.2614 0.2267 0.1950 0.1792 0.1774 0.1851 0.1983 0.2135 0.2311 0.2503 0.2617 0.2503 0.2311 0.2135 0.1983 0.1851 0.1774 0.1792 0.1950 0.2267 0.2614 0.2919 0.3155 0.3347 0.3507 0.3643 0.3757 0.3854 0.3935 0.4004 0.4063 0.4112 0.4152 0.4182 0.4200 0.4196 0.4150 0.4029 0.3801 0.3489 0.3139 0.2788 0.2458 0.2164 0.1912 0.1713 0.1932 0.2639 0.3165 0.3543 0.3816 0.4008 0.4137 0.4201 0.4092 0.3560 0.2858 0.2270 0.1846 0.1897 0.3594
0.3420 0.1761 0.1977 0.2459 0.3102 0.3797 0.4170 0.4187 0.4091 0.3928 0.3684 0.3328 0.2820 0.2060 0.1711 0.1912 0.2195 0.2531 0.2913 0.3317 0.3701 0.3995 0.4149 0.4198 0.4196 0.4170 0.4130 0.4081 0.4022 0.3953 0.3873 0.3778 0.3666 0.3534 0.3377 0.3191 0.2963 0.2670 0.2329 0.1995 0.1807 0.1771 0.1830 0.1959 0.2108 0.2277 0.2467 0.2678 0.2912 0.3157 0.3295 0.3157 0.2912 0.2678 0.2467 0.2277 0.2108 0.1959 0.1830 0.1771 0.1807 0.1995 0.2329 0.2670 0.2963 0.3191 0.3377 0.3534 0.3666 0.3778 0.3873 0.3953 0.4022 0.4081 0.4130 0.4170 0.4196 0.4198 0.4149 0.3995 0.3701 0.3317 0.2913 0.2531 0.2195 0.1912 0.1711 0.2060 0.2820 0.3328 0.3684 0.3928 0.4091 0.4187 0.4170 0.3797 0.3102 0.2459 0.1977 0.1761 0.3420
0.3235 0.1756 0.2129 0.2670 0.3355 0.3989 0.4199 0.4159 0.4035 0.3835 0.3530 0.3076 0.2360 0.1741 0.1864 0.2164 0.2531 0.2955 0.3405 0.3817 0.4086 0.4188 0.4198 0.4170 0.4124 0.4065 0.3995 0.3913 0.3816 0.3703 0.3571 0.3416 0.3233 0.3013 0.2729 0.2392 0.2045 0.1826 0.1770 0.1813 0.1936 0.2081 0.2246 0.2433 0.2640 0.2868 0.3112 0.3365 0.3620 0.3845 0.3948 0.3845 0.3620 0.3365 0.3112 0.2868 0.2640 0.2433 0.2246 0.2081 0.1936 0.1813 0.1770 0.1826 0.2045 0.2392 0.2729 0.3013 0.3233 0.3416 0.3571 0.3703 0.3816 0.3913 0.3995 0.4065 0.4124 0.4170 0.4198 0.4188 0.4086 0.3817 0.3405 0.2955 0.2531 0.2164 0.1864 0.1741 0.2360 0.3076 0.3530 0.3835 0.4035 0.4159 0.4199 0.3989 0.3355 0.2670 0.2129 0.1756 0.3235
0.3089 0.1843 0.2300 0.2899 0.3607 0.4115 0.4199 0.4122 0.3969 0.3727 0.3351 0.2765 0.1918 0.1776 0.2075 0.2458 0.2913 0.3405 0.3853 0.4120 0.4198 0.4188 0.4143 0.4079 0.4000 0.3905 0.3791 0.3656 0.3498 0.3313 0.3095 0.2824 0.2483 0.2116 0.1855 0.1771 0.1798 0.1912 0.2054 0.2217 0.2400 0.2603 0.2828 0.3069 0.3322 0.3574 0.3808 0.3996 0.4120 0.4180 0.4190 0.4180 0.4120 0.3996 0.3808 0.3574 0.3322 0.3069 0.2828 0.2603 0.2400 0.2217 0.2054 0.1912 0.1798 0.1771 0.1855 0.2116 0.2483 0.2824 0.3095 0.3313 0.3498 0.3656 0.3791 0.3905 0.4000 0.4079 0.4143 0.4188 0.4198 0.4120 0.3853 0.3405 0.2913 0.2458 0.2076 0.1776 0.1918 0.2765 0.3351 0.3727 0.3969 0.4122 0.4199 0.4115 0.3607 0.2899 0.2300 0.1843 0.3089
0.3021 0.1975 0.2493 0.3145 0.3836 0.4179 0.4182 0.4075 0.3893 0.3602 0.3143 0.2372 0.1747 0.1941 0.2319 0.2788 0.3317 0.3817 0.4120 0.4200 0.4181 0.4124 0.4045 0.3946 0.3822 0.3672 0.3491 0.3273 0.3015 0.2686 0.2286 0.1928 0.1773 0.1778 0.1880 0.2022 0.2183 0.2364 0.2566 0.2788 0.3027 0.3278 0.3532 0.3770 0.3968 0.4102 0.4173 0.4199 0.4199 0.4179 0.4156 0.4179 0.4199 0.4199 0.4173 0.4102 0.3968 0.3770 0.3532 0.3278 0.3027 0.2788 0.2566 0.2364 0.2183 0.2022 0.1880 0.1778 0.1773 0.1928 0.2286 0.2686 0.3015 0.3273 0.3491 0.3672 0.3822 0.3946 0.4045 0.4124 0.4181 0.4200 0.4120 0.3817 0.3317 0.2788 0.2319 0.1942 0.1748 0.2372 0.3143 0.3602 0.3893 0.4075 0.4182 0.4179 0.3836 0.3145 0.2493 0.1975 0.3021
0.3004 0.2125 0.2707 0.3399 0.4016 0.4201 0.4153 0.4020 0.3802 0.3454 0.2889 0.1989 0.1788 0.2130 0.2589 0.3139 0.3701 0.4086 0.4198 0.4181 0.4117 0.4027 0.3910 0.3761 0.3573 0.3341 0.3057 0.2695 0.2227 0.1853 0.1748 0.1814 0.1958 0.2123 0.2307 0.2512 0.2735 0.2977 0.3230 0.3487 0.3731 0.3938 0.4084 0.4165 0.4197 0.4200 0.4185 0.4157 0.4120 0.4070 0.4027 0.4070 0.4120 0.4157 0.4185 0.4200 0.4197 0.4165 0.4084 0.3938 0.3731 0.3487 0.3230 0.2977 0.2735 0.2512 0.2307 0.2123 0.1958 0.1814 0.1748 0.1853 0.2227 0.2695 0.3057 0.3341 0.3573 0.3761 0.3910 0.4027 0.4117 0.4181 0.4198 0.4086 0.3701 0.3139 0.2590 0.2131 0.1788 0.1989 0.2889 0.3454 0.3802 0.4020 0.4153 0.4201 0.4016 0.3399 0.2707 0.2125 0.3004
0.3019 0.2296 0.2940 0.3648 0.4130 0.4197 0.4114 0.3954 0.3695 0.3279 0.2564 0.1789 0.1924 0.2342 0.2881 0.3489 0.3995 0.4188 0.4188 0.4124 0.4027 0.3898 0.3728 0.3509 0.3230 0.2877 0.2389 0.1895 0.1729 0.1822 0.1990 0.2181 0.2396 0.2630 0.2883 0.3148 0.3418 0.3676 0.3899 0.4061 0.4154 0.4194 0.4201 0.4188 0.4163 0.4127 0.4082 0.4027 0.3963 0.3882 0.3813 0.3882 0.3963 0.4027 0.4082 0.4127 0.4163 0.4188 0.4201 0.4194 0.4154 0.4061 0.3899 0.3676 0.3418 0.3148 0.2883 0.2630 0.2396 0.2181 0.1990 0.1822 0.1729 0.1895 0.2389 0.2877 0.3230 0.3509 0.3728 0.3898 0.4027 0.4124 0.4188 0.4188 0.3995 0.3489 0.2882 0.2343 0.1925 0.1789 0.2564 0.3279 0.3695 0.3954 0.4114 0.4197 0.4130 0.3648 0.2940 0.2296 0.3019
0.3060 0.2488 0.3188 0.3870 0.4185 0.4178 0.4066 0.3876 0.3569 0.3071 0.2201 0.1769 0.2084 0.2574 0.3184 0.3801 0.4149 0.4198 0.4143 0.4045 0.3910 0.3728 0.3486 0.3171 0.2757 0.2166 0.1756 0.1766 0.1947 0.2160 0.2403 0.2672 0.2961 0.3260 0.3553 0.3815 0.4015 0.4134 0.4188 0.4202 0.4192 0.4168 0.4134 0.4090 0.4037 0.3975 0.3901 0.3814 0.3710 0.3578 0.3466 0.3578 0.3710 0.3814 0.3901 0.3975 0.4037 0.4090 0.4134 0.4168 0.4192 0.4202 0.4188 0.4134 0.4015 0.3815 0.3553 0.3260 0.2961 0.2672 0.2403 0.2160 0.1947 0.1766 0.1756 0.2166 0.2757 0.3171 0.3486 0.3728 0.3910 0.4045 0.4143 0.4198 0.4149 0.3801 0.3184 0.2575 0.2084 0.1769 0.2199 0.3072 0.3569 0.3876 0.4066 0.4178 0.4185 0.3870 0.3188 0.2488 0.3060
0.3122 0.2701 0.3442 0.4040 0.4201 0.4147 0.4009 0.3784 0.3420 0.2807 0.1903 0.1849 0.2263 0.2824 0.3483 0.4029 0.4198 0.4170 0.4079 0.3946 0.3761 0.3509 0.3171 0.2715 0.2062 0.1716 0.1830 0.2046 0.2304 0.2598 0.2922 0.3261 0.3592 0.3876 0.4071 0.4167 0.4199 0.4197 0.4176 0.4143 0.4100 0.4049 0.3987 0.3915 0.3830 0.3729 0.3609 0.3468 0.3300 0.3085 0.2897 0.3085 0.3300 0.3468 0.3609 0.3729 0.3830 0.3915 0.3987 0.4049 0.4100 0.4143 0.4176 0.4197 0.4199 0.4167 0.4071 0.3876 0.3592 0.3261 0.2922 0.2598 0.2304 0.2046 0.1830 0.1716 0.2062 0.2715 0.3171 0.3509 0.3761 0.3946 0.4079 0.4170 0.4198 0.4029 0.3484 0.2824 0.2263 0.1850 0.1902 0.2807 0.3420 0.3784 0.4009 0.4147 0.4201 0.4040 0.3442 0.2701 0.3122
0.3204 0.2933 0.3688 0.4143 0.4195 0.4106 0.3941 0.3675 0.3243 0.2483 0.1779 0.1985 0.2461 0.3086 0.3757 0.4150 0.4196 0.4124 0.4000 0.3822 0.3573 0.3230 0.2757 0.2062 0.1709 0.1863 0.2110 0.2406 0.2747 0.3120 0.3499 0.3835 0.4067 0.4174 0.4201 0.4190 0.4161 0.4119 0.4067 0.4006 0.3934 0.3850 0.3751 0.3634 0.3495 0.3331 0.3136 0.2894 0.2583 0.2228 0.1991 0.2228 0.2583 0.2894 0.3136 0.3331 0.3495 0.3634 0.3751 0.3850 0.3934 0.4006 0.4067 0.4119 0.4161 0.4190 0.4201 0.4174 0.4067 0.3835 0.3499 0.3120 0.2747 0.2406 0.2110 0.1863 0.1709 0.2062 0.2757 0.3230 0.3573 0.3822 0.4000 0.4124 0.4196 0.4150 0.3758 0.3087 0.2462 0.1986 0.1779 0.2482 0.3243 0.3675 0.3941 0.4106 0.4195 0.4143 0.3688 0.2933 0.3204
0.3303 0.3179 0.3904 0.4190 0.4173 0.4057 0.3862 0.3545 0.3029 0.2129 0.1782 0.2141 0.2679 0.3353 0.3974 0.4196 0.4170 0.4065 0.3905 0.3672 0.3341 0.2877 0.2166 0.1716 0.1863 0.2131 0.2458 0.2838 0.3253 0.3661 0.3983 0.4152 0.4200 0.4191 0.4157 0.4107 0.4046 0.3974 0.3890 0.3790 0.3672 0.3535 0.3373 0.3181 0.2947 0.2645 0.2298 0.1970 0.1799 0.1773 0.1793 0.1773 0.1799 0.1970 0.2298 0.2645 0.2947 0.3181 0.3373 0.3535 0.3672 0.3790 0.3890 0.3974 0.4046 0.4107 0.4157 0.4191 0.4200 0.4152 0.3983 0.3661 0.3253 0.2838 0.2458 0.2131 0.1863 0.1716 0.2166 0.2877 0.3341 0.3672 0.3905 0.4065 0.4170 0.4196 0.3975 0.3355 0.2680 0.2141 0.1783 0.2128 0.3029 0.3545 0.3862 0.4057 0.4173 0.4190 0.3904 0.3179 0.3303
0.3417 0.3433 0.4062 0.4202 0.4141 0.3998 0.3767 0.3392 0.2753 0.1866 0.1879 0.2316 0.2915 0.3615 0.4113 0.4200 0.4130 0.3995 0.3791 0.3491 0.3057 0.2389 0.1756 0.1830 0.2110 0.2458 0.2870 0.3319 0.3751 0.4058 0.4183 0.4199 0.4169 0.4117 0.4050 0.3968 0.3870 0.3753 0.3615 0.3452 0.3261 0.3032 0.2741 0.2389 0.2032 0.1817 0.1769 0.1821 0.1950 0.2096 0.2184 0.2096 0.1950 0.1821 0.1769 0.1817 0.2032 0.2389 0.2741 0.3032 0.3261 0.3452 0.3615 0.3753 0.3870 0.3968 0.4050 0.4117 0.4169 0.4199 0.4183 0.4058 0.3751 0.3319 0.2870 0.2458 0.2110 0.1830 0.1756 0.2389 0.3057 0.3491 0.3791 0.3995 0.4130 0.4200 0.4113 0.3615 0.2915 0.2316 0.1878 0.1867 0.2753 0.3392 0.3767 0.3998 0.4141 0.4202 0.4062 0.3433 0.3417
0.3542 0.3679 0.4154 0.4192 0.4099 0.3929 0.3654 0.3209 0.2422 0.1774 0.2015 0.2512 0.3165 0.3848 0.4180 0.4182 0.4081 0.3913 0.3657 0.3274 0.2695 0.1895 0.1766 0.2046 0.2406 0.2838 0.3319 0.3780 0.4089 0.4194 0.4192 0.4149 0.4082 0.3998 0.3893 0.3764 0.3608 0.3421 0.3198 0.2929 0.2578 0.2175 0.1867 0.1765 0.1795 0.1915 0.2062 0.2228 0.2418 0.2623 0.2744 0.2623 0.2418 0.2228 0.2062 0.1915 0.1795 0.1765 0.1867 0.2175 0.2578 0.2929 0.3198 0.3421 0.3608 0.3764 0.3893 0.3997 0.4082 0.4149 0.4192 0.4194 0.4089 0.3780 0.3319 0.2838 0.2406 0.2046 0.1766 0.1895 0.2695 0.3273 0.3656 0.3913 0.4081 0.4182 0.4180 0.3848 0.3165 0.2511 0.2015 0.1774 0.2422 0.3209 0.3654 0.3929 0.4099 0.4192 0.4154 0.3679 0.3542
0.3672 0.3896 0.4194 0.4168 0.4048 0.3847 0.3521 0.2987 0.2072 0.1793 0.2172 0.2728 0.3421 0.4027 0.4201 0.4152 0.4022 0.3817 0.3499 0.3015 0.2227 0.1729 0.1947 0.2304 0.2747 0.3253 0.3751 0.4089 0.4196 0.4188 0.4135 0.4057 0.3956 0.3828 0.3668 0.3469 0.3226 0.2927 0.2532 0.2077 0.1795 0.1757 0.1852 0.2001 0.2170 0.2360 0.2568 0.2797 0.3046 0.3299 0.3438 0.3299 0.3046 0.2797 0.2568 0.2360 0.2170 0.2001 0.1852 0.1757 0.1795 0.2077 0.2532 0.2927 0.3226 0.3469 0.3668 0.3829 0.3956 0.4057 0.4135 0.4188 0.4196 0.4089 0.3751 0.3253 0.2747 0.2304 0.1947 0.1729 0.2227 0.3015 0.3498 0.3816 0.4022 0.4152 0.4201 0.4027 0.3421 0.2728 0.2172 0.1793 0.2072 0.2987 0.3521 0.3847 0.4048 0.4168 0.4194 0.3896 0.3672
0.3800 0.4057 0.4201 0.4134 0.3987 0.3749 0.3363 0.2700 0.1839 0.1901 0.2349 0.2962 0.3670 0.4136 0.4196 0.4112 0.3953 0.3704 0.3314 0.2686 0.1853 0.1822 0.2160 0.2598 0.3120 0.3661 0.4058 0.4194 0.4188 0.4130 0.4043 0.3929 0.3781 0.3591 0.3351 0.3050 0.2656 0.2137 0.1787 0.1750 0.1880 0.2051 0.2245 0.2462 0.2700 0.2954 0.3221 0.3488 0.3742 0.3949 0.4034 0.3949 0.3742 0.3488 0.3221 0.2954 0.2700 0.2462 0.2245 0.2051 0.1880 0.1750 0.1787 0.2137 0.2656 0.3050 0.3351 0.3591 0.3781 0.3929 0.4043 0.4130 0.4188 0.4194 0.4058 0.3661 0.3120 0.2598 0.2160 0.1822 0.1853 0.2686 0.3313 0.3703 0.3953 0.4112 0.4196 0.4136 0.3670 0.2962 0.2349 0.1901 0.1839 0.2700 0.3363 0.3749 0.3987 0.4134 0.4201 0.4057 0.3800
0.3919 0.4153 0.4189 0.4091 0.3916 0.3633 0.3175 0.2362 0.1771 0.2041 0.2548 0.3212 0.3889 0.4188 0.4175 0.4063 0.3873 0.3571 0.3095 0.2286 0.1748 0.1990 0.2403 0.2922 0.3499 0.3983 0.4183 0.4192 0.4135 0.4043 0.3920 0.3757 0.3542 0.3266 0.2909 0.2408 0.1883 0.1723 0.1849 0.2037 0.2255 0.2500 0.2770 0.3056 0.3350 0.3633 0.3878 0.4055 0.4155 0.4194 0.4195 0.4194 0.4155 0.4055 0.3878 0.3633 0.3350 0.3056 0.2770 0.2500 0.2255 0.2037 0.1849 0.1723 0.1883 0.2408 0.2909 0.3266 0.3542 0.3757 0.3920 0.4043 0.4135 0.4192 0.4183 0.3983 0.3499 0.2922 0.2403 0.1990 0.1748 0.2286 0.3095 0.3571 0.3873 0.4063 0.4175 0.4188 0.3889 0.3212 0.2548 0.2041 0.1771 0.2362 0.3175 0.3633 0.3916 0.4091 0.4189 0.4153 0.3919
0.4019 0.4196 0.4163 0.4038 0.3831 0.3496 0.2943 0.2021 0.1805 0.2201 0.2767 0.3466 0.4052 0.4202 0.4144 0.4004 0.3778 0.3416 0.2824 0.1928 0.1814 0.2181 0.2672 0.3261 0.3835 0.4152 0.4199 0.4149 0.4057 0.3929 0.3757 0.3525 0.3221 0.2818 0.2229 0.1769 0.1761 0.1952 0.2181 0.2445 0.2742 0.3063 0.3391 0.3701 0.3952 0.4110 0.4182 0.4201 0.4193 0.4166 0.4139 0.4166 0.4193 0.4201 0.4182 0.4110 0.3952 0.3701 0.3391 0.3063 0.2742 0.2445 0.2181 0.1952 0.1761 0.1769 0.2229 0.2818 0.3221 0.3525 0.3757 0.3929 0.4057 0.4149 0.4199 0.4152 0.3835 0.3261 0.2672 0.2181 0.1814 0.1928 0.2824 0.3416 0.3778 0.4004 0.4144 0.4202 0.4052 0.3466 0.2767 0.2201 0.1805 0.2021 0.2943 0.3496 0.3831 0.4038 0.4163 0.4196 0.4019
0.4097 0.4206 0.4127 0.3976 0.3731 0.3333 0.2645 0.1817 0.1923 0.2382 0.3004 0.3710 0.4149 0.4193 0.4102 0.3935 0.3666 0.3233 0.2483 0.1773 0.1958 0.2396 0.2961 0.3592 0.4067 0.4200 0.4169 0.4082 0.3956 0.3781 0.3542 0.3221 0.2786 0.2142 0.1729 0.1811 0.2031 0.2297 0.2606 0.2950 0.3314 0.3666 0.3952 0.4123 0.4190 0.4200 0.4183 0.4150 0.4105 0.4048 0.3999 0.4048 0.4105 0.4150 0.4183 0.4200 0.4190 0.4123 0.3952 0.3666 0.3314 0.2950 0.2606 0.2297 0.2031 0.1811 0.1729 0.2142 0.2786 0.3221 0.3542 0.3781 0.3956 0.4082 0.4169 0.4200 0.4067 0.3592 0.2961 0.2396 0.1958 0.1773 0.2483 0.3233 0.3666 0.3935 0.4102 0.4193 0.4149 0.3710 0.3004 0.2382 0.1923 0.1817 0.2645 0.3333 0.3731 0.3976 0.4127 0.4206 0.4097
0.4152 0.4196 0.4082 0.3902 0.3611 0.3139 0.2301 0.1770 0.2067 0.2584 0.3255 0.3921 0.4192 0.4170 0.4052 0.3854 0.3534 0.3013 0.2116 0.1778 0.2123 0.2630 0.3260 0.3876 0.4174 0.4191 0.4117 0.3997 0.3829 0.3591 0.3266 0.2818 0.2142 0.1720 0.1837 0.2081 0.2378 0.2725 0.3111 0.3507 0.3860 0.4091 0.4185 0.4200 0.4179 0.4140 0.4088 0.4024 0.3950 0.3856 0.3776 0.3856 0.3950 0.4024 0.4088 0.4140 0.4179 0.4200 0.4185 0.4091 0.3860 0.3507 0.3111 0.2725 0.2378 0.2081 0.1837 0.1720 0.2142 0.2818 0.3266 0.3591 0.3829 0.3997 0.4117 0.4191 0.4174 0.3876 0.3260 0.2630 0.2123 0.1778 0.2116 0.3013 0.3534 0.3854 0.4052 0.4170 0.4192 0.3921 0.3255 0.2584 0.2067 0.1770 0.2301 0.3139 0.3611 0.3902 0.4082 0.4196 0.4152
0.4188 0.4173 0.4028 0.3815 0.3470 0.2897 0.1974 0.1821 0.2230 0.2806 0.3509 0.4073 0.4201 0.4137 0.3992 0.3757 0.3377 0.2729 0.1855 0.1880 0.2307 0.2883 0.3553 0.4071 0.4201 0.4157 0.4050 0.3893 0.3668 0.3351 0.2909 0.2229 0.1729 0.1837 0.2098 0.2419 0.2798 0.3218 0.3639 0.3979 0.4154 0.4200 0.4187 0.4146 0.4089 0.4018 0.3933 0.3831 0.3710 0.3557 0.3426 0.3557 0.3710 0.3831 0.3933 0.4018 0.4089 0.4146 0.4187 0.4201 0.4154 0.3978 0.3639 0.3219 0.2798 0.2419 0.2098 0.1837 0.1729 0.2229 0.2909 0.3351 0.3668 0.3893 0.4050 0.4157 0.4201 0.4071 0.3553 0.2883 0.2307 0.1880 0.1855 0.2729 0.3377 0.3757 0.3992 0.4137 0.4201 0.4073 0.3509 0.2806 0.2230 0.1821 0.1974 0.2897 0.3470 0.3815 0.4028 0.4173 0.4188
0.4209 0.4139 0.3964 0.3712 0.3302 0.2589 0.1799 0.1946 0.2415 0.3046 0.3749 0.4160 0.4190 0.4094 0.3922 0.3643 0.3191 0.2392 0.1771 0.2021 0.2511 0.3148 0.3815 0.4167 0.4190 0.4107 0.3968 0.3764 0.3469 0.3050 0.2408 0.1769 0.1811 0.2081 0.2419 0.2823 0.3272 0.3714 0.4042 0.4180 0.4199 0.4168 0.4112 0.4039 0.3948 0.3836 0.3701 0.3537 0.3343 0.3096 0.2879 0.3096 0.3343 0.3537 0.3701 0.3836 0.3948 0.4039 0.4112 0.4168 0.4199 0.4180 0.4042 0.3714 0.3272 0.2823 0.2419 0.2081 0.1811 0.1769 0.2408 0.3050 0.3469 0.3764 0.3968 0.4107 0.4190 0.4167 0.3815 0.3148 0.2512 0.2022 0.1771 0.2392 0.3191 0.3643 0.3922 0.4094 0.4190 0.4160 0.3749 0.3046 0.2415 0.1946 0.1799 0.2589 0.3302 0.3712 0.3964 0.4139 0.4209
0.4221 0.4094 0.3888 0.3589 0.3101 0.2239 0.1772 0.2093 0.2620 0.3298 0.3952 0.4196 0.4165 0.4043 0.3838 0.3507 0.2963 0.2045 0.1798 0.2182 0.2735 0.3417 0.4015 0.4199 0.4161 0.4047 0.3870 0.3608 0.3226 0.2656 0.1883 0.1761 0.2031 0.2378 0.2798 0.3272 0.3739 0.4069 0.4190 0.4194 0.4151 0.4083 0.3995 0.3884 0.3744 0.3570 0.3359 0.3102 0.2779 0.2345 0.2034 0.2345 0.2779 0.3102 0.3359 0.3570 0.3743 0.3883 0.3995 0.4083 0.4151 0.4194 0.4190 0.4068 0.3738 0.3272 0.2798 0.2378 0.2031 0.1761 0.1883 0.2656 0.3226 0.3608 0.3870 0.4046 0.4161 0.4199 0.4015 0.3418 0.2735 0.2183 0.1798 0.2045 0.2963 0.3507 0.3838 0.4043 0.4165 0.4196 0.3952 0.3298 0.2620 0.2093 0.1772 0.2239 0.3101 0.3589 0.3888 0.4094 0.4221
0.4225 0.4038 0.3799 0.3443 0.2849 0.1931 0.1839 0.2260 0.2846 0.3551 0.4093 0.4201 0.4130 0.3981 0.3739 0.3347 0.2670 0.1826 0.1912 0.2363 0.2976 0.3674 0.4134 0.4197 0.4119 0.3974 0.3753 0.3421 0.2927 0.2137 0.1723 0.1952 0.2297 0.2725 0.3218 0.3714 0.4069 0.4193 0.4191 0.4140 0.4063 0.3961 0.3830 0.3663 0.3451 0.3188 0.2857 0.2404 0.1939 0.1744 0.1742 0.1744 0.1939 0.2404 0.2857 0.3188 0.3451 0.3662 0.3830 0.3961 0.4063 0.4140 0.4191 0.4193 0.4068 0.3714 0.3219 0.2725 0.2297 0.1952 0.1723 0.2137 0.2927 0.3421 0.3753 0.3974 0.4119 0.4197 0.4134 0.3676 0.2977 0.2364 0.1912 0.1826 0.2670 0.3347 0.3739 0.3981 0.4130 0.4201 0.4093 0.3551 0.2846 0.2260 0.1839 0.1931 0.2849 0.3443 0.3799 0.4038 0.4225
0.4221 0.3968 0.3692 0.3271 0.2531 0.1787 0.1970 0.2448 0.3089 0.3787 0.4169 0.4187 0.4086 0.3909 0.3621 0.3155 0.2329 0.1770 0.2054 0.2566 0.3229 0.3898 0.4188 0.4176 0.4068 0.3890 0.3615 0.3198 0.2532 0.1787 0.1849 0.2181 0.2606 0.3111 0.3639 0.4042 0.4190 0.4191 0.4136 0.4052 0.3940 0.3792 0.3600 0.3353 0.3039 0.2620 0.2071 0.1751 0.1773 0.1937 0.2039 0.1937 0.1773 0.1751 0.2070 0.2620 0.3039 0.3353 0.3600 0.3792 0.3940 0.4052 0.4136 0.4191 0.4190 0.4042 0.3639 0.3111 0.2606 0.2181 0.1849 0.1787 0.2532 0.3198 0.3615 0.3890 0.4067 0.4176 0.4188 0.3899 0.3230 0.2566 0.2054 0.1770 0.2329 0.3155 0.3621 0.3909 0.4086 0.4187 0.4169 0.3787 0.3089 0.2448 0.1970 0.1787 0.2531 0.3271 0.3692 0.3968 0.4221
0.4209 0.3885 0.3566 0.3063 0.2178 0.1777 0.2120 0.2657 0.3342 0.3981 0.4198 0.4160 0.4033 0.3822 0.3482 0.2919 0.1995 0.1814 0.2217 0.2787 0.3485 0.4061 0.4202 0.4143 0.4007 0.3790 0.3452 0.2929 0.2077 0.1750 0.2037 0.2445 0.2950 0.3507 0.3979 0.4180 0.4194 0.4140 0.4052 0.3932 0.3772 0.3561 0.3284 0.2924 0.2411 0.1870 0.1722 0.1870 0.2079 0.2318 0.2461 0.2318 0.2080 0.1871 0.1722 0.1869 0.2410 0.2924 0.3284 0.3561 0.3772 0.3932 0.4052 0.4140 0.4194 0.4180 0.3978 0.3507 0.2950 0.2445 0.2037 0.1750 0.2077 0.2929 0.3452 0.3790 0.4006 0.4143 0.4202 0.4061 0.3487 0.2788 0.2217 0.1813 0.1995 0.2919 0.3482 0.3822 0.4033 0.4160 0.4198 0.3981 0.3342 0.2657 0.2120 0.1777 0.2178 0.3063 0.3566 0.3885 0.4209
0.4189 0.3785 0.3416 0.2798 0.1894 0.1860 0.2291 0.2886 0.3593 0.4110 0.4199 0.4123 0.3969 0.3720 0.3317 0.2614 0.1807 0.1936 0.2400 0.3026 0.3730 0.4154 0.4192 0.4100 0.3935 0.3673 0.3261 0.2578 0.1795 0.1880 0.2255 0.2742 0.3314 0.3860 0.4154 0.4199 0.4151 0.4063 0.3940 0.3772 0.3547 0.3248 0.2850 0.2263 0.1776 0.1760 0.1958 0.2198 0.2485 0.2803 0.2987 0.2804 0.2486 0.2198 0.1958 0.1760 0.1775 0.2262 0.2850 0.3248 0.3547 0.3772 0.3940 0.4063 0.4151 0.4199 0.4154 0.3860 0.3314 0.2742 0.2255 0.1880 0.1795 0.2578 0.3261 0.3672 0.3934 0.4100 0.4192 0.4154 0.3731 0.3027 0.2400 0.1936 0.1807 0.2614 0.3317 0.3720 0.3969 0.4123 0.4199 0.4110 0.3593 0.2886 0.2291 0.1860 0.1894 0.2798 0.3416 0.3785 0.4189
0.4159 0.3669 0.3238 0.2473 0.1779 0.1994 0.2483 0.3131 0.3824 0.4177 0.4183 0.4078 0.3895 0.3599 0.3119 0.2267 0.1771 0.2081 0.2603 0.3278 0.3938 0.4194 0.4168 0.4049 0.3851 0.3535 0.3032 0.2175 0.1757 0.2051 0.2500 0.3063 0.3666 0.4091 0.4201 0.4168 0.4083 0.3961 0.3792 0.3561 0.3248 0.2825 0.2190 0.1738 0.1801 0.2024 0.2295 0.2615 0.2983 0.3364 0.3565 0.3364 0.2984 0.2616 0.2296 0.2024 0.1802 0.1738 0.2190 0.2825 0.3248 0.3561 0.3792 0.3961 0.4083 0.4168 0.4201 0.4091 0.3666 0.3063 0.2500 0.2051 0.1757 0.2175 0.3032 0.3535 0.3850 0.4049 0.4168 0.4194 0.3938 0.3278 0.2603 0.2081 0.1771 0.2267 0.3119 0.3599 0.3895 0.4078 0.4183 0.4177 0.3824 0.3131 0.2483 0.1994 0.1779 0.2473 0.3238 0.3669 0.4159
0.4122 0.3534 0.3023 0.2120 0.1784 0.2148 0.2695 0.3385 0.4008 0.4200 0.4155 0.4023 0.3806 0.3456 0.2871 0.1950 0.1830 0.2246 0.2828 0.3532 0.4084 0.4201 0.4134 0.3987 0.3751 0.3373 0.2741 0.1867 0.1852 0.2245 0.2770 0.3391 0.3952 0.4185 0.4187 0.4112 0.3995 0.3830 0.3600 0.3284 0.2850 0.2190 0.1729 0.1823 0.2065 0.2363 0.2715 0.3111 0.3529 0.3887 0.4026 0.3887 0.3530 0.3112 0.2716 0.2364 0.2066 0.1823 0.1729 0.2190 0.2850 0.3284 0.3600 0.3830 0.3995 0.4112 0.4187 0.4185 0.3952 0.3391 0.2770 0.2245 0.1852 0.1867 0.2741 0.3373 0.3751 0.3987 0.4134 0.4201 0.4084 0.3532 0.2828 0.2246 0.1830 0.1950 0.2871 0.3456 0.3806 0.4023 0.4155 0.4200 0.4008 0.3385 0.2695 0.2148 0.1784 0.2120 0.3023 0.3534 0.4122
0.4076 0.3378 0.2745 0.1862 0.1882 0.2322 0.2927 0.3635 0.4125 0.4198 0.4116 0.3958 0.3701 0.3285 0.2558 0.1792 0.1959 0.2433 0.3069 0.3770 0.4165 0.4188 0.4090 0.3915 0.3634 0.3181 0.2389 0.1765 0.2001 0.2462 0.3056 0.3701 0.4123 0.4200 0.4146 0.4039 0.3883 0.3662 0.3353 0.2924 0.2262 0.1738 0.1823 0.2079 0.2398 0.2777 0.3201 0.3630 0.3986 0.4158 0.4185 0.4159 0.3986 0.3631 0.3202 0.2777 0.2398 0.2080 0.1823 0.1738 0.2262 0.2924 0.3353 0.3662 0.3883 0.4039 0.4146 0.4200 0.4123 0.3701 0.3056 0.2462 0.2001 0.1765 0.2389 0.3181 0.3634 0.3915 0.4090 0.4188 0.4165 0.3770 0.3069 0.2433 0.1959 0.1792 0.2558 0.3285 0.3701 0.3958 0.4116 0.4198 0.4125 0.3635 0.2927 0.2322 0.1882 0.1862 0.2745 0.3378 0.4076
0.4020 0.3193 0.2413 0.1773 0.2019 0.2517 0.3174 0.3860 0.4183 0.4179 0.4069 0.3881 0.3576 0.3081 0.2206 0.1774 0.2108 0.2640 0.3322 0.3968 0.4197 0.4163 0.4037 0.3830 0.3495 0.2947 0.2032 0.1795 0.2170 0.2700 0.3350 0.3952 0.4190 0.4179 0.4089 0.3948 0.3743 0.3451 0.3039 0.2410 0.1775 0.1802 0.2066 0.2398 0.2797 0.3246 0.3693 0.4033 0.4181 0.4197 0.4171 0.4197 0.4181 0.4034 0.3694 0.3246 0.2797 0.2398 0.2066 0.1802 0.1775 0.2410 0.3039 0.3451 0.3743 0.3948 0.4089 0.4179 0.4190 0.3952 0.3350 0.2700 0.2170 0.1795 0.2032 0.2947 0.3495 0.3830 0.4037 0.4163 0.4197 0.3968 0.3322 0.2640 0.2108 0.1774 0.2206 0.3081 0.3576 0.3881 0.4069 0.4179 0.4183 0.3860 0.3174 0.2517 0.2019 0.1773 0.2413 0.3193 0.4020
0.3954 0.2968 0.2065 0.1794 0.2176 0.2733 0.3428 0.4033 0.4201 0.4149 0.4012 0.3790 0.3429 0.2821 0.1910 0.1851 0.2277 0.2868 0.3574 0.4102 0.4200 0.4127 0.3975 0.3729 0.3331 0.2645 0.1817 0.1915 0.2360 0.2954 0.3633 0.4110 0.4200 0.4140 0.4018 0.3836 0.3570 0.3188 0.2620 0.1869 0.1760 0.2024 0.2364 0.2777 0.3246 0.3714 0.4057 0.4188 0.4196 0.4148 0.4094 0.4147 0.4196 0.4188 0.4057 0.3715 0.3246 0.2777 0.2364 0.2024 0.1760 0.1869 0.2620 0.3188 0.3570 0.3836 0.4018 0.4140 0.4200 0.4110 0.3633 0.2954 0.2360 0.1915 0.1817 0.2645 0.3331 0.3729 0.3975 0.4127 0.4200 0.4102 0.3574 0.2868 0.2277 0.1851 0.1910 0.2821 0.3429 0.3790 0.4012 0.4149 0.4201 0.4033 0.3428 0.2733 0.2176 0.1794 0.2065 0.2968 0.3954
0.3874 0.2676 0.1836 0.1904 0.2354 0.2968 0.3676 0.4139 0.4195 0.4109 0.3945 0.3681 0.3253 0.2500 0.1782 0.1983 0.2467 0.3112 0.3808 0.4173 0.4185 0.4082 0.3901 0.3609 0.3136 0.2298 0.1769 0.2062 0.2568 0.3221 0.3878 0.4182 0.4183 0.4088 0.3933 0.3701 0.3359 0.2857 0.2070 0.1722 0.1958 0.2296 0.2716 0.3202 0.3694 0.4057 0.4190 0.4193 0.4143 0.4058 0.3979 0.4058 0.4143 0.4193 0.4190 0.4057 0.3694 0.3202 0.2716 0.2296 0.1958 0.1722 0.2070 0.2857 0.3359 0.3701 0.3933 0.4088 0.4183 0.4182 0.3878 0.3221 0.2568 0.2062 0.1769 0.2298 0.3136 0.3609 0.3901 0.4082 0.4185 0.4173 0.3808 0.3112 0.2467 0.1983 0.1782 0.2500 0.3253 0.3681 0.3945 0.4109 0.4195 0.4139 0.3676 0.2968 0.2354 0.1904 0.1836 0.2676 0.3874
0.3776 0.2335 0.1770 0.2044 0.2553 0.3217 0.3894 0.4188 0.4174 0.4060 0.3866 0.3553 0.3041 0.2146 0.1781 0.2135 0.2678 0.3365 0.3996 0.4199 0.4157 0.4027 0.3814 0.3468 0.2894 0.1970 0.1821 0.2228 0.2797 0.3488 0.4055 0.4201 0.4150 0.4024 0.3831 0.3537 0.3102 0.2404 0.1751 0.1871 0.2198 0.2616 0.3112 0.3631 0.4034 0.4188 0.4193 0.4140 0.4057 0.3934 0.3820 0.3934 0.4056 0.4140 0.4193 0.4188 0.4034 0.3631 0.3112 0.2616 0.2198 0.1871 0.1751 0.2404 0.3102 0.3537 0.3831 0.4024 0.4150 0.4201 0.4055 0.3488 0.2797 0.2228 0.1821 0.1970 0.2894 0.3468 0.3814 0.4027 0.4157 0.4199 0.3996 0.3365 0.2678 0.2135 0.1781 0.2146 0.3041 0.3553 0.3866 0.4060 0.4174 0.4188 0.3894 0.3217 0.2553 0.2044 0.1770 0.2335 0.3775
0.3651 0.1993 0.1809 0.2208 0.2776 0.3476 0.4058 0.4202 0.4143 0.4002 0.3772 0.3401 0.2769 0.1876 0.1874 0.2311 0.2912 0.3620 0.4120 0.4199 0.4120 0.3963 0.3710 0.3300 0.2583 0.1799 0.1950 0.2418 0.3046 0.3742 0.4155 0.4193 0.4105 0.3950 0.3710 0.3343 0.2779 0.1939 0.1773 0.2080 0.2486 0.2984 0.3530 0.3986 0.4181 0.4195 0.4143 0.4057 0.3939 0.3766 0.3603 0.3765 0.3939 0.4056 0.4143 0.4196 0.4181 0.3986 0.3530 0.2984 0.2486 0.2080 0.1773 0.1939 0.2779 0.3343 0.3710 0.3950 0.4105 0.4193 0.4155 0.3742 0.3046 0.2418 0.1950 0.1799 0.2583 0.3300 0.3710 0.3963 0.4120 0.4199 0.4120 0.3620 0.2912 0.2311 0.1874 0.1876 0.2769 0.3401 0.3772 0.4002 0.4143 0.4202 0.4058 0.3476 0.2776 0.2208 0.1809 0.1994 0.3651
0.3472 0.1786 0.1930 0.2390 0.3013 0.3718 0.4151 0.4191 0.4098 0.3928 0.3653 0.3208 0.2428 0.1775 0.2009 0.2503 0.3157 0.3845 0.4180 0.4179 0.4070 0.3882 0.3578 0.3085 0.2228 0.1773 0.2096 0.2623 0.3299 0.3949 0.4194 0.4166 0.4048 0.3856 0.3557 0.3096 0.2345 0.1744 0.1937 0.2318 0.2804 0.3364 0.3887 0.4159 0.4197 0.4147 0.4058 0.3934 0.3765 0.3518 0.3286 0.3517 0.3765 0.3934 0.4058 0.4147 0.4197 0.4159 0.3887 0.3364 0.2804 0.2318 0.1937 0.1744 0.2345 0.3096 0.3557 0.3856 0.4048 0.4166 0.4194 0.3949 0.3299 0.2623 0.2096 0.1773 0.2228 0.3085 0.3578 0.3882 0.4070 0.4179 0.4180 0.3845 0.3157 0.2503 0.2009 0.1775 0.2428 0.3208 0.3653 0.3928 0.4098 0.4191 0.4151 0.3718 0.3013 0.2390 0.1929 0.1787 0.3473
0.3326 0.1726 0.2007 0.2498 0.3149 0.3838 0.4174 0.4173 0.4059 0.3865 0.3551 0.3041 0.2172 0.1761 0.2090 0.2617 0.3295 0.3948 0.4190 0.4156 0.4027 0.3813 0.3466 0.2897 0.1991 0.1793 0.2184 0.2744 0.3438 0.4034 0.4195 0.4139 0.3999 0.3776 0.3426 0.2879 0.2034 0.1742 0.2038 0.2460 0.2987 0.3565 0.4026 0.4185 0.4171 0.4094 0.3979 0.3820 0.3603 0.3286 0.3005 0.3285 0.3603 0.3820 0.3979 0.4094 0.4171 0.4185 0.4026 0.3565 0.2987 0.2460 0.2038 0.1742 0.2034 0.2879 0.3426 0.3776 0.3999 0.4139 0.4195 0.4034 0.3438 0.2744 0.2184 0.1793 0.1991 0.2897 0.3466 0.3813 0.4027 0.4156 0.4190 0.3948 0.3295 0.2617 0.2090 0.1761 0.2172 0.3041 0.3551 0.3865 0.4059 0.4173 0.4174 0.3837 0.3149 0.2497 0.2007 0.1726 0.3327
0.3472 0.1786 0.1930 0.2390 0.3013 0.3718 0.4151 0.4191 0.4098 0.3928 0.3653 0.3208 0.2428 0.1775 0.2009 0.2503 0.3157 0.3845 0.4180 0.4179 0.4070 0.3882 0.3578 0.3085 0.2228 0.1773 0.2096 0.2623 0.3299 0.3949 0.4194 0.4166 0.4048 0.3856 0.3557 0.3096 0.2345 0.1744 0.1937 0.2318 0.2804 0.3364 0.3887 0.4159 0.4197 0.4147 0.4058 0.3934 0.3765 0.3517 0.3285 0.3517 0.3765 0.3934 0.4058 0.4147 0.4197 0.4159 0.3887 0.3364 0.2804 0.2318 0.1937 0.1744 0.2345 0.3096 0.3557 0.3856 0.4048 0.4166 0.4194 0.3949 0.3299 0.2623 0.2096 0.1773 0.2228 0.3085 0.3578 0.3882 0.4070 0.4179 0.4180 0.3845 0.3157 0.2503 0.2009 0.1775 0.2428 0.3208 0.3653 0.3928 0.4098 0.4191 0.4151 0.3718 0.3013 0.2390 0.1929 0.1787 0.3473
0.3651 0.1993 0.1809 0.2208 0.2776 0.3476 0.4058 0.4202 0.4143 0.4002 0.3772 0.3401 0.2769 0.1876 0.1874 0.2311 0.2912 0.3620 0.4120 0.4199 0.4120 0.3963 0.3710 0.3300 0.2583 0.1799 0.1950 0.2418 0.3046 0.3742 0.4155 0.4193 0.4105 0.3950 0.3710 0.3343 0.2779 0.1939 0.1773 0.2080 0.2486 0.2984 0.3530 0.3986 0.4181 0.4196 0.4143 0.4056 0.3939 0.3765 0.3603 0.3765 0.3939 0.4056 0.4143 0.4196 0.4181 0.3986 0.3530 0.2984 0.2486 0.2080 0.1773 0.1939 0.2779 0.3343 0.3710 0.3950 0.4105 0.4193 0.4155 0.3742 0.3046 0.2418 0.1950 0.1799 0.2583 0.3300 0.3710 0.3963 0.4120 0.4199 0.4120 0.3620 0.2912 0.2311 0.1874 0.1876 0.2769 0.3401 0.3772 0.4002 0.4143 0.4202 0.4058 0.3476 0.2776 0.2208 0.1809 0.1994 0.3651
0.3776 0.2335 0.1770 0.2044 0.2553 0.3217 0.3894 0.4188 0.4174 0.4060 0.3866 0.3553 0.3041 0.2146 0.1781 0.2135 0.2678 0.3365 0.3996 0.4199 0.4157 0.4027 0.3814 0.3468 0.2894 0.1970 0.1821 0.2228 0.2797 0.3488 0.4055 0.4201 0.4150 0.4024 0.3831 0.3537 0.3102 0.2404 0.1751 0.1871 0.2198 0.2616 0.3112 0.3631 0.4034 0.4188 0.4193 0.4140 0.4056 0.3934 0.3820 0.3934 0.4056 0.4140 0.4193 0.4188 0.4034 0.3631 0.3112 0.2616 0.2198 0.1871 0.1751 0.2404 0.3102 0.3537 0.3831 0.4024 0.4150 0.4201 0.4055 0.3488 0.2797 0.2228 0.1821 0.1970 0.2894 0.3468 0.3814 0.4027 0.4157 0.4199 0.3996 0.3365 0.2678 0.2135 0.1781 0.2146 0.3041 0.3553 0.3866 0.4060 0.4174 0.4188 0.3894 0.3217 0.2553 0.2044 0.1770 0.2335 0.3775
0.3874 0.2676 0.1836 0.1904 0.2354 0.2968 0.3676 0.4139 0.4195 0.4109 0.3945 0.3681 0.3253 0.2500 0.1782 0.1983 0.2467 0.3112 0.3808 0.4173 0.4185 0.4082 0.3901 0.3609 0.3136 0.2298 0.1769 0.2062 0.2568 0.3221 0.3878 0.4182 0.4183 0.4088 0.3933 0.3701 0.3359 0.2857 0.2070 0.1722 0.1958 0.2296 0.2716 0.3202 0.3694 0.4057 0.4190 0.4193 0.4143 0.4058 0.3979 0.4058 0.4143 0.4193 0.4190 0.4057 0.3694 0.3202 0.2716 0.2296 0.1958 0.1722 0.2070 0.2857 0.3359 0.3701 0.3933 0.4088 0.4183 0.4182 0.3878 0.3221 0.2568 0.2062 0.1769 0.2298 0.3136 0.3609 0.3901 0.4082 0.4185 0.4173 0.3808 0.3112 0.2467 0.1983 0.1782 0.2500 0.3253 0.3681 0.3945 0.4109 0.4195 0.4139 0.3676 0.2968 0.2354 0.1904 0.1836 0.2676 0.3874
0.3954 0.2968 0.2065 0.1794 0.2176 0.2733 0.3428 0.4033 0.4201 0.4149 0.4012 0.3790 0.3429 0.2821 0.1910 0.1851 0.2277 0.2868 0.3574 0.4102 0.4200 0.4127 0.3975 0.3729 0.3331 0.2645 0.1817 0.1915 0.2360 0.2954 0.3633 0.4110 0.4200 0.4140 0.4018 0.3836 0.3570 0.3188 0.2620 0.1869 0.1760 0.2024 0.2364 0.2777 0.3246 0.3715 0.4057 0.4188 0.4196 0.4147 0.4094 0.4147 0.4196 0.4188 0.4057 0.3715 0.3246 0.2777 0.2364 0.2024 0.1760 0.1869 0.2620 0.3188 0.3570 0.3836 0.4018 0.4140 0.4200 0.4110 0.3633 0.2954 0.2360 0.1915 0.1817 0.2645 0.3331 0.3729 0.3975 0.4127 0.4200 0.4102 0.3574 0.2868 0.2277 0.1851 0.1910 0.2821 0.3429 0.3790 0.4012 0.4149 0.4201 0.4033 0.3428 0.2733 0.2176 0.1794 0.2065 0.2968 0.3954
