0.3986 0.3695 0.3841 0.3964 0.4056 0.4124 0.4170 0.4199 0.4215 0.4223 0.4224 0.4217 0.4201 0.4176 0.4143 0.4102 0.4052 0.3992 0.3920 0.3832 0.3723 0.3581 0.3406 0.3221 0.3081 0.3018 0.3005 0.3022 0.3064 0.3128 0.3211 0.3312 0.3427 0.3552 0.3682 0.3810 0.3927 0.4026 0.4102 0.4156 0.4190 0.4210 0.4221 0.4225 0.4221 0.4208 0.4187 0.4157 0.4119 0.4066 0.4017 0.4066 0.4119 0.4157 0.4187 0.4208 0.4221 0.4225 0.4221 0.4210 0.4190 0.4156 0.4102 0.4026 0.3927 0.3810 0.3682 0.3552 0.3427 0.3312 0.3211 0.3128 0.3064 0.3022 0.3005 0.3018 0.3081 0.3221 0.3406 0.3581 0.3723 0.3832 0.3920 0.3992 0.4052 0.4102 0.4143 0.4176 0.4201 0.4217 0.4224 0.4223 0.4215 0.4199 0.4170 0.4124 0.4056 0.3964 0.3841 0.3695 0.3986
0.3695 0.3696 0.4061 0.4166 0.4202 0.4204 0.4188 0.4159 0.4120 0.4070 0.4008 0.3933 0.3842 0.3735 0.3611 0.3467 0.3299 0.3098 0.2846 0.2528 0.2173 0.1880 0.1757 0.1759 0.1853 0.1986 0.2138 0.2310 0.2504 0.2718 0.2951 0.3199 0.3453 0.3697 0.3911 0.4067 0.4158 0.4198 0.4206 0.4195 0.4171 0.4136 0.4090 0.4033 0.3962 0.3877 0.3776 0.3659 0.3524 0.3351 0.3193 0.3351 0.3524 0.3659 0.3776 0.3877 0.3962 0.4033 0.4090 0.4136 0.4171 0.4195 0.4206 0.4198 0.4158 0.4067 0.3911 0.3697 0.3453 0.3199 0.2951 0.2718 0.2504 0.2310 0.2138 0.1986 0.1853 0.1759 0.1757 0.1880 0.2173 0.2528 0.2846 0.3098 0.3299 0.3467 0.3611 0.3735 0.3842 0.3933 0.4008 0.4070 0.4120 0.4159 0.4188 0.4204 0.4202 0.4166 0.4061 0.3696 0.3695
0.3841 0.4061 0.4193 0.4191 0.4158 0.4115 0.4063 0.4003 0.3933 0.3850 0.3753 0.3638 0.3502 0.3340 0.3147 0.2908 0.2602 0.2253 0.1941 0.1789 0.1776 0.1855 0.1989 0.2141 0.2315 0.2509 0.2725 0.2959 0.3208 0.3462 0.3707 0.3919 0.4072 0.4159 0.4195 0.4201 0.4187 0.4161 0.4124 0.4078 0.4024 0.3959 0.3882 0.3791 0.3683 0.3555 0.3403 0.3223 0.3004 0.2703 0.2446 0.2703 0.3004 0.3223 0.3403 0.3555 0.3683 0.3791 0.3882 0.3959 0.4024 0.4078 0.4124 0.4161 0.4187 0.4201 0.4195 0.4159 0.4072 0.3919 0.3707 0.3462 0.3208 0.2959 0.2725 0.2509 0.2315 0.2141 0.1989 0.1855 0.1776 0.1789 0.1941 0.2253 0.2602 0.2908 0.3147 0.3340 0.3502 0.3638 0.3753 0.3850 0.3933 0.4003 0.4063 0.4115 0.4158 0.4191 0.4193 0.4061 0.3841
0.3964 0.4166 0.4191 0.4136 0.4064 0.3983 0.3891 0.3788 0.3670 0.3533 0.3373 0.3185 0.2955 0.2659 0.2315 0.1984 0.1803 0.1772 0.1835 0.1964 0.2114 0.2284 0.2475 0.2687 0.2918 0.3164 0.3419 0.3666 0.3886 0.4050 0.4148 0.4192 0.4201 0.4190 0.4166 0.4131 0.4087 0.4034 0.3970 0.3896 0.3808 0.3703 0.3578 0.3431 0.3256 0.3045 0.2774 0.2446 0.2094 0.1847 0.1767 0.1847 0.2094 0.2446 0.2774 0.3045 0.3256 0.3431 0.3578 0.3703 0.3808 0.3896 0.3970 0.4034 0.4087 0.4131 0.4166 0.4190 0.4201 0.4192 0.4148 0.4050 0.3886 0.3666 0.3419 0.3164 0.2918 0.2687 0.2475 0.2284 0.2114 0.1964 0.1835 0.1772 0.1803 0.1984 0.2315 0.2659 0.2955 0.3185 0.3373 0.3533 0.3670 0.3788 0.3891 0.3983 0.4064 0.4136 0.4191 0.4166 0.3964
0.4056 0.4202 0.4158 0.4064 0.3948 0.3812 0.3656 0.3477 0.3274 0.3041 0.2752 0.2399 0.2041 0.1822 0.1769 0.1816 0.1941 0.2087 0.2253 0.2441 0.2649 0.2877 0.3121 0.3375 0.3625 0.3852 0.4027 0.4136 0.4187 0.4202 0.4193 0.4171 0.4138 0.4095 0.4043 0.3982 0.3910 0.3824 0.3722 0.3601 0.3458 0.3288 0.3084 0.2826 0.2505 0.2151 0.1879 0.1776 0.1790 0.1893 0.1966 0.1893 0.1790 0.1776 0.1879 0.2151 0.2505 0.2826 0.3084 0.3288 0.3458 0.3601 0.3722 0.3824 0.3910 0.3982 0.4043 0.4095 0.4138 0.4171 0.4193 0.4202 0.4187 0.4136 0.4027 0.3852 0.3625 0.3375 0.3121 0.2877 0.2649 0.2441 0.2253 0.2087 0.1941 0.1816 0.1769 0.1822 0.2041 0.2399 0.2752 0.3041 0.3274 0.3477 0.3656 0.3812 0.3948 0.4064 0.4158 0.4202 0.4056
0.4124 0.4204 0.4115 0.3983 0.3812 0.3602 0.3350 0.3054 0.2699 0.2251 0.1885 0.1760 0.1789 0.1908 0.2055 0.2220 0.2405 0.2611 0.2837 0.3079 0.3332 0.3584 0.3816 0.4002 0.4122 0.4182 0.4201 0.4196 0.4176 0.4144 0.4103 0.4053 0.3993 0.3923 0.3840 0.3741 0.3623 0.3484 0.3319 0.3122 0.2876 0.2563 0.2211 0.1914 0.1783 0.1780 0.1870 0.2005 0.2163 0.2338 0.2442 0.2338 0.2163 0.2005 0.1870 0.1780 0.1783 0.1914 0.2211 0.2563 0.2876 0.3122 0.3319 0.3484 0.3623 0.3741 0.3840 0.3923 0.3993 0.4053 0.4103 0.4144 0.4176 0.4196 0.4201 0.4182 0.4122 0.4002 0.3816 0.3584 0.3332 0.3079 0.2837 0.2611 0.2405 0.2220 0.2055 0.1908 0.1789 0.1760 0.1885 0.2251 0.2699 0.3054 0.3350 0.3602 0.3812 0.3983 0.4115 0.4204 0.4124
0.4170 0.4188 0.4063 0.3891 0.3656 0.3350 0.2970 0.2475 0.1924 0.1725 0.1807 0.1967 0.2145 0.2340 0.2553 0.2783 0.3028 0.3284 0.3539 0.3778 0.3974 0.4106 0.4175 0.4200 0.4198 0.4180 0.4150 0.4111 0.4062 0.4004 0.3936 0.3855 0.3759 0.3645 0.3510 0.3349 0.3158 0.2923 0.2619 0.2273 0.1954 0.1793 0.1774 0.1849 0.1981 0.2133 0.2305 0.2498 0.2716 0.2948 0.3081 0.2948 0.2716 0.2498 0.2305 0.2133 0.1981 0.1849 0.1774 0.1793 0.1954 0.2273 0.2619 0.2923 0.3158 0.3349 0.3510 0.3645 0.3759 0.3855 0.3936 0.4004 0.4062 0.4111 0.4150 0.4180 0.4198 0.4200 0.4175 0.4106 0.3974 0.3778 0.3539 0.3284 0.3028 0.2783 0.2553 0.2340 0.2145 0.1967 0.1807 0.1725 0.1924 0.2475 0.2970 0.3350 0.3656 0.3891 0.4063 0.4188 0.4170
0.4199 0.4159 0.4003 0.3788 0.3477 0.3054 0.2475 0.1840 0.1728 0.1912 0.2128 0.2368 0.2628 0.2902 0.3183 0.3461 0.3720 0.3936 0.4085 0.4166 0.4198 0.4200 0.4184 0.4156 0.4118 0.4071 0.4015 0.3948 0.3870 0.3776 0.3666 0.3534 0.3379 0.3194 0.2967 0.2675 0.2334 0.1999 0.1808 0.1771 0.1829 0.1957 0.2105 0.2274 0.2464 0.2675 0.2905 0.3151 0.3409 0.3656 0.3781 0.3656 0.3409 0.3151 0.2905 0.2675 0.2464 0.2274 0.2105 0.1957 0.1829 0.1771 0.1808 0.1999 0.2334 0.2675 0.2967 0.3194 0.3379 0.3534 0.3666 0.3776 0.3870 0.3948 0.4015 0.4071 0.4118 0.4156 0.4184 0.4200 0.4198 0.4166 0.4085 0.3936 0.3720 0.3461 0.3183 0.2902 0.2628 0.2368 0.2128 0.1912 0.1728 0.1840 0.2475 0.3054 0.3477 0.3788 0.4003 0.4159 0.4199
0.4215 0.4120 0.3933 0.3670 0.3274 0.2699 0.1924 0.1728 0.1951 0.2220 0.2526 0.2858 0.3201 0.3532 0.3820 0.4029 0.4145 0.4193 0.4201 0.4188 0.4162 0.4125 0.4080 0.4025 0.3960 0.3884 0.3793 0.3686 0.3558 0.3407 0.3228 0.3010 0.2729 0.2395 0.2048 0.1828 0.1770 0.1812 0.1934 0.2079 0.2244 0.2430 0.2637 0.2864 0.3108 0.3361 0.3612 0.3841 0.4022 0.4132 0.4163 0.4132 0.4022 0.3841 0.3612 0.3361 0.3108 0.2864 0.2637 0.2430 0.2244 0.2079 0.1934 0.1812 0.1770 0.1828 0.2048 0.2395 0.2729 0.3010 0.3228 0.3407 0.3558 0.3686 0.3793 0.3884 0.3960 0.4025 0.4080 0.4125 0.4162 0.4188 0.4201 0.4193 0.4145 0.4029 0.3820 0.3532 0.3201 0.2858 0.2526 0.2220 0.1951 0.1728 0.1924 0.2699 0.3274 0.3670 0.3933 0.4120 0.4215
0.4223 0.4070 0.3850 0.3533 0.3041 0.2251 0.1725 0.1912 0.2220 0.2581 0.2981 0.3391 0.3763 0.4029 0.4159 0.4199 0.4196 0.4172 0.4136 0.4091 0.4037 0.3973 0.3899 0.3810 0.3706 0.3581 0.3435 0.3261 0.3050 0.2782 0.2454 0.2102 0.1853 0.1772 0.1798 0.1911 0.2052 0.2214 0.2397 0.2600 0.2824 0.3065 0.3318 0.3571 0.3804 0.3993 0.4117 0.4180 0.4201 0.4195 0.4179 0.4195 0.4201 0.4180 0.4117 0.3993 0.3804 0.3571 0.3318 0.3065 0.2824 0.2600 0.2397 0.2214 0.2052 0.1911 0.1798 0.1772 0.1853 0.2102 0.2454 0.2782 0.3050 0.3261 0.3435 0.3581 0.3706 0.3810 0.3899 0.3973 0.4037 0.4091 0.4136 0.4172 0.4196 0.4199 0.4159 0.4029 0.3763 0.3391 0.2981 0.2581 0.2220 0.1912 0.1725 0.2251 0.3041 0.3533 0.3850 0.4070 0.4223
0.4224 0.4008 0.3753 0.3373 0.2752 0.1885 0.1807 0.2128 0.2526 0.2981 0.3454 0.3866 0.4112 0.4194 0.4196 0.4166 0.4121 0.4065 0.4000 0.3924 0.3835 0.3731 0.3608 0.3464 0.3294 0.3090 0.2834 0.2513 0.2160 0.1884 0.1777 0.1787 0.1889 0.2027 0.2185 0.2364 0.2564 0.2785 0.3023 0.3274 0.3528 0.3767 0.3965 0.4101 0.4172 0.4199 0.4199 0.4181 0.4152 0.4110 0.4073 0.4110 0.4152 0.4181 0.4199 0.4199 0.4172 0.4101 0.3965 0.3767 0.3528 0.3274 0.3023 0.2785 0.2564 0.2364 0.2185 0.2027 0.1889 0.1787 0.1777 0.1884 0.2160 0.2513 0.2834 0.3090 0.3294 0.3464 0.3608 0.3731 0.3835 0.3924 0.4000 0.4065 0.4121 0.4166 0.4196 0.4194 0.4112 0.3866 0.3454 0.2981 0.2526 0.2128 0.1807 0.1885 0.2752 0.3373 0.3753 0.4008 0.4224
0.4217 0.3933 0.3638 0.3185 0.2400 0.1760 0.1967 0.2368 0.2858 0.3391 0.3866 0.4133 0.4200 0.4183 0.4134 0.4069 0.3991 0.3899 0.3790 0.3664 0.3517 0.3346 0.3144 0.2897 0.2580 0.2225 0.1920 0.1784 0.1779 0.1867 0.2002 0.2157 0.2332 0.2528 0.2746 0.2981 0.3231 0.3485 0.3728 0.3936 0.4082 0.4164 0.4197 0.4200 0.4185 0.4158 0.4120 0.4074 0.4018 0.3947 0.3888 0.3947 0.4018 0.4074 0.4120 0.4158 0.4185 0.4200 0.4197 0.4164 0.4082 0.3936 0.3728 0.3485 0.3231 0.2981 0.2746 0.2528 0.2332 0.2157 0.2002 0.1867 0.1779 0.1784 0.1920 0.2225 0.2580 0.2897 0.3144 0.3346 0.3517 0.3664 0.3790 0.3899 0.3991 0.4069 0.4134 0.4183 0.4200 0.4133 0.3866 0.3391 0.2858 0.2368 0.1967 0.1760 0.2399 0.3185 0.3638 0.3933 0.4217
0.4201 0.3842 0.3502 0.2955 0.2041 0.1789 0.2144 0.2628 0.3201 0.3763 0.4112 0.4200 0.4177 0.4116 0.4033 0.3931 0.3806 0.3656 0.3479 0.3271 0.3027 0.2719 0.2345 0.1985 0.1796 0.1770 0.1843 0.1976 0.2128 0.2301 0.2493 0.2707 0.2940 0.3188 0.3442 0.3688 0.3904 0.4062 0.4154 0.4194 0.4201 0.4189 0.4163 0.4127 0.4082 0.4028 0.3964 0.3889 0.3799 0.3685 0.3587 0.3685 0.3799 0.3889 0.3964 0.4028 0.4082 0.4127 0.4163 0.4189 0.4201 0.4194 0.4154 0.4062 0.3904 0.3688 0.3442 0.3188 0.2940 0.2707 0.2493 0.2301 0.2128 0.1976 0.1843 0.1770 0.1796 0.1985 0.2345 0.2719 0.3027 0.3271 0.3479 0.3656 0.3806 0.3931 0.4033 0.4116 0.4177 0.4200 0.4112 0.3763 0.3201 0.2628 0.2145 0.1789 0.2041 0.2955 0.3502 0.3842 0.4201
0.4176 0.3735 0.3340 0.2659 0.1822 0.1908 0.2339 0.2902 0.3532 0.4029 0.4194 0.4183 0.4116 0.4021 0.3898 0.3742 0.3549 0.3313 0.3029 0.2671 0.2222 0.1865 0.1755 0.1800 0.1932 0.2086 0.2259 0.2452 0.2666 0.2897 0.3144 0.3399 0.3648 0.3871 0.4040 0.4143 0.4190 0.4202 0.4192 0.4168 0.4134 0.4091 0.4038 0.3976 0.3902 0.3815 0.3712 0.3589 0.3443 0.3259 0.3101 0.3259 0.3443 0.3589 0.3712 0.3815 0.3902 0.3976 0.4038 0.4091 0.4134 0.4168 0.4192 0.4202 0.4190 0.4143 0.4040 0.3871 0.3648 0.3399 0.3144 0.2897 0.2666 0.2452 0.2259 0.2086 0.1932 0.1800 0.1755 0.1865 0.2222 0.2671 0.3029 0.3313 0.3549 0.3742 0.3898 0.4021 0.4116 0.4183 0.4194 0.4029 0.3532 0.2902 0.2340 0.1908 0.1822 0.2659 0.3340 0.3735 0.4176
0.4143 0.3611 0.3147 0.2315 0.1769 0.2055 0.2553 0.3183 0.3820 0.4159 0.4196 0.4134 0.4033 0.3898 0.3720 0.3490 0.3201 0.2837 0.2338 0.1871 0.1733 0.1825 0.1985 0.2168 0.2370 0.2591 0.2830 0.3083 0.3344 0.3600 0.3833 0.4015 0.4130 0.4185 0.4201 0.4195 0.4173 0.4141 0.4099 0.4048 0.3987 0.3916 0.3831 0.3731 0.3611 0.3470 0.3302 0.3102 0.2849 0.2517 0.2261 0.2517 0.2849 0.3102 0.3302 0.3470 0.3611 0.3731 0.3831 0.3916 0.3987 0.4048 0.4099 0.4141 0.4173 0.4195 0.4201 0.4185 0.4130 0.4015 0.3833 0.3600 0.3344 0.3083 0.2830 0.2591 0.2370 0.2168 0.1985 0.1825 0.1733 0.1871 0.2338 0.2837 0.3201 0.3490 0.3720 0.3898 0.4033 0.4134 0.4196 0.4159 0.3820 0.3183 0.2553 0.2055 0.1769 0.2315 0.3147 0.3611 0.4143
0.4102 0.3467 0.2908 0.1984 0.1816 0.2220 0.2783 0.3461 0.4029 0.4199 0.4166 0.4069 0.3931 0.3742 0.3490 0.3162 0.2731 0.2124 0.1742 0.1778 0.1959 0.2170 0.2406 0.2665 0.2941 0.3227 0.3509 0.3767 0.3974 0.4110 0.4177 0.4200 0.4197 0.4178 0.4147 0.4106 0.4057 0.3998 0.3929 0.3847 0.3749 0.3633 0.3496 0.3333 0.3139 0.2897 0.2589 0.2239 0.1931 0.1786 0.1756 0.1786 0.1931 0.2239 0.2589 0.2897 0.3139 0.3333 0.3496 0.3633 0.3749 0.3847 0.3929 0.3998 0.4057 0.4106 0.4147 0.4178 0.4197 0.4200 0.4177 0.4110 0.3974 0.3767 0.3509 0.3227 0.2941 0.2665 0.2406 0.2170 0.1959 0.1778 0.1742 0.2124 0.2731 0.3162 0.3490 0.3742 0.3931 0.4069 0.4166 0.4199 0.4029 0.3461 0.2783 0.2220 0.1816 0.1984 0.2908 0.3467 0.4102
0.4052 0.3299 0.2602 0.1803 0.1941 0.2405 0.3028 0.3720 0.4145 0.4196 0.4121 0.3991 0.3806 0.3549 0.3201 0.2731 0.2058 0.1711 0.1840 0.2061 0.2321 0.2614 0.2934 0.3264 0.3584 0.3860 0.4055 0.4158 0.4197 0.4200 0.4183 0.4154 0.4115 0.4067 0.4009 0.3942 0.3862 0.3767 0.3654 0.3521 0.3363 0.3175 0.2943 0.2645 0.2301 0.1974 0.1799 0.1772 0.1841 0.1971 0.2050 0.1971 0.1841 0.1772 0.1799 0.1974 0.2301 0.2645 0.2943 0.3175 0.3363 0.3521 0.3654 0.3767 0.3862 0.3942 0.4009 0.4067 0.4115 0.4154 0.4183 0.4200 0.4197 0.4158 0.4055 0.3860 0.3584 0.3264 0.2934 0.2614 0.2321 0.2061 0.1840 0.1711 0.2058 0.2731 0.3201 0.3549 0.3806 0.3991 0.4121 0.4196 0.4145 0.3720 0.3028 0.2405 0.1941 0.1803 0.2602 0.3299 0.4052
0.3992 0.3098 0.2253 0.1772 0.2087 0.2611 0.3284 0.3936 0.4193 0.4172 0.4065 0.3899 0.3656 0.3314 0.2837 0.2124 0.1711 0.1861 0.2115 0.2418 0.2764 0.3139 0.3514 0.3844 0.4068 0.4172 0.4201 0.4193 0.4166 0.4128 0.4080 0.4023 0.3957 0.3878 0.3785 0.3675 0.3546 0.3392 0.3209 0.2987 0.2700 0.2362 0.2021 0.1817 0.1770 0.1821 0.1946 0.2093 0.2263 0.2450 0.2561 0.2450 0.2263 0.2093 0.1946 0.1821 0.1770 0.1817 0.2021 0.2362 0.2700 0.2987 0.3209 0.3392 0.3546 0.3675 0.3785 0.3878 0.3957 0.4023 0.4080 0.4128 0.4166 0.4193 0.4201 0.4172 0.4068 0.3844 0.3514 0.3139 0.2764 0.2418 0.2115 0.1861 0.1711 0.2124 0.2837 0.3313 0.3656 0.3899 0.4065 0.4172 0.4193 0.3936 0.3284 0.2611 0.2087 0.1772 0.2253 0.3098 0.3992
0.3920 0.2846 0.1941 0.1835 0.2253 0.2837 0.3539 0.4085 0.4201 0.4136 0.4000 0.3790 0.3479 0.3030 0.2339 0.1742 0.1840 0.2115 0.2452 0.2841 0.3264 0.3674 0.3993 0.4155 0.4200 0.4191 0.4158 0.4111 0.4053 0.3986 0.3907 0.3813 0.3704 0.3576 0.3425 0.3246 0.3031 0.2755 0.2423 0.2072 0.1839 0.1771 0.1805 0.1923 0.2067 0.2230 0.2415 0.2620 0.2850 0.3091 0.3228 0.3091 0.2850 0.2620 0.2415 0.2230 0.2067 0.1923 0.1805 0.1771 0.1839 0.2072 0.2423 0.2755 0.3031 0.3246 0.3425 0.3576 0.3704 0.3813 0.3907 0.3986 0.4053 0.4111 0.4158 0.4191 0.4200 0.4155 0.3993 0.3674 0.3264 0.2841 0.2452 0.2115 0.1840 0.1742 0.2338 0.3029 0.3479 0.3790 0.4000 0.4136 0.4201 0.4085 0.3539 0.2837 0.2253 0.1835 0.1941 0.2846 0.3920
0.3832 0.2528 0.1789 0.1964 0.2441 0.3079 0.3778 0.4166 0.4188 0.4091 0.3924 0.3664 0.3271 0.2673 0.1872 0.1778 0.2061 0.2418 0.2841 0.3306 0.3750 0.4061 0.4184 0.4198 0.4168 0.4116 0.4050 0.3971 0.3877 0.3766 0.3636 0.3483 0.3304 0.3093 0.2828 0.2497 0.2137 0.1868 0.1773 0.1793 0.1901 0.2041 0.2201 0.2382 0.2584 0.2806 0.3046 0.3298 0.3555 0.3789 0.3900 0.3789 0.3555 0.3298 0.3046 0.2806 0.2584 0.2382 0.2201 0.2041 0.1901 0.1793 0.1773 0.1868 0.2137 0.2497 0.2828 0.3093 0.3304 0.3483 0.3636 0.3766 0.3877 0.3971 0.4050 0.4116 0.4168 0.4198 0.4184 0.4061 0.3750 0.3306 0.2841 0.2418 0.2061 0.1778 0.1871 0.2671 0.3271 0.3664 0.3924 0.4091 0.4188 0.4166 0.3778 0.3079 0.2441 0.1964 0.1789 0.2528 0.3832
0.3723 0.2173 0.1776 0.2114 0.2649 0.3332 0.3974 0.4198 0.4162 0.4037 0.3835 0.3517 0.3027 0.2223 0.1733 0.1959 0.2321 0.2764 0.3264 0.3750 0.4081 0.4193 0.4192 0.4147 0.4080 0.3996 0.3892 0.3765 0.3614 0.3434 0.3222 0.2968 0.2641 0.2258 0.1923 0.1778 0.1778 0.1874 0.2013 0.2171 0.2348 0.2548 0.2767 0.3005 0.3255 0.3509 0.3749 0.3952 0.4094 0.4168 0.4184 0.4168 0.4094 0.3952 0.3749 0.3509 0.3255 0.3005 0.2767 0.2548 0.2348 0.2171 0.2013 0.1874 0.1778 0.1778 0.1923 0.2258 0.2641 0.2968 0.3222 0.3434 0.3614 0.3765 0.3892 0.3996 0.4080 0.4147 0.4192 0.4193 0.4081 0.3750 0.3264 0.2764 0.2321 0.1959 0.1733 0.2222 0.3027 0.3517 0.3835 0.4037 0.4162 0.4198 0.3974 0.3332 0.2649 0.2114 0.1776 0.2173 0.3723
0.3581 0.1880 0.1855 0.2284 0.2877 0.3584 0.4106 0.4200 0.4125 0.3973 0.3731 0.3345 0.2720 0.1866 0.1824 0.2170 0.2614 0.3139 0.3674 0.4061 0.4193 0.4189 0.4136 0.4057 0.3955 0.3826 0.3665 0.3468 0.3229 0.2939 0.2558 0.2117 0.1820 0.1756 0.1826 0.1966 0.2125 0.2305 0.2504 0.2723 0.2959 0.3210 0.3465 0.3710 0.3921 0.4073 0.4160 0.4196 0.4201 0.4185 0.4164 0.4185 0.4201 0.4196 0.4160 0.4073 0.3921 0.3710 0.3465 0.3210 0.2959 0.2723 0.2504 0.2305 0.2125 0.1966 0.1826 0.1756 0.1820 0.2117 0.2558 0.2939 0.3229 0.3468 0.3665 0.3826 0.3955 0.4057 0.4136 0.4189 0.4193 0.4061 0.3674 0.3139 0.2614 0.2170 0.1825 0.1865 0.2719 0.3346 0.3731 0.3973 0.4125 0.4200 0.4106 0.3584 0.2877 0.2284 0.1855 0.1880 0.3581
0.3406 0.1757 0.1989 0.2475 0.3121 0.3816 0.4175 0.4184 0.4080 0.3899 0.3608 0.3144 0.2346 0.1755 0.1985 0.2406 0.2934 0.3514 0.3993 0.4184 0.4192 0.4136 0.4049 0.3933 0.3783 0.3591 0.3349 0.3049 0.2658 0.2147 0.1796 0.1749 0.1865 0.2029 0.2214 0.2420 0.2646 0.2890 0.3147 0.3409 0.3663 0.3885 0.4051 0.4149 0.4192 0.4201 0.4190 0.4165 0.4130 0.4083 0.4042 0.4083 0.4130 0.4165 0.4190 0.4201 0.4192 0.4149 0.4051 0.3885 0.3663 0.3409 0.3147 0.2890 0.2646 0.2420 0.2214 0.2029 0.1865 0.1749 0.1796 0.2147 0.2658 0.3049 0.3349 0.3591 0.3783 0.3933 0.4049 0.4136 0.4192 0.4184 0.3993 0.3514 0.2934 0.2406 0.1985 0.1755 0.2345 0.3144 0.3608 0.3899 0.4080 0.4184 0.4175 0.3816 0.3121 0.2475 0.1989 0.1757 0.3406
0.3221 0.1759 0.2141 0.2687 0.3375 0.4002 0.4200 0.4156 0.4025 0.3810 0.3465 0.2898 0.1986 0.1800 0.2167 0.2665 0.3264 0.3844 0.4155 0.4198 0.4147 0.4057 0.3933 0.3768 0.3552 0.3272 0.2913 0.2411 0.1885 0.1723 0.1845 0.2029 0.2241 0.2478 0.2737 0.3013 0.3297 0.3575 0.3824 0.4016 0.4132 0.4187 0.4202 0.4193 0.4171 0.4137 0.4094 0.4043 0.3981 0.3903 0.3837 0.3903 0.3981 0.4043 0.4094 0.4137 0.4171 0.4193 0.4202 0.4187 0.4132 0.4016 0.3824 0.3575 0.3297 0.3013 0.2737 0.2478 0.2241 0.2029 0.1845 0.1723 0.1885 0.2411 0.2913 0.3272 0.3552 0.3768 0.3933 0.4057 0.4147 0.4198 0.4155 0.3844 0.3264 0.2665 0.2168 0.1800 0.1985 0.2897 0.3464 0.3810 0.4025 0.4156 0.4200 0.4002 0.3375 0.2687 0.2141 0.1759 0.3221
0.3081 0.1853 0.2315 0.2918 0.3625 0.4122 0.4198 0.4118 0.3960 0.3706 0.3295 0.2582 0.1796 0.1932 0.2369 0.2941 0.3584 0.4068 0.4200 0.4168 0.4080 0.3955 0.3783 0.3552 0.3245 0.2840 0.2250 0.1773 0.1758 0.1949 0.2176 0.2437 0.2729 0.3042 0.3362 0.3667 0.3921 0.4089 0.4172 0.4200 0.4197 0.4177 0.4145 0.4103 0.4053 0.3992 0.3922 0.3838 0.3739 0.3613 0.3506 0.3613 0.3739 0.3838 0.3922 0.3992 0.4053 0.4103 0.4145 0.4177 0.4197 0.4200 0.4172 0.4089 0.3921 0.3667 0.3362 0.3042 0.2729 0.2437 0.2176 0.1949 0.1758 0.1773 0.2250 0.2840 0.3245 0.3552 0.3783 0.3955 0.4080 0.4168 0.4200 0.4068 0.3584 0.2941 0.2370 0.1932 0.1796 0.2580 0.3294 0.3706 0.3960 0.4118 0.4198 0.4122 0.3625 0.2918 0.2315 0.1853 0.3081
0.3018 0.1986 0.2509 0.3164 0.3852 0.4182 0.4180 0.4071 0.3884 0.3582 0.3090 0.2226 0.1770 0.2085 0.2590 0.3227 0.3860 0.4172 0.4191 0.4116 0.3996 0.3826 0.3591 0.3272 0.2840 0.2197 0.1737 0.1803 0.2023 0.2290 0.2598 0.2941 0.3302 0.3650 0.3936 0.4112 0.4186 0.4201 0.4187 0.4157 0.4117 0.4067 0.4008 0.3938 0.3856 0.3758 0.3643 0.3508 0.3347 0.3142 0.2965 0.3142 0.3347 0.3508 0.3643 0.3758 0.3856 0.3938 0.4008 0.4067 0.4117 0.4157 0.4187 0.4201 0.4186 0.4112 0.3936 0.3650 0.3302 0.2941 0.2598 0.2290 0.2023 0.1803 0.1737 0.2197 0.2840 0.3272 0.3591 0.3826 0.3996 0.4116 0.4191 0.4172 0.3860 0.3227 0.2591 0.2086 0.1770 0.2225 0.3090 0.3581 0.3884 0.4071 0.4180 0.4182 0.3852 0.3164 0.2509 0.1986 0.3018
0.3005 0.2138 0.2725 0.3419 0.4027 0.4201 0.4150 0.4015 0.3793 0.3435 0.2834 0.1920 0.1842 0.2259 0.2830 0.3508 0.4055 0.4201 0.4158 0.4050 0.3892 0.3665 0.3349 0.2913 0.2250 0.1737 0.1818 0.2062 0.2361 0.2711 0.3098 0.3496 0.3851 0.4085 0.4183 0.4201 0.4182 0.4145 0.4096 0.4037 0.3967 0.3884 0.3787 0.3673 0.3540 0.3382 0.3194 0.2967 0.2671 0.2319 0.2070 0.2319 0.2671 0.2967 0.3194 0.3382 0.3540 0.3673 0.3787 0.3884 0.3967 0.4037 0.4096 0.4145 0.4182 0.4201 0.4183 0.4085 0.3851 0.3496 0.3098 0.2711 0.2361 0.2062 0.1818 0.1737 0.2250 0.2913 0.3349 0.3665 0.3892 0.4050 0.4158 0.4201 0.4055 0.3509 0.2830 0.2259 0.1843 0.1920 0.2834 0.3435 0.3793 0.4015 0.4150 0.4201 0.4027 0.3419 0.2725 0.2138 0.3005
0.3022 0.2310 0.2959 0.3666 0.4136 0.4196 0.4111 0.3948 0.3686 0.3261 0.2513 0.1784 0.1975 0.2452 0.3083 0.3767 0.4158 0.4193 0.4111 0.3971 0.3765 0.3468 0.3049 0.2411 0.1773 0.1803 0.2062 0.2386 0.2768 0.3194 0.3621 0.3968 0.4151 0.4200 0.4188 0.4149 0.4093 0.4025 0.3943 0.3847 0.3732 0.3598 0.3439 0.3253 0.3030 0.2746 0.2404 0.2051 0.1828 0.1769 0.1774 0.1769 0.1828 0.2051 0.2404 0.2746 0.3030 0.3253 0.3439 0.3598 0.3732 0.3847 0.3943 0.4025 0.4093 0.4149 0.4188 0.4200 0.4151 0.3968 0.3621 0.3194 0.2768 0.2386 0.2062 0.1803 0.1773 0.2411 0.3049 0.3468 0.3765 0.3971 0.4111 0.4193 0.4158 0.3767 0.3083 0.2452 0.1976 0.1784 0.2513 0.3261 0.3686 0.3948 0.4111 0.4196 0.4136 0.3666 0.2959 0.2310 0.3022
0.3064 0.2504 0.3208 0.3886 0.4187 0.4176 0.4062 0.3870 0.3558 0.3050 0.2160 0.1779 0.2128 0.2666 0.3344 0.3974 0.4197 0.4166 0.4054 0.3877 0.3614 0.3229 0.2658 0.1885 0.1758 0.2023 0.2361 0.2768 0.3226 0.3681 0.4026 0.4177 0.4200 0.4169 0.4115 0.4042 0.3953 0.3845 0.3715 0.3558 0.3373 0.3153 0.2887 0.2540 0.2156 0.1866 0.1768 0.1794 0.1911 0.2052 0.2138 0.2052 0.1911 0.1794 0.1768 0.1866 0.2156 0.2540 0.2887 0.3153 0.3373 0.3558 0.3715 0.3845 0.3953 0.4042 0.4115 0.4170 0.4200 0.4177 0.4026 0.3681 0.3226 0.2768 0.2361 0.2023 0.1758 0.1885 0.2658 0.3229 0.3614 0.3877 0.4053 0.4166 0.4197 0.3974 0.3344 0.2666 0.2128 0.1779 0.2160 0.3050 0.3558 0.3870 0.4062 0.4176 0.4187 0.3886 0.3208 0.2504 0.3064
0.3128 0.2718 0.3462 0.4050 0.4202 0.4144 0.4004 0.3776 0.3407 0.2782 0.1884 0.1867 0.2301 0.2897 0.3600 0.4110 0.4200 0.4128 0.3986 0.3766 0.3434 0.2939 0.2147 0.1723 0.1949 0.2290 0.2711 0.3194 0.3681 0.4044 0.4186 0.4196 0.4154 0.4087 0.3999 0.3889 0.3751 0.3582 0.3376 0.3127 0.2820 0.2417 0.2003 0.1783 0.1766 0.1862 0.2007 0.2171 0.2358 0.2560 0.2679 0.2560 0.2358 0.2171 0.2007 0.1862 0.1766 0.1783 0.2003 0.2417 0.2820 0.3127 0.3376 0.3582 0.3751 0.3889 0.3999 0.4087 0.4154 0.4196 0.4186 0.4044 0.3681 0.3194 0.2711 0.2290 0.1949 0.1723 0.2147 0.2939 0.3434 0.3766 0.3986 0.4128 0.4200 0.4110 0.3600 0.2897 0.2301 0.1867 0.1884 0.2782 0.3407 0.3776 0.4004 0.4144 0.4202 0.4050 0.3462 0.2718 0.3128
0.3211 0.2951 0.3707 0.4148 0.4193 0.4103 0.3936 0.3666 0.3228 0.2454 0.1777 0.2002 0.2493 0.3144 0.3833 0.4177 0.4183 0.4080 0.3907 0.3636 0.3222 0.2558 0.1796 0.1845 0.2176 0.2598 0.3098 0.3621 0.4026 0.4186 0.4194 0.4146 0.4069 0.3968 0.3838 0.3672 0.3463 0.3203 0.2879 0.2442 0.1973 0.1753 0.1777 0.1916 0.2083 0.2272 0.2482 0.2711 0.2961 0.3218 0.3361 0.3218 0.2961 0.2711 0.2482 0.2272 0.2083 0.1916 0.1777 0.1753 0.1973 0.2442 0.2879 0.3203 0.3463 0.3672 0.3838 0.3968 0.4069 0.4146 0.4194 0.4186 0.4026 0.3621 0.3098 0.2598 0.2176 0.1845 0.1796 0.2558 0.3222 0.3636 0.3907 0.4080 0.4183 0.4177 0.3833 0.3144 0.2493 0.2002 0.1777 0.2454 0.3228 0.3666 0.3936 0.4103 0.4193 0.4148 0.3707 0.2951 0.3211
0.3312 0.3199 0.3919 0.4192 0.4171 0.4053 0.3855 0.3534 0.3010 0.2102 0.1787 0.2157 0.2707 0.3399 0.4015 0.4200 0.4154 0.4023 0.3813 0.3483 0.2968 0.2117 0.1749 0.2029 0.2437 0.2941 0.3496 0.3968 0.4177 0.4196 0.4146 0.4063 0.3951 0.3805 0.3614 0.3369 0.3058 0.2647 0.2100 0.1761 0.1762 0.1919 0.2107 0.2323 0.2562 0.2822 0.3097 0.3378 0.3651 0.3884 0.3985 0.3884 0.3651 0.3378 0.3097 0.2822 0.2562 0.2323 0.2107 0.1919 0.1762 0.1761 0.2100 0.2647 0.3058 0.3369 0.3614 0.3805 0.3951 0.4063 0.4146 0.4196 0.4177 0.3968 0.3496 0.2941 0.2437 0.2029 0.1749 0.2117 0.2968 0.3483 0.3813 0.4023 0.4154 0.4200 0.4015 0.3399 0.2707 0.2157 0.1787 0.2102 0.3010 0.3534 0.3855 0.4053 0.4171 0.4192 0.3919 0.3199 0.3312
0.3427 0.3453 0.4072 0.4201 0.4138 0.3993 0.3759 0.3379 0.2729 0.1853 0.1889 0.2332 0.2940 0.3648 0.4130 0.4197 0.4115 0.3957 0.3704 0.3304 0.2641 0.1820 0.1865 0.2241 0.2729 0.3302 0.3851 0.4151 0.4200 0.4154 0.4069 0.3951 0.3793 0.3583 0.3309 0.2953 0.2451 0.1892 0.1719 0.1859 0.2060 0.2295 0.2561 0.2852 0.3161 0.3470 0.3756 0.3982 0.4122 0.4184 0.4192 0.4184 0.4122 0.3982 0.3756 0.3470 0.3161 0.2852 0.2561 0.2295 0.2060 0.1859 0.1719 0.1892 0.2451 0.2953 0.3309 0.3583 0.3793 0.3951 0.4069 0.4154 0.4200 0.4151 0.3851 0.3302 0.2729 0.2241 0.1865 0.1820 0.2641 0.3304 0.3704 0.3957 0.4115 0.4197 0.4130 0.3648 0.2940 0.2332 0.1889 0.1853 0.2729 0.3379 0.3759 0.3993 0.4138 0.4201 0.4072 0.3453 0.3427
0.3552 0.3697 0.4159 0.4190 0.4095 0.3923 0.3645 0.3194 0.2395 0.1772 0.2027 0.2528 0.3188 0.3871 0.4185 0.4178 0.4067 0.3878 0.3576 0.3093 0.2258 0.1756 0.2029 0.2478 0.3042 0.3650 0.4085 0.4200 0.4170 0.4087 0.3968 0.3805 0.3583 0.3289 0.2897 0.2322 0.1796 0.1748 0.1944 0.2181 0.2460 0.2775 0.3116 0.3462 0.3779 0.4018 0.4148 0.4196 0.4199 0.4178 0.4153 0.4178 0.4199 0.4196 0.4148 0.4018 0.3779 0.3462 0.3115 0.2775 0.2460 0.2181 0.1944 0.1748 0.1796 0.2322 0.2897 0.3289 0.3583 0.3805 0.3968 0.4087 0.4170 0.4200 0.4085 0.3650 0.3042 0.2478 0.2029 0.1756 0.2258 0.3093 0.3576 0.3878 0.4067 0.4178 0.4185 0.3871 0.3188 0.2528 0.2027 0.1772 0.2395 0.3194 0.3645 0.3923 0.4095 0.4190 0.4159 0.3697 0.3552
0.3682 0.3911 0.4195 0.4166 0.4043 0.3840 0.3510 0.2967 0.2048 0.1798 0.2185 0.2746 0.3442 0.4040 0.4201 0.4147 0.4009 0.3785 0.3425 0.2827 0.1924 0.1826 0.2214 0.2737 0.3362 0.3936 0.4183 0.4188 0.4115 0.3999 0.3838 0.3614 0.3309 0.2897 0.2279 0.1761 0.1783 0.2004 0.2274 0.2592 0.2950 0.3331 0.3697 0.3986 0.4144 0.4197 0.4197 0.4171 0.4130 0.4075 0.4027 0.4075 0.4130 0.4171 0.4197 0.4197 0.4144 0.3986 0.3698 0.3332 0.2950 0.2592 0.2273 0.2004 0.1783 0.1761 0.2279 0.2897 0.3309 0.3614 0.3838 0.3999 0.4115 0.4188 0.4183 0.3936 0.3362 0.2737 0.2214 0.1826 0.1923 0.2828 0.3425 0.3785 0.4009 0.4147 0.4201 0.4040 0.3442 0.2746 0.2185 0.1798 0.2048 0.2967 0.3510 0.3840 0.4043 0.4166 0.4195 0.3911 0.3682
0.3810 0.4067 0.4201 0.4131 0.3982 0.3741 0.3349 0.2675 0.1828 0.1911 0.2364 0.2981 0.3688 0.4143 0.4195 0.4106 0.3942 0.3675 0.3246 0.2497 0.1778 0.1966 0.2420 0.3013 0.3667 0.4112 0.4201 0.4149 0.4042 0.3889 0.3672 0.3369 0.2953 0.2322 0.1761 0.1795 0.2035 0.2331 0.2683 0.3078 0.3490 0.3859 0.4097 0.4189 0.4199 0.4172 0.4127 0.4068 0.3996 0.3906 0.3828 0.3906 0.3996 0.4068 0.4127 0.4172 0.4199 0.4189 0.4097 0.3860 0.3491 0.3078 0.2682 0.2331 0.2035 0.1795 0.1761 0.2322 0.2953 0.3369 0.3672 0.3889 0.4042 0.4149 0.4201 0.4112 0.3667 0.3013 0.2420 0.1966 0.1778 0.2497 0.3246 0.3675 0.3942 0.4106 0.4195 0.4143 0.3688 0.2981 0.2364 0.1911 0.1828 0.2675 0.3349 0.3741 0.3982 0.4131 0.4201 0.4067 0.3810
0.3927 0.4158 0.4187 0.4087 0.3910 0.3623 0.3158 0.2334 0.1770 0.2052 0.2564 0.3231 0.3904 0.4190 0.4173 0.4057 0.3862 0.3546 0.3031 0.2137 0.1778 0.2125 0.2646 0.3297 0.3920 0.4186 0.4182 0.4093 0.3953 0.3751 0.3463 0.3058 0.2451 0.1796 0.1783 0.2035 0.2351 0.2729 0.3156 0.3593 0.3956 0.4149 0.4200 0.4186 0.4142 0.4080 0.4002 0.3908 0.3795 0.3648 0.3522 0.3648 0.3795 0.3908 0.4002 0.4080 0.4141 0.4185 0.4200 0.4150 0.3956 0.3592 0.3156 0.2729 0.2351 0.2035 0.1783 0.1796 0.2451 0.3058 0.3463 0.3751 0.3953 0.4093 0.4182 0.4186 0.3921 0.3297 0.2646 0.2125 0.1778 0.2137 0.3031 0.3546 0.3862 0.4057 0.4173 0.4190 0.3904 0.3231 0.2564 0.2052 0.1770 0.2334 0.3158 0.3623 0.3910 0.4087 0.4187 0.4158 0.3927
0.4026 0.4198 0.4161 0.4034 0.3824 0.3484 0.2923 0.1999 0.1812 0.2214 0.2785 0.3485 0.4062 0.4202 0.4141 0.3998 0.3767 0.3392 0.2755 0.1868 0.1874 0.2303 0.2890 0.3574 0.4089 0.4201 0.4145 0.4025 0.3845 0.3582 0.3203 0.2647 0.1892 0.1748 0.2004 0.2331 0.2729 0.3181 0.3642 0.4005 0.4172 0.4200 0.4170 0.4113 0.4036 0.3940 0.3820 0.3673 0.3493 0.3261 0.3059 0.3261 0.3493 0.3673 0.3820 0.3940 0.4036 0.4113 0.4170 0.4200 0.4172 0.4006 0.3642 0.3182 0.2729 0.2331 0.2004 0.1748 0.1892 0.2647 0.3203 0.3582 0.3845 0.4025 0.4145 0.4201 0.4089 0.3575 0.2890 0.2305 0.1874 0.1868 0.2755 0.3392 0.3767 0.3998 0.4141 0.4202 0.4062 0.3485 0.2785 0.2214 0.1812 0.1999 0.2923 0.3484 0.3824 0.4034 0.4161 0.4198 0.4026
0.4102 0.4206 0.4124 0.3970 0.3722 0.3319 0.2619 0.1808 0.1934 0.2397 0.3023 0.3728 0.4154 0.4192 0.4099 0.3929 0.3654 0.3209 0.2423 0.1773 0.2012 0.2503 0.3145 0.3823 0.4172 0.4187 0.4096 0.3943 0.3715 0.3376 0.2879 0.2100 0.1719 0.1944 0.2274 0.2683 0.3156 0.3642 0.4020 0.4180 0.4198 0.4158 0.4090 0.4000 0.3885 0.3739 0.3556 0.3330 0.3051 0.2671 0.2330 0.2670 0.3050 0.3329 0.3556 0.3739 0.3885 0.4000 0.4090 0.4158 0.4198 0.4180 0.4021 0.3642 0.3156 0.2682 0.2273 0.1944 0.1719 0.2100 0.2879 0.3376 0.3715 0.3943 0.4096 0.4187 0.4172 0.3824 0.3147 0.2504 0.2013 0.1773 0.2423 0.3209 0.3654 0.3929 0.4099 0.4192 0.4154 0.3728 0.3023 0.2397 0.1934 0.1808 0.2619 0.3319 0.3722 0.3970 0.4124 0.4206 0.4102
0.4156 0.4195 0.4078 0.3896 0.3601 0.3122 0.2273 0.1771 0.2079 0.2600 0.3274 0.3936 0.4194 0.4168 0.4048 0.3847 0.3521 0.2987 0.2072 0.1792 0.2169 0.2721 0.3408 0.4014 0.4200 0.4158 0.4037 0.3847 0.3558 0.3127 0.2442 0.1761 0.1859 0.2181 0.2592 0.3078 0.3593 0.4005 0.4180 0.4197 0.4151 0.4076 0.3974 0.3843 0.3673 0.3456 0.3182 0.2833 0.2347 0.1880 0.1721 0.1880 0.2345 0.2831 0.3181 0.3455 0.3672 0.3843 0.3975 0.4076 0.4151 0.4197 0.4180 0.4006 0.3592 0.3078 0.2592 0.2181 0.1859 0.1761 0.2442 0.3127 0.3558 0.3847 0.4037 0.4157 0.4200 0.4016 0.3409 0.2723 0.2171 0.1793 0.2072 0.2987 0.3521 0.3847 0.4048 0.4168 0.4194 0.3936 0.3274 0.2600 0.2079 0.1771 0.2273 0.3122 0.3601 0.3896 0.4078 0.4195 0.4156
0.4190 0.4171 0.4024 0.3808 0.3458 0.2876 0.1954 0.1829 0.2244 0.2824 0.3528 0.4082 0.4201 0.4134 0.3987 0.3749 0.3363 0.2700 0.1839 0.1900 0.2348 0.2959 0.3662 0.4132 0.4197 0.4117 0.3967 0.3732 0.3373 0.2820 0.1973 0.1762 0.2060 0.2460 0.2950 0.3491 0.3956 0.4172 0.4198 0.4151 0.4071 0.3961 0.3816 0.3626 0.3379 0.3061 0.2634 0.2062 0.1742 0.1785 0.1876 0.1786 0.1742 0.2061 0.2633 0.3060 0.3378 0.3626 0.3816 0.3961 0.4071 0.4151 0.4198 0.4172 0.3956 0.3491 0.2950 0.2460 0.2060 0.1762 0.1973 0.2820 0.3373 0.3732 0.3967 0.4117 0.4197 0.4132 0.3663 0.2959 0.2348 0.1901 0.1839 0.2700 0.3363 0.3749 0.3987 0.4134 0.4201 0.4082 0.3528 0.2824 0.2244 0.1829 0.1954 0.2876 0.3458 0.3808 0.4024 0.4171 0.4190
0.4210 0.4136 0.3959 0.3703 0.3288 0.2563 0.1793 0.1957 0.2430 0.3065 0.3767 0.4164 0.4189 0.4091 0.3916 0.3633 0.3175 0.2362 0.1771 0.2041 0.2548 0.3210 0.3886 0.4187 0.4177 0.4067 0.3884 0.3598 0.3153 0.2417 0.1753 0.1919 0.2295 0.2775 0.3332 0.3860 0.4150 0.4200 0.4158 0.4076 0.3961 0.3807 0.3601 0.3330 0.2974 0.2469 0.1893 0.1717 0.1876 0.2089 0.2218 0.2090 0.1877 0.1717 0.1892 0.2468 0.2973 0.3329 0.3601 0.3807 0.3961 0.4076 0.4158 0.4200 0.4150 0.3860 0.3332 0.2775 0.2295 0.1919 0.1753 0.2417 0.3153 0.3598 0.3884 0.4067 0.4177 0.4187 0.3885 0.3210 0.2548 0.2041 0.1771 0.2362 0.3175 0.3633 0.3916 0.4091 0.4189 0.4164 0.3767 0.3065 0.2430 0.1957 0.1793 0.2563 0.3288 0.3703 0.3959 0.4136 0.4210
0.4221 0.4090 0.3882 0.3578 0.3084 0.2211 0.1774 0.2105 0.2637 0.3318 0.3965 0.4197 0.4163 0.4038 0.3831 0.3496 0.2943 0.2021 0.1805 0.2201 0.2767 0.3466 0.4051 0.4202 0.4145 0.4008 0.3787 0.3439 0.2887 0.2003 0.1777 0.2107 0.2561 0.3115 0.3698 0.4097 0.4200 0.4170 0.4090 0.3975 0.3816 0.3601 0.3313 0.2928 0.2361 0.1809 0.1744 0.1944 0.2196 0.2486 0.2657 0.2486 0.2197 0.1944 0.1744 0.1809 0.2360 0.2928 0.3313 0.3601 0.3816 0.3975 0.4090 0.4170 0.4200 0.4097 0.3698 0.3115 0.2561 0.2107 0.1777 0.2003 0.2887 0.3439 0.3787 0.4008 0.4145 0.4202 0.4051 0.3465 0.2767 0.2201 0.1805 0.2021 0.2943 0.3496 0.3831 0.4038 0.4163 0.4197 0.3965 0.3318 0.2637 0.2105 0.1774 0.2211 0.3084 0.3578 0.3882 0.4090 0.4221
0.4225 0.4033 0.3791 0.3431 0.2826 0.1914 0.1849 0.2274 0.2864 0.3571 0.4101 0.4200 0.4127 0.3976 0.3731 0.3333 0.2645 0.1817 0.1923 0.2382 0.3005 0.3710 0.4149 0.4193 0.4103 0.3938 0.3673 0.3253 0.2540 0.1783 0.1916 0.2323 0.2852 0.3462 0.3986 0.4189 0.4185 0.4113 0.4000 0.3843 0.3626 0.3329 0.2928 0.2325 0.1777 0.1772 0.1994 0.2267 0.2601 0.2969 0.3177 0.2970 0.2602 0.2268 0.1994 0.1773 0.1777 0.2325 0.2928 0.3329 0.3626 0.3843 0.4000 0.4113 0.4185 0.4189 0.3986 0.3462 0.2852 0.2323 0.1916 0.1783 0.2540 0.3253 0.3673 0.3938 0.4103 0.4193 0.4149 0.3710 0.3005 0.2382 0.1923 0.1817 0.2645 0.3333 0.3731 0.3976 0.4127 0.4200 0.4101 0.3571 0.2864 0.2274 0.1849 0.1914 0.2826 0.3431 0.3791 0.4033 0.4225
0.4221 0.3962 0.3683 0.3256 0.2505 0.1783 0.1981 0.2464 0.3108 0.3804 0.4172 0.4185 0.4082 0.3902 0.3611 0.3139 0.2301 0.1770 0.2067 0.2584 0.3255 0.3921 0.4192 0.4171 0.4053 0.3856 0.3540 0.3030 0.2156 0.1766 0.2083 0.2562 0.3161 0.3779 0.4144 0.4199 0.4141 0.4036 0.3885 0.3672 0.3378 0.2973 0.2360 0.1777 0.1782 0.2019 0.2315 0.2669 0.3080 0.3499 0.3710 0.3500 0.3082 0.2670 0.2316 0.2020 0.1782 0.1777 0.2360 0.2973 0.3378 0.3672 0.3885 0.4036 0.4141 0.4199 0.4144 0.3779 0.3161 0.2562 0.2083 0.1766 0.2156 0.3030 0.3540 0.3856 0.4053 0.4171 0.4192 0.3921 0.3255 0.2584 0.2067 0.1770 0.2301 0.3139 0.3611 0.3902 0.4082 0.4185 0.4172 0.3804 0.3108 0.2464 0.1981 0.1783 0.2505 0.3256 0.3683 0.3962 0.4221
0.4208 0.3877 0.3555 0.3045 0.2151 0.1780 0.2133 0.2675 0.3361 0.3993 0.4199 0.4158 0.4028 0.3815 0.3470 0.2897 0.1974 0.1821 0.2230 0.2806 0.3509 0.4073 0.4201 0.4137 0.3992 0.3758 0.3382 0.2746 0.1866 0.1862 0.2272 0.2822 0.3470 0.4018 0.4197 0.4172 0.4080 0.3940 0.3739 0.3455 0.3060 0.2468 0.1809 0.1773 0.2020 0.2331 0.2707 0.3135 0.3589 0.3956 0.4081 0.3957 0.3590 0.3136 0.2708 0.2332 0.2020 0.1773 0.1809 0.2468 0.3060 0.3455 0.3739 0.3940 0.4080 0.4172 0.4197 0.4018 0.3470 0.2822 0.2272 0.1862 0.1866 0.2746 0.3382 0.3758 0.3992 0.4137 0.4201 0.4073 0.3509 0.2806 0.2230 0.1821 0.1974 0.2897 0.3470 0.3815 0.4028 0.4158 0.4199 0.3993 0.3361 0.2675 0.2133 0.1780 0.2151 0.3045 0.3555 0.3877 0.4208
0.4187 0.3776 0.3403 0.2774 0.1879 0.1870 0.2305 0.2905 0.3612 0.4117 0.4199 0.4120 0.3964 0.3712 0.3302 0.2589 0.1799 0.1946 0.2415 0.3046 0.3749 0.4160 0.4190 0.4094 0.3922 0.3643 0.3194 0.2404 0.1768 0.2007 0.2482 0.3097 0.3756 0.4148 0.4197 0.4127 0.4002 0.3820 0.3556 0.3181 0.2633 0.1892 0.1744 0.1994 0.2315 0.2708 0.3157 0.3620 0.4001 0.4170 0.4189 0.4170 0.4002 0.3622 0.3157 0.2708 0.2316 0.1994 0.1744 0.1892 0.2633 0.3181 0.3556 0.3820 0.4002 0.4127 0.4197 0.4148 0.3756 0.3097 0.2482 0.2007 0.1768 0.2404 0.3194 0.3643 0.3922 0.4094 0.4190 0.4160 0.3749 0.3046 0.2415 0.1946 0.1799 0.2589 0.3302 0.3712 0.3964 0.4120 0.4199 0.4117 0.3612 0.2905 0.2305 0.1870 0.1879 0.2774 0.3403 0.3776 0.4187
0.4157 0.3659 0.3223 0.2446 0.1776 0.2005 0.2498 0.3151 0.3841 0.4180 0.4181 0.4074 0.3889 0.3589 0.3102 0.2239 0.1772 0.2093 0.2620 0.3298 0.3952 0.4196 0.4165 0.4043 0.3838 0.3508 0.2967 0.2051 0.1794 0.2171 0.2711 0.3377 0.3982 0.4196 0.4171 0.4068 0.3908 0.3673 0.3329 0.2831 0.2061 0.1717 0.1944 0.2268 0.2670 0.3136 0.3621 0.4007 0.4179 0.4196 0.4166 0.4196 0.4179 0.4008 0.3622 0.3136 0.2670 0.2268 0.1944 0.1717 0.2061 0.2831 0.3329 0.3673 0.3908 0.4068 0.4171 0.4196 0.3982 0.3378 0.2711 0.2171 0.1794 0.2051 0.2967 0.3508 0.3838 0.4043 0.4165 0.4196 0.3952 0.3298 0.2620 0.2093 0.1772 0.2239 0.3102 0.3589 0.3889 0.4074 0.4181 0.4180 0.3841 0.3151 0.2498 0.2005 0.1776 0.2446 0.3223 0.3659 0.4157
0.4119 0.3524 0.3004 0.2094 0.1790 0.2163 0.2716 0.3409 0.4022 0.4201 0.4152 0.4018 0.3799 0.3443 0.2849 0.1931 0.1841 0.2263 0.2850 0.3555 0.4094 0.4201 0.4130 0.3981 0.3739 0.3347 0.2671 0.1828 0.1911 0.2358 0.2961 0.3651 0.4122 0.4199 0.4130 0.3996 0.3795 0.3493 0.3050 0.2345 0.1742 0.1877 0.2197 0.2602 0.3082 0.3590 0.4001 0.4179 0.4198 0.4149 0.4091 0.4149 0.4198 0.4179 0.4002 0.3590 0.3082 0.2602 0.2197 0.1877 0.1742 0.2345 0.3050 0.3493 0.3795 0.3996 0.4130 0.4199 0.4122 0.3651 0.2961 0.2358 0.1911 0.1828 0.2671 0.3347 0.3739 0.3981 0.4130 0.4201 0.4094 0.3555 0.2850 0.2263 0.1841 0.1931 0.2849 0.3443 0.3799 0.4018 0.4152 0.4201 0.4022 0.3409 0.2716 0.2163 0.1790 0.2094 0.3004 0.3524 0.4119
0.4066 0.3351 0.2703 0.1847 0.1893 0.2338 0.2948 0.3656 0.4132 0.4195 0.4110 0.3947 0.3685 0.3259 0.2517 0.1786 0.1971 0.2450 0.3091 0.3789 0.4168 0.4185 0.4083 0.3903 0.3613 0.3142 0.2319 0.1769 0.2052 0.2560 0.3218 0.3884 0.4184 0.4178 0.4075 0.3906 0.3648 0.3261 0.2670 0.1880 0.1786 0.2090 0.2486 0.2970 0.3501 0.3957 0.4170 0.4196 0.4149 0.4060 0.3975 0.4060 0.4149 0.4196 0.4170 0.3957 0.3501 0.2970 0.2486 0.2090 0.1786 0.1880 0.2670 0.3261 0.3648 0.3906 0.4075 0.4178 0.4184 0.3884 0.3218 0.2560 0.2052 0.1769 0.2319 0.3142 0.3613 0.3903 0.4083 0.4185 0.4168 0.3789 0.3091 0.2450 0.1971 0.1786 0.2517 0.3259 0.3685 0.3947 0.4110 0.4195 0.4132 0.3656 0.2948 0.2338 0.1893 0.1847 0.2703 0.3351 0.4066
0.4017 0.3192 0.2445 0.1766 0.1966 0.2442 0.3081 0.3781 0.4163 0.4179 0.4073 0.3888 0.3587 0.3101 0.2261 0.1756 0.2050 0.2561 0.3228 0.3900 0.4184 0.4164 0.4042 0.3837 0.3506 0.2965 0.2070 0.1774 0.2138 0.2679 0.3361 0.3985 0.4192 0.4153 0.4027 0.3828 0.3522 0.3059 0.2331 0.1721 0.1876 0.2218 0.2657 0.3178 0.3711 0.4082 0.4189 0.4166 0.4091 0.3975 0.3871 0.3975 0.4091 0.4166 0.4189 0.4082 0.3711 0.3178 0.2657 0.2218 0.1876 0.1721 0.2331 0.3059 0.3522 0.3828 0.4027 0.4153 0.4192 0.3985 0.3361 0.2679 0.2138 0.1774 0.2070 0.2965 0.3506 0.3837 0.4042 0.4164 0.4184 0.3900 0.3228 0.2561 0.2050 0.1756 0.2261 0.3101 0.3587 0.3888 0.4073 0.4179 0.4163 0.3781 0.3081 0.2442 0.1966 0.1767 0.2446 0.3193 0.4017
0.4066 0.3351 0.2703 0.1847 0.1893 0.2338 0.2948 0.3656 0.4132 0.4195 0.4110 0.3947 0.3685 0.3259 0.2517 0.1786 0.1971 0.2450 0.3091 0.3789 0.4168 0.4185 0.4083 0.3903 0.3613 0.3142 0.2319 0.1769 0.2052 0.2560 0.3218 0.3884 0.4184 0.4178 0.4075 0.3906 0.3648 0.3261 0.2670 0.1880 0.1786 0.2090 0.2486 0.2970 0.3501 0.3957 0.4170 0.4196 0.4149 0.4060 0.3975 0.4060 0.4149 0.4196 0.4170 0.3957 0.3501 0.2970 0.2486 0.2090 0.1786 0.1880 0.2670 0.3261 0.3648 0.3906 0.4075 0.4178 0.4184 0.3884 0.3218 0.2560 0.2052 0.1769 0.2319 0.3142 0.3613 0.3903 0.4083 0.4185 0.4168 0.3789 0.3091 0.2450 0.1971 0.1786 0.2517 0.3259 0.3685 0.3947 0.4110 0.4195 0.4132 0.3656 0.2948 0.2338 0.1893 0.1847 0.2703 0.3351 0.4066
0.4119 0.3524 0.3004 0.2094 0.1790 0.2163 0.2716 0.3409 0.4022 0.4201 0.4152 0.4018 0.3799 0.3443 0.2849 0.1931 0.1841 0.2263 0.2850 0.3555 0.4094 0.4201 0.4130 0.3981 0.3739 0.3347 0.2671 0.1828 0.1911 0.2358 0.2961 0.3651 0.4122 0.4199 0.4130 0.3996 0.3795 0.3493 0.3050 0.2345 0.1742 0.1877 0.2197 0.2602 0.3082 0.3590 0.4002 0.4179 0.4198 0.4149 0.4091 0.4149 0.4198 0.4179 0.4002 0.3590 0.3082 0.2602 0.2197 0.1877 0.1742 0.2345 0.3050 0.3493 0.3795 0.3996 0.4130 0.4199 0.4122 0.3651 0.2961 0.2358 0.1911 0.1828 0.2671 0.3347 0.3739 0.3981 0.4130 0.4201 0.4094 0.3555 0.2850 0.2263 0.1841 0.1931 0.2849 0.3443 0.3799 0.4018 0.4152 0.4201 0.4022 0.3409 0.2716 0.2163 0.1790 0.2094 0.3004 0.3524 0.4119
0.4157 0.3659 0.3223 0.2446 0.1776 0.2005 0.2498 0.3151 0.3841 0.4180 0.4181 0.4074 0.3889 0.3589 0.3102 0.2239 0.1772 0.2093 0.2620 0.3298 0.3952 0.4196 0.4165 0.4043 0.3838 0.3508 0.2967 0.2051 0.1794 0.2171 0.2711 0.3377 0.3982 0.4196 0.4171 0.4068 0.3908 0.3673 0.3329 0.2831 0.2061 0.1717 0.1944 0.2268 0.2670 0.3136 0.3622 0.4008 0.4179 0.4196 0.4166 0.4196 0.4179 0.4008 0.3622 0.3136 0.2670 0.2268 0.1944 0.1717 0.2061 0.2831 0.3329 0.3673 0.3908 0.4068 0.4171 0.4196 0.3982 0.3378 0.2711 0.2171 0.1794 0.2051 0.2967 0.3508 0.3838 0.4043 0.4165 0.4196 0.3952 0.3298 0.2620 0.2093 0.1772 0.2239 0.3102 0.3589 0.3889 0.4074 0.4181 0.4180 0.3841 0.3151 0.2498 0.2005 0.1776 0.2446 0.3223 0.3659 0.4157
0.4187 0.3776 0.3403 0.2774 0.1879 0.1870 0.2305 0.2905 0.3612 0.4117 0.4199 0.4120 0.3964 0.3712 0.3302 0.2589 0.1799 0.1946 0.2415 0.3046 0.3749 0.4160 0.4190 0.4094 0.3922 0.3643 0.3194 0.2404 0.1768 0.2007 0.2482 0.3097 0.3756 0.4148 0.4197 0.4127 0.4002 0.3820 0.3556 0.3181 0.2633 0.1892 0.1744 0.1994 0.2316 0.2708 0.3157 0.3622 0.4002 0.4170 0.4189 0.4170 0.4002 0.3622 0.3157 0.2708 0.2316 0.1994 0.1744 0.1892 0.2633 0.3181 0.3556 0.3820 0.4002 0.4127 0.4197 0.4148 0.3756 0.3097 0.2482 0.2007 0.1768 0.2404 0.3194 0.3643 0.3922 0.4094 0.4190 0.4160 0.3749 0.3046 0.2415 0.1946 0.1799 0.2589 0.3302 0.3712 0.3964 0.4120 0.4199 0.4117 0.3612 0.2905 0.2305 0.1870 0.1879 0.2774 0.3403 0.3776 0.4187
0.4208 0.3877 0.3555 0.3045 0.2151 0.1780 0.2133 0.2675 0.3361 0.3993 0.4199 0.4158 0.4028 0.3815 0.3470 0.2897 0.1974 0.1821 0.2230 0.2806 0.3509 0.4073 0.4201 0.4137 0.3992 0.3758 0.3382 0.2746 0.1866 0.1862 0.2272 0.2822 0.3470 0.4018 0.4197 0.4172 0.4080 0.3940 0.3739 0.3455 0.3060 0.2468 0.1809 0.1773 0.2020 0.2332 0.2708 0.3136 0.3590 0.3957 0.4082 0.3957 0.3590 0.3136 0.2708 0.2332 0.2020 0.1773 0.1809 0.2468 0.3060 0.3455 0.3739 0.3940 0.4080 0.4172 0.4197 0.4018 0.3470 0.2822 0.2272 0.1862 0.1866 0.2746 0.3382 0.3758 0.3992 0.4137 0.4201 0.4073 0.3509 0.2806 0.2230 0.1821 0.1974 0.2897 0.3470 0.3815 0.4028 0.4158 0.4199 0.3993 0.3361 0.2675 0.2133 0.1780 0.2151 0.3045 0.3555 0.3877 0.4208
