0.4062 0.4079 0.4157 0.4194 0.4212 0.4222 0.4225 0.4220 0.4206 0.4183 0.4152 0.4113 0.4065 0.4007 0.3938 0.3855 0.3751 0.3619 0.3450 0.3264 0.3108 0.3027 0.3005 0.3015 0.3052 0.3111 0.3190 0.3286 0.3398 0.3521 0.3651 0.3780 0.3901 0.4004 0.4086 0.4145 0.4183 0.4207 0.4219 0.4225 0.4223 0.4212 0.4192 0.4164 0.4128 0.4084 0.4030 0.3966 0.3889 0.3781 0.3680 0.3781 0.3889 0.3966 0.4030 0.4084 0.4128 0.4164 0.4192 0.4212 0.4223 0.4225 0.4219 0.4207 0.4183 0.4145 0.4086 0.4004 0.3901 0.3780 0.3651 0.3521 0.3398 0.3286 0.3190 0.3111 0.3052 0.3015 0.3005 0.3027 0.3108 0.3264 0.3450 0.3619 0.3751 0.3855 0.3938 0.4007 0.4065 0.4113 0.4152 0.4183 0.4206 0.4220 0.4225 0.4222 0.4212 0.4194 0.4157 0.4079 0.4062
0.4079 0.4212 0.4195 0.4168 0.4131 0.4084 0.4025 0.3952 0.3865 0.3762 0.3642 0.3503 0.3342 0.3150 0.2913 0.2608 0.2259 0.1936 0.1771 0.1750 0.1824 0.1952 0.2099 0.2267 0.2456 0.2665 0.2894 0.3139 0.3392 0.3641 0.3864 0.4036 0.4142 0.4192 0.4206 0.4199 0.4178 0.4145 0.4102 0.4048 0.3981 0.3899 0.3802 0.3688 0.3557 0.3405 0.3225 0.3008 0.2729 0.2374 0.2094 0.2374 0.2729 0.3008 0.3225 0.3405 0.3557 0.3688 0.3802 0.3899 0.3981 0.4048 0.4102 0.4145 0.4178 0.4199 0.4206 0.4192 0.4142 0.4036 0.3864 0.3641 0.3392 0.3139 0.2894 0.2665 0.2456 0.2267 0.2099 0.1952 0.1824 0.1750 0.1771 0.1936 0.2259 0.2608 0.2913 0.3150 0.3342 0.3503 0.3642 0.3762 0.3865 0.3952 0.4025 0.4084 0.4131 0.4168 0.4195 0.4212 0.4079
0.4157 0.4195 0.4121 0.4049 0.3970 0.3884 0.3785 0.3671 0.3538 0.3382 0.3197 0.2972 0.2680 0.2339 0.2003 0.1810 0.1771 0.1827 0.1955 0.2103 0.2271 0.2461 0.2671 0.2901 0.3147 0.3401 0.3650 0.3872 0.4041 0.4143 0.4190 0.4202 0.4192 0.4168 0.4134 0.4090 0.4038 0.3975 0.3902 0.3814 0.3710 0.3588 0.3442 0.3269 0.3061 0.2795 0.2470 0.2117 0.1861 0.1772 0.1763 0.1772 0.1861 0.2117 0.2470 0.2795 0.3061 0.3269 0.3442 0.3588 0.3710 0.3814 0.3902 0.3975 0.4038 0.4090 0.4134 0.4168 0.4192 0.4202 0.4190 0.4143 0.4041 0.3872 0.3650 0.3401 0.3147 0.2901 0.2671 0.2461 0.2271 0.2103 0.1955 0.1827 0.1771 0.1810 0.2003 0.2339 0.2680 0.2972 0.3197 0.3382 0.3538 0.3671 0.3785 0.3884 0.3970 0.4049 0.4121 0.4195 0.4157
0.4194 0.4168 0.4049 0.3927 0.3789 0.3633 0.3460 0.3265 0.3039 0.2757 0.2413 0.2058 0.1830 0.1770 0.1811 0.1932 0.2076 0.2242 0.2427 0.2634 0.2861 0.3104 0.3358 0.3609 0.3838 0.4017 0.4130 0.4185 0.4201 0.4194 0.4173 0.4140 0.4098 0.4047 0.3987 0.3915 0.3830 0.3729 0.3610 0.3469 0.3301 0.3099 0.2846 0.2528 0.2175 0.1892 0.1778 0.1785 0.1885 0.2023 0.2106 0.2023 0.1885 0.1785 0.1778 0.1892 0.2175 0.2528 0.2846 0.3099 0.3301 0.3469 0.3610 0.3729 0.3830 0.3915 0.3987 0.4047 0.4098 0.4140 0.4173 0.4194 0.4201 0.4185 0.4130 0.4017 0.3838 0.3609 0.3358 0.3104 0.2861 0.2634 0.2427 0.2242 0.2076 0.1932 0.1811 0.1770 0.1830 0.2058 0.2413 0.2757 0.3039 0.3265 0.3460 0.3633 0.3789 0.3927 0.4049 0.4168 0.4194
0.4212 0.4131 0.3970 0.3789 0.3568 0.3311 0.3016 0.2662 0.2227 0.1883 0.1764 0.1789 0.1903 0.2047 0.2210 0.2393 0.2597 0.2821 0.3062 0.3315 0.3567 0.3801 0.3991 0.4116 0.4179 0.4201 0.4197 0.4177 0.4146 0.4106 0.4057 0.3998 0.3928 0.3846 0.3748 0.3632 0.3494 0.3331 0.3137 0.2895 0.2585 0.2236 0.1929 0.1786 0.1777 0.1861 0.1996 0.2149 0.2327 0.2522 0.2637 0.2522 0.2327 0.2149 0.1996 0.1861 0.1777 0.1786 0.1929 0.2236 0.2585 0.2895 0.3137 0.3331 0.3494 0.3632 0.3748 0.3846 0.3928 0.3998 0.4057 0.4106 0.4146 0.4177 0.4197 0.4201 0.4179 0.4116 0.3991 0.3801 0.3567 0.3315 0.3062 0.2821 0.2597 0.2393 0.2210 0.2047 0.1903 0.1789 0.1764 0.1883 0.2227 0.2662 0.3016 0.3311 0.3568 0.3789 0.3970 0.4131 0.4212
0.4222 0.4084 0.3884 0.3633 0.3311 0.2917 0.2404 0.1886 0.1727 0.1817 0.1973 0.2146 0.2338 0.2546 0.2773 0.3015 0.3268 0.3524 0.3764 0.3963 0.4099 0.4172 0.4199 0.4199 0.4181 0.4152 0.4114 0.4066 0.4008 0.3941 0.3861 0.3766 0.3653 0.3520 0.3361 0.3173 0.2941 0.2642 0.2297 0.1971 0.1798 0.1772 0.1840 0.1971 0.2122 0.2292 0.2484 0.2697 0.2933 0.3179 0.3317 0.3179 0.2933 0.2697 0.2484 0.2292 0.2122 0.1971 0.1840 0.1772 0.1798 0.1971 0.2297 0.2642 0.2941 0.3173 0.3361 0.3520 0.3653 0.3766 0.3861 0.3941 0.4008 0.4066 0.4114 0.4152 0.4181 0.4199 0.4199 0.4172 0.4099 0.3963 0.3764 0.3524 0.3268 0.3015 0.2773 0.2546 0.2338 0.2146 0.1973 0.1817 0.1727 0.1886 0.2404 0.2917 0.3311 0.3633 0.3884 0.4084 0.4222
0.4225 0.4025 0.3785 0.3460 0.3016 0.2404 0.1801 0.1744 0.1932 0.2147 0.2384 0.2639 0.2907 0.3182 0.3455 0.3711 0.3927 0.4079 0.4163 0.4197 0.4200 0.4185 0.4158 0.4121 0.4074 0.4019 0.3953 0.3875 0.3783 0.3674 0.3544 0.3390 0.3207 0.2984 0.2696 0.2358 0.2018 0.1816 0.1770 0.1822 0.1948 0.2095 0.2262 0.2450 0.2660 0.2889 0.3134 0.3388 0.3641 0.3863 0.3964 0.3863 0.3641 0.3388 0.3134 0.2889 0.2660 0.2450 0.2262 0.2095 0.1948 0.1822 0.1770 0.1816 0.2018 0.2358 0.2696 0.2984 0.3207 0.3390 0.3544 0.3674 0.3783 0.3875 0.3953 0.4019 0.4074 0.4121 0.4158 0.4185 0.4200 0.4197 0.4163 0.4079 0.3927 0.3711 0.3455 0.3182 0.2907 0.2639 0.2384 0.2147 0.1932 0.1744 0.1801 0.2404 0.3016 0.3460 0.3785 0.4025 0.4225
0.4220 0.3952 0.3671 0.3265 0.2662 0.1886 0.1744 0.1974 0.2247 0.2554 0.2884 0.3222 0.3545 0.3826 0.4029 0.4144 0.4192 0.4201 0.4189 0.4164 0.4128 0.4083 0.4029 0.3965 0.3890 0.3800 0.3694 0.3568 0.3418 0.3241 0.3026 0.2750 0.2419 0.2069 0.1838 0.1771 0.1806 0.1924 0.2068 0.2232 0.2417 0.2622 0.2848 0.3091 0.3344 0.3596 0.3826 0.4009 0.4127 0.4183 0.4191 0.4183 0.4127 0.4009 0.3826 0.3596 0.3344 0.3091 0.2848 0.2622 0.2417 0.2232 0.2068 0.1924 0.1806 0.1771 0.1838 0.2069 0.2419 0.2750 0.3026 0.3241 0.3418 0.3568 0.3694 0.3800 0.3890 0.3965 0.4029 0.4083 0.4128 0.4164 0.4189 0.4201 0.4192 0.4144 0.4029 0.3826 0.3545 0.3222 0.2884 0.2554 0.2247 0.1974 0.1744 0.1886 0.2662 0.3265 0.3671 0.3952 0.4220
0.4206 0.3865 0.3538 0.3039 0.2227 0.1727 0.1932 0.2247 0.2615 0.3017 0.3425 0.3787 0.4041 0.4162 0.4199 0.4196 0.4173 0.4138 0.4094 0.4040 0.3978 0.3904 0.3817 0.3713 0.3591 0.3446 0.3274 0.3066 0.2802 0.2478 0.2125 0.1865 0.1774 0.1793 0.1902 0.2042 0.2202 0.2384 0.2586 0.2808 0.3049 0.3301 0.3554 0.3790 0.3982 0.4111 0.4177 0.4200 0.4198 0.4177 0.4153 0.4177 0.4198 0.4200 0.4177 0.4111 0.3982 0.3790 0.3554 0.3301 0.3049 0.2808 0.2586 0.2384 0.2202 0.2042 0.1902 0.1793 0.1774 0.1865 0.2125 0.2478 0.2802 0.3066 0.3274 0.3446 0.3591 0.3713 0.3817 0.3904 0.3978 0.4040 0.4094 0.4138 0.4173 0.4196 0.4199 0.4162 0.4041 0.3787 0.3425 0.3017 0.2615 0.2247 0.1932 0.1727 0.2227 0.3039 0.3538 0.3865 0.4206
0.4183 0.3762 0.3382 0.2757 0.1883 0.1817 0.2147 0.2554 0.3017 0.3492 0.3895 0.4124 0.4196 0.4195 0.4164 0.4120 0.4065 0.4000 0.3926 0.3839 0.3737 0.3616 0.3474 0.3306 0.3105 0.2853 0.2536 0.2184 0.1897 0.1779 0.1784 0.1880 0.2017 0.2174 0.2351 0.2550 0.2769 0.3006 0.3257 0.3511 0.3752 0.3954 0.4094 0.4169 0.4199 0.4199 0.4183 0.4154 0.4116 0.4065 0.4021 0.4065 0.4116 0.4154 0.4183 0.4199 0.4199 0.4169 0.4094 0.3954 0.3752 0.3511 0.3257 0.3006 0.2769 0.2550 0.2351 0.2174 0.2017 0.1880 0.1784 0.1779 0.1897 0.2184 0.2536 0.2853 0.3105 0.3306 0.3474 0.3616 0.3737 0.3839 0.3926 0.4000 0.4065 0.4120 0.4164 0.4195 0.4196 0.4124 0.3895 0.3492 0.3017 0.2554 0.2147 0.1817 0.1883 0.2757 0.3382 0.3762 0.4183
0.4152 0.3642 0.3197 0.2413 0.1764 0.1973 0.2384 0.2884 0.3425 0.3895 0.4143 0.4200 0.4180 0.4130 0.4065 0.3987 0.3896 0.3789 0.3665 0.3521 0.3353 0.3155 0.2911 0.2600 0.2248 0.1935 0.1788 0.1776 0.1858 0.1992 0.2145 0.2319 0.2514 0.2730 0.2965 0.3214 0.3468 0.3712 0.3923 0.4075 0.4160 0.4196 0.4201 0.4186 0.4160 0.4123 0.4077 0.4022 0.3957 0.3875 0.3804 0.3875 0.3957 0.4022 0.4077 0.4123 0.4160 0.4186 0.4201 0.4196 0.4160 0.4075 0.3923 0.3712 0.3468 0.3214 0.2965 0.2730 0.2514 0.2319 0.2145 0.1992 0.1858 0.1776 0.1788 0.1935 0.2248 0.2600 0.2911 0.3155 0.3353 0.3521 0.3665 0.3789 0.3896 0.3987 0.4065 0.4130 0.4180 0.4200 0.4143 0.3895 0.3425 0.2884 0.2384 0.1973 0.1764 0.2413 0.3197 0.3642 0.4152
0.4113 0.3503 0.2972 0.2058 0.1789 0.2146 0.2638 0.3221 0.3787 0.4124 0.4200 0.4173 0.4110 0.4026 0.3923 0.3798 0.3649 0.3474 0.3269 0.3028 0.2725 0.2358 0.1998 0.1802 0.1769 0.1835 0.1967 0.2117 0.2288 0.2480 0.2692 0.2924 0.3171 0.3425 0.3672 0.3891 0.4054 0.4150 0.4192 0.4201 0.4190 0.4165 0.4130 0.4086 0.4032 0.3969 0.3894 0.3805 0.3700 0.3566 0.3453 0.3566 0.3700 0.3805 0.3894 0.3969 0.4032 0.4086 0.4130 0.4165 0.4190 0.4201 0.4192 0.4150 0.4054 0.3891 0.3672 0.3425 0.3171 0.2924 0.2692 0.2480 0.2288 0.2117 0.1967 0.1835 0.1769 0.1802 0.1998 0.2358 0.2725 0.3028 0.3269 0.3474 0.3649 0.3798 0.3923 0.4026 0.4110 0.4173 0.4200 0.4124 0.3787 0.3222 0.2639 0.2146 0.1789 0.2058 0.2972 0.3503 0.4113
0.4065 0.3342 0.2680 0.1830 0.1903 0.2337 0.2906 0.3545 0.4040 0.4196 0.4180 0.4110 0.4013 0.3888 0.3730 0.3535 0.3299 0.3016 0.2658 0.2215 0.1867 0.1757 0.1798 0.1927 0.2079 0.2250 0.2440 0.2651 0.2881 0.3128 0.3381 0.3631 0.3857 0.4031 0.4138 0.4188 0.4202 0.4193 0.4170 0.4137 0.4094 0.4042 0.3980 0.3908 0.3822 0.3719 0.3598 0.3454 0.3283 0.3065 0.2873 0.3065 0.3283 0.3454 0.3598 0.3719 0.3822 0.3908 0.3980 0.4042 0.4094 0.4137 0.4170 0.4193 0.4202 0.4188 0.4138 0.4031 0.3857 0.3631 0.3381 0.3128 0.2881 0.2651 0.2440 0.2250 0.2079 0.1927 0.1798 0.1757 0.1867 0.2215 0.2658 0.3016 0.3299 0.3535 0.3730 0.3888 0.4013 0.4110 0.4180 0.4196 0.4041 0.3545 0.2907 0.2338 0.1903 0.1830 0.2680 0.3342 0.4065
0.4007 0.3150 0.2339 0.1770 0.2047 0.2546 0.3181 0.3826 0.4162 0.4195 0.4130 0.4026 0.3888 0.3706 0.3473 0.3179 0.2811 0.2307 0.1858 0.1736 0.1828 0.1987 0.2166 0.2365 0.2584 0.2820 0.3070 0.3329 0.3586 0.3819 0.4005 0.4124 0.4183 0.4201 0.4196 0.4175 0.4143 0.4102 0.4052 0.3992 0.3921 0.3837 0.3738 0.3620 0.3480 0.3315 0.3117 0.2869 0.2554 0.2198 0.1967 0.2198 0.2554 0.2869 0.3117 0.3315 0.3480 0.3620 0.3738 0.3837 0.3921 0.3992 0.4052 0.4102 0.4143 0.4175 0.4196 0.4201 0.4183 0.4124 0.4005 0.3819 0.3586 0.3329 0.3070 0.2820 0.2584 0.2365 0.2166 0.1987 0.1828 0.1736 0.1858 0.2307 0.2811 0.3179 0.3473 0.3706 0.3888 0.4026 0.4130 0.4195 0.4162 0.3826 0.3182 0.2546 0.2047 0.1770 0.2339 0.3150 0.4007
0.3938 0.2913 0.2003 0.1811 0.2210 0.2772 0.3455 0.4029 0.4199 0.4164 0.4065 0.3923 0.3730 0.3473 0.3137 0.2697 0.2087 0.1734 0.1787 0.1968 0.2178 0.2412 0.2668 0.2941 0.3222 0.3501 0.3758 0.3966 0.4104 0.4175 0.4200 0.4198 0.4179 0.4149 0.4110 0.4061 0.4003 0.3934 0.3853 0.3756 0.3642 0.3506 0.3345 0.3153 0.2916 0.2611 0.2264 0.1948 0.1792 0.1775 0.1801 0.1775 0.1792 0.1948 0.2264 0.2611 0.2916 0.3153 0.3345 0.3506 0.3642 0.3756 0.3853 0.3934 0.4003 0.4061 0.4110 0.4149 0.4179 0.4198 0.4200 0.4175 0.4104 0.3966 0.3758 0.3501 0.3222 0.2941 0.2668 0.2412 0.2178 0.1969 0.1787 0.1734 0.2087 0.2697 0.3137 0.3473 0.3730 0.3923 0.4065 0.4164 0.4199 0.4029 0.3455 0.2773 0.2210 0.1811 0.2003 0.2913 0.3938
0.3855 0.2608 0.1810 0.1932 0.2393 0.3015 0.3711 0.4144 0.4196 0.4120 0.3987 0.3798 0.3535 0.3179 0.2697 0.2021 0.1708 0.1852 0.2075 0.2335 0.2628 0.2944 0.3271 0.3587 0.3859 0.4053 0.4156 0.4196 0.4200 0.4184 0.4156 0.4117 0.4070 0.4013 0.3947 0.3868 0.3774 0.3663 0.3531 0.3375 0.3189 0.2961 0.2667 0.2325 0.1992 0.1806 0.1771 0.1831 0.1963 0.2111 0.2199 0.2111 0.1963 0.1831 0.1771 0.1806 0.1992 0.2325 0.2667 0.2961 0.3189 0.3375 0.3531 0.3663 0.3774 0.3868 0.3947 0.4013 0.4070 0.4117 0.4156 0.4184 0.4200 0.4196 0.4156 0.4053 0.3859 0.3587 0.3271 0.2944 0.2628 0.2335 0.2075 0.1852 0.1708 0.2021 0.2697 0.3179 0.3535 0.3798 0.3987 0.4120 0.4196 0.4144 0.3711 0.3015 0.2393 0.1932 0.1810 0.2608 0.3855
0.3751 0.2259 0.1771 0.2076 0.2597 0.3268 0.3927 0.4192 0.4173 0.4065 0.3896 0.3649 0.3299 0.2811 0.2087 0.1708 0.1875 0.2131 0.2437 0.2784 0.3158 0.3530 0.3854 0.4072 0.4173 0.4201 0.4193 0.4167 0.4130 0.4083 0.4027 0.3961 0.3883 0.3792 0.3683 0.3555 0.3403 0.3223 0.3004 0.2721 0.2386 0.2041 0.1825 0.1770 0.1814 0.1937 0.2082 0.2248 0.2438 0.2644 0.2766 0.2644 0.2438 0.2248 0.2082 0.1937 0.1814 0.1770 0.1825 0.2041 0.2386 0.2721 0.3004 0.3223 0.3403 0.3555 0.3683 0.3792 0.3883 0.3961 0.4027 0.4083 0.4130 0.4167 0.4193 0.4201 0.4173 0.4072 0.3854 0.3530 0.3158 0.2784 0.2437 0.2131 0.1875 0.1708 0.2087 0.2811 0.3299 0.3649 0.3896 0.4065 0.4173 0.4192 0.3927 0.3268 0.2597 0.2076 0.1771 0.2259 0.3751
0.3619 0.1936 0.1827 0.2242 0.2821 0.3524 0.4079 0.4201 0.4138 0.4000 0.3789 0.3474 0.3016 0.2308 0.1734 0.1852 0.2131 0.2472 0.2865 0.3289 0.3695 0.4005 0.4159 0.4200 0.4190 0.4157 0.4111 0.4054 0.3987 0.3909 0.3818 0.3710 0.3584 0.3435 0.3258 0.3046 0.2775 0.2446 0.2094 0.1849 0.1772 0.1800 0.1914 0.2056 0.2218 0.2401 0.2606 0.2830 0.3076 0.3327 0.3465 0.3327 0.3076 0.2830 0.2606 0.2401 0.2218 0.2056 0.1914 0.1800 0.1772 0.1849 0.2094 0.2446 0.2775 0.3046 0.3258 0.3435 0.3584 0.3710 0.3818 0.3909 0.3987 0.4054 0.4111 0.4157 0.4190 0.4200 0.4159 0.4005 0.3695 0.3289 0.2865 0.2472 0.2131 0.1852 0.1734 0.2307 0.3016 0.3474 0.3789 0.4000 0.4138 0.4201 0.4079 0.3524 0.2821 0.2242 0.1827 0.1936 0.3619
0.3450 0.1771 0.1955 0.2427 0.3062 0.3764 0.4163 0.4189 0.4094 0.3926 0.3665 0.3269 0.2658 0.1859 0.1787 0.2075 0.2437 0.2865 0.3332 0.3771 0.4073 0.4187 0.4198 0.4166 0.4114 0.4048 0.3970 0.3877 0.3767 0.3639 0.3489 0.3312 0.3103 0.2845 0.2518 0.2158 0.1880 0.1775 0.1788 0.1892 0.2031 0.2189 0.2369 0.2569 0.2790 0.3029 0.3281 0.3534 0.3776 0.3971 0.4050 0.3971 0.3776 0.3534 0.3281 0.3029 0.2790 0.2569 0.2369 0.2189 0.2031 0.1892 0.1788 0.1775 0.1880 0.2158 0.2518 0.2845 0.3103 0.3312 0.3489 0.3639 0.3767 0.3877 0.3970 0.4048 0.4114 0.4166 0.4198 0.4187 0.4073 0.3771 0.3332 0.2865 0.2437 0.2075 0.1787 0.1858 0.2658 0.3269 0.3665 0.3926 0.4094 0.4189 0.4163 0.3764 0.3062 0.2427 0.1955 0.1771 0.3450
0.3264 0.1750 0.2103 0.2634 0.3315 0.3963 0.4197 0.4164 0.4040 0.3839 0.3521 0.3028 0.2216 0.1735 0.1968 0.2335 0.2784 0.3289 0.3771 0.4092 0.4195 0.4190 0.4144 0.4077 0.3991 0.3888 0.3762 0.3611 0.3433 0.3223 0.2972 0.2650 0.2273 0.1936 0.1781 0.1776 0.1866 0.2003 0.2160 0.2336 0.2534 0.2751 0.2987 0.3237 0.3491 0.3734 0.3940 0.4085 0.4166 0.4196 0.4195 0.4196 0.4166 0.4085 0.3940 0.3734 0.3491 0.3237 0.2987 0.2751 0.2534 0.2336 0.2160 0.2003 0.1866 0.1776 0.1781 0.1936 0.2273 0.2650 0.2972 0.3223 0.3433 0.3611 0.3762 0.3888 0.3991 0.4077 0.4144 0.4190 0.4195 0.4092 0.3771 0.3289 0.2784 0.2335 0.1969 0.1736 0.2215 0.3028 0.3521 0.3839 0.4040 0.4164 0.4197 0.3963 0.3315 0.2634 0.2103 0.1750 0.3264
0.3108 0.1824 0.2271 0.2861 0.3567 0.4099 0.4200 0.4128 0.3978 0.3737 0.3353 0.2725 0.1867 0.1827 0.2177 0.2628 0.3158 0.3695 0.4073 0.4195 0.4187 0.4132 0.4052 0.3949 0.3819 0.3658 0.3460 0.3222 0.2933 0.2555 0.2119 0.1824 0.1757 0.1822 0.1960 0.2117 0.2294 0.2491 0.2709 0.2944 0.3193 0.3448 0.3694 0.3909 0.4065 0.4156 0.4194 0.4201 0.4188 0.4160 0.4133 0.4160 0.4188 0.4201 0.4194 0.4156 0.4065 0.3909 0.3694 0.3448 0.3193 0.2944 0.2709 0.2491 0.2294 0.2117 0.1960 0.1822 0.1757 0.1824 0.2119 0.2555 0.2933 0.3222 0.3460 0.3658 0.3819 0.3949 0.4052 0.4132 0.4187 0.4195 0.4073 0.3695 0.3158 0.2628 0.2178 0.1828 0.1867 0.2725 0.3353 0.3737 0.3978 0.4128 0.4200 0.4099 0.3567 0.2861 0.2271 0.1824 0.3108
0.3027 0.1952 0.2461 0.3104 0.3801 0.4172 0.4185 0.4083 0.3904 0.3616 0.3154 0.2358 0.1757 0.1986 0.2412 0.2944 0.3530 0.4005 0.4187 0.4190 0.4132 0.4043 0.3926 0.3774 0.3580 0.3337 0.3034 0.2641 0.2135 0.1794 0.1750 0.1865 0.2027 0.2210 0.2414 0.2637 0.2878 0.3134 0.3395 0.3648 0.3873 0.4043 0.4144 0.4191 0.4202 0.4191 0.4167 0.4133 0.4089 0.4033 0.3985 0.4033 0.4089 0.4133 0.4167 0.4191 0.4202 0.4191 0.4144 0.4043 0.3873 0.3648 0.3395 0.3134 0.2878 0.2637 0.2414 0.2210 0.2027 0.1865 0.1750 0.1794 0.2135 0.2641 0.3034 0.3337 0.3580 0.3774 0.3926 0.4043 0.4132 0.4190 0.4187 0.4005 0.3530 0.2944 0.2412 0.1987 0.1757 0.2358 0.3155 0.3616 0.3904 0.4083 0.4185 0.4172 0.3801 0.3104 0.2461 0.1952 0.3027
0.3005 0.2099 0.2671 0.3358 0.3991 0.4199 0.4158 0.4029 0.3817 0.3474 0.2912 0.1999 0.1798 0.2166 0.2667 0.3271 0.3854 0.4159 0.4198 0.4144 0.4052 0.3926 0.3759 0.3539 0.3256 0.2893 0.2384 0.1872 0.1725 0.1849 0.2033 0.2243 0.2478 0.2735 0.3007 0.3289 0.3565 0.3814 0.4007 0.4128 0.4185 0.4201 0.4194 0.4172 0.4140 0.4098 0.4046 0.3986 0.3914 0.3823 0.3745 0.3823 0.3914 0.3986 0.4046 0.4098 0.4140 0.4172 0.4194 0.4201 0.4185 0.4128 0.4007 0.3814 0.3565 0.3289 0.3007 0.2735 0.2478 0.2243 0.2033 0.1849 0.1725 0.1872 0.2384 0.2893 0.3256 0.3539 0.3759 0.3926 0.4052 0.4144 0.4198 0.4159 0.3854 0.3271 0.2668 0.2166 0.1798 0.1998 0.2911 0.3474 0.3817 0.4029 0.4158 0.4199 0.3991 0.3358 0.2671 0.2099 0.3005
0.3015 0.2267 0.2901 0.3609 0.4116 0.4199 0.4121 0.3965 0.3713 0.3306 0.2602 0.1802 0.1927 0.2365 0.2940 0.3587 0.4072 0.4200 0.4166 0.4077 0.3949 0.3774 0.3539 0.3228 0.2817 0.2218 0.1763 0.1765 0.1957 0.2184 0.2445 0.2735 0.3046 0.3363 0.3665 0.3917 0.4086 0.4170 0.4200 0.4198 0.4178 0.4147 0.4106 0.4056 0.3997 0.3927 0.3844 0.3746 0.3630 0.3483 0.3357 0.3483 0.3630 0.3746 0.3844 0.3927 0.3997 0.4056 0.4106 0.4147 0.4178 0.4198 0.4200 0.4170 0.4086 0.3917 0.3665 0.3363 0.3046 0.2735 0.2445 0.2184 0.1957 0.1765 0.1763 0.2218 0.2817 0.3228 0.3539 0.3774 0.3949 0.4077 0.4166 0.4200 0.4072 0.3587 0.2941 0.2365 0.1927 0.1802 0.2600 0.3306 0.3713 0.3965 0.4121 0.4199 0.4116 0.3609 0.2901 0.2267 0.3015
0.3052 0.2456 0.3147 0.3838 0.4179 0.4181 0.4074 0.3890 0.3591 0.3105 0.2249 0.1769 0.2078 0.2583 0.3222 0.3859 0.4173 0.4190 0.4114 0.3991 0.3819 0.3580 0.3256 0.2817 0.2165 0.1729 0.1812 0.2034 0.2302 0.2611 0.2953 0.3312 0.3657 0.3939 0.4113 0.4186 0.4201 0.4188 0.4159 0.4119 0.4070 0.4011 0.3943 0.3862 0.3765 0.3652 0.3518 0.3359 0.3169 0.2922 0.2699 0.2922 0.3169 0.3359 0.3518 0.3652 0.3765 0.3862 0.3943 0.4011 0.4070 0.4119 0.4159 0.4188 0.4201 0.4186 0.4113 0.3939 0.3657 0.3312 0.2953 0.2611 0.2302 0.2034 0.1812 0.1729 0.2165 0.2817 0.3256 0.3580 0.3819 0.3991 0.4114 0.4190 0.4173 0.3859 0.3222 0.2584 0.2079 0.1769 0.2248 0.3105 0.3591 0.3890 0.4074 0.4181 0.4179 0.3838 0.3147 0.2456 0.3052
0.3111 0.2665 0.3401 0.4017 0.4201 0.4152 0.4019 0.3800 0.3446 0.2854 0.1936 0.1835 0.2249 0.2819 0.3500 0.4053 0.4201 0.4157 0.4048 0.3888 0.3658 0.3337 0.2893 0.2218 0.1729 0.1828 0.2075 0.2376 0.2727 0.3115 0.3511 0.3861 0.4089 0.4184 0.4201 0.4182 0.4145 0.4097 0.4038 0.3969 0.3888 0.3793 0.3680 0.3548 0.3392 0.3207 0.2982 0.2693 0.2353 0.2011 0.1839 0.2011 0.2353 0.2693 0.2982 0.3207 0.3392 0.3548 0.3680 0.3793 0.3888 0.3969 0.4038 0.4097 0.4145 0.4182 0.4201 0.4184 0.4089 0.3861 0.3511 0.3115 0.2727 0.2376 0.2075 0.1828 0.1729 0.2218 0.2893 0.3337 0.3658 0.3888 0.4048 0.4157 0.4201 0.4053 0.3501 0.2820 0.2250 0.1835 0.1935 0.2853 0.3446 0.3800 0.4019 0.4152 0.4201 0.4017 0.3401 0.2665 0.3111
0.3190 0.2894 0.3650 0.4130 0.4197 0.4114 0.3953 0.3694 0.3274 0.2536 0.1788 0.1967 0.2440 0.3070 0.3757 0.4156 0.4193 0.4111 0.3970 0.3762 0.3460 0.3034 0.2384 0.1763 0.1812 0.2075 0.2402 0.2786 0.3213 0.3639 0.3980 0.4154 0.4200 0.4187 0.4148 0.4093 0.4025 0.3944 0.3848 0.3735 0.3603 0.3446 0.3263 0.3043 0.2765 0.2426 0.2071 0.1836 0.1771 0.1808 0.1867 0.1808 0.1771 0.1836 0.2071 0.2426 0.2765 0.3043 0.3263 0.3446 0.3603 0.3735 0.3848 0.3944 0.4025 0.4093 0.4148 0.4187 0.4200 0.4154 0.3980 0.3639 0.3213 0.2786 0.2402 0.2075 0.1812 0.1763 0.2384 0.3034 0.3460 0.3762 0.3970 0.4111 0.4193 0.4156 0.3758 0.3070 0.2440 0.1967 0.1788 0.2536 0.3274 0.3694 0.3953 0.4114 0.4197 0.4130 0.3650 0.2894 0.3190
0.3286 0.3139 0.3872 0.4185 0.4177 0.4066 0.3875 0.3568 0.3066 0.2184 0.1776 0.2117 0.2651 0.3329 0.3966 0.4196 0.4167 0.4054 0.3877 0.3611 0.3222 0.2641 0.1872 0.1765 0.2034 0.2376 0.2786 0.3246 0.3699 0.4037 0.4180 0.4199 0.4168 0.4113 0.4040 0.3951 0.3843 0.3714 0.3559 0.3376 0.3159 0.2895 0.2554 0.2173 0.1877 0.1771 0.1790 0.1900 0.2045 0.2205 0.2300 0.2205 0.2045 0.1900 0.1790 0.1771 0.1877 0.2173 0.2554 0.2895 0.3159 0.3376 0.3559 0.3714 0.3843 0.3951 0.4040 0.4113 0.4168 0.4199 0.4180 0.4037 0.3699 0.3246 0.2786 0.2376 0.2034 0.1765 0.1872 0.2641 0.3222 0.3611 0.3877 0.4054 0.4167 0.4196 0.3966 0.3329 0.2651 0.2117 0.1776 0.2184 0.3066 0.3568 0.3875 0.4066 0.4177 0.4185 0.3872 0.3139 0.3286
0.3398 0.3392 0.4041 0.4201 0.4146 0.4008 0.3783 0.3418 0.2802 0.1897 0.1858 0.2288 0.2881 0.3586 0.4104 0.4200 0.4130 0.3987 0.3768 0.3433 0.2933 0.2135 0.1725 0.1957 0.2302 0.2727 0.3213 0.3699 0.4054 0.4188 0.4195 0.4152 0.4084 0.3995 0.3885 0.3747 0.3578 0.3373 0.3126 0.2820 0.2421 0.2010 0.1787 0.1765 0.1857 0.2000 0.2161 0.2344 0.2549 0.2769 0.2897 0.2769 0.2549 0.2344 0.2161 0.2000 0.1857 0.1765 0.1787 0.2010 0.2421 0.2820 0.3126 0.3373 0.3578 0.3747 0.3885 0.3996 0.4084 0.4152 0.4195 0.4188 0.4054 0.3699 0.3213 0.2727 0.2302 0.1957 0.1725 0.2135 0.2933 0.3433 0.3767 0.3987 0.4130 0.4200 0.4104 0.3586 0.2881 0.2288 0.1858 0.1897 0.2802 0.3418 0.3783 0.4008 0.4146 0.4201 0.4041 0.3392 0.3398
0.3521 0.3641 0.4143 0.4194 0.4106 0.3941 0.3674 0.3241 0.2478 0.1779 0.1992 0.2480 0.3128 0.3819 0.4175 0.4184 0.4083 0.3910 0.3639 0.3223 0.2555 0.1794 0.1849 0.2184 0.2611 0.3115 0.3639 0.4037 0.4188 0.4193 0.4143 0.4065 0.3963 0.3832 0.3665 0.3456 0.3196 0.2872 0.2434 0.1970 0.1754 0.1776 0.1913 0.2078 0.2265 0.2472 0.2700 0.2945 0.3206 0.3464 0.3601 0.3464 0.3206 0.2945 0.2700 0.2472 0.2265 0.2078 0.1913 0.1776 0.1754 0.1970 0.2434 0.2872 0.3196 0.3456 0.3665 0.3832 0.3963 0.4065 0.4143 0.4193 0.4188 0.4037 0.3639 0.3115 0.2611 0.2184 0.1849 0.1794 0.2555 0.3223 0.3639 0.3909 0.4083 0.4184 0.4175 0.3819 0.3128 0.2480 0.1992 0.1779 0.2478 0.3241 0.3674 0.3941 0.4106 0.4194 0.4143 0.3641 0.3521
0.3651 0.3864 0.4190 0.4173 0.4057 0.3861 0.3544 0.3026 0.2125 0.1784 0.2145 0.2692 0.3381 0.4005 0.4200 0.4156 0.4027 0.3818 0.3489 0.2972 0.2119 0.1750 0.2033 0.2445 0.2953 0.3511 0.3980 0.4180 0.4195 0.4143 0.4059 0.3946 0.3798 0.3605 0.3359 0.3046 0.2632 0.2086 0.1758 0.1764 0.1920 0.2108 0.2321 0.2558 0.2816 0.3089 0.3367 0.3636 0.3875 0.4047 0.4107 0.4047 0.3875 0.3636 0.3367 0.3089 0.2816 0.2558 0.2321 0.2108 0.1920 0.1764 0.1758 0.2086 0.2632 0.3046 0.3359 0.3605 0.3798 0.3946 0.4059 0.4143 0.4195 0.4180 0.3980 0.3511 0.2953 0.2445 0.2033 0.1750 0.2119 0.2972 0.3489 0.3818 0.4027 0.4156 0.4200 0.4005 0.3381 0.2692 0.2145 0.1784 0.2125 0.3026 0.3544 0.3861 0.4057 0.4173 0.4190 0.3864 0.3651
0.3780 0.4036 0.4202 0.4140 0.3998 0.3766 0.3390 0.2750 0.1865 0.1880 0.2319 0.2924 0.3631 0.4124 0.4198 0.4117 0.3961 0.3710 0.3312 0.2650 0.1824 0.1865 0.2243 0.2735 0.3312 0.3861 0.4154 0.4199 0.4152 0.4065 0.3946 0.3786 0.3574 0.3297 0.2937 0.2427 0.1879 0.1721 0.1865 0.2065 0.2299 0.2563 0.2853 0.3159 0.3467 0.3751 0.3976 0.4117 0.4184 0.4200 0.4192 0.4200 0.4184 0.4117 0.3976 0.3751 0.3467 0.3159 0.2853 0.2563 0.2299 0.2065 0.1865 0.1721 0.1879 0.2427 0.2937 0.3297 0.3574 0.3786 0.3946 0.4065 0.4152 0.4199 0.4154 0.3861 0.3312 0.2735 0.2243 0.1865 0.1824 0.2650 0.3312 0.3710 0.3961 0.4117 0.4198 0.4124 0.3631 0.2924 0.2319 0.1880 0.1865 0.2750 0.3390 0.3766 0.3998 0.4140 0.4202 0.4036 0.3780
0.3901 0.4142 0.4192 0.4098 0.3928 0.3653 0.3207 0.2419 0.1774 0.2017 0.2514 0.3171 0.3857 0.4183 0.4179 0.4070 0.3883 0.3584 0.3103 0.2273 0.1757 0.2027 0.2478 0.3046 0.3657 0.4089 0.4200 0.4168 0.4084 0.3963 0.3798 0.3574 0.3275 0.2879 0.2295 0.1785 0.1754 0.1952 0.2190 0.2468 0.2782 0.3121 0.3466 0.3781 0.4017 0.4147 0.4195 0.4200 0.4181 0.4147 0.4114 0.4147 0.4181 0.4200 0.4195 0.4147 0.4017 0.3780 0.3466 0.3121 0.2782 0.2468 0.2190 0.1952 0.1754 0.1785 0.2295 0.2879 0.3275 0.3574 0.3798 0.3963 0.4084 0.4168 0.4200 0.4089 0.3657 0.3046 0.2478 0.2027 0.1757 0.2273 0.3103 0.3584 0.3883 0.4070 0.4179 0.4183 0.3857 0.3171 0.2514 0.2017 0.1774 0.2419 0.3207 0.3653 0.3928 0.4098 0.4192 0.4142 0.3901
0.4004 0.4192 0.4168 0.4047 0.3846 0.3520 0.2984 0.2069 0.1793 0.2174 0.2730 0.3425 0.4031 0.4201 0.4149 0.4013 0.3792 0.3435 0.2845 0.1936 0.1822 0.2210 0.2735 0.3363 0.3939 0.4184 0.4187 0.4113 0.3996 0.3832 0.3605 0.3297 0.2879 0.2251 0.1751 0.1790 0.2013 0.2285 0.2604 0.2962 0.3342 0.3706 0.3990 0.4145 0.4197 0.4197 0.4171 0.4131 0.4080 0.4015 0.3959 0.4015 0.4080 0.4131 0.4171 0.4197 0.4197 0.4145 0.3990 0.3705 0.3342 0.2962 0.2604 0.2285 0.2013 0.1790 0.1751 0.2251 0.2879 0.3297 0.3605 0.3832 0.3996 0.4113 0.4187 0.4184 0.3939 0.3363 0.2735 0.2210 0.1822 0.1936 0.2845 0.3435 0.3792 0.4013 0.4149 0.4201 0.4031 0.3425 0.2730 0.2174 0.1793 0.2069 0.2984 0.3520 0.3846 0.4047 0.4168 0.4192 0.4004
0.4086 0.4206 0.4134 0.3987 0.3748 0.3361 0.2696 0.1838 0.1902 0.2351 0.2965 0.3672 0.4138 0.4196 0.4110 0.3947 0.3683 0.3258 0.2518 0.1781 0.1960 0.2414 0.3007 0.3665 0.4113 0.4201 0.4148 0.4040 0.3885 0.3665 0.3359 0.2937 0.2295 0.1751 0.1803 0.2045 0.2343 0.2697 0.3093 0.3504 0.3869 0.4102 0.4190 0.4199 0.4172 0.4126 0.4068 0.3997 0.3914 0.3808 0.3717 0.3808 0.3914 0.3997 0.4068 0.4126 0.4172 0.4199 0.4190 0.4102 0.3868 0.3504 0.3093 0.2697 0.2343 0.2045 0.1803 0.1751 0.2295 0.2937 0.3359 0.3665 0.3885 0.4040 0.4148 0.4201 0.4113 0.3665 0.3007 0.2414 0.1960 0.1781 0.2518 0.3258 0.3683 0.3947 0.4110 0.4196 0.4138 0.3672 0.2965 0.2351 0.1902 0.1838 0.2696 0.3361 0.3748 0.3987 0.4134 0.4206 0.4086
0.4145 0.4199 0.4090 0.3915 0.3632 0.3173 0.2358 0.1771 0.2042 0.2550 0.3214 0.3891 0.4188 0.4175 0.4061 0.3868 0.3555 0.3046 0.2158 0.1776 0.2117 0.2637 0.3289 0.3917 0.4186 0.4182 0.4093 0.3951 0.3747 0.3456 0.3046 0.2427 0.1785 0.1790 0.2045 0.2364 0.2744 0.3173 0.3608 0.3966 0.4153 0.4201 0.4185 0.4140 0.4078 0.4001 0.3907 0.3794 0.3659 0.3488 0.3340 0.3488 0.3659 0.3794 0.3907 0.4001 0.4078 0.4140 0.4185 0.4201 0.4153 0.3966 0.3607 0.3172 0.2744 0.2364 0.2045 0.1790 0.1785 0.2427 0.3046 0.3456 0.3747 0.3951 0.4093 0.4182 0.4186 0.3917 0.3289 0.2637 0.2117 0.1776 0.2158 0.3046 0.3555 0.3868 0.4061 0.4175 0.4188 0.3891 0.3214 0.2550 0.2042 0.1771 0.2358 0.3173 0.3632 0.3915 0.4090 0.4199 0.4145
0.4183 0.4178 0.4038 0.3830 0.3494 0.2941 0.2018 0.1806 0.2202 0.2769 0.3468 0.4054 0.4202 0.4143 0.4003 0.3774 0.3403 0.2775 0.1880 0.1866 0.2294 0.2878 0.3564 0.4086 0.4201 0.4146 0.4025 0.3843 0.3578 0.3196 0.2632 0.1879 0.1754 0.2013 0.2343 0.2744 0.3199 0.3658 0.4016 0.4175 0.4200 0.4168 0.4111 0.4034 0.3937 0.3817 0.3671 0.3492 0.3277 0.3000 0.2753 0.3000 0.3277 0.3492 0.3671 0.3817 0.3937 0.4033 0.4111 0.4168 0.4200 0.4175 0.4016 0.3658 0.3199 0.2744 0.2343 0.2013 0.1754 0.1879 0.2632 0.3196 0.3578 0.3843 0.4025 0.4145 0.4201 0.4086 0.3565 0.2878 0.2294 0.1866 0.1880 0.2775 0.3403 0.3774 0.4003 0.4143 0.4202 0.4054 0.3468 0.2769 0.2202 0.1806 0.2018 0.2941 0.3494 0.3830 0.4038 0.4178 0.4183
0.4207 0.4145 0.3975 0.3729 0.3331 0.2642 0.1816 0.1924 0.2384 0.3006 0.3712 0.4150 0.4193 0.4102 0.3934 0.3663 0.3223 0.2447 0.1775 0.2003 0.2490 0.3132 0.3813 0.4170 0.4188 0.4097 0.3944 0.3714 0.3373 0.2872 0.2086 0.1721 0.1952 0.2285 0.2697 0.3173 0.3658 0.4030 0.4183 0.4197 0.4156 0.4087 0.3997 0.3881 0.3735 0.3552 0.3325 0.3046 0.2687 0.2219 0.1917 0.2219 0.2687 0.3047 0.3325 0.3552 0.3734 0.3881 0.3996 0.4087 0.4156 0.4197 0.4183 0.4031 0.3658 0.3172 0.2697 0.2285 0.1952 0.1721 0.2086 0.2872 0.3373 0.3714 0.3944 0.4097 0.4188 0.4170 0.3814 0.3134 0.2491 0.2003 0.1775 0.2446 0.3223 0.3663 0.3934 0.4102 0.4193 0.4150 0.3712 0.3006 0.2384 0.1924 0.1816 0.2642 0.3331 0.3729 0.3975 0.4145 0.4207
0.4219 0.4102 0.3902 0.3610 0.3137 0.2297 0.1770 0.2068 0.2586 0.3257 0.3923 0.4192 0.4170 0.4052 0.3853 0.3531 0.3004 0.2094 0.1788 0.2159 0.2708 0.3393 0.4006 0.4200 0.4159 0.4038 0.3848 0.3559 0.3126 0.2434 0.1758 0.1865 0.2190 0.2604 0.3093 0.3608 0.4016 0.4183 0.4196 0.4149 0.4072 0.3970 0.3838 0.3666 0.3448 0.3173 0.2822 0.2335 0.1878 0.1735 0.1762 0.1735 0.1877 0.2335 0.2822 0.3173 0.3448 0.3666 0.3838 0.3970 0.4072 0.4149 0.4196 0.4183 0.4016 0.3607 0.3093 0.2604 0.2190 0.1865 0.1758 0.2434 0.3126 0.3559 0.3848 0.4038 0.4159 0.4200 0.4007 0.3395 0.2709 0.2160 0.1788 0.2094 0.3004 0.3531 0.3853 0.4052 0.4170 0.4192 0.3923 0.3257 0.2586 0.2068 0.1770 0.2297 0.3137 0.3610 0.3902 0.4102 0.4219
0.4225 0.4048 0.3814 0.3469 0.2895 0.1971 0.1822 0.2232 0.2808 0.3511 0.4075 0.4201 0.4137 0.3992 0.3756 0.3375 0.2721 0.1850 0.1892 0.2336 0.2942 0.3647 0.4127 0.4198 0.4119 0.3969 0.3735 0.3376 0.2820 0.1970 0.1764 0.2065 0.2468 0.2962 0.3504 0.3966 0.4175 0.4197 0.4149 0.4067 0.3957 0.3810 0.3618 0.3369 0.3048 0.2618 0.2049 0.1738 0.1790 0.1967 0.2076 0.1968 0.1790 0.1737 0.2047 0.2616 0.3047 0.3368 0.3618 0.3810 0.3957 0.4067 0.4149 0.4197 0.4175 0.3966 0.3504 0.2962 0.2468 0.2065 0.1764 0.1970 0.2820 0.3376 0.3735 0.3969 0.4119 0.4198 0.4128 0.3648 0.2944 0.2336 0.1892 0.1849 0.2721 0.3375 0.3756 0.3992 0.4137 0.4201 0.4075 0.3511 0.2808 0.2232 0.1822 0.1971 0.2895 0.3469 0.3814 0.4048 0.4225
0.4223 0.3981 0.3710 0.3301 0.2585 0.1798 0.1948 0.2417 0.3049 0.3752 0.4160 0.4190 0.4094 0.3921 0.3642 0.3189 0.2386 0.1772 0.2031 0.2533 0.3192 0.3872 0.4185 0.4178 0.4070 0.3888 0.3603 0.3159 0.2421 0.1754 0.1920 0.2299 0.2782 0.3342 0.3868 0.4153 0.4200 0.4156 0.4072 0.3957 0.3801 0.3593 0.3318 0.2959 0.2448 0.1880 0.1719 0.1877 0.2096 0.2348 0.2498 0.2348 0.2097 0.1878 0.1719 0.1879 0.2446 0.2959 0.3318 0.3593 0.3801 0.3957 0.4072 0.4156 0.4200 0.4153 0.3868 0.3342 0.2782 0.2299 0.1920 0.1754 0.2421 0.3159 0.3603 0.3888 0.4070 0.4178 0.4185 0.3873 0.3193 0.2534 0.2031 0.1772 0.2386 0.3189 0.3642 0.3921 0.4094 0.4190 0.4160 0.3752 0.3049 0.2417 0.1948 0.1798 0.2585 0.3301 0.3710 0.3981 0.4223
0.4212 0.3899 0.3588 0.3099 0.2236 0.1772 0.2095 0.2622 0.3301 0.3954 0.4196 0.4165 0.4042 0.3837 0.3506 0.2961 0.2041 0.1800 0.2189 0.2751 0.3448 0.4043 0.4201 0.4147 0.4011 0.3793 0.3446 0.2895 0.2010 0.1776 0.2108 0.2563 0.3121 0.3705 0.4102 0.4201 0.4168 0.4087 0.3970 0.3810 0.3593 0.3301 0.2912 0.2337 0.1799 0.1749 0.1950 0.2197 0.2496 0.2827 0.3017 0.2827 0.2497 0.2198 0.1951 0.1750 0.1798 0.2336 0.2913 0.3301 0.3593 0.3810 0.3970 0.4087 0.4168 0.4201 0.4102 0.3705 0.3121 0.2563 0.2108 0.1776 0.2010 0.2895 0.3446 0.3793 0.4011 0.4147 0.4201 0.4043 0.3448 0.2751 0.2189 0.1800 0.2041 0.2961 0.3506 0.3837 0.4042 0.4165 0.4196 0.3954 0.3301 0.2622 0.2095 0.1772 0.2236 0.3099 0.3588 0.3899 0.4212
0.4192 0.3802 0.3442 0.2846 0.1929 0.1840 0.2262 0.2848 0.3554 0.4094 0.4201 0.4130 0.3980 0.3738 0.3345 0.2667 0.1825 0.1914 0.2369 0.2987 0.3694 0.4144 0.4194 0.4106 0.3942 0.3680 0.3263 0.2554 0.1787 0.1913 0.2321 0.2853 0.3466 0.3990 0.4190 0.4185 0.4111 0.3996 0.3838 0.3618 0.3318 0.2913 0.2300 0.1768 0.1779 0.2002 0.2277 0.2603 0.2983 0.3375 0.3582 0.3376 0.2984 0.2604 0.2278 0.2002 0.1779 0.1767 0.2300 0.2913 0.3318 0.3618 0.3838 0.3996 0.4111 0.4185 0.4190 0.3990 0.3466 0.2853 0.2321 0.1913 0.1787 0.2554 0.3263 0.3680 0.3943 0.4106 0.4194 0.4144 0.3694 0.2987 0.2369 0.1914 0.1825 0.2667 0.3345 0.3738 0.3980 0.4130 0.4201 0.4094 0.3554 0.2848 0.2262 0.1840 0.1929 0.2846 0.3442 0.3802 0.4192
0.4164 0.3688 0.3269 0.2528 0.1786 0.1971 0.2450 0.3091 0.3790 0.4169 0.4186 0.4086 0.3908 0.3620 0.3153 0.2325 0.1770 0.2056 0.2569 0.3237 0.3909 0.4191 0.4172 0.4056 0.3862 0.3548 0.3043 0.2173 0.1765 0.2078 0.2558 0.3159 0.3780 0.4145 0.4199 0.4140 0.4033 0.3881 0.3666 0.3368 0.2959 0.2336 0.1767 0.1790 0.2028 0.2326 0.2681 0.3084 0.3515 0.3884 0.4028 0.3885 0.3516 0.3085 0.2682 0.2327 0.2028 0.1790 0.1767 0.2336 0.2959 0.3368 0.3666 0.3881 0.4033 0.4140 0.4199 0.4145 0.3780 0.3159 0.2558 0.2078 0.1765 0.2173 0.3043 0.3548 0.3862 0.4056 0.4172 0.4191 0.3909 0.3237 0.2569 0.2056 0.1770 0.2325 0.3153 0.3620 0.3908 0.4086 0.4186 0.4169 0.3790 0.3091 0.2450 0.1971 0.1786 0.2528 0.3269 0.3688 0.4164
0.4128 0.3557 0.3061 0.2175 0.1777 0.2122 0.2660 0.3344 0.3982 0.4199 0.4160 0.4032 0.3822 0.3480 0.2916 0.1992 0.1814 0.2218 0.2790 0.3491 0.4065 0.4202 0.4140 0.3997 0.3765 0.3392 0.2765 0.1877 0.1857 0.2265 0.2816 0.3467 0.4017 0.4197 0.4172 0.4078 0.3937 0.3734 0.3448 0.3047 0.2446 0.1798 0.1779 0.2028 0.2343 0.2721 0.3150 0.3593 0.3967 0.4155 0.4184 0.4155 0.3968 0.3594 0.3151 0.2721 0.2343 0.2028 0.1779 0.1798 0.2446 0.3047 0.3448 0.3734 0.3937 0.4078 0.4172 0.4197 0.4017 0.3467 0.2816 0.2265 0.1857 0.1877 0.2765 0.3392 0.3765 0.3997 0.4140 0.4202 0.4065 0.3491 0.2790 0.2218 0.1814 0.1992 0.2916 0.3480 0.3822 0.4032 0.4160 0.4199 0.3982 0.3344 0.2660 0.2122 0.1777 0.2175 0.3061 0.3557 0.4128
0.4084 0.3405 0.2795 0.1892 0.1861 0.2292 0.2889 0.3596 0.4111 0.4199 0.4123 0.3969 0.3719 0.3315 0.2611 0.1806 0.1937 0.2401 0.3029 0.3734 0.4156 0.4191 0.4098 0.3927 0.3652 0.3207 0.2426 0.1771 0.2000 0.2472 0.3089 0.3751 0.4147 0.4197 0.4126 0.4001 0.3817 0.3552 0.3173 0.2616 0.1879 0.1750 0.2002 0.2327 0.2721 0.3172 0.3635 0.4003 0.4175 0.4198 0.4173 0.4198 0.4175 0.4004 0.3636 0.3173 0.2721 0.2327 0.2002 0.1750 0.1879 0.2616 0.3173 0.3552 0.3817 0.4001 0.4126 0.4197 0.4147 0.3751 0.3089 0.2472 0.2000 0.1771 0.2426 0.3207 0.3652 0.3927 0.4098 0.4191 0.4156 0.3734 0.3029 0.2401 0.1937 0.1806 0.2611 0.3315 0.3719 0.3969 0.4123 0.4199 0.4111 0.3596 0.2889 0.2292 0.1861 0.1892 0.2795 0.3405 0.4084
0.4030 0.3225 0.2470 0.1778 0.1996 0.2484 0.3134 0.3826 0.4177 0.4183 0.4077 0.3894 0.3598 0.3117 0.2264 0.1771 0.2082 0.2606 0.3281 0.3940 0.4194 0.4167 0.4046 0.3844 0.3518 0.2982 0.2071 0.1790 0.2161 0.2700 0.3367 0.3976 0.4195 0.4171 0.4068 0.3907 0.3671 0.3325 0.2822 0.2047 0.1719 0.1951 0.2278 0.2682 0.3151 0.3635 0.4016 0.4180 0.4198 0.4153 0.4099 0.4153 0.4198 0.4180 0.4017 0.3636 0.3151 0.2682 0.2278 0.1951 0.1719 0.2047 0.2822 0.3325 0.3671 0.3907 0.4068 0.4171 0.4195 0.3976 0.3367 0.2700 0.2161 0.1790 0.2071 0.2982 0.3518 0.3844 0.4046 0.4167 0.4194 0.3940 0.3281 0.2606 0.2082 0.1771 0.2264 0.3117 0.3598 0.3894 0.4077 0.4183 0.4177 0.3826 0.3134 0.2484 0.1996 0.1778 0.2470 0.3225 0.4030
0.3966 0.3008 0.2117 0.1785 0.2149 0.2697 0.3388 0.4009 0.4200 0.4154 0.4022 0.3805 0.3454 0.2869 0.1948 0.1831 0.2248 0.2830 0.3534 0.4085 0.4201 0.4133 0.3986 0.3746 0.3359 0.2693 0.1836 0.1900 0.2344 0.2945 0.3637 0.4117 0.4200 0.4131 0.3997 0.3794 0.3492 0.3047 0.2335 0.1737 0.1878 0.2198 0.2604 0.3085 0.3594 0.4003 0.4180 0.4197 0.4152 0.4069 0.3990 0.4069 0.4152 0.4197 0.4180 0.4004 0.3594 0.3085 0.2604 0.2198 0.1878 0.1737 0.2335 0.3047 0.3492 0.3794 0.3997 0.4131 0.4200 0.4117 0.3636 0.2945 0.2344 0.1900 0.1836 0.2693 0.3359 0.3746 0.3986 0.4133 0.4201 0.4085 0.3534 0.2830 0.2248 0.1831 0.1948 0.2869 0.3454 0.3805 0.4022 0.4154 0.4200 0.4009 0.3388 0.2697 0.2149 0.1785 0.2117 0.3008 0.3966
0.3888 0.2728 0.1861 0.1885 0.2327 0.2933 0.3641 0.4127 0.4198 0.4116 0.3957 0.3700 0.3283 0.2554 0.1792 0.1963 0.2438 0.3076 0.3776 0.4166 0.4188 0.4089 0.3914 0.3630 0.3169 0.2353 0.1771 0.2045 0.2549 0.3206 0.3875 0.4184 0.4181 0.4080 0.3914 0.3659 0.3277 0.2687 0.1877 0.1790 0.2097 0.2497 0.2984 0.3516 0.3968 0.4175 0.4198 0.4152 0.4072 0.3952 0.3840 0.3952 0.4072 0.4152 0.4198 0.4175 0.3968 0.3516 0.2984 0.2497 0.2097 0.1790 0.1877 0.2687 0.3277 0.3659 0.3914 0.4080 0.4181 0.4184 0.3875 0.3206 0.2549 0.2045 0.1771 0.2353 0.3169 0.3630 0.3914 0.4089 0.4188 0.4166 0.3776 0.3076 0.2438 0.1963 0.1792 0.2554 0.3283 0.3700 0.3957 0.4116 0.4198 0.4127 0.3641 0.2933 0.2327 0.1885 0.1861 0.2729 0.3889
0.3781 0.2373 0.1772 0.2023 0.2522 0.3179 0.3863 0.4183 0.4177 0.4065 0.3875 0.3566 0.3065 0.2198 0.1775 0.2111 0.2644 0.3327 0.3971 0.4196 0.4160 0.4033 0.3823 0.3483 0.2922 0.2011 0.1808 0.2205 0.2769 0.3464 0.4047 0.4200 0.4147 0.4015 0.3808 0.3488 0.3000 0.2219 0.1735 0.1968 0.2348 0.2827 0.3376 0.3885 0.4155 0.4198 0.4153 0.4069 0.3952 0.3781 0.3619 0.3780 0.3952 0.4069 0.4153 0.4198 0.4155 0.3885 0.3376 0.2827 0.2348 0.1968 0.1735 0.2219 0.3000 0.3488 0.3808 0.4015 0.4147 0.4200 0.4047 0.3464 0.2769 0.2205 0.1808 0.2011 0.2922 0.3483 0.3823 0.4033 0.4160 0.4196 0.3971 0.3327 0.2644 0.2111 0.1775 0.2198 0.3065 0.3566 0.3875 0.4065 0.4177 0.4183 0.3863 0.3179 0.2522 0.2023 0.1772 0.2374 0.3781
0.3680 0.2093 0.1763 0.2106 0.2637 0.3317 0.3964 0.4191 0.4153 0.4021 0.3804 0.3453 0.2873 0.1967 0.1801 0.2199 0.2766 0.3465 0.4050 0.4195 0.4133 0.3985 0.3745 0.3357 0.2699 0.1839 0.1867 0.2300 0.2897 0.3601 0.4107 0.4192 0.4114 0.3959 0.3717 0.3340 0.2753 0.1917 0.1762 0.2076 0.2498 0.3017 0.3582 0.4028 0.4184 0.4173 0.4099 0.3990 0.3840 0.3619 0.3421 0.3619 0.3840 0.3990 0.4099 0.4173 0.4184 0.4028 0.3582 0.3017 0.2498 0.2076 0.1762 0.1917 0.2753 0.3340 0.3717 0.3959 0.4114 0.4192 0.4107 0.3601 0.2897 0.2300 0.1867 0.1839 0.2699 0.3357 0.3745 0.3985 0.4133 0.4195 0.4050 0.3465 0.2766 0.2199 0.1801 0.1967 0.2873 0.3453 0.3804 0.4021 0.4153 0.4191 0.3964 0.3317 0.2637 0.2106 0.1763 0.2094 0.3680
0.3781 0.2373 0.1772 0.2023 0.2522 0.3179 0.3863 0.4183 0.4177 0.4065 0.3875 0.3566 0.3065 0.2198 0.1775 0.2111 0.2644 0.3327 0.3971 0.4196 0.4160 0.4033 0.3823 0.3483 0.2922 0.2011 0.1808 0.2205 0.2769 0.3464 0.4047 0.4200 0.4147 0.4015 0.3808 0.3488 0.3000 0.2219 0.1735 0.1968 0.2348 0.2827 0.3376 0.3885 0.4155 0.4198 0.4153 0.4069 0.3952 0.3780 0.3619 0.3780 0.3952 0.4069 0.4153 0.4198 0.4155 0.3885 0.3376 0.2827 0.2348 0.1968 0.1735 0.2219 0.3000 0.3488 0.3808 0.4015 0.4147 0.4200 0.4047 0.3464 0.2769 0.2205 0.1808 0.2011 0.2922 0.3483 0.3823 0.4033 0.4160 0.4196 0.3971 0.3327 0.2644 0.2111 0.1775 0.2198 0.3065 0.3566 0.3875 0.4065 0.4177 0.4183 0.3863 0.3179 0.2522 0.2023 0.1772 0.2374 0.3781
0.3888 0.2728 0.1861 0.1885 0.2327 0.2933 0.3641 0.4127 0.4198 0.4116 0.3957 0.3700 0.3283 0.2554 0.1792 0.1963 0.2438 0.3076 0.3776 0.4166 0.4188 0.4089 0.3914 0.3630 0.3169 0.2353 0.1771 0.2045 0.2549 0.3206 0.3875 0.4184 0.4181 0.4080 0.3914 0.3659 0.3277 0.2687 0.1877 0.1790 0.2097 0.2497 0.2984 0.3516 0.3968 0.4175 0.4198 0.4152 0.4072 0.3952 0.3840 0.3952 0.4072 0.4152 0.4198 0.4175 0.3968 0.3516 0.2984 0.2497 0.2097 0.1790 0.1877 0.2687 0.3277 0.3659 0.3914 0.4080 0.4181 0.4184 0.3875 0.3206 0.2549 0.2045 0.1771 0.2353 0.3169 0.3630 0.3914 0.4089 0.4188 0.4166 0.3776 0.3076 0.2438 0.1963 0.1792 0.2554 0.3283 0.3700 0.3957 0.4116 0.4198 0.4127 0.3641 0.2933 0.2327 0.1885 0.1861 0.2729 0.3889
0.3966 0.3008 0.2117 0.1785 0.2149 0.2697 0.3388 0.4009 0.4200 0.4154 0.4022 0.3805 0.3454 0.2869 0.1948 0.1831 0.2248 0.2830 0.3534 0.4085 0.4201 0.4133 0.3986 0.3746 0.3359 0.2693 0.1836 0.1900 0.2344 0.2945 0.3637 0.4117 0.4200 0.4131 0.3997 0.3794 0.3492 0.3047 0.2335 0.1737 0.1878 0.2198 0.2604 0.3085 0.3594 0.4004 0.4180 0.4197 0.4152 0.4069 0.3990 0.4069 0.4152 0.4197 0.4180 0.4004 0.3594 0.3085 0.2604 0.2198 0.1878 0.1737 0.2335 0.3047 0.3492 0.3794 0.3997 0.4131 0.4200 0.4117 0.3636 0.2945 0.2344 0.1900 0.1836 0.2693 0.3359 0.3746 0.3986 0.4133 0.4201 0.4085 0.3534 0.2830 0.2248 0.1831 0.1948 0.2869 0.3454 0.3805 0.4022 0.4154 0.4200 0.4009 0.3388 0.2697 0.2149 0.1785 0.2117 0.3008 0.3966
0.4030 0.3225 0.2470 0.1778 0.1996 0.2484 0.3134 0.3826 0.4177 0.4183 0.4077 0.3894 0.3598 0.3117 0.2264 0.1771 0.2082 0.2606 0.3281 0.3940 0.4194 0.4167 0.4046 0.3844 0.3518 0.2982 0.2071 0.1790 0.2161 0.2700 0.3367 0.3976 0.4195 0.4171 0.4068 0.3907 0.3671 0.3325 0.2822 0.2047 0.1719 0.1951 0.2278 0.2682 0.3151 0.3636 0.4017 0.4180 0.4198 0.4153 0.4099 0.4153 0.4198 0.4180 0.4017 0.3636 0.3151 0.2682 0.2278 0.1951 0.1719 0.2047 0.2822 0.3325 0.3671 0.3907 0.4068 0.4171 0.4195 0.3976 0.3367 0.2700 0.2161 0.1790 0.2071 0.2982 0.3518 0.3844 0.4046 0.4167 0.4194 0.3940 0.3281 0.2606 0.2082 0.1771 0.2264 0.3117 0.3598 0.3894 0.4077 0.4183 0.4177 0.3826 0.3134 0.2484 0.1996 0.1778 0.2470 0.3225 0.4030
0.4084 0.3405 0.2795 0.1892 0.1861 0.2292 0.2889 0.3596 0.4111 0.4199 0.4123 0.3969 0.3719 0.3315 0.2611 0.1806 0.1937 0.2401 0.3029 0.3734 0.4156 0.4191 0.4098 0.3927 0.3652 0.3207 0.2426 0.1771 0.2000 0.2472 0.3089 0.3751 0.4147 0.4197 0.4126 0.4001 0.3817 0.3552 0.3173 0.2616 0.1879 0.1750 0.2002 0.2327 0.2721 0.3173 0.3636 0.4004 0.4175 0.4198 0.4173 0.4198 0.4175 0.4004 0.3636 0.3173 0.2721 0.2327 0.2002 0.1750 0.1879 0.2616 0.3173 0.3552 0.3817 0.4001 0.4126 0.4197 0.4147 0.3751 0.3089 0.2472 0.2000 0.1771 0.2426 0.3207 0.3652 0.3927 0.4098 0.4191 0.4156 0.3734 0.3029 0.2401 0.1937 0.1806 0.2611 0.3315 0.3719 0.3969 0.4123 0.4199 0.4111 0.3596 0.2889 0.2292 0.1861 0.1892 0.2795 0.3405 0.4084
