0.0000 0.0149 0.0264 0.0379 0.0555 0.0819 0.1209 0.1785 0.2636 0.3893 0.5750 0.8491 1.0000 1.0000 1.0000 1.0000 1.0000 1.0000 1.0000 1.0000 0.0001 0.0001 0.0001 0.0002 0.0003 0.0004 0.0007 0.0010 0.0014 0.0021 0.0031 0.0046 0.0068 0.0101 0.0149 0.0220 0.0325 0.0480 0.0708 0.1046 0.1545 0.2282 0.3369 0.4976 0.7348 1.0000 1.0000 1.0000 1.0000 1.0000 1.0000 1.0000 1.0000 1.0000 1.0000 1.0000 0.7348 0.4976 0.3369 0.2282 0.1545 0.1046 0.0708 0.0480 0.0325 0.0220 0.0149 0.0101 0.0068 0.0046 0.0031 0.0021 0.0014 0.0010 0.0007 0.0004 0.0003 0.0002 0.0001 0.0001 0.0001 1.0000 1.0000 1.0000 1.0000 1.0000 1.0000 1.0000 1.0000 0.8491 0.5750 0.3893 0.2636 0.1785 0.1209 0.0819 0.0555 0.0379 0.0264 0.0149 0.0000
0.0149 0.2687 0.3813 0.5871 0.8754 1.0000 1.0000 1.0000 1.0000 1.0000 1.0000 1.0000 1.0000 1.0000 1.0000 1.0000 1.0000 1.0000 0.0005 0.0007 0.0010 0.0015 0.0022 0.0033 0.0048 0.0071 0.0105 0.0155 0.0229 0.0338 0.0499 0.0737 0.1089 0.1608 0.2375 0.3507 0.5179 0.7648 1.0000 1.0000 1.0000 1.0000 1.0000 1.0000 1.0000 1.0000 1.0000 1.0000 1.0000 1.0000 1.0000 1.0000 1.0000 1.0000 1.0000 1.0000 1.0000 1.0000 1.0000 1.0000 1.0000 1.0000 1.0000 0.7648 0.5179 0.3507 0.2375 0.1608 0.1089 0.0737 0.0499 0.0338 0.0229 0.0155 0.0105 0.0071 0.0048 0.0033 0.0022 0.0015 0.0010 0.0007 0.0005 1.0000 1.0000 1.0000 1.0000 1.0000 1.0000 1.0000 1.0000 1.0000 1.0000 1.0000 1.0000 1.0000 0.8754 0.5871 0.3813 0.2687 0.0149
0.0264 0.3813 0.7975 1.0000 1.0000 1.0000 1.0000 1.0000 1.0000 1.0000 1.0000 1.0000 1.0000 1.0000 1.0000 0.0004 0.0006 0.0009 0.0014 0.0021 0.0030 0.0045 0.0066 0.0098 0.0145 0.0214 0.0316 0.0467 0.0690 0.1019 0.1504 0.2222 0.3281 0.4845 0.7155 1.0000 1.0000 1.0000 1.0000 1.0000 1.0000 1.0000 1.0000 1.0000 1.0000 1.0000 1.0000 1.0000 0.0004 0.0006 0.0008 0.0006 0.0004 1.0000 1.0000 1.0000 1.0000 1.0000 1.0000 1.0000 1.0000 1.0000 1.0000 1.0000 1.0000 1.0000 0.7155 0.4845 0.3281 0.2222 0.1504 0.1019 0.0690 0.0467 0.0316 0.0214 0.0145 0.0098 0.0066 0.0045 0.0030 0.0021 0.0014 0.0009 0.0006 0.0004 1.0000 1.0000 1.0000 1.0000 1.0000 1.0000 1.0000 1.0000 1.0000 1.0000 1.0000 1.0000 0.7975 0.3813 0.0264
0.0379 0.5871 1.0000 1.0000 1.0000 1.0000 1.0000 1.0000 1.0000 1.0000 1.0000 1.0000 0.0004 0.0006 0.0009 0.0013 0.0019 0.0029 0.0042 0.0062 0.0092 0.0136 0.0200 0.0296 0.0437 0.0645 0.0953 0.1408 0.2079 0.3070 0.4533 0.6695 0.9887 1.0000 1.0000 1.0000 1.0000 1.0000 1.0000 1.0000 1.0000 1.0000 1.0000 1.0000 1.0000 0.0004 0.0005 0.0008 0.0011 0.0017 0.0023 0.0017 0.0011 0.0008 0.0005 0.0004 1.0000 1.0000 1.0000 1.0000 1.0000 1.0000 1.0000 1.0000 1.0000 1.0000 1.0000 1.0000 0.9887 0.6695 0.4533 0.3070 0.2079 0.1408 0.0953 0.0645 0.0437 0.0296 0.0200 0.0136 0.0092 0.0062 0.0042 0.0029 0.0019 0.0013 0.0009 0.0006 0.0004 1.0000 1.0000 1.0000 1.0000 1.0000 1.0000 1.0000 1.0000 1.0000 1.0000 0.5871 0.0379
0.0555 0.8754 1.0000 1.0000 1.0000 1.0000 1.0000 1.0000 1.0000 0.0004 0.0005 0.0008 0.0012 0.0018 0.0027 0.0039 0.0058 0.0086 0.0127 0.0187 0.0277 0.0409 0.0604 0.0892 0.1317 0.1945 0.2872 0.4241 0.6264 0.9250 1.0000 1.0000 1.0000 1.0000 1.0000 1.0000 1.0000 1.0000 1.0000 1.0000 1.0000 1.0000 1.0000 0.0005 0.0007 0.0011 0.0016 0.0023 0.0034 0.0052 0.0070 0.0052 0.0034 0.0023 0.0016 0.0011 0.0007 0.0005 1.0000 1.0000 1.0000 1.0000 1.0000 1.0000 1.0000 1.0000 1.0000 1.0000 1.0000 1.0000 1.0000 0.9250 0.6264 0.4241 0.2872 0.1945 0.1317 0.0892 0.0604 0.0409 0.0277 0.0187 0.0127 0.0086 0.0058 0.0039 0.0027 0.0018 0.0012 0.0008 0.0005 0.0004 1.0000 1.0000 1.0000 1.0000 1.0000 1.0000 1.0000 0.8754 0.0555
0.0819 1.0000 1.0000 1.0000 1.0000 1.0000 1.0000 1.0000 0.0006 0.0010 0.0015 0.0024 0.0036 0.0054 0.0080 0.0118 0.0175 0.0259 0.0383 0.0566 0.0834 0.1232 0.1820 0.2687 0.3968 0.5860 0.8654 1.0000 1.0000 1.0000 1.0000 1.0000 1.0000 1.0000 1.0000 1.0000 1.0000 1.0000 1.0000 1.0000 0.0005 0.0007 0.0010 0.0015 0.0022 0.0032 0.0047 0.0070 0.0103 0.0156 0.0211 0.0156 0.0103 0.0070 0.0047 0.0032 0.0022 0.0015 0.0010 0.0007 0.0005 1.0000 1.0000 1.0000 1.0000 1.0000 1.0000 1.0000 1.0000 1.0000 1.0000 1.0000 1.0000 1.0000 0.8654 0.5860 0.3968 0.2687 0.1820 0.1232 0.0834 0.0566 0.0383 0.0259 0.0175 0.0118 0.0080 0.0054 0.0036 0.0024 0.0015 0.0010 0.0006 1.0000 1.0000 1.0000 1.0000 1.0000 1.0000 1.0000 0.0819
0.1209 1.0000 1.0000 1.0000 1.0000 1.0000 0.0004 0.0008 0.0014 0.0025 0.0041 0.0066 0.0102 0.0156 0.0236 0.0353 0.0525 0.0778 0.1153 0.1702 0.2514 0.3713 0.5483 0.8097 1.0000 1.0000 1.0000 1.0000 1.0000 1.0000 1.0000 1.0000 1.0000 1.0000 1.0000 1.0000 1.0000 0.0004 0.0006 0.0009 0.0014 0.0020 0.0030 0.0044 0.0065 0.0096 0.0142 0.0210 0.0310 0.0470 0.0636 0.0470 0.0310 0.0210 0.0142 0.0096 0.0065 0.0044 0.0030 0.0020 0.0014 0.0009 0.0006 0.0004 1.0000 1.0000 1.0000 1.0000 1.0000 1.0000 1.0000 1.0000 1.0000 1.0000 1.0000 1.0000 1.0000 0.8097 0.5483 0.3713 0.2514 0.1702 0.1153 0.0778 0.0525 0.0353 0.0236 0.0156 0.0102 0.0066 0.0041 0.0025 0.0014 0.0008 0.0004 1.0000 1.0000 1.0000 1.0000 1.0000 0.1209
0.1785 1.0000 1.0000 1.0000 1.0000 1.0000 0.0008 0.0016 0.0031 0.0058 0.0102 0.0172 0.0280 0.0441 0.0682 0.1036 0.1557 0.2321 0.3447 0.5110 0.7576 1.0000 1.0000 1.0000 1.0000 1.0000 1.0000 1.0000 1.0000 1.0000 1.0000 1.0000 1.0000 1.0000 0.0004 0.0006 0.0009 0.0013 0.0019 0.0028 0.0041 0.0061 0.0090 0.0133 0.0196 0.0290 0.0428 0.0632 0.0933 0.1416 0.1915 0.1416 0.0933 0.0632 0.0428 0.0290 0.0196 0.0133 0.0090 0.0061 0.0041 0.0028 0.0019 0.0013 0.0009 0.0006 0.0004 1.0000 1.0000 1.0000 1.0000 1.0000 1.0000 1.0000 1.0000 1.0000 1.0000 1.0000 1.0000 1.0000 0.7576 0.5110 0.3447 0.2321 0.1557 0.1036 0.0682 0.0441 0.0280 0.0172 0.0102 0.0058 0.0031 0.0016 0.0008 1.0000 1.0000 1.0000 1.0000 1.0000 0.1785
0.2636 1.0000 1.0000 1.0000 1.0000 0.0006 0.0014 0.0031 0.0065 0.0128 0.0238 0.0424 0.0723 0.1191 0.1901 0.2961 0.4533 0.6849 1.0000 1.0000 1.0000 1.0000 1.0000 1.0000 1.0000 1.0000 1.0000 1.0000 1.0000 1.0000 1.0000 0.0004 0.0005 0.0008 0.0012 0.0018 0.0026 0.0039 0.0057 0.0084 0.0124 0.0184 0.0271 0.0400 0.0591 0.0873 0.1290 0.1904 0.2813 0.4266 0.5772 0.4266 0.2813 0.1904 0.1290 0.0873 0.0591 0.0400 0.0271 0.0184 0.0124 0.0084 0.0057 0.0039 0.0026 0.0018 0.0012 0.0008 0.0005 0.0004 1.0000 1.0000 1.0000 1.0000 1.0000 1.0000 1.0000 1.0000 1.0000 1.0000 1.0000 1.0000 1.0000 0.6849 0.4533 0.2961 0.1901 0.1191 0.0723 0.0424 0.0238 0.0128 0.0065 0.0031 0.0014 0.0006 1.0000 1.0000 1.0000 1.0000 0.2636
0.3893 1.0000 1.0000 1.0000 0.0004 0.0010 0.0025 0.0058 0.0128 0.0266 0.0523 0.0981 0.1762 0.3035 0.5052 0.8143 1.0000 1.0000 1.0000 1.0000 1.0000 1.0000 1.0000 1.0000 1.0000 1.0000 1.0000 1.0000 0.0003 0.0005 0.0008 0.0011 0.0017 0.0024 0.0036 0.0053 0.0079 0.0116 0.0172 0.0254 0.0375 0.0553 0.0817 0.1207 0.1782 0.2631 0.3886 0.5739 0.8475 1.0000 1.0000 1.0000 0.8475 0.5739 0.3886 0.2631 0.1782 0.1207 0.0817 0.0553 0.0375 0.0254 0.0172 0.0116 0.0079 0.0053 0.0036 0.0024 0.0017 0.0011 0.0008 0.0005 0.0003 1.0000 1.0000 1.0000 1.0000 1.0000 1.0000 1.0000 1.0000 1.0000 1.0000 1.0000 1.0000 0.8143 0.5052 0.3035 0.1762 0.0981 0.0523 0.0266 0.0128 0.0058 0.0025 0.0010 0.0004 1.0000 1.0000 1.0000 0.3893
0.5750 1.0000 1.0000 1.0000 0.0005 0.0015 0.0041 0.0102 0.0238 0.0523 0.1085 0.2139 0.4037 0.7307 1.0000 1.0000 1.0000 1.0000 1.0000 1.0000 1.0000 1.0000 1.0000 1.0000 1.0000 1.0000 0.0005 0.0007 0.0010 0.0015 0.0023 0.0034 0.0050 0.0074 0.0109 0.0161 0.0237 0.0350 0.0518 0.0764 0.1129 0.1667 0.2462 0.3636 0.5369 0.7929 1.0000 1.0000 1.0000 1.0000 1.0000 1.0000 1.0000 1.0000 1.0000 0.7929 0.5369 0.3636 0.2462 0.1667 0.1129 0.0764 0.0518 0.0350 0.0237 0.0161 0.0109 0.0074 0.0050 0.0034 0.0023 0.0015 0.0010 0.0007 0.0005 1.0000 1.0000 1.0000 1.0000 1.0000 1.0000 1.0000 1.0000 1.0000 1.0000 1.0000 1.0000 0.7307 0.4037 0.2139 0.1085 0.0523 0.0238 0.0102 0.0041 0.0015 0.0005 1.0000 1.0000 1.0000 0.5750
0.8491 1.0000 1.0000 1.0000 0.0008 0.0024 0.0066 0.0172 0.0424 0.0981 0.2139 0.4439 0.8787 1.0000 1.0000 1.0000 1.0000 1.0000 1.0000 1.0000 1.0000 1.0000 1.0000 0.0004 0.0007 0.0010 0.0014 0.0021 0.0032 0.0047 0.0069 0.0102 0.0150 0.0222 0.0328 0.0484 0.0715 0.1056 0.1560 0.2303 0.3402 0.5024 0.7419 1.0000 1.0000 1.0000 1.0000 1.0000 1.0000 1.0000 1.0000 1.0000 1.0000 1.0000 1.0000 1.0000 1.0000 1.0000 0.7419 0.5024 0.3402 0.2303 0.1560 0.1056 0.0715 0.0484 0.0328 0.0222 0.0150 0.0102 0.0069 0.0047 0.0032 0.0021 0.0014 0.0010 0.0007 0.0004 1.0000 1.0000 1.0000 1.0000 1.0000 1.0000 1.0000 1.0000 1.0000 1.0000 0.8787 0.4439 0.2139 0.0981 0.0424 0.0172 0.0066 0.0024 0.0008 1.0000 1.0000 1.0000 0.8491
1.0000 1.0000 1.0000 0.0004 0.0012 0.0036 0.0102 0.0280 0.0723 0.1762 0.4037 0.8787 1.0000 1.0000 1.0000 1.0000 1.0000 1.0000 1.0000 1.0000 0.0004 0.0006 0.0009 0.0013 0.0020 0.0029 0.0043 0.0064 0.0095 0.0141 0.0208 0.0307 0.0453 0.0669 0.0988 0.1459 0.2155 0.3183 0.4700 0.6941 1.0000 1.0000 1.0000 1.0000 1.0000 1.0000 1.0000 1.0000 1.0000 1.0000 1.0000 1.0000 1.0000 1.0000 1.0000 1.0000 1.0000 1.0000 1.0000 1.0000 1.0000 0.6941 0.4700 0.3183 0.2155 0.1459 0.0988 0.0669 0.0453 0.0307 0.0208 0.0141 0.0095 0.0064 0.0043 0.0029 0.0020 0.0013 0.0009 0.0006 0.0004 1.0000 1.0000 1.0000 1.0000 1.0000 1.0000 1.0000 1.0000 0.8787 0.4037 0.1762 0.0723 0.0280 0.0102 0.0036 0.0012 0.0004 1.0000 1.0000 1.0000
1.0000 1.0000 1.0000 0.0006 0.0018 0.0054 0.0156 0.0441 0.1191 0.3035 0.7307 1.0000 1.0000 1.0000 1.0000 1.0000 1.0000 1.0000 0.0004 0.0006 0.0010 0.0016 0.0025 0.0038 0.0058 0.0087 0.0130 0.0193 0.0286 0.0424 0.0626 0.0925 0.1365 0.2016 0.2978 0.4397 0.6494 0.9590 1.0000 1.0000 1.0000 1.0000 1.0000 1.0000 1.0000 1.0000 1.0000 1.0000 1.0000 1.0000 1.0000 1.0000 1.0000 1.0000 1.0000 1.0000 1.0000 1.0000 1.0000 1.0000 1.0000 1.0000 1.0000 0.9590 0.6494 0.4397 0.2978 0.2016 0.1365 0.0925 0.0626 0.0424 0.0286 0.0193 0.0130 0.0087 0.0058 0.0038 0.0025 0.0016 0.0010 0.0006 0.0004 1.0000 1.0000 1.0000 1.0000 1.0000 1.0000 1.0000 0.7307 0.3035 0.1191 0.0441 0.0156 0.0054 0.0018 0.0006 1.0000 1.0000 1.0000
1.0000 1.0000 1.0000 0.0009 0.0027 0.0080 0.0236 0.0682 0.1901 0.5052 1.0000 1.0000 1.0000 1.0000 1.0000 1.0000 1.0000 0.0005 0.0009 0.0015 0.0026 0.0043 0.0068 0.0108 0.0166 0.0254 0.0383 0.0574 0.0855 0.1268 0.1879 0.2786 0.4114 0.6087 0.8973 1.0000 1.0000 1.0000 1.0000 1.0000 1.0000 1.0000 1.0000 1.0000 1.0000 1.0000 1.0000 1.0000 0.0005 0.0007 0.0010 0.0007 0.0005 1.0000 1.0000 1.0000 1.0000 1.0000 1.0000 1.0000 1.0000 1.0000 1.0000 1.0000 1.0000 1.0000 0.8973 0.6087 0.4114 0.2786 0.1879 0.1268 0.0855 0.0574 0.0383 0.0254 0.0166 0.0108 0.0068 0.0043 0.0026 0.0015 0.0009 0.0005 1.0000 1.0000 1.0000 1.0000 1.0000 1.0000 1.0000 0.5052 0.1901 0.0682 0.0236 0.0080 0.0027 0.0009 1.0000 1.0000 1.0000
1.0000 1.0000 0.0004 0.0013 0.0039 0.0118 0.0353 0.1036 0.2961 0.8143 1.0000 1.0000 1.0000 1.0000 1.0000 1.0000 0.0006 0.0011 0.0021 0.0037 0.0065 0.0111 0.0183 0.0296 0.0468 0.0726 0.1114 0.1686 0.2533 0.3784 0.5631 0.8363 1.0000 1.0000 1.0000 1.0000 1.0000 1.0000 1.0000 1.0000 1.0000 1.0000 1.0000 1.0000 1.0000 0.0004 0.0007 0.0010 0.0014 0.0022 0.0029 0.0022 0.0014 0.0010 0.0007 0.0004 1.0000 1.0000 1.0000 1.0000 1.0000 1.0000 1.0000 1.0000 1.0000 1.0000 1.0000 1.0000 1.0000 0.8363 0.5631 0.3784 0.2533 0.1686 0.1114 0.0726 0.0468 0.0296 0.0183 0.0111 0.0065 0.0037 0.0021 0.0011 0.0006 1.0000 1.0000 1.0000 1.0000 1.0000 1.0000 0.8143 0.2961 0.1036 0.0353 0.0118 0.0039 0.0013 0.0004 1.0000 1.0000
1.0000 1.0000 0.0006 0.0019 0.0058 0.0175 0.0525 0.1557 0.4533 1.0000 1.0000 1.0000 1.0000 1.0000 1.0000 0.0006 0.0012 0.0024 0.0046 0.0086 0.0156 0.0275 0.0471 0.0785 0.1275 0.2032 0.3177 0.4892 0.7433 1.0000 1.0000 1.0000 1.0000 1.0000 1.0000 1.0000 1.0000 1.0000 1.0000 1.0000 1.0000 1.0000 0.0004 0.0006 0.0009 0.0013 0.0020 0.0029 0.0043 0.0065 0.0088 0.0065 0.0043 0.0029 0.0020 0.0013 0.0009 0.0006 0.0004 1.0000 1.0000 1.0000 1.0000 1.0000 1.0000 1.0000 1.0000 1.0000 1.0000 1.0000 1.0000 1.0000 0.7433 0.4892 0.3177 0.2032 0.1275 0.0785 0.0471 0.0275 0.0156 0.0086 0.0046 0.0024 0.0012 0.0006 1.0000 1.0000 1.0000 1.0000 1.0000 1.0000 0.4533 0.1557 0.0525 0.0175 0.0058 0.0019 0.0006 1.0000 1.0000
1.0000 1.0000 0.0009 0.0029 0.0086 0.0259 0.0778 0.2321 0.6849 1.0000 1.0000 1.0000 1.0000 1.0000 0.0005 0.0011 0.0024 0.0049 0.0099 0.0192 0.0361 0.0658 0.1166 0.2005 0.3363 0.5504 0.8820 1.0000 1.0000 1.0000 1.0000 1.0000 1.0000 1.0000 1.0000 1.0000 1.0000 1.0000 1.0000 0.0004 0.0006 0.0008 0.0012 0.0018 0.0027 0.0040 0.0059 0.0087 0.0129 0.0195 0.0265 0.0195 0.0129 0.0087 0.0059 0.0040 0.0027 0.0018 0.0012 0.0008 0.0006 0.0004 1.0000 1.0000 1.0000 1.0000 1.0000 1.0000 1.0000 1.0000 1.0000 1.0000 1.0000 1.0000 0.8820 0.5504 0.3363 0.2005 0.1166 0.0658 0.0361 0.0192 0.0099 0.0049 0.0024 0.0011 0.0005 1.0000 1.0000 1.0000 1.0000 1.0000 0.6849 0.2321 0.0778 0.0259 0.0086 0.0029 0.0009 1.0000 1.0000
1.0000 0.0005 0.0014 0.0042 0.0127 0.0383 0.1153 0.3447 1.0000 1.0000 1.0000 1.0000 1.0000 0.0004 0.0009 0.0021 0.0046 0.0099 0.0205 0.0413 0.0800 0.1510 0.2765 0.4920 0.8524 1.0000 1.0000 1.0000 1.0000 1.0000 1.0000 1.0000 1.0000 1.0000 1.0000 1.0000 0.0004 0.0005 0.0008 0.0012 0.0017 0.0025 0.0037 0.0055 0.0082 0.0121 0.0178 0.0263 0.0388 0.0589 0.0797 0.0589 0.0388 0.0263 0.0178 0.0121 0.0082 0.0055 0.0037 0.0025 0.0017 0.0012 0.0008 0.0005 0.0004 1.0000 1.0000 1.0000 1.0000 1.0000 1.0000 1.0000 1.0000 1.0000 1.0000 1.0000 0.8524 0.4920 0.2765 0.1510 0.0800 0.0413 0.0205 0.0099 0.0046 0.0021 0.0009 0.0004 1.0000 1.0000 1.0000 1.0000 1.0000 0.3447 0.1153 0.0383 0.0127 0.0042 0.0014 0.0005 1.0000
1.0000 0.0007 0.0021 0.0062 0.0187 0.0566 0.1702 0.5110 1.0000 1.0000 1.0000 1.0000 1.0000 0.0006 0.0015 0.0037 0.0086 0.0192 0.0413 0.0854 0.1719 0.3344 0.6323 1.0000 1.0000 1.0000 1.0000 1.0000 1.0000 1.0000 1.0000 1.0000 1.0000 1.0000 0.0005 0.0007 0.0011 0.0016 0.0024 0.0035 0.0052 0.0076 0.0113 0.0167 0.0246 0.0363 0.0537 0.0793 0.1170 0.1775 0.2402 0.1775 0.1170 0.0793 0.0537 0.0363 0.0246 0.0167 0.0113 0.0076 0.0052 0.0035 0.0024 0.0016 0.0011 0.0007 0.0005 1.0000 1.0000 1.0000 1.0000 1.0000 1.0000 1.0000 1.0000 1.0000 1.0000 1.0000 0.6323 0.3344 0.1719 0.0854 0.0413 0.0192 0.0086 0.0037 0.0015 0.0006 1.0000 1.0000 1.0000 1.0000 1.0000 0.5110 0.1702 0.0566 0.0187 0.0062 0.0021 0.0007 1.0000
0.0001 0.0010 0.0030 0.0092 0.0277 0.0834 0.2514 0.7576 1.0000 1.0000 1.0000 1.0000 0.0004 0.0010 0.0026 0.0065 0.0156 0.0361 0.0800 0.1719 0.3567 0.7169 1.0000 1.0000 1.0000 1.0000 1.0000 1.0000 1.0000 1.0000 1.0000 0.0004 0.0006 0.0009 0.0014 0.0022 0.0032 0.0048 0.0071 0.0105 0.0156 0.0230 0.0340 0.0502 0.0741 0.1095 0.1617 0.2388 0.3527 0.5349 0.7238 0.5349 0.3527 0.2388 0.1617 0.1095 0.0741 0.0502 0.0340 0.0230 0.0156 0.0105 0.0071 0.0048 0.0032 0.0022 0.0014 0.0009 0.0006 0.0004 1.0000 1.0000 1.0000 1.0000 1.0000 1.0000 1.0000 1.0000 1.0000 0.7169 0.3567 0.1719 0.0800 0.0361 0.0156 0.0065 0.0026 0.0010 0.0004 1.0000 1.0000 1.0000 1.0000 0.7576 0.2514 0.0834 0.0277 0.0092 0.0030 0.0010 0.0001
0.0001 0.0015 0.0045 0.0136 0.0409 0.1232 0.3713 1.0000 1.0000 1.0000 1.0000 1.0000 0.0006 0.0016 0.0043 0.0111 0.0275 0.0658 0.1510 0.3344 0.7169 1.0000 1.0000 1.0000 1.0000 1.0000 1.0000 1.0000 1.0000 0.0004 0.0007 0.0011 0.0017 0.0027 0.0042 0.0063 0.0095 0.0143 0.0213 0.0316 0.0468 0.0694 0.1025 0.1516 0.2234 0.3300 0.4873 0.7196 1.0000 1.0000 1.0000 1.0000 1.0000 0.7196 0.4873 0.3300 0.2234 0.1516 0.1025 0.0694 0.0468 0.0316 0.0213 0.0143 0.0095 0.0063 0.0042 0.0027 0.0017 0.0011 0.0007 0.0004 1.0000 1.0000 1.0000 1.0000 1.0000 1.0000 1.0000 1.0000 0.7169 0.3344 0.1510 0.0658 0.0275 0.0111 0.0043 0.0016 0.0006 1.0000 1.0000 1.0000 1.0000 1.0000 0.3713 0.1232 0.0409 0.0136 0.0045 0.0015 0.0001
0.0001 0.0022 0.0066 0.0200 0.0604 0.1820 0.5483 1.0000 1.0000 1.0000 1.0000 1.0000 0.0009 0.0025 0.0068 0.0183 0.0471 0.1166 0.2765 0.6323 1.0000 1.0000 1.0000 1.0000 1.0000 1.0000 1.0000 1.0000 0.0006 0.0011 0.0018 0.0030 0.0048 0.0076 0.0119 0.0183 0.0280 0.0422 0.0633 0.0946 0.1402 0.2083 0.3081 0.4559 0.6733 0.9943 1.0000 1.0000 1.0000 1.0000 1.0000 1.0000 1.0000 1.0000 1.0000 0.9943 0.6733 0.4559 0.3081 0.2083 0.1402 0.0946 0.0633 0.0422 0.0280 0.0183 0.0119 0.0076 0.0048 0.0030 0.0018 0.0011 0.0006 1.0000 1.0000 1.0000 1.0000 1.0000 1.0000 1.0000 1.0000 0.6323 0.2765 0.1166 0.0471 0.0183 0.0068 0.0025 0.0009 1.0000 1.0000 1.0000 1.0000 1.0000 0.5483 0.1820 0.0604 0.0200 0.0066 0.0022 0.0001
0.0002 0.0033 0.0098 0.0296 0.0892 0.2687 0.8097 1.0000 1.0000 1.0000 1.0000 0.0004 0.0013 0.0038 0.0108 0.0295 0.0785 0.2005 0.4920 1.0000 1.0000 1.0000 1.0000 1.0000 1.0000 1.0000 0.0004 0.0008 0.0015 0.0026 0.0046 0.0078 0.0129 0.0209 0.0332 0.0522 0.0806 0.1232 0.1865 0.2802 0.4185 0.6228 0.9250 1.0000 1.0000 1.0000 1.0000 1.0000 1.0000 1.0000 1.0000 1.0000 1.0000 1.0000 1.0000 1.0000 1.0000 1.0000 0.9250 0.6228 0.4185 0.2802 0.1865 0.1232 0.0806 0.0522 0.0332 0.0209 0.0129 0.0078 0.0046 0.0026 0.0015 0.0008 0.0004 1.0000 1.0000 1.0000 1.0000 1.0000 1.0000 1.0000 0.4920 0.2005 0.0785 0.0296 0.0108 0.0038 0.0013 0.0004 1.0000 1.0000 1.0000 1.0000 0.8097 0.2687 0.0892 0.0296 0.0098 0.0033 0.0002
0.0003 0.0048 0.0145 0.0437 0.1317 0.3968 1.0000 1.0000 1.0000 1.0000 1.0000 0.0007 0.0020 0.0058 0.0166 0.0468 0.1275 0.3363 0.8524 1.0000 1.0000 1.0000 1.0000 1.0000 1.0000 0.0005 0.0010 0.0018 0.0035 0.0063 0.0113 0.0196 0.0333 0.0555 0.0905 0.1448 0.2282 0.3540 0.5431 0.8252 1.0000 1.0000 1.0000 1.0000 1.0000 1.0000 1.0000 1.0000 1.0000 1.0000 1.0000 1.0000 1.0000 1.0000 1.0000 1.0000 1.0000 1.0000 1.0000 1.0000 1.0000 0.8252 0.5431 0.3540 0.2282 0.1448 0.0905 0.0555 0.0333 0.0196 0.0113 0.0063 0.0035 0.0018 0.0010 0.0005 1.0000 1.0000 1.0000 1.0000 1.0000 1.0000 0.8524 0.3363 0.1275 0.0468 0.0166 0.0058 0.0020 0.0007 1.0000 1.0000 1.0000 1.0000 1.0000 0.3968 0.1317 0.0437 0.0145 0.0048 0.0003
0.0004 0.0071 0.0214 0.0645 0.1945 0.5860 1.0000 1.0000 1.0000 1.0000 1.0000 0.0010 0.0029 0.0087 0.0253 0.0726 0.2032 0.5504 1.0000 1.0000 1.0000 1.0000 1.0000 1.0000 0.0005 0.0010 0.0021 0.0041 0.0078 0.0146 0.0268 0.0478 0.0836 0.1429 0.2388 0.3916 0.6299 0.9962 1.0000 1.0000 1.0000 1.0000 1.0000 1.0000 1.0000 1.0000 1.0000 1.0000 1.0000 1.0000 0.0004 1.0000 1.0000 1.0000 1.0000 1.0000 1.0000 1.0000 1.0000 1.0000 1.0000 1.0000 1.0000 0.9962 0.6299 0.3916 0.2388 0.1429 0.0836 0.0478 0.0268 0.0146 0.0078 0.0041 0.0021 0.0010 0.0005 1.0000 1.0000 1.0000 1.0000 1.0000 1.0000 0.5504 0.2032 0.0726 0.0254 0.0087 0.0029 0.0010 1.0000 1.0000 1.0000 1.0000 1.0000 0.5860 0.1945 0.0645 0.0214 0.0071 0.0004
0.0007 0.0105 0.0316 0.0953 0.2872 0.8654 1.0000 1.0000 1.0000 1.0000 0.0005 0.0014 0.0043 0.0129 0.0383 0.1114 0.3177 0.8820 1.0000 1.0000 1.0000 1.0000 1.0000 0.0004 0.0010 0.0021 0.0043 0.0086 0.0170 0.0328 0.0617 0.1133 0.2032 0.3567 0.6122 1.0000 1.0000 1.0000 1.0000 1.0000 1.0000 1.0000 1.0000 1.0000 1.0000 1.0000 1.0000 0.0004 0.0006 0.0009 0.0012 0.0009 0.0006 0.0004 1.0000 1.0000 1.0000 1.0000 1.0000 1.0000 1.0000 1.0000 1.0000 1.0000 1.0000 1.0000 0.6122 0.3567 0.2032 0.1133 0.0617 0.0328 0.0170 0.0086 0.0043 0.0021 0.0010 0.0004 1.0000 1.0000 1.0000 1.0000 1.0000 0.8820 0.3177 0.1114 0.0383 0.0130 0.0043 0.0014 0.0005 1.0000 1.0000 1.0000 1.0000 0.8654 0.2872 0.0953 0.0316 0.0105 0.0007
0.0010 0.0155 0.0467 0.1408 0.4241 1.0000 1.0000 1.0000 1.0000 1.0000 0.0007 0.0021 0.0064 0.0193 0.0574 0.1686 0.4892 1.0000 1.0000 1.0000 1.0000 1.0000 1.0000 0.0008 0.0018 0.0041 0.0086 0.0179 0.0363 0.0717 0.1381 0.2602 0.4799 0.8654 1.0000 1.0000 1.0000 1.0000 1.0000 1.0000 1.0000 1.0000 1.0000 1.0000 0.0004 0.0005 0.0008 0.0012 0.0018 0.0027 0.0036 0.0027 0.0018 0.0012 0.0008 0.0005 0.0004 1.0000 1.0000 1.0000 1.0000 1.0000 1.0000 1.0000 1.0000 1.0000 1.0000 0.8654 0.4799 0.2602 0.1381 0.0717 0.0363 0.0179 0.0086 0.0041 0.0018 0.0008 1.0000 1.0000 1.0000 1.0000 1.0000 1.0000 0.4892 0.1686 0.0574 0.0193 0.0064 0.0021 0.0007 1.0000 1.0000 1.0000 1.0000 1.0000 0.4241 0.1408 0.0467 0.0155 0.0010
0.0014 0.0229 0.0690 0.2079 0.6264 1.0000 1.0000 1.0000 1.0000 0.0003 0.0010 0.0032 0.0095 0.0286 0.0855 0.2533 0.7433 1.0000 1.0000 1.0000 1.0000 1.0000 0.0006 0.0015 0.0035 0.0078 0.0170 0.0363 0.0753 0.1525 0.3012 0.5816 1.0000 1.0000 1.0000 1.0000 1.0000 1.0000 1.0000 1.0000 1.0000 1.0000 0.0005 0.0007 0.0011 0.0016 0.0024 0.0036 0.0053 0.0081 0.0109 0.0081 0.0053 0.0036 0.0024 0.0016 0.0011 0.0007 0.0005 1.0000 1.0000 1.0000 1.0000 1.0000 1.0000 1.0000 1.0000 1.0000 1.0000 0.5816 0.3012 0.1525 0.0753 0.0363 0.0170 0.0078 0.0035 0.0015 0.0006 1.0000 1.0000 1.0000 1.0000 1.0000 0.7433 0.2533 0.0855 0.0286 0.0095 0.0032 0.0010 0.0003 1.0000 1.0000 1.0000 1.0000 0.6264 0.2079 0.0690 0.0229 0.0014
0.0021 0.0338 0.1019 0.3070 0.9250 1.0000 1.0000 1.0000 1.0000 0.0005 0.0015 0.0047 0.0141 0.0424 0.1268 0.3784 1.0000 1.0000 1.0000 1.0000 1.0000 0.0004 0.0011 0.0026 0.0063 0.0146 0.0328 0.0717 0.1525 0.3164 0.6408 1.0000 1.0000 1.0000 1.0000 1.0000 1.0000 1.0000 1.0000 1.0000 0.0005 0.0008 0.0013 0.0020 0.0031 0.0047 0.0071 0.0106 0.0159 0.0242 0.0329 0.0242 0.0159 0.0106 0.0071 0.0047 0.0031 0.0020 0.0013 0.0008 0.0005 1.0000 1.0000 1.0000 1.0000 1.0000 1.0000 1.0000 1.0000 1.0000 0.6408 0.3164 0.1525 0.0717 0.0328 0.0146 0.0063 0.0026 0.0011 0.0004 1.0000 1.0000 1.0000 1.0000 1.0000 0.3784 0.1268 0.0424 0.0141 0.0047 0.0015 0.0005 1.0000 1.0000 1.0000 1.0000 0.9250 0.3070 0.1019 0.0338 0.0021
0.0031 0.0499 0.1504 0.4533 1.0000 1.0000 1.0000 1.0000 1.0000 0.0008 0.0023 0.0069 0.0208 0.0626 0.1879 0.5631 1.0000 1.0000 1.0000 1.0000 1.0000 0.0007 0.0018 0.0046 0.0113 0.0268 0.0617 0.1381 0.3012 0.6408 1.0000 1.0000 1.0000 1.0000 1.0000 1.0000 1.0000 1.0000 0.0005 0.0008 0.0013 0.0022 0.0035 0.0056 0.0087 0.0135 0.0206 0.0313 0.0471 0.0722 0.0984 0.0722 0.0471 0.0313 0.0206 0.0135 0.0087 0.0056 0.0035 0.0022 0.0013 0.0008 0.0005 1.0000 1.0000 1.0000 1.0000 1.0000 1.0000 1.0000 1.0000 0.6408 0.3012 0.1381 0.0617 0.0268 0.0113 0.0046 0.0018 0.0007 1.0000 1.0000 1.0000 1.0000 1.0000 0.5631 0.1879 0.0626 0.0208 0.0069 0.0023 0.0008 1.0000 1.0000 1.0000 1.0000 1.0000 0.4533 0.1504 0.0499 0.0031
0.0046 0.0737 0.2222 0.6695 1.0000 1.0000 1.0000 1.0000 0.0004 0.0011 0.0034 0.0102 0.0307 0.0925 0.2786 0.8363 1.0000 1.0000 1.0000 1.0000 0.0004 0.0011 0.0030 0.0078 0.0196 0.0478 0.1133 0.2602 0.5816 1.0000 1.0000 1.0000 1.0000 1.0000 1.0000 1.0000 1.0000 0.0006 0.0011 0.0020 0.0034 0.0057 0.0094 0.0152 0.0243 0.0382 0.0592 0.0907 0.1378 0.2139 0.2927 0.2139 0.1378 0.0907 0.0592 0.0382 0.0243 0.0152 0.0094 0.0057 0.0034 0.0020 0.0011 0.0006 1.0000 1.0000 1.0000 1.0000 1.0000 1.0000 1.0000 1.0000 0.5816 0.2602 0.1133 0.0478 0.0196 0.0078 0.0030 0.0011 0.0004 1.0000 1.0000 1.0000 1.0000 0.8363 0.2786 0.0925 0.0307 0.0102 0.0034 0.0011 0.0004 1.0000 1.0000 1.0000 1.0000 0.6695 0.2222 0.0737 0.0046
0.0068 0.1089 0.3281 0.9887 1.0000 1.0000 1.0000 1.0000 0.0005 0.0017 0.0050 0.0150 0.0453 0.1365 0.4114 1.0000 1.0000 1.0000 1.0000 1.0000 0.0006 0.0017 0.0048 0.0129 0.0333 0.0836 0.2032 0.4799 1.0000 1.0000 1.0000 1.0000 1.0000 1.0000 1.0000 0.0004 0.0008 0.0015 0.0027 0.0048 0.0085 0.0146 0.0246 0.0407 0.0663 0.1060 0.1670 0.2602 0.3998 0.6252 0.8638 0.6252 0.3998 0.2602 0.1670 0.1060 0.0663 0.0407 0.0246 0.0146 0.0085 0.0048 0.0027 0.0015 0.0008 0.0004 1.0000 1.0000 1.0000 1.0000 1.0000 1.0000 1.0000 0.4799 0.2032 0.0836 0.0333 0.0129 0.0048 0.0017 0.0006 1.0000 1.0000 1.0000 1.0000 1.0000 0.4114 0.1365 0.0453 0.0150 0.0050 0.0017 0.0005 1.0000 1.0000 1.0000 1.0000 0.9887 0.3281 0.1089 0.0068
0.0101 0.1608 0.4845 1.0000 1.0000 1.0000 1.0000 1.0000 0.0008 0.0024 0.0074 0.0222 0.0669 0.2016 0.6087 1.0000 1.0000 1.0000 1.0000 1.0000 0.0009 0.0027 0.0076 0.0209 0.0555 0.1429 0.3567 0.8654 1.0000 1.0000 1.0000 1.0000 1.0000 1.0000 0.0005 0.0009 0.0017 0.0033 0.0062 0.0114 0.0205 0.0362 0.0626 0.1060 0.1762 0.2877 0.4629 0.7321 1.0000 1.0000 1.0000 1.0000 1.0000 0.7321 0.4629 0.2877 0.1762 0.1058 0.0626 0.0362 0.0205 0.0114 0.0062 0.0033 0.0017 0.0009 0.0005 1.0000 1.0000 1.0000 1.0000 1.0000 1.0000 0.8654 0.3567 0.1429 0.0555 0.0209 0.0076 0.0027 0.0009 1.0000 1.0000 1.0000 1.0000 1.0000 0.6087 0.2016 0.0669 0.0222 0.0074 0.0024 0.0008 1.0000 1.0000 1.0000 1.0000 1.0000 0.4845 0.1608 0.0101
0.0149 0.2375 0.7155 1.0000 1.0000 1.0000 1.0000 0.0004 0.0012 0.0036 0.0109 0.0328 0.0988 0.2978 0.8973 1.0000 1.0000 1.0000 1.0000 0.0005 0.0014 0.0042 0.0119 0.0332 0.0905 0.2388 0.6122 1.0000 1.0000 1.0000 1.0000 1.0000 1.0000 0.0005 0.0009 0.0019 0.0038 0.0074 0.0141 0.0264 0.0486 0.0877 0.1548 0.2682 0.4568 0.7633 1.0000 1.0000 1.0000 1.0000 1.0000 1.0000 1.0000 1.0000 1.0000 0.7633 0.4568 0.2687 0.1548 0.0875 0.0486 0.0264 0.0141 0.0074 0.0038 0.0019 0.0009 0.0005 1.0000 1.0000 1.0000 1.0000 1.0000 1.0000 0.6122 0.2388 0.0905 0.0332 0.0119 0.0042 0.0014 0.0005 1.0000 1.0000 1.0000 1.0000 0.8973 0.2978 0.0988 0.0328 0.0109 0.0036 0.0012 0.0004 1.0000 1.0000 1.0000 1.0000 0.7155 0.2375 0.0149
0.0220 0.3507 1.0000 1.0000 1.0000 1.0000 1.0000 0.0006 0.0018 0.0053 0.0161 0.0484 0.1459 0.4397 1.0000 1.0000 1.0000 1.0000 1.0000 0.0007 0.0022 0.0063 0.0183 0.0522 0.1448 0.3916 1.0000 1.0000 1.0000 1.0000 1.0000 1.0000 0.0004 0.0009 0.0019 0.0039 0.0080 0.0159 0.0312 0.0597 0.1120 0.2063 0.3734 0.6619 1.0000 1.0000 1.0000 1.0000 1.0000 1.0000 1.0000 1.0000 1.0000 1.0000 1.0000 1.0000 1.0000 0.6619 0.3741 0.2071 0.1120 0.0596 0.0311 0.0160 0.0080 0.0039 0.0019 0.0009 0.0004 1.0000 1.0000 1.0000 1.0000 1.0000 1.0000 0.3916 0.1448 0.0522 0.0183 0.0063 0.0022 0.0007 1.0000 1.0000 1.0000 1.0000 1.0000 0.4397 0.1459 0.0484 0.0161 0.0053 0.0018 0.0006 1.0000 1.0000 1.0000 1.0000 1.0000 0.3507 0.0220
0.0325 0.5179 1.0000 1.0000 1.0000 1.0000 1.0000 0.0009 0.0026 0.0079 0.0237 0.0715 0.2155 0.6494 1.0000 1.0000 1.0000 1.0000 0.0004 0.0011 0.0032 0.0095 0.0280 0.0806 0.2277 0.6287 1.0000 1.0000 1.0000 1.0000 1.0000 1.0000 0.0008 0.0017 0.0038 0.0080 0.0166 0.0339 0.0674 0.1317 0.2528 0.4754 0.8770 1.0000 1.0000 1.0000 1.0000 1.0000 1.0000 1.0000 1.0000 1.0000 1.0000 1.0000 1.0000 1.0000 1.0000 1.0000 0.8787 0.4763 0.2528 0.1317 0.0673 0.0338 0.0166 0.0080 0.0038 0.0017 0.0008 1.0000 1.0000 1.0000 1.0000 1.0000 1.0000 0.6299 0.2282 0.0806 0.0280 0.0095 0.0032 0.0011 0.0004 1.0000 1.0000 1.0000 1.0000 0.6494 0.2155 0.0715 0.0237 0.0079 0.0026 0.0009 1.0000 1.0000 1.0000 1.0000 1.0000 0.5179 0.0325
0.0480 0.7648 1.0000 1.0000 1.0000 1.0000 0.0004 0.0013 0.0039 0.0116 0.0350 0.1056 0.3183 0.9590 1.0000 1.0000 1.0000 1.0000 0.0005 0.0016 0.0048 0.0143 0.0421 0.1232 0.3534 0.9962 1.0000 1.0000 1.0000 1.0000 1.0000 0.0006 0.0015 0.0033 0.0074 0.0159 0.0339 0.0702 0.1426 0.2845 0.5567 1.0000 1.0000 1.0000 1.0000 1.0000 1.0000 1.0000 1.0000 1.0000 1.0000 1.0000 1.0000 1.0000 1.0000 1.0000 1.0000 1.0000 1.0000 1.0000 0.5567 0.2845 0.1429 0.0702 0.0338 0.0160 0.0074 0.0033 0.0015 0.0006 1.0000 1.0000 1.0000 1.0000 1.0000 0.9962 0.3540 0.1232 0.0422 0.0143 0.0048 0.0016 0.0005 1.0000 1.0000 1.0000 1.0000 0.9590 0.3183 0.1056 0.0350 0.0116 0.0039 0.0013 0.0004 1.0000 1.0000 1.0000 1.0000 0.7648 0.0480
0.0708 1.0000 1.0000 1.0000 1.0000 1.0000 0.0006 0.0019 0.0057 0.0172 0.0518 0.1560 0.4700 1.0000 1.0000 1.0000 1.0000 1.0000 0.0008 0.0024 0.0071 0.0213 0.0632 0.1858 0.5410 1.0000 1.0000 1.0000 1.0000 1.0000 0.0005 0.0011 0.0027 0.0062 0.0141 0.0312 0.0674 0.1426 0.2961 0.6018 1.0000 1.0000 1.0000 1.0000 1.0000 1.0000 1.0000 1.0000 0.0004 0.0006 0.0009 0.0006 0.0004 1.0000 1.0000 1.0000 1.0000 1.0000 1.0000 1.0000 1.0000 0.6018 0.2961 0.1429 0.0673 0.0311 0.0141 0.0062 0.0027 0.0011 0.0005 1.0000 1.0000 1.0000 1.0000 1.0000 0.5431 0.1865 0.0633 0.0213 0.0071 0.0024 0.0008 1.0000 1.0000 1.0000 1.0000 1.0000 0.4700 0.1560 0.0518 0.0172 0.0057 0.0019 0.0006 1.0000 1.0000 1.0000 1.0000 1.0000 0.0708
0.1046 1.0000 1.0000 1.0000 1.0000 1.0000 0.0009 0.0028 0.0084 0.0254 0.0764 0.2303 0.6941 1.0000 1.0000 1.0000 1.0000 0.0004 0.0012 0.0035 0.0105 0.0315 0.0942 0.2797 0.8205 1.0000 1.0000 1.0000 1.0000 1.0000 0.0008 0.0020 0.0048 0.0114 0.0264 0.0597 0.1317 0.2845 0.6018 1.0000 1.0000 1.0000 1.0000 1.0000 1.0000 1.0000 1.0000 0.0005 0.0009 0.0016 0.0024 0.0016 0.0009 0.0005 1.0000 1.0000 1.0000 1.0000 1.0000 1.0000 1.0000 1.0000 0.6018 0.2845 0.1317 0.0596 0.0264 0.0114 0.0048 0.0020 0.0008 1.0000 1.0000 1.0000 1.0000 1.0000 0.8252 0.2802 0.0946 0.0316 0.0105 0.0035 0.0012 0.0004 1.0000 1.0000 1.0000 1.0000 0.6941 0.2303 0.0764 0.0254 0.0084 0.0028 0.0009 1.0000 1.0000 1.0000 1.0000 1.0000 0.1046
0.1545 1.0000 1.0000 1.0000 1.0000 0.0005 0.0014 0.0041 0.0124 0.0375 0.1129 0.3402 1.0000 1.0000 1.0000 1.0000 1.0000 0.0006 0.0017 0.0052 0.0156 0.0468 0.1402 0.4177 1.0000 1.0000 1.0000 1.0000 1.0000 0.0005 0.0013 0.0034 0.0085 0.0205 0.0486 0.1120 0.2528 0.5567 1.0000 1.0000 1.0000 1.0000 1.0000 1.0000 1.0000 1.0000 0.0006 0.0012 0.0021 0.0039 0.0060 0.0039 0.0021 0.0012 0.0006 1.0000 1.0000 1.0000 1.0000 1.0000 1.0000 1.0000 1.0000 0.5567 0.2528 0.1120 0.0486 0.0205 0.0085 0.0034 0.0013 0.0005 1.0000 1.0000 1.0000 1.0000 1.0000 0.4185 0.1402 0.0468 0.0156 0.0052 0.0017 0.0006 1.0000 1.0000 1.0000 1.0000 1.0000 0.3402 0.1129 0.0375 0.0124 0.0041 0.0014 0.0005 1.0000 1.0000 1.0000 1.0000 0.1545
0.2282 1.0000 1.0000 1.0000 1.0000 0.0007 0.0020 0.0061 0.0184 0.0553 0.1667 0.5024 1.0000 1.0000 1.0000 1.0000 1.0000 0.0008 0.0025 0.0076 0.0230 0.0694 0.2083 0.6228 1.0000 1.0000 1.0000 1.0000 1.0000 0.0008 0.0022 0.0057 0.0146 0.0362 0.0875 0.2071 0.4763 1.0000 1.0000 1.0000 1.0000 1.0000 1.0000 1.0000 0.0004 0.0008 0.0015 0.0027 0.0050 0.0095 0.0149 0.0095 0.0050 0.0027 0.0015 0.0008 0.0004 1.0000 1.0000 1.0000 1.0000 1.0000 1.0000 1.0000 0.4763 0.2071 0.0875 0.0362 0.0146 0.0057 0.0022 0.0008 1.0000 1.0000 1.0000 1.0000 1.0000 0.6228 0.2083 0.0694 0.0230 0.0076 0.0025 0.0008 1.0000 1.0000 1.0000 1.0000 1.0000 0.5024 0.1667 0.0553 0.0184 0.0061 0.0020 0.0007 1.0000 1.0000 1.0000 1.0000 0.2282
0.3369 1.0000 1.0000 1.0000 1.0000 0.0010 0.0030 0.0090 0.0271 0.0817 0.2462 0.7419 1.0000 1.0000 1.0000 1.0000 0.0004 0.0012 0.0037 0.0113 0.0340 0.1025 0.3087 0.9232 1.0000 1.0000 1.0000 1.0000 0.0005 0.0013 0.0035 0.0094 0.0246 0.0626 0.1548 0.3741 0.8787 1.0000 1.0000 1.0000 1.0000 1.0000 1.0000 0.0004 0.0009 0.0017 0.0033 0.0062 0.0116 0.0225 0.0358 0.0225 0.0117 0.0062 0.0033 0.0017 0.0009 0.0004 1.0000 1.0000 1.0000 1.0000 1.0000 1.0000 0.8787 0.3741 0.1548 0.0626 0.0246 0.0094 0.0035 0.0013 0.0005 1.0000 1.0000 1.0000 1.0000 0.9250 0.3081 0.1025 0.0340 0.0113 0.0037 0.0012 0.0004 1.0000 1.0000 1.0000 1.0000 0.7419 0.2462 0.0817 0.0271 0.0090 0.0030 0.0010 1.0000 1.0000 1.0000 1.0000 0.3369
0.4976 1.0000 1.0000 1.0000 0.0005 0.0015 0.0044 0.0133 0.0400 0.1207 0.3636 1.0000 1.0000 1.0000 1.0000 1.0000 0.0006 0.0018 0.0055 0.0167 0.0502 0.1516 0.4559 1.0000 1.0000 1.0000 1.0000 1.0000 0.0007 0.0020 0.0056 0.0152 0.0407 0.1058 0.2687 0.6619 1.0000 1.0000 1.0000 1.0000 1.0000 1.0000 0.0004 0.0009 0.0018 0.0036 0.0072 0.0139 0.0265 0.0522 0.0842 0.0523 0.0265 0.0139 0.0072 0.0036 0.0018 0.0009 0.0004 1.0000 1.0000 1.0000 1.0000 1.0000 1.0000 0.6619 0.2687 0.1058 0.0407 0.0152 0.0056 0.0020 0.0007 1.0000 1.0000 1.0000 1.0000 1.0000 0.4559 0.1516 0.0502 0.0167 0.0055 0.0018 0.0006 1.0000 1.0000 1.0000 1.0000 1.0000 0.3636 0.1207 0.0400 0.0133 0.0044 0.0015 0.0005 1.0000 1.0000 1.0000 0.4976
0.7348 1.0000 1.0000 1.0000 0.0007 0.0022 0.0065 0.0196 0.0591 0.1782 0.5369 1.0000 1.0000 1.0000 1.0000 1.0000 0.0009 0.0027 0.0082 0.0246 0.0741 0.2234 0.6733 1.0000 1.0000 1.0000 1.0000 0.0004 0.0011 0.0031 0.0087 0.0243 0.0663 0.1762 0.4568 1.0000 1.0000 1.0000 1.0000 1.0000 1.0000 0.0004 0.0009 0.0018 0.0038 0.0077 0.0154 0.0303 0.0589 0.1184 0.1941 0.1188 0.0590 0.0304 0.0154 0.0077 0.0038 0.0018 0.0009 0.0004 1.0000 1.0000 1.0000 1.0000 1.0000 1.0000 0.4568 0.1762 0.0663 0.0243 0.0087 0.0031 0.0011 0.0004 1.0000 1.0000 1.0000 1.0000 0.6733 0.2234 0.0741 0.0246 0.0082 0.0027 0.0009 1.0000 1.0000 1.0000 1.0000 1.0000 0.5369 0.1782 0.0591 0.0196 0.0065 0.0022 0.0007 1.0000 1.0000 1.0000 0.7348
1.0000 1.0000 1.0000 0.0004 0.0011 0.0032 0.0096 0.0290 0.0873 0.2631 0.7929 1.0000 1.0000 1.0000 1.0000 0.0004 0.0013 0.0040 0.0121 0.0363 0.1095 0.3300 0.9943 1.0000 1.0000 1.0000 1.0000 0.0005 0.0016 0.0047 0.0135 0.0382 0.1060 0.2877 0.7633 1.0000 1.0000 1.0000 1.0000 1.0000 1.0000 0.0008 0.0017 0.0036 0.0077 0.0159 0.0325 0.0653 0.1285 0.2641 0.4381 0.2646 0.1287 0.0654 0.0325 0.0159 0.0077 0.0036 0.0017 0.0008 1.0000 1.0000 1.0000 1.0000 1.0000 1.0000 0.7633 0.2877 0.1060 0.0382 0.0135 0.0047 0.0016 0.0005 1.0000 1.0000 1.0000 1.0000 0.9943 0.3300 0.1095 0.0363 0.0121 0.0040 0.0013 0.0004 1.0000 1.0000 1.0000 1.0000 0.7929 0.2631 0.0873 0.0290 0.0096 0.0032 0.0011 0.0004 1.0000 1.0000 1.0000
1.0000 1.0000 1.0000 0.0005 0.0016 0.0047 0.0142 0.0428 0.1290 0.3886 1.0000 1.0000 1.0000 1.0000 1.0000 0.0007 0.0020 0.0059 0.0178 0.0537 0.1617 0.4873 1.0000 1.0000 1.0000 1.0000 1.0000 0.0008 0.0024 0.0071 0.0206 0.0592 0.1670 0.4629 1.0000 1.0000 1.0000 1.0000 1.0000 1.0000 0.0006 0.0015 0.0033 0.0072 0.0154 0.0325 0.0674 0.1373 0.2760 0.5772 0.9700 0.5794 0.2765 0.1376 0.0676 0.0325 0.0154 0.0072 0.0033 0.0015 0.0006 1.0000 1.0000 1.0000 1.0000 1.0000 1.0000 0.4629 0.1670 0.0592 0.0206 0.0071 0.0024 0.0008 1.0000 1.0000 1.0000 1.0000 1.0000 0.4873 0.1617 0.0537 0.0178 0.0059 0.0020 0.0007 1.0000 1.0000 1.0000 1.0000 1.0000 0.3886 0.1290 0.0428 0.0142 0.0047 0.0016 0.0005 1.0000 1.0000 1.0000
1.0000 1.0000 1.0000 0.0008 0.0023 0.0070 0.0210 0.0632 0.1904 0.5739 1.0000 1.0000 1.0000 1.0000 1.0000 0.0010 0.0029 0.0087 0.0263 0.0793 0.2388 0.7196 1.0000 1.0000 1.0000 1.0000 0.0004 0.0012 0.0036 0.0106 0.0313 0.0909 0.2597 0.7321 1.0000 1.0000 1.0000 1.0000 1.0000 0.0005 0.0012 0.0027 0.0062 0.0139 0.0304 0.0653 0.1376 0.2856 0.5827 1.0000 1.0000 1.0000 0.5838 0.2861 0.1376 0.0654 0.0304 0.0139 0.0062 0.0027 0.0012 0.0005 1.0000 1.0000 1.0000 1.0000 1.0000 0.7321 0.2602 0.0907 0.0313 0.0106 0.0036 0.0012 0.0004 1.0000 1.0000 1.0000 1.0000 0.7196 0.2388 0.0793 0.0263 0.0087 0.0029 0.0010 1.0000 1.0000 1.0000 1.0000 1.0000 0.5739 0.1904 0.0632 0.0210 0.0070 0.0023 0.0008 1.0000 1.0000 1.0000
1.0000 1.0000 0.0004 0.0011 0.0034 0.0103 0.0310 0.0933 0.2813 0.8475 1.0000 1.0000 1.0000 1.0000 0.0005 0.0014 0.0043 0.0129 0.0388 0.1170 0.3527 1.0000 1.0000 1.0000 1.0000 1.0000 0.0006 0.0018 0.0053 0.0159 0.0471 0.1378 0.3998 1.0000 1.0000 1.0000 1.0000 1.0000 0.0004 0.0009 0.0021 0.0050 0.0117 0.0265 0.0590 0.1287 0.2760 0.5816 1.0000 1.0000 1.0000 1.0000 1.0000 0.5838 0.2765 0.1287 0.0590 0.0265 0.0117 0.0050 0.0021 0.0009 0.0004 1.0000 1.0000 1.0000 1.0000 1.0000 0.3998 0.1378 0.0471 0.0159 0.0053 0.0018 0.0006 1.0000 1.0000 1.0000 1.0000 1.0000 0.3527 0.1170 0.0388 0.0129 0.0043 0.0014 0.0005 1.0000 1.0000 1.0000 1.0000 0.8475 0.2813 0.0933 0.0310 0.0103 0.0034 0.0011 0.0004 1.0000 1.0000
1.0000 1.0000 0.0006 0.0017 0.0052 0.0156 0.0470 0.1416 0.4266 1.0000 1.0000 1.0000 1.0000 1.0000 0.0007 0.0022 0.0065 0.0195 0.0589 0.1775 0.5349 1.0000 1.0000 1.0000 1.0000 1.0000 0.0009 0.0027 0.0081 0.0242 0.0722 0.2139 0.6252 1.0000 1.0000 1.0000 1.0000 1.0000 0.0006 0.0016 0.0039 0.0095 0.0225 0.0522 0.1186 0.2646 0.5783 1.0000 1.0000 1.0000 1.0000 1.0000 1.0000 1.0000 0.5794 0.2646 0.1186 0.0522 0.0225 0.0095 0.0039 0.0016 0.0006 1.0000 1.0000 1.0000 1.0000 1.0000 0.6252 0.2139 0.0722 0.0242 0.0081 0.0027 0.0009 1.0000 1.0000 1.0000 1.0000 1.0000 0.5349 0.1775 0.0589 0.0195 0.0065 0.0022 0.0007 1.0000 1.0000 1.0000 1.0000 1.0000 0.4266 0.1416 0.0470 0.0156 0.0052 0.0017 0.0006 1.0000 1.0000
1.0000 1.0000 0.0008 0.0023 0.0070 0.0211 0.0636 0.1915 0.5772 1.0000 1.0000 1.0000 1.0000 1.0000 0.0010 0.0029 0.0088 0.0265 0.0797 0.2402 0.7238 1.0000 1.0000 1.0000 1.0000 0.0004 0.0012 0.0036 0.0109 0.0329 0.0984 0.2927 0.8638 1.0000 1.0000 1.0000 1.0000 1.0000 0.0009 0.0024 0.0060 0.0149 0.0358 0.0844 0.1945 0.4389 0.9700 1.0000 1.0000 1.0000 1.0000 1.0000 1.0000 1.0000 0.9700 0.4389 0.1945 0.0844 0.0358 0.0149 0.0060 0.0024 0.0009 1.0000 1.0000 1.0000 1.0000 1.0000 0.8638 0.2927 0.0984 0.0329 0.0109 0.0036 0.0012 0.0004 1.0000 1.0000 1.0000 1.0000 0.7238 0.2402 0.0797 0.0265 0.0088 0.0029 0.0010 1.0000 1.0000 1.0000 1.0000 1.0000 0.5772 0.1915 0.0636 0.0211 0.0070 0.0023 0.0008 1.0000 1.0000
1.0000 1.0000 0.0006 0.0017 0.0052 0.0156 0.0470 0.1416 0.4266 1.0000 1.0000 1.0000 1.0000 1.0000 0.0007 0.0022 0.0065 0.0195 0.0589 0.1775 0.5349 1.0000 1.0000 1.0000 1.0000 1.0000 0.0009 0.0027 0.0081 0.0242 0.0722 0.2139 0.6252 1.0000 1.0000 1.0000 1.0000 1.0000 0.0006 0.0016 0.0039 0.0095 0.0225 0.0522 0.1186 0.2646 0.5794 1.0000 1.0000 1.0000 1.0000 1.0000 1.0000 1.0000 0.5794 0.2646 0.1186 0.0522 0.0225 0.0095 0.0039 0.0016 0.0006 1.0000 1.0000 1.0000 1.0000 1.0000 0.6252 0.2139 0.0722 0.0242 0.0081 0.0027 0.0009 1.0000 1.0000 1.0000 1.0000 1.0000 0.5349 0.1775 0.0589 0.0195 0.0065 0.0022 0.0007 1.0000 1.0000 1.0000 1.0000 1.0000 0.4266 0.1416 0.0470 0.0156 0.0052 0.0017 0.0006 1.0000 1.0000
1.0000 1.0000 0.0004 0.0011 0.0034 0.0103 0.0310 0.0933 0.2813 0.8475 1.0000 1.0000 1.0000 1.0000 0.0005 0.0014 0.0043 0.0129 0.0388 0.1170 0.3527 1.0000 1.0000 1.0000 1.0000 1.0000 0.0006 0.0018 0.0053 0.0159 0.0471 0.1378 0.3998 1.0000 1.0000 1.0000 1.0000 1.0000 0.0004 0.0009 0.0021 0.0050 0.0117 0.0265 0.0590 0.1287 0.2765 0.5838 1.0000 1.0000 1.0000 1.0000 1.0000 0.5838 0.2765 0.1287 0.0590 0.0265 0.0117 0.0050 0.0021 0.0009 0.0004 1.0000 1.0000 1.0000 1.0000 1.0000 0.3998 0.1378 0.0471 0.0159 0.0053 0.0018 0.0006 1.0000 1.0000 1.0000 1.0000 1.0000 0.3527 0.1170 0.0388 0.0129 0.0043 0.0014 0.0005 1.0000 1.0000 1.0000 1.0000 0.8475 0.2813 0.0933 0.0310 0.0103 0.0034 0.0011 0.0004 1.0000 1.0000
1.0000 1.0000 1.0000 0.0008 0.0023 0.0070 0.0210 0.0632 0.1904 0.5739 1.0000 1.0000 1.0000 1.0000 1.0000 0.0010 0.0029 0.0087 0.0263 0.0793 0.2388 0.7196 1.0000 1.0000 1.0000 1.0000 0.0004 0.0012 0.0036 0.0106 0.0313 0.0909 0.2597 0.7321 1.0000 1.0000 1.0000 1.0000 1.0000 0.0005 0.0012 0.0027 0.0062 0.0139 0.0304 0.0654 0.1376 0.2861 0.5838 1.0000 1.0000 1.0000 0.5838 0.2861 0.1376 0.0654 0.0304 0.0139 0.0062 0.0027 0.0012 0.0005 1.0000 1.0000 1.0000 1.0000 1.0000 0.7321 0.2602 0.0907 0.0313 0.0106 0.0036 0.0012 0.0004 1.0000 1.0000 1.0000 1.0000 0.7196 0.2388 0.0793 0.0263 0.0087 0.0029 0.0010 1.0000 1.0000 1.0000 1.0000 1.0000 0.5739 0.1904 0.0632 0.0210 0.0070 0.0023 0.0008 1.0000 1.0000 1.0000
1.0000 1.0000 1.0000 0.0005 0.0016 0.0047 0.0142 0.0428 0.1290 0.3886 1.0000 1.0000 1.0000 1.0000 1.0000 0.0007 0.0020 0.0059 0.0178 0.0537 0.1617 0.4873 1.0000 1.0000 1.0000 1.0000 1.0000 0.0008 0.0024 0.0071 0.0206 0.0592 0.1670 0.4629 1.0000 1.0000 1.0000 1.0000 1.0000 1.0000 0.0006 0.0015 0.0033 0.0072 0.0154 0.0325 0.0676 0.1376 0.2765 0.5794 0.9700 0.5794 0.2765 0.1376 0.0676 0.0325 0.0154 0.0072 0.0033 0.0015 0.0006 1.0000 1.0000 1.0000 1.0000 1.0000 1.0000 0.4629 0.1670 0.0592 0.0206 0.0071 0.0024 0.0008 1.0000 1.0000 1.0000 1.0000 1.0000 0.4873 0.1617 0.0537 0.0178 0.0059 0.0020 0.0007 1.0000 1.0000 1.0000 1.0000 1.0000 0.3886 0.1290 0.0428 0.0142 0.0047 0.0016 0.0005 1.0000 1.0000 1.0000
1.0000 1.0000 1.0000 0.0004 0.0011 0.0032 0.0096 0.0290 0.0873 0.2631 0.7929 1.0000 1.0000 1.0000 1.0000 0.0004 0.0013 0.0040 0.0121 0.0363 0.1095 0.3300 0.9943 1.0000 1.0000 1.0000 1.0000 0.0005 0.0016 0.0047 0.0135 0.0382 0.1060 0.2877 0.7633 1.0000 1.0000 1.0000 1.0000 1.0000 1.0000 0.0008 0.0017 0.0036 0.0077 0.0159 0.0325 0.0654 0.1287 0.2646 0.4389 0.2646 0.1287 0.0654 0.0325 0.0159 0.0077 0.0036 0.0017 0.0008 1.0000 1.0000 1.0000 1.0000 1.0000 1.0000 0.7633 0.2877 0.1060 0.0382 0.0135 0.0047 0.0016 0.0005 1.0000 1.0000 1.0000 1.0000 0.9943 0.3300 0.1095 0.0363 0.0121 0.0040 0.0013 0.0004 1.0000 1.0000 1.0000 1.0000 0.7929 0.2631 0.0873 0.0290 0.0096 0.0032 0.0011 0.0004 1.0000 1.0000 1.0000
