0.0000 0.0015 0.0026 0.0038 0.0055 0.0081 0.0120 0.0177 0.0262 0.0387 0.0571 0.0844 0.1246 0.1840 0.2718 0.4014 0.5927 0.8754 1.0000 1.0000 1.0000 1.0000 1.0000 1.0000 1.0000 1.0000 0.0001 0.0001 0.0001 0.0002 0.0003 0.0005 0.0007 0.0010 0.0015 0.0022 0.0032 0.0048 0.0070 0.0104 0.0154 0.0227 0.0335 0.0495 0.0730 0.1078 0.1593 0.2348 0.3454 0.5359 0.7532 0.5359 0.3454 0.2348 0.1593 0.1078 0.0730 0.0495 0.0335 0.0227 0.0154 0.0104 0.0070 0.0048 0.0032 0.0022 0.0015 0.0010 0.0007 0.0005 0.0003 0.0002 0.0001 0.0001 0.0001 1.0000 1.0000 1.0000 1.0000 1.0000 1.0000 1.0000 1.0000 0.8754 0.5927 0.4014 0.2718 0.1840 0.1246 0.0844 0.0571 0.0387 0.0262 0.0177 0.0120 0.0081 0.0055 0.0038 0.0026 0.0015 0.0000
0.0015 0.0267 0.0379 0.0583 0.0870 0.1292 0.1912 0.2829 0.4177 0.6169 0.9110 1.0000 1.0000 1.0000 1.0000 1.0000 1.0000 1.0000 1.0000 1.0000 1.0000 1.0000 1.0000 1.0000 0.0005 0.0007 0.0010 0.0015 0.0023 0.0034 0.0050 0.0073 0.0108 0.0160 0.0236 0.0349 0.0515 0.0760 0.1122 0.1658 0.2448 0.3615 0.5339 0.7884 1.0000 1.0000 1.0000 1.0000 1.0000 1.0000 1.0000 1.0000 1.0000 1.0000 1.0000 1.0000 1.0000 0.7884 0.5339 0.3615 0.2448 0.1658 0.1122 0.0760 0.0515 0.0349 0.0236 0.0160 0.0108 0.0073 0.0050 0.0034 0.0023 0.0015 0.0010 0.0007 0.0005 1.0000 1.0000 1.0000 1.0000 1.0000 1.0000 1.0000 1.0000 1.0000 1.0000 1.0000 1.0000 1.0000 0.9110 0.6169 0.4177 0.2829 0.1912 0.1292 0.0870 0.0583 0.0379 0.0267 0.0015
0.0026 0.0379 0.0793 0.1421 0.2348 0.3685 0.5609 0.8427 1.0000 1.0000 1.0000 1.0000 1.0000 1.0000 1.0000 1.0000 1.0000 1.0000 1.0000 1.0000 1.0000 0.0004 0.0007 0.0010 0.0014 0.0021 0.0031 0.0046 0.0069 0.0101 0.0150 0.0221 0.0326 0.0482 0.0711 0.1050 0.1551 0.2290 0.3382 0.4995 0.7376 1.0000 1.0000 1.0000 1.0000 1.0000 1.0000 1.0000 1.0000 1.0000 1.0000 1.0000 1.0000 1.0000 1.0000 1.0000 1.0000 1.0000 1.0000 1.0000 0.7376 0.4995 0.3382 0.2290 0.1551 0.1050 0.0711 0.0482 0.0326 0.0221 0.0150 0.0101 0.0069 0.0046 0.0031 0.0021 0.0014 0.0010 0.0007 0.0004 1.0000 1.0000 1.0000 1.0000 1.0000 1.0000 1.0000 1.0000 1.0000 1.0000 1.0000 1.0000 1.0000 0.8427 0.5609 0.3685 0.2348 0.1421 0.0793 0.0379 0.0026
0.0038 0.0583 0.1421 0.2961 0.5514 0.9481 1.0000 1.0000 1.0000 1.0000 1.0000 1.0000 1.0000 1.0000 1.0000 1.0000 1.0000 1.0000 0.0004 0.0006 0.0009 0.0013 0.0020 0.0029 0.0043 0.0064 0.0095 0.0140 0.0207 0.0305 0.0451 0.0665 0.0983 0.1451 0.2143 0.3164 0.4673 0.6901 1.0000 1.0000 1.0000 1.0000 1.0000 1.0000 1.0000 1.0000 1.0000 1.0000 1.0000 1.0000 1.0000 1.0000 1.0000 1.0000 1.0000 1.0000 1.0000 1.0000 1.0000 1.0000 1.0000 1.0000 1.0000 0.6901 0.4673 0.3164 0.2143 0.1451 0.0983 0.0665 0.0451 0.0305 0.0207 0.0140 0.0095 0.0064 0.0043 0.0029 0.0020 0.0013 0.0009 0.0006 0.0004 1.0000 1.0000 1.0000 1.0000 1.0000 1.0000 1.0000 1.0000 1.0000 1.0000 1.0000 1.0000 0.9481 0.5514 0.2961 0.1421 0.0583 0.0038
0.0055 0.0870 0.2348 0.5514 1.0000 1.0000 1.0000 1.0000 1.0000 1.0000 1.0000 1.0000 1.0000 1.0000 1.0000 0.0004 0.0006 0.0009 0.0013 0.0019 0.0028 0.0041 0.0060 0.0089 0.0131 0.0193 0.0285 0.0422 0.0622 0.0919 0.1358 0.2005 0.2961 0.4372 0.6457 0.9536 1.0000 1.0000 1.0000 1.0000 1.0000 1.0000 1.0000 1.0000 1.0000 1.0000 1.0000 1.0000 0.0003 0.0005 0.0007 0.0005 0.0003 1.0000 1.0000 1.0000 1.0000 1.0000 1.0000 1.0000 1.0000 1.0000 1.0000 1.0000 1.0000 0.9536 0.6457 0.4372 0.2961 0.2005 0.1358 0.0919 0.0622 0.0422 0.0285 0.0193 0.0131 0.0089 0.0060 0.0041 0.0028 0.0019 0.0013 0.0009 0.0006 0.0004 1.0000 1.0000 1.0000 1.0000 1.0000 1.0000 1.0000 1.0000 1.0000 1.0000 1.0000 0.5514 0.2348 0.0870 0.0055
0.0081 0.1292 0.3685 0.9481 1.0000 1.0000 1.0000 1.0000 1.0000 1.0000 1.0000 1.0000 0.0004 0.0005 0.0008 0.0012 0.0017 0.0026 0.0038 0.0056 0.0083 0.0122 0.0181 0.0267 0.0394 0.0582 0.0860 0.1270 0.1876 0.2770 0.4091 0.6041 0.8922 1.0000 1.0000 1.0000 1.0000 1.0000 1.0000 1.0000 1.0000 1.0000 1.0000 1.0000 1.0000 1.0000 0.0005 0.0007 0.0010 0.0015 0.0021 0.0015 0.0010 0.0007 0.0005 1.0000 1.0000 1.0000 1.0000 1.0000 1.0000 1.0000 1.0000 1.0000 1.0000 1.0000 1.0000 1.0000 0.8922 0.6041 0.4091 0.2770 0.1876 0.1270 0.0860 0.0582 0.0394 0.0267 0.0181 0.0122 0.0083 0.0056 0.0038 0.0026 0.0017 0.0012 0.0008 0.0005 0.0004 1.0000 1.0000 1.0000 1.0000 1.0000 1.0000 1.0000 1.0000 0.9481 0.3685 0.1292 0.0081
0.0120 0.1912 0.5609 1.0000 1.0000 1.0000 1.0000 1.0000 1.0000 1.0000 0.0004 0.0007 0.0010 0.0016 0.0023 0.0035 0.0052 0.0077 0.0115 0.0169 0.0250 0.0369 0.0545 0.0805 0.1188 0.1755 0.2592 0.3827 0.5652 0.8347 1.0000 1.0000 1.0000 1.0000 1.0000 1.0000 1.0000 1.0000 1.0000 1.0000 1.0000 1.0000 1.0000 0.0004 0.0006 0.0010 0.0014 0.0021 0.0031 0.0047 0.0063 0.0047 0.0031 0.0021 0.0014 0.0010 0.0006 0.0004 1.0000 1.0000 1.0000 1.0000 1.0000 1.0000 1.0000 1.0000 1.0000 1.0000 1.0000 1.0000 1.0000 0.8347 0.5652 0.3827 0.2592 0.1755 0.1188 0.0805 0.0545 0.0369 0.0250 0.0169 0.0115 0.0077 0.0052 0.0035 0.0023 0.0016 0.0010 0.0007 0.0004 1.0000 1.0000 1.0000 1.0000 1.0000 1.0000 1.0000 0.5609 0.1912 0.0120
0.0177 0.2829 0.8427 1.0000 1.0000 1.0000 1.0000 1.0000 1.0000 0.0006 0.0010 0.0017 0.0028 0.0044 0.0068 0.0103 0.0155 0.0231 0.0343 0.0508 0.0753 0.1112 0.1645 0.2425 0.3581 0.5288 0.7810 1.0000 1.0000 1.0000 1.0000 1.0000 1.0000 1.0000 1.0000 1.0000 1.0000 1.0000 1.0000 1.0000 0.0004 0.0006 0.0009 0.0013 0.0020 0.0029 0.0043 0.0063 0.0093 0.0141 0.0190 0.0141 0.0093 0.0063 0.0043 0.0029 0.0020 0.0013 0.0009 0.0006 0.0004 1.0000 1.0000 1.0000 1.0000 1.0000 1.0000 1.0000 1.0000 1.0000 1.0000 1.0000 1.0000 1.0000 0.7810 0.5288 0.3581 0.2425 0.1645 0.1112 0.0753 0.0508 0.0343 0.0231 0.0155 0.0103 0.0068 0.0044 0.0028 0.0017 0.0010 0.0006 1.0000 1.0000 1.0000 1.0000 1.0000 1.0000 0.8427 0.2829 0.0177
0.0262 0.4177 1.0000 1.0000 1.0000 1.0000 1.0000 1.0000 0.0006 0.0013 0.0024 0.0042 0.0072 0.0118 0.0189 0.0294 0.0451 0.0681 0.1021 0.1522 0.2260 0.3344 0.4948 0.7307 1.0000 1.0000 1.0000 1.0000 1.0000 1.0000 1.0000 1.0000 1.0000 1.0000 1.0000 1.0000 1.0000 0.0004 0.0006 0.0008 0.0012 0.0018 0.0027 0.0040 0.0059 0.0087 0.0128 0.0189 0.0280 0.0424 0.0574 0.0424 0.0280 0.0189 0.0128 0.0087 0.0059 0.0040 0.0027 0.0018 0.0012 0.0008 0.0006 0.0004 1.0000 1.0000 1.0000 1.0000 1.0000 1.0000 1.0000 1.0000 1.0000 1.0000 1.0000 1.0000 1.0000 0.7307 0.4948 0.3344 0.2260 0.1522 0.1021 0.0681 0.0451 0.0294 0.0189 0.0118 0.0072 0.0042 0.0024 0.0013 0.0006 1.0000 1.0000 1.0000 1.0000 1.0000 1.0000 0.4177 0.0262
0.0387 0.6169 1.0000 1.0000 1.0000 1.0000 1.0000 0.0006 0.0013 0.0026 0.0052 0.0097 0.0175 0.0302 0.0502 0.0809 0.1275 0.1967 0.3000 0.4499 0.6733 1.0000 1.0000 1.0000 1.0000 1.0000 1.0000 1.0000 1.0000 1.0000 1.0000 1.0000 1.0000 1.0000 0.0004 0.0005 0.0008 0.0012 0.0017 0.0025 0.0037 0.0055 0.0081 0.0120 0.0177 0.0262 0.0386 0.0570 0.0842 0.1277 0.1728 0.1277 0.0842 0.0570 0.0386 0.0262 0.0177 0.0120 0.0081 0.0055 0.0037 0.0025 0.0017 0.0012 0.0008 0.0005 0.0004 1.0000 1.0000 1.0000 1.0000 1.0000 1.0000 1.0000 1.0000 1.0000 1.0000 1.0000 1.0000 1.0000 0.6733 0.4499 0.3000 0.1967 0.1275 0.0809 0.0502 0.0302 0.0175 0.0097 0.0052 0.0026 0.0013 0.0006 1.0000 1.0000 1.0000 1.0000 1.0000 0.6169 0.0387
0.0571 0.9110 1.0000 1.0000 1.0000 1.0000 0.0004 0.0010 0.0024 0.0052 0.0108 0.0213 0.0401 0.0726 0.1265 0.2127 0.3474 0.5525 0.8572 1.0000 1.0000 1.0000 1.0000 1.0000 1.0000 1.0000 1.0000 1.0000 1.0000 1.0000 1.0000 0.0003 0.0005 0.0007 0.0011 0.0016 0.0024 0.0035 0.0051 0.0076 0.0112 0.0166 0.0245 0.0361 0.0534 0.0788 0.1164 0.1719 0.2538 0.3849 0.5208 0.3849 0.2538 0.1719 0.1164 0.0788 0.0534 0.0361 0.0245 0.0166 0.0112 0.0076 0.0051 0.0035 0.0024 0.0016 0.0011 0.0007 0.0005 0.0003 1.0000 1.0000 1.0000 1.0000 1.0000 1.0000 1.0000 1.0000 1.0000 1.0000 1.0000 1.0000 0.8572 0.5525 0.3474 0.2127 0.1265 0.0726 0.0401 0.0213 0.0108 0.0052 0.0024 0.0010 0.0004 1.0000 1.0000 1.0000 1.0000 0.9110 0.0571
0.0844 1.0000 1.0000 1.0000 1.0000 1.0000 0.0007 0.0017 0.0042 0.0097 0.0213 0.0441 0.0873 0.1658 0.3023 0.5318 0.9024 1.0000 1.0000 1.0000 1.0000 1.0000 1.0000 1.0000 1.0000 1.0000 1.0000 1.0000 1.0000 0.0005 0.0007 0.0010 0.0015 0.0022 0.0033 0.0048 0.0071 0.0105 0.0155 0.0229 0.0338 0.0499 0.0737 0.1089 0.1608 0.2375 0.3507 0.5179 0.7648 1.0000 1.0000 1.0000 0.7648 0.5179 0.3507 0.2375 0.1608 0.1089 0.0737 0.0499 0.0338 0.0229 0.0155 0.0105 0.0071 0.0048 0.0033 0.0022 0.0015 0.0010 0.0007 0.0005 1.0000 1.0000 1.0000 1.0000 1.0000 1.0000 1.0000 1.0000 1.0000 1.0000 1.0000 1.0000 0.9024 0.5318 0.3023 0.1658 0.0873 0.0441 0.0213 0.0097 0.0042 0.0017 0.0007 1.0000 1.0000 1.0000 1.0000 1.0000 0.0844
0.1246 1.0000 1.0000 1.0000 1.0000 0.0004 0.0010 0.0028 0.0072 0.0175 0.0401 0.0873 0.1809 0.3595 0.6862 1.0000 1.0000 1.0000 1.0000 1.0000 1.0000 1.0000 1.0000 1.0000 1.0000 1.0000 0.0004 0.0006 0.0009 0.0014 0.0021 0.0030 0.0045 0.0066 0.0098 0.0145 0.0214 0.0316 0.0467 0.0690 0.1019 0.1504 0.2222 0.3281 0.4845 0.7155 1.0000 1.0000 1.0000 1.0000 1.0000 1.0000 1.0000 1.0000 1.0000 0.7155 0.4845 0.3281 0.2222 0.1504 0.1019 0.0690 0.0467 0.0316 0.0214 0.0145 0.0098 0.0066 0.0045 0.0030 0.0021 0.0014 0.0009 0.0006 0.0004 1.0000 1.0000 1.0000 1.0000 1.0000 1.0000 1.0000 1.0000 1.0000 1.0000 1.0000 0.6862 0.3595 0.1809 0.0873 0.0401 0.0175 0.0072 0.0028 0.0010 0.0004 1.0000 1.0000 1.0000 1.0000 0.1246
0.1840 1.0000 1.0000 1.0000 1.0000 0.0005 0.0016 0.0044 0.0118 0.0302 0.0726 0.1658 0.3595 0.7461 1.0000 1.0000 1.0000 1.0000 1.0000 1.0000 1.0000 1.0000 1.0000 0.0004 0.0006 0.0009 0.0013 0.0019 0.0028 0.0042 0.0062 0.0092 0.0136 0.0200 0.0296 0.0437 0.0645 0.0953 0.1408 0.2079 0.3070 0.4533 0.6695 0.9887 1.0000 1.0000 1.0000 1.0000 1.0000 1.0000 1.0000 1.0000 1.0000 1.0000 1.0000 1.0000 1.0000 0.9887 0.6695 0.4533 0.3070 0.2079 0.1408 0.0953 0.0645 0.0437 0.0296 0.0200 0.0136 0.0092 0.0062 0.0042 0.0028 0.0019 0.0013 0.0009 0.0006 0.0004 1.0000 1.0000 1.0000 1.0000 1.0000 1.0000 1.0000 1.0000 1.0000 0.7461 0.3595 0.1658 0.0726 0.0302 0.0118 0.0044 0.0016 0.0005 1.0000 1.0000 1.0000 1.0000 0.1840
0.2718 1.0000 1.0000 1.0000 1.0000 0.0008 0.0023 0.0068 0.0189 0.0502 0.1265 0.3023 0.6862 1.0000 1.0000 1.0000 1.0000 1.0000 1.0000 1.0000 1.0000 0.0004 0.0007 0.0011 0.0017 0.0025 0.0038 0.0057 0.0085 0.0126 0.0187 0.0277 0.0409 0.0605 0.0892 0.1317 0.1945 0.2872 0.4241 0.6264 0.9250 1.0000 1.0000 1.0000 1.0000 1.0000 1.0000 1.0000 1.0000 1.0000 1.0000 1.0000 1.0000 1.0000 1.0000 1.0000 1.0000 1.0000 1.0000 1.0000 0.9250 0.6264 0.4241 0.2872 0.1945 0.1317 0.0892 0.0605 0.0409 0.0277 0.0187 0.0126 0.0085 0.0057 0.0038 0.0025 0.0017 0.0011 0.0007 0.0004 1.0000 1.0000 1.0000 1.0000 1.0000 1.0000 1.0000 1.0000 0.6862 0.3023 0.1265 0.0502 0.0189 0.0068 0.0023 0.0008 1.0000 1.0000 1.0000 1.0000 0.2718
0.4014 1.0000 1.0000 1.0000 0.0004 0.0012 0.0035 0.0103 0.0294 0.0809 0.2127 0.5318 1.0000 1.0000 1.0000 1.0000 1.0000 1.0000 1.0000 0.0004 0.0006 0.0011 0.0018 0.0029 0.0047 0.0072 0.0111 0.0168 0.0252 0.0376 0.0560 0.0831 0.1230 0.1820 0.2687 0.3968 0.5860 0.8654 1.0000 1.0000 1.0000 1.0000 1.0000 1.0000 1.0000 1.0000 1.0000 1.0000 1.0000 1.0000 1.0000 1.0000 1.0000 1.0000 1.0000 1.0000 1.0000 1.0000 1.0000 1.0000 1.0000 1.0000 1.0000 0.8654 0.5860 0.3968 0.2687 0.1820 0.1230 0.0831 0.0560 0.0376 0.0252 0.0168 0.0111 0.0072 0.0047 0.0029 0.0018 0.0011 0.0006 0.0004 1.0000 1.0000 1.0000 1.0000 1.0000 1.0000 1.0000 0.5318 0.2127 0.0809 0.0294 0.0103 0.0035 0.0012 0.0004 1.0000 1.0000 1.0000 0.4014
0.5927 1.0000 1.0000 1.0000 0.0006 0.0017 0.0052 0.0155 0.0451 0.1275 0.3474 0.9024 1.0000 1.0000 1.0000 1.0000 1.0000 1.0000 0.0005 0.0009 0.0016 0.0027 0.0047 0.0078 0.0127 0.0202 0.0316 0.0486 0.0739 0.1114 0.1667 0.2485 0.3692 0.5462 0.8097 1.0000 1.0000 1.0000 1.0000 1.0000 1.0000 1.0000 1.0000 1.0000 1.0000 1.0000 1.0000 1.0000 0.0004 0.0006 0.0009 0.0006 0.0004 1.0000 1.0000 1.0000 1.0000 1.0000 1.0000 1.0000 1.0000 1.0000 1.0000 1.0000 1.0000 1.0000 0.8097 0.5462 0.3692 0.2485 0.1667 0.1114 0.0739 0.0486 0.0316 0.0202 0.0127 0.0078 0.0047 0.0027 0.0016 0.0009 0.0005 1.0000 1.0000 1.0000 1.0000 1.0000 1.0000 0.9024 0.3474 0.1275 0.0451 0.0155 0.0052 0.0017 0.0006 1.0000 1.0000 1.0000 0.5927
0.8754 1.0000 1.0000 1.0000 0.0009 0.0026 0.0077 0.0231 0.0681 0.1967 0.5525 1.0000 1.0000 1.0000 1.0000 1.0000 1.0000 0.0005 0.0010 0.0019 0.0036 0.0065 0.0116 0.0199 0.0334 0.0547 0.0877 0.1378 0.2131 0.3256 0.4920 0.7376 1.0000 1.0000 1.0000 1.0000 1.0000 1.0000 1.0000 1.0000 1.0000 1.0000 1.0000 1.0000 1.0000 0.0004 0.0006 0.0009 0.0013 0.0019 0.0026 0.0019 0.0013 0.0009 0.0006 0.0004 1.0000 1.0000 1.0000 1.0000 1.0000 1.0000 1.0000 1.0000 1.0000 1.0000 1.0000 1.0000 1.0000 0.7376 0.4920 0.3256 0.2131 0.1378 0.0877 0.0547 0.0334 0.0199 0.0116 0.0065 0.0036 0.0019 0.0010 0.0005 1.0000 1.0000 1.0000 1.0000 1.0000 1.0000 0.5525 0.1967 0.0681 0.0231 0.0077 0.0026 0.0009 1.0000 1.0000 1.0000 0.8754
1.0000 1.0000 1.0000 0.0004 0.0013 0.0038 0.0115 0.0343 0.1021 0.3000 0.8572 1.0000 1.0000 1.0000 1.0000 1.0000 0.0005 0.0010 0.0020 0.0041 0.0080 0.0150 0.0275 0.0489 0.0847 0.1432 0.2357 0.3798 0.6007 0.9321 1.0000 1.0000 1.0000 1.0000 1.0000 1.0000 1.0000 1.0000 1.0000 1.0000 1.0000 1.0000 0.0004 0.0005 0.0008 0.0012 0.0018 0.0026 0.0039 0.0059 0.0079 0.0059 0.0039 0.0026 0.0018 0.0012 0.0008 0.0005 0.0004 1.0000 1.0000 1.0000 1.0000 1.0000 1.0000 1.0000 1.0000 1.0000 1.0000 1.0000 1.0000 0.9321 0.6007 0.3798 0.2357 0.1432 0.0847 0.0489 0.0275 0.0150 0.0080 0.0041 0.0020 0.0010 0.0005 1.0000 1.0000 1.0000 1.0000 1.0000 0.8572 0.3000 0.1021 0.0343 0.0115 0.0038 0.0013 0.0004 1.0000 1.0000 1.0000
1.0000 1.0000 1.0000 0.0006 0.0019 0.0056 0.0169 0.0508 0.1522 0.4499 1.0000 1.0000 1.0000 1.0000 1.0000 0.0004 0.0009 0.0019 0.0041 0.0085 0.0171 0.0332 0.0628 0.1157 0.2071 0.3601 0.6111 1.0000 1.0000 1.0000 1.0000 1.0000 1.0000 1.0000 1.0000 1.0000 1.0000 1.0000 1.0000 0.0003 0.0005 0.0008 0.0011 0.0017 0.0024 0.0036 0.0053 0.0079 0.0116 0.0176 0.0239 0.0176 0.0116 0.0079 0.0053 0.0036 0.0024 0.0017 0.0011 0.0008 0.0005 0.0003 1.0000 1.0000 1.0000 1.0000 1.0000 1.0000 1.0000 1.0000 1.0000 1.0000 1.0000 1.0000 0.6111 0.3601 0.2071 0.1157 0.0628 0.0332 0.0171 0.0085 0.0041 0.0019 0.0009 0.0004 1.0000 1.0000 1.0000 1.0000 1.0000 0.4499 0.1522 0.0508 0.0169 0.0056 0.0019 0.0006 1.0000 1.0000 1.0000
1.0000 1.0000 1.0000 0.0009 0.0028 0.0083 0.0250 0.0753 0.2260 0.6733 1.0000 1.0000 1.0000 1.0000 1.0000 0.0006 0.0016 0.0036 0.0080 0.0171 0.0355 0.0712 0.1389 0.2641 0.4873 0.8754 1.0000 1.0000 1.0000 1.0000 1.0000 1.0000 1.0000 1.0000 1.0000 1.0000 1.0000 0.0005 0.0007 0.0010 0.0015 0.0023 0.0034 0.0050 0.0074 0.0109 0.0161 0.0237 0.0350 0.0532 0.0719 0.0532 0.0350 0.0237 0.0161 0.0109 0.0074 0.0050 0.0034 0.0023 0.0015 0.0010 0.0007 0.0005 1.0000 1.0000 1.0000 1.0000 1.0000 1.0000 1.0000 1.0000 1.0000 1.0000 1.0000 0.8754 0.4873 0.2641 0.1389 0.0712 0.0355 0.0171 0.0080 0.0036 0.0016 0.0006 1.0000 1.0000 1.0000 1.0000 1.0000 0.6733 0.2260 0.0753 0.0250 0.0083 0.0028 0.0009 1.0000 1.0000 1.0000
1.0000 1.0000 0.0004 0.0013 0.0041 0.0122 0.0369 0.1112 0.3344 1.0000 1.0000 1.0000 1.0000 1.0000 0.0004 0.0011 0.0027 0.0065 0.0150 0.0332 0.0712 0.1476 0.2978 0.5816 1.0000 1.0000 1.0000 1.0000 1.0000 1.0000 1.0000 1.0000 1.0000 1.0000 0.0004 0.0006 0.0009 0.0014 0.0021 0.0031 0.0047 0.0069 0.0102 0.0151 0.0222 0.0328 0.0484 0.0715 0.1056 0.1602 0.2167 0.1602 0.1056 0.0715 0.0484 0.0328 0.0222 0.0151 0.0102 0.0069 0.0047 0.0031 0.0021 0.0014 0.0009 0.0006 0.0004 1.0000 1.0000 1.0000 1.0000 1.0000 1.0000 1.0000 1.0000 1.0000 1.0000 0.5816 0.2978 0.1476 0.0712 0.0332 0.0150 0.0065 0.0027 0.0011 0.0004 1.0000 1.0000 1.0000 1.0000 1.0000 0.3344 0.1112 0.0369 0.0122 0.0041 0.0013 0.0004 1.0000 1.0000
1.0000 1.0000 0.0007 0.0020 0.0060 0.0181 0.0545 0.1645 0.4948 1.0000 1.0000 1.0000 1.0000 1.0000 0.0007 0.0018 0.0047 0.0116 0.0275 0.0628 0.1389 0.2978 0.6157 1.0000 1.0000 1.0000 1.0000 1.0000 1.0000 1.0000 1.0000 1.0000 0.0005 0.0008 0.0012 0.0018 0.0028 0.0042 0.0063 0.0094 0.0139 0.0207 0.0306 0.0453 0.0669 0.0988 0.1459 0.2155 0.3183 0.4827 0.6531 0.4827 0.3183 0.2155 0.1459 0.0988 0.0669 0.0453 0.0306 0.0207 0.0139 0.0094 0.0063 0.0042 0.0028 0.0018 0.0012 0.0008 0.0005 1.0000 1.0000 1.0000 1.0000 1.0000 1.0000 1.0000 1.0000 1.0000 0.6157 0.2978 0.1389 0.0628 0.0275 0.0116 0.0047 0.0018 0.0007 1.0000 1.0000 1.0000 1.0000 1.0000 0.4948 0.1645 0.0545 0.0181 0.0060 0.0020 0.0007 1.0000 1.0000
1.0000 1.0000 0.0010 0.0029 0.0089 0.0267 0.0805 0.2425 0.7307 1.0000 1.0000 1.0000 1.0000 0.0004 0.0011 0.0029 0.0078 0.0199 0.0489 0.1157 0.2641 0.5816 1.0000 1.0000 1.0000 1.0000 1.0000 1.0000 1.0000 1.0000 0.0005 0.0008 0.0013 0.0021 0.0033 0.0052 0.0080 0.0122 0.0185 0.0278 0.0416 0.0619 0.0919 0.1360 0.2012 0.2978 0.4397 0.6494 0.9590 1.0000 1.0000 1.0000 0.9590 0.6494 0.4397 0.2978 0.2012 0.1360 0.0919 0.0619 0.0416 0.0278 0.0185 0.0122 0.0080 0.0052 0.0033 0.0021 0.0013 0.0008 0.0005 1.0000 1.0000 1.0000 1.0000 1.0000 1.0000 1.0000 1.0000 0.5816 0.2641 0.1157 0.0489 0.0199 0.0078 0.0029 0.0011 0.0004 1.0000 1.0000 1.0000 1.0000 0.7307 0.2425 0.0805 0.0267 0.0089 0.0029 0.0010 1.0000 1.0000
1.0000 0.0005 0.0014 0.0043 0.0131 0.0394 0.1188 0.3581 1.0000 1.0000 1.0000 1.0000 1.0000 0.0006 0.0016 0.0047 0.0127 0.0334 0.0847 0.2071 0.4873 1.0000 1.0000 1.0000 1.0000 1.0000 1.0000 1.0000 1.0000 0.0006 0.0011 0.0019 0.0033 0.0055 0.0090 0.0144 0.0227 0.0352 0.0540 0.0820 0.1234 0.1844 0.2744 0.4075 0.6053 0.8973 1.0000 1.0000 1.0000 1.0000 1.0000 1.0000 1.0000 1.0000 1.0000 0.8973 0.6053 0.4075 0.2744 0.1844 0.1234 0.0820 0.0540 0.0352 0.0227 0.0144 0.0090 0.0055 0.0033 0.0019 0.0011 0.0006 1.0000 1.0000 1.0000 1.0000 1.0000 1.0000 1.0000 1.0000 0.4873 0.2071 0.0847 0.0334 0.0127 0.0047 0.0017 0.0006 1.0000 1.0000 1.0000 1.0000 1.0000 0.3581 0.1188 0.0394 0.0131 0.0043 0.0014 0.0005 1.0000
1.0000 0.0007 0.0021 0.0064 0.0193 0.0582 0.1755 0.5288 1.0000 1.0000 1.0000 1.0000 1.0000 0.0009 0.0025 0.0072 0.0202 0.0547 0.1432 0.3601 0.8754 1.0000 1.0000 1.0000 1.0000 1.0000 1.0000 0.0004 0.0008 0.0015 0.0027 0.0047 0.0083 0.0142 0.0237 0.0389 0.0626 0.0990 0.1542 0.2375 0.3608 0.5441 0.8174 1.0000 1.0000 1.0000 1.0000 1.0000 1.0000 1.0000 1.0000 1.0000 1.0000 1.0000 1.0000 1.0000 1.0000 1.0000 0.8174 0.5441 0.3608 0.2375 0.1542 0.0990 0.0626 0.0389 0.0237 0.0142 0.0083 0.0047 0.0027 0.0015 0.0008 0.0004 1.0000 1.0000 1.0000 1.0000 1.0000 1.0000 0.8754 0.3601 0.1432 0.0547 0.0202 0.0072 0.0025 0.0009 1.0000 1.0000 1.0000 1.0000 1.0000 0.5288 0.1755 0.0582 0.0193 0.0064 0.0021 0.0007 1.0000
0.0001 0.0010 0.0031 0.0095 0.0285 0.0860 0.2592 0.7810 1.0000 1.0000 1.0000 1.0000 0.0004 0.0013 0.0038 0.0111 0.0316 0.0877 0.2357 0.6111 1.0000 1.0000 1.0000 1.0000 1.0000 1.0000 0.0004 0.0009 0.0017 0.0033 0.0061 0.0113 0.0202 0.0355 0.0608 0.1023 0.1683 0.2723 0.4323 0.6759 1.0000 1.0000 1.0000 1.0000 1.0000 1.0000 1.0000 1.0000 1.0000 1.0000 1.0000 1.0000 1.0000 1.0000 1.0000 1.0000 1.0000 1.0000 1.0000 1.0000 1.0000 0.6759 0.4323 0.2723 0.1683 0.1023 0.0608 0.0355 0.0202 0.0113 0.0061 0.0033 0.0017 0.0009 0.0004 1.0000 1.0000 1.0000 1.0000 1.0000 1.0000 0.6111 0.2357 0.0877 0.0316 0.0111 0.0038 0.0013 0.0004 1.0000 1.0000 1.0000 1.0000 0.7810 0.2592 0.0860 0.0285 0.0095 0.0031 0.0010 0.0001
0.0001 0.0015 0.0046 0.0140 0.0422 0.1270 0.3827 1.0000 1.0000 1.0000 1.0000 1.0000 0.0006 0.0019 0.0057 0.0168 0.0486 0.1376 0.3791 1.0000 1.0000 1.0000 1.0000 1.0000 1.0000 0.0004 0.0009 0.0018 0.0036 0.0071 0.0137 0.0259 0.0477 0.0860 0.1516 0.2606 0.4406 0.7279 1.0000 1.0000 1.0000 1.0000 1.0000 1.0000 1.0000 1.0000 1.0000 1.0000 1.0000 1.0000 0.0004 1.0000 1.0000 1.0000 1.0000 1.0000 1.0000 1.0000 1.0000 1.0000 1.0000 1.0000 1.0000 0.7279 0.4406 0.2611 0.1513 0.0860 0.0477 0.0259 0.0137 0.0071 0.0036 0.0018 0.0009 0.0004 1.0000 1.0000 1.0000 1.0000 1.0000 1.0000 0.3798 0.1378 0.0486 0.0168 0.0057 0.0019 0.0006 1.0000 1.0000 1.0000 1.0000 1.0000 0.3827 0.1270 0.0422 0.0140 0.0046 0.0015 0.0001
0.0001 0.0023 0.0069 0.0207 0.0622 0.1876 0.5652 1.0000 1.0000 1.0000 1.0000 1.0000 0.0009 0.0028 0.0085 0.0252 0.0739 0.2131 0.5995 1.0000 1.0000 1.0000 1.0000 1.0000 1.0000 0.0008 0.0017 0.0036 0.0075 0.0152 0.0299 0.0578 0.1093 0.2020 0.3650 0.6457 1.0000 1.0000 1.0000 1.0000 1.0000 1.0000 1.0000 1.0000 1.0000 1.0000 1.0000 0.0004 0.0005 0.0008 0.0011 0.0008 0.0005 0.0004 1.0000 1.0000 1.0000 1.0000 1.0000 1.0000 1.0000 1.0000 1.0000 1.0000 1.0000 0.6457 0.3650 0.2016 0.1093 0.0578 0.0299 0.0152 0.0075 0.0036 0.0017 0.0008 1.0000 1.0000 1.0000 1.0000 1.0000 1.0000 0.6007 0.2131 0.0739 0.0252 0.0085 0.0028 0.0009 1.0000 1.0000 1.0000 1.0000 1.0000 0.5652 0.1876 0.0622 0.0207 0.0069 0.0023 0.0001
0.0002 0.0034 0.0101 0.0305 0.0919 0.2770 0.8347 1.0000 1.0000 1.0000 1.0000 0.0005 0.0014 0.0042 0.0126 0.0376 0.1114 0.3250 0.9321 1.0000 1.0000 1.0000 1.0000 1.0000 0.0006 0.0015 0.0033 0.0071 0.0152 0.0314 0.0637 0.1261 0.2439 0.4620 0.8556 1.0000 1.0000 1.0000 1.0000 1.0000 1.0000 1.0000 1.0000 1.0000 1.0000 0.0005 0.0007 0.0011 0.0016 0.0024 0.0033 0.0024 0.0016 0.0011 0.0007 0.0005 1.0000 1.0000 1.0000 1.0000 1.0000 1.0000 1.0000 1.0000 1.0000 1.0000 0.8556 0.4620 0.2439 0.1261 0.0637 0.0314 0.0152 0.0071 0.0033 0.0015 0.0006 1.0000 1.0000 1.0000 1.0000 1.0000 0.9321 0.3256 0.1114 0.0376 0.0126 0.0042 0.0014 0.0005 1.0000 1.0000 1.0000 1.0000 0.8347 0.2770 0.0919 0.0305 0.0101 0.0034 0.0002
0.0003 0.0050 0.0150 0.0451 0.1358 0.4091 1.0000 1.0000 1.0000 1.0000 1.0000 0.0007 0.0021 0.0062 0.0187 0.0560 0.1667 0.4920 1.0000 1.0000 1.0000 1.0000 1.0000 0.0005 0.0011 0.0027 0.0061 0.0137 0.0299 0.0637 0.1319 0.2682 0.5308 1.0000 1.0000 1.0000 1.0000 1.0000 1.0000 1.0000 1.0000 1.0000 0.0003 0.0006 0.0009 0.0013 0.0020 0.0031 0.0047 0.0072 0.0098 0.0072 0.0047 0.0031 0.0020 0.0013 0.0009 0.0006 0.0003 1.0000 1.0000 1.0000 1.0000 1.0000 1.0000 1.0000 1.0000 1.0000 0.5308 0.2682 0.1319 0.0637 0.0299 0.0137 0.0061 0.0027 0.0011 0.0005 1.0000 1.0000 1.0000 1.0000 1.0000 0.4920 0.1667 0.0560 0.0187 0.0062 0.0021 0.0007 1.0000 1.0000 1.0000 1.0000 1.0000 0.4091 0.1358 0.0451 0.0150 0.0050 0.0003
0.0005 0.0073 0.0221 0.0665 0.2005 0.6041 1.0000 1.0000 1.0000 1.0000 0.0003 0.0010 0.0030 0.0092 0.0277 0.0831 0.2485 0.7376 1.0000 1.0000 1.0000 1.0000 1.0000 0.0008 0.0019 0.0047 0.0113 0.0259 0.0578 0.1261 0.2682 0.5556 1.0000 1.0000 1.0000 1.0000 1.0000 1.0000 1.0000 1.0000 1.0000 0.0006 0.0009 0.0015 0.0024 0.0038 0.0059 0.0090 0.0137 0.0213 0.0291 0.0213 0.0137 0.0090 0.0059 0.0038 0.0024 0.0015 0.0009 0.0006 1.0000 1.0000 1.0000 1.0000 1.0000 1.0000 1.0000 1.0000 1.0000 0.5556 0.2682 0.1261 0.0578 0.0259 0.0113 0.0047 0.0019 0.0008 1.0000 1.0000 1.0000 1.0000 1.0000 0.7376 0.2485 0.0831 0.0277 0.0092 0.0030 0.0010 0.0003 1.0000 1.0000 1.0000 1.0000 0.6041 0.2005 0.0665 0.0221 0.0073 0.0005
0.0007 0.0108 0.0326 0.0983 0.2961 0.8922 1.0000 1.0000 1.0000 1.0000 0.0005 0.0015 0.0045 0.0136 0.0409 0.1230 0.3692 1.0000 1.0000 1.0000 1.0000 1.0000 0.0005 0.0013 0.0033 0.0083 0.0202 0.0477 0.1093 0.2439 0.5308 1.0000 1.0000 1.0000 1.0000 1.0000 1.0000 1.0000 1.0000 0.0005 0.0008 0.0014 0.0024 0.0040 0.0066 0.0105 0.0166 0.0259 0.0397 0.0621 0.0858 0.0621 0.0397 0.0259 0.0166 0.0105 0.0066 0.0040 0.0024 0.0014 0.0008 0.0005 1.0000 1.0000 1.0000 1.0000 1.0000 1.0000 1.0000 1.0000 0.5308 0.2439 0.1093 0.0477 0.0202 0.0083 0.0033 0.0013 0.0005 1.0000 1.0000 1.0000 1.0000 1.0000 0.3692 0.1230 0.0409 0.0136 0.0045 0.0015 0.0005 1.0000 1.0000 1.0000 1.0000 0.8922 0.2961 0.0983 0.0326 0.0108 0.0007
0.0010 0.0160 0.0482 0.1451 0.4372 1.0000 1.0000 1.0000 1.0000 1.0000 0.0007 0.0022 0.0066 0.0200 0.0605 0.1820 0.5462 1.0000 1.0000 1.0000 1.0000 1.0000 0.0008 0.0021 0.0055 0.0142 0.0355 0.0860 0.2016 0.4620 1.0000 1.0000 1.0000 1.0000 1.0000 1.0000 1.0000 1.0000 0.0006 0.0011 0.0020 0.0036 0.0062 0.0105 0.0175 0.0286 0.0460 0.0728 0.1135 0.1802 0.2504 0.1802 0.1135 0.0728 0.0460 0.0286 0.0175 0.0105 0.0062 0.0036 0.0020 0.0011 0.0006 1.0000 1.0000 1.0000 1.0000 1.0000 1.0000 1.0000 1.0000 0.4620 0.2016 0.0860 0.0355 0.0142 0.0055 0.0021 0.0008 1.0000 1.0000 1.0000 1.0000 1.0000 0.5462 0.1820 0.0605 0.0200 0.0066 0.0022 0.0007 1.0000 1.0000 1.0000 1.0000 1.0000 0.4372 0.1451 0.0482 0.0160 0.0010
0.0015 0.0236 0.0711 0.2143 0.6457 1.0000 1.0000 1.0000 1.0000 0.0004 0.0011 0.0033 0.0098 0.0296 0.0892 0.2687 0.8097 1.0000 1.0000 1.0000 1.0000 0.0004 0.0012 0.0033 0.0090 0.0237 0.0608 0.1513 0.3650 0.8556 1.0000 1.0000 1.0000 1.0000 1.0000 1.0000 0.0004 0.0007 0.0014 0.0026 0.0048 0.0087 0.0154 0.0267 0.0454 0.0759 0.1244 0.2005 0.3183 0.5130 0.7210 0.5130 0.3183 0.2005 0.1244 0.0759 0.0454 0.0267 0.0154 0.0087 0.0048 0.0026 0.0014 0.0007 0.0004 1.0000 1.0000 1.0000 1.0000 1.0000 1.0000 0.8556 0.3650 0.1513 0.0608 0.0237 0.0090 0.0033 0.0012 0.0004 1.0000 1.0000 1.0000 1.0000 0.8097 0.2687 0.0892 0.0296 0.0098 0.0033 0.0011 0.0004 1.0000 1.0000 1.0000 1.0000 0.6457 0.2143 0.0711 0.0236 0.0015
0.0022 0.0349 0.1050 0.3164 0.9536 1.0000 1.0000 1.0000 1.0000 0.0005 0.0016 0.0048 0.0145 0.0437 0.1317 0.3968 1.0000 1.0000 1.0000 1.0000 1.0000 0.0006 0.0018 0.0052 0.0144 0.0389 0.1023 0.2611 0.6457 1.0000 1.0000 1.0000 1.0000 1.0000 1.0000 0.0004 0.0008 0.0016 0.0031 0.0059 0.0111 0.0205 0.0371 0.0658 0.1144 0.1956 0.3281 0.5400 0.8737 1.0000 1.0000 1.0000 0.8737 0.5400 0.3281 0.1956 0.1146 0.0658 0.0372 0.0206 0.0111 0.0059 0.0031 0.0016 0.0008 0.0004 1.0000 1.0000 1.0000 1.0000 1.0000 1.0000 0.6457 0.2611 0.1023 0.0389 0.0144 0.0052 0.0018 0.0006 1.0000 1.0000 1.0000 1.0000 1.0000 0.3968 0.1317 0.0437 0.0145 0.0048 0.0016 0.0005 1.0000 1.0000 1.0000 1.0000 0.9536 0.3164 0.1050 0.0349 0.0022
0.0032 0.0515 0.1551 0.4673 1.0000 1.0000 1.0000 1.0000 1.0000 0.0008 0.0024 0.0071 0.0214 0.0645 0.1945 0.5860 1.0000 1.0000 1.0000 1.0000 1.0000 0.0009 0.0028 0.0080 0.0226 0.0625 0.1686 0.4406 1.0000 1.0000 1.0000 1.0000 1.0000 1.0000 0.0004 0.0008 0.0017 0.0034 0.0067 0.0131 0.0251 0.0472 0.0872 0.1581 0.2818 0.4910 0.8411 1.0000 1.0000 1.0000 1.0000 1.0000 1.0000 1.0000 0.8411 0.4910 0.2818 0.1584 0.0873 0.0473 0.0251 0.0131 0.0067 0.0034 0.0017 0.0008 0.0004 1.0000 1.0000 1.0000 1.0000 1.0000 1.0000 0.4406 0.1683 0.0626 0.0227 0.0080 0.0028 0.0009 1.0000 1.0000 1.0000 1.0000 1.0000 0.5860 0.1945 0.0645 0.0214 0.0071 0.0024 0.0008 1.0000 1.0000 1.0000 1.0000 1.0000 0.4673 0.1551 0.0515 0.0032
0.0048 0.0760 0.2290 0.6901 1.0000 1.0000 1.0000 1.0000 0.0004 0.0012 0.0035 0.0105 0.0316 0.0953 0.2872 0.8654 1.0000 1.0000 1.0000 1.0000 0.0005 0.0014 0.0042 0.0122 0.0351 0.0990 0.2723 0.7279 1.0000 1.0000 1.0000 1.0000 1.0000 1.0000 0.0007 0.0016 0.0034 0.0070 0.0142 0.0283 0.0553 0.1062 0.2005 0.3713 0.6746 1.0000 1.0000 1.0000 1.0000 1.0000 1.0000 1.0000 1.0000 1.0000 1.0000 1.0000 0.6759 0.3720 0.2009 0.1064 0.0553 0.0283 0.0142 0.0070 0.0034 0.0016 0.0007 1.0000 1.0000 1.0000 1.0000 1.0000 1.0000 0.7279 0.2723 0.0990 0.0352 0.0122 0.0042 0.0014 0.0005 1.0000 1.0000 1.0000 1.0000 0.8654 0.2872 0.0953 0.0316 0.0105 0.0035 0.0012 0.0004 1.0000 1.0000 1.0000 1.0000 0.6901 0.2290 0.0760 0.0048
0.0070 0.1122 0.3382 1.0000 1.0000 1.0000 1.0000 1.0000 0.0006 0.0017 0.0051 0.0155 0.0467 0.1408 0.4241 1.0000 1.0000 1.0000 1.0000 1.0000 0.0007 0.0021 0.0063 0.0185 0.0538 0.1539 0.4323 1.0000 1.0000 1.0000 1.0000 1.0000 1.0000 0.0006 0.0014 0.0031 0.0067 0.0142 0.0294 0.0598 0.1195 0.2343 0.4499 0.8507 1.0000 1.0000 1.0000 1.0000 1.0000 1.0000 1.0000 1.0000 1.0000 1.0000 1.0000 1.0000 1.0000 0.8507 0.4507 0.2339 0.1195 0.0598 0.0294 0.0142 0.0067 0.0031 0.0014 0.0006 1.0000 1.0000 1.0000 1.0000 1.0000 1.0000 0.4323 0.1542 0.0540 0.0185 0.0063 0.0021 0.0007 1.0000 1.0000 1.0000 1.0000 1.0000 0.4241 0.1408 0.0467 0.0155 0.0051 0.0017 0.0006 1.0000 1.0000 1.0000 1.0000 1.0000 0.3382 0.1122 0.0070
0.0104 0.1658 0.4995 1.0000 1.0000 1.0000 1.0000 1.0000 0.0008 0.0025 0.0076 0.0229 0.0690 0.2079 0.6264 1.0000 1.0000 1.0000 1.0000 0.0003 0.0010 0.0031 0.0094 0.0278 0.0815 0.2370 0.6759 1.0000 1.0000 1.0000 1.0000 1.0000 0.0005 0.0011 0.0026 0.0059 0.0131 0.0283 0.0598 0.1239 0.2528 0.5043 0.9905 1.0000 1.0000 1.0000 1.0000 1.0000 1.0000 1.0000 1.0000 1.0000 1.0000 1.0000 1.0000 1.0000 1.0000 1.0000 0.9905 0.5043 0.2528 0.1239 0.0598 0.0283 0.0131 0.0059 0.0026 0.0011 0.0005 1.0000 1.0000 1.0000 1.0000 1.0000 0.6759 0.2375 0.0820 0.0278 0.0094 0.0031 0.0010 0.0003 1.0000 1.0000 1.0000 1.0000 0.6264 0.2079 0.0690 0.0229 0.0076 0.0025 0.0008 1.0000 1.0000 1.0000 1.0000 1.0000 0.4995 0.1658 0.0104
0.0154 0.2448 0.7376 1.0000 1.0000 1.0000 1.0000 0.0004 0.0012 0.0037 0.0112 0.0338 0.1019 0.3070 0.9250 1.0000 1.0000 1.0000 1.0000 0.0005 0.0015 0.0047 0.0139 0.0415 0.1230 0.3608 1.0000 1.0000 1.0000 1.0000 1.0000 1.0000 0.0008 0.0020 0.0048 0.0111 0.0251 0.0553 0.1195 0.2528 0.5238 1.0000 1.0000 1.0000 1.0000 1.0000 1.0000 1.0000 1.0000 0.0004 0.0006 0.0004 1.0000 1.0000 1.0000 1.0000 1.0000 1.0000 1.0000 1.0000 0.5238 0.2528 0.1195 0.0553 0.0251 0.0111 0.0048 0.0020 0.0008 1.0000 1.0000 1.0000 1.0000 1.0000 1.0000 0.3608 0.1234 0.0416 0.0139 0.0047 0.0015 0.0005 1.0000 1.0000 1.0000 1.0000 0.9250 0.3070 0.1019 0.0338 0.0112 0.0037 0.0012 0.0004 1.0000 1.0000 1.0000 1.0000 0.7376 0.2448 0.0154
0.0227 0.3615 1.0000 1.0000 1.0000 1.0000 1.0000 0.0006 0.0018 0.0055 0.0166 0.0499 0.1504 0.4533 1.0000 1.0000 1.0000 1.0000 1.0000 0.0008 0.0023 0.0069 0.0207 0.0619 0.1840 0.5441 1.0000 1.0000 1.0000 1.0000 1.0000 0.0006 0.0014 0.0036 0.0087 0.0206 0.0473 0.1064 0.2339 0.5043 1.0000 1.0000 1.0000 1.0000 1.0000 1.0000 1.0000 1.0000 0.0005 0.0009 0.0015 0.0009 0.0005 1.0000 1.0000 1.0000 1.0000 1.0000 1.0000 1.0000 1.0000 0.5043 0.2339 0.1064 0.0473 0.0206 0.0087 0.0036 0.0014 0.0006 1.0000 1.0000 1.0000 1.0000 1.0000 0.5441 0.1844 0.0619 0.0207 0.0069 0.0023 0.0008 1.0000 1.0000 1.0000 1.0000 1.0000 0.4533 0.1504 0.0499 0.0166 0.0055 0.0018 0.0006 1.0000 1.0000 1.0000 1.0000 1.0000 0.3615 0.0227
0.0335 0.5339 1.0000 1.0000 1.0000 1.0000 1.0000 0.0009 0.0027 0.0081 0.0245 0.0737 0.2222 0.6695 1.0000 1.0000 1.0000 1.0000 0.0004 0.0011 0.0034 0.0102 0.0307 0.0918 0.2744 0.8174 1.0000 1.0000 1.0000 1.0000 0.0003 0.0009 0.0024 0.0062 0.0154 0.0372 0.0873 0.2009 0.4507 0.9905 1.0000 1.0000 1.0000 1.0000 1.0000 1.0000 1.0000 0.0006 0.0012 0.0022 0.0036 0.0022 0.0012 0.0006 1.0000 1.0000 1.0000 1.0000 1.0000 1.0000 1.0000 0.9905 0.4507 0.2009 0.0873 0.0372 0.0154 0.0062 0.0024 0.0009 0.0003 1.0000 1.0000 1.0000 1.0000 0.8174 0.2744 0.0919 0.0306 0.0102 0.0034 0.0011 0.0004 1.0000 1.0000 1.0000 1.0000 0.6695 0.2222 0.0737 0.0245 0.0081 0.0027 0.0009 1.0000 1.0000 1.0000 1.0000 1.0000 0.5339 0.0335
0.0495 0.7884 1.0000 1.0000 1.0000 1.0000 0.0004 0.0013 0.0040 0.0120 0.0361 0.1089 0.3281 0.9887 1.0000 1.0000 1.0000 1.0000 0.0005 0.0017 0.0050 0.0151 0.0453 0.1360 0.4075 1.0000 1.0000 1.0000 1.0000 1.0000 0.0006 0.0015 0.0040 0.0105 0.0267 0.0658 0.1584 0.3720 0.8507 1.0000 1.0000 1.0000 1.0000 1.0000 1.0000 0.0004 0.0007 0.0014 0.0026 0.0052 0.0084 0.0052 0.0026 0.0014 0.0007 0.0004 1.0000 1.0000 1.0000 1.0000 1.0000 1.0000 0.8507 0.3720 0.1584 0.0658 0.0267 0.0105 0.0040 0.0015 0.0006 1.0000 1.0000 1.0000 1.0000 1.0000 0.4075 0.1360 0.0453 0.0151 0.0050 0.0017 0.0005 1.0000 1.0000 1.0000 1.0000 0.9887 0.3281 0.1089 0.0361 0.0120 0.0040 0.0013 0.0004 1.0000 1.0000 1.0000 1.0000 0.7884 0.0495
0.0730 1.0000 1.0000 1.0000 1.0000 1.0000 0.0006 0.0020 0.0059 0.0177 0.0534 0.1608 0.4845 1.0000 1.0000 1.0000 1.0000 1.0000 0.0008 0.0024 0.0074 0.0222 0.0669 0.2012 0.6053 1.0000 1.0000 1.0000 1.0000 1.0000 0.0009 0.0024 0.0066 0.0175 0.0454 0.1146 0.2818 0.6759 1.0000 1.0000 1.0000 1.0000 1.0000 1.0000 0.0004 0.0008 0.0015 0.0030 0.0059 0.0118 0.0193 0.0118 0.0059 0.0030 0.0015 0.0008 0.0004 1.0000 1.0000 1.0000 1.0000 1.0000 1.0000 0.6759 0.2818 0.1146 0.0454 0.0175 0.0066 0.0024 0.0009 1.0000 1.0000 1.0000 1.0000 1.0000 0.6053 0.2012 0.0669 0.0222 0.0074 0.0024 0.0008 1.0000 1.0000 1.0000 1.0000 1.0000 0.4845 0.1608 0.0534 0.0177 0.0059 0.0020 0.0006 1.0000 1.0000 1.0000 1.0000 1.0000 0.0730
0.1078 1.0000 1.0000 1.0000 1.0000 1.0000 0.0010 0.0029 0.0087 0.0262 0.0788 0.2375 0.7155 1.0000 1.0000 1.0000 1.0000 0.0004 0.0012 0.0036 0.0109 0.0328 0.0988 0.2978 0.8973 1.0000 1.0000 1.0000 1.0000 0.0005 0.0013 0.0038 0.0105 0.0286 0.0759 0.1956 0.4910 1.0000 1.0000 1.0000 1.0000 1.0000 1.0000 0.0004 0.0008 0.0016 0.0032 0.0065 0.0128 0.0263 0.0435 0.0263 0.0128 0.0065 0.0032 0.0016 0.0008 0.0004 1.0000 1.0000 1.0000 1.0000 1.0000 1.0000 0.4910 0.1956 0.0759 0.0286 0.0105 0.0038 0.0013 0.0005 1.0000 1.0000 1.0000 1.0000 0.8973 0.2978 0.0988 0.0328 0.0109 0.0036 0.0012 0.0004 1.0000 1.0000 1.0000 1.0000 0.7155 0.2375 0.0788 0.0262 0.0087 0.0029 0.0010 1.0000 1.0000 1.0000 1.0000 1.0000 0.1078
0.1593 1.0000 1.0000 1.0000 1.0000 0.0005 0.0014 0.0043 0.0128 0.0386 0.1164 0.3507 1.0000 1.0000 1.0000 1.0000 1.0000 0.0006 0.0018 0.0053 0.0161 0.0484 0.1459 0.4397 1.0000 1.0000 1.0000 1.0000 1.0000 0.0007 0.0020 0.0059 0.0166 0.0460 0.1244 0.3281 0.8411 1.0000 1.0000 1.0000 1.0000 1.0000 1.0000 0.0007 0.0015 0.0032 0.0067 0.0136 0.0274 0.0574 0.0964 0.0576 0.0275 0.0137 0.0067 0.0032 0.0015 0.0007 1.0000 1.0000 1.0000 1.0000 1.0000 1.0000 0.8411 0.3281 0.1244 0.0460 0.0166 0.0059 0.0020 0.0007 1.0000 1.0000 1.0000 1.0000 1.0000 0.4397 0.1459 0.0484 0.0161 0.0053 0.0018 0.0006 1.0000 1.0000 1.0000 1.0000 1.0000 0.3507 0.1164 0.0386 0.0128 0.0043 0.0014 0.0005 1.0000 1.0000 1.0000 1.0000 0.1593
0.2348 1.0000 1.0000 1.0000 1.0000 0.0007 0.0021 0.0063 0.0189 0.0570 0.1719 0.5179 1.0000 1.0000 1.0000 1.0000 1.0000 0.0009 0.0026 0.0079 0.0237 0.0715 0.2155 0.6494 1.0000 1.0000 1.0000 1.0000 0.0004 0.0011 0.0031 0.0090 0.0258 0.0728 0.2005 0.5400 1.0000 1.0000 1.0000 1.0000 1.0000 1.0000 0.0006 0.0014 0.0030 0.0065 0.0137 0.0284 0.0579 0.1232 0.2094 0.1234 0.0580 0.0284 0.0137 0.0065 0.0030 0.0014 0.0006 1.0000 1.0000 1.0000 1.0000 1.0000 1.0000 0.5400 0.2005 0.0728 0.0259 0.0090 0.0031 0.0011 0.0004 1.0000 1.0000 1.0000 1.0000 0.6494 0.2155 0.0715 0.0237 0.0079 0.0026 0.0009 1.0000 1.0000 1.0000 1.0000 1.0000 0.5179 0.1719 0.0570 0.0189 0.0063 0.0021 0.0007 1.0000 1.0000 1.0000 1.0000 0.2348
0.3460 1.0000 1.0000 1.0000 0.0003 0.0010 0.0031 0.0093 0.0280 0.0842 0.2538 0.7648 1.0000 1.0000 1.0000 1.0000 0.0004 0.0013 0.0039 0.0116 0.0350 0.1056 0.3183 0.9590 1.0000 1.0000 1.0000 1.0000 0.0005 0.0016 0.0047 0.0137 0.0397 0.1135 0.3183 0.8737 1.0000 1.0000 1.0000 1.0000 1.0000 0.0005 0.0012 0.0026 0.0059 0.0128 0.0274 0.0578 0.1197 0.2602 0.4473 0.2606 0.1200 0.0580 0.0275 0.0128 0.0059 0.0026 0.0012 0.0005 1.0000 1.0000 1.0000 1.0000 1.0000 0.8737 0.3183 0.1135 0.0397 0.0137 0.0047 0.0016 0.0005 1.0000 1.0000 1.0000 1.0000 0.9590 0.3183 0.1056 0.0350 0.0116 0.0039 0.0013 0.0004 1.0000 1.0000 1.0000 1.0000 0.7648 0.2538 0.0842 0.0280 0.0093 0.0031 0.0010 0.0003 1.0000 1.0000 1.0000 0.3454
0.5369 1.0000 1.0000 1.0000 0.0005 0.0015 0.0047 0.0141 0.0424 0.1277 0.3849 1.0000 1.0000 1.0000 1.0000 1.0000 0.0006 0.0019 0.0059 0.0176 0.0532 0.1602 0.4827 1.0000 1.0000 1.0000 1.0000 1.0000 0.0008 0.0024 0.0072 0.0213 0.0621 0.1802 0.5130 1.0000 1.0000 1.0000 1.0000 1.0000 0.0004 0.0009 0.0022 0.0052 0.0118 0.0263 0.0575 0.1234 0.2602 0.5717 0.9962 0.5728 0.2606 0.1234 0.0576 0.0263 0.0118 0.0052 0.0022 0.0009 0.0004 1.0000 1.0000 1.0000 1.0000 1.0000 0.5130 0.1802 0.0621 0.0213 0.0072 0.0024 0.0008 1.0000 1.0000 1.0000 1.0000 1.0000 0.4827 0.1602 0.0532 0.0176 0.0059 0.0019 0.0006 1.0000 1.0000 1.0000 1.0000 1.0000 0.3849 0.1277 0.0424 0.0141 0.0047 0.0015 0.0005 1.0000 1.0000 1.0000 0.5359
0.7547 1.0000 1.0000 1.0000 0.0007 0.0021 0.0063 0.0190 0.0574 0.1728 0.5208 1.0000 1.0000 1.0000 1.0000 1.0000 0.0009 0.0026 0.0079 0.0239 0.0719 0.2167 0.6531 1.0000 1.0000 1.0000 1.0000 0.0004 0.0011 0.0033 0.0098 0.0291 0.0858 0.2504 0.7210 1.0000 1.0000 1.0000 1.0000 1.0000 0.0006 0.0015 0.0036 0.0084 0.0193 0.0436 0.0964 0.2094 0.4473 0.9962 1.0000 0.9962 0.4473 0.2094 0.0964 0.0436 0.0193 0.0084 0.0036 0.0015 0.0006 1.0000 1.0000 1.0000 1.0000 1.0000 0.7210 0.2504 0.0858 0.0291 0.0098 0.0033 0.0011 0.0004 1.0000 1.0000 1.0000 1.0000 0.6531 0.2167 0.0719 0.0239 0.0079 0.0026 0.0009 1.0000 1.0000 1.0000 1.0000 1.0000 0.5208 0.1728 0.0574 0.0190 0.0063 0.0021 0.0007 1.0000 1.0000 1.0000 0.7532
0.5369 1.0000 1.0000 1.0000 0.0005 0.0015 0.0047 0.0141 0.0424 0.1277 0.3849 1.0000 1.0000 1.0000 1.0000 1.0000 0.0006 0.0019 0.0059 0.0176 0.0532 0.1602 0.4827 1.0000 1.0000 1.0000 1.0000 1.0000 0.0008 0.0024 0.0072 0.0213 0.0621 0.1802 0.5130 1.0000 1.0000 1.0000 1.0000 1.0000 0.0004 0.0009 0.0022 0.0052 0.0118 0.0263 0.0576 0.1234 0.2606 0.5728 0.9962 0.5728 0.2606 0.1234 0.0576 0.0263 0.0118 0.0052 0.0022 0.0009 0.0004 1.0000 1.0000 1.0000 1.0000 1.0000 0.5130 0.1802 0.0621 0.0213 0.0072 0.0024 0.0008 1.0000 1.0000 1.0000 1.0000 1.0000 0.4827 0.1602 0.0532 0.0176 0.0059 0.0019 0.0006 1.0000 1.0000 1.0000 1.0000 1.0000 0.3849 0.1277 0.0424 0.0141 0.0047 0.0015 0.0005 1.0000 1.0000 1.0000 0.5359
0.3460 1.0000 1.0000 1.0000 0.0003 0.0010 0.0031 0.0093 0.0280 0.0842 0.2538 0.7648 1.0000 1.0000 1.0000 1.0000 0.0004 0.0013 0.0039 0.0116 0.0350 0.1056 0.3183 0.9590 1.0000 1.0000 1.0000 1.0000 0.0005 0.0016 0.0047 0.0137 0.0397 0.1135 0.3183 0.8737 1.0000 1.0000 1.0000 1.0000 1.0000 0.0005 0.0012 0.0026 0.0059 0.0128 0.0275 0.0580 0.1200 0.2606 0.4473 0.2606 0.1200 0.0580 0.0275 0.0128 0.0059 0.0026 0.0012 0.0005 1.0000 1.0000 1.0000 1.0000 1.0000 0.8737 0.3183 0.1135 0.0397 0.0137 0.0047 0.0016 0.0005 1.0000 1.0000 1.0000 1.0000 0.9590 0.3183 0.1056 0.0350 0.0116 0.0039 0.0013 0.0004 1.0000 1.0000 1.0000 1.0000 0.7648 0.2538 0.0842 0.0280 0.0093 0.0031 0.0010 0.0003 1.0000 1.0000 1.0000 0.3454
0.2348 1.0000 1.0000 1.0000 1.0000 0.0007 0.0021 0.0063 0.0189 0.0570 0.1719 0.5179 1.0000 1.0000 1.0000 1.0000 1.0000 0.0009 0.0026 0.0079 0.0237 0.0715 0.2155 0.6494 1.0000 1.0000 1.0000 1.0000 0.0004 0.0011 0.0031 0.0090 0.0258 0.0728 0.2005 0.5400 1.0000 1.0000 1.0000 1.0000 1.0000 1.0000 0.0006 0.0014 0.0030 0.0065 0.0137 0.0284 0.0580 0.1234 0.2094 0.1234 0.0580 0.0284 0.0137 0.0065 0.0030 0.0014 0.0006 1.0000 1.0000 1.0000 1.0000 1.0000 1.0000 0.5400 0.2005 0.0728 0.0259 0.0090 0.0031 0.0011 0.0004 1.0000 1.0000 1.0000 1.0000 0.6494 0.2155 0.0715 0.0237 0.0079 0.0026 0.0009 1.0000 1.0000 1.0000 1.0000 1.0000 0.5179 0.1719 0.0570 0.0189 0.0063 0.0021 0.0007 1.0000 1.0000 1.0000 1.0000 0.2348
0.1593 1.0000 1.0000 1.0000 1.0000 0.0005 0.0014 0.0043 0.0128 0.0386 0.1164 0.3507 1.0000 1.0000 1.0000 1.0000 1.0000 0.0006 0.0018 0.0053 0.0161 0.0484 0.1459 0.4397 1.0000 1.0000 1.0000 1.0000 1.0000 0.0007 0.0020 0.0059 0.0166 0.0460 0.1244 0.3281 0.8411 1.0000 1.0000 1.0000 1.0000 1.0000 1.0000 0.0007 0.0015 0.0032 0.0067 0.0137 0.0275 0.0576 0.0964 0.0576 0.0275 0.0137 0.0067 0.0032 0.0015 0.0007 1.0000 1.0000 1.0000 1.0000 1.0000 1.0000 0.8411 0.3281 0.1244 0.0460 0.0166 0.0059 0.0020 0.0007 1.0000 1.0000 1.0000 1.0000 1.0000 0.4397 0.1459 0.0484 0.0161 0.0053 0.0018 0.0006 1.0000 1.0000 1.0000 1.0000 1.0000 0.3507 0.1164 0.0386 0.0128 0.0043 0.0014 0.0005 1.0000 1.0000 1.0000 1.0000 0.1593
0.1078 1.0000 1.0000 1.0000 1.0000 1.0000 0.0010 0.0029 0.0087 0.0262 0.0788 0.2375 0.7155 1.0000 1.0000 1.0000 1.0000 0.0004 0.0012 0.0036 0.0109 0.0328 0.0988 0.2978 0.8973 1.0000 1.0000 1.0000 1.0000 0.0005 0.0013 0.0038 0.0105 0.0286 0.0759 0.1956 0.4910 1.0000 1.0000 1.0000 1.0000 1.0000 1.0000 0.0004 0.0008 0.0016 0.0032 0.0065 0.0128 0.0263 0.0436 0.0263 0.0128 0.0065 0.0032 0.0016 0.0008 0.0004 1.0000 1.0000 1.0000 1.0000 1.0000 1.0000 0.4910 0.1956 0.0759 0.0286 0.0105 0.0038 0.0013 0.0005 1.0000 1.0000 1.0000 1.0000 0.8973 0.2978 0.0988 0.0328 0.0109 0.0036 0.0012 0.0004 1.0000 1.0000 1.0000 1.0000 0.7155 0.2375 0.0788 0.0262 0.0087 0.0029 0.0010 1.0000 1.0000 1.0000 1.0000 1.0000 0.1078
