0.4186 0.3718 0.3525 0.3342 0.3165 0.3050 0.3009 0.3008 0.3034 0.3085 0.3156 0.3246 0.3352 0.3472 0.3600 0.3730 0.3855 0.3966 0.4056 0.4124 0.4170 0.4199 0.4215 0.4223 0.4224 0.4217 0.4201 0.4177 0.4143 0.4102 0.4052 0.3992 0.3920 0.3832 0.3724 0.3582 0.3407 0.3222 0.3082 0.3018 0.3005 0.3022 0.3064 0.3128 0.3211 0.3311 0.3426 0.3551 0.3682 0.3819 0.3905 0.3819 0.3682 0.3551 0.3426 0.3311 0.3211 0.3128 0.3064 0.3022 0.3005 0.3018 0.3082 0.3222 0.3407 0.3582 0.3724 0.3832 0.3920 0.3992 0.4052 0.4102 0.4143 0.4177 0.4201 0.4217 0.4224 0.4223 0.4215 0.4199 0.4170 0.4124 0.4056 0.3966 0.3855 0.3730 0.3600 0.3472 0.3352 0.3246 0.3156 0.3085 0.3034 0.3008 0.3009 0.3050 0.3165 0.3342 0.3525 0.3718 0.4186
0.3718 0.2252 0.1849 0.1723 0.1767 0.1890 0.2034 0.2196 0.2378 0.2580 0.2802 0.3041 0.3292 0.3545 0.3781 0.3976 0.4107 0.4177 0.4204 0.4204 0.4188 0.4159 0.4120 0.4071 0.4009 0.3933 0.3842 0.3735 0.3611 0.3468 0.3300 0.3099 0.2848 0.2530 0.2174 0.1881 0.1758 0.1759 0.1852 0.1985 0.2137 0.2309 0.2503 0.2717 0.2950 0.3198 0.3451 0.3696 0.3914 0.4071 0.4123 0.4071 0.3914 0.3696 0.3451 0.3198 0.2950 0.2717 0.2503 0.2309 0.2137 0.1985 0.1852 0.1759 0.1758 0.1881 0.2174 0.2530 0.2848 0.3099 0.3300 0.3468 0.3611 0.3735 0.3842 0.3933 0.4009 0.4071 0.4120 0.4159 0.4188 0.4204 0.4204 0.4177 0.4107 0.3976 0.3781 0.3545 0.3292 0.3041 0.2802 0.2580 0.2378 0.2196 0.2034 0.1890 0.1767 0.1723 0.1849 0.2252 0.3718
0.3525 0.1849 0.1729 0.1915 0.2114 0.2326 0.2551 0.2789 0.3039 0.3296 0.3552 0.3789 0.3983 0.4111 0.4177 0.4200 0.4197 0.4179 0.4148 0.4108 0.4059 0.4001 0.3932 0.3851 0.3754 0.3639 0.3502 0.3341 0.3148 0.2909 0.2603 0.2255 0.1942 0.1790 0.1775 0.1855 0.1988 0.2141 0.2314 0.2508 0.2724 0.2958 0.3206 0.3461 0.3706 0.3918 0.4071 0.4158 0.4196 0.4199 0.4187 0.4199 0.4196 0.4158 0.4071 0.3918 0.3706 0.3461 0.3206 0.2958 0.2724 0.2508 0.2314 0.2141 0.1988 0.1855 0.1775 0.1790 0.1942 0.2255 0.2603 0.2909 0.3148 0.3341 0.3502 0.3639 0.3754 0.3851 0.3932 0.4001 0.4059 0.4108 0.4148 0.4179 0.4197 0.4200 0.4177 0.4111 0.3983 0.3789 0.3552 0.3296 0.3039 0.2789 0.2551 0.2326 0.2114 0.1915 0.1729 0.1849 0.3525
0.3342 0.1723 0.1915 0.2199 0.2505 0.2821 0.3136 0.3441 0.3716 0.3939 0.4089 0.4168 0.4198 0.4199 0.4183 0.4154 0.4116 0.4068 0.4012 0.3945 0.3865 0.3771 0.3660 0.3527 0.3371 0.3184 0.2955 0.2659 0.2316 0.1985 0.1803 0.1771 0.1834 0.1964 0.2113 0.2283 0.2474 0.2685 0.2917 0.3163 0.3417 0.3665 0.3885 0.4050 0.4148 0.4192 0.4201 0.4190 0.4166 0.4128 0.4094 0.4128 0.4166 0.4190 0.4201 0.4192 0.4148 0.4050 0.3885 0.3665 0.3417 0.3163 0.2917 0.2685 0.2474 0.2283 0.2113 0.1964 0.1834 0.1771 0.1803 0.1985 0.2316 0.2659 0.2955 0.3184 0.3371 0.3527 0.3660 0.3771 0.3865 0.3945 0.4012 0.4068 0.4116 0.4154 0.4183 0.4199 0.4198 0.4168 0.4089 0.3939 0.3716 0.3441 0.3136 0.2821 0.2505 0.2199 0.1915 0.1723 0.3342
0.3165 0.1767 0.2114 0.2505 0.2925 0.3341 0.3712 0.3985 0.4133 0.4191 0.4201 0.4187 0.4160 0.4123 0.4077 0.4022 0.3957 0.3880 0.3789 0.3680 0.3552 0.3399 0.3218 0.2998 0.2713 0.2377 0.2034 0.1822 0.1770 0.1816 0.1940 0.2086 0.2252 0.2440 0.2648 0.2876 0.3120 0.3374 0.3624 0.3851 0.4026 0.4135 0.4187 0.4202 0.4193 0.4171 0.4138 0.4095 0.4044 0.3978 0.3922 0.3978 0.4044 0.4095 0.4138 0.4171 0.4193 0.4202 0.4187 0.4135 0.4026 0.3851 0.3624 0.3374 0.3120 0.2876 0.2648 0.2440 0.2252 0.2086 0.1940 0.1816 0.1770 0.1822 0.2034 0.2377 0.2713 0.2998 0.3218 0.3399 0.3552 0.3680 0.3789 0.3880 0.3957 0.4022 0.4077 0.4123 0.4160 0.4187 0.4201 0.4191 0.4133 0.3985 0.3712 0.3341 0.2925 0.2505 0.2114 0.1767 0.3165
0.3050 0.1890 0.2326 0.2821 0.3341 0.3800 0.4084 0.4186 0.4199 0.4177 0.4139 0.4092 0.4037 0.3971 0.3896 0.3806 0.3700 0.3575 0.3427 0.3251 0.3039 0.2767 0.2437 0.2086 0.1846 0.1771 0.1802 0.1917 0.2060 0.2222 0.2406 0.2611 0.2836 0.3078 0.3330 0.3583 0.3815 0.4001 0.4121 0.4181 0.4201 0.4196 0.4176 0.4144 0.4103 0.4053 0.3994 0.3923 0.3840 0.3734 0.3643 0.3734 0.3840 0.3923 0.3994 0.4053 0.4103 0.4144 0.4176 0.4196 0.4201 0.4181 0.4121 0.4001 0.3815 0.3583 0.3330 0.3078 0.2836 0.2611 0.2406 0.2222 0.2060 0.1917 0.1802 0.1771 0.1846 0.2086 0.2437 0.2767 0.3039 0.3251 0.3427 0.3575 0.3700 0.3806 0.3896 0.3971 0.4037 0.4092 0.4139 0.4177 0.4199 0.4186 0.4084 0.3800 0.3341 0.2821 0.2326 0.1890 0.3050
0.3009 0.2034 0.2551 0.3136 0.3712 0.4084 0.4195 0.4189 0.4146 0.4087 0.4016 0.3934 0.3841 0.3733 0.3607 0.3460 0.3287 0.3081 0.2821 0.2498 0.2144 0.1874 0.1775 0.1790 0.1895 0.2034 0.2193 0.2373 0.2574 0.2796 0.3035 0.3287 0.3540 0.3778 0.3974 0.4106 0.4175 0.4200 0.4198 0.4180 0.4150 0.4111 0.4062 0.4004 0.3936 0.3855 0.3759 0.3645 0.3510 0.3339 0.3193 0.3339 0.3510 0.3645 0.3759 0.3855 0.3936 0.4004 0.4062 0.4111 0.4150 0.4180 0.4198 0.4200 0.4175 0.4106 0.3974 0.3778 0.3540 0.3287 0.3035 0.2796 0.2574 0.2373 0.2193 0.2034 0.1895 0.1790 0.1775 0.1874 0.2144 0.2498 0.2821 0.3081 0.3287 0.3460 0.3607 0.3733 0.3841 0.3934 0.4016 0.4087 0.4146 0.4189 0.4195 0.4084 0.3712 0.3136 0.2551 0.2034 0.3009
0.3008 0.2196 0.2789 0.3441 0.3985 0.4186 0.4189 0.4133 0.4054 0.3956 0.3841 0.3705 0.3547 0.3367 0.3156 0.2904 0.2582 0.2218 0.1912 0.1781 0.1780 0.1873 0.2009 0.2165 0.2341 0.2539 0.2757 0.2993 0.3243 0.3498 0.3739 0.3944 0.4088 0.4167 0.4198 0.4200 0.4184 0.4156 0.4118 0.4071 0.4015 0.3949 0.3870 0.3777 0.3666 0.3535 0.3380 0.3195 0.2968 0.2661 0.2411 0.2661 0.2968 0.3195 0.3380 0.3535 0.3666 0.3777 0.3870 0.3949 0.4015 0.4071 0.4118 0.4156 0.4184 0.4200 0.4198 0.4167 0.4088 0.3944 0.3739 0.3498 0.3243 0.2993 0.2757 0.2539 0.2341 0.2165 0.2009 0.1873 0.1780 0.1781 0.1912 0.2218 0.2582 0.2904 0.3156 0.3367 0.3547 0.3705 0.3841 0.3956 0.4054 0.4133 0.4189 0.4186 0.3985 0.3441 0.2789 0.2196 0.3008
0.3034 0.2378 0.3039 0.3716 0.4133 0.4199 0.4146 0.4054 0.3934 0.3785 0.3602 0.3383 0.3125 0.2816 0.2419 0.2015 0.1794 0.1766 0.1843 0.1978 0.2133 0.2308 0.2502 0.2718 0.2952 0.3201 0.3454 0.3700 0.3913 0.4068 0.4157 0.4195 0.4201 0.4188 0.4162 0.4125 0.4080 0.4025 0.3961 0.3884 0.3794 0.3686 0.3559 0.3408 0.3229 0.3011 0.2730 0.2396 0.2049 0.1828 0.1763 0.1828 0.2049 0.2396 0.2730 0.3011 0.3229 0.3408 0.3559 0.3686 0.3794 0.3884 0.3961 0.4025 0.4080 0.4125 0.4162 0.4188 0.4201 0.4195 0.4157 0.4068 0.3913 0.3700 0.3454 0.3201 0.2952 0.2718 0.2502 0.2308 0.2133 0.1978 0.1843 0.1766 0.1794 0.2015 0.2419 0.2816 0.3125 0.3383 0.3602 0.3785 0.3934 0.4054 0.4146 0.4199 0.4133 0.3716 0.3039 0.2378 0.3034
0.3085 0.2580 0.3296 0.3939 0.4191 0.4177 0.4087 0.3956 0.3785 0.3564 0.3289 0.2948 0.2503 0.1996 0.1751 0.1772 0.1907 0.2069 0.2249 0.2449 0.2667 0.2903 0.3153 0.3410 0.3659 0.3880 0.4047 0.4146 0.4191 0.4202 0.4191 0.4167 0.4132 0.4088 0.4035 0.3972 0.3898 0.3810 0.3706 0.3582 0.3436 0.3262 0.3052 0.2783 0.2456 0.2104 0.1854 0.1772 0.1799 0.1911 0.1985 0.1911 0.1799 0.1772 0.1854 0.2104 0.2456 0.2783 0.3052 0.3262 0.3436 0.3582 0.3706 0.3810 0.3898 0.3972 0.4035 0.4088 0.4132 0.4167 0.4191 0.4202 0.4191 0.4146 0.4047 0.3880 0.3659 0.3410 0.3153 0.2903 0.2667 0.2449 0.2249 0.2069 0.1907 0.1772 0.1751 0.1996 0.2503 0.2948 0.3289 0.3564 0.3785 0.3956 0.4087 0.4177 0.4191 0.3939 0.3296 0.2580 0.3085
0.3156 0.2802 0.3552 0.4090 0.4201 0.4139 0.4016 0.3841 0.3602 0.3289 0.2884 0.2317 0.1809 0.1735 0.1894 0.2088 0.2305 0.2542 0.2797 0.3063 0.3335 0.3600 0.3837 0.4020 0.4133 0.4186 0.4202 0.4194 0.4172 0.4139 0.4096 0.4045 0.3984 0.3912 0.3827 0.3725 0.3605 0.3463 0.3294 0.3091 0.2835 0.2515 0.2161 0.1884 0.1777 0.1787 0.1888 0.2026 0.2187 0.2365 0.2470 0.2365 0.2187 0.2026 0.1888 0.1787 0.1777 0.1884 0.2161 0.2515 0.2835 0.3091 0.3294 0.3463 0.3605 0.3725 0.3827 0.3912 0.3984 0.4045 0.4096 0.4139 0.4172 0.4194 0.4202 0.4186 0.4133 0.4020 0.3837 0.3600 0.3335 0.3063 0.2797 0.2542 0.2305 0.2088 0.1894 0.1735 0.1809 0.2317 0.2884 0.3289 0.3602 0.3841 0.4016 0.4139 0.4201 0.4089 0.3552 0.2802 0.3156
0.3246 0.3041 0.3789 0.4168 0.4187 0.4092 0.3935 0.3705 0.3383 0.2948 0.2317 0.1765 0.1775 0.1984 0.2231 0.2508 0.2810 0.3126 0.3439 0.3727 0.3957 0.4105 0.4177 0.4201 0.4197 0.4177 0.4145 0.4104 0.4055 0.3995 0.3925 0.3842 0.3744 0.3627 0.3489 0.3324 0.3128 0.2884 0.2572 0.2222 0.1920 0.1784 0.1779 0.1866 0.2001 0.2156 0.2331 0.2527 0.2748 0.2983 0.3117 0.2983 0.2748 0.2527 0.2331 0.2156 0.2001 0.1866 0.1779 0.1784 0.1920 0.2222 0.2572 0.2884 0.3128 0.3324 0.3489 0.3627 0.3744 0.3842 0.3925 0.3995 0.4055 0.4104 0.4145 0.4177 0.4197 0.4201 0.4177 0.4105 0.3957 0.3727 0.3439 0.3126 0.2810 0.2508 0.2231 0.1984 0.1775 0.1765 0.2317 0.2948 0.3383 0.3705 0.3934 0.4092 0.4187 0.4168 0.3789 0.3041 0.3246
0.3352 0.3292 0.3983 0.4198 0.4160 0.4037 0.3841 0.3548 0.3125 0.2503 0.1809 0.1775 0.2016 0.2307 0.2642 0.3008 0.3382 0.3727 0.3990 0.4137 0.4193 0.4200 0.4184 0.4154 0.4114 0.4065 0.4007 0.3939 0.3858 0.3762 0.3648 0.3514 0.3355 0.3164 0.2930 0.2629 0.2283 0.1961 0.1795 0.1773 0.1845 0.1977 0.2128 0.2300 0.2492 0.2706 0.2939 0.3186 0.3445 0.3689 0.3811 0.3689 0.3445 0.3186 0.2939 0.2706 0.2492 0.2300 0.2128 0.1977 0.1845 0.1773 0.1795 0.1961 0.2283 0.2629 0.2930 0.3164 0.3355 0.3514 0.3648 0.3762 0.3858 0.3939 0.4007 0.4065 0.4114 0.4154 0.4184 0.4200 0.4193 0.4137 0.3990 0.3727 0.3382 0.3008 0.2642 0.2307 0.2016 0.1775 0.1809 0.2503 0.3125 0.3547 0.3841 0.4037 0.4160 0.4198 0.3983 0.3292 0.3352
0.3472 0.3545 0.4111 0.4199 0.4123 0.3972 0.3733 0.3367 0.2816 0.1996 0.1735 0.1984 0.2307 0.2687 0.3109 0.3535 0.3896 0.4113 0.4191 0.4199 0.4175 0.4136 0.4087 0.4028 0.3959 0.3878 0.3783 0.3672 0.3540 0.3384 0.3200 0.2975 0.2684 0.2344 0.2007 0.1811 0.1771 0.1826 0.1953 0.2101 0.2269 0.2458 0.2668 0.2898 0.3143 0.3398 0.3647 0.3869 0.4042 0.4142 0.4169 0.4142 0.4042 0.3869 0.3647 0.3398 0.3143 0.2898 0.2668 0.2458 0.2269 0.2101 0.1953 0.1826 0.1771 0.1811 0.2007 0.2344 0.2684 0.2975 0.3200 0.3384 0.3540 0.3672 0.3783 0.3878 0.3959 0.4028 0.4087 0.4136 0.4175 0.4199 0.4191 0.4113 0.3896 0.3535 0.3109 0.2687 0.2307 0.1984 0.1735 0.1996 0.2816 0.3367 0.3733 0.3971 0.4123 0.4199 0.4111 0.3545 0.3472
0.3600 0.3781 0.4177 0.4183 0.4077 0.3896 0.3607 0.3156 0.2419 0.1751 0.1894 0.2231 0.2642 0.3109 0.3585 0.3968 0.4157 0.4201 0.4182 0.4138 0.4080 0.4009 0.3926 0.3829 0.3715 0.3582 0.3427 0.3244 0.3026 0.2746 0.2410 0.2059 0.1832 0.1770 0.1809 0.1930 0.2074 0.2239 0.2424 0.2631 0.2857 0.3101 0.3354 0.3605 0.3834 0.4015 0.4129 0.4185 0.4202 0.4193 0.4176 0.4193 0.4202 0.4185 0.4129 0.4015 0.3834 0.3605 0.3354 0.3101 0.2857 0.2631 0.2424 0.2239 0.2074 0.1930 0.1809 0.1770 0.1832 0.2059 0.2410 0.2746 0.3026 0.3244 0.3427 0.3582 0.3715 0.3829 0.3926 0.4009 0.4080 0.4138 0.4182 0.4201 0.4157 0.3968 0.3585 0.3109 0.2642 0.2231 0.1894 0.1751 0.2419 0.3156 0.3607 0.3896 0.4077 0.4183 0.4177 0.3781 0.3600
0.3730 0.3976 0.4200 0.4154 0.4022 0.3806 0.3460 0.2904 0.2015 0.1772 0.2088 0.2508 0.3008 0.3535 0.3968 0.4168 0.4200 0.4167 0.4107 0.4030 0.3936 0.3822 0.3687 0.3527 0.3341 0.3122 0.2853 0.2512 0.2139 0.1865 0.1771 0.1794 0.1906 0.2047 0.2209 0.2391 0.2595 0.2817 0.3058 0.3310 0.3563 0.3798 0.3989 0.4114 0.4178 0.4201 0.4197 0.4178 0.4147 0.4104 0.4066 0.4104 0.4147 0.4178 0.4197 0.4201 0.4178 0.4114 0.3989 0.3798 0.3563 0.3310 0.3058 0.2817 0.2595 0.2391 0.2209 0.2047 0.1906 0.1794 0.1771 0.1865 0.2139 0.2512 0.2853 0.3122 0.3341 0.3527 0.3687 0.3822 0.3936 0.4030 0.4107 0.4167 0.4200 0.4168 0.3968 0.3535 0.3008 0.2508 0.2088 0.1772 0.2015 0.2904 0.3460 0.3806 0.4022 0.4154 0.4200 0.3976 0.3730
0.3855 0.4107 0.4197 0.4116 0.3957 0.3700 0.3287 0.2582 0.1794 0.1907 0.2305 0.2810 0.3382 0.3896 0.4157 0.4200 0.4161 0.4090 0.3996 0.3878 0.3732 0.3553 0.3337 0.3079 0.2760 0.2352 0.1961 0.1776 0.1772 0.1870 0.2012 0.2173 0.2354 0.2556 0.2777 0.3016 0.3267 0.3521 0.3760 0.3960 0.4098 0.4171 0.4199 0.4199 0.4182 0.4153 0.4114 0.4066 0.4009 0.3937 0.3876 0.3937 0.4009 0.4066 0.4114 0.4153 0.4182 0.4199 0.4199 0.4171 0.4098 0.3960 0.3760 0.3521 0.3267 0.3016 0.2777 0.2556 0.2354 0.2173 0.2012 0.1870 0.1772 0.1776 0.1961 0.2352 0.2760 0.3079 0.3337 0.3553 0.3732 0.3878 0.3996 0.4090 0.4161 0.4200 0.4157 0.3896 0.3382 0.2810 0.2305 0.1907 0.1794 0.2582 0.3287 0.3700 0.3957 0.4116 0.4197 0.4107 0.3855
0.3966 0.4177 0.4179 0.4068 0.3880 0.3575 0.3081 0.2218 0.1766 0.2069 0.2542 0.3126 0.3727 0.4113 0.4201 0.4167 0.4090 0.3985 0.3848 0.3672 0.3450 0.3175 0.2833 0.2372 0.1919 0.1744 0.1791 0.1935 0.2102 0.2288 0.2494 0.2719 0.2962 0.3215 0.3474 0.3720 0.3930 0.4079 0.4162 0.4197 0.4200 0.4186 0.4159 0.4121 0.4075 0.4020 0.3954 0.3877 0.3785 0.3668 0.3568 0.3668 0.3785 0.3877 0.3954 0.4020 0.4075 0.4121 0.4159 0.4186 0.4200 0.4197 0.4162 0.4079 0.3930 0.3720 0.3474 0.3215 0.2962 0.2719 0.2494 0.2288 0.2102 0.1935 0.1791 0.1744 0.1919 0.2372 0.2833 0.3175 0.3450 0.3672 0.3848 0.3985 0.4090 0.4167 0.4201 0.4113 0.3727 0.3126 0.2542 0.2069 0.1766 0.2218 0.3081 0.3575 0.3880 0.4068 0.4179 0.4177 0.3966
0.4056 0.4204 0.4148 0.4012 0.3789 0.3427 0.2821 0.1912 0.1843 0.2249 0.2797 0.3439 0.3990 0.4191 0.4182 0.4107 0.3996 0.3848 0.3650 0.3394 0.3068 0.2639 0.2067 0.1744 0.1775 0.1941 0.2135 0.2353 0.2592 0.2849 0.3119 0.3394 0.3657 0.3885 0.4054 0.4151 0.4193 0.4201 0.4189 0.4164 0.4128 0.4084 0.4030 0.3966 0.3891 0.3802 0.3695 0.3570 0.3421 0.3232 0.3069 0.3232 0.3421 0.3570 0.3695 0.3802 0.3891 0.3966 0.4030 0.4084 0.4128 0.4164 0.4189 0.4201 0.4193 0.4151 0.4054 0.3885 0.3657 0.3394 0.3119 0.2849 0.2592 0.2353 0.2135 0.1941 0.1775 0.1744 0.2067 0.2639 0.3068 0.3394 0.3650 0.3848 0.3996 0.4107 0.4182 0.4191 0.3990 0.3439 0.2797 0.2249 0.1843 0.1912 0.2821 0.3427 0.3789 0.4012 0.4148 0.4204 0.4056
0.4124 0.4204 0.4108 0.3945 0.3680 0.3251 0.2498 0.1781 0.1978 0.2449 0.3063 0.3727 0.4136 0.4199 0.4139 0.4030 0.3878 0.3672 0.3394 0.3031 0.2528 0.1915 0.1713 0.1865 0.2075 0.2318 0.2592 0.2889 0.3198 0.3504 0.3781 0.3995 0.4126 0.4186 0.4202 0.4193 0.4170 0.4136 0.4092 0.4040 0.3978 0.3905 0.3818 0.3715 0.3593 0.3448 0.3276 0.3070 0.2806 0.2470 0.2213 0.2470 0.2806 0.3070 0.3276 0.3448 0.3593 0.3715 0.3818 0.3905 0.3978 0.4040 0.4092 0.4136 0.4170 0.4193 0.4202 0.4186 0.4126 0.3995 0.3781 0.3504 0.3198 0.2889 0.2592 0.2318 0.2075 0.1865 0.1713 0.1915 0.2528 0.3031 0.3394 0.3672 0.3878 0.4030 0.4138 0.4199 0.4137 0.3727 0.3063 0.2449 0.1978 0.1781 0.2498 0.3251 0.3680 0.3945 0.4108 0.4204 0.4124
0.4170 0.4188 0.4059 0.3865 0.3552 0.3039 0.2144 0.1780 0.2133 0.2667 0.3335 0.3957 0.4192 0.4175 0.4080 0.3936 0.3732 0.3450 0.3068 0.2528 0.1872 0.1724 0.1925 0.2173 0.2464 0.2791 0.3142 0.3494 0.3809 0.4037 0.4156 0.4197 0.4198 0.4178 0.4146 0.4103 0.4052 0.3991 0.3919 0.3834 0.3734 0.3615 0.3475 0.3308 0.3108 0.2857 0.2541 0.2189 0.1900 0.1779 0.1758 0.1779 0.1900 0.2189 0.2541 0.2857 0.3108 0.3308 0.3475 0.3615 0.3734 0.3834 0.3919 0.3991 0.4052 0.4103 0.4146 0.4178 0.4198 0.4197 0.4156 0.4037 0.3809 0.3494 0.3142 0.2791 0.2464 0.2173 0.1925 0.1724 0.1872 0.2528 0.3068 0.3450 0.3732 0.3936 0.4080 0.4175 0.4193 0.3957 0.3335 0.2667 0.2133 0.1780 0.2144 0.3039 0.3552 0.3865 0.4059 0.4188 0.4170
0.4199 0.4159 0.4001 0.3771 0.3399 0.2767 0.1874 0.1873 0.2308 0.2903 0.3600 0.4105 0.4200 0.4137 0.4009 0.3822 0.3553 0.3175 0.2639 0.1915 0.1724 0.1946 0.2223 0.2555 0.2930 0.3328 0.3707 0.3999 0.4151 0.4199 0.4195 0.4167 0.4126 0.4074 0.4013 0.3941 0.3857 0.3758 0.3641 0.3503 0.3340 0.3146 0.2906 0.2598 0.2250 0.1938 0.1789 0.1776 0.1859 0.1991 0.2071 0.1991 0.1859 0.1776 0.1789 0.1938 0.2250 0.2598 0.2906 0.3146 0.3340 0.3503 0.3641 0.3758 0.3857 0.3941 0.4013 0.4074 0.4126 0.4167 0.4195 0.4199 0.4151 0.3999 0.3707 0.3328 0.2930 0.2555 0.2223 0.1946 0.1724 0.1915 0.2639 0.3175 0.3553 0.3822 0.4009 0.4136 0.4200 0.4105 0.3600 0.2903 0.2308 0.1873 0.1874 0.2767 0.3399 0.3771 0.4001 0.4159 0.4199
0.4215 0.4120 0.3932 0.3660 0.3218 0.2437 0.1775 0.2009 0.2502 0.3153 0.3836 0.4177 0.4184 0.4087 0.3926 0.3687 0.3337 0.2833 0.2067 0.1713 0.1925 0.2223 0.2586 0.3001 0.3439 0.3836 0.4093 0.4189 0.4198 0.4169 0.4122 0.4062 0.3990 0.3905 0.3804 0.3687 0.3548 0.3385 0.3195 0.2962 0.2664 0.2317 0.1983 0.1802 0.1771 0.1836 0.1966 0.2115 0.2288 0.2478 0.2591 0.2478 0.2288 0.2115 0.1966 0.1836 0.1771 0.1802 0.1983 0.2317 0.2664 0.2962 0.3195 0.3385 0.3548 0.3687 0.3804 0.3905 0.3990 0.4062 0.4122 0.4169 0.4198 0.4189 0.4093 0.3836 0.3439 0.3001 0.2586 0.2223 0.1925 0.1713 0.2067 0.2833 0.3337 0.3687 0.3926 0.4087 0.4184 0.4177 0.3837 0.3153 0.2502 0.2009 0.1775 0.2437 0.3218 0.3660 0.3932 0.4120 0.4215
0.4223 0.4071 0.3851 0.3527 0.2998 0.2086 0.1790 0.2165 0.2718 0.3409 0.4019 0.4200 0.4154 0.4028 0.3829 0.3528 0.3079 0.2372 0.1744 0.1865 0.2173 0.2555 0.3001 0.3475 0.3893 0.4133 0.4199 0.4187 0.4141 0.4077 0.3997 0.3901 0.3785 0.3646 0.3483 0.3291 0.3062 0.2775 0.2421 0.2054 0.1824 0.1768 0.1815 0.1940 0.2087 0.2255 0.2442 0.2651 0.2883 0.3126 0.3264 0.3126 0.2883 0.2651 0.2442 0.2255 0.2087 0.1940 0.1815 0.1768 0.1824 0.2054 0.2421 0.2775 0.3062 0.3291 0.3483 0.3646 0.3785 0.3901 0.3997 0.4077 0.4141 0.4187 0.4199 0.4132 0.3894 0.3475 0.3001 0.2555 0.2173 0.1865 0.1744 0.2372 0.3079 0.3527 0.3829 0.4028 0.4154 0.4201 0.4020 0.3410 0.2718 0.2165 0.1790 0.2086 0.2998 0.3527 0.3851 0.4071 0.4223
0.4224 0.4009 0.3754 0.3371 0.2713 0.1846 0.1895 0.2341 0.2952 0.3659 0.4132 0.4197 0.4114 0.3959 0.3716 0.3341 0.2760 0.1919 0.1775 0.2075 0.2464 0.2930 0.3439 0.3894 0.4143 0.4201 0.4177 0.4119 0.4040 0.3941 0.3817 0.3666 0.3482 0.3261 0.2995 0.2653 0.2239 0.1894 0.1764 0.1787 0.1904 0.2050 0.2217 0.2403 0.2611 0.2838 0.3081 0.3334 0.3590 0.3820 0.3927 0.3820 0.3590 0.3334 0.3081 0.2838 0.2611 0.2403 0.2217 0.2050 0.1904 0.1787 0.1764 0.1894 0.2239 0.2653 0.2995 0.3261 0.3482 0.3666 0.3817 0.3941 0.4040 0.4119 0.4177 0.4201 0.4143 0.3894 0.3439 0.2930 0.2464 0.2075 0.1775 0.1919 0.2760 0.3341 0.3715 0.3959 0.4114 0.4197 0.4133 0.3659 0.2952 0.2341 0.1895 0.1846 0.2713 0.3371 0.3754 0.4009 0.4224
0.4217 0.3933 0.3639 0.3184 0.2377 0.1771 0.2034 0.2539 0.3200 0.3880 0.4186 0.4177 0.4065 0.3878 0.3583 0.3122 0.2352 0.1744 0.1941 0.2318 0.2791 0.3328 0.3836 0.4132 0.4201 0.4173 0.4107 0.4017 0.3900 0.3750 0.3563 0.3330 0.3043 0.2674 0.2198 0.1835 0.1747 0.1828 0.1978 0.2148 0.2338 0.2549 0.2779 0.3026 0.3283 0.3540 0.3779 0.3975 0.4109 0.4175 0.4187 0.4175 0.4109 0.3975 0.3779 0.3540 0.3283 0.3026 0.2779 0.2549 0.2338 0.2148 0.1978 0.1828 0.1747 0.1835 0.2198 0.2674 0.3043 0.3330 0.3563 0.3750 0.3900 0.4017 0.4107 0.4173 0.4201 0.4132 0.3836 0.3328 0.2791 0.2318 0.1941 0.1744 0.2352 0.3122 0.3582 0.3878 0.4065 0.4177 0.4186 0.3880 0.3201 0.2539 0.2034 0.1771 0.2377 0.3184 0.3639 0.3933 0.4217
0.4201 0.3842 0.3502 0.2955 0.2034 0.1802 0.2193 0.2757 0.3454 0.4047 0.4202 0.4145 0.4007 0.3784 0.3428 0.2854 0.1962 0.1791 0.2134 0.2592 0.3142 0.3707 0.4093 0.4199 0.4177 0.4107 0.4008 0.3878 0.3707 0.3487 0.3208 0.2852 0.2357 0.1877 0.1730 0.1832 0.2004 0.2200 0.2420 0.2660 0.2919 0.3191 0.3463 0.3720 0.3936 0.4085 0.4166 0.4198 0.4200 0.4182 0.4160 0.4182 0.4200 0.4198 0.4166 0.4085 0.3936 0.3720 0.3463 0.3191 0.2919 0.2660 0.2420 0.2200 0.2004 0.1832 0.1730 0.1877 0.2357 0.2852 0.3208 0.3487 0.3707 0.3878 0.4008 0.4107 0.4177 0.4199 0.4093 0.3707 0.3142 0.2592 0.2135 0.1791 0.1961 0.2853 0.3427 0.3783 0.4007 0.4145 0.4202 0.4047 0.3454 0.2757 0.2193 0.1802 0.2034 0.2955 0.3502 0.3842 0.4201
0.4177 0.3735 0.3341 0.2659 0.1822 0.1917 0.2373 0.2993 0.3700 0.4146 0.4194 0.4104 0.3939 0.3672 0.3245 0.2512 0.1776 0.1935 0.2352 0.2888 0.3494 0.3999 0.4189 0.4187 0.4119 0.4017 0.3878 0.3692 0.3447 0.3129 0.2710 0.2119 0.1746 0.1777 0.1960 0.2175 0.2421 0.2694 0.2987 0.3292 0.3587 0.3847 0.4038 0.4147 0.4193 0.4201 0.4188 0.4162 0.4125 0.4076 0.4034 0.4076 0.4125 0.4162 0.4188 0.4201 0.4193 0.4147 0.4038 0.3847 0.3587 0.3292 0.2987 0.2694 0.2421 0.2175 0.1960 0.1776 0.1746 0.2119 0.2710 0.3129 0.3447 0.3692 0.3878 0.4017 0.4119 0.4187 0.4189 0.3999 0.3494 0.2889 0.2353 0.1935 0.1776 0.2512 0.3244 0.3672 0.3939 0.4104 0.4194 0.4146 0.3700 0.2993 0.2373 0.1917 0.1822 0.2659 0.3341 0.3735 0.4177
0.4143 0.3611 0.3148 0.2316 0.1770 0.2060 0.2574 0.3243 0.3913 0.4191 0.4172 0.4055 0.3858 0.3540 0.3026 0.2139 0.1772 0.2101 0.2591 0.3198 0.3809 0.4151 0.4198 0.4141 0.4040 0.3900 0.3707 0.3447 0.3103 0.2632 0.1991 0.1711 0.1848 0.2066 0.2324 0.2619 0.2945 0.3286 0.3617 0.3898 0.4085 0.4174 0.4201 0.4195 0.4171 0.4136 0.4091 0.4037 0.3973 0.3893 0.3825 0.3893 0.3973 0.4037 0.4091 0.4136 0.4171 0.4195 0.4201 0.4174 0.4085 0.3898 0.3617 0.3286 0.2945 0.2619 0.2324 0.2066 0.1847 0.1711 0.1991 0.2632 0.3103 0.3447 0.3707 0.3900 0.4040 0.4141 0.4198 0.4151 0.3809 0.3198 0.2592 0.2102 0.1772 0.2139 0.3026 0.3540 0.3858 0.4055 0.4172 0.4191 0.3913 0.3243 0.2574 0.2060 0.1770 0.2316 0.3148 0.3611 0.4143
0.4102 0.3468 0.2909 0.1985 0.1816 0.2222 0.2796 0.3498 0.4068 0.4202 0.4139 0.3995 0.3762 0.3384 0.2746 0.1865 0.1870 0.2288 0.2849 0.3504 0.4037 0.4199 0.4169 0.4077 0.3941 0.3750 0.3487 0.3129 0.2632 0.1952 0.1709 0.1893 0.2141 0.2437 0.2778 0.3149 0.3526 0.3858 0.4080 0.4178 0.4201 0.4188 0.4156 0.4113 0.4059 0.3995 0.3921 0.3833 0.3729 0.3599 0.3488 0.3599 0.3729 0.3833 0.3921 0.3995 0.4059 0.4113 0.4156 0.4188 0.4201 0.4178 0.4080 0.3858 0.3526 0.3149 0.2778 0.2437 0.2141 0.1893 0.1709 0.1952 0.2632 0.3129 0.3487 0.3750 0.3941 0.4077 0.4169 0.4199 0.4037 0.3504 0.2849 0.2288 0.1870 0.1865 0.2746 0.3384 0.3762 0.3995 0.4139 0.4202 0.4068 0.3498 0.2796 0.2222 0.1816 0.1985 0.2909 0.3468 0.4102
0.4052 0.3300 0.2603 0.1803 0.1940 0.2406 0.3035 0.3739 0.4157 0.4191 0.4096 0.3925 0.3648 0.3200 0.2410 0.1771 0.2012 0.2494 0.3119 0.3781 0.4156 0.4195 0.4122 0.3997 0.3817 0.3563 0.3208 0.2710 0.1991 0.1709 0.1909 0.2180 0.2508 0.2887 0.3297 0.3695 0.4004 0.4159 0.4200 0.4189 0.4153 0.4102 0.4039 0.3965 0.3877 0.3773 0.3651 0.3507 0.3338 0.3126 0.2941 0.3126 0.3338 0.3507 0.3651 0.3773 0.3877 0.3965 0.4039 0.4102 0.4153 0.4189 0.4200 0.4159 0.4004 0.3695 0.3297 0.2887 0.2508 0.2180 0.1909 0.1709 0.1991 0.2710 0.3208 0.3563 0.3817 0.3997 0.4122 0.4195 0.4156 0.3781 0.3119 0.2494 0.2012 0.1771 0.2410 0.3200 0.3648 0.3925 0.4096 0.4191 0.4157 0.3739 0.3035 0.2406 0.1940 0.1803 0.2603 0.3300 0.4052
0.3992 0.3099 0.2255 0.1771 0.2086 0.2611 0.3287 0.3944 0.4195 0.4167 0.4045 0.3842 0.3514 0.2975 0.2059 0.1794 0.2173 0.2719 0.3394 0.3995 0.4197 0.4167 0.4062 0.3901 0.3666 0.3330 0.2852 0.2119 0.1711 0.1893 0.2180 0.2532 0.2942 0.3385 0.3799 0.4081 0.4188 0.4198 0.4165 0.4112 0.4044 0.3960 0.3860 0.3740 0.3596 0.3428 0.3229 0.2990 0.2683 0.2311 0.2051 0.2311 0.2683 0.2990 0.3229 0.3428 0.3596 0.3740 0.3860 0.3960 0.4044 0.4112 0.4165 0.4198 0.4188 0.4081 0.3799 0.3385 0.2942 0.2532 0.2180 0.1893 0.1711 0.2119 0.2852 0.3330 0.3666 0.3901 0.4062 0.4167 0.4197 0.3995 0.3394 0.2719 0.2173 0.1794 0.2059 0.2975 0.3514 0.3842 0.4045 0.4167 0.4195 0.3944 0.3287 0.2611 0.2086 0.1771 0.2255 0.3099 0.3992
0.3920 0.2848 0.1942 0.1834 0.2252 0.2836 0.3540 0.4088 0.4201 0.4132 0.3984 0.3744 0.3355 0.2684 0.1832 0.1906 0.2354 0.2962 0.3657 0.4126 0.4198 0.4126 0.3990 0.3785 0.3482 0.3043 0.2357 0.1746 0.1847 0.2141 0.2508 0.2942 0.3414 0.3847 0.4116 0.4198 0.4189 0.4143 0.4075 0.3989 0.3883 0.3752 0.3592 0.3400 0.3171 0.2891 0.2526 0.2118 0.1836 0.1762 0.1769 0.1762 0.1836 0.2118 0.2526 0.2891 0.3171 0.3400 0.3592 0.3752 0.3883 0.3989 0.4075 0.4143 0.4189 0.4198 0.4116 0.3847 0.3414 0.2942 0.2508 0.2141 0.1847 0.1746 0.2357 0.3043 0.3482 0.3785 0.3990 0.4126 0.4198 0.4126 0.3657 0.2962 0.2354 0.1906 0.1832 0.2684 0.3355 0.3744 0.3984 0.4132 0.4201 0.4088 0.3540 0.2836 0.2252 0.1834 0.1942 0.2848 0.3920
0.3832 0.2530 0.1790 0.1964 0.2440 0.3078 0.3778 0.4167 0.4188 0.4088 0.3912 0.3627 0.3164 0.2344 0.1770 0.2047 0.2556 0.3215 0.3886 0.4186 0.4178 0.4074 0.3905 0.3646 0.3261 0.2674 0.1877 0.1776 0.2066 0.2437 0.2887 0.3385 0.3847 0.4126 0.4200 0.4182 0.4126 0.4046 0.3944 0.3814 0.3651 0.3449 0.3201 0.2895 0.2486 0.2032 0.1778 0.1762 0.1875 0.2027 0.2119 0.2027 0.1875 0.1762 0.1778 0.2032 0.2486 0.2895 0.3201 0.3449 0.3651 0.3814 0.3944 0.4046 0.4126 0.4182 0.4200 0.4126 0.3847 0.3385 0.2887 0.2437 0.2066 0.1776 0.1877 0.2674 0.3261 0.3646 0.3905 0.4074 0.4178 0.4186 0.3885 0.3215 0.2556 0.2047 0.1770 0.2344 0.3164 0.3627 0.3912 0.4088 0.4188 0.4167 0.3778 0.3078 0.2440 0.1964 0.1790 0.2530 0.3832
0.3724 0.2174 0.1775 0.2113 0.2648 0.3330 0.3974 0.4198 0.4162 0.4035 0.3827 0.3489 0.2930 0.2007 0.1809 0.2209 0.2777 0.3474 0.4054 0.4201 0.4146 0.4013 0.3804 0.3483 0.2995 0.2198 0.1730 0.1960 0.2324 0.2778 0.3297 0.3799 0.4116 0.4200 0.4179 0.4116 0.4027 0.3911 0.3760 0.3567 0.3322 0.3015 0.2609 0.2091 0.1771 0.1758 0.1898 0.2074 0.2277 0.2497 0.2628 0.2497 0.2277 0.2074 0.1898 0.1758 0.1771 0.2090 0.2608 0.3016 0.3322 0.3567 0.3760 0.3911 0.4027 0.4116 0.4179 0.4200 0.4116 0.3799 0.3297 0.2778 0.2324 0.1960 0.1730 0.2198 0.2995 0.3483 0.3804 0.4013 0.4146 0.4202 0.4054 0.3474 0.2777 0.2209 0.1809 0.2007 0.2930 0.3489 0.3827 0.4035 0.4162 0.4198 0.3974 0.3330 0.2648 0.2113 0.1775 0.2174 0.3724
0.3582 0.1881 0.1855 0.2283 0.2876 0.3583 0.4106 0.4200 0.4125 0.3972 0.3725 0.3324 0.2629 0.1811 0.1930 0.2391 0.3016 0.3720 0.4151 0.4193 0.4104 0.3941 0.3687 0.3291 0.2652 0.1835 0.1833 0.2175 0.2619 0.3149 0.3695 0.4081 0.4198 0.4182 0.4116 0.4021 0.3894 0.3726 0.3506 0.3224 0.2860 0.2341 0.1848 0.1729 0.1867 0.2058 0.2280 0.2530 0.2808 0.3099 0.3260 0.3099 0.2808 0.2530 0.2280 0.2058 0.1867 0.1729 0.1847 0.2339 0.2860 0.3225 0.3507 0.3726 0.3894 0.4021 0.4116 0.4182 0.4198 0.4081 0.3695 0.3149 0.2619 0.2175 0.1832 0.1835 0.2653 0.3291 0.3687 0.3941 0.4103 0.4193 0.4151 0.3720 0.3016 0.2391 0.1930 0.1811 0.2629 0.3324 0.3725 0.3972 0.4125 0.4200 0.4106 0.3583 0.2876 0.2283 0.1855 0.1881 0.3582
0.3407 0.1758 0.1988 0.2474 0.3120 0.3815 0.4175 0.4184 0.4080 0.3898 0.3605 0.3128 0.2283 0.1771 0.2074 0.2595 0.3267 0.3930 0.4193 0.4170 0.4052 0.3857 0.3548 0.3062 0.2240 0.1748 0.2004 0.2421 0.2945 0.3526 0.4004 0.4188 0.4189 0.4126 0.4027 0.3894 0.3714 0.3475 0.3162 0.2745 0.2144 0.1745 0.1781 0.1975 0.2207 0.2475 0.2775 0.3099 0.3434 0.3739 0.3882 0.3739 0.3434 0.3098 0.2775 0.2475 0.2207 0.1976 0.1782 0.1745 0.2143 0.2745 0.3163 0.3475 0.3714 0.3894 0.4027 0.4126 0.4189 0.4188 0.4004 0.3526 0.2945 0.2421 0.2004 0.1747 0.2239 0.3062 0.3548 0.3857 0.4052 0.4170 0.4193 0.3930 0.3267 0.2595 0.2074 0.1771 0.2283 0.3128 0.3605 0.3898 0.4080 0.4184 0.4175 0.3815 0.3120 0.2474 0.1988 0.1758 0.3407
0.3222 0.1759 0.2141 0.2685 0.3374 0.4001 0.4200 0.4156 0.4025 0.3810 0.3463 0.2884 0.1961 0.1826 0.2239 0.2817 0.3521 0.4079 0.4201 0.4136 0.3991 0.3758 0.3387 0.2776 0.1895 0.1827 0.2200 0.2694 0.3286 0.3858 0.4159 0.4198 0.4143 0.4046 0.3911 0.3726 0.3475 0.3141 0.2684 0.2037 0.1714 0.1839 0.2063 0.2332 0.2643 0.2990 0.3354 0.3701 0.3981 0.4135 0.4171 0.4136 0.3981 0.3701 0.3354 0.2990 0.2644 0.2332 0.2063 0.1840 0.1714 0.2037 0.2684 0.3141 0.3475 0.3726 0.3911 0.4046 0.4143 0.4198 0.4159 0.3858 0.3286 0.2694 0.2200 0.1828 0.1894 0.2775 0.3385 0.3758 0.3991 0.4136 0.4201 0.4079 0.3521 0.2817 0.2239 0.1826 0.1961 0.2884 0.3463 0.3810 0.4025 0.4156 0.4200 0.4001 0.3374 0.2685 0.2141 0.1759 0.3222
0.3082 0.1852 0.2314 0.2917 0.3624 0.4121 0.4198 0.4118 0.3961 0.3706 0.3294 0.2572 0.1795 0.1953 0.2424 0.3058 0.3760 0.4162 0.4189 0.4092 0.3919 0.3641 0.3195 0.2424 0.1765 0.1977 0.2419 0.2987 0.3617 0.4080 0.4200 0.4165 0.4075 0.3944 0.3760 0.3506 0.3162 0.2684 0.2004 0.1708 0.1876 0.2124 0.2425 0.2775 0.3161 0.3553 0.3894 0.4107 0.4191 0.4198 0.4178 0.4198 0.4191 0.4107 0.3894 0.3554 0.3161 0.2775 0.2425 0.2124 0.1876 0.1708 0.2004 0.2684 0.3163 0.3507 0.3760 0.3944 0.4075 0.4165 0.4200 0.4080 0.3617 0.2987 0.2420 0.1978 0.1764 0.2421 0.3195 0.3641 0.3919 0.4092 0.4189 0.4162 0.3760 0.3058 0.2424 0.1953 0.1795 0.2572 0.3294 0.3706 0.3961 0.4118 0.4198 0.4121 0.3624 0.2917 0.2314 0.1852 0.3082
0.3018 0.1985 0.2508 0.3163 0.3851 0.4181 0.4180 0.4071 0.3884 0.3582 0.3091 0.2222 0.1773 0.2101 0.2631 0.3310 0.3960 0.4197 0.4164 0.4040 0.3835 0.3504 0.2964 0.2056 0.1787 0.2147 0.2660 0.3292 0.3898 0.4178 0.4189 0.4112 0.3989 0.3814 0.3567 0.3224 0.2745 0.2037 0.1708 0.1888 0.2156 0.2483 0.2864 0.3282 0.3693 0.4011 0.4165 0.4201 0.4183 0.4137 0.4090 0.4137 0.4183 0.4201 0.4165 0.4012 0.3694 0.3283 0.2865 0.2483 0.2156 0.1888 0.1708 0.2037 0.2745 0.3225 0.3567 0.3814 0.3989 0.4112 0.4189 0.4178 0.3898 0.3292 0.2660 0.2148 0.1787 0.2054 0.2962 0.3503 0.3834 0.4040 0.4164 0.4197 0.3960 0.3310 0.2631 0.2101 0.1773 0.2222 0.3091 0.3582 0.3884 0.4071 0.4180 0.4181 0.3851 0.3163 0.2508 0.1985 0.3018
0.3005 0.2137 0.2724 0.3417 0.4026 0.4201 0.4150 0.4015 0.3794 0.3436 0.2835 0.1920 0.1845 0.2269 0.2857 0.3563 0.4098 0.4200 0.4128 0.3978 0.3734 0.3340 0.2665 0.1824 0.1903 0.2338 0.2919 0.3587 0.4085 0.4201 0.4153 0.4044 0.3883 0.3651 0.3322 0.2860 0.2143 0.1714 0.1876 0.2156 0.2503 0.2910 0.3356 0.3780 0.4074 0.4188 0.4197 0.4162 0.4105 0.4023 0.3950 0.4023 0.4104 0.4162 0.4197 0.4188 0.4075 0.3780 0.3355 0.2910 0.2503 0.2156 0.1876 0.1714 0.2143 0.2860 0.3322 0.3651 0.3883 0.4044 0.4153 0.4201 0.4085 0.3587 0.2919 0.2338 0.1904 0.1824 0.2664 0.3340 0.3734 0.3978 0.4128 0.4200 0.4098 0.3563 0.2857 0.2269 0.1845 0.1920 0.2835 0.3436 0.3794 0.4015 0.4150 0.4201 0.4026 0.3417 0.2724 0.2137 0.3005
0.3022 0.2309 0.2958 0.3665 0.4135 0.4196 0.4111 0.3949 0.3686 0.3262 0.2515 0.1784 0.1977 0.2458 0.3101 0.3798 0.4171 0.4186 0.4084 0.3905 0.3615 0.3146 0.2317 0.1768 0.2050 0.2549 0.3191 0.3847 0.4174 0.4188 0.4102 0.3960 0.3752 0.3449 0.3016 0.2339 0.1745 0.1840 0.2124 0.2483 0.2910 0.3380 0.3821 0.4105 0.4196 0.4190 0.4143 0.4073 0.3982 0.3859 0.3747 0.3859 0.3982 0.4073 0.4143 0.4190 0.4196 0.4105 0.3821 0.3379 0.2910 0.2483 0.2124 0.1840 0.1745 0.2339 0.3016 0.3449 0.3752 0.3960 0.4102 0.4188 0.4174 0.3847 0.3191 0.2549 0.2050 0.1768 0.2317 0.3146 0.3615 0.3905 0.4084 0.4186 0.4171 0.3798 0.3101 0.2458 0.1977 0.1784 0.2515 0.3262 0.3686 0.3949 0.4111 0.4196 0.4135 0.3665 0.2958 0.2309 0.3022
0.3064 0.2503 0.3206 0.3885 0.4187 0.4176 0.4062 0.3870 0.3559 0.3052 0.2161 0.1779 0.2128 0.2668 0.3354 0.3989 0.4199 0.4159 0.4030 0.3818 0.3475 0.2906 0.1983 0.1815 0.2217 0.2779 0.3463 0.4038 0.4201 0.4156 0.4039 0.3860 0.3592 0.3201 0.2608 0.1847 0.1782 0.2063 0.2425 0.2865 0.3355 0.3821 0.4114 0.4199 0.4184 0.4129 0.4048 0.3944 0.3810 0.3623 0.3454 0.3623 0.3809 0.3943 0.4048 0.4129 0.4184 0.4199 0.4114 0.3821 0.3355 0.2865 0.2425 0.2063 0.1782 0.1847 0.2608 0.3201 0.3592 0.3860 0.4039 0.4156 0.4201 0.4038 0.3463 0.2779 0.2217 0.1815 0.1983 0.2906 0.3475 0.3818 0.4030 0.4159 0.4199 0.3989 0.3354 0.2668 0.2128 0.1779 0.2161 0.3052 0.3559 0.3870 0.4062 0.4176 0.4187 0.3885 0.3206 0.2503 0.3064
0.3128 0.2717 0.3461 0.4050 0.4202 0.4144 0.4004 0.3777 0.3408 0.2783 0.1884 0.1866 0.2300 0.2898 0.3605 0.4114 0.4199 0.4121 0.3966 0.3715 0.3308 0.2598 0.1802 0.1940 0.2403 0.3026 0.3720 0.4147 0.4195 0.4113 0.3965 0.3740 0.3400 0.2895 0.2090 0.1729 0.1976 0.2332 0.2775 0.3283 0.3780 0.4105 0.4199 0.4182 0.4121 0.4033 0.3917 0.3764 0.3567 0.3291 0.3042 0.3291 0.3566 0.3764 0.3916 0.4033 0.4121 0.4182 0.4199 0.4105 0.3780 0.3283 0.2775 0.2332 0.1976 0.1729 0.2090 0.2895 0.3400 0.3740 0.3965 0.4113 0.4195 0.4147 0.3720 0.3026 0.2403 0.1940 0.1802 0.2598 0.3308 0.3715 0.3966 0.4121 0.4199 0.4114 0.3605 0.2898 0.2300 0.1866 0.1884 0.2783 0.3408 0.3777 0.4004 0.4144 0.4202 0.4050 0.3461 0.2717 0.3128
0.3211 0.2950 0.3706 0.4148 0.4193 0.4103 0.3936 0.3666 0.3229 0.2456 0.1777 0.2001 0.2492 0.3143 0.3834 0.4178 0.4182 0.4075 0.3891 0.3593 0.3108 0.2250 0.1771 0.2087 0.2611 0.3283 0.3936 0.4193 0.4171 0.4059 0.3877 0.3596 0.3171 0.2486 0.1771 0.1867 0.2207 0.2644 0.3161 0.3694 0.4075 0.4196 0.4184 0.4121 0.4028 0.3903 0.3736 0.3516 0.3231 0.2829 0.2452 0.2828 0.3230 0.3516 0.3736 0.3902 0.4028 0.4121 0.4184 0.4196 0.4075 0.3694 0.3161 0.2644 0.2207 0.1867 0.1771 0.2486 0.3171 0.3596 0.3877 0.4059 0.4171 0.4193 0.3936 0.3283 0.2611 0.2087 0.1771 0.2250 0.3108 0.3593 0.3891 0.4075 0.4182 0.4178 0.3834 0.3143 0.2492 0.2001 0.1777 0.2456 0.3229 0.3666 0.3936 0.4103 0.4193 0.4148 0.3706 0.2950 0.3211
0.3311 0.3198 0.3918 0.4192 0.4171 0.4053 0.3855 0.3535 0.3011 0.2104 0.1787 0.2156 0.2706 0.3398 0.4015 0.4201 0.4153 0.4020 0.3802 0.3448 0.2857 0.1938 0.1836 0.2255 0.2838 0.3540 0.4085 0.4201 0.4136 0.3995 0.3773 0.3428 0.2891 0.2032 0.1758 0.2058 0.2475 0.2990 0.3554 0.4012 0.4188 0.4190 0.4129 0.4033 0.3902 0.3726 0.3491 0.3179 0.2763 0.2151 0.1783 0.2149 0.2762 0.3178 0.3490 0.3726 0.3902 0.4033 0.4129 0.4190 0.4188 0.4012 0.3554 0.2990 0.2475 0.2058 0.1758 0.2032 0.2891 0.3428 0.3773 0.3995 0.4136 0.4201 0.4085 0.3540 0.2838 0.2255 0.1836 0.1938 0.2857 0.3448 0.3802 0.4020 0.4153 0.4201 0.4015 0.3398 0.2706 0.2156 0.1787 0.2104 0.3011 0.3535 0.3855 0.4053 0.4171 0.4192 0.3918 0.3198 0.3311
0.3426 0.3451 0.4071 0.4201 0.4138 0.3994 0.3759 0.3380 0.2730 0.1854 0.1888 0.2331 0.2939 0.3647 0.4129 0.4197 0.4114 0.3954 0.3695 0.3276 0.2541 0.1789 0.1966 0.2442 0.3081 0.3779 0.4166 0.4188 0.4091 0.3921 0.3651 0.3229 0.2526 0.1778 0.1898 0.2280 0.2775 0.3354 0.3894 0.4165 0.4197 0.4143 0.4048 0.3916 0.3735 0.3490 0.3162 0.2713 0.2063 0.1716 0.1744 0.1715 0.2061 0.2711 0.3160 0.3490 0.3736 0.3916 0.4048 0.4143 0.4197 0.4165 0.3894 0.3354 0.2775 0.2280 0.1898 0.1778 0.2526 0.3229 0.3651 0.3921 0.4091 0.4188 0.4166 0.3779 0.3081 0.2442 0.1966 0.1789 0.2541 0.3276 0.3695 0.3954 0.4114 0.4197 0.4129 0.3647 0.2939 0.2331 0.1888 0.1854 0.2730 0.3380 0.3759 0.3994 0.4138 0.4201 0.4071 0.3451 0.3426
0.3551 0.3696 0.4158 0.4190 0.4095 0.3923 0.3645 0.3195 0.2396 0.1772 0.2026 0.2527 0.3186 0.3869 0.4185 0.4178 0.4066 0.3877 0.3570 0.3070 0.2189 0.1776 0.2115 0.2651 0.3334 0.3975 0.4198 0.4162 0.4037 0.3833 0.3507 0.2990 0.2118 0.1762 0.2074 0.2530 0.3098 0.3701 0.4107 0.4201 0.4162 0.4073 0.3943 0.3764 0.3516 0.3178 0.2712 0.2032 0.1713 0.1870 0.1990 0.1870 0.1713 0.2031 0.2711 0.3178 0.3516 0.3764 0.3943 0.4073 0.4162 0.4201 0.4107 0.3701 0.3098 0.2530 0.2074 0.1762 0.2118 0.2990 0.3507 0.3833 0.4037 0.4162 0.4198 0.3975 0.3334 0.2651 0.2115 0.1776 0.2189 0.3070 0.3570 0.3877 0.4066 0.4178 0.4185 0.3869 0.3186 0.2527 0.2026 0.1772 0.2396 0.3195 0.3645 0.3923 0.4095 0.4190 0.4158 0.3696 0.3551
0.3682 0.3914 0.4196 0.4166 0.4044 0.3840 0.3510 0.2968 0.2049 0.1799 0.2187 0.2748 0.3445 0.4042 0.4202 0.4147 0.4009 0.3785 0.3421 0.2806 0.1900 0.1859 0.2288 0.2883 0.3590 0.4109 0.4200 0.4125 0.3973 0.3729 0.3338 0.2683 0.1836 0.1875 0.2277 0.2808 0.3434 0.3981 0.4191 0.4183 0.4104 0.3982 0.3809 0.3566 0.3230 0.2762 0.2062 0.1713 0.1891 0.2155 0.2316 0.2155 0.1892 0.1713 0.2061 0.2762 0.3230 0.3566 0.3809 0.3982 0.4104 0.4183 0.4191 0.3981 0.3434 0.2808 0.2277 0.1875 0.1836 0.2683 0.3338 0.3729 0.3973 0.4125 0.4200 0.4109 0.3590 0.2883 0.2288 0.1859 0.1900 0.2806 0.3421 0.3785 0.4009 0.4147 0.4202 0.4042 0.3445 0.2748 0.2187 0.1799 0.2049 0.2968 0.3510 0.3840 0.4044 0.4166 0.4196 0.3914 0.3682
0.3820 0.4071 0.4199 0.4128 0.3978 0.3734 0.3339 0.2661 0.1828 0.1911 0.2365 0.2983 0.3689 0.4142 0.4193 0.4104 0.3937 0.3668 0.3232 0.2470 0.1779 0.1991 0.2478 0.3126 0.3820 0.4175 0.4182 0.4076 0.3893 0.3599 0.3126 0.2311 0.1762 0.2027 0.2497 0.3099 0.3739 0.4136 0.4198 0.4137 0.4023 0.3859 0.3623 0.3291 0.2828 0.2149 0.1716 0.1870 0.2155 0.2491 0.2677 0.2491 0.2155 0.1870 0.1715 0.2149 0.2828 0.3291 0.3623 0.3859 0.4023 0.4137 0.4198 0.4136 0.3739 0.3099 0.2497 0.2027 0.1762 0.2311 0.3126 0.3599 0.3893 0.4076 0.4182 0.4175 0.3820 0.3126 0.2478 0.1991 0.1779 0.2470 0.3232 0.3668 0.3937 0.4104 0.4193 0.4142 0.3689 0.2983 0.2365 0.1911 0.1828 0.2661 0.3339 0.3734 0.3978 0.4128 0.4199 0.4071 0.3819
0.3906 0.4123 0.4186 0.4094 0.3922 0.3643 0.3193 0.2411 0.1763 0.1985 0.2470 0.3117 0.3811 0.4169 0.4176 0.4066 0.3876 0.3568 0.3069 0.2213 0.1758 0.2071 0.2591 0.3264 0.3927 0.4187 0.4160 0.4034 0.3825 0.3488 0.2941 0.2051 0.1769 0.2119 0.2628 0.3260 0.3882 0.4171 0.4178 0.4091 0.3950 0.3747 0.3454 0.3042 0.2451 0.1782 0.1744 0.1990 0.2316 0.2677 0.2868 0.2677 0.2316 0.1990 0.1744 0.1782 0.2451 0.3042 0.3454 0.3747 0.3950 0.4091 0.4178 0.4171 0.3882 0.3260 0.2628 0.2119 0.1769 0.2051 0.2941 0.3488 0.3825 0.4034 0.4160 0.4187 0.3927 0.3264 0.2591 0.2071 0.1758 0.2213 0.3069 0.3568 0.3876 0.4066 0.4176 0.4169 0.3811 0.3117 0.2470 0.1985 0.1763 0.2411 0.3193 0.3643 0.3922 0.4094 0.4187 0.4123 0.3905
0.3820 0.4071 0.4199 0.4128 0.3978 0.3734 0.3339 0.2661 0.1828 0.1911 0.2365 0.2983 0.3689 0.4142 0.4193 0.4104 0.3937 0.3668 0.3232 0.2470 0.1779 0.1991 0.2478 0.3126 0.3820 0.4175 0.4182 0.4076 0.3893 0.3599 0.3126 0.2311 0.1762 0.2027 0.2497 0.3099 0.3739 0.4136 0.4198 0.4137 0.4023 0.3859 0.3623 0.3291 0.2828 0.2149 0.1715 0.1870 0.2155 0.2491 0.2677 0.2491 0.2155 0.1870 0.1715 0.2149 0.2828 0.3291 0.3623 0.3859 0.4023 0.4137 0.4198 0.4136 0.3739 0.3099 0.2497 0.2027 0.1762 0.2311 0.3126 0.3599 0.3893 0.4076 0.4182 0.4175 0.3820 0.3126 0.2478 0.1991 0.1779 0.2470 0.3232 0.3668 0.3937 0.4104 0.4193 0.4142 0.3689 0.2983 0.2365 0.1911 0.1828 0.2661 0.3339 0.3734 0.3978 0.4128 0.4199 0.4071 0.3819
0.3682 0.3914 0.4196 0.4166 0.4044 0.3840 0.3510 0.2968 0.2049 0.1799 0.2187 0.2748 0.3445 0.4042 0.4202 0.4147 0.4009 0.3785 0.3421 0.2806 0.1900 0.1859 0.2288 0.2883 0.3590 0.4109 0.4200 0.4125 0.3973 0.3729 0.3338 0.2683 0.1836 0.1875 0.2277 0.2808 0.3434 0.3981 0.4191 0.4183 0.4104 0.3982 0.3809 0.3566 0.3230 0.2762 0.2061 0.1713 0.1892 0.2155 0.2316 0.2155 0.1892 0.1713 0.2061 0.2762 0.3230 0.3566 0.3809 0.3982 0.4104 0.4183 0.4191 0.3981 0.3434 0.2808 0.2277 0.1875 0.1836 0.2683 0.3338 0.3729 0.3973 0.4125 0.4200 0.4109 0.3590 0.2883 0.2288 0.1859 0.1900 0.2806 0.3421 0.3785 0.4009 0.4147 0.4202 0.4042 0.3445 0.2748 0.2187 0.1799 0.2049 0.2968 0.3510 0.3840 0.4044 0.4166 0.4196 0.3914 0.3682
0.3551 0.3696 0.4158 0.4190 0.4095 0.3923 0.3645 0.3195 0.2396 0.1772 0.2026 0.2527 0.3186 0.3869 0.4185 0.4178 0.4066 0.3877 0.3570 0.3070 0.2189 0.1776 0.2115 0.2651 0.3334 0.3975 0.4198 0.4162 0.4037 0.3833 0.3507 0.2990 0.2118 0.1762 0.2074 0.2530 0.3098 0.3701 0.4107 0.4201 0.4162 0.4073 0.3943 0.3764 0.3516 0.3178 0.2711 0.2031 0.1713 0.1870 0.1990 0.1870 0.1713 0.2031 0.2711 0.3178 0.3516 0.3764 0.3943 0.4073 0.4162 0.4201 0.4107 0.3701 0.3098 0.2530 0.2074 0.1762 0.2118 0.2990 0.3507 0.3833 0.4037 0.4162 0.4198 0.3975 0.3334 0.2651 0.2115 0.1776 0.2189 0.3070 0.3570 0.3877 0.4066 0.4178 0.4185 0.3869 0.3186 0.2527 0.2026 0.1772 0.2396 0.3195 0.3645 0.3923 0.4095 0.4190 0.4158 0.3696 0.3551
0.3426 0.3451 0.4071 0.4201 0.4138 0.3994 0.3759 0.3380 0.2730 0.1854 0.1888 0.2331 0.2939 0.3647 0.4129 0.4197 0.4114 0.3954 0.3695 0.3276 0.2541 0.1789 0.1966 0.2442 0.3081 0.3779 0.4166 0.4188 0.4091 0.3921 0.3651 0.3229 0.2526 0.1778 0.1898 0.2280 0.2775 0.3354 0.3894 0.4165 0.4197 0.4143 0.4048 0.3916 0.3736 0.3490 0.3160 0.2711 0.2061 0.1715 0.1744 0.1715 0.2061 0.2711 0.3160 0.3490 0.3736 0.3916 0.4048 0.4143 0.4197 0.4165 0.3894 0.3354 0.2775 0.2280 0.1898 0.1778 0.2526 0.3229 0.3651 0.3921 0.4091 0.4188 0.4166 0.3779 0.3081 0.2442 0.1966 0.1789 0.2541 0.3276 0.3695 0.3954 0.4114 0.4197 0.4129 0.3647 0.2939 0.2331 0.1888 0.1854 0.2730 0.3380 0.3759 0.3994 0.4138 0.4201 0.4071 0.3451 0.3426
0.3311 0.3198 0.3918 0.4192 0.4171 0.4053 0.3855 0.3535 0.3011 0.2104 0.1787 0.2156 0.2706 0.3398 0.4015 0.4201 0.4153 0.4020 0.3802 0.3448 0.2857 0.1938 0.1836 0.2255 0.2838 0.3540 0.4085 0.4201 0.4136 0.3995 0.3773 0.3428 0.2891 0.2032 0.1758 0.2058 0.2475 0.2990 0.3554 0.4012 0.4188 0.4190 0.4129 0.4033 0.3902 0.3726 0.3490 0.3178 0.2762 0.2149 0.1782 0.2149 0.2762 0.3178 0.3490 0.3726 0.3902 0.4033 0.4129 0.4190 0.4188 0.4012 0.3554 0.2990 0.2475 0.2058 0.1758 0.2032 0.2891 0.3428 0.3773 0.3995 0.4136 0.4201 0.4085 0.3540 0.2838 0.2255 0.1836 0.1938 0.2857 0.3448 0.3802 0.4020 0.4153 0.4201 0.4015 0.3398 0.2706 0.2156 0.1787 0.2104 0.3011 0.3535 0.3855 0.4053 0.4171 0.4192 0.3918 0.3198 0.3311
