-0.0152 -0.0057 0.0011 0.0042 0.0083 0.0136 0.0211 0.0342 0.0480 0.0473 0.0128 -0.0421 -0.0781 -0.1001 -0.1170 -0.1305 -0.1411 -0.1488 -0.1532 -0.1535 -0.1488 -0.1383 -0.1221 -0.1021 -0.0812 -0.0625 -0.0475 -0.0365 -0.0298 -0.0251 -0.0201 -0.0152 -0.0106 -0.0066 -0.0033 -0.0003 0.0028 0.0067 0.0115 0.0181 0.0285 0.0461 0.0490 0.0301 -0.0209 -0.0682 -0.0926 -0.1111 -0.1259 -0.1382 -0.1447 -0.1382 -0.1259 -0.1111 -0.0926 -0.0682 -0.0209 0.0301 0.0490 0.0461 0.0285 0.0181 0.0115 0.0067 0.0028 -0.0003 -0.0033 -0.0066 -0.0106 -0.0152 -0.0201 -0.0251 -0.0298 -0.0365 -0.0475 -0.0625 -0.0812 -0.1021 -0.1221 -0.1383 -0.1488 -0.1535 -0.1532 -0.1488 -0.1411 -0.1305 -0.1170 -0.1001 -0.0781 -0.0421 0.0128 0.0473 0.0480 0.0342 0.0211 0.0136 0.0083 0.0042 0.0011 -0.0057 -0.0152
-0.0057 0.0308 0.0357 0.0458 0.0602 0.0947 0.1031 0.0558 -0.0659 -0.1741 -0.2805 -0.3234 -0.3315 -0.3375 -0.3409 -0.3405 -0.3348 -0.3219 -0.2989 -0.2625 -0.2101 -0.1467 -0.0893 -0.0511 -0.0291 -0.0170 -0.0097 -0.0045 -0.0000 0.0044 0.0092 0.0143 0.0194 0.0242 0.0288 0.0345 0.0440 0.0581 0.0903 0.1012 0.0875 -0.0199 -0.1426 -0.2352 -0.3200 -0.3287 -0.3355 -0.3400 -0.3411 -0.3374 -0.3332 -0.3374 -0.3411 -0.3400 -0.3355 -0.3287 -0.3200 -0.2352 -0.1426 -0.0199 0.0875 0.1012 0.0903 0.0581 0.0440 0.0345 0.0288 0.0242 0.0194 0.0143 0.0092 0.0044 -0.0000 -0.0045 -0.0097 -0.0170 -0.0291 -0.0511 -0.0893 -0.1467 -0.2101 -0.2625 -0.2989 -0.3219 -0.3348 -0.3405 -0.3409 -0.3375 -0.3315 -0.3234 -0.2805 -0.1741 -0.0659 0.0558 0.1031 0.0947 0.0602 0.0458 0.0357 0.0308 -0.0057
0.0011 0.0357 0.0532 0.0805 0.1083 -0.0082 -0.1537 -0.2526 -0.3236 -0.3319 -0.3381 -0.3415 -0.3411 -0.3353 -0.3222 -0.2987 -0.2616 -0.2081 -0.1438 -0.0865 -0.0489 -0.0275 -0.0156 -0.0088 -0.0041 -0.0006 0.0025 0.0056 0.0092 0.0138 0.0191 0.0253 0.0327 0.0417 0.0545 0.0811 0.0990 0.0981 0.0013 -0.1270 -0.2145 -0.3206 -0.3292 -0.3362 -0.3406 -0.3418 -0.3382 -0.3281 -0.3084 -0.2763 -0.2515 -0.2763 -0.3084 -0.3281 -0.3382 -0.3418 -0.3406 -0.3362 -0.3292 -0.3206 -0.2145 -0.1270 0.0013 0.0981 0.0990 0.0811 0.0545 0.0417 0.0327 0.0253 0.0191 0.0138 0.0092 0.0056 0.0025 -0.0006 -0.0041 -0.0088 -0.0156 -0.0275 -0.0489 -0.0865 -0.1438 -0.2081 -0.2616 -0.2987 -0.3222 -0.3353 -0.3411 -0.3415 -0.3381 -0.3319 -0.3236 -0.2526 -0.1537 -0.0082 0.1083 0.0805 0.0532 0.0357 0.0011
0.0042 0.0458 0.0805 0.0717 -0.1302 -0.3152 -0.3272 -0.3359 -0.3410 -0.3418 -0.3372 -0.3254 -0.3039 -0.2692 -0.2183 -0.1548 -0.0950 -0.0539 -0.0303 -0.0172 -0.0098 -0.0048 -0.0011 0.0020 0.0051 0.0085 0.0129 0.0181 0.0242 0.0313 0.0400 0.0518 0.0744 0.0974 0.1002 0.0217 -0.1035 -0.1980 -0.3182 -0.3279 -0.3351 -0.3401 -0.3419 -0.3392 -0.3304 -0.3129 -0.2836 -0.2390 -0.1780 -0.1142 -0.0844 -0.1142 -0.1780 -0.2390 -0.2836 -0.3129 -0.3304 -0.3392 -0.3419 -0.3401 -0.3351 -0.3279 -0.3182 -0.1980 -0.1035 0.0217 0.1002 0.0974 0.0744 0.0518 0.0400 0.0313 0.0242 0.0181 0.0129 0.0085 0.0051 0.0020 -0.0011 -0.0048 -0.0098 -0.0172 -0.0303 -0.0539 -0.0950 -0.1548 -0.2183 -0.2692 -0.3039 -0.3254 -0.3372 -0.3418 -0.3410 -0.3359 -0.3272 -0.3152 -0.1302 0.0717 0.0805 0.0458 0.0042
0.0083 0.0602 0.1083 -0.1302 -0.3196 -0.3337 -0.3414 -0.3418 -0.3336 -0.3146 -0.2819 -0.2327 -0.1688 -0.1050 -0.0598 -0.0335 -0.0189 -0.0109 -0.0056 -0.0017 0.0015 0.0046 0.0079 0.0121 0.0172 0.0231 0.0300 0.0383 0.0494 0.0689 0.0956 0.1012 0.0410 -0.0811 -0.1825 -0.2925 -0.3264 -0.3340 -0.3394 -0.3418 -0.3400 -0.3324 -0.3167 -0.2896 -0.2478 -0.1901 -0.1257 -0.0736 -0.0410 -0.0231 -0.0167 -0.0231 -0.0410 -0.0736 -0.1257 -0.1901 -0.2478 -0.2896 -0.3167 -0.3324 -0.3400 -0.3418 -0.3394 -0.3340 -0.3264 -0.2925 -0.1825 -0.0811 0.0410 0.1012 0.0956 0.0689 0.0494 0.0383 0.0300 0.0231 0.0172 0.0121 0.0079 0.0046 0.0015 -0.0017 -0.0056 -0.0109 -0.0189 -0.0335 -0.0598 -0.1050 -0.1688 -0.2327 -0.2819 -0.3146 -0.3336 -0.3418 -0.3414 -0.3337 -0.3196 -0.1302 0.1083 0.0602 0.0083
0.0136 0.0947 -0.0082 -0.3152 -0.3337 -0.3425 -0.3388 -0.3189 -0.2778 -0.2126 -0.1349 -0.0738 -0.0393 -0.0214 -0.0121 -0.0064 -0.0023 0.0010 0.0040 0.0073 0.0113 0.0163 0.0220 0.0288 0.0368 0.0472 0.0643 0.0937 0.1015 0.0589 -0.0594 -0.1676 -0.2694 -0.3250 -0.3329 -0.3387 -0.3417 -0.3407 -0.3342 -0.3200 -0.2952 -0.2561 -0.2009 -0.1363 -0.0811 -0.0457 -0.0257 -0.0146 -0.0082 -0.0034 -0.0007 -0.0034 -0.0082 -0.0146 -0.0257 -0.0457 -0.0811 -0.1363 -0.2009 -0.2561 -0.2952 -0.3200 -0.3342 -0.3407 -0.3417 -0.3387 -0.3329 -0.3250 -0.2694 -0.1676 -0.0594 0.0589 0.1015 0.0937 0.0643 0.0472 0.0368 0.0288 0.0220 0.0163 0.0113 0.0073 0.0040 0.0010 -0.0023 -0.0064 -0.0121 -0.0214 -0.0393 -0.0738 -0.1349 -0.2126 -0.2778 -0.3189 -0.3388 -0.3425 -0.3337 -0.3152 -0.0082 0.0947 0.0136
0.0211 0.1031 -0.1537 -0.3272 -0.3414 -0.3388 -0.3114 -0.2490 -0.1534 -0.0727 -0.0334 -0.0161 -0.0082 -0.0034 0.0002 0.0034 0.0066 0.0105 0.0154 0.0210 0.0275 0.0353 0.0451 0.0604 0.0916 0.1010 0.0747 -0.0379 -0.1533 -0.2486 -0.3235 -0.3316 -0.3379 -0.3414 -0.3412 -0.3358 -0.3231 -0.3004 -0.2640 -0.2114 -0.1472 -0.0891 -0.0504 -0.0283 -0.0161 -0.0091 -0.0043 -0.0007 0.0024 0.0057 0.0083 0.0057 0.0024 -0.0007 -0.0043 -0.0091 -0.0161 -0.0283 -0.0504 -0.0891 -0.1472 -0.2114 -0.2640 -0.3004 -0.3231 -0.3358 -0.3412 -0.3414 -0.3379 -0.3316 -0.3235 -0.2486 -0.1533 -0.0379 0.0747 0.1010 0.0916 0.0604 0.0451 0.0353 0.0275 0.0210 0.0154 0.0105 0.0066 0.0034 0.0002 -0.0034 -0.0082 -0.0161 -0.0334 -0.0727 -0.1534 -0.2490 -0.3114 -0.3388 -0.3414 -0.3272 -0.1537 0.1031 0.0211
0.0342 0.0558 -0.2526 -0.3359 -0.3418 -0.3189 -0.2490 -0.1332 -0.0511 -0.0197 -0.0080 -0.0025 0.0015 0.0051 0.0091 0.0140 0.0196 0.0261 0.0337 0.0430 0.0568 0.0877 0.1001 0.0884 -0.0167 -0.1392 -0.2296 -0.3219 -0.3304 -0.3370 -0.3410 -0.3416 -0.3372 -0.3259 -0.3051 -0.2713 -0.2215 -0.1584 -0.0978 -0.0557 -0.0313 -0.0177 -0.0101 -0.0050 -0.0013 0.0019 0.0049 0.0083 0.0127 0.0182 0.0228 0.0182 0.0127 0.0083 0.0049 0.0019 -0.0013 -0.0050 -0.0101 -0.0177 -0.0313 -0.0557 -0.0978 -0.1584 -0.2215 -0.2713 -0.3051 -0.3259 -0.3372 -0.3416 -0.3410 -0.3370 -0.3304 -0.3219 -0.2296 -0.1392 -0.0167 0.0884 0.1001 0.0877 0.0568 0.0430 0.0337 0.0261 0.0196 0.0140 0.0091 0.0051 0.0015 -0.0025 -0.0080 -0.0197 -0.0511 -0.1332 -0.2490 -0.3189 -0.3418 -0.3359 -0.2526 0.0558 0.0342
0.0480 -0.0659 -0.3236 -0.3410 -0.3336 -0.2778 -0.1534 -0.0511 -0.0164 -0.0053 0.0003 0.0046 0.0097 0.0158 0.0227 0.0305 0.0396 0.0518 0.0750 0.0988 0.0995 0.0057 -0.1229 -0.2121 -0.3203 -0.3291 -0.3360 -0.3406 -0.3418 -0.3383 -0.3284 -0.3095 -0.2781 -0.2311 -0.1696 -0.1071 -0.0614 -0.0345 -0.0195 -0.0112 -0.0058 -0.0019 0.0013 0.0044 0.0077 0.0119 0.0169 0.0228 0.0296 0.0383 0.0461 0.0383 0.0296 0.0228 0.0169 0.0119 0.0077 0.0044 0.0013 -0.0019 -0.0058 -0.0112 -0.0195 -0.0345 -0.0614 -0.1071 -0.1696 -0.2311 -0.2781 -0.3095 -0.3284 -0.3383 -0.3418 -0.3406 -0.3360 -0.3291 -0.3203 -0.2121 -0.1229 0.0057 0.0995 0.0988 0.0750 0.0518 0.0396 0.0305 0.0227 0.0158 0.0097 0.0046 0.0003 -0.0053 -0.0164 -0.0511 -0.1534 -0.2778 -0.3336 -0.3410 -0.3236 -0.0659 0.0480
0.0473 -0.1741 -0.3319 -0.3418 -0.3146 -0.2126 -0.0727 -0.0197 -0.0053 0.0011 0.0064 0.0133 0.0215 0.0310 0.0420 0.0568 0.0917 0.1047 0.0434 -0.0869 -0.1932 -0.3126 -0.3276 -0.3349 -0.3400 -0.3419 -0.3393 -0.3306 -0.3135 -0.2845 -0.2403 -0.1807 -0.1169 -0.0677 -0.0381 -0.0215 -0.0123 -0.0066 -0.0025 0.0008 0.0039 0.0071 0.0111 0.0160 0.0217 0.0284 0.0363 0.0465 0.0631 0.0922 0.0958 0.0922 0.0631 0.0465 0.0363 0.0284 0.0217 0.0160 0.0111 0.0071 0.0039 0.0008 -0.0025 -0.0066 -0.0123 -0.0215 -0.0381 -0.0677 -0.1169 -0.1807 -0.2403 -0.2845 -0.3135 -0.3306 -0.3393 -0.3419 -0.3400 -0.3349 -0.3276 -0.3126 -0.1932 -0.0869 0.0434 0.1047 0.0917 0.0568 0.0420 0.0310 0.0215 0.0133 0.0064 0.0011 -0.0053 -0.0197 -0.0727 -0.2126 -0.3146 -0.3418 -0.3319 -0.1741 0.0473
0.0128 -0.2805 -0.3381 -0.3372 -0.2819 -0.1348 -0.0334 -0.0080 0.0003 0.0064 0.0146 0.0247 0.0367 0.0517 0.0800 0.1139 0.0081 -0.1519 -0.2657 -0.3245 -0.3331 -0.3391 -0.3418 -0.3403 -0.3328 -0.3173 -0.2905 -0.2490 -0.1916 -0.1272 -0.0746 -0.0420 -0.0236 -0.0135 -0.0074 -0.0031 0.0003 0.0033 0.0065 0.0103 0.0151 0.0207 0.0271 0.0348 0.0445 0.0593 0.0909 0.1009 0.0789 -0.0322 -0.1214 -0.0322 0.0789 0.1009 0.0909 0.0593 0.0445 0.0348 0.0271 0.0207 0.0151 0.0103 0.0065 0.0033 0.0003 -0.0031 -0.0074 -0.0135 -0.0236 -0.0420 -0.0746 -0.1272 -0.1916 -0.2490 -0.2905 -0.3173 -0.3328 -0.3403 -0.3418 -0.3391 -0.3331 -0.3245 -0.2657 -0.1519 0.0081 0.1139 0.0800 0.0517 0.0367 0.0247 0.0146 0.0064 0.0003 -0.0080 -0.0334 -0.1349 -0.2819 -0.3372 -0.3381 -0.2805 0.0128
-0.0421 -0.3234 -0.3415 -0.3255 -0.2326 -0.0738 -0.0162 -0.0025 0.0046 0.0133 0.0247 0.0388 0.0575 0.1085 0.0568 -0.1281 -0.3061 -0.3268 -0.3359 -0.3412 -0.3417 -0.3362 -0.3225 -0.2979 -0.2589 -0.2036 -0.1383 -0.0824 -0.0464 -0.0261 -0.0148 -0.0083 -0.0038 -0.0003 0.0028 0.0059 0.0096 0.0142 0.0196 0.0260 0.0334 0.0426 0.0561 0.0854 0.0997 0.0922 -0.0101 -0.1348 -0.2245 -0.3215 -0.3265 -0.3215 -0.2245 -0.1348 -0.0101 0.0922 0.0997 0.0854 0.0561 0.0426 0.0334 0.0260 0.0196 0.0142 0.0096 0.0059 0.0028 -0.0003 -0.0038 -0.0083 -0.0148 -0.0261 -0.0464 -0.0824 -0.1383 -0.2036 -0.2589 -0.2979 -0.3225 -0.3362 -0.3417 -0.3412 -0.3359 -0.3268 -0.3061 -0.1281 0.0568 0.1085 0.0575 0.0388 0.0247 0.0133 0.0046 -0.0025 -0.0161 -0.0738 -0.2327 -0.3254 -0.3415 -0.3234 -0.0421
-0.0781 -0.3315 -0.3411 -0.3039 -0.1688 -0.0394 -0.0082 0.0015 0.0097 0.0215 0.0367 0.0575 0.1239 0.0077 -0.2407 -0.3227 -0.3346 -0.3414 -0.3416 -0.3330 -0.3130 -0.2779 -0.2246 -0.1570 -0.0941 -0.0524 -0.0291 -0.0164 -0.0093 -0.0044 -0.0008 0.0023 0.0054 0.0089 0.0134 0.0187 0.0248 0.0320 0.0409 0.0532 0.0779 0.0983 0.0992 0.0107 -0.1161 -0.2068 -0.3198 -0.3286 -0.3358 -0.3405 -0.3419 -0.3405 -0.3358 -0.3286 -0.3198 -0.2068 -0.1161 0.0107 0.0992 0.0983 0.0779 0.0532 0.0409 0.0320 0.0248 0.0187 0.0134 0.0089 0.0054 0.0023 -0.0008 -0.0044 -0.0093 -0.0164 -0.0291 -0.0524 -0.0941 -0.1570 -0.2246 -0.2779 -0.3130 -0.3330 -0.3416 -0.3414 -0.3346 -0.3227 -0.2407 0.0077 0.1239 0.0575 0.0367 0.0215 0.0097 0.0015 -0.0082 -0.0393 -0.1688 -0.3039 -0.3411 -0.3315 -0.0781
-0.1001 -0.3375 -0.3353 -0.2692 -0.1052 -0.0215 -0.0034 0.0051 0.0158 0.0310 0.0517 0.1085 0.0077 -0.2939 -0.3264 -0.3383 -0.3426 -0.3363 -0.3150 -0.2730 -0.2070 -0.1287 -0.0689 -0.0360 -0.0193 -0.0107 -0.0053 -0.0015 0.0017 0.0049 0.0082 0.0125 0.0177 0.0237 0.0307 0.0392 0.0507 0.0717 0.0966 0.1008 0.0307 -0.0932 -0.1908 -0.3061 -0.3272 -0.3346 -0.3398 -0.3419 -0.3395 -0.3313 -0.3236 -0.3313 -0.3395 -0.3419 -0.3398 -0.3346 -0.3272 -0.3061 -0.1908 -0.0932 0.0307 0.1008 0.0966 0.0717 0.0507 0.0392 0.0307 0.0237 0.0177 0.0125 0.0082 0.0049 0.0017 -0.0015 -0.0053 -0.0107 -0.0193 -0.0360 -0.0689 -0.1287 -0.2070 -0.2730 -0.3150 -0.3363 -0.3426 -0.3383 -0.3264 -0.2939 0.0077 0.1085 0.0517 0.0310 0.0158 0.0051 -0.0034 -0.0214 -0.1050 -0.2692 -0.3353 -0.3375 -0.1001
-0.1170 -0.3409 -0.3222 -0.2183 -0.0599 -0.0121 0.0002 0.0091 0.0227 0.0420 0.0800 0.0568 -0.2407 -0.3264 -0.3393 -0.3423 -0.3301 -0.2949 -0.2278 -0.1366 -0.0657 -0.0308 -0.0150 -0.0075 -0.0028 0.0008 0.0040 0.0074 0.0116 0.0167 0.0225 0.0294 0.0376 0.0483 0.0667 0.0948 0.1014 0.0494 -0.0711 -0.1756 -0.2816 -0.3258 -0.3335 -0.3391 -0.3418 -0.3404 -0.3333 -0.3182 -0.2917 -0.2512 -0.2217 -0.2512 -0.2917 -0.3182 -0.3333 -0.3404 -0.3418 -0.3391 -0.3335 -0.3258 -0.2816 -0.1756 -0.0711 0.0494 0.1014 0.0948 0.0667 0.0483 0.0376 0.0294 0.0225 0.0167 0.0116 0.0074 0.0040 0.0008 -0.0028 -0.0075 -0.0150 -0.0308 -0.0657 -0.1364 -0.2278 -0.2949 -0.3301 -0.3423 -0.3393 -0.3264 -0.2407 0.0568 0.0800 0.0420 0.0227 0.0091 0.0002 -0.0121 -0.0598 -0.2183 -0.3222 -0.3409 -0.1170
-0.1305 -0.3405 -0.2987 -0.1548 -0.0335 -0.0064 0.0034 0.0140 0.0305 0.0568 0.1139 -0.1281 -0.3227 -0.3383 -0.3423 -0.3274 -0.2820 -0.1943 -0.0940 -0.0386 -0.0163 -0.0071 -0.0019 0.0020 0.0056 0.0098 0.0149 0.0208 0.0276 0.0356 0.0458 0.0618 0.0927 0.1015 0.0666 -0.0495 -0.1610 -0.2596 -0.3243 -0.3323 -0.3383 -0.3416 -0.3410 -0.3350 -0.3215 -0.2976 -0.2598 -0.2057 -0.1403 -0.0840 -0.0610 -0.0840 -0.1403 -0.2057 -0.2598 -0.2976 -0.3215 -0.3350 -0.3410 -0.3416 -0.3383 -0.3323 -0.3243 -0.2596 -0.1610 -0.0495 0.0666 0.1015 0.0927 0.0618 0.0458 0.0356 0.0276 0.0208 0.0149 0.0098 0.0056 0.0020 -0.0019 -0.0071 -0.0163 -0.0386 -0.0939 -0.1943 -0.2820 -0.3274 -0.3423 -0.3383 -0.3227 -0.1281 0.1139 0.0568 0.0305 0.0140 0.0034 -0.0064 -0.0335 -0.1548 -0.2987 -0.3405 -0.1305
-0.1411 -0.3348 -0.2616 -0.0950 -0.0189 -0.0023 0.0066 0.0196 0.0396 0.0917 0.0081 -0.3062 -0.3346 -0.3426 -0.3301 -0.2820 -0.1824 -0.0767 -0.0280 -0.0104 -0.0034 0.0014 0.0055 0.0106 0.0168 0.0238 0.0319 0.0415 0.0549 0.0837 0.1009 0.0850 -0.0249 -0.1464 -0.2396 -0.3228 -0.3311 -0.3375 -0.3413 -0.3414 -0.3365 -0.3244 -0.3026 -0.2674 -0.2160 -0.1523 -0.0930 -0.0528 -0.0294 -0.0167 -0.0121 -0.0167 -0.0294 -0.0528 -0.0930 -0.1523 -0.2160 -0.2674 -0.3026 -0.3244 -0.3365 -0.3414 -0.3413 -0.3375 -0.3311 -0.3228 -0.2396 -0.1464 -0.0249 0.0850 0.1009 0.0837 0.0549 0.0415 0.0319 0.0238 0.0168 0.0106 0.0055 0.0014 -0.0034 -0.0104 -0.0280 -0.0767 -0.1824 -0.2820 -0.3301 -0.3426 -0.3346 -0.3061 0.0081 0.0917 0.0396 0.0196 0.0066 -0.0023 -0.0189 -0.0950 -0.2616 -0.3348 -0.1411
-0.1488 -0.3219 -0.2081 -0.0539 -0.0109 0.0010 0.0105 0.0261 0.0518 0.1047 -0.1519 -0.3268 -0.3414 -0.3363 -0.2949 -0.1943 -0.0767 -0.0252 -0.0083 -0.0015 0.0033 0.0087 0.0155 0.0236 0.0330 0.0443 0.0609 0.0969 0.1051 0.0189 -0.1170 -0.2166 -0.3207 -0.3295 -0.3365 -0.3408 -0.3417 -0.3378 -0.3271 -0.3072 -0.2745 -0.2259 -0.1635 -0.1019 -0.0582 -0.0327 -0.0185 -0.0106 -0.0054 -0.0014 0.0011 -0.0014 -0.0054 -0.0106 -0.0185 -0.0327 -0.0582 -0.1019 -0.1635 -0.2259 -0.2745 -0.3072 -0.3271 -0.3378 -0.3417 -0.3408 -0.3365 -0.3295 -0.3207 -0.2166 -0.1170 0.0189 0.1051 0.0969 0.0609 0.0443 0.0330 0.0236 0.0155 0.0087 0.0033 -0.0015 -0.0083 -0.0252 -0.0767 -0.1943 -0.2949 -0.3363 -0.3414 -0.3268 -0.1519 0.1047 0.0518 0.0261 0.0105 0.0010 -0.0109 -0.0539 -0.2081 -0.3219 -0.1488
-0.1532 -0.2989 -0.1438 -0.0303 -0.0056 0.0040 0.0154 0.0337 0.0750 0.0434 -0.2657 -0.3359 -0.3416 -0.3150 -0.2279 -0.0939 -0.0280 -0.0083 -0.0009 0.0043 0.0109 0.0192 0.0292 0.0413 0.0577 0.0997 0.1026 -0.0232 -0.1744 -0.2948 -0.3265 -0.3346 -0.3400 -0.3419 -0.3391 -0.3298 -0.3117 -0.2814 -0.2354 -0.1747 -0.1114 -0.0642 -0.0361 -0.0204 -0.0117 -0.0062 -0.0022 0.0011 0.0042 0.0076 0.0108 0.0076 0.0042 0.0011 -0.0022 -0.0062 -0.0117 -0.0204 -0.0361 -0.0642 -0.1114 -0.1747 -0.2354 -0.2814 -0.3117 -0.3298 -0.3391 -0.3419 -0.3400 -0.3346 -0.3265 -0.2948 -0.1744 -0.0232 0.1026 0.0997 0.0577 0.0413 0.0292 0.0192 0.0109 0.0043 -0.0009 -0.0083 -0.0280 -0.0939 -0.2278 -0.3150 -0.3416 -0.3359 -0.2657 0.0434 0.0750 0.0337 0.0154 0.0040 -0.0056 -0.0303 -0.1438 -0.2989 -0.1532
-0.1535 -0.2625 -0.0865 -0.0172 -0.0017 0.0073 0.0210 0.0430 0.0988 -0.0869 -0.3246 -0.3412 -0.3331 -0.2732 -0.1366 -0.0387 -0.0104 -0.0015 0.0043 0.0117 0.0212 0.0329 0.0475 0.0722 0.1208 0.0001 -0.1906 -0.3180 -0.3292 -0.3373 -0.3417 -0.3411 -0.3339 -0.3180 -0.2901 -0.2469 -0.1876 -0.1224 -0.0710 -0.0398 -0.0224 -0.0129 -0.0070 -0.0028 0.0006 0.0036 0.0068 0.0107 0.0156 0.0216 0.0266 0.0216 0.0156 0.0107 0.0068 0.0036 0.0006 -0.0028 -0.0070 -0.0129 -0.0224 -0.0398 -0.0710 -0.1224 -0.1876 -0.2469 -0.2901 -0.3180 -0.3339 -0.3411 -0.3417 -0.3373 -0.3292 -0.3180 -0.1906 0.0001 0.1208 0.0722 0.0475 0.0329 0.0212 0.0117 0.0043 -0.0015 -0.0104 -0.0386 -0.1364 -0.2730 -0.3330 -0.3412 -0.3245 -0.0869 0.0988 0.0430 0.0210 0.0073 -0.0017 -0.0172 -0.0865 -0.2625 -0.1535
-0.1488 -0.2101 -0.0489 -0.0098 0.0015 0.0113 0.0275 0.0568 0.0995 -0.1932 -0.3331 -0.3417 -0.3131 -0.2073 -0.0658 -0.0163 -0.0034 0.0033 0.0109 0.0212 0.0341 0.0510 0.0857 0.0884 -0.0967 -0.3139 -0.3274 -0.3373 -0.3421 -0.3403 -0.3295 -0.3066 -0.2678 -0.2103 -0.1412 -0.0822 -0.0454 -0.0251 -0.0142 -0.0079 -0.0034 0.0000 0.0031 0.0062 0.0100 0.0147 0.0202 0.0266 0.0342 0.0441 0.0536 0.0441 0.0342 0.0266 0.0202 0.0147 0.0100 0.0062 0.0031 0.0000 -0.0034 -0.0079 -0.0142 -0.0251 -0.0454 -0.0822 -0.1412 -0.2103 -0.2678 -0.3066 -0.3295 -0.3403 -0.3421 -0.3373 -0.3274 -0.3139 -0.0967 0.0884 0.0857 0.0510 0.0341 0.0212 0.0109 0.0033 -0.0034 -0.0163 -0.0657 -0.2070 -0.3130 -0.3417 -0.3331 -0.1932 0.0995 0.0568 0.0275 0.0113 0.0015 -0.0098 -0.0489 -0.2101 -0.1488
-0.1383 -0.1467 -0.0275 -0.0048 0.0046 0.0163 0.0353 0.0877 0.0057 -0.3126 -0.3391 -0.3362 -0.2781 -0.1290 -0.0309 -0.0071 0.0014 0.0087 0.0192 0.0329 0.0510 0.0917 0.0618 -0.1619 -0.3197 -0.3332 -0.3412 -0.3415 -0.3309 -0.3048 -0.2576 -0.1878 -0.1122 -0.0594 -0.0312 -0.0168 -0.0092 -0.0043 -0.0006 0.0025 0.0057 0.0092 0.0138 0.0192 0.0254 0.0328 0.0418 0.0547 0.0819 0.0966 0.0901 0.0966 0.0819 0.0547 0.0418 0.0328 0.0254 0.0192 0.0138 0.0092 0.0057 0.0025 -0.0006 -0.0043 -0.0092 -0.0168 -0.0312 -0.0594 -0.1122 -0.1878 -0.2576 -0.3048 -0.3309 -0.3415 -0.3412 -0.3332 -0.3197 -0.1619 0.0618 0.0917 0.0510 0.0329 0.0192 0.0087 0.0014 -0.0071 -0.0308 -0.1287 -0.2779 -0.3362 -0.3391 -0.3126 0.0057 0.0877 0.0353 0.0163 0.0046 -0.0048 -0.0275 -0.1467 -0.1383
-0.1221 -0.0893 -0.0156 -0.0011 0.0079 0.0220 0.0451 0.1001 -0.1229 -0.3275 -0.3418 -0.3225 -0.2247 -0.0690 -0.0150 -0.0019 0.0055 0.0155 0.0292 0.0475 0.0857 0.0618 -0.1870 -0.3225 -0.3361 -0.3425 -0.3380 -0.3169 -0.2714 -0.1958 -0.1095 -0.0528 -0.0255 -0.0128 -0.0063 -0.0019 0.0016 0.0048 0.0083 0.0128 0.0181 0.0242 0.0314 0.0401 0.0520 0.0749 0.0976 0.1002 0.0195 -0.1065 -0.1698 -0.1065 0.0195 0.1002 0.0976 0.0749 0.0520 0.0401 0.0314 0.0242 0.0181 0.0128 0.0083 0.0048 0.0016 -0.0019 -0.0063 -0.0128 -0.0255 -0.0528 -0.1095 -0.1958 -0.2714 -0.3169 -0.3380 -0.3425 -0.3361 -0.3225 -0.1870 0.0618 0.0857 0.0475 0.0292 0.0155 0.0055 -0.0019 -0.0150 -0.0689 -0.2246 -0.3225 -0.3418 -0.3276 -0.1229 0.1001 0.0451 0.0220 0.0079 -0.0011 -0.0156 -0.0893 -0.1221
-0.1021 -0.0511 -0.0088 0.0020 0.0121 0.0288 0.0604 0.0884 -0.2121 -0.3349 -0.3403 -0.2980 -0.1571 -0.0361 -0.0075 0.0020 0.0106 0.0236 0.0413 0.0722 0.0884 -0.1619 -0.3225 -0.3370 -0.3426 -0.3343 -0.3034 -0.2385 -0.1419 -0.0640 -0.0277 -0.0124 -0.0053 -0.0008 0.0029 0.0065 0.0109 0.0163 0.0224 0.0295 0.0379 0.0490 0.0683 0.0957 0.1015 0.0397 -0.0830 -0.1838 -0.2954 -0.3267 -0.3311 -0.3267 -0.2954 -0.1838 -0.0830 0.0397 0.1015 0.0957 0.0683 0.0490 0.0379 0.0295 0.0224 0.0163 0.0109 0.0065 0.0029 -0.0008 -0.0053 -0.0124 -0.0277 -0.0640 -0.1419 -0.2385 -0.3034 -0.3343 -0.3426 -0.3370 -0.3225 -0.1619 0.0884 0.0722 0.0413 0.0236 0.0106 0.0020 -0.0075 -0.0360 -0.1570 -0.2979 -0.3403 -0.3349 -0.2121 0.0884 0.0604 0.0288 0.0121 0.0020 -0.0088 -0.0511 -0.1021
-0.0812 -0.0291 -0.0041 0.0051 0.0172 0.0368 0.0916 -0.0167 -0.3203 -0.3400 -0.3329 -0.2590 -0.0943 -0.0194 -0.0028 0.0056 0.0168 0.0330 0.0577 0.1208 -0.0967 -0.3197 -0.3361 -0.3426 -0.3328 -0.2952 -0.2152 -0.1085 -0.0430 -0.0170 -0.0068 -0.0013 0.0028 0.0070 0.0123 0.0186 0.0258 0.0341 0.0444 0.0598 0.0928 0.1022 0.0625 -0.0573 -0.1684 -0.2712 -0.3251 -0.3330 -0.3388 -0.3418 -0.3420 -0.3418 -0.3388 -0.3330 -0.3251 -0.2712 -0.1684 -0.0573 0.0625 0.1022 0.0928 0.0598 0.0444 0.0341 0.0258 0.0186 0.0123 0.0070 0.0028 -0.0013 -0.0068 -0.0170 -0.0430 -0.1085 -0.2152 -0.2952 -0.3328 -0.3426 -0.3361 -0.3197 -0.0967 0.1208 0.0577 0.0330 0.0168 0.0056 -0.0028 -0.0193 -0.0941 -0.2589 -0.3328 -0.3400 -0.3203 -0.0167 0.0916 0.0368 0.0172 0.0051 -0.0041 -0.0291 -0.0812
-0.0625 -0.0170 -0.0006 0.0085 0.0231 0.0472 0.1010 -0.1392 -0.3290 -0.3419 -0.3173 -0.2036 -0.0525 -0.0107 0.0008 0.0098 0.0238 0.0443 0.0997 0.0001 -0.3139 -0.3332 -0.3425 -0.3343 -0.2952 -0.2069 -0.0939 -0.0339 -0.0122 -0.0040 0.0012 0.0056 0.0114 0.0184 0.0266 0.0362 0.0483 0.0687 0.1003 0.0965 -0.0144 -0.1475 -0.2443 -0.3231 -0.3315 -0.3379 -0.3414 -0.3412 -0.3355 -0.3228 -0.3119 -0.3228 -0.3355 -0.3412 -0.3414 -0.3379 -0.3315 -0.3231 -0.2443 -0.1475 -0.0144 0.0965 0.1003 0.0687 0.0483 0.0362 0.0266 0.0184 0.0114 0.0056 0.0012 -0.0040 -0.0122 -0.0339 -0.0939 -0.2069 -0.2952 -0.3343 -0.3425 -0.3332 -0.3139 0.0001 0.0997 0.0443 0.0238 0.0098 0.0008 -0.0107 -0.0524 -0.2036 -0.3173 -0.3419 -0.3291 -0.1392 0.1010 0.0472 0.0231 0.0085 -0.0006 -0.0170 -0.0625
-0.0475 -0.0097 0.0025 0.0129 0.0300 0.0643 0.0747 -0.2296 -0.3360 -0.3393 -0.2904 -0.1383 -0.0291 -0.0053 0.0040 0.0149 0.0319 0.0609 0.1027 -0.1906 -0.3274 -0.3412 -0.3380 -0.3034 -0.2152 -0.0939 -0.0312 -0.0103 -0.0026 0.0027 0.0080 0.0152 0.0238 0.0342 0.0470 0.0678 0.1051 0.0733 -0.0674 -0.2004 -0.3191 -0.3288 -0.3363 -0.3409 -0.3417 -0.3374 -0.3261 -0.3050 -0.2703 -0.2201 -0.1859 -0.2201 -0.2703 -0.3050 -0.3261 -0.3374 -0.3417 -0.3409 -0.3363 -0.3288 -0.3191 -0.2004 -0.0674 0.0733 0.1051 0.0678 0.0470 0.0342 0.0238 0.0152 0.0080 0.0027 -0.0026 -0.0103 -0.0312 -0.0939 -0.2152 -0.3034 -0.3380 -0.3412 -0.3274 -0.1906 0.1026 0.0609 0.0319 0.0149 0.0040 -0.0053 -0.0291 -0.1383 -0.2905 -0.3393 -0.3360 -0.2296 0.0747 0.0643 0.0300 0.0129 0.0025 -0.0097 -0.0475
-0.0365 -0.0045 0.0056 0.0181 0.0383 0.0937 -0.0379 -0.3219 -0.3406 -0.3306 -0.2490 -0.0823 -0.0164 -0.0015 0.0074 0.0208 0.0415 0.0968 -0.0229 -0.3179 -0.3373 -0.3415 -0.3169 -0.2385 -0.1085 -0.0339 -0.0103 -0.0021 0.0034 0.0097 0.0179 0.0281 0.0406 0.0579 0.1036 0.0867 -0.0683 -0.2302 -0.3218 -0.3319 -0.3390 -0.3420 -0.3399 -0.3307 -0.3121 -0.2805 -0.2328 -0.1705 -0.1061 -0.0607 -0.0438 -0.0607 -0.1061 -0.1705 -0.2328 -0.2805 -0.3121 -0.3307 -0.3399 -0.3420 -0.3390 -0.3319 -0.3218 -0.2302 -0.0683 0.0867 0.1036 0.0579 0.0406 0.0281 0.0179 0.0097 0.0034 -0.0021 -0.0103 -0.0339 -0.1085 -0.2385 -0.3169 -0.3415 -0.3373 -0.3180 -0.0232 0.0969 0.0415 0.0208 0.0074 -0.0015 -0.0164 -0.0824 -0.2490 -0.3306 -0.3406 -0.3219 -0.0379 0.0937 0.0383 0.0181 0.0056 -0.0045 -0.0365
-0.0298 -0.0000 0.0092 0.0242 0.0494 0.1015 -0.1533 -0.3304 -0.3418 -0.3135 -0.1916 -0.0464 -0.0093 0.0017 0.0116 0.0276 0.0549 0.1053 -0.1740 -0.3291 -0.3421 -0.3309 -0.2714 -0.1419 -0.0430 -0.0122 -0.0026 0.0034 0.0102 0.0193 0.0308 0.0453 0.0686 0.1231 -0.0027 -0.2128 -0.3203 -0.3319 -0.3396 -0.3422 -0.3379 -0.3241 -0.2974 -0.2540 -0.1924 -0.1236 -0.0705 -0.0388 -0.0214 -0.0122 -0.0083 -0.0122 -0.0214 -0.0388 -0.0705 -0.1236 -0.1924 -0.2540 -0.2974 -0.3241 -0.3379 -0.3422 -0.3396 -0.3319 -0.3203 -0.2128 -0.0027 0.1231 0.0686 0.0453 0.0308 0.0193 0.0102 0.0034 -0.0026 -0.0122 -0.0430 -0.1419 -0.2714 -0.3309 -0.3421 -0.3292 -0.1744 0.1051 0.0549 0.0276 0.0116 0.0017 -0.0093 -0.0464 -0.1916 -0.3135 -0.3418 -0.3304 -0.1533 0.1015 0.0494 0.0242 0.0092 -0.0000 -0.0298
-0.0251 0.0044 0.0138 0.0313 0.0689 0.0589 -0.2486 -0.3370 -0.3383 -0.2845 -0.1272 -0.0261 -0.0044 0.0049 0.0167 0.0356 0.0837 0.0192 -0.2948 -0.3373 -0.3403 -0.3048 -0.1958 -0.0640 -0.0170 -0.0040 0.0027 0.0097 0.0193 0.0318 0.0479 0.0775 0.1022 -0.0787 -0.3133 -0.3277 -0.3380 -0.3424 -0.3385 -0.3228 -0.2906 -0.2368 -0.1636 -0.0938 -0.0495 -0.0263 -0.0143 -0.0078 -0.0033 0.0004 0.0028 0.0004 -0.0033 -0.0078 -0.0143 -0.0263 -0.0495 -0.0938 -0.1636 -0.2368 -0.2906 -0.3228 -0.3385 -0.3424 -0.3380 -0.3277 -0.3133 -0.0787 0.1022 0.0775 0.0479 0.0318 0.0193 0.0097 0.0027 -0.0040 -0.0170 -0.0640 -0.1958 -0.3048 -0.3403 -0.3373 -0.2948 0.0189 0.0837 0.0356 0.0167 0.0049 -0.0044 -0.0261 -0.1272 -0.2845 -0.3383 -0.3370 -0.2486 0.0589 0.0689 0.0313 0.0138 0.0044 -0.0251
-0.0201 0.0092 0.0191 0.0400 0.0956 -0.0594 -0.3235 -0.3410 -0.3284 -0.2403 -0.0746 -0.0148 -0.0008 0.0082 0.0225 0.0458 0.1009 -0.1170 -0.3265 -0.3417 -0.3295 -0.2576 -0.1095 -0.0277 -0.0068 0.0012 0.0080 0.0179 0.0308 0.0479 0.0811 0.0856 -0.1269 -0.3180 -0.3323 -0.3410 -0.3415 -0.3293 -0.2985 -0.2416 -0.1597 -0.0841 -0.0411 -0.0204 -0.0105 -0.0049 -0.0009 0.0024 0.0057 0.0097 0.0133 0.0097 0.0057 0.0024 -0.0009 -0.0049 -0.0105 -0.0204 -0.0411 -0.0841 -0.1597 -0.2416 -0.2985 -0.3293 -0.3415 -0.3410 -0.3323 -0.3180 -0.1269 0.0856 0.0811 0.0479 0.0308 0.0179 0.0080 0.0012 -0.0068 -0.0277 -0.1095 -0.2576 -0.3295 -0.3417 -0.3265 -0.1170 0.1009 0.0458 0.0225 0.0082 -0.0008 -0.0148 -0.0746 -0.2403 -0.3284 -0.3410 -0.3235 -0.0594 0.0956 0.0400 0.0191 0.0092 -0.0201
-0.0152 0.0143 0.0253 0.0518 0.1012 -0.1676 -0.3316 -0.3416 -0.3095 -0.1807 -0.0420 -0.0083 0.0023 0.0125 0.0294 0.0618 0.0850 -0.2166 -0.3346 -0.3411 -0.3066 -0.1878 -0.0528 -0.0124 -0.0013 0.0056 0.0152 0.0281 0.0453 0.0775 0.0856 -0.1442 -0.3202 -0.3347 -0.3422 -0.3388 -0.3178 -0.2700 -0.1879 -0.0976 -0.0437 -0.0198 -0.0093 -0.0036 0.0005 0.0039 0.0076 0.0123 0.0178 0.0246 0.0303 0.0246 0.0178 0.0123 0.0076 0.0039 0.0005 -0.0036 -0.0093 -0.0198 -0.0437 -0.0976 -0.1879 -0.2700 -0.3178 -0.3388 -0.3422 -0.3347 -0.3202 -0.1442 0.0856 0.0775 0.0453 0.0281 0.0152 0.0056 -0.0013 -0.0124 -0.0528 -0.1878 -0.3066 -0.3411 -0.3346 -0.2166 0.0850 0.0618 0.0294 0.0125 0.0023 -0.0083 -0.0420 -0.1807 -0.3095 -0.3416 -0.3316 -0.1676 0.1012 0.0518 0.0253 0.0143 -0.0152
-0.0106 0.0194 0.0327 0.0744 0.0410 -0.2694 -0.3379 -0.3372 -0.2781 -0.1169 -0.0236 -0.0038 0.0054 0.0177 0.0376 0.0927 -0.0249 -0.3207 -0.3400 -0.3339 -0.2678 -0.1122 -0.0255 -0.0053 0.0028 0.0114 0.0238 0.0406 0.0686 0.1022 -0.1269 -0.3202 -0.3355 -0.3425 -0.3362 -0.3076 -0.2439 -0.1442 -0.0627 -0.0258 -0.0108 -0.0041 0.0005 0.0044 0.0088 0.0143 0.0207 0.0281 0.0368 0.0484 0.0601 0.0484 0.0368 0.0281 0.0207 0.0143 0.0088 0.0044 0.0005 -0.0041 -0.0108 -0.0258 -0.0627 -0.1442 -0.2439 -0.3076 -0.3362 -0.3425 -0.3355 -0.3202 -0.1269 0.1022 0.0686 0.0406 0.0238 0.0114 0.0028 -0.0053 -0.0255 -0.1122 -0.2678 -0.3339 -0.3400 -0.3207 -0.0249 0.0927 0.0376 0.0177 0.0054 -0.0038 -0.0236 -0.1169 -0.2781 -0.3372 -0.3379 -0.2694 0.0410 0.0744 0.0327 0.0194 -0.0106
-0.0066 0.0242 0.0417 0.0974 -0.0811 -0.3250 -0.3414 -0.3259 -0.2311 -0.0677 -0.0135 -0.0003 0.0089 0.0237 0.0483 0.1015 -0.1464 -0.3295 -0.3419 -0.3180 -0.2103 -0.0594 -0.0128 -0.0008 0.0070 0.0184 0.0342 0.0579 0.1231 -0.0787 -0.3180 -0.3347 -0.3425 -0.3351 -0.3017 -0.2260 -0.1170 -0.0455 -0.0173 -0.0066 -0.0009 0.0034 0.0082 0.0143 0.0215 0.0300 0.0400 0.0536 0.0819 0.0981 0.0816 0.0981 0.0819 0.0536 0.0400 0.0300 0.0215 0.0143 0.0082 0.0034 -0.0009 -0.0066 -0.0173 -0.0455 -0.1170 -0.2260 -0.3017 -0.3351 -0.3425 -0.3347 -0.3180 -0.0787 0.1231 0.0579 0.0342 0.0184 0.0070 -0.0008 -0.0128 -0.0594 -0.2103 -0.3180 -0.3419 -0.3295 -0.1464 0.1015 0.0483 0.0237 0.0089 -0.0003 -0.0135 -0.0677 -0.2311 -0.3259 -0.3414 -0.3250 -0.0811 0.0974 0.0417 0.0242 -0.0066
-0.0033 0.0288 0.0545 0.1002 -0.1825 -0.3329 -0.3412 -0.3051 -0.1696 -0.0381 -0.0074 0.0028 0.0134 0.0307 0.0667 0.0666 -0.2396 -0.3365 -0.3391 -0.2902 -0.1413 -0.0312 -0.0063 0.0029 0.0123 0.0266 0.0470 0.1036 -0.0027 -0.3133 -0.3323 -0.3422 -0.3362 -0.3017 -0.2197 -0.1046 -0.0376 -0.0133 -0.0044 0.0011 0.0057 0.0120 0.0196 0.0287 0.0396 0.0542 0.0862 0.1090 0.0289 -0.1183 -0.1958 -0.1183 0.0289 0.1090 0.0862 0.0542 0.0396 0.0287 0.0196 0.0119 0.0057 0.0011 -0.0044 -0.0133 -0.0376 -0.1046 -0.2197 -0.3017 -0.3362 -0.3422 -0.3323 -0.3133 -0.0027 0.1036 0.0470 0.0266 0.0123 0.0029 -0.0063 -0.0312 -0.1412 -0.2901 -0.3391 -0.3365 -0.2396 0.0666 0.0667 0.0307 0.0134 0.0028 -0.0074 -0.0381 -0.1696 -0.3051 -0.3412 -0.3329 -0.1825 0.1002 0.0545 0.0288 -0.0033
-0.0003 0.0345 0.0811 0.0217 -0.2925 -0.3387 -0.3358 -0.2713 -0.1071 -0.0215 -0.0031 0.0059 0.0187 0.0392 0.0948 -0.0495 -0.3228 -0.3408 -0.3299 -0.2471 -0.0822 -0.0168 -0.0019 0.0065 0.0186 0.0362 0.0678 0.0867 -0.2128 -0.3277 -0.3410 -0.3388 -0.3076 -0.2260 -0.1046 -0.0352 -0.0116 -0.0032 0.0023 0.0077 0.0150 0.0241 0.0351 0.0491 0.0743 0.1135 0.0256 -0.1423 -0.2823 -0.3259 -0.3313 -0.3259 -0.2823 -0.1423 0.0256 0.1135 0.0743 0.0491 0.0352 0.0241 0.0150 0.0077 0.0023 -0.0032 -0.0116 -0.0352 -0.1046 -0.2260 -0.3076 -0.3388 -0.3410 -0.3277 -0.2128 0.0867 0.0678 0.0362 0.0186 0.0065 -0.0019 -0.0168 -0.0822 -0.2469 -0.3298 -0.3408 -0.3228 -0.0495 0.0948 0.0392 0.0187 0.0059 -0.0031 -0.0215 -0.1071 -0.2713 -0.3358 -0.3387 -0.2925 0.0217 0.0811 0.0345 -0.0003
0.0028 0.0440 0.0990 -0.1035 -0.3264 -0.3417 -0.3231 -0.2215 -0.0614 -0.0123 0.0003 0.0096 0.0248 0.0507 0.1014 -0.1610 -0.3311 -0.3417 -0.3117 -0.1878 -0.0454 -0.0093 0.0016 0.0109 0.0257 0.0482 0.1051 -0.0683 -0.3203 -0.3380 -0.3415 -0.3178 -0.2439 -0.1170 -0.0376 -0.0116 -0.0028 0.0029 0.0090 0.0172 0.0276 0.0404 0.0584 0.1074 0.0711 -0.1038 -0.2848 -0.3259 -0.3358 -0.3414 -0.3427 -0.3414 -0.3358 -0.3259 -0.2848 -0.1038 0.0709 0.1074 0.0584 0.0405 0.0276 0.0172 0.0090 0.0029 -0.0028 -0.0116 -0.0376 -0.1170 -0.2439 -0.3178 -0.3415 -0.3380 -0.3203 -0.0683 0.1051 0.0483 0.0258 0.0109 0.0016 -0.0092 -0.0454 -0.1876 -0.3117 -0.3417 -0.3311 -0.1610 0.1014 0.0507 0.0248 0.0096 0.0003 -0.0123 -0.0614 -0.2215 -0.3231 -0.3417 -0.3264 -0.1035 0.0990 0.0440 0.0028
0.0067 0.0581 0.0981 -0.1980 -0.3340 -0.3407 -0.3004 -0.1584 -0.0345 -0.0066 0.0033 0.0142 0.0320 0.0717 0.0494 -0.2596 -0.3375 -0.3377 -0.2813 -0.1226 -0.0252 -0.0043 0.0048 0.0162 0.0341 0.0687 0.0733 -0.2302 -0.3319 -0.3424 -0.3293 -0.2700 -0.1442 -0.0455 -0.0133 -0.0032 0.0029 0.0094 0.0184 0.0298 0.0442 0.0670 0.1237 -0.0077 -0.2316 -0.3220 -0.3338 -0.3410 -0.3416 -0.3333 -0.3240 -0.3333 -0.3416 -0.3410 -0.3338 -0.3220 -0.2316 -0.0083 0.1237 0.0671 0.0442 0.0298 0.0184 0.0094 0.0029 -0.0032 -0.0133 -0.0455 -0.1442 -0.2700 -0.3293 -0.3424 -0.3319 -0.2302 0.0733 0.0687 0.0341 0.0163 0.0048 -0.0043 -0.0251 -0.1224 -0.2814 -0.3378 -0.3375 -0.2596 0.0494 0.0717 0.0320 0.0142 0.0033 -0.0066 -0.0345 -0.1584 -0.3004 -0.3407 -0.3340 -0.1980 0.0981 0.0581 0.0067
0.0115 0.0903 0.0013 -0.3182 -0.3394 -0.3342 -0.2640 -0.0978 -0.0195 -0.0025 0.0065 0.0196 0.0409 0.0966 -0.0711 -0.3243 -0.3413 -0.3271 -0.2354 -0.0711 -0.0142 -0.0006 0.0083 0.0224 0.0443 0.1003 -0.0674 -0.3218 -0.3396 -0.3385 -0.2985 -0.1879 -0.0627 -0.0173 -0.0044 0.0023 0.0090 0.0184 0.0305 0.0462 0.0738 0.1083 -0.0702 -0.3132 -0.3281 -0.3386 -0.3425 -0.3366 -0.3158 -0.2743 -0.2404 -0.2742 -0.3157 -0.3366 -0.3425 -0.3386 -0.3281 -0.3132 -0.0705 0.1083 0.0738 0.0462 0.0305 0.0184 0.0090 0.0023 -0.0044 -0.0173 -0.0627 -0.1879 -0.2985 -0.3385 -0.3396 -0.3218 -0.0674 0.1003 0.0444 0.0224 0.0083 -0.0006 -0.0142 -0.0710 -0.2354 -0.3271 -0.3413 -0.3243 -0.0711 0.0966 0.0409 0.0196 0.0065 -0.0025 -0.0195 -0.0978 -0.2640 -0.3342 -0.3394 -0.3182 0.0013 0.0903 0.0115
0.0181 0.1012 -0.1270 -0.3279 -0.3418 -0.3200 -0.2114 -0.0557 -0.0112 0.0008 0.0103 0.0260 0.0532 0.1008 -0.1756 -0.3323 -0.3414 -0.3071 -0.1746 -0.0399 -0.0079 0.0025 0.0128 0.0295 0.0597 0.0966 -0.2004 -0.3319 -0.3422 -0.3228 -0.2416 -0.0976 -0.0258 -0.0066 0.0011 0.0077 0.0172 0.0298 0.0462 0.0764 0.0966 -0.1090 -0.3171 -0.3319 -0.3410 -0.3413 -0.3279 -0.2932 -0.2265 -0.1367 -0.0916 -0.1364 -0.2263 -0.2930 -0.3278 -0.3413 -0.3410 -0.3319 -0.3171 -0.1090 0.0966 0.0764 0.0462 0.0298 0.0172 0.0077 0.0011 -0.0066 -0.0258 -0.0976 -0.2416 -0.3228 -0.3422 -0.3319 -0.2004 0.0965 0.0598 0.0295 0.0128 0.0025 -0.0079 -0.0398 -0.1747 -0.3072 -0.3414 -0.3323 -0.1756 0.1008 0.0532 0.0260 0.0103 0.0008 -0.0112 -0.0557 -0.2114 -0.3200 -0.3418 -0.3279 -0.1270 0.1012 0.0181
0.0285 0.0875 -0.2145 -0.3351 -0.3400 -0.2952 -0.1472 -0.0313 -0.0058 0.0039 0.0151 0.0334 0.0779 0.0307 -0.2816 -0.3383 -0.3365 -0.2745 -0.1114 -0.0224 -0.0034 0.0057 0.0181 0.0379 0.0928 -0.0141 -0.3191 -0.3390 -0.3379 -0.2906 -0.1597 -0.0437 -0.0108 -0.0009 0.0057 0.0150 0.0276 0.0442 0.0738 0.0966 -0.1225 -0.3189 -0.3339 -0.3421 -0.3391 -0.3181 -0.2682 -0.1815 -0.0875 -0.0371 -0.0225 -0.0370 -0.0873 -0.1812 -0.2680 -0.3180 -0.3391 -0.3421 -0.3339 -0.3189 -0.1225 0.0966 0.0738 0.0442 0.0276 0.0150 0.0057 -0.0009 -0.0108 -0.0437 -0.1597 -0.2906 -0.3379 -0.3390 -0.3191 -0.0144 0.0928 0.0379 0.0181 0.0057 -0.0034 -0.0224 -0.1114 -0.2745 -0.3365 -0.3383 -0.2816 0.0307 0.0779 0.0334 0.0151 0.0039 -0.0058 -0.0313 -0.1472 -0.2952 -0.3400 -0.3351 -0.2145 0.0875 0.0285
0.0461 -0.0199 -0.3206 -0.3401 -0.3324 -0.2561 -0.0891 -0.0177 -0.0019 0.0071 0.0207 0.0426 0.0983 -0.0932 -0.3258 -0.3416 -0.3244 -0.2259 -0.0642 -0.0129 0.0000 0.0092 0.0242 0.0490 0.1023 -0.1475 -0.3288 -0.3420 -0.3241 -0.2368 -0.0841 -0.0198 -0.0041 0.0034 0.0119 0.0241 0.0405 0.0671 0.1083 -0.1090 -0.3189 -0.3346 -0.3424 -0.3371 -0.3097 -0.2464 -0.1448 -0.0612 -0.0238 -0.0093 -0.0043 -0.0093 -0.0238 -0.0610 -0.1444 -0.2462 -0.3096 -0.3371 -0.3424 -0.3346 -0.3189 -0.1090 0.1083 0.0671 0.0405 0.0241 0.0119 0.0034 -0.0041 -0.0198 -0.0841 -0.2368 -0.3241 -0.3420 -0.3288 -0.1475 0.1022 0.0490 0.0242 0.0092 0.0000 -0.0129 -0.0642 -0.2259 -0.3244 -0.3416 -0.3258 -0.0932 0.0983 0.0426 0.0207 0.0071 -0.0019 -0.0177 -0.0891 -0.2561 -0.3324 -0.3401 -0.3206 -0.0199 0.0461
0.0490 -0.1426 -0.3292 -0.3419 -0.3167 -0.2009 -0.0504 -0.0101 0.0013 0.0111 0.0271 0.0561 0.0992 -0.1908 -0.3335 -0.3410 -0.3026 -0.1635 -0.0361 -0.0070 0.0031 0.0138 0.0314 0.0682 0.0625 -0.2443 -0.3363 -0.3399 -0.2974 -0.1636 -0.0411 -0.0093 0.0005 0.0082 0.0196 0.0352 0.0584 0.1237 -0.0705 -0.3171 -0.3339 -0.3424 -0.3363 -0.3049 -0.2317 -0.1216 -0.0467 -0.0173 -0.0064 -0.0002 0.0032 -0.0002 -0.0063 -0.0173 -0.0465 -0.1214 -0.2315 -0.3049 -0.3363 -0.3424 -0.3339 -0.3171 -0.0705 0.1237 0.0584 0.0352 0.0196 0.0082 0.0005 -0.0093 -0.0411 -0.1636 -0.2974 -0.3399 -0.3363 -0.2443 0.0625 0.0683 0.0314 0.0138 0.0031 -0.0070 -0.0361 -0.1635 -0.3026 -0.3410 -0.3335 -0.1908 0.0992 0.0561 0.0271 0.0111 0.0013 -0.0101 -0.0504 -0.2009 -0.3167 -0.3419 -0.3292 -0.1426 0.0490
0.0301 -0.2352 -0.3362 -0.3392 -0.2896 -0.1363 -0.0283 -0.0050 0.0044 0.0160 0.0348 0.0854 0.0107 -0.3061 -0.3391 -0.3350 -0.2674 -0.1019 -0.0204 -0.0028 0.0062 0.0192 0.0401 0.0957 -0.0573 -0.3231 -0.3409 -0.3307 -0.2540 -0.0938 -0.0204 -0.0036 0.0044 0.0143 0.0287 0.0491 0.1074 -0.0083 -0.3132 -0.3319 -0.3421 -0.3371 -0.3049 -0.2264 -0.1108 -0.0397 -0.0139 -0.0045 0.0011 0.0063 0.0115 0.0063 0.0011 -0.0045 -0.0138 -0.0397 -0.1108 -0.2264 -0.3049 -0.3371 -0.3421 -0.3319 -0.3132 -0.0083 0.1074 0.0491 0.0287 0.0143 0.0044 -0.0036 -0.0204 -0.0938 -0.2540 -0.3307 -0.3409 -0.3231 -0.0573 0.0957 0.0401 0.0192 0.0062 -0.0028 -0.0204 -0.1019 -0.2674 -0.3350 -0.3391 -0.3061 0.0107 0.0854 0.0348 0.0160 0.0044 -0.0050 -0.0283 -0.1363 -0.2896 -0.3392 -0.3362 -0.2352 0.0301
-0.0209 -0.3200 -0.3406 -0.3304 -0.2478 -0.0811 -0.0161 -0.0013 0.0077 0.0217 0.0445 0.0997 -0.1161 -0.3272 -0.3418 -0.3215 -0.2160 -0.0582 -0.0117 0.0006 0.0100 0.0254 0.0520 0.1015 -0.1684 -0.3315 -0.3417 -0.3121 -0.1924 -0.0495 -0.0105 0.0005 0.0088 0.0215 0.0396 0.0743 0.0709 -0.2316 -0.3281 -0.3410 -0.3391 -0.3096 -0.2315 -0.1108 -0.0377 -0.0124 -0.0035 0.0021 0.0076 0.0157 0.0230 0.0158 0.0076 0.0021 -0.0035 -0.0124 -0.0377 -0.1108 -0.2315 -0.3096 -0.3391 -0.3410 -0.3281 -0.2316 0.0709 0.0743 0.0396 0.0215 0.0088 0.0005 -0.0105 -0.0495 -0.1924 -0.3121 -0.3417 -0.3315 -0.1684 0.1015 0.0520 0.0254 0.0100 0.0006 -0.0117 -0.0582 -0.2160 -0.3215 -0.3418 -0.3272 -0.1161 0.0997 0.0445 0.0217 0.0077 -0.0013 -0.0161 -0.0811 -0.2478 -0.3304 -0.3406 -0.3200 -0.0209
-0.0682 -0.3287 -0.3418 -0.3129 -0.1901 -0.0457 -0.0091 0.0019 0.0119 0.0284 0.0593 0.0922 -0.2068 -0.3346 -0.3404 -0.2976 -0.1523 -0.0327 -0.0062 0.0036 0.0147 0.0328 0.0749 0.0397 -0.2712 -0.3379 -0.3374 -0.2805 -0.1236 -0.0263 -0.0049 0.0039 0.0143 0.0300 0.0542 0.1135 -0.1038 -0.3220 -0.3386 -0.3413 -0.3180 -0.2462 -0.1214 -0.0397 -0.0124 -0.0032 0.0026 0.0086 0.0169 0.0283 0.0383 0.0283 0.0169 0.0087 0.0026 -0.0032 -0.0124 -0.0397 -0.1214 -0.2462 -0.3180 -0.3413 -0.3386 -0.3220 -0.1038 0.1135 0.0542 0.0300 0.0143 0.0039 -0.0049 -0.0263 -0.1236 -0.2805 -0.3374 -0.3379 -0.2712 0.0397 0.0749 0.0328 0.0147 0.0036 -0.0062 -0.0327 -0.1523 -0.2976 -0.3404 -0.3346 -0.2068 0.0922 0.0593 0.0284 0.0119 0.0019 -0.0091 -0.0457 -0.1901 -0.3129 -0.3418 -0.3287 -0.0682
-0.0926 -0.3355 -0.3382 -0.2836 -0.1257 -0.0257 -0.0043 0.0049 0.0169 0.0363 0.0909 -0.0101 -0.3198 -0.3398 -0.3333 -0.2598 -0.0930 -0.0185 -0.0022 0.0068 0.0202 0.0418 0.0976 -0.0830 -0.3251 -0.3414 -0.3261 -0.2328 -0.0705 -0.0143 -0.0009 0.0076 0.0207 0.0400 0.0862 0.0256 -0.2848 -0.3338 -0.3425 -0.3278 -0.2680 -0.1444 -0.0465 -0.0138 -0.0035 0.0026 0.0090 0.0179 0.0292 0.0447 0.0587 0.0448 0.0292 0.0179 0.0090 0.0026 -0.0035 -0.0138 -0.0465 -0.1444 -0.2680 -0.3278 -0.3425 -0.3338 -0.2848 0.0256 0.0862 0.0400 0.0207 0.0076 -0.0009 -0.0143 -0.0705 -0.2328 -0.3261 -0.3414 -0.3251 -0.0830 0.0976 0.0418 0.0202 0.0068 -0.0022 -0.0185 -0.0930 -0.2598 -0.3333 -0.3398 -0.3198 -0.0101 0.0909 0.0363 0.0169 0.0049 -0.0043 -0.0257 -0.1257 -0.2836 -0.3382 -0.3355 -0.0926
-0.1111 -0.3400 -0.3281 -0.2390 -0.0736 -0.0146 -0.0007 0.0083 0.0228 0.0465 0.1009 -0.1348 -0.3286 -0.3419 -0.3182 -0.2057 -0.0528 -0.0106 0.0011 0.0107 0.0266 0.0547 0.1002 -0.1838 -0.3330 -0.3412 -0.3050 -0.1705 -0.0388 -0.0078 0.0024 0.0123 0.0281 0.0536 0.1090 -0.1423 -0.3259 -0.3410 -0.3366 -0.2930 -0.1812 -0.0610 -0.0173 -0.0045 0.0021 0.0086 0.0179 0.0298 0.0454 0.0700 0.0998 0.0701 0.0454 0.0299 0.0179 0.0087 0.0021 -0.0045 -0.0173 -0.0610 -0.1812 -0.2930 -0.3366 -0.3410 -0.3259 -0.1423 0.1090 0.0536 0.0281 0.0123 0.0024 -0.0078 -0.0388 -0.1705 -0.3050 -0.3412 -0.3330 -0.1838 0.1002 0.0547 0.0266 0.0107 0.0011 -0.0106 -0.0528 -0.2057 -0.3182 -0.3419 -0.3286 -0.1348 0.1009 0.0465 0.0228 0.0083 -0.0007 -0.0146 -0.0736 -0.2390 -0.3281 -0.3400 -0.1111
-0.1259 -0.3411 -0.3084 -0.1780 -0.0410 -0.0082 0.0024 0.0127 0.0296 0.0631 0.0789 -0.2245 -0.3358 -0.3395 -0.2917 -0.1403 -0.0294 -0.0054 0.0042 0.0156 0.0342 0.0819 0.0195 -0.2954 -0.3388 -0.3355 -0.2703 -0.1061 -0.0214 -0.0033 0.0057 0.0178 0.0368 0.0819 0.0289 -0.2823 -0.3358 -0.3416 -0.3157 -0.2263 -0.0873 -0.0238 -0.0063 0.0011 0.0076 0.0169 0.0292 0.0454 0.0744 0.1002 -0.0165 0.0999 0.0745 0.0454 0.0292 0.0169 0.0076 0.0011 -0.0063 -0.0238 -0.0873 -0.2263 -0.3157 -0.3416 -0.3358 -0.2823 0.0289 0.0819 0.0368 0.0178 0.0057 -0.0033 -0.0214 -0.1061 -0.2703 -0.3355 -0.3388 -0.2954 0.0195 0.0819 0.0342 0.0156 0.0042 -0.0054 -0.0294 -0.1403 -0.2917 -0.3395 -0.3358 -0.2245 0.0789 0.0631 0.0296 0.0127 0.0024 -0.0082 -0.0410 -0.1780 -0.3084 -0.3411 -0.1259
-0.1383 -0.3374 -0.2762 -0.1142 -0.0231 -0.0034 0.0057 0.0182 0.0383 0.0922 -0.0322 -0.3215 -0.3405 -0.3313 -0.2512 -0.0840 -0.0167 -0.0014 0.0076 0.0216 0.0441 0.0966 -0.1065 -0.3267 -0.3418 -0.3228 -0.2201 -0.0607 -0.0122 0.0004 0.0097 0.0246 0.0484 0.0981 -0.1183 -0.3259 -0.3414 -0.3333 -0.2743 -0.1365 -0.0370 -0.0093 -0.0002 0.0063 0.0158 0.0283 0.0447 0.0700 0.1001 -0.1143 -0.3093 -0.1150 0.0999 0.0701 0.0448 0.0283 0.0158 0.0063 -0.0002 -0.0093 -0.0370 -0.1365 -0.2743 -0.3333 -0.3414 -0.3259 -0.1183 0.0981 0.0484 0.0246 0.0097 0.0004 -0.0122 -0.0607 -0.2201 -0.3228 -0.3418 -0.3267 -0.1065 0.0966 0.0441 0.0216 0.0076 -0.0014 -0.0167 -0.0840 -0.2512 -0.3313 -0.3405 -0.3215 -0.0322 0.0922 0.0383 0.0182 0.0057 -0.0034 -0.0231 -0.1142 -0.2763 -0.3374 -0.1382
-0.1448 -0.3332 -0.2514 -0.0843 -0.0167 -0.0007 0.0083 0.0228 0.0461 0.0958 -0.1214 -0.3265 -0.3419 -0.3236 -0.2217 -0.0610 -0.0121 0.0011 0.0108 0.0266 0.0536 0.0901 -0.1698 -0.3311 -0.3420 -0.3119 -0.1859 -0.0438 -0.0083 0.0028 0.0133 0.0303 0.0601 0.0816 -0.1958 -0.3313 -0.3427 -0.3240 -0.2405 -0.0917 -0.0225 -0.0043 0.0032 0.0115 0.0231 0.0383 0.0587 0.0997 -0.0165 -0.3093 -0.3187 -0.3093 -0.0167 0.0997 0.0587 0.0383 0.0231 0.0115 0.0032 -0.0043 -0.0225 -0.0917 -0.2405 -0.3240 -0.3427 -0.3313 -0.1958 0.0816 0.0601 0.0303 0.0133 0.0028 -0.0083 -0.0438 -0.1859 -0.3119 -0.3420 -0.3311 -0.1698 0.0901 0.0536 0.0266 0.0108 0.0011 -0.0121 -0.0610 -0.2217 -0.3236 -0.3419 -0.3265 -0.1214 0.0958 0.0461 0.0228 0.0083 -0.0007 -0.0167 -0.0844 -0.2515 -0.3332 -0.1447
