-0.0364 -0.1452 -0.1352 -0.1159 -0.0948 -0.0742 -0.0566 -0.0430 -0.0336 -0.0282 -0.0233 -0.0183 -0.0135 -0.0091 -0.0053 -0.0022 0.0008 0.0041 0.0083 0.0136 0.0212 0.0343 0.0480 0.0473 0.0131 -0.0418 -0.0780 -0.1000 -0.1169 -0.1304 -0.1410 -0.1487 -0.1531 -0.1535 -0.1488 -0.1383 -0.1222 -0.1022 -0.0813 -0.0626 -0.0475 -0.0366 -0.0298 -0.0251 -0.0202 -0.0152 -0.0107 -0.0067 -0.0033 -0.0000 0.0027 -0.0000 -0.0033 -0.0067 -0.0107 -0.0152 -0.0202 -0.0251 -0.0298 -0.0366 -0.0475 -0.0626 -0.0813 -0.1022 -0.1222 -0.1383 -0.1488 -0.1535 -0.1531 -0.1487 -0.1410 -0.1304 -0.1169 -0.1000 -0.0780 -0.0418 0.0131 0.0473 0.0480 0.0343 0.0212 0.0136 0.0083 0.0041 0.0008 -0.0022 -0.0053 -0.0091 -0.0135 -0.0183 -0.0233 -0.0282 -0.0336 -0.0430 -0.0566 -0.0742 -0.0948 -0.1159 -0.1352 -0.1452 -0.0364
-0.1452 -0.2685 -0.1528 -0.0838 -0.0442 -0.0243 -0.0141 -0.0076 -0.0028 0.0015 0.0061 0.0111 0.0162 0.0212 0.0258 0.0306 0.0377 0.0483 0.0662 0.0951 0.1024 0.0546 -0.0661 -0.1737 -0.2798 -0.3234 -0.3314 -0.3375 -0.3409 -0.3405 -0.3349 -0.3220 -0.2991 -0.2627 -0.2104 -0.1470 -0.0895 -0.0512 -0.0292 -0.0170 -0.0098 -0.0045 -0.0001 0.0043 0.0092 0.0143 0.0193 0.0241 0.0287 0.0351 0.0427 0.0351 0.0287 0.0241 0.0193 0.0143 0.0092 0.0043 -0.0001 -0.0045 -0.0098 -0.0170 -0.0292 -0.0512 -0.0895 -0.1470 -0.2104 -0.2627 -0.2991 -0.3220 -0.3349 -0.3405 -0.3409 -0.3375 -0.3314 -0.3234 -0.2798 -0.1737 -0.0661 0.0546 0.1024 0.0951 0.0662 0.0483 0.0377 0.0306 0.0258 0.0212 0.0162 0.0111 0.0061 0.0015 -0.0028 -0.0076 -0.0141 -0.0243 -0.0442 -0.0838 -0.1528 -0.2685 -0.1452
-0.1352 -0.1528 -0.0491 -0.0191 -0.0084 -0.0033 0.0004 0.0035 0.0068 0.0108 0.0156 0.0213 0.0279 0.0357 0.0457 0.0615 0.0922 0.1012 0.0704 -0.0440 -0.1573 -0.2543 -0.3239 -0.3320 -0.3381 -0.3415 -0.3411 -0.3354 -0.3223 -0.2989 -0.2618 -0.2084 -0.1441 -0.0867 -0.0490 -0.0276 -0.0157 -0.0089 -0.0041 -0.0006 0.0025 0.0056 0.0092 0.0137 0.0191 0.0253 0.0326 0.0416 0.0544 0.0814 0.0948 0.0814 0.0544 0.0416 0.0326 0.0253 0.0191 0.0137 0.0092 0.0056 0.0025 -0.0006 -0.0041 -0.0089 -0.0157 -0.0276 -0.0490 -0.0867 -0.1441 -0.2084 -0.2618 -0.2989 -0.3223 -0.3354 -0.3411 -0.3415 -0.3381 -0.3320 -0.3239 -0.2543 -0.1573 -0.0440 0.0704 0.1012 0.0922 0.0615 0.0457 0.0357 0.0279 0.0213 0.0156 0.0108 0.0068 0.0035 0.0004 -0.0033 -0.0084 -0.0191 -0.0491 -0.1528 -0.1352
-0.1159 -0.0838 -0.0191 -0.0055 0.0002 0.0043 0.0087 0.0139 0.0197 0.0263 0.0340 0.0435 0.0576 0.0900 0.1004 0.0847 -0.0227 -0.1432 -0.2348 -0.3224 -0.3307 -0.3373 -0.3412 -0.3415 -0.3368 -0.3251 -0.3038 -0.2692 -0.2186 -0.1552 -0.0952 -0.0541 -0.0304 -0.0172 -0.0099 -0.0048 -0.0012 0.0020 0.0051 0.0085 0.0129 0.0181 0.0242 0.0313 0.0399 0.0517 0.0742 0.0974 0.1005 0.0207 -0.0720 0.0207 0.1005 0.0974 0.0742 0.0517 0.0399 0.0313 0.0242 0.0181 0.0129 0.0085 0.0051 0.0020 -0.0012 -0.0048 -0.0099 -0.0172 -0.0304 -0.0541 -0.0952 -0.1552 -0.2186 -0.2692 -0.3038 -0.3251 -0.3368 -0.3415 -0.3412 -0.3373 -0.3307 -0.3224 -0.2348 -0.1432 -0.0227 0.0847 0.1004 0.0900 0.0576 0.0435 0.0340 0.0263 0.0197 0.0139 0.0087 0.0043 0.0002 -0.0055 -0.0191 -0.0838 -0.1159
-0.0948 -0.0442 -0.0084 0.0002 0.0058 0.0127 0.0204 0.0290 0.0386 0.0505 0.0721 0.0992 0.0998 0.0012 -0.1292 -0.2169 -0.3208 -0.3294 -0.3363 -0.3407 -0.3417 -0.3380 -0.3277 -0.3083 -0.2762 -0.2284 -0.1664 -0.1043 -0.0597 -0.0335 -0.0189 -0.0109 -0.0056 -0.0017 0.0015 0.0046 0.0078 0.0121 0.0172 0.0231 0.0300 0.0383 0.0493 0.0688 0.0956 0.1013 0.0416 -0.0805 -0.1826 -0.2939 -0.3226 -0.2939 -0.1826 -0.0805 0.0416 0.1013 0.0956 0.0688 0.0493 0.0383 0.0300 0.0231 0.0172 0.0121 0.0078 0.0046 0.0015 -0.0017 -0.0056 -0.0109 -0.0189 -0.0335 -0.0597 -0.1043 -0.1664 -0.2284 -0.2762 -0.3083 -0.3277 -0.3380 -0.3417 -0.3407 -0.3363 -0.3294 -0.3208 -0.2169 -0.1292 0.0012 0.0998 0.0992 0.0721 0.0505 0.0386 0.0290 0.0204 0.0127 0.0058 0.0002 -0.0084 -0.0442 -0.0948
-0.0742 -0.0243 -0.0033 0.0043 0.0127 0.0230 0.0348 0.0487 0.0705 0.1067 0.0588 -0.0785 -0.1955 -0.3185 -0.3278 -0.3352 -0.3402 -0.3419 -0.3391 -0.3301 -0.3124 -0.2828 -0.2377 -0.1775 -0.1140 -0.0659 -0.0370 -0.0209 -0.0120 -0.0064 -0.0023 0.0010 0.0040 0.0072 0.0113 0.0162 0.0220 0.0287 0.0367 0.0471 0.0642 0.0936 0.1015 0.0593 -0.0587 -0.1672 -0.2688 -0.3249 -0.3329 -0.3388 -0.3410 -0.3388 -0.3329 -0.3249 -0.2688 -0.1672 -0.0587 0.0593 0.1015 0.0936 0.0642 0.0471 0.0367 0.0287 0.0220 0.0162 0.0113 0.0072 0.0040 0.0010 -0.0023 -0.0064 -0.0120 -0.0209 -0.0370 -0.0659 -0.1140 -0.1775 -0.2377 -0.2828 -0.3124 -0.3301 -0.3391 -0.3419 -0.3402 -0.3352 -0.3278 -0.3185 -0.1955 -0.0785 0.0588 0.1067 0.0705 0.0487 0.0348 0.0230 0.0127 0.0043 -0.0033 -0.0243 -0.0742
-0.0566 -0.0141 0.0004 0.0087 0.0204 0.0348 0.0526 0.0872 0.0867 -0.0802 -0.2468 -0.3228 -0.3324 -0.3389 -0.3419 -0.3403 -0.3326 -0.3166 -0.2892 -0.2468 -0.1886 -0.1242 -0.0725 -0.0408 -0.0230 -0.0132 -0.0072 -0.0029 0.0004 0.0035 0.0067 0.0105 0.0153 0.0209 0.0275 0.0352 0.0451 0.0603 0.0915 0.1010 0.0752 -0.0373 -0.1529 -0.2480 -0.3234 -0.3316 -0.3379 -0.3414 -0.3412 -0.3358 -0.3302 -0.3358 -0.3412 -0.3414 -0.3379 -0.3316 -0.3234 -0.2480 -0.1529 -0.0373 0.0752 0.1010 0.0915 0.0603 0.0451 0.0352 0.0275 0.0209 0.0153 0.0105 0.0067 0.0035 0.0004 -0.0029 -0.0072 -0.0132 -0.0230 -0.0408 -0.0725 -0.1242 -0.1886 -0.2468 -0.2892 -0.3166 -0.3326 -0.3403 -0.3419 -0.3389 -0.3324 -0.3228 -0.2468 -0.0802 0.0867 0.0872 0.0526 0.0348 0.0204 0.0087 0.0004 -0.0141 -0.0566
-0.0430 -0.0076 0.0035 0.0139 0.0290 0.0487 0.0872 0.0588 -0.1658 -0.3192 -0.3319 -0.3399 -0.3423 -0.3378 -0.3243 -0.2993 -0.2594 -0.2027 -0.1366 -0.0805 -0.0452 -0.0253 -0.0144 -0.0081 -0.0036 -0.0001 0.0030 0.0061 0.0098 0.0145 0.0199 0.0263 0.0338 0.0432 0.0570 0.0879 0.1001 0.0888 -0.0161 -0.1388 -0.2291 -0.3219 -0.3303 -0.3370 -0.3410 -0.3416 -0.3372 -0.3260 -0.3048 -0.2711 -0.2457 -0.2711 -0.3048 -0.3260 -0.3372 -0.3416 -0.3410 -0.3370 -0.3303 -0.3219 -0.2291 -0.1388 -0.0161 0.0888 0.1001 0.0879 0.0570 0.0432 0.0338 0.0263 0.0199 0.0145 0.0098 0.0061 0.0030 -0.0001 -0.0036 -0.0081 -0.0144 -0.0253 -0.0452 -0.0805 -0.1366 -0.2027 -0.2594 -0.2993 -0.3243 -0.3378 -0.3423 -0.3399 -0.3319 -0.3192 -0.1658 0.0588 0.0872 0.0487 0.0290 0.0139 0.0035 -0.0076 -0.0430
-0.0336 -0.0028 0.0068 0.0197 0.0386 0.0705 0.0867 -0.1658 -0.3219 -0.3358 -0.3424 -0.3394 -0.3237 -0.2911 -0.2375 -0.1661 -0.0978 -0.0532 -0.0290 -0.0161 -0.0091 -0.0043 -0.0007 0.0024 0.0056 0.0091 0.0136 0.0189 0.0251 0.0324 0.0414 0.0540 0.0798 0.0988 0.0985 0.0048 -0.1228 -0.2116 -0.3203 -0.3290 -0.3360 -0.3406 -0.3418 -0.3384 -0.3285 -0.3096 -0.2783 -0.2314 -0.1689 -0.1066 -0.0785 -0.1066 -0.1689 -0.2314 -0.2783 -0.3096 -0.3285 -0.3384 -0.3418 -0.3406 -0.3360 -0.3290 -0.3203 -0.2116 -0.1228 0.0048 0.0985 0.0988 0.0798 0.0540 0.0414 0.0324 0.0251 0.0189 0.0136 0.0091 0.0056 0.0024 -0.0007 -0.0043 -0.0091 -0.0161 -0.0290 -0.0532 -0.0978 -0.1661 -0.2375 -0.2911 -0.3237 -0.3394 -0.3424 -0.3358 -0.3219 -0.1658 0.0867 0.0705 0.0386 0.0197 0.0068 -0.0028 -0.0336
-0.0282 0.0015 0.0108 0.0263 0.0505 0.1067 -0.0802 -0.3192 -0.3358 -0.3427 -0.3357 -0.3081 -0.2518 -0.1670 -0.0871 -0.0423 -0.0212 -0.0111 -0.0054 -0.0015 0.0018 0.0049 0.0083 0.0128 0.0180 0.0240 0.0311 0.0397 0.0514 0.0734 0.0971 0.1004 0.0251 -0.0996 -0.1953 -0.3136 -0.3276 -0.3349 -0.3400 -0.3419 -0.3394 -0.3307 -0.3136 -0.2847 -0.2406 -0.1810 -0.1172 -0.0679 -0.0378 -0.0213 -0.0155 -0.0213 -0.0378 -0.0679 -0.1172 -0.1810 -0.2406 -0.2847 -0.3136 -0.3307 -0.3394 -0.3419 -0.3400 -0.3349 -0.3276 -0.3136 -0.1953 -0.0996 0.0251 0.1004 0.0971 0.0734 0.0514 0.0397 0.0311 0.0240 0.0180 0.0128 0.0083 0.0049 0.0018 -0.0015 -0.0054 -0.0111 -0.0212 -0.0423 -0.0871 -0.1670 -0.2518 -0.3081 -0.3357 -0.3427 -0.3358 -0.3192 -0.0802 0.1067 0.0505 0.0263 0.0108 0.0015 -0.0282
-0.0233 0.0061 0.0156 0.0340 0.0721 0.0588 -0.2468 -0.3319 -0.3424 -0.3357 -0.3014 -0.2261 -0.1215 -0.0512 -0.0218 -0.0097 -0.0039 0.0002 0.0036 0.0072 0.0115 0.0167 0.0227 0.0297 0.0380 0.0489 0.0679 0.0953 0.1013 0.0442 -0.0774 -0.1799 -0.2883 -0.3262 -0.3338 -0.3393 -0.3418 -0.3402 -0.3327 -0.3173 -0.2906 -0.2493 -0.1920 -0.1275 -0.0749 -0.0421 -0.0237 -0.0136 -0.0074 -0.0029 -0.0002 -0.0029 -0.0074 -0.0136 -0.0237 -0.0421 -0.0749 -0.1275 -0.1920 -0.2493 -0.2906 -0.3173 -0.3327 -0.3402 -0.3418 -0.3393 -0.3338 -0.3262 -0.2883 -0.1799 -0.0774 0.0442 0.1013 0.0953 0.0679 0.0489 0.0380 0.0297 0.0227 0.0167 0.0115 0.0072 0.0036 0.0002 -0.0039 -0.0097 -0.0218 -0.0512 -0.1215 -0.2261 -0.3014 -0.3357 -0.3424 -0.3319 -0.2468 0.0588 0.0721 0.0340 0.0156 0.0061 -0.0233
-0.0183 0.0111 0.0213 0.0435 0.0992 -0.0785 -0.3227 -0.3399 -0.3394 -0.3081 -0.2261 -0.1076 -0.0389 -0.0143 -0.0052 -0.0001 0.0039 0.0083 0.0138 0.0200 0.0271 0.0353 0.0456 0.0616 0.0931 0.1017 0.0627 -0.0551 -0.1651 -0.2657 -0.3247 -0.3327 -0.3386 -0.3416 -0.3408 -0.3345 -0.3206 -0.2961 -0.2575 -0.2027 -0.1382 -0.0824 -0.0465 -0.0261 -0.0149 -0.0084 -0.0038 -0.0003 0.0028 0.0061 0.0089 0.0061 0.0028 -0.0003 -0.0038 -0.0084 -0.0149 -0.0261 -0.0465 -0.0824 -0.1382 -0.2027 -0.2575 -0.2961 -0.3206 -0.3345 -0.3408 -0.3416 -0.3386 -0.3327 -0.3247 -0.2657 -0.1651 -0.0551 0.0627 0.1017 0.0931 0.0616 0.0456 0.0353 0.0271 0.0200 0.0138 0.0083 0.0039 -0.0001 -0.0052 -0.0143 -0.0389 -0.1076 -0.2261 -0.3081 -0.3394 -0.3399 -0.3228 -0.0785 0.0992 0.0435 0.0213 0.0111 -0.0183
-0.0135 0.0162 0.0279 0.0575 0.0996 -0.1955 -0.3323 -0.3423 -0.3237 -0.2518 -0.1215 -0.0389 -0.0124 -0.0035 0.0019 0.0067 0.0130 0.0204 0.0289 0.0387 0.0514 0.0753 0.1012 0.0880 -0.0244 -0.1490 -0.2440 -0.3231 -0.3314 -0.3377 -0.3414 -0.3413 -0.3360 -0.3236 -0.3012 -0.2653 -0.2131 -0.1491 -0.0906 -0.0513 -0.0288 -0.0163 -0.0093 -0.0045 -0.0008 0.0023 0.0054 0.0088 0.0134 0.0190 0.0237 0.0190 0.0134 0.0088 0.0054 0.0023 -0.0008 -0.0045 -0.0093 -0.0163 -0.0288 -0.0513 -0.0906 -0.1491 -0.2131 -0.2653 -0.3012 -0.3236 -0.3360 -0.3413 -0.3414 -0.3377 -0.3314 -0.3231 -0.2440 -0.1490 -0.0244 0.0880 0.1012 0.0753 0.0514 0.0387 0.0289 0.0204 0.0130 0.0067 0.0019 -0.0035 -0.0124 -0.0389 -0.1215 -0.2518 -0.3237 -0.3423 -0.3324 -0.1955 0.0998 0.0576 0.0279 0.0162 -0.0135
-0.0091 0.0212 0.0357 0.0898 0.0012 -0.3178 -0.3389 -0.3378 -0.2911 -0.1670 -0.0512 -0.0143 -0.0035 0.0025 0.0084 0.0161 0.0255 0.0366 0.0504 0.0752 0.1077 0.0492 -0.0938 -0.2126 -0.3203 -0.3294 -0.3365 -0.3409 -0.3417 -0.3375 -0.3264 -0.3059 -0.2725 -0.2230 -0.1603 -0.0993 -0.0566 -0.0318 -0.0180 -0.0103 -0.0052 -0.0014 0.0018 0.0048 0.0082 0.0125 0.0177 0.0237 0.0307 0.0397 0.0477 0.0397 0.0307 0.0237 0.0177 0.0125 0.0082 0.0048 0.0018 -0.0014 -0.0052 -0.0103 -0.0180 -0.0318 -0.0566 -0.0993 -0.1603 -0.2230 -0.2725 -0.3059 -0.3264 -0.3375 -0.3417 -0.3409 -0.3365 -0.3294 -0.3203 -0.2126 -0.0938 0.0492 0.1077 0.0752 0.0504 0.0366 0.0255 0.0161 0.0084 0.0025 -0.0035 -0.0143 -0.0512 -0.1670 -0.2911 -0.3378 -0.3389 -0.3185 0.0012 0.0900 0.0357 0.0212 -0.0091
-0.0053 0.0258 0.0457 0.1004 -0.1289 -0.3278 -0.3419 -0.3243 -0.2375 -0.0871 -0.0218 -0.0052 0.0019 0.0084 0.0173 0.0283 0.0418 0.0606 0.1088 0.0637 -0.1034 -0.2583 -0.3239 -0.3333 -0.3396 -0.3420 -0.3394 -0.3300 -0.3114 -0.2803 -0.2335 -0.1718 -0.1087 -0.0625 -0.0351 -0.0198 -0.0114 -0.0059 -0.0020 0.0012 0.0043 0.0076 0.0117 0.0167 0.0226 0.0294 0.0376 0.0483 0.0667 0.0936 0.0955 0.0936 0.0667 0.0483 0.0376 0.0294 0.0226 0.0167 0.0117 0.0076 0.0043 0.0012 -0.0020 -0.0059 -0.0114 -0.0198 -0.0351 -0.0625 -0.1087 -0.1718 -0.2335 -0.2803 -0.3114 -0.3300 -0.3394 -0.3420 -0.3396 -0.3333 -0.3239 -0.2583 -0.1034 0.0636 0.1088 0.0606 0.0418 0.0283 0.0173 0.0084 0.0019 -0.0052 -0.0218 -0.0871 -0.2375 -0.3243 -0.3419 -0.3278 -0.1292 0.1004 0.0457 0.0258 -0.0053
-0.0022 0.0306 0.0615 0.0847 -0.2169 -0.3352 -0.3403 -0.2993 -0.1661 -0.0423 -0.0097 -0.0001 0.0067 0.0161 0.0283 0.0436 0.0669 0.1215 -0.0207 -0.2399 -0.3224 -0.3336 -0.3406 -0.3421 -0.3364 -0.3213 -0.2935 -0.2495 -0.1888 -0.1221 -0.0702 -0.0391 -0.0219 -0.0125 -0.0067 -0.0026 0.0007 0.0038 0.0070 0.0110 0.0158 0.0215 0.0281 0.0360 0.0462 0.0624 0.0927 0.1014 0.0664 -0.0499 -0.1331 -0.0499 0.0664 0.1014 0.0927 0.0624 0.0462 0.0360 0.0281 0.0215 0.0158 0.0110 0.0070 0.0038 0.0007 -0.0026 -0.0067 -0.0125 -0.0219 -0.0391 -0.0702 -0.1221 -0.1888 -0.2495 -0.2935 -0.3213 -0.3364 -0.3421 -0.3406 -0.3336 -0.3224 -0.2399 -0.0207 0.1215 0.0669 0.0436 0.0283 0.0161 0.0067 -0.0001 -0.0097 -0.0423 -0.1661 -0.2993 -0.3403 -0.3352 -0.2169 0.0847 0.0615 0.0306 -0.0022
0.0008 0.0377 0.0922 -0.0227 -0.3208 -0.3402 -0.3326 -0.2594 -0.0978 -0.0212 -0.0039 0.0039 0.0130 0.0255 0.0418 0.0669 0.1148 -0.0668 -0.3135 -0.3285 -0.3388 -0.3425 -0.3370 -0.3189 -0.2836 -0.2269 -0.1535 -0.0877 -0.0471 -0.0255 -0.0141 -0.0077 -0.0033 0.0002 0.0032 0.0064 0.0102 0.0149 0.0205 0.0269 0.0346 0.0442 0.0587 0.0905 0.1006 0.0817 -0.0276 -0.1464 -0.2398 -0.3228 -0.3277 -0.3228 -0.2398 -0.1464 -0.0276 0.0817 0.1006 0.0905 0.0587 0.0442 0.0346 0.0269 0.0205 0.0149 0.0102 0.0064 0.0032 0.0002 -0.0033 -0.0077 -0.0141 -0.0255 -0.0471 -0.0877 -0.1535 -0.2269 -0.2836 -0.3189 -0.3370 -0.3425 -0.3388 -0.3285 -0.3134 -0.0668 0.1148 0.0669 0.0418 0.0255 0.0130 0.0039 -0.0039 -0.0212 -0.0978 -0.2594 -0.3326 -0.3402 -0.3208 -0.0227 0.0922 0.0377 0.0008
0.0041 0.0483 0.1012 -0.1432 -0.3294 -0.3419 -0.3166 -0.2027 -0.0532 -0.0111 0.0002 0.0083 0.0204 0.0366 0.0606 0.1215 -0.0668 -0.3152 -0.3313 -0.3410 -0.3414 -0.3278 -0.2937 -0.2318 -0.1473 -0.0757 -0.0371 -0.0187 -0.0099 -0.0045 -0.0007 0.0025 0.0057 0.0094 0.0140 0.0194 0.0257 0.0332 0.0423 0.0556 0.0840 0.0995 0.0942 -0.0065 -0.1324 -0.2209 -0.3212 -0.3297 -0.3366 -0.3409 -0.3421 -0.3409 -0.3366 -0.3297 -0.3212 -0.2209 -0.1324 -0.0065 0.0942 0.0995 0.0840 0.0556 0.0423 0.0332 0.0257 0.0194 0.0140 0.0094 0.0057 0.0025 -0.0007 -0.0045 -0.0099 -0.0187 -0.0371 -0.0757 -0.1473 -0.2318 -0.2937 -0.3278 -0.3414 -0.3410 -0.3313 -0.3152 -0.0668 0.1215 0.0606 0.0366 0.0204 0.0083 0.0002 -0.0111 -0.0532 -0.2027 -0.3166 -0.3419 -0.3294 -0.1432 0.1012 0.0483 0.0041
0.0083 0.0662 0.0704 -0.2348 -0.3363 -0.3391 -0.2892 -0.1366 -0.0290 -0.0054 0.0036 0.0138 0.0289 0.0504 0.1088 -0.0207 -0.3134 -0.3313 -0.3416 -0.3399 -0.3193 -0.2694 -0.1828 -0.0909 -0.0398 -0.0178 -0.0083 -0.0030 0.0009 0.0043 0.0080 0.0126 0.0180 0.0243 0.0315 0.0404 0.0525 0.0763 0.0981 0.0996 0.0142 -0.1121 -0.2040 -0.3195 -0.3284 -0.3355 -0.3403 -0.3418 -0.3387 -0.3295 -0.3211 -0.3295 -0.3387 -0.3418 -0.3403 -0.3355 -0.3284 -0.3195 -0.2040 -0.1121 0.0142 0.0996 0.0981 0.0763 0.0525 0.0404 0.0315 0.0243 0.0180 0.0126 0.0080 0.0043 0.0009 -0.0030 -0.0083 -0.0178 -0.0398 -0.0909 -0.1828 -0.2694 -0.3193 -0.3399 -0.3416 -0.3313 -0.3134 -0.0207 0.1088 0.0504 0.0289 0.0138 0.0036 -0.0054 -0.0290 -0.1366 -0.2892 -0.3391 -0.3363 -0.2348 0.0704 0.0662 0.0083
0.0136 0.0951 -0.0440 -0.3224 -0.3407 -0.3301 -0.2468 -0.0805 -0.0161 -0.0015 0.0072 0.0200 0.0387 0.0751 0.0638 -0.2399 -0.3285 -0.3410 -0.3399 -0.3160 -0.2547 -0.1512 -0.0633 -0.0249 -0.0100 -0.0035 0.0010 0.0049 0.0094 0.0150 0.0214 0.0287 0.0373 0.0484 0.0674 0.0960 0.1017 0.0359 -0.0885 -0.1881 -0.3017 -0.3270 -0.3344 -0.3397 -0.3419 -0.3397 -0.3317 -0.3153 -0.2869 -0.2441 -0.2133 -0.2441 -0.2869 -0.3153 -0.3317 -0.3397 -0.3419 -0.3397 -0.3344 -0.3270 -0.3017 -0.1881 -0.0885 0.0359 0.1017 0.0960 0.0674 0.0484 0.0373 0.0287 0.0214 0.0150 0.0094 0.0049 0.0010 -0.0035 -0.0100 -0.0249 -0.0633 -0.1512 -0.2547 -0.3160 -0.3399 -0.3410 -0.3285 -0.2399 0.0636 0.0752 0.0387 0.0200 0.0072 -0.0015 -0.0161 -0.0805 -0.2468 -0.3301 -0.3407 -0.3224 -0.0440 0.0951 0.0136
0.0212 0.1024 -0.1573 -0.3307 -0.3417 -0.3124 -0.1886 -0.0452 -0.0091 0.0018 0.0115 0.0271 0.0513 0.1077 -0.1030 -0.3224 -0.3388 -0.3414 -0.3193 -0.2547 -0.1407 -0.0526 -0.0187 -0.0067 -0.0008 0.0036 0.0087 0.0150 0.0224 0.0310 0.0412 0.0551 0.0858 0.1030 0.0675 -0.0550 -0.1703 -0.2756 -0.3254 -0.3333 -0.3390 -0.3418 -0.3405 -0.3335 -0.3188 -0.2932 -0.2531 -0.1969 -0.1314 -0.0776 -0.0562 -0.0776 -0.1314 -0.1969 -0.2531 -0.2932 -0.3188 -0.3335 -0.3405 -0.3418 -0.3390 -0.3333 -0.3254 -0.2756 -0.1703 -0.0550 0.0675 0.1030 0.0858 0.0551 0.0412 0.0310 0.0224 0.0150 0.0087 0.0036 -0.0008 -0.0067 -0.0187 -0.0526 -0.1407 -0.2547 -0.3193 -0.3414 -0.3388 -0.3224 -0.1034 0.1077 0.0514 0.0271 0.0115 0.0018 -0.0091 -0.0452 -0.1886 -0.3124 -0.3417 -0.3307 -0.1573 0.1024 0.0212
0.0343 0.0546 -0.2543 -0.3373 -0.3380 -0.2828 -0.1242 -0.0253 -0.0043 0.0049 0.0167 0.0353 0.0752 0.0497 -0.2578 -0.3336 -0.3425 -0.3278 -0.2694 -0.1512 -0.0526 -0.0170 -0.0054 0.0006 0.0055 0.0120 0.0199 0.0294 0.0406 0.0558 0.0912 0.1090 0.0179 -0.1293 -0.2378 -0.3225 -0.3313 -0.3379 -0.3415 -0.3411 -0.3354 -0.3221 -0.2985 -0.2611 -0.2075 -0.1432 -0.0860 -0.0486 -0.0271 -0.0154 -0.0111 -0.0154 -0.0271 -0.0486 -0.0860 -0.1432 -0.2075 -0.2611 -0.2985 -0.3221 -0.3354 -0.3411 -0.3415 -0.3379 -0.3313 -0.3225 -0.2378 -0.1293 0.0179 0.1090 0.0912 0.0558 0.0406 0.0294 0.0199 0.0120 0.0055 0.0006 -0.0054 -0.0170 -0.0526 -0.1512 -0.2694 -0.3278 -0.3425 -0.3336 -0.2583 0.0492 0.0753 0.0353 0.0167 0.0049 -0.0043 -0.0253 -0.1242 -0.2828 -0.3380 -0.3373 -0.2543 0.0546 0.0343
0.0480 -0.0661 -0.3239 -0.3412 -0.3277 -0.2377 -0.0725 -0.0144 -0.0007 0.0083 0.0227 0.0455 0.1012 -0.0935 -0.3239 -0.3406 -0.3370 -0.2937 -0.1828 -0.0633 -0.0187 -0.0054 0.0011 0.0066 0.0141 0.0235 0.0349 0.0493 0.0750 0.1157 0.0138 -0.1582 -0.2953 -0.3265 -0.3351 -0.3406 -0.3419 -0.3378 -0.3263 -0.3049 -0.2700 -0.2188 -0.1547 -0.0947 -0.0537 -0.0301 -0.0171 -0.0098 -0.0048 -0.0009 0.0015 -0.0009 -0.0048 -0.0098 -0.0171 -0.0301 -0.0537 -0.0947 -0.1547 -0.2188 -0.2700 -0.3049 -0.3263 -0.3378 -0.3419 -0.3406 -0.3351 -0.3265 -0.2953 -0.1582 0.0138 0.1157 0.0750 0.0493 0.0349 0.0235 0.0141 0.0066 0.0011 -0.0054 -0.0187 -0.0633 -0.1828 -0.2937 -0.3370 -0.3406 -0.3239 -0.0938 0.1012 0.0456 0.0227 0.0083 -0.0007 -0.0144 -0.0725 -0.2377 -0.3277 -0.3412 -0.3239 -0.0661 0.0480
0.0473 -0.1737 -0.3320 -0.3415 -0.3083 -0.1775 -0.0408 -0.0081 0.0024 0.0128 0.0296 0.0615 0.0882 -0.2121 -0.3333 -0.3421 -0.3189 -0.2318 -0.0909 -0.0249 -0.0067 0.0006 0.0066 0.0149 0.0254 0.0385 0.0562 0.1025 0.0724 -0.1081 -0.2984 -0.3266 -0.3362 -0.3416 -0.3413 -0.3336 -0.3157 -0.2844 -0.2359 -0.1717 -0.1069 -0.0605 -0.0337 -0.0189 -0.0108 -0.0055 -0.0017 0.0015 0.0046 0.0081 0.0114 0.0081 0.0046 0.0015 -0.0017 -0.0055 -0.0108 -0.0189 -0.0337 -0.0605 -0.1069 -0.1717 -0.2359 -0.2844 -0.3157 -0.3336 -0.3413 -0.3416 -0.3362 -0.3266 -0.2984 -0.1081 0.0724 0.1025 0.0562 0.0385 0.0254 0.0149 0.0066 0.0006 -0.0067 -0.0249 -0.0909 -0.2318 -0.3189 -0.3421 -0.3333 -0.2126 0.0880 0.0616 0.0297 0.0128 0.0024 -0.0081 -0.0408 -0.1775 -0.3083 -0.3415 -0.3320 -0.1737 0.0473
0.0131 -0.2798 -0.3381 -0.3368 -0.2762 -0.1140 -0.0230 -0.0036 0.0056 0.0180 0.0379 0.0930 -0.0238 -0.3202 -0.3396 -0.3364 -0.2836 -0.1473 -0.0398 -0.0100 -0.0008 0.0055 0.0141 0.0254 0.0398 0.0602 0.1236 0.0135 -0.2184 -0.3217 -0.3339 -0.3412 -0.3416 -0.3325 -0.3102 -0.2698 -0.2084 -0.1348 -0.0751 -0.0403 -0.0219 -0.0123 -0.0065 -0.0024 0.0010 0.0041 0.0073 0.0114 0.0163 0.0225 0.0276 0.0225 0.0163 0.0114 0.0073 0.0041 0.0010 -0.0024 -0.0065 -0.0123 -0.0219 -0.0403 -0.0751 -0.1348 -0.2084 -0.2698 -0.3102 -0.3325 -0.3416 -0.3412 -0.3339 -0.3217 -0.2184 0.0135 0.1236 0.0602 0.0398 0.0254 0.0141 0.0055 -0.0008 -0.0100 -0.0398 -0.1473 -0.2836 -0.3364 -0.3396 -0.3203 -0.0244 0.0931 0.0380 0.0180 0.0056 -0.0036 -0.0230 -0.1140 -0.2762 -0.3368 -0.3381 -0.2798 0.0131
-0.0418 -0.3234 -0.3415 -0.3251 -0.2284 -0.0659 -0.0132 -0.0001 0.0091 0.0240 0.0489 0.1017 -0.1490 -0.3294 -0.3420 -0.3213 -0.2269 -0.0757 -0.0178 -0.0035 0.0036 0.0120 0.0235 0.0385 0.0602 0.1271 -0.0199 -0.2957 -0.3264 -0.3380 -0.3425 -0.3368 -0.3160 -0.2732 -0.2036 -0.1211 -0.0614 -0.0307 -0.0158 -0.0083 -0.0035 0.0001 0.0033 0.0066 0.0105 0.0154 0.0210 0.0276 0.0354 0.0457 0.0558 0.0457 0.0354 0.0276 0.0210 0.0154 0.0105 0.0066 0.0033 0.0001 -0.0035 -0.0083 -0.0158 -0.0307 -0.0614 -0.1211 -0.2036 -0.2732 -0.3160 -0.3368 -0.3425 -0.3380 -0.3264 -0.2957 -0.0199 0.1271 0.0602 0.0385 0.0235 0.0120 0.0036 -0.0035 -0.0178 -0.0757 -0.2269 -0.3213 -0.3420 -0.3294 -0.1490 0.1017 0.0489 0.0240 0.0091 -0.0001 -0.0132 -0.0659 -0.2284 -0.3251 -0.3415 -0.3234 -0.0418
-0.0780 -0.3314 -0.3411 -0.3038 -0.1664 -0.0370 -0.0072 0.0030 0.0136 0.0311 0.0679 0.0627 -0.2440 -0.3365 -0.3394 -0.2936 -0.1535 -0.0372 -0.0083 0.0010 0.0087 0.0199 0.0349 0.0562 0.1236 -0.0199 -0.3116 -0.3286 -0.3399 -0.3421 -0.3301 -0.2960 -0.2301 -0.1380 -0.0651 -0.0296 -0.0139 -0.0065 -0.0018 0.0018 0.0052 0.0090 0.0139 0.0195 0.0260 0.0337 0.0431 0.0569 0.0883 0.0969 0.0867 0.0969 0.0883 0.0569 0.0431 0.0337 0.0260 0.0195 0.0139 0.0090 0.0052 0.0018 -0.0018 -0.0065 -0.0139 -0.0296 -0.0652 -0.1380 -0.2301 -0.2960 -0.3301 -0.3421 -0.3399 -0.3286 -0.3116 -0.0199 0.1236 0.0562 0.0349 0.0199 0.0087 0.0010 -0.0083 -0.0371 -0.1535 -0.2935 -0.3394 -0.3365 -0.2440 0.0627 0.0679 0.0311 0.0136 0.0030 -0.0072 -0.0370 -0.1664 -0.3038 -0.3411 -0.3314 -0.0780
-0.1000 -0.3375 -0.3354 -0.2692 -0.1043 -0.0209 -0.0029 0.0061 0.0189 0.0397 0.0953 -0.0551 -0.3231 -0.3409 -0.3300 -0.2495 -0.0878 -0.0188 -0.0030 0.0049 0.0150 0.0294 0.0493 0.1025 0.0135 -0.2957 -0.3286 -0.3404 -0.3413 -0.3244 -0.2785 -0.1925 -0.0942 -0.0390 -0.0163 -0.0069 -0.0017 0.0023 0.0062 0.0109 0.0166 0.0232 0.0308 0.0399 0.0522 0.0761 0.0988 0.0997 0.0046 -0.1247 -0.1817 -0.1247 0.0046 0.0997 0.0988 0.0761 0.0522 0.0399 0.0308 0.0232 0.0166 0.0109 0.0062 0.0023 -0.0017 -0.0069 -0.0163 -0.0390 -0.0942 -0.1925 -0.2785 -0.3244 -0.3413 -0.3404 -0.3286 -0.2957 0.0135 0.1025 0.0493 0.0294 0.0150 0.0049 -0.0030 -0.0187 -0.0877 -0.2495 -0.3300 -0.3409 -0.3231 -0.0551 0.0953 0.0397 0.0189 0.0061 -0.0029 -0.0209 -0.1043 -0.2692 -0.3354 -0.3375 -0.1000
-0.1169 -0.3409 -0.3223 -0.2186 -0.0597 -0.0120 0.0004 0.0098 0.0251 0.0514 0.1013 -0.1651 -0.3314 -0.3417 -0.3114 -0.1888 -0.0471 -0.0099 0.0009 0.0094 0.0224 0.0406 0.0750 0.0724 -0.2184 -0.3264 -0.3399 -0.3413 -0.3222 -0.2682 -0.1684 -0.0714 -0.0271 -0.0103 -0.0034 0.0014 0.0056 0.0110 0.0175 0.0251 0.0339 0.0447 0.0610 0.0951 0.1039 0.0389 -0.0903 -0.1937 -0.3143 -0.3277 -0.3321 -0.3277 -0.3143 -0.1937 -0.0903 0.0389 0.1039 0.0951 0.0610 0.0447 0.0339 0.0251 0.0175 0.0110 0.0056 0.0014 -0.0034 -0.0104 -0.0271 -0.0714 -0.1684 -0.2682 -0.3222 -0.3413 -0.3399 -0.3264 -0.2184 0.0724 0.0750 0.0406 0.0224 0.0094 0.0009 -0.0099 -0.0471 -0.1888 -0.3114 -0.3417 -0.3314 -0.1651 0.1013 0.0514 0.0251 0.0098 0.0004 -0.0120 -0.0597 -0.2186 -0.3223 -0.3409 -0.1169
-0.1304 -0.3405 -0.2989 -0.1552 -0.0335 -0.0064 0.0035 0.0145 0.0324 0.0734 0.0442 -0.2657 -0.3377 -0.3375 -0.2803 -0.1221 -0.0255 -0.0045 0.0043 0.0150 0.0310 0.0558 0.1157 -0.1081 -0.3217 -0.3380 -0.3421 -0.3244 -0.2682 -0.1602 -0.0620 -0.0217 -0.0076 -0.0012 0.0035 0.0088 0.0157 0.0240 0.0337 0.0457 0.0644 0.1008 0.0962 -0.0237 -0.1629 -0.2718 -0.3251 -0.3333 -0.3392 -0.3419 -0.3419 -0.3419 -0.3392 -0.3333 -0.3251 -0.2718 -0.1629 -0.0237 0.0962 0.1008 0.0644 0.0457 0.0337 0.0240 0.0157 0.0088 0.0035 -0.0012 -0.0076 -0.0217 -0.0620 -0.1602 -0.2682 -0.3244 -0.3421 -0.3380 -0.3217 -0.1081 0.1157 0.0558 0.0310 0.0150 0.0043 -0.0045 -0.0255 -0.1221 -0.2803 -0.3375 -0.3377 -0.2657 0.0442 0.0734 0.0324 0.0145 0.0035 -0.0064 -0.0335 -0.1552 -0.2989 -0.3405 -0.1304
-0.1410 -0.3349 -0.2618 -0.0952 -0.0189 -0.0023 0.0067 0.0199 0.0414 0.0971 -0.0774 -0.3247 -0.3414 -0.3264 -0.2335 -0.0702 -0.0141 -0.0007 0.0080 0.0214 0.0412 0.0912 0.0138 -0.2984 -0.3339 -0.3425 -0.3301 -0.2785 -0.1684 -0.0620 -0.0202 -0.0065 -0.0001 0.0048 0.0114 0.0196 0.0296 0.0418 0.0590 0.1019 0.0934 -0.0473 -0.2006 -0.3192 -0.3294 -0.3370 -0.3414 -0.3414 -0.3354 -0.3216 -0.3100 -0.3216 -0.3354 -0.3414 -0.3414 -0.3370 -0.3294 -0.3192 -0.2006 -0.0473 0.0934 0.1019 0.0590 0.0418 0.0296 0.0196 0.0114 0.0048 -0.0001 -0.0065 -0.0202 -0.0620 -0.1684 -0.2785 -0.3301 -0.3425 -0.3339 -0.2984 0.0138 0.0912 0.0412 0.0214 0.0080 -0.0007 -0.0141 -0.0702 -0.2335 -0.3264 -0.3414 -0.3247 -0.0774 0.0971 0.0414 0.0199 0.0067 -0.0023 -0.0189 -0.0952 -0.2618 -0.3349 -0.1410
-0.1487 -0.3220 -0.2084 -0.0541 -0.0109 0.0010 0.0105 0.0263 0.0540 0.1004 -0.1799 -0.3327 -0.3413 -0.3059 -0.1718 -0.0391 -0.0077 0.0025 0.0126 0.0287 0.0551 0.1090 -0.1582 -0.3266 -0.3412 -0.3368 -0.2960 -0.1925 -0.0714 -0.0217 -0.0065 0.0003 0.0056 0.0131 0.0224 0.0340 0.0488 0.0754 0.1176 -0.0121 -0.2043 -0.3195 -0.3307 -0.3386 -0.3421 -0.3397 -0.3294 -0.3083 -0.2722 -0.2194 -0.1832 -0.2194 -0.2722 -0.3083 -0.3294 -0.3397 -0.3421 -0.3386 -0.3307 -0.3195 -0.2043 -0.0121 0.1176 0.0754 0.0488 0.0340 0.0224 0.0131 0.0056 0.0003 -0.0065 -0.0217 -0.0714 -0.1925 -0.2960 -0.3368 -0.3412 -0.3266 -0.1582 0.1090 0.0551 0.0287 0.0126 0.0025 -0.0077 -0.0391 -0.1718 -0.3059 -0.3413 -0.3327 -0.1799 0.1004 0.0540 0.0263 0.0105 0.0010 -0.0109 -0.0541 -0.2084 -0.3220 -0.1487
-0.1531 -0.2991 -0.1441 -0.0304 -0.0056 0.0040 0.0153 0.0338 0.0798 0.0251 -0.2883 -0.3386 -0.3360 -0.2725 -0.1087 -0.0219 -0.0033 0.0057 0.0180 0.0373 0.0858 0.0179 -0.2953 -0.3362 -0.3416 -0.3160 -0.2301 -0.0942 -0.0271 -0.0076 -0.0001 0.0056 0.0136 0.0239 0.0368 0.0541 0.0961 0.0762 -0.1129 -0.3150 -0.3284 -0.3380 -0.3423 -0.3392 -0.3260 -0.2985 -0.2522 -0.1863 -0.1141 -0.0626 -0.0441 -0.0626 -0.1141 -0.1863 -0.2522 -0.2985 -0.3260 -0.3393 -0.3423 -0.3380 -0.3284 -0.3150 -0.1129 0.0762 0.0961 0.0541 0.0368 0.0239 0.0136 0.0056 -0.0001 -0.0076 -0.0271 -0.0942 -0.2301 -0.3160 -0.3416 -0.3362 -0.2953 0.0179 0.0858 0.0373 0.0180 0.0057 -0.0033 -0.0219 -0.1087 -0.2725 -0.3360 -0.3386 -0.2883 0.0251 0.0798 0.0338 0.0153 0.0040 -0.0056 -0.0304 -0.1441 -0.2991 -0.1531
-0.1535 -0.2627 -0.0867 -0.0172 -0.0017 0.0072 0.0209 0.0432 0.0988 -0.0996 -0.3262 -0.3416 -0.3236 -0.2230 -0.0625 -0.0125 0.0002 0.0094 0.0243 0.0484 0.1030 -0.1293 -0.3265 -0.3416 -0.3325 -0.2732 -0.1380 -0.0390 -0.0104 -0.0012 0.0048 0.0131 0.0239 0.0377 0.0570 0.1170 0.0313 -0.1996 -0.3214 -0.3341 -0.3415 -0.3410 -0.3289 -0.2999 -0.2475 -0.1714 -0.0959 -0.0487 -0.0247 -0.0130 -0.0087 -0.0130 -0.0247 -0.0487 -0.0959 -0.1714 -0.2475 -0.2998 -0.3289 -0.3410 -0.3415 -0.3341 -0.3214 -0.1996 0.0313 0.1170 0.0570 0.0377 0.0239 0.0131 0.0048 -0.0012 -0.0104 -0.0390 -0.1380 -0.2732 -0.3325 -0.3416 -0.3265 -0.1293 0.1030 0.0484 0.0243 0.0094 0.0002 -0.0125 -0.0625 -0.2230 -0.3236 -0.3416 -0.3262 -0.0996 0.0988 0.0432 0.0209 0.0072 -0.0017 -0.0172 -0.0867 -0.2627 -0.1535
-0.1488 -0.2104 -0.0490 -0.0099 0.0015 0.0113 0.0275 0.0570 0.0985 -0.1953 -0.3338 -0.3408 -0.3012 -0.1603 -0.0351 -0.0067 0.0032 0.0140 0.0315 0.0674 0.0677 -0.2378 -0.3351 -0.3413 -0.3102 -0.2036 -0.0652 -0.0163 -0.0034 0.0035 0.0114 0.0224 0.0368 0.0570 0.1264 0.0053 -0.2704 -0.3252 -0.3375 -0.3426 -0.3366 -0.3135 -0.2648 -0.1853 -0.0993 -0.0464 -0.0219 -0.0107 -0.0047 -0.0004 0.0023 -0.0004 -0.0047 -0.0107 -0.0219 -0.0464 -0.0992 -0.1853 -0.2647 -0.3134 -0.3366 -0.3426 -0.3375 -0.3253 -0.2704 0.0053 0.1264 0.0570 0.0368 0.0224 0.0114 0.0035 -0.0034 -0.0163 -0.0652 -0.2036 -0.3102 -0.3413 -0.3351 -0.2378 0.0675 0.0674 0.0315 0.0140 0.0032 -0.0067 -0.0351 -0.1603 -0.3012 -0.3408 -0.3338 -0.1953 0.0985 0.0570 0.0275 0.0113 0.0015 -0.0099 -0.0490 -0.2104 -0.1488
-0.1383 -0.1470 -0.0276 -0.0048 0.0046 0.0162 0.0352 0.0879 0.0048 -0.3136 -0.3393 -0.3345 -0.2653 -0.0993 -0.0198 -0.0026 0.0064 0.0194 0.0404 0.0960 -0.0547 -0.3225 -0.3406 -0.3336 -0.2699 -0.1212 -0.0296 -0.0069 0.0014 0.0088 0.0196 0.0340 0.0541 0.1170 0.0053 -0.2997 -0.3271 -0.3391 -0.3423 -0.3311 -0.2968 -0.2280 -0.1310 -0.0582 -0.0250 -0.0110 -0.0044 0.0001 0.0037 0.0079 0.0119 0.0079 0.0037 0.0001 -0.0044 -0.0110 -0.0250 -0.0581 -0.1308 -0.2277 -0.2967 -0.3311 -0.3423 -0.3391 -0.3271 -0.2997 0.0053 0.1170 0.0541 0.0340 0.0196 0.0088 0.0014 -0.0069 -0.0296 -0.1211 -0.2698 -0.3336 -0.3406 -0.3225 -0.0550 0.0960 0.0404 0.0194 0.0064 -0.0026 -0.0198 -0.0993 -0.2653 -0.3345 -0.3393 -0.3136 0.0048 0.0879 0.0352 0.0162 0.0046 -0.0048 -0.0276 -0.1470 -0.1383
-0.1222 -0.0895 -0.0157 -0.0012 0.0078 0.0220 0.0451 0.1001 -0.1228 -0.3276 -0.3418 -0.3206 -0.2131 -0.0566 -0.0114 0.0007 0.0102 0.0257 0.0525 0.1017 -0.1699 -0.3313 -0.3419 -0.3158 -0.2086 -0.0614 -0.0139 -0.0017 0.0056 0.0157 0.0296 0.0488 0.0961 0.0313 -0.2704 -0.3271 -0.3396 -0.3419 -0.3268 -0.2829 -0.1972 -0.0954 -0.0381 -0.0152 -0.0060 -0.0007 0.0034 0.0078 0.0135 0.0207 0.0268 0.0207 0.0135 0.0078 0.0034 -0.0007 -0.0060 -0.0152 -0.0380 -0.0952 -0.1971 -0.2829 -0.3268 -0.3419 -0.3396 -0.3271 -0.2704 0.0313 0.0961 0.0488 0.0296 0.0157 0.0056 -0.0017 -0.0139 -0.0614 -0.2084 -0.3157 -0.3419 -0.3313 -0.1703 0.1017 0.0525 0.0257 0.0102 0.0007 -0.0114 -0.0566 -0.2131 -0.3206 -0.3418 -0.3276 -0.1228 0.1001 0.0451 0.0220 0.0078 -0.0012 -0.0157 -0.0895 -0.1222
-0.1022 -0.0512 -0.0089 0.0020 0.0121 0.0287 0.0603 0.0888 -0.2116 -0.3349 -0.3402 -0.2961 -0.1491 -0.0318 -0.0059 0.0038 0.0149 0.0332 0.0762 0.0362 -0.2750 -0.3379 -0.3378 -0.2846 -0.1351 -0.0308 -0.0065 0.0023 0.0110 0.0240 0.0418 0.0754 0.0762 -0.1996 -0.3252 -0.3391 -0.3419 -0.3252 -0.2750 -0.1777 -0.0761 -0.0282 -0.0104 -0.0032 0.0018 0.0063 0.0123 0.0196 0.0282 0.0391 0.0487 0.0391 0.0282 0.0196 0.0123 0.0063 0.0018 -0.0032 -0.0104 -0.0282 -0.0760 -0.1777 -0.2750 -0.3252 -0.3419 -0.3391 -0.3253 -0.1996 0.0762 0.0754 0.0418 0.0240 0.0110 0.0023 -0.0065 -0.0307 -0.1348 -0.2844 -0.3378 -0.3379 -0.2756 0.0359 0.0763 0.0332 0.0149 0.0038 -0.0059 -0.0318 -0.1491 -0.2961 -0.3402 -0.3349 -0.2116 0.0888 0.0603 0.0287 0.0121 0.0020 -0.0089 -0.0512 -0.1022
-0.0813 -0.0292 -0.0041 0.0051 0.0172 0.0367 0.0915 -0.0161 -0.3203 -0.3400 -0.3327 -0.2575 -0.0906 -0.0180 -0.0020 0.0070 0.0205 0.0423 0.0981 -0.0882 -0.3253 -0.3415 -0.3265 -0.2363 -0.0755 -0.0158 -0.0018 0.0062 0.0175 0.0337 0.0590 0.1176 -0.1129 -0.3214 -0.3375 -0.3423 -0.3268 -0.2750 -0.1711 -0.0678 -0.0236 -0.0081 -0.0015 0.0034 0.0090 0.0163 0.0252 0.0359 0.0495 0.0736 0.0977 0.0737 0.0495 0.0359 0.0252 0.0163 0.0090 0.0034 -0.0015 -0.0081 -0.0236 -0.0678 -0.1711 -0.2750 -0.3268 -0.3423 -0.3375 -0.3214 -0.1129 0.1176 0.0590 0.0337 0.0175 0.0062 -0.0018 -0.0158 -0.0751 -0.2359 -0.3263 -0.3415 -0.3254 -0.0885 0.0981 0.0423 0.0205 0.0070 -0.0020 -0.0180 -0.0906 -0.2575 -0.3327 -0.3400 -0.3203 -0.0161 0.0915 0.0367 0.0172 0.0051 -0.0041 -0.0292 -0.0813
-0.0626 -0.0170 -0.0006 0.0085 0.0231 0.0471 0.1010 -0.1388 -0.3290 -0.3419 -0.3173 -0.2027 -0.0513 -0.0103 0.0012 0.0110 0.0269 0.0556 0.0995 -0.1881 -0.3332 -0.3412 -0.3050 -0.1724 -0.0405 -0.0083 0.0018 0.0109 0.0251 0.0457 0.1019 -0.0121 -0.3150 -0.3341 -0.3426 -0.3311 -0.2829 -0.1777 -0.0678 -0.0222 -0.0071 -0.0005 0.0045 0.0111 0.0195 0.0299 0.0428 0.0617 0.1080 0.0658 -0.0457 0.0655 0.1080 0.0618 0.0429 0.0300 0.0196 0.0111 0.0045 -0.0005 -0.0071 -0.0222 -0.0678 -0.1777 -0.2829 -0.3311 -0.3426 -0.3341 -0.3150 -0.0121 0.1019 0.0457 0.0251 0.0109 0.0018 -0.0083 -0.0403 -0.1717 -0.3049 -0.3411 -0.3333 -0.1881 0.0996 0.0556 0.0269 0.0110 0.0012 -0.0103 -0.0513 -0.2027 -0.3173 -0.3419 -0.3290 -0.1388 0.1010 0.0471 0.0231 0.0085 -0.0006 -0.0170 -0.0626
-0.0475 -0.0098 0.0025 0.0129 0.0300 0.0642 0.0752 -0.2291 -0.3360 -0.3394 -0.2906 -0.1382 -0.0288 -0.0052 0.0043 0.0158 0.0346 0.0840 0.0142 -0.3017 -0.3390 -0.3354 -0.2701 -0.1072 -0.0220 -0.0035 0.0052 0.0166 0.0339 0.0644 0.0934 -0.2043 -0.3284 -0.3415 -0.3366 -0.2967 -0.1971 -0.0760 -0.0236 -0.0071 -0.0002 0.0051 0.0125 0.0218 0.0336 0.0486 0.0763 0.1137 -0.0337 -0.2384 -0.3167 -0.2385 -0.0343 0.1135 0.0764 0.0487 0.0336 0.0218 0.0125 0.0051 -0.0002 -0.0071 -0.0236 -0.0760 -0.1971 -0.2967 -0.3366 -0.3415 -0.3284 -0.2043 0.0934 0.0644 0.0339 0.0166 0.0052 -0.0035 -0.0219 -0.1069 -0.2700 -0.3354 -0.3390 -0.3017 0.0142 0.0840 0.0346 0.0158 0.0043 -0.0052 -0.0288 -0.1382 -0.2906 -0.3394 -0.3360 -0.2291 0.0752 0.0642 0.0300 0.0129 0.0025 -0.0098 -0.0475
-0.0366 -0.0045 0.0056 0.0181 0.0383 0.0936 -0.0373 -0.3219 -0.3406 -0.3307 -0.2493 -0.0824 -0.0163 -0.0014 0.0076 0.0215 0.0442 0.0995 -0.1121 -0.3270 -0.3418 -0.3221 -0.2187 -0.0606 -0.0123 0.0001 0.0090 0.0232 0.0447 0.1008 -0.0473 -0.3195 -0.3380 -0.3410 -0.3134 -0.2277 -0.0952 -0.0282 -0.0081 -0.0005 0.0051 0.0129 0.0230 0.0358 0.0530 0.0934 0.0772 -0.1187 -0.3163 -0.3300 -0.3361 -0.3300 -0.3164 -0.1194 0.0767 0.0936 0.0530 0.0359 0.0230 0.0129 0.0051 -0.0005 -0.0081 -0.0282 -0.0952 -0.2277 -0.3134 -0.3410 -0.3380 -0.3195 -0.0473 0.1008 0.0447 0.0232 0.0090 0.0001 -0.0123 -0.0605 -0.2188 -0.3221 -0.3418 -0.3270 -0.1121 0.0995 0.0442 0.0215 0.0076 -0.0014 -0.0163 -0.0824 -0.2493 -0.3307 -0.3406 -0.3219 -0.0373 0.0936 0.0383 0.0181 0.0056 -0.0045 -0.0366
-0.0298 -0.0001 0.0092 0.0242 0.0493 0.1015 -0.1529 -0.3303 -0.3418 -0.3136 -0.1920 -0.0465 -0.0093 0.0018 0.0117 0.0281 0.0587 0.0942 -0.2040 -0.3344 -0.3405 -0.2985 -0.1548 -0.0337 -0.0065 0.0033 0.0139 0.0308 0.0610 0.0962 -0.2006 -0.3307 -0.3423 -0.3289 -0.2647 -0.1308 -0.0380 -0.0104 -0.0015 0.0045 0.0125 0.0230 0.0366 0.0553 0.1091 0.0401 -0.1912 -0.3213 -0.3347 -0.3420 -0.3433 -0.3420 -0.3347 -0.3214 -0.1921 0.0399 0.1093 0.0554 0.0366 0.0230 0.0125 0.0045 -0.0015 -0.0104 -0.0380 -0.1308 -0.2647 -0.3289 -0.3423 -0.3307 -0.2006 0.0962 0.0610 0.0308 0.0139 0.0033 -0.0065 -0.0337 -0.1547 -0.2985 -0.3405 -0.3344 -0.2040 0.0942 0.0587 0.0281 0.0117 0.0018 -0.0093 -0.0465 -0.1920 -0.3136 -0.3418 -0.3303 -0.1529 0.1015 0.0493 0.0242 0.0092 -0.0001 -0.0298
-0.0251 0.0043 0.0137 0.0313 0.0688 0.0593 -0.2480 -0.3370 -0.3384 -0.2847 -0.1275 -0.0261 -0.0045 0.0048 0.0167 0.0360 0.0905 -0.0065 -0.3195 -0.3397 -0.3335 -0.2611 -0.0947 -0.0189 -0.0024 0.0066 0.0195 0.0399 0.0951 -0.0237 -0.3192 -0.3386 -0.3393 -0.2998 -0.1853 -0.0581 -0.0152 -0.0032 0.0034 0.0111 0.0218 0.0359 0.0554 0.1159 0.0189 -0.2469 -0.3246 -0.3373 -0.3425 -0.3361 -0.3266 -0.3361 -0.3425 -0.3373 -0.3247 -0.2475 0.0189 0.1159 0.0554 0.0359 0.0218 0.0111 0.0034 -0.0032 -0.0152 -0.0581 -0.1853 -0.2998 -0.3393 -0.3386 -0.3192 -0.0237 0.0951 0.0399 0.0195 0.0066 -0.0024 -0.0189 -0.0947 -0.2611 -0.3335 -0.3397 -0.3195 -0.0065 0.0905 0.0360 0.0167 0.0048 -0.0045 -0.0261 -0.1275 -0.2847 -0.3384 -0.3370 -0.2480 0.0593 0.0688 0.0313 0.0137 0.0043 -0.0251
-0.0202 0.0092 0.0191 0.0399 0.0956 -0.0587 -0.3234 -0.3410 -0.3285 -0.2406 -0.0749 -0.0149 -0.0008 0.0082 0.0226 0.0462 0.1006 -0.1324 -0.3284 -0.3419 -0.3188 -0.2075 -0.0537 -0.0108 0.0010 0.0105 0.0260 0.0522 0.1039 -0.1629 -0.3294 -0.3421 -0.3260 -0.2475 -0.0992 -0.0250 -0.0060 0.0018 0.0090 0.0196 0.0336 0.0530 0.1093 0.0189 -0.2689 -0.3262 -0.3387 -0.3424 -0.3309 -0.2960 -0.2636 -0.2958 -0.3308 -0.3424 -0.3387 -0.3262 -0.2689 0.0189 0.1093 0.0530 0.0336 0.0196 0.0090 0.0018 -0.0060 -0.0250 -0.0992 -0.2475 -0.3260 -0.3421 -0.3294 -0.1629 0.1039 0.0522 0.0260 0.0105 0.0010 -0.0108 -0.0537 -0.2075 -0.3188 -0.3419 -0.3284 -0.1324 0.1006 0.0462 0.0226 0.0082 -0.0008 -0.0149 -0.0749 -0.2406 -0.3285 -0.3410 -0.3234 -0.0587 0.0956 0.0399 0.0191 0.0092 -0.0202
-0.0152 0.0143 0.0253 0.0517 0.1013 -0.1672 -0.3316 -0.3416 -0.3096 -0.1810 -0.0421 -0.0084 0.0023 0.0125 0.0294 0.0624 0.0817 -0.2209 -0.3355 -0.3397 -0.2932 -0.1432 -0.0301 -0.0055 0.0041 0.0154 0.0337 0.0761 0.0389 -0.2718 -0.3370 -0.3397 -0.2985 -0.1714 -0.0464 -0.0110 -0.0007 0.0063 0.0163 0.0300 0.0487 0.0936 0.0399 -0.2475 -0.3262 -0.3391 -0.3421 -0.3281 -0.2833 -0.1971 -0.1379 -0.1968 -0.2831 -0.3280 -0.3421 -0.3391 -0.3262 -0.2475 0.0399 0.0936 0.0487 0.0300 0.0163 0.0063 -0.0007 -0.0110 -0.0464 -0.1714 -0.2985 -0.3397 -0.3370 -0.2718 0.0389 0.0761 0.0337 0.0154 0.0041 -0.0055 -0.0301 -0.1432 -0.2932 -0.3397 -0.3355 -0.2209 0.0817 0.0624 0.0294 0.0125 0.0023 -0.0084 -0.0421 -0.1810 -0.3096 -0.3416 -0.3316 -0.1672 0.1013 0.0517 0.0253 0.0143 -0.0152
-0.0107 0.0193 0.0326 0.0742 0.0416 -0.2688 -0.3379 -0.3372 -0.2783 -0.1172 -0.0237 -0.0038 0.0054 0.0177 0.0376 0.0927 -0.0276 -0.3212 -0.3403 -0.3317 -0.2531 -0.0860 -0.0171 -0.0017 0.0073 0.0210 0.0431 0.0988 -0.0903 -0.3251 -0.3414 -0.3294 -0.2523 -0.0959 -0.0219 -0.0044 0.0034 0.0123 0.0252 0.0429 0.0764 0.0767 -0.1921 -0.3247 -0.3387 -0.3421 -0.3268 -0.2786 -0.1796 -0.0767 -0.0435 -0.0765 -0.1792 -0.2784 -0.3267 -0.3421 -0.3387 -0.3247 -0.1921 0.0767 0.0764 0.0429 0.0252 0.0123 0.0034 -0.0044 -0.0219 -0.0959 -0.2522 -0.3294 -0.3414 -0.3251 -0.0903 0.0988 0.0431 0.0210 0.0073 -0.0017 -0.0171 -0.0860 -0.2531 -0.3317 -0.3403 -0.3212 -0.0276 0.0927 0.0376 0.0177 0.0054 -0.0038 -0.0237 -0.1172 -0.2783 -0.3372 -0.3379 -0.2688 0.0416 0.0742 0.0326 0.0193 -0.0107
-0.0067 0.0241 0.0416 0.0974 -0.0805 -0.3249 -0.3414 -0.3260 -0.2314 -0.0679 -0.0136 -0.0003 0.0088 0.0237 0.0483 0.1014 -0.1464 -0.3297 -0.3418 -0.3153 -0.1969 -0.0486 -0.0098 0.0015 0.0114 0.0276 0.0569 0.0997 -0.1937 -0.3333 -0.3414 -0.3084 -0.1863 -0.0487 -0.0107 0.0001 0.0078 0.0196 0.0359 0.0618 0.1135 -0.1194 -0.3214 -0.3373 -0.3424 -0.3280 -0.2785 -0.1770 -0.0695 -0.0238 -0.0123 -0.0237 -0.0693 -0.1766 -0.2784 -0.3280 -0.3424 -0.3373 -0.3214 -0.1194 0.1135 0.0618 0.0359 0.0196 0.0078 0.0001 -0.0107 -0.0487 -0.1863 -0.3083 -0.3414 -0.3333 -0.1937 0.0997 0.0569 0.0276 0.0114 0.0015 -0.0098 -0.0486 -0.1969 -0.3153 -0.3418 -0.3297 -0.1464 0.1014 0.0483 0.0237 0.0088 -0.0003 -0.0136 -0.0679 -0.2314 -0.3260 -0.3414 -0.3249 -0.0805 0.0974 0.0416 0.0241 -0.0067
-0.0033 0.0287 0.0544 0.1005 -0.1826 -0.3329 -0.3412 -0.3048 -0.1689 -0.0378 -0.0074 0.0028 0.0134 0.0307 0.0667 0.0664 -0.2398 -0.3366 -0.3387 -0.2869 -0.1314 -0.0271 -0.0048 0.0046 0.0163 0.0354 0.0883 0.0046 -0.3143 -0.3392 -0.3354 -0.2721 -0.1142 -0.0247 -0.0047 0.0037 0.0135 0.0282 0.0495 0.1080 -0.0343 -0.3164 -0.3347 -0.3425 -0.3308 -0.2832 -0.1795 -0.0694 -0.0224 -0.0070 -0.0016 -0.0070 -0.0224 -0.0693 -0.1792 -0.2831 -0.3308 -0.3425 -0.3347 -0.3164 -0.0343 0.1080 0.0495 0.0282 0.0135 0.0037 -0.0047 -0.0247 -0.1141 -0.2722 -0.3354 -0.3392 -0.3143 0.0046 0.0883 0.0354 0.0163 0.0046 -0.0048 -0.0271 -0.1314 -0.2869 -0.3387 -0.3366 -0.2398 0.0664 0.0667 0.0307 0.0134 0.0028 -0.0074 -0.0378 -0.1689 -0.3048 -0.3412 -0.3329 -0.1826 0.1005 0.0544 0.0287 -0.0033
0.0000 0.0351 0.0814 0.0207 -0.2939 -0.3388 -0.3358 -0.2711 -0.1066 -0.0213 -0.0029 0.0061 0.0190 0.0397 0.0936 -0.0499 -0.3228 -0.3409 -0.3295 -0.2441 -0.0776 -0.0154 -0.0009 0.0081 0.0225 0.0457 0.0969 -0.1247 -0.3277 -0.3419 -0.3216 -0.2194 -0.0626 -0.0130 -0.0004 0.0079 0.0207 0.0391 0.0737 0.0656 -0.2385 -0.3300 -0.3420 -0.3361 -0.2958 -0.1968 -0.0766 -0.0238 -0.0070 0.0005 0.0045 0.0005 -0.0070 -0.0237 -0.0765 -0.1967 -0.2958 -0.3361 -0.3420 -0.3300 -0.2385 0.0656 0.0737 0.0391 0.0207 0.0079 -0.0004 -0.0130 -0.0626 -0.2194 -0.3216 -0.3419 -0.3277 -0.1247 0.0969 0.0457 0.0225 0.0081 -0.0009 -0.0154 -0.0776 -0.2441 -0.3295 -0.3409 -0.3228 -0.0499 0.0936 0.0397 0.0190 0.0061 -0.0029 -0.0213 -0.1066 -0.2711 -0.3358 -0.3388 -0.2939 0.0207 0.0814 0.0351 -0.0000
0.0027 0.0427 0.0948 -0.0723 -0.3227 -0.3410 -0.3302 -0.2457 -0.0785 -0.0155 -0.0002 0.0089 0.0237 0.0477 0.0955 -0.1331 -0.3277 -0.3421 -0.3211 -0.2133 -0.0562 -0.0111 0.0015 0.0114 0.0276 0.0558 0.0867 -0.1817 -0.3321 -0.3419 -0.3100 -0.1832 -0.0441 -0.0087 0.0023 0.0119 0.0268 0.0487 0.0976 -0.0455 -0.3167 -0.3361 -0.3433 -0.3266 -0.2634 -0.1378 -0.0435 -0.0122 -0.0016 0.0045 0.0097 0.0045 -0.0016 -0.0122 -0.0434 -0.1378 -0.2634 -0.3266 -0.3433 -0.3361 -0.3167 -0.0455 0.0976 0.0487 0.0268 0.0119 0.0023 -0.0087 -0.0441 -0.1832 -0.3100 -0.3419 -0.3321 -0.1817 0.0867 0.0558 0.0276 0.0114 0.0015 -0.0111 -0.0562 -0.2133 -0.3211 -0.3421 -0.3277 -0.1331 0.0955 0.0477 0.0237 0.0089 -0.0002 -0.0155 -0.0785 -0.2457 -0.3302 -0.3410 -0.3226 -0.0720 0.0948 0.0427 0.0027
0.0000 0.0351 0.0814 0.0207 -0.2939 -0.3388 -0.3358 -0.2711 -0.1066 -0.0213 -0.0029 0.0061 0.0190 0.0397 0.0936 -0.0499 -0.3228 -0.3409 -0.3295 -0.2441 -0.0776 -0.0154 -0.0009 0.0081 0.0225 0.0457 0.0969 -0.1247 -0.3277 -0.3419 -0.3216 -0.2194 -0.0626 -0.0130 -0.0004 0.0079 0.0207 0.0391 0.0737 0.0656 -0.2385 -0.3300 -0.3420 -0.3361 -0.2958 -0.1967 -0.0765 -0.0237 -0.0070 0.0005 0.0045 0.0005 -0.0070 -0.0237 -0.0765 -0.1967 -0.2958 -0.3361 -0.3420 -0.3300 -0.2385 0.0656 0.0737 0.0391 0.0207 0.0079 -0.0004 -0.0130 -0.0626 -0.2194 -0.3216 -0.3419 -0.3277 -0.1247 0.0969 0.0457 0.0225 0.0081 -0.0009 -0.0154 -0.0776 -0.2441 -0.3295 -0.3409 -0.3228 -0.0499 0.0936 0.0397 0.0190 0.0061 -0.0029 -0.0213 -0.1066 -0.2711 -0.3358 -0.3388 -0.2939 0.0207 0.0814 0.0351 -0.0000
