0.3984 0.3624 0.3771 0.3903 0.4007 0.4089 0.4147 0.4185 0.4207 0.4220 0.4225 0.4222 0.4211 0.4191 0.4163 0.4126 0.4081 0.4027 0.3962 0.3883 0.3787 0.3666 0.3507 0.3324 0.3151 0.3044 0.3008 0.3009 0.3037 0.3090 0.3162 0.3254 0.3361 0.3481 0.3609 0.3739 0.3863 0.3973 0.4062 0.4128 0.4173 0.4201 0.4216 0.4224 0.4224 0.4216 0.4200 0.4175 0.4141 0.4094 0.4049 0.4094 0.4141 0.4175 0.4200 0.4216 0.4224 0.4224 0.4216 0.4201 0.4173 0.4128 0.4062 0.3973 0.3863 0.3739 0.3609 0.3481 0.3361 0.3254 0.3162 0.3090 0.3037 0.3009 0.3008 0.3044 0.3151 0.3324 0.3507 0.3666 0.3787 0.3883 0.3962 0.4027 0.4081 0.4126 0.4163 0.4191 0.4211 0.4222 0.4225 0.4220 0.4207 0.4185 0.4147 0.4089 0.4007 0.3903 0.3771 0.3624 0.3984
0.3624 0.3558 0.3978 0.4127 0.4190 0.4206 0.4198 0.4176 0.4143 0.4100 0.4045 0.3977 0.3895 0.3797 0.3682 0.3550 0.3397 0.3216 0.2996 0.2712 0.2375 0.2026 0.1805 0.1747 0.1790 0.1909 0.2050 0.2211 0.2393 0.2596 0.2818 0.3059 0.3310 0.3562 0.3797 0.3988 0.4115 0.4181 0.4205 0.4203 0.4186 0.4157 0.4117 0.4066 0.4004 0.3927 0.3835 0.3727 0.3603 0.3444 0.3300 0.3444 0.3603 0.3727 0.3835 0.3927 0.4004 0.4066 0.4117 0.4157 0.4186 0.4203 0.4205 0.4181 0.4115 0.3988 0.3797 0.3562 0.3310 0.3059 0.2818 0.2596 0.2393 0.2211 0.2050 0.1909 0.1790 0.1747 0.1805 0.2026 0.2375 0.2712 0.2996 0.3216 0.3397 0.3550 0.3682 0.3797 0.3895 0.3977 0.4045 0.4100 0.4143 0.4176 0.4198 0.4206 0.4190 0.4127 0.3978 0.3558 0.3624
0.3771 0.3978 0.4178 0.4198 0.4175 0.4137 0.4091 0.4036 0.3973 0.3898 0.3810 0.3705 0.3581 0.3434 0.3260 0.3049 0.2780 0.2453 0.2101 0.1853 0.1772 0.1798 0.1911 0.2053 0.2215 0.2398 0.2601 0.2825 0.3067 0.3319 0.3572 0.3805 0.3994 0.4117 0.4180 0.4201 0.4197 0.4177 0.4146 0.4105 0.4055 0.3996 0.3927 0.3844 0.3746 0.3629 0.3491 0.3328 0.3133 0.2871 0.2632 0.2871 0.3133 0.3328 0.3491 0.3629 0.3746 0.3844 0.3927 0.3996 0.4055 0.4105 0.4146 0.4177 0.4197 0.4201 0.4180 0.4117 0.3994 0.3805 0.3572 0.3319 0.3067 0.2825 0.2601 0.2398 0.2215 0.2053 0.1911 0.1798 0.1772 0.1853 0.2101 0.2453 0.2780 0.3049 0.3260 0.3434 0.3581 0.3705 0.3810 0.3898 0.3973 0.4036 0.4091 0.4137 0.4175 0.4198 0.4178 0.3978 0.3771
0.3903 0.4127 0.4198 0.4156 0.4092 0.4018 0.3935 0.3841 0.3734 0.3609 0.3464 0.3293 0.3089 0.2833 0.2512 0.2158 0.1883 0.1777 0.1787 0.1889 0.2028 0.2186 0.2365 0.2565 0.2786 0.3024 0.3276 0.3529 0.3768 0.3966 0.4101 0.4173 0.4199 0.4199 0.4181 0.4152 0.4113 0.4065 0.4007 0.3939 0.3859 0.3764 0.3651 0.3517 0.3358 0.3168 0.2936 0.2635 0.2290 0.1962 0.1810 0.1962 0.2290 0.2635 0.2936 0.3168 0.3358 0.3517 0.3651 0.3764 0.3859 0.3939 0.4007 0.4065 0.4113 0.4152 0.4181 0.4199 0.4199 0.4173 0.4101 0.3966 0.3768 0.3529 0.3276 0.3024 0.2786 0.2565 0.2365 0.2186 0.2028 0.1889 0.1787 0.1777 0.1883 0.2158 0.2512 0.2833 0.3089 0.3293 0.3464 0.3609 0.3734 0.3841 0.3935 0.4018 0.4092 0.4156 0.4198 0.4127 0.3903
0.4007 0.4190 0.4175 0.4092 0.3987 0.3863 0.3721 0.3558 0.3373 0.3163 0.2912 0.2592 0.2231 0.1921 0.1783 0.1779 0.1868 0.2003 0.2157 0.2333 0.2529 0.2747 0.2983 0.3232 0.3486 0.3729 0.3936 0.4083 0.4164 0.4197 0.4200 0.4185 0.4157 0.4120 0.4073 0.4018 0.3952 0.3874 0.3781 0.3671 0.3541 0.3387 0.3203 0.2980 0.2690 0.2351 0.2012 0.1813 0.1772 0.1825 0.1891 0.1825 0.1772 0.1813 0.2012 0.2351 0.2690 0.2980 0.3203 0.3387 0.3541 0.3671 0.3781 0.3874 0.3952 0.4018 0.4073 0.4120 0.4157 0.4185 0.4200 0.4197 0.4164 0.4083 0.3936 0.3729 0.3486 0.3232 0.2983 0.2747 0.2529 0.2333 0.2157 0.2003 0.1868 0.1779 0.1783 0.1921 0.2231 0.2592 0.2912 0.3163 0.3373 0.3558 0.3721 0.3863 0.3987 0.4092 0.4175 0.4190 0.4007
0.4089 0.4206 0.4137 0.4018 0.3863 0.3672 0.3443 0.3173 0.2858 0.2457 0.2035 0.1798 0.1764 0.1838 0.1973 0.2127 0.2300 0.2494 0.2708 0.2941 0.3189 0.3443 0.3690 0.3905 0.4063 0.4154 0.4194 0.4201 0.4188 0.4163 0.4127 0.4082 0.4028 0.3964 0.3888 0.3798 0.3691 0.3565 0.3415 0.3237 0.3022 0.2744 0.2412 0.2063 0.1835 0.1770 0.1808 0.1927 0.2074 0.2237 0.2334 0.2237 0.2074 0.1927 0.1808 0.1770 0.1835 0.2063 0.2412 0.2744 0.3022 0.3237 0.3415 0.3565 0.3691 0.3798 0.3888 0.3964 0.4028 0.4082 0.4127 0.4163 0.4188 0.4201 0.4194 0.4154 0.4063 0.3905 0.3690 0.3443 0.3189 0.2941 0.2708 0.2494 0.2300 0.2127 0.1973 0.1838 0.1764 0.1798 0.2035 0.2457 0.2858 0.3173 0.3443 0.3672 0.3863 0.4018 0.4137 0.4206 0.4089
0.4147 0.4198 0.4091 0.3935 0.3721 0.3443 0.3097 0.2665 0.2102 0.1763 0.1756 0.1891 0.2056 0.2238 0.2439 0.2657 0.2892 0.3142 0.3398 0.3648 0.3871 0.4041 0.4143 0.4190 0.4202 0.4192 0.4168 0.4134 0.4090 0.4038 0.3975 0.3902 0.3815 0.3711 0.3588 0.3443 0.3270 0.3062 0.2796 0.2471 0.2118 0.1861 0.1773 0.1795 0.1904 0.2045 0.2206 0.2387 0.2593 0.2815 0.2944 0.2815 0.2593 0.2387 0.2206 0.2045 0.1904 0.1795 0.1773 0.1861 0.2118 0.2471 0.2796 0.3062 0.3270 0.3443 0.3588 0.3711 0.3815 0.3902 0.3975 0.4038 0.4090 0.4134 0.4168 0.4192 0.4202 0.4190 0.4143 0.4041 0.3871 0.3648 0.3398 0.3142 0.2892 0.2657 0.2439 0.2238 0.2056 0.1891 0.1756 0.1763 0.2102 0.2665 0.3097 0.3443 0.3721 0.3935 0.4091 0.4198 0.4147
0.4185 0.4176 0.4036 0.3841 0.3558 0.3173 0.2665 0.1991 0.1708 0.1841 0.2041 0.2265 0.2510 0.2771 0.3043 0.3319 0.3586 0.3826 0.4012 0.4129 0.4185 0.4201 0.4194 0.4173 0.4140 0.4098 0.4047 0.3987 0.3915 0.3831 0.3730 0.3611 0.3469 0.3302 0.3100 0.2848 0.2530 0.2177 0.1893 0.1779 0.1785 0.1882 0.2020 0.2177 0.2355 0.2554 0.2773 0.3011 0.3266 0.3518 0.3651 0.3518 0.3266 0.3011 0.2773 0.2554 0.2355 0.2177 0.2020 0.1882 0.1785 0.1779 0.1893 0.2177 0.2530 0.2848 0.3100 0.3302 0.3469 0.3611 0.3730 0.3831 0.3915 0.3987 0.4047 0.4098 0.4140 0.4173 0.4194 0.4201 0.4185 0.4129 0.4012 0.3826 0.3586 0.3319 0.3043 0.2771 0.2510 0.2265 0.2041 0.1841 0.1708 0.1991 0.2665 0.3173 0.3558 0.3841 0.4036 0.4176 0.4185
0.4207 0.4143 0.3973 0.3734 0.3373 0.2858 0.2102 0.1708 0.1877 0.2126 0.2413 0.2728 0.3060 0.3390 0.3694 0.3938 0.4097 0.4174 0.4200 0.4197 0.4178 0.4147 0.4106 0.4057 0.3998 0.3928 0.3846 0.3748 0.3632 0.3495 0.3332 0.3138 0.2896 0.2587 0.2238 0.1930 0.1787 0.1777 0.1861 0.1995 0.2149 0.2323 0.2518 0.2735 0.2970 0.3219 0.3473 0.3717 0.3930 0.4078 0.4127 0.4078 0.3930 0.3717 0.3473 0.3219 0.2970 0.2735 0.2518 0.2323 0.2149 0.1995 0.1861 0.1777 0.1787 0.1930 0.2238 0.2587 0.2896 0.3138 0.3332 0.3495 0.3632 0.3748 0.3846 0.3928 0.3998 0.4057 0.4106 0.4147 0.4178 0.4197 0.4200 0.4174 0.4097 0.3938 0.3694 0.3390 0.3060 0.2728 0.2413 0.2126 0.1877 0.1708 0.2102 0.2858 0.3373 0.3734 0.3973 0.4143 0.4207
0.4220 0.4100 0.3898 0.3609 0.3163 0.2457 0.1763 0.1841 0.2126 0.2465 0.2846 0.3248 0.3631 0.3938 0.4117 0.4188 0.4201 0.4186 0.4156 0.4117 0.4068 0.4010 0.3942 0.3861 0.3766 0.3654 0.3520 0.3362 0.3174 0.2942 0.2643 0.2299 0.1972 0.1799 0.1772 0.1840 0.1971 0.2121 0.2292 0.2483 0.2696 0.2928 0.3175 0.3430 0.3677 0.3895 0.4056 0.4151 0.4194 0.4200 0.4189 0.4200 0.4194 0.4151 0.4056 0.3895 0.3677 0.3430 0.3175 0.2928 0.2696 0.2483 0.2292 0.2121 0.1971 0.1840 0.1772 0.1799 0.1972 0.2299 0.2643 0.2942 0.3174 0.3362 0.3520 0.3654 0.3766 0.3861 0.3942 0.4010 0.4068 0.4117 0.4156 0.4186 0.4201 0.4188 0.4117 0.3938 0.3631 0.3248 0.2846 0.2465 0.2126 0.1841 0.1763 0.2457 0.3163 0.3609 0.3898 0.4100 0.4220
0.4225 0.4045 0.3810 0.3464 0.2912 0.2035 0.1756 0.2041 0.2413 0.2846 0.3311 0.3745 0.4049 0.4177 0.4201 0.4181 0.4143 0.4093 0.4034 0.3964 0.3884 0.3789 0.3678 0.3547 0.3392 0.3209 0.2986 0.2698 0.2360 0.2019 0.1816 0.1770 0.1821 0.1947 0.2094 0.2261 0.2449 0.2659 0.2887 0.3132 0.3386 0.3636 0.3861 0.4033 0.4139 0.4189 0.4202 0.4193 0.4170 0.4133 0.4100 0.4133 0.4170 0.4193 0.4202 0.4189 0.4139 0.4033 0.3861 0.3636 0.3386 0.3132 0.2887 0.2659 0.2449 0.2261 0.2094 0.1947 0.1821 0.1770 0.1816 0.2019 0.2360 0.2698 0.2986 0.3209 0.3392 0.3547 0.3678 0.3789 0.3884 0.3964 0.4034 0.4093 0.4143 0.4181 0.4201 0.4177 0.4049 0.3745 0.3311 0.2846 0.2413 0.2041 0.1756 0.2035 0.2912 0.3464 0.3810 0.4045 0.4225
0.4222 0.3977 0.3705 0.3293 0.2593 0.1798 0.1891 0.2265 0.2728 0.3248 0.3745 0.4078 0.4191 0.4194 0.4155 0.4097 0.4025 0.3942 0.3843 0.3729 0.3595 0.3439 0.3256 0.3039 0.2760 0.2426 0.2073 0.1838 0.1771 0.1806 0.1924 0.2067 0.2231 0.2416 0.2621 0.2847 0.3090 0.3343 0.3595 0.3825 0.4008 0.4126 0.4183 0.4201 0.4195 0.4174 0.4142 0.4101 0.4050 0.3986 0.3932 0.3986 0.4050 0.4101 0.4142 0.4174 0.4195 0.4201 0.4183 0.4126 0.4008 0.3825 0.3595 0.3343 0.3090 0.2847 0.2621 0.2416 0.2231 0.2067 0.1924 0.1806 0.1771 0.1838 0.2073 0.2426 0.2760 0.3039 0.3256 0.3439 0.3595 0.3729 0.3843 0.3942 0.4025 0.4097 0.4155 0.4194 0.4191 0.4078 0.3745 0.3248 0.2728 0.2265 0.1891 0.1798 0.2592 0.3293 0.3705 0.3977 0.4222
0.4211 0.3895 0.3581 0.3090 0.2231 0.1763 0.2055 0.2509 0.3060 0.3631 0.4049 0.4191 0.4190 0.4139 0.4064 0.3971 0.3858 0.3721 0.3560 0.3371 0.3151 0.2884 0.2542 0.2163 0.1874 0.1772 0.1791 0.1899 0.2040 0.2202 0.2383 0.2585 0.2807 0.3047 0.3299 0.3552 0.3788 0.3982 0.4110 0.4177 0.4200 0.4198 0.4179 0.4149 0.4109 0.4060 0.4001 0.3933 0.3851 0.3747 0.3659 0.3747 0.3851 0.3933 0.4001 0.4060 0.4109 0.4149 0.4179 0.4198 0.4200 0.4177 0.4110 0.3982 0.3788 0.3552 0.3299 0.3047 0.2807 0.2585 0.2383 0.2202 0.2040 0.1899 0.1791 0.1772 0.1874 0.2163 0.2542 0.2884 0.3151 0.3371 0.3560 0.3721 0.3858 0.3971 0.4064 0.4139 0.4190 0.4191 0.4049 0.3631 0.3060 0.2510 0.2056 0.1764 0.2231 0.3089 0.3581 0.3895 0.4211
0.4191 0.3797 0.3434 0.2833 0.1921 0.1837 0.2238 0.2771 0.3390 0.3938 0.4177 0.4194 0.4139 0.4052 0.3941 0.3800 0.3624 0.3409 0.3152 0.2838 0.2429 0.2006 0.1783 0.1765 0.1859 0.2002 0.2163 0.2344 0.2545 0.2766 0.3004 0.3256 0.3510 0.3751 0.3953 0.4093 0.4169 0.4198 0.4199 0.4183 0.4154 0.4116 0.4069 0.4012 0.3945 0.3866 0.3772 0.3660 0.3528 0.3361 0.3218 0.3361 0.3528 0.3660 0.3772 0.3866 0.3945 0.4012 0.4069 0.4116 0.4154 0.4183 0.4199 0.4198 0.4169 0.4093 0.3953 0.3751 0.3510 0.3256 0.3004 0.2766 0.2545 0.2344 0.2163 0.2002 0.1859 0.1765 0.1783 0.2006 0.2429 0.2838 0.3152 0.3409 0.3624 0.3800 0.3941 0.4052 0.4139 0.4194 0.4177 0.3938 0.3390 0.2771 0.2238 0.1838 0.1921 0.2833 0.3434 0.3797 0.4191
0.4163 0.3682 0.3260 0.2512 0.1783 0.1973 0.2439 0.3043 0.3694 0.4117 0.4201 0.4155 0.4064 0.3941 0.3779 0.3570 0.3307 0.2979 0.2546 0.2026 0.1754 0.1768 0.1909 0.2078 0.2266 0.2474 0.2702 0.2945 0.3201 0.3460 0.3708 0.3921 0.4074 0.4160 0.4196 0.4201 0.4187 0.4160 0.4123 0.4077 0.4022 0.3957 0.3880 0.3789 0.3681 0.3552 0.3400 0.3219 0.2999 0.2700 0.2452 0.2700 0.2999 0.3219 0.3400 0.3552 0.3681 0.3789 0.3880 0.3957 0.4022 0.4077 0.4123 0.4160 0.4187 0.4201 0.4196 0.4160 0.4074 0.3921 0.3708 0.3460 0.3201 0.2945 0.2702 0.2474 0.2266 0.2078 0.1909 0.1768 0.1754 0.2027 0.2546 0.2979 0.3307 0.3570 0.3779 0.3941 0.4064 0.4155 0.4201 0.4117 0.3694 0.3043 0.2439 0.1973 0.1783 0.2512 0.3260 0.3682 0.4163
0.4126 0.3550 0.3049 0.2158 0.1779 0.2127 0.2657 0.3319 0.3938 0.4188 0.4181 0.4097 0.3971 0.3800 0.3570 0.3271 0.2884 0.2336 0.1826 0.1731 0.1884 0.2079 0.2300 0.2545 0.2808 0.3085 0.3366 0.3636 0.3871 0.4046 0.4147 0.4192 0.4201 0.4190 0.4165 0.4130 0.4086 0.4032 0.3969 0.3894 0.3806 0.3700 0.3576 0.3428 0.3252 0.3040 0.2768 0.2439 0.2088 0.1845 0.1768 0.1845 0.2088 0.2439 0.2768 0.3040 0.3252 0.3428 0.3576 0.3700 0.3806 0.3894 0.3969 0.4032 0.4086 0.4130 0.4165 0.4190 0.4201 0.4192 0.4147 0.4046 0.3871 0.3636 0.3366 0.3085 0.2808 0.2545 0.2300 0.2079 0.1884 0.1731 0.1826 0.2336 0.2884 0.3271 0.3570 0.3800 0.3971 0.4097 0.4181 0.4188 0.3938 0.3319 0.2657 0.2127 0.1779 0.2158 0.3049 0.3550 0.4126
0.4081 0.3397 0.2780 0.1883 0.1868 0.2300 0.2892 0.3586 0.4097 0.4201 0.4143 0.4025 0.3858 0.3624 0.3307 0.2884 0.2264 0.1760 0.1774 0.1978 0.2220 0.2496 0.2801 0.3121 0.3443 0.3738 0.3972 0.4116 0.4182 0.4201 0.4194 0.4171 0.4138 0.4095 0.4042 0.3981 0.3908 0.3822 0.3720 0.3599 0.3455 0.3284 0.3080 0.2820 0.2498 0.2145 0.1875 0.1775 0.1791 0.1895 0.1968 0.1895 0.1791 0.1775 0.1875 0.2145 0.2498 0.2820 0.3080 0.3284 0.3455 0.3599 0.3720 0.3822 0.3908 0.3981 0.4042 0.4095 0.4138 0.4171 0.4194 0.4201 0.4182 0.4116 0.3972 0.3738 0.3443 0.3121 0.2801 0.2496 0.2220 0.1978 0.1774 0.1760 0.2264 0.2884 0.3307 0.3624 0.3858 0.4025 0.4143 0.4201 0.4097 0.3586 0.2892 0.2300 0.1868 0.1883 0.2780 0.3397 0.4081
0.4027 0.3216 0.2453 0.1777 0.2003 0.2494 0.3142 0.3826 0.4174 0.4186 0.4093 0.3942 0.3721 0.3410 0.2979 0.2336 0.1760 0.1794 0.2028 0.2312 0.2638 0.2999 0.3372 0.3720 0.3988 0.4138 0.4194 0.4200 0.4181 0.4149 0.4107 0.4055 0.3994 0.3923 0.3839 0.3739 0.3621 0.3481 0.3316 0.3118 0.2870 0.2556 0.2204 0.1909 0.1782 0.1781 0.1872 0.2008 0.2166 0.2342 0.2446 0.2342 0.2166 0.2008 0.1872 0.1781 0.1782 0.1909 0.2204 0.2556 0.2870 0.3118 0.3316 0.3481 0.3621 0.3739 0.3839 0.3923 0.3994 0.4055 0.4107 0.4149 0.4181 0.4200 0.4194 0.4138 0.3988 0.3720 0.3372 0.2999 0.2638 0.2312 0.2028 0.1794 0.1760 0.2336 0.2979 0.3409 0.3721 0.3942 0.4093 0.4186 0.4174 0.3826 0.3142 0.2494 0.2003 0.1777 0.2453 0.3216 0.4027
0.3962 0.2996 0.2101 0.1787 0.2157 0.2708 0.3398 0.4012 0.4200 0.4156 0.4034 0.3843 0.3560 0.3152 0.2546 0.1826 0.1774 0.2028 0.2343 0.2712 0.3122 0.3537 0.3893 0.4111 0.4191 0.4199 0.4174 0.4134 0.4082 0.4021 0.3949 0.3864 0.3765 0.3649 0.3511 0.3349 0.3156 0.2919 0.2613 0.2266 0.1949 0.1792 0.1775 0.1851 0.1984 0.2136 0.2309 0.2502 0.2721 0.2953 0.3086 0.2953 0.2721 0.2502 0.2309 0.2136 0.1984 0.1851 0.1775 0.1792 0.1949 0.2266 0.2613 0.2919 0.3156 0.3349 0.3511 0.3649 0.3765 0.3864 0.3949 0.4021 0.4082 0.4134 0.4174 0.4199 0.4191 0.4111 0.3893 0.3537 0.3122 0.2712 0.2343 0.2028 0.1774 0.1826 0.2546 0.3152 0.3560 0.3843 0.4034 0.4156 0.4200 0.4012 0.3398 0.2708 0.2157 0.1787 0.2101 0.2996 0.3962
0.3883 0.2712 0.1853 0.1889 0.2333 0.2941 0.3648 0.4129 0.4197 0.4117 0.3964 0.3728 0.3371 0.2840 0.2027 0.1731 0.1978 0.2312 0.2712 0.3163 0.3617 0.3980 0.4159 0.4201 0.4183 0.4139 0.4080 0.4007 0.3922 0.3821 0.3703 0.3564 0.3402 0.3211 0.2979 0.2683 0.2337 0.1996 0.1806 0.1771 0.1831 0.1960 0.2108 0.2278 0.2468 0.2679 0.2910 0.3156 0.3414 0.3661 0.3785 0.3661 0.3414 0.3156 0.2910 0.2679 0.2468 0.2278 0.2108 0.1960 0.1831 0.1771 0.1806 0.1996 0.2337 0.2683 0.2979 0.3211 0.3402 0.3564 0.3703 0.3821 0.3922 0.4007 0.4080 0.4139 0.4183 0.4201 0.4159 0.3980 0.3617 0.3163 0.2712 0.2312 0.1978 0.1731 0.2027 0.2838 0.3371 0.3729 0.3964 0.4117 0.4197 0.4129 0.3648 0.2941 0.2333 0.1889 0.1853 0.2712 0.3883
0.3787 0.2375 0.1772 0.2028 0.2529 0.3189 0.3871 0.4185 0.4178 0.4068 0.3884 0.3595 0.3151 0.2431 0.1754 0.1884 0.2220 0.2638 0.3122 0.3617 0.4005 0.4175 0.4199 0.4166 0.4107 0.4030 0.3935 0.3820 0.3683 0.3519 0.3326 0.3098 0.2817 0.2459 0.2081 0.1833 0.1767 0.1810 0.1934 0.2080 0.2246 0.2434 0.2641 0.2869 0.3113 0.3366 0.3617 0.3845 0.4025 0.4133 0.4164 0.4133 0.4025 0.3845 0.3617 0.3366 0.3113 0.2869 0.2641 0.2434 0.2246 0.2080 0.1934 0.1810 0.1767 0.1833 0.2081 0.2459 0.2817 0.3098 0.3326 0.3519 0.3683 0.3820 0.3935 0.4030 0.4107 0.4166 0.4199 0.4175 0.4005 0.3617 0.3122 0.2638 0.2220 0.1884 0.1754 0.2429 0.3151 0.3595 0.3884 0.4068 0.4178 0.4185 0.3871 0.3189 0.2529 0.2028 0.1772 0.2375 0.3787
0.3666 0.2026 0.1798 0.2186 0.2747 0.3443 0.4041 0.4201 0.4147 0.4010 0.3789 0.3439 0.2885 0.2008 0.1768 0.2079 0.2496 0.2999 0.3537 0.3980 0.4175 0.4198 0.4156 0.4085 0.3992 0.3876 0.3730 0.3550 0.3333 0.3071 0.2742 0.2322 0.1934 0.1766 0.1778 0.1891 0.2038 0.2205 0.2392 0.2600 0.2826 0.3069 0.3323 0.3575 0.3809 0.3996 0.4119 0.4180 0.4201 0.4195 0.4179 0.4195 0.4201 0.4180 0.4119 0.3996 0.3809 0.3575 0.3323 0.3069 0.2826 0.2600 0.2392 0.2205 0.2038 0.1891 0.1778 0.1766 0.1934 0.2322 0.2742 0.3071 0.3333 0.3550 0.3730 0.3876 0.3993 0.4085 0.4156 0.4198 0.4175 0.3980 0.3537 0.2999 0.2496 0.2079 0.1768 0.2006 0.2884 0.3439 0.3789 0.4010 0.4147 0.4201 0.4041 0.3443 0.2747 0.2186 0.1798 0.2026 0.3666
0.3507 0.1805 0.1911 0.2365 0.2983 0.3690 0.4143 0.4194 0.4106 0.3942 0.3678 0.3257 0.2543 0.1783 0.1908 0.2300 0.2801 0.3372 0.3893 0.4159 0.4199 0.4156 0.4078 0.3973 0.3837 0.3662 0.3442 0.3169 0.2825 0.2358 0.1907 0.1741 0.1799 0.1949 0.2121 0.2314 0.2527 0.2759 0.3008 0.3266 0.3525 0.3767 0.3968 0.4102 0.4173 0.4200 0.4198 0.4181 0.4151 0.4109 0.4072 0.4109 0.4151 0.4181 0.4198 0.4200 0.4173 0.4102 0.3968 0.3767 0.3525 0.3266 0.3008 0.2759 0.2527 0.2314 0.2121 0.1949 0.1799 0.1741 0.1907 0.2358 0.2825 0.3169 0.3442 0.3662 0.3837 0.3973 0.4078 0.4156 0.4199 0.4159 0.3893 0.3372 0.2801 0.2300 0.1909 0.1783 0.2542 0.3256 0.3678 0.3942 0.4106 0.4194 0.4143 0.3690 0.2983 0.2365 0.1911 0.1805 0.3507
0.3324 0.1747 0.2053 0.2565 0.3232 0.3905 0.4190 0.4173 0.4057 0.3861 0.3547 0.3039 0.2164 0.1766 0.2077 0.2545 0.3121 0.3720 0.4111 0.4201 0.4166 0.4085 0.3973 0.3823 0.3626 0.3371 0.3047 0.2615 0.2049 0.1741 0.1780 0.1949 0.2145 0.2368 0.2613 0.2877 0.3155 0.3434 0.3698 0.3922 0.4078 0.4163 0.4197 0.4200 0.4185 0.4157 0.4119 0.4073 0.4017 0.3946 0.3886 0.3946 0.4017 0.4073 0.4119 0.4157 0.4185 0.4200 0.4197 0.4163 0.4078 0.3922 0.3698 0.3434 0.3155 0.2877 0.2613 0.2368 0.2145 0.1949 0.1780 0.1741 0.2049 0.2615 0.3047 0.3371 0.3626 0.3823 0.3973 0.4085 0.4166 0.4201 0.4111 0.3720 0.3121 0.2545 0.2078 0.1765 0.2163 0.3039 0.3547 0.3861 0.4057 0.4173 0.4190 0.3905 0.3232 0.2565 0.2053 0.1747 0.3324
0.3151 0.1790 0.2215 0.2786 0.3486 0.4063 0.4202 0.4140 0.3998 0.3767 0.3393 0.2762 0.1875 0.1859 0.2266 0.2808 0.3443 0.3988 0.4191 0.4183 0.4107 0.3993 0.3837 0.3626 0.3347 0.2981 0.2467 0.1884 0.1718 0.1875 0.2085 0.2329 0.2605 0.2905 0.3219 0.3530 0.3808 0.4017 0.4139 0.4191 0.4201 0.4189 0.4164 0.4127 0.4082 0.4027 0.3963 0.3887 0.3797 0.3682 0.3585 0.3682 0.3797 0.3887 0.3963 0.4027 0.4082 0.4127 0.4164 0.4189 0.4201 0.4191 0.4139 0.4017 0.3808 0.3530 0.3219 0.2905 0.2605 0.2329 0.2085 0.1875 0.1718 0.1884 0.2467 0.2981 0.3347 0.3626 0.3837 0.3993 0.4107 0.4183 0.4191 0.3988 0.3443 0.2808 0.2266 0.1859 0.1874 0.2760 0.3392 0.3766 0.3998 0.4140 0.4202 0.4063 0.3486 0.2786 0.2215 0.1790 0.3151
0.3044 0.1909 0.2398 0.3024 0.3729 0.4154 0.4192 0.4098 0.3928 0.3654 0.3209 0.2426 0.1772 0.2001 0.2474 0.3085 0.3738 0.4138 0.4199 0.4139 0.4030 0.3876 0.3662 0.3371 0.2981 0.2414 0.1821 0.1741 0.1944 0.2191 0.2481 0.2808 0.3159 0.3512 0.3825 0.4049 0.4162 0.4199 0.4197 0.4174 0.4139 0.4095 0.4041 0.3977 0.3903 0.3814 0.3710 0.3587 0.3441 0.3255 0.3096 0.3255 0.3441 0.3587 0.3710 0.3814 0.3903 0.3977 0.4041 0.4095 0.4139 0.4174 0.4197 0.4199 0.4162 0.4049 0.3825 0.3512 0.3159 0.2808 0.2481 0.2191 0.1944 0.1741 0.1821 0.2414 0.2981 0.3371 0.3662 0.3876 0.4030 0.4139 0.4199 0.4138 0.3738 0.3085 0.2474 0.2002 0.1772 0.2426 0.3209 0.3654 0.3928 0.4098 0.4192 0.4154 0.3729 0.3024 0.2398 0.1909 0.3044
0.3008 0.2050 0.2601 0.3276 0.3936 0.4194 0.4168 0.4047 0.3846 0.3520 0.2986 0.2073 0.1790 0.2162 0.2702 0.3366 0.3972 0.4194 0.4175 0.4080 0.3935 0.3730 0.3442 0.3047 0.2467 0.1821 0.1754 0.1980 0.2258 0.2588 0.2960 0.3353 0.3727 0.4011 0.4156 0.4199 0.4193 0.4164 0.4121 0.4067 0.4004 0.3929 0.3841 0.3737 0.3615 0.3472 0.3302 0.3100 0.2844 0.2511 0.2255 0.2511 0.2844 0.3100 0.3302 0.3472 0.3615 0.3737 0.3841 0.3929 0.4004 0.4067 0.4121 0.4164 0.4193 0.4199 0.4156 0.4011 0.3727 0.3353 0.2960 0.2588 0.2258 0.1980 0.1754 0.1821 0.2467 0.3047 0.3442 0.3730 0.3935 0.4080 0.4174 0.4194 0.3972 0.3366 0.2702 0.2163 0.1791 0.2073 0.2986 0.3520 0.3846 0.4047 0.4168 0.4194 0.3936 0.3276 0.2601 0.2050 0.3008
0.3009 0.2211 0.2825 0.3529 0.4083 0.4201 0.4134 0.3987 0.3748 0.3362 0.2698 0.1838 0.1899 0.2344 0.2945 0.3636 0.4116 0.4200 0.4134 0.4007 0.3820 0.3550 0.3169 0.2615 0.1884 0.1741 0.1980 0.2281 0.2642 0.3053 0.3481 0.3863 0.4105 0.4192 0.4197 0.4167 0.4119 0.4057 0.3982 0.3895 0.3791 0.3668 0.3524 0.3355 0.3155 0.2911 0.2597 0.2241 0.1929 0.1785 0.1756 0.1785 0.1929 0.2241 0.2597 0.2911 0.3155 0.3355 0.3524 0.3668 0.3791 0.3895 0.3982 0.4057 0.4119 0.4167 0.4197 0.4192 0.4105 0.3863 0.3481 0.3053 0.2642 0.2281 0.1980 0.1741 0.1884 0.2615 0.3169 0.3550 0.3820 0.4007 0.4134 0.4200 0.4116 0.3636 0.2945 0.2344 0.1899 0.1838 0.2698 0.3362 0.3748 0.3987 0.4134 0.4201 0.4083 0.3529 0.2825 0.2211 0.3009
0.3037 0.2393 0.3067 0.3768 0.4164 0.4188 0.4090 0.3915 0.3632 0.3174 0.2360 0.1771 0.2040 0.2545 0.3201 0.3871 0.4182 0.4181 0.4083 0.3922 0.3683 0.3333 0.2825 0.2049 0.1718 0.1944 0.2258 0.2642 0.3084 0.3544 0.3935 0.4146 0.4200 0.4184 0.4138 0.4072 0.3991 0.3893 0.3775 0.3632 0.3464 0.3265 0.3028 0.2724 0.2358 0.1998 0.1799 0.1770 0.1840 0.1971 0.2050 0.1971 0.1840 0.1770 0.1799 0.1998 0.2358 0.2724 0.3028 0.3265 0.3464 0.3632 0.3775 0.3893 0.3991 0.4072 0.4138 0.4184 0.4200 0.4146 0.3935 0.3544 0.3084 0.2642 0.2258 0.1944 0.1718 0.2049 0.2825 0.3333 0.3683 0.3922 0.4082 0.4181 0.4182 0.3871 0.3201 0.2545 0.2040 0.1771 0.2360 0.3174 0.3632 0.3915 0.4090 0.4188 0.4164 0.3768 0.3067 0.2393 0.3037
0.3090 0.2596 0.3319 0.3966 0.4197 0.4163 0.4038 0.3831 0.3495 0.2942 0.2019 0.1806 0.2202 0.2766 0.3460 0.4046 0.4201 0.4149 0.4021 0.3821 0.3519 0.3071 0.2358 0.1741 0.1875 0.2191 0.2588 0.3053 0.3544 0.3957 0.4161 0.4201 0.4172 0.4113 0.4033 0.3933 0.3808 0.3654 0.3466 0.3240 0.2967 0.2612 0.2189 0.1862 0.1760 0.1800 0.1929 0.2081 0.2255 0.2446 0.2558 0.2446 0.2255 0.2081 0.1929 0.1800 0.1760 0.1862 0.2189 0.2612 0.2967 0.3240 0.3466 0.3654 0.3808 0.3933 0.4033 0.4113 0.4172 0.4201 0.4161 0.3957 0.3544 0.3053 0.2588 0.2191 0.1875 0.1741 0.2358 0.3071 0.3519 0.3821 0.4021 0.4149 0.4201 0.4046 0.3460 0.2766 0.2202 0.1806 0.2019 0.2942 0.3495 0.3831 0.4038 0.4163 0.4197 0.3966 0.3319 0.2596 0.3090
0.3162 0.2818 0.3572 0.4101 0.4200 0.4127 0.3975 0.3730 0.3332 0.2643 0.1816 0.1924 0.2383 0.3004 0.3708 0.4147 0.4194 0.4107 0.3949 0.3703 0.3326 0.2742 0.1907 0.1780 0.2085 0.2481 0.2960 0.3481 0.3935 0.4161 0.4200 0.4164 0.4097 0.4005 0.3886 0.3736 0.3545 0.3309 0.3017 0.2638 0.2157 0.1815 0.1749 0.1844 0.1999 0.2175 0.2371 0.2588 0.2828 0.3077 0.3218 0.3077 0.2828 0.2588 0.2371 0.2175 0.1999 0.1844 0.1749 0.1815 0.2157 0.2638 0.3017 0.3309 0.3545 0.3736 0.3886 0.4005 0.4097 0.4164 0.4200 0.4161 0.3935 0.3481 0.2960 0.2481 0.2085 0.1780 0.1907 0.2742 0.3326 0.3703 0.3949 0.4107 0.4194 0.4147 0.3708 0.3004 0.2383 0.1924 0.1816 0.2643 0.3332 0.3730 0.3975 0.4127 0.4200 0.4101 0.3572 0.2818 0.3162
0.3254 0.3059 0.3805 0.4173 0.4185 0.4082 0.3902 0.3611 0.3138 0.2299 0.1770 0.2067 0.2585 0.3256 0.3921 0.4192 0.4171 0.4055 0.3864 0.3564 0.3098 0.2322 0.1741 0.1949 0.2329 0.2808 0.3353 0.3863 0.4146 0.4201 0.4164 0.4091 0.3990 0.3856 0.3683 0.3460 0.3177 0.2815 0.2308 0.1851 0.1733 0.1847 0.2022 0.2222 0.2447 0.2694 0.2958 0.3234 0.3513 0.3765 0.3885 0.3765 0.3513 0.3234 0.2958 0.2694 0.2447 0.2222 0.2022 0.1847 0.1733 0.1851 0.2308 0.2815 0.3177 0.3460 0.3683 0.3856 0.3990 0.4091 0.4164 0.4201 0.4146 0.3863 0.3353 0.2808 0.2329 0.1949 0.1741 0.2322 0.3098 0.3564 0.3864 0.4055 0.4171 0.4192 0.3921 0.3256 0.2585 0.2067 0.1770 0.2299 0.3138 0.3611 0.3902 0.4082 0.4185 0.4173 0.3805 0.3059 0.3254
0.3361 0.3310 0.3994 0.4199 0.4157 0.4028 0.3815 0.3469 0.2896 0.1972 0.1821 0.2231 0.2807 0.3510 0.4074 0.4201 0.4138 0.3994 0.3765 0.3402 0.2817 0.1934 0.1799 0.2145 0.2605 0.3159 0.3727 0.4105 0.4200 0.4172 0.4097 0.3990 0.3846 0.3655 0.3406 0.3082 0.2650 0.2060 0.1734 0.1792 0.1977 0.2196 0.2446 0.2723 0.3021 0.3328 0.3624 0.3880 0.4063 0.4159 0.4180 0.4159 0.4063 0.3880 0.3624 0.3328 0.3021 0.2722 0.2446 0.2196 0.1977 0.1792 0.1734 0.2060 0.2650 0.3082 0.3406 0.3655 0.3846 0.3990 0.4097 0.4172 0.4200 0.4105 0.3727 0.3159 0.2605 0.2145 0.1799 0.1934 0.2817 0.3402 0.3765 0.3994 0.4138 0.4201 0.4074 0.3510 0.2807 0.2231 0.1821 0.1972 0.2896 0.3469 0.3815 0.4028 0.4157 0.4199 0.3994 0.3310 0.3361
0.3481 0.3562 0.4117 0.4199 0.4120 0.3964 0.3711 0.3302 0.2587 0.1799 0.1947 0.2416 0.3047 0.3751 0.4160 0.4190 0.4095 0.3923 0.3649 0.3210 0.2459 0.1766 0.1949 0.2368 0.2905 0.3512 0.4011 0.4192 0.4184 0.4113 0.4005 0.3856 0.3655 0.3387 0.3032 0.2538 0.1922 0.1713 0.1870 0.2090 0.2351 0.2649 0.2977 0.3319 0.3649 0.3924 0.4101 0.4180 0.4202 0.4190 0.4169 0.4190 0.4202 0.4180 0.4101 0.3924 0.3649 0.3319 0.2976 0.2649 0.2351 0.2090 0.1870 0.1713 0.1922 0.2538 0.3032 0.3387 0.3655 0.3856 0.4005 0.4113 0.4184 0.4192 0.4011 0.3512 0.2905 0.2368 0.1949 0.1766 0.2459 0.3211 0.3649 0.3923 0.4095 0.4190 0.4160 0.3751 0.3047 0.2416 0.1947 0.1799 0.2587 0.3302 0.3711 0.3964 0.4120 0.4199 0.4117 0.3562 0.3481
0.3609 0.3797 0.4180 0.4181 0.4073 0.3888 0.3588 0.3100 0.2238 0.1772 0.2094 0.2621 0.3299 0.3953 0.4196 0.4165 0.4042 0.3839 0.3511 0.2979 0.2082 0.1778 0.2121 0.2613 0.3219 0.3825 0.4156 0.4197 0.4138 0.4033 0.3886 0.3683 0.3406 0.3032 0.2498 0.1865 0.1725 0.1925 0.2176 0.2475 0.2817 0.3188 0.3561 0.3885 0.4094 0.4183 0.4201 0.4185 0.4151 0.4102 0.4058 0.4102 0.4151 0.4185 0.4201 0.4183 0.4095 0.3885 0.3562 0.3189 0.2816 0.2475 0.2176 0.1926 0.1725 0.1865 0.2498 0.3032 0.3406 0.3683 0.3886 0.4033 0.4138 0.4197 0.4156 0.3825 0.3219 0.2613 0.2121 0.1778 0.2081 0.2979 0.3511 0.3839 0.4042 0.4165 0.4196 0.3953 0.3299 0.2621 0.2094 0.1772 0.2238 0.3100 0.3588 0.3888 0.4073 0.4181 0.4180 0.3797 0.3609
0.3739 0.3988 0.4201 0.4152 0.4018 0.3798 0.3443 0.2848 0.1930 0.1840 0.2261 0.2847 0.3552 0.4093 0.4201 0.4130 0.3981 0.3739 0.3349 0.2683 0.1833 0.1891 0.2314 0.2877 0.3529 0.4049 0.4199 0.4167 0.4072 0.3933 0.3736 0.3460 0.3082 0.2538 0.1865 0.1733 0.1954 0.2230 0.2561 0.2940 0.3347 0.3736 0.4028 0.4167 0.4201 0.4186 0.4148 0.4095 0.4031 0.3949 0.3877 0.3949 0.4031 0.4095 0.4148 0.4186 0.4201 0.4167 0.4028 0.3737 0.3348 0.2940 0.2561 0.2230 0.1954 0.1733 0.1865 0.2538 0.3082 0.3460 0.3736 0.3933 0.4072 0.4167 0.4199 0.4049 0.3530 0.2877 0.2314 0.1891 0.1833 0.2683 0.3349 0.3739 0.3981 0.4130 0.4201 0.4093 0.3552 0.2847 0.2261 0.1840 0.1930 0.2848 0.3443 0.3798 0.4018 0.4152 0.4201 0.3988 0.3739
0.3863 0.4115 0.4197 0.4113 0.3952 0.3691 0.3270 0.2530 0.1787 0.1971 0.2449 0.3090 0.3788 0.4169 0.4187 0.4086 0.3908 0.3621 0.3156 0.2337 0.1767 0.2038 0.2526 0.3154 0.3807 0.4162 0.4193 0.4119 0.3991 0.3808 0.3545 0.3177 0.2650 0.1922 0.1725 0.1954 0.2249 0.2605 0.3015 0.3452 0.3848 0.4102 0.4193 0.4196 0.4161 0.4106 0.4036 0.3950 0.3847 0.3714 0.3599 0.3714 0.3847 0.3950 0.4036 0.4106 0.4161 0.4196 0.4193 0.4103 0.3849 0.3452 0.3015 0.2605 0.2248 0.1954 0.1725 0.1922 0.2650 0.3177 0.3545 0.3808 0.3991 0.4119 0.4193 0.4162 0.3808 0.3155 0.2527 0.2038 0.1767 0.2337 0.3156 0.3621 0.3908 0.4086 0.4187 0.4169 0.3788 0.3090 0.2449 0.1971 0.1787 0.2530 0.3270 0.3691 0.3952 0.4113 0.4197 0.4115 0.3863
0.3973 0.4181 0.4177 0.4065 0.3874 0.3565 0.3062 0.2177 0.1777 0.2121 0.2659 0.3343 0.3982 0.4198 0.4160 0.4032 0.3822 0.3481 0.2919 0.1997 0.1810 0.2204 0.2759 0.3433 0.4017 0.4199 0.4164 0.4057 0.3893 0.3654 0.3309 0.2815 0.2060 0.1713 0.1925 0.2230 0.2605 0.3041 0.3503 0.3908 0.4138 0.4200 0.4184 0.4136 0.4066 0.3979 0.3870 0.3736 0.3573 0.3362 0.3178 0.3362 0.3573 0.3736 0.3870 0.3979 0.4066 0.4136 0.4184 0.4200 0.4138 0.3908 0.3503 0.3041 0.2605 0.2230 0.1926 0.1713 0.2060 0.2815 0.3309 0.3654 0.3893 0.4057 0.4164 0.4199 0.4017 0.3434 0.2759 0.2205 0.1810 0.1996 0.2919 0.3481 0.3822 0.4032 0.4160 0.4198 0.3982 0.3343 0.2659 0.2121 0.1777 0.2177 0.3062 0.3565 0.3874 0.4065 0.4177 0.4181 0.3973
0.4062 0.4205 0.4146 0.4007 0.3781 0.3415 0.2796 0.1893 0.1861 0.2292 0.2887 0.3595 0.4110 0.4199 0.4123 0.3969 0.3720 0.3316 0.2613 0.1806 0.1933 0.2391 0.3006 0.3697 0.4138 0.4197 0.4121 0.3982 0.3775 0.3466 0.3017 0.2308 0.1734 0.1870 0.2176 0.2561 0.3015 0.3503 0.3927 0.4152 0.4201 0.4175 0.4116 0.4034 0.3929 0.3797 0.3630 0.3424 0.3171 0.2836 0.2523 0.2835 0.3171 0.3424 0.3630 0.3797 0.3929 0.4034 0.4115 0.4175 0.4201 0.4152 0.3927 0.3503 0.3015 0.2561 0.2176 0.1870 0.1734 0.2308 0.3017 0.3466 0.3775 0.3982 0.4121 0.4197 0.4139 0.3698 0.3008 0.2392 0.1934 0.1806 0.2613 0.3316 0.3720 0.3969 0.4123 0.4199 0.4110 0.3595 0.2887 0.2292 0.1861 0.1893 0.2796 0.3415 0.3781 0.4007 0.4146 0.4205 0.4062
0.4128 0.4203 0.4105 0.3939 0.3671 0.3237 0.2471 0.1779 0.1995 0.2483 0.3132 0.3825 0.4177 0.4183 0.4077 0.3894 0.3599 0.3118 0.2266 0.1771 0.2079 0.2598 0.3265 0.3920 0.4190 0.4174 0.4067 0.3895 0.3632 0.3240 0.2638 0.1851 0.1792 0.2090 0.2475 0.2940 0.3452 0.3908 0.4152 0.4201 0.4169 0.4103 0.4011 0.3891 0.3737 0.3539 0.3290 0.2976 0.2553 0.2037 0.1777 0.2037 0.2551 0.2975 0.3289 0.3538 0.3736 0.3891 0.4011 0.4103 0.4169 0.4201 0.4152 0.3908 0.3452 0.2940 0.2475 0.2090 0.1792 0.1851 0.2638 0.3240 0.3632 0.3895 0.4067 0.4174 0.4191 0.3922 0.3266 0.2600 0.2080 0.1771 0.2266 0.3118 0.3599 0.3894 0.4077 0.4183 0.4177 0.3825 0.3132 0.2483 0.1995 0.1779 0.2471 0.3237 0.3671 0.3939 0.4105 0.4203 0.4128
0.4173 0.4186 0.4055 0.3859 0.3541 0.3022 0.2118 0.1785 0.2149 0.2696 0.3386 0.4008 0.4200 0.4154 0.4022 0.3806 0.3455 0.2870 0.1949 0.1831 0.2246 0.2825 0.3525 0.4077 0.4201 0.4140 0.4004 0.3791 0.3464 0.2967 0.2157 0.1733 0.1977 0.2351 0.2816 0.3348 0.3849 0.4138 0.4201 0.4169 0.4098 0.3999 0.3867 0.3694 0.3469 0.3180 0.2804 0.2267 0.1815 0.1739 0.1808 0.1739 0.1814 0.2265 0.2803 0.3179 0.3468 0.3694 0.3867 0.3999 0.4098 0.4169 0.4201 0.4138 0.3849 0.3348 0.2816 0.2351 0.1977 0.1733 0.2157 0.2967 0.3464 0.3791 0.4004 0.4139 0.4201 0.4078 0.3525 0.2826 0.2246 0.1831 0.1949 0.2870 0.3455 0.3806 0.4022 0.4154 0.4200 0.4008 0.3386 0.2696 0.2149 0.1785 0.2118 0.3022 0.3541 0.3859 0.4055 0.4186 0.4173
0.4201 0.4157 0.3996 0.3764 0.3387 0.2744 0.1861 0.1882 0.2323 0.2928 0.3636 0.4126 0.4198 0.4116 0.3957 0.3700 0.3284 0.2556 0.1792 0.1960 0.2434 0.3069 0.3768 0.4163 0.4189 0.4095 0.3929 0.3668 0.3265 0.2612 0.1815 0.1847 0.2196 0.2649 0.3189 0.3737 0.4103 0.4200 0.4175 0.4103 0.3999 0.3859 0.3671 0.3424 0.3102 0.2666 0.2061 0.1728 0.1808 0.2005 0.2124 0.2005 0.1808 0.1728 0.2060 0.2665 0.3100 0.3424 0.3671 0.3859 0.3999 0.4103 0.4175 0.4200 0.4103 0.3737 0.3189 0.2649 0.2196 0.1847 0.1815 0.2612 0.3265 0.3668 0.3929 0.4095 0.4189 0.4163 0.3767 0.3069 0.2434 0.1960 0.1792 0.2556 0.3284 0.3700 0.3957 0.4116 0.4198 0.4126 0.3636 0.2928 0.2323 0.1882 0.1861 0.2744 0.3387 0.3764 0.3996 0.4157 0.4201
0.4216 0.4117 0.3927 0.3651 0.3203 0.2412 0.1773 0.2020 0.2518 0.3175 0.3861 0.4183 0.4179 0.4069 0.3880 0.3576 0.3080 0.2204 0.1775 0.2108 0.2641 0.3323 0.3967 0.4197 0.4164 0.4041 0.3841 0.3524 0.3028 0.2189 0.1749 0.2022 0.2446 0.2976 0.3562 0.4028 0.4193 0.4184 0.4115 0.4011 0.3867 0.3671 0.3409 0.3060 0.2575 0.1944 0.1711 0.1870 0.2104 0.2375 0.2536 0.2376 0.2104 0.1871 0.1711 0.1943 0.2574 0.3059 0.3409 0.3671 0.3867 0.4011 0.4115 0.4184 0.4193 0.4028 0.3562 0.2976 0.2446 0.2022 0.1749 0.2189 0.3028 0.3524 0.3841 0.4041 0.4164 0.4197 0.3968 0.3323 0.2641 0.2108 0.1775 0.2204 0.3080 0.3576 0.3880 0.4069 0.4179 0.4183 0.3861 0.3175 0.2518 0.2020 0.1773 0.2412 0.3203 0.3651 0.3927 0.4117 0.4216
0.4224 0.4066 0.3844 0.3517 0.2980 0.2063 0.1795 0.2177 0.2735 0.3430 0.4033 0.4201 0.4149 0.4012 0.3789 0.3428 0.2820 0.1909 0.1851 0.2278 0.2869 0.3575 0.4102 0.4200 0.4127 0.3977 0.3737 0.3355 0.2724 0.1862 0.1844 0.2222 0.2722 0.3319 0.3885 0.4167 0.4196 0.4136 0.4034 0.3891 0.3694 0.3424 0.3059 0.2542 0.1893 0.1718 0.1916 0.2170 0.2484 0.2834 0.3036 0.2836 0.2485 0.2171 0.1917 0.1718 0.1893 0.2542 0.3059 0.3424 0.3694 0.3891 0.4034 0.4136 0.4196 0.4167 0.3885 0.3319 0.2722 0.2222 0.1844 0.1862 0.2724 0.3355 0.3737 0.3977 0.4127 0.4200 0.4102 0.3575 0.2869 0.2278 0.1851 0.1909 0.2820 0.3428 0.3789 0.4012 0.4149 0.4201 0.4033 0.3430 0.2735 0.2177 0.1795 0.2063 0.2980 0.3517 0.3844 0.4066 0.4224
0.4224 0.4004 0.3746 0.3358 0.2690 0.1835 0.1904 0.2355 0.2970 0.3677 0.4139 0.4195 0.4109 0.3945 0.3681 0.3252 0.2498 0.1782 0.1984 0.2468 0.3113 0.3809 0.4173 0.4185 0.4082 0.3903 0.3615 0.3155 0.2358 0.1760 0.1999 0.2447 0.3021 0.3649 0.4095 0.4201 0.4161 0.4066 0.3929 0.3736 0.3468 0.3100 0.2574 0.1893 0.1724 0.1940 0.2215 0.2548 0.2942 0.3356 0.3574 0.3357 0.2944 0.2549 0.2215 0.1940 0.1724 0.1893 0.2574 0.3100 0.3468 0.3736 0.3929 0.4066 0.4161 0.4201 0.4095 0.3649 0.3021 0.2447 0.1999 0.1760 0.2358 0.3155 0.3615 0.3903 0.4082 0.4185 0.4173 0.3809 0.3113 0.2468 0.1984 0.1782 0.2498 0.3252 0.3681 0.3945 0.4109 0.4195 0.4139 0.3677 0.2970 0.2355 0.1904 0.1835 0.2690 0.3358 0.3746 0.4004 0.4224
0.4216 0.3927 0.3629 0.3168 0.2351 0.1770 0.2045 0.2554 0.3219 0.3895 0.4189 0.4174 0.4060 0.3866 0.3552 0.3040 0.2145 0.1781 0.2136 0.2679 0.3366 0.3996 0.4200 0.4157 0.4027 0.3814 0.3472 0.2911 0.1998 0.1800 0.2175 0.2694 0.3328 0.3924 0.4183 0.4186 0.4106 0.3979 0.3797 0.3538 0.3179 0.2665 0.1943 0.1718 0.1940 0.2230 0.2585 0.2995 0.3448 0.3849 0.4008 0.3850 0.3449 0.2996 0.2586 0.2231 0.1940 0.1718 0.1943 0.2665 0.3179 0.3538 0.3797 0.3979 0.4106 0.4186 0.4183 0.3924 0.3328 0.2694 0.2175 0.1800 0.1998 0.2911 0.3472 0.3814 0.4027 0.4157 0.4200 0.3996 0.3366 0.2679 0.2136 0.1781 0.2145 0.3040 0.3552 0.3866 0.4060 0.4174 0.4189 0.3895 0.3219 0.2554 0.2045 0.1770 0.2351 0.3168 0.3629 0.3927 0.4216
0.4200 0.3835 0.3491 0.2936 0.2012 0.1808 0.2206 0.2773 0.3473 0.4056 0.4202 0.4142 0.4001 0.3772 0.3400 0.2768 0.1875 0.1872 0.2309 0.2910 0.3617 0.4119 0.4198 0.4119 0.3963 0.3710 0.3302 0.2597 0.1799 0.1929 0.2371 0.2959 0.3624 0.4101 0.4201 0.4148 0.4036 0.3870 0.3630 0.3289 0.2803 0.2060 0.1711 0.1917 0.2215 0.2585 0.3016 0.3480 0.3903 0.4136 0.4178 0.4136 0.3904 0.3482 0.3017 0.2586 0.2215 0.1917 0.1711 0.2060 0.2803 0.3289 0.3630 0.3870 0.4036 0.4148 0.4201 0.4101 0.3624 0.2958 0.2371 0.1929 0.1799 0.2597 0.3302 0.3710 0.3963 0.4119 0.4198 0.4119 0.3617 0.2910 0.2309 0.1872 0.1875 0.2768 0.3400 0.3772 0.4001 0.4142 0.4202 0.4056 0.3473 0.2773 0.2206 0.1808 0.2012 0.2936 0.3491 0.3835 0.4200
0.4175 0.3727 0.3328 0.2635 0.1813 0.1927 0.2387 0.3011 0.3717 0.4151 0.4193 0.4101 0.3933 0.3660 0.3219 0.2439 0.1775 0.2008 0.2502 0.3156 0.3845 0.4180 0.4181 0.4073 0.3887 0.3587 0.3100 0.2241 0.1770 0.2081 0.2589 0.3234 0.3880 0.4180 0.4185 0.4095 0.3950 0.3736 0.3424 0.2975 0.2265 0.1728 0.1871 0.2171 0.2549 0.2996 0.3481 0.3910 0.4150 0.4199 0.4179 0.4199 0.4150 0.3911 0.3482 0.2996 0.2549 0.2171 0.1871 0.1728 0.2265 0.2975 0.3424 0.3736 0.3950 0.4095 0.4185 0.4180 0.3880 0.3234 0.2588 0.2081 0.1770 0.2241 0.3100 0.3587 0.3887 0.4073 0.4181 0.4180 0.3845 0.3156 0.2502 0.2008 0.1775 0.2439 0.3219 0.3660 0.3933 0.4101 0.4193 0.4151 0.3717 0.3011 0.2387 0.1927 0.1813 0.2635 0.3328 0.3727 0.4175
0.4141 0.3602 0.3133 0.2290 0.1772 0.2074 0.2593 0.3266 0.3930 0.4194 0.4170 0.4050 0.3851 0.3528 0.2999 0.2088 0.1791 0.2166 0.2721 0.3414 0.4025 0.4201 0.4151 0.4017 0.3797 0.3441 0.2844 0.1929 0.1840 0.2255 0.2828 0.3513 0.4063 0.4202 0.4151 0.4031 0.3847 0.3573 0.3171 0.2551 0.1814 0.1808 0.2104 0.2485 0.2944 0.3449 0.3903 0.4150 0.4202 0.4167 0.4117 0.4167 0.4202 0.4150 0.3904 0.3449 0.2944 0.2485 0.2104 0.1808 0.1814 0.2551 0.3171 0.3573 0.3847 0.4031 0.4151 0.4202 0.4063 0.3513 0.2828 0.2255 0.1840 0.1929 0.2844 0.3441 0.3797 0.4017 0.4151 0.4201 0.4025 0.3414 0.2721 0.2166 0.1791 0.2088 0.2999 0.3528 0.3851 0.4050 0.4170 0.4194 0.3930 0.3266 0.2593 0.2074 0.1772 0.2290 0.3133 0.3603 0.4141
0.4093 0.3444 0.2872 0.1962 0.1825 0.2237 0.2815 0.3518 0.4078 0.4200 0.4133 0.3986 0.3747 0.3361 0.2700 0.1845 0.1895 0.2342 0.2953 0.3661 0.4133 0.4195 0.4109 0.3946 0.3682 0.3255 0.2511 0.1785 0.1971 0.2446 0.3077 0.3765 0.4159 0.4190 0.4102 0.3949 0.3714 0.3362 0.2835 0.2037 0.1739 0.2005 0.2375 0.2835 0.3358 0.3850 0.4136 0.4199 0.4167 0.4089 0.4011 0.4088 0.4167 0.4199 0.4136 0.3850 0.3358 0.2835 0.2375 0.2005 0.1739 0.2037 0.2835 0.3362 0.3714 0.3949 0.4102 0.4190 0.4159 0.3765 0.3077 0.2446 0.1971 0.1785 0.2511 0.3255 0.3682 0.3946 0.4109 0.4195 0.4133 0.3661 0.2953 0.2342 0.1895 0.1845 0.2700 0.3361 0.3747 0.3986 0.4133 0.4200 0.4078 0.3518 0.2815 0.2237 0.1825 0.1962 0.2871 0.3444 0.4094
0.4049 0.3300 0.2631 0.1810 0.1891 0.2334 0.2944 0.3651 0.4127 0.4189 0.4100 0.3932 0.3659 0.3218 0.2452 0.1768 0.1968 0.2446 0.3086 0.3785 0.4164 0.4179 0.4072 0.3886 0.3585 0.3096 0.2255 0.1756 0.2050 0.2558 0.3218 0.3885 0.4180 0.4169 0.4058 0.3877 0.3599 0.3178 0.2524 0.1778 0.1808 0.2124 0.2537 0.3037 0.3575 0.4008 0.4178 0.4179 0.4117 0.4011 0.3916 0.4011 0.4116 0.4179 0.4178 0.4008 0.3575 0.3037 0.2537 0.2124 0.1808 0.1778 0.2524 0.3178 0.3599 0.3877 0.4058 0.4169 0.4180 0.3885 0.3218 0.2558 0.2050 0.1756 0.2255 0.3096 0.3585 0.3886 0.4072 0.4179 0.4164 0.3785 0.3086 0.2446 0.1968 0.1768 0.2452 0.3218 0.3659 0.3932 0.4100 0.4189 0.4127 0.3651 0.2944 0.2334 0.1891 0.1810 0.2632 0.3300 0.4049
0.4093 0.3444 0.2872 0.1962 0.1825 0.2237 0.2815 0.3518 0.4078 0.4200 0.4133 0.3986 0.3747 0.3361 0.2700 0.1845 0.1895 0.2342 0.2953 0.3661 0.4133 0.4195 0.4109 0.3946 0.3682 0.3255 0.2511 0.1785 0.1971 0.2446 0.3077 0.3765 0.4159 0.4190 0.4102 0.3949 0.3714 0.3362 0.2835 0.2037 0.1739 0.2005 0.2375 0.2835 0.3358 0.3850 0.4136 0.4199 0.4167 0.4088 0.4011 0.4088 0.4167 0.4199 0.4136 0.3850 0.3358 0.2835 0.2375 0.2005 0.1739 0.2037 0.2835 0.3362 0.3714 0.3949 0.4102 0.4190 0.4159 0.3765 0.3077 0.2446 0.1971 0.1785 0.2511 0.3255 0.3682 0.3946 0.4109 0.4195 0.4133 0.3661 0.2953 0.2342 0.1895 0.1845 0.2700 0.3361 0.3747 0.3986 0.4133 0.4200 0.4078 0.3518 0.2815 0.2237 0.1825 0.1962 0.2871 0.3444 0.4094
0.4141 0.3602 0.3133 0.2290 0.1772 0.2074 0.2593 0.3266 0.3930 0.4194 0.4170 0.4050 0.3851 0.3528 0.2999 0.2088 0.1791 0.2166 0.2721 0.3414 0.4025 0.4201 0.4151 0.4017 0.3797 0.3441 0.2844 0.1929 0.1840 0.2255 0.2828 0.3513 0.4063 0.4202 0.4151 0.4031 0.3847 0.3573 0.3171 0.2551 0.1814 0.1808 0.2104 0.2485 0.2944 0.3449 0.3904 0.4150 0.4202 0.4167 0.4116 0.4167 0.4202 0.4150 0.3904 0.3449 0.2944 0.2485 0.2104 0.1808 0.1814 0.2551 0.3171 0.3573 0.3847 0.4031 0.4151 0.4202 0.4063 0.3513 0.2828 0.2255 0.1840 0.1929 0.2844 0.3441 0.3797 0.4017 0.4151 0.4201 0.4025 0.3414 0.2721 0.2166 0.1791 0.2088 0.2999 0.3528 0.3851 0.4050 0.4170 0.4194 0.3930 0.3266 0.2593 0.2074 0.1772 0.2290 0.3133 0.3603 0.4141
0.4175 0.3727 0.3328 0.2635 0.1813 0.1927 0.2387 0.3011 0.3717 0.4151 0.4193 0.4101 0.3933 0.3660 0.3219 0.2439 0.1775 0.2008 0.2502 0.3156 0.3845 0.4180 0.4181 0.4073 0.3887 0.3587 0.3100 0.2241 0.1770 0.2081 0.2589 0.3234 0.3880 0.4180 0.4185 0.4095 0.3950 0.3736 0.3424 0.2975 0.2265 0.1728 0.1871 0.2171 0.2549 0.2996 0.3482 0.3911 0.4150 0.4199 0.4179 0.4199 0.4150 0.3911 0.3482 0.2996 0.2549 0.2171 0.1871 0.1728 0.2265 0.2975 0.3424 0.3736 0.3950 0.4095 0.4185 0.4180 0.3880 0.3234 0.2588 0.2081 0.1770 0.2241 0.3100 0.3587 0.3887 0.4073 0.4181 0.4180 0.3845 0.3156 0.2502 0.2008 0.1775 0.2439 0.3219 0.3660 0.3933 0.4101 0.4193 0.4151 0.3717 0.3011 0.2387 0.1927 0.1813 0.2635 0.3328 0.3727 0.4175
0.4200 0.3835 0.3491 0.2936 0.2012 0.1808 0.2206 0.2773 0.3473 0.4056 0.4202 0.4142 0.4001 0.3772 0.3400 0.2768 0.1875 0.1872 0.2309 0.2910 0.3617 0.4119 0.4198 0.4119 0.3963 0.3710 0.3302 0.2597 0.1799 0.1929 0.2371 0.2959 0.3624 0.4101 0.4201 0.4148 0.4036 0.3870 0.3630 0.3289 0.2803 0.2060 0.1711 0.1917 0.2215 0.2586 0.3017 0.3482 0.3904 0.4136 0.4178 0.4136 0.3904 0.3482 0.3017 0.2586 0.2215 0.1917 0.1711 0.2060 0.2803 0.3289 0.3630 0.3870 0.4036 0.4148 0.4201 0.4101 0.3624 0.2958 0.2371 0.1929 0.1799 0.2597 0.3302 0.3710 0.3963 0.4119 0.4198 0.4119 0.3617 0.2910 0.2309 0.1872 0.1875 0.2768 0.3400 0.3772 0.4001 0.4142 0.4202 0.4056 0.3473 0.2773 0.2206 0.1808 0.2012 0.2936 0.3491 0.3835 0.4200
0.4216 0.3927 0.3629 0.3168 0.2351 0.1770 0.2045 0.2554 0.3219 0.3895 0.4189 0.4174 0.4060 0.3866 0.3552 0.3040 0.2145 0.1781 0.2136 0.2679 0.3366 0.3996 0.4200 0.4157 0.4027 0.3814 0.3472 0.2911 0.1998 0.1800 0.2175 0.2694 0.3328 0.3924 0.4183 0.4186 0.4106 0.3979 0.3797 0.3538 0.3179 0.2665 0.1943 0.1718 0.1940 0.2231 0.2586 0.2996 0.3449 0.3850 0.4008 0.3850 0.3449 0.2996 0.2586 0.2231 0.1940 0.1718 0.1943 0.2665 0.3179 0.3538 0.3797 0.3979 0.4106 0.4186 0.4183 0.3924 0.3328 0.2694 0.2175 0.1800 0.1998 0.2911 0.3472 0.3814 0.4027 0.4157 0.4200 0.3996 0.3366 0.2679 0.2136 0.1781 0.2145 0.3040 0.3552 0.3866 0.4060 0.4174 0.4189 0.3895 0.3219 0.2554 0.2045 0.1770 0.2351 0.3168 0.3629 0.3927 0.4216
