0.4140 0.3428 0.3234 0.3087 0.3020 0.3004 0.3021 0.3062 0.3125 0.3208 0.3308 0.3423 0.3548 0.3678 0.3806 0.3923 0.4023 0.4100 0.4154 0.4189 0.4210 0.4221 0.4225 0.4221 0.4209 0.4187 0.4158 0.4120 0.4073 0.4018 0.3951 0.3870 0.3770 0.3644 0.3479 0.3295 0.3129 0.3035 0.3006 0.3011 0.3044 0.3100 0.3175 0.3269 0.3379 0.3500 0.3629 0.3759 0.3882 0.3995 0.4054 0.3995 0.3882 0.3759 0.3629 0.3500 0.3379 0.3269 0.3175 0.3100 0.3044 0.3011 0.3006 0.3035 0.3129 0.3295 0.3479 0.3644 0.3770 0.3870 0.3951 0.4018 0.4073 0.4120 0.4158 0.4187 0.4209 0.4221 0.4225 0.4221 0.4210 0.4189 0.4154 0.4100 0.4023 0.3923 0.3806 0.3678 0.3548 0.3423 0.3308 0.3208 0.3125 0.3062 0.3021 0.3004 0.3020 0.3087 0.3234 0.3428 0.4140
0.3428 0.1735 0.1708 0.1814 0.1960 0.2121 0.2298 0.2494 0.2710 0.2943 0.3190 0.3444 0.3689 0.3905 0.4063 0.4156 0.4197 0.4206 0.4196 0.4172 0.4137 0.4092 0.4035 0.3965 0.3881 0.3780 0.3663 0.3528 0.3371 0.3184 0.2957 0.2662 0.2319 0.1980 0.1786 0.1748 0.1805 0.1930 0.2074 0.2238 0.2423 0.2629 0.2855 0.3097 0.3350 0.3601 0.3830 0.4011 0.4130 0.4187 0.4195 0.4187 0.4130 0.4011 0.3830 0.3601 0.3350 0.3097 0.2855 0.2629 0.2423 0.2238 0.2074 0.1930 0.1805 0.1748 0.1786 0.1980 0.2319 0.2662 0.2957 0.3184 0.3371 0.3528 0.3663 0.3780 0.3881 0.3965 0.4035 0.4092 0.4137 0.4172 0.4196 0.4206 0.4197 0.4156 0.4063 0.3905 0.3689 0.3444 0.3190 0.2943 0.2710 0.2494 0.2298 0.2121 0.1960 0.1814 0.1708 0.1735 0.3428
0.3234 0.1708 0.1919 0.2153 0.2397 0.2651 0.2912 0.3178 0.3443 0.3695 0.3911 0.4067 0.4157 0.4195 0.4201 0.4188 0.4162 0.4125 0.4080 0.4026 0.3961 0.3885 0.3794 0.3687 0.3560 0.3409 0.3230 0.3012 0.2732 0.2398 0.2051 0.1829 0.1770 0.1811 0.1932 0.2077 0.2242 0.2428 0.2635 0.2862 0.3106 0.3359 0.3610 0.3839 0.4018 0.4131 0.4185 0.4201 0.4195 0.4170 0.4144 0.4170 0.4195 0.4201 0.4185 0.4131 0.4018 0.3839 0.3610 0.3359 0.3106 0.2862 0.2635 0.2428 0.2242 0.2077 0.1932 0.1811 0.1770 0.1829 0.2051 0.2398 0.2732 0.3012 0.3230 0.3409 0.3560 0.3687 0.3794 0.3885 0.3961 0.4026 0.4080 0.4125 0.4162 0.4188 0.4201 0.4195 0.4157 0.4067 0.3911 0.3695 0.3443 0.3178 0.2912 0.2651 0.2397 0.2153 0.1919 0.1708 0.3234
0.3087 0.1814 0.2153 0.2500 0.2860 0.3214 0.3543 0.3823 0.4025 0.4140 0.4190 0.4202 0.4191 0.4167 0.4132 0.4088 0.4036 0.3973 0.3899 0.3811 0.3707 0.3583 0.3436 0.3262 0.3053 0.2785 0.2458 0.2105 0.1855 0.1772 0.1797 0.1910 0.2051 0.2212 0.2395 0.2598 0.2822 0.3063 0.3315 0.3568 0.3802 0.3992 0.4116 0.4179 0.4201 0.4197 0.4177 0.4146 0.4106 0.4052 0.4006 0.4052 0.4106 0.4146 0.4177 0.4197 0.4201 0.4179 0.4116 0.3992 0.3802 0.3568 0.3315 0.3063 0.2822 0.2598 0.2395 0.2212 0.2051 0.1910 0.1797 0.1772 0.1855 0.2105 0.2458 0.2785 0.3053 0.3262 0.3436 0.3583 0.3707 0.3811 0.3899 0.3973 0.4036 0.4088 0.4132 0.4167 0.4191 0.4202 0.4190 0.4140 0.4025 0.3823 0.3543 0.3214 0.2860 0.2500 0.2153 0.1814 0.3087
0.3020 0.1960 0.2397 0.2860 0.3326 0.3738 0.4024 0.4158 0.4198 0.4196 0.4174 0.4140 0.4098 0.4046 0.3984 0.3912 0.3827 0.3726 0.3606 0.3463 0.3294 0.3092 0.2836 0.2516 0.2163 0.1885 0.1777 0.1787 0.1887 0.2025 0.2183 0.2362 0.2562 0.2782 0.3021 0.3272 0.3526 0.3765 0.3964 0.4100 0.4172 0.4199 0.4199 0.4181 0.4152 0.4113 0.4065 0.4008 0.3940 0.3854 0.3781 0.3854 0.3940 0.4008 0.4065 0.4113 0.4152 0.4181 0.4199 0.4199 0.4172 0.4100 0.3964 0.3765 0.3526 0.3272 0.3021 0.2782 0.2562 0.2362 0.2183 0.2025 0.1887 0.1787 0.1777 0.1885 0.2163 0.2516 0.2836 0.3092 0.3294 0.3463 0.3606 0.3726 0.3827 0.3912 0.3984 0.4046 0.4098 0.4140 0.4174 0.4196 0.4198 0.4158 0.4024 0.3738 0.3326 0.2860 0.2397 0.1960 0.3020
0.3004 0.2121 0.2651 0.3214 0.3738 0.4075 0.4188 0.4196 0.4167 0.4122 0.4068 0.4005 0.3931 0.3846 0.3746 0.3629 0.3490 0.3326 0.3129 0.2885 0.2574 0.2223 0.1921 0.1785 0.1779 0.1866 0.2000 0.2155 0.2330 0.2526 0.2743 0.2979 0.3229 0.3483 0.3726 0.3934 0.4081 0.4163 0.4197 0.4200 0.4185 0.4158 0.4121 0.4074 0.4019 0.3953 0.3875 0.3783 0.3673 0.3534 0.3415 0.3534 0.3673 0.3783 0.3875 0.3953 0.4019 0.4074 0.4121 0.4158 0.4185 0.4200 0.4197 0.4163 0.4081 0.3934 0.3726 0.3483 0.3229 0.2979 0.2743 0.2526 0.2330 0.2155 0.2000 0.1866 0.1779 0.1785 0.1921 0.2223 0.2574 0.2885 0.3129 0.3326 0.3490 0.3629 0.3746 0.3846 0.3931 0.4005 0.4068 0.4122 0.4167 0.4196 0.4188 0.4075 0.3738 0.3214 0.2651 0.2121 0.3004
0.3021 0.2298 0.2912 0.3543 0.4024 0.4188 0.4191 0.4143 0.4077 0.3997 0.3905 0.3798 0.3675 0.3533 0.3368 0.3173 0.2939 0.2636 0.2287 0.1963 0.1796 0.1773 0.1845 0.1976 0.2127 0.2299 0.2491 0.2705 0.2938 0.3185 0.3440 0.3686 0.3902 0.4061 0.4153 0.4194 0.4201 0.4189 0.4163 0.4128 0.4083 0.4029 0.3965 0.3889 0.3800 0.3693 0.3567 0.3418 0.3240 0.3011 0.2807 0.3011 0.3240 0.3418 0.3567 0.3693 0.3800 0.3889 0.3965 0.4029 0.4083 0.4128 0.4163 0.4189 0.4201 0.4194 0.4153 0.4061 0.3902 0.3686 0.3440 0.3185 0.2938 0.2705 0.2491 0.2299 0.2127 0.1976 0.1845 0.1773 0.1796 0.1963 0.2287 0.2636 0.2939 0.3173 0.3368 0.3533 0.3675 0.3798 0.3905 0.3997 0.4077 0.4143 0.4191 0.4188 0.4024 0.3543 0.2912 0.2298 0.3021
0.3062 0.2494 0.3178 0.3823 0.4158 0.4196 0.4143 0.4059 0.3954 0.3826 0.3674 0.3496 0.3291 0.3051 0.2756 0.2393 0.2028 0.1813 0.1768 0.1824 0.1951 0.2100 0.2268 0.2457 0.2667 0.2897 0.3142 0.3396 0.3645 0.3869 0.4039 0.4142 0.4190 0.4202 0.4192 0.4168 0.4134 0.4091 0.4039 0.3976 0.3903 0.3816 0.3713 0.3590 0.3445 0.3273 0.3065 0.2801 0.2476 0.2120 0.1909 0.2120 0.2476 0.2801 0.3065 0.3273 0.3445 0.3590 0.3713 0.3816 0.3903 0.3976 0.4039 0.4091 0.4134 0.4168 0.4192 0.4202 0.4190 0.4142 0.4039 0.3869 0.3645 0.3396 0.3142 0.2897 0.2667 0.2457 0.2268 0.2100 0.1951 0.1824 0.1768 0.1813 0.2028 0.2393 0.2756 0.3051 0.3291 0.3496 0.3674 0.3826 0.3954 0.4059 0.4143 0.4196 0.4158 0.3823 0.3178 0.2494 0.3062
0.3125 0.2710 0.3443 0.4025 0.4198 0.4167 0.4077 0.3954 0.3797 0.3601 0.3362 0.3076 0.2726 0.2275 0.1893 0.1757 0.1789 0.1912 0.2062 0.2230 0.2419 0.2628 0.2855 0.3099 0.3353 0.3605 0.3833 0.4014 0.4129 0.4185 0.4201 0.4195 0.4173 0.4141 0.4099 0.4048 0.3988 0.3917 0.3832 0.3732 0.3613 0.3472 0.3304 0.3104 0.2852 0.2535 0.2182 0.1896 0.1780 0.1784 0.1825 0.1784 0.1780 0.1896 0.2182 0.2535 0.2852 0.3104 0.3304 0.3472 0.3613 0.3732 0.3832 0.3917 0.3988 0.4048 0.4099 0.4141 0.4173 0.4195 0.4201 0.4185 0.4129 0.4014 0.3833 0.3605 0.3353 0.3099 0.2855 0.2628 0.2419 0.2230 0.2062 0.1912 0.1789 0.1757 0.1893 0.2275 0.2726 0.3076 0.3362 0.3601 0.3797 0.3954 0.4077 0.4167 0.4198 0.4025 0.3443 0.2710 0.3125
0.3208 0.2943 0.3695 0.4140 0.4196 0.4122 0.3997 0.3826 0.3601 0.3313 0.2952 0.2471 0.1935 0.1729 0.1803 0.1962 0.2142 0.2342 0.2558 0.2793 0.3043 0.3301 0.3559 0.3796 0.3988 0.4114 0.4178 0.4201 0.4197 0.4178 0.4147 0.4107 0.4058 0.3999 0.3930 0.3847 0.3750 0.3634 0.3497 0.3335 0.3141 0.2900 0.2592 0.2243 0.1934 0.1787 0.1777 0.1859 0.1995 0.2148 0.2239 0.2148 0.1995 0.1859 0.1777 0.1787 0.1934 0.2243 0.2592 0.2900 0.3141 0.3335 0.3497 0.3634 0.3750 0.3847 0.3930 0.3999 0.4058 0.4107 0.4147 0.4178 0.4197 0.4201 0.4178 0.4114 0.3988 0.3796 0.3559 0.3301 0.3043 0.2793 0.2558 0.2342 0.2142 0.1962 0.1803 0.1729 0.1935 0.2471 0.2952 0.3313 0.3601 0.3826 0.3997 0.4122 0.4196 0.4140 0.3695 0.2943 0.3208
0.3308 0.3190 0.3911 0.4190 0.4174 0.4068 0.3905 0.3674 0.3362 0.2952 0.2373 0.1812 0.1736 0.1915 0.2127 0.2365 0.2625 0.2901 0.3186 0.3468 0.3731 0.3947 0.4093 0.4170 0.4199 0.4199 0.4182 0.4153 0.4114 0.4067 0.4010 0.3942 0.3862 0.3768 0.3655 0.3522 0.3365 0.3177 0.2946 0.2648 0.2304 0.1976 0.1800 0.1772 0.1838 0.1969 0.2118 0.2289 0.2484 0.2695 0.2818 0.2695 0.2484 0.2289 0.2118 0.1969 0.1838 0.1772 0.1800 0.1976 0.2304 0.2648 0.2946 0.3177 0.3365 0.3522 0.3655 0.3768 0.3862 0.3942 0.4010 0.4067 0.4114 0.4153 0.4182 0.4199 0.4199 0.4170 0.4093 0.3947 0.3731 0.3468 0.3186 0.2901 0.2625 0.2365 0.2127 0.1915 0.1736 0.1812 0.2373 0.2952 0.3362 0.3674 0.3905 0.4068 0.4174 0.4190 0.3911 0.3190 0.3308
0.3423 0.3444 0.4067 0.4202 0.4141 0.4005 0.3798 0.3496 0.3076 0.2471 0.1812 0.1758 0.1977 0.2238 0.2537 0.2863 0.3202 0.3533 0.3822 0.4032 0.4147 0.4194 0.4201 0.4187 0.4159 0.4122 0.4076 0.4020 0.3955 0.3877 0.3785 0.3676 0.3547 0.3394 0.3211 0.2989 0.2703 0.2365 0.2024 0.1818 0.1770 0.1820 0.1945 0.2091 0.2258 0.2446 0.2655 0.2884 0.3133 0.3385 0.3522 0.3385 0.3133 0.2884 0.2655 0.2446 0.2258 0.2091 0.1945 0.1820 0.1770 0.1818 0.2024 0.2365 0.2703 0.2989 0.3211 0.3394 0.3547 0.3676 0.3785 0.3877 0.3955 0.4020 0.4076 0.4122 0.4159 0.4187 0.4201 0.4194 0.4147 0.4032 0.3822 0.3533 0.3202 0.2863 0.2537 0.2238 0.1977 0.1758 0.1812 0.2471 0.3076 0.3496 0.3798 0.4005 0.4140 0.4202 0.4067 0.3444 0.3423
0.3548 0.3689 0.4157 0.4191 0.4098 0.3931 0.3675 0.3291 0.2725 0.1935 0.1736 0.1977 0.2277 0.2628 0.3015 0.3413 0.3773 0.4033 0.4160 0.4199 0.4195 0.4171 0.4135 0.4089 0.4033 0.3969 0.3893 0.3803 0.3696 0.3570 0.3421 0.3245 0.3031 0.2756 0.2425 0.2076 0.1840 0.1771 0.1804 0.1922 0.2065 0.2228 0.2413 0.2618 0.2844 0.3086 0.3339 0.3591 0.3826 0.4007 0.4077 0.4007 0.3826 0.3591 0.3339 0.3086 0.2844 0.2618 0.2413 0.2228 0.2065 0.1922 0.1804 0.1771 0.1840 0.2076 0.2425 0.2756 0.3031 0.3245 0.3421 0.3570 0.3696 0.3803 0.3893 0.3969 0.4033 0.4089 0.4135 0.4171 0.4195 0.4199 0.4160 0.4033 0.3773 0.3413 0.3015 0.2628 0.2277 0.1977 0.1736 0.1935 0.2726 0.3291 0.3675 0.3931 0.4098 0.4191 0.4157 0.3689 0.3548
0.3678 0.3905 0.4195 0.4167 0.4046 0.3847 0.3533 0.3051 0.2275 0.1729 0.1915 0.2238 0.2628 0.3067 0.3517 0.3900 0.4123 0.4195 0.4195 0.4165 0.4120 0.4063 0.3997 0.3920 0.3829 0.3723 0.3599 0.3453 0.3279 0.3072 0.2809 0.2485 0.2131 0.1868 0.1774 0.1792 0.1899 0.2039 0.2199 0.2380 0.2582 0.2804 0.3044 0.3296 0.3549 0.3785 0.3979 0.4109 0.4177 0.4199 0.4194 0.4199 0.4177 0.4109 0.3979 0.3785 0.3549 0.3296 0.3044 0.2804 0.2582 0.2380 0.2199 0.2039 0.1899 0.1792 0.1774 0.1868 0.2131 0.2485 0.2809 0.3072 0.3279 0.3453 0.3599 0.3723 0.3829 0.3920 0.3997 0.4063 0.4120 0.4165 0.4195 0.4195 0.4123 0.3900 0.3517 0.3067 0.2628 0.2238 0.1915 0.1729 0.2275 0.3051 0.3533 0.3846 0.4046 0.4167 0.4195 0.3905 0.3678
0.3806 0.4063 0.4201 0.4132 0.3985 0.3746 0.3368 0.2756 0.1893 0.1803 0.2127 0.2537 0.3015 0.3517 0.3938 0.4152 0.4201 0.4180 0.4131 0.4067 0.3988 0.3896 0.3787 0.3659 0.3510 0.3335 0.3130 0.2878 0.2557 0.2198 0.1903 0.1780 0.1782 0.1877 0.2014 0.2170 0.2347 0.2546 0.2765 0.3002 0.3252 0.3506 0.3747 0.3950 0.4092 0.4168 0.4198 0.4199 0.4183 0.4153 0.4123 0.4153 0.4183 0.4199 0.4198 0.4168 0.4092 0.3950 0.3747 0.3506 0.3252 0.3002 0.2765 0.2546 0.2347 0.2170 0.2014 0.1877 0.1782 0.1780 0.1903 0.2198 0.2557 0.2878 0.3130 0.3335 0.3510 0.3659 0.3787 0.3896 0.3988 0.4067 0.4131 0.4180 0.4201 0.4152 0.3938 0.3517 0.3015 0.2537 0.2127 0.1803 0.1893 0.2756 0.3368 0.3746 0.3984 0.4132 0.4201 0.4063 0.3806
0.3923 0.4156 0.4188 0.4088 0.3912 0.3629 0.3173 0.2393 0.1757 0.1962 0.2365 0.2863 0.3413 0.3900 0.4152 0.4201 0.4169 0.4107 0.4025 0.3923 0.3799 0.3650 0.3472 0.3263 0.3016 0.2704 0.2324 0.1969 0.1789 0.1772 0.1852 0.1987 0.2141 0.2315 0.2510 0.2726 0.2961 0.3209 0.3463 0.3708 0.3919 0.4072 0.4159 0.4196 0.4201 0.4187 0.4160 0.4124 0.4078 0.4019 0.3969 0.4019 0.4078 0.4124 0.4160 0.4187 0.4201 0.4196 0.4159 0.4072 0.3919 0.3708 0.3463 0.3209 0.2961 0.2726 0.2510 0.2315 0.2141 0.1987 0.1852 0.1772 0.1789 0.1969 0.2324 0.2704 0.3016 0.3263 0.3472 0.3650 0.3799 0.3923 0.4025 0.4107 0.4169 0.4201 0.4152 0.3900 0.3413 0.2863 0.2365 0.1962 0.1757 0.2393 0.3173 0.3629 0.3912 0.4088 0.4188 0.4156 0.3923
0.4023 0.4197 0.4162 0.4036 0.3827 0.3490 0.2939 0.2028 0.1789 0.2142 0.2625 0.3202 0.3773 0.4123 0.4201 0.4169 0.4099 0.4002 0.3879 0.3724 0.3532 0.3297 0.3014 0.2651 0.2203 0.1855 0.1754 0.1806 0.1940 0.2096 0.2272 0.2467 0.2682 0.2916 0.3164 0.3420 0.3668 0.3887 0.4051 0.4148 0.4192 0.4201 0.4190 0.4166 0.4131 0.4087 0.4033 0.3970 0.3896 0.3801 0.3720 0.3801 0.3896 0.3970 0.4033 0.4087 0.4131 0.4166 0.4190 0.4201 0.4192 0.4148 0.4051 0.3887 0.3668 0.3420 0.3164 0.2916 0.2682 0.2467 0.2272 0.2096 0.1940 0.1806 0.1754 0.1855 0.2203 0.2651 0.3014 0.3297 0.3532 0.3724 0.3879 0.4002 0.4099 0.4169 0.4201 0.4123 0.3773 0.3202 0.2625 0.2142 0.1789 0.2028 0.2939 0.3490 0.3827 0.4036 0.4162 0.4197 0.4023
0.4100 0.4206 0.4125 0.3973 0.3726 0.3326 0.2636 0.1813 0.1912 0.2342 0.2901 0.3533 0.4032 0.4195 0.4180 0.4107 0.4002 0.3864 0.3683 0.3453 0.3163 0.2797 0.2294 0.1853 0.1736 0.1833 0.1995 0.2178 0.2382 0.2605 0.2845 0.3101 0.3363 0.3619 0.3849 0.4027 0.4136 0.4187 0.4202 0.4193 0.4171 0.4137 0.4095 0.4043 0.3982 0.3909 0.3823 0.3721 0.3600 0.3447 0.3317 0.3447 0.3600 0.3721 0.3823 0.3909 0.3982 0.4043 0.4095 0.4137 0.4171 0.4193 0.4202 0.4187 0.4136 0.4027 0.3849 0.3619 0.3363 0.3101 0.2845 0.2605 0.2382 0.2178 0.1995 0.1833 0.1736 0.1853 0.2294 0.2797 0.3163 0.3453 0.3683 0.3864 0.4002 0.4107 0.4180 0.4195 0.4033 0.3533 0.2901 0.2342 0.1912 0.1813 0.2636 0.3326 0.3726 0.3973 0.4125 0.4206 0.4100
0.4154 0.4196 0.4080 0.3899 0.3606 0.3129 0.2287 0.1768 0.2062 0.2558 0.3186 0.3822 0.4160 0.4195 0.4131 0.4025 0.3879 0.3683 0.3425 0.3090 0.2649 0.2050 0.1730 0.1793 0.1975 0.2185 0.2421 0.2681 0.2958 0.3244 0.3525 0.3783 0.3986 0.4117 0.4180 0.4201 0.4196 0.4175 0.4144 0.4103 0.4053 0.3993 0.3923 0.3839 0.3740 0.3623 0.3483 0.3319 0.3121 0.2859 0.2626 0.2859 0.3121 0.3319 0.3483 0.3623 0.3740 0.3839 0.3923 0.3993 0.4053 0.4103 0.4144 0.4175 0.4196 0.4201 0.4180 0.4117 0.3986 0.3783 0.3525 0.3244 0.2958 0.2681 0.2421 0.2185 0.1975 0.1793 0.1730 0.2050 0.2649 0.3090 0.3425 0.3683 0.3879 0.4025 0.4131 0.4195 0.4160 0.3822 0.3186 0.2558 0.2062 0.1768 0.2287 0.3129 0.3606 0.3899 0.4080 0.4196 0.4154
0.4189 0.4172 0.4026 0.3811 0.3463 0.2885 0.1963 0.1824 0.2230 0.2793 0.3469 0.4032 0.4199 0.4165 0.4067 0.3923 0.3724 0.3453 0.3090 0.2595 0.1945 0.1710 0.1869 0.2091 0.2349 0.2641 0.2958 0.3287 0.3603 0.3874 0.4063 0.4162 0.4198 0.4199 0.4181 0.4151 0.4111 0.4062 0.4004 0.3935 0.3854 0.3758 0.3644 0.3509 0.3349 0.3157 0.2921 0.2618 0.2270 0.1950 0.1808 0.1950 0.2270 0.2618 0.2921 0.3157 0.3349 0.3509 0.3644 0.3758 0.3854 0.3935 0.4004 0.4062 0.4111 0.4151 0.4181 0.4199 0.4198 0.4162 0.4063 0.3874 0.3603 0.3287 0.2958 0.2641 0.2349 0.2091 0.1869 0.1710 0.1945 0.2595 0.3090 0.3453 0.3724 0.3923 0.4067 0.4165 0.4199 0.4032 0.3468 0.2793 0.2230 0.1824 0.1963 0.2885 0.3463 0.3811 0.4026 0.4172 0.4189
0.4210 0.4137 0.3961 0.3707 0.3294 0.2574 0.1796 0.1951 0.2419 0.3043 0.3731 0.4147 0.4195 0.4120 0.3989 0.3799 0.3532 0.3163 0.2649 0.1945 0.1712 0.1909 0.2165 0.2468 0.2811 0.3181 0.3549 0.3867 0.4079 0.4176 0.4201 0.4191 0.4164 0.4125 0.4076 0.4019 0.3951 0.3871 0.3777 0.3665 0.3534 0.3378 0.3193 0.2966 0.2673 0.2332 0.1997 0.1808 0.1772 0.1830 0.1897 0.1830 0.1772 0.1808 0.1997 0.2332 0.2673 0.2966 0.3193 0.3378 0.3534 0.3665 0.3777 0.3871 0.3951 0.4019 0.4076 0.4125 0.4164 0.4191 0.4201 0.4176 0.4079 0.3867 0.3549 0.3181 0.2811 0.2468 0.2165 0.1909 0.1712 0.1945 0.2649 0.3163 0.3532 0.3799 0.3988 0.4120 0.4195 0.4147 0.3731 0.3043 0.2419 0.1951 0.1796 0.2574 0.3294 0.3707 0.3961 0.4137 0.4210
0.4221 0.4092 0.3885 0.3583 0.3092 0.2223 0.1773 0.2100 0.2628 0.3301 0.3947 0.4194 0.4171 0.4064 0.3896 0.3650 0.3297 0.2797 0.2050 0.1710 0.1909 0.2190 0.2528 0.2917 0.3331 0.3726 0.4021 0.4163 0.4201 0.4189 0.4155 0.4108 0.4049 0.3981 0.3901 0.3807 0.3696 0.3565 0.3412 0.3230 0.3011 0.2729 0.2393 0.2047 0.1828 0.1770 0.1812 0.1934 0.2082 0.2246 0.2344 0.2246 0.2082 0.1934 0.1812 0.1770 0.1828 0.2047 0.2393 0.2729 0.3011 0.3230 0.3412 0.3565 0.3696 0.3807 0.3901 0.3981 0.4049 0.4108 0.4155 0.4189 0.4201 0.4163 0.4021 0.3726 0.3332 0.2917 0.2528 0.2190 0.1909 0.1710 0.2050 0.2797 0.3297 0.3650 0.3896 0.4063 0.4171 0.4194 0.3947 0.3301 0.2628 0.2100 0.1773 0.2223 0.3092 0.3583 0.3885 0.4092 0.4221
0.4225 0.4035 0.3794 0.3436 0.2836 0.1921 0.1845 0.2268 0.2855 0.3558 0.4093 0.4201 0.4135 0.3997 0.3787 0.3472 0.3014 0.2294 0.1730 0.1869 0.2165 0.2528 0.2953 0.3406 0.3823 0.4094 0.4191 0.4196 0.4163 0.4111 0.4044 0.3965 0.3870 0.3758 0.3626 0.3472 0.3290 0.3074 0.2804 0.2469 0.2109 0.1854 0.1771 0.1798 0.1911 0.2053 0.2215 0.2398 0.2605 0.2828 0.2957 0.2828 0.2605 0.2398 0.2215 0.2053 0.1911 0.1798 0.1771 0.1854 0.2109 0.2469 0.2804 0.3074 0.3290 0.3472 0.3626 0.3758 0.3870 0.3965 0.4044 0.4111 0.4163 0.4196 0.4191 0.4094 0.3822 0.3406 0.2953 0.2528 0.2165 0.1869 0.1730 0.2294 0.3014 0.3472 0.3787 0.3997 0.4135 0.4201 0.4093 0.3559 0.2855 0.2268 0.1845 0.1921 0.2836 0.3436 0.3794 0.4035 0.4225
0.4221 0.3965 0.3687 0.3262 0.2516 0.1785 0.1976 0.2457 0.3100 0.3795 0.4170 0.4187 0.4089 0.3920 0.3659 0.3264 0.2651 0.1853 0.1793 0.2091 0.2468 0.2917 0.3406 0.3853 0.4122 0.4199 0.4187 0.4139 0.4070 0.3985 0.3880 0.3753 0.3601 0.3419 0.3205 0.2948 0.2614 0.2228 0.1905 0.1774 0.1782 0.1884 0.2024 0.2183 0.2364 0.2565 0.2786 0.3024 0.3280 0.3532 0.3664 0.3532 0.3280 0.3024 0.2786 0.2565 0.2364 0.2183 0.2024 0.1884 0.1782 0.1774 0.1905 0.2228 0.2614 0.2948 0.3205 0.3419 0.3601 0.3753 0.3880 0.3985 0.4070 0.4139 0.4187 0.4199 0.4122 0.3852 0.3406 0.2917 0.2468 0.2091 0.1793 0.1853 0.2651 0.3263 0.3659 0.3920 0.4089 0.4187 0.4170 0.3796 0.3099 0.2457 0.1976 0.1785 0.2516 0.3262 0.3687 0.3965 0.4221
0.4209 0.3881 0.3560 0.3053 0.2163 0.1779 0.2127 0.2668 0.3353 0.3987 0.4199 0.4160 0.4034 0.3830 0.3510 0.3016 0.2203 0.1736 0.1975 0.2349 0.2811 0.3332 0.3822 0.4122 0.4200 0.4180 0.4122 0.4041 0.3937 0.3806 0.3644 0.3445 0.3204 0.2910 0.2523 0.2086 0.1808 0.1758 0.1836 0.1978 0.2138 0.2319 0.2520 0.2740 0.2979 0.3231 0.3486 0.3729 0.3939 0.4084 0.4131 0.4084 0.3939 0.3729 0.3486 0.3231 0.2979 0.2740 0.2520 0.2319 0.2138 0.1978 0.1836 0.1758 0.1808 0.2086 0.2523 0.2910 0.3204 0.3445 0.3644 0.3806 0.3937 0.4041 0.4122 0.4180 0.4200 0.4122 0.3822 0.3332 0.2811 0.2349 0.1975 0.1736 0.2203 0.3016 0.3510 0.3829 0.4033 0.4159 0.4199 0.3988 0.3353 0.2667 0.2127 0.1779 0.2163 0.3053 0.3560 0.3881 0.4209
0.4187 0.3780 0.3409 0.2785 0.1885 0.1866 0.2299 0.2897 0.3604 0.4114 0.4199 0.4122 0.3969 0.3724 0.3336 0.2703 0.1855 0.1833 0.2185 0.2641 0.3181 0.3726 0.4094 0.4199 0.4180 0.4116 0.4025 0.3906 0.3752 0.3556 0.3310 0.3005 0.2602 0.2098 0.1781 0.1754 0.1878 0.2043 0.2230 0.2437 0.2664 0.2909 0.3167 0.3430 0.3682 0.3902 0.4062 0.4154 0.4195 0.4200 0.4188 0.4200 0.4195 0.4154 0.4062 0.3902 0.3682 0.3430 0.3167 0.2909 0.2664 0.2437 0.2230 0.2043 0.1878 0.1754 0.1781 0.2098 0.2602 0.3005 0.3310 0.3556 0.3752 0.3906 0.4025 0.4116 0.4180 0.4199 0.4094 0.3726 0.3181 0.2641 0.2185 0.1833 0.1855 0.2704 0.3335 0.3723 0.3969 0.4122 0.4199 0.4114 0.3605 0.2897 0.2299 0.1866 0.1885 0.2785 0.3409 0.3780 0.4187
0.4158 0.3663 0.3230 0.2458 0.1777 0.2000 0.2491 0.3142 0.3833 0.4178 0.4182 0.4076 0.3893 0.3600 0.3131 0.2326 0.1755 0.1994 0.2421 0.2958 0.3549 0.4021 0.4191 0.4187 0.4122 0.4025 0.3895 0.3723 0.3499 0.3211 0.2842 0.2319 0.1840 0.1731 0.1864 0.2049 0.2262 0.2500 0.2760 0.3035 0.3319 0.3596 0.3841 0.4027 0.4139 0.4189 0.4202 0.4192 0.4168 0.4131 0.4098 0.4131 0.4168 0.4192 0.4202 0.4189 0.4139 0.4027 0.3841 0.3596 0.3319 0.3035 0.2760 0.2500 0.2262 0.2049 0.1864 0.1731 0.1840 0.2319 0.2842 0.3211 0.3499 0.3723 0.3895 0.4025 0.4122 0.4187 0.4191 0.4021 0.3549 0.2958 0.2421 0.1995 0.1754 0.2324 0.3130 0.3599 0.3893 0.4076 0.4182 0.4178 0.3833 0.3142 0.2491 0.2000 0.1777 0.2458 0.3230 0.3663 0.4158
0.4120 0.3528 0.3012 0.2105 0.1787 0.2155 0.2705 0.3396 0.4014 0.4201 0.4153 0.4020 0.3803 0.3453 0.2878 0.1969 0.1805 0.2177 0.2680 0.3286 0.3867 0.4163 0.4196 0.4139 0.4041 0.3906 0.3723 0.3480 0.3160 0.2735 0.2127 0.1740 0.1786 0.1979 0.2208 0.2470 0.2762 0.3074 0.3391 0.3691 0.3938 0.4098 0.4176 0.4201 0.4196 0.4174 0.4142 0.4099 0.4048 0.3983 0.3928 0.3983 0.4048 0.4099 0.4142 0.4174 0.4196 0.4201 0.4176 0.4098 0.3938 0.3691 0.3391 0.3074 0.2762 0.2470 0.2208 0.1979 0.1786 0.1740 0.2127 0.2735 0.3160 0.3480 0.3723 0.3906 0.4041 0.4139 0.4196 0.4163 0.3867 0.3287 0.2681 0.2178 0.1806 0.1969 0.2878 0.3453 0.3803 0.4020 0.4153 0.4201 0.4014 0.3396 0.2705 0.2155 0.1787 0.2105 0.3012 0.3528 0.4120
0.4073 0.3371 0.2732 0.1855 0.1887 0.2330 0.2938 0.3645 0.4129 0.4197 0.4114 0.3955 0.3696 0.3279 0.2557 0.1789 0.1940 0.2381 0.2957 0.3603 0.4079 0.4201 0.4163 0.4070 0.3937 0.3752 0.3499 0.3160 0.2698 0.2039 0.1712 0.1843 0.2069 0.2338 0.2648 0.2990 0.3347 0.3687 0.3960 0.4123 0.4189 0.4201 0.4185 0.4155 0.4113 0.4062 0.4002 0.3932 0.3848 0.3743 0.3654 0.3743 0.3848 0.3932 0.4002 0.4062 0.4113 0.4155 0.4185 0.4201 0.4189 0.4123 0.3960 0.3687 0.3347 0.2990 0.2647 0.2338 0.2068 0.1843 0.1712 0.2039 0.2698 0.3160 0.3499 0.3752 0.3937 0.4070 0.4163 0.4201 0.4079 0.3603 0.2958 0.2382 0.1940 0.1789 0.2557 0.3279 0.3696 0.3955 0.4114 0.4197 0.4129 0.3645 0.2938 0.2330 0.1887 0.1855 0.2732 0.3371 0.4073
0.4018 0.3184 0.2398 0.1772 0.2025 0.2526 0.3185 0.3869 0.4185 0.4178 0.4067 0.3877 0.3570 0.3072 0.2198 0.1772 0.2096 0.2604 0.3243 0.3874 0.4176 0.4189 0.4111 0.3985 0.3806 0.3556 0.3211 0.2735 0.2039 0.1708 0.1873 0.2125 0.2429 0.2781 0.3167 0.3556 0.3893 0.4104 0.4188 0.4200 0.4179 0.4141 0.4091 0.4031 0.3960 0.3877 0.3779 0.3663 0.3527 0.3357 0.3212 0.3357 0.3527 0.3663 0.3779 0.3877 0.3960 0.4031 0.4091 0.4141 0.4179 0.4200 0.4188 0.4104 0.3893 0.3556 0.3167 0.2781 0.2429 0.2125 0.1873 0.1708 0.2039 0.2735 0.3211 0.3556 0.3806 0.3985 0.4111 0.4189 0.4176 0.3874 0.3244 0.2605 0.2096 0.1772 0.2198 0.3072 0.3570 0.3877 0.4067 0.4178 0.4185 0.3869 0.3185 0.2526 0.2025 0.1772 0.2398 0.3184 0.4018
0.3951 0.2957 0.2051 0.1797 0.2183 0.2743 0.3440 0.4039 0.4201 0.4147 0.4010 0.3785 0.3421 0.2809 0.1903 0.1852 0.2272 0.2845 0.3525 0.4063 0.4201 0.4155 0.4044 0.3880 0.3644 0.3310 0.2842 0.2127 0.1712 0.1873 0.2145 0.2476 0.2863 0.3285 0.3697 0.4013 0.4165 0.4201 0.4184 0.4143 0.4087 0.4017 0.3935 0.3837 0.3722 0.3585 0.3425 0.3236 0.3010 0.2706 0.2451 0.2706 0.3010 0.3236 0.3425 0.3585 0.3722 0.3837 0.3935 0.4017 0.4087 0.4143 0.4184 0.4201 0.4165 0.4013 0.3697 0.3285 0.2863 0.2476 0.2145 0.1873 0.1712 0.2127 0.2842 0.3310 0.3644 0.3880 0.4044 0.4155 0.4201 0.4063 0.3525 0.2845 0.2272 0.1852 0.1903 0.2809 0.3421 0.3785 0.4010 0.4147 0.4201 0.4039 0.3440 0.2743 0.2183 0.1797 0.2051 0.2957 0.3951
0.3870 0.2662 0.1829 0.1910 0.2362 0.2979 0.3686 0.4142 0.4195 0.4107 0.3942 0.3676 0.3245 0.2485 0.1780 0.1987 0.2467 0.3101 0.3783 0.4162 0.4191 0.4108 0.3965 0.3753 0.3445 0.3005 0.2319 0.1740 0.1843 0.2125 0.2476 0.2890 0.3344 0.3777 0.4075 0.4188 0.4197 0.4162 0.4105 0.4031 0.3941 0.3831 0.3699 0.3542 0.3354 0.3132 0.2859 0.2509 0.2126 0.1851 0.1765 0.1851 0.2126 0.2509 0.2859 0.3132 0.3354 0.3542 0.3699 0.3831 0.3941 0.4031 0.4105 0.4162 0.4197 0.4188 0.4075 0.3777 0.3344 0.2890 0.2476 0.2125 0.1843 0.1740 0.2319 0.3005 0.3445 0.3753 0.3965 0.4108 0.4191 0.4162 0.3783 0.3101 0.2467 0.1987 0.1780 0.2485 0.3245 0.3676 0.3942 0.4107 0.4195 0.4142 0.3686 0.2979 0.2362 0.1910 0.1829 0.2662 0.3870
0.3770 0.2319 0.1770 0.2051 0.2562 0.3229 0.3902 0.4190 0.4173 0.4058 0.3862 0.3547 0.3031 0.2131 0.1782 0.2141 0.2682 0.3363 0.3986 0.4198 0.4164 0.4049 0.3870 0.3601 0.3204 0.2602 0.1840 0.1786 0.2068 0.2429 0.2863 0.3344 0.3802 0.4100 0.4196 0.4190 0.4143 0.4072 0.3982 0.3870 0.3730 0.3558 0.3349 0.3097 0.2782 0.2374 0.1973 0.1775 0.1772 0.1875 0.1951 0.1875 0.1772 0.1775 0.1973 0.2374 0.2782 0.3097 0.3349 0.3558 0.3730 0.3870 0.3982 0.4072 0.4143 0.4190 0.4196 0.4100 0.3802 0.3344 0.2863 0.2429 0.2068 0.1786 0.1840 0.2602 0.3204 0.3601 0.3870 0.4049 0.4164 0.4198 0.3986 0.3363 0.2682 0.2141 0.1782 0.2131 0.3031 0.3547 0.3862 0.4058 0.4173 0.4190 0.3902 0.3229 0.2562 0.2051 0.1770 0.2319 0.3770
0.3644 0.1980 0.1811 0.2212 0.2782 0.3483 0.4061 0.4202 0.4141 0.3999 0.3768 0.3394 0.2756 0.1868 0.1877 0.2315 0.2916 0.3619 0.4117 0.4199 0.4125 0.3981 0.3758 0.3419 0.2910 0.2098 0.1731 0.1979 0.2338 0.2781 0.3285 0.3777 0.4100 0.4198 0.4185 0.4130 0.4049 0.3944 0.3809 0.3639 0.3426 0.3161 0.2829 0.2381 0.1932 0.1747 0.1787 0.1931 0.2102 0.2291 0.2403 0.2291 0.2102 0.1931 0.1787 0.1747 0.1932 0.2381 0.2829 0.3161 0.3426 0.3639 0.3809 0.3944 0.4049 0.4130 0.4185 0.4198 0.4100 0.3777 0.3285 0.2781 0.2338 0.1979 0.1731 0.2098 0.2910 0.3419 0.3758 0.3981 0.4125 0.4199 0.4117 0.3619 0.2916 0.2315 0.1877 0.1868 0.2756 0.3394 0.3768 0.3999 0.4141 0.4202 0.4061 0.3483 0.2782 0.2212 0.1811 0.1980 0.3644
0.3479 0.1786 0.1932 0.2395 0.3021 0.3726 0.4153 0.4192 0.4099 0.3930 0.3655 0.3211 0.2425 0.1774 0.2014 0.2510 0.3164 0.3849 0.4180 0.4181 0.4077 0.3901 0.3626 0.3205 0.2523 0.1781 0.1864 0.2208 0.2647 0.3167 0.3697 0.4075 0.4196 0.4185 0.4126 0.4037 0.3920 0.3766 0.3568 0.3316 0.2995 0.2562 0.2028 0.1745 0.1778 0.1940 0.2131 0.2347 0.2591 0.2849 0.2999 0.2849 0.2591 0.2347 0.2131 0.1940 0.1778 0.1745 0.2027 0.2563 0.2995 0.3316 0.3568 0.3766 0.3920 0.4037 0.4126 0.4185 0.4196 0.4075 0.3697 0.3167 0.2647 0.2208 0.1864 0.1781 0.2523 0.3205 0.3626 0.3901 0.4076 0.4181 0.4180 0.3849 0.3164 0.2510 0.2014 0.1774 0.2425 0.3211 0.3655 0.3930 0.4099 0.4192 0.4153 0.3726 0.3021 0.2395 0.1932 0.1786 0.3479
0.3295 0.1748 0.2077 0.2598 0.3272 0.3934 0.4194 0.4168 0.4048 0.3847 0.3522 0.2989 0.2076 0.1792 0.2170 0.2726 0.3420 0.4027 0.4201 0.4151 0.4019 0.3806 0.3472 0.2947 0.2086 0.1754 0.2050 0.2470 0.2990 0.3556 0.4013 0.4188 0.4190 0.4130 0.4037 0.3911 0.3744 0.3523 0.3237 0.2864 0.2328 0.1830 0.1731 0.1888 0.2092 0.2329 0.2596 0.2888 0.3200 0.3505 0.3662 0.3505 0.3200 0.2888 0.2596 0.2329 0.2092 0.1889 0.1732 0.1829 0.2328 0.2865 0.3237 0.3523 0.3744 0.3911 0.4037 0.4130 0.4190 0.4188 0.4013 0.3556 0.2990 0.2470 0.2049 0.1754 0.2086 0.2948 0.3472 0.3807 0.4019 0.4151 0.4201 0.4027 0.3420 0.2726 0.2170 0.1792 0.2076 0.2989 0.3522 0.3847 0.4048 0.4168 0.4194 0.3934 0.3272 0.2598 0.2077 0.1748 0.3295
0.3129 0.1805 0.2242 0.2822 0.3526 0.4081 0.4201 0.4134 0.3988 0.3750 0.3365 0.2703 0.1840 0.1899 0.2347 0.2961 0.3668 0.4136 0.4196 0.4111 0.3951 0.3696 0.3291 0.2615 0.1808 0.1878 0.2262 0.2762 0.3347 0.3893 0.4165 0.4197 0.4143 0.4049 0.3920 0.3744 0.3508 0.3196 0.2780 0.2170 0.1746 0.1783 0.1985 0.2227 0.2508 0.2824 0.3164 0.3505 0.3817 0.4039 0.4112 0.4039 0.3817 0.3505 0.3164 0.2824 0.2509 0.2227 0.1985 0.1784 0.1746 0.2170 0.2781 0.3196 0.3508 0.3744 0.3920 0.4049 0.4143 0.4197 0.4165 0.3893 0.3347 0.2762 0.2262 0.1878 0.1808 0.2614 0.3290 0.3696 0.3951 0.4111 0.4196 0.4136 0.3668 0.2961 0.2347 0.1899 0.1840 0.2703 0.3365 0.3750 0.3988 0.4134 0.4201 0.4081 0.3526 0.2822 0.2242 0.1805 0.3129
0.3035 0.1930 0.2428 0.3063 0.3765 0.4163 0.4189 0.4091 0.3917 0.3634 0.3177 0.2365 0.1771 0.2039 0.2546 0.3209 0.3887 0.4187 0.4175 0.4062 0.3872 0.3566 0.3076 0.2230 0.1758 0.2043 0.2500 0.3074 0.3687 0.4104 0.4201 0.4162 0.4072 0.3944 0.3766 0.3523 0.3196 0.2751 0.2095 0.1718 0.1830 0.2058 0.2334 0.2657 0.3017 0.3394 0.3749 0.4017 0.4157 0.4198 0.4192 0.4198 0.4157 0.4017 0.3748 0.3394 0.3017 0.2657 0.2335 0.2058 0.1830 0.1718 0.2095 0.2751 0.3196 0.3523 0.3766 0.3944 0.4072 0.4162 0.4201 0.4104 0.3687 0.3074 0.2500 0.2043 0.1758 0.2228 0.3074 0.3565 0.3871 0.4062 0.4175 0.4187 0.3887 0.3209 0.2546 0.2039 0.1771 0.2365 0.3177 0.3634 0.3917 0.4091 0.4189 0.4163 0.3765 0.3063 0.2428 0.1930 0.3035
0.3006 0.2074 0.2635 0.3315 0.3964 0.4197 0.4163 0.4039 0.3832 0.3497 0.2946 0.2024 0.1804 0.2199 0.2765 0.3463 0.4051 0.4202 0.4144 0.4004 0.3777 0.3413 0.2806 0.1907 0.1835 0.2229 0.2759 0.3391 0.3960 0.4188 0.4184 0.4105 0.3982 0.3809 0.3568 0.3237 0.2780 0.2095 0.1713 0.1854 0.2104 0.2409 0.2767 0.3163 0.3567 0.3914 0.4121 0.4194 0.4197 0.4164 0.4128 0.4164 0.4197 0.4194 0.4122 0.3914 0.3568 0.3164 0.2767 0.2409 0.2104 0.1854 0.1713 0.2095 0.2781 0.3237 0.3568 0.3809 0.3982 0.4105 0.4184 0.4188 0.3960 0.3391 0.2760 0.2230 0.1836 0.1905 0.2804 0.3412 0.3777 0.4004 0.4144 0.4202 0.4051 0.3463 0.2765 0.2199 0.1804 0.2024 0.2946 0.3497 0.3832 0.4039 0.4163 0.4197 0.3964 0.3315 0.2635 0.2074 0.3006
0.3011 0.2238 0.2862 0.3568 0.4100 0.4200 0.4128 0.3976 0.3732 0.3335 0.2648 0.1818 0.1922 0.2380 0.3002 0.3708 0.4148 0.4193 0.4103 0.3936 0.3666 0.3231 0.2471 0.1774 0.1977 0.2437 0.3035 0.3691 0.4123 0.4200 0.4143 0.4031 0.3870 0.3639 0.3316 0.2864 0.2170 0.1718 0.1854 0.2120 0.2447 0.2834 0.3261 0.3684 0.4012 0.4168 0.4201 0.4180 0.4133 0.4064 0.4002 0.4064 0.4133 0.4180 0.4201 0.4168 0.4013 0.3685 0.3261 0.2834 0.2447 0.2120 0.1854 0.1718 0.2170 0.2865 0.3316 0.3639 0.3870 0.4031 0.4143 0.4200 0.4123 0.3691 0.3035 0.2437 0.1978 0.1774 0.2469 0.3230 0.3665 0.3935 0.4103 0.4193 0.4148 0.3708 0.3002 0.2380 0.1922 0.1818 0.2648 0.3335 0.3732 0.3976 0.4128 0.4200 0.4100 0.3568 0.2862 0.2238 0.3011
0.3044 0.2423 0.3106 0.3802 0.4172 0.4185 0.4083 0.3903 0.3613 0.3141 0.2304 0.1770 0.2065 0.2582 0.3252 0.3919 0.4192 0.4171 0.4053 0.3855 0.3534 0.3012 0.2110 0.1782 0.2138 0.2664 0.3319 0.3938 0.4189 0.4179 0.4087 0.3941 0.3730 0.3426 0.2995 0.2328 0.1746 0.1830 0.2104 0.2447 0.2857 0.3310 0.3750 0.4064 0.4187 0.4197 0.4161 0.4100 0.4021 0.3914 0.3818 0.3914 0.4021 0.4100 0.4160 0.4197 0.4187 0.4064 0.3750 0.3310 0.2857 0.2447 0.2104 0.1830 0.1746 0.2328 0.2995 0.3426 0.3730 0.3941 0.4087 0.4179 0.4189 0.3938 0.3319 0.2664 0.2138 0.1782 0.2109 0.3011 0.3534 0.3854 0.4053 0.4171 0.4192 0.3919 0.3252 0.2582 0.2065 0.1770 0.2304 0.3141 0.3613 0.3903 0.4083 0.4185 0.4172 0.3802 0.3106 0.2423 0.3044
0.3100 0.2629 0.3359 0.3992 0.4199 0.4158 0.4029 0.3816 0.3472 0.2900 0.1976 0.1820 0.2228 0.2804 0.3506 0.4072 0.4201 0.4137 0.3993 0.3758 0.3378 0.2729 0.1854 0.1884 0.2318 0.2909 0.3596 0.4098 0.4201 0.4141 0.4017 0.3831 0.3558 0.3161 0.2563 0.1829 0.1784 0.2058 0.2409 0.2834 0.3310 0.3772 0.4086 0.4194 0.4192 0.4145 0.4073 0.3979 0.3861 0.3698 0.3551 0.3698 0.3860 0.3979 0.4073 0.4144 0.4191 0.4194 0.4086 0.3771 0.3310 0.2834 0.2409 0.2058 0.1784 0.1829 0.2563 0.3161 0.3558 0.3831 0.4017 0.4141 0.4201 0.4098 0.3596 0.2909 0.2319 0.1884 0.1854 0.2729 0.3378 0.3758 0.3993 0.4137 0.4201 0.4072 0.3506 0.2804 0.2228 0.1820 0.1976 0.2900 0.3472 0.3816 0.4029 0.4158 0.4199 0.3992 0.3359 0.2629 0.3100
0.3175 0.2855 0.3610 0.4116 0.4199 0.4121 0.3965 0.3713 0.3304 0.2592 0.1800 0.1945 0.2413 0.3044 0.3747 0.4159 0.4190 0.4095 0.3923 0.3644 0.3193 0.2394 0.1771 0.2024 0.2519 0.3167 0.3841 0.4176 0.4185 0.4091 0.3935 0.3699 0.3349 0.2829 0.2027 0.1732 0.1985 0.2335 0.2767 0.3261 0.3750 0.4086 0.4196 0.4188 0.4134 0.4053 0.3947 0.3810 0.3633 0.3389 0.3169 0.3389 0.3632 0.3809 0.3947 0.4053 0.4134 0.4188 0.4196 0.4086 0.3750 0.3261 0.2767 0.2335 0.1985 0.1732 0.2027 0.2829 0.3349 0.3699 0.3935 0.4091 0.4185 0.4176 0.3841 0.3167 0.2520 0.2024 0.1771 0.2393 0.3193 0.3644 0.3923 0.4095 0.4190 0.4159 0.3747 0.3044 0.2413 0.1945 0.1800 0.2592 0.3304 0.3713 0.3965 0.4121 0.4199 0.4116 0.3610 0.2855 0.3175
0.3269 0.3097 0.3839 0.4179 0.4181 0.4074 0.3889 0.3590 0.3104 0.2243 0.1772 0.2091 0.2618 0.3296 0.3950 0.4196 0.4166 0.4043 0.3839 0.3509 0.2966 0.2047 0.1798 0.2183 0.2740 0.3430 0.4027 0.4201 0.4155 0.4031 0.3837 0.3542 0.3097 0.2381 0.1745 0.1889 0.2227 0.2657 0.3164 0.3685 0.4064 0.4194 0.4188 0.4130 0.4043 0.3927 0.3774 0.3574 0.3315 0.2956 0.2626 0.2955 0.3314 0.3573 0.3773 0.3927 0.4043 0.4130 0.4188 0.4194 0.4064 0.3685 0.3164 0.2657 0.2227 0.1889 0.1745 0.2381 0.3097 0.3542 0.3837 0.4031 0.4155 0.4201 0.4027 0.3430 0.2740 0.2183 0.1798 0.2047 0.2966 0.3509 0.3839 0.4043 0.4166 0.4196 0.3950 0.3296 0.2618 0.2091 0.1772 0.2243 0.3104 0.3590 0.3889 0.4074 0.4181 0.4179 0.3839 0.3097 0.3269
0.3379 0.3350 0.4018 0.4201 0.4152 0.4019 0.3800 0.3445 0.2852 0.1934 0.1838 0.2258 0.2844 0.3549 0.4092 0.4201 0.4131 0.3982 0.3740 0.3349 0.2673 0.1828 0.1911 0.2364 0.2979 0.3682 0.4139 0.4196 0.4113 0.3960 0.3722 0.3354 0.2782 0.1932 0.1778 0.2092 0.2509 0.3017 0.3568 0.4013 0.4187 0.4191 0.4134 0.4043 0.3920 0.3755 0.3537 0.3250 0.2873 0.2317 0.1907 0.2315 0.2872 0.3249 0.3536 0.3755 0.3920 0.4043 0.4134 0.4191 0.4187 0.4013 0.3568 0.3017 0.2509 0.2092 0.1778 0.1932 0.2782 0.3354 0.3722 0.3960 0.4113 0.4196 0.4139 0.3682 0.2979 0.2364 0.1911 0.1828 0.2673 0.3349 0.3740 0.3982 0.4131 0.4201 0.4092 0.3549 0.2844 0.2258 0.1838 0.1934 0.2852 0.3445 0.3800 0.4019 0.4152 0.4201 0.4018 0.3350 0.3379
0.3500 0.3601 0.4131 0.4197 0.4113 0.3953 0.3693 0.3273 0.2535 0.1787 0.1969 0.2446 0.3086 0.3785 0.4168 0.4187 0.4087 0.3909 0.3623 0.3157 0.2332 0.1770 0.2053 0.2565 0.3231 0.3902 0.4189 0.4174 0.4062 0.3877 0.3585 0.3132 0.2374 0.1747 0.1940 0.2329 0.2824 0.3394 0.3914 0.4168 0.4197 0.4144 0.4053 0.3927 0.3755 0.3524 0.3216 0.2803 0.2192 0.1748 0.1706 0.1748 0.2190 0.2802 0.3215 0.3524 0.3755 0.3927 0.4053 0.4144 0.4197 0.4168 0.3914 0.3394 0.2824 0.2329 0.1940 0.1747 0.2374 0.3132 0.3585 0.3877 0.4062 0.4174 0.4189 0.3902 0.3231 0.2565 0.2053 0.1770 0.2332 0.3157 0.3623 0.3909 0.4087 0.4187 0.4168 0.3785 0.3086 0.2446 0.1969 0.1787 0.2535 0.3273 0.3693 0.3953 0.4113 0.4197 0.4131 0.3601 0.3500
0.3629 0.3830 0.4185 0.4177 0.4065 0.3875 0.3567 0.3065 0.2182 0.1777 0.2118 0.2655 0.3339 0.3979 0.4198 0.4160 0.4033 0.3823 0.3483 0.2921 0.1997 0.1812 0.2215 0.2786 0.3486 0.4062 0.4202 0.4142 0.4002 0.3779 0.3425 0.2859 0.1973 0.1787 0.2131 0.2596 0.3164 0.3748 0.4122 0.4201 0.4160 0.4073 0.3947 0.3773 0.3536 0.3216 0.2779 0.2127 0.1727 0.1826 0.1938 0.1827 0.1727 0.2126 0.2778 0.3215 0.3536 0.3773 0.3947 0.4073 0.4160 0.4201 0.4122 0.3748 0.3164 0.2596 0.2131 0.1787 0.1973 0.2859 0.3425 0.3779 0.4002 0.4142 0.4202 0.4062 0.3486 0.2786 0.2215 0.1812 0.1997 0.2921 0.3483 0.3823 0.4033 0.4160 0.4198 0.3979 0.3339 0.2655 0.2118 0.1777 0.2182 0.3065 0.3567 0.3875 0.4065 0.4177 0.4185 0.3830 0.3629
0.3759 0.4012 0.4201 0.4146 0.4008 0.3783 0.3418 0.2801 0.1896 0.1859 0.2289 0.2884 0.3591 0.4109 0.4199 0.4124 0.3970 0.3721 0.3319 0.2618 0.1808 0.1934 0.2398 0.3024 0.3729 0.4154 0.4192 0.4099 0.3932 0.3663 0.3236 0.2509 0.1775 0.1931 0.2347 0.2888 0.3505 0.4017 0.4194 0.4180 0.4100 0.3979 0.3809 0.3573 0.3249 0.2802 0.2126 0.1717 0.1850 0.2097 0.2246 0.2097 0.1851 0.1717 0.2126 0.2802 0.3249 0.3573 0.3809 0.3979 0.4100 0.4180 0.4194 0.4017 0.3505 0.2888 0.2347 0.1931 0.1775 0.2509 0.3236 0.3663 0.3932 0.4099 0.4192 0.4154 0.3729 0.3024 0.2398 0.1934 0.1808 0.2618 0.3319 0.3721 0.3970 0.4124 0.4199 0.4109 0.3591 0.2884 0.2289 0.1859 0.1896 0.2801 0.3418 0.3783 0.4008 0.4146 0.4201 0.4011 0.3759
0.3882 0.4130 0.4195 0.4106 0.3940 0.3673 0.3240 0.2476 0.1780 0.1995 0.2484 0.3133 0.3826 0.4177 0.4183 0.4078 0.3896 0.3600 0.3121 0.2270 0.1772 0.2082 0.2605 0.3280 0.3939 0.4195 0.4168 0.4048 0.3848 0.3527 0.3010 0.2126 0.1772 0.2102 0.2591 0.3200 0.3817 0.4157 0.4197 0.4133 0.4021 0.3860 0.3632 0.3314 0.2872 0.2190 0.1726 0.1850 0.2123 0.2446 0.2639 0.2447 0.2123 0.1851 0.1727 0.2190 0.2872 0.3314 0.3632 0.3860 0.4021 0.4133 0.4197 0.4157 0.3817 0.3200 0.2591 0.2102 0.1772 0.2126 0.3010 0.3527 0.3848 0.4048 0.4168 0.4195 0.3939 0.3280 0.2605 0.2082 0.1772 0.2270 0.3121 0.3600 0.3896 0.4078 0.4183 0.4177 0.3826 0.3133 0.2484 0.1995 0.1780 0.2476 0.3240 0.3673 0.3940 0.4106 0.4195 0.4130 0.3882
0.3996 0.4187 0.4170 0.4052 0.3854 0.3534 0.3011 0.2120 0.1784 0.2148 0.2695 0.3385 0.4007 0.4199 0.4153 0.4019 0.3801 0.3447 0.2859 0.1950 0.1830 0.2246 0.2828 0.3532 0.4084 0.4200 0.4131 0.3983 0.3743 0.3357 0.2706 0.1851 0.1875 0.2291 0.2849 0.3505 0.4039 0.4198 0.4164 0.4064 0.3914 0.3698 0.3389 0.2956 0.2315 0.1748 0.1827 0.2097 0.2446 0.2844 0.3058 0.2844 0.2447 0.2097 0.1827 0.1748 0.2315 0.2956 0.3389 0.3698 0.3914 0.4064 0.4164 0.4198 0.4039 0.3505 0.2849 0.2291 0.1875 0.1851 0.2706 0.3357 0.3743 0.3983 0.4131 0.4200 0.4084 0.3532 0.2828 0.2246 0.1830 0.1950 0.2859 0.3447 0.3801 0.4019 0.4153 0.4199 0.4007 0.3385 0.2695 0.2148 0.1784 0.2120 0.3011 0.3534 0.3854 0.4052 0.4170 0.4187 0.3995
0.4054 0.4195 0.4144 0.4006 0.3780 0.3415 0.2807 0.1909 0.1825 0.2239 0.2818 0.3522 0.4077 0.4194 0.4123 0.3969 0.3720 0.3317 0.2626 0.1808 0.1897 0.2344 0.2957 0.3664 0.4131 0.4188 0.4098 0.3928 0.3654 0.3212 0.2451 0.1765 0.1951 0.2403 0.2999 0.3662 0.4112 0.4192 0.4128 0.4002 0.3818 0.3551 0.3169 0.2626 0.1906 0.1706 0.1938 0.2246 0.2639 0.3058 0.3272 0.3059 0.2640 0.2246 0.1938 0.1706 0.1906 0.2626 0.3169 0.3551 0.3818 0.4002 0.4128 0.4192 0.4112 0.3662 0.2999 0.2403 0.1951 0.1765 0.2451 0.3212 0.3654 0.3928 0.4098 0.4188 0.4131 0.3664 0.2957 0.2344 0.1897 0.1808 0.2626 0.3317 0.3720 0.3969 0.4123 0.4194 0.4077 0.3522 0.2818 0.2239 0.1825 0.1909 0.2807 0.3415 0.3781 0.4006 0.4144 0.4195 0.4054
0.3996 0.4187 0.4170 0.4052 0.3854 0.3534 0.3011 0.2120 0.1784 0.2148 0.2695 0.3385 0.4007 0.4199 0.4153 0.4019 0.3801 0.3447 0.2859 0.1950 0.1830 0.2246 0.2828 0.3532 0.4084 0.4200 0.4131 0.3983 0.3743 0.3357 0.2706 0.1851 0.1875 0.2291 0.2849 0.3505 0.4039 0.4198 0.4164 0.4064 0.3914 0.3698 0.3389 0.2956 0.2315 0.1748 0.1827 0.2097 0.2447 0.2844 0.3059 0.2844 0.2447 0.2097 0.1827 0.1748 0.2315 0.2956 0.3389 0.3698 0.3914 0.4064 0.4164 0.4198 0.4039 0.3505 0.2849 0.2291 0.1875 0.1851 0.2706 0.3357 0.3743 0.3983 0.4131 0.4200 0.4084 0.3532 0.2828 0.2246 0.1830 0.1950 0.2859 0.3447 0.3801 0.4019 0.4153 0.4199 0.4007 0.3385 0.2695 0.2148 0.1784 0.2120 0.3011 0.3534 0.3854 0.4052 0.4170 0.4187 0.3995
0.3882 0.4130 0.4195 0.4106 0.3940 0.3673 0.3240 0.2476 0.1780 0.1995 0.2484 0.3133 0.3826 0.4177 0.4183 0.4078 0.3896 0.3600 0.3121 0.2270 0.1772 0.2082 0.2605 0.3280 0.3939 0.4195 0.4168 0.4048 0.3848 0.3527 0.3010 0.2126 0.1772 0.2102 0.2591 0.3200 0.3817 0.4157 0.4197 0.4133 0.4021 0.3860 0.3632 0.3314 0.2872 0.2190 0.1727 0.1851 0.2123 0.2447 0.2640 0.2447 0.2123 0.1851 0.1727 0.2190 0.2872 0.3314 0.3632 0.3860 0.4021 0.4133 0.4197 0.4157 0.3817 0.3200 0.2591 0.2102 0.1772 0.2126 0.3010 0.3527 0.3848 0.4048 0.4168 0.4195 0.3939 0.3280 0.2605 0.2082 0.1772 0.2270 0.3121 0.3600 0.3896 0.4078 0.4183 0.4177 0.3826 0.3133 0.2484 0.1995 0.1780 0.2476 0.3240 0.3673 0.3940 0.4106 0.4195 0.4130 0.3882
0.3759 0.4012 0.4201 0.4146 0.4008 0.3783 0.3418 0.2801 0.1896 0.1859 0.2289 0.2884 0.3591 0.4109 0.4199 0.4124 0.3970 0.3721 0.3319 0.2618 0.1808 0.1934 0.2398 0.3024 0.3729 0.4154 0.4192 0.4099 0.3932 0.3663 0.3236 0.2509 0.1775 0.1931 0.2347 0.2888 0.3505 0.4017 0.4194 0.4180 0.4100 0.3979 0.3809 0.3573 0.3249 0.2802 0.2126 0.1717 0.1851 0.2097 0.2246 0.2097 0.1851 0.1717 0.2126 0.2802 0.3249 0.3573 0.3809 0.3979 0.4100 0.4180 0.4194 0.4017 0.3505 0.2888 0.2347 0.1931 0.1775 0.2509 0.3236 0.3663 0.3932 0.4099 0.4192 0.4154 0.3729 0.3024 0.2398 0.1934 0.1808 0.2618 0.3319 0.3721 0.3970 0.4124 0.4199 0.4109 0.3591 0.2884 0.2289 0.1859 0.1896 0.2801 0.3418 0.3783 0.4008 0.4146 0.4201 0.4011 0.3759
0.3629 0.3830 0.4185 0.4177 0.4065 0.3875 0.3567 0.3065 0.2182 0.1777 0.2118 0.2655 0.3339 0.3979 0.4198 0.4160 0.4033 0.3823 0.3483 0.2921 0.1997 0.1812 0.2215 0.2786 0.3486 0.4062 0.4202 0.4142 0.4002 0.3779 0.3425 0.2859 0.1973 0.1787 0.2131 0.2596 0.3164 0.3748 0.4122 0.4201 0.4160 0.4073 0.3947 0.3773 0.3536 0.3215 0.2778 0.2126 0.1727 0.1827 0.1938 0.1827 0.1727 0.2126 0.2778 0.3215 0.3536 0.3773 0.3947 0.4073 0.4160 0.4201 0.4122 0.3748 0.3164 0.2596 0.2131 0.1787 0.1973 0.2859 0.3425 0.3779 0.4002 0.4142 0.4202 0.4062 0.3486 0.2786 0.2215 0.1812 0.1997 0.2921 0.3483 0.3823 0.4033 0.4160 0.4198 0.3979 0.3339 0.2655 0.2118 0.1777 0.2182 0.3065 0.3567 0.3875 0.4065 0.4177 0.4185 0.3830 0.3629
0.3500 0.3601 0.4131 0.4197 0.4113 0.3953 0.3693 0.3273 0.2535 0.1787 0.1969 0.2446 0.3086 0.3785 0.4168 0.4187 0.4087 0.3909 0.3623 0.3157 0.2332 0.1770 0.2053 0.2565 0.3231 0.3902 0.4189 0.4174 0.4062 0.3877 0.3585 0.3132 0.2374 0.1747 0.1940 0.2329 0.2824 0.3394 0.3914 0.4168 0.4197 0.4144 0.4053 0.3927 0.3755 0.3524 0.3215 0.2802 0.2190 0.1748 0.1706 0.1748 0.2190 0.2802 0.3215 0.3524 0.3755 0.3927 0.4053 0.4144 0.4197 0.4168 0.3914 0.3394 0.2824 0.2329 0.1940 0.1747 0.2374 0.3132 0.3585 0.3877 0.4062 0.4174 0.4189 0.3902 0.3231 0.2565 0.2053 0.1770 0.2332 0.3157 0.3623 0.3909 0.4087 0.4187 0.4168 0.3785 0.3086 0.2446 0.1969 0.1787 0.2535 0.3273 0.3693 0.3953 0.4113 0.4197 0.4131 0.3601 0.3500
