0.0000 1.0000 1.0000 0.0001 0.0001 0.0001 0.0002 0.0003 0.0005 0.0007 0.0011 0.0016 0.0023 0.0034 0.0050 0.0074 0.0109 0.0161 0.0238 0.0352 0.0520 0.0767 0.1133 0.1673 0.2471 0.3650 0.5390 0.7960 1.0000 1.0000 1.0000 1.0000 1.0000 1.0000 1.0000 1.0000 1.0000 0.0001 0.0001 0.0002 0.0003 0.0004 0.0006 0.0009 0.0013 0.0020 0.0029 0.0043 0.0064 0.0099 0.0139 0.0099 0.0064 0.0043 0.0029 0.0020 0.0013 0.0009 0.0006 0.0004 0.0003 0.0002 0.0001 0.0001 1.0000 1.0000 1.0000 1.0000 1.0000 1.0000 1.0000 1.0000 1.0000 0.7960 0.5390 0.3650 0.2471 0.1673 0.1133 0.0767 0.0520 0.0352 0.0238 0.0161 0.0109 0.0074 0.0050 0.0034 0.0023 0.0016 0.0011 0.0007 0.0005 0.0003 0.0002 0.0001 0.0001 0.0001 1.0000 1.0000 0.0000
1.0000 0.0005 0.0007 0.0011 0.0016 0.0024 0.0035 0.0052 0.0077 0.0114 0.0168 0.0248 0.0366 0.0541 0.0799 0.1179 0.1742 0.2572 0.3798 0.5609 0.8284 1.0000 1.0000 1.0000 1.0000 1.0000 1.0000 1.0000 1.0000 1.0000 1.0000 1.0000 1.0000 1.0000 0.0004 0.0006 0.0009 0.0014 0.0021 0.0031 0.0045 0.0067 0.0098 0.0145 0.0215 0.0317 0.0468 0.0690 0.1017 0.1560 0.2176 0.1560 0.1017 0.0690 0.0468 0.0317 0.0215 0.0145 0.0098 0.0067 0.0045 0.0031 0.0021 0.0014 0.0009 0.0006 0.0004 1.0000 1.0000 1.0000 1.0000 1.0000 1.0000 1.0000 1.0000 1.0000 1.0000 1.0000 1.0000 1.0000 0.8284 0.5609 0.3798 0.2572 0.1742 0.1179 0.0799 0.0541 0.0366 0.0248 0.0168 0.0114 0.0077 0.0052 0.0035 0.0024 0.0016 0.0011 0.0007 0.0005 1.0000
1.0000 0.0007 0.0015 0.0026 0.0043 0.0068 0.0103 0.0155 0.0231 0.0343 0.0506 0.0747 0.1103 0.1633 0.2406 0.3554 0.5248 0.7750 1.0000 1.0000 1.0000 1.0000 1.0000 1.0000 1.0000 1.0000 1.0000 1.0000 1.0000 1.0000 1.0000 0.0004 0.0006 0.0009 0.0013 0.0019 0.0029 0.0042 0.0062 0.0092 0.0136 0.0201 0.0296 0.0438 0.0647 0.0955 0.1410 0.2083 0.3075 0.4682 0.6408 0.4682 0.3075 0.2083 0.1410 0.0955 0.0647 0.0438 0.0296 0.0201 0.0136 0.0092 0.0062 0.0042 0.0029 0.0019 0.0013 0.0009 0.0006 0.0004 1.0000 1.0000 1.0000 1.0000 1.0000 1.0000 1.0000 1.0000 1.0000 1.0000 1.0000 1.0000 1.0000 0.7750 0.5248 0.3554 0.2406 0.1633 0.1103 0.0747 0.0506 0.0343 0.0231 0.0155 0.0103 0.0068 0.0043 0.0026 0.0015 0.0007 1.0000
0.0001 0.0011 0.0026 0.0055 0.0102 0.0175 0.0284 0.0443 0.0676 0.1017 0.1513 0.2247 0.3325 0.4910 0.7251 1.0000 1.0000 1.0000 1.0000 1.0000 1.0000 1.0000 1.0000 1.0000 1.0000 1.0000 1.0000 1.0000 0.0004 0.0006 0.0008 0.0012 0.0018 0.0027 0.0039 0.0058 0.0086 0.0127 0.0188 0.0277 0.0410 0.0605 0.0893 0.1319 0.1948 0.2877 0.4249 0.6275 0.9267 1.0000 1.0000 1.0000 0.9267 0.6275 0.4249 0.2877 0.1948 0.1319 0.0893 0.0605 0.0410 0.0277 0.0188 0.0127 0.0086 0.0058 0.0039 0.0027 0.0018 0.0012 0.0008 0.0006 0.0004 1.0000 1.0000 1.0000 1.0000 1.0000 1.0000 1.0000 1.0000 1.0000 1.0000 1.0000 1.0000 1.0000 0.7251 0.4910 0.3325 0.2247 0.1513 0.1017 0.0676 0.0443 0.0284 0.0175 0.0102 0.0055 0.0026 0.0011 0.0001
0.0001 0.0016 0.0043 0.0102 0.0211 0.0400 0.0704 0.1177 0.1883 0.2922 0.4448 0.6682 0.9943 1.0000 1.0000 1.0000 1.0000 1.0000 1.0000 1.0000 1.0000 1.0000 1.0000 1.0000 1.0000 0.0004 0.0005 0.0008 0.0011 0.0017 0.0025 0.0037 0.0055 0.0081 0.0119 0.0176 0.0260 0.0383 0.0566 0.0836 0.1234 0.1823 0.2692 0.3976 0.5871 0.8671 1.0000 1.0000 1.0000 1.0000 1.0000 1.0000 1.0000 1.0000 1.0000 0.8671 0.5871 0.3976 0.2692 0.1823 0.1234 0.0836 0.0566 0.0383 0.0260 0.0176 0.0119 0.0081 0.0055 0.0037 0.0025 0.0017 0.0011 0.0008 0.0005 0.0004 1.0000 1.0000 1.0000 1.0000 1.0000 1.0000 1.0000 1.0000 1.0000 1.0000 1.0000 1.0000 0.9943 0.6682 0.4448 0.2922 0.1883 0.1177 0.0704 0.0400 0.0211 0.0102 0.0043 0.0016 0.0001
0.0001 0.0024 0.0068 0.0175 0.0400 0.0830 0.1593 0.2861 0.4873 0.7944 1.0000 1.0000 1.0000 1.0000 1.0000 1.0000 1.0000 1.0000 1.0000 1.0000 1.0000 1.0000 0.0003 0.0005 0.0007 0.0011 0.0016 0.0023 0.0035 0.0051 0.0075 0.0111 0.0164 0.0243 0.0359 0.0530 0.0782 0.1155 0.1706 0.2519 0.3720 0.5493 0.8112 1.0000 1.0000 1.0000 1.0000 1.0000 1.0000 1.0000 1.0000 1.0000 1.0000 1.0000 1.0000 1.0000 1.0000 1.0000 0.8112 0.5493 0.3720 0.2519 0.1706 0.1155 0.0782 0.0530 0.0359 0.0243 0.0164 0.0111 0.0075 0.0051 0.0035 0.0023 0.0016 0.0011 0.0007 0.0005 0.0003 1.0000 1.0000 1.0000 1.0000 1.0000 1.0000 1.0000 1.0000 1.0000 1.0000 1.0000 1.0000 0.7944 0.4873 0.2861 0.1593 0.0830 0.0400 0.0175 0.0068 0.0024 0.0001
0.0002 0.0035 0.0103 0.0284 0.0704 0.1593 0.3300 0.6384 1.0000 1.0000 1.0000 1.0000 1.0000 1.0000 1.0000 1.0000 1.0000 1.0000 1.0000 1.0000 0.0005 0.0007 0.0010 0.0015 0.0022 0.0032 0.0048 0.0071 0.0104 0.0154 0.0227 0.0335 0.0495 0.0732 0.1081 0.1596 0.2357 0.3480 0.5139 0.7590 1.0000 1.0000 1.0000 1.0000 1.0000 1.0000 1.0000 1.0000 1.0000 1.0000 1.0000 1.0000 1.0000 1.0000 1.0000 1.0000 1.0000 1.0000 1.0000 1.0000 1.0000 0.7590 0.5139 0.3480 0.2357 0.1596 0.1081 0.0732 0.0495 0.0335 0.0227 0.0154 0.0104 0.0071 0.0048 0.0032 0.0022 0.0015 0.0010 0.0007 0.0005 1.0000 1.0000 1.0000 1.0000 1.0000 1.0000 1.0000 1.0000 1.0000 1.0000 1.0000 1.0000 0.6384 0.3300 0.1593 0.0704 0.0284 0.0103 0.0035 0.0002
0.0003 0.0052 0.0155 0.0443 0.1177 0.2861 0.6384 1.0000 1.0000 1.0000 1.0000 1.0000 1.0000 1.0000 1.0000 1.0000 1.0000 0.0004 0.0006 0.0009 0.0014 0.0020 0.0030 0.0045 0.0066 0.0097 0.0144 0.0213 0.0314 0.0464 0.0685 0.1011 0.1493 0.2205 0.3256 0.4809 0.7101 1.0000 1.0000 1.0000 1.0000 1.0000 1.0000 1.0000 1.0000 1.0000 1.0000 1.0000 1.0000 1.0000 1.0000 1.0000 1.0000 1.0000 1.0000 1.0000 1.0000 1.0000 1.0000 1.0000 1.0000 1.0000 1.0000 1.0000 0.7101 0.4809 0.3256 0.2205 0.1493 0.1011 0.0685 0.0464 0.0314 0.0213 0.0144 0.0097 0.0066 0.0045 0.0030 0.0020 0.0014 0.0009 0.0006 0.0004 1.0000 1.0000 1.0000 1.0000 1.0000 1.0000 1.0000 1.0000 1.0000 1.0000 0.6384 0.2861 0.1177 0.0443 0.0155 0.0052 0.0003
0.0005 0.0077 0.0231 0.0676 0.1883 0.4873 1.0000 1.0000 1.0000 1.0000 1.0000 1.0000 1.0000 1.0000 0.0003 0.0005 0.0008 0.0013 0.0019 0.0028 0.0042 0.0062 0.0091 0.0135 0.0199 0.0294 0.0434 0.0640 0.0946 0.1397 0.2063 0.3046 0.4499 0.6644 0.9812 1.0000 1.0000 1.0000 1.0000 1.0000 1.0000 1.0000 1.0000 1.0000 1.0000 1.0000 1.0000 0.0003 0.0005 0.0008 0.0011 0.0008 0.0005 0.0003 1.0000 1.0000 1.0000 1.0000 1.0000 1.0000 1.0000 1.0000 1.0000 1.0000 1.0000 1.0000 0.9812 0.6644 0.4499 0.3046 0.2063 0.1397 0.0946 0.0640 0.0434 0.0294 0.0199 0.0135 0.0091 0.0062 0.0042 0.0028 0.0019 0.0013 0.0008 0.0005 0.0003 1.0000 1.0000 1.0000 1.0000 1.0000 1.0000 1.0000 1.0000 0.4873 0.1883 0.0676 0.0231 0.0077 0.0005
0.0007 0.0114 0.0343 0.1017 0.2922 0.7944 1.0000 1.0000 1.0000 1.0000 1.0000 1.0000 1.0000 0.0006 0.0009 0.0015 0.0023 0.0036 0.0055 0.0083 0.0124 0.0185 0.0274 0.0406 0.0599 0.0887 0.1307 0.1930 0.2850 0.4209 0.6216 0.9180 1.0000 1.0000 1.0000 1.0000 1.0000 1.0000 1.0000 1.0000 1.0000 1.0000 1.0000 1.0000 1.0000 0.0005 0.0007 0.0011 0.0016 0.0024 0.0032 0.0024 0.0016 0.0011 0.0007 0.0005 1.0000 1.0000 1.0000 1.0000 1.0000 1.0000 1.0000 1.0000 1.0000 1.0000 1.0000 1.0000 1.0000 0.9180 0.6216 0.4209 0.2850 0.1930 0.1307 0.0887 0.0599 0.0406 0.0274 0.0185 0.0124 0.0083 0.0055 0.0036 0.0023 0.0015 0.0009 0.0006 1.0000 1.0000 1.0000 1.0000 1.0000 1.0000 1.0000 0.7944 0.2922 0.1017 0.0343 0.0114 0.0007
0.0011 0.0168 0.0506 0.1513 0.4448 1.0000 1.0000 1.0000 1.0000 1.0000 1.0000 0.0004 0.0007 0.0013 0.0023 0.0039 0.0064 0.0102 0.0158 0.0242 0.0366 0.0549 0.0820 0.1218 0.1802 0.2667 0.3938 0.5827 0.8589 1.0000 1.0000 1.0000 1.0000 1.0000 1.0000 1.0000 1.0000 1.0000 1.0000 1.0000 1.0000 1.0000 0.0005 0.0007 0.0010 0.0015 0.0021 0.0032 0.0047 0.0071 0.0096 0.0071 0.0047 0.0032 0.0021 0.0015 0.0010 0.0007 0.0005 1.0000 1.0000 1.0000 1.0000 1.0000 1.0000 1.0000 1.0000 1.0000 1.0000 1.0000 1.0000 1.0000 0.8589 0.5827 0.3938 0.2667 0.1802 0.1218 0.0820 0.0549 0.0366 0.0242 0.0158 0.0102 0.0064 0.0039 0.0023 0.0013 0.0007 0.0004 1.0000 1.0000 1.0000 1.0000 1.0000 1.0000 0.4448 0.1513 0.0506 0.0168 0.0011
0.0016 0.0248 0.0747 0.2247 0.6669 1.0000 1.0000 1.0000 1.0000 1.0000 0.0004 0.0008 0.0016 0.0031 0.0056 0.0098 0.0166 0.0273 0.0439 0.0687 0.1060 0.1611 0.2425 0.3622 0.5400 0.8005 1.0000 1.0000 1.0000 1.0000 1.0000 1.0000 1.0000 1.0000 1.0000 1.0000 1.0000 1.0000 1.0000 0.0004 0.0006 0.0009 0.0014 0.0020 0.0030 0.0044 0.0065 0.0095 0.0141 0.0214 0.0289 0.0214 0.0141 0.0095 0.0065 0.0044 0.0030 0.0020 0.0014 0.0009 0.0006 0.0004 1.0000 1.0000 1.0000 1.0000 1.0000 1.0000 1.0000 1.0000 1.0000 1.0000 1.0000 1.0000 1.0000 0.8005 0.5400 0.3622 0.2425 0.1611 0.1060 0.0687 0.0439 0.0273 0.0166 0.0098 0.0056 0.0031 0.0016 0.0008 0.0004 1.0000 1.0000 1.0000 1.0000 1.0000 0.6682 0.2247 0.0747 0.0248 0.0016
0.0023 0.0366 0.1103 0.3325 0.9943 1.0000 1.0000 1.0000 1.0000 1.0000 0.0007 0.0016 0.0033 0.0066 0.0126 0.0232 0.0410 0.0704 0.1170 0.1890 0.2983 0.4629 0.7088 1.0000 1.0000 1.0000 1.0000 1.0000 1.0000 1.0000 1.0000 1.0000 1.0000 1.0000 1.0000 1.0000 0.0004 0.0006 0.0009 0.0013 0.0019 0.0028 0.0041 0.0060 0.0089 0.0132 0.0195 0.0288 0.0425 0.0644 0.0872 0.0644 0.0425 0.0288 0.0195 0.0132 0.0089 0.0060 0.0041 0.0028 0.0019 0.0013 0.0009 0.0006 0.0004 1.0000 1.0000 1.0000 1.0000 1.0000 1.0000 1.0000 1.0000 1.0000 1.0000 1.0000 1.0000 1.0000 0.7088 0.4629 0.2983 0.1890 0.1170 0.0704 0.0410 0.0232 0.0126 0.0066 0.0033 0.0016 0.0007 1.0000 1.0000 1.0000 1.0000 1.0000 0.9943 0.3325 0.1103 0.0366 0.0023
0.0034 0.0541 0.1633 0.4910 1.0000 1.0000 1.0000 1.0000 1.0000 0.0006 0.0013 0.0031 0.0066 0.0138 0.0273 0.0525 0.0968 0.1728 0.2983 0.4995 0.8143 1.0000 1.0000 1.0000 1.0000 1.0000 1.0000 1.0000 1.0000 1.0000 1.0000 1.0000 1.0000 0.0004 0.0005 0.0008 0.0012 0.0018 0.0026 0.0038 0.0057 0.0084 0.0123 0.0182 0.0269 0.0397 0.0587 0.0867 0.1280 0.1941 0.2626 0.1941 0.1280 0.0867 0.0587 0.0397 0.0269 0.0182 0.0123 0.0084 0.0057 0.0038 0.0026 0.0018 0.0012 0.0008 0.0005 0.0004 1.0000 1.0000 1.0000 1.0000 1.0000 1.0000 1.0000 1.0000 1.0000 1.0000 1.0000 1.0000 0.8143 0.4995 0.2983 0.1728 0.0968 0.0525 0.0273 0.0138 0.0066 0.0031 0.0013 0.0006 1.0000 1.0000 1.0000 1.0000 1.0000 0.4910 0.1633 0.0541 0.0034
0.0050 0.0799 0.2406 0.7251 1.0000 1.0000 1.0000 1.0000 0.0003 0.0009 0.0023 0.0056 0.0126 0.0273 0.0567 0.1133 0.2176 0.4037 0.7251 1.0000 1.0000 1.0000 1.0000 1.0000 1.0000 1.0000 1.0000 1.0000 1.0000 1.0000 0.0003 0.0005 0.0008 0.0011 0.0016 0.0024 0.0036 0.0053 0.0078 0.0115 0.0170 0.0252 0.0372 0.0549 0.0811 0.1197 0.1768 0.2611 0.3857 0.5849 0.7914 0.5849 0.3857 0.2611 0.1768 0.1197 0.0811 0.0549 0.0372 0.0252 0.0170 0.0115 0.0078 0.0053 0.0036 0.0024 0.0016 0.0011 0.0008 0.0005 0.0003 1.0000 1.0000 1.0000 1.0000 1.0000 1.0000 1.0000 1.0000 1.0000 1.0000 1.0000 0.7251 0.4037 0.2176 0.1133 0.0567 0.0273 0.0126 0.0056 0.0023 0.0009 0.0003 1.0000 1.0000 1.0000 1.0000 0.7251 0.2406 0.0799 0.0050
0.0074 0.1179 0.3554 1.0000 1.0000 1.0000 1.0000 1.0000 0.0005 0.0015 0.0039 0.0098 0.0232 0.0525 0.1133 0.2348 0.4691 0.9041 1.0000 1.0000 1.0000 1.0000 1.0000 1.0000 1.0000 1.0000 1.0000 1.0000 0.0005 0.0007 0.0010 0.0015 0.0023 0.0034 0.0050 0.0073 0.0108 0.0159 0.0236 0.0348 0.0514 0.0759 0.1120 0.1654 0.2443 0.3608 0.5329 0.7869 1.0000 1.0000 1.0000 1.0000 1.0000 0.7869 0.5329 0.3608 0.2443 0.1654 0.1120 0.0759 0.0514 0.0348 0.0236 0.0159 0.0108 0.0073 0.0050 0.0034 0.0023 0.0015 0.0010 0.0007 0.0005 1.0000 1.0000 1.0000 1.0000 1.0000 1.0000 1.0000 1.0000 1.0000 1.0000 0.9041 0.4691 0.2348 0.1133 0.0525 0.0232 0.0098 0.0039 0.0015 0.0005 1.0000 1.0000 1.0000 1.0000 1.0000 0.3554 0.1179 0.0074
0.0109 0.1742 0.5248 1.0000 1.0000 1.0000 1.0000 1.0000 0.0008 0.0023 0.0064 0.0166 0.0411 0.0968 0.2176 0.4691 0.9719 1.0000 1.0000 1.0000 1.0000 1.0000 1.0000 1.0000 1.0000 0.0004 0.0006 0.0009 0.0014 0.0021 0.0031 0.0046 0.0068 0.0101 0.0149 0.0220 0.0326 0.0481 0.0710 0.1048 0.1548 0.2286 0.3376 0.4985 0.7362 1.0000 1.0000 1.0000 1.0000 1.0000 1.0000 1.0000 1.0000 1.0000 1.0000 1.0000 0.7362 0.4985 0.3376 0.2286 0.1548 0.1048 0.0710 0.0481 0.0326 0.0220 0.0149 0.0101 0.0068 0.0046 0.0031 0.0021 0.0014 0.0009 0.0006 0.0004 1.0000 1.0000 1.0000 1.0000 1.0000 1.0000 1.0000 1.0000 0.9719 0.4691 0.2176 0.0968 0.0410 0.0166 0.0064 0.0023 0.0008 1.0000 1.0000 1.0000 1.0000 1.0000 0.5248 0.1742 0.0109
0.0161 0.2572 0.7750 1.0000 1.0000 1.0000 1.0000 0.0004 0.0013 0.0036 0.0102 0.0273 0.0704 0.1725 0.4037 0.9041 1.0000 1.0000 1.0000 1.0000 1.0000 1.0000 1.0000 0.0004 0.0006 0.0010 0.0016 0.0025 0.0039 0.0060 0.0091 0.0136 0.0203 0.0302 0.0448 0.0663 0.0981 0.1448 0.2139 0.3158 0.4664 0.6888 1.0000 1.0000 1.0000 1.0000 1.0000 1.0000 1.0000 1.0000 1.0000 1.0000 1.0000 1.0000 1.0000 1.0000 1.0000 1.0000 1.0000 0.6888 0.4664 0.3158 0.2139 0.1448 0.0981 0.0663 0.0448 0.0302 0.0203 0.0136 0.0091 0.0060 0.0039 0.0025 0.0016 0.0010 0.0006 0.0004 1.0000 1.0000 1.0000 1.0000 1.0000 1.0000 1.0000 0.9041 0.4037 0.1728 0.0704 0.0273 0.0102 0.0036 0.0013 0.0004 1.0000 1.0000 1.0000 1.0000 0.7750 0.2572 0.0161
0.0238 0.3798 1.0000 1.0000 1.0000 1.0000 1.0000 0.0006 0.0019 0.0055 0.0158 0.0439 0.1168 0.2978 0.7251 1.0000 1.0000 1.0000 1.0000 1.0000 1.0000 1.0000 0.0005 0.0009 0.0016 0.0026 0.0043 0.0070 0.0111 0.0172 0.0264 0.0400 0.0603 0.0899 0.1340 0.1990 0.2944 0.4356 0.6445 0.9518 1.0000 1.0000 1.0000 1.0000 1.0000 1.0000 1.0000 1.0000 1.0000 1.0000 1.0000 1.0000 1.0000 1.0000 1.0000 1.0000 1.0000 1.0000 1.0000 1.0000 1.0000 0.9518 0.6445 0.4356 0.2944 0.1990 0.1340 0.0899 0.0603 0.0400 0.0264 0.0172 0.0111 0.0070 0.0043 0.0026 0.0016 0.0009 0.0005 1.0000 1.0000 1.0000 1.0000 1.0000 1.0000 1.0000 0.7251 0.2983 0.1170 0.0439 0.0158 0.0055 0.0019 0.0006 1.0000 1.0000 1.0000 1.0000 1.0000 0.3798 0.0238
0.0352 0.5609 1.0000 1.0000 1.0000 1.0000 1.0000 0.0009 0.0028 0.0083 0.0242 0.0688 0.1890 0.4985 1.0000 1.0000 1.0000 1.0000 1.0000 1.0000 1.0000 0.0006 0.0012 0.0021 0.0038 0.0066 0.0113 0.0187 0.0303 0.0482 0.0751 0.1159 0.1762 0.2657 0.3991 0.5950 0.8820 1.0000 1.0000 1.0000 1.0000 1.0000 1.0000 1.0000 1.0000 1.0000 1.0000 1.0000 1.0000 1.0000 0.0004 1.0000 1.0000 1.0000 1.0000 1.0000 1.0000 1.0000 1.0000 1.0000 1.0000 1.0000 1.0000 1.0000 0.8820 0.5950 0.3991 0.2657 0.1762 0.1159 0.0751 0.0482 0.0303 0.0187 0.0113 0.0066 0.0038 0.0021 0.0012 0.0006 1.0000 1.0000 1.0000 1.0000 1.0000 1.0000 1.0000 0.4995 0.1890 0.0687 0.0242 0.0083 0.0028 0.0009 1.0000 1.0000 1.0000 1.0000 1.0000 0.5609 0.0352
0.0520 0.8284 1.0000 1.0000 1.0000 1.0000 0.0005 0.0014 0.0042 0.0124 0.0366 0.1060 0.2983 0.8128 1.0000 1.0000 1.0000 1.0000 1.0000 1.0000 0.0007 0.0013 0.0026 0.0049 0.0090 0.0161 0.0283 0.0482 0.0803 0.1309 0.2090 0.3281 0.5081 0.7765 1.0000 1.0000 1.0000 1.0000 1.0000 1.0000 1.0000 1.0000 1.0000 1.0000 1.0000 1.0000 1.0000 0.0004 0.0006 0.0010 0.0013 0.0010 0.0006 0.0004 1.0000 1.0000 1.0000 1.0000 1.0000 1.0000 1.0000 1.0000 1.0000 1.0000 1.0000 1.0000 1.0000 0.7765 0.5081 0.3281 0.2090 0.1309 0.0803 0.0482 0.0283 0.0161 0.0090 0.0049 0.0026 0.0013 0.0007 1.0000 1.0000 1.0000 1.0000 1.0000 1.0000 0.8143 0.2983 0.1060 0.0366 0.0124 0.0042 0.0014 0.0005 1.0000 1.0000 1.0000 1.0000 0.8284 0.0520
0.0767 1.0000 1.0000 1.0000 1.0000 1.0000 0.0007 0.0020 0.0062 0.0185 0.0549 0.1611 0.4629 1.0000 1.0000 1.0000 1.0000 1.0000 1.0000 0.0006 0.0013 0.0027 0.0055 0.0107 0.0204 0.0378 0.0683 0.1200 0.2059 0.3447 0.5663 0.9093 1.0000 1.0000 1.0000 1.0000 1.0000 1.0000 1.0000 1.0000 1.0000 1.0000 1.0000 1.0000 0.0004 0.0006 0.0009 0.0013 0.0019 0.0030 0.0040 0.0030 0.0019 0.0013 0.0009 0.0006 0.0004 1.0000 1.0000 1.0000 1.0000 1.0000 1.0000 1.0000 1.0000 1.0000 1.0000 1.0000 1.0000 0.9093 0.5663 0.3447 0.2059 0.1200 0.0683 0.0378 0.0204 0.0107 0.0055 0.0027 0.0013 0.0006 1.0000 1.0000 1.0000 1.0000 1.0000 1.0000 0.4629 0.1611 0.0549 0.0185 0.0062 0.0020 0.0007 1.0000 1.0000 1.0000 1.0000 1.0000 0.0767
0.1133 1.0000 1.0000 1.0000 1.0000 0.0003 0.0010 0.0030 0.0091 0.0274 0.0819 0.2425 0.7074 1.0000 1.0000 1.0000 1.0000 1.0000 0.0005 0.0012 0.0026 0.0055 0.0113 0.0229 0.0449 0.0857 0.1593 0.2883 0.5101 0.8804 1.0000 1.0000 1.0000 1.0000 1.0000 1.0000 1.0000 1.0000 1.0000 1.0000 1.0000 0.0004 0.0006 0.0008 0.0012 0.0018 0.0027 0.0040 0.0059 0.0089 0.0120 0.0089 0.0059 0.0040 0.0027 0.0018 0.0012 0.0008 0.0006 0.0004 1.0000 1.0000 1.0000 1.0000 1.0000 1.0000 1.0000 1.0000 1.0000 1.0000 1.0000 0.8804 0.5101 0.2883 0.1593 0.0857 0.0450 0.0229 0.0113 0.0055 0.0026 0.0012 0.0005 1.0000 1.0000 1.0000 1.0000 1.0000 0.7088 0.2425 0.0820 0.0274 0.0091 0.0030 0.0010 0.0003 1.0000 1.0000 1.0000 1.0000 0.1133
0.1673 1.0000 1.0000 1.0000 1.0000 0.0005 0.0015 0.0045 0.0135 0.0406 0.1213 0.3622 1.0000 1.0000 1.0000 1.0000 1.0000 0.0004 0.0009 0.0021 0.0049 0.0107 0.0229 0.0476 0.0960 0.1886 0.3601 0.6720 1.0000 1.0000 1.0000 1.0000 1.0000 1.0000 1.0000 1.0000 1.0000 1.0000 0.0003 0.0005 0.0008 0.0011 0.0017 0.0025 0.0037 0.0055 0.0081 0.0120 0.0177 0.0268 0.0363 0.0268 0.0177 0.0120 0.0081 0.0055 0.0037 0.0025 0.0017 0.0011 0.0008 0.0005 0.0003 1.0000 1.0000 1.0000 1.0000 1.0000 1.0000 1.0000 1.0000 1.0000 1.0000 0.6720 0.3601 0.1886 0.0959 0.0476 0.0229 0.0107 0.0049 0.0021 0.0009 0.0004 1.0000 1.0000 1.0000 1.0000 1.0000 0.3622 0.1218 0.0406 0.0135 0.0045 0.0015 0.0005 1.0000 1.0000 1.0000 1.0000 0.1673
0.2471 1.0000 1.0000 1.0000 1.0000 0.0007 0.0022 0.0066 0.0199 0.0599 0.1799 0.5390 1.0000 1.0000 1.0000 1.0000 1.0000 0.0006 0.0016 0.0038 0.0090 0.0204 0.0450 0.0959 0.1993 0.4021 0.7899 1.0000 1.0000 1.0000 1.0000 1.0000 1.0000 1.0000 1.0000 1.0000 0.0004 0.0006 0.0010 0.0015 0.0023 0.0034 0.0051 0.0075 0.0112 0.0165 0.0244 0.0361 0.0533 0.0808 0.1093 0.0808 0.0533 0.0361 0.0244 0.0165 0.0112 0.0075 0.0051 0.0034 0.0023 0.0015 0.0010 0.0006 0.0004 1.0000 1.0000 1.0000 1.0000 1.0000 1.0000 1.0000 1.0000 1.0000 0.7899 0.4021 0.1993 0.0959 0.0450 0.0204 0.0090 0.0038 0.0016 0.0006 1.0000 1.0000 1.0000 1.0000 1.0000 0.5400 0.1802 0.0599 0.0199 0.0066 0.0022 0.0007 1.0000 1.0000 1.0000 1.0000 0.2471
0.3650 1.0000 1.0000 1.0000 0.0004 0.0011 0.0032 0.0097 0.0294 0.0885 0.2667 0.8005 1.0000 1.0000 1.0000 1.0000 0.0004 0.0010 0.0026 0.0066 0.0161 0.0378 0.0857 0.1886 0.4021 0.8331 1.0000 1.0000 1.0000 1.0000 1.0000 1.0000 1.0000 1.0000 0.0004 0.0007 0.0012 0.0018 0.0028 0.0044 0.0066 0.0100 0.0151 0.0225 0.0334 0.0496 0.0734 0.1087 0.1605 0.2434 0.3293 0.2434 0.1605 0.1087 0.0734 0.0496 0.0334 0.0225 0.0151 0.0100 0.0066 0.0044 0.0028 0.0018 0.0012 0.0007 0.0004 1.0000 1.0000 1.0000 1.0000 1.0000 1.0000 1.0000 1.0000 0.8331 0.4021 0.1886 0.0857 0.0378 0.0161 0.0066 0.0026 0.0010 0.0004 1.0000 1.0000 1.0000 1.0000 0.8005 0.2667 0.0887 0.0294 0.0097 0.0032 0.0011 0.0004 1.0000 1.0000 1.0000 0.3650
0.5390 1.0000 1.0000 1.0000 0.0005 0.0016 0.0048 0.0144 0.0434 0.1307 0.3938 1.0000 1.0000 1.0000 1.0000 1.0000 0.0006 0.0016 0.0043 0.0113 0.0283 0.0683 0.1593 0.3601 0.7899 1.0000 1.0000 1.0000 1.0000 1.0000 1.0000 1.0000 0.0004 0.0007 0.0011 0.0019 0.0031 0.0050 0.0080 0.0125 0.0192 0.0293 0.0445 0.0668 0.0998 0.1484 0.2205 0.3262 0.4836 0.7335 0.9924 0.7335 0.4836 0.3262 0.2205 0.1484 0.0998 0.0668 0.0445 0.0293 0.0192 0.0125 0.0080 0.0050 0.0031 0.0019 0.0011 0.0007 0.0004 1.0000 1.0000 1.0000 1.0000 1.0000 1.0000 1.0000 0.7899 0.3601 0.1593 0.0683 0.0283 0.0113 0.0043 0.0016 0.0006 1.0000 1.0000 1.0000 1.0000 1.0000 0.3938 0.1307 0.0434 0.0144 0.0048 0.0016 0.0005 1.0000 1.0000 1.0000 0.5390
0.7960 1.0000 1.0000 1.0000 0.0008 0.0023 0.0071 0.0213 0.0640 0.1930 0.5827 1.0000 1.0000 1.0000 1.0000 1.0000 0.0009 0.0025 0.0070 0.0187 0.0482 0.1200 0.2883 0.6720 1.0000 1.0000 1.0000 1.0000 1.0000 1.0000 1.0000 0.0005 0.0009 0.0016 0.0028 0.0048 0.0081 0.0134 0.0218 0.0347 0.0545 0.0845 0.1292 0.1960 0.2955 0.4423 0.6594 0.9793 1.0000 1.0000 1.0000 1.0000 1.0000 0.9793 0.6594 0.4423 0.2955 0.1960 0.1292 0.0845 0.0545 0.0347 0.0218 0.0134 0.0081 0.0048 0.0028 0.0016 0.0009 0.0005 1.0000 1.0000 1.0000 1.0000 1.0000 1.0000 1.0000 0.6720 0.2883 0.1200 0.0482 0.0187 0.0070 0.0025 0.0009 1.0000 1.0000 1.0000 1.0000 1.0000 0.5827 0.1930 0.0640 0.0213 0.0071 0.0023 0.0008 1.0000 1.0000 1.0000 0.7960
1.0000 1.0000 1.0000 0.0004 0.0011 0.0035 0.0104 0.0314 0.0946 0.2850 0.8589 1.0000 1.0000 1.0000 1.0000 0.0005 0.0014 0.0039 0.0110 0.0303 0.0803 0.2059 0.5101 1.0000 1.0000 1.0000 1.0000 1.0000 1.0000 1.0000 0.0006 0.0011 0.0020 0.0037 0.0067 0.0119 0.0206 0.0349 0.0579 0.0946 0.1513 0.2384 0.3706 0.5695 0.8654 1.0000 1.0000 1.0000 1.0000 1.0000 1.0000 1.0000 1.0000 1.0000 1.0000 1.0000 0.8654 0.5695 0.3706 0.2384 0.1513 0.0946 0.0579 0.0349 0.0206 0.0119 0.0067 0.0037 0.0020 0.0011 0.0006 1.0000 1.0000 1.0000 1.0000 1.0000 1.0000 1.0000 0.5101 0.2059 0.0803 0.0303 0.0111 0.0039 0.0014 0.0005 1.0000 1.0000 1.0000 1.0000 0.8589 0.2850 0.0946 0.0314 0.0104 0.0035 0.0011 0.0004 1.0000 1.0000 1.0000
1.0000 1.0000 1.0000 0.0006 0.0017 0.0051 0.0154 0.0464 0.1397 0.4209 1.0000 1.0000 1.0000 1.0000 1.0000 0.0007 0.0021 0.0060 0.0172 0.0482 0.1309 0.3447 0.8804 1.0000 1.0000 1.0000 1.0000 1.0000 1.0000 0.0006 0.0012 0.0023 0.0045 0.0085 0.0158 0.0286 0.0508 0.0883 0.1502 0.2509 0.4099 0.6594 1.0000 1.0000 1.0000 1.0000 1.0000 1.0000 1.0000 1.0000 1.0000 1.0000 1.0000 1.0000 1.0000 1.0000 1.0000 1.0000 1.0000 0.6594 0.4099 0.2509 0.1502 0.0883 0.0508 0.0286 0.0158 0.0085 0.0045 0.0023 0.0012 0.0006 1.0000 1.0000 1.0000 1.0000 1.0000 1.0000 0.8804 0.3447 0.1309 0.0482 0.0172 0.0060 0.0021 0.0007 1.0000 1.0000 1.0000 1.0000 1.0000 0.4209 0.1397 0.0464 0.0154 0.0051 0.0017 0.0006 1.0000 1.0000 1.0000
1.0000 1.0000 1.0000 0.0008 0.0025 0.0075 0.0227 0.0685 0.2063 0.6216 1.0000 1.0000 1.0000 1.0000 0.0003 0.0010 0.0031 0.0091 0.0264 0.0751 0.2090 0.5663 1.0000 1.0000 1.0000 1.0000 1.0000 1.0000 0.0006 0.0012 0.0024 0.0049 0.0098 0.0190 0.0360 0.0668 0.1216 0.2167 0.3784 0.6457 1.0000 1.0000 1.0000 1.0000 1.0000 1.0000 1.0000 1.0000 1.0000 1.0000 1.0000 1.0000 1.0000 1.0000 1.0000 1.0000 1.0000 1.0000 1.0000 1.0000 1.0000 0.6457 0.3784 0.2167 0.1216 0.0668 0.0360 0.0190 0.0098 0.0049 0.0024 0.0012 0.0006 1.0000 1.0000 1.0000 1.0000 1.0000 1.0000 0.5663 0.2090 0.0751 0.0264 0.0091 0.0031 0.0010 0.0003 1.0000 1.0000 1.0000 1.0000 0.6216 0.2063 0.0685 0.0227 0.0075 0.0025 0.0008 1.0000 1.0000 1.0000
1.0000 1.0000 0.0004 0.0012 0.0037 0.0111 0.0335 0.1011 0.3046 0.9180 1.0000 1.0000 1.0000 1.0000 0.0005 0.0015 0.0046 0.0136 0.0400 0.1159 0.3281 0.9093 1.0000 1.0000 1.0000 1.0000 1.0000 0.0005 0.0011 0.0023 0.0049 0.0102 0.0208 0.0413 0.0802 0.1522 0.2834 0.5179 0.9250 1.0000 1.0000 1.0000 1.0000 1.0000 1.0000 1.0000 1.0000 1.0000 1.0000 0.0004 0.0005 0.0004 1.0000 1.0000 1.0000 1.0000 1.0000 1.0000 1.0000 1.0000 1.0000 1.0000 0.9250 0.5179 0.2834 0.1522 0.0802 0.0413 0.0208 0.0102 0.0049 0.0023 0.0011 0.0005 1.0000 1.0000 1.0000 1.0000 1.0000 0.9093 0.3281 0.1159 0.0400 0.0136 0.0046 0.0015 0.0005 1.0000 1.0000 1.0000 1.0000 0.9180 0.3046 0.1011 0.0335 0.0111 0.0037 0.0012 0.0004 1.0000 1.0000
1.0000 1.0000 0.0006 0.0018 0.0055 0.0164 0.0495 0.1493 0.4499 1.0000 1.0000 1.0000 1.0000 1.0000 0.0008 0.0023 0.0068 0.0203 0.0603 0.1762 0.5081 1.0000 1.0000 1.0000 1.0000 1.0000 0.0004 0.0009 0.0020 0.0045 0.0098 0.0208 0.0431 0.0877 0.1738 0.3382 0.6445 1.0000 1.0000 1.0000 1.0000 1.0000 1.0000 1.0000 1.0000 1.0000 1.0000 0.0005 0.0007 0.0011 0.0016 0.0011 0.0007 0.0005 1.0000 1.0000 1.0000 1.0000 1.0000 1.0000 1.0000 1.0000 1.0000 1.0000 0.6445 0.3382 0.1738 0.0877 0.0431 0.0208 0.0098 0.0045 0.0020 0.0009 0.0004 1.0000 1.0000 1.0000 1.0000 1.0000 0.5081 0.1762 0.0603 0.0203 0.0068 0.0023 0.0008 1.0000 1.0000 1.0000 1.0000 1.0000 0.4499 0.1493 0.0495 0.0164 0.0055 0.0018 0.0006 1.0000 1.0000
1.0000 1.0000 0.0009 0.0027 0.0081 0.0243 0.0732 0.2205 0.6644 1.0000 1.0000 1.0000 1.0000 0.0004 0.0011 0.0034 0.0101 0.0302 0.0899 0.2662 0.7765 1.0000 1.0000 1.0000 1.0000 1.0000 0.0007 0.0016 0.0037 0.0085 0.0190 0.0413 0.0877 0.1816 0.3692 0.7321 1.0000 1.0000 1.0000 1.0000 1.0000 1.0000 1.0000 1.0000 1.0000 0.0005 0.0008 0.0013 0.0021 0.0033 0.0046 0.0033 0.0021 0.0013 0.0008 0.0005 1.0000 1.0000 1.0000 1.0000 1.0000 1.0000 1.0000 1.0000 1.0000 0.7321 0.3692 0.1816 0.0877 0.0413 0.0190 0.0085 0.0037 0.0016 0.0007 1.0000 1.0000 1.0000 1.0000 1.0000 0.7765 0.2657 0.0899 0.0302 0.0101 0.0034 0.0011 0.0004 1.0000 1.0000 1.0000 1.0000 0.6644 0.2205 0.0732 0.0243 0.0081 0.0027 0.0009 1.0000 1.0000
1.0000 0.0004 0.0013 0.0039 0.0119 0.0359 0.1081 0.3256 0.9812 1.0000 1.0000 1.0000 1.0000 0.0005 0.0016 0.0050 0.0149 0.0448 0.1340 0.3991 1.0000 1.0000 1.0000 1.0000 1.0000 0.0004 0.0011 0.0028 0.0067 0.0158 0.0360 0.0802 0.1738 0.3692 0.7648 1.0000 1.0000 1.0000 1.0000 1.0000 1.0000 1.0000 1.0000 0.0005 0.0008 0.0014 0.0023 0.0037 0.0059 0.0095 0.0133 0.0095 0.0059 0.0037 0.0023 0.0014 0.0008 0.0005 1.0000 1.0000 1.0000 1.0000 1.0000 1.0000 1.0000 1.0000 0.7648 0.3692 0.1738 0.0802 0.0360 0.0158 0.0067 0.0028 0.0011 0.0004 1.0000 1.0000 1.0000 1.0000 1.0000 0.3991 0.1340 0.0448 0.0149 0.0050 0.0016 0.0005 1.0000 1.0000 1.0000 1.0000 0.9812 0.3256 0.1081 0.0359 0.0119 0.0039 0.0013 0.0004 1.0000
1.0000 0.0006 0.0019 0.0058 0.0176 0.0530 0.1596 0.4809 1.0000 1.0000 1.0000 1.0000 1.0000 0.0008 0.0024 0.0073 0.0220 0.0663 0.1990 0.5939 1.0000 1.0000 1.0000 1.0000 1.0000 0.0007 0.0019 0.0048 0.0119 0.0286 0.0668 0.1522 0.3382 0.7321 1.0000 1.0000 1.0000 1.0000 1.0000 1.0000 1.0000 0.0004 0.0007 0.0012 0.0021 0.0036 0.0060 0.0100 0.0161 0.0264 0.0377 0.0264 0.0161 0.0100 0.0060 0.0036 0.0021 0.0012 0.0007 0.0004 1.0000 1.0000 1.0000 1.0000 1.0000 1.0000 1.0000 0.7321 0.3382 0.1522 0.0668 0.0286 0.0119 0.0048 0.0019 0.0007 1.0000 1.0000 1.0000 1.0000 1.0000 0.5950 0.1990 0.0663 0.0220 0.0073 0.0024 0.0008 1.0000 1.0000 1.0000 1.0000 1.0000 0.4809 0.1596 0.0530 0.0176 0.0058 0.0019 0.0006 1.0000
1.0000 0.0009 0.0029 0.0086 0.0260 0.0782 0.2357 0.7101 1.0000 1.0000 1.0000 1.0000 0.0004 0.0012 0.0036 0.0108 0.0326 0.0981 0.2944 0.8820 1.0000 1.0000 1.0000 1.0000 0.0004 0.0012 0.0031 0.0081 0.0206 0.0508 0.1216 0.2834 0.6445 1.0000 1.0000 1.0000 1.0000 1.0000 1.0000 1.0000 0.0005 0.0009 0.0016 0.0029 0.0052 0.0090 0.0155 0.0261 0.0430 0.0723 0.1046 0.0723 0.0430 0.0261 0.0155 0.0090 0.0052 0.0029 0.0016 0.0009 0.0005 1.0000 1.0000 1.0000 1.0000 1.0000 1.0000 1.0000 0.6445 0.2834 0.1216 0.0508 0.0206 0.0081 0.0031 0.0012 0.0004 1.0000 1.0000 1.0000 1.0000 0.8820 0.2944 0.0981 0.0326 0.0108 0.0036 0.0012 0.0004 1.0000 1.0000 1.0000 1.0000 0.7101 0.2357 0.0782 0.0260 0.0086 0.0029 0.0009 1.0000
0.0001 0.0014 0.0042 0.0127 0.0383 0.1155 0.3480 1.0000 1.0000 1.0000 1.0000 1.0000 0.0006 0.0018 0.0053 0.0159 0.0481 0.1448 0.4364 1.0000 1.0000 1.0000 1.0000 1.0000 0.0006 0.0018 0.0050 0.0134 0.0349 0.0883 0.2167 0.5179 1.0000 1.0000 1.0000 1.0000 1.0000 1.0000 1.0000 0.0005 0.0010 0.0020 0.0037 0.0068 0.0124 0.0222 0.0388 0.0668 0.1127 0.1934 0.2845 0.1934 0.1127 0.0667 0.0388 0.0222 0.0125 0.0069 0.0037 0.0020 0.0010 0.0005 1.0000 1.0000 1.0000 1.0000 1.0000 1.0000 1.0000 0.5179 0.2167 0.0883 0.0349 0.0134 0.0050 0.0018 0.0006 1.0000 1.0000 1.0000 1.0000 1.0000 0.4356 0.1448 0.0481 0.0159 0.0053 0.0018 0.0006 1.0000 1.0000 1.0000 1.0000 1.0000 0.3480 0.1155 0.0383 0.0127 0.0042 0.0014 0.0001
0.0001 0.0021 0.0062 0.0188 0.0566 0.1706 0.5139 1.0000 1.0000 1.0000 1.0000 1.0000 0.0009 0.0026 0.0078 0.0236 0.0710 0.2139 0.6445 1.0000 1.0000 1.0000 1.0000 0.0003 0.0010 0.0028 0.0080 0.0218 0.0579 0.1502 0.3784 0.9250 1.0000 1.0000 1.0000 1.0000 1.0000 1.0000 0.0005 0.0011 0.0022 0.0043 0.0083 0.0157 0.0291 0.0531 0.0949 0.1667 0.2872 0.5043 0.7561 0.5052 0.2872 0.1667 0.0949 0.0531 0.0291 0.0157 0.0083 0.0043 0.0022 0.0011 0.0005 1.0000 1.0000 1.0000 1.0000 1.0000 1.0000 0.9250 0.3784 0.1502 0.0579 0.0218 0.0080 0.0028 0.0010 0.0003 1.0000 1.0000 1.0000 1.0000 0.6445 0.2139 0.0710 0.0236 0.0078 0.0026 0.0009 1.0000 1.0000 1.0000 1.0000 1.0000 0.5139 0.1706 0.0566 0.0188 0.0062 0.0021 0.0001
0.0002 0.0031 0.0092 0.0277 0.0836 0.2519 0.7590 1.0000 1.0000 1.0000 1.0000 0.0004 0.0013 0.0038 0.0115 0.0348 0.1048 0.3158 0.9536 1.0000 1.0000 1.0000 1.0000 0.0005 0.0015 0.0044 0.0125 0.0347 0.0946 0.2509 0.6457 1.0000 1.0000 1.0000 1.0000 1.0000 1.0000 0.0005 0.0011 0.0023 0.0047 0.0093 0.0183 0.0352 0.0665 0.1237 0.2260 0.4052 0.7128 1.0000 1.0000 1.0000 0.7155 0.4060 0.2264 0.1239 0.0667 0.0352 0.0183 0.0093 0.0047 0.0023 0.0011 0.0005 1.0000 1.0000 1.0000 1.0000 1.0000 1.0000 0.6457 0.2509 0.0946 0.0347 0.0125 0.0044 0.0015 0.0005 1.0000 1.0000 1.0000 1.0000 0.9518 0.3158 0.1048 0.0348 0.0115 0.0038 0.0013 0.0004 1.0000 1.0000 1.0000 1.0000 0.7590 0.2519 0.0836 0.0277 0.0092 0.0031 0.0002
0.0003 0.0045 0.0136 0.0410 0.1234 0.3720 1.0000 1.0000 1.0000 1.0000 1.0000 0.0006 0.0019 0.0057 0.0170 0.0514 0.1548 0.4664 1.0000 1.0000 1.0000 1.0000 1.0000 0.0008 0.0023 0.0066 0.0192 0.0545 0.1513 0.4099 1.0000 1.0000 1.0000 1.0000 1.0000 1.0000 0.0005 0.0010 0.0022 0.0047 0.0097 0.0197 0.0394 0.0772 0.1490 0.2823 0.5258 0.9627 1.0000 1.0000 1.0000 1.0000 1.0000 0.9645 0.5268 0.2829 0.1493 0.0773 0.0394 0.0197 0.0097 0.0047 0.0022 0.0010 0.0005 1.0000 1.0000 1.0000 1.0000 1.0000 1.0000 0.4099 0.1513 0.0545 0.0192 0.0066 0.0023 0.0008 1.0000 1.0000 1.0000 1.0000 1.0000 0.4664 0.1548 0.0514 0.0170 0.0057 0.0019 0.0006 1.0000 1.0000 1.0000 1.0000 1.0000 0.3720 0.1234 0.0410 0.0136 0.0045 0.0003
0.0004 0.0067 0.0201 0.0605 0.1823 0.5493 1.0000 1.0000 1.0000 1.0000 1.0000 0.0009 0.0028 0.0084 0.0252 0.0759 0.2286 0.6888 1.0000 1.0000 1.0000 1.0000 0.0004 0.0011 0.0034 0.0100 0.0293 0.0845 0.2384 0.6594 1.0000 1.0000 1.0000 1.0000 1.0000 0.0004 0.0009 0.0020 0.0043 0.0093 0.0197 0.0408 0.0833 0.1664 0.3262 0.6311 1.0000 1.0000 1.0000 1.0000 1.0000 1.0000 1.0000 1.0000 1.0000 0.6323 0.3275 0.1664 0.0831 0.0408 0.0197 0.0093 0.0043 0.0020 0.0009 0.0004 1.0000 1.0000 1.0000 1.0000 1.0000 0.6594 0.2384 0.0845 0.0293 0.0100 0.0034 0.0011 0.0004 1.0000 1.0000 1.0000 1.0000 0.6888 0.2286 0.0759 0.0252 0.0084 0.0028 0.0009 1.0000 1.0000 1.0000 1.0000 1.0000 0.5493 0.1823 0.0605 0.0201 0.0067 0.0004
0.0006 0.0098 0.0296 0.0893 0.2692 0.8112 1.0000 1.0000 1.0000 1.0000 0.0005 0.0014 0.0041 0.0123 0.0372 0.1120 0.3376 1.0000 1.0000 1.0000 1.0000 1.0000 0.0006 0.0017 0.0051 0.0151 0.0445 0.1292 0.3706 1.0000 1.0000 1.0000 1.0000 1.0000 1.0000 0.0007 0.0016 0.0037 0.0083 0.0183 0.0394 0.0831 0.1725 0.3513 0.7034 1.0000 1.0000 1.0000 1.0000 1.0000 1.0000 1.0000 1.0000 1.0000 1.0000 1.0000 0.7047 0.3520 0.1725 0.0831 0.0394 0.0183 0.0083 0.0037 0.0016 0.0007 1.0000 1.0000 1.0000 1.0000 1.0000 1.0000 0.3706 0.1292 0.0445 0.0151 0.0051 0.0017 0.0006 1.0000 1.0000 1.0000 1.0000 1.0000 0.3376 0.1120 0.0372 0.0123 0.0041 0.0014 0.0005 1.0000 1.0000 1.0000 1.0000 0.8112 0.2692 0.0893 0.0296 0.0098 0.0006
0.0009 0.0145 0.0438 0.1319 0.3976 1.0000 1.0000 1.0000 1.0000 1.0000 0.0007 0.0020 0.0060 0.0182 0.0549 0.1654 0.4985 1.0000 1.0000 1.0000 1.0000 1.0000 0.0008 0.0025 0.0075 0.0225 0.0668 0.1960 0.5695 1.0000 1.0000 1.0000 1.0000 1.0000 0.0005 0.0012 0.0029 0.0069 0.0157 0.0352 0.0773 0.1664 0.3520 0.7293 1.0000 1.0000 1.0000 1.0000 1.0000 1.0000 1.0000 1.0000 1.0000 1.0000 1.0000 1.0000 1.0000 0.7293 0.3520 0.1664 0.0773 0.0352 0.0157 0.0069 0.0029 0.0012 0.0005 1.0000 1.0000 1.0000 1.0000 1.0000 0.5695 0.1960 0.0668 0.0225 0.0075 0.0025 0.0008 1.0000 1.0000 1.0000 1.0000 1.0000 0.4985 0.1654 0.0549 0.0182 0.0060 0.0020 0.0007 1.0000 1.0000 1.0000 1.0000 1.0000 0.3976 0.1319 0.0438 0.0145 0.0009
0.0013 0.0215 0.0647 0.1948 0.5871 1.0000 1.0000 1.0000 1.0000 1.0000 0.0010 0.0030 0.0089 0.0269 0.0811 0.2443 0.7362 1.0000 1.0000 1.0000 1.0000 0.0004 0.0012 0.0037 0.0112 0.0334 0.0998 0.2955 0.8654 1.0000 1.0000 1.0000 1.0000 1.0000 0.0008 0.0021 0.0052 0.0125 0.0291 0.0667 0.1493 0.3275 0.7047 1.0000 1.0000 1.0000 1.0000 1.0000 1.0000 1.0000 1.0000 1.0000 1.0000 1.0000 1.0000 1.0000 1.0000 1.0000 0.7047 0.3275 0.1493 0.0667 0.0291 0.0125 0.0052 0.0021 0.0008 1.0000 1.0000 1.0000 1.0000 1.0000 0.8654 0.2955 0.0998 0.0334 0.0112 0.0037 0.0012 0.0004 1.0000 1.0000 1.0000 1.0000 0.7362 0.2443 0.0811 0.0269 0.0089 0.0030 0.0010 1.0000 1.0000 1.0000 1.0000 1.0000 0.5871 0.1948 0.0647 0.0215 0.0013
0.0020 0.0317 0.0955 0.2877 0.8671 1.0000 1.0000 1.0000 1.0000 0.0005 0.0015 0.0044 0.0132 0.0397 0.1197 0.3608 1.0000 1.0000 1.0000 1.0000 1.0000 0.0006 0.0018 0.0055 0.0165 0.0496 0.1484 0.4423 1.0000 1.0000 1.0000 1.0000 1.0000 0.0005 0.0014 0.0036 0.0090 0.0222 0.0531 0.1239 0.2829 0.6323 1.0000 1.0000 1.0000 1.0000 1.0000 1.0000 1.0000 0.0005 0.0008 0.0005 1.0000 1.0000 1.0000 1.0000 1.0000 1.0000 1.0000 0.6323 0.2829 0.1239 0.0531 0.0222 0.0090 0.0036 0.0014 0.0005 1.0000 1.0000 1.0000 1.0000 1.0000 0.4423 0.1484 0.0496 0.0165 0.0055 0.0018 0.0006 1.0000 1.0000 1.0000 1.0000 1.0000 0.3608 0.1197 0.0397 0.0132 0.0044 0.0015 0.0005 1.0000 1.0000 1.0000 1.0000 0.8671 0.2877 0.0955 0.0317 0.0020
0.0029 0.0468 0.1410 0.4249 1.0000 1.0000 1.0000 1.0000 1.0000 0.0007 0.0021 0.0065 0.0195 0.0587 0.1768 0.5329 1.0000 1.0000 1.0000 1.0000 1.0000 0.0009 0.0027 0.0081 0.0244 0.0734 0.2205 0.6594 1.0000 1.0000 1.0000 1.0000 1.0000 0.0008 0.0023 0.0060 0.0155 0.0388 0.0949 0.2264 0.5268 1.0000 1.0000 1.0000 1.0000 1.0000 1.0000 1.0000 0.0005 0.0011 0.0018 0.0011 0.0005 1.0000 1.0000 1.0000 1.0000 1.0000 1.0000 1.0000 0.5268 0.2264 0.0949 0.0388 0.0155 0.0060 0.0023 0.0008 1.0000 1.0000 1.0000 1.0000 1.0000 0.6594 0.2205 0.0734 0.0244 0.0081 0.0027 0.0009 1.0000 1.0000 1.0000 1.0000 1.0000 0.5329 0.1768 0.0587 0.0195 0.0065 0.0021 0.0007 1.0000 1.0000 1.0000 1.0000 1.0000 0.4249 0.1410 0.0468 0.0029
0.0043 0.0690 0.2083 0.6275 1.0000 1.0000 1.0000 1.0000 0.0003 0.0011 0.0032 0.0095 0.0288 0.0867 0.2611 0.7869 1.0000 1.0000 1.0000 1.0000 0.0004 0.0013 0.0040 0.0120 0.0361 0.1087 0.3262 0.9793 1.0000 1.0000 1.0000 1.0000 0.0005 0.0013 0.0037 0.0100 0.0261 0.0667 0.1667 0.4060 0.9645 1.0000 1.0000 1.0000 1.0000 1.0000 1.0000 0.0005 0.0011 0.0023 0.0039 0.0023 0.0011 0.0005 1.0000 1.0000 1.0000 1.0000 1.0000 1.0000 0.9645 0.4060 0.1667 0.0667 0.0261 0.0100 0.0037 0.0013 0.0005 1.0000 1.0000 1.0000 1.0000 0.9793 0.3262 0.1087 0.0361 0.0120 0.0040 0.0013 0.0004 1.0000 1.0000 1.0000 1.0000 0.7869 0.2611 0.0867 0.0288 0.0095 0.0032 0.0011 0.0003 1.0000 1.0000 1.0000 1.0000 0.6275 0.2083 0.0690 0.0043
0.0064 0.1019 0.3075 0.9267 1.0000 1.0000 1.0000 1.0000 0.0005 0.0016 0.0047 0.0141 0.0425 0.1280 0.3857 1.0000 1.0000 1.0000 1.0000 1.0000 0.0006 0.0019 0.0059 0.0177 0.0533 0.1605 0.4836 1.0000 1.0000 1.0000 1.0000 1.0000 0.0007 0.0021 0.0059 0.0161 0.0430 0.1127 0.2872 0.7155 1.0000 1.0000 1.0000 1.0000 1.0000 1.0000 0.0005 0.0011 0.0022 0.0048 0.0082 0.0048 0.0022 0.0011 0.0005 1.0000 1.0000 1.0000 1.0000 1.0000 1.0000 0.7155 0.2872 0.1127 0.0430 0.0161 0.0059 0.0021 0.0007 1.0000 1.0000 1.0000 1.0000 1.0000 0.4836 0.1605 0.0533 0.0177 0.0059 0.0019 0.0006 1.0000 1.0000 1.0000 1.0000 1.0000 0.3857 0.1280 0.0425 0.0141 0.0047 0.0016 0.0005 1.0000 1.0000 1.0000 1.0000 0.9267 0.3075 0.1017 0.0064
0.0099 0.1563 0.4682 1.0000 1.0000 1.0000 1.0000 1.0000 0.0008 0.0024 0.0071 0.0214 0.0644 0.1941 0.5849 1.0000 1.0000 1.0000 1.0000 1.0000 0.0010 0.0030 0.0089 0.0268 0.0808 0.2434 0.7335 1.0000 1.0000 1.0000 1.0000 0.0004 0.0011 0.0033 0.0095 0.0264 0.0723 0.1934 0.5052 1.0000 1.0000 1.0000 1.0000 1.0000 1.0000 0.0005 0.0011 0.0023 0.0048 0.0105 0.0184 0.0106 0.0048 0.0023 0.0011 0.0005 1.0000 1.0000 1.0000 1.0000 1.0000 1.0000 0.5052 0.1934 0.0723 0.0264 0.0095 0.0033 0.0011 0.0004 1.0000 1.0000 1.0000 1.0000 0.7335 0.2434 0.0808 0.0268 0.0089 0.0030 0.0010 1.0000 1.0000 1.0000 1.0000 1.0000 0.5849 0.1941 0.0644 0.0214 0.0071 0.0024 0.0008 1.0000 1.0000 1.0000 1.0000 1.0000 0.4682 0.1560 0.0099
0.0139 0.2180 0.6420 1.0000 1.0000 1.0000 1.0000 1.0000 0.0011 0.0032 0.0096 0.0289 0.0872 0.2626 0.7914 1.0000 1.0000 1.0000 1.0000 0.0004 0.0013 0.0040 0.0120 0.0363 0.1093 0.3293 0.9924 1.0000 1.0000 1.0000 1.0000 0.0005 0.0016 0.0046 0.0133 0.0377 0.1046 0.2845 0.7547 1.0000 1.0000 1.0000 1.0000 1.0000 1.0000 0.0008 0.0018 0.0039 0.0082 0.0184 0.0311 0.0184 0.0082 0.0039 0.0018 0.0008 1.0000 1.0000 1.0000 1.0000 1.0000 1.0000 0.7547 0.2845 0.1046 0.0377 0.0133 0.0046 0.0016 0.0005 1.0000 1.0000 1.0000 1.0000 0.9924 0.3293 0.1093 0.0363 0.0120 0.0040 0.0013 0.0004 1.0000 1.0000 1.0000 1.0000 0.7914 0.2626 0.0872 0.0289 0.0096 0.0032 0.0011 1.0000 1.0000 1.0000 1.0000 1.0000 0.6408 0.2176 0.0139
0.0099 0.1563 0.4682 1.0000 1.0000 1.0000 1.0000 1.0000 0.0008 0.0024 0.0071 0.0214 0.0644 0.1941 0.5849 1.0000 1.0000 1.0000 1.0000 1.0000 0.0010 0.0030 0.0089 0.0268 0.0808 0.2434 0.7335 1.0000 1.0000 1.0000 1.0000 0.0004 0.0011 0.0033 0.0095 0.0264 0.0723 0.1934 0.5052 1.0000 1.0000 1.0000 1.0000 1.0000 1.0000 0.0005 0.0011 0.0023 0.0048 0.0106 0.0184 0.0106 0.0048 0.0023 0.0011 0.0005 1.0000 1.0000 1.0000 1.0000 1.0000 1.0000 0.5052 0.1934 0.0723 0.0264 0.0095 0.0033 0.0011 0.0004 1.0000 1.0000 1.0000 1.0000 0.7335 0.2434 0.0808 0.0268 0.0089 0.0030 0.0010 1.0000 1.0000 1.0000 1.0000 1.0000 0.5849 0.1941 0.0644 0.0214 0.0071 0.0024 0.0008 1.0000 1.0000 1.0000 1.0000 1.0000 0.4682 0.1560 0.0099
0.0064 0.1019 0.3075 0.9267 1.0000 1.0000 1.0000 1.0000 0.0005 0.0016 0.0047 0.0141 0.0425 0.1280 0.3857 1.0000 1.0000 1.0000 1.0000 1.0000 0.0006 0.0019 0.0059 0.0177 0.0533 0.1605 0.4836 1.0000 1.0000 1.0000 1.0000 1.0000 0.0007 0.0021 0.0059 0.0161 0.0430 0.1127 0.2872 0.7155 1.0000 1.0000 1.0000 1.0000 1.0000 1.0000 0.0005 0.0011 0.0022 0.0048 0.0082 0.0048 0.0022 0.0011 0.0005 1.0000 1.0000 1.0000 1.0000 1.0000 1.0000 0.7155 0.2872 0.1127 0.0430 0.0161 0.0059 0.0021 0.0007 1.0000 1.0000 1.0000 1.0000 1.0000 0.4836 0.1605 0.0533 0.0177 0.0059 0.0019 0.0006 1.0000 1.0000 1.0000 1.0000 1.0000 0.3857 0.1280 0.0425 0.0141 0.0047 0.0016 0.0005 1.0000 1.0000 1.0000 1.0000 0.9267 0.3075 0.1017 0.0064
0.0043 0.0690 0.2083 0.6275 1.0000 1.0000 1.0000 1.0000 0.0003 0.0011 0.0032 0.0095 0.0288 0.0867 0.2611 0.7869 1.0000 1.0000 1.0000 1.0000 0.0004 0.0013 0.0040 0.0120 0.0361 0.1087 0.3262 0.9793 1.0000 1.0000 1.0000 1.0000 0.0005 0.0013 0.0037 0.0100 0.0261 0.0667 0.1667 0.4060 0.9645 1.0000 1.0000 1.0000 1.0000 1.0000 1.0000 0.0005 0.0011 0.0023 0.0039 0.0023 0.0011 0.0005 1.0000 1.0000 1.0000 1.0000 1.0000 1.0000 0.9645 0.4060 0.1667 0.0667 0.0261 0.0100 0.0037 0.0013 0.0005 1.0000 1.0000 1.0000 1.0000 0.9793 0.3262 0.1087 0.0361 0.0120 0.0040 0.0013 0.0004 1.0000 1.0000 1.0000 1.0000 0.7869 0.2611 0.0867 0.0288 0.0095 0.0032 0.0011 0.0003 1.0000 1.0000 1.0000 1.0000 0.6275 0.2083 0.0690 0.0043
0.0029 0.0468 0.1410 0.4249 1.0000 1.0000 1.0000 1.0000 1.0000 0.0007 0.0021 0.0065 0.0195 0.0587 0.1768 0.5329 1.0000 1.0000 1.0000 1.0000 1.0000 0.0009 0.0027 0.0081 0.0244 0.0734 0.2205 0.6594 1.0000 1.0000 1.0000 1.0000 1.0000 0.0008 0.0023 0.0060 0.0155 0.0388 0.0949 0.2264 0.5268 1.0000 1.0000 1.0000 1.0000 1.0000 1.0000 1.0000 0.0005 0.0011 0.0018 0.0011 0.0005 1.0000 1.0000 1.0000 1.0000 1.0000 1.0000 1.0000 0.5268 0.2264 0.0949 0.0388 0.0155 0.0060 0.0023 0.0008 1.0000 1.0000 1.0000 1.0000 1.0000 0.6594 0.2205 0.0734 0.0244 0.0081 0.0027 0.0009 1.0000 1.0000 1.0000 1.0000 1.0000 0.5329 0.1768 0.0587 0.0195 0.0065 0.0021 0.0007 1.0000 1.0000 1.0000 1.0000 1.0000 0.4249 0.1410 0.0468 0.0029
0.0020 0.0317 0.0955 0.2877 0.8671 1.0000 1.0000 1.0000 1.0000 0.0005 0.0015 0.0044 0.0132 0.0397 0.1197 0.3608 1.0000 1.0000 1.0000 1.0000 1.0000 0.0006 0.0018 0.0055 0.0165 0.0496 0.1484 0.4423 1.0000 1.0000 1.0000 1.0000 1.0000 0.0005 0.0014 0.0036 0.0090 0.0222 0.0531 0.1239 0.2829 0.6323 1.0000 1.0000 1.0000 1.0000 1.0000 1.0000 1.0000 0.0005 0.0008 0.0005 1.0000 1.0000 1.0000 1.0000 1.0000 1.0000 1.0000 0.6323 0.2829 0.1239 0.0531 0.0222 0.0090 0.0036 0.0014 0.0005 1.0000 1.0000 1.0000 1.0000 1.0000 0.4423 0.1484 0.0496 0.0165 0.0055 0.0018 0.0006 1.0000 1.0000 1.0000 1.0000 1.0000 0.3608 0.1197 0.0397 0.0132 0.0044 0.0015 0.0005 1.0000 1.0000 1.0000 1.0000 0.8671 0.2877 0.0955 0.0317 0.0020
