0.4271 0.4119 0.3984 0.3914 0.3827 0.3718 0.3575 0.3398 0.3214 0.3077 0.3017 0.3005 0.3023 0.3066 0.3131 0.3215 0.3317 0.3432 0.3558 0.3688 0.3816 0.3932 0.4029 0.4105 0.4157 0.4191 0.4211 0.4221 0.4225 0.4220 0.4207 0.4185 0.4155 0.4116 0.4069 0.4013 0.3945 0.3863 0.3761 0.3632 0.3465 0.3280 0.3119 0.3031 0.3005 0.3013 0.3048 0.3104 0.3182 0.3286 0.3373 0.3286 0.3182 0.3104 0.3048 0.3013 0.3005 0.3031 0.3119 0.3280 0.3465 0.3632 0.3761 0.3863 0.3945 0.4013 0.4069 0.4116 0.4155 0.4185 0.4207 0.4220 0.4225 0.4221 0.4211 0.4191 0.4157 0.4105 0.4029 0.3932 0.3816 0.3688 0.3558 0.3432 0.3317 0.3215 0.3131 0.3066 0.3023 0.3005 0.3017 0.3077 0.3214 0.3398 0.3575 0.3718 0.3827 0.3914 0.3984 0.4119 0.4271
0.4119 0.3356 0.3132 0.2872 0.2548 0.2174 0.1874 0.1754 0.1761 0.1858 0.1992 0.2145 0.2318 0.2513 0.2728 0.2962 0.3210 0.3464 0.3708 0.3919 0.4072 0.4161 0.4199 0.4206 0.4194 0.4170 0.4134 0.4088 0.4030 0.3959 0.3873 0.3772 0.3653 0.3517 0.3358 0.3168 0.2936 0.2637 0.2291 0.1959 0.1779 0.1749 0.1814 0.1940 0.2086 0.2252 0.2438 0.2645 0.2878 0.3126 0.3262 0.3126 0.2878 0.2645 0.2438 0.2252 0.2086 0.1940 0.1814 0.1749 0.1779 0.1959 0.2291 0.2637 0.2936 0.3168 0.3358 0.3517 0.3653 0.3772 0.3873 0.3959 0.4030 0.4088 0.4134 0.4170 0.4194 0.4206 0.4199 0.4161 0.4072 0.3919 0.3708 0.3464 0.3210 0.2962 0.2728 0.2513 0.2318 0.2145 0.1992 0.1858 0.1761 0.1754 0.1874 0.2174 0.2548 0.2872 0.3132 0.3356 0.4119
0.3984 0.3132 0.2672 0.2132 0.1792 0.1750 0.1840 0.1982 0.2142 0.2320 0.2517 0.2734 0.2970 0.3219 0.3473 0.3717 0.3927 0.4077 0.4161 0.4196 0.4200 0.4186 0.4159 0.4122 0.4076 0.4021 0.3956 0.3878 0.3787 0.3678 0.3549 0.3396 0.3214 0.2993 0.2707 0.2370 0.2028 0.1820 0.1770 0.1818 0.1943 0.2089 0.2256 0.2443 0.2652 0.2880 0.3125 0.3379 0.3633 0.3859 0.3963 0.3859 0.3633 0.3379 0.3125 0.2880 0.2652 0.2443 0.2256 0.2089 0.1943 0.1818 0.1770 0.1820 0.2028 0.2370 0.2707 0.2993 0.3214 0.3396 0.3549 0.3678 0.3787 0.3878 0.3956 0.4021 0.4076 0.4122 0.4159 0.4186 0.4200 0.4196 0.4161 0.4077 0.3927 0.3717 0.3473 0.3219 0.2970 0.2734 0.2517 0.2320 0.2142 0.1982 0.1840 0.1750 0.1792 0.2132 0.2672 0.3132 0.3984
0.3914 0.2872 0.2132 0.1712 0.1813 0.2001 0.2206 0.2426 0.2661 0.2908 0.3165 0.3425 0.3675 0.3894 0.4056 0.4151 0.4193 0.4201 0.4189 0.4165 0.4129 0.4085 0.4031 0.3967 0.3892 0.3803 0.3698 0.3572 0.3424 0.3248 0.3034 0.2761 0.2430 0.2080 0.1843 0.1771 0.1803 0.1920 0.2063 0.2226 0.2410 0.2615 0.2840 0.3082 0.3335 0.3587 0.3819 0.4004 0.4125 0.4182 0.4191 0.4182 0.4125 0.4004 0.3819 0.3587 0.3335 0.3082 0.2840 0.2615 0.2410 0.2226 0.2063 0.1920 0.1803 0.1771 0.1843 0.2080 0.2430 0.2761 0.3034 0.3248 0.3424 0.3572 0.3698 0.3803 0.3892 0.3967 0.4031 0.4085 0.4129 0.4165 0.4189 0.4201 0.4193 0.4151 0.4056 0.3894 0.3675 0.3425 0.3165 0.2908 0.2661 0.2426 0.2206 0.2001 0.1813 0.1712 0.2132 0.2872 0.3914
0.3827 0.2548 0.1792 0.1813 0.2066 0.2349 0.2654 0.2968 0.3281 0.3576 0.3832 0.4023 0.4136 0.4188 0.4202 0.4193 0.4170 0.4136 0.4093 0.4041 0.3979 0.3906 0.3820 0.3717 0.3595 0.3451 0.3280 0.3074 0.2813 0.2490 0.2136 0.1871 0.1775 0.1791 0.1897 0.2037 0.2197 0.2377 0.2579 0.2800 0.3040 0.3292 0.3545 0.3782 0.3977 0.4107 0.4175 0.4200 0.4198 0.4178 0.4154 0.4178 0.4198 0.4200 0.4175 0.4107 0.3977 0.3782 0.3545 0.3292 0.3040 0.2800 0.2579 0.2377 0.2197 0.2037 0.1897 0.1791 0.1775 0.1871 0.2136 0.2490 0.2813 0.3074 0.3280 0.3451 0.3595 0.3717 0.3820 0.3906 0.3979 0.4041 0.4093 0.4136 0.4170 0.4193 0.4202 0.4188 0.4136 0.4023 0.3832 0.3576 0.3281 0.2968 0.2654 0.2349 0.2066 0.1813 0.1792 0.2548 0.3827
0.3718 0.2174 0.1750 0.2001 0.2349 0.2739 0.3146 0.3535 0.3860 0.4071 0.4169 0.4200 0.4196 0.4175 0.4143 0.4101 0.4051 0.3990 0.3920 0.3835 0.3736 0.3618 0.3477 0.3311 0.3112 0.2863 0.2548 0.2196 0.1904 0.1781 0.1782 0.1875 0.2012 0.2168 0.2345 0.2543 0.2761 0.2998 0.3248 0.3502 0.3744 0.3948 0.4090 0.4168 0.4198 0.4200 0.4183 0.4155 0.4117 0.4067 0.4023 0.4067 0.4117 0.4155 0.4183 0.4200 0.4198 0.4168 0.4090 0.3948 0.3744 0.3502 0.3248 0.2998 0.2761 0.2543 0.2345 0.2168 0.2012 0.1875 0.1782 0.1781 0.1904 0.2196 0.2548 0.2863 0.3112 0.3311 0.3477 0.3618 0.3736 0.3835 0.3920 0.3990 0.4051 0.4101 0.4143 0.4175 0.4196 0.4200 0.4169 0.4071 0.3860 0.3535 0.3146 0.2739 0.2349 0.2001 0.1750 0.2174 0.3718
0.3575 0.1874 0.1840 0.2206 0.2654 0.3146 0.3620 0.3981 0.4154 0.4199 0.4191 0.4160 0.4118 0.4066 0.4006 0.3935 0.3853 0.3755 0.3640 0.3503 0.3342 0.3149 0.2911 0.2605 0.2257 0.1943 0.1790 0.1775 0.1854 0.1987 0.2140 0.2313 0.2507 0.2722 0.2957 0.3205 0.3459 0.3704 0.3917 0.4071 0.4158 0.4195 0.4201 0.4187 0.4161 0.4124 0.4079 0.4024 0.3959 0.3877 0.3807 0.3877 0.3959 0.4024 0.4079 0.4124 0.4161 0.4187 0.4201 0.4195 0.4158 0.4071 0.3917 0.3704 0.3459 0.3205 0.2957 0.2722 0.2507 0.2313 0.2140 0.1987 0.1854 0.1775 0.1790 0.1943 0.2257 0.2605 0.2911 0.3149 0.3342 0.3503 0.3640 0.3755 0.3853 0.3935 0.4006 0.4066 0.4118 0.4160 0.4191 0.4199 0.4154 0.3981 0.3620 0.3146 0.2654 0.2206 0.1840 0.1874 0.3575
0.3398 0.1754 0.1982 0.2426 0.2968 0.3535 0.3981 0.4171 0.4199 0.4169 0.4117 0.4052 0.3977 0.3890 0.3789 0.3673 0.3537 0.3377 0.3189 0.2959 0.2662 0.2319 0.1987 0.1804 0.1771 0.1834 0.1963 0.2112 0.2282 0.2473 0.2684 0.2915 0.3162 0.3416 0.3664 0.3884 0.4049 0.4147 0.4192 0.4202 0.4191 0.4166 0.4131 0.4087 0.4034 0.3971 0.3897 0.3809 0.3704 0.3571 0.3458 0.3571 0.3704 0.3809 0.3897 0.3971 0.4034 0.4087 0.4131 0.4166 0.4191 0.4202 0.4192 0.4147 0.4049 0.3884 0.3664 0.3416 0.3162 0.2915 0.2684 0.2473 0.2282 0.2112 0.1963 0.1834 0.1771 0.1804 0.1987 0.2319 0.2662 0.2959 0.3189 0.3377 0.3537 0.3673 0.3789 0.3890 0.3977 0.4052 0.4117 0.4169 0.4199 0.4171 0.3981 0.3535 0.2968 0.2426 0.1982 0.1754 0.3398
0.3214 0.1761 0.2142 0.2661 0.3281 0.3860 0.4154 0.4199 0.4159 0.4090 0.4003 0.3898 0.3774 0.3629 0.3460 0.3266 0.3038 0.2751 0.2402 0.2044 0.1823 0.1769 0.1815 0.1940 0.2085 0.2252 0.2439 0.2647 0.2875 0.3119 0.3373 0.3623 0.3850 0.4026 0.4135 0.4187 0.4202 0.4193 0.4171 0.4138 0.4095 0.4044 0.3983 0.3910 0.3825 0.3723 0.3602 0.3460 0.3290 0.3073 0.2882 0.3073 0.3290 0.3460 0.3602 0.3723 0.3825 0.3910 0.3983 0.4044 0.4095 0.4138 0.4171 0.4193 0.4202 0.4187 0.4135 0.4026 0.3850 0.3623 0.3373 0.3119 0.2875 0.2647 0.2439 0.2252 0.2085 0.1940 0.1815 0.1769 0.1823 0.2044 0.2402 0.2751 0.3038 0.3266 0.3460 0.3629 0.3774 0.3898 0.4003 0.4090 0.4159 0.4199 0.4154 0.3860 0.3281 0.2661 0.2142 0.1761 0.3214
0.3077 0.1858 0.2320 0.2908 0.3576 0.4071 0.4199 0.4169 0.4090 0.3985 0.3852 0.3688 0.3489 0.3254 0.2975 0.2623 0.2204 0.1876 0.1764 0.1792 0.1909 0.2054 0.2219 0.2404 0.2610 0.2835 0.3077 0.3330 0.3581 0.3814 0.4000 0.4121 0.4181 0.4201 0.4196 0.4176 0.4144 0.4103 0.4053 0.3994 0.3924 0.3840 0.3742 0.3624 0.3486 0.3321 0.3124 0.2879 0.2565 0.2209 0.1976 0.2209 0.2565 0.2879 0.3124 0.3321 0.3486 0.3624 0.3742 0.3840 0.3924 0.3994 0.4053 0.4103 0.4144 0.4176 0.4196 0.4201 0.4181 0.4121 0.4000 0.3814 0.3581 0.3330 0.3077 0.2835 0.2610 0.2404 0.2219 0.2054 0.1909 0.1792 0.1764 0.1876 0.2204 0.2623 0.2975 0.3254 0.3489 0.3688 0.3852 0.3985 0.4090 0.4169 0.4199 0.4071 0.3576 0.2908 0.2320 0.1858 0.3077
0.3017 0.1992 0.2517 0.3165 0.3832 0.4169 0.4191 0.4117 0.4003 0.3852 0.3657 0.3411 0.3105 0.2725 0.2217 0.1827 0.1743 0.1835 0.1987 0.2158 0.2348 0.2557 0.2785 0.3028 0.3283 0.3538 0.3776 0.3973 0.4105 0.4174 0.4200 0.4198 0.4180 0.4150 0.4111 0.4063 0.4005 0.3936 0.3856 0.3760 0.3646 0.3511 0.3351 0.3160 0.2925 0.2622 0.2276 0.1956 0.1794 0.1774 0.1797 0.1774 0.1794 0.1956 0.2276 0.2622 0.2925 0.3160 0.3351 0.3511 0.3646 0.3760 0.3856 0.3936 0.4005 0.4063 0.4111 0.4150 0.4180 0.4198 0.4200 0.4174 0.4105 0.3973 0.3776 0.3538 0.3283 0.3028 0.2785 0.2557 0.2348 0.2158 0.1987 0.1835 0.1743 0.1827 0.2217 0.2725 0.3105 0.3411 0.3657 0.3852 0.4003 0.4117 0.4191 0.4169 0.3832 0.3165 0.2517 0.1992 0.3017
0.3005 0.2145 0.2734 0.3424 0.4023 0.4200 0.4160 0.4052 0.3898 0.3688 0.3411 0.3052 0.2579 0.1977 0.1719 0.1815 0.1995 0.2199 0.2425 0.2670 0.2931 0.3201 0.3472 0.3725 0.3938 0.4085 0.4166 0.4198 0.4200 0.4184 0.4156 0.4118 0.4071 0.4015 0.3949 0.3870 0.3777 0.3667 0.3536 0.3380 0.3196 0.2970 0.2678 0.2337 0.2001 0.1809 0.1771 0.1828 0.1958 0.2105 0.2194 0.2105 0.1958 0.1828 0.1771 0.1809 0.2001 0.2337 0.2678 0.2970 0.3196 0.3380 0.3536 0.3667 0.3777 0.3870 0.3949 0.4015 0.4071 0.4118 0.4156 0.4184 0.4200 0.4198 0.4166 0.4085 0.3938 0.3725 0.3472 0.3201 0.2931 0.2670 0.2425 0.2199 0.1995 0.1815 0.1719 0.1977 0.2579 0.3052 0.3411 0.3688 0.3898 0.4052 0.4160 0.4200 0.4023 0.3425 0.2734 0.2145 0.3005
0.3023 0.2318 0.2970 0.3675 0.4136 0.4196 0.4118 0.3977 0.3774 0.3489 0.3105 0.2579 0.1910 0.1713 0.1892 0.2120 0.2381 0.2669 0.2977 0.3291 0.3593 0.3854 0.4043 0.4149 0.4193 0.4201 0.4188 0.4162 0.4126 0.4080 0.4026 0.3961 0.3885 0.3794 0.3687 0.3560 0.3409 0.3230 0.3012 0.2732 0.2398 0.2051 0.1829 0.1770 0.1811 0.1932 0.2077 0.2242 0.2431 0.2637 0.2758 0.2637 0.2431 0.2242 0.2077 0.1932 0.1811 0.1770 0.1829 0.2051 0.2398 0.2732 0.3012 0.3230 0.3409 0.3560 0.3687 0.3794 0.3885 0.3961 0.4026 0.4080 0.4126 0.4162 0.4188 0.4201 0.4193 0.4149 0.4043 0.3854 0.3593 0.3291 0.2977 0.2669 0.2381 0.2120 0.1892 0.1713 0.1910 0.2579 0.3105 0.3489 0.3774 0.3977 0.4118 0.4196 0.4136 0.3675 0.2970 0.2318 0.3023
0.3066 0.2513 0.3219 0.3894 0.4188 0.4175 0.4066 0.3890 0.3629 0.3254 0.2725 0.1977 0.1713 0.1920 0.2187 0.2500 0.2849 0.3218 0.3578 0.3882 0.4081 0.4174 0.4201 0.4194 0.4170 0.4135 0.4090 0.4037 0.3973 0.3899 0.3811 0.3707 0.3583 0.3436 0.3262 0.3053 0.2785 0.2458 0.2105 0.1855 0.1772 0.1797 0.1910 0.2051 0.2212 0.2395 0.2598 0.2822 0.3067 0.3318 0.3456 0.3318 0.3067 0.2822 0.2598 0.2395 0.2212 0.2051 0.1910 0.1797 0.1772 0.1855 0.2105 0.2458 0.2785 0.3053 0.3262 0.3436 0.3583 0.3707 0.3811 0.3899 0.3973 0.4037 0.4090 0.4135 0.4170 0.4194 0.4201 0.4174 0.4081 0.3882 0.3578 0.3218 0.2849 0.2500 0.2187 0.1920 0.1713 0.1977 0.2725 0.3254 0.3629 0.3890 0.4066 0.4175 0.4188 0.3894 0.3219 0.2513 0.3066
0.3131 0.2728 0.3473 0.4056 0.4202 0.4143 0.4006 0.3789 0.3460 0.2975 0.2217 0.1719 0.1892 0.2187 0.2541 0.2942 0.3365 0.3758 0.4039 0.4169 0.4201 0.4189 0.4156 0.4112 0.4058 0.3994 0.3919 0.3832 0.3729 0.3608 0.3465 0.3295 0.3092 0.2836 0.2516 0.2163 0.1885 0.1777 0.1787 0.1887 0.2025 0.2183 0.2362 0.2562 0.2782 0.3021 0.3272 0.3526 0.3768 0.3965 0.4045 0.3965 0.3768 0.3526 0.3272 0.3021 0.2782 0.2562 0.2362 0.2183 0.2025 0.1887 0.1787 0.1777 0.1885 0.2163 0.2516 0.2836 0.3092 0.3295 0.3465 0.3608 0.3729 0.3832 0.3919 0.3994 0.4058 0.4112 0.4156 0.4189 0.4201 0.4169 0.4039 0.3758 0.3365 0.2942 0.2541 0.2187 0.1892 0.1719 0.2217 0.2975 0.3460 0.3789 0.4006 0.4143 0.4202 0.4056 0.3473 0.2728 0.3131
0.3215 0.2962 0.3717 0.4151 0.4193 0.4101 0.3935 0.3673 0.3266 0.2623 0.1827 0.1815 0.2120 0.2500 0.2942 0.3414 0.3839 0.4105 0.4194 0.4195 0.4160 0.4108 0.4044 0.3967 0.3878 0.3773 0.3650 0.3507 0.3339 0.3140 0.2894 0.2579 0.2226 0.1922 0.1784 0.1779 0.1866 0.2000 0.2155 0.2330 0.2526 0.2743 0.2979 0.3229 0.3483 0.3726 0.3934 0.4081 0.4164 0.4196 0.4195 0.4196 0.4164 0.4081 0.3934 0.3726 0.3483 0.3229 0.2979 0.2743 0.2526 0.2330 0.2155 0.2000 0.1866 0.1779 0.1784 0.1922 0.2226 0.2579 0.2894 0.3140 0.3339 0.3507 0.3650 0.3773 0.3878 0.3967 0.4044 0.4108 0.4160 0.4195 0.4194 0.4105 0.3839 0.3414 0.2942 0.2500 0.2120 0.1815 0.1827 0.2623 0.3266 0.3673 0.3935 0.4101 0.4193 0.4151 0.3717 0.2962 0.3215
0.3317 0.3210 0.3927 0.4193 0.4170 0.4051 0.3853 0.3537 0.3038 0.2204 0.1743 0.1995 0.2381 0.2849 0.3365 0.3839 0.4122 0.4199 0.4184 0.4135 0.4065 0.3979 0.3876 0.3752 0.3606 0.3434 0.3231 0.2991 0.2684 0.2322 0.1977 0.1796 0.1771 0.1843 0.1975 0.2127 0.2299 0.2492 0.2705 0.2938 0.3185 0.3440 0.3686 0.3902 0.4061 0.4153 0.4194 0.4201 0.4189 0.4161 0.4134 0.4161 0.4189 0.4201 0.4194 0.4153 0.4061 0.3902 0.3686 0.3440 0.3185 0.2938 0.2705 0.2492 0.2299 0.2127 0.1975 0.1843 0.1771 0.1796 0.1977 0.2322 0.2684 0.2991 0.3231 0.3434 0.3606 0.3752 0.3876 0.3979 0.4065 0.4135 0.4184 0.4199 0.4122 0.3839 0.3365 0.2849 0.2381 0.1995 0.1743 0.2204 0.3038 0.3537 0.3853 0.4051 0.4170 0.4193 0.3927 0.3210 0.3317
0.3432 0.3464 0.4077 0.4201 0.4136 0.3990 0.3755 0.3377 0.2751 0.1876 0.1835 0.2199 0.2669 0.3218 0.3757 0.4105 0.4199 0.4180 0.4120 0.4036 0.3930 0.3798 0.3635 0.3438 0.3203 0.2919 0.2549 0.2130 0.1838 0.1761 0.1810 0.1940 0.2092 0.2262 0.2454 0.2665 0.2896 0.3142 0.3396 0.3645 0.3869 0.4039 0.4142 0.4190 0.4202 0.4192 0.4168 0.4134 0.4091 0.4035 0.3987 0.4035 0.4091 0.4134 0.4168 0.4192 0.4202 0.4190 0.4142 0.4039 0.3869 0.3645 0.3396 0.3142 0.2896 0.2665 0.2454 0.2262 0.2092 0.1940 0.1810 0.1761 0.1838 0.2130 0.2549 0.2919 0.3203 0.3438 0.3635 0.3798 0.3930 0.4036 0.4120 0.4180 0.4199 0.4105 0.3758 0.3218 0.2669 0.2199 0.1835 0.1876 0.2751 0.3377 0.3755 0.3990 0.4136 0.4201 0.4077 0.3464 0.3432
0.3558 0.3708 0.4161 0.4189 0.4093 0.3920 0.3640 0.3189 0.2402 0.1764 0.1987 0.2425 0.2977 0.3577 0.4039 0.4194 0.4184 0.4120 0.4026 0.3903 0.3746 0.3546 0.3298 0.2991 0.2590 0.2098 0.1788 0.1754 0.1864 0.2020 0.2195 0.2392 0.2607 0.2840 0.3090 0.3347 0.3601 0.3832 0.4014 0.4129 0.4185 0.4201 0.4195 0.4173 0.4141 0.4099 0.4048 0.3988 0.3916 0.3826 0.3749 0.3826 0.3916 0.3988 0.4048 0.4099 0.4141 0.4173 0.4195 0.4201 0.4185 0.4129 0.4014 0.3832 0.3601 0.3347 0.3090 0.2840 0.2607 0.2392 0.2195 0.2020 0.1864 0.1754 0.1788 0.2098 0.2590 0.2991 0.3298 0.3546 0.3746 0.3903 0.4026 0.4120 0.4184 0.4194 0.4039 0.3578 0.2977 0.2425 0.1987 0.1764 0.2402 0.3189 0.3640 0.3920 0.4093 0.4189 0.4161 0.3708 0.3558
0.3688 0.3919 0.4196 0.4165 0.4041 0.3835 0.3503 0.2959 0.2044 0.1792 0.2158 0.2671 0.3291 0.3881 0.4169 0.4195 0.4135 0.4036 0.3903 0.3728 0.3498 0.3205 0.2829 0.2300 0.1832 0.1733 0.1864 0.2044 0.2249 0.2476 0.2724 0.2988 0.3261 0.3531 0.3780 0.3980 0.4111 0.4178 0.4200 0.4197 0.4178 0.4147 0.4107 0.4058 0.3999 0.3930 0.3847 0.3750 0.3634 0.3488 0.3363 0.3488 0.3634 0.3750 0.3847 0.3930 0.3999 0.4058 0.4107 0.4147 0.4178 0.4197 0.4200 0.4178 0.4111 0.3980 0.3780 0.3531 0.3261 0.2988 0.2724 0.2476 0.2249 0.2044 0.1864 0.1733 0.1832 0.2300 0.2829 0.3205 0.3498 0.3728 0.3903 0.4036 0.4135 0.4195 0.4169 0.3882 0.3291 0.2670 0.2158 0.1792 0.2044 0.2959 0.3503 0.3835 0.4041 0.4165 0.4196 0.3919 0.3688
0.3816 0.4072 0.4200 0.4129 0.3979 0.3736 0.3342 0.2662 0.1823 0.1909 0.2348 0.2931 0.3592 0.4081 0.4201 0.4160 0.4065 0.3930 0.3746 0.3498 0.3172 0.2741 0.2123 0.1736 0.1789 0.1983 0.2210 0.2468 0.2752 0.3054 0.3363 0.3655 0.3902 0.4074 0.4164 0.4198 0.4199 0.4183 0.4153 0.4115 0.4067 0.4010 0.3942 0.3863 0.3768 0.3655 0.3522 0.3365 0.3176 0.2931 0.2710 0.2931 0.3176 0.3365 0.3522 0.3655 0.3768 0.3863 0.3942 0.4010 0.4067 0.4115 0.4153 0.4183 0.4199 0.4198 0.4164 0.4074 0.3902 0.3655 0.3363 0.3054 0.2752 0.2468 0.2210 0.1983 0.1789 0.1736 0.2123 0.2741 0.3172 0.3498 0.3746 0.3930 0.4065 0.4160 0.4201 0.4081 0.3593 0.2931 0.2348 0.1909 0.1823 0.2662 0.3342 0.3736 0.3979 0.4129 0.4200 0.4072 0.3816
0.3932 0.4161 0.4186 0.4085 0.3906 0.3618 0.3149 0.2319 0.1769 0.2054 0.2557 0.3201 0.3853 0.4174 0.4189 0.4108 0.3979 0.3798 0.3546 0.3205 0.2741 0.2069 0.1712 0.1842 0.2070 0.2341 0.2650 0.2990 0.3341 0.3676 0.3947 0.4113 0.4185 0.4201 0.4190 0.4163 0.4125 0.4078 0.4022 0.3956 0.3878 0.3786 0.3676 0.3547 0.3394 0.3211 0.2989 0.2703 0.2365 0.2021 0.1845 0.2021 0.2365 0.2703 0.2989 0.3211 0.3394 0.3547 0.3676 0.3786 0.3878 0.3956 0.4022 0.4078 0.4125 0.4163 0.4190 0.4201 0.4185 0.4113 0.3947 0.3676 0.3341 0.2990 0.2650 0.2341 0.2070 0.1842 0.1712 0.2069 0.2741 0.3205 0.3546 0.3798 0.3979 0.4108 0.4189 0.4174 0.3854 0.3201 0.2557 0.2054 0.1769 0.2319 0.3149 0.3618 0.3906 0.4085 0.4186 0.4161 0.3932
0.4029 0.4199 0.4159 0.4031 0.3820 0.3477 0.2911 0.1987 0.1815 0.2219 0.2784 0.3471 0.4043 0.4201 0.4156 0.4044 0.3876 0.3635 0.3298 0.2829 0.2123 0.1712 0.1860 0.2115 0.2424 0.2779 0.3167 0.3556 0.3891 0.4102 0.4186 0.4201 0.4182 0.4147 0.4100 0.4044 0.3977 0.3900 0.3808 0.3700 0.3574 0.3424 0.3246 0.3032 0.2757 0.2425 0.2076 0.1840 0.1772 0.1805 0.1863 0.1805 0.1772 0.1840 0.2076 0.2425 0.2757 0.3032 0.3246 0.3424 0.3574 0.3700 0.3808 0.3900 0.3977 0.4044 0.4100 0.4147 0.4182 0.4201 0.4186 0.4102 0.3891 0.3556 0.3167 0.2779 0.2423 0.2116 0.1860 0.1712 0.2123 0.2829 0.3298 0.3635 0.3876 0.4044 0.4156 0.4201 0.4043 0.3472 0.2785 0.2219 0.1815 0.1987 0.2911 0.3477 0.3820 0.4031 0.4159 0.4199 0.4029
0.4105 0.4206 0.4122 0.3967 0.3717 0.3311 0.2605 0.1804 0.1940 0.2403 0.3028 0.3724 0.4149 0.4194 0.4112 0.3967 0.3752 0.3438 0.2991 0.2300 0.1736 0.1842 0.2116 0.2452 0.2845 0.3274 0.3692 0.4011 0.4165 0.4201 0.4185 0.4145 0.4091 0.4024 0.3946 0.3854 0.3745 0.3617 0.3468 0.3292 0.3083 0.2819 0.2492 0.2135 0.1869 0.1774 0.1792 0.1899 0.2042 0.2201 0.2296 0.2201 0.2042 0.1899 0.1792 0.1774 0.1869 0.2135 0.2492 0.2819 0.3083 0.3292 0.3468 0.3617 0.3745 0.3854 0.3946 0.4024 0.4091 0.4145 0.4185 0.4201 0.4165 0.4011 0.3692 0.3274 0.2845 0.2452 0.2116 0.1842 0.1736 0.2300 0.2991 0.3438 0.3752 0.3967 0.4112 0.4194 0.4149 0.3725 0.3028 0.2404 0.1940 0.1804 0.2605 0.3311 0.3717 0.3967 0.4122 0.4206 0.4105
0.4157 0.4194 0.4076 0.3892 0.3595 0.3112 0.2257 0.1772 0.2085 0.2609 0.3282 0.3937 0.4193 0.4170 0.4058 0.3878 0.3606 0.3203 0.2590 0.1832 0.1789 0.2070 0.2423 0.2845 0.3310 0.3756 0.4068 0.4187 0.4197 0.4162 0.4106 0.4034 0.3946 0.3839 0.3712 0.3562 0.3385 0.3176 0.2923 0.2597 0.2227 0.1913 0.1779 0.1780 0.1875 0.2013 0.2170 0.2347 0.2549 0.2767 0.2893 0.2767 0.2549 0.2347 0.2170 0.2013 0.1875 0.1780 0.1779 0.1913 0.2227 0.2597 0.2923 0.3176 0.3385 0.3562 0.3712 0.3839 0.3946 0.4034 0.4106 0.4162 0.4197 0.4187 0.4068 0.3756 0.3310 0.2845 0.2423 0.2070 0.1789 0.1832 0.2590 0.3203 0.3606 0.3878 0.4058 0.4170 0.4193 0.3938 0.3283 0.2610 0.2085 0.1771 0.2257 0.3112 0.3595 0.3892 0.4076 0.4194 0.4157
0.4191 0.4170 0.4021 0.3803 0.3451 0.2863 0.1943 0.1834 0.2252 0.2834 0.3538 0.4085 0.4201 0.4135 0.3994 0.3773 0.3433 0.2919 0.2098 0.1733 0.1983 0.2341 0.2779 0.3274 0.3756 0.4084 0.4194 0.4191 0.4144 0.4074 0.3984 0.3872 0.3734 0.3566 0.3364 0.3122 0.2824 0.2437 0.2034 0.1800 0.1764 0.1839 0.1977 0.2133 0.2310 0.2507 0.2724 0.2959 0.3213 0.3466 0.3601 0.3466 0.3213 0.2959 0.2724 0.2507 0.2310 0.2133 0.1977 0.1839 0.1764 0.1800 0.2034 0.2437 0.2824 0.3122 0.3364 0.3566 0.3734 0.3872 0.3984 0.4074 0.4144 0.4191 0.4194 0.4084 0.3756 0.3274 0.2779 0.2341 0.1983 0.1733 0.2098 0.2919 0.3434 0.3773 0.3994 0.4135 0.4201 0.4085 0.3538 0.2835 0.2252 0.1834 0.1943 0.2863 0.3451 0.3803 0.4021 0.4170 0.4191
0.4211 0.4134 0.3956 0.3698 0.3280 0.2548 0.1790 0.1963 0.2439 0.3076 0.3777 0.4166 0.4188 0.4091 0.3920 0.3650 0.3232 0.2550 0.1789 0.1863 0.2210 0.2650 0.3167 0.3692 0.4068 0.4194 0.4188 0.4134 0.4053 0.3948 0.3814 0.3644 0.3432 0.3172 0.2848 0.2414 0.1966 0.1757 0.1775 0.1904 0.2064 0.2245 0.2445 0.2665 0.2904 0.3156 0.3414 0.3665 0.3889 0.4052 0.4109 0.4052 0.3889 0.3665 0.3414 0.3156 0.2904 0.2665 0.2445 0.2245 0.2064 0.1904 0.1775 0.1757 0.1966 0.2415 0.2848 0.3172 0.3432 0.3644 0.3814 0.3948 0.4053 0.4134 0.4188 0.4194 0.4068 0.3692 0.3167 0.2650 0.2210 0.1864 0.1788 0.2549 0.3231 0.3650 0.3919 0.4090 0.4188 0.4166 0.3776 0.3077 0.2439 0.1963 0.1790 0.2548 0.3280 0.3698 0.3956 0.4134 0.4211
0.4221 0.4088 0.3878 0.3572 0.3074 0.2196 0.1775 0.2112 0.2647 0.3330 0.3973 0.4198 0.4162 0.4037 0.3832 0.3507 0.2991 0.2131 0.1754 0.2044 0.2468 0.2990 0.3556 0.4011 0.4187 0.4191 0.4134 0.4046 0.3929 0.3776 0.3577 0.3325 0.3007 0.2581 0.2047 0.1752 0.1770 0.1924 0.2107 0.2315 0.2545 0.2795 0.3060 0.3332 0.3599 0.3838 0.4022 0.4134 0.4188 0.4200 0.4192 0.4200 0.4188 0.4134 0.4022 0.3838 0.3599 0.3332 0.3060 0.2795 0.2545 0.2315 0.2107 0.1924 0.1770 0.1752 0.2048 0.2581 0.3007 0.3325 0.3577 0.3776 0.3929 0.4046 0.4134 0.4191 0.4187 0.4011 0.3556 0.2990 0.2468 0.2044 0.1754 0.2130 0.2991 0.3507 0.3832 0.4037 0.4162 0.4198 0.3973 0.3330 0.2647 0.2112 0.1775 0.2196 0.3074 0.3572 0.3878 0.4088 0.4221
0.4225 0.4030 0.3787 0.3424 0.2813 0.1904 0.1854 0.2282 0.2875 0.3581 0.4105 0.4200 0.4126 0.3973 0.3729 0.3339 0.2685 0.1838 0.1863 0.2249 0.2752 0.3341 0.3891 0.4165 0.4197 0.4144 0.4053 0.3929 0.3763 0.3543 0.3257 0.2885 0.2354 0.1841 0.1728 0.1880 0.2080 0.2311 0.2570 0.2854 0.3152 0.3452 0.3731 0.3957 0.4105 0.4177 0.4201 0.4196 0.4176 0.4142 0.4110 0.4142 0.4176 0.4196 0.4201 0.4177 0.4105 0.3957 0.3731 0.3452 0.3152 0.2854 0.2570 0.2311 0.2080 0.1880 0.1728 0.1842 0.2354 0.2885 0.3257 0.3543 0.3763 0.3929 0.4053 0.4144 0.4197 0.4165 0.3891 0.3341 0.2752 0.2249 0.1864 0.1838 0.2684 0.3339 0.3729 0.3973 0.4126 0.4200 0.4105 0.3581 0.2875 0.2282 0.1854 0.1904 0.2813 0.3424 0.3787 0.4030 0.4225
0.4220 0.3959 0.3678 0.3248 0.2490 0.1781 0.1987 0.2473 0.3119 0.3814 0.4174 0.4184 0.4080 0.3899 0.3608 0.3140 0.2322 0.1761 0.2019 0.2476 0.3054 0.3676 0.4102 0.4201 0.4162 0.4074 0.3948 0.3776 0.3543 0.3233 0.2820 0.2213 0.1756 0.1774 0.1975 0.2214 0.2493 0.2805 0.3139 0.3475 0.3782 0.4013 0.4143 0.4194 0.4200 0.4184 0.4154 0.4114 0.4064 0.4002 0.3949 0.4002 0.4064 0.4114 0.4154 0.4184 0.4200 0.4194 0.4143 0.4013 0.3782 0.3475 0.3139 0.2805 0.2493 0.2214 0.1975 0.1774 0.1756 0.2213 0.2820 0.3233 0.3543 0.3776 0.3948 0.4074 0.4162 0.4201 0.4102 0.3676 0.3054 0.2476 0.2020 0.1761 0.2322 0.3140 0.3608 0.3899 0.4080 0.4184 0.4174 0.3814 0.3119 0.2473 0.1987 0.1781 0.2490 0.3248 0.3678 0.3959 0.4220
0.4207 0.3873 0.3549 0.3034 0.2136 0.1782 0.2140 0.2684 0.3373 0.4000 0.4200 0.4156 0.4026 0.3811 0.3465 0.2894 0.1977 0.1810 0.2195 0.2724 0.3363 0.3947 0.4186 0.4185 0.4106 0.3984 0.3814 0.3577 0.3257 0.2820 0.2168 0.1729 0.1815 0.2042 0.2318 0.2639 0.2998 0.3374 0.3728 0.4001 0.4148 0.4197 0.4197 0.4173 0.4134 0.4085 0.4027 0.3958 0.3877 0.3775 0.3689 0.3775 0.3877 0.3958 0.4027 0.4085 0.4134 0.4173 0.4197 0.4197 0.4148 0.4001 0.3728 0.3374 0.2998 0.2639 0.2318 0.2042 0.1815 0.1729 0.2168 0.2820 0.3257 0.3577 0.3814 0.3984 0.4106 0.4185 0.4186 0.3947 0.3363 0.2724 0.2195 0.1810 0.1977 0.2894 0.3465 0.3811 0.4026 0.4156 0.4200 0.4000 0.3373 0.2684 0.2140 0.1782 0.2136 0.3034 0.3549 0.3873 0.4207
0.4185 0.3772 0.3396 0.2761 0.1871 0.1875 0.2313 0.2915 0.3623 0.4121 0.4198 0.4118 0.3961 0.3707 0.3295 0.2579 0.1796 0.1940 0.2392 0.2988 0.3655 0.4113 0.4201 0.4145 0.4034 0.3872 0.3644 0.3325 0.2885 0.2213 0.1729 0.1828 0.2077 0.2383 0.2741 0.3139 0.3546 0.3898 0.4114 0.4192 0.4198 0.4171 0.4126 0.4069 0.4000 0.3920 0.3824 0.3712 0.3580 0.3413 0.3272 0.3413 0.3580 0.3712 0.3824 0.3920 0.4000 0.4069 0.4126 0.4171 0.4198 0.4192 0.4114 0.3898 0.3546 0.3139 0.2741 0.2383 0.2077 0.1828 0.1729 0.2213 0.2885 0.3325 0.3644 0.3872 0.4034 0.4145 0.4201 0.4113 0.3655 0.2988 0.2392 0.1940 0.1796 0.2579 0.3295 0.3707 0.3961 0.4118 0.4198 0.4121 0.3623 0.2915 0.2313 0.1875 0.1871 0.2761 0.3396 0.3772 0.4185
0.4155 0.3653 0.3214 0.2430 0.1775 0.2012 0.2507 0.3162 0.3850 0.4181 0.4180 0.4071 0.3885 0.3583 0.3092 0.2226 0.1771 0.2092 0.2607 0.3261 0.3902 0.4185 0.4182 0.4091 0.3946 0.3734 0.3432 0.3007 0.2354 0.1756 0.1815 0.2077 0.2405 0.2792 0.3224 0.3655 0.3996 0.4163 0.4201 0.4182 0.4137 0.4075 0.3998 0.3907 0.3796 0.3665 0.3510 0.3327 0.3110 0.2826 0.2572 0.2826 0.3110 0.3327 0.3510 0.3665 0.3796 0.3907 0.3998 0.4075 0.4137 0.4182 0.4201 0.4163 0.3996 0.3655 0.3224 0.2792 0.2405 0.2077 0.1815 0.1756 0.2354 0.3007 0.3432 0.3734 0.3946 0.4091 0.4182 0.4185 0.3902 0.3261 0.2607 0.2092 0.1771 0.2226 0.3092 0.3583 0.3885 0.4071 0.4180 0.4181 0.3850 0.3162 0.2507 0.2012 0.1775 0.2430 0.3214 0.3653 0.4155
0.4116 0.3517 0.2993 0.2080 0.1791 0.2168 0.2722 0.3416 0.4026 0.4201 0.4150 0.4015 0.3794 0.3436 0.2836 0.1922 0.1843 0.2262 0.2841 0.3531 0.4074 0.4201 0.4147 0.4024 0.3839 0.3566 0.3172 0.2581 0.1842 0.1774 0.2042 0.2383 0.2792 0.3252 0.3707 0.4044 0.4182 0.4198 0.4163 0.4104 0.4026 0.3930 0.3810 0.3665 0.3489 0.3279 0.3026 0.2704 0.2308 0.1941 0.1787 0.1941 0.2308 0.2704 0.3026 0.3279 0.3489 0.3665 0.3810 0.3930 0.4026 0.4104 0.4163 0.4198 0.4182 0.4044 0.3707 0.3252 0.2792 0.2383 0.2042 0.1774 0.1842 0.2581 0.3172 0.3566 0.3839 0.4024 0.4147 0.4201 0.4074 0.3531 0.2840 0.2262 0.1843 0.1922 0.2836 0.3436 0.3794 0.4015 0.4150 0.4201 0.4026 0.3416 0.2722 0.2168 0.1791 0.2080 0.2993 0.3517 0.4116
0.4069 0.3358 0.2707 0.1843 0.1897 0.2345 0.2957 0.3664 0.4135 0.4196 0.4111 0.3949 0.3687 0.3262 0.2516 0.1784 0.1975 0.2454 0.3090 0.3780 0.4164 0.4190 0.4100 0.3946 0.3712 0.3364 0.2848 0.2048 0.1728 0.1975 0.2318 0.2741 0.3224 0.3707 0.4058 0.4189 0.4194 0.4149 0.4079 0.3986 0.3869 0.3721 0.3538 0.3312 0.3035 0.2678 0.2224 0.1859 0.1752 0.1810 0.1884 0.1810 0.1752 0.1859 0.2224 0.2678 0.3035 0.3311 0.3537 0.3721 0.3869 0.3986 0.4078 0.4149 0.4194 0.4189 0.4058 0.3707 0.3224 0.2741 0.2318 0.1975 0.1728 0.2048 0.2848 0.3364 0.3712 0.3946 0.4100 0.4190 0.4164 0.3780 0.3090 0.2454 0.1975 0.1784 0.2516 0.3262 0.3687 0.3949 0.4111 0.4196 0.4135 0.3664 0.2957 0.2345 0.1897 0.1843 0.2707 0.3358 0.4069
0.4013 0.3168 0.2370 0.1771 0.2037 0.2543 0.3205 0.3884 0.4187 0.4176 0.4063 0.3870 0.3560 0.3053 0.2163 0.1779 0.2127 0.2665 0.3347 0.3980 0.4198 0.4163 0.4044 0.3854 0.3562 0.3122 0.2415 0.1752 0.1880 0.2214 0.2639 0.3139 0.3655 0.4044 0.4189 0.4192 0.4141 0.4062 0.3957 0.3821 0.3647 0.3426 0.3148 0.2795 0.2306 0.1866 0.1736 0.1828 0.1994 0.2181 0.2292 0.2181 0.1994 0.1828 0.1736 0.1866 0.2305 0.2794 0.3147 0.3425 0.3647 0.3822 0.3958 0.4062 0.4141 0.4192 0.4189 0.4044 0.3655 0.3139 0.2639 0.2214 0.1880 0.1752 0.2415 0.3122 0.3562 0.3854 0.4044 0.4163 0.4198 0.3980 0.3347 0.2665 0.2127 0.1779 0.2163 0.3053 0.3560 0.3870 0.4063 0.4176 0.4187 0.3884 0.3205 0.2543 0.2037 0.1771 0.2370 0.3168 0.4013
0.3945 0.2936 0.2028 0.1803 0.2197 0.2761 0.3459 0.4049 0.4202 0.4144 0.4005 0.3777 0.3409 0.2785 0.1885 0.1866 0.2299 0.2896 0.3601 0.4111 0.4199 0.4125 0.3978 0.3745 0.3385 0.2825 0.1966 0.1770 0.2080 0.2493 0.2998 0.3546 0.3996 0.4182 0.4194 0.4141 0.4056 0.3942 0.3791 0.3594 0.3339 0.3012 0.2569 0.2009 0.1732 0.1796 0.1973 0.2181 0.2421 0.2682 0.2834 0.2682 0.2421 0.2180 0.1973 0.1796 0.1732 0.2007 0.2567 0.3011 0.3338 0.3594 0.3792 0.3942 0.4056 0.4141 0.4194 0.4182 0.3996 0.3546 0.2998 0.2493 0.2080 0.1770 0.1966 0.2824 0.3385 0.3745 0.3977 0.4125 0.4199 0.4111 0.3601 0.2896 0.2299 0.1866 0.1885 0.2785 0.3409 0.3777 0.4005 0.4144 0.4202 0.4049 0.3459 0.2761 0.2197 0.1803 0.2028 0.2936 0.3945
0.3863 0.2637 0.1820 0.1920 0.2377 0.2998 0.3704 0.4147 0.4193 0.4103 0.3936 0.3667 0.3230 0.2458 0.1777 0.2000 0.2492 0.3142 0.3832 0.4178 0.4183 0.4078 0.3900 0.3618 0.3177 0.2438 0.1757 0.1924 0.2311 0.2805 0.3374 0.3898 0.4163 0.4198 0.4149 0.4062 0.3942 0.3781 0.3566 0.3284 0.2914 0.2381 0.1843 0.1727 0.1893 0.2109 0.2360 0.2645 0.2964 0.3289 0.3466 0.3289 0.2963 0.2645 0.2360 0.2109 0.1894 0.1727 0.1843 0.2380 0.2914 0.3284 0.3566 0.3781 0.3942 0.4062 0.4149 0.4198 0.4163 0.3898 0.3374 0.2805 0.2311 0.1924 0.1757 0.2437 0.3176 0.3617 0.3900 0.4078 0.4183 0.4178 0.3832 0.3142 0.2492 0.2000 0.1777 0.2458 0.3230 0.3667 0.3936 0.4103 0.4193 0.4147 0.3704 0.2998 0.2377 0.1920 0.1820 0.2637 0.3863
0.3761 0.2291 0.1770 0.2063 0.2579 0.3248 0.3917 0.4192 0.4171 0.4053 0.3856 0.3536 0.3012 0.2105 0.1787 0.2155 0.2705 0.3396 0.4014 0.4200 0.4154 0.4022 0.3809 0.3469 0.2925 0.2035 0.1775 0.2107 0.2570 0.3139 0.3728 0.4114 0.4201 0.4163 0.4079 0.3957 0.3791 0.3566 0.3265 0.2863 0.2265 0.1770 0.1768 0.1973 0.2222 0.2515 0.2847 0.3204 0.3566 0.3876 0.4003 0.3876 0.3568 0.3204 0.2847 0.2516 0.2223 0.1973 0.1768 0.1770 0.2265 0.2863 0.3265 0.3566 0.3792 0.3958 0.4078 0.4163 0.4201 0.4114 0.3728 0.3139 0.2570 0.2107 0.1775 0.2034 0.2923 0.3468 0.3808 0.4022 0.4153 0.4200 0.4014 0.3396 0.2705 0.2155 0.1787 0.2105 0.3012 0.3536 0.3856 0.4053 0.4171 0.4192 0.3917 0.3248 0.2579 0.2063 0.1770 0.2291 0.3761
0.3632 0.1959 0.1818 0.2226 0.2800 0.3502 0.4071 0.4202 0.4138 0.3994 0.3760 0.3380 0.2732 0.1855 0.1887 0.2330 0.2938 0.3646 0.4129 0.4197 0.4115 0.3956 0.3701 0.3293 0.2600 0.1801 0.1904 0.2315 0.2854 0.3475 0.4001 0.4192 0.4182 0.4104 0.3986 0.3821 0.3594 0.3284 0.2863 0.2227 0.1743 0.1800 0.2028 0.2307 0.2637 0.3008 0.3400 0.3768 0.4042 0.4168 0.4187 0.4168 0.4042 0.3769 0.3401 0.3010 0.2638 0.2308 0.2028 0.1800 0.1743 0.2227 0.2863 0.3284 0.3594 0.3822 0.3986 0.4104 0.4182 0.4192 0.4001 0.3475 0.2854 0.2315 0.1904 0.1800 0.2597 0.3292 0.3700 0.3956 0.4115 0.4197 0.4129 0.3645 0.2938 0.2330 0.1887 0.1855 0.2732 0.3380 0.3760 0.3994 0.4138 0.4202 0.4071 0.3502 0.2800 0.2226 0.1818 0.1959 0.3632
0.3465 0.1779 0.1943 0.2410 0.3040 0.3744 0.4158 0.4191 0.4095 0.3924 0.3646 0.3196 0.2398 0.1772 0.2025 0.2526 0.3185 0.3869 0.4185 0.4178 0.4067 0.3878 0.3574 0.3083 0.2228 0.1764 0.2064 0.2545 0.3152 0.3782 0.4148 0.4198 0.4137 0.4026 0.3869 0.3647 0.3338 0.2914 0.2265 0.1743 0.1812 0.2057 0.2361 0.2721 0.3125 0.3543 0.3906 0.4123 0.4197 0.4192 0.4165 0.4192 0.4197 0.4123 0.3907 0.3544 0.3127 0.2721 0.2361 0.2057 0.1812 0.1743 0.2265 0.2914 0.3338 0.3647 0.3869 0.4026 0.4137 0.4198 0.4148 0.3782 0.3152 0.2545 0.2064 0.1764 0.2227 0.3083 0.3574 0.3878 0.4067 0.4178 0.4185 0.3869 0.3185 0.2526 0.2025 0.1772 0.2398 0.3196 0.3646 0.3924 0.4095 0.4191 0.4158 0.3744 0.3040 0.2410 0.1943 0.1779 0.3465
0.3280 0.1749 0.2089 0.2615 0.3292 0.3948 0.4195 0.4166 0.4044 0.3840 0.3511 0.2970 0.2051 0.1797 0.2183 0.2743 0.3440 0.4039 0.4201 0.4147 0.4010 0.3786 0.3423 0.2820 0.1914 0.1839 0.2245 0.2795 0.3452 0.4013 0.4197 0.4171 0.4075 0.3930 0.3721 0.3425 0.3011 0.2380 0.1770 0.1800 0.2057 0.2379 0.2763 0.3196 0.3635 0.3988 0.4162 0.4201 0.4179 0.4126 0.4072 0.4125 0.4179 0.4201 0.4163 0.3989 0.3636 0.3197 0.2763 0.2378 0.2057 0.1800 0.1770 0.2380 0.3011 0.3425 0.3721 0.3930 0.4075 0.4171 0.4197 0.4013 0.3452 0.2795 0.2245 0.1839 0.1913 0.2819 0.3424 0.3786 0.4010 0.4147 0.4201 0.4039 0.3440 0.2743 0.2183 0.1797 0.2051 0.2970 0.3511 0.3840 0.4044 0.4166 0.4195 0.3948 0.3292 0.2615 0.2089 0.1749 0.3280
0.3119 0.1814 0.2256 0.2840 0.3545 0.4090 0.4201 0.4131 0.3983 0.3742 0.3351 0.2678 0.1829 0.1910 0.2362 0.2979 0.3686 0.4142 0.4195 0.4107 0.3942 0.3676 0.3246 0.2492 0.1779 0.1977 0.2445 0.3060 0.3731 0.4143 0.4197 0.4126 0.3998 0.3810 0.3537 0.3147 0.2567 0.1843 0.1768 0.2028 0.2361 0.2763 0.3220 0.3679 0.4030 0.4180 0.4199 0.4164 0.4102 0.4013 0.3932 0.4013 0.4102 0.4163 0.4199 0.4180 0.4030 0.3680 0.3220 0.2763 0.2361 0.2028 0.1768 0.1843 0.2567 0.3147 0.3537 0.3810 0.3998 0.4126 0.4197 0.4143 0.3731 0.3060 0.2445 0.1977 0.1779 0.2492 0.3246 0.3676 0.3942 0.4107 0.4195 0.4142 0.3686 0.2979 0.2362 0.1910 0.1829 0.2678 0.3351 0.3742 0.3983 0.4131 0.4201 0.4090 0.3545 0.2840 0.2256 0.1814 0.3119
0.3031 0.1940 0.2443 0.3082 0.3782 0.4168 0.4187 0.4087 0.3910 0.3624 0.3160 0.2337 0.1770 0.2051 0.2562 0.3229 0.3902 0.4190 0.4173 0.4058 0.3863 0.3547 0.3032 0.2135 0.1780 0.2133 0.2665 0.3332 0.3957 0.4194 0.4173 0.4069 0.3907 0.3665 0.3311 0.2794 0.2007 0.1727 0.1973 0.2308 0.2721 0.3197 0.3680 0.4043 0.4186 0.4196 0.4152 0.4081 0.3986 0.3854 0.3733 0.3853 0.3986 0.4080 0.4152 0.4196 0.4186 0.4043 0.3680 0.3197 0.2721 0.2308 0.1973 0.1727 0.2007 0.2794 0.3311 0.3665 0.3907 0.4069 0.4173 0.4194 0.3957 0.3332 0.2665 0.2133 0.1780 0.2135 0.3032 0.3547 0.3863 0.4058 0.4173 0.4190 0.3902 0.3229 0.2562 0.2051 0.1770 0.2337 0.3160 0.3624 0.3910 0.4087 0.4187 0.4168 0.3782 0.3082 0.2443 0.1940 0.3031
0.3005 0.2086 0.2652 0.3335 0.3977 0.4198 0.4161 0.4034 0.3825 0.3486 0.2925 0.2001 0.1811 0.2212 0.2782 0.3483 0.4061 0.4202 0.4141 0.3999 0.3768 0.3394 0.2757 0.1869 0.1875 0.2310 0.2904 0.3599 0.4105 0.4200 0.4134 0.4000 0.3796 0.3489 0.3035 0.2305 0.1732 0.1894 0.2223 0.2638 0.3127 0.3636 0.4030 0.4186 0.4194 0.4145 0.4067 0.3962 0.3825 0.3630 0.3452 0.3629 0.3824 0.3962 0.4067 0.4145 0.4194 0.4186 0.4030 0.3636 0.3127 0.2638 0.2223 0.1894 0.1732 0.2305 0.3035 0.3489 0.3796 0.4000 0.4134 0.4200 0.4105 0.3599 0.2904 0.2310 0.1875 0.1869 0.2757 0.3394 0.3768 0.3999 0.4141 0.4202 0.4061 0.3483 0.2782 0.2212 0.1811 0.2001 0.2925 0.3486 0.3825 0.4034 0.4161 0.4198 0.3977 0.3335 0.2652 0.2086 0.3005
0.3013 0.2252 0.2880 0.3587 0.4107 0.4200 0.4124 0.3971 0.3723 0.3321 0.2622 0.1809 0.1932 0.2395 0.3021 0.3726 0.4153 0.4192 0.4099 0.3930 0.3655 0.3211 0.2425 0.1774 0.2013 0.2507 0.3156 0.3838 0.4177 0.4184 0.4085 0.3920 0.3665 0.3279 0.2678 0.1866 0.1796 0.2109 0.2516 0.3010 0.3544 0.3989 0.4180 0.4196 0.4145 0.4062 0.3950 0.3800 0.3602 0.3321 0.3063 0.3320 0.3601 0.3799 0.3949 0.4062 0.4145 0.4196 0.4180 0.3989 0.3544 0.3010 0.2516 0.2109 0.1796 0.1866 0.2678 0.3279 0.3665 0.3920 0.4085 0.4184 0.4177 0.3838 0.3156 0.2507 0.2013 0.1774 0.2425 0.3211 0.3655 0.3930 0.4099 0.4192 0.4153 0.3726 0.3021 0.2395 0.1932 0.1809 0.2622 0.3321 0.3723 0.3971 0.4124 0.4200 0.4107 0.3587 0.2880 0.2252 0.3013
0.3048 0.2438 0.3125 0.3819 0.4175 0.4183 0.4079 0.3897 0.3602 0.3124 0.2276 0.1771 0.2077 0.2598 0.3272 0.3934 0.4194 0.4168 0.4048 0.3847 0.3522 0.2989 0.2076 0.1792 0.2170 0.2724 0.3414 0.4022 0.4201 0.4154 0.4027 0.3824 0.3510 0.3026 0.2224 0.1736 0.1973 0.2360 0.2847 0.3401 0.3907 0.4163 0.4199 0.4152 0.4067 0.3950 0.3791 0.3579 0.3298 0.2897 0.2524 0.2895 0.3297 0.3578 0.3791 0.3949 0.4067 0.4152 0.4199 0.4163 0.3907 0.3401 0.2847 0.2360 0.1973 0.1736 0.2224 0.3026 0.3510 0.3824 0.4027 0.4154 0.4201 0.4022 0.3414 0.2724 0.2170 0.1792 0.2076 0.2989 0.3522 0.3847 0.4048 0.4168 0.4194 0.3934 0.3272 0.2598 0.2077 0.1771 0.2276 0.3124 0.3602 0.3897 0.4079 0.4183 0.4175 0.3819 0.3125 0.2438 0.3048
0.3104 0.2646 0.3379 0.4004 0.4200 0.4155 0.4024 0.3809 0.3460 0.2879 0.1956 0.1828 0.2242 0.2822 0.3526 0.4081 0.4201 0.4134 0.3988 0.3750 0.3365 0.2703 0.1840 0.1899 0.2347 0.2959 0.3665 0.4134 0.4196 0.4114 0.3958 0.3712 0.3327 0.2704 0.1859 0.1828 0.2180 0.2645 0.3204 0.3769 0.4123 0.4201 0.4163 0.4080 0.3962 0.3799 0.3578 0.3282 0.2885 0.2286 0.1855 0.2284 0.2883 0.3281 0.3578 0.3799 0.3962 0.4080 0.4163 0.4201 0.4123 0.3769 0.3204 0.2645 0.2180 0.1828 0.1859 0.2704 0.3327 0.3712 0.3958 0.4114 0.4196 0.4134 0.3665 0.2959 0.2347 0.1899 0.1840 0.2703 0.3365 0.3750 0.3988 0.4134 0.4201 0.4081 0.3526 0.2822 0.2242 0.1828 0.1956 0.2879 0.3460 0.3809 0.4024 0.4155 0.4200 0.4004 0.3379 0.2645 0.3104
0.3182 0.2879 0.3633 0.4125 0.4198 0.4117 0.3959 0.3704 0.3290 0.2565 0.1794 0.1958 0.2431 0.3067 0.3768 0.4164 0.4189 0.4091 0.3916 0.3634 0.3176 0.2365 0.1772 0.2042 0.2549 0.3213 0.3889 0.4188 0.4176 0.4064 0.3877 0.3580 0.3110 0.2308 0.1752 0.1994 0.2421 0.2963 0.3568 0.4042 0.4197 0.4179 0.4102 0.3986 0.3824 0.3601 0.3298 0.2885 0.2259 0.1755 0.1708 0.1755 0.2258 0.2883 0.3297 0.3601 0.3824 0.3986 0.4102 0.4179 0.4197 0.4042 0.3568 0.2963 0.2421 0.1994 0.1752 0.2308 0.3110 0.3580 0.3877 0.4064 0.4176 0.4188 0.3889 0.3213 0.2549 0.2042 0.1772 0.2365 0.3176 0.3634 0.3916 0.4091 0.4189 0.4164 0.3768 0.3067 0.2431 0.1958 0.1794 0.2565 0.3290 0.3704 0.3959 0.4117 0.4198 0.4125 0.3633 0.2878 0.3182
0.3286 0.3127 0.3860 0.4182 0.4178 0.4067 0.3877 0.3571 0.3073 0.2209 0.1774 0.2105 0.2637 0.3318 0.3965 0.4196 0.4161 0.4035 0.3826 0.3488 0.2931 0.2021 0.1805 0.2201 0.2767 0.3466 0.4052 0.4200 0.4142 0.4002 0.3775 0.3413 0.2826 0.1941 0.1810 0.2181 0.2682 0.3289 0.3876 0.4168 0.4192 0.4125 0.4013 0.3854 0.3630 0.3320 0.2896 0.2285 0.1755 0.1804 0.1910 0.1804 0.1755 0.2284 0.2895 0.3320 0.3630 0.3854 0.4013 0.4125 0.4192 0.4168 0.3876 0.3289 0.2682 0.2181 0.1810 0.1941 0.2826 0.3413 0.3775 0.4002 0.4142 0.4200 0.4052 0.3466 0.2767 0.2201 0.1805 0.2021 0.2931 0.3488 0.3826 0.4035 0.4161 0.4196 0.3965 0.3318 0.2637 0.2105 0.1774 0.2209 0.3073 0.3571 0.3877 0.4067 0.4178 0.4182 0.3859 0.3126 0.3286
0.3374 0.3263 0.3963 0.4191 0.4154 0.4023 0.3807 0.3458 0.2882 0.1976 0.1797 0.2194 0.2758 0.3456 0.4045 0.4195 0.4134 0.3987 0.3749 0.3363 0.2710 0.1845 0.1863 0.2296 0.2893 0.3601 0.4109 0.4192 0.4110 0.3949 0.3689 0.3272 0.2572 0.1787 0.1884 0.2292 0.2834 0.3466 0.4002 0.4187 0.4165 0.4072 0.3932 0.3732 0.3451 0.3062 0.2524 0.1854 0.1708 0.1910 0.2021 0.1910 0.1708 0.1854 0.2524 0.3062 0.3451 0.3732 0.3932 0.4072 0.4165 0.4187 0.4002 0.3466 0.2834 0.2292 0.1884 0.1787 0.2572 0.3272 0.3689 0.3949 0.4110 0.4192 0.4109 0.3601 0.2893 0.2296 0.1863 0.1845 0.2710 0.3363 0.3749 0.3987 0.4134 0.4195 0.4045 0.3456 0.2758 0.2194 0.1797 0.1976 0.2882 0.3458 0.3807 0.4023 0.4154 0.4191 0.3963 0.3262 0.3373
0.3286 0.3127 0.3860 0.4182 0.4178 0.4067 0.3877 0.3571 0.3073 0.2209 0.1774 0.2105 0.2637 0.3318 0.3965 0.4196 0.4161 0.4035 0.3826 0.3488 0.2931 0.2021 0.1805 0.2201 0.2767 0.3466 0.4052 0.4200 0.4142 0.4002 0.3775 0.3413 0.2826 0.1941 0.1810 0.2181 0.2682 0.3289 0.3876 0.4168 0.4192 0.4125 0.4013 0.3854 0.3630 0.3320 0.2895 0.2284 0.1755 0.1804 0.1910 0.1804 0.1755 0.2284 0.2895 0.3320 0.3630 0.3854 0.4013 0.4125 0.4192 0.4168 0.3876 0.3289 0.2682 0.2181 0.1810 0.1941 0.2826 0.3413 0.3775 0.4002 0.4142 0.4200 0.4052 0.3466 0.2767 0.2201 0.1805 0.2021 0.2931 0.3488 0.3826 0.4035 0.4161 0.4196 0.3965 0.3318 0.2637 0.2105 0.1774 0.2209 0.3073 0.3571 0.3877 0.4067 0.4178 0.4182 0.3859 0.3126 0.3286
0.3182 0.2879 0.3633 0.4125 0.4198 0.4117 0.3959 0.3704 0.3290 0.2565 0.1794 0.1958 0.2431 0.3067 0.3768 0.4164 0.4189 0.4091 0.3916 0.3634 0.3176 0.2365 0.1772 0.2042 0.2549 0.3213 0.3889 0.4188 0.4176 0.4064 0.3877 0.3580 0.3110 0.2308 0.1752 0.1994 0.2421 0.2963 0.3568 0.4042 0.4197 0.4179 0.4102 0.3986 0.3824 0.3601 0.3297 0.2883 0.2258 0.1755 0.1708 0.1755 0.2258 0.2883 0.3297 0.3601 0.3824 0.3986 0.4102 0.4179 0.4197 0.4042 0.3568 0.2963 0.2421 0.1994 0.1752 0.2308 0.3110 0.3580 0.3877 0.4064 0.4176 0.4188 0.3889 0.3213 0.2549 0.2042 0.1772 0.2365 0.3176 0.3634 0.3916 0.4091 0.4189 0.4164 0.3768 0.3067 0.2431 0.1958 0.1794 0.2565 0.3290 0.3704 0.3959 0.4117 0.4198 0.4125 0.3633 0.2878 0.3182
0.3104 0.2646 0.3379 0.4004 0.4200 0.4155 0.4024 0.3809 0.3460 0.2879 0.1956 0.1828 0.2242 0.2822 0.3526 0.4081 0.4201 0.4134 0.3988 0.3750 0.3365 0.2703 0.1840 0.1899 0.2347 0.2959 0.3665 0.4134 0.4196 0.4114 0.3958 0.3712 0.3327 0.2704 0.1859 0.1828 0.2180 0.2645 0.3204 0.3769 0.4123 0.4201 0.4163 0.4080 0.3962 0.3799 0.3578 0.3281 0.2883 0.2284 0.1854 0.2284 0.2883 0.3281 0.3578 0.3799 0.3962 0.4080 0.4163 0.4201 0.4123 0.3769 0.3204 0.2645 0.2180 0.1828 0.1859 0.2704 0.3327 0.3712 0.3958 0.4114 0.4196 0.4134 0.3665 0.2959 0.2347 0.1899 0.1840 0.2703 0.3365 0.3750 0.3988 0.4134 0.4201 0.4081 0.3526 0.2822 0.2242 0.1828 0.1956 0.2879 0.3460 0.3809 0.4024 0.4155 0.4200 0.4004 0.3379 0.2645 0.3104
0.3048 0.2438 0.3125 0.3819 0.4175 0.4183 0.4079 0.3897 0.3602 0.3124 0.2276 0.1771 0.2077 0.2598 0.3272 0.3934 0.4194 0.4168 0.4048 0.3847 0.3522 0.2989 0.2076 0.1792 0.2170 0.2724 0.3414 0.4022 0.4201 0.4154 0.4027 0.3824 0.3510 0.3026 0.2224 0.1736 0.1973 0.2360 0.2847 0.3401 0.3907 0.4163 0.4199 0.4152 0.4067 0.3949 0.3791 0.3578 0.3297 0.2895 0.2524 0.2895 0.3297 0.3578 0.3791 0.3949 0.4067 0.4152 0.4199 0.4163 0.3907 0.3401 0.2847 0.2360 0.1973 0.1736 0.2224 0.3026 0.3510 0.3824 0.4027 0.4154 0.4201 0.4022 0.3414 0.2724 0.2170 0.1792 0.2076 0.2989 0.3522 0.3847 0.4048 0.4168 0.4194 0.3934 0.3272 0.2598 0.2077 0.1771 0.2276 0.3124 0.3602 0.3897 0.4079 0.4183 0.4175 0.3819 0.3125 0.2438 0.3048
0.3013 0.2252 0.2880 0.3587 0.4107 0.4200 0.4124 0.3971 0.3723 0.3321 0.2622 0.1809 0.1932 0.2395 0.3021 0.3726 0.4153 0.4192 0.4099 0.3930 0.3655 0.3211 0.2425 0.1774 0.2013 0.2507 0.3156 0.3838 0.4177 0.4184 0.4085 0.3920 0.3665 0.3279 0.2678 0.1866 0.1796 0.2109 0.2516 0.3010 0.3544 0.3989 0.4180 0.4196 0.4145 0.4062 0.3949 0.3799 0.3601 0.3320 0.3062 0.3320 0.3601 0.3799 0.3949 0.4062 0.4145 0.4196 0.4180 0.3989 0.3544 0.3010 0.2516 0.2109 0.1796 0.1866 0.2678 0.3279 0.3665 0.3920 0.4085 0.4184 0.4177 0.3838 0.3156 0.2507 0.2013 0.1774 0.2425 0.3211 0.3655 0.3930 0.4099 0.4192 0.4153 0.3726 0.3021 0.2395 0.1932 0.1809 0.2622 0.3321 0.3723 0.3971 0.4124 0.4200 0.4107 0.3587 0.2880 0.2252 0.3013
