0.0000 0.0120 0.0212 0.0304 0.0446 0.0658 0.0971 0.1435 0.2119 0.3129 0.4620 0.6823 1.0000 1.0000 1.0000 1.0000 1.0000 1.0000 1.0000 1.0000 1.0000 0.0001 0.0001 0.0002 0.0002 0.0004 0.0005 0.0008 0.0012 0.0017 0.0025 0.0037 0.0055 0.0081 0.0120 0.0177 0.0261 0.0385 0.0569 0.0841 0.1241 0.1833 0.2708 0.3998 0.5905 0.8720 1.0000 1.0000 1.0000 1.0000 1.0000 1.0000 1.0000 1.0000 1.0000 0.8720 0.5905 0.3998 0.2708 0.1833 0.1241 0.0841 0.0569 0.0385 0.0261 0.0177 0.0120 0.0081 0.0055 0.0037 0.0025 0.0017 0.0012 0.0008 0.0005 0.0004 0.0002 0.0002 0.0001 0.0001 1.0000 1.0000 1.0000 1.0000 1.0000 1.0000 1.0000 1.0000 1.0000 0.6823 0.4620 0.3129 0.2119 0.1435 0.0971 0.0658 0.0446 0.0304 0.0212 0.0120 0.0000
0.0120 0.2159 0.3064 0.4718 0.7034 1.0000 1.0000 1.0000 1.0000 1.0000 1.0000 1.0000 1.0000 1.0000 1.0000 1.0000 1.0000 1.0000 0.0004 0.0006 0.0008 0.0012 0.0018 0.0026 0.0039 0.0057 0.0084 0.0125 0.0184 0.0272 0.0401 0.0592 0.0875 0.1292 0.1908 0.2818 0.4161 0.6146 0.9076 1.0000 1.0000 1.0000 1.0000 1.0000 1.0000 1.0000 1.0000 1.0000 1.0000 1.0000 1.0000 1.0000 1.0000 1.0000 1.0000 1.0000 1.0000 1.0000 1.0000 1.0000 1.0000 1.0000 0.9076 0.6146 0.4161 0.2818 0.1908 0.1292 0.0875 0.0592 0.0401 0.0272 0.0184 0.0125 0.0084 0.0057 0.0039 0.0026 0.0018 0.0012 0.0008 0.0006 0.0004 1.0000 1.0000 1.0000 1.0000 1.0000 1.0000 1.0000 1.0000 1.0000 1.0000 1.0000 1.0000 1.0000 0.7034 0.4718 0.3064 0.2159 0.0120
0.0212 0.3064 0.6408 1.0000 1.0000 1.0000 1.0000 1.0000 1.0000 1.0000 1.0000 1.0000 1.0000 1.0000 1.0000 0.0003 0.0005 0.0008 0.0011 0.0017 0.0025 0.0036 0.0053 0.0079 0.0117 0.0172 0.0254 0.0375 0.0554 0.0819 0.1209 0.1785 0.2636 0.3893 0.5750 0.8491 1.0000 1.0000 1.0000 1.0000 1.0000 1.0000 1.0000 1.0000 1.0000 1.0000 1.0000 1.0000 1.0000 0.0005 0.0006 0.0005 1.0000 1.0000 1.0000 1.0000 1.0000 1.0000 1.0000 1.0000 1.0000 1.0000 1.0000 1.0000 1.0000 0.8491 0.5750 0.3893 0.2636 0.1785 0.1209 0.0819 0.0554 0.0375 0.0254 0.0172 0.0117 0.0079 0.0053 0.0036 0.0025 0.0017 0.0011 0.0008 0.0005 0.0003 1.0000 1.0000 1.0000 1.0000 1.0000 1.0000 1.0000 1.0000 1.0000 1.0000 1.0000 1.0000 0.6408 0.3064 0.0212
0.0304 0.4718 1.0000 1.0000 1.0000 1.0000 1.0000 1.0000 1.0000 1.0000 1.0000 1.0000 1.0000 0.0005 0.0007 0.0011 0.0016 0.0023 0.0034 0.0050 0.0074 0.0109 0.0161 0.0238 0.0351 0.0519 0.0766 0.1131 0.1670 0.2467 0.3643 0.5380 0.7944 1.0000 1.0000 1.0000 1.0000 1.0000 1.0000 1.0000 1.0000 1.0000 1.0000 1.0000 1.0000 1.0000 0.0004 0.0006 0.0009 0.0014 0.0019 0.0014 0.0009 0.0006 0.0004 1.0000 1.0000 1.0000 1.0000 1.0000 1.0000 1.0000 1.0000 1.0000 1.0000 1.0000 1.0000 1.0000 0.7944 0.5380 0.3643 0.2467 0.1670 0.1131 0.0766 0.0519 0.0351 0.0238 0.0161 0.0109 0.0074 0.0050 0.0034 0.0023 0.0016 0.0011 0.0007 0.0005 1.0000 1.0000 1.0000 1.0000 1.0000 1.0000 1.0000 1.0000 1.0000 1.0000 1.0000 0.4718 0.0304
0.0446 0.7034 1.0000 1.0000 1.0000 1.0000 1.0000 1.0000 1.0000 1.0000 0.0004 0.0007 0.0010 0.0014 0.0021 0.0032 0.0047 0.0069 0.0102 0.0151 0.0222 0.0329 0.0485 0.0717 0.1058 0.1563 0.2308 0.3408 0.5033 0.7433 1.0000 1.0000 1.0000 1.0000 1.0000 1.0000 1.0000 1.0000 1.0000 1.0000 1.0000 1.0000 1.0000 0.0004 0.0006 0.0009 0.0013 0.0019 0.0027 0.0042 0.0056 0.0042 0.0027 0.0019 0.0013 0.0009 0.0006 0.0004 1.0000 1.0000 1.0000 1.0000 1.0000 1.0000 1.0000 1.0000 1.0000 1.0000 1.0000 1.0000 1.0000 0.7433 0.5033 0.3408 0.2308 0.1563 0.1058 0.0717 0.0485 0.0329 0.0222 0.0151 0.0102 0.0069 0.0047 0.0032 0.0021 0.0014 0.0010 0.0007 0.0004 1.0000 1.0000 1.0000 1.0000 1.0000 1.0000 1.0000 1.0000 0.7034 0.0446
0.0658 1.0000 1.0000 1.0000 1.0000 1.0000 1.0000 1.0000 0.0005 0.0008 0.0012 0.0019 0.0029 0.0043 0.0064 0.0095 0.0141 0.0208 0.0307 0.0455 0.0670 0.0990 0.1462 0.2159 0.3189 0.4709 0.6954 1.0000 1.0000 1.0000 1.0000 1.0000 1.0000 1.0000 1.0000 1.0000 1.0000 1.0000 1.0000 1.0000 0.0004 0.0005 0.0008 0.0012 0.0017 0.0026 0.0038 0.0056 0.0083 0.0125 0.0170 0.0125 0.0083 0.0056 0.0038 0.0026 0.0017 0.0012 0.0008 0.0005 0.0004 1.0000 1.0000 1.0000 1.0000 1.0000 1.0000 1.0000 1.0000 1.0000 1.0000 1.0000 1.0000 1.0000 0.6954 0.4709 0.3189 0.2159 0.1462 0.0990 0.0670 0.0455 0.0307 0.0208 0.0141 0.0095 0.0064 0.0043 0.0029 0.0019 0.0012 0.0008 0.0005 1.0000 1.0000 1.0000 1.0000 1.0000 1.0000 1.0000 0.0658
0.0971 1.0000 1.0000 1.0000 1.0000 1.0000 1.0000 0.0006 0.0011 0.0020 0.0033 0.0053 0.0082 0.0126 0.0190 0.0284 0.0422 0.0625 0.0926 0.1368 0.2020 0.2983 0.4406 0.6506 0.9608 1.0000 1.0000 1.0000 1.0000 1.0000 1.0000 1.0000 1.0000 1.0000 1.0000 1.0000 1.0000 0.0003 0.0005 0.0007 0.0011 0.0016 0.0024 0.0035 0.0052 0.0077 0.0114 0.0169 0.0249 0.0377 0.0511 0.0377 0.0249 0.0169 0.0114 0.0077 0.0052 0.0035 0.0024 0.0016 0.0011 0.0007 0.0005 0.0003 1.0000 1.0000 1.0000 1.0000 1.0000 1.0000 1.0000 1.0000 1.0000 1.0000 1.0000 1.0000 0.9608 0.6506 0.4406 0.2983 0.2020 0.1368 0.0926 0.0625 0.0422 0.0284 0.0190 0.0126 0.0082 0.0053 0.0033 0.0020 0.0011 0.0006 1.0000 1.0000 1.0000 1.0000 1.0000 1.0000 0.0971
0.1435 1.0000 1.0000 1.0000 1.0000 1.0000 0.0006 0.0013 0.0025 0.0047 0.0082 0.0138 0.0225 0.0355 0.0548 0.0833 0.1251 0.1865 0.2770 0.4106 0.6087 0.8990 1.0000 1.0000 1.0000 1.0000 1.0000 1.0000 1.0000 1.0000 1.0000 1.0000 1.0000 1.0000 1.0000 0.0005 0.0007 0.0010 0.0015 0.0022 0.0033 0.0049 0.0072 0.0107 0.0158 0.0233 0.0344 0.0508 0.0750 0.1137 0.1539 0.1137 0.0750 0.0508 0.0344 0.0233 0.0158 0.0107 0.0072 0.0049 0.0033 0.0022 0.0015 0.0010 0.0007 0.0005 1.0000 1.0000 1.0000 1.0000 1.0000 1.0000 1.0000 1.0000 1.0000 1.0000 1.0000 1.0000 1.0000 0.8990 0.6087 0.4106 0.2770 0.1865 0.1251 0.0833 0.0548 0.0355 0.0225 0.0138 0.0082 0.0047 0.0025 0.0013 0.0006 1.0000 1.0000 1.0000 1.0000 1.0000 0.1435
0.2119 1.0000 1.0000 1.0000 1.0000 0.0005 0.0011 0.0025 0.0053 0.0103 0.0191 0.0341 0.0581 0.0957 0.1527 0.2379 0.3643 0.5504 0.8252 1.0000 1.0000 1.0000 1.0000 1.0000 1.0000 1.0000 1.0000 1.0000 1.0000 1.0000 1.0000 1.0000 0.0004 0.0007 0.0010 0.0014 0.0021 0.0031 0.0046 0.0068 0.0100 0.0148 0.0218 0.0322 0.0475 0.0702 0.1036 0.1530 0.2260 0.3428 0.4638 0.3428 0.2260 0.1530 0.1036 0.0702 0.0475 0.0322 0.0218 0.0148 0.0100 0.0068 0.0046 0.0031 0.0021 0.0014 0.0010 0.0007 0.0004 1.0000 1.0000 1.0000 1.0000 1.0000 1.0000 1.0000 1.0000 1.0000 1.0000 1.0000 1.0000 1.0000 0.8252 0.5504 0.3643 0.2379 0.1527 0.0957 0.0581 0.0341 0.0191 0.0103 0.0053 0.0025 0.0011 0.0005 1.0000 1.0000 1.0000 1.0000 0.2119
0.3129 1.0000 1.0000 1.0000 1.0000 0.0008 0.0020 0.0047 0.0103 0.0213 0.0420 0.0788 0.1416 0.2439 0.4060 0.6544 1.0000 1.0000 1.0000 1.0000 1.0000 1.0000 1.0000 1.0000 1.0000 1.0000 1.0000 1.0000 1.0000 0.0004 0.0006 0.0009 0.0013 0.0020 0.0029 0.0043 0.0063 0.0093 0.0138 0.0204 0.0301 0.0445 0.0657 0.0970 0.1432 0.2114 0.3123 0.4611 0.6810 1.0000 1.0000 1.0000 0.6810 0.4611 0.3123 0.2114 0.1432 0.0970 0.0657 0.0445 0.0301 0.0204 0.0138 0.0093 0.0063 0.0043 0.0029 0.0020 0.0013 0.0009 0.0006 0.0004 1.0000 1.0000 1.0000 1.0000 1.0000 1.0000 1.0000 1.0000 1.0000 1.0000 1.0000 1.0000 1.0000 0.6544 0.4060 0.2439 0.1416 0.0788 0.0420 0.0213 0.0103 0.0047 0.0020 0.0008 1.0000 1.0000 1.0000 1.0000 0.3129
0.4620 1.0000 1.0000 1.0000 0.0004 0.0012 0.0033 0.0082 0.0191 0.0420 0.0872 0.1719 0.3244 0.5871 1.0000 1.0000 1.0000 1.0000 1.0000 1.0000 1.0000 1.0000 1.0000 1.0000 1.0000 1.0000 0.0004 0.0006 0.0008 0.0012 0.0018 0.0027 0.0040 0.0059 0.0087 0.0129 0.0191 0.0282 0.0416 0.0614 0.0907 0.1340 0.1978 0.2922 0.4315 0.6372 0.9410 1.0000 1.0000 1.0000 1.0000 1.0000 1.0000 1.0000 0.9410 0.6372 0.4315 0.2922 0.1978 0.1340 0.0907 0.0614 0.0416 0.0282 0.0191 0.0129 0.0087 0.0059 0.0040 0.0027 0.0018 0.0012 0.0008 0.0006 0.0004 1.0000 1.0000 1.0000 1.0000 1.0000 1.0000 1.0000 1.0000 1.0000 1.0000 1.0000 1.0000 0.5871 0.3244 0.1719 0.0872 0.0420 0.0191 0.0082 0.0033 0.0012 0.0004 1.0000 1.0000 1.0000 0.4620
0.6823 1.0000 1.0000 1.0000 0.0007 0.0019 0.0053 0.0138 0.0341 0.0788 0.1719 0.3567 0.7061 1.0000 1.0000 1.0000 1.0000 1.0000 1.0000 1.0000 1.0000 1.0000 1.0000 0.0004 0.0005 0.0008 0.0012 0.0017 0.0025 0.0038 0.0055 0.0082 0.0121 0.0178 0.0264 0.0389 0.0575 0.0849 0.1253 0.1851 0.2733 0.4037 0.5961 0.8804 1.0000 1.0000 1.0000 1.0000 1.0000 1.0000 1.0000 1.0000 1.0000 1.0000 1.0000 1.0000 1.0000 0.8804 0.5961 0.4037 0.2733 0.1851 0.1253 0.0849 0.0575 0.0389 0.0264 0.0178 0.0121 0.0082 0.0055 0.0038 0.0025 0.0017 0.0012 0.0008 0.0005 0.0004 1.0000 1.0000 1.0000 1.0000 1.0000 1.0000 1.0000 1.0000 1.0000 1.0000 0.7061 0.3567 0.1719 0.0788 0.0341 0.0138 0.0053 0.0019 0.0007 1.0000 1.0000 1.0000 0.6823
1.0000 1.0000 1.0000 1.0000 0.0010 0.0029 0.0082 0.0225 0.0581 0.1416 0.3244 0.7061 1.0000 1.0000 1.0000 1.0000 1.0000 1.0000 1.0000 1.0000 1.0000 0.0005 0.0007 0.0011 0.0016 0.0023 0.0035 0.0052 0.0077 0.0113 0.0167 0.0247 0.0364 0.0538 0.0794 0.1173 0.1732 0.2557 0.3777 0.5577 0.8237 1.0000 1.0000 1.0000 1.0000 1.0000 1.0000 1.0000 1.0000 1.0000 1.0000 1.0000 1.0000 1.0000 1.0000 1.0000 1.0000 1.0000 1.0000 1.0000 0.8237 0.5577 0.3777 0.2557 0.1732 0.1173 0.0794 0.0538 0.0364 0.0247 0.0167 0.0113 0.0077 0.0052 0.0035 0.0023 0.0016 0.0011 0.0007 0.0005 1.0000 1.0000 1.0000 1.0000 1.0000 1.0000 1.0000 1.0000 1.0000 0.7061 0.3244 0.1416 0.0581 0.0225 0.0082 0.0029 0.0010 1.0000 1.0000 1.0000 1.0000
1.0000 1.0000 1.0000 0.0005 0.0014 0.0043 0.0126 0.0355 0.0957 0.2439 0.5871 1.0000 1.0000 1.0000 1.0000 1.0000 1.0000 1.0000 1.0000 0.0005 0.0008 0.0013 0.0020 0.0030 0.0046 0.0070 0.0104 0.0155 0.0230 0.0341 0.0503 0.0743 0.1097 0.1620 0.2393 0.3534 0.5218 0.7706 1.0000 1.0000 1.0000 1.0000 1.0000 1.0000 1.0000 1.0000 1.0000 1.0000 1.0000 1.0000 1.0000 1.0000 1.0000 1.0000 1.0000 1.0000 1.0000 1.0000 1.0000 1.0000 1.0000 1.0000 1.0000 0.7706 0.5218 0.3534 0.2393 0.1620 0.1097 0.0743 0.0503 0.0341 0.0230 0.0155 0.0104 0.0070 0.0046 0.0030 0.0020 0.0013 0.0008 0.0005 1.0000 1.0000 1.0000 1.0000 1.0000 1.0000 1.0000 1.0000 0.5871 0.2439 0.0957 0.0355 0.0126 0.0043 0.0014 0.0005 1.0000 1.0000 1.0000
1.0000 1.0000 1.0000 0.0007 0.0021 0.0064 0.0190 0.0548 0.1527 0.4060 1.0000 1.0000 1.0000 1.0000 1.0000 1.0000 1.0000 0.0004 0.0007 0.0012 0.0021 0.0034 0.0055 0.0086 0.0134 0.0204 0.0307 0.0461 0.0687 0.1019 0.1510 0.2239 0.3306 0.4892 0.7210 1.0000 1.0000 1.0000 1.0000 1.0000 1.0000 1.0000 1.0000 1.0000 1.0000 1.0000 1.0000 1.0000 0.0004 0.0006 0.0008 0.0006 0.0004 1.0000 1.0000 1.0000 1.0000 1.0000 1.0000 1.0000 1.0000 1.0000 1.0000 1.0000 1.0000 1.0000 0.7210 0.4892 0.3306 0.2239 0.1510 0.1019 0.0687 0.0461 0.0307 0.0204 0.0134 0.0086 0.0055 0.0034 0.0021 0.0012 0.0007 0.0004 1.0000 1.0000 1.0000 1.0000 1.0000 1.0000 1.0000 0.4060 0.1527 0.0548 0.0190 0.0064 0.0021 0.0007 1.0000 1.0000 1.0000
1.0000 1.0000 0.0003 0.0011 0.0032 0.0095 0.0284 0.0833 0.2379 0.6544 1.0000 1.0000 1.0000 1.0000 1.0000 1.0000 0.0005 0.0009 0.0017 0.0030 0.0052 0.0089 0.0147 0.0238 0.0376 0.0583 0.0895 0.1355 0.2036 0.3041 0.4525 0.6720 0.9943 1.0000 1.0000 1.0000 1.0000 1.0000 1.0000 1.0000 1.0000 1.0000 1.0000 1.0000 1.0000 0.0004 0.0005 0.0008 0.0011 0.0017 0.0023 0.0017 0.0011 0.0008 0.0005 0.0004 1.0000 1.0000 1.0000 1.0000 1.0000 1.0000 1.0000 1.0000 1.0000 1.0000 1.0000 1.0000 0.9943 0.6720 0.4525 0.3041 0.2036 0.1355 0.0895 0.0583 0.0376 0.0238 0.0147 0.0089 0.0052 0.0030 0.0017 0.0009 0.0005 1.0000 1.0000 1.0000 1.0000 1.0000 1.0000 0.6544 0.2379 0.0833 0.0284 0.0095 0.0032 0.0011 0.0003 1.0000 1.0000
1.0000 1.0000 0.0005 0.0016 0.0047 0.0141 0.0422 0.1251 0.3643 1.0000 1.0000 1.0000 1.0000 1.0000 1.0000 0.0005 0.0010 0.0019 0.0037 0.0069 0.0126 0.0221 0.0378 0.0631 0.1025 0.1633 0.2553 0.3931 0.5973 0.9007 1.0000 1.0000 1.0000 1.0000 1.0000 1.0000 1.0000 1.0000 1.0000 1.0000 1.0000 1.0000 1.0000 0.0005 0.0007 0.0011 0.0016 0.0023 0.0034 0.0052 0.0071 0.0052 0.0034 0.0023 0.0016 0.0011 0.0007 0.0005 1.0000 1.0000 1.0000 1.0000 1.0000 1.0000 1.0000 1.0000 1.0000 1.0000 1.0000 1.0000 1.0000 0.9007 0.5973 0.3931 0.2553 0.1633 0.1025 0.0631 0.0378 0.0221 0.0126 0.0069 0.0037 0.0019 0.0010 0.0005 1.0000 1.0000 1.0000 1.0000 1.0000 1.0000 0.3643 0.1251 0.0422 0.0141 0.0047 0.0016 0.0005 1.0000 1.0000
1.0000 1.0000 0.0008 0.0023 0.0069 0.0208 0.0625 0.1865 0.5504 1.0000 1.0000 1.0000 1.0000 1.0000 0.0004 0.0009 0.0019 0.0040 0.0080 0.0154 0.0290 0.0529 0.0937 0.1611 0.2702 0.4423 0.7088 1.0000 1.0000 1.0000 1.0000 1.0000 1.0000 1.0000 1.0000 1.0000 1.0000 1.0000 1.0000 1.0000 0.0005 0.0007 0.0010 0.0015 0.0022 0.0032 0.0047 0.0070 0.0104 0.0157 0.0213 0.0157 0.0104 0.0070 0.0047 0.0032 0.0022 0.0015 0.0010 0.0007 0.0005 1.0000 1.0000 1.0000 1.0000 1.0000 1.0000 1.0000 1.0000 1.0000 1.0000 1.0000 1.0000 1.0000 0.7088 0.4423 0.2702 0.1611 0.0937 0.0529 0.0290 0.0154 0.0080 0.0040 0.0019 0.0009 0.0004 1.0000 1.0000 1.0000 1.0000 1.0000 0.5504 0.1865 0.0625 0.0208 0.0069 0.0023 0.0008 1.0000 1.0000
1.0000 0.0004 0.0011 0.0034 0.0102 0.0307 0.0926 0.2770 0.8252 1.0000 1.0000 1.0000 1.0000 1.0000 0.0007 0.0017 0.0037 0.0080 0.0165 0.0332 0.0643 0.1213 0.2222 0.3953 0.6849 1.0000 1.0000 1.0000 1.0000 1.0000 1.0000 1.0000 1.0000 1.0000 1.0000 1.0000 1.0000 0.0004 0.0006 0.0009 0.0014 0.0020 0.0030 0.0044 0.0066 0.0097 0.0143 0.0211 0.0312 0.0473 0.0640 0.0473 0.0312 0.0211 0.0143 0.0097 0.0066 0.0044 0.0030 0.0020 0.0014 0.0009 0.0006 0.0004 1.0000 1.0000 1.0000 1.0000 1.0000 1.0000 1.0000 1.0000 1.0000 1.0000 1.0000 1.0000 0.6849 0.3953 0.2222 0.1213 0.0643 0.0332 0.0165 0.0080 0.0037 0.0017 0.0007 1.0000 1.0000 1.0000 1.0000 1.0000 0.8252 0.2770 0.0926 0.0307 0.0102 0.0034 0.0011 0.0004 1.0000
1.0000 0.0006 0.0017 0.0050 0.0151 0.0455 0.1368 0.4106 1.0000 1.0000 1.0000 1.0000 1.0000 0.0005 0.0012 0.0030 0.0069 0.0154 0.0332 0.0686 0.1381 0.2687 0.5081 0.9356 1.0000 1.0000 1.0000 1.0000 1.0000 1.0000 1.0000 1.0000 1.0000 1.0000 0.0004 0.0006 0.0009 0.0013 0.0019 0.0028 0.0042 0.0061 0.0091 0.0134 0.0198 0.0292 0.0431 0.0637 0.0940 0.1426 0.1930 0.1426 0.0940 0.0637 0.0431 0.0292 0.0198 0.0134 0.0091 0.0061 0.0042 0.0028 0.0019 0.0013 0.0009 0.0006 0.0004 1.0000 1.0000 1.0000 1.0000 1.0000 1.0000 1.0000 1.0000 1.0000 1.0000 0.9356 0.5081 0.2687 0.1381 0.0686 0.0332 0.0154 0.0069 0.0030 0.0012 0.0005 1.0000 1.0000 1.0000 1.0000 1.0000 0.4106 0.1368 0.0455 0.0151 0.0050 0.0017 0.0006 1.0000
1.0000 0.0008 0.0025 0.0074 0.0222 0.0670 0.2020 0.6087 1.0000 1.0000 1.0000 1.0000 1.0000 0.0008 0.0021 0.0052 0.0126 0.0290 0.0643 0.1381 0.2867 0.5761 1.0000 1.0000 1.0000 1.0000 1.0000 1.0000 1.0000 1.0000 1.0000 1.0000 0.0005 0.0008 0.0012 0.0017 0.0026 0.0039 0.0057 0.0085 0.0125 0.0185 0.0273 0.0403 0.0596 0.0880 0.1299 0.1919 0.2834 0.4298 0.5816 0.4298 0.2834 0.1919 0.1299 0.0880 0.0596 0.0403 0.0273 0.0185 0.0125 0.0085 0.0057 0.0039 0.0026 0.0017 0.0012 0.0008 0.0005 1.0000 1.0000 1.0000 1.0000 1.0000 1.0000 1.0000 1.0000 1.0000 1.0000 0.5761 0.2867 0.1381 0.0643 0.0290 0.0126 0.0052 0.0021 0.0008 1.0000 1.0000 1.0000 1.0000 1.0000 0.6087 0.2020 0.0670 0.0222 0.0074 0.0025 0.0008 1.0000
0.0001 0.0012 0.0036 0.0109 0.0329 0.0990 0.2983 0.8990 1.0000 1.0000 1.0000 1.0000 0.0005 0.0013 0.0034 0.0089 0.0221 0.0529 0.1213 0.2687 0.5761 1.0000 1.0000 1.0000 1.0000 1.0000 1.0000 1.0000 1.0000 1.0000 0.0006 0.0009 0.0014 0.0022 0.0034 0.0051 0.0077 0.0115 0.0171 0.0254 0.0376 0.0557 0.0823 0.1218 0.1795 0.2651 0.3916 0.5783 0.8540 1.0000 1.0000 1.0000 0.8540 0.5783 0.3916 0.2651 0.1795 0.1218 0.0823 0.0557 0.0376 0.0254 0.0171 0.0115 0.0077 0.0051 0.0034 0.0022 0.0014 0.0009 0.0006 1.0000 1.0000 1.0000 1.0000 1.0000 1.0000 1.0000 1.0000 1.0000 0.5761 0.2687 0.1213 0.0529 0.0221 0.0089 0.0034 0.0013 0.0005 1.0000 1.0000 1.0000 1.0000 0.8990 0.2983 0.0990 0.0329 0.0109 0.0036 0.0012 0.0001
0.0001 0.0018 0.0053 0.0161 0.0485 0.1462 0.4406 1.0000 1.0000 1.0000 1.0000 1.0000 0.0007 0.0020 0.0055 0.0147 0.0378 0.0937 0.2222 0.5081 1.0000 1.0000 1.0000 1.0000 1.0000 1.0000 1.0000 1.0000 0.0005 0.0009 0.0015 0.0024 0.0039 0.0061 0.0096 0.0147 0.0225 0.0339 0.0509 0.0760 0.1127 0.1673 0.2476 0.3664 0.5410 0.7990 1.0000 1.0000 1.0000 1.0000 1.0000 1.0000 1.0000 1.0000 1.0000 0.7990 0.5410 0.3664 0.2476 0.1673 0.1127 0.0760 0.0509 0.0339 0.0225 0.0147 0.0096 0.0061 0.0039 0.0024 0.0015 0.0009 0.0005 1.0000 1.0000 1.0000 1.0000 1.0000 1.0000 1.0000 1.0000 0.5081 0.2222 0.0937 0.0378 0.0147 0.0055 0.0020 0.0007 1.0000 1.0000 1.0000 1.0000 1.0000 0.4406 0.1462 0.0485 0.0161 0.0053 0.0018 0.0001
0.0002 0.0026 0.0079 0.0238 0.0717 0.2159 0.6506 1.0000 1.0000 1.0000 1.0000 0.0004 0.0010 0.0030 0.0086 0.0237 0.0631 0.1611 0.3953 0.9356 1.0000 1.0000 1.0000 1.0000 1.0000 1.0000 1.0000 0.0007 0.0012 0.0021 0.0037 0.0062 0.0103 0.0168 0.0267 0.0419 0.0648 0.0990 0.1499 0.2251 0.3363 0.5004 0.7433 1.0000 1.0000 1.0000 1.0000 1.0000 1.0000 1.0000 1.0000 1.0000 1.0000 1.0000 1.0000 1.0000 1.0000 1.0000 0.7433 0.5004 0.3363 0.2251 0.1499 0.0990 0.0648 0.0419 0.0267 0.0168 0.0103 0.0062 0.0037 0.0021 0.0012 0.0007 1.0000 1.0000 1.0000 1.0000 1.0000 1.0000 1.0000 0.9356 0.3953 0.1611 0.0631 0.0238 0.0086 0.0030 0.0011 0.0004 1.0000 1.0000 1.0000 1.0000 0.6506 0.2159 0.0717 0.0238 0.0079 0.0026 0.0002
0.0002 0.0039 0.0117 0.0351 0.1058 0.3189 0.9608 1.0000 1.0000 1.0000 1.0000 0.0005 0.0016 0.0046 0.0133 0.0376 0.1025 0.2702 0.6849 1.0000 1.0000 1.0000 1.0000 1.0000 1.0000 0.0004 0.0008 0.0015 0.0028 0.0051 0.0090 0.0157 0.0268 0.0446 0.0728 0.1164 0.1833 0.2845 0.4364 0.6631 0.9981 1.0000 1.0000 1.0000 1.0000 1.0000 1.0000 1.0000 1.0000 1.0000 1.0000 1.0000 1.0000 1.0000 1.0000 1.0000 1.0000 1.0000 1.0000 1.0000 0.9981 0.6631 0.4364 0.2845 0.1833 0.1164 0.0728 0.0446 0.0268 0.0157 0.0090 0.0051 0.0028 0.0015 0.0008 0.0004 1.0000 1.0000 1.0000 1.0000 1.0000 1.0000 0.6849 0.2702 0.1025 0.0376 0.0134 0.0046 0.0016 0.0005 1.0000 1.0000 1.0000 1.0000 0.9608 0.3189 0.1058 0.0351 0.0117 0.0039 0.0002
0.0004 0.0057 0.0172 0.0519 0.1563 0.4709 1.0000 1.0000 1.0000 1.0000 1.0000 0.0008 0.0023 0.0070 0.0203 0.0583 0.1633 0.4423 1.0000 1.0000 1.0000 1.0000 1.0000 1.0000 0.0004 0.0008 0.0017 0.0033 0.0063 0.0117 0.0215 0.0384 0.0672 0.1148 0.1919 0.3146 0.5062 0.8005 1.0000 1.0000 1.0000 1.0000 1.0000 1.0000 1.0000 1.0000 1.0000 1.0000 1.0000 1.0000 1.0000 1.0000 1.0000 1.0000 1.0000 1.0000 1.0000 1.0000 1.0000 1.0000 1.0000 1.0000 1.0000 0.8005 0.5062 0.3146 0.1919 0.1148 0.0672 0.0384 0.0215 0.0117 0.0063 0.0033 0.0017 0.0008 0.0004 1.0000 1.0000 1.0000 1.0000 1.0000 1.0000 0.4423 0.1633 0.0583 0.0204 0.0070 0.0023 0.0008 1.0000 1.0000 1.0000 1.0000 1.0000 0.4709 0.1563 0.0519 0.0172 0.0057 0.0004
0.0005 0.0084 0.0254 0.0766 0.2308 0.6954 1.0000 1.0000 1.0000 1.0000 0.0004 0.0012 0.0035 0.0104 0.0307 0.0895 0.2553 0.7088 1.0000 1.0000 1.0000 1.0000 1.0000 1.0000 0.0008 0.0017 0.0034 0.0069 0.0137 0.0264 0.0495 0.0911 0.1633 0.2867 0.4920 0.8268 1.0000 1.0000 1.0000 1.0000 1.0000 1.0000 1.0000 1.0000 1.0000 1.0000 1.0000 1.0000 0.0005 0.0007 0.0010 0.0007 0.0005 1.0000 1.0000 1.0000 1.0000 1.0000 1.0000 1.0000 1.0000 1.0000 1.0000 1.0000 1.0000 0.8268 0.4920 0.2867 0.1633 0.0911 0.0495 0.0264 0.0137 0.0069 0.0034 0.0017 0.0008 1.0000 1.0000 1.0000 1.0000 1.0000 1.0000 0.7088 0.2553 0.0895 0.0307 0.0104 0.0035 0.0012 0.0004 1.0000 1.0000 1.0000 1.0000 0.6954 0.2308 0.0766 0.0254 0.0084 0.0005
0.0008 0.0125 0.0375 0.1131 0.3408 1.0000 1.0000 1.0000 1.0000 1.0000 0.0006 0.0017 0.0052 0.0155 0.0461 0.1355 0.3931 1.0000 1.0000 1.0000 1.0000 1.0000 1.0000 0.0007 0.0015 0.0033 0.0069 0.0144 0.0291 0.0576 0.1110 0.2090 0.3857 0.6954 1.0000 1.0000 1.0000 1.0000 1.0000 1.0000 1.0000 1.0000 1.0000 1.0000 1.0000 0.0004 0.0006 0.0010 0.0014 0.0022 0.0029 0.0022 0.0014 0.0010 0.0006 0.0004 1.0000 1.0000 1.0000 1.0000 1.0000 1.0000 1.0000 1.0000 1.0000 1.0000 1.0000 0.6954 0.3857 0.2090 0.1110 0.0576 0.0291 0.0144 0.0069 0.0033 0.0015 0.0007 1.0000 1.0000 1.0000 1.0000 1.0000 1.0000 0.3931 0.1355 0.0461 0.0155 0.0052 0.0017 0.0006 1.0000 1.0000 1.0000 1.0000 1.0000 0.3408 0.1131 0.0375 0.0125 0.0008
0.0012 0.0184 0.0554 0.1670 0.5033 1.0000 1.0000 1.0000 1.0000 1.0000 0.0008 0.0025 0.0077 0.0230 0.0687 0.2036 0.5973 1.0000 1.0000 1.0000 1.0000 1.0000 0.0005 0.0012 0.0028 0.0063 0.0137 0.0291 0.0605 0.1225 0.2420 0.4673 0.8837 1.0000 1.0000 1.0000 1.0000 1.0000 1.0000 1.0000 1.0000 1.0000 0.0004 0.0006 0.0008 0.0013 0.0019 0.0029 0.0043 0.0065 0.0088 0.0065 0.0043 0.0029 0.0019 0.0013 0.0008 0.0006 0.0004 1.0000 1.0000 1.0000 1.0000 1.0000 1.0000 1.0000 1.0000 1.0000 0.8837 0.4673 0.2420 0.1225 0.0605 0.0291 0.0137 0.0063 0.0028 0.0012 0.0005 1.0000 1.0000 1.0000 1.0000 1.0000 0.5973 0.2036 0.0687 0.0230 0.0077 0.0025 0.0008 1.0000 1.0000 1.0000 1.0000 1.0000 0.5033 0.1670 0.0554 0.0184 0.0012
0.0017 0.0272 0.0819 0.2467 0.7433 1.0000 1.0000 1.0000 1.0000 0.0004 0.0012 0.0038 0.0113 0.0341 0.1019 0.3041 0.9007 1.0000 1.0000 1.0000 1.0000 1.0000 0.0009 0.0021 0.0051 0.0117 0.0264 0.0576 0.1225 0.2543 0.5149 1.0000 1.0000 1.0000 1.0000 1.0000 1.0000 1.0000 1.0000 1.0000 0.0004 0.0006 0.0010 0.0016 0.0025 0.0038 0.0057 0.0085 0.0127 0.0194 0.0264 0.0194 0.0127 0.0085 0.0057 0.0038 0.0025 0.0016 0.0010 0.0006 0.0004 1.0000 1.0000 1.0000 1.0000 1.0000 1.0000 1.0000 1.0000 1.0000 0.5149 0.2543 0.1225 0.0576 0.0264 0.0117 0.0051 0.0021 0.0009 1.0000 1.0000 1.0000 1.0000 1.0000 0.9007 0.3041 0.1019 0.0341 0.0113 0.0038 0.0012 0.0004 1.0000 1.0000 1.0000 1.0000 0.7433 0.2467 0.0819 0.0272 0.0017
0.0025 0.0401 0.1209 0.3643 1.0000 1.0000 1.0000 1.0000 1.0000 0.0006 0.0018 0.0055 0.0167 0.0503 0.1510 0.4525 1.0000 1.0000 1.0000 1.0000 1.0000 0.0006 0.0015 0.0037 0.0090 0.0215 0.0495 0.1110 0.2420 0.5149 1.0000 1.0000 1.0000 1.0000 1.0000 1.0000 1.0000 1.0000 0.0004 0.0006 0.0011 0.0017 0.0028 0.0045 0.0070 0.0108 0.0166 0.0251 0.0378 0.0580 0.0791 0.0580 0.0378 0.0251 0.0166 0.0108 0.0070 0.0045 0.0028 0.0017 0.0011 0.0006 0.0004 1.0000 1.0000 1.0000 1.0000 1.0000 1.0000 1.0000 1.0000 0.5149 0.2420 0.1110 0.0495 0.0215 0.0090 0.0037 0.0015 0.0006 1.0000 1.0000 1.0000 1.0000 1.0000 0.4525 0.1510 0.0503 0.0167 0.0055 0.0018 0.0006 1.0000 1.0000 1.0000 1.0000 1.0000 0.3643 0.1209 0.0401 0.0025
0.0037 0.0592 0.1785 0.5380 1.0000 1.0000 1.0000 1.0000 1.0000 0.0009 0.0027 0.0082 0.0247 0.0743 0.2239 0.6720 1.0000 1.0000 1.0000 1.0000 1.0000 0.0009 0.0024 0.0062 0.0157 0.0384 0.0911 0.2090 0.4673 1.0000 1.0000 1.0000 1.0000 1.0000 1.0000 1.0000 1.0000 0.0005 0.0009 0.0016 0.0027 0.0046 0.0076 0.0122 0.0195 0.0307 0.0476 0.0729 0.1108 0.1719 0.2352 0.1719 0.1108 0.0729 0.0476 0.0307 0.0195 0.0122 0.0076 0.0046 0.0027 0.0016 0.0009 0.0005 1.0000 1.0000 1.0000 1.0000 1.0000 1.0000 1.0000 1.0000 0.4673 0.2090 0.0911 0.0384 0.0157 0.0062 0.0024 0.0009 1.0000 1.0000 1.0000 1.0000 1.0000 0.6720 0.2239 0.0743 0.0247 0.0082 0.0027 0.0009 1.0000 1.0000 1.0000 1.0000 1.0000 0.5380 0.1785 0.0592 0.0037
0.0055 0.0875 0.2636 0.7944 1.0000 1.0000 1.0000 1.0000 0.0004 0.0013 0.0040 0.0121 0.0364 0.1097 0.3306 0.9943 1.0000 1.0000 1.0000 1.0000 0.0005 0.0014 0.0039 0.0103 0.0268 0.0672 0.1633 0.3857 0.8837 1.0000 1.0000 1.0000 1.0000 1.0000 1.0000 1.0000 0.0006 0.0012 0.0022 0.0039 0.0068 0.0117 0.0197 0.0327 0.0533 0.0852 0.1342 0.2090 0.3213 0.5024 0.6941 0.5024 0.3213 0.2090 0.1342 0.0852 0.0533 0.0327 0.0197 0.0117 0.0068 0.0039 0.0022 0.0012 0.0006 1.0000 1.0000 1.0000 1.0000 1.0000 1.0000 1.0000 0.8837 0.3857 0.1633 0.0672 0.0268 0.0103 0.0039 0.0014 0.0005 1.0000 1.0000 1.0000 1.0000 0.9943 0.3306 0.1097 0.0364 0.0121 0.0040 0.0013 0.0004 1.0000 1.0000 1.0000 1.0000 0.7944 0.2636 0.0875 0.0055
0.0081 0.1292 0.3893 1.0000 1.0000 1.0000 1.0000 1.0000 0.0007 0.0020 0.0059 0.0178 0.0538 0.1620 0.4892 1.0000 1.0000 1.0000 1.0000 1.0000 0.0008 0.0022 0.0061 0.0168 0.0446 0.1148 0.2867 0.6954 1.0000 1.0000 1.0000 1.0000 1.0000 1.0000 0.0004 0.0007 0.0014 0.0027 0.0050 0.0092 0.0165 0.0291 0.0503 0.0852 0.1416 0.2312 0.3720 0.5882 0.9180 1.0000 1.0000 1.0000 0.9180 0.5882 0.3720 0.2312 0.1416 0.0850 0.0503 0.0291 0.0165 0.0092 0.0050 0.0027 0.0014 0.0007 0.0004 1.0000 1.0000 1.0000 1.0000 1.0000 1.0000 0.6954 0.2867 0.1148 0.0446 0.0168 0.0061 0.0022 0.0008 1.0000 1.0000 1.0000 1.0000 1.0000 0.4892 0.1620 0.0538 0.0178 0.0059 0.0020 0.0007 1.0000 1.0000 1.0000 1.0000 1.0000 0.3893 0.1292 0.0081
0.0120 0.1908 0.5750 1.0000 1.0000 1.0000 1.0000 1.0000 0.0010 0.0029 0.0087 0.0264 0.0794 0.2393 0.7210 1.0000 1.0000 1.0000 1.0000 0.0004 0.0012 0.0034 0.0096 0.0267 0.0728 0.1919 0.4920 1.0000 1.0000 1.0000 1.0000 1.0000 1.0000 0.0004 0.0008 0.0015 0.0030 0.0059 0.0113 0.0212 0.0391 0.0704 0.1244 0.2155 0.3671 0.6134 1.0000 1.0000 1.0000 1.0000 1.0000 1.0000 1.0000 1.0000 1.0000 0.6134 0.3671 0.2159 0.1244 0.0703 0.0391 0.0212 0.0113 0.0059 0.0030 0.0015 0.0008 0.0004 1.0000 1.0000 1.0000 1.0000 1.0000 1.0000 0.4920 0.1919 0.0728 0.0267 0.0096 0.0034 0.0012 0.0004 1.0000 1.0000 1.0000 1.0000 0.7210 0.2393 0.0794 0.0264 0.0087 0.0029 0.0010 1.0000 1.0000 1.0000 1.0000 1.0000 0.5750 0.1908 0.0120
0.0177 0.2818 0.8491 1.0000 1.0000 1.0000 1.0000 0.0005 0.0014 0.0043 0.0129 0.0389 0.1173 0.3534 1.0000 1.0000 1.0000 1.0000 1.0000 0.0006 0.0017 0.0051 0.0147 0.0419 0.1164 0.3146 0.8268 1.0000 1.0000 1.0000 1.0000 1.0000 1.0000 0.0007 0.0015 0.0032 0.0064 0.0128 0.0250 0.0480 0.0900 0.1658 0.3000 0.5318 0.9250 1.0000 1.0000 1.0000 1.0000 1.0000 1.0000 1.0000 1.0000 1.0000 1.0000 1.0000 0.9267 0.5318 0.3006 0.1664 0.0900 0.0479 0.0250 0.0128 0.0064 0.0032 0.0015 0.0007 1.0000 1.0000 1.0000 1.0000 1.0000 1.0000 0.8268 0.3146 0.1164 0.0419 0.0147 0.0051 0.0017 0.0006 1.0000 1.0000 1.0000 1.0000 1.0000 0.3534 0.1173 0.0389 0.0129 0.0043 0.0014 0.0005 1.0000 1.0000 1.0000 1.0000 0.8491 0.2818 0.0177
0.0261 0.4161 1.0000 1.0000 1.0000 1.0000 1.0000 0.0007 0.0021 0.0063 0.0191 0.0575 0.1732 0.5218 1.0000 1.0000 1.0000 1.0000 1.0000 0.0009 0.0026 0.0077 0.0225 0.0648 0.1830 0.5052 1.0000 1.0000 1.0000 1.0000 1.0000 1.0000 0.0006 0.0014 0.0030 0.0064 0.0134 0.0272 0.0542 0.1058 0.2032 0.3820 0.7047 1.0000 1.0000 1.0000 1.0000 1.0000 1.0000 1.0000 1.0000 1.0000 1.0000 1.0000 1.0000 1.0000 1.0000 1.0000 0.7061 0.3827 0.2032 0.1058 0.0541 0.0272 0.0134 0.0064 0.0030 0.0014 0.0006 1.0000 1.0000 1.0000 1.0000 1.0000 1.0000 0.5062 0.1833 0.0648 0.0225 0.0077 0.0026 0.0009 1.0000 1.0000 1.0000 1.0000 1.0000 0.5218 0.1732 0.0575 0.0191 0.0063 0.0021 0.0007 1.0000 1.0000 1.0000 1.0000 1.0000 0.4161 0.0261
0.0385 0.6146 1.0000 1.0000 1.0000 1.0000 0.0003 0.0010 0.0031 0.0093 0.0282 0.0849 0.2557 0.7706 1.0000 1.0000 1.0000 1.0000 0.0004 0.0013 0.0038 0.0115 0.0338 0.0990 0.2839 0.8005 1.0000 1.0000 1.0000 1.0000 1.0000 0.0005 0.0012 0.0027 0.0059 0.0128 0.0272 0.0564 0.1146 0.2286 0.4473 0.8589 1.0000 1.0000 1.0000 1.0000 1.0000 1.0000 1.0000 1.0000 1.0000 1.0000 1.0000 1.0000 1.0000 1.0000 1.0000 1.0000 1.0000 0.8605 0.4473 0.2286 0.1148 0.0564 0.0272 0.0128 0.0059 0.0027 0.0012 0.0005 1.0000 1.0000 1.0000 1.0000 1.0000 0.8005 0.2845 0.0990 0.0339 0.0115 0.0039 0.0013 0.0004 1.0000 1.0000 1.0000 1.0000 0.7706 0.2557 0.0849 0.0282 0.0093 0.0031 0.0010 0.0003 1.0000 1.0000 1.0000 1.0000 0.6146 0.0385
0.0569 0.9076 1.0000 1.0000 1.0000 1.0000 0.0005 0.0015 0.0046 0.0138 0.0416 0.1253 0.3777 1.0000 1.0000 1.0000 1.0000 1.0000 0.0006 0.0019 0.0057 0.0171 0.0508 0.1493 0.4347 1.0000 1.0000 1.0000 1.0000 1.0000 0.0004 0.0009 0.0022 0.0050 0.0113 0.0250 0.0542 0.1146 0.2379 0.4836 0.9663 1.0000 1.0000 1.0000 1.0000 1.0000 1.0000 1.0000 1.0000 0.0005 0.0007 0.0005 1.0000 1.0000 1.0000 1.0000 1.0000 1.0000 1.0000 1.0000 0.9663 0.4836 0.2379 0.1148 0.0541 0.0250 0.0113 0.0050 0.0022 0.0009 0.0004 1.0000 1.0000 1.0000 1.0000 1.0000 0.4364 0.1499 0.0509 0.0171 0.0057 0.0019 0.0006 1.0000 1.0000 1.0000 1.0000 1.0000 0.3777 0.1253 0.0416 0.0138 0.0046 0.0015 0.0005 1.0000 1.0000 1.0000 1.0000 0.9076 0.0569
0.0841 1.0000 1.0000 1.0000 1.0000 1.0000 0.0007 0.0022 0.0068 0.0204 0.0614 0.1851 0.5577 1.0000 1.0000 1.0000 1.0000 1.0000 0.0009 0.0028 0.0085 0.0253 0.0757 0.2247 0.6594 1.0000 1.0000 1.0000 1.0000 1.0000 0.0006 0.0016 0.0039 0.0092 0.0212 0.0480 0.1058 0.2286 0.4836 1.0000 1.0000 1.0000 1.0000 1.0000 1.0000 1.0000 1.0000 0.0004 0.0007 0.0013 0.0019 0.0013 0.0007 0.0004 1.0000 1.0000 1.0000 1.0000 1.0000 1.0000 1.0000 1.0000 0.4836 0.2286 0.1058 0.0479 0.0212 0.0092 0.0039 0.0016 0.0006 1.0000 1.0000 1.0000 1.0000 1.0000 0.6631 0.2251 0.0760 0.0254 0.0085 0.0028 0.0009 1.0000 1.0000 1.0000 1.0000 1.0000 0.5577 0.1851 0.0614 0.0204 0.0068 0.0022 0.0007 1.0000 1.0000 1.0000 1.0000 1.0000 0.0841
0.1241 1.0000 1.0000 1.0000 1.0000 0.0004 0.0011 0.0033 0.0100 0.0301 0.0907 0.2733 0.8237 1.0000 1.0000 1.0000 1.0000 0.0005 0.0014 0.0042 0.0125 0.0376 0.1127 0.3357 0.9943 1.0000 1.0000 1.0000 1.0000 0.0004 0.0011 0.0027 0.0068 0.0165 0.0391 0.0900 0.2032 0.4473 0.9663 1.0000 1.0000 1.0000 1.0000 1.0000 1.0000 1.0000 0.0005 0.0009 0.0017 0.0031 0.0048 0.0031 0.0017 0.0009 0.0005 1.0000 1.0000 1.0000 1.0000 1.0000 1.0000 1.0000 0.9663 0.4473 0.2032 0.0900 0.0391 0.0165 0.0068 0.0027 0.0011 0.0004 1.0000 1.0000 1.0000 1.0000 0.9981 0.3363 0.1127 0.0376 0.0125 0.0042 0.0014 0.0005 1.0000 1.0000 1.0000 1.0000 0.8237 0.2733 0.0907 0.0301 0.0100 0.0033 0.0011 0.0004 1.0000 1.0000 1.0000 1.0000 0.1241
0.1833 1.0000 1.0000 1.0000 1.0000 0.0005 0.0016 0.0049 0.0148 0.0445 0.1340 0.4037 1.0000 1.0000 1.0000 1.0000 1.0000 0.0007 0.0020 0.0061 0.0185 0.0557 0.1673 0.5004 1.0000 1.0000 1.0000 1.0000 1.0000 0.0006 0.0017 0.0046 0.0117 0.0291 0.0703 0.1664 0.3827 0.8605 1.0000 1.0000 1.0000 1.0000 1.0000 1.0000 1.0000 0.0006 0.0012 0.0022 0.0040 0.0076 0.0119 0.0076 0.0040 0.0022 0.0012 0.0006 1.0000 1.0000 1.0000 1.0000 1.0000 1.0000 1.0000 0.8605 0.3827 0.1664 0.0703 0.0291 0.0117 0.0046 0.0017 0.0006 1.0000 1.0000 1.0000 1.0000 1.0000 0.5004 0.1673 0.0557 0.0185 0.0061 0.0020 0.0007 1.0000 1.0000 1.0000 1.0000 1.0000 0.4037 0.1340 0.0445 0.0148 0.0049 0.0016 0.0005 1.0000 1.0000 1.0000 1.0000 0.1833
0.2708 1.0000 1.0000 1.0000 1.0000 0.0008 0.0024 0.0072 0.0218 0.0657 0.1978 0.5961 1.0000 1.0000 1.0000 1.0000 1.0000 0.0010 0.0030 0.0091 0.0273 0.0823 0.2481 0.7419 1.0000 1.0000 1.0000 1.0000 0.0004 0.0010 0.0028 0.0076 0.0197 0.0503 0.1244 0.3006 0.7061 1.0000 1.0000 1.0000 1.0000 1.0000 1.0000 1.0000 0.0007 0.0014 0.0026 0.0050 0.0093 0.0180 0.0288 0.0180 0.0094 0.0050 0.0026 0.0014 0.0007 1.0000 1.0000 1.0000 1.0000 1.0000 1.0000 1.0000 0.7061 0.3006 0.1244 0.0503 0.0197 0.0076 0.0028 0.0010 0.0004 1.0000 1.0000 1.0000 1.0000 0.7433 0.2476 0.0823 0.0273 0.0091 0.0030 0.0010 1.0000 1.0000 1.0000 1.0000 1.0000 0.5961 0.1978 0.0657 0.0218 0.0072 0.0024 0.0008 1.0000 1.0000 1.0000 1.0000 0.2708
0.3998 1.0000 1.0000 1.0000 0.0004 0.0012 0.0035 0.0107 0.0322 0.0970 0.2922 0.8804 1.0000 1.0000 1.0000 1.0000 0.0005 0.0015 0.0044 0.0134 0.0403 0.1218 0.3664 1.0000 1.0000 1.0000 1.0000 1.0000 0.0006 0.0016 0.0045 0.0122 0.0327 0.0850 0.2159 0.5318 1.0000 1.0000 1.0000 1.0000 1.0000 1.0000 1.0000 0.0007 0.0015 0.0029 0.0058 0.0112 0.0213 0.0419 0.0677 0.0420 0.0213 0.0112 0.0058 0.0029 0.0015 0.0007 1.0000 1.0000 1.0000 1.0000 1.0000 1.0000 1.0000 0.5318 0.2159 0.0850 0.0327 0.0122 0.0045 0.0016 0.0006 1.0000 1.0000 1.0000 1.0000 1.0000 0.3664 0.1218 0.0403 0.0134 0.0044 0.0015 0.0005 1.0000 1.0000 1.0000 1.0000 0.8804 0.2922 0.0970 0.0322 0.0107 0.0035 0.0012 0.0004 1.0000 1.0000 1.0000 0.3998
0.5905 1.0000 1.0000 1.0000 0.0006 0.0017 0.0052 0.0158 0.0475 0.1432 0.4315 1.0000 1.0000 1.0000 1.0000 1.0000 0.0007 0.0022 0.0066 0.0198 0.0596 0.1795 0.5410 1.0000 1.0000 1.0000 1.0000 1.0000 0.0008 0.0025 0.0070 0.0195 0.0533 0.1416 0.3671 0.9267 1.0000 1.0000 1.0000 1.0000 1.0000 1.0000 0.0007 0.0015 0.0030 0.0062 0.0124 0.0244 0.0473 0.0951 0.1560 0.0955 0.0474 0.0244 0.0124 0.0062 0.0030 0.0015 0.0007 1.0000 1.0000 1.0000 1.0000 1.0000 1.0000 0.9267 0.3671 0.1416 0.0533 0.0195 0.0070 0.0025 0.0008 1.0000 1.0000 1.0000 1.0000 1.0000 0.5410 0.1795 0.0596 0.0198 0.0066 0.0022 0.0007 1.0000 1.0000 1.0000 1.0000 1.0000 0.4315 0.1432 0.0475 0.0158 0.0052 0.0017 0.0006 1.0000 1.0000 1.0000 0.5905
0.8720 1.0000 1.0000 1.0000 0.0009 0.0026 0.0077 0.0233 0.0702 0.2114 0.6372 1.0000 1.0000 1.0000 1.0000 0.0004 0.0011 0.0032 0.0097 0.0292 0.0880 0.2651 0.7990 1.0000 1.0000 1.0000 1.0000 0.0004 0.0013 0.0038 0.0108 0.0307 0.0852 0.2312 0.6134 1.0000 1.0000 1.0000 1.0000 1.0000 1.0000 0.0006 0.0014 0.0029 0.0062 0.0128 0.0261 0.0525 0.1032 0.2123 0.3520 0.2127 0.1034 0.0526 0.0262 0.0128 0.0062 0.0029 0.0014 0.0006 1.0000 1.0000 1.0000 1.0000 1.0000 1.0000 0.6134 0.2312 0.0852 0.0307 0.0108 0.0038 0.0013 0.0004 1.0000 1.0000 1.0000 1.0000 0.7990 0.2651 0.0880 0.0292 0.0097 0.0032 0.0011 0.0004 1.0000 1.0000 1.0000 1.0000 0.6372 0.2114 0.0702 0.0233 0.0077 0.0026 0.0009 1.0000 1.0000 1.0000 0.8720
1.0000 1.0000 1.0000 0.0004 0.0013 0.0038 0.0114 0.0344 0.1036 0.3123 0.9410 1.0000 1.0000 1.0000 1.0000 0.0005 0.0016 0.0047 0.0143 0.0431 0.1299 0.3916 1.0000 1.0000 1.0000 1.0000 1.0000 0.0006 0.0019 0.0057 0.0166 0.0476 0.1342 0.3720 1.0000 1.0000 1.0000 1.0000 1.0000 1.0000 0.0005 0.0012 0.0026 0.0058 0.0124 0.0261 0.0542 0.1103 0.2217 0.4638 0.7795 0.4656 0.2222 0.1105 0.0543 0.0262 0.0124 0.0058 0.0026 0.0012 0.0005 1.0000 1.0000 1.0000 1.0000 1.0000 1.0000 0.3720 0.1342 0.0476 0.0166 0.0057 0.0019 0.0006 1.0000 1.0000 1.0000 1.0000 1.0000 0.3916 0.1299 0.0431 0.0143 0.0047 0.0016 0.0005 1.0000 1.0000 1.0000 1.0000 0.9410 0.3123 0.1036 0.0344 0.0114 0.0038 0.0013 0.0004 1.0000 1.0000 1.0000
1.0000 1.0000 1.0000 0.0006 0.0019 0.0056 0.0169 0.0508 0.1530 0.4611 1.0000 1.0000 1.0000 1.0000 1.0000 0.0008 0.0023 0.0070 0.0211 0.0637 0.1919 0.5783 1.0000 1.0000 1.0000 1.0000 1.0000 0.0010 0.0029 0.0085 0.0251 0.0730 0.2087 0.5882 1.0000 1.0000 1.0000 1.0000 1.0000 0.0004 0.0009 0.0022 0.0050 0.0112 0.0244 0.0525 0.1105 0.2295 0.4682 0.9962 1.0000 0.9981 0.4691 0.2299 0.1105 0.0526 0.0244 0.0112 0.0050 0.0022 0.0009 0.0004 1.0000 1.0000 1.0000 1.0000 1.0000 0.5882 0.2090 0.0729 0.0251 0.0085 0.0029 0.0010 1.0000 1.0000 1.0000 1.0000 1.0000 0.5783 0.1919 0.0637 0.0211 0.0070 0.0023 0.0008 1.0000 1.0000 1.0000 1.0000 1.0000 0.4611 0.1530 0.0508 0.0169 0.0056 0.0019 0.0006 1.0000 1.0000 1.0000
1.0000 1.0000 1.0000 0.0009 0.0027 0.0083 0.0249 0.0750 0.2260 0.6810 1.0000 1.0000 1.0000 1.0000 0.0004 0.0011 0.0034 0.0104 0.0312 0.0940 0.2834 0.8540 1.0000 1.0000 1.0000 1.0000 0.0005 0.0014 0.0043 0.0127 0.0378 0.1108 0.3213 0.9180 1.0000 1.0000 1.0000 1.0000 1.0000 0.0007 0.0017 0.0040 0.0094 0.0213 0.0474 0.1034 0.2217 0.4673 0.9682 1.0000 1.0000 1.0000 0.9700 0.4691 0.2222 0.1034 0.0474 0.0213 0.0094 0.0040 0.0017 0.0007 1.0000 1.0000 1.0000 1.0000 1.0000 0.9180 0.3213 0.1108 0.0378 0.0127 0.0043 0.0014 0.0005 1.0000 1.0000 1.0000 1.0000 0.8540 0.2834 0.0940 0.0312 0.0104 0.0034 0.0011 0.0004 1.0000 1.0000 1.0000 1.0000 0.6810 0.2260 0.0750 0.0249 0.0083 0.0027 0.0009 1.0000 1.0000 1.0000
1.0000 1.0000 0.0005 0.0014 0.0042 0.0125 0.0377 0.1137 0.3428 1.0000 1.0000 1.0000 1.0000 1.0000 0.0006 0.0017 0.0052 0.0157 0.0473 0.1426 0.4298 1.0000 1.0000 1.0000 1.0000 1.0000 0.0007 0.0022 0.0065 0.0194 0.0580 0.1719 0.5024 1.0000 1.0000 1.0000 1.0000 1.0000 0.0005 0.0013 0.0031 0.0076 0.0180 0.0419 0.0953 0.2127 0.4647 0.9981 1.0000 1.0000 1.0000 1.0000 1.0000 0.9981 0.4656 0.2127 0.0953 0.0419 0.0180 0.0076 0.0031 0.0013 0.0005 1.0000 1.0000 1.0000 1.0000 1.0000 0.5024 0.1719 0.0580 0.0194 0.0065 0.0022 0.0007 1.0000 1.0000 1.0000 1.0000 1.0000 0.4298 0.1426 0.0473 0.0157 0.0052 0.0017 0.0006 1.0000 1.0000 1.0000 1.0000 1.0000 0.3428 0.1137 0.0377 0.0125 0.0042 0.0014 0.0005 1.0000 1.0000
1.0000 1.0000 0.0006 0.0019 0.0056 0.0170 0.0511 0.1539 0.4638 1.0000 1.0000 1.0000 1.0000 1.0000 0.0008 0.0023 0.0071 0.0213 0.0640 0.1930 0.5816 1.0000 1.0000 1.0000 1.0000 1.0000 0.0010 0.0029 0.0088 0.0264 0.0791 0.2352 0.6941 1.0000 1.0000 1.0000 1.0000 1.0000 0.0007 0.0019 0.0048 0.0119 0.0288 0.0678 0.1563 0.3527 0.7795 1.0000 1.0000 1.0000 1.0000 1.0000 1.0000 1.0000 0.7795 0.3527 0.1563 0.0678 0.0288 0.0119 0.0048 0.0019 0.0007 1.0000 1.0000 1.0000 1.0000 1.0000 0.6941 0.2352 0.0791 0.0264 0.0088 0.0029 0.0010 1.0000 1.0000 1.0000 1.0000 1.0000 0.5816 0.1930 0.0640 0.0213 0.0071 0.0023 0.0008 1.0000 1.0000 1.0000 1.0000 1.0000 0.4638 0.1539 0.0511 0.0170 0.0056 0.0019 0.0006 1.0000 1.0000
1.0000 1.0000 0.0005 0.0014 0.0042 0.0125 0.0377 0.1137 0.3428 1.0000 1.0000 1.0000 1.0000 1.0000 0.0006 0.0017 0.0052 0.0157 0.0473 0.1426 0.4298 1.0000 1.0000 1.0000 1.0000 1.0000 0.0007 0.0022 0.0065 0.0194 0.0580 0.1719 0.5024 1.0000 1.0000 1.0000 1.0000 1.0000 0.0005 0.0013 0.0031 0.0076 0.0180 0.0419 0.0953 0.2127 0.4656 0.9981 1.0000 1.0000 1.0000 1.0000 1.0000 0.9981 0.4656 0.2127 0.0953 0.0419 0.0180 0.0076 0.0031 0.0013 0.0005 1.0000 1.0000 1.0000 1.0000 1.0000 0.5024 0.1719 0.0580 0.0194 0.0065 0.0022 0.0007 1.0000 1.0000 1.0000 1.0000 1.0000 0.4298 0.1426 0.0473 0.0157 0.0052 0.0017 0.0006 1.0000 1.0000 1.0000 1.0000 1.0000 0.3428 0.1137 0.0377 0.0125 0.0042 0.0014 0.0005 1.0000 1.0000
1.0000 1.0000 1.0000 0.0009 0.0027 0.0083 0.0249 0.0750 0.2260 0.6810 1.0000 1.0000 1.0000 1.0000 0.0004 0.0011 0.0034 0.0104 0.0312 0.0940 0.2834 0.8540 1.0000 1.0000 1.0000 1.0000 0.0005 0.0014 0.0043 0.0127 0.0378 0.1108 0.3213 0.9180 1.0000 1.0000 1.0000 1.0000 1.0000 0.0007 0.0017 0.0040 0.0094 0.0213 0.0474 0.1034 0.2222 0.4691 0.9700 1.0000 1.0000 1.0000 0.9700 0.4691 0.2222 0.1034 0.0474 0.0213 0.0094 0.0040 0.0017 0.0007 1.0000 1.0000 1.0000 1.0000 1.0000 0.9180 0.3213 0.1108 0.0378 0.0127 0.0043 0.0014 0.0005 1.0000 1.0000 1.0000 1.0000 0.8540 0.2834 0.0940 0.0312 0.0104 0.0034 0.0011 0.0004 1.0000 1.0000 1.0000 1.0000 0.6810 0.2260 0.0750 0.0249 0.0083 0.0027 0.0009 1.0000 1.0000 1.0000
1.0000 1.0000 1.0000 0.0006 0.0019 0.0056 0.0169 0.0508 0.1530 0.4611 1.0000 1.0000 1.0000 1.0000 1.0000 0.0008 0.0023 0.0070 0.0211 0.0637 0.1919 0.5783 1.0000 1.0000 1.0000 1.0000 1.0000 0.0010 0.0029 0.0085 0.0251 0.0730 0.2087 0.5882 1.0000 1.0000 1.0000 1.0000 1.0000 0.0004 0.0009 0.0022 0.0050 0.0112 0.0244 0.0526 0.1105 0.2299 0.4691 0.9981 1.0000 0.9981 0.4691 0.2299 0.1105 0.0526 0.0244 0.0112 0.0050 0.0022 0.0009 0.0004 1.0000 1.0000 1.0000 1.0000 1.0000 0.5882 0.2090 0.0729 0.0251 0.0085 0.0029 0.0010 1.0000 1.0000 1.0000 1.0000 1.0000 0.5783 0.1919 0.0637 0.0211 0.0070 0.0023 0.0008 1.0000 1.0000 1.0000 1.0000 1.0000 0.4611 0.1530 0.0508 0.0169 0.0056 0.0019 0.0006 1.0000 1.0000 1.0000
1.0000 1.0000 1.0000 0.0004 0.0013 0.0038 0.0114 0.0344 0.1036 0.3123 0.9410 1.0000 1.0000 1.0000 1.0000 0.0005 0.0016 0.0047 0.0143 0.0431 0.1299 0.3916 1.0000 1.0000 1.0000 1.0000 1.0000 0.0006 0.0019 0.0057 0.0166 0.0476 0.1342 0.3720 1.0000 1.0000 1.0000 1.0000 1.0000 1.0000 0.0005 0.0012 0.0026 0.0058 0.0124 0.0262 0.0543 0.1105 0.2222 0.4656 0.7795 0.4656 0.2222 0.1105 0.0543 0.0262 0.0124 0.0058 0.0026 0.0012 0.0005 1.0000 1.0000 1.0000 1.0000 1.0000 1.0000 0.3720 0.1342 0.0476 0.0166 0.0057 0.0019 0.0006 1.0000 1.0000 1.0000 1.0000 1.0000 0.3916 0.1299 0.0431 0.0143 0.0047 0.0016 0.0005 1.0000 1.0000 1.0000 1.0000 0.9410 0.3123 0.1036 0.0344 0.0114 0.0038 0.0013 0.0004 1.0000 1.0000 1.0000
0.8720 1.0000 1.0000 1.0000 0.0009 0.0026 0.0077 0.0233 0.0702 0.2114 0.6372 1.0000 1.0000 1.0000 1.0000 0.0004 0.0011 0.0032 0.0097 0.0292 0.0880 0.2651 0.7990 1.0000 1.0000 1.0000 1.0000 0.0004 0.0013 0.0038 0.0108 0.0307 0.0852 0.2312 0.6134 1.0000 1.0000 1.0000 1.0000 1.0000 1.0000 0.0006 0.0014 0.0029 0.0062 0.0128 0.0262 0.0526 0.1034 0.2127 0.3527 0.2127 0.1034 0.0526 0.0262 0.0128 0.0062 0.0029 0.0014 0.0006 1.0000 1.0000 1.0000 1.0000 1.0000 1.0000 0.6134 0.2312 0.0852 0.0307 0.0108 0.0038 0.0013 0.0004 1.0000 1.0000 1.0000 1.0000 0.7990 0.2651 0.0880 0.0292 0.0097 0.0032 0.0011 0.0004 1.0000 1.0000 1.0000 1.0000 0.6372 0.2114 0.0702 0.0233 0.0077 0.0026 0.0009 1.0000 1.0000 1.0000 0.8720
