-0.0272 -0.1512 -0.1536 -0.1476 -0.1357 -0.1184 -0.0979 -0.0771 -0.0591 -0.0449 -0.0348 -0.0289 -0.0241 -0.0191 -0.0142 -0.0098 -0.0059 -0.0027 0.0003 0.0035 0.0076 0.0127 0.0198 0.0315 0.0473 0.0483 0.0209 -0.0325 -0.0738 -0.0968 -0.1145 -0.1285 -0.1395 -0.1477 -0.1527 -0.1537 -0.1499 -0.1404 -0.1252 -0.1056 -0.0846 -0.0654 -0.0497 -0.0381 -0.0306 -0.0259 -0.0210 -0.0160 -0.0113 -0.0069 -0.0043 -0.0069 -0.0113 -0.0160 -0.0210 -0.0259 -0.0306 -0.0381 -0.0497 -0.0654 -0.0846 -0.1056 -0.1252 -0.1404 -0.1499 -0.1537 -0.1527 -0.1477 -0.1395 -0.1285 -0.1145 -0.0968 -0.0738 -0.0325 0.0209 0.0483 0.0473 0.0315 0.0198 0.0127 0.0076 0.0035 0.0003 -0.0027 -0.0059 -0.0098 -0.0142 -0.0191 -0.0241 -0.0289 -0.0348 -0.0449 -0.0591 -0.0771 -0.0979 -0.1184 -0.1357 -0.1476 -0.1536 -0.1512 -0.0272
-0.1512 -0.3280 -0.2753 -0.2147 -0.1422 -0.0826 -0.0461 -0.0261 -0.0153 -0.0085 -0.0035 0.0008 0.0053 0.0103 0.0154 0.0204 0.0251 0.0298 0.0362 0.0463 0.0623 0.0931 0.1022 0.0703 -0.0457 -0.1598 -0.2591 -0.3219 -0.3302 -0.3367 -0.3406 -0.3408 -0.3362 -0.3246 -0.3036 -0.2696 -0.2199 -0.1574 -0.0976 -0.0561 -0.0319 -0.0185 -0.0108 -0.0052 -0.0008 0.0036 0.0084 0.0135 0.0185 0.0237 0.0275 0.0237 0.0185 0.0135 0.0084 0.0036 -0.0008 -0.0052 -0.0108 -0.0185 -0.0319 -0.0561 -0.0976 -0.1574 -0.2199 -0.2696 -0.3036 -0.3246 -0.3362 -0.3408 -0.3406 -0.3367 -0.3302 -0.3219 -0.2591 -0.1598 -0.0457 0.0703 0.1022 0.0931 0.0623 0.0463 0.0362 0.0298 0.0251 0.0204 0.0154 0.0103 0.0053 0.0008 -0.0035 -0.0085 -0.0153 -0.0261 -0.0461 -0.0826 -0.1422 -0.2147 -0.2753 -0.3280 -0.1512
-0.1536 -0.2753 -0.1587 -0.0704 -0.0317 -0.0155 -0.0081 -0.0035 0.0000 0.0032 0.0063 0.0101 0.0148 0.0203 0.0267 0.0343 0.0438 0.0582 0.0901 0.1005 0.0840 -0.0239 -0.1440 -0.2359 -0.3225 -0.3308 -0.3373 -0.3412 -0.3415 -0.3367 -0.3250 -0.3035 -0.2688 -0.2180 -0.1545 -0.0947 -0.0538 -0.0302 -0.0171 -0.0098 -0.0048 -0.0011 0.0020 0.0051 0.0085 0.0130 0.0182 0.0242 0.0313 0.0406 0.0492 0.0406 0.0313 0.0242 0.0182 0.0130 0.0085 0.0051 0.0020 -0.0011 -0.0048 -0.0098 -0.0171 -0.0302 -0.0538 -0.0947 -0.1545 -0.2180 -0.2688 -0.3035 -0.3250 -0.3367 -0.3415 -0.3412 -0.3373 -0.3308 -0.3225 -0.2359 -0.1440 -0.0239 0.0840 0.1005 0.0901 0.0582 0.0438 0.0343 0.0267 0.0203 0.0148 0.0101 0.0063 0.0032 0.0000 -0.0035 -0.0081 -0.0155 -0.0317 -0.0704 -0.1587 -0.2753 -0.1536
-0.1476 -0.2147 -0.0704 -0.0227 -0.0081 -0.0023 0.0016 0.0051 0.0090 0.0137 0.0192 0.0255 0.0329 0.0420 0.0550 0.0825 0.0993 0.0961 -0.0029 -0.1301 -0.2179 -0.3209 -0.3295 -0.3364 -0.3407 -0.3417 -0.3380 -0.3276 -0.3080 -0.2758 -0.2279 -0.1657 -0.1038 -0.0594 -0.0333 -0.0188 -0.0108 -0.0055 -0.0017 0.0015 0.0046 0.0079 0.0121 0.0172 0.0231 0.0301 0.0384 0.0494 0.0691 0.0944 0.0949 0.0944 0.0691 0.0494 0.0384 0.0301 0.0231 0.0172 0.0121 0.0079 0.0046 0.0015 -0.0017 -0.0055 -0.0108 -0.0188 -0.0333 -0.0594 -0.1038 -0.1657 -0.2279 -0.2758 -0.3080 -0.3276 -0.3380 -0.3417 -0.3407 -0.3364 -0.3295 -0.3209 -0.2179 -0.1301 -0.0029 0.0961 0.0993 0.0825 0.0550 0.0420 0.0329 0.0255 0.0192 0.0137 0.0090 0.0051 0.0016 -0.0023 -0.0081 -0.0227 -0.0704 -0.2147 -0.1476
-0.1357 -0.1422 -0.0317 -0.0081 -0.0007 0.0041 0.0095 0.0157 0.0225 0.0302 0.0392 0.0508 0.0724 0.0977 0.1002 0.0182 -0.1078 -0.2012 -0.3193 -0.3282 -0.3353 -0.3402 -0.3419 -0.3390 -0.3299 -0.3122 -0.2824 -0.2372 -0.1769 -0.1134 -0.0655 -0.0368 -0.0208 -0.0119 -0.0063 -0.0023 0.0010 0.0041 0.0073 0.0114 0.0163 0.0221 0.0288 0.0368 0.0472 0.0644 0.0937 0.1016 0.0579 -0.0613 -0.1411 -0.0613 0.0579 0.1016 0.0937 0.0644 0.0472 0.0368 0.0288 0.0221 0.0163 0.0114 0.0073 0.0041 0.0010 -0.0023 -0.0063 -0.0119 -0.0208 -0.0368 -0.0655 -0.1134 -0.1769 -0.2372 -0.2824 -0.3122 -0.3299 -0.3390 -0.3419 -0.3402 -0.3353 -0.3282 -0.3193 -0.2012 -0.1078 0.0182 0.1002 0.0977 0.0724 0.0508 0.0392 0.0302 0.0225 0.0157 0.0095 0.0041 -0.0007 -0.0081 -0.0317 -0.1422 -0.1357
-0.1184 -0.0826 -0.0155 -0.0023 0.0041 0.0113 0.0200 0.0298 0.0410 0.0552 0.0859 0.1045 0.0516 -0.0764 -0.1844 -0.2966 -0.3267 -0.3342 -0.3396 -0.3419 -0.3399 -0.3320 -0.3159 -0.2885 -0.2461 -0.1879 -0.1236 -0.0722 -0.0406 -0.0229 -0.0131 -0.0071 -0.0029 0.0005 0.0035 0.0067 0.0106 0.0154 0.0210 0.0276 0.0353 0.0452 0.0605 0.0916 0.1011 0.0743 -0.0385 -0.1537 -0.2498 -0.3236 -0.3284 -0.3236 -0.2498 -0.1537 -0.0385 0.0743 0.1011 0.0916 0.0605 0.0452 0.0353 0.0276 0.0210 0.0154 0.0106 0.0067 0.0035 0.0005 -0.0029 -0.0071 -0.0131 -0.0229 -0.0406 -0.0722 -0.1236 -0.1879 -0.2461 -0.2885 -0.3159 -0.3320 -0.3399 -0.3419 -0.3396 -0.3342 -0.3267 -0.2966 -0.1844 -0.0764 0.0516 0.1045 0.0859 0.0552 0.0410 0.0298 0.0200 0.0113 0.0041 -0.0023 -0.0155 -0.0826 -0.1184
-0.0979 -0.0461 -0.0081 0.0016 0.0095 0.0200 0.0326 0.0475 0.0704 0.1140 0.0248 -0.1359 -0.2565 -0.3238 -0.3324 -0.3387 -0.3417 -0.3407 -0.3340 -0.3195 -0.2941 -0.2545 -0.1986 -0.1342 -0.0795 -0.0448 -0.0252 -0.0144 -0.0080 -0.0035 -0.0001 0.0030 0.0061 0.0098 0.0145 0.0200 0.0264 0.0339 0.0433 0.0571 0.0884 0.1001 0.0881 -0.0173 -0.1396 -0.2301 -0.3220 -0.3304 -0.3371 -0.3411 -0.3421 -0.3411 -0.3371 -0.3304 -0.3220 -0.2301 -0.1396 -0.0173 0.0881 0.1001 0.0884 0.0571 0.0433 0.0339 0.0264 0.0200 0.0145 0.0098 0.0061 0.0030 -0.0001 -0.0035 -0.0080 -0.0144 -0.0252 -0.0448 -0.0795 -0.1342 -0.1986 -0.2545 -0.2941 -0.3195 -0.3340 -0.3407 -0.3417 -0.3387 -0.3324 -0.3238 -0.2565 -0.1359 0.0248 0.1140 0.0704 0.0475 0.0326 0.0200 0.0095 0.0016 -0.0081 -0.0461 -0.0979
-0.0771 -0.0261 -0.0035 0.0051 0.0157 0.0298 0.0475 0.0772 0.0970 -0.0825 -0.2852 -0.3253 -0.3351 -0.3409 -0.3419 -0.3370 -0.3243 -0.3010 -0.2638 -0.2101 -0.1454 -0.0875 -0.0495 -0.0278 -0.0158 -0.0090 -0.0042 -0.0006 0.0025 0.0056 0.0091 0.0137 0.0190 0.0252 0.0325 0.0415 0.0542 0.0803 0.0988 0.0984 0.0037 -0.1242 -0.2125 -0.3204 -0.3291 -0.3360 -0.3406 -0.3418 -0.3382 -0.3283 -0.3194 -0.3283 -0.3382 -0.3418 -0.3406 -0.3360 -0.3291 -0.3204 -0.2125 -0.1242 0.0037 0.0984 0.0988 0.0803 0.0542 0.0415 0.0325 0.0252 0.0190 0.0137 0.0091 0.0056 0.0025 -0.0006 -0.0042 -0.0090 -0.0158 -0.0278 -0.0495 -0.0875 -0.1454 -0.2101 -0.2638 -0.3010 -0.3243 -0.3370 -0.3419 -0.3409 -0.3351 -0.3253 -0.2852 -0.0825 0.0970 0.0772 0.0475 0.0298 0.0157 0.0051 -0.0035 -0.0261 -0.0771
-0.0591 -0.0153 0.0000 0.0090 0.0225 0.0410 0.0704 0.0970 -0.1217 -0.3178 -0.3319 -0.3405 -0.3422 -0.3350 -0.3163 -0.2827 -0.2311 -0.1642 -0.0996 -0.0558 -0.0310 -0.0174 -0.0100 -0.0049 -0.0012 0.0020 0.0050 0.0084 0.0128 0.0180 0.0241 0.0312 0.0398 0.0515 0.0737 0.0972 0.1004 0.0240 -0.1009 -0.1962 -0.3151 -0.3277 -0.3350 -0.3400 -0.3419 -0.3393 -0.3306 -0.3134 -0.2838 -0.2395 -0.2080 -0.2395 -0.2838 -0.3134 -0.3306 -0.3393 -0.3419 -0.3400 -0.3350 -0.3277 -0.3151 -0.1962 -0.1009 0.0240 0.1004 0.0972 0.0737 0.0515 0.0398 0.0312 0.0241 0.0180 0.0128 0.0084 0.0050 0.0020 -0.0012 -0.0049 -0.0100 -0.0174 -0.0310 -0.0558 -0.0996 -0.1642 -0.2311 -0.2827 -0.3163 -0.3350 -0.3422 -0.3405 -0.3319 -0.3178 -0.1217 0.0970 0.0704 0.0410 0.0225 0.0090 0.0000 -0.0153 -0.0591
-0.0449 -0.0085 0.0032 0.0137 0.0302 0.0552 0.1140 -0.0825 -0.3178 -0.3338 -0.3421 -0.3397 -0.3221 -0.2837 -0.2198 -0.1395 -0.0747 -0.0387 -0.0206 -0.0114 -0.0058 -0.0019 0.0014 0.0045 0.0078 0.0120 0.0171 0.0230 0.0299 0.0381 0.0491 0.0683 0.0954 0.1013 0.0432 -0.0786 -0.1807 -0.2897 -0.3263 -0.3339 -0.3394 -0.3418 -0.3401 -0.3326 -0.3171 -0.2903 -0.2488 -0.1914 -0.1259 -0.0739 -0.0534 -0.0739 -0.1259 -0.1914 -0.2488 -0.2903 -0.3171 -0.3326 -0.3401 -0.3418 -0.3394 -0.3339 -0.3263 -0.2897 -0.1807 -0.0786 0.0432 0.1013 0.0954 0.0683 0.0491 0.0381 0.0299 0.0230 0.0171 0.0120 0.0078 0.0045 0.0014 -0.0019 -0.0058 -0.0114 -0.0206 -0.0387 -0.0747 -0.1395 -0.2198 -0.2837 -0.3221 -0.3397 -0.3421 -0.3338 -0.3178 -0.0825 0.1140 0.0552 0.0302 0.0137 0.0032 -0.0085 -0.0449
-0.0348 -0.0035 0.0063 0.0192 0.0392 0.0859 0.0248 -0.2852 -0.3319 -0.3421 -0.3381 -0.3122 -0.2539 -0.1619 -0.0782 -0.0354 -0.0167 -0.0083 -0.0033 0.0004 0.0037 0.0070 0.0111 0.0161 0.0219 0.0286 0.0366 0.0469 0.0638 0.0934 0.1014 0.0608 -0.0569 -0.1660 -0.2669 -0.3248 -0.3327 -0.3386 -0.3417 -0.3408 -0.3344 -0.3204 -0.2958 -0.2571 -0.2021 -0.1375 -0.0819 -0.0462 -0.0258 -0.0147 -0.0105 -0.0147 -0.0258 -0.0462 -0.0819 -0.1375 -0.2021 -0.2571 -0.2958 -0.3204 -0.3344 -0.3408 -0.3417 -0.3386 -0.3327 -0.3248 -0.2669 -0.1660 -0.0569 0.0608 0.1014 0.0934 0.0638 0.0469 0.0366 0.0286 0.0219 0.0161 0.0111 0.0070 0.0037 0.0004 -0.0033 -0.0083 -0.0167 -0.0354 -0.0782 -0.1619 -0.2539 -0.3122 -0.3381 -0.3421 -0.3319 -0.2852 0.0248 0.0859 0.0392 0.0192 0.0063 -0.0035 -0.0348
-0.0289 0.0008 0.0101 0.0255 0.0508 0.1044 -0.1359 -0.3253 -0.3405 -0.3397 -0.3122 -0.2421 -0.1322 -0.0529 -0.0209 -0.0086 -0.0028 0.0014 0.0050 0.0092 0.0143 0.0201 0.0269 0.0347 0.0445 0.0594 0.0912 0.1010 0.0766 -0.0355 -0.1517 -0.2463 -0.3233 -0.3315 -0.3378 -0.3414 -0.3413 -0.3360 -0.3235 -0.3009 -0.2648 -0.2125 -0.1485 -0.0901 -0.0510 -0.0287 -0.0163 -0.0093 -0.0044 -0.0006 0.0018 -0.0006 -0.0044 -0.0093 -0.0163 -0.0287 -0.0510 -0.0901 -0.1485 -0.2125 -0.2648 -0.3009 -0.3235 -0.3360 -0.3413 -0.3414 -0.3378 -0.3315 -0.3233 -0.2463 -0.1517 -0.0355 0.0766 0.1010 0.0912 0.0594 0.0445 0.0347 0.0269 0.0201 0.0143 0.0092 0.0050 0.0014 -0.0028 -0.0086 -0.0209 -0.0529 -0.1322 -0.2421 -0.3122 -0.3397 -0.3405 -0.3253 -0.1359 0.1045 0.0508 0.0255 0.0101 0.0008 -0.0289
-0.0241 0.0053 0.0148 0.0329 0.0723 0.0517 -0.2559 -0.3350 -0.3422 -0.3221 -0.2539 -0.1322 -0.0463 -0.0159 -0.0055 0.0001 0.0044 0.0094 0.0156 0.0226 0.0307 0.0401 0.0528 0.0781 0.1001 0.0933 -0.0110 -0.1372 -0.2275 -0.3217 -0.3302 -0.3369 -0.3410 -0.3416 -0.3373 -0.3262 -0.3056 -0.2721 -0.2226 -0.1596 -0.0988 -0.0563 -0.0316 -0.0179 -0.0103 -0.0051 -0.0014 0.0018 0.0049 0.0085 0.0118 0.0085 0.0049 0.0018 -0.0014 -0.0051 -0.0103 -0.0179 -0.0316 -0.0563 -0.0988 -0.1596 -0.2226 -0.2721 -0.3056 -0.3262 -0.3373 -0.3416 -0.3410 -0.3369 -0.3302 -0.3217 -0.2275 -0.1372 -0.0110 0.0933 0.1001 0.0781 0.0528 0.0401 0.0307 0.0226 0.0156 0.0094 0.0044 0.0001 -0.0055 -0.0159 -0.0463 -0.1322 -0.2539 -0.3221 -0.3422 -0.3351 -0.2565 0.0516 0.0724 0.0329 0.0148 0.0053 -0.0241
-0.0191 0.0103 0.0203 0.0420 0.0978 -0.0758 -0.3238 -0.3409 -0.3350 -0.2837 -0.1619 -0.0529 -0.0159 -0.0046 0.0013 0.0064 0.0132 0.0212 0.0306 0.0417 0.0567 0.0922 0.1059 0.0356 -0.0995 -0.2054 -0.3196 -0.3286 -0.3358 -0.3405 -0.3418 -0.3385 -0.3287 -0.3099 -0.2789 -0.2322 -0.1708 -0.1081 -0.0621 -0.0349 -0.0197 -0.0113 -0.0059 -0.0020 0.0013 0.0043 0.0076 0.0118 0.0168 0.0230 0.0283 0.0230 0.0168 0.0118 0.0076 0.0043 0.0013 -0.0020 -0.0059 -0.0113 -0.0197 -0.0349 -0.0621 -0.1081 -0.1708 -0.2322 -0.2789 -0.3099 -0.3287 -0.3385 -0.3418 -0.3405 -0.3358 -0.3286 -0.3196 -0.2054 -0.0995 0.0356 0.1059 0.0922 0.0567 0.0417 0.0306 0.0212 0.0132 0.0064 0.0013 -0.0046 -0.0159 -0.0529 -0.1619 -0.2837 -0.3350 -0.3409 -0.3238 -0.0764 0.0977 0.0420 0.0203 0.0103 -0.0191
-0.0142 0.0154 0.0267 0.0550 0.1003 -0.1844 -0.3324 -0.3419 -0.3163 -0.2198 -0.0782 -0.0209 -0.0055 0.0013 0.0072 0.0152 0.0250 0.0368 0.0516 0.0801 0.1144 0.0079 -0.1553 -0.2749 -0.3252 -0.3337 -0.3396 -0.3419 -0.3397 -0.3313 -0.3143 -0.2854 -0.2414 -0.1819 -0.1180 -0.0685 -0.0385 -0.0217 -0.0125 -0.0067 -0.0026 0.0007 0.0038 0.0070 0.0110 0.0159 0.0216 0.0282 0.0361 0.0468 0.0573 0.0468 0.0361 0.0282 0.0216 0.0159 0.0110 0.0070 0.0038 0.0007 -0.0026 -0.0067 -0.0125 -0.0217 -0.0385 -0.0685 -0.1180 -0.1819 -0.2414 -0.2854 -0.3143 -0.3313 -0.3397 -0.3419 -0.3396 -0.3337 -0.3252 -0.2749 -0.1553 0.0079 0.1144 0.0801 0.0516 0.0368 0.0250 0.0152 0.0072 0.0013 -0.0055 -0.0209 -0.0782 -0.2198 -0.3163 -0.3419 -0.3324 -0.1844 0.1002 0.0550 0.0267 0.0154 -0.0142
-0.0098 0.0204 0.0343 0.0825 0.0182 -0.2966 -0.3387 -0.3370 -0.2827 -0.1395 -0.0354 -0.0086 0.0001 0.0064 0.0152 0.0263 0.0401 0.0589 0.1114 0.0551 -0.1283 -0.3062 -0.3269 -0.3361 -0.3413 -0.3416 -0.3354 -0.3206 -0.2944 -0.2530 -0.1951 -0.1294 -0.0758 -0.0426 -0.0239 -0.0137 -0.0075 -0.0032 0.0002 0.0033 0.0064 0.0102 0.0150 0.0205 0.0270 0.0347 0.0443 0.0589 0.0907 0.0970 0.0838 0.0970 0.0907 0.0589 0.0443 0.0347 0.0270 0.0205 0.0150 0.0102 0.0064 0.0033 0.0002 -0.0032 -0.0075 -0.0137 -0.0239 -0.0426 -0.0758 -0.1294 -0.1951 -0.2530 -0.2944 -0.3206 -0.3354 -0.3416 -0.3413 -0.3361 -0.3269 -0.3062 -0.1283 0.0552 0.1114 0.0589 0.0401 0.0263 0.0152 0.0064 0.0001 -0.0086 -0.0354 -0.1395 -0.2827 -0.3370 -0.3387 -0.2966 0.0182 0.0825 0.0343 0.0204 -0.0098
-0.0059 0.0251 0.0438 0.0993 -0.1078 -0.3267 -0.3417 -0.3243 -0.2311 -0.0747 -0.0167 -0.0028 0.0044 0.0132 0.0250 0.0401 0.0616 0.1269 -0.0070 -0.2492 -0.3231 -0.3347 -0.3414 -0.3415 -0.3327 -0.3119 -0.2752 -0.2197 -0.1504 -0.0883 -0.0487 -0.0269 -0.0151 -0.0085 -0.0039 -0.0003 0.0028 0.0059 0.0095 0.0141 0.0195 0.0258 0.0333 0.0424 0.0557 0.0845 0.0996 0.0936 -0.0081 -0.1340 -0.1901 -0.1340 -0.0081 0.0936 0.0996 0.0845 0.0557 0.0424 0.0333 0.0258 0.0195 0.0141 0.0095 0.0059 0.0028 -0.0003 -0.0039 -0.0085 -0.0151 -0.0269 -0.0487 -0.0883 -0.1504 -0.2197 -0.2752 -0.3119 -0.3327 -0.3415 -0.3414 -0.3347 -0.3231 -0.2492 -0.0070 0.1269 0.0616 0.0401 0.0250 0.0132 0.0044 -0.0028 -0.0167 -0.0747 -0.2311 -0.3243 -0.3417 -0.3267 -0.1078 0.0993 0.0438 0.0251 -0.0059
-0.0027 0.0298 0.0582 0.0961 -0.2012 -0.3342 -0.3407 -0.3010 -0.1642 -0.0387 -0.0083 0.0014 0.0094 0.0212 0.0368 0.0589 0.1269 -0.0292 -0.3114 -0.3276 -0.3387 -0.3425 -0.3359 -0.3142 -0.2718 -0.2045 -0.1254 -0.0662 -0.0343 -0.0182 -0.0100 -0.0048 -0.0010 0.0022 0.0053 0.0088 0.0133 0.0185 0.0247 0.0319 0.0407 0.0529 0.0771 0.0981 0.0994 0.0130 -0.1134 -0.2049 -0.3198 -0.3286 -0.3328 -0.3286 -0.3198 -0.2049 -0.1134 0.0130 0.0994 0.0981 0.0771 0.0529 0.0407 0.0319 0.0247 0.0185 0.0133 0.0088 0.0053 0.0022 -0.0010 -0.0048 -0.0100 -0.0182 -0.0343 -0.0662 -0.1254 -0.2045 -0.2718 -0.3142 -0.3359 -0.3425 -0.3387 -0.3276 -0.3114 -0.0292 0.1269 0.0589 0.0368 0.0212 0.0094 0.0014 -0.0083 -0.0387 -0.1642 -0.3010 -0.3407 -0.3342 -0.2012 0.0961 0.0582 0.0298 -0.0027
0.0003 0.0362 0.0901 -0.0029 -0.3193 -0.3396 -0.3340 -0.2638 -0.0996 -0.0206 -0.0033 0.0050 0.0156 0.0306 0.0516 0.1114 -0.0070 -0.3114 -0.3290 -0.3403 -0.3418 -0.3284 -0.2922 -0.2244 -0.1335 -0.0641 -0.0300 -0.0145 -0.0072 -0.0025 0.0011 0.0044 0.0078 0.0122 0.0174 0.0235 0.0305 0.0390 0.0504 0.0711 0.0964 0.1009 0.0329 -0.0906 -0.1890 -0.3031 -0.3271 -0.3345 -0.3398 -0.3419 -0.3416 -0.3419 -0.3398 -0.3345 -0.3271 -0.3031 -0.1890 -0.0906 0.0329 0.1009 0.0964 0.0711 0.0504 0.0390 0.0305 0.0235 0.0174 0.0122 0.0078 0.0044 0.0011 -0.0025 -0.0072 -0.0145 -0.0300 -0.0641 -0.1335 -0.2244 -0.2922 -0.3284 -0.3418 -0.3403 -0.3290 -0.3114 -0.0070 0.1114 0.0516 0.0306 0.0156 0.0050 -0.0033 -0.0206 -0.0996 -0.2638 -0.3340 -0.3396 -0.3193 -0.0029 0.0901 0.0362 0.0003
0.0035 0.0463 0.1005 -0.1301 -0.3282 -0.3419 -0.3195 -0.2101 -0.0558 -0.0114 0.0004 0.0092 0.0226 0.0416 0.0801 0.0552 -0.2492 -0.3276 -0.3403 -0.3413 -0.3233 -0.2746 -0.1856 -0.0889 -0.0370 -0.0157 -0.0068 -0.0017 0.0021 0.0058 0.0101 0.0154 0.0215 0.0285 0.0368 0.0474 0.0650 0.0944 0.1017 0.0517 -0.0686 -0.1739 -0.2790 -0.3256 -0.3334 -0.3390 -0.3418 -0.3404 -0.3333 -0.3185 -0.3061 -0.3185 -0.3333 -0.3404 -0.3418 -0.3390 -0.3334 -0.3256 -0.2790 -0.1739 -0.0686 0.0517 0.1017 0.0944 0.0650 0.0474 0.0368 0.0285 0.0215 0.0154 0.0101 0.0058 0.0021 -0.0017 -0.0068 -0.0157 -0.0370 -0.0889 -0.1856 -0.2746 -0.3233 -0.3413 -0.3403 -0.3276 -0.2492 0.0552 0.0801 0.0417 0.0226 0.0092 0.0004 -0.0114 -0.0558 -0.2101 -0.3195 -0.3419 -0.3282 -0.1301 0.1005 0.0463 0.0035
0.0076 0.0623 0.0840 -0.2179 -0.3353 -0.3399 -0.2941 -0.1454 -0.0310 -0.0058 0.0037 0.0143 0.0307 0.0566 0.1144 -0.1283 -0.3231 -0.3387 -0.3418 -0.3233 -0.2680 -0.1651 -0.0682 -0.0256 -0.0098 -0.0031 0.0016 0.0057 0.0109 0.0171 0.0243 0.0326 0.0425 0.0567 0.0892 0.1019 0.0740 -0.0426 -0.1589 -0.2572 -0.3241 -0.3322 -0.3382 -0.3415 -0.3410 -0.3351 -0.3218 -0.2982 -0.2599 -0.2062 -0.1708 -0.2062 -0.2599 -0.2982 -0.3218 -0.3351 -0.3410 -0.3415 -0.3382 -0.3322 -0.3241 -0.2572 -0.1589 -0.0426 0.0740 0.1019 0.0892 0.0567 0.0425 0.0326 0.0243 0.0171 0.0109 0.0057 0.0016 -0.0031 -0.0098 -0.0256 -0.0682 -0.1651 -0.2680 -0.3233 -0.3418 -0.3387 -0.3231 -0.1283 0.1144 0.0567 0.0307 0.0143 0.0037 -0.0058 -0.0310 -0.1454 -0.2941 -0.3399 -0.3353 -0.2179 0.0840 0.0623 0.0076
0.0127 0.0931 -0.0239 -0.3209 -0.3402 -0.3320 -0.2545 -0.0875 -0.0174 -0.0019 0.0070 0.0201 0.0401 0.0921 0.0082 -0.3062 -0.3347 -0.3425 -0.3284 -0.2746 -0.1651 -0.0624 -0.0213 -0.0073 -0.0010 0.0037 0.0091 0.0159 0.0240 0.0335 0.0450 0.0624 0.0981 0.1056 0.0063 -0.1336 -0.2307 -0.3220 -0.3306 -0.3373 -0.3412 -0.3415 -0.3366 -0.3248 -0.3031 -0.2682 -0.2172 -0.1536 -0.0932 -0.0529 -0.0381 -0.0529 -0.0932 -0.1536 -0.2172 -0.2682 -0.3031 -0.3248 -0.3366 -0.3415 -0.3412 -0.3373 -0.3306 -0.3220 -0.2307 -0.1336 0.0063 0.1056 0.0981 0.0624 0.0450 0.0335 0.0240 0.0159 0.0091 0.0037 -0.0010 -0.0073 -0.0213 -0.0624 -0.1651 -0.2746 -0.3284 -0.3425 -0.3347 -0.3062 0.0079 0.0922 0.0401 0.0201 0.0070 -0.0019 -0.0174 -0.0875 -0.2545 -0.3320 -0.3402 -0.3209 -0.0239 0.0931 0.0127
0.0198 0.1022 -0.1440 -0.3295 -0.3419 -0.3159 -0.1986 -0.0495 -0.0099 0.0014 0.0111 0.0268 0.0528 0.1058 -0.1553 -0.3269 -0.3414 -0.3359 -0.2922 -0.1856 -0.0682 -0.0213 -0.0066 -0.0000 0.0050 0.0117 0.0200 0.0300 0.0421 0.0591 0.1009 0.0978 -0.0334 -0.1825 -0.3107 -0.3274 -0.3354 -0.3405 -0.3419 -0.3383 -0.3279 -0.3081 -0.2756 -0.2273 -0.1649 -0.1030 -0.0589 -0.0331 -0.0185 -0.0106 -0.0070 -0.0106 -0.0185 -0.0331 -0.0589 -0.1030 -0.1649 -0.2273 -0.2756 -0.3081 -0.3279 -0.3383 -0.3419 -0.3405 -0.3354 -0.3274 -0.3107 -0.1825 -0.0334 0.0978 0.1009 0.0591 0.0421 0.0300 0.0200 0.0117 0.0050 -0.0000 -0.0066 -0.0213 -0.0682 -0.1856 -0.2922 -0.3359 -0.3414 -0.3269 -0.1553 0.1059 0.0528 0.0269 0.0111 0.0014 -0.0100 -0.0495 -0.1986 -0.3159 -0.3419 -0.3295 -0.1440 0.1022 0.0198
0.0315 0.0703 -0.2359 -0.3364 -0.3390 -0.2885 -0.1342 -0.0278 -0.0049 0.0045 0.0161 0.0347 0.0779 0.0359 -0.2743 -0.3361 -0.3415 -0.3142 -0.2244 -0.0889 -0.0256 -0.0073 -0.0000 0.0055 0.0131 0.0226 0.0344 0.0493 0.0763 0.1167 -0.0120 -0.1980 -0.3188 -0.3298 -0.3378 -0.3418 -0.3407 -0.3327 -0.3154 -0.2855 -0.2398 -0.1784 -0.1140 -0.0655 -0.0366 -0.0206 -0.0118 -0.0063 -0.0022 0.0012 0.0036 0.0012 -0.0022 -0.0063 -0.0118 -0.0206 -0.0366 -0.0655 -0.1140 -0.1784 -0.2398 -0.2855 -0.3154 -0.3327 -0.3407 -0.3418 -0.3378 -0.3298 -0.3188 -0.1980 -0.0120 0.1167 0.0763 0.0493 0.0344 0.0226 0.0131 0.0055 -0.0000 -0.0073 -0.0256 -0.0889 -0.2244 -0.3142 -0.3415 -0.3361 -0.2749 0.0356 0.0781 0.0347 0.0161 0.0045 -0.0049 -0.0278 -0.1342 -0.2885 -0.3390 -0.3364 -0.2359 0.0703 0.0315
0.0473 -0.0457 -0.3225 -0.3407 -0.3299 -0.2461 -0.0795 -0.0158 -0.0012 0.0078 0.0218 0.0445 0.1000 -0.0989 -0.3252 -0.3413 -0.3327 -0.2718 -0.1335 -0.0370 -0.0098 -0.0010 0.0050 0.0131 0.0235 0.0367 0.0542 0.0966 0.0737 -0.1167 -0.3151 -0.3283 -0.3378 -0.3422 -0.3398 -0.3281 -0.3039 -0.2629 -0.2030 -0.1331 -0.0763 -0.0420 -0.0232 -0.0131 -0.0071 -0.0029 0.0005 0.0036 0.0067 0.0109 0.0146 0.0109 0.0067 0.0036 0.0005 -0.0029 -0.0071 -0.0131 -0.0232 -0.0420 -0.0763 -0.1331 -0.2030 -0.2629 -0.3039 -0.3281 -0.3398 -0.3422 -0.3378 -0.3283 -0.3151 -0.1167 0.0737 0.0966 0.0542 0.0367 0.0235 0.0131 0.0050 -0.0010 -0.0098 -0.0370 -0.1335 -0.2718 -0.3327 -0.3413 -0.3252 -0.0995 0.1001 0.0445 0.0219 0.0078 -0.0012 -0.0158 -0.0795 -0.2461 -0.3299 -0.3407 -0.3225 -0.0457 0.0473
0.0483 -0.1598 -0.3308 -0.3417 -0.3122 -0.1879 -0.0448 -0.0090 0.0020 0.0120 0.0286 0.0594 0.0935 -0.2050 -0.3337 -0.3416 -0.3119 -0.2044 -0.0641 -0.0157 -0.0031 0.0037 0.0117 0.0226 0.0367 0.0559 0.1127 0.0320 -0.2018 -0.3215 -0.3343 -0.3416 -0.3411 -0.3295 -0.3020 -0.2529 -0.1812 -0.1060 -0.0556 -0.0291 -0.0156 -0.0085 -0.0038 -0.0002 0.0030 0.0061 0.0099 0.0146 0.0201 0.0269 0.0326 0.0269 0.0201 0.0146 0.0099 0.0061 0.0030 -0.0002 -0.0038 -0.0085 -0.0156 -0.0291 -0.0556 -0.1060 -0.1812 -0.2529 -0.3020 -0.3295 -0.3411 -0.3416 -0.3343 -0.3215 -0.2018 0.0320 0.1127 0.0559 0.0367 0.0226 0.0117 0.0037 -0.0031 -0.0157 -0.0641 -0.2045 -0.3119 -0.3416 -0.3337 -0.2054 0.0933 0.0594 0.0286 0.0120 0.0020 -0.0090 -0.0448 -0.1879 -0.3122 -0.3417 -0.3308 -0.1598 0.0483
0.0209 -0.2591 -0.3373 -0.3380 -0.2824 -0.1236 -0.0252 -0.0042 0.0050 0.0171 0.0366 0.0912 -0.0107 -0.3196 -0.3395 -0.3354 -0.2753 -0.1255 -0.0300 -0.0068 0.0016 0.0091 0.0200 0.0344 0.0542 0.1127 0.0162 -0.2585 -0.3251 -0.3375 -0.3426 -0.3366 -0.3136 -0.2657 -0.1882 -0.1035 -0.0496 -0.0240 -0.0120 -0.0057 -0.0015 0.0019 0.0052 0.0088 0.0135 0.0189 0.0252 0.0325 0.0416 0.0548 0.0702 0.0548 0.0416 0.0325 0.0252 0.0189 0.0135 0.0088 0.0052 0.0019 -0.0015 -0.0057 -0.0120 -0.0240 -0.0496 -0.1034 -0.1883 -0.2657 -0.3136 -0.3366 -0.3426 -0.3375 -0.3251 -0.2585 0.0162 0.1127 0.0542 0.0344 0.0200 0.0091 0.0016 -0.0068 -0.0300 -0.1254 -0.2752 -0.3354 -0.3396 -0.3196 -0.0110 0.0912 0.0366 0.0171 0.0050 -0.0042 -0.0252 -0.1236 -0.2824 -0.3380 -0.3373 -0.2591 0.0209
-0.0325 -0.3219 -0.3412 -0.3276 -0.2372 -0.0722 -0.0144 -0.0006 0.0084 0.0230 0.0469 0.1010 -0.1371 -0.3286 -0.3419 -0.3206 -0.2198 -0.0663 -0.0145 -0.0017 0.0057 0.0159 0.0300 0.0493 0.0966 0.0320 -0.2585 -0.3262 -0.3388 -0.3424 -0.3314 -0.2970 -0.2282 -0.1316 -0.0591 -0.0257 -0.0115 -0.0049 -0.0004 0.0032 0.0069 0.0115 0.0169 0.0232 0.0305 0.0392 0.0509 0.0727 0.0974 0.0917 0.0522 0.0917 0.0974 0.0727 0.0509 0.0392 0.0305 0.0232 0.0169 0.0115 0.0069 0.0032 -0.0004 -0.0049 -0.0115 -0.0258 -0.0591 -0.1317 -0.2282 -0.2970 -0.3314 -0.3424 -0.3388 -0.3262 -0.2585 0.0320 0.0966 0.0493 0.0300 0.0159 0.0057 -0.0017 -0.0145 -0.0662 -0.2197 -0.3206 -0.3419 -0.3286 -0.1372 0.1010 0.0469 0.0230 0.0084 -0.0006 -0.0144 -0.0722 -0.2372 -0.3276 -0.3412 -0.3219 -0.0325
-0.0738 -0.3302 -0.3415 -0.3080 -0.1769 -0.0406 -0.0080 0.0025 0.0128 0.0299 0.0638 0.0766 -0.2275 -0.3358 -0.3397 -0.2944 -0.1504 -0.0343 -0.0072 0.0021 0.0109 0.0240 0.0421 0.0763 0.0737 -0.2018 -0.3251 -0.3388 -0.3422 -0.3280 -0.2847 -0.1989 -0.0962 -0.0383 -0.0154 -0.0062 -0.0009 0.0032 0.0074 0.0128 0.0192 0.0265 0.0351 0.0457 0.0624 0.0945 0.1026 0.0478 -0.0767 -0.1819 -0.2486 -0.1819 -0.0767 0.0478 0.1026 0.0945 0.0624 0.0457 0.0351 0.0265 0.0192 0.0128 0.0074 0.0032 -0.0009 -0.0062 -0.0154 -0.0384 -0.0962 -0.1989 -0.2847 -0.3280 -0.3422 -0.3388 -0.3251 -0.2018 0.0737 0.0763 0.0421 0.0240 0.0109 0.0021 -0.0072 -0.0343 -0.1504 -0.2944 -0.3397 -0.3358 -0.2275 0.0766 0.0638 0.0299 0.0128 0.0025 -0.0080 -0.0406 -0.1769 -0.3080 -0.3415 -0.3302 -0.0738
-0.0968 -0.3367 -0.3367 -0.2758 -0.1134 -0.0229 -0.0035 0.0056 0.0180 0.0381 0.0934 -0.0355 -0.3217 -0.3405 -0.3313 -0.2530 -0.0884 -0.0182 -0.0025 0.0058 0.0171 0.0335 0.0591 0.1167 -0.1167 -0.3215 -0.3375 -0.3424 -0.3280 -0.2800 -0.1834 -0.0785 -0.0288 -0.0106 -0.0033 0.0017 0.0061 0.0120 0.0191 0.0274 0.0372 0.0497 0.0721 0.1017 0.0877 -0.0308 -0.1592 -0.2617 -0.3245 -0.3327 -0.3364 -0.3327 -0.3245 -0.2617 -0.1592 -0.0308 0.0877 0.1017 0.0721 0.0497 0.0372 0.0274 0.0191 0.0120 0.0061 0.0017 -0.0033 -0.0106 -0.0288 -0.0785 -0.1834 -0.2800 -0.3280 -0.3424 -0.3375 -0.3215 -0.1167 0.1167 0.0591 0.0335 0.0171 0.0058 -0.0025 -0.0182 -0.0883 -0.2530 -0.3313 -0.3405 -0.3217 -0.0355 0.0934 0.0381 0.0180 0.0056 -0.0035 -0.0229 -0.1134 -0.2758 -0.3367 -0.3367 -0.0968
-0.1145 -0.3406 -0.3250 -0.2279 -0.0655 -0.0131 -0.0001 0.0091 0.0241 0.0491 0.1014 -0.1517 -0.3302 -0.3418 -0.3143 -0.1951 -0.0487 -0.0100 0.0011 0.0101 0.0243 0.0450 0.1009 -0.0120 -0.3151 -0.3343 -0.3426 -0.3314 -0.2847 -0.1834 -0.0733 -0.0250 -0.0084 -0.0016 0.0033 0.0089 0.0161 0.0249 0.0354 0.0486 0.0713 0.1067 0.0617 -0.0832 -0.2127 -0.3204 -0.3299 -0.3371 -0.3413 -0.3415 -0.3397 -0.3415 -0.3413 -0.3371 -0.3299 -0.3204 -0.2127 -0.0832 0.0617 0.1067 0.0713 0.0486 0.0354 0.0249 0.0161 0.0089 0.0033 -0.0016 -0.0084 -0.0250 -0.0733 -0.1834 -0.2847 -0.3314 -0.3426 -0.3343 -0.3151 -0.0120 0.1009 0.0450 0.0243 0.0101 0.0011 -0.0100 -0.0487 -0.1951 -0.3143 -0.3418 -0.3302 -0.1517 0.1014 0.0491 0.0241 0.0091 -0.0001 -0.0131 -0.0655 -0.2279 -0.3250 -0.3406 -0.1145
-0.1285 -0.3408 -0.3035 -0.1657 -0.0368 -0.0071 0.0030 0.0137 0.0312 0.0683 0.0608 -0.2463 -0.3369 -0.3385 -0.2854 -0.1294 -0.0269 -0.0048 0.0044 0.0154 0.0326 0.0624 0.0978 -0.1980 -0.3283 -0.3416 -0.3366 -0.2970 -0.1989 -0.0785 -0.0250 -0.0078 -0.0008 0.0043 0.0109 0.0193 0.0297 0.0425 0.0609 0.1063 0.0742 -0.0862 -0.2438 -0.3230 -0.3329 -0.3395 -0.3421 -0.3392 -0.3287 -0.3086 -0.2921 -0.3086 -0.3287 -0.3392 -0.3421 -0.3395 -0.3329 -0.3230 -0.2438 -0.0862 0.0742 0.1063 0.0609 0.0425 0.0297 0.0193 0.0109 0.0043 -0.0008 -0.0078 -0.0250 -0.0785 -0.1989 -0.2970 -0.3366 -0.3416 -0.3283 -0.1980 0.0978 0.0624 0.0326 0.0154 0.0044 -0.0048 -0.0269 -0.1294 -0.2854 -0.3385 -0.3369 -0.2463 0.0608 0.0683 0.0312 0.0137 0.0030 -0.0071 -0.0368 -0.1657 -0.3035 -0.3408 -0.1285
-0.1395 -0.3362 -0.2688 -0.1038 -0.0208 -0.0029 0.0061 0.0190 0.0398 0.0954 -0.0569 -0.3233 -0.3410 -0.3287 -0.2414 -0.0758 -0.0151 -0.0010 0.0078 0.0215 0.0425 0.0981 -0.0334 -0.3188 -0.3378 -0.3411 -0.3136 -0.2282 -0.0962 -0.0288 -0.0084 -0.0008 0.0047 0.0120 0.0214 0.0331 0.0481 0.0748 0.1156 -0.0263 -0.2282 -0.3217 -0.3329 -0.3402 -0.3422 -0.3369 -0.3218 -0.2933 -0.2465 -0.1828 -0.1439 -0.1828 -0.2465 -0.2933 -0.3218 -0.3369 -0.3422 -0.3402 -0.3329 -0.3217 -0.2282 -0.0263 0.1156 0.0748 0.0481 0.0331 0.0214 0.0120 0.0047 -0.0008 -0.0084 -0.0288 -0.0962 -0.2282 -0.3136 -0.3411 -0.3378 -0.3188 -0.0334 0.0981 0.0425 0.0215 0.0078 -0.0010 -0.0151 -0.0758 -0.2414 -0.3287 -0.3410 -0.3233 -0.0569 0.0954 0.0398 0.0190 0.0061 -0.0029 -0.0208 -0.1038 -0.2688 -0.3362 -0.1395
-0.1477 -0.3246 -0.2180 -0.0594 -0.0119 0.0005 0.0098 0.0252 0.0515 0.1013 -0.1660 -0.3315 -0.3416 -0.3099 -0.1819 -0.0426 -0.0085 0.0022 0.0122 0.0285 0.0567 0.1056 -0.1825 -0.3298 -0.3422 -0.3295 -0.2657 -0.1317 -0.0384 -0.0106 -0.0016 0.0043 0.0120 0.0220 0.0349 0.0518 0.0894 0.0822 -0.1115 -0.3155 -0.3293 -0.3389 -0.3424 -0.3374 -0.3202 -0.2858 -0.2294 -0.1548 -0.0863 -0.0454 -0.0315 -0.0454 -0.0863 -0.1548 -0.2294 -0.2858 -0.3202 -0.3374 -0.3424 -0.3389 -0.3293 -0.3155 -0.1115 0.0822 0.0894 0.0518 0.0349 0.0220 0.0120 0.0043 -0.0016 -0.0106 -0.0384 -0.1317 -0.2657 -0.3295 -0.3422 -0.3298 -0.1825 0.1056 0.0567 0.0285 0.0122 0.0022 -0.0085 -0.0426 -0.1819 -0.3099 -0.3416 -0.3315 -0.1660 0.1013 0.0515 0.0252 0.0098 0.0005 -0.0119 -0.0594 -0.2180 -0.3246 -0.1477
-0.1527 -0.3036 -0.1545 -0.0333 -0.0063 0.0035 0.0145 0.0325 0.0737 0.0432 -0.2669 -0.3378 -0.3373 -0.2789 -0.1180 -0.0239 -0.0039 0.0053 0.0174 0.0368 0.0892 0.0063 -0.3107 -0.3378 -0.3398 -0.3020 -0.1883 -0.0591 -0.0154 -0.0033 0.0033 0.0109 0.0214 0.0349 0.0531 0.0997 0.0516 -0.1767 -0.3207 -0.3341 -0.3417 -0.3407 -0.3267 -0.2933 -0.2333 -0.1500 -0.0776 -0.0378 -0.0187 -0.0096 -0.0056 -0.0096 -0.0187 -0.0378 -0.0776 -0.1500 -0.2332 -0.2933 -0.3266 -0.3407 -0.3417 -0.3341 -0.3207 -0.1767 0.0516 0.0997 0.0531 0.0349 0.0214 0.0109 0.0033 -0.0033 -0.0154 -0.0591 -0.1883 -0.3020 -0.3398 -0.3378 -0.3107 0.0063 0.0892 0.0368 0.0174 0.0053 -0.0039 -0.0239 -0.1180 -0.2789 -0.3373 -0.3378 -0.2669 0.0432 0.0737 0.0325 0.0145 0.0035 -0.0063 -0.0333 -0.1545 -0.3036 -0.1527
-0.1537 -0.2696 -0.0947 -0.0188 -0.0023 0.0067 0.0200 0.0415 0.0972 -0.0786 -0.3248 -0.3414 -0.3262 -0.2322 -0.0685 -0.0137 -0.0003 0.0088 0.0235 0.0474 0.1018 -0.1336 -0.3274 -0.3418 -0.3282 -0.2529 -0.1033 -0.0258 -0.0062 0.0017 0.0089 0.0193 0.0331 0.0518 0.0997 0.0399 -0.2162 -0.3236 -0.3368 -0.3426 -0.3368 -0.3128 -0.2609 -0.1758 -0.0887 -0.0398 -0.0181 -0.0085 -0.0031 0.0011 0.0038 0.0011 -0.0031 -0.0085 -0.0181 -0.0398 -0.0886 -0.1756 -0.2607 -0.3127 -0.3368 -0.3425 -0.3367 -0.3236 -0.2163 0.0399 0.0997 0.0518 0.0331 0.0193 0.0089 0.0017 -0.0062 -0.0258 -0.1034 -0.2529 -0.3281 -0.3418 -0.3274 -0.1336 0.1019 0.0474 0.0235 0.0088 -0.0003 -0.0137 -0.0685 -0.2322 -0.3262 -0.3414 -0.3248 -0.0786 0.0972 0.0415 0.0200 0.0067 -0.0023 -0.0188 -0.0947 -0.2696 -0.1537
-0.1499 -0.2199 -0.0538 -0.0108 0.0010 0.0106 0.0264 0.0542 0.1004 -0.1807 -0.3327 -0.3413 -0.3056 -0.1708 -0.0385 -0.0075 0.0028 0.0133 0.0305 0.0650 0.0742 -0.2302 -0.3353 -0.3407 -0.3040 -0.1811 -0.0496 -0.0115 -0.0009 0.0061 0.0161 0.0297 0.0481 0.0894 0.0516 -0.2162 -0.3246 -0.3379 -0.3425 -0.3327 -0.2993 -0.2296 -0.1292 -0.0553 -0.0229 -0.0097 -0.0035 0.0010 0.0048 0.0097 0.0141 0.0097 0.0048 0.0010 -0.0035 -0.0097 -0.0229 -0.0552 -0.1289 -0.2293 -0.2992 -0.3328 -0.3425 -0.3379 -0.3246 -0.2163 0.0516 0.0894 0.0481 0.0297 0.0161 0.0061 -0.0009 -0.0115 -0.0496 -0.1812 -0.3039 -0.3407 -0.3354 -0.2307 0.0740 0.0650 0.0305 0.0133 0.0028 -0.0075 -0.0385 -0.1708 -0.3056 -0.3413 -0.3327 -0.1807 0.1004 0.0542 0.0264 0.0106 0.0010 -0.0108 -0.0538 -0.2199 -0.1499
-0.1404 -0.1574 -0.0302 -0.0055 0.0041 0.0154 0.0339 0.0803 0.0240 -0.2897 -0.3386 -0.3360 -0.2721 -0.1081 -0.0217 -0.0032 0.0059 0.0185 0.0390 0.0944 -0.0420 -0.3219 -0.3405 -0.3327 -0.2630 -0.1062 -0.0239 -0.0049 0.0032 0.0120 0.0249 0.0425 0.0748 0.0822 -0.1767 -0.3236 -0.3379 -0.3424 -0.3303 -0.2896 -0.2058 -0.0997 -0.0388 -0.0150 -0.0057 -0.0003 0.0039 0.0089 0.0151 0.0230 0.0297 0.0230 0.0151 0.0089 0.0039 -0.0003 -0.0056 -0.0149 -0.0387 -0.0997 -0.2057 -0.2896 -0.3303 -0.3424 -0.3379 -0.3236 -0.1767 0.0822 0.0748 0.0425 0.0249 0.0120 0.0032 -0.0049 -0.0240 -0.1060 -0.2629 -0.3327 -0.3405 -0.3220 -0.0426 0.0944 0.0390 0.0185 0.0059 -0.0032 -0.0217 -0.1081 -0.2721 -0.3360 -0.3386 -0.2897 0.0240 0.0803 0.0339 0.0154 0.0041 -0.0055 -0.0302 -0.1574 -0.1404
-0.1252 -0.0976 -0.0171 -0.0017 0.0073 0.0210 0.0433 0.0988 -0.1009 -0.3263 -0.3417 -0.3235 -0.2226 -0.0621 -0.0125 0.0002 0.0095 0.0247 0.0503 0.1016 -0.1584 -0.3306 -0.3419 -0.3155 -0.2035 -0.0557 -0.0120 -0.0004 0.0074 0.0191 0.0354 0.0609 0.1156 -0.1115 -0.3207 -0.3368 -0.3425 -0.3303 -0.2862 -0.1933 -0.0847 -0.0306 -0.0110 -0.0033 0.0018 0.0065 0.0129 0.0207 0.0299 0.0418 0.0525 0.0418 0.0299 0.0207 0.0129 0.0065 0.0018 -0.0033 -0.0110 -0.0306 -0.0847 -0.1933 -0.2861 -0.3303 -0.3425 -0.3367 -0.3207 -0.1115 0.1156 0.0609 0.0354 0.0191 0.0074 -0.0004 -0.0120 -0.0556 -0.2030 -0.3154 -0.3419 -0.3306 -0.1589 0.1017 0.0504 0.0247 0.0095 0.0002 -0.0125 -0.0621 -0.2226 -0.3235 -0.3417 -0.3263 -0.1009 0.0988 0.0433 0.0210 0.0073 -0.0017 -0.0171 -0.0976 -0.1252
-0.1056 -0.0561 -0.0098 0.0015 0.0114 0.0276 0.0571 0.0984 -0.1962 -0.3339 -0.3408 -0.3009 -0.1596 -0.0349 -0.0067 0.0033 0.0141 0.0319 0.0710 0.0519 -0.2566 -0.3372 -0.3383 -0.2859 -0.1336 -0.0291 -0.0057 0.0032 0.0128 0.0274 0.0486 0.1063 -0.0263 -0.3155 -0.3341 -0.3426 -0.3327 -0.2896 -0.1933 -0.0801 -0.0272 -0.0091 -0.0019 0.0032 0.0088 0.0164 0.0256 0.0369 0.0515 0.0793 0.0981 0.0793 0.0515 0.0369 0.0256 0.0164 0.0089 0.0032 -0.0019 -0.0091 -0.0272 -0.0801 -0.1933 -0.2896 -0.3328 -0.3425 -0.3341 -0.3155 -0.0263 0.1063 0.0486 0.0274 0.0128 0.0032 -0.0057 -0.0291 -0.1331 -0.2855 -0.3383 -0.3373 -0.2572 0.0517 0.0711 0.0319 0.0141 0.0033 -0.0067 -0.0349 -0.1596 -0.3009 -0.3408 -0.3339 -0.1962 0.0984 0.0571 0.0276 0.0114 0.0015 -0.0098 -0.0561 -0.1056
-0.0846 -0.0319 -0.0048 0.0046 0.0163 0.0353 0.0884 0.0037 -0.3151 -0.3394 -0.3344 -0.2648 -0.0988 -0.0197 -0.0026 0.0064 0.0195 0.0407 0.0964 -0.0683 -0.3241 -0.3412 -0.3279 -0.2400 -0.0765 -0.0157 -0.0015 0.0069 0.0192 0.0372 0.0713 0.0742 -0.2282 -0.3293 -0.3417 -0.3367 -0.2992 -0.2057 -0.0847 -0.0272 -0.0086 -0.0013 0.0040 0.0105 0.0190 0.0296 0.0429 0.0625 0.1118 0.0499 -0.0754 0.0496 0.1117 0.0626 0.0429 0.0296 0.0190 0.0105 0.0040 -0.0013 -0.0086 -0.0272 -0.0847 -0.2057 -0.2992 -0.3368 -0.3417 -0.3293 -0.2282 0.0742 0.0713 0.0372 0.0192 0.0069 -0.0015 -0.0156 -0.0763 -0.2398 -0.3279 -0.3412 -0.3241 -0.0686 0.0964 0.0407 0.0195 0.0064 -0.0026 -0.0197 -0.0988 -0.2648 -0.3344 -0.3394 -0.3151 0.0037 0.0884 0.0353 0.0163 0.0046 -0.0048 -0.0319 -0.0846
-0.0654 -0.0185 -0.0011 0.0079 0.0221 0.0452 0.1001 -0.1242 -0.3277 -0.3418 -0.3204 -0.2125 -0.0563 -0.0113 0.0007 0.0102 0.0258 0.0529 0.1009 -0.1739 -0.3322 -0.3415 -0.3081 -0.1787 -0.0420 -0.0085 0.0019 0.0115 0.0265 0.0497 0.1067 -0.0862 -0.3217 -0.3389 -0.3407 -0.3127 -0.2293 -0.0997 -0.0306 -0.0091 -0.0013 0.0042 0.0114 0.0207 0.0324 0.0475 0.0745 0.1139 -0.0398 -0.2563 -0.3180 -0.2563 -0.0404 0.1137 0.0746 0.0476 0.0325 0.0207 0.0113 0.0042 -0.0013 -0.0091 -0.0306 -0.0997 -0.2293 -0.3127 -0.3407 -0.3389 -0.3217 -0.0862 0.1067 0.0497 0.0265 0.0115 0.0019 -0.0085 -0.0420 -0.1784 -0.3081 -0.3415 -0.3322 -0.1739 0.1009 0.0529 0.0258 0.0102 0.0007 -0.0113 -0.0563 -0.2125 -0.3204 -0.3418 -0.3277 -0.1242 0.1001 0.0452 0.0221 0.0079 -0.0011 -0.0185 -0.0654
-0.0497 -0.0108 0.0020 0.0121 0.0288 0.0605 0.0881 -0.2125 -0.3350 -0.3401 -0.2958 -0.1485 -0.0316 -0.0059 0.0038 0.0150 0.0333 0.0771 0.0329 -0.2790 -0.3382 -0.3366 -0.2757 -0.1140 -0.0232 -0.0038 0.0052 0.0169 0.0351 0.0721 0.0617 -0.2438 -0.3329 -0.3424 -0.3266 -0.2607 -0.1289 -0.0387 -0.0110 -0.0019 0.0040 0.0113 0.0212 0.0339 0.0506 0.0861 0.0859 -0.1112 -0.3163 -0.3304 -0.3366 -0.3304 -0.3164 -0.1119 0.0855 0.0863 0.0506 0.0339 0.0212 0.0113 0.0040 -0.0019 -0.0110 -0.0387 -0.1289 -0.2607 -0.3266 -0.3424 -0.3329 -0.2438 0.0617 0.0721 0.0351 0.0169 0.0052 -0.0038 -0.0232 -0.1140 -0.2756 -0.3366 -0.3382 -0.2790 0.0329 0.0771 0.0333 0.0150 0.0038 -0.0059 -0.0316 -0.1485 -0.2958 -0.3401 -0.3350 -0.2125 0.0881 0.0605 0.0288 0.0121 0.0020 -0.0108 -0.0497
-0.0381 -0.0052 0.0051 0.0172 0.0368 0.0916 -0.0173 -0.3204 -0.3400 -0.3326 -0.2571 -0.0901 -0.0179 -0.0020 0.0070 0.0205 0.0424 0.0981 -0.0906 -0.3256 -0.3415 -0.3248 -0.2273 -0.0655 -0.0131 -0.0002 0.0088 0.0232 0.0457 0.1017 -0.0832 -0.3230 -0.3402 -0.3374 -0.2933 -0.1756 -0.0552 -0.0149 -0.0033 0.0032 0.0105 0.0207 0.0339 0.0517 0.0939 0.0616 -0.1646 -0.3203 -0.3343 -0.3421 -0.3434 -0.3421 -0.3343 -0.3204 -0.1654 0.0614 0.0940 0.0517 0.0339 0.0207 0.0105 0.0032 -0.0033 -0.0149 -0.0552 -0.1756 -0.2933 -0.3374 -0.3402 -0.3230 -0.0832 0.1017 0.0457 0.0232 0.0088 -0.0002 -0.0131 -0.0655 -0.2273 -0.3248 -0.3415 -0.3256 -0.0906 0.0981 0.0424 0.0205 0.0070 -0.0020 -0.0179 -0.0901 -0.2571 -0.3326 -0.3400 -0.3204 -0.0173 0.0916 0.0368 0.0172 0.0051 -0.0052 -0.0381
-0.0306 -0.0008 0.0085 0.0231 0.0472 0.1011 -0.1396 -0.3291 -0.3419 -0.3171 -0.2021 -0.0510 -0.0103 0.0013 0.0110 0.0270 0.0557 0.0994 -0.1890 -0.3334 -0.3410 -0.3031 -0.1649 -0.0366 -0.0071 0.0030 0.0135 0.0305 0.0624 0.0877 -0.2127 -0.3329 -0.3422 -0.3202 -0.2332 -0.0886 -0.0229 -0.0056 0.0018 0.0089 0.0190 0.0325 0.0506 0.0940 0.0523 -0.1957 -0.3228 -0.3364 -0.3425 -0.3367 -0.3275 -0.3367 -0.3425 -0.3364 -0.3228 -0.1961 0.0523 0.0940 0.0506 0.0325 0.0190 0.0089 0.0018 -0.0056 -0.0229 -0.0886 -0.2332 -0.3202 -0.3422 -0.3329 -0.2127 0.0877 0.0624 0.0305 0.0135 0.0030 -0.0071 -0.0366 -0.1649 -0.3031 -0.3410 -0.3334 -0.1890 0.0994 0.0557 0.0270 0.0110 0.0013 -0.0103 -0.0510 -0.2021 -0.3171 -0.3419 -0.3291 -0.1396 0.1011 0.0472 0.0231 0.0085 -0.0008 -0.0306
-0.0259 0.0036 0.0130 0.0301 0.0644 0.0743 -0.2301 -0.3360 -0.3393 -0.2903 -0.1375 -0.0287 -0.0051 0.0043 0.0159 0.0347 0.0845 0.0130 -0.3031 -0.3390 -0.3351 -0.2682 -0.1030 -0.0206 -0.0029 0.0061 0.0189 0.0392 0.0945 -0.0308 -0.3204 -0.3395 -0.3369 -0.2858 -0.1500 -0.0398 -0.0097 -0.0003 0.0065 0.0164 0.0296 0.0476 0.0863 0.0614 -0.1961 -0.3236 -0.3374 -0.3426 -0.3328 -0.2996 -0.2680 -0.2994 -0.3327 -0.3426 -0.3374 -0.3236 -0.1961 0.0614 0.0863 0.0476 0.0296 0.0164 0.0065 -0.0003 -0.0097 -0.0398 -0.1500 -0.2858 -0.3369 -0.3395 -0.3204 -0.0308 0.0945 0.0392 0.0189 0.0061 -0.0029 -0.0206 -0.1030 -0.2682 -0.3351 -0.3390 -0.3031 0.0130 0.0845 0.0347 0.0159 0.0043 -0.0051 -0.0287 -0.1375 -0.2903 -0.3393 -0.3360 -0.2301 0.0743 0.0644 0.0301 0.0130 0.0036 -0.0259
-0.0210 0.0084 0.0182 0.0384 0.0937 -0.0385 -0.3220 -0.3406 -0.3306 -0.2488 -0.0819 -0.0163 -0.0014 0.0076 0.0216 0.0443 0.0996 -0.1134 -0.3271 -0.3418 -0.3218 -0.2172 -0.0589 -0.0118 0.0005 0.0099 0.0252 0.0509 0.1026 -0.1592 -0.3299 -0.3421 -0.3218 -0.2294 -0.0776 -0.0181 -0.0035 0.0039 0.0129 0.0256 0.0429 0.0746 0.0855 -0.1654 -0.3228 -0.3374 -0.3425 -0.3314 -0.2905 -0.2073 -0.1474 -0.2070 -0.2902 -0.3313 -0.3425 -0.3374 -0.3228 -0.1654 0.0855 0.0746 0.0429 0.0256 0.0129 0.0039 -0.0035 -0.0181 -0.0776 -0.2294 -0.3218 -0.3421 -0.3299 -0.1592 0.1026 0.0509 0.0252 0.0099 0.0005 -0.0118 -0.0589 -0.2172 -0.3218 -0.3418 -0.3271 -0.1134 0.0996 0.0443 0.0216 0.0076 -0.0014 -0.0163 -0.0819 -0.2488 -0.3306 -0.3406 -0.3220 -0.0385 0.0937 0.0384 0.0182 0.0084 -0.0210
-0.0160 0.0135 0.0242 0.0494 0.1016 -0.1537 -0.3304 -0.3418 -0.3134 -0.1914 -0.0462 -0.0093 0.0018 0.0118 0.0282 0.0589 0.0936 -0.2049 -0.3345 -0.3404 -0.2982 -0.1536 -0.0331 -0.0063 0.0036 0.0146 0.0325 0.0727 0.0478 -0.2617 -0.3371 -0.3392 -0.2933 -0.1548 -0.0378 -0.0085 0.0010 0.0089 0.0207 0.0369 0.0626 0.1137 -0.1119 -0.3204 -0.3364 -0.3426 -0.3314 -0.2893 -0.1956 -0.0863 -0.0488 -0.0861 -0.1953 -0.2891 -0.3313 -0.3426 -0.3364 -0.3204 -0.1119 0.1137 0.0626 0.0369 0.0207 0.0089 0.0010 -0.0085 -0.0378 -0.1548 -0.2933 -0.3392 -0.3371 -0.2617 0.0478 0.0727 0.0325 0.0146 0.0036 -0.0063 -0.0331 -0.1536 -0.2982 -0.3404 -0.3345 -0.2049 0.0936 0.0589 0.0282 0.0118 0.0018 -0.0093 -0.0462 -0.1914 -0.3134 -0.3418 -0.3304 -0.1537 0.1016 0.0494 0.0242 0.0135 -0.0160
-0.0113 0.0185 0.0313 0.0691 0.0579 -0.2498 -0.3371 -0.3382 -0.2838 -0.1259 -0.0258 -0.0044 0.0049 0.0168 0.0361 0.0907 -0.0081 -0.3198 -0.3398 -0.3333 -0.2599 -0.0932 -0.0185 -0.0022 0.0067 0.0201 0.0416 0.0974 -0.0767 -0.3245 -0.3413 -0.3287 -0.2466 -0.0863 -0.0187 -0.0031 0.0048 0.0151 0.0299 0.0515 0.1117 -0.0404 -0.3164 -0.3343 -0.3425 -0.3327 -0.2904 -0.1955 -0.0799 -0.0271 -0.0141 -0.0270 -0.0797 -0.1953 -0.2902 -0.3327 -0.3425 -0.3343 -0.3164 -0.0404 0.1117 0.0515 0.0299 0.0151 0.0048 -0.0031 -0.0187 -0.0863 -0.2465 -0.3287 -0.3413 -0.3245 -0.0767 0.0974 0.0416 0.0201 0.0067 -0.0022 -0.0185 -0.0932 -0.2599 -0.3333 -0.3398 -0.3198 -0.0081 0.0907 0.0361 0.0168 0.0049 -0.0044 -0.0258 -0.1259 -0.2838 -0.3382 -0.3371 -0.2498 0.0579 0.0691 0.0313 0.0185 -0.0113
-0.0069 0.0237 0.0406 0.0945 -0.0613 -0.3236 -0.3411 -0.3283 -0.2395 -0.0739 -0.0147 -0.0006 0.0085 0.0230 0.0468 0.0970 -0.1340 -0.3286 -0.3419 -0.3185 -0.2062 -0.0529 -0.0106 0.0012 0.0109 0.0269 0.0548 0.0917 -0.1819 -0.3327 -0.3415 -0.3086 -0.1828 -0.0454 -0.0096 0.0011 0.0097 0.0230 0.0418 0.0793 0.0496 -0.2563 -0.3304 -0.3421 -0.3367 -0.2994 -0.2071 -0.0863 -0.0271 -0.0079 -0.0020 -0.0079 -0.0270 -0.0861 -0.2070 -0.2994 -0.3367 -0.3421 -0.3304 -0.2563 0.0496 0.0793 0.0418 0.0230 0.0097 0.0011 -0.0096 -0.0454 -0.1828 -0.3086 -0.3415 -0.3327 -0.1819 0.0917 0.0548 0.0269 0.0109 0.0012 -0.0106 -0.0529 -0.2062 -0.3185 -0.3419 -0.3286 -0.1340 0.0970 0.0468 0.0230 0.0085 -0.0006 -0.0147 -0.0739 -0.2395 -0.3283 -0.3411 -0.3236 -0.0613 0.0944 0.0406 0.0237 -0.0069
-0.0042 0.0275 0.0493 0.0949 -0.1415 -0.3284 -0.3421 -0.3194 -0.2080 -0.0534 -0.0105 0.0018 0.0118 0.0283 0.0573 0.0838 -0.1901 -0.3328 -0.3416 -0.3061 -0.1708 -0.0381 -0.0070 0.0036 0.0146 0.0326 0.0702 0.0522 -0.2486 -0.3364 -0.3397 -0.2921 -0.1439 -0.0315 -0.0056 0.0038 0.0141 0.0297 0.0525 0.0981 -0.0754 -0.3180 -0.3366 -0.3434 -0.3274 -0.2679 -0.1473 -0.0487 -0.0141 -0.0020 0.0021 -0.0020 -0.0140 -0.0487 -0.1472 -0.2679 -0.3274 -0.3434 -0.3366 -0.3180 -0.0754 0.0981 0.0525 0.0297 0.0141 0.0038 -0.0056 -0.0315 -0.1439 -0.2921 -0.3397 -0.3364 -0.2486 0.0522 0.0702 0.0326 0.0146 0.0036 -0.0070 -0.0381 -0.1708 -0.3061 -0.3416 -0.3328 -0.1901 0.0838 0.0573 0.0283 0.0118 0.0018 -0.0105 -0.0534 -0.2080 -0.3194 -0.3421 -0.3284 -0.1411 0.0949 0.0492 0.0275 -0.0043
