0.0000 0.0012 0.0021 0.0030 0.0044 0.0065 0.0097 0.0143 0.0211 0.0311 0.0459 0.0678 0.1001 0.1479 0.2184 0.3225 0.4763 0.7034 1.0000 1.0000 1.0000 1.0000 1.0000 1.0000 1.0000 1.0000 1.0000 0.0001 0.0001 0.0002 0.0003 0.0004 0.0005 0.0008 0.0012 0.0018 0.0026 0.0038 0.0057 0.0084 0.0123 0.0182 0.0269 0.0397 0.0587 0.0867 0.1280 0.1886 0.2775 0.4306 0.6053 0.4306 0.2775 0.1886 0.1280 0.0867 0.0587 0.0397 0.0269 0.0182 0.0123 0.0084 0.0057 0.0038 0.0026 0.0018 0.0012 0.0008 0.0005 0.0004 0.0003 0.0002 0.0001 0.0001 1.0000 1.0000 1.0000 1.0000 1.0000 1.0000 1.0000 1.0000 1.0000 0.7034 0.4763 0.3225 0.2184 0.1479 0.1001 0.0678 0.0459 0.0311 0.0211 0.0143 0.0097 0.0065 0.0044 0.0030 0.0021 0.0012 0.0000
0.0012 0.0215 0.0304 0.0469 0.0699 0.1038 0.1536 0.2273 0.3357 0.4957 0.7321 1.0000 1.0000 1.0000 1.0000 1.0000 1.0000 1.0000 1.0000 1.0000 1.0000 1.0000 1.0000 1.0000 0.0004 0.0006 0.0008 0.0012 0.0018 0.0027 0.0040 0.0059 0.0087 0.0128 0.0190 0.0280 0.0414 0.0611 0.0902 0.1332 0.1967 0.2905 0.4290 0.6335 0.9356 1.0000 1.0000 1.0000 1.0000 1.0000 1.0000 1.0000 1.0000 1.0000 1.0000 1.0000 0.9356 0.6335 0.4290 0.2905 0.1967 0.1332 0.0902 0.0611 0.0414 0.0280 0.0190 0.0128 0.0087 0.0059 0.0040 0.0027 0.0018 0.0012 0.0008 0.0006 0.0004 1.0000 1.0000 1.0000 1.0000 1.0000 1.0000 1.0000 1.0000 1.0000 1.0000 1.0000 1.0000 1.0000 0.7321 0.4957 0.3357 0.2273 0.1536 0.1038 0.0699 0.0469 0.0304 0.0215 0.0012
0.0021 0.0304 0.0637 0.1142 0.1886 0.2961 0.4507 0.6771 1.0000 1.0000 1.0000 1.0000 1.0000 1.0000 1.0000 1.0000 1.0000 1.0000 1.0000 1.0000 1.0000 0.0004 0.0005 0.0008 0.0012 0.0017 0.0025 0.0037 0.0055 0.0081 0.0120 0.0177 0.0262 0.0387 0.0571 0.0844 0.1246 0.1840 0.2718 0.4014 0.5927 0.8754 1.0000 1.0000 1.0000 1.0000 1.0000 1.0000 1.0000 1.0000 1.0000 1.0000 1.0000 1.0000 1.0000 1.0000 1.0000 1.0000 1.0000 0.8754 0.5927 0.4014 0.2718 0.1840 0.1246 0.0844 0.0571 0.0387 0.0262 0.0177 0.0120 0.0081 0.0055 0.0037 0.0025 0.0017 0.0012 0.0008 0.0005 0.0004 1.0000 1.0000 1.0000 1.0000 1.0000 1.0000 1.0000 1.0000 1.0000 1.0000 1.0000 1.0000 1.0000 0.6771 0.4507 0.2961 0.1886 0.1142 0.0637 0.0304 0.0021
0.0030 0.0469 0.1142 0.2379 0.4431 0.7619 1.0000 1.0000 1.0000 1.0000 1.0000 1.0000 1.0000 1.0000 1.0000 1.0000 1.0000 1.0000 0.0003 0.0005 0.0007 0.0011 0.0016 0.0024 0.0035 0.0052 0.0076 0.0112 0.0166 0.0245 0.0362 0.0535 0.0790 0.1166 0.1722 0.2543 0.3755 0.5546 0.8190 1.0000 1.0000 1.0000 1.0000 1.0000 1.0000 1.0000 1.0000 1.0000 1.0000 1.0000 1.0000 1.0000 1.0000 1.0000 1.0000 1.0000 1.0000 1.0000 1.0000 1.0000 1.0000 1.0000 0.8190 0.5546 0.3755 0.2543 0.1722 0.1166 0.0790 0.0535 0.0362 0.0245 0.0166 0.0112 0.0076 0.0052 0.0035 0.0024 0.0016 0.0011 0.0007 0.0005 0.0003 1.0000 1.0000 1.0000 1.0000 1.0000 1.0000 1.0000 1.0000 1.0000 1.0000 1.0000 1.0000 0.7619 0.4431 0.2379 0.1142 0.0469 0.0030
0.0044 0.0699 0.1886 0.4431 0.9215 1.0000 1.0000 1.0000 1.0000 1.0000 1.0000 1.0000 1.0000 1.0000 1.0000 1.0000 0.0005 0.0007 0.0010 0.0015 0.0022 0.0033 0.0048 0.0071 0.0105 0.0155 0.0229 0.0339 0.0500 0.0739 0.1091 0.1611 0.2379 0.3513 0.5189 0.7662 1.0000 1.0000 1.0000 1.0000 1.0000 1.0000 1.0000 1.0000 1.0000 1.0000 1.0000 1.0000 1.0000 0.0004 0.0006 0.0004 1.0000 1.0000 1.0000 1.0000 1.0000 1.0000 1.0000 1.0000 1.0000 1.0000 1.0000 1.0000 1.0000 0.7662 0.5189 0.3513 0.2379 0.1611 0.1091 0.0739 0.0500 0.0339 0.0229 0.0155 0.0105 0.0071 0.0048 0.0033 0.0022 0.0015 0.0010 0.0007 0.0005 1.0000 1.0000 1.0000 1.0000 1.0000 1.0000 1.0000 1.0000 1.0000 1.0000 1.0000 0.9215 0.4431 0.1886 0.0699 0.0044
0.0065 0.1038 0.2961 0.7619 1.0000 1.0000 1.0000 1.0000 1.0000 1.0000 1.0000 1.0000 1.0000 0.0004 0.0006 0.0009 0.0014 0.0021 0.0031 0.0045 0.0067 0.0098 0.0145 0.0215 0.0317 0.0468 0.0691 0.1021 0.1507 0.2226 0.3287 0.4854 0.7169 1.0000 1.0000 1.0000 1.0000 1.0000 1.0000 1.0000 1.0000 1.0000 1.0000 1.0000 1.0000 1.0000 0.0004 0.0006 0.0008 0.0012 0.0017 0.0012 0.0008 0.0006 0.0004 1.0000 1.0000 1.0000 1.0000 1.0000 1.0000 1.0000 1.0000 1.0000 1.0000 1.0000 1.0000 1.0000 0.7169 0.4854 0.3287 0.2226 0.1507 0.1021 0.0691 0.0468 0.0317 0.0215 0.0145 0.0098 0.0067 0.0045 0.0031 0.0021 0.0014 0.0009 0.0006 0.0004 1.0000 1.0000 1.0000 1.0000 1.0000 1.0000 1.0000 1.0000 1.0000 0.7619 0.2961 0.1038 0.0065
0.0097 0.1536 0.4507 1.0000 1.0000 1.0000 1.0000 1.0000 1.0000 1.0000 1.0000 0.0005 0.0008 0.0012 0.0019 0.0028 0.0042 0.0062 0.0092 0.0136 0.0201 0.0296 0.0438 0.0647 0.0955 0.1410 0.2083 0.3075 0.4542 0.6707 0.9905 1.0000 1.0000 1.0000 1.0000 1.0000 1.0000 1.0000 1.0000 1.0000 1.0000 1.0000 1.0000 0.0004 0.0005 0.0008 0.0011 0.0017 0.0025 0.0038 0.0051 0.0038 0.0025 0.0017 0.0011 0.0008 0.0005 0.0004 1.0000 1.0000 1.0000 1.0000 1.0000 1.0000 1.0000 1.0000 1.0000 1.0000 1.0000 1.0000 0.9905 0.6707 0.4542 0.3075 0.2083 0.1410 0.0955 0.0647 0.0438 0.0296 0.0201 0.0136 0.0092 0.0062 0.0042 0.0028 0.0019 0.0012 0.0008 0.0005 1.0000 1.0000 1.0000 1.0000 1.0000 1.0000 1.0000 1.0000 0.4507 0.1536 0.0097
0.0143 0.2273 0.6771 1.0000 1.0000 1.0000 1.0000 1.0000 1.0000 0.0005 0.0008 0.0014 0.0022 0.0035 0.0054 0.0083 0.0124 0.0185 0.0275 0.0408 0.0605 0.0893 0.1322 0.1948 0.2877 0.4249 0.6275 0.9267 1.0000 1.0000 1.0000 1.0000 1.0000 1.0000 1.0000 1.0000 1.0000 1.0000 1.0000 1.0000 1.0000 0.0005 0.0007 0.0011 0.0016 0.0023 0.0034 0.0050 0.0075 0.0113 0.0153 0.0113 0.0075 0.0050 0.0034 0.0023 0.0016 0.0011 0.0007 0.0005 1.0000 1.0000 1.0000 1.0000 1.0000 1.0000 1.0000 1.0000 1.0000 1.0000 1.0000 1.0000 1.0000 0.9267 0.6275 0.4249 0.2877 0.1948 0.1322 0.0893 0.0605 0.0408 0.0275 0.0185 0.0124 0.0083 0.0054 0.0035 0.0022 0.0014 0.0008 0.0005 1.0000 1.0000 1.0000 1.0000 1.0000 1.0000 0.6771 0.2273 0.0143
0.0211 0.3357 1.0000 1.0000 1.0000 1.0000 1.0000 1.0000 0.0005 0.0010 0.0019 0.0034 0.0058 0.0095 0.0152 0.0236 0.0362 0.0547 0.0820 0.1223 0.1816 0.2687 0.3976 0.5871 0.8671 1.0000 1.0000 1.0000 1.0000 1.0000 1.0000 1.0000 1.0000 1.0000 1.0000 1.0000 1.0000 1.0000 0.0005 0.0007 0.0010 0.0015 0.0022 0.0032 0.0047 0.0070 0.0103 0.0152 0.0225 0.0341 0.0461 0.0341 0.0225 0.0152 0.0103 0.0070 0.0047 0.0032 0.0022 0.0015 0.0010 0.0007 0.0005 1.0000 1.0000 1.0000 1.0000 1.0000 1.0000 1.0000 1.0000 1.0000 1.0000 1.0000 1.0000 1.0000 0.8671 0.5871 0.3976 0.2687 0.1816 0.1223 0.0820 0.0547 0.0362 0.0236 0.0152 0.0095 0.0058 0.0034 0.0019 0.0010 0.0005 1.0000 1.0000 1.0000 1.0000 1.0000 1.0000 0.3357 0.0211
0.0311 0.4957 1.0000 1.0000 1.0000 1.0000 1.0000 0.0005 0.0010 0.0021 0.0042 0.0078 0.0141 0.0242 0.0403 0.0650 0.1025 0.1581 0.2411 0.3615 0.5410 0.8051 1.0000 1.0000 1.0000 1.0000 1.0000 1.0000 1.0000 1.0000 1.0000 1.0000 1.0000 1.0000 1.0000 0.0004 0.0006 0.0009 0.0014 0.0020 0.0030 0.0044 0.0065 0.0096 0.0142 0.0210 0.0310 0.0458 0.0677 0.1026 0.1389 0.1026 0.0677 0.0458 0.0310 0.0210 0.0142 0.0096 0.0065 0.0044 0.0030 0.0020 0.0014 0.0009 0.0006 0.0004 1.0000 1.0000 1.0000 1.0000 1.0000 1.0000 1.0000 1.0000 1.0000 1.0000 1.0000 1.0000 1.0000 0.8051 0.5410 0.3615 0.2411 0.1581 0.1025 0.0650 0.0403 0.0242 0.0141 0.0078 0.0042 0.0021 0.0010 0.0005 1.0000 1.0000 1.0000 1.0000 1.0000 0.4957 0.0311
0.0459 0.7321 1.0000 1.0000 1.0000 1.0000 1.0000 0.0008 0.0019 0.0042 0.0087 0.0171 0.0322 0.0583 0.1017 0.1709 0.2791 0.4439 0.6888 1.0000 1.0000 1.0000 1.0000 1.0000 1.0000 1.0000 1.0000 1.0000 1.0000 1.0000 1.0000 1.0000 0.0004 0.0006 0.0009 0.0013 0.0019 0.0028 0.0041 0.0061 0.0090 0.0133 0.0197 0.0290 0.0429 0.0633 0.0935 0.1381 0.2039 0.3093 0.4185 0.3093 0.2039 0.1381 0.0935 0.0633 0.0429 0.0290 0.0197 0.0133 0.0090 0.0061 0.0041 0.0028 0.0019 0.0013 0.0009 0.0006 0.0004 1.0000 1.0000 1.0000 1.0000 1.0000 1.0000 1.0000 1.0000 1.0000 1.0000 1.0000 1.0000 1.0000 0.6888 0.4439 0.2791 0.1709 0.1017 0.0583 0.0322 0.0171 0.0087 0.0042 0.0019 0.0008 1.0000 1.0000 1.0000 1.0000 1.0000 0.7321 0.0459
0.0678 1.0000 1.0000 1.0000 1.0000 1.0000 0.0005 0.0014 0.0034 0.0078 0.0171 0.0355 0.0702 0.1332 0.2429 0.4274 0.7251 1.0000 1.0000 1.0000 1.0000 1.0000 1.0000 1.0000 1.0000 1.0000 1.0000 1.0000 1.0000 0.0004 0.0006 0.0008 0.0012 0.0018 0.0026 0.0039 0.0057 0.0084 0.0125 0.0184 0.0272 0.0401 0.0592 0.0875 0.1292 0.1908 0.2818 0.4161 0.6146 0.9321 1.0000 0.9321 0.6146 0.4161 0.2818 0.1908 0.1292 0.0875 0.0592 0.0401 0.0272 0.0184 0.0125 0.0084 0.0057 0.0039 0.0026 0.0018 0.0012 0.0008 0.0006 0.0004 1.0000 1.0000 1.0000 1.0000 1.0000 1.0000 1.0000 1.0000 1.0000 1.0000 1.0000 1.0000 0.7251 0.4274 0.2429 0.1332 0.0702 0.0355 0.0171 0.0078 0.0034 0.0014 0.0005 1.0000 1.0000 1.0000 1.0000 1.0000 0.0678
0.1001 1.0000 1.0000 1.0000 1.0000 1.0000 0.0008 0.0022 0.0058 0.0141 0.0322 0.0702 0.1454 0.2888 0.5514 1.0000 1.0000 1.0000 1.0000 1.0000 1.0000 1.0000 1.0000 1.0000 1.0000 1.0000 0.0003 0.0005 0.0008 0.0011 0.0017 0.0025 0.0036 0.0053 0.0079 0.0117 0.0172 0.0254 0.0375 0.0554 0.0819 0.1209 0.1785 0.2636 0.3893 0.5750 0.8491 1.0000 1.0000 1.0000 1.0000 1.0000 1.0000 1.0000 0.8491 0.5750 0.3893 0.2636 0.1785 0.1209 0.0819 0.0554 0.0375 0.0254 0.0172 0.0117 0.0079 0.0053 0.0036 0.0025 0.0017 0.0011 0.0008 0.0005 0.0003 1.0000 1.0000 1.0000 1.0000 1.0000 1.0000 1.0000 1.0000 1.0000 1.0000 1.0000 0.5514 0.2888 0.1454 0.0702 0.0322 0.0141 0.0058 0.0022 0.0008 1.0000 1.0000 1.0000 1.0000 1.0000 0.1001
0.1479 1.0000 1.0000 1.0000 1.0000 0.0004 0.0012 0.0035 0.0095 0.0242 0.0583 0.1332 0.2888 0.5995 1.0000 1.0000 1.0000 1.0000 1.0000 1.0000 1.0000 1.0000 1.0000 1.0000 0.0005 0.0007 0.0010 0.0015 0.0023 0.0034 0.0050 0.0074 0.0109 0.0161 0.0238 0.0351 0.0519 0.0766 0.1131 0.1670 0.2467 0.3643 0.5380 0.7944 1.0000 1.0000 1.0000 1.0000 1.0000 1.0000 1.0000 1.0000 1.0000 1.0000 1.0000 1.0000 1.0000 0.7944 0.5380 0.3643 0.2467 0.1670 0.1131 0.0766 0.0519 0.0351 0.0238 0.0161 0.0109 0.0074 0.0050 0.0034 0.0023 0.0015 0.0010 0.0007 0.0005 1.0000 1.0000 1.0000 1.0000 1.0000 1.0000 1.0000 1.0000 1.0000 1.0000 0.5995 0.2888 0.1332 0.0583 0.0242 0.0095 0.0035 0.0012 0.0004 1.0000 1.0000 1.0000 1.0000 0.1479
0.2184 1.0000 1.0000 1.0000 1.0000 0.0006 0.0019 0.0054 0.0152 0.0403 0.1017 0.2429 0.5514 1.0000 1.0000 1.0000 1.0000 1.0000 1.0000 1.0000 1.0000 1.0000 0.0005 0.0009 0.0013 0.0020 0.0031 0.0046 0.0068 0.0101 0.0150 0.0222 0.0329 0.0486 0.0717 0.1058 0.1563 0.2308 0.3408 0.5033 0.7433 1.0000 1.0000 1.0000 1.0000 1.0000 1.0000 1.0000 1.0000 1.0000 1.0000 1.0000 1.0000 1.0000 1.0000 1.0000 1.0000 1.0000 1.0000 1.0000 0.7433 0.5033 0.3408 0.2308 0.1563 0.1058 0.0717 0.0486 0.0329 0.0222 0.0150 0.0101 0.0068 0.0046 0.0031 0.0020 0.0013 0.0009 0.0005 1.0000 1.0000 1.0000 1.0000 1.0000 1.0000 1.0000 1.0000 1.0000 0.5514 0.2429 0.1017 0.0403 0.0152 0.0054 0.0019 0.0006 1.0000 1.0000 1.0000 1.0000 0.2184
0.3225 1.0000 1.0000 1.0000 1.0000 0.0009 0.0028 0.0083 0.0236 0.0650 0.1709 0.4274 1.0000 1.0000 1.0000 1.0000 1.0000 1.0000 1.0000 1.0000 0.0005 0.0009 0.0015 0.0024 0.0037 0.0058 0.0089 0.0135 0.0202 0.0302 0.0450 0.0668 0.0988 0.1462 0.2159 0.3189 0.4709 0.6954 1.0000 1.0000 1.0000 1.0000 1.0000 1.0000 1.0000 1.0000 1.0000 1.0000 1.0000 1.0000 1.0000 1.0000 1.0000 1.0000 1.0000 1.0000 1.0000 1.0000 1.0000 1.0000 1.0000 1.0000 1.0000 0.6954 0.4709 0.3189 0.2159 0.1462 0.0988 0.0668 0.0450 0.0302 0.0202 0.0135 0.0089 0.0058 0.0037 0.0024 0.0015 0.0009 0.0005 1.0000 1.0000 1.0000 1.0000 1.0000 1.0000 1.0000 1.0000 0.4274 0.1709 0.0650 0.0236 0.0083 0.0028 0.0009 1.0000 1.0000 1.0000 1.0000 0.3225
0.4763 1.0000 1.0000 1.0000 0.0005 0.0014 0.0042 0.0124 0.0362 0.1025 0.2791 0.7251 1.0000 1.0000 1.0000 1.0000 1.0000 1.0000 0.0004 0.0007 0.0012 0.0022 0.0038 0.0063 0.0102 0.0162 0.0254 0.0391 0.0594 0.0895 0.1340 0.1997 0.2966 0.4389 0.6506 0.9608 1.0000 1.0000 1.0000 1.0000 1.0000 1.0000 1.0000 1.0000 1.0000 1.0000 1.0000 1.0000 0.0003 0.0005 0.0007 0.0005 0.0003 1.0000 1.0000 1.0000 1.0000 1.0000 1.0000 1.0000 1.0000 1.0000 1.0000 1.0000 1.0000 0.9608 0.6506 0.4389 0.2966 0.1997 0.1340 0.0895 0.0594 0.0391 0.0254 0.0162 0.0102 0.0063 0.0038 0.0022 0.0012 0.0007 0.0004 1.0000 1.0000 1.0000 1.0000 1.0000 1.0000 0.7251 0.2791 0.1025 0.0362 0.0124 0.0042 0.0014 0.0005 1.0000 1.0000 1.0000 0.4763
0.7034 1.0000 1.0000 1.0000 0.0007 0.0021 0.0062 0.0185 0.0547 0.1581 0.4439 1.0000 1.0000 1.0000 1.0000 1.0000 1.0000 0.0004 0.0008 0.0015 0.0029 0.0053 0.0093 0.0160 0.0269 0.0440 0.0704 0.1108 0.1712 0.2616 0.3953 0.5927 0.8854 1.0000 1.0000 1.0000 1.0000 1.0000 1.0000 1.0000 1.0000 1.0000 1.0000 1.0000 1.0000 1.0000 0.0005 0.0007 0.0010 0.0016 0.0021 0.0016 0.0010 0.0007 0.0005 1.0000 1.0000 1.0000 1.0000 1.0000 1.0000 1.0000 1.0000 1.0000 1.0000 1.0000 1.0000 1.0000 0.8854 0.5927 0.3953 0.2616 0.1712 0.1108 0.0704 0.0440 0.0269 0.0160 0.0093 0.0053 0.0029 0.0015 0.0008 0.0004 1.0000 1.0000 1.0000 1.0000 1.0000 1.0000 0.4439 0.1581 0.0547 0.0185 0.0062 0.0021 0.0007 1.0000 1.0000 1.0000 0.7034
1.0000 1.0000 1.0000 0.0003 0.0010 0.0031 0.0092 0.0275 0.0820 0.2411 0.6888 1.0000 1.0000 1.0000 1.0000 1.0000 0.0004 0.0008 0.0016 0.0033 0.0064 0.0121 0.0221 0.0393 0.0681 0.1151 0.1894 0.3052 0.4827 0.7490 1.0000 1.0000 1.0000 1.0000 1.0000 1.0000 1.0000 1.0000 1.0000 1.0000 1.0000 1.0000 1.0000 0.0004 0.0007 0.0010 0.0014 0.0021 0.0031 0.0047 0.0064 0.0047 0.0031 0.0021 0.0014 0.0010 0.0007 0.0004 1.0000 1.0000 1.0000 1.0000 1.0000 1.0000 1.0000 1.0000 1.0000 1.0000 1.0000 1.0000 1.0000 0.7490 0.4827 0.3052 0.1894 0.1151 0.0681 0.0393 0.0221 0.0121 0.0064 0.0033 0.0016 0.0008 0.0004 1.0000 1.0000 1.0000 1.0000 1.0000 0.6888 0.2411 0.0820 0.0275 0.0092 0.0031 0.0010 0.0003 1.0000 1.0000 1.0000
1.0000 1.0000 1.0000 0.0005 0.0015 0.0045 0.0136 0.0408 0.1223 0.3615 1.0000 1.0000 1.0000 1.0000 1.0000 1.0000 0.0007 0.0015 0.0033 0.0068 0.0137 0.0267 0.0505 0.0930 0.1664 0.2894 0.4910 0.8159 1.0000 1.0000 1.0000 1.0000 1.0000 1.0000 1.0000 1.0000 1.0000 1.0000 1.0000 1.0000 0.0004 0.0006 0.0009 0.0013 0.0020 0.0029 0.0043 0.0063 0.0093 0.0142 0.0192 0.0142 0.0093 0.0063 0.0043 0.0029 0.0020 0.0013 0.0009 0.0006 0.0004 1.0000 1.0000 1.0000 1.0000 1.0000 1.0000 1.0000 1.0000 1.0000 1.0000 1.0000 1.0000 0.8159 0.4910 0.2894 0.1664 0.0930 0.0505 0.0267 0.0137 0.0068 0.0033 0.0015 0.0007 1.0000 1.0000 1.0000 1.0000 1.0000 1.0000 0.3615 0.1223 0.0408 0.0136 0.0045 0.0015 0.0005 1.0000 1.0000 1.0000
1.0000 1.0000 1.0000 0.0007 0.0022 0.0067 0.0201 0.0605 0.1816 0.5410 1.0000 1.0000 1.0000 1.0000 1.0000 0.0005 0.0012 0.0029 0.0064 0.0137 0.0285 0.0573 0.1116 0.2123 0.3916 0.7034 1.0000 1.0000 1.0000 1.0000 1.0000 1.0000 1.0000 1.0000 1.0000 1.0000 1.0000 0.0004 0.0006 0.0008 0.0012 0.0018 0.0027 0.0040 0.0059 0.0087 0.0129 0.0191 0.0282 0.0427 0.0578 0.0427 0.0282 0.0191 0.0129 0.0087 0.0059 0.0040 0.0027 0.0018 0.0012 0.0008 0.0006 0.0004 1.0000 1.0000 1.0000 1.0000 1.0000 1.0000 1.0000 1.0000 1.0000 1.0000 1.0000 0.7034 0.3916 0.2123 0.1116 0.0573 0.0285 0.0137 0.0064 0.0029 0.0012 0.0005 1.0000 1.0000 1.0000 1.0000 1.0000 0.5410 0.1816 0.0605 0.0201 0.0067 0.0022 0.0007 1.0000 1.0000 1.0000
1.0000 1.0000 0.0004 0.0011 0.0033 0.0098 0.0296 0.0893 0.2687 0.8051 1.0000 1.0000 1.0000 1.0000 1.0000 0.0009 0.0022 0.0053 0.0121 0.0267 0.0573 0.1186 0.2393 0.4673 0.8905 1.0000 1.0000 1.0000 1.0000 1.0000 1.0000 1.0000 1.0000 1.0000 1.0000 0.0005 0.0008 0.0011 0.0017 0.0025 0.0037 0.0055 0.0082 0.0121 0.0178 0.0264 0.0389 0.0575 0.0849 0.1287 0.1742 0.1287 0.0849 0.0575 0.0389 0.0264 0.0178 0.0121 0.0082 0.0055 0.0037 0.0025 0.0017 0.0011 0.0008 0.0005 1.0000 1.0000 1.0000 1.0000 1.0000 1.0000 1.0000 1.0000 1.0000 1.0000 0.8905 0.4673 0.2393 0.1186 0.0573 0.0267 0.0121 0.0053 0.0022 0.0009 1.0000 1.0000 1.0000 1.0000 1.0000 0.8051 0.2687 0.0893 0.0296 0.0098 0.0033 0.0011 0.0004 1.0000 1.0000
1.0000 1.0000 0.0005 0.0016 0.0048 0.0145 0.0438 0.1322 0.3976 1.0000 1.0000 1.0000 1.0000 1.0000 0.0005 0.0015 0.0038 0.0093 0.0221 0.0505 0.1116 0.2393 0.4948 1.0000 1.0000 1.0000 1.0000 1.0000 1.0000 1.0000 1.0000 1.0000 0.0004 0.0006 0.0010 0.0015 0.0022 0.0034 0.0051 0.0076 0.0112 0.0166 0.0246 0.0364 0.0538 0.0794 0.1173 0.1732 0.2557 0.3879 0.5248 0.3879 0.2557 0.1732 0.1173 0.0794 0.0538 0.0364 0.0246 0.0166 0.0112 0.0076 0.0051 0.0034 0.0022 0.0015 0.0010 0.0006 0.0004 1.0000 1.0000 1.0000 1.0000 1.0000 1.0000 1.0000 1.0000 1.0000 0.4948 0.2393 0.1116 0.0505 0.0221 0.0093 0.0038 0.0015 0.0005 1.0000 1.0000 1.0000 1.0000 1.0000 0.3976 0.1322 0.0438 0.0145 0.0048 0.0016 0.0005 1.0000 1.0000
1.0000 1.0000 0.0008 0.0024 0.0071 0.0215 0.0647 0.1948 0.5871 1.0000 1.0000 1.0000 1.0000 1.0000 0.0009 0.0024 0.0063 0.0160 0.0393 0.0930 0.2123 0.4673 1.0000 1.0000 1.0000 1.0000 1.0000 1.0000 1.0000 1.0000 0.0004 0.0006 0.0010 0.0017 0.0027 0.0042 0.0064 0.0098 0.0149 0.0224 0.0334 0.0497 0.0739 0.1093 0.1617 0.2393 0.3534 0.5218 0.7706 1.0000 1.0000 1.0000 0.7706 0.5218 0.3534 0.2393 0.1617 0.1093 0.0739 0.0497 0.0334 0.0224 0.0149 0.0098 0.0064 0.0042 0.0027 0.0017 0.0010 0.0006 0.0004 1.0000 1.0000 1.0000 1.0000 1.0000 1.0000 1.0000 1.0000 0.4673 0.2123 0.0930 0.0393 0.0160 0.0063 0.0024 0.0009 1.0000 1.0000 1.0000 1.0000 1.0000 0.5871 0.1948 0.0647 0.0215 0.0071 0.0024 0.0008 1.0000 1.0000
1.0000 0.0004 0.0012 0.0035 0.0105 0.0317 0.0955 0.2877 0.8687 1.0000 1.0000 1.0000 1.0000 0.0005 0.0013 0.0037 0.0102 0.0269 0.0681 0.1664 0.3916 0.8905 1.0000 1.0000 1.0000 1.0000 1.0000 1.0000 1.0000 0.0005 0.0009 0.0016 0.0027 0.0044 0.0072 0.0116 0.0182 0.0283 0.0434 0.0659 0.0992 0.1482 0.2205 0.3275 0.4864 0.7210 1.0000 1.0000 1.0000 1.0000 1.0000 1.0000 1.0000 1.0000 1.0000 0.7210 0.4864 0.3275 0.2205 0.1482 0.0992 0.0659 0.0434 0.0283 0.0182 0.0116 0.0072 0.0044 0.0027 0.0016 0.0009 0.0005 1.0000 1.0000 1.0000 1.0000 1.0000 1.0000 1.0000 0.8905 0.3916 0.1664 0.0681 0.0269 0.0102 0.0037 0.0013 0.0005 1.0000 1.0000 1.0000 1.0000 0.8671 0.2877 0.0955 0.0317 0.0105 0.0035 0.0012 0.0004 1.0000
1.0000 0.0006 0.0017 0.0052 0.0155 0.0468 0.1410 0.4249 1.0000 1.0000 1.0000 1.0000 1.0000 0.0007 0.0020 0.0058 0.0162 0.0440 0.1151 0.2894 0.7034 1.0000 1.0000 1.0000 1.0000 1.0000 1.0000 1.0000 0.0006 0.0012 0.0021 0.0038 0.0067 0.0114 0.0191 0.0313 0.0503 0.0796 0.1239 0.1908 0.2899 0.4372 0.6569 0.9793 1.0000 1.0000 1.0000 1.0000 1.0000 1.0000 1.0000 1.0000 1.0000 1.0000 1.0000 1.0000 1.0000 0.9793 0.6569 0.4372 0.2899 0.1908 0.1239 0.0796 0.0503 0.0313 0.0191 0.0114 0.0067 0.0038 0.0021 0.0012 0.0006 1.0000 1.0000 1.0000 1.0000 1.0000 1.0000 1.0000 0.7034 0.2894 0.1151 0.0440 0.0162 0.0058 0.0020 0.0007 1.0000 1.0000 1.0000 1.0000 1.0000 0.4249 0.1410 0.0468 0.0155 0.0052 0.0017 0.0006 1.0000
1.0000 0.0008 0.0025 0.0076 0.0229 0.0691 0.2083 0.6275 1.0000 1.0000 1.0000 1.0000 0.0003 0.0010 0.0031 0.0089 0.0254 0.0704 0.1894 0.4910 1.0000 1.0000 1.0000 1.0000 1.0000 1.0000 1.0000 0.0007 0.0014 0.0026 0.0049 0.0090 0.0162 0.0285 0.0489 0.0822 0.1352 0.2188 0.3474 0.5431 0.8379 1.0000 1.0000 1.0000 1.0000 1.0000 1.0000 1.0000 1.0000 1.0000 1.0000 1.0000 1.0000 1.0000 1.0000 1.0000 1.0000 1.0000 1.0000 1.0000 0.8379 0.5431 0.3474 0.2188 0.1352 0.0822 0.0489 0.0285 0.0162 0.0090 0.0049 0.0026 0.0014 0.0007 1.0000 1.0000 1.0000 1.0000 1.0000 1.0000 1.0000 0.4910 0.1894 0.0704 0.0254 0.0089 0.0031 0.0010 0.0003 1.0000 1.0000 1.0000 1.0000 0.6275 0.2083 0.0691 0.0229 0.0076 0.0025 0.0008 1.0000
0.0001 0.0012 0.0037 0.0112 0.0339 0.1021 0.3075 0.9267 1.0000 1.0000 1.0000 1.0000 0.0005 0.0015 0.0046 0.0135 0.0391 0.1105 0.3046 0.8143 1.0000 1.0000 1.0000 1.0000 1.0000 1.0000 0.0007 0.0014 0.0029 0.0057 0.0110 0.0208 0.0383 0.0691 0.1218 0.2094 0.3540 0.5849 0.9499 1.0000 1.0000 1.0000 1.0000 1.0000 1.0000 1.0000 1.0000 1.0000 1.0000 1.0000 1.0000 1.0000 1.0000 1.0000 1.0000 1.0000 1.0000 1.0000 1.0000 1.0000 1.0000 1.0000 0.9499 0.5849 0.3540 0.2098 0.1216 0.0691 0.0383 0.0208 0.0110 0.0057 0.0029 0.0014 0.0007 1.0000 1.0000 1.0000 1.0000 1.0000 1.0000 0.8159 0.3052 0.1108 0.0391 0.0135 0.0046 0.0015 0.0005 1.0000 1.0000 1.0000 1.0000 0.9267 0.3075 0.1021 0.0339 0.0112 0.0037 0.0012 0.0001
0.0001 0.0018 0.0055 0.0166 0.0500 0.1507 0.4542 1.0000 1.0000 1.0000 1.0000 1.0000 0.0008 0.0023 0.0068 0.0202 0.0594 0.1712 0.4818 1.0000 1.0000 1.0000 1.0000 1.0000 1.0000 0.0006 0.0014 0.0029 0.0060 0.0122 0.0241 0.0464 0.0878 0.1623 0.2933 0.5189 0.8990 1.0000 1.0000 1.0000 1.0000 1.0000 1.0000 1.0000 1.0000 1.0000 1.0000 1.0000 0.0004 0.0006 0.0009 0.0006 0.0004 1.0000 1.0000 1.0000 1.0000 1.0000 1.0000 1.0000 1.0000 1.0000 1.0000 1.0000 0.8990 0.5189 0.2933 0.1620 0.0878 0.0464 0.0241 0.0122 0.0060 0.0029 0.0014 0.0006 1.0000 1.0000 1.0000 1.0000 1.0000 1.0000 0.4827 0.1712 0.0594 0.0202 0.0068 0.0023 0.0008 1.0000 1.0000 1.0000 1.0000 1.0000 0.4542 0.1507 0.0500 0.0166 0.0055 0.0018 0.0001
0.0002 0.0027 0.0081 0.0245 0.0739 0.2226 0.6707 1.0000 1.0000 1.0000 1.0000 0.0004 0.0011 0.0034 0.0101 0.0302 0.0895 0.2611 0.7490 1.0000 1.0000 1.0000 1.0000 1.0000 0.0005 0.0012 0.0026 0.0057 0.0122 0.0253 0.0512 0.1013 0.1960 0.3713 0.6875 1.0000 1.0000 1.0000 1.0000 1.0000 1.0000 1.0000 1.0000 1.0000 1.0000 0.0004 0.0006 0.0008 0.0013 0.0019 0.0026 0.0019 0.0013 0.0008 0.0006 0.0004 1.0000 1.0000 1.0000 1.0000 1.0000 1.0000 1.0000 1.0000 1.0000 1.0000 0.6875 0.3713 0.1960 0.1013 0.0512 0.0253 0.0122 0.0057 0.0026 0.0012 0.0005 1.0000 1.0000 1.0000 1.0000 1.0000 0.7490 0.2616 0.0895 0.0302 0.0101 0.0034 0.0011 0.0004 1.0000 1.0000 1.0000 1.0000 0.6707 0.2226 0.0739 0.0245 0.0081 0.0027 0.0002
0.0003 0.0040 0.0120 0.0362 0.1091 0.3287 0.9905 1.0000 1.0000 1.0000 1.0000 0.0006 0.0017 0.0050 0.0150 0.0450 0.1340 0.3953 1.0000 1.0000 1.0000 1.0000 1.0000 0.0004 0.0009 0.0021 0.0049 0.0110 0.0241 0.0512 0.1060 0.2155 0.4266 0.8268 1.0000 1.0000 1.0000 1.0000 1.0000 1.0000 1.0000 1.0000 1.0000 0.0004 0.0007 0.0011 0.0016 0.0025 0.0038 0.0058 0.0079 0.0058 0.0038 0.0025 0.0016 0.0011 0.0007 0.0004 1.0000 1.0000 1.0000 1.0000 1.0000 1.0000 1.0000 1.0000 1.0000 0.8268 0.4266 0.2155 0.1060 0.0512 0.0241 0.0110 0.0049 0.0021 0.0009 0.0004 1.0000 1.0000 1.0000 1.0000 1.0000 0.3953 0.1340 0.0450 0.0150 0.0050 0.0017 0.0006 1.0000 1.0000 1.0000 1.0000 0.9905 0.3287 0.1091 0.0362 0.0120 0.0040 0.0003
0.0004 0.0059 0.0177 0.0535 0.1611 0.4854 1.0000 1.0000 1.0000 1.0000 1.0000 0.0008 0.0025 0.0074 0.0222 0.0668 0.1997 0.5927 1.0000 1.0000 1.0000 1.0000 1.0000 0.0006 0.0016 0.0038 0.0090 0.0208 0.0464 0.1013 0.2155 0.4465 0.9058 1.0000 1.0000 1.0000 1.0000 1.0000 1.0000 1.0000 1.0000 0.0005 0.0008 0.0012 0.0019 0.0030 0.0047 0.0072 0.0110 0.0171 0.0234 0.0171 0.0110 0.0072 0.0047 0.0030 0.0019 0.0012 0.0008 0.0005 1.0000 1.0000 1.0000 1.0000 1.0000 1.0000 1.0000 1.0000 0.9058 0.4465 0.2155 0.1013 0.0464 0.0208 0.0090 0.0038 0.0016 0.0006 1.0000 1.0000 1.0000 1.0000 1.0000 0.5927 0.1997 0.0668 0.0222 0.0074 0.0025 0.0008 1.0000 1.0000 1.0000 1.0000 1.0000 0.4854 0.1611 0.0535 0.0177 0.0059 0.0004
0.0005 0.0087 0.0262 0.0790 0.2379 0.7169 1.0000 1.0000 1.0000 1.0000 0.0004 0.0012 0.0036 0.0109 0.0329 0.0988 0.2966 0.8854 1.0000 1.0000 1.0000 1.0000 0.0004 0.0010 0.0027 0.0067 0.0162 0.0383 0.0878 0.1960 0.4266 0.9058 1.0000 1.0000 1.0000 1.0000 1.0000 1.0000 1.0000 0.0004 0.0007 0.0012 0.0020 0.0033 0.0053 0.0085 0.0133 0.0208 0.0319 0.0499 0.0690 0.0499 0.0319 0.0208 0.0133 0.0085 0.0053 0.0033 0.0020 0.0012 0.0007 0.0004 1.0000 1.0000 1.0000 1.0000 1.0000 1.0000 1.0000 0.9058 0.4266 0.1960 0.0878 0.0383 0.0162 0.0067 0.0027 0.0010 0.0004 1.0000 1.0000 1.0000 1.0000 0.8854 0.2966 0.0988 0.0329 0.0109 0.0036 0.0012 0.0004 1.0000 1.0000 1.0000 1.0000 0.7169 0.2379 0.0790 0.0262 0.0087 0.0005
0.0008 0.0128 0.0387 0.1166 0.3513 1.0000 1.0000 1.0000 1.0000 1.0000 0.0006 0.0018 0.0053 0.0161 0.0486 0.1462 0.4389 1.0000 1.0000 1.0000 1.0000 1.0000 0.0006 0.0017 0.0044 0.0114 0.0285 0.0691 0.1620 0.3713 0.8268 1.0000 1.0000 1.0000 1.0000 1.0000 1.0000 1.0000 0.0005 0.0009 0.0016 0.0029 0.0050 0.0085 0.0141 0.0230 0.0370 0.0585 0.0912 0.1448 0.2012 0.1448 0.0912 0.0585 0.0370 0.0230 0.0141 0.0085 0.0050 0.0029 0.0016 0.0009 0.0005 1.0000 1.0000 1.0000 1.0000 1.0000 1.0000 1.0000 0.8268 0.3713 0.1620 0.0691 0.0285 0.0114 0.0044 0.0017 0.0006 1.0000 1.0000 1.0000 1.0000 1.0000 0.4389 0.1462 0.0486 0.0161 0.0053 0.0018 0.0006 1.0000 1.0000 1.0000 1.0000 1.0000 0.3513 0.1166 0.0387 0.0128 0.0008
0.0012 0.0190 0.0571 0.1722 0.5189 1.0000 1.0000 1.0000 1.0000 1.0000 0.0009 0.0026 0.0079 0.0238 0.0717 0.2159 0.6506 1.0000 1.0000 1.0000 1.0000 1.0000 0.0010 0.0027 0.0072 0.0191 0.0489 0.1216 0.2933 0.6875 1.0000 1.0000 1.0000 1.0000 1.0000 1.0000 1.0000 0.0006 0.0011 0.0021 0.0039 0.0070 0.0124 0.0214 0.0365 0.0610 0.0999 0.1611 0.2557 0.4122 0.5794 0.4122 0.2557 0.1611 0.0999 0.0610 0.0365 0.0215 0.0124 0.0070 0.0039 0.0021 0.0011 0.0006 1.0000 1.0000 1.0000 1.0000 1.0000 1.0000 1.0000 0.6875 0.2933 0.1216 0.0489 0.0191 0.0072 0.0027 0.0010 1.0000 1.0000 1.0000 1.0000 1.0000 0.6506 0.2159 0.0717 0.0238 0.0079 0.0026 0.0009 1.0000 1.0000 1.0000 1.0000 1.0000 0.5189 0.1722 0.0571 0.0190 0.0012
0.0018 0.0280 0.0844 0.2543 0.7662 1.0000 1.0000 1.0000 1.0000 0.0004 0.0013 0.0039 0.0117 0.0351 0.1058 0.3189 0.9608 1.0000 1.0000 1.0000 1.0000 0.0005 0.0015 0.0042 0.0116 0.0313 0.0822 0.2098 0.5189 1.0000 1.0000 1.0000 1.0000 1.0000 1.0000 1.0000 0.0006 0.0013 0.0025 0.0048 0.0089 0.0165 0.0298 0.0529 0.0919 0.1572 0.2636 0.4339 0.7021 1.0000 1.0000 1.0000 0.7021 0.4339 0.2636 0.1572 0.0921 0.0529 0.0299 0.0165 0.0089 0.0048 0.0025 0.0013 0.0006 1.0000 1.0000 1.0000 1.0000 1.0000 1.0000 1.0000 0.5189 0.2098 0.0822 0.0313 0.0116 0.0042 0.0015 0.0005 1.0000 1.0000 1.0000 1.0000 0.9608 0.3189 0.1058 0.0351 0.0117 0.0039 0.0013 0.0004 1.0000 1.0000 1.0000 1.0000 0.7662 0.2543 0.0844 0.0280 0.0018
0.0026 0.0414 0.1246 0.3755 1.0000 1.0000 1.0000 1.0000 1.0000 0.0006 0.0019 0.0057 0.0172 0.0519 0.1563 0.4709 1.0000 1.0000 1.0000 1.0000 1.0000 0.0008 0.0022 0.0064 0.0182 0.0502 0.1355 0.3540 0.8990 1.0000 1.0000 1.0000 1.0000 1.0000 1.0000 0.0006 0.0013 0.0027 0.0054 0.0105 0.0202 0.0380 0.0700 0.1270 0.2264 0.3946 0.6759 1.0000 1.0000 1.0000 1.0000 1.0000 1.0000 1.0000 0.6759 0.3946 0.2264 0.1273 0.0702 0.0380 0.0202 0.0105 0.0054 0.0027 0.0013 0.0006 1.0000 1.0000 1.0000 1.0000 1.0000 1.0000 0.8990 0.3540 0.1352 0.0503 0.0182 0.0064 0.0022 0.0008 1.0000 1.0000 1.0000 1.0000 1.0000 0.4709 0.1563 0.0519 0.0172 0.0057 0.0019 0.0006 1.0000 1.0000 1.0000 1.0000 1.0000 0.3755 0.1246 0.0414 0.0026
0.0038 0.0611 0.1840 0.5546 1.0000 1.0000 1.0000 1.0000 1.0000 0.0009 0.0028 0.0084 0.0254 0.0766 0.2308 0.6954 1.0000 1.0000 1.0000 1.0000 0.0004 0.0011 0.0034 0.0098 0.0282 0.0796 0.2188 0.5849 1.0000 1.0000 1.0000 1.0000 1.0000 1.0000 0.0006 0.0013 0.0027 0.0056 0.0114 0.0227 0.0445 0.0854 0.1611 0.2983 0.5421 0.9663 1.0000 1.0000 1.0000 1.0000 1.0000 1.0000 1.0000 1.0000 1.0000 0.9663 0.5431 0.2989 0.1614 0.0855 0.0445 0.0227 0.0114 0.0056 0.0027 0.0013 0.0006 1.0000 1.0000 1.0000 1.0000 1.0000 1.0000 0.5849 0.2188 0.0796 0.0283 0.0098 0.0034 0.0011 0.0004 1.0000 1.0000 1.0000 1.0000 0.6954 0.2308 0.0766 0.0254 0.0084 0.0028 0.0009 1.0000 1.0000 1.0000 1.0000 1.0000 0.5546 0.1840 0.0611 0.0038
0.0057 0.0902 0.2718 0.8190 1.0000 1.0000 1.0000 1.0000 0.0005 0.0014 0.0041 0.0125 0.0375 0.1131 0.3408 1.0000 1.0000 1.0000 1.0000 1.0000 0.0006 0.0017 0.0050 0.0148 0.0432 0.1237 0.3474 0.9499 1.0000 1.0000 1.0000 1.0000 1.0000 0.0005 0.0011 0.0025 0.0054 0.0114 0.0236 0.0481 0.0960 0.1883 0.3615 0.6836 1.0000 1.0000 1.0000 1.0000 1.0000 1.0000 1.0000 1.0000 1.0000 1.0000 1.0000 1.0000 1.0000 0.6836 0.3622 0.1879 0.0960 0.0481 0.0236 0.0114 0.0054 0.0025 0.0011 0.0005 1.0000 1.0000 1.0000 1.0000 1.0000 0.9499 0.3474 0.1239 0.0434 0.0149 0.0051 0.0017 0.0006 1.0000 1.0000 1.0000 1.0000 1.0000 0.3408 0.1131 0.0375 0.0125 0.0041 0.0014 0.0005 1.0000 1.0000 1.0000 1.0000 0.8190 0.2718 0.0902 0.0057
0.0084 0.1332 0.4014 1.0000 1.0000 1.0000 1.0000 1.0000 0.0007 0.0020 0.0061 0.0184 0.0554 0.1670 0.5033 1.0000 1.0000 1.0000 1.0000 1.0000 0.0008 0.0025 0.0075 0.0223 0.0655 0.1904 0.5431 1.0000 1.0000 1.0000 1.0000 1.0000 0.0004 0.0009 0.0021 0.0048 0.0105 0.0227 0.0481 0.0996 0.2032 0.4052 0.7960 1.0000 1.0000 1.0000 1.0000 1.0000 1.0000 1.0000 1.0000 1.0000 1.0000 1.0000 1.0000 1.0000 1.0000 1.0000 0.7960 0.4052 0.2032 0.0996 0.0481 0.0227 0.0105 0.0048 0.0021 0.0009 0.0004 1.0000 1.0000 1.0000 1.0000 1.0000 0.5431 0.1908 0.0659 0.0224 0.0076 0.0025 0.0008 1.0000 1.0000 1.0000 1.0000 1.0000 0.5033 0.1670 0.0554 0.0184 0.0061 0.0020 0.0007 1.0000 1.0000 1.0000 1.0000 1.0000 0.4014 0.1332 0.0084
0.0123 0.1967 0.5927 1.0000 1.0000 1.0000 1.0000 1.0000 0.0010 0.0030 0.0090 0.0272 0.0819 0.2467 0.7433 1.0000 1.0000 1.0000 1.0000 0.0004 0.0012 0.0037 0.0112 0.0334 0.0988 0.2899 0.8379 1.0000 1.0000 1.0000 1.0000 1.0000 0.0007 0.0016 0.0039 0.0089 0.0202 0.0445 0.0960 0.2032 0.4209 0.8589 1.0000 1.0000 1.0000 1.0000 1.0000 1.0000 1.0000 1.0000 0.0005 1.0000 1.0000 1.0000 1.0000 1.0000 1.0000 1.0000 1.0000 0.8589 0.4209 0.2032 0.0960 0.0445 0.0202 0.0089 0.0039 0.0016 0.0007 1.0000 1.0000 1.0000 1.0000 1.0000 0.8379 0.2899 0.0992 0.0334 0.0112 0.0037 0.0012 0.0004 1.0000 1.0000 1.0000 1.0000 0.7433 0.2467 0.0819 0.0272 0.0090 0.0030 0.0010 1.0000 1.0000 1.0000 1.0000 1.0000 0.5927 0.1967 0.0123
0.0182 0.2905 0.8754 1.0000 1.0000 1.0000 1.0000 0.0005 0.0015 0.0044 0.0133 0.0401 0.1209 0.3643 1.0000 1.0000 1.0000 1.0000 1.0000 0.0006 0.0018 0.0055 0.0166 0.0497 0.1479 0.4372 1.0000 1.0000 1.0000 1.0000 1.0000 0.0005 0.0012 0.0029 0.0070 0.0165 0.0380 0.0855 0.1879 0.4052 0.8589 1.0000 1.0000 1.0000 1.0000 1.0000 1.0000 1.0000 0.0004 0.0008 0.0012 0.0008 0.0004 1.0000 1.0000 1.0000 1.0000 1.0000 1.0000 1.0000 0.8589 0.4052 0.1879 0.0855 0.0380 0.0165 0.0070 0.0029 0.0012 0.0005 1.0000 1.0000 1.0000 1.0000 1.0000 0.4372 0.1482 0.0497 0.0166 0.0055 0.0018 0.0006 1.0000 1.0000 1.0000 1.0000 1.0000 0.3643 0.1209 0.0401 0.0133 0.0044 0.0015 0.0005 1.0000 1.0000 1.0000 1.0000 0.8754 0.2905 0.0182
0.0269 0.4290 1.0000 1.0000 1.0000 1.0000 1.0000 0.0007 0.0022 0.0065 0.0197 0.0592 0.1785 0.5380 1.0000 1.0000 1.0000 1.0000 1.0000 0.0009 0.0027 0.0082 0.0247 0.0737 0.2205 0.6569 1.0000 1.0000 1.0000 1.0000 1.0000 0.0008 0.0020 0.0050 0.0124 0.0299 0.0702 0.1614 0.3622 0.7960 1.0000 1.0000 1.0000 1.0000 1.0000 1.0000 1.0000 0.0005 0.0009 0.0018 0.0029 0.0018 0.0009 0.0005 1.0000 1.0000 1.0000 1.0000 1.0000 1.0000 1.0000 0.7960 0.3622 0.1614 0.0702 0.0299 0.0124 0.0050 0.0020 0.0008 1.0000 1.0000 1.0000 1.0000 1.0000 0.6569 0.2205 0.0739 0.0246 0.0082 0.0027 0.0009 1.0000 1.0000 1.0000 1.0000 1.0000 0.5380 0.1785 0.0592 0.0197 0.0065 0.0022 0.0007 1.0000 1.0000 1.0000 1.0000 1.0000 0.4290 0.0269
0.0397 0.6335 1.0000 1.0000 1.0000 1.0000 0.0004 0.0011 0.0032 0.0096 0.0290 0.0875 0.2636 0.7944 1.0000 1.0000 1.0000 1.0000 0.0004 0.0013 0.0040 0.0121 0.0364 0.1093 0.3275 0.9793 1.0000 1.0000 1.0000 1.0000 0.0004 0.0012 0.0033 0.0085 0.0215 0.0529 0.1273 0.2989 0.6836 1.0000 1.0000 1.0000 1.0000 1.0000 1.0000 1.0000 0.0006 0.0011 0.0021 0.0042 0.0067 0.0042 0.0021 0.0011 0.0006 1.0000 1.0000 1.0000 1.0000 1.0000 1.0000 1.0000 0.6836 0.2989 0.1273 0.0529 0.0215 0.0085 0.0033 0.0012 0.0004 1.0000 1.0000 1.0000 1.0000 0.9793 0.3275 0.1093 0.0364 0.0121 0.0040 0.0013 0.0004 1.0000 1.0000 1.0000 1.0000 0.7944 0.2636 0.0875 0.0290 0.0096 0.0032 0.0011 0.0004 1.0000 1.0000 1.0000 1.0000 0.6335 0.0397
0.0587 0.9356 1.0000 1.0000 1.0000 1.0000 0.0005 0.0016 0.0047 0.0142 0.0429 0.1292 0.3893 1.0000 1.0000 1.0000 1.0000 1.0000 0.0007 0.0020 0.0059 0.0178 0.0538 0.1617 0.4864 1.0000 1.0000 1.0000 1.0000 1.0000 0.0007 0.0019 0.0053 0.0141 0.0365 0.0921 0.2264 0.5431 1.0000 1.0000 1.0000 1.0000 1.0000 1.0000 1.0000 0.0006 0.0012 0.0024 0.0047 0.0095 0.0155 0.0095 0.0047 0.0024 0.0012 0.0006 1.0000 1.0000 1.0000 1.0000 1.0000 1.0000 1.0000 0.5431 0.2264 0.0921 0.0365 0.0141 0.0053 0.0019 0.0007 1.0000 1.0000 1.0000 1.0000 1.0000 0.4864 0.1617 0.0538 0.0178 0.0059 0.0020 0.0007 1.0000 1.0000 1.0000 1.0000 1.0000 0.3893 0.1292 0.0429 0.0142 0.0047 0.0016 0.0005 1.0000 1.0000 1.0000 1.0000 0.9356 0.0587
0.0867 1.0000 1.0000 1.0000 1.0000 1.0000 0.0008 0.0023 0.0070 0.0210 0.0633 0.1908 0.5750 1.0000 1.0000 1.0000 1.0000 1.0000 0.0010 0.0029 0.0087 0.0264 0.0794 0.2393 0.7210 1.0000 1.0000 1.0000 1.0000 0.0004 0.0011 0.0030 0.0085 0.0230 0.0610 0.1572 0.3946 0.9663 1.0000 1.0000 1.0000 1.0000 1.0000 1.0000 0.0006 0.0013 0.0026 0.0052 0.0103 0.0211 0.0350 0.0211 0.0103 0.0052 0.0026 0.0013 0.0006 1.0000 1.0000 1.0000 1.0000 1.0000 1.0000 0.9663 0.3946 0.1572 0.0610 0.0230 0.0085 0.0030 0.0011 0.0004 1.0000 1.0000 1.0000 1.0000 0.7210 0.2393 0.0794 0.0264 0.0087 0.0029 0.0010 1.0000 1.0000 1.0000 1.0000 1.0000 0.5750 0.1908 0.0633 0.0210 0.0070 0.0023 0.0008 1.0000 1.0000 1.0000 1.0000 1.0000 0.0867
0.1280 1.0000 1.0000 1.0000 1.0000 0.0004 0.0011 0.0034 0.0103 0.0310 0.0935 0.2818 0.8491 1.0000 1.0000 1.0000 1.0000 0.0005 0.0014 0.0043 0.0129 0.0389 0.1173 0.3534 1.0000 1.0000 1.0000 1.0000 1.0000 0.0006 0.0016 0.0047 0.0133 0.0370 0.0999 0.2636 0.6759 1.0000 1.0000 1.0000 1.0000 1.0000 1.0000 0.0006 0.0012 0.0026 0.0054 0.0110 0.0220 0.0461 0.0775 0.0463 0.0221 0.0110 0.0054 0.0026 0.0012 0.0006 1.0000 1.0000 1.0000 1.0000 1.0000 1.0000 0.6759 0.2636 0.0999 0.0370 0.0133 0.0047 0.0016 0.0006 1.0000 1.0000 1.0000 1.0000 1.0000 0.3534 0.1173 0.0389 0.0129 0.0043 0.0014 0.0005 1.0000 1.0000 1.0000 1.0000 0.8491 0.2818 0.0935 0.0310 0.0103 0.0034 0.0011 0.0004 1.0000 1.0000 1.0000 1.0000 0.1280
0.1886 1.0000 1.0000 1.0000 1.0000 0.0006 0.0017 0.0050 0.0152 0.0458 0.1381 0.4161 1.0000 1.0000 1.0000 1.0000 1.0000 0.0007 0.0021 0.0063 0.0191 0.0575 0.1732 0.5218 1.0000 1.0000 1.0000 1.0000 1.0000 0.0008 0.0025 0.0073 0.0207 0.0585 0.1611 0.4339 1.0000 1.0000 1.0000 1.0000 1.0000 1.0000 0.0005 0.0011 0.0024 0.0052 0.0110 0.0228 0.0465 0.0990 0.1683 0.0992 0.0466 0.0228 0.0110 0.0052 0.0024 0.0011 0.0005 1.0000 1.0000 1.0000 1.0000 1.0000 1.0000 0.4339 0.1611 0.0585 0.0208 0.0072 0.0025 0.0008 1.0000 1.0000 1.0000 1.0000 1.0000 0.5218 0.1732 0.0575 0.0191 0.0063 0.0021 0.0007 1.0000 1.0000 1.0000 1.0000 1.0000 0.4161 0.1381 0.0458 0.0152 0.0050 0.0017 0.0006 1.0000 1.0000 1.0000 1.0000 0.1886
0.2781 1.0000 1.0000 1.0000 1.0000 0.0008 0.0025 0.0075 0.0225 0.0677 0.2039 0.6146 1.0000 1.0000 1.0000 1.0000 0.0003 0.0010 0.0031 0.0093 0.0282 0.0849 0.2557 0.7706 1.0000 1.0000 1.0000 1.0000 0.0004 0.0013 0.0038 0.0110 0.0319 0.0912 0.2557 0.7021 1.0000 1.0000 1.0000 1.0000 1.0000 0.0004 0.0009 0.0021 0.0047 0.0103 0.0220 0.0464 0.0962 0.2090 0.3595 0.2094 0.0964 0.0466 0.0221 0.0103 0.0047 0.0021 0.0009 0.0004 1.0000 1.0000 1.0000 1.0000 1.0000 0.7021 0.2557 0.0912 0.0319 0.0110 0.0038 0.0013 0.0004 1.0000 1.0000 1.0000 1.0000 0.7706 0.2557 0.0849 0.0282 0.0093 0.0031 0.0010 0.0003 1.0000 1.0000 1.0000 1.0000 0.6146 0.2039 0.0677 0.0225 0.0075 0.0025 0.0008 1.0000 1.0000 1.0000 1.0000 0.2775
0.4315 1.0000 1.0000 1.0000 0.0004 0.0012 0.0038 0.0113 0.0341 0.1026 0.3093 0.9321 1.0000 1.0000 1.0000 1.0000 0.0005 0.0016 0.0047 0.0142 0.0427 0.1287 0.3879 1.0000 1.0000 1.0000 1.0000 1.0000 0.0006 0.0019 0.0058 0.0171 0.0499 0.1448 0.4122 1.0000 1.0000 1.0000 1.0000 1.0000 1.0000 0.0008 0.0018 0.0042 0.0095 0.0211 0.0462 0.0992 0.2090 0.4594 0.8005 0.4603 0.2094 0.0992 0.0463 0.0211 0.0095 0.0042 0.0018 0.0008 1.0000 1.0000 1.0000 1.0000 1.0000 1.0000 0.4122 0.1448 0.0499 0.0171 0.0058 0.0019 0.0006 1.0000 1.0000 1.0000 1.0000 1.0000 0.3879 0.1287 0.0427 0.0142 0.0047 0.0016 0.0005 1.0000 1.0000 1.0000 1.0000 0.9321 0.3093 0.1026 0.0341 0.0113 0.0038 0.0012 0.0004 1.0000 1.0000 1.0000 0.4306
0.6064 1.0000 1.0000 1.0000 0.0006 0.0017 0.0051 0.0153 0.0461 0.1389 0.4185 1.0000 1.0000 1.0000 1.0000 1.0000 0.0007 0.0021 0.0064 0.0192 0.0578 0.1742 0.5248 1.0000 1.0000 1.0000 1.0000 1.0000 0.0009 0.0026 0.0079 0.0234 0.0690 0.2012 0.5794 1.0000 1.0000 1.0000 1.0000 1.0000 0.0005 0.0012 0.0029 0.0067 0.0155 0.0350 0.0775 0.1683 0.3595 0.8005 1.0000 0.8005 0.3595 0.1683 0.0775 0.0350 0.0155 0.0067 0.0029 0.0012 0.0005 1.0000 1.0000 1.0000 1.0000 1.0000 0.5794 0.2012 0.0690 0.0234 0.0079 0.0026 0.0009 1.0000 1.0000 1.0000 1.0000 1.0000 0.5248 0.1742 0.0578 0.0192 0.0064 0.0021 0.0007 1.0000 1.0000 1.0000 1.0000 1.0000 0.4185 0.1389 0.0461 0.0153 0.0051 0.0017 0.0006 1.0000 1.0000 1.0000 0.6053
0.4315 1.0000 1.0000 1.0000 0.0004 0.0012 0.0038 0.0113 0.0341 0.1026 0.3093 0.9321 1.0000 1.0000 1.0000 1.0000 0.0005 0.0016 0.0047 0.0142 0.0427 0.1287 0.3879 1.0000 1.0000 1.0000 1.0000 1.0000 0.0006 0.0019 0.0058 0.0171 0.0499 0.1448 0.4122 1.0000 1.0000 1.0000 1.0000 1.0000 1.0000 0.0008 0.0018 0.0042 0.0095 0.0211 0.0463 0.0992 0.2094 0.4603 0.8005 0.4603 0.2094 0.0992 0.0463 0.0211 0.0095 0.0042 0.0018 0.0008 1.0000 1.0000 1.0000 1.0000 1.0000 1.0000 0.4122 0.1448 0.0499 0.0171 0.0058 0.0019 0.0006 1.0000 1.0000 1.0000 1.0000 1.0000 0.3879 0.1287 0.0427 0.0142 0.0047 0.0016 0.0005 1.0000 1.0000 1.0000 1.0000 0.9321 0.3093 0.1026 0.0341 0.0113 0.0038 0.0012 0.0004 1.0000 1.0000 1.0000 0.4306
0.2781 1.0000 1.0000 1.0000 1.0000 0.0008 0.0025 0.0075 0.0225 0.0677 0.2039 0.6146 1.0000 1.0000 1.0000 1.0000 0.0003 0.0010 0.0031 0.0093 0.0282 0.0849 0.2557 0.7706 1.0000 1.0000 1.0000 1.0000 0.0004 0.0013 0.0038 0.0110 0.0319 0.0912 0.2557 0.7021 1.0000 1.0000 1.0000 1.0000 1.0000 0.0004 0.0009 0.0021 0.0047 0.0103 0.0221 0.0466 0.0964 0.2094 0.3595 0.2094 0.0964 0.0466 0.0221 0.0103 0.0047 0.0021 0.0009 0.0004 1.0000 1.0000 1.0000 1.0000 1.0000 0.7021 0.2557 0.0912 0.0319 0.0110 0.0038 0.0013 0.0004 1.0000 1.0000 1.0000 1.0000 0.7706 0.2557 0.0849 0.0282 0.0093 0.0031 0.0010 0.0003 1.0000 1.0000 1.0000 1.0000 0.6146 0.2039 0.0677 0.0225 0.0075 0.0025 0.0008 1.0000 1.0000 1.0000 1.0000 0.2775
0.1886 1.0000 1.0000 1.0000 1.0000 0.0006 0.0017 0.0050 0.0152 0.0458 0.1381 0.4161 1.0000 1.0000 1.0000 1.0000 1.0000 0.0007 0.0021 0.0063 0.0191 0.0575 0.1732 0.5218 1.0000 1.0000 1.0000 1.0000 1.0000 0.0008 0.0025 0.0073 0.0207 0.0585 0.1611 0.4339 1.0000 1.0000 1.0000 1.0000 1.0000 1.0000 0.0005 0.0011 0.0024 0.0052 0.0110 0.0228 0.0466 0.0992 0.1683 0.0992 0.0466 0.0228 0.0110 0.0052 0.0024 0.0011 0.0005 1.0000 1.0000 1.0000 1.0000 1.0000 1.0000 0.4339 0.1611 0.0585 0.0208 0.0072 0.0025 0.0008 1.0000 1.0000 1.0000 1.0000 1.0000 0.5218 0.1732 0.0575 0.0191 0.0063 0.0021 0.0007 1.0000 1.0000 1.0000 1.0000 1.0000 0.4161 0.1381 0.0458 0.0152 0.0050 0.0017 0.0006 1.0000 1.0000 1.0000 1.0000 0.1886
0.1280 1.0000 1.0000 1.0000 1.0000 0.0004 0.0011 0.0034 0.0103 0.0310 0.0935 0.2818 0.8491 1.0000 1.0000 1.0000 1.0000 0.0005 0.0014 0.0043 0.0129 0.0389 0.1173 0.3534 1.0000 1.0000 1.0000 1.0000 1.0000 0.0006 0.0016 0.0047 0.0133 0.0370 0.0999 0.2636 0.6759 1.0000 1.0000 1.0000 1.0000 1.0000 1.0000 0.0006 0.0012 0.0026 0.0054 0.0110 0.0221 0.0463 0.0775 0.0463 0.0221 0.0110 0.0054 0.0026 0.0012 0.0006 1.0000 1.0000 1.0000 1.0000 1.0000 1.0000 0.6759 0.2636 0.0999 0.0370 0.0133 0.0047 0.0016 0.0006 1.0000 1.0000 1.0000 1.0000 1.0000 0.3534 0.1173 0.0389 0.0129 0.0043 0.0014 0.0005 1.0000 1.0000 1.0000 1.0000 0.8491 0.2818 0.0935 0.0310 0.0103 0.0034 0.0011 0.0004 1.0000 1.0000 1.0000 1.0000 0.1280
0.0867 1.0000 1.0000 1.0000 1.0000 1.0000 0.0008 0.0023 0.0070 0.0210 0.0633 0.1908 0.5750 1.0000 1.0000 1.0000 1.0000 1.0000 0.0010 0.0029 0.0087 0.0264 0.0794 0.2393 0.7210 1.0000 1.0000 1.0000 1.0000 0.0004 0.0011 0.0030 0.0085 0.0230 0.0610 0.1572 0.3946 0.9663 1.0000 1.0000 1.0000 1.0000 1.0000 1.0000 0.0006 0.0013 0.0026 0.0052 0.0103 0.0211 0.0350 0.0211 0.0103 0.0052 0.0026 0.0013 0.0006 1.0000 1.0000 1.0000 1.0000 1.0000 1.0000 0.9663 0.3946 0.1572 0.0610 0.0230 0.0085 0.0030 0.0011 0.0004 1.0000 1.0000 1.0000 1.0000 0.7210 0.2393 0.0794 0.0264 0.0087 0.0029 0.0010 1.0000 1.0000 1.0000 1.0000 1.0000 0.5750 0.1908 0.0633 0.0210 0.0070 0.0023 0.0008 1.0000 1.0000 1.0000 1.0000 1.0000 0.0867
