-0.0476 -0.0356 -0.0257 -0.0205 -0.0157 -0.0111 -0.0070 -0.0036 -0.0007 0.0024 0.0062 0.0109 0.0172 0.0270 0.0453 0.0491 0.0347 -0.0146 -0.0649 -0.0902 -0.1093 -0.1244 -0.1363 -0.1454 -0.1515 -0.1539 -0.1517 -0.1441 -0.1306 -0.1121 -0.0912 -0.0711 -0.0542 -0.0413 -0.0325 -0.0274 -0.0226 -0.0176 -0.0128 -0.0085 -0.0048 -0.0018 0.0012 0.0047 0.0090 0.0146 0.0227 0.0372 0.0489 0.0416 0.0146 0.0416 0.0489 0.0372 0.0227 0.0146 0.0090 0.0047 0.0012 -0.0018 -0.0048 -0.0085 -0.0128 -0.0176 -0.0226 -0.0274 -0.0325 -0.0413 -0.0542 -0.0711 -0.0912 -0.1121 -0.1306 -0.1441 -0.1517 -0.1539 -0.1515 -0.1454 -0.1363 -0.1244 -0.1093 -0.0902 -0.0649 -0.0146 0.0347 0.0491 0.0453 0.0270 0.0172 0.0109 0.0062 0.0024 -0.0007 -0.0036 -0.0070 -0.0111 -0.0157 -0.0205 -0.0257 -0.0356 -0.0476
-0.0356 -0.0013 0.0031 0.0084 0.0136 0.0188 0.0236 0.0282 0.0337 0.0427 0.0560 0.0843 0.1004 0.0955 -0.0059 -0.1333 -0.2232 -0.3190 -0.3278 -0.3349 -0.3397 -0.3412 -0.3383 -0.3292 -0.3115 -0.2820 -0.2374 -0.1779 -0.1150 -0.0671 -0.0381 -0.0219 -0.0129 -0.0068 -0.0021 0.0022 0.0069 0.0119 0.0170 0.0219 0.0265 0.0314 0.0391 0.0503 0.0704 0.0968 0.1021 0.0383 -0.0859 -0.1911 -0.2714 -0.1911 -0.0859 0.0383 0.1021 0.0968 0.0704 0.0503 0.0391 0.0314 0.0265 0.0219 0.0170 0.0119 0.0069 0.0022 -0.0021 -0.0068 -0.0129 -0.0219 -0.0381 -0.0671 -0.1150 -0.1779 -0.2374 -0.2820 -0.3115 -0.3292 -0.3383 -0.3412 -0.3397 -0.3349 -0.3278 -0.3190 -0.2232 -0.1333 -0.0059 0.0955 0.1004 0.0843 0.0560 0.0427 0.0337 0.0282 0.0236 0.0188 0.0136 0.0084 0.0031 -0.0013 -0.0356
-0.0257 0.0031 0.0084 0.0153 0.0226 0.0304 0.0394 0.0509 0.0725 0.0980 0.0999 0.0153 -0.1111 -0.2035 -0.3195 -0.3284 -0.3355 -0.3403 -0.3418 -0.3389 -0.3296 -0.3116 -0.2815 -0.2359 -0.1753 -0.1120 -0.0646 -0.0363 -0.0205 -0.0118 -0.0062 -0.0022 0.0011 0.0041 0.0074 0.0115 0.0164 0.0222 0.0290 0.0370 0.0475 0.0650 0.0940 0.1015 0.0559 -0.0631 -0.1701 -0.2732 -0.3254 -0.3333 -0.3369 -0.3333 -0.3254 -0.2732 -0.1701 -0.0631 0.0559 0.1015 0.0940 0.0650 0.0475 0.0370 0.0290 0.0222 0.0164 0.0115 0.0074 0.0041 0.0011 -0.0022 -0.0062 -0.0118 -0.0205 -0.0363 -0.0646 -0.1120 -0.1753 -0.2359 -0.2815 -0.3116 -0.3296 -0.3389 -0.3418 -0.3403 -0.3355 -0.3284 -0.3195 -0.2035 -0.1111 0.0153 0.0999 0.0980 0.0725 0.0509 0.0394 0.0304 0.0226 0.0153 0.0084 0.0031 -0.0257
-0.0205 0.0084 0.0153 0.0265 0.0387 0.0527 0.0780 0.1054 0.0526 -0.0774 -0.1865 -0.3001 -0.3269 -0.3344 -0.3397 -0.3419 -0.3398 -0.3317 -0.3154 -0.2876 -0.2449 -0.1864 -0.1221 -0.0712 -0.0400 -0.0225 -0.0129 -0.0070 -0.0028 0.0005 0.0036 0.0068 0.0107 0.0155 0.0212 0.0277 0.0355 0.0455 0.0610 0.0919 0.1012 0.0722 -0.0416 -0.1557 -0.2520 -0.3237 -0.3319 -0.3380 -0.3415 -0.3411 -0.3391 -0.3411 -0.3415 -0.3380 -0.3319 -0.3237 -0.2520 -0.1557 -0.0416 0.0722 0.1012 0.0919 0.0610 0.0455 0.0355 0.0277 0.0212 0.0155 0.0107 0.0068 0.0036 0.0005 -0.0028 -0.0070 -0.0129 -0.0225 -0.0400 -0.0712 -0.1221 -0.1864 -0.2449 -0.2876 -0.3154 -0.3317 -0.3398 -0.3419 -0.3397 -0.3344 -0.3269 -0.3001 -0.1865 -0.0774 0.0526 0.1054 0.0780 0.0527 0.0387 0.0265 0.0153 0.0084 -0.0205
-0.0157 0.0136 0.0226 0.0387 0.0583 0.1063 0.0565 -0.1123 -0.2545 -0.3234 -0.3324 -0.3387 -0.3418 -0.3406 -0.3338 -0.3190 -0.2933 -0.2533 -0.1972 -0.1325 -0.0784 -0.0442 -0.0249 -0.0142 -0.0079 -0.0035 -0.0000 0.0031 0.0062 0.0099 0.0146 0.0201 0.0265 0.0341 0.0435 0.0576 0.0897 0.1003 0.0862 -0.0203 -0.1416 -0.2327 -0.3222 -0.3306 -0.3371 -0.3411 -0.3415 -0.3369 -0.3252 -0.3040 -0.2871 -0.3040 -0.3252 -0.3369 -0.3415 -0.3411 -0.3371 -0.3306 -0.3222 -0.2327 -0.1416 -0.0203 0.0862 0.1003 0.0897 0.0576 0.0435 0.0341 0.0265 0.0201 0.0146 0.0099 0.0062 0.0031 -0.0000 -0.0035 -0.0079 -0.0142 -0.0249 -0.0442 -0.0784 -0.1325 -0.1972 -0.2533 -0.2933 -0.3190 -0.3338 -0.3406 -0.3418 -0.3387 -0.3324 -0.3234 -0.2545 -0.1123 0.0565 0.1063 0.0583 0.0387 0.0226 0.0136 -0.0157
-0.0111 0.0188 0.0304 0.0527 0.1063 0.0130 -0.2355 -0.3220 -0.3335 -0.3405 -0.3422 -0.3374 -0.3245 -0.3009 -0.2631 -0.2089 -0.1440 -0.0864 -0.0487 -0.0274 -0.0156 -0.0088 -0.0041 -0.0006 0.0025 0.0057 0.0092 0.0138 0.0191 0.0254 0.0327 0.0417 0.0546 0.0813 0.0990 0.0980 0.0007 -0.1277 -0.2150 -0.3206 -0.3293 -0.3362 -0.3407 -0.3418 -0.3382 -0.3280 -0.3088 -0.2770 -0.2286 -0.1668 -0.1308 -0.1668 -0.2286 -0.2770 -0.3088 -0.3280 -0.3382 -0.3418 -0.3407 -0.3362 -0.3293 -0.3206 -0.2150 -0.1277 0.0007 0.0980 0.0990 0.0813 0.0546 0.0417 0.0327 0.0254 0.0191 0.0138 0.0092 0.0057 0.0025 -0.0006 -0.0041 -0.0088 -0.0156 -0.0274 -0.0487 -0.0864 -0.1440 -0.2089 -0.2631 -0.3009 -0.3245 -0.3374 -0.3422 -0.3405 -0.3335 -0.3220 -0.2355 0.0130 0.1063 0.0527 0.0304 0.0188 -0.0111
-0.0070 0.0236 0.0394 0.0780 0.0565 -0.2355 -0.3252 -0.3377 -0.3427 -0.3379 -0.3207 -0.2875 -0.2349 -0.1663 -0.1001 -0.0556 -0.0307 -0.0172 -0.0098 -0.0048 -0.0011 0.0020 0.0051 0.0085 0.0130 0.0182 0.0242 0.0314 0.0400 0.0519 0.0746 0.0975 0.1002 0.0211 -0.1041 -0.1985 -0.3190 -0.3279 -0.3352 -0.3401 -0.3419 -0.3392 -0.3303 -0.3128 -0.2835 -0.2388 -0.1788 -0.1152 -0.0661 -0.0371 -0.0267 -0.0371 -0.0661 -0.1152 -0.1788 -0.2388 -0.2835 -0.3128 -0.3303 -0.3392 -0.3419 -0.3401 -0.3352 -0.3279 -0.3190 -0.1985 -0.1041 0.0211 0.1002 0.0975 0.0746 0.0519 0.0400 0.0314 0.0242 0.0182 0.0130 0.0085 0.0051 0.0020 -0.0011 -0.0048 -0.0098 -0.0172 -0.0307 -0.0556 -0.1001 -0.1663 -0.2349 -0.2875 -0.3207 -0.3379 -0.3427 -0.3377 -0.3252 -0.2355 0.0565 0.0780 0.0394 0.0236 -0.0070
-0.0036 0.0282 0.0509 0.1054 -0.1123 -0.3220 -0.3377 -0.3427 -0.3324 -0.3007 -0.2405 -0.1559 -0.0819 -0.0409 -0.0212 -0.0115 -0.0058 -0.0018 0.0015 0.0046 0.0079 0.0121 0.0172 0.0231 0.0301 0.0384 0.0494 0.0690 0.0957 0.1012 0.0405 -0.0817 -0.1829 -0.2932 -0.3265 -0.3341 -0.3395 -0.3418 -0.3400 -0.3324 -0.3166 -0.2895 -0.2476 -0.1898 -0.1254 -0.0734 -0.0413 -0.0233 -0.0132 -0.0071 -0.0039 -0.0071 -0.0132 -0.0233 -0.0413 -0.0734 -0.1254 -0.1898 -0.2476 -0.2895 -0.3166 -0.3324 -0.3400 -0.3418 -0.3395 -0.3341 -0.3265 -0.2932 -0.1829 -0.0817 0.0405 0.1012 0.0957 0.0690 0.0494 0.0384 0.0301 0.0231 0.0172 0.0121 0.0079 0.0046 0.0015 -0.0018 -0.0058 -0.0115 -0.0212 -0.0409 -0.0819 -0.1559 -0.2405 -0.3007 -0.3324 -0.3427 -0.3377 -0.3220 -0.1123 0.1054 0.0509 0.0282 -0.0036
-0.0007 0.0337 0.0725 0.0526 -0.2545 -0.3335 -0.3427 -0.3324 -0.2917 -0.2089 -0.1063 -0.0451 -0.0197 -0.0092 -0.0037 0.0002 0.0036 0.0069 0.0111 0.0162 0.0220 0.0287 0.0368 0.0472 0.0644 0.0937 0.1015 0.0584 -0.0600 -0.1680 -0.2700 -0.3250 -0.3329 -0.3387 -0.3417 -0.3407 -0.3342 -0.3200 -0.2951 -0.2559 -0.2006 -0.1360 -0.0808 -0.0456 -0.0256 -0.0146 -0.0082 -0.0037 -0.0002 0.0031 0.0055 0.0031 -0.0002 -0.0037 -0.0082 -0.0146 -0.0256 -0.0456 -0.0808 -0.1360 -0.2006 -0.2559 -0.2951 -0.3200 -0.3342 -0.3407 -0.3417 -0.3387 -0.3329 -0.3250 -0.2700 -0.1680 -0.0600 0.0584 0.1015 0.0937 0.0644 0.0472 0.0368 0.0287 0.0220 0.0162 0.0111 0.0069 0.0036 0.0002 -0.0037 -0.0092 -0.0197 -0.0451 -0.1063 -0.2089 -0.2917 -0.3324 -0.3427 -0.3335 -0.2545 0.0526 0.0725 0.0337 -0.0007
0.0024 0.0427 0.0980 -0.0774 -0.3234 -0.3405 -0.3379 -0.3007 -0.2089 -0.0919 -0.0330 -0.0122 -0.0044 0.0004 0.0043 0.0086 0.0138 0.0198 0.0267 0.0346 0.0445 0.0595 0.0915 0.1012 0.0745 -0.0385 -0.1537 -0.2492 -0.3235 -0.3317 -0.3379 -0.3414 -0.3412 -0.3358 -0.3230 -0.3002 -0.2637 -0.2111 -0.1469 -0.0889 -0.0503 -0.0283 -0.0160 -0.0091 -0.0043 -0.0007 0.0024 0.0055 0.0090 0.0138 0.0179 0.0138 0.0090 0.0055 0.0024 -0.0007 -0.0043 -0.0091 -0.0160 -0.0283 -0.0503 -0.0889 -0.1469 -0.2111 -0.2637 -0.3002 -0.3230 -0.3358 -0.3412 -0.3414 -0.3379 -0.3317 -0.3235 -0.2492 -0.1537 -0.0385 0.0745 0.1012 0.0915 0.0595 0.0445 0.0346 0.0267 0.0198 0.0138 0.0086 0.0043 0.0004 -0.0044 -0.0122 -0.0330 -0.0919 -0.2089 -0.3007 -0.3379 -0.3405 -0.3234 -0.0774 0.0980 0.0427 0.0024
0.0062 0.0560 0.0999 -0.1865 -0.3324 -0.3422 -0.3207 -0.2406 -0.1063 -0.0330 -0.0104 -0.0025 0.0025 0.0075 0.0138 0.0211 0.0294 0.0390 0.0514 0.0748 0.1002 0.0941 -0.0117 -0.1390 -0.2300 -0.3219 -0.3304 -0.3370 -0.3411 -0.3416 -0.3371 -0.3258 -0.3050 -0.2711 -0.2212 -0.1580 -0.0975 -0.0555 -0.0312 -0.0176 -0.0101 -0.0050 -0.0013 0.0019 0.0050 0.0083 0.0127 0.0179 0.0239 0.0314 0.0378 0.0314 0.0239 0.0179 0.0127 0.0083 0.0050 0.0019 -0.0013 -0.0050 -0.0101 -0.0176 -0.0312 -0.0555 -0.0975 -0.1580 -0.2212 -0.2711 -0.3050 -0.3258 -0.3371 -0.3416 -0.3411 -0.3370 -0.3304 -0.3219 -0.2300 -0.1390 -0.0117 0.0941 0.1002 0.0748 0.0514 0.0390 0.0294 0.0211 0.0138 0.0075 0.0025 -0.0025 -0.0104 -0.0330 -0.1063 -0.2405 -0.3207 -0.3422 -0.3324 -0.1865 0.0999 0.0560 0.0062
0.0109 0.0843 0.0153 -0.3001 -0.3387 -0.3374 -0.2876 -0.1560 -0.0451 -0.0122 -0.0025 0.0032 0.0094 0.0174 0.0269 0.0380 0.0519 0.0786 0.1069 0.0486 -0.0899 -0.2042 -0.3195 -0.3286 -0.3359 -0.3406 -0.3418 -0.3384 -0.3284 -0.3094 -0.2779 -0.2308 -0.1692 -0.1068 -0.0613 -0.0344 -0.0194 -0.0112 -0.0058 -0.0019 0.0013 0.0044 0.0077 0.0119 0.0169 0.0228 0.0296 0.0379 0.0488 0.0679 0.0912 0.0679 0.0488 0.0379 0.0296 0.0228 0.0169 0.0119 0.0077 0.0044 0.0013 -0.0019 -0.0058 -0.0112 -0.0194 -0.0344 -0.0613 -0.1068 -0.1692 -0.2308 -0.2779 -0.3094 -0.3284 -0.3384 -0.3418 -0.3406 -0.3359 -0.3286 -0.3195 -0.2042 -0.0899 0.0486 0.1069 0.0786 0.0519 0.0380 0.0269 0.0174 0.0094 0.0032 -0.0025 -0.0122 -0.0451 -0.1559 -0.2875 -0.3374 -0.3387 -0.3001 0.0153 0.0843 0.0109
0.0172 0.1004 -0.1111 -0.3269 -0.3418 -0.3246 -0.2351 -0.0820 -0.0197 -0.0044 0.0025 0.0094 0.0187 0.0300 0.0439 0.0639 0.1111 0.0504 -0.1157 -0.2593 -0.3240 -0.3331 -0.3394 -0.3420 -0.3398 -0.3312 -0.3140 -0.2849 -0.2404 -0.1803 -0.1166 -0.0675 -0.0379 -0.0214 -0.0123 -0.0066 -0.0025 0.0008 0.0039 0.0071 0.0111 0.0160 0.0217 0.0284 0.0363 0.0466 0.0631 0.0931 0.1015 0.0629 -0.0138 0.0629 0.1015 0.0931 0.0631 0.0466 0.0363 0.0284 0.0217 0.0160 0.0111 0.0071 0.0039 0.0008 -0.0025 -0.0066 -0.0123 -0.0214 -0.0379 -0.0675 -0.1166 -0.1803 -0.2404 -0.2849 -0.3140 -0.3312 -0.3398 -0.3420 -0.3394 -0.3331 -0.3240 -0.2593 -0.1157 0.0504 0.1111 0.0639 0.0439 0.0300 0.0187 0.0094 0.0025 -0.0044 -0.0197 -0.0819 -0.2349 -0.3245 -0.3418 -0.3269 -0.1111 0.1004 0.0172
0.0270 0.0955 -0.2035 -0.3344 -0.3406 -0.3009 -0.1664 -0.0410 -0.0092 0.0004 0.0075 0.0174 0.0300 0.0460 0.0719 0.1132 -0.0449 -0.2557 -0.3235 -0.3342 -0.3407 -0.3420 -0.3365 -0.3220 -0.2955 -0.2536 -0.1951 -0.1289 -0.0751 -0.0421 -0.0236 -0.0135 -0.0074 -0.0031 0.0003 0.0034 0.0065 0.0103 0.0151 0.0207 0.0272 0.0349 0.0446 0.0594 0.0909 0.1008 0.0789 -0.0318 -0.1498 -0.2441 -0.3190 -0.2441 -0.1498 -0.0318 0.0789 0.1008 0.0909 0.0594 0.0446 0.0349 0.0272 0.0207 0.0151 0.0103 0.0065 0.0034 0.0003 -0.0031 -0.0074 -0.0135 -0.0236 -0.0421 -0.0751 -0.1289 -0.1951 -0.2536 -0.2955 -0.3220 -0.3365 -0.3420 -0.3407 -0.3342 -0.3235 -0.2557 -0.0449 0.1132 0.0719 0.0460 0.0300 0.0174 0.0075 0.0004 -0.0092 -0.0409 -0.1663 -0.3009 -0.3406 -0.3344 -0.2035 0.0955 0.0270
0.0453 -0.0059 -0.3195 -0.3397 -0.3338 -0.2631 -0.1001 -0.0212 -0.0037 0.0043 0.0138 0.0269 0.0439 0.0719 0.1027 -0.0959 -0.3155 -0.3300 -0.3396 -0.3424 -0.3362 -0.3177 -0.2826 -0.2271 -0.1558 -0.0908 -0.0494 -0.0270 -0.0151 -0.0084 -0.0038 -0.0003 0.0028 0.0060 0.0096 0.0142 0.0197 0.0260 0.0335 0.0427 0.0562 0.0856 0.0998 0.0919 -0.0107 -0.1352 -0.2244 -0.3215 -0.3301 -0.3368 -0.3396 -0.3368 -0.3301 -0.3215 -0.2244 -0.1352 -0.0107 0.0919 0.0998 0.0856 0.0562 0.0427 0.0335 0.0260 0.0197 0.0142 0.0096 0.0060 0.0028 -0.0003 -0.0038 -0.0084 -0.0151 -0.0270 -0.0494 -0.0908 -0.1558 -0.2271 -0.2826 -0.3177 -0.3362 -0.3424 -0.3396 -0.3300 -0.3155 -0.0959 0.1027 0.0719 0.0439 0.0269 0.0138 0.0043 -0.0037 -0.0212 -0.1001 -0.2631 -0.3338 -0.3397 -0.3195 -0.0059 0.0453
0.0491 -0.1333 -0.3284 -0.3419 -0.3190 -0.2089 -0.0556 -0.0115 0.0002 0.0086 0.0211 0.0380 0.0639 0.1132 -0.0959 -0.3174 -0.3329 -0.3416 -0.3407 -0.3253 -0.2895 -0.2265 -0.1432 -0.0745 -0.0373 -0.0192 -0.0103 -0.0049 -0.0011 0.0022 0.0053 0.0088 0.0134 0.0187 0.0248 0.0321 0.0409 0.0533 0.0780 0.0984 0.0991 0.0101 -0.1167 -0.2073 -0.3199 -0.3287 -0.3357 -0.3404 -0.3418 -0.3386 -0.3346 -0.3386 -0.3418 -0.3404 -0.3357 -0.3287 -0.3199 -0.2073 -0.1167 0.0101 0.0991 0.0984 0.0780 0.0533 0.0409 0.0321 0.0248 0.0187 0.0134 0.0088 0.0053 0.0022 -0.0011 -0.0049 -0.0103 -0.0192 -0.0373 -0.0745 -0.1432 -0.2265 -0.2894 -0.3254 -0.3407 -0.3416 -0.3329 -0.3174 -0.0959 0.1132 0.0639 0.0380 0.0211 0.0086 0.0002 -0.0115 -0.0556 -0.2089 -0.3190 -0.3419 -0.3284 -0.1333 0.0491
0.0347 -0.2232 -0.3355 -0.3398 -0.2933 -0.1440 -0.0307 -0.0058 0.0036 0.0138 0.0294 0.0519 0.1109 -0.0449 -0.3155 -0.3329 -0.3421 -0.3387 -0.3153 -0.2617 -0.1726 -0.0847 -0.0376 -0.0172 -0.0082 -0.0030 0.0008 0.0042 0.0077 0.0122 0.0174 0.0235 0.0306 0.0391 0.0506 0.0717 0.0967 0.1008 0.0301 -0.0938 -0.1912 -0.3068 -0.3273 -0.3347 -0.3398 -0.3419 -0.3396 -0.3313 -0.3142 -0.2859 -0.2642 -0.2859 -0.3142 -0.3313 -0.3396 -0.3419 -0.3398 -0.3347 -0.3273 -0.3068 -0.1912 -0.0938 0.0301 0.1008 0.0967 0.0717 0.0506 0.0391 0.0306 0.0235 0.0174 0.0122 0.0077 0.0042 0.0008 -0.0030 -0.0082 -0.0172 -0.0376 -0.0847 -0.1727 -0.2617 -0.3153 -0.3387 -0.3421 -0.3329 -0.3155 -0.0449 0.1111 0.0519 0.0294 0.0138 0.0036 -0.0058 -0.0307 -0.1440 -0.2933 -0.3398 -0.3355 -0.2232 0.0347
-0.0146 -0.3190 -0.3403 -0.3317 -0.2533 -0.0864 -0.0172 -0.0018 0.0069 0.0198 0.0390 0.0785 0.0504 -0.2551 -0.3300 -0.3416 -0.3387 -0.3113 -0.2448 -0.1388 -0.0572 -0.0227 -0.0093 -0.0031 0.0012 0.0050 0.0094 0.0148 0.0211 0.0282 0.0366 0.0472 0.0648 0.0946 0.1018 0.0499 -0.0712 -0.1760 -0.2823 -0.3258 -0.3335 -0.3391 -0.3418 -0.3403 -0.3332 -0.3181 -0.2921 -0.2515 -0.1938 -0.1294 -0.0972 -0.1294 -0.1938 -0.2515 -0.2921 -0.3181 -0.3332 -0.3403 -0.3418 -0.3391 -0.3335 -0.3258 -0.2823 -0.1760 -0.0712 0.0499 0.1018 0.0946 0.0648 0.0472 0.0366 0.0282 0.0211 0.0148 0.0094 0.0050 0.0012 -0.0031 -0.0093 -0.0227 -0.0572 -0.1388 -0.2448 -0.3113 -0.3387 -0.3416 -0.3300 -0.2557 0.0504 0.0786 0.0390 0.0198 0.0069 -0.0018 -0.0172 -0.0864 -0.2533 -0.3317 -0.3403 -0.3190 -0.0146
-0.0649 -0.3278 -0.3418 -0.3154 -0.1972 -0.0487 -0.0098 0.0015 0.0111 0.0267 0.0514 0.1069 -0.1153 -0.3235 -0.3396 -0.3407 -0.3153 -0.2448 -0.1279 -0.0469 -0.0167 -0.0060 -0.0003 0.0040 0.0091 0.0154 0.0227 0.0311 0.0411 0.0547 0.0839 0.1021 0.0760 -0.0414 -0.1596 -0.2589 -0.3242 -0.3323 -0.3384 -0.3416 -0.3409 -0.3349 -0.3214 -0.2975 -0.2596 -0.2054 -0.1410 -0.0844 -0.0473 -0.0266 -0.0192 -0.0266 -0.0473 -0.0844 -0.1410 -0.2054 -0.2596 -0.2975 -0.3214 -0.3349 -0.3409 -0.3416 -0.3384 -0.3323 -0.3242 -0.2589 -0.1596 -0.0414 0.0760 0.1021 0.0839 0.0547 0.0411 0.0311 0.0227 0.0154 0.0091 0.0040 -0.0003 -0.0060 -0.0167 -0.0469 -0.1279 -0.2448 -0.3153 -0.3407 -0.3396 -0.3235 -0.1157 0.1069 0.0514 0.0267 0.0111 0.0015 -0.0098 -0.0487 -0.1972 -0.3154 -0.3418 -0.3278 -0.0649
-0.0902 -0.3349 -0.3389 -0.2876 -0.1325 -0.0274 -0.0048 0.0046 0.0162 0.0346 0.0748 0.0486 -0.2593 -0.3342 -0.3424 -0.3254 -0.2617 -0.1388 -0.0469 -0.0151 -0.0046 0.0012 0.0061 0.0127 0.0207 0.0301 0.0413 0.0566 0.0933 0.1079 0.0215 -0.1216 -0.2279 -0.3217 -0.3306 -0.3373 -0.3412 -0.3414 -0.3365 -0.3244 -0.3024 -0.2671 -0.2157 -0.1520 -0.0928 -0.0526 -0.0296 -0.0168 -0.0095 -0.0044 -0.0016 -0.0044 -0.0095 -0.0168 -0.0296 -0.0526 -0.0928 -0.1520 -0.2157 -0.2671 -0.3024 -0.3244 -0.3365 -0.3414 -0.3412 -0.3373 -0.3306 -0.3217 -0.2279 -0.1216 0.0215 0.1079 0.0933 0.0566 0.0413 0.0301 0.0207 0.0127 0.0061 0.0012 -0.0046 -0.0151 -0.0469 -0.1388 -0.2617 -0.3254 -0.3424 -0.3342 -0.2593 0.0486 0.0748 0.0346 0.0162 0.0046 -0.0048 -0.0274 -0.1325 -0.2876 -0.3389 -0.3349 -0.0902
-0.1093 -0.3397 -0.3296 -0.2449 -0.0784 -0.0156 -0.0011 0.0079 0.0220 0.0445 0.1002 -0.0899 -0.3240 -0.3407 -0.3362 -0.2895 -0.1727 -0.0572 -0.0167 -0.0046 0.0016 0.0073 0.0150 0.0246 0.0361 0.0508 0.0784 0.1158 0.0076 -0.1622 -0.2913 -0.3263 -0.3348 -0.3403 -0.3420 -0.3384 -0.3280 -0.3080 -0.2750 -0.2261 -0.1635 -0.1017 -0.0581 -0.0326 -0.0184 -0.0106 -0.0054 -0.0016 0.0016 0.0049 0.0074 0.0049 0.0016 -0.0016 -0.0054 -0.0106 -0.0184 -0.0326 -0.0581 -0.1017 -0.1635 -0.2261 -0.2750 -0.3080 -0.3280 -0.3384 -0.3420 -0.3403 -0.3348 -0.3263 -0.2913 -0.1622 0.0076 0.1158 0.0784 0.0508 0.0361 0.0246 0.0150 0.0073 0.0016 -0.0046 -0.0167 -0.0572 -0.1727 -0.2894 -0.3362 -0.3407 -0.3240 -0.0899 0.1002 0.0445 0.0220 0.0079 -0.0011 -0.0156 -0.0784 -0.2449 -0.3296 -0.3397 -0.1093
-0.1244 -0.3412 -0.3116 -0.1864 -0.0442 -0.0088 0.0020 0.0121 0.0287 0.0595 0.0941 -0.2042 -0.3331 -0.3420 -0.3177 -0.2265 -0.0847 -0.0227 -0.0060 0.0012 0.0073 0.0158 0.0266 0.0400 0.0585 0.1100 0.0604 -0.1222 -0.3067 -0.3271 -0.3364 -0.3415 -0.3413 -0.3340 -0.3171 -0.2874 -0.2412 -0.1788 -0.1135 -0.0649 -0.0362 -0.0203 -0.0117 -0.0061 -0.0022 0.0011 0.0042 0.0074 0.0115 0.0168 0.0213 0.0168 0.0115 0.0074 0.0042 0.0011 -0.0022 -0.0061 -0.0117 -0.0203 -0.0362 -0.0649 -0.1135 -0.1788 -0.2412 -0.2874 -0.3171 -0.3340 -0.3413 -0.3415 -0.3364 -0.3271 -0.3067 -0.1222 0.0604 0.1100 0.0585 0.0400 0.0266 0.0158 0.0073 0.0012 -0.0060 -0.0227 -0.0847 -0.2265 -0.3177 -0.3420 -0.3331 -0.2042 0.0941 0.0595 0.0287 0.0121 0.0020 -0.0088 -0.0442 -0.1864 -0.3116 -0.3412 -0.1244
-0.1363 -0.3383 -0.2815 -0.1221 -0.0249 -0.0041 0.0051 0.0172 0.0368 0.0915 -0.0114 -0.3194 -0.3394 -0.3365 -0.2826 -0.1433 -0.0376 -0.0093 -0.0003 0.0061 0.0150 0.0266 0.0413 0.0631 0.1263 -0.0058 -0.2431 -0.3228 -0.3345 -0.3414 -0.3414 -0.3322 -0.3101 -0.2706 -0.2111 -0.1389 -0.0787 -0.0426 -0.0233 -0.0131 -0.0071 -0.0028 0.0006 0.0036 0.0068 0.0108 0.0156 0.0212 0.0278 0.0361 0.0434 0.0361 0.0278 0.0212 0.0156 0.0108 0.0068 0.0036 0.0006 -0.0028 -0.0071 -0.0131 -0.0233 -0.0426 -0.0787 -0.1389 -0.2111 -0.2706 -0.3101 -0.3322 -0.3414 -0.3414 -0.3345 -0.3228 -0.2431 -0.0058 0.1263 0.0631 0.0413 0.0266 0.0150 0.0061 -0.0003 -0.0093 -0.0376 -0.1432 -0.2826 -0.3365 -0.3394 -0.3195 -0.0117 0.0915 0.0368 0.0172 0.0051 -0.0041 -0.0249 -0.1221 -0.2815 -0.3383 -0.1363
-0.1454 -0.3292 -0.2359 -0.0712 -0.0142 -0.0006 0.0085 0.0231 0.0472 0.1012 -0.1387 -0.3286 -0.3420 -0.3220 -0.2273 -0.0745 -0.0172 -0.0031 0.0040 0.0127 0.0246 0.0400 0.0631 0.1226 -0.0419 -0.3119 -0.3277 -0.3387 -0.3425 -0.3359 -0.3142 -0.2709 -0.2016 -0.1206 -0.0620 -0.0315 -0.0164 -0.0088 -0.0039 -0.0002 0.0030 0.0062 0.0099 0.0147 0.0202 0.0266 0.0342 0.0437 0.0579 0.0896 0.0955 0.0896 0.0579 0.0437 0.0342 0.0266 0.0202 0.0147 0.0099 0.0062 0.0030 -0.0002 -0.0039 -0.0088 -0.0164 -0.0315 -0.0620 -0.1206 -0.2016 -0.2709 -0.3142 -0.3359 -0.3425 -0.3387 -0.3277 -0.3119 -0.0419 0.1226 0.0631 0.0400 0.0246 0.0127 0.0040 -0.0031 -0.0172 -0.0745 -0.2271 -0.3220 -0.3420 -0.3286 -0.1390 0.1012 0.0472 0.0231 0.0085 -0.0006 -0.0142 -0.0712 -0.2359 -0.3292 -0.1454
-0.1515 -0.3115 -0.1753 -0.0400 -0.0079 0.0025 0.0130 0.0300 0.0644 0.0747 -0.2295 -0.3359 -0.3398 -0.2957 -0.1560 -0.0373 -0.0082 0.0012 0.0091 0.0207 0.0361 0.0585 0.1263 -0.0419 -0.3133 -0.3300 -0.3405 -0.3417 -0.3282 -0.2921 -0.2244 -0.1331 -0.0630 -0.0291 -0.0138 -0.0066 -0.0020 0.0016 0.0050 0.0087 0.0134 0.0189 0.0252 0.0326 0.0417 0.0546 0.0816 0.0992 0.0968 -0.0020 -0.1009 -0.0020 0.0968 0.0992 0.0816 0.0546 0.0417 0.0326 0.0252 0.0189 0.0134 0.0087 0.0050 0.0016 -0.0020 -0.0066 -0.0138 -0.0291 -0.0630 -0.1331 -0.2244 -0.2921 -0.3282 -0.3417 -0.3405 -0.3300 -0.3133 -0.0419 0.1263 0.0585 0.0361 0.0207 0.0091 0.0012 -0.0082 -0.0373 -0.1558 -0.2955 -0.3398 -0.3359 -0.2300 0.0745 0.0644 0.0301 0.0130 0.0025 -0.0079 -0.0400 -0.1753 -0.3115 -0.1515
-0.1539 -0.2820 -0.1120 -0.0225 -0.0035 0.0057 0.0182 0.0384 0.0937 -0.0383 -0.3219 -0.3406 -0.3313 -0.2539 -0.0909 -0.0192 -0.0030 0.0050 0.0154 0.0301 0.0508 0.1100 -0.0058 -0.3119 -0.3300 -0.3410 -0.3407 -0.3217 -0.2726 -0.1838 -0.0883 -0.0368 -0.0156 -0.0067 -0.0016 0.0024 0.0062 0.0108 0.0163 0.0228 0.0302 0.0389 0.0506 0.0722 0.0975 0.1006 0.0205 -0.1055 -0.2004 -0.3192 -0.3243 -0.3192 -0.2004 -0.1055 0.0205 0.1006 0.0975 0.0722 0.0506 0.0389 0.0302 0.0228 0.0163 0.0108 0.0062 0.0024 -0.0016 -0.0067 -0.0156 -0.0368 -0.0883 -0.1838 -0.2726 -0.3217 -0.3407 -0.3410 -0.3300 -0.3119 -0.0058 0.1100 0.0508 0.0301 0.0154 0.0050 -0.0030 -0.0192 -0.0908 -0.2536 -0.3312 -0.3406 -0.3219 -0.0385 0.0937 0.0384 0.0182 0.0057 -0.0035 -0.0225 -0.1120 -0.2820 -0.1539
-0.1517 -0.2374 -0.0646 -0.0129 -0.0000 0.0092 0.0242 0.0494 0.1015 -0.1537 -0.3304 -0.3418 -0.3140 -0.1952 -0.0494 -0.0103 0.0008 0.0094 0.0226 0.0413 0.0784 0.0604 -0.2431 -0.3277 -0.3405 -0.3407 -0.3191 -0.2612 -0.1583 -0.0657 -0.0250 -0.0096 -0.0030 0.0017 0.0058 0.0112 0.0176 0.0250 0.0337 0.0442 0.0599 0.0939 0.1032 0.0502 -0.0751 -0.1823 -0.2937 -0.3265 -0.3342 -0.3396 -0.3415 -0.3396 -0.3342 -0.3265 -0.2937 -0.1823 -0.0751 0.0502 0.1032 0.0939 0.0599 0.0442 0.0337 0.0250 0.0176 0.0112 0.0058 0.0017 -0.0030 -0.0096 -0.0250 -0.0657 -0.1583 -0.2612 -0.3191 -0.3407 -0.3405 -0.3277 -0.2431 0.0604 0.0784 0.0413 0.0227 0.0094 0.0008 -0.0103 -0.0494 -0.1951 -0.3140 -0.3418 -0.3304 -0.1537 0.1015 0.0494 0.0242 0.0092 -0.0000 -0.0129 -0.0646 -0.2374 -0.1517
-0.1441 -0.1779 -0.0363 -0.0070 0.0031 0.0138 0.0314 0.0690 0.0584 -0.2492 -0.3370 -0.3384 -0.2849 -0.1290 -0.0270 -0.0049 0.0042 0.0148 0.0311 0.0566 0.1158 -0.1222 -0.3228 -0.3387 -0.3417 -0.3217 -0.2612 -0.1498 -0.0566 -0.0199 -0.0069 -0.0008 0.0038 0.0092 0.0161 0.0243 0.0340 0.0459 0.0645 0.1002 0.0987 -0.0164 -0.1552 -0.2585 -0.3242 -0.3325 -0.3386 -0.3417 -0.3406 -0.3341 -0.3277 -0.3341 -0.3406 -0.3417 -0.3386 -0.3325 -0.3242 -0.2585 -0.1552 -0.0164 0.0987 0.1002 0.0645 0.0459 0.0340 0.0243 0.0161 0.0092 0.0038 -0.0008 -0.0069 -0.0199 -0.0566 -0.1498 -0.2612 -0.3217 -0.3417 -0.3387 -0.3228 -0.1222 0.1158 0.0566 0.0311 0.0148 0.0042 -0.0049 -0.0270 -0.1289 -0.2849 -0.3384 -0.3370 -0.2492 0.0584 0.0690 0.0314 0.0138 0.0031 -0.0070 -0.0363 -0.1779 -0.1441
-0.1306 -0.1150 -0.0205 -0.0028 0.0062 0.0191 0.0400 0.0957 -0.0600 -0.3235 -0.3411 -0.3284 -0.2404 -0.0751 -0.0151 -0.0011 0.0077 0.0210 0.0410 0.0933 0.0076 -0.3067 -0.3345 -0.3425 -0.3282 -0.2726 -0.1583 -0.0566 -0.0184 -0.0059 0.0004 0.0053 0.0120 0.0203 0.0303 0.0426 0.0601 0.1022 0.0918 -0.0474 -0.1971 -0.3188 -0.3289 -0.3366 -0.3412 -0.3416 -0.3365 -0.3238 -0.3003 -0.2637 -0.2364 -0.2637 -0.3003 -0.3238 -0.3365 -0.3416 -0.3412 -0.3366 -0.3289 -0.3188 -0.1971 -0.0474 0.0918 0.1022 0.0601 0.0426 0.0303 0.0203 0.0120 0.0053 0.0004 -0.0059 -0.0184 -0.0566 -0.1583 -0.2726 -0.3282 -0.3425 -0.3345 -0.3067 0.0076 0.0933 0.0411 0.0211 0.0077 -0.0011 -0.0151 -0.0751 -0.2404 -0.3284 -0.3411 -0.3235 -0.0600 0.0957 0.0400 0.0191 0.0062 -0.0028 -0.0205 -0.1150 -0.1306
-0.1121 -0.0671 -0.0118 0.0005 0.0099 0.0254 0.0519 0.1012 -0.1680 -0.3317 -0.3416 -0.3094 -0.1803 -0.0421 -0.0084 0.0022 0.0122 0.0282 0.0546 0.1079 -0.1622 -0.3271 -0.3414 -0.3359 -0.2921 -0.1838 -0.0657 -0.0199 -0.0059 0.0007 0.0062 0.0137 0.0233 0.0350 0.0500 0.0785 0.1143 -0.0203 -0.2064 -0.3197 -0.3307 -0.3385 -0.3421 -0.3400 -0.3303 -0.3104 -0.2766 -0.2260 -0.1601 -0.0982 -0.0715 -0.0982 -0.1601 -0.2260 -0.2766 -0.3104 -0.3303 -0.3400 -0.3421 -0.3385 -0.3307 -0.3197 -0.2064 -0.0203 0.1143 0.0785 0.0500 0.0350 0.0233 0.0137 0.0062 0.0007 -0.0059 -0.0199 -0.0657 -0.1838 -0.2921 -0.3359 -0.3414 -0.3271 -0.1622 0.1079 0.0547 0.0282 0.0122 0.0022 -0.0084 -0.0421 -0.1803 -0.3094 -0.3416 -0.3317 -0.1680 0.1012 0.0519 0.0254 0.0099 0.0005 -0.0118 -0.0671 -0.1121
-0.0912 -0.0381 -0.0062 0.0036 0.0146 0.0327 0.0746 0.0405 -0.2700 -0.3379 -0.3371 -0.2779 -0.1166 -0.0236 -0.0038 0.0053 0.0174 0.0366 0.0839 0.0215 -0.2913 -0.3364 -0.3414 -0.3142 -0.2244 -0.0883 -0.0250 -0.0069 0.0004 0.0062 0.0143 0.0248 0.0380 0.0558 0.1035 0.0661 -0.1265 -0.3158 -0.3289 -0.3382 -0.3423 -0.3392 -0.3262 -0.2995 -0.2547 -0.1905 -0.1198 -0.0667 -0.0359 -0.0198 -0.0143 -0.0198 -0.0359 -0.0667 -0.1198 -0.1905 -0.2547 -0.2995 -0.3262 -0.3392 -0.3423 -0.3382 -0.3289 -0.3158 -0.1265 0.0661 0.1035 0.0558 0.0380 0.0248 0.0143 0.0062 0.0004 -0.0069 -0.0250 -0.0883 -0.2244 -0.3142 -0.3414 -0.3364 -0.2913 0.0215 0.0839 0.0366 0.0174 0.0053 -0.0038 -0.0236 -0.1166 -0.2779 -0.3371 -0.3379 -0.2700 0.0405 0.0746 0.0327 0.0146 0.0036 -0.0062 -0.0381 -0.0912
-0.0711 -0.0219 -0.0022 0.0068 0.0201 0.0417 0.0975 -0.0817 -0.3250 -0.3414 -0.3258 -0.2308 -0.0675 -0.0135 -0.0003 0.0088 0.0235 0.0472 0.1021 -0.1216 -0.3263 -0.3415 -0.3322 -0.2709 -0.1331 -0.0368 -0.0096 -0.0008 0.0053 0.0137 0.0248 0.0390 0.0591 0.1235 0.0154 -0.2237 -0.3224 -0.3348 -0.3418 -0.3408 -0.3282 -0.2990 -0.2471 -0.1722 -0.0976 -0.0502 -0.0259 -0.0138 -0.0072 -0.0026 0.0001 -0.0026 -0.0072 -0.0138 -0.0259 -0.0502 -0.0976 -0.1722 -0.2471 -0.2990 -0.3282 -0.3408 -0.3418 -0.3348 -0.3224 -0.2237 0.0154 0.1235 0.0591 0.0390 0.0248 0.0137 0.0053 -0.0008 -0.0096 -0.0368 -0.1331 -0.2709 -0.3322 -0.3415 -0.3263 -0.1216 0.1021 0.0472 0.0235 0.0088 -0.0003 -0.0135 -0.0675 -0.2308 -0.3258 -0.3414 -0.3250 -0.0817 0.0975 0.0417 0.0201 0.0068 -0.0022 -0.0219 -0.0711
-0.0542 -0.0129 0.0011 0.0107 0.0265 0.0546 0.1002 -0.1829 -0.3329 -0.3412 -0.3050 -0.1692 -0.0379 -0.0074 0.0028 0.0134 0.0306 0.0648 0.0760 -0.2279 -0.3348 -0.3413 -0.3101 -0.2016 -0.0630 -0.0156 -0.0030 0.0038 0.0120 0.0233 0.0380 0.0591 0.1284 -0.0128 -0.2933 -0.3264 -0.3381 -0.3426 -0.3357 -0.3116 -0.2619 -0.1822 -0.0976 -0.0462 -0.0221 -0.0109 -0.0050 -0.0008 0.0026 0.0061 0.0092 0.0061 0.0026 -0.0008 -0.0050 -0.0109 -0.0221 -0.0462 -0.0976 -0.1822 -0.2619 -0.3116 -0.3357 -0.3426 -0.3381 -0.3264 -0.2933 -0.0128 0.1284 0.0591 0.0380 0.0233 0.0120 0.0038 -0.0030 -0.0156 -0.0630 -0.2016 -0.3101 -0.3413 -0.3348 -0.2279 0.0760 0.0648 0.0306 0.0134 0.0028 -0.0074 -0.0379 -0.1692 -0.3050 -0.3412 -0.3329 -0.1829 0.1002 0.0546 0.0265 0.0107 0.0011 -0.0129 -0.0542
-0.0413 -0.0068 0.0041 0.0155 0.0341 0.0813 0.0211 -0.2932 -0.3387 -0.3358 -0.2711 -0.1068 -0.0214 -0.0031 0.0060 0.0187 0.0391 0.0946 -0.0415 -0.3217 -0.3403 -0.3340 -0.2706 -0.1206 -0.0291 -0.0067 0.0017 0.0092 0.0203 0.0350 0.0558 0.1235 -0.0128 -0.3110 -0.3282 -0.3397 -0.3420 -0.3295 -0.2933 -0.2225 -0.1257 -0.0559 -0.0243 -0.0108 -0.0044 0.0000 0.0037 0.0075 0.0124 0.0185 0.0236 0.0185 0.0124 0.0075 0.0037 0.0000 -0.0044 -0.0108 -0.0243 -0.0559 -0.1257 -0.2225 -0.2933 -0.3295 -0.3420 -0.3397 -0.3282 -0.3110 -0.0128 0.1235 0.0558 0.0350 0.0203 0.0092 0.0017 -0.0067 -0.0291 -0.1206 -0.2706 -0.3340 -0.3403 -0.3217 -0.0414 0.0946 0.0391 0.0187 0.0060 -0.0031 -0.0214 -0.1068 -0.2711 -0.3358 -0.3387 -0.2932 0.0211 0.0813 0.0341 0.0155 0.0041 -0.0068 -0.0413
-0.0325 -0.0021 0.0074 0.0212 0.0435 0.0990 -0.1041 -0.3265 -0.3417 -0.3230 -0.2212 -0.0613 -0.0123 0.0003 0.0096 0.0248 0.0506 0.1018 -0.1596 -0.3305 -0.3419 -0.3171 -0.2111 -0.0620 -0.0138 -0.0016 0.0058 0.0161 0.0303 0.0500 0.1035 0.0154 -0.2933 -0.3282 -0.3402 -0.3415 -0.3247 -0.2780 -0.1896 -0.0897 -0.0359 -0.0144 -0.0057 -0.0006 0.0035 0.0079 0.0135 0.0201 0.0278 0.0373 0.0456 0.0373 0.0278 0.0201 0.0135 0.0079 0.0035 -0.0006 -0.0057 -0.0144 -0.0359 -0.0898 -0.1897 -0.2780 -0.3247 -0.3415 -0.3402 -0.3282 -0.2933 0.0154 0.1035 0.0500 0.0303 0.0161 0.0058 -0.0016 -0.0138 -0.0620 -0.2111 -0.3171 -0.3420 -0.3306 -0.1596 0.1018 0.0506 0.0248 0.0096 0.0003 -0.0123 -0.0613 -0.2212 -0.3230 -0.3417 -0.3265 -0.1041 0.0990 0.0435 0.0212 0.0074 -0.0021 -0.0325
-0.0274 0.0022 0.0115 0.0277 0.0576 0.0980 -0.1985 -0.3341 -0.3407 -0.3002 -0.1580 -0.0344 -0.0066 0.0034 0.0142 0.0321 0.0717 0.0499 -0.2589 -0.3373 -0.3384 -0.2874 -0.1388 -0.0315 -0.0066 0.0024 0.0112 0.0243 0.0426 0.0785 0.0661 -0.2237 -0.3264 -0.3397 -0.3415 -0.3229 -0.2694 -0.1689 -0.0707 -0.0263 -0.0098 -0.0029 0.0020 0.0065 0.0125 0.0198 0.0283 0.0385 0.0517 0.0771 0.0965 0.0771 0.0517 0.0385 0.0283 0.0198 0.0125 0.0065 0.0020 -0.0028 -0.0098 -0.0263 -0.0708 -0.1690 -0.2693 -0.3229 -0.3415 -0.3397 -0.3264 -0.2237 0.0661 0.0785 0.0426 0.0243 0.0112 0.0024 -0.0066 -0.0315 -0.1389 -0.2874 -0.3384 -0.3373 -0.2589 0.0499 0.0717 0.0321 0.0142 0.0034 -0.0066 -0.0344 -0.1580 -0.3002 -0.3407 -0.3341 -0.1985 0.0980 0.0576 0.0277 0.0115 0.0022 -0.0274
-0.0226 0.0069 0.0164 0.0355 0.0897 0.0007 -0.3190 -0.3395 -0.3342 -0.2637 -0.0975 -0.0194 -0.0025 0.0065 0.0197 0.0409 0.0967 -0.0712 -0.3242 -0.3412 -0.3280 -0.2413 -0.0788 -0.0164 -0.0020 0.0061 0.0176 0.0340 0.0601 0.1143 -0.1265 -0.3224 -0.3381 -0.3420 -0.3247 -0.2694 -0.1619 -0.0626 -0.0218 -0.0075 -0.0011 0.0037 0.0094 0.0167 0.0256 0.0363 0.0499 0.0751 0.1090 0.0450 -0.0612 0.0450 0.1090 0.0751 0.0499 0.0363 0.0257 0.0168 0.0094 0.0037 -0.0011 -0.0075 -0.0218 -0.0627 -0.1620 -0.2693 -0.3247 -0.3420 -0.3381 -0.3224 -0.1265 0.1143 0.0601 0.0340 0.0176 0.0062 -0.0020 -0.0164 -0.0787 -0.2412 -0.3280 -0.3412 -0.3242 -0.0712 0.0967 0.0409 0.0197 0.0065 -0.0025 -0.0194 -0.0975 -0.2637 -0.3342 -0.3395 -0.3190 0.0007 0.0897 0.0355 0.0164 0.0069 -0.0226
-0.0176 0.0119 0.0222 0.0455 0.1003 -0.1277 -0.3279 -0.3418 -0.3200 -0.2111 -0.0555 -0.0112 0.0008 0.0103 0.0260 0.0533 0.1008 -0.1760 -0.3323 -0.3414 -0.3081 -0.1793 -0.0427 -0.0088 0.0016 0.0108 0.0250 0.0459 0.1022 -0.0203 -0.3158 -0.3348 -0.3426 -0.3295 -0.2780 -0.1689 -0.0626 -0.0204 -0.0066 -0.0001 0.0049 0.0117 0.0202 0.0306 0.0436 0.0631 0.1086 0.0624 -0.1043 -0.2632 -0.3195 -0.2632 -0.1043 0.0624 0.1087 0.0631 0.0437 0.0307 0.0202 0.0117 0.0049 -0.0001 -0.0066 -0.0204 -0.0627 -0.1690 -0.2780 -0.3295 -0.3426 -0.3348 -0.3158 -0.0203 0.1022 0.0459 0.0250 0.0108 0.0016 -0.0088 -0.0426 -0.1788 -0.3080 -0.3414 -0.3323 -0.1760 0.1008 0.0533 0.0260 0.0103 0.0008 -0.0112 -0.0555 -0.2111 -0.3200 -0.3418 -0.3279 -0.1277 0.1003 0.0455 0.0222 0.0119 -0.0176
-0.0128 0.0170 0.0290 0.0610 0.0862 -0.2150 -0.3352 -0.3400 -0.2951 -0.1469 -0.0312 -0.0058 0.0039 0.0151 0.0335 0.0780 0.0301 -0.2823 -0.3384 -0.3365 -0.2752 -0.1139 -0.0234 -0.0039 0.0050 0.0163 0.0337 0.0645 0.0918 -0.2064 -0.3289 -0.3418 -0.3357 -0.2933 -0.1896 -0.0707 -0.0218 -0.0066 0.0002 0.0056 0.0131 0.0226 0.0345 0.0498 0.0794 0.1095 -0.0426 -0.2423 -0.3231 -0.3340 -0.3387 -0.3341 -0.3231 -0.2423 -0.0429 0.1093 0.0795 0.0499 0.0345 0.0226 0.0131 0.0056 0.0002 -0.0066 -0.0218 -0.0708 -0.1897 -0.2933 -0.3357 -0.3418 -0.3289 -0.2064 0.0918 0.0645 0.0337 0.0163 0.0050 -0.0039 -0.0233 -0.1135 -0.2750 -0.3365 -0.3384 -0.2823 0.0301 0.0780 0.0335 0.0151 0.0039 -0.0058 -0.0312 -0.1469 -0.2951 -0.3400 -0.3352 -0.2150 0.0862 0.0610 0.0290 0.0170 -0.0128
-0.0085 0.0219 0.0370 0.0919 -0.0203 -0.3206 -0.3401 -0.3324 -0.2559 -0.0889 -0.0176 -0.0019 0.0071 0.0207 0.0427 0.0984 -0.0938 -0.3258 -0.3416 -0.3244 -0.2265 -0.0651 -0.0131 -0.0002 0.0086 0.0227 0.0442 0.1002 -0.0474 -0.3197 -0.3382 -0.3408 -0.3116 -0.2225 -0.0897 -0.0263 -0.0075 -0.0001 0.0056 0.0135 0.0238 0.0369 0.0545 0.0995 0.0674 -0.1325 -0.3169 -0.3303 -0.3395 -0.3425 -0.3411 -0.3425 -0.3396 -0.3304 -0.3169 -0.1332 0.0669 0.0998 0.0545 0.0369 0.0238 0.0135 0.0056 -0.0001 -0.0075 -0.0263 -0.0898 -0.2225 -0.3116 -0.3408 -0.3382 -0.3197 -0.0474 0.1002 0.0442 0.0228 0.0087 -0.0002 -0.0131 -0.0649 -0.2261 -0.3244 -0.3416 -0.3258 -0.0938 0.0984 0.0427 0.0207 0.0071 -0.0019 -0.0176 -0.0889 -0.2559 -0.3324 -0.3401 -0.3206 -0.0203 0.0919 0.0370 0.0219 -0.0085
-0.0048 0.0265 0.0475 0.1012 -0.1416 -0.3293 -0.3419 -0.3166 -0.2006 -0.0503 -0.0101 0.0013 0.0111 0.0272 0.0562 0.0991 -0.1912 -0.3335 -0.3409 -0.3025 -0.1635 -0.0363 -0.0071 0.0029 0.0134 0.0301 0.0599 0.0987 -0.1971 -0.3307 -0.3423 -0.3282 -0.2619 -0.1257 -0.0359 -0.0098 -0.0011 0.0049 0.0131 0.0238 0.0377 0.0571 0.1192 0.0265 -0.2124 -0.3223 -0.3351 -0.3420 -0.3398 -0.3243 -0.3085 -0.3242 -0.3397 -0.3420 -0.3351 -0.3223 -0.2134 0.0262 0.1194 0.0571 0.0377 0.0238 0.0131 0.0049 -0.0011 -0.0098 -0.0359 -0.1257 -0.2619 -0.3282 -0.3423 -0.3307 -0.1971 0.0987 0.0599 0.0302 0.0134 0.0030 -0.0071 -0.0362 -0.1635 -0.3024 -0.3409 -0.3335 -0.1912 0.0991 0.0562 0.0272 0.0111 0.0013 -0.0101 -0.0503 -0.2006 -0.3166 -0.3419 -0.3293 -0.1416 0.1012 0.0475 0.0265 -0.0048
-0.0018 0.0314 0.0650 0.0722 -0.2327 -0.3362 -0.3392 -0.2895 -0.1360 -0.0283 -0.0050 0.0044 0.0160 0.0349 0.0856 0.0101 -0.3068 -0.3391 -0.3349 -0.2672 -0.1017 -0.0203 -0.0028 0.0061 0.0188 0.0389 0.0939 -0.0164 -0.3188 -0.3385 -0.3392 -0.2990 -0.1822 -0.0559 -0.0144 -0.0028 0.0037 0.0117 0.0226 0.0369 0.0571 0.1280 0.0035 -0.2774 -0.3256 -0.3379 -0.3426 -0.3353 -0.3082 -0.2528 -0.2082 -0.2528 -0.3080 -0.3352 -0.3426 -0.3379 -0.3257 -0.2781 0.0035 0.1280 0.0571 0.0369 0.0226 0.0117 0.0037 -0.0028 -0.0144 -0.0559 -0.1822 -0.2990 -0.3392 -0.3385 -0.3188 -0.0164 0.0939 0.0389 0.0189 0.0062 -0.0028 -0.0203 -0.1017 -0.2671 -0.3349 -0.3391 -0.3068 0.0101 0.0856 0.0349 0.0160 0.0044 -0.0050 -0.0283 -0.1360 -0.2895 -0.3392 -0.3362 -0.2327 0.0722 0.0650 0.0314 -0.0018
0.0012 0.0391 0.0940 -0.0416 -0.3222 -0.3407 -0.3303 -0.2476 -0.0808 -0.0160 -0.0013 0.0077 0.0217 0.0446 0.0998 -0.1167 -0.3273 -0.3418 -0.3214 -0.2157 -0.0581 -0.0117 0.0006 0.0099 0.0252 0.0506 0.1032 -0.1552 -0.3289 -0.3421 -0.3262 -0.2471 -0.0976 -0.0243 -0.0057 0.0020 0.0094 0.0202 0.0345 0.0545 0.1194 0.0035 -0.3040 -0.3272 -0.3393 -0.3422 -0.3301 -0.2934 -0.2174 -0.1175 -0.0734 -0.1173 -0.2172 -0.2932 -0.3301 -0.3422 -0.3393 -0.3273 -0.3040 0.0035 0.1194 0.0545 0.0345 0.0202 0.0094 0.0020 -0.0057 -0.0243 -0.0976 -0.2471 -0.3262 -0.3421 -0.3289 -0.1552 0.1032 0.0506 0.0252 0.0099 0.0006 -0.0117 -0.0581 -0.2157 -0.3214 -0.3418 -0.3273 -0.1167 0.0998 0.0446 0.0217 0.0077 -0.0013 -0.0160 -0.0808 -0.2476 -0.3303 -0.3407 -0.3222 -0.0416 0.0940 0.0391 0.0012
0.0047 0.0503 0.1015 -0.1557 -0.3306 -0.3418 -0.3128 -0.1898 -0.0456 -0.0091 0.0019 0.0119 0.0284 0.0594 0.0919 -0.2073 -0.3347 -0.3403 -0.2975 -0.1520 -0.0326 -0.0061 0.0036 0.0147 0.0326 0.0722 0.0502 -0.2585 -0.3366 -0.3400 -0.2995 -0.1722 -0.0462 -0.0108 -0.0006 0.0065 0.0168 0.0307 0.0499 0.0998 0.0262 -0.2781 -0.3273 -0.3397 -0.3418 -0.3262 -0.2807 -0.1920 -0.0878 -0.0340 -0.0194 -0.0339 -0.0875 -0.1917 -0.2806 -0.3262 -0.3418 -0.3397 -0.3273 -0.2781 0.0262 0.0998 0.0499 0.0307 0.0168 0.0065 -0.0006 -0.0108 -0.0462 -0.1722 -0.2995 -0.3400 -0.3366 -0.2585 0.0502 0.0722 0.0326 0.0147 0.0036 -0.0061 -0.0326 -0.1520 -0.2975 -0.3403 -0.3347 -0.2073 0.0919 0.0594 0.0284 0.0119 0.0019 -0.0091 -0.0456 -0.1898 -0.3128 -0.3418 -0.3306 -0.1557 0.1015 0.0503 0.0047
0.0090 0.0704 0.0559 -0.2520 -0.3371 -0.3382 -0.2835 -0.1254 -0.0256 -0.0043 0.0050 0.0169 0.0363 0.0909 -0.0107 -0.3199 -0.3398 -0.3332 -0.2596 -0.0928 -0.0184 -0.0022 0.0068 0.0202 0.0417 0.0975 -0.0751 -0.3242 -0.3412 -0.3303 -0.2547 -0.0976 -0.0221 -0.0044 0.0035 0.0125 0.0257 0.0437 0.0795 0.0669 -0.2134 -0.3257 -0.3393 -0.3418 -0.3248 -0.2737 -0.1748 -0.0733 -0.0263 -0.0093 -0.0038 -0.0092 -0.0262 -0.0731 -0.1745 -0.2737 -0.3248 -0.3418 -0.3393 -0.3257 -0.2134 0.0669 0.0795 0.0437 0.0257 0.0125 0.0035 -0.0044 -0.0221 -0.0976 -0.2547 -0.3303 -0.3412 -0.3242 -0.0751 0.0975 0.0417 0.0202 0.0068 -0.0022 -0.0184 -0.0928 -0.2596 -0.3332 -0.3398 -0.3199 -0.0107 0.0909 0.0363 0.0169 0.0050 -0.0043 -0.0256 -0.1254 -0.2835 -0.3382 -0.3371 -0.2520 0.0559 0.0704 0.0090
0.0146 0.0968 -0.0631 -0.3237 -0.3411 -0.3280 -0.2388 -0.0734 -0.0146 -0.0007 0.0083 0.0228 0.0466 0.1008 -0.1352 -0.3287 -0.3419 -0.3181 -0.2054 -0.0526 -0.0106 0.0011 0.0108 0.0266 0.0546 0.1006 -0.1823 -0.3325 -0.3416 -0.3104 -0.1905 -0.0502 -0.0109 0.0000 0.0079 0.0198 0.0363 0.0631 0.1093 -0.1332 -0.3223 -0.3379 -0.3422 -0.3262 -0.2737 -0.1690 -0.0663 -0.0229 -0.0077 -0.0007 0.0030 -0.0007 -0.0077 -0.0228 -0.0661 -0.1688 -0.2737 -0.3262 -0.3422 -0.3379 -0.3223 -0.1332 0.1093 0.0631 0.0363 0.0198 0.0079 0.0000 -0.0109 -0.0502 -0.1905 -0.3104 -0.3416 -0.3325 -0.1823 0.1006 0.0546 0.0266 0.0108 0.0011 -0.0106 -0.0526 -0.2054 -0.3181 -0.3419 -0.3287 -0.1352 0.1008 0.0466 0.0228 0.0083 -0.0007 -0.0146 -0.0734 -0.2388 -0.3280 -0.3411 -0.3237 -0.0631 0.0968 0.0146
0.0227 0.1021 -0.1701 -0.3319 -0.3415 -0.3088 -0.1788 -0.0413 -0.0082 0.0024 0.0127 0.0296 0.0631 0.0789 -0.2244 -0.3357 -0.3396 -0.2921 -0.1410 -0.0296 -0.0054 0.0042 0.0156 0.0342 0.0816 0.0205 -0.2937 -0.3386 -0.3365 -0.2766 -0.1198 -0.0259 -0.0050 0.0037 0.0135 0.0283 0.0499 0.1087 -0.0429 -0.3169 -0.3351 -0.3426 -0.3301 -0.2806 -0.1746 -0.0663 -0.0217 -0.0070 -0.0003 0.0052 0.0105 0.0052 -0.0003 -0.0069 -0.0217 -0.0661 -0.1745 -0.2806 -0.3301 -0.3426 -0.3351 -0.3169 -0.0429 0.1087 0.0499 0.0283 0.0135 0.0037 -0.0050 -0.0259 -0.1198 -0.2766 -0.3365 -0.3386 -0.2937 0.0205 0.0816 0.0342 0.0156 0.0042 -0.0054 -0.0296 -0.1410 -0.2921 -0.3396 -0.3357 -0.2244 0.0789 0.0631 0.0296 0.0127 0.0024 -0.0082 -0.0413 -0.1788 -0.3088 -0.3415 -0.3319 -0.1701 0.1021 0.0227
0.0372 0.0383 -0.2732 -0.3380 -0.3369 -0.2770 -0.1152 -0.0233 -0.0037 0.0055 0.0179 0.0379 0.0931 -0.0318 -0.3215 -0.3404 -0.3313 -0.2515 -0.0844 -0.0168 -0.0016 0.0074 0.0212 0.0437 0.0992 -0.1055 -0.3265 -0.3417 -0.3238 -0.2260 -0.0666 -0.0138 -0.0008 0.0075 0.0201 0.0385 0.0751 0.0624 -0.2423 -0.3304 -0.3420 -0.3352 -0.2932 -0.1917 -0.0732 -0.0228 -0.0070 -0.0001 0.0053 0.0134 0.0208 0.0134 0.0053 -0.0000 -0.0069 -0.0228 -0.0731 -0.1917 -0.2932 -0.3352 -0.3420 -0.3304 -0.2423 0.0624 0.0751 0.0385 0.0201 0.0075 -0.0008 -0.0138 -0.0667 -0.2260 -0.3238 -0.3417 -0.3265 -0.1055 0.0992 0.0437 0.0212 0.0074 -0.0016 -0.0168 -0.0844 -0.2515 -0.3313 -0.3404 -0.3215 -0.0318 0.0931 0.0379 0.0179 0.0055 -0.0037 -0.0233 -0.1152 -0.2770 -0.3369 -0.3380 -0.2732 0.0383 0.0372
0.0490 -0.0862 -0.3254 -0.3415 -0.3252 -0.2286 -0.0661 -0.0132 -0.0002 0.0090 0.0239 0.0488 0.1015 -0.1498 -0.3301 -0.3418 -0.3142 -0.1938 -0.0473 -0.0095 0.0016 0.0115 0.0278 0.0579 0.0968 -0.2004 -0.3342 -0.3406 -0.3003 -0.1601 -0.0359 -0.0072 0.0026 0.0124 0.0278 0.0517 0.1090 -0.1043 -0.3231 -0.3396 -0.3397 -0.3080 -0.2172 -0.0876 -0.0262 -0.0077 -0.0003 0.0053 0.0131 0.0242 0.0341 0.0243 0.0131 0.0053 -0.0003 -0.0077 -0.0262 -0.0876 -0.2172 -0.3080 -0.3397 -0.3396 -0.3231 -0.1043 0.1090 0.0517 0.0278 0.0124 0.0026 -0.0072 -0.0359 -0.1601 -0.3003 -0.3406 -0.3342 -0.2004 0.0968 0.0579 0.0278 0.0115 0.0016 -0.0095 -0.0473 -0.1938 -0.3142 -0.3418 -0.3301 -0.1498 0.1015 0.0488 0.0239 0.0090 -0.0002 -0.0132 -0.0661 -0.2286 -0.3252 -0.3415 -0.3254 -0.0859 0.0489
0.0415 -0.1915 -0.3333 -0.3411 -0.3040 -0.1668 -0.0371 -0.0071 0.0031 0.0138 0.0314 0.0679 0.0629 -0.2441 -0.3368 -0.3386 -0.2859 -0.1294 -0.0266 -0.0044 0.0049 0.0168 0.0361 0.0896 -0.0020 -0.3192 -0.3396 -0.3341 -0.2637 -0.0982 -0.0198 -0.0026 0.0061 0.0185 0.0373 0.0771 0.0450 -0.2632 -0.3341 -0.3425 -0.3242 -0.2528 -0.1174 -0.0339 -0.0092 -0.0007 0.0052 0.0134 0.0242 0.0391 0.0521 0.0392 0.0243 0.0134 0.0052 -0.0007 -0.0092 -0.0339 -0.1174 -0.2528 -0.3242 -0.3425 -0.3341 -0.2632 0.0450 0.0771 0.0373 0.0185 0.0061 -0.0026 -0.0198 -0.0982 -0.2637 -0.3341 -0.3396 -0.3192 -0.0020 0.0896 0.0361 0.0168 0.0049 -0.0044 -0.0266 -0.1294 -0.2859 -0.3386 -0.3368 -0.2441 0.0629 0.0679 0.0314 0.0138 0.0031 -0.0071 -0.0371 -0.1668 -0.3040 -0.3411 -0.3333 -0.1911 0.0416
0.0144 -0.2720 -0.3370 -0.3391 -0.2870 -0.1308 -0.0267 -0.0039 0.0055 0.0179 0.0378 0.0912 -0.0138 -0.3190 -0.3396 -0.3346 -0.2642 -0.0972 -0.0192 -0.0016 0.0074 0.0213 0.0434 0.0955 -0.1009 -0.3243 -0.3415 -0.3277 -0.2364 -0.0715 -0.0143 0.0001 0.0092 0.0236 0.0456 0.0965 -0.0612 -0.3195 -0.3387 -0.3411 -0.3085 -0.2081 -0.0734 -0.0194 -0.0038 0.0030 0.0105 0.0208 0.0341 0.0521 0.0663 0.0522 0.0342 0.0208 0.0105 0.0030 -0.0038 -0.0194 -0.0734 -0.2081 -0.3085 -0.3411 -0.3387 -0.3195 -0.0612 0.0965 0.0456 0.0236 0.0092 0.0001 -0.0143 -0.0715 -0.2364 -0.3277 -0.3415 -0.3243 -0.1009 0.0955 0.0434 0.0213 0.0074 -0.0016 -0.0192 -0.0972 -0.2642 -0.3346 -0.3396 -0.3190 -0.0138 0.0912 0.0378 0.0179 0.0055 -0.0039 -0.0267 -0.1308 -0.2871 -0.3391 -0.3369 -0.2714 0.0146
