0.0000 0.0223 0.0396 0.0568 0.0833 0.1227 0.1813 0.2677 0.3953 0.5838 0.8621 1.0000 1.0000 1.0000 1.0000 1.0000 1.0000 1.0000 1.0000 0.0001 0.0001 0.0001 0.0002 0.0003 0.0005 0.0007 0.0010 0.0015 0.0022 0.0032 0.0047 0.0069 0.0102 0.0151 0.0223 0.0330 0.0487 0.0719 0.1062 0.1569 0.2317 0.3421 0.5052 0.7461 1.0000 1.0000 1.0000 1.0000 1.0000 1.0000 1.0000 1.0000 1.0000 1.0000 1.0000 1.0000 1.0000 0.7461 0.5052 0.3421 0.2317 0.1569 0.1062 0.0719 0.0487 0.0330 0.0223 0.0151 0.0102 0.0069 0.0047 0.0032 0.0022 0.0015 0.0010 0.0007 0.0005 0.0003 0.0002 0.0001 0.0001 0.0001 1.0000 1.0000 1.0000 1.0000 1.0000 1.0000 1.0000 1.0000 0.8621 0.5838 0.3953 0.2677 0.1813 0.1227 0.0833 0.0568 0.0396 0.0223 0.0000
0.0223 0.4029 0.5717 0.8804 1.0000 1.0000 1.0000 1.0000 1.0000 1.0000 1.0000 1.0000 1.0000 1.0000 1.0000 1.0000 1.0000 0.0005 0.0007 0.0010 0.0015 0.0022 0.0033 0.0049 0.0072 0.0107 0.0157 0.0232 0.0343 0.0507 0.0749 0.1105 0.1633 0.2411 0.3561 0.5258 0.7765 1.0000 1.0000 1.0000 1.0000 1.0000 1.0000 1.0000 1.0000 1.0000 1.0000 1.0000 1.0000 1.0000 0.0004 1.0000 1.0000 1.0000 1.0000 1.0000 1.0000 1.0000 1.0000 1.0000 1.0000 1.0000 1.0000 1.0000 0.7765 0.5258 0.3561 0.2411 0.1633 0.1105 0.0749 0.0507 0.0343 0.0232 0.0157 0.0107 0.0072 0.0049 0.0033 0.0022 0.0015 0.0010 0.0007 0.0005 1.0000 1.0000 1.0000 1.0000 1.0000 1.0000 1.0000 1.0000 1.0000 1.0000 1.0000 1.0000 1.0000 0.8804 0.5717 0.4029 0.0223
0.0396 0.5717 1.0000 1.0000 1.0000 1.0000 1.0000 1.0000 1.0000 1.0000 1.0000 1.0000 1.0000 1.0000 0.0004 0.0007 0.0010 0.0014 0.0021 0.0031 0.0046 0.0068 0.0100 0.0147 0.0217 0.0321 0.0474 0.0700 0.1034 0.1527 0.2256 0.3331 0.4920 0.7265 1.0000 1.0000 1.0000 1.0000 1.0000 1.0000 1.0000 1.0000 1.0000 1.0000 1.0000 1.0000 1.0000 0.0004 0.0006 0.0009 0.0012 0.0009 0.0006 0.0004 1.0000 1.0000 1.0000 1.0000 1.0000 1.0000 1.0000 1.0000 1.0000 1.0000 1.0000 1.0000 1.0000 0.7265 0.4920 0.3331 0.2256 0.1527 0.1034 0.0700 0.0474 0.0321 0.0217 0.0147 0.0100 0.0068 0.0046 0.0031 0.0021 0.0014 0.0010 0.0007 0.0004 1.0000 1.0000 1.0000 1.0000 1.0000 1.0000 1.0000 1.0000 1.0000 1.0000 1.0000 1.0000 0.5717 0.0396
0.0568 0.8804 1.0000 1.0000 1.0000 1.0000 1.0000 1.0000 1.0000 1.0000 1.0000 0.0004 0.0006 0.0009 0.0013 0.0020 0.0029 0.0043 0.0063 0.0093 0.0138 0.0203 0.0300 0.0444 0.0655 0.0968 0.1429 0.2110 0.3117 0.4603 0.6797 1.0000 1.0000 1.0000 1.0000 1.0000 1.0000 1.0000 1.0000 1.0000 1.0000 1.0000 1.0000 1.0000 0.0004 0.0005 0.0008 0.0011 0.0017 0.0026 0.0035 0.0026 0.0017 0.0011 0.0008 0.0005 0.0004 1.0000 1.0000 1.0000 1.0000 1.0000 1.0000 1.0000 1.0000 1.0000 1.0000 1.0000 1.0000 1.0000 0.6797 0.4603 0.3117 0.2110 0.1429 0.0968 0.0655 0.0444 0.0300 0.0203 0.0138 0.0093 0.0063 0.0043 0.0029 0.0020 0.0013 0.0009 0.0006 0.0004 1.0000 1.0000 1.0000 1.0000 1.0000 1.0000 1.0000 1.0000 1.0000 0.8804 0.0568
0.0833 1.0000 1.0000 1.0000 1.0000 1.0000 1.0000 1.0000 1.0000 0.0005 0.0008 0.0012 0.0018 0.0027 0.0040 0.0059 0.0087 0.0129 0.0190 0.0281 0.0415 0.0613 0.0905 0.1337 0.1975 0.2916 0.4306 0.6360 0.9392 1.0000 1.0000 1.0000 1.0000 1.0000 1.0000 1.0000 1.0000 1.0000 1.0000 1.0000 1.0000 0.0003 0.0005 0.0007 0.0011 0.0016 0.0023 0.0035 0.0051 0.0078 0.0105 0.0078 0.0051 0.0035 0.0023 0.0016 0.0011 0.0007 0.0005 0.0003 1.0000 1.0000 1.0000 1.0000 1.0000 1.0000 1.0000 1.0000 1.0000 1.0000 1.0000 1.0000 0.9392 0.6360 0.4306 0.2916 0.1975 0.1337 0.0905 0.0613 0.0415 0.0281 0.0190 0.0129 0.0087 0.0059 0.0040 0.0027 0.0018 0.0012 0.0008 0.0005 1.0000 1.0000 1.0000 1.0000 1.0000 1.0000 1.0000 1.0000 0.0833
0.1227 1.0000 1.0000 1.0000 1.0000 1.0000 1.0000 0.0005 0.0009 0.0015 0.0023 0.0035 0.0054 0.0080 0.0120 0.0177 0.0263 0.0388 0.0574 0.0849 0.1251 0.1847 0.2728 0.4029 0.5950 0.8787 1.0000 1.0000 1.0000 1.0000 1.0000 1.0000 1.0000 1.0000 1.0000 1.0000 1.0000 1.0000 1.0000 0.0005 0.0007 0.0010 0.0015 0.0022 0.0032 0.0048 0.0071 0.0104 0.0154 0.0234 0.0317 0.0234 0.0154 0.0104 0.0071 0.0048 0.0032 0.0022 0.0015 0.0010 0.0007 0.0005 1.0000 1.0000 1.0000 1.0000 1.0000 1.0000 1.0000 1.0000 1.0000 1.0000 1.0000 1.0000 1.0000 0.8787 0.5950 0.4029 0.2728 0.1847 0.1251 0.0849 0.0574 0.0388 0.0263 0.0177 0.0120 0.0080 0.0054 0.0035 0.0023 0.0015 0.0009 0.0005 1.0000 1.0000 1.0000 1.0000 1.0000 1.0000 0.1227
0.1813 1.0000 1.0000 1.0000 1.0000 1.0000 0.0006 0.0012 0.0021 0.0037 0.0062 0.0098 0.0153 0.0234 0.0354 0.0530 0.0787 0.1166 0.1728 0.2553 0.3770 0.5567 0.8221 1.0000 1.0000 1.0000 1.0000 1.0000 1.0000 1.0000 1.0000 1.0000 1.0000 1.0000 1.0000 1.0000 0.0004 0.0006 0.0009 0.0014 0.0021 0.0030 0.0045 0.0066 0.0098 0.0144 0.0213 0.0314 0.0464 0.0704 0.0953 0.0704 0.0464 0.0314 0.0213 0.0144 0.0098 0.0066 0.0045 0.0030 0.0021 0.0014 0.0009 0.0006 0.0004 1.0000 1.0000 1.0000 1.0000 1.0000 1.0000 1.0000 1.0000 1.0000 1.0000 1.0000 1.0000 1.0000 0.8221 0.5567 0.3770 0.2553 0.1728 0.1166 0.0787 0.0530 0.0354 0.0234 0.0153 0.0098 0.0062 0.0037 0.0021 0.0012 0.0006 1.0000 1.0000 1.0000 1.0000 1.0000 0.1813
0.2677 1.0000 1.0000 1.0000 1.0000 0.0005 0.0012 0.0024 0.0047 0.0087 0.0154 0.0258 0.0419 0.0662 0.1023 0.1554 0.2334 0.3480 0.5169 0.7662 1.0000 1.0000 1.0000 1.0000 1.0000 1.0000 1.0000 1.0000 1.0000 1.0000 1.0000 1.0000 1.0000 0.0004 0.0006 0.0009 0.0013 0.0019 0.0028 0.0042 0.0062 0.0091 0.0135 0.0199 0.0294 0.0435 0.0642 0.0948 0.1400 0.2123 0.2872 0.2123 0.1400 0.0948 0.0642 0.0435 0.0294 0.0199 0.0135 0.0091 0.0062 0.0042 0.0028 0.0019 0.0013 0.0009 0.0006 0.0004 1.0000 1.0000 1.0000 1.0000 1.0000 1.0000 1.0000 1.0000 1.0000 1.0000 1.0000 1.0000 1.0000 0.7662 0.5169 0.3480 0.2334 0.1554 0.1023 0.0662 0.0419 0.0258 0.0154 0.0087 0.0047 0.0024 0.0012 0.0005 1.0000 1.0000 1.0000 1.0000 0.2677
0.3953 1.0000 1.0000 1.0000 1.0000 0.0009 0.0021 0.0047 0.0098 0.0192 0.0358 0.0636 0.1085 0.1785 0.2850 0.4439 0.6797 1.0000 1.0000 1.0000 1.0000 1.0000 1.0000 1.0000 1.0000 1.0000 1.0000 1.0000 1.0000 1.0000 0.0004 0.0006 0.0008 0.0012 0.0018 0.0027 0.0039 0.0058 0.0085 0.0126 0.0186 0.0275 0.0407 0.0600 0.0887 0.1309 0.1934 0.2856 0.4217 0.6396 0.8654 0.6396 0.4217 0.2856 0.1934 0.1309 0.0887 0.0600 0.0407 0.0275 0.0186 0.0126 0.0085 0.0058 0.0039 0.0027 0.0018 0.0012 0.0008 0.0006 0.0004 1.0000 1.0000 1.0000 1.0000 1.0000 1.0000 1.0000 1.0000 1.0000 1.0000 1.0000 1.0000 1.0000 0.6797 0.4439 0.2850 0.1785 0.1085 0.0636 0.0358 0.0192 0.0098 0.0047 0.0021 0.0009 1.0000 1.0000 1.0000 1.0000 0.3953
0.5838 1.0000 1.0000 1.0000 0.0005 0.0015 0.0037 0.0087 0.0192 0.0398 0.0785 0.1470 0.2641 0.4550 0.7576 1.0000 1.0000 1.0000 1.0000 1.0000 1.0000 1.0000 1.0000 1.0000 1.0000 1.0000 1.0000 0.0004 0.0005 0.0008 0.0011 0.0017 0.0025 0.0037 0.0054 0.0080 0.0118 0.0174 0.0258 0.0380 0.0562 0.0830 0.1225 0.1809 0.2672 0.3946 0.5827 0.8605 1.0000 1.0000 1.0000 1.0000 1.0000 0.8605 0.5827 0.3946 0.2672 0.1809 0.1225 0.0830 0.0562 0.0380 0.0258 0.0174 0.0118 0.0080 0.0054 0.0037 0.0025 0.0017 0.0011 0.0008 0.0005 0.0004 1.0000 1.0000 1.0000 1.0000 1.0000 1.0000 1.0000 1.0000 1.0000 1.0000 1.0000 1.0000 0.7576 0.4550 0.2641 0.1470 0.0785 0.0398 0.0192 0.0087 0.0037 0.0015 0.0005 1.0000 1.0000 1.0000 0.5838
0.8621 1.0000 1.0000 1.0000 0.0008 0.0023 0.0062 0.0154 0.0358 0.0785 0.1623 0.3207 0.6053 1.0000 1.0000 1.0000 1.0000 1.0000 1.0000 1.0000 1.0000 1.0000 1.0000 1.0000 1.0000 0.0005 0.0007 0.0011 0.0016 0.0023 0.0034 0.0051 0.0075 0.0110 0.0163 0.0241 0.0356 0.0526 0.0776 0.1146 0.1693 0.2500 0.3692 0.5452 0.8051 1.0000 1.0000 1.0000 1.0000 1.0000 1.0000 1.0000 1.0000 1.0000 1.0000 1.0000 0.8051 0.5452 0.3692 0.2500 0.1693 0.1146 0.0776 0.0526 0.0356 0.0241 0.0163 0.0110 0.0075 0.0051 0.0034 0.0023 0.0016 0.0011 0.0007 0.0005 1.0000 1.0000 1.0000 1.0000 1.0000 1.0000 1.0000 1.0000 1.0000 1.0000 1.0000 1.0000 0.6053 0.3207 0.1623 0.0785 0.0358 0.0154 0.0062 0.0023 0.0008 1.0000 1.0000 1.0000 0.8621
1.0000 1.0000 1.0000 0.0004 0.0012 0.0035 0.0098 0.0258 0.0636 0.1470 0.3207 0.6657 1.0000 1.0000 1.0000 1.0000 1.0000 1.0000 1.0000 1.0000 1.0000 1.0000 0.0004 0.0007 0.0010 0.0015 0.0022 0.0032 0.0047 0.0070 0.0103 0.0153 0.0225 0.0333 0.0492 0.0726 0.1072 0.1584 0.2339 0.3454 0.5101 0.7532 1.0000 1.0000 1.0000 1.0000 1.0000 1.0000 1.0000 1.0000 1.0000 1.0000 1.0000 1.0000 1.0000 1.0000 1.0000 1.0000 1.0000 0.7532 0.5101 0.3454 0.2339 0.1584 0.1072 0.0726 0.0492 0.0333 0.0225 0.0153 0.0103 0.0070 0.0047 0.0032 0.0022 0.0015 0.0010 0.0007 0.0004 1.0000 1.0000 1.0000 1.0000 1.0000 1.0000 1.0000 1.0000 1.0000 1.0000 0.6657 0.3207 0.1470 0.0636 0.0258 0.0098 0.0035 0.0012 0.0004 1.0000 1.0000 1.0000
1.0000 1.0000 1.0000 0.0006 0.0018 0.0054 0.0153 0.0419 0.1085 0.2641 0.6053 1.0000 1.0000 1.0000 1.0000 1.0000 1.0000 1.0000 1.0000 1.0000 0.0005 0.0008 0.0013 0.0020 0.0029 0.0044 0.0065 0.0096 0.0143 0.0211 0.0312 0.0460 0.0679 0.1003 0.1482 0.2188 0.3231 0.4772 0.7047 1.0000 1.0000 1.0000 1.0000 1.0000 1.0000 1.0000 1.0000 1.0000 1.0000 1.0000 1.0000 1.0000 1.0000 1.0000 1.0000 1.0000 1.0000 1.0000 1.0000 1.0000 1.0000 1.0000 0.7047 0.4772 0.3231 0.2188 0.1482 0.1003 0.0679 0.0460 0.0312 0.0211 0.0143 0.0096 0.0065 0.0044 0.0029 0.0020 0.0013 0.0008 0.0005 1.0000 1.0000 1.0000 1.0000 1.0000 1.0000 1.0000 1.0000 1.0000 0.6053 0.2641 0.1085 0.0419 0.0153 0.0054 0.0018 0.0006 1.0000 1.0000 1.0000
1.0000 1.0000 1.0000 0.0009 0.0027 0.0080 0.0234 0.0662 0.1785 0.4550 1.0000 1.0000 1.0000 1.0000 1.0000 1.0000 1.0000 1.0000 0.0005 0.0009 0.0015 0.0024 0.0037 0.0057 0.0086 0.0130 0.0194 0.0289 0.0429 0.0636 0.0939 0.1386 0.2047 0.3023 0.4465 0.6594 0.9737 1.0000 1.0000 1.0000 1.0000 1.0000 1.0000 1.0000 1.0000 1.0000 1.0000 1.0000 1.0000 0.0004 0.0005 0.0004 1.0000 1.0000 1.0000 1.0000 1.0000 1.0000 1.0000 1.0000 1.0000 1.0000 1.0000 1.0000 0.9737 0.6594 0.4465 0.3023 0.2047 0.1386 0.0939 0.0636 0.0429 0.0289 0.0194 0.0130 0.0086 0.0057 0.0037 0.0024 0.0015 0.0009 0.0005 1.0000 1.0000 1.0000 1.0000 1.0000 1.0000 1.0000 1.0000 0.4550 0.1785 0.0662 0.0234 0.0080 0.0027 0.0009 1.0000 1.0000 1.0000
1.0000 1.0000 0.0004 0.0013 0.0040 0.0120 0.0354 0.1023 0.2850 0.7576 1.0000 1.0000 1.0000 1.0000 1.0000 1.0000 0.0004 0.0007 0.0013 0.0023 0.0039 0.0064 0.0103 0.0161 0.0249 0.0380 0.0574 0.0860 0.1282 0.1901 0.2818 0.4177 0.6169 0.9128 1.0000 1.0000 1.0000 1.0000 1.0000 1.0000 1.0000 1.0000 1.0000 1.0000 1.0000 1.0000 1.0000 0.0005 0.0007 0.0011 0.0014 0.0011 0.0007 0.0005 1.0000 1.0000 1.0000 1.0000 1.0000 1.0000 1.0000 1.0000 1.0000 1.0000 1.0000 1.0000 1.0000 0.9128 0.6169 0.4177 0.2818 0.1901 0.1282 0.0860 0.0574 0.0380 0.0249 0.0161 0.0103 0.0064 0.0039 0.0023 0.0013 0.0007 0.0004 1.0000 1.0000 1.0000 1.0000 1.0000 1.0000 0.7576 0.2850 0.1023 0.0354 0.0120 0.0040 0.0013 0.0004 1.0000 1.0000
1.0000 1.0000 0.0007 0.0020 0.0059 0.0177 0.0530 0.1554 0.4439 1.0000 1.0000 1.0000 1.0000 1.0000 1.0000 0.0004 0.0009 0.0017 0.0031 0.0056 0.0098 0.0166 0.0274 0.0444 0.0702 0.1089 0.1670 0.2528 0.3798 0.5674 0.8443 1.0000 1.0000 1.0000 1.0000 1.0000 1.0000 1.0000 1.0000 1.0000 1.0000 1.0000 1.0000 1.0000 0.0004 0.0007 0.0010 0.0014 0.0021 0.0032 0.0044 0.0032 0.0021 0.0014 0.0010 0.0007 0.0004 1.0000 1.0000 1.0000 1.0000 1.0000 1.0000 1.0000 1.0000 1.0000 1.0000 1.0000 1.0000 1.0000 0.8443 0.5674 0.3798 0.2528 0.1670 0.1089 0.0702 0.0444 0.0274 0.0166 0.0098 0.0056 0.0031 0.0017 0.0009 0.0004 1.0000 1.0000 1.0000 1.0000 1.0000 1.0000 0.4439 0.1554 0.0530 0.0177 0.0059 0.0020 0.0007 1.0000 1.0000
1.0000 1.0000 0.0010 0.0029 0.0087 0.0263 0.0787 0.2334 0.6797 1.0000 1.0000 1.0000 1.0000 1.0000 0.0004 0.0009 0.0018 0.0036 0.0069 0.0129 0.0234 0.0413 0.0706 0.1177 0.1912 0.3046 0.4763 0.7335 1.0000 1.0000 1.0000 1.0000 1.0000 1.0000 1.0000 1.0000 1.0000 1.0000 1.0000 1.0000 1.0000 0.0004 0.0006 0.0009 0.0013 0.0020 0.0029 0.0043 0.0064 0.0097 0.0132 0.0097 0.0064 0.0043 0.0029 0.0020 0.0013 0.0009 0.0006 0.0004 1.0000 1.0000 1.0000 1.0000 1.0000 1.0000 1.0000 1.0000 1.0000 1.0000 1.0000 1.0000 1.0000 0.7335 0.4763 0.3046 0.1912 0.1177 0.0706 0.0413 0.0234 0.0129 0.0069 0.0036 0.0018 0.0009 0.0004 1.0000 1.0000 1.0000 1.0000 1.0000 0.6797 0.2334 0.0787 0.0263 0.0087 0.0029 0.0010 1.0000 1.0000
1.0000 0.0005 0.0014 0.0043 0.0129 0.0388 0.1166 0.3480 1.0000 1.0000 1.0000 1.0000 1.0000 1.0000 0.0007 0.0017 0.0036 0.0074 0.0148 0.0288 0.0541 0.0986 0.1748 0.3006 0.5043 0.8252 1.0000 1.0000 1.0000 1.0000 1.0000 1.0000 1.0000 1.0000 1.0000 1.0000 1.0000 1.0000 0.0004 0.0006 0.0009 0.0013 0.0019 0.0028 0.0041 0.0060 0.0089 0.0131 0.0193 0.0293 0.0397 0.0293 0.0193 0.0131 0.0089 0.0060 0.0041 0.0028 0.0019 0.0013 0.0009 0.0006 0.0004 1.0000 1.0000 1.0000 1.0000 1.0000 1.0000 1.0000 1.0000 1.0000 1.0000 1.0000 1.0000 0.8252 0.5043 0.3006 0.1748 0.0986 0.0541 0.0288 0.0148 0.0074 0.0036 0.0017 0.0007 1.0000 1.0000 1.0000 1.0000 1.0000 1.0000 0.3480 0.1166 0.0388 0.0129 0.0043 0.0014 0.0005 1.0000
1.0000 0.0007 0.0021 0.0063 0.0190 0.0574 0.1728 0.5169 1.0000 1.0000 1.0000 1.0000 1.0000 0.0005 0.0013 0.0031 0.0069 0.0148 0.0308 0.0619 0.1200 0.2264 0.4146 0.7376 1.0000 1.0000 1.0000 1.0000 1.0000 1.0000 1.0000 1.0000 1.0000 1.0000 1.0000 0.0004 0.0005 0.0008 0.0012 0.0017 0.0026 0.0038 0.0056 0.0083 0.0122 0.0181 0.0267 0.0394 0.0582 0.0883 0.1195 0.0883 0.0582 0.0394 0.0267 0.0181 0.0122 0.0083 0.0056 0.0038 0.0026 0.0017 0.0012 0.0008 0.0005 0.0004 1.0000 1.0000 1.0000 1.0000 1.0000 1.0000 1.0000 1.0000 1.0000 1.0000 1.0000 0.7376 0.4146 0.2264 0.1200 0.0619 0.0308 0.0148 0.0069 0.0031 0.0013 0.0005 1.0000 1.0000 1.0000 1.0000 1.0000 0.5169 0.1728 0.0574 0.0190 0.0063 0.0021 0.0007 1.0000
0.0001 0.0010 0.0031 0.0093 0.0281 0.0849 0.2553 0.7662 1.0000 1.0000 1.0000 1.0000 1.0000 0.0009 0.0023 0.0056 0.0129 0.0288 0.0619 0.1280 0.2577 0.5014 0.9481 1.0000 1.0000 1.0000 1.0000 1.0000 1.0000 1.0000 1.0000 1.0000 1.0000 0.0005 0.0007 0.0011 0.0016 0.0024 0.0036 0.0053 0.0078 0.0115 0.0169 0.0250 0.0369 0.0545 0.0805 0.1188 0.1755 0.2662 0.3601 0.2662 0.1755 0.1188 0.0805 0.0545 0.0369 0.0250 0.0169 0.0115 0.0078 0.0053 0.0036 0.0024 0.0016 0.0011 0.0007 0.0005 1.0000 1.0000 1.0000 1.0000 1.0000 1.0000 1.0000 1.0000 1.0000 1.0000 0.9481 0.5014 0.2577 0.1280 0.0619 0.0288 0.0129 0.0056 0.0023 0.0009 1.0000 1.0000 1.0000 1.0000 1.0000 0.7662 0.2553 0.0849 0.0281 0.0093 0.0031 0.0010 0.0001
0.0001 0.0015 0.0046 0.0138 0.0415 0.1251 0.3770 1.0000 1.0000 1.0000 1.0000 1.0000 0.0005 0.0015 0.0039 0.0098 0.0234 0.0541 0.1200 0.2577 0.5349 1.0000 1.0000 1.0000 1.0000 1.0000 1.0000 1.0000 1.0000 1.0000 0.0004 0.0006 0.0009 0.0014 0.0022 0.0032 0.0048 0.0072 0.0107 0.0158 0.0234 0.0345 0.0510 0.0753 0.1112 0.1642 0.2425 0.3581 0.5288 0.8020 1.0000 0.8020 0.5288 0.3581 0.2425 0.1642 0.1112 0.0753 0.0510 0.0345 0.0234 0.0158 0.0107 0.0072 0.0048 0.0032 0.0022 0.0014 0.0009 0.0006 0.0004 1.0000 1.0000 1.0000 1.0000 1.0000 1.0000 1.0000 1.0000 1.0000 0.5349 0.2577 0.1200 0.0541 0.0234 0.0098 0.0039 0.0015 0.0005 1.0000 1.0000 1.0000 1.0000 1.0000 0.3770 0.1251 0.0415 0.0138 0.0046 0.0015 0.0001
0.0001 0.0022 0.0068 0.0203 0.0613 0.1847 0.5567 1.0000 1.0000 1.0000 1.0000 1.0000 0.0008 0.0024 0.0064 0.0166 0.0413 0.0986 0.2264 0.5014 1.0000 1.0000 1.0000 1.0000 1.0000 1.0000 1.0000 1.0000 0.0004 0.0006 0.0010 0.0017 0.0026 0.0041 0.0063 0.0095 0.0143 0.0214 0.0319 0.0474 0.0702 0.1040 0.1536 0.2273 0.3350 0.4948 0.7307 1.0000 1.0000 1.0000 1.0000 1.0000 1.0000 1.0000 0.7307 0.4948 0.3350 0.2273 0.1536 0.1040 0.0702 0.0474 0.0319 0.0214 0.0143 0.0095 0.0063 0.0041 0.0026 0.0017 0.0010 0.0006 0.0004 1.0000 1.0000 1.0000 1.0000 1.0000 1.0000 1.0000 1.0000 0.5014 0.2264 0.0986 0.0413 0.0166 0.0064 0.0024 0.0008 1.0000 1.0000 1.0000 1.0000 1.0000 0.5567 0.1847 0.0613 0.0203 0.0068 0.0022 0.0001
0.0002 0.0033 0.0100 0.0300 0.0905 0.2728 0.8221 1.0000 1.0000 1.0000 1.0000 0.0004 0.0013 0.0037 0.0103 0.0274 0.0706 0.1748 0.4146 0.9481 1.0000 1.0000 1.0000 1.0000 1.0000 1.0000 1.0000 0.0005 0.0009 0.0016 0.0027 0.0045 0.0072 0.0114 0.0179 0.0275 0.0419 0.0633 0.0949 0.1418 0.2102 0.3123 0.4620 0.6836 1.0000 1.0000 1.0000 1.0000 1.0000 1.0000 1.0000 1.0000 1.0000 1.0000 1.0000 1.0000 1.0000 0.6836 0.4620 0.3123 0.2102 0.1418 0.0949 0.0633 0.0419 0.0275 0.0179 0.0114 0.0072 0.0045 0.0027 0.0016 0.0009 0.0005 1.0000 1.0000 1.0000 1.0000 1.0000 1.0000 1.0000 0.9481 0.4146 0.1748 0.0706 0.0274 0.0103 0.0037 0.0013 0.0004 1.0000 1.0000 1.0000 1.0000 0.8221 0.2728 0.0905 0.0300 0.0100 0.0033 0.0002
0.0003 0.0049 0.0147 0.0444 0.1337 0.4029 1.0000 1.0000 1.0000 1.0000 1.0000 0.0007 0.0020 0.0057 0.0161 0.0443 0.1177 0.3006 0.7376 1.0000 1.0000 1.0000 1.0000 1.0000 1.0000 1.0000 0.0007 0.0012 0.0022 0.0040 0.0069 0.0117 0.0193 0.0313 0.0498 0.0782 0.1209 0.1847 0.2797 0.4201 0.6275 0.9338 1.0000 1.0000 1.0000 1.0000 1.0000 1.0000 1.0000 1.0000 1.0000 1.0000 1.0000 1.0000 1.0000 1.0000 1.0000 1.0000 1.0000 0.9338 0.6275 0.4201 0.2797 0.1847 0.1209 0.0782 0.0498 0.0313 0.0193 0.0117 0.0069 0.0040 0.0022 0.0012 0.0007 1.0000 1.0000 1.0000 1.0000 1.0000 1.0000 1.0000 0.7376 0.3006 0.1177 0.0444 0.0161 0.0057 0.0020 0.0007 1.0000 1.0000 1.0000 1.0000 1.0000 0.4029 0.1337 0.0444 0.0147 0.0049 0.0003
0.0005 0.0072 0.0217 0.0655 0.1975 0.5950 1.0000 1.0000 1.0000 1.0000 1.0000 0.0010 0.0029 0.0086 0.0249 0.0702 0.1912 0.5043 1.0000 1.0000 1.0000 1.0000 1.0000 1.0000 0.0004 0.0007 0.0014 0.0028 0.0052 0.0095 0.0169 0.0294 0.0499 0.0833 0.1358 0.2172 0.3421 0.5308 0.8143 1.0000 1.0000 1.0000 1.0000 1.0000 1.0000 1.0000 1.0000 1.0000 1.0000 1.0000 1.0000 1.0000 1.0000 1.0000 1.0000 1.0000 1.0000 1.0000 1.0000 1.0000 1.0000 1.0000 0.8143 0.5308 0.3421 0.2172 0.1358 0.0833 0.0499 0.0294 0.0169 0.0095 0.0052 0.0028 0.0014 0.0007 0.0004 1.0000 1.0000 1.0000 1.0000 1.0000 1.0000 0.5043 0.1912 0.0702 0.0249 0.0086 0.0029 0.0010 1.0000 1.0000 1.0000 1.0000 1.0000 0.5950 0.1975 0.0655 0.0217 0.0072 0.0005
0.0007 0.0107 0.0321 0.0968 0.2916 0.8787 1.0000 1.0000 1.0000 1.0000 0.0005 0.0015 0.0044 0.0130 0.0380 0.1089 0.3046 0.8252 1.0000 1.0000 1.0000 1.0000 1.0000 1.0000 0.0007 0.0015 0.0031 0.0061 0.0117 0.0219 0.0401 0.0717 0.1253 0.2143 0.3581 0.5871 0.9445 1.0000 1.0000 1.0000 1.0000 1.0000 1.0000 1.0000 1.0000 1.0000 1.0000 1.0000 1.0000 0.0004 0.0006 0.0004 1.0000 1.0000 1.0000 1.0000 1.0000 1.0000 1.0000 1.0000 1.0000 1.0000 1.0000 1.0000 0.9445 0.5871 0.3581 0.2143 0.1253 0.0717 0.0401 0.0219 0.0117 0.0061 0.0031 0.0015 0.0007 1.0000 1.0000 1.0000 1.0000 1.0000 1.0000 0.8252 0.3046 0.1089 0.0380 0.0130 0.0044 0.0015 0.0005 1.0000 1.0000 1.0000 1.0000 0.8787 0.2916 0.0968 0.0321 0.0107 0.0007
0.0010 0.0157 0.0474 0.1429 0.4306 1.0000 1.0000 1.0000 1.0000 1.0000 0.0007 0.0022 0.0065 0.0194 0.0574 0.1670 0.4763 1.0000 1.0000 1.0000 1.0000 1.0000 1.0000 0.0007 0.0014 0.0031 0.0064 0.0130 0.0255 0.0492 0.0925 0.1699 0.3046 0.5349 0.9180 1.0000 1.0000 1.0000 1.0000 1.0000 1.0000 1.0000 1.0000 1.0000 1.0000 1.0000 0.0004 0.0006 0.0009 0.0013 0.0018 0.0013 0.0009 0.0006 0.0004 1.0000 1.0000 1.0000 1.0000 1.0000 1.0000 1.0000 1.0000 1.0000 1.0000 1.0000 0.9180 0.5349 0.3046 0.1699 0.0925 0.0492 0.0255 0.0130 0.0064 0.0031 0.0014 0.0007 1.0000 1.0000 1.0000 1.0000 1.0000 1.0000 0.4763 0.1670 0.0574 0.0194 0.0065 0.0022 0.0007 1.0000 1.0000 1.0000 1.0000 1.0000 0.4306 0.1429 0.0474 0.0157 0.0010
0.0015 0.0232 0.0700 0.2110 0.6360 1.0000 1.0000 1.0000 1.0000 0.0004 0.0011 0.0032 0.0096 0.0289 0.0860 0.2528 0.7335 1.0000 1.0000 1.0000 1.0000 1.0000 0.0005 0.0012 0.0028 0.0061 0.0130 0.0269 0.0544 0.1074 0.2071 0.3901 0.7196 1.0000 1.0000 1.0000 1.0000 1.0000 1.0000 1.0000 1.0000 1.0000 1.0000 0.0004 0.0005 0.0008 0.0012 0.0018 0.0027 0.0040 0.0055 0.0040 0.0027 0.0018 0.0012 0.0008 0.0005 0.0004 1.0000 1.0000 1.0000 1.0000 1.0000 1.0000 1.0000 1.0000 1.0000 1.0000 0.7196 0.3901 0.2071 0.1074 0.0544 0.0269 0.0130 0.0061 0.0028 0.0012 0.0005 1.0000 1.0000 1.0000 1.0000 1.0000 0.7335 0.2528 0.0860 0.0289 0.0096 0.0032 0.0011 0.0004 1.0000 1.0000 1.0000 1.0000 0.6360 0.2110 0.0700 0.0232 0.0015
0.0022 0.0343 0.1034 0.3117 0.9392 1.0000 1.0000 1.0000 1.0000 0.0005 0.0016 0.0047 0.0143 0.0429 0.1282 0.3798 1.0000 1.0000 1.0000 1.0000 1.0000 0.0004 0.0009 0.0022 0.0052 0.0117 0.0255 0.0544 0.1129 0.2286 0.4516 0.8720 1.0000 1.0000 1.0000 1.0000 1.0000 1.0000 1.0000 1.0000 1.0000 0.0004 0.0007 0.0010 0.0016 0.0024 0.0036 0.0054 0.0080 0.0121 0.0164 0.0121 0.0080 0.0054 0.0036 0.0024 0.0016 0.0010 0.0007 0.0004 1.0000 1.0000 1.0000 1.0000 1.0000 1.0000 1.0000 1.0000 1.0000 0.8720 0.4516 0.2286 0.1129 0.0544 0.0255 0.0117 0.0052 0.0022 0.0009 0.0004 1.0000 1.0000 1.0000 1.0000 1.0000 0.3798 0.1282 0.0429 0.0143 0.0047 0.0016 0.0005 1.0000 1.0000 1.0000 1.0000 0.9392 0.3117 0.1034 0.0343 0.0022
0.0032 0.0507 0.1527 0.4603 1.0000 1.0000 1.0000 1.0000 1.0000 0.0008 0.0023 0.0070 0.0211 0.0636 0.1901 0.5674 1.0000 1.0000 1.0000 1.0000 1.0000 0.0006 0.0016 0.0040 0.0095 0.0219 0.0492 0.1074 0.2286 0.4745 0.9608 1.0000 1.0000 1.0000 1.0000 1.0000 1.0000 1.0000 1.0000 0.0005 0.0008 0.0012 0.0019 0.0030 0.0046 0.0070 0.0106 0.0159 0.0238 0.0363 0.0493 0.0363 0.0238 0.0159 0.0106 0.0070 0.0046 0.0030 0.0019 0.0012 0.0008 0.0005 1.0000 1.0000 1.0000 1.0000 1.0000 1.0000 1.0000 1.0000 0.9608 0.4745 0.2286 0.1074 0.0492 0.0219 0.0095 0.0040 0.0016 0.0006 1.0000 1.0000 1.0000 1.0000 1.0000 0.5674 0.1901 0.0636 0.0211 0.0070 0.0023 0.0008 1.0000 1.0000 1.0000 1.0000 1.0000 0.4603 0.1527 0.0507 0.0032
0.0047 0.0749 0.2256 0.6797 1.0000 1.0000 1.0000 1.0000 0.0004 0.0011 0.0034 0.0103 0.0312 0.0939 0.2818 0.8443 1.0000 1.0000 1.0000 1.0000 0.0004 0.0010 0.0027 0.0069 0.0169 0.0401 0.0925 0.2071 0.4516 0.9608 1.0000 1.0000 1.0000 1.0000 1.0000 1.0000 1.0000 0.0004 0.0007 0.0012 0.0020 0.0033 0.0053 0.0083 0.0131 0.0202 0.0309 0.0469 0.0706 0.1083 0.1476 0.1083 0.0706 0.0469 0.0309 0.0202 0.0131 0.0083 0.0053 0.0033 0.0020 0.0012 0.0007 0.0004 1.0000 1.0000 1.0000 1.0000 1.0000 1.0000 1.0000 0.9608 0.4516 0.2071 0.0925 0.0401 0.0169 0.0069 0.0027 0.0010 0.0004 1.0000 1.0000 1.0000 1.0000 0.8443 0.2818 0.0939 0.0312 0.0103 0.0034 0.0011 0.0004 1.0000 1.0000 1.0000 1.0000 0.6797 0.2256 0.0749 0.0047
0.0069 0.1105 0.3331 1.0000 1.0000 1.0000 1.0000 1.0000 0.0006 0.0017 0.0051 0.0153 0.0460 0.1386 0.4177 1.0000 1.0000 1.0000 1.0000 1.0000 0.0006 0.0017 0.0045 0.0117 0.0294 0.0717 0.1699 0.3901 0.8720 1.0000 1.0000 1.0000 1.0000 1.0000 1.0000 1.0000 0.0005 0.0009 0.0017 0.0030 0.0051 0.0085 0.0141 0.0228 0.0365 0.0573 0.0888 0.1360 0.2067 0.3207 0.4389 0.3207 0.2067 0.1360 0.0888 0.0573 0.0365 0.0228 0.0141 0.0085 0.0051 0.0030 0.0017 0.0009 0.0005 1.0000 1.0000 1.0000 1.0000 1.0000 1.0000 1.0000 0.8720 0.3901 0.1699 0.0717 0.0294 0.0117 0.0045 0.0017 0.0006 1.0000 1.0000 1.0000 1.0000 1.0000 0.4177 0.1386 0.0460 0.0153 0.0051 0.0017 0.0006 1.0000 1.0000 1.0000 1.0000 1.0000 0.3331 0.1105 0.0069
0.0102 0.1633 0.4920 1.0000 1.0000 1.0000 1.0000 1.0000 0.0008 0.0025 0.0075 0.0225 0.0679 0.2047 0.6169 1.0000 1.0000 1.0000 1.0000 1.0000 0.0009 0.0026 0.0072 0.0193 0.0499 0.1253 0.3046 0.7196 1.0000 1.0000 1.0000 1.0000 1.0000 1.0000 1.0000 0.0006 0.0012 0.0022 0.0040 0.0072 0.0127 0.0218 0.0368 0.0611 0.0994 0.1590 0.2504 0.3901 0.5995 0.9374 1.0000 0.9374 0.5995 0.3901 0.2504 0.1590 0.0994 0.0611 0.0368 0.0218 0.0127 0.0072 0.0040 0.0022 0.0012 0.0006 1.0000 1.0000 1.0000 1.0000 1.0000 1.0000 1.0000 0.7196 0.3046 0.1253 0.0499 0.0193 0.0072 0.0026 0.0009 1.0000 1.0000 1.0000 1.0000 1.0000 0.6169 0.2047 0.0679 0.0225 0.0075 0.0025 0.0008 1.0000 1.0000 1.0000 1.0000 1.0000 0.4920 0.1633 0.0102
0.0151 0.2411 0.7265 1.0000 1.0000 1.0000 1.0000 0.0004 0.0012 0.0037 0.0110 0.0333 0.1003 0.3023 0.9128 1.0000 1.0000 1.0000 1.0000 0.0005 0.0014 0.0041 0.0114 0.0313 0.0833 0.2143 0.5349 1.0000 1.0000 1.0000 1.0000 1.0000 1.0000 1.0000 0.0007 0.0013 0.0026 0.0050 0.0093 0.0171 0.0307 0.0543 0.0939 0.1590 0.2641 0.4315 0.6941 1.0000 1.0000 1.0000 1.0000 1.0000 1.0000 1.0000 0.6941 0.4315 0.2641 0.1587 0.0939 0.0543 0.0307 0.0171 0.0093 0.0050 0.0026 0.0013 0.0007 1.0000 1.0000 1.0000 1.0000 1.0000 1.0000 1.0000 0.5349 0.2143 0.0833 0.0313 0.0114 0.0041 0.0014 0.0005 1.0000 1.0000 1.0000 1.0000 0.9128 0.3023 0.1003 0.0333 0.0110 0.0037 0.0012 0.0004 1.0000 1.0000 1.0000 1.0000 0.7265 0.2411 0.0151
0.0223 0.3561 1.0000 1.0000 1.0000 1.0000 1.0000 0.0006 0.0018 0.0054 0.0163 0.0492 0.1482 0.4465 1.0000 1.0000 1.0000 1.0000 1.0000 0.0007 0.0022 0.0063 0.0179 0.0498 0.1358 0.3581 0.9180 1.0000 1.0000 1.0000 1.0000 1.0000 1.0000 0.0007 0.0014 0.0028 0.0057 0.0110 0.0211 0.0396 0.0729 0.1314 0.2321 0.4021 0.6849 1.0000 1.0000 1.0000 1.0000 1.0000 1.0000 1.0000 1.0000 1.0000 1.0000 1.0000 0.6849 0.4029 0.2321 0.1312 0.0729 0.0396 0.0211 0.0110 0.0057 0.0028 0.0014 0.0007 1.0000 1.0000 1.0000 1.0000 1.0000 1.0000 0.9180 0.3581 0.1358 0.0498 0.0179 0.0063 0.0022 0.0007 1.0000 1.0000 1.0000 1.0000 1.0000 0.4465 0.1482 0.0492 0.0163 0.0054 0.0018 0.0006 1.0000 1.0000 1.0000 1.0000 1.0000 0.3561 0.0223
0.0330 0.5258 1.0000 1.0000 1.0000 1.0000 1.0000 0.0009 0.0027 0.0080 0.0241 0.0726 0.2188 0.6594 1.0000 1.0000 1.0000 1.0000 0.0004 0.0011 0.0032 0.0095 0.0275 0.0782 0.2172 0.5871 1.0000 1.0000 1.0000 1.0000 1.0000 1.0000 0.0006 0.0013 0.0028 0.0059 0.0120 0.0239 0.0467 0.0895 0.1680 0.3093 0.5599 0.9924 1.0000 1.0000 1.0000 1.0000 1.0000 1.0000 1.0000 1.0000 1.0000 1.0000 1.0000 1.0000 1.0000 0.9924 0.5609 0.3105 0.1680 0.0893 0.0466 0.0240 0.0120 0.0059 0.0028 0.0013 0.0006 1.0000 1.0000 1.0000 1.0000 1.0000 1.0000 0.5871 0.2172 0.0782 0.0275 0.0095 0.0032 0.0011 0.0004 1.0000 1.0000 1.0000 1.0000 0.6594 0.2188 0.0726 0.0241 0.0080 0.0027 0.0009 1.0000 1.0000 1.0000 1.0000 1.0000 0.5258 0.0330
0.0487 0.7765 1.0000 1.0000 1.0000 1.0000 0.0004 0.0013 0.0039 0.0118 0.0356 0.1072 0.3231 0.9737 1.0000 1.0000 1.0000 1.0000 0.0005 0.0016 0.0048 0.0143 0.0419 0.1209 0.3415 0.9427 1.0000 1.0000 1.0000 1.0000 1.0000 0.0005 0.0012 0.0026 0.0057 0.0120 0.0249 0.0508 0.1011 0.1975 0.3791 0.7128 1.0000 1.0000 1.0000 1.0000 1.0000 1.0000 1.0000 1.0000 1.0000 1.0000 1.0000 1.0000 1.0000 1.0000 1.0000 1.0000 1.0000 0.7142 0.3791 0.1975 0.1009 0.0507 0.0249 0.0120 0.0057 0.0026 0.0012 0.0005 1.0000 1.0000 1.0000 1.0000 1.0000 0.9445 0.3421 0.1209 0.0419 0.0143 0.0048 0.0016 0.0005 1.0000 1.0000 1.0000 1.0000 0.9737 0.3231 0.1072 0.0356 0.0118 0.0039 0.0013 0.0004 1.0000 1.0000 1.0000 1.0000 0.7765 0.0487
0.0719 1.0000 1.0000 1.0000 1.0000 1.0000 0.0006 0.0019 0.0058 0.0174 0.0526 0.1584 0.4772 1.0000 1.0000 1.0000 1.0000 1.0000 0.0008 0.0024 0.0072 0.0214 0.0631 0.1847 0.5298 1.0000 1.0000 1.0000 1.0000 1.0000 0.0004 0.0009 0.0022 0.0050 0.0110 0.0239 0.0508 0.1052 0.2139 0.4266 0.8347 1.0000 1.0000 1.0000 1.0000 1.0000 1.0000 1.0000 1.0000 1.0000 0.0005 1.0000 1.0000 1.0000 1.0000 1.0000 1.0000 1.0000 1.0000 1.0000 0.8347 0.4266 0.2143 0.1052 0.0507 0.0240 0.0110 0.0050 0.0022 0.0009 0.0004 1.0000 1.0000 1.0000 1.0000 1.0000 0.5308 0.1847 0.0633 0.0214 0.0072 0.0024 0.0008 1.0000 1.0000 1.0000 1.0000 1.0000 0.4772 0.1584 0.0526 0.0174 0.0058 0.0019 0.0006 1.0000 1.0000 1.0000 1.0000 1.0000 0.0719
0.1062 1.0000 1.0000 1.0000 1.0000 1.0000 0.0009 0.0028 0.0085 0.0258 0.0776 0.2339 0.7047 1.0000 1.0000 1.0000 1.0000 0.0004 0.0012 0.0036 0.0107 0.0319 0.0948 0.2786 0.8112 1.0000 1.0000 1.0000 1.0000 1.0000 0.0007 0.0017 0.0040 0.0093 0.0211 0.0467 0.1011 0.2139 0.4439 0.9024 1.0000 1.0000 1.0000 1.0000 1.0000 1.0000 1.0000 1.0000 0.0005 0.0009 0.0014 0.0009 0.0005 1.0000 1.0000 1.0000 1.0000 1.0000 1.0000 1.0000 1.0000 0.9024 0.4439 0.2143 0.1009 0.0466 0.0211 0.0093 0.0040 0.0017 0.0007 1.0000 1.0000 1.0000 1.0000 1.0000 0.8143 0.2797 0.0949 0.0319 0.0107 0.0036 0.0012 0.0004 1.0000 1.0000 1.0000 1.0000 0.7047 0.2339 0.0776 0.0258 0.0085 0.0028 0.0009 1.0000 1.0000 1.0000 1.0000 1.0000 0.1062
0.1569 1.0000 1.0000 1.0000 1.0000 0.0005 0.0014 0.0042 0.0126 0.0380 0.1146 0.3454 1.0000 1.0000 1.0000 1.0000 1.0000 0.0006 0.0017 0.0053 0.0158 0.0472 0.1413 0.4193 1.0000 1.0000 1.0000 1.0000 1.0000 0.0005 0.0012 0.0030 0.0072 0.0171 0.0396 0.0895 0.1975 0.4266 0.9024 1.0000 1.0000 1.0000 1.0000 1.0000 1.0000 1.0000 0.0004 0.0007 0.0013 0.0024 0.0036 0.0024 0.0013 0.0007 0.0004 1.0000 1.0000 1.0000 1.0000 1.0000 1.0000 1.0000 0.9024 0.4266 0.1975 0.0893 0.0396 0.0171 0.0072 0.0030 0.0012 0.0005 1.0000 1.0000 1.0000 1.0000 1.0000 0.4201 0.1418 0.0474 0.0158 0.0053 0.0017 0.0006 1.0000 1.0000 1.0000 1.0000 1.0000 0.3454 0.1146 0.0380 0.0126 0.0042 0.0014 0.0005 1.0000 1.0000 1.0000 1.0000 0.1569
0.2317 1.0000 1.0000 1.0000 1.0000 0.0007 0.0021 0.0062 0.0186 0.0562 0.1693 0.5101 1.0000 1.0000 1.0000 1.0000 1.0000 0.0009 0.0026 0.0078 0.0233 0.0702 0.2102 0.6264 1.0000 1.0000 1.0000 1.0000 1.0000 0.0008 0.0020 0.0051 0.0127 0.0307 0.0729 0.1680 0.3791 0.8347 1.0000 1.0000 1.0000 1.0000 1.0000 1.0000 1.0000 0.0005 0.0010 0.0018 0.0032 0.0058 0.0090 0.0059 0.0032 0.0018 0.0010 0.0005 1.0000 1.0000 1.0000 1.0000 1.0000 1.0000 1.0000 0.8347 0.3791 0.1680 0.0729 0.0307 0.0127 0.0051 0.0020 0.0008 1.0000 1.0000 1.0000 1.0000 1.0000 0.6275 0.2102 0.0702 0.0234 0.0078 0.0026 0.0009 1.0000 1.0000 1.0000 1.0000 1.0000 0.5101 0.1693 0.0562 0.0186 0.0062 0.0021 0.0007 1.0000 1.0000 1.0000 1.0000 0.2317
0.3421 1.0000 1.0000 1.0000 0.0003 0.0010 0.0030 0.0091 0.0275 0.0830 0.2500 0.7532 1.0000 1.0000 1.0000 1.0000 0.0004 0.0013 0.0038 0.0115 0.0345 0.1040 0.3123 0.9338 1.0000 1.0000 1.0000 1.0000 0.0004 0.0012 0.0033 0.0085 0.0218 0.0543 0.1312 0.3105 0.7142 1.0000 1.0000 1.0000 1.0000 1.0000 1.0000 1.0000 0.0006 0.0012 0.0022 0.0041 0.0075 0.0142 0.0223 0.0142 0.0075 0.0041 0.0022 0.0012 0.0006 1.0000 1.0000 1.0000 1.0000 1.0000 1.0000 1.0000 0.7142 0.3105 0.1312 0.0543 0.0218 0.0085 0.0033 0.0012 0.0004 1.0000 1.0000 1.0000 1.0000 0.9338 0.3123 0.1040 0.0345 0.0115 0.0038 0.0013 0.0004 1.0000 1.0000 1.0000 1.0000 0.7532 0.2500 0.0830 0.0275 0.0091 0.0030 0.0010 0.0003 1.0000 1.0000 1.0000 0.3421
0.5052 1.0000 1.0000 1.0000 0.0005 0.0015 0.0045 0.0135 0.0407 0.1225 0.3692 1.0000 1.0000 1.0000 1.0000 1.0000 0.0006 0.0019 0.0056 0.0169 0.0510 0.1536 0.4629 1.0000 1.0000 1.0000 1.0000 1.0000 0.0007 0.0019 0.0053 0.0141 0.0368 0.0939 0.2321 0.5609 1.0000 1.0000 1.0000 1.0000 1.0000 1.0000 1.0000 0.0006 0.0013 0.0025 0.0049 0.0093 0.0174 0.0337 0.0537 0.0337 0.0175 0.0093 0.0049 0.0025 0.0013 0.0006 1.0000 1.0000 1.0000 1.0000 1.0000 1.0000 1.0000 0.5609 0.2321 0.0939 0.0368 0.0141 0.0053 0.0019 0.0007 1.0000 1.0000 1.0000 1.0000 1.0000 0.4620 0.1536 0.0510 0.0169 0.0056 0.0019 0.0006 1.0000 1.0000 1.0000 1.0000 1.0000 0.3692 0.1225 0.0407 0.0135 0.0045 0.0015 0.0005 1.0000 1.0000 1.0000 0.5052
0.7461 1.0000 1.0000 1.0000 0.0007 0.0022 0.0066 0.0199 0.0600 0.1809 0.5452 1.0000 1.0000 1.0000 1.0000 1.0000 0.0009 0.0028 0.0083 0.0250 0.0753 0.2273 0.6836 1.0000 1.0000 1.0000 1.0000 0.0004 0.0010 0.0030 0.0083 0.0228 0.0611 0.1587 0.4029 0.9924 1.0000 1.0000 1.0000 1.0000 1.0000 1.0000 0.0006 0.0013 0.0027 0.0055 0.0107 0.0208 0.0397 0.0782 0.1263 0.0784 0.0397 0.0209 0.0108 0.0055 0.0027 0.0013 0.0006 1.0000 1.0000 1.0000 1.0000 1.0000 1.0000 0.9924 0.4029 0.1587 0.0611 0.0228 0.0083 0.0030 0.0010 0.0004 1.0000 1.0000 1.0000 1.0000 0.6836 0.2273 0.0753 0.0250 0.0083 0.0028 0.0009 1.0000 1.0000 1.0000 1.0000 1.0000 0.5452 0.1809 0.0600 0.0199 0.0066 0.0022 0.0007 1.0000 1.0000 1.0000 0.7461
1.0000 1.0000 1.0000 0.0004 0.0011 0.0032 0.0098 0.0294 0.0887 0.2672 0.8051 1.0000 1.0000 1.0000 1.0000 0.0004 0.0013 0.0041 0.0122 0.0369 0.1112 0.3350 1.0000 1.0000 1.0000 1.0000 1.0000 0.0005 0.0016 0.0046 0.0131 0.0365 0.0994 0.2641 0.6849 1.0000 1.0000 1.0000 1.0000 1.0000 1.0000 0.0006 0.0013 0.0027 0.0056 0.0115 0.0231 0.0455 0.0883 0.1775 0.2910 0.1782 0.0885 0.0456 0.0231 0.0115 0.0056 0.0027 0.0013 0.0006 1.0000 1.0000 1.0000 1.0000 1.0000 1.0000 0.6849 0.2641 0.0994 0.0365 0.0131 0.0046 0.0016 0.0005 1.0000 1.0000 1.0000 1.0000 1.0000 0.3350 0.1112 0.0369 0.0122 0.0041 0.0013 0.0004 1.0000 1.0000 1.0000 1.0000 0.8051 0.2672 0.0887 0.0294 0.0098 0.0032 0.0011 0.0004 1.0000 1.0000 1.0000
1.0000 1.0000 1.0000 0.0005 0.0016 0.0048 0.0144 0.0435 0.1309 0.3946 1.0000 1.0000 1.0000 1.0000 1.0000 0.0007 0.0020 0.0060 0.0181 0.0545 0.1642 0.4948 1.0000 1.0000 1.0000 1.0000 1.0000 0.0008 0.0024 0.0070 0.0202 0.0573 0.1590 0.4315 1.0000 1.0000 1.0000 1.0000 1.0000 1.0000 0.0005 0.0012 0.0025 0.0055 0.0115 0.0239 0.0487 0.0979 0.1926 0.3961 0.6569 0.3968 0.1930 0.0981 0.0488 0.0239 0.0115 0.0055 0.0025 0.0012 0.0005 1.0000 1.0000 1.0000 1.0000 1.0000 1.0000 0.4315 0.1590 0.0573 0.0202 0.0070 0.0024 0.0008 1.0000 1.0000 1.0000 1.0000 1.0000 0.4948 0.1642 0.0545 0.0181 0.0060 0.0020 0.0007 1.0000 1.0000 1.0000 1.0000 1.0000 0.3946 0.1309 0.0435 0.0144 0.0048 0.0016 0.0005 1.0000 1.0000 1.0000
1.0000 1.0000 1.0000 0.0008 0.0023 0.0071 0.0213 0.0642 0.1934 0.5827 1.0000 1.0000 1.0000 1.0000 1.0000 0.0010 0.0029 0.0089 0.0267 0.0805 0.2425 0.7307 1.0000 1.0000 1.0000 1.0000 0.0004 0.0012 0.0036 0.0106 0.0309 0.0888 0.2504 0.6941 1.0000 1.0000 1.0000 1.0000 1.0000 0.0004 0.0010 0.0022 0.0049 0.0108 0.0231 0.0487 0.1011 0.2059 0.4138 0.8654 1.0000 0.8687 0.4146 0.2063 0.1013 0.0488 0.0231 0.0108 0.0049 0.0022 0.0010 0.0004 1.0000 1.0000 1.0000 1.0000 1.0000 0.6941 0.2504 0.0888 0.0309 0.0106 0.0036 0.0012 0.0004 1.0000 1.0000 1.0000 1.0000 0.7307 0.2425 0.0805 0.0267 0.0089 0.0029 0.0010 1.0000 1.0000 1.0000 1.0000 1.0000 0.5827 0.1934 0.0642 0.0213 0.0071 0.0023 0.0008 1.0000 1.0000 1.0000
1.0000 1.0000 0.0004 0.0011 0.0035 0.0104 0.0314 0.0948 0.2856 0.8605 1.0000 1.0000 1.0000 1.0000 0.0005 0.0014 0.0043 0.0131 0.0394 0.1188 0.3581 1.0000 1.0000 1.0000 1.0000 1.0000 0.0006 0.0018 0.0054 0.0159 0.0469 0.1363 0.3893 1.0000 1.0000 1.0000 1.0000 1.0000 1.0000 0.0007 0.0018 0.0041 0.0093 0.0209 0.0456 0.0979 0.2063 0.4282 0.8737 1.0000 1.0000 1.0000 0.8754 0.4290 0.2063 0.0981 0.0456 0.0209 0.0093 0.0041 0.0018 0.0007 1.0000 1.0000 1.0000 1.0000 1.0000 1.0000 0.3901 0.1360 0.0469 0.0159 0.0054 0.0018 0.0006 1.0000 1.0000 1.0000 1.0000 1.0000 0.3581 0.1188 0.0394 0.0131 0.0043 0.0014 0.0005 1.0000 1.0000 1.0000 1.0000 0.8605 0.2856 0.0948 0.0314 0.0104 0.0035 0.0011 0.0004 1.0000 1.0000
1.0000 1.0000 0.0006 0.0017 0.0051 0.0154 0.0464 0.1400 0.4217 1.0000 1.0000 1.0000 1.0000 1.0000 0.0007 0.0021 0.0064 0.0193 0.0582 0.1755 0.5288 1.0000 1.0000 1.0000 1.0000 1.0000 0.0009 0.0027 0.0080 0.0238 0.0706 0.2067 0.5995 1.0000 1.0000 1.0000 1.0000 1.0000 0.0005 0.0013 0.0032 0.0075 0.0175 0.0397 0.0885 0.1930 0.4138 0.8720 1.0000 1.0000 1.0000 1.0000 1.0000 0.8754 0.4146 0.1930 0.0885 0.0397 0.0175 0.0075 0.0032 0.0013 0.0005 1.0000 1.0000 1.0000 1.0000 1.0000 0.5995 0.2067 0.0706 0.0238 0.0080 0.0027 0.0009 1.0000 1.0000 1.0000 1.0000 1.0000 0.5288 0.1755 0.0582 0.0193 0.0064 0.0021 0.0007 1.0000 1.0000 1.0000 1.0000 1.0000 0.4217 0.1400 0.0464 0.0154 0.0051 0.0017 0.0006 1.0000 1.0000
1.0000 1.0000 0.0009 0.0026 0.0078 0.0234 0.0704 0.2123 0.6396 1.0000 1.0000 1.0000 1.0000 0.0004 0.0011 0.0032 0.0097 0.0293 0.0883 0.2662 0.8020 1.0000 1.0000 1.0000 1.0000 0.0004 0.0013 0.0040 0.0121 0.0363 0.1083 0.3207 0.9374 1.0000 1.0000 1.0000 1.0000 1.0000 0.0009 0.0024 0.0059 0.0142 0.0337 0.0782 0.1778 0.3968 0.8671 1.0000 1.0000 1.0000 1.0000 1.0000 1.0000 1.0000 0.8687 0.3968 0.1778 0.0782 0.0337 0.0142 0.0059 0.0024 0.0009 1.0000 1.0000 1.0000 1.0000 1.0000 0.9374 0.3207 0.1083 0.0363 0.0121 0.0040 0.0013 0.0004 1.0000 1.0000 1.0000 1.0000 0.8020 0.2662 0.0883 0.0293 0.0097 0.0032 0.0011 0.0004 1.0000 1.0000 1.0000 1.0000 0.6396 0.2123 0.0704 0.0234 0.0078 0.0026 0.0009 1.0000 1.0000
1.0000 0.0004 0.0012 0.0035 0.0105 0.0317 0.0953 0.2872 0.8654 1.0000 1.0000 1.0000 1.0000 0.0005 0.0014 0.0044 0.0132 0.0397 0.1195 0.3601 1.0000 1.0000 1.0000 1.0000 1.0000 0.0006 0.0018 0.0055 0.0164 0.0493 0.1476 0.4389 1.0000 1.0000 1.0000 1.0000 1.0000 0.0005 0.0014 0.0036 0.0090 0.0223 0.0537 0.1265 0.2916 0.6581 1.0000 1.0000 1.0000 1.0000 1.0000 1.0000 1.0000 1.0000 1.0000 0.6581 0.2916 0.1265 0.0537 0.0223 0.0090 0.0036 0.0014 0.0005 1.0000 1.0000 1.0000 1.0000 1.0000 0.4389 0.1476 0.0493 0.0164 0.0055 0.0018 0.0006 1.0000 1.0000 1.0000 1.0000 1.0000 0.3601 0.1195 0.0397 0.0132 0.0044 0.0014 0.0005 1.0000 1.0000 1.0000 1.0000 0.8654 0.2872 0.0953 0.0317 0.0105 0.0035 0.0012 0.0004 1.0000
1.0000 1.0000 0.0009 0.0026 0.0078 0.0234 0.0704 0.2123 0.6396 1.0000 1.0000 1.0000 1.0000 0.0004 0.0011 0.0032 0.0097 0.0293 0.0883 0.2662 0.8020 1.0000 1.0000 1.0000 1.0000 0.0004 0.0013 0.0040 0.0121 0.0363 0.1083 0.3207 0.9374 1.0000 1.0000 1.0000 1.0000 1.0000 0.0009 0.0024 0.0059 0.0142 0.0337 0.0782 0.1778 0.3968 0.8687 1.0000 1.0000 1.0000 1.0000 1.0000 1.0000 1.0000 0.8687 0.3968 0.1778 0.0782 0.0337 0.0142 0.0059 0.0024 0.0009 1.0000 1.0000 1.0000 1.0000 1.0000 0.9374 0.3207 0.1083 0.0363 0.0121 0.0040 0.0013 0.0004 1.0000 1.0000 1.0000 1.0000 0.8020 0.2662 0.0883 0.0293 0.0097 0.0032 0.0011 0.0004 1.0000 1.0000 1.0000 1.0000 0.6396 0.2123 0.0704 0.0234 0.0078 0.0026 0.0009 1.0000 1.0000
1.0000 1.0000 0.0006 0.0017 0.0051 0.0154 0.0464 0.1400 0.4217 1.0000 1.0000 1.0000 1.0000 1.0000 0.0007 0.0021 0.0064 0.0193 0.0582 0.1755 0.5288 1.0000 1.0000 1.0000 1.0000 1.0000 0.0009 0.0027 0.0080 0.0238 0.0706 0.2067 0.5995 1.0000 1.0000 1.0000 1.0000 1.0000 0.0005 0.0013 0.0032 0.0075 0.0175 0.0397 0.0885 0.1930 0.4146 0.8754 1.0000 1.0000 1.0000 1.0000 1.0000 0.8754 0.4146 0.1930 0.0885 0.0397 0.0175 0.0075 0.0032 0.0013 0.0005 1.0000 1.0000 1.0000 1.0000 1.0000 0.5995 0.2067 0.0706 0.0238 0.0080 0.0027 0.0009 1.0000 1.0000 1.0000 1.0000 1.0000 0.5288 0.1755 0.0582 0.0193 0.0064 0.0021 0.0007 1.0000 1.0000 1.0000 1.0000 1.0000 0.4217 0.1400 0.0464 0.0154 0.0051 0.0017 0.0006 1.0000 1.0000
1.0000 1.0000 0.0004 0.0011 0.0035 0.0104 0.0314 0.0948 0.2856 0.8605 1.0000 1.0000 1.0000 1.0000 0.0005 0.0014 0.0043 0.0131 0.0394 0.1188 0.3581 1.0000 1.0000 1.0000 1.0000 1.0000 0.0006 0.0018 0.0054 0.0159 0.0469 0.1363 0.3893 1.0000 1.0000 1.0000 1.0000 1.0000 1.0000 0.0007 0.0018 0.0041 0.0093 0.0209 0.0456 0.0981 0.2063 0.4290 0.8754 1.0000 1.0000 1.0000 0.8754 0.4290 0.2063 0.0981 0.0456 0.0209 0.0093 0.0041 0.0018 0.0007 1.0000 1.0000 1.0000 1.0000 1.0000 1.0000 0.3901 0.1360 0.0469 0.0159 0.0054 0.0018 0.0006 1.0000 1.0000 1.0000 1.0000 1.0000 0.3581 0.1188 0.0394 0.0131 0.0043 0.0014 0.0005 1.0000 1.0000 1.0000 1.0000 0.8605 0.2856 0.0948 0.0314 0.0104 0.0035 0.0011 0.0004 1.0000 1.0000
1.0000 1.0000 1.0000 0.0008 0.0023 0.0071 0.0213 0.0642 0.1934 0.5827 1.0000 1.0000 1.0000 1.0000 1.0000 0.0010 0.0029 0.0089 0.0267 0.0805 0.2425 0.7307 1.0000 1.0000 1.0000 1.0000 0.0004 0.0012 0.0036 0.0106 0.0309 0.0888 0.2504 0.6941 1.0000 1.0000 1.0000 1.0000 1.0000 0.0004 0.0010 0.0022 0.0049 0.0108 0.0231 0.0488 0.1013 0.2063 0.4146 0.8687 1.0000 0.8687 0.4146 0.2063 0.1013 0.0488 0.0231 0.0108 0.0049 0.0022 0.0010 0.0004 1.0000 1.0000 1.0000 1.0000 1.0000 0.6941 0.2504 0.0888 0.0309 0.0106 0.0036 0.0012 0.0004 1.0000 1.0000 1.0000 1.0000 0.7307 0.2425 0.0805 0.0267 0.0089 0.0029 0.0010 1.0000 1.0000 1.0000 1.0000 1.0000 0.5827 0.1934 0.0642 0.0213 0.0071 0.0023 0.0008 1.0000 1.0000 1.0000
1.0000 1.0000 1.0000 0.0005 0.0016 0.0048 0.0144 0.0435 0.1309 0.3946 1.0000 1.0000 1.0000 1.0000 1.0000 0.0007 0.0020 0.0060 0.0181 0.0545 0.1642 0.4948 1.0000 1.0000 1.0000 1.0000 1.0000 0.0008 0.0024 0.0070 0.0202 0.0573 0.1590 0.4315 1.0000 1.0000 1.0000 1.0000 1.0000 1.0000 0.0005 0.0012 0.0025 0.0055 0.0115 0.0239 0.0488 0.0981 0.1930 0.3968 0.6581 0.3968 0.1930 0.0981 0.0488 0.0239 0.0115 0.0055 0.0025 0.0012 0.0005 1.0000 1.0000 1.0000 1.0000 1.0000 1.0000 0.4315 0.1590 0.0573 0.0202 0.0070 0.0024 0.0008 1.0000 1.0000 1.0000 1.0000 1.0000 0.4948 0.1642 0.0545 0.0181 0.0060 0.0020 0.0007 1.0000 1.0000 1.0000 1.0000 1.0000 0.3946 0.1309 0.0435 0.0144 0.0048 0.0016 0.0005 1.0000 1.0000 1.0000
