0.4097 0.4136 0.4192 0.4213 0.4222 0.4225 0.4219 0.4205 0.4182 0.4151 0.4111 0.4063 0.4005 0.3935 0.3851 0.3747 0.3613 0.3443 0.3257 0.3103 0.3025 0.3005 0.3016 0.3054 0.3114 0.3193 0.3291 0.3403 0.3526 0.3656 0.3785 0.3905 0.4008 0.4088 0.4146 0.4185 0.4207 0.4220 0.4225 0.4222 0.4211 0.4192 0.4163 0.4127 0.4082 0.4028 0.3963 0.3885 0.3789 0.3654 0.3524 0.3654 0.3789 0.3885 0.3963 0.4028 0.4082 0.4127 0.4163 0.4192 0.4211 0.4222 0.4225 0.4220 0.4207 0.4185 0.4146 0.4088 0.4008 0.3905 0.3785 0.3656 0.3526 0.3403 0.3291 0.3193 0.3114 0.3054 0.3016 0.3005 0.3025 0.3103 0.3257 0.3443 0.3613 0.3747 0.3851 0.3935 0.4005 0.4063 0.4111 0.4151 0.4182 0.4205 0.4219 0.4225 0.4222 0.4213 0.4192 0.4136 0.4097
0.4136 0.4226 0.4169 0.4131 0.4082 0.4022 0.3949 0.3861 0.3757 0.3637 0.3497 0.3335 0.3142 0.2903 0.2595 0.2245 0.1926 0.1768 0.1752 0.1829 0.1958 0.2106 0.2274 0.2464 0.2674 0.2903 0.3149 0.3402 0.3650 0.3872 0.4041 0.4144 0.4193 0.4206 0.4198 0.4177 0.4144 0.4100 0.4045 0.3978 0.3896 0.3798 0.3684 0.3552 0.3399 0.3218 0.2998 0.2715 0.2380 0.2019 0.1816 0.2019 0.2380 0.2715 0.2998 0.3218 0.3399 0.3552 0.3684 0.3798 0.3896 0.3978 0.4045 0.4100 0.4144 0.4177 0.4198 0.4206 0.4193 0.4144 0.4041 0.3872 0.3650 0.3402 0.3149 0.2903 0.2674 0.2464 0.2274 0.2106 0.1958 0.1829 0.1752 0.1768 0.1926 0.2245 0.2595 0.2903 0.3142 0.3335 0.3497 0.3637 0.3757 0.3861 0.3949 0.4022 0.4082 0.4131 0.4169 0.4226 0.4136
0.4192 0.4169 0.4073 0.3987 0.3893 0.3789 0.3671 0.3535 0.3377 0.3190 0.2962 0.2668 0.2326 0.1992 0.1806 0.1771 0.1831 0.1960 0.2109 0.2278 0.2469 0.2680 0.2911 0.3157 0.3411 0.3660 0.3880 0.4047 0.4146 0.4191 0.4202 0.4191 0.4167 0.4132 0.4088 0.4035 0.3972 0.3898 0.3810 0.3706 0.3582 0.3436 0.3262 0.3052 0.2783 0.2456 0.2104 0.1854 0.1773 0.1799 0.1856 0.1799 0.1773 0.1854 0.2104 0.2456 0.2783 0.3052 0.3262 0.3436 0.3582 0.3706 0.3810 0.3898 0.3972 0.4035 0.4088 0.4132 0.4167 0.4191 0.4202 0.4191 0.4146 0.4047 0.3880 0.3660 0.3411 0.3157 0.2911 0.2680 0.2469 0.2278 0.2109 0.1960 0.1831 0.1771 0.1806 0.1992 0.2326 0.2668 0.2962 0.3190 0.3377 0.3535 0.3671 0.3789 0.3893 0.3987 0.4073 0.4169 0.4192
0.4213 0.4131 0.3987 0.3841 0.3676 0.3490 0.3284 0.3050 0.2765 0.2411 0.2051 0.1826 0.1769 0.1814 0.1937 0.2082 0.2248 0.2435 0.2643 0.2870 0.3114 0.3368 0.3618 0.3846 0.4023 0.4133 0.4186 0.4202 0.4194 0.4172 0.4139 0.4096 0.4045 0.3984 0.3912 0.3827 0.3725 0.3605 0.3463 0.3294 0.3091 0.2835 0.2515 0.2161 0.1884 0.1777 0.1787 0.1888 0.2029 0.2187 0.2282 0.2187 0.2029 0.1888 0.1787 0.1777 0.1884 0.2161 0.2515 0.2835 0.3091 0.3294 0.3463 0.3605 0.3725 0.3827 0.3912 0.3984 0.4045 0.4096 0.4139 0.4172 0.4194 0.4202 0.4186 0.4133 0.4023 0.3846 0.3618 0.3368 0.3114 0.2870 0.2643 0.2435 0.2248 0.2082 0.1937 0.1814 0.1769 0.1826 0.2051 0.2411 0.2765 0.3050 0.3284 0.3490 0.3676 0.3841 0.3987 0.4131 0.4213
0.4222 0.4082 0.3893 0.3676 0.3413 0.3108 0.2751 0.2295 0.1901 0.1758 0.1785 0.1903 0.2050 0.2215 0.2400 0.2605 0.2830 0.3072 0.3324 0.3577 0.3810 0.3997 0.4119 0.4181 0.4201 0.4196 0.4176 0.4145 0.4104 0.4054 0.3995 0.3925 0.3842 0.3744 0.3627 0.3489 0.3324 0.3128 0.2884 0.2572 0.2222 0.1920 0.1784 0.1779 0.1866 0.2001 0.2156 0.2331 0.2531 0.2747 0.2874 0.2747 0.2531 0.2331 0.2156 0.2001 0.1866 0.1779 0.1784 0.1920 0.2222 0.2572 0.2884 0.3128 0.3324 0.3489 0.3627 0.3744 0.3842 0.3925 0.3995 0.4054 0.4104 0.4145 0.4176 0.4196 0.4201 0.4181 0.4119 0.3997 0.3810 0.3577 0.3324 0.3072 0.2830 0.2605 0.2400 0.2215 0.2050 0.1903 0.1785 0.1758 0.1901 0.2295 0.2751 0.3108 0.3413 0.3676 0.3893 0.4082 0.4222
0.4225 0.4022 0.3789 0.3490 0.3108 0.2629 0.2019 0.1727 0.1787 0.1949 0.2130 0.2328 0.2542 0.2774 0.3020 0.3276 0.3532 0.3772 0.3970 0.4103 0.4174 0.4200 0.4198 0.4181 0.4151 0.4112 0.4064 0.4006 0.3938 0.3857 0.3762 0.3648 0.3514 0.3355 0.3164 0.2930 0.2629 0.2283 0.1961 0.1795 0.1773 0.1845 0.1977 0.2128 0.2300 0.2492 0.2706 0.2939 0.3191 0.3444 0.3579 0.3444 0.3191 0.2939 0.2706 0.2492 0.2300 0.2128 0.1977 0.1845 0.1773 0.1795 0.1961 0.2283 0.2629 0.2930 0.3164 0.3355 0.3514 0.3648 0.3762 0.3857 0.3938 0.4006 0.4064 0.4112 0.4151 0.4181 0.4198 0.4200 0.4174 0.4103 0.3970 0.3772 0.3532 0.3276 0.3020 0.2774 0.2542 0.2328 0.2130 0.1949 0.1787 0.1727 0.2019 0.2629 0.3108 0.3490 0.3789 0.4022 0.4225
0.4219 0.3949 0.3671 0.3284 0.2751 0.2019 0.1705 0.1864 0.2083 0.2329 0.2595 0.2875 0.3162 0.3446 0.3710 0.3930 0.4082 0.4164 0.4197 0.4200 0.4185 0.4157 0.4119 0.4072 0.4016 0.3950 0.3872 0.3779 0.3669 0.3538 0.3384 0.3199 0.2975 0.2684 0.2344 0.2007 0.1811 0.1771 0.1826 0.1953 0.2101 0.2269 0.2458 0.2668 0.2898 0.3143 0.3398 0.3647 0.3873 0.4040 0.4101 0.4040 0.3873 0.3647 0.3398 0.3143 0.2898 0.2668 0.2458 0.2269 0.2101 0.1953 0.1826 0.1771 0.1811 0.2007 0.2344 0.2684 0.2975 0.3199 0.3384 0.3538 0.3669 0.3779 0.3872 0.3950 0.4016 0.4072 0.4119 0.4157 0.4185 0.4200 0.4197 0.4164 0.4082 0.3930 0.3710 0.3446 0.3162 0.2875 0.2595 0.2329 0.2083 0.1864 0.1705 0.2019 0.2751 0.3284 0.3671 0.3949 0.4219
0.4205 0.3861 0.3535 0.3050 0.2295 0.1727 0.1864 0.2133 0.2443 0.2784 0.3140 0.3487 0.3791 0.4015 0.4140 0.4191 0.4201 0.4189 0.4163 0.4127 0.4081 0.4027 0.3962 0.3886 0.3796 0.3689 0.3562 0.3412 0.3233 0.3017 0.2738 0.2405 0.2057 0.1832 0.1770 0.1809 0.1930 0.2074 0.2239 0.2424 0.2631 0.2857 0.3101 0.3354 0.3605 0.3834 0.4015 0.4129 0.4185 0.4200 0.4193 0.4200 0.4185 0.4129 0.4015 0.3834 0.3605 0.3354 0.3101 0.2857 0.2631 0.2424 0.2239 0.2074 0.1930 0.1809 0.1770 0.1832 0.2057 0.2405 0.2738 0.3017 0.3233 0.3412 0.3562 0.3689 0.3796 0.3886 0.3962 0.4027 0.4081 0.4127 0.4163 0.4189 0.4201 0.4191 0.4140 0.4015 0.3791 0.3487 0.3140 0.2784 0.2443 0.2133 0.1864 0.1727 0.2295 0.3050 0.3535 0.3861 0.4205
0.4182 0.3757 0.3377 0.2765 0.1901 0.1787 0.2083 0.2443 0.2851 0.3280 0.3683 0.3988 0.4146 0.4197 0.4197 0.4174 0.4139 0.4094 0.4039 0.3976 0.3901 0.3813 0.3709 0.3586 0.3440 0.3266 0.3057 0.2790 0.2464 0.2112 0.1858 0.1773 0.1796 0.1907 0.2048 0.2209 0.2391 0.2594 0.2817 0.3058 0.3310 0.3563 0.3798 0.3989 0.4114 0.4178 0.4201 0.4197 0.4178 0.4145 0.4114 0.4145 0.4178 0.4197 0.4201 0.4178 0.4114 0.3989 0.3798 0.3563 0.3310 0.3058 0.2817 0.2594 0.2391 0.2209 0.2048 0.1907 0.1796 0.1773 0.1858 0.2112 0.2464 0.2790 0.3057 0.3266 0.3440 0.3586 0.3709 0.3813 0.3901 0.3976 0.4039 0.4094 0.4139 0.4174 0.4197 0.4197 0.4146 0.3988 0.3683 0.3280 0.2851 0.2443 0.2083 0.1787 0.1901 0.2765 0.3377 0.3757 0.4182
0.4151 0.3637 0.3190 0.2411 0.1758 0.1949 0.2329 0.2784 0.3280 0.3746 0.4062 0.4184 0.4199 0.4172 0.4127 0.4071 0.4005 0.3929 0.3839 0.3736 0.3613 0.3469 0.3300 0.3097 0.2842 0.2523 0.2170 0.1889 0.1778 0.1786 0.1885 0.2022 0.2180 0.2358 0.2558 0.2778 0.3016 0.3267 0.3521 0.3760 0.3960 0.4098 0.4171 0.4199 0.4199 0.4182 0.4153 0.4114 0.4066 0.4005 0.3953 0.4005 0.4066 0.4114 0.4153 0.4182 0.4199 0.4199 0.4171 0.4098 0.3960 0.3760 0.3521 0.3267 0.3016 0.2778 0.2558 0.2358 0.2180 0.2022 0.1885 0.1786 0.1778 0.1889 0.2170 0.2523 0.2842 0.3097 0.3300 0.3469 0.3613 0.3736 0.3839 0.3929 0.4005 0.4071 0.4127 0.4172 0.4199 0.4184 0.4062 0.3746 0.3280 0.2784 0.2329 0.1949 0.1758 0.2411 0.3190 0.3637 0.4151
0.4111 0.3497 0.2962 0.2051 0.1785 0.2130 0.2595 0.3140 0.3683 0.4062 0.4191 0.4192 0.4148 0.4084 0.4006 0.3913 0.3804 0.3676 0.3529 0.3357 0.3155 0.2910 0.2594 0.2237 0.1927 0.1785 0.1778 0.1863 0.1998 0.2152 0.2326 0.2522 0.2739 0.2974 0.3224 0.3478 0.3721 0.3930 0.4079 0.4162 0.4197 0.4200 0.4186 0.4159 0.4121 0.4075 0.4020 0.3954 0.3877 0.3778 0.3694 0.3778 0.3877 0.3954 0.4020 0.4075 0.4121 0.4159 0.4186 0.4200 0.4197 0.4162 0.4079 0.3930 0.3721 0.3478 0.3224 0.2974 0.2739 0.2522 0.2326 0.2152 0.1998 0.1863 0.1778 0.1785 0.1927 0.2237 0.2594 0.2910 0.3155 0.3357 0.3529 0.3676 0.3804 0.3913 0.4006 0.4084 0.4148 0.4192 0.4191 0.4062 0.3683 0.3140 0.2595 0.2130 0.1785 0.2051 0.2962 0.3497 0.4111
0.4063 0.3335 0.2668 0.1826 0.1903 0.2328 0.2875 0.3487 0.3988 0.4184 0.4192 0.4139 0.4060 0.3960 0.3836 0.3687 0.3509 0.3301 0.3055 0.2751 0.2373 0.2002 0.1799 0.1769 0.1838 0.1971 0.2123 0.2294 0.2487 0.2701 0.2933 0.3180 0.3435 0.3682 0.3898 0.4059 0.4152 0.4193 0.4201 0.4189 0.4164 0.4128 0.4084 0.4030 0.3966 0.3891 0.3802 0.3696 0.3570 0.3411 0.3275 0.3411 0.3570 0.3696 0.3802 0.3891 0.3966 0.4030 0.4084 0.4128 0.4164 0.4189 0.4201 0.4193 0.4152 0.4059 0.3898 0.3682 0.3435 0.3180 0.2933 0.2701 0.2487 0.2294 0.2123 0.1971 0.1838 0.1769 0.1799 0.2002 0.2373 0.2751 0.3055 0.3301 0.3509 0.3687 0.3836 0.3960 0.4060 0.4139 0.4192 0.4184 0.3988 0.3487 0.2875 0.2328 0.1903 0.1826 0.2668 0.3335 0.4063
0.4005 0.3142 0.2326 0.1769 0.2050 0.2542 0.3162 0.3791 0.4146 0.4199 0.4148 0.4060 0.3944 0.3794 0.3605 0.3374 0.3093 0.2744 0.2289 0.1893 0.1753 0.1792 0.1922 0.2077 0.2251 0.2444 0.2657 0.2889 0.3136 0.3392 0.3641 0.3865 0.4036 0.4141 0.4189 0.4202 0.4192 0.4169 0.4135 0.4092 0.4040 0.3978 0.3905 0.3818 0.3715 0.3593 0.3448 0.3276 0.3069 0.2792 0.2551 0.2792 0.3069 0.3276 0.3448 0.3593 0.3715 0.3818 0.3905 0.3978 0.4040 0.4092 0.4135 0.4169 0.4192 0.4202 0.4189 0.4141 0.4036 0.3865 0.3641 0.3392 0.3136 0.2889 0.2657 0.2444 0.2251 0.2077 0.1922 0.1792 0.1753 0.1893 0.2289 0.2744 0.3093 0.3374 0.3605 0.3794 0.3944 0.4060 0.4148 0.4199 0.4146 0.3791 0.3162 0.2542 0.2050 0.1769 0.2326 0.3142 0.4005
0.3935 0.2903 0.1992 0.1814 0.2214 0.2773 0.3446 0.4015 0.4197 0.4172 0.4084 0.3960 0.3794 0.3577 0.3300 0.2949 0.2479 0.1947 0.1730 0.1800 0.1962 0.2146 0.2350 0.2574 0.2816 0.3071 0.3333 0.3591 0.3826 0.4010 0.4127 0.4184 0.4201 0.4195 0.4174 0.4142 0.4100 0.4049 0.3989 0.3918 0.3834 0.3734 0.3615 0.3475 0.3308 0.3108 0.2857 0.2541 0.2188 0.1898 0.1787 0.1898 0.2188 0.2541 0.2857 0.3108 0.3308 0.3475 0.3615 0.3734 0.3834 0.3918 0.3989 0.4049 0.4100 0.4142 0.4174 0.4195 0.4201 0.4184 0.4127 0.4010 0.3826 0.3591 0.3333 0.3071 0.2816 0.2574 0.2350 0.2146 0.1962 0.1800 0.1730 0.1947 0.2479 0.2949 0.3300 0.3577 0.3794 0.3960 0.4084 0.4172 0.4197 0.4015 0.3446 0.2774 0.2215 0.1814 0.1992 0.2903 0.3935
0.3851 0.2595 0.1806 0.1937 0.2399 0.3020 0.3710 0.4140 0.4197 0.4127 0.4006 0.3836 0.3605 0.3300 0.2899 0.2325 0.1804 0.1739 0.1915 0.2125 0.2363 0.2626 0.2907 0.3199 0.3487 0.3751 0.3965 0.4105 0.4176 0.4200 0.4197 0.4178 0.4148 0.4108 0.4059 0.4000 0.3931 0.3849 0.3752 0.3637 0.3500 0.3338 0.3145 0.2905 0.2598 0.2250 0.1938 0.1789 0.1777 0.1858 0.1927 0.1858 0.1777 0.1789 0.1938 0.2250 0.2598 0.2905 0.3145 0.3338 0.3500 0.3637 0.3752 0.3849 0.3931 0.4000 0.4059 0.4108 0.4148 0.4178 0.4197 0.4200 0.4176 0.4105 0.3965 0.3751 0.3487 0.3199 0.2907 0.2626 0.2363 0.2125 0.1915 0.1739 0.1804 0.2325 0.2899 0.3300 0.3605 0.3836 0.4006 0.4127 0.4197 0.4140 0.3710 0.3020 0.2400 0.1937 0.1806 0.2595 0.3851
0.3747 0.2245 0.1771 0.2082 0.2605 0.3276 0.3930 0.4191 0.4174 0.4071 0.3913 0.3687 0.3374 0.2949 0.2325 0.1770 0.1775 0.1991 0.2247 0.2541 0.2864 0.3203 0.3536 0.3828 0.4038 0.4152 0.4195 0.4200 0.4184 0.4155 0.4116 0.4068 0.4011 0.3944 0.3864 0.3770 0.3658 0.3525 0.3368 0.3181 0.2951 0.2654 0.2311 0.1981 0.1802 0.1772 0.1836 0.1966 0.2118 0.2287 0.2388 0.2287 0.2118 0.1966 0.1836 0.1772 0.1802 0.1981 0.2311 0.2654 0.2951 0.3181 0.3368 0.3525 0.3658 0.3770 0.3864 0.3944 0.4011 0.4068 0.4116 0.4155 0.4184 0.4200 0.4195 0.4152 0.4038 0.3828 0.3536 0.3203 0.2864 0.2541 0.2247 0.1991 0.1775 0.1770 0.2325 0.2949 0.3374 0.3687 0.3913 0.4071 0.4174 0.4191 0.3930 0.3276 0.2605 0.2082 0.1771 0.2245 0.3747
0.3613 0.1926 0.1831 0.2248 0.2830 0.3532 0.4082 0.4201 0.4139 0.4005 0.3804 0.3509 0.3093 0.2479 0.1804 0.1775 0.2017 0.2311 0.2655 0.3033 0.3423 0.3778 0.4035 0.4161 0.4200 0.4195 0.4169 0.4131 0.4083 0.4026 0.3960 0.3881 0.3789 0.3679 0.3550 0.3397 0.3215 0.2994 0.2709 0.2372 0.2029 0.1820 0.1770 0.1818 0.1942 0.2088 0.2255 0.2442 0.2655 0.2882 0.3013 0.2882 0.2655 0.2442 0.2255 0.2088 0.1942 0.1818 0.1770 0.1820 0.2029 0.2372 0.2709 0.2994 0.3215 0.3397 0.3550 0.3679 0.3789 0.3881 0.3960 0.4026 0.4083 0.4131 0.4169 0.4195 0.4200 0.4161 0.4035 0.3778 0.3423 0.3033 0.2654 0.2311 0.2017 0.1775 0.1804 0.2479 0.3093 0.3509 0.3804 0.4005 0.4139 0.4201 0.4082 0.3532 0.2830 0.2248 0.1831 0.1926 0.3613
0.3443 0.1768 0.1960 0.2435 0.3072 0.3772 0.4164 0.4189 0.4094 0.3929 0.3676 0.3301 0.2744 0.1947 0.1739 0.1991 0.2311 0.2693 0.3119 0.3553 0.3918 0.4128 0.4196 0.4195 0.4164 0.4118 0.4060 0.3992 0.3913 0.3820 0.3711 0.3582 0.3431 0.3253 0.3039 0.2764 0.2433 0.2082 0.1843 0.1771 0.1803 0.1919 0.2062 0.2225 0.2409 0.2614 0.2839 0.3081 0.3338 0.3588 0.3718 0.3588 0.3338 0.3081 0.2839 0.2614 0.2409 0.2225 0.2062 0.1919 0.1803 0.1771 0.1843 0.2082 0.2433 0.2764 0.3039 0.3253 0.3431 0.3582 0.3711 0.3820 0.3913 0.3992 0.4060 0.4118 0.4164 0.4195 0.4196 0.4128 0.3918 0.3553 0.3119 0.2693 0.2311 0.1991 0.1739 0.1947 0.2744 0.3301 0.3676 0.3929 0.4094 0.4189 0.4164 0.3772 0.3072 0.2435 0.1960 0.1768 0.3443
0.3257 0.1752 0.2109 0.2643 0.3324 0.3970 0.4197 0.4163 0.4039 0.3839 0.3529 0.3055 0.2290 0.1731 0.1914 0.2247 0.2654 0.3119 0.3595 0.3977 0.4162 0.4201 0.4178 0.4130 0.4065 0.3986 0.3892 0.3781 0.3650 0.3497 0.3318 0.3106 0.2843 0.2513 0.2150 0.1874 0.1774 0.1790 0.1897 0.2036 0.2196 0.2376 0.2577 0.2799 0.3039 0.3291 0.3544 0.3781 0.3979 0.4107 0.4147 0.4107 0.3979 0.3781 0.3544 0.3291 0.3039 0.2799 0.2577 0.2376 0.2196 0.2036 0.1897 0.1790 0.1774 0.1874 0.2150 0.2513 0.2843 0.3106 0.3318 0.3497 0.3650 0.3781 0.3892 0.3986 0.4065 0.4130 0.4178 0.4201 0.4162 0.3977 0.3595 0.3119 0.2654 0.2247 0.1915 0.1730 0.2289 0.3055 0.3529 0.3839 0.4039 0.4163 0.4197 0.3970 0.3324 0.2643 0.2109 0.1752 0.3257
0.3103 0.1829 0.2278 0.2870 0.3577 0.4103 0.4200 0.4127 0.3976 0.3736 0.3357 0.2751 0.1893 0.1800 0.2125 0.2541 0.3033 0.3553 0.3977 0.4171 0.4199 0.4164 0.4102 0.4020 0.3918 0.3794 0.3644 0.3464 0.3251 0.2999 0.2676 0.2289 0.1939 0.1779 0.1776 0.1869 0.2007 0.2165 0.2343 0.2541 0.2760 0.2997 0.3247 0.3501 0.3743 0.3947 0.4089 0.4167 0.4199 0.4198 0.4185 0.4198 0.4199 0.4167 0.4089 0.3947 0.3743 0.3501 0.3247 0.2997 0.2760 0.2541 0.2343 0.2165 0.2007 0.1869 0.1776 0.1779 0.1939 0.2289 0.2676 0.2999 0.3251 0.3464 0.3644 0.3794 0.3918 0.4020 0.4102 0.4164 0.4199 0.4171 0.3977 0.3553 0.3033 0.2541 0.2125 0.1800 0.1893 0.2751 0.3357 0.3736 0.3976 0.4127 0.4200 0.4103 0.3577 0.2870 0.2278 0.1829 0.3103
0.3025 0.1958 0.2469 0.3114 0.3810 0.4174 0.4185 0.4081 0.3901 0.3613 0.3155 0.2373 0.1753 0.1962 0.2363 0.2864 0.3423 0.3918 0.4162 0.4199 0.4159 0.4087 0.3990 0.3867 0.3712 0.3520 0.3285 0.2999 0.2631 0.2177 0.1841 0.1753 0.1815 0.1955 0.2115 0.2294 0.2494 0.2714 0.2951 0.3202 0.3457 0.3703 0.3916 0.4070 0.4158 0.4195 0.4201 0.4187 0.4161 0.4122 0.4087 0.4122 0.4161 0.4187 0.4201 0.4195 0.4158 0.4070 0.3916 0.3703 0.3457 0.3202 0.2951 0.2714 0.2494 0.2294 0.2115 0.1955 0.1815 0.1753 0.1841 0.2177 0.2631 0.2999 0.3285 0.3520 0.3712 0.3867 0.3990 0.4087 0.4159 0.4199 0.4162 0.3918 0.3423 0.2864 0.2363 0.1962 0.1753 0.2373 0.3155 0.3613 0.3901 0.4081 0.4185 0.4174 0.3810 0.3114 0.2469 0.1958 0.3025
0.3005 0.2106 0.2680 0.3368 0.3997 0.4200 0.4157 0.4027 0.3813 0.3469 0.2909 0.2002 0.1791 0.2145 0.2626 0.3203 0.3778 0.4128 0.4201 0.4164 0.4087 0.3980 0.3840 0.3659 0.3427 0.3138 0.2769 0.2263 0.1839 0.1738 0.1842 0.2006 0.2192 0.2400 0.2628 0.2873 0.3133 0.3397 0.3653 0.3879 0.4047 0.4147 0.4192 0.4202 0.4191 0.4166 0.4132 0.4088 0.4034 0.3967 0.3910 0.3967 0.4034 0.4088 0.4132 0.4166 0.4191 0.4202 0.4192 0.4147 0.4047 0.3879 0.3653 0.3397 0.3133 0.2873 0.2628 0.2400 0.2192 0.2006 0.1842 0.1738 0.1839 0.2263 0.2769 0.3138 0.3427 0.3659 0.3840 0.3980 0.4087 0.4164 0.4201 0.4128 0.3778 0.3203 0.2626 0.2146 0.1792 0.2002 0.2910 0.3469 0.3813 0.4027 0.4157 0.4200 0.3997 0.3368 0.2680 0.2106 0.3005
0.3016 0.2274 0.2911 0.3618 0.4119 0.4198 0.4119 0.3962 0.3709 0.3300 0.2594 0.1799 0.1922 0.2350 0.2907 0.3535 0.4035 0.4196 0.4178 0.4102 0.3990 0.3840 0.3640 0.3378 0.3042 0.2589 0.2004 0.1726 0.1805 0.1987 0.2199 0.2437 0.2699 0.2979 0.3268 0.3552 0.3808 0.4006 0.4128 0.4185 0.4202 0.4194 0.4171 0.4138 0.4096 0.4044 0.3983 0.3911 0.3825 0.3716 0.3624 0.3716 0.3825 0.3911 0.3983 0.4044 0.4096 0.4138 0.4171 0.4194 0.4202 0.4185 0.4128 0.4006 0.3808 0.3552 0.3268 0.2979 0.2699 0.2437 0.2199 0.1987 0.1805 0.1726 0.2004 0.2589 0.3042 0.3378 0.3640 0.3840 0.3990 0.4102 0.4178 0.4196 0.4035 0.3536 0.2907 0.2350 0.1922 0.1799 0.2594 0.3300 0.3709 0.3962 0.4119 0.4198 0.4119 0.3618 0.2911 0.2274 0.3016
0.3054 0.2464 0.3157 0.3846 0.4181 0.4181 0.4072 0.3886 0.3586 0.3097 0.2239 0.1769 0.2077 0.2574 0.3198 0.3828 0.4161 0.4195 0.4130 0.4020 0.3867 0.3659 0.3378 0.3008 0.2486 0.1880 0.1718 0.1889 0.2111 0.2371 0.2663 0.2980 0.3308 0.3624 0.3893 0.4076 0.4168 0.4199 0.4198 0.4178 0.4146 0.4105 0.4054 0.3995 0.3924 0.3841 0.3742 0.3625 0.3486 0.3311 0.3160 0.3311 0.3486 0.3625 0.3742 0.3841 0.3924 0.3995 0.4054 0.4105 0.4146 0.4178 0.4198 0.4199 0.4168 0.4076 0.3893 0.3624 0.3308 0.2980 0.2663 0.2371 0.2111 0.1889 0.1718 0.1880 0.2486 0.3008 0.3378 0.3659 0.3867 0.4020 0.4130 0.4195 0.4161 0.3828 0.3199 0.2574 0.2077 0.1769 0.2237 0.3097 0.3586 0.3886 0.4072 0.4181 0.4181 0.3846 0.3157 0.2464 0.3054
0.3114 0.2674 0.3411 0.4023 0.4201 0.4151 0.4016 0.3796 0.3439 0.2843 0.1928 0.1838 0.2250 0.2814 0.3486 0.4038 0.4200 0.4164 0.4065 0.3918 0.3712 0.3427 0.3042 0.2486 0.1846 0.1734 0.1944 0.2201 0.2504 0.2846 0.3213 0.3575 0.3887 0.4090 0.4179 0.4201 0.4190 0.4161 0.4120 0.4070 0.4011 0.3941 0.3859 0.3763 0.3648 0.3512 0.3352 0.3161 0.2926 0.2609 0.2356 0.2609 0.2926 0.3161 0.3352 0.3512 0.3648 0.3763 0.3859 0.3941 0.4011 0.4070 0.4120 0.4161 0.4190 0.4201 0.4179 0.4090 0.3887 0.3575 0.3213 0.2846 0.2504 0.2201 0.1944 0.1734 0.1846 0.2486 0.3042 0.3427 0.3712 0.3918 0.4065 0.4164 0.4200 0.4038 0.3487 0.2816 0.2251 0.1838 0.1927 0.2842 0.3440 0.3796 0.4016 0.4151 0.4201 0.4023 0.3411 0.2674 0.3114
0.3193 0.2903 0.3660 0.4133 0.4196 0.4112 0.3950 0.3689 0.3266 0.2524 0.1785 0.1971 0.2444 0.3070 0.3751 0.4152 0.4195 0.4118 0.3986 0.3794 0.3520 0.3138 0.2589 0.1880 0.1734 0.1962 0.2247 0.2587 0.2972 0.3380 0.3762 0.4040 0.4169 0.4201 0.4187 0.4152 0.4103 0.4044 0.3973 0.3891 0.3794 0.3681 0.3547 0.3389 0.3202 0.2975 0.2682 0.2340 0.2003 0.1809 0.1759 0.1809 0.2003 0.2340 0.2682 0.2975 0.3202 0.3389 0.3547 0.3681 0.3794 0.3891 0.3973 0.4044 0.4103 0.4152 0.4187 0.4201 0.4169 0.4040 0.3762 0.3380 0.2972 0.2587 0.2247 0.1962 0.1734 0.1880 0.2589 0.3138 0.3520 0.3794 0.3986 0.4118 0.4195 0.4152 0.3751 0.3071 0.2444 0.1971 0.1785 0.2523 0.3266 0.3689 0.3950 0.4112 0.4196 0.4133 0.3660 0.2903 0.3193
0.3291 0.3149 0.3880 0.4186 0.4176 0.4064 0.3872 0.3562 0.3057 0.2170 0.1778 0.2123 0.2657 0.3332 0.3965 0.4195 0.4169 0.4061 0.3892 0.3644 0.3285 0.2769 0.2004 0.1718 0.1944 0.2247 0.2615 0.3035 0.3478 0.3872 0.4114 0.4195 0.4195 0.4159 0.4106 0.4039 0.3957 0.3861 0.3747 0.3612 0.3454 0.3267 0.3045 0.2763 0.2421 0.2063 0.1832 0.1770 0.1812 0.1932 0.2008 0.1932 0.1812 0.1770 0.1832 0.2063 0.2421 0.2763 0.3045 0.3267 0.3454 0.3612 0.3747 0.3861 0.3957 0.4039 0.4106 0.4159 0.4195 0.4195 0.4114 0.3872 0.3478 0.3035 0.2615 0.2247 0.1944 0.1718 0.2004 0.2769 0.3285 0.3644 0.3892 0.4060 0.4169 0.4195 0.3965 0.3333 0.2657 0.2123 0.1778 0.2170 0.3057 0.3562 0.3872 0.4064 0.4176 0.4186 0.3880 0.3149 0.3291
0.3403 0.3402 0.4047 0.4202 0.4145 0.4006 0.3779 0.3412 0.2790 0.1889 0.1863 0.2294 0.2889 0.3591 0.4105 0.4200 0.4131 0.3993 0.3781 0.3464 0.2999 0.2263 0.1726 0.1889 0.2201 0.2587 0.3035 0.3511 0.3921 0.4145 0.4201 0.4182 0.4132 0.4063 0.3976 0.3870 0.3741 0.3586 0.3402 0.3183 0.2918 0.2575 0.2184 0.1878 0.1769 0.1790 0.1903 0.2046 0.2212 0.2394 0.2501 0.2394 0.2212 0.2046 0.1903 0.1790 0.1769 0.1878 0.2184 0.2575 0.2918 0.3183 0.3402 0.3586 0.3741 0.3870 0.3976 0.4063 0.4132 0.4182 0.4201 0.4145 0.3921 0.3511 0.3035 0.2587 0.2201 0.1889 0.1726 0.2263 0.2999 0.3464 0.3781 0.3992 0.4131 0.4200 0.4105 0.3591 0.2889 0.2294 0.1863 0.1889 0.2790 0.3412 0.3779 0.4006 0.4145 0.4202 0.4047 0.3402 0.3403
0.3526 0.3650 0.4146 0.4194 0.4104 0.3938 0.3669 0.3233 0.2464 0.1778 0.1998 0.2487 0.3136 0.3826 0.4176 0.4184 0.4083 0.3913 0.3651 0.3252 0.2631 0.1839 0.1805 0.2111 0.2504 0.2972 0.3478 0.3921 0.4153 0.4201 0.4172 0.4111 0.4028 0.3923 0.3791 0.3626 0.3424 0.3180 0.2880 0.2483 0.2049 0.1793 0.1761 0.1851 0.1996 0.2161 0.2345 0.2550 0.2777 0.3017 0.3153 0.3017 0.2777 0.2550 0.2345 0.2161 0.1996 0.1851 0.1761 0.1793 0.2049 0.2483 0.2880 0.3180 0.3424 0.3626 0.3791 0.3923 0.4028 0.4111 0.4172 0.4201 0.4153 0.3921 0.3478 0.2972 0.2504 0.2111 0.1805 0.1839 0.2631 0.3251 0.3650 0.3913 0.4083 0.4184 0.4176 0.3826 0.3136 0.2487 0.1998 0.1778 0.2464 0.3233 0.3669 0.3938 0.4104 0.4194 0.4146 0.3650 0.3526
0.3656 0.3872 0.4191 0.4172 0.4054 0.3857 0.3538 0.3017 0.2112 0.1786 0.2152 0.2701 0.3392 0.4010 0.4200 0.4155 0.4026 0.3820 0.3498 0.2999 0.2177 0.1738 0.1987 0.2371 0.2846 0.3380 0.3872 0.4145 0.4201 0.4169 0.4100 0.4006 0.3884 0.3727 0.3528 0.3279 0.2968 0.2552 0.2054 0.1768 0.1762 0.1893 0.2061 0.2251 0.2462 0.2693 0.2942 0.3203 0.3470 0.3717 0.3839 0.3717 0.3470 0.3203 0.2942 0.2693 0.2462 0.2251 0.2061 0.1893 0.1762 0.1768 0.2054 0.2552 0.2968 0.3279 0.3528 0.3727 0.3884 0.4006 0.4100 0.4169 0.4201 0.4145 0.3872 0.3380 0.2846 0.2371 0.1987 0.1738 0.2177 0.2999 0.3497 0.3820 0.4026 0.4155 0.4200 0.4010 0.3392 0.2701 0.2152 0.1786 0.2112 0.3017 0.3538 0.3857 0.4054 0.4172 0.4191 0.3872 0.3656
0.3785 0.4041 0.4202 0.4139 0.3995 0.3762 0.3384 0.2738 0.1858 0.1885 0.2326 0.2933 0.3641 0.4127 0.4197 0.4116 0.3960 0.3711 0.3318 0.2676 0.1841 0.1842 0.2199 0.2663 0.3213 0.3762 0.4114 0.4201 0.4172 0.4100 0.3999 0.3864 0.3686 0.3457 0.3164 0.2785 0.2248 0.1810 0.1739 0.1882 0.2070 0.2284 0.2525 0.2787 0.3066 0.3352 0.3628 0.3869 0.4049 0.4148 0.4174 0.4148 0.4049 0.3869 0.3628 0.3352 0.3066 0.2787 0.2525 0.2284 0.2070 0.1882 0.1739 0.1810 0.2248 0.2785 0.3164 0.3457 0.3686 0.3864 0.3999 0.4100 0.4172 0.4201 0.4114 0.3762 0.3213 0.2663 0.2199 0.1842 0.1841 0.2676 0.3318 0.3711 0.3960 0.4116 0.4197 0.4127 0.3641 0.2933 0.2326 0.1885 0.1858 0.2738 0.3384 0.3762 0.3995 0.4139 0.4202 0.4041 0.3785
0.3905 0.4144 0.4191 0.4096 0.3925 0.3648 0.3199 0.2405 0.1773 0.2022 0.2522 0.3180 0.3865 0.4184 0.4178 0.4068 0.3881 0.3582 0.3106 0.2289 0.1753 0.2006 0.2437 0.2980 0.3575 0.4040 0.4195 0.4182 0.4111 0.4006 0.3864 0.3673 0.3420 0.3090 0.2646 0.2040 0.1725 0.1809 0.2005 0.2236 0.2500 0.2793 0.3106 0.3424 0.3721 0.3960 0.4111 0.4181 0.4202 0.4192 0.4174 0.4192 0.4202 0.4181 0.4111 0.3960 0.3721 0.3424 0.3106 0.2793 0.2500 0.2236 0.2005 0.1809 0.1725 0.2040 0.2646 0.3090 0.3420 0.3673 0.3864 0.4006 0.4111 0.4182 0.4195 0.4040 0.3575 0.2980 0.2437 0.2006 0.1753 0.2289 0.3106 0.3582 0.3881 0.4068 0.4178 0.4184 0.3865 0.3180 0.2522 0.2022 0.1773 0.2405 0.3199 0.3648 0.3925 0.4096 0.4191 0.4144 0.3905
0.4008 0.4193 0.4167 0.4045 0.3842 0.3514 0.2975 0.2057 0.1796 0.2180 0.2739 0.3435 0.4036 0.4201 0.4148 0.4011 0.3789 0.3431 0.2843 0.1939 0.1815 0.2192 0.2699 0.3308 0.3887 0.4169 0.4195 0.4132 0.4028 0.3884 0.3686 0.3420 0.3065 0.2570 0.1933 0.1711 0.1876 0.2106 0.2377 0.2689 0.3031 0.3386 0.3720 0.3983 0.4134 0.4192 0.4200 0.4182 0.4150 0.4104 0.4064 0.4104 0.4150 0.4182 0.4200 0.4192 0.4134 0.3983 0.3720 0.3386 0.3031 0.2689 0.2377 0.2106 0.1876 0.1711 0.1933 0.2570 0.3065 0.3420 0.3686 0.3884 0.4028 0.4132 0.4195 0.4169 0.3887 0.3308 0.2699 0.2192 0.1815 0.1939 0.2843 0.3431 0.3789 0.4011 0.4148 0.4201 0.4036 0.3435 0.2739 0.2180 0.1796 0.2057 0.2975 0.3514 0.3842 0.4045 0.4167 0.4193 0.4008
0.4088 0.4206 0.4132 0.3984 0.3744 0.3355 0.2684 0.1832 0.1907 0.2358 0.2974 0.3682 0.4141 0.4195 0.4108 0.3944 0.3679 0.3253 0.2513 0.1779 0.1955 0.2400 0.2979 0.3624 0.4090 0.4201 0.4159 0.4063 0.3923 0.3727 0.3457 0.3090 0.2570 0.1902 0.1717 0.1919 0.2176 0.2484 0.2838 0.3221 0.3604 0.3926 0.4119 0.4192 0.4199 0.4176 0.4136 0.4085 0.4023 0.3946 0.3880 0.3946 0.4023 0.4085 0.4136 0.4176 0.4199 0.4192 0.4119 0.3926 0.3604 0.3221 0.2838 0.2484 0.2176 0.1919 0.1717 0.1902 0.2570 0.3090 0.3457 0.3727 0.3923 0.4063 0.4159 0.4201 0.4090 0.3624 0.2979 0.2400 0.1955 0.1779 0.2513 0.3253 0.3679 0.3944 0.4108 0.4195 0.4141 0.3682 0.2974 0.2358 0.1907 0.1832 0.2684 0.3355 0.3744 0.3984 0.4132 0.4206 0.4088
0.4146 0.4198 0.4088 0.3912 0.3627 0.3164 0.2344 0.1770 0.2048 0.2558 0.3224 0.3898 0.4189 0.4174 0.4059 0.3864 0.3550 0.3039 0.2150 0.1775 0.2115 0.2628 0.3268 0.3893 0.4179 0.4187 0.4106 0.3976 0.3791 0.3528 0.3164 0.2646 0.1933 0.1717 0.1933 0.2212 0.2550 0.2939 0.3357 0.3755 0.4045 0.4175 0.4201 0.4180 0.4137 0.4079 0.4009 0.3925 0.3825 0.3699 0.3590 0.3699 0.3825 0.3925 0.4009 0.4079 0.4137 0.4180 0.4201 0.4175 0.4045 0.3755 0.3357 0.2939 0.2550 0.2212 0.1933 0.1717 0.1933 0.2646 0.3164 0.3528 0.3791 0.3976 0.4106 0.4187 0.4179 0.3893 0.3268 0.2628 0.2115 0.1776 0.2150 0.3039 0.3550 0.3864 0.4059 0.4174 0.4189 0.3898 0.3224 0.2558 0.2048 0.1770 0.2344 0.3164 0.3627 0.3912 0.4088 0.4198 0.4146
0.4185 0.4177 0.4035 0.3827 0.3489 0.2930 0.2007 0.1809 0.2209 0.2778 0.3478 0.4059 0.4202 0.4142 0.4000 0.3770 0.3397 0.2764 0.1874 0.1868 0.2294 0.2873 0.3552 0.4076 0.4201 0.4152 0.4039 0.3870 0.3626 0.3279 0.2785 0.2040 0.1711 0.1919 0.2212 0.2572 0.2990 0.3438 0.3846 0.4106 0.4194 0.4194 0.4155 0.4097 0.4021 0.3929 0.3818 0.3683 0.3521 0.3317 0.3141 0.3317 0.3521 0.3683 0.3818 0.3929 0.4021 0.4097 0.4155 0.4194 0.4195 0.4106 0.3846 0.3437 0.2990 0.2572 0.2212 0.1919 0.1711 0.2040 0.2785 0.3279 0.3626 0.3870 0.4039 0.4152 0.4201 0.4076 0.3552 0.2873 0.2294 0.1869 0.1874 0.2764 0.3397 0.3770 0.4000 0.4142 0.4202 0.4059 0.3478 0.2778 0.2209 0.1809 0.2007 0.2930 0.3489 0.3827 0.4035 0.4177 0.4185
0.4207 0.4144 0.3972 0.3725 0.3324 0.2629 0.1811 0.1930 0.2391 0.3016 0.3721 0.4152 0.4192 0.4100 0.3931 0.3658 0.3215 0.2433 0.1774 0.2006 0.2494 0.3132 0.3807 0.4168 0.4190 0.4103 0.3957 0.3741 0.3424 0.2968 0.2248 0.1725 0.1876 0.2176 0.2550 0.2990 0.3465 0.3888 0.4134 0.4200 0.4184 0.4133 0.4061 0.3968 0.3853 0.3710 0.3535 0.3322 0.3065 0.2721 0.2415 0.2721 0.3065 0.3322 0.3535 0.3710 0.3853 0.3968 0.4060 0.4133 0.4184 0.4200 0.4134 0.3888 0.3464 0.2990 0.2550 0.2176 0.1876 0.1725 0.2248 0.2968 0.3424 0.3741 0.3957 0.4103 0.4190 0.4168 0.3808 0.3133 0.2494 0.2007 0.1774 0.2433 0.3215 0.3658 0.3931 0.4100 0.4192 0.4152 0.3721 0.3016 0.2391 0.1930 0.1811 0.2629 0.3324 0.3725 0.3972 0.4144 0.4207
0.4220 0.4100 0.3898 0.3605 0.3128 0.2283 0.1771 0.2074 0.2594 0.3267 0.3930 0.4193 0.4169 0.4049 0.3849 0.3525 0.2994 0.2082 0.1790 0.2164 0.2713 0.3396 0.4006 0.4199 0.4161 0.4044 0.3861 0.3586 0.3180 0.2552 0.1810 0.1809 0.2106 0.2484 0.2939 0.3438 0.3888 0.4141 0.4201 0.4176 0.4116 0.4032 0.3924 0.3786 0.3611 0.3393 0.3123 0.2782 0.2321 0.1895 0.1741 0.1895 0.2320 0.2782 0.3123 0.3393 0.3611 0.3786 0.3924 0.4032 0.4116 0.4176 0.4201 0.4142 0.3888 0.3437 0.2939 0.2484 0.2106 0.1809 0.1810 0.2552 0.3180 0.3586 0.3861 0.4044 0.4161 0.4199 0.4006 0.3397 0.2714 0.2165 0.1790 0.2082 0.2994 0.3525 0.3849 0.4049 0.4169 0.4193 0.3930 0.3267 0.2594 0.2074 0.1771 0.2283 0.3128 0.3605 0.3898 0.4100 0.4220
0.4225 0.4045 0.3810 0.3463 0.2884 0.1961 0.1826 0.2239 0.2817 0.3521 0.4079 0.4201 0.4135 0.3989 0.3752 0.3368 0.2709 0.1843 0.1897 0.2342 0.2950 0.3652 0.4128 0.4198 0.4120 0.3974 0.3747 0.3402 0.2880 0.2054 0.1739 0.2005 0.2377 0.2838 0.3357 0.3846 0.4134 0.4201 0.4173 0.4107 0.4014 0.3893 0.3734 0.3530 0.3270 0.2941 0.2488 0.1969 0.1737 0.1797 0.1883 0.1797 0.1737 0.1968 0.2488 0.2940 0.3270 0.3530 0.3734 0.3893 0.4014 0.4107 0.4173 0.4201 0.4134 0.3846 0.3357 0.2838 0.2377 0.2005 0.1739 0.2054 0.2880 0.3402 0.3747 0.3973 0.4120 0.4198 0.4128 0.3653 0.2951 0.2343 0.1897 0.1843 0.2709 0.3368 0.3752 0.3989 0.4135 0.4201 0.4079 0.3521 0.2817 0.2239 0.1826 0.1961 0.2884 0.3463 0.3810 0.4045 0.4225
0.4222 0.3978 0.3706 0.3294 0.2572 0.1795 0.1953 0.2424 0.3058 0.3760 0.4162 0.4189 0.4092 0.3918 0.3637 0.3181 0.2372 0.1771 0.2036 0.2541 0.3200 0.3878 0.4185 0.4178 0.4071 0.3891 0.3612 0.3183 0.2483 0.1768 0.1882 0.2236 0.2689 0.3221 0.3755 0.4106 0.4200 0.4176 0.4107 0.4009 0.3877 0.3702 0.3472 0.3176 0.2788 0.2230 0.1789 0.1746 0.1918 0.2124 0.2249 0.2124 0.1918 0.1747 0.1788 0.2228 0.2787 0.3175 0.3472 0.3702 0.3877 0.4009 0.4107 0.4176 0.4200 0.4106 0.3755 0.3221 0.2689 0.2236 0.1882 0.1768 0.2483 0.3183 0.3612 0.3891 0.4070 0.4178 0.4185 0.3879 0.3202 0.2541 0.2036 0.1771 0.2372 0.3181 0.3637 0.3918 0.4092 0.4189 0.4162 0.3760 0.3058 0.2424 0.1953 0.1795 0.2572 0.3294 0.3706 0.3978 0.4222
0.4211 0.3896 0.3582 0.3091 0.2222 0.1773 0.2101 0.2631 0.3310 0.3960 0.4197 0.4164 0.4040 0.3834 0.3500 0.2951 0.2029 0.1803 0.2196 0.2760 0.3457 0.4047 0.4202 0.4146 0.4011 0.3795 0.3454 0.2918 0.2049 0.1762 0.2070 0.2500 0.3031 0.3604 0.4045 0.4195 0.4184 0.4116 0.4014 0.3877 0.3690 0.3442 0.3116 0.2676 0.2057 0.1723 0.1814 0.2019 0.2271 0.2555 0.2722 0.2555 0.2272 0.2020 0.1814 0.1723 0.2056 0.2675 0.3116 0.3442 0.3690 0.3877 0.4014 0.4116 0.4184 0.4195 0.4045 0.3604 0.3031 0.2500 0.2070 0.1762 0.2049 0.2918 0.3454 0.3794 0.4011 0.4146 0.4202 0.4047 0.3457 0.2760 0.2196 0.1803 0.2029 0.2951 0.3500 0.3834 0.4040 0.4164 0.4197 0.3960 0.3310 0.2631 0.2101 0.1773 0.2222 0.3091 0.3582 0.3896 0.4211
0.4192 0.3798 0.3436 0.2835 0.1920 0.1845 0.2269 0.2857 0.3563 0.4098 0.4200 0.4128 0.3978 0.3734 0.3338 0.2654 0.1820 0.1919 0.2376 0.2997 0.3703 0.4147 0.4194 0.4105 0.3942 0.3681 0.3267 0.2575 0.1793 0.1893 0.2284 0.2793 0.3386 0.3926 0.4175 0.4194 0.4133 0.4032 0.3893 0.3702 0.3442 0.3095 0.2615 0.1965 0.1710 0.1870 0.2104 0.2386 0.2719 0.3079 0.3280 0.3079 0.2720 0.2387 0.2105 0.1871 0.1710 0.1965 0.2615 0.3095 0.3442 0.3702 0.3893 0.4032 0.4133 0.4194 0.4175 0.3926 0.3386 0.2793 0.2284 0.1893 0.1793 0.2575 0.3267 0.3681 0.3941 0.4105 0.4194 0.4147 0.3703 0.2997 0.2376 0.1919 0.1820 0.2654 0.3338 0.3734 0.3978 0.4128 0.4200 0.4098 0.3563 0.2857 0.2269 0.1845 0.1920 0.2835 0.3436 0.3798 0.4192
0.4163 0.3684 0.3262 0.2515 0.1784 0.1977 0.2458 0.3101 0.3798 0.4171 0.4186 0.4084 0.3905 0.3615 0.3145 0.2311 0.1770 0.2062 0.2577 0.3247 0.3916 0.4192 0.4171 0.4055 0.3859 0.3547 0.3045 0.2184 0.1761 0.2061 0.2525 0.3106 0.3720 0.4119 0.4201 0.4155 0.4060 0.3924 0.3734 0.3472 0.3116 0.2615 0.1937 0.1712 0.1906 0.2164 0.2475 0.2837 0.3243 0.3636 0.3824 0.3637 0.3244 0.2838 0.2476 0.2164 0.1906 0.1712 0.1937 0.2615 0.3116 0.3472 0.3734 0.3924 0.4060 0.4155 0.4201 0.4119 0.3720 0.3106 0.2525 0.2061 0.1761 0.2184 0.3045 0.3547 0.3859 0.4054 0.4171 0.4192 0.3916 0.3247 0.2577 0.2062 0.1770 0.2311 0.3145 0.3615 0.3905 0.4084 0.4186 0.4171 0.3798 0.3101 0.2458 0.1977 0.1784 0.2515 0.3262 0.3684 0.4163
0.4127 0.3552 0.3052 0.2161 0.1779 0.2128 0.2668 0.3354 0.3989 0.4199 0.4159 0.4030 0.3818 0.3475 0.2905 0.1981 0.1818 0.2225 0.2799 0.3501 0.4070 0.4202 0.4138 0.3995 0.3763 0.3389 0.2763 0.1878 0.1851 0.2251 0.2787 0.3424 0.3983 0.4192 0.4180 0.4097 0.3968 0.3786 0.3530 0.3175 0.2675 0.1965 0.1712 0.1918 0.2194 0.2531 0.2922 0.3348 0.3765 0.4056 0.4136 0.4056 0.3766 0.3349 0.2923 0.2531 0.2194 0.1918 0.1712 0.1965 0.2675 0.3175 0.3530 0.3786 0.3968 0.4097 0.4180 0.4192 0.3983 0.3424 0.2787 0.2251 0.1851 0.1878 0.2763 0.3389 0.3763 0.3995 0.4138 0.4202 0.4070 0.3501 0.2799 0.2225 0.1818 0.1981 0.2905 0.3475 0.3818 0.4030 0.4159 0.4199 0.3989 0.3354 0.2668 0.2128 0.1779 0.2161 0.3052 0.3552 0.4127
0.4082 0.3399 0.2783 0.1884 0.1866 0.2300 0.2898 0.3605 0.4114 0.4199 0.4121 0.3966 0.3715 0.3308 0.2598 0.1802 0.1942 0.2409 0.3039 0.3743 0.4158 0.4191 0.4096 0.3924 0.3648 0.3202 0.2421 0.1769 0.1996 0.2462 0.3066 0.3721 0.4134 0.4199 0.4137 0.4021 0.3853 0.3611 0.3270 0.2787 0.2056 0.1710 0.1906 0.2194 0.2549 0.2965 0.3415 0.3833 0.4107 0.4194 0.4190 0.4194 0.4108 0.3834 0.3416 0.2965 0.2549 0.2194 0.1906 0.1710 0.2056 0.2787 0.3270 0.3611 0.3853 0.4021 0.4137 0.4199 0.4134 0.3721 0.3066 0.2462 0.1996 0.1769 0.2421 0.3202 0.3648 0.3924 0.4096 0.4191 0.4158 0.3743 0.3039 0.2409 0.1942 0.1802 0.2598 0.3308 0.3715 0.3966 0.4121 0.4199 0.4114 0.3605 0.2898 0.2300 0.1866 0.1884 0.2783 0.3399 0.4082
0.4028 0.3218 0.2456 0.1777 0.2001 0.2492 0.3143 0.3834 0.4178 0.4182 0.4075 0.3891 0.3593 0.3108 0.2250 0.1772 0.2088 0.2614 0.3291 0.3947 0.4195 0.4166 0.4044 0.3841 0.3512 0.2975 0.2063 0.1790 0.2161 0.2693 0.3352 0.3960 0.4192 0.4176 0.4079 0.3929 0.3710 0.3393 0.2940 0.2228 0.1723 0.1871 0.2164 0.2531 0.2965 0.3437 0.3869 0.4127 0.4200 0.4181 0.4141 0.4181 0.4200 0.4127 0.3870 0.3438 0.2965 0.2531 0.2164 0.1871 0.1723 0.2228 0.2940 0.3393 0.3710 0.3929 0.4079 0.4176 0.4192 0.3960 0.3352 0.2693 0.2161 0.1790 0.2063 0.2975 0.3512 0.3841 0.4044 0.4166 0.4195 0.3947 0.3291 0.2614 0.2088 0.1772 0.2250 0.3108 0.3593 0.3891 0.4075 0.4182 0.4178 0.3834 0.3143 0.2492 0.2001 0.1777 0.2456 0.3218 0.4028
0.3963 0.2998 0.2104 0.1787 0.2156 0.2706 0.3398 0.4015 0.4201 0.4153 0.4020 0.3802 0.3448 0.2857 0.1938 0.1836 0.2255 0.2839 0.3544 0.4089 0.4201 0.4132 0.3983 0.3742 0.3352 0.2682 0.1832 0.1903 0.2345 0.2942 0.3628 0.4111 0.4200 0.4136 0.4009 0.3818 0.3535 0.3123 0.2488 0.1788 0.1814 0.2105 0.2476 0.2923 0.3416 0.3869 0.4134 0.4201 0.4178 0.4113 0.4047 0.4112 0.4178 0.4201 0.4134 0.3870 0.3416 0.2923 0.2476 0.2105 0.1814 0.1788 0.2488 0.3123 0.3535 0.3818 0.4009 0.4136 0.4200 0.4111 0.3628 0.2942 0.2345 0.1903 0.1832 0.2682 0.3352 0.3742 0.3983 0.4132 0.4201 0.4089 0.3544 0.2839 0.2255 0.1836 0.1938 0.2857 0.3448 0.3802 0.4020 0.4153 0.4201 0.4015 0.3398 0.2706 0.2156 0.1787 0.2104 0.2998 0.3963
0.3885 0.2715 0.1854 0.1888 0.2331 0.2939 0.3647 0.4129 0.4197 0.4114 0.3954 0.3696 0.3276 0.2541 0.1789 0.1966 0.2442 0.3081 0.3781 0.4167 0.4187 0.4088 0.3911 0.3625 0.3161 0.2340 0.1770 0.2046 0.2550 0.3203 0.3869 0.4181 0.4182 0.4085 0.3925 0.3683 0.3322 0.2782 0.1968 0.1747 0.2020 0.2387 0.2838 0.3349 0.3834 0.4127 0.4201 0.4176 0.4111 0.4010 0.3916 0.4010 0.4111 0.4176 0.4201 0.4127 0.3834 0.3349 0.2838 0.2387 0.2020 0.1747 0.1968 0.2782 0.3322 0.3683 0.3925 0.4085 0.4182 0.4181 0.3869 0.3203 0.2550 0.2046 0.1770 0.2340 0.3161 0.3625 0.3911 0.4088 0.4187 0.4167 0.3781 0.3081 0.2442 0.1966 0.1789 0.2541 0.3276 0.3696 0.3954 0.4114 0.4197 0.4129 0.3647 0.2939 0.2331 0.1888 0.1854 0.2715 0.3885
0.3789 0.2379 0.1773 0.2029 0.2531 0.3191 0.3873 0.4185 0.4178 0.4066 0.3877 0.3570 0.3069 0.2188 0.1777 0.2118 0.2655 0.3338 0.3979 0.4199 0.4161 0.4034 0.3825 0.3486 0.2926 0.2003 0.1812 0.2212 0.2777 0.3470 0.4049 0.4202 0.4150 0.4023 0.3825 0.3521 0.3065 0.2320 0.1737 0.1918 0.2272 0.2720 0.3244 0.3766 0.4107 0.4200 0.4178 0.4111 0.4014 0.3871 0.3737 0.3871 0.4014 0.4111 0.4178 0.4200 0.4107 0.3766 0.3244 0.2720 0.2272 0.1918 0.1737 0.2320 0.3065 0.3521 0.3825 0.4023 0.4150 0.4202 0.4049 0.3470 0.2777 0.2212 0.1812 0.2003 0.2926 0.3486 0.3825 0.4034 0.4161 0.4199 0.3979 0.3338 0.2655 0.2118 0.1777 0.2188 0.3069 0.3570 0.3877 0.4066 0.4178 0.4185 0.3873 0.3191 0.2531 0.2029 0.1773 0.2380 0.3789
0.3654 0.2018 0.1799 0.2187 0.2747 0.3444 0.4040 0.4200 0.4145 0.4005 0.3778 0.3411 0.2792 0.1898 0.1858 0.2287 0.2882 0.3588 0.4107 0.4198 0.4122 0.3967 0.3716 0.3311 0.2609 0.1809 0.1932 0.2394 0.3017 0.3717 0.4148 0.4192 0.4104 0.3946 0.3699 0.3317 0.2721 0.1895 0.1797 0.2124 0.2555 0.3079 0.3637 0.4056 0.4194 0.4181 0.4113 0.4010 0.3871 0.3666 0.3473 0.3666 0.3871 0.4010 0.4112 0.4181 0.4194 0.4056 0.3637 0.3079 0.2555 0.2124 0.1797 0.1895 0.2721 0.3317 0.3699 0.3946 0.4104 0.4192 0.4148 0.3717 0.3017 0.2394 0.1932 0.1809 0.2609 0.3311 0.3716 0.3967 0.4122 0.4198 0.4107 0.3588 0.2882 0.2287 0.1858 0.1898 0.2792 0.3411 0.3778 0.4005 0.4145 0.4200 0.4040 0.3444 0.2747 0.2187 0.1799 0.2019 0.3654
0.3523 0.1816 0.1856 0.2282 0.2874 0.3580 0.4101 0.4193 0.4114 0.3953 0.3694 0.3275 0.2551 0.1787 0.1927 0.2388 0.3013 0.3718 0.4147 0.4185 0.4087 0.3910 0.3624 0.3160 0.2356 0.1759 0.2008 0.2501 0.3153 0.3839 0.4174 0.4174 0.4064 0.3880 0.3590 0.3141 0.2415 0.1741 0.1882 0.2249 0.2722 0.3280 0.3824 0.4137 0.4190 0.4141 0.4047 0.3916 0.3737 0.3473 0.3239 0.3473 0.3737 0.3916 0.4047 0.4141 0.4190 0.4137 0.3824 0.3280 0.2722 0.2249 0.1882 0.1741 0.2415 0.3141 0.3590 0.3880 0.4064 0.4174 0.4174 0.3839 0.3153 0.2501 0.2008 0.1759 0.2356 0.3160 0.3624 0.3910 0.4087 0.4185 0.4147 0.3718 0.3013 0.2388 0.1927 0.1787 0.2551 0.3275 0.3694 0.3953 0.4114 0.4193 0.4101 0.3579 0.2874 0.2282 0.1856 0.1816 0.3524
0.3654 0.2018 0.1799 0.2187 0.2747 0.3444 0.4040 0.4200 0.4145 0.4005 0.3778 0.3411 0.2792 0.1898 0.1858 0.2287 0.2882 0.3588 0.4107 0.4198 0.4122 0.3967 0.3716 0.3311 0.2609 0.1809 0.1932 0.2394 0.3017 0.3717 0.4148 0.4192 0.4104 0.3946 0.3699 0.3317 0.2721 0.1895 0.1797 0.2124 0.2555 0.3079 0.3637 0.4056 0.4194 0.4181 0.4112 0.4010 0.3871 0.3666 0.3473 0.3666 0.3871 0.4010 0.4112 0.4181 0.4194 0.4056 0.3637 0.3079 0.2555 0.2124 0.1797 0.1895 0.2721 0.3317 0.3699 0.3946 0.4104 0.4192 0.4148 0.3717 0.3017 0.2394 0.1932 0.1809 0.2609 0.3311 0.3716 0.3967 0.4122 0.4198 0.4107 0.3588 0.2882 0.2287 0.1858 0.1898 0.2792 0.3411 0.3778 0.4005 0.4145 0.4200 0.4040 0.3444 0.2747 0.2187 0.1799 0.2019 0.3654
0.3789 0.2379 0.1773 0.2029 0.2531 0.3191 0.3873 0.4185 0.4178 0.4066 0.3877 0.3570 0.3069 0.2188 0.1777 0.2118 0.2655 0.3338 0.3979 0.4199 0.4161 0.4034 0.3825 0.3486 0.2926 0.2003 0.1812 0.2212 0.2777 0.3470 0.4049 0.4202 0.4150 0.4023 0.3825 0.3521 0.3065 0.2320 0.1737 0.1918 0.2272 0.2720 0.3244 0.3766 0.4107 0.4200 0.4178 0.4111 0.4014 0.3871 0.3737 0.3871 0.4014 0.4111 0.4178 0.4200 0.4107 0.3766 0.3244 0.2720 0.2272 0.1918 0.1737 0.2320 0.3065 0.3521 0.3825 0.4023 0.4150 0.4202 0.4049 0.3470 0.2777 0.2212 0.1812 0.2003 0.2926 0.3486 0.3825 0.4034 0.4161 0.4199 0.3979 0.3338 0.2655 0.2118 0.1777 0.2188 0.3069 0.3570 0.3877 0.4066 0.4178 0.4185 0.3873 0.3191 0.2531 0.2029 0.1773 0.2380 0.3789
0.3885 0.2715 0.1854 0.1888 0.2331 0.2939 0.3647 0.4129 0.4197 0.4114 0.3954 0.3696 0.3276 0.2541 0.1789 0.1966 0.2442 0.3081 0.3781 0.4167 0.4187 0.4088 0.3911 0.3625 0.3161 0.2340 0.1770 0.2046 0.2550 0.3203 0.3869 0.4181 0.4182 0.4085 0.3925 0.3683 0.3322 0.2782 0.1968 0.1747 0.2020 0.2387 0.2838 0.3349 0.3834 0.4127 0.4201 0.4176 0.4111 0.4010 0.3916 0.4010 0.4111 0.4176 0.4201 0.4127 0.3834 0.3349 0.2838 0.2387 0.2020 0.1747 0.1968 0.2782 0.3322 0.3683 0.3925 0.4085 0.4182 0.4181 0.3869 0.3203 0.2550 0.2046 0.1770 0.2340 0.3161 0.3625 0.3911 0.4088 0.4187 0.4167 0.3781 0.3081 0.2442 0.1966 0.1789 0.2541 0.3276 0.3696 0.3954 0.4114 0.4197 0.4129 0.3647 0.2939 0.2331 0.1888 0.1854 0.2715 0.3885
0.3963 0.2998 0.2104 0.1787 0.2156 0.2706 0.3398 0.4015 0.4201 0.4153 0.4020 0.3802 0.3448 0.2857 0.1938 0.1836 0.2255 0.2839 0.3544 0.4089 0.4201 0.4132 0.3983 0.3742 0.3352 0.2682 0.1832 0.1903 0.2345 0.2942 0.3628 0.4111 0.4200 0.4136 0.4009 0.3818 0.3535 0.3123 0.2488 0.1788 0.1814 0.2105 0.2476 0.2923 0.3416 0.3870 0.4134 0.4201 0.4178 0.4112 0.4047 0.4112 0.4178 0.4201 0.4134 0.3870 0.3416 0.2923 0.2476 0.2105 0.1814 0.1788 0.2488 0.3123 0.3535 0.3818 0.4009 0.4136 0.4200 0.4111 0.3628 0.2942 0.2345 0.1903 0.1832 0.2682 0.3352 0.3742 0.3983 0.4132 0.4201 0.4089 0.3544 0.2839 0.2255 0.1836 0.1938 0.2857 0.3448 0.3802 0.4020 0.4153 0.4201 0.4015 0.3398 0.2706 0.2156 0.1787 0.2104 0.2998 0.3963
0.4028 0.3218 0.2456 0.1777 0.2001 0.2492 0.3143 0.3834 0.4178 0.4182 0.4075 0.3891 0.3593 0.3108 0.2250 0.1772 0.2088 0.2614 0.3291 0.3947 0.4195 0.4166 0.4044 0.3841 0.3512 0.2975 0.2063 0.1790 0.2161 0.2693 0.3352 0.3960 0.4192 0.4176 0.4079 0.3929 0.3710 0.3393 0.2940 0.2228 0.1723 0.1871 0.2164 0.2531 0.2965 0.3438 0.3870 0.4127 0.4200 0.4181 0.4141 0.4181 0.4200 0.4127 0.3870 0.3438 0.2965 0.2531 0.2164 0.1871 0.1723 0.2228 0.2940 0.3393 0.3710 0.3929 0.4079 0.4176 0.4192 0.3960 0.3352 0.2693 0.2161 0.1790 0.2063 0.2975 0.3512 0.3841 0.4044 0.4166 0.4195 0.3947 0.3291 0.2614 0.2088 0.1772 0.2250 0.3108 0.3593 0.3891 0.4075 0.4182 0.4178 0.3834 0.3143 0.2492 0.2001 0.1777 0.2456 0.3218 0.4028
