0.0000 0.0022 0.0039 0.0056 0.0083 0.0122 0.0180 0.0266 0.0393 0.0580 0.0857 0.1265 0.1869 0.2760 0.4075 0.6018 0.8888 1.0000 1.0000 1.0000 1.0000 1.0000 1.0000 1.0000 1.0000 0.0001 0.0001 0.0001 0.0002 0.0003 0.0005 0.0007 0.0010 0.0015 0.0022 0.0033 0.0048 0.0071 0.0106 0.0156 0.0230 0.0340 0.0502 0.0741 0.1095 0.1617 0.2388 0.3520 0.5179 0.8036 1.0000 0.8036 0.5179 0.3520 0.2388 0.1617 0.1095 0.0741 0.0502 0.0340 0.0230 0.0156 0.0106 0.0071 0.0048 0.0033 0.0022 0.0015 0.0010 0.0007 0.0005 0.0003 0.0002 0.0001 0.0001 0.0001 1.0000 1.0000 1.0000 1.0000 1.0000 1.0000 1.0000 1.0000 0.8888 0.6018 0.4075 0.2760 0.1869 0.1265 0.0857 0.0580 0.0393 0.0266 0.0180 0.0122 0.0083 0.0056 0.0039 0.0022 0.0000
0.0022 0.0400 0.0568 0.0875 0.1304 0.1937 0.2867 0.4241 0.6264 0.9250 1.0000 1.0000 1.0000 1.0000 1.0000 1.0000 1.0000 1.0000 1.0000 1.0000 1.0000 1.0000 1.0000 0.0005 0.0007 0.0011 0.0016 0.0023 0.0034 0.0050 0.0074 0.0110 0.0162 0.0240 0.0354 0.0523 0.0772 0.1140 0.1683 0.2485 0.3671 0.5421 0.8005 1.0000 1.0000 1.0000 1.0000 1.0000 1.0000 1.0000 1.0000 1.0000 1.0000 1.0000 1.0000 1.0000 1.0000 1.0000 0.8005 0.5421 0.3671 0.2485 0.1683 0.1140 0.0772 0.0523 0.0354 0.0240 0.0162 0.0110 0.0074 0.0050 0.0034 0.0023 0.0016 0.0011 0.0007 0.0005 1.0000 1.0000 1.0000 1.0000 1.0000 1.0000 1.0000 1.0000 1.0000 1.0000 1.0000 1.0000 1.0000 0.9250 0.6264 0.4241 0.2867 0.1937 0.1304 0.0875 0.0568 0.0400 0.0022
0.0039 0.0568 0.1188 0.2131 0.3520 0.5525 0.8411 1.0000 1.0000 1.0000 1.0000 1.0000 1.0000 1.0000 1.0000 1.0000 1.0000 1.0000 1.0000 1.0000 0.0005 0.0007 0.0010 0.0015 0.0022 0.0032 0.0047 0.0070 0.0103 0.0152 0.0224 0.0331 0.0489 0.0722 0.1066 0.1575 0.2325 0.3434 0.5072 0.7490 1.0000 1.0000 1.0000 1.0000 1.0000 1.0000 1.0000 1.0000 1.0000 1.0000 1.0000 1.0000 1.0000 1.0000 1.0000 1.0000 1.0000 1.0000 1.0000 1.0000 1.0000 0.7490 0.5072 0.3434 0.2325 0.1575 0.1066 0.0722 0.0489 0.0331 0.0224 0.0152 0.0103 0.0070 0.0047 0.0032 0.0022 0.0015 0.0010 0.0007 0.0005 1.0000 1.0000 1.0000 1.0000 1.0000 1.0000 1.0000 1.0000 1.0000 1.0000 1.0000 1.0000 1.0000 0.8411 0.5525 0.3520 0.2131 0.1188 0.0568 0.0039
0.0056 0.0875 0.2131 0.4439 0.8268 1.0000 1.0000 1.0000 1.0000 1.0000 1.0000 1.0000 1.0000 1.0000 1.0000 1.0000 1.0000 0.0004 0.0006 0.0009 0.0014 0.0020 0.0030 0.0044 0.0065 0.0096 0.0142 0.0210 0.0310 0.0457 0.0676 0.0998 0.1473 0.2176 0.3213 0.4745 0.7007 1.0000 1.0000 1.0000 1.0000 1.0000 1.0000 1.0000 1.0000 1.0000 1.0000 1.0000 1.0000 1.0000 1.0000 1.0000 1.0000 1.0000 1.0000 1.0000 1.0000 1.0000 1.0000 1.0000 1.0000 1.0000 1.0000 1.0000 0.7007 0.4745 0.3213 0.2176 0.1473 0.0998 0.0676 0.0457 0.0310 0.0210 0.0142 0.0096 0.0065 0.0044 0.0030 0.0020 0.0014 0.0009 0.0006 0.0004 1.0000 1.0000 1.0000 1.0000 1.0000 1.0000 1.0000 1.0000 1.0000 1.0000 1.0000 1.0000 0.8268 0.4439 0.2131 0.0875 0.0056
0.0083 0.1304 0.3520 0.8268 1.0000 1.0000 1.0000 1.0000 1.0000 1.0000 1.0000 1.0000 1.0000 1.0000 0.0004 0.0006 0.0009 0.0013 0.0019 0.0028 0.0041 0.0061 0.0090 0.0133 0.0196 0.0290 0.0428 0.0632 0.0933 0.1378 0.2036 0.3006 0.4439 0.6556 0.9682 1.0000 1.0000 1.0000 1.0000 1.0000 1.0000 1.0000 1.0000 1.0000 1.0000 1.0000 1.0000 0.0003 0.0005 0.0008 0.0010 0.0008 0.0005 0.0003 1.0000 1.0000 1.0000 1.0000 1.0000 1.0000 1.0000 1.0000 1.0000 1.0000 1.0000 1.0000 0.9682 0.6556 0.4439 0.3006 0.2036 0.1378 0.0933 0.0632 0.0428 0.0290 0.0196 0.0133 0.0090 0.0061 0.0041 0.0028 0.0019 0.0013 0.0009 0.0006 0.0004 1.0000 1.0000 1.0000 1.0000 1.0000 1.0000 1.0000 1.0000 1.0000 1.0000 0.8268 0.3520 0.1304 0.0083
0.0122 0.1937 0.5525 1.0000 1.0000 1.0000 1.0000 1.0000 1.0000 1.0000 1.0000 0.0004 0.0005 0.0008 0.0012 0.0018 0.0026 0.0039 0.0057 0.0084 0.0124 0.0184 0.0271 0.0400 0.0591 0.0873 0.1290 0.1904 0.2813 0.4153 0.6134 0.9058 1.0000 1.0000 1.0000 1.0000 1.0000 1.0000 1.0000 1.0000 1.0000 1.0000 1.0000 1.0000 1.0000 0.0005 0.0007 0.0010 0.0015 0.0023 0.0031 0.0023 0.0015 0.0010 0.0007 0.0005 1.0000 1.0000 1.0000 1.0000 1.0000 1.0000 1.0000 1.0000 1.0000 1.0000 1.0000 1.0000 1.0000 0.9058 0.6134 0.4153 0.2813 0.1904 0.1290 0.0873 0.0591 0.0400 0.0271 0.0184 0.0124 0.0084 0.0057 0.0039 0.0026 0.0018 0.0012 0.0008 0.0005 0.0004 1.0000 1.0000 1.0000 1.0000 1.0000 1.0000 1.0000 1.0000 0.5525 0.1937 0.0122
0.0180 0.2867 0.8411 1.0000 1.0000 1.0000 1.0000 1.0000 1.0000 0.0004 0.0006 0.0010 0.0015 0.0023 0.0035 0.0053 0.0078 0.0116 0.0172 0.0254 0.0375 0.0553 0.0817 0.1207 0.1782 0.2631 0.3886 0.5739 0.8475 1.0000 1.0000 1.0000 1.0000 1.0000 1.0000 1.0000 1.0000 1.0000 1.0000 1.0000 1.0000 1.0000 0.0004 0.0007 0.0010 0.0014 0.0021 0.0031 0.0046 0.0070 0.0095 0.0070 0.0046 0.0031 0.0021 0.0014 0.0010 0.0007 0.0004 1.0000 1.0000 1.0000 1.0000 1.0000 1.0000 1.0000 1.0000 1.0000 1.0000 1.0000 1.0000 1.0000 0.8475 0.5739 0.3886 0.2631 0.1782 0.1207 0.0817 0.0553 0.0375 0.0254 0.0172 0.0116 0.0078 0.0053 0.0035 0.0023 0.0015 0.0010 0.0006 0.0004 1.0000 1.0000 1.0000 1.0000 1.0000 1.0000 0.8411 0.2867 0.0180
0.0266 0.4241 1.0000 1.0000 1.0000 1.0000 1.0000 1.0000 0.0005 0.0009 0.0015 0.0026 0.0042 0.0066 0.0102 0.0154 0.0232 0.0346 0.0514 0.0762 0.1129 0.1667 0.2467 0.3636 0.5369 0.7929 1.0000 1.0000 1.0000 1.0000 1.0000 1.0000 1.0000 1.0000 1.0000 1.0000 1.0000 1.0000 1.0000 0.0004 0.0006 0.0009 0.0013 0.0020 0.0029 0.0043 0.0064 0.0094 0.0139 0.0211 0.0285 0.0211 0.0139 0.0094 0.0064 0.0043 0.0029 0.0020 0.0013 0.0009 0.0006 0.0004 1.0000 1.0000 1.0000 1.0000 1.0000 1.0000 1.0000 1.0000 1.0000 1.0000 1.0000 1.0000 1.0000 0.7929 0.5369 0.3636 0.2467 0.1667 0.1129 0.0762 0.0514 0.0346 0.0232 0.0154 0.0102 0.0066 0.0042 0.0026 0.0015 0.0009 0.0005 1.0000 1.0000 1.0000 1.0000 1.0000 1.0000 0.4241 0.0266
0.0393 0.6264 1.0000 1.0000 1.0000 1.0000 1.0000 0.0005 0.0010 0.0019 0.0036 0.0063 0.0108 0.0177 0.0283 0.0441 0.0676 0.1021 0.1530 0.2282 0.3389 0.5014 0.7419 1.0000 1.0000 1.0000 1.0000 1.0000 1.0000 1.0000 1.0000 1.0000 1.0000 1.0000 1.0000 1.0000 0.0004 0.0006 0.0008 0.0013 0.0019 0.0027 0.0040 0.0060 0.0088 0.0130 0.0192 0.0284 0.0419 0.0636 0.0860 0.0636 0.0419 0.0284 0.0192 0.0130 0.0088 0.0060 0.0040 0.0027 0.0019 0.0013 0.0008 0.0006 0.0004 1.0000 1.0000 1.0000 1.0000 1.0000 1.0000 1.0000 1.0000 1.0000 1.0000 1.0000 1.0000 1.0000 0.7419 0.5014 0.3389 0.2282 0.1530 0.1021 0.0676 0.0441 0.0283 0.0177 0.0108 0.0063 0.0036 0.0019 0.0010 0.0005 1.0000 1.0000 1.0000 1.0000 1.0000 0.6264 0.0393
0.0580 0.9250 1.0000 1.0000 1.0000 1.0000 0.0004 0.0009 0.0019 0.0040 0.0078 0.0146 0.0263 0.0452 0.0753 0.1213 0.1912 0.2949 0.4499 0.6746 1.0000 1.0000 1.0000 1.0000 1.0000 1.0000 1.0000 1.0000 1.0000 1.0000 1.0000 1.0000 1.0000 0.0004 0.0005 0.0008 0.0012 0.0017 0.0026 0.0038 0.0056 0.0082 0.0122 0.0180 0.0266 0.0392 0.0579 0.0855 0.1263 0.1915 0.2592 0.1915 0.1263 0.0855 0.0579 0.0392 0.0266 0.0180 0.0122 0.0082 0.0056 0.0038 0.0026 0.0017 0.0012 0.0008 0.0005 0.0004 1.0000 1.0000 1.0000 1.0000 1.0000 1.0000 1.0000 1.0000 1.0000 1.0000 1.0000 1.0000 1.0000 0.6746 0.4499 0.2949 0.1912 0.1213 0.0753 0.0452 0.0263 0.0146 0.0078 0.0040 0.0019 0.0009 0.0004 1.0000 1.0000 1.0000 1.0000 0.9250 0.0580
0.0857 1.0000 1.0000 1.0000 1.0000 1.0000 0.0006 0.0015 0.0036 0.0078 0.0162 0.0319 0.0602 0.1089 0.1897 0.3189 0.5208 0.8284 1.0000 1.0000 1.0000 1.0000 1.0000 1.0000 1.0000 1.0000 1.0000 1.0000 1.0000 1.0000 0.0003 0.0005 0.0007 0.0011 0.0016 0.0024 0.0035 0.0052 0.0077 0.0114 0.0168 0.0248 0.0367 0.0542 0.0800 0.1182 0.1745 0.2577 0.3806 0.5772 0.7810 0.5772 0.3806 0.2577 0.1745 0.1182 0.0800 0.0542 0.0367 0.0248 0.0168 0.0114 0.0077 0.0052 0.0035 0.0024 0.0016 0.0011 0.0007 0.0005 0.0003 1.0000 1.0000 1.0000 1.0000 1.0000 1.0000 1.0000 1.0000 1.0000 1.0000 1.0000 1.0000 0.8284 0.5208 0.3189 0.1897 0.1089 0.0602 0.0319 0.0162 0.0078 0.0036 0.0015 0.0006 1.0000 1.0000 1.0000 1.0000 1.0000 0.0857
0.1265 1.0000 1.0000 1.0000 1.0000 0.0004 0.0010 0.0026 0.0063 0.0146 0.0319 0.0662 0.1309 0.2485 0.4533 0.7975 1.0000 1.0000 1.0000 1.0000 1.0000 1.0000 1.0000 1.0000 1.0000 1.0000 1.0000 1.0000 0.0005 0.0007 0.0010 0.0015 0.0022 0.0033 0.0049 0.0072 0.0107 0.0157 0.0232 0.0343 0.0507 0.0749 0.1105 0.1633 0.2411 0.3561 0.5258 0.7765 1.0000 1.0000 1.0000 1.0000 1.0000 0.7765 0.5258 0.3561 0.2411 0.1633 0.1105 0.0749 0.0507 0.0343 0.0232 0.0157 0.0107 0.0072 0.0049 0.0033 0.0022 0.0015 0.0010 0.0007 0.0005 1.0000 1.0000 1.0000 1.0000 1.0000 1.0000 1.0000 1.0000 1.0000 1.0000 1.0000 1.0000 0.7975 0.4533 0.2485 0.1309 0.0662 0.0319 0.0146 0.0063 0.0026 0.0010 0.0004 1.0000 1.0000 1.0000 1.0000 0.1265
0.1869 1.0000 1.0000 1.0000 1.0000 0.0005 0.0015 0.0042 0.0108 0.0263 0.0602 0.1309 0.2713 0.5390 1.0000 1.0000 1.0000 1.0000 1.0000 1.0000 1.0000 1.0000 1.0000 1.0000 1.0000 0.0004 0.0006 0.0010 0.0014 0.0021 0.0031 0.0046 0.0068 0.0100 0.0147 0.0217 0.0321 0.0474 0.0700 0.1034 0.1527 0.2256 0.3331 0.4920 0.7265 1.0000 1.0000 1.0000 1.0000 1.0000 1.0000 1.0000 1.0000 1.0000 1.0000 1.0000 0.7265 0.4920 0.3331 0.2256 0.1527 0.1034 0.0700 0.0474 0.0321 0.0217 0.0147 0.0100 0.0068 0.0046 0.0031 0.0021 0.0014 0.0010 0.0006 0.0004 1.0000 1.0000 1.0000 1.0000 1.0000 1.0000 1.0000 1.0000 1.0000 1.0000 1.0000 0.5390 0.2713 0.1309 0.0602 0.0263 0.0108 0.0042 0.0015 0.0005 1.0000 1.0000 1.0000 1.0000 0.1869
0.2760 1.0000 1.0000 1.0000 1.0000 0.0008 0.0023 0.0066 0.0177 0.0452 0.1089 0.2485 0.5390 1.0000 1.0000 1.0000 1.0000 1.0000 1.0000 1.0000 1.0000 1.0000 0.0004 0.0006 0.0009 0.0013 0.0019 0.0029 0.0043 0.0063 0.0093 0.0138 0.0203 0.0300 0.0444 0.0655 0.0968 0.1429 0.2110 0.3117 0.4603 0.6797 1.0000 1.0000 1.0000 1.0000 1.0000 1.0000 1.0000 1.0000 1.0000 1.0000 1.0000 1.0000 1.0000 1.0000 1.0000 1.0000 1.0000 0.6797 0.4603 0.3117 0.2110 0.1429 0.0968 0.0655 0.0444 0.0300 0.0203 0.0138 0.0093 0.0063 0.0043 0.0029 0.0019 0.0013 0.0009 0.0006 0.0004 1.0000 1.0000 1.0000 1.0000 1.0000 1.0000 1.0000 1.0000 1.0000 0.5390 0.2485 0.1089 0.0452 0.0177 0.0066 0.0023 0.0008 1.0000 1.0000 1.0000 1.0000 0.2760
0.4075 1.0000 1.0000 1.0000 0.0004 0.0012 0.0035 0.0102 0.0283 0.0753 0.1897 0.4533 1.0000 1.0000 1.0000 1.0000 1.0000 1.0000 1.0000 1.0000 0.0004 0.0006 0.0010 0.0016 0.0025 0.0038 0.0057 0.0085 0.0127 0.0189 0.0280 0.0415 0.0613 0.0907 0.1337 0.1975 0.2916 0.4306 0.6360 0.9392 1.0000 1.0000 1.0000 1.0000 1.0000 1.0000 1.0000 1.0000 1.0000 1.0000 1.0000 1.0000 1.0000 1.0000 1.0000 1.0000 1.0000 1.0000 1.0000 1.0000 1.0000 0.9392 0.6360 0.4306 0.2916 0.1975 0.1337 0.0907 0.0613 0.0415 0.0280 0.0189 0.0127 0.0085 0.0057 0.0038 0.0025 0.0016 0.0010 0.0006 0.0004 1.0000 1.0000 1.0000 1.0000 1.0000 1.0000 1.0000 1.0000 0.4533 0.1897 0.0753 0.0283 0.0102 0.0035 0.0012 0.0004 1.0000 1.0000 1.0000 0.4075
0.6018 1.0000 1.0000 1.0000 0.0006 0.0018 0.0053 0.0154 0.0441 0.1213 0.3189 0.7975 1.0000 1.0000 1.0000 1.0000 1.0000 1.0000 1.0000 0.0006 0.0010 0.0016 0.0027 0.0044 0.0070 0.0108 0.0166 0.0251 0.0377 0.0564 0.0839 0.1246 0.1844 0.2728 0.4029 0.5950 0.8787 1.0000 1.0000 1.0000 1.0000 1.0000 1.0000 1.0000 1.0000 1.0000 1.0000 1.0000 1.0000 1.0000 0.0004 1.0000 1.0000 1.0000 1.0000 1.0000 1.0000 1.0000 1.0000 1.0000 1.0000 1.0000 1.0000 1.0000 0.8787 0.5950 0.4029 0.2728 0.1844 0.1246 0.0839 0.0564 0.0377 0.0251 0.0166 0.0108 0.0070 0.0044 0.0027 0.0016 0.0010 0.0006 1.0000 1.0000 1.0000 1.0000 1.0000 1.0000 1.0000 0.7975 0.3189 0.1213 0.0441 0.0154 0.0053 0.0018 0.0006 1.0000 1.0000 1.0000 0.6018
0.8888 1.0000 1.0000 1.0000 0.0009 0.0026 0.0078 0.0232 0.0676 0.1912 0.5208 1.0000 1.0000 1.0000 1.0000 1.0000 1.0000 1.0000 0.0007 0.0013 0.0023 0.0041 0.0070 0.0117 0.0190 0.0303 0.0473 0.0729 0.1108 0.1670 0.2500 0.3727 0.5535 0.8190 1.0000 1.0000 1.0000 1.0000 1.0000 1.0000 1.0000 1.0000 1.0000 1.0000 1.0000 1.0000 1.0000 0.0004 0.0006 0.0010 0.0013 0.0010 0.0006 0.0004 1.0000 1.0000 1.0000 1.0000 1.0000 1.0000 1.0000 1.0000 1.0000 1.0000 1.0000 1.0000 1.0000 0.8190 0.5535 0.3727 0.2500 0.1670 0.1108 0.0729 0.0473 0.0303 0.0190 0.0117 0.0070 0.0041 0.0023 0.0013 0.0007 1.0000 1.0000 1.0000 1.0000 1.0000 1.0000 1.0000 0.5208 0.1912 0.0676 0.0232 0.0078 0.0026 0.0009 1.0000 1.0000 1.0000 0.8888
1.0000 1.0000 1.0000 0.0004 0.0013 0.0039 0.0116 0.0346 0.1021 0.2949 0.8284 1.0000 1.0000 1.0000 1.0000 1.0000 1.0000 0.0007 0.0015 0.0029 0.0054 0.0098 0.0174 0.0299 0.0501 0.0820 0.1314 0.2067 0.3195 0.4882 0.7376 1.0000 1.0000 1.0000 1.0000 1.0000 1.0000 1.0000 1.0000 1.0000 1.0000 1.0000 1.0000 1.0000 0.0004 0.0006 0.0009 0.0013 0.0019 0.0029 0.0039 0.0029 0.0019 0.0013 0.0009 0.0006 0.0004 1.0000 1.0000 1.0000 1.0000 1.0000 1.0000 1.0000 1.0000 1.0000 1.0000 1.0000 1.0000 1.0000 0.7376 0.4882 0.3195 0.2067 0.1314 0.0820 0.0501 0.0299 0.0174 0.0098 0.0054 0.0029 0.0015 0.0007 1.0000 1.0000 1.0000 1.0000 1.0000 1.0000 0.8284 0.2949 0.1021 0.0346 0.0116 0.0039 0.0013 0.0004 1.0000 1.0000 1.0000
1.0000 1.0000 1.0000 0.0006 0.0019 0.0057 0.0172 0.0514 0.1530 0.4499 1.0000 1.0000 1.0000 1.0000 1.0000 1.0000 0.0007 0.0015 0.0031 0.0062 0.0119 0.0225 0.0412 0.0733 0.1270 0.2147 0.3534 0.5695 0.9007 1.0000 1.0000 1.0000 1.0000 1.0000 1.0000 1.0000 1.0000 1.0000 1.0000 1.0000 1.0000 0.0004 0.0006 0.0008 0.0012 0.0018 0.0027 0.0039 0.0058 0.0088 0.0119 0.0088 0.0058 0.0039 0.0027 0.0018 0.0012 0.0008 0.0006 0.0004 1.0000 1.0000 1.0000 1.0000 1.0000 1.0000 1.0000 1.0000 1.0000 1.0000 1.0000 1.0000 0.9007 0.5695 0.3534 0.2147 0.1270 0.0733 0.0412 0.0225 0.0119 0.0062 0.0031 0.0015 0.0007 1.0000 1.0000 1.0000 1.0000 1.0000 1.0000 0.4499 0.1530 0.0514 0.0172 0.0057 0.0019 0.0006 1.0000 1.0000 1.0000
1.0000 1.0000 1.0000 0.0009 0.0028 0.0084 0.0254 0.0762 0.2282 0.6746 1.0000 1.0000 1.0000 1.0000 1.0000 0.0006 0.0013 0.0029 0.0062 0.0127 0.0256 0.0498 0.0942 0.1735 0.3105 0.5400 0.9162 1.0000 1.0000 1.0000 1.0000 1.0000 1.0000 1.0000 1.0000 1.0000 1.0000 1.0000 0.0004 0.0005 0.0008 0.0011 0.0017 0.0025 0.0037 0.0054 0.0080 0.0118 0.0174 0.0265 0.0358 0.0265 0.0174 0.0118 0.0080 0.0054 0.0037 0.0025 0.0017 0.0011 0.0008 0.0005 0.0004 1.0000 1.0000 1.0000 1.0000 1.0000 1.0000 1.0000 1.0000 1.0000 1.0000 1.0000 0.9162 0.5400 0.3105 0.1735 0.0942 0.0498 0.0256 0.0127 0.0062 0.0029 0.0013 0.0006 1.0000 1.0000 1.0000 1.0000 1.0000 0.6746 0.2282 0.0762 0.0254 0.0084 0.0028 0.0009 1.0000 1.0000 1.0000
1.0000 1.0000 0.0005 0.0014 0.0041 0.0124 0.0375 0.1129 0.3389 1.0000 1.0000 1.0000 1.0000 1.0000 0.0004 0.0010 0.0023 0.0054 0.0119 0.0256 0.0532 0.1068 0.2083 0.3961 0.7307 1.0000 1.0000 1.0000 1.0000 1.0000 1.0000 1.0000 1.0000 1.0000 1.0000 1.0000 0.0005 0.0007 0.0011 0.0016 0.0023 0.0034 0.0051 0.0075 0.0110 0.0163 0.0241 0.0356 0.0526 0.0797 0.1078 0.0797 0.0526 0.0356 0.0241 0.0163 0.0110 0.0075 0.0051 0.0034 0.0023 0.0016 0.0011 0.0007 0.0005 1.0000 1.0000 1.0000 1.0000 1.0000 1.0000 1.0000 1.0000 1.0000 1.0000 1.0000 0.7307 0.3961 0.2083 0.1068 0.0532 0.0256 0.0119 0.0054 0.0023 0.0010 0.0004 1.0000 1.0000 1.0000 1.0000 1.0000 0.3389 0.1129 0.0375 0.0124 0.0041 0.0014 0.0005 1.0000 1.0000
1.0000 1.0000 0.0007 0.0020 0.0061 0.0184 0.0553 0.1667 0.5014 1.0000 1.0000 1.0000 1.0000 1.0000 0.0006 0.0016 0.0041 0.0098 0.0225 0.0498 0.1068 0.2213 0.4465 0.8720 1.0000 1.0000 1.0000 1.0000 1.0000 1.0000 1.0000 1.0000 1.0000 0.0004 0.0006 0.0009 0.0014 0.0021 0.0032 0.0047 0.0070 0.0103 0.0153 0.0226 0.0333 0.0492 0.0726 0.1072 0.1584 0.2402 0.3250 0.2402 0.1584 0.1072 0.0726 0.0492 0.0333 0.0226 0.0153 0.0103 0.0070 0.0047 0.0032 0.0021 0.0014 0.0009 0.0006 0.0004 1.0000 1.0000 1.0000 1.0000 1.0000 1.0000 1.0000 1.0000 1.0000 0.8720 0.4465 0.2213 0.1068 0.0498 0.0225 0.0098 0.0041 0.0016 0.0006 1.0000 1.0000 1.0000 1.0000 1.0000 0.5014 0.1667 0.0553 0.0184 0.0061 0.0020 0.0007 1.0000 1.0000
1.0000 1.0000 0.0010 0.0030 0.0090 0.0271 0.0817 0.2467 0.7419 1.0000 1.0000 1.0000 1.0000 0.0004 0.0010 0.0027 0.0070 0.0174 0.0412 0.0942 0.2083 0.4465 0.9232 1.0000 1.0000 1.0000 1.0000 1.0000 1.0000 1.0000 1.0000 0.0004 0.0007 0.0011 0.0018 0.0027 0.0042 0.0063 0.0094 0.0141 0.0209 0.0310 0.0459 0.0679 0.1003 0.1482 0.2188 0.3231 0.4772 0.7238 0.9793 0.7238 0.4772 0.3231 0.2188 0.1482 0.1003 0.0679 0.0459 0.0310 0.0209 0.0141 0.0094 0.0063 0.0042 0.0027 0.0018 0.0011 0.0007 0.0004 1.0000 1.0000 1.0000 1.0000 1.0000 1.0000 1.0000 1.0000 0.9232 0.4465 0.2083 0.0942 0.0412 0.0174 0.0070 0.0027 0.0010 0.0004 1.0000 1.0000 1.0000 1.0000 0.7419 0.2467 0.0817 0.0271 0.0090 0.0030 0.0010 1.0000 1.0000
1.0000 0.0005 0.0015 0.0044 0.0133 0.0400 0.1207 0.3636 1.0000 1.0000 1.0000 1.0000 1.0000 0.0006 0.0016 0.0044 0.0117 0.0299 0.0733 0.1735 0.3961 0.8720 1.0000 1.0000 1.0000 1.0000 1.0000 1.0000 1.0000 0.0004 0.0007 0.0012 0.0019 0.0031 0.0050 0.0078 0.0120 0.0184 0.0278 0.0418 0.0624 0.0928 0.1378 0.2039 0.3018 0.4465 0.6594 0.9737 1.0000 1.0000 1.0000 1.0000 1.0000 0.9737 0.6594 0.4465 0.3018 0.2039 0.1378 0.0928 0.0624 0.0418 0.0278 0.0184 0.0120 0.0078 0.0050 0.0031 0.0019 0.0012 0.0007 0.0004 1.0000 1.0000 1.0000 1.0000 1.0000 1.0000 1.0000 0.8720 0.3961 0.1735 0.0733 0.0299 0.0117 0.0044 0.0016 0.0006 1.0000 1.0000 1.0000 1.0000 1.0000 0.3636 0.1207 0.0400 0.0133 0.0044 0.0015 0.0005 1.0000
1.0000 0.0007 0.0022 0.0065 0.0196 0.0591 0.1782 0.5369 1.0000 1.0000 1.0000 1.0000 1.0000 0.0009 0.0025 0.0070 0.0190 0.0501 0.1270 0.3105 0.7307 1.0000 1.0000 1.0000 1.0000 1.0000 1.0000 1.0000 0.0005 0.0009 0.0017 0.0029 0.0050 0.0083 0.0135 0.0216 0.0340 0.0528 0.0809 0.1230 0.1851 0.2765 0.4114 0.6111 0.9076 1.0000 1.0000 1.0000 1.0000 1.0000 1.0000 1.0000 1.0000 1.0000 1.0000 1.0000 0.9076 0.6111 0.4114 0.2765 0.1851 0.1230 0.0809 0.0528 0.0340 0.0216 0.0135 0.0083 0.0050 0.0029 0.0017 0.0009 0.0005 1.0000 1.0000 1.0000 1.0000 1.0000 1.0000 1.0000 0.7307 0.3105 0.1270 0.0501 0.0190 0.0070 0.0025 0.0009 1.0000 1.0000 1.0000 1.0000 1.0000 0.5369 0.1782 0.0591 0.0196 0.0065 0.0022 0.0007 1.0000
0.0001 0.0011 0.0032 0.0096 0.0290 0.0873 0.2631 0.7929 1.0000 1.0000 1.0000 1.0000 0.0004 0.0013 0.0038 0.0108 0.0303 0.0820 0.2147 0.5400 1.0000 1.0000 1.0000 1.0000 1.0000 1.0000 1.0000 0.0006 0.0012 0.0022 0.0040 0.0071 0.0125 0.0213 0.0356 0.0583 0.0939 0.1484 0.2312 0.3561 0.5410 0.8159 1.0000 1.0000 1.0000 1.0000 1.0000 1.0000 1.0000 1.0000 1.0000 1.0000 1.0000 1.0000 1.0000 1.0000 1.0000 1.0000 1.0000 0.8159 0.5410 0.3561 0.2312 0.1484 0.0939 0.0583 0.0356 0.0213 0.0125 0.0071 0.0040 0.0022 0.0012 0.0006 1.0000 1.0000 1.0000 1.0000 1.0000 1.0000 1.0000 0.5400 0.2147 0.0820 0.0303 0.0108 0.0038 0.0013 0.0004 1.0000 1.0000 1.0000 1.0000 0.7929 0.2631 0.0873 0.0290 0.0096 0.0032 0.0011 0.0001
0.0001 0.0016 0.0047 0.0142 0.0428 0.1290 0.3886 1.0000 1.0000 1.0000 1.0000 1.0000 0.0006 0.0019 0.0057 0.0166 0.0473 0.1314 0.3534 0.9162 1.0000 1.0000 1.0000 1.0000 1.0000 1.0000 0.0006 0.0013 0.0025 0.0049 0.0092 0.0169 0.0303 0.0532 0.0912 0.1533 0.2524 0.4083 0.6482 1.0000 1.0000 1.0000 1.0000 1.0000 1.0000 1.0000 1.0000 1.0000 1.0000 1.0000 1.0000 1.0000 1.0000 1.0000 1.0000 1.0000 1.0000 1.0000 1.0000 1.0000 1.0000 1.0000 0.6482 0.4083 0.2524 0.1533 0.0912 0.0532 0.0303 0.0169 0.0092 0.0049 0.0025 0.0013 0.0006 1.0000 1.0000 1.0000 1.0000 1.0000 1.0000 0.9162 0.3534 0.1314 0.0473 0.0166 0.0057 0.0019 0.0006 1.0000 1.0000 1.0000 1.0000 1.0000 0.3886 0.1290 0.0428 0.0142 0.0047 0.0016 0.0001
0.0001 0.0023 0.0070 0.0210 0.0632 0.1904 0.5739 1.0000 1.0000 1.0000 1.0000 1.0000 0.0010 0.0029 0.0085 0.0251 0.0729 0.2063 0.5685 1.0000 1.0000 1.0000 1.0000 1.0000 1.0000 0.0006 0.0013 0.0027 0.0054 0.0107 0.0206 0.0388 0.0715 0.1290 0.2273 0.3908 0.6606 1.0000 1.0000 1.0000 1.0000 1.0000 1.0000 1.0000 1.0000 1.0000 1.0000 1.0000 1.0000 0.0004 0.0005 0.0004 1.0000 1.0000 1.0000 1.0000 1.0000 1.0000 1.0000 1.0000 1.0000 1.0000 1.0000 1.0000 0.6606 0.3916 0.2269 0.1290 0.0715 0.0388 0.0206 0.0107 0.0054 0.0027 0.0013 0.0006 1.0000 1.0000 1.0000 1.0000 1.0000 1.0000 0.5695 0.2067 0.0729 0.0251 0.0085 0.0029 0.0010 1.0000 1.0000 1.0000 1.0000 1.0000 0.5739 0.1904 0.0632 0.0210 0.0070 0.0023 0.0001
0.0002 0.0034 0.0103 0.0310 0.0933 0.2813 0.8475 1.0000 1.0000 1.0000 1.0000 0.0005 0.0014 0.0043 0.0127 0.0377 0.1108 0.3195 0.8990 1.0000 1.0000 1.0000 1.0000 1.0000 0.0005 0.0012 0.0025 0.0054 0.0112 0.0227 0.0449 0.0867 0.1639 0.3029 0.5472 0.9682 1.0000 1.0000 1.0000 1.0000 1.0000 1.0000 1.0000 1.0000 1.0000 1.0000 0.0004 0.0005 0.0008 0.0012 0.0016 0.0012 0.0008 0.0005 0.0004 1.0000 1.0000 1.0000 1.0000 1.0000 1.0000 1.0000 1.0000 1.0000 1.0000 0.9682 0.5472 0.3023 0.1639 0.0867 0.0449 0.0227 0.0112 0.0054 0.0025 0.0012 0.0005 1.0000 1.0000 1.0000 1.0000 1.0000 0.9007 0.3195 0.1108 0.0377 0.0127 0.0043 0.0014 0.0005 1.0000 1.0000 1.0000 1.0000 0.8475 0.2813 0.0933 0.0310 0.0103 0.0034 0.0002
0.0003 0.0050 0.0152 0.0457 0.1378 0.4153 1.0000 1.0000 1.0000 1.0000 1.0000 0.0007 0.0021 0.0063 0.0189 0.0564 0.1670 0.4873 1.0000 1.0000 1.0000 1.0000 1.0000 0.0004 0.0009 0.0022 0.0049 0.0107 0.0227 0.0472 0.0955 0.1890 0.3657 0.6928 1.0000 1.0000 1.0000 1.0000 1.0000 1.0000 1.0000 1.0000 1.0000 1.0000 0.0005 0.0007 0.0011 0.0016 0.0024 0.0036 0.0049 0.0036 0.0024 0.0016 0.0011 0.0007 0.0005 1.0000 1.0000 1.0000 1.0000 1.0000 1.0000 1.0000 1.0000 1.0000 1.0000 0.6928 0.3657 0.1890 0.0955 0.0472 0.0227 0.0107 0.0049 0.0022 0.0009 0.0004 1.0000 1.0000 1.0000 1.0000 1.0000 0.4882 0.1670 0.0564 0.0189 0.0063 0.0021 0.0007 1.0000 1.0000 1.0000 1.0000 1.0000 0.4153 0.1378 0.0457 0.0152 0.0050 0.0003
0.0005 0.0074 0.0224 0.0676 0.2036 0.6134 1.0000 1.0000 1.0000 1.0000 0.0003 0.0010 0.0031 0.0093 0.0280 0.0839 0.2500 0.7376 1.0000 1.0000 1.0000 1.0000 1.0000 0.0007 0.0017 0.0040 0.0092 0.0206 0.0449 0.0955 0.1978 0.4021 0.7960 1.0000 1.0000 1.0000 1.0000 1.0000 1.0000 1.0000 1.0000 1.0000 0.0005 0.0008 0.0013 0.0020 0.0031 0.0047 0.0070 0.0108 0.0147 0.0108 0.0070 0.0047 0.0031 0.0020 0.0013 0.0008 0.0005 1.0000 1.0000 1.0000 1.0000 1.0000 1.0000 1.0000 1.0000 1.0000 0.7960 0.4021 0.1978 0.0955 0.0449 0.0206 0.0092 0.0040 0.0017 0.0007 1.0000 1.0000 1.0000 1.0000 1.0000 0.7376 0.2500 0.0839 0.0280 0.0093 0.0031 0.0010 0.0003 1.0000 1.0000 1.0000 1.0000 0.6134 0.2036 0.0676 0.0224 0.0074 0.0005
0.0007 0.0110 0.0331 0.0998 0.3006 0.9058 1.0000 1.0000 1.0000 1.0000 0.0005 0.0015 0.0046 0.0138 0.0415 0.1246 0.3727 1.0000 1.0000 1.0000 1.0000 1.0000 0.0004 0.0012 0.0029 0.0071 0.0169 0.0388 0.0867 0.1890 0.4021 0.8331 1.0000 1.0000 1.0000 1.0000 1.0000 1.0000 1.0000 1.0000 0.0005 0.0008 0.0014 0.0023 0.0036 0.0057 0.0088 0.0135 0.0205 0.0319 0.0436 0.0319 0.0205 0.0135 0.0088 0.0057 0.0036 0.0023 0.0014 0.0008 0.0005 1.0000 1.0000 1.0000 1.0000 1.0000 1.0000 1.0000 1.0000 0.8331 0.4021 0.1890 0.0867 0.0388 0.0169 0.0071 0.0029 0.0012 0.0004 1.0000 1.0000 1.0000 1.0000 1.0000 0.3727 0.1246 0.0415 0.0138 0.0046 0.0015 0.0005 1.0000 1.0000 1.0000 1.0000 0.9058 0.3006 0.0998 0.0331 0.0110 0.0007
0.0010 0.0162 0.0489 0.1473 0.4439 1.0000 1.0000 1.0000 1.0000 1.0000 0.0007 0.0022 0.0068 0.0203 0.0613 0.1844 0.5535 1.0000 1.0000 1.0000 1.0000 1.0000 0.0007 0.0019 0.0050 0.0125 0.0303 0.0715 0.1639 0.3657 0.7960 1.0000 1.0000 1.0000 1.0000 1.0000 1.0000 1.0000 0.0004 0.0007 0.0013 0.0022 0.0037 0.0061 0.0099 0.0158 0.0249 0.0388 0.0596 0.0932 0.1287 0.0932 0.0596 0.0388 0.0249 0.0158 0.0099 0.0061 0.0037 0.0022 0.0013 0.0007 0.0004 1.0000 1.0000 1.0000 1.0000 1.0000 1.0000 1.0000 0.7960 0.3657 0.1639 0.0715 0.0303 0.0125 0.0050 0.0019 0.0007 1.0000 1.0000 1.0000 1.0000 1.0000 0.5535 0.1844 0.0613 0.0203 0.0068 0.0022 0.0007 1.0000 1.0000 1.0000 1.0000 1.0000 0.4439 0.1473 0.0489 0.0162 0.0010
0.0015 0.0240 0.0722 0.2176 0.6556 1.0000 1.0000 1.0000 1.0000 0.0004 0.0011 0.0033 0.0100 0.0300 0.0907 0.2728 0.8190 1.0000 1.0000 1.0000 1.0000 0.0004 0.0011 0.0031 0.0083 0.0213 0.0532 0.1290 0.3023 0.6928 1.0000 1.0000 1.0000 1.0000 1.0000 1.0000 1.0000 0.0005 0.0009 0.0017 0.0031 0.0054 0.0093 0.0158 0.0263 0.0429 0.0690 0.1091 0.1702 0.2702 0.3755 0.2702 0.1702 0.1091 0.0690 0.0429 0.0263 0.0158 0.0093 0.0054 0.0031 0.0017 0.0009 0.0005 1.0000 1.0000 1.0000 1.0000 1.0000 1.0000 1.0000 0.6928 0.3023 0.1290 0.0532 0.0213 0.0083 0.0031 0.0011 0.0004 1.0000 1.0000 1.0000 1.0000 0.8190 0.2728 0.0907 0.0300 0.0100 0.0033 0.0011 0.0004 1.0000 1.0000 1.0000 1.0000 0.6556 0.2176 0.0722 0.0240 0.0015
0.0022 0.0354 0.1066 0.3213 0.9682 1.0000 1.0000 1.0000 1.0000 0.0005 0.0016 0.0049 0.0147 0.0444 0.1337 0.4029 1.0000 1.0000 1.0000 1.0000 1.0000 0.0006 0.0018 0.0050 0.0135 0.0356 0.0912 0.2269 0.5472 1.0000 1.0000 1.0000 1.0000 1.0000 1.0000 1.0000 0.0006 0.0011 0.0021 0.0039 0.0072 0.0131 0.0231 0.0400 0.0681 0.1137 0.1865 0.3006 0.4772 0.7692 1.0000 0.7692 0.4772 0.3006 0.1865 0.1137 0.0681 0.0400 0.0231 0.0130 0.0072 0.0039 0.0021 0.0011 0.0006 1.0000 1.0000 1.0000 1.0000 1.0000 1.0000 1.0000 0.5472 0.2269 0.0912 0.0356 0.0135 0.0050 0.0018 0.0006 1.0000 1.0000 1.0000 1.0000 1.0000 0.4029 0.1337 0.0444 0.0147 0.0049 0.0016 0.0005 1.0000 1.0000 1.0000 1.0000 0.9682 0.3213 0.1066 0.0354 0.0022
0.0033 0.0523 0.1575 0.4745 1.0000 1.0000 1.0000 1.0000 1.0000 0.0008 0.0024 0.0072 0.0217 0.0655 0.1975 0.5950 1.0000 1.0000 1.0000 1.0000 1.0000 0.0009 0.0027 0.0078 0.0216 0.0583 0.1533 0.3916 0.9682 1.0000 1.0000 1.0000 1.0000 1.0000 1.0000 0.0006 0.0012 0.0024 0.0046 0.0089 0.0167 0.0307 0.0556 0.0986 0.1715 0.2933 0.4920 0.8097 1.0000 1.0000 1.0000 1.0000 1.0000 0.8097 0.4920 0.2933 0.1719 0.0986 0.0557 0.0309 0.0167 0.0089 0.0046 0.0024 0.0012 0.0006 1.0000 1.0000 1.0000 1.0000 1.0000 1.0000 0.9682 0.3916 0.1533 0.0583 0.0216 0.0078 0.0027 0.0009 1.0000 1.0000 1.0000 1.0000 1.0000 0.5950 0.1975 0.0655 0.0217 0.0072 0.0024 0.0008 1.0000 1.0000 1.0000 1.0000 1.0000 0.4745 0.1575 0.0523 0.0033
0.0048 0.0772 0.2325 0.7007 1.0000 1.0000 1.0000 1.0000 0.0004 0.0012 0.0035 0.0107 0.0321 0.0968 0.2916 0.8787 1.0000 1.0000 1.0000 1.0000 0.0005 0.0014 0.0042 0.0120 0.0339 0.0937 0.2528 0.6606 1.0000 1.0000 1.0000 1.0000 1.0000 1.0000 0.0006 0.0012 0.0025 0.0050 0.0100 0.0196 0.0377 0.0708 0.1307 0.2370 0.4225 0.7362 1.0000 1.0000 1.0000 1.0000 1.0000 1.0000 1.0000 1.0000 1.0000 0.7362 0.4225 0.2375 0.1309 0.0710 0.0377 0.0196 0.0100 0.0050 0.0025 0.0012 0.0006 1.0000 1.0000 1.0000 1.0000 1.0000 1.0000 0.6606 0.2524 0.0939 0.0340 0.0120 0.0042 0.0014 0.0005 1.0000 1.0000 1.0000 1.0000 0.8787 0.2916 0.0968 0.0321 0.0107 0.0035 0.0012 0.0004 1.0000 1.0000 1.0000 1.0000 0.7007 0.2325 0.0772 0.0048
0.0071 0.1140 0.3434 1.0000 1.0000 1.0000 1.0000 1.0000 0.0006 0.0017 0.0052 0.0157 0.0474 0.1429 0.4306 1.0000 1.0000 1.0000 1.0000 1.0000 0.0007 0.0021 0.0063 0.0184 0.0527 0.1484 0.4083 1.0000 1.0000 1.0000 1.0000 1.0000 1.0000 0.0005 0.0011 0.0024 0.0050 0.0105 0.0213 0.0424 0.0830 0.1593 0.3006 0.5567 1.0000 1.0000 1.0000 1.0000 1.0000 1.0000 1.0000 1.0000 1.0000 1.0000 1.0000 1.0000 1.0000 0.5577 0.3012 0.1596 0.0830 0.0424 0.0213 0.0105 0.0050 0.0024 0.0011 0.0005 1.0000 1.0000 1.0000 1.0000 1.0000 1.0000 0.4083 0.1484 0.0528 0.0184 0.0063 0.0021 0.0007 1.0000 1.0000 1.0000 1.0000 1.0000 0.4306 0.1429 0.0474 0.0157 0.0052 0.0017 0.0006 1.0000 1.0000 1.0000 1.0000 1.0000 0.3434 0.1140 0.0071
0.0106 0.1683 0.5072 1.0000 1.0000 1.0000 1.0000 1.0000 0.0008 0.0026 0.0077 0.0232 0.0700 0.2110 0.6360 1.0000 1.0000 1.0000 1.0000 0.0004 0.0011 0.0032 0.0094 0.0277 0.0806 0.2308 0.6482 1.0000 1.0000 1.0000 1.0000 1.0000 0.0004 0.0009 0.0021 0.0046 0.0100 0.0213 0.0441 0.0897 0.1792 0.3513 0.6746 1.0000 1.0000 1.0000 1.0000 1.0000 1.0000 1.0000 1.0000 1.0000 1.0000 1.0000 1.0000 1.0000 1.0000 1.0000 0.6759 0.3507 0.1792 0.0897 0.0441 0.0213 0.0100 0.0046 0.0021 0.0009 0.0004 1.0000 1.0000 1.0000 1.0000 1.0000 0.6482 0.2312 0.0809 0.0278 0.0094 0.0032 0.0011 0.0004 1.0000 1.0000 1.0000 1.0000 0.6360 0.2110 0.0700 0.0232 0.0077 0.0026 0.0008 1.0000 1.0000 1.0000 1.0000 1.0000 0.5072 0.1683 0.0106
0.0156 0.2485 0.7490 1.0000 1.0000 1.0000 1.0000 0.0004 0.0013 0.0038 0.0114 0.0343 0.1034 0.3117 0.9392 1.0000 1.0000 1.0000 1.0000 0.0005 0.0016 0.0047 0.0140 0.0417 0.1223 0.3554 1.0000 1.0000 1.0000 1.0000 1.0000 1.0000 0.0007 0.0017 0.0039 0.0089 0.0196 0.0424 0.0897 0.1858 0.3791 0.7561 1.0000 1.0000 1.0000 1.0000 1.0000 1.0000 1.0000 1.0000 1.0000 1.0000 1.0000 1.0000 1.0000 1.0000 1.0000 1.0000 1.0000 0.7561 0.3791 0.1858 0.0897 0.0424 0.0196 0.0089 0.0039 0.0017 0.0007 1.0000 1.0000 1.0000 1.0000 1.0000 1.0000 0.3561 0.1230 0.0418 0.0141 0.0047 0.0016 0.0005 1.0000 1.0000 1.0000 1.0000 0.9392 0.3117 0.1034 0.0343 0.0114 0.0038 0.0013 0.0004 1.0000 1.0000 1.0000 1.0000 0.7490 0.2485 0.0156
0.0230 0.3671 1.0000 1.0000 1.0000 1.0000 1.0000 0.0006 0.0019 0.0056 0.0168 0.0507 0.1527 0.4603 1.0000 1.0000 1.0000 1.0000 1.0000 0.0008 0.0023 0.0070 0.0209 0.0622 0.1844 0.5410 1.0000 1.0000 1.0000 1.0000 1.0000 0.0005 0.0013 0.0031 0.0072 0.0167 0.0377 0.0830 0.1792 0.3791 0.7854 1.0000 1.0000 1.0000 1.0000 1.0000 1.0000 1.0000 1.0000 0.0006 0.0009 0.0006 1.0000 1.0000 1.0000 1.0000 1.0000 1.0000 1.0000 1.0000 0.7854 0.3791 0.1792 0.0830 0.0377 0.0167 0.0072 0.0031 0.0013 0.0005 1.0000 1.0000 1.0000 1.0000 1.0000 0.5410 0.1851 0.0624 0.0209 0.0070 0.0023 0.0008 1.0000 1.0000 1.0000 1.0000 1.0000 0.4603 0.1527 0.0507 0.0168 0.0056 0.0019 0.0006 1.0000 1.0000 1.0000 1.0000 1.0000 0.3671 0.0230
0.0340 0.5421 1.0000 1.0000 1.0000 1.0000 1.0000 0.0009 0.0027 0.0082 0.0248 0.0749 0.2256 0.6797 1.0000 1.0000 1.0000 1.0000 0.0004 0.0011 0.0034 0.0103 0.0310 0.0928 0.2760 0.8159 1.0000 1.0000 1.0000 1.0000 1.0000 0.0008 0.0022 0.0054 0.0130 0.0309 0.0710 0.1596 0.3507 0.7561 1.0000 1.0000 1.0000 1.0000 1.0000 1.0000 1.0000 0.0004 0.0007 0.0014 0.0022 0.0014 0.0007 0.0004 1.0000 1.0000 1.0000 1.0000 1.0000 1.0000 1.0000 0.7561 0.3507 0.1596 0.0710 0.0309 0.0130 0.0054 0.0022 0.0008 1.0000 1.0000 1.0000 1.0000 1.0000 0.8159 0.2765 0.0928 0.0310 0.0103 0.0034 0.0011 0.0004 1.0000 1.0000 1.0000 1.0000 0.6797 0.2256 0.0749 0.0248 0.0082 0.0027 0.0009 1.0000 1.0000 1.0000 1.0000 1.0000 0.5421 0.0340
0.0502 0.8005 1.0000 1.0000 1.0000 1.0000 0.0004 0.0013 0.0040 0.0122 0.0367 0.1105 0.3331 1.0000 1.0000 1.0000 1.0000 1.0000 0.0006 0.0017 0.0051 0.0153 0.0460 0.1376 0.4114 1.0000 1.0000 1.0000 1.0000 1.0000 0.0005 0.0014 0.0037 0.0093 0.0231 0.0557 0.1309 0.3012 0.6759 1.0000 1.0000 1.0000 1.0000 1.0000 1.0000 1.0000 0.0005 0.0009 0.0017 0.0033 0.0053 0.0033 0.0017 0.0009 0.0005 1.0000 1.0000 1.0000 1.0000 1.0000 1.0000 1.0000 0.6759 0.3012 0.1309 0.0557 0.0231 0.0093 0.0037 0.0014 0.0005 1.0000 1.0000 1.0000 1.0000 1.0000 0.4114 0.1378 0.0459 0.0153 0.0051 0.0017 0.0006 1.0000 1.0000 1.0000 1.0000 1.0000 0.3331 0.1105 0.0367 0.0122 0.0040 0.0013 0.0004 1.0000 1.0000 1.0000 1.0000 0.8005 0.0502
0.0741 1.0000 1.0000 1.0000 1.0000 1.0000 0.0007 0.0020 0.0060 0.0180 0.0542 0.1633 0.4920 1.0000 1.0000 1.0000 1.0000 1.0000 0.0008 0.0025 0.0075 0.0226 0.0679 0.2039 0.6111 1.0000 1.0000 1.0000 1.0000 1.0000 0.0008 0.0023 0.0061 0.0158 0.0400 0.0986 0.2375 0.5577 1.0000 1.0000 1.0000 1.0000 1.0000 1.0000 1.0000 0.0005 0.0011 0.0021 0.0039 0.0078 0.0126 0.0078 0.0039 0.0021 0.0011 0.0005 1.0000 1.0000 1.0000 1.0000 1.0000 1.0000 1.0000 0.5577 0.2375 0.0986 0.0400 0.0158 0.0061 0.0023 0.0008 1.0000 1.0000 1.0000 1.0000 1.0000 0.6111 0.2039 0.0679 0.0226 0.0075 0.0025 0.0008 1.0000 1.0000 1.0000 1.0000 1.0000 0.4920 0.1633 0.0542 0.0180 0.0060 0.0020 0.0007 1.0000 1.0000 1.0000 1.0000 1.0000 0.0741
0.1095 1.0000 1.0000 1.0000 1.0000 1.0000 0.0010 0.0029 0.0088 0.0266 0.0800 0.2411 0.7265 1.0000 1.0000 1.0000 1.0000 0.0004 0.0012 0.0037 0.0110 0.0333 0.1003 0.3018 0.9076 1.0000 1.0000 1.0000 1.0000 0.0005 0.0013 0.0036 0.0099 0.0263 0.0681 0.1719 0.4225 1.0000 1.0000 1.0000 1.0000 1.0000 1.0000 1.0000 0.0006 0.0011 0.0023 0.0045 0.0088 0.0176 0.0289 0.0177 0.0088 0.0045 0.0023 0.0011 0.0006 1.0000 1.0000 1.0000 1.0000 1.0000 1.0000 1.0000 0.4225 0.1719 0.0681 0.0263 0.0099 0.0036 0.0013 0.0005 1.0000 1.0000 1.0000 1.0000 0.9076 0.3018 0.1003 0.0333 0.0110 0.0037 0.0012 0.0004 1.0000 1.0000 1.0000 1.0000 0.7265 0.2411 0.0800 0.0266 0.0088 0.0029 0.0010 1.0000 1.0000 1.0000 1.0000 1.0000 0.1095
0.1617 1.0000 1.0000 1.0000 1.0000 0.0005 0.0014 0.0043 0.0130 0.0392 0.1182 0.3561 1.0000 1.0000 1.0000 1.0000 1.0000 0.0006 0.0018 0.0054 0.0163 0.0492 0.1482 0.4465 1.0000 1.0000 1.0000 1.0000 1.0000 0.0007 0.0020 0.0057 0.0158 0.0429 0.1137 0.2933 0.7362 1.0000 1.0000 1.0000 1.0000 1.0000 1.0000 0.0005 0.0011 0.0024 0.0048 0.0097 0.0191 0.0394 0.0653 0.0394 0.0192 0.0097 0.0048 0.0024 0.0011 0.0005 1.0000 1.0000 1.0000 1.0000 1.0000 1.0000 0.7362 0.2933 0.1137 0.0429 0.0158 0.0057 0.0020 0.0007 1.0000 1.0000 1.0000 1.0000 1.0000 0.4465 0.1482 0.0492 0.0163 0.0054 0.0018 0.0006 1.0000 1.0000 1.0000 1.0000 1.0000 0.3561 0.1182 0.0392 0.0130 0.0043 0.0014 0.0005 1.0000 1.0000 1.0000 1.0000 0.1617
0.2388 1.0000 1.0000 1.0000 1.0000 0.0007 0.0021 0.0064 0.0192 0.0579 0.1745 0.5258 1.0000 1.0000 1.0000 1.0000 1.0000 0.0009 0.0027 0.0080 0.0241 0.0726 0.2188 0.6594 1.0000 1.0000 1.0000 1.0000 0.0004 0.0011 0.0031 0.0088 0.0249 0.0690 0.1865 0.4920 1.0000 1.0000 1.0000 1.0000 1.0000 1.0000 0.0005 0.0011 0.0023 0.0048 0.0100 0.0205 0.0411 0.0860 0.1445 0.0863 0.0412 0.0205 0.0101 0.0048 0.0023 0.0011 0.0005 1.0000 1.0000 1.0000 1.0000 1.0000 1.0000 0.4920 0.1865 0.0690 0.0249 0.0088 0.0031 0.0011 0.0004 1.0000 1.0000 1.0000 1.0000 0.6594 0.2188 0.0726 0.0241 0.0080 0.0027 0.0009 1.0000 1.0000 1.0000 1.0000 1.0000 0.5258 0.1745 0.0579 0.0192 0.0064 0.0021 0.0007 1.0000 1.0000 1.0000 1.0000 0.2388
0.3520 1.0000 1.0000 1.0000 0.0003 0.0010 0.0031 0.0094 0.0284 0.0855 0.2577 0.7765 1.0000 1.0000 1.0000 1.0000 0.0004 0.0013 0.0039 0.0118 0.0356 0.1072 0.3231 0.9737 1.0000 1.0000 1.0000 1.0000 0.0005 0.0016 0.0047 0.0135 0.0387 0.1091 0.3006 0.8097 1.0000 1.0000 1.0000 1.0000 1.0000 0.0004 0.0009 0.0021 0.0045 0.0097 0.0205 0.0426 0.0868 0.1847 0.3141 0.1851 0.0870 0.0426 0.0205 0.0097 0.0045 0.0021 0.0009 0.0004 1.0000 1.0000 1.0000 1.0000 1.0000 0.8097 0.3006 0.1091 0.0388 0.0135 0.0047 0.0016 0.0005 1.0000 1.0000 1.0000 1.0000 0.9737 0.3231 0.1072 0.0356 0.0118 0.0039 0.0013 0.0004 1.0000 1.0000 1.0000 1.0000 0.7765 0.2577 0.0855 0.0284 0.0094 0.0031 0.0010 0.0003 1.0000 1.0000 1.0000 0.3520
0.5189 1.0000 1.0000 1.0000 0.0005 0.0015 0.0046 0.0139 0.0419 0.1263 0.3806 1.0000 1.0000 1.0000 1.0000 1.0000 0.0006 0.0019 0.0058 0.0174 0.0526 0.1584 0.4772 1.0000 1.0000 1.0000 1.0000 1.0000 0.0008 0.0024 0.0070 0.0205 0.0596 0.1702 0.4772 1.0000 1.0000 1.0000 1.0000 1.0000 1.0000 0.0007 0.0017 0.0039 0.0088 0.0192 0.0411 0.0867 0.1795 0.3901 0.6707 0.3908 0.1799 0.0870 0.0412 0.0192 0.0088 0.0039 0.0017 0.0007 1.0000 1.0000 1.0000 1.0000 1.0000 1.0000 0.4772 0.1702 0.0596 0.0205 0.0070 0.0024 0.0008 1.0000 1.0000 1.0000 1.0000 1.0000 0.4772 0.1584 0.0526 0.0174 0.0058 0.0019 0.0006 1.0000 1.0000 1.0000 1.0000 1.0000 0.3806 0.1263 0.0419 0.0139 0.0046 0.0015 0.0005 1.0000 1.0000 1.0000 0.5179
0.8051 1.0000 1.0000 1.0000 0.0008 0.0023 0.0070 0.0211 0.0636 0.1915 0.5772 1.0000 1.0000 1.0000 1.0000 1.0000 0.0010 0.0029 0.0088 0.0265 0.0797 0.2402 0.7238 1.0000 1.0000 1.0000 1.0000 0.0004 0.0012 0.0036 0.0108 0.0319 0.0932 0.2702 0.7692 1.0000 1.0000 1.0000 1.0000 1.0000 0.0006 0.0014 0.0033 0.0078 0.0177 0.0394 0.0862 0.1851 0.3901 0.8572 1.0000 0.8589 0.3908 0.1851 0.0863 0.0394 0.0177 0.0078 0.0033 0.0014 0.0006 1.0000 1.0000 1.0000 1.0000 1.0000 0.7692 0.2702 0.0932 0.0319 0.0108 0.0036 0.0012 0.0004 1.0000 1.0000 1.0000 1.0000 0.7238 0.2402 0.0797 0.0265 0.0088 0.0029 0.0010 1.0000 1.0000 1.0000 1.0000 1.0000 0.5772 0.1915 0.0636 0.0211 0.0070 0.0023 0.0008 1.0000 1.0000 1.0000 0.8036
1.0000 1.0000 1.0000 1.0000 0.0010 0.0031 0.0095 0.0285 0.0860 0.2592 0.7810 1.0000 1.0000 1.0000 1.0000 0.0004 0.0013 0.0039 0.0119 0.0358 0.1078 0.3250 0.9793 1.0000 1.0000 1.0000 1.0000 0.0005 0.0016 0.0049 0.0147 0.0436 0.1287 0.3755 1.0000 1.0000 1.0000 1.0000 1.0000 1.0000 0.0009 0.0022 0.0053 0.0126 0.0290 0.0654 0.1445 0.3141 0.6707 1.0000 1.0000 1.0000 0.6707 0.3141 0.1445 0.0654 0.0290 0.0126 0.0053 0.0022 0.0009 1.0000 1.0000 1.0000 1.0000 1.0000 1.0000 0.3755 0.1287 0.0436 0.0147 0.0049 0.0016 0.0005 1.0000 1.0000 1.0000 1.0000 0.9793 0.3250 0.1078 0.0358 0.0119 0.0039 0.0013 0.0004 1.0000 1.0000 1.0000 1.0000 0.7810 0.2592 0.0860 0.0285 0.0095 0.0031 0.0010 1.0000 1.0000 1.0000 1.0000
0.8051 1.0000 1.0000 1.0000 0.0008 0.0023 0.0070 0.0211 0.0636 0.1915 0.5772 1.0000 1.0000 1.0000 1.0000 1.0000 0.0010 0.0029 0.0088 0.0265 0.0797 0.2402 0.7238 1.0000 1.0000 1.0000 1.0000 0.0004 0.0012 0.0036 0.0108 0.0319 0.0932 0.2702 0.7692 1.0000 1.0000 1.0000 1.0000 1.0000 0.0006 0.0014 0.0033 0.0078 0.0177 0.0394 0.0863 0.1851 0.3908 0.8589 1.0000 0.8589 0.3908 0.1851 0.0863 0.0394 0.0177 0.0078 0.0033 0.0014 0.0006 1.0000 1.0000 1.0000 1.0000 1.0000 0.7692 0.2702 0.0932 0.0319 0.0108 0.0036 0.0012 0.0004 1.0000 1.0000 1.0000 1.0000 0.7238 0.2402 0.0797 0.0265 0.0088 0.0029 0.0010 1.0000 1.0000 1.0000 1.0000 1.0000 0.5772 0.1915 0.0636 0.0211 0.0070 0.0023 0.0008 1.0000 1.0000 1.0000 0.8036
0.5189 1.0000 1.0000 1.0000 0.0005 0.0015 0.0046 0.0139 0.0419 0.1263 0.3806 1.0000 1.0000 1.0000 1.0000 1.0000 0.0006 0.0019 0.0058 0.0174 0.0526 0.1584 0.4772 1.0000 1.0000 1.0000 1.0000 1.0000 0.0008 0.0024 0.0070 0.0205 0.0596 0.1702 0.4772 1.0000 1.0000 1.0000 1.0000 1.0000 1.0000 0.0007 0.0017 0.0039 0.0088 0.0192 0.0412 0.0870 0.1799 0.3908 0.6707 0.3908 0.1799 0.0870 0.0412 0.0192 0.0088 0.0039 0.0017 0.0007 1.0000 1.0000 1.0000 1.0000 1.0000 1.0000 0.4772 0.1702 0.0596 0.0205 0.0070 0.0024 0.0008 1.0000 1.0000 1.0000 1.0000 1.0000 0.4772 0.1584 0.0526 0.0174 0.0058 0.0019 0.0006 1.0000 1.0000 1.0000 1.0000 1.0000 0.3806 0.1263 0.0419 0.0139 0.0046 0.0015 0.0005 1.0000 1.0000 1.0000 0.5179
0.3520 1.0000 1.0000 1.0000 0.0003 0.0010 0.0031 0.0094 0.0284 0.0855 0.2577 0.7765 1.0000 1.0000 1.0000 1.0000 0.0004 0.0013 0.0039 0.0118 0.0356 0.1072 0.3231 0.9737 1.0000 1.0000 1.0000 1.0000 0.0005 0.0016 0.0047 0.0135 0.0387 0.1091 0.3006 0.8097 1.0000 1.0000 1.0000 1.0000 1.0000 0.0004 0.0009 0.0021 0.0045 0.0097 0.0205 0.0426 0.0870 0.1851 0.3141 0.1851 0.0870 0.0426 0.0205 0.0097 0.0045 0.0021 0.0009 0.0004 1.0000 1.0000 1.0000 1.0000 1.0000 0.8097 0.3006 0.1091 0.0388 0.0135 0.0047 0.0016 0.0005 1.0000 1.0000 1.0000 1.0000 0.9737 0.3231 0.1072 0.0356 0.0118 0.0039 0.0013 0.0004 1.0000 1.0000 1.0000 1.0000 0.7765 0.2577 0.0855 0.0284 0.0094 0.0031 0.0010 0.0003 1.0000 1.0000 1.0000 0.3520
0.2388 1.0000 1.0000 1.0000 1.0000 0.0007 0.0021 0.0064 0.0192 0.0579 0.1745 0.5258 1.0000 1.0000 1.0000 1.0000 1.0000 0.0009 0.0027 0.0080 0.0241 0.0726 0.2188 0.6594 1.0000 1.0000 1.0000 1.0000 0.0004 0.0011 0.0031 0.0088 0.0249 0.0690 0.1865 0.4920 1.0000 1.0000 1.0000 1.0000 1.0000 1.0000 0.0005 0.0011 0.0023 0.0048 0.0101 0.0205 0.0412 0.0863 0.1445 0.0863 0.0412 0.0205 0.0101 0.0048 0.0023 0.0011 0.0005 1.0000 1.0000 1.0000 1.0000 1.0000 1.0000 0.4920 0.1865 0.0690 0.0249 0.0088 0.0031 0.0011 0.0004 1.0000 1.0000 1.0000 1.0000 0.6594 0.2188 0.0726 0.0241 0.0080 0.0027 0.0009 1.0000 1.0000 1.0000 1.0000 1.0000 0.5258 0.1745 0.0579 0.0192 0.0064 0.0021 0.0007 1.0000 1.0000 1.0000 1.0000 0.2388
0.1617 1.0000 1.0000 1.0000 1.0000 0.0005 0.0014 0.0043 0.0130 0.0392 0.1182 0.3561 1.0000 1.0000 1.0000 1.0000 1.0000 0.0006 0.0018 0.0054 0.0163 0.0492 0.1482 0.4465 1.0000 1.0000 1.0000 1.0000 1.0000 0.0007 0.0020 0.0057 0.0158 0.0429 0.1137 0.2933 0.7362 1.0000 1.0000 1.0000 1.0000 1.0000 1.0000 0.0005 0.0011 0.0024 0.0048 0.0097 0.0192 0.0394 0.0654 0.0394 0.0192 0.0097 0.0048 0.0024 0.0011 0.0005 1.0000 1.0000 1.0000 1.0000 1.0000 1.0000 0.7362 0.2933 0.1137 0.0429 0.0158 0.0057 0.0020 0.0007 1.0000 1.0000 1.0000 1.0000 1.0000 0.4465 0.1482 0.0492 0.0163 0.0054 0.0018 0.0006 1.0000 1.0000 1.0000 1.0000 1.0000 0.3561 0.1182 0.0392 0.0130 0.0043 0.0014 0.0005 1.0000 1.0000 1.0000 1.0000 0.1617
