0.3983 0.3553 0.3698 0.3837 0.3952 0.4046 0.4117 0.4166 0.4196 0.4214 0.4223 0.4225 0.4218 0.4204 0.4180 0.4148 0.4107 0.4059 0.4000 0.3929 0.3844 0.3738 0.3601 0.3428 0.3243 0.3094 0.3022 0.3004 0.3018 0.3058 0.3119 0.3200 0.3299 0.3412 0.3536 0.3666 0.3795 0.3914 0.4015 0.4094 0.4150 0.4187 0.4208 0.4220 0.4225 0.4222 0.4210 0.4190 0.4161 0.4119 0.4079 0.4119 0.4161 0.4190 0.4210 0.4222 0.4225 0.4220 0.4208 0.4187 0.4150 0.4094 0.4015 0.3914 0.3795 0.3666 0.3536 0.3412 0.3299 0.3200 0.3119 0.3058 0.3018 0.3004 0.3022 0.3094 0.3243 0.3428 0.3601 0.3738 0.3844 0.3929 0.4000 0.4059 0.4107 0.4148 0.4180 0.4204 0.4218 0.4225 0.4223 0.4214 0.4196 0.4166 0.4117 0.4046 0.3952 0.3837 0.3698 0.3553 0.3983
0.3553 0.3415 0.3874 0.4068 0.4166 0.4202 0.4205 0.4190 0.4163 0.4125 0.4077 0.4017 0.3943 0.3854 0.3749 0.3627 0.3486 0.3322 0.3125 0.2881 0.2569 0.2217 0.1907 0.1763 0.1754 0.1838 0.1968 0.2118 0.2288 0.2479 0.2691 0.2922 0.3168 0.3422 0.3669 0.3887 0.4052 0.4150 0.4195 0.4206 0.4197 0.4174 0.4141 0.4096 0.4041 0.3972 0.3889 0.3790 0.3675 0.3529 0.3397 0.3529 0.3675 0.3790 0.3889 0.3972 0.4041 0.4096 0.4141 0.4174 0.4197 0.4206 0.4195 0.4150 0.4052 0.3887 0.3669 0.3422 0.3168 0.2922 0.2691 0.2479 0.2288 0.2118 0.1968 0.1838 0.1754 0.1763 0.1907 0.2217 0.2569 0.2881 0.3125 0.3322 0.3486 0.3627 0.3749 0.3854 0.3943 0.4017 0.4077 0.4125 0.4163 0.4190 0.4205 0.4202 0.4166 0.4068 0.3874 0.3415 0.3553
0.3698 0.3874 0.4149 0.4199 0.4188 0.4157 0.4117 0.4067 0.4009 0.3941 0.3861 0.3766 0.3653 0.3519 0.3361 0.3173 0.2941 0.2642 0.2297 0.1971 0.1798 0.1772 0.1840 0.1971 0.2122 0.2292 0.2484 0.2697 0.2929 0.3177 0.3431 0.3678 0.3895 0.4057 0.4151 0.4193 0.4201 0.4189 0.4164 0.4129 0.4084 0.4031 0.3967 0.3892 0.3803 0.3697 0.3572 0.3423 0.3247 0.3017 0.2806 0.3017 0.3247 0.3423 0.3572 0.3697 0.3803 0.3892 0.3967 0.4031 0.4084 0.4129 0.4164 0.4189 0.4201 0.4193 0.4151 0.4057 0.3895 0.3678 0.3431 0.3177 0.2929 0.2697 0.2484 0.2292 0.2122 0.1971 0.1840 0.1772 0.1798 0.1971 0.2297 0.2642 0.2941 0.3173 0.3361 0.3519 0.3653 0.3766 0.3861 0.3941 0.4009 0.4067 0.4117 0.4157 0.4188 0.4199 0.4149 0.3874 0.3698
0.3837 0.4068 0.4199 0.4173 0.4118 0.4050 0.3975 0.3890 0.3792 0.3679 0.3547 0.3392 0.3208 0.2985 0.2697 0.2358 0.2018 0.1816 0.1770 0.1822 0.1948 0.2095 0.2262 0.2450 0.2660 0.2889 0.3134 0.3388 0.3637 0.3862 0.4034 0.4139 0.4189 0.4202 0.4192 0.4169 0.4136 0.4093 0.4041 0.3979 0.3906 0.3819 0.3716 0.3595 0.3450 0.3279 0.3073 0.2811 0.2488 0.2130 0.1912 0.2130 0.2488 0.2811 0.3073 0.3279 0.3450 0.3595 0.3716 0.3819 0.3906 0.3979 0.4041 0.4093 0.4136 0.4169 0.4192 0.4202 0.4189 0.4139 0.4034 0.3862 0.3637 0.3388 0.3134 0.2889 0.2660 0.2450 0.2262 0.2095 0.1948 0.1822 0.1770 0.1816 0.2018 0.2358 0.2697 0.2985 0.3208 0.3392 0.3547 0.3679 0.3792 0.3890 0.3975 0.4050 0.4118 0.4173 0.4199 0.4068 0.3837
0.3952 0.4166 0.4188 0.4118 0.4022 0.3910 0.3780 0.3632 0.3464 0.3273 0.3050 0.2772 0.2432 0.2075 0.1838 0.1770 0.1806 0.1924 0.2068 0.2232 0.2417 0.2622 0.2848 0.3091 0.3344 0.3596 0.3826 0.4009 0.4126 0.4183 0.4201 0.4195 0.4174 0.4142 0.4101 0.4050 0.3990 0.3919 0.3835 0.3735 0.3617 0.3477 0.3310 0.3111 0.2862 0.2546 0.2194 0.1903 0.1782 0.1782 0.1821 0.1782 0.1782 0.1903 0.2194 0.2546 0.2862 0.3111 0.3310 0.3477 0.3617 0.3735 0.3835 0.3919 0.3990 0.4050 0.4101 0.4142 0.4174 0.4195 0.4201 0.4183 0.4126 0.4009 0.3826 0.3596 0.3344 0.3091 0.2848 0.2622 0.2417 0.2232 0.2068 0.1924 0.1806 0.1770 0.1838 0.2075 0.2432 0.2772 0.3050 0.3273 0.3464 0.3632 0.3780 0.3910 0.4022 0.4118 0.4188 0.4166 0.3952
0.4046 0.4202 0.4157 0.4050 0.3910 0.3736 0.3527 0.3282 0.2998 0.2649 0.2228 0.1890 0.1767 0.1786 0.1897 0.2039 0.2201 0.2383 0.2586 0.2808 0.3049 0.3301 0.3554 0.3790 0.3982 0.4111 0.4177 0.4200 0.4197 0.4179 0.4148 0.4108 0.4059 0.4001 0.3932 0.3851 0.3754 0.3639 0.3502 0.3341 0.3148 0.2909 0.2603 0.2255 0.1942 0.1790 0.1775 0.1855 0.1990 0.2142 0.2233 0.2142 0.1990 0.1855 0.1775 0.1790 0.1942 0.2255 0.2603 0.2909 0.3148 0.3341 0.3502 0.3639 0.3754 0.3851 0.3932 0.4001 0.4059 0.4108 0.4148 0.4179 0.4197 0.4200 0.4177 0.4111 0.3982 0.3790 0.3554 0.3301 0.3049 0.2808 0.2586 0.2383 0.2201 0.2039 0.1897 0.1786 0.1767 0.1890 0.2228 0.2649 0.2998 0.3282 0.3527 0.3736 0.3910 0.4050 0.4157 0.4202 0.4046
0.4117 0.4205 0.4117 0.3975 0.3780 0.3527 0.3212 0.2825 0.2312 0.1856 0.1735 0.1822 0.1974 0.2143 0.2331 0.2537 0.2761 0.3002 0.3255 0.3510 0.3751 0.3954 0.4094 0.4169 0.4199 0.4199 0.4183 0.4154 0.4116 0.4068 0.4012 0.3945 0.3865 0.3771 0.3660 0.3527 0.3371 0.3184 0.2955 0.2659 0.2316 0.1985 0.1803 0.1771 0.1834 0.1964 0.2113 0.2283 0.2477 0.2687 0.2811 0.2687 0.2477 0.2283 0.2113 0.1964 0.1834 0.1771 0.1803 0.1985 0.2316 0.2659 0.2955 0.3184 0.3371 0.3527 0.3660 0.3771 0.3865 0.3945 0.4012 0.4068 0.4116 0.4154 0.4183 0.4199 0.4199 0.4169 0.4094 0.3954 0.3751 0.3510 0.3255 0.3002 0.2761 0.2537 0.2331 0.2143 0.1974 0.1822 0.1735 0.1856 0.2312 0.2825 0.3212 0.3527 0.3780 0.3975 0.4117 0.4205 0.4117
0.4166 0.4190 0.4067 0.3890 0.3632 0.3282 0.2825 0.2187 0.1744 0.1776 0.1959 0.2168 0.2398 0.2645 0.2906 0.3176 0.3446 0.3700 0.3918 0.4073 0.4160 0.4196 0.4201 0.4186 0.4160 0.4123 0.4077 0.4022 0.3957 0.3880 0.3789 0.3680 0.3552 0.3399 0.3218 0.2998 0.2713 0.2377 0.2034 0.1822 0.1770 0.1816 0.1940 0.2086 0.2252 0.2440 0.2648 0.2876 0.3124 0.3376 0.3514 0.3376 0.3124 0.2876 0.2648 0.2440 0.2252 0.2086 0.1940 0.1816 0.1770 0.1822 0.2034 0.2377 0.2713 0.2998 0.3218 0.3399 0.3552 0.3680 0.3789 0.3880 0.3957 0.4022 0.4077 0.4123 0.4160 0.4186 0.4201 0.4196 0.4160 0.4073 0.3918 0.3700 0.3446 0.3176 0.2906 0.2645 0.2398 0.2168 0.1959 0.1776 0.1744 0.2187 0.2825 0.3282 0.3632 0.3890 0.4067 0.4190 0.4166
0.4196 0.4163 0.4009 0.3792 0.3464 0.2998 0.2312 0.1744 0.1808 0.2039 0.2306 0.2604 0.2923 0.3247 0.3558 0.3828 0.4027 0.4142 0.4191 0.4201 0.4190 0.4165 0.4130 0.4086 0.4032 0.3969 0.3894 0.3805 0.3700 0.3575 0.3427 0.3251 0.3039 0.2767 0.2437 0.2086 0.1846 0.1771 0.1802 0.1917 0.2060 0.2222 0.2406 0.2611 0.2836 0.3078 0.3330 0.3582 0.3818 0.4002 0.4073 0.4002 0.3818 0.3582 0.3330 0.3078 0.2836 0.2611 0.2406 0.2222 0.2060 0.1917 0.1802 0.1771 0.1846 0.2086 0.2437 0.2767 0.3039 0.3251 0.3427 0.3575 0.3700 0.3805 0.3894 0.3969 0.4032 0.4086 0.4130 0.4165 0.4190 0.4201 0.4191 0.4142 0.4027 0.3828 0.3558 0.3247 0.2923 0.2604 0.2306 0.2039 0.1808 0.1744 0.2312 0.2998 0.3464 0.3792 0.4009 0.4163 0.4196
0.4214 0.4125 0.3941 0.3679 0.3273 0.2649 0.1856 0.1776 0.2039 0.2356 0.2717 0.3106 0.3491 0.3827 0.4056 0.4166 0.4200 0.4196 0.4173 0.4139 0.4096 0.4043 0.3981 0.3908 0.3822 0.3719 0.3598 0.3454 0.3284 0.3078 0.2818 0.2496 0.2143 0.1874 0.1775 0.1790 0.1895 0.2034 0.2193 0.2373 0.2574 0.2796 0.3035 0.3287 0.3540 0.3778 0.3974 0.4106 0.4176 0.4199 0.4194 0.4199 0.4176 0.4106 0.3974 0.3778 0.3540 0.3287 0.3035 0.2796 0.2574 0.2373 0.2193 0.2034 0.1895 0.1790 0.1775 0.1874 0.2143 0.2496 0.2818 0.3078 0.3284 0.3454 0.3598 0.3719 0.3822 0.3908 0.3981 0.4043 0.4096 0.4139 0.4173 0.4196 0.4200 0.4166 0.4056 0.3827 0.3491 0.3106 0.2717 0.2356 0.2039 0.1776 0.1856 0.2649 0.3273 0.3679 0.3941 0.4125 0.4214
0.4223 0.4077 0.3861 0.3547 0.3050 0.2228 0.1735 0.1959 0.2306 0.2717 0.3168 0.3612 0.3963 0.4146 0.4199 0.4193 0.4162 0.4118 0.4065 0.4002 0.3928 0.3842 0.3741 0.3622 0.3481 0.3315 0.3117 0.2869 0.2554 0.2202 0.1908 0.1782 0.1781 0.1873 0.2009 0.2165 0.2341 0.2539 0.2757 0.2993 0.3243 0.3498 0.3739 0.3944 0.4088 0.4167 0.4198 0.4200 0.4184 0.4154 0.4125 0.4154 0.4184 0.4200 0.4198 0.4167 0.4088 0.3944 0.3739 0.3498 0.3243 0.2993 0.2757 0.2539 0.2341 0.2165 0.2009 0.1873 0.1781 0.1782 0.1908 0.2202 0.2554 0.2869 0.3117 0.3315 0.3481 0.3622 0.3741 0.3842 0.3928 0.4002 0.4065 0.4118 0.4162 0.4193 0.4199 0.4146 0.3963 0.3612 0.3168 0.2717 0.2306 0.1959 0.1735 0.2228 0.3050 0.3547 0.3861 0.4077 0.4223
0.4225 0.4017 0.3766 0.3392 0.2773 0.1890 0.1822 0.2168 0.2604 0.3106 0.3612 0.4002 0.4172 0.4200 0.4172 0.4122 0.4057 0.3981 0.3892 0.3787 0.3666 0.3524 0.3358 0.3163 0.2923 0.2616 0.2266 0.1948 0.1791 0.1775 0.1852 0.1984 0.2137 0.2309 0.2503 0.2718 0.2952 0.3200 0.3454 0.3700 0.3913 0.4068 0.4157 0.4195 0.4201 0.4188 0.4162 0.4125 0.4080 0.4021 0.3972 0.4021 0.4080 0.4125 0.4162 0.4188 0.4201 0.4195 0.4157 0.4068 0.3913 0.3700 0.3454 0.3200 0.2952 0.2718 0.2503 0.2309 0.2137 0.1984 0.1852 0.1775 0.1791 0.1948 0.2266 0.2616 0.2923 0.3163 0.3358 0.3524 0.3666 0.3787 0.3892 0.3981 0.4057 0.4122 0.4172 0.4200 0.4172 0.4002 0.3612 0.3106 0.2604 0.2168 0.1822 0.1890 0.2772 0.3392 0.3766 0.4017 0.4225
0.4218 0.3943 0.3653 0.3208 0.2431 0.1767 0.1973 0.2397 0.2922 0.3491 0.3963 0.4172 0.4198 0.4158 0.4092 0.4007 0.3905 0.3781 0.3634 0.3462 0.3262 0.3025 0.2726 0.2365 0.2009 0.1807 0.1769 0.1830 0.1960 0.2109 0.2278 0.2469 0.2680 0.2911 0.3157 0.3411 0.3660 0.3880 0.4047 0.4146 0.4191 0.4202 0.4191 0.4167 0.4132 0.4088 0.4035 0.3973 0.3898 0.3804 0.3724 0.3804 0.3898 0.3973 0.4035 0.4088 0.4132 0.4167 0.4191 0.4202 0.4191 0.4146 0.4047 0.3880 0.3660 0.3411 0.3157 0.2911 0.2680 0.2469 0.2278 0.2109 0.1960 0.1830 0.1769 0.1807 0.2009 0.2365 0.2726 0.3025 0.3262 0.3462 0.3634 0.3781 0.3905 0.4007 0.4092 0.4158 0.4198 0.4172 0.3963 0.3491 0.2923 0.2398 0.1974 0.1767 0.2432 0.3208 0.3653 0.3943 0.4218
0.4204 0.3854 0.3519 0.2985 0.2075 0.1786 0.2143 0.2645 0.3247 0.3827 0.4146 0.4200 0.4158 0.4082 0.3980 0.3852 0.3692 0.3497 0.3262 0.2982 0.2624 0.2194 0.1864 0.1760 0.1798 0.1924 0.2073 0.2242 0.2431 0.2640 0.2869 0.3114 0.3368 0.3619 0.3846 0.4023 0.4133 0.4186 0.4202 0.4194 0.4172 0.4139 0.4096 0.4045 0.3984 0.3912 0.3827 0.3725 0.3605 0.3453 0.3323 0.3453 0.3605 0.3725 0.3827 0.3912 0.3984 0.4045 0.4096 0.4139 0.4172 0.4194 0.4202 0.4186 0.4133 0.4023 0.3846 0.3619 0.3368 0.3114 0.2869 0.2640 0.2431 0.2242 0.2073 0.1924 0.1798 0.1760 0.1864 0.2194 0.2624 0.2982 0.3262 0.3497 0.3692 0.3852 0.3980 0.4082 0.4158 0.4200 0.4146 0.3827 0.3247 0.2645 0.2143 0.1786 0.2075 0.2985 0.3519 0.3854 0.4204
0.4180 0.3749 0.3361 0.2697 0.1838 0.1897 0.2331 0.2906 0.3558 0.4056 0.4199 0.4172 0.4092 0.3980 0.3833 0.3643 0.3403 0.3105 0.2729 0.2224 0.1829 0.1742 0.1838 0.1994 0.2170 0.2365 0.2580 0.2812 0.3060 0.3317 0.3573 0.3808 0.3997 0.4119 0.4181 0.4201 0.4196 0.4176 0.4145 0.4104 0.4054 0.3995 0.3925 0.3842 0.3744 0.3627 0.3489 0.3325 0.3128 0.2869 0.2637 0.2869 0.3128 0.3325 0.3489 0.3627 0.3744 0.3842 0.3925 0.3995 0.4054 0.4104 0.4145 0.4176 0.4196 0.4201 0.4181 0.4119 0.3997 0.3808 0.3573 0.3317 0.3060 0.2812 0.2580 0.2365 0.2170 0.1994 0.1838 0.1742 0.1829 0.2224 0.2729 0.3105 0.3403 0.3643 0.3833 0.3980 0.4092 0.4172 0.4199 0.4056 0.3558 0.2906 0.2331 0.1897 0.1838 0.2697 0.3361 0.3749 0.4180
0.4148 0.3627 0.3173 0.2358 0.1770 0.2039 0.2537 0.3176 0.3828 0.4166 0.4193 0.4122 0.4007 0.3852 0.3643 0.3371 0.3020 0.2549 0.1966 0.1721 0.1815 0.1995 0.2201 0.2431 0.2681 0.2948 0.3223 0.3497 0.3751 0.3960 0.4100 0.4173 0.4199 0.4198 0.4181 0.4151 0.4112 0.4064 0.4006 0.3938 0.3857 0.3762 0.3648 0.3514 0.3355 0.3164 0.2930 0.2629 0.2283 0.1959 0.1812 0.1959 0.2283 0.2629 0.2930 0.3164 0.3355 0.3514 0.3648 0.3762 0.3857 0.3938 0.4006 0.4064 0.4112 0.4151 0.4181 0.4198 0.4199 0.4173 0.4100 0.3960 0.3751 0.3497 0.3223 0.2948 0.2681 0.2431 0.2201 0.1995 0.1815 0.1721 0.1966 0.2549 0.3020 0.3371 0.3643 0.3852 0.4007 0.4122 0.4193 0.4166 0.3828 0.3176 0.2537 0.2039 0.1770 0.2358 0.3173 0.3627 0.4148
0.4107 0.3486 0.2941 0.2018 0.1806 0.2201 0.2761 0.3446 0.4027 0.4200 0.4162 0.4057 0.3904 0.3692 0.3403 0.3020 0.2483 0.1864 0.1721 0.1902 0.2127 0.2385 0.2673 0.2982 0.3300 0.3605 0.3868 0.4055 0.4156 0.4196 0.4200 0.4185 0.4157 0.4120 0.4073 0.4017 0.3950 0.3872 0.3779 0.3669 0.3538 0.3384 0.3199 0.2975 0.2684 0.2344 0.2007 0.1811 0.1772 0.1827 0.1892 0.1827 0.1772 0.1811 0.2007 0.2344 0.2684 0.2975 0.3199 0.3384 0.3538 0.3669 0.3779 0.3872 0.3950 0.4017 0.4073 0.4120 0.4157 0.4185 0.4200 0.4196 0.4156 0.4055 0.3868 0.3605 0.3300 0.2982 0.2673 0.2385 0.2126 0.1902 0.1721 0.1864 0.2483 0.3020 0.3403 0.3692 0.3905 0.4057 0.4162 0.4200 0.4027 0.3446 0.2761 0.2201 0.1806 0.2018 0.2941 0.3486 0.4107
0.4059 0.3322 0.2642 0.1816 0.1924 0.2383 0.3002 0.3700 0.4142 0.4196 0.4118 0.3981 0.3781 0.3497 0.3105 0.2549 0.1864 0.1733 0.1948 0.2212 0.2519 0.2864 0.3228 0.3585 0.3888 0.4086 0.4176 0.4201 0.4193 0.4167 0.4131 0.4084 0.4029 0.3964 0.3887 0.3797 0.3689 0.3563 0.3412 0.3233 0.3017 0.2738 0.2405 0.2057 0.1832 0.1770 0.1809 0.1930 0.2077 0.2240 0.2338 0.2240 0.2077 0.1930 0.1809 0.1770 0.1832 0.2057 0.2405 0.2738 0.3017 0.3233 0.3412 0.3563 0.3689 0.3797 0.3887 0.3964 0.4029 0.4084 0.4131 0.4167 0.4193 0.4201 0.4176 0.4086 0.3888 0.3585 0.3228 0.2864 0.2519 0.2212 0.1948 0.1733 0.1864 0.2549 0.3105 0.3497 0.3781 0.3981 0.4118 0.4196 0.4142 0.3700 0.3002 0.2383 0.1924 0.1816 0.2642 0.3322 0.4059
0.4000 0.3125 0.2297 0.1770 0.2068 0.2586 0.3255 0.3918 0.4191 0.4173 0.4065 0.3892 0.3634 0.3263 0.2730 0.1966 0.1721 0.1948 0.2241 0.2589 0.2983 0.3394 0.3775 0.4047 0.4171 0.4201 0.4188 0.4155 0.4109 0.4053 0.3987 0.3911 0.3820 0.3715 0.3590 0.3442 0.3268 0.3058 0.2791 0.2464 0.2112 0.1858 0.1773 0.1796 0.1907 0.2048 0.2209 0.2391 0.2598 0.2820 0.2948 0.2820 0.2598 0.2391 0.2209 0.2048 0.1907 0.1796 0.1773 0.1858 0.2112 0.2464 0.2791 0.3058 0.3268 0.3442 0.3590 0.3715 0.3820 0.3911 0.3987 0.4053 0.4109 0.4155 0.4188 0.4201 0.4171 0.4047 0.3775 0.3394 0.2983 0.2589 0.2241 0.1948 0.1721 0.1966 0.2729 0.3262 0.3634 0.3892 0.4065 0.4173 0.4191 0.3918 0.3255 0.2586 0.2068 0.1770 0.2297 0.3125 0.4000
0.3929 0.2881 0.1971 0.1822 0.2232 0.2808 0.3510 0.4073 0.4201 0.4139 0.4002 0.3787 0.3462 0.2983 0.2225 0.1721 0.1902 0.2212 0.2589 0.3023 0.3477 0.3877 0.4117 0.4196 0.4194 0.4159 0.4106 0.4041 0.3963 0.3872 0.3764 0.3638 0.3490 0.3317 0.3110 0.2855 0.2533 0.2174 0.1890 0.1778 0.1786 0.1885 0.2022 0.2180 0.2358 0.2558 0.2778 0.3016 0.3271 0.3523 0.3656 0.3523 0.3271 0.3016 0.2778 0.2558 0.2358 0.2180 0.2022 0.1885 0.1786 0.1778 0.1890 0.2174 0.2533 0.2855 0.3110 0.3317 0.3490 0.3638 0.3764 0.3872 0.3963 0.4041 0.4106 0.4159 0.4194 0.4196 0.4117 0.3877 0.3477 0.3023 0.2589 0.2212 0.1902 0.1721 0.2224 0.2982 0.3462 0.3787 0.4002 0.4139 0.4201 0.4073 0.3510 0.2808 0.2232 0.1822 0.1971 0.2881 0.3929
0.3844 0.2569 0.1798 0.1948 0.2417 0.3049 0.3751 0.4160 0.4190 0.4096 0.3928 0.3666 0.3262 0.2625 0.1830 0.1815 0.2126 0.2519 0.2983 0.3477 0.3908 0.4143 0.4200 0.4181 0.4130 0.4061 0.3975 0.3871 0.3746 0.3597 0.3421 0.3215 0.2968 0.2649 0.2277 0.1943 0.1785 0.1775 0.1861 0.1996 0.2151 0.2326 0.2522 0.2739 0.2974 0.3224 0.3478 0.3721 0.3933 0.4080 0.4129 0.4080 0.3933 0.3721 0.3478 0.3224 0.2974 0.2739 0.2522 0.2326 0.2151 0.1996 0.1861 0.1775 0.1785 0.1943 0.2277 0.2649 0.2968 0.3215 0.3421 0.3597 0.3746 0.3871 0.3975 0.4061 0.4130 0.4181 0.4200 0.4143 0.3908 0.3477 0.2983 0.2519 0.2126 0.1815 0.1829 0.2624 0.3262 0.3666 0.3928 0.4096 0.4190 0.4160 0.3751 0.3049 0.2417 0.1948 0.1798 0.2569 0.3844
0.3738 0.2217 0.1772 0.2095 0.2622 0.3301 0.3954 0.4196 0.4165 0.4043 0.3842 0.3524 0.3026 0.2196 0.1742 0.1995 0.2385 0.2864 0.3394 0.3877 0.4143 0.4201 0.4173 0.4111 0.4027 0.3921 0.3788 0.3625 0.3427 0.3190 0.2900 0.2523 0.2101 0.1821 0.1760 0.1822 0.1957 0.2113 0.2288 0.2483 0.2698 0.2932 0.3180 0.3435 0.3682 0.3898 0.4059 0.4152 0.4194 0.4200 0.4189 0.4200 0.4194 0.4152 0.4059 0.3898 0.3682 0.3435 0.3180 0.2932 0.2698 0.2483 0.2288 0.2113 0.1957 0.1822 0.1760 0.1821 0.2101 0.2523 0.2900 0.3190 0.3427 0.3625 0.3788 0.3921 0.4027 0.4111 0.4173 0.4201 0.4143 0.3877 0.3394 0.2864 0.2385 0.1995 0.1742 0.2194 0.3025 0.3524 0.3842 0.4043 0.4165 0.4196 0.3954 0.3301 0.2622 0.2095 0.1772 0.2217 0.3738
0.3601 0.1907 0.1840 0.2262 0.2848 0.3554 0.4094 0.4201 0.4130 0.3981 0.3741 0.3359 0.2727 0.1864 0.1838 0.2201 0.2673 0.3228 0.3775 0.4117 0.4200 0.4173 0.4105 0.4009 0.3886 0.3727 0.3526 0.3278 0.2969 0.2561 0.2072 0.1780 0.1757 0.1875 0.2034 0.2214 0.2414 0.2634 0.2872 0.3124 0.3384 0.3637 0.3863 0.4035 0.4140 0.4189 0.4202 0.4192 0.4169 0.4133 0.4099 0.4133 0.4169 0.4192 0.4202 0.4189 0.4140 0.4035 0.3863 0.3637 0.3384 0.3124 0.2872 0.2634 0.2414 0.2214 0.2034 0.1875 0.1757 0.1780 0.2072 0.2561 0.2969 0.3278 0.3526 0.3727 0.3886 0.4009 0.4105 0.4173 0.4200 0.4117 0.3775 0.3228 0.2673 0.2201 0.1838 0.1864 0.2726 0.3358 0.3741 0.3981 0.4130 0.4201 0.4094 0.3554 0.2848 0.2262 0.1840 0.1907 0.3601
0.3428 0.1763 0.1971 0.2450 0.3091 0.3790 0.4169 0.4186 0.4086 0.3908 0.3622 0.3163 0.2366 0.1760 0.1993 0.2431 0.2982 0.3585 0.4047 0.4196 0.4181 0.4111 0.4009 0.3873 0.3694 0.3462 0.3167 0.2787 0.2251 0.1814 0.1738 0.1875 0.2057 0.2264 0.2496 0.2747 0.3015 0.3291 0.3563 0.3809 0.4002 0.4124 0.4183 0.4201 0.4195 0.4174 0.4142 0.4100 0.4049 0.3985 0.3930 0.3985 0.4049 0.4100 0.4142 0.4174 0.4195 0.4201 0.4183 0.4124 0.4002 0.3809 0.3563 0.3291 0.3015 0.2747 0.2496 0.2264 0.2057 0.1875 0.1738 0.1814 0.2251 0.2787 0.3167 0.3462 0.3694 0.3873 0.4009 0.4111 0.4181 0.4196 0.4047 0.3585 0.2982 0.2431 0.1994 0.1760 0.2365 0.3163 0.3622 0.3908 0.4086 0.4186 0.4169 0.3790 0.3091 0.2450 0.1971 0.1763 0.3428
0.3243 0.1754 0.2122 0.2660 0.3344 0.3982 0.4199 0.4160 0.4032 0.3822 0.3482 0.2925 0.2010 0.1798 0.2169 0.2681 0.3300 0.3888 0.4171 0.4194 0.4130 0.4027 0.3886 0.3694 0.3440 0.3107 0.2664 0.2051 0.1725 0.1806 0.2001 0.2228 0.2488 0.2774 0.3078 0.3388 0.3680 0.3924 0.4087 0.4170 0.4199 0.4198 0.4179 0.4149 0.4108 0.4059 0.4000 0.3931 0.3849 0.3745 0.3656 0.3745 0.3849 0.3931 0.4000 0.4059 0.4108 0.4149 0.4179 0.4198 0.4199 0.4170 0.4087 0.3924 0.3680 0.3388 0.3078 0.2774 0.2488 0.2228 0.2001 0.1806 0.1725 0.2051 0.2664 0.3107 0.3440 0.3694 0.3886 0.4027 0.4130 0.4194 0.4171 0.3888 0.3300 0.2681 0.2170 0.1798 0.2009 0.2923 0.3481 0.3822 0.4032 0.4160 0.4199 0.3982 0.3344 0.2660 0.2122 0.1754 0.3243
0.3094 0.1838 0.2292 0.2889 0.3596 0.4111 0.4199 0.4123 0.3969 0.3719 0.3316 0.2617 0.1807 0.1923 0.2364 0.2948 0.3605 0.4086 0.4201 0.4159 0.4061 0.3921 0.3727 0.3462 0.3107 0.2620 0.1963 0.1709 0.1870 0.2099 0.2371 0.2680 0.3019 0.3369 0.3699 0.3964 0.4122 0.4188 0.4201 0.4188 0.4159 0.4120 0.4071 0.4013 0.3945 0.3865 0.3770 0.3658 0.3525 0.3357 0.3214 0.3357 0.3525 0.3658 0.3770 0.3865 0.3945 0.4013 0.4071 0.4120 0.4159 0.4188 0.4201 0.4188 0.4122 0.3964 0.3699 0.3369 0.3019 0.2680 0.2371 0.2099 0.1870 0.1709 0.1963 0.2620 0.3107 0.3462 0.3727 0.3921 0.4061 0.4159 0.4201 0.4086 0.3605 0.2948 0.2365 0.1924 0.1807 0.2616 0.3315 0.3719 0.3969 0.4123 0.4199 0.4111 0.3596 0.2889 0.2292 0.1838 0.3094
0.3022 0.1968 0.2484 0.3134 0.3826 0.4177 0.4183 0.4077 0.3894 0.3598 0.3117 0.2266 0.1769 0.2073 0.2579 0.3223 0.3868 0.4176 0.4188 0.4106 0.3975 0.3788 0.3526 0.3167 0.2664 0.1963 0.1710 0.1903 0.2162 0.2471 0.2826 0.3210 0.3593 0.3916 0.4113 0.4189 0.4200 0.4179 0.4143 0.4095 0.4037 0.3969 0.3889 0.3795 0.3684 0.3554 0.3400 0.3217 0.2995 0.2694 0.2446 0.2694 0.2995 0.3217 0.3400 0.3554 0.3684 0.3795 0.3889 0.3969 0.4037 0.4095 0.4143 0.4179 0.4200 0.4189 0.4113 0.3916 0.3593 0.3210 0.2826 0.2471 0.2162 0.1903 0.1710 0.1963 0.2664 0.3167 0.3526 0.3788 0.3975 0.4106 0.4188 0.4176 0.3868 0.3223 0.2580 0.2073 0.1769 0.2266 0.3117 0.3598 0.3894 0.4077 0.4183 0.4177 0.3826 0.3134 0.2484 0.1968 0.3022
0.3004 0.2118 0.2697 0.3388 0.4009 0.4200 0.4154 0.4022 0.3805 0.3454 0.2869 0.1948 0.1830 0.2242 0.2812 0.3497 0.4054 0.4201 0.4155 0.4041 0.3871 0.3625 0.3278 0.2787 0.2051 0.1709 0.1903 0.2183 0.2523 0.2915 0.3338 0.3741 0.4038 0.4173 0.4201 0.4182 0.4141 0.4085 0.4018 0.3938 0.3844 0.3732 0.3601 0.3448 0.3266 0.3051 0.2776 0.2441 0.2085 0.1843 0.1767 0.1843 0.2085 0.2441 0.2776 0.3051 0.3266 0.3448 0.3601 0.3732 0.3844 0.3938 0.4018 0.4085 0.4141 0.4182 0.4201 0.4172 0.4038 0.3741 0.3338 0.2915 0.2523 0.2183 0.1903 0.1709 0.2051 0.2787 0.3278 0.3625 0.3871 0.4041 0.4155 0.4201 0.4055 0.3497 0.2812 0.2242 0.1830 0.1948 0.2869 0.3454 0.3805 0.4022 0.4154 0.4200 0.4009 0.3388 0.2697 0.2118 0.3004
0.3018 0.2288 0.2929 0.3637 0.4126 0.4197 0.4116 0.3957 0.3700 0.3284 0.2554 0.1791 0.1960 0.2431 0.3060 0.3751 0.4156 0.4193 0.4109 0.3963 0.3746 0.3427 0.2969 0.2251 0.1725 0.1870 0.2162 0.2523 0.2946 0.3402 0.3823 0.4097 0.4193 0.4195 0.4157 0.4100 0.4026 0.3937 0.3829 0.3700 0.3546 0.3365 0.3152 0.2890 0.2554 0.2178 0.1882 0.1773 0.1789 0.1895 0.1968 0.1895 0.1789 0.1773 0.1882 0.2178 0.2554 0.2890 0.3152 0.3365 0.3546 0.3700 0.3829 0.3937 0.4026 0.4100 0.4157 0.4195 0.4193 0.4097 0.3823 0.3402 0.2946 0.2523 0.2162 0.1870 0.1725 0.2251 0.2969 0.3427 0.3746 0.3963 0.4109 0.4193 0.4156 0.3751 0.3060 0.2431 0.1960 0.1791 0.2554 0.3284 0.3700 0.3957 0.4116 0.4197 0.4126 0.3637 0.2929 0.2288 0.3018
0.3058 0.2479 0.3177 0.3862 0.4183 0.4179 0.4068 0.3880 0.3575 0.3078 0.2202 0.1775 0.2109 0.2640 0.3317 0.3960 0.4196 0.4167 0.4053 0.3872 0.3597 0.3190 0.2561 0.1814 0.1806 0.2099 0.2471 0.2915 0.3402 0.3849 0.4121 0.4199 0.4186 0.4136 0.4064 0.3973 0.3859 0.3719 0.3549 0.3343 0.3097 0.2790 0.2395 0.1998 0.1787 0.1767 0.1856 0.1997 0.2159 0.2338 0.2443 0.2338 0.2159 0.1997 0.1856 0.1767 0.1787 0.1998 0.2395 0.2790 0.3097 0.3343 0.3549 0.3719 0.3859 0.3973 0.4064 0.4136 0.4186 0.4199 0.4121 0.3849 0.3402 0.2915 0.2471 0.2099 0.1806 0.1814 0.2561 0.3190 0.3597 0.3872 0.4053 0.4167 0.4196 0.3960 0.3317 0.2640 0.2109 0.1775 0.2202 0.3078 0.3575 0.3880 0.4068 0.4179 0.4183 0.3862 0.3177 0.2479 0.3058
0.3119 0.2691 0.3431 0.4034 0.4201 0.4148 0.4012 0.3789 0.3427 0.2818 0.1908 0.1852 0.2278 0.2869 0.3573 0.4100 0.4200 0.4131 0.3987 0.3764 0.3421 0.2900 0.2072 0.1738 0.2001 0.2371 0.2826 0.3338 0.3823 0.4121 0.4200 0.4180 0.4121 0.4038 0.3931 0.3794 0.3621 0.3406 0.3141 0.2811 0.2366 0.1932 0.1752 0.1784 0.1921 0.2084 0.2268 0.2472 0.2700 0.2940 0.3077 0.2940 0.2700 0.2472 0.2268 0.2084 0.1921 0.1784 0.1752 0.1932 0.2366 0.2811 0.3141 0.3406 0.3621 0.3794 0.3931 0.4038 0.4121 0.4180 0.4200 0.4121 0.3823 0.3338 0.2826 0.2371 0.2001 0.1738 0.2072 0.2900 0.3421 0.3764 0.3987 0.4131 0.4200 0.4100 0.3573 0.2869 0.2278 0.1852 0.1908 0.2818 0.3427 0.3789 0.4012 0.4148 0.4201 0.4034 0.3431 0.2691 0.3119
0.3200 0.2922 0.3678 0.4139 0.4195 0.4108 0.3945 0.3680 0.3251 0.2496 0.1782 0.1984 0.2469 0.3114 0.3808 0.4173 0.4185 0.4084 0.3911 0.3638 0.3215 0.2523 0.1780 0.1875 0.2228 0.2680 0.3210 0.3741 0.4097 0.4199 0.4180 0.4116 0.4024 0.3903 0.3746 0.3543 0.3286 0.2960 0.2518 0.1997 0.1742 0.1782 0.1942 0.2128 0.2339 0.2572 0.2825 0.3093 0.3371 0.3634 0.3767 0.3634 0.3371 0.3093 0.2825 0.2572 0.2339 0.2128 0.1942 0.1782 0.1742 0.1997 0.2518 0.2960 0.3286 0.3543 0.3746 0.3903 0.4024 0.4116 0.4180 0.4199 0.4097 0.3741 0.3210 0.2680 0.2228 0.1875 0.1780 0.2523 0.3215 0.3638 0.3911 0.4084 0.4185 0.4173 0.3808 0.3114 0.2469 0.1984 0.1782 0.2496 0.3251 0.3680 0.3945 0.4108 0.4195 0.4139 0.3678 0.2922 0.3200
0.3299 0.3168 0.3895 0.4189 0.4174 0.4059 0.3865 0.3552 0.3039 0.2143 0.1781 0.2137 0.2680 0.3368 0.3997 0.4199 0.4157 0.4029 0.3820 0.3490 0.2968 0.2101 0.1757 0.2057 0.2488 0.3019 0.3593 0.4038 0.4193 0.4186 0.4121 0.4024 0.3894 0.3721 0.3493 0.3199 0.2816 0.2264 0.1803 0.1740 0.1901 0.2104 0.2338 0.2599 0.2885 0.3185 0.3485 0.3761 0.3983 0.4118 0.4156 0.4118 0.3983 0.3761 0.3485 0.3185 0.2885 0.2599 0.2338 0.2104 0.1901 0.1740 0.1803 0.2264 0.2816 0.3199 0.3493 0.3721 0.3894 0.4024 0.4121 0.4186 0.4193 0.4038 0.3593 0.3019 0.2488 0.2057 0.1757 0.2101 0.2968 0.3490 0.3820 0.4029 0.4157 0.4199 0.3997 0.3368 0.2680 0.2137 0.1781 0.2143 0.3039 0.3552 0.3865 0.4059 0.4174 0.4189 0.3895 0.3168 0.3299
0.3412 0.3422 0.4057 0.4202 0.4142 0.4001 0.3771 0.3399 0.2767 0.1874 0.1873 0.2309 0.2911 0.3619 0.4119 0.4198 0.4120 0.3964 0.3715 0.3317 0.2649 0.1821 0.1875 0.2264 0.2774 0.3369 0.3916 0.4172 0.4195 0.4136 0.4038 0.3903 0.3721 0.3476 0.3154 0.2722 0.2101 0.1730 0.1802 0.2005 0.2249 0.2529 0.2842 0.3176 0.3511 0.3812 0.4033 0.4152 0.4197 0.4198 0.4182 0.4198 0.4197 0.4152 0.4033 0.3812 0.3511 0.3176 0.2842 0.2529 0.2249 0.2005 0.1802 0.1730 0.2101 0.2722 0.3154 0.3476 0.3721 0.3903 0.4038 0.4136 0.4195 0.4172 0.3916 0.3369 0.2774 0.2264 0.1875 0.1821 0.2649 0.3317 0.3715 0.3964 0.4120 0.4198 0.4119 0.3619 0.2911 0.2309 0.1873 0.1874 0.2767 0.3399 0.3771 0.4001 0.4142 0.4202 0.4057 0.3422 0.3412
0.3536 0.3669 0.4151 0.4192 0.4101 0.3932 0.3660 0.3218 0.2437 0.1775 0.2009 0.2503 0.3157 0.3846 0.4181 0.4181 0.4073 0.3887 0.3590 0.3110 0.2278 0.1760 0.2034 0.2496 0.3078 0.3699 0.4113 0.4201 0.4157 0.4064 0.3931 0.3746 0.3493 0.3154 0.2690 0.2026 0.1710 0.1853 0.2085 0.2365 0.2689 0.3047 0.3420 0.3766 0.4024 0.4157 0.4199 0.4195 0.4169 0.4126 0.4087 0.4126 0.4169 0.4195 0.4199 0.4157 0.4024 0.3766 0.3420 0.3048 0.2689 0.2365 0.2085 0.1853 0.1710 0.2026 0.2690 0.3154 0.3493 0.3746 0.3931 0.4064 0.4157 0.4201 0.4113 0.3699 0.3078 0.2496 0.2034 0.1760 0.2277 0.3110 0.3590 0.3887 0.4073 0.4181 0.4181 0.3846 0.3157 0.2503 0.2009 0.1775 0.2437 0.3218 0.3660 0.3932 0.4101 0.4192 0.4151 0.3669 0.3536
0.3666 0.3887 0.4193 0.4169 0.4050 0.3851 0.3527 0.2998 0.2086 0.1790 0.2165 0.2718 0.3411 0.4023 0.4201 0.4151 0.4017 0.3797 0.3442 0.2855 0.1944 0.1822 0.2214 0.2747 0.3387 0.3963 0.4190 0.4182 0.4100 0.3973 0.3794 0.3543 0.3199 0.2722 0.2026 0.1708 0.1879 0.2136 0.2446 0.2807 0.3204 0.3603 0.3936 0.4130 0.4196 0.4196 0.4166 0.4120 0.4062 0.3987 0.3922 0.3987 0.4062 0.4120 0.4166 0.4196 0.4196 0.4130 0.3937 0.3604 0.3205 0.2807 0.2446 0.2135 0.1880 0.1708 0.2026 0.2722 0.3199 0.3543 0.3794 0.3973 0.4100 0.4182 0.4189 0.3964 0.3388 0.2747 0.2214 0.1822 0.1943 0.2855 0.3442 0.3797 0.4017 0.4151 0.4201 0.4023 0.3411 0.2718 0.2165 0.1790 0.2086 0.2998 0.3527 0.3851 0.4050 0.4169 0.4193 0.3887 0.3666
0.3795 0.4052 0.4201 0.4136 0.3990 0.3754 0.3371 0.2713 0.1846 0.1895 0.2341 0.2952 0.3660 0.4133 0.4196 0.4112 0.3950 0.3689 0.3268 0.2533 0.1785 0.1957 0.2414 0.3015 0.3679 0.4122 0.4200 0.4141 0.4026 0.3859 0.3621 0.3286 0.2816 0.2101 0.1710 0.1879 0.2153 0.2488 0.2879 0.3308 0.3725 0.4035 0.4174 0.4201 0.4177 0.4130 0.4067 0.3989 0.3895 0.3774 0.3670 0.3774 0.3895 0.3989 0.4067 0.4130 0.4177 0.4201 0.4175 0.4036 0.3725 0.3308 0.2879 0.2487 0.2152 0.1880 0.1710 0.2101 0.2816 0.3286 0.3621 0.3859 0.4026 0.4141 0.4200 0.4122 0.3680 0.3015 0.2414 0.1957 0.1785 0.2533 0.3268 0.3689 0.3950 0.4112 0.4196 0.4133 0.3660 0.2952 0.2341 0.1895 0.1846 0.2713 0.3371 0.3754 0.3990 0.4136 0.4201 0.4052 0.3795
0.3914 0.4150 0.4189 0.4093 0.3919 0.3639 0.3184 0.2377 0.1771 0.2034 0.2539 0.3200 0.3880 0.4186 0.4176 0.4064 0.3872 0.3563 0.3058 0.2175 0.1775 0.2112 0.2634 0.3290 0.3923 0.4188 0.4179 0.4085 0.3937 0.3719 0.3406 0.2960 0.2264 0.1730 0.1853 0.2136 0.2488 0.2904 0.3360 0.3793 0.4086 0.4191 0.4195 0.4156 0.4094 0.4015 0.3916 0.3794 0.3646 0.3454 0.3286 0.3454 0.3646 0.3794 0.3916 0.4015 0.4094 0.4156 0.4195 0.4191 0.4086 0.3793 0.3360 0.2904 0.2487 0.2135 0.1853 0.1730 0.2264 0.2960 0.3406 0.3719 0.3937 0.4085 0.4179 0.4188 0.3924 0.3291 0.2634 0.2113 0.1775 0.2174 0.3058 0.3563 0.3872 0.4064 0.4176 0.4186 0.3880 0.3200 0.2539 0.2034 0.1771 0.2377 0.3184 0.3639 0.3919 0.4093 0.4189 0.4150 0.3914
0.4015 0.4195 0.4164 0.4041 0.3835 0.3502 0.2955 0.2034 0.1802 0.2193 0.2757 0.3454 0.4047 0.4202 0.4145 0.4006 0.3779 0.3412 0.2791 0.1890 0.1860 0.2286 0.2871 0.3561 0.4086 0.4201 0.4143 0.4018 0.3829 0.3549 0.3141 0.2518 0.1803 0.1802 0.2085 0.2446 0.2879 0.3360 0.3814 0.4106 0.4197 0.4188 0.4138 0.4065 0.3970 0.3849 0.3698 0.3510 0.3280 0.2978 0.2704 0.2978 0.3280 0.3510 0.3698 0.3849 0.3969 0.4064 0.4138 0.4188 0.4197 0.4106 0.3814 0.3360 0.2879 0.2446 0.2085 0.1802 0.1803 0.2518 0.3141 0.3549 0.3829 0.4018 0.4143 0.4201 0.4087 0.3563 0.2872 0.2288 0.1861 0.1890 0.2791 0.3412 0.3779 0.4006 0.4145 0.4202 0.4047 0.3454 0.2757 0.2193 0.1802 0.2034 0.2955 0.3502 0.3835 0.4041 0.4164 0.4195 0.4015
0.4094 0.4206 0.4129 0.3979 0.3735 0.3341 0.2659 0.1822 0.1917 0.2373 0.2993 0.3700 0.4146 0.4194 0.4104 0.3938 0.3669 0.3233 0.2464 0.1777 0.1995 0.2482 0.3123 0.3807 0.4170 0.4188 0.4095 0.3938 0.3700 0.3343 0.2811 0.1997 0.1740 0.2005 0.2365 0.2807 0.3308 0.3793 0.4106 0.4199 0.4184 0.4127 0.4043 0.3935 0.3795 0.3615 0.3388 0.3103 0.2738 0.2234 0.1901 0.2233 0.2736 0.3102 0.3387 0.3614 0.3794 0.3935 0.4043 0.4127 0.4184 0.4199 0.4106 0.3793 0.3308 0.2807 0.2365 0.2005 0.1740 0.1997 0.2811 0.3343 0.3700 0.3938 0.4095 0.4188 0.4170 0.3809 0.3124 0.2483 0.1996 0.1778 0.2464 0.3233 0.3669 0.3938 0.4104 0.4194 0.4146 0.3700 0.2993 0.2373 0.1917 0.1822 0.2659 0.3341 0.3735 0.3979 0.4129 0.4206 0.4094
0.4150 0.4197 0.4084 0.3906 0.3617 0.3148 0.2316 0.1770 0.2060 0.2574 0.3243 0.3913 0.4191 0.4172 0.4054 0.3857 0.3538 0.3017 0.2112 0.1785 0.2151 0.2697 0.3383 0.4002 0.4199 0.4159 0.4037 0.3844 0.3546 0.3097 0.2366 0.1742 0.1901 0.2249 0.2689 0.3205 0.3725 0.4086 0.4197 0.4184 0.4123 0.4032 0.3913 0.3756 0.3551 0.3288 0.2950 0.2482 0.1945 0.1726 0.1747 0.1726 0.1944 0.2480 0.2949 0.3287 0.3550 0.3755 0.3913 0.4032 0.4123 0.4184 0.4197 0.4086 0.3725 0.3205 0.2689 0.2249 0.1901 0.1742 0.2366 0.3097 0.3546 0.3844 0.4037 0.4159 0.4199 0.4002 0.3384 0.2698 0.2151 0.1786 0.2112 0.3017 0.3538 0.3857 0.4054 0.4172 0.4191 0.3913 0.3243 0.2574 0.2060 0.1770 0.2316 0.3148 0.3617 0.3906 0.4084 0.4197 0.4150
0.4187 0.4174 0.4031 0.3819 0.3477 0.2909 0.1985 0.1816 0.2222 0.2796 0.3498 0.4068 0.4202 0.4139 0.3995 0.3762 0.3384 0.2738 0.1858 0.1885 0.2326 0.2932 0.3637 0.4124 0.4198 0.4120 0.3969 0.3732 0.3365 0.2790 0.1932 0.1782 0.2104 0.2529 0.3048 0.3604 0.4036 0.4191 0.4188 0.4127 0.4032 0.3905 0.3735 0.3510 0.3217 0.2830 0.2266 0.1793 0.1749 0.1926 0.2037 0.1926 0.1749 0.1792 0.2265 0.2829 0.3216 0.3510 0.3735 0.3905 0.4032 0.4127 0.4188 0.4191 0.4036 0.3604 0.3048 0.2529 0.2104 0.1782 0.1932 0.2790 0.3365 0.3732 0.3969 0.4120 0.4198 0.4124 0.3637 0.2932 0.2326 0.1885 0.1858 0.2738 0.3384 0.3762 0.3995 0.4139 0.4202 0.4068 0.3498 0.2796 0.2222 0.1816 0.1985 0.2909 0.3477 0.3819 0.4031 0.4174 0.4187
0.4208 0.4141 0.3967 0.3716 0.3310 0.2603 0.1803 0.1940 0.2406 0.3035 0.3739 0.4157 0.4191 0.4096 0.3925 0.3648 0.3199 0.2405 0.1773 0.2022 0.2522 0.3181 0.3863 0.4183 0.4179 0.4071 0.3889 0.3601 0.3152 0.2395 0.1752 0.1942 0.2338 0.2842 0.3420 0.3937 0.4175 0.4195 0.4138 0.4043 0.3913 0.3735 0.3496 0.3179 0.2752 0.2128 0.1732 0.1802 0.2018 0.2271 0.2423 0.2272 0.2019 0.1803 0.1732 0.2127 0.2752 0.3178 0.3496 0.3735 0.3913 0.4043 0.4138 0.4195 0.4175 0.3937 0.3420 0.2842 0.2338 0.1942 0.1752 0.2395 0.3152 0.3601 0.3889 0.4071 0.4179 0.4183 0.3863 0.3180 0.2522 0.2022 0.1773 0.2405 0.3199 0.3648 0.3925 0.4096 0.4191 0.4157 0.3739 0.3035 0.2406 0.1940 0.1803 0.2603 0.3310 0.3716 0.3967 0.4141 0.4208
0.4220 0.4096 0.3892 0.3595 0.3111 0.2255 0.1771 0.2086 0.2611 0.3287 0.3944 0.4195 0.4167 0.4045 0.3842 0.3514 0.2975 0.2057 0.1796 0.2180 0.2739 0.3435 0.4036 0.4201 0.4149 0.4013 0.3795 0.3448 0.2890 0.1998 0.1784 0.2128 0.2599 0.3176 0.3766 0.4130 0.4201 0.4156 0.4064 0.3935 0.3755 0.3510 0.3178 0.2725 0.2063 0.1713 0.1844 0.2080 0.2374 0.2706 0.2899 0.2707 0.2374 0.2081 0.1845 0.1713 0.2063 0.2725 0.3178 0.3510 0.3755 0.3935 0.4064 0.4156 0.4201 0.4130 0.3766 0.3176 0.2599 0.2128 0.1784 0.1998 0.2890 0.3448 0.3795 0.4013 0.4149 0.4201 0.4035 0.3435 0.2739 0.2180 0.1796 0.2057 0.2975 0.3514 0.3842 0.4045 0.4167 0.4195 0.3944 0.3287 0.2611 0.2086 0.1771 0.2255 0.3111 0.3595 0.3892 0.4096 0.4220
0.4225 0.4041 0.3803 0.3450 0.2862 0.1942 0.1834 0.2252 0.2836 0.3540 0.4088 0.4201 0.4132 0.3984 0.3744 0.3355 0.2684 0.1832 0.1907 0.2358 0.2974 0.3682 0.4140 0.4195 0.4108 0.3945 0.3684 0.3266 0.2554 0.1787 0.1921 0.2339 0.2885 0.3511 0.4024 0.4196 0.4177 0.4094 0.3969 0.3794 0.3550 0.3216 0.2752 0.2063 0.1710 0.1866 0.2121 0.2434 0.2809 0.3213 0.3432 0.3214 0.2811 0.2435 0.2122 0.1867 0.1710 0.2063 0.2752 0.3216 0.3550 0.3794 0.3969 0.4094 0.4177 0.4196 0.4024 0.3511 0.2885 0.2339 0.1921 0.1787 0.2554 0.3266 0.3684 0.3945 0.4108 0.4195 0.4140 0.3682 0.2974 0.2358 0.1907 0.1832 0.2684 0.3355 0.3744 0.3984 0.4132 0.4201 0.4088 0.3540 0.2836 0.2252 0.1834 0.1942 0.2862 0.3450 0.3803 0.4041 0.4225
0.4222 0.3972 0.3697 0.3279 0.2546 0.1790 0.1964 0.2440 0.3078 0.3778 0.4167 0.4188 0.4088 0.3912 0.3627 0.3164 0.2344 0.1770 0.2048 0.2558 0.3224 0.3898 0.4189 0.4174 0.4059 0.3865 0.3554 0.3051 0.2178 0.1767 0.2084 0.2572 0.3185 0.3812 0.4157 0.4196 0.4130 0.4015 0.3849 0.3614 0.3287 0.2829 0.2127 0.1713 0.1867 0.2135 0.2468 0.2860 0.3305 0.3725 0.3912 0.3726 0.3306 0.2861 0.2469 0.2136 0.1867 0.1713 0.2127 0.2829 0.3287 0.3614 0.3849 0.4015 0.4130 0.4196 0.4157 0.3812 0.3185 0.2572 0.2084 0.1767 0.2178 0.3051 0.3554 0.3865 0.4059 0.4174 0.4189 0.3898 0.3224 0.2558 0.2048 0.1770 0.2344 0.3164 0.3627 0.3912 0.4088 0.4188 0.4167 0.3778 0.3078 0.2440 0.1964 0.1790 0.2546 0.3279 0.3697 0.3972 0.4222
0.4210 0.3889 0.3572 0.3073 0.2194 0.1775 0.2113 0.2648 0.3330 0.3974 0.4198 0.4162 0.4035 0.3827 0.3489 0.2930 0.2007 0.1809 0.2209 0.2778 0.3478 0.4059 0.4202 0.4142 0.4000 0.3770 0.3400 0.2776 0.1882 0.1856 0.2268 0.2825 0.3485 0.4033 0.4199 0.4166 0.4067 0.3916 0.3698 0.3387 0.2949 0.2265 0.1732 0.1845 0.2122 0.2468 0.2880 0.3337 0.3786 0.4083 0.4154 0.4083 0.3788 0.3339 0.2881 0.2469 0.2122 0.1845 0.1732 0.2265 0.2949 0.3387 0.3698 0.3916 0.4067 0.4166 0.4199 0.4033 0.3485 0.2825 0.2268 0.1856 0.1882 0.2776 0.3400 0.3770 0.4000 0.4142 0.4202 0.4059 0.3478 0.2778 0.2209 0.1809 0.2007 0.2930 0.3489 0.3827 0.4035 0.4162 0.4198 0.3974 0.3330 0.2648 0.2113 0.1775 0.2194 0.3073 0.3572 0.3889 0.4210
0.4190 0.3790 0.3423 0.2811 0.1903 0.1855 0.2283 0.2876 0.3582 0.4106 0.4200 0.4125 0.3973 0.3725 0.3325 0.2629 0.1811 0.1930 0.2391 0.3016 0.3721 0.4152 0.4192 0.4100 0.3931 0.3658 0.3217 0.2441 0.1773 0.1997 0.2472 0.3093 0.3761 0.4152 0.4195 0.4120 0.3989 0.3794 0.3510 0.3102 0.2480 0.1792 0.1803 0.2081 0.2435 0.2861 0.3337 0.3795 0.4103 0.4195 0.4188 0.4195 0.4103 0.3796 0.3339 0.2861 0.2435 0.2081 0.1803 0.1792 0.2480 0.3102 0.3510 0.3794 0.3989 0.4120 0.4195 0.4152 0.3761 0.3093 0.2472 0.1997 0.1773 0.2441 0.3217 0.3658 0.3931 0.4100 0.4192 0.4152 0.3721 0.3016 0.2391 0.1930 0.1811 0.2629 0.3325 0.3725 0.3973 0.4125 0.4200 0.4106 0.3582 0.2876 0.2283 0.1855 0.1903 0.2811 0.3423 0.3790 0.4190
0.4161 0.3675 0.3247 0.2488 0.1782 0.1990 0.2477 0.3124 0.3818 0.4176 0.4184 0.4080 0.3898 0.3605 0.3128 0.2283 0.1772 0.2077 0.2598 0.3271 0.3933 0.4194 0.4169 0.4049 0.3849 0.3525 0.2995 0.2085 0.1789 0.2159 0.2700 0.3371 0.3983 0.4197 0.4169 0.4062 0.3895 0.3646 0.3280 0.2736 0.1944 0.1749 0.2019 0.2374 0.2810 0.3306 0.3786 0.4103 0.4200 0.4182 0.4139 0.4182 0.4200 0.4103 0.3788 0.3306 0.2810 0.2374 0.2019 0.1749 0.1944 0.2736 0.3280 0.3646 0.3895 0.4062 0.4169 0.4197 0.3983 0.3371 0.2700 0.2159 0.1789 0.2085 0.2995 0.3525 0.3849 0.4049 0.4169 0.4194 0.3933 0.3271 0.2598 0.2077 0.1772 0.2283 0.3128 0.3605 0.3898 0.4080 0.4184 0.4176 0.3818 0.3124 0.2477 0.1990 0.1782 0.2488 0.3247 0.3675 0.4161
0.4119 0.3528 0.3017 0.2130 0.1782 0.2142 0.2687 0.3376 0.4002 0.4199 0.4154 0.4021 0.3804 0.3453 0.2869 0.1959 0.1827 0.2240 0.2820 0.3523 0.4080 0.4200 0.4133 0.3985 0.3745 0.3357 0.2694 0.1843 0.1895 0.2338 0.2940 0.3634 0.4118 0.4198 0.4126 0.3987 0.3774 0.3454 0.2977 0.2233 0.1726 0.1926 0.2271 0.2706 0.3214 0.3726 0.4083 0.4195 0.4182 0.4114 0.4044 0.4114 0.4182 0.4195 0.4083 0.3727 0.3214 0.2706 0.2271 0.1926 0.1726 0.2233 0.2977 0.3454 0.3774 0.3987 0.4126 0.4198 0.4118 0.3634 0.2940 0.2338 0.1895 0.1843 0.2694 0.3357 0.3745 0.3985 0.4133 0.4200 0.4080 0.3523 0.2820 0.2240 0.1827 0.1959 0.2869 0.3453 0.3804 0.4021 0.4154 0.4199 0.4002 0.3376 0.2687 0.2142 0.1782 0.2130 0.3017 0.3529 0.4119
0.4079 0.3397 0.2805 0.1911 0.1821 0.2233 0.2811 0.3514 0.4073 0.4194 0.4125 0.3972 0.3724 0.3323 0.2637 0.1812 0.1892 0.2338 0.2948 0.3656 0.4129 0.4189 0.4099 0.3930 0.3656 0.3214 0.2446 0.1767 0.1968 0.2443 0.3077 0.3767 0.4156 0.4182 0.4087 0.3922 0.3669 0.3286 0.2705 0.1902 0.1747 0.2037 0.2423 0.2899 0.3433 0.3913 0.4154 0.4188 0.4139 0.4044 0.3958 0.4044 0.4139 0.4188 0.4154 0.3913 0.3433 0.2899 0.2423 0.2037 0.1747 0.1902 0.2705 0.3286 0.3669 0.3922 0.4087 0.4182 0.4156 0.3767 0.3077 0.2443 0.1968 0.1767 0.2446 0.3214 0.3656 0.3930 0.4099 0.4189 0.4129 0.3656 0.2948 0.2338 0.1892 0.1812 0.2637 0.3323 0.3724 0.3972 0.4125 0.4194 0.4073 0.3514 0.2811 0.2233 0.1821 0.1912 0.2806 0.3397 0.4079
0.4119 0.3528 0.3017 0.2130 0.1782 0.2142 0.2687 0.3376 0.4002 0.4199 0.4154 0.4021 0.3804 0.3453 0.2869 0.1959 0.1827 0.2240 0.2820 0.3523 0.4080 0.4200 0.4133 0.3985 0.3745 0.3357 0.2694 0.1843 0.1895 0.2338 0.2940 0.3634 0.4118 0.4198 0.4126 0.3987 0.3774 0.3454 0.2977 0.2233 0.1726 0.1926 0.2271 0.2706 0.3214 0.3727 0.4083 0.4195 0.4182 0.4114 0.4044 0.4114 0.4182 0.4195 0.4083 0.3727 0.3214 0.2706 0.2271 0.1926 0.1726 0.2233 0.2977 0.3454 0.3774 0.3987 0.4126 0.4198 0.4118 0.3634 0.2940 0.2338 0.1895 0.1843 0.2694 0.3357 0.3745 0.3985 0.4133 0.4200 0.4080 0.3523 0.2820 0.2240 0.1827 0.1959 0.2869 0.3453 0.3804 0.4021 0.4154 0.4199 0.4002 0.3376 0.2687 0.2142 0.1782 0.2130 0.3017 0.3529 0.4119
0.4161 0.3675 0.3247 0.2488 0.1782 0.1990 0.2477 0.3124 0.3818 0.4176 0.4184 0.4080 0.3898 0.3605 0.3128 0.2283 0.1772 0.2077 0.2598 0.3271 0.3933 0.4194 0.4169 0.4049 0.3849 0.3525 0.2995 0.2085 0.1789 0.2159 0.2700 0.3371 0.3983 0.4197 0.4169 0.4062 0.3895 0.3646 0.3280 0.2736 0.1944 0.1749 0.2019 0.2374 0.2810 0.3306 0.3788 0.4103 0.4200 0.4182 0.4139 0.4182 0.4200 0.4103 0.3788 0.3306 0.2810 0.2374 0.2019 0.1749 0.1944 0.2736 0.3280 0.3646 0.3895 0.4062 0.4169 0.4197 0.3983 0.3371 0.2700 0.2159 0.1789 0.2085 0.2995 0.3525 0.3849 0.4049 0.4169 0.4194 0.3933 0.3271 0.2598 0.2077 0.1772 0.2283 0.3128 0.3605 0.3898 0.4080 0.4184 0.4176 0.3818 0.3124 0.2477 0.1990 0.1782 0.2488 0.3247 0.3675 0.4161
0.4190 0.3790 0.3423 0.2811 0.1903 0.1855 0.2283 0.2876 0.3582 0.4106 0.4200 0.4125 0.3973 0.3725 0.3325 0.2629 0.1811 0.1930 0.2391 0.3016 0.3721 0.4152 0.4192 0.4100 0.3931 0.3658 0.3217 0.2441 0.1773 0.1997 0.2472 0.3093 0.3761 0.4152 0.4195 0.4120 0.3989 0.3794 0.3510 0.3102 0.2480 0.1792 0.1803 0.2081 0.2435 0.2861 0.3339 0.3796 0.4103 0.4195 0.4188 0.4195 0.4103 0.3796 0.3339 0.2861 0.2435 0.2081 0.1803 0.1792 0.2480 0.3102 0.3510 0.3794 0.3989 0.4120 0.4195 0.4152 0.3761 0.3093 0.2472 0.1997 0.1773 0.2441 0.3217 0.3658 0.3931 0.4100 0.4192 0.4152 0.3721 0.3016 0.2391 0.1930 0.1811 0.2629 0.3325 0.3725 0.3973 0.4125 0.4200 0.4106 0.3582 0.2876 0.2283 0.1855 0.1903 0.2811 0.3423 0.3790 0.4190
0.4210 0.3889 0.3572 0.3073 0.2194 0.1775 0.2113 0.2648 0.3330 0.3974 0.4198 0.4162 0.4035 0.3827 0.3489 0.2930 0.2007 0.1809 0.2209 0.2778 0.3478 0.4059 0.4202 0.4142 0.4000 0.3770 0.3400 0.2776 0.1882 0.1856 0.2268 0.2825 0.3485 0.4033 0.4199 0.4166 0.4067 0.3916 0.3698 0.3387 0.2949 0.2265 0.1732 0.1845 0.2122 0.2469 0.2881 0.3339 0.3788 0.4083 0.4154 0.4083 0.3788 0.3339 0.2881 0.2469 0.2122 0.1845 0.1732 0.2265 0.2949 0.3387 0.3698 0.3916 0.4067 0.4166 0.4199 0.4033 0.3485 0.2825 0.2268 0.1856 0.1882 0.2776 0.3400 0.3770 0.4000 0.4142 0.4202 0.4059 0.3478 0.2778 0.2209 0.1809 0.2007 0.2930 0.3489 0.3827 0.4035 0.4162 0.4198 0.3974 0.3330 0.2648 0.2113 0.1775 0.2194 0.3073 0.3572 0.3889 0.4210
0.4222 0.3972 0.3697 0.3279 0.2546 0.1790 0.1964 0.2440 0.3078 0.3778 0.4167 0.4188 0.4088 0.3912 0.3627 0.3164 0.2344 0.1770 0.2048 0.2558 0.3224 0.3898 0.4189 0.4174 0.4059 0.3865 0.3554 0.3051 0.2178 0.1767 0.2084 0.2572 0.3185 0.3812 0.4157 0.4196 0.4130 0.4015 0.3849 0.3614 0.3287 0.2829 0.2127 0.1713 0.1867 0.2136 0.2469 0.2861 0.3306 0.3727 0.3913 0.3727 0.3306 0.2861 0.2469 0.2136 0.1867 0.1713 0.2127 0.2829 0.3287 0.3614 0.3849 0.4015 0.4130 0.4196 0.4157 0.3812 0.3185 0.2572 0.2084 0.1767 0.2178 0.3051 0.3554 0.3865 0.4059 0.4174 0.4189 0.3898 0.3224 0.2558 0.2048 0.1770 0.2344 0.3164 0.3627 0.3912 0.4088 0.4188 0.4167 0.3778 0.3078 0.2440 0.1964 0.1790 0.2546 0.3279 0.3697 0.3972 0.4222
