0.0972 0.2030 -0.1786 -0.2674 -0.2876 -0.2237 0.0692 0.2286 -0.1350 -0.2545 -0.2886 -0.2641 0.0246 0.2006 -0.0685 -0.2396 -0.2847 -0.2742 -0.0424 0.1478 0.0774 -0.2128 -0.2767 -0.2830 -0.1475 0.1026 0.2127 -0.1729 -0.2657 -0.2882 -0.2330 0.0630 0.2262 -0.1272 -0.2523 -0.2883 -0.2667 0.0165 0.1950 -0.0536 -0.2372 -0.2837 -0.2756 -0.0561 0.1399 0.1060 -0.2067 -0.2752 -0.2840 -0.1609 0.0367 -0.1609 -0.2840 -0.2752 -0.2067 0.1060 0.1399 -0.0561 -0.2756 -0.2837 -0.2372 -0.0536 0.1950 0.0165 -0.2667 -0.2883 -0.2523 -0.1272 0.2262 0.0630 -0.2330 -0.2882 -0.2657 -0.1729 0.2127 0.1026 -0.1475 -0.2830 -0.2767 -0.2128 0.0774 0.1478 -0.0424 -0.2742 -0.2847 -0.2396 -0.0685 0.2006 0.0246 -0.2641 -0.2886 -0.2545 -0.1350 0.2286 0.0692 -0.2237 -0.2876 -0.2674 -0.1786 0.2030 0.0972
0.2030 -0.2038 -0.3192 -0.3278 -0.2332 0.0724 0.2353 -0.1380 -0.3077 -0.3333 -0.2871 0.0313 0.1994 -0.0486 -0.2944 -0.3323 -0.3053 -0.0324 0.1410 0.1351 -0.2488 -0.3266 -0.3201 -0.1434 0.1018 0.2383 -0.1889 -0.3175 -0.3298 -0.2459 0.0665 0.2309 -0.1275 -0.3058 -0.3335 -0.2910 0.0237 0.1915 -0.0276 -0.2923 -0.3317 -0.3078 -0.0460 0.1341 0.1617 -0.2390 -0.3254 -0.3217 -0.1599 0.0936 0.1871 0.0936 -0.1599 -0.3217 -0.3254 -0.2390 0.1617 0.1341 -0.0460 -0.3078 -0.3317 -0.2923 -0.0276 0.1915 0.0237 -0.2910 -0.3335 -0.3058 -0.1275 0.2309 0.0665 -0.2459 -0.3298 -0.3175 -0.1889 0.2383 0.1018 -0.1434 -0.3201 -0.3266 -0.2488 0.1351 0.1410 -0.0324 -0.3053 -0.3323 -0.2944 -0.0486 0.1994 0.0313 -0.2871 -0.3333 -0.3077 -0.1380 0.2353 0.0724 -0.2332 -0.3278 -0.3192 -0.2038 0.2030
-0.1786 -0.3192 -0.3278 -0.2464 0.0635 0.2287 -0.1212 -0.3042 -0.3331 -0.2928 0.0169 0.1853 -0.0110 -0.2904 -0.3309 -0.3090 -0.0578 0.1285 0.1781 -0.2326 -0.3243 -0.3228 -0.1759 0.0914 0.2427 -0.1741 -0.3144 -0.3310 -0.2625 0.0554 0.2223 -0.1081 -0.3021 -0.3332 -0.2956 0.0082 0.1754 0.0156 -0.2857 -0.3301 -0.3114 -0.0738 0.1222 0.1977 -0.2234 -0.3229 -0.3244 -0.1926 0.0863 0.2430 -0.0045 0.2430 0.0863 -0.1926 -0.3244 -0.3229 -0.2234 0.1977 0.1222 -0.0738 -0.3114 -0.3301 -0.2857 0.0156 0.1754 0.0082 -0.2956 -0.3332 -0.3021 -0.1081 0.2223 0.0554 -0.2625 -0.3310 -0.3144 -0.1741 0.2427 0.0914 -0.1759 -0.3228 -0.3243 -0.2326 0.1781 0.1285 -0.0578 -0.3090 -0.3309 -0.2904 -0.0110 0.1853 0.0169 -0.2928 -0.3331 -0.3042 -0.1212 0.2287 0.0635 -0.2464 -0.3278 -0.3192 -0.1786
-0.2674 -0.3278 -0.2464 0.0605 0.2239 -0.1070 -0.3014 -0.3329 -0.2970 0.0026 0.1685 0.0353 -0.2810 -0.3296 -0.3129 -0.0853 0.1182 0.2088 -0.2171 -0.3220 -0.3254 -0.2038 0.0826 0.2418 -0.1590 -0.3115 -0.3321 -0.2751 0.0451 0.2127 -0.0857 -0.2987 -0.3329 -0.2996 -0.0080 0.1584 0.0669 -0.2720 -0.3287 -0.3152 -0.1032 0.1125 0.2216 -0.2083 -0.3206 -0.3269 -0.2187 0.0773 0.2395 -0.1446 -0.2860 -0.1446 0.2395 0.0773 -0.2187 -0.3269 -0.3206 -0.2083 0.2216 0.1125 -0.1032 -0.3152 -0.3287 -0.2720 0.0669 0.1584 -0.0080 -0.2996 -0.3329 -0.2987 -0.0857 0.2127 0.0451 -0.2751 -0.3321 -0.3115 -0.1590 0.2418 0.0826 -0.2038 -0.3254 -0.3220 -0.2171 0.2088 0.1182 -0.0853 -0.3129 -0.3296 -0.2810 0.0353 0.1685 0.0026 -0.2970 -0.3329 -0.3014 -0.1070 0.2239 0.0605 -0.2464 -0.3278 -0.2674
-0.2876 -0.2332 0.0635 0.2239 -0.1012 -0.2997 -0.3326 -0.2999 -0.0123 0.1539 0.0858 -0.2650 -0.3280 -0.3166 -0.1160 0.1086 0.2285 -0.2022 -0.3196 -0.3277 -0.2281 0.0736 0.2372 -0.1430 -0.3084 -0.3328 -0.2845 0.0337 0.2026 -0.0583 -0.2952 -0.3322 -0.3037 -0.0272 0.1441 0.1200 -0.2541 -0.3269 -0.3187 -0.1349 0.1032 0.2357 -0.1935 -0.3180 -0.3289 -0.2404 0.0681 0.2332 -0.1335 -0.3080 -0.3378 -0.3080 -0.1335 0.2332 0.0681 -0.2404 -0.3289 -0.3180 -0.1935 0.2357 0.1032 -0.1349 -0.3187 -0.3269 -0.2541 0.1200 0.1441 -0.0272 -0.3037 -0.3322 -0.2952 -0.0583 0.2026 0.0337 -0.2845 -0.3328 -0.3084 -0.1430 0.2372 0.0736 -0.2281 -0.3277 -0.3196 -0.2022 0.2285 0.1086 -0.1160 -0.3166 -0.3280 -0.2650 0.0858 0.1539 -0.0123 -0.2999 -0.3326 -0.2997 -0.1012 0.2239 0.0635 -0.2332 -0.2876
-0.2237 0.0724 0.2287 -0.1070 -0.2997 -0.3324 -0.3016 -0.0246 0.1436 0.1291 -0.2496 -0.3262 -0.3198 -0.1473 0.0996 0.2391 -0.1875 -0.3169 -0.3296 -0.2480 0.0643 0.2301 -0.1257 -0.3052 -0.3332 -0.2913 0.0211 0.1900 -0.0237 -0.2916 -0.3313 -0.3078 -0.0499 0.1320 0.1660 -0.2375 -0.3249 -0.3218 -0.1664 0.0942 0.2420 -0.1788 -0.3153 -0.3305 -0.2579 0.0586 0.2251 -0.1145 -0.3033 -0.3431 -0.3488 -0.3431 -0.3033 -0.1145 0.2251 0.0586 -0.2579 -0.3305 -0.3153 -0.1788 0.2420 0.0942 -0.1664 -0.3218 -0.3249 -0.2375 0.1660 0.1320 -0.0499 -0.3078 -0.3313 -0.2916 -0.0237 0.1900 0.0211 -0.2913 -0.3332 -0.3052 -0.1257 0.2301 0.0643 -0.2480 -0.3296 -0.3169 -0.1875 0.2391 0.0996 -0.1473 -0.3198 -0.3262 -0.2496 0.1291 0.1436 -0.0246 -0.3016 -0.3324 -0.2997 -0.1070 0.2287 0.0724 -0.2237
0.0692 0.2353 -0.1212 -0.3014 -0.3326 -0.3016 -0.0295 0.1382 0.1563 -0.2378 -0.3245 -0.3223 -0.1755 0.0912 0.2428 -0.1729 -0.3141 -0.3311 -0.2639 0.0545 0.2214 -0.1061 -0.3018 -0.3332 -0.2961 0.0068 0.1736 0.0202 -0.2846 -0.3300 -0.3117 -0.0764 0.1213 0.2005 -0.2219 -0.3227 -0.3246 -0.1955 0.0854 0.2425 -0.1638 -0.3124 -0.3318 -0.2715 0.0484 0.2158 -0.0931 -0.2998 -0.3328 -0.3076 -0.1565 -0.3076 -0.3328 -0.2998 -0.0931 0.2158 0.0484 -0.2715 -0.3318 -0.3124 -0.1638 0.2425 0.0854 -0.1955 -0.3246 -0.3227 -0.2219 0.2005 0.1213 -0.0764 -0.3117 -0.3300 -0.2846 0.0202 0.1736 0.0068 -0.2961 -0.3332 -0.3018 -0.1061 0.2214 0.0545 -0.2639 -0.3311 -0.3141 -0.1729 0.2428 0.0912 -0.1755 -0.3223 -0.3245 -0.2378 0.1563 0.1382 -0.0295 -0.3016 -0.3326 -0.3014 -0.1212 0.2353 0.0692
0.2286 -0.1380 -0.3042 -0.3329 -0.2999 -0.0246 0.1382 0.1652 -0.2314 -0.3233 -0.3241 -0.1978 0.0837 0.2419 -0.1588 -0.3113 -0.3321 -0.2761 0.0440 0.2118 -0.0832 -0.2984 -0.3328 -0.3000 -0.0098 0.1569 0.0722 -0.2702 -0.3285 -0.3155 -0.1063 0.1115 0.2234 -0.2068 -0.3203 -0.3271 -0.2210 0.0764 0.2389 -0.1481 -0.3093 -0.3326 -0.2819 0.0373 0.2058 -0.0674 -0.2963 -0.3324 -0.3020 -0.0181 0.0816 -0.0181 -0.3020 -0.3324 -0.2963 -0.0674 0.2058 0.0373 -0.2819 -0.3326 -0.3093 -0.1481 0.2389 0.0764 -0.2210 -0.3271 -0.3203 -0.2068 0.2234 0.1115 -0.1063 -0.3155 -0.3285 -0.2702 0.0722 0.1569 -0.0098 -0.3000 -0.3328 -0.2984 -0.0832 0.2118 0.0440 -0.2761 -0.3321 -0.3113 -0.1588 0.2419 0.0837 -0.1978 -0.3241 -0.3233 -0.2314 0.1652 0.1382 -0.0246 -0.2999 -0.3329 -0.3042 -0.1380 0.2286
-0.1350 -0.3077 -0.3331 -0.2970 -0.0123 0.1436 0.1563 -0.2314 -0.3228 -0.3250 -0.2119 0.0778 0.2388 -0.1458 -0.3086 -0.3327 -0.2849 0.0328 0.2017 -0.0555 -0.2949 -0.3321 -0.3041 -0.0293 0.1428 0.1250 -0.2525 -0.3267 -0.3190 -0.1380 0.1023 0.2366 -0.1920 -0.3177 -0.3291 -0.2423 0.0672 0.2325 -0.1312 -0.3062 -0.3331 -0.2895 0.0252 0.1949 -0.0353 -0.2927 -0.3316 -0.3064 -0.0411 0.1272 0.2235 0.1272 -0.0411 -0.3064 -0.3316 -0.2927 -0.0353 0.1949 0.0252 -0.2895 -0.3331 -0.3062 -0.1312 0.2325 0.0672 -0.2423 -0.3291 -0.3177 -0.1920 0.2366 0.1023 -0.1380 -0.3190 -0.3267 -0.2525 0.1250 0.1428 -0.0293 -0.3041 -0.3321 -0.2949 -0.0555 0.2017 0.0328 -0.2849 -0.3327 -0.3086 -0.1458 0.2388 0.0778 -0.2119 -0.3250 -0.3228 -0.2314 0.1563 0.1436 -0.0123 -0.2970 -0.3331 -0.3077 -0.1350
-0.2545 -0.3333 -0.2928 0.0026 0.1539 0.1291 -0.2378 -0.3233 -0.3250 -0.2166 0.0744 0.2358 -0.1351 -0.3063 -0.3330 -0.2908 0.0214 0.1900 -0.0215 -0.2913 -0.3312 -0.3082 -0.0523 0.1309 0.1699 -0.2360 -0.3247 -0.3221 -0.1694 0.0933 0.2423 -0.1773 -0.3150 -0.3307 -0.2594 0.0576 0.2242 -0.1125 -0.3029 -0.3332 -0.2947 0.0114 0.1794 0.0056 -0.2883 -0.3304 -0.3105 -0.0677 0.1242 0.2039 -0.1319 0.2039 0.1242 -0.0677 -0.3105 -0.3304 -0.2883 0.0056 0.1794 0.0114 -0.2947 -0.3332 -0.3029 -0.1125 0.2242 0.0576 -0.2594 -0.3307 -0.3150 -0.1773 0.2423 0.0933 -0.1694 -0.3221 -0.3247 -0.2360 0.1699 0.1309 -0.0523 -0.3082 -0.3312 -0.2913 -0.0215 0.1900 0.0214 -0.2908 -0.3330 -0.3063 -0.1351 0.2358 0.0744 -0.2166 -0.3250 -0.3233 -0.2378 0.1291 0.1539 0.0026 -0.2928 -0.3333 -0.2545
-0.2886 -0.2871 0.0169 0.1685 0.0858 -0.2496 -0.3245 -0.3241 -0.2119 0.0744 0.2345 -0.1289 -0.3046 -0.3330 -0.2944 0.0103 0.1761 0.0179 -0.2849 -0.3299 -0.3120 -0.0790 0.1203 0.2032 -0.2204 -0.3225 -0.3249 -0.1982 0.0845 0.2423 -0.1623 -0.3121 -0.3319 -0.2727 0.0473 0.2148 -0.0908 -0.2995 -0.3330 -0.2988 -0.0044 0.1618 0.0556 -0.2760 -0.3290 -0.3144 -0.0967 0.1145 0.2167 -0.2079 -0.3029 -0.2079 0.2167 0.1145 -0.0967 -0.3144 -0.3290 -0.2760 0.0556 0.1618 -0.0044 -0.2988 -0.3330 -0.2995 -0.0908 0.2148 0.0473 -0.2727 -0.3319 -0.3121 -0.1623 0.2423 0.0845 -0.1982 -0.3249 -0.3225 -0.2204 0.2032 0.1203 -0.0790 -0.3120 -0.3299 -0.2849 0.0179 0.1761 0.0103 -0.2944 -0.3330 -0.3046 -0.1289 0.2345 0.0744 -0.2119 -0.3241 -0.3245 -0.2496 0.0858 0.1685 0.0169 -0.2871 -0.2886
-0.2641 0.0313 0.1853 0.0353 -0.2650 -0.3262 -0.3223 -0.1978 0.0778 0.2358 -0.1289 -0.3040 -0.3330 -0.2963 0.0009 0.1639 0.0576 -0.2730 -0.3286 -0.3154 -0.1077 0.1109 0.2249 -0.2054 -0.3201 -0.3273 -0.2233 0.0755 0.2384 -0.1465 -0.3090 -0.3327 -0.2828 0.0362 0.2048 -0.0646 -0.2960 -0.3324 -0.3028 -0.0229 0.1469 0.1091 -0.2578 -0.3273 -0.3179 -0.1281 0.1051 0.2334 -0.1970 -0.3219 -0.3478 -0.3219 -0.1970 0.2334 0.1051 -0.1281 -0.3179 -0.3273 -0.2578 0.1091 0.1469 -0.0229 -0.3028 -0.3324 -0.2960 -0.0646 0.2048 0.0362 -0.2828 -0.3327 -0.3090 -0.1465 0.2384 0.0755 -0.2233 -0.3273 -0.3201 -0.2054 0.2249 0.1109 -0.1077 -0.3154 -0.3286 -0.2730 0.0576 0.1639 0.0009 -0.2963 -0.3330 -0.3040 -0.1289 0.2358 0.0778 -0.1978 -0.3223 -0.3262 -0.2650 0.0353 0.1853 0.0313 -0.2641
0.0246 0.1994 -0.0110 -0.2810 -0.3280 -0.3198 -0.1755 0.0837 0.2388 -0.1351 -0.3046 -0.3330 -0.2969 -0.0045 0.1564 0.0891 -0.2606 -0.3272 -0.3182 -0.1353 0.1025 0.2369 -0.1912 -0.3175 -0.3292 -0.2441 0.0663 0.2318 -0.1295 -0.3058 -0.3331 -0.2901 0.0239 0.1933 -0.0317 -0.2924 -0.3315 -0.3069 -0.0448 0.1344 0.1572 -0.2410 -0.3254 -0.3212 -0.1598 0.0961 0.2412 -0.1819 -0.3159 -0.3432 -0.3334 -0.3432 -0.3159 -0.1819 0.2412 0.0961 -0.1598 -0.3212 -0.3254 -0.2410 0.1572 0.1344 -0.0448 -0.3069 -0.3315 -0.2924 -0.0317 0.1933 0.0239 -0.2901 -0.3331 -0.3058 -0.1295 0.2318 0.0663 -0.2441 -0.3292 -0.3175 -0.1912 0.2369 0.1025 -0.1353 -0.3182 -0.3272 -0.2606 0.0891 0.1564 -0.0045 -0.2969 -0.3330 -0.3046 -0.1351 0.2388 0.0837 -0.1755 -0.3198 -0.3280 -0.2810 -0.0110 0.1994 0.0246
0.2006 -0.0486 -0.2904 -0.3296 -0.3166 -0.1473 0.0912 0.2419 -0.1458 -0.3063 -0.3330 -0.2963 -0.0045 0.1540 0.1057 -0.2527 -0.3261 -0.3203 -0.1590 0.0952 0.2420 -0.1779 -0.3150 -0.3307 -0.2606 0.0567 0.2234 -0.1105 -0.3025 -0.3332 -0.2952 0.0100 0.1775 0.0101 -0.2871 -0.3303 -0.3109 -0.0705 0.1234 0.1942 -0.2251 -0.3232 -0.3241 -0.1896 0.0872 0.2428 -0.1670 -0.3130 -0.3313 -0.2668 -0.0336 -0.2668 -0.3313 -0.3130 -0.1670 0.2428 0.0872 -0.1896 -0.3241 -0.3232 -0.2251 0.1942 0.1234 -0.0705 -0.3109 -0.3303 -0.2871 0.0101 0.1775 0.0100 -0.2952 -0.3332 -0.3025 -0.1105 0.2234 0.0567 -0.2606 -0.3307 -0.3150 -0.1779 0.2420 0.0952 -0.1590 -0.3203 -0.3261 -0.2527 0.1057 0.1540 -0.0045 -0.2963 -0.3330 -0.3063 -0.1458 0.2419 0.0912 -0.1473 -0.3166 -0.3296 -0.2904 -0.0486 0.2006
-0.0685 -0.2944 -0.3309 -0.3129 -0.1160 0.0996 0.2428 -0.1588 -0.3086 -0.3330 -0.2944 0.0009 0.1564 0.1057 -0.2501 -0.3255 -0.3216 -0.1761 0.0893 0.2428 -0.1659 -0.3125 -0.3318 -0.2727 0.0469 0.2141 -0.0888 -0.2992 -0.3329 -0.2992 -0.0061 0.1602 0.0609 -0.2741 -0.3288 -0.3147 -0.0997 0.1135 0.2195 -0.2099 -0.3209 -0.3266 -0.2160 0.0783 0.2399 -0.1515 -0.3100 -0.3324 -0.2793 0.0401 0.1180 0.0401 -0.2793 -0.3324 -0.3100 -0.1515 0.2399 0.0783 -0.2160 -0.3266 -0.3209 -0.2099 0.2195 0.1135 -0.0997 -0.3147 -0.3288 -0.2741 0.0609 0.1602 -0.0061 -0.2992 -0.3329 -0.2992 -0.0888 0.2141 0.0469 -0.2727 -0.3318 -0.3125 -0.1659 0.2428 0.0893 -0.1761 -0.3216 -0.3255 -0.2501 0.1057 0.1564 0.0009 -0.2944 -0.3330 -0.3086 -0.1588 0.2428 0.0996 -0.1160 -0.3129 -0.3309 -0.2944 -0.0685
-0.2396 -0.3323 -0.3090 -0.0853 0.1086 0.2391 -0.1729 -0.3113 -0.3327 -0.2908 0.0103 0.1639 0.0891 -0.2527 -0.3255 -0.3220 -0.1848 0.0855 0.2419 -0.1559 -0.3102 -0.3324 -0.2814 0.0370 0.2049 -0.0638 -0.2958 -0.3323 -0.3032 -0.0249 0.1456 0.1142 -0.2561 -0.3271 -0.3183 -0.1313 0.1042 0.2346 -0.1952 -0.3183 -0.3287 -0.2381 0.0692 0.2340 -0.1349 -0.3068 -0.3330 -0.2881 0.0284 0.1780 0.2222 0.1780 0.0284 -0.2881 -0.3330 -0.3068 -0.1349 0.2340 0.0692 -0.2381 -0.3287 -0.3183 -0.1952 0.2346 0.1042 -0.1313 -0.3183 -0.3271 -0.2561 0.1142 0.1456 -0.0249 -0.3032 -0.3323 -0.2958 -0.0638 0.2049 0.0370 -0.2814 -0.3324 -0.3102 -0.1559 0.2419 0.0855 -0.1848 -0.3220 -0.3255 -0.2527 0.0891 0.1639 0.0103 -0.2908 -0.3327 -0.3113 -0.1729 0.2391 0.1086 -0.0853 -0.3090 -0.3323 -0.2396
-0.2847 -0.3053 -0.0578 0.1182 0.2285 -0.1875 -0.3141 -0.3321 -0.2849 0.0214 0.1761 0.0576 -0.2606 -0.3261 -0.3216 -0.1848 0.0842 0.2409 -0.1493 -0.3086 -0.3327 -0.2872 0.0276 0.1962 -0.0350 -0.2925 -0.3314 -0.3071 -0.0466 0.1333 0.1613 -0.2394 -0.3252 -0.3215 -0.1629 0.0952 0.2416 -0.1804 -0.3156 -0.3304 -0.2561 0.0597 0.2261 -0.1166 -0.3036 -0.3332 -0.2938 0.0145 0.1819 0.0138 -0.2201 0.0138 0.1819 0.0145 -0.2938 -0.3332 -0.3036 -0.1166 0.2261 0.0597 -0.2561 -0.3304 -0.3156 -0.1804 0.2416 0.0952 -0.1629 -0.3215 -0.3252 -0.2394 0.1613 0.1333 -0.0466 -0.3071 -0.3314 -0.2925 -0.0350 0.1962 0.0276 -0.2872 -0.3327 -0.3086 -0.1493 0.2409 0.0842 -0.1848 -0.3216 -0.3261 -0.2606 0.0576 0.1761 0.0214 -0.2849 -0.3321 -0.3141 -0.1875 0.2285 0.1182 -0.0578 -0.3053 -0.2847
-0.2742 -0.0324 0.1285 0.2088 -0.2022 -0.3169 -0.3311 -0.2761 0.0328 0.1900 0.0179 -0.2730 -0.3272 -0.3203 -0.1761 0.0855 0.2409 -0.1470 -0.3077 -0.3329 -0.2907 0.0193 0.1862 -0.0040 -0.2894 -0.3304 -0.3107 -0.0707 0.1229 0.1966 -0.2237 -0.3230 -0.3244 -0.1924 0.0864 0.2427 -0.1655 -0.3127 -0.3317 -0.2702 0.0496 0.2169 -0.0957 -0.3002 -0.3330 -0.2980 -0.0008 0.1654 0.0427 -0.2767 -0.3187 -0.2767 0.0427 0.1654 -0.0008 -0.2980 -0.3330 -0.3002 -0.0957 0.2169 0.0496 -0.2702 -0.3317 -0.3127 -0.1655 0.2427 0.0864 -0.1924 -0.3244 -0.3230 -0.2237 0.1966 0.1229 -0.0707 -0.3107 -0.3304 -0.2894 -0.0040 0.1862 0.0193 -0.2907 -0.3329 -0.3077 -0.1470 0.2409 0.0855 -0.1761 -0.3203 -0.3272 -0.2730 0.0179 0.1900 0.0328 -0.2761 -0.3311 -0.3169 -0.2022 0.2088 0.1285 -0.0324 -0.2742
-0.0424 0.1410 0.1781 -0.2171 -0.3196 -0.3296 -0.2639 0.0440 0.2017 -0.0215 -0.2849 -0.3286 -0.3182 -0.1590 0.0893 0.2419 -0.1493 -0.3077 -0.3329 -0.2922 0.0137 0.1767 0.0247 -0.2827 -0.3293 -0.3138 -0.0958 0.1140 0.2195 -0.2093 -0.3207 -0.3268 -0.2182 0.0774 0.2395 -0.1499 -0.3097 -0.3326 -0.2809 0.0386 0.2069 -0.0706 -0.2967 -0.3325 -0.3020 -0.0187 0.1499 0.0978 -0.2619 -0.3334 -0.3531 -0.3334 -0.2619 0.0978 0.1499 -0.0187 -0.3020 -0.3325 -0.2967 -0.0706 0.2069 0.0386 -0.2809 -0.3326 -0.3097 -0.1499 0.2395 0.0774 -0.2182 -0.3268 -0.3207 -0.2093 0.2195 0.1140 -0.0958 -0.3138 -0.3293 -0.2827 0.0247 0.1767 0.0137 -0.2922 -0.3329 -0.3077 -0.1493 0.2419 0.0893 -0.1590 -0.3182 -0.3286 -0.2849 -0.0215 0.2017 0.0440 -0.2639 -0.3296 -0.3196 -0.2171 0.1781 0.1410 -0.0424
0.1478 0.1351 -0.2326 -0.3220 -0.3277 -0.2480 0.0545 0.2118 -0.0555 -0.2913 -0.3299 -0.3154 -0.1353 0.0952 0.2428 -0.1559 -0.3086 -0.3329 -0.2922 0.0117 0.1718 0.0448 -0.2739 -0.3283 -0.3162 -0.1196 0.1064 0.2329 -0.1962 -0.3183 -0.3287 -0.2394 0.0684 0.2334 -0.1332 -0.3065 -0.3331 -0.2887 0.0266 0.1966 -0.0394 -0.2931 -0.3317 -0.3060 -0.0398 0.1369 0.1478 -0.2444 -0.3258 -0.3355 -0.2993 -0.3355 -0.3258 -0.2444 0.1478 0.1369 -0.0398 -0.3060 -0.3317 -0.2931 -0.0394 0.1966 0.0266 -0.2887 -0.3331 -0.3065 -0.1332 0.2334 0.0684 -0.2394 -0.3287 -0.3183 -0.1962 0.2329 0.1064 -0.1196 -0.3162 -0.3283 -0.2739 0.0448 0.1718 0.0117 -0.2922 -0.3329 -0.3086 -0.1559 0.2428 0.0952 -0.1353 -0.3154 -0.3299 -0.2913 -0.0555 0.2118 0.0545 -0.2480 -0.3277 -0.3220 -0.2326 0.1351 0.1478
0.0774 -0.2488 -0.3243 -0.3254 -0.2281 0.0643 0.2214 -0.0832 -0.2949 -0.3312 -0.3120 -0.1077 0.1025 0.2420 -0.1659 -0.3102 -0.3327 -0.2907 0.0137 0.1718 0.0519 -0.2690 -0.3277 -0.3179 -0.1388 0.1002 0.2397 -0.1842 -0.3160 -0.3302 -0.2559 0.0594 0.2256 -0.1151 -0.3033 -0.3332 -0.2942 0.0131 0.1815 0.0005 -0.2895 -0.3306 -0.3101 -0.0647 0.1257 0.1874 -0.2284 -0.3236 -0.3231 -0.1773 0.0298 -0.1773 -0.3231 -0.3236 -0.2284 0.1874 0.1257 -0.0647 -0.3101 -0.3306 -0.2895 0.0005 0.1815 0.0131 -0.2942 -0.3332 -0.3033 -0.1151 0.2256 0.0594 -0.2559 -0.3302 -0.3160 -0.1842 0.2397 0.1002 -0.1388 -0.3179 -0.3277 -0.2690 0.0519 0.1718 0.0137 -0.2907 -0.3327 -0.3102 -0.1659 0.2420 0.1025 -0.1077 -0.3120 -0.3312 -0.2949 -0.0832 0.2214 0.0643 -0.2281 -0.3254 -0.3243 -0.2488 0.0774
-0.2128 -0.3266 -0.3228 -0.2038 0.0736 0.2301 -0.1061 -0.2984 -0.3321 -0.3082 -0.0790 0.1109 0.2369 -0.1779 -0.3125 -0.3324 -0.2872 0.0193 0.1767 0.0448 -0.2690 -0.3274 -0.3188 -0.1510 0.0957 0.2423 -0.1742 -0.3139 -0.3313 -0.2681 0.0505 0.2171 -0.0953 -0.3000 -0.3330 -0.2983 -0.0025 0.1636 0.0496 -0.2780 -0.3292 -0.3140 -0.0933 0.1156 0.2151 -0.2131 -0.3214 -0.3259 -0.2091 0.0784 0.1632 0.0784 -0.2091 -0.3259 -0.3214 -0.2131 0.2151 0.1156 -0.0933 -0.3140 -0.3292 -0.2780 0.0496 0.1636 -0.0025 -0.2983 -0.3330 -0.3000 -0.0953 0.2171 0.0505 -0.2681 -0.3313 -0.3139 -0.1742 0.2423 0.0957 -0.1510 -0.3188 -0.3274 -0.2690 0.0448 0.1767 0.0193 -0.2872 -0.3324 -0.3125 -0.1779 0.2369 0.1109 -0.0790 -0.3082 -0.3321 -0.2984 -0.1061 0.2301 0.0736 -0.2038 -0.3228 -0.3266 -0.2128
-0.2767 -0.3201 -0.1759 0.0826 0.2372 -0.1257 -0.3018 -0.3328 -0.3041 -0.0523 0.1203 0.2249 -0.1912 -0.3150 -0.3318 -0.2814 0.0276 0.1862 0.0247 -0.2739 -0.3277 -0.3188 -0.1552 0.0935 0.2428 -0.1670 -0.3122 -0.3319 -0.2767 0.0419 0.2088 -0.0735 -0.2969 -0.3325 -0.3021 -0.0203 0.1486 0.1032 -0.2598 -0.3275 -0.3176 -0.1245 0.1061 0.2321 -0.1983 -0.3189 -0.3283 -0.2338 0.0714 0.2256 0.0825 0.2256 0.0714 -0.2338 -0.3283 -0.3189 -0.1983 0.2321 0.1061 -0.1245 -0.3176 -0.3275 -0.2598 0.1032 0.1486 -0.0203 -0.3021 -0.3325 -0.2969 -0.0735 0.2088 0.0419 -0.2767 -0.3319 -0.3122 -0.1670 0.2428 0.0935 -0.1552 -0.3188 -0.3277 -0.2739 0.0247 0.1862 0.0276 -0.2814 -0.3318 -0.3150 -0.1912 0.2249 0.1203 -0.0523 -0.3041 -0.3328 -0.3018 -0.1257 0.2372 0.0826 -0.1759 -0.3201 -0.2767
-0.2830 -0.1434 0.0914 0.2418 -0.1430 -0.3052 -0.3332 -0.3000 -0.0293 0.1309 0.2032 -0.2054 -0.3175 -0.3307 -0.2727 0.0370 0.1962 -0.0040 -0.2827 -0.3283 -0.3179 -0.1510 0.0935 0.2429 -0.1632 -0.3111 -0.3323 -0.2821 0.0343 0.2013 -0.0500 -0.2939 -0.3318 -0.3058 -0.0401 0.1363 0.1513 -0.2429 -0.3256 -0.3209 -0.1563 0.0971 0.2407 -0.1836 -0.3162 -0.3301 -0.2526 0.0617 0.2281 -0.1141 -0.2670 -0.1141 0.2281 0.0617 -0.2526 -0.3301 -0.3162 -0.1836 0.2407 0.0971 -0.1563 -0.3209 -0.3256 -0.2429 0.1513 0.1363 -0.0401 -0.3058 -0.3318 -0.2939 -0.0500 0.2013 0.0343 -0.2821 -0.3323 -0.3111 -0.1632 0.2429 0.0935 -0.1510 -0.3179 -0.3283 -0.2827 -0.0040 0.1962 0.0370 -0.2727 -0.3307 -0.3175 -0.2054 0.2032 0.1309 -0.0293 -0.3000 -0.3332 -0.3052 -0.1430 0.2418 0.0914 -0.1434 -0.2830
-0.1475 0.1018 0.2427 -0.1590 -0.3084 -0.3332 -0.2961 -0.0098 0.1428 0.1699 -0.2204 -0.3201 -0.3292 -0.2606 0.0469 0.2049 -0.0350 -0.2894 -0.3293 -0.3162 -0.1388 0.0957 0.2428 -0.1632 -0.3107 -0.3325 -0.2851 0.0288 0.1955 -0.0270 -0.2912 -0.3309 -0.3091 -0.0615 0.1261 0.1877 -0.2276 -0.3235 -0.3237 -0.1865 0.0882 0.2429 -0.1687 -0.3133 -0.3314 -0.2675 0.0517 0.2189 -0.1011 -0.3018 -0.3328 -0.3018 -0.1011 0.2189 0.0517 -0.2675 -0.3314 -0.3133 -0.1687 0.2429 0.0882 -0.1865 -0.3237 -0.3235 -0.2276 0.1877 0.1261 -0.0615 -0.3091 -0.3309 -0.2912 -0.0270 0.1955 0.0288 -0.2851 -0.3325 -0.3107 -0.1632 0.2428 0.0957 -0.1388 -0.3162 -0.3293 -0.2894 -0.0350 0.2049 0.0469 -0.2606 -0.3292 -0.3201 -0.2204 0.1699 0.1428 -0.0098 -0.2961 -0.3332 -0.3084 -0.1590 0.2427 0.1018 -0.1475
0.1026 0.2383 -0.1741 -0.3115 -0.3328 -0.2913 0.0068 0.1569 0.1250 -0.2360 -0.3225 -0.3273 -0.2441 0.0567 0.2141 -0.0638 -0.2925 -0.3304 -0.3138 -0.1196 0.1002 0.2423 -0.1670 -0.3111 -0.3325 -0.2861 0.0257 0.1917 -0.0084 -0.2892 -0.3301 -0.3119 -0.0831 0.1177 0.2121 -0.2139 -0.3213 -0.3261 -0.2126 0.0794 0.2405 -0.1533 -0.3103 -0.3324 -0.2789 0.0410 0.2091 -0.0764 -0.2976 -0.3412 -0.3518 -0.3412 -0.2976 -0.0764 0.2091 0.0410 -0.2789 -0.3324 -0.3103 -0.1533 0.2405 0.0794 -0.2126 -0.3261 -0.3213 -0.2139 0.2121 0.1177 -0.0831 -0.3119 -0.3301 -0.2892 -0.0084 0.1917 0.0257 -0.2861 -0.3325 -0.3111 -0.1670 0.2423 0.1002 -0.1196 -0.3138 -0.3304 -0.2925 -0.0638 0.2141 0.0567 -0.2441 -0.3273 -0.3225 -0.2360 0.1250 0.1569 0.0068 -0.2913 -0.3328 -0.3115 -0.1741 0.2383 0.1026
0.2127 -0.1889 -0.3144 -0.3321 -0.2845 0.0211 0.1736 0.0722 -0.2525 -0.3247 -0.3249 -0.2233 0.0663 0.2234 -0.0888 -0.2958 -0.3314 -0.3107 -0.0958 0.1064 0.2397 -0.1742 -0.3122 -0.3323 -0.2851 0.0257 0.1903 0.0018 -0.2878 -0.3294 -0.3139 -0.1020 0.1110 0.2269 -0.2019 -0.3192 -0.3281 -0.2336 0.0709 0.2351 -0.1372 -0.3072 -0.3330 -0.2873 0.0292 0.1988 -0.0466 -0.2939 -0.3318 -0.3179 -0.2112 -0.3179 -0.3318 -0.2939 -0.0466 0.1988 0.0292 -0.2873 -0.3330 -0.3072 -0.1372 0.2351 0.0709 -0.2336 -0.3281 -0.3192 -0.2019 0.2269 0.1110 -0.1020 -0.3139 -0.3294 -0.2878 0.0018 0.1903 0.0257 -0.2851 -0.3323 -0.3122 -0.1742 0.2397 0.1064 -0.0958 -0.3107 -0.3314 -0.2958 -0.0888 0.2234 0.0663 -0.2233 -0.3249 -0.3247 -0.2525 0.0722 0.1736 0.0211 -0.2845 -0.3321 -0.3144 -0.1889 0.2127
-0.1729 -0.3175 -0.3310 -0.2751 0.0337 0.1900 0.0202 -0.2702 -0.3267 -0.3221 -0.1982 0.0755 0.2318 -0.1105 -0.2992 -0.3323 -0.3071 -0.0707 0.1140 0.2329 -0.1842 -0.3139 -0.3319 -0.2821 0.0288 0.1917 0.0018 -0.2872 -0.3291 -0.3151 -0.1157 0.1060 0.2350 -0.1917 -0.3172 -0.3296 -0.2500 0.0625 0.2281 -0.1204 -0.3041 -0.3332 -0.2932 0.0161 0.1845 -0.0087 -0.2903 -0.3308 -0.3088 -0.0547 0.0678 -0.0547 -0.3088 -0.3308 -0.2903 -0.0087 0.1845 0.0161 -0.2932 -0.3332 -0.3041 -0.1204 0.2281 0.0625 -0.2500 -0.3296 -0.3172 -0.1917 0.2350 0.1060 -0.1157 -0.3151 -0.3291 -0.2872 0.0018 0.1917 0.0288 -0.2821 -0.3319 -0.3139 -0.1842 0.2329 0.1140 -0.0707 -0.3071 -0.3323 -0.2992 -0.1105 0.2318 0.0755 -0.1982 -0.3221 -0.3267 -0.2702 0.0202 0.1900 0.0337 -0.2751 -0.3310 -0.3175 -0.1729
-0.2657 -0.3298 -0.2625 0.0451 0.2026 -0.0237 -0.2846 -0.3285 -0.3190 -0.1694 0.0845 0.2384 -0.1295 -0.3025 -0.3329 -0.3032 -0.0466 0.1229 0.2195 -0.1962 -0.3160 -0.3313 -0.2767 0.0343 0.1955 -0.0084 -0.2878 -0.3291 -0.3155 -0.1230 0.1030 0.2388 -0.1839 -0.3155 -0.3306 -0.2620 0.0545 0.2205 -0.1025 -0.3011 -0.3331 -0.2973 0.0013 0.1672 0.0386 -0.2804 -0.3295 -0.3130 -0.0852 0.1122 0.2098 0.1122 -0.0852 -0.3130 -0.3295 -0.2804 0.0386 0.1672 0.0013 -0.2973 -0.3331 -0.3011 -0.1025 0.2205 0.0545 -0.2620 -0.3306 -0.3155 -0.1839 0.2388 0.1030 -0.1230 -0.3155 -0.3291 -0.2878 -0.0084 0.1955 0.0343 -0.2767 -0.3313 -0.3160 -0.1962 0.2195 0.1229 -0.0466 -0.3032 -0.3329 -0.3025 -0.1295 0.2384 0.0845 -0.1694 -0.3190 -0.3285 -0.2846 -0.0237 0.2026 0.0451 -0.2625 -0.3298 -0.2657
-0.2882 -0.2459 0.0554 0.2127 -0.0583 -0.2916 -0.3300 -0.3155 -0.1380 0.0933 0.2423 -0.1465 -0.3058 -0.3332 -0.2992 -0.0249 0.1333 0.1966 -0.2093 -0.3183 -0.3302 -0.2681 0.0419 0.2013 -0.0270 -0.2892 -0.3294 -0.3151 -0.1230 0.1020 0.2402 -0.1791 -0.3143 -0.3312 -0.2701 0.0474 0.2133 -0.0837 -0.2981 -0.3327 -0.3009 -0.0149 0.1521 0.0909 -0.2636 -0.3279 -0.3168 -0.1177 0.1080 0.2354 -0.0904 0.2354 0.1080 -0.1177 -0.3168 -0.3279 -0.2636 0.0909 0.1521 -0.0149 -0.3009 -0.3327 -0.2981 -0.0837 0.2133 0.0474 -0.2701 -0.3312 -0.3143 -0.1791 0.2402 0.1020 -0.1230 -0.3151 -0.3294 -0.2892 -0.0270 0.2013 0.0419 -0.2681 -0.3302 -0.3183 -0.2093 0.1966 0.1333 -0.0249 -0.2992 -0.3332 -0.3058 -0.1465 0.2423 0.0933 -0.1380 -0.3155 -0.3300 -0.2916 -0.0583 0.2127 0.0554 -0.2459 -0.2882
-0.2330 0.0665 0.2223 -0.0857 -0.2952 -0.3313 -0.3117 -0.1063 0.1023 0.2423 -0.1623 -0.3090 -0.3331 -0.2952 -0.0061 0.1456 0.1613 -0.2237 -0.3207 -0.3287 -0.2559 0.0505 0.2088 -0.0500 -0.2912 -0.3301 -0.3139 -0.1157 0.1030 0.2402 -0.1775 -0.3137 -0.3316 -0.2751 0.0418 0.2072 -0.0655 -0.2955 -0.3321 -0.3043 -0.0325 0.1400 0.1384 -0.2471 -0.3261 -0.3202 -0.1497 0.0990 0.2392 -0.1827 -0.2962 -0.1827 0.2392 0.0990 -0.1497 -0.3202 -0.3261 -0.2471 0.1384 0.1400 -0.0325 -0.3043 -0.3321 -0.2955 -0.0655 0.2072 0.0418 -0.2751 -0.3316 -0.3137 -0.1775 0.2402 0.1030 -0.1157 -0.3139 -0.3301 -0.2912 -0.0500 0.2088 0.0505 -0.2559 -0.3287 -0.3207 -0.2237 0.1613 0.1456 -0.0061 -0.2952 -0.3331 -0.3090 -0.1623 0.2423 0.1023 -0.1063 -0.3117 -0.3313 -0.2952 -0.0857 0.2223 0.0665 -0.2330
0.0630 0.2309 -0.1081 -0.2987 -0.3322 -0.3078 -0.0764 0.1115 0.2366 -0.1773 -0.3121 -0.3327 -0.2901 0.0100 0.1602 0.1142 -0.2394 -0.3230 -0.3268 -0.2394 0.0594 0.2171 -0.0735 -0.2939 -0.3309 -0.3119 -0.1020 0.1060 0.2388 -0.1791 -0.3137 -0.3317 -0.2773 0.0382 0.2029 -0.0499 -0.2933 -0.3315 -0.3073 -0.0511 0.1302 0.1757 -0.2325 -0.3241 -0.3231 -0.1797 0.0902 0.2428 -0.1723 -0.3165 -0.3442 -0.3165 -0.1723 0.2428 0.0902 -0.1797 -0.3231 -0.3241 -0.2325 0.1757 0.1302 -0.0511 -0.3073 -0.3315 -0.2933 -0.0499 0.2029 0.0382 -0.2773 -0.3317 -0.3137 -0.1791 0.2388 0.1060 -0.1020 -0.3119 -0.3309 -0.2939 -0.0735 0.2171 0.0594 -0.2394 -0.3268 -0.3230 -0.2394 0.1142 0.1602 0.0100 -0.2901 -0.3327 -0.3121 -0.1773 0.2366 0.1115 -0.0764 -0.3078 -0.3322 -0.2987 -0.1081 0.2309 0.0630
0.2262 -0.1275 -0.3021 -0.3329 -0.3037 -0.0499 0.1213 0.2234 -0.1920 -0.3150 -0.3319 -0.2828 0.0239 0.1775 0.0609 -0.2561 -0.3252 -0.3244 -0.2182 0.0684 0.2256 -0.0953 -0.2969 -0.3318 -0.3091 -0.0831 0.1110 0.2350 -0.1839 -0.3143 -0.3316 -0.2773 0.0369 0.2007 -0.0390 -0.2918 -0.3309 -0.3096 -0.0684 0.1223 0.2016 -0.2196 -0.3222 -0.3254 -0.2056 0.0816 0.2413 -0.1567 -0.3111 -0.3440 -0.3412 -0.3440 -0.3111 -0.1567 0.2413 0.0816 -0.2056 -0.3254 -0.3222 -0.2196 0.2016 0.1223 -0.0684 -0.3096 -0.3309 -0.2918 -0.0390 0.2007 0.0369 -0.2773 -0.3316 -0.3143 -0.1839 0.2350 0.1110 -0.0831 -0.3091 -0.3318 -0.2969 -0.0953 0.2256 0.0684 -0.2182 -0.3244 -0.3252 -0.2561 0.0609 0.1775 0.0239 -0.2828 -0.3319 -0.3150 -0.1920 0.2234 0.1213 -0.0499 -0.3037 -0.3329 -0.3021 -0.1275 0.2262
-0.1272 -0.3058 -0.3332 -0.2996 -0.0272 0.1320 0.2005 -0.2068 -0.3177 -0.3307 -0.2727 0.0362 0.1933 0.0101 -0.2741 -0.3271 -0.3215 -0.1924 0.0774 0.2334 -0.1151 -0.3000 -0.3325 -0.3058 -0.0615 0.1177 0.2269 -0.1917 -0.3155 -0.3312 -0.2751 0.0382 0.2007 -0.0352 -0.2910 -0.3305 -0.3112 -0.0826 0.1165 0.2176 -0.2086 -0.3203 -0.3274 -0.2266 0.0735 0.2368 -0.1413 -0.3079 -0.3326 -0.2877 -0.0759 -0.2877 -0.3326 -0.3079 -0.1413 0.2368 0.0735 -0.2266 -0.3274 -0.3203 -0.2086 0.2176 0.1165 -0.0826 -0.3112 -0.3305 -0.2910 -0.0352 0.2007 0.0382 -0.2751 -0.3312 -0.3155 -0.1917 0.2269 0.1177 -0.0615 -0.3058 -0.3325 -0.3000 -0.1151 0.2334 0.0774 -0.1924 -0.3215 -0.3271 -0.2741 0.0101 0.1933 0.0362 -0.2727 -0.3307 -0.3177 -0.2068 0.2005 0.1320 -0.0272 -0.2996 -0.3332 -0.3058 -0.1272
-0.2523 -0.3335 -0.2956 -0.0080 0.1441 0.1660 -0.2219 -0.3203 -0.3291 -0.2594 0.0473 0.2048 -0.0317 -0.2871 -0.3288 -0.3183 -0.1629 0.0864 0.2395 -0.1332 -0.3033 -0.3330 -0.3021 -0.0401 0.1261 0.2121 -0.2019 -0.3172 -0.3306 -0.2701 0.0418 0.2029 -0.0390 -0.2910 -0.3304 -0.3120 -0.0920 0.1126 0.2267 -0.2000 -0.3186 -0.3287 -0.2427 0.0658 0.2307 -0.1256 -0.3050 -0.3330 -0.2916 0.0205 0.1029 0.0205 -0.2916 -0.3330 -0.3050 -0.1256 0.2307 0.0658 -0.2427 -0.3287 -0.3186 -0.2000 0.2267 0.1126 -0.0920 -0.3120 -0.3304 -0.2910 -0.0390 0.2029 0.0418 -0.2701 -0.3306 -0.3172 -0.2019 0.2121 0.1261 -0.0401 -0.3021 -0.3330 -0.3033 -0.1332 0.2395 0.0864 -0.1629 -0.3183 -0.3288 -0.2871 -0.0317 0.2048 0.0473 -0.2594 -0.3291 -0.3203 -0.2219 0.1660 0.1441 -0.0080 -0.2956 -0.3335 -0.2523
-0.2883 -0.2910 0.0082 0.1584 0.1200 -0.2375 -0.3227 -0.3271 -0.2423 0.0576 0.2148 -0.0646 -0.2924 -0.3303 -0.3147 -0.1313 0.0952 0.2427 -0.1499 -0.3065 -0.3332 -0.2983 -0.0203 0.1363 0.1877 -0.2139 -0.3192 -0.3296 -0.2620 0.0474 0.2072 -0.0499 -0.2918 -0.3305 -0.3120 -0.0953 0.1105 0.2312 -0.1941 -0.3173 -0.3297 -0.2541 0.0590 0.2242 -0.1099 -0.3021 -0.3331 -0.2962 0.0064 0.1553 0.2322 0.1553 0.0064 -0.2962 -0.3331 -0.3021 -0.1099 0.2242 0.0590 -0.2541 -0.3297 -0.3173 -0.1941 0.2312 0.1105 -0.0953 -0.3120 -0.3305 -0.2918 -0.0499 0.2072 0.0474 -0.2620 -0.3296 -0.3192 -0.2139 0.1877 0.1363 -0.0203 -0.2983 -0.3332 -0.3065 -0.1499 0.2427 0.0952 -0.1313 -0.3147 -0.3303 -0.2924 -0.0646 0.2148 0.0576 -0.2423 -0.3271 -0.3227 -0.2375 0.1200 0.1584 0.0082 -0.2910 -0.2883
-0.2667 0.0237 0.1754 0.0669 -0.2541 -0.3249 -0.3246 -0.2210 0.0672 0.2242 -0.0908 -0.2960 -0.3315 -0.3109 -0.0997 0.1042 0.2416 -0.1655 -0.3097 -0.3331 -0.2942 -0.0025 0.1486 0.1513 -0.2276 -0.3213 -0.3281 -0.2500 0.0545 0.2133 -0.0655 -0.2933 -0.3309 -0.3112 -0.0920 0.1105 0.2325 -0.1911 -0.3164 -0.3303 -0.2616 0.0534 0.2183 -0.0946 -0.2995 -0.3329 -0.2995 -0.0093 0.1557 0.0971 -0.1857 0.0971 0.1557 -0.0093 -0.2995 -0.3329 -0.2995 -0.0946 0.2183 0.0534 -0.2616 -0.3303 -0.3164 -0.1911 0.2325 0.1105 -0.0920 -0.3112 -0.3309 -0.2933 -0.0655 0.2133 0.0545 -0.2500 -0.3281 -0.3213 -0.2276 0.1513 0.1486 -0.0025 -0.2942 -0.3331 -0.3097 -0.1655 0.2416 0.1042 -0.0997 -0.3109 -0.3315 -0.2960 -0.0908 0.2242 0.0672 -0.2210 -0.3246 -0.3249 -0.2541 0.0669 0.1754 0.0237 -0.2667
0.0165 0.1915 0.0156 -0.2720 -0.3269 -0.3218 -0.1955 0.0764 0.2325 -0.1125 -0.2995 -0.3324 -0.3069 -0.0705 0.1135 0.2346 -0.1804 -0.3127 -0.3326 -0.2887 0.0131 0.1636 0.1032 -0.2429 -0.3235 -0.3261 -0.2336 0.0625 0.2205 -0.0837 -0.2955 -0.3315 -0.3096 -0.0826 0.1126 0.2312 -0.1911 -0.3161 -0.3306 -0.2658 0.0493 0.2137 -0.0813 -0.2973 -0.3325 -0.3026 -0.0250 0.1444 0.1212 -0.2491 -0.3129 -0.2491 0.1212 0.1444 -0.0250 -0.3026 -0.3325 -0.2973 -0.0813 0.2137 0.0493 -0.2658 -0.3306 -0.3161 -0.1911 0.2312 0.1126 -0.0826 -0.3096 -0.3315 -0.2955 -0.0837 0.2205 0.0625 -0.2336 -0.3261 -0.3235 -0.2429 0.1032 0.1636 0.0131 -0.2887 -0.3326 -0.3127 -0.1804 0.2346 0.1135 -0.0705 -0.3069 -0.3324 -0.2995 -0.1125 0.2325 0.0764 -0.1955 -0.3218 -0.3269 -0.2720 0.0156 0.1915 0.0165
0.1950 -0.0276 -0.2857 -0.3287 -0.3187 -0.1664 0.0854 0.2389 -0.1312 -0.3029 -0.3330 -0.3028 -0.0448 0.1234 0.2195 -0.1952 -0.3156 -0.3317 -0.2809 0.0266 0.1815 0.0496 -0.2598 -0.3256 -0.3237 -0.2126 0.0709 0.2281 -0.1025 -0.2981 -0.3321 -0.3073 -0.0684 0.1165 0.2267 -0.1941 -0.3164 -0.3306 -0.2673 0.0471 0.2107 -0.0710 -0.2956 -0.3320 -0.3052 -0.0404 0.1348 0.1607 -0.2385 -0.3296 -0.3516 -0.3296 -0.2385 0.1607 0.1348 -0.0404 -0.3052 -0.3320 -0.2956 -0.0710 0.2107 0.0471 -0.2673 -0.3306 -0.3164 -0.1941 0.2267 0.1165 -0.0684 -0.3073 -0.3321 -0.2981 -0.1025 0.2281 0.0709 -0.2126 -0.3237 -0.3256 -0.2598 0.0496 0.1815 0.0266 -0.2809 -0.3317 -0.3156 -0.1952 0.2195 0.1234 -0.0448 -0.3028 -0.3330 -0.3029 -0.1312 0.2389 0.0854 -0.1664 -0.3187 -0.3287 -0.2857 -0.0276 0.1950
-0.0536 -0.2923 -0.3301 -0.3152 -0.1349 0.0942 0.2425 -0.1481 -0.3062 -0.3332 -0.2988 -0.0229 0.1344 0.1942 -0.2099 -0.3183 -0.3304 -0.2702 0.0386 0.1966 0.0005 -0.2780 -0.3275 -0.3209 -0.1865 0.0794 0.2351 -0.1204 -0.3011 -0.3327 -0.3043 -0.0511 0.1223 0.2176 -0.2000 -0.3173 -0.3303 -0.2658 0.0471 0.2096 -0.0652 -0.2946 -0.3317 -0.3070 -0.0537 0.1277 0.1875 -0.2260 -0.3231 -0.3387 -0.3149 -0.3387 -0.3231 -0.2260 0.1875 0.1277 -0.0537 -0.3070 -0.3317 -0.2946 -0.0652 0.2096 0.0471 -0.2658 -0.3303 -0.3173 -0.2000 0.2176 0.1223 -0.0511 -0.3043 -0.3327 -0.3011 -0.1204 0.2351 0.0794 -0.1865 -0.3209 -0.3275 -0.2780 0.0005 0.1966 0.0386 -0.2702 -0.3304 -0.3183 -0.2099 0.1942 0.1344 -0.0229 -0.2988 -0.3332 -0.3062 -0.1481 0.2425 0.0942 -0.1349 -0.3152 -0.3301 -0.2923 -0.0536
-0.2372 -0.3317 -0.3114 -0.1032 0.1032 0.2420 -0.1638 -0.3093 -0.3331 -0.2947 -0.0044 0.1469 0.1572 -0.2251 -0.3209 -0.3287 -0.2561 0.0496 0.2069 -0.0394 -0.2895 -0.3292 -0.3176 -0.1563 0.0882 0.2405 -0.1372 -0.3041 -0.3331 -0.3009 -0.0325 0.1302 0.2016 -0.2086 -0.3186 -0.3297 -0.2616 0.0493 0.2107 -0.0652 -0.2942 -0.3315 -0.3082 -0.0634 0.1228 0.2040 -0.2163 -0.3213 -0.3258 -0.2112 0.0144 -0.2112 -0.3258 -0.3213 -0.2163 0.2040 0.1228 -0.0634 -0.3082 -0.3315 -0.2942 -0.0652 0.2107 0.0493 -0.2616 -0.3297 -0.3186 -0.2086 0.2016 0.1302 -0.0325 -0.3009 -0.3331 -0.3041 -0.1372 0.2405 0.0882 -0.1563 -0.3176 -0.3292 -0.2895 -0.0394 0.2069 0.0496 -0.2561 -0.3287 -0.3209 -0.2251 0.1572 0.1469 -0.0044 -0.2947 -0.3331 -0.3093 -0.1638 0.2420 0.1032 -0.1032 -0.3114 -0.3317 -0.2372
-0.2837 -0.3078 -0.0738 0.1125 0.2357 -0.1788 -0.3124 -0.3326 -0.2895 0.0114 0.1618 0.1091 -0.2410 -0.3232 -0.3266 -0.2381 0.0597 0.2169 -0.0706 -0.2931 -0.3306 -0.3140 -0.1245 0.0971 0.2429 -0.1533 -0.3072 -0.3332 -0.2973 -0.0149 0.1400 0.1757 -0.2196 -0.3203 -0.3287 -0.2541 0.0534 0.2137 -0.0710 -0.2946 -0.3315 -0.3085 -0.0685 0.1199 0.2132 -0.2095 -0.3200 -0.3275 -0.2313 0.0692 0.1498 0.0692 -0.2313 -0.3275 -0.3200 -0.2095 0.2132 0.1199 -0.0685 -0.3085 -0.3315 -0.2946 -0.0710 0.2137 0.0534 -0.2541 -0.3287 -0.3203 -0.2196 0.1757 0.1400 -0.0149 -0.2973 -0.3332 -0.3072 -0.1533 0.2429 0.0971 -0.1245 -0.3140 -0.3306 -0.2931 -0.0706 0.2169 0.0597 -0.2381 -0.3266 -0.3232 -0.2410 0.1091 0.1618 0.0114 -0.2895 -0.3326 -0.3124 -0.1788 0.2357 0.1125 -0.0738 -0.3078 -0.2837
-0.2756 -0.0460 0.1222 0.2216 -0.1935 -0.3153 -0.3318 -0.2819 0.0252 0.1794 0.0556 -0.2578 -0.3254 -0.3241 -0.2160 0.0692 0.2261 -0.0957 -0.2967 -0.3317 -0.3101 -0.0933 0.1061 0.2407 -0.1687 -0.3103 -0.3330 -0.2932 0.0013 0.1521 0.1384 -0.2325 -0.3222 -0.3274 -0.2427 0.0590 0.2183 -0.0813 -0.2956 -0.3317 -0.3082 -0.0685 0.1189 0.2174 -0.2053 -0.3191 -0.3285 -0.2435 0.0647 0.2153 0.1305 0.2153 0.0647 -0.2435 -0.3285 -0.3191 -0.2053 0.2174 0.1189 -0.0685 -0.3082 -0.3317 -0.2956 -0.0813 0.2183 0.0590 -0.2427 -0.3274 -0.3222 -0.2325 0.1384 0.1521 0.0013 -0.2932 -0.3330 -0.3103 -0.1687 0.2407 0.1061 -0.0933 -0.3101 -0.3317 -0.2967 -0.0957 0.2261 0.0692 -0.2160 -0.3241 -0.3254 -0.2578 0.0556 0.1794 0.0252 -0.2819 -0.3318 -0.3153 -0.1935 0.2216 0.1222 -0.0460 -0.2756
-0.0561 0.1341 0.1977 -0.2083 -0.3180 -0.3305 -0.2715 0.0373 0.1949 0.0056 -0.2760 -0.3273 -0.3212 -0.1896 0.0783 0.2340 -0.1166 -0.3002 -0.3325 -0.3060 -0.0647 0.1156 0.2321 -0.1836 -0.3133 -0.3324 -0.2873 0.0161 0.1672 0.0909 -0.2471 -0.3241 -0.3254 -0.2266 0.0658 0.2242 -0.0946 -0.2973 -0.3320 -0.3070 -0.0634 0.1199 0.2174 -0.2039 -0.3186 -0.3290 -0.2503 0.0600 0.2242 -0.1001 -0.2573 -0.1001 0.2242 0.0600 -0.2503 -0.3290 -0.3186 -0.2039 0.2174 0.1199 -0.0634 -0.3070 -0.3320 -0.2973 -0.0946 0.2242 0.0658 -0.2266 -0.3254 -0.3241 -0.2471 0.0909 0.1672 0.0161 -0.2873 -0.3324 -0.3133 -0.1836 0.2321 0.1156 -0.0647 -0.3060 -0.3325 -0.3002 -0.1166 0.2340 0.0783 -0.1896 -0.3212 -0.3273 -0.2760 0.0056 0.1949 0.0373 -0.2715 -0.3305 -0.3180 -0.2083 0.1977 0.1341 -0.0561
0.1399 0.1617 -0.2234 -0.3206 -0.3289 -0.2579 0.0484 0.2058 -0.0353 -0.2883 -0.3290 -0.3179 -0.1598 0.0872 0.2399 -0.1349 -0.3036 -0.3330 -0.3020 -0.0398 0.1257 0.2151 -0.1983 -0.3162 -0.3314 -0.2789 0.0292 0.1845 0.0386 -0.2636 -0.3261 -0.3231 -0.2056 0.0735 0.2307 -0.1099 -0.2995 -0.3325 -0.3052 -0.0537 0.1228 0.2132 -0.2053 -0.3186 -0.3292 -0.2536 0.0571 0.2205 -0.0979 -0.3002 -0.3308 -0.3002 -0.0979 0.2205 0.0571 -0.2536 -0.3292 -0.3186 -0.2053 0.2132 0.1228 -0.0537 -0.3052 -0.3325 -0.2995 -0.1099 0.2307 0.0735 -0.2056 -0.3231 -0.3261 -0.2636 0.0386 0.1845 0.0292 -0.2789 -0.3314 -0.3162 -0.1983 0.2151 0.1257 -0.0398 -0.3020 -0.3330 -0.3036 -0.1349 0.2399 0.0872 -0.1598 -0.3179 -0.3290 -0.2883 -0.0353 0.2058 0.0484 -0.2579 -0.3289 -0.3206 -0.2234 0.1617 0.1399
0.1060 -0.2390 -0.3229 -0.3269 -0.2404 0.0586 0.2158 -0.0674 -0.2927 -0.3304 -0.3144 -0.1281 0.0961 0.2428 -0.1515 -0.3068 -0.3332 -0.2980 -0.0187 0.1369 0.1874 -0.2131 -0.3189 -0.3301 -0.2675 0.0410 0.1988 -0.0087 -0.2804 -0.3279 -0.3202 -0.1797 0.0816 0.2368 -0.1256 -0.3021 -0.3329 -0.3026 -0.0404 0.1277 0.2040 -0.2095 -0.3191 -0.3290 -0.2536 0.0561 0.2187 -0.0905 -0.2983 -0.3405 -0.3510 -0.3405 -0.2983 -0.0905 0.2187 0.0561 -0.2536 -0.3290 -0.3191 -0.2095 0.2040 0.1277 -0.0404 -0.3026 -0.3329 -0.3021 -0.1256 0.2368 0.0816 -0.1797 -0.3202 -0.3279 -0.2804 -0.0087 0.1988 0.0410 -0.2675 -0.3301 -0.3189 -0.2131 0.1874 0.1369 -0.0187 -0.2980 -0.3332 -0.3068 -0.1515 0.2428 0.0961 -0.1281 -0.3144 -0.3304 -0.2927 -0.0674 0.2158 0.0586 -0.2404 -0.3269 -0.3229 -0.2390 0.1060
-0.2067 -0.3254 -0.3244 -0.2187 0.0681 0.2251 -0.0931 -0.2963 -0.3316 -0.3105 -0.0967 0.1051 0.2412 -0.1670 -0.3100 -0.3330 -0.2938 -0.0008 0.1499 0.1478 -0.2284 -0.3214 -0.3283 -0.2526 0.0517 0.2091 -0.0466 -0.2903 -0.3295 -0.3168 -0.1497 0.0902 0.2413 -0.1413 -0.3050 -0.3331 -0.2995 -0.0250 0.1348 0.1875 -0.2163 -0.3200 -0.3285 -0.2503 0.0571 0.2187 -0.0881 -0.2975 -0.3321 -0.3162 -0.2075 -0.3162 -0.3321 -0.2975 -0.0881 0.2187 0.0571 -0.2503 -0.3285 -0.3200 -0.2163 0.1875 0.1348 -0.0250 -0.2995 -0.3331 -0.3050 -0.1413 0.2413 0.0902 -0.1497 -0.3168 -0.3295 -0.2903 -0.0466 0.2091 0.0517 -0.2526 -0.3283 -0.3214 -0.2284 0.1478 0.1499 -0.0008 -0.2938 -0.3330 -0.3100 -0.1670 0.2412 0.1051 -0.0967 -0.3105 -0.3316 -0.2963 -0.0931 0.2251 0.0681 -0.2187 -0.3244 -0.3254 -0.2067
-0.2752 -0.3217 -0.1926 0.0773 0.2332 -0.1145 -0.2998 -0.3324 -0.3064 -0.0677 0.1145 0.2334 -0.1819 -0.3130 -0.3324 -0.2881 0.0145 0.1654 0.0978 -0.2444 -0.3236 -0.3259 -0.2338 0.0617 0.2189 -0.0764 -0.2939 -0.3308 -0.3130 -0.1177 0.0990 0.2428 -0.1567 -0.3079 -0.3330 -0.2962 -0.0093 0.1444 0.1607 -0.2260 -0.3213 -0.3275 -0.2435 0.0600 0.2205 -0.0905 -0.2975 -0.3320 -0.3042 -0.0392 0.0726 -0.0392 -0.3042 -0.3320 -0.2975 -0.0905 0.2205 0.0600 -0.2435 -0.3275 -0.3213 -0.2260 0.1607 0.1444 -0.0093 -0.2962 -0.3330 -0.3079 -0.1567 0.2428 0.0990 -0.1177 -0.3130 -0.3308 -0.2939 -0.0764 0.2189 0.0617 -0.2338 -0.3259 -0.3236 -0.2444 0.0978 0.1654 0.0145 -0.2881 -0.3324 -0.3130 -0.1819 0.2334 0.1145 -0.0677 -0.3064 -0.3324 -0.2998 -0.1145 0.2332 0.0773 -0.1926 -0.3217 -0.2752
-0.2840 -0.1599 0.0863 0.2395 -0.1335 -0.3033 -0.3328 -0.3020 -0.0411 0.1242 0.2167 -0.1970 -0.3159 -0.3313 -0.2793 0.0284 0.1819 0.0427 -0.2619 -0.3258 -0.3231 -0.2091 0.0714 0.2281 -0.1011 -0.2976 -0.3318 -0.3088 -0.0852 0.1080 0.2392 -0.1723 -0.3111 -0.3326 -0.2916 0.0064 0.1557 0.1212 -0.2385 -0.3231 -0.3258 -0.2313 0.0647 0.2242 -0.0979 -0.2983 -0.3321 -0.3042 -0.0432 0.1227 0.2184 0.1227 -0.0432 -0.3042 -0.3321 -0.2983 -0.0979 0.2242 0.0647 -0.2313 -0.3258 -0.3231 -0.2385 0.1212 0.1557 0.0064 -0.2916 -0.3326 -0.3111 -0.1723 0.2392 0.1080 -0.0852 -0.3088 -0.3318 -0.2976 -0.1011 0.2281 0.0714 -0.2091 -0.3231 -0.3258 -0.2619 0.0427 0.1819 0.0284 -0.2793 -0.3313 -0.3159 -0.1970 0.2167 0.1242 -0.0411 -0.3020 -0.3328 -0.3033 -0.1335 0.2395 0.0863 -0.1599 -0.2840
-0.1609 0.0936 0.2430 -0.1446 -0.3080 -0.3431 -0.3076 -0.0181 0.1272 0.2039 -0.2079 -0.3219 -0.3432 -0.2668 0.0401 0.1780 0.0138 -0.2767 -0.3334 -0.3355 -0.1773 0.0784 0.2256 -0.1141 -0.3018 -0.3412 -0.3179 -0.0547 0.1122 0.2354 -0.1827 -0.3165 -0.3440 -0.2877 0.0205 0.1553 0.0971 -0.2491 -0.3296 -0.3387 -0.2112 0.0692 0.2153 -0.1001 -0.3002 -0.3405 -0.3162 -0.0392 0.1227 0.2141 -0.1200 0.2141 0.1227 -0.0392 -0.3162 -0.3405 -0.3002 -0.1001 0.2153 0.0692 -0.2112 -0.3387 -0.3296 -0.2491 0.0971 0.1553 0.0205 -0.2877 -0.3440 -0.3165 -0.1827 0.2354 0.1122 -0.0547 -0.3179 -0.3412 -0.3018 -0.1141 0.2256 0.0784 -0.1773 -0.3355 -0.3334 -0.2767 0.0138 0.1780 0.0401 -0.2668 -0.3432 -0.3219 -0.2079 0.2039 0.1272 -0.0181 -0.3076 -0.3431 -0.3080 -0.1446 0.2430 0.0936 -0.1609
0.0367 0.1871 -0.0045 -0.2860 -0.3378 -0.3488 -0.1565 0.0816 0.2235 -0.1319 -0.3029 -0.3478 -0.3334 -0.0336 0.1180 0.2222 -0.2201 -0.3187 -0.3531 -0.2993 0.0298 0.1632 0.0825 -0.2670 -0.3328 -0.3518 -0.2112 0.0678 0.2098 -0.0904 -0.2962 -0.3442 -0.3412 -0.0759 0.1029 0.2322 -0.1857 -0.3129 -0.3516 -0.3149 0.0144 0.1498 0.1305 -0.2573 -0.3308 -0.3510 -0.2075 0.0726 0.2184 -0.1200 -0.2747 -0.1200 0.2184 0.0726 -0.2075 -0.3510 -0.3308 -0.2573 0.1305 0.1498 0.0144 -0.3149 -0.3516 -0.3129 -0.1857 0.2322 0.1029 -0.0759 -0.3412 -0.3442 -0.2962 -0.0904 0.2098 0.0678 -0.2112 -0.3518 -0.3328 -0.2670 0.0825 0.1632 0.0298 -0.2993 -0.3531 -0.3187 -0.2201 0.2222 0.1180 -0.0336 -0.3334 -0.3478 -0.3029 -0.1319 0.2235 0.0816 -0.1565 -0.3488 -0.3378 -0.2860 -0.0045 0.1871 0.0367
