0.0935 0.2092 -0.1752 -0.2664 -0.2878 -0.2289 0.0658 0.2274 -0.1308 -0.2533 -0.2885 -0.2656 0.0202 0.1976 -0.0606 -0.2383 -0.2841 -0.2750 -0.0498 0.1434 0.0932 -0.2095 -0.2759 -0.2836 -0.1564 0.0993 0.2173 -0.1695 -0.2646 -0.2884 -0.2375 0.0596 0.2245 -0.1226 -0.2511 -0.2881 -0.2678 0.0118 0.1918 -0.0444 -0.2359 -0.2831 -0.2764 -0.0641 0.1358 0.1210 -0.2034 -0.2743 -0.2846 -0.1695 0.0332 -0.1695 -0.2846 -0.2743 -0.2034 0.1210 0.1358 -0.0641 -0.2764 -0.2831 -0.2359 -0.0444 0.1918 0.0118 -0.2678 -0.2881 -0.2511 -0.1226 0.2245 0.0596 -0.2375 -0.2884 -0.2646 -0.1695 0.2173 0.0993 -0.1564 -0.2836 -0.2759 -0.2095 0.0932 0.1434 -0.0498 -0.2750 -0.2841 -0.2383 -0.0606 0.1976 0.0202 -0.2656 -0.2885 -0.2533 -0.1308 0.2274 0.0658 -0.2289 -0.2878 -0.2664 -0.1752 0.2092 0.0935
0.2092 -0.1991 -0.3184 -0.3284 -0.2399 0.0693 0.2330 -0.1324 -0.3067 -0.3334 -0.2893 0.0272 0.1957 -0.0375 -0.2932 -0.3320 -0.3067 -0.0397 0.1372 0.1502 -0.2434 -0.3260 -0.3211 -0.1537 0.0989 0.2404 -0.1841 -0.3166 -0.3304 -0.2517 0.0634 0.2282 -0.1215 -0.3047 -0.3335 -0.2929 0.0193 0.1866 -0.0148 -0.2911 -0.3314 -0.3090 -0.0540 0.1306 0.1746 -0.2338 -0.3248 -0.3227 -0.1699 0.0909 0.1828 0.0909 -0.1699 -0.3227 -0.3248 -0.2338 0.1746 0.1306 -0.0540 -0.3090 -0.3314 -0.2911 -0.0148 0.1866 0.0193 -0.2929 -0.3335 -0.3047 -0.1215 0.2282 0.0634 -0.2517 -0.3304 -0.3166 -0.1841 0.2404 0.0989 -0.1537 -0.3211 -0.3260 -0.2434 0.1502 0.1372 -0.0397 -0.3067 -0.3320 -0.2932 -0.0375 0.1957 0.0272 -0.2893 -0.3334 -0.3067 -0.1324 0.2330 0.0693 -0.2399 -0.3284 -0.3184 -0.1991 0.2092
-0.1752 -0.3184 -0.3284 -0.2521 0.0604 0.2259 -0.1150 -0.3032 -0.3331 -0.2944 0.0123 0.1804 0.0031 -0.2889 -0.3305 -0.3103 -0.0664 0.1250 0.1893 -0.2275 -0.3235 -0.3237 -0.1854 0.0885 0.2429 -0.1693 -0.3134 -0.3314 -0.2670 0.0521 0.2193 -0.1013 -0.3010 -0.3331 -0.2970 0.0031 0.1695 0.0315 -0.2820 -0.3297 -0.3126 -0.0830 0.1189 0.2067 -0.2184 -0.3222 -0.3252 -0.2015 0.0835 0.2404 0.0107 0.2404 0.0835 -0.2015 -0.3252 -0.3222 -0.2184 0.2067 0.1189 -0.0830 -0.3126 -0.3297 -0.2820 0.0315 0.1695 0.0031 -0.2970 -0.3331 -0.3010 -0.1013 0.2193 0.0521 -0.2670 -0.3314 -0.3134 -0.1693 0.2429 0.0885 -0.1854 -0.3237 -0.3235 -0.2275 0.1893 0.1250 -0.0664 -0.3103 -0.3305 -0.2889 0.0031 0.1804 0.0123 -0.2944 -0.3331 -0.3032 -0.1150 0.2259 0.0604 -0.2521 -0.3284 -0.3184 -0.1752
-0.2664 -0.3284 -0.2521 0.0573 0.2210 -0.1001 -0.3003 -0.3328 -0.2982 -0.0028 0.1630 0.0522 -0.2770 -0.3291 -0.3142 -0.0950 0.1150 0.2163 -0.2123 -0.3212 -0.3262 -0.2121 0.0797 0.2406 -0.1540 -0.3105 -0.3324 -0.2785 0.0415 0.2095 -0.0775 -0.2976 -0.3327 -0.3009 -0.0139 0.1535 0.0844 -0.2661 -0.3281 -0.3163 -0.1133 0.1094 0.2272 -0.2035 -0.3198 -0.3276 -0.2262 0.0744 0.2378 -0.1391 -0.2830 -0.1391 0.2378 0.0744 -0.2262 -0.3276 -0.3198 -0.2035 0.2272 0.1094 -0.1133 -0.3163 -0.3281 -0.2661 0.0844 0.1535 -0.0139 -0.3009 -0.3327 -0.2976 -0.0775 0.2095 0.0415 -0.2785 -0.3324 -0.3105 -0.1540 0.2406 0.0797 -0.2121 -0.3262 -0.3212 -0.2123 0.2163 0.1150 -0.0950 -0.3142 -0.3291 -0.2770 0.0522 0.1630 -0.0028 -0.2982 -0.3328 -0.3003 -0.1001 0.2210 0.0573 -0.2521 -0.3284 -0.2664
-0.2878 -0.2399 0.0604 0.2210 -0.0939 -0.2986 -0.3324 -0.3012 -0.0184 0.1492 0.1031 -0.2593 -0.3274 -0.3177 -0.1263 0.1056 0.2328 -0.1974 -0.3187 -0.3284 -0.2350 0.0706 0.2351 -0.1376 -0.3073 -0.3330 -0.2870 0.0298 0.1992 -0.0480 -0.2941 -0.3319 -0.3050 -0.0341 0.1400 0.1360 -0.2486 -0.3263 -0.3197 -0.1452 0.1003 0.2385 -0.1887 -0.3171 -0.3295 -0.2465 0.0651 0.2308 -0.1278 -0.3068 -0.3369 -0.3068 -0.1278 0.2308 0.0651 -0.2465 -0.3295 -0.3171 -0.1887 0.2385 0.1003 -0.1452 -0.3197 -0.3263 -0.2486 0.1360 0.1400 -0.0341 -0.3050 -0.3319 -0.2941 -0.0480 0.1992 0.0298 -0.2870 -0.3330 -0.3073 -0.1376 0.2351 0.0706 -0.2350 -0.3284 -0.3187 -0.1974 0.2328 0.1056 -0.1263 -0.3177 -0.3274 -0.2593 0.1031 0.1492 -0.0184 -0.3012 -0.3324 -0.2986 -0.0939 0.2210 0.0604 -0.2399 -0.2878
-0.2289 0.0693 0.2259 -0.1001 -0.2986 -0.3322 -0.3029 -0.0314 0.1395 0.1445 -0.2442 -0.3256 -0.3208 -0.1575 0.0967 0.2409 -0.1827 -0.3160 -0.3301 -0.2536 0.0612 0.2274 -0.1196 -0.3041 -0.3332 -0.2930 0.0167 0.1852 -0.0105 -0.2904 -0.3309 -0.3091 -0.0580 0.1284 0.1785 -0.2324 -0.3242 -0.3228 -0.1761 0.0913 0.2427 -0.1740 -0.3143 -0.3310 -0.2627 0.0553 0.2222 -0.1080 -0.3023 -0.3428 -0.3495 -0.3428 -0.3023 -0.1080 0.2222 0.0553 -0.2627 -0.3310 -0.3143 -0.1740 0.2427 0.0913 -0.1761 -0.3228 -0.3242 -0.2324 0.1785 0.1284 -0.0580 -0.3091 -0.3309 -0.2904 -0.0105 0.1852 0.0167 -0.2930 -0.3332 -0.3041 -0.1196 0.2274 0.0612 -0.2536 -0.3301 -0.3160 -0.1827 0.2409 0.0967 -0.1575 -0.3208 -0.3256 -0.2442 0.1445 0.1395 -0.0314 -0.3029 -0.3322 -0.2986 -0.1001 0.2259 0.0693 -0.2289
0.0658 0.2330 -0.1150 -0.3003 -0.3324 -0.3029 -0.0365 0.1344 0.1697 -0.2327 -0.3238 -0.3232 -0.1850 0.0883 0.2428 -0.1681 -0.3132 -0.3315 -0.2682 0.0512 0.2184 -0.0992 -0.3007 -0.3331 -0.2974 0.0017 0.1679 0.0364 -0.2809 -0.3296 -0.3130 -0.0857 0.1180 0.2091 -0.2169 -0.3220 -0.3255 -0.2042 0.0825 0.2417 -0.1588 -0.3114 -0.3321 -0.2752 0.0449 0.2126 -0.0853 -0.2987 -0.3327 -0.3097 -0.1676 -0.3097 -0.3327 -0.2987 -0.0853 0.2126 0.0449 -0.2752 -0.3321 -0.3114 -0.1588 0.2417 0.0825 -0.2042 -0.3255 -0.3220 -0.2169 0.2091 0.1180 -0.0857 -0.3130 -0.3296 -0.2809 0.0364 0.1679 0.0017 -0.2974 -0.3331 -0.3007 -0.0992 0.2184 0.0512 -0.2682 -0.3315 -0.3132 -0.1681 0.2428 0.0883 -0.1850 -0.3232 -0.3238 -0.2327 0.1697 0.1344 -0.0365 -0.3029 -0.3324 -0.3003 -0.1150 0.2330 0.0658
0.2274 -0.1324 -0.3032 -0.3328 -0.3012 -0.0314 0.1344 0.1778 -0.2263 -0.3226 -0.3249 -0.2064 0.0808 0.2408 -0.1537 -0.3103 -0.3324 -0.2794 0.0404 0.2085 -0.0748 -0.2973 -0.3326 -0.3013 -0.0158 0.1521 0.0897 -0.2643 -0.3280 -0.3167 -0.1164 0.1085 0.2287 -0.2020 -0.3195 -0.3278 -0.2284 0.0735 0.2371 -0.1428 -0.3083 -0.3328 -0.2846 0.0335 0.2024 -0.0579 -0.2952 -0.3321 -0.3033 -0.0244 0.0789 -0.0244 -0.3033 -0.3321 -0.2952 -0.0579 0.2024 0.0335 -0.2846 -0.3328 -0.3083 -0.1428 0.2371 0.0735 -0.2284 -0.3278 -0.3195 -0.2020 0.2287 0.1085 -0.1164 -0.3167 -0.3280 -0.2643 0.0897 0.1521 -0.0158 -0.3013 -0.3326 -0.2973 -0.0748 0.2085 0.0404 -0.2794 -0.3324 -0.3103 -0.1537 0.2408 0.0808 -0.2064 -0.3249 -0.3226 -0.2263 0.1778 0.1344 -0.0314 -0.3012 -0.3328 -0.3032 -0.1324 0.2274
-0.1308 -0.3067 -0.3331 -0.2982 -0.0184 0.1395 0.1697 -0.2263 -0.3221 -0.3258 -0.2197 0.0748 0.2370 -0.1404 -0.3076 -0.3329 -0.2873 0.0289 0.1983 -0.0449 -0.2937 -0.3319 -0.3054 -0.0363 0.1388 0.1407 -0.2470 -0.3261 -0.3201 -0.1483 0.0994 0.2392 -0.1873 -0.3169 -0.3296 -0.2483 0.0641 0.2300 -0.1254 -0.3051 -0.3332 -0.2914 0.0209 0.1898 -0.0231 -0.2916 -0.3312 -0.3077 -0.0488 0.1242 0.2211 0.1242 -0.0488 -0.3077 -0.3312 -0.2916 -0.0231 0.1898 0.0209 -0.2914 -0.3332 -0.3051 -0.1254 0.2300 0.0641 -0.2483 -0.3296 -0.3169 -0.1873 0.2392 0.0994 -0.1483 -0.3201 -0.3261 -0.2470 0.1407 0.1388 -0.0363 -0.3054 -0.3319 -0.2937 -0.0449 0.1983 0.0289 -0.2873 -0.3329 -0.3076 -0.1404 0.2370 0.0748 -0.2197 -0.3258 -0.3221 -0.2263 0.1697 0.1395 -0.0184 -0.2982 -0.3331 -0.3067 -0.1308
-0.2533 -0.3334 -0.2944 -0.0028 0.1492 0.1445 -0.2327 -0.3226 -0.3258 -0.2242 0.0715 0.2336 -0.1294 -0.3052 -0.3331 -0.2926 0.0170 0.1851 -0.0081 -0.2901 -0.3308 -0.3095 -0.0606 0.1273 0.1820 -0.2308 -0.3240 -0.3231 -0.1791 0.0905 0.2428 -0.1725 -0.3141 -0.3311 -0.2641 0.0543 0.2213 -0.1058 -0.3018 -0.3332 -0.2961 0.0066 0.1733 0.0209 -0.2845 -0.3300 -0.3118 -0.0767 0.1209 0.2123 -0.1245 0.2123 0.1209 -0.0767 -0.3118 -0.3300 -0.2845 0.0209 0.1733 0.0066 -0.2961 -0.3332 -0.3018 -0.1058 0.2213 0.0543 -0.2641 -0.3311 -0.3141 -0.1725 0.2428 0.0905 -0.1791 -0.3231 -0.3240 -0.2308 0.1820 0.1273 -0.0606 -0.3095 -0.3308 -0.2901 -0.0081 0.1851 0.0170 -0.2926 -0.3331 -0.3052 -0.1294 0.2336 0.0715 -0.2242 -0.3258 -0.3226 -0.2327 0.1445 0.1492 -0.0028 -0.2944 -0.3334 -0.2533
-0.2885 -0.2893 0.0123 0.1630 0.1031 -0.2442 -0.3238 -0.3249 -0.2197 0.0715 0.2322 -0.1230 -0.3035 -0.3330 -0.2957 0.0054 0.1702 0.0340 -0.2812 -0.3295 -0.3132 -0.0885 0.1171 0.2115 -0.2154 -0.3217 -0.3257 -0.2068 0.0816 0.2414 -0.1573 -0.3111 -0.3322 -0.2763 0.0438 0.2116 -0.0829 -0.2983 -0.3328 -0.3001 -0.0101 0.1567 0.0730 -0.2699 -0.3285 -0.3156 -0.1067 0.1114 0.2230 -0.2030 -0.3016 -0.2030 0.2230 0.1114 -0.1067 -0.3156 -0.3285 -0.2699 0.0730 0.1567 -0.0101 -0.3001 -0.3328 -0.2983 -0.0829 0.2116 0.0438 -0.2763 -0.3322 -0.3111 -0.1573 0.2414 0.0816 -0.2068 -0.3257 -0.3217 -0.2154 0.2115 0.1171 -0.0885 -0.3132 -0.3295 -0.2812 0.0340 0.1702 0.0054 -0.2957 -0.3330 -0.3035 -0.1230 0.2322 0.0715 -0.2197 -0.3249 -0.3238 -0.2442 0.1031 0.1630 0.0123 -0.2893 -0.2885
-0.2656 0.0272 0.1804 0.0522 -0.2593 -0.3256 -0.3232 -0.2064 0.0748 0.2336 -0.1230 -0.3029 -0.3329 -0.2975 -0.0045 0.1586 0.0750 -0.2670 -0.3280 -0.3166 -0.1179 0.1078 0.2299 -0.2006 -0.3193 -0.3280 -0.2305 0.0726 0.2365 -0.1412 -0.3080 -0.3329 -0.2854 0.0324 0.2014 -0.0548 -0.2948 -0.3321 -0.3041 -0.0296 0.1426 0.1257 -0.2522 -0.3267 -0.3190 -0.1385 0.1022 0.2367 -0.1922 -0.3209 -0.3471 -0.3209 -0.1922 0.2367 0.1022 -0.1385 -0.3190 -0.3267 -0.2522 0.1257 0.1426 -0.0296 -0.3041 -0.3321 -0.2948 -0.0548 0.2014 0.0324 -0.2854 -0.3329 -0.3080 -0.1412 0.2365 0.0726 -0.2305 -0.3280 -0.3193 -0.2006 0.2299 0.1078 -0.1179 -0.3166 -0.3280 -0.2670 0.0750 0.1586 -0.0045 -0.2975 -0.3329 -0.3029 -0.1230 0.2336 0.0748 -0.2064 -0.3232 -0.3256 -0.2593 0.0522 0.1804 0.0272 -0.2656
0.0202 0.1957 0.0031 -0.2770 -0.3274 -0.3208 -0.1850 0.0808 0.2370 -0.1294 -0.3035 -0.3329 -0.2981 -0.0102 0.1516 0.1063 -0.2549 -0.3266 -0.3193 -0.1456 0.0995 0.2394 -0.1865 -0.3167 -0.3298 -0.2500 0.0632 0.2292 -0.1236 -0.3048 -0.3332 -0.2919 0.0196 0.1883 -0.0192 -0.2912 -0.3311 -0.3082 -0.0527 0.1307 0.1705 -0.2357 -0.3247 -0.3222 -0.1698 0.0932 0.2423 -0.1771 -0.3150 -0.3434 -0.3351 -0.3434 -0.3150 -0.1771 0.2423 0.0932 -0.1698 -0.3222 -0.3247 -0.2357 0.1705 0.1307 -0.0527 -0.3082 -0.3311 -0.2912 -0.0192 0.1883 0.0196 -0.2919 -0.3332 -0.3048 -0.1236 0.2292 0.0632 -0.2500 -0.3298 -0.3167 -0.1865 0.2394 0.0995 -0.1456 -0.3193 -0.3266 -0.2549 0.1063 0.1516 -0.0102 -0.2981 -0.3329 -0.3035 -0.1294 0.2370 0.0808 -0.1850 -0.3208 -0.3274 -0.2770 0.0031 0.1957 0.0202
0.1976 -0.0375 -0.2889 -0.3291 -0.3177 -0.1575 0.0883 0.2408 -0.1404 -0.3052 -0.3330 -0.2975 -0.0102 0.1493 0.1224 -0.2473 -0.3255 -0.3213 -0.1690 0.0923 0.2427 -0.1731 -0.3140 -0.3311 -0.2652 0.0534 0.2204 -0.1037 -0.3014 -0.3331 -0.2965 0.0050 0.1716 0.0258 -0.2833 -0.3299 -0.3122 -0.0796 0.1201 0.2036 -0.2201 -0.3225 -0.3249 -0.1986 0.0844 0.2423 -0.1621 -0.3120 -0.3316 -0.2714 -0.0409 -0.2714 -0.3316 -0.3120 -0.1621 0.2423 0.0844 -0.1986 -0.3249 -0.3225 -0.2201 0.2036 0.1201 -0.0796 -0.3122 -0.3299 -0.2833 0.0258 0.1716 0.0050 -0.2965 -0.3331 -0.3014 -0.1037 0.2204 0.0534 -0.2652 -0.3311 -0.3140 -0.1731 0.2427 0.0923 -0.1690 -0.3213 -0.3255 -0.2473 0.1224 0.1493 -0.0102 -0.2975 -0.3330 -0.3052 -0.1404 0.2408 0.0883 -0.1575 -0.3177 -0.3291 -0.2889 -0.0375 0.1976
-0.0606 -0.2932 -0.3305 -0.3142 -0.1263 0.0967 0.2428 -0.1537 -0.3076 -0.3331 -0.2957 -0.0045 0.1516 0.1224 -0.2447 -0.3248 -0.3225 -0.1856 0.0865 0.2424 -0.1609 -0.3115 -0.3321 -0.2763 0.0433 0.2109 -0.0807 -0.2980 -0.3328 -0.3005 -0.0118 0.1552 0.0783 -0.2681 -0.3283 -0.3159 -0.1098 0.1104 0.2254 -0.2051 -0.3201 -0.3273 -0.2236 0.0754 0.2383 -0.1463 -0.3090 -0.3326 -0.2823 0.0365 0.1150 0.0365 -0.2823 -0.3326 -0.3090 -0.1463 0.2383 0.0754 -0.2236 -0.3273 -0.3201 -0.2051 0.2254 0.1104 -0.1098 -0.3159 -0.3283 -0.2681 0.0783 0.1552 -0.0118 -0.3005 -0.3328 -0.2980 -0.0807 0.2109 0.0433 -0.2763 -0.3321 -0.3115 -0.1609 0.2424 0.0865 -0.1856 -0.3225 -0.3248 -0.2447 0.1224 0.1516 -0.0045 -0.2957 -0.3331 -0.3076 -0.1537 0.2428 0.0967 -0.1263 -0.3142 -0.3305 -0.2932 -0.0606
-0.2383 -0.3320 -0.3103 -0.0950 0.1056 0.2409 -0.1681 -0.3103 -0.3329 -0.2926 0.0054 0.1586 0.1063 -0.2473 -0.3248 -0.3229 -0.1940 0.0826 0.2408 -0.1507 -0.3092 -0.3326 -0.2842 0.0332 0.2015 -0.0539 -0.2946 -0.3321 -0.3045 -0.0317 0.1414 0.1305 -0.2505 -0.3265 -0.3194 -0.1416 0.1013 0.2376 -0.1904 -0.3174 -0.3293 -0.2444 0.0661 0.2316 -0.1292 -0.3058 -0.3331 -0.2902 0.0243 0.1731 0.2257 0.1731 0.0243 -0.2902 -0.3331 -0.3058 -0.1292 0.2316 0.0661 -0.2444 -0.3293 -0.3174 -0.1904 0.2376 0.1013 -0.1416 -0.3194 -0.3265 -0.2505 0.1305 0.1414 -0.0317 -0.3045 -0.3321 -0.2946 -0.0539 0.2015 0.0332 -0.2842 -0.3326 -0.3092 -0.1507 0.2408 0.0826 -0.1940 -0.3229 -0.3248 -0.2473 0.1063 0.1586 0.0054 -0.2926 -0.3329 -0.3103 -0.1681 0.2409 0.1056 -0.0950 -0.3103 -0.3320 -0.2383
-0.2841 -0.3067 -0.0664 0.1150 0.2328 -0.1827 -0.3132 -0.3324 -0.2873 0.0170 0.1702 0.0750 -0.2549 -0.3255 -0.3225 -0.1940 0.0813 0.2395 -0.1440 -0.3076 -0.3329 -0.2894 0.0234 0.1917 -0.0228 -0.2913 -0.3311 -0.3084 -0.0546 0.1297 0.1743 -0.2342 -0.3245 -0.3225 -0.1728 0.0923 0.2425 -0.1756 -0.3147 -0.3308 -0.2611 0.0565 0.2232 -0.1102 -0.3025 -0.3332 -0.2952 0.0098 0.1758 0.0298 -0.2128 0.0298 0.1758 0.0098 -0.2952 -0.3332 -0.3025 -0.1102 0.2232 0.0565 -0.2611 -0.3308 -0.3147 -0.1756 0.2425 0.0923 -0.1728 -0.3225 -0.3245 -0.2342 0.1743 0.1297 -0.0546 -0.3084 -0.3311 -0.2913 -0.0228 0.1917 0.0234 -0.2894 -0.3329 -0.3076 -0.1440 0.2395 0.0813 -0.1940 -0.3225 -0.3255 -0.2549 0.0750 0.1702 0.0170 -0.2873 -0.3324 -0.3132 -0.1827 0.2328 0.1150 -0.0664 -0.3067 -0.2841
-0.2750 -0.0397 0.1250 0.2163 -0.1974 -0.3160 -0.3315 -0.2794 0.0289 0.1851 0.0340 -0.2670 -0.3266 -0.3213 -0.1856 0.0826 0.2395 -0.1416 -0.3067 -0.3330 -0.2924 0.0148 0.1804 0.0107 -0.2865 -0.3300 -0.3119 -0.0799 0.1196 0.2057 -0.2187 -0.3222 -0.3252 -0.2013 0.0835 0.2420 -0.1605 -0.3117 -0.3320 -0.2740 0.0461 0.2137 -0.0881 -0.2991 -0.3329 -0.2992 -0.0063 0.1601 0.0598 -0.2706 -0.3175 -0.2706 0.0598 0.1601 -0.0063 -0.2992 -0.3329 -0.2991 -0.0881 0.2137 0.0461 -0.2740 -0.3320 -0.3117 -0.1605 0.2420 0.0835 -0.2013 -0.3252 -0.3222 -0.2187 0.2057 0.1196 -0.0799 -0.3119 -0.3300 -0.2865 0.0107 0.1804 0.0148 -0.2924 -0.3330 -0.3067 -0.1416 0.2395 0.0826 -0.1856 -0.3213 -0.3266 -0.2670 0.0340 0.1851 0.0289 -0.2794 -0.3315 -0.3160 -0.1974 0.2163 0.1250 -0.0397 -0.2750
-0.0498 0.1372 0.1893 -0.2123 -0.3187 -0.3301 -0.2682 0.0404 0.1983 -0.0081 -0.2812 -0.3280 -0.3193 -0.1690 0.0865 0.2408 -0.1440 -0.3067 -0.3330 -0.2938 0.0089 0.1708 0.0411 -0.2774 -0.3288 -0.3150 -0.1057 0.1110 0.2254 -0.2045 -0.3199 -0.3275 -0.2257 0.0745 0.2378 -0.1447 -0.3087 -0.3328 -0.2837 0.0349 0.2036 -0.0613 -0.2956 -0.3323 -0.3033 -0.0252 0.1454 0.1147 -0.2562 -0.3326 -0.3529 -0.3326 -0.2562 0.1147 0.1454 -0.0252 -0.3033 -0.3323 -0.2956 -0.0613 0.2036 0.0349 -0.2837 -0.3328 -0.3087 -0.1447 0.2378 0.0745 -0.2257 -0.3275 -0.3199 -0.2045 0.2254 0.1110 -0.1057 -0.3150 -0.3288 -0.2774 0.0411 0.1708 0.0089 -0.2938 -0.3330 -0.3067 -0.1440 0.2408 0.0865 -0.1690 -0.3193 -0.3280 -0.2812 -0.0081 0.1983 0.0404 -0.2682 -0.3301 -0.3187 -0.2123 0.1893 0.1372 -0.0498
0.1434 0.1502 -0.2275 -0.3212 -0.3284 -0.2536 0.0512 0.2085 -0.0449 -0.2901 -0.3295 -0.3166 -0.1456 0.0923 0.2424 -0.1507 -0.3076 -0.3330 -0.2938 0.0069 0.1662 0.0620 -0.2679 -0.3278 -0.3174 -0.1299 0.1034 0.2363 -0.1914 -0.3174 -0.3293 -0.2456 0.0653 0.2309 -0.1275 -0.3055 -0.3332 -0.2907 0.0224 0.1915 -0.0275 -0.2920 -0.3314 -0.3074 -0.0475 0.1331 0.1619 -0.2391 -0.3251 -0.3364 -0.3035 -0.3364 -0.3251 -0.2391 0.1619 0.1331 -0.0475 -0.3074 -0.3314 -0.2920 -0.0275 0.1915 0.0224 -0.2907 -0.3332 -0.3055 -0.1275 0.2309 0.0653 -0.2456 -0.3293 -0.3174 -0.1914 0.2363 0.1034 -0.1299 -0.3174 -0.3278 -0.2679 0.0620 0.1662 0.0069 -0.2938 -0.3330 -0.3076 -0.1507 0.2424 0.0923 -0.1456 -0.3166 -0.3295 -0.2901 -0.0449 0.2085 0.0512 -0.2536 -0.3284 -0.3212 -0.2275 0.1502 0.1434
0.0932 -0.2434 -0.3235 -0.3262 -0.2350 0.0612 0.2184 -0.0748 -0.2937 -0.3308 -0.3132 -0.1179 0.0995 0.2427 -0.1609 -0.3092 -0.3329 -0.2924 0.0089 0.1662 0.0692 -0.2632 -0.3271 -0.3190 -0.1491 0.0973 0.2413 -0.1795 -0.3151 -0.3307 -0.2609 0.0562 0.2227 -0.1086 -0.3022 -0.3332 -0.2956 0.0083 0.1754 0.0155 -0.2858 -0.3302 -0.3114 -0.0736 0.1223 0.1976 -0.2234 -0.3229 -0.3240 -0.1866 0.0262 -0.1866 -0.3240 -0.3229 -0.2234 0.1976 0.1223 -0.0736 -0.3114 -0.3302 -0.2858 0.0155 0.1754 0.0083 -0.2956 -0.3332 -0.3022 -0.1086 0.2227 0.0562 -0.2609 -0.3307 -0.3151 -0.1795 0.2413 0.0973 -0.1491 -0.3190 -0.3271 -0.2632 0.0692 0.1662 0.0089 -0.2924 -0.3329 -0.3092 -0.1609 0.2427 0.0995 -0.1179 -0.3132 -0.3308 -0.2937 -0.0748 0.2184 0.0612 -0.2350 -0.3262 -0.3235 -0.2434 0.0932
-0.2095 -0.3260 -0.3237 -0.2121 0.0706 0.2274 -0.0992 -0.2973 -0.3319 -0.3095 -0.0885 0.1078 0.2394 -0.1731 -0.3115 -0.3326 -0.2894 0.0148 0.1708 0.0620 -0.2632 -0.3268 -0.3199 -0.1611 0.0929 0.2428 -0.1694 -0.3129 -0.3317 -0.2721 0.0471 0.2140 -0.0877 -0.2989 -0.3329 -0.2996 -0.0080 0.1584 0.0669 -0.2720 -0.3287 -0.3152 -0.1032 0.1124 0.2216 -0.2083 -0.3206 -0.3267 -0.2172 0.0757 0.1591 0.0757 -0.2172 -0.3267 -0.3206 -0.2083 0.2216 0.1124 -0.1032 -0.3152 -0.3287 -0.2720 0.0669 0.1584 -0.0080 -0.2996 -0.3329 -0.2989 -0.0877 0.2140 0.0471 -0.2721 -0.3317 -0.3129 -0.1694 0.2428 0.0929 -0.1611 -0.3199 -0.3268 -0.2632 0.0620 0.1708 0.0148 -0.2894 -0.3326 -0.3115 -0.1731 0.2394 0.1078 -0.0885 -0.3095 -0.3319 -0.2973 -0.0992 0.2274 0.0706 -0.2121 -0.3237 -0.3260 -0.2095
-0.2759 -0.3211 -0.1854 0.0797 0.2351 -0.1196 -0.3007 -0.3326 -0.3054 -0.0606 0.1171 0.2299 -0.1865 -0.3140 -0.3321 -0.2842 0.0234 0.1804 0.0411 -0.2679 -0.3271 -0.3199 -0.1653 0.0906 0.2428 -0.1621 -0.3112 -0.3322 -0.2799 0.0382 0.2055 -0.0644 -0.2957 -0.3323 -0.3035 -0.0268 0.1442 0.1200 -0.2541 -0.3269 -0.3187 -0.1349 0.1032 0.2357 -0.1935 -0.3180 -0.3289 -0.2403 0.0684 0.2219 0.0997 0.2219 0.0684 -0.2403 -0.3289 -0.3180 -0.1935 0.2357 0.1032 -0.1349 -0.3187 -0.3269 -0.2541 0.1200 0.1442 -0.0268 -0.3035 -0.3323 -0.2957 -0.0644 0.2055 0.0382 -0.2799 -0.3322 -0.3112 -0.1621 0.2428 0.0906 -0.1653 -0.3199 -0.3271 -0.2679 0.0411 0.1804 0.0234 -0.2842 -0.3321 -0.3140 -0.1865 0.2299 0.1171 -0.0606 -0.3054 -0.3326 -0.3007 -0.1196 0.2351 0.0797 -0.1854 -0.3211 -0.2759
-0.2836 -0.1537 0.0885 0.2406 -0.1376 -0.3041 -0.3331 -0.3013 -0.0363 0.1273 0.2115 -0.2006 -0.3167 -0.3311 -0.2763 0.0332 0.1917 0.0107 -0.2774 -0.3278 -0.3190 -0.1611 0.0906 0.2426 -0.1582 -0.3101 -0.3325 -0.2848 0.0304 0.1979 -0.0390 -0.2927 -0.3315 -0.3071 -0.0477 0.1325 0.1652 -0.2377 -0.3249 -0.3218 -0.1664 0.0942 0.2420 -0.1788 -0.3153 -0.3305 -0.2579 0.0586 0.2254 -0.1074 -0.2633 -0.1074 0.2254 0.0586 -0.2579 -0.3305 -0.3153 -0.1788 0.2420 0.0942 -0.1664 -0.3218 -0.3249 -0.2377 0.1652 0.1325 -0.0477 -0.3071 -0.3315 -0.2927 -0.0390 0.1979 0.0304 -0.2848 -0.3325 -0.3101 -0.1582 0.2426 0.0906 -0.1611 -0.3190 -0.3278 -0.2774 0.0107 0.1917 0.0332 -0.2763 -0.3311 -0.3167 -0.2006 0.2115 0.1273 -0.0363 -0.3013 -0.3331 -0.3041 -0.1376 0.2406 0.0885 -0.1537 -0.2836
-0.1564 0.0989 0.2429 -0.1540 -0.3073 -0.3332 -0.2974 -0.0158 0.1388 0.1820 -0.2154 -0.3193 -0.3298 -0.2652 0.0433 0.2015 -0.0228 -0.2865 -0.3288 -0.3174 -0.1491 0.0929 0.2428 -0.1582 -0.3097 -0.3327 -0.2875 0.0246 0.1915 -0.0142 -0.2901 -0.3305 -0.3104 -0.0702 0.1228 0.1979 -0.2226 -0.3228 -0.3246 -0.1955 0.0854 0.2425 -0.1638 -0.3124 -0.3318 -0.2715 0.0484 0.2158 -0.0938 -0.3006 -0.3318 -0.3006 -0.0938 0.2158 0.0484 -0.2715 -0.3318 -0.3124 -0.1638 0.2425 0.0854 -0.1955 -0.3246 -0.3228 -0.2226 0.1979 0.1228 -0.0702 -0.3104 -0.3305 -0.2901 -0.0142 0.1915 0.0246 -0.2875 -0.3327 -0.3097 -0.1582 0.2428 0.0929 -0.1491 -0.3174 -0.3288 -0.2865 -0.0228 0.2015 0.0433 -0.2652 -0.3298 -0.3193 -0.2154 0.1820 0.1388 -0.0158 -0.2974 -0.3332 -0.3073 -0.1540 0.2429 0.0989 -0.1564
0.0993 0.2404 -0.1693 -0.3105 -0.3330 -0.2930 0.0017 0.1521 0.1407 -0.2308 -0.3217 -0.3280 -0.2500 0.0534 0.2109 -0.0539 -0.2913 -0.3300 -0.3150 -0.1299 0.0973 0.2428 -0.1621 -0.3101 -0.3327 -0.2884 0.0215 0.1860 0.0059 -0.2871 -0.3296 -0.3131 -0.0927 0.1146 0.2191 -0.2091 -0.3205 -0.3269 -0.2204 0.0765 0.2389 -0.1481 -0.3093 -0.3326 -0.2819 0.0373 0.2058 -0.0675 -0.2965 -0.3408 -0.3522 -0.3408 -0.2965 -0.0675 0.2058 0.0373 -0.2819 -0.3326 -0.3093 -0.1481 0.2389 0.0765 -0.2204 -0.3269 -0.3205 -0.2091 0.2191 0.1146 -0.0927 -0.3131 -0.3296 -0.2871 0.0059 0.1860 0.0215 -0.2884 -0.3327 -0.3101 -0.1621 0.2428 0.0973 -0.1299 -0.3150 -0.3300 -0.2913 -0.0539 0.2109 0.0534 -0.2500 -0.3280 -0.3217 -0.2308 0.1407 0.1521 0.0017 -0.2930 -0.3330 -0.3105 -0.1693 0.2404 0.0993
0.2173 -0.1841 -0.3134 -0.3324 -0.2870 0.0167 0.1679 0.0897 -0.2470 -0.3240 -0.3257 -0.2305 0.0632 0.2204 -0.0807 -0.2946 -0.3311 -0.3119 -0.1057 0.1034 0.2413 -0.1694 -0.3112 -0.3325 -0.2875 0.0215 0.1837 0.0169 -0.2831 -0.3289 -0.3151 -0.1121 0.1080 0.2315 -0.1971 -0.3184 -0.3287 -0.2402 0.0679 0.2328 -0.1316 -0.3062 -0.3331 -0.2895 0.0252 0.1949 -0.0353 -0.2927 -0.3315 -0.3197 -0.2208 -0.3197 -0.3315 -0.2927 -0.0353 0.1949 0.0252 -0.2895 -0.3331 -0.3062 -0.1316 0.2328 0.0679 -0.2402 -0.3287 -0.3184 -0.1971 0.2315 0.1080 -0.1121 -0.3151 -0.3289 -0.2831 0.0169 0.1837 0.0215 -0.2875 -0.3325 -0.3112 -0.1694 0.2413 0.1034 -0.1057 -0.3119 -0.3311 -0.2946 -0.0807 0.2204 0.0632 -0.2305 -0.3257 -0.3240 -0.2470 0.0897 0.1679 0.0167 -0.2870 -0.3324 -0.3134 -0.1841 0.2173
-0.1695 -0.3166 -0.3314 -0.2785 0.0298 0.1852 0.0364 -0.2643 -0.3261 -0.3231 -0.2068 0.0726 0.2292 -0.1037 -0.2980 -0.3321 -0.3084 -0.0799 0.1110 0.2363 -0.1795 -0.3129 -0.3322 -0.2848 0.0246 0.1860 0.0169 -0.2809 -0.3286 -0.3163 -0.1260 0.1031 0.2379 -0.1869 -0.3163 -0.3301 -0.2554 0.0594 0.2254 -0.1141 -0.3030 -0.3332 -0.2947 0.0114 0.1794 0.0056 -0.2883 -0.3303 -0.3101 -0.0630 0.0652 -0.0630 -0.3101 -0.3303 -0.2883 0.0056 0.1794 0.0114 -0.2947 -0.3332 -0.3030 -0.1141 0.2254 0.0594 -0.2554 -0.3301 -0.3163 -0.1869 0.2379 0.1031 -0.1260 -0.3163 -0.3286 -0.2809 0.0169 0.1860 0.0246 -0.2848 -0.3322 -0.3129 -0.1795 0.2363 0.1110 -0.0799 -0.3084 -0.3321 -0.2980 -0.1037 0.2292 0.0726 -0.2068 -0.3231 -0.3261 -0.2643 0.0364 0.1852 0.0298 -0.2785 -0.3314 -0.3166 -0.1695
-0.2646 -0.3304 -0.2670 0.0415 0.1992 -0.0105 -0.2809 -0.3280 -0.3201 -0.1791 0.0816 0.2365 -0.1236 -0.3014 -0.3328 -0.3045 -0.0546 0.1196 0.2254 -0.1914 -0.3151 -0.3317 -0.2799 0.0304 0.1915 0.0059 -0.2831 -0.3286 -0.3167 -0.1333 0.1001 0.2407 -0.1791 -0.3146 -0.3310 -0.2665 0.0512 0.2175 -0.0953 -0.2999 -0.3330 -0.2986 -0.0040 0.1619 0.0556 -0.2760 -0.3290 -0.3142 -0.0949 0.1094 0.2068 0.1094 -0.0949 -0.3142 -0.3290 -0.2760 0.0556 0.1619 -0.0040 -0.2986 -0.3330 -0.2999 -0.0953 0.2175 0.0512 -0.2665 -0.3310 -0.3146 -0.1791 0.2407 0.1001 -0.1333 -0.3167 -0.3286 -0.2831 0.0059 0.1915 0.0304 -0.2799 -0.3317 -0.3151 -0.1914 0.2254 0.1196 -0.0546 -0.3045 -0.3328 -0.3014 -0.1236 0.2365 0.0816 -0.1791 -0.3201 -0.3280 -0.2809 -0.0105 0.1992 0.0415 -0.2670 -0.3304 -0.2646
-0.2884 -0.2517 0.0521 0.2095 -0.0480 -0.2904 -0.3296 -0.3167 -0.1483 0.0905 0.2414 -0.1412 -0.3048 -0.3331 -0.3005 -0.0317 0.1297 0.2057 -0.2045 -0.3174 -0.3307 -0.2721 0.0382 0.1979 -0.0142 -0.2871 -0.3289 -0.3163 -0.1333 0.0991 0.2417 -0.1743 -0.3134 -0.3316 -0.2739 0.0439 0.2100 -0.0753 -0.2970 -0.3325 -0.3022 -0.0211 0.1475 0.1081 -0.2579 -0.3273 -0.3179 -0.1281 0.1051 0.2386 -0.0812 0.2386 0.1051 -0.1281 -0.3179 -0.3273 -0.2579 0.1081 0.1475 -0.0211 -0.3022 -0.3325 -0.2970 -0.0753 0.2100 0.0439 -0.2739 -0.3316 -0.3134 -0.1743 0.2417 0.0991 -0.1333 -0.3163 -0.3289 -0.2871 -0.0142 0.1979 0.0382 -0.2721 -0.3307 -0.3174 -0.2045 0.2057 0.1297 -0.0317 -0.3005 -0.3331 -0.3048 -0.1412 0.2414 0.0905 -0.1483 -0.3167 -0.3296 -0.2904 -0.0480 0.2095 0.0521 -0.2517 -0.2884
-0.2375 0.0634 0.2193 -0.0775 -0.2941 -0.3309 -0.3130 -0.1164 0.0994 0.2428 -0.1573 -0.3080 -0.3332 -0.2965 -0.0118 0.1414 0.1743 -0.2187 -0.3199 -0.3293 -0.2609 0.0471 0.2055 -0.0390 -0.2901 -0.3296 -0.3151 -0.1260 0.1001 0.2417 -0.1727 -0.3127 -0.3319 -0.2785 0.0381 0.2039 -0.0558 -0.2943 -0.3318 -0.3056 -0.0398 0.1361 0.1533 -0.2418 -0.3254 -0.3212 -0.1598 0.0961 0.2410 -0.1778 -0.2948 -0.1778 0.2410 0.0961 -0.1598 -0.3212 -0.3254 -0.2418 0.1533 0.1361 -0.0398 -0.3056 -0.3318 -0.2943 -0.0558 0.2039 0.0381 -0.2785 -0.3319 -0.3127 -0.1727 0.2417 0.1001 -0.1260 -0.3151 -0.3296 -0.2901 -0.0390 0.2055 0.0471 -0.2609 -0.3293 -0.3199 -0.2187 0.1743 0.1414 -0.0118 -0.2965 -0.3332 -0.3080 -0.1573 0.2428 0.0994 -0.1164 -0.3130 -0.3309 -0.2941 -0.0775 0.2193 0.0634 -0.2375
0.0596 0.2282 -0.1013 -0.2976 -0.3319 -0.3091 -0.0857 0.1085 0.2392 -0.1725 -0.3111 -0.3329 -0.2919 0.0050 0.1552 0.1305 -0.2342 -0.3222 -0.3275 -0.2456 0.0562 0.2140 -0.0644 -0.2927 -0.3305 -0.3131 -0.1121 0.1031 0.2407 -0.1743 -0.3127 -0.3320 -0.2805 0.0344 0.1996 -0.0389 -0.2922 -0.3311 -0.3086 -0.0593 0.1266 0.1872 -0.2274 -0.3234 -0.3240 -0.1891 0.0873 0.2428 -0.1674 -0.3154 -0.3434 -0.3154 -0.1674 0.2428 0.0873 -0.1891 -0.3240 -0.3234 -0.2274 0.1872 0.1266 -0.0593 -0.3086 -0.3311 -0.2922 -0.0389 0.1996 0.0344 -0.2805 -0.3320 -0.3127 -0.1743 0.2407 0.1031 -0.1121 -0.3131 -0.3305 -0.2927 -0.0644 0.2140 0.0562 -0.2456 -0.3275 -0.3222 -0.2342 0.1305 0.1552 0.0050 -0.2919 -0.3329 -0.3111 -0.1725 0.2392 0.1085 -0.0857 -0.3091 -0.3319 -0.2976 -0.1013 0.2282 0.0596
0.2245 -0.1215 -0.3010 -0.3327 -0.3050 -0.0580 0.1180 0.2287 -0.1873 -0.3141 -0.3322 -0.2854 0.0196 0.1716 0.0783 -0.2505 -0.3245 -0.3252 -0.2257 0.0653 0.2227 -0.0877 -0.2957 -0.3315 -0.3104 -0.0927 0.1080 0.2379 -0.1791 -0.3134 -0.3319 -0.2805 0.0331 0.1974 -0.0272 -0.2906 -0.3305 -0.3108 -0.0774 0.1191 0.2101 -0.2147 -0.3214 -0.3262 -0.2138 0.0787 0.2400 -0.1516 -0.3101 -0.3440 -0.3424 -0.3440 -0.3101 -0.1516 0.2400 0.0787 -0.2138 -0.3262 -0.3214 -0.2147 0.2101 0.1191 -0.0774 -0.3108 -0.3305 -0.2906 -0.0272 0.1974 0.0331 -0.2805 -0.3319 -0.3134 -0.1791 0.2379 0.1080 -0.0927 -0.3104 -0.3315 -0.2957 -0.0877 0.2227 0.0653 -0.2257 -0.3252 -0.3245 -0.2505 0.0783 0.1716 0.0196 -0.2854 -0.3322 -0.3141 -0.1873 0.2287 0.1180 -0.0580 -0.3050 -0.3327 -0.3010 -0.1215 0.2245
-0.1226 -0.3047 -0.3331 -0.3009 -0.0341 0.1284 0.2091 -0.2020 -0.3169 -0.3311 -0.2763 0.0324 0.1883 0.0258 -0.2681 -0.3265 -0.3225 -0.2013 0.0745 0.2309 -0.1086 -0.2989 -0.3323 -0.3071 -0.0702 0.1146 0.2315 -0.1869 -0.3146 -0.3316 -0.2785 0.0344 0.1974 -0.0230 -0.2898 -0.3301 -0.3124 -0.0922 0.1134 0.2238 -0.2038 -0.3194 -0.3280 -0.2336 0.0705 0.2347 -0.1358 -0.3069 -0.3328 -0.2909 -0.0856 -0.2909 -0.3328 -0.3069 -0.1358 0.2347 0.0705 -0.2336 -0.3280 -0.3194 -0.2038 0.2238 0.1134 -0.0922 -0.3124 -0.3301 -0.2898 -0.0230 0.1974 0.0344 -0.2785 -0.3316 -0.3146 -0.1869 0.2315 0.1146 -0.0702 -0.3071 -0.3323 -0.2989 -0.1086 0.2309 0.0745 -0.2013 -0.3225 -0.3265 -0.2681 0.0258 0.1883 0.0324 -0.2763 -0.3311 -0.3169 -0.2020 0.2091 0.1284 -0.0341 -0.3009 -0.3331 -0.3047 -0.1226
-0.2511 -0.3335 -0.2970 -0.0139 0.1400 0.1785 -0.2169 -0.3195 -0.3296 -0.2641 0.0438 0.2014 -0.0192 -0.2833 -0.3283 -0.3194 -0.1728 0.0835 0.2378 -0.1275 -0.3022 -0.3329 -0.3035 -0.0477 0.1228 0.2191 -0.1971 -0.3163 -0.3310 -0.2739 0.0381 0.1996 -0.0272 -0.2898 -0.3300 -0.3132 -0.1019 0.1095 0.2313 -0.1953 -0.3177 -0.3293 -0.2486 0.0627 0.2281 -0.1196 -0.3039 -0.3330 -0.2932 0.0162 0.1001 0.0162 -0.2932 -0.3330 -0.3039 -0.1196 0.2281 0.0627 -0.2486 -0.3293 -0.3177 -0.1953 0.2313 0.1095 -0.1019 -0.3132 -0.3300 -0.2898 -0.0272 0.1996 0.0381 -0.2739 -0.3310 -0.3163 -0.1971 0.2191 0.1228 -0.0477 -0.3035 -0.3329 -0.3022 -0.1275 0.2378 0.0835 -0.1728 -0.3194 -0.3283 -0.2833 -0.0192 0.2014 0.0438 -0.2641 -0.3296 -0.3195 -0.2169 0.1785 0.1400 -0.0139 -0.2970 -0.3335 -0.2511
-0.2881 -0.2929 0.0031 0.1535 0.1360 -0.2324 -0.3220 -0.3278 -0.2483 0.0543 0.2116 -0.0548 -0.2912 -0.3299 -0.3159 -0.1416 0.0923 0.2420 -0.1447 -0.3055 -0.3332 -0.2996 -0.0268 0.1325 0.1979 -0.2091 -0.3184 -0.3301 -0.2665 0.0439 0.2039 -0.0389 -0.2906 -0.3301 -0.3132 -0.1052 0.1075 0.2350 -0.1894 -0.3164 -0.3302 -0.2592 0.0558 0.2213 -0.1031 -0.3010 -0.3330 -0.2975 0.0013 0.1512 0.2324 0.1512 0.0013 -0.2975 -0.3330 -0.3010 -0.1031 0.2213 0.0558 -0.2592 -0.3302 -0.3164 -0.1894 0.2350 0.1075 -0.1052 -0.3132 -0.3301 -0.2906 -0.0389 0.2039 0.0439 -0.2665 -0.3301 -0.3184 -0.2091 0.1979 0.1325 -0.0268 -0.2996 -0.3332 -0.3055 -0.1447 0.2420 0.0923 -0.1416 -0.3159 -0.3299 -0.2912 -0.0548 0.2116 0.0543 -0.2483 -0.3278 -0.3220 -0.2324 0.1360 0.1535 0.0031 -0.2929 -0.2881
-0.2678 0.0193 0.1695 0.0844 -0.2486 -0.3242 -0.3255 -0.2284 0.0641 0.2213 -0.0829 -0.2948 -0.3311 -0.3122 -0.1098 0.1013 0.2425 -0.1605 -0.3087 -0.3332 -0.2956 -0.0080 0.1442 0.1652 -0.2226 -0.3205 -0.3287 -0.2554 0.0512 0.2100 -0.0558 -0.2922 -0.3305 -0.3124 -0.1019 0.1075 0.2360 -0.1863 -0.3155 -0.3307 -0.2661 0.0501 0.2152 -0.0869 -0.2984 -0.3327 -0.3008 -0.0153 0.1510 0.1142 -0.1789 0.1142 0.1510 -0.0153 -0.3008 -0.3327 -0.2984 -0.0869 0.2152 0.0501 -0.2661 -0.3307 -0.3155 -0.1863 0.2360 0.1075 -0.1019 -0.3124 -0.3305 -0.2922 -0.0558 0.2100 0.0512 -0.2554 -0.3287 -0.3205 -0.2226 0.1652 0.1442 -0.0080 -0.2956 -0.3332 -0.3087 -0.1605 0.2425 0.1013 -0.1098 -0.3122 -0.3311 -0.2948 -0.0829 0.2213 0.0641 -0.2284 -0.3255 -0.3242 -0.2486 0.0844 0.1695 0.0193 -0.2678
0.0118 0.1866 0.0315 -0.2661 -0.3263 -0.3228 -0.2042 0.0735 0.2300 -0.1058 -0.2983 -0.3321 -0.3082 -0.0796 0.1104 0.2376 -0.1756 -0.3117 -0.3328 -0.2907 0.0083 0.1584 0.1200 -0.2377 -0.3228 -0.3269 -0.2402 0.0594 0.2175 -0.0753 -0.2943 -0.3311 -0.3108 -0.0922 0.1095 0.2350 -0.1863 -0.3152 -0.3310 -0.2700 0.0459 0.2105 -0.0727 -0.2961 -0.3322 -0.3039 -0.0318 0.1403 0.1371 -0.2436 -0.3117 -0.2436 0.1371 0.1403 -0.0318 -0.3039 -0.3322 -0.2961 -0.0727 0.2105 0.0459 -0.2700 -0.3310 -0.3152 -0.1863 0.2350 0.1095 -0.0922 -0.3108 -0.3311 -0.2943 -0.0753 0.2175 0.0594 -0.2402 -0.3269 -0.3228 -0.2377 0.1200 0.1584 0.0083 -0.2907 -0.3328 -0.3117 -0.1756 0.2376 0.1104 -0.0796 -0.3082 -0.3321 -0.2983 -0.1058 0.2300 0.0735 -0.2042 -0.3228 -0.3263 -0.2661 0.0315 0.1866 0.0118
0.1918 -0.0148 -0.2820 -0.3281 -0.3197 -0.1761 0.0825 0.2371 -0.1254 -0.3018 -0.3328 -0.3041 -0.0527 0.1201 0.2254 -0.1904 -0.3147 -0.3320 -0.2837 0.0224 0.1754 0.0669 -0.2541 -0.3249 -0.3246 -0.2204 0.0679 0.2254 -0.0953 -0.2970 -0.3318 -0.3086 -0.0774 0.1134 0.2313 -0.1894 -0.3155 -0.3310 -0.2713 0.0436 0.2074 -0.0617 -0.2945 -0.3317 -0.3065 -0.0480 0.1311 0.1737 -0.2333 -0.3287 -0.3512 -0.3287 -0.2333 0.1737 0.1311 -0.0480 -0.3065 -0.3317 -0.2945 -0.0617 0.2074 0.0436 -0.2713 -0.3310 -0.3155 -0.1894 0.2313 0.1134 -0.0774 -0.3086 -0.3318 -0.2970 -0.0953 0.2254 0.0679 -0.2204 -0.3246 -0.3249 -0.2541 0.0669 0.1754 0.0224 -0.2837 -0.3320 -0.3147 -0.1904 0.2254 0.1201 -0.0527 -0.3041 -0.3328 -0.3018 -0.1254 0.2371 0.0825 -0.1761 -0.3197 -0.3281 -0.2820 -0.0148 0.1918
-0.0444 -0.2911 -0.3297 -0.3163 -0.1452 0.0913 0.2417 -0.1428 -0.3051 -0.3332 -0.3001 -0.0296 0.1307 0.2036 -0.2051 -0.3174 -0.3308 -0.2740 0.0349 0.1915 0.0155 -0.2720 -0.3269 -0.3218 -0.1955 0.0765 0.2328 -0.1141 -0.2999 -0.3325 -0.3056 -0.0593 0.1191 0.2238 -0.1953 -0.3164 -0.3307 -0.2700 0.0436 0.2063 -0.0554 -0.2934 -0.3314 -0.3084 -0.0620 0.1242 0.1978 -0.2210 -0.3223 -0.3394 -0.3178 -0.3394 -0.3223 -0.2210 0.1978 0.1242 -0.0620 -0.3084 -0.3314 -0.2934 -0.0554 0.2063 0.0436 -0.2700 -0.3307 -0.3164 -0.1953 0.2238 0.1191 -0.0593 -0.3056 -0.3325 -0.2999 -0.1141 0.2328 0.0765 -0.1955 -0.3218 -0.3269 -0.2720 0.0155 0.1915 0.0349 -0.2740 -0.3308 -0.3174 -0.2051 0.2036 0.1307 -0.0296 -0.3001 -0.3332 -0.3051 -0.1428 0.2417 0.0913 -0.1452 -0.3163 -0.3297 -0.2911 -0.0444
-0.2359 -0.3314 -0.3126 -0.1133 0.1003 0.2427 -0.1588 -0.3083 -0.3332 -0.2961 -0.0101 0.1426 0.1705 -0.2201 -0.3201 -0.3293 -0.2611 0.0461 0.2036 -0.0275 -0.2858 -0.3287 -0.3187 -0.1664 0.0854 0.2389 -0.1316 -0.3030 -0.3330 -0.3022 -0.0398 0.1266 0.2101 -0.2038 -0.3177 -0.3302 -0.2661 0.0459 0.2074 -0.0554 -0.2930 -0.3311 -0.3095 -0.0722 0.1195 0.2122 -0.2114 -0.3206 -0.3265 -0.2191 0.0101 -0.2191 -0.3265 -0.3206 -0.2114 0.2122 0.1195 -0.0722 -0.3095 -0.3311 -0.2930 -0.0554 0.2074 0.0459 -0.2661 -0.3302 -0.3177 -0.2038 0.2101 0.1266 -0.0398 -0.3022 -0.3330 -0.3030 -0.1316 0.2389 0.0854 -0.1664 -0.3187 -0.3287 -0.2858 -0.0275 0.2036 0.0461 -0.2611 -0.3293 -0.3201 -0.2201 0.1705 0.1426 -0.0101 -0.2961 -0.3332 -0.3083 -0.1588 0.2427 0.1003 -0.1133 -0.3126 -0.3314 -0.2359
-0.2831 -0.3090 -0.0830 0.1094 0.2385 -0.1740 -0.3114 -0.3328 -0.2914 0.0066 0.1567 0.1257 -0.2357 -0.3225 -0.3273 -0.2444 0.0565 0.2137 -0.0613 -0.2920 -0.3302 -0.3152 -0.1349 0.0942 0.2425 -0.1481 -0.3062 -0.3332 -0.2986 -0.0211 0.1361 0.1872 -0.2147 -0.3194 -0.3293 -0.2592 0.0501 0.2105 -0.0617 -0.2934 -0.3311 -0.3098 -0.0776 0.1167 0.2201 -0.2047 -0.3192 -0.3281 -0.2381 0.0664 0.1460 0.0664 -0.2381 -0.3281 -0.3192 -0.2047 0.2201 0.1167 -0.0776 -0.3098 -0.3311 -0.2934 -0.0617 0.2105 0.0501 -0.2592 -0.3293 -0.3194 -0.2147 0.1872 0.1361 -0.0211 -0.2986 -0.3332 -0.3062 -0.1481 0.2425 0.0942 -0.1349 -0.3152 -0.3302 -0.2920 -0.0613 0.2137 0.0565 -0.2444 -0.3273 -0.3225 -0.2357 0.1257 0.1567 0.0066 -0.2914 -0.3328 -0.3114 -0.1740 0.2385 0.1094 -0.0830 -0.3090 -0.2831
-0.2764 -0.0540 0.1189 0.2272 -0.1887 -0.3143 -0.3321 -0.2846 0.0209 0.1733 0.0730 -0.2522 -0.3247 -0.3249 -0.2236 0.0661 0.2232 -0.0881 -0.2956 -0.3314 -0.3114 -0.1032 0.1032 0.2420 -0.1638 -0.3093 -0.3331 -0.2947 -0.0040 0.1475 0.1533 -0.2274 -0.3214 -0.3280 -0.2486 0.0558 0.2152 -0.0727 -0.2945 -0.3314 -0.3095 -0.0776 0.1157 0.2236 -0.2005 -0.3183 -0.3291 -0.2494 0.0616 0.2116 0.1453 0.2116 0.0616 -0.2494 -0.3291 -0.3183 -0.2005 0.2236 0.1157 -0.0776 -0.3095 -0.3314 -0.2945 -0.0727 0.2152 0.0558 -0.2486 -0.3280 -0.3214 -0.2274 0.1533 0.1475 -0.0040 -0.2947 -0.3331 -0.3093 -0.1638 0.2420 0.1032 -0.1032 -0.3114 -0.3314 -0.2956 -0.0881 0.2232 0.0661 -0.2236 -0.3249 -0.3247 -0.2522 0.0730 0.1733 0.0209 -0.2846 -0.3321 -0.3143 -0.1887 0.2272 0.1189 -0.0540 -0.2764
-0.0641 0.1306 0.2067 -0.2035 -0.3171 -0.3310 -0.2752 0.0335 0.1898 0.0209 -0.2699 -0.3267 -0.3222 -0.1986 0.0754 0.2316 -0.1102 -0.2991 -0.3323 -0.3074 -0.0736 0.1124 0.2357 -0.1788 -0.3124 -0.3326 -0.2895 0.0114 0.1619 0.1081 -0.2418 -0.3234 -0.3262 -0.2336 0.0627 0.2213 -0.0869 -0.2961 -0.3317 -0.3084 -0.0722 0.1167 0.2236 -0.1991 -0.3178 -0.3296 -0.2557 0.0568 0.2212 -0.0926 -0.2538 -0.0926 0.2212 0.0568 -0.2557 -0.3296 -0.3178 -0.1991 0.2236 0.1167 -0.0722 -0.3084 -0.3317 -0.2961 -0.0869 0.2213 0.0627 -0.2336 -0.3262 -0.3234 -0.2418 0.1081 0.1619 0.0114 -0.2895 -0.3326 -0.3124 -0.1788 0.2357 0.1124 -0.0736 -0.3074 -0.3323 -0.2991 -0.1102 0.2316 0.0754 -0.1986 -0.3222 -0.3267 -0.2699 0.0209 0.1898 0.0335 -0.2752 -0.3310 -0.3171 -0.2035 0.2067 0.1306 -0.0641
0.1358 0.1746 -0.2184 -0.3198 -0.3295 -0.2627 0.0449 0.2024 -0.0231 -0.2845 -0.3285 -0.3190 -0.1698 0.0844 0.2383 -0.1292 -0.3025 -0.3329 -0.3033 -0.0475 0.1223 0.2216 -0.1935 -0.3153 -0.3318 -0.2819 0.0252 0.1794 0.0556 -0.2579 -0.3254 -0.3240 -0.2138 0.0705 0.2281 -0.1031 -0.2984 -0.3322 -0.3065 -0.0620 0.1195 0.2201 -0.2005 -0.3178 -0.3297 -0.2587 0.0538 0.2174 -0.0904 -0.2990 -0.3298 -0.2990 -0.0904 0.2174 0.0538 -0.2587 -0.3297 -0.3178 -0.2005 0.2201 0.1195 -0.0620 -0.3065 -0.3322 -0.2984 -0.1031 0.2281 0.0705 -0.2138 -0.3240 -0.3254 -0.2579 0.0556 0.1794 0.0252 -0.2819 -0.3318 -0.3153 -0.1935 0.2216 0.1223 -0.0475 -0.3033 -0.3329 -0.3025 -0.1292 0.2383 0.0844 -0.1698 -0.3190 -0.3285 -0.2845 -0.0231 0.2024 0.0449 -0.2627 -0.3295 -0.3198 -0.2184 0.1746 0.1358
0.1210 -0.2338 -0.3222 -0.3276 -0.2465 0.0553 0.2126 -0.0579 -0.2916 -0.3300 -0.3156 -0.1385 0.0932 0.2423 -0.1463 -0.3058 -0.3332 -0.2992 -0.0252 0.1331 0.1976 -0.2083 -0.3180 -0.3305 -0.2715 0.0373 0.1949 0.0056 -0.2760 -0.3273 -0.3212 -0.1891 0.0787 0.2347 -0.1196 -0.3010 -0.3327 -0.3039 -0.0480 0.1242 0.2122 -0.2047 -0.3183 -0.3296 -0.2587 0.0528 0.2156 -0.0826 -0.2972 -0.3401 -0.3514 -0.3401 -0.2972 -0.0826 0.2156 0.0528 -0.2587 -0.3296 -0.3183 -0.2047 0.2122 0.1242 -0.0480 -0.3039 -0.3327 -0.3010 -0.1196 0.2347 0.0787 -0.1891 -0.3212 -0.3273 -0.2760 0.0056 0.1949 0.0373 -0.2715 -0.3305 -0.3180 -0.2083 0.1976 0.1331 -0.0252 -0.2992 -0.3332 -0.3058 -0.1463 0.2423 0.0932 -0.1385 -0.3156 -0.3300 -0.2916 -0.0579 0.2126 0.0553 -0.2465 -0.3276 -0.3222 -0.2338 0.1210
-0.2034 -0.3248 -0.3252 -0.2262 0.0651 0.2222 -0.0853 -0.2952 -0.3312 -0.3118 -0.1067 0.1022 0.2423 -0.1621 -0.3090 -0.3331 -0.2952 -0.0063 0.1454 0.1619 -0.2234 -0.3206 -0.3289 -0.2579 0.0484 0.2058 -0.0353 -0.2883 -0.3290 -0.3179 -0.1598 0.0873 0.2400 -0.1358 -0.3039 -0.3330 -0.3008 -0.0318 0.1311 0.1978 -0.2114 -0.3192 -0.3291 -0.2557 0.0538 0.2156 -0.0800 -0.2963 -0.3319 -0.3179 -0.2172 -0.3179 -0.3319 -0.2963 -0.0800 0.2156 0.0538 -0.2557 -0.3291 -0.3192 -0.2114 0.1978 0.1311 -0.0318 -0.3008 -0.3330 -0.3039 -0.1358 0.2400 0.0873 -0.1598 -0.3179 -0.3290 -0.2883 -0.0353 0.2058 0.0484 -0.2579 -0.3289 -0.3206 -0.2234 0.1619 0.1454 -0.0063 -0.2952 -0.3331 -0.3090 -0.1621 0.2423 0.1022 -0.1067 -0.3118 -0.3312 -0.2952 -0.0853 0.2222 0.0651 -0.2262 -0.3252 -0.3248 -0.2034
-0.2743 -0.3227 -0.2015 0.0744 0.2308 -0.1080 -0.2987 -0.3321 -0.3077 -0.0767 0.1114 0.2367 -0.1771 -0.3120 -0.3326 -0.2902 0.0098 0.1601 0.1147 -0.2391 -0.3229 -0.3267 -0.2403 0.0586 0.2158 -0.0675 -0.2927 -0.3303 -0.3142 -0.1281 0.0961 0.2428 -0.1516 -0.3069 -0.3330 -0.2975 -0.0153 0.1403 0.1737 -0.2210 -0.3206 -0.3281 -0.2494 0.0568 0.2174 -0.0826 -0.2963 -0.3318 -0.3055 -0.0467 0.0699 -0.0467 -0.3055 -0.3318 -0.2963 -0.0826 0.2174 0.0568 -0.2494 -0.3281 -0.3206 -0.2210 0.1737 0.1403 -0.0153 -0.2975 -0.3330 -0.3069 -0.1516 0.2428 0.0961 -0.1281 -0.3142 -0.3303 -0.2927 -0.0675 0.2158 0.0586 -0.2403 -0.3267 -0.3229 -0.2391 0.1147 0.1601 0.0098 -0.2902 -0.3326 -0.3120 -0.1771 0.2367 0.1114 -0.0767 -0.3077 -0.3321 -0.2987 -0.1080 0.2308 0.0744 -0.2015 -0.3227 -0.2743
-0.2846 -0.1699 0.0835 0.2378 -0.1278 -0.3023 -0.3327 -0.3033 -0.0488 0.1209 0.2230 -0.1922 -0.3150 -0.3316 -0.2823 0.0243 0.1758 0.0598 -0.2562 -0.3251 -0.3240 -0.2172 0.0684 0.2254 -0.0938 -0.2965 -0.3315 -0.3101 -0.0949 0.1051 0.2410 -0.1674 -0.3101 -0.3328 -0.2932 0.0013 0.1510 0.1371 -0.2333 -0.3223 -0.3265 -0.2381 0.0616 0.2212 -0.0904 -0.2972 -0.3319 -0.3055 -0.0510 0.1197 0.2158 0.1197 -0.0510 -0.3055 -0.3319 -0.2972 -0.0904 0.2212 0.0616 -0.2381 -0.3265 -0.3223 -0.2333 0.1371 0.1510 0.0013 -0.2932 -0.3328 -0.3101 -0.1674 0.2410 0.1051 -0.0949 -0.3101 -0.3315 -0.2965 -0.0938 0.2254 0.0684 -0.2172 -0.3240 -0.3251 -0.2562 0.0598 0.1758 0.0243 -0.2823 -0.3316 -0.3150 -0.1922 0.2230 0.1209 -0.0488 -0.3033 -0.3327 -0.3023 -0.1278 0.2378 0.0835 -0.1699 -0.2846
-0.1695 0.0909 0.2404 -0.1391 -0.3068 -0.3428 -0.3097 -0.0244 0.1242 0.2123 -0.2030 -0.3209 -0.3434 -0.2714 0.0365 0.1731 0.0298 -0.2706 -0.3326 -0.3364 -0.1866 0.0757 0.2219 -0.1074 -0.3006 -0.3408 -0.3197 -0.0630 0.1094 0.2386 -0.1778 -0.3154 -0.3440 -0.2909 0.0162 0.1512 0.1142 -0.2436 -0.3287 -0.3394 -0.2191 0.0664 0.2116 -0.0926 -0.2990 -0.3401 -0.3179 -0.0467 0.1197 0.2212 -0.1121 0.2212 0.1197 -0.0467 -0.3179 -0.3401 -0.2990 -0.0926 0.2116 0.0664 -0.2191 -0.3394 -0.3287 -0.2436 0.1142 0.1512 0.0162 -0.2909 -0.3440 -0.3154 -0.1778 0.2386 0.1094 -0.0630 -0.3197 -0.3408 -0.3006 -0.1074 0.2219 0.0757 -0.1866 -0.3364 -0.3326 -0.2706 0.0298 0.1731 0.0365 -0.2714 -0.3434 -0.3209 -0.2030 0.2123 0.1242 -0.0244 -0.3097 -0.3428 -0.3068 -0.1391 0.2404 0.0909 -0.1695
0.0332 0.1828 0.0107 -0.2830 -0.3369 -0.3495 -0.1676 0.0789 0.2211 -0.1245 -0.3016 -0.3471 -0.3351 -0.0409 0.1150 0.2257 -0.2128 -0.3175 -0.3529 -0.3035 0.0262 0.1591 0.0997 -0.2633 -0.3318 -0.3522 -0.2208 0.0652 0.2068 -0.0812 -0.2948 -0.3434 -0.3424 -0.0856 0.1001 0.2324 -0.1789 -0.3117 -0.3512 -0.3178 0.0101 0.1460 0.1453 -0.2538 -0.3298 -0.3514 -0.2172 0.0699 0.2158 -0.1121 -0.2731 -0.1121 0.2158 0.0699 -0.2172 -0.3514 -0.3298 -0.2538 0.1453 0.1460 0.0101 -0.3178 -0.3512 -0.3117 -0.1789 0.2324 0.1001 -0.0856 -0.3424 -0.3434 -0.2948 -0.0812 0.2068 0.0652 -0.2208 -0.3522 -0.3318 -0.2633 0.0997 0.1591 0.0262 -0.3035 -0.3529 -0.3175 -0.2128 0.2257 0.1150 -0.0409 -0.3351 -0.3471 -0.3016 -0.1245 0.2211 0.0789 -0.1676 -0.3495 -0.3369 -0.2830 0.0107 0.1828 0.0332
