0.2087 0.2007 0.2734 0.3971 0.4852 0.3847 0.1897 0.1895 0.2497 0.3602 0.4830 0.4291 0.2159 0.1814 0.2294 0.3267 0.4643 0.4590 0.2723 0.1784 0.2124 0.2965 0.4302 0.4776 0.3369 0.1812 0.1987 0.2697 0.3914 0.4857 0.3924 0.1922 0.1880 0.2464 0.3549 0.4814 0.4345 0.2226 0.1806 0.2266 0.3219 0.4599 0.4625 0.2822 0.1784 0.2101 0.2922 0.4244 0.4791 0.3516 0.2065 0.3516 0.4791 0.4244 0.2922 0.2101 0.1784 0.2822 0.4625 0.4599 0.3219 0.2266 0.1806 0.2226 0.4345 0.4814 0.3549 0.2464 0.1880 0.1922 0.3924 0.4857 0.3914 0.2697 0.1987 0.1812 0.3369 0.4776 0.4302 0.2965 0.2124 0.1784 0.2723 0.4590 0.4643 0.3267 0.2294 0.1814 0.2159 0.4291 0.4830 0.3602 0.2497 0.1895 0.1897 0.3847 0.4852 0.3971 0.2734 0.2007 0.2087
0.2007 0.2660 0.4002 0.4861 0.3860 0.1689 0.1661 0.2356 0.3580 0.4855 0.4297 0.2053 0.1561 0.2127 0.3211 0.4682 0.4588 0.2716 0.1530 0.1933 0.2877 0.4332 0.4776 0.3388 0.1573 0.1773 0.2579 0.3919 0.4868 0.3943 0.1725 0.1643 0.2319 0.3522 0.4841 0.4349 0.2142 0.1551 0.2095 0.3158 0.4639 0.4623 0.2823 0.1531 0.1907 0.2829 0.4271 0.4796 0.3475 0.1579 0.1512 0.1579 0.3475 0.4796 0.4271 0.2829 0.1907 0.1531 0.2823 0.4623 0.4639 0.3158 0.2095 0.1551 0.2142 0.4349 0.4841 0.3522 0.2319 0.1643 0.1725 0.3943 0.4868 0.3919 0.2579 0.1773 0.1573 0.3388 0.4776 0.4332 0.2877 0.1933 0.1530 0.2716 0.4588 0.4682 0.3211 0.2127 0.1561 0.2053 0.4297 0.4855 0.3580 0.2356 0.1661 0.1689 0.3860 0.4861 0.4002 0.2660 0.2007
0.2734 0.4002 0.4859 0.3941 0.1735 0.1634 0.2294 0.3478 0.4821 0.4381 0.2205 0.1545 0.2071 0.3115 0.4594 0.4642 0.2897 0.1532 0.1887 0.2791 0.4216 0.4804 0.3543 0.1597 0.1735 0.2504 0.3804 0.4866 0.4063 0.1796 0.1613 0.2254 0.3417 0.4798 0.4429 0.2305 0.1538 0.2041 0.3063 0.4544 0.4673 0.3001 0.1536 0.1861 0.2745 0.4154 0.4820 0.3629 0.1616 0.1682 0.2007 0.1682 0.1616 0.3629 0.4820 0.4154 0.2745 0.1861 0.1536 0.3001 0.4673 0.4544 0.3063 0.2041 0.1538 0.2305 0.4429 0.4798 0.3417 0.2254 0.1613 0.1796 0.4063 0.4866 0.3804 0.2504 0.1735 0.1597 0.3543 0.4804 0.4216 0.2791 0.1887 0.1532 0.2897 0.4642 0.4594 0.3115 0.2071 0.1545 0.2205 0.4381 0.4821 0.3478 0.2294 0.1634 0.1735 0.3941 0.4859 0.4002 0.2734
0.3971 0.4861 0.3941 0.1757 0.1619 0.2252 0.3399 0.4788 0.4454 0.2368 0.1535 0.2021 0.3029 0.4508 0.4693 0.3072 0.1541 0.1845 0.2714 0.4111 0.4830 0.3689 0.1631 0.1701 0.2437 0.3702 0.4864 0.4171 0.1890 0.1587 0.2196 0.3324 0.4753 0.4501 0.2480 0.1531 0.1992 0.2979 0.4452 0.4720 0.3173 0.1548 0.1821 0.2670 0.4048 0.4842 0.3772 0.1655 0.1684 0.2360 0.2992 0.2360 0.1684 0.1655 0.3772 0.4842 0.4048 0.2670 0.1821 0.1548 0.3173 0.4720 0.4452 0.2979 0.1992 0.1531 0.2480 0.4501 0.4753 0.3324 0.2196 0.1587 0.1890 0.4171 0.4864 0.3702 0.2437 0.1701 0.1631 0.3689 0.4830 0.4111 0.2714 0.1845 0.1541 0.3072 0.4693 0.4508 0.3029 0.2021 0.1535 0.2368 0.4454 0.4788 0.3399 0.2252 0.1619 0.1757 0.3941 0.4861 0.3971
0.4852 0.3860 0.1735 0.1619 0.2236 0.3352 0.4755 0.4510 0.2522 0.1530 0.1975 0.2947 0.4414 0.4737 0.3242 0.1554 0.1805 0.2640 0.4005 0.4849 0.3827 0.1674 0.1669 0.2372 0.3602 0.4852 0.4269 0.2011 0.1565 0.2140 0.3232 0.4693 0.4567 0.2660 0.1528 0.1945 0.2896 0.4353 0.4760 0.3339 0.1565 0.1783 0.2597 0.3942 0.4858 0.3904 0.1705 0.1651 0.2338 0.3540 0.4456 0.3540 0.2338 0.1651 0.1705 0.3904 0.4858 0.3942 0.2597 0.1783 0.1565 0.3339 0.4760 0.4353 0.2896 0.1945 0.1528 0.2660 0.4567 0.4693 0.3232 0.2140 0.1565 0.2011 0.4269 0.4852 0.3602 0.2372 0.1669 0.1674 0.3827 0.4849 0.4005 0.2640 0.1805 0.1554 0.3242 0.4737 0.4414 0.2947 0.1975 0.1530 0.2522 0.4510 0.4755 0.3352 0.2236 0.1619 0.1735 0.3860 0.4852
0.3847 0.1689 0.1634 0.2252 0.3352 0.4741 0.4542 0.2635 0.1528 0.1937 0.2875 0.4320 0.4773 0.3401 0.1574 0.1767 0.2567 0.3899 0.4862 0.3955 0.1730 0.1639 0.2309 0.3504 0.4829 0.4357 0.2157 0.1549 0.2087 0.3143 0.4620 0.4625 0.2841 0.1530 0.1900 0.2816 0.4250 0.4794 0.3496 0.1589 0.1746 0.2526 0.3837 0.4866 0.4027 0.1771 0.1621 0.2273 0.3452 0.4798 0.4705 0.4798 0.3452 0.2273 0.1621 0.1771 0.4027 0.4866 0.3837 0.2526 0.1746 0.1589 0.3496 0.4794 0.4250 0.2816 0.1900 0.1530 0.2841 0.4625 0.4620 0.3143 0.2087 0.1549 0.2157 0.4357 0.4829 0.3504 0.2309 0.1639 0.1730 0.3955 0.4862 0.3899 0.2567 0.1767 0.1574 0.3401 0.4773 0.4320 0.2875 0.1937 0.1528 0.2635 0.4542 0.4741 0.3352 0.2252 0.1634 0.1689 0.3847
0.1897 0.1661 0.2294 0.3399 0.4755 0.4542 0.2677 0.1529 0.1911 0.2818 0.4236 0.4802 0.3541 0.1599 0.1733 0.2499 0.3795 0.4867 0.4074 0.1804 0.1610 0.2249 0.3408 0.4795 0.4436 0.2322 0.1537 0.2036 0.3056 0.4536 0.4678 0.3018 0.1537 0.1858 0.2738 0.4144 0.4822 0.3645 0.1620 0.1711 0.2457 0.3734 0.4866 0.4139 0.1858 0.1595 0.2214 0.3353 0.4770 0.4461 0.3491 0.4461 0.4770 0.3353 0.2214 0.1595 0.1858 0.4139 0.4866 0.3734 0.2457 0.1711 0.1620 0.3645 0.4822 0.4144 0.2738 0.1858 0.1537 0.3018 0.4678 0.4536 0.3056 0.2036 0.1537 0.2322 0.4436 0.4795 0.3408 0.2249 0.1610 0.1804 0.4074 0.4867 0.3795 0.2499 0.1733 0.1599 0.3541 0.4802 0.4236 0.2818 0.1911 0.1529 0.2677 0.4542 0.4755 0.3399 0.2294 0.1661 0.1897
0.1895 0.2356 0.3478 0.4788 0.4510 0.2635 0.1529 0.1902 0.2786 0.4177 0.4821 0.3655 0.1626 0.1703 0.2436 0.3697 0.4863 0.4181 0.1901 0.1584 0.2191 0.3315 0.4747 0.4508 0.2498 0.1530 0.1987 0.2971 0.4443 0.4724 0.3190 0.1550 0.1817 0.2662 0.4038 0.4844 0.3785 0.1659 0.1679 0.2391 0.3633 0.4857 0.4240 0.1970 0.1571 0.2157 0.3260 0.4713 0.4542 0.2661 0.1548 0.2661 0.4542 0.4713 0.3260 0.2157 0.1571 0.1970 0.4240 0.4857 0.3633 0.2391 0.1679 0.1659 0.3785 0.4844 0.4038 0.2662 0.1817 0.1550 0.3190 0.4724 0.4443 0.2971 0.1987 0.1530 0.2498 0.4508 0.4747 0.3315 0.2191 0.1584 0.1901 0.4181 0.4863 0.3697 0.2436 0.1703 0.1626 0.3655 0.4821 0.4177 0.2786 0.1902 0.1529 0.2635 0.4510 0.4788 0.3478 0.2356 0.1895
0.2497 0.3580 0.4821 0.4454 0.2522 0.1528 0.1911 0.2786 0.4155 0.4830 0.3731 0.1653 0.1678 0.2383 0.3609 0.4852 0.4273 0.2020 0.1564 0.2135 0.3223 0.4686 0.4573 0.2678 0.1528 0.1940 0.2888 0.4343 0.4764 0.3354 0.1567 0.1779 0.2589 0.3931 0.4859 0.3916 0.1711 0.1648 0.2328 0.3534 0.4838 0.4331 0.2109 0.1553 0.2103 0.3170 0.4644 0.4608 0.2780 0.1511 0.1613 0.1511 0.2780 0.4608 0.4644 0.3170 0.2103 0.1553 0.2109 0.4331 0.4838 0.3534 0.2328 0.1648 0.1711 0.3916 0.4859 0.3931 0.2589 0.1779 0.1567 0.3354 0.4764 0.4343 0.2888 0.1940 0.1528 0.2678 0.4573 0.4686 0.3223 0.2135 0.1564 0.2020 0.4273 0.4852 0.3609 0.2383 0.1678 0.1653 0.3731 0.4830 0.4155 0.2786 0.1911 0.1528 0.2522 0.4454 0.4821 0.3580 0.2497
0.3602 0.4855 0.4381 0.2368 0.1530 0.1937 0.2818 0.4177 0.4830 0.3758 0.1670 0.1663 0.2342 0.3537 0.4835 0.4349 0.2153 0.1549 0.2084 0.3136 0.4613 0.4631 0.2858 0.1531 0.1896 0.2808 0.4239 0.4797 0.3511 0.1591 0.1742 0.2519 0.3826 0.4866 0.4038 0.1779 0.1619 0.2267 0.3438 0.4807 0.4412 0.2269 0.1540 0.2052 0.3082 0.4563 0.4662 0.2963 0.1536 0.1834 0.2237 0.1834 0.1536 0.2963 0.4662 0.4563 0.3082 0.2052 0.1540 0.2269 0.4412 0.4807 0.3438 0.2267 0.1619 0.1779 0.4038 0.4866 0.3826 0.2519 0.1742 0.1591 0.3511 0.4797 0.4239 0.2808 0.1896 0.1531 0.2858 0.4631 0.4613 0.3136 0.2084 0.1549 0.2153 0.4349 0.4835 0.3537 0.2342 0.1663 0.1670 0.3758 0.4830 0.4177 0.2818 0.1937 0.1530 0.2368 0.4381 0.4855 0.3602
0.4830 0.4297 0.2205 0.1535 0.1975 0.2875 0.4236 0.4821 0.3731 0.1670 0.1657 0.2320 0.3488 0.4817 0.4407 0.2281 0.1539 0.2038 0.3055 0.4531 0.4682 0.3034 0.1538 0.1854 0.2730 0.4134 0.4825 0.3659 0.1623 0.1708 0.2451 0.3724 0.4865 0.4150 0.1868 0.1592 0.2208 0.3343 0.4764 0.4487 0.2442 0.1532 0.2002 0.2997 0.4472 0.4710 0.3137 0.1545 0.1832 0.2653 0.3390 0.2653 0.1832 0.1545 0.3137 0.4710 0.4472 0.2997 0.2002 0.1532 0.2442 0.4487 0.4764 0.3343 0.2208 0.1592 0.1868 0.4150 0.4865 0.3724 0.2451 0.1708 0.1623 0.3659 0.4825 0.4134 0.2730 0.1854 0.1538 0.3034 0.4682 0.4531 0.3055 0.2038 0.1539 0.2281 0.4407 0.4817 0.3488 0.2320 0.1657 0.1670 0.3731 0.4821 0.4236 0.2875 0.1975 0.1535 0.2205 0.4297 0.4830
0.4291 0.2053 0.1545 0.2021 0.2947 0.4320 0.4802 0.3655 0.1653 0.1663 0.2320 0.3471 0.4805 0.4444 0.2385 0.1533 0.2000 0.2984 0.4449 0.4724 0.3197 0.1551 0.1814 0.2656 0.4027 0.4846 0.3798 0.1664 0.1675 0.2385 0.3623 0.4855 0.4249 0.1983 0.1569 0.2152 0.3251 0.4707 0.4553 0.2622 0.1528 0.1955 0.2914 0.4374 0.4752 0.3304 0.1561 0.1791 0.2616 0.3970 0.4747 0.3970 0.2616 0.1791 0.1561 0.3304 0.4752 0.4374 0.2914 0.1955 0.1528 0.2622 0.4553 0.4707 0.3251 0.2152 0.1569 0.1983 0.4249 0.4855 0.3623 0.2385 0.1675 0.1664 0.3798 0.4846 0.4027 0.2656 0.1814 0.1551 0.3197 0.4724 0.4449 0.2984 0.2000 0.1533 0.2385 0.4444 0.4805 0.3471 0.2320 0.1663 0.1653 0.3655 0.4802 0.4320 0.2947 0.2021 0.1545 0.2053 0.4291
0.2159 0.1561 0.2071 0.3029 0.4414 0.4773 0.3541 0.1626 0.1678 0.2342 0.3488 0.4805 0.4457 0.2442 0.1530 0.1973 0.2927 0.4374 0.4757 0.3340 0.1567 0.1778 0.2585 0.3923 0.4860 0.3929 0.1717 0.1645 0.2322 0.3525 0.4835 0.4339 0.2124 0.1552 0.2098 0.3161 0.4636 0.4613 0.2803 0.1530 0.1909 0.2833 0.4272 0.4788 0.3463 0.1583 0.1753 0.2541 0.3864 0.4844 0.4500 0.4844 0.3864 0.2541 0.1753 0.1583 0.3463 0.4788 0.4272 0.2833 0.1909 0.1530 0.2803 0.4613 0.4636 0.3161 0.2098 0.1552 0.2124 0.4339 0.4835 0.3525 0.2322 0.1645 0.1717 0.3929 0.4860 0.3923 0.2585 0.1778 0.1567 0.3340 0.4757 0.4374 0.2927 0.1973 0.1530 0.2442 0.4457 0.4805 0.3488 0.2342 0.1678 0.1626 0.3541 0.4773 0.4414 0.3029 0.2071 0.1561 0.2159
0.1814 0.2127 0.3115 0.4508 0.4737 0.3401 0.1599 0.1703 0.2383 0.3537 0.4817 0.4444 0.2442 0.1530 0.1958 0.2890 0.4315 0.4781 0.3458 0.1586 0.1747 0.2522 0.3825 0.4866 0.4048 0.1786 0.1616 0.2261 0.3428 0.4803 0.4420 0.2286 0.1539 0.2047 0.3074 0.4554 0.4667 0.2981 0.1535 0.1866 0.2754 0.4167 0.4817 0.3614 0.1612 0.1718 0.2472 0.3756 0.4865 0.4117 0.2825 0.4117 0.4865 0.3756 0.2472 0.1718 0.1612 0.3614 0.4817 0.4167 0.2754 0.1866 0.1535 0.2981 0.4667 0.4554 0.3074 0.2047 0.1539 0.2286 0.4420 0.4803 0.3428 0.2261 0.1616 0.1786 0.4048 0.4866 0.3825 0.2522 0.1747 0.1586 0.3458 0.4781 0.4315 0.2890 0.1958 0.1530 0.2442 0.4444 0.4817 0.3537 0.2383 0.1703 0.1599 0.3401 0.4737 0.4508 0.3115 0.2127 0.1814
0.2294 0.3211 0.4594 0.4693 0.3242 0.1574 0.1733 0.2436 0.3609 0.4835 0.4407 0.2385 0.1530 0.1958 0.2877 0.4284 0.4796 0.3544 0.1605 0.1721 0.2467 0.3738 0.4865 0.4150 0.1872 0.1590 0.2204 0.3335 0.4759 0.4493 0.2460 0.1531 0.1997 0.2988 0.4463 0.4715 0.3154 0.1547 0.1826 0.2678 0.4060 0.4840 0.3756 0.1650 0.1685 0.2405 0.3654 0.4860 0.4215 0.1976 0.1459 0.1976 0.4215 0.4860 0.3654 0.2405 0.1685 0.1650 0.3756 0.4840 0.4060 0.2678 0.1826 0.1547 0.3154 0.4715 0.4463 0.2988 0.1997 0.1531 0.2460 0.4493 0.4759 0.3335 0.2204 0.1590 0.1872 0.4150 0.4865 0.3738 0.2467 0.1721 0.1605 0.3544 0.4796 0.4284 0.2877 0.1958 0.1530 0.2385 0.4407 0.4835 0.3609 0.2436 0.1733 0.1574 0.3242 0.4693 0.4594 0.3211 0.2294
0.3267 0.4682 0.4642 0.3072 0.1554 0.1767 0.2499 0.3697 0.4852 0.4349 0.2281 0.1533 0.1973 0.2890 0.4284 0.4800 0.3588 0.1619 0.1702 0.2424 0.3663 0.4859 0.4234 0.1973 0.1570 0.2151 0.3246 0.4701 0.4559 0.2640 0.1528 0.1950 0.2905 0.4365 0.4756 0.3320 0.1563 0.1787 0.2605 0.3954 0.4856 0.3889 0.1699 0.1654 0.2341 0.3555 0.4843 0.4312 0.2074 0.1531 0.1750 0.1531 0.2074 0.4312 0.4843 0.3555 0.2341 0.1654 0.1699 0.3889 0.4856 0.3954 0.2605 0.1787 0.1563 0.3320 0.4756 0.4365 0.2905 0.1950 0.1528 0.2640 0.4559 0.4701 0.3246 0.2151 0.1570 0.1973 0.4234 0.4859 0.3663 0.2424 0.1702 0.1619 0.3588 0.4800 0.4284 0.2890 0.1973 0.1533 0.2281 0.4349 0.4852 0.3697 0.2499 0.1767 0.1554 0.3072 0.4642 0.4682 0.3267
0.4643 0.4588 0.2897 0.1541 0.1805 0.2567 0.3795 0.4863 0.4273 0.2153 0.1539 0.2000 0.2927 0.4315 0.4796 0.3588 0.1624 0.1693 0.2396 0.3609 0.4849 0.4301 0.2081 0.1555 0.2103 0.3164 0.4635 0.4616 0.2817 0.1530 0.1905 0.2825 0.4262 0.4791 0.3479 0.1586 0.1750 0.2534 0.3848 0.4865 0.4014 0.1763 0.1625 0.2280 0.3458 0.4815 0.4396 0.2234 0.1544 0.2024 0.2515 0.2024 0.1544 0.2234 0.4396 0.4815 0.3458 0.2280 0.1625 0.1763 0.4014 0.4865 0.3848 0.2534 0.1750 0.1586 0.3479 0.4791 0.4262 0.2825 0.1905 0.1530 0.2817 0.4616 0.4635 0.3164 0.2103 0.1555 0.2081 0.4301 0.4849 0.3609 0.2396 0.1693 0.1624 0.3588 0.4796 0.4315 0.2927 0.2000 0.1539 0.2153 0.4273 0.4863 0.3795 0.2567 0.1805 0.1541 0.2897 0.4588 0.4643
0.4590 0.2716 0.1532 0.1845 0.2640 0.3899 0.4867 0.4181 0.2020 0.1549 0.2038 0.2984 0.4374 0.4781 0.3544 0.1619 0.1693 0.2387 0.3582 0.4841 0.4347 0.2177 0.1545 0.2063 0.3091 0.4564 0.4665 0.2983 0.1536 0.1863 0.2747 0.4156 0.4820 0.3628 0.1616 0.1715 0.2465 0.3745 0.4866 0.4127 0.1847 0.1597 0.2220 0.3363 0.4774 0.4472 0.2405 0.1534 0.2015 0.2991 0.3831 0.2991 0.2015 0.1534 0.2405 0.4472 0.4774 0.3363 0.2220 0.1597 0.1847 0.4127 0.4866 0.3745 0.2465 0.1715 0.1616 0.3628 0.4820 0.4156 0.2747 0.1863 0.1536 0.2983 0.4665 0.4564 0.3091 0.2063 0.1545 0.2177 0.4347 0.4841 0.3582 0.2387 0.1693 0.1619 0.3544 0.4781 0.4374 0.2984 0.2038 0.1549 0.2020 0.4181 0.4867 0.3899 0.2640 0.1845 0.1532 0.2716 0.4590
0.2723 0.1530 0.1887 0.2714 0.4005 0.4862 0.4074 0.1901 0.1564 0.2084 0.3055 0.4449 0.4757 0.3458 0.1605 0.1702 0.2396 0.3582 0.4837 0.4370 0.2242 0.1539 0.2032 0.3031 0.4495 0.4705 0.3132 0.1546 0.1826 0.2675 0.4052 0.4842 0.3769 0.1654 0.1682 0.2399 0.3644 0.4858 0.4229 0.1956 0.1574 0.2164 0.3271 0.4720 0.4540 0.2584 0.1529 0.1965 0.2936 0.4399 0.4824 0.4399 0.2936 0.1965 0.1529 0.2584 0.4540 0.4720 0.3271 0.2164 0.1574 0.1956 0.4229 0.4858 0.3644 0.2399 0.1682 0.1654 0.3769 0.4842 0.4052 0.2675 0.1826 0.1546 0.3132 0.4705 0.4495 0.3031 0.2032 0.1539 0.2242 0.4370 0.4837 0.3582 0.2396 0.1702 0.1605 0.3458 0.4757 0.4449 0.3055 0.2084 0.1564 0.1901 0.4074 0.4862 0.4005 0.2714 0.1887 0.1530 0.2723
0.1784 0.1933 0.2791 0.4111 0.4849 0.3955 0.1804 0.1584 0.2135 0.3136 0.4531 0.4724 0.3340 0.1586 0.1721 0.2424 0.3609 0.4841 0.4370 0.2264 0.1536 0.2012 0.2988 0.4437 0.4735 0.3260 0.1558 0.1792 0.2609 0.3954 0.4857 0.3898 0.1704 0.1651 0.2335 0.3545 0.4840 0.4321 0.2093 0.1555 0.2109 0.3180 0.4652 0.4601 0.2765 0.1529 0.1919 0.2850 0.4299 0.4757 0.4183 0.4757 0.4299 0.2850 0.1919 0.1529 0.2765 0.4601 0.4652 0.3180 0.2109 0.1555 0.2093 0.4321 0.4840 0.3545 0.2335 0.1651 0.1704 0.3898 0.4857 0.3954 0.2609 0.1792 0.1558 0.3260 0.4735 0.4437 0.2988 0.2012 0.1536 0.2264 0.4370 0.4841 0.3609 0.2424 0.1721 0.1586 0.3340 0.4724 0.4531 0.3136 0.2135 0.1584 0.1804 0.3955 0.4849 0.4111 0.2791 0.1933 0.1784
0.2124 0.2877 0.4216 0.4830 0.3827 0.1730 0.1610 0.2191 0.3223 0.4613 0.4682 0.3197 0.1567 0.1747 0.2467 0.3663 0.4849 0.4347 0.2242 0.1536 0.2006 0.2965 0.4399 0.4755 0.3358 0.1572 0.1764 0.2552 0.3864 0.4865 0.4012 0.1765 0.1623 0.2275 0.3449 0.4811 0.4404 0.2250 0.1542 0.2057 0.3092 0.4572 0.4656 0.2944 0.1534 0.1875 0.2771 0.4189 0.4808 0.3621 0.2102 0.3621 0.4808 0.4189 0.2771 0.1875 0.1534 0.2944 0.4656 0.4572 0.3092 0.2057 0.1542 0.2250 0.4404 0.4811 0.3449 0.2275 0.1623 0.1765 0.4012 0.4865 0.3864 0.2552 0.1764 0.1572 0.3358 0.4755 0.4399 0.2965 0.2006 0.1536 0.2242 0.4347 0.4849 0.3663 0.2467 0.1747 0.1567 0.3197 0.4682 0.4613 0.3223 0.2191 0.1610 0.1730 0.3827 0.4830 0.4216 0.2877 0.2124
0.2965 0.4332 0.4804 0.3689 0.1674 0.1639 0.2249 0.3315 0.4686 0.4631 0.3034 0.1551 0.1778 0.2522 0.3738 0.4859 0.4301 0.2177 0.1539 0.2012 0.2965 0.4385 0.4765 0.3418 0.1584 0.1743 0.2505 0.3787 0.4867 0.4109 0.1838 0.1598 0.2220 0.3358 0.4770 0.4478 0.2422 0.1533 0.2007 0.3006 0.4483 0.4705 0.3118 0.1544 0.1834 0.2694 0.4083 0.4836 0.3723 0.1638 0.1482 0.1638 0.3723 0.4836 0.4083 0.2694 0.1834 0.1544 0.3118 0.4705 0.4483 0.3006 0.2007 0.1533 0.2422 0.4478 0.4770 0.3358 0.2220 0.1598 0.1838 0.4109 0.4867 0.3787 0.2505 0.1743 0.1584 0.3418 0.4765 0.4385 0.2965 0.2012 0.1539 0.2177 0.4301 0.4859 0.3738 0.2522 0.1778 0.1551 0.3034 0.4631 0.4686 0.3315 0.2249 0.1639 0.1674 0.3689 0.4804 0.4332 0.2965
0.4302 0.4776 0.3543 0.1631 0.1669 0.2309 0.3408 0.4747 0.4573 0.2858 0.1538 0.1814 0.2585 0.3825 0.4865 0.4234 0.2081 0.1545 0.2032 0.2988 0.4399 0.4765 0.3439 0.1591 0.1730 0.2472 0.3728 0.4864 0.4187 0.1922 0.1578 0.2170 0.3274 0.4719 0.4543 0.2598 0.1529 0.1960 0.2923 0.4386 0.4748 0.3286 0.1559 0.1795 0.2620 0.3976 0.4853 0.3862 0.1687 0.1629 0.1924 0.1629 0.1687 0.3862 0.4853 0.3976 0.2620 0.1795 0.1559 0.3286 0.4748 0.4386 0.2923 0.1960 0.1529 0.2598 0.4543 0.4719 0.3274 0.2170 0.1578 0.1922 0.4187 0.4864 0.3728 0.2472 0.1730 0.1591 0.3439 0.4765 0.4399 0.2988 0.2032 0.1545 0.2081 0.4234 0.4865 0.3825 0.2585 0.1814 0.1538 0.2858 0.4573 0.4747 0.3408 0.2309 0.1669 0.1631 0.3543 0.4776 0.4302
0.4776 0.3388 0.1597 0.1701 0.2372 0.3504 0.4795 0.4508 0.2678 0.1531 0.1854 0.2656 0.3923 0.4866 0.4150 0.1973 0.1555 0.2063 0.3031 0.4437 0.4755 0.3418 0.1591 0.1726 0.2455 0.3690 0.4860 0.4242 0.2003 0.1563 0.2126 0.3198 0.4661 0.4599 0.2766 0.1529 0.1915 0.2842 0.4284 0.4784 0.3446 0.1580 0.1758 0.2548 0.3871 0.4864 0.3988 0.1748 0.1633 0.2254 0.2843 0.2254 0.1633 0.1748 0.3988 0.4864 0.3871 0.2548 0.1758 0.1580 0.3446 0.4784 0.4284 0.2842 0.1915 0.1529 0.2766 0.4599 0.4661 0.3198 0.2126 0.1563 0.2003 0.4242 0.4860 0.3690 0.2455 0.1726 0.1591 0.3418 0.4755 0.4437 0.3031 0.2063 0.1555 0.1973 0.4150 0.4866 0.3923 0.2656 0.1854 0.1531 0.2678 0.4508 0.4795 0.3504 0.2372 0.1701 0.1597 0.3388 0.4776
0.3369 0.1573 0.1735 0.2437 0.3602 0.4829 0.4436 0.2498 0.1528 0.1896 0.2730 0.4027 0.4860 0.4048 0.1872 0.1570 0.2103 0.3091 0.4495 0.4735 0.3358 0.1584 0.1730 0.2455 0.3677 0.4857 0.4276 0.2067 0.1553 0.2092 0.3134 0.4600 0.4645 0.2922 0.1533 0.1875 0.2767 0.4181 0.4814 0.3597 0.1609 0.1722 0.2479 0.3767 0.4867 0.4104 0.1827 0.1603 0.2236 0.3374 0.4286 0.3374 0.2236 0.1603 0.1827 0.4104 0.4867 0.3767 0.2479 0.1722 0.1609 0.3597 0.4814 0.4181 0.2767 0.1875 0.1533 0.2922 0.4645 0.4600 0.3134 0.2092 0.1553 0.2067 0.4276 0.4857 0.3677 0.2455 0.1730 0.1584 0.3358 0.4735 0.4495 0.3091 0.2103 0.1570 0.1872 0.4048 0.4860 0.4027 0.2730 0.1896 0.1528 0.2498 0.4436 0.4829 0.3602 0.2437 0.1735 0.1573 0.3369
0.1812 0.1773 0.2504 0.3702 0.4852 0.4357 0.2322 0.1530 0.1940 0.2808 0.4134 0.4846 0.3929 0.1786 0.1590 0.2151 0.3164 0.4564 0.4705 0.3260 0.1572 0.1743 0.2472 0.3690 0.4857 0.4288 0.2102 0.1548 0.2068 0.3085 0.4545 0.4682 0.3058 0.1541 0.1840 0.2698 0.4082 0.4837 0.3737 0.1645 0.1689 0.2413 0.3665 0.4861 0.4208 0.1931 0.1578 0.2176 0.3295 0.4724 0.4760 0.4724 0.3295 0.2176 0.1578 0.1931 0.4208 0.4861 0.3665 0.2413 0.1689 0.1645 0.3737 0.4837 0.4082 0.2698 0.1840 0.1541 0.3058 0.4682 0.4545 0.3085 0.2068 0.1548 0.2102 0.4288 0.4857 0.3690 0.2472 0.1743 0.1572 0.3260 0.4705 0.4564 0.3164 0.2151 0.1590 0.1786 0.3929 0.4846 0.4134 0.2808 0.1940 0.1530 0.2322 0.4357 0.4852 0.3702 0.2504 0.1773 0.1812
0.1987 0.2579 0.3804 0.4864 0.4269 0.2157 0.1537 0.1987 0.2888 0.4239 0.4825 0.3798 0.1717 0.1616 0.2204 0.3246 0.4635 0.4665 0.3132 0.1558 0.1764 0.2505 0.3728 0.4860 0.4276 0.2102 0.1546 0.2056 0.3055 0.4505 0.4707 0.3166 0.1550 0.1809 0.2638 0.3991 0.4852 0.3860 0.1689 0.1659 0.2350 0.3567 0.4845 0.4302 0.2062 0.1559 0.2121 0.3200 0.4670 0.4567 0.3723 0.4567 0.4670 0.3200 0.2121 0.1559 0.2062 0.4302 0.4845 0.3567 0.2350 0.1659 0.1689 0.3860 0.4852 0.3991 0.2638 0.1809 0.1550 0.3166 0.4707 0.4505 0.3055 0.2056 0.1546 0.2102 0.4276 0.4860 0.3728 0.2505 0.1764 0.1558 0.3132 0.4665 0.4635 0.3246 0.2204 0.1616 0.1717 0.3798 0.4825 0.4239 0.2888 0.1987 0.1537 0.2157 0.4269 0.4864 0.3804 0.2579 0.1987
0.2697 0.3919 0.4866 0.4171 0.2011 0.1549 0.2036 0.2971 0.4343 0.4797 0.3659 0.1664 0.1645 0.2261 0.3335 0.4701 0.4616 0.2983 0.1546 0.1792 0.2552 0.3787 0.4864 0.4242 0.2067 0.1548 0.2056 0.3046 0.4484 0.4722 0.3239 0.1559 0.1786 0.2588 0.3911 0.4862 0.3969 0.1742 0.1632 0.2292 0.3473 0.4819 0.4386 0.2216 0.1544 0.2068 0.3111 0.4590 0.4641 0.2963 0.1634 0.2963 0.4641 0.4590 0.3111 0.2068 0.1544 0.2216 0.4386 0.4819 0.3473 0.2292 0.1632 0.1742 0.3969 0.4862 0.3911 0.2588 0.1786 0.1559 0.3239 0.4722 0.4484 0.3046 0.2056 0.1548 0.2067 0.4242 0.4864 0.3787 0.2552 0.1792 0.1546 0.2983 0.4616 0.4701 0.3335 0.2261 0.1645 0.1664 0.3659 0.4797 0.4343 0.2971 0.2036 0.1549 0.2011 0.4171 0.4866 0.3919 0.2697
0.3914 0.4868 0.4063 0.1890 0.1565 0.2087 0.3056 0.4443 0.4764 0.3511 0.1623 0.1675 0.2322 0.3428 0.4759 0.4559 0.2817 0.1536 0.1826 0.2609 0.3864 0.4867 0.4187 0.2003 0.1553 0.2068 0.3055 0.4484 0.4727 0.3277 0.1565 0.1769 0.2550 0.3847 0.4866 0.4059 0.1803 0.1608 0.2239 0.3387 0.4783 0.4460 0.2382 0.1534 0.2018 0.3024 0.4502 0.4695 0.3077 0.1526 0.1566 0.1526 0.3077 0.4695 0.4502 0.3024 0.2018 0.1534 0.2382 0.4460 0.4783 0.3387 0.2239 0.1608 0.1803 0.4059 0.4866 0.3847 0.2550 0.1769 0.1565 0.3277 0.4727 0.4484 0.3055 0.2068 0.1553 0.2003 0.4187 0.4867 0.3864 0.2609 0.1826 0.1536 0.2817 0.4559 0.4759 0.3428 0.2322 0.1675 0.1623 0.3511 0.4764 0.4443 0.3056 0.2087 0.1565 0.1890 0.4063 0.4868 0.3914
0.4857 0.3943 0.1796 0.1587 0.2140 0.3143 0.4536 0.4724 0.3354 0.1591 0.1708 0.2385 0.3525 0.4803 0.4493 0.2640 0.1530 0.1863 0.2675 0.3954 0.4865 0.4109 0.1922 0.1563 0.2092 0.3085 0.4505 0.4722 0.3277 0.1568 0.1761 0.2527 0.3802 0.4867 0.4127 0.1867 0.1588 0.2192 0.3307 0.4739 0.4523 0.2547 0.1529 0.1971 0.2941 0.4407 0.4739 0.3251 0.1556 0.1768 0.2138 0.1768 0.1556 0.3251 0.4739 0.4407 0.2941 0.1971 0.1529 0.2547 0.4523 0.4739 0.3307 0.2192 0.1588 0.1867 0.4127 0.4867 0.3802 0.2527 0.1761 0.1568 0.3277 0.4722 0.4505 0.3085 0.2092 0.1563 0.1922 0.4109 0.4865 0.3954 0.2675 0.1863 0.1530 0.2640 0.4493 0.4803 0.3525 0.2385 0.1708 0.1591 0.3354 0.4724 0.4536 0.3143 0.2140 0.1587 0.1796 0.3943 0.4857
0.3924 0.1725 0.1613 0.2196 0.3232 0.4620 0.4678 0.3190 0.1567 0.1742 0.2451 0.3623 0.4835 0.4420 0.2460 0.1528 0.1905 0.2747 0.4052 0.4857 0.4012 0.1838 0.1578 0.2126 0.3134 0.4545 0.4707 0.3239 0.1565 0.1761 0.2520 0.3779 0.4866 0.4171 0.1923 0.1574 0.2154 0.3239 0.4689 0.4577 0.2705 0.1528 0.1928 0.2862 0.4308 0.4777 0.3413 0.1576 0.1768 0.2528 0.3222 0.2528 0.1768 0.1576 0.3413 0.4777 0.4308 0.2862 0.1928 0.1528 0.2705 0.4577 0.4689 0.3239 0.2154 0.1574 0.1923 0.4171 0.4866 0.3779 0.2520 0.1761 0.1565 0.3239 0.4707 0.4545 0.3134 0.2126 0.1578 0.1838 0.4012 0.4857 0.4052 0.2747 0.1905 0.1528 0.2460 0.4420 0.4835 0.3623 0.2451 0.1742 0.1567 0.3190 0.4678 0.4620 0.3232 0.2196 0.1613 0.1725 0.3924
0.1922 0.1643 0.2254 0.3324 0.4693 0.4625 0.3018 0.1550 0.1779 0.2519 0.3724 0.4855 0.4339 0.2286 0.1531 0.1950 0.2825 0.4156 0.4842 0.3898 0.1765 0.1598 0.2170 0.3198 0.4600 0.4682 0.3166 0.1559 0.1769 0.2527 0.3779 0.4865 0.4193 0.1961 0.1566 0.2126 0.3185 0.4640 0.4620 0.2849 0.1531 0.1890 0.2791 0.4210 0.4807 0.3563 0.1602 0.1730 0.2498 0.3792 0.4656 0.3792 0.2498 0.1730 0.1602 0.3563 0.4807 0.4210 0.2791 0.1890 0.1531 0.2849 0.4620 0.4640 0.3185 0.2126 0.1566 0.1961 0.4193 0.4865 0.3779 0.2527 0.1769 0.1559 0.3166 0.4682 0.4600 0.3198 0.2170 0.1598 0.1765 0.3898 0.4842 0.4156 0.2825 0.1950 0.1531 0.2286 0.4339 0.4855 0.3724 0.2519 0.1779 0.1550 0.3018 0.4625 0.4693 0.3324 0.2254 0.1643 0.1922
0.1880 0.2319 0.3417 0.4753 0.4567 0.2841 0.1537 0.1817 0.2589 0.3826 0.4865 0.4249 0.2124 0.1539 0.1997 0.2905 0.4262 0.4820 0.3769 0.1704 0.1623 0.2220 0.3274 0.4661 0.4645 0.3058 0.1550 0.1786 0.2550 0.3802 0.4866 0.4193 0.1974 0.1562 0.2109 0.3148 0.4600 0.4652 0.2967 0.1536 0.1856 0.2727 0.4118 0.4830 0.3698 0.1635 0.1696 0.2427 0.3691 0.4844 0.4596 0.4844 0.3691 0.2427 0.1696 0.1635 0.3698 0.4830 0.4118 0.2727 0.1856 0.1536 0.2967 0.4652 0.4600 0.3148 0.2109 0.1562 0.1974 0.4193 0.4866 0.3802 0.2550 0.1786 0.1550 0.3058 0.4645 0.4661 0.3274 0.2220 0.1623 0.1704 0.3769 0.4820 0.4262 0.2905 0.1997 0.1539 0.2124 0.4249 0.4865 0.3826 0.2589 0.1817 0.1537 0.2841 0.4567 0.4753 0.3417 0.2319 0.1880
0.2464 0.3522 0.4798 0.4501 0.2660 0.1530 0.1858 0.2662 0.3931 0.4866 0.4150 0.1983 0.1552 0.2047 0.2988 0.4365 0.4791 0.3628 0.1654 0.1651 0.2275 0.3358 0.4719 0.4599 0.2922 0.1541 0.1809 0.2588 0.3847 0.4867 0.4171 0.1961 0.1562 0.2103 0.3129 0.4574 0.4673 0.3055 0.1542 0.1829 0.2672 0.4035 0.4846 0.3818 0.1674 0.1667 0.2365 0.3589 0.4849 0.4273 0.3110 0.4273 0.4849 0.3589 0.2365 0.1667 0.1674 0.3818 0.4846 0.4035 0.2672 0.1829 0.1542 0.3055 0.4673 0.4574 0.3129 0.2103 0.1562 0.1961 0.4171 0.4867 0.3847 0.2588 0.1809 0.1541 0.2922 0.4599 0.4719 0.3358 0.2275 0.1651 0.1654 0.3628 0.4791 0.4365 0.2988 0.2047 0.1552 0.1983 0.4150 0.4866 0.3931 0.2662 0.1858 0.1530 0.2660 0.4501 0.4798 0.3522 0.2464
0.3549 0.4841 0.4429 0.2480 0.1528 0.1900 0.2738 0.4038 0.4859 0.4038 0.1868 0.1569 0.2098 0.3074 0.4463 0.4756 0.3479 0.1616 0.1682 0.2335 0.3449 0.4770 0.4543 0.2766 0.1533 0.1840 0.2638 0.3911 0.4866 0.4127 0.1923 0.1566 0.2109 0.3129 0.4565 0.4684 0.3110 0.1548 0.1810 0.2629 0.3965 0.4857 0.3919 0.1720 0.1641 0.2309 0.3498 0.4827 0.4362 0.2224 0.1478 0.2224 0.4362 0.4827 0.3498 0.2309 0.1641 0.1720 0.3919 0.4857 0.3965 0.2629 0.1810 0.1548 0.3110 0.4684 0.4565 0.3129 0.2109 0.1566 0.1923 0.4127 0.4866 0.3911 0.2638 0.1840 0.1533 0.2766 0.4543 0.4770 0.3449 0.2335 0.1682 0.1616 0.3479 0.4756 0.4463 0.3074 0.2098 0.1569 0.1868 0.4038 0.4859 0.4038 0.2738 0.1900 0.1528 0.2480 0.4429 0.4841 0.3549
0.4814 0.4349 0.2305 0.1531 0.1945 0.2816 0.4144 0.4844 0.3916 0.1779 0.1592 0.2152 0.3161 0.4554 0.4715 0.3320 0.1586 0.1715 0.2399 0.3545 0.4811 0.4478 0.2598 0.1529 0.1875 0.2698 0.3991 0.4862 0.4059 0.1867 0.1574 0.2126 0.3148 0.4574 0.4684 0.3128 0.1551 0.1798 0.2600 0.3913 0.4863 0.3998 0.1767 0.1619 0.2259 0.3417 0.4795 0.4440 0.2330 0.1513 0.1692 0.1513 0.2330 0.4440 0.4795 0.3417 0.2259 0.1619 0.1767 0.3998 0.4863 0.3913 0.2600 0.1798 0.1551 0.3128 0.4684 0.4574 0.3148 0.2126 0.1574 0.1867 0.4059 0.4862 0.3991 0.2698 0.1875 0.1529 0.2598 0.4478 0.4811 0.3545 0.2399 0.1715 0.1586 0.3320 0.4715 0.4554 0.3161 0.2152 0.1592 0.1779 0.3916 0.4844 0.4144 0.2816 0.1945 0.1531 0.2305 0.4349 0.4814
0.4345 0.2142 0.1538 0.1992 0.2896 0.4250 0.4822 0.3785 0.1711 0.1619 0.2208 0.3251 0.4636 0.4667 0.3154 0.1563 0.1750 0.2465 0.3644 0.4840 0.4404 0.2422 0.1529 0.1915 0.2767 0.4082 0.4852 0.3969 0.1803 0.1588 0.2154 0.3185 0.4600 0.4673 0.3110 0.1551 0.1794 0.2585 0.3881 0.4865 0.4055 0.1812 0.1601 0.2218 0.3344 0.4758 0.4501 0.2493 0.1531 0.1947 0.2403 0.1947 0.1531 0.2493 0.4501 0.4758 0.3344 0.2218 0.1601 0.1812 0.4055 0.4865 0.3881 0.2585 0.1794 0.1551 0.3110 0.4673 0.4600 0.3185 0.2154 0.1588 0.1803 0.3969 0.4852 0.4082 0.2767 0.1915 0.1529 0.2422 0.4404 0.4840 0.3644 0.2465 0.1750 0.1563 0.3154 0.4667 0.4636 0.3251 0.2208 0.1619 0.1711 0.3785 0.4822 0.4250 0.2896 0.1992 0.1538 0.2142 0.4345
0.2226 0.1551 0.2041 0.2979 0.4353 0.4794 0.3645 0.1659 0.1648 0.2267 0.3343 0.4707 0.4613 0.2981 0.1547 0.1787 0.2534 0.3745 0.4858 0.4321 0.2250 0.1533 0.1960 0.2842 0.4181 0.4837 0.3860 0.1742 0.1608 0.2192 0.3239 0.4640 0.4652 0.3055 0.1548 0.1798 0.2585 0.3870 0.4866 0.4090 0.1848 0.1589 0.2186 0.3285 0.4717 0.4552 0.2640 0.1528 0.1945 0.2860 0.3661 0.2860 0.1945 0.1528 0.2640 0.4552 0.4717 0.3285 0.2186 0.1589 0.1848 0.4090 0.4866 0.3870 0.2585 0.1798 0.1548 0.3055 0.4652 0.4640 0.3239 0.2192 0.1608 0.1742 0.3860 0.4837 0.4181 0.2842 0.1960 0.1533 0.2250 0.4321 0.4858 0.3745 0.2534 0.1787 0.1547 0.2981 0.4613 0.4707 0.3343 0.2267 0.1648 0.1659 0.3645 0.4794 0.4353 0.2979 0.2041 0.1551 0.2226
0.1806 0.2095 0.3063 0.4452 0.4760 0.3496 0.1620 0.1679 0.2328 0.3438 0.4764 0.4553 0.2803 0.1535 0.1826 0.2605 0.3848 0.4866 0.4229 0.2093 0.1542 0.2007 0.2923 0.4284 0.4814 0.3737 0.1689 0.1632 0.2239 0.3307 0.4689 0.4620 0.2967 0.1542 0.1810 0.2600 0.3881 0.4866 0.4102 0.1869 0.1582 0.2165 0.3243 0.4681 0.4591 0.2768 0.1529 0.1906 0.2823 0.4251 0.4817 0.4251 0.2823 0.1906 0.1529 0.2768 0.4591 0.4681 0.3243 0.2165 0.1582 0.1869 0.4102 0.4866 0.3881 0.2600 0.1810 0.1542 0.2967 0.4620 0.4689 0.3307 0.2239 0.1632 0.1689 0.3737 0.4814 0.4284 0.2923 0.2007 0.1542 0.2093 0.4229 0.4866 0.3848 0.2605 0.1826 0.1535 0.2803 0.4553 0.4764 0.3438 0.2328 0.1679 0.1620 0.3496 0.4760 0.4452 0.3063 0.2095 0.1806
0.2266 0.3158 0.4544 0.4720 0.3339 0.1589 0.1711 0.2391 0.3534 0.4807 0.4487 0.2622 0.1530 0.1866 0.2678 0.3954 0.4865 0.4127 0.1956 0.1555 0.2057 0.3006 0.4386 0.4784 0.3597 0.1645 0.1659 0.2292 0.3387 0.4739 0.4577 0.2849 0.1536 0.1829 0.2629 0.3913 0.4865 0.4090 0.1869 0.1579 0.2153 0.3216 0.4654 0.4618 0.2867 0.1532 0.1875 0.2759 0.4164 0.4799 0.4304 0.4799 0.4164 0.2759 0.1875 0.1532 0.2867 0.4618 0.4654 0.3216 0.2153 0.1579 0.1869 0.4090 0.4865 0.3913 0.2629 0.1829 0.1536 0.2849 0.4577 0.4739 0.3387 0.2292 0.1659 0.1645 0.3597 0.4784 0.4386 0.3006 0.2057 0.1555 0.1956 0.4127 0.4865 0.3954 0.2678 0.1866 0.1530 0.2622 0.4487 0.4807 0.3534 0.2391 0.1711 0.1589 0.3339 0.4720 0.4544 0.3158 0.2266
0.3219 0.4639 0.4673 0.3173 0.1565 0.1746 0.2457 0.3633 0.4838 0.4412 0.2442 0.1528 0.1909 0.2754 0.4060 0.4856 0.4014 0.1847 0.1574 0.2109 0.3092 0.4483 0.4748 0.3446 0.1609 0.1689 0.2350 0.3473 0.4783 0.4523 0.2705 0.1531 0.1856 0.2672 0.3965 0.4863 0.4055 0.1848 0.1582 0.2153 0.3207 0.4639 0.4634 0.2934 0.1536 0.1853 0.2710 0.4085 0.4836 0.3787 0.2317 0.3787 0.4836 0.4085 0.2710 0.1853 0.1536 0.2934 0.4634 0.4639 0.3207 0.2153 0.1582 0.1848 0.4055 0.4863 0.3965 0.2672 0.1856 0.1531 0.2705 0.4523 0.4783 0.3473 0.2350 0.1689 0.1609 0.3446 0.4748 0.4483 0.3092 0.2109 0.1574 0.1847 0.4014 0.4856 0.4060 0.2754 0.1909 0.1528 0.2442 0.4412 0.4838 0.3633 0.2457 0.1746 0.1565 0.3173 0.4673 0.4639 0.3219
0.4599 0.4623 0.3001 0.1548 0.1783 0.2526 0.3734 0.4857 0.4331 0.2269 0.1532 0.1955 0.2833 0.4167 0.4840 0.3889 0.1763 0.1597 0.2164 0.3180 0.4572 0.4705 0.3286 0.1580 0.1722 0.2413 0.3567 0.4819 0.4460 0.2547 0.1528 0.1890 0.2727 0.4035 0.4857 0.3998 0.1812 0.1589 0.2165 0.3216 0.4639 0.4640 0.2968 0.1538 0.1838 0.2676 0.4027 0.4850 0.3850 0.1695 0.1471 0.1695 0.3850 0.4850 0.4027 0.2676 0.1838 0.1538 0.2968 0.4640 0.4639 0.3216 0.2165 0.1589 0.1812 0.3998 0.4857 0.4035 0.2727 0.1890 0.1528 0.2547 0.4460 0.4819 0.3567 0.2413 0.1722 0.1580 0.3286 0.4705 0.4572 0.3180 0.2164 0.1597 0.1763 0.3889 0.4840 0.4167 0.2833 0.1955 0.1532 0.2269 0.4331 0.4857 0.3734 0.2526 0.1783 0.1548 0.3001 0.4623 0.4599
0.4625 0.2823 0.1536 0.1821 0.2597 0.3837 0.4866 0.4240 0.2109 0.1540 0.2002 0.2914 0.4272 0.4817 0.3756 0.1699 0.1625 0.2220 0.3271 0.4652 0.4656 0.3118 0.1559 0.1758 0.2479 0.3665 0.4845 0.4386 0.2382 0.1529 0.1928 0.2791 0.4118 0.4846 0.3919 0.1767 0.1601 0.2186 0.3243 0.4654 0.4634 0.2968 0.1539 0.1830 0.2655 0.3988 0.4856 0.3924 0.1728 0.1605 0.1881 0.1605 0.1728 0.3924 0.4856 0.3988 0.2655 0.1830 0.1539 0.2968 0.4634 0.4654 0.3243 0.2186 0.1601 0.1767 0.3919 0.4846 0.4118 0.2791 0.1928 0.1529 0.2382 0.4386 0.4845 0.3665 0.2479 0.1758 0.1559 0.3118 0.4656 0.4652 0.3271 0.2220 0.1625 0.1699 0.3756 0.4817 0.4272 0.2914 0.2002 0.1540 0.2109 0.4240 0.4866 0.3837 0.2597 0.1821 0.1536 0.2823 0.4625
0.2822 0.1531 0.1861 0.2670 0.3942 0.4866 0.4139 0.1970 0.1553 0.2052 0.2997 0.4374 0.4788 0.3614 0.1650 0.1654 0.2280 0.3363 0.4720 0.4601 0.2944 0.1544 0.1795 0.2548 0.3767 0.4861 0.4302 0.2216 0.1534 0.1971 0.2862 0.4210 0.4830 0.3818 0.1720 0.1619 0.2218 0.3285 0.4681 0.4618 0.2934 0.1538 0.1830 0.2648 0.3967 0.4860 0.3971 0.1760 0.1620 0.2215 0.2781 0.2215 0.1620 0.1760 0.3971 0.4860 0.3967 0.2648 0.1830 0.1538 0.2934 0.4618 0.4681 0.3285 0.2218 0.1619 0.1720 0.3818 0.4830 0.4210 0.2862 0.1971 0.1534 0.2216 0.4302 0.4861 0.3767 0.2548 0.1795 0.1544 0.2944 0.4601 0.4720 0.3363 0.2280 0.1654 0.1650 0.3614 0.4788 0.4374 0.2997 0.2052 0.1553 0.1970 0.4139 0.4866 0.3942 0.2670 0.1861 0.1531 0.2822
0.1784 0.1907 0.2745 0.4048 0.4858 0.4027 0.1858 0.1571 0.2103 0.3082 0.4472 0.4752 0.3463 0.1612 0.1685 0.2341 0.3458 0.4774 0.4540 0.2765 0.1534 0.1834 0.2620 0.3871 0.4867 0.4208 0.2062 0.1544 0.2018 0.2941 0.4308 0.4807 0.3698 0.1674 0.1641 0.2259 0.3344 0.4717 0.4591 0.2867 0.1536 0.1838 0.2655 0.3967 0.4860 0.3995 0.1782 0.1608 0.2228 0.3334 0.4233 0.3334 0.2228 0.1608 0.1782 0.3995 0.4860 0.3967 0.2655 0.1838 0.1536 0.2867 0.4591 0.4717 0.3344 0.2259 0.1641 0.1674 0.3698 0.4807 0.4308 0.2941 0.2018 0.1544 0.2062 0.4208 0.4867 0.3871 0.2620 0.1834 0.1534 0.2765 0.4540 0.4774 0.3458 0.2341 0.1685 0.1612 0.3463 0.4752 0.4472 0.3082 0.2103 0.1571 0.1858 0.4027 0.4858 0.4048 0.2745 0.1907 0.1784
0.2101 0.2829 0.4154 0.4842 0.3904 0.1771 0.1595 0.2157 0.3170 0.4563 0.4710 0.3304 0.1583 0.1718 0.2405 0.3555 0.4815 0.4472 0.2584 0.1529 0.1875 0.2694 0.3976 0.4864 0.4104 0.1931 0.1559 0.2068 0.3024 0.4407 0.4777 0.3563 0.1635 0.1667 0.2309 0.3417 0.4758 0.4552 0.2768 0.1532 0.1853 0.2676 0.3988 0.4860 0.3995 0.1790 0.1602 0.2208 0.3314 0.4720 0.4768 0.4720 0.3314 0.2208 0.1602 0.1790 0.3995 0.4860 0.3988 0.2676 0.1853 0.1532 0.2768 0.4552 0.4758 0.3417 0.2309 0.1667 0.1635 0.3563 0.4777 0.4407 0.3024 0.2068 0.1559 0.1931 0.4104 0.4864 0.3976 0.2694 0.1875 0.1529 0.2584 0.4472 0.4815 0.3555 0.2405 0.1718 0.1583 0.3304 0.4710 0.4563 0.3170 0.2157 0.1595 0.1771 0.3904 0.4842 0.4154 0.2829 0.2101
0.2922 0.4271 0.4820 0.3772 0.1705 0.1621 0.2214 0.3260 0.4644 0.4662 0.3137 0.1561 0.1753 0.2472 0.3654 0.4843 0.4396 0.2405 0.1529 0.1919 0.2771 0.4083 0.4853 0.3988 0.1827 0.1578 0.2121 0.3111 0.4502 0.4739 0.3413 0.1602 0.1696 0.2365 0.3498 0.4795 0.4501 0.2640 0.1529 0.1875 0.2710 0.4027 0.4856 0.3971 0.1782 0.1602 0.2202 0.3291 0.4710 0.4553 0.3702 0.4553 0.4710 0.3291 0.2202 0.1602 0.1782 0.3971 0.4856 0.4027 0.2710 0.1875 0.1529 0.2640 0.4501 0.4795 0.3498 0.2365 0.1696 0.1602 0.3413 0.4739 0.4502 0.3111 0.2121 0.1578 0.1827 0.3988 0.4853 0.4083 0.2771 0.1919 0.1529 0.2405 0.4396 0.4843 0.3654 0.2472 0.1753 0.1561 0.3137 0.4662 0.4644 0.3260 0.2214 0.1621 0.1705 0.3772 0.4820 0.4271 0.2922
0.4244 0.4796 0.3629 0.1655 0.1651 0.2273 0.3353 0.4713 0.4608 0.2963 0.1545 0.1791 0.2541 0.3756 0.4860 0.4312 0.2234 0.1534 0.1965 0.2850 0.4189 0.4836 0.3862 0.1748 0.1603 0.2176 0.3200 0.4590 0.4695 0.3251 0.1576 0.1730 0.2427 0.3589 0.4827 0.4440 0.2493 0.1528 0.1906 0.2759 0.4085 0.4850 0.3924 0.1760 0.1608 0.2208 0.3291 0.4701 0.4583 0.2843 0.1606 0.2843 0.4583 0.4701 0.3291 0.2208 0.1608 0.1760 0.3924 0.4850 0.4085 0.2759 0.1906 0.1528 0.2493 0.4440 0.4827 0.3589 0.2427 0.1730 0.1576 0.3251 0.4695 0.4590 0.3200 0.2176 0.1603 0.1748 0.3862 0.4836 0.4189 0.2850 0.1965 0.1534 0.2234 0.4312 0.4860 0.3756 0.2541 0.1791 0.1545 0.2963 0.4608 0.4713 0.3353 0.2273 0.1651 0.1655 0.3629 0.4796 0.4244
0.4791 0.3475 0.1616 0.1684 0.2338 0.3452 0.4770 0.4542 0.2780 0.1536 0.1832 0.2616 0.3864 0.4865 0.4215 0.2074 0.1544 0.2015 0.2936 0.4299 0.4808 0.3723 0.1687 0.1633 0.2236 0.3295 0.4670 0.4641 0.3077 0.1556 0.1768 0.2498 0.3691 0.4849 0.4362 0.2330 0.1531 0.1945 0.2823 0.4164 0.4836 0.3850 0.1728 0.1620 0.2228 0.3314 0.4710 0.4583 0.2799 0.1517 0.1598 0.1517 0.2799 0.4583 0.4710 0.3314 0.2228 0.1620 0.1728 0.3850 0.4836 0.4164 0.2823 0.1945 0.1531 0.2330 0.4362 0.4849 0.3691 0.2498 0.1768 0.1556 0.3077 0.4641 0.4670 0.3295 0.2236 0.1633 0.1687 0.3723 0.4808 0.4299 0.2936 0.2015 0.1544 0.2074 0.4215 0.4865 0.3864 0.2616 0.1832 0.1536 0.2780 0.4542 0.4770 0.3452 0.2338 0.1684 0.1616 0.3475 0.4791
0.3516 0.1579 0.1682 0.2360 0.3540 0.4798 0.4461 0.2661 0.1511 0.1834 0.2653 0.3970 0.4844 0.4117 0.1976 0.1531 0.2024 0.2991 0.4399 0.4757 0.3621 0.1638 0.1629 0.2254 0.3374 0.4724 0.4567 0.2963 0.1526 0.1768 0.2528 0.3792 0.4844 0.4273 0.2224 0.1513 0.1947 0.2860 0.4251 0.4799 0.3787 0.1695 0.1605 0.2215 0.3334 0.4720 0.4553 0.2843 0.1517 0.1803 0.2188 0.1803 0.1517 0.2843 0.4553 0.4720 0.3334 0.2215 0.1605 0.1695 0.3787 0.4799 0.4251 0.2860 0.1947 0.1513 0.2224 0.4273 0.4844 0.3792 0.2528 0.1768 0.1526 0.2963 0.4567 0.4724 0.3374 0.2254 0.1629 0.1638 0.3621 0.4757 0.4399 0.2991 0.2024 0.1531 0.1976 0.4117 0.4844 0.3970 0.2653 0.1834 0.1511 0.2661 0.4461 0.4798 0.3540 0.2360 0.1682 0.1579 0.3516
0.2065 0.1512 0.2007 0.2992 0.4456 0.4705 0.3491 0.1548 0.1613 0.2237 0.3390 0.4747 0.4500 0.2825 0.1459 0.1750 0.2515 0.3831 0.4824 0.4183 0.2102 0.1482 0.1924 0.2843 0.4286 0.4760 0.3723 0.1634 0.1566 0.2138 0.3222 0.4656 0.4596 0.3110 0.1478 0.1692 0.2403 0.3661 0.4817 0.4304 0.2317 0.1471 0.1881 0.2781 0.4233 0.4768 0.3702 0.1606 0.1598 0.2188 0.2740 0.2188 0.1598 0.1606 0.3702 0.4768 0.4233 0.2781 0.1881 0.1471 0.2317 0.4304 0.4817 0.3661 0.2403 0.1692 0.1478 0.3110 0.4596 0.4656 0.3222 0.2138 0.1566 0.1634 0.3723 0.4760 0.4286 0.2843 0.1924 0.1482 0.2102 0.4183 0.4824 0.3831 0.2515 0.1750 0.1459 0.2825 0.4500 0.4747 0.3390 0.2237 0.1613 0.1548 0.3491 0.4705 0.4456 0.2992 0.2007 0.1512 0.2065
0.3516 0.1579 0.1682 0.2360 0.3540 0.4798 0.4461 0.2661 0.1511 0.1834 0.2653 0.3970 0.4844 0.4117 0.1976 0.1531 0.2024 0.2991 0.4399 0.4757 0.3621 0.1638 0.1629 0.2254 0.3374 0.4724 0.4567 0.2963 0.1526 0.1768 0.2528 0.3792 0.4844 0.4273 0.2224 0.1513 0.1947 0.2860 0.4251 0.4799 0.3787 0.1695 0.1605 0.2215 0.3334 0.4720 0.4553 0.2843 0.1517 0.1803 0.2188 0.1803 0.1517 0.2843 0.4553 0.4720 0.3334 0.2215 0.1605 0.1695 0.3787 0.4799 0.4251 0.2860 0.1947 0.1513 0.2224 0.4273 0.4844 0.3792 0.2528 0.1768 0.1526 0.2963 0.4567 0.4724 0.3374 0.2254 0.1629 0.1638 0.3621 0.4757 0.4399 0.2991 0.2024 0.1531 0.1976 0.4117 0.4844 0.3970 0.2653 0.1834 0.1511 0.2661 0.4461 0.4798 0.3540 0.2360 0.1682 0.1579 0.3516
0.4791 0.3475 0.1616 0.1684 0.2338 0.3452 0.4770 0.4542 0.2780 0.1536 0.1832 0.2616 0.3864 0.4865 0.4215 0.2074 0.1544 0.2015 0.2936 0.4299 0.4808 0.3723 0.1687 0.1633 0.2236 0.3295 0.4670 0.4641 0.3077 0.1556 0.1768 0.2498 0.3691 0.4849 0.4362 0.2330 0.1531 0.1945 0.2823 0.4164 0.4836 0.3850 0.1728 0.1620 0.2228 0.3314 0.4710 0.4583 0.2799 0.1517 0.1598 0.1517 0.2799 0.4583 0.4710 0.3314 0.2228 0.1620 0.1728 0.3850 0.4836 0.4164 0.2823 0.1945 0.1531 0.2330 0.4362 0.4849 0.3691 0.2498 0.1768 0.1556 0.3077 0.4641 0.4670 0.3295 0.2236 0.1633 0.1687 0.3723 0.4808 0.4299 0.2936 0.2015 0.1544 0.2074 0.4215 0.4865 0.3864 0.2616 0.1832 0.1536 0.2780 0.4542 0.4770 0.3452 0.2338 0.1684 0.1616 0.3475 0.4791
0.4244 0.4796 0.3629 0.1655 0.1651 0.2273 0.3353 0.4713 0.4608 0.2963 0.1545 0.1791 0.2541 0.3756 0.4860 0.4312 0.2234 0.1534 0.1965 0.2850 0.4189 0.4836 0.3862 0.1748 0.1603 0.2176 0.3200 0.4590 0.4695 0.3251 0.1576 0.1730 0.2427 0.3589 0.4827 0.4440 0.2493 0.1528 0.1906 0.2759 0.4085 0.4850 0.3924 0.1760 0.1608 0.2208 0.3291 0.4701 0.4583 0.2843 0.1606 0.2843 0.4583 0.4701 0.3291 0.2208 0.1608 0.1760 0.3924 0.4850 0.4085 0.2759 0.1906 0.1528 0.2493 0.4440 0.4827 0.3589 0.2427 0.1730 0.1576 0.3251 0.4695 0.4590 0.3200 0.2176 0.1603 0.1748 0.3862 0.4836 0.4189 0.2850 0.1965 0.1534 0.2234 0.4312 0.4860 0.3756 0.2541 0.1791 0.1545 0.2963 0.4608 0.4713 0.3353 0.2273 0.1651 0.1655 0.3629 0.4796 0.4244
0.2922 0.4271 0.4820 0.3772 0.1705 0.1621 0.2214 0.3260 0.4644 0.4662 0.3137 0.1561 0.1753 0.2472 0.3654 0.4843 0.4396 0.2405 0.1529 0.1919 0.2771 0.4083 0.4853 0.3988 0.1827 0.1578 0.2121 0.3111 0.4502 0.4739 0.3413 0.1602 0.1696 0.2365 0.3498 0.4795 0.4501 0.2640 0.1529 0.1875 0.2710 0.4027 0.4856 0.3971 0.1782 0.1602 0.2202 0.3291 0.4710 0.4553 0.3702 0.4553 0.4710 0.3291 0.2202 0.1602 0.1782 0.3971 0.4856 0.4027 0.2710 0.1875 0.1529 0.2640 0.4501 0.4795 0.3498 0.2365 0.1696 0.1602 0.3413 0.4739 0.4502 0.3111 0.2121 0.1578 0.1827 0.3988 0.4853 0.4083 0.2771 0.1919 0.1529 0.2405 0.4396 0.4843 0.3654 0.2472 0.1753 0.1561 0.3137 0.4662 0.4644 0.3260 0.2214 0.1621 0.1705 0.3772 0.4820 0.4271 0.2922
0.2101 0.2829 0.4154 0.4842 0.3904 0.1771 0.1595 0.2157 0.3170 0.4563 0.4710 0.3304 0.1583 0.1718 0.2405 0.3555 0.4815 0.4472 0.2584 0.1529 0.1875 0.2694 0.3976 0.4864 0.4104 0.1931 0.1559 0.2068 0.3024 0.4407 0.4777 0.3563 0.1635 0.1667 0.2309 0.3417 0.4758 0.4552 0.2768 0.1532 0.1853 0.2676 0.3988 0.4860 0.3995 0.1790 0.1602 0.2208 0.3314 0.4720 0.4768 0.4720 0.3314 0.2208 0.1602 0.1790 0.3995 0.4860 0.3988 0.2676 0.1853 0.1532 0.2768 0.4552 0.4758 0.3417 0.2309 0.1667 0.1635 0.3563 0.4777 0.4407 0.3024 0.2068 0.1559 0.1931 0.4104 0.4864 0.3976 0.2694 0.1875 0.1529 0.2584 0.4472 0.4815 0.3555 0.2405 0.1718 0.1583 0.3304 0.4710 0.4563 0.3170 0.2157 0.1595 0.1771 0.3904 0.4842 0.4154 0.2829 0.2101
