0.0019 0.0181 0.1373 1.0000 1.0000 0.0002 0.0014 0.0108 0.0817 0.6204 1.0000 1.0000 0.0008 0.0064 0.0482 0.3664 1.0000 1.0000 0.0005 0.0038 0.0285 0.2163 1.0000 1.0000 0.0003 0.0022 0.0168 0.1277 0.9700 1.0000 0.0002 0.0013 0.0099 0.0754 0.5728 1.0000 1.0000 0.0008 0.0059 0.0445 0.3382 1.0000 1.0000 0.0005 0.0035 0.0263 0.1997 1.0000 1.0000 0.0003 0.0010 0.0003 1.0000 1.0000 0.1997 0.0263 0.0035 0.0005 1.0000 1.0000 0.3382 0.0445 0.0059 0.0008 1.0000 1.0000 0.5728 0.0754 0.0099 0.0013 0.0002 1.0000 0.9700 0.1277 0.0168 0.0022 0.0003 1.0000 1.0000 0.2163 0.0285 0.0038 0.0005 1.0000 1.0000 0.3664 0.0482 0.0064 0.0008 1.0000 1.0000 0.6204 0.0817 0.0108 0.0014 0.0002 1.0000 1.0000 0.1373 0.0181 0.0019
0.0181 0.1581 1.0000 1.0000 0.0002 0.0015 0.0115 0.0877 0.6657 1.0000 1.0000 0.0009 0.0068 0.0517 0.3931 1.0000 1.0000 0.0005 0.0040 0.0306 0.2317 1.0000 1.0000 0.0003 0.0024 0.0180 0.1371 1.0000 1.0000 1.0000 0.0014 0.0107 0.0808 0.6146 1.0000 1.0000 0.0008 0.0063 0.0478 0.3622 1.0000 1.0000 0.0005 0.0037 0.0282 0.2143 1.0000 1.0000 0.0003 0.0022 0.0077 0.0022 0.0003 1.0000 1.0000 0.2143 0.0282 0.0037 0.0005 1.0000 1.0000 0.3622 0.0478 0.0063 0.0008 1.0000 1.0000 0.6146 0.0808 0.0107 0.0014 1.0000 1.0000 1.0000 0.1371 0.0180 0.0024 0.0003 1.0000 1.0000 0.2317 0.0306 0.0040 0.0005 1.0000 1.0000 0.3931 0.0517 0.0068 0.0009 1.0000 1.0000 0.6657 0.0877 0.0115 0.0015 0.0002 1.0000 1.0000 0.1581 0.0181
0.1373 1.0000 1.0000 1.0000 0.0014 0.0101 0.0763 0.5772 1.0000 1.0000 0.0008 0.0059 0.0446 0.3389 1.0000 1.0000 0.0005 0.0035 0.0264 0.2001 1.0000 1.0000 0.0003 0.0020 0.0156 0.1182 0.8973 1.0000 1.0000 0.0012 0.0092 0.0698 0.5298 1.0000 1.0000 0.0007 0.0054 0.0412 0.3129 1.0000 1.0000 0.0004 0.0032 0.0243 0.1847 1.0000 1.0000 0.0002 0.0019 0.0146 0.0502 0.0146 0.0019 0.0002 1.0000 1.0000 0.1847 0.0243 0.0032 0.0004 1.0000 1.0000 0.3129 0.0412 0.0054 0.0007 1.0000 1.0000 0.5298 0.0698 0.0092 0.0012 1.0000 1.0000 0.8973 0.1182 0.0156 0.0020 0.0003 1.0000 1.0000 0.2001 0.0264 0.0035 0.0005 1.0000 1.0000 0.3389 0.0446 0.0059 0.0008 1.0000 1.0000 0.5772 0.0763 0.0101 0.0014 1.0000 1.0000 1.0000 0.1373
1.0000 1.0000 1.0000 0.0013 0.0094 0.0692 0.5159 1.0000 1.0000 0.0007 0.0052 0.0391 0.2966 1.0000 1.0000 0.0004 0.0030 0.0231 0.1752 1.0000 1.0000 0.0002 0.0018 0.0136 0.1034 0.7854 1.0000 1.0000 0.0011 0.0080 0.0611 0.4638 1.0000 1.0000 0.0006 0.0047 0.0361 0.2739 1.0000 1.0000 0.0004 0.0028 0.0213 0.1617 1.0000 1.0000 0.0002 0.0017 0.0127 0.0971 0.3325 0.0971 0.0127 0.0017 0.0002 1.0000 1.0000 0.1617 0.0213 0.0028 0.0004 1.0000 1.0000 0.2739 0.0361 0.0047 0.0006 1.0000 1.0000 0.4638 0.0611 0.0080 0.0011 1.0000 1.0000 0.7854 0.1034 0.0136 0.0018 0.0002 1.0000 1.0000 0.1752 0.0231 0.0030 0.0004 1.0000 1.0000 0.2966 0.0391 0.0052 0.0007 1.0000 1.0000 0.5159 0.0692 0.0094 0.0013 1.0000 1.0000 1.0000
1.0000 0.0002 0.0014 0.0094 0.0667 0.4818 1.0000 1.0000 0.0006 0.0046 0.0344 0.2602 1.0000 1.0000 0.0003 0.0027 0.0202 0.1530 1.0000 1.0000 0.0002 0.0016 0.0119 0.0904 0.6862 1.0000 1.0000 0.0009 0.0070 0.0534 0.4052 1.0000 1.0000 0.0005 0.0041 0.0315 0.2393 1.0000 1.0000 0.0003 0.0025 0.0186 0.1413 1.0000 1.0000 1.0000 0.0014 0.0110 0.0841 0.6445 1.0000 0.6445 0.0841 0.0110 0.0014 1.0000 1.0000 1.0000 0.1413 0.0186 0.0025 0.0003 1.0000 1.0000 0.2393 0.0315 0.0041 0.0005 1.0000 1.0000 0.4052 0.0534 0.0070 0.0009 1.0000 1.0000 0.6862 0.0904 0.0119 0.0016 0.0002 1.0000 1.0000 0.1530 0.0202 0.0027 0.0003 1.0000 1.0000 0.2602 0.0344 0.0046 0.0006 1.0000 1.0000 0.4818 0.0667 0.0094 0.0014 0.0002 1.0000
0.0002 0.0015 0.0101 0.0692 0.4818 1.0000 1.0000 0.0006 0.0041 0.0307 0.2308 1.0000 1.0000 0.0003 0.0023 0.0176 0.1337 1.0000 1.0000 1.0000 0.0014 0.0104 0.0790 0.5995 1.0000 1.0000 0.0008 0.0061 0.0466 0.3540 1.0000 1.0000 0.0005 0.0036 0.0275 0.2090 1.0000 1.0000 0.0003 0.0021 0.0163 0.1234 0.9374 1.0000 1.0000 0.0013 0.0096 0.0729 0.5577 1.0000 1.0000 1.0000 0.5577 0.0729 0.0096 0.0013 1.0000 1.0000 0.9374 0.1234 0.0163 0.0021 0.0003 1.0000 1.0000 0.2090 0.0275 0.0036 0.0005 1.0000 1.0000 0.3540 0.0466 0.0061 0.0008 1.0000 1.0000 0.5995 0.0790 0.0104 0.0014 1.0000 1.0000 1.0000 0.1337 0.0176 0.0023 0.0003 1.0000 1.0000 0.2308 0.0307 0.0041 0.0006 1.0000 1.0000 0.4818 0.0692 0.0101 0.0015 0.0002
0.0014 0.0115 0.0763 0.5159 1.0000 1.0000 0.0005 0.0039 0.0283 0.2094 1.0000 1.0000 0.0003 0.0020 0.0154 0.1170 0.8871 1.0000 1.0000 0.0012 0.0091 0.0690 0.5238 1.0000 1.0000 0.0007 0.0054 0.0407 0.3093 1.0000 1.0000 0.0004 0.0032 0.0241 0.1826 1.0000 1.0000 0.0002 0.0019 0.0142 0.1078 0.8190 1.0000 1.0000 0.0011 0.0084 0.0637 0.4836 1.0000 1.0000 0.0003 1.0000 1.0000 0.4836 0.0637 0.0084 0.0011 1.0000 1.0000 0.8190 0.1078 0.0142 0.0019 0.0002 1.0000 1.0000 0.1826 0.0241 0.0032 0.0004 1.0000 1.0000 0.3093 0.0407 0.0054 0.0007 1.0000 1.0000 0.5238 0.0690 0.0091 0.0012 1.0000 1.0000 0.8871 0.1170 0.0154 0.0020 0.0003 1.0000 1.0000 0.2094 0.0283 0.0039 0.0005 1.0000 1.0000 0.5159 0.0763 0.0115 0.0014
0.0108 0.0877 0.5772 1.0000 1.0000 0.0006 0.0039 0.0275 0.1982 1.0000 1.0000 0.0002 0.0018 0.0137 0.1032 0.7795 1.0000 1.0000 0.0010 0.0079 0.0603 0.4577 1.0000 1.0000 0.0006 0.0047 0.0356 0.2702 1.0000 1.0000 0.0004 0.0028 0.0210 0.1596 1.0000 1.0000 0.0002 0.0016 0.0124 0.0942 0.7155 1.0000 1.0000 0.0010 0.0073 0.0556 0.4225 1.0000 1.0000 0.0006 0.0020 0.0006 1.0000 1.0000 0.4225 0.0556 0.0073 0.0010 1.0000 1.0000 0.7155 0.0942 0.0124 0.0016 0.0002 1.0000 1.0000 0.1596 0.0210 0.0028 0.0004 1.0000 1.0000 0.2702 0.0356 0.0047 0.0006 1.0000 1.0000 0.4577 0.0603 0.0079 0.0010 1.0000 1.0000 0.7795 0.1032 0.0137 0.0018 0.0002 1.0000 1.0000 0.1982 0.0275 0.0039 0.0006 1.0000 1.0000 0.5772 0.0877 0.0108
0.0817 0.6657 1.0000 1.0000 0.0006 0.0041 0.0283 0.1982 1.0000 1.0000 0.0002 0.0017 0.0124 0.0923 0.6928 1.0000 1.0000 0.0009 0.0069 0.0527 0.3998 1.0000 1.0000 0.0005 0.0041 0.0311 0.2361 1.0000 1.0000 0.0003 0.0024 0.0184 0.1394 1.0000 1.0000 1.0000 0.0014 0.0108 0.0823 0.6252 1.0000 1.0000 0.0008 0.0064 0.0486 0.3692 1.0000 1.0000 0.0005 0.0038 0.0132 0.0038 0.0005 1.0000 1.0000 0.3692 0.0486 0.0064 0.0008 1.0000 1.0000 0.6252 0.0823 0.0108 0.0014 1.0000 1.0000 1.0000 0.1394 0.0184 0.0024 0.0003 1.0000 1.0000 0.2361 0.0311 0.0041 0.0005 1.0000 1.0000 0.3998 0.0527 0.0069 0.0009 1.0000 1.0000 0.6928 0.0923 0.0124 0.0017 0.0002 1.0000 1.0000 0.1982 0.0283 0.0041 0.0006 1.0000 1.0000 0.6657 0.0817
0.6204 1.0000 1.0000 0.0007 0.0046 0.0307 0.2094 1.0000 1.0000 0.0002 0.0016 0.0115 0.0847 0.6275 1.0000 1.0000 0.0008 0.0061 0.0463 0.3500 1.0000 1.0000 0.0005 0.0036 0.0272 0.2063 1.0000 1.0000 0.0003 0.0021 0.0160 0.1218 0.9250 1.0000 1.0000 0.0012 0.0095 0.0719 0.5462 1.0000 1.0000 0.0007 0.0056 0.0425 0.3225 1.0000 1.0000 0.0004 0.0033 0.0255 0.0873 0.0255 0.0033 0.0004 1.0000 1.0000 0.3225 0.0425 0.0056 0.0007 1.0000 1.0000 0.5462 0.0719 0.0095 0.0012 1.0000 1.0000 0.9250 0.1218 0.0160 0.0021 0.0003 1.0000 1.0000 0.2063 0.0272 0.0036 0.0005 1.0000 1.0000 0.3500 0.0463 0.0061 0.0008 1.0000 1.0000 0.6275 0.0847 0.0115 0.0016 0.0002 1.0000 1.0000 0.2094 0.0307 0.0046 0.0007 1.0000 1.0000 0.6204
1.0000 1.0000 0.0008 0.0052 0.0344 0.2308 1.0000 1.0000 0.0002 0.0016 0.0112 0.0808 0.5860 1.0000 1.0000 0.0007 0.0055 0.0410 0.3087 1.0000 1.0000 0.0004 0.0031 0.0237 0.1802 1.0000 1.0000 0.0002 0.0018 0.0140 0.1064 0.8082 1.0000 1.0000 0.0011 0.0083 0.0628 0.4772 1.0000 1.0000 0.0006 0.0049 0.0371 0.2818 1.0000 1.0000 0.0004 0.0029 0.0221 0.1693 0.5794 0.1693 0.0221 0.0029 0.0004 1.0000 1.0000 0.2818 0.0371 0.0049 0.0006 1.0000 1.0000 0.4772 0.0628 0.0083 0.0011 1.0000 1.0000 0.8082 0.1064 0.0140 0.0018 0.0002 1.0000 1.0000 0.1802 0.0237 0.0031 0.0004 1.0000 1.0000 0.3087 0.0410 0.0055 0.0007 1.0000 1.0000 0.5860 0.0808 0.0112 0.0016 0.0002 1.0000 1.0000 0.2308 0.0344 0.0052 0.0008 1.0000 1.0000
1.0000 0.0009 0.0059 0.0391 0.2602 1.0000 1.0000 0.0002 0.0017 0.0115 0.0808 0.5717 1.0000 1.0000 0.0007 0.0050 0.0369 0.2754 1.0000 1.0000 0.0004 0.0027 0.0208 0.1575 1.0000 1.0000 0.0002 0.0016 0.0122 0.0930 0.7061 1.0000 1.0000 0.0010 0.0072 0.0549 0.4169 1.0000 1.0000 0.0006 0.0043 0.0324 0.2462 1.0000 1.0000 0.0003 0.0025 0.0191 0.1465 1.0000 1.0000 1.0000 0.1465 0.0191 0.0025 0.0003 1.0000 1.0000 0.2462 0.0324 0.0043 0.0006 1.0000 1.0000 0.4169 0.0549 0.0072 0.0010 1.0000 1.0000 0.7061 0.0930 0.0122 0.0016 0.0002 1.0000 1.0000 0.1575 0.0208 0.0027 0.0004 1.0000 1.0000 0.2754 0.0369 0.0050 0.0007 1.0000 1.0000 0.5717 0.0808 0.0115 0.0017 0.0002 1.0000 1.0000 0.2602 0.0391 0.0059 0.0009 1.0000
0.0008 0.0068 0.0446 0.2966 1.0000 1.0000 0.0003 0.0018 0.0124 0.0847 0.5860 1.0000 1.0000 0.0006 0.0047 0.0341 0.2514 1.0000 1.0000 0.0003 0.0024 0.0183 0.1384 1.0000 1.0000 1.0000 0.0014 0.0107 0.0812 0.6169 1.0000 1.0000 0.0008 0.0063 0.0480 0.3643 1.0000 1.0000 0.0005 0.0037 0.0283 0.2151 1.0000 1.0000 0.0003 0.0022 0.0167 0.1270 0.9719 1.0000 1.0000 1.0000 0.9719 0.1270 0.0167 0.0022 0.0003 1.0000 1.0000 0.2151 0.0283 0.0037 0.0005 1.0000 1.0000 0.3643 0.0480 0.0063 0.0008 1.0000 1.0000 0.6169 0.0812 0.0107 0.0014 1.0000 1.0000 1.0000 0.1384 0.0183 0.0024 0.0003 1.0000 1.0000 0.2514 0.0341 0.0047 0.0006 1.0000 1.0000 0.5860 0.0847 0.0124 0.0018 0.0003 1.0000 1.0000 0.2966 0.0446 0.0068 0.0008
0.0064 0.0517 0.3389 1.0000 1.0000 0.0003 0.0020 0.0137 0.0923 0.6275 1.0000 1.0000 0.0006 0.0046 0.0327 0.2366 1.0000 1.0000 0.0003 0.0022 0.0163 0.1225 0.9232 1.0000 1.0000 0.0012 0.0093 0.0710 0.5390 1.0000 1.0000 0.0007 0.0055 0.0419 0.3183 1.0000 1.0000 0.0004 0.0033 0.0247 0.1879 1.0000 1.0000 0.0003 0.0019 0.0146 0.1110 0.8427 1.0000 1.0000 0.0005 1.0000 1.0000 0.8427 0.1110 0.0146 0.0019 0.0003 1.0000 1.0000 0.1879 0.0247 0.0033 0.0004 1.0000 1.0000 0.3183 0.0419 0.0055 0.0007 1.0000 1.0000 0.5390 0.0710 0.0093 0.0012 1.0000 1.0000 0.9232 0.1225 0.0163 0.0022 0.0003 1.0000 1.0000 0.2366 0.0327 0.0046 0.0006 1.0000 1.0000 0.6275 0.0923 0.0137 0.0020 0.0003 1.0000 1.0000 0.3389 0.0517 0.0064
0.0482 0.3931 1.0000 1.0000 0.0003 0.0023 0.0154 0.1032 0.6928 1.0000 1.0000 0.0007 0.0047 0.0327 0.2312 1.0000 1.0000 0.0003 0.0020 0.0147 0.1097 0.8237 1.0000 1.0000 0.0011 0.0082 0.0621 0.4709 1.0000 1.0000 0.0006 0.0048 0.0366 0.2781 1.0000 1.0000 0.0004 0.0028 0.0216 0.1642 1.0000 1.0000 0.0002 0.0017 0.0128 0.0970 0.7362 1.0000 1.0000 0.0010 0.0035 0.0010 1.0000 1.0000 0.7362 0.0970 0.0128 0.0017 0.0002 1.0000 1.0000 0.1642 0.0216 0.0028 0.0004 1.0000 1.0000 0.2781 0.0366 0.0048 0.0006 1.0000 1.0000 0.4709 0.0621 0.0082 0.0011 1.0000 1.0000 0.8237 0.1097 0.0147 0.0020 0.0003 1.0000 1.0000 0.2312 0.0327 0.0047 0.0007 1.0000 1.0000 0.6928 0.1032 0.0154 0.0023 0.0003 1.0000 1.0000 0.3931 0.0482
0.3664 1.0000 1.0000 0.0004 0.0027 0.0176 0.1170 0.7795 1.0000 1.0000 0.0007 0.0050 0.0341 0.2366 1.0000 1.0000 0.0003 0.0019 0.0137 0.1005 0.7447 1.0000 1.0000 0.0010 0.0072 0.0547 0.4138 1.0000 1.0000 0.0006 0.0042 0.0320 0.2429 1.0000 1.0000 0.0003 0.0025 0.0189 0.1435 1.0000 1.0000 1.0000 0.0015 0.0112 0.0847 0.6433 1.0000 1.0000 0.0009 0.0067 0.0229 0.0067 0.0009 1.0000 1.0000 0.6433 0.0847 0.0112 0.0015 1.0000 1.0000 1.0000 0.1435 0.0189 0.0025 0.0003 1.0000 1.0000 0.2429 0.0320 0.0042 0.0006 1.0000 1.0000 0.4138 0.0547 0.0072 0.0010 1.0000 1.0000 0.7447 0.1005 0.0137 0.0019 0.0003 1.0000 1.0000 0.2366 0.0341 0.0050 0.0007 1.0000 1.0000 0.7795 0.1170 0.0176 0.0027 0.0004 1.0000 1.0000 0.3664
1.0000 1.0000 0.0005 0.0030 0.0202 0.1337 0.8871 1.0000 1.0000 0.0008 0.0055 0.0369 0.2514 1.0000 1.0000 0.0003 0.0018 0.0131 0.0949 0.6928 1.0000 1.0000 0.0009 0.0065 0.0485 0.3657 1.0000 1.0000 0.0005 0.0037 0.0280 0.2123 1.0000 1.0000 0.0003 0.0022 0.0165 0.1253 0.9518 1.0000 1.0000 0.0013 0.0097 0.0740 0.5620 1.0000 1.0000 0.0008 0.0058 0.0445 0.1522 0.0445 0.0058 0.0008 1.0000 1.0000 0.5620 0.0740 0.0097 0.0013 1.0000 1.0000 0.9518 0.1253 0.0165 0.0022 0.0003 1.0000 1.0000 0.2123 0.0280 0.0037 0.0005 1.0000 1.0000 0.3657 0.0485 0.0065 0.0009 1.0000 1.0000 0.6928 0.0949 0.0131 0.0018 0.0003 1.0000 1.0000 0.2514 0.0369 0.0055 0.0008 1.0000 1.0000 0.8871 0.1337 0.0202 0.0030 0.0005 1.0000 1.0000
1.0000 0.0005 0.0035 0.0231 0.1530 1.0000 1.0000 1.0000 0.0009 0.0061 0.0410 0.2754 1.0000 1.0000 0.0003 0.0019 0.0131 0.0932 0.6669 1.0000 1.0000 0.0008 0.0059 0.0437 0.3262 1.0000 1.0000 0.0004 0.0032 0.0245 0.1854 1.0000 1.0000 0.0003 0.0019 0.0144 0.1095 0.8315 1.0000 1.0000 0.0011 0.0085 0.0647 0.4910 1.0000 1.0000 0.0007 0.0050 0.0385 0.2949 1.0000 0.2949 0.0385 0.0050 0.0007 1.0000 1.0000 0.4910 0.0647 0.0085 0.0011 1.0000 1.0000 0.8315 0.1095 0.0144 0.0019 0.0003 1.0000 1.0000 0.1854 0.0245 0.0032 0.0004 1.0000 1.0000 0.3262 0.0437 0.0059 0.0008 1.0000 1.0000 0.6669 0.0932 0.0131 0.0019 0.0003 1.0000 1.0000 0.2754 0.0410 0.0061 0.0009 1.0000 1.0000 1.0000 0.1530 0.0231 0.0035 0.0005 1.0000
0.0005 0.0040 0.0264 0.1752 1.0000 1.0000 1.0000 0.0010 0.0069 0.0463 0.3087 1.0000 1.0000 0.0003 0.0020 0.0137 0.0949 0.6669 1.0000 1.0000 0.0008 0.0055 0.0402 0.2972 1.0000 1.0000 0.0004 0.0029 0.0216 0.1633 1.0000 1.0000 0.0002 0.0017 0.0126 0.0957 0.7265 1.0000 1.0000 0.0010 0.0074 0.0565 0.4290 1.0000 1.0000 0.0006 0.0044 0.0334 0.2553 1.0000 1.0000 1.0000 0.2553 0.0334 0.0044 0.0006 1.0000 1.0000 0.4290 0.0565 0.0074 0.0010 1.0000 1.0000 0.7265 0.0957 0.0126 0.0017 0.0002 1.0000 1.0000 0.1633 0.0216 0.0029 0.0004 1.0000 1.0000 0.2972 0.0402 0.0055 0.0008 1.0000 1.0000 0.6669 0.0949 0.0137 0.0020 0.0003 1.0000 1.0000 0.3087 0.0463 0.0069 0.0010 1.0000 1.0000 1.0000 0.1752 0.0264 0.0040 0.0005
0.0038 0.0306 0.2001 1.0000 1.0000 1.0000 0.0012 0.0079 0.0527 0.3500 1.0000 1.0000 0.0003 0.0022 0.0147 0.1005 0.6928 1.0000 1.0000 0.0007 0.0053 0.0381 0.2770 1.0000 1.0000 0.0003 0.0026 0.0193 0.1448 1.0000 1.0000 1.0000 0.0015 0.0110 0.0836 0.6347 1.0000 1.0000 0.0009 0.0065 0.0494 0.3748 1.0000 1.0000 0.0005 0.0038 0.0291 0.2213 1.0000 1.0000 1.0000 1.0000 1.0000 0.2213 0.0291 0.0038 0.0005 1.0000 1.0000 0.3748 0.0494 0.0065 0.0009 1.0000 1.0000 0.6347 0.0836 0.0110 0.0015 1.0000 1.0000 1.0000 0.1448 0.0193 0.0026 0.0003 1.0000 1.0000 0.2770 0.0381 0.0053 0.0007 1.0000 1.0000 0.6928 0.1005 0.0147 0.0022 0.0003 1.0000 1.0000 0.3500 0.0527 0.0079 0.0012 1.0000 1.0000 1.0000 0.2001 0.0306 0.0038
0.0285 0.2317 1.0000 1.0000 0.0002 0.0014 0.0091 0.0603 0.3998 1.0000 1.0000 0.0004 0.0024 0.0163 0.1097 0.7447 1.0000 1.0000 0.0008 0.0053 0.0374 0.2677 1.0000 1.0000 0.0003 0.0023 0.0174 0.1297 0.9700 1.0000 1.0000 0.0013 0.0097 0.0732 0.5546 1.0000 1.0000 0.0007 0.0057 0.0431 0.3275 1.0000 1.0000 0.0004 0.0034 0.0255 0.1934 1.0000 1.0000 0.0003 0.0009 0.0003 1.0000 1.0000 0.1934 0.0255 0.0034 0.0004 1.0000 1.0000 0.3275 0.0431 0.0057 0.0007 1.0000 1.0000 0.5546 0.0732 0.0097 0.0013 1.0000 1.0000 0.9700 0.1297 0.0174 0.0023 0.0003 1.0000 1.0000 0.2677 0.0374 0.0053 0.0008 1.0000 1.0000 0.7447 0.1097 0.0163 0.0024 0.0004 1.0000 1.0000 0.3998 0.0603 0.0091 0.0014 0.0002 1.0000 1.0000 0.2317 0.0285
0.2163 1.0000 1.0000 0.0002 0.0016 0.0104 0.0690 0.4577 1.0000 1.0000 0.0004 0.0027 0.0183 0.1225 0.8237 1.0000 1.0000 0.0008 0.0055 0.0381 0.2677 1.0000 1.0000 0.0003 0.0022 0.0160 0.1184 0.8787 1.0000 1.0000 0.0011 0.0085 0.0645 0.4873 1.0000 1.0000 0.0007 0.0050 0.0377 0.2861 1.0000 1.0000 0.0004 0.0029 0.0222 0.1689 1.0000 1.0000 0.0002 0.0018 0.0060 0.0018 0.0002 1.0000 1.0000 0.1689 0.0222 0.0029 0.0004 1.0000 1.0000 0.2861 0.0377 0.0050 0.0007 1.0000 1.0000 0.4873 0.0645 0.0085 0.0011 1.0000 1.0000 0.8787 0.1184 0.0160 0.0022 0.0003 1.0000 1.0000 0.2677 0.0381 0.0055 0.0008 1.0000 1.0000 0.8237 0.1225 0.0183 0.0027 0.0004 1.0000 1.0000 0.4577 0.0690 0.0104 0.0016 0.0002 1.0000 1.0000 0.2163
1.0000 1.0000 0.0003 0.0018 0.0119 0.0790 0.5238 1.0000 1.0000 0.0005 0.0031 0.0208 0.1384 0.9232 1.0000 1.0000 0.0009 0.0059 0.0402 0.2770 1.0000 1.0000 0.0003 0.0021 0.0152 0.1108 0.8128 1.0000 1.0000 0.0010 0.0076 0.0573 0.4315 1.0000 1.0000 0.0006 0.0043 0.0329 0.2500 1.0000 1.0000 0.0003 0.0026 0.0194 0.1476 1.0000 1.0000 1.0000 0.0015 0.0117 0.0400 0.0117 0.0015 1.0000 1.0000 1.0000 0.1476 0.0194 0.0026 0.0003 1.0000 1.0000 0.2500 0.0329 0.0043 0.0006 1.0000 1.0000 0.4315 0.0573 0.0076 0.0010 1.0000 1.0000 0.8128 0.1108 0.0152 0.0021 0.0003 1.0000 1.0000 0.2770 0.0402 0.0059 0.0009 1.0000 1.0000 0.9232 0.1384 0.0208 0.0031 0.0005 1.0000 1.0000 0.5238 0.0790 0.0119 0.0018 0.0003 1.0000 1.0000
1.0000 0.0003 0.0020 0.0136 0.0904 0.5995 1.0000 1.0000 0.0005 0.0036 0.0237 0.1575 1.0000 1.0000 1.0000 0.0010 0.0065 0.0437 0.2972 1.0000 1.0000 0.0003 0.0021 0.0150 0.1072 0.7721 1.0000 1.0000 0.0009 0.0069 0.0515 0.3849 1.0000 1.0000 0.0005 0.0038 0.0288 0.2184 1.0000 1.0000 0.0003 0.0022 0.0170 0.1290 0.9793 1.0000 1.0000 0.0013 0.0101 0.0775 0.2651 0.0775 0.0101 0.0013 1.0000 1.0000 0.9793 0.1290 0.0170 0.0022 0.0003 1.0000 1.0000 0.2184 0.0288 0.0038 0.0005 1.0000 1.0000 0.3849 0.0515 0.0069 0.0009 1.0000 1.0000 0.7721 0.1072 0.0150 0.0021 0.0003 1.0000 1.0000 0.2972 0.0437 0.0065 0.0010 1.0000 1.0000 1.0000 0.1575 0.0237 0.0036 0.0005 1.0000 1.0000 0.5995 0.0904 0.0136 0.0020 0.0003 1.0000
0.0003 0.0024 0.0156 0.1034 0.6862 1.0000 1.0000 0.0006 0.0041 0.0272 0.1802 1.0000 1.0000 1.0000 0.0011 0.0072 0.0485 0.3262 1.0000 1.0000 0.0003 0.0022 0.0152 0.1072 0.7590 1.0000 1.0000 0.0009 0.0064 0.0472 0.3493 1.0000 1.0000 0.0004 0.0034 0.0254 0.1919 1.0000 1.0000 0.0003 0.0020 0.0148 0.1127 0.8556 1.0000 1.0000 0.0012 0.0088 0.0670 0.5139 1.0000 0.5139 0.0670 0.0088 0.0012 1.0000 1.0000 0.8556 0.1127 0.0148 0.0020 0.0003 1.0000 1.0000 0.1919 0.0254 0.0034 0.0004 1.0000 1.0000 0.3493 0.0472 0.0064 0.0009 1.0000 1.0000 0.7590 0.1072 0.0152 0.0022 0.0003 1.0000 1.0000 0.3262 0.0485 0.0072 0.0011 1.0000 1.0000 1.0000 0.1802 0.0272 0.0041 0.0006 1.0000 1.0000 0.6862 0.1034 0.0156 0.0024 0.0003
0.0022 0.0180 0.1182 0.7854 1.0000 1.0000 0.0007 0.0047 0.0311 0.2063 1.0000 1.0000 1.0000 0.0012 0.0082 0.0547 0.3657 1.0000 1.0000 0.0003 0.0023 0.0160 0.1108 0.7721 1.0000 1.0000 0.0008 0.0061 0.0443 0.3238 1.0000 1.0000 0.0004 0.0030 0.0226 0.1702 1.0000 1.0000 0.0002 0.0017 0.0130 0.0984 0.7475 1.0000 1.0000 0.0010 0.0077 0.0581 0.4448 1.0000 1.0000 1.0000 0.4448 0.0581 0.0077 0.0010 1.0000 1.0000 0.7475 0.0984 0.0130 0.0017 0.0002 1.0000 1.0000 0.1702 0.0226 0.0030 0.0004 1.0000 1.0000 0.3238 0.0443 0.0061 0.0008 1.0000 1.0000 0.7721 0.1108 0.0160 0.0023 0.0003 1.0000 1.0000 0.3657 0.0547 0.0082 0.0012 1.0000 1.0000 1.0000 0.2063 0.0311 0.0047 0.0007 1.0000 1.0000 0.7854 0.1182 0.0180 0.0022
0.0168 0.1371 0.8973 1.0000 1.0000 0.0008 0.0054 0.0356 0.2361 1.0000 1.0000 0.0002 0.0014 0.0093 0.0621 0.4138 1.0000 1.0000 0.0004 0.0026 0.0174 0.1184 0.8128 1.0000 1.0000 0.0008 0.0060 0.0429 0.3087 1.0000 1.0000 0.0004 0.0027 0.0204 0.1525 1.0000 1.0000 0.0002 0.0015 0.0114 0.0862 0.6531 1.0000 1.0000 0.0009 0.0067 0.0508 0.3857 1.0000 1.0000 0.0002 1.0000 1.0000 0.3857 0.0508 0.0067 0.0009 1.0000 1.0000 0.6531 0.0862 0.0114 0.0015 0.0002 1.0000 1.0000 0.1525 0.0204 0.0027 0.0004 1.0000 1.0000 0.3087 0.0429 0.0060 0.0008 1.0000 1.0000 0.8128 0.1184 0.0174 0.0026 0.0004 1.0000 1.0000 0.4138 0.0621 0.0093 0.0014 0.0002 1.0000 1.0000 0.2361 0.0356 0.0054 0.0008 1.0000 1.0000 0.8973 0.1371 0.0168
0.1277 1.0000 1.0000 1.0000 0.0009 0.0061 0.0407 0.2702 1.0000 1.0000 0.0002 0.0016 0.0107 0.0710 0.4709 1.0000 1.0000 0.0004 0.0029 0.0193 0.1297 0.8787 1.0000 1.0000 0.0009 0.0061 0.0429 0.3041 1.0000 1.0000 0.0003 0.0026 0.0188 0.1389 1.0000 1.0000 1.0000 0.0013 0.0101 0.0760 0.5739 1.0000 1.0000 0.0008 0.0058 0.0444 0.3369 1.0000 1.0000 0.0005 0.0016 0.0005 1.0000 1.0000 0.3369 0.0444 0.0058 0.0008 1.0000 1.0000 0.5739 0.0760 0.0101 0.0013 1.0000 1.0000 1.0000 0.1389 0.0188 0.0026 0.0003 1.0000 1.0000 0.3041 0.0429 0.0061 0.0009 1.0000 1.0000 0.8787 0.1297 0.0193 0.0029 0.0004 1.0000 1.0000 0.4709 0.0710 0.0107 0.0016 0.0002 1.0000 1.0000 0.2702 0.0407 0.0061 0.0009 1.0000 1.0000 1.0000 0.1277
0.9700 1.0000 1.0000 0.0011 0.0070 0.0466 0.3093 1.0000 1.0000 0.0003 0.0018 0.0122 0.0812 0.5390 1.0000 1.0000 0.0005 0.0032 0.0216 0.1448 0.9700 1.0000 1.0000 0.0009 0.0064 0.0443 0.3087 1.0000 1.0000 0.0003 0.0024 0.0177 0.1292 0.9499 1.0000 1.0000 0.0012 0.0090 0.0674 0.5081 1.0000 1.0000 0.0007 0.0051 0.0388 0.2944 1.0000 1.0000 0.0004 0.0031 0.0105 0.0031 0.0004 1.0000 1.0000 0.2944 0.0388 0.0051 0.0007 1.0000 1.0000 0.5081 0.0674 0.0090 0.0012 1.0000 1.0000 0.9499 0.1292 0.0177 0.0024 0.0003 1.0000 1.0000 0.3087 0.0443 0.0064 0.0009 1.0000 1.0000 0.9700 0.1448 0.0216 0.0032 0.0005 1.0000 1.0000 0.5390 0.0812 0.0122 0.0018 0.0003 1.0000 1.0000 0.3093 0.0466 0.0070 0.0011 1.0000 1.0000 0.9700
1.0000 1.0000 0.0012 0.0080 0.0534 0.3540 1.0000 1.0000 0.0003 0.0021 0.0140 0.0930 0.6169 1.0000 1.0000 0.0006 0.0037 0.0245 0.1633 1.0000 1.0000 1.0000 0.0010 0.0069 0.0472 0.3238 1.0000 1.0000 0.0003 0.0024 0.0172 0.1237 0.8956 1.0000 1.0000 0.0011 0.0081 0.0604 0.4525 1.0000 1.0000 0.0006 0.0045 0.0339 0.2572 1.0000 1.0000 0.0003 0.0027 0.0203 0.0696 0.0203 0.0027 0.0003 1.0000 1.0000 0.2572 0.0339 0.0045 0.0006 1.0000 1.0000 0.4525 0.0604 0.0081 0.0011 1.0000 1.0000 0.8956 0.1237 0.0172 0.0024 0.0003 1.0000 1.0000 0.3238 0.0472 0.0069 0.0010 1.0000 1.0000 1.0000 0.1633 0.0245 0.0037 0.0006 1.0000 1.0000 0.6169 0.0930 0.0140 0.0021 0.0003 1.0000 1.0000 0.3540 0.0534 0.0080 0.0012 1.0000 1.0000
0.0002 0.0014 0.0092 0.0611 0.4052 1.0000 1.0000 0.0004 0.0024 0.0160 0.1064 0.7061 1.0000 1.0000 0.0006 0.0042 0.0280 0.1854 1.0000 1.0000 1.0000 0.0011 0.0076 0.0515 0.3493 1.0000 1.0000 0.0003 0.0024 0.0172 0.1218 0.8687 1.0000 1.0000 0.0010 0.0075 0.0551 0.4091 1.0000 1.0000 0.0005 0.0040 0.0299 0.2260 1.0000 1.0000 0.0003 0.0023 0.0176 0.1350 0.4620 0.1350 0.0176 0.0023 0.0003 1.0000 1.0000 0.2260 0.0299 0.0040 0.0005 1.0000 1.0000 0.4091 0.0551 0.0075 0.0010 1.0000 1.0000 0.8687 0.1218 0.0172 0.0024 0.0003 1.0000 1.0000 0.3493 0.0515 0.0076 0.0011 1.0000 1.0000 1.0000 0.1854 0.0280 0.0042 0.0006 1.0000 1.0000 0.7061 0.1064 0.0160 0.0024 0.0004 1.0000 1.0000 0.4052 0.0611 0.0092 0.0014 0.0002
0.0013 0.0107 0.0698 0.4638 1.0000 1.0000 0.0004 0.0028 0.0184 0.1218 0.8082 1.0000 1.0000 0.0007 0.0048 0.0320 0.2123 1.0000 1.0000 1.0000 0.0013 0.0085 0.0573 0.3849 1.0000 1.0000 0.0004 0.0026 0.0177 0.1237 0.8687 1.0000 1.0000 0.0010 0.0071 0.0515 0.3777 1.0000 1.0000 0.0005 0.0035 0.0266 0.2001 1.0000 1.0000 0.0003 0.0020 0.0153 0.1168 0.8956 1.0000 0.8956 0.1168 0.0153 0.0020 0.0003 1.0000 1.0000 0.2001 0.0266 0.0035 0.0005 1.0000 1.0000 0.3777 0.0515 0.0071 0.0010 1.0000 1.0000 0.8687 0.1237 0.0177 0.0026 0.0004 1.0000 1.0000 0.3849 0.0573 0.0085 0.0013 1.0000 1.0000 1.0000 0.2123 0.0320 0.0048 0.0007 1.0000 1.0000 0.8082 0.1218 0.0184 0.0028 0.0004 1.0000 1.0000 0.4638 0.0698 0.0107 0.0013
0.0099 0.0808 0.5298 1.0000 1.0000 0.0005 0.0032 0.0210 0.1394 0.9250 1.0000 1.0000 0.0008 0.0055 0.0366 0.2429 1.0000 1.0000 0.0002 0.0015 0.0097 0.0645 0.4315 1.0000 1.0000 0.0004 0.0027 0.0188 0.1292 0.8956 1.0000 1.0000 0.0010 0.0069 0.0493 0.3567 1.0000 1.0000 0.0004 0.0032 0.0239 0.1789 1.0000 1.0000 0.0002 0.0018 0.0134 0.1013 0.7750 1.0000 1.0000 1.0000 0.7750 0.1013 0.0134 0.0018 0.0002 1.0000 1.0000 0.1789 0.0239 0.0032 0.0004 1.0000 1.0000 0.3567 0.0493 0.0069 0.0010 1.0000 1.0000 0.8956 0.1292 0.0188 0.0027 0.0004 1.0000 1.0000 0.4315 0.0645 0.0097 0.0015 0.0002 1.0000 1.0000 0.2429 0.0366 0.0055 0.0008 1.0000 1.0000 0.9250 0.1394 0.0210 0.0032 0.0005 1.0000 1.0000 0.5298 0.0808 0.0099
0.0754 0.6146 1.0000 1.0000 0.0005 0.0036 0.0241 0.1596 1.0000 1.0000 1.0000 0.0010 0.0063 0.0419 0.2781 1.0000 1.0000 0.0003 0.0017 0.0110 0.0732 0.4873 1.0000 1.0000 0.0004 0.0030 0.0204 0.1389 0.9499 1.0000 1.0000 0.0010 0.0069 0.0485 0.3460 1.0000 1.0000 0.0004 0.0030 0.0219 0.1620 1.0000 1.0000 0.0002 0.0016 0.0118 0.0890 0.6733 1.0000 1.0000 0.0004 1.0000 1.0000 0.6733 0.0890 0.0118 0.0016 0.0002 1.0000 1.0000 0.1620 0.0219 0.0030 0.0004 1.0000 1.0000 0.3460 0.0485 0.0069 0.0010 1.0000 1.0000 0.9499 0.1389 0.0204 0.0030 0.0004 1.0000 1.0000 0.4873 0.0732 0.0110 0.0017 0.0003 1.0000 1.0000 0.2781 0.0419 0.0063 0.0010 1.0000 1.0000 1.0000 0.1596 0.0241 0.0036 0.0005 1.0000 1.0000 0.6146 0.0754
0.5728 1.0000 1.0000 0.0006 0.0041 0.0275 0.1826 1.0000 1.0000 1.0000 0.0011 0.0072 0.0480 0.3183 1.0000 1.0000 0.0003 0.0019 0.0126 0.0836 0.5546 1.0000 1.0000 0.0005 0.0034 0.0226 0.1525 1.0000 1.0000 1.0000 0.0010 0.0071 0.0493 0.3460 1.0000 1.0000 0.0004 0.0028 0.0205 0.1499 1.0000 1.0000 1.0000 0.0014 0.0105 0.0790 0.5950 1.0000 1.0000 0.0008 0.0028 0.0008 1.0000 1.0000 0.5950 0.0790 0.0105 0.0014 1.0000 1.0000 1.0000 0.1499 0.0205 0.0028 0.0004 1.0000 1.0000 0.3460 0.0493 0.0071 0.0010 1.0000 1.0000 1.0000 0.1525 0.0226 0.0034 0.0005 1.0000 1.0000 0.5546 0.0836 0.0126 0.0019 0.0003 1.0000 1.0000 0.3183 0.0480 0.0072 0.0011 1.0000 1.0000 1.0000 0.1826 0.0275 0.0041 0.0006 1.0000 1.0000 0.5728
1.0000 1.0000 0.0007 0.0047 0.0315 0.2090 1.0000 1.0000 1.0000 0.0012 0.0083 0.0549 0.3643 1.0000 1.0000 0.0003 0.0022 0.0144 0.0957 0.6347 1.0000 1.0000 0.0006 0.0038 0.0254 0.1702 1.0000 1.0000 1.0000 0.0011 0.0075 0.0515 0.3567 1.0000 1.0000 0.0004 0.0027 0.0196 0.1418 1.0000 1.0000 1.0000 0.0013 0.0095 0.0706 0.5298 1.0000 1.0000 0.0007 0.0054 0.0184 0.0054 0.0007 1.0000 1.0000 0.5298 0.0706 0.0095 0.0013 1.0000 1.0000 1.0000 0.1418 0.0196 0.0027 0.0004 1.0000 1.0000 0.3567 0.0515 0.0075 0.0011 1.0000 1.0000 1.0000 0.1702 0.0254 0.0038 0.0006 1.0000 1.0000 0.6347 0.0957 0.0144 0.0022 0.0003 1.0000 1.0000 0.3643 0.0549 0.0083 0.0012 1.0000 1.0000 1.0000 0.2090 0.0315 0.0047 0.0007 1.0000 1.0000
1.0000 0.0008 0.0054 0.0361 0.2393 1.0000 1.0000 0.0002 0.0014 0.0095 0.0628 0.4169 1.0000 1.0000 0.0004 0.0025 0.0165 0.1095 0.7265 1.0000 1.0000 0.0007 0.0043 0.0288 0.1919 1.0000 1.0000 1.0000 0.0012 0.0081 0.0551 0.3777 1.0000 1.0000 0.0004 0.0027 0.0194 0.1381 0.9924 1.0000 1.0000 0.0012 0.0087 0.0642 0.4772 1.0000 1.0000 0.0006 0.0047 0.0359 0.1227 0.0359 0.0047 0.0006 1.0000 1.0000 0.4772 0.0642 0.0087 0.0012 1.0000 1.0000 0.9924 0.1381 0.0194 0.0027 0.0004 1.0000 1.0000 0.3777 0.0551 0.0081 0.0012 1.0000 1.0000 1.0000 0.1919 0.0288 0.0043 0.0007 1.0000 1.0000 0.7265 0.1095 0.0165 0.0025 0.0004 1.0000 1.0000 0.4169 0.0628 0.0095 0.0014 0.0002 1.0000 1.0000 0.2393 0.0361 0.0054 0.0008 1.0000
0.0008 0.0063 0.0412 0.2739 1.0000 1.0000 0.0002 0.0016 0.0108 0.0719 0.4772 1.0000 1.0000 0.0004 0.0028 0.0189 0.1253 0.8315 1.0000 1.0000 0.0007 0.0050 0.0329 0.2184 1.0000 1.0000 0.0002 0.0013 0.0090 0.0604 0.4091 1.0000 1.0000 0.0004 0.0028 0.0196 0.1381 0.9774 1.0000 1.0000 0.0011 0.0082 0.0596 0.4381 1.0000 1.0000 0.0006 0.0042 0.0314 0.2397 0.8190 0.2397 0.0314 0.0042 0.0006 1.0000 1.0000 0.4381 0.0596 0.0082 0.0011 1.0000 1.0000 0.9774 0.1381 0.0196 0.0028 0.0004 1.0000 1.0000 0.4091 0.0604 0.0090 0.0013 0.0002 1.0000 1.0000 0.2184 0.0329 0.0050 0.0007 1.0000 1.0000 0.8315 0.1253 0.0189 0.0028 0.0004 1.0000 1.0000 0.4772 0.0719 0.0108 0.0016 0.0002 1.0000 1.0000 0.2739 0.0412 0.0063 0.0008
0.0059 0.0478 0.3129 1.0000 1.0000 0.0003 0.0019 0.0124 0.0823 0.5462 1.0000 1.0000 0.0005 0.0033 0.0216 0.1435 0.9518 1.0000 1.0000 0.0009 0.0057 0.0377 0.2500 1.0000 1.0000 0.0002 0.0015 0.0101 0.0674 0.4525 1.0000 1.0000 0.0004 0.0030 0.0205 0.1418 0.9924 1.0000 1.0000 0.0011 0.0078 0.0565 0.4114 1.0000 1.0000 0.0005 0.0037 0.0280 0.2114 1.0000 1.0000 1.0000 0.2114 0.0280 0.0037 0.0005 1.0000 1.0000 0.4114 0.0565 0.0078 0.0011 1.0000 1.0000 0.9924 0.1418 0.0205 0.0030 0.0004 1.0000 1.0000 0.4525 0.0674 0.0101 0.0015 0.0002 1.0000 1.0000 0.2500 0.0377 0.0057 0.0009 1.0000 1.0000 0.9518 0.1435 0.0216 0.0033 0.0005 1.0000 1.0000 0.5462 0.0823 0.0124 0.0019 0.0003 1.0000 1.0000 0.3129 0.0478 0.0059
0.0445 0.3622 1.0000 1.0000 0.0003 0.0021 0.0142 0.0942 0.6252 1.0000 1.0000 0.0006 0.0037 0.0247 0.1642 1.0000 1.0000 1.0000 0.0010 0.0065 0.0431 0.2861 1.0000 1.0000 0.0003 0.0017 0.0114 0.0760 0.5081 1.0000 1.0000 0.0005 0.0032 0.0219 0.1499 1.0000 1.0000 1.0000 0.0011 0.0077 0.0550 0.3953 1.0000 1.0000 0.0005 0.0034 0.0254 0.1890 1.0000 1.0000 1.0000 1.0000 1.0000 0.1890 0.0254 0.0034 0.0005 1.0000 1.0000 0.3953 0.0550 0.0077 0.0011 1.0000 1.0000 1.0000 0.1499 0.0219 0.0032 0.0005 1.0000 1.0000 0.5081 0.0760 0.0114 0.0017 0.0003 1.0000 1.0000 0.2861 0.0431 0.0065 0.0010 1.0000 1.0000 1.0000 0.1642 0.0247 0.0037 0.0006 1.0000 1.0000 0.6252 0.0942 0.0142 0.0021 0.0003 1.0000 1.0000 0.3622 0.0445
0.3382 1.0000 1.0000 0.0004 0.0025 0.0163 0.1078 0.7155 1.0000 1.0000 0.0006 0.0043 0.0283 0.1879 1.0000 1.0000 1.0000 0.0011 0.0074 0.0494 0.3275 1.0000 1.0000 0.0003 0.0020 0.0130 0.0862 0.5739 1.0000 1.0000 0.0005 0.0035 0.0239 0.1620 1.0000 1.0000 1.0000 0.0011 0.0078 0.0550 0.3893 1.0000 1.0000 0.0004 0.0032 0.0236 0.1738 1.0000 1.0000 0.0002 0.0008 0.0002 1.0000 1.0000 0.1738 0.0236 0.0032 0.0004 1.0000 1.0000 0.3893 0.0550 0.0078 0.0011 1.0000 1.0000 1.0000 0.1620 0.0239 0.0035 0.0005 1.0000 1.0000 0.5739 0.0862 0.0130 0.0020 0.0003 1.0000 1.0000 0.3275 0.0494 0.0074 0.0011 1.0000 1.0000 1.0000 0.1879 0.0283 0.0043 0.0006 1.0000 1.0000 0.7155 0.1078 0.0163 0.0025 0.0004 1.0000 1.0000 0.3382
1.0000 1.0000 0.0004 0.0028 0.0186 0.1234 0.8190 1.0000 1.0000 0.0007 0.0049 0.0324 0.2151 1.0000 1.0000 1.0000 0.0013 0.0085 0.0565 0.3748 1.0000 1.0000 0.0003 0.0022 0.0148 0.0984 0.6531 1.0000 1.0000 0.0006 0.0040 0.0266 0.1789 1.0000 1.0000 1.0000 0.0012 0.0082 0.0565 0.3953 1.0000 1.0000 0.0004 0.0031 0.0225 0.1633 1.0000 1.0000 0.0002 0.0015 0.0052 0.0015 0.0002 1.0000 1.0000 0.1633 0.0225 0.0031 0.0004 1.0000 1.0000 0.3953 0.0565 0.0082 0.0012 1.0000 1.0000 1.0000 0.1789 0.0266 0.0040 0.0006 1.0000 1.0000 0.6531 0.0984 0.0148 0.0022 0.0003 1.0000 1.0000 0.3748 0.0565 0.0085 0.0013 1.0000 1.0000 1.0000 0.2151 0.0324 0.0049 0.0007 1.0000 1.0000 0.8190 0.1234 0.0186 0.0028 0.0004 1.0000 1.0000
1.0000 0.0005 0.0032 0.0213 0.1413 0.9374 1.0000 1.0000 0.0008 0.0056 0.0371 0.2462 1.0000 1.0000 0.0002 0.0015 0.0097 0.0647 0.4290 1.0000 1.0000 0.0004 0.0026 0.0170 0.1127 0.7475 1.0000 1.0000 0.0007 0.0045 0.0299 0.2001 1.0000 1.0000 1.0000 0.0013 0.0087 0.0596 0.4114 1.0000 1.0000 0.0004 0.0031 0.0219 0.1572 1.0000 1.0000 1.0000 0.0014 0.0103 0.0351 0.0103 0.0014 1.0000 1.0000 1.0000 0.1572 0.0219 0.0031 0.0004 1.0000 1.0000 0.4114 0.0596 0.0087 0.0013 1.0000 1.0000 1.0000 0.2001 0.0299 0.0045 0.0007 1.0000 1.0000 0.7475 0.1127 0.0170 0.0026 0.0004 1.0000 1.0000 0.4290 0.0647 0.0097 0.0015 0.0002 1.0000 1.0000 0.2462 0.0371 0.0056 0.0008 1.0000 1.0000 0.9374 0.1413 0.0213 0.0032 0.0005 1.0000
0.0005 0.0037 0.0243 0.1617 1.0000 1.0000 1.0000 0.0010 0.0064 0.0425 0.2818 1.0000 1.0000 0.0003 0.0017 0.0112 0.0740 0.4910 1.0000 1.0000 0.0004 0.0029 0.0194 0.1290 0.8556 1.0000 1.0000 0.0008 0.0051 0.0339 0.2260 1.0000 1.0000 0.0002 0.0014 0.0095 0.0642 0.4381 1.0000 1.0000 0.0004 0.0031 0.0219 0.1551 1.0000 1.0000 1.0000 0.0013 0.0095 0.0707 0.2393 0.0707 0.0095 0.0013 1.0000 1.0000 1.0000 0.1551 0.0219 0.0031 0.0004 1.0000 1.0000 0.4381 0.0642 0.0095 0.0014 0.0002 1.0000 1.0000 0.2260 0.0339 0.0051 0.0008 1.0000 1.0000 0.8556 0.1290 0.0194 0.0029 0.0004 1.0000 1.0000 0.4910 0.0740 0.0112 0.0017 0.0003 1.0000 1.0000 0.2818 0.0425 0.0064 0.0010 1.0000 1.0000 1.0000 0.1617 0.0243 0.0037 0.0005
0.0035 0.0282 0.1847 1.0000 1.0000 1.0000 0.0011 0.0073 0.0486 0.3225 1.0000 1.0000 0.0003 0.0019 0.0128 0.0847 0.5620 1.0000 1.0000 0.0005 0.0034 0.0222 0.1476 0.9793 1.0000 1.0000 0.0009 0.0058 0.0388 0.2572 1.0000 1.0000 0.0002 0.0016 0.0105 0.0706 0.4772 1.0000 1.0000 0.0005 0.0032 0.0225 0.1572 1.0000 1.0000 1.0000 0.0012 0.0090 0.0657 0.4864 1.0000 0.4864 0.0657 0.0090 0.0012 1.0000 1.0000 1.0000 0.1572 0.0225 0.0032 0.0005 1.0000 1.0000 0.4772 0.0706 0.0105 0.0016 0.0002 1.0000 1.0000 0.2572 0.0388 0.0058 0.0009 1.0000 1.0000 0.9793 0.1476 0.0222 0.0034 0.0005 1.0000 1.0000 0.5620 0.0847 0.0128 0.0019 0.0003 1.0000 1.0000 0.3225 0.0486 0.0073 0.0011 1.0000 1.0000 1.0000 0.1847 0.0282 0.0035
0.0263 0.2143 1.0000 1.0000 1.0000 0.0013 0.0084 0.0556 0.3692 1.0000 1.0000 0.0003 0.0022 0.0146 0.0970 0.6433 1.0000 1.0000 0.0006 0.0038 0.0255 0.1689 1.0000 1.0000 1.0000 0.0010 0.0067 0.0444 0.2944 1.0000 1.0000 0.0003 0.0018 0.0118 0.0790 0.5298 1.0000 1.0000 0.0005 0.0034 0.0236 0.1633 1.0000 1.0000 1.0000 0.0012 0.0087 0.0626 0.4568 1.0000 1.0000 1.0000 0.4568 0.0626 0.0087 0.0012 1.0000 1.0000 1.0000 0.1633 0.0236 0.0034 0.0005 1.0000 1.0000 0.5298 0.0790 0.0118 0.0018 0.0003 1.0000 1.0000 0.2944 0.0444 0.0067 0.0010 1.0000 1.0000 1.0000 0.1689 0.0255 0.0038 0.0006 1.0000 1.0000 0.6433 0.0970 0.0146 0.0022 0.0003 1.0000 1.0000 0.3692 0.0556 0.0084 0.0013 1.0000 1.0000 1.0000 0.2143 0.0263
0.1997 1.0000 1.0000 0.0002 0.0014 0.0096 0.0637 0.4225 1.0000 1.0000 0.0004 0.0025 0.0167 0.1110 0.7362 1.0000 1.0000 0.0007 0.0044 0.0291 0.1934 1.0000 1.0000 1.0000 0.0012 0.0077 0.0508 0.3369 1.0000 1.0000 0.0003 0.0020 0.0134 0.0890 0.5950 1.0000 1.0000 0.0006 0.0037 0.0254 0.1738 1.0000 1.0000 1.0000 0.0012 0.0087 0.0618 0.4414 1.0000 1.0000 0.0002 1.0000 1.0000 0.4414 0.0618 0.0087 0.0012 1.0000 1.0000 1.0000 0.1738 0.0254 0.0037 0.0006 1.0000 1.0000 0.5950 0.0890 0.0134 0.0020 0.0003 1.0000 1.0000 0.3369 0.0508 0.0077 0.0012 1.0000 1.0000 1.0000 0.1934 0.0291 0.0044 0.0007 1.0000 1.0000 0.7362 0.1110 0.0167 0.0025 0.0004 1.0000 1.0000 0.4225 0.0637 0.0096 0.0014 0.0002 1.0000 1.0000 0.1997
1.0000 1.0000 0.0002 0.0017 0.0110 0.0729 0.4836 1.0000 1.0000 0.0004 0.0029 0.0191 0.1270 0.8427 1.0000 1.0000 0.0008 0.0050 0.0334 0.2213 1.0000 1.0000 1.0000 0.0013 0.0088 0.0581 0.3857 1.0000 1.0000 0.0003 0.0023 0.0153 0.1013 0.6733 1.0000 1.0000 0.0006 0.0042 0.0280 0.1890 1.0000 1.0000 1.0000 0.0013 0.0090 0.0626 0.4414 1.0000 1.0000 0.0005 0.0017 0.0005 1.0000 1.0000 0.4414 0.0626 0.0090 0.0013 1.0000 1.0000 1.0000 0.1890 0.0280 0.0042 0.0006 1.0000 1.0000 0.6733 0.1013 0.0153 0.0023 0.0003 1.0000 1.0000 0.3857 0.0581 0.0088 0.0013 1.0000 1.0000 1.0000 0.2213 0.0334 0.0050 0.0008 1.0000 1.0000 0.8427 0.1270 0.0191 0.0029 0.0004 1.0000 1.0000 0.4836 0.0729 0.0110 0.0017 0.0002 1.0000 1.0000
1.0000 0.0003 0.0019 0.0127 0.0841 0.5577 1.0000 1.0000 0.0005 0.0033 0.0221 0.1465 0.9719 1.0000 1.0000 0.0009 0.0058 0.0385 0.2553 1.0000 1.0000 0.0002 0.0015 0.0101 0.0670 0.4448 1.0000 1.0000 0.0004 0.0027 0.0176 0.1168 0.7750 1.0000 1.0000 0.0007 0.0047 0.0314 0.2114 1.0000 1.0000 0.0002 0.0014 0.0095 0.0657 0.4568 1.0000 1.0000 0.0005 0.0036 0.0121 0.0036 0.0005 1.0000 1.0000 0.4568 0.0657 0.0095 0.0014 0.0002 1.0000 1.0000 0.2114 0.0314 0.0047 0.0007 1.0000 1.0000 0.7750 0.1168 0.0176 0.0027 0.0004 1.0000 1.0000 0.4448 0.0670 0.0101 0.0015 0.0002 1.0000 1.0000 0.2553 0.0385 0.0058 0.0009 1.0000 1.0000 0.9719 0.1465 0.0221 0.0033 0.0005 1.0000 1.0000 0.5577 0.0841 0.0127 0.0019 0.0003 1.0000
0.0003 0.0022 0.0146 0.0971 0.6445 1.0000 1.0000 0.0006 0.0038 0.0255 0.1693 1.0000 1.0000 1.0000 0.0010 0.0067 0.0445 0.2949 1.0000 1.0000 0.0003 0.0018 0.0117 0.0775 0.5139 1.0000 1.0000 0.0005 0.0031 0.0203 0.1350 0.8956 1.0000 1.0000 0.0008 0.0054 0.0359 0.2397 1.0000 1.0000 0.0002 0.0015 0.0103 0.0707 0.4864 1.0000 1.0000 0.0005 0.0036 0.0260 0.0865 0.0260 0.0036 0.0005 1.0000 1.0000 0.4864 0.0707 0.0103 0.0015 0.0002 1.0000 1.0000 0.2397 0.0359 0.0054 0.0008 1.0000 1.0000 0.8956 0.1350 0.0203 0.0031 0.0005 1.0000 1.0000 0.5139 0.0775 0.0117 0.0018 0.0003 1.0000 1.0000 0.2949 0.0445 0.0067 0.0010 1.0000 1.0000 1.0000 0.1693 0.0255 0.0038 0.0006 1.0000 1.0000 0.6445 0.0971 0.0146 0.0022 0.0003
0.0010 0.0077 0.0502 0.3325 1.0000 1.0000 0.0003 0.0020 0.0132 0.0873 0.5794 1.0000 1.0000 0.0005 0.0035 0.0229 0.1522 1.0000 1.0000 1.0000 0.0009 0.0060 0.0400 0.2651 1.0000 1.0000 0.0002 0.0016 0.0105 0.0696 0.4620 1.0000 1.0000 0.0004 0.0028 0.0184 0.1227 0.8190 1.0000 1.0000 0.0008 0.0052 0.0351 0.2393 1.0000 1.0000 0.0002 0.0017 0.0121 0.0865 0.2687 0.0865 0.0121 0.0017 0.0002 1.0000 1.0000 0.2393 0.0351 0.0052 0.0008 1.0000 1.0000 0.8190 0.1227 0.0184 0.0028 0.0004 1.0000 1.0000 0.4620 0.0696 0.0105 0.0016 0.0002 1.0000 1.0000 0.2651 0.0400 0.0060 0.0009 1.0000 1.0000 1.0000 0.1522 0.0229 0.0035 0.0005 1.0000 1.0000 0.5794 0.0873 0.0132 0.0020 0.0003 1.0000 1.0000 0.3325 0.0502 0.0077 0.0010
0.0003 0.0022 0.0146 0.0971 0.6445 1.0000 1.0000 0.0006 0.0038 0.0255 0.1693 1.0000 1.0000 1.0000 0.0010 0.0067 0.0445 0.2949 1.0000 1.0000 0.0003 0.0018 0.0117 0.0775 0.5139 1.0000 1.0000 0.0005 0.0031 0.0203 0.1350 0.8956 1.0000 1.0000 0.0008 0.0054 0.0359 0.2397 1.0000 1.0000 0.0002 0.0015 0.0103 0.0707 0.4864 1.0000 1.0000 0.0005 0.0036 0.0260 0.0865 0.0260 0.0036 0.0005 1.0000 1.0000 0.4864 0.0707 0.0103 0.0015 0.0002 1.0000 1.0000 0.2397 0.0359 0.0054 0.0008 1.0000 1.0000 0.8956 0.1350 0.0203 0.0031 0.0005 1.0000 1.0000 0.5139 0.0775 0.0117 0.0018 0.0003 1.0000 1.0000 0.2949 0.0445 0.0067 0.0010 1.0000 1.0000 1.0000 0.1693 0.0255 0.0038 0.0006 1.0000 1.0000 0.6445 0.0971 0.0146 0.0022 0.0003
1.0000 0.0003 0.0019 0.0127 0.0841 0.5577 1.0000 1.0000 0.0005 0.0033 0.0221 0.1465 0.9719 1.0000 1.0000 0.0009 0.0058 0.0385 0.2553 1.0000 1.0000 0.0002 0.0015 0.0101 0.0670 0.4448 1.0000 1.0000 0.0004 0.0027 0.0176 0.1168 0.7750 1.0000 1.0000 0.0007 0.0047 0.0314 0.2114 1.0000 1.0000 0.0002 0.0014 0.0095 0.0657 0.4568 1.0000 1.0000 0.0005 0.0036 0.0121 0.0036 0.0005 1.0000 1.0000 0.4568 0.0657 0.0095 0.0014 0.0002 1.0000 1.0000 0.2114 0.0314 0.0047 0.0007 1.0000 1.0000 0.7750 0.1168 0.0176 0.0027 0.0004 1.0000 1.0000 0.4448 0.0670 0.0101 0.0015 0.0002 1.0000 1.0000 0.2553 0.0385 0.0058 0.0009 1.0000 1.0000 0.9719 0.1465 0.0221 0.0033 0.0005 1.0000 1.0000 0.5577 0.0841 0.0127 0.0019 0.0003 1.0000
1.0000 1.0000 0.0002 0.0017 0.0110 0.0729 0.4836 1.0000 1.0000 0.0004 0.0029 0.0191 0.1270 0.8427 1.0000 1.0000 0.0008 0.0050 0.0334 0.2213 1.0000 1.0000 1.0000 0.0013 0.0088 0.0581 0.3857 1.0000 1.0000 0.0003 0.0023 0.0153 0.1013 0.6733 1.0000 1.0000 0.0006 0.0042 0.0280 0.1890 1.0000 1.0000 1.0000 0.0013 0.0090 0.0626 0.4414 1.0000 1.0000 0.0005 0.0017 0.0005 1.0000 1.0000 0.4414 0.0626 0.0090 0.0013 1.0000 1.0000 1.0000 0.1890 0.0280 0.0042 0.0006 1.0000 1.0000 0.6733 0.1013 0.0153 0.0023 0.0003 1.0000 1.0000 0.3857 0.0581 0.0088 0.0013 1.0000 1.0000 1.0000 0.2213 0.0334 0.0050 0.0008 1.0000 1.0000 0.8427 0.1270 0.0191 0.0029 0.0004 1.0000 1.0000 0.4836 0.0729 0.0110 0.0017 0.0002 1.0000 1.0000
0.1997 1.0000 1.0000 0.0002 0.0014 0.0096 0.0637 0.4225 1.0000 1.0000 0.0004 0.0025 0.0167 0.1110 0.7362 1.0000 1.0000 0.0007 0.0044 0.0291 0.1934 1.0000 1.0000 1.0000 0.0012 0.0077 0.0508 0.3369 1.0000 1.0000 0.0003 0.0020 0.0134 0.0890 0.5950 1.0000 1.0000 0.0006 0.0037 0.0254 0.1738 1.0000 1.0000 1.0000 0.0012 0.0087 0.0618 0.4414 1.0000 1.0000 0.0002 1.0000 1.0000 0.4414 0.0618 0.0087 0.0012 1.0000 1.0000 1.0000 0.1738 0.0254 0.0037 0.0006 1.0000 1.0000 0.5950 0.0890 0.0134 0.0020 0.0003 1.0000 1.0000 0.3369 0.0508 0.0077 0.0012 1.0000 1.0000 1.0000 0.1934 0.0291 0.0044 0.0007 1.0000 1.0000 0.7362 0.1110 0.0167 0.0025 0.0004 1.0000 1.0000 0.4225 0.0637 0.0096 0.0014 0.0002 1.0000 1.0000 0.1997
0.0263 0.2143 1.0000 1.0000 1.0000 0.0013 0.0084 0.0556 0.3692 1.0000 1.0000 0.0003 0.0022 0.0146 0.0970 0.6433 1.0000 1.0000 0.0006 0.0038 0.0255 0.1689 1.0000 1.0000 1.0000 0.0010 0.0067 0.0444 0.2944 1.0000 1.0000 0.0003 0.0018 0.0118 0.0790 0.5298 1.0000 1.0000 0.0005 0.0034 0.0236 0.1633 1.0000 1.0000 1.0000 0.0012 0.0087 0.0626 0.4568 1.0000 1.0000 1.0000 0.4568 0.0626 0.0087 0.0012 1.0000 1.0000 1.0000 0.1633 0.0236 0.0034 0.0005 1.0000 1.0000 0.5298 0.0790 0.0118 0.0018 0.0003 1.0000 1.0000 0.2944 0.0444 0.0067 0.0010 1.0000 1.0000 1.0000 0.1689 0.0255 0.0038 0.0006 1.0000 1.0000 0.6433 0.0970 0.0146 0.0022 0.0003 1.0000 1.0000 0.3692 0.0556 0.0084 0.0013 1.0000 1.0000 1.0000 0.2143 0.0263
