0.2619 0.3656 0.4844 0.4231 0.2097 0.1825 0.2324 0.3319 0.4686 0.4550 0.2618 0.1785 0.2149 0.3012 0.4363 0.4753 0.3268 0.1803 0.2007 0.2738 0.3977 0.4851 0.3842 0.1896 0.1896 0.2499 0.3606 0.4831 0.4287 0.2154 0.1815 0.2296 0.3270 0.4646 0.4588 0.2716 0.1784 0.2126 0.2968 0.4306 0.4774 0.3362 0.1811 0.1988 0.2699 0.3918 0.4857 0.3918 0.1919 0.1854 0.2102 0.1854 0.1919 0.3918 0.4857 0.3918 0.2699 0.1988 0.1811 0.3362 0.4774 0.4306 0.2968 0.2126 0.1784 0.2716 0.4588 0.4646 0.3270 0.2296 0.1815 0.2154 0.4287 0.4831 0.3606 0.2499 0.1896 0.1896 0.3842 0.4851 0.3977 0.2738 0.2007 0.1803 0.3268 0.4753 0.4363 0.3012 0.2149 0.1785 0.2618 0.4550 0.4686 0.3319 0.2324 0.1825 0.2097 0.4231 0.4844 0.3656 0.2619
0.3656 0.4881 0.4219 0.1956 0.1575 0.2163 0.3270 0.4725 0.4548 0.2600 0.1530 0.1963 0.2928 0.4397 0.4752 0.3286 0.1560 0.1797 0.2625 0.3986 0.4860 0.3862 0.1688 0.1662 0.2358 0.3584 0.4856 0.4294 0.2048 0.1562 0.2129 0.3215 0.4685 0.4585 0.2709 0.1529 0.1935 0.2880 0.4337 0.4775 0.3381 0.1572 0.1774 0.2582 0.3923 0.4868 0.3938 0.1722 0.1646 0.2283 0.2893 0.2283 0.1646 0.1722 0.3938 0.4868 0.3923 0.2582 0.1774 0.1572 0.3381 0.4775 0.4337 0.2880 0.1935 0.1529 0.2709 0.4585 0.4685 0.3215 0.2129 0.1562 0.2048 0.4294 0.4856 0.3584 0.2358 0.1662 0.1688 0.3862 0.4860 0.3986 0.2625 0.1797 0.1560 0.3286 0.4752 0.4397 0.2928 0.1963 0.1530 0.2600 0.4548 0.4725 0.3270 0.2163 0.1575 0.1956 0.4219 0.4881 0.3656
0.4844 0.4219 0.2005 0.1562 0.2118 0.3183 0.4649 0.4605 0.2778 0.1529 0.1915 0.2841 0.4283 0.4784 0.3446 0.1580 0.1757 0.2548 0.3870 0.4863 0.3988 0.1748 0.1631 0.2292 0.3478 0.4821 0.4379 0.2200 0.1545 0.2073 0.3119 0.4597 0.4640 0.2889 0.1532 0.1888 0.2794 0.4221 0.4802 0.3537 0.1596 0.1736 0.2507 0.3808 0.4866 0.4058 0.1792 0.1614 0.2260 0.3413 0.4331 0.3413 0.2260 0.1614 0.1792 0.4058 0.4866 0.3808 0.2507 0.1736 0.1596 0.3537 0.4802 0.4221 0.2794 0.1888 0.1532 0.2889 0.4640 0.4597 0.3119 0.2073 0.1545 0.2200 0.4379 0.4821 0.3478 0.2292 0.1631 0.1748 0.3988 0.4863 0.3870 0.2548 0.1757 0.1580 0.3446 0.4784 0.4283 0.2841 0.1915 0.1529 0.2778 0.4605 0.4649 0.3183 0.2118 0.1562 0.2005 0.4219 0.4844
0.4231 0.1956 0.1562 0.2102 0.3135 0.4593 0.4651 0.2939 0.1534 0.1873 0.2765 0.4179 0.4814 0.3597 0.1609 0.1722 0.2479 0.3767 0.4867 0.4104 0.1827 0.1603 0.2233 0.3383 0.4784 0.4456 0.2368 0.1535 0.2023 0.3033 0.4512 0.4691 0.3065 0.1540 0.1847 0.2718 0.4116 0.4829 0.3683 0.1629 0.1702 0.2440 0.3707 0.4864 0.4167 0.1885 0.1588 0.2199 0.3333 0.4746 0.4748 0.4746 0.3333 0.2199 0.1588 0.1885 0.4167 0.4864 0.3707 0.2440 0.1702 0.1629 0.3683 0.4829 0.4116 0.2718 0.1847 0.1540 0.3065 0.4691 0.4512 0.3033 0.2023 0.1535 0.2368 0.4456 0.4784 0.3383 0.2233 0.1603 0.1827 0.4104 0.4867 0.3767 0.2479 0.1722 0.1609 0.3597 0.4814 0.4179 0.2765 0.1873 0.1534 0.2939 0.4651 0.4593 0.3135 0.2102 0.1562 0.1956 0.4231
0.2097 0.1575 0.2118 0.3135 0.4570 0.4677 0.3056 0.1542 0.1838 0.2695 0.4078 0.4837 0.3739 0.1645 0.1689 0.2413 0.3665 0.4861 0.4208 0.1931 0.1578 0.2176 0.3290 0.4732 0.4526 0.2546 0.1529 0.1974 0.2948 0.4416 0.4735 0.3235 0.1554 0.1807 0.2643 0.4009 0.4849 0.3821 0.1672 0.1670 0.2374 0.3606 0.4853 0.4265 0.2005 0.1566 0.2143 0.3236 0.4698 0.4543 0.3669 0.4543 0.4698 0.3236 0.2143 0.1566 0.2005 0.4265 0.4853 0.3606 0.2374 0.1670 0.1672 0.3821 0.4849 0.4009 0.2643 0.1807 0.1554 0.3235 0.4735 0.4416 0.2948 0.1974 0.1529 0.2546 0.4526 0.4732 0.3290 0.2176 0.1578 0.1931 0.4208 0.4861 0.3665 0.2413 0.1689 0.1645 0.3739 0.4837 0.4078 0.2695 0.1838 0.1542 0.3056 0.4677 0.4570 0.3135 0.2118 0.1575 0.2097
0.1825 0.2163 0.3183 0.4593 0.4677 0.3100 0.1548 0.1813 0.2639 0.3989 0.4853 0.3864 0.1690 0.1658 0.2349 0.3566 0.4845 0.4302 0.2062 0.1559 0.2121 0.3199 0.4668 0.4589 0.2727 0.1528 0.1928 0.2867 0.4316 0.4773 0.3397 0.1573 0.1769 0.2570 0.3903 0.4861 0.3950 0.1727 0.1640 0.2311 0.3508 0.4831 0.4353 0.2150 0.1549 0.2089 0.3146 0.4623 0.4619 0.2891 0.1609 0.2891 0.4619 0.4623 0.3146 0.2089 0.1549 0.2150 0.4353 0.4831 0.3508 0.2311 0.1640 0.1727 0.3950 0.4861 0.3903 0.2570 0.1769 0.1573 0.3397 0.4773 0.4316 0.2867 0.1928 0.1528 0.2727 0.4589 0.4668 0.3199 0.2121 0.1559 0.2062 0.4302 0.4845 0.3566 0.2349 0.1658 0.1690 0.3864 0.4853 0.3989 0.2639 0.1813 0.1548 0.3100 0.4677 0.4593 0.3183 0.2163 0.1825
0.2324 0.3270 0.4649 0.4651 0.3056 0.1548 0.1804 0.2608 0.3926 0.4862 0.3966 0.1742 0.1631 0.2290 0.3471 0.4819 0.4386 0.2216 0.1544 0.2068 0.3111 0.4590 0.4645 0.2906 0.1532 0.1884 0.2787 0.4211 0.4805 0.3551 0.1599 0.1733 0.2500 0.3799 0.4867 0.4069 0.1800 0.1611 0.2251 0.3412 0.4797 0.4433 0.2315 0.1538 0.2038 0.3059 0.4539 0.4676 0.3005 0.1521 0.1577 0.1521 0.3005 0.4676 0.4539 0.3059 0.2038 0.1538 0.2315 0.4433 0.4797 0.3412 0.2251 0.1611 0.1800 0.4069 0.4867 0.3799 0.2500 0.1733 0.1599 0.3551 0.4805 0.4211 0.2787 0.1884 0.1532 0.2906 0.4645 0.4590 0.3111 0.2068 0.1544 0.2216 0.4386 0.4819 0.3471 0.2290 0.1631 0.1742 0.3966 0.4862 0.3926 0.2608 0.1804 0.1548 0.3056 0.4651 0.4649 0.3270 0.2324
0.3319 0.4725 0.4605 0.2939 0.1542 0.1813 0.2608 0.3904 0.4865 0.4034 0.1793 0.1610 0.2241 0.3387 0.4783 0.4460 0.2382 0.1534 0.2018 0.3024 0.4502 0.4695 0.3082 0.1541 0.1843 0.2710 0.4105 0.4831 0.3697 0.1633 0.1699 0.2433 0.3696 0.4863 0.4177 0.1896 0.1586 0.2193 0.3319 0.4750 0.4505 0.2490 0.1531 0.1989 0.2974 0.4447 0.4722 0.3182 0.1550 0.1784 0.2161 0.1784 0.1550 0.3182 0.4722 0.4447 0.2974 0.1989 0.1531 0.2490 0.4505 0.4750 0.3319 0.2193 0.1586 0.1896 0.4177 0.4863 0.3696 0.2433 0.1699 0.1633 0.3697 0.4831 0.4105 0.2710 0.1843 0.1541 0.3082 0.4695 0.4502 0.3024 0.2018 0.1534 0.2382 0.4460 0.4783 0.3387 0.2241 0.1610 0.1793 0.4034 0.4865 0.3904 0.2608 0.1813 0.1542 0.2939 0.4605 0.4725 0.3319
0.4686 0.4548 0.2778 0.1534 0.1838 0.2639 0.3926 0.4865 0.4057 0.1826 0.1595 0.2202 0.3317 0.4742 0.4521 0.2545 0.1529 0.1971 0.2941 0.4407 0.4739 0.3251 0.1555 0.1803 0.2635 0.3999 0.4850 0.3834 0.1677 0.1667 0.2368 0.3596 0.4851 0.4274 0.2018 0.1564 0.2137 0.3227 0.4689 0.4570 0.2670 0.1528 0.1942 0.2892 0.4347 0.4762 0.3348 0.1567 0.1783 0.2558 0.3262 0.2558 0.1783 0.1567 0.3348 0.4762 0.4347 0.2892 0.1942 0.1528 0.2670 0.4570 0.4689 0.3227 0.2137 0.1564 0.2018 0.4274 0.4851 0.3596 0.2368 0.1667 0.1677 0.3834 0.4850 0.3999 0.2635 0.1803 0.1555 0.3251 0.4739 0.4407 0.2941 0.1971 0.1529 0.2545 0.4521 0.4742 0.3317 0.2202 0.1595 0.1826 0.4057 0.4865 0.3926 0.2639 0.1838 0.1534 0.2778 0.4548 0.4686
0.4550 0.2600 0.1529 0.1873 0.2695 0.3989 0.4862 0.4034 0.1826 0.1591 0.2182 0.3270 0.4703 0.4569 0.2690 0.1528 0.1930 0.2865 0.4310 0.4776 0.3412 0.1575 0.1765 0.2563 0.3893 0.4862 0.3962 0.1734 0.1637 0.2305 0.3499 0.4828 0.4362 0.2166 0.1548 0.2084 0.3138 0.4615 0.4628 0.2851 0.1531 0.1898 0.2811 0.4244 0.4796 0.3505 0.1590 0.1744 0.2526 0.3836 0.4682 0.3836 0.2526 0.1744 0.1590 0.3505 0.4796 0.4244 0.2811 0.1898 0.1531 0.2851 0.4628 0.4615 0.3138 0.2084 0.1548 0.2166 0.4362 0.4828 0.3499 0.2305 0.1637 0.1734 0.3962 0.4862 0.3893 0.2563 0.1765 0.1575 0.3412 0.4776 0.4310 0.2865 0.1930 0.1528 0.2690 0.4569 0.4703 0.3270 0.2182 0.1591 0.1826 0.4034 0.4862 0.3989 0.2695 0.1873 0.1529 0.2600 0.4550
0.2618 0.1530 0.1915 0.2765 0.4078 0.4853 0.3966 0.1793 0.1595 0.2182 0.3253 0.4680 0.4599 0.2801 0.1530 0.1895 0.2798 0.4216 0.4806 0.3559 0.1601 0.1730 0.2494 0.3789 0.4867 0.4081 0.1808 0.1609 0.2245 0.3403 0.4793 0.4440 0.2331 0.1537 0.2033 0.3051 0.4531 0.4680 0.3028 0.1538 0.1855 0.2734 0.4138 0.4824 0.3653 0.1622 0.1709 0.2454 0.3733 0.4846 0.4574 0.4846 0.3733 0.2454 0.1709 0.1622 0.3653 0.4824 0.4138 0.2734 0.1855 0.1538 0.3028 0.4680 0.4531 0.3051 0.2033 0.1537 0.2331 0.4440 0.4793 0.3403 0.2245 0.1609 0.1808 0.4081 0.4867 0.3789 0.2494 0.1730 0.1601 0.3559 0.4806 0.4216 0.2798 0.1895 0.1530 0.2801 0.4599 0.4680 0.3253 0.2182 0.1595 0.1793 0.3966 0.4853 0.4078 0.2765 0.1915 0.1530 0.2618
0.1785 0.1963 0.2841 0.4179 0.4837 0.3864 0.1742 0.1610 0.2202 0.3270 0.4680 0.4609 0.2862 0.1533 0.1870 0.2743 0.4134 0.4828 0.3687 0.1633 0.1698 0.2428 0.3688 0.4863 0.4187 0.1907 0.1583 0.2187 0.3309 0.4744 0.4512 0.2508 0.1530 0.1984 0.2966 0.4437 0.4726 0.3199 0.1550 0.1815 0.2658 0.4032 0.4845 0.3793 0.1662 0.1677 0.2388 0.3627 0.4855 0.4238 0.3044 0.4238 0.4855 0.3627 0.2388 0.1677 0.1662 0.3793 0.4845 0.4032 0.2658 0.1815 0.1550 0.3199 0.4726 0.4437 0.2966 0.1984 0.1530 0.2508 0.4512 0.4744 0.3309 0.2187 0.1583 0.1907 0.4187 0.4863 0.3688 0.2428 0.1698 0.1633 0.3687 0.4828 0.4134 0.2743 0.1870 0.1533 0.2862 0.4609 0.4680 0.3270 0.2202 0.1610 0.1742 0.3864 0.4837 0.4179 0.2841 0.1963 0.1785
0.2149 0.2928 0.4283 0.4814 0.3739 0.1690 0.1631 0.2241 0.3317 0.4703 0.4599 0.2862 0.1534 0.1856 0.2708 0.4071 0.4842 0.3793 0.1668 0.1670 0.2369 0.3593 0.4850 0.4281 0.2031 0.1562 0.2132 0.3218 0.4682 0.4576 0.2688 0.1528 0.1938 0.2884 0.4337 0.4766 0.3363 0.1568 0.1777 0.2585 0.3925 0.4859 0.3924 0.1714 0.1646 0.2324 0.3529 0.4836 0.4331 0.2162 0.1472 0.2162 0.4331 0.4836 0.3529 0.2324 0.1646 0.1714 0.3924 0.4859 0.3925 0.2585 0.1777 0.1568 0.3363 0.4766 0.4337 0.2884 0.1938 0.1528 0.2688 0.4576 0.4682 0.3218 0.2132 0.1562 0.2031 0.4281 0.4850 0.3593 0.2369 0.1670 0.1668 0.3793 0.4842 0.4071 0.2708 0.1856 0.1534 0.2862 0.4599 0.4703 0.3317 0.2241 0.1631 0.1690 0.3739 0.4814 0.4283 0.2928 0.2149
0.3012 0.4397 0.4784 0.3597 0.1645 0.1658 0.2290 0.3387 0.4742 0.4569 0.2801 0.1533 0.1856 0.2696 0.4038 0.4850 0.3869 0.1702 0.1647 0.2318 0.3509 0.4829 0.4362 0.2174 0.1547 0.2079 0.3129 0.4608 0.4634 0.2869 0.1531 0.1893 0.2804 0.4234 0.4799 0.3520 0.1593 0.1740 0.2515 0.3821 0.4866 0.4045 0.1783 0.1617 0.2264 0.3432 0.4805 0.4417 0.2274 0.1516 0.1704 0.1516 0.2274 0.4417 0.4805 0.3432 0.2264 0.1617 0.1783 0.4045 0.4866 0.3821 0.2515 0.1740 0.1593 0.3520 0.4799 0.4234 0.2804 0.1893 0.1531 0.2869 0.4634 0.4608 0.3129 0.2079 0.1547 0.2174 0.4362 0.4829 0.3509 0.2318 0.1647 0.1702 0.3869 0.4850 0.4038 0.2696 0.1856 0.1533 0.2801 0.4569 0.4742 0.3387 0.2290 0.1658 0.1645 0.3597 0.4784 0.4397 0.3012
0.4363 0.4752 0.3446 0.1609 0.1689 0.2349 0.3471 0.4783 0.4521 0.2690 0.1530 0.1870 0.2708 0.4038 0.4853 0.3908 0.1729 0.1631 0.2278 0.3439 0.4802 0.4430 0.2321 0.1537 0.2031 0.3045 0.4523 0.4685 0.3045 0.1539 0.1851 0.2726 0.4128 0.4826 0.3667 0.1625 0.1706 0.2447 0.3718 0.4865 0.4155 0.1874 0.1591 0.2205 0.3338 0.4761 0.4490 0.2452 0.1533 0.1961 0.2425 0.1961 0.1533 0.2452 0.4490 0.4761 0.3338 0.2205 0.1591 0.1874 0.4155 0.4865 0.3718 0.2447 0.1706 0.1625 0.3667 0.4826 0.4128 0.2726 0.1851 0.1539 0.3045 0.4685 0.4523 0.3045 0.2031 0.1537 0.2321 0.4430 0.4802 0.3439 0.2278 0.1631 0.1729 0.3908 0.4853 0.4038 0.2708 0.1870 0.1530 0.2690 0.4521 0.4783 0.3471 0.2349 0.1689 0.1609 0.3446 0.4752 0.4363
0.4753 0.3286 0.1580 0.1722 0.2413 0.3566 0.4819 0.4460 0.2545 0.1528 0.1895 0.2743 0.4071 0.4850 0.3908 0.1739 0.1623 0.2253 0.3386 0.4774 0.4484 0.2459 0.1531 0.1988 0.2967 0.4434 0.4729 0.3212 0.1552 0.1811 0.2651 0.4021 0.4847 0.3806 0.1667 0.1674 0.2381 0.3617 0.4854 0.4255 0.1990 0.1568 0.2149 0.3246 0.4703 0.4557 0.2632 0.1529 0.1955 0.2882 0.3691 0.2882 0.1955 0.1529 0.2632 0.4557 0.4703 0.3246 0.2149 0.1568 0.1990 0.4255 0.4854 0.3617 0.2381 0.1674 0.1667 0.3806 0.4847 0.4021 0.2651 0.1811 0.1552 0.3212 0.4729 0.4434 0.2967 0.1988 0.1531 0.2459 0.4484 0.4774 0.3386 0.2253 0.1623 0.1739 0.3908 0.4850 0.4071 0.2743 0.1895 0.1528 0.2545 0.4460 0.4819 0.3566 0.2413 0.1722 0.1580 0.3286 0.4753
0.3268 0.1560 0.1757 0.2479 0.3665 0.4845 0.4386 0.2382 0.1529 0.1930 0.2798 0.4134 0.4842 0.3869 0.1729 0.1623 0.2244 0.3359 0.4753 0.4521 0.2574 0.1529 0.1951 0.2898 0.4346 0.4765 0.3366 0.1570 0.1774 0.2579 0.3915 0.4860 0.3936 0.1720 0.1643 0.2318 0.3519 0.4834 0.4344 0.2133 0.1551 0.2095 0.3156 0.4632 0.4617 0.2813 0.1530 0.1908 0.2833 0.4271 0.4819 0.4271 0.2833 0.1908 0.1530 0.2813 0.4617 0.4632 0.3156 0.2095 0.1551 0.2133 0.4344 0.4834 0.3519 0.2318 0.1643 0.1720 0.3936 0.4860 0.3915 0.2579 0.1774 0.1570 0.3366 0.4765 0.4346 0.2898 0.1951 0.1529 0.2574 0.4521 0.4753 0.3359 0.2244 0.1623 0.1729 0.3869 0.4842 0.4134 0.2798 0.1930 0.1529 0.2382 0.4386 0.4845 0.3665 0.2479 0.1757 0.1560 0.3268
0.1803 0.1797 0.2548 0.3767 0.4861 0.4302 0.2216 0.1534 0.1971 0.2865 0.4216 0.4828 0.3793 0.1702 0.1631 0.2253 0.3359 0.4746 0.4540 0.2649 0.1528 0.1923 0.2841 0.4266 0.4793 0.3503 0.1592 0.1740 0.2512 0.3812 0.4866 0.4056 0.1791 0.1614 0.2258 0.3423 0.4801 0.4424 0.2295 0.1539 0.2044 0.3069 0.4549 0.4670 0.2991 0.1536 0.1864 0.2750 0.4166 0.4795 0.4294 0.4795 0.4166 0.2750 0.1864 0.1536 0.2991 0.4670 0.4549 0.3069 0.2044 0.1539 0.2295 0.4424 0.4801 0.3423 0.2258 0.1614 0.1791 0.4056 0.4866 0.3812 0.2512 0.1740 0.1592 0.3503 0.4793 0.4266 0.2841 0.1923 0.1528 0.2649 0.4540 0.4746 0.3359 0.2253 0.1631 0.1702 0.3793 0.4828 0.4216 0.2865 0.1971 0.1534 0.2216 0.4302 0.4861 0.3767 0.2548 0.1797 0.1803
0.2007 0.2625 0.3870 0.4867 0.4208 0.2062 0.1544 0.2018 0.2941 0.4310 0.4806 0.3687 0.1668 0.1647 0.2278 0.3386 0.4753 0.4540 0.2673 0.1529 0.1905 0.2800 0.4201 0.4814 0.3618 0.1617 0.1711 0.2451 0.3718 0.4865 0.4163 0.1882 0.1588 0.2199 0.3329 0.4756 0.4497 0.2470 0.1531 0.1994 0.2984 0.4457 0.4717 0.3164 0.1547 0.1823 0.2674 0.4054 0.4838 0.3791 0.2317 0.3791 0.4838 0.4054 0.2674 0.1823 0.1547 0.3164 0.4717 0.4457 0.2984 0.1994 0.1531 0.2470 0.4497 0.4756 0.3329 0.2199 0.1588 0.1882 0.4163 0.4865 0.3718 0.2451 0.1711 0.1617 0.3618 0.4814 0.4201 0.2800 0.1905 0.1529 0.2673 0.4540 0.4753 0.3386 0.2278 0.1647 0.1668 0.3687 0.4806 0.4310 0.2941 0.2018 0.1544 0.2062 0.4208 0.4867 0.3870 0.2625 0.2007
0.2738 0.3986 0.4863 0.4104 0.1931 0.1559 0.2068 0.3024 0.4407 0.4776 0.3559 0.1633 0.1670 0.2318 0.3439 0.4774 0.4521 0.2649 0.1529 0.1899 0.2779 0.4159 0.4827 0.3705 0.1643 0.1686 0.2397 0.3632 0.4855 0.4254 0.1995 0.1567 0.2144 0.3238 0.4696 0.4563 0.2650 0.1528 0.1947 0.2901 0.4359 0.4758 0.3329 0.1564 0.1785 0.2601 0.3948 0.4857 0.3893 0.1706 0.1467 0.1706 0.3893 0.4857 0.3948 0.2601 0.1785 0.1564 0.3329 0.4758 0.4359 0.2901 0.1947 0.1528 0.2650 0.4563 0.4696 0.3238 0.2144 0.1567 0.1995 0.4254 0.4855 0.3632 0.2397 0.1686 0.1643 0.3705 0.4827 0.4159 0.2779 0.1899 0.1529 0.2649 0.4521 0.4774 0.3439 0.2318 0.1670 0.1633 0.3559 0.4776 0.4407 0.3024 0.2068 0.1559 0.1931 0.4104 0.4863 0.3986 0.2738
0.3977 0.4860 0.3988 0.1827 0.1578 0.2121 0.3111 0.4502 0.4739 0.3412 0.1601 0.1698 0.2369 0.3509 0.4802 0.4484 0.2574 0.1528 0.1905 0.2779 0.4145 0.4833 0.3759 0.1665 0.1667 0.2353 0.3557 0.4840 0.4331 0.2121 0.1551 0.2094 0.3151 0.4626 0.4622 0.2831 0.1530 0.1903 0.2820 0.4256 0.4793 0.3487 0.1587 0.1748 0.2530 0.3843 0.4865 0.4020 0.1765 0.1593 0.1866 0.1593 0.1765 0.4020 0.4865 0.3843 0.2530 0.1748 0.1587 0.3487 0.4793 0.4256 0.2820 0.1903 0.1530 0.2831 0.4622 0.4626 0.3151 0.2094 0.1551 0.2121 0.4331 0.4840 0.3557 0.2353 0.1667 0.1665 0.3759 0.4833 0.4145 0.2779 0.1905 0.1528 0.2574 0.4484 0.4802 0.3509 0.2369 0.1698 0.1601 0.3412 0.4739 0.4502 0.3111 0.2121 0.1578 0.1827 0.3988 0.4860 0.3977
0.4851 0.3862 0.1748 0.1603 0.2176 0.3199 0.4590 0.4695 0.3251 0.1575 0.1730 0.2428 0.3593 0.4829 0.4430 0.2459 0.1529 0.1923 0.2800 0.4159 0.4833 0.3777 0.1678 0.1655 0.2323 0.3499 0.4821 0.4393 0.2249 0.1540 0.2048 0.3071 0.4548 0.4673 0.3005 0.1537 0.1860 0.2742 0.4150 0.4821 0.3637 0.1618 0.1713 0.2461 0.3739 0.4866 0.4133 0.1852 0.1598 0.2179 0.2737 0.2179 0.1598 0.1852 0.4133 0.4866 0.3739 0.2461 0.1713 0.1618 0.3637 0.4821 0.4150 0.2742 0.1860 0.1537 0.3005 0.4673 0.4548 0.3071 0.2048 0.1540 0.2249 0.4393 0.4821 0.3499 0.2323 0.1655 0.1678 0.3777 0.4833 0.4159 0.2800 0.1923 0.1529 0.2459 0.4430 0.4829 0.3593 0.2428 0.1730 0.1575 0.3251 0.4695 0.4590 0.3199 0.2176 0.1603 0.1748 0.3862 0.4851
0.3842 0.1688 0.1631 0.2233 0.3290 0.4668 0.4645 0.3082 0.1555 0.1765 0.2494 0.3688 0.4850 0.4362 0.2321 0.1531 0.1951 0.2841 0.4201 0.4827 0.3759 0.1678 0.1651 0.2307 0.3463 0.4805 0.4438 0.2362 0.1534 0.2009 0.2999 0.4467 0.4715 0.3165 0.1548 0.1820 0.2667 0.4044 0.4843 0.3777 0.1657 0.1680 0.2395 0.3638 0.4857 0.4234 0.1963 0.1573 0.2164 0.3251 0.4148 0.3251 0.2164 0.1573 0.1963 0.4234 0.4857 0.3638 0.2395 0.1680 0.1657 0.3777 0.4843 0.4044 0.2667 0.1820 0.1548 0.3165 0.4715 0.4467 0.2999 0.2009 0.1534 0.2362 0.4438 0.4805 0.3463 0.2307 0.1651 0.1678 0.3759 0.4827 0.4201 0.2841 0.1951 0.1531 0.2321 0.4362 0.4850 0.3688 0.2494 0.1765 0.1555 0.3082 0.4645 0.4668 0.3290 0.2233 0.1631 0.1688 0.3842
0.1896 0.1662 0.2292 0.3383 0.4732 0.4589 0.2906 0.1541 0.1803 0.2563 0.3789 0.4863 0.4281 0.2174 0.1537 0.1988 0.2898 0.4266 0.4814 0.3705 0.1665 0.1655 0.2307 0.3451 0.4795 0.4465 0.2445 0.1530 0.1977 0.2938 0.4390 0.4750 0.3310 0.1563 0.1784 0.2597 0.3939 0.4858 0.3909 0.1708 0.1649 0.2331 0.3540 0.4839 0.4326 0.2101 0.1554 0.2107 0.3180 0.4644 0.4791 0.4644 0.3180 0.2107 0.1554 0.2101 0.4326 0.4839 0.3540 0.2331 0.1649 0.1708 0.3909 0.4858 0.3939 0.2597 0.1784 0.1563 0.3310 0.4750 0.4390 0.2938 0.1977 0.1530 0.2445 0.4465 0.4795 0.3451 0.2307 0.1655 0.1665 0.3705 0.4814 0.4266 0.2898 0.1988 0.1537 0.2174 0.4281 0.4863 0.3789 0.2563 0.1803 0.1541 0.2906 0.4589 0.4732 0.3383 0.2292 0.1662 0.1896
0.1896 0.2358 0.3478 0.4784 0.4526 0.2727 0.1532 0.1843 0.2635 0.3893 0.4867 0.4187 0.2031 0.1547 0.2031 0.2967 0.4346 0.4793 0.3618 0.1643 0.1667 0.2323 0.3463 0.4795 0.4474 0.2489 0.1529 0.1956 0.2892 0.4324 0.4777 0.3435 0.1582 0.1752 0.2533 0.3842 0.4866 0.4029 0.1774 0.1620 0.2270 0.3443 0.4809 0.4408 0.2260 0.1541 0.2054 0.3088 0.4571 0.4636 0.3882 0.4636 0.4571 0.3088 0.2054 0.1541 0.2260 0.4408 0.4809 0.3443 0.2270 0.1620 0.1774 0.4029 0.4866 0.3842 0.2533 0.1752 0.1582 0.3435 0.4777 0.4324 0.2892 0.1956 0.1529 0.2489 0.4474 0.4795 0.3463 0.2323 0.1667 0.1643 0.3618 0.4793 0.4346 0.2967 0.2031 0.1547 0.2031 0.4187 0.4867 0.3893 0.2635 0.1843 0.1532 0.2727 0.4526 0.4784 0.3478 0.2358 0.1896
0.2499 0.3584 0.4821 0.4456 0.2546 0.1528 0.1884 0.2710 0.3999 0.4862 0.4081 0.1907 0.1562 0.2079 0.3045 0.4434 0.4765 0.3503 0.1617 0.1686 0.2353 0.3499 0.4805 0.4465 0.2489 0.1529 0.1945 0.2864 0.4276 0.4795 0.3534 0.1601 0.1725 0.2476 0.3753 0.4866 0.4133 0.1857 0.1594 0.2212 0.3349 0.4766 0.4483 0.2432 0.1532 0.2005 0.3002 0.4478 0.4703 0.3183 0.1733 0.3183 0.4703 0.4478 0.3002 0.2005 0.1532 0.2432 0.4483 0.4766 0.3349 0.2212 0.1594 0.1857 0.4133 0.4866 0.3753 0.2476 0.1725 0.1601 0.3534 0.4795 0.4276 0.2864 0.1945 0.1529 0.2489 0.4465 0.4805 0.3499 0.2353 0.1686 0.1617 0.3503 0.4765 0.4434 0.3045 0.2079 0.1562 0.1907 0.4081 0.4862 0.3999 0.2710 0.1884 0.1528 0.2546 0.4456 0.4821 0.3584 0.2499
0.3606 0.4856 0.4379 0.2368 0.1529 0.1928 0.2787 0.4105 0.4850 0.3962 0.1808 0.1583 0.2132 0.3129 0.4523 0.4729 0.3366 0.1592 0.1711 0.2397 0.3557 0.4821 0.4438 0.2445 0.1529 0.1945 0.2854 0.4252 0.4806 0.3602 0.1619 0.1704 0.2430 0.3675 0.4860 0.4221 0.1955 0.1573 0.2159 0.3260 0.4711 0.4549 0.2612 0.1528 0.1957 0.2918 0.4380 0.4750 0.3290 0.1548 0.1535 0.1548 0.3290 0.4750 0.4380 0.2918 0.1957 0.1528 0.2612 0.4549 0.4711 0.3260 0.2159 0.1573 0.1955 0.4221 0.4860 0.3675 0.2430 0.1704 0.1619 0.3602 0.4806 0.4252 0.2854 0.1945 0.1529 0.2445 0.4438 0.4821 0.3557 0.2397 0.1711 0.1592 0.3366 0.4729 0.4523 0.3129 0.2132 0.1583 0.1808 0.3962 0.4850 0.4105 0.2787 0.1928 0.1529 0.2368 0.4379 0.4856 0.3606
0.4831 0.4294 0.2200 0.1535 0.1974 0.2867 0.4211 0.4831 0.3834 0.1734 0.1609 0.2187 0.3218 0.4608 0.4685 0.3212 0.1570 0.1740 0.2451 0.3632 0.4840 0.4393 0.2362 0.1530 0.1956 0.2864 0.4252 0.4809 0.3635 0.1631 0.1690 0.2395 0.3613 0.4850 0.4292 0.2063 0.1557 0.2111 0.3178 0.4647 0.4608 0.2789 0.1529 0.1912 0.2837 0.4278 0.4786 0.3454 0.1582 0.1722 0.2067 0.1722 0.1582 0.3454 0.4786 0.4278 0.2837 0.1912 0.1529 0.2789 0.4608 0.4647 0.3178 0.2111 0.1557 0.2063 0.4292 0.4850 0.3613 0.2395 0.1690 0.1631 0.3635 0.4809 0.4252 0.2864 0.1956 0.1530 0.2362 0.4393 0.4840 0.3632 0.2451 0.1740 0.1570 0.3212 0.4685 0.4608 0.3218 0.2187 0.1609 0.1734 0.3834 0.4831 0.4211 0.2867 0.1974 0.1535 0.2200 0.4294 0.4831
0.4287 0.2048 0.1545 0.2023 0.2948 0.4316 0.4805 0.3697 0.1677 0.1637 0.2245 0.3309 0.4682 0.4634 0.3045 0.1552 0.1774 0.2512 0.3718 0.4855 0.4331 0.2249 0.1534 0.1977 0.2892 0.4276 0.4806 0.3635 0.1636 0.1682 0.2374 0.3570 0.4839 0.4345 0.2167 0.1546 0.2068 0.3102 0.4576 0.4657 0.2955 0.1535 0.1870 0.2759 0.4173 0.4816 0.3606 0.1611 0.1723 0.2439 0.3100 0.2439 0.1723 0.1611 0.3606 0.4816 0.4173 0.2759 0.1870 0.1535 0.2955 0.4657 0.4576 0.3102 0.2068 0.1546 0.2167 0.4345 0.4839 0.3570 0.2374 0.1682 0.1636 0.3635 0.4806 0.4276 0.2892 0.1977 0.1534 0.2249 0.4331 0.4855 0.3718 0.2512 0.1774 0.1552 0.3045 0.4634 0.4682 0.3309 0.2245 0.1637 0.1677 0.3697 0.4805 0.4316 0.2948 0.2023 0.1545 0.2048 0.4287
0.2154 0.1562 0.2073 0.3033 0.4416 0.4773 0.3551 0.1633 0.1667 0.2305 0.3403 0.4744 0.4576 0.2869 0.1539 0.1811 0.2579 0.3812 0.4865 0.4254 0.2121 0.1540 0.2009 0.2938 0.4324 0.4795 0.3602 0.1631 0.1682 0.2366 0.3549 0.4831 0.4381 0.2251 0.1539 0.2034 0.3037 0.4504 0.4699 0.3109 0.1544 0.1831 0.2686 0.4068 0.4839 0.3748 0.1648 0.1688 0.2413 0.3660 0.4561 0.3660 0.2413 0.1688 0.1648 0.3748 0.4839 0.4068 0.2686 0.1831 0.1544 0.3109 0.4699 0.4504 0.3037 0.2034 0.1539 0.2251 0.4381 0.4831 0.3549 0.2366 0.1682 0.1631 0.3602 0.4795 0.4324 0.2938 0.2009 0.1540 0.2121 0.4254 0.4865 0.3812 0.2579 0.1811 0.1539 0.2869 0.4576 0.4744 0.3403 0.2305 0.1667 0.1633 0.3551 0.4773 0.4416 0.3033 0.2073 0.1562 0.2154
0.1815 0.2129 0.3119 0.4512 0.4735 0.3397 0.1599 0.1699 0.2368 0.3499 0.4793 0.4512 0.2688 0.1531 0.1851 0.2651 0.3915 0.4866 0.4163 0.1995 0.1551 0.2048 0.2999 0.4390 0.4777 0.3534 0.1619 0.1690 0.2374 0.3549 0.4828 0.4399 0.2306 0.1535 0.2008 0.2986 0.4440 0.4732 0.3245 0.1556 0.1797 0.2619 0.3969 0.4855 0.3879 0.1695 0.1656 0.2345 0.3565 0.4828 0.4657 0.4828 0.3565 0.2345 0.1656 0.1695 0.3879 0.4855 0.3969 0.2619 0.1797 0.1556 0.3245 0.4732 0.4440 0.2986 0.2008 0.1535 0.2306 0.4399 0.4828 0.3549 0.2374 0.1690 0.1619 0.3534 0.4777 0.4390 0.2999 0.2048 0.1551 0.1995 0.4163 0.4866 0.3915 0.2651 0.1851 0.1531 0.2688 0.4512 0.4793 0.3499 0.2368 0.1699 0.1599 0.3397 0.4735 0.4512 0.3119 0.2129 0.1815
0.2296 0.3215 0.4597 0.4691 0.3235 0.1573 0.1733 0.2433 0.3596 0.4828 0.4440 0.2508 0.1528 0.1893 0.2726 0.4021 0.4860 0.4056 0.1882 0.1567 0.2094 0.3071 0.4467 0.4750 0.3435 0.1601 0.1704 0.2395 0.3570 0.4831 0.4399 0.2324 0.1533 0.1993 0.2951 0.4390 0.4756 0.3354 0.1571 0.1767 0.2559 0.3877 0.4864 0.3996 0.1755 0.1627 0.2283 0.3464 0.4817 0.4376 0.3315 0.4376 0.4817 0.3464 0.2283 0.1627 0.1755 0.3996 0.4864 0.3877 0.2559 0.1767 0.1571 0.3354 0.4756 0.4390 0.2951 0.1993 0.1533 0.2324 0.4399 0.4831 0.3570 0.2395 0.1704 0.1601 0.3435 0.4750 0.4467 0.3071 0.2094 0.1567 0.1882 0.4056 0.4860 0.4021 0.2726 0.1893 0.1528 0.2508 0.4440 0.4828 0.3596 0.2433 0.1733 0.1573 0.3235 0.4691 0.4597 0.3215 0.2296
0.3270 0.4685 0.4640 0.3065 0.1554 0.1769 0.2500 0.3696 0.4851 0.4362 0.2331 0.1530 0.1938 0.2804 0.4128 0.4847 0.3936 0.1791 0.1588 0.2144 0.3151 0.4548 0.4715 0.3310 0.1582 0.1725 0.2430 0.3613 0.4839 0.4381 0.2306 0.1533 0.1988 0.2934 0.4357 0.4771 0.3435 0.1585 0.1743 0.2508 0.3794 0.4867 0.4097 0.1828 0.1601 0.2227 0.3370 0.4777 0.4463 0.2449 0.1508 0.2449 0.4463 0.4777 0.3370 0.2227 0.1601 0.1828 0.4097 0.4867 0.3794 0.2508 0.1743 0.1585 0.3435 0.4771 0.4357 0.2934 0.1988 0.1533 0.2306 0.4381 0.4839 0.3613 0.2430 0.1725 0.1582 0.3310 0.4715 0.4548 0.3151 0.2144 0.1588 0.1791 0.3936 0.4847 0.4128 0.2804 0.1938 0.1530 0.2331 0.4362 0.4851 0.3696 0.2500 0.1769 0.1554 0.3065 0.4640 0.4685 0.3270
0.4646 0.4585 0.2889 0.1540 0.1807 0.2570 0.3799 0.4863 0.4274 0.2166 0.1537 0.1984 0.2884 0.4234 0.4826 0.3806 0.1720 0.1614 0.2199 0.3238 0.4626 0.4673 0.3165 0.1563 0.1752 0.2476 0.3675 0.4850 0.4345 0.2251 0.1535 0.1993 0.2934 0.4346 0.4779 0.3484 0.1596 0.1726 0.2468 0.3727 0.4864 0.4180 0.1912 0.1580 0.2175 0.3284 0.4726 0.4535 0.2567 0.1508 0.1649 0.1508 0.2567 0.4535 0.4726 0.3284 0.2175 0.1580 0.1912 0.4180 0.4864 0.3727 0.2468 0.1726 0.1596 0.3484 0.4779 0.4346 0.2934 0.1993 0.1535 0.2251 0.4345 0.4850 0.3675 0.2476 0.1752 0.1563 0.3165 0.4673 0.4626 0.3238 0.2199 0.1614 0.1720 0.3806 0.4826 0.4234 0.2884 0.1984 0.1537 0.2166 0.4274 0.4863 0.3799 0.2570 0.1807 0.1540 0.2889 0.4585 0.4646
0.4588 0.2709 0.1532 0.1847 0.2643 0.3903 0.4867 0.4177 0.2018 0.1548 0.2033 0.2966 0.4337 0.4799 0.3667 0.1667 0.1643 0.2258 0.3329 0.4696 0.4622 0.3005 0.1548 0.1784 0.2533 0.3753 0.4860 0.4292 0.2167 0.1539 0.2008 0.2951 0.4357 0.4779 0.3500 0.1603 0.1715 0.2441 0.3677 0.4859 0.4245 0.2000 0.1564 0.2130 0.3206 0.4667 0.4592 0.2744 0.1530 0.1886 0.2313 0.1886 0.1530 0.2744 0.4592 0.4667 0.3206 0.2130 0.1564 0.2000 0.4245 0.4859 0.3677 0.2441 0.1715 0.1603 0.3500 0.4779 0.4357 0.2951 0.2008 0.1539 0.2167 0.4292 0.4860 0.3753 0.2533 0.1784 0.1548 0.3005 0.4622 0.4696 0.3329 0.2258 0.1643 0.1667 0.3667 0.4799 0.4337 0.2966 0.2033 0.1548 0.2018 0.4177 0.4867 0.3903 0.2643 0.1847 0.1532 0.2709 0.4588
0.2716 0.1529 0.1888 0.2718 0.4009 0.4861 0.4069 0.1896 0.1564 0.2084 0.3051 0.4437 0.4766 0.3520 0.1625 0.1674 0.2318 0.3423 0.4756 0.4563 0.2831 0.1537 0.1820 0.2597 0.3842 0.4866 0.4221 0.2063 0.1546 0.2034 0.2986 0.4390 0.4771 0.3484 0.1603 0.1711 0.2427 0.3646 0.4853 0.4290 0.2080 0.1553 0.2092 0.3137 0.4605 0.4641 0.2904 0.1533 0.1884 0.2748 0.3517 0.2748 0.1884 0.1533 0.2904 0.4641 0.4605 0.3137 0.2092 0.1553 0.2080 0.4290 0.4853 0.3646 0.2427 0.1711 0.1603 0.3484 0.4771 0.4390 0.2986 0.2034 0.1546 0.2063 0.4221 0.4866 0.3842 0.2597 0.1820 0.1537 0.2831 0.4563 0.4756 0.3423 0.2318 0.1674 0.1625 0.3520 0.4766 0.4437 0.3051 0.2084 0.1564 0.1896 0.4069 0.4861 0.4009 0.2718 0.1888 0.1529 0.2716
0.1784 0.1935 0.2794 0.4116 0.4849 0.3950 0.1800 0.1586 0.2137 0.3138 0.4531 0.4726 0.3363 0.1593 0.1706 0.2381 0.3519 0.4801 0.4497 0.2650 0.1530 0.1860 0.2667 0.3939 0.4866 0.4133 0.1955 0.1557 0.2068 0.3037 0.4440 0.4756 0.3435 0.1596 0.1715 0.2427 0.3635 0.4850 0.4317 0.2139 0.1546 0.2063 0.3082 0.4545 0.4680 0.3048 0.1540 0.1844 0.2712 0.4105 0.4791 0.4105 0.2712 0.1844 0.1540 0.3048 0.4680 0.4545 0.3082 0.2063 0.1546 0.2139 0.4317 0.4850 0.3635 0.2427 0.1715 0.1596 0.3435 0.4756 0.4440 0.3037 0.2068 0.1557 0.1955 0.4133 0.4866 0.3939 0.2667 0.1860 0.1530 0.2650 0.4497 0.4801 0.3519 0.2381 0.1706 0.1593 0.3363 0.4726 0.4531 0.3138 0.2137 0.1586 0.1800 0.3950 0.4849 0.4116 0.2794 0.1935 0.1784
0.2126 0.2880 0.4221 0.4829 0.3821 0.1727 0.1611 0.2193 0.3227 0.4615 0.4680 0.3199 0.1568 0.1740 0.2447 0.3617 0.4834 0.4424 0.2470 0.1528 0.1903 0.2742 0.4044 0.4858 0.4029 0.1857 0.1573 0.2111 0.3102 0.4504 0.4732 0.3354 0.1585 0.1726 0.2441 0.3646 0.4850 0.4326 0.2172 0.1542 0.2043 0.3041 0.4495 0.4710 0.3169 0.1550 0.1811 0.2645 0.4008 0.4829 0.4413 0.4829 0.4008 0.2645 0.1811 0.1550 0.3169 0.4710 0.4495 0.3041 0.2043 0.1542 0.2172 0.4326 0.4850 0.3646 0.2441 0.1726 0.1585 0.3354 0.4732 0.4504 0.3102 0.2111 0.1573 0.1857 0.4029 0.4858 0.4044 0.2742 0.1903 0.1528 0.2470 0.4424 0.4834 0.3617 0.2447 0.1740 0.1568 0.3199 0.4680 0.4615 0.3227 0.2193 0.1611 0.1727 0.3821 0.4829 0.4221 0.2880 0.2126
0.2968 0.4337 0.4802 0.3683 0.1672 0.1640 0.2251 0.3319 0.4689 0.4628 0.3028 0.1550 0.1777 0.2515 0.3718 0.4854 0.4344 0.2295 0.1531 0.1947 0.2820 0.4150 0.4843 0.3909 0.1774 0.1594 0.2159 0.3178 0.4576 0.4699 0.3245 0.1571 0.1743 0.2468 0.3677 0.4853 0.4317 0.2172 0.1541 0.2033 0.3015 0.4458 0.4730 0.3261 0.1561 0.1784 0.2588 0.3916 0.4859 0.3968 0.2581 0.3968 0.4859 0.3916 0.2588 0.1784 0.1561 0.3261 0.4730 0.4458 0.3015 0.2033 0.1541 0.2172 0.4317 0.4853 0.3677 0.2468 0.1743 0.1571 0.3245 0.4699 0.4576 0.3178 0.2159 0.1594 0.1774 0.3909 0.4843 0.4150 0.2820 0.1947 0.1531 0.2295 0.4344 0.4854 0.3718 0.2515 0.1777 0.1550 0.3028 0.4628 0.4689 0.3319 0.2251 0.1640 0.1672 0.3683 0.4802 0.4337 0.2968
0.4306 0.4775 0.3537 0.1629 0.1670 0.2311 0.3412 0.4750 0.4570 0.2851 0.1538 0.1815 0.2585 0.3821 0.4865 0.4255 0.2133 0.1539 0.1994 0.2901 0.4256 0.4821 0.3777 0.1708 0.1620 0.2212 0.3260 0.4647 0.4657 0.3109 0.1556 0.1767 0.2508 0.3727 0.4859 0.4290 0.2139 0.1542 0.2033 0.3006 0.4438 0.4742 0.3324 0.1570 0.1764 0.2543 0.3842 0.4866 0.4049 0.1811 0.1458 0.1811 0.4049 0.4866 0.3842 0.2543 0.1764 0.1570 0.3324 0.4742 0.4438 0.3006 0.2033 0.1542 0.2139 0.4290 0.4859 0.3727 0.2508 0.1767 0.1556 0.3109 0.4657 0.4647 0.3260 0.2212 0.1620 0.1708 0.3777 0.4821 0.4256 0.2901 0.1994 0.1539 0.2133 0.4255 0.4865 0.3821 0.2585 0.1815 0.1538 0.2851 0.4570 0.4750 0.3412 0.2311 0.1670 0.1629 0.3537 0.4775 0.4306
0.4774 0.3381 0.1596 0.1702 0.2374 0.3508 0.4797 0.4505 0.2670 0.1531 0.1855 0.2658 0.3925 0.4866 0.4155 0.1990 0.1551 0.2044 0.2984 0.4359 0.4793 0.3637 0.1657 0.1649 0.2270 0.3349 0.4711 0.4608 0.2955 0.1544 0.1797 0.2559 0.3794 0.4864 0.4245 0.2080 0.1546 0.2043 0.3015 0.4438 0.4747 0.3356 0.1576 0.1750 0.2511 0.3785 0.4867 0.4131 0.1863 0.1562 0.1813 0.1562 0.1863 0.4131 0.4867 0.3785 0.2511 0.1750 0.1576 0.3356 0.4747 0.4438 0.3015 0.2043 0.1546 0.2080 0.4245 0.4864 0.3794 0.2559 0.1797 0.1544 0.2955 0.4608 0.4711 0.3349 0.2270 0.1649 0.1657 0.3637 0.4793 0.4359 0.2984 0.2044 0.1551 0.1990 0.4155 0.4866 0.3925 0.2658 0.1855 0.1531 0.2670 0.4505 0.4797 0.3508 0.2374 0.1702 0.1596 0.3381 0.4774
0.3362 0.1572 0.1736 0.2440 0.3606 0.4831 0.4433 0.2490 0.1528 0.1898 0.2734 0.4032 0.4859 0.4045 0.1874 0.1568 0.2095 0.3069 0.4457 0.4758 0.3487 0.1618 0.1680 0.2331 0.3443 0.4766 0.4549 0.2789 0.1535 0.1831 0.2619 0.3877 0.4867 0.4180 0.2000 0.1553 0.2063 0.3041 0.4458 0.4742 0.3356 0.1579 0.1743 0.2492 0.3748 0.4865 0.4188 0.1933 0.1576 0.2118 0.2647 0.2118 0.1576 0.1933 0.4188 0.4865 0.3748 0.2492 0.1743 0.1579 0.3356 0.4742 0.4458 0.3041 0.2063 0.1553 0.2000 0.4180 0.4867 0.3877 0.2619 0.1831 0.1535 0.2789 0.4549 0.4766 0.3443 0.2331 0.1680 0.1618 0.3487 0.4758 0.4457 0.3069 0.2095 0.1568 0.1874 0.4045 0.4859 0.4032 0.2734 0.1898 0.1528 0.2490 0.4433 0.4831 0.3606 0.2440 0.1736 0.1572 0.3362
0.1811 0.1774 0.2507 0.3707 0.4853 0.4353 0.2315 0.1531 0.1942 0.2811 0.4138 0.4845 0.3924 0.1783 0.1591 0.2149 0.3156 0.4549 0.4717 0.3329 0.1587 0.1713 0.2395 0.3540 0.4809 0.4483 0.2612 0.1529 0.1870 0.2686 0.3969 0.4864 0.4097 0.1912 0.1564 0.2092 0.3082 0.4495 0.4730 0.3324 0.1576 0.1743 0.2485 0.3728 0.4863 0.4224 0.1990 0.1563 0.2125 0.3168 0.4042 0.3168 0.2125 0.1563 0.1990 0.4224 0.4863 0.3728 0.2485 0.1743 0.1576 0.3324 0.4730 0.4495 0.3082 0.2092 0.1564 0.1912 0.4097 0.4864 0.3969 0.2686 0.1870 0.1529 0.2612 0.4483 0.4809 0.3540 0.2395 0.1713 0.1587 0.3329 0.4717 0.4549 0.3156 0.2149 0.1591 0.1783 0.3924 0.4845 0.4138 0.2811 0.1942 0.1531 0.2315 0.4353 0.4853 0.3707 0.2507 0.1774 0.1811
0.1988 0.2582 0.3808 0.4864 0.4265 0.2150 0.1538 0.1989 0.2892 0.4244 0.4824 0.3793 0.1714 0.1617 0.2205 0.3246 0.4632 0.4670 0.3164 0.1564 0.1748 0.2461 0.3638 0.4839 0.4408 0.2432 0.1528 0.1912 0.2759 0.4068 0.4855 0.3996 0.1828 0.1580 0.2130 0.3137 0.4545 0.4710 0.3261 0.1570 0.1750 0.2492 0.3728 0.4862 0.4243 0.2028 0.1556 0.2098 0.3140 0.4594 0.4806 0.4594 0.3140 0.2098 0.1556 0.2028 0.4243 0.4862 0.3728 0.2492 0.1750 0.1570 0.3261 0.4710 0.4545 0.3137 0.2130 0.1580 0.1828 0.3996 0.4855 0.4068 0.2759 0.1912 0.1528 0.2432 0.4408 0.4839 0.3638 0.2461 0.1748 0.1564 0.3164 0.4670 0.4632 0.3246 0.2205 0.1617 0.1714 0.3793 0.4824 0.4244 0.2892 0.1989 0.1538 0.2150 0.4265 0.4864 0.3808 0.2582 0.1988
0.2699 0.3923 0.4866 0.4167 0.2005 0.1549 0.2038 0.2974 0.4347 0.4796 0.3653 0.1662 0.1646 0.2264 0.3338 0.4703 0.4617 0.2991 0.1547 0.1785 0.2530 0.3739 0.4857 0.4326 0.2260 0.1532 0.1957 0.2837 0.4173 0.4839 0.3879 0.1755 0.1601 0.2175 0.3206 0.4605 0.4680 0.3169 0.1561 0.1764 0.2511 0.3748 0.4863 0.4243 0.2042 0.1553 0.2082 0.3102 0.4558 0.4658 0.3940 0.4658 0.4558 0.3102 0.2082 0.1553 0.2042 0.4243 0.4863 0.3748 0.2511 0.1764 0.1561 0.3169 0.4680 0.4605 0.3206 0.2175 0.1601 0.1755 0.3879 0.4839 0.4173 0.2837 0.1957 0.1532 0.2260 0.4326 0.4857 0.3739 0.2530 0.1785 0.1547 0.2991 0.4617 0.4703 0.3338 0.2264 0.1646 0.1662 0.3653 0.4796 0.4347 0.2974 0.2038 0.1549 0.2005 0.4167 0.4866 0.3923 0.2699
0.3918 0.4868 0.4058 0.1885 0.1566 0.2089 0.3059 0.4447 0.4762 0.3505 0.1622 0.1677 0.2324 0.3432 0.4761 0.4557 0.2813 0.1536 0.1823 0.2601 0.3843 0.4866 0.4234 0.2101 0.1541 0.2005 0.2918 0.4278 0.4816 0.3748 0.1695 0.1627 0.2227 0.3284 0.4667 0.4641 0.3048 0.1550 0.1784 0.2543 0.3785 0.4865 0.4224 0.2028 0.1553 0.2077 0.3085 0.4529 0.4695 0.3197 0.1753 0.3197 0.4695 0.4529 0.3085 0.2077 0.1553 0.2028 0.4224 0.4865 0.3785 0.2543 0.1784 0.1550 0.3048 0.4641 0.4667 0.3284 0.2227 0.1627 0.1695 0.3748 0.4816 0.4278 0.2918 0.2005 0.1541 0.2101 0.4234 0.4866 0.3843 0.2601 0.1823 0.1536 0.2813 0.4557 0.4761 0.3432 0.2324 0.1677 0.1622 0.3505 0.4762 0.4447 0.3059 0.2089 0.1566 0.1885 0.4058 0.4868 0.3918
0.4857 0.3938 0.1792 0.1588 0.2143 0.3146 0.4539 0.4722 0.3348 0.1590 0.1709 0.2388 0.3529 0.4805 0.4490 0.2632 0.1530 0.1864 0.2674 0.3948 0.4865 0.4133 0.1963 0.1554 0.2054 0.3002 0.4380 0.4786 0.3606 0.1648 0.1656 0.2283 0.3370 0.4726 0.4592 0.2904 0.1540 0.1811 0.2588 0.3842 0.4867 0.4188 0.1990 0.1556 0.2082 0.3085 0.4520 0.4708 0.3191 0.1544 0.1541 0.1544 0.3191 0.4708 0.4520 0.3085 0.2082 0.1556 0.1990 0.4188 0.4867 0.3842 0.2588 0.1811 0.1540 0.2904 0.4592 0.4726 0.3370 0.2283 0.1656 0.1648 0.3606 0.4786 0.4380 0.3002 0.2054 0.1554 0.1963 0.4133 0.4865 0.3948 0.2674 0.1864 0.1530 0.2632 0.4490 0.4805 0.3529 0.2388 0.1709 0.1590 0.3348 0.4722 0.4539 0.3146 0.2143 0.1588 0.1792 0.3938 0.4857
0.3918 0.1722 0.1614 0.2199 0.3236 0.4623 0.4676 0.3182 0.1567 0.1744 0.2454 0.3627 0.4836 0.4417 0.2452 0.1529 0.1908 0.2750 0.4054 0.4857 0.4020 0.1852 0.1573 0.2107 0.3088 0.4478 0.4750 0.3454 0.1611 0.1688 0.2345 0.3464 0.4777 0.4535 0.2744 0.1533 0.1844 0.2645 0.3916 0.4866 0.4131 0.1933 0.1563 0.2098 0.3102 0.4529 0.4708 0.3213 0.1560 0.1748 0.2100 0.1748 0.1560 0.3213 0.4708 0.4529 0.3102 0.2098 0.1563 0.1933 0.4131 0.4866 0.3916 0.2645 0.1844 0.1533 0.2744 0.4535 0.4777 0.3464 0.2345 0.1688 0.1611 0.3454 0.4750 0.4478 0.3088 0.2107 0.1573 0.1852 0.4020 0.4857 0.4054 0.2750 0.1908 0.1529 0.2452 0.4417 0.4836 0.3627 0.2454 0.1744 0.1567 0.3182 0.4676 0.4623 0.3236 0.2199 0.1614 0.1722 0.3918
0.1919 0.1646 0.2260 0.3333 0.4698 0.4619 0.3005 0.1550 0.1783 0.2526 0.3733 0.4855 0.4331 0.2274 0.1533 0.1955 0.2833 0.4166 0.4838 0.3893 0.1765 0.1598 0.2164 0.3180 0.4571 0.4703 0.3290 0.1582 0.1723 0.2413 0.3565 0.4817 0.4463 0.2567 0.1530 0.1884 0.2712 0.4008 0.4859 0.4049 0.1863 0.1576 0.2125 0.3140 0.4558 0.4695 0.3191 0.1560 0.1781 0.2525 0.3200 0.2525 0.1781 0.1560 0.3191 0.4695 0.4558 0.3140 0.2125 0.1576 0.1863 0.4049 0.4859 0.4008 0.2712 0.1884 0.1530 0.2567 0.4463 0.4817 0.3565 0.2413 0.1723 0.1582 0.3290 0.4703 0.4571 0.3180 0.2164 0.1598 0.1765 0.3893 0.4838 0.4166 0.2833 0.1955 0.1533 0.2274 0.4331 0.4855 0.3733 0.2526 0.1783 0.1550 0.3005 0.4619 0.4698 0.3333 0.2260 0.1646 0.1919
0.1854 0.2283 0.3413 0.4746 0.4543 0.2891 0.1521 0.1784 0.2558 0.3836 0.4846 0.4238 0.2162 0.1516 0.1961 0.2882 0.4271 0.4795 0.3791 0.1706 0.1593 0.2179 0.3251 0.4644 0.4636 0.3183 0.1548 0.1722 0.2439 0.3660 0.4828 0.4376 0.2449 0.1508 0.1886 0.2748 0.4105 0.4829 0.3968 0.1811 0.1562 0.2118 0.3168 0.4594 0.4658 0.3197 0.1544 0.1748 0.2525 0.3842 0.4671 0.3842 0.2525 0.1748 0.1544 0.3197 0.4658 0.4594 0.3168 0.2118 0.1562 0.1811 0.3968 0.4829 0.4105 0.2748 0.1886 0.1508 0.2449 0.4376 0.4828 0.3660 0.2439 0.1722 0.1548 0.3183 0.4636 0.4644 0.3251 0.2179 0.1593 0.1706 0.3791 0.4795 0.4271 0.2882 0.1961 0.1516 0.2162 0.4238 0.4846 0.3836 0.2558 0.1784 0.1521 0.2891 0.4543 0.4746 0.3413 0.2283 0.1854
0.2102 0.2893 0.4331 0.4748 0.3669 0.1609 0.1577 0.2161 0.3262 0.4682 0.4574 0.3044 0.1472 0.1704 0.2425 0.3691 0.4819 0.4294 0.2317 0.1467 0.1866 0.2737 0.4148 0.4791 0.3882 0.1733 0.1535 0.2067 0.3100 0.4561 0.4657 0.3315 0.1508 0.1649 0.2313 0.3517 0.4791 0.4413 0.2581 0.1458 0.1813 0.2647 0.4042 0.4806 0.3940 0.1753 0.1541 0.2100 0.3200 0.4671 0.4755 0.4671 0.3200 0.2100 0.1541 0.1753 0.3940 0.4806 0.4042 0.2647 0.1813 0.1458 0.2581 0.4413 0.4791 0.3517 0.2313 0.1649 0.1508 0.3315 0.4657 0.4561 0.3100 0.2067 0.1535 0.1733 0.3882 0.4791 0.4148 0.2737 0.1866 0.1467 0.2317 0.4294 0.4819 0.3691 0.2425 0.1704 0.1472 0.3044 0.4574 0.4682 0.3262 0.2161 0.1577 0.1609 0.3669 0.4748 0.4331 0.2893 0.2102
0.1854 0.2283 0.3413 0.4746 0.4543 0.2891 0.1521 0.1784 0.2558 0.3836 0.4846 0.4238 0.2162 0.1516 0.1961 0.2882 0.4271 0.4795 0.3791 0.1706 0.1593 0.2179 0.3251 0.4644 0.4636 0.3183 0.1548 0.1722 0.2439 0.3660 0.4828 0.4376 0.2449 0.1508 0.1886 0.2748 0.4105 0.4829 0.3968 0.1811 0.1562 0.2118 0.3168 0.4594 0.4658 0.3197 0.1544 0.1748 0.2525 0.3842 0.4671 0.3842 0.2525 0.1748 0.1544 0.3197 0.4658 0.4594 0.3168 0.2118 0.1562 0.1811 0.3968 0.4829 0.4105 0.2748 0.1886 0.1508 0.2449 0.4376 0.4828 0.3660 0.2439 0.1722 0.1548 0.3183 0.4636 0.4644 0.3251 0.2179 0.1593 0.1706 0.3791 0.4795 0.4271 0.2882 0.1961 0.1516 0.2162 0.4238 0.4846 0.3836 0.2558 0.1784 0.1521 0.2891 0.4543 0.4746 0.3413 0.2283 0.1854
0.1919 0.1646 0.2260 0.3333 0.4698 0.4619 0.3005 0.1550 0.1783 0.2526 0.3733 0.4855 0.4331 0.2274 0.1533 0.1955 0.2833 0.4166 0.4838 0.3893 0.1765 0.1598 0.2164 0.3180 0.4571 0.4703 0.3290 0.1582 0.1723 0.2413 0.3565 0.4817 0.4463 0.2567 0.1530 0.1884 0.2712 0.4008 0.4859 0.4049 0.1863 0.1576 0.2125 0.3140 0.4558 0.4695 0.3191 0.1560 0.1781 0.2525 0.3200 0.2525 0.1781 0.1560 0.3191 0.4695 0.4558 0.3140 0.2125 0.1576 0.1863 0.4049 0.4859 0.4008 0.2712 0.1884 0.1530 0.2567 0.4463 0.4817 0.3565 0.2413 0.1723 0.1582 0.3290 0.4703 0.4571 0.3180 0.2164 0.1598 0.1765 0.3893 0.4838 0.4166 0.2833 0.1955 0.1533 0.2274 0.4331 0.4855 0.3733 0.2526 0.1783 0.1550 0.3005 0.4619 0.4698 0.3333 0.2260 0.1646 0.1919
0.3918 0.1722 0.1614 0.2199 0.3236 0.4623 0.4676 0.3182 0.1567 0.1744 0.2454 0.3627 0.4836 0.4417 0.2452 0.1529 0.1908 0.2750 0.4054 0.4857 0.4020 0.1852 0.1573 0.2107 0.3088 0.4478 0.4750 0.3454 0.1611 0.1688 0.2345 0.3464 0.4777 0.4535 0.2744 0.1533 0.1844 0.2645 0.3916 0.4866 0.4131 0.1933 0.1563 0.2098 0.3102 0.4529 0.4708 0.3213 0.1560 0.1748 0.2100 0.1748 0.1560 0.3213 0.4708 0.4529 0.3102 0.2098 0.1563 0.1933 0.4131 0.4866 0.3916 0.2645 0.1844 0.1533 0.2744 0.4535 0.4777 0.3464 0.2345 0.1688 0.1611 0.3454 0.4750 0.4478 0.3088 0.2107 0.1573 0.1852 0.4020 0.4857 0.4054 0.2750 0.1908 0.1529 0.2452 0.4417 0.4836 0.3627 0.2454 0.1744 0.1567 0.3182 0.4676 0.4623 0.3236 0.2199 0.1614 0.1722 0.3918
0.4857 0.3938 0.1792 0.1588 0.2143 0.3146 0.4539 0.4722 0.3348 0.1590 0.1709 0.2388 0.3529 0.4805 0.4490 0.2632 0.1530 0.1864 0.2674 0.3948 0.4865 0.4133 0.1963 0.1554 0.2054 0.3002 0.4380 0.4786 0.3606 0.1648 0.1656 0.2283 0.3370 0.4726 0.4592 0.2904 0.1540 0.1811 0.2588 0.3842 0.4867 0.4188 0.1990 0.1556 0.2082 0.3085 0.4520 0.4708 0.3191 0.1544 0.1541 0.1544 0.3191 0.4708 0.4520 0.3085 0.2082 0.1556 0.1990 0.4188 0.4867 0.3842 0.2588 0.1811 0.1540 0.2904 0.4592 0.4726 0.3370 0.2283 0.1656 0.1648 0.3606 0.4786 0.4380 0.3002 0.2054 0.1554 0.1963 0.4133 0.4865 0.3948 0.2674 0.1864 0.1530 0.2632 0.4490 0.4805 0.3529 0.2388 0.1709 0.1590 0.3348 0.4722 0.4539 0.3146 0.2143 0.1588 0.1792 0.3938 0.4857
0.3918 0.4868 0.4058 0.1885 0.1566 0.2089 0.3059 0.4447 0.4762 0.3505 0.1622 0.1677 0.2324 0.3432 0.4761 0.4557 0.2813 0.1536 0.1823 0.2601 0.3843 0.4866 0.4234 0.2101 0.1541 0.2005 0.2918 0.4278 0.4816 0.3748 0.1695 0.1627 0.2227 0.3284 0.4667 0.4641 0.3048 0.1550 0.1784 0.2543 0.3785 0.4865 0.4224 0.2028 0.1553 0.2077 0.3085 0.4529 0.4695 0.3197 0.1753 0.3197 0.4695 0.4529 0.3085 0.2077 0.1553 0.2028 0.4224 0.4865 0.3785 0.2543 0.1784 0.1550 0.3048 0.4641 0.4667 0.3284 0.2227 0.1627 0.1695 0.3748 0.4816 0.4278 0.2918 0.2005 0.1541 0.2101 0.4234 0.4866 0.3843 0.2601 0.1823 0.1536 0.2813 0.4557 0.4761 0.3432 0.2324 0.1677 0.1622 0.3505 0.4762 0.4447 0.3059 0.2089 0.1566 0.1885 0.4058 0.4868 0.3918
