0.0018 0.0173 0.1314 1.0000 1.0000 0.0002 0.0014 0.0103 0.0782 0.5939 1.0000 1.0000 0.0008 0.0061 0.0462 0.3507 1.0000 1.0000 0.0005 0.0036 0.0273 0.2071 1.0000 1.0000 0.0003 0.0021 0.0161 0.1223 0.9285 1.0000 1.0000 0.0013 0.0095 0.0722 0.5483 1.0000 1.0000 0.0007 0.0056 0.0426 0.3238 1.0000 1.0000 0.0004 0.0033 0.0252 0.1912 1.0000 1.0000 0.0003 0.0009 0.0003 1.0000 1.0000 0.1912 0.0252 0.0033 0.0004 1.0000 1.0000 0.3238 0.0426 0.0056 0.0007 1.0000 1.0000 0.5483 0.0722 0.0095 0.0013 1.0000 1.0000 0.9285 0.1223 0.0161 0.0021 0.0003 1.0000 1.0000 0.2071 0.0273 0.0036 0.0005 1.0000 1.0000 0.3507 0.0462 0.0061 0.0008 1.0000 1.0000 0.5939 0.0782 0.0103 0.0014 0.0002 1.0000 1.0000 0.1314 0.0173 0.0018
0.0173 0.1513 1.0000 1.0000 1.0000 0.0015 0.0110 0.0839 0.6372 1.0000 1.0000 0.0009 0.0065 0.0495 0.3755 1.0000 1.0000 0.0005 0.0039 0.0292 0.2222 1.0000 1.0000 0.0003 0.0023 0.0173 0.1309 0.9962 1.0000 1.0000 0.0013 0.0102 0.0775 0.5871 1.0000 1.0000 0.0008 0.0060 0.0457 0.3474 1.0000 1.0000 0.0005 0.0036 0.0270 0.2047 1.0000 1.0000 0.0003 0.0021 0.0074 0.0021 0.0003 1.0000 1.0000 0.2047 0.0270 0.0036 0.0005 1.0000 1.0000 0.3474 0.0457 0.0060 0.0008 1.0000 1.0000 0.5871 0.0775 0.0102 0.0013 1.0000 1.0000 0.9962 0.1309 0.0173 0.0023 0.0003 1.0000 1.0000 0.2222 0.0292 0.0039 0.0005 1.0000 1.0000 0.3755 0.0495 0.0065 0.0009 1.0000 1.0000 0.6372 0.0839 0.0110 0.0015 1.0000 1.0000 1.0000 0.1513 0.0173
0.1314 1.0000 1.0000 1.0000 0.0013 0.0097 0.0730 0.5525 1.0000 1.0000 0.0007 0.0056 0.0427 0.3244 1.0000 1.0000 0.0004 0.0033 0.0252 0.1915 1.0000 1.0000 0.0003 0.0020 0.0149 0.1131 0.8589 1.0000 1.0000 0.0012 0.0088 0.0668 0.5072 1.0000 1.0000 0.0007 0.0052 0.0394 0.2995 1.0000 1.0000 0.0004 0.0031 0.0233 0.1768 1.0000 1.0000 0.0002 0.0018 0.0140 0.0481 0.0140 0.0018 0.0002 1.0000 1.0000 0.1768 0.0233 0.0031 0.0004 1.0000 1.0000 0.2995 0.0394 0.0052 0.0007 1.0000 1.0000 0.5072 0.0668 0.0088 0.0012 1.0000 1.0000 0.8589 0.1131 0.0149 0.0020 0.0003 1.0000 1.0000 0.1915 0.0252 0.0033 0.0004 1.0000 1.0000 0.3244 0.0427 0.0056 0.0007 1.0000 1.0000 0.5525 0.0730 0.0097 0.0013 1.0000 1.0000 1.0000 0.1314
1.0000 1.0000 1.0000 0.0012 0.0090 0.0663 0.4938 1.0000 1.0000 0.0007 0.0049 0.0374 0.2839 1.0000 1.0000 0.0004 0.0029 0.0221 0.1677 1.0000 1.0000 0.0002 0.0017 0.0130 0.0990 0.7518 1.0000 1.0000 0.0010 0.0077 0.0585 0.4439 1.0000 1.0000 0.0006 0.0045 0.0345 0.2621 1.0000 1.0000 0.0004 0.0027 0.0204 0.1548 1.0000 1.0000 0.0002 0.0016 0.0121 0.0930 0.3183 0.0930 0.0121 0.0016 0.0002 1.0000 1.0000 0.1548 0.0204 0.0027 0.0004 1.0000 1.0000 0.2621 0.0345 0.0045 0.0006 1.0000 1.0000 0.4439 0.0585 0.0077 0.0010 1.0000 1.0000 0.7518 0.0990 0.0130 0.0017 0.0002 1.0000 1.0000 0.1677 0.0221 0.0029 0.0004 1.0000 1.0000 0.2839 0.0374 0.0049 0.0007 1.0000 1.0000 0.4938 0.0663 0.0090 0.0012 1.0000 1.0000 1.0000
1.0000 1.0000 0.0013 0.0090 0.0638 0.4611 1.0000 1.0000 0.0006 0.0044 0.0329 0.2490 1.0000 1.0000 0.0003 0.0025 0.0193 0.1465 1.0000 1.0000 1.0000 0.0015 0.0114 0.0865 0.6569 1.0000 1.0000 0.0009 0.0067 0.0511 0.3879 1.0000 1.0000 0.0005 0.0040 0.0302 0.2290 1.0000 1.0000 0.0003 0.0023 0.0178 0.1352 1.0000 1.0000 1.0000 0.0014 0.0105 0.0805 0.6169 1.0000 0.6169 0.0805 0.0105 0.0014 1.0000 1.0000 1.0000 0.1352 0.0178 0.0023 0.0003 1.0000 1.0000 0.2290 0.0302 0.0040 0.0005 1.0000 1.0000 0.3879 0.0511 0.0067 0.0009 1.0000 1.0000 0.6569 0.0865 0.0114 0.0015 1.0000 1.0000 1.0000 0.1465 0.0193 0.0025 0.0003 1.0000 1.0000 0.2490 0.0329 0.0044 0.0006 1.0000 1.0000 0.4611 0.0638 0.0090 0.0013 1.0000 1.0000
0.0002 0.0015 0.0097 0.0663 0.4611 1.0000 1.0000 0.0005 0.0039 0.0294 0.2209 1.0000 1.0000 0.0003 0.0022 0.0169 0.1280 0.9719 1.0000 1.0000 0.0013 0.0100 0.0756 0.5739 1.0000 1.0000 0.0008 0.0059 0.0446 0.3389 1.0000 1.0000 0.0005 0.0035 0.0264 0.2001 1.0000 1.0000 0.0003 0.0020 0.0156 0.1182 0.8973 1.0000 1.0000 0.0012 0.0092 0.0698 0.5339 1.0000 1.0000 1.0000 0.5339 0.0698 0.0092 0.0012 1.0000 1.0000 0.8973 0.1182 0.0156 0.0020 0.0003 1.0000 1.0000 0.2001 0.0264 0.0035 0.0005 1.0000 1.0000 0.3389 0.0446 0.0059 0.0008 1.0000 1.0000 0.5739 0.0756 0.0100 0.0013 1.0000 1.0000 0.9719 0.1280 0.0169 0.0022 0.0003 1.0000 1.0000 0.2209 0.0294 0.0039 0.0005 1.0000 1.0000 0.4611 0.0663 0.0097 0.0015 0.0002
0.0014 0.0110 0.0730 0.4938 1.0000 1.0000 0.0005 0.0037 0.0271 0.2005 1.0000 1.0000 0.0003 0.0020 0.0148 0.1120 0.8491 1.0000 1.0000 0.0011 0.0087 0.0660 0.5014 1.0000 1.0000 0.0007 0.0051 0.0390 0.2961 1.0000 1.0000 0.0004 0.0030 0.0230 0.1748 1.0000 1.0000 0.0002 0.0018 0.0136 0.1032 0.7839 1.0000 1.0000 0.0011 0.0080 0.0610 0.4629 1.0000 1.0000 0.0003 1.0000 1.0000 0.4629 0.0610 0.0080 0.0011 1.0000 1.0000 0.7839 0.1032 0.0136 0.0018 0.0002 1.0000 1.0000 0.1748 0.0230 0.0030 0.0004 1.0000 1.0000 0.2961 0.0390 0.0051 0.0007 1.0000 1.0000 0.5014 0.0660 0.0087 0.0011 1.0000 1.0000 0.8491 0.1120 0.0148 0.0020 0.0003 1.0000 1.0000 0.2005 0.0271 0.0037 0.0005 1.0000 1.0000 0.4938 0.0730 0.0110 0.0014
0.0103 0.0839 0.5525 1.0000 1.0000 0.0005 0.0037 0.0264 0.1897 1.0000 1.0000 0.0002 0.0017 0.0131 0.0988 0.7461 1.0000 1.0000 0.0010 0.0076 0.0577 0.4381 1.0000 1.0000 0.0006 0.0045 0.0341 0.2587 1.0000 1.0000 0.0003 0.0026 0.0201 0.1527 1.0000 1.0000 0.0002 0.0016 0.0119 0.0902 0.6849 1.0000 1.0000 0.0009 0.0070 0.0533 0.4044 1.0000 1.0000 0.0006 0.0019 0.0006 1.0000 1.0000 0.4044 0.0533 0.0070 0.0009 1.0000 1.0000 0.6849 0.0902 0.0119 0.0016 0.0002 1.0000 1.0000 0.1527 0.0201 0.0026 0.0003 1.0000 1.0000 0.2587 0.0341 0.0045 0.0006 1.0000 1.0000 0.4381 0.0577 0.0076 0.0010 1.0000 1.0000 0.7461 0.0988 0.0131 0.0017 0.0002 1.0000 1.0000 0.1897 0.0264 0.0037 0.0005 1.0000 1.0000 0.5525 0.0839 0.0103
0.0782 0.6372 1.0000 1.0000 0.0006 0.0039 0.0271 0.1897 1.0000 1.0000 0.0002 0.0016 0.0118 0.0883 0.6631 1.0000 1.0000 0.0009 0.0066 0.0504 0.3827 1.0000 1.0000 0.0005 0.0039 0.0298 0.2260 1.0000 1.0000 0.0003 0.0023 0.0176 0.1335 1.0000 1.0000 1.0000 0.0014 0.0104 0.0788 0.5984 1.0000 1.0000 0.0008 0.0061 0.0465 0.3534 1.0000 1.0000 0.0005 0.0037 0.0126 0.0037 0.0005 1.0000 1.0000 0.3534 0.0465 0.0061 0.0008 1.0000 1.0000 0.5984 0.0788 0.0104 0.0014 1.0000 1.0000 1.0000 0.1335 0.0176 0.0023 0.0003 1.0000 1.0000 0.2260 0.0298 0.0039 0.0005 1.0000 1.0000 0.3827 0.0504 0.0066 0.0009 1.0000 1.0000 0.6631 0.0883 0.0118 0.0016 0.0002 1.0000 1.0000 0.1897 0.0271 0.0039 0.0006 1.0000 1.0000 0.6372 0.0782
0.5939 1.0000 1.0000 0.0007 0.0044 0.0294 0.2005 1.0000 1.0000 0.0002 0.0015 0.0110 0.0811 0.6007 1.0000 1.0000 0.0008 0.0059 0.0443 0.3350 1.0000 1.0000 0.0005 0.0034 0.0260 0.1975 1.0000 1.0000 0.0003 0.0020 0.0154 0.1166 0.8854 1.0000 1.0000 0.0012 0.0091 0.0688 0.5228 1.0000 1.0000 0.0007 0.0054 0.0407 0.3087 1.0000 1.0000 0.0004 0.0032 0.0244 0.0836 0.0244 0.0032 0.0004 1.0000 1.0000 0.3087 0.0407 0.0054 0.0007 1.0000 1.0000 0.5228 0.0688 0.0091 0.0012 1.0000 1.0000 0.8854 0.1166 0.0154 0.0020 0.0003 1.0000 1.0000 0.1975 0.0260 0.0034 0.0005 1.0000 1.0000 0.3350 0.0443 0.0059 0.0008 1.0000 1.0000 0.6007 0.0811 0.0110 0.0015 0.0002 1.0000 1.0000 0.2005 0.0294 0.0044 0.0007 1.0000 1.0000 0.5939
1.0000 1.0000 0.0007 0.0049 0.0329 0.2209 1.0000 1.0000 0.0002 0.0015 0.0108 0.0773 0.5609 1.0000 1.0000 0.0007 0.0052 0.0392 0.2955 1.0000 1.0000 0.0004 0.0030 0.0227 0.1725 1.0000 1.0000 0.0002 0.0018 0.0134 0.1019 0.7736 1.0000 1.0000 0.0010 0.0079 0.0602 0.4568 1.0000 1.0000 0.0006 0.0047 0.0355 0.2697 1.0000 1.0000 0.0004 0.0028 0.0211 0.1620 0.5546 0.1620 0.0211 0.0028 0.0004 1.0000 1.0000 0.2697 0.0355 0.0047 0.0006 1.0000 1.0000 0.4568 0.0602 0.0079 0.0010 1.0000 1.0000 0.7736 0.1019 0.0134 0.0018 0.0002 1.0000 1.0000 0.1725 0.0227 0.0030 0.0004 1.0000 1.0000 0.2955 0.0392 0.0052 0.0007 1.0000 1.0000 0.5609 0.0773 0.0108 0.0015 0.0002 1.0000 1.0000 0.2209 0.0329 0.0049 0.0007 1.0000 1.0000
1.0000 0.0009 0.0056 0.0374 0.2490 1.0000 1.0000 0.0002 0.0016 0.0110 0.0773 0.5472 1.0000 1.0000 0.0006 0.0047 0.0353 0.2636 1.0000 1.0000 0.0003 0.0026 0.0199 0.1507 1.0000 1.0000 0.0002 0.0015 0.0117 0.0890 0.6759 1.0000 1.0000 0.0009 0.0069 0.0526 0.3991 1.0000 1.0000 0.0005 0.0041 0.0310 0.2357 1.0000 1.0000 0.0003 0.0024 0.0183 0.1402 1.0000 1.0000 1.0000 0.1402 0.0183 0.0024 0.0003 1.0000 1.0000 0.2357 0.0310 0.0041 0.0005 1.0000 1.0000 0.3991 0.0526 0.0069 0.0009 1.0000 1.0000 0.6759 0.0890 0.0117 0.0015 0.0002 1.0000 1.0000 0.1507 0.0199 0.0026 0.0003 1.0000 1.0000 0.2636 0.0353 0.0047 0.0006 1.0000 1.0000 0.5472 0.0773 0.0110 0.0016 0.0002 1.0000 1.0000 0.2490 0.0374 0.0056 0.0009 1.0000
0.0008 0.0065 0.0427 0.2839 1.0000 1.0000 0.0003 0.0017 0.0118 0.0811 0.5609 1.0000 1.0000 0.0006 0.0045 0.0326 0.2406 1.0000 1.0000 0.0003 0.0023 0.0175 0.1324 1.0000 1.0000 1.0000 0.0013 0.0102 0.0778 0.5905 1.0000 1.0000 0.0008 0.0060 0.0459 0.3487 1.0000 1.0000 0.0005 0.0036 0.0271 0.2059 1.0000 1.0000 0.0003 0.0021 0.0160 0.1216 0.9303 1.0000 1.0000 1.0000 0.9303 0.1216 0.0160 0.0021 0.0003 1.0000 1.0000 0.2059 0.0271 0.0036 0.0005 1.0000 1.0000 0.3487 0.0459 0.0060 0.0008 1.0000 1.0000 0.5905 0.0778 0.0102 0.0013 1.0000 1.0000 1.0000 0.1324 0.0175 0.0023 0.0003 1.0000 1.0000 0.2406 0.0326 0.0045 0.0006 1.0000 1.0000 0.5609 0.0811 0.0118 0.0017 0.0003 1.0000 1.0000 0.2839 0.0427 0.0065 0.0008
0.0061 0.0495 0.3244 1.0000 1.0000 0.0003 0.0020 0.0131 0.0883 0.6007 1.0000 1.0000 0.0006 0.0044 0.0313 0.2264 1.0000 1.0000 0.0003 0.0021 0.0156 0.1173 0.8837 1.0000 1.0000 0.0012 0.0089 0.0679 0.5159 1.0000 1.0000 0.0007 0.0053 0.0401 0.3046 1.0000 1.0000 0.0004 0.0031 0.0237 0.1799 1.0000 1.0000 0.0002 0.0018 0.0140 0.1062 0.8066 1.0000 1.0000 0.0005 1.0000 1.0000 0.8066 0.1062 0.0140 0.0018 0.0002 1.0000 1.0000 0.1799 0.0237 0.0031 0.0004 1.0000 1.0000 0.3046 0.0401 0.0053 0.0007 1.0000 1.0000 0.5159 0.0679 0.0089 0.0012 1.0000 1.0000 0.8837 0.1173 0.0156 0.0021 0.0003 1.0000 1.0000 0.2264 0.0313 0.0044 0.0006 1.0000 1.0000 0.6007 0.0883 0.0131 0.0020 0.0003 1.0000 1.0000 0.3244 0.0495 0.0061
0.0462 0.3755 1.0000 1.0000 0.0003 0.0022 0.0148 0.0988 0.6631 1.0000 1.0000 0.0006 0.0045 0.0313 0.2213 1.0000 1.0000 0.0003 0.0019 0.0141 0.1050 0.7884 1.0000 1.0000 0.0010 0.0078 0.0595 0.4507 1.0000 1.0000 0.0006 0.0046 0.0350 0.2662 1.0000 1.0000 0.0004 0.0027 0.0207 0.1572 1.0000 1.0000 0.0002 0.0016 0.0122 0.0928 0.7047 1.0000 1.0000 0.0010 0.0033 0.0010 1.0000 1.0000 0.7047 0.0928 0.0122 0.0016 0.0002 1.0000 1.0000 0.1572 0.0207 0.0027 0.0004 1.0000 1.0000 0.2662 0.0350 0.0046 0.0006 1.0000 1.0000 0.4507 0.0595 0.0078 0.0010 1.0000 1.0000 0.7884 0.1050 0.0141 0.0019 0.0003 1.0000 1.0000 0.2213 0.0313 0.0045 0.0006 1.0000 1.0000 0.6631 0.0988 0.0148 0.0022 0.0003 1.0000 1.0000 0.3755 0.0462
0.3507 1.0000 1.0000 0.0004 0.0025 0.0169 0.1120 0.7461 1.0000 1.0000 0.0007 0.0047 0.0326 0.2264 1.0000 1.0000 0.0002 0.0018 0.0131 0.0962 0.7128 1.0000 1.0000 0.0009 0.0069 0.0524 0.3961 1.0000 1.0000 0.0005 0.0040 0.0306 0.2325 1.0000 1.0000 0.0003 0.0024 0.0181 0.1373 1.0000 1.0000 1.0000 0.0014 0.0107 0.0811 0.6157 1.0000 1.0000 0.0008 0.0064 0.0220 0.0064 0.0008 1.0000 1.0000 0.6157 0.0811 0.0107 0.0014 1.0000 1.0000 1.0000 0.1373 0.0181 0.0024 0.0003 1.0000 1.0000 0.2325 0.0306 0.0040 0.0005 1.0000 1.0000 0.3961 0.0524 0.0069 0.0009 1.0000 1.0000 0.7128 0.0962 0.0131 0.0018 0.0002 1.0000 1.0000 0.2264 0.0326 0.0047 0.0007 1.0000 1.0000 0.7461 0.1120 0.0169 0.0025 0.0004 1.0000 1.0000 0.3507
1.0000 1.0000 0.0004 0.0029 0.0193 0.1280 0.8491 1.0000 1.0000 0.0008 0.0052 0.0353 0.2406 1.0000 1.0000 0.0002 0.0018 0.0126 0.0909 0.6631 1.0000 1.0000 0.0008 0.0062 0.0464 0.3500 1.0000 1.0000 0.0005 0.0035 0.0268 0.2032 1.0000 1.0000 0.0003 0.0021 0.0158 0.1200 0.9110 1.0000 1.0000 0.0012 0.0093 0.0708 0.5380 1.0000 1.0000 0.0007 0.0056 0.0426 0.1457 0.0426 0.0056 0.0007 1.0000 1.0000 0.5380 0.0708 0.0093 0.0012 1.0000 1.0000 0.9110 0.1200 0.0158 0.0021 0.0003 1.0000 1.0000 0.2032 0.0268 0.0035 0.0005 1.0000 1.0000 0.3500 0.0464 0.0062 0.0008 1.0000 1.0000 0.6631 0.0909 0.0126 0.0018 0.0002 1.0000 1.0000 0.2406 0.0353 0.0052 0.0008 1.0000 1.0000 0.8491 0.1280 0.0193 0.0029 0.0004 1.0000 1.0000
1.0000 0.0005 0.0033 0.0221 0.1465 0.9719 1.0000 1.0000 0.0009 0.0059 0.0392 0.2636 1.0000 1.0000 0.0003 0.0018 0.0126 0.0892 0.6384 1.0000 1.0000 0.0008 0.0056 0.0418 0.3123 1.0000 1.0000 0.0004 0.0031 0.0234 0.1775 1.0000 1.0000 0.0002 0.0018 0.0138 0.1048 0.7960 1.0000 1.0000 0.0011 0.0082 0.0619 0.4700 1.0000 1.0000 0.0006 0.0048 0.0368 0.2823 0.9663 0.2823 0.0368 0.0048 0.0006 1.0000 1.0000 0.4700 0.0619 0.0082 0.0011 1.0000 1.0000 0.7960 0.1048 0.0138 0.0018 0.0002 1.0000 1.0000 0.1775 0.0234 0.0031 0.0004 1.0000 1.0000 0.3123 0.0418 0.0056 0.0008 1.0000 1.0000 0.6384 0.0892 0.0126 0.0018 0.0003 1.0000 1.0000 0.2636 0.0392 0.0059 0.0009 1.0000 1.0000 0.9719 0.1465 0.0221 0.0033 0.0005 1.0000
0.0005 0.0039 0.0252 0.1677 1.0000 1.0000 1.0000 0.0010 0.0066 0.0443 0.2955 1.0000 1.0000 0.0003 0.0019 0.0131 0.0909 0.6384 1.0000 1.0000 0.0007 0.0052 0.0385 0.2845 1.0000 1.0000 0.0004 0.0027 0.0207 0.1563 1.0000 1.0000 0.0002 0.0016 0.0121 0.0916 0.6954 1.0000 1.0000 0.0009 0.0071 0.0541 0.4106 1.0000 1.0000 0.0006 0.0042 0.0319 0.2443 1.0000 1.0000 1.0000 0.2443 0.0319 0.0042 0.0006 1.0000 1.0000 0.4106 0.0541 0.0071 0.0009 1.0000 1.0000 0.6954 0.0916 0.0121 0.0016 0.0002 1.0000 1.0000 0.1563 0.0207 0.0027 0.0004 1.0000 1.0000 0.2845 0.0385 0.0052 0.0007 1.0000 1.0000 0.6384 0.0909 0.0131 0.0019 0.0003 1.0000 1.0000 0.2955 0.0443 0.0066 0.0010 1.0000 1.0000 1.0000 0.1677 0.0252 0.0039 0.0005
0.0036 0.0292 0.1915 1.0000 1.0000 1.0000 0.0011 0.0076 0.0504 0.3350 1.0000 1.0000 0.0003 0.0021 0.0141 0.0962 0.6631 1.0000 1.0000 0.0007 0.0051 0.0365 0.2651 1.0000 1.0000 0.0003 0.0025 0.0184 0.1386 1.0000 1.0000 1.0000 0.0014 0.0105 0.0800 0.6076 1.0000 1.0000 0.0008 0.0062 0.0472 0.3588 1.0000 1.0000 0.0005 0.0037 0.0279 0.2119 1.0000 1.0000 1.0000 1.0000 1.0000 0.2119 0.0279 0.0037 0.0005 1.0000 1.0000 0.3588 0.0472 0.0062 0.0008 1.0000 1.0000 0.6076 0.0800 0.0105 0.0014 1.0000 1.0000 1.0000 0.1386 0.0184 0.0025 0.0003 1.0000 1.0000 0.2651 0.0365 0.0051 0.0007 1.0000 1.0000 0.6631 0.0962 0.0141 0.0021 0.0003 1.0000 1.0000 0.3350 0.0504 0.0076 0.0011 1.0000 1.0000 1.0000 0.1915 0.0292 0.0036
0.0273 0.2222 1.0000 1.0000 1.0000 0.0013 0.0087 0.0577 0.3827 1.0000 1.0000 0.0003 0.0023 0.0156 0.1050 0.7128 1.0000 1.0000 0.0007 0.0051 0.0358 0.2562 1.0000 1.0000 0.0003 0.0022 0.0166 0.1241 0.9285 1.0000 1.0000 0.0012 0.0093 0.0700 0.5308 1.0000 1.0000 0.0007 0.0054 0.0413 0.3135 1.0000 1.0000 0.0004 0.0032 0.0244 0.1851 1.0000 1.0000 0.0003 0.0009 0.0003 1.0000 1.0000 0.1851 0.0244 0.0032 0.0004 1.0000 1.0000 0.3135 0.0413 0.0054 0.0007 1.0000 1.0000 0.5308 0.0700 0.0093 0.0012 1.0000 1.0000 0.9285 0.1241 0.0166 0.0022 0.0003 1.0000 1.0000 0.2562 0.0358 0.0051 0.0007 1.0000 1.0000 0.7128 0.1050 0.0156 0.0023 0.0003 1.0000 1.0000 0.3827 0.0577 0.0087 0.0013 1.0000 1.0000 1.0000 0.2222 0.0273
0.2071 1.0000 1.0000 0.0002 0.0015 0.0100 0.0660 0.4381 1.0000 1.0000 0.0004 0.0026 0.0175 0.1173 0.7884 1.0000 1.0000 0.0008 0.0052 0.0365 0.2562 1.0000 1.0000 0.0003 0.0021 0.0154 0.1133 0.8411 1.0000 1.0000 0.0011 0.0082 0.0618 0.4664 1.0000 1.0000 0.0006 0.0047 0.0361 0.2739 1.0000 1.0000 0.0004 0.0028 0.0213 0.1617 1.0000 1.0000 0.0002 0.0017 0.0058 0.0017 0.0002 1.0000 1.0000 0.1617 0.0213 0.0028 0.0004 1.0000 1.0000 0.2739 0.0361 0.0047 0.0006 1.0000 1.0000 0.4664 0.0618 0.0082 0.0011 1.0000 1.0000 0.8411 0.1133 0.0154 0.0021 0.0003 1.0000 1.0000 0.2562 0.0365 0.0052 0.0008 1.0000 1.0000 0.7884 0.1173 0.0175 0.0026 0.0004 1.0000 1.0000 0.4381 0.0660 0.0100 0.0015 0.0002 1.0000 1.0000 0.2071
1.0000 1.0000 0.0003 0.0017 0.0114 0.0756 0.5014 1.0000 1.0000 0.0005 0.0030 0.0199 0.1324 0.8837 1.0000 1.0000 0.0008 0.0056 0.0385 0.2651 1.0000 1.0000 0.0003 0.0020 0.0146 0.1060 0.7780 1.0000 1.0000 0.0010 0.0073 0.0548 0.4130 1.0000 1.0000 0.0005 0.0041 0.0315 0.2393 1.0000 1.0000 0.0003 0.0025 0.0186 0.1413 1.0000 1.0000 1.0000 0.0015 0.0112 0.0383 0.0112 0.0015 1.0000 1.0000 1.0000 0.1413 0.0186 0.0025 0.0003 1.0000 1.0000 0.2393 0.0315 0.0041 0.0005 1.0000 1.0000 0.4130 0.0548 0.0073 0.0010 1.0000 1.0000 0.7780 0.1060 0.0146 0.0020 0.0003 1.0000 1.0000 0.2651 0.0385 0.0056 0.0008 1.0000 1.0000 0.8837 0.1324 0.0199 0.0030 0.0005 1.0000 1.0000 0.5014 0.0756 0.0114 0.0017 0.0003 1.0000 1.0000
1.0000 0.0003 0.0020 0.0130 0.0865 0.5739 1.0000 1.0000 0.0005 0.0034 0.0227 0.1507 1.0000 1.0000 1.0000 0.0009 0.0062 0.0418 0.2845 1.0000 1.0000 0.0003 0.0020 0.0143 0.1026 0.7391 1.0000 1.0000 0.0009 0.0066 0.0493 0.3685 1.0000 1.0000 0.0005 0.0036 0.0276 0.2090 1.0000 1.0000 0.0003 0.0021 0.0163 0.1234 0.9374 1.0000 1.0000 0.0013 0.0097 0.0741 0.2538 0.0741 0.0097 0.0013 1.0000 1.0000 0.9374 0.1234 0.0163 0.0021 0.0003 1.0000 1.0000 0.2090 0.0276 0.0036 0.0005 1.0000 1.0000 0.3685 0.0493 0.0066 0.0009 1.0000 1.0000 0.7391 0.1026 0.0143 0.0020 0.0003 1.0000 1.0000 0.2845 0.0418 0.0062 0.0009 1.0000 1.0000 1.0000 0.1507 0.0227 0.0034 0.0005 1.0000 1.0000 0.5739 0.0865 0.0130 0.0020 0.0003 1.0000
0.0003 0.0023 0.0149 0.0990 0.6569 1.0000 1.0000 0.0006 0.0039 0.0260 0.1725 1.0000 1.0000 1.0000 0.0010 0.0069 0.0464 0.3123 1.0000 1.0000 0.0003 0.0021 0.0146 0.1026 0.7265 1.0000 1.0000 0.0008 0.0061 0.0451 0.3344 1.0000 1.0000 0.0004 0.0032 0.0243 0.1837 1.0000 1.0000 0.0002 0.0019 0.0142 0.1078 0.8190 1.0000 1.0000 0.0011 0.0084 0.0642 0.4920 1.0000 0.4920 0.0642 0.0084 0.0011 1.0000 1.0000 0.8190 0.1078 0.0142 0.0019 0.0002 1.0000 1.0000 0.1837 0.0243 0.0032 0.0004 1.0000 1.0000 0.3344 0.0451 0.0061 0.0008 1.0000 1.0000 0.7265 0.1026 0.0146 0.0021 0.0003 1.0000 1.0000 0.3123 0.0464 0.0069 0.0010 1.0000 1.0000 1.0000 0.1725 0.0260 0.0039 0.0006 1.0000 1.0000 0.6569 0.0990 0.0149 0.0023 0.0003
0.0021 0.0173 0.1131 0.7518 1.0000 1.0000 0.0007 0.0045 0.0298 0.1975 1.0000 1.0000 1.0000 0.0012 0.0078 0.0524 0.3500 1.0000 1.0000 0.0003 0.0022 0.0154 0.1060 0.7391 1.0000 1.0000 0.0008 0.0058 0.0424 0.3099 1.0000 1.0000 0.0004 0.0029 0.0217 0.1629 1.0000 1.0000 0.0002 0.0016 0.0124 0.0942 0.7155 1.0000 1.0000 0.0010 0.0073 0.0556 0.4257 1.0000 1.0000 1.0000 0.4257 0.0556 0.0073 0.0010 1.0000 1.0000 0.7155 0.0942 0.0124 0.0016 0.0002 1.0000 1.0000 0.1629 0.0217 0.0029 0.0004 1.0000 1.0000 0.3099 0.0424 0.0058 0.0008 1.0000 1.0000 0.7391 0.1060 0.0154 0.0022 0.0003 1.0000 1.0000 0.3500 0.0524 0.0078 0.0012 1.0000 1.0000 1.0000 0.1975 0.0298 0.0045 0.0007 1.0000 1.0000 0.7518 0.1131 0.0173 0.0021
0.0161 0.1309 0.8589 1.0000 1.0000 0.0008 0.0051 0.0341 0.2260 1.0000 1.0000 0.0002 0.0013 0.0089 0.0595 0.3961 1.0000 1.0000 0.0004 0.0025 0.0166 0.1133 0.7780 1.0000 1.0000 0.0008 0.0057 0.0410 0.2955 1.0000 1.0000 0.0004 0.0026 0.0195 0.1459 1.0000 1.0000 1.0000 0.0014 0.0109 0.0825 0.6252 1.0000 1.0000 0.0008 0.0064 0.0486 0.3692 1.0000 1.0000 1.0000 1.0000 1.0000 0.3692 0.0486 0.0064 0.0008 1.0000 1.0000 0.6252 0.0825 0.0109 0.0014 1.0000 1.0000 1.0000 0.1459 0.0195 0.0026 0.0004 1.0000 1.0000 0.2955 0.0410 0.0057 0.0008 1.0000 1.0000 0.7780 0.1133 0.0166 0.0025 0.0004 1.0000 1.0000 0.3961 0.0595 0.0089 0.0013 0.0002 1.0000 1.0000 0.2260 0.0341 0.0051 0.0008 1.0000 1.0000 0.8589 0.1309 0.0161
0.1223 0.9962 1.0000 1.0000 0.0009 0.0059 0.0390 0.2587 1.0000 1.0000 0.0002 0.0015 0.0102 0.0679 0.4507 1.0000 1.0000 0.0004 0.0027 0.0184 0.1241 0.8411 1.0000 1.0000 0.0008 0.0058 0.0410 0.2910 1.0000 1.0000 0.0003 0.0024 0.0180 0.1329 0.9868 1.0000 1.0000 0.0013 0.0096 0.0728 0.5493 1.0000 1.0000 0.0007 0.0056 0.0425 0.3225 1.0000 1.0000 0.0004 0.0015 0.0004 1.0000 1.0000 0.3225 0.0425 0.0056 0.0007 1.0000 1.0000 0.5493 0.0728 0.0096 0.0013 1.0000 1.0000 0.9868 0.1329 0.0180 0.0024 0.0003 1.0000 1.0000 0.2910 0.0410 0.0058 0.0008 1.0000 1.0000 0.8411 0.1241 0.0184 0.0027 0.0004 1.0000 1.0000 0.4507 0.0679 0.0102 0.0015 0.0002 1.0000 1.0000 0.2587 0.0390 0.0059 0.0009 1.0000 1.0000 0.9962 0.1223
0.9285 1.0000 1.0000 0.0010 0.0067 0.0446 0.2961 1.0000 1.0000 0.0003 0.0018 0.0117 0.0778 0.5159 1.0000 1.0000 0.0005 0.0031 0.0207 0.1386 0.9285 1.0000 1.0000 0.0009 0.0061 0.0424 0.2955 1.0000 1.0000 0.0003 0.0023 0.0170 0.1237 0.9093 1.0000 1.0000 0.0011 0.0086 0.0645 0.4864 1.0000 1.0000 0.0006 0.0049 0.0371 0.2818 1.0000 1.0000 0.0004 0.0029 0.0100 0.0029 0.0004 1.0000 1.0000 0.2818 0.0371 0.0049 0.0006 1.0000 1.0000 0.4864 0.0645 0.0086 0.0011 1.0000 1.0000 0.9093 0.1237 0.0170 0.0023 0.0003 1.0000 1.0000 0.2955 0.0424 0.0061 0.0009 1.0000 1.0000 0.9285 0.1386 0.0207 0.0031 0.0005 1.0000 1.0000 0.5159 0.0778 0.0117 0.0018 0.0003 1.0000 1.0000 0.2961 0.0446 0.0067 0.0010 1.0000 1.0000 0.9285
1.0000 1.0000 0.0012 0.0077 0.0511 0.3389 1.0000 1.0000 0.0003 0.0020 0.0134 0.0890 0.5905 1.0000 1.0000 0.0005 0.0035 0.0234 0.1563 1.0000 1.0000 1.0000 0.0010 0.0066 0.0451 0.3099 1.0000 1.0000 0.0003 0.0023 0.0165 0.1184 0.8572 1.0000 1.0000 0.0010 0.0077 0.0578 0.4331 1.0000 1.0000 0.0006 0.0043 0.0325 0.2462 1.0000 1.0000 0.0003 0.0025 0.0195 0.0667 0.0195 0.0025 0.0003 1.0000 1.0000 0.2462 0.0325 0.0043 0.0006 1.0000 1.0000 0.4331 0.0578 0.0077 0.0010 1.0000 1.0000 0.8572 0.1184 0.0165 0.0023 0.0003 1.0000 1.0000 0.3099 0.0451 0.0066 0.0010 1.0000 1.0000 1.0000 0.1563 0.0234 0.0035 0.0005 1.0000 1.0000 0.5905 0.0890 0.0134 0.0020 0.0003 1.0000 1.0000 0.3389 0.0511 0.0077 0.0012 1.0000 1.0000
1.0000 0.0013 0.0088 0.0585 0.3879 1.0000 1.0000 0.0003 0.0023 0.0154 0.1019 0.6759 1.0000 1.0000 0.0006 0.0040 0.0268 0.1775 1.0000 1.0000 1.0000 0.0011 0.0073 0.0493 0.3344 1.0000 1.0000 0.0003 0.0023 0.0165 0.1166 0.8315 1.0000 1.0000 0.0010 0.0071 0.0528 0.3916 1.0000 1.0000 0.0005 0.0038 0.0287 0.2163 1.0000 1.0000 0.0003 0.0022 0.0169 0.1292 0.4423 0.1292 0.0169 0.0022 0.0003 1.0000 1.0000 0.2163 0.0287 0.0038 0.0005 1.0000 1.0000 0.3916 0.0528 0.0071 0.0010 1.0000 1.0000 0.8315 0.1166 0.0165 0.0023 0.0003 1.0000 1.0000 0.3344 0.0493 0.0073 0.0011 1.0000 1.0000 1.0000 0.1775 0.0268 0.0040 0.0006 1.0000 1.0000 0.6759 0.1019 0.0154 0.0023 0.0003 1.0000 1.0000 0.3879 0.0585 0.0088 0.0013 1.0000
0.0013 0.0102 0.0668 0.4439 1.0000 1.0000 0.0004 0.0026 0.0176 0.1166 0.7736 1.0000 1.0000 0.0007 0.0046 0.0306 0.2032 1.0000 1.0000 1.0000 0.0012 0.0082 0.0548 0.3685 1.0000 1.0000 0.0004 0.0024 0.0170 0.1184 0.8315 1.0000 1.0000 0.0009 0.0068 0.0493 0.3615 1.0000 1.0000 0.0005 0.0034 0.0255 0.1915 1.0000 1.0000 0.0003 0.0019 0.0146 0.1118 0.8572 1.0000 0.8572 0.1118 0.0146 0.0019 0.0003 1.0000 1.0000 0.1915 0.0255 0.0034 0.0005 1.0000 1.0000 0.3615 0.0493 0.0068 0.0009 1.0000 1.0000 0.8315 0.1184 0.0170 0.0024 0.0004 1.0000 1.0000 0.3685 0.0548 0.0082 0.0012 1.0000 1.0000 1.0000 0.2032 0.0306 0.0046 0.0007 1.0000 1.0000 0.7736 0.1166 0.0176 0.0026 0.0004 1.0000 1.0000 0.4439 0.0668 0.0102 0.0013
0.0095 0.0775 0.5072 1.0000 1.0000 0.0005 0.0030 0.0201 0.1335 0.8854 1.0000 1.0000 0.0008 0.0053 0.0350 0.2325 1.0000 1.0000 0.0002 0.0014 0.0093 0.0618 0.4130 1.0000 1.0000 0.0004 0.0026 0.0180 0.1237 0.8572 1.0000 1.0000 0.0009 0.0066 0.0472 0.3415 1.0000 1.0000 0.0004 0.0031 0.0229 0.1712 1.0000 1.0000 0.0002 0.0017 0.0128 0.0970 0.7419 1.0000 1.0000 1.0000 0.7419 0.0970 0.0128 0.0017 0.0002 1.0000 1.0000 0.1712 0.0229 0.0031 0.0004 1.0000 1.0000 0.3415 0.0472 0.0066 0.0009 1.0000 1.0000 0.8572 0.1237 0.0180 0.0026 0.0004 1.0000 1.0000 0.4130 0.0618 0.0093 0.0014 0.0002 1.0000 1.0000 0.2325 0.0350 0.0053 0.0008 1.0000 1.0000 0.8854 0.1335 0.0201 0.0030 0.0005 1.0000 1.0000 0.5072 0.0775 0.0095
0.0722 0.5871 1.0000 1.0000 0.0005 0.0035 0.0230 0.1527 1.0000 1.0000 1.0000 0.0009 0.0060 0.0401 0.2662 1.0000 1.0000 0.0002 0.0016 0.0105 0.0700 0.4664 1.0000 1.0000 0.0004 0.0029 0.0195 0.1329 0.9093 1.0000 1.0000 0.0009 0.0066 0.0464 0.3312 1.0000 1.0000 0.0004 0.0028 0.0209 0.1551 1.0000 1.0000 1.0000 0.0015 0.0113 0.0852 0.6445 1.0000 1.0000 0.0004 1.0000 1.0000 0.6445 0.0852 0.0113 0.0015 1.0000 1.0000 1.0000 0.1551 0.0209 0.0028 0.0004 1.0000 1.0000 0.3312 0.0464 0.0066 0.0009 1.0000 1.0000 0.9093 0.1329 0.0195 0.0029 0.0004 1.0000 1.0000 0.4664 0.0700 0.0105 0.0016 0.0002 1.0000 1.0000 0.2662 0.0401 0.0060 0.0009 1.0000 1.0000 1.0000 0.1527 0.0230 0.0035 0.0005 1.0000 1.0000 0.5871 0.0722
0.5483 1.0000 1.0000 0.0006 0.0040 0.0264 0.1748 1.0000 1.0000 1.0000 0.0010 0.0069 0.0459 0.3046 1.0000 1.0000 0.0003 0.0018 0.0121 0.0800 0.5308 1.0000 1.0000 0.0005 0.0032 0.0217 0.1459 0.9868 1.0000 1.0000 0.0010 0.0068 0.0472 0.3312 1.0000 1.0000 0.0004 0.0027 0.0196 0.1435 1.0000 1.0000 1.0000 0.0013 0.0100 0.0756 0.5695 1.0000 1.0000 0.0008 0.0026 0.0008 1.0000 1.0000 0.5695 0.0756 0.0100 0.0013 1.0000 1.0000 1.0000 0.1435 0.0196 0.0027 0.0004 1.0000 1.0000 0.3312 0.0472 0.0068 0.0010 1.0000 1.0000 0.9868 0.1459 0.0217 0.0032 0.0005 1.0000 1.0000 0.5308 0.0800 0.0121 0.0018 0.0003 1.0000 1.0000 0.3046 0.0459 0.0069 0.0010 1.0000 1.0000 1.0000 0.1748 0.0264 0.0040 0.0006 1.0000 1.0000 0.5483
1.0000 1.0000 0.0007 0.0045 0.0302 0.2001 1.0000 1.0000 1.0000 0.0012 0.0079 0.0526 0.3487 1.0000 1.0000 0.0003 0.0021 0.0138 0.0916 0.6076 1.0000 1.0000 0.0005 0.0036 0.0243 0.1629 1.0000 1.0000 1.0000 0.0010 0.0071 0.0493 0.3415 1.0000 1.0000 0.0004 0.0026 0.0188 0.1358 0.9905 1.0000 1.0000 0.0012 0.0090 0.0676 0.5072 1.0000 1.0000 0.0007 0.0051 0.0176 0.0051 0.0007 1.0000 1.0000 0.5072 0.0676 0.0090 0.0012 1.0000 1.0000 0.9905 0.1358 0.0188 0.0026 0.0004 1.0000 1.0000 0.3415 0.0493 0.0071 0.0010 1.0000 1.0000 1.0000 0.1629 0.0243 0.0036 0.0005 1.0000 1.0000 0.6076 0.0916 0.0138 0.0021 0.0003 1.0000 1.0000 0.3487 0.0526 0.0079 0.0012 1.0000 1.0000 1.0000 0.2001 0.0302 0.0045 0.0007 1.0000 1.0000
1.0000 0.0008 0.0052 0.0345 0.2290 1.0000 1.0000 0.0002 0.0014 0.0091 0.0602 0.3991 1.0000 1.0000 0.0004 0.0024 0.0158 0.1048 0.6954 1.0000 1.0000 0.0006 0.0041 0.0276 0.1837 1.0000 1.0000 1.0000 0.0011 0.0077 0.0528 0.3615 1.0000 1.0000 0.0004 0.0026 0.0185 0.1322 0.9499 1.0000 1.0000 0.0011 0.0083 0.0614 0.4568 1.0000 1.0000 0.0006 0.0045 0.0343 0.1175 0.0343 0.0045 0.0006 1.0000 1.0000 0.4568 0.0614 0.0083 0.0011 1.0000 1.0000 0.9499 0.1322 0.0185 0.0026 0.0004 1.0000 1.0000 0.3615 0.0528 0.0077 0.0011 1.0000 1.0000 1.0000 0.1837 0.0276 0.0041 0.0006 1.0000 1.0000 0.6954 0.1048 0.0158 0.0024 0.0004 1.0000 1.0000 0.3991 0.0602 0.0091 0.0014 0.0002 1.0000 1.0000 0.2290 0.0345 0.0052 0.0008 1.0000
0.0007 0.0060 0.0394 0.2621 1.0000 1.0000 0.0002 0.0016 0.0104 0.0688 0.4568 1.0000 1.0000 0.0004 0.0027 0.0181 0.1200 0.7960 1.0000 1.0000 0.0007 0.0047 0.0315 0.2090 1.0000 1.0000 1.0000 0.0013 0.0086 0.0578 0.3916 1.0000 1.0000 0.0004 0.0027 0.0188 0.1322 0.9356 1.0000 1.0000 0.0011 0.0078 0.0570 0.4193 1.0000 1.0000 0.0005 0.0040 0.0301 0.2295 0.7839 0.2295 0.0301 0.0040 0.0005 1.0000 1.0000 0.4193 0.0570 0.0078 0.0011 1.0000 1.0000 0.9356 0.1322 0.0188 0.0027 0.0004 1.0000 1.0000 0.3916 0.0578 0.0086 0.0013 1.0000 1.0000 1.0000 0.2090 0.0315 0.0047 0.0007 1.0000 1.0000 0.7960 0.1200 0.0181 0.0027 0.0004 1.0000 1.0000 0.4568 0.0688 0.0104 0.0016 0.0002 1.0000 1.0000 0.2621 0.0394 0.0060 0.0007
0.0056 0.0457 0.2995 1.0000 1.0000 0.0003 0.0018 0.0119 0.0788 0.5228 1.0000 1.0000 0.0005 0.0031 0.0207 0.1373 0.9110 1.0000 1.0000 0.0008 0.0054 0.0361 0.2393 1.0000 1.0000 0.0002 0.0014 0.0096 0.0645 0.4331 1.0000 1.0000 0.0004 0.0028 0.0196 0.1358 0.9499 1.0000 1.0000 0.0010 0.0075 0.0541 0.3938 1.0000 1.0000 0.0005 0.0036 0.0268 0.2024 1.0000 1.0000 1.0000 0.2024 0.0268 0.0036 0.0005 1.0000 1.0000 0.3938 0.0541 0.0075 0.0010 1.0000 1.0000 0.9499 0.1358 0.0196 0.0028 0.0004 1.0000 1.0000 0.4331 0.0645 0.0096 0.0014 0.0002 1.0000 1.0000 0.2393 0.0361 0.0054 0.0008 1.0000 1.0000 0.9110 0.1373 0.0207 0.0031 0.0005 1.0000 1.0000 0.5228 0.0788 0.0119 0.0018 0.0003 1.0000 1.0000 0.2995 0.0457 0.0056
0.0426 0.3474 1.0000 1.0000 0.0003 0.0020 0.0136 0.0902 0.5984 1.0000 1.0000 0.0005 0.0036 0.0237 0.1572 1.0000 1.0000 1.0000 0.0009 0.0062 0.0413 0.2739 1.0000 1.0000 0.0002 0.0016 0.0109 0.0728 0.4864 1.0000 1.0000 0.0005 0.0031 0.0209 0.1435 0.9905 1.0000 1.0000 0.0010 0.0074 0.0527 0.3784 1.0000 1.0000 0.0004 0.0033 0.0243 0.1809 1.0000 1.0000 1.0000 1.0000 1.0000 0.1809 0.0243 0.0033 0.0004 1.0000 1.0000 0.3784 0.0527 0.0074 0.0010 1.0000 1.0000 0.9905 0.1435 0.0209 0.0031 0.0005 1.0000 1.0000 0.4864 0.0728 0.0109 0.0016 0.0002 1.0000 1.0000 0.2739 0.0413 0.0062 0.0009 1.0000 1.0000 1.0000 0.1572 0.0237 0.0036 0.0005 1.0000 1.0000 0.5984 0.0902 0.0136 0.0020 0.0003 1.0000 1.0000 0.3474 0.0426
0.3238 1.0000 1.0000 0.0004 0.0023 0.0156 0.1032 0.6849 1.0000 1.0000 0.0006 0.0041 0.0271 0.1799 1.0000 1.0000 1.0000 0.0011 0.0071 0.0472 0.3135 1.0000 1.0000 0.0003 0.0019 0.0124 0.0825 0.5493 1.0000 1.0000 0.0005 0.0034 0.0229 0.1551 1.0000 1.0000 1.0000 0.0011 0.0075 0.0527 0.3727 1.0000 1.0000 0.0004 0.0031 0.0226 0.1664 1.0000 1.0000 0.0002 0.0007 0.0002 1.0000 1.0000 0.1664 0.0226 0.0031 0.0004 1.0000 1.0000 0.3727 0.0527 0.0075 0.0011 1.0000 1.0000 1.0000 0.1551 0.0229 0.0034 0.0005 1.0000 1.0000 0.5493 0.0825 0.0124 0.0019 0.0003 1.0000 1.0000 0.3135 0.0472 0.0071 0.0011 1.0000 1.0000 1.0000 0.1799 0.0271 0.0041 0.0006 1.0000 1.0000 0.6849 0.1032 0.0156 0.0023 0.0004 1.0000 1.0000 0.3238
1.0000 1.0000 0.0004 0.0027 0.0178 0.1182 0.7839 1.0000 1.0000 0.0007 0.0047 0.0310 0.2059 1.0000 1.0000 1.0000 0.0012 0.0082 0.0541 0.3588 1.0000 1.0000 0.0003 0.0021 0.0142 0.0942 0.6252 1.0000 1.0000 0.0006 0.0038 0.0255 0.1712 1.0000 1.0000 1.0000 0.0011 0.0078 0.0541 0.3784 1.0000 1.0000 0.0004 0.0030 0.0215 0.1566 1.0000 1.0000 1.0000 0.0015 0.0050 0.0015 1.0000 1.0000 1.0000 0.1566 0.0215 0.0030 0.0004 1.0000 1.0000 0.3784 0.0541 0.0078 0.0011 1.0000 1.0000 1.0000 0.1712 0.0255 0.0038 0.0006 1.0000 1.0000 0.6252 0.0942 0.0142 0.0021 0.0003 1.0000 1.0000 0.3588 0.0541 0.0082 0.0012 1.0000 1.0000 1.0000 0.2059 0.0310 0.0047 0.0007 1.0000 1.0000 0.7839 0.1182 0.0178 0.0027 0.0004 1.0000 1.0000
1.0000 0.0005 0.0031 0.0204 0.1352 0.8973 1.0000 1.0000 0.0008 0.0054 0.0355 0.2357 1.0000 1.0000 0.0002 0.0014 0.0093 0.0619 0.4106 1.0000 1.0000 0.0004 0.0025 0.0163 0.1078 0.7155 1.0000 1.0000 0.0006 0.0043 0.0287 0.1915 1.0000 1.0000 1.0000 0.0012 0.0083 0.0570 0.3938 1.0000 1.0000 0.0004 0.0029 0.0210 0.1504 1.0000 1.0000 1.0000 0.0013 0.0099 0.0336 0.0099 0.0013 1.0000 1.0000 1.0000 0.1504 0.0210 0.0029 0.0004 1.0000 1.0000 0.3938 0.0570 0.0083 0.0012 1.0000 1.0000 1.0000 0.1915 0.0287 0.0043 0.0006 1.0000 1.0000 0.7155 0.1078 0.0163 0.0025 0.0004 1.0000 1.0000 0.4106 0.0619 0.0093 0.0014 0.0002 1.0000 1.0000 0.2357 0.0355 0.0054 0.0008 1.0000 1.0000 0.8973 0.1352 0.0204 0.0031 0.0005 1.0000
0.0004 0.0036 0.0233 0.1548 1.0000 1.0000 1.0000 0.0009 0.0061 0.0407 0.2697 1.0000 1.0000 0.0002 0.0016 0.0107 0.0708 0.4700 1.0000 1.0000 0.0004 0.0028 0.0186 0.1234 0.8190 1.0000 1.0000 0.0007 0.0049 0.0325 0.2163 1.0000 1.0000 1.0000 0.0013 0.0090 0.0614 0.4193 1.0000 1.0000 0.0004 0.0030 0.0210 0.1484 1.0000 1.0000 1.0000 0.0012 0.0091 0.0677 0.2290 0.0677 0.0091 0.0012 1.0000 1.0000 1.0000 0.1484 0.0210 0.0030 0.0004 1.0000 1.0000 0.4193 0.0614 0.0090 0.0013 1.0000 1.0000 1.0000 0.2163 0.0325 0.0049 0.0007 1.0000 1.0000 0.8190 0.1234 0.0186 0.0028 0.0004 1.0000 1.0000 0.4700 0.0708 0.0107 0.0016 0.0002 1.0000 1.0000 0.2697 0.0407 0.0061 0.0009 1.0000 1.0000 1.0000 0.1548 0.0233 0.0036 0.0004
0.0033 0.0270 0.1768 1.0000 1.0000 1.0000 0.0011 0.0070 0.0465 0.3087 1.0000 1.0000 0.0003 0.0018 0.0122 0.0811 0.5380 1.0000 1.0000 0.0005 0.0032 0.0213 0.1413 0.9374 1.0000 1.0000 0.0008 0.0056 0.0371 0.2462 1.0000 1.0000 0.0002 0.0015 0.0100 0.0676 0.4568 1.0000 1.0000 0.0004 0.0031 0.0215 0.1504 1.0000 1.0000 1.0000 0.0012 0.0086 0.0628 0.4656 1.0000 0.4656 0.0628 0.0086 0.0012 1.0000 1.0000 1.0000 0.1504 0.0215 0.0031 0.0004 1.0000 1.0000 0.4568 0.0676 0.0100 0.0015 0.0002 1.0000 1.0000 0.2462 0.0371 0.0056 0.0008 1.0000 1.0000 0.9374 0.1413 0.0213 0.0032 0.0005 1.0000 1.0000 0.5380 0.0811 0.0122 0.0018 0.0003 1.0000 1.0000 0.3087 0.0465 0.0070 0.0011 1.0000 1.0000 1.0000 0.1768 0.0270 0.0033
0.0252 0.2047 1.0000 1.0000 1.0000 0.0012 0.0080 0.0533 0.3534 1.0000 1.0000 0.0003 0.0021 0.0140 0.0928 0.6157 1.0000 1.0000 0.0006 0.0037 0.0244 0.1617 1.0000 1.0000 1.0000 0.0010 0.0064 0.0425 0.2818 1.0000 1.0000 0.0003 0.0017 0.0113 0.0756 0.5072 1.0000 1.0000 0.0005 0.0033 0.0226 0.1566 1.0000 1.0000 1.0000 0.0012 0.0084 0.0599 0.4372 1.0000 1.0000 1.0000 0.4372 0.0599 0.0084 0.0012 1.0000 1.0000 1.0000 0.1566 0.0226 0.0033 0.0005 1.0000 1.0000 0.5072 0.0756 0.0113 0.0017 0.0003 1.0000 1.0000 0.2818 0.0425 0.0064 0.0010 1.0000 1.0000 1.0000 0.1617 0.0244 0.0037 0.0006 1.0000 1.0000 0.6157 0.0928 0.0140 0.0021 0.0003 1.0000 1.0000 0.3534 0.0533 0.0080 0.0012 1.0000 1.0000 1.0000 0.2047 0.0252
0.1912 1.0000 1.0000 0.0002 0.0014 0.0092 0.0610 0.4044 1.0000 1.0000 0.0004 0.0024 0.0160 0.1062 0.7047 1.0000 1.0000 0.0006 0.0042 0.0279 0.1851 1.0000 1.0000 1.0000 0.0011 0.0073 0.0486 0.3225 1.0000 1.0000 0.0003 0.0019 0.0128 0.0852 0.5695 1.0000 1.0000 0.0005 0.0036 0.0243 0.1664 1.0000 1.0000 1.0000 0.0012 0.0084 0.0591 0.4225 1.0000 1.0000 0.0002 1.0000 1.0000 0.4225 0.0591 0.0084 0.0012 1.0000 1.0000 1.0000 0.1664 0.0243 0.0036 0.0005 1.0000 1.0000 0.5695 0.0852 0.0128 0.0019 0.0003 1.0000 1.0000 0.3225 0.0486 0.0073 0.0011 1.0000 1.0000 1.0000 0.1851 0.0279 0.0042 0.0006 1.0000 1.0000 0.7047 0.1062 0.0160 0.0024 0.0004 1.0000 1.0000 0.4044 0.0610 0.0092 0.0014 0.0002 1.0000 1.0000 0.1912
1.0000 1.0000 0.0002 0.0016 0.0105 0.0698 0.4629 1.0000 1.0000 0.0004 0.0028 0.0183 0.1216 0.8066 1.0000 1.0000 0.0007 0.0048 0.0319 0.2119 1.0000 1.0000 1.0000 0.0013 0.0084 0.0556 0.3692 1.0000 1.0000 0.0003 0.0022 0.0146 0.0970 0.6445 1.0000 1.0000 0.0006 0.0040 0.0268 0.1809 1.0000 1.0000 1.0000 0.0012 0.0086 0.0599 0.4225 1.0000 1.0000 0.0005 0.0016 0.0005 1.0000 1.0000 0.4225 0.0599 0.0086 0.0012 1.0000 1.0000 1.0000 0.1809 0.0268 0.0040 0.0006 1.0000 1.0000 0.6445 0.0970 0.0146 0.0022 0.0003 1.0000 1.0000 0.3692 0.0556 0.0084 0.0013 1.0000 1.0000 1.0000 0.2119 0.0319 0.0048 0.0007 1.0000 1.0000 0.8066 0.1216 0.0183 0.0028 0.0004 1.0000 1.0000 0.4629 0.0698 0.0105 0.0016 0.0002 1.0000 1.0000
1.0000 0.0003 0.0018 0.0121 0.0805 0.5339 1.0000 1.0000 0.0005 0.0032 0.0211 0.1402 0.9303 1.0000 1.0000 0.0008 0.0056 0.0368 0.2443 1.0000 1.0000 0.0002 0.0015 0.0097 0.0642 0.4257 1.0000 1.0000 0.0004 0.0025 0.0169 0.1118 0.7419 1.0000 1.0000 0.0007 0.0045 0.0301 0.2024 1.0000 1.0000 1.0000 0.0013 0.0091 0.0628 0.4372 1.0000 1.0000 0.0005 0.0034 0.0115 0.0034 0.0005 1.0000 1.0000 0.4372 0.0628 0.0091 0.0013 1.0000 1.0000 1.0000 0.2024 0.0301 0.0045 0.0007 1.0000 1.0000 0.7419 0.1118 0.0169 0.0025 0.0004 1.0000 1.0000 0.4257 0.0642 0.0097 0.0015 0.0002 1.0000 1.0000 0.2443 0.0368 0.0056 0.0008 1.0000 1.0000 0.9303 0.1402 0.0211 0.0032 0.0005 1.0000 1.0000 0.5339 0.0805 0.0121 0.0018 0.0003 1.0000
0.0003 0.0021 0.0140 0.0930 0.6169 1.0000 1.0000 0.0006 0.0037 0.0244 0.1620 1.0000 1.0000 1.0000 0.0010 0.0064 0.0426 0.2823 1.0000 1.0000 0.0003 0.0017 0.0112 0.0741 0.4920 1.0000 1.0000 0.0004 0.0029 0.0195 0.1292 0.8572 1.0000 1.0000 0.0008 0.0051 0.0343 0.2295 1.0000 1.0000 0.0002 0.0015 0.0099 0.0677 0.4656 1.0000 1.0000 0.0005 0.0034 0.0248 0.0828 0.0248 0.0034 0.0005 1.0000 1.0000 0.4656 0.0677 0.0099 0.0015 0.0002 1.0000 1.0000 0.2295 0.0343 0.0051 0.0008 1.0000 1.0000 0.8572 0.1292 0.0195 0.0029 0.0004 1.0000 1.0000 0.4920 0.0741 0.0112 0.0017 0.0003 1.0000 1.0000 0.2823 0.0426 0.0064 0.0010 1.0000 1.0000 1.0000 0.1620 0.0244 0.0037 0.0006 1.0000 1.0000 0.6169 0.0930 0.0140 0.0021 0.0003
0.0009 0.0074 0.0481 0.3183 1.0000 1.0000 0.0003 0.0019 0.0126 0.0836 0.5546 1.0000 1.0000 0.0005 0.0033 0.0220 0.1457 0.9663 1.0000 1.0000 0.0009 0.0058 0.0383 0.2538 1.0000 1.0000 1.0000 0.0015 0.0100 0.0667 0.4423 1.0000 1.0000 0.0004 0.0026 0.0176 0.1175 0.7839 1.0000 1.0000 0.0007 0.0050 0.0336 0.2290 1.0000 1.0000 0.0002 0.0016 0.0115 0.0828 0.2572 0.0828 0.0115 0.0016 0.0002 1.0000 1.0000 0.2290 0.0336 0.0050 0.0007 1.0000 1.0000 0.7839 0.1175 0.0176 0.0026 0.0004 1.0000 1.0000 0.4423 0.0667 0.0100 0.0015 1.0000 1.0000 1.0000 0.2538 0.0383 0.0058 0.0009 1.0000 1.0000 0.9663 0.1457 0.0220 0.0033 0.0005 1.0000 1.0000 0.5546 0.0836 0.0126 0.0019 0.0003 1.0000 1.0000 0.3183 0.0481 0.0074 0.0009
0.0003 0.0021 0.0140 0.0930 0.6169 1.0000 1.0000 0.0006 0.0037 0.0244 0.1620 1.0000 1.0000 1.0000 0.0010 0.0064 0.0426 0.2823 1.0000 1.0000 0.0003 0.0017 0.0112 0.0741 0.4920 1.0000 1.0000 0.0004 0.0029 0.0195 0.1292 0.8572 1.0000 1.0000 0.0008 0.0051 0.0343 0.2295 1.0000 1.0000 0.0002 0.0015 0.0099 0.0677 0.4656 1.0000 1.0000 0.0005 0.0034 0.0248 0.0828 0.0248 0.0034 0.0005 1.0000 1.0000 0.4656 0.0677 0.0099 0.0015 0.0002 1.0000 1.0000 0.2295 0.0343 0.0051 0.0008 1.0000 1.0000 0.8572 0.1292 0.0195 0.0029 0.0004 1.0000 1.0000 0.4920 0.0741 0.0112 0.0017 0.0003 1.0000 1.0000 0.2823 0.0426 0.0064 0.0010 1.0000 1.0000 1.0000 0.1620 0.0244 0.0037 0.0006 1.0000 1.0000 0.6169 0.0930 0.0140 0.0021 0.0003
1.0000 0.0003 0.0018 0.0121 0.0805 0.5339 1.0000 1.0000 0.0005 0.0032 0.0211 0.1402 0.9303 1.0000 1.0000 0.0008 0.0056 0.0368 0.2443 1.0000 1.0000 0.0002 0.0015 0.0097 0.0642 0.4257 1.0000 1.0000 0.0004 0.0025 0.0169 0.1118 0.7419 1.0000 1.0000 0.0007 0.0045 0.0301 0.2024 1.0000 1.0000 1.0000 0.0013 0.0091 0.0628 0.4372 1.0000 1.0000 0.0005 0.0034 0.0115 0.0034 0.0005 1.0000 1.0000 0.4372 0.0628 0.0091 0.0013 1.0000 1.0000 1.0000 0.2024 0.0301 0.0045 0.0007 1.0000 1.0000 0.7419 0.1118 0.0169 0.0025 0.0004 1.0000 1.0000 0.4257 0.0642 0.0097 0.0015 0.0002 1.0000 1.0000 0.2443 0.0368 0.0056 0.0008 1.0000 1.0000 0.9303 0.1402 0.0211 0.0032 0.0005 1.0000 1.0000 0.5339 0.0805 0.0121 0.0018 0.0003 1.0000
1.0000 1.0000 0.0002 0.0016 0.0105 0.0698 0.4629 1.0000 1.0000 0.0004 0.0028 0.0183 0.1216 0.8066 1.0000 1.0000 0.0007 0.0048 0.0319 0.2119 1.0000 1.0000 1.0000 0.0013 0.0084 0.0556 0.3692 1.0000 1.0000 0.0003 0.0022 0.0146 0.0970 0.6445 1.0000 1.0000 0.0006 0.0040 0.0268 0.1809 1.0000 1.0000 1.0000 0.0012 0.0086 0.0599 0.4225 1.0000 1.0000 0.0005 0.0016 0.0005 1.0000 1.0000 0.4225 0.0599 0.0086 0.0012 1.0000 1.0000 1.0000 0.1809 0.0268 0.0040 0.0006 1.0000 1.0000 0.6445 0.0970 0.0146 0.0022 0.0003 1.0000 1.0000 0.3692 0.0556 0.0084 0.0013 1.0000 1.0000 1.0000 0.2119 0.0319 0.0048 0.0007 1.0000 1.0000 0.8066 0.1216 0.0183 0.0028 0.0004 1.0000 1.0000 0.4629 0.0698 0.0105 0.0016 0.0002 1.0000 1.0000
0.1912 1.0000 1.0000 0.0002 0.0014 0.0092 0.0610 0.4044 1.0000 1.0000 0.0004 0.0024 0.0160 0.1062 0.7047 1.0000 1.0000 0.0006 0.0042 0.0279 0.1851 1.0000 1.0000 1.0000 0.0011 0.0073 0.0486 0.3225 1.0000 1.0000 0.0003 0.0019 0.0128 0.0852 0.5695 1.0000 1.0000 0.0005 0.0036 0.0243 0.1664 1.0000 1.0000 1.0000 0.0012 0.0084 0.0591 0.4225 1.0000 1.0000 0.0002 1.0000 1.0000 0.4225 0.0591 0.0084 0.0012 1.0000 1.0000 1.0000 0.1664 0.0243 0.0036 0.0005 1.0000 1.0000 0.5695 0.0852 0.0128 0.0019 0.0003 1.0000 1.0000 0.3225 0.0486 0.0073 0.0011 1.0000 1.0000 1.0000 0.1851 0.0279 0.0042 0.0006 1.0000 1.0000 0.7047 0.1062 0.0160 0.0024 0.0004 1.0000 1.0000 0.4044 0.0610 0.0092 0.0014 0.0002 1.0000 1.0000 0.1912
0.0252 0.2047 1.0000 1.0000 1.0000 0.0012 0.0080 0.0533 0.3534 1.0000 1.0000 0.0003 0.0021 0.0140 0.0928 0.6157 1.0000 1.0000 0.0006 0.0037 0.0244 0.1617 1.0000 1.0000 1.0000 0.0010 0.0064 0.0425 0.2818 1.0000 1.0000 0.0003 0.0017 0.0113 0.0756 0.5072 1.0000 1.0000 0.0005 0.0033 0.0226 0.1566 1.0000 1.0000 1.0000 0.0012 0.0084 0.0599 0.4372 1.0000 1.0000 1.0000 0.4372 0.0599 0.0084 0.0012 1.0000 1.0000 1.0000 0.1566 0.0226 0.0033 0.0005 1.0000 1.0000 0.5072 0.0756 0.0113 0.0017 0.0003 1.0000 1.0000 0.2818 0.0425 0.0064 0.0010 1.0000 1.0000 1.0000 0.1617 0.0244 0.0037 0.0006 1.0000 1.0000 0.6157 0.0928 0.0140 0.0021 0.0003 1.0000 1.0000 0.3534 0.0533 0.0080 0.0012 1.0000 1.0000 1.0000 0.2047 0.0252
