0.0861 0.2188 -0.1684 -0.2643 -0.2883 -0.2383 0.0590 0.2241 -0.1218 -0.2509 -0.2881 -0.2680 0.0110 0.1913 -0.0428 -0.2356 -0.2830 -0.2765 -0.0656 0.1351 0.1235 -0.2029 -0.2742 -0.2847 -0.1737 0.0927 0.2242 -0.1625 -0.2625 -0.2887 -0.2455 0.0526 0.2204 -0.1130 -0.2487 -0.2876 -0.2696 0.0019 0.1840 -0.0238 -0.2332 -0.2819 -0.2779 -0.0811 0.1280 0.1485 -0.1969 -0.2726 -0.2856 -0.1855 0.0258 -0.1855 -0.2856 -0.2726 -0.1969 0.1485 0.1280 -0.0811 -0.2779 -0.2819 -0.2332 -0.0238 0.1840 0.0019 -0.2696 -0.2876 -0.2487 -0.1130 0.2204 0.0526 -0.2455 -0.2887 -0.2625 -0.1625 0.2242 0.0927 -0.1737 -0.2847 -0.2742 -0.2029 0.1235 0.1351 -0.0656 -0.2765 -0.2830 -0.2356 -0.0428 0.1913 0.0110 -0.2680 -0.2881 -0.2509 -0.1218 0.2241 0.0590 -0.2383 -0.2883 -0.2643 -0.1684 0.2188 0.0861
0.2188 -0.1896 -0.3167 -0.3296 -0.2519 0.0632 0.2279 -0.1206 -0.3045 -0.3335 -0.2931 0.0186 0.1858 -0.0125 -0.2909 -0.3313 -0.3093 -0.0554 0.1300 0.1767 -0.2329 -0.3247 -0.3230 -0.1738 0.0931 0.2426 -0.1746 -0.3148 -0.3313 -0.2620 0.0571 0.2226 -0.1088 -0.3026 -0.3335 -0.2959 0.0100 0.1759 0.0140 -0.2864 -0.3305 -0.3116 -0.0712 0.1238 0.1966 -0.2237 -0.3233 -0.3245 -0.1890 0.0856 0.1735 0.0856 -0.1890 -0.3245 -0.3233 -0.2237 0.1966 0.1238 -0.0712 -0.3116 -0.3305 -0.2864 0.0140 0.1759 0.0100 -0.2959 -0.3335 -0.3026 -0.1088 0.2226 0.0571 -0.2620 -0.3313 -0.3148 -0.1746 0.2426 0.0931 -0.1738 -0.3230 -0.3247 -0.2329 0.1767 0.1300 -0.0554 -0.3093 -0.3313 -0.2909 -0.0125 0.1858 0.0186 -0.2931 -0.3335 -0.3045 -0.1206 0.2279 0.0632 -0.2519 -0.3296 -0.3167 -0.1896 0.2188
-0.1684 -0.3167 -0.3295 -0.2623 0.0539 0.2200 -0.1016 -0.3010 -0.3330 -0.2971 0.0025 0.1686 0.0344 -0.2813 -0.3296 -0.3128 -0.0847 0.1184 0.2081 -0.2175 -0.3221 -0.3254 -0.2032 0.0828 0.2418 -0.1594 -0.3115 -0.3321 -0.2748 0.0453 0.2130 -0.0863 -0.2988 -0.3329 -0.2995 -0.0077 0.1588 0.0655 -0.2725 -0.3287 -0.3151 -0.1025 0.1126 0.2212 -0.2087 -0.3206 -0.3267 -0.2179 0.0777 0.2334 0.0436 0.2334 0.0777 -0.2179 -0.3267 -0.3206 -0.2087 0.2212 0.1126 -0.1025 -0.3151 -0.3287 -0.2725 0.0655 0.1588 -0.0077 -0.2995 -0.3329 -0.2988 -0.0863 0.2130 0.0453 -0.2748 -0.3321 -0.3115 -0.1594 0.2418 0.0828 -0.2032 -0.3254 -0.3221 -0.2175 0.2081 0.1184 -0.0847 -0.3128 -0.3296 -0.2813 0.0344 0.1686 0.0025 -0.2971 -0.3330 -0.3010 -0.1016 0.2200 0.0539 -0.2623 -0.3295 -0.3167 -0.1684
-0.2643 -0.3296 -0.2623 0.0507 0.2148 -0.0850 -0.2981 -0.3326 -0.3008 -0.0142 0.1530 0.0870 -0.2650 -0.3280 -0.3165 -0.1151 0.1089 0.2280 -0.2026 -0.3196 -0.3277 -0.2274 0.0739 0.2373 -0.1435 -0.3085 -0.3328 -0.2843 0.0341 0.2029 -0.0592 -0.2953 -0.3322 -0.3036 -0.0266 0.1445 0.1185 -0.2546 -0.3270 -0.3186 -0.1339 0.1034 0.2354 -0.1939 -0.3181 -0.3289 -0.2398 0.0684 0.2336 -0.1276 -0.2752 -0.1276 0.2336 0.0684 -0.2398 -0.3289 -0.3181 -0.1939 0.2354 0.1034 -0.1339 -0.3186 -0.3270 -0.2546 0.1185 0.1445 -0.0266 -0.3036 -0.3322 -0.2953 -0.0592 0.2029 0.0341 -0.2843 -0.3328 -0.3085 -0.1435 0.2373 0.0739 -0.2274 -0.3277 -0.3196 -0.2026 0.2280 0.1089 -0.1151 -0.3165 -0.3280 -0.2650 0.0870 0.1530 -0.0142 -0.3008 -0.3326 -0.2981 -0.0850 0.2148 0.0507 -0.2623 -0.3296 -0.2643
-0.2883 -0.2519 0.0539 0.2148 -0.0780 -0.2963 -0.3320 -0.3038 -0.0317 0.1407 0.1359 -0.2482 -0.3262 -0.3199 -0.1470 0.0997 0.2389 -0.1879 -0.3170 -0.3296 -0.2475 0.0645 0.2303 -0.1262 -0.3052 -0.3332 -0.2911 0.0215 0.1905 -0.0248 -0.2917 -0.3313 -0.3077 -0.0492 0.1323 0.1648 -0.2380 -0.3250 -0.3218 -0.1655 0.0945 0.2419 -0.1792 -0.3154 -0.3305 -0.2574 0.0588 0.2254 -0.1156 -0.3044 -0.3350 -0.3044 -0.1156 0.2254 0.0588 -0.2574 -0.3305 -0.3154 -0.1792 0.2419 0.0945 -0.1655 -0.3218 -0.3250 -0.2380 0.1648 0.1323 -0.0492 -0.3077 -0.3313 -0.2917 -0.0248 0.1905 0.0215 -0.2911 -0.3332 -0.3052 -0.1262 0.2303 0.0645 -0.2475 -0.3296 -0.3170 -0.1879 0.2389 0.0997 -0.1470 -0.3199 -0.3262 -0.2482 0.1359 0.1407 -0.0317 -0.3038 -0.3320 -0.2963 -0.0780 0.2148 0.0539 -0.2519 -0.2883
-0.2383 0.0632 0.2200 -0.0850 -0.2963 -0.3317 -0.3055 -0.0461 0.1318 0.1721 -0.2337 -0.3242 -0.3227 -0.1772 0.0909 0.2428 -0.1731 -0.3142 -0.3311 -0.2635 0.0548 0.2217 -0.1067 -0.3019 -0.3332 -0.2959 0.0072 0.1741 0.0189 -0.2849 -0.3301 -0.3116 -0.0756 0.1216 0.1997 -0.2223 -0.3228 -0.3246 -0.1948 0.0856 0.2426 -0.1642 -0.3125 -0.3318 -0.2712 0.0487 0.2161 -0.0938 -0.3001 -0.3421 -0.3507 -0.3421 -0.3001 -0.0938 0.2161 0.0487 -0.2712 -0.3318 -0.3125 -0.1642 0.2426 0.0856 -0.1948 -0.3246 -0.3228 -0.2223 0.1997 0.1216 -0.0756 -0.3116 -0.3301 -0.2849 0.0189 0.1741 0.0072 -0.2959 -0.3332 -0.3019 -0.1067 0.2217 0.0548 -0.2635 -0.3311 -0.3142 -0.1731 0.2428 0.0909 -0.1772 -0.3227 -0.3242 -0.2337 0.1721 0.1318 -0.0461 -0.3055 -0.3317 -0.2963 -0.0850 0.2200 0.0632 -0.2383
0.0590 0.2279 -0.1016 -0.2981 -0.3320 -0.3055 -0.0519 0.1271 0.1927 -0.2226 -0.3224 -0.3250 -0.2029 0.0825 0.2416 -0.1581 -0.3113 -0.3322 -0.2758 0.0443 0.2120 -0.0839 -0.2985 -0.3328 -0.2999 -0.0093 0.1573 0.0707 -0.2707 -0.3285 -0.3154 -0.1054 0.1118 0.2229 -0.2072 -0.3204 -0.3270 -0.2204 0.0767 0.2391 -0.1486 -0.3094 -0.3326 -0.2817 0.0377 0.2061 -0.0682 -0.2964 -0.3323 -0.3138 -0.1892 -0.3138 -0.3323 -0.2964 -0.0682 0.2061 0.0377 -0.2817 -0.3326 -0.3094 -0.1486 0.2391 0.0767 -0.2204 -0.3270 -0.3204 -0.2072 0.2229 0.1118 -0.1054 -0.3154 -0.3285 -0.2707 0.0707 0.1573 -0.0093 -0.2999 -0.3328 -0.2985 -0.0839 0.2120 0.0443 -0.2758 -0.3322 -0.3113 -0.1581 0.2416 0.0825 -0.2029 -0.3250 -0.3224 -0.2226 0.1927 0.1271 -0.0519 -0.3055 -0.3320 -0.2981 -0.1016 0.2279 0.0590
0.2241 -0.1206 -0.3010 -0.3326 -0.3038 -0.0461 0.1271 0.1991 -0.2164 -0.3210 -0.3265 -0.2223 0.0750 0.2376 -0.1433 -0.3083 -0.3328 -0.2850 0.0329 0.2018 -0.0561 -0.2950 -0.3322 -0.3040 -0.0287 0.1432 0.1235 -0.2529 -0.3268 -0.3189 -0.1371 0.1025 0.2364 -0.1925 -0.3178 -0.3290 -0.2417 0.0675 0.2327 -0.1317 -0.3063 -0.3331 -0.2893 0.0255 0.1953 -0.0364 -0.2928 -0.3315 -0.3060 -0.0380 0.0736 -0.0380 -0.3060 -0.3315 -0.2928 -0.0364 0.1953 0.0255 -0.2893 -0.3331 -0.3063 -0.1317 0.2327 0.0675 -0.2417 -0.3290 -0.3178 -0.1925 0.2364 0.1025 -0.1371 -0.3189 -0.3268 -0.2529 0.1235 0.1432 -0.0287 -0.3040 -0.3322 -0.2950 -0.0561 0.2018 0.0329 -0.2850 -0.3328 -0.3083 -0.1433 0.2376 0.0750 -0.2223 -0.3265 -0.3210 -0.2164 0.1991 0.1271 -0.0461 -0.3038 -0.3326 -0.3010 -0.1206 0.2241
-0.1218 -0.3045 -0.3330 -0.3008 -0.0317 0.1318 0.1927 -0.2164 -0.3206 -0.3272 -0.2342 0.0689 0.2326 -0.1292 -0.3055 -0.3331 -0.2914 0.0205 0.1893 -0.0212 -0.2913 -0.3312 -0.3081 -0.0516 0.1312 0.1688 -0.2364 -0.3248 -0.3221 -0.1685 0.0936 0.2422 -0.1777 -0.3151 -0.3306 -0.2589 0.0579 0.2245 -0.1130 -0.3030 -0.3332 -0.2946 0.0118 0.1799 0.0043 -0.2886 -0.3305 -0.3103 -0.0654 0.1183 0.2160 0.1183 -0.0654 -0.3103 -0.3305 -0.2886 0.0043 0.1799 0.0118 -0.2946 -0.3332 -0.3030 -0.1130 0.2245 0.0579 -0.2589 -0.3306 -0.3151 -0.1777 0.2422 0.0936 -0.1685 -0.3221 -0.3248 -0.2364 0.1688 0.1312 -0.0516 -0.3081 -0.3312 -0.2913 -0.0212 0.1893 0.0205 -0.2914 -0.3331 -0.3055 -0.1292 0.2326 0.0689 -0.2342 -0.3272 -0.3206 -0.2164 0.1927 0.1318 -0.0317 -0.3008 -0.3330 -0.3045 -0.1218
-0.2509 -0.3335 -0.2971 -0.0142 0.1407 0.1721 -0.2226 -0.3210 -0.3272 -0.2381 0.0654 0.2285 -0.1174 -0.3031 -0.3331 -0.2955 0.0076 0.1738 0.0216 -0.2842 -0.3299 -0.3120 -0.0784 0.1206 0.2025 -0.2208 -0.3226 -0.3248 -0.1975 0.0847 0.2424 -0.1627 -0.3122 -0.3319 -0.2724 0.0476 0.2151 -0.0915 -0.2996 -0.3330 -0.2987 -0.0039 0.1622 0.0541 -0.2765 -0.3290 -0.3143 -0.0958 0.1146 0.2256 -0.1089 0.2256 0.1146 -0.0958 -0.3143 -0.3290 -0.2765 0.0541 0.1622 -0.0039 -0.2987 -0.3330 -0.2996 -0.0915 0.2151 0.0476 -0.2724 -0.3319 -0.3122 -0.1627 0.2424 0.0847 -0.1975 -0.3248 -0.3226 -0.2208 0.2025 0.1206 -0.0784 -0.3120 -0.3299 -0.2842 0.0216 0.1738 0.0076 -0.2955 -0.3331 -0.3031 -0.1174 0.2285 0.0654 -0.2381 -0.3272 -0.3210 -0.2226 0.1721 0.1407 -0.0142 -0.2971 -0.3335 -0.2509
-0.2881 -0.2931 0.0025 0.1530 0.1359 -0.2337 -0.3224 -0.3265 -0.2342 0.0654 0.2270 -0.1104 -0.3014 -0.3329 -0.2982 -0.0052 0.1594 0.0682 -0.2705 -0.3284 -0.3156 -0.1083 0.1109 0.2247 -0.2058 -0.3202 -0.3272 -0.2227 0.0758 0.2385 -0.1470 -0.3091 -0.3327 -0.2825 0.0365 0.2050 -0.0654 -0.2961 -0.3324 -0.3027 -0.0223 0.1473 0.1076 -0.2583 -0.3274 -0.3179 -0.1272 0.1054 0.2327 -0.1933 -0.2990 -0.1933 0.2327 0.1054 -0.1272 -0.3179 -0.3274 -0.2583 0.1076 0.1473 -0.0223 -0.3027 -0.3324 -0.2961 -0.0654 0.2050 0.0365 -0.2825 -0.3327 -0.3091 -0.1470 0.2385 0.0758 -0.2227 -0.3272 -0.3202 -0.2058 0.2247 0.1109 -0.1083 -0.3156 -0.3284 -0.2705 0.0682 0.1594 -0.0052 -0.2982 -0.3329 -0.3014 -0.1104 0.2270 0.0654 -0.2342 -0.3265 -0.3224 -0.2337 0.1359 0.1530 0.0025 -0.2931 -0.2881
-0.2680 0.0186 0.1686 0.0870 -0.2482 -0.3242 -0.3250 -0.2223 0.0689 0.2285 -0.1104 -0.3007 -0.3327 -0.3000 -0.0161 0.1490 0.1096 -0.2556 -0.3269 -0.3188 -0.1385 0.1019 0.2371 -0.1911 -0.3176 -0.3292 -0.2436 0.0665 0.2320 -0.1300 -0.3059 -0.3331 -0.2899 0.0242 0.1937 -0.0328 -0.2925 -0.3315 -0.3068 -0.0441 0.1347 0.1559 -0.2414 -0.3254 -0.3211 -0.1590 0.0963 0.2410 -0.1827 -0.3188 -0.3458 -0.3188 -0.1827 0.2410 0.0963 -0.1590 -0.3211 -0.3254 -0.2414 0.1559 0.1347 -0.0441 -0.3068 -0.3315 -0.2925 -0.0328 0.1937 0.0242 -0.2899 -0.3331 -0.3059 -0.1300 0.2320 0.0665 -0.2436 -0.3292 -0.3176 -0.1911 0.2371 0.1019 -0.1385 -0.3188 -0.3269 -0.2556 0.1096 0.1490 -0.0161 -0.3000 -0.3327 -0.3007 -0.1104 0.2285 0.0689 -0.2223 -0.3250 -0.3242 -0.2482 0.0870 0.1686 0.0186 -0.2680
0.0110 0.1858 0.0344 -0.2650 -0.3262 -0.3227 -0.2029 0.0750 0.2326 -0.1174 -0.3014 -0.3327 -0.3007 -0.0225 0.1428 0.1388 -0.2441 -0.3253 -0.3214 -0.1659 0.0938 0.2423 -0.1769 -0.3149 -0.3308 -0.2604 0.0569 0.2236 -0.1111 -0.3026 -0.3332 -0.2950 0.0104 0.1780 0.0088 -0.2874 -0.3303 -0.3108 -0.0697 0.1237 0.1933 -0.2256 -0.3233 -0.3240 -0.1888 0.0875 0.2428 -0.1675 -0.3132 -0.3438 -0.3382 -0.3438 -0.3132 -0.1675 0.2428 0.0875 -0.1888 -0.3240 -0.3233 -0.2256 0.1933 0.1237 -0.0697 -0.3108 -0.3303 -0.2874 0.0088 0.1780 0.0104 -0.2950 -0.3332 -0.3026 -0.1111 0.2236 0.0569 -0.2604 -0.3308 -0.3149 -0.1769 0.2423 0.0938 -0.1659 -0.3214 -0.3253 -0.2441 0.1388 0.1428 -0.0225 -0.3007 -0.3327 -0.3014 -0.1174 0.2326 0.0750 -0.2029 -0.3227 -0.3262 -0.2650 0.0344 0.1858 0.0110
0.1913 -0.0125 -0.2813 -0.3280 -0.3199 -0.1772 0.0825 0.2376 -0.1292 -0.3031 -0.3329 -0.3000 -0.0225 0.1407 0.1531 -0.2368 -0.3241 -0.3232 -0.1881 0.0866 0.2426 -0.1633 -0.3121 -0.3319 -0.2733 0.0466 0.2141 -0.0891 -0.2992 -0.3329 -0.2991 -0.0056 0.1606 0.0593 -0.2746 -0.3289 -0.3146 -0.0989 0.1138 0.2189 -0.2104 -0.3209 -0.3265 -0.2153 0.0786 0.2401 -0.1519 -0.3101 -0.3322 -0.2798 -0.0568 -0.2798 -0.3322 -0.3101 -0.1519 0.2401 0.0786 -0.2153 -0.3265 -0.3209 -0.2104 0.2189 0.1138 -0.0989 -0.3146 -0.3289 -0.2746 0.0593 0.1606 -0.0056 -0.2991 -0.3329 -0.2992 -0.0891 0.2141 0.0466 -0.2733 -0.3319 -0.3121 -0.1633 0.2426 0.0866 -0.1881 -0.3232 -0.3241 -0.2368 0.1531 0.1407 -0.0225 -0.3000 -0.3329 -0.3031 -0.1292 0.2376 0.0825 -0.1772 -0.3199 -0.3280 -0.2813 -0.0125 0.1913
-0.0428 -0.2909 -0.3296 -0.3165 -0.1470 0.0909 0.2416 -0.1433 -0.3055 -0.3331 -0.2982 -0.0161 0.1428 0.1531 -0.2342 -0.3235 -0.3243 -0.2034 0.0807 0.2404 -0.1508 -0.3095 -0.3326 -0.2826 0.0360 0.2043 -0.0630 -0.2957 -0.3323 -0.3031 -0.0243 0.1460 0.1128 -0.2566 -0.3272 -0.3182 -0.1304 0.1045 0.2342 -0.1956 -0.3184 -0.3286 -0.2376 0.0694 0.2342 -0.1354 -0.3069 -0.3329 -0.2874 0.0290 0.1090 0.0290 -0.2874 -0.3329 -0.3069 -0.1354 0.2342 0.0694 -0.2376 -0.3286 -0.3184 -0.1956 0.2342 0.1045 -0.1304 -0.3182 -0.3272 -0.2566 0.1128 0.1460 -0.0243 -0.3031 -0.3323 -0.2957 -0.0630 0.2043 0.0360 -0.2826 -0.3326 -0.3095 -0.1508 0.2404 0.0807 -0.2034 -0.3243 -0.3235 -0.2342 0.1531 0.1428 -0.0161 -0.2982 -0.3331 -0.3055 -0.1433 0.2416 0.0909 -0.1470 -0.3165 -0.3296 -0.2909 -0.0428
-0.2356 -0.3313 -0.3128 -0.1151 0.0997 0.2428 -0.1581 -0.3083 -0.3331 -0.2955 -0.0052 0.1490 0.1388 -0.2368 -0.3235 -0.3247 -0.2111 0.0768 0.2376 -0.1401 -0.3072 -0.3330 -0.2889 0.0252 0.1943 -0.0317 -0.2923 -0.3314 -0.3072 -0.0464 0.1336 0.1602 -0.2398 -0.3252 -0.3214 -0.1620 0.0955 0.2415 -0.1809 -0.3157 -0.3303 -0.2556 0.0599 0.2263 -0.1172 -0.3037 -0.3332 -0.2936 0.0156 0.1639 0.2303 0.1639 0.0156 -0.2936 -0.3332 -0.3037 -0.1172 0.2263 0.0599 -0.2556 -0.3303 -0.3157 -0.1809 0.2415 0.0955 -0.1620 -0.3214 -0.3252 -0.2398 0.1602 0.1336 -0.0464 -0.3072 -0.3314 -0.2923 -0.0317 0.1943 0.0252 -0.2889 -0.3330 -0.3072 -0.1401 0.2376 0.0768 -0.2111 -0.3247 -0.3235 -0.2368 0.1388 0.1490 -0.0052 -0.2955 -0.3331 -0.3083 -0.1581 0.2428 0.0997 -0.1151 -0.3128 -0.3313 -0.2356
-0.2830 -0.3093 -0.0847 0.1089 0.2389 -0.1731 -0.3113 -0.3328 -0.2914 0.0076 0.1594 0.1096 -0.2441 -0.3241 -0.3243 -0.2111 0.0755 0.2358 -0.1330 -0.3055 -0.3330 -0.2930 0.0146 0.1815 0.0047 -0.2882 -0.3303 -0.3110 -0.0719 0.1228 0.1964 -0.2240 -0.3231 -0.3243 -0.1916 0.0866 0.2427 -0.1659 -0.3128 -0.3316 -0.2698 0.0498 0.2172 -0.0963 -0.3003 -0.3331 -0.2979 -0.0003 0.1646 0.0639 -0.1988 0.0639 0.1646 -0.0003 -0.2979 -0.3331 -0.3003 -0.0963 0.2172 0.0498 -0.2698 -0.3316 -0.3128 -0.1659 0.2427 0.0866 -0.1916 -0.3243 -0.3231 -0.2240 0.1964 0.1228 -0.0719 -0.3110 -0.3303 -0.2882 0.0047 0.1815 0.0146 -0.2930 -0.3330 -0.3055 -0.1330 0.2358 0.0755 -0.2111 -0.3243 -0.3241 -0.2441 0.1096 0.1594 0.0076 -0.2914 -0.3328 -0.3113 -0.1731 0.2389 0.1089 -0.0847 -0.3093 -0.2830
-0.2765 -0.0554 0.1184 0.2280 -0.1879 -0.3142 -0.3322 -0.2850 0.0205 0.1738 0.0682 -0.2556 -0.3253 -0.3232 -0.2034 0.0768 0.2358 -0.1305 -0.3046 -0.3330 -0.2954 0.0052 0.1685 0.0428 -0.2783 -0.3290 -0.3144 -0.0992 0.1133 0.2204 -0.2090 -0.3207 -0.3267 -0.2177 0.0777 0.2396 -0.1504 -0.3098 -0.3325 -0.2806 0.0390 0.2072 -0.0714 -0.2968 -0.3326 -0.3018 -0.0182 0.1504 0.0946 -0.2588 -0.3151 -0.2588 0.0946 0.1504 -0.0182 -0.3018 -0.3326 -0.2968 -0.0714 0.2072 0.0390 -0.2806 -0.3325 -0.3098 -0.1504 0.2396 0.0777 -0.2177 -0.3267 -0.3207 -0.2090 0.2204 0.1133 -0.0992 -0.3144 -0.3290 -0.2783 0.0428 0.1685 0.0052 -0.2954 -0.3330 -0.3046 -0.1305 0.2358 0.0768 -0.2034 -0.3232 -0.3253 -0.2556 0.0682 0.1738 0.0205 -0.2850 -0.3322 -0.3142 -0.1879 0.2280 0.1184 -0.0554 -0.2765
-0.0656 0.1300 0.2081 -0.2026 -0.3170 -0.3311 -0.2758 0.0329 0.1893 0.0216 -0.2705 -0.3269 -0.3214 -0.1881 0.0807 0.2376 -0.1330 -0.3046 -0.3330 -0.2964 -0.0013 0.1599 0.0756 -0.2654 -0.3277 -0.3173 -0.1262 0.1050 0.2343 -0.1949 -0.3182 -0.3288 -0.2394 0.0685 0.2335 -0.1337 -0.3066 -0.3331 -0.2885 0.0270 0.1969 -0.0404 -0.2932 -0.3317 -0.3059 -0.0392 0.1372 0.1463 -0.2453 -0.3310 -0.3524 -0.3310 -0.2453 0.1463 0.1372 -0.0392 -0.3059 -0.3317 -0.2932 -0.0404 0.1969 0.0270 -0.2885 -0.3331 -0.3066 -0.1337 0.2335 0.0685 -0.2394 -0.3288 -0.3182 -0.1949 0.2343 0.1050 -0.1262 -0.3173 -0.3277 -0.2654 0.0756 0.1599 -0.0013 -0.2964 -0.3330 -0.3046 -0.1330 0.2376 0.0807 -0.1881 -0.3214 -0.3269 -0.2705 0.0216 0.1893 0.0329 -0.2758 -0.3311 -0.3170 -0.2026 0.2081 0.1300 -0.0656
0.1351 0.1767 -0.2175 -0.3196 -0.3296 -0.2635 0.0443 0.2018 -0.0212 -0.2842 -0.3284 -0.3188 -0.1659 0.0866 0.2404 -0.1401 -0.3055 -0.3330 -0.2964 -0.0036 0.1557 0.0969 -0.2564 -0.3266 -0.3196 -0.1505 0.0976 0.2409 -0.1819 -0.3157 -0.3304 -0.2567 0.0591 0.2255 -0.1153 -0.3033 -0.3332 -0.2941 0.0135 0.1819 -0.0008 -0.2896 -0.3306 -0.3100 -0.0640 0.1260 0.1864 -0.2289 -0.3238 -0.3381 -0.3108 -0.3381 -0.3238 -0.2289 0.1864 0.1260 -0.0640 -0.3100 -0.3306 -0.2896 -0.0008 0.1819 0.0135 -0.2941 -0.3332 -0.3033 -0.1153 0.2255 0.0591 -0.2567 -0.3304 -0.3157 -0.1819 0.2409 0.0976 -0.1505 -0.3196 -0.3266 -0.2564 0.0969 0.1557 -0.0036 -0.2964 -0.3330 -0.3055 -0.1401 0.2404 0.0866 -0.1659 -0.3188 -0.3284 -0.2842 -0.0212 0.2018 0.0443 -0.2635 -0.3296 -0.3196 -0.2175 0.1767 0.1351
0.1235 -0.2329 -0.3221 -0.3277 -0.2475 0.0548 0.2120 -0.0561 -0.2913 -0.3299 -0.3156 -0.1385 0.0938 0.2426 -0.1508 -0.3072 -0.3330 -0.2954 -0.0013 0.1557 0.1039 -0.2519 -0.3258 -0.3211 -0.1692 0.0915 0.2428 -0.1698 -0.3132 -0.3315 -0.2697 0.0495 0.2166 -0.0945 -0.3000 -0.3330 -0.2983 -0.0020 0.1641 0.0481 -0.2783 -0.3292 -0.3138 -0.0924 0.1158 0.2144 -0.2135 -0.3214 -0.3256 -0.2042 0.0183 -0.2042 -0.3256 -0.3214 -0.2135 0.2144 0.1158 -0.0924 -0.3138 -0.3292 -0.2783 0.0481 0.1641 -0.0020 -0.2983 -0.3330 -0.3000 -0.0945 0.2166 0.0495 -0.2697 -0.3315 -0.3132 -0.1698 0.2428 0.0915 -0.1692 -0.3211 -0.3258 -0.2519 0.1039 0.1557 -0.0013 -0.2954 -0.3330 -0.3072 -0.1508 0.2426 0.0938 -0.1385 -0.3156 -0.3299 -0.2913 -0.0561 0.2120 0.0548 -0.2475 -0.3277 -0.3221 -0.2329 0.1235
-0.2029 -0.3247 -0.3254 -0.2274 0.0645 0.2217 -0.0839 -0.2950 -0.3312 -0.3120 -0.1083 0.1019 0.2423 -0.1633 -0.3095 -0.3330 -0.2930 0.0052 0.1599 0.0969 -0.2519 -0.3256 -0.3219 -0.1807 0.0871 0.2424 -0.1595 -0.3110 -0.3323 -0.2791 0.0400 0.2075 -0.0710 -0.2966 -0.3325 -0.3022 -0.0201 0.1489 0.1017 -0.2603 -0.3276 -0.3175 -0.1236 0.1064 0.2318 -0.1987 -0.3189 -0.3281 -0.2319 0.0702 0.1512 0.0702 -0.2319 -0.3281 -0.3189 -0.1987 0.2318 0.1064 -0.1236 -0.3175 -0.3276 -0.2603 0.1017 0.1489 -0.0201 -0.3022 -0.3325 -0.2966 -0.0710 0.2075 0.0400 -0.2791 -0.3323 -0.3110 -0.1595 0.2424 0.0871 -0.1807 -0.3219 -0.3256 -0.2519 0.0969 0.1599 0.0052 -0.2930 -0.3330 -0.3095 -0.1633 0.2423 0.1019 -0.1083 -0.3120 -0.3312 -0.2950 -0.0839 0.2217 0.0645 -0.2274 -0.3254 -0.3247 -0.2029
-0.2742 -0.3230 -0.2032 0.0739 0.2303 -0.1067 -0.2985 -0.3322 -0.3081 -0.0784 0.1109 0.2371 -0.1769 -0.3121 -0.3326 -0.2889 0.0146 0.1685 0.0756 -0.2564 -0.3258 -0.3219 -0.1846 0.0849 0.2414 -0.1520 -0.3092 -0.3327 -0.2855 0.0306 0.1988 -0.0439 -0.2934 -0.3317 -0.3061 -0.0410 0.1361 0.1510 -0.2433 -0.3257 -0.3208 -0.1554 0.0974 0.2405 -0.1840 -0.3163 -0.3300 -0.2521 0.0623 0.2146 0.1320 0.2146 0.0623 -0.2521 -0.3300 -0.3163 -0.1840 0.2405 0.0974 -0.1554 -0.3208 -0.3257 -0.2433 0.1510 0.1361 -0.0410 -0.3061 -0.3317 -0.2934 -0.0439 0.1988 0.0306 -0.2855 -0.3327 -0.3092 -0.1520 0.2414 0.0849 -0.1846 -0.3219 -0.3258 -0.2564 0.0756 0.1685 0.0146 -0.2889 -0.3326 -0.3121 -0.1769 0.2371 0.1109 -0.0784 -0.3081 -0.3322 -0.2985 -0.1067 0.2303 0.0739 -0.2032 -0.3230 -0.2742
-0.2847 -0.1738 0.0828 0.2373 -0.1262 -0.3019 -0.3328 -0.3040 -0.0516 0.1206 0.2247 -0.1911 -0.3149 -0.3319 -0.2826 0.0252 0.1815 0.0428 -0.2654 -0.3266 -0.3211 -0.1807 0.0849 0.2409 -0.1480 -0.3081 -0.3329 -0.2894 0.0222 0.1896 -0.0142 -0.2903 -0.3307 -0.3098 -0.0642 0.1254 0.1891 -0.2274 -0.3235 -0.3237 -0.1856 0.0885 0.2429 -0.1691 -0.3134 -0.3314 -0.2671 0.0521 0.2194 -0.0930 -0.2562 -0.0930 0.2194 0.0521 -0.2671 -0.3314 -0.3134 -0.1691 0.2429 0.0885 -0.1856 -0.3237 -0.3235 -0.2274 0.1891 0.1254 -0.0642 -0.3098 -0.3307 -0.2903 -0.0142 0.1896 0.0222 -0.2894 -0.3329 -0.3081 -0.1480 0.2409 0.0849 -0.1807 -0.3211 -0.3266 -0.2654 0.0428 0.1815 0.0252 -0.2826 -0.3319 -0.3149 -0.1911 0.2247 0.1206 -0.0516 -0.3040 -0.3328 -0.3019 -0.1262 0.2373 0.0828 -0.1738 -0.2847
-0.1737 0.0931 0.2418 -0.1435 -0.3052 -0.3332 -0.2999 -0.0287 0.1312 0.2025 -0.2058 -0.3176 -0.3308 -0.2733 0.0360 0.1943 0.0047 -0.2783 -0.3277 -0.3196 -0.1692 0.0871 0.2414 -0.1480 -0.3077 -0.3330 -0.2916 0.0159 0.1802 0.0147 -0.2853 -0.3297 -0.3130 -0.0888 0.1163 0.2146 -0.2128 -0.3212 -0.3262 -0.2125 0.0796 0.2406 -0.1537 -0.3104 -0.3324 -0.2786 0.0413 0.2094 -0.0779 -0.2981 -0.3297 -0.2981 -0.0779 0.2094 0.0413 -0.2786 -0.3324 -0.3104 -0.1537 0.2406 0.0796 -0.2125 -0.3262 -0.3212 -0.2128 0.2146 0.1163 -0.0888 -0.3130 -0.3297 -0.2853 0.0147 0.1802 0.0159 -0.2916 -0.3330 -0.3077 -0.1480 0.2414 0.0871 -0.1692 -0.3196 -0.3277 -0.2783 0.0047 0.1943 0.0360 -0.2733 -0.3308 -0.3176 -0.2058 0.2025 0.1312 -0.0287 -0.2999 -0.3332 -0.3052 -0.1435 0.2418 0.0931 -0.1737
0.0927 0.2426 -0.1594 -0.3085 -0.3332 -0.2959 -0.0093 0.1432 0.1688 -0.2208 -0.3202 -0.3292 -0.2604 0.0466 0.2043 -0.0317 -0.2882 -0.3290 -0.3173 -0.1505 0.0915 0.2424 -0.1520 -0.3081 -0.3330 -0.2923 0.0125 0.1736 0.0375 -0.2772 -0.3287 -0.3155 -0.1127 0.1084 0.2300 -0.1995 -0.3189 -0.3282 -0.2347 0.0706 0.2351 -0.1374 -0.3073 -0.3330 -0.2871 0.0296 0.1991 -0.0477 -0.2942 -0.3398 -0.3528 -0.3398 -0.2942 -0.0477 0.1991 0.0296 -0.2871 -0.3330 -0.3073 -0.1374 0.2351 0.0706 -0.2347 -0.3282 -0.3189 -0.1995 0.2300 0.1084 -0.1127 -0.3155 -0.3287 -0.2772 0.0375 0.1736 0.0125 -0.2923 -0.3330 -0.3081 -0.1520 0.2424 0.0915 -0.1505 -0.3173 -0.3290 -0.2882 -0.0317 0.2043 0.0466 -0.2604 -0.3292 -0.3202 -0.2208 0.1688 0.1432 -0.0093 -0.2959 -0.3332 -0.3085 -0.1594 0.2426 0.0927
0.2242 -0.1746 -0.3115 -0.3328 -0.2911 0.0072 0.1573 0.1235 -0.2364 -0.3226 -0.3272 -0.2436 0.0569 0.2141 -0.0630 -0.2923 -0.3303 -0.3144 -0.1262 0.0976 0.2428 -0.1595 -0.3092 -0.3329 -0.2916 0.0125 0.1714 0.0497 -0.2707 -0.3279 -0.3174 -0.1327 0.1020 0.2381 -0.1876 -0.3166 -0.3298 -0.2520 0.0617 0.2277 -0.1197 -0.3041 -0.3332 -0.2931 0.0165 0.1850 -0.0099 -0.2904 -0.3308 -0.3231 -0.2385 -0.3231 -0.3308 -0.2904 -0.0099 0.1850 0.0165 -0.2931 -0.3332 -0.3041 -0.1197 0.2277 0.0617 -0.2520 -0.3298 -0.3166 -0.1876 0.2381 0.1020 -0.1327 -0.3174 -0.3279 -0.2707 0.0497 0.1714 0.0125 -0.2916 -0.3329 -0.3092 -0.1595 0.2428 0.0976 -0.1262 -0.3144 -0.3303 -0.2923 -0.0630 0.2141 0.0569 -0.2436 -0.3272 -0.3226 -0.2364 0.1235 0.1573 0.0072 -0.2911 -0.3328 -0.3115 -0.1746 0.2242
-0.1625 -0.3148 -0.3321 -0.2843 0.0215 0.1741 0.0707 -0.2529 -0.3248 -0.3248 -0.2227 0.0665 0.2236 -0.0891 -0.2957 -0.3314 -0.3110 -0.0992 0.1050 0.2409 -0.1698 -0.3110 -0.3327 -0.2894 0.0159 0.1736 0.0497 -0.2686 -0.3275 -0.3185 -0.1467 0.0973 0.2417 -0.1774 -0.3145 -0.3310 -0.2650 0.0529 0.2194 -0.1007 -0.3008 -0.3331 -0.2974 0.0015 0.1676 0.0372 -0.2807 -0.3295 -0.3126 -0.0807 0.0598 -0.0807 -0.3126 -0.3295 -0.2807 0.0372 0.1676 0.0015 -0.2974 -0.3331 -0.3008 -0.1007 0.2194 0.0529 -0.2650 -0.3310 -0.3145 -0.1774 0.2417 0.0973 -0.1467 -0.3185 -0.3275 -0.2686 0.0497 0.1736 0.0159 -0.2894 -0.3327 -0.3110 -0.1698 0.2409 0.1050 -0.0992 -0.3110 -0.3314 -0.2957 -0.0891 0.2236 0.0665 -0.2227 -0.3248 -0.3248 -0.2529 0.0707 0.1741 0.0215 -0.2843 -0.3321 -0.3148 -0.1625
-0.2625 -0.3313 -0.2748 0.0341 0.1905 0.0189 -0.2707 -0.3268 -0.3221 -0.1975 0.0758 0.2320 -0.1111 -0.2992 -0.3323 -0.3072 -0.0719 0.1133 0.2343 -0.1819 -0.3132 -0.3323 -0.2855 0.0222 0.1802 0.0375 -0.2707 -0.3275 -0.3189 -0.1539 0.0943 0.2427 -0.1695 -0.3127 -0.3318 -0.2744 0.0443 0.2111 -0.0796 -0.2977 -0.3327 -0.3012 -0.0156 0.1520 0.0904 -0.2640 -0.3279 -0.3166 -0.1150 0.1040 0.2007 0.1040 -0.1150 -0.3166 -0.3279 -0.2640 0.0904 0.1520 -0.0156 -0.3012 -0.3327 -0.2977 -0.0796 0.2111 0.0443 -0.2744 -0.3318 -0.3127 -0.1695 0.2427 0.0943 -0.1539 -0.3189 -0.3275 -0.2707 0.0375 0.1802 0.0222 -0.2855 -0.3323 -0.3132 -0.1819 0.2343 0.1133 -0.0719 -0.3072 -0.3323 -0.2992 -0.1111 0.2320 0.0758 -0.1975 -0.3221 -0.3268 -0.2707 0.0189 0.1905 0.0341 -0.2748 -0.3313 -0.2625
-0.2887 -0.2620 0.0453 0.2029 -0.0248 -0.2849 -0.3285 -0.3189 -0.1685 0.0847 0.2385 -0.1300 -0.3026 -0.3329 -0.3031 -0.0464 0.1228 0.2204 -0.1949 -0.3157 -0.3315 -0.2791 0.0306 0.1896 0.0147 -0.2772 -0.3279 -0.3185 -0.1539 0.0933 0.2429 -0.1645 -0.3114 -0.3322 -0.2806 0.0366 0.2034 -0.0567 -0.2947 -0.3320 -0.3048 -0.0347 0.1391 0.1404 -0.2469 -0.3261 -0.3201 -0.1487 0.0993 0.2426 -0.0610 0.2426 0.0993 -0.1487 -0.3201 -0.3261 -0.2469 0.1404 0.1391 -0.0347 -0.3048 -0.3320 -0.2947 -0.0567 0.2034 0.0366 -0.2806 -0.3322 -0.3114 -0.1645 0.2429 0.0933 -0.1539 -0.3185 -0.3279 -0.2772 0.0147 0.1896 0.0306 -0.2791 -0.3315 -0.3157 -0.1949 0.2204 0.1228 -0.0464 -0.3031 -0.3329 -0.3026 -0.1300 0.2385 0.0847 -0.1685 -0.3189 -0.3285 -0.2849 -0.0248 0.2029 0.0453 -0.2620 -0.2887
-0.2455 0.0571 0.2130 -0.0592 -0.2917 -0.3301 -0.3154 -0.1371 0.0936 0.2424 -0.1470 -0.3059 -0.3332 -0.2991 -0.0243 0.1336 0.1964 -0.2090 -0.3182 -0.3304 -0.2697 0.0400 0.1988 -0.0142 -0.2853 -0.3287 -0.3174 -0.1467 0.0943 0.2429 -0.1629 -0.3108 -0.3324 -0.2843 0.0304 0.1972 -0.0339 -0.2920 -0.3312 -0.3082 -0.0554 0.1287 0.1793 -0.2314 -0.3240 -0.3231 -0.1795 0.0904 0.2427 -0.1680 -0.2922 -0.1680 0.2427 0.0904 -0.1795 -0.3231 -0.3240 -0.2314 0.1793 0.1287 -0.0554 -0.3082 -0.3312 -0.2920 -0.0339 0.1972 0.0304 -0.2843 -0.3324 -0.3108 -0.1629 0.2429 0.0943 -0.1467 -0.3174 -0.3287 -0.2853 -0.0142 0.1988 0.0400 -0.2697 -0.3304 -0.3182 -0.2090 0.1964 0.1336 -0.0243 -0.2991 -0.3332 -0.3059 -0.1470 0.2424 0.0936 -0.1371 -0.3154 -0.3301 -0.2917 -0.0592 0.2130 0.0571 -0.2455
0.0526 0.2226 -0.0863 -0.2953 -0.3313 -0.3116 -0.1054 0.1025 0.2422 -0.1627 -0.3091 -0.3331 -0.2950 -0.0056 0.1460 0.1602 -0.2240 -0.3207 -0.3288 -0.2567 0.0495 0.2075 -0.0439 -0.2903 -0.3297 -0.3155 -0.1327 0.0973 0.2427 -0.1645 -0.3108 -0.3325 -0.2860 0.0264 0.1928 -0.0141 -0.2898 -0.3303 -0.3111 -0.0769 0.1199 0.2065 -0.2174 -0.3219 -0.3256 -0.2066 0.0815 0.2414 -0.1575 -0.3132 -0.3418 -0.3132 -0.1575 0.2414 0.0815 -0.2066 -0.3256 -0.3219 -0.2174 0.2065 0.1199 -0.0769 -0.3111 -0.3303 -0.2898 -0.0141 0.1928 0.0264 -0.2860 -0.3325 -0.3108 -0.1645 0.2427 0.0973 -0.1327 -0.3155 -0.3297 -0.2903 -0.0439 0.2075 0.0495 -0.2567 -0.3288 -0.3207 -0.2240 0.1602 0.1460 -0.0056 -0.2950 -0.3331 -0.3091 -0.1627 0.2422 0.1025 -0.1054 -0.3116 -0.3313 -0.2953 -0.0863 0.2226 0.0526
0.2204 -0.1088 -0.2988 -0.3322 -0.3077 -0.0756 0.1118 0.2364 -0.1777 -0.3122 -0.3327 -0.2899 0.0104 0.1606 0.1128 -0.2398 -0.3231 -0.3267 -0.2394 0.0591 0.2166 -0.0710 -0.2934 -0.3307 -0.3130 -0.1127 0.1020 0.2417 -0.1695 -0.3114 -0.3324 -0.2860 0.0251 0.1901 -0.0004 -0.2882 -0.3296 -0.3133 -0.0966 0.1128 0.2236 -0.2050 -0.3198 -0.3277 -0.2289 0.0729 0.2365 -0.1411 -0.3081 -0.3439 -0.3447 -0.3439 -0.3081 -0.1411 0.2365 0.0729 -0.2289 -0.3277 -0.3198 -0.2050 0.2236 0.1128 -0.0966 -0.3133 -0.3296 -0.2882 -0.0004 0.1901 0.0251 -0.2860 -0.3324 -0.3114 -0.1695 0.2417 0.1020 -0.1127 -0.3130 -0.3307 -0.2934 -0.0710 0.2166 0.0591 -0.2394 -0.3267 -0.3231 -0.2398 0.1128 0.1606 0.0104 -0.2899 -0.3327 -0.3122 -0.1777 0.2364 0.1118 -0.0756 -0.3077 -0.3322 -0.2988 -0.1088 0.2204
-0.1130 -0.3026 -0.3329 -0.3036 -0.0492 0.1216 0.2229 -0.1925 -0.3151 -0.3319 -0.2825 0.0242 0.1780 0.0593 -0.2566 -0.3252 -0.3243 -0.2177 0.0685 0.2255 -0.0945 -0.2966 -0.3317 -0.3098 -0.0888 0.1084 0.2381 -0.1774 -0.3127 -0.3322 -0.2843 0.0264 0.1901 0.0045 -0.2867 -0.3292 -0.3148 -0.1121 0.1073 0.2332 -0.1943 -0.3177 -0.3293 -0.2463 0.0644 0.2298 -0.1242 -0.3048 -0.3329 -0.2967 -0.1062 -0.2967 -0.3329 -0.3048 -0.1242 0.2298 0.0644 -0.2463 -0.3293 -0.3177 -0.1943 0.2332 0.1073 -0.1121 -0.3148 -0.3292 -0.2867 0.0045 0.1901 0.0264 -0.2843 -0.3322 -0.3127 -0.1774 0.2381 0.1084 -0.0888 -0.3098 -0.3317 -0.2966 -0.0945 0.2255 0.0685 -0.2177 -0.3243 -0.3252 -0.2566 0.0593 0.1780 0.0242 -0.2825 -0.3319 -0.3151 -0.1925 0.2229 0.1216 -0.0492 -0.3036 -0.3329 -0.3026 -0.1130
-0.2487 -0.3335 -0.2995 -0.0266 0.1323 0.1997 -0.2072 -0.3178 -0.3306 -0.2724 0.0365 0.1937 0.0088 -0.2746 -0.3272 -0.3214 -0.1916 0.0777 0.2335 -0.1153 -0.3000 -0.3325 -0.3061 -0.0642 0.1163 0.2300 -0.1876 -0.3145 -0.3318 -0.2806 0.0304 0.1928 -0.0004 -0.2867 -0.3290 -0.3157 -0.1223 0.1036 0.2380 -0.1858 -0.3159 -0.3304 -0.2593 0.0564 0.2224 -0.1067 -0.3017 -0.3330 -0.2961 0.0070 0.0944 0.0070 -0.2961 -0.3330 -0.3017 -0.1067 0.2224 0.0564 -0.2593 -0.3304 -0.3159 -0.1858 0.2380 0.1036 -0.1223 -0.3157 -0.3290 -0.2867 -0.0004 0.1928 0.0304 -0.2806 -0.3318 -0.3145 -0.1876 0.2300 0.1163 -0.0642 -0.3061 -0.3325 -0.3000 -0.1153 0.2335 0.0777 -0.1916 -0.3214 -0.3272 -0.2746 0.0088 0.1937 0.0365 -0.2724 -0.3306 -0.3178 -0.2072 0.1997 0.1323 -0.0266 -0.2995 -0.3335 -0.2487
-0.2876 -0.2959 -0.0077 0.1445 0.1648 -0.2223 -0.3204 -0.3290 -0.2589 0.0476 0.2050 -0.0328 -0.2874 -0.3289 -0.3182 -0.1620 0.0866 0.2396 -0.1337 -0.3033 -0.3330 -0.3022 -0.0410 0.1254 0.2146 -0.1995 -0.3166 -0.3310 -0.2744 0.0366 0.1972 -0.0141 -0.2882 -0.3292 -0.3157 -0.1257 0.1016 0.2401 -0.1798 -0.3146 -0.3311 -0.2683 0.0492 0.2151 -0.0884 -0.2988 -0.3328 -0.3000 -0.0097 0.1434 0.2313 0.1434 -0.0097 -0.3000 -0.3328 -0.2988 -0.0884 0.2151 0.0492 -0.2683 -0.3311 -0.3146 -0.1798 0.2401 0.1016 -0.1257 -0.3157 -0.3292 -0.2882 -0.0141 0.1972 0.0366 -0.2744 -0.3310 -0.3166 -0.1995 0.2146 0.1254 -0.0410 -0.3022 -0.3330 -0.3033 -0.1337 0.2396 0.0866 -0.1620 -0.3182 -0.3289 -0.2874 -0.0328 0.2050 0.0476 -0.2589 -0.3290 -0.3204 -0.2223 0.1648 0.1445 -0.0077 -0.2959 -0.2876
-0.2696 0.0100 0.1588 0.1185 -0.2380 -0.3228 -0.3270 -0.2417 0.0579 0.2151 -0.0654 -0.2925 -0.3303 -0.3146 -0.1304 0.0955 0.2427 -0.1504 -0.3066 -0.3332 -0.2983 -0.0201 0.1361 0.1891 -0.2128 -0.3189 -0.3298 -0.2650 0.0443 0.2034 -0.0339 -0.2898 -0.3296 -0.3148 -0.1223 0.1016 0.2407 -0.1768 -0.3137 -0.3315 -0.2741 0.0432 0.2087 -0.0701 -0.2961 -0.3323 -0.3035 -0.0282 0.1423 0.1462 -0.1654 0.1462 0.1423 -0.0282 -0.3035 -0.3323 -0.2961 -0.0701 0.2087 0.0432 -0.2741 -0.3315 -0.3137 -0.1768 0.2407 0.1016 -0.1223 -0.3148 -0.3296 -0.2898 -0.0339 0.2034 0.0443 -0.2650 -0.3298 -0.3189 -0.2128 0.1891 0.1361 -0.0201 -0.2983 -0.3332 -0.3066 -0.1504 0.2427 0.0955 -0.1304 -0.3146 -0.3303 -0.2925 -0.0654 0.2151 0.0579 -0.2417 -0.3270 -0.3228 -0.2380 0.1185 0.1588 0.0100 -0.2696
0.0019 0.1759 0.0655 -0.2546 -0.3250 -0.3246 -0.2204 0.0675 0.2245 -0.0915 -0.2961 -0.3315 -0.3108 -0.0989 0.1045 0.2415 -0.1659 -0.3098 -0.3331 -0.2941 -0.0020 0.1489 0.1510 -0.2274 -0.3212 -0.3282 -0.2520 0.0529 0.2111 -0.0567 -0.2920 -0.3303 -0.3133 -0.1121 0.1036 0.2401 -0.1768 -0.3134 -0.3318 -0.2773 0.0387 0.2039 -0.0537 -0.2938 -0.3316 -0.3066 -0.0466 0.1326 0.1657 -0.2330 -0.3092 -0.2330 0.1657 0.1326 -0.0466 -0.3066 -0.3316 -0.2938 -0.0537 0.2039 0.0387 -0.2773 -0.3318 -0.3134 -0.1768 0.2401 0.1036 -0.1121 -0.3133 -0.3303 -0.2920 -0.0567 0.2111 0.0529 -0.2520 -0.3282 -0.3212 -0.2274 0.1510 0.1489 -0.0020 -0.2941 -0.3331 -0.3098 -0.1659 0.2415 0.1045 -0.0989 -0.3108 -0.3315 -0.2961 -0.0915 0.2245 0.0675 -0.2204 -0.3246 -0.3250 -0.2546 0.0655 0.1759 0.0019
0.1840 0.0140 -0.2725 -0.3270 -0.3218 -0.1948 0.0767 0.2327 -0.1130 -0.2996 -0.3324 -0.3068 -0.0697 0.1138 0.2342 -0.1809 -0.3128 -0.3325 -0.2885 0.0135 0.1641 0.1017 -0.2433 -0.3235 -0.3262 -0.2347 0.0617 0.2194 -0.0796 -0.2947 -0.3312 -0.3111 -0.0966 0.1073 0.2380 -0.1798 -0.3137 -0.3318 -0.2784 0.0363 0.2007 -0.0408 -0.2921 -0.3311 -0.3091 -0.0646 0.1241 0.1959 -0.2232 -0.3269 -0.3504 -0.3269 -0.2232 0.1959 0.1241 -0.0646 -0.3091 -0.3311 -0.2921 -0.0408 0.2007 0.0363 -0.2784 -0.3318 -0.3137 -0.1798 0.2380 0.1073 -0.0966 -0.3111 -0.3312 -0.2947 -0.0796 0.2194 0.0617 -0.2347 -0.3262 -0.3235 -0.2433 0.1017 0.1641 0.0135 -0.2885 -0.3325 -0.3128 -0.1809 0.2342 0.1138 -0.0697 -0.3068 -0.3324 -0.2996 -0.1130 0.2327 0.0767 -0.1948 -0.3218 -0.3270 -0.2725 0.0140 0.1840
-0.0238 -0.2864 -0.3287 -0.3186 -0.1655 0.0856 0.2391 -0.1317 -0.3030 -0.3330 -0.3027 -0.0441 0.1237 0.2189 -0.1956 -0.3157 -0.3316 -0.2806 0.0270 0.1819 0.0481 -0.2603 -0.3257 -0.3237 -0.2125 0.0706 0.2277 -0.1007 -0.2977 -0.3320 -0.3082 -0.0769 0.1128 0.2332 -0.1858 -0.3146 -0.3315 -0.2773 0.0363 0.1997 -0.0335 -0.2911 -0.3306 -0.3109 -0.0799 0.1176 0.2145 -0.2112 -0.3208 -0.3406 -0.3227 -0.3406 -0.3208 -0.2112 0.2145 0.1176 -0.0799 -0.3109 -0.3306 -0.2911 -0.0335 0.1997 0.0363 -0.2773 -0.3315 -0.3146 -0.1858 0.2332 0.1128 -0.0769 -0.3082 -0.3320 -0.2977 -0.1007 0.2277 0.0706 -0.2125 -0.3237 -0.3257 -0.2603 0.0481 0.1819 0.0270 -0.2806 -0.3316 -0.3157 -0.1956 0.2189 0.1237 -0.0441 -0.3027 -0.3330 -0.3030 -0.1317 0.2391 0.0856 -0.1655 -0.3186 -0.3287 -0.2864 -0.0238
-0.2332 -0.3305 -0.3151 -0.1339 0.0945 0.2426 -0.1486 -0.3063 -0.3332 -0.2987 -0.0223 0.1347 0.1933 -0.2104 -0.3184 -0.3303 -0.2698 0.0390 0.1969 -0.0008 -0.2783 -0.3276 -0.3208 -0.1856 0.0796 0.2351 -0.1197 -0.3008 -0.3327 -0.3048 -0.0554 0.1199 0.2236 -0.1943 -0.3159 -0.3311 -0.2741 0.0387 0.2007 -0.0335 -0.2907 -0.3304 -0.3120 -0.0910 0.1132 0.2251 -0.2018 -0.3189 -0.3279 -0.2334 0.0006 -0.2334 -0.3279 -0.3189 -0.2018 0.2251 0.1132 -0.0910 -0.3120 -0.3304 -0.2907 -0.0335 0.2007 0.0387 -0.2741 -0.3311 -0.3159 -0.1943 0.2236 0.1199 -0.0554 -0.3048 -0.3327 -0.3008 -0.1197 0.2351 0.0796 -0.1856 -0.3208 -0.3276 -0.2783 -0.0008 0.1969 0.0390 -0.2698 -0.3303 -0.3184 -0.2104 0.1933 0.1347 -0.0223 -0.2987 -0.3332 -0.3063 -0.1486 0.2426 0.0945 -0.1339 -0.3151 -0.3305 -0.2332
-0.2819 -0.3116 -0.1025 0.1034 0.2419 -0.1642 -0.3094 -0.3331 -0.2946 -0.0039 0.1473 0.1559 -0.2256 -0.3209 -0.3286 -0.2556 0.0498 0.2072 -0.0404 -0.2896 -0.3292 -0.3175 -0.1554 0.0885 0.2406 -0.1374 -0.3041 -0.3331 -0.3012 -0.0347 0.1287 0.2065 -0.2050 -0.3177 -0.3304 -0.2683 0.0432 0.2039 -0.0408 -0.2911 -0.3304 -0.3124 -0.0967 0.1105 0.2307 -0.1952 -0.3175 -0.3293 -0.2501 0.0605 0.1387 0.0605 -0.2501 -0.3293 -0.3175 -0.1952 0.2307 0.1105 -0.0967 -0.3124 -0.3304 -0.2911 -0.0408 0.2039 0.0432 -0.2683 -0.3304 -0.3177 -0.2050 0.2065 0.1287 -0.0347 -0.3012 -0.3331 -0.3041 -0.1374 0.2406 0.0885 -0.1554 -0.3175 -0.3292 -0.2896 -0.0404 0.2072 0.0498 -0.2556 -0.3286 -0.3209 -0.2256 0.1559 0.1473 -0.0039 -0.2946 -0.3331 -0.3094 -0.1642 0.2419 0.1034 -0.1025 -0.3116 -0.2819
-0.2779 -0.0712 0.1126 0.2354 -0.1792 -0.3125 -0.3326 -0.2893 0.0118 0.1622 0.1076 -0.2414 -0.3233 -0.3265 -0.2376 0.0599 0.2172 -0.0714 -0.2932 -0.3306 -0.3138 -0.1236 0.0974 0.2429 -0.1537 -0.3073 -0.3332 -0.2974 -0.0156 0.1391 0.1793 -0.2174 -0.3198 -0.3293 -0.2593 0.0492 0.2087 -0.0537 -0.2921 -0.3306 -0.3120 -0.0967 0.1096 0.2331 -0.1910 -0.3165 -0.3302 -0.2600 0.0553 0.2043 0.1711 0.2043 0.0553 -0.2600 -0.3302 -0.3165 -0.1910 0.2331 0.1096 -0.0967 -0.3120 -0.3306 -0.2921 -0.0537 0.2087 0.0492 -0.2593 -0.3293 -0.3198 -0.2174 0.1793 0.1391 -0.0156 -0.2974 -0.3332 -0.3073 -0.1537 0.2429 0.0974 -0.1236 -0.3138 -0.3306 -0.2932 -0.0714 0.2172 0.0599 -0.2376 -0.3265 -0.3233 -0.2414 0.1076 0.1622 0.0118 -0.2893 -0.3326 -0.3125 -0.1792 0.2354 0.1126 -0.0712 -0.2779
-0.0811 0.1238 0.2212 -0.1939 -0.3154 -0.3318 -0.2817 0.0255 0.1799 0.0541 -0.2583 -0.3254 -0.3240 -0.2153 0.0694 0.2263 -0.0963 -0.2968 -0.3317 -0.3100 -0.0924 0.1064 0.2405 -0.1691 -0.3104 -0.3330 -0.2931 0.0015 0.1520 0.1404 -0.2314 -0.3219 -0.3277 -0.2463 0.0564 0.2151 -0.0701 -0.2938 -0.3311 -0.3109 -0.0910 0.1105 0.2331 -0.1896 -0.3160 -0.3306 -0.2653 0.0502 0.2151 -0.0764 -0.2470 -0.0764 0.2151 0.0502 -0.2653 -0.3306 -0.3160 -0.1896 0.2331 0.1105 -0.0910 -0.3109 -0.3311 -0.2938 -0.0701 0.2151 0.0564 -0.2463 -0.3277 -0.3219 -0.2314 0.1404 0.1520 0.0015 -0.2931 -0.3330 -0.3104 -0.1691 0.2405 0.1064 -0.0924 -0.3100 -0.3317 -0.2968 -0.0963 0.2263 0.0694 -0.2153 -0.3240 -0.3254 -0.2583 0.0541 0.1799 0.0255 -0.2817 -0.3318 -0.3154 -0.1939 0.2212 0.1238 -0.0811
0.1280 0.1966 -0.2087 -0.3181 -0.3305 -0.2712 0.0377 0.1953 0.0043 -0.2765 -0.3274 -0.3211 -0.1888 0.0786 0.2342 -0.1172 -0.3003 -0.3326 -0.3059 -0.0640 0.1158 0.2318 -0.1840 -0.3134 -0.3324 -0.2871 0.0165 0.1676 0.0904 -0.2469 -0.3240 -0.3256 -0.2289 0.0644 0.2224 -0.0884 -0.2961 -0.3316 -0.3091 -0.0799 0.1132 0.2307 -0.1910 -0.3160 -0.3307 -0.2679 0.0471 0.2111 -0.0740 -0.2965 -0.3277 -0.2965 -0.0740 0.2111 0.0471 -0.2679 -0.3307 -0.3160 -0.1910 0.2307 0.1132 -0.0799 -0.3091 -0.3316 -0.2961 -0.0884 0.2224 0.0644 -0.2289 -0.3256 -0.3240 -0.2469 0.0904 0.1676 0.0165 -0.2871 -0.3324 -0.3134 -0.1840 0.2318 0.1158 -0.0640 -0.3059 -0.3326 -0.3003 -0.1172 0.2342 0.0786 -0.1888 -0.3211 -0.3274 -0.2765 0.0043 0.1953 0.0377 -0.2712 -0.3305 -0.3181 -0.2087 0.1966 0.1280
0.1485 -0.2237 -0.3206 -0.3289 -0.2574 0.0487 0.2061 -0.0364 -0.2886 -0.3290 -0.3179 -0.1590 0.0875 0.2401 -0.1354 -0.3037 -0.3331 -0.3018 -0.0392 0.1260 0.2144 -0.1987 -0.3163 -0.3314 -0.2786 0.0296 0.1850 0.0372 -0.2640 -0.3261 -0.3231 -0.2066 0.0729 0.2298 -0.1067 -0.2988 -0.3323 -0.3066 -0.0646 0.1176 0.2251 -0.1952 -0.3165 -0.3306 -0.2679 0.0460 0.2091 -0.0651 -0.2949 -0.3391 -0.3520 -0.3391 -0.2949 -0.0651 0.2091 0.0460 -0.2679 -0.3306 -0.3165 -0.1952 0.2251 0.1176 -0.0646 -0.3066 -0.3323 -0.2988 -0.1067 0.2298 0.0729 -0.2066 -0.3231 -0.3261 -0.2640 0.0372 0.1850 0.0296 -0.2786 -0.3314 -0.3163 -0.1987 0.2144 0.1260 -0.0392 -0.3018 -0.3331 -0.3037 -0.1354 0.2401 0.0875 -0.1590 -0.3179 -0.3290 -0.2886 -0.0364 0.2061 0.0487 -0.2574 -0.3289 -0.3206 -0.2237 0.1485
-0.1969 -0.3233 -0.3267 -0.2398 0.0588 0.2161 -0.0682 -0.2928 -0.3305 -0.3143 -0.1272 0.0963 0.2428 -0.1519 -0.3069 -0.3332 -0.2979 -0.0182 0.1372 0.1864 -0.2135 -0.3189 -0.3300 -0.2671 0.0413 0.1991 -0.0099 -0.2807 -0.3279 -0.3201 -0.1795 0.0815 0.2365 -0.1242 -0.3017 -0.3328 -0.3035 -0.0466 0.1241 0.2145 -0.2018 -0.3175 -0.3302 -0.2653 0.0471 0.2091 -0.0621 -0.2940 -0.3313 -0.3213 -0.2352 -0.3213 -0.3313 -0.2940 -0.0621 0.2091 0.0471 -0.2653 -0.3302 -0.3175 -0.2018 0.2145 0.1241 -0.0466 -0.3035 -0.3328 -0.3017 -0.1242 0.2365 0.0815 -0.1795 -0.3201 -0.3279 -0.2807 -0.0099 0.1991 0.0413 -0.2671 -0.3300 -0.3189 -0.2135 0.1864 0.1372 -0.0182 -0.2979 -0.3332 -0.3069 -0.1519 0.2428 0.0963 -0.1272 -0.3143 -0.3305 -0.2928 -0.0682 0.2161 0.0588 -0.2398 -0.3267 -0.3233 -0.1969
-0.2726 -0.3245 -0.2179 0.0684 0.2254 -0.0938 -0.2964 -0.3315 -0.3103 -0.0958 0.1054 0.2410 -0.1675 -0.3101 -0.3329 -0.2936 -0.0003 0.1504 0.1463 -0.2289 -0.3214 -0.3281 -0.2521 0.0521 0.2094 -0.0477 -0.2904 -0.3295 -0.3166 -0.1487 0.0904 0.2414 -0.1411 -0.3048 -0.3330 -0.3000 -0.0282 0.1326 0.1959 -0.2112 -0.3189 -0.3293 -0.2600 0.0502 0.2111 -0.0651 -0.2940 -0.3312 -0.3081 -0.0629 0.0645 -0.0629 -0.3081 -0.3312 -0.2940 -0.0651 0.2111 0.0502 -0.2600 -0.3293 -0.3189 -0.2112 0.1959 0.1326 -0.0282 -0.3000 -0.3330 -0.3048 -0.1411 0.2414 0.0904 -0.1487 -0.3166 -0.3295 -0.2904 -0.0477 0.2094 0.0521 -0.2521 -0.3281 -0.3214 -0.2289 0.1463 0.1504 -0.0003 -0.2936 -0.3329 -0.3101 -0.1675 0.2410 0.1054 -0.0958 -0.3103 -0.3315 -0.2964 -0.0938 0.2254 0.0684 -0.2179 -0.3245 -0.2726
-0.2856 -0.1890 0.0777 0.2336 -0.1156 -0.3001 -0.3323 -0.3060 -0.0654 0.1146 0.2327 -0.1827 -0.3132 -0.3322 -0.2874 0.0156 0.1646 0.0946 -0.2453 -0.3238 -0.3256 -0.2319 0.0623 0.2194 -0.0779 -0.2942 -0.3308 -0.3126 -0.1150 0.0993 0.2427 -0.1575 -0.3081 -0.3329 -0.2961 -0.0097 0.1423 0.1657 -0.2232 -0.3208 -0.3279 -0.2501 0.0553 0.2151 -0.0740 -0.2949 -0.3313 -0.3081 -0.0678 0.1140 0.2101 0.1140 -0.0678 -0.3081 -0.3313 -0.2949 -0.0740 0.2151 0.0553 -0.2501 -0.3279 -0.3208 -0.2232 0.1657 0.1423 -0.0097 -0.2961 -0.3329 -0.3081 -0.1575 0.2427 0.0993 -0.1150 -0.3126 -0.3308 -0.2942 -0.0779 0.2194 0.0623 -0.2319 -0.3256 -0.3238 -0.2453 0.0946 0.1646 0.0156 -0.2874 -0.3322 -0.3132 -0.1827 0.2327 0.1146 -0.0654 -0.3060 -0.3323 -0.3001 -0.1156 0.2336 0.0777 -0.1890 -0.2856
-0.1855 0.0856 0.2334 -0.1276 -0.3044 -0.3421 -0.3138 -0.0380 0.1183 0.2256 -0.1933 -0.3188 -0.3438 -0.2798 0.0290 0.1639 0.0639 -0.2588 -0.3310 -0.3381 -0.2042 0.0702 0.2146 -0.0930 -0.2981 -0.3398 -0.3231 -0.0807 0.1040 0.2426 -0.1680 -0.3132 -0.3439 -0.2967 0.0070 0.1434 0.1462 -0.2330 -0.3269 -0.3406 -0.2334 0.0605 0.2043 -0.0764 -0.2965 -0.3391 -0.3213 -0.0629 0.1140 0.2322 -0.0953 0.2322 0.1140 -0.0629 -0.3213 -0.3391 -0.2965 -0.0764 0.2043 0.0605 -0.2334 -0.3406 -0.3269 -0.2330 0.1462 0.1434 0.0070 -0.2967 -0.3439 -0.3132 -0.1680 0.2426 0.1040 -0.0807 -0.3231 -0.3398 -0.2981 -0.0930 0.2146 0.0702 -0.2042 -0.3381 -0.3310 -0.2588 0.0639 0.1639 0.0290 -0.2798 -0.3438 -0.3188 -0.1933 0.2256 0.1183 -0.0380 -0.3138 -0.3421 -0.3044 -0.1276 0.2334 0.0856 -0.1855
0.0258 0.1735 0.0436 -0.2752 -0.3350 -0.3507 -0.1892 0.0736 0.2160 -0.1089 -0.2990 -0.3458 -0.3382 -0.0568 0.1090 0.2303 -0.1988 -0.3151 -0.3524 -0.3108 0.0183 0.1512 0.1320 -0.2562 -0.3297 -0.3528 -0.2385 0.0598 0.2007 -0.0610 -0.2922 -0.3418 -0.3447 -0.1062 0.0944 0.2313 -0.1654 -0.3092 -0.3504 -0.3227 0.0006 0.1387 0.1711 -0.2470 -0.3277 -0.3520 -0.2352 0.0645 0.2101 -0.0953 -0.2700 -0.0953 0.2101 0.0645 -0.2352 -0.3520 -0.3277 -0.2470 0.1711 0.1387 0.0006 -0.3227 -0.3504 -0.3092 -0.1654 0.2313 0.0944 -0.1062 -0.3447 -0.3418 -0.2922 -0.0610 0.2007 0.0598 -0.2385 -0.3528 -0.3297 -0.2562 0.1320 0.1512 0.0183 -0.3108 -0.3524 -0.3151 -0.1988 0.2303 0.1090 -0.0568 -0.3382 -0.3458 -0.2990 -0.1089 0.2160 0.0736 -0.1892 -0.3507 -0.3350 -0.2752 0.0436 0.1735 0.0258
