0.2146 -0.1497 -0.2588 -0.2887 -0.2557 0.0408 0.2123 -0.0955 -0.2447 -0.2865 -0.2715 -0.0160 0.1678 0.0166 -0.2263 -0.2797 -0.2803 -0.1103 0.1162 0.1841 -0.1863 -0.2696 -0.2870 -0.2108 0.0764 0.2299 -0.1438 -0.2570 -0.2888 -0.2600 0.0336 0.2071 -0.0840 -0.2424 -0.2857 -0.2727 -0.0274 0.1582 0.0433 -0.2201 -0.2784 -0.2816 -0.1274 0.1099 0.1992 -0.1802 -0.2678 -0.2875 -0.2208 0.0677 0.1599 0.0677 -0.2208 -0.2875 -0.2678 -0.1802 0.1992 0.1099 -0.1274 -0.2816 -0.2784 -0.2201 0.0433 0.1582 -0.0274 -0.2727 -0.2857 -0.2424 -0.0840 0.2071 0.0336 -0.2600 -0.2888 -0.2570 -0.1438 0.2299 0.0764 -0.2108 -0.2870 -0.2696 -0.1863 0.1841 0.1162 -0.1103 -0.2803 -0.2797 -0.2263 0.0166 0.1678 -0.0160 -0.2715 -0.2865 -0.2447 -0.0955 0.2123 0.0408 -0.2557 -0.2887 -0.2588 -0.1497 0.2146
-0.1497 -0.3129 -0.3312 -0.2744 0.0468 0.2129 -0.0858 -0.2990 -0.3332 -0.3001 -0.0068 0.1585 0.0675 -0.2716 -0.3290 -0.3156 -0.1021 0.1137 0.2218 -0.2080 -0.3208 -0.3273 -0.2184 0.0785 0.2393 -0.1495 -0.3099 -0.3329 -0.2813 0.0396 0.2066 -0.0699 -0.2969 -0.3329 -0.3025 -0.0179 0.1500 0.0992 -0.2609 -0.3279 -0.3177 -0.1208 0.1082 0.2311 -0.1992 -0.3194 -0.3285 -0.2316 0.0735 0.2266 0.0741 0.2266 0.0735 -0.2316 -0.3285 -0.3194 -0.1992 0.2311 0.1082 -0.1208 -0.3177 -0.3279 -0.2609 0.0992 0.1500 -0.0179 -0.3025 -0.3329 -0.2969 -0.0699 0.2066 0.0396 -0.2813 -0.3329 -0.3099 -0.1495 0.2393 0.0785 -0.2184 -0.3273 -0.3208 -0.2080 0.2218 0.1137 -0.1021 -0.3156 -0.3290 -0.2716 0.0675 0.1585 -0.0068 -0.3001 -0.3332 -0.2990 -0.0858 0.2129 0.0468 -0.2744 -0.3312 -0.3129 -0.1497
-0.2588 -0.3312 -0.2784 0.0383 0.2049 -0.0619 -0.2954 -0.3321 -0.3035 -0.0272 0.1440 0.1209 -0.2539 -0.3269 -0.3187 -0.1355 0.1030 0.2359 -0.1933 -0.3180 -0.3289 -0.2407 0.0679 0.2331 -0.1327 -0.3064 -0.3331 -0.2889 0.0261 0.1962 -0.0383 -0.2930 -0.3317 -0.3062 -0.0406 0.1365 0.1492 -0.2439 -0.3257 -0.3206 -0.1543 0.0976 0.2403 -0.1846 -0.3164 -0.3299 -0.2515 0.0624 0.2288 -0.1155 -0.2685 -0.1155 0.2288 0.0624 -0.2515 -0.3299 -0.3164 -0.1846 0.2403 0.0976 -0.1543 -0.3206 -0.3257 -0.2439 0.1492 0.1365 -0.0406 -0.3062 -0.3317 -0.2930 -0.0383 0.1962 0.0261 -0.2889 -0.3331 -0.3064 -0.1327 0.2331 0.0679 -0.2407 -0.3289 -0.3180 -0.1933 0.2359 0.1030 -0.1355 -0.3187 -0.3269 -0.2539 0.1209 0.1440 -0.0272 -0.3035 -0.3321 -0.2954 -0.0619 0.2049 0.0383 -0.2784 -0.3312 -0.2588
-0.2887 -0.2744 0.0383 0.2016 -0.0445 -0.2928 -0.3312 -0.3071 -0.0484 0.1323 0.1657 -0.2374 -0.3249 -0.3219 -0.1668 0.0941 0.2420 -0.1786 -0.3152 -0.3306 -0.2581 0.0584 0.2250 -0.1142 -0.3032 -0.3332 -0.2943 0.0127 0.1810 0.0017 -0.2893 -0.3305 -0.3102 -0.0654 0.1254 0.1883 -0.2280 -0.3236 -0.3236 -0.1844 0.0889 0.2429 -0.1698 -0.3135 -0.3314 -0.2666 0.0525 0.2196 -0.1026 -0.3021 -0.3330 -0.3021 -0.1026 0.2196 0.0525 -0.2666 -0.3314 -0.3135 -0.1698 0.2429 0.0889 -0.1844 -0.3236 -0.3236 -0.2280 0.1883 0.1254 -0.0654 -0.3102 -0.3305 -0.2893 0.0017 0.1810 0.0127 -0.2943 -0.3332 -0.3032 -0.1142 0.2250 0.0584 -0.2581 -0.3306 -0.3152 -0.1786 0.2420 0.0941 -0.1668 -0.3219 -0.3249 -0.2374 0.1657 0.1323 -0.0484 -0.3071 -0.3312 -0.2928 -0.0445 0.2016 0.0383 -0.2744 -0.2887
-0.2557 0.0468 0.2049 -0.0445 -0.2918 -0.3306 -0.3096 -0.0690 0.1230 0.1978 -0.2225 -0.3227 -0.3246 -0.1957 0.0852 0.2425 -0.1636 -0.3123 -0.3318 -0.2717 0.0482 0.2157 -0.0928 -0.2998 -0.3330 -0.2985 -0.0030 0.1631 0.0511 -0.2776 -0.3291 -0.3141 -0.0941 0.1153 0.2157 -0.2127 -0.3213 -0.3262 -0.2115 0.0800 0.2407 -0.1544 -0.3106 -0.3324 -0.2782 0.0418 0.2098 -0.0783 -0.2979 -0.3413 -0.3517 -0.3413 -0.2979 -0.0783 0.2098 0.0418 -0.2782 -0.3324 -0.3106 -0.1544 0.2407 0.0800 -0.2115 -0.3262 -0.3213 -0.2127 0.2157 0.1153 -0.0941 -0.3141 -0.3291 -0.2776 0.0511 0.1631 -0.0030 -0.2985 -0.3330 -0.2998 -0.0928 0.2157 0.0482 -0.2717 -0.3318 -0.3123 -0.1636 0.2425 0.0852 -0.1957 -0.3246 -0.3227 -0.2225 0.1978 0.1230 -0.0690 -0.3096 -0.3306 -0.2918 -0.0445 0.2049 0.0468 -0.2557
0.0408 0.2129 -0.0619 -0.2928 -0.3306 -0.3105 -0.0823 0.1167 0.2167 -0.2099 -0.3206 -0.3268 -0.2203 0.0765 0.2389 -0.1479 -0.3093 -0.3326 -0.2820 0.0372 0.2056 -0.0670 -0.2963 -0.3324 -0.3025 -0.0212 0.1481 0.1047 -0.2593 -0.3275 -0.3177 -0.1254 0.1059 0.2325 -0.1978 -0.3188 -0.3283 -0.2344 0.0709 0.2353 -0.1381 -0.3074 -0.3330 -0.2868 0.0301 0.1995 -0.0489 -0.2942 -0.3319 -0.3176 -0.2091 -0.3176 -0.3319 -0.2942 -0.0489 0.1995 0.0301 -0.2868 -0.3330 -0.3074 -0.1381 0.2353 0.0709 -0.2344 -0.3283 -0.3188 -0.1978 0.2325 0.1059 -0.1254 -0.3177 -0.3275 -0.2593 0.1047 0.1481 -0.0212 -0.3025 -0.3324 -0.2963 -0.0670 0.2056 0.0372 -0.2820 -0.3326 -0.3093 -0.1479 0.2389 0.0765 -0.2203 -0.3268 -0.3206 -0.2099 0.2167 0.1167 -0.0823 -0.3105 -0.3306 -0.2928 -0.0619 0.2129 0.0408
0.2123 -0.0858 -0.2954 -0.3312 -0.3096 -0.0823 0.1145 0.2249 -0.2012 -0.3187 -0.3283 -0.2391 0.0681 0.2329 -0.1315 -0.3062 -0.3331 -0.2895 0.0250 0.1946 -0.0348 -0.2927 -0.3316 -0.3066 -0.0428 0.1354 0.1535 -0.2423 -0.3255 -0.3209 -0.1572 0.0968 0.2408 -0.1831 -0.3161 -0.3301 -0.2531 0.0614 0.2277 -0.1202 -0.3042 -0.3332 -0.2929 0.0171 0.1856 -0.0117 -0.2905 -0.3308 -0.3085 -0.0529 0.0684 -0.0529 -0.3085 -0.3308 -0.2905 -0.0117 0.1856 0.0171 -0.2929 -0.3332 -0.3042 -0.1202 0.2277 0.0614 -0.2531 -0.3301 -0.3161 -0.1831 0.2408 0.0968 -0.1572 -0.3209 -0.3255 -0.2423 0.1535 0.1354 -0.0428 -0.3066 -0.3316 -0.2927 -0.0348 0.1946 0.0250 -0.2895 -0.3331 -0.3062 -0.1315 0.2329 0.0681 -0.2391 -0.3283 -0.3187 -0.2012 0.2249 0.1145 -0.0823 -0.3096 -0.3312 -0.2954 -0.0858 0.2123
-0.0955 -0.2990 -0.3321 -0.3071 -0.0690 0.1167 0.2249 -0.1981 -0.3176 -0.3292 -0.2518 0.0607 0.2261 -0.1150 -0.3031 -0.3332 -0.2947 0.0113 0.1792 0.0062 -0.2881 -0.3304 -0.3106 -0.0681 0.1243 0.1915 -0.2264 -0.3234 -0.3239 -0.1872 0.0880 0.2429 -0.1683 -0.3132 -0.3315 -0.2679 0.0515 0.2186 -0.0998 -0.3008 -0.3331 -0.2973 0.0021 0.1683 0.0350 -0.2812 -0.3296 -0.3128 -0.0832 0.1128 0.2104 0.1128 -0.0832 -0.3128 -0.3296 -0.2812 0.0350 0.1683 0.0021 -0.2973 -0.3331 -0.3008 -0.0998 0.2186 0.0515 -0.2679 -0.3315 -0.3132 -0.1683 0.2429 0.0880 -0.1872 -0.3239 -0.3234 -0.2264 0.1915 0.1243 -0.0681 -0.3106 -0.3304 -0.2881 0.0062 0.1792 0.0113 -0.2947 -0.3332 -0.3031 -0.1150 0.2261 0.0607 -0.2518 -0.3292 -0.3176 -0.1981 0.2249 0.1167 -0.0690 -0.3071 -0.3321 -0.2990 -0.0955
-0.2447 -0.3332 -0.3035 -0.0484 0.1230 0.2167 -0.2012 -0.3176 -0.3295 -0.2580 0.0554 0.2201 -0.0994 -0.3003 -0.3329 -0.2984 -0.0037 0.1620 0.0556 -0.2758 -0.3290 -0.3144 -0.0971 0.1143 0.2178 -0.2112 -0.3211 -0.3264 -0.2139 0.0791 0.2403 -0.1528 -0.3102 -0.3324 -0.2792 0.0407 0.2088 -0.0756 -0.2974 -0.3326 -0.3012 -0.0152 0.1525 0.0882 -0.2648 -0.3280 -0.3166 -0.1155 0.1086 0.2346 -0.0924 0.2346 0.1086 -0.1155 -0.3166 -0.3280 -0.2648 0.0882 0.1525 -0.0152 -0.3012 -0.3326 -0.2974 -0.0756 0.2088 0.0407 -0.2792 -0.3324 -0.3102 -0.1528 0.2403 0.0791 -0.2139 -0.3264 -0.3211 -0.2112 0.2178 0.1143 -0.0971 -0.3144 -0.3290 -0.2758 0.0556 0.1620 -0.0037 -0.2984 -0.3329 -0.3003 -0.0994 0.2201 0.0554 -0.2580 -0.3295 -0.3176 -0.2012 0.2167 0.1230 -0.0484 -0.3035 -0.3332 -0.2447
-0.2865 -0.3001 -0.0272 0.1323 0.1978 -0.2099 -0.3187 -0.3292 -0.2580 0.0535 0.2166 -0.0875 -0.2981 -0.3325 -0.3015 -0.0194 0.1485 0.1058 -0.2583 -0.3273 -0.3180 -0.1286 0.1050 0.2336 -0.1964 -0.3185 -0.3285 -0.2364 0.0700 0.2346 -0.1364 -0.3071 -0.3330 -0.2875 0.0289 0.1985 -0.0457 -0.2938 -0.3319 -0.3053 -0.0357 0.1391 0.1393 -0.2475 -0.3262 -0.3200 -0.1474 0.0997 0.2387 -0.1838 -0.2965 -0.1838 0.2387 0.0997 -0.1474 -0.3200 -0.3262 -0.2475 0.1393 0.1391 -0.0357 -0.3053 -0.3319 -0.2938 -0.0457 0.1985 0.0289 -0.2875 -0.3330 -0.3071 -0.1364 0.2346 0.0700 -0.2364 -0.3285 -0.3185 -0.1964 0.2336 0.1050 -0.1286 -0.3180 -0.3273 -0.2583 0.1058 0.1485 -0.0194 -0.3015 -0.3325 -0.2981 -0.0875 0.2166 0.0535 -0.2580 -0.3292 -0.3187 -0.2099 0.1978 0.1323 -0.0272 -0.3001 -0.2865
-0.2715 -0.0068 0.1440 0.1657 -0.2225 -0.3206 -0.3283 -0.2518 0.0554 0.2166 -0.0830 -0.2969 -0.3321 -0.3039 -0.0340 0.1383 0.1476 -0.2431 -0.3255 -0.3210 -0.1597 0.0960 0.2413 -0.1817 -0.3158 -0.3303 -0.2547 0.0605 0.2268 -0.1183 -0.3039 -0.3332 -0.2934 0.0157 0.1841 -0.0075 -0.2902 -0.3308 -0.3094 -0.0599 0.1276 0.1810 -0.2313 -0.3241 -0.3230 -0.1782 0.0907 0.2428 -0.1733 -0.3167 -0.3443 -0.3167 -0.1733 0.2428 0.0907 -0.1782 -0.3230 -0.3241 -0.2313 0.1810 0.1276 -0.0599 -0.3094 -0.3308 -0.2902 -0.0075 0.1841 0.0157 -0.2934 -0.3332 -0.3039 -0.1183 0.2268 0.0605 -0.2547 -0.3303 -0.3158 -0.1817 0.2413 0.0960 -0.1597 -0.3210 -0.3255 -0.2431 0.1476 0.1383 -0.0340 -0.3039 -0.3321 -0.2969 -0.0830 0.2166 0.0554 -0.2518 -0.3283 -0.3206 -0.2225 0.1657 0.1440 -0.0068 -0.2715
-0.0160 0.1585 0.1209 -0.2374 -0.3227 -0.3268 -0.2391 0.0607 0.2201 -0.0875 -0.2969 -0.3319 -0.3052 -0.0451 0.1312 0.1765 -0.2307 -0.3237 -0.3235 -0.1871 0.0876 0.2428 -0.1670 -0.3130 -0.3316 -0.2691 0.0504 0.2177 -0.0976 -0.3005 -0.3331 -0.2977 0.0005 0.1667 0.0401 -0.2801 -0.3294 -0.3133 -0.0878 0.1173 0.2108 -0.2159 -0.3218 -0.3257 -0.2061 0.0818 0.2415 -0.1577 -0.3113 -0.3440 -0.3409 -0.3440 -0.3113 -0.1577 0.2415 0.0818 -0.2061 -0.3257 -0.3218 -0.2159 0.2108 0.1173 -0.0878 -0.3133 -0.3294 -0.2801 0.0401 0.1667 0.0005 -0.2977 -0.3331 -0.3005 -0.0976 0.2177 0.0504 -0.2691 -0.3316 -0.3130 -0.1670 0.2428 0.0876 -0.1871 -0.3235 -0.3237 -0.2307 0.1765 0.1312 -0.0451 -0.3052 -0.3319 -0.2969 -0.0875 0.2201 0.0607 -0.2391 -0.3268 -0.3227 -0.2374 0.1209 0.1585 -0.0160
0.1678 0.0675 -0.2539 -0.3249 -0.3246 -0.2203 0.0681 0.2261 -0.0994 -0.2981 -0.3321 -0.3052 -0.0494 0.1277 0.1926 -0.2216 -0.3221 -0.3254 -0.2093 0.0799 0.2404 -0.1524 -0.3101 -0.3325 -0.2800 0.0396 0.2078 -0.0729 -0.2970 -0.3326 -0.3016 -0.0171 0.1511 0.0935 -0.2630 -0.3278 -0.3169 -0.1187 0.1078 0.2297 -0.2010 -0.3193 -0.3279 -0.2299 0.0728 0.2367 -0.1416 -0.3081 -0.3326 -0.2870 -0.0742 -0.2870 -0.3326 -0.3081 -0.1416 0.2367 0.0728 -0.2299 -0.3279 -0.3193 -0.2010 0.2297 0.1078 -0.1187 -0.3169 -0.3278 -0.2630 0.0935 0.1511 -0.0171 -0.3016 -0.3326 -0.2970 -0.0729 0.2078 0.0396 -0.2800 -0.3325 -0.3101 -0.1524 0.2404 0.0799 -0.2093 -0.3254 -0.3221 -0.2216 0.1926 0.1277 -0.0494 -0.3052 -0.3321 -0.2981 -0.0994 0.2261 0.0681 -0.2203 -0.3246 -0.3249 -0.2539 0.0675 0.1678
0.0166 -0.2716 -0.3269 -0.3219 -0.1957 0.0765 0.2329 -0.1150 -0.3003 -0.3325 -0.3039 -0.0451 0.1277 0.1975 -0.2168 -0.3210 -0.3267 -0.2254 0.0731 0.2360 -0.1383 -0.3072 -0.3330 -0.2878 0.0279 0.1975 -0.0423 -0.2934 -0.3318 -0.3057 -0.0379 0.1379 0.1440 -0.2458 -0.3260 -0.3203 -0.1506 0.0987 0.2396 -0.1863 -0.3167 -0.3298 -0.2495 0.0635 0.2294 -0.1241 -0.3049 -0.3331 -0.2914 0.0211 0.1033 0.0211 -0.2914 -0.3331 -0.3049 -0.1241 0.2294 0.0635 -0.2495 -0.3298 -0.3167 -0.1863 0.2396 0.0987 -0.1506 -0.3203 -0.3260 -0.2458 0.1440 0.1379 -0.0379 -0.3057 -0.3318 -0.2934 -0.0423 0.1975 0.0279 -0.2878 -0.3330 -0.3072 -0.1383 0.2360 0.0731 -0.2254 -0.3267 -0.3210 -0.2168 0.1975 0.1277 -0.0451 -0.3039 -0.3325 -0.3003 -0.1150 0.2329 0.0765 -0.1957 -0.3219 -0.3269 -0.2716 0.0166
-0.2263 -0.3290 -0.3187 -0.1668 0.0852 0.2389 -0.1315 -0.3031 -0.3329 -0.3015 -0.0340 0.1312 0.1926 -0.2168 -0.3206 -0.3274 -0.2351 0.0679 0.2313 -0.1253 -0.3046 -0.3331 -0.2931 0.0156 0.1837 -0.0045 -0.2898 -0.3307 -0.3097 -0.0625 0.1266 0.1845 -0.2297 -0.3239 -0.3233 -0.1811 0.0898 0.2429 -0.1714 -0.3139 -0.3312 -0.2651 0.0536 0.2206 -0.1043 -0.3015 -0.3332 -0.2964 0.0063 0.1554 0.2322 0.1554 0.0063 -0.2964 -0.3332 -0.3015 -0.1043 0.2206 0.0536 -0.2651 -0.3312 -0.3139 -0.1714 0.2429 0.0898 -0.1811 -0.3233 -0.3239 -0.2297 0.1845 0.1266 -0.0625 -0.3097 -0.3307 -0.2898 -0.0045 0.1837 0.0156 -0.2931 -0.3331 -0.3046 -0.1253 0.2313 0.0679 -0.2351 -0.3274 -0.3206 -0.2168 0.1926 0.1312 -0.0340 -0.3015 -0.3329 -0.3031 -0.1315 0.2389 0.0852 -0.1668 -0.3187 -0.3290 -0.2263
-0.2797 -0.3156 -0.1355 0.0941 0.2425 -0.1479 -0.3062 -0.3332 -0.2984 -0.0194 0.1383 0.1765 -0.2216 -0.3210 -0.3274 -0.2383 0.0651 0.2279 -0.1149 -0.3024 -0.3330 -0.2965 0.0031 0.1680 0.0394 -0.2801 -0.3293 -0.3135 -0.0906 0.1164 0.2132 -0.2144 -0.3216 -0.3259 -0.2086 0.0810 0.2412 -0.1562 -0.3109 -0.3323 -0.2770 0.0431 0.2109 -0.0811 -0.2981 -0.3328 -0.3004 -0.0113 0.1548 0.0983 -0.1854 0.0983 0.1548 -0.0113 -0.3004 -0.3328 -0.2981 -0.0811 0.2109 0.0431 -0.2770 -0.3323 -0.3109 -0.1562 0.2412 0.0810 -0.2086 -0.3259 -0.3216 -0.2144 0.2132 0.1164 -0.0906 -0.3135 -0.3293 -0.2801 0.0394 0.1680 0.0031 -0.2965 -0.3330 -0.3024 -0.1149 0.2279 0.0651 -0.2383 -0.3274 -0.3210 -0.2216 0.1765 0.1383 -0.0194 -0.2984 -0.3332 -0.3062 -0.1479 0.2425 0.0941 -0.1355 -0.3156 -0.2797
-0.2803 -0.1021 0.1030 0.2420 -0.1636 -0.3093 -0.3331 -0.2947 -0.0037 0.1485 0.1476 -0.2307 -0.3221 -0.3267 -0.2351 0.0651 0.2266 -0.1091 -0.3010 -0.3329 -0.2989 -0.0091 0.1553 0.0841 -0.2646 -0.3278 -0.3169 -0.1203 0.1071 0.2309 -0.1995 -0.3191 -0.3281 -0.2320 0.0719 0.2360 -0.1400 -0.3078 -0.3329 -0.2859 0.0315 0.2007 -0.0526 -0.2946 -0.3321 -0.3044 -0.0311 0.1418 0.1274 -0.2477 -0.3127 -0.2477 0.1274 0.1418 -0.0311 -0.3044 -0.3321 -0.2946 -0.0526 0.2007 0.0315 -0.2859 -0.3329 -0.3078 -0.1400 0.2360 0.0719 -0.2320 -0.3281 -0.3191 -0.1995 0.2309 0.1071 -0.1203 -0.3169 -0.3278 -0.2646 0.0841 0.1553 -0.0091 -0.2989 -0.3329 -0.3010 -0.1091 0.2266 0.0651 -0.2351 -0.3267 -0.3221 -0.2307 0.1476 0.1485 -0.0037 -0.2947 -0.3331 -0.3093 -0.1636 0.2420 0.1030 -0.1021 -0.2803
-0.1103 0.1137 0.2359 -0.1786 -0.3123 -0.3326 -0.2895 0.0113 0.1620 0.1058 -0.2431 -0.3237 -0.3254 -0.2254 0.0679 0.2279 -0.1091 -0.3006 -0.3328 -0.3005 -0.0190 0.1464 0.1213 -0.2511 -0.3263 -0.3198 -0.1491 0.0986 0.2400 -0.1851 -0.3164 -0.3299 -0.2512 0.0625 0.2286 -0.1223 -0.3046 -0.3332 -0.2923 0.0186 0.1873 -0.0164 -0.2909 -0.3311 -0.3085 -0.0544 0.1299 0.1730 -0.2350 -0.3293 -0.3517 -0.3293 -0.2350 0.1730 0.1299 -0.0544 -0.3085 -0.3311 -0.2909 -0.0164 0.1873 0.0186 -0.2923 -0.3332 -0.3046 -0.1223 0.2286 0.0625 -0.2512 -0.3299 -0.3164 -0.1851 0.2400 0.0986 -0.1491 -0.3198 -0.3263 -0.2511 0.1213 0.1464 -0.0190 -0.3005 -0.3328 -0.3006 -0.1091 0.2279 0.0679 -0.2254 -0.3254 -0.3237 -0.2431 0.1058 0.1620 0.0113 -0.2895 -0.3326 -0.3123 -0.1786 0.2359 0.1137 -0.1103
0.1162 0.2218 -0.1933 -0.3152 -0.3318 -0.2820 0.0250 0.1792 0.0556 -0.2583 -0.3255 -0.3235 -0.2093 0.0731 0.2313 -0.1149 -0.3010 -0.3328 -0.3010 -0.0243 0.1411 0.1462 -0.2409 -0.3249 -0.3222 -0.1746 0.0910 0.2428 -0.1714 -0.3137 -0.3313 -0.2662 0.0527 0.2197 -0.1022 -0.3012 -0.3331 -0.2968 0.0039 0.1703 0.0293 -0.2825 -0.3298 -0.3125 -0.0816 0.1194 0.2055 -0.2191 -0.3223 -0.3396 -0.3168 -0.3396 -0.3223 -0.2191 0.2055 0.1194 -0.0816 -0.3125 -0.3298 -0.2825 0.0293 0.1703 0.0039 -0.2968 -0.3331 -0.3012 -0.1022 0.2197 0.0527 -0.2662 -0.3313 -0.3137 -0.1714 0.2428 0.0910 -0.1746 -0.3222 -0.3249 -0.2409 0.1462 0.1411 -0.0243 -0.3010 -0.3328 -0.3010 -0.1149 0.2313 0.0731 -0.2093 -0.3235 -0.3255 -0.2583 0.0556 0.1792 0.0250 -0.2820 -0.3318 -0.3152 -0.1933 0.2218 0.1162
0.1841 -0.2080 -0.3180 -0.3306 -0.2717 0.0372 0.1946 0.0062 -0.2758 -0.3273 -0.3210 -0.1871 0.0799 0.2360 -0.1253 -0.3024 -0.3329 -0.3005 -0.0243 0.1394 0.1581 -0.2345 -0.3238 -0.3238 -0.1946 0.0843 0.2419 -0.1584 -0.3111 -0.3322 -0.2774 0.0423 0.2101 -0.0787 -0.2978 -0.3327 -0.3008 -0.0131 0.1541 0.0821 -0.2668 -0.3282 -0.3162 -0.1120 0.1098 0.2265 -0.2041 -0.3198 -0.3271 -0.2199 0.0100 -0.2199 -0.3271 -0.3198 -0.2041 0.2265 0.1098 -0.1120 -0.3162 -0.3282 -0.2668 0.0821 0.1541 -0.0131 -0.3008 -0.3327 -0.2978 -0.0787 0.2101 0.0423 -0.2774 -0.3322 -0.3111 -0.1584 0.2419 0.0843 -0.1946 -0.3238 -0.3238 -0.2345 0.1581 0.1394 -0.0243 -0.3005 -0.3329 -0.3024 -0.1253 0.2360 0.0799 -0.1871 -0.3210 -0.3273 -0.2758 0.0062 0.1946 0.0372 -0.2717 -0.3306 -0.3180 -0.2080 0.1841
-0.1863 -0.3208 -0.3289 -0.2581 0.0482 0.2056 -0.0348 -0.2881 -0.3290 -0.3180 -0.1597 0.0876 0.2404 -0.1383 -0.3046 -0.3330 -0.2989 -0.0190 0.1411 0.1581 -0.2324 -0.3232 -0.3248 -0.2080 0.0789 0.2393 -0.1464 -0.3086 -0.3328 -0.2854 0.0316 0.2004 -0.0508 -0.2943 -0.3320 -0.3048 -0.0332 0.1405 0.1340 -0.2494 -0.3264 -0.3196 -0.1439 0.1006 0.2382 -0.1894 -0.3173 -0.3293 -0.2445 0.0646 0.1439 0.0646 -0.2445 -0.3293 -0.3173 -0.1894 0.2382 0.1006 -0.1439 -0.3196 -0.3264 -0.2494 0.1340 0.1405 -0.0332 -0.3048 -0.3320 -0.2943 -0.0508 0.2004 0.0316 -0.2854 -0.3328 -0.3086 -0.1464 0.2393 0.0789 -0.2080 -0.3248 -0.3232 -0.2324 0.1581 0.1411 -0.0190 -0.2989 -0.3330 -0.3046 -0.1383 0.2404 0.0876 -0.1597 -0.3180 -0.3290 -0.2881 -0.0348 0.2056 0.0482 -0.2581 -0.3289 -0.3208 -0.1863
-0.2696 -0.3273 -0.2407 0.0584 0.2157 -0.0670 -0.2927 -0.3304 -0.3144 -0.1286 0.0960 0.2428 -0.1524 -0.3072 -0.3331 -0.2965 -0.0091 0.1464 0.1462 -0.2345 -0.3232 -0.3251 -0.2146 0.0754 0.2364 -0.1365 -0.3064 -0.3330 -0.2908 0.0208 0.1891 -0.0175 -0.2909 -0.3310 -0.3088 -0.0568 0.1288 0.1769 -0.2330 -0.3243 -0.3227 -0.1749 0.0917 0.2426 -0.1746 -0.3145 -0.3309 -0.2621 0.0561 0.2073 0.1595 0.2073 0.0561 -0.2621 -0.3309 -0.3145 -0.1746 0.2426 0.0917 -0.1749 -0.3227 -0.3243 -0.2330 0.1769 0.1288 -0.0568 -0.3088 -0.3310 -0.2909 -0.0175 0.1891 0.0208 -0.2908 -0.3330 -0.3064 -0.1365 0.2364 0.0754 -0.2146 -0.3251 -0.3232 -0.2345 0.1462 0.1464 -0.0091 -0.2965 -0.3331 -0.3072 -0.1524 0.2428 0.0960 -0.1286 -0.3144 -0.3304 -0.2927 -0.0670 0.2157 0.0584 -0.2407 -0.3273 -0.2696
-0.2870 -0.2184 0.0679 0.2250 -0.0928 -0.2963 -0.3316 -0.3106 -0.0971 0.1050 0.2413 -0.1670 -0.3101 -0.3330 -0.2931 0.0031 0.1553 0.1213 -0.2409 -0.3238 -0.3248 -0.2146 0.0742 0.2348 -0.1300 -0.3049 -0.3331 -0.2942 0.0105 0.1757 0.0203 -0.2843 -0.3298 -0.3125 -0.0831 0.1186 0.2079 -0.2176 -0.3221 -0.3254 -0.2031 0.0828 0.2418 -0.1595 -0.3115 -0.3321 -0.2748 0.0454 0.2133 -0.0772 -0.2494 -0.0772 0.2133 0.0454 -0.2748 -0.3321 -0.3115 -0.1595 0.2418 0.0828 -0.2031 -0.3254 -0.3221 -0.2176 0.2079 0.1186 -0.0831 -0.3125 -0.3298 -0.2843 0.0203 0.1757 0.0105 -0.2942 -0.3331 -0.3049 -0.1300 0.2348 0.0742 -0.2146 -0.3248 -0.3238 -0.2409 0.1213 0.1553 0.0031 -0.2931 -0.3330 -0.3101 -0.1670 0.2413 0.1050 -0.0971 -0.3106 -0.3316 -0.2963 -0.0928 0.2250 0.0679 -0.2184 -0.2870
-0.2108 0.0785 0.2331 -0.1142 -0.2998 -0.3324 -0.3066 -0.0681 0.1143 0.2336 -0.1817 -0.3130 -0.3325 -0.2878 0.0156 0.1680 0.0841 -0.2511 -0.3249 -0.3238 -0.2080 0.0754 0.2348 -0.1277 -0.3040 -0.3331 -0.2961 0.0017 0.1642 0.0577 -0.2726 -0.3285 -0.3157 -0.1105 0.1097 0.2273 -0.2029 -0.3196 -0.3277 -0.2274 0.0738 0.2373 -0.1435 -0.3085 -0.3328 -0.2843 0.0340 0.2029 -0.0602 -0.2957 -0.3276 -0.2957 -0.0602 0.2029 0.0340 -0.2843 -0.3328 -0.3085 -0.1435 0.2373 0.0738 -0.2274 -0.3277 -0.3196 -0.2029 0.2273 0.1097 -0.1105 -0.3157 -0.3285 -0.2726 0.0577 0.1642 0.0017 -0.2961 -0.3331 -0.3040 -0.1277 0.2348 0.0754 -0.2080 -0.3238 -0.3249 -0.2511 0.0841 0.1680 0.0156 -0.2878 -0.3325 -0.3130 -0.1817 0.2336 0.1143 -0.0681 -0.3066 -0.3324 -0.2998 -0.1142 0.2331 0.0785 -0.2108
0.0764 0.2393 -0.1327 -0.3032 -0.3330 -0.3025 -0.0428 0.1243 0.2178 -0.1964 -0.3158 -0.3316 -0.2800 0.0279 0.1837 0.0394 -0.2646 -0.3263 -0.3222 -0.1946 0.0789 0.2364 -0.1300 -0.3040 -0.3330 -0.2970 -0.0042 0.1568 0.0877 -0.2608 -0.3272 -0.3184 -0.1371 0.1017 0.2378 -0.1892 -0.3171 -0.3295 -0.2474 0.0645 0.2303 -0.1262 -0.3052 -0.3332 -0.2911 0.0215 0.1905 -0.0249 -0.2919 -0.3387 -0.3533 -0.3387 -0.2919 -0.0249 0.1905 0.0215 -0.2911 -0.3332 -0.3052 -0.1262 0.2303 0.0645 -0.2474 -0.3295 -0.3171 -0.1892 0.2378 0.1017 -0.1371 -0.3184 -0.3272 -0.2608 0.0877 0.1568 -0.0042 -0.2970 -0.3330 -0.3040 -0.1300 0.2364 0.0789 -0.1946 -0.3222 -0.3263 -0.2646 0.0394 0.1837 0.0279 -0.2800 -0.3316 -0.3158 -0.1964 0.2178 0.1243 -0.0428 -0.3025 -0.3330 -0.3032 -0.1327 0.2393 0.0764
0.2299 -0.1495 -0.3064 -0.3332 -0.2985 -0.0212 0.1354 0.1915 -0.2112 -0.3185 -0.3303 -0.2691 0.0396 0.1975 -0.0045 -0.2801 -0.3278 -0.3198 -0.1746 0.0843 0.2393 -0.1365 -0.3049 -0.3331 -0.2970 -0.0064 0.1531 0.1066 -0.2528 -0.3262 -0.3204 -0.1597 0.0948 0.2422 -0.1766 -0.3146 -0.3309 -0.2627 0.0550 0.2218 -0.1069 -0.3019 -0.3332 -0.2959 0.0072 0.1741 0.0189 -0.2850 -0.3300 -0.3261 -0.2541 -0.3261 -0.3300 -0.2850 0.0189 0.1741 0.0072 -0.2959 -0.3332 -0.3019 -0.1069 0.2218 0.0550 -0.2627 -0.3309 -0.3146 -0.1766 0.2422 0.0948 -0.1597 -0.3204 -0.3262 -0.2528 0.1066 0.1531 -0.0064 -0.2970 -0.3331 -0.3049 -0.1365 0.2393 0.0843 -0.1746 -0.3198 -0.3278 -0.2801 -0.0045 0.1975 0.0396 -0.2691 -0.3303 -0.3185 -0.2112 0.1915 0.1354 -0.0212 -0.2985 -0.3332 -0.3064 -0.1495 0.2299
-0.1438 -0.3099 -0.3331 -0.2943 -0.0030 0.1481 0.1535 -0.2264 -0.3211 -0.3285 -0.2547 0.0504 0.2078 -0.0423 -0.2898 -0.3293 -0.3169 -0.1491 0.0910 0.2419 -0.1464 -0.3064 -0.3331 -0.2961 -0.0042 0.1531 0.1129 -0.2489 -0.3255 -0.3217 -0.1763 0.0892 0.2428 -0.1651 -0.3122 -0.3319 -0.2740 0.0455 0.2127 -0.0850 -0.2986 -0.3328 -0.2999 -0.0093 0.1573 0.0707 -0.2707 -0.3285 -0.3150 -0.0994 0.0543 -0.0994 -0.3150 -0.3285 -0.2707 0.0707 0.1573 -0.0093 -0.2999 -0.3328 -0.2986 -0.0850 0.2127 0.0455 -0.2740 -0.3319 -0.3122 -0.1651 0.2428 0.0892 -0.1763 -0.3217 -0.3255 -0.2489 0.1129 0.1531 -0.0042 -0.2961 -0.3331 -0.3064 -0.1464 0.2419 0.0910 -0.1491 -0.3169 -0.3293 -0.2898 -0.0423 0.2078 0.0504 -0.2547 -0.3285 -0.3211 -0.2264 0.1535 0.1481 -0.0030 -0.2943 -0.3331 -0.3099 -0.1438
-0.2570 -0.3329 -0.2889 0.0127 0.1631 0.1047 -0.2423 -0.3234 -0.3264 -0.2364 0.0605 0.2177 -0.0729 -0.2934 -0.3307 -0.3135 -0.1203 0.0986 0.2428 -0.1584 -0.3086 -0.3330 -0.2942 0.0017 0.1568 0.1066 -0.2489 -0.3252 -0.3224 -0.1862 0.0853 0.2418 -0.1555 -0.3101 -0.3325 -0.2821 0.0359 0.2037 -0.0600 -0.2953 -0.3322 -0.3039 -0.0285 0.1432 0.1235 -0.2529 -0.3268 -0.3187 -0.1352 0.0989 0.1945 0.0989 -0.1352 -0.3187 -0.3268 -0.2529 0.1235 0.1432 -0.0285 -0.3039 -0.3322 -0.2953 -0.0600 0.2037 0.0359 -0.2821 -0.3325 -0.3101 -0.1555 0.2418 0.0853 -0.1862 -0.3224 -0.3252 -0.2489 0.1066 0.1568 0.0017 -0.2942 -0.3330 -0.3086 -0.1584 0.2428 0.0986 -0.1203 -0.3135 -0.3307 -0.2934 -0.0729 0.2177 0.0605 -0.2364 -0.3264 -0.3234 -0.2423 0.1047 0.1631 0.0127 -0.2889 -0.3329 -0.2570
-0.2888 -0.2813 0.0261 0.1810 0.0511 -0.2593 -0.3255 -0.3239 -0.2139 0.0700 0.2268 -0.0976 -0.2970 -0.3318 -0.3097 -0.0906 0.1071 0.2400 -0.1714 -0.3111 -0.3328 -0.2908 0.0105 0.1642 0.0877 -0.2528 -0.3255 -0.3224 -0.1895 0.0833 0.2407 -0.1487 -0.3085 -0.3328 -0.2875 0.0267 0.1953 -0.0314 -0.2921 -0.3313 -0.3077 -0.0504 0.1314 0.1685 -0.2364 -0.3248 -0.3221 -0.1685 0.0937 0.2440 -0.0384 0.2440 0.0937 -0.1685 -0.3221 -0.3248 -0.2364 0.1685 0.1314 -0.0504 -0.3077 -0.3313 -0.2921 -0.0314 0.1953 0.0267 -0.2875 -0.3328 -0.3085 -0.1487 0.2407 0.0833 -0.1895 -0.3224 -0.3255 -0.2528 0.0877 0.1642 0.0105 -0.2908 -0.3328 -0.3111 -0.1714 0.2400 0.1071 -0.0906 -0.3097 -0.3318 -0.2970 -0.0976 0.2268 0.0700 -0.2139 -0.3239 -0.3255 -0.2593 0.0511 0.1810 0.0261 -0.2813 -0.2888
-0.2600 0.0396 0.1962 0.0017 -0.2776 -0.3275 -0.3209 -0.1872 0.0791 0.2346 -0.1183 -0.3005 -0.3326 -0.3057 -0.0625 0.1164 0.2309 -0.1851 -0.3137 -0.3322 -0.2854 0.0208 0.1757 0.0577 -0.2608 -0.3262 -0.3217 -0.1862 0.0833 0.2402 -0.1451 -0.3075 -0.3330 -0.2909 0.0187 0.1853 -0.0006 -0.2891 -0.3303 -0.3111 -0.0743 0.1214 0.2011 -0.2211 -0.3226 -0.3248 -0.1975 0.0848 0.2424 -0.1581 -0.2895 -0.1581 0.2424 0.0848 -0.1975 -0.3248 -0.3226 -0.2211 0.2011 0.1214 -0.0743 -0.3111 -0.3303 -0.2891 -0.0006 0.1853 0.0187 -0.2909 -0.3330 -0.3075 -0.1451 0.2402 0.0833 -0.1862 -0.3217 -0.3262 -0.2608 0.0577 0.1757 0.0208 -0.2854 -0.3322 -0.3137 -0.1851 0.2309 0.1164 -0.0625 -0.3057 -0.3326 -0.3005 -0.1183 0.2346 0.0791 -0.1872 -0.3209 -0.3275 -0.2776 0.0017 0.1962 0.0396 -0.2600
0.0336 0.2066 -0.0383 -0.2893 -0.3291 -0.3177 -0.1572 0.0880 0.2403 -0.1364 -0.3039 -0.3331 -0.3016 -0.0379 0.1266 0.2132 -0.1995 -0.3164 -0.3313 -0.2774 0.0316 0.1891 0.0203 -0.2726 -0.3272 -0.3204 -0.1763 0.0853 0.2407 -0.1451 -0.3071 -0.3330 -0.2927 0.0127 0.1755 0.0278 -0.2820 -0.3292 -0.3142 -0.0992 0.1128 0.2221 -0.2071 -0.3203 -0.3272 -0.2225 0.0758 0.2385 -0.1474 -0.3110 -0.3401 -0.3110 -0.1474 0.2385 0.0758 -0.2225 -0.3272 -0.3203 -0.2071 0.2221 0.1128 -0.0992 -0.3142 -0.3292 -0.2820 0.0278 0.1755 0.0127 -0.2927 -0.3330 -0.3071 -0.1451 0.2407 0.0853 -0.1763 -0.3204 -0.3272 -0.2726 0.0203 0.1891 0.0316 -0.2774 -0.3313 -0.3164 -0.1995 0.2132 0.1266 -0.0379 -0.3016 -0.3331 -0.3039 -0.1364 0.2403 0.0880 -0.1572 -0.3177 -0.3291 -0.2893 -0.0383 0.2066 0.0336
0.2071 -0.0699 -0.2930 -0.3305 -0.3141 -0.1254 0.0968 0.2429 -0.1528 -0.3071 -0.3332 -0.2977 -0.0171 0.1379 0.1845 -0.2144 -0.3191 -0.3299 -0.2662 0.0423 0.2004 -0.0175 -0.2843 -0.3285 -0.3184 -0.1597 0.0892 0.2418 -0.1487 -0.3075 -0.3330 -0.2932 0.0095 0.1697 0.0493 -0.2726 -0.3282 -0.3166 -0.1225 0.1054 0.2343 -0.1942 -0.3179 -0.3290 -0.2427 0.0667 0.2320 -0.1300 -0.3061 -0.3436 -0.3466 -0.3436 -0.3061 -0.1300 0.2320 0.0667 -0.2427 -0.3290 -0.3179 -0.1942 0.2343 0.1054 -0.1225 -0.3166 -0.3282 -0.2726 0.0493 0.1697 0.0095 -0.2932 -0.3330 -0.3075 -0.1487 0.2418 0.0892 -0.1597 -0.3184 -0.3285 -0.2843 -0.0175 0.2004 0.0423 -0.2662 -0.3299 -0.3191 -0.2144 0.1845 0.1379 -0.0171 -0.2977 -0.3332 -0.3071 -0.1528 0.2429 0.0968 -0.1254 -0.3141 -0.3305 -0.2930 -0.0699 0.2071
-0.0840 -0.2969 -0.3317 -0.3102 -0.0941 0.1059 0.2408 -0.1683 -0.3102 -0.3330 -0.2934 0.0005 0.1511 0.1440 -0.2297 -0.3216 -0.3281 -0.2512 0.0527 0.2101 -0.0508 -0.2909 -0.3298 -0.3157 -0.1371 0.0948 0.2428 -0.1555 -0.3085 -0.3330 -0.2927 0.0095 0.1679 0.0606 -0.2667 -0.3275 -0.3183 -0.1413 0.0994 0.2403 -0.1826 -0.3157 -0.3305 -0.2582 0.0578 0.2240 -0.1115 -0.3026 -0.3330 -0.3017 -0.1279 -0.3017 -0.3330 -0.3026 -0.1115 0.2240 0.0578 -0.2582 -0.3305 -0.3157 -0.1826 0.2403 0.0994 -0.1413 -0.3183 -0.3275 -0.2667 0.0606 0.1679 0.0095 -0.2927 -0.3330 -0.3085 -0.1555 0.2428 0.0948 -0.1371 -0.3157 -0.3298 -0.2909 -0.0508 0.2101 0.0527 -0.2512 -0.3281 -0.3216 -0.2297 0.1440 0.1511 0.0005 -0.2934 -0.3330 -0.3102 -0.1683 0.2408 0.1059 -0.0941 -0.3102 -0.3317 -0.2969 -0.0840
-0.2424 -0.3329 -0.3062 -0.0654 0.1153 0.2325 -0.1831 -0.3132 -0.3324 -0.2875 0.0157 0.1667 0.0935 -0.2458 -0.3239 -0.3259 -0.2320 0.0625 0.2197 -0.0787 -0.2943 -0.3310 -0.3125 -0.1105 0.1017 0.2422 -0.1651 -0.3101 -0.3328 -0.2909 0.0127 0.1697 0.0606 -0.2648 -0.3271 -0.3193 -0.1545 0.0949 0.2425 -0.1728 -0.3136 -0.3314 -0.2697 0.0489 0.2156 -0.0913 -0.2994 -0.3328 -0.2987 -0.0033 0.0887 -0.0033 -0.2987 -0.3328 -0.2994 -0.0913 0.2156 0.0489 -0.2697 -0.3314 -0.3136 -0.1728 0.2425 0.0949 -0.1545 -0.3193 -0.3271 -0.2648 0.0606 0.1697 0.0127 -0.2909 -0.3328 -0.3101 -0.1651 0.2422 0.1017 -0.1105 -0.3125 -0.3310 -0.2943 -0.0787 0.2197 0.0625 -0.2320 -0.3259 -0.3239 -0.2458 0.0935 0.1667 0.0157 -0.2875 -0.3324 -0.3132 -0.1831 0.2325 0.1153 -0.0654 -0.3062 -0.3329 -0.2424
-0.2857 -0.3025 -0.0406 0.1254 0.2157 -0.1978 -0.3161 -0.3315 -0.2792 0.0289 0.1841 0.0401 -0.2630 -0.3260 -0.3233 -0.2086 0.0719 0.2286 -0.1022 -0.2978 -0.3320 -0.3088 -0.0831 0.1097 0.2378 -0.1766 -0.3122 -0.3325 -0.2875 0.0187 0.1755 0.0493 -0.2667 -0.3271 -0.3197 -0.1611 0.0921 0.2429 -0.1654 -0.3119 -0.3320 -0.2778 0.0405 0.2073 -0.0691 -0.2963 -0.3323 -0.3028 -0.0225 0.1360 0.2286 0.1360 -0.0225 -0.3028 -0.3323 -0.2963 -0.0691 0.2073 0.0405 -0.2778 -0.3320 -0.3119 -0.1654 0.2429 0.0921 -0.1611 -0.3197 -0.3271 -0.2667 0.0493 0.1755 0.0187 -0.2875 -0.3325 -0.3122 -0.1766 0.2378 0.1097 -0.0831 -0.3088 -0.3320 -0.2978 -0.1022 0.2286 0.0719 -0.2086 -0.3233 -0.3260 -0.2630 0.0401 0.1841 0.0289 -0.2792 -0.3315 -0.3161 -0.1978 0.2157 0.1254 -0.0406 -0.3025 -0.2857
-0.2727 -0.0179 0.1365 0.1883 -0.2127 -0.3188 -0.3301 -0.2679 0.0407 0.1985 -0.0075 -0.2801 -0.3278 -0.3203 -0.1811 0.0810 0.2360 -0.1223 -0.3012 -0.3327 -0.3048 -0.0568 0.1186 0.2273 -0.1892 -0.3146 -0.3319 -0.2821 0.0267 0.1853 0.0278 -0.2726 -0.3275 -0.3193 -0.1611 0.0911 0.2428 -0.1606 -0.3106 -0.3324 -0.2832 0.0330 0.2000 -0.0455 -0.2933 -0.3316 -0.3064 -0.0438 0.1341 0.1749 -0.1512 0.1749 0.1341 -0.0438 -0.3064 -0.3316 -0.2933 -0.0455 0.2000 0.0330 -0.2832 -0.3324 -0.3106 -0.1606 0.2428 0.0911 -0.1611 -0.3193 -0.3275 -0.2726 0.0278 0.1853 0.0267 -0.2821 -0.3319 -0.3146 -0.1892 0.2273 0.1186 -0.0568 -0.3048 -0.3327 -0.3012 -0.1223 0.2360 0.0810 -0.1811 -0.3203 -0.3278 -0.2801 -0.0075 0.1985 0.0407 -0.2679 -0.3301 -0.3188 -0.2127 0.1883 0.1365 -0.0179 -0.2727
-0.0274 0.1500 0.1492 -0.2280 -0.3213 -0.3283 -0.2531 0.0515 0.2088 -0.0457 -0.2902 -0.3294 -0.3169 -0.1506 0.0898 0.2412 -0.1400 -0.3046 -0.3331 -0.3008 -0.0332 0.1288 0.2079 -0.2029 -0.3171 -0.3309 -0.2740 0.0359 0.1953 -0.0006 -0.2820 -0.3282 -0.3183 -0.1545 0.0921 0.2428 -0.1590 -0.3100 -0.3326 -0.2863 0.0271 0.1942 -0.0223 -0.2908 -0.3308 -0.3097 -0.0654 0.1247 0.1914 -0.2220 -0.3066 -0.2220 0.1914 0.1247 -0.0654 -0.3097 -0.3308 -0.2908 -0.0223 0.1942 0.0271 -0.2863 -0.3326 -0.3100 -0.1590 0.2428 0.0921 -0.1545 -0.3183 -0.3282 -0.2820 -0.0006 0.1953 0.0359 -0.2740 -0.3309 -0.3171 -0.2029 0.2079 0.1288 -0.0332 -0.3008 -0.3331 -0.3046 -0.1400 0.2412 0.0898 -0.1506 -0.3169 -0.3294 -0.2902 -0.0457 0.2088 0.0515 -0.2531 -0.3283 -0.3213 -0.2280 0.1492 0.1500 -0.0274
0.1582 0.0992 -0.2439 -0.3236 -0.3262 -0.2344 0.0614 0.2186 -0.0756 -0.2938 -0.3308 -0.3133 -0.1187 0.0987 0.2429 -0.1562 -0.3078 -0.3332 -0.2968 -0.0131 0.1405 0.1769 -0.2176 -0.3196 -0.3295 -0.2627 0.0455 0.2037 -0.0314 -0.2891 -0.3292 -0.3166 -0.1413 0.0949 0.2429 -0.1606 -0.3100 -0.3327 -0.2878 0.0231 0.1889 -0.0026 -0.2887 -0.3299 -0.3124 -0.0872 0.1163 0.2152 -0.2122 -0.3249 -0.3494 -0.3249 -0.2122 0.2152 0.1163 -0.0872 -0.3124 -0.3299 -0.2887 -0.0026 0.1889 0.0231 -0.2878 -0.3327 -0.3100 -0.1606 0.2429 0.0949 -0.1413 -0.3166 -0.3292 -0.2891 -0.0314 0.2037 0.0455 -0.2627 -0.3295 -0.3196 -0.2176 0.1769 0.1405 -0.0131 -0.2968 -0.3332 -0.3078 -0.1562 0.2429 0.0987 -0.1187 -0.3133 -0.3308 -0.2938 -0.0756 0.2186 0.0614 -0.2344 -0.3262 -0.3236 -0.2439 0.0992 0.1582
0.0433 -0.2609 -0.3257 -0.3236 -0.2115 0.0709 0.2277 -0.0998 -0.2974 -0.3319 -0.3094 -0.0878 0.1078 0.2396 -0.1714 -0.3109 -0.3329 -0.2923 0.0039 0.1541 0.1340 -0.2330 -0.3221 -0.3277 -0.2474 0.0550 0.2127 -0.0600 -0.2921 -0.3303 -0.3142 -0.1225 0.0994 0.2425 -0.1654 -0.3106 -0.3326 -0.2878 0.0217 0.1850 0.0112 -0.2854 -0.3293 -0.3145 -0.1066 0.1096 0.2291 -0.1997 -0.3189 -0.3419 -0.3274 -0.3419 -0.3189 -0.1997 0.2291 0.1096 -0.1066 -0.3145 -0.3293 -0.2854 0.0112 0.1850 0.0217 -0.2878 -0.3326 -0.3106 -0.1654 0.2425 0.0994 -0.1225 -0.3142 -0.3303 -0.2921 -0.0600 0.2127 0.0550 -0.2474 -0.3277 -0.3221 -0.2330 0.1340 0.1541 0.0039 -0.2923 -0.3329 -0.3109 -0.1714 0.2396 0.1078 -0.0878 -0.3094 -0.3319 -0.2974 -0.0998 0.2277 0.0709 -0.2115 -0.3236 -0.3257 -0.2609 0.0433
-0.2201 -0.3279 -0.3206 -0.1844 0.0800 0.2353 -0.1202 -0.3008 -0.3326 -0.3053 -0.0599 0.1173 0.2297 -0.1863 -0.3139 -0.3323 -0.2859 0.0186 0.1703 0.0821 -0.2494 -0.3243 -0.3254 -0.2274 0.0645 0.2218 -0.0850 -0.2953 -0.3313 -0.3111 -0.0992 0.1054 0.2403 -0.1728 -0.3119 -0.3324 -0.2863 0.0231 0.1850 0.0162 -0.2821 -0.3288 -0.3159 -0.1213 0.1045 0.2366 -0.1893 -0.3168 -0.3294 -0.2482 -0.0116 -0.2482 -0.3294 -0.3168 -0.1893 0.2366 0.1045 -0.1213 -0.3159 -0.3288 -0.2821 0.0162 0.1850 0.0231 -0.2863 -0.3324 -0.3119 -0.1728 0.2403 0.1054 -0.0992 -0.3111 -0.3313 -0.2953 -0.0850 0.2218 0.0645 -0.2274 -0.3254 -0.3243 -0.2494 0.0821 0.1703 0.0186 -0.2859 -0.3323 -0.3139 -0.1863 0.2297 0.1173 -0.0599 -0.3053 -0.3326 -0.3008 -0.1202 0.2353 0.0800 -0.1844 -0.3206 -0.3279 -0.2201
-0.2784 -0.3177 -0.1543 0.0889 0.2407 -0.1381 -0.3042 -0.3331 -0.3012 -0.0357 0.1276 0.2108 -0.2010 -0.3167 -0.3312 -0.2770 0.0315 0.1873 0.0293 -0.2668 -0.3264 -0.3227 -0.2031 0.0738 0.2303 -0.1069 -0.2986 -0.3322 -0.3077 -0.0743 0.1128 0.2343 -0.1826 -0.3136 -0.3320 -0.2832 0.0271 0.1889 0.0112 -0.2821 -0.3286 -0.3166 -0.1306 0.1011 0.2400 -0.1813 -0.3150 -0.3306 -0.2631 0.0531 0.1304 0.0531 -0.2631 -0.3306 -0.3150 -0.1813 0.2400 0.1011 -0.1306 -0.3166 -0.3286 -0.2821 0.0112 0.1889 0.0271 -0.2832 -0.3320 -0.3136 -0.1826 0.2343 0.1128 -0.0743 -0.3077 -0.3322 -0.2986 -0.1069 0.2303 0.0738 -0.2031 -0.3227 -0.3264 -0.2668 0.0293 0.1873 0.0315 -0.2770 -0.3312 -0.3167 -0.2010 0.2108 0.1276 -0.0357 -0.3012 -0.3331 -0.3042 -0.1381 0.2407 0.0889 -0.1543 -0.3177 -0.2784
-0.2816 -0.1208 0.0976 0.2429 -0.1544 -0.3074 -0.3332 -0.2973 -0.0152 0.1391 0.1810 -0.2159 -0.3193 -0.3298 -0.2651 0.0431 0.2007 -0.0164 -0.2825 -0.3282 -0.3196 -0.1749 0.0828 0.2373 -0.1262 -0.3019 -0.3328 -0.3039 -0.0504 0.1214 0.2221 -0.1942 -0.3157 -0.3314 -0.2778 0.0330 0.1942 -0.0026 -0.2854 -0.3288 -0.3166 -0.1337 0.0994 0.2414 -0.1758 -0.3138 -0.3315 -0.2720 0.0464 0.1951 0.1961 0.1951 0.0464 -0.2720 -0.3315 -0.3138 -0.1758 0.2414 0.0994 -0.1337 -0.3166 -0.3288 -0.2854 -0.0026 0.1942 0.0330 -0.2778 -0.3314 -0.3157 -0.1942 0.2221 0.1214 -0.0504 -0.3039 -0.3328 -0.3019 -0.1262 0.2373 0.0828 -0.1749 -0.3196 -0.3282 -0.2825 -0.0164 0.2007 0.0431 -0.2651 -0.3298 -0.3193 -0.2159 0.1810 0.1391 -0.0152 -0.2973 -0.3332 -0.3074 -0.1544 0.2429 0.0976 -0.1208 -0.2816
-0.1274 0.1082 0.2403 -0.1698 -0.3106 -0.3330 -0.2929 0.0021 0.1525 0.1393 -0.2313 -0.3218 -0.3279 -0.2495 0.0536 0.2109 -0.0526 -0.2909 -0.3298 -0.3162 -0.1439 0.0917 0.2418 -0.1435 -0.3052 -0.3332 -0.2999 -0.0285 0.1314 0.2011 -0.2071 -0.3179 -0.3305 -0.2697 0.0405 0.2000 -0.0223 -0.2887 -0.3293 -0.3159 -0.1306 0.0994 0.2418 -0.1730 -0.3129 -0.3319 -0.2771 0.0400 0.2061 -0.0510 -0.2385 -0.0510 0.2061 0.0400 -0.2771 -0.3319 -0.3129 -0.1730 0.2418 0.0994 -0.1306 -0.3159 -0.3293 -0.2887 -0.0223 0.2000 0.0405 -0.2697 -0.3305 -0.3179 -0.2071 0.2011 0.1314 -0.0285 -0.2999 -0.3332 -0.3052 -0.1435 0.2418 0.0917 -0.1439 -0.3162 -0.3298 -0.2909 -0.0526 0.2109 0.0536 -0.2495 -0.3279 -0.3218 -0.2313 0.1393 0.1525 0.0021 -0.2929 -0.3330 -0.3106 -0.1698 0.2403 0.1082 -0.1274
0.1099 0.2311 -0.1846 -0.3135 -0.3324 -0.2868 0.0171 0.1683 0.0882 -0.2475 -0.3241 -0.3257 -0.2299 0.0635 0.2206 -0.0811 -0.2946 -0.3311 -0.3125 -0.1120 0.1006 0.2426 -0.1595 -0.3085 -0.3332 -0.2959 -0.0093 0.1432 0.1685 -0.2211 -0.3203 -0.3290 -0.2582 0.0489 0.2073 -0.0455 -0.2908 -0.3299 -0.3145 -0.1213 0.1011 0.2414 -0.1730 -0.3126 -0.3321 -0.2799 0.0356 0.2011 -0.0456 -0.2930 -0.3247 -0.2930 -0.0456 0.2011 0.0356 -0.2799 -0.3321 -0.3126 -0.1730 0.2414 0.1011 -0.1213 -0.3145 -0.3299 -0.2908 -0.0455 0.2073 0.0489 -0.2582 -0.3290 -0.3203 -0.2211 0.1685 0.1432 -0.0093 -0.2959 -0.3332 -0.3085 -0.1595 0.2426 0.1006 -0.1120 -0.3125 -0.3311 -0.2946 -0.0811 0.2206 0.0635 -0.2299 -0.3257 -0.3241 -0.2475 0.0882 0.1683 0.0171 -0.2868 -0.3324 -0.3135 -0.1846 0.2311 0.1099
0.1992 -0.1992 -0.3164 -0.3314 -0.2782 0.0301 0.1856 0.0350 -0.2648 -0.3262 -0.3230 -0.2061 0.0728 0.2294 -0.1043 -0.2981 -0.3321 -0.3085 -0.0816 0.1098 0.2382 -0.1746 -0.3115 -0.3328 -0.2911 0.0072 0.1573 0.1235 -0.2364 -0.3226 -0.3272 -0.2427 0.0578 0.2156 -0.0691 -0.2933 -0.3308 -0.3124 -0.1066 0.1045 0.2400 -0.1758 -0.3129 -0.3321 -0.2808 0.0334 0.1980 -0.0313 -0.2913 -0.3375 -0.3525 -0.3375 -0.2913 -0.0313 0.1980 0.0334 -0.2808 -0.3321 -0.3129 -0.1758 0.2400 0.1045 -0.1066 -0.3124 -0.3308 -0.2933 -0.0691 0.2156 0.0578 -0.2427 -0.3272 -0.3226 -0.2364 0.1235 0.1573 0.0072 -0.2911 -0.3328 -0.3115 -0.1746 0.2382 0.1098 -0.0816 -0.3085 -0.3321 -0.2981 -0.1043 0.2294 0.0728 -0.2061 -0.3230 -0.3262 -0.2648 0.0350 0.1856 0.0301 -0.2782 -0.3314 -0.3164 -0.1992 0.1992
-0.1802 -0.3194 -0.3299 -0.2666 0.0418 0.1995 -0.0117 -0.2812 -0.3280 -0.3200 -0.1782 0.0818 0.2367 -0.1241 -0.3015 -0.3328 -0.3044 -0.0544 0.1194 0.2265 -0.1894 -0.3145 -0.3321 -0.2843 0.0215 0.1741 0.0707 -0.2529 -0.3248 -0.3248 -0.2225 0.0667 0.2240 -0.0913 -0.2963 -0.3316 -0.3097 -0.0872 0.1096 0.2366 -0.1813 -0.3138 -0.3319 -0.2799 0.0334 0.1970 -0.0239 -0.2901 -0.3302 -0.3259 -0.2589 -0.3259 -0.3302 -0.2901 -0.0239 0.1970 0.0334 -0.2799 -0.3319 -0.3138 -0.1813 0.2366 0.1096 -0.0872 -0.3097 -0.3316 -0.2963 -0.0913 0.2240 0.0667 -0.2225 -0.3248 -0.3248 -0.2529 0.0707 0.1741 0.0215 -0.2843 -0.3321 -0.3145 -0.1894 0.2265 0.1194 -0.0544 -0.3044 -0.3328 -0.3015 -0.1241 0.2367 0.0818 -0.1782 -0.3200 -0.3280 -0.2812 -0.0117 0.1995 0.0418 -0.2666 -0.3299 -0.3194 -0.1802
-0.2678 -0.3285 -0.2515 0.0525 0.2098 -0.0489 -0.2905 -0.3296 -0.3166 -0.1474 0.0907 0.2415 -0.1416 -0.3049 -0.3332 -0.3004 -0.0311 0.1299 0.2055 -0.2041 -0.3173 -0.3309 -0.2748 0.0340 0.1905 0.0189 -0.2707 -0.3268 -0.3221 -0.1975 0.0758 0.2320 -0.1115 -0.2994 -0.3323 -0.3064 -0.0654 0.1163 0.2291 -0.1893 -0.3150 -0.3315 -0.2771 0.0356 0.1980 -0.0239 -0.2897 -0.3299 -0.3125 -0.0917 0.0557 -0.0917 -0.3125 -0.3299 -0.2897 -0.0239 0.1980 0.0356 -0.2771 -0.3315 -0.3150 -0.1893 0.2291 0.1163 -0.0654 -0.3064 -0.3323 -0.2994 -0.1115 0.2320 0.0758 -0.1975 -0.3221 -0.3268 -0.2707 0.0189 0.1905 0.0340 -0.2748 -0.3309 -0.3173 -0.2041 0.2055 0.1299 -0.0311 -0.3004 -0.3332 -0.3049 -0.1416 0.2415 0.0907 -0.1474 -0.3166 -0.3296 -0.2905 -0.0489 0.2098 0.0525 -0.2515 -0.3285 -0.2678
-0.2875 -0.2316 0.0624 0.2196 -0.0783 -0.2942 -0.3308 -0.3128 -0.1155 0.0997 0.2428 -0.1577 -0.3081 -0.3331 -0.2964 -0.0113 0.1418 0.1730 -0.2191 -0.3198 -0.3293 -0.2621 0.0454 0.2029 -0.0249 -0.2850 -0.3285 -0.3187 -0.1685 0.0848 0.2385 -0.1300 -0.3026 -0.3328 -0.3028 -0.0438 0.1247 0.2152 -0.1997 -0.3168 -0.3306 -0.2720 0.0400 0.2011 -0.0313 -0.2901 -0.3299 -0.3131 -0.1024 0.1048 0.1998 0.1048 -0.1024 -0.3131 -0.3299 -0.2901 -0.0313 0.2011 0.0400 -0.2720 -0.3306 -0.3168 -0.1997 0.2152 0.1247 -0.0438 -0.3028 -0.3328 -0.3026 -0.1300 0.2385 0.0848 -0.1685 -0.3187 -0.3285 -0.2850 -0.0249 0.2029 0.0454 -0.2621 -0.3293 -0.3198 -0.2191 0.1730 0.1418 -0.0113 -0.2964 -0.3331 -0.3081 -0.1577 0.2428 0.0997 -0.1155 -0.3128 -0.3308 -0.2942 -0.0783 0.2196 0.0624 -0.2316 -0.2875
-0.2208 0.0735 0.2288 -0.1026 -0.2979 -0.3319 -0.3085 -0.0832 0.1086 0.2387 -0.1733 -0.3113 -0.3326 -0.2914 0.0063 0.1548 0.1274 -0.2350 -0.3223 -0.3271 -0.2445 0.0561 0.2133 -0.0602 -0.2919 -0.3300 -0.3150 -0.1352 0.0937 0.2424 -0.1474 -0.3061 -0.3330 -0.2987 -0.0225 0.1341 0.1914 -0.2122 -0.3189 -0.3294 -0.2631 0.0464 0.2061 -0.0456 -0.2913 -0.3302 -0.3125 -0.1024 0.1075 0.2392 -0.0738 0.2392 0.1075 -0.1024 -0.3125 -0.3302 -0.2913 -0.0456 0.2061 0.0464 -0.2631 -0.3294 -0.3189 -0.2122 0.1914 0.1341 -0.0225 -0.2987 -0.3330 -0.3061 -0.1474 0.2424 0.0937 -0.1352 -0.3150 -0.3300 -0.2919 -0.0602 0.2133 0.0561 -0.2445 -0.3271 -0.3223 -0.2350 0.1274 0.1548 0.0063 -0.2914 -0.3326 -0.3113 -0.1733 0.2387 0.1086 -0.0832 -0.3085 -0.3319 -0.2979 -0.1026 0.2288 0.0735 -0.2208
0.0677 0.2266 -0.1155 -0.3021 -0.3413 -0.3176 -0.0529 0.1128 0.2346 -0.1838 -0.3167 -0.3440 -0.2870 0.0211 0.1554 0.0983 -0.2477 -0.3293 -0.3396 -0.2199 0.0646 0.2073 -0.0772 -0.2957 -0.3387 -0.3261 -0.0994 0.0989 0.2440 -0.1581 -0.3110 -0.3436 -0.3017 -0.0033 0.1360 0.1749 -0.2220 -0.3249 -0.3419 -0.2482 0.0531 0.1951 -0.0510 -0.2930 -0.3375 -0.3259 -0.0917 0.1048 0.2392 -0.1798 -0.2962 -0.1798 0.2392 0.1048 -0.0917 -0.3259 -0.3375 -0.2930 -0.0510 0.1951 0.0531 -0.2482 -0.3419 -0.3249 -0.2220 0.1749 0.1360 -0.0033 -0.3017 -0.3436 -0.3110 -0.1581 0.2440 0.0989 -0.0994 -0.3261 -0.3387 -0.2957 -0.0772 0.2073 0.0646 -0.2199 -0.3396 -0.3293 -0.2477 0.0983 0.1554 0.0211 -0.2870 -0.3440 -0.3167 -0.1838 0.2346 0.1128 -0.0529 -0.3176 -0.3413 -0.3021 -0.1155 0.2266 0.0677
0.1599 0.0741 -0.2685 -0.3330 -0.3517 -0.2091 0.0684 0.2104 -0.0924 -0.2965 -0.3443 -0.3409 -0.0742 0.1033 0.2322 -0.1854 -0.3127 -0.3517 -0.3168 0.0100 0.1439 0.1595 -0.2494 -0.3276 -0.3533 -0.2541 0.0543 0.1945 -0.0384 -0.2895 -0.3401 -0.3466 -0.1279 0.0887 0.2286 -0.1512 -0.3066 -0.3494 -0.3274 -0.0116 0.1304 0.1961 -0.2385 -0.3247 -0.3525 -0.2589 0.0557 0.1998 -0.0738 -0.2962 -0.3326 -0.2962 -0.0738 0.1998 0.0557 -0.2589 -0.3525 -0.3247 -0.2385 0.1961 0.1304 -0.0116 -0.3274 -0.3494 -0.3066 -0.1512 0.2286 0.0887 -0.1279 -0.3466 -0.3401 -0.2895 -0.0384 0.1945 0.0543 -0.2541 -0.3533 -0.3276 -0.2494 0.1595 0.1439 0.0100 -0.3168 -0.3517 -0.3127 -0.1854 0.2322 0.1033 -0.0742 -0.3409 -0.3443 -0.2965 -0.0924 0.2104 0.0684 -0.2091 -0.3517 -0.3330 -0.2685 0.0741 0.1599
