0.2145 0.2592 0.3747 0.4857 0.4126 0.2017 0.1843 0.2374 0.3402 0.4743 0.4481 0.2461 0.1790 0.2190 0.3086 0.4455 0.4711 0.3106 0.1792 0.2040 0.2804 0.4075 0.4837 0.3708 0.1862 0.1921 0.2556 0.3696 0.4850 0.4189 0.2062 0.1832 0.2344 0.3352 0.4710 0.4523 0.2554 0.1787 0.2166 0.3041 0.4401 0.4737 0.3204 0.1798 0.2020 0.2764 0.4016 0.4846 0.3786 0.1880 0.1747 0.1880 0.3786 0.4846 0.4016 0.2764 0.2020 0.1798 0.3204 0.4737 0.4401 0.3041 0.2166 0.1787 0.2554 0.4523 0.4710 0.3352 0.2344 0.1832 0.2062 0.4189 0.4850 0.3696 0.2556 0.1921 0.1862 0.3708 0.4837 0.4075 0.2804 0.2040 0.1792 0.3106 0.4711 0.4455 0.3086 0.2190 0.1790 0.2461 0.4481 0.4743 0.3402 0.2374 0.1843 0.2017 0.4126 0.4857 0.3747 0.2592 0.2145
0.2592 0.3793 0.4876 0.4128 0.1853 0.1597 0.2218 0.3361 0.4779 0.4480 0.2424 0.1534 0.2009 0.3011 0.4493 0.4710 0.3120 0.1545 0.1836 0.2698 0.4091 0.4842 0.3729 0.1643 0.1693 0.2422 0.3682 0.4870 0.4200 0.1922 0.1581 0.2183 0.3305 0.4748 0.4522 0.2531 0.1531 0.1981 0.2961 0.4436 0.4736 0.3221 0.1553 0.1812 0.2654 0.4028 0.4854 0.3808 0.1668 0.1643 0.1949 0.1643 0.1668 0.3808 0.4854 0.4028 0.2654 0.1812 0.1553 0.3221 0.4736 0.4436 0.2961 0.1981 0.1531 0.2531 0.4522 0.4748 0.3305 0.2183 0.1581 0.1922 0.4200 0.4870 0.3682 0.2422 0.1693 0.1643 0.3729 0.4842 0.4091 0.2698 0.1836 0.1545 0.3120 0.4710 0.4493 0.3011 0.2009 0.1534 0.2424 0.4480 0.4779 0.3361 0.2218 0.1597 0.1853 0.4128 0.4876 0.3793 0.2592
0.3747 0.4876 0.4169 0.1920 0.1577 0.2165 0.3266 0.4715 0.4545 0.2601 0.1528 0.1959 0.2921 0.4384 0.4748 0.3289 0.1559 0.1794 0.2619 0.3974 0.4853 0.3864 0.1688 0.1660 0.2353 0.3574 0.4846 0.4295 0.2050 0.1560 0.2125 0.3206 0.4673 0.4584 0.2712 0.1528 0.1932 0.2873 0.4323 0.4770 0.3384 0.1571 0.1772 0.2576 0.3911 0.4860 0.3940 0.1722 0.1644 0.2278 0.2879 0.2278 0.1644 0.1722 0.3940 0.4860 0.3911 0.2576 0.1772 0.1571 0.3384 0.4770 0.4323 0.2873 0.1932 0.1528 0.2712 0.4584 0.4673 0.3206 0.2125 0.1560 0.2050 0.4295 0.4846 0.3574 0.2353 0.1660 0.1688 0.3864 0.4853 0.3974 0.2619 0.1794 0.1559 0.3289 0.4748 0.4384 0.2921 0.1959 0.1528 0.2601 0.4545 0.4715 0.3266 0.2165 0.1577 0.1920 0.4169 0.4876 0.3747
0.4857 0.4128 0.1920 0.1571 0.2136 0.3202 0.4659 0.4601 0.2771 0.1529 0.1915 0.2841 0.4282 0.4784 0.3448 0.1581 0.1757 0.2547 0.3869 0.4864 0.3990 0.1749 0.1630 0.2292 0.3477 0.4821 0.4380 0.2202 0.1545 0.2072 0.3118 0.4597 0.4641 0.2891 0.1532 0.1888 0.2794 0.4220 0.4803 0.3539 0.1597 0.1736 0.2506 0.3808 0.4867 0.4060 0.1793 0.1614 0.2260 0.3412 0.4328 0.3412 0.2260 0.1614 0.1793 0.4060 0.4867 0.3808 0.2506 0.1736 0.1597 0.3539 0.4803 0.4220 0.2794 0.1888 0.1532 0.2891 0.4641 0.4597 0.3118 0.2072 0.1545 0.2202 0.4380 0.4821 0.3477 0.2292 0.1630 0.1749 0.3990 0.4864 0.3869 0.2547 0.1757 0.1581 0.3448 0.4784 0.4282 0.2841 0.1915 0.1529 0.2771 0.4601 0.4659 0.3202 0.2136 0.1571 0.1920 0.4128 0.4857
0.4126 0.1853 0.1577 0.2136 0.3177 0.4621 0.4639 0.2913 0.1534 0.1875 0.2766 0.4180 0.4814 0.3599 0.1609 0.1722 0.2478 0.3765 0.4867 0.4106 0.1828 0.1603 0.2232 0.3382 0.4783 0.4457 0.2371 0.1535 0.2022 0.3031 0.4510 0.4691 0.3067 0.1540 0.1846 0.2716 0.4114 0.4829 0.3685 0.1630 0.1702 0.2439 0.3705 0.4864 0.4169 0.1887 0.1588 0.2198 0.3331 0.4745 0.4748 0.4745 0.3331 0.2198 0.1588 0.1887 0.4169 0.4864 0.3705 0.2439 0.1702 0.1630 0.3685 0.4829 0.4114 0.2716 0.1846 0.1540 0.3067 0.4691 0.4510 0.3031 0.2022 0.1535 0.2371 0.4457 0.4783 0.3382 0.2232 0.1603 0.1828 0.4106 0.4867 0.3765 0.2478 0.1722 0.1609 0.3599 0.4814 0.4180 0.2766 0.1875 0.1534 0.2913 0.4639 0.4621 0.3177 0.2136 0.1577 0.1853 0.4126
0.2017 0.1597 0.2165 0.3202 0.4621 0.4653 0.2995 0.1539 0.1845 0.2703 0.4085 0.4837 0.3736 0.1645 0.1689 0.2412 0.3664 0.4860 0.4210 0.1933 0.1578 0.2175 0.3289 0.4731 0.4527 0.2548 0.1529 0.1974 0.2947 0.4415 0.4736 0.3237 0.1554 0.1806 0.2642 0.4008 0.4849 0.3823 0.1673 0.1670 0.2373 0.3605 0.4852 0.4266 0.2007 0.1566 0.2142 0.3235 0.4697 0.4544 0.3671 0.4544 0.4697 0.3235 0.2142 0.1566 0.2007 0.4266 0.4852 0.3605 0.2373 0.1670 0.1673 0.3823 0.4849 0.4008 0.2642 0.1806 0.1554 0.3237 0.4736 0.4415 0.2947 0.1974 0.1529 0.2548 0.4527 0.4731 0.3289 0.2175 0.1578 0.1933 0.4210 0.4860 0.3664 0.2412 0.1689 0.1645 0.3736 0.4837 0.4085 0.2703 0.1845 0.1539 0.2995 0.4653 0.4621 0.3202 0.2165 0.1597 0.2017
0.1843 0.2218 0.3266 0.4659 0.4639 0.2995 0.1542 0.1828 0.2659 0.4009 0.4851 0.3853 0.1688 0.1659 0.2349 0.3566 0.4845 0.4303 0.2064 0.1558 0.2120 0.3198 0.4667 0.4590 0.2729 0.1528 0.1928 0.2865 0.4314 0.4774 0.3399 0.1573 0.1768 0.2569 0.3902 0.4861 0.3952 0.1728 0.1639 0.2311 0.3507 0.4830 0.4354 0.2153 0.1549 0.2089 0.3145 0.4622 0.4619 0.2893 0.1610 0.2893 0.4619 0.4622 0.3145 0.2089 0.1549 0.2153 0.4354 0.4830 0.3507 0.2311 0.1639 0.1728 0.3952 0.4861 0.3902 0.2569 0.1768 0.1573 0.3399 0.4774 0.4314 0.2865 0.1928 0.1528 0.2729 0.4590 0.4667 0.3198 0.2120 0.1558 0.2064 0.4303 0.4845 0.3566 0.2349 0.1659 0.1688 0.3853 0.4851 0.4009 0.2659 0.1828 0.1542 0.2995 0.4639 0.4659 0.3266 0.2218 0.1843
0.2374 0.3361 0.4715 0.4601 0.2913 0.1539 0.1828 0.2644 0.3966 0.4859 0.3941 0.1733 0.1634 0.2294 0.3475 0.4819 0.4386 0.2217 0.1544 0.2067 0.3109 0.4589 0.4646 0.2909 0.1532 0.1884 0.2786 0.4210 0.4806 0.3554 0.1600 0.1732 0.2499 0.3797 0.4867 0.4071 0.1801 0.1611 0.2250 0.3411 0.4796 0.4434 0.2317 0.1537 0.2037 0.3058 0.4538 0.4676 0.3008 0.1521 0.1577 0.1521 0.3008 0.4676 0.4538 0.3058 0.2037 0.1537 0.2317 0.4434 0.4796 0.3411 0.2250 0.1611 0.1801 0.4071 0.4867 0.3797 0.2499 0.1732 0.1600 0.3554 0.4806 0.4210 0.2786 0.1884 0.1532 0.2909 0.4646 0.4589 0.3109 0.2067 0.1544 0.2217 0.4386 0.4819 0.3475 0.2294 0.1634 0.1733 0.3941 0.4859 0.3966 0.2644 0.1828 0.1539 0.2913 0.4601 0.4715 0.3361 0.2374
0.3402 0.4779 0.4545 0.2771 0.1534 0.1845 0.2659 0.3966 0.4861 0.3988 0.1771 0.1616 0.2250 0.3397 0.4786 0.4457 0.2378 0.1534 0.2018 0.3024 0.4501 0.4696 0.3084 0.1541 0.1842 0.2709 0.4104 0.4831 0.3699 0.1634 0.1699 0.2432 0.3695 0.4863 0.4179 0.1897 0.1585 0.2192 0.3317 0.4749 0.4506 0.2493 0.1531 0.1988 0.2973 0.4445 0.4723 0.3185 0.1550 0.1783 0.2160 0.1783 0.1550 0.3185 0.4723 0.4445 0.2973 0.1988 0.1531 0.2493 0.4506 0.4749 0.3317 0.2192 0.1585 0.1897 0.4179 0.4863 0.3695 0.2432 0.1699 0.1634 0.3699 0.4831 0.4104 0.2709 0.1842 0.1541 0.3084 0.4696 0.4501 0.3024 0.2018 0.1534 0.2378 0.4457 0.4786 0.3397 0.2250 0.1616 0.1771 0.3988 0.4861 0.3966 0.2659 0.1845 0.1534 0.2771 0.4545 0.4779 0.3402
0.4743 0.4480 0.2601 0.1529 0.1875 0.2703 0.4009 0.4859 0.3988 0.1785 0.1606 0.2220 0.3338 0.4751 0.4514 0.2531 0.1529 0.1973 0.2943 0.4407 0.4739 0.3253 0.1556 0.1802 0.2634 0.3997 0.4850 0.3836 0.1677 0.1667 0.2367 0.3595 0.4851 0.4275 0.2020 0.1564 0.2137 0.3226 0.4688 0.4571 0.2673 0.1528 0.1942 0.2891 0.4346 0.4763 0.3350 0.1567 0.1782 0.2557 0.3260 0.2557 0.1782 0.1567 0.3350 0.4763 0.4346 0.2891 0.1942 0.1528 0.2673 0.4571 0.4688 0.3226 0.2137 0.1564 0.2020 0.4275 0.4851 0.3595 0.2367 0.1667 0.1677 0.3836 0.4850 0.3997 0.2634 0.1802 0.1556 0.3253 0.4739 0.4407 0.2943 0.1973 0.1529 0.2531 0.4514 0.4751 0.3338 0.2220 0.1606 0.1785 0.3988 0.4859 0.4009 0.2703 0.1875 0.1529 0.2601 0.4480 0.4743
0.4481 0.2424 0.1528 0.1915 0.2766 0.4085 0.4851 0.3941 0.1771 0.1606 0.2209 0.3305 0.4722 0.4554 0.2658 0.1528 0.1934 0.2869 0.4313 0.4776 0.3412 0.1576 0.1765 0.2562 0.3891 0.4862 0.3964 0.1735 0.1636 0.2304 0.3497 0.4827 0.4363 0.2168 0.1548 0.2083 0.3137 0.4614 0.4629 0.2853 0.1531 0.1897 0.2810 0.4242 0.4797 0.3507 0.1591 0.1744 0.2525 0.3834 0.4681 0.3834 0.2525 0.1744 0.1591 0.3507 0.4797 0.4242 0.2810 0.1897 0.1531 0.2853 0.4629 0.4614 0.3137 0.2083 0.1548 0.2168 0.4363 0.4827 0.3497 0.2304 0.1636 0.1735 0.3964 0.4862 0.3891 0.2562 0.1765 0.1576 0.3412 0.4776 0.4313 0.2869 0.1934 0.1528 0.2658 0.4554 0.4722 0.3305 0.2209 0.1606 0.1771 0.3941 0.4851 0.4085 0.2766 0.1915 0.1528 0.2424 0.4481
0.2461 0.1534 0.1959 0.2841 0.4180 0.4837 0.3853 0.1733 0.1616 0.2220 0.3305 0.4711 0.4576 0.2745 0.1529 0.1903 0.2807 0.4225 0.4804 0.3553 0.1601 0.1730 0.2494 0.3788 0.4867 0.4082 0.1810 0.1608 0.2244 0.3402 0.4792 0.4442 0.2334 0.1537 0.2032 0.3050 0.4529 0.4681 0.3030 0.1538 0.1855 0.2733 0.4137 0.4824 0.3655 0.1622 0.1709 0.2453 0.3732 0.4846 0.4575 0.4846 0.3732 0.2453 0.1709 0.1622 0.3655 0.4824 0.4137 0.2733 0.1855 0.1538 0.3030 0.4681 0.4529 0.3050 0.2032 0.1537 0.2334 0.4442 0.4792 0.3402 0.2244 0.1608 0.1810 0.4082 0.4867 0.3788 0.2494 0.1730 0.1601 0.3553 0.4804 0.4225 0.2807 0.1903 0.1529 0.2745 0.4576 0.4711 0.3305 0.2220 0.1616 0.1733 0.3853 0.4837 0.4180 0.2841 0.1959 0.1534 0.2461
0.1790 0.2009 0.2921 0.4282 0.4814 0.3736 0.1688 0.1634 0.2250 0.3338 0.4722 0.4576 0.2777 0.1531 0.1883 0.2762 0.4153 0.4825 0.3672 0.1630 0.1699 0.2430 0.3689 0.4863 0.4188 0.1908 0.1583 0.2187 0.3308 0.4743 0.4513 0.2510 0.1530 0.1984 0.2965 0.4436 0.4727 0.3202 0.1551 0.1814 0.2657 0.4030 0.4845 0.3795 0.1663 0.1676 0.2387 0.3626 0.4855 0.4239 0.3046 0.4239 0.4855 0.3626 0.2387 0.1676 0.1663 0.3795 0.4845 0.4030 0.2657 0.1814 0.1551 0.3202 0.4727 0.4436 0.2965 0.1984 0.1530 0.2510 0.4513 0.4743 0.3308 0.2187 0.1583 0.1908 0.4188 0.4863 0.3689 0.2430 0.1699 0.1630 0.3672 0.4825 0.4153 0.2762 0.1883 0.1531 0.2777 0.4576 0.4722 0.3338 0.2250 0.1634 0.1688 0.3736 0.4814 0.4282 0.2921 0.2009 0.1790
0.2190 0.3011 0.4384 0.4784 0.3599 0.1645 0.1659 0.2294 0.3397 0.4751 0.4554 0.2745 0.1531 0.1876 0.2738 0.4105 0.4837 0.3766 0.1661 0.1673 0.2374 0.3599 0.4851 0.4280 0.2031 0.1562 0.2131 0.3217 0.4681 0.4577 0.2691 0.1528 0.1937 0.2883 0.4336 0.4766 0.3366 0.1569 0.1776 0.2584 0.3924 0.4859 0.3925 0.1715 0.1646 0.2324 0.3527 0.4836 0.4332 0.2164 0.1472 0.2164 0.4332 0.4836 0.3527 0.2324 0.1646 0.1715 0.3925 0.4859 0.3924 0.2584 0.1776 0.1569 0.3366 0.4766 0.4336 0.2883 0.1937 0.1528 0.2691 0.4577 0.4681 0.3217 0.2131 0.1562 0.2031 0.4280 0.4851 0.3599 0.2374 0.1673 0.1661 0.3766 0.4837 0.4105 0.2738 0.1876 0.1531 0.2745 0.4554 0.4751 0.3397 0.2294 0.1659 0.1645 0.3599 0.4784 0.4384 0.3011 0.2190
0.3086 0.4493 0.4748 0.3448 0.1609 0.1689 0.2349 0.3475 0.4786 0.4514 0.2658 0.1529 0.1883 0.2738 0.4088 0.4844 0.3826 0.1689 0.1653 0.2328 0.3520 0.4831 0.4358 0.2168 0.1547 0.2080 0.3129 0.4607 0.4635 0.2871 0.1531 0.1893 0.2803 0.4232 0.4800 0.3522 0.1593 0.1740 0.2514 0.3819 0.4866 0.4047 0.1784 0.1617 0.2263 0.3431 0.4804 0.4418 0.2276 0.1516 0.1704 0.1516 0.2276 0.4418 0.4804 0.3431 0.2263 0.1617 0.1784 0.4047 0.4866 0.3819 0.2514 0.1740 0.1593 0.3522 0.4800 0.4232 0.2803 0.1893 0.1531 0.2871 0.4635 0.4607 0.3129 0.2080 0.1547 0.2168 0.4358 0.4831 0.3520 0.2328 0.1653 0.1689 0.3826 0.4844 0.4088 0.2738 0.1883 0.1529 0.2658 0.4514 0.4786 0.3475 0.2349 0.1689 0.1609 0.3448 0.4748 0.4493 0.3086
0.4455 0.4710 0.3289 0.1581 0.1722 0.2412 0.3566 0.4819 0.4457 0.2531 0.1528 0.1903 0.2762 0.4105 0.4844 0.3847 0.1705 0.1640 0.2294 0.3457 0.4808 0.4421 0.2307 0.1537 0.2033 0.3047 0.4524 0.4685 0.3046 0.1539 0.1851 0.2725 0.4126 0.4827 0.3669 0.1626 0.1706 0.2446 0.3716 0.4865 0.4157 0.1875 0.1590 0.2204 0.3337 0.4760 0.4491 0.2454 0.1533 0.1961 0.2424 0.1961 0.1533 0.2454 0.4491 0.4760 0.3337 0.2204 0.1590 0.1875 0.4157 0.4865 0.3716 0.2446 0.1706 0.1626 0.3669 0.4827 0.4126 0.2725 0.1851 0.1539 0.3046 0.4685 0.4524 0.3047 0.2033 0.1537 0.2307 0.4421 0.4808 0.3457 0.2294 0.1640 0.1705 0.3847 0.4844 0.4105 0.2762 0.1903 0.1528 0.2531 0.4457 0.4819 0.3566 0.2412 0.1722 0.1581 0.3289 0.4710 0.4455
0.4711 0.3120 0.1559 0.1757 0.2478 0.3664 0.4845 0.4386 0.2378 0.1529 0.1934 0.2807 0.4153 0.4837 0.3826 0.1705 0.1636 0.2277 0.3417 0.4786 0.4469 0.2432 0.1531 0.1992 0.2972 0.4438 0.4727 0.3210 0.1552 0.1811 0.2650 0.4020 0.4847 0.3808 0.1667 0.1673 0.2381 0.3616 0.4854 0.4256 0.1992 0.1568 0.2148 0.3245 0.4702 0.4558 0.2635 0.1529 0.1954 0.2881 0.3689 0.2881 0.1954 0.1529 0.2635 0.4558 0.4702 0.3245 0.2148 0.1568 0.1992 0.4256 0.4854 0.3616 0.2381 0.1673 0.1667 0.3808 0.4847 0.4020 0.2650 0.1811 0.1552 0.3210 0.4727 0.4438 0.2972 0.1992 0.1531 0.2432 0.4469 0.4786 0.3417 0.2277 0.1636 0.1705 0.3826 0.4837 0.4153 0.2807 0.1934 0.1529 0.2378 0.4386 0.4845 0.3664 0.2478 0.1757 0.1559 0.3120 0.4711
0.3106 0.1545 0.1794 0.2547 0.3765 0.4860 0.4303 0.2217 0.1534 0.1973 0.2869 0.4225 0.4825 0.3766 0.1689 0.1640 0.2277 0.3404 0.4774 0.4498 0.2526 0.1529 0.1959 0.2908 0.4355 0.4762 0.3358 0.1569 0.1774 0.2579 0.3914 0.4860 0.3938 0.1721 0.1643 0.2317 0.3518 0.4833 0.4345 0.2135 0.1551 0.2094 0.3155 0.4631 0.4617 0.2816 0.1530 0.1907 0.2832 0.4270 0.4818 0.4270 0.2832 0.1907 0.1530 0.2816 0.4617 0.4631 0.3155 0.2094 0.1551 0.2135 0.4345 0.4833 0.3518 0.2317 0.1643 0.1721 0.3938 0.4860 0.3914 0.2579 0.1774 0.1569 0.3358 0.4762 0.4355 0.2908 0.1959 0.1529 0.2526 0.4498 0.4774 0.3404 0.2277 0.1640 0.1689 0.3766 0.4825 0.4225 0.2869 0.1973 0.1534 0.2217 0.4303 0.4860 0.3765 0.2547 0.1794 0.1545 0.3106
0.1792 0.1836 0.2619 0.3869 0.4867 0.4210 0.2064 0.1544 0.2018 0.2943 0.4313 0.4804 0.3672 0.1661 0.1653 0.2294 0.3417 0.4774 0.4508 0.2575 0.1528 0.1935 0.2858 0.4283 0.4789 0.3488 0.1590 0.1742 0.2514 0.3815 0.4866 0.4057 0.1791 0.1614 0.2257 0.3422 0.4801 0.4426 0.2298 0.1539 0.2043 0.3068 0.4548 0.4671 0.2993 0.1536 0.1864 0.2749 0.4164 0.4796 0.4295 0.4796 0.4164 0.2749 0.1864 0.1536 0.2993 0.4671 0.4548 0.3068 0.2043 0.1539 0.2298 0.4426 0.4801 0.3422 0.2257 0.1614 0.1791 0.4057 0.4866 0.3815 0.2514 0.1742 0.1590 0.3488 0.4789 0.4283 0.2858 0.1935 0.1528 0.2575 0.4508 0.4774 0.3417 0.2294 0.1653 0.1661 0.3672 0.4804 0.4313 0.2943 0.2018 0.1544 0.2064 0.4210 0.4867 0.3869 0.2619 0.1836 0.1792
0.2040 0.2698 0.3974 0.4864 0.4106 0.1933 0.1558 0.2067 0.3024 0.4407 0.4776 0.3553 0.1630 0.1673 0.2328 0.3457 0.4786 0.4498 0.2575 0.1528 0.1923 0.2827 0.4230 0.4808 0.3592 0.1613 0.1714 0.2456 0.3723 0.4865 0.4161 0.1882 0.1588 0.2199 0.3328 0.4755 0.4498 0.2472 0.1531 0.1994 0.2983 0.4456 0.4718 0.3166 0.1548 0.1823 0.2673 0.4053 0.4838 0.3793 0.2319 0.3793 0.4838 0.4053 0.2673 0.1823 0.1548 0.3166 0.4718 0.4456 0.2983 0.1994 0.1531 0.2472 0.4498 0.4755 0.3328 0.2199 0.1588 0.1882 0.4161 0.4865 0.3723 0.2456 0.1714 0.1613 0.3592 0.4808 0.4230 0.2827 0.1923 0.1528 0.2575 0.4498 0.4786 0.3457 0.2328 0.1673 0.1630 0.3553 0.4776 0.4407 0.3024 0.2067 0.1558 0.1933 0.4106 0.4864 0.3974 0.2698 0.2040
0.2804 0.4091 0.4853 0.3990 0.1828 0.1578 0.2120 0.3109 0.4501 0.4739 0.3412 0.1601 0.1699 0.2374 0.3520 0.4808 0.4469 0.2526 0.1528 0.1923 0.2816 0.4202 0.4818 0.3665 0.1634 0.1691 0.2406 0.3641 0.4856 0.4249 0.1990 0.1568 0.2145 0.3238 0.4696 0.4564 0.2653 0.1528 0.1947 0.2900 0.4357 0.4758 0.3332 0.1564 0.1784 0.2600 0.3946 0.4857 0.3894 0.1707 0.1467 0.1707 0.3894 0.4857 0.3946 0.2600 0.1784 0.1564 0.3332 0.4758 0.4357 0.2900 0.1947 0.1528 0.2653 0.4564 0.4696 0.3238 0.2145 0.1568 0.1990 0.4249 0.4856 0.3641 0.2406 0.1691 0.1634 0.3665 0.4818 0.4202 0.2816 0.1923 0.1528 0.2526 0.4469 0.4808 0.3520 0.2374 0.1699 0.1601 0.3412 0.4739 0.4501 0.3109 0.2120 0.1578 0.1828 0.3990 0.4853 0.4091 0.2804
0.4075 0.4842 0.3864 0.1749 0.1603 0.2175 0.3198 0.4589 0.4696 0.3253 0.1576 0.1730 0.2430 0.3599 0.4831 0.4421 0.2432 0.1529 0.1935 0.2827 0.4202 0.4822 0.3702 0.1650 0.1675 0.2368 0.3574 0.4843 0.4321 0.2110 0.1552 0.2096 0.3154 0.4627 0.4622 0.2832 0.1530 0.1902 0.2819 0.4254 0.4793 0.3489 0.1588 0.1747 0.2529 0.3841 0.4865 0.4022 0.1767 0.1593 0.1865 0.1593 0.1767 0.4022 0.4865 0.3841 0.2529 0.1747 0.1588 0.3489 0.4793 0.4254 0.2819 0.1902 0.1530 0.2832 0.4622 0.4627 0.3154 0.2096 0.1552 0.2110 0.4321 0.4843 0.3574 0.2368 0.1675 0.1650 0.3702 0.4822 0.4202 0.2827 0.1935 0.1529 0.2432 0.4421 0.4831 0.3599 0.2430 0.1730 0.1576 0.3253 0.4696 0.4589 0.3198 0.2175 0.1603 0.1749 0.3864 0.4842 0.4075
0.4837 0.3729 0.1688 0.1630 0.2232 0.3289 0.4667 0.4646 0.3084 0.1556 0.1765 0.2494 0.3689 0.4851 0.4358 0.2307 0.1531 0.1959 0.2858 0.4230 0.4818 0.3702 0.1656 0.1667 0.2344 0.3527 0.4829 0.4377 0.2225 0.1542 0.2052 0.3077 0.4552 0.4671 0.3002 0.1537 0.1860 0.2741 0.4149 0.4821 0.3639 0.1618 0.1713 0.2460 0.3738 0.4866 0.4135 0.1854 0.1597 0.2178 0.2736 0.2178 0.1597 0.1854 0.4135 0.4866 0.3738 0.2460 0.1713 0.1618 0.3639 0.4821 0.4149 0.2741 0.1860 0.1537 0.3002 0.4671 0.4552 0.3077 0.2052 0.1542 0.2225 0.4377 0.4829 0.3527 0.2344 0.1667 0.1656 0.3702 0.4818 0.4230 0.2858 0.1959 0.1531 0.2307 0.4358 0.4851 0.3689 0.2494 0.1765 0.1556 0.3084 0.4646 0.4667 0.3289 0.2232 0.1630 0.1688 0.3729 0.4837
0.3708 0.1643 0.1660 0.2292 0.3382 0.4731 0.4590 0.2909 0.1541 0.1802 0.2562 0.3788 0.4863 0.4280 0.2168 0.1537 0.1992 0.2908 0.4283 0.4808 0.3665 0.1650 0.1667 0.2336 0.3503 0.4817 0.4415 0.2320 0.1535 0.2016 0.3009 0.4475 0.4713 0.3158 0.1548 0.1821 0.2667 0.4043 0.4843 0.3779 0.1658 0.1680 0.2394 0.3637 0.4857 0.4236 0.1965 0.1573 0.2163 0.3250 0.4147 0.3250 0.2163 0.1573 0.1965 0.4236 0.4857 0.3637 0.2394 0.1680 0.1658 0.3779 0.4843 0.4043 0.2667 0.1821 0.1548 0.3158 0.4713 0.4475 0.3009 0.2016 0.1535 0.2320 0.4415 0.4817 0.3503 0.2336 0.1667 0.1650 0.3665 0.4808 0.4283 0.2908 0.1992 0.1537 0.2168 0.4280 0.4863 0.3788 0.2562 0.1802 0.1541 0.2909 0.4590 0.4731 0.3382 0.2292 0.1660 0.1643 0.3708
0.1862 0.1693 0.2353 0.3477 0.4783 0.4527 0.2729 0.1532 0.1842 0.2634 0.3891 0.4867 0.4188 0.2031 0.1547 0.2033 0.2972 0.4355 0.4789 0.3592 0.1634 0.1675 0.2344 0.3503 0.4813 0.4434 0.2383 0.1532 0.1989 0.2955 0.4405 0.4746 0.3297 0.1562 0.1786 0.2599 0.3941 0.4858 0.3910 0.1709 0.1649 0.2331 0.3538 0.4839 0.4327 0.2103 0.1554 0.2106 0.3179 0.4643 0.4791 0.4643 0.3179 0.2106 0.1554 0.2103 0.4327 0.4839 0.3538 0.2331 0.1649 0.1709 0.3910 0.4858 0.3941 0.2599 0.1786 0.1562 0.3297 0.4746 0.4405 0.2955 0.1989 0.1532 0.2383 0.4434 0.4813 0.3503 0.2344 0.1675 0.1634 0.3592 0.4789 0.4355 0.2972 0.2033 0.1547 0.2031 0.4188 0.4867 0.3891 0.2634 0.1842 0.1532 0.2729 0.4527 0.4783 0.3477 0.2353 0.1693 0.1862
0.1921 0.2422 0.3574 0.4821 0.4457 0.2548 0.1528 0.1884 0.2709 0.3997 0.4862 0.4082 0.1908 0.1562 0.2080 0.3047 0.4438 0.4762 0.3488 0.1613 0.1691 0.2368 0.3527 0.4817 0.4434 0.2405 0.1531 0.1972 0.2916 0.4349 0.4770 0.3411 0.1579 0.1756 0.2538 0.3847 0.4865 0.4027 0.1773 0.1620 0.2270 0.3442 0.4809 0.4409 0.2262 0.1541 0.2054 0.3086 0.4570 0.4637 0.3884 0.4637 0.4570 0.3086 0.2054 0.1541 0.2262 0.4409 0.4809 0.3442 0.2270 0.1620 0.1773 0.4027 0.4865 0.3847 0.2538 0.1756 0.1579 0.3411 0.4770 0.4349 0.2916 0.1972 0.1531 0.2405 0.4434 0.4817 0.3527 0.2368 0.1691 0.1613 0.3488 0.4762 0.4438 0.3047 0.2080 0.1562 0.1908 0.4082 0.4862 0.3997 0.2709 0.1884 0.1528 0.2548 0.4457 0.4821 0.3574 0.2422 0.1921
0.2556 0.3682 0.4846 0.4380 0.2371 0.1529 0.1928 0.2786 0.4104 0.4850 0.3964 0.1810 0.1583 0.2131 0.3129 0.4524 0.4727 0.3358 0.1590 0.1714 0.2406 0.3574 0.4829 0.4415 0.2383 0.1531 0.1967 0.2897 0.4314 0.4786 0.3496 0.1595 0.1731 0.2485 0.3763 0.4866 0.4127 0.1852 0.1595 0.2213 0.3349 0.4766 0.4484 0.2435 0.1532 0.2004 0.3000 0.4477 0.4704 0.3185 0.1735 0.3185 0.4704 0.4477 0.3000 0.2004 0.1532 0.2435 0.4484 0.4766 0.3349 0.2213 0.1595 0.1852 0.4127 0.4866 0.3763 0.2485 0.1731 0.1595 0.3496 0.4786 0.4314 0.2897 0.1967 0.1531 0.2383 0.4415 0.4829 0.3574 0.2406 0.1714 0.1590 0.3358 0.4727 0.4524 0.3129 0.2131 0.1583 0.1810 0.3964 0.4850 0.4104 0.2786 0.1928 0.1529 0.2371 0.4380 0.4846 0.3682 0.2556
0.3696 0.4870 0.4295 0.2202 0.1535 0.1974 0.2865 0.4210 0.4831 0.3836 0.1735 0.1608 0.2187 0.3217 0.4607 0.4685 0.3210 0.1569 0.1742 0.2456 0.3641 0.4843 0.4377 0.2320 0.1532 0.1972 0.2897 0.4302 0.4793 0.3547 0.1609 0.1713 0.2444 0.3692 0.4862 0.4211 0.1946 0.1574 0.2161 0.3263 0.4712 0.4549 0.2613 0.1528 0.1957 0.2917 0.4379 0.4750 0.3292 0.1548 0.1534 0.1548 0.3292 0.4750 0.4379 0.2917 0.1957 0.1528 0.2613 0.4549 0.4712 0.3263 0.2161 0.1574 0.1946 0.4211 0.4862 0.3692 0.2444 0.1713 0.1609 0.3547 0.4793 0.4302 0.2897 0.1972 0.1532 0.2320 0.4377 0.4843 0.3641 0.2456 0.1742 0.1569 0.3210 0.4685 0.4607 0.3217 0.2187 0.1608 0.1735 0.3836 0.4831 0.4210 0.2865 0.1974 0.1535 0.2202 0.4295 0.4870 0.3696
0.4850 0.4200 0.2050 0.1545 0.2022 0.2947 0.4314 0.4806 0.3699 0.1677 0.1636 0.2244 0.3308 0.4681 0.4635 0.3046 0.1552 0.1774 0.2514 0.3723 0.4856 0.4321 0.2225 0.1535 0.1989 0.2916 0.4314 0.4793 0.3564 0.1616 0.1702 0.2415 0.3639 0.4854 0.4276 0.2044 0.1558 0.2115 0.3183 0.4650 0.4606 0.2787 0.1529 0.1912 0.2836 0.4276 0.4786 0.3456 0.1582 0.1721 0.2066 0.1721 0.1582 0.3456 0.4786 0.4276 0.2836 0.1912 0.1529 0.2787 0.4606 0.4650 0.3183 0.2115 0.1558 0.2044 0.4276 0.4854 0.3639 0.2415 0.1702 0.1616 0.3564 0.4793 0.4314 0.2916 0.1989 0.1535 0.2225 0.4321 0.4856 0.3723 0.2514 0.1774 0.1552 0.3046 0.4635 0.4681 0.3308 0.2244 0.1636 0.1677 0.3699 0.4806 0.4314 0.2947 0.2022 0.1545 0.2050 0.4200 0.4850
0.4189 0.1922 0.1560 0.2072 0.3031 0.4415 0.4774 0.3554 0.1634 0.1667 0.2304 0.3402 0.4743 0.4577 0.2871 0.1539 0.1811 0.2579 0.3815 0.4865 0.4249 0.2110 0.1542 0.2016 0.2955 0.4349 0.4786 0.3547 0.1616 0.1698 0.2401 0.3606 0.4846 0.4323 0.2134 0.1548 0.2075 0.3111 0.4582 0.4654 0.2948 0.1534 0.1870 0.2759 0.4172 0.4816 0.3608 0.1611 0.1722 0.2438 0.3098 0.2438 0.1722 0.1611 0.3608 0.4816 0.4172 0.2759 0.1870 0.1534 0.2948 0.4654 0.4582 0.3111 0.2075 0.1548 0.2134 0.4323 0.4846 0.3606 0.2401 0.1698 0.1616 0.3547 0.4786 0.4349 0.2955 0.2016 0.1542 0.2110 0.4249 0.4865 0.3815 0.2579 0.1811 0.1539 0.2871 0.4577 0.4743 0.3402 0.2304 0.1667 0.1634 0.3554 0.4774 0.4415 0.3031 0.2072 0.1560 0.1922 0.4189
0.2062 0.1581 0.2125 0.3118 0.4510 0.4736 0.3399 0.1600 0.1699 0.2367 0.3497 0.4792 0.4513 0.2691 0.1531 0.1851 0.2650 0.3914 0.4866 0.4161 0.1990 0.1552 0.2052 0.3009 0.4405 0.4770 0.3496 0.1609 0.1702 0.2401 0.3596 0.4842 0.4351 0.2201 0.1541 0.2045 0.3052 0.4517 0.4694 0.3096 0.1543 0.1833 0.2688 0.4070 0.4839 0.3749 0.1648 0.1687 0.2412 0.3659 0.4559 0.3659 0.2412 0.1687 0.1648 0.3749 0.4839 0.4070 0.2688 0.1833 0.1543 0.3096 0.4694 0.4517 0.3052 0.2045 0.1541 0.2201 0.4351 0.4842 0.3596 0.2401 0.1702 0.1609 0.3496 0.4770 0.4405 0.3009 0.2052 0.1552 0.1990 0.4161 0.4866 0.3914 0.2650 0.1851 0.1531 0.2691 0.4513 0.4792 0.3497 0.2367 0.1699 0.1600 0.3399 0.4736 0.4510 0.3118 0.2125 0.1581 0.2062
0.1832 0.2183 0.3206 0.4597 0.4691 0.3237 0.1573 0.1732 0.2432 0.3595 0.4827 0.4442 0.2510 0.1528 0.1893 0.2725 0.4020 0.4860 0.4057 0.1882 0.1568 0.2096 0.3077 0.4475 0.4746 0.3411 0.1595 0.1713 0.2415 0.3606 0.4842 0.4360 0.2235 0.1538 0.2024 0.3009 0.4461 0.4724 0.3221 0.1555 0.1800 0.2623 0.3974 0.4854 0.3878 0.1696 0.1656 0.2344 0.3564 0.4828 0.4657 0.4828 0.3564 0.2344 0.1656 0.1696 0.3878 0.4854 0.3974 0.2623 0.1800 0.1555 0.3221 0.4724 0.4461 0.3009 0.2024 0.1538 0.2235 0.4360 0.4842 0.3606 0.2415 0.1713 0.1595 0.3411 0.4746 0.4475 0.3077 0.2096 0.1568 0.1882 0.4057 0.4860 0.4020 0.2725 0.1893 0.1528 0.2510 0.4442 0.4827 0.3595 0.2432 0.1732 0.1573 0.3237 0.4691 0.4597 0.3206 0.2183 0.1832
0.2344 0.3305 0.4673 0.4641 0.3067 0.1554 0.1768 0.2499 0.3695 0.4851 0.4363 0.2334 0.1530 0.1937 0.2803 0.4126 0.4847 0.3938 0.1791 0.1588 0.2145 0.3154 0.4552 0.4713 0.3297 0.1579 0.1731 0.2444 0.3639 0.4846 0.4351 0.2235 0.1537 0.2013 0.2982 0.4421 0.4746 0.3318 0.1567 0.1772 0.2567 0.3886 0.4863 0.3991 0.1753 0.1627 0.2283 0.3463 0.4816 0.4377 0.3318 0.4377 0.4816 0.3463 0.2283 0.1627 0.1753 0.3991 0.4863 0.3886 0.2567 0.1772 0.1567 0.3318 0.4746 0.4421 0.2982 0.2013 0.1537 0.2235 0.4351 0.4846 0.3639 0.2444 0.1731 0.1579 0.3297 0.4713 0.4552 0.3154 0.2145 0.1588 0.1791 0.3938 0.4847 0.4126 0.2803 0.1937 0.1530 0.2334 0.4363 0.4851 0.3695 0.2499 0.1768 0.1554 0.3067 0.4641 0.4673 0.3305 0.2344
0.3352 0.4748 0.4584 0.2891 0.1540 0.1806 0.2569 0.3797 0.4863 0.4275 0.2168 0.1537 0.1984 0.2883 0.4232 0.4827 0.3808 0.1721 0.1614 0.2199 0.3238 0.4627 0.4671 0.3158 0.1562 0.1756 0.2485 0.3692 0.4854 0.4323 0.2201 0.1538 0.2013 0.2973 0.4399 0.4758 0.3385 0.1578 0.1751 0.2521 0.3810 0.4867 0.4088 0.1822 0.1602 0.2228 0.3372 0.4777 0.4464 0.2450 0.1508 0.2450 0.4464 0.4777 0.3372 0.2228 0.1602 0.1822 0.4088 0.4867 0.3810 0.2521 0.1751 0.1578 0.3385 0.4758 0.4399 0.2973 0.2013 0.1538 0.2201 0.4323 0.4854 0.3692 0.2485 0.1756 0.1562 0.3158 0.4671 0.4627 0.3238 0.2199 0.1614 0.1721 0.3808 0.4827 0.4232 0.2883 0.1984 0.1537 0.2168 0.4275 0.4863 0.3797 0.2569 0.1806 0.1540 0.2891 0.4584 0.4748 0.3352
0.4710 0.4522 0.2712 0.1532 0.1846 0.2642 0.3902 0.4867 0.4179 0.2020 0.1548 0.2032 0.2965 0.4336 0.4800 0.3669 0.1667 0.1643 0.2257 0.3328 0.4696 0.4622 0.3002 0.1548 0.1786 0.2538 0.3763 0.4862 0.4276 0.2134 0.1541 0.2024 0.2982 0.4399 0.4762 0.3419 0.1586 0.1737 0.2486 0.3750 0.4865 0.4165 0.1899 0.1582 0.2179 0.3289 0.4728 0.4534 0.2564 0.1508 0.1649 0.1508 0.2564 0.4534 0.4728 0.3289 0.2179 0.1582 0.1899 0.4165 0.4865 0.3750 0.2486 0.1737 0.1586 0.3419 0.4762 0.4399 0.2982 0.2024 0.1541 0.2134 0.4276 0.4862 0.3763 0.2538 0.1786 0.1548 0.3002 0.4622 0.4696 0.3328 0.2257 0.1643 0.1667 0.3669 0.4800 0.4336 0.2965 0.2032 0.1548 0.2020 0.4179 0.4867 0.3902 0.2642 0.1846 0.1532 0.2712 0.4522 0.4710
0.4523 0.2531 0.1528 0.1888 0.2716 0.4008 0.4861 0.4071 0.1897 0.1564 0.2083 0.3050 0.4436 0.4766 0.3522 0.1626 0.1673 0.2317 0.3422 0.4755 0.4564 0.2832 0.1537 0.1821 0.2599 0.3847 0.4866 0.4211 0.2044 0.1548 0.2045 0.3009 0.4421 0.4758 0.3419 0.1589 0.1729 0.2466 0.3709 0.4862 0.4223 0.1976 0.1567 0.2136 0.3214 0.4673 0.4589 0.2736 0.1530 0.1886 0.2314 0.1886 0.1530 0.2736 0.4589 0.4673 0.3214 0.2136 0.1567 0.1976 0.4223 0.4862 0.3709 0.2466 0.1729 0.1589 0.3419 0.4758 0.4421 0.3009 0.2045 0.1548 0.2044 0.4211 0.4866 0.3847 0.2599 0.1821 0.1537 0.2832 0.4564 0.4755 0.3422 0.2317 0.1673 0.1626 0.3522 0.4766 0.4436 0.3050 0.2083 0.1564 0.1897 0.4071 0.4861 0.4008 0.2716 0.1888 0.1528 0.2531 0.4523
0.2554 0.1531 0.1932 0.2794 0.4114 0.4849 0.3952 0.1801 0.1585 0.2137 0.3137 0.4529 0.4727 0.3366 0.1593 0.1706 0.2381 0.3518 0.4801 0.4498 0.2653 0.1530 0.1860 0.2667 0.3941 0.4865 0.4127 0.1946 0.1558 0.2075 0.3052 0.4461 0.4746 0.3385 0.1586 0.1729 0.2459 0.3688 0.4859 0.4260 0.2040 0.1557 0.2102 0.3151 0.4615 0.4636 0.2890 0.1533 0.1885 0.2751 0.3519 0.2751 0.1885 0.1533 0.2890 0.4636 0.4615 0.3151 0.2102 0.1557 0.2040 0.4260 0.4859 0.3688 0.2459 0.1729 0.1586 0.3385 0.4746 0.4461 0.3052 0.2075 0.1558 0.1946 0.4127 0.4865 0.3941 0.2667 0.1860 0.1530 0.2653 0.4498 0.4801 0.3518 0.2381 0.1706 0.1593 0.3366 0.4727 0.4529 0.3137 0.2137 0.1585 0.1801 0.3952 0.4849 0.4114 0.2794 0.1932 0.1531 0.2554
0.1787 0.1981 0.2873 0.4220 0.4829 0.3823 0.1728 0.1611 0.2192 0.3226 0.4614 0.4681 0.3202 0.1569 0.1740 0.2446 0.3616 0.4833 0.4426 0.2472 0.1528 0.1902 0.2741 0.4043 0.4858 0.4027 0.1852 0.1574 0.2115 0.3111 0.4517 0.4724 0.3318 0.1578 0.1737 0.2466 0.3688 0.4857 0.4279 0.2083 0.1550 0.2078 0.3103 0.4562 0.4672 0.3026 0.1539 0.1847 0.2717 0.4109 0.4792 0.4109 0.2717 0.1847 0.1539 0.3026 0.4672 0.4562 0.3103 0.2078 0.1550 0.2083 0.4279 0.4857 0.3688 0.2466 0.1737 0.1578 0.3318 0.4724 0.4517 0.3111 0.2115 0.1574 0.1852 0.4027 0.4858 0.4043 0.2741 0.1902 0.1528 0.2472 0.4426 0.4833 0.3616 0.2446 0.1740 0.1569 0.3202 0.4681 0.4614 0.3226 0.2192 0.1611 0.1728 0.3823 0.4829 0.4220 0.2873 0.1981 0.1787
0.2166 0.2961 0.4323 0.4803 0.3685 0.1673 0.1639 0.2250 0.3317 0.4688 0.4629 0.3030 0.1551 0.1776 0.2514 0.3716 0.4854 0.4345 0.2298 0.1531 0.1947 0.2819 0.4149 0.4843 0.3910 0.1773 0.1595 0.2161 0.3183 0.4582 0.4694 0.3221 0.1567 0.1751 0.2486 0.3709 0.4859 0.4279 0.2099 0.1548 0.2062 0.3069 0.4521 0.4699 0.3136 0.1548 0.1816 0.2651 0.4016 0.4828 0.4409 0.4828 0.4016 0.2651 0.1816 0.1548 0.3136 0.4699 0.4521 0.3069 0.2062 0.1548 0.2099 0.4279 0.4859 0.3709 0.2486 0.1751 0.1567 0.3221 0.4694 0.4582 0.3183 0.2161 0.1595 0.1773 0.3910 0.4843 0.4149 0.2819 0.1947 0.1531 0.2298 0.4345 0.4854 0.3716 0.2514 0.1776 0.1551 0.3030 0.4629 0.4688 0.3317 0.2250 0.1639 0.1673 0.3685 0.4803 0.4323 0.2961 0.2166
0.3041 0.4436 0.4770 0.3539 0.1630 0.1670 0.2311 0.3411 0.4749 0.4571 0.2853 0.1538 0.1814 0.2584 0.3819 0.4865 0.4256 0.2135 0.1539 0.1994 0.2900 0.4254 0.4821 0.3779 0.1709 0.1620 0.2213 0.3263 0.4650 0.4654 0.3096 0.1555 0.1772 0.2521 0.3750 0.4862 0.4260 0.2083 0.1548 0.2057 0.3051 0.4494 0.4716 0.3215 0.1556 0.1792 0.2599 0.3929 0.4858 0.3959 0.2567 0.3959 0.4858 0.3929 0.2599 0.1792 0.1556 0.3215 0.4716 0.4494 0.3051 0.2057 0.1548 0.2083 0.4260 0.4862 0.3750 0.2521 0.1772 0.1555 0.3096 0.4654 0.4650 0.3263 0.2213 0.1620 0.1709 0.3779 0.4821 0.4254 0.2900 0.1994 0.1539 0.2135 0.4256 0.4865 0.3819 0.2584 0.1814 0.1538 0.2853 0.4571 0.4749 0.3411 0.2311 0.1670 0.1630 0.3539 0.4770 0.4436 0.3041
0.4401 0.4736 0.3384 0.1597 0.1702 0.2373 0.3507 0.4796 0.4506 0.2673 0.1531 0.1855 0.2657 0.3924 0.4866 0.4157 0.1992 0.1551 0.2043 0.2983 0.4357 0.4793 0.3639 0.1658 0.1649 0.2270 0.3349 0.4712 0.4606 0.2948 0.1543 0.1800 0.2567 0.3810 0.4865 0.4223 0.2040 0.1550 0.2062 0.3051 0.4483 0.4725 0.3263 0.1563 0.1774 0.2561 0.3863 0.4866 0.4034 0.1801 0.1459 0.1801 0.4034 0.4866 0.3863 0.2561 0.1774 0.1563 0.3263 0.4725 0.4483 0.3051 0.2062 0.1550 0.2040 0.4223 0.4865 0.3810 0.2567 0.1800 0.1543 0.2948 0.4606 0.4712 0.3349 0.2270 0.1649 0.1658 0.3639 0.4793 0.4357 0.2983 0.2043 0.1551 0.1992 0.4157 0.4866 0.3924 0.2657 0.1855 0.1531 0.2673 0.4506 0.4796 0.3507 0.2373 0.1702 0.1597 0.3384 0.4736 0.4401
0.4737 0.3221 0.1571 0.1736 0.2439 0.3605 0.4830 0.4434 0.2493 0.1528 0.1897 0.2733 0.4030 0.4859 0.4047 0.1875 0.1568 0.2094 0.3068 0.4456 0.4758 0.3489 0.1618 0.1680 0.2331 0.3442 0.4766 0.4549 0.2787 0.1534 0.1833 0.2623 0.3886 0.4867 0.4165 0.1976 0.1557 0.2078 0.3069 0.4494 0.4725 0.3279 0.1567 0.1764 0.2535 0.3816 0.4867 0.4108 0.1846 0.1565 0.1819 0.1565 0.1846 0.4108 0.4867 0.3816 0.2535 0.1764 0.1567 0.3279 0.4725 0.4494 0.3069 0.2078 0.1557 0.1976 0.4165 0.4867 0.3886 0.2623 0.1833 0.1534 0.2787 0.4549 0.4766 0.3442 0.2331 0.1680 0.1618 0.3489 0.4758 0.4456 0.3068 0.2094 0.1568 0.1875 0.4047 0.4859 0.4030 0.2733 0.1897 0.1528 0.2493 0.4434 0.4830 0.3605 0.2439 0.1736 0.1571 0.3221 0.4737
0.3204 0.1553 0.1772 0.2506 0.3705 0.4852 0.4354 0.2317 0.1531 0.1942 0.2810 0.4137 0.4845 0.3925 0.1784 0.1590 0.2148 0.3155 0.4548 0.4718 0.3332 0.1588 0.1713 0.2394 0.3538 0.4809 0.4484 0.2613 0.1529 0.1870 0.2688 0.3974 0.4863 0.4088 0.1899 0.1567 0.2102 0.3103 0.4521 0.4716 0.3263 0.1567 0.1760 0.2521 0.3786 0.4866 0.4157 0.1904 0.1580 0.2128 0.2660 0.2128 0.1580 0.1904 0.4157 0.4866 0.3786 0.2521 0.1760 0.1567 0.3263 0.4716 0.4521 0.3103 0.2102 0.1567 0.1899 0.4088 0.4863 0.3974 0.2688 0.1870 0.1529 0.2613 0.4484 0.4809 0.3538 0.2394 0.1713 0.1588 0.3332 0.4718 0.4548 0.3155 0.2148 0.1590 0.1784 0.3925 0.4845 0.4137 0.2810 0.1942 0.1531 0.2317 0.4354 0.4852 0.3705 0.2506 0.1772 0.1553 0.3204
0.1798 0.1812 0.2576 0.3808 0.4864 0.4266 0.2153 0.1537 0.1988 0.2891 0.4242 0.4824 0.3795 0.1715 0.1617 0.2204 0.3245 0.4631 0.4671 0.3166 0.1564 0.1747 0.2460 0.3637 0.4839 0.4409 0.2435 0.1528 0.1912 0.2759 0.4070 0.4854 0.3991 0.1822 0.1582 0.2136 0.3151 0.4562 0.4699 0.3215 0.1563 0.1764 0.2521 0.3776 0.4866 0.4187 0.1948 0.1569 0.2139 0.3187 0.4063 0.3187 0.2139 0.1569 0.1948 0.4187 0.4866 0.3776 0.2521 0.1764 0.1563 0.3215 0.4699 0.4562 0.3151 0.2136 0.1582 0.1822 0.3991 0.4854 0.4070 0.2759 0.1912 0.1528 0.2435 0.4409 0.4839 0.3637 0.2460 0.1747 0.1564 0.3166 0.4671 0.4631 0.3245 0.2204 0.1617 0.1715 0.3795 0.4824 0.4242 0.2891 0.1988 0.1537 0.2153 0.4266 0.4864 0.3808 0.2576 0.1812 0.1798
0.2020 0.2654 0.3911 0.4867 0.4169 0.2007 0.1549 0.2037 0.2973 0.4346 0.4797 0.3655 0.1663 0.1646 0.2263 0.3337 0.4702 0.4617 0.2993 0.1548 0.1784 0.2529 0.3738 0.4857 0.4327 0.2262 0.1532 0.1957 0.2836 0.4172 0.4839 0.3878 0.1753 0.1602 0.2179 0.3214 0.4615 0.4672 0.3136 0.1556 0.1774 0.2535 0.3786 0.4866 0.4197 0.1971 0.1563 0.2115 0.3166 0.4614 0.4803 0.4614 0.3166 0.2115 0.1563 0.1971 0.4197 0.4866 0.3786 0.2535 0.1774 0.1556 0.3136 0.4672 0.4615 0.3214 0.2179 0.1602 0.1753 0.3878 0.4839 0.4172 0.2836 0.1957 0.1532 0.2262 0.4327 0.4857 0.3738 0.2529 0.1784 0.1548 0.2993 0.4617 0.4702 0.3337 0.2263 0.1646 0.1663 0.3655 0.4797 0.4346 0.2973 0.2037 0.1549 0.2007 0.4169 0.4867 0.3911 0.2654 0.2020
0.2764 0.4028 0.4860 0.4060 0.1887 0.1566 0.2089 0.3058 0.4445 0.4763 0.3507 0.1622 0.1676 0.2324 0.3431 0.4760 0.4558 0.2816 0.1536 0.1823 0.2600 0.3841 0.4866 0.4236 0.2103 0.1541 0.2004 0.2917 0.4276 0.4816 0.3749 0.1696 0.1627 0.2228 0.3289 0.4673 0.4636 0.3026 0.1548 0.1792 0.2561 0.3816 0.4866 0.4187 0.1971 0.1561 0.2105 0.3135 0.4587 0.4643 0.3906 0.4643 0.4587 0.3135 0.2105 0.1561 0.1971 0.4187 0.4866 0.3816 0.2561 0.1792 0.1548 0.3026 0.4636 0.4673 0.3289 0.2228 0.1627 0.1696 0.3749 0.4816 0.4276 0.2917 0.2004 0.1541 0.2103 0.4236 0.4866 0.3841 0.2600 0.1823 0.1536 0.2816 0.4558 0.4760 0.3431 0.2324 0.1676 0.1622 0.3507 0.4763 0.4445 0.3058 0.2089 0.1566 0.1887 0.4060 0.4860 0.4028 0.2764
0.4016 0.4854 0.3940 0.1793 0.1588 0.2142 0.3145 0.4538 0.4723 0.3350 0.1591 0.1709 0.2387 0.3527 0.4804 0.4491 0.2635 0.1530 0.1864 0.2673 0.3946 0.4865 0.4135 0.1965 0.1554 0.2054 0.3000 0.4379 0.4786 0.3608 0.1648 0.1656 0.2283 0.3372 0.4728 0.4589 0.2890 0.1539 0.1816 0.2599 0.3863 0.4867 0.4157 0.1948 0.1563 0.2105 0.3126 0.4567 0.4676 0.3139 0.1723 0.3139 0.4676 0.4567 0.3126 0.2105 0.1563 0.1948 0.4157 0.4867 0.3863 0.2599 0.1816 0.1539 0.2890 0.4589 0.4728 0.3372 0.2283 0.1656 0.1648 0.3608 0.4786 0.4379 0.3000 0.2054 0.1554 0.1965 0.4135 0.4865 0.3946 0.2673 0.1864 0.1530 0.2635 0.4491 0.4804 0.3527 0.2387 0.1709 0.1591 0.3350 0.4723 0.4538 0.3145 0.2142 0.1588 0.1793 0.3940 0.4854 0.4016
0.4846 0.3808 0.1722 0.1614 0.2198 0.3235 0.4622 0.4676 0.3185 0.1567 0.1744 0.2453 0.3626 0.4836 0.4418 0.2454 0.1529 0.1907 0.2749 0.4053 0.4857 0.4022 0.1854 0.1573 0.2106 0.3086 0.4477 0.4750 0.3456 0.1611 0.1687 0.2344 0.3463 0.4777 0.4534 0.2736 0.1533 0.1847 0.2651 0.3929 0.4866 0.4108 0.1904 0.1569 0.2115 0.3135 0.4567 0.4686 0.3117 0.1537 0.1550 0.1537 0.3117 0.4686 0.4567 0.3135 0.2115 0.1569 0.1904 0.4108 0.4866 0.3929 0.2651 0.1847 0.1533 0.2736 0.4534 0.4777 0.3463 0.2344 0.1687 0.1611 0.3456 0.4750 0.4477 0.3086 0.2106 0.1573 0.1854 0.4022 0.4857 0.4053 0.2749 0.1907 0.1529 0.2454 0.4418 0.4836 0.3626 0.2453 0.1744 0.1567 0.3185 0.4676 0.4622 0.3235 0.2198 0.1614 0.1722 0.3808 0.4846
0.3786 0.1668 0.1644 0.2260 0.3331 0.4697 0.4619 0.3008 0.1550 0.1782 0.2525 0.3732 0.4855 0.4332 0.2276 0.1533 0.1954 0.2832 0.4164 0.4838 0.3894 0.1767 0.1597 0.2163 0.3179 0.4570 0.4704 0.3292 0.1582 0.1722 0.2412 0.3564 0.4816 0.4464 0.2564 0.1530 0.1885 0.2717 0.4016 0.4858 0.4034 0.1846 0.1580 0.2139 0.3166 0.4587 0.4676 0.3117 0.1553 0.1768 0.2128 0.1768 0.1553 0.3117 0.4676 0.4587 0.3166 0.2139 0.1580 0.1846 0.4034 0.4858 0.4016 0.2717 0.1885 0.1530 0.2564 0.4464 0.4816 0.3564 0.2412 0.1722 0.1582 0.3292 0.4704 0.4570 0.3179 0.2163 0.1597 0.1767 0.3894 0.4838 0.4164 0.2832 0.1954 0.1533 0.2276 0.4332 0.4855 0.3732 0.2525 0.1782 0.1550 0.3008 0.4619 0.4697 0.3331 0.2260 0.1644 0.1668 0.3786
0.1880 0.1643 0.2278 0.3412 0.4745 0.4544 0.2893 0.1521 0.1783 0.2557 0.3834 0.4846 0.4239 0.2164 0.1516 0.1961 0.2881 0.4270 0.4796 0.3793 0.1707 0.1593 0.2178 0.3250 0.4643 0.4637 0.3185 0.1548 0.1721 0.2438 0.3659 0.4828 0.4377 0.2450 0.1508 0.1886 0.2751 0.4109 0.4828 0.3959 0.1801 0.1565 0.2128 0.3187 0.4614 0.4643 0.3139 0.1537 0.1768 0.2526 0.3230 0.2526 0.1768 0.1537 0.3139 0.4643 0.4614 0.3187 0.2128 0.1565 0.1801 0.3959 0.4828 0.4109 0.2751 0.1886 0.1508 0.2450 0.4377 0.4828 0.3659 0.2438 0.1721 0.1548 0.3185 0.4637 0.4643 0.3250 0.2178 0.1593 0.1707 0.3793 0.4796 0.4270 0.2881 0.1961 0.1516 0.2164 0.4239 0.4846 0.3834 0.2557 0.1783 0.1521 0.2893 0.4544 0.4745 0.3412 0.2278 0.1643 0.1880
0.1747 0.1949 0.2879 0.4328 0.4748 0.3671 0.1610 0.1577 0.2160 0.3260 0.4681 0.4575 0.3046 0.1472 0.1704 0.2424 0.3689 0.4818 0.4295 0.2319 0.1467 0.1865 0.2736 0.4147 0.4791 0.3884 0.1735 0.1534 0.2066 0.3098 0.4559 0.4657 0.3318 0.1508 0.1649 0.2314 0.3519 0.4792 0.4409 0.2567 0.1459 0.1819 0.2660 0.4063 0.4803 0.3906 0.1723 0.1550 0.2128 0.3230 0.4117 0.3230 0.2128 0.1550 0.1723 0.3906 0.4803 0.4063 0.2660 0.1819 0.1459 0.2567 0.4409 0.4792 0.3519 0.2314 0.1649 0.1508 0.3318 0.4657 0.4559 0.3098 0.2066 0.1534 0.1735 0.3884 0.4791 0.4147 0.2736 0.1865 0.1467 0.2319 0.4295 0.4818 0.3689 0.2424 0.1704 0.1472 0.3046 0.4575 0.4681 0.3260 0.2160 0.1577 0.1610 0.3671 0.4748 0.4328 0.2879 0.1949 0.1747
0.1880 0.1643 0.2278 0.3412 0.4745 0.4544 0.2893 0.1521 0.1783 0.2557 0.3834 0.4846 0.4239 0.2164 0.1516 0.1961 0.2881 0.4270 0.4796 0.3793 0.1707 0.1593 0.2178 0.3250 0.4643 0.4637 0.3185 0.1548 0.1721 0.2438 0.3659 0.4828 0.4377 0.2450 0.1508 0.1886 0.2751 0.4109 0.4828 0.3959 0.1801 0.1565 0.2128 0.3187 0.4614 0.4643 0.3139 0.1537 0.1768 0.2526 0.3230 0.2526 0.1768 0.1537 0.3139 0.4643 0.4614 0.3187 0.2128 0.1565 0.1801 0.3959 0.4828 0.4109 0.2751 0.1886 0.1508 0.2450 0.4377 0.4828 0.3659 0.2438 0.1721 0.1548 0.3185 0.4637 0.4643 0.3250 0.2178 0.1593 0.1707 0.3793 0.4796 0.4270 0.2881 0.1961 0.1516 0.2164 0.4239 0.4846 0.3834 0.2557 0.1783 0.1521 0.2893 0.4544 0.4745 0.3412 0.2278 0.1643 0.1880
0.3786 0.1668 0.1644 0.2260 0.3331 0.4697 0.4619 0.3008 0.1550 0.1782 0.2525 0.3732 0.4855 0.4332 0.2276 0.1533 0.1954 0.2832 0.4164 0.4838 0.3894 0.1767 0.1597 0.2163 0.3179 0.4570 0.4704 0.3292 0.1582 0.1722 0.2412 0.3564 0.4816 0.4464 0.2564 0.1530 0.1885 0.2717 0.4016 0.4858 0.4034 0.1846 0.1580 0.2139 0.3166 0.4587 0.4676 0.3117 0.1553 0.1768 0.2128 0.1768 0.1553 0.3117 0.4676 0.4587 0.3166 0.2139 0.1580 0.1846 0.4034 0.4858 0.4016 0.2717 0.1885 0.1530 0.2564 0.4464 0.4816 0.3564 0.2412 0.1722 0.1582 0.3292 0.4704 0.4570 0.3179 0.2163 0.1597 0.1767 0.3894 0.4838 0.4164 0.2832 0.1954 0.1533 0.2276 0.4332 0.4855 0.3732 0.2525 0.1782 0.1550 0.3008 0.4619 0.4697 0.3331 0.2260 0.1644 0.1668 0.3786
0.4846 0.3808 0.1722 0.1614 0.2198 0.3235 0.4622 0.4676 0.3185 0.1567 0.1744 0.2453 0.3626 0.4836 0.4418 0.2454 0.1529 0.1907 0.2749 0.4053 0.4857 0.4022 0.1854 0.1573 0.2106 0.3086 0.4477 0.4750 0.3456 0.1611 0.1687 0.2344 0.3463 0.4777 0.4534 0.2736 0.1533 0.1847 0.2651 0.3929 0.4866 0.4108 0.1904 0.1569 0.2115 0.3135 0.4567 0.4686 0.3117 0.1537 0.1550 0.1537 0.3117 0.4686 0.4567 0.3135 0.2115 0.1569 0.1904 0.4108 0.4866 0.3929 0.2651 0.1847 0.1533 0.2736 0.4534 0.4777 0.3463 0.2344 0.1687 0.1611 0.3456 0.4750 0.4477 0.3086 0.2106 0.1573 0.1854 0.4022 0.4857 0.4053 0.2749 0.1907 0.1529 0.2454 0.4418 0.4836 0.3626 0.2453 0.1744 0.1567 0.3185 0.4676 0.4622 0.3235 0.2198 0.1614 0.1722 0.3808 0.4846
0.4016 0.4854 0.3940 0.1793 0.1588 0.2142 0.3145 0.4538 0.4723 0.3350 0.1591 0.1709 0.2387 0.3527 0.4804 0.4491 0.2635 0.1530 0.1864 0.2673 0.3946 0.4865 0.4135 0.1965 0.1554 0.2054 0.3000 0.4379 0.4786 0.3608 0.1648 0.1656 0.2283 0.3372 0.4728 0.4589 0.2890 0.1539 0.1816 0.2599 0.3863 0.4867 0.4157 0.1948 0.1563 0.2105 0.3126 0.4567 0.4676 0.3139 0.1723 0.3139 0.4676 0.4567 0.3126 0.2105 0.1563 0.1948 0.4157 0.4867 0.3863 0.2599 0.1816 0.1539 0.2890 0.4589 0.4728 0.3372 0.2283 0.1656 0.1648 0.3608 0.4786 0.4379 0.3000 0.2054 0.1554 0.1965 0.4135 0.4865 0.3946 0.2673 0.1864 0.1530 0.2635 0.4491 0.4804 0.3527 0.2387 0.1709 0.1591 0.3350 0.4723 0.4538 0.3145 0.2142 0.1588 0.1793 0.3940 0.4854 0.4016
0.2764 0.4028 0.4860 0.4060 0.1887 0.1566 0.2089 0.3058 0.4445 0.4763 0.3507 0.1622 0.1676 0.2324 0.3431 0.4760 0.4558 0.2816 0.1536 0.1823 0.2600 0.3841 0.4866 0.4236 0.2103 0.1541 0.2004 0.2917 0.4276 0.4816 0.3749 0.1696 0.1627 0.2228 0.3289 0.4673 0.4636 0.3026 0.1548 0.1792 0.2561 0.3816 0.4866 0.4187 0.1971 0.1561 0.2105 0.3135 0.4587 0.4643 0.3906 0.4643 0.4587 0.3135 0.2105 0.1561 0.1971 0.4187 0.4866 0.3816 0.2561 0.1792 0.1548 0.3026 0.4636 0.4673 0.3289 0.2228 0.1627 0.1696 0.3749 0.4816 0.4276 0.2917 0.2004 0.1541 0.2103 0.4236 0.4866 0.3841 0.2600 0.1823 0.1536 0.2816 0.4558 0.4760 0.3431 0.2324 0.1676 0.1622 0.3507 0.4763 0.4445 0.3058 0.2089 0.1566 0.1887 0.4060 0.4860 0.4028 0.2764
