0.3953 1.0000 1.0000 0.0007 0.0051 0.0386 0.2933 1.0000 1.0000 0.0004 0.0030 0.0228 0.1732 1.0000 1.0000 0.0002 0.0018 0.0135 0.1023 0.7765 1.0000 1.0000 0.0010 0.0080 0.0604 0.4585 1.0000 1.0000 0.0006 0.0047 0.0357 0.2708 1.0000 1.0000 0.0004 0.0028 0.0211 0.1599 1.0000 1.0000 0.0002 0.0016 0.0124 0.0944 0.7169 1.0000 1.0000 0.0010 0.0074 0.0556 0.2039 0.0556 0.0074 0.0010 1.0000 1.0000 0.7169 0.0944 0.0124 0.0016 0.0002 1.0000 1.0000 0.1599 0.0211 0.0028 0.0004 1.0000 1.0000 0.2708 0.0357 0.0047 0.0006 1.0000 1.0000 0.4585 0.0604 0.0080 0.0010 1.0000 1.0000 0.7765 0.1023 0.0135 0.0018 0.0002 1.0000 1.0000 0.1732 0.0228 0.0030 0.0004 1.0000 1.0000 0.2933 0.0386 0.0051 0.0007 1.0000 1.0000 0.3953
1.0000 1.0000 0.0007 0.0055 0.0417 0.3152 1.0000 1.0000 0.0004 0.0032 0.0245 0.1858 1.0000 1.0000 0.0003 0.0019 0.0144 0.1097 0.8315 1.0000 1.0000 0.0011 0.0085 0.0647 0.4920 1.0000 1.0000 0.0007 0.0050 0.0383 0.2899 1.0000 1.0000 0.0004 0.0030 0.0225 0.1715 1.0000 1.0000 0.0002 0.0018 0.0133 0.1011 0.7692 1.0000 1.0000 0.0010 0.0079 0.0603 0.4611 1.0000 0.4611 0.0603 0.0079 0.0010 1.0000 1.0000 0.7692 0.1011 0.0133 0.0018 0.0002 1.0000 1.0000 0.1715 0.0225 0.0030 0.0004 1.0000 1.0000 0.2899 0.0383 0.0050 0.0007 1.0000 1.0000 0.4920 0.0647 0.0085 0.0011 1.0000 1.0000 0.8315 0.1097 0.0144 0.0019 0.0003 1.0000 1.0000 0.1858 0.0245 0.0032 0.0004 1.0000 1.0000 0.3152 0.0417 0.0055 0.0007 1.0000 1.0000
1.0000 0.0007 0.0052 0.0378 0.2802 1.0000 1.0000 0.0004 0.0028 0.0212 0.1605 1.0000 1.0000 0.0002 0.0016 0.0125 0.0946 0.7183 1.0000 1.0000 0.0010 0.0074 0.0559 0.4241 1.0000 1.0000 0.0006 0.0043 0.0330 0.2504 1.0000 1.0000 0.0003 0.0026 0.0195 0.1479 1.0000 1.0000 0.0002 0.0015 0.0115 0.0873 0.6631 1.0000 1.0000 0.0009 0.0068 0.0517 0.3953 1.0000 1.0000 1.0000 0.3953 0.0517 0.0068 0.0009 1.0000 1.0000 0.6631 0.0873 0.0115 0.0015 0.0002 1.0000 1.0000 0.1479 0.0195 0.0026 0.0003 1.0000 1.0000 0.2504 0.0330 0.0043 0.0006 1.0000 1.0000 0.4241 0.0559 0.0074 0.0010 1.0000 1.0000 0.7183 0.0946 0.0125 0.0016 0.0002 1.0000 1.0000 0.1605 0.0212 0.0028 0.0004 1.0000 1.0000 0.2802 0.0378 0.0052 0.0007 1.0000
0.0007 0.0055 0.0378 0.2682 1.0000 1.0000 0.0003 0.0025 0.0186 0.1410 1.0000 1.0000 1.0000 0.0014 0.0109 0.0828 0.6287 1.0000 1.0000 0.0008 0.0064 0.0489 0.3713 1.0000 1.0000 0.0005 0.0038 0.0289 0.2192 1.0000 1.0000 0.0003 0.0022 0.0170 0.1295 0.9830 1.0000 1.0000 0.0013 0.0101 0.0764 0.5805 1.0000 1.0000 0.0008 0.0059 0.0451 0.3428 1.0000 1.0000 1.0000 1.0000 1.0000 0.3428 0.0451 0.0059 0.0008 1.0000 1.0000 0.5805 0.0764 0.0101 0.0013 1.0000 1.0000 0.9830 0.1295 0.0170 0.0022 0.0003 1.0000 1.0000 0.2192 0.0289 0.0038 0.0005 1.0000 1.0000 0.3713 0.0489 0.0064 0.0008 1.0000 1.0000 0.6287 0.0828 0.0109 0.0014 1.0000 1.0000 1.0000 0.1410 0.0186 0.0025 0.0003 1.0000 1.0000 0.2682 0.0378 0.0055 0.0007
0.0051 0.0417 0.2802 1.0000 1.0000 0.0003 0.0023 0.0168 0.1253 0.9427 1.0000 1.0000 0.0013 0.0095 0.0723 0.5493 1.0000 1.0000 0.0007 0.0056 0.0427 0.3244 1.0000 1.0000 0.0004 0.0033 0.0252 0.1915 1.0000 1.0000 0.0003 0.0020 0.0149 0.1131 0.8589 1.0000 1.0000 0.0012 0.0088 0.0668 0.5072 1.0000 1.0000 0.0007 0.0052 0.0394 0.2995 1.0000 1.0000 0.0004 0.0014 0.0004 1.0000 1.0000 0.2995 0.0394 0.0052 0.0007 1.0000 1.0000 0.5072 0.0668 0.0088 0.0012 1.0000 1.0000 0.8589 0.1131 0.0149 0.0020 0.0003 1.0000 1.0000 0.1915 0.0252 0.0033 0.0004 1.0000 1.0000 0.3244 0.0427 0.0056 0.0007 1.0000 1.0000 0.5493 0.0723 0.0095 0.0013 1.0000 1.0000 0.9427 0.1253 0.0168 0.0023 0.0003 1.0000 1.0000 0.2802 0.0417 0.0051
0.0386 0.3152 1.0000 1.0000 0.0003 0.0022 0.0157 0.1151 0.8524 1.0000 1.0000 0.0011 0.0084 0.0633 0.4799 1.0000 1.0000 0.0006 0.0049 0.0373 0.2834 1.0000 1.0000 0.0004 0.0029 0.0220 0.1673 1.0000 1.0000 0.0002 0.0017 0.0130 0.0988 0.7504 1.0000 1.0000 0.0010 0.0077 0.0583 0.4431 1.0000 1.0000 0.0006 0.0045 0.0345 0.2616 1.0000 1.0000 0.0004 0.0027 0.0093 0.0027 0.0004 1.0000 1.0000 0.2616 0.0345 0.0045 0.0006 1.0000 1.0000 0.4431 0.0583 0.0077 0.0010 1.0000 1.0000 0.7504 0.0988 0.0130 0.0017 0.0002 1.0000 1.0000 0.1673 0.0220 0.0029 0.0004 1.0000 1.0000 0.2834 0.0373 0.0049 0.0006 1.0000 1.0000 0.4799 0.0633 0.0084 0.0011 1.0000 1.0000 0.8524 0.1151 0.0157 0.0022 0.0003 1.0000 1.0000 0.3152 0.0386
0.2933 1.0000 1.0000 0.0003 0.0023 0.0157 0.1114 0.8036 1.0000 1.0000 0.0010 0.0074 0.0561 0.4225 1.0000 1.0000 0.0006 0.0043 0.0326 0.2476 1.0000 1.0000 0.0003 0.0025 0.0193 0.1462 1.0000 1.0000 1.0000 0.0015 0.0114 0.0863 0.6556 1.0000 1.0000 0.0009 0.0067 0.0510 0.3871 1.0000 1.0000 0.0005 0.0040 0.0301 0.2286 1.0000 1.0000 0.0003 0.0024 0.0181 0.0619 0.0181 0.0024 0.0003 1.0000 1.0000 0.2286 0.0301 0.0040 0.0005 1.0000 1.0000 0.3871 0.0510 0.0067 0.0009 1.0000 1.0000 0.6556 0.0863 0.0114 0.0015 1.0000 1.0000 1.0000 0.1462 0.0193 0.0025 0.0003 1.0000 1.0000 0.2476 0.0326 0.0043 0.0006 1.0000 1.0000 0.4225 0.0561 0.0074 0.0010 1.0000 1.0000 0.8036 0.1114 0.0157 0.0023 0.0003 1.0000 1.0000 0.2933
1.0000 1.0000 0.0004 0.0025 0.0168 0.1151 0.8036 1.0000 1.0000 0.0009 0.0068 0.0504 0.3770 1.0000 1.0000 0.0005 0.0038 0.0285 0.2163 1.0000 1.0000 0.0003 0.0022 0.0168 0.1277 0.9700 1.0000 1.0000 0.0013 0.0099 0.0754 0.5728 1.0000 1.0000 0.0008 0.0059 0.0445 0.3382 1.0000 1.0000 0.0005 0.0035 0.0263 0.1997 1.0000 1.0000 0.0003 0.0020 0.0156 0.1200 0.4106 0.1200 0.0156 0.0020 0.0003 1.0000 1.0000 0.1997 0.0263 0.0035 0.0005 1.0000 1.0000 0.3382 0.0445 0.0059 0.0008 1.0000 1.0000 0.5728 0.0754 0.0099 0.0013 1.0000 1.0000 0.9700 0.1277 0.0168 0.0022 0.0003 1.0000 1.0000 0.2163 0.0285 0.0038 0.0005 1.0000 1.0000 0.3770 0.0504 0.0068 0.0009 1.0000 1.0000 0.8036 0.1151 0.0168 0.0025 0.0004 1.0000 1.0000
1.0000 0.0004 0.0028 0.0186 0.1253 0.8524 1.0000 1.0000 0.0009 0.0064 0.0469 0.3447 1.0000 1.0000 0.0004 0.0033 0.0251 0.1897 1.0000 1.0000 0.0003 0.0019 0.0147 0.1116 0.8475 1.0000 1.0000 0.0011 0.0087 0.0659 0.5004 1.0000 1.0000 0.0007 0.0051 0.0389 0.2955 1.0000 1.0000 0.0004 0.0030 0.0230 0.1745 1.0000 1.0000 0.0002 0.0018 0.0136 0.1038 0.7960 1.0000 0.7960 0.1038 0.0136 0.0018 0.0002 1.0000 1.0000 0.1745 0.0230 0.0030 0.0004 1.0000 1.0000 0.2955 0.0389 0.0051 0.0007 1.0000 1.0000 0.5004 0.0659 0.0087 0.0011 1.0000 1.0000 0.8475 0.1116 0.0147 0.0019 0.0003 1.0000 1.0000 0.1897 0.0251 0.0033 0.0004 1.0000 1.0000 0.3447 0.0469 0.0064 0.0009 1.0000 1.0000 0.8524 0.1253 0.0186 0.0028 0.0004 1.0000
0.0004 0.0032 0.0212 0.1410 0.9427 1.0000 1.0000 0.0009 0.0064 0.0457 0.3281 1.0000 1.0000 0.0004 0.0030 0.0223 0.1680 1.0000 1.0000 0.0002 0.0017 0.0128 0.0975 0.7405 1.0000 1.0000 0.0010 0.0076 0.0576 0.4372 1.0000 1.0000 0.0006 0.0045 0.0340 0.2582 1.0000 1.0000 0.0003 0.0026 0.0201 0.1525 1.0000 1.0000 0.0002 0.0016 0.0119 0.0900 0.6888 1.0000 1.0000 1.0000 0.6888 0.0900 0.0119 0.0016 0.0002 1.0000 1.0000 0.1525 0.0201 0.0026 0.0003 1.0000 1.0000 0.2582 0.0340 0.0045 0.0006 1.0000 1.0000 0.4372 0.0576 0.0076 0.0010 1.0000 1.0000 0.7405 0.0975 0.0128 0.0017 0.0002 1.0000 1.0000 0.1680 0.0223 0.0030 0.0004 1.0000 1.0000 0.3281 0.0457 0.0064 0.0009 1.0000 1.0000 0.9427 0.1410 0.0212 0.0032 0.0004
0.0030 0.0245 0.1605 1.0000 1.0000 1.0000 0.0010 0.0068 0.0469 0.3281 1.0000 1.0000 0.0004 0.0027 0.0203 0.1507 1.0000 1.0000 1.0000 0.0015 0.0112 0.0852 0.6469 1.0000 1.0000 0.0009 0.0066 0.0503 0.3820 1.0000 1.0000 0.0005 0.0039 0.0297 0.2256 1.0000 1.0000 0.0003 0.0023 0.0175 0.1332 1.0000 1.0000 1.0000 0.0014 0.0104 0.0787 0.5973 1.0000 1.0000 0.0004 1.0000 1.0000 0.5973 0.0787 0.0104 0.0014 1.0000 1.0000 1.0000 0.1332 0.0175 0.0023 0.0003 1.0000 1.0000 0.2256 0.0297 0.0039 0.0005 1.0000 1.0000 0.3820 0.0503 0.0066 0.0009 1.0000 1.0000 0.6469 0.0852 0.0112 0.0015 1.0000 1.0000 1.0000 0.1507 0.0203 0.0027 0.0004 1.0000 1.0000 0.3281 0.0469 0.0068 0.0010 1.0000 1.0000 1.0000 0.1605 0.0245 0.0030
0.0228 0.1858 1.0000 1.0000 1.0000 0.0011 0.0074 0.0504 0.3447 1.0000 1.0000 0.0004 0.0026 0.0190 0.1392 1.0000 1.0000 1.0000 0.0013 0.0099 0.0750 0.5674 1.0000 1.0000 0.0008 0.0058 0.0440 0.3338 1.0000 1.0000 0.0005 0.0034 0.0260 0.1971 1.0000 1.0000 0.0003 0.0020 0.0153 0.1164 0.8837 1.0000 1.0000 0.0012 0.0090 0.0687 0.5218 1.0000 1.0000 0.0007 0.0025 0.0007 1.0000 1.0000 0.5218 0.0687 0.0090 0.0012 1.0000 1.0000 0.8837 0.1164 0.0153 0.0020 0.0003 1.0000 1.0000 0.1971 0.0260 0.0034 0.0005 1.0000 1.0000 0.3338 0.0440 0.0058 0.0008 1.0000 1.0000 0.5674 0.0750 0.0099 0.0013 1.0000 1.0000 1.0000 0.1392 0.0190 0.0026 0.0004 1.0000 1.0000 0.3447 0.0504 0.0074 0.0011 1.0000 1.0000 1.0000 0.1858 0.0228
0.1732 1.0000 1.0000 1.0000 0.0013 0.0084 0.0561 0.3770 1.0000 1.0000 0.0004 0.0026 0.0185 0.1329 0.9645 1.0000 1.0000 0.0012 0.0089 0.0667 0.5014 1.0000 1.0000 0.0007 0.0051 0.0384 0.2916 1.0000 1.0000 0.0004 0.0030 0.0227 0.1722 1.0000 1.0000 0.0002 0.0018 0.0134 0.1017 0.7721 1.0000 1.0000 0.0010 0.0079 0.0600 0.4559 1.0000 1.0000 0.0006 0.0047 0.0163 0.0047 0.0006 1.0000 1.0000 0.4559 0.0600 0.0079 0.0010 1.0000 1.0000 0.7721 0.1017 0.0134 0.0018 0.0002 1.0000 1.0000 0.1722 0.0227 0.0030 0.0004 1.0000 1.0000 0.2916 0.0384 0.0051 0.0007 1.0000 1.0000 0.5014 0.0667 0.0089 0.0012 1.0000 1.0000 0.9645 0.1329 0.0185 0.0026 0.0004 1.0000 1.0000 0.3770 0.0561 0.0084 0.0013 1.0000 1.0000 1.0000 0.1732
1.0000 1.0000 0.0002 0.0014 0.0095 0.0633 0.4225 1.0000 1.0000 0.0004 0.0027 0.0190 0.1329 0.9427 1.0000 1.0000 0.0011 0.0081 0.0603 0.4490 1.0000 1.0000 0.0006 0.0044 0.0336 0.2548 1.0000 1.0000 0.0003 0.0026 0.0198 0.1504 1.0000 1.0000 0.0002 0.0015 0.0117 0.0888 0.6746 1.0000 1.0000 0.0009 0.0069 0.0525 0.3983 1.0000 1.0000 0.0005 0.0041 0.0315 0.1078 0.0315 0.0041 0.0005 1.0000 1.0000 0.3983 0.0525 0.0069 0.0009 1.0000 1.0000 0.6746 0.0888 0.0117 0.0015 0.0002 1.0000 1.0000 0.1504 0.0198 0.0026 0.0003 1.0000 1.0000 0.2548 0.0336 0.0044 0.0006 1.0000 1.0000 0.4490 0.0603 0.0081 0.0011 1.0000 1.0000 0.9427 0.1329 0.0190 0.0027 0.0004 1.0000 1.0000 0.4225 0.0633 0.0095 0.0014 0.0002 1.0000 1.0000
1.0000 0.0003 0.0016 0.0109 0.0723 0.4799 1.0000 1.0000 0.0004 0.0030 0.0203 0.1392 0.9645 1.0000 1.0000 0.0011 0.0076 0.0559 0.4114 1.0000 1.0000 0.0005 0.0039 0.0297 0.2243 1.0000 1.0000 0.0003 0.0023 0.0173 0.1314 0.9981 1.0000 1.0000 0.0013 0.0102 0.0776 0.5894 1.0000 1.0000 0.0008 0.0060 0.0458 0.3480 1.0000 1.0000 0.0005 0.0036 0.0273 0.2090 0.7155 0.2090 0.0273 0.0036 0.0005 1.0000 1.0000 0.3480 0.0458 0.0060 0.0008 1.0000 1.0000 0.5894 0.0776 0.0102 0.0013 1.0000 1.0000 0.9981 0.1314 0.0173 0.0023 0.0003 1.0000 1.0000 0.2243 0.0297 0.0039 0.0005 1.0000 1.0000 0.4114 0.0559 0.0076 0.0011 1.0000 1.0000 0.9645 0.1392 0.0203 0.0030 0.0004 1.0000 1.0000 0.4799 0.0723 0.0109 0.0016 0.0003 1.0000
0.0002 0.0019 0.0125 0.0828 0.5493 1.0000 1.0000 0.0005 0.0033 0.0223 0.1507 1.0000 1.0000 1.0000 0.0011 0.0075 0.0537 0.3879 1.0000 1.0000 0.0005 0.0035 0.0265 0.1990 1.0000 1.0000 0.0003 0.0020 0.0151 0.1148 0.8720 1.0000 1.0000 0.0012 0.0089 0.0678 0.5149 1.0000 1.0000 0.0007 0.0053 0.0400 0.3041 1.0000 1.0000 0.0004 0.0031 0.0236 0.1809 1.0000 1.0000 1.0000 0.1809 0.0236 0.0031 0.0004 1.0000 1.0000 0.3041 0.0400 0.0053 0.0007 1.0000 1.0000 0.5149 0.0678 0.0089 0.0012 1.0000 1.0000 0.8720 0.1148 0.0151 0.0020 0.0003 1.0000 1.0000 0.1990 0.0265 0.0035 0.0005 1.0000 1.0000 0.3879 0.0537 0.0075 0.0011 1.0000 1.0000 1.0000 0.1507 0.0223 0.0033 0.0005 1.0000 1.0000 0.5493 0.0828 0.0125 0.0019 0.0002
0.0018 0.0144 0.0946 0.6287 1.0000 1.0000 0.0006 0.0038 0.0251 0.1680 1.0000 1.0000 1.0000 0.0011 0.0076 0.0537 0.3798 1.0000 1.0000 0.0004 0.0032 0.0241 0.1789 1.0000 1.0000 0.0002 0.0018 0.0133 0.1005 0.7619 1.0000 1.0000 0.0010 0.0078 0.0592 0.4499 1.0000 1.0000 0.0006 0.0046 0.0350 0.2657 1.0000 1.0000 0.0004 0.0027 0.0207 0.1569 1.0000 1.0000 1.0000 1.0000 1.0000 0.1569 0.0207 0.0027 0.0004 1.0000 1.0000 0.2657 0.0350 0.0046 0.0006 1.0000 1.0000 0.4499 0.0592 0.0078 0.0010 1.0000 1.0000 0.7619 0.1005 0.0133 0.0018 0.0002 1.0000 1.0000 0.1789 0.0241 0.0032 0.0004 1.0000 1.0000 0.3798 0.0537 0.0076 0.0011 1.0000 1.0000 1.0000 0.1680 0.0251 0.0038 0.0006 1.0000 1.0000 0.6287 0.0946 0.0144 0.0018
0.0135 0.1097 0.7183 1.0000 1.0000 0.0006 0.0043 0.0285 0.1897 1.0000 1.0000 1.0000 0.0012 0.0081 0.0559 0.3879 1.0000 1.0000 0.0004 0.0031 0.0224 0.1645 1.0000 1.0000 0.0002 0.0016 0.0118 0.0887 0.6695 1.0000 1.0000 0.0009 0.0068 0.0518 0.3931 1.0000 1.0000 0.0005 0.0040 0.0306 0.2321 1.0000 1.0000 0.0003 0.0024 0.0180 0.1371 1.0000 1.0000 1.0000 0.0006 1.0000 1.0000 1.0000 0.1371 0.0180 0.0024 0.0003 1.0000 1.0000 0.2321 0.0306 0.0040 0.0005 1.0000 1.0000 0.3931 0.0518 0.0068 0.0009 1.0000 1.0000 0.6695 0.0887 0.0118 0.0016 0.0002 1.0000 1.0000 0.1645 0.0224 0.0031 0.0004 1.0000 1.0000 0.3879 0.0559 0.0081 0.0012 1.0000 1.0000 1.0000 0.1897 0.0285 0.0043 0.0006 1.0000 1.0000 0.7183 0.1097 0.0135
0.1023 0.8315 1.0000 1.0000 0.0007 0.0049 0.0326 0.2163 1.0000 1.0000 1.0000 0.0013 0.0089 0.0603 0.4114 1.0000 1.0000 0.0004 0.0030 0.0216 0.1557 1.0000 1.0000 1.0000 0.0014 0.0105 0.0790 0.5939 1.0000 1.0000 0.0008 0.0060 0.0452 0.3434 1.0000 1.0000 0.0005 0.0035 0.0267 0.2028 1.0000 1.0000 0.0003 0.0021 0.0158 0.1197 0.9093 1.0000 1.0000 0.0012 0.0043 0.0012 1.0000 1.0000 0.9093 0.1197 0.0158 0.0021 0.0003 1.0000 1.0000 0.2028 0.0267 0.0035 0.0005 1.0000 1.0000 0.3434 0.0452 0.0060 0.0008 1.0000 1.0000 0.5939 0.0790 0.0105 0.0014 1.0000 1.0000 1.0000 0.1557 0.0216 0.0030 0.0004 1.0000 1.0000 0.4114 0.0603 0.0089 0.0013 1.0000 1.0000 1.0000 0.2163 0.0326 0.0049 0.0007 1.0000 1.0000 0.8315 0.1023
0.7765 1.0000 1.0000 0.0008 0.0056 0.0373 0.2476 1.0000 1.0000 0.0002 0.0015 0.0099 0.0667 0.4490 1.0000 1.0000 0.0004 0.0031 0.0216 0.1527 1.0000 1.0000 1.0000 0.0013 0.0096 0.0712 0.5318 1.0000 1.0000 0.0007 0.0052 0.0397 0.3006 1.0000 1.0000 0.0004 0.0031 0.0233 0.1772 1.0000 1.0000 0.0002 0.0018 0.0138 0.1046 0.7944 1.0000 1.0000 0.0011 0.0083 0.0283 0.0083 0.0011 1.0000 1.0000 0.7944 0.1046 0.0138 0.0018 0.0002 1.0000 1.0000 0.1772 0.0233 0.0031 0.0004 1.0000 1.0000 0.3006 0.0397 0.0052 0.0007 1.0000 1.0000 0.5318 0.0712 0.0096 0.0013 1.0000 1.0000 1.0000 0.1527 0.0216 0.0031 0.0004 1.0000 1.0000 0.4490 0.0667 0.0099 0.0015 0.0002 1.0000 1.0000 0.2476 0.0373 0.0056 0.0008 1.0000 1.0000 0.7765
1.0000 1.0000 0.0010 0.0064 0.0427 0.2834 1.0000 1.0000 0.0003 0.0017 0.0112 0.0750 0.5014 1.0000 1.0000 0.0005 0.0032 0.0224 0.1557 1.0000 1.0000 1.0000 0.0012 0.0089 0.0657 0.4845 1.0000 1.0000 0.0006 0.0047 0.0350 0.2646 1.0000 1.0000 0.0004 0.0027 0.0204 0.1548 1.0000 1.0000 0.0002 0.0016 0.0120 0.0914 0.6941 1.0000 1.0000 0.0009 0.0072 0.0549 0.1879 0.0549 0.0072 0.0009 1.0000 1.0000 0.6941 0.0914 0.0120 0.0016 0.0002 1.0000 1.0000 0.1548 0.0204 0.0027 0.0004 1.0000 1.0000 0.2646 0.0350 0.0047 0.0006 1.0000 1.0000 0.4845 0.0657 0.0089 0.0012 1.0000 1.0000 1.0000 0.1557 0.0224 0.0032 0.0005 1.0000 1.0000 0.5014 0.0750 0.0112 0.0017 0.0003 1.0000 1.0000 0.2834 0.0427 0.0064 0.0010 1.0000 1.0000
1.0000 0.0011 0.0074 0.0489 0.3244 1.0000 1.0000 0.0003 0.0019 0.0128 0.0852 0.5674 1.0000 1.0000 0.0005 0.0035 0.0241 0.1645 1.0000 1.0000 1.0000 0.0012 0.0086 0.0624 0.4533 1.0000 1.0000 0.0006 0.0042 0.0312 0.2348 1.0000 1.0000 0.0003 0.0023 0.0178 0.1352 1.0000 1.0000 1.0000 0.0014 0.0105 0.0799 0.6064 1.0000 1.0000 0.0008 0.0062 0.0475 0.3643 1.0000 0.3643 0.0475 0.0062 0.0008 1.0000 1.0000 0.6064 0.0799 0.0105 0.0014 1.0000 1.0000 1.0000 0.1352 0.0178 0.0023 0.0003 1.0000 1.0000 0.2348 0.0312 0.0042 0.0006 1.0000 1.0000 0.4533 0.0624 0.0086 0.0012 1.0000 1.0000 1.0000 0.1645 0.0241 0.0035 0.0005 1.0000 1.0000 0.5674 0.0852 0.0128 0.0019 0.0003 1.0000 1.0000 0.3244 0.0489 0.0074 0.0011 1.0000
0.0010 0.0085 0.0559 0.3713 1.0000 1.0000 0.0003 0.0022 0.0147 0.0975 0.6469 1.0000 1.0000 0.0006 0.0039 0.0265 0.1789 1.0000 1.0000 1.0000 0.0012 0.0086 0.0612 0.4381 1.0000 1.0000 0.0005 0.0038 0.0283 0.2106 1.0000 1.0000 0.0003 0.0021 0.0156 0.1184 0.8973 1.0000 1.0000 0.0012 0.0092 0.0698 0.5298 1.0000 1.0000 0.0007 0.0054 0.0412 0.3152 1.0000 1.0000 1.0000 0.3152 0.0412 0.0054 0.0007 1.0000 1.0000 0.5298 0.0698 0.0092 0.0012 1.0000 1.0000 0.8973 0.1184 0.0156 0.0021 0.0003 1.0000 1.0000 0.2106 0.0283 0.0038 0.0005 1.0000 1.0000 0.4381 0.0612 0.0086 0.0012 1.0000 1.0000 1.0000 0.1789 0.0265 0.0039 0.0006 1.0000 1.0000 0.6469 0.0975 0.0147 0.0022 0.0003 1.0000 1.0000 0.3713 0.0559 0.0085 0.0010
0.0080 0.0647 0.4241 1.0000 1.0000 0.0004 0.0025 0.0168 0.1116 0.7405 1.0000 1.0000 0.0007 0.0044 0.0297 0.1990 1.0000 1.0000 1.0000 0.0013 0.0089 0.0624 0.4381 1.0000 1.0000 0.0005 0.0036 0.0262 0.1930 1.0000 1.0000 0.0002 0.0018 0.0139 0.1044 0.7884 1.0000 1.0000 0.0011 0.0080 0.0610 0.4629 1.0000 1.0000 0.0006 0.0047 0.0360 0.2733 1.0000 1.0000 1.0000 1.0000 1.0000 0.2733 0.0360 0.0047 0.0006 1.0000 1.0000 0.4629 0.0610 0.0080 0.0011 1.0000 1.0000 0.7884 0.1044 0.0139 0.0018 0.0002 1.0000 1.0000 0.1930 0.0262 0.0036 0.0005 1.0000 1.0000 0.4381 0.0624 0.0089 0.0013 1.0000 1.0000 1.0000 0.1990 0.0297 0.0044 0.0007 1.0000 1.0000 0.7405 0.1116 0.0168 0.0025 0.0004 1.0000 1.0000 0.4241 0.0647 0.0080
0.0604 0.4920 1.0000 1.0000 0.0004 0.0029 0.0193 0.1277 0.8475 1.0000 1.0000 0.0008 0.0051 0.0336 0.2243 1.0000 1.0000 0.0002 0.0014 0.0096 0.0657 0.4533 1.0000 1.0000 0.0005 0.0035 0.0249 0.1813 1.0000 1.0000 0.0002 0.0017 0.0124 0.0928 0.6981 1.0000 1.0000 0.0009 0.0070 0.0533 0.4044 1.0000 1.0000 0.0005 0.0041 0.0314 0.2388 1.0000 1.0000 0.0003 0.0011 0.0003 1.0000 1.0000 0.2388 0.0314 0.0041 0.0005 1.0000 1.0000 0.4044 0.0533 0.0070 0.0009 1.0000 1.0000 0.6981 0.0928 0.0124 0.0017 0.0002 1.0000 1.0000 0.1813 0.0249 0.0035 0.0005 1.0000 1.0000 0.4533 0.0657 0.0096 0.0014 0.0002 1.0000 1.0000 0.2243 0.0336 0.0051 0.0008 1.0000 1.0000 0.8475 0.1277 0.0193 0.0029 0.0004 1.0000 1.0000 0.4920 0.0604
0.4585 1.0000 1.0000 0.0005 0.0033 0.0220 0.1462 0.9700 1.0000 1.0000 0.0009 0.0058 0.0384 0.2548 1.0000 1.0000 0.0002 0.0016 0.0105 0.0712 0.4845 1.0000 1.0000 0.0005 0.0035 0.0245 0.1755 1.0000 1.0000 0.0002 0.0015 0.0112 0.0836 0.6240 1.0000 1.0000 0.0008 0.0062 0.0467 0.3540 1.0000 1.0000 0.0005 0.0036 0.0275 0.2087 1.0000 1.0000 0.0003 0.0022 0.0074 0.0022 0.0003 1.0000 1.0000 0.2087 0.0275 0.0036 0.0005 1.0000 1.0000 0.3540 0.0467 0.0062 0.0008 1.0000 1.0000 0.6240 0.0836 0.0112 0.0015 0.0002 1.0000 1.0000 0.1755 0.0245 0.0035 0.0005 1.0000 1.0000 0.4845 0.0712 0.0105 0.0016 0.0002 1.0000 1.0000 0.2548 0.0384 0.0058 0.0009 1.0000 1.0000 0.9700 0.1462 0.0220 0.0033 0.0005 1.0000 1.0000 0.4585
1.0000 1.0000 0.0006 0.0038 0.0252 0.1673 1.0000 1.0000 1.0000 0.0010 0.0066 0.0440 0.2916 1.0000 1.0000 0.0003 0.0018 0.0118 0.0790 0.5318 1.0000 1.0000 0.0005 0.0036 0.0249 0.1755 1.0000 1.0000 1.0000 0.0014 0.0105 0.0769 0.5685 1.0000 1.0000 0.0007 0.0055 0.0413 0.3117 1.0000 1.0000 0.0004 0.0032 0.0240 0.1823 1.0000 1.0000 0.0002 0.0019 0.0144 0.0494 0.0144 0.0019 0.0002 1.0000 1.0000 0.1823 0.0240 0.0032 0.0004 1.0000 1.0000 0.3117 0.0413 0.0055 0.0007 1.0000 1.0000 0.5685 0.0769 0.0105 0.0014 1.0000 1.0000 1.0000 0.1755 0.0249 0.0036 0.0005 1.0000 1.0000 0.5318 0.0790 0.0118 0.0018 0.0003 1.0000 1.0000 0.2916 0.0440 0.0066 0.0010 1.0000 1.0000 1.0000 0.1673 0.0252 0.0038 0.0006 1.0000 1.0000
1.0000 0.0007 0.0043 0.0289 0.1915 1.0000 1.0000 1.0000 0.0011 0.0076 0.0503 0.3338 1.0000 1.0000 0.0003 0.0020 0.0133 0.0887 0.5939 1.0000 1.0000 0.0006 0.0038 0.0262 0.1813 1.0000 1.0000 1.0000 0.0014 0.0100 0.0723 0.5288 1.0000 1.0000 0.0007 0.0049 0.0368 0.2765 1.0000 1.0000 0.0004 0.0028 0.0210 0.1593 1.0000 1.0000 0.0002 0.0016 0.0125 0.0957 0.3275 0.0957 0.0125 0.0016 0.0002 1.0000 1.0000 0.1593 0.0210 0.0028 0.0004 1.0000 1.0000 0.2765 0.0368 0.0049 0.0007 1.0000 1.0000 0.5288 0.0723 0.0100 0.0014 1.0000 1.0000 1.0000 0.1813 0.0262 0.0038 0.0006 1.0000 1.0000 0.5939 0.0887 0.0133 0.0020 0.0003 1.0000 1.0000 0.3338 0.0503 0.0076 0.0011 1.0000 1.0000 1.0000 0.1915 0.0289 0.0043 0.0007 1.0000
0.0006 0.0050 0.0330 0.2192 1.0000 1.0000 1.0000 0.0013 0.0087 0.0576 0.3820 1.0000 1.0000 0.0003 0.0023 0.0151 0.1005 0.6695 1.0000 1.0000 0.0006 0.0042 0.0283 0.1930 1.0000 1.0000 1.0000 0.0014 0.0098 0.0702 0.5062 1.0000 1.0000 0.0006 0.0045 0.0332 0.2476 1.0000 1.0000 0.0003 0.0024 0.0184 0.1394 1.0000 1.0000 1.0000 0.0014 0.0108 0.0828 0.6347 1.0000 0.6347 0.0828 0.0108 0.0014 1.0000 1.0000 1.0000 0.1394 0.0184 0.0024 0.0003 1.0000 1.0000 0.2476 0.0332 0.0045 0.0006 1.0000 1.0000 0.5062 0.0702 0.0098 0.0014 1.0000 1.0000 1.0000 0.1930 0.0283 0.0042 0.0006 1.0000 1.0000 0.6695 0.1005 0.0151 0.0023 0.0003 1.0000 1.0000 0.3820 0.0576 0.0087 0.0013 1.0000 1.0000 1.0000 0.2192 0.0330 0.0050 0.0006
0.0047 0.0383 0.2504 1.0000 1.0000 0.0002 0.0015 0.0099 0.0659 0.4372 1.0000 1.0000 0.0004 0.0026 0.0173 0.1148 0.7619 1.0000 1.0000 0.0007 0.0047 0.0312 0.2106 1.0000 1.0000 0.0002 0.0014 0.0100 0.0702 0.4976 1.0000 1.0000 0.0006 0.0042 0.0306 0.2256 1.0000 1.0000 0.0003 0.0022 0.0163 0.1230 0.9285 1.0000 1.0000 0.0012 0.0095 0.0718 0.5493 1.0000 1.0000 1.0000 0.5493 0.0718 0.0095 0.0012 1.0000 1.0000 0.9285 0.1230 0.0163 0.0022 0.0003 1.0000 1.0000 0.2256 0.0306 0.0042 0.0006 1.0000 1.0000 0.4976 0.0702 0.0100 0.0014 0.0002 1.0000 1.0000 0.2106 0.0312 0.0047 0.0007 1.0000 1.0000 0.7619 0.1148 0.0173 0.0026 0.0004 1.0000 1.0000 0.4372 0.0659 0.0099 0.0015 0.0002 1.0000 1.0000 0.2504 0.0383 0.0047
0.0357 0.2899 1.0000 1.0000 0.0003 0.0017 0.0114 0.0754 0.5004 1.0000 1.0000 0.0005 0.0030 0.0198 0.1314 0.8720 1.0000 1.0000 0.0008 0.0052 0.0350 0.2348 1.0000 1.0000 0.0002 0.0015 0.0105 0.0723 0.5062 1.0000 1.0000 0.0006 0.0040 0.0289 0.2106 1.0000 1.0000 0.0003 0.0019 0.0146 0.1093 0.8221 1.0000 1.0000 0.0011 0.0083 0.0627 0.4763 1.0000 1.0000 0.0003 1.0000 1.0000 0.4763 0.0627 0.0083 0.0011 1.0000 1.0000 0.8221 0.1093 0.0146 0.0019 0.0003 1.0000 1.0000 0.2106 0.0289 0.0040 0.0006 1.0000 1.0000 0.5062 0.0723 0.0105 0.0015 0.0002 1.0000 1.0000 0.2348 0.0350 0.0052 0.0008 1.0000 1.0000 0.8720 0.1314 0.0198 0.0030 0.0005 1.0000 1.0000 0.5004 0.0754 0.0114 0.0017 0.0003 1.0000 1.0000 0.2899 0.0357
0.2708 1.0000 1.0000 0.0003 0.0020 0.0130 0.0863 0.5728 1.0000 1.0000 0.0005 0.0034 0.0227 0.1504 0.9981 1.0000 1.0000 0.0009 0.0060 0.0397 0.2646 1.0000 1.0000 0.0002 0.0017 0.0112 0.0769 0.5288 1.0000 1.0000 0.0006 0.0039 0.0281 0.2016 1.0000 1.0000 0.0002 0.0018 0.0132 0.0981 0.7335 1.0000 1.0000 0.0010 0.0073 0.0549 0.4161 1.0000 1.0000 0.0006 0.0020 0.0006 1.0000 1.0000 0.4161 0.0549 0.0073 0.0010 1.0000 1.0000 0.7335 0.0981 0.0132 0.0018 0.0002 1.0000 1.0000 0.2016 0.0281 0.0039 0.0006 1.0000 1.0000 0.5288 0.0769 0.0112 0.0017 0.0002 1.0000 1.0000 0.2646 0.0397 0.0060 0.0009 1.0000 1.0000 0.9981 0.1504 0.0227 0.0034 0.0005 1.0000 1.0000 0.5728 0.0863 0.0130 0.0020 0.0003 1.0000 1.0000 0.2708
1.0000 1.0000 0.0003 0.0022 0.0149 0.0988 0.6556 1.0000 1.0000 0.0006 0.0039 0.0260 0.1722 1.0000 1.0000 1.0000 0.0010 0.0068 0.0452 0.3006 1.0000 1.0000 0.0003 0.0018 0.0124 0.0836 0.5685 1.0000 1.0000 0.0006 0.0040 0.0281 0.1986 1.0000 1.0000 0.0002 0.0017 0.0122 0.0897 0.6644 1.0000 1.0000 0.0009 0.0064 0.0484 0.3657 1.0000 1.0000 0.0005 0.0038 0.0130 0.0038 0.0005 1.0000 1.0000 0.3657 0.0484 0.0064 0.0009 1.0000 1.0000 0.6644 0.0897 0.0122 0.0017 0.0002 1.0000 1.0000 0.1986 0.0281 0.0040 0.0006 1.0000 1.0000 0.5685 0.0836 0.0124 0.0018 0.0003 1.0000 1.0000 0.3006 0.0452 0.0068 0.0010 1.0000 1.0000 1.0000 0.1722 0.0260 0.0039 0.0006 1.0000 1.0000 0.6556 0.0988 0.0149 0.0022 0.0003 1.0000 1.0000
1.0000 0.0004 0.0026 0.0170 0.1131 0.7504 1.0000 1.0000 0.0007 0.0045 0.0297 0.1971 1.0000 1.0000 1.0000 0.0012 0.0078 0.0518 0.3434 1.0000 1.0000 0.0003 0.0021 0.0139 0.0928 0.6240 1.0000 1.0000 0.0006 0.0042 0.0289 0.2016 1.0000 1.0000 0.0002 0.0016 0.0115 0.0839 0.6146 1.0000 1.0000 0.0008 0.0057 0.0430 0.3238 1.0000 1.0000 0.0004 0.0033 0.0251 0.0862 0.0251 0.0033 0.0004 1.0000 1.0000 0.3238 0.0430 0.0057 0.0008 1.0000 1.0000 0.6146 0.0839 0.0115 0.0016 0.0002 1.0000 1.0000 0.2016 0.0289 0.0042 0.0006 1.0000 1.0000 0.6240 0.0928 0.0139 0.0021 0.0003 1.0000 1.0000 0.3434 0.0518 0.0078 0.0012 1.0000 1.0000 1.0000 0.1971 0.0297 0.0045 0.0007 1.0000 1.0000 0.7504 0.1131 0.0170 0.0026 0.0004 1.0000
0.0004 0.0030 0.0195 0.1295 0.8589 1.0000 1.0000 0.0008 0.0051 0.0340 0.2256 1.0000 1.0000 0.0002 0.0013 0.0089 0.0592 0.3931 1.0000 1.0000 0.0004 0.0023 0.0156 0.1044 0.6981 1.0000 1.0000 0.0007 0.0045 0.0306 0.2106 1.0000 1.0000 0.0002 0.0016 0.0112 0.0803 0.5816 1.0000 1.0000 0.0007 0.0052 0.0388 0.2894 1.0000 1.0000 0.0004 0.0029 0.0218 0.1673 0.5717 0.1673 0.0218 0.0029 0.0004 1.0000 1.0000 0.2894 0.0388 0.0052 0.0007 1.0000 1.0000 0.5816 0.0803 0.0112 0.0016 0.0002 1.0000 1.0000 0.2106 0.0306 0.0045 0.0007 1.0000 1.0000 0.6981 0.1044 0.0156 0.0023 0.0004 1.0000 1.0000 0.3931 0.0592 0.0089 0.0013 0.0002 1.0000 1.0000 0.2256 0.0340 0.0051 0.0008 1.0000 1.0000 0.8589 0.1295 0.0195 0.0030 0.0004
0.0028 0.0225 0.1479 0.9830 1.0000 1.0000 0.0009 0.0059 0.0389 0.2582 1.0000 1.0000 0.0002 0.0015 0.0102 0.0678 0.4499 1.0000 1.0000 0.0004 0.0027 0.0178 0.1184 0.7884 1.0000 1.0000 0.0007 0.0049 0.0332 0.2256 1.0000 1.0000 0.0002 0.0016 0.0112 0.0791 0.5641 1.0000 1.0000 0.0007 0.0048 0.0356 0.2631 1.0000 1.0000 0.0003 0.0025 0.0191 0.1457 1.0000 1.0000 1.0000 0.1457 0.0191 0.0025 0.0003 1.0000 1.0000 0.2631 0.0356 0.0048 0.0007 1.0000 1.0000 0.5641 0.0791 0.0112 0.0016 0.0002 1.0000 1.0000 0.2256 0.0332 0.0049 0.0007 1.0000 1.0000 0.7884 0.1184 0.0178 0.0027 0.0004 1.0000 1.0000 0.4499 0.0678 0.0102 0.0015 0.0002 1.0000 1.0000 0.2582 0.0389 0.0059 0.0009 1.0000 1.0000 0.9830 0.1479 0.0225 0.0028
0.0211 0.1715 1.0000 1.0000 1.0000 0.0010 0.0067 0.0445 0.2955 1.0000 1.0000 0.0003 0.0018 0.0117 0.0776 0.5149 1.0000 1.0000 0.0005 0.0031 0.0204 0.1352 0.8973 1.0000 1.0000 0.0008 0.0055 0.0368 0.2476 1.0000 1.0000 0.0002 0.0017 0.0115 0.0803 0.5641 1.0000 1.0000 0.0006 0.0046 0.0334 0.2443 1.0000 1.0000 0.0003 0.0023 0.0170 0.1282 0.9719 1.0000 1.0000 1.0000 0.9719 0.1282 0.0170 0.0023 0.0003 1.0000 1.0000 0.2443 0.0334 0.0046 0.0006 1.0000 1.0000 0.5641 0.0803 0.0115 0.0017 0.0002 1.0000 1.0000 0.2476 0.0368 0.0055 0.0008 1.0000 1.0000 0.8973 0.1352 0.0204 0.0031 0.0005 1.0000 1.0000 0.5149 0.0776 0.0117 0.0018 0.0003 1.0000 1.0000 0.2955 0.0445 0.0067 0.0010 1.0000 1.0000 1.0000 0.1715 0.0211
0.1599 1.0000 1.0000 1.0000 0.0012 0.0077 0.0510 0.3382 1.0000 1.0000 0.0003 0.0020 0.0134 0.0888 0.5894 1.0000 1.0000 0.0005 0.0035 0.0233 0.1548 1.0000 1.0000 1.0000 0.0009 0.0062 0.0413 0.2765 1.0000 1.0000 0.0003 0.0018 0.0122 0.0839 0.5816 1.0000 1.0000 0.0006 0.0045 0.0320 0.2312 1.0000 1.0000 0.0003 0.0021 0.0154 0.1146 0.8605 1.0000 1.0000 0.0005 1.0000 1.0000 0.8605 0.1146 0.0154 0.0021 0.0003 1.0000 1.0000 0.2312 0.0320 0.0045 0.0006 1.0000 1.0000 0.5816 0.0839 0.0122 0.0018 0.0003 1.0000 1.0000 0.2765 0.0413 0.0062 0.0009 1.0000 1.0000 1.0000 0.1548 0.0233 0.0035 0.0005 1.0000 1.0000 0.5894 0.0888 0.0134 0.0020 0.0003 1.0000 1.0000 0.3382 0.0510 0.0077 0.0012 1.0000 1.0000 1.0000 0.1599
1.0000 1.0000 0.0002 0.0013 0.0088 0.0583 0.3871 1.0000 1.0000 0.0003 0.0023 0.0153 0.1017 0.6746 1.0000 1.0000 0.0006 0.0040 0.0267 0.1772 1.0000 1.0000 1.0000 0.0011 0.0070 0.0467 0.3117 1.0000 1.0000 0.0003 0.0019 0.0132 0.0897 0.6146 1.0000 1.0000 0.0006 0.0045 0.0315 0.2247 1.0000 1.0000 0.0003 0.0019 0.0141 0.1042 0.7750 1.0000 1.0000 0.0010 0.0035 0.0010 1.0000 1.0000 0.7750 0.1042 0.0141 0.0019 0.0003 1.0000 1.0000 0.2247 0.0315 0.0045 0.0006 1.0000 1.0000 0.6146 0.0897 0.0132 0.0019 0.0003 1.0000 1.0000 0.3117 0.0467 0.0070 0.0011 1.0000 1.0000 1.0000 0.1772 0.0267 0.0040 0.0006 1.0000 1.0000 0.6746 0.1017 0.0153 0.0023 0.0003 1.0000 1.0000 0.3871 0.0583 0.0088 0.0013 0.0002 1.0000 1.0000
1.0000 0.0002 0.0015 0.0101 0.0668 0.4431 1.0000 1.0000 0.0004 0.0026 0.0175 0.1164 0.7721 1.0000 1.0000 0.0007 0.0046 0.0306 0.2028 1.0000 1.0000 1.0000 0.0012 0.0080 0.0533 0.3540 1.0000 1.0000 0.0003 0.0022 0.0146 0.0981 0.6644 1.0000 1.0000 0.0007 0.0046 0.0320 0.2247 1.0000 1.0000 0.0003 0.0018 0.0132 0.0968 0.7115 1.0000 1.0000 0.0009 0.0069 0.0235 0.0069 0.0009 1.0000 1.0000 0.7115 0.0968 0.0132 0.0018 0.0003 1.0000 1.0000 0.2247 0.0320 0.0046 0.0007 1.0000 1.0000 0.6644 0.0981 0.0146 0.0022 0.0003 1.0000 1.0000 0.3540 0.0533 0.0080 0.0012 1.0000 1.0000 1.0000 0.2028 0.0306 0.0046 0.0007 1.0000 1.0000 0.7721 0.1164 0.0175 0.0026 0.0004 1.0000 1.0000 0.4431 0.0668 0.0101 0.0015 0.0002 1.0000
0.0002 0.0018 0.0115 0.0764 0.5072 1.0000 1.0000 0.0005 0.0030 0.0201 0.1332 0.8837 1.0000 1.0000 0.0008 0.0053 0.0350 0.2321 1.0000 1.0000 0.0002 0.0014 0.0092 0.0610 0.4044 1.0000 1.0000 0.0004 0.0024 0.0163 0.1093 0.7335 1.0000 1.0000 0.0007 0.0048 0.0334 0.2312 1.0000 1.0000 0.0002 0.0018 0.0127 0.0919 0.6682 1.0000 1.0000 0.0008 0.0061 0.0464 0.1581 0.0464 0.0061 0.0008 1.0000 1.0000 0.6682 0.0919 0.0127 0.0018 0.0002 1.0000 1.0000 0.2312 0.0334 0.0048 0.0007 1.0000 1.0000 0.7335 0.1093 0.0163 0.0024 0.0004 1.0000 1.0000 0.4044 0.0610 0.0092 0.0014 0.0002 1.0000 1.0000 0.2321 0.0350 0.0053 0.0008 1.0000 1.0000 0.8837 0.1332 0.0201 0.0030 0.0005 1.0000 1.0000 0.5072 0.0764 0.0115 0.0018 0.0002
0.0016 0.0133 0.0873 0.5805 1.0000 1.0000 0.0005 0.0035 0.0230 0.1525 1.0000 1.0000 1.0000 0.0009 0.0060 0.0400 0.2657 1.0000 1.0000 0.0002 0.0016 0.0105 0.0698 0.4629 1.0000 1.0000 0.0004 0.0028 0.0184 0.1230 0.8221 1.0000 1.0000 0.0008 0.0052 0.0356 0.2443 1.0000 1.0000 0.0003 0.0018 0.0126 0.0897 0.6433 1.0000 1.0000 0.0008 0.0056 0.0418 0.3141 1.0000 0.3141 0.0418 0.0056 0.0008 1.0000 1.0000 0.6433 0.0897 0.0126 0.0018 0.0003 1.0000 1.0000 0.2443 0.0356 0.0052 0.0008 1.0000 1.0000 0.8221 0.1230 0.0184 0.0028 0.0004 1.0000 1.0000 0.4629 0.0698 0.0105 0.0016 0.0002 1.0000 1.0000 0.2657 0.0400 0.0060 0.0009 1.0000 1.0000 1.0000 0.1525 0.0230 0.0035 0.0005 1.0000 1.0000 0.5805 0.0873 0.0133 0.0016
0.0124 0.1011 0.6631 1.0000 1.0000 0.0006 0.0040 0.0263 0.1745 1.0000 1.0000 1.0000 0.0010 0.0069 0.0458 0.3041 1.0000 1.0000 0.0003 0.0018 0.0120 0.0799 0.5298 1.0000 1.0000 0.0005 0.0032 0.0210 0.1394 0.9285 1.0000 1.0000 0.0009 0.0057 0.0388 0.2631 1.0000 1.0000 0.0003 0.0018 0.0127 0.0897 0.6347 1.0000 1.0000 0.0007 0.0053 0.0385 0.2856 1.0000 1.0000 1.0000 0.2856 0.0385 0.0053 0.0007 1.0000 1.0000 0.6347 0.0897 0.0127 0.0018 0.0003 1.0000 1.0000 0.2631 0.0388 0.0057 0.0009 1.0000 1.0000 0.9285 0.1394 0.0210 0.0032 0.0005 1.0000 1.0000 0.5298 0.0799 0.0120 0.0018 0.0003 1.0000 1.0000 0.3041 0.0458 0.0069 0.0010 1.0000 1.0000 1.0000 0.1745 0.0263 0.0040 0.0006 1.0000 1.0000 0.6631 0.1011 0.0124
0.0944 0.7692 1.0000 1.0000 0.0007 0.0045 0.0301 0.1997 1.0000 1.0000 1.0000 0.0012 0.0079 0.0525 0.3480 1.0000 1.0000 0.0003 0.0021 0.0138 0.0914 0.6064 1.0000 1.0000 0.0005 0.0036 0.0240 0.1593 1.0000 1.0000 1.0000 0.0010 0.0064 0.0430 0.2894 1.0000 1.0000 0.0003 0.0019 0.0132 0.0919 0.6433 1.0000 1.0000 0.0007 0.0051 0.0367 0.2667 1.0000 1.0000 1.0000 1.0000 1.0000 0.2667 0.0367 0.0051 0.0007 1.0000 1.0000 0.6433 0.0919 0.0132 0.0019 0.0003 1.0000 1.0000 0.2894 0.0430 0.0064 0.0010 1.0000 1.0000 1.0000 0.1593 0.0240 0.0036 0.0005 1.0000 1.0000 0.6064 0.0914 0.0138 0.0021 0.0003 1.0000 1.0000 0.3480 0.0525 0.0079 0.0012 1.0000 1.0000 1.0000 0.1997 0.0301 0.0045 0.0007 1.0000 1.0000 0.7692 0.0944
0.7169 1.0000 1.0000 0.0008 0.0052 0.0345 0.2286 1.0000 1.0000 0.0002 0.0014 0.0090 0.0600 0.3983 1.0000 1.0000 0.0004 0.0024 0.0158 0.1046 0.6941 1.0000 1.0000 0.0006 0.0041 0.0275 0.1823 1.0000 1.0000 1.0000 0.0011 0.0073 0.0484 0.3238 1.0000 1.0000 0.0003 0.0021 0.0141 0.0968 0.6682 1.0000 1.0000 0.0007 0.0050 0.0357 0.2562 1.0000 1.0000 0.0003 0.0010 0.0003 1.0000 1.0000 0.2562 0.0357 0.0050 0.0007 1.0000 1.0000 0.6682 0.0968 0.0141 0.0021 0.0003 1.0000 1.0000 0.3238 0.0484 0.0073 0.0011 1.0000 1.0000 1.0000 0.1823 0.0275 0.0041 0.0006 1.0000 1.0000 0.6941 0.1046 0.0158 0.0024 0.0004 1.0000 1.0000 0.3983 0.0600 0.0090 0.0014 0.0002 1.0000 1.0000 0.2286 0.0345 0.0052 0.0008 1.0000 1.0000 0.7169
1.0000 1.0000 0.0009 0.0059 0.0394 0.2616 1.0000 1.0000 0.0002 0.0016 0.0104 0.0687 0.4559 1.0000 1.0000 0.0004 0.0027 0.0180 0.1197 0.7944 1.0000 1.0000 0.0007 0.0047 0.0314 0.2087 1.0000 1.0000 1.0000 0.0012 0.0083 0.0549 0.3657 1.0000 1.0000 0.0003 0.0023 0.0154 0.1042 0.7115 1.0000 1.0000 0.0007 0.0051 0.0357 0.2528 1.0000 1.0000 0.0003 0.0021 0.0072 0.0021 0.0003 1.0000 1.0000 0.2528 0.0357 0.0051 0.0007 1.0000 1.0000 0.7115 0.1042 0.0154 0.0023 0.0003 1.0000 1.0000 0.3657 0.0549 0.0083 0.0012 1.0000 1.0000 1.0000 0.2087 0.0314 0.0047 0.0007 1.0000 1.0000 0.7944 0.1197 0.0180 0.0027 0.0004 1.0000 1.0000 0.4559 0.0687 0.0104 0.0016 0.0002 1.0000 1.0000 0.2616 0.0394 0.0059 0.0009 1.0000 1.0000
1.0000 0.0010 0.0068 0.0451 0.2995 1.0000 1.0000 0.0003 0.0018 0.0119 0.0787 0.5218 1.0000 1.0000 0.0005 0.0031 0.0207 0.1371 0.9093 1.0000 1.0000 0.0008 0.0054 0.0360 0.2388 1.0000 1.0000 0.0002 0.0014 0.0095 0.0627 0.4161 1.0000 1.0000 0.0004 0.0025 0.0170 0.1146 0.7750 1.0000 1.0000 0.0008 0.0053 0.0367 0.2562 1.0000 1.0000 0.0003 0.0020 0.0149 0.0502 0.0149 0.0020 0.0003 1.0000 1.0000 0.2562 0.0367 0.0053 0.0008 1.0000 1.0000 0.7750 0.1146 0.0170 0.0025 0.0004 1.0000 1.0000 0.4161 0.0627 0.0095 0.0014 0.0002 1.0000 1.0000 0.2388 0.0360 0.0054 0.0008 1.0000 1.0000 0.9093 0.1371 0.0207 0.0031 0.0005 1.0000 1.0000 0.5218 0.0787 0.0119 0.0018 0.0003 1.0000 1.0000 0.2995 0.0451 0.0068 0.0010 1.0000
0.0010 0.0079 0.0517 0.3428 1.0000 1.0000 0.0003 0.0020 0.0136 0.0900 0.5973 1.0000 1.0000 0.0005 0.0036 0.0236 0.1569 1.0000 1.0000 1.0000 0.0009 0.0062 0.0412 0.2733 1.0000 1.0000 0.0002 0.0016 0.0108 0.0718 0.4763 1.0000 1.0000 0.0004 0.0029 0.0191 0.1282 0.8605 1.0000 1.0000 0.0008 0.0056 0.0385 0.2667 1.0000 1.0000 0.0003 0.0020 0.0143 0.1044 0.3513 0.1044 0.0143 0.0020 0.0003 1.0000 1.0000 0.2667 0.0385 0.0056 0.0008 1.0000 1.0000 0.8605 0.1282 0.0191 0.0029 0.0004 1.0000 1.0000 0.4763 0.0718 0.0108 0.0016 0.0002 1.0000 1.0000 0.2733 0.0412 0.0062 0.0009 1.0000 1.0000 1.0000 0.1569 0.0236 0.0036 0.0005 1.0000 1.0000 0.5973 0.0900 0.0136 0.0020 0.0003 1.0000 1.0000 0.3428 0.0517 0.0079 0.0010
0.0074 0.0603 0.3953 1.0000 1.0000 0.0004 0.0024 0.0156 0.1038 0.6888 1.0000 1.0000 0.0006 0.0041 0.0273 0.1809 1.0000 1.0000 1.0000 0.0011 0.0072 0.0475 0.3152 1.0000 1.0000 0.0003 0.0019 0.0125 0.0828 0.5493 1.0000 1.0000 0.0005 0.0033 0.0218 0.1457 0.9719 1.0000 1.0000 0.0009 0.0061 0.0418 0.2856 1.0000 1.0000 0.0003 0.0020 0.0143 0.1025 0.7433 1.0000 0.7433 0.1025 0.0143 0.0020 0.0003 1.0000 1.0000 0.2856 0.0418 0.0061 0.0009 1.0000 1.0000 0.9719 0.1457 0.0218 0.0033 0.0005 1.0000 1.0000 0.5493 0.0828 0.0125 0.0019 0.0003 1.0000 1.0000 0.3152 0.0475 0.0072 0.0011 1.0000 1.0000 1.0000 0.1809 0.0273 0.0041 0.0006 1.0000 1.0000 0.6888 0.1038 0.0156 0.0024 0.0004 1.0000 1.0000 0.3953 0.0603 0.0074
0.0556 0.4611 1.0000 1.0000 0.0004 0.0027 0.0181 0.1200 0.7960 1.0000 1.0000 0.0007 0.0047 0.0315 0.2090 1.0000 1.0000 1.0000 0.0012 0.0083 0.0549 0.3643 1.0000 1.0000 0.0003 0.0022 0.0144 0.0957 0.6347 1.0000 1.0000 0.0006 0.0038 0.0251 0.1673 1.0000 1.0000 1.0000 0.0010 0.0069 0.0464 0.3141 1.0000 1.0000 0.0003 0.0021 0.0149 0.1044 0.7433 1.0000 1.0000 1.0000 0.7433 0.1044 0.0149 0.0021 0.0003 1.0000 1.0000 0.3141 0.0464 0.0069 0.0010 1.0000 1.0000 1.0000 0.1673 0.0251 0.0038 0.0006 1.0000 1.0000 0.6347 0.0957 0.0144 0.0022 0.0003 1.0000 1.0000 0.3643 0.0549 0.0083 0.0012 1.0000 1.0000 1.0000 0.2090 0.0315 0.0047 0.0007 1.0000 1.0000 0.7960 0.1200 0.0181 0.0027 0.0004 1.0000 1.0000 0.4611 0.0556
0.2039 1.0000 1.0000 1.0000 0.0014 0.0093 0.0619 0.4106 1.0000 1.0000 0.0004 0.0025 0.0163 0.1078 0.7155 1.0000 1.0000 0.0006 0.0043 0.0283 0.1879 1.0000 1.0000 1.0000 0.0011 0.0074 0.0494 0.3275 1.0000 1.0000 0.0003 0.0020 0.0130 0.0862 0.5717 1.0000 1.0000 0.0005 0.0035 0.0235 0.1581 1.0000 1.0000 1.0000 0.0010 0.0072 0.0502 0.3513 1.0000 1.0000 1.0000 1.0000 1.0000 0.3513 0.0502 0.0072 0.0010 1.0000 1.0000 1.0000 0.1581 0.0235 0.0035 0.0005 1.0000 1.0000 0.5717 0.0862 0.0130 0.0020 0.0003 1.0000 1.0000 0.3275 0.0494 0.0074 0.0011 1.0000 1.0000 1.0000 0.1879 0.0283 0.0043 0.0006 1.0000 1.0000 0.7155 0.1078 0.0163 0.0025 0.0004 1.0000 1.0000 0.4106 0.0619 0.0093 0.0014 1.0000 1.0000 1.0000 0.2039
0.0556 0.4611 1.0000 1.0000 0.0004 0.0027 0.0181 0.1200 0.7960 1.0000 1.0000 0.0007 0.0047 0.0315 0.2090 1.0000 1.0000 1.0000 0.0012 0.0083 0.0549 0.3643 1.0000 1.0000 0.0003 0.0022 0.0144 0.0957 0.6347 1.0000 1.0000 0.0006 0.0038 0.0251 0.1673 1.0000 1.0000 1.0000 0.0010 0.0069 0.0464 0.3141 1.0000 1.0000 0.0003 0.0021 0.0149 0.1044 0.7433 1.0000 1.0000 1.0000 0.7433 0.1044 0.0149 0.0021 0.0003 1.0000 1.0000 0.3141 0.0464 0.0069 0.0010 1.0000 1.0000 1.0000 0.1673 0.0251 0.0038 0.0006 1.0000 1.0000 0.6347 0.0957 0.0144 0.0022 0.0003 1.0000 1.0000 0.3643 0.0549 0.0083 0.0012 1.0000 1.0000 1.0000 0.2090 0.0315 0.0047 0.0007 1.0000 1.0000 0.7960 0.1200 0.0181 0.0027 0.0004 1.0000 1.0000 0.4611 0.0556
0.0074 0.0603 0.3953 1.0000 1.0000 0.0004 0.0024 0.0156 0.1038 0.6888 1.0000 1.0000 0.0006 0.0041 0.0273 0.1809 1.0000 1.0000 1.0000 0.0011 0.0072 0.0475 0.3152 1.0000 1.0000 0.0003 0.0019 0.0125 0.0828 0.5493 1.0000 1.0000 0.0005 0.0033 0.0218 0.1457 0.9719 1.0000 1.0000 0.0009 0.0061 0.0418 0.2856 1.0000 1.0000 0.0003 0.0020 0.0143 0.1025 0.7433 1.0000 0.7433 0.1025 0.0143 0.0020 0.0003 1.0000 1.0000 0.2856 0.0418 0.0061 0.0009 1.0000 1.0000 0.9719 0.1457 0.0218 0.0033 0.0005 1.0000 1.0000 0.5493 0.0828 0.0125 0.0019 0.0003 1.0000 1.0000 0.3152 0.0475 0.0072 0.0011 1.0000 1.0000 1.0000 0.1809 0.0273 0.0041 0.0006 1.0000 1.0000 0.6888 0.1038 0.0156 0.0024 0.0004 1.0000 1.0000 0.3953 0.0603 0.0074
0.0010 0.0079 0.0517 0.3428 1.0000 1.0000 0.0003 0.0020 0.0136 0.0900 0.5973 1.0000 1.0000 0.0005 0.0036 0.0236 0.1569 1.0000 1.0000 1.0000 0.0009 0.0062 0.0412 0.2733 1.0000 1.0000 0.0002 0.0016 0.0108 0.0718 0.4763 1.0000 1.0000 0.0004 0.0029 0.0191 0.1282 0.8605 1.0000 1.0000 0.0008 0.0056 0.0385 0.2667 1.0000 1.0000 0.0003 0.0020 0.0143 0.1044 0.3513 0.1044 0.0143 0.0020 0.0003 1.0000 1.0000 0.2667 0.0385 0.0056 0.0008 1.0000 1.0000 0.8605 0.1282 0.0191 0.0029 0.0004 1.0000 1.0000 0.4763 0.0718 0.0108 0.0016 0.0002 1.0000 1.0000 0.2733 0.0412 0.0062 0.0009 1.0000 1.0000 1.0000 0.1569 0.0236 0.0036 0.0005 1.0000 1.0000 0.5973 0.0900 0.0136 0.0020 0.0003 1.0000 1.0000 0.3428 0.0517 0.0079 0.0010
1.0000 0.0010 0.0068 0.0451 0.2995 1.0000 1.0000 0.0003 0.0018 0.0119 0.0787 0.5218 1.0000 1.0000 0.0005 0.0031 0.0207 0.1371 0.9093 1.0000 1.0000 0.0008 0.0054 0.0360 0.2388 1.0000 1.0000 0.0002 0.0014 0.0095 0.0627 0.4161 1.0000 1.0000 0.0004 0.0025 0.0170 0.1146 0.7750 1.0000 1.0000 0.0008 0.0053 0.0367 0.2562 1.0000 1.0000 0.0003 0.0020 0.0149 0.0502 0.0149 0.0020 0.0003 1.0000 1.0000 0.2562 0.0367 0.0053 0.0008 1.0000 1.0000 0.7750 0.1146 0.0170 0.0025 0.0004 1.0000 1.0000 0.4161 0.0627 0.0095 0.0014 0.0002 1.0000 1.0000 0.2388 0.0360 0.0054 0.0008 1.0000 1.0000 0.9093 0.1371 0.0207 0.0031 0.0005 1.0000 1.0000 0.5218 0.0787 0.0119 0.0018 0.0003 1.0000 1.0000 0.2995 0.0451 0.0068 0.0010 1.0000
1.0000 1.0000 0.0009 0.0059 0.0394 0.2616 1.0000 1.0000 0.0002 0.0016 0.0104 0.0687 0.4559 1.0000 1.0000 0.0004 0.0027 0.0180 0.1197 0.7944 1.0000 1.0000 0.0007 0.0047 0.0314 0.2087 1.0000 1.0000 1.0000 0.0012 0.0083 0.0549 0.3657 1.0000 1.0000 0.0003 0.0023 0.0154 0.1042 0.7115 1.0000 1.0000 0.0007 0.0051 0.0357 0.2528 1.0000 1.0000 0.0003 0.0021 0.0072 0.0021 0.0003 1.0000 1.0000 0.2528 0.0357 0.0051 0.0007 1.0000 1.0000 0.7115 0.1042 0.0154 0.0023 0.0003 1.0000 1.0000 0.3657 0.0549 0.0083 0.0012 1.0000 1.0000 1.0000 0.2087 0.0314 0.0047 0.0007 1.0000 1.0000 0.7944 0.1197 0.0180 0.0027 0.0004 1.0000 1.0000 0.4559 0.0687 0.0104 0.0016 0.0002 1.0000 1.0000 0.2616 0.0394 0.0059 0.0009 1.0000 1.0000
