0.0824 0.2223 -0.1650 -0.2633 -0.2885 -0.2424 0.0556 0.2222 -0.1171 -0.2497 -0.2878 -0.2689 0.0061 0.1880 -0.0327 -0.2343 -0.2824 -0.2773 -0.0739 0.1311 0.1376 -0.1996 -0.2733 -0.2853 -0.1818 0.0895 0.2266 -0.1590 -0.2615 -0.2888 -0.2490 0.0490 0.2180 -0.1078 -0.2475 -0.2873 -0.2702 -0.0034 0.1793 -0.0123 -0.2318 -0.2812 -0.2787 -0.0899 0.1242 0.1609 -0.1936 -0.2717 -0.2861 -0.1930 0.0219 -0.1930 -0.2861 -0.2717 -0.1936 0.1609 0.1242 -0.0899 -0.2787 -0.2812 -0.2318 -0.0123 0.1793 -0.0034 -0.2702 -0.2873 -0.2475 -0.1078 0.2180 0.0490 -0.2490 -0.2888 -0.2615 -0.1590 0.2266 0.0895 -0.1818 -0.2853 -0.2733 -0.1996 0.1376 0.1311 -0.0739 -0.2773 -0.2824 -0.2343 -0.0327 0.1880 0.0061 -0.2689 -0.2878 -0.2497 -0.1171 0.2222 0.0556 -0.2424 -0.2885 -0.2633 -0.1650 0.2223 0.0824
0.2223 -0.1849 -0.3158 -0.3301 -0.2572 0.0600 0.2251 -0.1143 -0.3035 -0.3335 -0.2947 0.0140 0.1810 0.0016 -0.2895 -0.3309 -0.3106 -0.0639 0.1266 0.1881 -0.2279 -0.3239 -0.3240 -0.1834 0.0903 0.2428 -0.1697 -0.3138 -0.3317 -0.2665 0.0537 0.2196 -0.1020 -0.3014 -0.3335 -0.2973 0.0050 0.1701 0.0298 -0.2826 -0.3300 -0.3129 -0.0805 0.1206 0.2057 -0.2188 -0.3226 -0.3253 -0.1981 0.0830 0.1691 0.0830 -0.1981 -0.3253 -0.3226 -0.2188 0.2057 0.1206 -0.0805 -0.3129 -0.3300 -0.2826 0.0298 0.1701 0.0050 -0.2973 -0.3335 -0.3014 -0.1020 0.2196 0.0537 -0.2665 -0.3317 -0.3138 -0.1697 0.2428 0.0903 -0.1834 -0.3240 -0.3239 -0.2279 0.1881 0.1266 -0.0639 -0.3106 -0.3309 -0.2895 0.0016 0.1810 0.0140 -0.2947 -0.3335 -0.3035 -0.1143 0.2251 0.0600 -0.2572 -0.3301 -0.3158 -0.1849 0.2223
-0.1650 -0.3158 -0.3299 -0.2667 0.0506 0.2169 -0.0944 -0.2999 -0.3329 -0.2984 -0.0028 0.1631 0.0512 -0.2776 -0.3291 -0.3141 -0.0943 0.1152 0.2157 -0.2127 -0.3213 -0.3262 -0.2116 0.0799 0.2407 -0.1544 -0.3105 -0.3323 -0.2782 0.0417 0.2098 -0.0781 -0.2977 -0.3327 -0.3008 -0.0135 0.1539 0.0830 -0.2665 -0.3282 -0.3162 -0.1126 0.1096 0.2268 -0.2038 -0.3198 -0.3275 -0.2254 0.0748 0.2299 0.0609 0.2299 0.0748 -0.2254 -0.3275 -0.3198 -0.2038 0.2268 0.1096 -0.1126 -0.3162 -0.3282 -0.2665 0.0830 0.1539 -0.0135 -0.3008 -0.3327 -0.2977 -0.0781 0.2098 0.0417 -0.2782 -0.3323 -0.3105 -0.1544 0.2407 0.0799 -0.2116 -0.3262 -0.3213 -0.2127 0.2157 0.1152 -0.0943 -0.3141 -0.3291 -0.2776 0.0512 0.1631 -0.0028 -0.2984 -0.3329 -0.2999 -0.0944 0.2169 0.0506 -0.2667 -0.3299 -0.3158 -0.1650
-0.2633 -0.3301 -0.2667 0.0473 0.2115 -0.0768 -0.2970 -0.3324 -0.3021 -0.0204 0.1484 0.1043 -0.2593 -0.3275 -0.3177 -0.1254 0.1059 0.2325 -0.1979 -0.3188 -0.3283 -0.2344 0.0709 0.2353 -0.1381 -0.3074 -0.3330 -0.2868 0.0301 0.1995 -0.0489 -0.2942 -0.3320 -0.3049 -0.0335 0.1403 0.1346 -0.2491 -0.3264 -0.3196 -0.1443 0.1005 0.2383 -0.1892 -0.3172 -0.3294 -0.2460 0.0654 0.2312 -0.1215 -0.2715 -0.1215 0.2312 0.0654 -0.2460 -0.3294 -0.3172 -0.1892 0.2383 0.1005 -0.1443 -0.3196 -0.3264 -0.2491 0.1346 0.1403 -0.0335 -0.3049 -0.3320 -0.2942 -0.0489 0.1995 0.0301 -0.2868 -0.3330 -0.3074 -0.1381 0.2353 0.0709 -0.2344 -0.3283 -0.3188 -0.1979 0.2325 0.1059 -0.1254 -0.3177 -0.3275 -0.2593 0.1043 0.1484 -0.0204 -0.3021 -0.3324 -0.2970 -0.0768 0.2115 0.0473 -0.2667 -0.3301 -0.2633
-0.2885 -0.2572 0.0506 0.2115 -0.0692 -0.2952 -0.3317 -0.3051 -0.0389 0.1367 0.1509 -0.2428 -0.3256 -0.3209 -0.1572 0.0968 0.2408 -0.1831 -0.3161 -0.3301 -0.2531 0.0614 0.2277 -0.1202 -0.3042 -0.3332 -0.2929 0.0171 0.1856 -0.0117 -0.2905 -0.3309 -0.3090 -0.0573 0.1287 0.1774 -0.2328 -0.3243 -0.3227 -0.1753 0.0916 0.2427 -0.1744 -0.3144 -0.3310 -0.2623 0.0556 0.2225 -0.1091 -0.3032 -0.3340 -0.3032 -0.1091 0.2225 0.0556 -0.2623 -0.3310 -0.3144 -0.1744 0.2427 0.0916 -0.1753 -0.3227 -0.3243 -0.2328 0.1774 0.1287 -0.0573 -0.3090 -0.3309 -0.2905 -0.0117 0.1856 0.0171 -0.2929 -0.3332 -0.3042 -0.1202 0.2277 0.0614 -0.2531 -0.3301 -0.3161 -0.1831 0.2408 0.0968 -0.1572 -0.3209 -0.3256 -0.2428 0.1509 0.1367 -0.0389 -0.3051 -0.3317 -0.2952 -0.0692 0.2115 0.0506 -0.2572 -0.2885
-0.2424 0.0600 0.2169 -0.0768 -0.2952 -0.3314 -0.3068 -0.0541 0.1282 0.1840 -0.2286 -0.3235 -0.3236 -0.1867 0.0880 0.2428 -0.1683 -0.3132 -0.3315 -0.2679 0.0515 0.2186 -0.0998 -0.3008 -0.3331 -0.2973 0.0021 0.1683 0.0350 -0.2812 -0.3296 -0.3129 -0.0849 0.1183 0.2084 -0.2174 -0.3220 -0.3254 -0.2035 0.0827 0.2418 -0.1592 -0.3115 -0.3321 -0.2749 0.0452 0.2129 -0.0861 -0.2989 -0.3417 -0.3513 -0.3417 -0.2989 -0.0861 0.2129 0.0452 -0.2749 -0.3321 -0.3115 -0.1592 0.2418 0.0827 -0.2035 -0.3254 -0.3220 -0.2174 0.2084 0.1183 -0.0849 -0.3129 -0.3296 -0.2812 0.0350 0.1683 0.0021 -0.2973 -0.3331 -0.3008 -0.0998 0.2186 0.0515 -0.2679 -0.3315 -0.3132 -0.1683 0.2428 0.0880 -0.1867 -0.3236 -0.3235 -0.2286 0.1840 0.1282 -0.0541 -0.3068 -0.3314 -0.2952 -0.0768 0.2169 0.0600 -0.2424
0.0556 0.2251 -0.0944 -0.2970 -0.3317 -0.3068 -0.0601 0.1237 0.2023 -0.2176 -0.3216 -0.3258 -0.2112 0.0796 0.2404 -0.1531 -0.3103 -0.3324 -0.2792 0.0407 0.2088 -0.0756 -0.2974 -0.3326 -0.3012 -0.0152 0.1525 0.0882 -0.2648 -0.3280 -0.3166 -0.1156 0.1087 0.2283 -0.2024 -0.3196 -0.3277 -0.2277 0.0737 0.2373 -0.1433 -0.3084 -0.3328 -0.2844 0.0339 0.2027 -0.0587 -0.2953 -0.3321 -0.3158 -0.1995 -0.3158 -0.3321 -0.2953 -0.0587 0.2027 0.0339 -0.2844 -0.3328 -0.3084 -0.1433 0.2373 0.0737 -0.2277 -0.3277 -0.3196 -0.2024 0.2283 0.1087 -0.1156 -0.3166 -0.3280 -0.2648 0.0882 0.1525 -0.0152 -0.3012 -0.3326 -0.2974 -0.0756 0.2088 0.0407 -0.2792 -0.3324 -0.3103 -0.1531 0.2404 0.0796 -0.2112 -0.3258 -0.3216 -0.2176 0.2023 0.1237 -0.0601 -0.3068 -0.3317 -0.2970 -0.0944 0.2251 0.0556
0.2222 -0.1143 -0.2999 -0.3324 -0.3051 -0.0541 0.1237 0.2079 -0.2116 -0.3202 -0.3272 -0.2295 0.0720 0.2356 -0.1378 -0.3073 -0.3330 -0.2874 0.0289 0.1985 -0.0457 -0.2938 -0.3319 -0.3053 -0.0357 0.1391 0.1393 -0.2475 -0.3262 -0.3200 -0.1474 0.0996 0.2390 -0.1877 -0.3169 -0.3296 -0.2478 0.0644 0.2302 -0.1259 -0.3052 -0.3332 -0.2912 0.0213 0.1902 -0.0242 -0.2917 -0.3312 -0.3073 -0.0455 0.0710 -0.0455 -0.3073 -0.3312 -0.2917 -0.0242 0.1902 0.0213 -0.2912 -0.3332 -0.3052 -0.1259 0.2302 0.0644 -0.2478 -0.3296 -0.3169 -0.1877 0.2390 0.0996 -0.1474 -0.3200 -0.3262 -0.2475 0.1393 0.1391 -0.0357 -0.3053 -0.3319 -0.2938 -0.0457 0.1985 0.0289 -0.2874 -0.3330 -0.3073 -0.1378 0.2356 0.0720 -0.2295 -0.3272 -0.3202 -0.2116 0.2079 0.1237 -0.0541 -0.3051 -0.3324 -0.2999 -0.1143 0.2222
-0.1171 -0.3035 -0.3329 -0.3021 -0.0389 0.1282 0.2023 -0.2116 -0.3197 -0.3279 -0.2407 0.0658 0.2301 -0.1233 -0.3044 -0.3331 -0.2931 0.0160 0.1845 -0.0078 -0.2902 -0.3308 -0.3094 -0.0599 0.1276 0.1810 -0.2313 -0.3241 -0.3230 -0.1782 0.0907 0.2428 -0.1729 -0.3141 -0.3311 -0.2637 0.0546 0.2216 -0.1064 -0.3019 -0.3332 -0.2960 0.0070 0.1738 0.0195 -0.2848 -0.3300 -0.3116 -0.0743 0.1154 0.2132 0.1154 -0.0743 -0.3116 -0.3300 -0.2848 0.0195 0.1738 0.0070 -0.2960 -0.3332 -0.3019 -0.1064 0.2216 0.0546 -0.2637 -0.3311 -0.3141 -0.1729 0.2428 0.0907 -0.1782 -0.3230 -0.3241 -0.2313 0.1810 0.1276 -0.0599 -0.3094 -0.3308 -0.2902 -0.0078 0.1845 0.0160 -0.2931 -0.3331 -0.3044 -0.1233 0.2301 0.0658 -0.2407 -0.3279 -0.3197 -0.2116 0.2023 0.1282 -0.0389 -0.3021 -0.3329 -0.3035 -0.1171
-0.2497 -0.3335 -0.2984 -0.0204 0.1367 0.1840 -0.2176 -0.3202 -0.3279 -0.2444 0.0623 0.2258 -0.1110 -0.3020 -0.3331 -0.2968 0.0025 0.1680 0.0379 -0.2805 -0.3295 -0.3133 -0.0878 0.1173 0.2108 -0.2159 -0.3218 -0.3257 -0.2061 0.0818 0.2415 -0.1577 -0.3112 -0.3322 -0.2760 0.0441 0.2119 -0.0836 -0.2984 -0.3328 -0.3000 -0.0095 0.1571 0.0715 -0.2704 -0.3285 -0.3155 -0.1058 0.1115 0.2306 -0.1006 0.2306 0.1115 -0.1058 -0.3155 -0.3285 -0.2704 0.0715 0.1571 -0.0095 -0.3000 -0.3328 -0.2984 -0.0836 0.2119 0.0441 -0.2760 -0.3322 -0.3112 -0.1577 0.2415 0.0818 -0.2061 -0.3257 -0.3218 -0.2159 0.2108 0.1173 -0.0878 -0.3133 -0.3295 -0.2805 0.0379 0.1680 0.0025 -0.2968 -0.3331 -0.3020 -0.1110 0.2258 0.0623 -0.2444 -0.3279 -0.3202 -0.2176 0.1840 0.1367 -0.0204 -0.2984 -0.3335 -0.2497
-0.2878 -0.2947 -0.0028 0.1484 0.1509 -0.2286 -0.3216 -0.3272 -0.2407 0.0623 0.2241 -0.1036 -0.3003 -0.3328 -0.2995 -0.0109 0.1544 0.0856 -0.2646 -0.3279 -0.3168 -0.1185 0.1078 0.2297 -0.2010 -0.3193 -0.3279 -0.2299 0.0728 0.2367 -0.1416 -0.3081 -0.3329 -0.2852 0.0327 0.2017 -0.0557 -0.2949 -0.3321 -0.3040 -0.0290 0.1430 0.1242 -0.2527 -0.3268 -0.3189 -0.1376 0.1025 0.2361 -0.1884 -0.2977 -0.1884 0.2361 0.1025 -0.1376 -0.3189 -0.3268 -0.2527 0.1242 0.1430 -0.0290 -0.3040 -0.3321 -0.2949 -0.0557 0.2017 0.0327 -0.2852 -0.3329 -0.3081 -0.1416 0.2367 0.0728 -0.2299 -0.3279 -0.3193 -0.2010 0.2297 0.1078 -0.1185 -0.3168 -0.3279 -0.2646 0.0856 0.1544 -0.0109 -0.2995 -0.3328 -0.3003 -0.1036 0.2241 0.0623 -0.2407 -0.3272 -0.3216 -0.2286 0.1509 0.1484 -0.0028 -0.2947 -0.2878
-0.2689 0.0140 0.1631 0.1043 -0.2428 -0.3235 -0.3258 -0.2295 0.0658 0.2258 -0.1036 -0.2996 -0.3326 -0.3013 -0.0224 0.1446 0.1261 -0.2500 -0.3262 -0.3198 -0.1489 0.0990 0.2396 -0.1864 -0.3167 -0.3298 -0.2495 0.0635 0.2294 -0.1241 -0.3049 -0.3332 -0.2918 0.0199 0.1887 -0.0204 -0.2913 -0.3312 -0.3081 -0.0520 0.1310 0.1694 -0.2362 -0.3248 -0.3221 -0.1689 0.0935 0.2422 -0.1779 -0.3178 -0.3451 -0.3178 -0.1779 0.2422 0.0935 -0.1689 -0.3221 -0.3248 -0.2362 0.1694 0.1310 -0.0520 -0.3081 -0.3312 -0.2913 -0.0204 0.1887 0.0199 -0.2918 -0.3332 -0.3049 -0.1241 0.2294 0.0635 -0.2495 -0.3298 -0.3167 -0.1864 0.2396 0.0990 -0.1489 -0.3198 -0.3262 -0.2500 0.1261 0.1446 -0.0224 -0.3013 -0.3326 -0.2996 -0.1036 0.2258 0.0658 -0.2295 -0.3258 -0.3235 -0.2428 0.1043 0.1631 0.0140 -0.2689
0.0061 0.1810 0.0512 -0.2593 -0.3256 -0.3236 -0.2112 0.0720 0.2301 -0.1110 -0.3003 -0.3326 -0.3020 -0.0291 0.1387 0.1536 -0.2387 -0.3247 -0.3223 -0.1757 0.0909 0.2428 -0.1721 -0.3139 -0.3312 -0.2651 0.0536 0.2206 -0.1043 -0.3015 -0.3332 -0.2964 0.0055 0.1721 0.0244 -0.2836 -0.3299 -0.3121 -0.0788 0.1204 0.2029 -0.2206 -0.3225 -0.3249 -0.1978 0.0846 0.2423 -0.1625 -0.3122 -0.3439 -0.3396 -0.3439 -0.3122 -0.1625 0.2423 0.0846 -0.1978 -0.3249 -0.3225 -0.2206 0.2029 0.1204 -0.0788 -0.3121 -0.3299 -0.2836 0.0244 0.1721 0.0055 -0.2964 -0.3332 -0.3015 -0.1043 0.2206 0.0536 -0.2651 -0.3312 -0.3139 -0.1721 0.2428 0.0909 -0.1757 -0.3223 -0.3247 -0.2387 0.1536 0.1387 -0.0291 -0.3020 -0.3326 -0.3003 -0.1110 0.2301 0.0720 -0.2112 -0.3236 -0.3256 -0.2593 0.0512 0.1810 0.0061
0.1880 0.0016 -0.2776 -0.3275 -0.3209 -0.1867 0.0796 0.2356 -0.1233 -0.3020 -0.3328 -0.3013 -0.0291 0.1368 0.1668 -0.2315 -0.3234 -0.3241 -0.1971 0.0837 0.2418 -0.1583 -0.3112 -0.3322 -0.2768 0.0431 0.2109 -0.0811 -0.2981 -0.3328 -0.3004 -0.0113 0.1556 0.0768 -0.2686 -0.3284 -0.3158 -0.1089 0.1107 0.2249 -0.2055 -0.3201 -0.3273 -0.2230 0.0756 0.2385 -0.1467 -0.3091 -0.3324 -0.2836 -0.0655 -0.2836 -0.3324 -0.3091 -0.1467 0.2385 0.0756 -0.2230 -0.3273 -0.3201 -0.2055 0.2249 0.1107 -0.1089 -0.3158 -0.3284 -0.2686 0.0768 0.1556 -0.0113 -0.3004 -0.3328 -0.2981 -0.0811 0.2109 0.0431 -0.2768 -0.3322 -0.3112 -0.1583 0.2418 0.0837 -0.1971 -0.3241 -0.3234 -0.2315 0.1668 0.1368 -0.0291 -0.3013 -0.3328 -0.3020 -0.1233 0.2356 0.0796 -0.1867 -0.3209 -0.3275 -0.2776 0.0016 0.1880
-0.0327 -0.2895 -0.3291 -0.3177 -0.1572 0.0880 0.2404 -0.1378 -0.3044 -0.3331 -0.2995 -0.0224 0.1387 0.1668 -0.2291 -0.3227 -0.3252 -0.2118 0.0778 0.2388 -0.1455 -0.3085 -0.3328 -0.2852 0.0322 0.2010 -0.0530 -0.2946 -0.3321 -0.3044 -0.0311 0.1417 0.1291 -0.2510 -0.3266 -0.3193 -0.1407 0.1015 0.2374 -0.1908 -0.3175 -0.3292 -0.2439 0.0664 0.2319 -0.1297 -0.3059 -0.3330 -0.2895 0.0250 0.1061 0.0250 -0.2895 -0.3330 -0.3059 -0.1297 0.2319 0.0664 -0.2439 -0.3292 -0.3175 -0.1908 0.2374 0.1015 -0.1407 -0.3193 -0.3266 -0.2510 0.1291 0.1417 -0.0311 -0.3044 -0.3321 -0.2946 -0.0530 0.2010 0.0322 -0.2852 -0.3328 -0.3085 -0.1455 0.2388 0.0778 -0.2118 -0.3252 -0.3227 -0.2291 0.1668 0.1387 -0.0224 -0.2995 -0.3331 -0.3044 -0.1378 0.2404 0.0880 -0.1572 -0.3177 -0.3291 -0.2895 -0.0327
-0.2343 -0.3309 -0.3141 -0.1254 0.0968 0.2428 -0.1531 -0.3073 -0.3331 -0.2968 -0.0109 0.1446 0.1536 -0.2315 -0.3227 -0.3255 -0.2190 0.0739 0.2355 -0.1346 -0.3062 -0.3330 -0.2909 0.0209 0.1893 -0.0192 -0.2911 -0.3311 -0.3085 -0.0544 0.1299 0.1732 -0.2346 -0.3245 -0.3224 -0.1719 0.0926 0.2425 -0.1761 -0.3148 -0.3308 -0.2606 0.0567 0.2235 -0.1108 -0.3026 -0.3332 -0.2951 0.0109 0.1595 0.2316 0.1595 0.0109 -0.2951 -0.3332 -0.3026 -0.1108 0.2235 0.0567 -0.2606 -0.3308 -0.3148 -0.1761 0.2425 0.0926 -0.1719 -0.3224 -0.3245 -0.2346 0.1732 0.1299 -0.0544 -0.3085 -0.3311 -0.2911 -0.0192 0.1893 0.0209 -0.2909 -0.3330 -0.3062 -0.1346 0.2355 0.0739 -0.2190 -0.3255 -0.3227 -0.2315 0.1536 0.1446 -0.0109 -0.2968 -0.3331 -0.3073 -0.1531 0.2428 0.0968 -0.1254 -0.3141 -0.3309 -0.2343
-0.2824 -0.3106 -0.0943 0.1059 0.2408 -0.1683 -0.3103 -0.3330 -0.2931 0.0025 0.1544 0.1261 -0.2387 -0.3234 -0.3252 -0.2190 0.0725 0.2335 -0.1272 -0.3044 -0.3331 -0.2945 0.0099 0.1753 0.0200 -0.2844 -0.3299 -0.3123 -0.0810 0.1195 0.2055 -0.2191 -0.3223 -0.3251 -0.2005 0.0837 0.2421 -0.1610 -0.3118 -0.3320 -0.2737 0.0464 0.2140 -0.0888 -0.2992 -0.3329 -0.2991 -0.0058 0.1595 0.0815 -0.1919 0.0815 0.1595 -0.0058 -0.2991 -0.3329 -0.2992 -0.0888 0.2140 0.0464 -0.2737 -0.3320 -0.3118 -0.1610 0.2421 0.0837 -0.2005 -0.3251 -0.3223 -0.2191 0.2055 0.1195 -0.0810 -0.3123 -0.3299 -0.2844 0.0200 0.1753 0.0099 -0.2945 -0.3331 -0.3044 -0.1272 0.2335 0.0725 -0.2190 -0.3252 -0.3234 -0.2387 0.1261 0.1544 0.0025 -0.2931 -0.3330 -0.3103 -0.1683 0.2408 0.1059 -0.0943 -0.3106 -0.2824
-0.2773 -0.0639 0.1152 0.2325 -0.1831 -0.3132 -0.3324 -0.2874 0.0160 0.1680 0.0856 -0.2500 -0.3247 -0.3241 -0.2118 0.0739 0.2335 -0.1247 -0.3035 -0.3330 -0.2966 0.0000 0.1630 0.0599 -0.2722 -0.3285 -0.3156 -0.1092 0.1102 0.2262 -0.2042 -0.3199 -0.3275 -0.2252 0.0747 0.2379 -0.1451 -0.3088 -0.3328 -0.2835 0.0352 0.2039 -0.0621 -0.2957 -0.3323 -0.3032 -0.0246 0.1459 0.1117 -0.2531 -0.3139 -0.2531 0.1117 0.1459 -0.0246 -0.3032 -0.3323 -0.2957 -0.0621 0.2039 0.0352 -0.2835 -0.3328 -0.3088 -0.1451 0.2379 0.0747 -0.2252 -0.3275 -0.3199 -0.2042 0.2262 0.1102 -0.1092 -0.3156 -0.3285 -0.2722 0.0599 0.1630 0.0000 -0.2966 -0.3330 -0.3035 -0.1247 0.2335 0.0739 -0.2118 -0.3241 -0.3247 -0.2500 0.0856 0.1680 0.0160 -0.2874 -0.3324 -0.3132 -0.1831 0.2325 0.1152 -0.0639 -0.2773
-0.0739 0.1266 0.2157 -0.1979 -0.3161 -0.3315 -0.2792 0.0289 0.1845 0.0379 -0.2646 -0.3262 -0.3223 -0.1971 0.0778 0.2355 -0.1272 -0.3035 -0.3330 -0.2976 -0.0068 0.1549 0.0930 -0.2596 -0.3272 -0.3184 -0.1366 0.1020 0.2374 -0.1902 -0.3173 -0.3294 -0.2456 0.0655 0.2311 -0.1280 -0.3056 -0.3332 -0.2906 0.0228 0.1920 -0.0286 -0.2921 -0.3314 -0.3073 -0.0468 0.1334 0.1606 -0.2400 -0.3301 -0.3520 -0.3301 -0.2400 0.1606 0.1334 -0.0468 -0.3073 -0.3314 -0.2921 -0.0286 0.1920 0.0228 -0.2906 -0.3332 -0.3056 -0.1280 0.2311 0.0655 -0.2456 -0.3294 -0.3173 -0.1902 0.2374 0.1020 -0.1366 -0.3184 -0.3272 -0.2596 0.0930 0.1549 -0.0068 -0.2976 -0.3330 -0.3035 -0.1272 0.2355 0.0778 -0.1971 -0.3223 -0.3262 -0.2646 0.0379 0.1845 0.0289 -0.2792 -0.3315 -0.3161 -0.1979 0.2157 0.1266 -0.0739
0.1311 0.1881 -0.2127 -0.3188 -0.3301 -0.2679 0.0407 0.1985 -0.0078 -0.2805 -0.3279 -0.3198 -0.1757 0.0837 0.2388 -0.1346 -0.3044 -0.3330 -0.2976 -0.0092 0.1509 0.1139 -0.2508 -0.3260 -0.3206 -0.1607 0.0947 0.2421 -0.1771 -0.3148 -0.3308 -0.2616 0.0559 0.2226 -0.1088 -0.3023 -0.3332 -0.2955 0.0087 0.1759 0.0141 -0.2861 -0.3302 -0.3113 -0.0728 0.1226 0.1968 -0.2238 -0.3230 -0.3389 -0.3140 -0.3389 -0.3230 -0.2238 0.1968 0.1226 -0.0728 -0.3113 -0.3302 -0.2861 0.0141 0.1759 0.0087 -0.2955 -0.3332 -0.3023 -0.1088 0.2226 0.0559 -0.2616 -0.3308 -0.3148 -0.1771 0.2421 0.0947 -0.1607 -0.3206 -0.3260 -0.2508 0.1139 0.1509 -0.0092 -0.2976 -0.3330 -0.3044 -0.1346 0.2388 0.0837 -0.1757 -0.3198 -0.3279 -0.2805 -0.0078 0.1985 0.0407 -0.2679 -0.3301 -0.3188 -0.2127 0.1881 0.1311
0.1376 -0.2279 -0.3213 -0.3283 -0.2531 0.0515 0.2088 -0.0457 -0.2902 -0.3295 -0.3168 -0.1489 0.0909 0.2418 -0.1455 -0.3062 -0.3331 -0.2966 -0.0068 0.1509 0.1207 -0.2464 -0.3252 -0.3221 -0.1790 0.0886 0.2428 -0.1649 -0.3123 -0.3319 -0.2736 0.0461 0.2134 -0.0869 -0.2989 -0.3329 -0.2995 -0.0076 0.1588 0.0654 -0.2725 -0.3287 -0.3150 -0.1023 0.1127 0.2211 -0.2087 -0.3206 -0.3264 -0.2124 0.0142 -0.2124 -0.3264 -0.3206 -0.2087 0.2211 0.1127 -0.1023 -0.3150 -0.3287 -0.2725 0.0654 0.1588 -0.0076 -0.2995 -0.3329 -0.2989 -0.0869 0.2134 0.0461 -0.2736 -0.3319 -0.3123 -0.1649 0.2428 0.0886 -0.1790 -0.3221 -0.3252 -0.2464 0.1207 0.1509 -0.0068 -0.2966 -0.3331 -0.3062 -0.1455 0.2418 0.0909 -0.1489 -0.3168 -0.3295 -0.2902 -0.0457 0.2088 0.0515 -0.2531 -0.3283 -0.3213 -0.2279 0.1376
-0.1996 -0.3239 -0.3262 -0.2344 0.0614 0.2186 -0.0756 -0.2938 -0.3308 -0.3133 -0.1185 0.0990 0.2428 -0.1583 -0.3085 -0.3330 -0.2945 0.0000 0.1549 0.1139 -0.2464 -0.3249 -0.3228 -0.1900 0.0842 0.2415 -0.1544 -0.3100 -0.3325 -0.2821 0.0362 0.2042 -0.0617 -0.2955 -0.3323 -0.3035 -0.0266 0.1445 0.1186 -0.2546 -0.3270 -0.3186 -0.1340 0.1034 0.2354 -0.1939 -0.3181 -0.3287 -0.2385 0.0673 0.1474 0.0673 -0.2385 -0.3287 -0.3181 -0.1939 0.2354 0.1034 -0.1340 -0.3186 -0.3270 -0.2546 0.1186 0.1445 -0.0266 -0.3035 -0.3323 -0.2955 -0.0617 0.2042 0.0362 -0.2821 -0.3325 -0.3100 -0.1544 0.2415 0.0842 -0.1900 -0.3228 -0.3249 -0.2464 0.1139 0.1549 0.0000 -0.2945 -0.3330 -0.3085 -0.1583 0.2428 0.0990 -0.1185 -0.3133 -0.3308 -0.2938 -0.0756 0.2186 0.0614 -0.2344 -0.3262 -0.3239 -0.1996
-0.2733 -0.3240 -0.2116 0.0709 0.2277 -0.0998 -0.2974 -0.3319 -0.3094 -0.0878 0.1078 0.2396 -0.1721 -0.3112 -0.3328 -0.2909 0.0099 0.1630 0.0930 -0.2508 -0.3252 -0.3228 -0.1938 0.0820 0.2401 -0.1467 -0.3082 -0.3328 -0.2878 0.0265 0.1954 -0.0325 -0.2922 -0.3314 -0.3074 -0.0487 0.1324 0.1648 -0.2380 -0.3250 -0.3218 -0.1655 0.0945 0.2419 -0.1792 -0.3154 -0.3305 -0.2574 0.0592 0.2109 0.1466 0.2109 0.0592 -0.2574 -0.3305 -0.3154 -0.1792 0.2419 0.0945 -0.1655 -0.3218 -0.3250 -0.2380 0.1648 0.1324 -0.0487 -0.3074 -0.3314 -0.2922 -0.0325 0.1954 0.0265 -0.2878 -0.3328 -0.3082 -0.1467 0.2401 0.0820 -0.1938 -0.3228 -0.3252 -0.2508 0.0930 0.1630 0.0099 -0.2909 -0.3328 -0.3112 -0.1721 0.2396 0.1078 -0.0878 -0.3094 -0.3319 -0.2974 -0.0998 0.2277 0.0709 -0.2116 -0.3240 -0.2733
-0.2853 -0.1834 0.0799 0.2353 -0.1202 -0.3008 -0.3326 -0.3053 -0.0599 0.1173 0.2297 -0.1864 -0.3139 -0.3322 -0.2852 0.0209 0.1753 0.0599 -0.2596 -0.3260 -0.3221 -0.1900 0.0820 0.2395 -0.1427 -0.3070 -0.3330 -0.2914 0.0178 0.1847 -0.0003 -0.2891 -0.3303 -0.3110 -0.0731 0.1220 0.1991 -0.2224 -0.3228 -0.3246 -0.1948 0.0856 0.2426 -0.1642 -0.3125 -0.3318 -0.2712 0.0487 0.2163 -0.0852 -0.2527 -0.0852 0.2163 0.0487 -0.2712 -0.3318 -0.3125 -0.1642 0.2426 0.0856 -0.1948 -0.3246 -0.3228 -0.2224 0.1991 0.1220 -0.0731 -0.3110 -0.3303 -0.2891 -0.0003 0.1847 0.0178 -0.2914 -0.3330 -0.3070 -0.1427 0.2395 0.0820 -0.1900 -0.3221 -0.3260 -0.2596 0.0599 0.1753 0.0209 -0.2852 -0.3322 -0.3139 -0.1864 0.2297 0.1173 -0.0599 -0.3053 -0.3326 -0.3008 -0.1202 0.2353 0.0799 -0.1834 -0.2853
-0.1818 0.0903 0.2407 -0.1381 -0.3042 -0.3331 -0.3012 -0.0357 0.1276 0.2108 -0.2010 -0.3167 -0.3312 -0.2768 0.0322 0.1893 0.0200 -0.2722 -0.3272 -0.3206 -0.1790 0.0842 0.2401 -0.1427 -0.3066 -0.3330 -0.2933 0.0113 0.1741 0.0306 -0.2815 -0.3292 -0.3142 -0.0986 0.1131 0.2213 -0.2079 -0.3204 -0.3269 -0.2204 0.0767 0.2391 -0.1486 -0.3094 -0.3326 -0.2817 0.0377 0.2061 -0.0692 -0.2969 -0.3286 -0.2969 -0.0692 0.2061 0.0377 -0.2817 -0.3326 -0.3094 -0.1486 0.2391 0.0767 -0.2204 -0.3269 -0.3204 -0.2079 0.2213 0.1131 -0.0986 -0.3142 -0.3292 -0.2815 0.0306 0.1741 0.0113 -0.2933 -0.3330 -0.3066 -0.1427 0.2401 0.0842 -0.1790 -0.3206 -0.3272 -0.2722 0.0200 0.1893 0.0322 -0.2768 -0.3312 -0.3167 -0.2010 0.2108 0.1276 -0.0357 -0.3012 -0.3331 -0.3042 -0.1381 0.2407 0.0903 -0.1818
0.0895 0.2428 -0.1544 -0.3074 -0.3332 -0.2973 -0.0152 0.1391 0.1810 -0.2159 -0.3193 -0.3298 -0.2651 0.0431 0.2010 -0.0192 -0.2844 -0.3285 -0.3184 -0.1607 0.0886 0.2415 -0.1467 -0.3070 -0.3330 -0.2939 0.0077 0.1678 0.0545 -0.2711 -0.3281 -0.3167 -0.1230 0.1055 0.2340 -0.1947 -0.3181 -0.3288 -0.2412 0.0676 0.2328 -0.1317 -0.3063 -0.3331 -0.2893 0.0255 0.1953 -0.0365 -0.2930 -0.3392 -0.3531 -0.3392 -0.2930 -0.0365 0.1953 0.0255 -0.2893 -0.3331 -0.3063 -0.1317 0.2328 0.0676 -0.2412 -0.3288 -0.3181 -0.1947 0.2340 0.1055 -0.1230 -0.3167 -0.3281 -0.2711 0.0545 0.1678 0.0077 -0.2939 -0.3330 -0.3070 -0.1467 0.2415 0.0886 -0.1607 -0.3184 -0.3285 -0.2844 -0.0192 0.2010 0.0431 -0.2651 -0.3298 -0.3193 -0.2159 0.1810 0.1391 -0.0152 -0.2973 -0.3332 -0.3074 -0.1544 0.2428 0.0895
0.2266 -0.1697 -0.3105 -0.3330 -0.2929 0.0021 0.1525 0.1393 -0.2313 -0.3218 -0.3279 -0.2495 0.0536 0.2109 -0.0530 -0.2911 -0.3299 -0.3156 -0.1366 0.0947 0.2428 -0.1544 -0.3082 -0.3330 -0.2933 0.0077 0.1658 0.0670 -0.2648 -0.3273 -0.3185 -0.1431 0.0991 0.2403 -0.1828 -0.3157 -0.3303 -0.2573 0.0585 0.2249 -0.1134 -0.3030 -0.3332 -0.2946 0.0118 0.1799 0.0043 -0.2886 -0.3304 -0.3247 -0.2467 -0.3247 -0.3304 -0.2886 0.0043 0.1799 0.0118 -0.2946 -0.3332 -0.3030 -0.1134 0.2249 0.0585 -0.2573 -0.3303 -0.3157 -0.1828 0.2403 0.0991 -0.1431 -0.3185 -0.3273 -0.2648 0.0670 0.1658 0.0077 -0.2933 -0.3330 -0.3082 -0.1544 0.2428 0.0947 -0.1366 -0.3156 -0.3299 -0.2911 -0.0530 0.2109 0.0536 -0.2495 -0.3279 -0.3218 -0.2313 0.1393 0.1525 0.0021 -0.2929 -0.3330 -0.3105 -0.1697 0.2266
-0.1590 -0.3138 -0.3323 -0.2868 0.0171 0.1683 0.0882 -0.2475 -0.3241 -0.3257 -0.2299 0.0635 0.2206 -0.0811 -0.2946 -0.3311 -0.3123 -0.1092 0.1020 0.2421 -0.1649 -0.3100 -0.3328 -0.2914 0.0113 0.1678 0.0670 -0.2628 -0.3269 -0.3196 -0.1569 0.0944 0.2425 -0.1725 -0.3136 -0.3314 -0.2693 0.0495 0.2163 -0.0934 -0.2997 -0.3330 -0.2987 -0.0039 0.1622 0.0541 -0.2765 -0.3290 -0.3138 -0.0902 0.0570 -0.0902 -0.3138 -0.3290 -0.2765 0.0541 0.1622 -0.0039 -0.2987 -0.3330 -0.2997 -0.0934 0.2163 0.0495 -0.2693 -0.3314 -0.3136 -0.1725 0.2425 0.0944 -0.1569 -0.3196 -0.3269 -0.2628 0.0670 0.1678 0.0113 -0.2914 -0.3328 -0.3100 -0.1649 0.2421 0.1020 -0.1092 -0.3123 -0.3311 -0.2946 -0.0811 0.2206 0.0635 -0.2299 -0.3257 -0.3241 -0.2475 0.0882 0.1683 0.0171 -0.2868 -0.3323 -0.3138 -0.1590
-0.2615 -0.3317 -0.2782 0.0301 0.1856 0.0350 -0.2648 -0.3262 -0.3230 -0.2061 0.0728 0.2294 -0.1043 -0.2981 -0.3321 -0.3085 -0.0810 0.1102 0.2374 -0.1771 -0.3123 -0.3325 -0.2878 0.0178 0.1741 0.0545 -0.2648 -0.3269 -0.3200 -0.1640 0.0915 0.2429 -0.1645 -0.3118 -0.3321 -0.2778 0.0407 0.2078 -0.0710 -0.2966 -0.3325 -0.3025 -0.0219 0.1474 0.1076 -0.2583 -0.3274 -0.3177 -0.1253 0.1014 0.1975 0.1014 -0.1253 -0.3177 -0.3274 -0.2583 0.1076 0.1474 -0.0219 -0.3025 -0.3325 -0.2966 -0.0710 0.2078 0.0407 -0.2778 -0.3321 -0.3118 -0.1645 0.2429 0.0915 -0.1640 -0.3200 -0.3269 -0.2648 0.0545 0.1741 0.0178 -0.2878 -0.3325 -0.3123 -0.1771 0.2374 0.1102 -0.0810 -0.3085 -0.3321 -0.2981 -0.1043 0.2294 0.0728 -0.2061 -0.3230 -0.3262 -0.2648 0.0350 0.1856 0.0301 -0.2782 -0.3317 -0.2615
-0.2888 -0.2665 0.0417 0.1995 -0.0117 -0.2812 -0.3280 -0.3200 -0.1782 0.0818 0.2367 -0.1241 -0.3015 -0.3328 -0.3044 -0.0544 0.1195 0.2262 -0.1902 -0.3148 -0.3319 -0.2821 0.0265 0.1847 0.0306 -0.2711 -0.3273 -0.3196 -0.1640 0.0905 0.2427 -0.1595 -0.3105 -0.3325 -0.2835 0.0328 0.2001 -0.0463 -0.2935 -0.3317 -0.3062 -0.0420 0.1353 0.1551 -0.2415 -0.3254 -0.3211 -0.1589 0.0964 0.2436 -0.0498 0.2436 0.0964 -0.1589 -0.3211 -0.3254 -0.2415 0.1551 0.1353 -0.0420 -0.3062 -0.3317 -0.2935 -0.0463 0.2001 0.0328 -0.2835 -0.3325 -0.3105 -0.1595 0.2427 0.0905 -0.1640 -0.3196 -0.3273 -0.2711 0.0306 0.1847 0.0265 -0.2821 -0.3319 -0.3148 -0.1902 0.2262 0.1195 -0.0544 -0.3044 -0.3328 -0.3015 -0.1241 0.2367 0.0818 -0.1782 -0.3200 -0.3280 -0.2812 -0.0117 0.1995 0.0417 -0.2665 -0.2888
-0.2490 0.0537 0.2098 -0.0489 -0.2905 -0.3296 -0.3166 -0.1474 0.0907 0.2415 -0.1416 -0.3049 -0.3332 -0.3004 -0.0311 0.1299 0.2055 -0.2042 -0.3173 -0.3308 -0.2736 0.0362 0.1954 -0.0003 -0.2815 -0.3281 -0.3185 -0.1569 0.0915 0.2427 -0.1579 -0.3098 -0.3327 -0.2868 0.0264 0.1938 -0.0216 -0.2908 -0.3308 -0.3095 -0.0639 0.1252 0.1905 -0.2263 -0.3233 -0.3240 -0.1888 0.0875 0.2428 -0.1630 -0.2908 -0.1630 0.2428 0.0875 -0.1888 -0.3240 -0.3233 -0.2263 0.1905 0.1252 -0.0639 -0.3095 -0.3308 -0.2908 -0.0216 0.1938 0.0264 -0.2868 -0.3327 -0.3098 -0.1579 0.2427 0.0915 -0.1569 -0.3185 -0.3281 -0.2815 -0.0003 0.1954 0.0362 -0.2736 -0.3308 -0.3173 -0.2042 0.2055 0.1299 -0.0311 -0.3004 -0.3332 -0.3049 -0.1416 0.2415 0.0907 -0.1474 -0.3166 -0.3296 -0.2905 -0.0489 0.2098 0.0537 -0.2490
0.0490 0.2196 -0.0781 -0.2942 -0.3309 -0.3129 -0.1156 0.0996 0.2428 -0.1577 -0.3081 -0.3332 -0.2964 -0.0113 0.1417 0.1732 -0.2191 -0.3199 -0.3294 -0.2616 0.0461 0.2042 -0.0325 -0.2891 -0.3292 -0.3167 -0.1431 0.0944 0.2429 -0.1595 -0.3098 -0.3327 -0.2883 0.0222 0.1879 -0.0002 -0.2886 -0.3299 -0.3124 -0.0863 0.1167 0.2143 -0.2126 -0.3211 -0.3264 -0.2148 0.0786 0.2401 -0.1524 -0.3120 -0.3409 -0.3120 -0.1524 0.2401 0.0786 -0.2148 -0.3264 -0.3211 -0.2126 0.2143 0.1167 -0.0863 -0.3124 -0.3299 -0.2886 -0.0002 0.1879 0.0222 -0.2883 -0.3327 -0.3098 -0.1595 0.2429 0.0944 -0.1431 -0.3167 -0.3292 -0.2891 -0.0325 0.2042 0.0461 -0.2616 -0.3294 -0.3199 -0.2191 0.1732 0.1417 -0.0113 -0.2964 -0.3332 -0.3081 -0.1577 0.2428 0.0996 -0.1156 -0.3129 -0.3309 -0.2942 -0.0781 0.2196 0.0490
0.2180 -0.1020 -0.2977 -0.3320 -0.3090 -0.0849 0.1087 0.2390 -0.1729 -0.3112 -0.3329 -0.2918 0.0055 0.1556 0.1291 -0.2346 -0.3223 -0.3275 -0.2456 0.0559 0.2134 -0.0617 -0.2922 -0.3303 -0.3142 -0.1230 0.0991 0.2425 -0.1645 -0.3105 -0.3327 -0.2883 0.0208 0.1836 0.0146 -0.2846 -0.3292 -0.3146 -0.1065 0.1097 0.2288 -0.2002 -0.3190 -0.3283 -0.2358 0.0699 0.2344 -0.1356 -0.3071 -0.3438 -0.3457 -0.3438 -0.3071 -0.1356 0.2344 0.0699 -0.2358 -0.3283 -0.3190 -0.2002 0.2288 0.1097 -0.1065 -0.3146 -0.3292 -0.2846 0.0146 0.1836 0.0208 -0.2883 -0.3327 -0.3105 -0.1645 0.2425 0.0991 -0.1230 -0.3142 -0.3303 -0.2922 -0.0617 0.2134 0.0559 -0.2456 -0.3275 -0.3223 -0.2346 0.1291 0.1556 0.0055 -0.2918 -0.3329 -0.3112 -0.1729 0.2390 0.1087 -0.0849 -0.3090 -0.3320 -0.2977 -0.1020 0.2180
-0.1078 -0.3014 -0.3327 -0.3049 -0.0573 0.1183 0.2283 -0.1877 -0.3141 -0.3322 -0.2852 0.0199 0.1721 0.0768 -0.2510 -0.3245 -0.3251 -0.2252 0.0655 0.2226 -0.0869 -0.2955 -0.3314 -0.3110 -0.0986 0.1055 0.2403 -0.1725 -0.3118 -0.3325 -0.2868 0.0222 0.1836 0.0197 -0.2806 -0.3287 -0.3160 -0.1224 0.1043 0.2366 -0.1895 -0.3169 -0.3298 -0.2520 0.0613 0.2271 -0.1181 -0.3037 -0.3330 -0.2993 -0.1169 -0.2993 -0.3330 -0.3037 -0.1181 0.2271 0.0613 -0.2520 -0.3298 -0.3169 -0.1895 0.2366 0.1043 -0.1224 -0.3160 -0.3287 -0.2806 0.0197 0.1836 0.0222 -0.2868 -0.3325 -0.3118 -0.1725 0.2403 0.1055 -0.0986 -0.3110 -0.3314 -0.2955 -0.0869 0.2226 0.0655 -0.2252 -0.3251 -0.3245 -0.2510 0.0768 0.1721 0.0199 -0.2852 -0.3322 -0.3141 -0.1877 0.2283 0.1183 -0.0573 -0.3049 -0.3327 -0.3014 -0.1078
-0.2475 -0.3335 -0.3008 -0.0335 0.1287 0.2084 -0.2024 -0.3169 -0.3311 -0.2760 0.0327 0.1887 0.0244 -0.2686 -0.3266 -0.3224 -0.2005 0.0747 0.2311 -0.1088 -0.2989 -0.3323 -0.3074 -0.0731 0.1131 0.2340 -0.1828 -0.3136 -0.3321 -0.2835 0.0264 0.1879 0.0146 -0.2806 -0.3285 -0.3168 -0.1326 0.1006 0.2402 -0.1810 -0.3150 -0.3308 -0.2640 0.0531 0.2194 -0.0997 -0.3006 -0.3329 -0.2974 0.0020 0.0915 0.0020 -0.2974 -0.3329 -0.3006 -0.0997 0.2194 0.0531 -0.2640 -0.3308 -0.3150 -0.1810 0.2402 0.1006 -0.1326 -0.3168 -0.3285 -0.2806 0.0146 0.1879 0.0264 -0.2835 -0.3321 -0.3136 -0.1828 0.2340 0.1131 -0.0731 -0.3074 -0.3323 -0.2989 -0.1088 0.2311 0.0747 -0.2005 -0.3224 -0.3266 -0.2686 0.0244 0.1887 0.0327 -0.2760 -0.3311 -0.3169 -0.2024 0.2084 0.1287 -0.0335 -0.3008 -0.3335 -0.2475
-0.2873 -0.2973 -0.0135 0.1403 0.1774 -0.2174 -0.3196 -0.3296 -0.2637 0.0441 0.2017 -0.0204 -0.2836 -0.3284 -0.3193 -0.1719 0.0837 0.2379 -0.1280 -0.3023 -0.3329 -0.3035 -0.0487 0.1220 0.2213 -0.1947 -0.3157 -0.3314 -0.2778 0.0328 0.1938 -0.0002 -0.2846 -0.3287 -0.3168 -0.1361 0.0987 0.2417 -0.1750 -0.3136 -0.3314 -0.2722 0.0457 0.2119 -0.0803 -0.2977 -0.3326 -0.3013 -0.0157 0.1397 0.2301 0.1397 -0.0157 -0.3013 -0.3326 -0.2977 -0.0803 0.2119 0.0457 -0.2722 -0.3314 -0.3136 -0.1750 0.2417 0.0987 -0.1361 -0.3168 -0.3287 -0.2846 -0.0002 0.1938 0.0328 -0.2778 -0.3314 -0.3157 -0.1947 0.2213 0.1220 -0.0487 -0.3035 -0.3329 -0.3023 -0.1280 0.2379 0.0837 -0.1719 -0.3193 -0.3284 -0.2836 -0.0204 0.2017 0.0441 -0.2637 -0.3296 -0.3196 -0.2174 0.1774 0.1403 -0.0135 -0.2973 -0.2873
-0.2702 0.0050 0.1539 0.1346 -0.2328 -0.3220 -0.3277 -0.2478 0.0546 0.2119 -0.0557 -0.2913 -0.3299 -0.3158 -0.1407 0.0926 0.2421 -0.1451 -0.3056 -0.3332 -0.2995 -0.0266 0.1324 0.1991 -0.2079 -0.3181 -0.3303 -0.2693 0.0407 0.2001 -0.0216 -0.2886 -0.3292 -0.3160 -0.1326 0.0987 0.2420 -0.1720 -0.3127 -0.3319 -0.2775 0.0395 0.2054 -0.0607 -0.2949 -0.3320 -0.3048 -0.0351 0.1383 0.1605 -0.1586 0.1605 0.1383 -0.0351 -0.3048 -0.3320 -0.2949 -0.0607 0.2054 0.0395 -0.2775 -0.3319 -0.3127 -0.1720 0.2420 0.0987 -0.1326 -0.3160 -0.3292 -0.2886 -0.0216 0.2001 0.0407 -0.2693 -0.3303 -0.3181 -0.2079 0.1991 0.1324 -0.0266 -0.2995 -0.3332 -0.3056 -0.1451 0.2421 0.0926 -0.1407 -0.3158 -0.3299 -0.2913 -0.0557 0.2119 0.0546 -0.2478 -0.3277 -0.3220 -0.2328 0.1346 0.1539 0.0050 -0.2702
-0.0034 0.1701 0.0830 -0.2491 -0.3243 -0.3254 -0.2277 0.0644 0.2216 -0.0836 -0.2949 -0.3312 -0.3121 -0.1089 0.1015 0.2425 -0.1610 -0.3088 -0.3332 -0.2955 -0.0076 0.1445 0.1648 -0.2224 -0.3204 -0.3288 -0.2573 0.0495 0.2078 -0.0463 -0.2908 -0.3299 -0.3146 -0.1224 0.1006 0.2417 -0.1720 -0.3124 -0.3321 -0.2805 0.0350 0.2005 -0.0430 -0.2927 -0.3313 -0.3079 -0.0546 0.1290 0.1783 -0.2278 -0.3079 -0.2278 0.1783 0.1290 -0.0546 -0.3079 -0.3313 -0.2927 -0.0430 0.2005 0.0350 -0.2805 -0.3321 -0.3124 -0.1720 0.2417 0.1006 -0.1224 -0.3146 -0.3299 -0.2908 -0.0463 0.2078 0.0495 -0.2573 -0.3288 -0.3204 -0.2224 0.1648 0.1445 -0.0076 -0.2955 -0.3332 -0.3088 -0.1610 0.2425 0.1015 -0.1089 -0.3121 -0.3312 -0.2949 -0.0836 0.2216 0.0644 -0.2277 -0.3254 -0.3243 -0.2491 0.0830 0.1701 -0.0034
0.1793 0.0298 -0.2665 -0.3264 -0.3227 -0.2035 0.0737 0.2302 -0.1064 -0.2984 -0.3321 -0.3081 -0.0788 0.1107 0.2374 -0.1761 -0.3118 -0.3328 -0.2906 0.0087 0.1588 0.1186 -0.2380 -0.3228 -0.3269 -0.2412 0.0585 0.2163 -0.0710 -0.2935 -0.3308 -0.3124 -0.1065 0.1043 0.2402 -0.1750 -0.3127 -0.3321 -0.2815 0.0324 0.1974 -0.0291 -0.2910 -0.3307 -0.3104 -0.0734 0.1208 0.2051 -0.2182 -0.3259 -0.3499 -0.3259 -0.2182 0.2051 0.1208 -0.0734 -0.3104 -0.3307 -0.2910 -0.0291 0.1974 0.0324 -0.2815 -0.3321 -0.3127 -0.1750 0.2402 0.1043 -0.1065 -0.3124 -0.3308 -0.2935 -0.0710 0.2163 0.0585 -0.2412 -0.3269 -0.3228 -0.2380 0.1186 0.1588 0.0087 -0.2906 -0.3328 -0.3118 -0.1761 0.2374 0.1107 -0.0788 -0.3081 -0.3321 -0.2984 -0.1064 0.2302 0.0737 -0.2035 -0.3227 -0.3264 -0.2665 0.0298 0.1793
-0.0123 -0.2826 -0.3282 -0.3196 -0.1753 0.0827 0.2373 -0.1259 -0.3019 -0.3328 -0.3040 -0.0520 0.1204 0.2249 -0.1908 -0.3148 -0.3320 -0.2835 0.0228 0.1759 0.0654 -0.2546 -0.3250 -0.3246 -0.2204 0.0676 0.2249 -0.0934 -0.2966 -0.3317 -0.3095 -0.0863 0.1097 0.2366 -0.1810 -0.3136 -0.3319 -0.2805 0.0324 0.1963 -0.0211 -0.2899 -0.3302 -0.3122 -0.0894 0.1145 0.2212 -0.2064 -0.3200 -0.3411 -0.3249 -0.3411 -0.3200 -0.2064 0.2212 0.1145 -0.0894 -0.3122 -0.3302 -0.2899 -0.0211 0.1963 0.0324 -0.2805 -0.3319 -0.3136 -0.1810 0.2366 0.1097 -0.0863 -0.3095 -0.3317 -0.2966 -0.0934 0.2249 0.0676 -0.2204 -0.3246 -0.3250 -0.2546 0.0654 0.1759 0.0228 -0.2835 -0.3320 -0.3148 -0.1908 0.2249 0.1204 -0.0520 -0.3040 -0.3328 -0.3019 -0.1259 0.2373 0.0827 -0.1753 -0.3196 -0.3282 -0.2826 -0.0123
-0.2318 -0.3300 -0.3162 -0.1443 0.0916 0.2418 -0.1433 -0.3052 -0.3332 -0.3000 -0.0290 0.1310 0.2029 -0.2055 -0.3175 -0.3308 -0.2737 0.0352 0.1920 0.0141 -0.2725 -0.3270 -0.3218 -0.1948 0.0767 0.2328 -0.1134 -0.2997 -0.3325 -0.3062 -0.0639 0.1167 0.2288 -0.1895 -0.3150 -0.3314 -0.2775 0.0350 0.1974 -0.0211 -0.2895 -0.3299 -0.3133 -0.1008 0.1101 0.2301 -0.1970 -0.3181 -0.3285 -0.2399 -0.0046 -0.2399 -0.3285 -0.3181 -0.1970 0.2301 0.1101 -0.1008 -0.3133 -0.3299 -0.2895 -0.0211 0.1974 0.0350 -0.2775 -0.3314 -0.3150 -0.1895 0.2288 0.1167 -0.0639 -0.3062 -0.3325 -0.2997 -0.1134 0.2328 0.0767 -0.1948 -0.3218 -0.3270 -0.2725 0.0141 0.1920 0.0352 -0.2737 -0.3308 -0.3175 -0.2055 0.2029 0.1310 -0.0290 -0.3000 -0.3332 -0.3052 -0.1433 0.2418 0.0916 -0.1443 -0.3162 -0.3300 -0.2318
-0.2812 -0.3129 -0.1126 0.1005 0.2427 -0.1592 -0.3084 -0.3332 -0.2960 -0.0095 0.1430 0.1694 -0.2206 -0.3201 -0.3292 -0.2606 0.0464 0.2039 -0.0286 -0.2861 -0.3287 -0.3186 -0.1655 0.0856 0.2391 -0.1317 -0.3030 -0.3330 -0.3025 -0.0420 0.1252 0.2143 -0.2002 -0.3169 -0.3308 -0.2722 0.0395 0.2005 -0.0291 -0.2899 -0.3299 -0.3136 -0.1067 0.1075 0.2346 -0.1904 -0.3167 -0.3298 -0.2556 0.0575 0.1352 0.0575 -0.2556 -0.3298 -0.3167 -0.1904 0.2346 0.1075 -0.1067 -0.3136 -0.3299 -0.2899 -0.0291 0.2005 0.0395 -0.2722 -0.3308 -0.3169 -0.2002 0.2143 0.1252 -0.0420 -0.3025 -0.3330 -0.3030 -0.1317 0.2391 0.0856 -0.1655 -0.3186 -0.3287 -0.2861 -0.0286 0.2039 0.0464 -0.2606 -0.3292 -0.3201 -0.2206 0.1694 0.1430 -0.0095 -0.2960 -0.3332 -0.3084 -0.1592 0.2427 0.1005 -0.1126 -0.3129 -0.2812
-0.2787 -0.0805 0.1096 0.2383 -0.1744 -0.3115 -0.3328 -0.2912 0.0070 0.1571 0.1242 -0.2362 -0.3225 -0.3273 -0.2439 0.0567 0.2140 -0.0621 -0.2921 -0.3302 -0.3150 -0.1340 0.0945 0.2426 -0.1486 -0.3063 -0.3332 -0.2987 -0.0219 0.1353 0.1905 -0.2126 -0.3190 -0.3298 -0.2640 0.0457 0.2054 -0.0430 -0.2910 -0.3302 -0.3133 -0.1067 0.1066 0.2365 -0.1863 -0.3156 -0.3306 -0.2646 0.0520 0.2007 0.1821 0.2007 0.0520 -0.2646 -0.3306 -0.3156 -0.1863 0.2365 0.1066 -0.1067 -0.3133 -0.3302 -0.2910 -0.0430 0.2054 0.0457 -0.2640 -0.3298 -0.3190 -0.2126 0.1905 0.1353 -0.0219 -0.2987 -0.3332 -0.3063 -0.1486 0.2426 0.0945 -0.1340 -0.3150 -0.3302 -0.2921 -0.0621 0.2140 0.0567 -0.2439 -0.3273 -0.3225 -0.2362 0.1242 0.1571 0.0070 -0.2912 -0.3328 -0.3115 -0.1744 0.2383 0.1096 -0.0805 -0.2787
-0.0899 0.1206 0.2268 -0.1892 -0.3144 -0.3321 -0.2844 0.0213 0.1738 0.0715 -0.2527 -0.3248 -0.3249 -0.2230 0.0664 0.2235 -0.0888 -0.2957 -0.3314 -0.3113 -0.1023 0.1034 0.2419 -0.1642 -0.3094 -0.3331 -0.2946 -0.0039 0.1474 0.1551 -0.2263 -0.3211 -0.3283 -0.2520 0.0531 0.2119 -0.0607 -0.2927 -0.3307 -0.3122 -0.1008 0.1075 0.2365 -0.1848 -0.3151 -0.3310 -0.2696 0.0468 0.2119 -0.0674 -0.2436 -0.0674 0.2119 0.0468 -0.2696 -0.3310 -0.3151 -0.1848 0.2365 0.1075 -0.1008 -0.3122 -0.3307 -0.2927 -0.0607 0.2119 0.0531 -0.2520 -0.3283 -0.3211 -0.2263 0.1551 0.1474 -0.0039 -0.2946 -0.3331 -0.3094 -0.1642 0.2419 0.1034 -0.1023 -0.3113 -0.3314 -0.2957 -0.0888 0.2235 0.0664 -0.2230 -0.3249 -0.3248 -0.2527 0.0715 0.1738 0.0213 -0.2844 -0.3321 -0.3144 -0.1892 0.2268 0.1206 -0.0899
0.1242 0.2057 -0.2038 -0.3172 -0.3310 -0.2749 0.0339 0.1902 0.0195 -0.2704 -0.3268 -0.3221 -0.1978 0.0756 0.2319 -0.1108 -0.2992 -0.3323 -0.3073 -0.0728 0.1127 0.2354 -0.1792 -0.3125 -0.3326 -0.2893 0.0118 0.1622 0.1076 -0.2415 -0.3233 -0.3264 -0.2358 0.0613 0.2194 -0.0803 -0.2949 -0.3313 -0.3104 -0.0894 0.1101 0.2346 -0.1863 -0.3151 -0.3311 -0.2719 0.0436 0.2078 -0.0650 -0.2952 -0.3266 -0.2952 -0.0650 0.2078 0.0436 -0.2719 -0.3311 -0.3151 -0.1863 0.2346 0.1101 -0.0894 -0.3104 -0.3313 -0.2949 -0.0803 0.2194 0.0613 -0.2358 -0.3264 -0.3233 -0.2415 0.1076 0.1622 0.0118 -0.2893 -0.3326 -0.3125 -0.1792 0.2354 0.1127 -0.0728 -0.3073 -0.3323 -0.2992 -0.1108 0.2319 0.0756 -0.1978 -0.3221 -0.3268 -0.2704 0.0195 0.1902 0.0339 -0.2749 -0.3310 -0.3172 -0.2038 0.2057 0.1242
0.1609 -0.2188 -0.3198 -0.3294 -0.2623 0.0452 0.2027 -0.0242 -0.2848 -0.3285 -0.3189 -0.1689 0.0846 0.2385 -0.1297 -0.3026 -0.3329 -0.3032 -0.0468 0.1226 0.2211 -0.1939 -0.3154 -0.3318 -0.2817 0.0255 0.1799 0.0541 -0.2583 -0.3254 -0.3240 -0.2148 0.0699 0.2271 -0.0997 -0.2977 -0.3320 -0.3079 -0.0734 0.1145 0.2301 -0.1904 -0.3156 -0.3310 -0.2719 0.0425 0.2058 -0.0553 -0.2937 -0.3386 -0.3522 -0.3386 -0.2937 -0.0553 0.2058 0.0425 -0.2719 -0.3310 -0.3156 -0.1904 0.2301 0.1145 -0.0734 -0.3079 -0.3320 -0.2977 -0.0997 0.2271 0.0699 -0.2148 -0.3240 -0.3254 -0.2583 0.0541 0.1799 0.0255 -0.2817 -0.3318 -0.3154 -0.1939 0.2211 0.1226 -0.0468 -0.3032 -0.3329 -0.3026 -0.1297 0.2385 0.0846 -0.1689 -0.3189 -0.3285 -0.2848 -0.0242 0.2027 0.0452 -0.2623 -0.3294 -0.3198 -0.2188 0.1609
-0.1936 -0.3226 -0.3275 -0.2460 0.0556 0.2129 -0.0587 -0.2917 -0.3300 -0.3155 -0.1376 0.0935 0.2423 -0.1467 -0.3059 -0.3332 -0.2991 -0.0246 0.1334 0.1968 -0.2087 -0.3181 -0.3305 -0.2712 0.0377 0.1953 0.0043 -0.2765 -0.3274 -0.3211 -0.1888 0.0786 0.2344 -0.1181 -0.3006 -0.3326 -0.3048 -0.0546 0.1208 0.2212 -0.1970 -0.3167 -0.3306 -0.2696 0.0436 0.2058 -0.0521 -0.2929 -0.3310 -0.3228 -0.2436 -0.3228 -0.3310 -0.2929 -0.0521 0.2058 0.0436 -0.2696 -0.3306 -0.3167 -0.1970 0.2212 0.1208 -0.0546 -0.3048 -0.3326 -0.3006 -0.1181 0.2344 0.0786 -0.1888 -0.3211 -0.3274 -0.2765 0.0043 0.1953 0.0377 -0.2712 -0.3305 -0.3181 -0.2087 0.1968 0.1334 -0.0246 -0.2991 -0.3332 -0.3059 -0.1467 0.2423 0.0935 -0.1376 -0.3155 -0.3300 -0.2917 -0.0587 0.2129 0.0556 -0.2460 -0.3275 -0.3226 -0.1936
-0.2717 -0.3253 -0.2254 0.0654 0.2225 -0.0861 -0.2953 -0.3312 -0.3116 -0.1058 0.1025 0.2422 -0.1625 -0.3091 -0.3330 -0.2951 -0.0058 0.1459 0.1606 -0.2238 -0.3206 -0.3287 -0.2574 0.0487 0.2061 -0.0365 -0.2886 -0.3290 -0.3177 -0.1589 0.0875 0.2401 -0.1356 -0.3037 -0.3329 -0.3013 -0.0351 0.1290 0.2051 -0.2064 -0.3181 -0.3298 -0.2646 0.0468 0.2078 -0.0553 -0.2929 -0.3308 -0.3094 -0.0716 0.0618 -0.0716 -0.3094 -0.3308 -0.2929 -0.0553 0.2078 0.0468 -0.2646 -0.3298 -0.3181 -0.2064 0.2051 0.1290 -0.0351 -0.3013 -0.3329 -0.3037 -0.1356 0.2401 0.0875 -0.1589 -0.3177 -0.3290 -0.2886 -0.0365 0.2061 0.0487 -0.2574 -0.3287 -0.3206 -0.2238 0.1606 0.1459 -0.0058 -0.2951 -0.3330 -0.3091 -0.1625 0.2422 0.1025 -0.1058 -0.3116 -0.3312 -0.2953 -0.0861 0.2225 0.0654 -0.2254 -0.3253 -0.2717
-0.2861 -0.1981 0.0748 0.2312 -0.1091 -0.2989 -0.3321 -0.3073 -0.0743 0.1115 0.2361 -0.1779 -0.3122 -0.3324 -0.2895 0.0109 0.1595 0.1117 -0.2400 -0.3230 -0.3264 -0.2385 0.0592 0.2163 -0.0692 -0.2930 -0.3304 -0.3138 -0.1253 0.0964 0.2428 -0.1524 -0.3071 -0.3330 -0.2974 -0.0157 0.1383 0.1783 -0.2182 -0.3200 -0.3285 -0.2556 0.0520 0.2119 -0.0650 -0.2937 -0.3310 -0.3094 -0.0768 0.1113 0.2072 0.1113 -0.0768 -0.3094 -0.3310 -0.2937 -0.0650 0.2119 0.0520 -0.2556 -0.3285 -0.3200 -0.2182 0.1783 0.1383 -0.0157 -0.2974 -0.3330 -0.3071 -0.1524 0.2428 0.0964 -0.1253 -0.3138 -0.3304 -0.2930 -0.0692 0.2163 0.0592 -0.2385 -0.3264 -0.3230 -0.2400 0.1117 0.1595 0.0109 -0.2895 -0.3324 -0.3122 -0.1779 0.2361 0.1115 -0.0743 -0.3073 -0.3321 -0.2989 -0.1091 0.2312 0.0748 -0.1981 -0.2861
-0.1930 0.0830 0.2299 -0.1215 -0.3032 -0.3417 -0.3158 -0.0455 0.1154 0.2306 -0.1884 -0.3178 -0.3439 -0.2836 0.0250 0.1595 0.0815 -0.2531 -0.3301 -0.3389 -0.2124 0.0673 0.2109 -0.0852 -0.2969 -0.3392 -0.3247 -0.0902 0.1014 0.2436 -0.1630 -0.3120 -0.3438 -0.2993 0.0020 0.1397 0.1605 -0.2278 -0.3259 -0.3411 -0.2399 0.0575 0.2007 -0.0674 -0.2952 -0.3386 -0.3228 -0.0716 0.1113 0.2363 -0.0863 0.2363 0.1113 -0.0716 -0.3228 -0.3386 -0.2952 -0.0674 0.2007 0.0575 -0.2399 -0.3411 -0.3259 -0.2278 0.1605 0.1397 0.0020 -0.2993 -0.3438 -0.3120 -0.1630 0.2436 0.1014 -0.0902 -0.3247 -0.3392 -0.2969 -0.0852 0.2109 0.0673 -0.2124 -0.3389 -0.3301 -0.2531 0.0815 0.1595 0.0250 -0.2836 -0.3439 -0.3178 -0.1884 0.2306 0.1154 -0.0455 -0.3158 -0.3417 -0.3032 -0.1215 0.2299 0.0830 -0.1930
0.0219 0.1691 0.0609 -0.2715 -0.3340 -0.3513 -0.1995 0.0710 0.2132 -0.1006 -0.2977 -0.3451 -0.3396 -0.0655 0.1061 0.2316 -0.1919 -0.3139 -0.3520 -0.3140 0.0142 0.1474 0.1466 -0.2527 -0.3286 -0.3531 -0.2467 0.0570 0.1975 -0.0498 -0.2908 -0.3409 -0.3457 -0.1169 0.0915 0.2301 -0.1586 -0.3079 -0.3499 -0.3249 -0.0046 0.1352 0.1821 -0.2436 -0.3266 -0.3522 -0.2436 0.0618 0.2072 -0.0863 -0.2685 -0.0863 0.2072 0.0618 -0.2436 -0.3522 -0.3266 -0.2436 0.1821 0.1352 -0.0046 -0.3249 -0.3499 -0.3079 -0.1586 0.2301 0.0915 -0.1169 -0.3457 -0.3409 -0.2908 -0.0498 0.1975 0.0570 -0.2467 -0.3531 -0.3286 -0.2527 0.1466 0.1474 0.0142 -0.3140 -0.3520 -0.3139 -0.1919 0.2316 0.1061 -0.0655 -0.3396 -0.3451 -0.2977 -0.1006 0.2132 0.0710 -0.1995 -0.3513 -0.3340 -0.2715 0.0609 0.1691 0.0219
