1.0000 0.0004 0.0032 0.0248 0.1883 1.0000 1.0000 0.0003 0.0019 0.0147 0.1114 0.8459 1.0000 1.0000 0.0011 0.0087 0.0658 0.4995 1.0000 1.0000 0.0007 0.0051 0.0388 0.2949 1.0000 1.0000 0.0004 0.0030 0.0229 0.1742 1.0000 1.0000 0.0002 0.0018 0.0135 0.1028 0.7810 1.0000 1.0000 0.0011 0.0080 0.0607 0.4611 1.0000 1.0000 0.0006 0.0047 0.0359 0.2739 1.0000 1.0000 1.0000 0.2739 0.0359 0.0047 0.0006 1.0000 1.0000 0.4611 0.0607 0.0080 0.0011 1.0000 1.0000 0.7810 0.1028 0.0135 0.0018 0.0002 1.0000 1.0000 0.1742 0.0229 0.0030 0.0004 1.0000 1.0000 0.2949 0.0388 0.0051 0.0007 1.0000 1.0000 0.4995 0.0658 0.0087 0.0011 1.0000 1.0000 0.8459 0.1114 0.0147 0.0019 0.0003 1.0000 1.0000 0.1883 0.0248 0.0032 0.0004 1.0000
0.0004 0.0037 0.0273 0.2047 1.0000 1.0000 0.0003 0.0021 0.0157 0.1195 0.9076 1.0000 1.0000 0.0012 0.0093 0.0706 0.5349 1.0000 1.0000 0.0007 0.0055 0.0416 0.3164 1.0000 1.0000 0.0004 0.0032 0.0246 0.1865 1.0000 1.0000 0.0003 0.0019 0.0145 0.1103 0.8363 1.0000 1.0000 0.0011 0.0086 0.0650 0.4948 1.0000 1.0000 0.0007 0.0051 0.0385 0.2922 1.0000 1.0000 1.0000 1.0000 1.0000 0.2922 0.0385 0.0051 0.0007 1.0000 1.0000 0.4948 0.0650 0.0086 0.0011 1.0000 1.0000 0.8363 0.1103 0.0145 0.0019 0.0003 1.0000 1.0000 0.1865 0.0246 0.0032 0.0004 1.0000 1.0000 0.3164 0.0416 0.0055 0.0007 1.0000 1.0000 0.5349 0.0706 0.0093 0.0012 1.0000 1.0000 0.9076 0.1195 0.0157 0.0021 0.0003 1.0000 1.0000 0.2047 0.0273 0.0037 0.0004
0.0032 0.0273 0.1919 1.0000 1.0000 0.0002 0.0018 0.0136 0.1034 0.7854 1.0000 1.0000 0.0011 0.0080 0.0608 0.4620 1.0000 1.0000 0.0006 0.0047 0.0359 0.2728 1.0000 1.0000 0.0004 0.0028 0.0212 0.1611 1.0000 1.0000 0.0002 0.0016 0.0125 0.0951 0.7224 1.0000 1.0000 0.0010 0.0074 0.0562 0.4266 1.0000 1.0000 0.0006 0.0044 0.0332 0.2519 1.0000 1.0000 0.0003 0.0012 0.0003 1.0000 1.0000 0.2519 0.0332 0.0044 0.0006 1.0000 1.0000 0.4266 0.0562 0.0074 0.0010 1.0000 1.0000 0.7224 0.0951 0.0125 0.0016 0.0002 1.0000 1.0000 0.1611 0.0212 0.0028 0.0004 1.0000 1.0000 0.2728 0.0359 0.0047 0.0006 1.0000 1.0000 0.4620 0.0608 0.0080 0.0011 1.0000 1.0000 0.7854 0.1034 0.0136 0.0018 0.0002 1.0000 1.0000 0.1919 0.0273 0.0032
0.0248 0.2047 1.0000 1.0000 0.0002 0.0016 0.0122 0.0918 0.6915 1.0000 1.0000 0.0009 0.0070 0.0533 0.4044 1.0000 1.0000 0.0005 0.0041 0.0314 0.2388 1.0000 1.0000 0.0003 0.0024 0.0186 0.1410 1.0000 1.0000 1.0000 0.0014 0.0110 0.0833 0.6323 1.0000 1.0000 0.0009 0.0065 0.0492 0.3734 1.0000 1.0000 0.0005 0.0038 0.0290 0.2205 1.0000 1.0000 0.0003 0.0023 0.0079 0.0023 0.0003 1.0000 1.0000 0.2205 0.0290 0.0038 0.0005 1.0000 1.0000 0.3734 0.0492 0.0065 0.0009 1.0000 1.0000 0.6323 0.0833 0.0110 0.0014 1.0000 1.0000 1.0000 0.1410 0.0186 0.0024 0.0003 1.0000 1.0000 0.2388 0.0314 0.0041 0.0005 1.0000 1.0000 0.4044 0.0533 0.0070 0.0009 1.0000 1.0000 0.6915 0.0918 0.0122 0.0016 0.0002 1.0000 1.0000 0.2047 0.0248
0.1883 1.0000 1.0000 0.0002 0.0016 0.0114 0.0837 0.6216 1.0000 1.0000 0.0008 0.0062 0.0466 0.3534 1.0000 1.0000 0.0005 0.0036 0.0275 0.2087 1.0000 1.0000 0.0003 0.0021 0.0162 0.1232 0.9356 1.0000 1.0000 0.0013 0.0096 0.0728 0.5525 1.0000 1.0000 0.0007 0.0057 0.0430 0.3262 1.0000 1.0000 0.0004 0.0033 0.0254 0.1926 1.0000 1.0000 0.0003 0.0020 0.0152 0.0522 0.0152 0.0020 0.0003 1.0000 1.0000 0.1926 0.0254 0.0033 0.0004 1.0000 1.0000 0.3262 0.0430 0.0057 0.0007 1.0000 1.0000 0.5525 0.0728 0.0096 0.0013 1.0000 1.0000 0.9356 0.1232 0.0162 0.0021 0.0003 1.0000 1.0000 0.2087 0.0275 0.0036 0.0005 1.0000 1.0000 0.3534 0.0466 0.0062 0.0008 1.0000 1.0000 0.6216 0.0837 0.0114 0.0016 0.0002 1.0000 1.0000 0.1883
1.0000 1.0000 0.0002 0.0016 0.0114 0.0808 0.5827 1.0000 1.0000 0.0007 0.0055 0.0411 0.3105 1.0000 1.0000 0.0004 0.0032 0.0240 0.1823 1.0000 1.0000 0.0002 0.0019 0.0142 0.1076 0.8174 1.0000 1.0000 0.0011 0.0084 0.0636 0.4827 1.0000 1.0000 0.0007 0.0049 0.0375 0.2850 1.0000 1.0000 0.0004 0.0029 0.0222 0.1683 1.0000 1.0000 0.0002 0.0017 0.0132 0.1011 0.3460 0.1011 0.0132 0.0017 0.0002 1.0000 1.0000 0.1683 0.0222 0.0029 0.0004 1.0000 1.0000 0.2850 0.0375 0.0049 0.0007 1.0000 1.0000 0.4827 0.0636 0.0084 0.0011 1.0000 1.0000 0.8174 0.1076 0.0142 0.0019 0.0002 1.0000 1.0000 0.1823 0.0240 0.0032 0.0004 1.0000 1.0000 0.3105 0.0411 0.0055 0.0007 1.0000 1.0000 0.5827 0.0808 0.0114 0.0016 0.0002 1.0000 1.0000
1.0000 0.0003 0.0018 0.0122 0.0837 0.5827 1.0000 1.0000 0.0007 0.0050 0.0368 0.2760 1.0000 1.0000 0.0004 0.0028 0.0210 0.1593 1.0000 1.0000 0.0002 0.0016 0.0124 0.0940 0.7142 1.0000 1.0000 0.0010 0.0073 0.0555 0.4217 1.0000 1.0000 0.0006 0.0043 0.0328 0.2490 1.0000 1.0000 0.0003 0.0025 0.0194 0.1470 1.0000 1.0000 1.0000 0.0015 0.0114 0.0875 0.6707 1.0000 0.6707 0.0875 0.0114 0.0015 1.0000 1.0000 1.0000 0.1470 0.0194 0.0025 0.0003 1.0000 1.0000 0.2490 0.0328 0.0043 0.0006 1.0000 1.0000 0.4217 0.0555 0.0073 0.0010 1.0000 1.0000 0.7142 0.0940 0.0124 0.0016 0.0002 1.0000 1.0000 0.1593 0.0210 0.0028 0.0004 1.0000 1.0000 0.2760 0.0368 0.0050 0.0007 1.0000 1.0000 0.5827 0.0837 0.0122 0.0018 0.0003 1.0000
0.0003 0.0021 0.0136 0.0918 0.6216 1.0000 1.0000 0.0007 0.0047 0.0341 0.2519 1.0000 1.0000 0.0003 0.0024 0.0184 0.1394 1.0000 1.0000 1.0000 0.0014 0.0108 0.0822 0.6240 1.0000 1.0000 0.0008 0.0064 0.0485 0.3685 1.0000 1.0000 0.0005 0.0038 0.0287 0.2176 1.0000 1.0000 0.0003 0.0022 0.0169 0.1285 0.9756 1.0000 1.0000 0.0013 0.0100 0.0759 0.5805 1.0000 1.0000 1.0000 0.5805 0.0759 0.0100 0.0013 1.0000 1.0000 0.9756 0.1285 0.0169 0.0022 0.0003 1.0000 1.0000 0.2176 0.0287 0.0038 0.0005 1.0000 1.0000 0.3685 0.0485 0.0064 0.0008 1.0000 1.0000 0.6240 0.0822 0.0108 0.0014 1.0000 1.0000 1.0000 0.1394 0.0184 0.0024 0.0003 1.0000 1.0000 0.2519 0.0341 0.0047 0.0007 1.0000 1.0000 0.6216 0.0918 0.0136 0.0021 0.0003
0.0019 0.0157 0.1034 0.6915 1.0000 1.0000 0.0007 0.0047 0.0332 0.2388 1.0000 1.0000 0.0003 0.0022 0.0164 0.1232 0.9303 1.0000 1.0000 0.0012 0.0095 0.0718 0.5452 1.0000 1.0000 0.0007 0.0056 0.0424 0.3219 1.0000 1.0000 0.0004 0.0033 0.0250 0.1901 1.0000 1.0000 0.0003 0.0019 0.0148 0.1122 0.8524 1.0000 1.0000 0.0011 0.0087 0.0663 0.5033 1.0000 1.0000 0.0003 1.0000 1.0000 0.5033 0.0663 0.0087 0.0011 1.0000 1.0000 0.8524 0.1122 0.0148 0.0019 0.0003 1.0000 1.0000 0.1901 0.0250 0.0033 0.0004 1.0000 1.0000 0.3219 0.0424 0.0056 0.0007 1.0000 1.0000 0.5452 0.0718 0.0095 0.0012 1.0000 1.0000 0.9303 0.1232 0.0164 0.0022 0.0003 1.0000 1.0000 0.2388 0.0332 0.0047 0.0007 1.0000 1.0000 0.6915 0.1034 0.0157 0.0019
0.0147 0.1195 0.7854 1.0000 1.0000 0.0007 0.0050 0.0341 0.2388 1.0000 1.0000 0.0003 0.0020 0.0148 0.1105 0.8268 1.0000 1.0000 0.0011 0.0083 0.0627 0.4763 1.0000 1.0000 0.0006 0.0049 0.0370 0.2813 1.0000 1.0000 0.0004 0.0029 0.0219 0.1661 1.0000 1.0000 0.0002 0.0017 0.0129 0.0981 0.7447 1.0000 1.0000 0.0010 0.0076 0.0579 0.4397 1.0000 1.0000 0.0006 0.0021 0.0006 1.0000 1.0000 0.4397 0.0579 0.0076 0.0010 1.0000 1.0000 0.7447 0.0981 0.0129 0.0017 0.0002 1.0000 1.0000 0.1661 0.0219 0.0029 0.0004 1.0000 1.0000 0.2813 0.0370 0.0049 0.0006 1.0000 1.0000 0.4763 0.0627 0.0083 0.0011 1.0000 1.0000 0.8268 0.1105 0.0148 0.0020 0.0003 1.0000 1.0000 0.2388 0.0341 0.0050 0.0007 1.0000 1.0000 0.7854 0.1195 0.0147
0.1114 0.9076 1.0000 1.0000 0.0008 0.0055 0.0368 0.2519 1.0000 1.0000 0.0003 0.0019 0.0139 0.1017 0.7518 1.0000 1.0000 0.0010 0.0073 0.0551 0.4169 1.0000 1.0000 0.0006 0.0043 0.0324 0.2457 1.0000 1.0000 0.0003 0.0025 0.0191 0.1451 1.0000 1.0000 1.0000 0.0015 0.0113 0.0857 0.6506 1.0000 1.0000 0.0009 0.0067 0.0506 0.3842 1.0000 1.0000 0.0005 0.0040 0.0137 0.0040 0.0005 1.0000 1.0000 0.3842 0.0506 0.0067 0.0009 1.0000 1.0000 0.6506 0.0857 0.0113 0.0015 1.0000 1.0000 1.0000 0.1451 0.0191 0.0025 0.0003 1.0000 1.0000 0.2457 0.0324 0.0043 0.0006 1.0000 1.0000 0.4169 0.0551 0.0073 0.0010 1.0000 1.0000 0.7518 0.1017 0.0139 0.0019 0.0003 1.0000 1.0000 0.2519 0.0368 0.0055 0.0008 1.0000 1.0000 0.9076 0.1114
0.8459 1.0000 1.0000 0.0009 0.0062 0.0411 0.2760 1.0000 1.0000 0.0003 0.0019 0.0135 0.0971 0.7047 1.0000 1.0000 0.0009 0.0065 0.0490 0.3685 1.0000 1.0000 0.0005 0.0037 0.0283 0.2147 1.0000 1.0000 0.0003 0.0022 0.0167 0.1268 0.9627 1.0000 1.0000 0.0013 0.0099 0.0749 0.5685 1.0000 1.0000 0.0008 0.0058 0.0442 0.3357 1.0000 1.0000 0.0005 0.0035 0.0266 0.0909 0.0266 0.0035 0.0005 1.0000 1.0000 0.3357 0.0442 0.0058 0.0008 1.0000 1.0000 0.5685 0.0749 0.0099 0.0013 1.0000 1.0000 0.9627 0.1268 0.0167 0.0022 0.0003 1.0000 1.0000 0.2147 0.0283 0.0037 0.0005 1.0000 1.0000 0.3685 0.0490 0.0065 0.0009 1.0000 1.0000 0.7047 0.0971 0.0135 0.0019 0.0003 1.0000 1.0000 0.2760 0.0411 0.0062 0.0009 1.0000 1.0000 0.8459
1.0000 1.0000 0.0011 0.0070 0.0466 0.3105 1.0000 1.0000 0.0003 0.0020 0.0139 0.0971 0.6875 1.0000 1.0000 0.0008 0.0059 0.0441 0.3300 1.0000 1.0000 0.0004 0.0033 0.0247 0.1876 1.0000 1.0000 0.0003 0.0019 0.0146 0.1108 0.8411 1.0000 1.0000 0.0011 0.0086 0.0654 0.4967 1.0000 1.0000 0.0007 0.0051 0.0386 0.2933 1.0000 1.0000 0.0004 0.0030 0.0230 0.1762 0.6030 0.1762 0.0230 0.0030 0.0004 1.0000 1.0000 0.2933 0.0386 0.0051 0.0007 1.0000 1.0000 0.4967 0.0654 0.0086 0.0011 1.0000 1.0000 0.8411 0.1108 0.0146 0.0019 0.0003 1.0000 1.0000 0.1876 0.0247 0.0033 0.0004 1.0000 1.0000 0.3300 0.0441 0.0059 0.0008 1.0000 1.0000 0.6875 0.0971 0.0139 0.0020 0.0003 1.0000 1.0000 0.3105 0.0466 0.0070 0.0011 1.0000 1.0000
1.0000 0.0012 0.0080 0.0533 0.3534 1.0000 1.0000 0.0003 0.0022 0.0148 0.1017 0.7047 1.0000 1.0000 0.0008 0.0056 0.0409 0.3012 1.0000 1.0000 0.0004 0.0029 0.0218 0.1648 1.0000 1.0000 0.0002 0.0017 0.0127 0.0968 0.7348 1.0000 1.0000 0.0010 0.0075 0.0571 0.4339 1.0000 1.0000 0.0006 0.0044 0.0337 0.2562 1.0000 1.0000 0.0003 0.0026 0.0199 0.1525 1.0000 1.0000 1.0000 0.1525 0.0199 0.0026 0.0003 1.0000 1.0000 0.2562 0.0337 0.0044 0.0006 1.0000 1.0000 0.4339 0.0571 0.0075 0.0010 1.0000 1.0000 0.7348 0.0968 0.0127 0.0017 0.0002 1.0000 1.0000 0.1648 0.0218 0.0029 0.0004 1.0000 1.0000 0.3012 0.0409 0.0056 0.0008 1.0000 1.0000 0.7047 0.1017 0.0148 0.0022 0.0003 1.0000 1.0000 0.3534 0.0533 0.0080 0.0012 1.0000
0.0011 0.0093 0.0608 0.4044 1.0000 1.0000 0.0004 0.0024 0.0164 0.1105 0.7518 1.0000 1.0000 0.0008 0.0055 0.0392 0.2834 1.0000 1.0000 0.0003 0.0026 0.0195 0.1462 1.0000 1.0000 1.0000 0.0015 0.0111 0.0845 0.6420 1.0000 1.0000 0.0009 0.0066 0.0499 0.3791 1.0000 1.0000 0.0005 0.0039 0.0295 0.2239 1.0000 1.0000 0.0003 0.0023 0.0174 0.1322 1.0000 1.0000 1.0000 1.0000 1.0000 0.1322 0.0174 0.0023 0.0003 1.0000 1.0000 0.2239 0.0295 0.0039 0.0005 1.0000 1.0000 0.3791 0.0499 0.0066 0.0009 1.0000 1.0000 0.6420 0.0845 0.0111 0.0015 1.0000 1.0000 1.0000 0.1462 0.0195 0.0026 0.0003 1.0000 1.0000 0.2834 0.0392 0.0055 0.0008 1.0000 1.0000 0.7518 0.1105 0.0164 0.0024 0.0004 1.0000 1.0000 0.4044 0.0608 0.0093 0.0011
0.0087 0.0706 0.4620 1.0000 1.0000 0.0004 0.0028 0.0184 0.1232 0.8268 1.0000 1.0000 0.0008 0.0056 0.0392 0.2775 1.0000 1.0000 0.0003 0.0024 0.0176 0.1314 0.9830 1.0000 1.0000 0.0013 0.0098 0.0740 0.5609 1.0000 1.0000 0.0008 0.0057 0.0436 0.3312 1.0000 1.0000 0.0004 0.0034 0.0258 0.1956 1.0000 1.0000 0.0003 0.0020 0.0152 0.1155 0.8770 1.0000 1.0000 0.0005 1.0000 1.0000 0.8770 0.1155 0.0152 0.0020 0.0003 1.0000 1.0000 0.1956 0.0258 0.0034 0.0004 1.0000 1.0000 0.3312 0.0436 0.0057 0.0008 1.0000 1.0000 0.5609 0.0740 0.0098 0.0013 1.0000 1.0000 0.9830 0.1314 0.0176 0.0024 0.0003 1.0000 1.0000 0.2775 0.0392 0.0056 0.0008 1.0000 1.0000 0.8268 0.1232 0.0184 0.0028 0.0004 1.0000 1.0000 0.4620 0.0706 0.0087
0.0658 0.5349 1.0000 1.0000 0.0005 0.0032 0.0210 0.1394 0.9303 1.0000 1.0000 0.0009 0.0059 0.0409 0.2834 1.0000 1.0000 0.0003 0.0022 0.0164 0.1204 0.8922 1.0000 1.0000 0.0011 0.0086 0.0653 0.4929 1.0000 1.0000 0.0007 0.0050 0.0381 0.2894 1.0000 1.0000 0.0004 0.0030 0.0225 0.1709 1.0000 1.0000 0.0002 0.0017 0.0133 0.1009 0.7662 1.0000 1.0000 0.0011 0.0036 0.0011 1.0000 1.0000 0.7662 0.1009 0.0133 0.0017 0.0002 1.0000 1.0000 0.1709 0.0225 0.0030 0.0004 1.0000 1.0000 0.2894 0.0381 0.0050 0.0007 1.0000 1.0000 0.4929 0.0653 0.0086 0.0011 1.0000 1.0000 0.8922 0.1204 0.0164 0.0022 0.0003 1.0000 1.0000 0.2834 0.0409 0.0059 0.0009 1.0000 1.0000 0.9303 0.1394 0.0210 0.0032 0.0005 1.0000 1.0000 0.5349 0.0658
0.4995 1.0000 1.0000 0.0005 0.0036 0.0240 0.1593 1.0000 1.0000 1.0000 0.0010 0.0065 0.0441 0.3012 1.0000 1.0000 0.0003 0.0022 0.0158 0.1140 0.8300 1.0000 1.0000 0.0010 0.0077 0.0580 0.4364 1.0000 1.0000 0.0006 0.0044 0.0333 0.2528 1.0000 1.0000 0.0003 0.0026 0.0197 0.1493 1.0000 1.0000 0.0002 0.0015 0.0116 0.0882 0.6695 1.0000 1.0000 0.0009 0.0070 0.0239 0.0070 0.0009 1.0000 1.0000 0.6695 0.0882 0.0116 0.0015 0.0002 1.0000 1.0000 0.1493 0.0197 0.0026 0.0003 1.0000 1.0000 0.2528 0.0333 0.0044 0.0006 1.0000 1.0000 0.4364 0.0580 0.0077 0.0010 1.0000 1.0000 0.8300 0.1140 0.0158 0.0022 0.0003 1.0000 1.0000 0.3012 0.0441 0.0065 0.0010 1.0000 1.0000 1.0000 0.1593 0.0240 0.0036 0.0005 1.0000 1.0000 0.4995
1.0000 1.0000 0.0006 0.0041 0.0275 0.1823 1.0000 1.0000 1.0000 0.0011 0.0073 0.0490 0.3300 1.0000 1.0000 0.0003 0.0022 0.0158 0.1118 0.8005 1.0000 1.0000 0.0010 0.0070 0.0523 0.3901 1.0000 1.0000 0.0005 0.0039 0.0292 0.2213 1.0000 1.0000 0.0003 0.0023 0.0172 0.1304 0.9905 1.0000 1.0000 0.0013 0.0101 0.0770 0.5849 1.0000 1.0000 0.0008 0.0060 0.0463 0.1584 0.0463 0.0060 0.0008 1.0000 1.0000 0.5849 0.0770 0.0101 0.0013 1.0000 1.0000 0.9905 0.1304 0.0172 0.0023 0.0003 1.0000 1.0000 0.2213 0.0292 0.0039 0.0005 1.0000 1.0000 0.3901 0.0523 0.0070 0.0010 1.0000 1.0000 0.8005 0.1118 0.0158 0.0022 0.0003 1.0000 1.0000 0.3300 0.0490 0.0073 0.0011 1.0000 1.0000 1.0000 0.1823 0.0275 0.0041 0.0006 1.0000 1.0000
1.0000 0.0007 0.0047 0.0314 0.2087 1.0000 1.0000 1.0000 0.0012 0.0083 0.0551 0.3685 1.0000 1.0000 0.0003 0.0024 0.0164 0.1140 0.8005 1.0000 1.0000 0.0009 0.0065 0.0482 0.3554 1.0000 1.0000 0.0005 0.0034 0.0258 0.1945 1.0000 1.0000 0.0003 0.0020 0.0150 0.1140 0.8654 1.0000 1.0000 0.0012 0.0089 0.0673 0.5110 1.0000 1.0000 0.0007 0.0052 0.0400 0.3070 1.0000 0.3070 0.0400 0.0052 0.0007 1.0000 1.0000 0.5110 0.0673 0.0089 0.0012 1.0000 1.0000 0.8654 0.1140 0.0150 0.0020 0.0003 1.0000 1.0000 0.1945 0.0258 0.0034 0.0005 1.0000 1.0000 0.3554 0.0482 0.0065 0.0009 1.0000 1.0000 0.8005 0.1140 0.0164 0.0024 0.0003 1.0000 1.0000 0.3685 0.0551 0.0083 0.0012 1.0000 1.0000 1.0000 0.2087 0.0314 0.0047 0.0007 1.0000
0.0007 0.0055 0.0359 0.2388 1.0000 1.0000 0.0002 0.0014 0.0095 0.0627 0.4169 1.0000 1.0000 0.0004 0.0026 0.0176 0.1204 0.8300 1.0000 1.0000 0.0009 0.0063 0.0457 0.3319 1.0000 1.0000 0.0004 0.0031 0.0229 0.1725 1.0000 1.0000 0.0002 0.0017 0.0131 0.0996 0.7561 1.0000 1.0000 0.0010 0.0077 0.0588 0.4465 1.0000 1.0000 0.0006 0.0046 0.0347 0.2657 1.0000 1.0000 1.0000 0.2657 0.0347 0.0046 0.0006 1.0000 1.0000 0.4465 0.0588 0.0077 0.0010 1.0000 1.0000 0.7561 0.0996 0.0131 0.0017 0.0002 1.0000 1.0000 0.1725 0.0229 0.0031 0.0004 1.0000 1.0000 0.3319 0.0457 0.0063 0.0009 1.0000 1.0000 0.8300 0.1204 0.0176 0.0026 0.0004 1.0000 1.0000 0.4169 0.0627 0.0095 0.0014 0.0002 1.0000 1.0000 0.2388 0.0359 0.0055 0.0007
0.0051 0.0416 0.2728 1.0000 1.0000 0.0002 0.0016 0.0108 0.0718 0.4763 1.0000 1.0000 0.0004 0.0029 0.0195 0.1314 0.8922 1.0000 1.0000 0.0009 0.0063 0.0448 0.3207 1.0000 1.0000 0.0004 0.0028 0.0208 0.1548 1.0000 1.0000 0.0002 0.0015 0.0115 0.0872 0.6606 1.0000 1.0000 0.0009 0.0068 0.0514 0.3901 1.0000 1.0000 0.0005 0.0040 0.0303 0.2303 1.0000 1.0000 1.0000 1.0000 1.0000 0.2303 0.0303 0.0040 0.0005 1.0000 1.0000 0.3901 0.0514 0.0068 0.0009 1.0000 1.0000 0.6606 0.0872 0.0115 0.0015 0.0002 1.0000 1.0000 0.1548 0.0208 0.0028 0.0004 1.0000 1.0000 0.3207 0.0448 0.0063 0.0009 1.0000 1.0000 0.8922 0.1314 0.0195 0.0029 0.0004 1.0000 1.0000 0.4763 0.0718 0.0108 0.0016 0.0002 1.0000 1.0000 0.2728 0.0416 0.0051
0.0388 0.3164 1.0000 1.0000 0.0003 0.0019 0.0124 0.0822 0.5452 1.0000 1.0000 0.0005 0.0033 0.0218 0.1462 0.9830 1.0000 1.0000 0.0010 0.0065 0.0457 0.3207 1.0000 1.0000 0.0004 0.0026 0.0192 0.1416 1.0000 1.0000 1.0000 0.0014 0.0102 0.0769 0.5805 1.0000 1.0000 0.0008 0.0059 0.0449 0.3408 1.0000 1.0000 0.0005 0.0035 0.0265 0.2012 1.0000 1.0000 0.0003 0.0009 0.0003 1.0000 1.0000 0.2012 0.0265 0.0035 0.0005 1.0000 1.0000 0.3408 0.0449 0.0059 0.0008 1.0000 1.0000 0.5805 0.0769 0.0102 0.0014 1.0000 1.0000 1.0000 0.1416 0.0192 0.0026 0.0004 1.0000 1.0000 0.3207 0.0457 0.0065 0.0010 1.0000 1.0000 0.9830 0.1462 0.0218 0.0033 0.0005 1.0000 1.0000 0.5452 0.0822 0.0124 0.0019 0.0003 1.0000 1.0000 0.3164 0.0388
0.2949 1.0000 1.0000 0.0003 0.0021 0.0142 0.0940 0.6240 1.0000 1.0000 0.0006 0.0037 0.0247 0.1648 1.0000 1.0000 1.0000 0.0010 0.0070 0.0482 0.3319 1.0000 1.0000 0.0004 0.0025 0.0183 0.1327 0.9719 1.0000 1.0000 0.0012 0.0091 0.0683 0.5139 1.0000 1.0000 0.0007 0.0052 0.0392 0.2978 1.0000 1.0000 0.0004 0.0030 0.0232 0.1758 1.0000 1.0000 0.0002 0.0018 0.0063 0.0018 0.0002 1.0000 1.0000 0.1758 0.0232 0.0030 0.0004 1.0000 1.0000 0.2978 0.0392 0.0052 0.0007 1.0000 1.0000 0.5139 0.0683 0.0091 0.0012 1.0000 1.0000 0.9719 0.1327 0.0183 0.0025 0.0004 1.0000 1.0000 0.3319 0.0482 0.0070 0.0010 1.0000 1.0000 1.0000 0.1648 0.0247 0.0037 0.0006 1.0000 1.0000 0.6240 0.0940 0.0142 0.0021 0.0003 1.0000 1.0000 0.2949
1.0000 1.0000 0.0004 0.0024 0.0162 0.1076 0.7142 1.0000 1.0000 0.0006 0.0043 0.0283 0.1876 1.0000 1.0000 1.0000 0.0011 0.0077 0.0523 0.3554 1.0000 1.0000 0.0004 0.0025 0.0179 0.1285 0.9250 1.0000 1.0000 0.0011 0.0083 0.0614 0.4594 1.0000 1.0000 0.0006 0.0045 0.0343 0.2602 1.0000 1.0000 0.0004 0.0027 0.0202 0.1536 1.0000 1.0000 0.0002 0.0016 0.0122 0.0416 0.0122 0.0016 0.0002 1.0000 1.0000 0.1536 0.0202 0.0027 0.0004 1.0000 1.0000 0.2602 0.0343 0.0045 0.0006 1.0000 1.0000 0.4594 0.0614 0.0083 0.0011 1.0000 1.0000 0.9250 0.1285 0.0179 0.0025 0.0004 1.0000 1.0000 0.3554 0.0523 0.0077 0.0011 1.0000 1.0000 1.0000 0.1876 0.0283 0.0043 0.0006 1.0000 1.0000 0.7142 0.1076 0.0162 0.0024 0.0004 1.0000 1.0000
1.0000 0.0004 0.0028 0.0186 0.1232 0.8174 1.0000 1.0000 0.0007 0.0049 0.0324 0.2147 1.0000 1.0000 1.0000 0.0013 0.0086 0.0580 0.3901 1.0000 1.0000 0.0004 0.0026 0.0183 0.1285 0.9093 1.0000 1.0000 0.0010 0.0077 0.0564 0.4169 1.0000 1.0000 0.0005 0.0040 0.0303 0.2290 1.0000 1.0000 0.0003 0.0023 0.0177 0.1342 1.0000 1.0000 1.0000 0.0014 0.0105 0.0806 0.2760 0.0806 0.0105 0.0014 1.0000 1.0000 1.0000 0.1342 0.0177 0.0023 0.0003 1.0000 1.0000 0.2290 0.0303 0.0040 0.0005 1.0000 1.0000 0.4169 0.0564 0.0077 0.0010 1.0000 1.0000 0.9093 0.1285 0.0183 0.0026 0.0004 1.0000 1.0000 0.3901 0.0580 0.0086 0.0013 1.0000 1.0000 1.0000 0.2147 0.0324 0.0049 0.0007 1.0000 1.0000 0.8174 0.1232 0.0186 0.0028 0.0004 1.0000
0.0004 0.0032 0.0212 0.1410 0.9356 1.0000 1.0000 0.0008 0.0056 0.0370 0.2457 1.0000 1.0000 0.0002 0.0015 0.0098 0.0653 0.4364 1.0000 1.0000 0.0004 0.0028 0.0192 0.1327 0.9250 1.0000 1.0000 0.0010 0.0073 0.0530 0.3879 1.0000 1.0000 0.0005 0.0036 0.0270 0.2032 1.0000 1.0000 0.0003 0.0020 0.0154 0.1173 0.8905 1.0000 1.0000 0.0012 0.0091 0.0698 0.5349 1.0000 0.5349 0.0698 0.0091 0.0012 1.0000 1.0000 0.8905 0.1173 0.0154 0.0020 0.0003 1.0000 1.0000 0.2032 0.0270 0.0036 0.0005 1.0000 1.0000 0.3879 0.0530 0.0073 0.0010 1.0000 1.0000 0.9250 0.1327 0.0192 0.0028 0.0004 1.0000 1.0000 0.4364 0.0653 0.0098 0.0015 0.0002 1.0000 1.0000 0.2457 0.0370 0.0056 0.0008 1.0000 1.0000 0.9356 0.1410 0.0212 0.0032 0.0004
0.0030 0.0246 0.1611 1.0000 1.0000 1.0000 0.0010 0.0064 0.0424 0.2813 1.0000 1.0000 0.0003 0.0017 0.0111 0.0740 0.4929 1.0000 1.0000 0.0005 0.0031 0.0208 0.1416 0.9719 1.0000 1.0000 0.0010 0.0072 0.0514 0.3699 1.0000 1.0000 0.0004 0.0033 0.0244 0.1820 1.0000 1.0000 0.0002 0.0018 0.0136 0.1026 0.7780 1.0000 1.0000 0.0010 0.0080 0.0605 0.4629 1.0000 1.0000 1.0000 0.4629 0.0605 0.0080 0.0010 1.0000 1.0000 0.7780 0.1026 0.0136 0.0018 0.0002 1.0000 1.0000 0.1820 0.0244 0.0033 0.0004 1.0000 1.0000 0.3699 0.0514 0.0072 0.0010 1.0000 1.0000 0.9719 0.1416 0.0208 0.0031 0.0005 1.0000 1.0000 0.4929 0.0740 0.0111 0.0017 0.0003 1.0000 1.0000 0.2813 0.0424 0.0064 0.0010 1.0000 1.0000 1.0000 0.1611 0.0246 0.0030
0.0229 0.1865 1.0000 1.0000 1.0000 0.0011 0.0073 0.0485 0.3219 1.0000 1.0000 0.0003 0.0019 0.0127 0.0845 0.5609 1.0000 1.0000 0.0005 0.0034 0.0229 0.1548 1.0000 1.0000 1.0000 0.0010 0.0073 0.0514 0.3643 1.0000 1.0000 0.0004 0.0031 0.0225 0.1658 1.0000 1.0000 0.0002 0.0016 0.0120 0.0905 0.6836 1.0000 1.0000 0.0009 0.0070 0.0529 0.4014 1.0000 1.0000 0.0002 1.0000 1.0000 0.4014 0.0529 0.0070 0.0009 1.0000 1.0000 0.6836 0.0905 0.0120 0.0016 0.0002 1.0000 1.0000 0.1658 0.0225 0.0031 0.0004 1.0000 1.0000 0.3643 0.0514 0.0073 0.0010 1.0000 1.0000 1.0000 0.1548 0.0229 0.0034 0.0005 1.0000 1.0000 0.5609 0.0845 0.0127 0.0019 0.0003 1.0000 1.0000 0.3219 0.0485 0.0073 0.0011 1.0000 1.0000 1.0000 0.1865 0.0229
0.1742 1.0000 1.0000 1.0000 0.0013 0.0084 0.0555 0.3685 1.0000 1.0000 0.0003 0.0022 0.0146 0.0968 0.6420 1.0000 1.0000 0.0006 0.0039 0.0258 0.1725 1.0000 1.0000 1.0000 0.0011 0.0077 0.0530 0.3699 1.0000 1.0000 0.0004 0.0029 0.0212 0.1545 1.0000 1.0000 1.0000 0.0014 0.0107 0.0805 0.6053 1.0000 1.0000 0.0008 0.0061 0.0462 0.3507 1.0000 1.0000 0.0005 0.0016 0.0005 1.0000 1.0000 0.3507 0.0462 0.0061 0.0008 1.0000 1.0000 0.6053 0.0805 0.0107 0.0014 1.0000 1.0000 1.0000 0.1545 0.0212 0.0029 0.0004 1.0000 1.0000 0.3699 0.0530 0.0077 0.0011 1.0000 1.0000 1.0000 0.1725 0.0258 0.0039 0.0006 1.0000 1.0000 0.6420 0.0968 0.0146 0.0022 0.0003 1.0000 1.0000 0.3685 0.0555 0.0084 0.0013 1.0000 1.0000 1.0000 0.1742
1.0000 1.0000 0.0002 0.0014 0.0096 0.0636 0.4217 1.0000 1.0000 0.0004 0.0025 0.0167 0.1108 0.7348 1.0000 1.0000 0.0007 0.0044 0.0292 0.1945 1.0000 1.0000 1.0000 0.0012 0.0083 0.0564 0.3879 1.0000 1.0000 0.0004 0.0029 0.0205 0.1479 1.0000 1.0000 1.0000 0.0013 0.0097 0.0721 0.5400 1.0000 1.0000 0.0007 0.0053 0.0404 0.3064 1.0000 1.0000 0.0004 0.0032 0.0109 0.0032 0.0004 1.0000 1.0000 0.3064 0.0404 0.0053 0.0007 1.0000 1.0000 0.5400 0.0721 0.0097 0.0013 1.0000 1.0000 1.0000 0.1479 0.0205 0.0029 0.0004 1.0000 1.0000 0.3879 0.0564 0.0083 0.0012 1.0000 1.0000 1.0000 0.1945 0.0292 0.0044 0.0007 1.0000 1.0000 0.7348 0.1108 0.0167 0.0025 0.0004 1.0000 1.0000 0.4217 0.0636 0.0096 0.0014 0.0002 1.0000 1.0000
1.0000 0.0003 0.0016 0.0110 0.0728 0.4827 1.0000 1.0000 0.0004 0.0029 0.0191 0.1268 0.8411 1.0000 1.0000 0.0008 0.0050 0.0333 0.2213 1.0000 1.0000 0.0002 0.0014 0.0091 0.0614 0.4169 1.0000 1.0000 0.0004 0.0029 0.0205 0.1459 1.0000 1.0000 1.0000 0.0012 0.0089 0.0659 0.4882 1.0000 1.0000 0.0006 0.0047 0.0357 0.2692 1.0000 1.0000 0.0004 0.0028 0.0212 0.0725 0.0212 0.0028 0.0004 1.0000 1.0000 0.2692 0.0357 0.0047 0.0006 1.0000 1.0000 0.4882 0.0659 0.0089 0.0012 1.0000 1.0000 1.0000 0.1459 0.0205 0.0029 0.0004 1.0000 1.0000 0.4169 0.0614 0.0091 0.0014 0.0002 1.0000 1.0000 0.2213 0.0333 0.0050 0.0008 1.0000 1.0000 0.8411 0.1268 0.0191 0.0029 0.0004 1.0000 1.0000 0.4827 0.0728 0.0110 0.0016 0.0003 1.0000
0.0002 0.0019 0.0125 0.0833 0.5525 1.0000 1.0000 0.0005 0.0033 0.0219 0.1451 0.9627 1.0000 1.0000 0.0009 0.0057 0.0381 0.2528 1.0000 1.0000 0.0002 0.0015 0.0102 0.0683 0.4594 1.0000 1.0000 0.0004 0.0031 0.0212 0.1479 1.0000 1.0000 1.0000 0.0012 0.0084 0.0615 0.4516 1.0000 1.0000 0.0006 0.0042 0.0317 0.2384 1.0000 1.0000 0.0003 0.0024 0.0183 0.1405 0.4809 0.1405 0.0183 0.0024 0.0003 1.0000 1.0000 0.2384 0.0317 0.0042 0.0006 1.0000 1.0000 0.4516 0.0615 0.0084 0.0012 1.0000 1.0000 1.0000 0.1479 0.0212 0.0031 0.0004 1.0000 1.0000 0.4594 0.0683 0.0102 0.0015 0.0002 1.0000 1.0000 0.2528 0.0381 0.0057 0.0009 1.0000 1.0000 0.9627 0.1451 0.0219 0.0033 0.0005 1.0000 1.0000 0.5525 0.0833 0.0125 0.0019 0.0002
0.0018 0.0145 0.0951 0.6323 1.0000 1.0000 0.0006 0.0038 0.0250 0.1661 1.0000 1.0000 1.0000 0.0010 0.0066 0.0436 0.2894 1.0000 1.0000 0.0003 0.0017 0.0115 0.0769 0.5139 1.0000 1.0000 0.0005 0.0033 0.0225 0.1545 1.0000 1.0000 1.0000 0.0011 0.0082 0.0589 0.4266 1.0000 1.0000 0.0005 0.0038 0.0285 0.2131 1.0000 1.0000 0.0003 0.0021 0.0159 0.1216 0.9321 1.0000 0.9321 0.1216 0.0159 0.0021 0.0003 1.0000 1.0000 0.2131 0.0285 0.0038 0.0005 1.0000 1.0000 0.4266 0.0589 0.0082 0.0011 1.0000 1.0000 1.0000 0.1545 0.0225 0.0033 0.0005 1.0000 1.0000 0.5139 0.0769 0.0115 0.0017 0.0003 1.0000 1.0000 0.2894 0.0436 0.0066 0.0010 1.0000 1.0000 1.0000 0.1661 0.0250 0.0038 0.0006 1.0000 1.0000 0.6323 0.0951 0.0145 0.0018
0.0135 0.1103 0.7224 1.0000 1.0000 0.0007 0.0043 0.0287 0.1901 1.0000 1.0000 1.0000 0.0011 0.0075 0.0499 0.3312 1.0000 1.0000 0.0003 0.0020 0.0131 0.0872 0.5805 1.0000 1.0000 0.0005 0.0036 0.0244 0.1658 1.0000 1.0000 1.0000 0.0012 0.0082 0.0581 0.4146 1.0000 1.0000 0.0005 0.0035 0.0261 0.1934 1.0000 1.0000 0.0002 0.0019 0.0141 0.1062 0.8097 1.0000 1.0000 1.0000 0.8097 0.1062 0.0141 0.0019 0.0002 1.0000 1.0000 0.1934 0.0261 0.0035 0.0005 1.0000 1.0000 0.4146 0.0581 0.0082 0.0012 1.0000 1.0000 1.0000 0.1658 0.0244 0.0036 0.0005 1.0000 1.0000 0.5805 0.0872 0.0131 0.0020 0.0003 1.0000 1.0000 0.3312 0.0499 0.0075 0.0011 1.0000 1.0000 1.0000 0.1901 0.0287 0.0043 0.0007 1.0000 1.0000 0.7224 0.1103 0.0135
0.1028 0.8363 1.0000 1.0000 0.0007 0.0049 0.0328 0.2176 1.0000 1.0000 1.0000 0.0013 0.0086 0.0571 0.3791 1.0000 1.0000 0.0003 0.0023 0.0150 0.0996 0.6606 1.0000 1.0000 0.0006 0.0040 0.0270 0.1820 1.0000 1.0000 1.0000 0.0012 0.0084 0.0589 0.4146 1.0000 1.0000 0.0005 0.0034 0.0245 0.1792 1.0000 1.0000 0.0002 0.0017 0.0125 0.0942 0.7101 1.0000 1.0000 0.0004 1.0000 1.0000 0.7101 0.0942 0.0125 0.0017 0.0002 1.0000 1.0000 0.1792 0.0245 0.0034 0.0005 1.0000 1.0000 0.4146 0.0589 0.0084 0.0012 1.0000 1.0000 1.0000 0.1820 0.0270 0.0040 0.0006 1.0000 1.0000 0.6606 0.0996 0.0150 0.0023 0.0003 1.0000 1.0000 0.3791 0.0571 0.0086 0.0013 1.0000 1.0000 1.0000 0.2176 0.0328 0.0049 0.0007 1.0000 1.0000 0.8363 0.1028
0.7810 1.0000 1.0000 0.0009 0.0057 0.0375 0.2490 1.0000 1.0000 0.0002 0.0015 0.0099 0.0654 0.4339 1.0000 1.0000 0.0004 0.0026 0.0172 0.1140 0.7561 1.0000 1.0000 0.0007 0.0045 0.0303 0.2032 1.0000 1.0000 1.0000 0.0013 0.0089 0.0615 0.4266 1.0000 1.0000 0.0005 0.0033 0.0235 0.1696 1.0000 1.0000 0.0002 0.0015 0.0113 0.0842 0.6323 1.0000 1.0000 0.0008 0.0029 0.0008 1.0000 1.0000 0.6323 0.0842 0.0113 0.0015 0.0002 1.0000 1.0000 0.1696 0.0235 0.0033 0.0005 1.0000 1.0000 0.4266 0.0615 0.0089 0.0013 1.0000 1.0000 1.0000 0.2032 0.0303 0.0045 0.0007 1.0000 1.0000 0.7561 0.1140 0.0172 0.0026 0.0004 1.0000 1.0000 0.4339 0.0654 0.0099 0.0015 0.0002 1.0000 1.0000 0.2490 0.0375 0.0057 0.0009 1.0000 1.0000 0.7810
1.0000 1.0000 0.0010 0.0065 0.0430 0.2850 1.0000 1.0000 0.0003 0.0017 0.0113 0.0749 0.4967 1.0000 1.0000 0.0004 0.0030 0.0197 0.1304 0.8654 1.0000 1.0000 0.0008 0.0052 0.0343 0.2290 1.0000 1.0000 0.0002 0.0014 0.0097 0.0659 0.4516 1.0000 1.0000 0.0005 0.0033 0.0231 0.1651 1.0000 1.0000 1.0000 0.0014 0.0104 0.0766 0.5695 1.0000 1.0000 0.0007 0.0057 0.0194 0.0057 0.0007 1.0000 1.0000 0.5695 0.0766 0.0104 0.0014 1.0000 1.0000 1.0000 0.1651 0.0231 0.0033 0.0005 1.0000 1.0000 0.4516 0.0659 0.0097 0.0014 0.0002 1.0000 1.0000 0.2290 0.0343 0.0052 0.0008 1.0000 1.0000 0.8654 0.1304 0.0197 0.0030 0.0004 1.0000 1.0000 0.4967 0.0749 0.0113 0.0017 0.0003 1.0000 1.0000 0.2850 0.0430 0.0065 0.0010 1.0000 1.0000
1.0000 0.0011 0.0074 0.0492 0.3262 1.0000 1.0000 0.0003 0.0019 0.0129 0.0857 0.5685 1.0000 1.0000 0.0005 0.0034 0.0225 0.1493 0.9905 1.0000 1.0000 0.0009 0.0059 0.0392 0.2602 1.0000 1.0000 0.0002 0.0016 0.0107 0.0721 0.4882 1.0000 1.0000 0.0005 0.0034 0.0235 0.1651 1.0000 1.0000 1.0000 0.0013 0.0097 0.0711 0.5228 1.0000 1.0000 0.0007 0.0050 0.0380 0.1297 0.0380 0.0050 0.0007 1.0000 1.0000 0.5228 0.0711 0.0097 0.0013 1.0000 1.0000 1.0000 0.1651 0.0235 0.0034 0.0005 1.0000 1.0000 0.4882 0.0721 0.0107 0.0016 0.0002 1.0000 1.0000 0.2602 0.0392 0.0059 0.0009 1.0000 1.0000 0.9905 0.1493 0.0225 0.0034 0.0005 1.0000 1.0000 0.5685 0.0857 0.0129 0.0019 0.0003 1.0000 1.0000 0.3262 0.0492 0.0074 0.0011 1.0000
0.0011 0.0086 0.0562 0.3734 1.0000 1.0000 0.0003 0.0022 0.0148 0.0981 0.6506 1.0000 1.0000 0.0006 0.0039 0.0258 0.1709 1.0000 1.0000 1.0000 0.0010 0.0068 0.0449 0.2978 1.0000 1.0000 0.0003 0.0018 0.0120 0.0805 0.5400 1.0000 1.0000 0.0005 0.0035 0.0245 0.1696 1.0000 1.0000 1.0000 0.0013 0.0093 0.0676 0.4910 1.0000 1.0000 0.0006 0.0045 0.0337 0.2548 0.8720 0.2548 0.0337 0.0045 0.0006 1.0000 1.0000 0.4910 0.0676 0.0093 0.0013 1.0000 1.0000 1.0000 0.1696 0.0245 0.0035 0.0005 1.0000 1.0000 0.5400 0.0805 0.0120 0.0018 0.0003 1.0000 1.0000 0.2978 0.0449 0.0068 0.0010 1.0000 1.0000 1.0000 0.1709 0.0258 0.0039 0.0006 1.0000 1.0000 0.6506 0.0981 0.0148 0.0022 0.0003 1.0000 1.0000 0.3734 0.0562 0.0086 0.0011
0.0080 0.0650 0.4266 1.0000 1.0000 0.0004 0.0025 0.0169 0.1122 0.7447 1.0000 1.0000 0.0007 0.0044 0.0295 0.1956 1.0000 1.0000 1.0000 0.0012 0.0077 0.0514 0.3408 1.0000 1.0000 0.0003 0.0020 0.0136 0.0905 0.6053 1.0000 1.0000 0.0006 0.0038 0.0261 0.1792 1.0000 1.0000 1.0000 0.0013 0.0092 0.0658 0.4718 1.0000 1.0000 0.0006 0.0041 0.0304 0.2277 1.0000 1.0000 1.0000 0.2277 0.0304 0.0041 0.0006 1.0000 1.0000 0.4718 0.0658 0.0092 0.0013 1.0000 1.0000 1.0000 0.1792 0.0261 0.0038 0.0006 1.0000 1.0000 0.6053 0.0905 0.0136 0.0020 0.0003 1.0000 1.0000 0.3408 0.0514 0.0077 0.0012 1.0000 1.0000 1.0000 0.1956 0.0295 0.0044 0.0007 1.0000 1.0000 0.7447 0.1122 0.0169 0.0025 0.0004 1.0000 1.0000 0.4266 0.0650 0.0080
0.0607 0.4948 1.0000 1.0000 0.0004 0.0029 0.0194 0.1285 0.8524 1.0000 1.0000 0.0008 0.0051 0.0337 0.2239 1.0000 1.0000 0.0002 0.0013 0.0089 0.0588 0.3901 1.0000 1.0000 0.0004 0.0023 0.0154 0.1026 0.6836 1.0000 1.0000 0.0006 0.0042 0.0285 0.1934 1.0000 1.0000 1.0000 0.0013 0.0093 0.0658 0.4656 1.0000 1.0000 0.0005 0.0039 0.0282 0.2079 1.0000 1.0000 1.0000 1.0000 1.0000 0.2079 0.0282 0.0039 0.0005 1.0000 1.0000 0.4656 0.0658 0.0093 0.0013 1.0000 1.0000 1.0000 0.1934 0.0285 0.0042 0.0006 1.0000 1.0000 0.6836 0.1026 0.0154 0.0023 0.0004 1.0000 1.0000 0.3901 0.0588 0.0089 0.0013 0.0002 1.0000 1.0000 0.2239 0.0337 0.0051 0.0008 1.0000 1.0000 0.8524 0.1285 0.0194 0.0029 0.0004 1.0000 1.0000 0.4948 0.0607
0.4611 1.0000 1.0000 0.0005 0.0033 0.0222 0.1470 0.9756 1.0000 1.0000 0.0009 0.0058 0.0386 0.2562 1.0000 1.0000 0.0002 0.0015 0.0101 0.0673 0.4465 1.0000 1.0000 0.0004 0.0027 0.0177 0.1173 0.7780 1.0000 1.0000 0.0007 0.0047 0.0317 0.2131 1.0000 1.0000 0.0002 0.0014 0.0097 0.0676 0.4718 1.0000 1.0000 0.0005 0.0037 0.0269 0.1952 1.0000 1.0000 0.0002 0.0008 0.0002 1.0000 1.0000 0.1952 0.0269 0.0037 0.0005 1.0000 1.0000 0.4718 0.0676 0.0097 0.0014 0.0002 1.0000 1.0000 0.2131 0.0317 0.0047 0.0007 1.0000 1.0000 0.7780 0.1173 0.0177 0.0027 0.0004 1.0000 1.0000 0.4465 0.0673 0.0101 0.0015 0.0002 1.0000 1.0000 0.2562 0.0386 0.0058 0.0009 1.0000 1.0000 0.9756 0.1470 0.0222 0.0033 0.0005 1.0000 1.0000 0.4611
1.0000 1.0000 0.0006 0.0038 0.0254 0.1683 1.0000 1.0000 1.0000 0.0010 0.0067 0.0442 0.2933 1.0000 1.0000 0.0003 0.0017 0.0116 0.0770 0.5110 1.0000 1.0000 0.0005 0.0030 0.0202 0.1342 0.8905 1.0000 1.0000 0.0008 0.0053 0.0357 0.2384 1.0000 1.0000 0.0002 0.0015 0.0104 0.0711 0.4910 1.0000 1.0000 0.0005 0.0037 0.0262 0.1879 1.0000 1.0000 0.0002 0.0017 0.0057 0.0017 0.0002 1.0000 1.0000 0.1879 0.0262 0.0037 0.0005 1.0000 1.0000 0.4910 0.0711 0.0104 0.0015 0.0002 1.0000 1.0000 0.2384 0.0357 0.0053 0.0008 1.0000 1.0000 0.8905 0.1342 0.0202 0.0030 0.0005 1.0000 1.0000 0.5110 0.0770 0.0116 0.0017 0.0003 1.0000 1.0000 0.2933 0.0442 0.0067 0.0010 1.0000 1.0000 1.0000 0.1683 0.0254 0.0038 0.0006 1.0000 1.0000
1.0000 0.0007 0.0044 0.0290 0.1926 1.0000 1.0000 1.0000 0.0011 0.0076 0.0506 0.3357 1.0000 1.0000 0.0003 0.0020 0.0133 0.0882 0.5849 1.0000 1.0000 0.0005 0.0035 0.0232 0.1536 1.0000 1.0000 1.0000 0.0009 0.0061 0.0404 0.2692 1.0000 1.0000 0.0002 0.0017 0.0113 0.0766 0.5228 1.0000 1.0000 0.0005 0.0037 0.0262 0.1854 1.0000 1.0000 0.0002 0.0016 0.0115 0.0388 0.0115 0.0016 0.0002 1.0000 1.0000 0.1854 0.0262 0.0037 0.0005 1.0000 1.0000 0.5228 0.0766 0.0113 0.0017 0.0002 1.0000 1.0000 0.2692 0.0404 0.0061 0.0009 1.0000 1.0000 1.0000 0.1536 0.0232 0.0035 0.0005 1.0000 1.0000 0.5849 0.0882 0.0133 0.0020 0.0003 1.0000 1.0000 0.3357 0.0506 0.0076 0.0011 1.0000 1.0000 1.0000 0.1926 0.0290 0.0044 0.0007 1.0000
0.0006 0.0051 0.0332 0.2205 1.0000 1.0000 1.0000 0.0013 0.0087 0.0579 0.3842 1.0000 1.0000 0.0003 0.0023 0.0152 0.1009 0.6695 1.0000 1.0000 0.0006 0.0040 0.0265 0.1758 1.0000 1.0000 1.0000 0.0010 0.0070 0.0462 0.3064 1.0000 1.0000 0.0003 0.0019 0.0125 0.0842 0.5695 1.0000 1.0000 0.0006 0.0039 0.0269 0.1879 1.0000 1.0000 0.0002 0.0015 0.0108 0.0796 0.2687 0.0796 0.0108 0.0015 0.0002 1.0000 1.0000 0.1879 0.0269 0.0039 0.0006 1.0000 1.0000 0.5695 0.0842 0.0125 0.0019 0.0003 1.0000 1.0000 0.3064 0.0462 0.0070 0.0010 1.0000 1.0000 1.0000 0.1758 0.0265 0.0040 0.0006 1.0000 1.0000 0.6695 0.1009 0.0152 0.0023 0.0003 1.0000 1.0000 0.3842 0.0579 0.0087 0.0013 1.0000 1.0000 1.0000 0.2205 0.0332 0.0051 0.0006
0.0047 0.0385 0.2519 1.0000 1.0000 0.0002 0.0015 0.0100 0.0663 0.4397 1.0000 1.0000 0.0004 0.0026 0.0174 0.1155 0.7662 1.0000 1.0000 0.0007 0.0046 0.0303 0.2012 1.0000 1.0000 1.0000 0.0012 0.0080 0.0529 0.3507 1.0000 1.0000 0.0003 0.0021 0.0141 0.0942 0.6323 1.0000 1.0000 0.0006 0.0041 0.0282 0.1952 1.0000 1.0000 0.0002 0.0015 0.0104 0.0756 0.5535 1.0000 0.5535 0.0756 0.0104 0.0015 0.0002 1.0000 1.0000 0.1952 0.0282 0.0041 0.0006 1.0000 1.0000 0.6323 0.0942 0.0141 0.0021 0.0003 1.0000 1.0000 0.3507 0.0529 0.0080 0.0012 1.0000 1.0000 1.0000 0.2012 0.0303 0.0046 0.0007 1.0000 1.0000 0.7662 0.1155 0.0174 0.0026 0.0004 1.0000 1.0000 0.4397 0.0663 0.0100 0.0015 0.0002 1.0000 1.0000 0.2519 0.0385 0.0047
0.0359 0.2922 1.0000 1.0000 0.0003 0.0017 0.0114 0.0759 0.5033 1.0000 1.0000 0.0005 0.0030 0.0199 0.1322 0.8770 1.0000 1.0000 0.0008 0.0052 0.0347 0.2303 1.0000 1.0000 0.0002 0.0014 0.0091 0.0605 0.4014 1.0000 1.0000 0.0004 0.0024 0.0159 0.1062 0.7101 1.0000 1.0000 0.0007 0.0045 0.0304 0.2079 1.0000 1.0000 0.0002 0.0015 0.0104 0.0739 0.5318 1.0000 1.0000 1.0000 0.5318 0.0739 0.0104 0.0015 0.0002 1.0000 1.0000 0.2079 0.0304 0.0045 0.0007 1.0000 1.0000 0.7101 0.1062 0.0159 0.0024 0.0004 1.0000 1.0000 0.4014 0.0605 0.0091 0.0014 0.0002 1.0000 1.0000 0.2303 0.0347 0.0052 0.0008 1.0000 1.0000 0.8770 0.1322 0.0199 0.0030 0.0005 1.0000 1.0000 0.5033 0.0759 0.0114 0.0017 0.0003 1.0000 1.0000 0.2922 0.0359
0.2739 1.0000 1.0000 0.0003 0.0020 0.0132 0.0875 0.5805 1.0000 1.0000 0.0005 0.0035 0.0230 0.1525 1.0000 1.0000 1.0000 0.0009 0.0060 0.0400 0.2657 1.0000 1.0000 0.0002 0.0016 0.0105 0.0698 0.4629 1.0000 1.0000 0.0004 0.0028 0.0183 0.1216 0.8097 1.0000 1.0000 0.0007 0.0050 0.0337 0.2277 1.0000 1.0000 0.0002 0.0016 0.0108 0.0756 0.5318 1.0000 1.0000 0.0003 1.0000 1.0000 0.5318 0.0756 0.0108 0.0016 0.0002 1.0000 1.0000 0.2277 0.0337 0.0050 0.0007 1.0000 1.0000 0.8097 0.1216 0.0183 0.0028 0.0004 1.0000 1.0000 0.4629 0.0698 0.0105 0.0016 0.0002 1.0000 1.0000 0.2657 0.0400 0.0060 0.0009 1.0000 1.0000 1.0000 0.1525 0.0230 0.0035 0.0005 1.0000 1.0000 0.5805 0.0875 0.0132 0.0020 0.0003 1.0000 1.0000 0.2739
1.0000 1.0000 0.0003 0.0023 0.0152 0.1011 0.6707 1.0000 1.0000 0.0006 0.0040 0.0266 0.1762 1.0000 1.0000 1.0000 0.0011 0.0070 0.0463 0.3070 1.0000 1.0000 0.0003 0.0018 0.0122 0.0806 0.5349 1.0000 1.0000 0.0005 0.0032 0.0212 0.1405 0.9321 1.0000 1.0000 0.0008 0.0057 0.0380 0.2548 1.0000 1.0000 0.0002 0.0017 0.0115 0.0796 0.5535 1.0000 1.0000 0.0006 0.0020 0.0006 1.0000 1.0000 0.5535 0.0796 0.0115 0.0017 0.0002 1.0000 1.0000 0.2548 0.0380 0.0057 0.0008 1.0000 1.0000 0.9321 0.1405 0.0212 0.0032 0.0005 1.0000 1.0000 0.5349 0.0806 0.0122 0.0018 0.0003 1.0000 1.0000 0.3070 0.0463 0.0070 0.0011 1.0000 1.0000 1.0000 0.1762 0.0266 0.0040 0.0006 1.0000 1.0000 0.6707 0.1011 0.0152 0.0023 0.0003 1.0000 1.0000
1.0000 1.0000 0.0012 0.0079 0.0522 0.3460 1.0000 1.0000 0.0003 0.0021 0.0137 0.0909 0.6030 1.0000 1.0000 0.0005 0.0036 0.0239 0.1584 1.0000 1.0000 1.0000 0.0009 0.0063 0.0416 0.2760 1.0000 1.0000 0.0002 0.0016 0.0109 0.0725 0.4809 1.0000 1.0000 0.0004 0.0029 0.0194 0.1297 0.8720 1.0000 1.0000 0.0008 0.0057 0.0388 0.2687 1.0000 1.0000 0.0003 0.0020 0.0064 0.0020 0.0003 1.0000 1.0000 0.2687 0.0388 0.0057 0.0008 1.0000 1.0000 0.8720 0.1297 0.0194 0.0029 0.0004 1.0000 1.0000 0.4809 0.0725 0.0109 0.0016 0.0002 1.0000 1.0000 0.2760 0.0416 0.0063 0.0009 1.0000 1.0000 1.0000 0.1584 0.0239 0.0036 0.0005 1.0000 1.0000 0.6030 0.0909 0.0137 0.0021 0.0003 1.0000 1.0000 0.3460 0.0522 0.0079 0.0012 1.0000 1.0000
1.0000 1.0000 0.0003 0.0023 0.0152 0.1011 0.6707 1.0000 1.0000 0.0006 0.0040 0.0266 0.1762 1.0000 1.0000 1.0000 0.0011 0.0070 0.0463 0.3070 1.0000 1.0000 0.0003 0.0018 0.0122 0.0806 0.5349 1.0000 1.0000 0.0005 0.0032 0.0212 0.1405 0.9321 1.0000 1.0000 0.0008 0.0057 0.0380 0.2548 1.0000 1.0000 0.0002 0.0017 0.0115 0.0796 0.5535 1.0000 1.0000 0.0006 0.0020 0.0006 1.0000 1.0000 0.5535 0.0796 0.0115 0.0017 0.0002 1.0000 1.0000 0.2548 0.0380 0.0057 0.0008 1.0000 1.0000 0.9321 0.1405 0.0212 0.0032 0.0005 1.0000 1.0000 0.5349 0.0806 0.0122 0.0018 0.0003 1.0000 1.0000 0.3070 0.0463 0.0070 0.0011 1.0000 1.0000 1.0000 0.1762 0.0266 0.0040 0.0006 1.0000 1.0000 0.6707 0.1011 0.0152 0.0023 0.0003 1.0000 1.0000
0.2739 1.0000 1.0000 0.0003 0.0020 0.0132 0.0875 0.5805 1.0000 1.0000 0.0005 0.0035 0.0230 0.1525 1.0000 1.0000 1.0000 0.0009 0.0060 0.0400 0.2657 1.0000 1.0000 0.0002 0.0016 0.0105 0.0698 0.4629 1.0000 1.0000 0.0004 0.0028 0.0183 0.1216 0.8097 1.0000 1.0000 0.0007 0.0050 0.0337 0.2277 1.0000 1.0000 0.0002 0.0016 0.0108 0.0756 0.5318 1.0000 1.0000 0.0003 1.0000 1.0000 0.5318 0.0756 0.0108 0.0016 0.0002 1.0000 1.0000 0.2277 0.0337 0.0050 0.0007 1.0000 1.0000 0.8097 0.1216 0.0183 0.0028 0.0004 1.0000 1.0000 0.4629 0.0698 0.0105 0.0016 0.0002 1.0000 1.0000 0.2657 0.0400 0.0060 0.0009 1.0000 1.0000 1.0000 0.1525 0.0230 0.0035 0.0005 1.0000 1.0000 0.5805 0.0875 0.0132 0.0020 0.0003 1.0000 1.0000 0.2739
0.0359 0.2922 1.0000 1.0000 0.0003 0.0017 0.0114 0.0759 0.5033 1.0000 1.0000 0.0005 0.0030 0.0199 0.1322 0.8770 1.0000 1.0000 0.0008 0.0052 0.0347 0.2303 1.0000 1.0000 0.0002 0.0014 0.0091 0.0605 0.4014 1.0000 1.0000 0.0004 0.0024 0.0159 0.1062 0.7101 1.0000 1.0000 0.0007 0.0045 0.0304 0.2079 1.0000 1.0000 0.0002 0.0015 0.0104 0.0739 0.5318 1.0000 1.0000 1.0000 0.5318 0.0739 0.0104 0.0015 0.0002 1.0000 1.0000 0.2079 0.0304 0.0045 0.0007 1.0000 1.0000 0.7101 0.1062 0.0159 0.0024 0.0004 1.0000 1.0000 0.4014 0.0605 0.0091 0.0014 0.0002 1.0000 1.0000 0.2303 0.0347 0.0052 0.0008 1.0000 1.0000 0.8770 0.1322 0.0199 0.0030 0.0005 1.0000 1.0000 0.5033 0.0759 0.0114 0.0017 0.0003 1.0000 1.0000 0.2922 0.0359
0.0047 0.0385 0.2519 1.0000 1.0000 0.0002 0.0015 0.0100 0.0663 0.4397 1.0000 1.0000 0.0004 0.0026 0.0174 0.1155 0.7662 1.0000 1.0000 0.0007 0.0046 0.0303 0.2012 1.0000 1.0000 1.0000 0.0012 0.0080 0.0529 0.3507 1.0000 1.0000 0.0003 0.0021 0.0141 0.0942 0.6323 1.0000 1.0000 0.0006 0.0041 0.0282 0.1952 1.0000 1.0000 0.0002 0.0015 0.0104 0.0756 0.5535 1.0000 0.5535 0.0756 0.0104 0.0015 0.0002 1.0000 1.0000 0.1952 0.0282 0.0041 0.0006 1.0000 1.0000 0.6323 0.0942 0.0141 0.0021 0.0003 1.0000 1.0000 0.3507 0.0529 0.0080 0.0012 1.0000 1.0000 1.0000 0.2012 0.0303 0.0046 0.0007 1.0000 1.0000 0.7662 0.1155 0.0174 0.0026 0.0004 1.0000 1.0000 0.4397 0.0663 0.0100 0.0015 0.0002 1.0000 1.0000 0.2519 0.0385 0.0047
0.0006 0.0051 0.0332 0.2205 1.0000 1.0000 1.0000 0.0013 0.0087 0.0579 0.3842 1.0000 1.0000 0.0003 0.0023 0.0152 0.1009 0.6695 1.0000 1.0000 0.0006 0.0040 0.0265 0.1758 1.0000 1.0000 1.0000 0.0010 0.0070 0.0462 0.3064 1.0000 1.0000 0.0003 0.0019 0.0125 0.0842 0.5695 1.0000 1.0000 0.0006 0.0039 0.0269 0.1879 1.0000 1.0000 0.0002 0.0015 0.0108 0.0796 0.2687 0.0796 0.0108 0.0015 0.0002 1.0000 1.0000 0.1879 0.0269 0.0039 0.0006 1.0000 1.0000 0.5695 0.0842 0.0125 0.0019 0.0003 1.0000 1.0000 0.3064 0.0462 0.0070 0.0010 1.0000 1.0000 1.0000 0.1758 0.0265 0.0040 0.0006 1.0000 1.0000 0.6695 0.1009 0.0152 0.0023 0.0003 1.0000 1.0000 0.3842 0.0579 0.0087 0.0013 1.0000 1.0000 1.0000 0.2205 0.0332 0.0051 0.0006
