0.2102 0.1977 0.2671 0.3876 0.4859 0.3971 0.1940 0.1872 0.2443 0.3516 0.4801 0.4378 0.2274 0.1802 0.2248 0.3189 0.4569 0.4646 0.2886 0.1785 0.2087 0.2895 0.4206 0.4806 0.3518 0.1829 0.1958 0.2635 0.3820 0.4859 0.4043 0.1971 0.1858 0.2411 0.3464 0.4778 0.4426 0.2354 0.1796 0.2222 0.3142 0.4519 0.4677 0.2986 0.1788 0.2065 0.2853 0.4147 0.4818 0.3655 0.2180 0.3655 0.4818 0.4147 0.2853 0.2065 0.1788 0.2986 0.4677 0.4519 0.3142 0.2222 0.1796 0.2354 0.4426 0.4778 0.3464 0.2411 0.1858 0.1971 0.4043 0.4859 0.3820 0.2635 0.1958 0.1829 0.3518 0.4806 0.4206 0.2895 0.2087 0.1785 0.2886 0.4646 0.4569 0.3189 0.2248 0.1802 0.2274 0.4378 0.4801 0.3516 0.2443 0.1872 0.1940 0.3971 0.4859 0.3876 0.2671 0.1977 0.2102
0.1977 0.2589 0.3899 0.4872 0.3983 0.1748 0.1632 0.2296 0.3485 0.4831 0.4380 0.2201 0.1546 0.2075 0.3124 0.4608 0.4644 0.2891 0.1533 0.1890 0.2799 0.4231 0.4808 0.3539 0.1598 0.1738 0.2510 0.3817 0.4874 0.4060 0.1794 0.1615 0.2259 0.3428 0.4810 0.4428 0.2300 0.1540 0.2045 0.3073 0.4558 0.4675 0.2996 0.1537 0.1865 0.2753 0.4168 0.4825 0.3621 0.1611 0.1494 0.1611 0.3621 0.4825 0.4168 0.2753 0.1865 0.1537 0.2996 0.4675 0.4558 0.3073 0.2045 0.1540 0.2300 0.4428 0.4810 0.3428 0.2259 0.1615 0.1794 0.4060 0.4874 0.3817 0.2510 0.1738 0.1598 0.3539 0.4808 0.4231 0.2799 0.1890 0.1533 0.2891 0.4644 0.4608 0.3124 0.2075 0.1546 0.2201 0.4380 0.4831 0.3485 0.2296 0.1632 0.1748 0.3983 0.4872 0.3899 0.2589 0.1977
0.2671 0.3899 0.4867 0.4059 0.1808 0.1607 0.2236 0.3385 0.4784 0.4456 0.2369 0.1535 0.2022 0.3031 0.4509 0.4691 0.3068 0.1540 0.1846 0.2716 0.4113 0.4829 0.3685 0.1630 0.1702 0.2438 0.3704 0.4864 0.4169 0.1887 0.1587 0.2197 0.3326 0.4754 0.4499 0.2475 0.1531 0.1993 0.2981 0.4454 0.4718 0.3169 0.1548 0.1822 0.2671 0.4050 0.4841 0.3767 0.1653 0.1651 0.1958 0.1651 0.1653 0.3767 0.4841 0.4050 0.2671 0.1822 0.1548 0.3169 0.4718 0.4454 0.2981 0.1993 0.1531 0.2475 0.4499 0.4754 0.3326 0.2197 0.1587 0.1887 0.4169 0.4864 0.3704 0.2438 0.1702 0.1630 0.3685 0.4829 0.4113 0.2716 0.1846 0.1540 0.3068 0.4691 0.4509 0.3031 0.2022 0.1535 0.2369 0.4456 0.4784 0.3385 0.2236 0.1607 0.1808 0.4059 0.4867 0.3899 0.2671
0.3876 0.4872 0.4059 0.1836 0.1593 0.2196 0.3308 0.4739 0.4522 0.2541 0.1529 0.1974 0.2947 0.4415 0.4736 0.3237 0.1554 0.1806 0.2642 0.4008 0.4849 0.3823 0.1673 0.1670 0.2373 0.3605 0.4853 0.4266 0.2007 0.1566 0.2142 0.3235 0.4695 0.4565 0.2655 0.1528 0.1946 0.2899 0.4356 0.4759 0.3334 0.1565 0.1784 0.2599 0.3945 0.4857 0.3900 0.1704 0.1654 0.2298 0.2905 0.2298 0.1654 0.1704 0.3900 0.4857 0.3945 0.2599 0.1784 0.1565 0.3334 0.4759 0.4356 0.2899 0.1946 0.1528 0.2655 0.4565 0.4695 0.3235 0.2142 0.1566 0.2007 0.4266 0.4853 0.3605 0.2373 0.1670 0.1673 0.3823 0.4849 0.4008 0.2642 0.1806 0.1554 0.3237 0.4736 0.4415 0.2947 0.1974 0.1529 0.2541 0.4522 0.4739 0.3308 0.2196 0.1593 0.1836 0.4059 0.4872 0.3876
0.4859 0.3983 0.1808 0.1593 0.2180 0.3262 0.4698 0.4573 0.2697 0.1529 0.1931 0.2868 0.4316 0.4774 0.3399 0.1573 0.1768 0.2569 0.3902 0.4861 0.3952 0.1728 0.1639 0.2311 0.3507 0.4830 0.4354 0.2153 0.1549 0.2089 0.3145 0.4622 0.4624 0.2836 0.1530 0.1901 0.2818 0.4253 0.4793 0.3492 0.1588 0.1747 0.2528 0.3840 0.4865 0.4024 0.1769 0.1623 0.2278 0.3443 0.4360 0.3443 0.2278 0.1623 0.1769 0.4024 0.4865 0.3840 0.2528 0.1747 0.1588 0.3492 0.4793 0.4253 0.2818 0.1901 0.1530 0.2836 0.4624 0.4622 0.3145 0.2089 0.1549 0.2153 0.4354 0.4830 0.3507 0.2311 0.1639 0.1728 0.3952 0.4861 0.3902 0.2569 0.1768 0.1573 0.3399 0.4774 0.4316 0.2868 0.1931 0.1529 0.2697 0.4573 0.4698 0.3262 0.2180 0.1593 0.1808 0.3983 0.4859
0.3971 0.1748 0.1607 0.2196 0.3262 0.4680 0.4602 0.2811 0.1531 0.1894 0.2797 0.4218 0.4805 0.3550 0.1599 0.1733 0.2499 0.3797 0.4867 0.4071 0.1801 0.1611 0.2250 0.3411 0.4796 0.4434 0.2317 0.1537 0.2037 0.3058 0.4538 0.4676 0.3013 0.1537 0.1859 0.2740 0.4147 0.4822 0.3641 0.1619 0.1712 0.2459 0.3737 0.4866 0.4136 0.1855 0.1595 0.2216 0.3360 0.4760 0.4738 0.4760 0.3360 0.2216 0.1595 0.1855 0.4136 0.4866 0.3737 0.2459 0.1712 0.1619 0.3641 0.4822 0.4147 0.2740 0.1859 0.1537 0.3013 0.4676 0.4538 0.3058 0.2037 0.1537 0.2317 0.4434 0.4796 0.3411 0.2250 0.1611 0.1801 0.4071 0.4867 0.3797 0.2499 0.1733 0.1599 0.3550 0.4805 0.4218 0.2797 0.1894 0.1531 0.2811 0.4602 0.4680 0.3262 0.2196 0.1607 0.1748 0.3971
0.1940 0.1632 0.2236 0.3308 0.4698 0.4602 0.2853 0.1533 0.1869 0.2742 0.4133 0.4828 0.3683 0.1631 0.1700 0.2433 0.3696 0.4863 0.4179 0.1897 0.1585 0.2192 0.3317 0.4749 0.4506 0.2493 0.1531 0.1988 0.2973 0.4445 0.4723 0.3185 0.1549 0.1818 0.2665 0.4041 0.4843 0.3781 0.1658 0.1679 0.2393 0.3636 0.4857 0.4237 0.1967 0.1572 0.2159 0.3263 0.4716 0.4525 0.3629 0.4525 0.4716 0.3263 0.2159 0.1572 0.1967 0.4237 0.4857 0.3636 0.2393 0.1679 0.1658 0.3781 0.4843 0.4041 0.2665 0.1818 0.1549 0.3185 0.4723 0.4445 0.2973 0.1988 0.1531 0.2493 0.4506 0.4749 0.3317 0.2192 0.1585 0.1897 0.4179 0.4863 0.3696 0.2433 0.1700 0.1631 0.3683 0.4828 0.4133 0.2742 0.1869 0.1533 0.2853 0.4602 0.4698 0.3308 0.2236 0.1632 0.1940
0.1872 0.2296 0.3385 0.4739 0.4573 0.2811 0.1533 0.1861 0.2711 0.4073 0.4842 0.3791 0.1667 0.1671 0.2373 0.3600 0.4851 0.4275 0.2020 0.1564 0.2137 0.3226 0.4688 0.4571 0.2673 0.1528 0.1942 0.2891 0.4346 0.4763 0.3350 0.1567 0.1780 0.2591 0.3934 0.4858 0.3913 0.1709 0.1649 0.2330 0.3537 0.4838 0.4328 0.2105 0.1554 0.2105 0.3173 0.4646 0.4602 0.2837 0.1593 0.2837 0.4602 0.4646 0.3173 0.2105 0.1554 0.2105 0.4328 0.4838 0.3537 0.2330 0.1649 0.1709 0.3913 0.4858 0.3934 0.2591 0.1780 0.1567 0.3350 0.4763 0.4346 0.2891 0.1942 0.1528 0.2673 0.4571 0.4688 0.3226 0.2137 0.1564 0.2020 0.4275 0.4851 0.3600 0.2373 0.1671 0.1667 0.3791 0.4842 0.4073 0.2711 0.1861 0.1533 0.2811 0.4573 0.4739 0.3385 0.2296 0.1872
0.2443 0.3485 0.4784 0.4522 0.2697 0.1531 0.1869 0.2711 0.4052 0.4849 0.3862 0.1701 0.1648 0.2321 0.3514 0.4830 0.4358 0.2164 0.1548 0.2084 0.3137 0.4614 0.4629 0.2853 0.1531 0.1897 0.2810 0.4242 0.4797 0.3507 0.1591 0.1743 0.2521 0.3829 0.4866 0.4035 0.1776 0.1619 0.2269 0.3440 0.4808 0.4410 0.2264 0.1541 0.2053 0.3085 0.4565 0.4661 0.2953 0.1518 0.1585 0.1518 0.2953 0.4661 0.4565 0.3085 0.2053 0.1541 0.2264 0.4410 0.4808 0.3440 0.2269 0.1619 0.1776 0.4035 0.4866 0.3829 0.2521 0.1743 0.1591 0.3507 0.4797 0.4242 0.2810 0.1897 0.1531 0.2853 0.4629 0.4614 0.3137 0.2084 0.1548 0.2164 0.4358 0.4830 0.3514 0.2321 0.1648 0.1701 0.3862 0.4849 0.4052 0.2711 0.1869 0.1531 0.2697 0.4522 0.4784 0.3485 0.2443
0.3516 0.4831 0.4456 0.2541 0.1529 0.1894 0.2742 0.4073 0.4849 0.3887 0.1723 0.1634 0.2282 0.3444 0.4804 0.4427 0.2312 0.1537 0.2035 0.3051 0.4530 0.4681 0.3030 0.1538 0.1855 0.2733 0.4137 0.4824 0.3655 0.1622 0.1709 0.2453 0.3726 0.4865 0.4147 0.1865 0.1593 0.2210 0.3346 0.4765 0.4485 0.2437 0.1532 0.2003 0.2999 0.4475 0.4709 0.3132 0.1545 0.1795 0.2179 0.1795 0.1545 0.3132 0.4709 0.4475 0.2999 0.2003 0.1532 0.2437 0.4485 0.4765 0.3346 0.2210 0.1593 0.1865 0.4147 0.4865 0.3726 0.2453 0.1709 0.1622 0.3655 0.4824 0.4137 0.2733 0.1855 0.1538 0.3030 0.4681 0.4530 0.3051 0.2035 0.1537 0.2312 0.4427 0.4804 0.3444 0.2282 0.1634 0.1723 0.3887 0.4849 0.4073 0.2742 0.1894 0.1529 0.2541 0.4456 0.4831 0.3516
0.4801 0.4380 0.2369 0.1529 0.1931 0.2797 0.4133 0.4842 0.3862 0.1723 0.1628 0.2261 0.3396 0.4779 0.4479 0.2450 0.1531 0.1991 0.2972 0.4440 0.4726 0.3200 0.1551 0.1814 0.2657 0.4030 0.4845 0.3795 0.1663 0.1676 0.2387 0.3626 0.4856 0.4247 0.1979 0.1570 0.2154 0.3254 0.4708 0.4552 0.2617 0.1528 0.1956 0.2916 0.4377 0.4751 0.3300 0.1561 0.1794 0.2579 0.3291 0.2579 0.1794 0.1561 0.3300 0.4751 0.4377 0.2916 0.1956 0.1528 0.2617 0.4552 0.4708 0.3254 0.2154 0.1570 0.1979 0.4247 0.4856 0.3626 0.2387 0.1676 0.1663 0.3795 0.4845 0.4030 0.2657 0.1814 0.1551 0.3200 0.4726 0.4440 0.2972 0.1991 0.1531 0.2450 0.4479 0.4779 0.3396 0.2261 0.1628 0.1723 0.3862 0.4842 0.4133 0.2797 0.1931 0.1529 0.2369 0.4380 0.4801
0.4378 0.2201 0.1535 0.1974 0.2868 0.4218 0.4828 0.3791 0.1701 0.1634 0.2261 0.3379 0.4762 0.4513 0.2558 0.1529 0.1955 0.2903 0.4353 0.4763 0.3357 0.1568 0.1777 0.2585 0.3924 0.4859 0.3925 0.1715 0.1646 0.2324 0.3527 0.4836 0.4337 0.2120 0.1552 0.2100 0.3164 0.4638 0.4612 0.2798 0.1529 0.1911 0.2835 0.4275 0.4787 0.3459 0.1583 0.1755 0.2547 0.3867 0.4699 0.3867 0.2547 0.1755 0.1583 0.3459 0.4787 0.4275 0.2835 0.1911 0.1529 0.2798 0.4612 0.4638 0.3164 0.2100 0.1552 0.2120 0.4337 0.4836 0.3527 0.2324 0.1646 0.1715 0.3925 0.4859 0.3924 0.2585 0.1777 0.1568 0.3357 0.4763 0.4353 0.2903 0.1955 0.1529 0.2558 0.4513 0.4762 0.3379 0.2261 0.1634 0.1701 0.3791 0.4828 0.4218 0.2868 0.1974 0.1535 0.2201 0.4378
0.2274 0.1546 0.2022 0.2947 0.4316 0.4805 0.3683 0.1667 0.1648 0.2282 0.3396 0.4762 0.4525 0.2617 0.1528 0.1928 0.2848 0.4274 0.4791 0.3493 0.1590 0.1743 0.2517 0.3821 0.4866 0.4047 0.1784 0.1617 0.2263 0.3431 0.4804 0.4418 0.2281 0.1540 0.2048 0.3076 0.4557 0.4666 0.2976 0.1535 0.1868 0.2756 0.4170 0.4816 0.3610 0.1611 0.1719 0.2474 0.3763 0.4847 0.4558 0.4847 0.3763 0.2474 0.1719 0.1611 0.3610 0.4816 0.4170 0.2756 0.1868 0.1535 0.2976 0.4666 0.4557 0.3076 0.2048 0.1540 0.2281 0.4418 0.4804 0.3431 0.2263 0.1617 0.1784 0.4047 0.4866 0.3821 0.2517 0.1743 0.1590 0.3493 0.4791 0.4274 0.2848 0.1928 0.1528 0.2617 0.4525 0.4762 0.3396 0.2282 0.1648 0.1667 0.3683 0.4805 0.4316 0.2947 0.2022 0.1546 0.2274
0.1802 0.2075 0.3031 0.4415 0.4774 0.3550 0.1631 0.1671 0.2321 0.3444 0.4779 0.4513 0.2617 0.1528 0.1914 0.2812 0.4214 0.4811 0.3605 0.1615 0.1713 0.2456 0.3725 0.4865 0.4155 0.1874 0.1590 0.2204 0.3337 0.4760 0.4491 0.2455 0.1532 0.1999 0.2991 0.4466 0.4713 0.3149 0.1546 0.1827 0.2680 0.4063 0.4839 0.3752 0.1649 0.1686 0.2407 0.3657 0.4858 0.4211 0.2994 0.4211 0.4858 0.3657 0.2407 0.1686 0.1649 0.3752 0.4839 0.4063 0.2680 0.1827 0.1546 0.3149 0.4713 0.4466 0.2991 0.1999 0.1532 0.2455 0.4491 0.4760 0.3337 0.2204 0.1590 0.1874 0.4155 0.4865 0.3725 0.2456 0.1713 0.1615 0.3605 0.4811 0.4214 0.2812 0.1914 0.1528 0.2617 0.4513 0.4779 0.3444 0.2321 0.1671 0.1631 0.3550 0.4774 0.4415 0.3031 0.2075 0.1802
0.2248 0.3124 0.4509 0.4736 0.3399 0.1599 0.1700 0.2373 0.3514 0.4804 0.4479 0.2558 0.1528 0.1914 0.2800 0.4181 0.4823 0.3686 0.1639 0.1689 0.2403 0.3639 0.4857 0.4247 0.1985 0.1569 0.2149 0.3246 0.4702 0.4558 0.2635 0.1528 0.1951 0.2908 0.4367 0.4755 0.3316 0.1563 0.1788 0.2607 0.3957 0.4856 0.3886 0.1697 0.1655 0.2343 0.3558 0.4843 0.4305 0.2115 0.1468 0.2115 0.4305 0.4843 0.3558 0.2343 0.1655 0.1697 0.3886 0.4856 0.3957 0.2607 0.1788 0.1563 0.3316 0.4755 0.4367 0.2908 0.1951 0.1528 0.2635 0.4558 0.4702 0.3246 0.2149 0.1569 0.1985 0.4247 0.4857 0.3639 0.2403 0.1689 0.1639 0.3686 0.4823 0.4181 0.2800 0.1914 0.1528 0.2558 0.4479 0.4804 0.3514 0.2373 0.1700 0.1599 0.3399 0.4736 0.4509 0.3124 0.2248
0.3189 0.4608 0.4691 0.3237 0.1573 0.1733 0.2433 0.3600 0.4830 0.4427 0.2450 0.1529 0.1928 0.2812 0.4181 0.4827 0.3728 0.1657 0.1671 0.2361 0.3567 0.4842 0.4323 0.2109 0.1553 0.2098 0.3159 0.4632 0.4617 0.2816 0.1530 0.1906 0.2827 0.4265 0.4790 0.3474 0.1585 0.1751 0.2536 0.3851 0.4865 0.4010 0.1761 0.1625 0.2281 0.3461 0.4815 0.4393 0.2225 0.1519 0.1714 0.1519 0.2225 0.4393 0.4815 0.3461 0.2281 0.1625 0.1761 0.4010 0.4865 0.3851 0.2536 0.1751 0.1585 0.3474 0.4790 0.4265 0.2827 0.1906 0.1530 0.2816 0.4617 0.4632 0.3159 0.2098 0.1553 0.2109 0.4323 0.4842 0.3567 0.2361 0.1671 0.1657 0.3728 0.4827 0.4181 0.2812 0.1928 0.1529 0.2450 0.4427 0.4830 0.3600 0.2433 0.1733 0.1573 0.3237 0.4691 0.4608 0.3189
0.4569 0.4644 0.3068 0.1554 0.1768 0.2499 0.3696 0.4851 0.4358 0.2312 0.1531 0.1955 0.2848 0.4214 0.4823 0.3728 0.1664 0.1662 0.2335 0.3514 0.4826 0.4384 0.2232 0.1541 0.2053 0.3079 0.4555 0.4668 0.2990 0.1536 0.1864 0.2749 0.4159 0.4819 0.3624 0.1615 0.1716 0.2467 0.3748 0.4866 0.4124 0.1844 0.1598 0.2222 0.3366 0.4775 0.4469 0.2400 0.1535 0.1976 0.2445 0.1976 0.1535 0.2400 0.4469 0.4775 0.3366 0.2222 0.1598 0.1844 0.4124 0.4866 0.3748 0.2467 0.1716 0.1615 0.3624 0.4819 0.4159 0.2749 0.1864 0.1536 0.2990 0.4668 0.4555 0.3079 0.2053 0.1541 0.2232 0.4384 0.4826 0.3514 0.2335 0.1662 0.1664 0.3728 0.4823 0.4214 0.2848 0.1955 0.1531 0.2312 0.4358 0.4851 0.3696 0.2499 0.1768 0.1554 0.3068 0.4644 0.4569
0.4646 0.2891 0.1540 0.1806 0.2569 0.3797 0.4863 0.4275 0.2164 0.1537 0.1991 0.2903 0.4274 0.4811 0.3686 0.1657 0.1662 0.2326 0.3488 0.4812 0.4425 0.2338 0.1535 0.2014 0.3007 0.4476 0.4711 0.3151 0.1547 0.1824 0.2674 0.4053 0.4841 0.3766 0.1653 0.1683 0.2401 0.3647 0.4859 0.4226 0.1953 0.1574 0.2165 0.3273 0.4721 0.4538 0.2579 0.1529 0.1969 0.2907 0.3723 0.2907 0.1969 0.1529 0.2579 0.4538 0.4721 0.3273 0.2165 0.1574 0.1953 0.4226 0.4859 0.3647 0.2401 0.1683 0.1653 0.3766 0.4841 0.4053 0.2674 0.1824 0.1547 0.3151 0.4711 0.4476 0.3007 0.2014 0.1535 0.2338 0.4425 0.4812 0.3488 0.2326 0.1662 0.1657 0.3686 0.4811 0.4274 0.2903 0.1991 0.1537 0.2164 0.4275 0.4863 0.3797 0.2569 0.1806 0.1540 0.2891 0.4646
0.2886 0.1533 0.1846 0.2642 0.3902 0.4867 0.4179 0.2020 0.1548 0.2035 0.2972 0.4353 0.4791 0.3605 0.1639 0.1671 0.2335 0.3488 0.4807 0.4446 0.2409 0.1531 0.1984 0.2949 0.4401 0.4746 0.3294 0.1561 0.1788 0.2604 0.3949 0.4857 0.3898 0.1703 0.1652 0.2337 0.3548 0.4841 0.4318 0.2088 0.1556 0.2111 0.3183 0.4654 0.4600 0.2760 0.1529 0.1921 0.2856 0.4302 0.4821 0.4302 0.2856 0.1921 0.1529 0.2760 0.4600 0.4654 0.3183 0.2111 0.1556 0.2088 0.4318 0.4841 0.3548 0.2337 0.1652 0.1703 0.3898 0.4857 0.3949 0.2604 0.1788 0.1561 0.3294 0.4746 0.4401 0.2949 0.1984 0.1531 0.2409 0.4446 0.4807 0.3488 0.2335 0.1671 0.1639 0.3605 0.4791 0.4353 0.2972 0.2035 0.1548 0.2020 0.4179 0.4867 0.3902 0.2642 0.1846 0.1533 0.2886
0.1785 0.1890 0.2716 0.4008 0.4861 0.4071 0.1897 0.1564 0.2084 0.3051 0.4440 0.4763 0.3493 0.1615 0.1689 0.2361 0.3514 0.4812 0.4446 0.2432 0.1530 0.1966 0.2907 0.4340 0.4772 0.3417 0.1579 0.1756 0.2540 0.3852 0.4865 0.4018 0.1767 0.1623 0.2275 0.3451 0.4812 0.4401 0.2246 0.1542 0.2059 0.3095 0.4575 0.4655 0.2939 0.1534 0.1877 0.2773 0.4197 0.4787 0.4269 0.4787 0.4197 0.2773 0.1877 0.1534 0.2939 0.4655 0.4575 0.3095 0.2059 0.1542 0.2246 0.4401 0.4812 0.3451 0.2275 0.1623 0.1767 0.4018 0.4865 0.3852 0.2540 0.1756 0.1579 0.3417 0.4772 0.4340 0.2907 0.1966 0.1530 0.2432 0.4446 0.4812 0.3514 0.2361 0.1689 0.1615 0.3493 0.4763 0.4440 0.3051 0.2084 0.1564 0.1897 0.4071 0.4861 0.4008 0.2716 0.1890 0.1785
0.2087 0.2799 0.4113 0.4849 0.3952 0.1801 0.1585 0.2137 0.3137 0.4530 0.4726 0.3357 0.1590 0.1713 0.2403 0.3567 0.4826 0.4425 0.2409 0.1530 0.1960 0.2885 0.4300 0.4789 0.3510 0.1597 0.1730 0.2484 0.3763 0.4866 0.4123 0.1847 0.1597 0.2218 0.3357 0.4771 0.4477 0.2417 0.1533 0.2009 0.3009 0.4485 0.4704 0.3113 0.1543 0.1835 0.2696 0.4086 0.4832 0.3753 0.2265 0.3753 0.4832 0.4086 0.2696 0.1835 0.1543 0.3113 0.4704 0.4485 0.3009 0.2009 0.1533 0.2417 0.4477 0.4771 0.3357 0.2218 0.1597 0.1847 0.4123 0.4866 0.3763 0.2484 0.1730 0.1597 0.3510 0.4789 0.4300 0.2885 0.1960 0.1530 0.2409 0.4425 0.4826 0.3567 0.2403 0.1713 0.1590 0.3357 0.4726 0.4530 0.3137 0.2137 0.1585 0.1801 0.3952 0.4849 0.4113 0.2799 0.2087
0.2895 0.4231 0.4829 0.3823 0.1728 0.1611 0.2192 0.3226 0.4614 0.4681 0.3200 0.1568 0.1743 0.2456 0.3639 0.4842 0.4384 0.2338 0.1531 0.1966 0.2885 0.4286 0.4798 0.3567 0.1612 0.1709 0.2439 0.3688 0.4862 0.4210 0.1942 0.1575 0.2165 0.3269 0.4717 0.4544 0.2597 0.1529 0.1961 0.2925 0.4389 0.4746 0.3281 0.1559 0.1796 0.2622 0.3979 0.4853 0.3854 0.1688 0.1470 0.1688 0.3854 0.4853 0.3979 0.2622 0.1796 0.1559 0.3281 0.4746 0.4389 0.2925 0.1961 0.1529 0.2597 0.4544 0.4717 0.3269 0.2165 0.1575 0.1942 0.4210 0.4862 0.3688 0.2439 0.1709 0.1612 0.3567 0.4798 0.4286 0.2885 0.1966 0.1531 0.2338 0.4384 0.4842 0.3639 0.2456 0.1743 0.1568 0.3200 0.4681 0.4614 0.3226 0.2192 0.1611 0.1728 0.3823 0.4829 0.4231 0.2895
0.4206 0.4808 0.3685 0.1673 0.1639 0.2250 0.3317 0.4688 0.4629 0.3030 0.1551 0.1777 0.2517 0.3725 0.4857 0.4323 0.2232 0.1535 0.1984 0.2907 0.4300 0.4798 0.3587 0.1621 0.1697 0.2407 0.3630 0.4853 0.4280 0.2046 0.1559 0.2117 0.3186 0.4654 0.4603 0.2774 0.1529 0.1916 0.2844 0.4287 0.4783 0.3441 0.1580 0.1759 0.2550 0.3874 0.4864 0.3984 0.1745 0.1601 0.1879 0.1601 0.1745 0.3984 0.4864 0.3874 0.2550 0.1759 0.1580 0.3441 0.4783 0.4287 0.2844 0.1916 0.1529 0.2774 0.4603 0.4654 0.3186 0.2117 0.1559 0.2046 0.4280 0.4853 0.3630 0.2407 0.1697 0.1621 0.3587 0.4798 0.4300 0.2907 0.1984 0.1535 0.2232 0.4323 0.4857 0.3725 0.2517 0.1777 0.1551 0.3030 0.4629 0.4688 0.3317 0.2250 0.1639 0.1673 0.3685 0.4808 0.4206
0.4806 0.3539 0.1630 0.1670 0.2311 0.3411 0.4749 0.4571 0.2853 0.1538 0.1814 0.2585 0.3821 0.4865 0.4247 0.2109 0.1541 0.2014 0.2949 0.4340 0.4789 0.3567 0.1621 0.1693 0.2391 0.3593 0.4844 0.4330 0.2143 0.1548 0.2075 0.3112 0.4585 0.4652 0.2940 0.1534 0.1873 0.2766 0.4181 0.4813 0.3593 0.1608 0.1723 0.2481 0.3770 0.4867 0.4101 0.1825 0.1606 0.2196 0.2761 0.2196 0.1606 0.1825 0.4101 0.4867 0.3770 0.2481 0.1723 0.1608 0.3593 0.4813 0.4181 0.2766 0.1873 0.1534 0.2940 0.4652 0.4585 0.3112 0.2075 0.1548 0.2143 0.4330 0.4844 0.3593 0.2391 0.1693 0.1621 0.3567 0.4789 0.4340 0.2949 0.2014 0.1541 0.2109 0.4247 0.4865 0.3821 0.2585 0.1814 0.1538 0.2853 0.4571 0.4749 0.3411 0.2311 0.1670 0.1630 0.3539 0.4806
0.3518 0.1598 0.1702 0.2373 0.3507 0.4796 0.4506 0.2673 0.1531 0.1855 0.2657 0.3924 0.4866 0.4155 0.1985 0.1553 0.2053 0.3007 0.4401 0.4772 0.3510 0.1612 0.1697 0.2391 0.3581 0.4839 0.4361 0.2217 0.1541 0.2042 0.3050 0.4516 0.4694 0.3092 0.1543 0.1835 0.2692 0.4077 0.4837 0.3737 0.1644 0.1690 0.2414 0.3668 0.4861 0.4206 0.1928 0.1579 0.2181 0.3280 0.4181 0.3280 0.2181 0.1579 0.1928 0.4206 0.4861 0.3668 0.2414 0.1690 0.1644 0.3737 0.4837 0.4077 0.2692 0.1835 0.1543 0.3092 0.4694 0.4516 0.3050 0.2042 0.1541 0.2217 0.4361 0.4839 0.3581 0.2391 0.1697 0.1612 0.3510 0.4772 0.4401 0.3007 0.2053 0.1553 0.1985 0.4155 0.4866 0.3924 0.2657 0.1855 0.1531 0.2673 0.4506 0.4796 0.3507 0.2373 0.1702 0.1598 0.3518
0.1829 0.1738 0.2438 0.3605 0.4830 0.4434 0.2493 0.1528 0.1897 0.2733 0.4030 0.4859 0.4047 0.1874 0.1569 0.2098 0.3079 0.4476 0.4746 0.3417 0.1597 0.1709 0.2407 0.3593 0.4839 0.4371 0.2256 0.1537 0.2019 0.3002 0.4456 0.4726 0.3224 0.1555 0.1801 0.2626 0.3979 0.4854 0.3867 0.1691 0.1659 0.2350 0.3569 0.4846 0.4300 0.2058 0.1559 0.2123 0.3207 0.4665 0.4784 0.4665 0.3207 0.2123 0.1559 0.2058 0.4300 0.4846 0.3569 0.2350 0.1659 0.1691 0.3867 0.4854 0.3979 0.2626 0.1801 0.1555 0.3224 0.4726 0.4456 0.3002 0.2019 0.1537 0.2256 0.4371 0.4839 0.3593 0.2407 0.1709 0.1597 0.3417 0.4746 0.4476 0.3079 0.2098 0.1569 0.1874 0.4047 0.4859 0.4030 0.2733 0.1897 0.1528 0.2493 0.4434 0.4830 0.3605 0.2438 0.1738 0.1829
0.1958 0.2510 0.3704 0.4853 0.4354 0.2317 0.1531 0.1942 0.2810 0.4137 0.4845 0.3925 0.1784 0.1590 0.2149 0.3159 0.4555 0.4711 0.3294 0.1579 0.1730 0.2439 0.3630 0.4844 0.4361 0.2256 0.1536 0.2008 0.2973 0.4412 0.4748 0.3327 0.1568 0.1772 0.2568 0.3889 0.4863 0.3983 0.1748 0.1630 0.2289 0.3472 0.4819 0.4385 0.2211 0.1544 0.2070 0.3113 0.4596 0.4621 0.3846 0.4621 0.4596 0.3113 0.2070 0.1544 0.2211 0.4385 0.4819 0.3472 0.2289 0.1630 0.1748 0.3983 0.4863 0.3889 0.2568 0.1772 0.1568 0.3327 0.4748 0.4412 0.2973 0.2008 0.1536 0.2256 0.4361 0.4844 0.3630 0.2439 0.1730 0.1579 0.3294 0.4711 0.4555 0.3159 0.2149 0.1590 0.1784 0.3925 0.4845 0.4137 0.2810 0.1942 0.1531 0.2317 0.4354 0.4853 0.3704 0.2510 0.1958
0.2635 0.3817 0.4864 0.4266 0.2153 0.1537 0.1988 0.2891 0.4242 0.4824 0.3795 0.1715 0.1617 0.2204 0.3246 0.4632 0.4668 0.3151 0.1561 0.1756 0.2484 0.3688 0.4853 0.4330 0.2217 0.1537 0.2008 0.2964 0.4389 0.4762 0.3397 0.1580 0.1750 0.2519 0.3810 0.4867 0.4083 0.1817 0.1604 0.2234 0.3381 0.4781 0.4461 0.2380 0.1534 0.2019 0.3027 0.4505 0.4690 0.3133 0.1707 0.3133 0.4690 0.4505 0.3027 0.2019 0.1534 0.2380 0.4461 0.4781 0.3381 0.2234 0.1604 0.1817 0.4083 0.4867 0.3810 0.2519 0.1750 0.1580 0.3397 0.4762 0.4389 0.2964 0.2008 0.1537 0.2217 0.4330 0.4853 0.3688 0.2484 0.1756 0.1561 0.3151 0.4668 0.4632 0.3246 0.2204 0.1617 0.1715 0.3795 0.4824 0.4242 0.2891 0.1988 0.1537 0.2153 0.4266 0.4864 0.3817 0.2635
0.3820 0.4874 0.4169 0.2007 0.1549 0.2037 0.2973 0.4346 0.4797 0.3655 0.1663 0.1646 0.2263 0.3337 0.4702 0.4617 0.2990 0.1547 0.1788 0.2540 0.3763 0.4862 0.4280 0.2143 0.1541 0.2019 0.2973 0.4389 0.4766 0.3433 0.1588 0.1735 0.2483 0.3746 0.4865 0.4165 0.1897 0.1583 0.2183 0.3296 0.4733 0.4527 0.2555 0.1529 0.1971 0.2943 0.4410 0.4738 0.3241 0.1542 0.1542 0.1542 0.3241 0.4738 0.4410 0.2943 0.1971 0.1529 0.2555 0.4527 0.4733 0.3296 0.2183 0.1583 0.1897 0.4165 0.4865 0.3746 0.2483 0.1735 0.1588 0.3433 0.4766 0.4389 0.2973 0.2019 0.1541 0.2143 0.4280 0.4862 0.3763 0.2540 0.1788 0.1547 0.2990 0.4617 0.4702 0.3337 0.2263 0.1646 0.1663 0.3655 0.4797 0.4346 0.2973 0.2037 0.1549 0.2007 0.4169 0.4874 0.3820
0.4859 0.4060 0.1887 0.1566 0.2089 0.3058 0.4445 0.4763 0.3507 0.1622 0.1676 0.2324 0.3431 0.4760 0.4558 0.2816 0.1536 0.1824 0.2604 0.3852 0.4866 0.4210 0.2046 0.1548 0.2042 0.3002 0.4412 0.4762 0.3433 0.1591 0.1727 0.2461 0.3702 0.4861 0.4226 0.1978 0.1567 0.2138 0.3219 0.4677 0.4584 0.2723 0.1528 0.1926 0.2861 0.4308 0.4776 0.3408 0.1575 0.1732 0.2083 0.1732 0.1575 0.3408 0.4776 0.4308 0.2861 0.1926 0.1528 0.2723 0.4584 0.4677 0.3219 0.2138 0.1567 0.1978 0.4226 0.4861 0.3702 0.2461 0.1727 0.1591 0.3433 0.4762 0.4412 0.3002 0.2042 0.1548 0.2046 0.4210 0.4866 0.3852 0.2604 0.1824 0.1536 0.2816 0.4558 0.4760 0.3431 0.2324 0.1676 0.1622 0.3507 0.4763 0.4445 0.3058 0.2089 0.1566 0.1887 0.4060 0.4859
0.4043 0.1794 0.1587 0.2142 0.3145 0.4538 0.4723 0.3350 0.1591 0.1709 0.2387 0.3527 0.4804 0.4491 0.2635 0.1530 0.1864 0.2674 0.3949 0.4865 0.4123 0.1942 0.1559 0.2075 0.3050 0.4456 0.4748 0.3397 0.1588 0.1727 0.2453 0.3680 0.4858 0.4266 0.2048 0.1556 0.2102 0.3152 0.4617 0.4633 0.2880 0.1532 0.1885 0.2785 0.4206 0.4807 0.3562 0.1601 0.1733 0.2459 0.3128 0.2459 0.1733 0.1601 0.3562 0.4807 0.4206 0.2785 0.1885 0.1532 0.2880 0.4633 0.4617 0.3152 0.2102 0.1556 0.2048 0.4266 0.4858 0.3680 0.2453 0.1727 0.1588 0.3397 0.4748 0.4456 0.3050 0.2075 0.1559 0.1942 0.4123 0.4865 0.3949 0.2674 0.1864 0.1530 0.2635 0.4491 0.4804 0.3527 0.2387 0.1709 0.1591 0.3350 0.4723 0.4538 0.3145 0.2142 0.1587 0.1794 0.4043
0.1971 0.1615 0.2197 0.3235 0.4622 0.4676 0.3185 0.1567 0.1743 0.2453 0.3626 0.4836 0.4418 0.2455 0.1528 0.1906 0.2749 0.4053 0.4857 0.4018 0.1847 0.1575 0.2117 0.3112 0.4516 0.4726 0.3327 0.1580 0.1735 0.2461 0.3680 0.4856 0.4286 0.2094 0.1550 0.2075 0.3100 0.4561 0.4672 0.3021 0.1539 0.1849 0.2716 0.4107 0.4832 0.3704 0.1635 0.1697 0.2432 0.3691 0.4585 0.3691 0.2432 0.1697 0.1635 0.3704 0.4832 0.4107 0.2716 0.1849 0.1539 0.3021 0.4672 0.4561 0.3100 0.2075 0.1550 0.2094 0.4286 0.4856 0.3680 0.2461 0.1735 0.1580 0.3327 0.4726 0.4516 0.3112 0.2117 0.1575 0.1847 0.4018 0.4857 0.4053 0.2749 0.1906 0.1528 0.2455 0.4418 0.4836 0.3626 0.2453 0.1743 0.1567 0.3185 0.4676 0.4622 0.3235 0.2197 0.1615 0.1971
0.1858 0.2259 0.3326 0.4695 0.4624 0.3013 0.1549 0.1780 0.2521 0.3726 0.4856 0.4337 0.2281 0.1532 0.1951 0.2827 0.4159 0.4841 0.3898 0.1767 0.1597 0.2165 0.3186 0.4585 0.4694 0.3224 0.1568 0.1750 0.2483 0.3702 0.4858 0.4286 0.2109 0.1547 0.2058 0.3063 0.4516 0.4700 0.3136 0.1547 0.1817 0.2654 0.4015 0.4849 0.3832 0.1678 0.1665 0.2364 0.3594 0.4833 0.4643 0.4833 0.3594 0.2364 0.1665 0.1678 0.3832 0.4849 0.4015 0.2654 0.1817 0.1547 0.3136 0.4700 0.4516 0.3063 0.2058 0.1547 0.2109 0.4286 0.4858 0.3702 0.2483 0.1750 0.1568 0.3224 0.4694 0.4585 0.3186 0.2165 0.1597 0.1767 0.3898 0.4841 0.4159 0.2827 0.1951 0.1532 0.2281 0.4337 0.4856 0.3726 0.2521 0.1780 0.1549 0.3013 0.4624 0.4695 0.3326 0.2259 0.1858
0.2411 0.3428 0.4754 0.4565 0.2836 0.1537 0.1818 0.2591 0.3829 0.4865 0.4247 0.2120 0.1540 0.1999 0.2908 0.4265 0.4819 0.3766 0.1703 0.1623 0.2218 0.3269 0.4654 0.4652 0.3092 0.1555 0.1772 0.2519 0.3746 0.4861 0.4266 0.2094 0.1547 0.2053 0.3045 0.4487 0.4719 0.3221 0.1556 0.1792 0.2600 0.3931 0.4860 0.3944 0.1729 0.1638 0.2304 0.3494 0.4826 0.4353 0.3268 0.4353 0.4826 0.3494 0.2304 0.1638 0.1729 0.3944 0.4860 0.3931 0.2600 0.1792 0.1556 0.3221 0.4719 0.4487 0.3045 0.2053 0.1547 0.2094 0.4266 0.4861 0.3746 0.2519 0.1772 0.1555 0.3092 0.4652 0.4654 0.3269 0.2218 0.1623 0.1703 0.3766 0.4819 0.4265 0.2908 0.1999 0.1540 0.2120 0.4247 0.4865 0.3829 0.2591 0.1818 0.1537 0.2836 0.4565 0.4754 0.3428 0.2411
0.3464 0.4810 0.4499 0.2655 0.1530 0.1859 0.2665 0.3934 0.4866 0.4147 0.1979 0.1552 0.2048 0.2991 0.4367 0.4790 0.3624 0.1653 0.1652 0.2275 0.3357 0.4717 0.4603 0.2940 0.1543 0.1801 0.2568 0.3810 0.4865 0.4226 0.2048 0.1550 0.2058 0.3045 0.4477 0.4728 0.3273 0.1564 0.1773 0.2559 0.3862 0.4865 0.4038 0.1788 0.1613 0.2250 0.3405 0.4792 0.4439 0.2392 0.1499 0.2392 0.4439 0.4792 0.3405 0.2250 0.1613 0.1788 0.4038 0.4865 0.3862 0.2559 0.1773 0.1564 0.3273 0.4728 0.4477 0.3045 0.2058 0.1550 0.2048 0.4226 0.4865 0.3810 0.2568 0.1801 0.1543 0.2940 0.4603 0.4717 0.3357 0.2275 0.1652 0.1653 0.3624 0.4790 0.4367 0.2991 0.2048 0.1552 0.1979 0.4147 0.4866 0.3934 0.2665 0.1859 0.1530 0.2655 0.4499 0.4810 0.3464
0.4778 0.4428 0.2475 0.1528 0.1901 0.2740 0.4041 0.4858 0.4035 0.1865 0.1570 0.2100 0.3076 0.4466 0.4755 0.3474 0.1615 0.1683 0.2337 0.3451 0.4771 0.4544 0.2774 0.1534 0.1835 0.2626 0.3889 0.4867 0.4165 0.1978 0.1556 0.2075 0.3063 0.4487 0.4728 0.3291 0.1569 0.1762 0.2531 0.3811 0.4867 0.4110 0.1850 0.1593 0.2203 0.3325 0.4749 0.4509 0.2501 0.1509 0.1660 0.1509 0.2501 0.4509 0.4749 0.3325 0.2203 0.1593 0.1850 0.4110 0.4867 0.3811 0.2531 0.1762 0.1569 0.3291 0.4728 0.4487 0.3063 0.2075 0.1556 0.1978 0.4165 0.4867 0.3889 0.2626 0.1835 0.1534 0.2774 0.4544 0.4771 0.3451 0.2337 0.1683 0.1615 0.3474 0.4755 0.4466 0.3076 0.2100 0.1570 0.1865 0.4035 0.4858 0.4041 0.2740 0.1901 0.1528 0.2475 0.4428 0.4778
0.4426 0.2300 0.1531 0.1946 0.2818 0.4147 0.4843 0.3913 0.1776 0.1593 0.2154 0.3164 0.4557 0.4713 0.3316 0.1585 0.1716 0.2401 0.3548 0.4812 0.4477 0.2597 0.1529 0.1873 0.2692 0.3979 0.4863 0.4083 0.1897 0.1567 0.2102 0.3100 0.4516 0.4719 0.3273 0.1569 0.1758 0.2516 0.3780 0.4866 0.4162 0.1908 0.1577 0.2163 0.3255 0.4701 0.4565 0.2668 0.1529 0.1902 0.2337 0.1902 0.1529 0.2668 0.4565 0.4701 0.3255 0.2163 0.1577 0.1908 0.4162 0.4866 0.3780 0.2516 0.1758 0.1569 0.3273 0.4719 0.4516 0.3100 0.2102 0.1567 0.1897 0.4083 0.4863 0.3979 0.2692 0.1873 0.1529 0.2597 0.4477 0.4812 0.3548 0.2401 0.1716 0.1585 0.3316 0.4713 0.4557 0.3164 0.2154 0.1593 0.1776 0.3913 0.4843 0.4147 0.2818 0.1946 0.1531 0.2300 0.4426
0.2354 0.1540 0.1993 0.2899 0.4253 0.4822 0.3781 0.1709 0.1619 0.2210 0.3254 0.4638 0.4666 0.3149 0.1563 0.1751 0.2467 0.3647 0.4841 0.4401 0.2417 0.1529 0.1916 0.2766 0.4077 0.4854 0.3983 0.1817 0.1583 0.2138 0.3152 0.4561 0.4700 0.3221 0.1564 0.1762 0.2516 0.3769 0.4865 0.4193 0.1955 0.1567 0.2133 0.3197 0.4652 0.4611 0.2816 0.1530 0.1902 0.2780 0.3557 0.2780 0.1902 0.1530 0.2816 0.4611 0.4652 0.3197 0.2133 0.1567 0.1955 0.4193 0.4865 0.3769 0.2516 0.1762 0.1564 0.3221 0.4700 0.4561 0.3152 0.2138 0.1583 0.1817 0.3983 0.4854 0.4077 0.2766 0.1916 0.1529 0.2417 0.4401 0.4841 0.3647 0.2467 0.1751 0.1563 0.3149 0.4666 0.4638 0.3254 0.2210 0.1619 0.1709 0.3781 0.4822 0.4253 0.2899 0.1993 0.1540 0.2354
0.1796 0.2045 0.2981 0.4356 0.4793 0.3641 0.1658 0.1649 0.2269 0.3346 0.4708 0.4612 0.2976 0.1546 0.1788 0.2536 0.3748 0.4859 0.4318 0.2246 0.1533 0.1961 0.2844 0.4181 0.4837 0.3867 0.1748 0.1604 0.2183 0.3219 0.4617 0.4672 0.3136 0.1556 0.1773 0.2531 0.3780 0.4865 0.4204 0.1981 0.1562 0.2112 0.3156 0.4609 0.4646 0.2942 0.1535 0.1865 0.2747 0.4150 0.4801 0.4150 0.2747 0.1865 0.1535 0.2942 0.4646 0.4609 0.3156 0.2112 0.1562 0.1981 0.4204 0.4865 0.3780 0.2531 0.1773 0.1556 0.3136 0.4672 0.4617 0.3219 0.2183 0.1604 0.1748 0.3867 0.4837 0.4181 0.2844 0.1961 0.1533 0.2246 0.4318 0.4859 0.3748 0.2536 0.1788 0.1546 0.2976 0.4612 0.4708 0.3346 0.2269 0.1649 0.1658 0.3641 0.4793 0.4356 0.2981 0.2045 0.1796
0.2222 0.3073 0.4454 0.4759 0.3492 0.1619 0.1679 0.2330 0.3440 0.4765 0.4552 0.2798 0.1535 0.1827 0.2607 0.3851 0.4866 0.4226 0.2088 0.1542 0.2009 0.2925 0.4287 0.4813 0.3737 0.1691 0.1630 0.2234 0.3296 0.4677 0.4633 0.3021 0.1547 0.1792 0.2559 0.3811 0.4866 0.4193 0.1981 0.1560 0.2101 0.3130 0.4577 0.4670 0.3039 0.1541 0.1835 0.2685 0.4061 0.4821 0.4380 0.4821 0.4061 0.2685 0.1835 0.1541 0.3039 0.4670 0.4577 0.3130 0.2101 0.1560 0.1981 0.4193 0.4866 0.3811 0.2559 0.1792 0.1547 0.3021 0.4633 0.4677 0.3296 0.2234 0.1630 0.1691 0.3737 0.4813 0.4287 0.2925 0.2009 0.1542 0.2088 0.4226 0.4866 0.3851 0.2607 0.1827 0.1535 0.2798 0.4552 0.4765 0.3440 0.2330 0.1679 0.1619 0.3492 0.4759 0.4454 0.3073 0.2222
0.3142 0.4558 0.4718 0.3334 0.1588 0.1712 0.2393 0.3537 0.4808 0.4485 0.2617 0.1529 0.1868 0.2680 0.3957 0.4865 0.4124 0.1953 0.1556 0.2059 0.3009 0.4389 0.4783 0.3593 0.1644 0.1659 0.2289 0.3381 0.4733 0.4584 0.2880 0.1539 0.1817 0.2600 0.3862 0.4867 0.4162 0.1955 0.1562 0.2101 0.3120 0.4560 0.4684 0.3104 0.1547 0.1813 0.2638 0.3981 0.4852 0.3908 0.2490 0.3908 0.4852 0.3981 0.2638 0.1813 0.1547 0.3104 0.4684 0.4560 0.3120 0.2101 0.1562 0.1955 0.4162 0.4867 0.3862 0.2600 0.1817 0.1539 0.2880 0.4584 0.4733 0.3381 0.2289 0.1659 0.1644 0.3593 0.4783 0.4389 0.3009 0.2059 0.1556 0.1953 0.4124 0.4865 0.3957 0.2680 0.1868 0.1529 0.2617 0.4485 0.4808 0.3537 0.2393 0.1712 0.1588 0.3334 0.4718 0.4558 0.3142
0.4519 0.4675 0.3169 0.1565 0.1747 0.2459 0.3636 0.4838 0.4410 0.2437 0.1528 0.1911 0.2756 0.4063 0.4856 0.4010 0.1844 0.1574 0.2111 0.3095 0.4485 0.4746 0.3441 0.1608 0.1690 0.2350 0.3472 0.4781 0.4527 0.2723 0.1532 0.1849 0.2654 0.3931 0.4865 0.4110 0.1908 0.1567 0.2112 0.3130 0.4560 0.4689 0.3136 0.1551 0.1799 0.2605 0.3924 0.4862 0.3974 0.1762 0.1462 0.1762 0.3974 0.4862 0.3924 0.2605 0.1799 0.1551 0.3136 0.4689 0.4560 0.3130 0.2112 0.1567 0.1908 0.4110 0.4865 0.3931 0.2654 0.1849 0.1532 0.2723 0.4527 0.4781 0.3472 0.2350 0.1690 0.1608 0.3441 0.4746 0.4485 0.3095 0.2111 0.1574 0.1844 0.4010 0.4856 0.4063 0.2756 0.1911 0.1528 0.2437 0.4410 0.4838 0.3636 0.2459 0.1747 0.1565 0.3169 0.4675 0.4519
0.4677 0.2996 0.1548 0.1784 0.2528 0.3737 0.4857 0.4328 0.2264 0.1532 0.1956 0.2835 0.4170 0.4839 0.3886 0.1761 0.1598 0.2165 0.3183 0.4575 0.4704 0.3281 0.1580 0.1723 0.2414 0.3569 0.4819 0.4461 0.2555 0.1528 0.1885 0.2716 0.4015 0.4860 0.4038 0.1850 0.1577 0.2133 0.3156 0.4577 0.4684 0.3136 0.1552 0.1792 0.2584 0.3885 0.4865 0.4043 0.1798 0.1578 0.1839 0.1578 0.1798 0.4043 0.4865 0.3885 0.2584 0.1792 0.1552 0.3136 0.4684 0.4577 0.3156 0.2133 0.1577 0.1850 0.4038 0.4860 0.4015 0.2716 0.1885 0.1528 0.2555 0.4461 0.4819 0.3569 0.2414 0.1723 0.1580 0.3281 0.4704 0.4575 0.3183 0.2165 0.1598 0.1761 0.3886 0.4839 0.4170 0.2835 0.1956 0.1532 0.2264 0.4328 0.4857 0.3737 0.2528 0.1784 0.1548 0.2996 0.4677
0.2986 0.1537 0.1822 0.2599 0.3840 0.4866 0.4237 0.2105 0.1541 0.2003 0.2916 0.4275 0.4816 0.3752 0.1697 0.1625 0.2222 0.3273 0.4654 0.4655 0.3113 0.1559 0.1759 0.2481 0.3668 0.4846 0.4385 0.2380 0.1529 0.1926 0.2785 0.4107 0.4849 0.3944 0.1788 0.1593 0.2163 0.3197 0.4609 0.4670 0.3104 0.1551 0.1792 0.2577 0.3865 0.4866 0.4086 0.1841 0.1594 0.2158 0.2701 0.2158 0.1594 0.1841 0.4086 0.4866 0.3865 0.2577 0.1792 0.1551 0.3104 0.4670 0.4609 0.3197 0.2163 0.1593 0.1788 0.3944 0.4849 0.4107 0.2785 0.1926 0.1529 0.2380 0.4385 0.4846 0.3668 0.2481 0.1759 0.1559 0.3113 0.4655 0.4654 0.3273 0.2222 0.1625 0.1697 0.3752 0.4816 0.4275 0.2916 0.2003 0.1541 0.2105 0.4237 0.4866 0.3840 0.2599 0.1822 0.1537 0.2986
0.1788 0.1865 0.2671 0.3945 0.4865 0.4136 0.1967 0.1554 0.2053 0.2999 0.4377 0.4787 0.3610 0.1649 0.1655 0.2281 0.3366 0.4721 0.4600 0.2939 0.1543 0.1796 0.2550 0.3770 0.4861 0.4300 0.2211 0.1534 0.1971 0.2861 0.4206 0.4832 0.3832 0.1729 0.1613 0.2203 0.3255 0.4652 0.4646 0.3039 0.1547 0.1799 0.2584 0.3865 0.4866 0.4107 0.1869 0.1583 0.2173 0.3241 0.4126 0.3241 0.2173 0.1583 0.1869 0.4107 0.4866 0.3865 0.2584 0.1799 0.1547 0.3039 0.4646 0.4652 0.3255 0.2203 0.1613 0.1729 0.3832 0.4832 0.4206 0.2861 0.1971 0.1534 0.2211 0.4300 0.4861 0.3770 0.2550 0.1796 0.1543 0.2939 0.4600 0.4721 0.3366 0.2281 0.1655 0.1649 0.3610 0.4787 0.4377 0.2999 0.2053 0.1554 0.1967 0.4136 0.4865 0.3945 0.2671 0.1865 0.1788
0.2065 0.2753 0.4050 0.4857 0.4024 0.1855 0.1572 0.2105 0.3085 0.4475 0.4751 0.3459 0.1611 0.1686 0.2343 0.3461 0.4775 0.4538 0.2760 0.1534 0.1835 0.2622 0.3874 0.4867 0.4206 0.2058 0.1544 0.2019 0.2943 0.4308 0.4807 0.3704 0.1678 0.1638 0.2250 0.3325 0.4701 0.4611 0.2942 0.1541 0.1813 0.2605 0.3885 0.4866 0.4107 0.1879 0.1578 0.2154 0.3225 0.4659 0.4791 0.4659 0.3225 0.2154 0.1578 0.1879 0.4107 0.4866 0.3885 0.2605 0.1813 0.1541 0.2942 0.4611 0.4701 0.3325 0.2250 0.1638 0.1678 0.3704 0.4807 0.4308 0.2943 0.2019 0.1544 0.2058 0.4206 0.4867 0.3874 0.2622 0.1835 0.1534 0.2760 0.4538 0.4775 0.3461 0.2343 0.1686 0.1611 0.3459 0.4751 0.4475 0.3085 0.2105 0.1572 0.1855 0.4024 0.4857 0.4050 0.2753 0.2065
0.2853 0.4168 0.4841 0.3900 0.1769 0.1595 0.2159 0.3173 0.4565 0.4709 0.3300 0.1583 0.1719 0.2407 0.3558 0.4815 0.4469 0.2579 0.1529 0.1877 0.2696 0.3979 0.4864 0.4101 0.1928 0.1559 0.2070 0.3027 0.4410 0.4776 0.3562 0.1635 0.1665 0.2304 0.3405 0.4749 0.4565 0.2816 0.1535 0.1835 0.2638 0.3924 0.4865 0.4086 0.1869 0.1578 0.2148 0.3202 0.4643 0.4609 0.3827 0.4609 0.4643 0.3202 0.2148 0.1578 0.1869 0.4086 0.4865 0.3924 0.2638 0.1835 0.1535 0.2816 0.4565 0.4749 0.3405 0.2304 0.1665 0.1635 0.3562 0.4776 0.4410 0.3027 0.2070 0.1559 0.1928 0.4101 0.4864 0.3979 0.2696 0.1877 0.1529 0.2579 0.4469 0.4815 0.3558 0.2407 0.1719 0.1583 0.3300 0.4709 0.4565 0.3173 0.2159 0.1595 0.1769 0.3900 0.4841 0.4168 0.2853
0.4147 0.4825 0.3767 0.1704 0.1623 0.2216 0.3263 0.4646 0.4661 0.3132 0.1561 0.1755 0.2474 0.3657 0.4843 0.4393 0.2400 0.1529 0.1921 0.2773 0.4086 0.4853 0.3984 0.1825 0.1579 0.2123 0.3113 0.4505 0.4738 0.3408 0.1601 0.1697 0.2364 0.3494 0.4792 0.4509 0.2668 0.1530 0.1865 0.2685 0.3981 0.4862 0.4043 0.1841 0.1583 0.2154 0.3202 0.4632 0.4638 0.3016 0.1668 0.3016 0.4638 0.4632 0.3202 0.2154 0.1583 0.1841 0.4043 0.4862 0.3981 0.2685 0.1865 0.1530 0.2668 0.4509 0.4792 0.3494 0.2364 0.1697 0.1601 0.3408 0.4738 0.4505 0.3113 0.2123 0.1579 0.1825 0.3984 0.4853 0.4086 0.2773 0.1921 0.1529 0.2400 0.4393 0.4843 0.3657 0.2474 0.1755 0.1561 0.3132 0.4661 0.4646 0.3263 0.2216 0.1623 0.1704 0.3767 0.4825 0.4147
0.4818 0.3621 0.1653 0.1654 0.2278 0.3360 0.4716 0.4602 0.2953 0.1545 0.1794 0.2547 0.3763 0.4858 0.4305 0.2225 0.1535 0.1969 0.2856 0.4197 0.4832 0.3854 0.1745 0.1606 0.2181 0.3207 0.4596 0.4690 0.3241 0.1575 0.1733 0.2432 0.3594 0.4826 0.4439 0.2501 0.1529 0.1902 0.2747 0.4061 0.4852 0.3974 0.1798 0.1594 0.2173 0.3225 0.4643 0.4638 0.2973 0.1527 0.1572 0.1527 0.2973 0.4638 0.4643 0.3225 0.2173 0.1594 0.1798 0.3974 0.4852 0.4061 0.2747 0.1902 0.1529 0.2501 0.4439 0.4826 0.3594 0.2432 0.1733 0.1575 0.3241 0.4690 0.4596 0.3207 0.2181 0.1606 0.1745 0.3854 0.4832 0.4197 0.2856 0.1969 0.1535 0.2225 0.4305 0.4858 0.3763 0.2547 0.1794 0.1545 0.2953 0.4602 0.4716 0.3360 0.2278 0.1654 0.1653 0.3621 0.4818
0.3655 0.1611 0.1651 0.2298 0.3443 0.4760 0.4525 0.2837 0.1518 0.1795 0.2579 0.3867 0.4847 0.4211 0.2115 0.1519 0.1976 0.2907 0.4302 0.4787 0.3753 0.1688 0.1601 0.2196 0.3280 0.4665 0.4621 0.3133 0.1542 0.1732 0.2459 0.3691 0.4833 0.4353 0.2392 0.1509 0.1902 0.2780 0.4150 0.4821 0.3908 0.1762 0.1578 0.2158 0.3241 0.4659 0.4609 0.3016 0.1527 0.1764 0.2129 0.1764 0.1527 0.3016 0.4609 0.4659 0.3241 0.2158 0.1578 0.1762 0.3908 0.4821 0.4150 0.2780 0.1902 0.1509 0.2392 0.4353 0.4833 0.3691 0.2459 0.1732 0.1542 0.3133 0.4621 0.4665 0.3280 0.2196 0.1601 0.1688 0.3753 0.4787 0.4302 0.2907 0.1976 0.1519 0.2115 0.4211 0.4847 0.3867 0.2579 0.1795 0.1518 0.2837 0.4525 0.4760 0.3443 0.2298 0.1651 0.1611 0.3655
0.2180 0.1494 0.1958 0.2905 0.4360 0.4738 0.3629 0.1593 0.1585 0.2179 0.3291 0.4699 0.4558 0.2994 0.1468 0.1714 0.2445 0.3723 0.4821 0.4269 0.2265 0.1470 0.1879 0.2761 0.4181 0.4784 0.3846 0.1707 0.1542 0.2083 0.3128 0.4585 0.4643 0.3268 0.1499 0.1660 0.2337 0.3557 0.4801 0.4380 0.2490 0.1462 0.1839 0.2701 0.4126 0.4791 0.3827 0.1668 0.1572 0.2129 0.2656 0.2129 0.1572 0.1668 0.3827 0.4791 0.4126 0.2701 0.1839 0.1462 0.2490 0.4380 0.4801 0.3557 0.2337 0.1660 0.1499 0.3268 0.4643 0.4585 0.3128 0.2083 0.1542 0.1707 0.3846 0.4784 0.4181 0.2761 0.1879 0.1470 0.2265 0.4269 0.4821 0.3723 0.2445 0.1714 0.1468 0.2994 0.4558 0.4699 0.3291 0.2179 0.1585 0.1593 0.3629 0.4738 0.4360 0.2905 0.1958 0.1494 0.2180
0.3655 0.1611 0.1651 0.2298 0.3443 0.4760 0.4525 0.2837 0.1518 0.1795 0.2579 0.3867 0.4847 0.4211 0.2115 0.1519 0.1976 0.2907 0.4302 0.4787 0.3753 0.1688 0.1601 0.2196 0.3280 0.4665 0.4621 0.3133 0.1542 0.1732 0.2459 0.3691 0.4833 0.4353 0.2392 0.1509 0.1902 0.2780 0.4150 0.4821 0.3908 0.1762 0.1578 0.2158 0.3241 0.4659 0.4609 0.3016 0.1527 0.1764 0.2129 0.1764 0.1527 0.3016 0.4609 0.4659 0.3241 0.2158 0.1578 0.1762 0.3908 0.4821 0.4150 0.2780 0.1902 0.1509 0.2392 0.4353 0.4833 0.3691 0.2459 0.1732 0.1542 0.3133 0.4621 0.4665 0.3280 0.2196 0.1601 0.1688 0.3753 0.4787 0.4302 0.2907 0.1976 0.1519 0.2115 0.4211 0.4847 0.3867 0.2579 0.1795 0.1518 0.2837 0.4525 0.4760 0.3443 0.2298 0.1651 0.1611 0.3655
0.4818 0.3621 0.1653 0.1654 0.2278 0.3360 0.4716 0.4602 0.2953 0.1545 0.1794 0.2547 0.3763 0.4858 0.4305 0.2225 0.1535 0.1969 0.2856 0.4197 0.4832 0.3854 0.1745 0.1606 0.2181 0.3207 0.4596 0.4690 0.3241 0.1575 0.1733 0.2432 0.3594 0.4826 0.4439 0.2501 0.1529 0.1902 0.2747 0.4061 0.4852 0.3974 0.1798 0.1594 0.2173 0.3225 0.4643 0.4638 0.2973 0.1527 0.1572 0.1527 0.2973 0.4638 0.4643 0.3225 0.2173 0.1594 0.1798 0.3974 0.4852 0.4061 0.2747 0.1902 0.1529 0.2501 0.4439 0.4826 0.3594 0.2432 0.1733 0.1575 0.3241 0.4690 0.4596 0.3207 0.2181 0.1606 0.1745 0.3854 0.4832 0.4197 0.2856 0.1969 0.1535 0.2225 0.4305 0.4858 0.3763 0.2547 0.1794 0.1545 0.2953 0.4602 0.4716 0.3360 0.2278 0.1654 0.1653 0.3621 0.4818
0.4147 0.4825 0.3767 0.1704 0.1623 0.2216 0.3263 0.4646 0.4661 0.3132 0.1561 0.1755 0.2474 0.3657 0.4843 0.4393 0.2400 0.1529 0.1921 0.2773 0.4086 0.4853 0.3984 0.1825 0.1579 0.2123 0.3113 0.4505 0.4738 0.3408 0.1601 0.1697 0.2364 0.3494 0.4792 0.4509 0.2668 0.1530 0.1865 0.2685 0.3981 0.4862 0.4043 0.1841 0.1583 0.2154 0.3202 0.4632 0.4638 0.3016 0.1668 0.3016 0.4638 0.4632 0.3202 0.2154 0.1583 0.1841 0.4043 0.4862 0.3981 0.2685 0.1865 0.1530 0.2668 0.4509 0.4792 0.3494 0.2364 0.1697 0.1601 0.3408 0.4738 0.4505 0.3113 0.2123 0.1579 0.1825 0.3984 0.4853 0.4086 0.2773 0.1921 0.1529 0.2400 0.4393 0.4843 0.3657 0.2474 0.1755 0.1561 0.3132 0.4661 0.4646 0.3263 0.2216 0.1623 0.1704 0.3767 0.4825 0.4147
0.2853 0.4168 0.4841 0.3900 0.1769 0.1595 0.2159 0.3173 0.4565 0.4709 0.3300 0.1583 0.1719 0.2407 0.3558 0.4815 0.4469 0.2579 0.1529 0.1877 0.2696 0.3979 0.4864 0.4101 0.1928 0.1559 0.2070 0.3027 0.4410 0.4776 0.3562 0.1635 0.1665 0.2304 0.3405 0.4749 0.4565 0.2816 0.1535 0.1835 0.2638 0.3924 0.4865 0.4086 0.1869 0.1578 0.2148 0.3202 0.4643 0.4609 0.3827 0.4609 0.4643 0.3202 0.2148 0.1578 0.1869 0.4086 0.4865 0.3924 0.2638 0.1835 0.1535 0.2816 0.4565 0.4749 0.3405 0.2304 0.1665 0.1635 0.3562 0.4776 0.4410 0.3027 0.2070 0.1559 0.1928 0.4101 0.4864 0.3979 0.2696 0.1877 0.1529 0.2579 0.4469 0.4815 0.3558 0.2407 0.1719 0.1583 0.3300 0.4709 0.4565 0.3173 0.2159 0.1595 0.1769 0.3900 0.4841 0.4168 0.2853
0.2065 0.2753 0.4050 0.4857 0.4024 0.1855 0.1572 0.2105 0.3085 0.4475 0.4751 0.3459 0.1611 0.1686 0.2343 0.3461 0.4775 0.4538 0.2760 0.1534 0.1835 0.2622 0.3874 0.4867 0.4206 0.2058 0.1544 0.2019 0.2943 0.4308 0.4807 0.3704 0.1678 0.1638 0.2250 0.3325 0.4701 0.4611 0.2942 0.1541 0.1813 0.2605 0.3885 0.4866 0.4107 0.1879 0.1578 0.2154 0.3225 0.4659 0.4791 0.4659 0.3225 0.2154 0.1578 0.1879 0.4107 0.4866 0.3885 0.2605 0.1813 0.1541 0.2942 0.4611 0.4701 0.3325 0.2250 0.1638 0.1678 0.3704 0.4807 0.4308 0.2943 0.2019 0.1544 0.2058 0.4206 0.4867 0.3874 0.2622 0.1835 0.1534 0.2760 0.4538 0.4775 0.3461 0.2343 0.1686 0.1611 0.3459 0.4751 0.4475 0.3085 0.2105 0.1572 0.1855 0.4024 0.4857 0.4050 0.2753 0.2065
