0.0017 0.0159 0.1204 0.9197 1.0000 1.0000 0.0012 0.0094 0.0717 0.5441 1.0000 1.0000 0.0007 0.0056 0.0423 0.3213 1.0000 1.0000 0.0004 0.0033 0.0250 0.1897 1.0000 1.0000 0.0003 0.0019 0.0148 0.1120 0.8507 1.0000 1.0000 0.0011 0.0087 0.0662 0.5024 1.0000 1.0000 0.0007 0.0051 0.0391 0.2966 1.0000 1.0000 0.0004 0.0030 0.0231 0.1752 1.0000 1.0000 0.0002 0.0009 0.0002 1.0000 1.0000 0.1752 0.0231 0.0030 0.0004 1.0000 1.0000 0.2966 0.0391 0.0051 0.0007 1.0000 1.0000 0.5024 0.0662 0.0087 0.0011 1.0000 1.0000 0.8507 0.1120 0.0148 0.0019 0.0003 1.0000 1.0000 0.1897 0.0250 0.0033 0.0004 1.0000 1.0000 0.3213 0.0423 0.0056 0.0007 1.0000 1.0000 0.5441 0.0717 0.0094 0.0012 1.0000 1.0000 0.9197 0.1204 0.0159 0.0017
0.0159 0.1386 1.0000 1.0000 1.0000 0.0013 0.0101 0.0769 0.5838 1.0000 1.0000 0.0008 0.0060 0.0454 0.3441 1.0000 1.0000 0.0005 0.0035 0.0268 0.2036 1.0000 1.0000 0.0003 0.0021 0.0158 0.1200 0.9128 1.0000 1.0000 0.0012 0.0093 0.0710 0.5380 1.0000 1.0000 0.0007 0.0055 0.0418 0.3183 1.0000 1.0000 0.0004 0.0033 0.0247 0.1876 1.0000 1.0000 0.0003 0.0020 0.0068 0.0020 0.0003 1.0000 1.0000 0.1876 0.0247 0.0033 0.0004 1.0000 1.0000 0.3183 0.0418 0.0055 0.0007 1.0000 1.0000 0.5380 0.0710 0.0093 0.0012 1.0000 1.0000 0.9128 0.1200 0.0158 0.0021 0.0003 1.0000 1.0000 0.2036 0.0268 0.0035 0.0005 1.0000 1.0000 0.3441 0.0454 0.0060 0.0008 1.0000 1.0000 0.5838 0.0769 0.0101 0.0013 1.0000 1.0000 1.0000 0.1386 0.0159
0.1204 1.0000 1.0000 1.0000 0.0012 0.0089 0.0669 0.5062 1.0000 1.0000 0.0007 0.0052 0.0391 0.2972 1.0000 1.0000 0.0004 0.0030 0.0231 0.1755 1.0000 1.0000 0.0002 0.0018 0.0136 0.1036 0.7869 1.0000 1.0000 0.0011 0.0081 0.0612 0.4647 1.0000 1.0000 0.0006 0.0048 0.0361 0.2744 1.0000 1.0000 0.0004 0.0028 0.0213 0.1620 1.0000 1.0000 0.0002 0.0017 0.0128 0.0440 0.0128 0.0017 0.0002 1.0000 1.0000 0.1620 0.0213 0.0028 0.0004 1.0000 1.0000 0.2744 0.0361 0.0048 0.0006 1.0000 1.0000 0.4647 0.0612 0.0081 0.0011 1.0000 1.0000 0.7869 0.1036 0.0136 0.0018 0.0002 1.0000 1.0000 0.1755 0.0231 0.0030 0.0004 1.0000 1.0000 0.2972 0.0391 0.0052 0.0007 1.0000 1.0000 0.5062 0.0669 0.0089 0.0012 1.0000 1.0000 1.0000 0.1204
0.9197 1.0000 1.0000 0.0011 0.0082 0.0607 0.4525 1.0000 1.0000 0.0006 0.0045 0.0343 0.2602 1.0000 1.0000 0.0004 0.0027 0.0202 0.1536 1.0000 1.0000 0.0002 0.0016 0.0119 0.0907 0.6888 1.0000 1.0000 0.0009 0.0071 0.0536 0.4068 1.0000 1.0000 0.0005 0.0042 0.0316 0.2402 1.0000 1.0000 0.0003 0.0025 0.0187 0.1418 1.0000 1.0000 1.0000 0.0015 0.0111 0.0852 0.2916 0.0852 0.0111 0.0015 1.0000 1.0000 1.0000 0.1418 0.0187 0.0025 0.0003 1.0000 1.0000 0.2402 0.0316 0.0042 0.0005 1.0000 1.0000 0.4068 0.0536 0.0071 0.0009 1.0000 1.0000 0.6888 0.0907 0.0119 0.0016 0.0002 1.0000 1.0000 0.1536 0.0202 0.0027 0.0004 1.0000 1.0000 0.2602 0.0343 0.0045 0.0006 1.0000 1.0000 0.4525 0.0607 0.0082 0.0011 1.0000 1.0000 0.9197
1.0000 1.0000 0.0012 0.0082 0.0585 0.4225 1.0000 1.0000 0.0005 0.0040 0.0302 0.2282 1.0000 1.0000 0.0003 0.0023 0.0177 0.1342 1.0000 1.0000 1.0000 0.0014 0.0104 0.0793 0.6018 1.0000 1.0000 0.0008 0.0062 0.0468 0.3554 1.0000 1.0000 0.0005 0.0036 0.0276 0.2098 1.0000 1.0000 0.0003 0.0021 0.0163 0.1239 0.9410 1.0000 1.0000 0.0013 0.0096 0.0737 0.5652 1.0000 0.5652 0.0737 0.0096 0.0013 1.0000 1.0000 0.9410 0.1239 0.0163 0.0021 0.0003 1.0000 1.0000 0.2098 0.0276 0.0036 0.0005 1.0000 1.0000 0.3554 0.0468 0.0062 0.0008 1.0000 1.0000 0.6018 0.0793 0.0104 0.0014 1.0000 1.0000 1.0000 0.1342 0.0177 0.0023 0.0003 1.0000 1.0000 0.2282 0.0302 0.0040 0.0005 1.0000 1.0000 0.4225 0.0585 0.0082 0.0012 1.0000 1.0000
1.0000 0.0013 0.0089 0.0607 0.4225 1.0000 1.0000 0.0005 0.0036 0.0269 0.2024 1.0000 1.0000 0.0003 0.0020 0.0154 0.1173 0.8905 1.0000 1.0000 0.0012 0.0091 0.0692 0.5258 1.0000 1.0000 0.0007 0.0054 0.0409 0.3105 1.0000 1.0000 0.0004 0.0032 0.0241 0.1833 1.0000 1.0000 0.0002 0.0019 0.0143 0.1083 0.8221 1.0000 1.0000 0.0011 0.0084 0.0639 0.4892 1.0000 1.0000 1.0000 0.4892 0.0639 0.0084 0.0011 1.0000 1.0000 0.8221 0.1083 0.0143 0.0019 0.0002 1.0000 1.0000 0.1833 0.0241 0.0032 0.0004 1.0000 1.0000 0.3105 0.0409 0.0054 0.0007 1.0000 1.0000 0.5258 0.0692 0.0091 0.0012 1.0000 1.0000 0.8905 0.1173 0.0154 0.0020 0.0003 1.0000 1.0000 0.2024 0.0269 0.0036 0.0005 1.0000 1.0000 0.4225 0.0607 0.0089 0.0013 1.0000
0.0012 0.0101 0.0669 0.4525 1.0000 1.0000 0.0005 0.0034 0.0248 0.1837 1.0000 1.0000 0.0002 0.0018 0.0135 0.1026 0.7780 1.0000 1.0000 0.0010 0.0080 0.0605 0.4594 1.0000 1.0000 0.0006 0.0047 0.0357 0.2713 1.0000 1.0000 0.0004 0.0028 0.0211 0.1602 1.0000 1.0000 0.0002 0.0016 0.0125 0.0946 0.7183 1.0000 1.0000 0.0010 0.0074 0.0559 0.4241 1.0000 1.0000 0.0003 1.0000 1.0000 0.4241 0.0559 0.0074 0.0010 1.0000 1.0000 0.7183 0.0946 0.0125 0.0016 0.0002 1.0000 1.0000 0.1602 0.0211 0.0028 0.0004 1.0000 1.0000 0.2713 0.0357 0.0047 0.0006 1.0000 1.0000 0.4594 0.0605 0.0080 0.0010 1.0000 1.0000 0.7780 0.1026 0.0135 0.0018 0.0002 1.0000 1.0000 0.1837 0.0248 0.0034 0.0005 1.0000 1.0000 0.4525 0.0669 0.0101 0.0012
0.0094 0.0769 0.5062 1.0000 1.0000 0.0005 0.0034 0.0241 0.1738 1.0000 1.0000 0.0002 0.0016 0.0120 0.0905 0.6836 1.0000 1.0000 0.0009 0.0070 0.0529 0.4014 1.0000 1.0000 0.0005 0.0041 0.0312 0.2370 1.0000 1.0000 0.0003 0.0024 0.0184 0.1400 1.0000 1.0000 1.0000 0.0014 0.0109 0.0826 0.6275 1.0000 1.0000 0.0008 0.0064 0.0488 0.3706 1.0000 1.0000 0.0005 0.0017 0.0005 1.0000 1.0000 0.3706 0.0488 0.0064 0.0008 1.0000 1.0000 0.6275 0.0826 0.0109 0.0014 1.0000 1.0000 1.0000 0.1400 0.0184 0.0024 0.0003 1.0000 1.0000 0.2370 0.0312 0.0041 0.0005 1.0000 1.0000 0.4014 0.0529 0.0070 0.0009 1.0000 1.0000 0.6836 0.0905 0.0120 0.0016 0.0002 1.0000 1.0000 0.1738 0.0241 0.0034 0.0005 1.0000 1.0000 0.5062 0.0769 0.0094
0.0717 0.5838 1.0000 1.0000 0.0005 0.0036 0.0248 0.1738 1.0000 1.0000 1.0000 0.0015 0.0108 0.0809 0.6076 1.0000 1.0000 0.0008 0.0061 0.0462 0.3507 1.0000 1.0000 0.0005 0.0036 0.0273 0.2071 1.0000 1.0000 0.0003 0.0021 0.0161 0.1223 0.9285 1.0000 1.0000 0.0013 0.0095 0.0722 0.5483 1.0000 1.0000 0.0007 0.0056 0.0426 0.3238 1.0000 1.0000 0.0004 0.0034 0.0115 0.0034 0.0004 1.0000 1.0000 0.3238 0.0426 0.0056 0.0007 1.0000 1.0000 0.5483 0.0722 0.0095 0.0013 1.0000 1.0000 0.9285 0.1223 0.0161 0.0021 0.0003 1.0000 1.0000 0.2071 0.0273 0.0036 0.0005 1.0000 1.0000 0.3507 0.0462 0.0061 0.0008 1.0000 1.0000 0.6076 0.0809 0.0108 0.0015 1.0000 1.0000 1.0000 0.1738 0.0248 0.0036 0.0005 1.0000 1.0000 0.5838 0.0717
0.5441 1.0000 1.0000 0.0006 0.0040 0.0269 0.1837 1.0000 1.0000 1.0000 0.0014 0.0101 0.0743 0.5504 1.0000 1.0000 0.0007 0.0054 0.0406 0.3070 1.0000 1.0000 0.0004 0.0031 0.0238 0.1809 1.0000 1.0000 0.0002 0.0019 0.0141 0.1068 0.8112 1.0000 1.0000 0.0011 0.0083 0.0631 0.4790 1.0000 1.0000 0.0006 0.0049 0.0372 0.2829 1.0000 1.0000 0.0004 0.0029 0.0224 0.0766 0.0224 0.0029 0.0004 1.0000 1.0000 0.2829 0.0372 0.0049 0.0006 1.0000 1.0000 0.4790 0.0631 0.0083 0.0011 1.0000 1.0000 0.8112 0.1068 0.0141 0.0019 0.0002 1.0000 1.0000 0.1809 0.0238 0.0031 0.0004 1.0000 1.0000 0.3070 0.0406 0.0054 0.0007 1.0000 1.0000 0.5504 0.0743 0.0101 0.0014 1.0000 1.0000 1.0000 0.1837 0.0269 0.0040 0.0006 1.0000 1.0000 0.5441
1.0000 1.0000 0.0007 0.0045 0.0302 0.2024 1.0000 1.0000 1.0000 0.0014 0.0099 0.0708 0.5139 1.0000 1.0000 0.0006 0.0048 0.0359 0.2708 1.0000 1.0000 0.0004 0.0027 0.0208 0.1581 1.0000 1.0000 0.0002 0.0016 0.0123 0.0933 0.7088 1.0000 1.0000 0.0010 0.0073 0.0551 0.4185 1.0000 1.0000 0.0006 0.0043 0.0325 0.2471 1.0000 1.0000 0.0003 0.0025 0.0194 0.1484 0.5081 0.1484 0.0194 0.0025 0.0003 1.0000 1.0000 0.2471 0.0325 0.0043 0.0006 1.0000 1.0000 0.4185 0.0551 0.0073 0.0010 1.0000 1.0000 0.7088 0.0933 0.0123 0.0016 0.0002 1.0000 1.0000 0.1581 0.0208 0.0027 0.0004 1.0000 1.0000 0.2708 0.0359 0.0048 0.0006 1.0000 1.0000 0.5139 0.0708 0.0099 0.0014 1.0000 1.0000 1.0000 0.2024 0.0302 0.0045 0.0007 1.0000 1.0000
1.0000 0.0008 0.0052 0.0343 0.2282 1.0000 1.0000 0.0002 0.0015 0.0101 0.0708 0.5014 1.0000 1.0000 0.0006 0.0044 0.0324 0.2416 1.0000 1.0000 0.0003 0.0024 0.0182 0.1381 1.0000 1.0000 1.0000 0.0014 0.0107 0.0815 0.6192 1.0000 1.0000 0.0008 0.0063 0.0482 0.3657 1.0000 1.0000 0.0005 0.0037 0.0284 0.2159 1.0000 1.0000 0.0003 0.0022 0.0168 0.1285 0.9849 1.0000 0.9849 0.1285 0.0168 0.0022 0.0003 1.0000 1.0000 0.2159 0.0284 0.0037 0.0005 1.0000 1.0000 0.3657 0.0482 0.0063 0.0008 1.0000 1.0000 0.6192 0.0815 0.0107 0.0014 1.0000 1.0000 1.0000 0.1381 0.0182 0.0024 0.0003 1.0000 1.0000 0.2416 0.0324 0.0044 0.0006 1.0000 1.0000 0.5014 0.0708 0.0101 0.0015 0.0002 1.0000 1.0000 0.2282 0.0343 0.0052 0.0008 1.0000
0.0007 0.0060 0.0391 0.2602 1.0000 1.0000 0.0002 0.0016 0.0108 0.0743 0.5139 1.0000 1.0000 0.0006 0.0041 0.0299 0.2205 1.0000 1.0000 0.0003 0.0021 0.0160 0.1213 0.9180 1.0000 1.0000 0.0012 0.0094 0.0712 0.5410 1.0000 1.0000 0.0007 0.0055 0.0421 0.3195 1.0000 1.0000 0.0004 0.0033 0.0248 0.1886 1.0000 1.0000 0.0003 0.0019 0.0147 0.1114 0.8524 1.0000 1.0000 1.0000 0.8524 0.1114 0.0147 0.0019 0.0003 1.0000 1.0000 0.1886 0.0248 0.0033 0.0004 1.0000 1.0000 0.3195 0.0421 0.0055 0.0007 1.0000 1.0000 0.5410 0.0712 0.0094 0.0012 1.0000 1.0000 0.9180 0.1213 0.0160 0.0021 0.0003 1.0000 1.0000 0.2205 0.0299 0.0041 0.0006 1.0000 1.0000 0.5139 0.0743 0.0108 0.0016 0.0002 1.0000 1.0000 0.2602 0.0391 0.0060 0.0007
0.0056 0.0454 0.2972 1.0000 1.0000 0.0003 0.0018 0.0120 0.0809 0.5504 1.0000 1.0000 0.0006 0.0040 0.0287 0.2071 1.0000 1.0000 0.0003 0.0019 0.0143 0.1074 0.8097 1.0000 1.0000 0.0011 0.0082 0.0622 0.4727 1.0000 1.0000 0.0006 0.0048 0.0368 0.2791 1.0000 1.0000 0.0004 0.0029 0.0217 0.1648 1.0000 1.0000 0.0002 0.0017 0.0128 0.0973 0.7391 1.0000 1.0000 0.0005 1.0000 1.0000 0.7391 0.0973 0.0128 0.0017 0.0002 1.0000 1.0000 0.1648 0.0217 0.0029 0.0004 1.0000 1.0000 0.2791 0.0368 0.0048 0.0006 1.0000 1.0000 0.4727 0.0622 0.0082 0.0011 1.0000 1.0000 0.8097 0.1074 0.0143 0.0019 0.0003 1.0000 1.0000 0.2071 0.0287 0.0040 0.0006 1.0000 1.0000 0.5504 0.0809 0.0120 0.0018 0.0003 1.0000 1.0000 0.2972 0.0454 0.0056
0.0423 0.3441 1.0000 1.0000 0.0003 0.0020 0.0135 0.0905 0.6076 1.0000 1.0000 0.0006 0.0041 0.0287 0.2028 1.0000 1.0000 0.0002 0.0017 0.0129 0.0962 0.7224 1.0000 1.0000 0.0010 0.0072 0.0545 0.4130 1.0000 1.0000 0.0006 0.0042 0.0321 0.2439 1.0000 1.0000 0.0003 0.0025 0.0190 0.1440 1.0000 1.0000 1.0000 0.0015 0.0112 0.0850 0.6457 1.0000 1.0000 0.0009 0.0030 0.0009 1.0000 1.0000 0.6457 0.0850 0.0112 0.0015 1.0000 1.0000 1.0000 0.1440 0.0190 0.0025 0.0003 1.0000 1.0000 0.2439 0.0321 0.0042 0.0006 1.0000 1.0000 0.4130 0.0545 0.0072 0.0010 1.0000 1.0000 0.7224 0.0962 0.0129 0.0017 0.0002 1.0000 1.0000 0.2028 0.0287 0.0041 0.0006 1.0000 1.0000 0.6076 0.0905 0.0135 0.0020 0.0003 1.0000 1.0000 0.3441 0.0423
0.3213 1.0000 1.0000 0.0004 0.0023 0.0154 0.1026 0.6836 1.0000 1.0000 0.0006 0.0044 0.0299 0.2071 1.0000 1.0000 0.0002 0.0016 0.0120 0.0882 0.6531 1.0000 1.0000 0.0008 0.0064 0.0480 0.3629 1.0000 1.0000 0.0005 0.0037 0.0281 0.2131 1.0000 1.0000 0.0003 0.0022 0.0166 0.1258 0.9554 1.0000 1.0000 0.0013 0.0098 0.0743 0.5641 1.0000 1.0000 0.0008 0.0059 0.0201 0.0059 0.0008 1.0000 1.0000 0.5641 0.0743 0.0098 0.0013 1.0000 1.0000 0.9554 0.1258 0.0166 0.0022 0.0003 1.0000 1.0000 0.2131 0.0281 0.0037 0.0005 1.0000 1.0000 0.3629 0.0480 0.0064 0.0008 1.0000 1.0000 0.6531 0.0882 0.0120 0.0016 0.0002 1.0000 1.0000 0.2071 0.0299 0.0044 0.0006 1.0000 1.0000 0.6836 0.1026 0.0154 0.0023 0.0004 1.0000 1.0000 0.3213
1.0000 1.0000 0.0004 0.0027 0.0177 0.1173 0.7780 1.0000 1.0000 0.0007 0.0048 0.0324 0.2205 1.0000 1.0000 0.0002 0.0016 0.0115 0.0833 0.6076 1.0000 1.0000 0.0008 0.0057 0.0426 0.3207 1.0000 1.0000 0.0004 0.0032 0.0245 0.1862 1.0000 1.0000 0.0003 0.0019 0.0145 0.1099 0.8347 1.0000 1.0000 0.0011 0.0085 0.0649 0.4929 1.0000 1.0000 0.0007 0.0051 0.0390 0.1335 0.0390 0.0051 0.0007 1.0000 1.0000 0.4929 0.0649 0.0085 0.0011 1.0000 1.0000 0.8347 0.1099 0.0145 0.0019 0.0003 1.0000 1.0000 0.1862 0.0245 0.0032 0.0004 1.0000 1.0000 0.3207 0.0426 0.0057 0.0008 1.0000 1.0000 0.6076 0.0833 0.0115 0.0016 0.0002 1.0000 1.0000 0.2205 0.0324 0.0048 0.0007 1.0000 1.0000 0.7780 0.1173 0.0177 0.0027 0.0004 1.0000 1.0000
1.0000 0.0005 0.0030 0.0202 0.1342 0.8905 1.0000 1.0000 0.0008 0.0054 0.0359 0.2416 1.0000 1.0000 0.0002 0.0016 0.0115 0.0817 0.5860 1.0000 1.0000 0.0007 0.0052 0.0383 0.2861 1.0000 1.0000 0.0004 0.0028 0.0215 0.1626 1.0000 1.0000 0.0002 0.0017 0.0126 0.0960 0.7293 1.0000 1.0000 0.0010 0.0075 0.0567 0.4306 1.0000 1.0000 0.0006 0.0044 0.0337 0.2587 0.8854 0.2587 0.0337 0.0044 0.0006 1.0000 1.0000 0.4306 0.0567 0.0075 0.0010 1.0000 1.0000 0.7293 0.0960 0.0126 0.0017 0.0002 1.0000 1.0000 0.1626 0.0215 0.0028 0.0004 1.0000 1.0000 0.2861 0.0383 0.0052 0.0007 1.0000 1.0000 0.5860 0.0817 0.0115 0.0016 0.0002 1.0000 1.0000 0.2416 0.0359 0.0054 0.0008 1.0000 1.0000 0.8905 0.1342 0.0202 0.0030 0.0005 1.0000
0.0004 0.0035 0.0231 0.1536 1.0000 1.0000 1.0000 0.0009 0.0061 0.0406 0.2708 1.0000 1.0000 0.0003 0.0017 0.0120 0.0833 0.5860 1.0000 1.0000 0.0007 0.0048 0.0353 0.2606 1.0000 1.0000 0.0003 0.0025 0.0190 0.1432 1.0000 1.0000 1.0000 0.0015 0.0110 0.0839 0.6372 1.0000 1.0000 0.0009 0.0065 0.0495 0.3762 1.0000 1.0000 0.0005 0.0039 0.0293 0.2239 1.0000 1.0000 1.0000 0.2239 0.0293 0.0039 0.0005 1.0000 1.0000 0.3762 0.0495 0.0065 0.0009 1.0000 1.0000 0.6372 0.0839 0.0110 0.0015 1.0000 1.0000 1.0000 0.1432 0.0190 0.0025 0.0003 1.0000 1.0000 0.2606 0.0353 0.0048 0.0007 1.0000 1.0000 0.5860 0.0833 0.0120 0.0017 0.0003 1.0000 1.0000 0.2708 0.0406 0.0061 0.0009 1.0000 1.0000 1.0000 0.1536 0.0231 0.0035 0.0004
0.0033 0.0268 0.1755 1.0000 1.0000 1.0000 0.0010 0.0070 0.0462 0.3070 1.0000 1.0000 0.0003 0.0019 0.0129 0.0882 0.6076 1.0000 1.0000 0.0006 0.0046 0.0334 0.2429 1.0000 1.0000 0.0003 0.0023 0.0169 0.1270 0.9554 1.0000 1.0000 0.0013 0.0097 0.0733 0.5567 1.0000 1.0000 0.0008 0.0057 0.0433 0.3287 1.0000 1.0000 0.0004 0.0034 0.0256 0.1941 1.0000 1.0000 1.0000 1.0000 1.0000 0.1941 0.0256 0.0034 0.0004 1.0000 1.0000 0.3287 0.0433 0.0057 0.0008 1.0000 1.0000 0.5567 0.0733 0.0097 0.0013 1.0000 1.0000 0.9554 0.1270 0.0169 0.0023 0.0003 1.0000 1.0000 0.2429 0.0334 0.0046 0.0006 1.0000 1.0000 0.6076 0.0882 0.0129 0.0019 0.0003 1.0000 1.0000 0.3070 0.0462 0.0070 0.0010 1.0000 1.0000 1.0000 0.1755 0.0268 0.0033
0.0250 0.2036 1.0000 1.0000 1.0000 0.0012 0.0080 0.0529 0.3507 1.0000 1.0000 0.0003 0.0021 0.0143 0.0962 0.6531 1.0000 1.0000 0.0007 0.0046 0.0328 0.2348 1.0000 1.0000 0.0003 0.0021 0.0152 0.1137 0.8507 1.0000 1.0000 0.0011 0.0085 0.0642 0.4864 1.0000 1.0000 0.0007 0.0050 0.0378 0.2872 1.0000 1.0000 0.0004 0.0029 0.0223 0.1696 1.0000 1.0000 0.0002 0.0008 0.0002 1.0000 1.0000 0.1696 0.0223 0.0029 0.0004 1.0000 1.0000 0.2872 0.0378 0.0050 0.0007 1.0000 1.0000 0.4864 0.0642 0.0085 0.0011 1.0000 1.0000 0.8507 0.1137 0.0152 0.0021 0.0003 1.0000 1.0000 0.2348 0.0328 0.0046 0.0007 1.0000 1.0000 0.6531 0.0962 0.0143 0.0021 0.0003 1.0000 1.0000 0.3507 0.0529 0.0080 0.0012 1.0000 1.0000 1.0000 0.2036 0.0250
0.1897 1.0000 1.0000 0.0002 0.0014 0.0091 0.0605 0.4014 1.0000 1.0000 0.0004 0.0024 0.0160 0.1074 0.7224 1.0000 1.0000 0.0007 0.0048 0.0334 0.2348 1.0000 1.0000 0.0003 0.0019 0.0141 0.1038 0.7706 1.0000 1.0000 0.0010 0.0075 0.0566 0.4274 1.0000 1.0000 0.0006 0.0044 0.0330 0.2509 1.0000 1.0000 0.0003 0.0026 0.0195 0.1482 1.0000 1.0000 0.0002 0.0015 0.0053 0.0015 0.0002 1.0000 1.0000 0.1482 0.0195 0.0026 0.0003 1.0000 1.0000 0.2509 0.0330 0.0044 0.0006 1.0000 1.0000 0.4274 0.0566 0.0075 0.0010 1.0000 1.0000 0.7706 0.1038 0.0141 0.0019 0.0003 1.0000 1.0000 0.2348 0.0334 0.0048 0.0007 1.0000 1.0000 0.7224 0.1074 0.0160 0.0024 0.0004 1.0000 1.0000 0.4014 0.0605 0.0091 0.0014 0.0002 1.0000 1.0000 0.1897
1.0000 1.0000 0.0002 0.0016 0.0104 0.0692 0.4594 1.0000 1.0000 0.0004 0.0027 0.0182 0.1213 0.8097 1.0000 1.0000 0.0008 0.0052 0.0353 0.2429 1.0000 1.0000 0.0003 0.0019 0.0134 0.0971 0.7128 1.0000 1.0000 0.0009 0.0067 0.0502 0.3784 1.0000 1.0000 0.0005 0.0038 0.0289 0.2192 1.0000 1.0000 0.0003 0.0022 0.0170 0.1295 0.9830 1.0000 1.0000 0.0013 0.0102 0.0350 0.0102 0.0013 1.0000 1.0000 0.9830 0.1295 0.0170 0.0022 0.0003 1.0000 1.0000 0.2192 0.0289 0.0038 0.0005 1.0000 1.0000 0.3784 0.0502 0.0067 0.0009 1.0000 1.0000 0.7128 0.0971 0.0134 0.0019 0.0003 1.0000 1.0000 0.2429 0.0353 0.0052 0.0008 1.0000 1.0000 0.8097 0.1213 0.0182 0.0027 0.0004 1.0000 1.0000 0.4594 0.0692 0.0104 0.0016 0.0002 1.0000 1.0000
1.0000 0.0003 0.0018 0.0119 0.0793 0.5258 1.0000 1.0000 0.0005 0.0031 0.0208 0.1381 0.9180 1.0000 1.0000 0.0008 0.0057 0.0383 0.2606 1.0000 1.0000 0.0003 0.0019 0.0131 0.0940 0.6771 1.0000 1.0000 0.0008 0.0061 0.0451 0.3376 1.0000 1.0000 0.0004 0.0033 0.0253 0.1915 1.0000 1.0000 0.0003 0.0020 0.0149 0.1131 0.8589 1.0000 1.0000 0.0012 0.0089 0.0679 0.2325 0.0679 0.0089 0.0012 1.0000 1.0000 0.8589 0.1131 0.0149 0.0020 0.0003 1.0000 1.0000 0.1915 0.0253 0.0033 0.0004 1.0000 1.0000 0.3376 0.0451 0.0061 0.0008 1.0000 1.0000 0.6771 0.0940 0.0131 0.0019 0.0003 1.0000 1.0000 0.2606 0.0383 0.0057 0.0008 1.0000 1.0000 0.9180 0.1381 0.0208 0.0031 0.0005 1.0000 1.0000 0.5258 0.0793 0.0119 0.0018 0.0003 1.0000
0.0003 0.0021 0.0136 0.0907 0.6018 1.0000 1.0000 0.0005 0.0036 0.0238 0.1581 1.0000 1.0000 1.0000 0.0010 0.0064 0.0426 0.2861 1.0000 1.0000 0.0003 0.0019 0.0134 0.0940 0.6657 1.0000 1.0000 0.0008 0.0056 0.0414 0.3064 1.0000 1.0000 0.0004 0.0030 0.0223 0.1683 1.0000 1.0000 0.0002 0.0017 0.0130 0.0988 0.7504 1.0000 1.0000 0.0010 0.0077 0.0588 0.4507 1.0000 0.4507 0.0588 0.0077 0.0010 1.0000 1.0000 0.7504 0.0988 0.0130 0.0017 0.0002 1.0000 1.0000 0.1683 0.0223 0.0030 0.0004 1.0000 1.0000 0.3064 0.0414 0.0056 0.0008 1.0000 1.0000 0.6657 0.0940 0.0134 0.0019 0.0003 1.0000 1.0000 0.2861 0.0426 0.0064 0.0010 1.0000 1.0000 1.0000 0.1581 0.0238 0.0036 0.0005 1.0000 1.0000 0.6018 0.0907 0.0136 0.0021 0.0003
0.0019 0.0158 0.1036 0.6888 1.0000 1.0000 0.0006 0.0041 0.0273 0.1809 1.0000 1.0000 1.0000 0.0011 0.0072 0.0480 0.3207 1.0000 1.0000 0.0003 0.0021 0.0141 0.0971 0.6771 1.0000 1.0000 0.0007 0.0054 0.0388 0.2839 1.0000 1.0000 0.0004 0.0026 0.0198 0.1493 1.0000 1.0000 1.0000 0.0015 0.0114 0.0863 0.6556 1.0000 1.0000 0.0009 0.0067 0.0510 0.3901 1.0000 1.0000 1.0000 0.3901 0.0510 0.0067 0.0009 1.0000 1.0000 0.6556 0.0863 0.0114 0.0015 1.0000 1.0000 1.0000 0.1493 0.0198 0.0026 0.0004 1.0000 1.0000 0.2839 0.0388 0.0054 0.0007 1.0000 1.0000 0.6771 0.0971 0.0141 0.0021 0.0003 1.0000 1.0000 0.3207 0.0480 0.0072 0.0011 1.0000 1.0000 1.0000 0.1809 0.0273 0.0041 0.0006 1.0000 1.0000 0.6888 0.1036 0.0158 0.0019
0.0148 0.1200 0.7869 1.0000 1.0000 0.0007 0.0047 0.0312 0.2071 1.0000 1.0000 1.0000 0.0012 0.0082 0.0545 0.3629 1.0000 1.0000 0.0003 0.0023 0.0152 0.1038 0.7128 1.0000 1.0000 0.0007 0.0053 0.0376 0.2708 1.0000 1.0000 0.0003 0.0024 0.0179 0.1337 1.0000 1.0000 1.0000 0.0013 0.0100 0.0756 0.5728 1.0000 1.0000 0.0008 0.0059 0.0445 0.3382 1.0000 1.0000 1.0000 1.0000 1.0000 0.3382 0.0445 0.0059 0.0008 1.0000 1.0000 0.5728 0.0756 0.0100 0.0013 1.0000 1.0000 1.0000 0.1337 0.0179 0.0024 0.0003 1.0000 1.0000 0.2708 0.0376 0.0053 0.0007 1.0000 1.0000 0.7128 0.1038 0.0152 0.0023 0.0003 1.0000 1.0000 0.3629 0.0545 0.0082 0.0012 1.0000 1.0000 1.0000 0.2071 0.0312 0.0047 0.0007 1.0000 1.0000 0.7869 0.1200 0.0148
0.1120 0.9128 1.0000 1.0000 0.0008 0.0054 0.0357 0.2370 1.0000 1.0000 0.0002 0.0014 0.0094 0.0622 0.4130 1.0000 1.0000 0.0004 0.0025 0.0169 0.1137 0.7706 1.0000 1.0000 0.0008 0.0054 0.0376 0.2667 1.0000 1.0000 0.0003 0.0022 0.0165 0.1218 0.9041 1.0000 1.0000 0.0012 0.0088 0.0667 0.5033 1.0000 1.0000 0.0007 0.0051 0.0389 0.2955 1.0000 1.0000 0.0004 0.0014 0.0004 1.0000 1.0000 0.2955 0.0389 0.0051 0.0007 1.0000 1.0000 0.5033 0.0667 0.0088 0.0012 1.0000 1.0000 0.9041 0.1218 0.0165 0.0022 0.0003 1.0000 1.0000 0.2667 0.0376 0.0054 0.0008 1.0000 1.0000 0.7706 0.1137 0.0169 0.0025 0.0004 1.0000 1.0000 0.4130 0.0622 0.0094 0.0014 0.0002 1.0000 1.0000 0.2370 0.0357 0.0054 0.0008 1.0000 1.0000 0.9128 0.1120
0.8507 1.0000 1.0000 0.0009 0.0062 0.0409 0.2713 1.0000 1.0000 0.0002 0.0016 0.0107 0.0712 0.4727 1.0000 1.0000 0.0004 0.0028 0.0190 0.1270 0.8507 1.0000 1.0000 0.0008 0.0056 0.0388 0.2708 1.0000 1.0000 0.0003 0.0021 0.0155 0.1133 0.8331 1.0000 1.0000 0.0010 0.0079 0.0591 0.4456 1.0000 1.0000 0.0006 0.0045 0.0340 0.2582 1.0000 1.0000 0.0004 0.0027 0.0092 0.0027 0.0004 1.0000 1.0000 0.2582 0.0340 0.0045 0.0006 1.0000 1.0000 0.4456 0.0591 0.0079 0.0010 1.0000 1.0000 0.8331 0.1133 0.0155 0.0021 0.0003 1.0000 1.0000 0.2708 0.0388 0.0056 0.0008 1.0000 1.0000 0.8507 0.1270 0.0190 0.0028 0.0004 1.0000 1.0000 0.4727 0.0712 0.0107 0.0016 0.0002 1.0000 1.0000 0.2713 0.0409 0.0062 0.0009 1.0000 1.0000 0.8507
1.0000 1.0000 0.0011 0.0071 0.0468 0.3105 1.0000 1.0000 0.0003 0.0019 0.0123 0.0815 0.5410 1.0000 1.0000 0.0005 0.0032 0.0215 0.1432 0.9554 1.0000 1.0000 0.0009 0.0061 0.0414 0.2839 1.0000 1.0000 0.0003 0.0021 0.0151 0.1085 0.7854 1.0000 1.0000 0.0010 0.0071 0.0530 0.3968 1.0000 1.0000 0.0005 0.0039 0.0298 0.2256 1.0000 1.0000 0.0003 0.0023 0.0178 0.0611 0.0178 0.0023 0.0003 1.0000 1.0000 0.2256 0.0298 0.0039 0.0005 1.0000 1.0000 0.3968 0.0530 0.0071 0.0010 1.0000 1.0000 0.7854 0.1085 0.0151 0.0021 0.0003 1.0000 1.0000 0.2839 0.0414 0.0061 0.0009 1.0000 1.0000 0.9554 0.1432 0.0215 0.0032 0.0005 1.0000 1.0000 0.5410 0.0815 0.0123 0.0019 0.0003 1.0000 1.0000 0.3105 0.0468 0.0071 0.0011 1.0000 1.0000
1.0000 0.0012 0.0081 0.0536 0.3554 1.0000 1.0000 0.0003 0.0021 0.0141 0.0933 0.6192 1.0000 1.0000 0.0006 0.0037 0.0245 0.1626 1.0000 1.0000 1.0000 0.0010 0.0067 0.0451 0.3064 1.0000 1.0000 0.0003 0.0021 0.0151 0.1068 0.7619 1.0000 1.0000 0.0009 0.0065 0.0483 0.3588 1.0000 1.0000 0.0005 0.0035 0.0263 0.1982 1.0000 1.0000 0.0003 0.0020 0.0154 0.1184 0.4052 0.1184 0.0154 0.0020 0.0003 1.0000 1.0000 0.1982 0.0263 0.0035 0.0005 1.0000 1.0000 0.3588 0.0483 0.0065 0.0009 1.0000 1.0000 0.7619 0.1068 0.0151 0.0021 0.0003 1.0000 1.0000 0.3064 0.0451 0.0067 0.0010 1.0000 1.0000 1.0000 0.1626 0.0245 0.0037 0.0006 1.0000 1.0000 0.6192 0.0933 0.0141 0.0021 0.0003 1.0000 1.0000 0.3554 0.0536 0.0081 0.0012 1.0000
0.0011 0.0093 0.0612 0.4068 1.0000 1.0000 0.0004 0.0024 0.0161 0.1068 0.7088 1.0000 1.0000 0.0006 0.0042 0.0281 0.1862 1.0000 1.0000 1.0000 0.0011 0.0075 0.0502 0.3376 1.0000 1.0000 0.0003 0.0022 0.0155 0.1085 0.7619 1.0000 1.0000 0.0009 0.0062 0.0451 0.3312 1.0000 1.0000 0.0004 0.0031 0.0233 0.1755 1.0000 1.0000 0.0002 0.0018 0.0134 0.1025 0.7854 1.0000 0.7854 0.1025 0.0134 0.0018 0.0002 1.0000 1.0000 0.1755 0.0233 0.0031 0.0004 1.0000 1.0000 0.3312 0.0451 0.0062 0.0009 1.0000 1.0000 0.7619 0.1085 0.0155 0.0022 0.0003 1.0000 1.0000 0.3376 0.0502 0.0075 0.0011 1.0000 1.0000 1.0000 0.1862 0.0281 0.0042 0.0006 1.0000 1.0000 0.7088 0.1068 0.0161 0.0024 0.0004 1.0000 1.0000 0.4068 0.0612 0.0093 0.0011
0.0087 0.0710 0.4647 1.0000 1.0000 0.0004 0.0028 0.0184 0.1223 0.8112 1.0000 1.0000 0.0007 0.0048 0.0321 0.2131 1.0000 1.0000 1.0000 0.0013 0.0085 0.0566 0.3784 1.0000 1.0000 0.0004 0.0024 0.0165 0.1133 0.7854 1.0000 1.0000 0.0008 0.0060 0.0432 0.3129 1.0000 1.0000 0.0004 0.0028 0.0210 0.1569 1.0000 1.0000 0.0002 0.0015 0.0117 0.0888 0.6797 1.0000 1.0000 1.0000 0.6797 0.0888 0.0117 0.0015 0.0002 1.0000 1.0000 0.1569 0.0210 0.0028 0.0004 1.0000 1.0000 0.3129 0.0432 0.0060 0.0008 1.0000 1.0000 0.7854 0.1133 0.0165 0.0024 0.0004 1.0000 1.0000 0.3784 0.0566 0.0085 0.0013 1.0000 1.0000 1.0000 0.2131 0.0321 0.0048 0.0007 1.0000 1.0000 0.8112 0.1223 0.0184 0.0028 0.0004 1.0000 1.0000 0.4647 0.0710 0.0087
0.0662 0.5380 1.0000 1.0000 0.0005 0.0032 0.0211 0.1400 0.9285 1.0000 1.0000 0.0008 0.0055 0.0368 0.2439 1.0000 1.0000 0.0002 0.0015 0.0097 0.0642 0.4274 1.0000 1.0000 0.0004 0.0026 0.0179 0.1218 0.8331 1.0000 1.0000 0.0009 0.0060 0.0426 0.3035 1.0000 1.0000 0.0004 0.0026 0.0192 0.1421 1.0000 1.0000 1.0000 0.0014 0.0103 0.0781 0.5905 1.0000 1.0000 0.0004 1.0000 1.0000 0.5905 0.0781 0.0103 0.0014 1.0000 1.0000 1.0000 0.1421 0.0192 0.0026 0.0004 1.0000 1.0000 0.3035 0.0426 0.0060 0.0009 1.0000 1.0000 0.8331 0.1218 0.0179 0.0026 0.0004 1.0000 1.0000 0.4274 0.0642 0.0097 0.0015 0.0002 1.0000 1.0000 0.2439 0.0368 0.0055 0.0008 1.0000 1.0000 0.9285 0.1400 0.0211 0.0032 0.0005 1.0000 1.0000 0.5380 0.0662
0.5024 1.0000 1.0000 0.0005 0.0036 0.0241 0.1602 1.0000 1.0000 1.0000 0.0010 0.0063 0.0421 0.2791 1.0000 1.0000 0.0003 0.0017 0.0110 0.0733 0.4864 1.0000 1.0000 0.0004 0.0030 0.0198 0.1337 0.9041 1.0000 1.0000 0.0009 0.0062 0.0432 0.3035 1.0000 1.0000 0.0003 0.0025 0.0179 0.1314 0.9682 1.0000 1.0000 0.0012 0.0092 0.0692 0.5218 1.0000 1.0000 0.0007 0.0024 0.0007 1.0000 1.0000 0.5218 0.0692 0.0092 0.0012 1.0000 1.0000 0.9682 0.1314 0.0179 0.0025 0.0003 1.0000 1.0000 0.3035 0.0432 0.0062 0.0009 1.0000 1.0000 0.9041 0.1337 0.0198 0.0030 0.0004 1.0000 1.0000 0.4864 0.0733 0.0110 0.0017 0.0003 1.0000 1.0000 0.2791 0.0421 0.0063 0.0010 1.0000 1.0000 1.0000 0.1602 0.0241 0.0036 0.0005 1.0000 1.0000 0.5024
1.0000 1.0000 0.0006 0.0042 0.0276 0.1833 1.0000 1.0000 1.0000 0.0011 0.0073 0.0482 0.3195 1.0000 1.0000 0.0003 0.0019 0.0126 0.0839 0.5567 1.0000 1.0000 0.0005 0.0033 0.0223 0.1493 1.0000 1.0000 1.0000 0.0010 0.0065 0.0451 0.3129 1.0000 1.0000 0.0003 0.0024 0.0172 0.1244 0.9076 1.0000 1.0000 0.0011 0.0083 0.0619 0.4647 1.0000 1.0000 0.0006 0.0047 0.0161 0.0047 0.0006 1.0000 1.0000 0.4647 0.0619 0.0083 0.0011 1.0000 1.0000 0.9076 0.1244 0.0172 0.0024 0.0003 1.0000 1.0000 0.3129 0.0451 0.0065 0.0010 1.0000 1.0000 1.0000 0.1493 0.0223 0.0033 0.0005 1.0000 1.0000 0.5567 0.0839 0.0126 0.0019 0.0003 1.0000 1.0000 0.3195 0.0482 0.0073 0.0011 1.0000 1.0000 1.0000 0.1833 0.0276 0.0042 0.0006 1.0000 1.0000
1.0000 0.0007 0.0048 0.0316 0.2098 1.0000 1.0000 1.0000 0.0013 0.0083 0.0551 0.3657 1.0000 1.0000 0.0003 0.0022 0.0145 0.0960 0.6372 1.0000 1.0000 0.0006 0.0038 0.0253 0.1683 1.0000 1.0000 1.0000 0.0010 0.0071 0.0483 0.3312 1.0000 1.0000 0.0003 0.0024 0.0170 0.1211 0.8704 1.0000 1.0000 0.0010 0.0076 0.0563 0.4185 1.0000 1.0000 0.0005 0.0041 0.0314 0.1076 0.0314 0.0041 0.0005 1.0000 1.0000 0.4185 0.0563 0.0076 0.0010 1.0000 1.0000 0.8704 0.1211 0.0170 0.0024 0.0003 1.0000 1.0000 0.3312 0.0483 0.0071 0.0010 1.0000 1.0000 1.0000 0.1683 0.0253 0.0038 0.0006 1.0000 1.0000 0.6372 0.0960 0.0145 0.0022 0.0003 1.0000 1.0000 0.3657 0.0551 0.0083 0.0013 1.0000 1.0000 1.0000 0.2098 0.0316 0.0048 0.0007 1.0000
0.0007 0.0055 0.0361 0.2402 1.0000 1.0000 0.0002 0.0014 0.0095 0.0631 0.4185 1.0000 1.0000 0.0004 0.0025 0.0166 0.1099 0.7293 1.0000 1.0000 0.0007 0.0044 0.0289 0.1915 1.0000 1.0000 1.0000 0.0012 0.0079 0.0530 0.3588 1.0000 1.0000 0.0004 0.0025 0.0172 0.1211 0.8572 1.0000 1.0000 0.0010 0.0071 0.0523 0.3842 1.0000 1.0000 0.0005 0.0036 0.0276 0.2102 0.7183 0.2102 0.0276 0.0036 0.0005 1.0000 1.0000 0.3842 0.0523 0.0071 0.0010 1.0000 1.0000 0.8572 0.1211 0.0172 0.0025 0.0004 1.0000 1.0000 0.3588 0.0530 0.0079 0.0012 1.0000 1.0000 1.0000 0.1915 0.0289 0.0044 0.0007 1.0000 1.0000 0.7293 0.1099 0.0166 0.0025 0.0004 1.0000 1.0000 0.4185 0.0631 0.0095 0.0014 0.0002 1.0000 1.0000 0.2402 0.0361 0.0055 0.0007
0.0051 0.0418 0.2744 1.0000 1.0000 0.0002 0.0016 0.0109 0.0722 0.4790 1.0000 1.0000 0.0004 0.0029 0.0190 0.1258 0.8347 1.0000 1.0000 0.0008 0.0050 0.0330 0.2192 1.0000 1.0000 1.0000 0.0013 0.0088 0.0591 0.3968 1.0000 1.0000 0.0004 0.0026 0.0179 0.1244 0.8704 1.0000 1.0000 0.0010 0.0069 0.0495 0.3608 1.0000 1.0000 0.0004 0.0033 0.0246 0.1854 1.0000 1.0000 1.0000 0.1854 0.0246 0.0033 0.0004 1.0000 1.0000 0.3608 0.0495 0.0069 0.0010 1.0000 1.0000 0.8704 0.1244 0.0179 0.0026 0.0004 1.0000 1.0000 0.3968 0.0591 0.0088 0.0013 1.0000 1.0000 1.0000 0.2192 0.0330 0.0050 0.0008 1.0000 1.0000 0.8347 0.1258 0.0190 0.0029 0.0004 1.0000 1.0000 0.4790 0.0722 0.0109 0.0016 0.0002 1.0000 1.0000 0.2744 0.0418 0.0051
0.0391 0.3183 1.0000 1.0000 0.0003 0.0019 0.0125 0.0826 0.5483 1.0000 1.0000 0.0005 0.0033 0.0217 0.1440 0.9554 1.0000 1.0000 0.0009 0.0057 0.0378 0.2509 1.0000 1.0000 0.0002 0.0015 0.0100 0.0667 0.4456 1.0000 1.0000 0.0004 0.0028 0.0192 0.1314 0.9076 1.0000 1.0000 0.0010 0.0068 0.0482 0.3467 1.0000 1.0000 0.0004 0.0030 0.0223 0.1658 1.0000 1.0000 1.0000 1.0000 1.0000 0.1658 0.0223 0.0030 0.0004 1.0000 1.0000 0.3467 0.0482 0.0068 0.0010 1.0000 1.0000 0.9076 0.1314 0.0192 0.0028 0.0004 1.0000 1.0000 0.4456 0.0667 0.0100 0.0015 0.0002 1.0000 1.0000 0.2509 0.0378 0.0057 0.0009 1.0000 1.0000 0.9554 0.1440 0.0217 0.0033 0.0005 1.0000 1.0000 0.5483 0.0826 0.0125 0.0019 0.0003 1.0000 1.0000 0.3183 0.0391
0.2966 1.0000 1.0000 0.0003 0.0021 0.0143 0.0946 0.6275 1.0000 1.0000 0.0006 0.0037 0.0248 0.1648 1.0000 1.0000 1.0000 0.0010 0.0065 0.0433 0.2872 1.0000 1.0000 0.0003 0.0017 0.0114 0.0756 0.5033 1.0000 1.0000 0.0005 0.0031 0.0210 0.1421 0.9682 1.0000 1.0000 0.0010 0.0069 0.0482 0.3415 1.0000 1.0000 0.0004 0.0028 0.0207 0.1522 1.0000 1.0000 1.0000 0.0007 1.0000 1.0000 1.0000 0.1522 0.0207 0.0028 0.0004 1.0000 1.0000 0.3415 0.0482 0.0069 0.0010 1.0000 1.0000 0.9682 0.1421 0.0210 0.0031 0.0005 1.0000 1.0000 0.5033 0.0756 0.0114 0.0017 0.0003 1.0000 1.0000 0.2872 0.0433 0.0065 0.0010 1.0000 1.0000 1.0000 0.1648 0.0248 0.0037 0.0006 1.0000 1.0000 0.6275 0.0946 0.0143 0.0021 0.0003 1.0000 1.0000 0.2966
1.0000 1.0000 0.0004 0.0025 0.0163 0.1083 0.7183 1.0000 1.0000 0.0006 0.0043 0.0284 0.1886 1.0000 1.0000 1.0000 0.0011 0.0075 0.0495 0.3287 1.0000 1.0000 0.0003 0.0020 0.0130 0.0863 0.5728 1.0000 1.0000 0.0005 0.0035 0.0233 0.1569 1.0000 1.0000 1.0000 0.0010 0.0071 0.0495 0.3467 1.0000 1.0000 0.0004 0.0027 0.0197 0.1432 1.0000 1.0000 1.0000 0.0013 0.0045 0.0013 1.0000 1.0000 1.0000 0.1432 0.0197 0.0027 0.0004 1.0000 1.0000 0.3467 0.0495 0.0071 0.0010 1.0000 1.0000 1.0000 0.1569 0.0233 0.0035 0.0005 1.0000 1.0000 0.5728 0.0863 0.0130 0.0020 0.0003 1.0000 1.0000 0.3287 0.0495 0.0075 0.0011 1.0000 1.0000 1.0000 0.1886 0.0284 0.0043 0.0006 1.0000 1.0000 0.7183 0.1083 0.0163 0.0025 0.0004 1.0000 1.0000
1.0000 0.0004 0.0028 0.0187 0.1239 0.8221 1.0000 1.0000 0.0007 0.0049 0.0325 0.2159 1.0000 1.0000 1.0000 0.0013 0.0085 0.0567 0.3762 1.0000 1.0000 0.0003 0.0022 0.0149 0.0988 0.6556 1.0000 1.0000 0.0006 0.0039 0.0263 0.1755 1.0000 1.0000 1.0000 0.0011 0.0076 0.0523 0.3608 1.0000 1.0000 0.0004 0.0027 0.0192 0.1378 0.9962 1.0000 1.0000 0.0012 0.0091 0.0308 0.0091 0.0012 1.0000 1.0000 0.9962 0.1378 0.0192 0.0027 0.0004 1.0000 1.0000 0.3608 0.0523 0.0076 0.0011 1.0000 1.0000 1.0000 0.1755 0.0263 0.0039 0.0006 1.0000 1.0000 0.6556 0.0988 0.0149 0.0022 0.0003 1.0000 1.0000 0.3762 0.0567 0.0085 0.0013 1.0000 1.0000 1.0000 0.2159 0.0325 0.0049 0.0007 1.0000 1.0000 0.8221 0.1239 0.0187 0.0028 0.0004 1.0000
0.0004 0.0033 0.0213 0.1418 0.9410 1.0000 1.0000 0.0008 0.0056 0.0372 0.2471 1.0000 1.0000 0.0002 0.0015 0.0098 0.0649 0.4306 1.0000 1.0000 0.0004 0.0026 0.0170 0.1131 0.7504 1.0000 1.0000 0.0007 0.0045 0.0298 0.1982 1.0000 1.0000 1.0000 0.0012 0.0083 0.0563 0.3842 1.0000 1.0000 0.0004 0.0027 0.0192 0.1360 0.9719 1.0000 1.0000 0.0011 0.0083 0.0620 0.2098 0.0620 0.0083 0.0011 1.0000 1.0000 0.9719 0.1360 0.0192 0.0027 0.0004 1.0000 1.0000 0.3842 0.0563 0.0083 0.0012 1.0000 1.0000 1.0000 0.1982 0.0298 0.0045 0.0007 1.0000 1.0000 0.7504 0.1131 0.0170 0.0026 0.0004 1.0000 1.0000 0.4306 0.0649 0.0098 0.0015 0.0002 1.0000 1.0000 0.2471 0.0372 0.0056 0.0008 1.0000 1.0000 0.9410 0.1418 0.0213 0.0033 0.0004
0.0030 0.0247 0.1620 1.0000 1.0000 1.0000 0.0010 0.0064 0.0426 0.2829 1.0000 1.0000 0.0003 0.0017 0.0112 0.0743 0.4929 1.0000 1.0000 0.0004 0.0029 0.0195 0.1295 0.8589 1.0000 1.0000 0.0008 0.0051 0.0340 0.2256 1.0000 1.0000 0.0002 0.0014 0.0092 0.0619 0.4185 1.0000 1.0000 0.0004 0.0028 0.0197 0.1378 0.9719 1.0000 1.0000 0.0011 0.0079 0.0576 0.4266 1.0000 0.4266 0.0576 0.0079 0.0011 1.0000 1.0000 0.9719 0.1378 0.0197 0.0028 0.0004 1.0000 1.0000 0.4185 0.0619 0.0092 0.0014 0.0002 1.0000 1.0000 0.2256 0.0340 0.0051 0.0008 1.0000 1.0000 0.8589 0.1295 0.0195 0.0029 0.0004 1.0000 1.0000 0.4929 0.0743 0.0112 0.0017 0.0003 1.0000 1.0000 0.2829 0.0426 0.0064 0.0010 1.0000 1.0000 1.0000 0.1620 0.0247 0.0030
0.0231 0.1876 1.0000 1.0000 1.0000 0.0011 0.0074 0.0488 0.3238 1.0000 1.0000 0.0003 0.0019 0.0128 0.0850 0.5641 1.0000 1.0000 0.0005 0.0034 0.0223 0.1482 0.9830 1.0000 1.0000 0.0009 0.0059 0.0389 0.2582 1.0000 1.0000 0.0002 0.0015 0.0103 0.0692 0.4647 1.0000 1.0000 0.0004 0.0030 0.0207 0.1432 0.9962 1.0000 1.0000 0.0011 0.0077 0.0549 0.4006 1.0000 1.0000 1.0000 0.4006 0.0549 0.0077 0.0011 1.0000 1.0000 0.9962 0.1432 0.0207 0.0030 0.0004 1.0000 1.0000 0.4647 0.0692 0.0103 0.0015 0.0002 1.0000 1.0000 0.2582 0.0389 0.0059 0.0009 1.0000 1.0000 0.9830 0.1482 0.0223 0.0034 0.0005 1.0000 1.0000 0.5641 0.0850 0.0128 0.0019 0.0003 1.0000 1.0000 0.3238 0.0488 0.0074 0.0011 1.0000 1.0000 1.0000 0.1876 0.0231
0.1752 1.0000 1.0000 1.0000 0.0013 0.0084 0.0559 0.3706 1.0000 1.0000 0.0003 0.0022 0.0147 0.0973 0.6457 1.0000 1.0000 0.0006 0.0039 0.0256 0.1696 1.0000 1.0000 1.0000 0.0010 0.0067 0.0445 0.2955 1.0000 1.0000 0.0003 0.0018 0.0117 0.0781 0.5218 1.0000 1.0000 0.0005 0.0033 0.0223 0.1522 1.0000 1.0000 1.0000 0.0011 0.0077 0.0542 0.3871 1.0000 1.0000 1.0000 1.0000 1.0000 0.3871 0.0542 0.0077 0.0011 1.0000 1.0000 1.0000 0.1522 0.0223 0.0033 0.0005 1.0000 1.0000 0.5218 0.0781 0.0117 0.0018 0.0003 1.0000 1.0000 0.2955 0.0445 0.0067 0.0010 1.0000 1.0000 1.0000 0.1696 0.0256 0.0039 0.0006 1.0000 1.0000 0.6457 0.0973 0.0147 0.0022 0.0003 1.0000 1.0000 0.3706 0.0559 0.0084 0.0013 1.0000 1.0000 1.0000 0.1752
1.0000 1.0000 0.0002 0.0015 0.0096 0.0639 0.4241 1.0000 1.0000 0.0004 0.0025 0.0168 0.1114 0.7391 1.0000 1.0000 0.0007 0.0044 0.0293 0.1941 1.0000 1.0000 1.0000 0.0012 0.0077 0.0510 0.3382 1.0000 1.0000 0.0003 0.0020 0.0134 0.0888 0.5905 1.0000 1.0000 0.0005 0.0036 0.0246 0.1658 1.0000 1.0000 1.0000 0.0011 0.0079 0.0549 0.3871 1.0000 1.0000 0.0004 0.0015 0.0004 1.0000 1.0000 0.3871 0.0549 0.0079 0.0011 1.0000 1.0000 1.0000 0.1658 0.0246 0.0036 0.0005 1.0000 1.0000 0.5905 0.0888 0.0134 0.0020 0.0003 1.0000 1.0000 0.3382 0.0510 0.0077 0.0012 1.0000 1.0000 1.0000 0.1941 0.0293 0.0044 0.0007 1.0000 1.0000 0.7391 0.1114 0.0168 0.0025 0.0004 1.0000 1.0000 0.4241 0.0639 0.0096 0.0015 0.0002 1.0000 1.0000
1.0000 0.0003 0.0017 0.0111 0.0737 0.4892 1.0000 1.0000 0.0004 0.0029 0.0194 0.1285 0.8524 1.0000 1.0000 0.0008 0.0051 0.0337 0.2239 1.0000 1.0000 0.0002 0.0013 0.0089 0.0588 0.3901 1.0000 1.0000 0.0004 0.0023 0.0154 0.1025 0.6797 1.0000 1.0000 0.0006 0.0041 0.0276 0.1854 1.0000 1.0000 1.0000 0.0012 0.0083 0.0576 0.4006 1.0000 1.0000 0.0004 0.0031 0.0106 0.0031 0.0004 1.0000 1.0000 0.4006 0.0576 0.0083 0.0012 1.0000 1.0000 1.0000 0.1854 0.0276 0.0041 0.0006 1.0000 1.0000 0.6797 0.1025 0.0154 0.0023 0.0004 1.0000 1.0000 0.3901 0.0588 0.0089 0.0013 0.0002 1.0000 1.0000 0.2239 0.0337 0.0051 0.0008 1.0000 1.0000 0.8524 0.1285 0.0194 0.0029 0.0004 1.0000 1.0000 0.4892 0.0737 0.0111 0.0017 0.0003 1.0000
0.0002 0.0020 0.0128 0.0852 0.5652 1.0000 1.0000 0.0005 0.0034 0.0224 0.1484 0.9849 1.0000 1.0000 0.0009 0.0059 0.0390 0.2587 1.0000 1.0000 0.0002 0.0015 0.0102 0.0679 0.4507 1.0000 1.0000 0.0004 0.0027 0.0178 0.1184 0.7854 1.0000 1.0000 0.0007 0.0047 0.0314 0.2102 1.0000 1.0000 1.0000 0.0013 0.0091 0.0620 0.4266 1.0000 1.0000 0.0004 0.0031 0.0228 0.0759 0.0228 0.0031 0.0004 1.0000 1.0000 0.4266 0.0620 0.0091 0.0013 1.0000 1.0000 1.0000 0.2102 0.0314 0.0047 0.0007 1.0000 1.0000 0.7854 0.1184 0.0178 0.0027 0.0004 1.0000 1.0000 0.4507 0.0679 0.0102 0.0015 0.0002 1.0000 1.0000 0.2587 0.0390 0.0059 0.0009 1.0000 1.0000 0.9849 0.1484 0.0224 0.0034 0.0005 1.0000 1.0000 0.5652 0.0852 0.0128 0.0020 0.0002
0.0009 0.0068 0.0440 0.2916 1.0000 1.0000 0.0003 0.0017 0.0115 0.0766 0.5081 1.0000 1.0000 0.0005 0.0030 0.0201 0.1335 0.8854 1.0000 1.0000 0.0008 0.0053 0.0350 0.2325 1.0000 1.0000 1.0000 0.0014 0.0092 0.0611 0.4052 1.0000 1.0000 0.0004 0.0024 0.0161 0.1076 0.7183 1.0000 1.0000 0.0007 0.0045 0.0308 0.2098 1.0000 1.0000 1.0000 0.0015 0.0106 0.0759 0.2357 0.0759 0.0106 0.0015 1.0000 1.0000 1.0000 0.2098 0.0308 0.0045 0.0007 1.0000 1.0000 0.7183 0.1076 0.0161 0.0024 0.0004 1.0000 1.0000 0.4052 0.0611 0.0092 0.0014 1.0000 1.0000 1.0000 0.2325 0.0350 0.0053 0.0008 1.0000 1.0000 0.8854 0.1335 0.0201 0.0030 0.0005 1.0000 1.0000 0.5081 0.0766 0.0115 0.0017 0.0003 1.0000 1.0000 0.2916 0.0440 0.0068 0.0009
0.0002 0.0020 0.0128 0.0852 0.5652 1.0000 1.0000 0.0005 0.0034 0.0224 0.1484 0.9849 1.0000 1.0000 0.0009 0.0059 0.0390 0.2587 1.0000 1.0000 0.0002 0.0015 0.0102 0.0679 0.4507 1.0000 1.0000 0.0004 0.0027 0.0178 0.1184 0.7854 1.0000 1.0000 0.0007 0.0047 0.0314 0.2102 1.0000 1.0000 1.0000 0.0013 0.0091 0.0620 0.4266 1.0000 1.0000 0.0004 0.0031 0.0228 0.0759 0.0228 0.0031 0.0004 1.0000 1.0000 0.4266 0.0620 0.0091 0.0013 1.0000 1.0000 1.0000 0.2102 0.0314 0.0047 0.0007 1.0000 1.0000 0.7854 0.1184 0.0178 0.0027 0.0004 1.0000 1.0000 0.4507 0.0679 0.0102 0.0015 0.0002 1.0000 1.0000 0.2587 0.0390 0.0059 0.0009 1.0000 1.0000 0.9849 0.1484 0.0224 0.0034 0.0005 1.0000 1.0000 0.5652 0.0852 0.0128 0.0020 0.0002
1.0000 0.0003 0.0017 0.0111 0.0737 0.4892 1.0000 1.0000 0.0004 0.0029 0.0194 0.1285 0.8524 1.0000 1.0000 0.0008 0.0051 0.0337 0.2239 1.0000 1.0000 0.0002 0.0013 0.0089 0.0588 0.3901 1.0000 1.0000 0.0004 0.0023 0.0154 0.1025 0.6797 1.0000 1.0000 0.0006 0.0041 0.0276 0.1854 1.0000 1.0000 1.0000 0.0012 0.0083 0.0576 0.4006 1.0000 1.0000 0.0004 0.0031 0.0106 0.0031 0.0004 1.0000 1.0000 0.4006 0.0576 0.0083 0.0012 1.0000 1.0000 1.0000 0.1854 0.0276 0.0041 0.0006 1.0000 1.0000 0.6797 0.1025 0.0154 0.0023 0.0004 1.0000 1.0000 0.3901 0.0588 0.0089 0.0013 0.0002 1.0000 1.0000 0.2239 0.0337 0.0051 0.0008 1.0000 1.0000 0.8524 0.1285 0.0194 0.0029 0.0004 1.0000 1.0000 0.4892 0.0737 0.0111 0.0017 0.0003 1.0000
1.0000 1.0000 0.0002 0.0015 0.0096 0.0639 0.4241 1.0000 1.0000 0.0004 0.0025 0.0168 0.1114 0.7391 1.0000 1.0000 0.0007 0.0044 0.0293 0.1941 1.0000 1.0000 1.0000 0.0012 0.0077 0.0510 0.3382 1.0000 1.0000 0.0003 0.0020 0.0134 0.0888 0.5905 1.0000 1.0000 0.0005 0.0036 0.0246 0.1658 1.0000 1.0000 1.0000 0.0011 0.0079 0.0549 0.3871 1.0000 1.0000 0.0004 0.0015 0.0004 1.0000 1.0000 0.3871 0.0549 0.0079 0.0011 1.0000 1.0000 1.0000 0.1658 0.0246 0.0036 0.0005 1.0000 1.0000 0.5905 0.0888 0.0134 0.0020 0.0003 1.0000 1.0000 0.3382 0.0510 0.0077 0.0012 1.0000 1.0000 1.0000 0.1941 0.0293 0.0044 0.0007 1.0000 1.0000 0.7391 0.1114 0.0168 0.0025 0.0004 1.0000 1.0000 0.4241 0.0639 0.0096 0.0015 0.0002 1.0000 1.0000
0.1752 1.0000 1.0000 1.0000 0.0013 0.0084 0.0559 0.3706 1.0000 1.0000 0.0003 0.0022 0.0147 0.0973 0.6457 1.0000 1.0000 0.0006 0.0039 0.0256 0.1696 1.0000 1.0000 1.0000 0.0010 0.0067 0.0445 0.2955 1.0000 1.0000 0.0003 0.0018 0.0117 0.0781 0.5218 1.0000 1.0000 0.0005 0.0033 0.0223 0.1522 1.0000 1.0000 1.0000 0.0011 0.0077 0.0542 0.3871 1.0000 1.0000 1.0000 1.0000 1.0000 0.3871 0.0542 0.0077 0.0011 1.0000 1.0000 1.0000 0.1522 0.0223 0.0033 0.0005 1.0000 1.0000 0.5218 0.0781 0.0117 0.0018 0.0003 1.0000 1.0000 0.2955 0.0445 0.0067 0.0010 1.0000 1.0000 1.0000 0.1696 0.0256 0.0039 0.0006 1.0000 1.0000 0.6457 0.0973 0.0147 0.0022 0.0003 1.0000 1.0000 0.3706 0.0559 0.0084 0.0013 1.0000 1.0000 1.0000 0.1752
0.0231 0.1876 1.0000 1.0000 1.0000 0.0011 0.0074 0.0488 0.3238 1.0000 1.0000 0.0003 0.0019 0.0128 0.0850 0.5641 1.0000 1.0000 0.0005 0.0034 0.0223 0.1482 0.9830 1.0000 1.0000 0.0009 0.0059 0.0389 0.2582 1.0000 1.0000 0.0002 0.0015 0.0103 0.0692 0.4647 1.0000 1.0000 0.0004 0.0030 0.0207 0.1432 0.9962 1.0000 1.0000 0.0011 0.0077 0.0549 0.4006 1.0000 1.0000 1.0000 0.4006 0.0549 0.0077 0.0011 1.0000 1.0000 0.9962 0.1432 0.0207 0.0030 0.0004 1.0000 1.0000 0.4647 0.0692 0.0103 0.0015 0.0002 1.0000 1.0000 0.2582 0.0389 0.0059 0.0009 1.0000 1.0000 0.9830 0.1482 0.0223 0.0034 0.0005 1.0000 1.0000 0.5641 0.0850 0.0128 0.0019 0.0003 1.0000 1.0000 0.3238 0.0488 0.0074 0.0011 1.0000 1.0000 1.0000 0.1876 0.0231
