0.3384 0.4765 0.4462 0.2416 0.1793 0.2204 0.3110 0.4483 0.4697 0.3055 0.1790 0.2051 0.2825 0.4106 0.4830 0.3664 0.1854 0.1929 0.2575 0.3725 0.4853 0.4156 0.2038 0.1838 0.2359 0.3378 0.4728 0.4502 0.2504 0.1788 0.2179 0.3065 0.4429 0.4724 0.3153 0.1795 0.2030 0.2785 0.4047 0.4842 0.3747 0.1871 0.1914 0.2540 0.3670 0.4845 0.4218 0.2086 0.1827 0.2291 0.2794 0.2291 0.1827 0.2086 0.4218 0.4845 0.3670 0.2540 0.1914 0.1871 0.3747 0.4842 0.4047 0.2785 0.2030 0.1795 0.3153 0.4724 0.4429 0.3065 0.2179 0.1788 0.2504 0.4502 0.4728 0.3378 0.2359 0.1838 0.2038 0.4156 0.4853 0.3725 0.2575 0.1929 0.1854 0.3664 0.4830 0.4106 0.2825 0.2051 0.1790 0.3055 0.4697 0.4483 0.3110 0.2204 0.1793 0.2416 0.4462 0.4765 0.3384
0.4765 0.4430 0.2333 0.1538 0.2028 0.3040 0.4523 0.4695 0.3066 0.1541 0.1849 0.2722 0.4124 0.4835 0.3685 0.1631 0.1703 0.2443 0.3714 0.4872 0.4169 0.1887 0.1589 0.2201 0.3334 0.4764 0.4501 0.2475 0.1532 0.1996 0.2987 0.4466 0.4722 0.3168 0.1549 0.1824 0.2677 0.4061 0.4848 0.3768 0.1655 0.1684 0.2404 0.3654 0.4867 0.4228 0.1955 0.1576 0.2172 0.3266 0.4178 0.3266 0.2172 0.1576 0.1955 0.4228 0.4867 0.3654 0.2404 0.1684 0.1655 0.3768 0.4848 0.4061 0.2677 0.1824 0.1549 0.3168 0.4722 0.4466 0.2987 0.1996 0.1532 0.2475 0.4501 0.4764 0.3334 0.2201 0.1589 0.1887 0.4169 0.4872 0.3714 0.2443 0.1703 0.1631 0.3685 0.4835 0.4124 0.2722 0.1849 0.1541 0.3066 0.4695 0.4523 0.3040 0.2028 0.1538 0.2333 0.4430 0.4765
0.4462 0.2333 0.1534 0.1995 0.2967 0.4427 0.4733 0.3230 0.1554 0.1807 0.2642 0.4006 0.4849 0.3823 0.1673 0.1669 0.2373 0.3604 0.4852 0.4267 0.2007 0.1566 0.2142 0.3234 0.4694 0.4565 0.2656 0.1528 0.1946 0.2898 0.4355 0.4759 0.3334 0.1565 0.1783 0.2598 0.3944 0.4857 0.3901 0.1704 0.1651 0.2335 0.3546 0.4840 0.4320 0.2091 0.1555 0.2111 0.3186 0.4648 0.4788 0.4648 0.3186 0.2111 0.1555 0.2091 0.4320 0.4840 0.3546 0.2335 0.1651 0.1704 0.3901 0.4857 0.3944 0.2598 0.1783 0.1565 0.3334 0.4759 0.4355 0.2898 0.1946 0.1528 0.2656 0.4565 0.4694 0.3234 0.2142 0.1566 0.2007 0.4267 0.4852 0.3604 0.2373 0.1669 0.1673 0.3823 0.4849 0.4006 0.2642 0.1807 0.1554 0.3230 0.4733 0.4427 0.2967 0.1995 0.1534 0.2333 0.4462
0.2416 0.1538 0.1995 0.2941 0.4373 0.4762 0.3365 0.1571 0.1772 0.2572 0.3904 0.4862 0.3952 0.1728 0.1639 0.2311 0.3507 0.4830 0.4354 0.2153 0.1549 0.2089 0.3145 0.4622 0.4624 0.2836 0.1530 0.1901 0.2818 0.4253 0.4794 0.3492 0.1588 0.1747 0.2528 0.3840 0.4866 0.4024 0.1769 0.1622 0.2275 0.3450 0.4812 0.4403 0.2248 0.1542 0.2058 0.3094 0.4577 0.4633 0.3873 0.4633 0.4577 0.3094 0.2058 0.1542 0.2248 0.4403 0.4812 0.3450 0.2275 0.1622 0.1769 0.4024 0.4866 0.3840 0.2528 0.1747 0.1588 0.3492 0.4794 0.4253 0.2818 0.1901 0.1530 0.2836 0.4624 0.4622 0.3145 0.2089 0.1549 0.2153 0.4354 0.4830 0.3507 0.2311 0.1639 0.1728 0.3952 0.4862 0.3904 0.2572 0.1772 0.1571 0.3365 0.4762 0.4373 0.2941 0.1995 0.1538 0.2416
0.1793 0.2028 0.2967 0.4373 0.4773 0.3445 0.1587 0.1743 0.2512 0.3808 0.4867 0.4068 0.1800 0.1611 0.2250 0.3411 0.4796 0.4434 0.2317 0.1537 0.2037 0.3058 0.4538 0.4676 0.3013 0.1537 0.1859 0.2740 0.4147 0.4822 0.3641 0.1619 0.1712 0.2459 0.3737 0.4866 0.4136 0.1855 0.1595 0.2216 0.3355 0.4770 0.4478 0.2420 0.1533 0.2008 0.3008 0.4484 0.4700 0.3171 0.1727 0.3171 0.4700 0.4484 0.3008 0.2008 0.1533 0.2420 0.4478 0.4770 0.3355 0.2216 0.1595 0.1855 0.4136 0.4866 0.3737 0.2459 0.1712 0.1619 0.3641 0.4822 0.4147 0.2740 0.1859 0.1537 0.3013 0.4676 0.4538 0.3058 0.2037 0.1537 0.2317 0.4434 0.4796 0.3411 0.2250 0.1611 0.1800 0.4068 0.4867 0.3808 0.2512 0.1743 0.1587 0.3445 0.4773 0.4373 0.2967 0.2028 0.1793
0.2204 0.3040 0.4427 0.4762 0.3445 0.1594 0.1727 0.2469 0.3731 0.4865 0.4165 0.1888 0.1586 0.2193 0.3318 0.4749 0.4506 0.2493 0.1531 0.1988 0.2973 0.4445 0.4723 0.3185 0.1549 0.1818 0.2665 0.4041 0.4843 0.3781 0.1658 0.1679 0.2393 0.3636 0.4857 0.4237 0.1967 0.1572 0.2159 0.3263 0.4715 0.4545 0.2599 0.1529 0.1961 0.2924 0.4387 0.4747 0.3279 0.1546 0.1536 0.1546 0.3279 0.4747 0.4387 0.2924 0.1961 0.1529 0.2599 0.4545 0.4715 0.3263 0.2159 0.1572 0.1967 0.4237 0.4857 0.3636 0.2393 0.1679 0.1658 0.3781 0.4843 0.4041 0.2665 0.1818 0.1549 0.3185 0.4723 0.4445 0.2973 0.1988 0.1531 0.2493 0.4506 0.4749 0.3318 0.2193 0.1586 0.1888 0.4165 0.4865 0.3731 0.2469 0.1727 0.1594 0.3445 0.4762 0.4427 0.3040 0.2204
0.3110 0.4523 0.4733 0.3365 0.1587 0.1727 0.2454 0.3687 0.4860 0.4236 0.1983 0.1568 0.2143 0.3231 0.4690 0.4570 0.2672 0.1528 0.1942 0.2891 0.4346 0.4763 0.3350 0.1567 0.1780 0.2591 0.3934 0.4858 0.3913 0.1709 0.1649 0.2330 0.3537 0.4838 0.4328 0.2105 0.1554 0.2105 0.3173 0.4646 0.4606 0.2780 0.1529 0.1915 0.2843 0.4285 0.4783 0.3443 0.1580 0.1724 0.2071 0.1724 0.1580 0.3443 0.4783 0.4285 0.2843 0.1915 0.1529 0.2780 0.4606 0.4646 0.3173 0.2105 0.1554 0.2105 0.4328 0.4838 0.3537 0.2330 0.1649 0.1709 0.3913 0.4858 0.3934 0.2591 0.1780 0.1567 0.3350 0.4763 0.4346 0.2891 0.1942 0.1528 0.2672 0.4570 0.4690 0.3231 0.2143 0.1568 0.1983 0.4236 0.4860 0.3687 0.2454 0.1727 0.1587 0.3365 0.4733 0.4523 0.3110
0.4483 0.4695 0.3230 0.1571 0.1743 0.2469 0.3687 0.4858 0.4274 0.2059 0.1556 0.2101 0.3156 0.4625 0.4625 0.2845 0.1531 0.1898 0.2810 0.4242 0.4797 0.3507 0.1591 0.1743 0.2521 0.3829 0.4866 0.4035 0.1776 0.1619 0.2269 0.3440 0.4808 0.4410 0.2264 0.1541 0.2053 0.3085 0.4565 0.4661 0.2959 0.1534 0.1872 0.2764 0.4180 0.4814 0.3595 0.1608 0.1725 0.2444 0.3106 0.2444 0.1725 0.1608 0.3595 0.4814 0.4180 0.2764 0.1872 0.1534 0.2959 0.4661 0.4565 0.3085 0.2053 0.1541 0.2264 0.4410 0.4808 0.3440 0.2269 0.1619 0.1776 0.4035 0.4866 0.3829 0.2521 0.1743 0.1591 0.3507 0.4797 0.4242 0.2810 0.1898 0.1531 0.2845 0.4625 0.4625 0.3156 0.2101 0.1556 0.2059 0.4274 0.4858 0.3687 0.2469 0.1743 0.1571 0.3230 0.4695 0.4483
0.4697 0.3066 0.1554 0.1772 0.2512 0.3731 0.4860 0.4274 0.2088 0.1550 0.2074 0.3098 0.4564 0.4668 0.3000 0.1537 0.1857 0.2735 0.4138 0.4824 0.3655 0.1622 0.1709 0.2453 0.3726 0.4865 0.4147 0.1865 0.1593 0.2210 0.3346 0.4765 0.4485 0.2437 0.1532 0.2003 0.2999 0.4475 0.4709 0.3133 0.1545 0.1831 0.2688 0.4074 0.4837 0.3739 0.1645 0.1690 0.2417 0.3667 0.4566 0.3667 0.2417 0.1690 0.1645 0.3739 0.4837 0.4074 0.2688 0.1831 0.1545 0.3133 0.4709 0.4475 0.2999 0.2003 0.1532 0.2437 0.4485 0.4765 0.3346 0.2210 0.1593 0.1865 0.4147 0.4865 0.3726 0.2453 0.1709 0.1622 0.3655 0.4824 0.4138 0.2735 0.1857 0.1537 0.3000 0.4668 0.4564 0.3098 0.2074 0.1550 0.2088 0.4274 0.4860 0.3731 0.2512 0.1772 0.1554 0.3066 0.4697
0.3055 0.1541 0.1807 0.2572 0.3808 0.4865 0.4236 0.2059 0.1550 0.2064 0.3066 0.4518 0.4699 0.3126 0.1546 0.1822 0.2667 0.4038 0.4845 0.3792 0.1662 0.1676 0.2387 0.3626 0.4856 0.4247 0.1979 0.1570 0.2154 0.3254 0.4708 0.4552 0.2617 0.1528 0.1956 0.2916 0.4377 0.4751 0.3300 0.1561 0.1792 0.2614 0.3967 0.4854 0.3873 0.1692 0.1658 0.2350 0.3572 0.4829 0.4654 0.4829 0.3572 0.2350 0.1658 0.1692 0.3873 0.4854 0.3967 0.2614 0.1792 0.1561 0.3300 0.4751 0.4377 0.2916 0.1956 0.1528 0.2617 0.4552 0.4708 0.3254 0.2154 0.1570 0.1979 0.4247 0.4856 0.3626 0.2387 0.1676 0.1662 0.3792 0.4845 0.4038 0.2667 0.1822 0.1546 0.3126 0.4699 0.4518 0.3066 0.2064 0.1550 0.2059 0.4236 0.4865 0.3808 0.2572 0.1807 0.1541 0.3055
0.1790 0.1849 0.2642 0.3904 0.4867 0.4165 0.1983 0.1556 0.2074 0.3066 0.4501 0.4716 0.3211 0.1556 0.1795 0.2609 0.3948 0.4858 0.3914 0.1712 0.1646 0.2324 0.3527 0.4836 0.4337 0.2120 0.1552 0.2100 0.3164 0.4638 0.4612 0.2798 0.1529 0.1911 0.2835 0.4275 0.4787 0.3459 0.1583 0.1754 0.2542 0.3862 0.4864 0.3998 0.1754 0.1628 0.2287 0.3470 0.4819 0.4371 0.3304 0.4371 0.4819 0.3470 0.2287 0.1628 0.1754 0.3998 0.4864 0.3862 0.2542 0.1754 0.1583 0.3459 0.4787 0.4275 0.2835 0.1911 0.1529 0.2798 0.4612 0.4638 0.3164 0.2100 0.1552 0.2120 0.4337 0.4836 0.3527 0.2324 0.1646 0.1712 0.3914 0.4858 0.3948 0.2609 0.1795 0.1556 0.3211 0.4716 0.4501 0.3066 0.2074 0.1556 0.1983 0.4165 0.4867 0.3904 0.2642 0.1849 0.1790
0.2051 0.2722 0.4006 0.4862 0.4068 0.1888 0.1568 0.2101 0.3098 0.4518 0.4716 0.3241 0.1562 0.1777 0.2566 0.3874 0.4865 0.4017 0.1771 0.1620 0.2266 0.3434 0.4805 0.4417 0.2281 0.1540 0.2048 0.3076 0.4557 0.4666 0.2976 0.1535 0.1868 0.2756 0.4170 0.4816 0.3610 0.1611 0.1719 0.2473 0.3758 0.4866 0.4113 0.1835 0.1601 0.2228 0.3375 0.4780 0.4458 0.2437 0.1506 0.2437 0.4458 0.4780 0.3375 0.2228 0.1601 0.1835 0.4113 0.4866 0.3758 0.2473 0.1719 0.1611 0.3610 0.4816 0.4170 0.2756 0.1868 0.1535 0.2976 0.4666 0.4557 0.3076 0.2048 0.1540 0.2281 0.4417 0.4805 0.3434 0.2266 0.1620 0.1771 0.4017 0.4865 0.3874 0.2566 0.1777 0.1562 0.3241 0.4716 0.4518 0.3098 0.2101 0.1568 0.1888 0.4068 0.4862 0.4006 0.2722 0.2051
0.2825 0.4124 0.4849 0.3952 0.1800 0.1586 0.2143 0.3156 0.4564 0.4699 0.3211 0.1562 0.1771 0.2543 0.3825 0.4867 0.4096 0.1835 0.1598 0.2215 0.3348 0.4764 0.4489 0.2451 0.1532 0.1999 0.2991 0.4466 0.4713 0.3149 0.1546 0.1827 0.2680 0.4063 0.4839 0.3752 0.1649 0.1686 0.2407 0.3657 0.4860 0.4217 0.1941 0.1576 0.2171 0.3282 0.4727 0.4532 0.2556 0.1508 0.1650 0.1508 0.2556 0.4532 0.4727 0.3282 0.2171 0.1576 0.1941 0.4217 0.4860 0.3657 0.2407 0.1686 0.1649 0.3752 0.4839 0.4063 0.2680 0.1827 0.1546 0.3149 0.4713 0.4466 0.2991 0.1999 0.1532 0.2451 0.4489 0.4764 0.3348 0.2215 0.1598 0.1835 0.4096 0.4867 0.3825 0.2543 0.1771 0.1562 0.3211 0.4699 0.4564 0.3156 0.2143 0.1586 0.1800 0.3952 0.4849 0.4124 0.2825
0.4106 0.4835 0.3823 0.1728 0.1611 0.2193 0.3231 0.4625 0.4668 0.3126 0.1556 0.1777 0.2543 0.3808 0.4867 0.4145 0.1893 0.1581 0.2173 0.3273 0.4715 0.4549 0.2618 0.1528 0.1952 0.2908 0.4367 0.4755 0.3316 0.1563 0.1788 0.2607 0.3957 0.4856 0.3886 0.1697 0.1655 0.2343 0.3558 0.4843 0.4310 0.2074 0.1557 0.2116 0.3192 0.4661 0.4594 0.2741 0.1530 0.1888 0.2316 0.1888 0.1530 0.2741 0.4594 0.4661 0.3192 0.2116 0.1557 0.2074 0.4310 0.4843 0.3558 0.2343 0.1655 0.1697 0.3886 0.4856 0.3957 0.2607 0.1788 0.1563 0.3316 0.4755 0.4367 0.2908 0.1952 0.1528 0.2618 0.4549 0.4715 0.3273 0.2173 0.1581 0.1893 0.4145 0.4867 0.3808 0.2543 0.1777 0.1556 0.3126 0.4668 0.4625 0.3231 0.2193 0.1611 0.1728 0.3823 0.4835 0.4106
0.4830 0.3685 0.1673 0.1639 0.2250 0.3318 0.4690 0.4625 0.3000 0.1546 0.1795 0.2566 0.3825 0.4867 0.4162 0.1927 0.1572 0.2142 0.3213 0.4666 0.4599 0.2773 0.1529 0.1911 0.2832 0.4267 0.4790 0.3473 0.1585 0.1751 0.2536 0.3851 0.4865 0.4010 0.1761 0.1625 0.2281 0.3461 0.4815 0.4394 0.2229 0.1543 0.2064 0.3103 0.4583 0.4650 0.2921 0.1533 0.1884 0.2750 0.3519 0.2750 0.1884 0.1533 0.2921 0.4650 0.4583 0.3103 0.2064 0.1543 0.2229 0.4394 0.4815 0.3461 0.2281 0.1625 0.1761 0.4010 0.4865 0.3851 0.2536 0.1751 0.1585 0.3473 0.4790 0.4267 0.2832 0.1911 0.1529 0.2773 0.4599 0.4666 0.3213 0.2142 0.1572 0.1927 0.4162 0.4867 0.3825 0.2566 0.1795 0.1546 0.3000 0.4625 0.4690 0.3318 0.2250 0.1639 0.1673 0.3685 0.4830
0.3664 0.1631 0.1669 0.2311 0.3411 0.4749 0.4570 0.2845 0.1537 0.1822 0.2609 0.3874 0.4867 0.4145 0.1927 0.1568 0.2126 0.3175 0.4624 0.4635 0.2904 0.1533 0.1875 0.2762 0.4171 0.4817 0.3618 0.1614 0.1716 0.2467 0.3748 0.4866 0.4124 0.1844 0.1598 0.2222 0.3366 0.4775 0.4469 0.2400 0.1534 0.2014 0.3017 0.4495 0.4699 0.3096 0.1542 0.1840 0.2708 0.4103 0.4790 0.4103 0.2708 0.1840 0.1542 0.3096 0.4699 0.4495 0.3017 0.2014 0.1534 0.2400 0.4469 0.4775 0.3366 0.2222 0.1598 0.1844 0.4124 0.4866 0.3748 0.2467 0.1716 0.1614 0.3618 0.4817 0.4171 0.2762 0.1875 0.1533 0.2904 0.4635 0.4624 0.3175 0.2126 0.1568 0.1927 0.4145 0.4867 0.3874 0.2609 0.1822 0.1537 0.2845 0.4570 0.4749 0.3411 0.2311 0.1669 0.1631 0.3664
0.1854 0.1703 0.2373 0.3507 0.4796 0.4506 0.2672 0.1531 0.1857 0.2667 0.3948 0.4865 0.4096 0.1893 0.1572 0.2126 0.3161 0.4601 0.4658 0.2999 0.1539 0.1845 0.2702 0.4081 0.4838 0.3748 0.1650 0.1685 0.2402 0.3648 0.4859 0.4226 0.1953 0.1574 0.2165 0.3273 0.4721 0.4538 0.2579 0.1529 0.1966 0.2933 0.4398 0.4743 0.3265 0.1557 0.1800 0.2630 0.3995 0.4829 0.4417 0.4829 0.3995 0.2630 0.1800 0.1557 0.3265 0.4743 0.4398 0.2933 0.1966 0.1529 0.2579 0.4538 0.4721 0.3273 0.2165 0.1574 0.1953 0.4226 0.4859 0.3648 0.2402 0.1685 0.1650 0.3748 0.4838 0.4081 0.2702 0.1845 0.1539 0.2999 0.4658 0.4601 0.3161 0.2126 0.1572 0.1893 0.4096 0.4865 0.3948 0.2667 0.1857 0.1531 0.2672 0.4506 0.4796 0.3507 0.2373 0.1703 0.1854
0.1929 0.2443 0.3604 0.4830 0.4434 0.2493 0.1528 0.1898 0.2735 0.4038 0.4858 0.4017 0.1835 0.1581 0.2142 0.3175 0.4601 0.4665 0.3047 0.1543 0.1824 0.2656 0.4006 0.4852 0.3860 0.1691 0.1656 0.2342 0.3553 0.4841 0.4318 0.2088 0.1556 0.2111 0.3183 0.4654 0.4600 0.2760 0.1529 0.1920 0.2852 0.4297 0.4780 0.3426 0.1577 0.1762 0.2557 0.3884 0.4861 0.3985 0.2604 0.3985 0.4861 0.3884 0.2557 0.1762 0.1577 0.3426 0.4780 0.4297 0.2852 0.1920 0.1529 0.2760 0.4600 0.4654 0.3183 0.2111 0.1556 0.2088 0.4318 0.4841 0.3553 0.2342 0.1656 0.1691 0.3860 0.4852 0.4006 0.2656 0.1824 0.1543 0.3047 0.4665 0.4601 0.3175 0.2142 0.1581 0.1835 0.4017 0.4858 0.4038 0.2735 0.1898 0.1528 0.2493 0.4434 0.4830 0.3604 0.2443 0.1929
0.2575 0.3714 0.4852 0.4354 0.2317 0.1531 0.1942 0.2810 0.4138 0.4845 0.3914 0.1771 0.1598 0.2173 0.3213 0.4624 0.4658 0.3047 0.1545 0.1813 0.2626 0.3951 0.4860 0.3950 0.1737 0.1632 0.2289 0.3466 0.4815 0.4397 0.2241 0.1542 0.2059 0.3095 0.4575 0.4655 0.2939 0.1534 0.1877 0.2773 0.4192 0.4811 0.3579 0.1605 0.1727 0.2488 0.3780 0.4867 0.4086 0.1833 0.1457 0.1833 0.4086 0.4867 0.3780 0.2488 0.1727 0.1605 0.3579 0.4811 0.4192 0.2773 0.1877 0.1534 0.2939 0.4655 0.4575 0.3095 0.2059 0.1542 0.2241 0.4397 0.4815 0.3466 0.2289 0.1632 0.1737 0.3950 0.4860 0.3951 0.2626 0.1813 0.1545 0.3047 0.4658 0.4624 0.3213 0.2173 0.1598 0.1771 0.3914 0.4845 0.4138 0.2810 0.1942 0.1531 0.2317 0.4354 0.4852 0.3714 0.2575
0.3725 0.4872 0.4267 0.2153 0.1537 0.1988 0.2891 0.4242 0.4824 0.3792 0.1712 0.1620 0.2215 0.3273 0.4666 0.4635 0.2999 0.1543 0.1813 0.2616 0.3922 0.4863 0.4012 0.1781 0.1613 0.2244 0.3389 0.4782 0.4465 0.2399 0.1533 0.2011 0.3010 0.4486 0.4704 0.3113 0.1543 0.1835 0.2696 0.4086 0.4835 0.3723 0.1640 0.1693 0.2421 0.3678 0.4862 0.4196 0.1913 0.1553 0.1798 0.1553 0.1913 0.4196 0.4862 0.3678 0.2421 0.1693 0.1640 0.3723 0.4835 0.4086 0.2696 0.1835 0.1543 0.3113 0.4704 0.4486 0.3010 0.2011 0.1533 0.2399 0.4465 0.4782 0.3389 0.2244 0.1613 0.1781 0.4012 0.4863 0.3922 0.2616 0.1813 0.1543 0.2999 0.4635 0.4666 0.3273 0.2215 0.1620 0.1712 0.3792 0.4824 0.4242 0.2891 0.1988 0.1537 0.2153 0.4267 0.4872 0.3725
0.4853 0.4169 0.2007 0.1549 0.2037 0.2973 0.4346 0.4797 0.3655 0.1662 0.1646 0.2266 0.3348 0.4715 0.4599 0.2904 0.1539 0.1824 0.2626 0.3922 0.4864 0.4043 0.1813 0.1599 0.2209 0.3325 0.4744 0.4521 0.2551 0.1529 0.1967 0.2931 0.4393 0.4746 0.3280 0.1559 0.1796 0.2622 0.3979 0.4853 0.3858 0.1686 0.1661 0.2356 0.3578 0.4848 0.4291 0.2043 0.1563 0.2089 0.2609 0.2089 0.1563 0.2043 0.4291 0.4848 0.3578 0.2356 0.1661 0.1686 0.3858 0.4853 0.3979 0.2622 0.1796 0.1559 0.3280 0.4746 0.4393 0.2931 0.1967 0.1529 0.2551 0.4521 0.4744 0.3325 0.2209 0.1599 0.1813 0.4043 0.4864 0.3922 0.2626 0.1824 0.1539 0.2904 0.4599 0.4715 0.3348 0.2266 0.1646 0.1662 0.3655 0.4797 0.4346 0.2973 0.2037 0.1549 0.2007 0.4169 0.4853
0.4156 0.1887 0.1566 0.2089 0.3058 0.4445 0.4763 0.3507 0.1622 0.1676 0.2324 0.3434 0.4764 0.4549 0.2773 0.1533 0.1845 0.2656 0.3951 0.4863 0.4043 0.1825 0.1592 0.2187 0.3279 0.4709 0.4565 0.2685 0.1528 0.1928 0.2859 0.4299 0.4780 0.3434 0.1579 0.1759 0.2550 0.3874 0.4864 0.3985 0.1746 0.1632 0.2294 0.3481 0.4822 0.4377 0.2195 0.1546 0.2078 0.3102 0.3969 0.3102 0.2078 0.1546 0.2195 0.4377 0.4822 0.3481 0.2294 0.1632 0.1746 0.3985 0.4864 0.3874 0.2550 0.1759 0.1579 0.3434 0.4780 0.4299 0.2859 0.1928 0.1528 0.2685 0.4565 0.4709 0.3279 0.2187 0.1592 0.1825 0.4043 0.4863 0.3951 0.2656 0.1845 0.1533 0.2773 0.4549 0.4764 0.3434 0.2324 0.1676 0.1622 0.3507 0.4763 0.4445 0.3058 0.2089 0.1566 0.1887 0.4156
0.2038 0.1589 0.2142 0.3145 0.4538 0.4723 0.3350 0.1591 0.1709 0.2387 0.3527 0.4805 0.4489 0.2618 0.1529 0.1875 0.2702 0.4006 0.4860 0.4012 0.1813 0.1592 0.2180 0.3256 0.4684 0.4594 0.2790 0.1530 0.1895 0.2796 0.4211 0.4808 0.3573 0.1605 0.1725 0.2483 0.3770 0.4867 0.4101 0.1825 0.1604 0.2234 0.3386 0.4785 0.4454 0.2363 0.1535 0.2025 0.3040 0.4515 0.4816 0.4515 0.3040 0.2025 0.1535 0.2363 0.4454 0.4785 0.3386 0.2234 0.1604 0.1825 0.4101 0.4867 0.3770 0.2483 0.1725 0.1605 0.3573 0.4808 0.4211 0.2796 0.1895 0.1530 0.2790 0.4594 0.4684 0.3256 0.2180 0.1592 0.1813 0.4012 0.4860 0.4006 0.2702 0.1875 0.1529 0.2618 0.4489 0.4805 0.3527 0.2387 0.1709 0.1591 0.3350 0.4723 0.4538 0.3145 0.2142 0.1589 0.2038
0.1838 0.2201 0.3234 0.4622 0.4676 0.3185 0.1567 0.1743 0.2453 0.3626 0.4836 0.4417 0.2451 0.1528 0.1911 0.2762 0.4081 0.4852 0.3950 0.1781 0.1599 0.2187 0.3256 0.4675 0.4609 0.2856 0.1533 0.1871 0.2745 0.4133 0.4828 0.3695 0.1635 0.1695 0.2420 0.3673 0.4861 0.4205 0.1928 0.1579 0.2177 0.3293 0.4734 0.4524 0.2541 0.1529 0.1976 0.2951 0.4424 0.4710 0.4061 0.4710 0.4424 0.2951 0.1976 0.1529 0.2541 0.4524 0.4734 0.3293 0.2177 0.1579 0.1928 0.4205 0.4861 0.3673 0.2420 0.1695 0.1635 0.3695 0.4828 0.4133 0.2745 0.1871 0.1533 0.2856 0.4609 0.4675 0.3256 0.2187 0.1599 0.1781 0.3950 0.4852 0.4081 0.2762 0.1911 0.1528 0.2451 0.4417 0.4836 0.3626 0.2453 0.1743 0.1567 0.3185 0.4676 0.4622 0.3234 0.2201 0.1838
0.2359 0.3334 0.4694 0.4624 0.3013 0.1549 0.1780 0.2521 0.3726 0.4856 0.4337 0.2281 0.1532 0.1952 0.2832 0.4171 0.4838 0.3860 0.1737 0.1613 0.2209 0.3279 0.4684 0.4609 0.2879 0.1534 0.1856 0.2710 0.4074 0.4842 0.3794 0.1669 0.1668 0.2364 0.3583 0.4847 0.4295 0.2055 0.1559 0.2122 0.3202 0.4670 0.4587 0.2721 0.1528 0.1930 0.2869 0.4319 0.4769 0.3440 0.1916 0.3440 0.4769 0.4319 0.2869 0.1930 0.1528 0.2721 0.4587 0.4670 0.3202 0.2122 0.1559 0.2055 0.4295 0.4847 0.3583 0.2364 0.1668 0.1669 0.3794 0.4842 0.4074 0.2710 0.1856 0.1534 0.2879 0.4609 0.4684 0.3279 0.2209 0.1613 0.1737 0.3860 0.4838 0.4171 0.2832 0.1952 0.1532 0.2281 0.4337 0.4856 0.3726 0.2521 0.1780 0.1549 0.3013 0.4624 0.4694 0.3334 0.2359
0.3378 0.4764 0.4565 0.2836 0.1537 0.1818 0.2591 0.3829 0.4865 0.4247 0.2120 0.1540 0.1999 0.2908 0.4267 0.4817 0.3748 0.1691 0.1632 0.2244 0.3325 0.4709 0.4594 0.2856 0.1534 0.1851 0.2692 0.4036 0.4850 0.3868 0.1703 0.1647 0.2316 0.3502 0.4826 0.4372 0.2195 0.1545 0.2071 0.3114 0.4593 0.4644 0.2901 0.1532 0.1886 0.2789 0.4214 0.4805 0.3543 0.1591 0.1502 0.1591 0.3543 0.4805 0.4214 0.2789 0.1886 0.1532 0.2901 0.4644 0.4593 0.3114 0.2071 0.1545 0.2195 0.4372 0.4826 0.3502 0.2316 0.1647 0.1703 0.3868 0.4850 0.4036 0.2692 0.1851 0.1534 0.2856 0.4594 0.4709 0.3325 0.2244 0.1632 0.1691 0.3748 0.4817 0.4267 0.2908 0.1999 0.1540 0.2120 0.4247 0.4865 0.3829 0.2591 0.1818 0.1537 0.2836 0.4565 0.4764 0.3378
0.4728 0.4501 0.2656 0.1530 0.1859 0.2665 0.3934 0.4866 0.4147 0.1979 0.1552 0.2048 0.2991 0.4367 0.4790 0.3618 0.1650 0.1656 0.2289 0.3389 0.4744 0.4565 0.2790 0.1533 0.1856 0.2692 0.4023 0.4854 0.3913 0.1730 0.1631 0.2278 0.3435 0.4800 0.4436 0.2338 0.1536 0.2025 0.3033 0.4509 0.4693 0.3076 0.1541 0.1844 0.2712 0.4108 0.4830 0.3693 0.1632 0.1668 0.1984 0.1668 0.1632 0.3693 0.4830 0.4108 0.2712 0.1844 0.1541 0.3076 0.4693 0.4509 0.3033 0.2025 0.1536 0.2338 0.4436 0.4800 0.3435 0.2278 0.1631 0.1730 0.3913 0.4854 0.4023 0.2692 0.1856 0.1533 0.2790 0.4565 0.4744 0.3389 0.2289 0.1656 0.1650 0.3618 0.4790 0.4367 0.2991 0.2048 0.1552 0.1979 0.4147 0.4866 0.3934 0.2665 0.1859 0.1530 0.2656 0.4501 0.4728
0.4502 0.2475 0.1528 0.1901 0.2740 0.4041 0.4858 0.4035 0.1865 0.1570 0.2100 0.3076 0.4466 0.4755 0.3473 0.1614 0.1685 0.2342 0.3466 0.4782 0.4521 0.2685 0.1530 0.1871 0.2710 0.4036 0.4854 0.3927 0.1745 0.1621 0.2251 0.3385 0.4773 0.4487 0.2471 0.1530 0.1983 0.2958 0.4422 0.4735 0.3238 0.1555 0.1804 0.2638 0.4002 0.4850 0.3830 0.1675 0.1670 0.2332 0.2952 0.2332 0.1670 0.1675 0.3830 0.4850 0.4002 0.2638 0.1804 0.1555 0.3238 0.4735 0.4422 0.2958 0.1983 0.1530 0.2471 0.4487 0.4773 0.3385 0.2251 0.1621 0.1745 0.3927 0.4854 0.4036 0.2710 0.1871 0.1530 0.2685 0.4521 0.4782 0.3466 0.2342 0.1685 0.1614 0.3473 0.4755 0.4466 0.3076 0.2100 0.1570 0.1865 0.4035 0.4858 0.4041 0.2740 0.1901 0.1528 0.2475 0.4502
0.2504 0.1532 0.1946 0.2818 0.4147 0.4843 0.3913 0.1776 0.1593 0.2154 0.3164 0.4557 0.4713 0.3316 0.1585 0.1716 0.2402 0.3553 0.4815 0.4465 0.2551 0.1528 0.1895 0.2745 0.4074 0.4850 0.3913 0.1745 0.1618 0.2238 0.3354 0.4751 0.4523 0.2581 0.1528 0.1948 0.2891 0.4336 0.4769 0.3386 0.1573 0.1768 0.2567 0.3896 0.4862 0.3959 0.1732 0.1638 0.2311 0.3496 0.4414 0.3496 0.2311 0.1638 0.1732 0.3959 0.4862 0.3896 0.2567 0.1768 0.1573 0.3386 0.4769 0.4336 0.2891 0.1948 0.1528 0.2581 0.4523 0.4751 0.3354 0.2238 0.1618 0.1745 0.3913 0.4850 0.4074 0.2745 0.1895 0.1528 0.2551 0.4465 0.4815 0.3553 0.2402 0.1716 0.1585 0.3316 0.4713 0.4557 0.3164 0.2154 0.1593 0.1776 0.3913 0.4843 0.4147 0.2818 0.1946 0.1532 0.2504
0.1788 0.1996 0.2898 0.4253 0.4822 0.3781 0.1709 0.1619 0.2210 0.3254 0.4638 0.4666 0.3149 0.1563 0.1751 0.2467 0.3648 0.4841 0.4397 0.2399 0.1529 0.1928 0.2796 0.4133 0.4842 0.3868 0.1730 0.1621 0.2238 0.3343 0.4739 0.4544 0.2659 0.1528 0.1921 0.2836 0.4258 0.4796 0.3519 0.1595 0.1736 0.2502 0.3796 0.4867 0.4077 0.1806 0.1609 0.2247 0.3411 0.4782 0.4720 0.4782 0.3411 0.2247 0.1609 0.1806 0.4077 0.4867 0.3796 0.2502 0.1736 0.1595 0.3519 0.4796 0.4258 0.2836 0.1921 0.1528 0.2659 0.4544 0.4739 0.3343 0.2238 0.1621 0.1730 0.3868 0.4842 0.4133 0.2796 0.1928 0.1529 0.2399 0.4397 0.4841 0.3648 0.2467 0.1751 0.1563 0.3149 0.4666 0.4638 0.3254 0.2210 0.1619 0.1709 0.3781 0.4822 0.4253 0.2898 0.1996 0.1788
0.2179 0.2987 0.4355 0.4794 0.3641 0.1658 0.1649 0.2269 0.3346 0.4708 0.4612 0.2976 0.1546 0.1788 0.2536 0.3748 0.4859 0.4318 0.2241 0.1533 0.1967 0.2859 0.4211 0.4828 0.3794 0.1703 0.1631 0.2251 0.3354 0.4739 0.4551 0.2699 0.1529 0.1902 0.2795 0.4195 0.4816 0.3630 0.1621 0.1707 0.2443 0.3704 0.4864 0.4180 0.1901 0.1584 0.2189 0.3312 0.4747 0.4491 0.3554 0.4491 0.4747 0.3312 0.2189 0.1584 0.1901 0.4180 0.4864 0.3704 0.2443 0.1707 0.1621 0.3630 0.4816 0.4195 0.2795 0.1902 0.1529 0.2699 0.4551 0.4739 0.3354 0.2251 0.1631 0.1703 0.3794 0.4828 0.4211 0.2859 0.1967 0.1533 0.2241 0.4318 0.4859 0.3748 0.2536 0.1788 0.1546 0.2976 0.4612 0.4708 0.3346 0.2269 0.1649 0.1658 0.3641 0.4794 0.4355 0.2987 0.2179
0.3065 0.4466 0.4759 0.3492 0.1619 0.1679 0.2330 0.3440 0.4765 0.4552 0.2798 0.1535 0.1827 0.2607 0.3851 0.4866 0.4226 0.2088 0.1542 0.2011 0.2931 0.4299 0.4808 0.3695 0.1669 0.1647 0.2278 0.3385 0.4751 0.4544 0.2699 0.1529 0.1893 0.2770 0.4150 0.4828 0.3715 0.1646 0.1683 0.2390 0.3620 0.4853 0.4267 0.2016 0.1564 0.2135 0.3221 0.4684 0.4570 0.2741 0.1567 0.2741 0.4570 0.4684 0.3221 0.2135 0.1564 0.2016 0.4267 0.4853 0.3620 0.2390 0.1683 0.1646 0.3715 0.4828 0.4150 0.2770 0.1893 0.1529 0.2699 0.4544 0.4751 0.3385 0.2278 0.1647 0.1669 0.3695 0.4808 0.4299 0.2931 0.2011 0.1542 0.2088 0.4226 0.4866 0.3851 0.2607 0.1827 0.1535 0.2798 0.4552 0.4765 0.3440 0.2330 0.1679 0.1619 0.3492 0.4759 0.4466 0.3065
0.4429 0.4722 0.3334 0.1588 0.1712 0.2393 0.3537 0.4808 0.4485 0.2617 0.1529 0.1868 0.2680 0.3957 0.4865 0.4124 0.1953 0.1556 0.2059 0.3010 0.4393 0.4780 0.3573 0.1635 0.1668 0.2316 0.3435 0.4773 0.4523 0.2659 0.1529 0.1893 0.2762 0.4128 0.4835 0.3773 0.1669 0.1664 0.2348 0.3547 0.4837 0.4341 0.2142 0.1549 0.2085 0.3136 0.4611 0.4632 0.2858 0.1513 0.1600 0.1513 0.2858 0.4632 0.4611 0.3136 0.2085 0.1549 0.2142 0.4341 0.4837 0.3547 0.2348 0.1664 0.1669 0.3773 0.4835 0.4128 0.2762 0.1893 0.1529 0.2659 0.4523 0.4773 0.3435 0.2316 0.1668 0.1635 0.3573 0.4780 0.4393 0.3010 0.2059 0.1556 0.1953 0.4124 0.4865 0.3957 0.2680 0.1868 0.1529 0.2617 0.4485 0.4808 0.3537 0.2393 0.1712 0.1588 0.3334 0.4722 0.4429
0.4724 0.3168 0.1565 0.1747 0.2459 0.3636 0.4838 0.4410 0.2437 0.1528 0.1911 0.2756 0.4063 0.4856 0.4010 0.1844 0.1574 0.2111 0.3095 0.4486 0.4746 0.3434 0.1605 0.1695 0.2364 0.3502 0.4800 0.4487 0.2581 0.1528 0.1902 0.2770 0.4128 0.4838 0.3802 0.1685 0.1652 0.2317 0.3491 0.4818 0.4401 0.2269 0.1539 0.2041 0.3057 0.4532 0.4682 0.3036 0.1539 0.1817 0.2211 0.1817 0.1539 0.3036 0.4682 0.4532 0.3057 0.2041 0.1539 0.2269 0.4401 0.4818 0.3491 0.2317 0.1652 0.1685 0.3802 0.4838 0.4128 0.2770 0.1902 0.1528 0.2581 0.4487 0.4800 0.3502 0.2364 0.1695 0.1605 0.3434 0.4746 0.4486 0.3095 0.2111 0.1574 0.1844 0.4010 0.4856 0.4063 0.2756 0.1911 0.1528 0.2437 0.4410 0.4838 0.3636 0.2459 0.1747 0.1565 0.3168 0.4724
0.3153 0.1549 0.1783 0.2528 0.3737 0.4857 0.4328 0.2264 0.1532 0.1956 0.2835 0.4170 0.4839 0.3886 0.1761 0.1598 0.2165 0.3183 0.4575 0.4704 0.3280 0.1579 0.1725 0.2420 0.3583 0.4826 0.4436 0.2471 0.1528 0.1921 0.2795 0.4150 0.4835 0.3802 0.1690 0.1645 0.2297 0.3452 0.4801 0.4445 0.2381 0.1533 0.2002 0.2987 0.4452 0.4723 0.3195 0.1551 0.1816 0.2622 0.3347 0.2622 0.1816 0.1551 0.3195 0.4723 0.4452 0.2987 0.2002 0.1533 0.2381 0.4445 0.4801 0.3452 0.2297 0.1645 0.1690 0.3802 0.4835 0.4150 0.2795 0.1921 0.1528 0.2471 0.4436 0.4826 0.3583 0.2420 0.1725 0.1579 0.3280 0.4704 0.4575 0.3183 0.2165 0.1598 0.1761 0.3886 0.4839 0.4170 0.2835 0.1956 0.1532 0.2264 0.4328 0.4857 0.3737 0.2528 0.1783 0.1549 0.3153
0.1795 0.1824 0.2598 0.3840 0.4866 0.4237 0.2105 0.1541 0.2003 0.2916 0.4275 0.4816 0.3752 0.1697 0.1625 0.2222 0.3273 0.4654 0.4655 0.3113 0.1559 0.1759 0.2483 0.3673 0.4847 0.4372 0.2338 0.1530 0.1948 0.2836 0.4195 0.4828 0.3773 0.1685 0.1645 0.2291 0.3431 0.4788 0.4475 0.2467 0.1530 0.1972 0.2928 0.4377 0.4756 0.3336 0.1566 0.1779 0.2590 0.3929 0.4730 0.3929 0.2590 0.1779 0.1566 0.3336 0.4756 0.4377 0.2928 0.1972 0.1530 0.2467 0.4475 0.4788 0.3431 0.2291 0.1645 0.1685 0.3773 0.4828 0.4195 0.2836 0.1948 0.1530 0.2338 0.4372 0.4847 0.3673 0.2483 0.1759 0.1559 0.3113 0.4655 0.4654 0.3273 0.2222 0.1625 0.1697 0.3752 0.4816 0.4275 0.2916 0.2003 0.1541 0.2105 0.4237 0.4866 0.3840 0.2598 0.1824 0.1795
0.2030 0.2677 0.3944 0.4866 0.4136 0.1967 0.1554 0.2053 0.2999 0.4377 0.4787 0.3610 0.1649 0.1655 0.2281 0.3366 0.4721 0.4600 0.2939 0.1543 0.1796 0.2550 0.3770 0.4861 0.4295 0.2195 0.1536 0.1983 0.2891 0.4258 0.4816 0.3715 0.1669 0.1652 0.2297 0.3431 0.4783 0.4490 0.2522 0.1529 0.1950 0.2883 0.4312 0.4781 0.3458 0.1585 0.1747 0.2523 0.3831 0.4846 0.4522 0.4846 0.3831 0.2523 0.1747 0.1585 0.3458 0.4781 0.4312 0.2883 0.1950 0.1529 0.2522 0.4490 0.4783 0.3431 0.2297 0.1652 0.1669 0.3715 0.4816 0.4258 0.2891 0.1983 0.1536 0.2195 0.4295 0.4861 0.3770 0.2550 0.1796 0.1543 0.2939 0.4600 0.4721 0.3366 0.2281 0.1655 0.1649 0.3610 0.4787 0.4377 0.2999 0.2053 0.1554 0.1967 0.4136 0.4866 0.3944 0.2677 0.2030
0.2785 0.4061 0.4857 0.4024 0.1855 0.1572 0.2105 0.3085 0.4475 0.4751 0.3459 0.1611 0.1686 0.2343 0.3461 0.4775 0.4538 0.2760 0.1534 0.1835 0.2622 0.3874 0.4867 0.4205 0.2055 0.1545 0.2025 0.2958 0.4336 0.4796 0.3630 0.1646 0.1664 0.2317 0.3452 0.4788 0.4490 0.2541 0.1528 0.1936 0.2851 0.4263 0.4799 0.3554 0.1606 0.1720 0.2467 0.3738 0.4864 0.4146 0.2878 0.4146 0.4864 0.3738 0.2467 0.1720 0.1606 0.3554 0.4799 0.4263 0.2851 0.1936 0.1528 0.2541 0.4490 0.4788 0.3452 0.2317 0.1664 0.1646 0.3630 0.4796 0.4336 0.2958 0.2025 0.1545 0.2055 0.4205 0.4867 0.3874 0.2622 0.1835 0.1534 0.2760 0.4538 0.4775 0.3461 0.2343 0.1686 0.1611 0.3459 0.4751 0.4475 0.3085 0.2105 0.1572 0.1855 0.4024 0.4857 0.4061 0.2785
0.4047 0.4848 0.3901 0.1769 0.1595 0.2159 0.3173 0.4565 0.4709 0.3300 0.1583 0.1719 0.2407 0.3558 0.4815 0.4469 0.2579 0.1529 0.1877 0.2696 0.3979 0.4864 0.4101 0.1928 0.1559 0.2071 0.3033 0.4422 0.4769 0.3519 0.1621 0.1683 0.2348 0.3491 0.4801 0.4475 0.2522 0.1528 0.1931 0.2834 0.4231 0.4810 0.3623 0.1624 0.1699 0.2420 0.3660 0.4859 0.4230 0.2005 0.1461 0.2005 0.4230 0.4859 0.3660 0.2420 0.1699 0.1624 0.3623 0.4810 0.4231 0.2834 0.1931 0.1528 0.2522 0.4475 0.4801 0.3491 0.2348 0.1683 0.1621 0.3519 0.4769 0.4422 0.3033 0.2071 0.1559 0.1928 0.4101 0.4864 0.3979 0.2696 0.1877 0.1529 0.2579 0.4469 0.4815 0.3558 0.2407 0.1719 0.1583 0.3300 0.4709 0.4565 0.3173 0.2159 0.1595 0.1769 0.3901 0.4848 0.4047
0.4842 0.3768 0.1704 0.1622 0.2216 0.3263 0.4646 0.4661 0.3133 0.1561 0.1754 0.2473 0.3657 0.4843 0.4394 0.2400 0.1529 0.1920 0.2773 0.4086 0.4853 0.3985 0.1825 0.1579 0.2122 0.3114 0.4509 0.4735 0.3386 0.1595 0.1707 0.2390 0.3547 0.4818 0.4445 0.2467 0.1529 0.1936 0.2834 0.4220 0.4816 0.3666 0.1639 0.1684 0.2384 0.3597 0.4847 0.4305 0.2080 0.1530 0.1745 0.1530 0.2080 0.4305 0.4847 0.3597 0.2384 0.1684 0.1639 0.3666 0.4816 0.4220 0.2834 0.1936 0.1529 0.2467 0.4445 0.4818 0.3547 0.2390 0.1707 0.1595 0.3386 0.4735 0.4509 0.3114 0.2122 0.1579 0.1825 0.3985 0.4853 0.4086 0.2773 0.1920 0.1529 0.2400 0.4394 0.4843 0.3657 0.2473 0.1754 0.1561 0.3133 0.4661 0.4646 0.3263 0.2216 0.1622 0.1704 0.3768 0.4842
0.3747 0.1655 0.1651 0.2275 0.3355 0.4715 0.4606 0.2959 0.1545 0.1792 0.2542 0.3758 0.4860 0.4310 0.2229 0.1534 0.1966 0.2852 0.4192 0.4835 0.3858 0.1746 0.1604 0.2177 0.3202 0.4593 0.4693 0.3238 0.1573 0.1736 0.2443 0.3620 0.4837 0.4401 0.2381 0.1530 0.1950 0.2851 0.4231 0.4816 0.3681 0.1647 0.1675 0.2360 0.3552 0.4835 0.4360 0.2191 0.1546 0.2025 0.2514 0.2025 0.1546 0.2191 0.4360 0.4835 0.3552 0.2360 0.1675 0.1647 0.3681 0.4816 0.4231 0.2851 0.1950 0.1530 0.2381 0.4401 0.4837 0.3620 0.2443 0.1736 0.1573 0.3238 0.4693 0.4593 0.3202 0.2177 0.1604 0.1746 0.3858 0.4835 0.4192 0.2852 0.1966 0.1534 0.2229 0.4310 0.4860 0.3758 0.2542 0.1792 0.1545 0.2959 0.4606 0.4715 0.3355 0.2275 0.1651 0.1655 0.3747
0.1871 0.1684 0.2335 0.3450 0.4770 0.4545 0.2780 0.1534 0.1831 0.2614 0.3862 0.4866 0.4217 0.2074 0.1543 0.2014 0.2933 0.4297 0.4811 0.3723 0.1686 0.1632 0.2234 0.3293 0.4670 0.4644 0.3076 0.1555 0.1768 0.2502 0.3704 0.4853 0.4341 0.2269 0.1533 0.1972 0.2883 0.4263 0.4810 0.3666 0.1647 0.1672 0.2348 0.3524 0.4825 0.4396 0.2281 0.1538 0.2030 0.3005 0.3843 0.3005 0.2030 0.1538 0.2281 0.4396 0.4825 0.3524 0.2348 0.1672 0.1647 0.3666 0.4810 0.4263 0.2883 0.1972 0.1533 0.2269 0.4341 0.4853 0.3704 0.2502 0.1768 0.1555 0.3076 0.4644 0.4670 0.3293 0.2234 0.1632 0.1686 0.3723 0.4811 0.4297 0.2933 0.2014 0.1543 0.2074 0.4217 0.4866 0.3862 0.2614 0.1831 0.1534 0.2780 0.4545 0.4770 0.3450 0.2335 0.1684 0.1871
0.1914 0.2404 0.3546 0.4812 0.4478 0.2599 0.1529 0.1872 0.2688 0.3967 0.4864 0.4113 0.1941 0.1557 0.2064 0.3017 0.4398 0.4780 0.3579 0.1640 0.1661 0.2294 0.3386 0.4734 0.4587 0.2901 0.1541 0.1804 0.2567 0.3796 0.4864 0.4267 0.2142 0.1539 0.2002 0.2928 0.4312 0.4799 0.3623 0.1639 0.1675 0.2348 0.3515 0.4819 0.4419 0.2344 0.1533 0.2001 0.2979 0.4433 0.4824 0.4433 0.2979 0.2001 0.1533 0.2344 0.4419 0.4819 0.3515 0.2348 0.1675 0.1639 0.3623 0.4799 0.4312 0.2928 0.2002 0.1539 0.2142 0.4267 0.4864 0.3796 0.2567 0.1804 0.1541 0.2901 0.4587 0.4734 0.3386 0.2294 0.1661 0.1640 0.3579 0.4780 0.4398 0.3017 0.2064 0.1557 0.1941 0.4113 0.4864 0.3967 0.2688 0.1872 0.1529 0.2599 0.4478 0.4812 0.3546 0.2404 0.1914
0.2540 0.3654 0.4840 0.4403 0.2420 0.1529 0.1915 0.2764 0.4074 0.4854 0.3998 0.1835 0.1576 0.2116 0.3103 0.4495 0.4743 0.3426 0.1605 0.1693 0.2356 0.3481 0.4785 0.4524 0.2721 0.1532 0.1844 0.2638 0.3896 0.4867 0.4180 0.2016 0.1549 0.2041 0.2987 0.4377 0.4781 0.3554 0.1624 0.1684 0.2360 0.3524 0.4819 0.4426 0.2377 0.1532 0.1983 0.2937 0.4378 0.4738 0.4137 0.4738 0.4378 0.2937 0.1983 0.1532 0.2377 0.4426 0.4819 0.3524 0.2360 0.1684 0.1624 0.3554 0.4781 0.4377 0.2987 0.2041 0.1549 0.2016 0.4180 0.4867 0.3896 0.2638 0.1844 0.1532 0.2721 0.4524 0.4785 0.3481 0.2356 0.1693 0.1605 0.3426 0.4743 0.4495 0.3103 0.2116 0.1576 0.1835 0.3998 0.4854 0.4074 0.2764 0.1915 0.1529 0.2420 0.4403 0.4840 0.3654 0.2540
0.3670 0.4867 0.4320 0.2248 0.1533 0.1961 0.2843 0.4180 0.4837 0.3873 0.1754 0.1601 0.2171 0.3192 0.4583 0.4699 0.3265 0.1577 0.1727 0.2421 0.3578 0.4822 0.4454 0.2541 0.1528 0.1886 0.2712 0.4002 0.4862 0.4077 0.1901 0.1564 0.2085 0.3057 0.4452 0.4756 0.3458 0.1606 0.1699 0.2384 0.3552 0.4825 0.4419 0.2377 0.1531 0.1973 0.2912 0.4336 0.4774 0.3499 0.1987 0.3499 0.4774 0.4336 0.2912 0.1973 0.1531 0.2377 0.4419 0.4825 0.3552 0.2384 0.1699 0.1606 0.3458 0.4756 0.4452 0.3057 0.2085 0.1564 0.1901 0.4077 0.4862 0.4002 0.2712 0.1886 0.1528 0.2541 0.4454 0.4822 0.3578 0.2421 0.1727 0.1577 0.3265 0.4699 0.4583 0.3192 0.2171 0.1601 0.1754 0.3873 0.4837 0.4180 0.2843 0.1961 0.1533 0.2248 0.4320 0.4867 0.3670
0.4845 0.4228 0.2091 0.1542 0.2008 0.2924 0.4285 0.4814 0.3739 0.1692 0.1628 0.2228 0.3282 0.4661 0.4650 0.3096 0.1557 0.1762 0.2488 0.3678 0.4848 0.4377 0.2363 0.1529 0.1930 0.2789 0.4108 0.4850 0.3959 0.1806 0.1584 0.2135 0.3136 0.4532 0.4723 0.3336 0.1585 0.1720 0.2420 0.3597 0.4835 0.4396 0.2344 0.1532 0.1973 0.2904 0.4316 0.4788 0.3512 0.1594 0.1501 0.1594 0.3512 0.4788 0.4316 0.2904 0.1973 0.1532 0.2344 0.4396 0.4835 0.3597 0.2420 0.1720 0.1585 0.3336 0.4723 0.4532 0.3136 0.2135 0.1584 0.1806 0.3959 0.4850 0.4108 0.2789 0.1930 0.1529 0.2363 0.4377 0.4848 0.3678 0.2488 0.1762 0.1557 0.3096 0.4650 0.4661 0.3282 0.2228 0.1628 0.1692 0.3739 0.4814 0.4285 0.2924 0.2008 0.1542 0.2091 0.4228 0.4845
0.4218 0.1955 0.1555 0.2058 0.3008 0.4387 0.4783 0.3595 0.1645 0.1658 0.2287 0.3375 0.4727 0.4594 0.2921 0.1542 0.1800 0.2557 0.3780 0.4862 0.4291 0.2195 0.1535 0.1976 0.2869 0.4214 0.4830 0.3830 0.1732 0.1609 0.2189 0.3221 0.4611 0.4682 0.3195 0.1566 0.1747 0.2467 0.3660 0.4847 0.4360 0.2281 0.1533 0.1983 0.2912 0.4316 0.4791 0.3546 0.1611 0.1678 0.1994 0.1678 0.1611 0.3546 0.4791 0.4316 0.2912 0.1983 0.1533 0.2281 0.4360 0.4847 0.3660 0.2467 0.1747 0.1566 0.3195 0.4682 0.4611 0.3221 0.2189 0.1609 0.1732 0.3830 0.4830 0.4214 0.2869 0.1976 0.1535 0.2195 0.4291 0.4862 0.3780 0.2557 0.1800 0.1542 0.2921 0.4594 0.4727 0.3375 0.2287 0.1658 0.1645 0.3595 0.4783 0.4387 0.3008 0.2058 0.1555 0.1955 0.4218
0.2086 0.1576 0.2111 0.3094 0.4484 0.4747 0.3443 0.1608 0.1690 0.2350 0.3470 0.4780 0.4532 0.2741 0.1533 0.1840 0.2630 0.3884 0.4867 0.4196 0.2043 0.1546 0.2025 0.2951 0.4319 0.4805 0.3693 0.1675 0.1638 0.2247 0.3312 0.4684 0.4632 0.3036 0.1551 0.1779 0.2523 0.3738 0.4859 0.4305 0.2191 0.1538 0.2001 0.2937 0.4336 0.4788 0.3546 0.1614 0.1704 0.2378 0.3002 0.2378 0.1704 0.1614 0.3546 0.4788 0.4336 0.2937 0.2001 0.1538 0.2191 0.4305 0.4859 0.3738 0.2523 0.1779 0.1551 0.3036 0.4632 0.4684 0.3312 0.2247 0.1638 0.1675 0.3693 0.4805 0.4319 0.2951 0.2025 0.1546 0.2043 0.4196 0.4867 0.3884 0.2630 0.1840 0.1533 0.2741 0.4532 0.4780 0.3470 0.2350 0.1690 0.1608 0.3443 0.4747 0.4484 0.3094 0.2111 0.1576 0.2086
0.1827 0.2172 0.3186 0.4577 0.4700 0.3279 0.1580 0.1725 0.2417 0.3572 0.4819 0.4458 0.2556 0.1530 0.1884 0.2708 0.3995 0.4861 0.4086 0.1913 0.1563 0.2078 0.3040 0.4424 0.4769 0.3543 0.1632 0.1670 0.2311 0.3411 0.4747 0.4570 0.2858 0.1539 0.1816 0.2590 0.3831 0.4864 0.4230 0.2080 0.1546 0.2030 0.2979 0.4378 0.4774 0.3512 0.1611 0.1704 0.2413 0.3616 0.4512 0.3616 0.2413 0.1704 0.1611 0.3512 0.4774 0.4378 0.2979 0.2030 0.1546 0.2080 0.4230 0.4864 0.3831 0.2590 0.1816 0.1539 0.2858 0.4570 0.4747 0.3411 0.2311 0.1670 0.1632 0.3543 0.4769 0.4424 0.3040 0.2078 0.1563 0.1913 0.4086 0.4861 0.3995 0.2708 0.1884 0.1530 0.2556 0.4458 0.4819 0.3572 0.2417 0.1725 0.1580 0.3279 0.4700 0.4577 0.3186 0.2172 0.1827
0.2291 0.3266 0.4648 0.4633 0.3171 0.1546 0.1724 0.2444 0.3667 0.4829 0.4371 0.2437 0.1508 0.1888 0.2750 0.4103 0.4829 0.3985 0.1833 0.1553 0.2089 0.3102 0.4515 0.4710 0.3440 0.1591 0.1668 0.2332 0.3496 0.4782 0.4491 0.2741 0.1513 0.1817 0.2622 0.3929 0.4846 0.4146 0.2005 0.1530 0.2025 0.3005 0.4433 0.4738 0.3499 0.1594 0.1678 0.2378 0.3616 0.4820 0.4648 0.4820 0.3616 0.2378 0.1678 0.1594 0.3499 0.4738 0.4433 0.3005 0.2025 0.1530 0.2005 0.4146 0.4846 0.3929 0.2622 0.1817 0.1513 0.2741 0.4491 0.4782 0.3496 0.2332 0.1668 0.1591 0.3440 0.4710 0.4515 0.3102 0.2089 0.1553 0.1833 0.3985 0.4829 0.4103 0.2750 0.1888 0.1508 0.2437 0.4371 0.4829 0.3667 0.2444 0.1724 0.1546 0.3171 0.4633 0.4648 0.3266 0.2291
0.2794 0.4178 0.4788 0.3873 0.1727 0.1536 0.2071 0.3106 0.4566 0.4654 0.3304 0.1506 0.1650 0.2316 0.3519 0.4790 0.4417 0.2604 0.1457 0.1798 0.2609 0.3969 0.4816 0.4061 0.1916 0.1502 0.1984 0.2952 0.4414 0.4720 0.3554 0.1567 0.1600 0.2211 0.3347 0.4730 0.4522 0.2878 0.1461 0.1745 0.2514 0.3843 0.4824 0.4137 0.1987 0.1501 0.1994 0.3002 0.4512 0.4648 0.4033 0.4648 0.4512 0.3002 0.1994 0.1501 0.1987 0.4137 0.4824 0.3843 0.2514 0.1745 0.1461 0.2878 0.4522 0.4730 0.3347 0.2211 0.1600 0.1567 0.3554 0.4720 0.4414 0.2952 0.1984 0.1502 0.1916 0.4061 0.4816 0.3969 0.2609 0.1798 0.1457 0.2604 0.4417 0.4790 0.3519 0.2316 0.1650 0.1506 0.3304 0.4654 0.4566 0.3106 0.2071 0.1536 0.1727 0.3873 0.4788 0.4178 0.2794
0.2291 0.3266 0.4648 0.4633 0.3171 0.1546 0.1724 0.2444 0.3667 0.4829 0.4371 0.2437 0.1508 0.1888 0.2750 0.4103 0.4829 0.3985 0.1833 0.1553 0.2089 0.3102 0.4515 0.4710 0.3440 0.1591 0.1668 0.2332 0.3496 0.4782 0.4491 0.2741 0.1513 0.1817 0.2622 0.3929 0.4846 0.4146 0.2005 0.1530 0.2025 0.3005 0.4433 0.4738 0.3499 0.1594 0.1678 0.2378 0.3616 0.4820 0.4648 0.4820 0.3616 0.2378 0.1678 0.1594 0.3499 0.4738 0.4433 0.3005 0.2025 0.1530 0.2005 0.4146 0.4846 0.3929 0.2622 0.1817 0.1513 0.2741 0.4491 0.4782 0.3496 0.2332 0.1668 0.1591 0.3440 0.4710 0.4515 0.3102 0.2089 0.1553 0.1833 0.3985 0.4829 0.4103 0.2750 0.1888 0.1508 0.2437 0.4371 0.4829 0.3667 0.2444 0.1724 0.1546 0.3171 0.4633 0.4648 0.3266 0.2291
0.1827 0.2172 0.3186 0.4577 0.4700 0.3279 0.1580 0.1725 0.2417 0.3572 0.4819 0.4458 0.2556 0.1530 0.1884 0.2708 0.3995 0.4861 0.4086 0.1913 0.1563 0.2078 0.3040 0.4424 0.4769 0.3543 0.1632 0.1670 0.2311 0.3411 0.4747 0.4570 0.2858 0.1539 0.1816 0.2590 0.3831 0.4864 0.4230 0.2080 0.1546 0.2030 0.2979 0.4378 0.4774 0.3512 0.1611 0.1704 0.2413 0.3616 0.4512 0.3616 0.2413 0.1704 0.1611 0.3512 0.4774 0.4378 0.2979 0.2030 0.1546 0.2080 0.4230 0.4864 0.3831 0.2590 0.1816 0.1539 0.2858 0.4570 0.4747 0.3411 0.2311 0.1670 0.1632 0.3543 0.4769 0.4424 0.3040 0.2078 0.1563 0.1913 0.4086 0.4861 0.3995 0.2708 0.1884 0.1530 0.2556 0.4458 0.4819 0.3572 0.2417 0.1725 0.1580 0.3279 0.4700 0.4577 0.3186 0.2172 0.1827
0.2086 0.1576 0.2111 0.3094 0.4484 0.4747 0.3443 0.1608 0.1690 0.2350 0.3470 0.4780 0.4532 0.2741 0.1533 0.1840 0.2630 0.3884 0.4867 0.4196 0.2043 0.1546 0.2025 0.2951 0.4319 0.4805 0.3693 0.1675 0.1638 0.2247 0.3312 0.4684 0.4632 0.3036 0.1551 0.1779 0.2523 0.3738 0.4859 0.4305 0.2191 0.1538 0.2001 0.2937 0.4336 0.4788 0.3546 0.1614 0.1704 0.2378 0.3002 0.2378 0.1704 0.1614 0.3546 0.4788 0.4336 0.2937 0.2001 0.1538 0.2191 0.4305 0.4859 0.3738 0.2523 0.1779 0.1551 0.3036 0.4632 0.4684 0.3312 0.2247 0.1638 0.1675 0.3693 0.4805 0.4319 0.2951 0.2025 0.1546 0.2043 0.4196 0.4867 0.3884 0.2630 0.1840 0.1533 0.2741 0.4532 0.4780 0.3470 0.2350 0.1690 0.1608 0.3443 0.4747 0.4484 0.3094 0.2111 0.1576 0.2086
0.4218 0.1955 0.1555 0.2058 0.3008 0.4387 0.4783 0.3595 0.1645 0.1658 0.2287 0.3375 0.4727 0.4594 0.2921 0.1542 0.1800 0.2557 0.3780 0.4862 0.4291 0.2195 0.1535 0.1976 0.2869 0.4214 0.4830 0.3830 0.1732 0.1609 0.2189 0.3221 0.4611 0.4682 0.3195 0.1566 0.1747 0.2467 0.3660 0.4847 0.4360 0.2281 0.1533 0.1983 0.2912 0.4316 0.4791 0.3546 0.1611 0.1678 0.1994 0.1678 0.1611 0.3546 0.4791 0.4316 0.2912 0.1983 0.1533 0.2281 0.4360 0.4847 0.3660 0.2467 0.1747 0.1566 0.3195 0.4682 0.4611 0.3221 0.2189 0.1609 0.1732 0.3830 0.4830 0.4214 0.2869 0.1976 0.1535 0.2195 0.4291 0.4862 0.3780 0.2557 0.1800 0.1542 0.2921 0.4594 0.4727 0.3375 0.2287 0.1658 0.1645 0.3595 0.4783 0.4387 0.3008 0.2058 0.1555 0.1955 0.4218
0.4845 0.4228 0.2091 0.1542 0.2008 0.2924 0.4285 0.4814 0.3739 0.1692 0.1628 0.2228 0.3282 0.4661 0.4650 0.3096 0.1557 0.1762 0.2488 0.3678 0.4848 0.4377 0.2363 0.1529 0.1930 0.2789 0.4108 0.4850 0.3959 0.1806 0.1584 0.2135 0.3136 0.4532 0.4723 0.3336 0.1585 0.1720 0.2420 0.3597 0.4835 0.4396 0.2344 0.1532 0.1973 0.2904 0.4316 0.4788 0.3512 0.1594 0.1501 0.1594 0.3512 0.4788 0.4316 0.2904 0.1973 0.1532 0.2344 0.4396 0.4835 0.3597 0.2420 0.1720 0.1585 0.3336 0.4723 0.4532 0.3136 0.2135 0.1584 0.1806 0.3959 0.4850 0.4108 0.2789 0.1930 0.1529 0.2363 0.4377 0.4848 0.3678 0.2488 0.1762 0.1557 0.3096 0.4650 0.4661 0.3282 0.2228 0.1628 0.1692 0.3739 0.4814 0.4285 0.2924 0.2008 0.1542 0.2091 0.4228 0.4845
