0.0003 0.0025 0.0189 0.1445 1.0000 1.0000 0.0002 0.0015 0.0113 0.0855 0.6494 1.0000 1.0000 0.0009 0.0066 0.0505 0.3835 1.0000 1.0000 0.0005 0.0039 0.0298 0.2264 1.0000 1.0000 0.0003 0.0023 0.0176 0.1337 1.0000 1.0000 0.0002 0.0014 0.0104 0.0790 0.5995 1.0000 1.0000 0.0008 0.0061 0.0466 0.3540 1.0000 1.0000 0.0005 0.0036 0.0275 0.2090 1.0000 1.0000 1.0000 1.0000 1.0000 0.2090 0.0275 0.0036 0.0005 1.0000 1.0000 0.3540 0.0466 0.0061 0.0008 1.0000 1.0000 0.5995 0.0790 0.0104 0.0014 0.0002 1.0000 1.0000 0.1337 0.0176 0.0023 0.0003 1.0000 1.0000 0.2264 0.0298 0.0039 0.0005 1.0000 1.0000 0.3835 0.0505 0.0066 0.0009 1.0000 1.0000 0.6494 0.0855 0.0113 0.0015 0.0002 1.0000 1.0000 0.1445 0.0189 0.0025 0.0003
0.0025 0.0218 0.1593 1.0000 1.0000 0.0002 0.0016 0.0121 0.0918 0.6967 1.0000 1.0000 0.0009 0.0071 0.0542 0.4106 1.0000 1.0000 0.0006 0.0042 0.0319 0.2429 1.0000 1.0000 0.0003 0.0025 0.0189 0.1432 1.0000 1.0000 1.0000 0.0015 0.0111 0.0847 0.6420 1.0000 1.0000 0.0009 0.0066 0.0499 0.3798 1.0000 1.0000 0.0005 0.0039 0.0295 0.2239 1.0000 1.0000 0.0003 0.0011 0.0003 1.0000 1.0000 0.2239 0.0295 0.0039 0.0005 1.0000 1.0000 0.3798 0.0499 0.0066 0.0009 1.0000 1.0000 0.6420 0.0847 0.0111 0.0015 1.0000 1.0000 1.0000 0.1432 0.0189 0.0025 0.0003 1.0000 1.0000 0.2429 0.0319 0.0042 0.0006 1.0000 1.0000 0.4106 0.0542 0.0071 0.0009 1.0000 1.0000 0.6967 0.0918 0.0121 0.0016 0.0002 1.0000 1.0000 0.1593 0.0218 0.0025
0.0189 0.1593 1.0000 1.0000 1.0000 0.0014 0.0105 0.0796 0.6030 1.0000 1.0000 0.0008 0.0062 0.0467 0.3547 1.0000 1.0000 0.0005 0.0036 0.0276 0.2094 1.0000 1.0000 0.0003 0.0021 0.0163 0.1237 0.9392 1.0000 1.0000 0.0013 0.0096 0.0730 0.5546 1.0000 1.0000 0.0007 0.0057 0.0431 0.3275 1.0000 1.0000 0.0004 0.0034 0.0255 0.1934 1.0000 1.0000 0.0003 0.0020 0.0069 0.0020 0.0003 1.0000 1.0000 0.1934 0.0255 0.0034 0.0004 1.0000 1.0000 0.3275 0.0431 0.0057 0.0007 1.0000 1.0000 0.5546 0.0730 0.0096 0.0013 1.0000 1.0000 0.9392 0.1237 0.0163 0.0021 0.0003 1.0000 1.0000 0.2094 0.0276 0.0036 0.0005 1.0000 1.0000 0.3547 0.0467 0.0062 0.0008 1.0000 1.0000 0.6030 0.0796 0.0105 0.0014 1.0000 1.0000 1.0000 0.1593 0.0189
0.1445 1.0000 1.0000 1.0000 0.0013 0.0095 0.0711 0.5349 1.0000 1.0000 0.0007 0.0054 0.0409 0.3105 1.0000 1.0000 0.0004 0.0032 0.0241 0.1833 1.0000 1.0000 0.0002 0.0019 0.0143 0.1083 0.8221 1.0000 1.0000 0.0011 0.0084 0.0639 0.4854 1.0000 1.0000 0.0007 0.0050 0.0377 0.2867 1.0000 1.0000 0.0004 0.0029 0.0223 0.1693 1.0000 1.0000 0.0002 0.0017 0.0134 0.0458 0.0134 0.0017 0.0002 1.0000 1.0000 0.1693 0.0223 0.0029 0.0004 1.0000 1.0000 0.2867 0.0377 0.0050 0.0007 1.0000 1.0000 0.4854 0.0639 0.0084 0.0011 1.0000 1.0000 0.8221 0.1083 0.0143 0.0019 0.0002 1.0000 1.0000 0.1833 0.0241 0.0032 0.0004 1.0000 1.0000 0.3105 0.0409 0.0054 0.0007 1.0000 1.0000 0.5349 0.0711 0.0095 0.0013 1.0000 1.0000 1.0000 0.1445
1.0000 1.0000 1.0000 0.0013 0.0092 0.0664 0.4882 1.0000 1.0000 0.0006 0.0047 0.0359 0.2718 1.0000 1.0000 0.0004 0.0028 0.0211 0.1602 1.0000 1.0000 0.0002 0.0016 0.0125 0.0946 0.7183 1.0000 1.0000 0.0010 0.0074 0.0559 0.4241 1.0000 1.0000 0.0006 0.0043 0.0330 0.2504 1.0000 1.0000 0.0003 0.0026 0.0195 0.1479 1.0000 1.0000 0.0002 0.0015 0.0116 0.0888 0.3041 0.0888 0.0116 0.0015 0.0002 1.0000 1.0000 0.1479 0.0195 0.0026 0.0003 1.0000 1.0000 0.2504 0.0330 0.0043 0.0006 1.0000 1.0000 0.4241 0.0559 0.0074 0.0010 1.0000 1.0000 0.7183 0.0946 0.0125 0.0016 0.0002 1.0000 1.0000 0.1602 0.0211 0.0028 0.0004 1.0000 1.0000 0.2718 0.0359 0.0047 0.0006 1.0000 1.0000 0.4882 0.0664 0.0092 0.0013 1.0000 1.0000 1.0000
1.0000 0.0002 0.0014 0.0095 0.0664 0.4709 1.0000 1.0000 0.0006 0.0042 0.0318 0.2397 1.0000 1.0000 0.0003 0.0024 0.0184 0.1400 1.0000 1.0000 1.0000 0.0014 0.0109 0.0826 0.6275 1.0000 1.0000 0.0008 0.0064 0.0488 0.3706 1.0000 1.0000 0.0005 0.0038 0.0288 0.2188 1.0000 1.0000 0.0003 0.0022 0.0170 0.1292 0.9812 1.0000 1.0000 0.0013 0.0100 0.0769 0.5894 1.0000 0.5894 0.0769 0.0100 0.0013 1.0000 1.0000 0.9812 0.1292 0.0170 0.0022 0.0003 1.0000 1.0000 0.2188 0.0288 0.0038 0.0005 1.0000 1.0000 0.3706 0.0488 0.0064 0.0008 1.0000 1.0000 0.6275 0.0826 0.0109 0.0014 1.0000 1.0000 1.0000 0.1400 0.0184 0.0024 0.0003 1.0000 1.0000 0.2397 0.0318 0.0042 0.0006 1.0000 1.0000 0.4709 0.0664 0.0095 0.0014 0.0002 1.0000
0.0002 0.0016 0.0105 0.0711 0.4882 1.0000 1.0000 0.0005 0.0039 0.0289 0.2147 1.0000 1.0000 0.0003 0.0021 0.0161 0.1223 0.9285 1.0000 1.0000 0.0013 0.0095 0.0722 0.5483 1.0000 1.0000 0.0007 0.0056 0.0426 0.3238 1.0000 1.0000 0.0004 0.0033 0.0252 0.1912 1.0000 1.0000 0.0003 0.0020 0.0149 0.1129 0.8572 1.0000 1.0000 0.0012 0.0088 0.0667 0.5101 1.0000 1.0000 1.0000 0.5101 0.0667 0.0088 0.0012 1.0000 1.0000 0.8572 0.1129 0.0149 0.0020 0.0003 1.0000 1.0000 0.1912 0.0252 0.0033 0.0004 1.0000 1.0000 0.3238 0.0426 0.0056 0.0007 1.0000 1.0000 0.5483 0.0722 0.0095 0.0013 1.0000 1.0000 0.9285 0.1223 0.0161 0.0021 0.0003 1.0000 1.0000 0.2147 0.0289 0.0039 0.0005 1.0000 1.0000 0.4882 0.0711 0.0105 0.0016 0.0002
0.0015 0.0121 0.0796 0.5349 1.0000 1.0000 0.0005 0.0038 0.0273 0.1990 1.0000 1.0000 0.0003 0.0019 0.0142 0.1074 0.8128 1.0000 1.0000 0.0011 0.0083 0.0631 0.4790 1.0000 1.0000 0.0006 0.0049 0.0372 0.2829 1.0000 1.0000 0.0004 0.0029 0.0220 0.1670 1.0000 1.0000 0.0002 0.0017 0.0130 0.0986 0.7490 1.0000 1.0000 0.0010 0.0077 0.0582 0.4423 1.0000 1.0000 0.0003 1.0000 1.0000 0.4423 0.0582 0.0077 0.0010 1.0000 1.0000 0.7490 0.0986 0.0130 0.0017 0.0002 1.0000 1.0000 0.1670 0.0220 0.0029 0.0004 1.0000 1.0000 0.2829 0.0372 0.0049 0.0006 1.0000 1.0000 0.4790 0.0631 0.0083 0.0011 1.0000 1.0000 0.8128 0.1074 0.0142 0.0019 0.0003 1.0000 1.0000 0.1990 0.0273 0.0038 0.0005 1.0000 1.0000 0.5349 0.0796 0.0121 0.0015
0.0113 0.0918 0.6030 1.0000 1.0000 0.0006 0.0039 0.0273 0.1937 1.0000 1.0000 0.0002 0.0017 0.0127 0.0955 0.7183 1.0000 1.0000 0.0010 0.0073 0.0551 0.4185 1.0000 1.0000 0.0006 0.0043 0.0325 0.2471 1.0000 1.0000 0.0003 0.0025 0.0192 0.1459 1.0000 1.0000 1.0000 0.0015 0.0113 0.0862 0.6544 1.0000 1.0000 0.0009 0.0067 0.0509 0.3864 1.0000 1.0000 0.0005 0.0018 0.0005 1.0000 1.0000 0.3864 0.0509 0.0067 0.0009 1.0000 1.0000 0.6544 0.0862 0.0113 0.0015 1.0000 1.0000 1.0000 0.1459 0.0192 0.0025 0.0003 1.0000 1.0000 0.2471 0.0325 0.0043 0.0006 1.0000 1.0000 0.4185 0.0551 0.0073 0.0010 1.0000 1.0000 0.7183 0.0955 0.0127 0.0017 0.0002 1.0000 1.0000 0.1937 0.0273 0.0039 0.0006 1.0000 1.0000 0.6030 0.0918 0.0113
0.0855 0.6967 1.0000 1.0000 0.0006 0.0042 0.0289 0.1990 1.0000 1.0000 0.0002 0.0016 0.0117 0.0865 0.6445 1.0000 1.0000 0.0008 0.0064 0.0482 0.3657 1.0000 1.0000 0.0005 0.0037 0.0284 0.2159 1.0000 1.0000 0.0003 0.0022 0.0168 0.1275 0.9682 1.0000 1.0000 0.0013 0.0099 0.0753 0.5717 1.0000 1.0000 0.0008 0.0059 0.0445 0.3376 1.0000 1.0000 0.0005 0.0035 0.0120 0.0035 0.0005 1.0000 1.0000 0.3376 0.0445 0.0059 0.0008 1.0000 1.0000 0.5717 0.0753 0.0099 0.0013 1.0000 1.0000 0.9682 0.1275 0.0168 0.0022 0.0003 1.0000 1.0000 0.2159 0.0284 0.0037 0.0005 1.0000 1.0000 0.3657 0.0482 0.0064 0.0008 1.0000 1.0000 0.6445 0.0865 0.0117 0.0016 0.0002 1.0000 1.0000 0.1990 0.0289 0.0042 0.0006 1.0000 1.0000 0.6967 0.0855
0.6494 1.0000 1.0000 0.0007 0.0047 0.0318 0.2147 1.0000 1.0000 0.0002 0.0015 0.0111 0.0808 0.5927 1.0000 1.0000 0.0008 0.0056 0.0426 0.3213 1.0000 1.0000 0.0004 0.0033 0.0248 0.1886 1.0000 1.0000 0.0003 0.0019 0.0147 0.1114 0.8459 1.0000 1.0000 0.0011 0.0087 0.0658 0.4995 1.0000 1.0000 0.0007 0.0051 0.0388 0.2949 1.0000 1.0000 0.0004 0.0030 0.0233 0.0799 0.0233 0.0030 0.0004 1.0000 1.0000 0.2949 0.0388 0.0051 0.0007 1.0000 1.0000 0.4995 0.0658 0.0087 0.0011 1.0000 1.0000 0.8459 0.1114 0.0147 0.0019 0.0003 1.0000 1.0000 0.1886 0.0248 0.0033 0.0004 1.0000 1.0000 0.3213 0.0426 0.0056 0.0008 1.0000 1.0000 0.5927 0.0808 0.0111 0.0015 0.0002 1.0000 1.0000 0.2147 0.0318 0.0047 0.0007 1.0000 1.0000 0.6494
1.0000 1.0000 0.0008 0.0054 0.0359 0.2397 1.0000 1.0000 0.0002 0.0016 0.0111 0.0788 0.5663 1.0000 1.0000 0.0007 0.0051 0.0380 0.2856 1.0000 1.0000 0.0004 0.0029 0.0217 0.1648 1.0000 1.0000 0.0002 0.0017 0.0128 0.0973 0.7391 1.0000 1.0000 0.0010 0.0076 0.0575 0.4364 1.0000 1.0000 0.0006 0.0045 0.0339 0.2577 1.0000 1.0000 0.0003 0.0026 0.0202 0.1548 0.5298 0.1548 0.0202 0.0026 0.0003 1.0000 1.0000 0.2577 0.0339 0.0045 0.0006 1.0000 1.0000 0.4364 0.0575 0.0076 0.0010 1.0000 1.0000 0.7391 0.0973 0.0128 0.0017 0.0002 1.0000 1.0000 0.1648 0.0217 0.0029 0.0004 1.0000 1.0000 0.2856 0.0380 0.0051 0.0007 1.0000 1.0000 0.5663 0.0788 0.0111 0.0016 0.0002 1.0000 1.0000 0.2397 0.0359 0.0054 0.0008 1.0000 1.0000
1.0000 0.0009 0.0062 0.0409 0.2718 1.0000 1.0000 0.0003 0.0017 0.0117 0.0808 0.5663 1.0000 1.0000 0.0006 0.0047 0.0347 0.2572 1.0000 1.0000 0.0003 0.0025 0.0191 0.1443 1.0000 1.0000 1.0000 0.0015 0.0112 0.0850 0.6457 1.0000 1.0000 0.0009 0.0066 0.0502 0.3813 1.0000 1.0000 0.0005 0.0039 0.0296 0.2251 1.0000 1.0000 0.0003 0.0023 0.0175 0.1340 1.0000 1.0000 1.0000 0.1340 0.0175 0.0023 0.0003 1.0000 1.0000 0.2251 0.0296 0.0039 0.0005 1.0000 1.0000 0.3813 0.0502 0.0066 0.0009 1.0000 1.0000 0.6457 0.0850 0.0112 0.0015 1.0000 1.0000 1.0000 0.1443 0.0191 0.0025 0.0003 1.0000 1.0000 0.2572 0.0347 0.0047 0.0006 1.0000 1.0000 0.5663 0.0808 0.0117 0.0017 0.0003 1.0000 1.0000 0.2718 0.0409 0.0062 0.0009 1.0000
0.0009 0.0071 0.0467 0.3105 1.0000 1.0000 0.0003 0.0019 0.0127 0.0865 0.5927 1.0000 1.0000 0.0006 0.0045 0.0326 0.2384 1.0000 1.0000 0.0003 0.0022 0.0169 0.1273 0.9608 1.0000 1.0000 0.0013 0.0098 0.0743 0.5641 1.0000 1.0000 0.0008 0.0058 0.0439 0.3331 1.0000 1.0000 0.0004 0.0034 0.0259 0.1967 1.0000 1.0000 0.0003 0.0020 0.0153 0.1162 0.8888 1.0000 1.0000 1.0000 0.8888 0.1162 0.0153 0.0020 0.0003 1.0000 1.0000 0.1967 0.0259 0.0034 0.0004 1.0000 1.0000 0.3331 0.0439 0.0058 0.0008 1.0000 1.0000 0.5641 0.0743 0.0098 0.0013 1.0000 1.0000 0.9608 0.1273 0.0169 0.0022 0.0003 1.0000 1.0000 0.2384 0.0326 0.0045 0.0006 1.0000 1.0000 0.5927 0.0865 0.0127 0.0019 0.0003 1.0000 1.0000 0.3105 0.0467 0.0071 0.0009
0.0066 0.0542 0.3547 1.0000 1.0000 0.0003 0.0021 0.0142 0.0955 0.6445 1.0000 1.0000 0.0006 0.0045 0.0319 0.2286 1.0000 1.0000 0.0003 0.0020 0.0151 0.1135 0.8524 1.0000 1.0000 0.0011 0.0086 0.0649 0.4929 1.0000 1.0000 0.0007 0.0050 0.0383 0.2910 1.0000 1.0000 0.0004 0.0030 0.0226 0.1719 1.0000 1.0000 0.0002 0.0018 0.0134 0.1015 0.7706 1.0000 1.0000 0.0005 1.0000 1.0000 0.7706 0.1015 0.0134 0.0018 0.0002 1.0000 1.0000 0.1719 0.0226 0.0030 0.0004 1.0000 1.0000 0.2910 0.0383 0.0050 0.0007 1.0000 1.0000 0.4929 0.0649 0.0086 0.0011 1.0000 1.0000 0.8524 0.1135 0.0151 0.0020 0.0003 1.0000 1.0000 0.2286 0.0319 0.0045 0.0006 1.0000 1.0000 0.6445 0.0955 0.0142 0.0021 0.0003 1.0000 1.0000 0.3547 0.0542 0.0066
0.0505 0.4106 1.0000 1.0000 0.0004 0.0024 0.0161 0.1074 0.7183 1.0000 1.0000 0.0007 0.0047 0.0326 0.2286 1.0000 1.0000 0.0003 0.0019 0.0139 0.1026 0.7662 1.0000 1.0000 0.0010 0.0075 0.0570 0.4315 1.0000 1.0000 0.0006 0.0044 0.0335 0.2543 1.0000 1.0000 0.0003 0.0026 0.0198 0.1502 1.0000 1.0000 0.0002 0.0015 0.0117 0.0887 0.6733 1.0000 1.0000 0.0009 0.0032 0.0009 1.0000 1.0000 0.6733 0.0887 0.0117 0.0015 0.0002 1.0000 1.0000 0.1502 0.0198 0.0026 0.0003 1.0000 1.0000 0.2543 0.0335 0.0044 0.0006 1.0000 1.0000 0.4315 0.0570 0.0075 0.0010 1.0000 1.0000 0.7662 0.1026 0.0139 0.0019 0.0003 1.0000 1.0000 0.2286 0.0326 0.0047 0.0007 1.0000 1.0000 0.7183 0.1074 0.0161 0.0024 0.0004 1.0000 1.0000 0.4106 0.0505
0.3835 1.0000 1.0000 0.0004 0.0028 0.0184 0.1223 0.8128 1.0000 1.0000 0.0008 0.0051 0.0347 0.2384 1.0000 1.0000 0.0003 0.0018 0.0131 0.0955 0.7021 1.0000 1.0000 0.0009 0.0067 0.0504 0.3806 1.0000 1.0000 0.0005 0.0039 0.0293 0.2222 1.0000 1.0000 0.0003 0.0023 0.0173 0.1312 0.9962 1.0000 1.0000 0.0013 0.0102 0.0775 0.5882 1.0000 1.0000 0.0008 0.0061 0.0210 0.0061 0.0008 1.0000 1.0000 0.5882 0.0775 0.0102 0.0013 1.0000 1.0000 0.9962 0.1312 0.0173 0.0023 0.0003 1.0000 1.0000 0.2222 0.0293 0.0039 0.0005 1.0000 1.0000 0.3806 0.0504 0.0067 0.0009 1.0000 1.0000 0.7021 0.0955 0.0131 0.0018 0.0003 1.0000 1.0000 0.2384 0.0347 0.0051 0.0008 1.0000 1.0000 0.8128 0.1223 0.0184 0.0028 0.0004 1.0000 1.0000 0.3835
1.0000 1.0000 0.0005 0.0032 0.0211 0.1400 0.9285 1.0000 1.0000 0.0008 0.0056 0.0380 0.2572 1.0000 1.0000 0.0003 0.0018 0.0128 0.0919 0.6644 1.0000 1.0000 0.0008 0.0060 0.0450 0.3382 1.0000 1.0000 0.0004 0.0034 0.0256 0.1941 1.0000 1.0000 0.0003 0.0020 0.0151 0.1146 0.8704 1.0000 1.0000 0.0012 0.0089 0.0677 0.5139 1.0000 1.0000 0.0007 0.0053 0.0407 0.1392 0.0407 0.0053 0.0007 1.0000 1.0000 0.5139 0.0677 0.0089 0.0012 1.0000 1.0000 0.8704 0.1146 0.0151 0.0020 0.0003 1.0000 1.0000 0.1941 0.0256 0.0034 0.0004 1.0000 1.0000 0.3382 0.0450 0.0060 0.0008 1.0000 1.0000 0.6644 0.0919 0.0128 0.0018 0.0003 1.0000 1.0000 0.2572 0.0380 0.0056 0.0008 1.0000 1.0000 0.9285 0.1400 0.0211 0.0032 0.0005 1.0000 1.0000
1.0000 0.0006 0.0036 0.0241 0.1602 1.0000 1.0000 1.0000 0.0010 0.0064 0.0426 0.2856 1.0000 1.0000 0.0003 0.0019 0.0131 0.0919 0.6531 1.0000 1.0000 0.0008 0.0055 0.0410 0.3046 1.0000 1.0000 0.0004 0.0030 0.0225 0.1702 1.0000 1.0000 0.0002 0.0017 0.0132 0.1001 0.7604 1.0000 1.0000 0.0010 0.0078 0.0591 0.4490 1.0000 1.0000 0.0006 0.0046 0.0352 0.2697 0.9232 0.2697 0.0352 0.0046 0.0006 1.0000 1.0000 0.4490 0.0591 0.0078 0.0010 1.0000 1.0000 0.7604 0.1001 0.0132 0.0017 0.0002 1.0000 1.0000 0.1702 0.0225 0.0030 0.0004 1.0000 1.0000 0.3046 0.0410 0.0055 0.0008 1.0000 1.0000 0.6531 0.0919 0.0131 0.0019 0.0003 1.0000 1.0000 0.2856 0.0426 0.0064 0.0010 1.0000 1.0000 1.0000 0.1602 0.0241 0.0036 0.0006 1.0000
0.0005 0.0042 0.0276 0.1833 1.0000 1.0000 1.0000 0.0011 0.0073 0.0482 0.3213 1.0000 1.0000 0.0003 0.0020 0.0139 0.0955 0.6644 1.0000 1.0000 0.0007 0.0053 0.0382 0.2807 1.0000 1.0000 0.0004 0.0027 0.0200 0.1502 1.0000 1.0000 0.0002 0.0015 0.0115 0.0875 0.6644 1.0000 1.0000 0.0009 0.0068 0.0517 0.3923 1.0000 1.0000 0.0005 0.0040 0.0305 0.2334 1.0000 1.0000 1.0000 0.2334 0.0305 0.0040 0.0005 1.0000 1.0000 0.3923 0.0517 0.0068 0.0009 1.0000 1.0000 0.6644 0.0875 0.0115 0.0015 0.0002 1.0000 1.0000 0.1502 0.0200 0.0027 0.0004 1.0000 1.0000 0.2807 0.0382 0.0053 0.0007 1.0000 1.0000 0.6644 0.0955 0.0139 0.0020 0.0003 1.0000 1.0000 0.3213 0.0482 0.0073 0.0011 1.0000 1.0000 1.0000 0.1833 0.0276 0.0042 0.0005
0.0039 0.0319 0.2094 1.0000 1.0000 1.0000 0.0013 0.0083 0.0551 0.3657 1.0000 1.0000 0.0003 0.0022 0.0151 0.1026 0.7021 1.0000 1.0000 0.0007 0.0052 0.0369 0.2662 1.0000 1.0000 0.0003 0.0024 0.0179 0.1337 1.0000 1.0000 1.0000 0.0013 0.0101 0.0764 0.5805 1.0000 1.0000 0.0008 0.0059 0.0451 0.3428 1.0000 1.0000 0.0005 0.0035 0.0267 0.2024 1.0000 1.0000 1.0000 1.0000 1.0000 0.2024 0.0267 0.0035 0.0005 1.0000 1.0000 0.3428 0.0451 0.0059 0.0008 1.0000 1.0000 0.5805 0.0764 0.0101 0.0013 1.0000 1.0000 1.0000 0.1337 0.0179 0.0024 0.0003 1.0000 1.0000 0.2662 0.0369 0.0052 0.0007 1.0000 1.0000 0.7021 0.1026 0.0151 0.0022 0.0003 1.0000 1.0000 0.3657 0.0551 0.0083 0.0013 1.0000 1.0000 1.0000 0.2094 0.0319 0.0039
0.0298 0.2429 1.0000 1.0000 0.0002 0.0014 0.0095 0.0631 0.4185 1.0000 1.0000 0.0004 0.0025 0.0169 0.1135 0.7662 1.0000 1.0000 0.0008 0.0053 0.0369 0.2611 1.0000 1.0000 0.0003 0.0022 0.0163 0.1211 0.9024 1.0000 1.0000 0.0012 0.0089 0.0672 0.5081 1.0000 1.0000 0.0007 0.0052 0.0394 0.2995 1.0000 1.0000 0.0004 0.0031 0.0233 0.1768 1.0000 1.0000 0.0002 0.0008 0.0002 1.0000 1.0000 0.1768 0.0233 0.0031 0.0004 1.0000 1.0000 0.2995 0.0394 0.0052 0.0007 1.0000 1.0000 0.5081 0.0672 0.0089 0.0012 1.0000 1.0000 0.9024 0.1211 0.0163 0.0022 0.0003 1.0000 1.0000 0.2611 0.0369 0.0053 0.0008 1.0000 1.0000 0.7662 0.1135 0.0169 0.0025 0.0004 1.0000 1.0000 0.4185 0.0631 0.0095 0.0014 0.0002 1.0000 1.0000 0.2429 0.0298
0.2264 1.0000 1.0000 0.0002 0.0016 0.0109 0.0722 0.4790 1.0000 1.0000 0.0004 0.0029 0.0191 0.1273 0.8524 1.0000 1.0000 0.0008 0.0055 0.0382 0.2662 1.0000 1.0000 0.0003 0.0021 0.0153 0.1120 0.8252 1.0000 1.0000 0.0010 0.0079 0.0595 0.4482 1.0000 1.0000 0.0006 0.0045 0.0345 0.2616 1.0000 1.0000 0.0004 0.0027 0.0203 0.1545 1.0000 1.0000 0.0002 0.0016 0.0055 0.0016 0.0002 1.0000 1.0000 0.1545 0.0203 0.0027 0.0004 1.0000 1.0000 0.2616 0.0345 0.0045 0.0006 1.0000 1.0000 0.4482 0.0595 0.0079 0.0010 1.0000 1.0000 0.8252 0.1120 0.0153 0.0021 0.0003 1.0000 1.0000 0.2662 0.0382 0.0055 0.0008 1.0000 1.0000 0.8524 0.1273 0.0191 0.0029 0.0004 1.0000 1.0000 0.4790 0.0722 0.0109 0.0016 0.0002 1.0000 1.0000 0.2264
1.0000 1.0000 0.0003 0.0019 0.0125 0.0826 0.5483 1.0000 1.0000 0.0005 0.0033 0.0217 0.1443 0.9608 1.0000 1.0000 0.0009 0.0060 0.0410 0.2807 1.0000 1.0000 0.0003 0.0021 0.0148 0.1064 0.7736 1.0000 1.0000 0.0010 0.0071 0.0531 0.3983 1.0000 1.0000 0.0005 0.0040 0.0301 0.2286 1.0000 1.0000 0.0003 0.0023 0.0178 0.1350 1.0000 1.0000 1.0000 0.0014 0.0107 0.0365 0.0107 0.0014 1.0000 1.0000 1.0000 0.1350 0.0178 0.0023 0.0003 1.0000 1.0000 0.2286 0.0301 0.0040 0.0005 1.0000 1.0000 0.3983 0.0531 0.0071 0.0010 1.0000 1.0000 0.7736 0.1064 0.0148 0.0021 0.0003 1.0000 1.0000 0.2807 0.0410 0.0060 0.0009 1.0000 1.0000 0.9608 0.1443 0.0217 0.0033 0.0005 1.0000 1.0000 0.5483 0.0826 0.0125 0.0019 0.0003 1.0000 1.0000
1.0000 0.0003 0.0021 0.0143 0.0946 0.6275 1.0000 1.0000 0.0006 0.0037 0.0248 0.1648 1.0000 1.0000 1.0000 0.0010 0.0067 0.0450 0.3046 1.0000 1.0000 0.0003 0.0021 0.0148 0.1046 0.7490 1.0000 1.0000 0.0009 0.0065 0.0482 0.3581 1.0000 1.0000 0.0005 0.0035 0.0265 0.2001 1.0000 1.0000 0.0003 0.0020 0.0155 0.1179 0.8956 1.0000 1.0000 0.0012 0.0092 0.0708 0.2425 0.0708 0.0092 0.0012 1.0000 1.0000 0.8956 0.1179 0.0155 0.0020 0.0003 1.0000 1.0000 0.2001 0.0265 0.0035 0.0005 1.0000 1.0000 0.3581 0.0482 0.0065 0.0009 1.0000 1.0000 0.7490 0.1046 0.0148 0.0021 0.0003 1.0000 1.0000 0.3046 0.0450 0.0067 0.0010 1.0000 1.0000 1.0000 0.1648 0.0248 0.0037 0.0006 1.0000 1.0000 0.6275 0.0946 0.0143 0.0021 0.0003 1.0000
0.0003 0.0025 0.0163 0.1083 0.7183 1.0000 1.0000 0.0006 0.0043 0.0284 0.1886 1.0000 1.0000 1.0000 0.0011 0.0075 0.0504 0.3382 1.0000 1.0000 0.0003 0.0022 0.0153 0.1064 0.7490 1.0000 1.0000 0.0008 0.0061 0.0446 0.3287 1.0000 1.0000 0.0004 0.0031 0.0235 0.1768 1.0000 1.0000 0.0002 0.0018 0.0136 0.1030 0.7824 1.0000 1.0000 0.0011 0.0080 0.0613 0.4700 1.0000 0.4700 0.0613 0.0080 0.0011 1.0000 1.0000 0.7824 0.1030 0.0136 0.0018 0.0002 1.0000 1.0000 0.1768 0.0235 0.0031 0.0004 1.0000 1.0000 0.3287 0.0446 0.0061 0.0008 1.0000 1.0000 0.7490 0.1064 0.0153 0.0022 0.0003 1.0000 1.0000 0.3382 0.0504 0.0075 0.0011 1.0000 1.0000 1.0000 0.1886 0.0284 0.0043 0.0006 1.0000 1.0000 0.7183 0.1083 0.0163 0.0025 0.0003
0.0023 0.0189 0.1237 0.8221 1.0000 1.0000 0.0007 0.0049 0.0325 0.2159 1.0000 1.0000 1.0000 0.0013 0.0086 0.0570 0.3806 1.0000 1.0000 0.0004 0.0024 0.0163 0.1120 0.7736 1.0000 1.0000 0.0008 0.0059 0.0426 0.3087 1.0000 1.0000 0.0004 0.0028 0.0210 0.1575 1.0000 1.0000 0.0002 0.0016 0.0119 0.0900 0.6836 1.0000 1.0000 0.0009 0.0070 0.0532 0.4068 1.0000 1.0000 1.0000 0.4068 0.0532 0.0070 0.0009 1.0000 1.0000 0.6836 0.0900 0.0119 0.0016 0.0002 1.0000 1.0000 0.1575 0.0210 0.0028 0.0004 1.0000 1.0000 0.3087 0.0426 0.0059 0.0008 1.0000 1.0000 0.7736 0.1120 0.0163 0.0024 0.0004 1.0000 1.0000 0.3806 0.0570 0.0086 0.0013 1.0000 1.0000 1.0000 0.2159 0.0325 0.0049 0.0007 1.0000 1.0000 0.8221 0.1237 0.0189 0.0023
0.0176 0.1432 0.9392 1.0000 1.0000 0.0008 0.0056 0.0372 0.2471 1.0000 1.0000 0.0002 0.0015 0.0098 0.0649 0.4315 1.0000 1.0000 0.0004 0.0027 0.0179 0.1211 0.8252 1.0000 1.0000 0.0008 0.0059 0.0419 0.2995 1.0000 1.0000 0.0004 0.0026 0.0191 0.1421 1.0000 1.0000 1.0000 0.0014 0.0105 0.0791 0.5984 1.0000 1.0000 0.0008 0.0061 0.0464 0.3527 1.0000 1.0000 1.0000 1.0000 1.0000 0.3527 0.0464 0.0061 0.0008 1.0000 1.0000 0.5984 0.0791 0.0105 0.0014 1.0000 1.0000 1.0000 0.1421 0.0191 0.0026 0.0004 1.0000 1.0000 0.2995 0.0419 0.0059 0.0008 1.0000 1.0000 0.8252 0.1211 0.0179 0.0027 0.0004 1.0000 1.0000 0.4315 0.0649 0.0098 0.0015 0.0002 1.0000 1.0000 0.2471 0.0372 0.0056 0.0008 1.0000 1.0000 0.9392 0.1432 0.0176
0.1337 1.0000 1.0000 1.0000 0.0010 0.0064 0.0426 0.2829 1.0000 1.0000 0.0003 0.0017 0.0112 0.0743 0.4929 1.0000 1.0000 0.0004 0.0030 0.0200 0.1337 0.9024 1.0000 1.0000 0.0009 0.0061 0.0426 0.2995 1.0000 1.0000 0.0003 0.0024 0.0178 0.1309 0.9663 1.0000 1.0000 0.0012 0.0093 0.0700 0.5278 1.0000 1.0000 0.0007 0.0053 0.0406 0.3081 1.0000 1.0000 0.0004 0.0014 0.0004 1.0000 1.0000 0.3081 0.0406 0.0053 0.0007 1.0000 1.0000 0.5278 0.0700 0.0093 0.0012 1.0000 1.0000 0.9663 0.1309 0.0178 0.0024 0.0003 1.0000 1.0000 0.2995 0.0426 0.0061 0.0009 1.0000 1.0000 0.9024 0.1337 0.0200 0.0030 0.0004 1.0000 1.0000 0.4929 0.0743 0.0112 0.0017 0.0003 1.0000 1.0000 0.2829 0.0426 0.0064 0.0010 1.0000 1.0000 1.0000 0.1337
1.0000 1.0000 1.0000 0.0011 0.0074 0.0488 0.3238 1.0000 1.0000 0.0003 0.0019 0.0128 0.0850 0.5641 1.0000 1.0000 0.0005 0.0034 0.0225 0.1502 1.0000 1.0000 1.0000 0.0010 0.0065 0.0446 0.3087 1.0000 1.0000 0.0003 0.0024 0.0170 0.1234 0.9007 1.0000 1.0000 0.0011 0.0083 0.0624 0.4691 1.0000 1.0000 0.0006 0.0047 0.0355 0.2692 1.0000 1.0000 0.0004 0.0028 0.0096 0.0028 0.0004 1.0000 1.0000 0.2692 0.0355 0.0047 0.0006 1.0000 1.0000 0.4691 0.0624 0.0083 0.0011 1.0000 1.0000 0.9007 0.1234 0.0170 0.0024 0.0003 1.0000 1.0000 0.3087 0.0446 0.0065 0.0010 1.0000 1.0000 1.0000 0.1502 0.0225 0.0034 0.0005 1.0000 1.0000 0.5641 0.0850 0.0128 0.0019 0.0003 1.0000 1.0000 0.3238 0.0488 0.0074 0.0011 1.0000 1.0000 1.0000
1.0000 1.0000 0.0013 0.0084 0.0559 0.3706 1.0000 1.0000 0.0003 0.0022 0.0147 0.0973 0.6457 1.0000 1.0000 0.0006 0.0039 0.0256 0.1702 1.0000 1.0000 1.0000 0.0010 0.0071 0.0482 0.3287 1.0000 1.0000 0.0003 0.0024 0.0168 0.1197 0.8621 1.0000 1.0000 0.0010 0.0076 0.0564 0.4201 1.0000 1.0000 0.0005 0.0041 0.0312 0.2357 1.0000 1.0000 0.0003 0.0024 0.0186 0.0637 0.0186 0.0024 0.0003 1.0000 1.0000 0.2357 0.0312 0.0041 0.0005 1.0000 1.0000 0.4201 0.0564 0.0076 0.0010 1.0000 1.0000 0.8621 0.1197 0.0168 0.0024 0.0003 1.0000 1.0000 0.3287 0.0482 0.0071 0.0010 1.0000 1.0000 1.0000 0.1702 0.0256 0.0039 0.0006 1.0000 1.0000 0.6457 0.0973 0.0147 0.0022 0.0003 1.0000 1.0000 0.3706 0.0559 0.0084 0.0013 1.0000 1.0000
0.0002 0.0015 0.0096 0.0639 0.4241 1.0000 1.0000 0.0004 0.0025 0.0168 0.1114 0.7391 1.0000 1.0000 0.0007 0.0044 0.0293 0.1941 1.0000 1.0000 1.0000 0.0012 0.0079 0.0531 0.3581 1.0000 1.0000 0.0004 0.0024 0.0170 0.1197 0.8507 1.0000 1.0000 0.0010 0.0071 0.0521 0.3842 1.0000 1.0000 0.0005 0.0037 0.0276 0.2079 1.0000 1.0000 0.0003 0.0021 0.0161 0.1234 0.4225 0.1234 0.0161 0.0021 0.0003 1.0000 1.0000 0.2079 0.0276 0.0037 0.0005 1.0000 1.0000 0.3842 0.0521 0.0071 0.0010 1.0000 1.0000 0.8507 0.1197 0.0170 0.0024 0.0004 1.0000 1.0000 0.3581 0.0531 0.0079 0.0012 1.0000 1.0000 1.0000 0.1941 0.0293 0.0044 0.0007 1.0000 1.0000 0.7391 0.1114 0.0168 0.0025 0.0004 1.0000 1.0000 0.4241 0.0639 0.0096 0.0015 0.0002
0.0014 0.0111 0.0730 0.4854 1.0000 1.0000 0.0004 0.0029 0.0192 0.1275 0.8459 1.0000 1.0000 0.0008 0.0050 0.0335 0.2222 1.0000 1.0000 0.0002 0.0013 0.0089 0.0595 0.3983 1.0000 1.0000 0.0004 0.0026 0.0178 0.1234 0.8621 1.0000 1.0000 0.0009 0.0068 0.0492 0.3588 1.0000 1.0000 0.0004 0.0033 0.0247 0.1851 1.0000 1.0000 0.0002 0.0018 0.0140 0.1068 0.8190 1.0000 0.8190 0.1068 0.0140 0.0018 0.0002 1.0000 1.0000 0.1851 0.0247 0.0033 0.0004 1.0000 1.0000 0.3588 0.0492 0.0068 0.0009 1.0000 1.0000 0.8621 0.1234 0.0178 0.0026 0.0004 1.0000 1.0000 0.3983 0.0595 0.0089 0.0013 0.0002 1.0000 1.0000 0.2222 0.0335 0.0050 0.0008 1.0000 1.0000 0.8459 0.1275 0.0192 0.0029 0.0004 1.0000 1.0000 0.4854 0.0730 0.0111 0.0014
0.0104 0.0847 0.5546 1.0000 1.0000 0.0005 0.0033 0.0220 0.1459 0.9682 1.0000 1.0000 0.0009 0.0058 0.0383 0.2543 1.0000 1.0000 0.0002 0.0015 0.0101 0.0672 0.4482 1.0000 1.0000 0.0004 0.0028 0.0191 0.1309 0.9007 1.0000 1.0000 0.0009 0.0067 0.0477 0.3434 1.0000 1.0000 0.0004 0.0030 0.0223 0.1664 1.0000 1.0000 0.0002 0.0016 0.0123 0.0928 0.7088 1.0000 1.0000 1.0000 0.7088 0.0928 0.0123 0.0016 0.0002 1.0000 1.0000 0.1664 0.0223 0.0030 0.0004 1.0000 1.0000 0.3434 0.0477 0.0067 0.0009 1.0000 1.0000 0.9007 0.1309 0.0191 0.0028 0.0004 1.0000 1.0000 0.4482 0.0672 0.0101 0.0015 0.0002 1.0000 1.0000 0.2543 0.0383 0.0058 0.0009 1.0000 1.0000 0.9682 0.1459 0.0220 0.0033 0.0005 1.0000 1.0000 0.5546 0.0847 0.0104
0.0790 0.6420 1.0000 1.0000 0.0006 0.0038 0.0252 0.1670 1.0000 1.0000 1.0000 0.0010 0.0066 0.0439 0.2910 1.0000 1.0000 0.0003 0.0017 0.0115 0.0764 0.5081 1.0000 1.0000 0.0005 0.0031 0.0210 0.1421 0.9663 1.0000 1.0000 0.0010 0.0068 0.0477 0.3389 1.0000 1.0000 0.0004 0.0028 0.0207 0.1522 1.0000 1.0000 1.0000 0.0014 0.0109 0.0820 0.6192 1.0000 1.0000 0.0004 1.0000 1.0000 0.6192 0.0820 0.0109 0.0014 1.0000 1.0000 1.0000 0.1522 0.0207 0.0028 0.0004 1.0000 1.0000 0.3389 0.0477 0.0068 0.0010 1.0000 1.0000 0.9663 0.1421 0.0210 0.0031 0.0005 1.0000 1.0000 0.5081 0.0764 0.0115 0.0017 0.0003 1.0000 1.0000 0.2910 0.0439 0.0066 0.0010 1.0000 1.0000 1.0000 0.1670 0.0252 0.0038 0.0006 1.0000 1.0000 0.6420 0.0790
0.5995 1.0000 1.0000 0.0007 0.0043 0.0288 0.1912 1.0000 1.0000 1.0000 0.0011 0.0076 0.0502 0.3331 1.0000 1.0000 0.0003 0.0020 0.0132 0.0875 0.5805 1.0000 1.0000 0.0005 0.0035 0.0235 0.1575 1.0000 1.0000 1.0000 0.0010 0.0071 0.0492 0.3434 1.0000 1.0000 0.0004 0.0027 0.0195 0.1426 1.0000 1.0000 1.0000 0.0013 0.0097 0.0730 0.5493 1.0000 1.0000 0.0007 0.0025 0.0007 1.0000 1.0000 0.5493 0.0730 0.0097 0.0013 1.0000 1.0000 1.0000 0.1426 0.0195 0.0027 0.0004 1.0000 1.0000 0.3434 0.0492 0.0071 0.0010 1.0000 1.0000 1.0000 0.1575 0.0235 0.0035 0.0005 1.0000 1.0000 0.5805 0.0875 0.0132 0.0020 0.0003 1.0000 1.0000 0.3331 0.0502 0.0076 0.0011 1.0000 1.0000 1.0000 0.1912 0.0288 0.0043 0.0007 1.0000 1.0000 0.5995
1.0000 1.0000 0.0007 0.0050 0.0330 0.2188 1.0000 1.0000 1.0000 0.0013 0.0087 0.0575 0.3813 1.0000 1.0000 0.0003 0.0023 0.0151 0.1001 0.6644 1.0000 1.0000 0.0006 0.0040 0.0265 0.1768 1.0000 1.0000 1.0000 0.0011 0.0076 0.0521 0.3588 1.0000 1.0000 0.0004 0.0027 0.0190 0.1368 0.9887 1.0000 1.0000 0.0012 0.0088 0.0658 0.4910 1.0000 1.0000 0.0006 0.0049 0.0169 0.0049 0.0006 1.0000 1.0000 0.4910 0.0658 0.0088 0.0012 1.0000 1.0000 0.9887 0.1368 0.0190 0.0027 0.0004 1.0000 1.0000 0.3588 0.0521 0.0076 0.0011 1.0000 1.0000 1.0000 0.1768 0.0265 0.0040 0.0006 1.0000 1.0000 0.6644 0.1001 0.0151 0.0023 0.0003 1.0000 1.0000 0.3813 0.0575 0.0087 0.0013 1.0000 1.0000 1.0000 0.2188 0.0330 0.0050 0.0007 1.0000 1.0000
1.0000 0.0009 0.0057 0.0377 0.2504 1.0000 1.0000 0.0002 0.0015 0.0099 0.0658 0.4364 1.0000 1.0000 0.0004 0.0026 0.0173 0.1146 0.7604 1.0000 1.0000 0.0007 0.0045 0.0301 0.2001 1.0000 1.0000 1.0000 0.0012 0.0083 0.0564 0.3842 1.0000 1.0000 0.0004 0.0027 0.0190 0.1347 0.9627 1.0000 1.0000 0.0011 0.0082 0.0604 0.4465 1.0000 1.0000 0.0006 0.0043 0.0330 0.1129 0.0330 0.0043 0.0006 1.0000 1.0000 0.4465 0.0604 0.0082 0.0011 1.0000 1.0000 0.9627 0.1347 0.0190 0.0027 0.0004 1.0000 1.0000 0.3842 0.0564 0.0083 0.0012 1.0000 1.0000 1.0000 0.2001 0.0301 0.0045 0.0007 1.0000 1.0000 0.7604 0.1146 0.0173 0.0026 0.0004 1.0000 1.0000 0.4364 0.0658 0.0099 0.0015 0.0002 1.0000 1.0000 0.2504 0.0377 0.0057 0.0009 1.0000
0.0008 0.0066 0.0431 0.2867 1.0000 1.0000 0.0003 0.0017 0.0113 0.0753 0.4995 1.0000 1.0000 0.0004 0.0030 0.0198 0.1312 0.8704 1.0000 1.0000 0.0008 0.0052 0.0345 0.2286 1.0000 1.0000 0.0002 0.0014 0.0093 0.0624 0.4201 1.0000 1.0000 0.0004 0.0028 0.0195 0.1368 0.9627 1.0000 1.0000 0.0011 0.0078 0.0567 0.4146 1.0000 1.0000 0.0005 0.0039 0.0291 0.2213 0.7561 0.2213 0.0291 0.0039 0.0005 1.0000 1.0000 0.4146 0.0567 0.0078 0.0011 1.0000 1.0000 0.9627 0.1368 0.0195 0.0028 0.0004 1.0000 1.0000 0.4201 0.0624 0.0093 0.0014 0.0002 1.0000 1.0000 0.2286 0.0345 0.0052 0.0008 1.0000 1.0000 0.8704 0.1312 0.0198 0.0030 0.0004 1.0000 1.0000 0.4995 0.0753 0.0113 0.0017 0.0003 1.0000 1.0000 0.2867 0.0431 0.0066 0.0008
0.0061 0.0499 0.3275 1.0000 1.0000 0.0003 0.0020 0.0130 0.0862 0.5717 1.0000 1.0000 0.0005 0.0034 0.0226 0.1502 0.9962 1.0000 1.0000 0.0009 0.0059 0.0394 0.2616 1.0000 1.0000 0.0002 0.0016 0.0105 0.0700 0.4691 1.0000 1.0000 0.0004 0.0030 0.0207 0.1426 0.9887 1.0000 1.0000 0.0011 0.0076 0.0545 0.3938 1.0000 1.0000 0.0005 0.0035 0.0261 0.1963 1.0000 1.0000 1.0000 0.1963 0.0261 0.0035 0.0005 1.0000 1.0000 0.3938 0.0545 0.0076 0.0011 1.0000 1.0000 0.9887 0.1426 0.0207 0.0030 0.0004 1.0000 1.0000 0.4691 0.0700 0.0105 0.0016 0.0002 1.0000 1.0000 0.2616 0.0394 0.0059 0.0009 1.0000 1.0000 0.9962 0.1502 0.0226 0.0034 0.0005 1.0000 1.0000 0.5717 0.0862 0.0130 0.0020 0.0003 1.0000 1.0000 0.3275 0.0499 0.0061
0.0466 0.3798 1.0000 1.0000 0.0003 0.0022 0.0149 0.0986 0.6544 1.0000 1.0000 0.0006 0.0039 0.0259 0.1719 1.0000 1.0000 1.0000 0.0010 0.0068 0.0451 0.2995 1.0000 1.0000 0.0003 0.0018 0.0119 0.0791 0.5278 1.0000 1.0000 0.0005 0.0033 0.0223 0.1522 1.0000 1.0000 1.0000 0.0011 0.0076 0.0537 0.3835 1.0000 1.0000 0.0004 0.0033 0.0240 0.1772 1.0000 1.0000 1.0000 1.0000 1.0000 0.1772 0.0240 0.0033 0.0004 1.0000 1.0000 0.3835 0.0537 0.0076 0.0011 1.0000 1.0000 1.0000 0.1522 0.0223 0.0033 0.0005 1.0000 1.0000 0.5278 0.0791 0.0119 0.0018 0.0003 1.0000 1.0000 0.2995 0.0451 0.0068 0.0010 1.0000 1.0000 1.0000 0.1719 0.0259 0.0039 0.0006 1.0000 1.0000 0.6544 0.0986 0.0149 0.0022 0.0003 1.0000 1.0000 0.3798 0.0466
0.3540 1.0000 1.0000 0.0004 0.0026 0.0170 0.1129 0.7490 1.0000 1.0000 0.0007 0.0045 0.0296 0.1967 1.0000 1.0000 1.0000 0.0012 0.0078 0.0517 0.3428 1.0000 1.0000 0.0003 0.0020 0.0136 0.0900 0.5984 1.0000 1.0000 0.0005 0.0037 0.0247 0.1664 1.0000 1.0000 1.0000 0.0011 0.0078 0.0545 0.3835 1.0000 1.0000 0.0004 0.0031 0.0225 0.1648 1.0000 1.0000 1.0000 0.0007 1.0000 1.0000 1.0000 0.1648 0.0225 0.0031 0.0004 1.0000 1.0000 0.3835 0.0545 0.0078 0.0011 1.0000 1.0000 1.0000 0.1664 0.0247 0.0037 0.0005 1.0000 1.0000 0.5984 0.0900 0.0136 0.0020 0.0003 1.0000 1.0000 0.3428 0.0517 0.0078 0.0012 1.0000 1.0000 1.0000 0.1967 0.0296 0.0045 0.0007 1.0000 1.0000 0.7490 0.1129 0.0170 0.0026 0.0004 1.0000 1.0000 0.3540
1.0000 1.0000 0.0004 0.0029 0.0195 0.1292 0.8572 1.0000 1.0000 0.0008 0.0051 0.0339 0.2251 1.0000 1.0000 0.0002 0.0013 0.0089 0.0591 0.3923 1.0000 1.0000 0.0004 0.0023 0.0155 0.1030 0.6836 1.0000 1.0000 0.0006 0.0041 0.0276 0.1851 1.0000 1.0000 1.0000 0.0012 0.0082 0.0567 0.3938 1.0000 1.0000 0.0004 0.0030 0.0217 0.1566 1.0000 1.0000 1.0000 0.0014 0.0048 0.0014 1.0000 1.0000 1.0000 0.1566 0.0217 0.0030 0.0004 1.0000 1.0000 0.3938 0.0567 0.0082 0.0012 1.0000 1.0000 1.0000 0.1851 0.0276 0.0041 0.0006 1.0000 1.0000 0.6836 0.1030 0.0155 0.0023 0.0004 1.0000 1.0000 0.3923 0.0591 0.0089 0.0013 0.0002 1.0000 1.0000 0.2251 0.0339 0.0051 0.0008 1.0000 1.0000 0.8572 0.1292 0.0195 0.0029 0.0004 1.0000 1.0000
1.0000 0.0005 0.0034 0.0223 0.1479 0.9812 1.0000 1.0000 0.0009 0.0059 0.0388 0.2577 1.0000 1.0000 0.0002 0.0015 0.0102 0.0677 0.4490 1.0000 1.0000 0.0004 0.0027 0.0178 0.1179 0.7824 1.0000 1.0000 0.0007 0.0047 0.0312 0.2079 1.0000 1.0000 1.0000 0.0013 0.0088 0.0604 0.4146 1.0000 1.0000 0.0004 0.0030 0.0214 0.1527 1.0000 1.0000 1.0000 0.0013 0.0097 0.0330 0.0097 0.0013 1.0000 1.0000 1.0000 0.1527 0.0214 0.0030 0.0004 1.0000 1.0000 0.4146 0.0604 0.0088 0.0013 1.0000 1.0000 1.0000 0.2079 0.0312 0.0047 0.0007 1.0000 1.0000 0.7824 0.1179 0.0178 0.0027 0.0004 1.0000 1.0000 0.4490 0.0677 0.0102 0.0015 0.0002 1.0000 1.0000 0.2577 0.0388 0.0059 0.0009 1.0000 1.0000 0.9812 0.1479 0.0223 0.0034 0.0005 1.0000
0.0005 0.0039 0.0255 0.1693 1.0000 1.0000 1.0000 0.0010 0.0067 0.0445 0.2949 1.0000 1.0000 0.0003 0.0018 0.0117 0.0775 0.5139 1.0000 1.0000 0.0005 0.0031 0.0203 0.1350 0.8956 1.0000 1.0000 0.0008 0.0053 0.0355 0.2357 1.0000 1.0000 0.0002 0.0014 0.0097 0.0658 0.4465 1.0000 1.0000 0.0004 0.0031 0.0217 0.1527 1.0000 1.0000 1.0000 0.0012 0.0090 0.0670 0.2264 0.0670 0.0090 0.0012 1.0000 1.0000 1.0000 0.1527 0.0217 0.0031 0.0004 1.0000 1.0000 0.4465 0.0658 0.0097 0.0014 0.0002 1.0000 1.0000 0.2357 0.0355 0.0053 0.0008 1.0000 1.0000 0.8956 0.1350 0.0203 0.0031 0.0005 1.0000 1.0000 0.5139 0.0775 0.0117 0.0018 0.0003 1.0000 1.0000 0.2949 0.0445 0.0067 0.0010 1.0000 1.0000 1.0000 0.1693 0.0255 0.0039 0.0005
0.0036 0.0295 0.1934 1.0000 1.0000 1.0000 0.0012 0.0077 0.0509 0.3376 1.0000 1.0000 0.0003 0.0020 0.0134 0.0887 0.5882 1.0000 1.0000 0.0005 0.0035 0.0233 0.1545 1.0000 1.0000 1.0000 0.0009 0.0061 0.0406 0.2692 1.0000 1.0000 0.0002 0.0016 0.0109 0.0730 0.4910 1.0000 1.0000 0.0005 0.0033 0.0225 0.1566 1.0000 1.0000 1.0000 0.0012 0.0086 0.0630 0.4638 1.0000 0.4638 0.0630 0.0086 0.0012 1.0000 1.0000 1.0000 0.1566 0.0225 0.0033 0.0005 1.0000 1.0000 0.4910 0.0730 0.0109 0.0016 0.0002 1.0000 1.0000 0.2692 0.0406 0.0061 0.0009 1.0000 1.0000 1.0000 0.1545 0.0233 0.0035 0.0005 1.0000 1.0000 0.5882 0.0887 0.0134 0.0020 0.0003 1.0000 1.0000 0.3376 0.0509 0.0077 0.0012 1.0000 1.0000 1.0000 0.1934 0.0295 0.0036
0.0275 0.2239 1.0000 1.0000 0.0002 0.0013 0.0088 0.0582 0.3864 1.0000 1.0000 0.0003 0.0023 0.0153 0.1015 0.6733 1.0000 1.0000 0.0006 0.0040 0.0267 0.1768 1.0000 1.0000 1.0000 0.0011 0.0070 0.0464 0.3081 1.0000 1.0000 0.0003 0.0018 0.0123 0.0820 0.5493 1.0000 1.0000 0.0005 0.0035 0.0240 0.1648 1.0000 1.0000 1.0000 0.0012 0.0085 0.0608 0.4406 1.0000 1.0000 1.0000 0.4406 0.0608 0.0085 0.0012 1.0000 1.0000 1.0000 0.1648 0.0240 0.0035 0.0005 1.0000 1.0000 0.5493 0.0820 0.0123 0.0018 0.0003 1.0000 1.0000 0.3081 0.0464 0.0070 0.0011 1.0000 1.0000 1.0000 0.1768 0.0267 0.0040 0.0006 1.0000 1.0000 0.6733 0.1015 0.0153 0.0023 0.0003 1.0000 1.0000 0.3864 0.0582 0.0088 0.0013 0.0002 1.0000 1.0000 0.2239 0.0275
0.2090 1.0000 1.0000 0.0002 0.0015 0.0100 0.0667 0.4423 1.0000 1.0000 0.0004 0.0026 0.0175 0.1162 0.7706 1.0000 1.0000 0.0007 0.0046 0.0305 0.2024 1.0000 1.0000 1.0000 0.0012 0.0080 0.0532 0.3527 1.0000 1.0000 0.0003 0.0021 0.0140 0.0928 0.6192 1.0000 1.0000 0.0006 0.0039 0.0261 0.1772 1.0000 1.0000 1.0000 0.0012 0.0086 0.0608 0.4306 1.0000 1.0000 0.0002 1.0000 1.0000 0.4306 0.0608 0.0086 0.0012 1.0000 1.0000 1.0000 0.1772 0.0261 0.0039 0.0006 1.0000 1.0000 0.6192 0.0928 0.0140 0.0021 0.0003 1.0000 1.0000 0.3527 0.0532 0.0080 0.0012 1.0000 1.0000 1.0000 0.2024 0.0305 0.0046 0.0007 1.0000 1.0000 0.7706 0.1162 0.0175 0.0026 0.0004 1.0000 1.0000 0.4423 0.0667 0.0100 0.0015 0.0002 1.0000 1.0000 0.2090
1.0000 1.0000 0.0003 0.0017 0.0116 0.0769 0.5101 1.0000 1.0000 0.0005 0.0030 0.0202 0.1340 0.8888 1.0000 1.0000 0.0008 0.0053 0.0352 0.2334 1.0000 1.0000 0.0002 0.0014 0.0092 0.0613 0.4068 1.0000 1.0000 0.0004 0.0024 0.0161 0.1068 0.7088 1.0000 1.0000 0.0006 0.0043 0.0291 0.1963 1.0000 1.0000 1.0000 0.0013 0.0090 0.0630 0.4406 1.0000 1.0000 0.0005 0.0017 0.0005 1.0000 1.0000 0.4406 0.0630 0.0090 0.0013 1.0000 1.0000 1.0000 0.1963 0.0291 0.0043 0.0006 1.0000 1.0000 0.7088 0.1068 0.0161 0.0024 0.0004 1.0000 1.0000 0.4068 0.0613 0.0092 0.0014 0.0002 1.0000 1.0000 0.2334 0.0352 0.0053 0.0008 1.0000 1.0000 0.8888 0.1340 0.0202 0.0030 0.0005 1.0000 1.0000 0.5101 0.0769 0.0116 0.0017 0.0003 1.0000 1.0000
1.0000 0.0003 0.0020 0.0134 0.0888 0.5894 1.0000 1.0000 0.0005 0.0035 0.0233 0.1548 1.0000 1.0000 1.0000 0.0009 0.0061 0.0407 0.2697 1.0000 1.0000 0.0002 0.0016 0.0107 0.0708 0.4700 1.0000 1.0000 0.0004 0.0028 0.0186 0.1234 0.8190 1.0000 1.0000 0.0007 0.0049 0.0330 0.2213 1.0000 1.0000 1.0000 0.0014 0.0097 0.0670 0.4638 1.0000 1.0000 0.0005 0.0036 0.0119 0.0036 0.0005 1.0000 1.0000 0.4638 0.0670 0.0097 0.0014 1.0000 1.0000 1.0000 0.2213 0.0330 0.0049 0.0007 1.0000 1.0000 0.8190 0.1234 0.0186 0.0028 0.0004 1.0000 1.0000 0.4700 0.0708 0.0107 0.0016 0.0002 1.0000 1.0000 0.2697 0.0407 0.0061 0.0009 1.0000 1.0000 1.0000 0.1548 0.0233 0.0035 0.0005 1.0000 1.0000 0.5894 0.0888 0.0134 0.0020 0.0003 1.0000
1.0000 0.0011 0.0069 0.0458 0.3041 1.0000 1.0000 0.0003 0.0018 0.0120 0.0799 0.5298 1.0000 1.0000 0.0005 0.0032 0.0210 0.1392 0.9232 1.0000 1.0000 0.0008 0.0055 0.0365 0.2425 1.0000 1.0000 1.0000 0.0014 0.0096 0.0637 0.4225 1.0000 1.0000 0.0004 0.0025 0.0169 0.1129 0.7561 1.0000 1.0000 0.0007 0.0048 0.0330 0.2264 1.0000 1.0000 0.0002 0.0017 0.0119 0.0370 0.0119 0.0017 0.0002 1.0000 1.0000 0.2264 0.0330 0.0048 0.0007 1.0000 1.0000 0.7561 0.1129 0.0169 0.0025 0.0004 1.0000 1.0000 0.4225 0.0637 0.0096 0.0014 1.0000 1.0000 1.0000 0.2425 0.0365 0.0055 0.0008 1.0000 1.0000 0.9232 0.1392 0.0210 0.0032 0.0005 1.0000 1.0000 0.5298 0.0799 0.0120 0.0018 0.0003 1.0000 1.0000 0.3041 0.0458 0.0069 0.0011 1.0000
1.0000 0.0003 0.0020 0.0134 0.0888 0.5894 1.0000 1.0000 0.0005 0.0035 0.0233 0.1548 1.0000 1.0000 1.0000 0.0009 0.0061 0.0407 0.2697 1.0000 1.0000 0.0002 0.0016 0.0107 0.0708 0.4700 1.0000 1.0000 0.0004 0.0028 0.0186 0.1234 0.8190 1.0000 1.0000 0.0007 0.0049 0.0330 0.2213 1.0000 1.0000 1.0000 0.0014 0.0097 0.0670 0.4638 1.0000 1.0000 0.0005 0.0036 0.0119 0.0036 0.0005 1.0000 1.0000 0.4638 0.0670 0.0097 0.0014 1.0000 1.0000 1.0000 0.2213 0.0330 0.0049 0.0007 1.0000 1.0000 0.8190 0.1234 0.0186 0.0028 0.0004 1.0000 1.0000 0.4700 0.0708 0.0107 0.0016 0.0002 1.0000 1.0000 0.2697 0.0407 0.0061 0.0009 1.0000 1.0000 1.0000 0.1548 0.0233 0.0035 0.0005 1.0000 1.0000 0.5894 0.0888 0.0134 0.0020 0.0003 1.0000
1.0000 1.0000 0.0003 0.0017 0.0116 0.0769 0.5101 1.0000 1.0000 0.0005 0.0030 0.0202 0.1340 0.8888 1.0000 1.0000 0.0008 0.0053 0.0352 0.2334 1.0000 1.0000 0.0002 0.0014 0.0092 0.0613 0.4068 1.0000 1.0000 0.0004 0.0024 0.0161 0.1068 0.7088 1.0000 1.0000 0.0006 0.0043 0.0291 0.1963 1.0000 1.0000 1.0000 0.0013 0.0090 0.0630 0.4406 1.0000 1.0000 0.0005 0.0017 0.0005 1.0000 1.0000 0.4406 0.0630 0.0090 0.0013 1.0000 1.0000 1.0000 0.1963 0.0291 0.0043 0.0006 1.0000 1.0000 0.7088 0.1068 0.0161 0.0024 0.0004 1.0000 1.0000 0.4068 0.0613 0.0092 0.0014 0.0002 1.0000 1.0000 0.2334 0.0352 0.0053 0.0008 1.0000 1.0000 0.8888 0.1340 0.0202 0.0030 0.0005 1.0000 1.0000 0.5101 0.0769 0.0116 0.0017 0.0003 1.0000 1.0000
0.2090 1.0000 1.0000 0.0002 0.0015 0.0100 0.0667 0.4423 1.0000 1.0000 0.0004 0.0026 0.0175 0.1162 0.7706 1.0000 1.0000 0.0007 0.0046 0.0305 0.2024 1.0000 1.0000 1.0000 0.0012 0.0080 0.0532 0.3527 1.0000 1.0000 0.0003 0.0021 0.0140 0.0928 0.6192 1.0000 1.0000 0.0006 0.0039 0.0261 0.1772 1.0000 1.0000 1.0000 0.0012 0.0086 0.0608 0.4306 1.0000 1.0000 0.0002 1.0000 1.0000 0.4306 0.0608 0.0086 0.0012 1.0000 1.0000 1.0000 0.1772 0.0261 0.0039 0.0006 1.0000 1.0000 0.6192 0.0928 0.0140 0.0021 0.0003 1.0000 1.0000 0.3527 0.0532 0.0080 0.0012 1.0000 1.0000 1.0000 0.2024 0.0305 0.0046 0.0007 1.0000 1.0000 0.7706 0.1162 0.0175 0.0026 0.0004 1.0000 1.0000 0.4423 0.0667 0.0100 0.0015 0.0002 1.0000 1.0000 0.2090
0.0275 0.2239 1.0000 1.0000 0.0002 0.0013 0.0088 0.0582 0.3864 1.0000 1.0000 0.0003 0.0023 0.0153 0.1015 0.6733 1.0000 1.0000 0.0006 0.0040 0.0267 0.1768 1.0000 1.0000 1.0000 0.0011 0.0070 0.0464 0.3081 1.0000 1.0000 0.0003 0.0018 0.0123 0.0820 0.5493 1.0000 1.0000 0.0005 0.0035 0.0240 0.1648 1.0000 1.0000 1.0000 0.0012 0.0085 0.0608 0.4406 1.0000 1.0000 1.0000 0.4406 0.0608 0.0085 0.0012 1.0000 1.0000 1.0000 0.1648 0.0240 0.0035 0.0005 1.0000 1.0000 0.5493 0.0820 0.0123 0.0018 0.0003 1.0000 1.0000 0.3081 0.0464 0.0070 0.0011 1.0000 1.0000 1.0000 0.1768 0.0267 0.0040 0.0006 1.0000 1.0000 0.6733 0.1015 0.0153 0.0023 0.0003 1.0000 1.0000 0.3864 0.0582 0.0088 0.0013 0.0002 1.0000 1.0000 0.2239 0.0275
0.0036 0.0295 0.1934 1.0000 1.0000 1.0000 0.0012 0.0077 0.0509 0.3376 1.0000 1.0000 0.0003 0.0020 0.0134 0.0887 0.5882 1.0000 1.0000 0.0005 0.0035 0.0233 0.1545 1.0000 1.0000 1.0000 0.0009 0.0061 0.0406 0.2692 1.0000 1.0000 0.0002 0.0016 0.0109 0.0730 0.4910 1.0000 1.0000 0.0005 0.0033 0.0225 0.1566 1.0000 1.0000 1.0000 0.0012 0.0086 0.0630 0.4638 1.0000 0.4638 0.0630 0.0086 0.0012 1.0000 1.0000 1.0000 0.1566 0.0225 0.0033 0.0005 1.0000 1.0000 0.4910 0.0730 0.0109 0.0016 0.0002 1.0000 1.0000 0.2692 0.0406 0.0061 0.0009 1.0000 1.0000 1.0000 0.1545 0.0233 0.0035 0.0005 1.0000 1.0000 0.5882 0.0887 0.0134 0.0020 0.0003 1.0000 1.0000 0.3376 0.0509 0.0077 0.0012 1.0000 1.0000 1.0000 0.1934 0.0295 0.0036
