-0.2401 -0.2750 -0.0517 0.1432 0.0948 -0.2092 -0.2758 -0.2836 -0.1572 0.0990 0.2177 -0.1692 -0.2645 -0.2884 -0.2379 0.0593 0.2243 -0.1222 -0.2510 -0.2881 -0.2679 0.0114 0.1915 -0.0436 -0.2358 -0.2831 -0.2764 -0.0648 0.1354 0.1222 -0.2031 -0.2743 -0.2847 -0.1730 0.0930 0.2240 -0.1629 -0.2626 -0.2887 -0.2452 0.0529 0.2206 -0.1134 -0.2488 -0.2876 -0.2695 0.0023 0.1845 -0.0257 -0.2317 -0.2683 -0.2317 -0.0257 0.1845 0.0023 -0.2695 -0.2876 -0.2488 -0.1134 0.2206 0.0529 -0.2452 -0.2887 -0.2626 -0.1629 0.2240 0.0930 -0.1730 -0.2847 -0.2743 -0.2031 0.1222 0.1354 -0.0648 -0.2764 -0.2831 -0.2358 -0.0436 0.1915 0.0114 -0.2679 -0.2881 -0.2510 -0.1222 0.2243 0.0593 -0.2379 -0.2884 -0.2645 -0.1692 0.2177 0.0990 -0.1572 -0.2836 -0.2758 -0.2092 0.0948 0.1432 -0.0517 -0.2750 -0.2401
-0.2750 -0.0301 0.1401 0.1462 -0.2438 -0.3259 -0.3210 -0.1544 0.0987 0.2405 -0.1838 -0.3165 -0.3304 -0.2522 0.0632 0.2280 -0.1210 -0.3046 -0.3335 -0.2930 0.0189 0.1862 -0.0136 -0.2910 -0.3313 -0.3092 -0.0547 0.1303 0.1757 -0.2334 -0.3247 -0.3230 -0.1729 0.0934 0.2425 -0.1750 -0.3149 -0.3312 -0.2616 0.0573 0.2228 -0.1094 -0.3026 -0.3336 -0.2958 0.0104 0.1765 0.0121 -0.2870 -0.3373 -0.3543 -0.3373 -0.2870 0.0121 0.1765 0.0104 -0.2958 -0.3336 -0.3026 -0.1094 0.2228 0.0573 -0.2616 -0.3312 -0.3149 -0.1750 0.2425 0.0934 -0.1729 -0.3230 -0.3247 -0.2334 0.1757 0.1303 -0.0547 -0.3092 -0.3313 -0.2910 -0.0136 0.1862 0.0189 -0.2930 -0.3335 -0.3046 -0.1210 0.2280 0.0632 -0.2522 -0.3304 -0.3165 -0.1838 0.2405 0.0987 -0.1544 -0.3210 -0.3259 -0.2438 0.1462 0.1401 -0.0301 -0.2750
-0.0517 0.1401 0.1630 -0.2336 -0.3238 -0.3230 -0.1843 0.0887 0.2429 -0.1692 -0.3134 -0.3314 -0.2674 0.0518 0.2190 -0.1007 -0.3009 -0.3331 -0.2971 0.0027 0.1691 0.0330 -0.2817 -0.3296 -0.3127 -0.0838 0.1187 0.2074 -0.2180 -0.3221 -0.3253 -0.2025 0.0830 0.2419 -0.1599 -0.3116 -0.3320 -0.2745 0.0456 0.2133 -0.0870 -0.2989 -0.3329 -0.2994 -0.0072 0.1593 0.0640 -0.2732 -0.3287 -0.3297 -0.2722 -0.3297 -0.3287 -0.2732 0.0640 0.1593 -0.0072 -0.2994 -0.3329 -0.2989 -0.0870 0.2133 0.0456 -0.2745 -0.3320 -0.3116 -0.1599 0.2419 0.0830 -0.2025 -0.3253 -0.3221 -0.2180 0.2074 0.1187 -0.0838 -0.3127 -0.3296 -0.2817 0.0330 0.1691 0.0027 -0.2971 -0.3331 -0.3009 -0.1007 0.2190 0.0518 -0.2674 -0.3314 -0.3134 -0.1692 0.2429 0.0887 -0.1843 -0.3230 -0.3238 -0.2336 0.1630 0.1401 -0.0517
0.1432 0.1462 -0.2336 -0.3230 -0.3242 -0.2043 0.0814 0.2410 -0.1547 -0.3105 -0.3323 -0.2787 0.0412 0.2092 -0.0767 -0.2975 -0.3327 -0.3010 -0.0144 0.1531 0.0859 -0.2656 -0.3281 -0.3164 -0.1142 0.1091 0.2276 -0.2030 -0.3197 -0.3276 -0.2268 0.0741 0.2375 -0.1440 -0.3085 -0.3328 -0.2841 0.0344 0.2032 -0.0600 -0.2954 -0.3323 -0.3035 -0.0260 0.1449 0.1171 -0.2551 -0.3270 -0.3180 -0.1266 0.0464 -0.1266 -0.3180 -0.3270 -0.2551 0.1171 0.1449 -0.0260 -0.3035 -0.3323 -0.2954 -0.0600 0.2032 0.0344 -0.2841 -0.3328 -0.3085 -0.1440 0.2375 0.0741 -0.2268 -0.3276 -0.3197 -0.2030 0.2276 0.1091 -0.1142 -0.3164 -0.3281 -0.2656 0.0859 0.1531 -0.0144 -0.3010 -0.3327 -0.2975 -0.0767 0.2092 0.0412 -0.2787 -0.3323 -0.3105 -0.1547 0.2410 0.0814 -0.2043 -0.3242 -0.3230 -0.2336 0.1462 0.1432
0.0948 -0.2438 -0.3238 -0.3242 -0.2114 0.0769 0.2378 -0.1420 -0.3078 -0.3328 -0.2868 0.0298 0.1991 -0.0473 -0.2940 -0.3319 -0.3051 -0.0348 0.1396 0.1373 -0.2482 -0.3262 -0.3198 -0.1461 0.1000 0.2387 -0.1883 -0.3171 -0.3295 -0.2470 0.0648 0.2306 -0.1267 -0.3053 -0.3332 -0.2910 0.0218 0.1909 -0.0259 -0.2918 -0.3313 -0.3075 -0.0485 0.1326 0.1637 -0.2385 -0.3250 -0.3215 -0.1627 0.0918 0.1858 0.0918 -0.1627 -0.3215 -0.3250 -0.2385 0.1637 0.1326 -0.0485 -0.3075 -0.3313 -0.2918 -0.0259 0.1909 0.0218 -0.2910 -0.3332 -0.3053 -0.1267 0.2306 0.0648 -0.2470 -0.3295 -0.3171 -0.1883 0.2387 0.1000 -0.1461 -0.3198 -0.3262 -0.2482 0.1373 0.1396 -0.0348 -0.3051 -0.3319 -0.2940 -0.0473 0.1991 0.0298 -0.2868 -0.3328 -0.3078 -0.1420 0.2378 0.0769 -0.2114 -0.3242 -0.3238 -0.2438 0.0948
-0.2092 -0.3259 -0.3230 -0.2043 0.0769 0.2362 -0.1340 -0.3057 -0.3329 -0.2921 0.0182 0.1864 -0.0114 -0.2904 -0.3308 -0.3092 -0.0588 0.1281 0.1795 -0.2319 -0.3242 -0.3229 -0.1770 0.0911 0.2427 -0.1735 -0.3143 -0.3310 -0.2631 0.0550 0.2219 -0.1073 -0.3020 -0.3332 -0.2958 0.0076 0.1746 0.0175 -0.2853 -0.3301 -0.3115 -0.0748 0.1219 0.1989 -0.2227 -0.3229 -0.3245 -0.1939 0.0860 0.2428 -0.0016 0.2428 0.0860 -0.1939 -0.3245 -0.3229 -0.2227 0.1989 0.1219 -0.0748 -0.3115 -0.3301 -0.2853 0.0175 0.1746 0.0076 -0.2958 -0.3332 -0.3020 -0.1073 0.2219 0.0550 -0.2631 -0.3310 -0.3143 -0.1735 0.2427 0.0911 -0.1770 -0.3229 -0.3242 -0.2319 0.1795 0.1281 -0.0588 -0.3092 -0.3308 -0.2904 -0.0114 0.1864 0.0182 -0.2921 -0.3329 -0.3057 -0.1340 0.2362 0.0769 -0.2043 -0.3230 -0.3259 -0.2092
-0.2758 -0.3210 -0.1843 0.0814 0.2378 -0.1340 -0.3049 -0.3329 -0.2949 0.0078 0.1726 0.0286 -0.2824 -0.3295 -0.3129 -0.0862 0.1178 0.2098 -0.2165 -0.3219 -0.3255 -0.2050 0.0822 0.2416 -0.1584 -0.3113 -0.3321 -0.2755 0.0446 0.2123 -0.0847 -0.2986 -0.3328 -0.2998 -0.0088 0.1578 0.0692 -0.2712 -0.3286 -0.3153 -0.1045 0.1120 0.2224 -0.2076 -0.3205 -0.3269 -0.2197 0.0770 0.2393 -0.1439 -0.2858 -0.1439 0.2393 0.0770 -0.2197 -0.3269 -0.3205 -0.2076 0.2224 0.1120 -0.1045 -0.3153 -0.3286 -0.2712 0.0692 0.1578 -0.0088 -0.2998 -0.3328 -0.2986 -0.0847 0.2123 0.0446 -0.2755 -0.3321 -0.3113 -0.1584 0.2416 0.0822 -0.2050 -0.3255 -0.3219 -0.2165 0.2098 0.1178 -0.0862 -0.3129 -0.3295 -0.2824 0.0286 0.1726 0.0078 -0.2949 -0.3329 -0.3049 -0.1340 0.2378 0.0814 -0.1843 -0.3210 -0.2758
-0.2836 -0.1544 0.0887 0.2410 -0.1420 -0.3057 -0.3329 -0.2957 0.0015 0.1631 0.0643 -0.2699 -0.3282 -0.3161 -0.1148 0.1087 0.2288 -0.2017 -0.3194 -0.3278 -0.2290 0.0732 0.2369 -0.1423 -0.3082 -0.3328 -0.2849 0.0332 0.2021 -0.0570 -0.2951 -0.3322 -0.3039 -0.0281 0.1436 0.1221 -0.2534 -0.3268 -0.3188 -0.1362 0.1028 0.2361 -0.1929 -0.3179 -0.3290 -0.2412 0.0677 0.2329 -0.1328 -0.3078 -0.3377 -0.3078 -0.1328 0.2329 0.0677 -0.2412 -0.3290 -0.3179 -0.1929 0.2361 0.1028 -0.1362 -0.3188 -0.3268 -0.2534 0.1221 0.1436 -0.0281 -0.3039 -0.3322 -0.2951 -0.0570 0.2021 0.0332 -0.2849 -0.3328 -0.3082 -0.1423 0.2369 0.0732 -0.2290 -0.3278 -0.3194 -0.2017 0.2288 0.1087 -0.1148 -0.3161 -0.3282 -0.2699 0.0643 0.1631 0.0015 -0.2957 -0.3329 -0.3057 -0.1420 0.2410 0.0887 -0.1544 -0.2836
-0.1572 0.0987 0.2429 -0.1547 -0.3078 -0.3329 -0.2949 0.0015 0.1599 0.0849 -0.2602 -0.3270 -0.3186 -0.1409 0.1007 0.2387 -0.1877 -0.3168 -0.3296 -0.2486 0.0639 0.2298 -0.1249 -0.3050 -0.3332 -0.2915 0.0205 0.1894 -0.0220 -0.2914 -0.3312 -0.3079 -0.0509 0.1315 0.1677 -0.2369 -0.3248 -0.3220 -0.1676 0.0938 0.2421 -0.1782 -0.3152 -0.3306 -0.2585 0.0581 0.2247 -0.1137 -0.3032 -0.3430 -0.3489 -0.3430 -0.3032 -0.1137 0.2247 0.0581 -0.2585 -0.3306 -0.3152 -0.1782 0.2421 0.0938 -0.1676 -0.3220 -0.3248 -0.2369 0.1677 0.1315 -0.0509 -0.3079 -0.3312 -0.2914 -0.0220 0.1894 0.0205 -0.2915 -0.3332 -0.3050 -0.1249 0.2298 0.0639 -0.2486 -0.3296 -0.3168 -0.1877 0.2387 0.1007 -0.1409 -0.3186 -0.3270 -0.2602 0.0849 0.1599 0.0015 -0.2949 -0.3329 -0.3078 -0.1547 0.2429 0.0987 -0.1572
0.0990 0.2405 -0.1692 -0.3105 -0.3328 -0.2921 0.0078 0.1631 0.0849 -0.2568 -0.3262 -0.3201 -0.1611 0.0942 0.2424 -0.1750 -0.3143 -0.3310 -0.2639 0.0543 0.2211 -0.1052 -0.3017 -0.3332 -0.2962 0.0061 0.1728 0.0223 -0.2841 -0.3300 -0.3119 -0.0776 0.1209 0.2017 -0.2212 -0.3226 -0.3248 -0.1967 0.0850 0.2424 -0.1631 -0.3122 -0.3318 -0.2720 0.0479 0.2154 -0.0921 -0.2997 -0.3328 -0.3079 -0.1579 -0.3079 -0.3328 -0.2997 -0.0921 0.2154 0.0479 -0.2720 -0.3318 -0.3122 -0.1631 0.2424 0.0850 -0.1967 -0.3248 -0.3226 -0.2212 0.2017 0.1209 -0.0776 -0.3119 -0.3300 -0.2841 0.0223 0.1728 0.0061 -0.2962 -0.3332 -0.3017 -0.1052 0.2211 0.0543 -0.2639 -0.3310 -0.3143 -0.1750 0.2424 0.0942 -0.1611 -0.3201 -0.3262 -0.2568 0.0849 0.1631 0.0078 -0.2921 -0.3328 -0.3105 -0.1692 0.2405 0.0990
0.2177 -0.1838 -0.3134 -0.3323 -0.2868 0.0182 0.1726 0.0643 -0.2602 -0.3262 -0.3207 -0.1720 0.0897 0.2428 -0.1644 -0.3120 -0.3319 -0.2751 0.0445 0.2118 -0.0827 -0.2983 -0.3328 -0.3002 -0.0106 0.1562 0.0745 -0.2694 -0.3284 -0.3157 -0.1076 0.1111 0.2242 -0.2062 -0.3202 -0.3272 -0.2220 0.0760 0.2387 -0.1474 -0.3092 -0.3327 -0.2823 0.0368 0.2053 -0.0662 -0.2962 -0.3323 -0.3022 -0.0189 0.0812 -0.0189 -0.3022 -0.3323 -0.2962 -0.0662 0.2053 0.0368 -0.2823 -0.3327 -0.3092 -0.1474 0.2387 0.0760 -0.2220 -0.3272 -0.3202 -0.2062 0.2242 0.1111 -0.1076 -0.3157 -0.3284 -0.2694 0.0745 0.1562 -0.0106 -0.3002 -0.3328 -0.2983 -0.0827 0.2118 0.0445 -0.2751 -0.3319 -0.3120 -0.1644 0.2428 0.0897 -0.1720 -0.3207 -0.3262 -0.2602 0.0643 0.1726 0.0182 -0.2868 -0.3323 -0.3134 -0.1838 0.2177
-0.1692 -0.3165 -0.3314 -0.2787 0.0298 0.1864 0.0286 -0.2699 -0.3270 -0.3201 -0.1720 0.0881 0.2423 -0.1570 -0.3102 -0.3324 -0.2827 0.0350 0.2029 -0.0572 -0.2949 -0.3321 -0.3042 -0.0300 0.1423 0.1271 -0.2517 -0.3266 -0.3191 -0.1394 0.1019 0.2370 -0.1914 -0.3176 -0.3292 -0.2431 0.0668 0.2322 -0.1305 -0.3060 -0.3331 -0.2897 0.0246 0.1942 -0.0338 -0.2926 -0.3315 -0.3066 -0.0421 0.1268 0.2232 0.1268 -0.0421 -0.3066 -0.3315 -0.2926 -0.0338 0.1942 0.0246 -0.2897 -0.3331 -0.3060 -0.1305 0.2322 0.0668 -0.2431 -0.3292 -0.3176 -0.1914 0.2370 0.1019 -0.1394 -0.3191 -0.3266 -0.2517 0.1271 0.1423 -0.0300 -0.3042 -0.3321 -0.2949 -0.0572 0.2029 0.0350 -0.2827 -0.3324 -0.3102 -0.1570 0.2423 0.0881 -0.1720 -0.3201 -0.3270 -0.2699 0.0286 0.1864 0.0298 -0.2787 -0.3314 -0.3165 -0.1692
-0.2645 -0.3304 -0.2674 0.0412 0.1991 -0.0114 -0.2824 -0.3282 -0.3186 -0.1611 0.0897 0.2423 -0.1542 -0.3091 -0.3326 -0.2873 0.0266 0.1949 -0.0293 -0.2918 -0.3312 -0.3079 -0.0524 0.1306 0.1713 -0.2353 -0.3246 -0.3223 -0.1706 0.0930 0.2424 -0.1767 -0.3149 -0.3307 -0.2600 0.0572 0.2239 -0.1116 -0.3027 -0.3332 -0.2949 0.0108 0.1786 0.0075 -0.2878 -0.3304 -0.3107 -0.0689 0.1238 0.2050 -0.1310 0.2050 0.1238 -0.0689 -0.3107 -0.3304 -0.2878 0.0075 0.1786 0.0108 -0.2949 -0.3332 -0.3027 -0.1116 0.2239 0.0572 -0.2600 -0.3307 -0.3149 -0.1767 0.2424 0.0930 -0.1706 -0.3223 -0.3246 -0.2353 0.1713 0.1306 -0.0524 -0.3079 -0.3312 -0.2918 -0.0293 0.1949 0.0266 -0.2873 -0.3326 -0.3091 -0.1542 0.2423 0.0897 -0.1611 -0.3186 -0.3282 -0.2824 -0.0114 0.1991 0.0412 -0.2674 -0.3304 -0.2645
-0.2884 -0.2522 0.0518 0.2092 -0.0473 -0.2904 -0.3295 -0.3161 -0.1409 0.0942 0.2428 -0.1570 -0.3091 -0.3327 -0.2894 0.0207 0.1870 -0.0019 -0.2890 -0.3302 -0.3114 -0.0765 0.1208 0.2031 -0.2200 -0.3224 -0.3250 -0.1994 0.0841 0.2422 -0.1616 -0.3120 -0.3319 -0.2732 0.0469 0.2144 -0.0898 -0.2993 -0.3329 -0.2990 -0.0051 0.1611 0.0578 -0.2752 -0.3289 -0.3145 -0.0980 0.1141 0.2176 -0.2072 -0.3028 -0.2072 0.2176 0.1141 -0.0980 -0.3145 -0.3289 -0.2752 0.0578 0.1611 -0.0051 -0.2990 -0.3329 -0.2993 -0.0898 0.2144 0.0469 -0.2732 -0.3319 -0.3120 -0.1616 0.2422 0.0841 -0.1994 -0.3250 -0.3224 -0.2200 0.2031 0.1208 -0.0765 -0.3114 -0.3302 -0.2890 -0.0019 0.1870 0.0207 -0.2894 -0.3327 -0.3091 -0.1570 0.2428 0.0942 -0.1409 -0.3161 -0.3295 -0.2904 -0.0473 0.2092 0.0518 -0.2522 -0.2884
-0.2379 0.0632 0.2190 -0.0767 -0.2940 -0.3308 -0.3129 -0.1148 0.1007 0.2424 -0.1644 -0.3102 -0.3326 -0.2894 0.0185 0.1812 0.0188 -0.2839 -0.3292 -0.3141 -0.1004 0.1124 0.2231 -0.2062 -0.3201 -0.3272 -0.2240 0.0752 0.2382 -0.1458 -0.3089 -0.3327 -0.2831 0.0357 0.2043 -0.0634 -0.2958 -0.3324 -0.3030 -0.0237 0.1464 0.1113 -0.2571 -0.3272 -0.3181 -0.1295 0.1047 0.2339 -0.1964 -0.3218 -0.3477 -0.3218 -0.1964 0.2339 0.1047 -0.1295 -0.3181 -0.3272 -0.2571 0.1113 0.1464 -0.0237 -0.3030 -0.3324 -0.2958 -0.0634 0.2043 0.0357 -0.2831 -0.3327 -0.3089 -0.1458 0.2382 0.0752 -0.2240 -0.3272 -0.3201 -0.2062 0.2231 0.1124 -0.1004 -0.3141 -0.3292 -0.2839 0.0188 0.1812 0.0185 -0.2894 -0.3326 -0.3102 -0.1644 0.2424 0.1007 -0.1148 -0.3129 -0.3308 -0.2940 -0.0767 0.2190 0.0632 -0.2379
0.0593 0.2280 -0.1007 -0.2975 -0.3319 -0.3092 -0.0862 0.1087 0.2387 -0.1750 -0.3120 -0.3324 -0.2873 0.0207 0.1812 0.0264 -0.2785 -0.3285 -0.3160 -0.1208 0.1056 0.2344 -0.1938 -0.3178 -0.3290 -0.2437 0.0663 0.2316 -0.1289 -0.3057 -0.3331 -0.2903 0.0233 0.1926 -0.0302 -0.2922 -0.3314 -0.3071 -0.0458 0.1339 0.1590 -0.2403 -0.3253 -0.3213 -0.1611 0.0957 0.2414 -0.1813 -0.3158 -0.3432 -0.3336 -0.3432 -0.3158 -0.1813 0.2414 0.0957 -0.1611 -0.3213 -0.3253 -0.2403 0.1590 0.1339 -0.0458 -0.3071 -0.3314 -0.2922 -0.0302 0.1926 0.0233 -0.2903 -0.3331 -0.3057 -0.1289 0.2316 0.0663 -0.2437 -0.3290 -0.3178 -0.1938 0.2344 0.1056 -0.1208 -0.3160 -0.3285 -0.2785 0.0264 0.1812 0.0207 -0.2873 -0.3324 -0.3120 -0.1750 0.2387 0.1087 -0.0862 -0.3092 -0.3319 -0.2975 -0.1007 0.2280 0.0593
0.2243 -0.1210 -0.3009 -0.3327 -0.3051 -0.0588 0.1178 0.2288 -0.1877 -0.3143 -0.3319 -0.2827 0.0266 0.1870 0.0188 -0.2785 -0.3283 -0.3170 -0.1342 0.1007 0.2398 -0.1832 -0.3157 -0.3304 -0.2587 0.0574 0.2237 -0.1106 -0.3025 -0.3332 -0.2953 0.0093 0.1767 0.0121 -0.2866 -0.3302 -0.3111 -0.0716 0.1230 0.1955 -0.2245 -0.3231 -0.3242 -0.1908 0.0869 0.2427 -0.1664 -0.3128 -0.3313 -0.2674 -0.0345 -0.2674 -0.3313 -0.3128 -0.1664 0.2427 0.0869 -0.1908 -0.3242 -0.3231 -0.2245 0.1955 0.1230 -0.0716 -0.3111 -0.3302 -0.2866 0.0121 0.1767 0.0093 -0.2953 -0.3332 -0.3025 -0.1106 0.2237 0.0574 -0.2587 -0.3304 -0.3157 -0.1832 0.2398 0.1007 -0.1342 -0.3170 -0.3283 -0.2785 0.0188 0.1870 0.0266 -0.2827 -0.3319 -0.3143 -0.1877 0.2288 0.1178 -0.0588 -0.3051 -0.3327 -0.3009 -0.1210 0.2243
-0.1222 -0.3046 -0.3331 -0.3010 -0.0348 0.1281 0.2098 -0.2017 -0.3168 -0.3310 -0.2751 0.0350 0.1949 -0.0019 -0.2839 -0.3285 -0.3170 -0.1387 0.0982 0.2417 -0.1754 -0.3139 -0.3313 -0.2695 0.0489 0.2155 -0.0909 -0.2993 -0.3329 -0.2992 -0.0067 0.1596 0.0631 -0.2733 -0.3288 -0.3149 -0.1010 0.1131 0.2203 -0.2093 -0.3208 -0.3267 -0.2170 0.0779 0.2397 -0.1508 -0.3099 -0.3324 -0.2797 0.0396 0.1176 0.0396 -0.2797 -0.3324 -0.3099 -0.1508 0.2397 0.0779 -0.2170 -0.3267 -0.3208 -0.2093 0.2203 0.1131 -0.1010 -0.3149 -0.3288 -0.2733 0.0631 0.1596 -0.0067 -0.2992 -0.3329 -0.2993 -0.0909 0.2155 0.0489 -0.2695 -0.3313 -0.3139 -0.1754 0.2417 0.0982 -0.1387 -0.3170 -0.3285 -0.2839 -0.0019 0.1949 0.0350 -0.2751 -0.3310 -0.3168 -0.2017 0.2098 0.1281 -0.0348 -0.3010 -0.3331 -0.3046 -0.1222
-0.2510 -0.3335 -0.2971 -0.0144 0.1396 0.1795 -0.2165 -0.3194 -0.3296 -0.2639 0.0445 0.2029 -0.0293 -0.2890 -0.3292 -0.3160 -0.1342 0.0982 0.2422 -0.1713 -0.3127 -0.3318 -0.2766 0.0413 0.2078 -0.0698 -0.2963 -0.3323 -0.3029 -0.0246 0.1454 0.1157 -0.2555 -0.3270 -0.3184 -0.1326 0.1038 0.2350 -0.1945 -0.3182 -0.3288 -0.2390 0.0688 0.2337 -0.1342 -0.3067 -0.3331 -0.2884 0.0279 0.1774 0.2227 0.1774 0.0279 -0.2884 -0.3331 -0.3067 -0.1342 0.2337 0.0688 -0.2390 -0.3288 -0.3182 -0.1945 0.2350 0.1038 -0.1326 -0.3184 -0.3270 -0.2555 0.1157 0.1454 -0.0246 -0.3029 -0.3323 -0.2963 -0.0698 0.2078 0.0413 -0.2766 -0.3318 -0.3127 -0.1713 0.2422 0.0982 -0.1342 -0.3160 -0.3292 -0.2890 -0.0293 0.2029 0.0445 -0.2639 -0.3296 -0.3194 -0.2165 0.1795 0.1396 -0.0144 -0.2971 -0.3335 -0.2510
-0.2881 -0.2930 0.0027 0.1531 0.1373 -0.2319 -0.3219 -0.3278 -0.2486 0.0543 0.2118 -0.0572 -0.2918 -0.3302 -0.3141 -0.1208 0.1007 0.2417 -0.1713 -0.3123 -0.3320 -0.2805 0.0355 0.2016 -0.0488 -0.2936 -0.3316 -0.3064 -0.0442 0.1339 0.1605 -0.2392 -0.3251 -0.3216 -0.1642 0.0948 0.2418 -0.1798 -0.3155 -0.3304 -0.2568 0.0592 0.2257 -0.1158 -0.3034 -0.3332 -0.2939 0.0139 0.1811 0.0159 -0.2191 0.0159 0.1811 0.0139 -0.2939 -0.3332 -0.3034 -0.1158 0.2257 0.0592 -0.2568 -0.3304 -0.3155 -0.1798 0.2418 0.0948 -0.1642 -0.3216 -0.3251 -0.2392 0.1605 0.1339 -0.0442 -0.3064 -0.3316 -0.2936 -0.0488 0.2016 0.0355 -0.2805 -0.3320 -0.3123 -0.1713 0.2417 0.1007 -0.1208 -0.3141 -0.3302 -0.2918 -0.0572 0.2118 0.0543 -0.2486 -0.3278 -0.3219 -0.2319 0.1373 0.1531 0.0027 -0.2930 -0.2881
-0.2679 0.0189 0.1691 0.0859 -0.2482 -0.3242 -0.3255 -0.2290 0.0639 0.2211 -0.0827 -0.2949 -0.3312 -0.3114 -0.1004 0.1056 0.2398 -0.1754 -0.3127 -0.3320 -0.2817 0.0324 0.1975 -0.0313 -0.2914 -0.3309 -0.3094 -0.0647 0.1246 0.1932 -0.2247 -0.3230 -0.3243 -0.1930 0.0860 0.2426 -0.1649 -0.3126 -0.3317 -0.2707 0.0491 0.2165 -0.0947 -0.3001 -0.3330 -0.2981 -0.0015 0.1647 0.0449 -0.2759 -0.3186 -0.2759 0.0449 0.1647 -0.0015 -0.2981 -0.3330 -0.3001 -0.0947 0.2165 0.0491 -0.2707 -0.3317 -0.3126 -0.1649 0.2426 0.0860 -0.1930 -0.3243 -0.3230 -0.2247 0.1932 0.1246 -0.0647 -0.3094 -0.3309 -0.2914 -0.0313 0.1975 0.0324 -0.2817 -0.3320 -0.3127 -0.1754 0.2398 0.1056 -0.1004 -0.3114 -0.3312 -0.2949 -0.0827 0.2211 0.0639 -0.2290 -0.3255 -0.3242 -0.2482 0.0859 0.1691 0.0189 -0.2679
0.0114 0.1862 0.0330 -0.2656 -0.3262 -0.3229 -0.2050 0.0732 0.2298 -0.1052 -0.2983 -0.3321 -0.3079 -0.0765 0.1124 0.2344 -0.1832 -0.3139 -0.3318 -0.2805 0.0324 0.1961 -0.0212 -0.2900 -0.3302 -0.3117 -0.0837 0.1171 0.2145 -0.2118 -0.3210 -0.3265 -0.2174 0.0775 0.2394 -0.1493 -0.3096 -0.3326 -0.2813 0.0381 0.2065 -0.0694 -0.2966 -0.3325 -0.3021 -0.0195 0.1493 0.1000 -0.2612 -0.3333 -0.3531 -0.3333 -0.2612 0.1000 0.1493 -0.0195 -0.3021 -0.3325 -0.2966 -0.0694 0.2065 0.0381 -0.2813 -0.3326 -0.3096 -0.1493 0.2394 0.0775 -0.2174 -0.3265 -0.3210 -0.2118 0.2145 0.1171 -0.0837 -0.3117 -0.3302 -0.2900 -0.0212 0.1961 0.0324 -0.2805 -0.3318 -0.3139 -0.1832 0.2344 0.1124 -0.0765 -0.3079 -0.3321 -0.2983 -0.1052 0.2298 0.0732 -0.2050 -0.3229 -0.3262 -0.2656 0.0330 0.1862 0.0114
0.1915 -0.0136 -0.2817 -0.3281 -0.3198 -0.1770 0.0822 0.2369 -0.1249 -0.3017 -0.3328 -0.3042 -0.0524 0.1208 0.2231 -0.1938 -0.3157 -0.3313 -0.2766 0.0355 0.1975 -0.0212 -0.2895 -0.3299 -0.3130 -0.0982 0.1115 0.2271 -0.2009 -0.3189 -0.3283 -0.2369 0.0692 0.2337 -0.1333 -0.3065 -0.3331 -0.2890 0.0261 0.1960 -0.0379 -0.2930 -0.3317 -0.3062 -0.0408 0.1364 0.1497 -0.2437 -0.3257 -0.3356 -0.2999 -0.3356 -0.3257 -0.2437 0.1497 0.1364 -0.0408 -0.3062 -0.3317 -0.2930 -0.0379 0.1960 0.0261 -0.2890 -0.3331 -0.3065 -0.1333 0.2337 0.0692 -0.2369 -0.3283 -0.3189 -0.2009 0.2271 0.1115 -0.0982 -0.3130 -0.3299 -0.2895 -0.0212 0.1975 0.0355 -0.2766 -0.3313 -0.3157 -0.1938 0.2231 0.1208 -0.0524 -0.3042 -0.3328 -0.3017 -0.1249 0.2369 0.0822 -0.1770 -0.3198 -0.3281 -0.2817 -0.0136 0.1915
-0.0436 -0.2910 -0.3296 -0.3164 -0.1461 0.0911 0.2416 -0.1423 -0.3050 -0.3332 -0.3002 -0.0300 0.1306 0.2031 -0.2062 -0.3178 -0.3304 -0.2695 0.0413 0.2016 -0.0313 -0.2900 -0.3299 -0.3135 -0.1058 0.1081 0.2335 -0.1926 -0.3172 -0.3296 -0.2517 0.0612 0.2268 -0.1167 -0.3034 -0.3332 -0.2943 0.0125 0.1807 0.0024 -0.2891 -0.3305 -0.3103 -0.0658 0.1252 0.1888 -0.2277 -0.3235 -0.3232 -0.1785 0.0293 -0.1785 -0.3232 -0.3235 -0.2277 0.1888 0.1252 -0.0658 -0.3103 -0.3305 -0.2891 0.0024 0.1807 0.0125 -0.2943 -0.3332 -0.3034 -0.1167 0.2268 0.0612 -0.2517 -0.3296 -0.3172 -0.1926 0.2335 0.1081 -0.1058 -0.3135 -0.3299 -0.2900 -0.0313 0.2016 0.0413 -0.2695 -0.3304 -0.3178 -0.2062 0.2031 0.1306 -0.0300 -0.3002 -0.3332 -0.3050 -0.1423 0.2416 0.0911 -0.1461 -0.3164 -0.3296 -0.2910 -0.0436
-0.2358 -0.3313 -0.3127 -0.1142 0.1000 0.2427 -0.1584 -0.3082 -0.3332 -0.2962 -0.0106 0.1423 0.1713 -0.2200 -0.3201 -0.3290 -0.2587 0.0489 0.2078 -0.0488 -0.2914 -0.3302 -0.3130 -0.1058 0.1069 0.2361 -0.1873 -0.3159 -0.3304 -0.2619 0.0540 0.2197 -0.0995 -0.3005 -0.3330 -0.2981 -0.0024 0.1633 0.0515 -0.2773 -0.3291 -0.3141 -0.0946 0.1151 0.2160 -0.2125 -0.3213 -0.3260 -0.2102 0.0781 0.1626 0.0781 -0.2102 -0.3260 -0.3213 -0.2125 0.2160 0.1151 -0.0946 -0.3141 -0.3291 -0.2773 0.0515 0.1633 -0.0024 -0.2981 -0.3330 -0.3005 -0.0995 0.2197 0.0540 -0.2619 -0.3304 -0.3159 -0.1873 0.2361 0.1069 -0.1058 -0.3130 -0.3302 -0.2914 -0.0488 0.2078 0.0489 -0.2587 -0.3290 -0.3201 -0.2200 0.1713 0.1423 -0.0106 -0.2962 -0.3332 -0.3082 -0.1584 0.2427 0.1000 -0.1142 -0.3127 -0.3313 -0.2358
-0.2831 -0.3092 -0.0838 0.1091 0.2387 -0.1735 -0.3113 -0.3328 -0.2915 0.0061 0.1562 0.1271 -0.2353 -0.3224 -0.3272 -0.2437 0.0574 0.2155 -0.0698 -0.2936 -0.3309 -0.3117 -0.0982 0.1081 0.2361 -0.1854 -0.3153 -0.3309 -0.2682 0.0482 0.2135 -0.0828 -0.2978 -0.3326 -0.3015 -0.0185 0.1493 0.1025 -0.2595 -0.3274 -0.3177 -0.1259 0.1057 0.2326 -0.1976 -0.3188 -0.3284 -0.2347 0.0710 0.2251 0.0848 0.2251 0.0710 -0.2347 -0.3284 -0.3188 -0.1976 0.2326 0.1057 -0.1259 -0.3177 -0.3274 -0.2595 0.1025 0.1493 -0.0185 -0.3015 -0.3326 -0.2978 -0.0828 0.2135 0.0482 -0.2682 -0.3309 -0.3153 -0.1854 0.2361 0.1081 -0.0982 -0.3117 -0.3309 -0.2936 -0.0698 0.2155 0.0574 -0.2437 -0.3272 -0.3224 -0.2353 0.1271 0.1562 0.0061 -0.2915 -0.3328 -0.3113 -0.1735 0.2387 0.1091 -0.0838 -0.3092 -0.2831
-0.2764 -0.0547 0.1187 0.2276 -0.1883 -0.3143 -0.3321 -0.2849 0.0205 0.1728 0.0745 -0.2517 -0.3246 -0.3250 -0.2240 0.0663 0.2237 -0.0909 -0.2963 -0.3316 -0.3094 -0.0837 0.1115 0.2335 -0.1873 -0.3153 -0.3311 -0.2712 0.0445 0.2089 -0.0683 -0.2956 -0.3320 -0.3046 -0.0354 0.1381 0.1466 -0.2439 -0.3256 -0.3208 -0.1570 0.0968 0.2409 -0.1829 -0.3161 -0.3301 -0.2533 0.0613 0.2278 -0.1132 -0.2665 -0.1132 0.2278 0.0613 -0.2533 -0.3301 -0.3161 -0.1829 0.2409 0.0968 -0.1570 -0.3208 -0.3256 -0.2439 0.1466 0.1381 -0.0354 -0.3046 -0.3320 -0.2956 -0.0683 0.2089 0.0445 -0.2712 -0.3311 -0.3153 -0.1873 0.2335 0.1115 -0.0837 -0.3094 -0.3316 -0.2963 -0.0909 0.2237 0.0663 -0.2240 -0.3250 -0.3246 -0.2517 0.0745 0.1728 0.0205 -0.2849 -0.3321 -0.3143 -0.1883 0.2276 0.1187 -0.0547 -0.2764
-0.0648 0.1303 0.2074 -0.2030 -0.3171 -0.3310 -0.2755 0.0332 0.1894 0.0223 -0.2694 -0.3266 -0.3223 -0.1994 0.0752 0.2316 -0.1106 -0.2993 -0.3323 -0.3064 -0.0647 0.1171 0.2271 -0.1926 -0.3159 -0.3309 -0.2712 0.0433 0.2066 -0.0583 -0.2940 -0.3316 -0.3070 -0.0517 0.1294 0.1799 -0.2302 -0.3237 -0.3235 -0.1853 0.0883 0.2429 -0.1682 -0.3132 -0.3315 -0.2680 0.0513 0.2185 -0.1002 -0.3016 -0.3327 -0.3016 -0.1002 0.2185 0.0513 -0.2680 -0.3315 -0.3132 -0.1682 0.2429 0.0883 -0.1853 -0.3235 -0.3237 -0.2302 0.1799 0.1294 -0.0517 -0.3070 -0.3316 -0.2940 -0.0583 0.2066 0.0433 -0.2712 -0.3309 -0.3159 -0.1926 0.2271 0.1171 -0.0647 -0.3064 -0.3323 -0.2993 -0.1106 0.2316 0.0752 -0.1994 -0.3223 -0.3266 -0.2694 0.0223 0.1894 0.0332 -0.2755 -0.3310 -0.3171 -0.2030 0.2074 0.1303 -0.0648
0.1354 0.1757 -0.2180 -0.3197 -0.3295 -0.2631 0.0446 0.2021 -0.0220 -0.2841 -0.3284 -0.3191 -0.1706 0.0841 0.2382 -0.1289 -0.3025 -0.3329 -0.3029 -0.0442 0.1246 0.2145 -0.2009 -0.3172 -0.3304 -0.2682 0.0445 0.2066 -0.0548 -0.2932 -0.3312 -0.3088 -0.0654 0.1228 0.2019 -0.2186 -0.3219 -0.3257 -0.2094 0.0802 0.2406 -0.1534 -0.3103 -0.3324 -0.2793 0.0405 0.2086 -0.0753 -0.2975 -0.3412 -0.3519 -0.3412 -0.2975 -0.0753 0.2086 0.0405 -0.2793 -0.3324 -0.3103 -0.1534 0.2406 0.0802 -0.2094 -0.3257 -0.3219 -0.2186 0.2019 0.1228 -0.0654 -0.3088 -0.3312 -0.2932 -0.0548 0.2066 0.0445 -0.2682 -0.3304 -0.3172 -0.2009 0.2145 0.1246 -0.0442 -0.3029 -0.3329 -0.3025 -0.1289 0.2382 0.0841 -0.1706 -0.3191 -0.3284 -0.2841 -0.0220 0.2021 0.0446 -0.2631 -0.3295 -0.3197 -0.2180 0.1757 0.1354
0.1222 -0.2334 -0.3221 -0.3276 -0.2470 0.0550 0.2123 -0.0570 -0.2914 -0.3300 -0.3157 -0.1394 0.0930 0.2422 -0.1458 -0.3057 -0.3332 -0.2992 -0.0246 0.1339 0.1932 -0.2118 -0.3189 -0.3296 -0.2619 0.0482 0.2089 -0.0583 -0.2932 -0.3311 -0.3096 -0.0744 0.1185 0.2149 -0.2094 -0.3202 -0.3274 -0.2287 0.0725 0.2359 -0.1386 -0.3074 -0.3330 -0.2874 0.0288 0.1983 -0.0452 -0.2938 -0.3318 -0.3182 -0.2125 -0.3182 -0.3318 -0.2938 -0.0452 0.1983 0.0288 -0.2874 -0.3330 -0.3074 -0.1386 0.2359 0.0725 -0.2287 -0.3274 -0.3202 -0.2094 0.2149 0.1185 -0.0744 -0.3096 -0.3311 -0.2932 -0.0583 0.2089 0.0482 -0.2619 -0.3296 -0.3189 -0.2118 0.1932 0.1339 -0.0246 -0.2992 -0.3332 -0.3057 -0.1458 0.2422 0.0930 -0.1394 -0.3157 -0.3300 -0.2914 -0.0570 0.2123 0.0550 -0.2470 -0.3276 -0.3221 -0.2334 0.1222
-0.2031 -0.3247 -0.3253 -0.2268 0.0648 0.2219 -0.0847 -0.2951 -0.3312 -0.3119 -0.1076 0.1019 0.2424 -0.1616 -0.3089 -0.3331 -0.2953 -0.0067 0.1454 0.1605 -0.2247 -0.3210 -0.3283 -0.2517 0.0540 0.2135 -0.0683 -0.2940 -0.3312 -0.3096 -0.0774 0.1163 0.2215 -0.2032 -0.3189 -0.3285 -0.2426 0.0655 0.2301 -0.1237 -0.3045 -0.3332 -0.2930 0.0161 0.1843 -0.0072 -0.2901 -0.3307 -0.3090 -0.0557 0.0675 -0.0557 -0.3090 -0.3307 -0.2901 -0.0072 0.1843 0.0161 -0.2930 -0.3332 -0.3045 -0.1237 0.2301 0.0655 -0.2426 -0.3285 -0.3189 -0.2032 0.2215 0.1163 -0.0774 -0.3096 -0.3312 -0.2940 -0.0683 0.2135 0.0540 -0.2517 -0.3283 -0.3210 -0.2247 0.1605 0.1454 -0.0067 -0.2953 -0.3331 -0.3089 -0.1616 0.2424 0.1019 -0.1076 -0.3119 -0.3312 -0.2951 -0.0847 0.2219 0.0648 -0.2268 -0.3253 -0.3247 -0.2031
-0.2743 -0.3230 -0.2025 0.0741 0.2306 -0.1073 -0.2986 -0.3322 -0.3079 -0.0776 0.1111 0.2370 -0.1767 -0.3120 -0.3327 -0.2903 0.0093 0.1596 0.1157 -0.2392 -0.3230 -0.3265 -0.2369 0.0612 0.2197 -0.0828 -0.2956 -0.3316 -0.3088 -0.0744 0.1163 0.2235 -0.2000 -0.3181 -0.3293 -0.2518 0.0598 0.2244 -0.1092 -0.3019 -0.3331 -0.2968 0.0027 0.1679 0.0383 -0.2803 -0.3294 -0.3132 -0.0865 0.1118 0.2094 0.1118 -0.0865 -0.3132 -0.3294 -0.2803 0.0383 0.1679 0.0027 -0.2968 -0.3331 -0.3019 -0.1092 0.2244 0.0598 -0.2518 -0.3293 -0.3181 -0.2000 0.2235 0.1163 -0.0744 -0.3088 -0.3316 -0.2956 -0.0828 0.2197 0.0612 -0.2369 -0.3265 -0.3230 -0.2392 0.1157 0.1596 0.0093 -0.2903 -0.3327 -0.3120 -0.1767 0.2370 0.1111 -0.0776 -0.3079 -0.3322 -0.2986 -0.1073 0.2306 0.0741 -0.2025 -0.3230 -0.2743
-0.2847 -0.1729 0.0830 0.2375 -0.1267 -0.3020 -0.3328 -0.3039 -0.0509 0.1209 0.2242 -0.1914 -0.3149 -0.3319 -0.2831 0.0233 0.1767 0.0631 -0.2555 -0.3251 -0.3243 -0.2174 0.0692 0.2268 -0.0995 -0.2978 -0.3320 -0.3070 -0.0654 0.1185 0.2215 -0.2000 -0.3178 -0.3297 -0.2570 0.0556 0.2197 -0.0967 -0.2996 -0.3328 -0.2998 -0.0115 0.1540 0.0864 -0.2644 -0.3279 -0.3169 -0.1189 0.1076 0.2359 -0.0892 0.2359 0.1076 -0.1189 -0.3169 -0.3279 -0.2644 0.0864 0.1540 -0.0115 -0.2998 -0.3328 -0.2996 -0.0967 0.2197 0.0556 -0.2570 -0.3297 -0.3178 -0.2000 0.2215 0.1185 -0.0654 -0.3070 -0.3320 -0.2978 -0.0995 0.2268 0.0692 -0.2174 -0.3243 -0.3251 -0.2555 0.0631 0.1767 0.0233 -0.2831 -0.3319 -0.3149 -0.1914 0.2242 0.1209 -0.0509 -0.3039 -0.3328 -0.3020 -0.1267 0.2375 0.0830 -0.1729 -0.2847
-0.1730 0.0934 0.2419 -0.1440 -0.3053 -0.3332 -0.2998 -0.0281 0.1315 0.2017 -0.2062 -0.3176 -0.3307 -0.2732 0.0357 0.1926 0.0121 -0.2733 -0.3270 -0.3216 -0.1930 0.0775 0.2337 -0.1167 -0.3005 -0.3326 -0.3046 -0.0517 0.1228 0.2149 -0.2032 -0.3181 -0.3297 -0.2587 0.0534 0.2167 -0.0869 -0.2978 -0.3325 -0.3024 -0.0256 0.1431 0.1294 -0.2493 -0.3262 -0.3200 -0.1495 0.0989 0.2394 -0.1822 -0.2960 -0.1822 0.2394 0.0989 -0.1495 -0.3200 -0.3262 -0.2493 0.1294 0.1431 -0.0256 -0.3024 -0.3325 -0.2978 -0.0869 0.2167 0.0534 -0.2587 -0.3297 -0.3181 -0.2032 0.2149 0.1228 -0.0517 -0.3046 -0.3326 -0.3005 -0.1167 0.2337 0.0775 -0.1930 -0.3216 -0.3270 -0.2733 0.0121 0.1926 0.0357 -0.2732 -0.3307 -0.3176 -0.2062 0.2017 0.1315 -0.0281 -0.2998 -0.3332 -0.3053 -0.1440 0.2419 0.0934 -0.1730
0.0930 0.2425 -0.1599 -0.3085 -0.3332 -0.2958 -0.0088 0.1436 0.1677 -0.2212 -0.3202 -0.3292 -0.2600 0.0469 0.2043 -0.0302 -0.2866 -0.3288 -0.3184 -0.1642 0.0860 0.2394 -0.1333 -0.3034 -0.3330 -0.3015 -0.0354 0.1294 0.2019 -0.2094 -0.3189 -0.3293 -0.2570 0.0534 0.2157 -0.0816 -0.2967 -0.3322 -0.3045 -0.0382 0.1351 0.1621 -0.2366 -0.3245 -0.3226 -0.1771 0.0906 0.2428 -0.1722 -0.3164 -0.3441 -0.3164 -0.1722 0.2428 0.0906 -0.1771 -0.3226 -0.3245 -0.2366 0.1621 0.1351 -0.0382 -0.3045 -0.3322 -0.2967 -0.0816 0.2157 0.0534 -0.2570 -0.3293 -0.3189 -0.2094 0.2019 0.1294 -0.0354 -0.3015 -0.3330 -0.3034 -0.1333 0.2394 0.0860 -0.1642 -0.3184 -0.3288 -0.2866 -0.0302 0.2043 0.0469 -0.2600 -0.3292 -0.3202 -0.2212 0.1677 0.1436 -0.0088 -0.2958 -0.3332 -0.3085 -0.1599 0.2425 0.0930
0.2240 -0.1750 -0.3116 -0.3328 -0.2910 0.0076 0.1578 0.1221 -0.2369 -0.3226 -0.3272 -0.2431 0.0572 0.2144 -0.0634 -0.2922 -0.3302 -0.3149 -0.1326 0.0948 0.2426 -0.1493 -0.3065 -0.3332 -0.2981 -0.0185 0.1381 0.1799 -0.2186 -0.3202 -0.3285 -0.2518 0.0556 0.2167 -0.0816 -0.2963 -0.3320 -0.3057 -0.0476 0.1296 0.1840 -0.2265 -0.3230 -0.3247 -0.2003 0.0830 0.2417 -0.1577 -0.3112 -0.3439 -0.3411 -0.3439 -0.3112 -0.1577 0.2417 0.0830 -0.2003 -0.3247 -0.3230 -0.2265 0.1840 0.1296 -0.0476 -0.3057 -0.3320 -0.2963 -0.0816 0.2167 0.0556 -0.2518 -0.3285 -0.3202 -0.2186 0.1799 0.1381 -0.0185 -0.2981 -0.3332 -0.3065 -0.1493 0.2426 0.0948 -0.1326 -0.3149 -0.3302 -0.2922 -0.0634 0.2144 0.0572 -0.2431 -0.3272 -0.3226 -0.2369 0.1221 0.1578 0.0076 -0.2910 -0.3328 -0.3116 -0.1750 0.2240
-0.1629 -0.3149 -0.3320 -0.2841 0.0218 0.1746 0.0692 -0.2534 -0.3248 -0.3248 -0.2220 0.0668 0.2239 -0.0898 -0.2958 -0.3314 -0.3111 -0.1010 0.1038 0.2418 -0.1649 -0.3096 -0.3331 -0.2943 -0.0024 0.1493 0.1466 -0.2302 -0.3219 -0.3274 -0.2426 0.0598 0.2197 -0.0869 -0.2967 -0.3320 -0.3061 -0.0527 0.1263 0.1968 -0.2191 -0.3216 -0.3262 -0.2182 0.0761 0.2381 -0.1440 -0.3083 -0.3326 -0.2873 -0.0750 -0.2873 -0.3326 -0.3083 -0.1440 0.2381 0.0761 -0.2182 -0.3262 -0.3216 -0.2191 0.1968 0.1263 -0.0527 -0.3061 -0.3320 -0.2967 -0.0869 0.2197 0.0598 -0.2426 -0.3274 -0.3219 -0.2302 0.1466 0.1493 -0.0024 -0.2943 -0.3331 -0.3096 -0.1649 0.2418 0.1038 -0.1010 -0.3111 -0.3314 -0.2958 -0.0898 0.2239 0.0668 -0.2220 -0.3248 -0.3248 -0.2534 0.0692 0.1746 0.0218 -0.2841 -0.3320 -0.3149 -0.1629
-0.2626 -0.3312 -0.2745 0.0344 0.1909 0.0175 -0.2712 -0.3268 -0.3220 -0.1967 0.0760 0.2322 -0.1116 -0.2993 -0.3324 -0.3071 -0.0716 0.1131 0.2350 -0.1798 -0.3126 -0.3326 -0.2890 0.0125 0.1633 0.1025 -0.2439 -0.3237 -0.3257 -0.2287 0.0655 0.2244 -0.0967 -0.2978 -0.3322 -0.3057 -0.0527 0.1251 0.2027 -0.2145 -0.3207 -0.3273 -0.2307 0.0703 0.2335 -0.1309 -0.3057 -0.3330 -0.2909 0.0215 0.1036 0.0215 -0.2909 -0.3330 -0.3057 -0.1309 0.2335 0.0703 -0.2307 -0.3273 -0.3207 -0.2145 0.2027 0.1251 -0.0527 -0.3057 -0.3322 -0.2978 -0.0967 0.2244 0.0655 -0.2287 -0.3257 -0.3237 -0.2439 0.1025 0.1633 0.0125 -0.2890 -0.3326 -0.3126 -0.1798 0.2350 0.1131 -0.0716 -0.3071 -0.3324 -0.2993 -0.1116 0.2322 0.0760 -0.1967 -0.3220 -0.3268 -0.2712 0.0175 0.1909 0.0344 -0.2745 -0.3312 -0.2626
-0.2887 -0.2616 0.0456 0.2032 -0.0259 -0.2853 -0.3286 -0.3188 -0.1676 0.0850 0.2387 -0.1305 -0.3027 -0.3329 -0.3030 -0.0458 0.1230 0.2203 -0.1945 -0.3155 -0.3317 -0.2813 0.0261 0.1807 0.0515 -0.2595 -0.3256 -0.3235 -0.2094 0.0725 0.2301 -0.1092 -0.2996 -0.3325 -0.3045 -0.0476 0.1263 0.2027 -0.2129 -0.3201 -0.3279 -0.2388 0.0659 0.2293 -0.1192 -0.3034 -0.3332 -0.2953 0.0089 0.1571 0.2320 0.1571 0.0089 -0.2953 -0.3332 -0.3034 -0.1192 0.2293 0.0659 -0.2388 -0.3279 -0.3201 -0.2129 0.2027 0.1263 -0.0476 -0.3045 -0.3325 -0.2996 -0.1092 0.2301 0.0725 -0.2094 -0.3235 -0.3256 -0.2595 0.0515 0.1807 0.0261 -0.2813 -0.3317 -0.3155 -0.1945 0.2203 0.1230 -0.0458 -0.3030 -0.3329 -0.3027 -0.1305 0.2387 0.0850 -0.1676 -0.3188 -0.3286 -0.2853 -0.0259 0.2032 0.0456 -0.2616 -0.2887
-0.2452 0.0573 0.2133 -0.0600 -0.2918 -0.3301 -0.3153 -0.1362 0.0938 0.2424 -0.1474 -0.3060 -0.3332 -0.2990 -0.0237 0.1339 0.1955 -0.2093 -0.3182 -0.3304 -0.2707 0.0381 0.1960 0.0024 -0.2773 -0.3274 -0.3208 -0.1853 0.0802 0.2359 -0.1237 -0.3019 -0.3328 -0.3024 -0.0382 0.1296 0.1968 -0.2145 -0.3201 -0.3281 -0.2428 0.0631 0.2260 -0.1100 -0.3015 -0.3330 -0.2980 -0.0042 0.1592 0.0874 -0.1892 0.0874 0.1592 -0.0042 -0.2980 -0.3330 -0.3015 -0.1100 0.2260 0.0631 -0.2428 -0.3281 -0.3201 -0.2145 0.1968 0.1296 -0.0382 -0.3024 -0.3328 -0.3019 -0.1237 0.2359 0.0802 -0.1853 -0.3208 -0.3274 -0.2773 0.0024 0.1960 0.0381 -0.2707 -0.3304 -0.3182 -0.2093 0.1955 0.1339 -0.0237 -0.2990 -0.3332 -0.3060 -0.1474 0.2424 0.0938 -0.1362 -0.3153 -0.3301 -0.2918 -0.0600 0.2133 0.0573 -0.2452
0.0529 0.2228 -0.0870 -0.2954 -0.3313 -0.3115 -0.1045 0.1028 0.2421 -0.1631 -0.3092 -0.3331 -0.2949 -0.0051 0.1464 0.1590 -0.2245 -0.3208 -0.3288 -0.2568 0.0491 0.2065 -0.0379 -0.2891 -0.3291 -0.3177 -0.1570 0.0883 0.2406 -0.1386 -0.3045 -0.3331 -0.2998 -0.0256 0.1351 0.1840 -0.2191 -0.3207 -0.3279 -0.2428 0.0620 0.2243 -0.1040 -0.3002 -0.3328 -0.3001 -0.0156 0.1497 0.1052 -0.2533 -0.3137 -0.2533 0.1052 0.1497 -0.0156 -0.3001 -0.3328 -0.3002 -0.1040 0.2243 0.0620 -0.2428 -0.3279 -0.3207 -0.2191 0.1840 0.1351 -0.0256 -0.2998 -0.3331 -0.3045 -0.1386 0.2406 0.0883 -0.1570 -0.3177 -0.3291 -0.2891 -0.0379 0.2065 0.0491 -0.2568 -0.3288 -0.3208 -0.2245 0.1590 0.1464 -0.0051 -0.2949 -0.3331 -0.3092 -0.1631 0.2421 0.1028 -0.1045 -0.3115 -0.3313 -0.2954 -0.0870 0.2228 0.0529
0.2206 -0.1094 -0.2989 -0.3323 -0.3075 -0.0748 0.1120 0.2361 -0.1782 -0.3122 -0.3327 -0.2897 0.0108 0.1611 0.1113 -0.2403 -0.3231 -0.3267 -0.2390 0.0592 0.2165 -0.0694 -0.2930 -0.3305 -0.3141 -0.1259 0.0968 0.2429 -0.1534 -0.3074 -0.3332 -0.2968 -0.0115 0.1431 0.1621 -0.2265 -0.3216 -0.3273 -0.2388 0.0631 0.2243 -0.1019 -0.2996 -0.3327 -0.3016 -0.0244 0.1423 0.1380 -0.2451 -0.3303 -0.3517 -0.3303 -0.2451 0.1380 0.1423 -0.0244 -0.3016 -0.3327 -0.2996 -0.1019 0.2243 0.0631 -0.2388 -0.3273 -0.3216 -0.2265 0.1621 0.1431 -0.0115 -0.2968 -0.3332 -0.3074 -0.1534 0.2429 0.0968 -0.1259 -0.3141 -0.3305 -0.2930 -0.0694 0.2165 0.0592 -0.2390 -0.3267 -0.3231 -0.2403 0.1113 0.1611 0.0108 -0.2897 -0.3327 -0.3122 -0.1782 0.2361 0.1120 -0.0748 -0.3075 -0.3323 -0.2989 -0.1094 0.2206
-0.1134 -0.3026 -0.3329 -0.3035 -0.0485 0.1219 0.2224 -0.1929 -0.3152 -0.3318 -0.2823 0.0246 0.1786 0.0578 -0.2571 -0.3253 -0.3242 -0.2170 0.0688 0.2257 -0.0947 -0.2966 -0.3317 -0.3103 -0.0946 0.1057 0.2409 -0.1682 -0.3103 -0.3330 -0.2930 0.0027 0.1540 0.1294 -0.2366 -0.3230 -0.3262 -0.2307 0.0659 0.2260 -0.1040 -0.2996 -0.3326 -0.3024 -0.0303 0.1377 0.1590 -0.2359 -0.3242 -0.3375 -0.3112 -0.3375 -0.3242 -0.2359 0.1590 0.1377 -0.0303 -0.3024 -0.3326 -0.2996 -0.1040 0.2260 0.0659 -0.2307 -0.3262 -0.3230 -0.2366 0.1294 0.1540 0.0027 -0.2930 -0.3330 -0.3103 -0.1682 0.2409 0.1057 -0.0946 -0.3103 -0.3317 -0.2966 -0.0947 0.2257 0.0688 -0.2170 -0.3242 -0.3253 -0.2571 0.0578 0.1786 0.0246 -0.2823 -0.3318 -0.3152 -0.1929 0.2224 0.1219 -0.0485 -0.3035 -0.3329 -0.3026 -0.1134
-0.2488 -0.3336 -0.2994 -0.0260 0.1326 0.1989 -0.2076 -0.3179 -0.3306 -0.2720 0.0368 0.1942 0.0075 -0.2752 -0.3272 -0.3213 -0.1908 0.0779 0.2337 -0.1158 -0.3001 -0.3325 -0.3062 -0.0658 0.1151 0.2326 -0.1829 -0.3132 -0.3324 -0.2874 0.0161 0.1679 0.0864 -0.2493 -0.3245 -0.3247 -0.2182 0.0703 0.2293 -0.1100 -0.3002 -0.3327 -0.3024 -0.0325 0.1354 0.1706 -0.2300 -0.3231 -0.3242 -0.1976 0.0206 -0.1976 -0.3242 -0.3231 -0.2300 0.1706 0.1354 -0.0325 -0.3024 -0.3327 -0.3002 -0.1100 0.2293 0.0703 -0.2182 -0.3247 -0.3245 -0.2493 0.0864 0.1679 0.0161 -0.2874 -0.3324 -0.3132 -0.1829 0.2326 0.1151 -0.0658 -0.3062 -0.3325 -0.3001 -0.1158 0.2337 0.0779 -0.1908 -0.3213 -0.3272 -0.2752 0.0075 0.1942 0.0368 -0.2720 -0.3306 -0.3179 -0.2076 0.1989 0.1326 -0.0260 -0.2994 -0.3336 -0.2488
-0.2876 -0.2958 -0.0072 0.1449 0.1637 -0.2227 -0.3205 -0.3290 -0.2585 0.0479 0.2053 -0.0338 -0.2878 -0.3289 -0.3181 -0.1611 0.0869 0.2397 -0.1342 -0.3034 -0.3330 -0.3021 -0.0408 0.1252 0.2160 -0.1976 -0.3161 -0.3315 -0.2793 0.0288 0.1843 0.0383 -0.2644 -0.3262 -0.3226 -0.2003 0.0761 0.2335 -0.1192 -0.3015 -0.3328 -0.3016 -0.0303 0.1354 0.1743 -0.2270 -0.3225 -0.3255 -0.2141 0.0748 0.1574 0.0748 -0.2141 -0.3255 -0.3225 -0.2270 0.1743 0.1354 -0.0303 -0.3016 -0.3328 -0.3015 -0.1192 0.2335 0.0761 -0.2003 -0.3226 -0.3262 -0.2644 0.0383 0.1843 0.0288 -0.2793 -0.3315 -0.3161 -0.1976 0.2160 0.1252 -0.0408 -0.3021 -0.3330 -0.3034 -0.1342 0.2397 0.0869 -0.1611 -0.3181 -0.3289 -0.2878 -0.0338 0.2053 0.0479 -0.2585 -0.3290 -0.3205 -0.2227 0.1637 0.1449 -0.0072 -0.2958 -0.2876
-0.2695 0.0104 0.1593 0.1171 -0.2385 -0.3229 -0.3269 -0.2412 0.0581 0.2154 -0.0662 -0.2926 -0.3304 -0.3145 -0.1295 0.0957 0.2427 -0.1508 -0.3067 -0.3332 -0.2981 -0.0195 0.1364 0.1888 -0.2125 -0.3188 -0.3301 -0.2680 0.0405 0.1983 -0.0072 -0.2803 -0.3279 -0.3200 -0.1771 0.0830 0.2381 -0.1309 -0.3034 -0.3330 -0.3001 -0.0244 0.1377 0.1706 -0.2270 -0.3222 -0.3261 -0.2225 0.0729 0.2238 0.0938 0.2238 0.0729 -0.2225 -0.3261 -0.3222 -0.2270 0.1706 0.1377 -0.0244 -0.3001 -0.3330 -0.3034 -0.1309 0.2381 0.0830 -0.1771 -0.3200 -0.3279 -0.2803 -0.0072 0.1983 0.0405 -0.2680 -0.3301 -0.3188 -0.2125 0.1888 0.1364 -0.0195 -0.2981 -0.3332 -0.3067 -0.1508 0.2427 0.0957 -0.1295 -0.3145 -0.3304 -0.2926 -0.0662 0.2154 0.0581 -0.2412 -0.3269 -0.3229 -0.2385 0.1171 0.1593 0.0104 -0.2695
0.0023 0.1765 0.0640 -0.2551 -0.3250 -0.3245 -0.2197 0.0677 0.2247 -0.0921 -0.2962 -0.3315 -0.3107 -0.0980 0.1047 0.2414 -0.1664 -0.3099 -0.3331 -0.2939 -0.0015 0.1493 0.1497 -0.2277 -0.3213 -0.3284 -0.2533 0.0513 0.2086 -0.0452 -0.2901 -0.3294 -0.3169 -0.1495 0.0906 0.2417 -0.1440 -0.3057 -0.3332 -0.2980 -0.0156 0.1423 0.1590 -0.2300 -0.3225 -0.3261 -0.2247 0.0708 0.2325 -0.1187 -0.2659 -0.1187 0.2325 0.0708 -0.2247 -0.3261 -0.3225 -0.2300 0.1590 0.1423 -0.0156 -0.2980 -0.3332 -0.3057 -0.1440 0.2417 0.0906 -0.1495 -0.3169 -0.3294 -0.2901 -0.0452 0.2086 0.0513 -0.2533 -0.3284 -0.3213 -0.2277 0.1497 0.1493 -0.0015 -0.2939 -0.3331 -0.3099 -0.1664 0.2414 0.1047 -0.0980 -0.3107 -0.3315 -0.2962 -0.0921 0.2247 0.0677 -0.2197 -0.3245 -0.3250 -0.2551 0.0640 0.1765 0.0023
0.1845 0.0121 -0.2732 -0.3270 -0.3215 -0.1939 0.0770 0.2329 -0.1137 -0.2997 -0.3323 -0.3066 -0.0689 0.1141 0.2339 -0.1813 -0.3128 -0.3324 -0.2884 0.0139 0.1647 0.1000 -0.2437 -0.3235 -0.3260 -0.2347 0.0613 0.2185 -0.0753 -0.2938 -0.3307 -0.3132 -0.1189 0.0989 0.2428 -0.1577 -0.3083 -0.3330 -0.2953 -0.0042 0.1497 0.1380 -0.2359 -0.3231 -0.3255 -0.2225 0.0708 0.2316 -0.1213 -0.3039 -0.3336 -0.3039 -0.1213 0.2316 0.0708 -0.2225 -0.3255 -0.3231 -0.2359 0.1380 0.1497 -0.0042 -0.2953 -0.3330 -0.3083 -0.1577 0.2428 0.0989 -0.1189 -0.3132 -0.3307 -0.2938 -0.0753 0.2185 0.0613 -0.2347 -0.3260 -0.3235 -0.2437 0.1000 0.1647 0.0139 -0.2884 -0.3324 -0.3128 -0.1813 0.2339 0.1141 -0.0689 -0.3066 -0.3323 -0.2997 -0.1137 0.2329 0.0770 -0.1939 -0.3215 -0.3270 -0.2732 0.0121 0.1845
-0.0257 -0.2870 -0.3287 -0.3180 -0.1627 0.0860 0.2393 -0.1328 -0.3032 -0.3328 -0.3022 -0.0421 0.1238 0.2176 -0.1964 -0.3158 -0.3313 -0.2797 0.0279 0.1811 0.0449 -0.2612 -0.3257 -0.3232 -0.2102 0.0710 0.2278 -0.1002 -0.2975 -0.3318 -0.3090 -0.0865 0.1076 0.2394 -0.1722 -0.3112 -0.3326 -0.2909 0.0089 0.1592 0.1052 -0.2451 -0.3242 -0.3242 -0.2141 0.0729 0.2325 -0.1213 -0.3028 -0.3414 -0.3484 -0.3414 -0.3028 -0.1213 0.2325 0.0729 -0.2141 -0.3242 -0.3242 -0.2451 0.1052 0.1592 0.0089 -0.2909 -0.3326 -0.3112 -0.1722 0.2394 0.1076 -0.0865 -0.3090 -0.3318 -0.2975 -0.1002 0.2278 0.0710 -0.2102 -0.3232 -0.3257 -0.2612 0.0449 0.1811 0.0279 -0.2797 -0.3313 -0.3158 -0.1964 0.2176 0.1238 -0.0421 -0.3022 -0.3328 -0.3032 -0.1328 0.2393 0.0860 -0.1627 -0.3180 -0.3287 -0.2870 -0.0257
-0.2317 -0.3373 -0.3297 -0.1266 0.0918 0.2428 -0.1439 -0.3078 -0.3430 -0.3079 -0.0189 0.1268 0.2050 -0.2072 -0.3218 -0.3432 -0.2674 0.0396 0.1774 0.0159 -0.2759 -0.3333 -0.3356 -0.1785 0.0781 0.2251 -0.1132 -0.3016 -0.3412 -0.3182 -0.0557 0.1118 0.2359 -0.1822 -0.3164 -0.3439 -0.2873 0.0215 0.1571 0.0874 -0.2533 -0.3303 -0.3375 -0.1976 0.0748 0.2238 -0.1187 -0.3039 -0.3414 -0.3177 -0.1587 -0.3177 -0.3414 -0.3039 -0.1187 0.2238 0.0748 -0.1976 -0.3375 -0.3303 -0.2533 0.0874 0.1571 0.0215 -0.2873 -0.3439 -0.3164 -0.1822 0.2359 0.1118 -0.0557 -0.3182 -0.3412 -0.3016 -0.1132 0.2251 0.0781 -0.1785 -0.3356 -0.3333 -0.2759 0.0159 0.1774 0.0396 -0.2674 -0.3432 -0.3218 -0.2072 0.2050 0.1268 -0.0189 -0.3079 -0.3430 -0.3078 -0.1439 0.2428 0.0918 -0.1266 -0.3297 -0.3373 -0.2317
-0.2683 -0.3543 -0.2722 0.0464 0.1858 -0.0016 -0.2858 -0.3377 -0.3489 -0.1579 0.0812 0.2232 -0.1310 -0.3028 -0.3477 -0.3336 -0.0345 0.1176 0.2227 -0.2191 -0.3186 -0.3531 -0.2999 0.0293 0.1626 0.0848 -0.2665 -0.3327 -0.3519 -0.2125 0.0675 0.2094 -0.0892 -0.2960 -0.3441 -0.3411 -0.0750 0.1036 0.2320 -0.1892 -0.3137 -0.3517 -0.3112 0.0206 0.1574 0.0938 -0.2659 -0.3336 -0.3484 -0.1587 0.0289 -0.1587 -0.3484 -0.3336 -0.2659 0.0938 0.1574 0.0206 -0.3112 -0.3517 -0.3137 -0.1892 0.2320 0.1036 -0.0750 -0.3411 -0.3441 -0.2960 -0.0892 0.2094 0.0675 -0.2125 -0.3519 -0.3327 -0.2665 0.0848 0.1626 0.0293 -0.2999 -0.3531 -0.3186 -0.2191 0.2227 0.1176 -0.0345 -0.3336 -0.3477 -0.3028 -0.1310 0.2232 0.0812 -0.1579 -0.3489 -0.3377 -0.2858 -0.0016 0.1858 0.0464 -0.2722 -0.3543 -0.2683
