0.3622 1.0000 1.0000 0.0006 0.0047 0.0354 0.2687 1.0000 1.0000 0.0004 0.0028 0.0209 0.1587 1.0000 1.0000 0.0002 0.0016 0.0123 0.0937 0.7115 1.0000 1.0000 0.0010 0.0073 0.0553 0.4201 1.0000 1.0000 0.0006 0.0043 0.0327 0.2481 1.0000 1.0000 0.0003 0.0025 0.0193 0.1465 1.0000 1.0000 0.0002 0.0015 0.0114 0.0865 0.6569 1.0000 1.0000 0.0009 0.0068 0.0510 0.1869 0.0510 0.0068 0.0009 1.0000 1.0000 0.6569 0.0865 0.0114 0.0015 0.0002 1.0000 1.0000 0.1465 0.0193 0.0025 0.0003 1.0000 1.0000 0.2481 0.0327 0.0043 0.0006 1.0000 1.0000 0.4201 0.0553 0.0073 0.0010 1.0000 1.0000 0.7115 0.0937 0.0123 0.0016 0.0002 1.0000 1.0000 0.1587 0.0209 0.0028 0.0004 1.0000 1.0000 0.2687 0.0354 0.0047 0.0006 1.0000 1.0000 0.3622
1.0000 1.0000 0.0007 0.0051 0.0382 0.2888 1.0000 1.0000 0.0004 0.0030 0.0224 0.1702 1.0000 1.0000 0.0002 0.0017 0.0132 0.1005 0.7619 1.0000 1.0000 0.0010 0.0078 0.0592 0.4507 1.0000 1.0000 0.0006 0.0046 0.0350 0.2657 1.0000 1.0000 0.0004 0.0027 0.0207 0.1572 1.0000 1.0000 0.0002 0.0016 0.0122 0.0926 0.7047 1.0000 1.0000 0.0010 0.0072 0.0552 0.4225 1.0000 0.4225 0.0552 0.0072 0.0010 1.0000 1.0000 0.7047 0.0926 0.0122 0.0016 0.0002 1.0000 1.0000 0.1572 0.0207 0.0027 0.0004 1.0000 1.0000 0.2657 0.0350 0.0046 0.0006 1.0000 1.0000 0.4507 0.0592 0.0078 0.0010 1.0000 1.0000 0.7619 0.1005 0.0132 0.0017 0.0002 1.0000 1.0000 0.1702 0.0224 0.0030 0.0004 1.0000 1.0000 0.2888 0.0382 0.0051 0.0007 1.0000 1.0000
1.0000 0.0007 0.0047 0.0347 0.2567 1.0000 1.0000 0.0003 0.0026 0.0194 0.1470 1.0000 1.0000 1.0000 0.0015 0.0114 0.0867 0.6581 1.0000 1.0000 0.0009 0.0067 0.0512 0.3886 1.0000 1.0000 0.0005 0.0040 0.0302 0.2295 1.0000 1.0000 0.0003 0.0023 0.0178 0.1355 1.0000 1.0000 1.0000 0.0014 0.0105 0.0800 0.6076 1.0000 1.0000 0.0008 0.0062 0.0473 0.3622 1.0000 1.0000 1.0000 0.3622 0.0473 0.0062 0.0008 1.0000 1.0000 0.6076 0.0800 0.0105 0.0014 1.0000 1.0000 1.0000 0.1355 0.0178 0.0023 0.0003 1.0000 1.0000 0.2295 0.0302 0.0040 0.0005 1.0000 1.0000 0.3886 0.0512 0.0067 0.0009 1.0000 1.0000 0.6581 0.0867 0.0114 0.0015 1.0000 1.0000 1.0000 0.1470 0.0194 0.0026 0.0003 1.0000 1.0000 0.2567 0.0347 0.0047 0.0007 1.0000
0.0006 0.0051 0.0347 0.2457 1.0000 1.0000 0.0003 0.0023 0.0171 0.1292 0.9774 1.0000 1.0000 0.0013 0.0100 0.0759 0.5761 1.0000 1.0000 0.0008 0.0059 0.0448 0.3402 1.0000 1.0000 0.0005 0.0035 0.0265 0.2009 1.0000 1.0000 0.0003 0.0021 0.0156 0.1186 0.9007 1.0000 1.0000 0.0012 0.0092 0.0700 0.5318 1.0000 1.0000 0.0007 0.0054 0.0414 0.3141 1.0000 1.0000 1.0000 1.0000 1.0000 0.3141 0.0414 0.0054 0.0007 1.0000 1.0000 0.5318 0.0700 0.0092 0.0012 1.0000 1.0000 0.9007 0.1186 0.0156 0.0021 0.0003 1.0000 1.0000 0.2009 0.0265 0.0035 0.0005 1.0000 1.0000 0.3402 0.0448 0.0059 0.0008 1.0000 1.0000 0.5761 0.0759 0.0100 0.0013 1.0000 1.0000 0.9774 0.1292 0.0171 0.0023 0.0003 1.0000 1.0000 0.2457 0.0347 0.0051 0.0006
0.0047 0.0382 0.2567 1.0000 1.0000 0.0003 0.0021 0.0154 0.1148 0.8638 1.0000 1.0000 0.0012 0.0087 0.0663 0.5033 1.0000 1.0000 0.0007 0.0052 0.0391 0.2972 1.0000 1.0000 0.0004 0.0030 0.0231 0.1755 1.0000 1.0000 0.0002 0.0018 0.0136 0.1036 0.7869 1.0000 1.0000 0.0011 0.0081 0.0612 0.4647 1.0000 1.0000 0.0006 0.0048 0.0361 0.2744 1.0000 1.0000 0.0004 0.0013 0.0004 1.0000 1.0000 0.2744 0.0361 0.0048 0.0006 1.0000 1.0000 0.4647 0.0612 0.0081 0.0011 1.0000 1.0000 0.7869 0.1036 0.0136 0.0018 0.0002 1.0000 1.0000 0.1755 0.0231 0.0030 0.0004 1.0000 1.0000 0.2972 0.0391 0.0052 0.0007 1.0000 1.0000 0.5033 0.0663 0.0087 0.0012 1.0000 1.0000 0.8638 0.1148 0.0154 0.0021 0.0003 1.0000 1.0000 0.2567 0.0382 0.0047
0.0354 0.2888 1.0000 1.0000 0.0003 0.0020 0.0144 0.1054 0.7810 1.0000 1.0000 0.0010 0.0077 0.0580 0.4397 1.0000 1.0000 0.0006 0.0045 0.0342 0.2597 1.0000 1.0000 0.0004 0.0027 0.0202 0.1533 1.0000 1.0000 0.0002 0.0016 0.0119 0.0905 0.6875 1.0000 1.0000 0.0009 0.0070 0.0535 0.4060 1.0000 1.0000 0.0005 0.0042 0.0316 0.2397 1.0000 1.0000 0.0003 0.0025 0.0085 0.0025 0.0003 1.0000 1.0000 0.2397 0.0316 0.0042 0.0005 1.0000 1.0000 0.4060 0.0535 0.0070 0.0009 1.0000 1.0000 0.6875 0.0905 0.0119 0.0016 0.0002 1.0000 1.0000 0.1533 0.0202 0.0027 0.0004 1.0000 1.0000 0.2597 0.0342 0.0045 0.0006 1.0000 1.0000 0.4397 0.0580 0.0077 0.0010 1.0000 1.0000 0.7810 0.1054 0.0144 0.0020 0.0003 1.0000 1.0000 0.2888 0.0354
0.2687 1.0000 1.0000 0.0003 0.0021 0.0144 0.1021 0.7362 1.0000 1.0000 0.0009 0.0068 0.0514 0.3871 1.0000 1.0000 0.0005 0.0039 0.0299 0.2269 1.0000 1.0000 0.0003 0.0023 0.0176 0.1340 1.0000 1.0000 1.0000 0.0014 0.0104 0.0791 0.6007 1.0000 1.0000 0.0008 0.0062 0.0467 0.3547 1.0000 1.0000 0.0005 0.0036 0.0276 0.2094 1.0000 1.0000 0.0003 0.0022 0.0166 0.0567 0.0166 0.0022 0.0003 1.0000 1.0000 0.2094 0.0276 0.0036 0.0005 1.0000 1.0000 0.3547 0.0467 0.0062 0.0008 1.0000 1.0000 0.6007 0.0791 0.0104 0.0014 1.0000 1.0000 1.0000 0.1340 0.0176 0.0023 0.0003 1.0000 1.0000 0.2269 0.0299 0.0039 0.0005 1.0000 1.0000 0.3871 0.0514 0.0068 0.0009 1.0000 1.0000 0.7362 0.1021 0.0144 0.0021 0.0003 1.0000 1.0000 0.2687
1.0000 1.0000 0.0003 0.0023 0.0154 0.1054 0.7362 1.0000 1.0000 0.0008 0.0062 0.0462 0.3454 1.0000 1.0000 0.0005 0.0034 0.0261 0.1982 1.0000 1.0000 0.0003 0.0020 0.0154 0.1170 0.8888 1.0000 1.0000 0.0012 0.0091 0.0691 0.5248 1.0000 1.0000 0.0007 0.0054 0.0408 0.3099 1.0000 1.0000 0.0004 0.0032 0.0241 0.1830 1.0000 1.0000 0.0002 0.0019 0.0143 0.1099 0.3762 0.1099 0.0143 0.0019 0.0002 1.0000 1.0000 0.1830 0.0241 0.0032 0.0004 1.0000 1.0000 0.3099 0.0408 0.0054 0.0007 1.0000 1.0000 0.5248 0.0691 0.0091 0.0012 1.0000 1.0000 0.8888 0.1170 0.0154 0.0020 0.0003 1.0000 1.0000 0.1982 0.0261 0.0034 0.0005 1.0000 1.0000 0.3454 0.0462 0.0062 0.0008 1.0000 1.0000 0.7362 0.1054 0.0154 0.0023 0.0003 1.0000 1.0000
1.0000 0.0004 0.0026 0.0171 0.1148 0.7810 1.0000 1.0000 0.0008 0.0059 0.0430 0.3158 1.0000 1.0000 0.0004 0.0030 0.0230 0.1738 1.0000 1.0000 0.0002 0.0018 0.0135 0.1023 0.7765 1.0000 1.0000 0.0010 0.0080 0.0604 0.4585 1.0000 1.0000 0.0006 0.0047 0.0357 0.2708 1.0000 1.0000 0.0004 0.0028 0.0211 0.1599 1.0000 1.0000 0.0002 0.0016 0.0124 0.0951 0.7293 1.0000 0.7293 0.0951 0.0124 0.0016 0.0002 1.0000 1.0000 0.1599 0.0211 0.0028 0.0004 1.0000 1.0000 0.2708 0.0357 0.0047 0.0006 1.0000 1.0000 0.4585 0.0604 0.0080 0.0010 1.0000 1.0000 0.7765 0.1023 0.0135 0.0018 0.0002 1.0000 1.0000 0.1738 0.0230 0.0030 0.0004 1.0000 1.0000 0.3158 0.0430 0.0059 0.0008 1.0000 1.0000 0.7810 0.1148 0.0171 0.0026 0.0004 1.0000
0.0004 0.0030 0.0194 0.1292 0.8638 1.0000 1.0000 0.0008 0.0059 0.0418 0.3006 1.0000 1.0000 0.0004 0.0027 0.0204 0.1539 1.0000 1.0000 0.0002 0.0015 0.0118 0.0893 0.6784 1.0000 1.0000 0.0009 0.0069 0.0528 0.4006 1.0000 1.0000 0.0005 0.0041 0.0312 0.2366 1.0000 1.0000 0.0003 0.0024 0.0184 0.1397 1.0000 1.0000 1.0000 0.0014 0.0109 0.0825 0.6311 1.0000 1.0000 1.0000 0.6311 0.0825 0.0109 0.0014 1.0000 1.0000 1.0000 0.1397 0.0184 0.0024 0.0003 1.0000 1.0000 0.2366 0.0312 0.0041 0.0005 1.0000 1.0000 0.4006 0.0528 0.0069 0.0009 1.0000 1.0000 0.6784 0.0893 0.0118 0.0015 0.0002 1.0000 1.0000 0.1539 0.0204 0.0027 0.0004 1.0000 1.0000 0.3006 0.0418 0.0059 0.0008 1.0000 1.0000 0.8638 0.1292 0.0194 0.0030 0.0004
0.0028 0.0224 0.1470 0.9774 1.0000 1.0000 0.0009 0.0062 0.0430 0.3006 1.0000 1.0000 0.0003 0.0025 0.0186 0.1381 1.0000 1.0000 1.0000 0.0014 0.0103 0.0781 0.5927 1.0000 1.0000 0.0008 0.0061 0.0461 0.3500 1.0000 1.0000 0.0005 0.0036 0.0272 0.2067 1.0000 1.0000 0.0003 0.0021 0.0161 0.1220 0.9267 1.0000 1.0000 0.0012 0.0095 0.0721 0.5472 1.0000 1.0000 0.0003 1.0000 1.0000 0.5472 0.0721 0.0095 0.0012 1.0000 1.0000 0.9267 0.1220 0.0161 0.0021 0.0003 1.0000 1.0000 0.2067 0.0272 0.0036 0.0005 1.0000 1.0000 0.3500 0.0461 0.0061 0.0008 1.0000 1.0000 0.5927 0.0781 0.0103 0.0014 1.0000 1.0000 1.0000 0.1381 0.0186 0.0025 0.0003 1.0000 1.0000 0.3006 0.0430 0.0062 0.0009 1.0000 1.0000 0.9774 0.1470 0.0224 0.0028
0.0209 0.1702 1.0000 1.0000 1.0000 0.0010 0.0068 0.0462 0.3158 1.0000 1.0000 0.0003 0.0024 0.0174 0.1275 0.9410 1.0000 1.0000 0.0012 0.0091 0.0687 0.5198 1.0000 1.0000 0.0007 0.0053 0.0403 0.3058 1.0000 1.0000 0.0004 0.0031 0.0238 0.1806 1.0000 1.0000 0.0002 0.0018 0.0140 0.1066 0.8097 1.0000 1.0000 0.0011 0.0083 0.0630 0.4781 1.0000 1.0000 0.0007 0.0022 0.0007 1.0000 1.0000 0.4781 0.0630 0.0083 0.0011 1.0000 1.0000 0.8097 0.1066 0.0140 0.0018 0.0002 1.0000 1.0000 0.1806 0.0238 0.0031 0.0004 1.0000 1.0000 0.3058 0.0403 0.0053 0.0007 1.0000 1.0000 0.5198 0.0687 0.0091 0.0012 1.0000 1.0000 0.9410 0.1275 0.0174 0.0024 0.0003 1.0000 1.0000 0.3158 0.0462 0.0068 0.0010 1.0000 1.0000 1.0000 0.1702 0.0209
0.1587 1.0000 1.0000 1.0000 0.0012 0.0077 0.0514 0.3454 1.0000 1.0000 0.0003 0.0024 0.0170 0.1218 0.8837 1.0000 1.0000 0.0011 0.0082 0.0611 0.4594 1.0000 1.0000 0.0006 0.0046 0.0352 0.2672 1.0000 1.0000 0.0004 0.0027 0.0208 0.1578 1.0000 1.0000 0.0002 0.0016 0.0123 0.0932 0.7074 1.0000 1.0000 0.0010 0.0072 0.0550 0.4177 1.0000 1.0000 0.0006 0.0044 0.0149 0.0044 0.0006 1.0000 1.0000 0.4177 0.0550 0.0072 0.0010 1.0000 1.0000 0.7074 0.0932 0.0123 0.0016 0.0002 1.0000 1.0000 0.1578 0.0208 0.0027 0.0004 1.0000 1.0000 0.2672 0.0352 0.0046 0.0006 1.0000 1.0000 0.4594 0.0611 0.0082 0.0011 1.0000 1.0000 0.8837 0.1218 0.0170 0.0024 0.0003 1.0000 1.0000 0.3454 0.0514 0.0077 0.0012 1.0000 1.0000 1.0000 0.1587
1.0000 1.0000 1.0000 0.0013 0.0087 0.0580 0.3871 1.0000 1.0000 0.0004 0.0025 0.0174 0.1218 0.8638 1.0000 1.0000 0.0010 0.0074 0.0552 0.4114 1.0000 1.0000 0.0005 0.0041 0.0308 0.2334 1.0000 1.0000 0.0003 0.0024 0.0182 0.1378 1.0000 1.0000 1.0000 0.0014 0.0107 0.0814 0.6181 1.0000 1.0000 0.0008 0.0063 0.0481 0.3650 1.0000 1.0000 0.0005 0.0038 0.0289 0.0988 0.0289 0.0038 0.0005 1.0000 1.0000 0.3650 0.0481 0.0063 0.0008 1.0000 1.0000 0.6181 0.0814 0.0107 0.0014 1.0000 1.0000 1.0000 0.1378 0.0182 0.0024 0.0003 1.0000 1.0000 0.2334 0.0308 0.0041 0.0005 1.0000 1.0000 0.4114 0.0552 0.0074 0.0010 1.0000 1.0000 0.8638 0.1218 0.0174 0.0025 0.0004 1.0000 1.0000 0.3871 0.0580 0.0087 0.0013 1.0000 1.0000 1.0000
1.0000 0.0002 0.0015 0.0100 0.0663 0.4397 1.0000 1.0000 0.0004 0.0027 0.0186 0.1275 0.8837 1.0000 1.0000 0.0010 0.0070 0.0512 0.3770 1.0000 1.0000 0.0005 0.0036 0.0272 0.2055 1.0000 1.0000 0.0003 0.0021 0.0159 0.1204 0.9145 1.0000 1.0000 0.0012 0.0094 0.0711 0.5400 1.0000 1.0000 0.0007 0.0055 0.0420 0.3189 1.0000 1.0000 0.0004 0.0033 0.0250 0.1915 0.6556 0.1915 0.0250 0.0033 0.0004 1.0000 1.0000 0.3189 0.0420 0.0055 0.0007 1.0000 1.0000 0.5400 0.0711 0.0094 0.0012 1.0000 1.0000 0.9145 0.1204 0.0159 0.0021 0.0003 1.0000 1.0000 0.2055 0.0272 0.0036 0.0005 1.0000 1.0000 0.3770 0.0512 0.0070 0.0010 1.0000 1.0000 0.8837 0.1275 0.0186 0.0027 0.0004 1.0000 1.0000 0.4397 0.0663 0.0100 0.0015 0.0002 1.0000
0.0002 0.0017 0.0114 0.0759 0.5033 1.0000 1.0000 0.0005 0.0030 0.0204 0.1381 0.9410 1.0000 1.0000 0.0010 0.0069 0.0492 0.3554 1.0000 1.0000 0.0004 0.0032 0.0243 0.1823 1.0000 1.0000 0.0002 0.0018 0.0139 0.1052 0.7990 1.0000 1.0000 0.0011 0.0082 0.0621 0.4718 1.0000 1.0000 0.0006 0.0048 0.0367 0.2786 1.0000 1.0000 0.0004 0.0029 0.0217 0.1658 1.0000 1.0000 1.0000 0.1658 0.0217 0.0029 0.0004 1.0000 1.0000 0.2786 0.0367 0.0048 0.0006 1.0000 1.0000 0.4718 0.0621 0.0082 0.0011 1.0000 1.0000 0.7990 0.1052 0.0139 0.0018 0.0002 1.0000 1.0000 0.1823 0.0243 0.0032 0.0004 1.0000 1.0000 0.3554 0.0492 0.0069 0.0010 1.0000 1.0000 0.9410 0.1381 0.0204 0.0030 0.0005 1.0000 1.0000 0.5033 0.0759 0.0114 0.0017 0.0002
0.0016 0.0132 0.0867 0.5761 1.0000 1.0000 0.0005 0.0034 0.0230 0.1539 1.0000 1.0000 1.0000 0.0010 0.0070 0.0492 0.3480 1.0000 1.0000 0.0004 0.0030 0.0220 0.1639 1.0000 1.0000 0.0002 0.0016 0.0122 0.0921 0.6981 1.0000 1.0000 0.0009 0.0071 0.0543 0.4122 1.0000 1.0000 0.0006 0.0042 0.0321 0.2434 1.0000 1.0000 0.0003 0.0025 0.0189 0.1437 1.0000 1.0000 1.0000 1.0000 1.0000 0.1437 0.0189 0.0025 0.0003 1.0000 1.0000 0.2434 0.0321 0.0042 0.0006 1.0000 1.0000 0.4122 0.0543 0.0071 0.0009 1.0000 1.0000 0.6981 0.0921 0.0122 0.0016 0.0002 1.0000 1.0000 0.1639 0.0220 0.0030 0.0004 1.0000 1.0000 0.3480 0.0492 0.0070 0.0010 1.0000 1.0000 1.0000 0.1539 0.0230 0.0034 0.0005 1.0000 1.0000 0.5761 0.0867 0.0132 0.0016
0.0123 0.1005 0.6581 1.0000 1.0000 0.0006 0.0039 0.0261 0.1738 1.0000 1.0000 1.0000 0.0011 0.0074 0.0512 0.3554 1.0000 1.0000 0.0004 0.0028 0.0205 0.1507 1.0000 1.0000 1.0000 0.0014 0.0108 0.0812 0.6134 1.0000 1.0000 0.0008 0.0062 0.0474 0.3601 1.0000 1.0000 0.0005 0.0037 0.0280 0.2127 1.0000 1.0000 0.0003 0.0022 0.0165 0.1256 0.9536 1.0000 1.0000 0.0006 1.0000 1.0000 0.9536 0.1256 0.0165 0.0022 0.0003 1.0000 1.0000 0.2127 0.0280 0.0037 0.0005 1.0000 1.0000 0.3601 0.0474 0.0062 0.0008 1.0000 1.0000 0.6134 0.0812 0.0108 0.0014 1.0000 1.0000 1.0000 0.1507 0.0205 0.0028 0.0004 1.0000 1.0000 0.3554 0.0512 0.0074 0.0011 1.0000 1.0000 1.0000 0.1738 0.0261 0.0039 0.0006 1.0000 1.0000 0.6581 0.1005 0.0123
0.0937 0.7619 1.0000 1.0000 0.0007 0.0045 0.0299 0.1982 1.0000 1.0000 1.0000 0.0012 0.0082 0.0552 0.3770 1.0000 1.0000 0.0004 0.0028 0.0198 0.1426 1.0000 1.0000 1.0000 0.0013 0.0096 0.0723 0.5441 1.0000 1.0000 0.0007 0.0055 0.0414 0.3146 1.0000 1.0000 0.0004 0.0032 0.0245 0.1858 1.0000 1.0000 0.0003 0.0019 0.0144 0.1097 0.8331 1.0000 1.0000 0.0011 0.0039 0.0011 1.0000 1.0000 0.8331 0.1097 0.0144 0.0019 0.0003 1.0000 1.0000 0.1858 0.0245 0.0032 0.0004 1.0000 1.0000 0.3146 0.0414 0.0055 0.0007 1.0000 1.0000 0.5441 0.0723 0.0096 0.0013 1.0000 1.0000 1.0000 0.1426 0.0198 0.0028 0.0004 1.0000 1.0000 0.3770 0.0552 0.0082 0.0012 1.0000 1.0000 1.0000 0.1982 0.0299 0.0045 0.0007 1.0000 1.0000 0.7619 0.0937
0.7115 1.0000 1.0000 0.0008 0.0052 0.0342 0.2269 1.0000 1.0000 0.0002 0.0014 0.0091 0.0611 0.4114 1.0000 1.0000 0.0004 0.0028 0.0198 0.1400 1.0000 1.0000 1.0000 0.0012 0.0088 0.0653 0.4873 1.0000 1.0000 0.0006 0.0048 0.0363 0.2754 1.0000 1.0000 0.0004 0.0028 0.0214 0.1623 1.0000 1.0000 0.0002 0.0017 0.0126 0.0959 0.7279 1.0000 1.0000 0.0010 0.0076 0.0260 0.0076 0.0010 1.0000 1.0000 0.7279 0.0959 0.0126 0.0017 0.0002 1.0000 1.0000 0.1623 0.0214 0.0028 0.0004 1.0000 1.0000 0.2754 0.0363 0.0048 0.0006 1.0000 1.0000 0.4873 0.0653 0.0088 0.0012 1.0000 1.0000 1.0000 0.1400 0.0198 0.0028 0.0004 1.0000 1.0000 0.4114 0.0611 0.0091 0.0014 0.0002 1.0000 1.0000 0.2269 0.0342 0.0052 0.0008 1.0000 1.0000 0.7115
1.0000 1.0000 0.0009 0.0059 0.0391 0.2597 1.0000 1.0000 0.0002 0.0015 0.0103 0.0687 0.4594 1.0000 1.0000 0.0004 0.0030 0.0205 0.1426 1.0000 1.0000 1.0000 0.0011 0.0082 0.0602 0.4439 1.0000 1.0000 0.0006 0.0043 0.0321 0.2425 1.0000 1.0000 0.0003 0.0025 0.0187 0.1418 1.0000 1.0000 1.0000 0.0015 0.0110 0.0837 0.6360 1.0000 1.0000 0.0009 0.0066 0.0503 0.1722 0.0503 0.0066 0.0009 1.0000 1.0000 0.6360 0.0837 0.0110 0.0015 1.0000 1.0000 1.0000 0.1418 0.0187 0.0025 0.0003 1.0000 1.0000 0.2425 0.0321 0.0043 0.0006 1.0000 1.0000 0.4439 0.0602 0.0082 0.0011 1.0000 1.0000 1.0000 0.1426 0.0205 0.0030 0.0004 1.0000 1.0000 0.4594 0.0687 0.0103 0.0015 0.0002 1.0000 1.0000 0.2597 0.0391 0.0059 0.0009 1.0000 1.0000
1.0000 0.0010 0.0067 0.0448 0.2972 1.0000 1.0000 0.0003 0.0018 0.0118 0.0781 0.5198 1.0000 1.0000 0.0005 0.0032 0.0220 0.1507 1.0000 1.0000 1.0000 0.0011 0.0079 0.0571 0.4153 1.0000 1.0000 0.0005 0.0038 0.0286 0.2151 1.0000 1.0000 0.0003 0.0022 0.0163 0.1239 0.9410 1.0000 1.0000 0.0013 0.0096 0.0732 0.5556 1.0000 1.0000 0.0007 0.0057 0.0435 0.3338 1.0000 0.3338 0.0435 0.0057 0.0007 1.0000 1.0000 0.5556 0.0732 0.0096 0.0013 1.0000 1.0000 0.9410 0.1239 0.0163 0.0022 0.0003 1.0000 1.0000 0.2151 0.0286 0.0038 0.0005 1.0000 1.0000 0.4153 0.0571 0.0079 0.0011 1.0000 1.0000 1.0000 0.1507 0.0220 0.0032 0.0005 1.0000 1.0000 0.5198 0.0781 0.0118 0.0018 0.0003 1.0000 1.0000 0.2972 0.0448 0.0067 0.0010 1.0000
0.0010 0.0078 0.0512 0.3402 1.0000 1.0000 0.0003 0.0020 0.0135 0.0893 0.5927 1.0000 1.0000 0.0005 0.0036 0.0243 0.1639 1.0000 1.0000 1.0000 0.0011 0.0079 0.0561 0.4014 1.0000 1.0000 0.0005 0.0035 0.0259 0.1930 1.0000 1.0000 0.0003 0.0019 0.0143 0.1085 0.8221 1.0000 1.0000 0.0011 0.0084 0.0639 0.4854 1.0000 1.0000 0.0007 0.0050 0.0377 0.2888 1.0000 1.0000 1.0000 0.2888 0.0377 0.0050 0.0007 1.0000 1.0000 0.4854 0.0639 0.0084 0.0011 1.0000 1.0000 0.8221 0.1085 0.0143 0.0019 0.0003 1.0000 1.0000 0.1930 0.0259 0.0035 0.0005 1.0000 1.0000 0.4014 0.0561 0.0079 0.0011 1.0000 1.0000 1.0000 0.1639 0.0243 0.0036 0.0005 1.0000 1.0000 0.5927 0.0893 0.0135 0.0020 0.0003 1.0000 1.0000 0.3402 0.0512 0.0078 0.0010
0.0073 0.0592 0.3886 1.0000 1.0000 0.0004 0.0023 0.0154 0.1023 0.6784 1.0000 1.0000 0.0006 0.0041 0.0272 0.1823 1.0000 1.0000 1.0000 0.0012 0.0082 0.0571 0.4014 1.0000 1.0000 0.0005 0.0033 0.0240 0.1768 1.0000 1.0000 0.0002 0.0017 0.0127 0.0957 0.7224 1.0000 1.0000 0.0010 0.0074 0.0559 0.4241 1.0000 1.0000 0.0006 0.0043 0.0330 0.2504 1.0000 1.0000 1.0000 1.0000 1.0000 0.2504 0.0330 0.0043 0.0006 1.0000 1.0000 0.4241 0.0559 0.0074 0.0010 1.0000 1.0000 0.7224 0.0957 0.0127 0.0017 0.0002 1.0000 1.0000 0.1768 0.0240 0.0033 0.0005 1.0000 1.0000 0.4014 0.0571 0.0082 0.0012 1.0000 1.0000 1.0000 0.1823 0.0272 0.0041 0.0006 1.0000 1.0000 0.6784 0.1023 0.0154 0.0023 0.0004 1.0000 1.0000 0.3886 0.0592 0.0073
0.0553 0.4507 1.0000 1.0000 0.0004 0.0027 0.0176 0.1170 0.7765 1.0000 1.0000 0.0007 0.0046 0.0308 0.2055 1.0000 1.0000 1.0000 0.0013 0.0088 0.0602 0.4153 1.0000 1.0000 0.0004 0.0032 0.0228 0.1661 1.0000 1.0000 0.0002 0.0015 0.0113 0.0850 0.6396 1.0000 1.0000 0.0008 0.0064 0.0488 0.3706 1.0000 1.0000 0.0005 0.0038 0.0288 0.2188 1.0000 1.0000 0.0003 0.0010 0.0003 1.0000 1.0000 0.2188 0.0288 0.0038 0.0005 1.0000 1.0000 0.3706 0.0488 0.0064 0.0008 1.0000 1.0000 0.6396 0.0850 0.0113 0.0015 0.0002 1.0000 1.0000 0.1661 0.0228 0.0032 0.0004 1.0000 1.0000 0.4153 0.0602 0.0088 0.0013 1.0000 1.0000 1.0000 0.2055 0.0308 0.0046 0.0007 1.0000 1.0000 0.7765 0.1170 0.0176 0.0027 0.0004 1.0000 1.0000 0.4507 0.0553
0.4201 1.0000 1.0000 0.0005 0.0030 0.0202 0.1340 0.8888 1.0000 1.0000 0.0008 0.0053 0.0352 0.2334 1.0000 1.0000 0.0002 0.0014 0.0096 0.0653 0.4439 1.0000 1.0000 0.0005 0.0032 0.0225 0.1608 1.0000 1.0000 1.0000 0.0014 0.0103 0.0766 0.5717 1.0000 1.0000 0.0007 0.0057 0.0428 0.3244 1.0000 1.0000 0.0004 0.0033 0.0252 0.1912 1.0000 1.0000 0.0003 0.0020 0.0068 0.0020 0.0003 1.0000 1.0000 0.1912 0.0252 0.0033 0.0004 1.0000 1.0000 0.3244 0.0428 0.0057 0.0007 1.0000 1.0000 0.5717 0.0766 0.0103 0.0014 1.0000 1.0000 1.0000 0.1608 0.0225 0.0032 0.0005 1.0000 1.0000 0.4439 0.0653 0.0096 0.0014 0.0002 1.0000 1.0000 0.2334 0.0352 0.0053 0.0008 1.0000 1.0000 0.8888 0.1340 0.0202 0.0030 0.0005 1.0000 1.0000 0.4201
1.0000 1.0000 0.0005 0.0035 0.0231 0.1533 1.0000 1.0000 1.0000 0.0009 0.0061 0.0403 0.2672 1.0000 1.0000 0.0002 0.0016 0.0108 0.0723 0.4873 1.0000 1.0000 0.0005 0.0033 0.0228 0.1608 1.0000 1.0000 1.0000 0.0013 0.0096 0.0704 0.5208 1.0000 1.0000 0.0007 0.0050 0.0378 0.2856 1.0000 1.0000 0.0004 0.0029 0.0220 0.1670 1.0000 1.0000 0.0002 0.0017 0.0132 0.0452 0.0132 0.0017 0.0002 1.0000 1.0000 0.1670 0.0220 0.0029 0.0004 1.0000 1.0000 0.2856 0.0378 0.0050 0.0007 1.0000 1.0000 0.5208 0.0704 0.0096 0.0013 1.0000 1.0000 1.0000 0.1608 0.0228 0.0033 0.0005 1.0000 1.0000 0.4873 0.0723 0.0108 0.0016 0.0002 1.0000 1.0000 0.2672 0.0403 0.0061 0.0009 1.0000 1.0000 1.0000 0.1533 0.0231 0.0035 0.0005 1.0000 1.0000
1.0000 0.0006 0.0040 0.0265 0.1755 1.0000 1.0000 1.0000 0.0010 0.0069 0.0461 0.3058 1.0000 1.0000 0.0003 0.0018 0.0122 0.0812 0.5441 1.0000 1.0000 0.0005 0.0035 0.0240 0.1661 1.0000 1.0000 1.0000 0.0013 0.0091 0.0663 0.4845 1.0000 1.0000 0.0006 0.0045 0.0337 0.2533 1.0000 1.0000 0.0003 0.0025 0.0192 0.1459 1.0000 1.0000 1.0000 0.0015 0.0114 0.0877 0.3000 0.0877 0.0114 0.0015 1.0000 1.0000 1.0000 0.1459 0.0192 0.0025 0.0003 1.0000 1.0000 0.2533 0.0337 0.0045 0.0006 1.0000 1.0000 0.4845 0.0663 0.0091 0.0013 1.0000 1.0000 1.0000 0.1661 0.0240 0.0035 0.0005 1.0000 1.0000 0.5441 0.0812 0.0122 0.0018 0.0003 1.0000 1.0000 0.3058 0.0461 0.0069 0.0010 1.0000 1.0000 1.0000 0.1755 0.0265 0.0040 0.0006 1.0000
0.0006 0.0046 0.0302 0.2009 1.0000 1.0000 1.0000 0.0012 0.0080 0.0528 0.3500 1.0000 1.0000 0.0003 0.0021 0.0139 0.0921 0.6134 1.0000 1.0000 0.0006 0.0038 0.0259 0.1768 1.0000 1.0000 1.0000 0.0013 0.0090 0.0643 0.4638 1.0000 1.0000 0.0006 0.0041 0.0304 0.2269 1.0000 1.0000 0.0003 0.0022 0.0169 0.1277 0.9682 1.0000 1.0000 0.0013 0.0099 0.0759 0.5816 1.0000 0.5816 0.0759 0.0099 0.0013 1.0000 1.0000 0.9682 0.1277 0.0169 0.0022 0.0003 1.0000 1.0000 0.2269 0.0304 0.0041 0.0006 1.0000 1.0000 0.4638 0.0643 0.0090 0.0013 1.0000 1.0000 1.0000 0.1768 0.0259 0.0038 0.0006 1.0000 1.0000 0.6134 0.0921 0.0139 0.0021 0.0003 1.0000 1.0000 0.3500 0.0528 0.0080 0.0012 1.0000 1.0000 1.0000 0.2009 0.0302 0.0046 0.0006
0.0043 0.0350 0.2295 1.0000 1.0000 0.0002 0.0014 0.0091 0.0604 0.4006 1.0000 1.0000 0.0004 0.0024 0.0159 0.1052 0.6981 1.0000 1.0000 0.0006 0.0043 0.0286 0.1930 1.0000 1.0000 1.0000 0.0013 0.0091 0.0643 0.4559 1.0000 1.0000 0.0005 0.0038 0.0280 0.2067 1.0000 1.0000 0.0003 0.0020 0.0150 0.1127 0.8507 1.0000 1.0000 0.0011 0.0087 0.0658 0.5033 1.0000 1.0000 1.0000 0.5033 0.0658 0.0087 0.0011 1.0000 1.0000 0.8507 0.1127 0.0150 0.0020 0.0003 1.0000 1.0000 0.2067 0.0280 0.0038 0.0005 1.0000 1.0000 0.4559 0.0643 0.0091 0.0013 1.0000 1.0000 1.0000 0.1930 0.0286 0.0043 0.0006 1.0000 1.0000 0.6981 0.1052 0.0159 0.0024 0.0004 1.0000 1.0000 0.4006 0.0604 0.0091 0.0014 0.0002 1.0000 1.0000 0.2295 0.0350 0.0043
0.0327 0.2657 1.0000 1.0000 0.0002 0.0016 0.0104 0.0691 0.4585 1.0000 1.0000 0.0004 0.0027 0.0182 0.1204 0.7990 1.0000 1.0000 0.0007 0.0048 0.0321 0.2151 1.0000 1.0000 0.0002 0.0014 0.0096 0.0663 0.4638 1.0000 1.0000 0.0005 0.0037 0.0265 0.1930 1.0000 1.0000 0.0002 0.0018 0.0133 0.1001 0.7532 1.0000 1.0000 0.0010 0.0076 0.0575 0.4364 1.0000 1.0000 0.0003 1.0000 1.0000 0.4364 0.0575 0.0076 0.0010 1.0000 1.0000 0.7532 0.1001 0.0133 0.0018 0.0002 1.0000 1.0000 0.1930 0.0265 0.0037 0.0005 1.0000 1.0000 0.4638 0.0663 0.0096 0.0014 0.0002 1.0000 1.0000 0.2151 0.0321 0.0048 0.0007 1.0000 1.0000 0.7990 0.1204 0.0182 0.0027 0.0004 1.0000 1.0000 0.4585 0.0691 0.0104 0.0016 0.0002 1.0000 1.0000 0.2657 0.0327
0.2481 1.0000 1.0000 0.0003 0.0018 0.0119 0.0791 0.5248 1.0000 1.0000 0.0005 0.0031 0.0208 0.1378 0.9145 1.0000 1.0000 0.0008 0.0055 0.0363 0.2425 1.0000 1.0000 0.0002 0.0015 0.0103 0.0704 0.4845 1.0000 1.0000 0.0005 0.0036 0.0257 0.1847 1.0000 1.0000 0.0002 0.0016 0.0121 0.0899 0.6720 1.0000 1.0000 0.0009 0.0066 0.0503 0.3813 1.0000 1.0000 0.0005 0.0018 0.0005 1.0000 1.0000 0.3813 0.0503 0.0066 0.0009 1.0000 1.0000 0.6720 0.0899 0.0121 0.0016 0.0002 1.0000 1.0000 0.1847 0.0257 0.0036 0.0005 1.0000 1.0000 0.4845 0.0704 0.0103 0.0015 0.0002 1.0000 1.0000 0.2425 0.0363 0.0055 0.0008 1.0000 1.0000 0.9145 0.1378 0.0208 0.0031 0.0005 1.0000 1.0000 0.5248 0.0791 0.0119 0.0018 0.0003 1.0000 1.0000 0.2481
1.0000 1.0000 0.0003 0.0021 0.0136 0.0905 0.6007 1.0000 1.0000 0.0005 0.0036 0.0238 0.1578 1.0000 1.0000 1.0000 0.0009 0.0062 0.0414 0.2754 1.0000 1.0000 0.0003 0.0017 0.0113 0.0766 0.5208 1.0000 1.0000 0.0005 0.0037 0.0257 0.1820 1.0000 1.0000 0.0002 0.0015 0.0112 0.0822 0.6087 1.0000 1.0000 0.0008 0.0059 0.0444 0.3350 1.0000 1.0000 0.0005 0.0035 0.0119 0.0035 0.0005 1.0000 1.0000 0.3350 0.0444 0.0059 0.0008 1.0000 1.0000 0.6087 0.0822 0.0112 0.0015 0.0002 1.0000 1.0000 0.1820 0.0257 0.0037 0.0005 1.0000 1.0000 0.5208 0.0766 0.0113 0.0017 0.0003 1.0000 1.0000 0.2754 0.0414 0.0062 0.0009 1.0000 1.0000 1.0000 0.1578 0.0238 0.0036 0.0005 1.0000 1.0000 0.6007 0.0905 0.0136 0.0021 0.0003 1.0000 1.0000
1.0000 0.0004 0.0023 0.0156 0.1036 0.6875 1.0000 1.0000 0.0006 0.0041 0.0272 0.1806 1.0000 1.0000 1.0000 0.0011 0.0071 0.0474 0.3146 1.0000 1.0000 0.0003 0.0019 0.0127 0.0850 0.5717 1.0000 1.0000 0.0006 0.0038 0.0265 0.1847 1.0000 1.0000 0.0002 0.0015 0.0105 0.0769 0.5631 1.0000 1.0000 0.0007 0.0053 0.0394 0.2966 1.0000 1.0000 0.0004 0.0030 0.0230 0.0790 0.0230 0.0030 0.0004 1.0000 1.0000 0.2966 0.0394 0.0053 0.0007 1.0000 1.0000 0.5631 0.0769 0.0105 0.0015 0.0002 1.0000 1.0000 0.1847 0.0265 0.0038 0.0006 1.0000 1.0000 0.5717 0.0850 0.0127 0.0019 0.0003 1.0000 1.0000 0.3146 0.0474 0.0071 0.0011 1.0000 1.0000 1.0000 0.1806 0.0272 0.0041 0.0006 1.0000 1.0000 0.6875 0.1036 0.0156 0.0023 0.0004 1.0000
0.0003 0.0027 0.0178 0.1186 0.7869 1.0000 1.0000 0.0007 0.0047 0.0312 0.2067 1.0000 1.0000 1.0000 0.0012 0.0082 0.0543 0.3601 1.0000 1.0000 0.0003 0.0022 0.0143 0.0957 0.6396 1.0000 1.0000 0.0006 0.0041 0.0280 0.1930 1.0000 1.0000 0.0002 0.0014 0.0102 0.0736 0.5329 1.0000 1.0000 0.0006 0.0048 0.0355 0.2651 1.0000 1.0000 0.0003 0.0026 0.0200 0.1533 0.5238 0.1533 0.0200 0.0026 0.0003 1.0000 1.0000 0.2651 0.0355 0.0048 0.0006 1.0000 1.0000 0.5329 0.0736 0.0102 0.0014 0.0002 1.0000 1.0000 0.1930 0.0280 0.0041 0.0006 1.0000 1.0000 0.6396 0.0957 0.0143 0.0022 0.0003 1.0000 1.0000 0.3601 0.0543 0.0082 0.0012 1.0000 1.0000 1.0000 0.2067 0.0312 0.0047 0.0007 1.0000 1.0000 0.7869 0.1186 0.0178 0.0027 0.0003
0.0025 0.0207 0.1355 0.9007 1.0000 1.0000 0.0008 0.0054 0.0357 0.2366 1.0000 1.0000 0.0002 0.0014 0.0094 0.0621 0.4122 1.0000 1.0000 0.0004 0.0025 0.0163 0.1085 0.7224 1.0000 1.0000 0.0007 0.0045 0.0304 0.2067 1.0000 1.0000 0.0002 0.0015 0.0102 0.0725 0.5169 1.0000 1.0000 0.0006 0.0044 0.0326 0.2411 1.0000 1.0000 0.0003 0.0023 0.0175 0.1335 1.0000 1.0000 1.0000 0.1335 0.0175 0.0023 0.0003 1.0000 1.0000 0.2411 0.0326 0.0044 0.0006 1.0000 1.0000 0.5169 0.0725 0.0102 0.0015 0.0002 1.0000 1.0000 0.2067 0.0304 0.0045 0.0007 1.0000 1.0000 0.7224 0.1085 0.0163 0.0025 0.0004 1.0000 1.0000 0.4122 0.0621 0.0094 0.0014 0.0002 1.0000 1.0000 0.2366 0.0357 0.0054 0.0008 1.0000 1.0000 0.9007 0.1355 0.0207 0.0025
0.0193 0.1572 1.0000 1.0000 1.0000 0.0009 0.0062 0.0408 0.2708 1.0000 1.0000 0.0002 0.0016 0.0107 0.0711 0.4718 1.0000 1.0000 0.0004 0.0028 0.0187 0.1239 0.8221 1.0000 1.0000 0.0007 0.0050 0.0337 0.2269 1.0000 1.0000 0.0002 0.0015 0.0105 0.0736 0.5169 1.0000 1.0000 0.0006 0.0042 0.0306 0.2239 1.0000 1.0000 0.0003 0.0021 0.0156 0.1175 0.8905 1.0000 1.0000 1.0000 0.8905 0.1175 0.0156 0.0021 0.0003 1.0000 1.0000 0.2239 0.0306 0.0042 0.0006 1.0000 1.0000 0.5169 0.0736 0.0105 0.0015 0.0002 1.0000 1.0000 0.2269 0.0337 0.0050 0.0007 1.0000 1.0000 0.8221 0.1239 0.0187 0.0028 0.0004 1.0000 1.0000 0.4718 0.0711 0.0107 0.0016 0.0002 1.0000 1.0000 0.2708 0.0408 0.0062 0.0009 1.0000 1.0000 1.0000 0.1572 0.0193
0.1465 1.0000 1.0000 1.0000 0.0011 0.0070 0.0467 0.3099 1.0000 1.0000 0.0003 0.0018 0.0123 0.0814 0.5400 1.0000 1.0000 0.0005 0.0032 0.0214 0.1418 0.9410 1.0000 1.0000 0.0008 0.0057 0.0378 0.2533 1.0000 1.0000 0.0002 0.0016 0.0112 0.0769 0.5329 1.0000 1.0000 0.0006 0.0041 0.0293 0.2119 1.0000 1.0000 0.0003 0.0019 0.0141 0.1050 0.7884 1.0000 1.0000 0.0005 1.0000 1.0000 0.7884 0.1050 0.0141 0.0019 0.0003 1.0000 1.0000 0.2119 0.0293 0.0041 0.0006 1.0000 1.0000 0.5329 0.0769 0.0112 0.0016 0.0002 1.0000 1.0000 0.2533 0.0378 0.0057 0.0008 1.0000 1.0000 0.9410 0.1418 0.0214 0.0032 0.0005 1.0000 1.0000 0.5400 0.0814 0.0123 0.0018 0.0003 1.0000 1.0000 0.3099 0.0467 0.0070 0.0011 1.0000 1.0000 1.0000 0.1465
1.0000 1.0000 1.0000 0.0012 0.0081 0.0535 0.3547 1.0000 1.0000 0.0003 0.0021 0.0140 0.0932 0.6181 1.0000 1.0000 0.0006 0.0037 0.0245 0.1623 1.0000 1.0000 1.0000 0.0010 0.0064 0.0428 0.2856 1.0000 1.0000 0.0003 0.0018 0.0121 0.0822 0.5631 1.0000 1.0000 0.0006 0.0041 0.0289 0.2059 1.0000 1.0000 0.0002 0.0018 0.0129 0.0955 0.7101 1.0000 1.0000 0.0009 0.0032 0.0009 1.0000 1.0000 0.7101 0.0955 0.0129 0.0018 0.0002 1.0000 1.0000 0.2059 0.0289 0.0041 0.0006 1.0000 1.0000 0.5631 0.0822 0.0121 0.0018 0.0003 1.0000 1.0000 0.2856 0.0428 0.0064 0.0010 1.0000 1.0000 1.0000 0.1623 0.0245 0.0037 0.0006 1.0000 1.0000 0.6181 0.0932 0.0140 0.0021 0.0003 1.0000 1.0000 0.3547 0.0535 0.0081 0.0012 1.0000 1.0000 1.0000
1.0000 0.0002 0.0014 0.0092 0.0612 0.4060 1.0000 1.0000 0.0004 0.0024 0.0161 0.1066 0.7074 1.0000 1.0000 0.0006 0.0042 0.0280 0.1858 1.0000 1.0000 1.0000 0.0011 0.0074 0.0488 0.3244 1.0000 1.0000 0.0003 0.0020 0.0133 0.0899 0.6087 1.0000 1.0000 0.0006 0.0042 0.0293 0.2059 1.0000 1.0000 0.0002 0.0017 0.0121 0.0887 0.6519 1.0000 1.0000 0.0008 0.0063 0.0215 0.0063 0.0008 1.0000 1.0000 0.6519 0.0887 0.0121 0.0017 0.0002 1.0000 1.0000 0.2059 0.0293 0.0042 0.0006 1.0000 1.0000 0.6087 0.0899 0.0133 0.0020 0.0003 1.0000 1.0000 0.3244 0.0488 0.0074 0.0011 1.0000 1.0000 1.0000 0.1858 0.0280 0.0042 0.0006 1.0000 1.0000 0.7074 0.1066 0.0161 0.0024 0.0004 1.0000 1.0000 0.4060 0.0612 0.0092 0.0014 0.0002 1.0000
0.0002 0.0016 0.0105 0.0700 0.4647 1.0000 1.0000 0.0004 0.0028 0.0184 0.1220 0.8097 1.0000 1.0000 0.0007 0.0048 0.0321 0.2127 1.0000 1.0000 1.0000 0.0013 0.0084 0.0559 0.3706 1.0000 1.0000 0.0003 0.0022 0.0150 0.1001 0.6720 1.0000 1.0000 0.0006 0.0044 0.0306 0.2119 1.0000 1.0000 0.0002 0.0016 0.0117 0.0842 0.6122 1.0000 1.0000 0.0008 0.0056 0.0426 0.1448 0.0426 0.0056 0.0008 1.0000 1.0000 0.6122 0.0842 0.0117 0.0016 0.0002 1.0000 1.0000 0.2119 0.0306 0.0044 0.0006 1.0000 1.0000 0.6720 0.1001 0.0150 0.0022 0.0003 1.0000 1.0000 0.3706 0.0559 0.0084 0.0013 1.0000 1.0000 1.0000 0.2127 0.0321 0.0048 0.0007 1.0000 1.0000 0.8097 0.1220 0.0184 0.0028 0.0004 1.0000 1.0000 0.4647 0.0700 0.0105 0.0016 0.0002
0.0015 0.0122 0.0800 0.5318 1.0000 1.0000 0.0005 0.0032 0.0211 0.1397 0.9267 1.0000 1.0000 0.0008 0.0055 0.0367 0.2434 1.0000 1.0000 0.0002 0.0015 0.0096 0.0639 0.4241 1.0000 1.0000 0.0004 0.0025 0.0169 0.1127 0.7532 1.0000 1.0000 0.0007 0.0048 0.0326 0.2239 1.0000 1.0000 0.0002 0.0016 0.0115 0.0822 0.5894 1.0000 1.0000 0.0007 0.0051 0.0383 0.2877 0.9812 0.2877 0.0383 0.0051 0.0007 1.0000 1.0000 0.5894 0.0822 0.0115 0.0016 0.0002 1.0000 1.0000 0.2239 0.0326 0.0048 0.0007 1.0000 1.0000 0.7532 0.1127 0.0169 0.0025 0.0004 1.0000 1.0000 0.4241 0.0639 0.0096 0.0015 0.0002 1.0000 1.0000 0.2434 0.0367 0.0055 0.0008 1.0000 1.0000 0.9267 0.1397 0.0211 0.0032 0.0005 1.0000 1.0000 0.5318 0.0800 0.0122 0.0015
0.0114 0.0926 0.6076 1.0000 1.0000 0.0005 0.0036 0.0241 0.1599 1.0000 1.0000 1.0000 0.0010 0.0063 0.0420 0.2786 1.0000 1.0000 0.0003 0.0017 0.0110 0.0732 0.4854 1.0000 1.0000 0.0004 0.0029 0.0192 0.1277 0.8507 1.0000 1.0000 0.0008 0.0053 0.0355 0.2411 1.0000 1.0000 0.0002 0.0017 0.0117 0.0822 0.5816 1.0000 1.0000 0.0007 0.0048 0.0353 0.2616 1.0000 1.0000 1.0000 0.2616 0.0353 0.0048 0.0007 1.0000 1.0000 0.5816 0.0822 0.0117 0.0017 0.0002 1.0000 1.0000 0.2411 0.0355 0.0053 0.0008 1.0000 1.0000 0.8507 0.1277 0.0192 0.0029 0.0004 1.0000 1.0000 0.4854 0.0732 0.0110 0.0017 0.0003 1.0000 1.0000 0.2786 0.0420 0.0063 0.0010 1.0000 1.0000 1.0000 0.1599 0.0241 0.0036 0.0005 1.0000 1.0000 0.6076 0.0926 0.0114
0.0865 0.7047 1.0000 1.0000 0.0006 0.0042 0.0276 0.1830 1.0000 1.0000 1.0000 0.0011 0.0072 0.0481 0.3189 1.0000 1.0000 0.0003 0.0019 0.0126 0.0837 0.5556 1.0000 1.0000 0.0005 0.0033 0.0220 0.1459 0.9682 1.0000 1.0000 0.0009 0.0059 0.0394 0.2651 1.0000 1.0000 0.0003 0.0018 0.0121 0.0842 0.5894 1.0000 1.0000 0.0006 0.0046 0.0335 0.2443 1.0000 1.0000 1.0000 1.0000 1.0000 0.2443 0.0335 0.0046 0.0006 1.0000 1.0000 0.5894 0.0842 0.0121 0.0018 0.0003 1.0000 1.0000 0.2651 0.0394 0.0059 0.0009 1.0000 1.0000 0.9682 0.1459 0.0220 0.0033 0.0005 1.0000 1.0000 0.5556 0.0837 0.0126 0.0019 0.0003 1.0000 1.0000 0.3189 0.0481 0.0072 0.0011 1.0000 1.0000 1.0000 0.1830 0.0276 0.0042 0.0006 1.0000 1.0000 0.7047 0.0865
0.6569 1.0000 1.0000 0.0007 0.0048 0.0316 0.2094 1.0000 1.0000 1.0000 0.0012 0.0083 0.0550 0.3650 1.0000 1.0000 0.0003 0.0022 0.0144 0.0959 0.6360 1.0000 1.0000 0.0006 0.0038 0.0252 0.1670 1.0000 1.0000 1.0000 0.0010 0.0066 0.0444 0.2966 1.0000 1.0000 0.0003 0.0019 0.0129 0.0887 0.6122 1.0000 1.0000 0.0006 0.0046 0.0327 0.2348 1.0000 1.0000 0.0003 0.0010 0.0003 1.0000 1.0000 0.2348 0.0327 0.0046 0.0006 1.0000 1.0000 0.6122 0.0887 0.0129 0.0019 0.0003 1.0000 1.0000 0.2966 0.0444 0.0066 0.0010 1.0000 1.0000 1.0000 0.1670 0.0252 0.0038 0.0006 1.0000 1.0000 0.6360 0.0959 0.0144 0.0022 0.0003 1.0000 1.0000 0.3650 0.0550 0.0083 0.0012 1.0000 1.0000 1.0000 0.2094 0.0316 0.0048 0.0007 1.0000 1.0000 0.6569
1.0000 1.0000 0.0008 0.0054 0.0361 0.2397 1.0000 1.0000 0.0002 0.0014 0.0095 0.0630 0.4177 1.0000 1.0000 0.0004 0.0025 0.0165 0.1097 0.7279 1.0000 1.0000 0.0007 0.0043 0.0288 0.1912 1.0000 1.0000 1.0000 0.0011 0.0076 0.0503 0.3350 1.0000 1.0000 0.0003 0.0021 0.0141 0.0955 0.6519 1.0000 1.0000 0.0007 0.0046 0.0327 0.2317 1.0000 1.0000 0.0003 0.0020 0.0066 0.0020 0.0003 1.0000 1.0000 0.2317 0.0327 0.0046 0.0007 1.0000 1.0000 0.6519 0.0955 0.0141 0.0021 0.0003 1.0000 1.0000 0.3350 0.0503 0.0076 0.0011 1.0000 1.0000 1.0000 0.1912 0.0288 0.0043 0.0007 1.0000 1.0000 0.7279 0.1097 0.0165 0.0025 0.0004 1.0000 1.0000 0.4177 0.0630 0.0095 0.0014 0.0002 1.0000 1.0000 0.2397 0.0361 0.0054 0.0008 1.0000 1.0000
1.0000 0.0010 0.0062 0.0414 0.2744 1.0000 1.0000 0.0002 0.0016 0.0109 0.0721 0.4781 1.0000 1.0000 0.0004 0.0029 0.0189 0.1256 0.8331 1.0000 1.0000 0.0007 0.0050 0.0330 0.2188 1.0000 1.0000 1.0000 0.0013 0.0087 0.0575 0.3813 1.0000 1.0000 0.0003 0.0023 0.0156 0.1050 0.7101 1.0000 1.0000 0.0007 0.0048 0.0335 0.2348 1.0000 1.0000 0.0003 0.0019 0.0137 0.0460 0.0137 0.0019 0.0003 1.0000 1.0000 0.2348 0.0335 0.0048 0.0007 1.0000 1.0000 0.7101 0.1050 0.0156 0.0023 0.0003 1.0000 1.0000 0.3813 0.0575 0.0087 0.0013 1.0000 1.0000 1.0000 0.2188 0.0330 0.0050 0.0007 1.0000 1.0000 0.8331 0.1256 0.0189 0.0029 0.0004 1.0000 1.0000 0.4781 0.0721 0.0109 0.0016 0.0002 1.0000 1.0000 0.2744 0.0414 0.0062 0.0010 1.0000
0.0009 0.0072 0.0473 0.3141 1.0000 1.0000 0.0003 0.0019 0.0124 0.0825 0.5472 1.0000 1.0000 0.0005 0.0033 0.0217 0.1437 0.9536 1.0000 1.0000 0.0009 0.0057 0.0377 0.2504 1.0000 1.0000 0.0002 0.0015 0.0099 0.0658 0.4364 1.0000 1.0000 0.0004 0.0026 0.0175 0.1175 0.7884 1.0000 1.0000 0.0008 0.0051 0.0353 0.2443 1.0000 1.0000 0.0003 0.0018 0.0131 0.0957 0.3219 0.0957 0.0131 0.0018 0.0003 1.0000 1.0000 0.2443 0.0353 0.0051 0.0008 1.0000 1.0000 0.7884 0.1175 0.0175 0.0026 0.0004 1.0000 1.0000 0.4364 0.0658 0.0099 0.0015 0.0002 1.0000 1.0000 0.2504 0.0377 0.0057 0.0009 1.0000 1.0000 0.9536 0.1437 0.0217 0.0033 0.0005 1.0000 1.0000 0.5472 0.0825 0.0124 0.0019 0.0003 1.0000 1.0000 0.3141 0.0473 0.0072 0.0009
0.0068 0.0552 0.3622 1.0000 1.0000 0.0003 0.0022 0.0143 0.0951 0.6311 1.0000 1.0000 0.0006 0.0038 0.0250 0.1658 1.0000 1.0000 1.0000 0.0010 0.0066 0.0435 0.2888 1.0000 1.0000 0.0003 0.0017 0.0114 0.0759 0.5033 1.0000 1.0000 0.0005 0.0030 0.0200 0.1335 0.8905 1.0000 1.0000 0.0008 0.0056 0.0383 0.2616 1.0000 1.0000 0.0003 0.0019 0.0131 0.0939 0.6810 1.0000 0.6810 0.0939 0.0131 0.0019 0.0003 1.0000 1.0000 0.2616 0.0383 0.0056 0.0008 1.0000 1.0000 0.8905 0.1335 0.0200 0.0030 0.0005 1.0000 1.0000 0.5033 0.0759 0.0114 0.0017 0.0003 1.0000 1.0000 0.2888 0.0435 0.0066 0.0010 1.0000 1.0000 1.0000 0.1658 0.0250 0.0038 0.0006 1.0000 1.0000 0.6311 0.0951 0.0143 0.0022 0.0003 1.0000 1.0000 0.3622 0.0552 0.0068
0.0510 0.4225 1.0000 1.0000 0.0004 0.0025 0.0166 0.1099 0.7293 1.0000 1.0000 0.0007 0.0044 0.0289 0.1915 1.0000 1.0000 1.0000 0.0011 0.0076 0.0503 0.3338 1.0000 1.0000 0.0003 0.0020 0.0132 0.0877 0.5816 1.0000 1.0000 0.0005 0.0035 0.0230 0.1533 1.0000 1.0000 1.0000 0.0009 0.0063 0.0426 0.2877 1.0000 1.0000 0.0003 0.0020 0.0137 0.0957 0.6810 1.0000 1.0000 1.0000 0.6810 0.0957 0.0137 0.0020 0.0003 1.0000 1.0000 0.2877 0.0426 0.0063 0.0009 1.0000 1.0000 1.0000 0.1533 0.0230 0.0035 0.0005 1.0000 1.0000 0.5816 0.0877 0.0132 0.0020 0.0003 1.0000 1.0000 0.3338 0.0503 0.0076 0.0011 1.0000 1.0000 1.0000 0.1915 0.0289 0.0044 0.0007 1.0000 1.0000 0.7293 0.1099 0.0166 0.0025 0.0004 1.0000 1.0000 0.4225 0.0510
0.1869 1.0000 1.0000 1.0000 0.0013 0.0085 0.0567 0.3762 1.0000 1.0000 0.0003 0.0022 0.0149 0.0988 0.6556 1.0000 1.0000 0.0006 0.0039 0.0260 0.1722 1.0000 1.0000 1.0000 0.0010 0.0068 0.0452 0.3000 1.0000 1.0000 0.0003 0.0018 0.0119 0.0790 0.5238 1.0000 1.0000 0.0005 0.0032 0.0215 0.1448 0.9812 1.0000 1.0000 0.0010 0.0066 0.0460 0.3219 1.0000 1.0000 1.0000 1.0000 1.0000 0.3219 0.0460 0.0066 0.0010 1.0000 1.0000 0.9812 0.1448 0.0215 0.0032 0.0005 1.0000 1.0000 0.5238 0.0790 0.0119 0.0018 0.0003 1.0000 1.0000 0.3000 0.0452 0.0068 0.0010 1.0000 1.0000 1.0000 0.1722 0.0260 0.0039 0.0006 1.0000 1.0000 0.6556 0.0988 0.0149 0.0022 0.0003 1.0000 1.0000 0.3762 0.0567 0.0085 0.0013 1.0000 1.0000 1.0000 0.1869
0.0510 0.4225 1.0000 1.0000 0.0004 0.0025 0.0166 0.1099 0.7293 1.0000 1.0000 0.0007 0.0044 0.0289 0.1915 1.0000 1.0000 1.0000 0.0011 0.0076 0.0503 0.3338 1.0000 1.0000 0.0003 0.0020 0.0132 0.0877 0.5816 1.0000 1.0000 0.0005 0.0035 0.0230 0.1533 1.0000 1.0000 1.0000 0.0009 0.0063 0.0426 0.2877 1.0000 1.0000 0.0003 0.0020 0.0137 0.0957 0.6810 1.0000 1.0000 1.0000 0.6810 0.0957 0.0137 0.0020 0.0003 1.0000 1.0000 0.2877 0.0426 0.0063 0.0009 1.0000 1.0000 1.0000 0.1533 0.0230 0.0035 0.0005 1.0000 1.0000 0.5816 0.0877 0.0132 0.0020 0.0003 1.0000 1.0000 0.3338 0.0503 0.0076 0.0011 1.0000 1.0000 1.0000 0.1915 0.0289 0.0044 0.0007 1.0000 1.0000 0.7293 0.1099 0.0166 0.0025 0.0004 1.0000 1.0000 0.4225 0.0510
0.0068 0.0552 0.3622 1.0000 1.0000 0.0003 0.0022 0.0143 0.0951 0.6311 1.0000 1.0000 0.0006 0.0038 0.0250 0.1658 1.0000 1.0000 1.0000 0.0010 0.0066 0.0435 0.2888 1.0000 1.0000 0.0003 0.0017 0.0114 0.0759 0.5033 1.0000 1.0000 0.0005 0.0030 0.0200 0.1335 0.8905 1.0000 1.0000 0.0008 0.0056 0.0383 0.2616 1.0000 1.0000 0.0003 0.0019 0.0131 0.0939 0.6810 1.0000 0.6810 0.0939 0.0131 0.0019 0.0003 1.0000 1.0000 0.2616 0.0383 0.0056 0.0008 1.0000 1.0000 0.8905 0.1335 0.0200 0.0030 0.0005 1.0000 1.0000 0.5033 0.0759 0.0114 0.0017 0.0003 1.0000 1.0000 0.2888 0.0435 0.0066 0.0010 1.0000 1.0000 1.0000 0.1658 0.0250 0.0038 0.0006 1.0000 1.0000 0.6311 0.0951 0.0143 0.0022 0.0003 1.0000 1.0000 0.3622 0.0552 0.0068
0.0009 0.0072 0.0473 0.3141 1.0000 1.0000 0.0003 0.0019 0.0124 0.0825 0.5472 1.0000 1.0000 0.0005 0.0033 0.0217 0.1437 0.9536 1.0000 1.0000 0.0009 0.0057 0.0377 0.2504 1.0000 1.0000 0.0002 0.0015 0.0099 0.0658 0.4364 1.0000 1.0000 0.0004 0.0026 0.0175 0.1175 0.7884 1.0000 1.0000 0.0008 0.0051 0.0353 0.2443 1.0000 1.0000 0.0003 0.0018 0.0131 0.0957 0.3219 0.0957 0.0131 0.0018 0.0003 1.0000 1.0000 0.2443 0.0353 0.0051 0.0008 1.0000 1.0000 0.7884 0.1175 0.0175 0.0026 0.0004 1.0000 1.0000 0.4364 0.0658 0.0099 0.0015 0.0002 1.0000 1.0000 0.2504 0.0377 0.0057 0.0009 1.0000 1.0000 0.9536 0.1437 0.0217 0.0033 0.0005 1.0000 1.0000 0.5472 0.0825 0.0124 0.0019 0.0003 1.0000 1.0000 0.3141 0.0473 0.0072 0.0009
1.0000 0.0010 0.0062 0.0414 0.2744 1.0000 1.0000 0.0002 0.0016 0.0109 0.0721 0.4781 1.0000 1.0000 0.0004 0.0029 0.0189 0.1256 0.8331 1.0000 1.0000 0.0007 0.0050 0.0330 0.2188 1.0000 1.0000 1.0000 0.0013 0.0087 0.0575 0.3813 1.0000 1.0000 0.0003 0.0023 0.0156 0.1050 0.7101 1.0000 1.0000 0.0007 0.0048 0.0335 0.2348 1.0000 1.0000 0.0003 0.0019 0.0137 0.0460 0.0137 0.0019 0.0003 1.0000 1.0000 0.2348 0.0335 0.0048 0.0007 1.0000 1.0000 0.7101 0.1050 0.0156 0.0023 0.0003 1.0000 1.0000 0.3813 0.0575 0.0087 0.0013 1.0000 1.0000 1.0000 0.2188 0.0330 0.0050 0.0007 1.0000 1.0000 0.8331 0.1256 0.0189 0.0029 0.0004 1.0000 1.0000 0.4781 0.0721 0.0109 0.0016 0.0002 1.0000 1.0000 0.2744 0.0414 0.0062 0.0010 1.0000
1.0000 1.0000 0.0008 0.0054 0.0361 0.2397 1.0000 1.0000 0.0002 0.0014 0.0095 0.0630 0.4177 1.0000 1.0000 0.0004 0.0025 0.0165 0.1097 0.7279 1.0000 1.0000 0.0007 0.0043 0.0288 0.1912 1.0000 1.0000 1.0000 0.0011 0.0076 0.0503 0.3350 1.0000 1.0000 0.0003 0.0021 0.0141 0.0955 0.6519 1.0000 1.0000 0.0007 0.0046 0.0327 0.2317 1.0000 1.0000 0.0003 0.0020 0.0066 0.0020 0.0003 1.0000 1.0000 0.2317 0.0327 0.0046 0.0007 1.0000 1.0000 0.6519 0.0955 0.0141 0.0021 0.0003 1.0000 1.0000 0.3350 0.0503 0.0076 0.0011 1.0000 1.0000 1.0000 0.1912 0.0288 0.0043 0.0007 1.0000 1.0000 0.7279 0.1097 0.0165 0.0025 0.0004 1.0000 1.0000 0.4177 0.0630 0.0095 0.0014 0.0002 1.0000 1.0000 0.2397 0.0361 0.0054 0.0008 1.0000 1.0000
