1.0000 1.0000 0.0005 0.0037 0.0283 0.2155 1.0000 1.0000 0.0003 0.0022 0.0168 0.1273 0.9663 1.0000 0.0002 0.0013 0.0099 0.0751 0.5706 1.0000 1.0000 0.0008 0.0058 0.0444 0.3369 1.0000 1.0000 0.0005 0.0035 0.0262 0.1990 1.0000 1.0000 0.0003 0.0020 0.0155 0.1175 0.8922 1.0000 1.0000 0.0012 0.0091 0.0694 0.5268 1.0000 1.0000 0.0007 0.0054 0.0412 0.3105 1.0000 0.3105 0.0412 0.0054 0.0007 1.0000 1.0000 0.5268 0.0694 0.0091 0.0012 1.0000 1.0000 0.8922 0.1175 0.0155 0.0020 0.0003 1.0000 1.0000 0.1990 0.0262 0.0035 0.0005 1.0000 1.0000 0.3369 0.0444 0.0058 0.0008 1.0000 1.0000 0.5706 0.0751 0.0099 0.0013 0.0002 1.0000 0.9663 0.1273 0.0168 0.0022 0.0003 1.0000 1.0000 0.2155 0.0283 0.0037 0.0005 1.0000 1.0000
1.0000 0.0006 0.0041 0.0308 0.2325 1.0000 1.0000 0.0003 0.0024 0.0180 0.1365 1.0000 1.0000 1.0000 0.0014 0.0106 0.0805 0.6122 1.0000 1.0000 0.0008 0.0063 0.0476 0.3608 1.0000 1.0000 0.0005 0.0037 0.0281 0.2135 1.0000 1.0000 0.0003 0.0022 0.0166 0.1258 0.9572 1.0000 1.0000 0.0013 0.0098 0.0744 0.5641 1.0000 1.0000 0.0008 0.0058 0.0440 0.3363 1.0000 1.0000 1.0000 0.3363 0.0440 0.0058 0.0008 1.0000 1.0000 0.5641 0.0744 0.0098 0.0013 1.0000 1.0000 0.9572 0.1258 0.0166 0.0022 0.0003 1.0000 1.0000 0.2135 0.0281 0.0037 0.0005 1.0000 1.0000 0.3608 0.0476 0.0063 0.0008 1.0000 1.0000 0.6122 0.0805 0.0106 0.0014 1.0000 1.0000 1.0000 0.1365 0.0180 0.0024 0.0003 1.0000 1.0000 0.2325 0.0308 0.0041 0.0006 1.0000
0.0005 0.0041 0.0289 0.2110 1.0000 1.0000 0.0003 0.0021 0.0156 0.1182 0.8956 1.0000 1.0000 0.0012 0.0092 0.0695 0.5278 1.0000 1.0000 0.0007 0.0054 0.0410 0.3117 1.0000 1.0000 0.0004 0.0032 0.0242 0.1840 1.0000 1.0000 0.0002 0.0019 0.0143 0.1087 0.8252 1.0000 1.0000 0.0011 0.0085 0.0642 0.4873 1.0000 1.0000 0.0007 0.0050 0.0379 0.2883 1.0000 1.0000 1.0000 1.0000 1.0000 0.2883 0.0379 0.0050 0.0007 1.0000 1.0000 0.4873 0.0642 0.0085 0.0011 1.0000 1.0000 0.8252 0.1087 0.0143 0.0019 0.0002 1.0000 1.0000 0.1840 0.0242 0.0032 0.0004 1.0000 1.0000 0.3117 0.0410 0.0054 0.0007 1.0000 1.0000 0.5278 0.0695 0.0092 0.0012 1.0000 1.0000 0.8956 0.1182 0.0156 0.0021 0.0003 1.0000 1.0000 0.2110 0.0289 0.0041 0.0005
0.0037 0.0308 0.2110 1.0000 1.0000 0.0002 0.0018 0.0138 0.1040 0.7869 1.0000 1.0000 0.0011 0.0080 0.0608 0.4620 1.0000 1.0000 0.0006 0.0047 0.0359 0.2728 1.0000 1.0000 0.0004 0.0028 0.0212 0.1611 1.0000 1.0000 0.0002 0.0016 0.0125 0.0951 0.7224 1.0000 1.0000 0.0010 0.0074 0.0562 0.4266 1.0000 1.0000 0.0006 0.0044 0.0332 0.2519 1.0000 1.0000 0.0003 0.0012 0.0003 1.0000 1.0000 0.2519 0.0332 0.0044 0.0006 1.0000 1.0000 0.4266 0.0562 0.0074 0.0010 1.0000 1.0000 0.7224 0.0951 0.0125 0.0016 0.0002 1.0000 1.0000 0.1611 0.0212 0.0028 0.0004 1.0000 1.0000 0.2728 0.0359 0.0047 0.0006 1.0000 1.0000 0.4620 0.0608 0.0080 0.0011 1.0000 1.0000 0.7869 0.1040 0.0138 0.0018 0.0002 1.0000 1.0000 0.2110 0.0308 0.0037
0.0283 0.2325 1.0000 1.0000 0.0002 0.0017 0.0126 0.0935 0.6994 1.0000 1.0000 0.0009 0.0070 0.0532 0.4037 1.0000 1.0000 0.0005 0.0041 0.0314 0.2384 1.0000 1.0000 0.0003 0.0024 0.0185 0.1408 1.0000 1.0000 1.0000 0.0014 0.0109 0.0831 0.6311 1.0000 1.0000 0.0009 0.0065 0.0491 0.3727 1.0000 1.0000 0.0005 0.0038 0.0290 0.2201 1.0000 1.0000 0.0003 0.0023 0.0078 0.0023 0.0003 1.0000 1.0000 0.2201 0.0290 0.0038 0.0005 1.0000 1.0000 0.3727 0.0491 0.0065 0.0009 1.0000 1.0000 0.6311 0.0831 0.0109 0.0014 1.0000 1.0000 1.0000 0.1408 0.0185 0.0024 0.0003 1.0000 1.0000 0.2384 0.0314 0.0041 0.0005 1.0000 1.0000 0.4037 0.0532 0.0070 0.0009 1.0000 1.0000 0.6994 0.0935 0.0126 0.0017 0.0002 1.0000 1.0000 0.2325 0.0283
0.2155 1.0000 1.0000 0.0002 0.0017 0.0122 0.0877 0.6420 1.0000 1.0000 0.0008 0.0062 0.0467 0.3534 1.0000 1.0000 0.0005 0.0036 0.0274 0.2083 1.0000 1.0000 0.0003 0.0021 0.0162 0.1230 0.9338 1.0000 1.0000 0.0013 0.0096 0.0726 0.5514 1.0000 1.0000 0.0007 0.0056 0.0429 0.3256 1.0000 1.0000 0.0004 0.0033 0.0253 0.1923 1.0000 1.0000 0.0003 0.0020 0.0152 0.0521 0.0152 0.0020 0.0003 1.0000 1.0000 0.1923 0.0253 0.0033 0.0004 1.0000 1.0000 0.3256 0.0429 0.0056 0.0007 1.0000 1.0000 0.5514 0.0726 0.0096 0.0013 1.0000 1.0000 0.9338 0.1230 0.0162 0.0021 0.0003 1.0000 1.0000 0.2083 0.0274 0.0036 0.0005 1.0000 1.0000 0.3534 0.0467 0.0062 0.0008 1.0000 1.0000 0.6420 0.0877 0.0122 0.0017 0.0002 1.0000 1.0000 0.2155
1.0000 1.0000 0.0003 0.0018 0.0126 0.0877 0.6216 1.0000 1.0000 0.0007 0.0055 0.0415 0.3129 1.0000 1.0000 0.0004 0.0032 0.0240 0.1820 1.0000 1.0000 0.0002 0.0019 0.0141 0.1074 0.8159 1.0000 1.0000 0.0011 0.0084 0.0634 0.4818 1.0000 1.0000 0.0006 0.0049 0.0375 0.2845 1.0000 1.0000 0.0004 0.0029 0.0221 0.1680 1.0000 1.0000 0.0002 0.0017 0.0132 0.1009 0.3454 0.1009 0.0132 0.0017 0.0002 1.0000 1.0000 0.1680 0.0221 0.0029 0.0004 1.0000 1.0000 0.2845 0.0375 0.0049 0.0006 1.0000 1.0000 0.4818 0.0634 0.0084 0.0011 1.0000 1.0000 0.8159 0.1074 0.0141 0.0019 0.0002 1.0000 1.0000 0.1820 0.0240 0.0032 0.0004 1.0000 1.0000 0.3129 0.0415 0.0055 0.0007 1.0000 1.0000 0.6216 0.0877 0.0126 0.0018 0.0003 1.0000 1.0000
1.0000 0.0003 0.0021 0.0138 0.0935 0.6420 1.0000 1.0000 0.0007 0.0051 0.0379 0.2813 1.0000 1.0000 0.0004 0.0028 0.0210 0.1590 1.0000 1.0000 0.0002 0.0016 0.0124 0.0939 0.7128 1.0000 1.0000 0.0010 0.0073 0.0554 0.4209 1.0000 1.0000 0.0006 0.0043 0.0327 0.2485 1.0000 1.0000 0.0003 0.0025 0.0193 0.1468 1.0000 1.0000 1.0000 0.0015 0.0114 0.0873 0.6695 1.0000 0.6695 0.0873 0.0114 0.0015 1.0000 1.0000 1.0000 0.1468 0.0193 0.0025 0.0003 1.0000 1.0000 0.2485 0.0327 0.0043 0.0006 1.0000 1.0000 0.4209 0.0554 0.0073 0.0010 1.0000 1.0000 0.7128 0.0939 0.0124 0.0016 0.0002 1.0000 1.0000 0.1590 0.0210 0.0028 0.0004 1.0000 1.0000 0.2813 0.0379 0.0051 0.0007 1.0000 1.0000 0.6420 0.0935 0.0138 0.0021 0.0003 1.0000
0.0003 0.0024 0.0156 0.1040 0.6994 1.0000 1.0000 0.0007 0.0050 0.0359 0.2616 1.0000 1.0000 0.0003 0.0025 0.0185 0.1400 1.0000 1.0000 1.0000 0.0014 0.0108 0.0820 0.6228 1.0000 1.0000 0.0008 0.0064 0.0484 0.3678 1.0000 1.0000 0.0005 0.0038 0.0286 0.2172 1.0000 1.0000 0.0003 0.0022 0.0169 0.1282 0.9737 1.0000 1.0000 0.0013 0.0100 0.0757 0.5794 1.0000 1.0000 1.0000 0.5794 0.0757 0.0100 0.0013 1.0000 1.0000 0.9737 0.1282 0.0169 0.0022 0.0003 1.0000 1.0000 0.2172 0.0286 0.0038 0.0005 1.0000 1.0000 0.3678 0.0484 0.0064 0.0008 1.0000 1.0000 0.6228 0.0820 0.0108 0.0014 1.0000 1.0000 1.0000 0.1400 0.0185 0.0025 0.0003 1.0000 1.0000 0.2616 0.0359 0.0050 0.0007 1.0000 1.0000 0.6994 0.1040 0.0156 0.0024 0.0003
0.0022 0.0180 0.1182 0.7869 1.0000 1.0000 0.0007 0.0051 0.0359 0.2548 1.0000 1.0000 0.0003 0.0022 0.0166 0.1244 0.9374 1.0000 1.0000 0.0012 0.0094 0.0717 0.5441 1.0000 1.0000 0.0007 0.0056 0.0423 0.3213 1.0000 1.0000 0.0004 0.0033 0.0250 0.1897 1.0000 1.0000 0.0003 0.0019 0.0148 0.1120 0.8507 1.0000 1.0000 0.0011 0.0087 0.0662 0.5024 1.0000 1.0000 0.0003 1.0000 1.0000 0.5024 0.0662 0.0087 0.0011 1.0000 1.0000 0.8507 0.1120 0.0148 0.0019 0.0003 1.0000 1.0000 0.1897 0.0250 0.0033 0.0004 1.0000 1.0000 0.3213 0.0423 0.0056 0.0007 1.0000 1.0000 0.5441 0.0717 0.0094 0.0012 1.0000 1.0000 0.9374 0.1244 0.0166 0.0022 0.0003 1.0000 1.0000 0.2548 0.0359 0.0051 0.0007 1.0000 1.0000 0.7869 0.1182 0.0180 0.0022
0.0168 0.1365 0.8956 1.0000 1.0000 0.0008 0.0055 0.0379 0.2616 1.0000 1.0000 0.0003 0.0021 0.0153 0.1131 0.8411 1.0000 1.0000 0.0011 0.0083 0.0627 0.4754 1.0000 1.0000 0.0006 0.0049 0.0370 0.2807 1.0000 1.0000 0.0004 0.0029 0.0218 0.1658 1.0000 1.0000 0.0002 0.0017 0.0129 0.0979 0.7433 1.0000 1.0000 0.0010 0.0076 0.0578 0.4389 1.0000 1.0000 0.0006 0.0021 0.0006 1.0000 1.0000 0.4389 0.0578 0.0076 0.0010 1.0000 1.0000 0.7433 0.0979 0.0129 0.0017 0.0002 1.0000 1.0000 0.1658 0.0218 0.0029 0.0004 1.0000 1.0000 0.2807 0.0370 0.0049 0.0006 1.0000 1.0000 0.4754 0.0627 0.0083 0.0011 1.0000 1.0000 0.8411 0.1131 0.0153 0.0021 0.0003 1.0000 1.0000 0.2616 0.0379 0.0055 0.0008 1.0000 1.0000 0.8956 0.1365 0.0168
0.1273 1.0000 1.0000 1.0000 0.0009 0.0062 0.0415 0.2813 1.0000 1.0000 0.0003 0.0020 0.0146 0.1060 0.7765 1.0000 1.0000 0.0010 0.0074 0.0554 0.4185 1.0000 1.0000 0.0006 0.0043 0.0323 0.2453 1.0000 1.0000 0.0003 0.0025 0.0191 0.1448 1.0000 1.0000 1.0000 0.0015 0.0113 0.0855 0.6494 1.0000 1.0000 0.0009 0.0066 0.0505 0.3835 1.0000 1.0000 0.0005 0.0040 0.0137 0.0040 0.0005 1.0000 1.0000 0.3835 0.0505 0.0066 0.0009 1.0000 1.0000 0.6494 0.0855 0.0113 0.0015 1.0000 1.0000 1.0000 0.1448 0.0191 0.0025 0.0003 1.0000 1.0000 0.2453 0.0323 0.0043 0.0006 1.0000 1.0000 0.4185 0.0554 0.0074 0.0010 1.0000 1.0000 0.7765 0.1060 0.0146 0.0020 0.0003 1.0000 1.0000 0.2813 0.0415 0.0062 0.0009 1.0000 1.0000 1.0000 0.1273
0.9663 1.0000 1.0000 0.0011 0.0070 0.0467 0.3129 1.0000 1.0000 0.0003 0.0021 0.0146 0.1034 0.7419 1.0000 1.0000 0.0009 0.0066 0.0496 0.3720 1.0000 1.0000 0.0005 0.0037 0.0282 0.2143 1.0000 1.0000 0.0003 0.0022 0.0167 0.1265 0.9608 1.0000 1.0000 0.0013 0.0098 0.0747 0.5674 1.0000 1.0000 0.0008 0.0058 0.0441 0.3350 1.0000 1.0000 0.0005 0.0035 0.0265 0.0907 0.0265 0.0035 0.0005 1.0000 1.0000 0.3350 0.0441 0.0058 0.0008 1.0000 1.0000 0.5674 0.0747 0.0098 0.0013 1.0000 1.0000 0.9608 0.1265 0.0167 0.0022 0.0003 1.0000 1.0000 0.2143 0.0282 0.0037 0.0005 1.0000 1.0000 0.3720 0.0496 0.0066 0.0009 1.0000 1.0000 0.7419 0.1034 0.0146 0.0021 0.0003 1.0000 1.0000 0.3129 0.0467 0.0070 0.0011 1.0000 1.0000 0.9663
1.0000 1.0000 0.0012 0.0080 0.0532 0.3534 1.0000 1.0000 0.0003 0.0022 0.0153 0.1060 0.7419 1.0000 1.0000 0.0008 0.0062 0.0453 0.3363 1.0000 1.0000 0.0004 0.0033 0.0248 0.1876 1.0000 1.0000 0.0003 0.0019 0.0146 0.1105 0.8395 1.0000 1.0000 0.0011 0.0086 0.0653 0.4957 1.0000 1.0000 0.0007 0.0051 0.0385 0.2927 1.0000 1.0000 0.0004 0.0030 0.0229 0.1758 0.6018 0.1758 0.0229 0.0030 0.0004 1.0000 1.0000 0.2927 0.0385 0.0051 0.0007 1.0000 1.0000 0.4957 0.0653 0.0086 0.0011 1.0000 1.0000 0.8395 0.1105 0.0146 0.0019 0.0003 1.0000 1.0000 0.1876 0.0248 0.0033 0.0004 1.0000 1.0000 0.3363 0.0453 0.0062 0.0008 1.0000 1.0000 0.7419 0.1060 0.0153 0.0022 0.0003 1.0000 1.0000 0.3534 0.0532 0.0080 0.0012 1.0000 1.0000
0.0002 0.0014 0.0092 0.0608 0.4037 1.0000 1.0000 0.0004 0.0025 0.0166 0.1131 0.7765 1.0000 1.0000 0.0008 0.0059 0.0426 0.3117 1.0000 1.0000 0.0004 0.0029 0.0220 0.1658 1.0000 1.0000 0.0002 0.0017 0.0127 0.0966 0.7335 1.0000 1.0000 0.0010 0.0075 0.0570 0.4331 1.0000 1.0000 0.0006 0.0044 0.0337 0.2557 1.0000 1.0000 0.0003 0.0026 0.0199 0.1522 1.0000 1.0000 1.0000 0.1522 0.0199 0.0026 0.0003 1.0000 1.0000 0.2557 0.0337 0.0044 0.0006 1.0000 1.0000 0.4331 0.0570 0.0075 0.0010 1.0000 1.0000 0.7335 0.0966 0.0127 0.0017 0.0002 1.0000 1.0000 0.1658 0.0220 0.0029 0.0004 1.0000 1.0000 0.3117 0.0426 0.0059 0.0008 1.0000 1.0000 0.7765 0.1131 0.0166 0.0025 0.0004 1.0000 1.0000 0.4037 0.0608 0.0092 0.0014 0.0002
0.0013 0.0106 0.0695 0.4620 1.0000 1.0000 0.0004 0.0028 0.0185 0.1244 0.8411 1.0000 1.0000 0.0008 0.0059 0.0418 0.2995 1.0000 1.0000 0.0004 0.0026 0.0198 0.1479 1.0000 1.0000 1.0000 0.0015 0.0111 0.0844 0.6408 1.0000 1.0000 0.0009 0.0066 0.0498 0.3784 1.0000 1.0000 0.0005 0.0039 0.0294 0.2234 1.0000 1.0000 0.0003 0.0023 0.0174 0.1319 1.0000 1.0000 1.0000 1.0000 1.0000 0.1319 0.0174 0.0023 0.0003 1.0000 1.0000 0.2234 0.0294 0.0039 0.0005 1.0000 1.0000 0.3784 0.0498 0.0066 0.0009 1.0000 1.0000 0.6408 0.0844 0.0111 0.0015 1.0000 1.0000 1.0000 0.1479 0.0198 0.0026 0.0004 1.0000 1.0000 0.2995 0.0418 0.0059 0.0008 1.0000 1.0000 0.8411 0.1244 0.0185 0.0028 0.0004 1.0000 1.0000 0.4620 0.0695 0.0106 0.0013
0.0099 0.0805 0.5278 1.0000 1.0000 0.0005 0.0032 0.0210 0.1400 0.9374 1.0000 1.0000 0.0009 0.0062 0.0426 0.2995 1.0000 1.0000 0.0003 0.0025 0.0181 0.1342 0.9981 1.0000 1.0000 0.0013 0.0098 0.0741 0.5609 1.0000 1.0000 0.0008 0.0057 0.0435 0.3306 1.0000 1.0000 0.0004 0.0034 0.0257 0.1952 1.0000 1.0000 0.0003 0.0020 0.0152 0.1153 0.8754 1.0000 1.0000 0.0005 1.0000 1.0000 0.8754 0.1153 0.0152 0.0020 0.0003 1.0000 1.0000 0.1952 0.0257 0.0034 0.0004 1.0000 1.0000 0.3306 0.0435 0.0057 0.0008 1.0000 1.0000 0.5609 0.0741 0.0098 0.0013 1.0000 1.0000 0.9981 0.1342 0.0181 0.0025 0.0003 1.0000 1.0000 0.2995 0.0426 0.0062 0.0009 1.0000 1.0000 0.9374 0.1400 0.0210 0.0032 0.0005 1.0000 1.0000 0.5278 0.0805 0.0099
0.0751 0.6122 1.0000 1.0000 0.0005 0.0036 0.0240 0.1590 1.0000 1.0000 1.0000 0.0010 0.0066 0.0453 0.3117 1.0000 1.0000 0.0003 0.0024 0.0171 0.1249 0.9180 1.0000 1.0000 0.0012 0.0087 0.0657 0.4948 1.0000 1.0000 0.0007 0.0050 0.0380 0.2888 1.0000 1.0000 0.0004 0.0030 0.0225 0.1706 1.0000 1.0000 0.0002 0.0017 0.0133 0.1007 0.7648 1.0000 1.0000 0.0010 0.0036 0.0010 1.0000 1.0000 0.7648 0.1007 0.0133 0.0017 0.0002 1.0000 1.0000 0.1706 0.0225 0.0030 0.0004 1.0000 1.0000 0.2888 0.0380 0.0050 0.0007 1.0000 1.0000 0.4948 0.0657 0.0087 0.0012 1.0000 1.0000 0.9180 0.1249 0.0171 0.0024 0.0003 1.0000 1.0000 0.3117 0.0453 0.0066 0.0010 1.0000 1.0000 1.0000 0.1590 0.0240 0.0036 0.0005 1.0000 1.0000 0.6122 0.0751
0.5706 1.0000 1.0000 0.0006 0.0041 0.0274 0.1820 1.0000 1.0000 1.0000 0.0011 0.0074 0.0496 0.3363 1.0000 1.0000 0.0003 0.0024 0.0169 0.1204 0.8687 1.0000 1.0000 0.0011 0.0079 0.0587 0.4406 1.0000 1.0000 0.0006 0.0044 0.0333 0.2524 1.0000 1.0000 0.0003 0.0026 0.0196 0.1490 1.0000 1.0000 0.0002 0.0015 0.0116 0.0880 0.6682 1.0000 1.0000 0.0009 0.0070 0.0238 0.0070 0.0009 1.0000 1.0000 0.6682 0.0880 0.0116 0.0015 0.0002 1.0000 1.0000 0.1490 0.0196 0.0026 0.0003 1.0000 1.0000 0.2524 0.0333 0.0044 0.0006 1.0000 1.0000 0.4406 0.0587 0.0079 0.0011 1.0000 1.0000 0.8687 0.1204 0.0169 0.0024 0.0003 1.0000 1.0000 0.3363 0.0496 0.0074 0.0011 1.0000 1.0000 1.0000 0.1820 0.0274 0.0041 0.0006 1.0000 1.0000 0.5706
1.0000 1.0000 0.0007 0.0047 0.0314 0.2083 1.0000 1.0000 1.0000 0.0012 0.0083 0.0554 0.3720 1.0000 1.0000 0.0004 0.0025 0.0171 0.1204 0.8524 1.0000 1.0000 0.0010 0.0072 0.0535 0.3976 1.0000 1.0000 0.0005 0.0039 0.0293 0.2213 1.0000 1.0000 0.0003 0.0023 0.0171 0.1302 0.9887 1.0000 1.0000 0.0013 0.0101 0.0769 0.5838 1.0000 1.0000 0.0008 0.0060 0.0462 0.1581 0.0462 0.0060 0.0008 1.0000 1.0000 0.5838 0.0769 0.0101 0.0013 1.0000 1.0000 0.9887 0.1302 0.0171 0.0023 0.0003 1.0000 1.0000 0.2213 0.0293 0.0039 0.0005 1.0000 1.0000 0.3976 0.0535 0.0072 0.0010 1.0000 1.0000 0.8524 0.1204 0.0171 0.0025 0.0004 1.0000 1.0000 0.3720 0.0554 0.0083 0.0012 1.0000 1.0000 1.0000 0.2083 0.0314 0.0047 0.0007 1.0000 1.0000
1.0000 0.0008 0.0054 0.0359 0.2384 1.0000 1.0000 0.0002 0.0014 0.0094 0.0627 0.4185 1.0000 1.0000 0.0004 0.0026 0.0181 0.1249 0.8687 1.0000 1.0000 0.0010 0.0069 0.0499 0.3664 1.0000 1.0000 0.0005 0.0035 0.0260 0.1956 1.0000 1.0000 0.0003 0.0020 0.0150 0.1137 0.8638 1.0000 1.0000 0.0012 0.0088 0.0672 0.5101 1.0000 1.0000 0.0007 0.0052 0.0400 0.3064 1.0000 0.3064 0.0400 0.0052 0.0007 1.0000 1.0000 0.5101 0.0672 0.0088 0.0012 1.0000 1.0000 0.8638 0.1137 0.0150 0.0020 0.0003 1.0000 1.0000 0.1956 0.0260 0.0035 0.0005 1.0000 1.0000 0.3664 0.0499 0.0069 0.0010 1.0000 1.0000 0.8687 0.1249 0.0181 0.0026 0.0004 1.0000 1.0000 0.4185 0.0627 0.0094 0.0014 0.0002 1.0000 1.0000 0.2384 0.0359 0.0054 0.0008 1.0000
0.0008 0.0063 0.0410 0.2728 1.0000 1.0000 0.0002 0.0016 0.0108 0.0717 0.4754 1.0000 1.0000 0.0004 0.0029 0.0198 0.1342 0.9180 1.0000 1.0000 0.0010 0.0067 0.0482 0.3480 1.0000 1.0000 0.0004 0.0031 0.0233 0.1742 1.0000 1.0000 0.0002 0.0017 0.0131 0.0994 0.7547 1.0000 1.0000 0.0010 0.0077 0.0587 0.4456 1.0000 1.0000 0.0006 0.0046 0.0347 0.2651 1.0000 1.0000 1.0000 0.2651 0.0347 0.0046 0.0006 1.0000 1.0000 0.4456 0.0587 0.0077 0.0010 1.0000 1.0000 0.7547 0.0994 0.0131 0.0017 0.0002 1.0000 1.0000 0.1742 0.0233 0.0031 0.0004 1.0000 1.0000 0.3480 0.0482 0.0067 0.0010 1.0000 1.0000 0.9180 0.1342 0.0198 0.0029 0.0004 1.0000 1.0000 0.4754 0.0717 0.0108 0.0016 0.0002 1.0000 1.0000 0.2728 0.0410 0.0063 0.0008
0.0058 0.0476 0.3117 1.0000 1.0000 0.0003 0.0019 0.0124 0.0820 0.5441 1.0000 1.0000 0.0005 0.0033 0.0220 0.1479 0.9981 1.0000 1.0000 0.0010 0.0069 0.0482 0.3415 1.0000 1.0000 0.0004 0.0029 0.0213 0.1578 1.0000 1.0000 0.0002 0.0015 0.0116 0.0873 0.6606 1.0000 1.0000 0.0009 0.0068 0.0513 0.3893 1.0000 1.0000 0.0005 0.0040 0.0303 0.2299 1.0000 1.0000 1.0000 1.0000 1.0000 0.2299 0.0303 0.0040 0.0005 1.0000 1.0000 0.3893 0.0513 0.0068 0.0009 1.0000 1.0000 0.6606 0.0873 0.0116 0.0015 0.0002 1.0000 1.0000 0.1578 0.0213 0.0029 0.0004 1.0000 1.0000 0.3415 0.0482 0.0069 0.0010 1.0000 1.0000 0.9981 0.1479 0.0220 0.0033 0.0005 1.0000 1.0000 0.5441 0.0820 0.0124 0.0019 0.0003 1.0000 1.0000 0.3117 0.0476 0.0058
0.0444 0.3608 1.0000 1.0000 0.0003 0.0021 0.0141 0.0939 0.6228 1.0000 1.0000 0.0006 0.0037 0.0248 0.1658 1.0000 1.0000 1.0000 0.0011 0.0072 0.0499 0.3480 1.0000 1.0000 0.0004 0.0027 0.0200 0.1462 1.0000 1.0000 1.0000 0.0014 0.0103 0.0773 0.5827 1.0000 1.0000 0.0008 0.0059 0.0448 0.3402 1.0000 1.0000 0.0005 0.0035 0.0265 0.2009 1.0000 1.0000 0.0003 0.0009 0.0003 1.0000 1.0000 0.2009 0.0265 0.0035 0.0005 1.0000 1.0000 0.3402 0.0448 0.0059 0.0008 1.0000 1.0000 0.5827 0.0773 0.0103 0.0014 1.0000 1.0000 1.0000 0.1462 0.0200 0.0027 0.0004 1.0000 1.0000 0.3480 0.0499 0.0072 0.0011 1.0000 1.0000 1.0000 0.1658 0.0248 0.0037 0.0006 1.0000 1.0000 0.6228 0.0939 0.0141 0.0021 0.0003 1.0000 1.0000 0.3608 0.0444
0.3369 1.0000 1.0000 0.0004 0.0024 0.0162 0.1074 0.7128 1.0000 1.0000 0.0006 0.0043 0.0282 0.1876 1.0000 1.0000 1.0000 0.0012 0.0079 0.0535 0.3664 1.0000 1.0000 0.0004 0.0027 0.0193 0.1392 1.0000 1.0000 1.0000 0.0012 0.0092 0.0691 0.5179 1.0000 1.0000 0.0007 0.0052 0.0391 0.2972 1.0000 1.0000 0.0004 0.0030 0.0231 0.1755 1.0000 1.0000 0.0002 0.0018 0.0063 0.0018 0.0002 1.0000 1.0000 0.1755 0.0231 0.0030 0.0004 1.0000 1.0000 0.2972 0.0391 0.0052 0.0007 1.0000 1.0000 0.5179 0.0691 0.0092 0.0012 1.0000 1.0000 1.0000 0.1392 0.0193 0.0027 0.0004 1.0000 1.0000 0.3664 0.0535 0.0079 0.0012 1.0000 1.0000 1.0000 0.1876 0.0282 0.0043 0.0006 1.0000 1.0000 0.7128 0.1074 0.0162 0.0024 0.0004 1.0000 1.0000 0.3369
1.0000 1.0000 0.0004 0.0028 0.0185 0.1230 0.8159 1.0000 1.0000 0.0007 0.0049 0.0323 0.2143 1.0000 1.0000 1.0000 0.0013 0.0087 0.0587 0.3976 1.0000 1.0000 0.0004 0.0027 0.0193 0.1368 0.9793 1.0000 1.0000 0.0012 0.0085 0.0627 0.4664 1.0000 1.0000 0.0006 0.0046 0.0345 0.2606 1.0000 1.0000 0.0004 0.0027 0.0202 0.1533 1.0000 1.0000 0.0002 0.0016 0.0121 0.0415 0.0121 0.0016 0.0002 1.0000 1.0000 0.1533 0.0202 0.0027 0.0004 1.0000 1.0000 0.2606 0.0345 0.0046 0.0006 1.0000 1.0000 0.4664 0.0627 0.0085 0.0012 1.0000 1.0000 0.9793 0.1368 0.0193 0.0027 0.0004 1.0000 1.0000 0.3976 0.0587 0.0087 0.0013 1.0000 1.0000 1.0000 0.2143 0.0323 0.0049 0.0007 1.0000 1.0000 0.8159 0.1230 0.0185 0.0028 0.0004 1.0000 1.0000
1.0000 0.0005 0.0032 0.0212 0.1408 0.9338 1.0000 1.0000 0.0008 0.0056 0.0370 0.2453 1.0000 1.0000 0.0002 0.0015 0.0098 0.0657 0.4406 1.0000 1.0000 0.0004 0.0029 0.0200 0.1392 0.9793 1.0000 1.0000 0.0011 0.0080 0.0583 0.4290 1.0000 1.0000 0.0005 0.0041 0.0306 0.2303 1.0000 1.0000 0.0003 0.0023 0.0176 0.1340 1.0000 1.0000 1.0000 0.0014 0.0105 0.0805 0.2754 0.0805 0.0105 0.0014 1.0000 1.0000 1.0000 0.1340 0.0176 0.0023 0.0003 1.0000 1.0000 0.2303 0.0306 0.0041 0.0005 1.0000 1.0000 0.4290 0.0583 0.0080 0.0011 1.0000 1.0000 0.9793 0.1392 0.0200 0.0029 0.0004 1.0000 1.0000 0.4406 0.0657 0.0098 0.0015 0.0002 1.0000 1.0000 0.2453 0.0370 0.0056 0.0008 1.0000 1.0000 0.9338 0.1408 0.0212 0.0032 0.0005 1.0000
0.0005 0.0037 0.0242 0.1611 1.0000 1.0000 1.0000 0.0010 0.0064 0.0423 0.2807 1.0000 1.0000 0.0003 0.0017 0.0111 0.0741 0.4948 1.0000 1.0000 0.0005 0.0031 0.0213 0.1462 1.0000 1.0000 1.0000 0.0011 0.0077 0.0556 0.4037 1.0000 1.0000 0.0005 0.0037 0.0274 0.2051 1.0000 1.0000 0.0003 0.0020 0.0154 0.1170 0.8888 1.0000 1.0000 0.0012 0.0091 0.0696 0.5339 1.0000 0.5339 0.0696 0.0091 0.0012 1.0000 1.0000 0.8888 0.1170 0.0154 0.0020 0.0003 1.0000 1.0000 0.2051 0.0274 0.0037 0.0005 1.0000 1.0000 0.4037 0.0556 0.0077 0.0011 1.0000 1.0000 1.0000 0.1462 0.0213 0.0031 0.0005 1.0000 1.0000 0.4948 0.0741 0.0111 0.0017 0.0003 1.0000 1.0000 0.2807 0.0423 0.0064 0.0010 1.0000 1.0000 1.0000 0.1611 0.0242 0.0037 0.0005
0.0035 0.0281 0.1840 1.0000 1.0000 1.0000 0.0011 0.0073 0.0484 0.3213 1.0000 1.0000 0.0003 0.0019 0.0127 0.0844 0.5609 1.0000 1.0000 0.0005 0.0035 0.0233 0.1578 1.0000 1.0000 1.0000 0.0011 0.0077 0.0548 0.3916 1.0000 1.0000 0.0005 0.0034 0.0249 0.1851 1.0000 1.0000 0.0002 0.0018 0.0136 0.1028 0.7780 1.0000 1.0000 0.0010 0.0080 0.0604 0.4620 1.0000 1.0000 1.0000 0.4620 0.0604 0.0080 0.0010 1.0000 1.0000 0.7780 0.1028 0.0136 0.0018 0.0002 1.0000 1.0000 0.1851 0.0249 0.0034 0.0005 1.0000 1.0000 0.3916 0.0548 0.0077 0.0011 1.0000 1.0000 1.0000 0.1578 0.0233 0.0035 0.0005 1.0000 1.0000 0.5609 0.0844 0.0127 0.0019 0.0003 1.0000 1.0000 0.3213 0.0484 0.0073 0.0011 1.0000 1.0000 1.0000 0.1840 0.0281 0.0035
0.0262 0.2135 1.0000 1.0000 1.0000 0.0013 0.0084 0.0554 0.3678 1.0000 1.0000 0.0003 0.0022 0.0146 0.0966 0.6408 1.0000 1.0000 0.0006 0.0039 0.0260 0.1742 1.0000 1.0000 1.0000 0.0012 0.0080 0.0556 0.3916 1.0000 1.0000 0.0004 0.0032 0.0232 0.1706 1.0000 1.0000 0.0002 0.0016 0.0121 0.0911 0.6862 1.0000 1.0000 0.0009 0.0069 0.0528 0.4006 1.0000 1.0000 0.0002 1.0000 1.0000 0.4006 0.0528 0.0069 0.0009 1.0000 1.0000 0.6862 0.0911 0.0121 0.0016 0.0002 1.0000 1.0000 0.1706 0.0232 0.0032 0.0004 1.0000 1.0000 0.3916 0.0556 0.0080 0.0012 1.0000 1.0000 1.0000 0.1742 0.0260 0.0039 0.0006 1.0000 1.0000 0.6408 0.0966 0.0146 0.0022 0.0003 1.0000 1.0000 0.3678 0.0554 0.0084 0.0013 1.0000 1.0000 1.0000 0.2135 0.0262
0.1990 1.0000 1.0000 0.0002 0.0014 0.0096 0.0634 0.4209 1.0000 1.0000 0.0004 0.0025 0.0167 0.1105 0.7335 1.0000 1.0000 0.0007 0.0044 0.0293 0.1956 1.0000 1.0000 1.0000 0.0012 0.0085 0.0583 0.4037 1.0000 1.0000 0.0004 0.0031 0.0222 0.1611 1.0000 1.0000 1.0000 0.0015 0.0108 0.0812 0.6099 1.0000 1.0000 0.0008 0.0061 0.0461 0.3500 1.0000 1.0000 0.0005 0.0016 0.0005 1.0000 1.0000 0.3500 0.0461 0.0061 0.0008 1.0000 1.0000 0.6099 0.0812 0.0108 0.0015 1.0000 1.0000 1.0000 0.1611 0.0222 0.0031 0.0004 1.0000 1.0000 0.4037 0.0583 0.0085 0.0012 1.0000 1.0000 1.0000 0.1956 0.0293 0.0044 0.0007 1.0000 1.0000 0.7335 0.1105 0.0167 0.0025 0.0004 1.0000 1.0000 0.4209 0.0634 0.0096 0.0014 0.0002 1.0000 1.0000 0.1990
1.0000 1.0000 0.0002 0.0016 0.0109 0.0726 0.4818 1.0000 1.0000 0.0004 0.0029 0.0191 0.1265 0.8395 1.0000 1.0000 0.0008 0.0050 0.0333 0.2213 1.0000 1.0000 0.0002 0.0014 0.0092 0.0627 0.4290 1.0000 1.0000 0.0004 0.0031 0.0220 0.1566 1.0000 1.0000 1.0000 0.0013 0.0099 0.0734 0.5472 1.0000 1.0000 0.0007 0.0054 0.0405 0.3064 1.0000 1.0000 0.0004 0.0032 0.0109 0.0032 0.0004 1.0000 1.0000 0.3064 0.0405 0.0054 0.0007 1.0000 1.0000 0.5472 0.0734 0.0099 0.0013 1.0000 1.0000 1.0000 0.1566 0.0220 0.0031 0.0004 1.0000 1.0000 0.4290 0.0627 0.0092 0.0014 0.0002 1.0000 1.0000 0.2213 0.0333 0.0050 0.0008 1.0000 1.0000 0.8395 0.1265 0.0191 0.0029 0.0004 1.0000 1.0000 0.4818 0.0726 0.0109 0.0016 0.0002 1.0000 1.0000
1.0000 0.0003 0.0019 0.0125 0.0831 0.5514 1.0000 1.0000 0.0005 0.0033 0.0218 0.1448 0.9608 1.0000 1.0000 0.0009 0.0057 0.0380 0.2524 1.0000 1.0000 0.0002 0.0015 0.0103 0.0691 0.4664 1.0000 1.0000 0.0005 0.0032 0.0222 0.1566 1.0000 1.0000 1.0000 0.0013 0.0093 0.0679 0.5004 1.0000 1.0000 0.0006 0.0048 0.0359 0.2702 1.0000 1.0000 0.0004 0.0028 0.0211 0.0723 0.0211 0.0028 0.0004 1.0000 1.0000 0.2702 0.0359 0.0048 0.0006 1.0000 1.0000 0.5004 0.0679 0.0093 0.0013 1.0000 1.0000 1.0000 0.1566 0.0222 0.0032 0.0005 1.0000 1.0000 0.4664 0.0691 0.0103 0.0015 0.0002 1.0000 1.0000 0.2524 0.0380 0.0057 0.0009 1.0000 1.0000 0.9608 0.1448 0.0218 0.0033 0.0005 1.0000 1.0000 0.5514 0.0831 0.0125 0.0019 0.0003 1.0000
0.0003 0.0022 0.0143 0.0951 0.6311 1.0000 1.0000 0.0006 0.0038 0.0250 0.1658 1.0000 1.0000 1.0000 0.0010 0.0066 0.0435 0.2888 1.0000 1.0000 0.0003 0.0017 0.0116 0.0773 0.5179 1.0000 1.0000 0.0005 0.0034 0.0232 0.1611 1.0000 1.0000 1.0000 0.0012 0.0089 0.0642 0.4682 1.0000 1.0000 0.0006 0.0043 0.0321 0.2402 1.0000 1.0000 0.0003 0.0024 0.0183 0.1402 0.4809 0.1402 0.0183 0.0024 0.0003 1.0000 1.0000 0.2402 0.0321 0.0043 0.0006 1.0000 1.0000 0.4682 0.0642 0.0089 0.0012 1.0000 1.0000 1.0000 0.1611 0.0232 0.0034 0.0005 1.0000 1.0000 0.5179 0.0773 0.0116 0.0017 0.0003 1.0000 1.0000 0.2888 0.0435 0.0066 0.0010 1.0000 1.0000 1.0000 0.1658 0.0250 0.0038 0.0006 1.0000 1.0000 0.6311 0.0951 0.0143 0.0022 0.0003
0.0020 0.0166 0.1087 0.7224 1.0000 1.0000 0.0006 0.0043 0.0286 0.1897 1.0000 1.0000 1.0000 0.0011 0.0075 0.0498 0.3306 1.0000 1.0000 0.0003 0.0020 0.0131 0.0873 0.5827 1.0000 1.0000 0.0005 0.0037 0.0249 0.1706 1.0000 1.0000 1.0000 0.0012 0.0087 0.0624 0.4482 1.0000 1.0000 0.0005 0.0039 0.0291 0.2163 1.0000 1.0000 0.0003 0.0021 0.0160 0.1218 0.9338 1.0000 0.9338 0.1218 0.0160 0.0021 0.0003 1.0000 1.0000 0.2163 0.0291 0.0039 0.0005 1.0000 1.0000 0.4482 0.0624 0.0087 0.0012 1.0000 1.0000 1.0000 0.1706 0.0249 0.0037 0.0005 1.0000 1.0000 0.5827 0.0873 0.0131 0.0020 0.0003 1.0000 1.0000 0.3306 0.0498 0.0075 0.0011 1.0000 1.0000 1.0000 0.1897 0.0286 0.0043 0.0006 1.0000 1.0000 0.7224 0.1087 0.0166 0.0020
0.0155 0.1258 0.8252 1.0000 1.0000 0.0007 0.0049 0.0327 0.2172 1.0000 1.0000 1.0000 0.0013 0.0086 0.0570 0.3784 1.0000 1.0000 0.0003 0.0023 0.0150 0.0994 0.6606 1.0000 1.0000 0.0006 0.0041 0.0274 0.1851 1.0000 1.0000 1.0000 0.0013 0.0089 0.0624 0.4414 1.0000 1.0000 0.0005 0.0037 0.0270 0.1986 1.0000 1.0000 0.0003 0.0019 0.0142 0.1068 0.8128 1.0000 1.0000 1.0000 0.8128 0.1068 0.0142 0.0019 0.0003 1.0000 1.0000 0.1986 0.0270 0.0037 0.0005 1.0000 1.0000 0.4414 0.0624 0.0089 0.0013 1.0000 1.0000 1.0000 0.1851 0.0274 0.0041 0.0006 1.0000 1.0000 0.6606 0.0994 0.0150 0.0023 0.0003 1.0000 1.0000 0.3784 0.0570 0.0086 0.0013 1.0000 1.0000 1.0000 0.2172 0.0327 0.0049 0.0007 1.0000 1.0000 0.8252 0.1258 0.0155
0.1175 0.9572 1.0000 1.0000 0.0009 0.0056 0.0375 0.2485 1.0000 1.0000 0.0002 0.0015 0.0098 0.0653 0.4331 1.0000 1.0000 0.0004 0.0026 0.0171 0.1137 0.7547 1.0000 1.0000 0.0007 0.0046 0.0306 0.2051 1.0000 1.0000 1.0000 0.0013 0.0093 0.0642 0.4482 1.0000 1.0000 0.0005 0.0035 0.0255 0.1862 1.0000 1.0000 0.0002 0.0017 0.0127 0.0951 0.7155 1.0000 1.0000 0.0004 1.0000 1.0000 0.7155 0.0951 0.0127 0.0017 0.0002 1.0000 1.0000 0.1862 0.0255 0.0035 0.0005 1.0000 1.0000 0.4482 0.0642 0.0093 0.0013 1.0000 1.0000 1.0000 0.2051 0.0306 0.0046 0.0007 1.0000 1.0000 0.7547 0.1137 0.0171 0.0026 0.0004 1.0000 1.0000 0.4331 0.0653 0.0098 0.0015 0.0002 1.0000 1.0000 0.2485 0.0375 0.0056 0.0009 1.0000 1.0000 0.9572 0.1175
0.8922 1.0000 1.0000 0.0010 0.0065 0.0429 0.2845 1.0000 1.0000 0.0003 0.0017 0.0113 0.0747 0.4957 1.0000 1.0000 0.0004 0.0030 0.0196 0.1302 0.8638 1.0000 1.0000 0.0008 0.0052 0.0345 0.2303 1.0000 1.0000 0.0002 0.0015 0.0099 0.0679 0.4682 1.0000 1.0000 0.0005 0.0035 0.0248 0.1785 1.0000 1.0000 0.0002 0.0016 0.0115 0.0857 0.6396 1.0000 1.0000 0.0009 0.0029 0.0009 1.0000 1.0000 0.6396 0.0857 0.0115 0.0016 0.0002 1.0000 1.0000 0.1785 0.0248 0.0035 0.0005 1.0000 1.0000 0.4682 0.0679 0.0099 0.0015 0.0002 1.0000 1.0000 0.2303 0.0345 0.0052 0.0008 1.0000 1.0000 0.8638 0.1302 0.0196 0.0030 0.0004 1.0000 1.0000 0.4957 0.0747 0.0113 0.0017 0.0003 1.0000 1.0000 0.2845 0.0429 0.0065 0.0010 1.0000 1.0000 0.8922
1.0000 1.0000 0.0011 0.0074 0.0491 0.3256 1.0000 1.0000 0.0003 0.0019 0.0129 0.0855 0.5674 1.0000 1.0000 0.0005 0.0034 0.0225 0.1490 0.9887 1.0000 1.0000 0.0009 0.0059 0.0391 0.2606 1.0000 1.0000 0.0002 0.0016 0.0108 0.0734 0.5004 1.0000 1.0000 0.0005 0.0035 0.0248 0.1758 1.0000 1.0000 0.0002 0.0015 0.0107 0.0787 0.5816 1.0000 1.0000 0.0008 0.0057 0.0195 0.0057 0.0008 1.0000 1.0000 0.5816 0.0787 0.0107 0.0015 0.0002 1.0000 1.0000 0.1758 0.0248 0.0035 0.0005 1.0000 1.0000 0.5004 0.0734 0.0108 0.0016 0.0002 1.0000 1.0000 0.2606 0.0391 0.0059 0.0009 1.0000 1.0000 0.9887 0.1490 0.0225 0.0034 0.0005 1.0000 1.0000 0.5674 0.0855 0.0129 0.0019 0.0003 1.0000 1.0000 0.3256 0.0491 0.0074 0.0011 1.0000 1.0000
1.0000 0.0013 0.0085 0.0562 0.3727 1.0000 1.0000 0.0003 0.0022 0.0148 0.0979 0.6494 1.0000 1.0000 0.0006 0.0039 0.0257 0.1706 1.0000 1.0000 1.0000 0.0010 0.0068 0.0448 0.2972 1.0000 1.0000 0.0003 0.0018 0.0121 0.0812 0.5472 1.0000 1.0000 0.0005 0.0037 0.0255 0.1785 1.0000 1.0000 1.0000 0.0014 0.0102 0.0739 0.5400 1.0000 1.0000 0.0007 0.0051 0.0383 0.1312 0.0383 0.0051 0.0007 1.0000 1.0000 0.5400 0.0739 0.0102 0.0014 1.0000 1.0000 1.0000 0.1785 0.0255 0.0037 0.0005 1.0000 1.0000 0.5472 0.0812 0.0121 0.0018 0.0003 1.0000 1.0000 0.2972 0.0448 0.0068 0.0010 1.0000 1.0000 1.0000 0.1706 0.0257 0.0039 0.0006 1.0000 1.0000 0.6494 0.0979 0.0148 0.0022 0.0003 1.0000 1.0000 0.3727 0.0562 0.0085 0.0013 1.0000
0.0012 0.0098 0.0642 0.4266 1.0000 1.0000 0.0004 0.0025 0.0169 0.1120 0.7433 1.0000 1.0000 0.0007 0.0044 0.0294 0.1952 1.0000 1.0000 1.0000 0.0012 0.0077 0.0513 0.3402 1.0000 1.0000 0.0003 0.0020 0.0136 0.0911 0.6099 1.0000 1.0000 0.0006 0.0039 0.0270 0.1862 1.0000 1.0000 1.0000 0.0014 0.0099 0.0710 0.5130 1.0000 1.0000 0.0006 0.0046 0.0343 0.2592 0.8820 0.2592 0.0343 0.0046 0.0006 1.0000 1.0000 0.5130 0.0710 0.0099 0.0014 1.0000 1.0000 1.0000 0.1862 0.0270 0.0039 0.0006 1.0000 1.0000 0.6099 0.0911 0.0136 0.0020 0.0003 1.0000 1.0000 0.3402 0.0513 0.0077 0.0012 1.0000 1.0000 1.0000 0.1952 0.0294 0.0044 0.0007 1.0000 1.0000 0.7433 0.1120 0.0169 0.0025 0.0004 1.0000 1.0000 0.4266 0.0642 0.0098 0.0012
0.0091 0.0744 0.4873 1.0000 1.0000 0.0004 0.0029 0.0193 0.1282 0.8507 1.0000 1.0000 0.0008 0.0051 0.0337 0.2234 1.0000 1.0000 0.0002 0.0013 0.0088 0.0587 0.3893 1.0000 1.0000 0.0004 0.0023 0.0154 0.1028 0.6862 1.0000 1.0000 0.0006 0.0043 0.0291 0.1986 1.0000 1.0000 0.0002 0.0014 0.0099 0.0700 0.5004 1.0000 1.0000 0.0006 0.0042 0.0313 0.2334 1.0000 1.0000 1.0000 0.2334 0.0313 0.0042 0.0006 1.0000 1.0000 0.5004 0.0700 0.0099 0.0014 0.0002 1.0000 1.0000 0.1986 0.0291 0.0043 0.0006 1.0000 1.0000 0.6862 0.1028 0.0154 0.0023 0.0004 1.0000 1.0000 0.3893 0.0587 0.0088 0.0013 0.0002 1.0000 1.0000 0.2234 0.0337 0.0051 0.0008 1.0000 1.0000 0.8507 0.1282 0.0193 0.0029 0.0004 1.0000 1.0000 0.4873 0.0744 0.0091
0.0694 0.5641 1.0000 1.0000 0.0005 0.0033 0.0221 0.1468 0.9737 1.0000 1.0000 0.0009 0.0058 0.0385 0.2557 1.0000 1.0000 0.0002 0.0015 0.0101 0.0672 0.4456 1.0000 1.0000 0.0004 0.0027 0.0176 0.1170 0.7780 1.0000 1.0000 0.0007 0.0048 0.0321 0.2163 1.0000 1.0000 0.0002 0.0015 0.0102 0.0710 0.5004 1.0000 1.0000 0.0006 0.0040 0.0294 0.2151 1.0000 1.0000 1.0000 1.0000 1.0000 0.2151 0.0294 0.0040 0.0006 1.0000 1.0000 0.5004 0.0710 0.0102 0.0015 0.0002 1.0000 1.0000 0.2163 0.0321 0.0048 0.0007 1.0000 1.0000 0.7780 0.1170 0.0176 0.0027 0.0004 1.0000 1.0000 0.4456 0.0672 0.0101 0.0015 0.0002 1.0000 1.0000 0.2557 0.0385 0.0058 0.0009 1.0000 1.0000 0.9737 0.1468 0.0221 0.0033 0.0005 1.0000 1.0000 0.5641 0.0694
0.5268 1.0000 1.0000 0.0006 0.0038 0.0253 0.1680 1.0000 1.0000 1.0000 0.0010 0.0066 0.0441 0.2927 1.0000 1.0000 0.0003 0.0017 0.0116 0.0769 0.5101 1.0000 1.0000 0.0005 0.0030 0.0202 0.1340 0.8888 1.0000 1.0000 0.0008 0.0054 0.0359 0.2402 1.0000 1.0000 0.0002 0.0016 0.0107 0.0739 0.5130 1.0000 1.0000 0.0006 0.0039 0.0283 0.2043 1.0000 1.0000 0.0003 0.0009 0.0003 1.0000 1.0000 0.2043 0.0283 0.0039 0.0006 1.0000 1.0000 0.5130 0.0739 0.0107 0.0016 0.0002 1.0000 1.0000 0.2402 0.0359 0.0054 0.0008 1.0000 1.0000 0.8888 0.1340 0.0202 0.0030 0.0005 1.0000 1.0000 0.5101 0.0769 0.0116 0.0017 0.0003 1.0000 1.0000 0.2927 0.0441 0.0066 0.0010 1.0000 1.0000 1.0000 0.1680 0.0253 0.0038 0.0006 1.0000 1.0000 0.5268
1.0000 1.0000 0.0007 0.0044 0.0290 0.1923 1.0000 1.0000 1.0000 0.0011 0.0076 0.0505 0.3350 1.0000 1.0000 0.0003 0.0020 0.0133 0.0880 0.5838 1.0000 1.0000 0.0005 0.0035 0.0231 0.1533 1.0000 1.0000 1.0000 0.0009 0.0061 0.0405 0.2702 1.0000 1.0000 0.0003 0.0017 0.0115 0.0787 0.5400 1.0000 1.0000 0.0006 0.0039 0.0279 0.1993 1.0000 1.0000 0.0002 0.0017 0.0058 0.0017 0.0002 1.0000 1.0000 0.1993 0.0279 0.0039 0.0006 1.0000 1.0000 0.5400 0.0787 0.0115 0.0017 0.0003 1.0000 1.0000 0.2702 0.0405 0.0061 0.0009 1.0000 1.0000 1.0000 0.1533 0.0231 0.0035 0.0005 1.0000 1.0000 0.5838 0.0880 0.0133 0.0020 0.0003 1.0000 1.0000 0.3350 0.0505 0.0076 0.0011 1.0000 1.0000 1.0000 0.1923 0.0290 0.0044 0.0007 1.0000 1.0000
1.0000 0.0008 0.0050 0.0332 0.2201 1.0000 1.0000 1.0000 0.0013 0.0087 0.0578 0.3835 1.0000 1.0000 0.0003 0.0023 0.0152 0.1007 0.6682 1.0000 1.0000 0.0006 0.0040 0.0265 0.1755 1.0000 1.0000 1.0000 0.0010 0.0069 0.0461 0.3064 1.0000 1.0000 0.0003 0.0019 0.0127 0.0857 0.5816 1.0000 1.0000 0.0006 0.0040 0.0283 0.1993 1.0000 1.0000 0.0002 0.0016 0.0120 0.0404 0.0120 0.0016 0.0002 1.0000 1.0000 0.1993 0.0283 0.0040 0.0006 1.0000 1.0000 0.5816 0.0857 0.0127 0.0019 0.0003 1.0000 1.0000 0.3064 0.0461 0.0069 0.0010 1.0000 1.0000 1.0000 0.1755 0.0265 0.0040 0.0006 1.0000 1.0000 0.6682 0.1007 0.0152 0.0023 0.0003 1.0000 1.0000 0.3835 0.0578 0.0087 0.0013 1.0000 1.0000 1.0000 0.2201 0.0332 0.0050 0.0008 1.0000
0.0007 0.0058 0.0379 0.2519 1.0000 1.0000 0.0002 0.0015 0.0100 0.0662 0.4389 1.0000 1.0000 0.0004 0.0026 0.0174 0.1153 0.7648 1.0000 1.0000 0.0007 0.0046 0.0303 0.2009 1.0000 1.0000 1.0000 0.0012 0.0080 0.0528 0.3500 1.0000 1.0000 0.0003 0.0021 0.0142 0.0951 0.6396 1.0000 1.0000 0.0006 0.0042 0.0294 0.2043 1.0000 1.0000 0.0002 0.0016 0.0114 0.0833 0.2802 0.0833 0.0114 0.0016 0.0002 1.0000 1.0000 0.2043 0.0294 0.0042 0.0006 1.0000 1.0000 0.6396 0.0951 0.0142 0.0021 0.0003 1.0000 1.0000 0.3500 0.0528 0.0080 0.0012 1.0000 1.0000 1.0000 0.2009 0.0303 0.0046 0.0007 1.0000 1.0000 0.7648 0.1153 0.0174 0.0026 0.0004 1.0000 1.0000 0.4389 0.0662 0.0100 0.0015 0.0002 1.0000 1.0000 0.2519 0.0379 0.0058 0.0007
0.0054 0.0440 0.2883 1.0000 1.0000 0.0003 0.0017 0.0114 0.0757 0.5024 1.0000 1.0000 0.0005 0.0030 0.0199 0.1319 0.8754 1.0000 1.0000 0.0008 0.0052 0.0347 0.2299 1.0000 1.0000 0.0002 0.0014 0.0091 0.0604 0.4006 1.0000 1.0000 0.0004 0.0024 0.0160 0.1068 0.7155 1.0000 1.0000 0.0007 0.0046 0.0313 0.2151 1.0000 1.0000 0.0002 0.0016 0.0111 0.0800 0.5827 1.0000 0.5827 0.0800 0.0111 0.0016 0.0002 1.0000 1.0000 0.2151 0.0313 0.0046 0.0007 1.0000 1.0000 0.7155 0.1068 0.0160 0.0024 0.0004 1.0000 1.0000 0.4006 0.0604 0.0091 0.0014 0.0002 1.0000 1.0000 0.2299 0.0347 0.0052 0.0008 1.0000 1.0000 0.8754 0.1319 0.0199 0.0030 0.0005 1.0000 1.0000 0.5024 0.0757 0.0114 0.0017 0.0003 1.0000 1.0000 0.2883 0.0440 0.0054
0.0412 0.3363 1.0000 1.0000 0.0003 0.0020 0.0132 0.0873 0.5794 1.0000 1.0000 0.0005 0.0035 0.0229 0.1522 1.0000 1.0000 1.0000 0.0009 0.0060 0.0400 0.2651 1.0000 1.0000 0.0002 0.0016 0.0105 0.0696 0.4620 1.0000 1.0000 0.0004 0.0028 0.0183 0.1218 0.8128 1.0000 1.0000 0.0008 0.0051 0.0343 0.2334 1.0000 1.0000 0.0002 0.0016 0.0114 0.0800 0.5717 1.0000 1.0000 1.0000 0.5717 0.0800 0.0114 0.0016 0.0002 1.0000 1.0000 0.2334 0.0343 0.0051 0.0008 1.0000 1.0000 0.8128 0.1218 0.0183 0.0028 0.0004 1.0000 1.0000 0.4620 0.0696 0.0105 0.0016 0.0002 1.0000 1.0000 0.2651 0.0400 0.0060 0.0009 1.0000 1.0000 1.0000 0.1522 0.0229 0.0035 0.0005 1.0000 1.0000 0.5794 0.0873 0.0132 0.0020 0.0003 1.0000 1.0000 0.3363 0.0412
0.3105 1.0000 1.0000 0.0003 0.0023 0.0152 0.1009 0.6695 1.0000 1.0000 0.0006 0.0040 0.0265 0.1758 1.0000 1.0000 1.0000 0.0010 0.0070 0.0462 0.3064 1.0000 1.0000 0.0003 0.0018 0.0121 0.0805 0.5339 1.0000 1.0000 0.0005 0.0032 0.0211 0.1402 0.9338 1.0000 1.0000 0.0009 0.0057 0.0383 0.2592 1.0000 1.0000 0.0003 0.0017 0.0120 0.0833 0.5827 1.0000 1.0000 0.0003 1.0000 1.0000 0.5827 0.0833 0.0120 0.0017 0.0003 1.0000 1.0000 0.2592 0.0383 0.0057 0.0009 1.0000 1.0000 0.9338 0.1402 0.0211 0.0032 0.0005 1.0000 1.0000 0.5339 0.0805 0.0121 0.0018 0.0003 1.0000 1.0000 0.3064 0.0462 0.0070 0.0010 1.0000 1.0000 1.0000 0.1758 0.0265 0.0040 0.0006 1.0000 1.0000 0.6695 0.1009 0.0152 0.0023 0.0003 1.0000 1.0000 0.3105
1.0000 1.0000 1.0000 0.0012 0.0078 0.0521 0.3454 1.0000 1.0000 0.0003 0.0021 0.0137 0.0907 0.6018 1.0000 1.0000 0.0005 0.0036 0.0238 0.1581 1.0000 1.0000 1.0000 0.0009 0.0063 0.0415 0.2754 1.0000 1.0000 0.0002 0.0016 0.0109 0.0723 0.4809 1.0000 1.0000 0.0004 0.0029 0.0195 0.1312 0.8820 1.0000 1.0000 0.0009 0.0058 0.0404 0.2802 1.0000 1.0000 0.0003 0.0010 0.0003 1.0000 1.0000 0.2802 0.0404 0.0058 0.0009 1.0000 1.0000 0.8820 0.1312 0.0195 0.0029 0.0004 1.0000 1.0000 0.4809 0.0723 0.0109 0.0016 0.0002 1.0000 1.0000 0.2754 0.0415 0.0063 0.0009 1.0000 1.0000 1.0000 0.1581 0.0238 0.0036 0.0005 1.0000 1.0000 0.6018 0.0907 0.0137 0.0021 0.0003 1.0000 1.0000 0.3454 0.0521 0.0078 0.0012 1.0000 1.0000 1.0000
0.3105 1.0000 1.0000 0.0003 0.0023 0.0152 0.1009 0.6695 1.0000 1.0000 0.0006 0.0040 0.0265 0.1758 1.0000 1.0000 1.0000 0.0010 0.0070 0.0462 0.3064 1.0000 1.0000 0.0003 0.0018 0.0121 0.0805 0.5339 1.0000 1.0000 0.0005 0.0032 0.0211 0.1402 0.9338 1.0000 1.0000 0.0009 0.0057 0.0383 0.2592 1.0000 1.0000 0.0003 0.0017 0.0120 0.0833 0.5827 1.0000 1.0000 0.0003 1.0000 1.0000 0.5827 0.0833 0.0120 0.0017 0.0003 1.0000 1.0000 0.2592 0.0383 0.0057 0.0009 1.0000 1.0000 0.9338 0.1402 0.0211 0.0032 0.0005 1.0000 1.0000 0.5339 0.0805 0.0121 0.0018 0.0003 1.0000 1.0000 0.3064 0.0462 0.0070 0.0010 1.0000 1.0000 1.0000 0.1758 0.0265 0.0040 0.0006 1.0000 1.0000 0.6695 0.1009 0.0152 0.0023 0.0003 1.0000 1.0000 0.3105
0.0412 0.3363 1.0000 1.0000 0.0003 0.0020 0.0132 0.0873 0.5794 1.0000 1.0000 0.0005 0.0035 0.0229 0.1522 1.0000 1.0000 1.0000 0.0009 0.0060 0.0400 0.2651 1.0000 1.0000 0.0002 0.0016 0.0105 0.0696 0.4620 1.0000 1.0000 0.0004 0.0028 0.0183 0.1218 0.8128 1.0000 1.0000 0.0008 0.0051 0.0343 0.2334 1.0000 1.0000 0.0002 0.0016 0.0114 0.0800 0.5717 1.0000 1.0000 1.0000 0.5717 0.0800 0.0114 0.0016 0.0002 1.0000 1.0000 0.2334 0.0343 0.0051 0.0008 1.0000 1.0000 0.8128 0.1218 0.0183 0.0028 0.0004 1.0000 1.0000 0.4620 0.0696 0.0105 0.0016 0.0002 1.0000 1.0000 0.2651 0.0400 0.0060 0.0009 1.0000 1.0000 1.0000 0.1522 0.0229 0.0035 0.0005 1.0000 1.0000 0.5794 0.0873 0.0132 0.0020 0.0003 1.0000 1.0000 0.3363 0.0412
0.0054 0.0440 0.2883 1.0000 1.0000 0.0003 0.0017 0.0114 0.0757 0.5024 1.0000 1.0000 0.0005 0.0030 0.0199 0.1319 0.8754 1.0000 1.0000 0.0008 0.0052 0.0347 0.2299 1.0000 1.0000 0.0002 0.0014 0.0091 0.0604 0.4006 1.0000 1.0000 0.0004 0.0024 0.0160 0.1068 0.7155 1.0000 1.0000 0.0007 0.0046 0.0313 0.2151 1.0000 1.0000 0.0002 0.0016 0.0111 0.0800 0.5827 1.0000 0.5827 0.0800 0.0111 0.0016 0.0002 1.0000 1.0000 0.2151 0.0313 0.0046 0.0007 1.0000 1.0000 0.7155 0.1068 0.0160 0.0024 0.0004 1.0000 1.0000 0.4006 0.0604 0.0091 0.0014 0.0002 1.0000 1.0000 0.2299 0.0347 0.0052 0.0008 1.0000 1.0000 0.8754 0.1319 0.0199 0.0030 0.0005 1.0000 1.0000 0.5024 0.0757 0.0114 0.0017 0.0003 1.0000 1.0000 0.2883 0.0440 0.0054
0.0007 0.0058 0.0379 0.2519 1.0000 1.0000 0.0002 0.0015 0.0100 0.0662 0.4389 1.0000 1.0000 0.0004 0.0026 0.0174 0.1153 0.7648 1.0000 1.0000 0.0007 0.0046 0.0303 0.2009 1.0000 1.0000 1.0000 0.0012 0.0080 0.0528 0.3500 1.0000 1.0000 0.0003 0.0021 0.0142 0.0951 0.6396 1.0000 1.0000 0.0006 0.0042 0.0294 0.2043 1.0000 1.0000 0.0002 0.0016 0.0114 0.0833 0.2802 0.0833 0.0114 0.0016 0.0002 1.0000 1.0000 0.2043 0.0294 0.0042 0.0006 1.0000 1.0000 0.6396 0.0951 0.0142 0.0021 0.0003 1.0000 1.0000 0.3500 0.0528 0.0080 0.0012 1.0000 1.0000 1.0000 0.2009 0.0303 0.0046 0.0007 1.0000 1.0000 0.7648 0.1153 0.0174 0.0026 0.0004 1.0000 1.0000 0.4389 0.0662 0.0100 0.0015 0.0002 1.0000 1.0000 0.2519 0.0379 0.0058 0.0007
1.0000 0.0008 0.0050 0.0332 0.2201 1.0000 1.0000 1.0000 0.0013 0.0087 0.0578 0.3835 1.0000 1.0000 0.0003 0.0023 0.0152 0.1007 0.6682 1.0000 1.0000 0.0006 0.0040 0.0265 0.1755 1.0000 1.0000 1.0000 0.0010 0.0069 0.0461 0.3064 1.0000 1.0000 0.0003 0.0019 0.0127 0.0857 0.5816 1.0000 1.0000 0.0006 0.0040 0.0283 0.1993 1.0000 1.0000 0.0002 0.0016 0.0120 0.0404 0.0120 0.0016 0.0002 1.0000 1.0000 0.1993 0.0283 0.0040 0.0006 1.0000 1.0000 0.5816 0.0857 0.0127 0.0019 0.0003 1.0000 1.0000 0.3064 0.0461 0.0069 0.0010 1.0000 1.0000 1.0000 0.1755 0.0265 0.0040 0.0006 1.0000 1.0000 0.6682 0.1007 0.0152 0.0023 0.0003 1.0000 1.0000 0.3835 0.0578 0.0087 0.0013 1.0000 1.0000 1.0000 0.2201 0.0332 0.0050 0.0008 1.0000
