0.3453 0.1808 0.2007 0.2736 0.3973 0.4852 0.3845 0.1897 0.1895 0.2498 0.3604 0.4830 0.4290 0.2157 0.1815 0.2294 0.3268 0.4644 0.4589 0.2720 0.1784 0.2125 0.2966 0.4303 0.4775 0.3366 0.1811 0.1987 0.2698 0.3916 0.4857 0.3922 0.1921 0.1881 0.2465 0.3551 0.4814 0.4344 0.2225 0.1807 0.2266 0.3220 0.4600 0.4624 0.2820 0.1784 0.2102 0.2923 0.4248 0.4772 0.4178 0.4772 0.4248 0.2923 0.2102 0.1784 0.2820 0.4624 0.4600 0.3220 0.2266 0.1807 0.2225 0.4344 0.4814 0.3551 0.2465 0.1881 0.1921 0.3922 0.4857 0.3916 0.2698 0.1987 0.1811 0.3366 0.4775 0.4303 0.2966 0.2125 0.1784 0.2720 0.4589 0.4644 0.3268 0.2294 0.1815 0.2157 0.4290 0.4830 0.3604 0.2498 0.1895 0.1897 0.3845 0.4852 0.3973 0.2736 0.2007 0.1808 0.3453
0.1808 0.1818 0.2640 0.3994 0.4861 0.3862 0.1689 0.1661 0.2357 0.3582 0.4855 0.4295 0.2052 0.1561 0.2127 0.3212 0.4683 0.4587 0.2714 0.1530 0.1934 0.2878 0.4334 0.4776 0.3386 0.1573 0.1773 0.2580 0.3920 0.4868 0.3941 0.1724 0.1643 0.2319 0.3523 0.4842 0.4348 0.2140 0.1552 0.2096 0.3159 0.4640 0.4622 0.2821 0.1531 0.1907 0.2830 0.4274 0.4792 0.3523 0.1981 0.3523 0.4792 0.4274 0.2830 0.1907 0.1531 0.2821 0.4622 0.4640 0.3159 0.2096 0.1552 0.2140 0.4348 0.4842 0.3523 0.2319 0.1643 0.1724 0.3941 0.4868 0.3920 0.2580 0.1773 0.1573 0.3386 0.4776 0.4334 0.2878 0.1934 0.1530 0.2714 0.4587 0.4683 0.3212 0.2127 0.1561 0.2052 0.4295 0.4855 0.3582 0.2357 0.1661 0.1689 0.3862 0.4861 0.3994 0.2640 0.1818 0.1808
0.2007 0.2640 0.3942 0.4862 0.3962 0.1741 0.1632 0.2293 0.3478 0.4821 0.4380 0.2205 0.1545 0.2071 0.3116 0.4595 0.4642 0.2894 0.1532 0.1887 0.2792 0.4218 0.4803 0.3541 0.1597 0.1735 0.2505 0.3805 0.4866 0.4062 0.1794 0.1613 0.2255 0.3418 0.4799 0.4428 0.2303 0.1538 0.2041 0.3065 0.4545 0.4672 0.2999 0.1536 0.1862 0.2746 0.4155 0.4819 0.3623 0.1610 0.1492 0.1610 0.3623 0.4819 0.4155 0.2746 0.1862 0.1536 0.2999 0.4672 0.4545 0.3065 0.2041 0.1538 0.2303 0.4428 0.4799 0.3418 0.2255 0.1613 0.1794 0.4062 0.4866 0.3805 0.2505 0.1735 0.1597 0.3541 0.4803 0.4218 0.2792 0.1887 0.1532 0.2894 0.4642 0.4595 0.3116 0.2071 0.1545 0.2205 0.4380 0.4821 0.3478 0.2293 0.1632 0.1741 0.3962 0.4862 0.3942 0.2640 0.2007
0.2736 0.3994 0.4862 0.4001 0.1781 0.1613 0.2245 0.3392 0.4786 0.4455 0.2369 0.1535 0.2021 0.3030 0.4509 0.4692 0.3070 0.1540 0.1846 0.2715 0.4113 0.4830 0.3687 0.1630 0.1701 0.2438 0.3704 0.4864 0.4170 0.1888 0.1587 0.2197 0.3325 0.4754 0.4500 0.2477 0.1531 0.1992 0.2980 0.4454 0.4719 0.3171 0.1548 0.1822 0.2671 0.4050 0.4842 0.3769 0.1654 0.1650 0.1957 0.1650 0.1654 0.3769 0.4842 0.4050 0.2671 0.1822 0.1548 0.3171 0.4719 0.4454 0.2980 0.1992 0.1531 0.2477 0.4500 0.4754 0.3325 0.2197 0.1587 0.1888 0.4170 0.4864 0.3704 0.2438 0.1701 0.1630 0.3687 0.4830 0.4113 0.2715 0.1846 0.1540 0.3070 0.4692 0.4509 0.3030 0.2021 0.1535 0.2369 0.4455 0.4786 0.3392 0.2245 0.1613 0.1781 0.4001 0.4862 0.3994 0.2736
0.3973 0.4861 0.3962 0.1781 0.1605 0.2216 0.3329 0.4747 0.4517 0.2532 0.1530 0.1975 0.2947 0.4414 0.4736 0.3239 0.1554 0.1806 0.2641 0.4006 0.4849 0.3825 0.1673 0.1669 0.2372 0.3603 0.4852 0.4268 0.2009 0.1566 0.2141 0.3233 0.4694 0.4566 0.2658 0.1528 0.1946 0.2897 0.4355 0.4759 0.3336 0.1565 0.1783 0.2598 0.3943 0.4857 0.3902 0.1705 0.1653 0.2297 0.2903 0.2297 0.1653 0.1705 0.3902 0.4857 0.3943 0.2598 0.1783 0.1565 0.3336 0.4759 0.4355 0.2897 0.1946 0.1528 0.2658 0.4566 0.4694 0.3233 0.2141 0.1566 0.2009 0.4268 0.4852 0.3603 0.2372 0.1669 0.1673 0.3825 0.4849 0.4006 0.2641 0.1806 0.1554 0.3239 0.4736 0.4414 0.2947 0.1975 0.1530 0.2532 0.4517 0.4747 0.3329 0.2216 0.1605 0.1781 0.3962 0.4861 0.3973
0.4852 0.3862 0.1741 0.1613 0.2216 0.3306 0.4720 0.4558 0.2667 0.1529 0.1934 0.2871 0.4318 0.4774 0.3400 0.1574 0.1768 0.2568 0.3900 0.4862 0.3954 0.1729 0.1639 0.2310 0.3505 0.4830 0.4356 0.2155 0.1549 0.2088 0.3144 0.4621 0.4625 0.2838 0.1530 0.1901 0.2817 0.4251 0.4794 0.3494 0.1588 0.1746 0.2527 0.3838 0.4866 0.4025 0.1770 0.1622 0.2277 0.3442 0.4358 0.3442 0.2277 0.1622 0.1770 0.4025 0.4866 0.3838 0.2527 0.1746 0.1588 0.3494 0.4794 0.4251 0.2817 0.1901 0.1530 0.2838 0.4625 0.4621 0.3144 0.2088 0.1549 0.2155 0.4356 0.4830 0.3505 0.2310 0.1639 0.1729 0.3954 0.4862 0.3900 0.2568 0.1768 0.1574 0.3400 0.4774 0.4318 0.2871 0.1934 0.1529 0.2667 0.4558 0.4720 0.3306 0.2216 0.1613 0.1741 0.3862 0.4852
0.3845 0.1689 0.1632 0.2245 0.3329 0.4720 0.4573 0.2745 0.1530 0.1902 0.2807 0.4227 0.4803 0.3546 0.1599 0.1733 0.2499 0.3796 0.4867 0.4073 0.1803 0.1610 0.2249 0.3410 0.4796 0.4435 0.2319 0.1537 0.2037 0.3057 0.4537 0.4677 0.3016 0.1537 0.1858 0.2739 0.4146 0.4822 0.3643 0.1619 0.1712 0.2458 0.3735 0.4866 0.4138 0.1856 0.1595 0.2215 0.3359 0.4759 0.4739 0.4759 0.3359 0.2215 0.1595 0.1856 0.4138 0.4866 0.3735 0.2458 0.1712 0.1619 0.3643 0.4822 0.4146 0.2739 0.1858 0.1537 0.3016 0.4677 0.4537 0.3057 0.2037 0.1537 0.2319 0.4435 0.4796 0.3410 0.2249 0.1610 0.1803 0.4073 0.4867 0.3796 0.2499 0.1733 0.1599 0.3546 0.4803 0.4227 0.2807 0.1902 0.1530 0.2745 0.4573 0.4720 0.3329 0.2245 0.1632 0.1689 0.3845
0.1897 0.1661 0.2293 0.3392 0.4747 0.4558 0.2745 0.1531 0.1885 0.2764 0.4155 0.4824 0.3669 0.1629 0.1701 0.2434 0.3696 0.4863 0.4180 0.1899 0.1585 0.2191 0.3316 0.4748 0.4507 0.2495 0.1530 0.1988 0.2972 0.4444 0.4723 0.3187 0.1549 0.1818 0.2664 0.4039 0.4844 0.3783 0.1659 0.1679 0.2392 0.3634 0.4857 0.4239 0.1969 0.1572 0.2158 0.3262 0.4716 0.4526 0.3631 0.4526 0.4716 0.3262 0.2158 0.1572 0.1969 0.4239 0.4857 0.3634 0.2392 0.1679 0.1659 0.3783 0.4844 0.4039 0.2664 0.1818 0.1549 0.3187 0.4723 0.4444 0.2972 0.1988 0.1530 0.2495 0.4507 0.4748 0.3316 0.2191 0.1585 0.1899 0.4180 0.4863 0.3696 0.2434 0.1701 0.1629 0.3669 0.4824 0.4155 0.2764 0.1885 0.1531 0.2745 0.4558 0.4747 0.3392 0.2293 0.1661 0.1897
0.1895 0.2357 0.3478 0.4786 0.4517 0.2667 0.1530 0.1885 0.2748 0.4114 0.4837 0.3762 0.1660 0.1675 0.2378 0.3604 0.4852 0.4274 0.2020 0.1564 0.2136 0.3225 0.4687 0.4572 0.2676 0.1528 0.1941 0.2889 0.4345 0.4763 0.3352 0.1567 0.1779 0.2590 0.3933 0.4858 0.3915 0.1710 0.1648 0.2329 0.3536 0.4838 0.4329 0.2107 0.1554 0.2104 0.3171 0.4645 0.4603 0.2840 0.1594 0.2840 0.4603 0.4645 0.3171 0.2104 0.1554 0.2107 0.4329 0.4838 0.3536 0.2329 0.1648 0.1710 0.3915 0.4858 0.3933 0.2590 0.1779 0.1567 0.3352 0.4763 0.4345 0.2889 0.1941 0.1528 0.2676 0.4572 0.4687 0.3225 0.2136 0.1564 0.2020 0.4274 0.4852 0.3604 0.2378 0.1675 0.1660 0.3762 0.4837 0.4114 0.2748 0.1885 0.1530 0.2667 0.4517 0.4786 0.3478 0.2357 0.1895
0.2498 0.3582 0.4821 0.4455 0.2532 0.1529 0.1902 0.2764 0.4114 0.4841 0.3812 0.1685 0.1655 0.2332 0.3525 0.4833 0.4354 0.2158 0.1548 0.2084 0.3136 0.4613 0.4630 0.2856 0.1531 0.1897 0.2809 0.4241 0.4797 0.3509 0.1591 0.1743 0.2520 0.3828 0.4866 0.4037 0.1778 0.1619 0.2268 0.3439 0.4808 0.4411 0.2267 0.1540 0.2052 0.3084 0.4564 0.4661 0.2956 0.1518 0.1585 0.1518 0.2956 0.4661 0.4564 0.3084 0.2052 0.1540 0.2267 0.4411 0.4808 0.3439 0.2268 0.1619 0.1778 0.4037 0.4866 0.3828 0.2520 0.1743 0.1591 0.3509 0.4797 0.4241 0.2809 0.1897 0.1531 0.2856 0.4630 0.4613 0.3136 0.2084 0.1548 0.2158 0.4354 0.4833 0.3525 0.2332 0.1655 0.1685 0.3812 0.4841 0.4114 0.2764 0.1902 0.1529 0.2532 0.4455 0.4821 0.3582 0.2498
0.3604 0.4855 0.4380 0.2369 0.1530 0.1934 0.2807 0.4155 0.4837 0.3812 0.1694 0.1645 0.2301 0.3466 0.4810 0.4417 0.2297 0.1538 0.2036 0.3053 0.4530 0.4682 0.3033 0.1538 0.1854 0.2732 0.4135 0.4825 0.3657 0.1623 0.1708 0.2452 0.3725 0.4865 0.4148 0.1866 0.1592 0.2209 0.3345 0.4764 0.4486 0.2440 0.1532 0.2003 0.2998 0.4474 0.4710 0.3134 0.1546 0.1795 0.2178 0.1795 0.1546 0.3134 0.4710 0.4474 0.2998 0.2003 0.1532 0.2440 0.4486 0.4764 0.3345 0.2209 0.1592 0.1866 0.4148 0.4865 0.3725 0.2452 0.1708 0.1623 0.3657 0.4825 0.4135 0.2732 0.1854 0.1538 0.3033 0.4682 0.4530 0.3053 0.2036 0.1538 0.2297 0.4417 0.4810 0.3466 0.2301 0.1645 0.1694 0.3812 0.4837 0.4155 0.2807 0.1934 0.1530 0.2369 0.4380 0.4855 0.3604
0.4830 0.4295 0.2205 0.1535 0.1975 0.2871 0.4227 0.4824 0.3762 0.1685 0.1645 0.2290 0.3433 0.4792 0.4463 0.2418 0.1532 0.1995 0.2978 0.4444 0.4725 0.3199 0.1551 0.1814 0.2656 0.4029 0.4845 0.3796 0.1663 0.1676 0.2386 0.3624 0.4855 0.4248 0.1981 0.1570 0.2153 0.3253 0.4707 0.4553 0.2619 0.1528 0.1955 0.2915 0.4376 0.4751 0.3302 0.1561 0.1794 0.2578 0.3290 0.2578 0.1794 0.1561 0.3302 0.4751 0.4376 0.2915 0.1955 0.1528 0.2619 0.4553 0.4707 0.3253 0.2153 0.1570 0.1981 0.4248 0.4855 0.3624 0.2386 0.1676 0.1663 0.3796 0.4845 0.4029 0.2656 0.1814 0.1551 0.3199 0.4725 0.4444 0.2978 0.1995 0.1532 0.2418 0.4463 0.4792 0.3433 0.2290 0.1645 0.1685 0.3762 0.4824 0.4227 0.2871 0.1975 0.1535 0.2205 0.4295 0.4830
0.4290 0.2052 0.1545 0.2021 0.2947 0.4318 0.4803 0.3669 0.1660 0.1655 0.2301 0.3433 0.4784 0.4486 0.2501 0.1529 0.1963 0.2915 0.4363 0.4760 0.3349 0.1568 0.1777 0.2585 0.3923 0.4860 0.3927 0.1716 0.1645 0.2323 0.3526 0.4836 0.4338 0.2122 0.1552 0.2099 0.3163 0.4637 0.4613 0.2800 0.1529 0.1910 0.2834 0.4273 0.4787 0.3461 0.1583 0.1754 0.2546 0.3865 0.4698 0.3865 0.2546 0.1754 0.1583 0.3461 0.4787 0.4273 0.2834 0.1910 0.1529 0.2800 0.4613 0.4637 0.3163 0.2099 0.1552 0.2122 0.4338 0.4836 0.3526 0.2323 0.1645 0.1716 0.3927 0.4860 0.3923 0.2585 0.1777 0.1568 0.3349 0.4760 0.4363 0.2915 0.1963 0.1529 0.2501 0.4486 0.4784 0.3433 0.2301 0.1655 0.1660 0.3669 0.4803 0.4318 0.2947 0.2021 0.1545 0.2052 0.4290
0.2157 0.1561 0.2071 0.3030 0.4414 0.4774 0.3546 0.1629 0.1675 0.2332 0.3466 0.4792 0.4486 0.2530 0.1529 0.1943 0.2868 0.4295 0.4786 0.3477 0.1588 0.1745 0.2519 0.3823 0.4866 0.4047 0.1785 0.1616 0.2262 0.3430 0.4804 0.4419 0.2283 0.1539 0.2047 0.3075 0.4556 0.4666 0.2979 0.1535 0.1867 0.2755 0.4168 0.4817 0.3612 0.1612 0.1719 0.2473 0.3762 0.4847 0.4558 0.4847 0.3762 0.2473 0.1719 0.1612 0.3612 0.4817 0.4168 0.2755 0.1867 0.1535 0.2979 0.4666 0.4556 0.3075 0.2047 0.1539 0.2283 0.4419 0.4804 0.3430 0.2262 0.1616 0.1785 0.4047 0.4866 0.3823 0.2519 0.1745 0.1588 0.3477 0.4786 0.4295 0.2868 0.1943 0.1529 0.2530 0.4486 0.4792 0.3466 0.2332 0.1675 0.1629 0.3546 0.4774 0.4414 0.3030 0.2071 0.1561 0.2157
0.1815 0.2127 0.3116 0.4509 0.4736 0.3400 0.1599 0.1701 0.2378 0.3525 0.4810 0.4463 0.2501 0.1529 0.1935 0.2844 0.4248 0.4804 0.3576 0.1610 0.1717 0.2461 0.3731 0.4865 0.4153 0.1874 0.1590 0.2204 0.3336 0.4759 0.4492 0.2457 0.1532 0.1998 0.2990 0.4464 0.4714 0.3152 0.1546 0.1826 0.2679 0.4062 0.4840 0.3754 0.1650 0.1686 0.2406 0.3656 0.4858 0.4212 0.2996 0.4212 0.4858 0.3656 0.2406 0.1686 0.1650 0.3754 0.4840 0.4062 0.2679 0.1826 0.1546 0.3152 0.4714 0.4464 0.2990 0.1998 0.1532 0.2457 0.4492 0.4759 0.3336 0.2204 0.1590 0.1874 0.4153 0.4865 0.3731 0.2461 0.1717 0.1610 0.3576 0.4804 0.4248 0.2844 0.1935 0.1529 0.2501 0.4463 0.4810 0.3525 0.2378 0.1701 0.1599 0.3400 0.4736 0.4509 0.3116 0.2127 0.1815
0.2294 0.3212 0.4595 0.4692 0.3239 0.1574 0.1733 0.2434 0.3604 0.4833 0.4417 0.2418 0.1529 0.1943 0.2844 0.4231 0.4812 0.3640 0.1629 0.1695 0.2413 0.3651 0.4858 0.4241 0.1980 0.1569 0.2150 0.3246 0.4702 0.4559 0.2637 0.1528 0.1951 0.2907 0.4366 0.4755 0.3318 0.1563 0.1787 0.2606 0.3955 0.4856 0.3888 0.1698 0.1654 0.2342 0.3556 0.4843 0.4306 0.2118 0.1468 0.2118 0.4306 0.4843 0.3556 0.2342 0.1654 0.1698 0.3888 0.4856 0.3955 0.2606 0.1787 0.1563 0.3318 0.4755 0.4366 0.2907 0.1951 0.1528 0.2637 0.4559 0.4702 0.3246 0.2150 0.1569 0.1980 0.4241 0.4858 0.3651 0.2413 0.1695 0.1629 0.3640 0.4812 0.4231 0.2844 0.1943 0.1529 0.2418 0.4417 0.4833 0.3604 0.2434 0.1733 0.1574 0.3239 0.4692 0.4595 0.3212 0.2294
0.3268 0.4683 0.4642 0.3070 0.1554 0.1768 0.2499 0.3696 0.4852 0.4354 0.2297 0.1532 0.1963 0.2868 0.4248 0.4812 0.3661 0.1640 0.1682 0.2378 0.3587 0.4846 0.4313 0.2096 0.1553 0.2101 0.3161 0.4633 0.4617 0.2817 0.1530 0.1906 0.2826 0.4263 0.4790 0.3476 0.1585 0.1750 0.2535 0.3850 0.4865 0.4012 0.1762 0.1625 0.2280 0.3459 0.4815 0.4395 0.2227 0.1519 0.1714 0.1519 0.2227 0.4395 0.4815 0.3459 0.2280 0.1625 0.1762 0.4012 0.4865 0.3850 0.2535 0.1750 0.1585 0.3476 0.4790 0.4263 0.2826 0.1906 0.1530 0.2817 0.4617 0.4633 0.3161 0.2101 0.1553 0.2096 0.4313 0.4846 0.3587 0.2378 0.1682 0.1640 0.3661 0.4812 0.4248 0.2868 0.1963 0.1532 0.2297 0.4354 0.4852 0.3696 0.2499 0.1768 0.1554 0.3070 0.4642 0.4683 0.3268
0.4644 0.4587 0.2894 0.1540 0.1806 0.2568 0.3796 0.4863 0.4274 0.2158 0.1538 0.1995 0.2915 0.4295 0.4804 0.3640 0.1640 0.1677 0.2360 0.3547 0.4833 0.4366 0.2206 0.1543 0.2057 0.3085 0.4559 0.4667 0.2987 0.1536 0.1863 0.2748 0.4158 0.4819 0.3626 0.1615 0.1716 0.2466 0.3747 0.4866 0.4126 0.1846 0.1598 0.2221 0.3365 0.4775 0.4470 0.2402 0.1535 0.1975 0.2444 0.1975 0.1535 0.2402 0.4470 0.4775 0.3365 0.2221 0.1598 0.1846 0.4126 0.4866 0.3747 0.2466 0.1716 0.1615 0.3626 0.4819 0.4158 0.2748 0.1863 0.1536 0.2987 0.4667 0.4559 0.3085 0.2057 0.1543 0.2206 0.4366 0.4833 0.3547 0.2360 0.1677 0.1640 0.3640 0.4804 0.4295 0.2915 0.1995 0.1538 0.2158 0.4274 0.4863 0.3796 0.2568 0.1806 0.1540 0.2894 0.4587 0.4644
0.4589 0.2714 0.1532 0.1846 0.2641 0.3900 0.4867 0.4180 0.2020 0.1548 0.2036 0.2978 0.4363 0.4786 0.3576 0.1629 0.1682 0.2360 0.3534 0.4825 0.4399 0.2292 0.1536 0.2023 0.3019 0.4485 0.4708 0.3142 0.1546 0.1825 0.2674 0.4052 0.4841 0.3768 0.1654 0.1683 0.2400 0.3645 0.4858 0.4228 0.1955 0.1574 0.2165 0.3272 0.4721 0.4539 0.2581 0.1529 0.1968 0.2906 0.3722 0.2906 0.1968 0.1529 0.2581 0.4539 0.4721 0.3272 0.2165 0.1574 0.1955 0.4228 0.4858 0.3645 0.2400 0.1683 0.1654 0.3768 0.4841 0.4052 0.2674 0.1825 0.1546 0.3142 0.4708 0.4485 0.3019 0.2023 0.1536 0.2292 0.4399 0.4825 0.3534 0.2360 0.1682 0.1629 0.3576 0.4786 0.4363 0.2978 0.2036 0.1548 0.2020 0.4180 0.4867 0.3900 0.2641 0.1846 0.1532 0.2714 0.4589
0.2720 0.1530 0.1887 0.2715 0.4006 0.4862 0.4073 0.1899 0.1564 0.2084 0.3053 0.4444 0.4760 0.3477 0.1610 0.1695 0.2378 0.3547 0.4825 0.4410 0.2338 0.1533 0.1998 0.2967 0.4418 0.4741 0.3278 0.1560 0.1790 0.2606 0.3951 0.4857 0.3898 0.1703 0.1652 0.2336 0.3547 0.4841 0.4320 0.2090 0.1555 0.2110 0.3182 0.4653 0.4601 0.2762 0.1529 0.1920 0.2855 0.4300 0.4821 0.4300 0.2855 0.1920 0.1529 0.2762 0.4601 0.4653 0.3182 0.2110 0.1555 0.2090 0.4320 0.4841 0.3547 0.2336 0.1652 0.1703 0.3898 0.4857 0.3951 0.2606 0.1790 0.1560 0.3278 0.4741 0.4418 0.2967 0.1998 0.1533 0.2338 0.4410 0.4825 0.3547 0.2378 0.1695 0.1610 0.3477 0.4760 0.4444 0.3053 0.2084 0.1564 0.1899 0.4073 0.4862 0.4006 0.2715 0.1887 0.1530 0.2720
0.1784 0.1934 0.2792 0.4113 0.4849 0.3954 0.1803 0.1585 0.2136 0.3136 0.4530 0.4725 0.3349 0.1588 0.1717 0.2413 0.3587 0.4833 0.4399 0.2338 0.1532 0.1985 0.2935 0.4368 0.4764 0.3389 0.1576 0.1760 0.2545 0.3858 0.4865 0.4015 0.1766 0.1623 0.2275 0.3450 0.4812 0.4403 0.2248 0.1542 0.2058 0.3093 0.4574 0.4656 0.2941 0.1534 0.1876 0.2772 0.4195 0.4788 0.4271 0.4788 0.4195 0.2772 0.1876 0.1534 0.2941 0.4656 0.4574 0.3093 0.2058 0.1542 0.2248 0.4403 0.4812 0.3450 0.2275 0.1623 0.1766 0.4015 0.4865 0.3858 0.2545 0.1760 0.1576 0.3389 0.4764 0.4368 0.2935 0.1985 0.1532 0.2338 0.4399 0.4833 0.3587 0.2413 0.1717 0.1588 0.3349 0.4725 0.4530 0.3136 0.2136 0.1585 0.1803 0.3954 0.4849 0.4113 0.2792 0.1934 0.1784
0.2125 0.2878 0.4218 0.4830 0.3825 0.1729 0.1610 0.2191 0.3225 0.4613 0.4682 0.3199 0.1568 0.1745 0.2461 0.3651 0.4846 0.4366 0.2292 0.1533 0.1985 0.2924 0.4342 0.4778 0.3467 0.1591 0.1736 0.2494 0.3775 0.4867 0.4116 0.1843 0.1597 0.2218 0.3357 0.4770 0.4478 0.2420 0.1533 0.2008 0.3008 0.4484 0.4704 0.3116 0.1544 0.1835 0.2695 0.4084 0.4832 0.3755 0.2268 0.3755 0.4832 0.4084 0.2695 0.1835 0.1544 0.3116 0.4704 0.4484 0.3008 0.2008 0.1533 0.2420 0.4478 0.4770 0.3357 0.2218 0.1597 0.1843 0.4116 0.4867 0.3775 0.2494 0.1736 0.1591 0.3467 0.4778 0.4342 0.2924 0.1985 0.1533 0.2292 0.4366 0.4846 0.3651 0.2461 0.1745 0.1568 0.3199 0.4682 0.4613 0.3225 0.2191 0.1610 0.1729 0.3825 0.4830 0.4218 0.2878 0.2125
0.2966 0.4334 0.4803 0.3687 0.1673 0.1639 0.2249 0.3316 0.4687 0.4630 0.3033 0.1551 0.1777 0.2519 0.3731 0.4858 0.4313 0.2206 0.1536 0.1998 0.2935 0.4342 0.4782 0.3506 0.1602 0.1719 0.2455 0.3707 0.4863 0.4199 0.1933 0.1576 0.2167 0.3271 0.4717 0.4544 0.2598 0.1529 0.1961 0.2924 0.4387 0.4747 0.3284 0.1559 0.1795 0.2621 0.3978 0.4853 0.3856 0.1689 0.1470 0.1689 0.3856 0.4853 0.3978 0.2621 0.1795 0.1559 0.3284 0.4747 0.4387 0.2924 0.1961 0.1529 0.2598 0.4544 0.4717 0.3271 0.2167 0.1576 0.1933 0.4199 0.4863 0.3707 0.2455 0.1719 0.1602 0.3506 0.4782 0.4342 0.2935 0.1998 0.1536 0.2206 0.4313 0.4858 0.3731 0.2519 0.1777 0.1551 0.3033 0.4630 0.4687 0.3316 0.2249 0.1639 0.1673 0.3687 0.4803 0.4334 0.2966
0.4303 0.4776 0.3541 0.1630 0.1669 0.2310 0.3410 0.4748 0.4572 0.2856 0.1538 0.1814 0.2585 0.3823 0.4865 0.4241 0.2096 0.1543 0.2023 0.2967 0.4368 0.4778 0.3506 0.1605 0.1711 0.2430 0.3659 0.4857 0.4263 0.2026 0.1561 0.2121 0.3192 0.4657 0.4601 0.2771 0.1529 0.1915 0.2843 0.4285 0.4783 0.3444 0.1580 0.1758 0.2549 0.3872 0.4864 0.3986 0.1746 0.1601 0.1878 0.1601 0.1746 0.3986 0.4864 0.3872 0.2549 0.1758 0.1580 0.3444 0.4783 0.4285 0.2843 0.1915 0.1529 0.2771 0.4601 0.4657 0.3192 0.2121 0.1561 0.2026 0.4263 0.4857 0.3659 0.2430 0.1711 0.1605 0.3506 0.4778 0.4368 0.2967 0.2023 0.1543 0.2096 0.4241 0.4865 0.3823 0.2585 0.1814 0.1538 0.2856 0.4572 0.4748 0.3410 0.2310 0.1669 0.1630 0.3541 0.4776 0.4303
0.4775 0.3386 0.1597 0.1701 0.2372 0.3505 0.4796 0.4507 0.2676 0.1531 0.1854 0.2656 0.3923 0.4866 0.4153 0.1980 0.1553 0.2057 0.3019 0.4418 0.4764 0.3467 0.1602 0.1711 0.2422 0.3634 0.4851 0.4305 0.2106 0.1550 0.2083 0.3123 0.4592 0.4649 0.2933 0.1534 0.1874 0.2766 0.4181 0.4814 0.3595 0.1608 0.1723 0.2480 0.3768 0.4867 0.4102 0.1826 0.1605 0.2195 0.2760 0.2195 0.1605 0.1826 0.4102 0.4867 0.3768 0.2480 0.1723 0.1608 0.3595 0.4814 0.4181 0.2766 0.1874 0.1534 0.2933 0.4649 0.4592 0.3123 0.2083 0.1550 0.2106 0.4305 0.4851 0.3634 0.2422 0.1711 0.1602 0.3467 0.4764 0.4418 0.3019 0.2057 0.1553 0.1980 0.4153 0.4866 0.3923 0.2656 0.1854 0.1531 0.2676 0.4507 0.4796 0.3505 0.2372 0.1701 0.1597 0.3386 0.4775
0.3366 0.1573 0.1735 0.2438 0.3603 0.4830 0.4435 0.2495 0.1528 0.1897 0.2732 0.4029 0.4860 0.4047 0.1874 0.1569 0.2101 0.3085 0.4485 0.4741 0.3389 0.1591 0.1719 0.2430 0.3634 0.4849 0.4326 0.2160 0.1544 0.2054 0.3067 0.4530 0.4688 0.3077 0.1542 0.1837 0.2695 0.4079 0.4837 0.3737 0.1644 0.1689 0.2413 0.3667 0.4861 0.4207 0.1929 0.1579 0.2180 0.3278 0.4179 0.3278 0.2180 0.1579 0.1929 0.4207 0.4861 0.3667 0.2413 0.1689 0.1644 0.3737 0.4837 0.4079 0.2695 0.1837 0.1542 0.3077 0.4688 0.4530 0.3067 0.2054 0.1544 0.2160 0.4326 0.4849 0.3634 0.2430 0.1719 0.1591 0.3389 0.4741 0.4485 0.3085 0.2101 0.1569 0.1874 0.4047 0.4860 0.4029 0.2732 0.1897 0.1528 0.2495 0.4435 0.4830 0.3603 0.2438 0.1735 0.1573 0.3366
0.1811 0.1773 0.2505 0.3704 0.4852 0.4356 0.2319 0.1530 0.1941 0.2809 0.4135 0.4845 0.3927 0.1785 0.1590 0.2150 0.3161 0.4559 0.4708 0.3278 0.1576 0.1736 0.2455 0.3659 0.4851 0.4326 0.2179 0.1541 0.2037 0.3028 0.4480 0.4717 0.3196 0.1552 0.1805 0.2632 0.3985 0.4853 0.3864 0.1690 0.1659 0.2350 0.3567 0.4845 0.4301 0.2060 0.1559 0.2122 0.3205 0.4664 0.4785 0.4664 0.3205 0.2122 0.1559 0.2060 0.4301 0.4845 0.3567 0.2350 0.1659 0.1690 0.3864 0.4853 0.3985 0.2632 0.1805 0.1552 0.3196 0.4717 0.4480 0.3028 0.2037 0.1541 0.2179 0.4326 0.4851 0.3659 0.2455 0.1736 0.1576 0.3278 0.4708 0.4559 0.3161 0.2150 0.1590 0.1785 0.3927 0.4845 0.4135 0.2809 0.1941 0.1530 0.2319 0.4356 0.4852 0.3704 0.2505 0.1773 0.1811
0.1987 0.2580 0.3805 0.4864 0.4268 0.2155 0.1537 0.1988 0.2889 0.4241 0.4825 0.3796 0.1716 0.1616 0.2204 0.3246 0.4633 0.4667 0.3142 0.1560 0.1760 0.2494 0.3707 0.4857 0.4305 0.2160 0.1541 0.2031 0.3009 0.4448 0.4736 0.3285 0.1564 0.1779 0.2577 0.3899 0.4863 0.3976 0.1745 0.1631 0.2290 0.3472 0.4819 0.4386 0.2213 0.1544 0.2069 0.3112 0.4595 0.4622 0.3848 0.4622 0.4595 0.3112 0.2069 0.1544 0.2213 0.4386 0.4819 0.3472 0.2290 0.1631 0.1745 0.3976 0.4863 0.3899 0.2577 0.1779 0.1564 0.3285 0.4736 0.4448 0.3009 0.2031 0.1541 0.2160 0.4305 0.4857 0.3707 0.2494 0.1760 0.1560 0.3142 0.4667 0.4633 0.3246 0.2204 0.1616 0.1716 0.3796 0.4825 0.4241 0.2889 0.1988 0.1537 0.2155 0.4268 0.4864 0.3805 0.2580 0.1987
0.2698 0.3920 0.4866 0.4170 0.2009 0.1549 0.2037 0.2972 0.4345 0.4797 0.3657 0.1663 0.1645 0.2262 0.3336 0.4702 0.4617 0.2987 0.1546 0.1790 0.2545 0.3775 0.4863 0.4263 0.2106 0.1544 0.2037 0.3009 0.4437 0.4745 0.3339 0.1572 0.1759 0.2534 0.3827 0.4866 0.4072 0.1810 0.1606 0.2236 0.3383 0.4782 0.4461 0.2382 0.1534 0.2018 0.3025 0.4504 0.4690 0.3135 0.1708 0.3135 0.4690 0.4504 0.3025 0.2018 0.1534 0.2382 0.4461 0.4782 0.3383 0.2236 0.1606 0.1810 0.4072 0.4866 0.3827 0.2534 0.1759 0.1572 0.3339 0.4745 0.4437 0.3009 0.2037 0.1544 0.2106 0.4263 0.4863 0.3775 0.2545 0.1790 0.1546 0.2987 0.4617 0.4702 0.3336 0.2262 0.1645 0.1663 0.3657 0.4797 0.4345 0.2972 0.2037 0.1549 0.2009 0.4170 0.4866 0.3920 0.2698
0.3916 0.4868 0.4062 0.1888 0.1566 0.2088 0.3057 0.4444 0.4763 0.3509 0.1623 0.1676 0.2323 0.3430 0.4759 0.4559 0.2817 0.1536 0.1825 0.2606 0.3858 0.4867 0.4199 0.2026 0.1550 0.2054 0.3028 0.4448 0.4745 0.3357 0.1578 0.1747 0.2504 0.3773 0.4866 0.4147 0.1883 0.1585 0.2187 0.3301 0.4736 0.4526 0.2552 0.1529 0.1971 0.2941 0.4408 0.4739 0.3244 0.1542 0.1541 0.1542 0.3244 0.4739 0.4408 0.2941 0.1971 0.1529 0.2552 0.4526 0.4736 0.3301 0.2187 0.1585 0.1883 0.4147 0.4866 0.3773 0.2504 0.1747 0.1578 0.3357 0.4745 0.4448 0.3028 0.2054 0.1550 0.2026 0.4199 0.4867 0.3858 0.2606 0.1825 0.1536 0.2817 0.4559 0.4759 0.3430 0.2323 0.1676 0.1623 0.3509 0.4763 0.4444 0.3057 0.2088 0.1566 0.1888 0.4062 0.4868 0.3916
0.4857 0.3941 0.1794 0.1587 0.2141 0.3144 0.4537 0.4723 0.3352 0.1591 0.1708 0.2386 0.3526 0.4804 0.4492 0.2637 0.1530 0.1863 0.2674 0.3951 0.4865 0.4116 0.1933 0.1561 0.2083 0.3067 0.4480 0.4736 0.3339 0.1578 0.1743 0.2489 0.3740 0.4864 0.4200 0.1951 0.1570 0.2145 0.3228 0.4682 0.4581 0.2716 0.1528 0.1927 0.2861 0.4308 0.4776 0.3410 0.1575 0.1732 0.2082 0.1732 0.1575 0.3410 0.4776 0.4308 0.2861 0.1927 0.1528 0.2716 0.4581 0.4682 0.3228 0.2145 0.1570 0.1951 0.4200 0.4864 0.3740 0.2489 0.1743 0.1578 0.3339 0.4736 0.4480 0.3067 0.2083 0.1561 0.1933 0.4116 0.4865 0.3951 0.2674 0.1863 0.1530 0.2637 0.4492 0.4804 0.3526 0.2386 0.1708 0.1591 0.3352 0.4723 0.4537 0.3144 0.2141 0.1587 0.1794 0.3941 0.4857
0.3922 0.1724 0.1613 0.2197 0.3233 0.4621 0.4677 0.3187 0.1567 0.1743 0.2452 0.3624 0.4836 0.4419 0.2457 0.1528 0.1906 0.2748 0.4052 0.4857 0.4015 0.1843 0.1576 0.2121 0.3123 0.4530 0.4717 0.3285 0.1572 0.1747 0.2489 0.3729 0.4862 0.4232 0.2004 0.1561 0.2113 0.3168 0.4628 0.4627 0.2867 0.1532 0.1887 0.2787 0.4207 0.4807 0.3563 0.1602 0.1732 0.2458 0.3126 0.2458 0.1732 0.1602 0.3563 0.4807 0.4207 0.2787 0.1887 0.1532 0.2867 0.4627 0.4628 0.3168 0.2113 0.1561 0.2004 0.4232 0.4862 0.3729 0.2489 0.1747 0.1572 0.3285 0.4717 0.4530 0.3123 0.2121 0.1576 0.1843 0.4015 0.4857 0.4052 0.2748 0.1906 0.1528 0.2457 0.4419 0.4836 0.3624 0.2452 0.1743 0.1567 0.3187 0.4677 0.4621 0.3233 0.2197 0.1613 0.1724 0.3922
0.1921 0.1643 0.2255 0.3325 0.4694 0.4625 0.3016 0.1549 0.1779 0.2520 0.3725 0.4855 0.4338 0.2283 0.1532 0.1951 0.2826 0.4158 0.4841 0.3898 0.1766 0.1597 0.2167 0.3192 0.4592 0.4688 0.3196 0.1564 0.1759 0.2504 0.3740 0.4862 0.4242 0.2033 0.1555 0.2091 0.3123 0.4581 0.4663 0.2997 0.1538 0.1852 0.2721 0.4111 0.4831 0.3702 0.1635 0.1697 0.2431 0.3689 0.4583 0.3689 0.2431 0.1697 0.1635 0.3702 0.4831 0.4111 0.2721 0.1852 0.1538 0.2997 0.4663 0.4581 0.3123 0.2091 0.1555 0.2033 0.4242 0.4862 0.3740 0.2504 0.1759 0.1564 0.3196 0.4688 0.4592 0.3192 0.2167 0.1597 0.1766 0.3898 0.4841 0.4158 0.2826 0.1951 0.1532 0.2283 0.4338 0.4855 0.3725 0.2520 0.1779 0.1549 0.3016 0.4625 0.4694 0.3325 0.2255 0.1643 0.1921
0.1881 0.2319 0.3418 0.4754 0.4566 0.2838 0.1537 0.1818 0.2590 0.3828 0.4865 0.4248 0.2122 0.1539 0.1998 0.2907 0.4263 0.4819 0.3768 0.1703 0.1623 0.2218 0.3271 0.4657 0.4649 0.3077 0.1552 0.1779 0.2534 0.3773 0.4864 0.4232 0.2033 0.1553 0.2080 0.3095 0.4545 0.4687 0.3097 0.1545 0.1823 0.2662 0.4023 0.4848 0.3826 0.1676 0.1666 0.2364 0.3594 0.4833 0.4644 0.4833 0.3594 0.2364 0.1666 0.1676 0.3826 0.4848 0.4023 0.2662 0.1823 0.1545 0.3097 0.4687 0.4545 0.3095 0.2080 0.1553 0.2033 0.4232 0.4864 0.3773 0.2534 0.1779 0.1552 0.3077 0.4649 0.4657 0.3271 0.2218 0.1623 0.1703 0.3768 0.4819 0.4263 0.2907 0.1998 0.1539 0.2122 0.4248 0.4865 0.3828 0.2590 0.1818 0.1537 0.2838 0.4566 0.4754 0.3418 0.2319 0.1881
0.2465 0.3523 0.4799 0.4500 0.2658 0.1530 0.1858 0.2664 0.3933 0.4866 0.4148 0.1981 0.1552 0.2047 0.2990 0.4366 0.4790 0.3626 0.1654 0.1652 0.2275 0.3357 0.4717 0.4601 0.2933 0.1542 0.1805 0.2577 0.3827 0.4866 0.4200 0.2004 0.1555 0.2080 0.3086 0.4526 0.4702 0.3167 0.1552 0.1800 0.2614 0.3947 0.4859 0.3933 0.1724 0.1639 0.2306 0.3496 0.4826 0.4352 0.3268 0.4352 0.4826 0.3496 0.2306 0.1639 0.1724 0.3933 0.4859 0.3947 0.2614 0.1800 0.1552 0.3167 0.4702 0.4526 0.3086 0.2080 0.1555 0.2004 0.4200 0.4866 0.3827 0.2577 0.1805 0.1542 0.2933 0.4601 0.4717 0.3357 0.2275 0.1652 0.1654 0.3626 0.4790 0.4366 0.2990 0.2047 0.1552 0.1981 0.4148 0.4866 0.3933 0.2664 0.1858 0.1530 0.2658 0.4500 0.4799 0.3523 0.2465
0.3551 0.4842 0.4428 0.2477 0.1528 0.1901 0.2739 0.4039 0.4858 0.4037 0.1866 0.1570 0.2099 0.3075 0.4464 0.4755 0.3476 0.1615 0.1683 0.2336 0.3450 0.4770 0.4544 0.2771 0.1534 0.1837 0.2632 0.3899 0.4866 0.4147 0.1951 0.1561 0.2091 0.3095 0.4526 0.4707 0.3204 0.1557 0.1785 0.2578 0.3886 0.4864 0.4019 0.1778 0.1616 0.2255 0.3411 0.4794 0.4437 0.2390 0.1499 0.2390 0.4437 0.4794 0.3411 0.2255 0.1616 0.1778 0.4019 0.4864 0.3886 0.2578 0.1785 0.1557 0.3204 0.4707 0.4526 0.3095 0.2091 0.1561 0.1951 0.4147 0.4866 0.3899 0.2632 0.1837 0.1534 0.2771 0.4544 0.4770 0.3450 0.2336 0.1683 0.1615 0.3476 0.4755 0.4464 0.3075 0.2099 0.1570 0.1866 0.4037 0.4858 0.4039 0.2739 0.1901 0.1528 0.2477 0.4428 0.4842 0.3551
0.4814 0.4348 0.2303 0.1531 0.1946 0.2817 0.4146 0.4844 0.3915 0.1778 0.1592 0.2153 0.3163 0.4556 0.4714 0.3318 0.1585 0.1716 0.2400 0.3547 0.4812 0.4478 0.2598 0.1529 0.1874 0.2695 0.3985 0.4863 0.4072 0.1883 0.1570 0.2113 0.3123 0.4545 0.4702 0.3204 0.1559 0.1777 0.2557 0.3845 0.4866 0.4084 0.1831 0.1596 0.2210 0.3334 0.4754 0.4505 0.2495 0.1509 0.1660 0.1509 0.2495 0.4505 0.4754 0.3334 0.2210 0.1596 0.1831 0.4084 0.4866 0.3845 0.2557 0.1777 0.1559 0.3204 0.4702 0.4545 0.3123 0.2113 0.1570 0.1883 0.4072 0.4863 0.3985 0.2695 0.1874 0.1529 0.2598 0.4478 0.4812 0.3547 0.2400 0.1716 0.1585 0.3318 0.4714 0.4556 0.3163 0.2153 0.1592 0.1778 0.3915 0.4844 0.4146 0.2817 0.1946 0.1531 0.2303 0.4348 0.4814
0.4344 0.2140 0.1538 0.1992 0.2897 0.4251 0.4822 0.3783 0.1710 0.1619 0.2209 0.3253 0.4637 0.4666 0.3152 0.1563 0.1750 0.2466 0.3645 0.4841 0.4403 0.2420 0.1529 0.1915 0.2766 0.4079 0.4853 0.3976 0.1810 0.1585 0.2145 0.3168 0.4581 0.4687 0.3167 0.1557 0.1777 0.2550 0.3824 0.4867 0.4128 0.1878 0.1583 0.2174 0.3269 0.4709 0.4559 0.2654 0.1529 0.1904 0.2339 0.1904 0.1529 0.2654 0.4559 0.4709 0.3269 0.2174 0.1583 0.1878 0.4128 0.4867 0.3824 0.2550 0.1777 0.1557 0.3167 0.4687 0.4581 0.3168 0.2145 0.1585 0.1810 0.3976 0.4853 0.4079 0.2766 0.1915 0.1529 0.2420 0.4403 0.4841 0.3645 0.2466 0.1750 0.1563 0.3152 0.4666 0.4637 0.3253 0.2209 0.1619 0.1710 0.3783 0.4822 0.4251 0.2897 0.1992 0.1538 0.2140 0.4344
0.2225 0.1552 0.2041 0.2980 0.4355 0.4794 0.3643 0.1659 0.1648 0.2268 0.3345 0.4707 0.4613 0.2979 0.1546 0.1787 0.2535 0.3747 0.4858 0.4320 0.2248 0.1533 0.1961 0.2843 0.4181 0.4837 0.3864 0.1745 0.1606 0.2187 0.3228 0.4628 0.4663 0.3097 0.1552 0.1785 0.2557 0.3824 0.4867 0.4150 0.1911 0.1574 0.2148 0.3219 0.4666 0.4602 0.2793 0.1530 0.1905 0.2785 0.3562 0.2785 0.1905 0.1530 0.2793 0.4602 0.4666 0.3219 0.2148 0.1574 0.1911 0.4150 0.4867 0.3824 0.2557 0.1785 0.1552 0.3097 0.4663 0.4628 0.3228 0.2187 0.1606 0.1745 0.3864 0.4837 0.4181 0.2843 0.1961 0.1533 0.2248 0.4320 0.4858 0.3747 0.2535 0.1787 0.1546 0.2979 0.4613 0.4707 0.3345 0.2268 0.1648 0.1659 0.3643 0.4794 0.4355 0.2980 0.2041 0.1552 0.2225
0.1807 0.2096 0.3065 0.4454 0.4759 0.3494 0.1619 0.1679 0.2329 0.3439 0.4764 0.4553 0.2800 0.1535 0.1826 0.2606 0.3850 0.4866 0.4228 0.2090 0.1542 0.2008 0.2924 0.4285 0.4814 0.3737 0.1690 0.1631 0.2236 0.3301 0.4682 0.4627 0.2997 0.1545 0.1800 0.2578 0.3845 0.4867 0.4150 0.1923 0.1570 0.2132 0.3184 0.4631 0.4633 0.2907 0.1534 0.1870 0.2755 0.4158 0.4803 0.4158 0.2755 0.1870 0.1534 0.2907 0.4633 0.4631 0.3184 0.2132 0.1570 0.1923 0.4150 0.4867 0.3845 0.2578 0.1800 0.1545 0.2997 0.4627 0.4682 0.3301 0.2236 0.1631 0.1690 0.3737 0.4814 0.4285 0.2924 0.2008 0.1542 0.2090 0.4228 0.4866 0.3850 0.2606 0.1826 0.1535 0.2800 0.4553 0.4764 0.3439 0.2329 0.1679 0.1619 0.3494 0.4759 0.4454 0.3065 0.2096 0.1807
0.2266 0.3159 0.4545 0.4719 0.3336 0.1588 0.1712 0.2392 0.3536 0.4808 0.4486 0.2619 0.1529 0.1867 0.2679 0.3955 0.4865 0.4126 0.1955 0.1555 0.2058 0.3008 0.4387 0.4783 0.3595 0.1644 0.1659 0.2290 0.3383 0.4736 0.4581 0.2867 0.1538 0.1823 0.2614 0.3886 0.4866 0.4128 0.1911 0.1570 0.2126 0.3167 0.4608 0.4653 0.2989 0.1538 0.1844 0.2698 0.4075 0.4819 0.4373 0.4819 0.4075 0.2698 0.1844 0.1538 0.2989 0.4653 0.4608 0.3167 0.2126 0.1570 0.1911 0.4128 0.4866 0.3886 0.2614 0.1823 0.1538 0.2867 0.4581 0.4736 0.3383 0.2290 0.1659 0.1644 0.3595 0.4783 0.4387 0.3008 0.2058 0.1555 0.1955 0.4126 0.4865 0.3955 0.2679 0.1867 0.1529 0.2619 0.4486 0.4808 0.3536 0.2392 0.1712 0.1588 0.3336 0.4719 0.4545 0.3159 0.2266
0.3220 0.4640 0.4672 0.3171 0.1565 0.1746 0.2458 0.3634 0.4838 0.4411 0.2440 0.1528 0.1910 0.2755 0.4062 0.4856 0.4012 0.1846 0.1574 0.2110 0.3093 0.4484 0.4747 0.3444 0.1608 0.1689 0.2350 0.3472 0.4782 0.4526 0.2716 0.1532 0.1852 0.2662 0.3947 0.4864 0.4084 0.1878 0.1574 0.2132 0.3167 0.4600 0.4663 0.3038 0.1542 0.1825 0.2656 0.4004 0.4850 0.3891 0.2467 0.3891 0.4850 0.4004 0.2656 0.1825 0.1542 0.3038 0.4663 0.4600 0.3167 0.2132 0.1574 0.1878 0.4084 0.4864 0.3947 0.2662 0.1852 0.1532 0.2716 0.4526 0.4782 0.3472 0.2350 0.1689 0.1608 0.3444 0.4747 0.4484 0.3093 0.2110 0.1574 0.1846 0.4012 0.4856 0.4062 0.2755 0.1910 0.1528 0.2440 0.4411 0.4838 0.3634 0.2458 0.1746 0.1565 0.3171 0.4672 0.4640 0.3220
0.4600 0.4622 0.2999 0.1548 0.1783 0.2527 0.3735 0.4857 0.4329 0.2267 0.1532 0.1955 0.2834 0.4168 0.4840 0.3888 0.1762 0.1598 0.2165 0.3182 0.4574 0.4704 0.3284 0.1580 0.1723 0.2413 0.3567 0.4819 0.4461 0.2552 0.1528 0.1887 0.2721 0.4023 0.4859 0.4019 0.1831 0.1583 0.2148 0.3184 0.4608 0.4663 0.3055 0.1545 0.1814 0.2629 0.3955 0.4860 0.3948 0.1748 0.1464 0.1748 0.3948 0.4860 0.3955 0.2629 0.1814 0.1545 0.3055 0.4663 0.4608 0.3184 0.2148 0.1583 0.1831 0.4019 0.4859 0.4023 0.2721 0.1887 0.1528 0.2552 0.4461 0.4819 0.3567 0.2413 0.1723 0.1580 0.3284 0.4704 0.4574 0.3182 0.2165 0.1598 0.1762 0.3888 0.4840 0.4168 0.2834 0.1955 0.1532 0.2267 0.4329 0.4857 0.3735 0.2527 0.1783 0.1548 0.2999 0.4622 0.4600
0.4624 0.2821 0.1536 0.1822 0.2598 0.3838 0.4866 0.4239 0.2107 0.1540 0.2003 0.2915 0.4273 0.4817 0.3754 0.1698 0.1625 0.2221 0.3272 0.4653 0.4656 0.3116 0.1559 0.1758 0.2480 0.3667 0.4845 0.4386 0.2382 0.1529 0.1927 0.2787 0.4111 0.4848 0.3933 0.1778 0.1596 0.2174 0.3219 0.4631 0.4653 0.3038 0.1545 0.1810 0.2615 0.3925 0.4863 0.4008 0.1779 0.1584 0.1848 0.1584 0.1779 0.4008 0.4863 0.3925 0.2615 0.1810 0.1545 0.3038 0.4653 0.4631 0.3219 0.2174 0.1596 0.1778 0.3933 0.4848 0.4111 0.2787 0.1927 0.1529 0.2382 0.4386 0.4845 0.3667 0.2480 0.1758 0.1559 0.3116 0.4656 0.4653 0.3272 0.2221 0.1625 0.1698 0.3754 0.4817 0.4273 0.2915 0.2003 0.1540 0.2107 0.4239 0.4866 0.3838 0.2598 0.1822 0.1536 0.2821 0.4624
0.2820 0.1531 0.1862 0.2671 0.3943 0.4866 0.4138 0.1969 0.1554 0.2052 0.2998 0.4376 0.4787 0.3612 0.1650 0.1654 0.2280 0.3365 0.4721 0.4601 0.2941 0.1544 0.1795 0.2549 0.3768 0.4861 0.4301 0.2213 0.1534 0.1971 0.2861 0.4207 0.4831 0.3826 0.1724 0.1616 0.2210 0.3269 0.4666 0.4633 0.2989 0.1542 0.1814 0.2615 0.3914 0.4864 0.4042 0.1811 0.1601 0.2173 0.2721 0.2173 0.1601 0.1811 0.4042 0.4864 0.3914 0.2615 0.1814 0.1542 0.2989 0.4633 0.4666 0.3269 0.2210 0.1616 0.1724 0.3826 0.4831 0.4207 0.2861 0.1971 0.1534 0.2213 0.4301 0.4861 0.3768 0.2549 0.1795 0.1544 0.2941 0.4601 0.4721 0.3365 0.2280 0.1654 0.1650 0.3612 0.4787 0.4376 0.2998 0.2052 0.1554 0.1969 0.4138 0.4866 0.3943 0.2671 0.1862 0.1531 0.2820
0.1784 0.1907 0.2746 0.4050 0.4857 0.4025 0.1856 0.1572 0.2104 0.3084 0.4474 0.4751 0.3461 0.1612 0.1686 0.2342 0.3459 0.4775 0.4539 0.2762 0.1534 0.1835 0.2621 0.3872 0.4867 0.4207 0.2060 0.1544 0.2018 0.2941 0.4308 0.4807 0.3702 0.1676 0.1639 0.2255 0.3334 0.4709 0.4602 0.2907 0.1538 0.1825 0.2629 0.3925 0.4864 0.4054 0.1828 0.1592 0.2192 0.3269 0.4158 0.3269 0.2192 0.1592 0.1828 0.4054 0.4864 0.3925 0.2629 0.1825 0.1538 0.2907 0.4602 0.4709 0.3334 0.2255 0.1639 0.1676 0.3702 0.4807 0.4308 0.2941 0.2018 0.1544 0.2060 0.4207 0.4867 0.3872 0.2621 0.1835 0.1534 0.2762 0.4539 0.4775 0.3459 0.2342 0.1686 0.1612 0.3461 0.4751 0.4474 0.3084 0.2104 0.1572 0.1856 0.4025 0.4857 0.4050 0.2746 0.1907 0.1784
0.2102 0.2830 0.4155 0.4842 0.3902 0.1770 0.1595 0.2158 0.3171 0.4564 0.4710 0.3302 0.1583 0.1719 0.2406 0.3556 0.4815 0.4470 0.2581 0.1529 0.1876 0.2695 0.3978 0.4864 0.4102 0.1929 0.1559 0.2069 0.3025 0.4408 0.4776 0.3563 0.1635 0.1666 0.2306 0.3411 0.4754 0.4559 0.2793 0.1534 0.1844 0.2656 0.3955 0.4863 0.4042 0.1828 0.1589 0.2177 0.3259 0.4682 0.4784 0.4682 0.3259 0.2177 0.1589 0.1828 0.4042 0.4863 0.3955 0.2656 0.1844 0.1534 0.2793 0.4559 0.4754 0.3411 0.2306 0.1666 0.1635 0.3563 0.4776 0.4408 0.3025 0.2069 0.1559 0.1929 0.4102 0.4864 0.3978 0.2695 0.1876 0.1529 0.2581 0.4470 0.4815 0.3556 0.2406 0.1719 0.1583 0.3302 0.4710 0.4564 0.3171 0.2158 0.1595 0.1770 0.3902 0.4842 0.4155 0.2830 0.2102
0.2923 0.4274 0.4819 0.3769 0.1705 0.1622 0.2215 0.3262 0.4645 0.4661 0.3134 0.1561 0.1754 0.2473 0.3656 0.4843 0.4395 0.2402 0.1529 0.1920 0.2772 0.4084 0.4853 0.3986 0.1826 0.1579 0.2122 0.3112 0.4504 0.4739 0.3410 0.1602 0.1697 0.2364 0.3496 0.4794 0.4505 0.2654 0.1530 0.1870 0.2698 0.4004 0.4860 0.4008 0.1811 0.1592 0.2177 0.3245 0.4674 0.4588 0.3780 0.4588 0.4674 0.3245 0.2177 0.1592 0.1811 0.4008 0.4860 0.4004 0.2698 0.1870 0.1530 0.2654 0.4505 0.4794 0.3496 0.2364 0.1697 0.1602 0.3410 0.4739 0.4504 0.3112 0.2122 0.1579 0.1826 0.3986 0.4853 0.4084 0.2772 0.1920 0.1529 0.2402 0.4395 0.4843 0.3656 0.2473 0.1754 0.1561 0.3134 0.4661 0.4645 0.3262 0.2215 0.1622 0.1705 0.3769 0.4819 0.4274 0.2923
0.4248 0.4792 0.3623 0.1654 0.1653 0.2277 0.3359 0.4716 0.4603 0.2956 0.1546 0.1794 0.2546 0.3762 0.4858 0.4306 0.2227 0.1535 0.1968 0.2855 0.4195 0.4832 0.3856 0.1746 0.1605 0.2180 0.3205 0.4595 0.4690 0.3244 0.1575 0.1732 0.2431 0.3594 0.4826 0.4437 0.2495 0.1529 0.1905 0.2755 0.4075 0.4850 0.3948 0.1779 0.1601 0.2192 0.3259 0.4674 0.4607 0.2932 0.1638 0.2932 0.4607 0.4674 0.3259 0.2192 0.1601 0.1779 0.3948 0.4850 0.4075 0.2755 0.1905 0.1529 0.2495 0.4437 0.4826 0.3594 0.2431 0.1732 0.1575 0.3244 0.4690 0.4595 0.3205 0.2180 0.1605 0.1746 0.3856 0.4832 0.4195 0.2855 0.1968 0.1535 0.2227 0.4306 0.4858 0.3762 0.2546 0.1794 0.1546 0.2956 0.4603 0.4716 0.3359 0.2277 0.1653 0.1654 0.3623 0.4792 0.4248
0.4772 0.3523 0.1610 0.1650 0.2297 0.3442 0.4759 0.4526 0.2840 0.1518 0.1795 0.2578 0.3865 0.4847 0.4212 0.2118 0.1519 0.1975 0.2906 0.4300 0.4788 0.3755 0.1689 0.1601 0.2195 0.3278 0.4664 0.4622 0.3135 0.1542 0.1732 0.2458 0.3689 0.4833 0.4352 0.2390 0.1509 0.1904 0.2785 0.4158 0.4819 0.3891 0.1748 0.1584 0.2173 0.3269 0.4682 0.4588 0.2932 0.1504 0.1549 0.1504 0.2932 0.4588 0.4682 0.3269 0.2173 0.1584 0.1748 0.3891 0.4819 0.4158 0.2785 0.1904 0.1509 0.2390 0.4352 0.4833 0.3689 0.2458 0.1732 0.1542 0.3135 0.4622 0.4664 0.3278 0.2195 0.1601 0.1689 0.3755 0.4788 0.4300 0.2906 0.1975 0.1519 0.2118 0.4212 0.4847 0.3865 0.2578 0.1795 0.1518 0.2840 0.4526 0.4759 0.3442 0.2297 0.1650 0.1610 0.3523 0.4772
0.4178 0.1981 0.1492 0.1957 0.2903 0.4358 0.4739 0.3631 0.1594 0.1585 0.2178 0.3290 0.4698 0.4558 0.2996 0.1468 0.1714 0.2444 0.3722 0.4821 0.4271 0.2268 0.1470 0.1878 0.2760 0.4179 0.4785 0.3848 0.1708 0.1541 0.2082 0.3126 0.4583 0.4644 0.3268 0.1499 0.1660 0.2339 0.3562 0.4803 0.4373 0.2467 0.1464 0.1848 0.2721 0.4158 0.4784 0.3780 0.1638 0.1549 0.1784 0.1549 0.1638 0.3780 0.4784 0.4158 0.2721 0.1848 0.1464 0.2467 0.4373 0.4803 0.3562 0.2339 0.1660 0.1499 0.3268 0.4644 0.4583 0.3126 0.2082 0.1541 0.1708 0.3848 0.4785 0.4179 0.2760 0.1878 0.1470 0.2268 0.4271 0.4821 0.3722 0.2444 0.1714 0.1468 0.2996 0.4558 0.4698 0.3290 0.2178 0.1585 0.1594 0.3631 0.4739 0.4358 0.2903 0.1957 0.1492 0.1981 0.4178
0.4772 0.3523 0.1610 0.1650 0.2297 0.3442 0.4759 0.4526 0.2840 0.1518 0.1795 0.2578 0.3865 0.4847 0.4212 0.2118 0.1519 0.1975 0.2906 0.4300 0.4788 0.3755 0.1689 0.1601 0.2195 0.3278 0.4664 0.4622 0.3135 0.1542 0.1732 0.2458 0.3689 0.4833 0.4352 0.2390 0.1509 0.1904 0.2785 0.4158 0.4819 0.3891 0.1748 0.1584 0.2173 0.3269 0.4682 0.4588 0.2932 0.1504 0.1549 0.1504 0.2932 0.4588 0.4682 0.3269 0.2173 0.1584 0.1748 0.3891 0.4819 0.4158 0.2785 0.1904 0.1509 0.2390 0.4352 0.4833 0.3689 0.2458 0.1732 0.1542 0.3135 0.4622 0.4664 0.3278 0.2195 0.1601 0.1689 0.3755 0.4788 0.4300 0.2906 0.1975 0.1519 0.2118 0.4212 0.4847 0.3865 0.2578 0.1795 0.1518 0.2840 0.4526 0.4759 0.3442 0.2297 0.1650 0.1610 0.3523 0.4772
0.4248 0.4792 0.3623 0.1654 0.1653 0.2277 0.3359 0.4716 0.4603 0.2956 0.1546 0.1794 0.2546 0.3762 0.4858 0.4306 0.2227 0.1535 0.1968 0.2855 0.4195 0.4832 0.3856 0.1746 0.1605 0.2180 0.3205 0.4595 0.4690 0.3244 0.1575 0.1732 0.2431 0.3594 0.4826 0.4437 0.2495 0.1529 0.1905 0.2755 0.4075 0.4850 0.3948 0.1779 0.1601 0.2192 0.3259 0.4674 0.4607 0.2932 0.1638 0.2932 0.4607 0.4674 0.3259 0.2192 0.1601 0.1779 0.3948 0.4850 0.4075 0.2755 0.1905 0.1529 0.2495 0.4437 0.4826 0.3594 0.2431 0.1732 0.1575 0.3244 0.4690 0.4595 0.3205 0.2180 0.1605 0.1746 0.3856 0.4832 0.4195 0.2855 0.1968 0.1535 0.2227 0.4306 0.4858 0.3762 0.2546 0.1794 0.1546 0.2956 0.4603 0.4716 0.3359 0.2277 0.1653 0.1654 0.3623 0.4792 0.4248
0.2923 0.4274 0.4819 0.3769 0.1705 0.1622 0.2215 0.3262 0.4645 0.4661 0.3134 0.1561 0.1754 0.2473 0.3656 0.4843 0.4395 0.2402 0.1529 0.1920 0.2772 0.4084 0.4853 0.3986 0.1826 0.1579 0.2122 0.3112 0.4504 0.4739 0.3410 0.1602 0.1697 0.2364 0.3496 0.4794 0.4505 0.2654 0.1530 0.1870 0.2698 0.4004 0.4860 0.4008 0.1811 0.1592 0.2177 0.3245 0.4674 0.4588 0.3780 0.4588 0.4674 0.3245 0.2177 0.1592 0.1811 0.4008 0.4860 0.4004 0.2698 0.1870 0.1530 0.2654 0.4505 0.4794 0.3496 0.2364 0.1697 0.1602 0.3410 0.4739 0.4504 0.3112 0.2122 0.1579 0.1826 0.3986 0.4853 0.4084 0.2772 0.1920 0.1529 0.2402 0.4395 0.4843 0.3656 0.2473 0.1754 0.1561 0.3134 0.4661 0.4645 0.3262 0.2215 0.1622 0.1705 0.3769 0.4819 0.4274 0.2923
0.2102 0.2830 0.4155 0.4842 0.3902 0.1770 0.1595 0.2158 0.3171 0.4564 0.4710 0.3302 0.1583 0.1719 0.2406 0.3556 0.4815 0.4470 0.2581 0.1529 0.1876 0.2695 0.3978 0.4864 0.4102 0.1929 0.1559 0.2069 0.3025 0.4408 0.4776 0.3563 0.1635 0.1666 0.2306 0.3411 0.4754 0.4559 0.2793 0.1534 0.1844 0.2656 0.3955 0.4863 0.4042 0.1828 0.1589 0.2177 0.3259 0.4682 0.4784 0.4682 0.3259 0.2177 0.1589 0.1828 0.4042 0.4863 0.3955 0.2656 0.1844 0.1534 0.2793 0.4559 0.4754 0.3411 0.2306 0.1666 0.1635 0.3563 0.4776 0.4408 0.3025 0.2069 0.1559 0.1929 0.4102 0.4864 0.3978 0.2695 0.1876 0.1529 0.2581 0.4470 0.4815 0.3556 0.2406 0.1719 0.1583 0.3302 0.4710 0.4564 0.3171 0.2158 0.1595 0.1770 0.3902 0.4842 0.4155 0.2830 0.2102
0.1784 0.1907 0.2746 0.4050 0.4857 0.4025 0.1856 0.1572 0.2104 0.3084 0.4474 0.4751 0.3461 0.1612 0.1686 0.2342 0.3459 0.4775 0.4539 0.2762 0.1534 0.1835 0.2621 0.3872 0.4867 0.4207 0.2060 0.1544 0.2018 0.2941 0.4308 0.4807 0.3702 0.1676 0.1639 0.2255 0.3334 0.4709 0.4602 0.2907 0.1538 0.1825 0.2629 0.3925 0.4864 0.4054 0.1828 0.1592 0.2192 0.3269 0.4158 0.3269 0.2192 0.1592 0.1828 0.4054 0.4864 0.3925 0.2629 0.1825 0.1538 0.2907 0.4602 0.4709 0.3334 0.2255 0.1639 0.1676 0.3702 0.4807 0.4308 0.2941 0.2018 0.1544 0.2060 0.4207 0.4867 0.3872 0.2621 0.1835 0.1534 0.2762 0.4539 0.4775 0.3459 0.2342 0.1686 0.1612 0.3461 0.4751 0.4474 0.3084 0.2104 0.1572 0.1856 0.4025 0.4857 0.4050 0.2746 0.1907 0.1784
