0.2149 -0.1380 -0.2554 -0.2885 -0.2624 0.0289 0.2037 -0.0760 -0.2409 -0.2852 -0.2735 -0.0353 0.1525 0.0616 -0.2161 -0.2775 -0.2824 -0.1383 0.1059 0.2071 -0.1763 -0.2667 -0.2879 -0.2280 0.0664 0.2276 -0.1315 -0.2535 -0.2885 -0.2653 0.0210 0.1981 -0.0620 -0.2385 -0.2842 -0.2749 -0.0485 0.1442 0.0905 -0.2100 -0.2760 -0.2835 -0.1549 0.0999 0.2166 -0.1701 -0.2648 -0.2883 -0.2359 0.0581 0.1481 0.0581 -0.2359 -0.2883 -0.2648 -0.1701 0.2166 0.0999 -0.1549 -0.2835 -0.2760 -0.2100 0.0905 0.1442 -0.0485 -0.2749 -0.2842 -0.2385 -0.0620 0.1981 0.0210 -0.2653 -0.2885 -0.2535 -0.1315 0.2276 0.0664 -0.2280 -0.2879 -0.2667 -0.1763 0.2071 0.1059 -0.1383 -0.2824 -0.2775 -0.2161 0.0616 0.1525 -0.0353 -0.2735 -0.2852 -0.2409 -0.0760 0.2037 0.0289 -0.2624 -0.2885 -0.2554 -0.1380 0.2149
-0.1380 -0.3100 -0.3321 -0.2839 0.0358 0.2030 -0.0593 -0.2956 -0.3325 -0.3040 -0.0253 0.1450 0.1190 -0.2543 -0.3272 -0.3190 -0.1330 0.1047 0.2355 -0.1936 -0.3184 -0.3292 -0.2397 0.0696 0.2333 -0.1332 -0.3068 -0.3334 -0.2890 0.0279 0.1966 -0.0395 -0.2934 -0.3320 -0.3065 -0.0384 0.1378 0.1476 -0.2443 -0.3261 -0.3209 -0.1519 0.0994 0.2401 -0.1850 -0.3167 -0.3302 -0.2506 0.0644 0.2155 0.1245 0.2155 0.0644 -0.2506 -0.3302 -0.3167 -0.1850 0.2401 0.0994 -0.1519 -0.3209 -0.3261 -0.2443 0.1476 0.1378 -0.0384 -0.3065 -0.3320 -0.2934 -0.0395 0.1966 0.0279 -0.2890 -0.3334 -0.3068 -0.1332 0.2333 0.0696 -0.2397 -0.3292 -0.3184 -0.1936 0.2355 0.1047 -0.1330 -0.3190 -0.3272 -0.2543 0.1190 0.1450 -0.0253 -0.3040 -0.3325 -0.2956 -0.0593 0.2030 0.0358 -0.2839 -0.3321 -0.3100 -0.1380
-0.2554 -0.3321 -0.2868 0.0266 0.1948 -0.0294 -0.2919 -0.3312 -0.3075 -0.0491 0.1322 0.1655 -0.2377 -0.3249 -0.3218 -0.1661 0.0943 0.2420 -0.1790 -0.3153 -0.3305 -0.2577 0.0586 0.2252 -0.1147 -0.3032 -0.3332 -0.2942 0.0130 0.1814 0.0006 -0.2895 -0.3306 -0.3101 -0.0649 0.1256 0.1875 -0.2284 -0.3237 -0.3235 -0.1837 0.0890 0.2429 -0.1701 -0.3136 -0.3313 -0.2662 0.0528 0.2202 -0.0946 -0.2576 -0.0946 0.2202 0.0528 -0.2662 -0.3313 -0.3136 -0.1701 0.2429 0.0890 -0.1837 -0.3235 -0.3237 -0.2284 0.1875 0.1256 -0.0649 -0.3101 -0.3306 -0.2895 0.0006 0.1814 0.0130 -0.2942 -0.3332 -0.3032 -0.1147 0.2252 0.0586 -0.2577 -0.3305 -0.3153 -0.1790 0.2420 0.0943 -0.1661 -0.3218 -0.3249 -0.2377 0.1655 0.1322 -0.0491 -0.3075 -0.3312 -0.2919 -0.0294 0.1948 0.0266 -0.2868 -0.3321 -0.2554
-0.2885 -0.2839 0.0266 0.1915 -0.0073 -0.2892 -0.3301 -0.3109 -0.0739 0.1219 0.1995 -0.2222 -0.3228 -0.3246 -0.1951 0.0855 0.2425 -0.1640 -0.3124 -0.3318 -0.2714 0.0485 0.2159 -0.0934 -0.2999 -0.3330 -0.2984 -0.0025 0.1636 0.0496 -0.2780 -0.3292 -0.3140 -0.0933 0.1156 0.2150 -0.2131 -0.3214 -0.3261 -0.2107 0.0802 0.2408 -0.1548 -0.3106 -0.3323 -0.2779 0.0421 0.2101 -0.0798 -0.2984 -0.3299 -0.2984 -0.0798 0.2101 0.0421 -0.2779 -0.3323 -0.3106 -0.1548 0.2408 0.0802 -0.2107 -0.3261 -0.3214 -0.2131 0.2150 0.1156 -0.0933 -0.3140 -0.3292 -0.2780 0.0496 0.1636 -0.0025 -0.2984 -0.3330 -0.2999 -0.0934 0.2159 0.0485 -0.2714 -0.3318 -0.3124 -0.1640 0.2425 0.0855 -0.1951 -0.3246 -0.3228 -0.2222 0.1995 0.1219 -0.0739 -0.3109 -0.3301 -0.2892 -0.0073 0.1915 0.0266 -0.2839 -0.2885
-0.2624 0.0358 0.1948 -0.0073 -0.2882 -0.3293 -0.3133 -0.0973 0.1134 0.2212 -0.2078 -0.3204 -0.3270 -0.2205 0.0765 0.2390 -0.1483 -0.3094 -0.3326 -0.2818 0.0375 0.2059 -0.0678 -0.2964 -0.3325 -0.3024 -0.0207 0.1485 0.1032 -0.2598 -0.3275 -0.3176 -0.1245 0.1061 0.2321 -0.1983 -0.3189 -0.3283 -0.2338 0.0711 0.2355 -0.1386 -0.3075 -0.3330 -0.2866 0.0305 0.1998 -0.0500 -0.2944 -0.3399 -0.3528 -0.3399 -0.2944 -0.0500 0.1998 0.0305 -0.2866 -0.3330 -0.3075 -0.1386 0.2355 0.0711 -0.2338 -0.3283 -0.3189 -0.1983 0.2321 0.1061 -0.1245 -0.3176 -0.3275 -0.2598 0.1032 0.1485 -0.0207 -0.3024 -0.3325 -0.2964 -0.0678 0.2059 0.0375 -0.2818 -0.3326 -0.3094 -0.1483 0.2390 0.0765 -0.2205 -0.3270 -0.3204 -0.2078 0.2212 0.1134 -0.0973 -0.3133 -0.3293 -0.2882 -0.0073 0.1948 0.0358 -0.2624
0.0289 0.2030 -0.0294 -0.2892 -0.3293 -0.3142 -0.1119 0.1075 0.2327 -0.1955 -0.3181 -0.3288 -0.2411 0.0675 0.2327 -0.1315 -0.3062 -0.3331 -0.2894 0.0253 0.1951 -0.0359 -0.2928 -0.3316 -0.3065 -0.0421 0.1357 0.1522 -0.2428 -0.3256 -0.3209 -0.1563 0.0971 0.2407 -0.1836 -0.3162 -0.3301 -0.2526 0.0617 0.2279 -0.1207 -0.3043 -0.3332 -0.2927 0.0174 0.1860 -0.0129 -0.2906 -0.3309 -0.3227 -0.2366 -0.3227 -0.3309 -0.2906 -0.0129 0.1860 0.0174 -0.2927 -0.3332 -0.3043 -0.1207 0.2279 0.0617 -0.2526 -0.3301 -0.3162 -0.1836 0.2407 0.0971 -0.1563 -0.3209 -0.3256 -0.2428 0.1522 0.1357 -0.0421 -0.3065 -0.3316 -0.2928 -0.0359 0.1951 0.0253 -0.2894 -0.3331 -0.3062 -0.1315 0.2327 0.0675 -0.2411 -0.3288 -0.3181 -0.1955 0.2327 0.1075 -0.1119 -0.3142 -0.3293 -0.2892 -0.0294 0.2030 0.0289
0.2037 -0.0593 -0.2919 -0.3301 -0.3133 -0.1119 0.1054 0.2371 -0.1869 -0.3161 -0.3300 -0.2564 0.0588 0.2249 -0.1133 -0.3030 -0.3332 -0.2947 0.0116 0.1796 0.0049 -0.2884 -0.3304 -0.3105 -0.0674 0.1246 0.1906 -0.2269 -0.3235 -0.3238 -0.1864 0.0882 0.2429 -0.1687 -0.3133 -0.3314 -0.2675 0.0517 0.2189 -0.1004 -0.3009 -0.3331 -0.2972 0.0026 0.1688 0.0336 -0.2815 -0.3296 -0.3123 -0.0787 0.0604 -0.0787 -0.3123 -0.3296 -0.2815 0.0336 0.1688 0.0026 -0.2972 -0.3331 -0.3009 -0.1004 0.2189 0.0517 -0.2675 -0.3314 -0.3133 -0.1687 0.2429 0.0882 -0.1864 -0.3238 -0.3235 -0.2269 0.1906 0.1246 -0.0674 -0.3105 -0.3304 -0.2884 0.0049 0.1796 0.0116 -0.2947 -0.3332 -0.3030 -0.1133 0.2249 0.0588 -0.2564 -0.3300 -0.3161 -0.1869 0.2371 0.1054 -0.1119 -0.3133 -0.3301 -0.2919 -0.0593 0.2037
-0.0760 -0.2956 -0.3312 -0.3109 -0.0973 0.1075 0.2371 -0.1838 -0.3150 -0.3307 -0.2665 0.0510 0.2171 -0.0944 -0.2998 -0.3330 -0.2986 -0.0040 0.1620 0.0548 -0.2762 -0.3290 -0.3143 -0.0963 0.1146 0.2172 -0.2116 -0.3211 -0.3263 -0.2132 0.0793 0.2404 -0.1533 -0.3103 -0.3324 -0.2789 0.0410 0.2091 -0.0763 -0.2975 -0.3327 -0.3011 -0.0147 0.1529 0.0867 -0.2653 -0.3280 -0.3163 -0.1127 0.1046 0.2013 0.1046 -0.1127 -0.3163 -0.3280 -0.2653 0.0867 0.1529 -0.0147 -0.3011 -0.3327 -0.2975 -0.0763 0.2091 0.0410 -0.2789 -0.3324 -0.3103 -0.1533 0.2404 0.0793 -0.2132 -0.3263 -0.3211 -0.2116 0.2172 0.1146 -0.0963 -0.3143 -0.3290 -0.2762 0.0548 0.1620 -0.0040 -0.2986 -0.3330 -0.2998 -0.0944 0.2171 0.0510 -0.2665 -0.3307 -0.3150 -0.1838 0.2371 0.1075 -0.0973 -0.3109 -0.3312 -0.2956 -0.0760
-0.2409 -0.3325 -0.3075 -0.0739 0.1134 0.2327 -0.1869 -0.3150 -0.3309 -0.2713 0.0452 0.2106 -0.0759 -0.2969 -0.3324 -0.3023 -0.0215 0.1475 0.1076 -0.2582 -0.3273 -0.3179 -0.1277 0.1052 0.2333 -0.1968 -0.3186 -0.3285 -0.2359 0.0702 0.2348 -0.1369 -0.3072 -0.3330 -0.2873 0.0292 0.1988 -0.0466 -0.2939 -0.3319 -0.3052 -0.0351 0.1394 0.1380 -0.2479 -0.3262 -0.3199 -0.1465 0.0999 0.2423 -0.0633 0.2423 0.0999 -0.1465 -0.3199 -0.3262 -0.2479 0.1380 0.1394 -0.0351 -0.3052 -0.3319 -0.2939 -0.0466 0.1988 0.0292 -0.2873 -0.3330 -0.3072 -0.1369 0.2348 0.0702 -0.2359 -0.3285 -0.3186 -0.1968 0.2333 0.1052 -0.1277 -0.3179 -0.3273 -0.2582 0.1076 0.1475 -0.0215 -0.3023 -0.3324 -0.2969 -0.0759 0.2106 0.0452 -0.2713 -0.3309 -0.3150 -0.1869 0.2327 0.1134 -0.0739 -0.3075 -0.3325 -0.2409
-0.2852 -0.3040 -0.0491 0.1219 0.2212 -0.1955 -0.3161 -0.3307 -0.2713 0.0432 0.2069 -0.0614 -0.2947 -0.3318 -0.3055 -0.0400 0.1361 0.1532 -0.2419 -0.3254 -0.3211 -0.1594 0.0962 0.2411 -0.1821 -0.3159 -0.3302 -0.2543 0.0608 0.2271 -0.1188 -0.3040 -0.3332 -0.2932 0.0161 0.1845 -0.0087 -0.2903 -0.3308 -0.3092 -0.0591 0.1279 0.1800 -0.2317 -0.3242 -0.3229 -0.1774 0.0910 0.2426 -0.1691 -0.2924 -0.1691 0.2426 0.0910 -0.1774 -0.3229 -0.3242 -0.2317 0.1800 0.1279 -0.0591 -0.3092 -0.3308 -0.2903 -0.0087 0.1845 0.0161 -0.2932 -0.3332 -0.3040 -0.1188 0.2271 0.0608 -0.2543 -0.3302 -0.3159 -0.1821 0.2411 0.0962 -0.1594 -0.3211 -0.3254 -0.2419 0.1532 0.1361 -0.0400 -0.3055 -0.3318 -0.2947 -0.0614 0.2069 0.0432 -0.2713 -0.3307 -0.3161 -0.1955 0.2212 0.1219 -0.0491 -0.3040 -0.2852
-0.2735 -0.0253 0.1322 0.1995 -0.2078 -0.3181 -0.3300 -0.2665 0.0452 0.2069 -0.0558 -0.2934 -0.3312 -0.3078 -0.0572 0.1272 0.1862 -0.2276 -0.3234 -0.3239 -0.1887 0.0874 0.2428 -0.1672 -0.3130 -0.3315 -0.2688 0.0507 0.2180 -0.0982 -0.3006 -0.3331 -0.2975 0.0010 0.1671 0.0386 -0.2804 -0.3295 -0.3132 -0.0870 0.1176 0.2102 -0.2163 -0.3219 -0.3256 -0.2053 0.0821 0.2416 -0.1586 -0.3134 -0.3420 -0.3134 -0.1586 0.2416 0.0821 -0.2053 -0.3256 -0.3219 -0.2163 0.2102 0.1176 -0.0870 -0.3132 -0.3295 -0.2804 0.0386 0.1671 0.0010 -0.2975 -0.3331 -0.3006 -0.0982 0.2180 0.0507 -0.2688 -0.3315 -0.3130 -0.1672 0.2428 0.0874 -0.1887 -0.3239 -0.3234 -0.2276 0.1862 0.1272 -0.0572 -0.3078 -0.3312 -0.2934 -0.0558 0.2069 0.0452 -0.2665 -0.3300 -0.3181 -0.2078 0.1995 0.1322 -0.0253 -0.2735
-0.0353 0.1450 0.1655 -0.2222 -0.3204 -0.3288 -0.2564 0.0510 0.2106 -0.0614 -0.2934 -0.3310 -0.3091 -0.0701 0.1209 0.2071 -0.2157 -0.3214 -0.3260 -0.2131 0.0789 0.2401 -0.1519 -0.3101 -0.3325 -0.2798 0.0399 0.2081 -0.0737 -0.2971 -0.3326 -0.3015 -0.0166 0.1515 0.0920 -0.2635 -0.3279 -0.3168 -0.1178 0.1081 0.2293 -0.2014 -0.3194 -0.3278 -0.2293 0.0731 0.2368 -0.1421 -0.3083 -0.3439 -0.3445 -0.3439 -0.3083 -0.1421 0.2368 0.0731 -0.2293 -0.3278 -0.3194 -0.2014 0.2293 0.1081 -0.1178 -0.3168 -0.3279 -0.2635 0.0920 0.1515 -0.0166 -0.3015 -0.3326 -0.2971 -0.0737 0.2081 0.0399 -0.2798 -0.3325 -0.3101 -0.1519 0.2401 0.0789 -0.2131 -0.3260 -0.3214 -0.2157 0.2071 0.1209 -0.0701 -0.3091 -0.3310 -0.2934 -0.0614 0.2106 0.0510 -0.2564 -0.3288 -0.3204 -0.2222 0.1655 0.1450 -0.0353
0.1525 0.1190 -0.2377 -0.3228 -0.3270 -0.2411 0.0588 0.2171 -0.0759 -0.2947 -0.3312 -0.3091 -0.0751 0.1177 0.2179 -0.2069 -0.3198 -0.3277 -0.2320 0.0710 0.2350 -0.1364 -0.3070 -0.3330 -0.2879 0.0280 0.1977 -0.0433 -0.2935 -0.3318 -0.3056 -0.0373 0.1382 0.1426 -0.2463 -0.3260 -0.3202 -0.1497 0.0990 0.2395 -0.1867 -0.3168 -0.3297 -0.2490 0.0637 0.2296 -0.1246 -0.3050 -0.3330 -0.2962 -0.1042 -0.2962 -0.3330 -0.3050 -0.1246 0.2296 0.0637 -0.2490 -0.3297 -0.3168 -0.1867 0.2395 0.0990 -0.1497 -0.3202 -0.3260 -0.2463 0.1426 0.1382 -0.0373 -0.3056 -0.3318 -0.2935 -0.0433 0.1977 0.0280 -0.2879 -0.3330 -0.3070 -0.1364 0.2350 0.0710 -0.2320 -0.3277 -0.3198 -0.2069 0.2179 0.1177 -0.0751 -0.3091 -0.3312 -0.2947 -0.0759 0.2171 0.0588 -0.2411 -0.3270 -0.3228 -0.2377 0.1190 0.1525
0.0616 -0.2543 -0.3249 -0.3246 -0.2205 0.0675 0.2249 -0.0944 -0.2969 -0.3318 -0.3078 -0.0701 0.1177 0.2211 -0.2023 -0.3186 -0.3287 -0.2454 0.0640 0.2288 -0.1209 -0.3041 -0.3332 -0.2935 0.0150 0.1833 -0.0045 -0.2899 -0.3307 -0.3096 -0.0617 0.1269 0.1835 -0.2302 -0.3239 -0.3232 -0.1803 0.0901 0.2428 -0.1719 -0.3139 -0.3312 -0.2647 0.0539 0.2209 -0.1049 -0.3016 -0.3330 -0.2960 0.0076 0.0948 0.0076 -0.2960 -0.3330 -0.3016 -0.1049 0.2209 0.0539 -0.2647 -0.3312 -0.3139 -0.1719 0.2428 0.0901 -0.1803 -0.3232 -0.3239 -0.2302 0.1835 0.1269 -0.0617 -0.3096 -0.3307 -0.2899 -0.0045 0.1833 0.0150 -0.2935 -0.3332 -0.3041 -0.1209 0.2288 0.0640 -0.2454 -0.3287 -0.3186 -0.2023 0.2211 0.1177 -0.0701 -0.3078 -0.3318 -0.2969 -0.0944 0.2249 0.0675 -0.2205 -0.3246 -0.3249 -0.2543 0.0616
-0.2161 -0.3272 -0.3218 -0.1951 0.0765 0.2327 -0.1133 -0.2998 -0.3324 -0.3055 -0.0572 0.1209 0.2179 -0.2023 -0.3181 -0.3292 -0.2532 0.0586 0.2231 -0.1063 -0.3014 -0.3330 -0.2972 0.0009 0.1665 0.0422 -0.2795 -0.3294 -0.3135 -0.0899 0.1166 0.2125 -0.2148 -0.3216 -0.3258 -0.2079 0.0812 0.2413 -0.1566 -0.3110 -0.3322 -0.2767 0.0434 0.2112 -0.0818 -0.2982 -0.3328 -0.3002 -0.0098 0.1435 0.2313 0.1435 -0.0098 -0.3002 -0.3328 -0.2982 -0.0818 0.2112 0.0434 -0.2767 -0.3322 -0.3110 -0.1566 0.2413 0.0812 -0.2079 -0.3258 -0.3216 -0.2148 0.2125 0.1166 -0.0899 -0.3135 -0.3294 -0.2795 0.0422 0.1665 0.0009 -0.2972 -0.3330 -0.3014 -0.1063 0.2231 0.0586 -0.2532 -0.3292 -0.3181 -0.2023 0.2179 0.1209 -0.0572 -0.3055 -0.3324 -0.2998 -0.1133 0.2327 0.0765 -0.1951 -0.3218 -0.3272 -0.2161
-0.2775 -0.3190 -0.1661 0.0855 0.2390 -0.1315 -0.3030 -0.3330 -0.3023 -0.0400 0.1272 0.2071 -0.2069 -0.3186 -0.3292 -0.2558 0.0556 0.2191 -0.0943 -0.2991 -0.3327 -0.3003 -0.0136 0.1526 0.0912 -0.2630 -0.3278 -0.3171 -0.1207 0.1072 0.2307 -0.1999 -0.3192 -0.3281 -0.2314 0.0722 0.2362 -0.1405 -0.3079 -0.3329 -0.2857 0.0318 0.2010 -0.0535 -0.2947 -0.3321 -0.3043 -0.0304 0.1415 0.1472 -0.1650 0.1472 0.1415 -0.0304 -0.3043 -0.3321 -0.2947 -0.0535 0.2010 0.0318 -0.2857 -0.3329 -0.3079 -0.1405 0.2362 0.0722 -0.2314 -0.3281 -0.3192 -0.1999 0.2307 0.1072 -0.1207 -0.3171 -0.3278 -0.2630 0.0912 0.1526 -0.0136 -0.3003 -0.3327 -0.2991 -0.0943 0.2191 0.0556 -0.2558 -0.3292 -0.3186 -0.2069 0.2071 0.1272 -0.0400 -0.3023 -0.3330 -0.3030 -0.1315 0.2390 0.0855 -0.1661 -0.3190 -0.2775
-0.2824 -0.1330 0.0943 0.2425 -0.1483 -0.3062 -0.3332 -0.2986 -0.0215 0.1361 0.1862 -0.2157 -0.3198 -0.3287 -0.2532 0.0556 0.2177 -0.0874 -0.2977 -0.3324 -0.3028 -0.0278 0.1419 0.1344 -0.2478 -0.3260 -0.3202 -0.1513 0.0983 0.2400 -0.1852 -0.3165 -0.3299 -0.2507 0.0628 0.2288 -0.1228 -0.3046 -0.3332 -0.2922 0.0190 0.1877 -0.0175 -0.2910 -0.3311 -0.3084 -0.0537 0.1303 0.1707 -0.2317 -0.3090 -0.2317 0.1707 0.1303 -0.0537 -0.3084 -0.3311 -0.2910 -0.0175 0.1877 0.0190 -0.2922 -0.3332 -0.3046 -0.1228 0.2288 0.0628 -0.2507 -0.3299 -0.3165 -0.1852 0.2400 0.0983 -0.1513 -0.3202 -0.3260 -0.2478 0.1344 0.1419 -0.0278 -0.3028 -0.3324 -0.2977 -0.0874 0.2177 0.0556 -0.2532 -0.3287 -0.3198 -0.2157 0.1862 0.1361 -0.0215 -0.2986 -0.3332 -0.3062 -0.1483 0.2425 0.0943 -0.1330 -0.2824
-0.1383 0.1047 0.2420 -0.1640 -0.3094 -0.3331 -0.2947 -0.0040 0.1475 0.1532 -0.2276 -0.3214 -0.3277 -0.2454 0.0586 0.2191 -0.0874 -0.2972 -0.3321 -0.3044 -0.0395 0.1342 0.1659 -0.2351 -0.3243 -0.3228 -0.1790 0.0900 0.2429 -0.1707 -0.3137 -0.3313 -0.2660 0.0529 0.2200 -0.1028 -0.3013 -0.3331 -0.2967 0.0044 0.1708 0.0279 -0.2828 -0.3298 -0.3123 -0.0808 0.1197 0.2046 -0.2199 -0.3265 -0.3504 -0.3265 -0.2199 0.2046 0.1197 -0.0808 -0.3123 -0.3298 -0.2828 0.0279 0.1708 0.0044 -0.2967 -0.3331 -0.3013 -0.1028 0.2200 0.0529 -0.2660 -0.3313 -0.3137 -0.1707 0.2429 0.0900 -0.1790 -0.3228 -0.3243 -0.2351 0.1659 0.1342 -0.0395 -0.3044 -0.3321 -0.2972 -0.0874 0.2191 0.0586 -0.2454 -0.3277 -0.3214 -0.2276 0.1532 0.1475 -0.0040 -0.2947 -0.3331 -0.3094 -0.1640 0.2420 0.1047 -0.1383
0.1059 0.2355 -0.1790 -0.3124 -0.3326 -0.2894 0.0116 0.1620 0.1076 -0.2419 -0.3234 -0.3260 -0.2320 0.0640 0.2231 -0.0943 -0.2977 -0.3321 -0.3050 -0.0458 0.1297 0.1852 -0.2255 -0.3227 -0.3248 -0.2022 0.0824 0.2414 -0.1566 -0.3108 -0.3323 -0.2776 0.0423 0.2102 -0.0793 -0.2979 -0.3327 -0.3006 -0.0126 0.1546 0.0806 -0.2673 -0.3282 -0.3161 -0.1111 0.1100 0.2261 -0.2045 -0.3200 -0.3413 -0.3242 -0.3413 -0.3200 -0.2045 0.2261 0.1100 -0.1111 -0.3161 -0.3282 -0.2673 0.0806 0.1546 -0.0126 -0.3006 -0.3327 -0.2979 -0.0793 0.2102 0.0423 -0.2776 -0.3323 -0.3108 -0.1566 0.2414 0.0824 -0.2022 -0.3248 -0.3227 -0.2255 0.1852 0.1297 -0.0458 -0.3050 -0.3321 -0.2977 -0.0943 0.2231 0.0640 -0.2320 -0.3260 -0.3234 -0.2419 0.1076 0.1620 0.0116 -0.2894 -0.3326 -0.3124 -0.1790 0.2355 0.1059
0.2071 -0.1936 -0.3153 -0.3318 -0.2818 0.0253 0.1796 0.0548 -0.2582 -0.3254 -0.3239 -0.2131 0.0710 0.2288 -0.1063 -0.2991 -0.3324 -0.3044 -0.0458 0.1282 0.1940 -0.2194 -0.3215 -0.3263 -0.2196 0.0755 0.2377 -0.1429 -0.3081 -0.3329 -0.2860 0.0311 0.2001 -0.0505 -0.2943 -0.3320 -0.3047 -0.0326 0.1409 0.1326 -0.2498 -0.3264 -0.3195 -0.1430 0.1009 0.2380 -0.1898 -0.3173 -0.3290 -0.2406 -0.0046 -0.2406 -0.3290 -0.3173 -0.1898 0.2380 0.1009 -0.1430 -0.3195 -0.3264 -0.2498 0.1326 0.1409 -0.0326 -0.3047 -0.3320 -0.2943 -0.0505 0.2001 0.0311 -0.2860 -0.3329 -0.3081 -0.1429 0.2377 0.0755 -0.2196 -0.3263 -0.3215 -0.2194 0.1940 0.1282 -0.0458 -0.3044 -0.3324 -0.2991 -0.1063 0.2288 0.0710 -0.2131 -0.3239 -0.3254 -0.2582 0.0548 0.1796 0.0253 -0.2818 -0.3318 -0.3153 -0.1936 0.2071
-0.1763 -0.3184 -0.3305 -0.2714 0.0375 0.1951 0.0049 -0.2762 -0.3273 -0.3211 -0.1887 0.0789 0.2350 -0.1209 -0.3014 -0.3327 -0.3028 -0.0395 0.1297 0.1940 -0.2174 -0.3209 -0.3271 -0.2309 0.0700 0.2332 -0.1299 -0.3055 -0.3331 -0.2918 0.0191 0.1875 -0.0152 -0.2907 -0.3310 -0.3088 -0.0562 0.1291 0.1759 -0.2335 -0.3244 -0.3226 -0.1740 0.0920 0.2426 -0.1750 -0.3146 -0.3308 -0.2607 0.0556 0.1332 0.0556 -0.2607 -0.3308 -0.3146 -0.1750 0.2426 0.0920 -0.1740 -0.3226 -0.3244 -0.2335 0.1759 0.1291 -0.0562 -0.3088 -0.3310 -0.2907 -0.0152 0.1875 0.0191 -0.2918 -0.3331 -0.3055 -0.1299 0.2332 0.0700 -0.2309 -0.3271 -0.3209 -0.2174 0.1940 0.1297 -0.0395 -0.3028 -0.3327 -0.3014 -0.1209 0.2350 0.0789 -0.1887 -0.3211 -0.3273 -0.2762 0.0049 0.1951 0.0375 -0.2714 -0.3305 -0.3184 -0.1763
-0.2667 -0.3292 -0.2577 0.0485 0.2059 -0.0359 -0.2884 -0.3290 -0.3179 -0.1594 0.0874 0.2401 -0.1364 -0.3041 -0.3330 -0.3003 -0.0278 0.1342 0.1852 -0.2194 -0.3209 -0.3273 -0.2365 0.0664 0.2294 -0.1190 -0.3032 -0.3331 -0.2955 0.0069 0.1725 0.0265 -0.2830 -0.3297 -0.3126 -0.0835 0.1187 0.2073 -0.2180 -0.3221 -0.3253 -0.2024 0.0831 0.2419 -0.1599 -0.3116 -0.3320 -0.2745 0.0461 0.1964 0.1923 0.1964 0.0461 -0.2745 -0.3320 -0.3116 -0.1599 0.2419 0.0831 -0.2024 -0.3253 -0.3221 -0.2180 0.2073 0.1187 -0.0835 -0.3126 -0.3297 -0.2830 0.0265 0.1725 0.0069 -0.2955 -0.3331 -0.3032 -0.1190 0.2294 0.0664 -0.2365 -0.3273 -0.3209 -0.2194 0.1852 0.1342 -0.0278 -0.3003 -0.3330 -0.3041 -0.1364 0.2401 0.0874 -0.1594 -0.3179 -0.3290 -0.2884 -0.0359 0.2059 0.0485 -0.2577 -0.3292 -0.2667
-0.2879 -0.2397 0.0586 0.2159 -0.0678 -0.2928 -0.3304 -0.3143 -0.1277 0.0962 0.2428 -0.1519 -0.3070 -0.3332 -0.2972 -0.0136 0.1419 0.1659 -0.2255 -0.3215 -0.3271 -0.2365 0.0652 0.2272 -0.1116 -0.3016 -0.3330 -0.2980 -0.0050 0.1590 0.0708 -0.2692 -0.3283 -0.3161 -0.1127 0.1093 0.2275 -0.2030 -0.3197 -0.3276 -0.2268 0.0741 0.2375 -0.1440 -0.3085 -0.3328 -0.2841 0.0344 0.2035 -0.0482 -0.2392 -0.0482 0.2035 0.0344 -0.2841 -0.3328 -0.3085 -0.1440 0.2375 0.0741 -0.2268 -0.3276 -0.3197 -0.2030 0.2275 0.1093 -0.1127 -0.3161 -0.3283 -0.2692 0.0708 0.1590 -0.0050 -0.2980 -0.3330 -0.3016 -0.1116 0.2272 0.0652 -0.2365 -0.3271 -0.3215 -0.2255 0.1659 0.1419 -0.0136 -0.2972 -0.3332 -0.3070 -0.1519 0.2428 0.0962 -0.1277 -0.3143 -0.3304 -0.2928 -0.0678 0.2159 0.0586 -0.2397 -0.2879
-0.2280 0.0696 0.2252 -0.0934 -0.2964 -0.3316 -0.3105 -0.0963 0.1052 0.2411 -0.1672 -0.3101 -0.3330 -0.2935 0.0009 0.1526 0.1344 -0.2351 -0.3227 -0.3263 -0.2309 0.0664 0.2272 -0.1091 -0.3008 -0.3328 -0.2999 -0.0152 0.1493 0.1097 -0.2552 -0.3268 -0.3191 -0.1415 0.1008 0.2384 -0.1886 -0.3171 -0.3295 -0.2470 0.0648 0.2306 -0.1267 -0.3053 -0.3332 -0.2910 0.0218 0.1909 -0.0272 -0.2919 -0.3242 -0.2919 -0.0272 0.1909 0.0218 -0.2910 -0.3332 -0.3053 -0.1267 0.2306 0.0648 -0.2470 -0.3295 -0.3171 -0.1886 0.2384 0.1008 -0.1415 -0.3191 -0.3268 -0.2552 0.1097 0.1493 -0.0152 -0.2999 -0.3328 -0.3008 -0.1091 0.2272 0.0664 -0.2309 -0.3263 -0.3227 -0.2351 0.1344 0.1526 0.0009 -0.2935 -0.3330 -0.3101 -0.1672 0.2411 0.1052 -0.0963 -0.3105 -0.3316 -0.2964 -0.0934 0.2252 0.0696 -0.2280
0.0664 0.2333 -0.1147 -0.2999 -0.3325 -0.3065 -0.0674 0.1146 0.2333 -0.1821 -0.3130 -0.3325 -0.2879 0.0150 0.1665 0.0912 -0.2478 -0.3243 -0.3248 -0.2196 0.0700 0.2294 -0.1116 -0.3008 -0.3327 -0.3008 -0.0222 0.1430 0.1376 -0.2442 -0.3254 -0.3215 -0.1676 0.0930 0.2425 -0.1749 -0.3144 -0.3310 -0.2630 0.0550 0.2219 -0.1073 -0.3020 -0.3332 -0.2958 0.0076 0.1746 0.0173 -0.2855 -0.3368 -0.3535 -0.3368 -0.2855 0.0173 0.1746 0.0076 -0.2958 -0.3332 -0.3020 -0.1073 0.2219 0.0550 -0.2630 -0.3310 -0.3144 -0.1749 0.2425 0.0930 -0.1676 -0.3215 -0.3254 -0.2442 0.1376 0.1430 -0.0222 -0.3008 -0.3327 -0.3008 -0.1116 0.2294 0.0700 -0.2196 -0.3248 -0.3243 -0.2478 0.0912 0.1665 0.0150 -0.2879 -0.3325 -0.3130 -0.1821 0.2333 0.1146 -0.0674 -0.3065 -0.3325 -0.2999 -0.1147 0.2333 0.0664
0.2276 -0.1332 -0.3032 -0.3330 -0.3024 -0.0421 0.1246 0.2172 -0.1968 -0.3159 -0.3315 -0.2798 0.0280 0.1833 0.0422 -0.2630 -0.3260 -0.3228 -0.2022 0.0755 0.2332 -0.1190 -0.3016 -0.3328 -0.3008 -0.0248 0.1400 0.1539 -0.2368 -0.3242 -0.3233 -0.1887 0.0862 0.2425 -0.1619 -0.3118 -0.3320 -0.2750 0.0449 0.2125 -0.0848 -0.2986 -0.3328 -0.2998 -0.0088 0.1578 0.0692 -0.2712 -0.3285 -0.3302 -0.2746 -0.3302 -0.3285 -0.2712 0.0692 0.1578 -0.0088 -0.2998 -0.3328 -0.2986 -0.0848 0.2125 0.0449 -0.2750 -0.3320 -0.3118 -0.1619 0.2425 0.0862 -0.1887 -0.3233 -0.3242 -0.2368 0.1539 0.1400 -0.0248 -0.3008 -0.3328 -0.3016 -0.1190 0.2332 0.0755 -0.2022 -0.3228 -0.3260 -0.2630 0.0422 0.1833 0.0280 -0.2798 -0.3315 -0.3159 -0.1968 0.2172 0.1246 -0.0421 -0.3024 -0.3330 -0.3032 -0.1332 0.2276
-0.1315 -0.3068 -0.3332 -0.2984 -0.0207 0.1357 0.1906 -0.2116 -0.3186 -0.3302 -0.2688 0.0399 0.1977 -0.0045 -0.2795 -0.3278 -0.3202 -0.1790 0.0824 0.2377 -0.1299 -0.3032 -0.3330 -0.2999 -0.0222 0.1400 0.1591 -0.2330 -0.3234 -0.3245 -0.2036 0.0806 0.2402 -0.1500 -0.3093 -0.3326 -0.2835 0.0345 0.2029 -0.0583 -0.2951 -0.3322 -0.3039 -0.0281 0.1436 0.1221 -0.2534 -0.3268 -0.3184 -0.1298 0.0455 -0.1298 -0.3184 -0.3268 -0.2534 0.1221 0.1436 -0.0281 -0.3039 -0.3322 -0.2951 -0.0583 0.2029 0.0345 -0.2835 -0.3326 -0.3093 -0.1500 0.2402 0.0806 -0.2036 -0.3245 -0.3234 -0.2330 0.1591 0.1400 -0.0222 -0.2999 -0.3330 -0.3032 -0.1299 0.2377 0.0824 -0.1790 -0.3202 -0.3278 -0.2795 -0.0045 0.1977 0.0399 -0.2688 -0.3302 -0.3186 -0.2116 0.1906 0.1357 -0.0207 -0.2984 -0.3332 -0.3068 -0.1315
-0.2535 -0.3334 -0.2942 -0.0025 0.1485 0.1522 -0.2269 -0.3211 -0.3285 -0.2543 0.0507 0.2081 -0.0433 -0.2899 -0.3294 -0.3171 -0.1513 0.0900 0.2414 -0.1429 -0.3055 -0.3331 -0.2980 -0.0152 0.1430 0.1539 -0.2330 -0.3232 -0.3251 -0.2123 0.0766 0.2375 -0.1398 -0.3071 -0.3330 -0.2895 0.0239 0.1926 -0.0269 -0.2918 -0.3313 -0.3078 -0.0507 0.1315 0.1677 -0.2369 -0.3248 -0.3218 -0.1657 0.0910 0.1846 0.0910 -0.1657 -0.3218 -0.3248 -0.2369 0.1677 0.1315 -0.0507 -0.3078 -0.3313 -0.2918 -0.0269 0.1926 0.0239 -0.2895 -0.3330 -0.3071 -0.1398 0.2375 0.0766 -0.2123 -0.3251 -0.3232 -0.2330 0.1539 0.1430 -0.0152 -0.2980 -0.3331 -0.3055 -0.1429 0.2414 0.0900 -0.1513 -0.3171 -0.3294 -0.2899 -0.0433 0.2081 0.0507 -0.2543 -0.3285 -0.3211 -0.2269 0.1522 0.1485 -0.0025 -0.2942 -0.3334 -0.2535
-0.2885 -0.2890 0.0130 0.1636 0.1032 -0.2428 -0.3235 -0.3263 -0.2359 0.0608 0.2180 -0.0737 -0.2935 -0.3307 -0.3135 -0.1207 0.0983 0.2429 -0.1566 -0.3081 -0.3331 -0.2955 -0.0050 0.1493 0.1376 -0.2368 -0.3234 -0.3251 -0.2152 0.0746 0.2354 -0.1324 -0.3054 -0.3331 -0.2933 0.0136 0.1797 0.0093 -0.2870 -0.3301 -0.3115 -0.0762 0.1210 0.2015 -0.2212 -0.3226 -0.3248 -0.1966 0.0851 0.2422 0.0030 0.2422 0.0851 -0.1966 -0.3248 -0.3226 -0.2212 0.2015 0.1210 -0.0762 -0.3115 -0.3301 -0.2870 0.0093 0.1797 0.0136 -0.2933 -0.3331 -0.3054 -0.1324 0.2354 0.0746 -0.2152 -0.3251 -0.3234 -0.2368 0.1376 0.1493 -0.0050 -0.2955 -0.3331 -0.3081 -0.1566 0.2429 0.0983 -0.1207 -0.3135 -0.3307 -0.2935 -0.0737 0.2180 0.0608 -0.2359 -0.3263 -0.3235 -0.2428 0.1032 0.1636 0.0130 -0.2890 -0.2885
-0.2653 0.0279 0.1814 0.0496 -0.2598 -0.3256 -0.3238 -0.2132 0.0702 0.2271 -0.0982 -0.2971 -0.3318 -0.3096 -0.0899 0.1072 0.2400 -0.1707 -0.3108 -0.3329 -0.2918 0.0069 0.1590 0.1097 -0.2442 -0.3242 -0.3245 -0.2123 0.0746 0.2346 -0.1285 -0.3043 -0.3331 -0.2955 0.0044 0.1673 0.0469 -0.2766 -0.3289 -0.3148 -0.1031 0.1119 0.2233 -0.2065 -0.3202 -0.3272 -0.2220 0.0761 0.2388 -0.1422 -0.2851 -0.1422 0.2388 0.0761 -0.2220 -0.3272 -0.3202 -0.2065 0.2233 0.1119 -0.1031 -0.3148 -0.3289 -0.2766 0.0469 0.1673 0.0044 -0.2955 -0.3331 -0.3043 -0.1285 0.2346 0.0746 -0.2123 -0.3245 -0.3242 -0.2442 0.1097 0.1590 0.0069 -0.2918 -0.3329 -0.3108 -0.1707 0.2400 0.1072 -0.0899 -0.3096 -0.3318 -0.2971 -0.0982 0.2271 0.0702 -0.2132 -0.3238 -0.3256 -0.2598 0.0496 0.1814 0.0279 -0.2653
0.0210 0.1966 0.0006 -0.2780 -0.3275 -0.3209 -0.1864 0.0793 0.2348 -0.1188 -0.3006 -0.3326 -0.3056 -0.0617 0.1166 0.2307 -0.1852 -0.3137 -0.3323 -0.2860 0.0191 0.1725 0.0708 -0.2552 -0.3254 -0.3233 -0.2036 0.0766 0.2354 -0.1285 -0.3040 -0.3330 -0.2967 -0.0025 0.1589 0.0790 -0.2641 -0.3276 -0.3177 -0.1298 0.1038 0.2357 -0.1928 -0.3178 -0.3291 -0.2430 0.0668 0.2322 -0.1310 -0.3075 -0.3374 -0.3075 -0.1310 0.2322 0.0668 -0.2430 -0.3291 -0.3178 -0.1928 0.2357 0.1038 -0.1298 -0.3177 -0.3276 -0.2641 0.0790 0.1589 -0.0025 -0.2967 -0.3330 -0.3040 -0.1285 0.2354 0.0766 -0.2036 -0.3233 -0.3254 -0.2552 0.0708 0.1725 0.0191 -0.2860 -0.3323 -0.3137 -0.1852 0.2307 0.1166 -0.0617 -0.3056 -0.3326 -0.3006 -0.1188 0.2348 0.0793 -0.1864 -0.3209 -0.3275 -0.2780 0.0006 0.1966 0.0210
0.1981 -0.0395 -0.2895 -0.3292 -0.3176 -0.1563 0.0882 0.2404 -0.1369 -0.3040 -0.3331 -0.3015 -0.0373 0.1269 0.2125 -0.1999 -0.3165 -0.3313 -0.2776 0.0311 0.1875 0.0265 -0.2692 -0.3268 -0.3215 -0.1887 0.0806 0.2375 -0.1324 -0.3043 -0.3330 -0.2971 -0.0061 0.1539 0.1014 -0.2551 -0.3265 -0.3198 -0.1535 0.0967 0.2414 -0.1799 -0.3153 -0.3306 -0.2593 0.0574 0.2239 -0.1117 -0.3029 -0.3430 -0.3491 -0.3430 -0.3029 -0.1117 0.2239 0.0574 -0.2593 -0.3306 -0.3153 -0.1799 0.2414 0.0967 -0.1535 -0.3198 -0.3265 -0.2551 0.1014 0.1539 -0.0061 -0.2971 -0.3330 -0.3043 -0.1324 0.2375 0.0806 -0.1887 -0.3215 -0.3268 -0.2692 0.0265 0.1875 0.0311 -0.2776 -0.3313 -0.3165 -0.1999 0.2125 0.1269 -0.0373 -0.3015 -0.3331 -0.3040 -0.1369 0.2404 0.0882 -0.1563 -0.3176 -0.3292 -0.2895 -0.0395 0.1981
-0.0620 -0.2934 -0.3306 -0.3140 -0.1245 0.0971 0.2429 -0.1533 -0.3072 -0.3332 -0.2975 -0.0166 0.1382 0.1835 -0.2148 -0.3192 -0.3299 -0.2660 0.0423 0.2001 -0.0152 -0.2830 -0.3283 -0.3191 -0.1676 0.0862 0.2402 -0.1398 -0.3054 -0.3331 -0.2967 -0.0061 0.1524 0.1125 -0.2497 -0.3257 -0.3214 -0.1716 0.0908 0.2429 -0.1681 -0.3129 -0.3317 -0.2715 0.0478 0.2149 -0.0903 -0.2993 -0.3328 -0.3085 -0.1614 -0.3085 -0.3328 -0.2993 -0.0903 0.2149 0.0478 -0.2715 -0.3317 -0.3129 -0.1681 0.2429 0.0908 -0.1716 -0.3214 -0.3257 -0.2497 0.1125 0.1524 -0.0061 -0.2967 -0.3331 -0.3054 -0.1398 0.2402 0.0862 -0.1676 -0.3191 -0.3283 -0.2830 -0.0152 0.2001 0.0423 -0.2660 -0.3299 -0.3192 -0.2148 0.1835 0.1382 -0.0166 -0.2975 -0.3332 -0.3072 -0.1533 0.2429 0.0971 -0.1245 -0.3140 -0.3306 -0.2934 -0.0620
-0.2385 -0.3320 -0.3101 -0.0933 0.1061 0.2407 -0.1687 -0.3103 -0.3330 -0.2932 0.0010 0.1515 0.1426 -0.2302 -0.3216 -0.3281 -0.2507 0.0529 0.2102 -0.0505 -0.2907 -0.3297 -0.3161 -0.1415 0.0930 0.2425 -0.1500 -0.3071 -0.3331 -0.2955 -0.0025 0.1539 0.1125 -0.2479 -0.3252 -0.3223 -0.1840 0.0863 0.2422 -0.1581 -0.3107 -0.3324 -0.2803 0.0382 0.2058 -0.0660 -0.2960 -0.3322 -0.3026 -0.0206 0.0805 -0.0206 -0.3026 -0.3322 -0.2960 -0.0660 0.2058 0.0382 -0.2803 -0.3324 -0.3107 -0.1581 0.2422 0.0863 -0.1840 -0.3223 -0.3252 -0.2479 0.1125 0.1539 -0.0025 -0.2955 -0.3331 -0.3071 -0.1500 0.2425 0.0930 -0.1415 -0.3161 -0.3297 -0.2907 -0.0505 0.2102 0.0529 -0.2507 -0.3281 -0.3216 -0.2302 0.1426 0.1515 0.0010 -0.2932 -0.3330 -0.3103 -0.1687 0.2407 0.1061 -0.0933 -0.3101 -0.3320 -0.2385
-0.2842 -0.3065 -0.0649 0.1156 0.2321 -0.1836 -0.3133 -0.3324 -0.2873 0.0161 0.1671 0.0920 -0.2463 -0.3239 -0.3258 -0.2314 0.0628 0.2200 -0.0793 -0.2943 -0.3310 -0.3126 -0.1127 0.1008 0.2425 -0.1619 -0.3093 -0.3330 -0.2933 0.0044 0.1589 0.1014 -0.2497 -0.3252 -0.3226 -0.1900 0.0835 0.2409 -0.1503 -0.3089 -0.3327 -0.2863 0.0290 0.1973 -0.0385 -0.2928 -0.3315 -0.3067 -0.0436 0.1262 0.2227 0.1262 -0.0436 -0.3067 -0.3315 -0.2928 -0.0385 0.1973 0.0290 -0.2863 -0.3327 -0.3089 -0.1503 0.2409 0.0835 -0.1900 -0.3226 -0.3252 -0.2497 0.1014 0.1589 0.0044 -0.2933 -0.3330 -0.3093 -0.1619 0.2425 0.1008 -0.1127 -0.3126 -0.3310 -0.2943 -0.0793 0.2200 0.0628 -0.2314 -0.3258 -0.3239 -0.2463 0.0920 0.1671 0.0161 -0.2873 -0.3324 -0.3133 -0.1836 0.2321 0.1156 -0.0649 -0.3065 -0.2842
-0.2749 -0.0384 0.1256 0.2150 -0.1983 -0.3162 -0.3314 -0.2789 0.0292 0.1845 0.0386 -0.2635 -0.3260 -0.3232 -0.2079 0.0722 0.2288 -0.1028 -0.2979 -0.3320 -0.3088 -0.0835 0.1093 0.2384 -0.1749 -0.3118 -0.3326 -0.2895 0.0136 0.1673 0.0790 -0.2551 -0.3257 -0.3223 -0.1900 0.0825 0.2400 -0.1452 -0.3076 -0.3330 -0.2902 0.0207 0.1877 -0.0085 -0.2898 -0.3305 -0.3103 -0.0686 0.1235 0.2064 -0.1298 0.2064 0.1235 -0.0686 -0.3103 -0.3305 -0.2898 -0.0085 0.1877 0.0207 -0.2902 -0.3330 -0.3076 -0.1452 0.2400 0.0825 -0.1900 -0.3223 -0.3257 -0.2551 0.0790 0.1673 0.0136 -0.2895 -0.3326 -0.3118 -0.1749 0.2384 0.1093 -0.0835 -0.3088 -0.3320 -0.2979 -0.1028 0.2288 0.0722 -0.2079 -0.3232 -0.3260 -0.2635 0.0386 0.1845 0.0292 -0.2789 -0.3314 -0.3162 -0.1983 0.2150 0.1256 -0.0384 -0.2749
-0.0485 0.1378 0.1875 -0.2131 -0.3189 -0.3301 -0.2675 0.0410 0.1988 -0.0087 -0.2804 -0.3279 -0.3202 -0.1803 0.0812 0.2362 -0.1228 -0.3013 -0.3327 -0.3047 -0.0562 0.1187 0.2275 -0.1886 -0.3144 -0.3320 -0.2835 0.0239 0.1797 0.0469 -0.2641 -0.3265 -0.3214 -0.1840 0.0835 0.2400 -0.1435 -0.3070 -0.3330 -0.2924 0.0140 0.1778 0.0206 -0.2838 -0.3295 -0.3135 -0.0932 0.1149 0.2170 -0.2071 -0.3027 -0.2071 0.2170 0.1149 -0.0932 -0.3135 -0.3295 -0.2838 0.0206 0.1778 0.0140 -0.2924 -0.3330 -0.3070 -0.1435 0.2400 0.0835 -0.1840 -0.3214 -0.3265 -0.2641 0.0469 0.1797 0.0239 -0.2835 -0.3320 -0.3144 -0.1886 0.2275 0.1187 -0.0562 -0.3047 -0.3327 -0.3013 -0.1228 0.2362 0.0812 -0.1803 -0.3202 -0.3279 -0.2804 -0.0087 0.1988 0.0410 -0.2675 -0.3301 -0.3189 -0.2131 0.1875 0.1378 -0.0485
0.1442 0.1476 -0.2284 -0.3214 -0.3283 -0.2526 0.0517 0.2091 -0.0466 -0.2903 -0.3295 -0.3168 -0.1497 0.0901 0.2413 -0.1405 -0.3046 -0.3331 -0.3006 -0.0326 0.1291 0.2073 -0.2030 -0.3171 -0.3310 -0.2750 0.0345 0.1926 0.0093 -0.2766 -0.3276 -0.3198 -0.1716 0.0863 0.2409 -0.1452 -0.3070 -0.3330 -0.2934 0.0095 0.1706 0.0445 -0.2748 -0.3285 -0.3161 -0.1171 0.1071 0.2318 -0.1978 -0.3219 -0.3476 -0.3219 -0.1978 0.2318 0.1071 -0.1171 -0.3161 -0.3285 -0.2748 0.0445 0.1706 0.0095 -0.2934 -0.3330 -0.3070 -0.1452 0.2409 0.0863 -0.1716 -0.3198 -0.3276 -0.2766 0.0093 0.1926 0.0345 -0.2750 -0.3310 -0.3171 -0.2030 0.2073 0.1291 -0.0326 -0.3006 -0.3331 -0.3046 -0.1405 0.2413 0.0901 -0.1497 -0.3168 -0.3295 -0.2903 -0.0466 0.2091 0.0517 -0.2526 -0.3283 -0.3214 -0.2284 0.1476 0.1442
0.0905 -0.2443 -0.3237 -0.3261 -0.2338 0.0617 0.2189 -0.0763 -0.2939 -0.3308 -0.3132 -0.1178 0.0990 0.2428 -0.1566 -0.3079 -0.3332 -0.2967 -0.0126 0.1409 0.1759 -0.2180 -0.3197 -0.3295 -0.2630 0.0449 0.2029 -0.0269 -0.2870 -0.3289 -0.3177 -0.1535 0.0908 0.2422 -0.1503 -0.3076 -0.3330 -0.2934 0.0079 0.1670 0.0606 -0.2676 -0.3277 -0.3180 -0.1374 0.1007 0.2392 -0.1854 -0.3163 -0.3429 -0.3330 -0.3429 -0.3163 -0.1854 0.2392 0.1007 -0.1374 -0.3180 -0.3277 -0.2676 0.0606 0.1670 0.0079 -0.2934 -0.3330 -0.3076 -0.1503 0.2422 0.0908 -0.1535 -0.3177 -0.3289 -0.2870 -0.0269 0.2029 0.0449 -0.2630 -0.3295 -0.3197 -0.2180 0.1759 0.1409 -0.0126 -0.2967 -0.3332 -0.3079 -0.1566 0.2428 0.0990 -0.1178 -0.3132 -0.3308 -0.2939 -0.0763 0.2189 0.0617 -0.2338 -0.3261 -0.3237 -0.2443 0.0905
-0.2100 -0.3261 -0.3235 -0.2107 0.0711 0.2279 -0.1004 -0.2975 -0.3319 -0.3092 -0.0870 0.1081 0.2395 -0.1719 -0.3110 -0.3329 -0.2922 0.0044 0.1546 0.1326 -0.2335 -0.3221 -0.3276 -0.2470 0.0550 0.2125 -0.0583 -0.2918 -0.3301 -0.3148 -0.1298 0.0967 0.2429 -0.1581 -0.3089 -0.3330 -0.2924 0.0095 0.1670 0.0662 -0.2639 -0.3271 -0.3192 -0.1523 0.0957 0.2422 -0.1749 -0.3140 -0.3309 -0.2644 -0.0304 -0.2644 -0.3309 -0.3140 -0.1749 0.2422 0.0957 -0.1523 -0.3192 -0.3271 -0.2639 0.0662 0.1670 0.0095 -0.2924 -0.3330 -0.3089 -0.1581 0.2429 0.0967 -0.1298 -0.3148 -0.3301 -0.2918 -0.0583 0.2125 0.0550 -0.2470 -0.3276 -0.3221 -0.2335 0.1326 0.1546 0.0044 -0.2922 -0.3329 -0.3110 -0.1719 0.2395 0.1081 -0.0870 -0.3092 -0.3319 -0.2975 -0.1004 0.2279 0.0711 -0.2107 -0.3235 -0.3261 -0.2100
-0.2760 -0.3209 -0.1837 0.0802 0.2355 -0.1207 -0.3009 -0.3327 -0.3052 -0.0591 0.1176 0.2293 -0.1867 -0.3139 -0.3322 -0.2857 0.0190 0.1708 0.0806 -0.2498 -0.3244 -0.3253 -0.2268 0.0648 0.2219 -0.0848 -0.2951 -0.3313 -0.3115 -0.1031 0.1038 0.2414 -0.1681 -0.3107 -0.3327 -0.2902 0.0140 0.1706 0.0606 -0.2639 -0.3269 -0.3199 -0.1614 0.0924 0.2429 -0.1668 -0.3122 -0.3318 -0.2752 0.0432 0.1207 0.0432 -0.2752 -0.3318 -0.3122 -0.1668 0.2429 0.0924 -0.1614 -0.3199 -0.3269 -0.2639 0.0606 0.1706 0.0140 -0.2902 -0.3327 -0.3107 -0.1681 0.2414 0.1038 -0.1031 -0.3115 -0.3313 -0.2951 -0.0848 0.2219 0.0648 -0.2268 -0.3253 -0.3244 -0.2498 0.0806 0.1708 0.0190 -0.2857 -0.3322 -0.3139 -0.1867 0.2293 0.1176 -0.0591 -0.3052 -0.3327 -0.3009 -0.1207 0.2355 0.0802 -0.1837 -0.3209 -0.2760
-0.2835 -0.1519 0.0890 0.2408 -0.1386 -0.3043 -0.3331 -0.3011 -0.0351 0.1279 0.2102 -0.2014 -0.3168 -0.3312 -0.2767 0.0318 0.1877 0.0279 -0.2673 -0.3264 -0.3226 -0.2024 0.0741 0.2306 -0.1073 -0.2986 -0.3322 -0.3078 -0.0762 0.1119 0.2357 -0.1799 -0.3129 -0.3324 -0.2863 0.0207 0.1778 0.0445 -0.2676 -0.3271 -0.3199 -0.1644 0.0907 0.2428 -0.1612 -0.3109 -0.3324 -0.2820 0.0356 0.1843 0.2163 0.1843 0.0356 -0.2820 -0.3324 -0.3109 -0.1612 0.2428 0.0907 -0.1644 -0.3199 -0.3271 -0.2676 0.0445 0.1778 0.0207 -0.2863 -0.3324 -0.3129 -0.1799 0.2357 0.1119 -0.0762 -0.3078 -0.3322 -0.2986 -0.1073 0.2306 0.0741 -0.2024 -0.3226 -0.3264 -0.2673 0.0279 0.1877 0.0318 -0.2767 -0.3312 -0.3168 -0.2014 0.2102 0.1279 -0.0351 -0.3011 -0.3331 -0.3043 -0.1386 0.2408 0.0890 -0.1519 -0.2835
-0.1549 0.0994 0.2429 -0.1548 -0.3075 -0.3332 -0.2972 -0.0147 0.1394 0.1800 -0.2163 -0.3194 -0.3297 -0.2647 0.0434 0.2010 -0.0175 -0.2828 -0.3282 -0.3195 -0.1740 0.0831 0.2375 -0.1267 -0.3020 -0.3328 -0.3039 -0.0507 0.1210 0.2233 -0.1928 -0.3153 -0.3317 -0.2803 0.0290 0.1877 0.0206 -0.2748 -0.3277 -0.3192 -0.1614 0.0907 0.2427 -0.1582 -0.3100 -0.3327 -0.2858 0.0285 0.1960 -0.0151 -0.2286 -0.0151 0.1960 0.0285 -0.2858 -0.3327 -0.3100 -0.1582 0.2427 0.0907 -0.1614 -0.3192 -0.3277 -0.2748 0.0206 0.1877 0.0290 -0.2803 -0.3317 -0.3153 -0.1928 0.2233 0.1210 -0.0507 -0.3039 -0.3328 -0.3020 -0.1267 0.2375 0.0831 -0.1740 -0.3195 -0.3282 -0.2828 -0.0175 0.2010 0.0434 -0.2647 -0.3297 -0.3194 -0.2163 0.1800 0.1394 -0.0147 -0.2972 -0.3332 -0.3075 -0.1548 0.2429 0.0994 -0.1549
0.0999 0.2401 -0.1701 -0.3106 -0.3330 -0.2927 0.0026 0.1529 0.1380 -0.2317 -0.3219 -0.3278 -0.2490 0.0539 0.2112 -0.0535 -0.2910 -0.3298 -0.3161 -0.1430 0.0920 0.2419 -0.1440 -0.3053 -0.3332 -0.2998 -0.0281 0.1315 0.2015 -0.2065 -0.3178 -0.3306 -0.2715 0.0382 0.1973 -0.0085 -0.2838 -0.3285 -0.3180 -0.1523 0.0924 0.2428 -0.1582 -0.3097 -0.3328 -0.2878 0.0236 0.1899 -0.0088 -0.2892 -0.3213 -0.2892 -0.0088 0.1899 0.0236 -0.2878 -0.3328 -0.3097 -0.1582 0.2428 0.0924 -0.1523 -0.3180 -0.3285 -0.2838 -0.0085 0.1973 0.0382 -0.2715 -0.3306 -0.3178 -0.2065 0.2015 0.1315 -0.0281 -0.2998 -0.3332 -0.3053 -0.1440 0.2419 0.0920 -0.1430 -0.3161 -0.3298 -0.2910 -0.0535 0.2112 0.0539 -0.2490 -0.3278 -0.3219 -0.2317 0.1380 0.1529 0.0026 -0.2927 -0.3330 -0.3106 -0.1701 0.2401 0.0999
0.2166 -0.1850 -0.3136 -0.3323 -0.2866 0.0174 0.1688 0.0867 -0.2479 -0.3242 -0.3256 -0.2293 0.0637 0.2209 -0.0818 -0.2947 -0.3311 -0.3123 -0.1111 0.1009 0.2426 -0.1599 -0.3085 -0.3332 -0.2958 -0.0088 0.1436 0.1677 -0.2212 -0.3202 -0.3291 -0.2593 0.0478 0.2058 -0.0385 -0.2898 -0.3295 -0.3161 -0.1374 0.0957 0.2429 -0.1612 -0.3100 -0.3328 -0.2885 0.0211 0.1850 0.0094 -0.2863 -0.3356 -0.3526 -0.3356 -0.2863 0.0094 0.1850 0.0211 -0.2885 -0.3328 -0.3100 -0.1612 0.2429 0.0957 -0.1374 -0.3161 -0.3295 -0.2898 -0.0385 0.2058 0.0478 -0.2593 -0.3291 -0.3202 -0.2212 0.1677 0.1436 -0.0088 -0.2958 -0.3332 -0.3085 -0.1599 0.2426 0.1009 -0.1111 -0.3123 -0.3311 -0.2947 -0.0818 0.2209 0.0637 -0.2293 -0.3256 -0.3242 -0.2479 0.0867 0.1688 0.0174 -0.2866 -0.3323 -0.3136 -0.1850 0.2166
-0.1701 -0.3167 -0.3313 -0.2779 0.0305 0.1860 0.0336 -0.2653 -0.3262 -0.3229 -0.2053 0.0731 0.2296 -0.1049 -0.2982 -0.3321 -0.3084 -0.0808 0.1100 0.2380 -0.1750 -0.3116 -0.3328 -0.2910 0.0076 0.1578 0.1221 -0.2369 -0.3226 -0.3272 -0.2430 0.0574 0.2149 -0.0660 -0.2928 -0.3305 -0.3135 -0.1171 0.1007 0.2422 -0.1668 -0.3109 -0.3327 -0.2878 0.0211 0.1830 0.0187 -0.2820 -0.3288 -0.3298 -0.2786 -0.3298 -0.3288 -0.2820 0.0187 0.1830 0.0211 -0.2878 -0.3327 -0.3109 -0.1668 0.2422 0.1007 -0.1171 -0.3135 -0.3305 -0.2928 -0.0660 0.2149 0.0574 -0.2430 -0.3272 -0.3226 -0.2369 0.1221 0.1578 0.0076 -0.2910 -0.3328 -0.3116 -0.1750 0.2380 0.1100 -0.0808 -0.3084 -0.3321 -0.2982 -0.1049 0.2296 0.0731 -0.2053 -0.3229 -0.3262 -0.2653 0.0336 0.1860 0.0305 -0.2779 -0.3313 -0.3167 -0.1701
-0.2648 -0.3302 -0.2662 0.0421 0.1998 -0.0129 -0.2815 -0.3280 -0.3199 -0.1774 0.0821 0.2368 -0.1246 -0.3016 -0.3328 -0.3043 -0.0537 0.1197 0.2261 -0.1898 -0.3146 -0.3320 -0.2841 0.0218 0.1746 0.0692 -0.2534 -0.3248 -0.3248 -0.2220 0.0668 0.2239 -0.0903 -0.2960 -0.3315 -0.3103 -0.0932 0.1071 0.2392 -0.1749 -0.3122 -0.3324 -0.2858 0.0236 0.1850 0.0187 -0.2800 -0.3285 -0.3160 -0.1217 0.0469 -0.1217 -0.3160 -0.3285 -0.2800 0.0187 0.1850 0.0236 -0.2858 -0.3324 -0.3122 -0.1749 0.2392 0.1071 -0.0932 -0.3103 -0.3315 -0.2960 -0.0903 0.2239 0.0668 -0.2220 -0.3248 -0.3248 -0.2534 0.0692 0.1746 0.0218 -0.2841 -0.3320 -0.3146 -0.1898 0.2261 0.1197 -0.0537 -0.3043 -0.3328 -0.3016 -0.1246 0.2368 0.0821 -0.1774 -0.3199 -0.3280 -0.2815 -0.0129 0.1998 0.0421 -0.2662 -0.3302 -0.2648
-0.2883 -0.2506 0.0528 0.2101 -0.0500 -0.2906 -0.3296 -0.3163 -0.1465 0.0910 0.2416 -0.1421 -0.3050 -0.3330 -0.3002 -0.0304 0.1303 0.2046 -0.2045 -0.3173 -0.3308 -0.2745 0.0344 0.1909 0.0173 -0.2712 -0.3268 -0.3218 -0.1966 0.0761 0.2322 -0.1117 -0.2993 -0.3322 -0.3067 -0.0686 0.1149 0.2318 -0.1854 -0.3140 -0.3318 -0.2820 0.0285 0.1899 0.0094 -0.2820 -0.3285 -0.3166 -0.1332 0.0968 0.1902 0.0968 -0.1332 -0.3166 -0.3285 -0.2820 0.0094 0.1899 0.0285 -0.2820 -0.3318 -0.3140 -0.1854 0.2318 0.1149 -0.0686 -0.3067 -0.3322 -0.2993 -0.1117 0.2322 0.0761 -0.1966 -0.3218 -0.3268 -0.2712 0.0173 0.1909 0.0344 -0.2745 -0.3308 -0.3173 -0.2045 0.2046 0.1303 -0.0304 -0.3002 -0.3330 -0.3050 -0.1421 0.2416 0.0910 -0.1465 -0.3163 -0.3296 -0.2906 -0.0500 0.2101 0.0528 -0.2506 -0.2883
-0.2359 0.0644 0.2202 -0.0798 -0.2944 -0.3309 -0.3123 -0.1127 0.0999 0.2426 -0.1586 -0.3083 -0.3330 -0.2960 -0.0098 0.1415 0.1707 -0.2199 -0.3200 -0.3290 -0.2607 0.0461 0.2035 -0.0272 -0.2855 -0.3285 -0.3184 -0.1657 0.0851 0.2388 -0.1310 -0.3029 -0.3328 -0.3026 -0.0436 0.1235 0.2170 -0.1978 -0.3163 -0.3309 -0.2752 0.0356 0.1960 -0.0088 -0.2863 -0.3288 -0.3160 -0.1332 0.0988 0.2436 -0.0410 0.2436 0.0988 -0.1332 -0.3160 -0.3288 -0.2863 -0.0088 0.1960 0.0356 -0.2752 -0.3309 -0.3163 -0.1978 0.2170 0.1235 -0.0436 -0.3026 -0.3328 -0.3029 -0.1310 0.2388 0.0851 -0.1657 -0.3184 -0.3285 -0.2855 -0.0272 0.2035 0.0461 -0.2607 -0.3290 -0.3200 -0.2199 0.1707 0.1415 -0.0098 -0.2960 -0.3330 -0.3083 -0.1586 0.2426 0.0999 -0.1127 -0.3123 -0.3309 -0.2944 -0.0798 0.2202 0.0644 -0.2359
0.0581 0.2155 -0.0946 -0.2984 -0.3399 -0.3227 -0.0787 0.1046 0.2423 -0.1691 -0.3134 -0.3439 -0.2962 0.0076 0.1435 0.1472 -0.2317 -0.3265 -0.3413 -0.2406 0.0556 0.1964 -0.0482 -0.2919 -0.3368 -0.3302 -0.1298 0.0910 0.2422 -0.1422 -0.3075 -0.3430 -0.3085 -0.0206 0.1262 0.2064 -0.2071 -0.3219 -0.3429 -0.2644 0.0432 0.1843 -0.0151 -0.2892 -0.3356 -0.3298 -0.1217 0.0968 0.2436 -0.1648 -0.2919 -0.1648 0.2436 0.0968 -0.1217 -0.3298 -0.3356 -0.2892 -0.0151 0.1843 0.0432 -0.2644 -0.3429 -0.3219 -0.2071 0.2064 0.1262 -0.0206 -0.3085 -0.3430 -0.3075 -0.1422 0.2422 0.0910 -0.1298 -0.3302 -0.3368 -0.2919 -0.0482 0.1964 0.0556 -0.2406 -0.3413 -0.3265 -0.2317 0.1472 0.1435 0.0076 -0.2962 -0.3439 -0.3134 -0.1691 0.2423 0.1046 -0.0787 -0.3227 -0.3399 -0.2984 -0.0946 0.2155 0.0581
0.1481 0.1245 -0.2576 -0.3299 -0.3528 -0.2366 0.0604 0.2013 -0.0633 -0.2924 -0.3420 -0.3445 -0.1042 0.0948 0.2313 -0.1650 -0.3090 -0.3504 -0.3242 -0.0046 0.1332 0.1923 -0.2392 -0.3242 -0.3535 -0.2746 0.0455 0.1846 0.0030 -0.2851 -0.3374 -0.3491 -0.1614 0.0805 0.2227 -0.1298 -0.3027 -0.3476 -0.3330 -0.0304 0.1207 0.2163 -0.2286 -0.3213 -0.3526 -0.2786 0.0469 0.1902 -0.0410 -0.2919 -0.3282 -0.2919 -0.0410 0.1902 0.0469 -0.2786 -0.3526 -0.3213 -0.2286 0.2163 0.1207 -0.0304 -0.3330 -0.3476 -0.3027 -0.1298 0.2227 0.0805 -0.1614 -0.3491 -0.3374 -0.2851 0.0030 0.1846 0.0455 -0.2746 -0.3535 -0.3242 -0.2392 0.1923 0.1332 -0.0046 -0.3242 -0.3504 -0.3090 -0.1650 0.2313 0.0948 -0.1042 -0.3445 -0.3420 -0.2924 -0.0633 0.2013 0.0604 -0.2366 -0.3528 -0.3299 -0.2576 0.1245 0.1481
