0.2114 0.1958 0.2631 0.3813 0.4860 0.4049 0.1975 0.1857 0.2408 0.3459 0.4775 0.4431 0.2362 0.1795 0.2219 0.3137 0.4514 0.4680 0.2996 0.1788 0.2063 0.2849 0.4141 0.4823 0.3614 0.1844 0.1939 0.2596 0.3758 0.4857 0.4117 0.2012 0.1845 0.2377 0.3408 0.4747 0.4476 0.2450 0.1791 0.2193 0.3092 0.4462 0.4708 0.3095 0.1792 0.2042 0.2809 0.4083 0.4832 0.3743 0.2268 0.3743 0.4832 0.4083 0.2809 0.2042 0.1792 0.3095 0.4708 0.4462 0.3092 0.2193 0.1791 0.2450 0.4476 0.4747 0.3408 0.2377 0.1845 0.2012 0.4117 0.4857 0.3758 0.2596 0.1939 0.1844 0.3614 0.4823 0.4141 0.2849 0.2063 0.1788 0.2996 0.4680 0.4514 0.3137 0.2219 0.1795 0.2362 0.4431 0.4775 0.3459 0.2408 0.1857 0.1975 0.4049 0.4860 0.3813 0.2631 0.1958 0.2114
0.1958 0.2543 0.3831 0.4875 0.4060 0.1796 0.1614 0.2257 0.3423 0.4808 0.4431 0.2309 0.1539 0.2042 0.3068 0.4553 0.4678 0.3006 0.1538 0.1863 0.2748 0.4162 0.4827 0.3635 0.1618 0.1715 0.2466 0.3750 0.4874 0.4132 0.1852 0.1598 0.2221 0.3367 0.4782 0.4476 0.2413 0.1534 0.2013 0.3017 0.4499 0.4706 0.3108 0.1544 0.1838 0.2703 0.4099 0.4841 0.3714 0.1637 0.1484 0.1637 0.3714 0.4841 0.4099 0.2703 0.1838 0.1544 0.3108 0.4706 0.4499 0.3017 0.2013 0.1534 0.2413 0.4476 0.4782 0.3367 0.2221 0.1598 0.1852 0.4132 0.4874 0.3750 0.2466 0.1715 0.1618 0.3635 0.4827 0.4162 0.2748 0.1863 0.1538 0.3006 0.4678 0.4553 0.3068 0.2042 0.1539 0.2309 0.4431 0.4808 0.3423 0.2257 0.1614 0.1796 0.4060 0.4875 0.3831 0.2543 0.1958
0.2631 0.3831 0.4868 0.4131 0.1868 0.1590 0.2199 0.3325 0.4752 0.4502 0.2483 0.1531 0.1990 0.2976 0.4449 0.4721 0.3178 0.1548 0.1820 0.2667 0.4044 0.4842 0.3776 0.1656 0.1681 0.2396 0.3639 0.4857 0.4233 0.1962 0.1573 0.2161 0.3266 0.4716 0.4543 0.2592 0.1529 0.1962 0.2927 0.4390 0.4745 0.3277 0.1558 0.1797 0.2624 0.3981 0.4852 0.3853 0.1684 0.1631 0.1927 0.1631 0.1684 0.3853 0.4852 0.3981 0.2624 0.1797 0.1558 0.3277 0.4745 0.4390 0.2927 0.1962 0.1529 0.2592 0.4543 0.4716 0.3266 0.2161 0.1573 0.1962 0.4233 0.4857 0.3639 0.2396 0.1681 0.1656 0.3776 0.4842 0.4044 0.2667 0.1820 0.1548 0.3178 0.4721 0.4449 0.2976 0.1990 0.1531 0.2483 0.4502 0.4752 0.3325 0.2199 0.1590 0.1868 0.4131 0.4868 0.3831 0.2631
0.3813 0.4875 0.4131 0.1902 0.1577 0.2159 0.3249 0.4699 0.4564 0.2658 0.1528 0.1944 0.2894 0.4350 0.4761 0.3343 0.1566 0.1781 0.2595 0.3939 0.4858 0.3907 0.1707 0.1650 0.2332 0.3541 0.4839 0.4324 0.2099 0.1555 0.2107 0.3177 0.4649 0.4604 0.2772 0.1529 0.1917 0.2846 0.4290 0.4782 0.3437 0.1579 0.1760 0.2552 0.3877 0.4863 0.3981 0.1744 0.1634 0.2258 0.2848 0.2258 0.1634 0.1744 0.3981 0.4863 0.3877 0.2552 0.1760 0.1579 0.3437 0.4782 0.4290 0.2846 0.1917 0.1529 0.2772 0.4604 0.4649 0.3177 0.2107 0.1555 0.2099 0.4324 0.4839 0.3541 0.2332 0.1650 0.1707 0.3907 0.4858 0.3939 0.2595 0.1781 0.1566 0.3343 0.4761 0.4350 0.2894 0.1944 0.1528 0.2658 0.4564 0.4699 0.3249 0.2159 0.1577 0.1902 0.4131 0.4875 0.3813
0.4860 0.4060 0.1868 0.1577 0.2144 0.3203 0.4652 0.4612 0.2814 0.1530 0.1902 0.2816 0.4248 0.4795 0.3500 0.1589 0.1745 0.2524 0.3834 0.4866 0.4030 0.1773 0.1621 0.2271 0.3444 0.4810 0.4407 0.2257 0.1541 0.2055 0.3088 0.4569 0.4659 0.2951 0.1534 0.1874 0.2767 0.4184 0.4813 0.3589 0.1607 0.1724 0.2483 0.3773 0.4867 0.4098 0.1822 0.1605 0.2240 0.3379 0.4292 0.3379 0.2240 0.1605 0.1822 0.4098 0.4867 0.3773 0.2483 0.1724 0.1607 0.3589 0.4813 0.4184 0.2767 0.1874 0.1534 0.2951 0.4659 0.4569 0.3088 0.2055 0.1541 0.2257 0.4407 0.4810 0.3444 0.2271 0.1621 0.1773 0.4030 0.4866 0.3834 0.2524 0.1745 0.1589 0.3500 0.4795 0.4248 0.2816 0.1902 0.1530 0.2814 0.4612 0.4652 0.3203 0.2144 0.1577 0.1868 0.4060 0.4860
0.4049 0.1796 0.1590 0.2159 0.3203 0.4633 0.4638 0.2927 0.1535 0.1867 0.2747 0.4150 0.4822 0.3646 0.1620 0.1710 0.2455 0.3731 0.4865 0.4142 0.1861 0.1594 0.2212 0.3350 0.4767 0.4482 0.2430 0.1532 0.2005 0.3003 0.4479 0.4707 0.3125 0.1544 0.1832 0.2691 0.4078 0.4837 0.3733 0.1643 0.1691 0.2416 0.3671 0.4861 0.4203 0.1924 0.1580 0.2179 0.3300 0.4728 0.4758 0.4728 0.3300 0.2179 0.1580 0.1924 0.4203 0.4861 0.3671 0.2416 0.1691 0.1643 0.3733 0.4837 0.4078 0.2691 0.1832 0.1544 0.3125 0.4707 0.4479 0.3003 0.2005 0.1532 0.2430 0.4482 0.4767 0.3350 0.2212 0.1594 0.1861 0.4142 0.4865 0.3731 0.2455 0.1710 0.1620 0.3646 0.4822 0.4150 0.2747 0.1867 0.1535 0.2927 0.4638 0.4633 0.3203 0.2159 0.1590 0.1796 0.4049
0.1975 0.1614 0.2199 0.3249 0.4652 0.4638 0.2968 0.1539 0.1843 0.2693 0.4064 0.4842 0.3774 0.1658 0.1679 0.2391 0.3631 0.4856 0.4243 0.1974 0.1571 0.2156 0.3258 0.4711 0.4549 0.2609 0.1529 0.1958 0.2919 0.4382 0.4749 0.3293 0.1560 0.1793 0.2617 0.3972 0.4854 0.3867 0.1690 0.1659 0.2352 0.3571 0.4846 0.4297 0.2054 0.1560 0.2124 0.3205 0.4674 0.4564 0.3716 0.4564 0.4674 0.3205 0.2124 0.1560 0.2054 0.4297 0.4846 0.3571 0.2352 0.1659 0.1690 0.3867 0.4854 0.3972 0.2617 0.1793 0.1560 0.3293 0.4749 0.4382 0.2919 0.1958 0.1529 0.2609 0.4549 0.4711 0.3258 0.2156 0.1571 0.1974 0.4243 0.4856 0.3631 0.2391 0.1679 0.1658 0.3774 0.4842 0.4064 0.2693 0.1843 0.1539 0.2968 0.4638 0.4652 0.3249 0.2199 0.1614 0.1975
0.1857 0.2257 0.3325 0.4699 0.4612 0.2927 0.1539 0.1834 0.2663 0.4004 0.4853 0.3877 0.1700 0.1651 0.2332 0.3536 0.4837 0.4332 0.2114 0.1553 0.2102 0.3168 0.4642 0.4609 0.2790 0.1529 0.1913 0.2838 0.4279 0.4785 0.3452 0.1581 0.1756 0.2545 0.3866 0.4864 0.3993 0.1751 0.1630 0.2290 0.3474 0.4820 0.4382 0.2206 0.1545 0.2071 0.3116 0.4595 0.4638 0.2953 0.1631 0.2953 0.4638 0.4595 0.3116 0.2071 0.1545 0.2206 0.4382 0.4820 0.3474 0.2290 0.1630 0.1751 0.3993 0.4864 0.3866 0.2545 0.1756 0.1581 0.3452 0.4785 0.4279 0.2838 0.1913 0.1529 0.2790 0.4609 0.4642 0.3168 0.2102 0.1553 0.2114 0.4332 0.4837 0.3536 0.2332 0.1651 0.1700 0.3877 0.4853 0.4004 0.2663 0.1834 0.1539 0.2927 0.4612 0.4699 0.3325 0.2257 0.1857
0.2408 0.3423 0.4752 0.4564 0.2814 0.1535 0.1843 0.2663 0.3983 0.4858 0.3945 0.1741 0.1629 0.2282 0.3452 0.4810 0.4411 0.2269 0.1540 0.2050 0.3080 0.4560 0.4664 0.2969 0.1535 0.1869 0.2760 0.4174 0.4815 0.3604 0.1610 0.1721 0.2476 0.3762 0.4866 0.4109 0.1831 0.1602 0.2230 0.3379 0.4782 0.4459 0.2375 0.1535 0.2021 0.3029 0.4508 0.4693 0.3067 0.1525 0.1568 0.1525 0.3067 0.4693 0.4508 0.3029 0.2021 0.1535 0.2375 0.4459 0.4782 0.3379 0.2230 0.1602 0.1831 0.4109 0.4866 0.3762 0.2476 0.1721 0.1610 0.3604 0.4815 0.4174 0.2760 0.1869 0.1535 0.2969 0.4664 0.4560 0.3080 0.2050 0.1540 0.2269 0.4411 0.4810 0.3452 0.2282 0.1629 0.1741 0.3945 0.4858 0.3983 0.2663 0.1843 0.1535 0.2814 0.4564 0.4752 0.3423 0.2408
0.3459 0.4808 0.4502 0.2658 0.1530 0.1867 0.2693 0.4004 0.4858 0.3969 0.1766 0.1615 0.2244 0.3382 0.4777 0.4475 0.2425 0.1532 0.2003 0.2996 0.4470 0.4711 0.3142 0.1546 0.1828 0.2684 0.4068 0.4839 0.3746 0.1647 0.1688 0.2410 0.3661 0.4860 0.4213 0.1936 0.1577 0.2173 0.3286 0.4730 0.4529 0.2553 0.1529 0.1972 0.2945 0.4412 0.4737 0.3241 0.1555 0.1770 0.2141 0.1770 0.1555 0.3241 0.4737 0.4412 0.2945 0.1972 0.1529 0.2553 0.4529 0.4730 0.3286 0.2173 0.1577 0.1936 0.4213 0.4860 0.3661 0.2410 0.1688 0.1647 0.3746 0.4839 0.4068 0.2684 0.1828 0.1546 0.3142 0.4711 0.4470 0.2996 0.2003 0.1532 0.2425 0.4475 0.4777 0.3382 0.2244 0.1615 0.1766 0.3969 0.4858 0.4004 0.2693 0.1867 0.1530 0.2658 0.4502 0.4808 0.3459
0.4775 0.4431 0.2483 0.1528 0.1902 0.2747 0.4064 0.4853 0.3945 0.1766 0.1610 0.2223 0.3335 0.4746 0.4524 0.2566 0.1529 0.1960 0.2919 0.4376 0.4752 0.3308 0.1562 0.1789 0.2610 0.3961 0.4855 0.3880 0.1695 0.1656 0.2346 0.3562 0.4844 0.4306 0.2068 0.1558 0.2118 0.3195 0.4664 0.4591 0.2734 0.1529 0.1926 0.2863 0.4311 0.4775 0.3404 0.1574 0.1770 0.2532 0.3227 0.2532 0.1770 0.1574 0.3404 0.4775 0.4311 0.2863 0.1926 0.1529 0.2734 0.4591 0.4664 0.3195 0.2118 0.1558 0.2068 0.4306 0.4844 0.3562 0.2346 0.1656 0.1695 0.3880 0.4855 0.3961 0.2610 0.1789 0.1562 0.3308 0.4752 0.4376 0.2919 0.1960 0.1529 0.2566 0.4524 0.4746 0.3335 0.2223 0.1610 0.1766 0.3945 0.4853 0.4064 0.2747 0.1902 0.1528 0.2483 0.4431 0.4775
0.4431 0.2309 0.1531 0.1944 0.2816 0.4150 0.4842 0.3877 0.1741 0.1615 0.2223 0.3318 0.4726 0.4555 0.2675 0.1528 0.1925 0.2851 0.4286 0.4785 0.3459 0.1583 0.1753 0.2539 0.3856 0.4865 0.4005 0.1758 0.1627 0.2284 0.3465 0.4817 0.4390 0.2222 0.1544 0.2066 0.3107 0.4587 0.4647 0.2914 0.1533 0.1883 0.2784 0.4207 0.4807 0.3558 0.1600 0.1732 0.2502 0.3798 0.4660 0.3798 0.2502 0.1732 0.1600 0.3558 0.4807 0.4207 0.2784 0.1883 0.1533 0.2914 0.4647 0.4587 0.3107 0.2066 0.1544 0.2222 0.4390 0.4817 0.3465 0.2284 0.1627 0.1758 0.4005 0.4865 0.3856 0.2539 0.1753 0.1583 0.3459 0.4785 0.4286 0.2851 0.1925 0.1528 0.2675 0.4555 0.4726 0.3318 0.2223 0.1615 0.1741 0.3877 0.4842 0.4150 0.2816 0.1944 0.1531 0.2309 0.4431
0.2362 0.1539 0.1990 0.2894 0.4248 0.4822 0.3774 0.1700 0.1629 0.2244 0.3335 0.4726 0.4567 0.2734 0.1529 0.1899 0.2796 0.4206 0.4810 0.3591 0.1609 0.1720 0.2473 0.3754 0.4866 0.4119 0.1840 0.1599 0.2225 0.3370 0.4777 0.4466 0.2393 0.1534 0.2016 0.3021 0.4499 0.4697 0.3089 0.1542 0.1841 0.2707 0.4101 0.4832 0.3703 0.1635 0.1698 0.2431 0.3697 0.4845 0.4593 0.4845 0.3697 0.2431 0.1698 0.1635 0.3703 0.4832 0.4101 0.2707 0.1841 0.1542 0.3089 0.4697 0.4499 0.3021 0.2016 0.1534 0.2393 0.4466 0.4777 0.3370 0.2225 0.1599 0.1840 0.4119 0.4866 0.3754 0.2473 0.1720 0.1609 0.3591 0.4810 0.4206 0.2796 0.1899 0.1529 0.2734 0.4567 0.4726 0.3335 0.2244 0.1629 0.1700 0.3774 0.4822 0.4248 0.2894 0.1990 0.1539 0.2362
0.1795 0.2042 0.2976 0.4350 0.4795 0.3646 0.1658 0.1651 0.2282 0.3382 0.4746 0.4555 0.2734 0.1530 0.1886 0.2761 0.4145 0.4828 0.3699 0.1639 0.1691 0.2413 0.3660 0.4860 0.4220 0.1947 0.1575 0.2168 0.3277 0.4724 0.4535 0.2571 0.1529 0.1968 0.2937 0.4403 0.4741 0.3258 0.1556 0.1801 0.2632 0.3994 0.4851 0.3840 0.1679 0.1666 0.2365 0.3593 0.4849 0.4268 0.3103 0.4268 0.4849 0.3593 0.2365 0.1666 0.1679 0.3840 0.4851 0.3994 0.2632 0.1801 0.1556 0.3258 0.4741 0.4403 0.2937 0.1968 0.1529 0.2571 0.4535 0.4724 0.3277 0.2168 0.1575 0.1947 0.4220 0.4860 0.3660 0.2413 0.1691 0.1639 0.3699 0.4828 0.4145 0.2761 0.1886 0.1530 0.2734 0.4555 0.4746 0.3382 0.2282 0.1651 0.1658 0.3646 0.4795 0.4350 0.2976 0.2042 0.1795
0.2219 0.3068 0.4449 0.4761 0.3500 0.1620 0.1679 0.2332 0.3452 0.4777 0.4524 0.2675 0.1529 0.1886 0.2749 0.4113 0.4837 0.3776 0.1667 0.1668 0.2361 0.3575 0.4845 0.4306 0.2074 0.1557 0.2114 0.3187 0.4657 0.4597 0.2752 0.1529 0.1922 0.2855 0.4301 0.4778 0.3419 0.1576 0.1764 0.2560 0.3888 0.4863 0.3968 0.1736 0.1636 0.2303 0.3495 0.4827 0.4360 0.2219 0.1478 0.2219 0.4360 0.4827 0.3495 0.2303 0.1636 0.1736 0.3968 0.4863 0.3888 0.2560 0.1764 0.1576 0.3419 0.4778 0.4301 0.2855 0.1922 0.1529 0.2752 0.4597 0.4657 0.3187 0.2114 0.1557 0.2074 0.4306 0.4845 0.3575 0.2361 0.1668 0.1667 0.3776 0.4837 0.4113 0.2749 0.1886 0.1529 0.2675 0.4524 0.4777 0.3452 0.2332 0.1679 0.1620 0.3500 0.4761 0.4449 0.3068 0.2219
0.3137 0.4553 0.4721 0.3343 0.1589 0.1710 0.2391 0.3536 0.4810 0.4475 0.2566 0.1528 0.1899 0.2761 0.4113 0.4841 0.3816 0.1689 0.1651 0.2320 0.3504 0.4826 0.4378 0.2210 0.1544 0.2065 0.3102 0.4580 0.4652 0.2931 0.1533 0.1878 0.2776 0.4196 0.4809 0.3573 0.1603 0.1728 0.2491 0.3784 0.4867 0.4085 0.1812 0.1607 0.2243 0.3399 0.4791 0.4444 0.2334 0.1513 0.1692 0.1513 0.2334 0.4444 0.4791 0.3399 0.2243 0.1607 0.1812 0.4085 0.4867 0.3784 0.2491 0.1728 0.1603 0.3573 0.4809 0.4196 0.2776 0.1878 0.1533 0.2931 0.4652 0.4580 0.3102 0.2065 0.1544 0.2210 0.4378 0.4826 0.3504 0.2320 0.1651 0.1689 0.3816 0.4841 0.4113 0.2761 0.1899 0.1528 0.2566 0.4475 0.4810 0.3536 0.2391 0.1710 0.1589 0.3343 0.4721 0.4553 0.3137
0.4514 0.4678 0.3178 0.1566 0.1745 0.2455 0.3631 0.4837 0.4411 0.2425 0.1529 0.1925 0.2796 0.4145 0.4837 0.3816 0.1697 0.1643 0.2295 0.3452 0.4804 0.4434 0.2342 0.1535 0.2020 0.3023 0.4497 0.4700 0.3103 0.1543 0.1837 0.2699 0.4090 0.4834 0.3717 0.1638 0.1694 0.2424 0.3682 0.4862 0.4192 0.1912 0.1582 0.2185 0.3306 0.4742 0.4515 0.2515 0.1531 0.1945 0.2400 0.1945 0.1531 0.2515 0.4515 0.4742 0.3306 0.2185 0.1582 0.1912 0.4192 0.4862 0.3682 0.2424 0.1694 0.1638 0.3717 0.4834 0.4090 0.2699 0.1837 0.1543 0.3103 0.4700 0.4497 0.3023 0.2020 0.1535 0.2342 0.4434 0.4804 0.3452 0.2295 0.1643 0.1697 0.3816 0.4837 0.4145 0.2796 0.1925 0.1529 0.2425 0.4411 0.4837 0.3631 0.2455 0.1745 0.1566 0.3178 0.4678 0.4514
0.4680 0.3006 0.1548 0.1781 0.2524 0.3731 0.4856 0.4332 0.2269 0.1532 0.1960 0.2851 0.4206 0.4828 0.3776 0.1689 0.1643 0.2286 0.3425 0.4787 0.4473 0.2452 0.1531 0.1983 0.2953 0.4413 0.4739 0.3259 0.1557 0.1798 0.2626 0.3984 0.4852 0.3853 0.1684 0.1663 0.2359 0.3583 0.4848 0.4287 0.2038 0.1562 0.2130 0.3214 0.4679 0.4579 0.2696 0.1529 0.1939 0.2852 0.3653 0.2852 0.1939 0.1529 0.2696 0.4579 0.4679 0.3214 0.2130 0.1562 0.2038 0.4287 0.4848 0.3583 0.2359 0.1663 0.1684 0.3853 0.4852 0.3984 0.2626 0.1798 0.1557 0.3259 0.4739 0.4413 0.2953 0.1983 0.1531 0.2452 0.4473 0.4787 0.3425 0.2286 0.1643 0.1689 0.3776 0.4828 0.4206 0.2851 0.1960 0.1532 0.2269 0.4332 0.4856 0.3731 0.2524 0.1781 0.1548 0.3006 0.4680
0.2996 0.1538 0.1820 0.2595 0.3834 0.4865 0.4243 0.2114 0.1540 0.2003 0.2919 0.4286 0.4810 0.3699 0.1667 0.1651 0.2295 0.3425 0.4781 0.4493 0.2524 0.1529 0.1954 0.2896 0.4336 0.4771 0.3399 0.1575 0.1764 0.2557 0.3881 0.4863 0.3979 0.1743 0.1633 0.2297 0.3485 0.4824 0.4373 0.2188 0.1546 0.2077 0.3125 0.4604 0.4636 0.2876 0.1531 0.1892 0.2805 0.4235 0.4815 0.4235 0.2805 0.1892 0.1531 0.2876 0.4636 0.4604 0.3125 0.2077 0.1546 0.2188 0.4373 0.4824 0.3485 0.2297 0.1633 0.1743 0.3979 0.4863 0.3881 0.2557 0.1764 0.1575 0.3399 0.4771 0.4336 0.2896 0.1954 0.1529 0.2524 0.4493 0.4781 0.3425 0.2295 0.1651 0.1667 0.3699 0.4810 0.4286 0.2919 0.2003 0.1540 0.2114 0.4243 0.4865 0.3834 0.2595 0.1820 0.1538 0.2996
0.1788 0.1863 0.2667 0.3939 0.4866 0.4142 0.1974 0.1553 0.2050 0.2996 0.4376 0.4785 0.3591 0.1639 0.1668 0.2320 0.3452 0.4787 0.4493 0.2548 0.1528 0.1936 0.2854 0.4273 0.4794 0.3517 0.1596 0.1733 0.2495 0.3785 0.4867 0.4092 0.1820 0.1605 0.2237 0.3390 0.4787 0.4451 0.2356 0.1536 0.2026 0.3039 0.4518 0.4687 0.3052 0.1539 0.1850 0.2723 0.4128 0.4804 0.4323 0.4804 0.4128 0.2723 0.1850 0.1539 0.3052 0.4687 0.4518 0.3039 0.2026 0.1536 0.2356 0.4451 0.4787 0.3390 0.2237 0.1605 0.1820 0.4092 0.4867 0.3785 0.2495 0.1733 0.1596 0.3517 0.4794 0.4273 0.2854 0.1936 0.1528 0.2548 0.4493 0.4787 0.3452 0.2320 0.1668 0.1639 0.3591 0.4785 0.4376 0.2996 0.2050 0.1553 0.1974 0.4142 0.4866 0.3939 0.2667 0.1863 0.1788
0.2063 0.2748 0.4044 0.4858 0.4030 0.1861 0.1571 0.2102 0.3080 0.4470 0.4752 0.3459 0.1609 0.1691 0.2361 0.3504 0.4804 0.4473 0.2524 0.1528 0.1930 0.2833 0.4232 0.4809 0.3607 0.1618 0.1708 0.2441 0.3697 0.4863 0.4190 0.1915 0.1581 0.2181 0.3297 0.4736 0.4521 0.2533 0.1530 0.1978 0.2954 0.4423 0.4732 0.3223 0.1553 0.1809 0.2648 0.4017 0.4845 0.3836 0.2379 0.3836 0.4845 0.4017 0.2648 0.1809 0.1553 0.3223 0.4732 0.4423 0.2954 0.1978 0.1530 0.2533 0.4521 0.4736 0.3297 0.2181 0.1581 0.1915 0.4190 0.4863 0.3697 0.2441 0.1708 0.1618 0.3607 0.4809 0.4232 0.2833 0.1930 0.1528 0.2524 0.4473 0.4804 0.3504 0.2361 0.1691 0.1609 0.3459 0.4752 0.4470 0.3080 0.2102 0.1571 0.1861 0.4030 0.4858 0.4044 0.2748 0.2063
0.2849 0.4162 0.4842 0.3907 0.1773 0.1594 0.2156 0.3168 0.4560 0.4711 0.3308 0.1583 0.1720 0.2413 0.3575 0.4826 0.4434 0.2452 0.1529 0.1936 0.2833 0.4218 0.4816 0.3662 0.1636 0.1688 0.2397 0.3623 0.4853 0.4272 0.2025 0.1562 0.2129 0.3210 0.4674 0.4584 0.2714 0.1528 0.1931 0.2872 0.4323 0.4771 0.3386 0.1572 0.1771 0.2575 0.3911 0.4861 0.3937 0.1729 0.1464 0.1729 0.3937 0.4861 0.3911 0.2575 0.1771 0.1572 0.3386 0.4771 0.4323 0.2872 0.1931 0.1528 0.2714 0.4584 0.4674 0.3210 0.2129 0.1562 0.2025 0.4272 0.4853 0.3623 0.2397 0.1688 0.1636 0.3662 0.4816 0.4218 0.2833 0.1936 0.1529 0.2452 0.4434 0.4826 0.3575 0.2413 0.1720 0.1583 0.3308 0.4711 0.4560 0.3168 0.2156 0.1594 0.1773 0.3907 0.4842 0.4162 0.2849
0.4141 0.4827 0.3776 0.1707 0.1621 0.2212 0.3258 0.4642 0.4664 0.3142 0.1562 0.1753 0.2473 0.3660 0.4845 0.4378 0.2342 0.1531 0.1954 0.2854 0.4232 0.4816 0.3681 0.1646 0.1676 0.2366 0.3566 0.4840 0.4337 0.2142 0.1549 0.2082 0.3129 0.4603 0.4639 0.2890 0.1532 0.1887 0.2793 0.4219 0.4803 0.3541 0.1597 0.1735 0.2505 0.3806 0.4866 0.4061 0.1793 0.1584 0.1851 0.1584 0.1793 0.4061 0.4866 0.3806 0.2505 0.1735 0.1597 0.3541 0.4803 0.4219 0.2793 0.1887 0.1532 0.2890 0.4639 0.4603 0.3129 0.2082 0.1549 0.2142 0.4337 0.4840 0.3566 0.2366 0.1676 0.1646 0.3681 0.4816 0.4232 0.2854 0.1954 0.1531 0.2342 0.4378 0.4845 0.3660 0.2473 0.1753 0.1562 0.3142 0.4664 0.4642 0.3258 0.2212 0.1621 0.1707 0.3776 0.4827 0.4141
0.4823 0.3635 0.1656 0.1650 0.2271 0.3350 0.4711 0.4609 0.2969 0.1546 0.1789 0.2539 0.3754 0.4860 0.4306 0.2210 0.1535 0.1983 0.2896 0.4273 0.4809 0.3662 0.1646 0.1672 0.2350 0.3530 0.4828 0.4384 0.2248 0.1540 0.2042 0.3056 0.4528 0.4685 0.3054 0.1540 0.1846 0.2716 0.4113 0.4829 0.3687 0.1630 0.1701 0.2438 0.3704 0.4864 0.4170 0.1888 0.1589 0.2158 0.2708 0.2158 0.1589 0.1888 0.4170 0.4864 0.3704 0.2438 0.1701 0.1630 0.3687 0.4829 0.4113 0.2716 0.1846 0.1540 0.3054 0.4685 0.4528 0.3056 0.2042 0.1540 0.2248 0.4384 0.4828 0.3530 0.2350 0.1672 0.1646 0.3662 0.4809 0.4273 0.2896 0.1983 0.1535 0.2210 0.4306 0.4860 0.3754 0.2539 0.1789 0.1546 0.2969 0.4609 0.4711 0.3350 0.2271 0.1650 0.1656 0.3635 0.4823
0.3614 0.1618 0.1681 0.2332 0.3444 0.4767 0.4549 0.2790 0.1535 0.1828 0.2610 0.3856 0.4866 0.4220 0.2074 0.1544 0.2020 0.2953 0.4336 0.4794 0.3607 0.1636 0.1676 0.2350 0.3517 0.4820 0.4413 0.2325 0.1535 0.2010 0.2995 0.4455 0.4723 0.3202 0.1552 0.1809 0.2644 0.4008 0.4849 0.3825 0.1673 0.1669 0.2372 0.3603 0.4852 0.4268 0.2009 0.1566 0.2145 0.3218 0.4109 0.3218 0.2145 0.1566 0.2009 0.4268 0.4852 0.3603 0.2372 0.1669 0.1673 0.3825 0.4849 0.4008 0.2644 0.1809 0.1552 0.3202 0.4723 0.4455 0.2995 0.2010 0.1535 0.2325 0.4413 0.4820 0.3517 0.2350 0.1676 0.1636 0.3607 0.4794 0.4336 0.2953 0.2020 0.1544 0.2074 0.4220 0.4866 0.3856 0.2610 0.1828 0.1535 0.2790 0.4549 0.4767 0.3444 0.2332 0.1681 0.1618 0.3614
0.1844 0.1715 0.2396 0.3541 0.4810 0.4482 0.2609 0.1529 0.1869 0.2684 0.3961 0.4865 0.4119 0.1947 0.1557 0.2065 0.3023 0.4413 0.4771 0.3517 0.1618 0.1688 0.2366 0.3530 0.4820 0.4423 0.2367 0.1532 0.1988 0.2948 0.4393 0.4752 0.3330 0.1567 0.1777 0.2579 0.3910 0.4861 0.3950 0.1728 0.1639 0.2310 0.3505 0.4830 0.4356 0.2155 0.1549 0.2088 0.3149 0.4618 0.4798 0.4618 0.3149 0.2088 0.1549 0.2155 0.4356 0.4830 0.3505 0.2310 0.1639 0.1728 0.3950 0.4861 0.3910 0.2579 0.1777 0.1567 0.3330 0.4752 0.4393 0.2948 0.1988 0.1532 0.2367 0.4423 0.4820 0.3530 0.2366 0.1688 0.1618 0.3517 0.4771 0.4413 0.3023 0.2065 0.1557 0.1947 0.4119 0.4865 0.3961 0.2684 0.1869 0.1529 0.2609 0.4482 0.4810 0.3541 0.2396 0.1715 0.1844
0.1939 0.2466 0.3639 0.4839 0.4407 0.2430 0.1529 0.1913 0.2760 0.4068 0.4855 0.4005 0.1840 0.1575 0.2114 0.3102 0.4497 0.4739 0.3399 0.1596 0.1708 0.2397 0.3566 0.4828 0.4413 0.2367 0.1531 0.1977 0.2919 0.4347 0.4773 0.3430 0.1583 0.1749 0.2522 0.3821 0.4866 0.4060 0.1797 0.1612 0.2251 0.3410 0.4796 0.4435 0.2319 0.1537 0.2037 0.3057 0.4541 0.4654 0.3924 0.4654 0.4541 0.3057 0.2037 0.1537 0.2319 0.4435 0.4796 0.3410 0.2251 0.1612 0.1797 0.4060 0.4866 0.3821 0.2522 0.1749 0.1583 0.3430 0.4773 0.4347 0.2919 0.1977 0.1531 0.2367 0.4413 0.4828 0.3566 0.2397 0.1708 0.1596 0.3399 0.4739 0.4497 0.3102 0.2114 0.1575 0.1840 0.4005 0.4855 0.4068 0.2760 0.1913 0.1529 0.2430 0.4407 0.4839 0.3639 0.2466 0.1939
0.2596 0.3750 0.4857 0.4324 0.2257 0.1532 0.1958 0.2838 0.4174 0.4839 0.3880 0.1758 0.1599 0.2168 0.3187 0.4580 0.4700 0.3259 0.1575 0.1733 0.2441 0.3623 0.4840 0.4384 0.2325 0.1532 0.1977 0.2910 0.4324 0.4784 0.3498 0.1597 0.1727 0.2475 0.3743 0.4865 0.4154 0.1880 0.1588 0.2196 0.3320 0.4749 0.4507 0.2495 0.1530 0.1988 0.2972 0.4444 0.4719 0.3241 0.1767 0.3241 0.4719 0.4444 0.2972 0.1988 0.1530 0.2495 0.4507 0.4749 0.3320 0.2196 0.1588 0.1880 0.4154 0.4865 0.3743 0.2475 0.1727 0.1597 0.3498 0.4784 0.4324 0.2910 0.1977 0.1532 0.2325 0.4384 0.4840 0.3623 0.2441 0.1733 0.1575 0.3259 0.4700 0.4580 0.3187 0.2168 0.1599 0.1758 0.3880 0.4839 0.4174 0.2838 0.1958 0.1532 0.2257 0.4324 0.4857 0.3750 0.2596
0.3758 0.4874 0.4233 0.2099 0.1541 0.2005 0.2919 0.4279 0.4815 0.3746 0.1695 0.1627 0.2225 0.3277 0.4657 0.4652 0.3103 0.1557 0.1764 0.2495 0.3697 0.4853 0.4337 0.2248 0.1535 0.1988 0.2919 0.4324 0.4788 0.3532 0.1607 0.1712 0.2439 0.3681 0.4860 0.4230 0.1974 0.1569 0.2147 0.3237 0.4693 0.4569 0.2672 0.1528 0.1941 0.2889 0.4345 0.4763 0.3347 0.1556 0.1527 0.1556 0.3347 0.4763 0.4345 0.2889 0.1941 0.1528 0.2672 0.4569 0.4693 0.3237 0.2147 0.1569 0.1974 0.4230 0.4860 0.3681 0.2439 0.1712 0.1607 0.3532 0.4788 0.4324 0.2919 0.1988 0.1535 0.2248 0.4337 0.4853 0.3697 0.2495 0.1764 0.1557 0.3103 0.4652 0.4657 0.3277 0.2225 0.1627 0.1695 0.3746 0.4815 0.4279 0.2919 0.2005 0.1541 0.2099 0.4233 0.4874 0.3758
0.4857 0.4132 0.1962 0.1555 0.2055 0.3003 0.4382 0.4785 0.3604 0.1647 0.1656 0.2284 0.3370 0.4724 0.4597 0.2931 0.1543 0.1798 0.2557 0.3785 0.4863 0.4272 0.2142 0.1540 0.2010 0.2948 0.4347 0.4784 0.3532 0.1611 0.1705 0.2418 0.3637 0.4853 0.4287 0.2066 0.1555 0.2103 0.3161 0.4629 0.4622 0.2840 0.1530 0.1897 0.2810 0.4241 0.4797 0.3508 0.1591 0.1709 0.2048 0.1709 0.1591 0.3508 0.4797 0.4241 0.2810 0.1897 0.1530 0.2840 0.4622 0.4629 0.3161 0.2103 0.1555 0.2066 0.4287 0.4853 0.3637 0.2418 0.1705 0.1611 0.3532 0.4784 0.4347 0.2948 0.2010 0.1540 0.2142 0.4272 0.4863 0.3785 0.2557 0.1798 0.1543 0.2931 0.4597 0.4724 0.3370 0.2284 0.1656 0.1647 0.3604 0.4785 0.4382 0.3003 0.2055 0.1555 0.1962 0.4132 0.4857
0.4117 0.1852 0.1573 0.2107 0.3088 0.4479 0.4749 0.3452 0.1610 0.1688 0.2346 0.3465 0.4777 0.4535 0.2752 0.1533 0.1837 0.2626 0.3881 0.4867 0.4190 0.2025 0.1549 0.2042 0.2995 0.4393 0.4773 0.3498 0.1607 0.1705 0.2411 0.3615 0.4847 0.4324 0.2144 0.1546 0.2068 0.3095 0.4564 0.4667 0.2995 0.1537 0.1858 0.2735 0.4137 0.4824 0.3657 0.1623 0.1711 0.2415 0.3067 0.2415 0.1711 0.1623 0.3657 0.4824 0.4137 0.2735 0.1858 0.1537 0.2995 0.4667 0.4564 0.3095 0.2068 0.1546 0.2144 0.4324 0.4847 0.3615 0.2411 0.1705 0.1607 0.3498 0.4773 0.4393 0.2995 0.2042 0.1549 0.2025 0.4190 0.4867 0.3881 0.2626 0.1837 0.1533 0.2752 0.4535 0.4777 0.3465 0.2346 0.1688 0.1610 0.3452 0.4749 0.4479 0.3088 0.2107 0.1573 0.1852 0.4117
0.2012 0.1598 0.2161 0.3177 0.4569 0.4707 0.3293 0.1581 0.1721 0.2410 0.3562 0.4817 0.4466 0.2571 0.1529 0.1878 0.2699 0.3984 0.4863 0.4092 0.1915 0.1562 0.2082 0.3056 0.4455 0.4752 0.3430 0.1597 0.1712 0.2418 0.3615 0.4845 0.4343 0.2194 0.1541 0.2042 0.3044 0.4504 0.4703 0.3133 0.1546 0.1822 0.2667 0.4038 0.4845 0.3794 0.1663 0.1676 0.2390 0.3624 0.4531 0.3624 0.2390 0.1676 0.1663 0.3794 0.4845 0.4038 0.2667 0.1822 0.1546 0.3133 0.4703 0.4504 0.3044 0.2042 0.1541 0.2194 0.4343 0.4845 0.3615 0.2418 0.1712 0.1597 0.3430 0.4752 0.4455 0.3056 0.2082 0.1562 0.1915 0.4092 0.4863 0.3984 0.2699 0.1878 0.1529 0.2571 0.4466 0.4817 0.3562 0.2410 0.1721 0.1581 0.3293 0.4707 0.4569 0.3177 0.2161 0.1598 0.2012
0.1845 0.2221 0.3266 0.4649 0.4659 0.3125 0.1560 0.1756 0.2476 0.3661 0.4844 0.4390 0.2393 0.1529 0.1922 0.2776 0.4090 0.4852 0.3979 0.1820 0.1581 0.2129 0.3129 0.4528 0.4723 0.3330 0.1583 0.1727 0.2439 0.3637 0.4847 0.4343 0.2211 0.1539 0.2026 0.3008 0.4456 0.4729 0.3245 0.1558 0.1792 0.2606 0.3946 0.4858 0.3916 0.1713 0.1646 0.2324 0.3531 0.4821 0.4672 0.4821 0.3531 0.2324 0.1646 0.1713 0.3916 0.4858 0.3946 0.2606 0.1792 0.1558 0.3245 0.4729 0.4456 0.3008 0.2026 0.1539 0.2211 0.4343 0.4847 0.3637 0.2439 0.1727 0.1583 0.3330 0.4723 0.4528 0.3129 0.2129 0.1581 0.1820 0.3979 0.4852 0.4090 0.2776 0.1922 0.1529 0.2393 0.4390 0.4844 0.3661 0.2476 0.1756 0.1560 0.3125 0.4659 0.4649 0.3266 0.2221 0.1845
0.2377 0.3367 0.4716 0.4604 0.2951 0.1544 0.1793 0.2545 0.3762 0.4860 0.4306 0.2222 0.1534 0.1968 0.2855 0.4196 0.4834 0.3853 0.1743 0.1605 0.2181 0.3210 0.4603 0.4685 0.3202 0.1567 0.1749 0.2475 0.3681 0.4853 0.4324 0.2194 0.1539 0.2021 0.2990 0.4425 0.4746 0.3327 0.1569 0.1767 0.2554 0.3863 0.4865 0.4022 0.1774 0.1619 0.2265 0.3432 0.4805 0.4402 0.3368 0.4402 0.4805 0.3432 0.2265 0.1619 0.1774 0.4022 0.4865 0.3863 0.2554 0.1767 0.1569 0.3327 0.4746 0.4425 0.2990 0.2021 0.1539 0.2194 0.4324 0.4853 0.3681 0.2475 0.1749 0.1567 0.3202 0.4685 0.4603 0.3210 0.2181 0.1605 0.1743 0.3853 0.4834 0.4196 0.2855 0.1968 0.1534 0.2222 0.4306 0.4860 0.3762 0.2545 0.1793 0.1544 0.2951 0.4604 0.4716 0.3367 0.2377
0.3408 0.4782 0.4543 0.2772 0.1534 0.1832 0.2617 0.3866 0.4866 0.4213 0.2068 0.1544 0.2016 0.2937 0.4301 0.4809 0.3717 0.1684 0.1633 0.2237 0.3297 0.4674 0.4639 0.3054 0.1552 0.1777 0.2522 0.3743 0.4860 0.4287 0.2144 0.1541 0.2026 0.2990 0.4415 0.4754 0.3378 0.1578 0.1749 0.2514 0.3795 0.4867 0.4111 0.1844 0.1596 0.2212 0.3345 0.4762 0.4485 0.2508 0.1518 0.2508 0.4485 0.4762 0.3345 0.2212 0.1596 0.1844 0.4111 0.4867 0.3795 0.2514 0.1749 0.1578 0.3378 0.4754 0.4415 0.2990 0.2026 0.1541 0.2144 0.4287 0.4860 0.3743 0.2522 0.1777 0.1552 0.3054 0.4639 0.4674 0.3297 0.2237 0.1633 0.1684 0.3717 0.4809 0.4301 0.2937 0.2016 0.1544 0.2068 0.4213 0.4866 0.3866 0.2617 0.1832 0.1534 0.2772 0.4543 0.4782 0.3408
0.4747 0.4476 0.2592 0.1529 0.1874 0.2691 0.3972 0.4864 0.4109 0.1936 0.1558 0.2066 0.3021 0.4403 0.4778 0.3573 0.1638 0.1663 0.2297 0.3390 0.4736 0.4584 0.2890 0.1540 0.1809 0.2579 0.3821 0.4865 0.4230 0.2066 0.1546 0.2042 0.3008 0.4425 0.4754 0.3395 0.1584 0.1738 0.2486 0.3745 0.4865 0.4179 0.1918 0.1577 0.2166 0.3266 0.4712 0.4552 0.2618 0.1508 0.1639 0.1508 0.2618 0.4552 0.4712 0.3266 0.2166 0.1577 0.1918 0.4179 0.4865 0.3745 0.2486 0.1738 0.1584 0.3395 0.4754 0.4425 0.3008 0.2042 0.1546 0.2066 0.4230 0.4865 0.3821 0.2579 0.1809 0.1540 0.2890 0.4584 0.4736 0.3390 0.2297 0.1663 0.1638 0.3573 0.4778 0.4403 0.3021 0.2066 0.1558 0.1936 0.4109 0.4864 0.3972 0.2691 0.1874 0.1529 0.2592 0.4476 0.4747
0.4476 0.2413 0.1529 0.1917 0.2767 0.4078 0.4854 0.3993 0.1831 0.1577 0.2118 0.3107 0.4499 0.4741 0.3419 0.1603 0.1694 0.2359 0.3485 0.4787 0.4521 0.2714 0.1532 0.1846 0.2644 0.3910 0.4866 0.4154 0.1974 0.1555 0.2068 0.3044 0.4456 0.4746 0.3378 0.1584 0.1735 0.2472 0.3714 0.4862 0.4227 0.1987 0.1564 0.2127 0.3196 0.4656 0.4604 0.2785 0.1530 0.1873 0.2295 0.1873 0.1530 0.2785 0.4604 0.4656 0.3196 0.2127 0.1564 0.1987 0.4227 0.4862 0.3714 0.2472 0.1735 0.1584 0.3378 0.4746 0.4456 0.3044 0.2068 0.1555 0.1974 0.4154 0.4866 0.3910 0.2644 0.1846 0.1532 0.2714 0.4521 0.4787 0.3485 0.2359 0.1694 0.1603 0.3419 0.4741 0.4499 0.3107 0.2118 0.1577 0.1831 0.3993 0.4854 0.4078 0.2767 0.1917 0.1529 0.2413 0.4476
0.2450 0.1534 0.1962 0.2846 0.4184 0.4837 0.3867 0.1751 0.1602 0.2173 0.3195 0.4587 0.4697 0.3258 0.1576 0.1728 0.2424 0.3583 0.4824 0.4451 0.2533 0.1528 0.1887 0.2716 0.4008 0.4861 0.4060 0.1880 0.1569 0.2103 0.3095 0.4504 0.4729 0.3327 0.1578 0.1738 0.2472 0.3703 0.4860 0.4256 0.2040 0.1556 0.2098 0.3140 0.4601 0.4646 0.2932 0.1534 0.1874 0.2728 0.3488 0.2728 0.1874 0.1534 0.2932 0.4646 0.4601 0.3140 0.2098 0.1556 0.2040 0.4256 0.4860 0.3703 0.2472 0.1738 0.1578 0.3327 0.4729 0.4504 0.3095 0.2103 0.1569 0.1880 0.4060 0.4861 0.4008 0.2716 0.1887 0.1528 0.2533 0.4451 0.4824 0.3583 0.2424 0.1728 0.1576 0.3258 0.4697 0.4587 0.3195 0.2173 0.1602 0.1751 0.3867 0.4837 0.4184 0.2846 0.1962 0.1534 0.2450
0.1791 0.2013 0.2927 0.4290 0.4813 0.3733 0.1690 0.1630 0.2230 0.3286 0.4664 0.4647 0.3089 0.1556 0.1764 0.2491 0.3682 0.4848 0.4373 0.2356 0.1530 0.1931 0.2793 0.4113 0.4849 0.3950 0.1797 0.1588 0.2147 0.3161 0.4564 0.4703 0.3245 0.1569 0.1749 0.2486 0.3714 0.4860 0.4266 0.2070 0.1551 0.2078 0.3099 0.4555 0.4679 0.3056 0.1541 0.1838 0.2698 0.4081 0.4784 0.4081 0.2698 0.1838 0.1541 0.3056 0.4679 0.4555 0.3099 0.2078 0.1551 0.2070 0.4266 0.4860 0.3714 0.2486 0.1749 0.1569 0.3245 0.4703 0.4564 0.3161 0.2147 0.1588 0.1797 0.3950 0.4849 0.4113 0.2793 0.1931 0.1530 0.2356 0.4373 0.4848 0.3682 0.2491 0.1764 0.1556 0.3089 0.4647 0.4664 0.3286 0.2230 0.1630 0.1690 0.3733 0.4813 0.4290 0.2927 0.2013 0.1791
0.2193 0.3017 0.4390 0.4782 0.3589 0.1643 0.1659 0.2290 0.3379 0.4730 0.4591 0.2914 0.1542 0.1801 0.2560 0.3784 0.4862 0.4287 0.2188 0.1536 0.1978 0.2872 0.4219 0.4829 0.3825 0.1728 0.1612 0.2196 0.3237 0.4629 0.4667 0.3133 0.1558 0.1767 0.2514 0.3745 0.4862 0.4256 0.2070 0.1550 0.2067 0.3073 0.4520 0.4701 0.3151 0.1549 0.1809 0.2637 0.3992 0.4832 0.4427 0.4832 0.3992 0.2637 0.1809 0.1549 0.3151 0.4701 0.4520 0.3073 0.2067 0.1550 0.2070 0.4256 0.4862 0.3745 0.2514 0.1767 0.1558 0.3133 0.4667 0.4629 0.3237 0.2196 0.1612 0.1728 0.3825 0.4829 0.4219 0.2872 0.1978 0.1536 0.2188 0.4287 0.4862 0.3784 0.2560 0.1801 0.1542 0.2914 0.4591 0.4730 0.3379 0.2290 0.1659 0.1643 0.3589 0.4782 0.4390 0.3017 0.2193
0.3092 0.4499 0.4745 0.3437 0.1607 0.1691 0.2352 0.3474 0.4782 0.4529 0.2734 0.1533 0.1841 0.2632 0.3888 0.4867 0.4192 0.2038 0.1546 0.2026 0.2954 0.4323 0.4803 0.3687 0.1673 0.1639 0.2251 0.3320 0.4693 0.4622 0.2995 0.1546 0.1792 0.2554 0.3795 0.4865 0.4227 0.2040 0.1551 0.2067 0.3064 0.4502 0.4714 0.3214 0.1557 0.1789 0.2591 0.3913 0.4860 0.3983 0.2607 0.3983 0.4860 0.3913 0.2591 0.1789 0.1557 0.3214 0.4714 0.4502 0.3064 0.2067 0.1551 0.2040 0.4227 0.4865 0.3795 0.2554 0.1792 0.1546 0.2995 0.4622 0.4693 0.3320 0.2251 0.1639 0.1673 0.3687 0.4803 0.4323 0.2954 0.2026 0.1546 0.2038 0.4192 0.4867 0.3888 0.2632 0.1841 0.1533 0.2734 0.4529 0.4782 0.3474 0.2352 0.1691 0.1607 0.3437 0.4745 0.4499 0.3092
0.4462 0.4706 0.3277 0.1579 0.1724 0.2416 0.3571 0.4820 0.4459 0.2553 0.1529 0.1883 0.2707 0.3994 0.4863 0.4085 0.1912 0.1562 0.2077 0.3039 0.4423 0.4771 0.3541 0.1630 0.1669 0.2310 0.3410 0.4749 0.4569 0.2840 0.1537 0.1822 0.2606 0.3863 0.4867 0.4179 0.1987 0.1556 0.2078 0.3073 0.4502 0.4719 0.3246 0.1562 0.1775 0.2558 0.3855 0.4866 0.4051 0.1817 0.1459 0.1817 0.4051 0.4866 0.3855 0.2558 0.1775 0.1562 0.3246 0.4719 0.4502 0.3073 0.2078 0.1556 0.1987 0.4179 0.4867 0.3863 0.2606 0.1822 0.1537 0.2840 0.4569 0.4749 0.3410 0.2310 0.1669 0.1630 0.3541 0.4771 0.4423 0.3039 0.2077 0.1562 0.1912 0.4085 0.4863 0.3994 0.2707 0.1883 0.1529 0.2553 0.4459 0.4820 0.3571 0.2416 0.1724 0.1579 0.3277 0.4706 0.4462
0.4708 0.3108 0.1558 0.1760 0.2483 0.3671 0.4846 0.4382 0.2375 0.1529 0.1926 0.2784 0.4101 0.4851 0.3968 0.1812 0.1582 0.2130 0.3125 0.4518 0.4732 0.3386 0.1597 0.1701 0.2372 0.3505 0.4796 0.4507 0.2672 0.1530 0.1858 0.2667 0.3946 0.4865 0.4111 0.1918 0.1564 0.2098 0.3099 0.4520 0.4714 0.3246 0.1564 0.1768 0.2539 0.3817 0.4867 0.4116 0.1857 0.1562 0.1812 0.1562 0.1857 0.4116 0.4867 0.3817 0.2539 0.1768 0.1564 0.3246 0.4714 0.4520 0.3099 0.2098 0.1564 0.1918 0.4111 0.4865 0.3946 0.2667 0.1858 0.1530 0.2672 0.4507 0.4796 0.3505 0.2372 0.1701 0.1597 0.3386 0.4732 0.4518 0.3125 0.2130 0.1582 0.1812 0.3968 0.4851 0.4101 0.2784 0.1926 0.1529 0.2375 0.4382 0.4846 0.3671 0.2483 0.1760 0.1558 0.3108 0.4708
0.3095 0.1544 0.1797 0.2552 0.3773 0.4861 0.4297 0.2206 0.1535 0.1972 0.2863 0.4207 0.4832 0.3840 0.1736 0.1607 0.2185 0.3214 0.4604 0.4687 0.3223 0.1572 0.1735 0.2438 0.3603 0.4830 0.4435 0.2495 0.1528 0.1897 0.2735 0.4038 0.4858 0.4022 0.1844 0.1577 0.2127 0.3140 0.4555 0.4701 0.3214 0.1562 0.1768 0.2532 0.3797 0.4866 0.4156 0.1907 0.1578 0.2122 0.2650 0.2122 0.1578 0.1907 0.4156 0.4866 0.3797 0.2532 0.1768 0.1562 0.3214 0.4701 0.4555 0.3140 0.2127 0.1577 0.1844 0.4022 0.4858 0.4038 0.2735 0.1897 0.1528 0.2495 0.4435 0.4830 0.3603 0.2438 0.1735 0.1572 0.3223 0.4687 0.4604 0.3214 0.2185 0.1607 0.1736 0.3840 0.4832 0.4207 0.2863 0.1972 0.1535 0.2206 0.4297 0.4861 0.3773 0.2552 0.1797 0.1544 0.3095
0.1792 0.1838 0.2624 0.3877 0.4867 0.4203 0.2054 0.1545 0.2021 0.2945 0.4311 0.4807 0.3703 0.1679 0.1636 0.2243 0.3306 0.4679 0.4636 0.3052 0.1553 0.1771 0.2505 0.3704 0.4852 0.4356 0.2319 0.1530 0.1941 0.2810 0.4137 0.4845 0.3916 0.1774 0.1596 0.2166 0.3196 0.4601 0.4679 0.3151 0.1557 0.1775 0.2539 0.3797 0.4866 0.4176 0.1941 0.1569 0.2137 0.3181 0.4054 0.3181 0.2137 0.1569 0.1941 0.4176 0.4866 0.3797 0.2539 0.1775 0.1557 0.3151 0.4679 0.4601 0.3196 0.2166 0.1596 0.1774 0.3916 0.4845 0.4137 0.2810 0.1941 0.1530 0.2319 0.4356 0.4852 0.3704 0.2505 0.1771 0.1553 0.3052 0.4636 0.4679 0.3306 0.2243 0.1636 0.1679 0.3703 0.4807 0.4311 0.2945 0.2021 0.1545 0.2054 0.4203 0.4867 0.3877 0.2624 0.1838 0.1792
0.2042 0.2703 0.3981 0.4863 0.4098 0.1924 0.1560 0.2071 0.3029 0.4412 0.4775 0.3558 0.1635 0.1666 0.2303 0.3399 0.4742 0.4579 0.2876 0.1539 0.1809 0.2575 0.3806 0.4864 0.4268 0.2155 0.1537 0.1988 0.2889 0.4241 0.4824 0.3794 0.1713 0.1619 0.2212 0.3266 0.4656 0.4646 0.3056 0.1549 0.1789 0.2558 0.3817 0.4866 0.4176 0.1953 0.1565 0.2118 0.3167 0.4612 0.4804 0.4612 0.3167 0.2118 0.1565 0.1953 0.4176 0.4866 0.3817 0.2558 0.1789 0.1549 0.3056 0.4646 0.4656 0.3266 0.2212 0.1619 0.1713 0.3794 0.4824 0.4241 0.2889 0.1988 0.1537 0.2155 0.4268 0.4864 0.3806 0.2575 0.1809 0.1539 0.2876 0.4579 0.4742 0.3399 0.2303 0.1666 0.1635 0.3558 0.4775 0.4412 0.3029 0.2071 0.1560 0.1924 0.4098 0.4863 0.3981 0.2703 0.2042
0.2809 0.4099 0.4852 0.3981 0.1822 0.1580 0.2124 0.3116 0.4508 0.4737 0.3404 0.1600 0.1698 0.2365 0.3495 0.4791 0.4515 0.2696 0.1531 0.1850 0.2648 0.3911 0.4866 0.4170 0.2009 0.1549 0.2037 0.2972 0.4345 0.4797 0.3657 0.1663 0.1646 0.2265 0.3345 0.4712 0.4604 0.2932 0.1541 0.1809 0.2591 0.3855 0.4867 0.4156 0.1941 0.1565 0.2113 0.3145 0.4592 0.4642 0.3906 0.4642 0.4592 0.3145 0.2113 0.1565 0.1941 0.4156 0.4867 0.3855 0.2591 0.1809 0.1541 0.2932 0.4604 0.4712 0.3345 0.2265 0.1646 0.1663 0.3657 0.4797 0.4345 0.2972 0.2037 0.1549 0.2009 0.4170 0.4866 0.3911 0.2648 0.1850 0.1531 0.2696 0.4515 0.4791 0.3495 0.2365 0.1698 0.1600 0.3404 0.4737 0.4508 0.3116 0.2124 0.1580 0.1822 0.3981 0.4852 0.4099 0.2809
0.4083 0.4841 0.3853 0.1744 0.1605 0.2179 0.3205 0.4595 0.4693 0.3241 0.1574 0.1732 0.2431 0.3593 0.4827 0.4444 0.2515 0.1529 0.1892 0.2723 0.4017 0.4861 0.4061 0.1888 0.1566 0.2088 0.3057 0.4444 0.4763 0.3508 0.1623 0.1676 0.2324 0.3432 0.4762 0.4552 0.2785 0.1534 0.1838 0.2637 0.3913 0.4866 0.4116 0.1907 0.1569 0.2118 0.3145 0.4579 0.4672 0.3128 0.1719 0.3128 0.4672 0.4579 0.3145 0.2118 0.1569 0.1907 0.4116 0.4866 0.3913 0.2637 0.1838 0.1534 0.2785 0.4552 0.4762 0.3432 0.2324 0.1676 0.1623 0.3508 0.4763 0.4444 0.3057 0.2088 0.1566 0.1888 0.4061 0.4861 0.4017 0.2723 0.1892 0.1529 0.2515 0.4444 0.4827 0.3593 0.2431 0.1732 0.1574 0.3241 0.4693 0.4595 0.3205 0.2179 0.1605 0.1744 0.3853 0.4841 0.4083
0.4832 0.3714 0.1684 0.1634 0.2240 0.3300 0.4674 0.4638 0.3067 0.1555 0.1770 0.2502 0.3697 0.4849 0.4360 0.2334 0.1531 0.1939 0.2805 0.4128 0.4845 0.3937 0.1793 0.1589 0.2145 0.3149 0.4541 0.4719 0.3347 0.1591 0.1711 0.2390 0.3531 0.4805 0.4485 0.2618 0.1530 0.1874 0.2698 0.3992 0.4860 0.4051 0.1857 0.1578 0.2137 0.3167 0.4592 0.4672 0.3085 0.1536 0.1555 0.1536 0.3085 0.4672 0.4592 0.3167 0.2137 0.1578 0.1857 0.4051 0.4860 0.3992 0.2698 0.1874 0.1530 0.2618 0.4485 0.4805 0.3531 0.2390 0.1711 0.1591 0.3347 0.4719 0.4541 0.3149 0.2145 0.1589 0.1793 0.3937 0.4845 0.4128 0.2805 0.1939 0.1531 0.2334 0.4360 0.4849 0.3697 0.2502 0.1770 0.1555 0.3067 0.4638 0.4674 0.3300 0.2240 0.1634 0.1684 0.3714 0.4832
0.3743 0.1637 0.1631 0.2258 0.3379 0.4728 0.4564 0.2953 0.1525 0.1770 0.2532 0.3798 0.4845 0.4268 0.2219 0.1513 0.1945 0.2852 0.4235 0.4804 0.3836 0.1729 0.1584 0.2158 0.3218 0.4618 0.4654 0.3241 0.1556 0.1709 0.2415 0.3624 0.4821 0.4402 0.2508 0.1508 0.1873 0.2728 0.4081 0.4832 0.3983 0.1817 0.1562 0.2122 0.3181 0.4612 0.4642 0.3128 0.1536 0.1740 0.2092 0.1740 0.1536 0.3128 0.4642 0.4612 0.3181 0.2122 0.1562 0.1817 0.3983 0.4832 0.4081 0.2728 0.1873 0.1508 0.2508 0.4402 0.4821 0.3624 0.2415 0.1709 0.1556 0.3241 0.4654 0.4618 0.3218 0.2158 0.1584 0.1729 0.3836 0.4804 0.4235 0.2852 0.1945 0.1513 0.2219 0.4268 0.4845 0.3798 0.2532 0.1770 0.1525 0.2953 0.4564 0.4728 0.3379 0.2258 0.1631 0.1637 0.3743
0.2268 0.1484 0.1927 0.2848 0.4292 0.4758 0.3716 0.1631 0.1568 0.2141 0.3227 0.4660 0.4593 0.3103 0.1478 0.1692 0.2400 0.3653 0.4815 0.4323 0.2379 0.1464 0.1851 0.2708 0.4109 0.4798 0.3924 0.1767 0.1527 0.2048 0.3067 0.4531 0.4672 0.3368 0.1518 0.1639 0.2295 0.3488 0.4784 0.4427 0.2607 0.1459 0.1812 0.2650 0.4054 0.4804 0.3906 0.1719 0.1555 0.2092 0.2601 0.2092 0.1555 0.1719 0.3906 0.4804 0.4054 0.2650 0.1812 0.1459 0.2607 0.4427 0.4784 0.3488 0.2295 0.1639 0.1518 0.3368 0.4672 0.4531 0.3067 0.2048 0.1527 0.1767 0.3924 0.4798 0.4109 0.2708 0.1851 0.1464 0.2379 0.4323 0.4815 0.3653 0.2400 0.1692 0.1478 0.3103 0.4593 0.4660 0.3227 0.2141 0.1568 0.1631 0.3716 0.4758 0.4292 0.2848 0.1927 0.1484 0.2268
0.3743 0.1637 0.1631 0.2258 0.3379 0.4728 0.4564 0.2953 0.1525 0.1770 0.2532 0.3798 0.4845 0.4268 0.2219 0.1513 0.1945 0.2852 0.4235 0.4804 0.3836 0.1729 0.1584 0.2158 0.3218 0.4618 0.4654 0.3241 0.1556 0.1709 0.2415 0.3624 0.4821 0.4402 0.2508 0.1508 0.1873 0.2728 0.4081 0.4832 0.3983 0.1817 0.1562 0.2122 0.3181 0.4612 0.4642 0.3128 0.1536 0.1740 0.2092 0.1740 0.1536 0.3128 0.4642 0.4612 0.3181 0.2122 0.1562 0.1817 0.3983 0.4832 0.4081 0.2728 0.1873 0.1508 0.2508 0.4402 0.4821 0.3624 0.2415 0.1709 0.1556 0.3241 0.4654 0.4618 0.3218 0.2158 0.1584 0.1729 0.3836 0.4804 0.4235 0.2852 0.1945 0.1513 0.2219 0.4268 0.4845 0.3798 0.2532 0.1770 0.1525 0.2953 0.4564 0.4728 0.3379 0.2258 0.1631 0.1637 0.3743
0.4832 0.3714 0.1684 0.1634 0.2240 0.3300 0.4674 0.4638 0.3067 0.1555 0.1770 0.2502 0.3697 0.4849 0.4360 0.2334 0.1531 0.1939 0.2805 0.4128 0.4845 0.3937 0.1793 0.1589 0.2145 0.3149 0.4541 0.4719 0.3347 0.1591 0.1711 0.2390 0.3531 0.4805 0.4485 0.2618 0.1530 0.1874 0.2698 0.3992 0.4860 0.4051 0.1857 0.1578 0.2137 0.3167 0.4592 0.4672 0.3085 0.1536 0.1555 0.1536 0.3085 0.4672 0.4592 0.3167 0.2137 0.1578 0.1857 0.4051 0.4860 0.3992 0.2698 0.1874 0.1530 0.2618 0.4485 0.4805 0.3531 0.2390 0.1711 0.1591 0.3347 0.4719 0.4541 0.3149 0.2145 0.1589 0.1793 0.3937 0.4845 0.4128 0.2805 0.1939 0.1531 0.2334 0.4360 0.4849 0.3697 0.2502 0.1770 0.1555 0.3067 0.4638 0.4674 0.3300 0.2240 0.1634 0.1684 0.3714 0.4832
0.4083 0.4841 0.3853 0.1744 0.1605 0.2179 0.3205 0.4595 0.4693 0.3241 0.1574 0.1732 0.2431 0.3593 0.4827 0.4444 0.2515 0.1529 0.1892 0.2723 0.4017 0.4861 0.4061 0.1888 0.1566 0.2088 0.3057 0.4444 0.4763 0.3508 0.1623 0.1676 0.2324 0.3432 0.4762 0.4552 0.2785 0.1534 0.1838 0.2637 0.3913 0.4866 0.4116 0.1907 0.1569 0.2118 0.3145 0.4579 0.4672 0.3128 0.1719 0.3128 0.4672 0.4579 0.3145 0.2118 0.1569 0.1907 0.4116 0.4866 0.3913 0.2637 0.1838 0.1534 0.2785 0.4552 0.4762 0.3432 0.2324 0.1676 0.1623 0.3508 0.4763 0.4444 0.3057 0.2088 0.1566 0.1888 0.4061 0.4861 0.4017 0.2723 0.1892 0.1529 0.2515 0.4444 0.4827 0.3593 0.2431 0.1732 0.1574 0.3241 0.4693 0.4595 0.3205 0.2179 0.1605 0.1744 0.3853 0.4841 0.4083
0.2809 0.4099 0.4852 0.3981 0.1822 0.1580 0.2124 0.3116 0.4508 0.4737 0.3404 0.1600 0.1698 0.2365 0.3495 0.4791 0.4515 0.2696 0.1531 0.1850 0.2648 0.3911 0.4866 0.4170 0.2009 0.1549 0.2037 0.2972 0.4345 0.4797 0.3657 0.1663 0.1646 0.2265 0.3345 0.4712 0.4604 0.2932 0.1541 0.1809 0.2591 0.3855 0.4867 0.4156 0.1941 0.1565 0.2113 0.3145 0.4592 0.4642 0.3906 0.4642 0.4592 0.3145 0.2113 0.1565 0.1941 0.4156 0.4867 0.3855 0.2591 0.1809 0.1541 0.2932 0.4604 0.4712 0.3345 0.2265 0.1646 0.1663 0.3657 0.4797 0.4345 0.2972 0.2037 0.1549 0.2009 0.4170 0.4866 0.3911 0.2648 0.1850 0.1531 0.2696 0.4515 0.4791 0.3495 0.2365 0.1698 0.1600 0.3404 0.4737 0.4508 0.3116 0.2124 0.1580 0.1822 0.3981 0.4852 0.4099 0.2809
0.2042 0.2703 0.3981 0.4863 0.4098 0.1924 0.1560 0.2071 0.3029 0.4412 0.4775 0.3558 0.1635 0.1666 0.2303 0.3399 0.4742 0.4579 0.2876 0.1539 0.1809 0.2575 0.3806 0.4864 0.4268 0.2155 0.1537 0.1988 0.2889 0.4241 0.4824 0.3794 0.1713 0.1619 0.2212 0.3266 0.4656 0.4646 0.3056 0.1549 0.1789 0.2558 0.3817 0.4866 0.4176 0.1953 0.1565 0.2118 0.3167 0.4612 0.4804 0.4612 0.3167 0.2118 0.1565 0.1953 0.4176 0.4866 0.3817 0.2558 0.1789 0.1549 0.3056 0.4646 0.4656 0.3266 0.2212 0.1619 0.1713 0.3794 0.4824 0.4241 0.2889 0.1988 0.1537 0.2155 0.4268 0.4864 0.3806 0.2575 0.1809 0.1539 0.2876 0.4579 0.4742 0.3399 0.2303 0.1666 0.1635 0.3558 0.4775 0.4412 0.3029 0.2071 0.1560 0.1924 0.4098 0.4863 0.3981 0.2703 0.2042
