-0.1931 -0.2852 -0.2721 -0.0228 0.1623 0.0315 -0.2227 -0.2790 -0.2810 -0.1200 0.1126 0.1932 -0.1828 -0.2686 -0.2874 -0.2172 0.0729 0.2295 -0.1397 -0.2558 -0.2887 -0.2621 0.0294 0.2041 -0.0769 -0.2411 -0.2852 -0.2734 -0.0344 0.1531 0.0595 -0.2166 -0.2776 -0.2823 -0.1371 0.1064 0.2063 -0.1768 -0.2668 -0.2879 -0.2274 0.0669 0.2278 -0.1321 -0.2537 -0.2885 -0.2652 0.0216 0.1987 -0.0521 -0.2067 -0.0521 0.1987 0.0216 -0.2652 -0.2885 -0.2537 -0.1321 0.2278 0.0669 -0.2274 -0.2879 -0.2668 -0.1768 0.2063 0.1064 -0.1371 -0.2823 -0.2776 -0.2166 0.0595 0.1531 -0.0344 -0.2734 -0.2852 -0.2411 -0.0769 0.2041 0.0294 -0.2621 -0.2887 -0.2558 -0.1397 0.2295 0.0729 -0.2172 -0.2874 -0.2686 -0.1828 0.1932 0.1126 -0.1200 -0.2810 -0.2790 -0.2227 0.0315 0.1623 -0.0228 -0.2721 -0.2852 -0.1931
-0.2852 -0.2997 -0.0096 0.1557 0.0823 -0.2659 -0.3284 -0.3167 -0.1125 0.1106 0.2274 -0.2031 -0.3200 -0.3280 -0.2263 0.0755 0.2375 -0.1440 -0.3088 -0.3331 -0.2843 0.0356 0.2032 -0.0601 -0.2957 -0.3326 -0.3038 -0.0246 0.1455 0.1169 -0.2550 -0.3273 -0.3189 -0.1317 0.1051 0.2350 -0.1943 -0.3185 -0.3291 -0.2389 0.0700 0.2336 -0.1340 -0.3070 -0.3334 -0.2887 0.0284 0.1971 -0.0423 -0.2938 -0.3265 -0.2938 -0.0423 0.1971 0.0284 -0.2887 -0.3334 -0.3070 -0.1340 0.2336 0.0700 -0.2389 -0.3291 -0.3185 -0.1943 0.2350 0.1051 -0.1317 -0.3189 -0.3273 -0.2550 0.1169 0.1455 -0.0246 -0.3038 -0.3326 -0.2957 -0.0601 0.2032 0.0356 -0.2843 -0.3331 -0.3088 -0.1440 0.2375 0.0755 -0.2263 -0.3280 -0.3200 -0.2031 0.2274 0.1106 -0.1125 -0.3167 -0.3284 -0.2659 0.0823 0.1557 -0.0096 -0.2997 -0.2852
-0.2721 -0.0096 0.1499 0.1161 -0.2521 -0.3263 -0.3193 -0.1450 0.1002 0.2386 -0.1885 -0.3170 -0.3295 -0.2471 0.0647 0.2305 -0.1267 -0.3053 -0.3332 -0.2910 0.0217 0.1909 -0.0258 -0.2918 -0.3313 -0.3075 -0.0486 0.1326 0.1638 -0.2384 -0.3250 -0.3217 -0.1648 0.0946 0.2418 -0.1796 -0.3154 -0.3305 -0.2570 0.0590 0.2256 -0.1155 -0.3034 -0.3332 -0.2940 0.0136 0.1821 -0.0018 -0.2898 -0.3376 -0.3535 -0.3376 -0.2898 -0.0018 0.1821 0.0136 -0.2940 -0.3332 -0.3034 -0.1155 0.2256 0.0590 -0.2570 -0.3305 -0.3154 -0.1796 0.2418 0.0946 -0.1648 -0.3217 -0.3250 -0.2384 0.1638 0.1326 -0.0486 -0.3075 -0.3313 -0.2918 -0.0258 0.1909 0.0217 -0.2910 -0.3332 -0.3053 -0.1267 0.2305 0.0647 -0.2471 -0.3295 -0.3170 -0.1885 0.2386 0.1002 -0.1450 -0.3193 -0.3263 -0.2521 0.1161 0.1499 -0.0096 -0.2721
-0.0228 0.1557 0.1161 -0.2468 -0.3251 -0.3213 -0.1709 0.0923 0.2426 -0.1742 -0.3143 -0.3310 -0.2631 0.0551 0.2219 -0.1073 -0.3020 -0.3332 -0.2958 0.0077 0.1746 0.0175 -0.2853 -0.3301 -0.3115 -0.0747 0.1219 0.1989 -0.2227 -0.3229 -0.3245 -0.1940 0.0859 0.2426 -0.1646 -0.3125 -0.3317 -0.2709 0.0490 0.2163 -0.0944 -0.3000 -0.3330 -0.2982 -0.0018 0.1643 0.0474 -0.2785 -0.3292 -0.3286 -0.2663 -0.3286 -0.3292 -0.2785 0.0474 0.1643 -0.0018 -0.2982 -0.3330 -0.3000 -0.0944 0.2163 0.0490 -0.2709 -0.3317 -0.3125 -0.1646 0.2426 0.0859 -0.1940 -0.3245 -0.3229 -0.2227 0.1989 0.1219 -0.0747 -0.3115 -0.3301 -0.2853 0.0175 0.1746 0.0077 -0.2958 -0.3332 -0.3020 -0.1073 0.2219 0.0551 -0.2631 -0.3310 -0.3143 -0.1742 0.2426 0.0923 -0.1709 -0.3213 -0.3251 -0.2468 0.1161 0.1557 -0.0228
0.1623 0.0823 -0.2521 -0.3251 -0.3220 -0.1859 0.0863 0.2424 -0.1611 -0.3116 -0.3319 -0.2753 0.0447 0.2124 -0.0847 -0.2986 -0.3328 -0.2998 -0.0088 0.1578 0.0692 -0.2712 -0.3286 -0.3153 -0.1045 0.1120 0.2224 -0.2076 -0.3205 -0.3269 -0.2197 0.0769 0.2392 -0.1490 -0.3095 -0.3326 -0.2814 0.0380 0.2063 -0.0690 -0.2965 -0.3325 -0.3022 -0.0198 0.1491 0.1010 -0.2605 -0.3275 -0.3170 -0.1169 0.0492 -0.1169 -0.3170 -0.3275 -0.2605 0.1010 0.1491 -0.0198 -0.3022 -0.3325 -0.2965 -0.0690 0.2063 0.0380 -0.2814 -0.3326 -0.3095 -0.1490 0.2392 0.0769 -0.2197 -0.3269 -0.3205 -0.2076 0.2224 0.1120 -0.1045 -0.3153 -0.3286 -0.2712 0.0692 0.1578 -0.0088 -0.2998 -0.3328 -0.2986 -0.0847 0.2124 0.0447 -0.2753 -0.3319 -0.3116 -0.1611 0.2424 0.0863 -0.1859 -0.3220 -0.3251 -0.2521 0.0823 0.1623
0.0315 -0.2659 -0.3263 -0.3213 -0.1859 0.0840 0.2410 -0.1512 -0.3093 -0.3324 -0.2838 0.0342 0.2026 -0.0576 -0.2951 -0.3322 -0.3039 -0.0281 0.1436 0.1221 -0.2534 -0.3268 -0.3188 -0.1362 0.1028 0.2361 -0.1929 -0.3179 -0.3290 -0.2412 0.0677 0.2329 -0.1322 -0.3063 -0.3331 -0.2891 0.0259 0.1957 -0.0374 -0.2929 -0.3316 -0.3063 -0.0411 0.1362 0.1504 -0.2435 -0.3257 -0.3206 -0.1530 0.0943 0.1889 0.0943 -0.1530 -0.3206 -0.3257 -0.2435 0.1504 0.1362 -0.0411 -0.3063 -0.3316 -0.2929 -0.0374 0.1957 0.0259 -0.2891 -0.3331 -0.3063 -0.1322 0.2329 0.0677 -0.2412 -0.3290 -0.3179 -0.1929 0.2361 0.1028 -0.1362 -0.3188 -0.3268 -0.2534 0.1221 0.1436 -0.0281 -0.3039 -0.3322 -0.2951 -0.0576 0.2026 0.0342 -0.2838 -0.3324 -0.3093 -0.1512 0.2410 0.0840 -0.1859 -0.3213 -0.3263 -0.2659 0.0315
-0.2227 -0.3284 -0.3193 -0.1709 0.0863 0.2410 -0.1475 -0.3079 -0.3327 -0.2891 0.0241 0.1930 -0.0264 -0.2917 -0.3312 -0.3078 -0.0507 0.1315 0.1677 -0.2369 -0.3248 -0.3220 -0.1676 0.0938 0.2421 -0.1782 -0.3152 -0.3306 -0.2585 0.0581 0.2247 -0.1136 -0.3031 -0.3332 -0.2945 0.0122 0.1804 0.0030 -0.2889 -0.3305 -0.3103 -0.0662 0.1251 0.1892 -0.2275 -0.3236 -0.3237 -0.1852 0.0887 0.2436 -0.0155 0.2436 0.0887 -0.1852 -0.3237 -0.3236 -0.2275 0.1892 0.1251 -0.0662 -0.3103 -0.3305 -0.2889 0.0030 0.1804 0.0122 -0.2945 -0.3332 -0.3031 -0.1136 0.2247 0.0581 -0.2585 -0.3306 -0.3152 -0.1782 0.2421 0.0938 -0.1676 -0.3220 -0.3248 -0.2369 0.1677 0.1315 -0.0507 -0.3078 -0.3312 -0.2917 -0.0264 0.1930 0.0241 -0.2891 -0.3327 -0.3079 -0.1475 0.2410 0.0863 -0.1709 -0.3193 -0.3284 -0.2227
-0.2790 -0.3167 -0.1450 0.0923 0.2424 -0.1512 -0.3079 -0.3327 -0.2915 0.0166 0.1826 0.0063 -0.2877 -0.3301 -0.3115 -0.0762 0.1211 0.2015 -0.2212 -0.3226 -0.3248 -0.1967 0.0850 0.2424 -0.1631 -0.3122 -0.3318 -0.2720 0.0479 0.2154 -0.0921 -0.2997 -0.3330 -0.2986 -0.0034 0.1627 0.0526 -0.2770 -0.3291 -0.3142 -0.0950 0.1150 0.2163 -0.2123 -0.3212 -0.3262 -0.2122 0.0797 0.2407 -0.1490 -0.2872 -0.1490 0.2407 0.0797 -0.2122 -0.3262 -0.3212 -0.2123 0.2163 0.1150 -0.0950 -0.3142 -0.3291 -0.2770 0.0526 0.1627 -0.0034 -0.2986 -0.3330 -0.2997 -0.0921 0.2154 0.0479 -0.2720 -0.3318 -0.3122 -0.1631 0.2424 0.0850 -0.1967 -0.3248 -0.3226 -0.2212 0.2015 0.1211 -0.0762 -0.3115 -0.3301 -0.2877 0.0063 0.1826 0.0166 -0.2915 -0.3327 -0.3079 -0.1512 0.2424 0.0923 -0.1450 -0.3167 -0.2790
-0.2810 -0.1125 0.1002 0.2426 -0.1611 -0.3093 -0.3327 -0.2915 0.0138 0.1754 0.0323 -0.2799 -0.3289 -0.3145 -0.1022 0.1121 0.2232 -0.2066 -0.3202 -0.3271 -0.2220 0.0760 0.2387 -0.1474 -0.3092 -0.3327 -0.2823 0.0368 0.2053 -0.0662 -0.2962 -0.3324 -0.3026 -0.0218 0.1477 0.1062 -0.2588 -0.3274 -0.3178 -0.1263 0.1056 0.2328 -0.1974 -0.3187 -0.3284 -0.2350 0.0706 0.2351 -0.1381 -0.3090 -0.3386 -0.3090 -0.1381 0.2351 0.0706 -0.2350 -0.3284 -0.3187 -0.1974 0.2328 0.1056 -0.1263 -0.3178 -0.3274 -0.2588 0.1062 0.1477 -0.0218 -0.3026 -0.3324 -0.2962 -0.0662 0.2053 0.0368 -0.2823 -0.3327 -0.3092 -0.1474 0.2387 0.0760 -0.2220 -0.3271 -0.3202 -0.2066 0.2232 0.1121 -0.1022 -0.3145 -0.3289 -0.2799 0.0323 0.1754 0.0138 -0.2915 -0.3327 -0.3093 -0.1611 0.2426 0.1002 -0.1125 -0.2810
-0.1200 0.1106 0.2386 -0.1742 -0.3116 -0.3324 -0.2891 0.0166 0.1754 0.0421 -0.2729 -0.3281 -0.3167 -0.1253 0.1047 0.2352 -0.1933 -0.3178 -0.3290 -0.2427 0.0669 0.2322 -0.1305 -0.3060 -0.3331 -0.2897 0.0246 0.1942 -0.0338 -0.2926 -0.3315 -0.3067 -0.0434 0.1350 0.1547 -0.2419 -0.3255 -0.3210 -0.1581 0.0966 0.2410 -0.1827 -0.3160 -0.3301 -0.2536 0.0612 0.2274 -0.1197 -0.3042 -0.3433 -0.3481 -0.3433 -0.3042 -0.1197 0.2274 0.0612 -0.2536 -0.3301 -0.3160 -0.1827 0.2410 0.0966 -0.1581 -0.3210 -0.3255 -0.2419 0.1547 0.1350 -0.0434 -0.3067 -0.3315 -0.2926 -0.0338 0.1942 0.0246 -0.2897 -0.3331 -0.3060 -0.1305 0.2322 0.0669 -0.2427 -0.3290 -0.3178 -0.1933 0.2352 0.1047 -0.1253 -0.3167 -0.3281 -0.2729 0.0421 0.1754 0.0166 -0.2891 -0.3324 -0.3116 -0.1742 0.2386 0.1106 -0.1200
0.1126 0.2274 -0.1885 -0.3143 -0.3319 -0.2838 0.0241 0.1826 0.0323 -0.2729 -0.3277 -0.3178 -0.1414 0.0991 0.2406 -0.1817 -0.3155 -0.3305 -0.2587 0.0576 0.2240 -0.1118 -0.3027 -0.3332 -0.2949 0.0108 0.1786 0.0075 -0.2878 -0.3304 -0.3107 -0.0689 0.1240 0.1924 -0.2260 -0.3233 -0.3239 -0.1880 0.0877 0.2428 -0.1678 -0.3132 -0.3315 -0.2682 0.0512 0.2184 -0.0992 -0.3007 -0.3329 -0.3057 -0.1473 -0.3057 -0.3329 -0.3007 -0.0992 0.2184 0.0512 -0.2682 -0.3315 -0.3132 -0.1678 0.2428 0.0877 -0.1880 -0.3239 -0.3233 -0.2260 0.1924 0.1240 -0.0689 -0.3107 -0.3304 -0.2878 0.0075 0.1786 0.0108 -0.2949 -0.3332 -0.3027 -0.1118 0.2240 0.0576 -0.2587 -0.3305 -0.3155 -0.1817 0.2406 0.0991 -0.1414 -0.3178 -0.3277 -0.2729 0.0323 0.1826 0.0241 -0.2838 -0.3319 -0.3143 -0.1885 0.2274 0.1126
0.1932 -0.2031 -0.3170 -0.3310 -0.2753 0.0342 0.1930 0.0063 -0.2799 -0.3281 -0.3178 -0.1473 0.0961 0.2423 -0.1727 -0.3135 -0.3314 -0.2703 0.0486 0.2154 -0.0911 -0.2994 -0.3329 -0.2989 -0.0051 0.1611 0.0578 -0.2752 -0.3289 -0.3145 -0.0980 0.1141 0.2183 -0.2108 -0.3210 -0.3265 -0.2146 0.0788 0.2402 -0.1524 -0.3102 -0.3325 -0.2794 0.0404 0.2085 -0.0748 -0.2973 -0.3325 -0.3010 -0.0131 0.0838 -0.0131 -0.3010 -0.3325 -0.2973 -0.0748 0.2085 0.0404 -0.2794 -0.3325 -0.3102 -0.1524 0.2402 0.0788 -0.2146 -0.3265 -0.3210 -0.2108 0.2183 0.1141 -0.0980 -0.3145 -0.3289 -0.2752 0.0578 0.1611 -0.0051 -0.2989 -0.3329 -0.2994 -0.0911 0.2154 0.0486 -0.2703 -0.3314 -0.3135 -0.1727 0.2423 0.0961 -0.1473 -0.3178 -0.3281 -0.2799 0.0063 0.1930 0.0342 -0.2753 -0.3310 -0.3170 -0.2031 0.1932
-0.1828 -0.3200 -0.3295 -0.2631 0.0447 0.2026 -0.0264 -0.2877 -0.3289 -0.3167 -0.1414 0.0961 0.2427 -0.1679 -0.3121 -0.3319 -0.2779 0.0403 0.2073 -0.0688 -0.2962 -0.3323 -0.3028 -0.0233 0.1464 0.1113 -0.2571 -0.3272 -0.3181 -0.1295 0.1047 0.2339 -0.1960 -0.3185 -0.3286 -0.2370 0.0697 0.2344 -0.1359 -0.3070 -0.3330 -0.2877 0.0285 0.1982 -0.0447 -0.2937 -0.3319 -0.3053 -0.0351 0.1299 0.2253 0.1299 -0.0351 -0.3053 -0.3319 -0.2937 -0.0447 0.1982 0.0285 -0.2877 -0.3330 -0.3070 -0.1359 0.2344 0.0697 -0.2370 -0.3286 -0.3185 -0.1960 0.2339 0.1047 -0.1295 -0.3181 -0.3272 -0.2571 0.1113 0.1464 -0.0233 -0.3028 -0.3323 -0.2962 -0.0688 0.2073 0.0403 -0.2779 -0.3319 -0.3121 -0.1679 0.2427 0.0961 -0.1414 -0.3167 -0.3289 -0.2877 -0.0264 0.2026 0.0447 -0.2631 -0.3295 -0.3200 -0.1828
-0.2686 -0.3280 -0.2471 0.0551 0.2124 -0.0576 -0.2917 -0.3301 -0.3145 -0.1253 0.0991 0.2423 -0.1679 -0.3116 -0.3321 -0.2822 0.0336 0.2004 -0.0458 -0.2933 -0.3316 -0.3064 -0.0437 0.1345 0.1581 -0.2404 -0.3253 -0.3213 -0.1611 0.0957 0.2414 -0.1813 -0.3157 -0.3303 -0.2552 0.0602 0.2266 -0.1177 -0.3038 -0.3332 -0.2935 0.0153 0.1837 -0.0063 -0.2901 -0.3308 -0.3095 -0.0605 0.1270 0.1961 -0.1379 0.1961 0.1270 -0.0605 -0.3095 -0.3308 -0.2901 -0.0063 0.1837 0.0153 -0.2935 -0.3332 -0.3038 -0.1177 0.2266 0.0602 -0.2552 -0.3303 -0.3157 -0.1813 0.2414 0.0957 -0.1611 -0.3213 -0.3253 -0.2404 0.1581 0.1345 -0.0437 -0.3064 -0.3316 -0.2933 -0.0458 0.2004 0.0336 -0.2822 -0.3321 -0.3116 -0.1679 0.2423 0.0991 -0.1253 -0.3145 -0.3301 -0.2917 -0.0576 0.2124 0.0551 -0.2471 -0.3280 -0.2686
-0.2874 -0.2263 0.0647 0.2219 -0.0847 -0.2951 -0.3312 -0.3115 -0.1022 0.1047 0.2406 -0.1727 -0.3121 -0.3321 -0.2836 0.0299 0.1957 -0.0257 -0.2909 -0.3308 -0.3096 -0.0652 0.1247 0.1925 -0.2253 -0.3232 -0.3241 -0.1906 0.0869 0.2427 -0.1664 -0.3129 -0.3316 -0.2695 0.0501 0.2174 -0.0970 -0.3004 -0.3331 -0.2978 0.0001 0.1662 0.0415 -0.2798 -0.3294 -0.3134 -0.0886 0.1171 0.2106 -0.2119 -0.3040 -0.2119 0.2106 0.1171 -0.0886 -0.3134 -0.3294 -0.2798 0.0415 0.1662 0.0001 -0.2978 -0.3331 -0.3004 -0.0970 0.2174 0.0501 -0.2695 -0.3316 -0.3129 -0.1664 0.2427 0.0869 -0.1906 -0.3241 -0.3232 -0.2253 0.1925 0.1247 -0.0652 -0.3096 -0.3308 -0.2909 -0.0257 0.1957 0.0299 -0.2836 -0.3321 -0.3121 -0.1727 0.2406 0.1047 -0.1022 -0.3115 -0.3312 -0.2951 -0.0847 0.2219 0.0647 -0.2263 -0.2874
-0.2172 0.0755 0.2305 -0.1073 -0.2986 -0.3322 -0.3078 -0.0762 0.1121 0.2352 -0.1817 -0.3135 -0.3319 -0.2822 0.0299 0.1941 -0.0138 -0.2893 -0.3300 -0.3121 -0.0860 0.1167 0.2150 -0.2119 -0.3210 -0.3264 -0.2160 0.0781 0.2398 -0.1508 -0.3099 -0.3325 -0.2804 0.0393 0.2075 -0.0722 -0.2969 -0.3326 -0.3017 -0.0176 0.1507 0.0950 -0.2625 -0.3278 -0.3170 -0.1196 0.1076 0.2300 -0.2009 -0.3228 -0.3483 -0.3228 -0.2009 0.2300 0.1076 -0.1196 -0.3170 -0.3278 -0.2625 0.0950 0.1507 -0.0176 -0.3017 -0.3326 -0.2969 -0.0722 0.2075 0.0393 -0.2804 -0.3325 -0.3099 -0.1508 0.2398 0.0781 -0.2160 -0.3264 -0.3210 -0.2119 0.2150 0.1167 -0.0860 -0.3121 -0.3300 -0.2893 -0.0138 0.1941 0.0299 -0.2822 -0.3319 -0.3135 -0.1817 0.2352 0.1121 -0.0762 -0.3078 -0.3322 -0.2986 -0.1073 0.2305 0.0755 -0.2172
0.0729 0.2375 -0.1267 -0.3020 -0.3328 -0.3039 -0.0507 0.1211 0.2232 -0.1933 -0.3155 -0.3314 -0.2779 0.0336 0.1957 -0.0138 -0.2888 -0.3296 -0.3136 -0.1023 0.1105 0.2282 -0.2003 -0.3189 -0.3283 -0.2365 0.0696 0.2341 -0.1346 -0.3067 -0.3331 -0.2884 0.0273 0.1972 -0.0413 -0.2933 -0.3318 -0.3058 -0.0386 0.1376 0.1452 -0.2454 -0.3259 -0.3204 -0.1514 0.0985 0.2398 -0.1859 -0.3167 -0.3429 -0.3320 -0.3429 -0.3167 -0.1859 0.2398 0.0985 -0.1514 -0.3204 -0.3259 -0.2454 0.1452 0.1376 -0.0386 -0.3058 -0.3318 -0.2933 -0.0413 0.1972 0.0273 -0.2884 -0.3331 -0.3067 -0.1346 0.2341 0.0696 -0.2365 -0.3283 -0.3189 -0.2003 0.2282 0.1105 -0.1023 -0.3136 -0.3296 -0.2888 -0.0138 0.1957 0.0336 -0.2779 -0.3314 -0.3155 -0.1933 0.2232 0.1211 -0.0507 -0.3039 -0.3328 -0.3020 -0.1267 0.2375 0.0729
0.2295 -0.1440 -0.3053 -0.3332 -0.2998 -0.0281 0.1315 0.2015 -0.2066 -0.3178 -0.3305 -0.2703 0.0403 0.2004 -0.0257 -0.2893 -0.3296 -0.3141 -0.1109 0.1067 0.2349 -0.1911 -0.3170 -0.3297 -0.2520 0.0613 0.2270 -0.1176 -0.3036 -0.3332 -0.2939 0.0139 0.1823 -0.0020 -0.2897 -0.3306 -0.3099 -0.0632 0.1263 0.1855 -0.2293 -0.3238 -0.3234 -0.1820 0.0896 0.2429 -0.1710 -0.3138 -0.3309 -0.2628 -0.0279 -0.2628 -0.3309 -0.3138 -0.1710 0.2429 0.0896 -0.1820 -0.3234 -0.3238 -0.2293 0.1855 0.1263 -0.0632 -0.3099 -0.3306 -0.2897 -0.0020 0.1823 0.0139 -0.2939 -0.3332 -0.3036 -0.1176 0.2270 0.0613 -0.2520 -0.3297 -0.3170 -0.1911 0.2349 0.1067 -0.1109 -0.3141 -0.3296 -0.2893 -0.0257 0.2004 0.0403 -0.2703 -0.3305 -0.3178 -0.2066 0.2015 0.1315 -0.0281 -0.2998 -0.3332 -0.3053 -0.1440 0.2295
-0.1397 -0.3088 -0.3332 -0.2958 -0.0088 0.1436 0.1677 -0.2212 -0.3202 -0.3290 -0.2587 0.0486 0.2073 -0.0458 -0.2909 -0.3300 -0.3136 -0.1109 0.1055 0.2374 -0.1851 -0.3156 -0.3306 -0.2629 0.0536 0.2196 -0.0999 -0.3006 -0.3330 -0.2979 -0.0011 0.1647 0.0463 -0.2786 -0.3293 -0.3137 -0.0916 0.1161 0.2138 -0.2140 -0.3215 -0.3260 -0.2093 0.0807 0.2411 -0.1557 -0.3108 -0.3321 -0.2766 0.0429 0.1205 0.0429 -0.2766 -0.3321 -0.3108 -0.1557 0.2411 0.0807 -0.2093 -0.3260 -0.3215 -0.2140 0.2138 0.1161 -0.0916 -0.3137 -0.3293 -0.2786 0.0463 0.1647 -0.0011 -0.2979 -0.3330 -0.3006 -0.0999 0.2196 0.0536 -0.2629 -0.3306 -0.3156 -0.1851 0.2374 0.1055 -0.1109 -0.3136 -0.3300 -0.2909 -0.0458 0.2073 0.0486 -0.2587 -0.3290 -0.3202 -0.2212 0.1677 0.1436 -0.0088 -0.2958 -0.3332 -0.3088 -0.1397
-0.2558 -0.3331 -0.2910 0.0077 0.1578 0.1221 -0.2369 -0.3226 -0.3271 -0.2427 0.0576 0.2154 -0.0688 -0.2933 -0.3308 -0.3121 -0.1023 0.1067 0.2374 -0.1832 -0.3148 -0.3310 -0.2697 0.0473 0.2128 -0.0819 -0.2978 -0.3326 -0.3014 -0.0176 0.1501 0.0984 -0.2610 -0.3276 -0.3174 -0.1227 0.1067 0.2314 -0.1991 -0.3190 -0.3282 -0.2326 0.0717 0.2359 -0.1395 -0.3077 -0.3329 -0.2862 0.0317 0.1823 0.2187 0.1823 0.0317 -0.2862 -0.3329 -0.3077 -0.1395 0.2359 0.0717 -0.2326 -0.3282 -0.3190 -0.1991 0.2314 0.1067 -0.1227 -0.3174 -0.3276 -0.2610 0.0984 0.1501 -0.0176 -0.3014 -0.3326 -0.2978 -0.0819 0.2128 0.0473 -0.2697 -0.3310 -0.3148 -0.1832 0.2374 0.1067 -0.1023 -0.3121 -0.3308 -0.2933 -0.0688 0.2154 0.0576 -0.2427 -0.3271 -0.3226 -0.2369 0.1221 0.1578 0.0077 -0.2910 -0.3331 -0.2558
-0.2887 -0.2843 0.0217 0.1746 0.0692 -0.2534 -0.3248 -0.3248 -0.2220 0.0669 0.2240 -0.0911 -0.2962 -0.3316 -0.3096 -0.0860 0.1105 0.2349 -0.1851 -0.3148 -0.3312 -0.2729 0.0431 0.2078 -0.0657 -0.2953 -0.3320 -0.3046 -0.0352 0.1385 0.1446 -0.2449 -0.3258 -0.3206 -0.1543 0.0976 0.2404 -0.1844 -0.3163 -0.3300 -0.2517 0.0623 0.2284 -0.1218 -0.3045 -0.3332 -0.2924 0.0183 0.1872 0.0014 -0.2261 0.0014 0.1872 0.0183 -0.2924 -0.3332 -0.3045 -0.1218 0.2284 0.0623 -0.2517 -0.3300 -0.3163 -0.1844 0.2404 0.0976 -0.1543 -0.3206 -0.3258 -0.2449 0.1446 0.1385 -0.0352 -0.3046 -0.3320 -0.2953 -0.0657 0.2078 0.0431 -0.2729 -0.3312 -0.3148 -0.1851 0.2349 0.1105 -0.0860 -0.3096 -0.3316 -0.2962 -0.0911 0.2240 0.0669 -0.2220 -0.3248 -0.3248 -0.2534 0.0692 0.1746 0.0217 -0.2843 -0.2887
-0.2621 0.0356 0.1909 0.0175 -0.2712 -0.3268 -0.3220 -0.1967 0.0760 0.2322 -0.1118 -0.2994 -0.3323 -0.3064 -0.0652 0.1167 0.2282 -0.1911 -0.3156 -0.3310 -0.2729 0.0416 0.2051 -0.0542 -0.2936 -0.3315 -0.3073 -0.0527 0.1292 0.1796 -0.2307 -0.3238 -0.3233 -0.1834 0.0889 0.2429 -0.1695 -0.3135 -0.3314 -0.2668 0.0523 0.2194 -0.1016 -0.3011 -0.3331 -0.2969 0.0035 0.1700 0.0290 -0.2820 -0.3197 -0.2820 0.0290 0.1700 0.0035 -0.2969 -0.3331 -0.3011 -0.1016 0.2194 0.0523 -0.2668 -0.3314 -0.3135 -0.1695 0.2429 0.0889 -0.1834 -0.3233 -0.3238 -0.2307 0.1796 0.1292 -0.0527 -0.3073 -0.3315 -0.2936 -0.0542 0.2051 0.0416 -0.2729 -0.3310 -0.3156 -0.1911 0.2282 0.1167 -0.0652 -0.3064 -0.3323 -0.2994 -0.1118 0.2322 0.0760 -0.1967 -0.3220 -0.3268 -0.2712 0.0175 0.1909 0.0356 -0.2621
0.0294 0.2032 -0.0258 -0.2853 -0.3286 -0.3188 -0.1676 0.0850 0.2387 -0.1305 -0.3027 -0.3329 -0.3028 -0.0437 0.1247 0.2150 -0.2003 -0.3170 -0.3306 -0.2697 0.0431 0.2051 -0.0499 -0.2926 -0.3310 -0.3092 -0.0679 0.1222 0.2030 -0.2184 -0.3219 -0.3256 -0.2083 0.0806 0.2409 -0.1545 -0.3105 -0.3324 -0.2783 0.0416 0.2096 -0.0778 -0.2977 -0.3327 -0.3009 -0.0137 0.1537 0.0834 -0.2667 -0.3340 -0.3532 -0.3340 -0.2667 0.0834 0.1537 -0.0137 -0.3009 -0.3327 -0.2977 -0.0778 0.2096 0.0416 -0.2783 -0.3324 -0.3105 -0.1545 0.2409 0.0806 -0.2083 -0.3256 -0.3219 -0.2184 0.2030 0.1222 -0.0679 -0.3092 -0.3310 -0.2926 -0.0499 0.2051 0.0431 -0.2697 -0.3306 -0.3170 -0.2003 0.2150 0.1247 -0.0437 -0.3028 -0.3329 -0.3027 -0.1305 0.2387 0.0850 -0.1676 -0.3188 -0.3286 -0.2853 -0.0258 0.2032 0.0294
0.2041 -0.0601 -0.2918 -0.3301 -0.3153 -0.1362 0.0938 0.2424 -0.1474 -0.3060 -0.3332 -0.2989 -0.0233 0.1345 0.1925 -0.2119 -0.3189 -0.3297 -0.2629 0.0473 0.2078 -0.0542 -0.2926 -0.3309 -0.3102 -0.0782 0.1175 0.2167 -0.2085 -0.3201 -0.3274 -0.2283 0.0727 0.2362 -0.1394 -0.3075 -0.3330 -0.2868 0.0299 0.1994 -0.0485 -0.2941 -0.3320 -0.3050 -0.0338 0.1401 0.1353 -0.2489 -0.3263 -0.3347 -0.2956 -0.3347 -0.3263 -0.2489 0.1353 0.1401 -0.0338 -0.3050 -0.3320 -0.2941 -0.0485 0.1994 0.0299 -0.2868 -0.3330 -0.3075 -0.1394 0.2362 0.0727 -0.2283 -0.3274 -0.3201 -0.2085 0.2167 0.1175 -0.0782 -0.3102 -0.3309 -0.2926 -0.0542 0.2078 0.0473 -0.2629 -0.3297 -0.3189 -0.2119 0.1925 0.1345 -0.0233 -0.2989 -0.3332 -0.3060 -0.1474 0.2424 0.0938 -0.1362 -0.3153 -0.3301 -0.2918 -0.0601 0.2041
-0.0769 -0.2957 -0.3313 -0.3115 -0.1045 0.1028 0.2421 -0.1631 -0.3092 -0.3331 -0.2949 -0.0051 0.1464 0.1581 -0.2253 -0.3210 -0.3283 -0.2520 0.0536 0.2128 -0.0657 -0.2936 -0.3310 -0.3102 -0.0818 0.1151 0.2237 -0.2017 -0.3187 -0.3286 -0.2431 0.0654 0.2301 -0.1241 -0.3046 -0.3332 -0.2927 0.0171 0.1856 -0.0112 -0.2905 -0.3309 -0.3090 -0.0577 0.1285 0.1780 -0.2326 -0.3242 -0.3223 -0.1693 0.0327 -0.1693 -0.3223 -0.3242 -0.2326 0.1780 0.1285 -0.0577 -0.3090 -0.3309 -0.2905 -0.0112 0.1856 0.0171 -0.2927 -0.3332 -0.3046 -0.1241 0.2301 0.0654 -0.2431 -0.3286 -0.3187 -0.2017 0.2237 0.1151 -0.0818 -0.3102 -0.3310 -0.2936 -0.0657 0.2128 0.0536 -0.2520 -0.3283 -0.3210 -0.2253 0.1581 0.1464 -0.0051 -0.2949 -0.3331 -0.3092 -0.1631 0.2421 0.1028 -0.1045 -0.3115 -0.3313 -0.2957 -0.0769
-0.2411 -0.3326 -0.3075 -0.0747 0.1120 0.2361 -0.1782 -0.3122 -0.3327 -0.2897 0.0108 0.1611 0.1113 -0.2404 -0.3232 -0.3264 -0.2365 0.0613 0.2196 -0.0819 -0.2953 -0.3315 -0.3092 -0.0782 0.1151 0.2258 -0.1982 -0.3178 -0.3295 -0.2531 0.0592 0.2241 -0.1090 -0.3019 -0.3331 -0.2967 0.0034 0.1691 0.0343 -0.2813 -0.3296 -0.3129 -0.0853 0.1182 0.2088 -0.2171 -0.3220 -0.3253 -0.2022 0.0806 0.1667 0.0806 -0.2022 -0.3253 -0.3220 -0.2171 0.2088 0.1182 -0.0853 -0.3129 -0.3296 -0.2813 0.0343 0.1691 0.0034 -0.2967 -0.3331 -0.3019 -0.1090 0.2241 0.0592 -0.2531 -0.3295 -0.3178 -0.1982 0.2258 0.1151 -0.0782 -0.3092 -0.3315 -0.2953 -0.0819 0.2196 0.0613 -0.2365 -0.3264 -0.3232 -0.2404 0.1113 0.1611 0.0108 -0.2897 -0.3327 -0.3122 -0.1782 0.2361 0.1120 -0.0747 -0.3075 -0.3326 -0.2411
-0.2852 -0.3038 -0.0486 0.1219 0.2224 -0.1929 -0.3152 -0.3318 -0.2823 0.0246 0.1786 0.0578 -0.2571 -0.3253 -0.3241 -0.2160 0.0696 0.2270 -0.0999 -0.2978 -0.3320 -0.3073 -0.0679 0.1175 0.2237 -0.1982 -0.3174 -0.3298 -0.2587 0.0547 0.2191 -0.0954 -0.2995 -0.3328 -0.2998 -0.0110 0.1548 0.0829 -0.2658 -0.3280 -0.3165 -0.1158 0.1086 0.2285 -0.2022 -0.3196 -0.3277 -0.2280 0.0738 0.2286 0.0681 0.2286 0.0738 -0.2280 -0.3277 -0.3196 -0.2022 0.2285 0.1086 -0.1158 -0.3165 -0.3280 -0.2658 0.0829 0.1548 -0.0110 -0.2998 -0.3328 -0.2995 -0.0954 0.2191 0.0547 -0.2587 -0.3298 -0.3174 -0.1982 0.2237 0.1175 -0.0679 -0.3073 -0.3320 -0.2978 -0.0999 0.2270 0.0696 -0.2160 -0.3241 -0.3253 -0.2571 0.0578 0.1786 0.0246 -0.2823 -0.3318 -0.3152 -0.1929 0.2224 0.1219 -0.0486 -0.3038 -0.2852
-0.2734 -0.0246 0.1326 0.1989 -0.2076 -0.3179 -0.3306 -0.2720 0.0368 0.1942 0.0075 -0.2752 -0.3272 -0.3213 -0.1906 0.0781 0.2341 -0.1176 -0.3006 -0.3326 -0.3046 -0.0527 0.1222 0.2167 -0.2017 -0.3178 -0.3298 -0.2604 0.0524 0.2158 -0.0850 -0.2976 -0.3324 -0.3025 -0.0256 0.1434 0.1275 -0.2503 -0.3263 -0.3197 -0.1464 0.0997 0.2390 -0.1875 -0.3169 -0.3296 -0.2480 0.0643 0.2303 -0.1194 -0.2700 -0.1194 0.2303 0.0643 -0.2480 -0.3296 -0.3169 -0.1875 0.2390 0.0997 -0.1464 -0.3197 -0.3263 -0.2503 0.1275 0.1434 -0.0256 -0.3025 -0.3324 -0.2976 -0.0850 0.2158 0.0524 -0.2604 -0.3298 -0.3178 -0.2017 0.2167 0.1222 -0.0527 -0.3046 -0.3326 -0.3006 -0.1176 0.2341 0.0781 -0.1906 -0.3213 -0.3272 -0.2752 0.0075 0.1942 0.0368 -0.2720 -0.3306 -0.3179 -0.2076 0.1989 0.1326 -0.0246 -0.2734
-0.0344 0.1455 0.1638 -0.2227 -0.3205 -0.3290 -0.2585 0.0479 0.2053 -0.0338 -0.2878 -0.3289 -0.3181 -0.1611 0.0869 0.2398 -0.1346 -0.3036 -0.3330 -0.3014 -0.0352 0.1292 0.2030 -0.2085 -0.3187 -0.3295 -0.2587 0.0524 0.2147 -0.0793 -0.2965 -0.3321 -0.3046 -0.0389 0.1349 0.1621 -0.2369 -0.3246 -0.3224 -0.1746 0.0914 0.2428 -0.1730 -0.3141 -0.3311 -0.2639 0.0545 0.2214 -0.1068 -0.3028 -0.3336 -0.3028 -0.1068 0.2214 0.0545 -0.2639 -0.3311 -0.3141 -0.1730 0.2428 0.0914 -0.1746 -0.3224 -0.3246 -0.2369 0.1621 0.1349 -0.0389 -0.3046 -0.3321 -0.2965 -0.0793 0.2147 0.0524 -0.2587 -0.3295 -0.3187 -0.2085 0.2030 0.1292 -0.0352 -0.3014 -0.3330 -0.3036 -0.1346 0.2398 0.0869 -0.1611 -0.3181 -0.3289 -0.2878 -0.0338 0.2053 0.0479 -0.2585 -0.3290 -0.3205 -0.2227 0.1638 0.1455 -0.0344
0.1531 0.1169 -0.2384 -0.3229 -0.3269 -0.2412 0.0581 0.2154 -0.0662 -0.2926 -0.3304 -0.3145 -0.1295 0.0957 0.2427 -0.1508 -0.3067 -0.3332 -0.2979 -0.0176 0.1385 0.1796 -0.2184 -0.3201 -0.3286 -0.2531 0.0547 0.2158 -0.0793 -0.2960 -0.3320 -0.3060 -0.0491 0.1290 0.1852 -0.2261 -0.3229 -0.3246 -0.1989 0.0836 0.2419 -0.1589 -0.3113 -0.3322 -0.2761 0.0440 0.2118 -0.0833 -0.2986 -0.3416 -0.3514 -0.3416 -0.2986 -0.0833 0.2118 0.0440 -0.2761 -0.3322 -0.3113 -0.1589 0.2419 0.0836 -0.1989 -0.3246 -0.3229 -0.2261 0.1852 0.1290 -0.0491 -0.3060 -0.3320 -0.2960 -0.0793 0.2158 0.0547 -0.2531 -0.3286 -0.3201 -0.2184 0.1796 0.1385 -0.0176 -0.2979 -0.3332 -0.3067 -0.1508 0.2427 0.0957 -0.1295 -0.3145 -0.3304 -0.2926 -0.0662 0.2154 0.0581 -0.2412 -0.3269 -0.3229 -0.2384 0.1169 0.1531
0.0595 -0.2550 -0.3250 -0.3245 -0.2197 0.0677 0.2247 -0.0921 -0.2962 -0.3315 -0.3107 -0.0980 0.1047 0.2414 -0.1664 -0.3099 -0.3331 -0.2939 -0.0011 0.1501 0.1446 -0.2307 -0.3219 -0.3274 -0.2431 0.0592 0.2191 -0.0850 -0.2965 -0.3320 -0.3064 -0.0546 0.1255 0.1987 -0.2182 -0.3215 -0.3262 -0.2180 0.0764 0.2383 -0.1450 -0.3085 -0.3328 -0.2849 0.0328 0.2016 -0.0553 -0.2949 -0.3320 -0.3164 -0.2031 -0.3164 -0.3320 -0.2949 -0.0553 0.2016 0.0328 -0.2849 -0.3328 -0.3085 -0.1450 0.2383 0.0764 -0.2180 -0.3262 -0.3215 -0.2182 0.1987 0.1255 -0.0546 -0.3064 -0.3320 -0.2965 -0.0850 0.2191 0.0592 -0.2431 -0.3274 -0.3219 -0.2307 0.1446 0.1501 -0.0011 -0.2939 -0.3331 -0.3099 -0.1664 0.2414 0.1047 -0.0980 -0.3107 -0.3315 -0.2962 -0.0921 0.2247 0.0677 -0.2197 -0.3245 -0.3250 -0.2550 0.0595
-0.2166 -0.3273 -0.3217 -0.1940 0.0769 0.2329 -0.1136 -0.2997 -0.3324 -0.3067 -0.0689 0.1141 0.2339 -0.1813 -0.3129 -0.3325 -0.2884 0.0139 0.1647 0.0984 -0.2449 -0.3238 -0.3256 -0.2283 0.0654 0.2241 -0.0954 -0.2976 -0.3321 -0.3060 -0.0546 0.1244 0.2047 -0.2134 -0.3205 -0.3273 -0.2315 0.0702 0.2336 -0.1314 -0.3058 -0.3331 -0.2910 0.0210 0.1894 -0.0206 -0.2913 -0.3311 -0.3077 -0.0481 0.0700 -0.0481 -0.3077 -0.3311 -0.2913 -0.0206 0.1894 0.0210 -0.2910 -0.3331 -0.3058 -0.1314 0.2336 0.0702 -0.2315 -0.3273 -0.3205 -0.2134 0.2047 0.1244 -0.0546 -0.3060 -0.3321 -0.2976 -0.0954 0.2241 0.0654 -0.2283 -0.3256 -0.3238 -0.2449 0.0984 0.1647 0.0139 -0.2884 -0.3325 -0.3129 -0.1813 0.2339 0.1141 -0.0689 -0.3067 -0.3324 -0.2997 -0.1136 0.2329 0.0769 -0.1940 -0.3217 -0.3273 -0.2166
-0.2776 -0.3189 -0.1648 0.0859 0.2392 -0.1322 -0.3031 -0.3330 -0.3026 -0.0434 0.1240 0.2183 -0.1960 -0.3157 -0.3316 -0.2804 0.0273 0.1823 0.0463 -0.2610 -0.3258 -0.3233 -0.2083 0.0727 0.2301 -0.1090 -0.2995 -0.3324 -0.3046 -0.0491 0.1255 0.2047 -0.2118 -0.3200 -0.3280 -0.2401 0.0654 0.2291 -0.1192 -0.3034 -0.3331 -0.2951 0.0086 0.1744 0.0207 -0.2843 -0.3299 -0.3120 -0.0775 0.1145 0.2122 0.1145 -0.0775 -0.3120 -0.3299 -0.2843 0.0207 0.1744 0.0086 -0.2951 -0.3331 -0.3034 -0.1192 0.2291 0.0654 -0.2401 -0.3280 -0.3200 -0.2118 0.2047 0.1255 -0.0491 -0.3046 -0.3324 -0.2995 -0.1090 0.2301 0.0727 -0.2083 -0.3233 -0.3258 -0.2610 0.0463 0.1823 0.0273 -0.2804 -0.3316 -0.3157 -0.1960 0.2183 0.1240 -0.0434 -0.3026 -0.3330 -0.3031 -0.1322 0.2392 0.0859 -0.1648 -0.3189 -0.2776
-0.2823 -0.1317 0.0946 0.2426 -0.1490 -0.3063 -0.3332 -0.2986 -0.0218 0.1350 0.1924 -0.2108 -0.3185 -0.3303 -0.2695 0.0393 0.1972 -0.0020 -0.2786 -0.3276 -0.3206 -0.1834 0.0806 0.2362 -0.1241 -0.3019 -0.3328 -0.3025 -0.0389 0.1290 0.1987 -0.2134 -0.3200 -0.3283 -0.2443 0.0624 0.2256 -0.1093 -0.3015 -0.3330 -0.2980 -0.0039 0.1603 0.0656 -0.2711 -0.3285 -0.3156 -0.1087 0.1106 0.2321 -0.0979 0.2321 0.1106 -0.1087 -0.3156 -0.3285 -0.2711 0.0656 0.1603 -0.0039 -0.2980 -0.3330 -0.3015 -0.1093 0.2256 0.0624 -0.2443 -0.3283 -0.3200 -0.2134 0.1987 0.1290 -0.0389 -0.3025 -0.3328 -0.3019 -0.1241 0.2362 0.0806 -0.1834 -0.3206 -0.3276 -0.2786 -0.0020 0.1972 0.0393 -0.2695 -0.3303 -0.3185 -0.2108 0.1924 0.1350 -0.0218 -0.2986 -0.3332 -0.3063 -0.1490 0.2426 0.0946 -0.1317 -0.2823
-0.1371 0.1051 0.2418 -0.1646 -0.3095 -0.3331 -0.2945 -0.0034 0.1477 0.1547 -0.2260 -0.3210 -0.3286 -0.2552 0.0501 0.2075 -0.0413 -0.2897 -0.3293 -0.3174 -0.1543 0.0889 0.2409 -0.1394 -0.3046 -0.3331 -0.2998 -0.0256 0.1349 0.1852 -0.2182 -0.3205 -0.3280 -0.2443 0.0614 0.2237 -0.1027 -0.3001 -0.3328 -0.3002 -0.0157 0.1495 0.1072 -0.2563 -0.3270 -0.3187 -0.1381 0.1020 0.2368 -0.1871 -0.2973 -0.1871 0.2368 0.1020 -0.1381 -0.3187 -0.3270 -0.2563 0.1072 0.1495 -0.0157 -0.3002 -0.3328 -0.3001 -0.1027 0.2237 0.0614 -0.2443 -0.3280 -0.3205 -0.2182 0.1852 0.1349 -0.0256 -0.2998 -0.3331 -0.3046 -0.1394 0.2409 0.0889 -0.1543 -0.3174 -0.3293 -0.2897 -0.0413 0.2075 0.0501 -0.2552 -0.3286 -0.3210 -0.2260 0.1547 0.1477 -0.0034 -0.2945 -0.3331 -0.3095 -0.1646 0.2418 0.1051 -0.1371
0.1064 0.2350 -0.1796 -0.3125 -0.3326 -0.2891 0.0122 0.1627 0.1062 -0.2419 -0.3233 -0.3265 -0.2370 0.0602 0.2174 -0.0722 -0.2933 -0.3306 -0.3137 -0.1227 0.0976 0.2429 -0.1545 -0.3075 -0.3332 -0.2967 -0.0110 0.1434 0.1621 -0.2261 -0.3215 -0.3273 -0.2401 0.0624 0.2237 -0.1003 -0.2993 -0.3327 -0.3018 -0.0253 0.1419 0.1393 -0.2444 -0.3255 -0.3213 -0.1650 0.0939 0.2422 -0.1774 -0.3175 -0.3449 -0.3175 -0.1774 0.2422 0.0939 -0.1650 -0.3213 -0.3255 -0.2444 0.1393 0.1419 -0.0253 -0.3018 -0.3327 -0.2993 -0.1003 0.2237 0.0624 -0.2401 -0.3273 -0.3215 -0.2261 0.1621 0.1434 -0.0110 -0.2967 -0.3332 -0.3075 -0.1545 0.2429 0.0976 -0.1227 -0.3137 -0.3306 -0.2933 -0.0722 0.2174 0.0602 -0.2370 -0.3265 -0.3233 -0.2419 0.1062 0.1627 0.0122 -0.2891 -0.3326 -0.3125 -0.1796 0.2350 0.1064
0.2063 -0.1943 -0.3154 -0.3317 -0.2814 0.0259 0.1804 0.0526 -0.2588 -0.3255 -0.3239 -0.2146 0.0697 0.2266 -0.0970 -0.2969 -0.3318 -0.3099 -0.0916 0.1067 0.2404 -0.1695 -0.3105 -0.3330 -0.2927 0.0034 0.1548 0.1275 -0.2369 -0.3229 -0.3262 -0.2315 0.0654 0.2256 -0.1027 -0.2993 -0.3326 -0.3026 -0.0317 0.1370 0.1608 -0.2353 -0.3241 -0.3234 -0.1878 0.0867 0.2426 -0.1636 -0.3122 -0.3438 -0.3397 -0.3438 -0.3122 -0.1636 0.2426 0.0867 -0.1878 -0.3234 -0.3241 -0.2353 0.1608 0.1370 -0.0317 -0.3026 -0.3326 -0.2993 -0.1027 0.2256 0.0654 -0.2315 -0.3262 -0.3229 -0.2369 0.1275 0.1548 0.0034 -0.2927 -0.3330 -0.3105 -0.1695 0.2404 0.1067 -0.0916 -0.3099 -0.3318 -0.2969 -0.0970 0.2266 0.0697 -0.2146 -0.3239 -0.3255 -0.2588 0.0526 0.1804 0.0259 -0.2814 -0.3317 -0.3154 -0.1943 0.2063
-0.1768 -0.3185 -0.3305 -0.2709 0.0380 0.1957 0.0030 -0.2770 -0.3274 -0.3210 -0.1880 0.0788 0.2344 -0.1177 -0.3004 -0.3326 -0.3058 -0.0632 0.1161 0.2314 -0.1844 -0.3135 -0.3324 -0.2868 0.0171 0.1691 0.0829 -0.2503 -0.3246 -0.3246 -0.2180 0.0702 0.2291 -0.1093 -0.3001 -0.3327 -0.3026 -0.0340 0.1345 0.1731 -0.2291 -0.3231 -0.3248 -0.2052 0.0804 0.2403 -0.1508 -0.3095 -0.3323 -0.2833 -0.0649 -0.2833 -0.3323 -0.3095 -0.1508 0.2403 0.0804 -0.2052 -0.3248 -0.3231 -0.2291 0.1731 0.1345 -0.0340 -0.3026 -0.3327 -0.3001 -0.1093 0.2291 0.0702 -0.2180 -0.3246 -0.3246 -0.2503 0.0829 0.1691 0.0171 -0.2868 -0.3324 -0.3135 -0.1844 0.2314 0.1161 -0.0632 -0.3058 -0.3326 -0.3004 -0.1177 0.2344 0.0788 -0.1880 -0.3210 -0.3274 -0.2770 0.0030 0.1957 0.0380 -0.2709 -0.3305 -0.3185 -0.1768
-0.2668 -0.3291 -0.2570 0.0490 0.2063 -0.0374 -0.2889 -0.3291 -0.3178 -0.1581 0.0877 0.2402 -0.1359 -0.3038 -0.3331 -0.3017 -0.0386 0.1263 0.2138 -0.1991 -0.3163 -0.3314 -0.2783 0.0299 0.1856 0.0343 -0.2658 -0.3263 -0.3224 -0.1989 0.0764 0.2336 -0.1192 -0.3015 -0.3328 -0.3018 -0.0317 0.1345 0.1771 -0.2258 -0.3224 -0.3258 -0.2169 0.0754 0.2370 -0.1392 -0.3071 -0.3329 -0.2884 0.0263 0.1070 0.0263 -0.2884 -0.3329 -0.3071 -0.1392 0.2370 0.0754 -0.2169 -0.3258 -0.3224 -0.2258 0.1771 0.1345 -0.0317 -0.3018 -0.3328 -0.3015 -0.1192 0.2336 0.0764 -0.1989 -0.3224 -0.3263 -0.2658 0.0343 0.1856 0.0299 -0.2783 -0.3314 -0.3163 -0.1991 0.2138 0.1263 -0.0386 -0.3017 -0.3331 -0.3038 -0.1359 0.2402 0.0877 -0.1581 -0.3178 -0.3291 -0.2889 -0.0374 0.2063 0.0490 -0.2570 -0.3291 -0.2668
-0.2879 -0.2389 0.0590 0.2163 -0.0690 -0.2929 -0.3305 -0.3142 -0.1263 0.0966 0.2428 -0.1524 -0.3070 -0.3332 -0.2978 -0.0176 0.1376 0.1855 -0.2140 -0.3190 -0.3300 -0.2668 0.0416 0.1994 -0.0112 -0.2813 -0.3280 -0.3197 -0.1746 0.0836 0.2383 -0.1314 -0.3034 -0.3330 -0.3002 -0.0253 0.1370 0.1731 -0.2258 -0.3221 -0.3263 -0.2239 0.0719 0.2339 -0.1296 -0.3051 -0.3331 -0.2933 0.0150 0.1626 0.2309 0.1626 0.0150 -0.2933 -0.3331 -0.3051 -0.1296 0.2339 0.0719 -0.2239 -0.3263 -0.3221 -0.2258 0.1731 0.1370 -0.0253 -0.3002 -0.3330 -0.3034 -0.1314 0.2383 0.0836 -0.1746 -0.3197 -0.3280 -0.2813 -0.0112 0.1994 0.0416 -0.2668 -0.3300 -0.3190 -0.2140 0.1855 0.1376 -0.0176 -0.2978 -0.3332 -0.3070 -0.1524 0.2428 0.0966 -0.1263 -0.3142 -0.3305 -0.2929 -0.0690 0.2163 0.0590 -0.2389 -0.2879
-0.2274 0.0700 0.2256 -0.0944 -0.2965 -0.3316 -0.3103 -0.0950 0.1056 0.2410 -0.1678 -0.3102 -0.3330 -0.2935 0.0001 0.1507 0.1452 -0.2293 -0.3215 -0.3282 -0.2517 0.0523 0.2096 -0.0485 -0.2905 -0.3296 -0.3165 -0.1464 0.0914 0.2419 -0.1450 -0.3058 -0.3331 -0.2980 -0.0157 0.1419 0.1608 -0.2291 -0.3224 -0.3263 -0.2263 0.0701 0.2318 -0.1228 -0.3036 -0.3331 -0.2960 0.0038 0.1667 0.0637 -0.1981 0.0637 0.1667 0.0038 -0.2960 -0.3331 -0.3036 -0.1228 0.2318 0.0701 -0.2263 -0.3263 -0.3224 -0.2291 0.1608 0.1419 -0.0157 -0.2980 -0.3331 -0.3058 -0.1450 0.2419 0.0914 -0.1464 -0.3165 -0.3296 -0.2905 -0.0485 0.2096 0.0523 -0.2517 -0.3282 -0.3215 -0.2293 0.1452 0.1507 0.0001 -0.2935 -0.3330 -0.3102 -0.1678 0.2410 0.1056 -0.0950 -0.3103 -0.3316 -0.2965 -0.0944 0.2256 0.0700 -0.2274
0.0669 0.2336 -0.1155 -0.3000 -0.3325 -0.3063 -0.0662 0.1150 0.2328 -0.1827 -0.3132 -0.3325 -0.2877 0.0153 0.1662 0.0950 -0.2454 -0.3238 -0.3260 -0.2326 0.0623 0.2194 -0.0778 -0.2941 -0.3309 -0.3129 -0.1158 0.0997 0.2428 -0.1589 -0.3085 -0.3331 -0.2951 -0.0039 0.1495 0.1393 -0.2353 -0.3231 -0.3258 -0.2239 0.0701 0.2310 -0.1192 -0.3026 -0.3331 -0.2977 -0.0052 0.1576 0.0786 -0.2615 -0.3154 -0.2615 0.0786 0.1576 -0.0052 -0.2977 -0.3331 -0.3026 -0.1192 0.2310 0.0701 -0.2239 -0.3258 -0.3231 -0.2353 0.1393 0.1495 -0.0039 -0.2951 -0.3331 -0.3085 -0.1589 0.2428 0.0997 -0.1158 -0.3129 -0.3309 -0.2941 -0.0778 0.2194 0.0623 -0.2326 -0.3260 -0.3238 -0.2454 0.0950 0.1662 0.0153 -0.2877 -0.3325 -0.3132 -0.1827 0.2328 0.1150 -0.0662 -0.3063 -0.3325 -0.3000 -0.1155 0.2336 0.0669
0.2278 -0.1340 -0.3034 -0.3330 -0.3022 -0.0411 0.1251 0.2163 -0.1974 -0.3160 -0.3315 -0.2794 0.0285 0.1837 0.0415 -0.2625 -0.3259 -0.3234 -0.2093 0.0717 0.2284 -0.1016 -0.2977 -0.3320 -0.3090 -0.0853 0.1086 0.2390 -0.1730 -0.3113 -0.3328 -0.2910 0.0086 0.1603 0.1072 -0.2444 -0.3241 -0.3248 -0.2169 0.0719 0.2318 -0.1192 -0.3023 -0.3330 -0.2987 -0.0117 0.1506 0.1093 -0.2541 -0.3316 -0.3521 -0.3316 -0.2541 0.1093 0.1506 -0.0117 -0.2987 -0.3330 -0.3023 -0.1192 0.2318 0.0719 -0.2169 -0.3248 -0.3241 -0.2444 0.1072 0.1603 0.0086 -0.2910 -0.3328 -0.3113 -0.1730 0.2390 0.1086 -0.0853 -0.3090 -0.3320 -0.2977 -0.1016 0.2284 0.0717 -0.2093 -0.3234 -0.3259 -0.2625 0.0415 0.1837 0.0285 -0.2794 -0.3315 -0.3160 -0.1974 0.2163 0.1251 -0.0411 -0.3022 -0.3330 -0.3034 -0.1340 0.2278
-0.1321 -0.3070 -0.3332 -0.2982 -0.0198 0.1362 0.1892 -0.2123 -0.3187 -0.3301 -0.2682 0.0404 0.1982 -0.0063 -0.2798 -0.3278 -0.3204 -0.1820 0.0807 0.2359 -0.1218 -0.3011 -0.3327 -0.3050 -0.0577 0.1182 0.2285 -0.1875 -0.3141 -0.3322 -0.2849 0.0210 0.1744 0.0656 -0.2563 -0.3255 -0.3234 -0.2052 0.0754 0.2339 -0.1228 -0.3026 -0.3330 -0.2991 -0.0152 0.1466 0.1285 -0.2460 -0.3253 -0.3361 -0.3056 -0.3361 -0.3253 -0.2460 0.1285 0.1466 -0.0152 -0.2991 -0.3330 -0.3026 -0.1228 0.2339 0.0754 -0.2052 -0.3234 -0.3255 -0.2563 0.0656 0.1744 0.0210 -0.2849 -0.3322 -0.3141 -0.1875 0.2285 0.1182 -0.0577 -0.3050 -0.3327 -0.3011 -0.1218 0.2359 0.0807 -0.1820 -0.3204 -0.3278 -0.2798 -0.0063 0.1982 0.0404 -0.2682 -0.3301 -0.3187 -0.2123 0.1892 0.1362 -0.0198 -0.2982 -0.3332 -0.3070 -0.1321
-0.2537 -0.3334 -0.2940 -0.0018 0.1491 0.1504 -0.2275 -0.3212 -0.3284 -0.2536 0.0512 0.2085 -0.0447 -0.2901 -0.3294 -0.3170 -0.1514 0.0896 0.2411 -0.1395 -0.3045 -0.3331 -0.3009 -0.0338 0.1285 0.2088 -0.2022 -0.3169 -0.3311 -0.2761 0.0328 0.1894 0.0207 -0.2711 -0.3270 -0.3213 -0.1878 0.0804 0.2370 -0.1296 -0.3036 -0.3331 -0.2987 -0.0152 0.1453 0.1378 -0.2412 -0.3245 -0.3225 -0.1815 0.0272 -0.1815 -0.3225 -0.3245 -0.2412 0.1378 0.1453 -0.0152 -0.2987 -0.3331 -0.3036 -0.1296 0.2370 0.0804 -0.1878 -0.3213 -0.3270 -0.2711 0.0207 0.1894 0.0328 -0.2761 -0.3311 -0.3169 -0.2022 0.2088 0.1285 -0.0338 -0.3009 -0.3331 -0.3045 -0.1395 0.2411 0.0896 -0.1514 -0.3170 -0.3294 -0.2901 -0.0447 0.2085 0.0512 -0.2536 -0.3284 -0.3212 -0.2275 0.1504 0.1491 -0.0018 -0.2940 -0.3334 -0.2537
-0.2885 -0.2887 0.0136 0.1643 0.1010 -0.2435 -0.3236 -0.3262 -0.2350 0.0612 0.2184 -0.0748 -0.2937 -0.3308 -0.3134 -0.1196 0.0985 0.2429 -0.1557 -0.3077 -0.3332 -0.2969 -0.0137 0.1401 0.1780 -0.2171 -0.3196 -0.3296 -0.2639 0.0440 0.2016 -0.0206 -0.2843 -0.3285 -0.3187 -0.1650 0.0867 0.2403 -0.1392 -0.3051 -0.3331 -0.2977 -0.0117 0.1466 0.1378 -0.2396 -0.3242 -0.3236 -0.1969 0.0800 0.1655 0.0800 -0.1969 -0.3236 -0.3242 -0.2396 0.1378 0.1466 -0.0117 -0.2977 -0.3331 -0.3051 -0.1392 0.2403 0.0867 -0.1650 -0.3187 -0.3285 -0.2843 -0.0206 0.2016 0.0440 -0.2639 -0.3296 -0.3196 -0.2171 0.1780 0.1401 -0.0137 -0.2969 -0.3332 -0.3077 -0.1557 0.2429 0.0985 -0.1196 -0.3134 -0.3308 -0.2937 -0.0748 0.2184 0.0612 -0.2350 -0.3262 -0.3236 -0.2435 0.1010 0.1643 0.0136 -0.2887 -0.2885
-0.2652 0.0284 0.1821 0.0474 -0.2605 -0.3257 -0.3237 -0.2122 0.0706 0.2274 -0.0992 -0.2973 -0.3319 -0.3095 -0.0886 0.1076 0.2398 -0.1710 -0.3108 -0.3329 -0.2924 0.0035 0.1537 0.1353 -0.2326 -0.3220 -0.3277 -0.2480 0.0545 0.2118 -0.0553 -0.2913 -0.3299 -0.3156 -0.1381 0.0939 0.2426 -0.1508 -0.3071 -0.3331 -0.2960 -0.0052 0.1506 0.1285 -0.2412 -0.3242 -0.3240 -0.2039 0.0792 0.2311 0.0588 0.2311 0.0792 -0.2039 -0.3240 -0.3242 -0.2412 0.1285 0.1506 -0.0052 -0.2960 -0.3331 -0.3071 -0.1508 0.2426 0.0939 -0.1381 -0.3156 -0.3299 -0.2913 -0.0553 0.2118 0.0545 -0.2480 -0.3277 -0.3220 -0.2326 0.1353 0.1537 0.0035 -0.2924 -0.3329 -0.3108 -0.1710 0.2398 0.1076 -0.0886 -0.3095 -0.3319 -0.2973 -0.0992 0.2274 0.0706 -0.2122 -0.3237 -0.3257 -0.2605 0.0474 0.1821 0.0284 -0.2652
0.0216 0.1971 -0.0018 -0.2785 -0.3275 -0.3206 -0.1852 0.0797 0.2351 -0.1197 -0.3007 -0.3325 -0.3053 -0.0605 0.1171 0.2300 -0.1859 -0.3138 -0.3321 -0.2862 0.0183 0.1700 0.0834 -0.2489 -0.3242 -0.3253 -0.2280 0.0643 0.2214 -0.0833 -0.2949 -0.3311 -0.3120 -0.1087 0.1020 0.2422 -0.1636 -0.3095 -0.3329 -0.2933 0.0038 0.1576 0.1093 -0.2460 -0.3245 -0.3236 -0.2039 0.0781 0.2376 -0.1319 -0.2735 -0.1319 0.2376 0.0781 -0.2039 -0.3236 -0.3245 -0.2460 0.1093 0.1576 0.0038 -0.2933 -0.3329 -0.3095 -0.1636 0.2422 0.1020 -0.1087 -0.3120 -0.3311 -0.2949 -0.0833 0.2214 0.0643 -0.2280 -0.3253 -0.3242 -0.2489 0.0834 0.1700 0.0183 -0.2862 -0.3321 -0.3138 -0.1859 0.2300 0.1171 -0.0605 -0.3053 -0.3325 -0.3007 -0.1197 0.2351 0.0797 -0.1852 -0.3206 -0.3275 -0.2785 -0.0018 0.1971 0.0216
0.1987 -0.0423 -0.2898 -0.3292 -0.3170 -0.1530 0.0887 0.2407 -0.1381 -0.3042 -0.3329 -0.3010 -0.0351 0.1270 0.2106 -0.2009 -0.3167 -0.3309 -0.2766 0.0317 0.1872 0.0290 -0.2667 -0.3263 -0.3223 -0.2022 0.0738 0.2303 -0.1068 -0.2986 -0.3320 -0.3077 -0.0775 0.1106 0.2368 -0.1774 -0.3122 -0.3323 -0.2884 0.0150 0.1667 0.0786 -0.2541 -0.3253 -0.3225 -0.1969 0.0792 0.2376 -0.1363 -0.3069 -0.3358 -0.3069 -0.1363 0.2376 0.0792 -0.1969 -0.3225 -0.3253 -0.2541 0.0786 0.1667 0.0150 -0.2884 -0.3323 -0.3122 -0.1774 0.2368 0.1106 -0.0775 -0.3077 -0.3320 -0.2986 -0.1068 0.2303 0.0738 -0.2022 -0.3223 -0.3263 -0.2667 0.0290 0.1872 0.0317 -0.2766 -0.3309 -0.3167 -0.2009 0.2106 0.1270 -0.0351 -0.3010 -0.3329 -0.3042 -0.1381 0.2407 0.0887 -0.1530 -0.3170 -0.3292 -0.2898 -0.0423 0.1987
-0.0521 -0.2938 -0.3376 -0.3286 -0.1169 0.0943 0.2436 -0.1490 -0.3090 -0.3433 -0.3057 -0.0131 0.1299 0.1961 -0.2119 -0.3228 -0.3429 -0.2628 0.0429 0.1823 0.0014 -0.2820 -0.3340 -0.3347 -0.1693 0.0806 0.2286 -0.1194 -0.3028 -0.3416 -0.3164 -0.0481 0.1145 0.2321 -0.1871 -0.3175 -0.3438 -0.2833 0.0263 0.1626 0.0637 -0.2615 -0.3316 -0.3361 -0.1815 0.0800 0.2311 -0.1319 -0.3069 -0.3523 -0.3648 -0.3523 -0.3069 -0.1319 0.2311 0.0800 -0.1815 -0.3361 -0.3316 -0.2615 0.0637 0.1626 0.0263 -0.2833 -0.3438 -0.3175 -0.1871 0.2321 0.1145 -0.0481 -0.3164 -0.3416 -0.3028 -0.1194 0.2286 0.0806 -0.1693 -0.3347 -0.3340 -0.2820 0.0014 0.1823 0.0429 -0.2628 -0.3429 -0.3228 -0.2119 0.1961 0.1299 -0.0131 -0.3057 -0.3433 -0.3090 -0.1490 0.2436 0.0943 -0.1169 -0.3286 -0.3376 -0.2938 -0.0521
-0.2067 -0.3265 -0.3535 -0.2663 0.0492 0.1889 -0.0155 -0.2872 -0.3386 -0.3481 -0.1473 0.0838 0.2253 -0.1379 -0.3040 -0.3483 -0.3320 -0.0279 0.1205 0.2187 -0.2261 -0.3197 -0.3532 -0.2956 0.0327 0.1667 0.0681 -0.2700 -0.3336 -0.3514 -0.2031 0.0700 0.2122 -0.0979 -0.2973 -0.3449 -0.3397 -0.0649 0.1070 0.2309 -0.1981 -0.3154 -0.3521 -0.3056 0.0272 0.1655 0.0588 -0.2735 -0.3358 -0.3648 -0.3175 -0.3648 -0.3358 -0.2735 0.0588 0.1655 0.0272 -0.3056 -0.3521 -0.3154 -0.1981 0.2309 0.1070 -0.0649 -0.3397 -0.3449 -0.2973 -0.0979 0.2122 0.0700 -0.2031 -0.3514 -0.3336 -0.2700 0.0681 0.1667 0.0327 -0.2956 -0.3532 -0.3197 -0.2261 0.2187 0.1205 -0.0279 -0.3320 -0.3483 -0.3040 -0.1379 0.2253 0.0838 -0.1473 -0.3481 -0.3386 -0.2872 -0.0155 0.1889 0.0492 -0.2663 -0.3535 -0.3265 -0.2067
