0.0093 0.0885 0.6720 1.0000 1.0000 0.0009 0.0069 0.0527 0.3998 1.0000 1.0000 0.0005 0.0041 0.0311 0.2361 1.0000 1.0000 0.0003 0.0024 0.0184 0.1394 1.0000 1.0000 0.0002 0.0014 0.0108 0.0823 0.6252 1.0000 1.0000 0.0008 0.0064 0.0486 0.3692 1.0000 1.0000 0.0005 0.0038 0.0287 0.2180 1.0000 1.0000 0.0003 0.0022 0.0170 0.1287 0.9774 1.0000 0.0002 0.0013 0.0048 0.0013 0.0002 1.0000 0.9774 0.1287 0.0170 0.0022 0.0003 1.0000 1.0000 0.2180 0.0287 0.0038 0.0005 1.0000 1.0000 0.3692 0.0486 0.0064 0.0008 1.0000 1.0000 0.6252 0.0823 0.0108 0.0014 0.0002 1.0000 1.0000 0.1394 0.0184 0.0024 0.0003 1.0000 1.0000 0.2361 0.0311 0.0041 0.0005 1.0000 1.0000 0.3998 0.0527 0.0069 0.0009 1.0000 1.0000 0.6720 0.0885 0.0093
0.0885 0.7736 1.0000 1.0000 0.0010 0.0075 0.0565 0.4290 1.0000 1.0000 0.0006 0.0044 0.0333 0.2533 1.0000 1.0000 0.0003 0.0026 0.0197 0.1493 1.0000 1.0000 0.0002 0.0015 0.0116 0.0883 0.6695 1.0000 1.0000 0.0009 0.0069 0.0521 0.3961 1.0000 1.0000 0.0005 0.0040 0.0308 0.2334 1.0000 1.0000 0.0003 0.0024 0.0182 0.1381 1.0000 1.0000 1.0000 0.0014 0.0109 0.0379 0.0109 0.0014 1.0000 1.0000 1.0000 0.1381 0.0182 0.0024 0.0003 1.0000 1.0000 0.2334 0.0308 0.0040 0.0005 1.0000 1.0000 0.3961 0.0521 0.0069 0.0009 1.0000 1.0000 0.6695 0.0883 0.0116 0.0015 0.0002 1.0000 1.0000 0.1493 0.0197 0.0026 0.0003 1.0000 1.0000 0.2533 0.0333 0.0044 0.0006 1.0000 1.0000 0.4290 0.0565 0.0075 0.0010 1.0000 1.0000 0.7736 0.0885
0.6720 1.0000 1.0000 0.0009 0.0066 0.0495 0.3734 1.0000 1.0000 0.0005 0.0038 0.0288 0.2184 1.0000 1.0000 0.0003 0.0022 0.0170 0.1290 0.9793 1.0000 1.0000 0.0013 0.0100 0.0762 0.5783 1.0000 1.0000 0.0008 0.0059 0.0450 0.3415 1.0000 1.0000 0.0005 0.0035 0.0266 0.2016 1.0000 1.0000 0.0003 0.0021 0.0157 0.1191 0.9041 1.0000 1.0000 0.0012 0.0093 0.0715 0.2457 0.0715 0.0093 0.0012 1.0000 1.0000 0.9041 0.1191 0.0157 0.0021 0.0003 1.0000 1.0000 0.2016 0.0266 0.0035 0.0005 1.0000 1.0000 0.3415 0.0450 0.0059 0.0008 1.0000 1.0000 0.5783 0.0762 0.0100 0.0013 1.0000 1.0000 0.9793 0.1290 0.0170 0.0022 0.0003 1.0000 1.0000 0.2184 0.0288 0.0038 0.0005 1.0000 1.0000 0.3734 0.0495 0.0066 0.0009 1.0000 1.0000 0.6720
1.0000 1.0000 0.0009 0.0063 0.0460 0.3389 1.0000 1.0000 0.0004 0.0033 0.0252 0.1912 1.0000 1.0000 0.0003 0.0020 0.0149 0.1129 0.8572 1.0000 1.0000 0.0012 0.0088 0.0667 0.5062 1.0000 1.0000 0.0007 0.0052 0.0394 0.2989 1.0000 1.0000 0.0004 0.0031 0.0232 0.1765 1.0000 1.0000 0.0002 0.0018 0.0137 0.1042 0.7914 1.0000 1.0000 0.0011 0.0081 0.0620 0.4754 1.0000 0.4754 0.0620 0.0081 0.0011 1.0000 1.0000 0.7914 0.1042 0.0137 0.0018 0.0002 1.0000 1.0000 0.1765 0.0232 0.0031 0.0004 1.0000 1.0000 0.2989 0.0394 0.0052 0.0007 1.0000 1.0000 0.5062 0.0667 0.0088 0.0012 1.0000 1.0000 0.8572 0.1129 0.0149 0.0020 0.0003 1.0000 1.0000 0.1912 0.0252 0.0033 0.0004 1.0000 1.0000 0.3389 0.0460 0.0063 0.0009 1.0000 1.0000
1.0000 0.0010 0.0066 0.0460 0.3262 1.0000 1.0000 0.0004 0.0030 0.0223 0.1683 1.0000 1.0000 0.0002 0.0017 0.0130 0.0986 0.7490 1.0000 1.0000 0.0010 0.0077 0.0582 0.4423 1.0000 1.0000 0.0006 0.0045 0.0344 0.2611 1.0000 1.0000 0.0004 0.0027 0.0203 0.1542 1.0000 1.0000 0.0002 0.0016 0.0120 0.0911 0.6915 1.0000 1.0000 0.0009 0.0071 0.0538 0.4114 1.0000 1.0000 1.0000 0.4114 0.0538 0.0071 0.0009 1.0000 1.0000 0.6915 0.0911 0.0120 0.0016 0.0002 1.0000 1.0000 0.1542 0.0203 0.0027 0.0004 1.0000 1.0000 0.2611 0.0344 0.0045 0.0006 1.0000 1.0000 0.4423 0.0582 0.0077 0.0010 1.0000 1.0000 0.7490 0.0986 0.0130 0.0017 0.0002 1.0000 1.0000 0.1683 0.0223 0.0030 0.0004 1.0000 1.0000 0.3262 0.0460 0.0066 0.0010 1.0000
0.0009 0.0075 0.0495 0.3389 1.0000 1.0000 0.0004 0.0027 0.0202 0.1502 1.0000 1.0000 1.0000 0.0015 0.0113 0.0862 0.6544 1.0000 1.0000 0.0009 0.0067 0.0509 0.3864 1.0000 1.0000 0.0005 0.0040 0.0300 0.2282 1.0000 1.0000 0.0003 0.0023 0.0177 0.1347 1.0000 1.0000 1.0000 0.0014 0.0105 0.0796 0.6041 1.0000 1.0000 0.0008 0.0062 0.0470 0.3567 1.0000 1.0000 1.0000 1.0000 1.0000 0.3567 0.0470 0.0062 0.0008 1.0000 1.0000 0.6041 0.0796 0.0105 0.0014 1.0000 1.0000 1.0000 0.1347 0.0177 0.0023 0.0003 1.0000 1.0000 0.2282 0.0300 0.0040 0.0005 1.0000 1.0000 0.3864 0.0509 0.0067 0.0009 1.0000 1.0000 0.6544 0.0862 0.0113 0.0015 1.0000 1.0000 1.0000 0.1502 0.0202 0.0027 0.0004 1.0000 1.0000 0.3389 0.0495 0.0075 0.0009
0.0069 0.0565 0.3734 1.0000 1.0000 0.0004 0.0026 0.0190 0.1386 1.0000 1.0000 1.0000 0.0013 0.0100 0.0756 0.5728 1.0000 1.0000 0.0008 0.0059 0.0445 0.3376 1.0000 1.0000 0.0005 0.0035 0.0263 0.1993 1.0000 1.0000 0.0003 0.0020 0.0155 0.1177 0.8939 1.0000 1.0000 0.0012 0.0092 0.0695 0.5278 1.0000 1.0000 0.0007 0.0054 0.0410 0.3117 1.0000 1.0000 0.0004 0.0015 0.0004 1.0000 1.0000 0.3117 0.0410 0.0054 0.0007 1.0000 1.0000 0.5278 0.0695 0.0092 0.0012 1.0000 1.0000 0.8939 0.1177 0.0155 0.0020 0.0003 1.0000 1.0000 0.1993 0.0263 0.0035 0.0005 1.0000 1.0000 0.3376 0.0445 0.0059 0.0008 1.0000 1.0000 0.5728 0.0756 0.0100 0.0013 1.0000 1.0000 1.0000 0.1386 0.0190 0.0026 0.0004 1.0000 1.0000 0.3734 0.0565 0.0069
0.0527 0.4290 1.0000 1.0000 0.0004 0.0027 0.0190 0.1347 0.9700 1.0000 1.0000 0.0012 0.0089 0.0670 0.5052 1.0000 1.0000 0.0007 0.0051 0.0388 0.2949 1.0000 1.0000 0.0004 0.0030 0.0229 0.1742 1.0000 1.0000 0.0002 0.0018 0.0135 0.1028 0.7810 1.0000 1.0000 0.0011 0.0080 0.0607 0.4611 1.0000 1.0000 0.0006 0.0047 0.0359 0.2723 1.0000 1.0000 0.0004 0.0028 0.0097 0.0028 0.0004 1.0000 1.0000 0.2723 0.0359 0.0047 0.0006 1.0000 1.0000 0.4611 0.0607 0.0080 0.0011 1.0000 1.0000 0.7810 0.1028 0.0135 0.0018 0.0002 1.0000 1.0000 0.1742 0.0229 0.0030 0.0004 1.0000 1.0000 0.2949 0.0388 0.0051 0.0007 1.0000 1.0000 0.5052 0.0670 0.0089 0.0012 1.0000 1.0000 0.9700 0.1347 0.0190 0.0027 0.0004 1.0000 1.0000 0.4290 0.0527
0.3998 1.0000 1.0000 0.0004 0.0030 0.0202 0.1386 0.9700 1.0000 1.0000 0.0011 0.0082 0.0605 0.4516 1.0000 1.0000 0.0006 0.0045 0.0340 0.2577 1.0000 1.0000 0.0003 0.0026 0.0200 0.1522 1.0000 1.0000 0.0002 0.0016 0.0118 0.0899 0.6823 1.0000 1.0000 0.0009 0.0070 0.0531 0.4029 1.0000 1.0000 0.0005 0.0041 0.0313 0.2379 1.0000 1.0000 0.0003 0.0025 0.0188 0.0644 0.0188 0.0025 0.0003 1.0000 1.0000 0.2379 0.0313 0.0041 0.0005 1.0000 1.0000 0.4029 0.0531 0.0070 0.0009 1.0000 1.0000 0.6823 0.0899 0.0118 0.0016 0.0002 1.0000 1.0000 0.1522 0.0200 0.0026 0.0003 1.0000 1.0000 0.2577 0.0340 0.0045 0.0006 1.0000 1.0000 0.4516 0.0605 0.0082 0.0011 1.0000 1.0000 0.9700 0.1386 0.0202 0.0030 0.0004 1.0000 1.0000 0.3998
1.0000 1.0000 0.0005 0.0033 0.0223 0.1502 1.0000 1.0000 1.0000 0.0011 0.0078 0.0565 0.4146 1.0000 1.0000 0.0005 0.0040 0.0299 0.2264 1.0000 1.0000 0.0003 0.0023 0.0175 0.1329 1.0000 1.0000 1.0000 0.0014 0.0103 0.0785 0.5961 1.0000 1.0000 0.0008 0.0061 0.0464 0.3520 1.0000 1.0000 0.0005 0.0036 0.0274 0.2079 1.0000 1.0000 0.0003 0.0021 0.0163 0.1249 0.4274 0.1249 0.0163 0.0021 0.0003 1.0000 1.0000 0.2079 0.0274 0.0036 0.0005 1.0000 1.0000 0.3520 0.0464 0.0061 0.0008 1.0000 1.0000 0.5961 0.0785 0.0103 0.0014 1.0000 1.0000 1.0000 0.1329 0.0175 0.0023 0.0003 1.0000 1.0000 0.2264 0.0299 0.0040 0.0005 1.0000 1.0000 0.4146 0.0565 0.0078 0.0011 1.0000 1.0000 1.0000 0.1502 0.0223 0.0033 0.0005 1.0000 1.0000
1.0000 0.0006 0.0038 0.0252 0.1683 1.0000 1.0000 1.0000 0.0011 0.0078 0.0550 0.3953 1.0000 1.0000 0.0005 0.0036 0.0267 0.2005 1.0000 1.0000 0.0003 0.0020 0.0153 0.1162 0.8820 1.0000 1.0000 0.0012 0.0090 0.0686 0.5208 1.0000 1.0000 0.0007 0.0053 0.0405 0.3075 1.0000 1.0000 0.0004 0.0031 0.0239 0.1816 1.0000 1.0000 0.0002 0.0019 0.0141 0.1081 0.8284 1.0000 0.8284 0.1081 0.0141 0.0019 0.0002 1.0000 1.0000 0.1816 0.0239 0.0031 0.0004 1.0000 1.0000 0.3075 0.0405 0.0053 0.0007 1.0000 1.0000 0.5208 0.0686 0.0090 0.0012 1.0000 1.0000 0.8820 0.1162 0.0153 0.0020 0.0003 1.0000 1.0000 0.2005 0.0267 0.0036 0.0005 1.0000 1.0000 0.3953 0.0550 0.0078 0.0011 1.0000 1.0000 1.0000 0.1683 0.0252 0.0038 0.0006 1.0000
0.0005 0.0044 0.0288 0.1912 1.0000 1.0000 1.0000 0.0012 0.0082 0.0565 0.3953 1.0000 1.0000 0.0004 0.0033 0.0243 0.1806 1.0000 1.0000 0.0002 0.0018 0.0134 0.1017 0.7706 1.0000 1.0000 0.0010 0.0079 0.0599 0.4550 1.0000 1.0000 0.0006 0.0047 0.0354 0.2687 1.0000 1.0000 0.0004 0.0028 0.0209 0.1587 1.0000 1.0000 0.0002 0.0016 0.0123 0.0937 0.7169 1.0000 1.0000 1.0000 0.7169 0.0937 0.0123 0.0016 0.0002 1.0000 1.0000 0.1587 0.0209 0.0028 0.0004 1.0000 1.0000 0.2687 0.0354 0.0047 0.0006 1.0000 1.0000 0.4550 0.0599 0.0079 0.0010 1.0000 1.0000 0.7706 0.1017 0.0134 0.0018 0.0002 1.0000 1.0000 0.1806 0.0243 0.0033 0.0004 1.0000 1.0000 0.3953 0.0565 0.0082 0.0012 1.0000 1.0000 1.0000 0.1912 0.0288 0.0044 0.0005
0.0041 0.0333 0.2184 1.0000 1.0000 1.0000 0.0013 0.0089 0.0605 0.4146 1.0000 1.0000 0.0004 0.0031 0.0228 0.1667 1.0000 1.0000 0.0002 0.0016 0.0119 0.0895 0.6771 1.0000 1.0000 0.0009 0.0069 0.0524 0.3976 1.0000 1.0000 0.0005 0.0041 0.0309 0.2348 1.0000 1.0000 0.0003 0.0024 0.0183 0.1386 1.0000 1.0000 1.0000 0.0014 0.0108 0.0819 0.6216 1.0000 1.0000 0.0004 1.0000 1.0000 0.6216 0.0819 0.0108 0.0014 1.0000 1.0000 1.0000 0.1386 0.0183 0.0024 0.0003 1.0000 1.0000 0.2348 0.0309 0.0041 0.0005 1.0000 1.0000 0.3976 0.0524 0.0069 0.0009 1.0000 1.0000 0.6771 0.0895 0.0119 0.0016 0.0002 1.0000 1.0000 0.1667 0.0228 0.0031 0.0004 1.0000 1.0000 0.4146 0.0605 0.0089 0.0013 1.0000 1.0000 1.0000 0.2184 0.0333 0.0041
0.0311 0.2533 1.0000 1.0000 0.0002 0.0015 0.0100 0.0670 0.4516 1.0000 1.0000 0.0004 0.0031 0.0223 0.1599 1.0000 1.0000 1.0000 0.0014 0.0106 0.0796 0.5995 1.0000 1.0000 0.0008 0.0060 0.0457 0.3474 1.0000 1.0000 0.0005 0.0036 0.0270 0.2051 1.0000 1.0000 0.0003 0.0021 0.0159 0.1211 0.9197 1.0000 1.0000 0.0012 0.0094 0.0715 0.5431 1.0000 1.0000 0.0007 0.0025 0.0007 1.0000 1.0000 0.5431 0.0715 0.0094 0.0012 1.0000 1.0000 0.9197 0.1211 0.0159 0.0021 0.0003 1.0000 1.0000 0.2051 0.0270 0.0036 0.0005 1.0000 1.0000 0.3474 0.0457 0.0060 0.0008 1.0000 1.0000 0.5995 0.0796 0.0106 0.0014 1.0000 1.0000 1.0000 0.1599 0.0223 0.0031 0.0004 1.0000 1.0000 0.4516 0.0670 0.0100 0.0015 0.0002 1.0000 1.0000 0.2533 0.0311
0.2361 1.0000 1.0000 0.0003 0.0017 0.0113 0.0756 0.5052 1.0000 1.0000 0.0005 0.0033 0.0228 0.1599 1.0000 1.0000 1.0000 0.0013 0.0097 0.0721 0.5369 1.0000 1.0000 0.0007 0.0053 0.0401 0.3041 1.0000 1.0000 0.0004 0.0031 0.0236 0.1792 1.0000 1.0000 0.0002 0.0018 0.0139 0.1058 0.8036 1.0000 1.0000 0.0011 0.0082 0.0625 0.4745 1.0000 1.0000 0.0006 0.0049 0.0169 0.0049 0.0006 1.0000 1.0000 0.4745 0.0625 0.0082 0.0011 1.0000 1.0000 0.8036 0.1058 0.0139 0.0018 0.0002 1.0000 1.0000 0.1792 0.0236 0.0031 0.0004 1.0000 1.0000 0.3041 0.0401 0.0053 0.0007 1.0000 1.0000 0.5369 0.0721 0.0097 0.0013 1.0000 1.0000 1.0000 0.1599 0.0228 0.0033 0.0005 1.0000 1.0000 0.5052 0.0756 0.0113 0.0017 0.0003 1.0000 1.0000 0.2361
1.0000 1.0000 0.0003 0.0020 0.0130 0.0862 0.5728 1.0000 1.0000 0.0005 0.0036 0.0243 0.1667 1.0000 1.0000 1.0000 0.0013 0.0092 0.0669 0.4920 1.0000 1.0000 0.0006 0.0047 0.0355 0.2677 1.0000 1.0000 0.0004 0.0027 0.0206 0.1566 1.0000 1.0000 0.0002 0.0016 0.0122 0.0925 0.7021 1.0000 1.0000 0.0009 0.0072 0.0546 0.4146 1.0000 1.0000 0.0006 0.0043 0.0328 0.1122 0.0328 0.0043 0.0006 1.0000 1.0000 0.4146 0.0546 0.0072 0.0009 1.0000 1.0000 0.7021 0.0925 0.0122 0.0016 0.0002 1.0000 1.0000 0.1566 0.0206 0.0027 0.0004 1.0000 1.0000 0.2677 0.0355 0.0047 0.0006 1.0000 1.0000 0.4920 0.0669 0.0092 0.0013 1.0000 1.0000 1.0000 0.1667 0.0243 0.0036 0.0005 1.0000 1.0000 0.5728 0.0862 0.0130 0.0020 0.0003 1.0000 1.0000
1.0000 0.0003 0.0022 0.0149 0.0986 0.6544 1.0000 1.0000 0.0006 0.0040 0.0267 0.1806 1.0000 1.0000 1.0000 0.0013 0.0090 0.0643 0.4647 1.0000 1.0000 0.0006 0.0042 0.0316 0.2375 1.0000 1.0000 0.0003 0.0024 0.0180 0.1368 1.0000 1.0000 1.0000 0.0014 0.0106 0.0808 0.6134 1.0000 1.0000 0.0008 0.0063 0.0477 0.3622 1.0000 1.0000 0.0005 0.0037 0.0284 0.2176 0.7447 0.2176 0.0284 0.0037 0.0005 1.0000 1.0000 0.3622 0.0477 0.0063 0.0008 1.0000 1.0000 0.6134 0.0808 0.0106 0.0014 1.0000 1.0000 1.0000 0.1368 0.0180 0.0024 0.0003 1.0000 1.0000 0.2375 0.0316 0.0042 0.0006 1.0000 1.0000 0.4647 0.0643 0.0090 0.0013 1.0000 1.0000 1.0000 0.1806 0.0267 0.0040 0.0006 1.0000 1.0000 0.6544 0.0986 0.0149 0.0022 0.0003 1.0000
0.0003 0.0026 0.0170 0.1129 0.7490 1.0000 1.0000 0.0007 0.0045 0.0299 0.2005 1.0000 1.0000 1.0000 0.0013 0.0092 0.0643 0.4559 1.0000 1.0000 0.0005 0.0039 0.0288 0.2139 1.0000 1.0000 0.0003 0.0021 0.0158 0.1197 0.9076 1.0000 1.0000 0.0012 0.0093 0.0706 0.5359 1.0000 1.0000 0.0007 0.0055 0.0417 0.3164 1.0000 1.0000 0.0004 0.0032 0.0246 0.1883 1.0000 1.0000 1.0000 0.1883 0.0246 0.0032 0.0004 1.0000 1.0000 0.3164 0.0417 0.0055 0.0007 1.0000 1.0000 0.5359 0.0706 0.0093 0.0012 1.0000 1.0000 0.9076 0.1197 0.0158 0.0021 0.0003 1.0000 1.0000 0.2139 0.0288 0.0039 0.0005 1.0000 1.0000 0.4559 0.0643 0.0092 0.0013 1.0000 1.0000 1.0000 0.2005 0.0299 0.0045 0.0007 1.0000 1.0000 0.7490 0.1129 0.0170 0.0026 0.0003
0.0024 0.0197 0.1290 0.8572 1.0000 1.0000 0.0008 0.0051 0.0340 0.2264 1.0000 1.0000 0.0002 0.0014 0.0097 0.0669 0.4647 1.0000 1.0000 0.0005 0.0037 0.0268 0.1967 1.0000 1.0000 0.0002 0.0019 0.0140 0.1058 0.7990 1.0000 1.0000 0.0011 0.0081 0.0617 0.4682 1.0000 1.0000 0.0006 0.0048 0.0364 0.2765 1.0000 1.0000 0.0004 0.0028 0.0215 0.1633 1.0000 1.0000 1.0000 1.0000 1.0000 0.1633 0.0215 0.0028 0.0004 1.0000 1.0000 0.2765 0.0364 0.0048 0.0006 1.0000 1.0000 0.4682 0.0617 0.0081 0.0011 1.0000 1.0000 0.7990 0.1058 0.0140 0.0019 0.0002 1.0000 1.0000 0.1967 0.0268 0.0037 0.0005 1.0000 1.0000 0.4647 0.0669 0.0097 0.0014 0.0002 1.0000 1.0000 0.2264 0.0340 0.0051 0.0008 1.0000 1.0000 0.8572 0.1290 0.0197 0.0024
0.0184 0.1493 0.9793 1.0000 1.0000 0.0009 0.0059 0.0388 0.2577 1.0000 1.0000 0.0002 0.0016 0.0106 0.0721 0.4920 1.0000 1.0000 0.0005 0.0036 0.0259 0.1865 1.0000 1.0000 0.0002 0.0017 0.0126 0.0942 0.7088 1.0000 1.0000 0.0009 0.0071 0.0539 0.4091 1.0000 1.0000 0.0006 0.0042 0.0318 0.2416 1.0000 1.0000 0.0003 0.0025 0.0188 0.1426 1.0000 1.0000 1.0000 0.0007 1.0000 1.0000 1.0000 0.1426 0.0188 0.0025 0.0003 1.0000 1.0000 0.2416 0.0318 0.0042 0.0006 1.0000 1.0000 0.4091 0.0539 0.0071 0.0009 1.0000 1.0000 0.7088 0.0942 0.0126 0.0017 0.0002 1.0000 1.0000 0.1865 0.0259 0.0036 0.0005 1.0000 1.0000 0.4920 0.0721 0.0106 0.0016 0.0002 1.0000 1.0000 0.2577 0.0388 0.0059 0.0009 1.0000 1.0000 0.9793 0.1493 0.0184
0.1394 1.0000 1.0000 1.0000 0.0010 0.0067 0.0445 0.2949 1.0000 1.0000 0.0003 0.0018 0.0119 0.0796 0.5369 1.0000 1.0000 0.0005 0.0037 0.0259 0.1830 1.0000 1.0000 0.0002 0.0016 0.0115 0.0850 0.6347 1.0000 1.0000 0.0008 0.0063 0.0473 0.3581 1.0000 1.0000 0.0005 0.0037 0.0278 0.2110 1.0000 1.0000 0.0003 0.0022 0.0164 0.1246 0.9463 1.0000 1.0000 0.0013 0.0044 0.0013 1.0000 1.0000 0.9463 0.1246 0.0164 0.0022 0.0003 1.0000 1.0000 0.2110 0.0278 0.0037 0.0005 1.0000 1.0000 0.3581 0.0473 0.0063 0.0008 1.0000 1.0000 0.6347 0.0850 0.0115 0.0016 0.0002 1.0000 1.0000 0.1830 0.0259 0.0037 0.0005 1.0000 1.0000 0.5369 0.0796 0.0119 0.0018 0.0003 1.0000 1.0000 0.2949 0.0445 0.0067 0.0010 1.0000 1.0000 1.0000 0.1394
1.0000 1.0000 1.0000 0.0012 0.0077 0.0509 0.3376 1.0000 1.0000 0.0003 0.0020 0.0134 0.0895 0.5995 1.0000 1.0000 0.0006 0.0039 0.0268 0.1865 1.0000 1.0000 0.0002 0.0015 0.0107 0.0785 0.5794 1.0000 1.0000 0.0007 0.0056 0.0418 0.3158 1.0000 1.0000 0.0004 0.0032 0.0243 0.1844 1.0000 1.0000 0.0002 0.0019 0.0143 0.1089 0.8268 1.0000 1.0000 0.0011 0.0086 0.0295 0.0086 0.0011 1.0000 1.0000 0.8268 0.1089 0.0143 0.0019 0.0002 1.0000 1.0000 0.1844 0.0243 0.0032 0.0004 1.0000 1.0000 0.3158 0.0418 0.0056 0.0007 1.0000 1.0000 0.5794 0.0785 0.0107 0.0015 0.0002 1.0000 1.0000 0.1865 0.0268 0.0039 0.0006 1.0000 1.0000 0.5995 0.0895 0.0134 0.0020 0.0003 1.0000 1.0000 0.3376 0.0509 0.0077 0.0012 1.0000 1.0000 1.0000
1.0000 0.0002 0.0013 0.0088 0.0582 0.3864 1.0000 1.0000 0.0003 0.0023 0.0153 0.1017 0.6771 1.0000 1.0000 0.0006 0.0042 0.0288 0.1967 1.0000 1.0000 0.0002 0.0014 0.0104 0.0746 0.5421 1.0000 1.0000 0.0007 0.0050 0.0372 0.2802 1.0000 1.0000 0.0004 0.0028 0.0212 0.1611 1.0000 1.0000 0.0002 0.0016 0.0125 0.0951 0.7224 1.0000 1.0000 0.0010 0.0075 0.0571 0.1956 0.0571 0.0075 0.0010 1.0000 1.0000 0.7224 0.0951 0.0125 0.0016 0.0002 1.0000 1.0000 0.1611 0.0212 0.0028 0.0004 1.0000 1.0000 0.2802 0.0372 0.0050 0.0007 1.0000 1.0000 0.5421 0.0746 0.0104 0.0014 0.0002 1.0000 1.0000 0.1967 0.0288 0.0042 0.0006 1.0000 1.0000 0.6771 0.1017 0.0153 0.0023 0.0003 1.0000 1.0000 0.3864 0.0582 0.0088 0.0013 0.0002 1.0000
0.0002 0.0015 0.0100 0.0667 0.4423 1.0000 1.0000 0.0004 0.0026 0.0175 0.1162 0.7706 1.0000 1.0000 0.0007 0.0047 0.0316 0.2139 1.0000 1.0000 0.0002 0.0015 0.0104 0.0733 0.5248 1.0000 1.0000 0.0006 0.0046 0.0338 0.2519 1.0000 1.0000 0.0003 0.0025 0.0186 0.1410 1.0000 1.0000 1.0000 0.0014 0.0109 0.0831 0.6311 1.0000 1.0000 0.0009 0.0065 0.0495 0.3791 1.0000 0.3791 0.0495 0.0065 0.0009 1.0000 1.0000 0.6311 0.0831 0.0109 0.0014 1.0000 1.0000 1.0000 0.1410 0.0186 0.0025 0.0003 1.0000 1.0000 0.2519 0.0338 0.0046 0.0006 1.0000 1.0000 0.5248 0.0733 0.0104 0.0015 0.0002 1.0000 1.0000 0.2139 0.0316 0.0047 0.0007 1.0000 1.0000 0.7706 0.1162 0.0175 0.0026 0.0004 1.0000 1.0000 0.4423 0.0667 0.0100 0.0015 0.0002
0.0014 0.0116 0.0762 0.5062 1.0000 1.0000 0.0005 0.0030 0.0200 0.1329 0.8820 1.0000 1.0000 0.0008 0.0053 0.0355 0.2375 1.0000 1.0000 0.0002 0.0016 0.0107 0.0746 0.5248 1.0000 1.0000 0.0006 0.0043 0.0313 0.2308 1.0000 1.0000 0.0003 0.0022 0.0165 0.1244 0.9392 1.0000 1.0000 0.0013 0.0096 0.0726 0.5514 1.0000 1.0000 0.0007 0.0056 0.0429 0.3281 1.0000 1.0000 1.0000 0.3281 0.0429 0.0056 0.0007 1.0000 1.0000 0.5514 0.0726 0.0096 0.0013 1.0000 1.0000 0.9392 0.1244 0.0165 0.0022 0.0003 1.0000 1.0000 0.2308 0.0313 0.0043 0.0006 1.0000 1.0000 0.5248 0.0746 0.0107 0.0016 0.0002 1.0000 1.0000 0.2375 0.0355 0.0053 0.0008 1.0000 1.0000 0.8820 0.1329 0.0200 0.0030 0.0005 1.0000 1.0000 0.5062 0.0762 0.0116 0.0014
0.0108 0.0883 0.5783 1.0000 1.0000 0.0005 0.0035 0.0229 0.1522 1.0000 1.0000 1.0000 0.0009 0.0060 0.0401 0.2677 1.0000 1.0000 0.0002 0.0017 0.0115 0.0785 0.5421 1.0000 1.0000 0.0006 0.0041 0.0299 0.2167 1.0000 1.0000 0.0003 0.0020 0.0148 0.1108 0.8331 1.0000 1.0000 0.0011 0.0084 0.0634 0.4818 1.0000 1.0000 0.0006 0.0049 0.0375 0.2845 1.0000 1.0000 1.0000 1.0000 1.0000 0.2845 0.0375 0.0049 0.0006 1.0000 1.0000 0.4818 0.0634 0.0084 0.0011 1.0000 1.0000 0.8331 0.1108 0.0148 0.0020 0.0003 1.0000 1.0000 0.2167 0.0299 0.0041 0.0006 1.0000 1.0000 0.5421 0.0785 0.0115 0.0017 0.0002 1.0000 1.0000 0.2677 0.0401 0.0060 0.0009 1.0000 1.0000 1.0000 0.1522 0.0229 0.0035 0.0005 1.0000 1.0000 0.5783 0.0883 0.0108
0.0823 0.6695 1.0000 1.0000 0.0006 0.0040 0.0263 0.1742 1.0000 1.0000 1.0000 0.0010 0.0069 0.0457 0.3041 1.0000 1.0000 0.0003 0.0019 0.0126 0.0850 0.5794 1.0000 1.0000 0.0006 0.0041 0.0294 0.2098 1.0000 1.0000 0.0002 0.0018 0.0134 0.0999 0.7461 1.0000 1.0000 0.0010 0.0074 0.0557 0.4217 1.0000 1.0000 0.0006 0.0043 0.0327 0.2485 1.0000 1.0000 0.0003 0.0012 0.0003 1.0000 1.0000 0.2485 0.0327 0.0043 0.0006 1.0000 1.0000 0.4217 0.0557 0.0074 0.0010 1.0000 1.0000 0.7461 0.0999 0.0134 0.0018 0.0002 1.0000 1.0000 0.2098 0.0294 0.0041 0.0006 1.0000 1.0000 0.5794 0.0850 0.0126 0.0019 0.0003 1.0000 1.0000 0.3041 0.0457 0.0069 0.0010 1.0000 1.0000 1.0000 0.1742 0.0263 0.0040 0.0006 1.0000 1.0000 0.6695 0.0823
0.6252 1.0000 1.0000 0.0007 0.0045 0.0300 0.1993 1.0000 1.0000 1.0000 0.0012 0.0079 0.0524 0.3474 1.0000 1.0000 0.0003 0.0021 0.0140 0.0942 0.6347 1.0000 1.0000 0.0006 0.0043 0.0299 0.2098 1.0000 1.0000 0.0002 0.0017 0.0125 0.0919 0.6797 1.0000 1.0000 0.0009 0.0065 0.0493 0.3720 1.0000 1.0000 0.0005 0.0038 0.0286 0.2172 1.0000 1.0000 0.0003 0.0023 0.0077 0.0023 0.0003 1.0000 1.0000 0.2172 0.0286 0.0038 0.0005 1.0000 1.0000 0.3720 0.0493 0.0065 0.0009 1.0000 1.0000 0.6797 0.0919 0.0125 0.0017 0.0002 1.0000 1.0000 0.2098 0.0299 0.0043 0.0006 1.0000 1.0000 0.6347 0.0942 0.0140 0.0021 0.0003 1.0000 1.0000 0.3474 0.0524 0.0079 0.0012 1.0000 1.0000 1.0000 0.1993 0.0300 0.0045 0.0007 1.0000 1.0000 0.6252
1.0000 1.0000 0.0008 0.0052 0.0344 0.2282 1.0000 1.0000 0.0002 0.0014 0.0090 0.0599 0.3976 1.0000 1.0000 0.0004 0.0024 0.0158 0.1058 0.7088 1.0000 1.0000 0.0007 0.0046 0.0313 0.2167 1.0000 1.0000 0.0002 0.0017 0.0119 0.0867 0.6323 1.0000 1.0000 0.0008 0.0059 0.0439 0.3300 1.0000 1.0000 0.0004 0.0033 0.0250 0.1897 1.0000 1.0000 0.0003 0.0020 0.0150 0.0514 0.0150 0.0020 0.0003 1.0000 1.0000 0.1897 0.0250 0.0033 0.0004 1.0000 1.0000 0.3300 0.0439 0.0059 0.0008 1.0000 1.0000 0.6323 0.0867 0.0119 0.0017 0.0002 1.0000 1.0000 0.2167 0.0313 0.0046 0.0007 1.0000 1.0000 0.7088 0.1058 0.0158 0.0024 0.0004 1.0000 1.0000 0.3976 0.0599 0.0090 0.0014 0.0002 1.0000 1.0000 0.2282 0.0344 0.0052 0.0008 1.0000 1.0000
1.0000 0.0009 0.0059 0.0394 0.2611 1.0000 1.0000 0.0002 0.0016 0.0103 0.0686 0.4550 1.0000 1.0000 0.0004 0.0027 0.0180 0.1197 0.7990 1.0000 1.0000 0.0007 0.0050 0.0338 0.2308 1.0000 1.0000 0.0002 0.0017 0.0118 0.0842 0.6053 1.0000 1.0000 0.0007 0.0053 0.0396 0.2955 1.0000 1.0000 0.0004 0.0029 0.0220 0.1661 1.0000 1.0000 0.0002 0.0017 0.0130 0.0996 0.3408 0.0996 0.0130 0.0017 0.0002 1.0000 1.0000 0.1661 0.0220 0.0029 0.0004 1.0000 1.0000 0.2955 0.0396 0.0053 0.0007 1.0000 1.0000 0.6053 0.0842 0.0118 0.0017 0.0002 1.0000 1.0000 0.2308 0.0338 0.0050 0.0007 1.0000 1.0000 0.7990 0.1197 0.0180 0.0027 0.0004 1.0000 1.0000 0.4550 0.0686 0.0103 0.0016 0.0002 1.0000 1.0000 0.2611 0.0394 0.0059 0.0009 1.0000
0.0008 0.0069 0.0450 0.2989 1.0000 1.0000 0.0003 0.0018 0.0118 0.0785 0.5208 1.0000 1.0000 0.0005 0.0031 0.0206 0.1368 0.9076 1.0000 1.0000 0.0008 0.0056 0.0372 0.2519 1.0000 1.0000 0.0002 0.0017 0.0119 0.0842 0.5961 1.0000 1.0000 0.0007 0.0050 0.0365 0.2697 1.0000 1.0000 0.0003 0.0026 0.0194 0.1465 1.0000 1.0000 1.0000 0.0015 0.0113 0.0862 0.6606 1.0000 0.6606 0.0862 0.0113 0.0015 1.0000 1.0000 1.0000 0.1465 0.0194 0.0026 0.0003 1.0000 1.0000 0.2697 0.0365 0.0050 0.0007 1.0000 1.0000 0.5961 0.0842 0.0119 0.0017 0.0002 1.0000 1.0000 0.2519 0.0372 0.0056 0.0008 1.0000 1.0000 0.9076 0.1368 0.0206 0.0031 0.0005 1.0000 1.0000 0.5208 0.0785 0.0118 0.0018 0.0003 1.0000 1.0000 0.2989 0.0450 0.0069 0.0008
0.0064 0.0521 0.3415 1.0000 1.0000 0.0003 0.0020 0.0135 0.0899 0.5961 1.0000 1.0000 0.0005 0.0036 0.0236 0.1566 1.0000 1.0000 1.0000 0.0009 0.0063 0.0418 0.2802 1.0000 1.0000 0.0003 0.0018 0.0125 0.0867 0.6053 1.0000 1.0000 0.0007 0.0048 0.0345 0.2519 1.0000 1.0000 0.0003 0.0023 0.0173 0.1302 0.9793 1.0000 1.0000 0.0013 0.0098 0.0747 0.5717 1.0000 1.0000 1.0000 0.5717 0.0747 0.0098 0.0013 1.0000 1.0000 0.9793 0.1302 0.0173 0.0023 0.0003 1.0000 1.0000 0.2519 0.0345 0.0048 0.0007 1.0000 1.0000 0.6053 0.0867 0.0125 0.0018 0.0003 1.0000 1.0000 0.2802 0.0418 0.0063 0.0009 1.0000 1.0000 1.0000 0.1566 0.0236 0.0036 0.0005 1.0000 1.0000 0.5961 0.0899 0.0135 0.0020 0.0003 1.0000 1.0000 0.3415 0.0521 0.0064
0.0486 0.3961 1.0000 1.0000 0.0004 0.0023 0.0155 0.1028 0.6823 1.0000 1.0000 0.0006 0.0041 0.0270 0.1792 1.0000 1.0000 1.0000 0.0011 0.0071 0.0473 0.3158 1.0000 1.0000 0.0003 0.0020 0.0134 0.0919 0.6323 1.0000 1.0000 0.0007 0.0047 0.0335 0.2411 1.0000 1.0000 0.0003 0.0021 0.0157 0.1170 0.8754 1.0000 1.0000 0.0011 0.0086 0.0654 0.4957 1.0000 1.0000 0.0003 1.0000 1.0000 0.4957 0.0654 0.0086 0.0011 1.0000 1.0000 0.8754 0.1170 0.0157 0.0021 0.0003 1.0000 1.0000 0.2411 0.0335 0.0047 0.0007 1.0000 1.0000 0.6323 0.0919 0.0134 0.0020 0.0003 1.0000 1.0000 0.3158 0.0473 0.0071 0.0011 1.0000 1.0000 1.0000 0.1792 0.0270 0.0041 0.0006 1.0000 1.0000 0.6823 0.1028 0.0155 0.0023 0.0004 1.0000 1.0000 0.3961 0.0486
0.3692 1.0000 1.0000 0.0004 0.0027 0.0177 0.1177 0.7810 1.0000 1.0000 0.0007 0.0047 0.0309 0.2051 1.0000 1.0000 1.0000 0.0012 0.0081 0.0539 0.3581 1.0000 1.0000 0.0003 0.0022 0.0148 0.0999 0.6797 1.0000 1.0000 0.0007 0.0048 0.0335 0.2375 1.0000 1.0000 0.0003 0.0020 0.0145 0.1070 0.7929 1.0000 1.0000 0.0010 0.0077 0.0577 0.4356 1.0000 1.0000 0.0006 0.0020 0.0006 1.0000 1.0000 0.4356 0.0577 0.0077 0.0010 1.0000 1.0000 0.7929 0.1070 0.0145 0.0020 0.0003 1.0000 1.0000 0.2375 0.0335 0.0048 0.0007 1.0000 1.0000 0.6797 0.0999 0.0148 0.0022 0.0003 1.0000 1.0000 0.3581 0.0539 0.0081 0.0012 1.0000 1.0000 1.0000 0.2051 0.0309 0.0047 0.0007 1.0000 1.0000 0.7810 0.1177 0.0177 0.0027 0.0004 1.0000 1.0000 0.3692
1.0000 1.0000 0.0005 0.0031 0.0203 0.1347 0.8939 1.0000 1.0000 0.0008 0.0053 0.0354 0.2348 1.0000 1.0000 0.0002 0.0014 0.0093 0.0617 0.4091 1.0000 1.0000 0.0004 0.0025 0.0165 0.1108 0.7461 1.0000 1.0000 0.0007 0.0050 0.0345 0.2411 1.0000 1.0000 0.0003 0.0019 0.0138 0.1001 0.7335 1.0000 1.0000 0.0009 0.0068 0.0514 0.3864 1.0000 1.0000 0.0005 0.0040 0.0135 0.0040 0.0005 1.0000 1.0000 0.3864 0.0514 0.0068 0.0009 1.0000 1.0000 0.7335 0.1001 0.0138 0.0019 0.0003 1.0000 1.0000 0.2411 0.0345 0.0050 0.0007 1.0000 1.0000 0.7461 0.1108 0.0165 0.0025 0.0004 1.0000 1.0000 0.4091 0.0617 0.0093 0.0014 0.0002 1.0000 1.0000 0.2348 0.0354 0.0053 0.0008 1.0000 1.0000 0.8939 0.1347 0.0203 0.0031 0.0005 1.0000 1.0000
1.0000 0.0005 0.0035 0.0232 0.1542 1.0000 1.0000 1.0000 0.0009 0.0061 0.0405 0.2687 1.0000 1.0000 0.0002 0.0016 0.0106 0.0706 0.4682 1.0000 1.0000 0.0004 0.0028 0.0186 0.1244 0.8331 1.0000 1.0000 0.0008 0.0053 0.0365 0.2519 1.0000 1.0000 0.0003 0.0019 0.0133 0.0960 0.6941 1.0000 1.0000 0.0008 0.0062 0.0463 0.3454 1.0000 1.0000 0.0005 0.0034 0.0263 0.0900 0.0263 0.0034 0.0005 1.0000 1.0000 0.3454 0.0463 0.0062 0.0008 1.0000 1.0000 0.6941 0.0960 0.0133 0.0019 0.0003 1.0000 1.0000 0.2519 0.0365 0.0053 0.0008 1.0000 1.0000 0.8331 0.1244 0.0186 0.0028 0.0004 1.0000 1.0000 0.4682 0.0706 0.0106 0.0016 0.0002 1.0000 1.0000 0.2687 0.0405 0.0061 0.0009 1.0000 1.0000 1.0000 0.1542 0.0232 0.0035 0.0005 1.0000
0.0005 0.0040 0.0266 0.1765 1.0000 1.0000 1.0000 0.0011 0.0070 0.0464 0.3075 1.0000 1.0000 0.0003 0.0018 0.0122 0.0808 0.5359 1.0000 1.0000 0.0005 0.0032 0.0212 0.1410 0.9392 1.0000 1.0000 0.0009 0.0059 0.0396 0.2697 1.0000 1.0000 0.0003 0.0019 0.0133 0.0948 0.6759 1.0000 1.0000 0.0008 0.0058 0.0425 0.3141 1.0000 1.0000 0.0004 0.0030 0.0230 0.1755 0.6007 0.1755 0.0230 0.0030 0.0004 1.0000 1.0000 0.3141 0.0425 0.0058 0.0008 1.0000 1.0000 0.6759 0.0948 0.0133 0.0019 0.0003 1.0000 1.0000 0.2697 0.0396 0.0059 0.0009 1.0000 1.0000 0.9392 0.1410 0.0212 0.0032 0.0005 1.0000 1.0000 0.5359 0.0808 0.0122 0.0018 0.0003 1.0000 1.0000 0.3075 0.0464 0.0070 0.0011 1.0000 1.0000 1.0000 0.1765 0.0266 0.0040 0.0005
0.0038 0.0308 0.2016 1.0000 1.0000 1.0000 0.0012 0.0080 0.0531 0.3520 1.0000 1.0000 0.0003 0.0021 0.0139 0.0925 0.6134 1.0000 1.0000 0.0006 0.0037 0.0243 0.1611 1.0000 1.0000 1.0000 0.0010 0.0065 0.0439 0.2955 1.0000 1.0000 0.0003 0.0020 0.0138 0.0960 0.6759 1.0000 1.0000 0.0008 0.0055 0.0399 0.2916 1.0000 1.0000 0.0004 0.0027 0.0203 0.1539 1.0000 1.0000 1.0000 0.1539 0.0203 0.0027 0.0004 1.0000 1.0000 0.2916 0.0399 0.0055 0.0008 1.0000 1.0000 0.6759 0.0960 0.0138 0.0020 0.0003 1.0000 1.0000 0.2955 0.0439 0.0065 0.0010 1.0000 1.0000 1.0000 0.1611 0.0243 0.0037 0.0006 1.0000 1.0000 0.6134 0.0925 0.0139 0.0021 0.0003 1.0000 1.0000 0.3520 0.0531 0.0080 0.0012 1.0000 1.0000 1.0000 0.2016 0.0308 0.0038
0.0287 0.2334 1.0000 1.0000 0.0002 0.0014 0.0092 0.0607 0.4029 1.0000 1.0000 0.0004 0.0024 0.0159 0.1058 0.7021 1.0000 1.0000 0.0006 0.0042 0.0278 0.1844 1.0000 1.0000 1.0000 0.0011 0.0074 0.0493 0.3300 1.0000 1.0000 0.0003 0.0021 0.0145 0.1001 0.6941 1.0000 1.0000 0.0007 0.0053 0.0383 0.2765 1.0000 1.0000 0.0003 0.0025 0.0183 0.1371 1.0000 1.0000 1.0000 1.0000 1.0000 0.1371 0.0183 0.0025 0.0003 1.0000 1.0000 0.2765 0.0383 0.0053 0.0007 1.0000 1.0000 0.6941 0.1001 0.0145 0.0021 0.0003 1.0000 1.0000 0.3300 0.0493 0.0074 0.0011 1.0000 1.0000 1.0000 0.1844 0.0278 0.0042 0.0006 1.0000 1.0000 0.7021 0.1058 0.0159 0.0024 0.0004 1.0000 1.0000 0.4029 0.0607 0.0092 0.0014 0.0002 1.0000 1.0000 0.2334 0.0287
0.2180 1.0000 1.0000 0.0002 0.0016 0.0105 0.0695 0.4611 1.0000 1.0000 0.0004 0.0028 0.0183 0.1211 0.8036 1.0000 1.0000 0.0007 0.0048 0.0318 0.2110 1.0000 1.0000 1.0000 0.0013 0.0084 0.0557 0.3720 1.0000 1.0000 0.0003 0.0023 0.0157 0.1070 0.7335 1.0000 1.0000 0.0008 0.0053 0.0377 0.2692 1.0000 1.0000 0.0003 0.0023 0.0168 0.1244 0.9250 1.0000 1.0000 0.0006 1.0000 1.0000 0.9250 0.1244 0.0168 0.0023 0.0003 1.0000 1.0000 0.2692 0.0377 0.0053 0.0008 1.0000 1.0000 0.7335 0.1070 0.0157 0.0023 0.0003 1.0000 1.0000 0.3720 0.0557 0.0084 0.0013 1.0000 1.0000 1.0000 0.2110 0.0318 0.0048 0.0007 1.0000 1.0000 0.8036 0.1211 0.0183 0.0028 0.0004 1.0000 1.0000 0.4611 0.0695 0.0105 0.0016 0.0002 1.0000 1.0000 0.2180
1.0000 1.0000 0.0003 0.0018 0.0120 0.0796 0.5278 1.0000 1.0000 0.0005 0.0031 0.0209 0.1386 0.9197 1.0000 1.0000 0.0008 0.0055 0.0364 0.2416 1.0000 1.0000 0.0002 0.0014 0.0096 0.0634 0.4217 1.0000 1.0000 0.0004 0.0026 0.0173 0.1170 0.7929 1.0000 1.0000 0.0008 0.0055 0.0383 0.2692 1.0000 1.0000 0.0003 0.0022 0.0158 0.1155 0.8507 1.0000 1.0000 0.0011 0.0037 0.0011 1.0000 1.0000 0.8507 0.1155 0.0158 0.0022 0.0003 1.0000 1.0000 0.2692 0.0383 0.0055 0.0008 1.0000 1.0000 0.7929 0.1170 0.0173 0.0026 0.0004 1.0000 1.0000 0.4217 0.0634 0.0096 0.0014 0.0002 1.0000 1.0000 0.2416 0.0364 0.0055 0.0008 1.0000 1.0000 0.9197 0.1386 0.0209 0.0031 0.0005 1.0000 1.0000 0.5278 0.0796 0.0120 0.0018 0.0003 1.0000 1.0000
1.0000 0.0003 0.0021 0.0137 0.0911 0.6041 1.0000 1.0000 0.0005 0.0036 0.0239 0.1587 1.0000 1.0000 1.0000 0.0009 0.0063 0.0417 0.2765 1.0000 1.0000 0.0002 0.0016 0.0109 0.0726 0.4818 1.0000 1.0000 0.0004 0.0029 0.0194 0.1302 0.8754 1.0000 1.0000 0.0008 0.0058 0.0399 0.2765 1.0000 1.0000 0.0003 0.0021 0.0152 0.1099 0.8005 1.0000 1.0000 0.0010 0.0074 0.0253 0.0074 0.0010 1.0000 1.0000 0.8005 0.1099 0.0152 0.0021 0.0003 1.0000 1.0000 0.2765 0.0399 0.0058 0.0008 1.0000 1.0000 0.8754 0.1302 0.0194 0.0029 0.0004 1.0000 1.0000 0.4818 0.0726 0.0109 0.0016 0.0002 1.0000 1.0000 0.2765 0.0417 0.0063 0.0009 1.0000 1.0000 1.0000 0.1587 0.0239 0.0036 0.0005 1.0000 1.0000 0.6041 0.0911 0.0137 0.0021 0.0003 1.0000
0.0003 0.0024 0.0157 0.1042 0.6915 1.0000 1.0000 0.0006 0.0041 0.0274 0.1816 1.0000 1.0000 1.0000 0.0011 0.0072 0.0477 0.3164 1.0000 1.0000 0.0003 0.0019 0.0125 0.0831 0.5514 1.0000 1.0000 0.0005 0.0033 0.0220 0.1465 0.9793 1.0000 1.0000 0.0009 0.0062 0.0425 0.2916 1.0000 1.0000 0.0003 0.0021 0.0150 0.1072 0.7692 1.0000 1.0000 0.0009 0.0068 0.0506 0.1719 0.0506 0.0068 0.0009 1.0000 1.0000 0.7692 0.1072 0.0150 0.0021 0.0003 1.0000 1.0000 0.2916 0.0425 0.0062 0.0009 1.0000 1.0000 0.9793 0.1465 0.0220 0.0033 0.0005 1.0000 1.0000 0.5514 0.0831 0.0125 0.0019 0.0003 1.0000 1.0000 0.3164 0.0477 0.0072 0.0011 1.0000 1.0000 1.0000 0.1816 0.0274 0.0041 0.0006 1.0000 1.0000 0.6915 0.1042 0.0157 0.0024 0.0003
0.0022 0.0182 0.1191 0.7914 1.0000 1.0000 0.0007 0.0047 0.0313 0.2079 1.0000 1.0000 1.0000 0.0012 0.0082 0.0546 0.3622 1.0000 1.0000 0.0003 0.0022 0.0143 0.0951 0.6311 1.0000 1.0000 0.0006 0.0038 0.0250 0.1661 1.0000 1.0000 1.0000 0.0010 0.0068 0.0463 0.3141 1.0000 1.0000 0.0003 0.0022 0.0152 0.1072 0.7590 1.0000 1.0000 0.0009 0.0063 0.0464 0.3460 1.0000 0.3460 0.0464 0.0063 0.0009 1.0000 1.0000 0.7590 0.1072 0.0152 0.0022 0.0003 1.0000 1.0000 0.3141 0.0463 0.0068 0.0010 1.0000 1.0000 1.0000 0.1661 0.0250 0.0038 0.0006 1.0000 1.0000 0.6311 0.0951 0.0143 0.0022 0.0003 1.0000 1.0000 0.3622 0.0546 0.0082 0.0012 1.0000 1.0000 1.0000 0.2079 0.0313 0.0047 0.0007 1.0000 1.0000 0.7914 0.1191 0.0182 0.0022
0.0170 0.1381 0.9041 1.0000 1.0000 0.0008 0.0054 0.0359 0.2379 1.0000 1.0000 0.0002 0.0014 0.0094 0.0625 0.4146 1.0000 1.0000 0.0004 0.0025 0.0164 0.1089 0.7224 1.0000 1.0000 0.0006 0.0043 0.0286 0.1897 1.0000 1.0000 1.0000 0.0011 0.0077 0.0514 0.3454 1.0000 1.0000 0.0003 0.0023 0.0158 0.1099 0.7692 1.0000 1.0000 0.0008 0.0061 0.0439 0.3213 1.0000 1.0000 1.0000 0.3213 0.0439 0.0061 0.0008 1.0000 1.0000 0.7692 0.1099 0.0158 0.0023 0.0003 1.0000 1.0000 0.3454 0.0514 0.0077 0.0011 1.0000 1.0000 1.0000 0.1897 0.0286 0.0043 0.0006 1.0000 1.0000 0.7224 0.1089 0.0164 0.0025 0.0004 1.0000 1.0000 0.4146 0.0625 0.0094 0.0014 0.0002 1.0000 1.0000 0.2379 0.0359 0.0054 0.0008 1.0000 1.0000 0.9041 0.1381 0.0170
0.1287 1.0000 1.0000 1.0000 0.0009 0.0062 0.0410 0.2723 1.0000 1.0000 0.0002 0.0016 0.0108 0.0715 0.4745 1.0000 1.0000 0.0004 0.0028 0.0188 0.1246 0.8268 1.0000 1.0000 0.0007 0.0049 0.0327 0.2172 1.0000 1.0000 1.0000 0.0013 0.0086 0.0577 0.3864 1.0000 1.0000 0.0004 0.0025 0.0168 0.1155 0.8005 1.0000 1.0000 0.0008 0.0060 0.0427 0.3064 1.0000 1.0000 1.0000 1.0000 1.0000 0.3064 0.0427 0.0060 0.0008 1.0000 1.0000 0.8005 0.1155 0.0168 0.0025 0.0004 1.0000 1.0000 0.3864 0.0577 0.0086 0.0013 1.0000 1.0000 1.0000 0.2172 0.0327 0.0049 0.0007 1.0000 1.0000 0.8268 0.1246 0.0188 0.0028 0.0004 1.0000 1.0000 0.4745 0.0715 0.0108 0.0016 0.0002 1.0000 1.0000 0.2723 0.0410 0.0062 0.0009 1.0000 1.0000 1.0000 0.1287
0.9774 1.0000 1.0000 0.0011 0.0071 0.0470 0.3117 1.0000 1.0000 0.0003 0.0019 0.0123 0.0819 0.5431 1.0000 1.0000 0.0005 0.0032 0.0215 0.1426 0.9463 1.0000 1.0000 0.0009 0.0056 0.0375 0.2485 1.0000 1.0000 0.0002 0.0015 0.0098 0.0654 0.4356 1.0000 1.0000 0.0004 0.0027 0.0183 0.1244 0.8507 1.0000 1.0000 0.0009 0.0061 0.0427 0.3023 1.0000 1.0000 0.0004 0.0012 0.0004 1.0000 1.0000 0.3023 0.0427 0.0061 0.0009 1.0000 1.0000 0.8507 0.1244 0.0183 0.0027 0.0004 1.0000 1.0000 0.4356 0.0654 0.0098 0.0015 0.0002 1.0000 1.0000 0.2485 0.0375 0.0056 0.0009 1.0000 1.0000 0.9463 0.1426 0.0215 0.0032 0.0005 1.0000 1.0000 0.5431 0.0819 0.0123 0.0019 0.0003 1.0000 1.0000 0.3117 0.0470 0.0071 0.0011 1.0000 1.0000 0.9774
1.0000 1.0000 0.0012 0.0081 0.0538 0.3567 1.0000 1.0000 0.0003 0.0021 0.0141 0.0937 0.6216 1.0000 1.0000 0.0006 0.0037 0.0246 0.1633 1.0000 1.0000 1.0000 0.0010 0.0065 0.0429 0.2845 1.0000 1.0000 0.0003 0.0017 0.0113 0.0747 0.4957 1.0000 1.0000 0.0005 0.0030 0.0203 0.1371 0.9250 1.0000 1.0000 0.0009 0.0063 0.0439 0.3064 1.0000 1.0000 0.0003 0.0025 0.0083 0.0025 0.0003 1.0000 1.0000 0.3064 0.0439 0.0063 0.0009 1.0000 1.0000 0.9250 0.1371 0.0203 0.0030 0.0005 1.0000 1.0000 0.4957 0.0747 0.0113 0.0017 0.0003 1.0000 1.0000 0.2845 0.0429 0.0065 0.0010 1.0000 1.0000 1.0000 0.1633 0.0246 0.0037 0.0006 1.0000 1.0000 0.6216 0.0937 0.0141 0.0021 0.0003 1.0000 1.0000 0.3567 0.0538 0.0081 0.0012 1.0000 1.0000
0.0002 0.0014 0.0093 0.0620 0.4114 1.0000 1.0000 0.0004 0.0025 0.0163 0.1081 0.7169 1.0000 1.0000 0.0006 0.0043 0.0284 0.1883 1.0000 1.0000 1.0000 0.0011 0.0075 0.0495 0.3281 1.0000 1.0000 0.0003 0.0020 0.0130 0.0862 0.5717 1.0000 1.0000 0.0005 0.0034 0.0230 0.1539 1.0000 1.0000 1.0000 0.0010 0.0068 0.0464 0.3213 1.0000 1.0000 0.0003 0.0024 0.0176 0.0590 0.0176 0.0024 0.0003 1.0000 1.0000 0.3213 0.0464 0.0068 0.0010 1.0000 1.0000 1.0000 0.1539 0.0230 0.0034 0.0005 1.0000 1.0000 0.5717 0.0862 0.0130 0.0020 0.0003 1.0000 1.0000 0.3281 0.0495 0.0075 0.0011 1.0000 1.0000 1.0000 0.1883 0.0284 0.0043 0.0006 1.0000 1.0000 0.7169 0.1081 0.0163 0.0025 0.0004 1.0000 1.0000 0.4114 0.0620 0.0093 0.0014 0.0002
0.0013 0.0109 0.0715 0.4754 1.0000 1.0000 0.0004 0.0028 0.0188 0.1249 0.8284 1.0000 1.0000 0.0007 0.0049 0.0328 0.2176 1.0000 1.0000 1.0000 0.0013 0.0086 0.0571 0.3791 1.0000 1.0000 0.0003 0.0023 0.0150 0.0996 0.6606 1.0000 1.0000 0.0006 0.0040 0.0263 0.1755 1.0000 1.0000 1.0000 0.0011 0.0074 0.0506 0.3460 1.0000 1.0000 0.0004 0.0025 0.0176 0.1270 0.4233 0.1270 0.0176 0.0025 0.0004 1.0000 1.0000 0.3460 0.0506 0.0074 0.0011 1.0000 1.0000 1.0000 0.1755 0.0263 0.0040 0.0006 1.0000 1.0000 0.6606 0.0996 0.0150 0.0023 0.0003 1.0000 1.0000 0.3791 0.0571 0.0086 0.0013 1.0000 1.0000 1.0000 0.2176 0.0328 0.0049 0.0007 1.0000 1.0000 0.8284 0.1249 0.0188 0.0028 0.0004 1.0000 1.0000 0.4754 0.0715 0.0109 0.0013
0.0048 0.0379 0.2457 1.0000 1.0000 1.0000 0.0015 0.0097 0.0644 0.4274 1.0000 1.0000 0.0004 0.0025 0.0169 0.1122 0.7447 1.0000 1.0000 0.0007 0.0044 0.0295 0.1956 1.0000 1.0000 1.0000 0.0012 0.0077 0.0514 0.3408 1.0000 1.0000 0.0003 0.0020 0.0135 0.0900 0.6007 1.0000 1.0000 0.0006 0.0037 0.0253 0.1719 1.0000 1.0000 1.0000 0.0012 0.0083 0.0590 0.4233 1.0000 0.4233 0.0590 0.0083 0.0012 1.0000 1.0000 1.0000 0.1719 0.0253 0.0037 0.0006 1.0000 1.0000 0.6007 0.0900 0.0135 0.0020 0.0003 1.0000 1.0000 0.3408 0.0514 0.0077 0.0012 1.0000 1.0000 1.0000 0.1956 0.0295 0.0044 0.0007 1.0000 1.0000 0.7447 0.1122 0.0169 0.0025 0.0004 1.0000 1.0000 0.4274 0.0644 0.0097 0.0015 1.0000 1.0000 1.0000 0.2457 0.0379 0.0048
0.0013 0.0109 0.0715 0.4754 1.0000 1.0000 0.0004 0.0028 0.0188 0.1249 0.8284 1.0000 1.0000 0.0007 0.0049 0.0328 0.2176 1.0000 1.0000 1.0000 0.0013 0.0086 0.0571 0.3791 1.0000 1.0000 0.0003 0.0023 0.0150 0.0996 0.6606 1.0000 1.0000 0.0006 0.0040 0.0263 0.1755 1.0000 1.0000 1.0000 0.0011 0.0074 0.0506 0.3460 1.0000 1.0000 0.0004 0.0025 0.0176 0.1270 0.4233 0.1270 0.0176 0.0025 0.0004 1.0000 1.0000 0.3460 0.0506 0.0074 0.0011 1.0000 1.0000 1.0000 0.1755 0.0263 0.0040 0.0006 1.0000 1.0000 0.6606 0.0996 0.0150 0.0023 0.0003 1.0000 1.0000 0.3791 0.0571 0.0086 0.0013 1.0000 1.0000 1.0000 0.2176 0.0328 0.0049 0.0007 1.0000 1.0000 0.8284 0.1249 0.0188 0.0028 0.0004 1.0000 1.0000 0.4754 0.0715 0.0109 0.0013
0.0002 0.0014 0.0093 0.0620 0.4114 1.0000 1.0000 0.0004 0.0025 0.0163 0.1081 0.7169 1.0000 1.0000 0.0006 0.0043 0.0284 0.1883 1.0000 1.0000 1.0000 0.0011 0.0075 0.0495 0.3281 1.0000 1.0000 0.0003 0.0020 0.0130 0.0862 0.5717 1.0000 1.0000 0.0005 0.0034 0.0230 0.1539 1.0000 1.0000 1.0000 0.0010 0.0068 0.0464 0.3213 1.0000 1.0000 0.0003 0.0024 0.0176 0.0590 0.0176 0.0024 0.0003 1.0000 1.0000 0.3213 0.0464 0.0068 0.0010 1.0000 1.0000 1.0000 0.1539 0.0230 0.0034 0.0005 1.0000 1.0000 0.5717 0.0862 0.0130 0.0020 0.0003 1.0000 1.0000 0.3281 0.0495 0.0075 0.0011 1.0000 1.0000 1.0000 0.1883 0.0284 0.0043 0.0006 1.0000 1.0000 0.7169 0.1081 0.0163 0.0025 0.0004 1.0000 1.0000 0.4114 0.0620 0.0093 0.0014 0.0002
1.0000 1.0000 0.0012 0.0081 0.0538 0.3567 1.0000 1.0000 0.0003 0.0021 0.0141 0.0937 0.6216 1.0000 1.0000 0.0006 0.0037 0.0246 0.1633 1.0000 1.0000 1.0000 0.0010 0.0065 0.0429 0.2845 1.0000 1.0000 0.0003 0.0017 0.0113 0.0747 0.4957 1.0000 1.0000 0.0005 0.0030 0.0203 0.1371 0.9250 1.0000 1.0000 0.0009 0.0063 0.0439 0.3064 1.0000 1.0000 0.0003 0.0025 0.0083 0.0025 0.0003 1.0000 1.0000 0.3064 0.0439 0.0063 0.0009 1.0000 1.0000 0.9250 0.1371 0.0203 0.0030 0.0005 1.0000 1.0000 0.4957 0.0747 0.0113 0.0017 0.0003 1.0000 1.0000 0.2845 0.0429 0.0065 0.0010 1.0000 1.0000 1.0000 0.1633 0.0246 0.0037 0.0006 1.0000 1.0000 0.6216 0.0937 0.0141 0.0021 0.0003 1.0000 1.0000 0.3567 0.0538 0.0081 0.0012 1.0000 1.0000
0.9774 1.0000 1.0000 0.0011 0.0071 0.0470 0.3117 1.0000 1.0000 0.0003 0.0019 0.0123 0.0819 0.5431 1.0000 1.0000 0.0005 0.0032 0.0215 0.1426 0.9463 1.0000 1.0000 0.0009 0.0056 0.0375 0.2485 1.0000 1.0000 0.0002 0.0015 0.0098 0.0654 0.4356 1.0000 1.0000 0.0004 0.0027 0.0183 0.1244 0.8507 1.0000 1.0000 0.0009 0.0061 0.0427 0.3023 1.0000 1.0000 0.0004 0.0012 0.0004 1.0000 1.0000 0.3023 0.0427 0.0061 0.0009 1.0000 1.0000 0.8507 0.1244 0.0183 0.0027 0.0004 1.0000 1.0000 0.4356 0.0654 0.0098 0.0015 0.0002 1.0000 1.0000 0.2485 0.0375 0.0056 0.0009 1.0000 1.0000 0.9463 0.1426 0.0215 0.0032 0.0005 1.0000 1.0000 0.5431 0.0819 0.0123 0.0019 0.0003 1.0000 1.0000 0.3117 0.0470 0.0071 0.0011 1.0000 1.0000 0.9774
0.1287 1.0000 1.0000 1.0000 0.0009 0.0062 0.0410 0.2723 1.0000 1.0000 0.0002 0.0016 0.0108 0.0715 0.4745 1.0000 1.0000 0.0004 0.0028 0.0188 0.1246 0.8268 1.0000 1.0000 0.0007 0.0049 0.0327 0.2172 1.0000 1.0000 1.0000 0.0013 0.0086 0.0577 0.3864 1.0000 1.0000 0.0004 0.0025 0.0168 0.1155 0.8005 1.0000 1.0000 0.0008 0.0060 0.0427 0.3064 1.0000 1.0000 1.0000 1.0000 1.0000 0.3064 0.0427 0.0060 0.0008 1.0000 1.0000 0.8005 0.1155 0.0168 0.0025 0.0004 1.0000 1.0000 0.3864 0.0577 0.0086 0.0013 1.0000 1.0000 1.0000 0.2172 0.0327 0.0049 0.0007 1.0000 1.0000 0.8268 0.1246 0.0188 0.0028 0.0004 1.0000 1.0000 0.4745 0.0715 0.0108 0.0016 0.0002 1.0000 1.0000 0.2723 0.0410 0.0062 0.0009 1.0000 1.0000 1.0000 0.1287
