0.3467 1.0000 1.0000 0.0006 0.0045 0.0339 0.2572 1.0000 1.0000 0.0003 0.0026 0.0200 0.1519 1.0000 1.0000 0.0002 0.0016 0.0118 0.0897 0.6810 1.0000 1.0000 0.0009 0.0070 0.0530 0.4021 1.0000 1.0000 0.0005 0.0041 0.0313 0.2375 1.0000 1.0000 0.0003 0.0024 0.0185 0.1402 1.0000 1.0000 0.0002 0.0014 0.0109 0.0828 0.6287 1.0000 1.0000 0.0008 0.0065 0.0488 0.1789 0.0488 0.0065 0.0008 1.0000 1.0000 0.6287 0.0828 0.0109 0.0014 0.0002 1.0000 1.0000 0.1402 0.0185 0.0024 0.0003 1.0000 1.0000 0.2375 0.0313 0.0041 0.0005 1.0000 1.0000 0.4021 0.0530 0.0070 0.0009 1.0000 1.0000 0.6810 0.0897 0.0118 0.0016 0.0002 1.0000 1.0000 0.1519 0.0200 0.0026 0.0003 1.0000 1.0000 0.2572 0.0339 0.0045 0.0006 1.0000 1.0000 0.3467
1.0000 1.0000 0.0006 0.0048 0.0365 0.2765 1.0000 1.0000 0.0004 0.0028 0.0215 0.1629 1.0000 1.0000 0.0002 0.0017 0.0127 0.0960 0.7307 1.0000 1.0000 0.0010 0.0075 0.0568 0.4306 1.0000 1.0000 0.0006 0.0044 0.0335 0.2548 1.0000 1.0000 0.0003 0.0026 0.0198 0.1502 1.0000 1.0000 0.0002 0.0015 0.0117 0.0888 0.6733 1.0000 1.0000 0.0009 0.0069 0.0529 0.4044 1.0000 0.4044 0.0529 0.0069 0.0009 1.0000 1.0000 0.6733 0.0888 0.0117 0.0015 0.0002 1.0000 1.0000 0.1502 0.0198 0.0026 0.0003 1.0000 1.0000 0.2548 0.0335 0.0044 0.0006 1.0000 1.0000 0.4306 0.0568 0.0075 0.0010 1.0000 1.0000 0.7307 0.0960 0.0127 0.0017 0.0002 1.0000 1.0000 0.1629 0.0215 0.0028 0.0004 1.0000 1.0000 0.2765 0.0365 0.0048 0.0006 1.0000 1.0000
1.0000 0.0006 0.0045 0.0332 0.2457 1.0000 1.0000 0.0003 0.0024 0.0186 0.1408 1.0000 1.0000 1.0000 0.0014 0.0109 0.0830 0.6299 1.0000 1.0000 0.0008 0.0065 0.0490 0.3720 1.0000 1.0000 0.0005 0.0038 0.0289 0.2196 1.0000 1.0000 0.0003 0.0022 0.0171 0.1297 0.9849 1.0000 1.0000 0.0013 0.0101 0.0766 0.5816 1.0000 1.0000 0.0008 0.0060 0.0453 0.3467 1.0000 1.0000 1.0000 0.3467 0.0453 0.0060 0.0008 1.0000 1.0000 0.5816 0.0766 0.0101 0.0013 1.0000 1.0000 0.9849 0.1297 0.0171 0.0022 0.0003 1.0000 1.0000 0.2196 0.0289 0.0038 0.0005 1.0000 1.0000 0.3720 0.0490 0.0065 0.0008 1.0000 1.0000 0.6299 0.0830 0.0109 0.0014 1.0000 1.0000 1.0000 0.1408 0.0186 0.0024 0.0003 1.0000 1.0000 0.2457 0.0332 0.0045 0.0006 1.0000
0.0006 0.0048 0.0332 0.2352 1.0000 1.0000 0.0003 0.0022 0.0163 0.1237 0.9356 1.0000 1.0000 0.0013 0.0096 0.0726 0.5514 1.0000 1.0000 0.0007 0.0056 0.0429 0.3256 1.0000 1.0000 0.0004 0.0033 0.0253 0.1923 1.0000 1.0000 0.0003 0.0020 0.0150 0.1135 0.8621 1.0000 1.0000 0.0012 0.0088 0.0670 0.5091 1.0000 1.0000 0.0007 0.0052 0.0396 0.3006 1.0000 1.0000 1.0000 1.0000 1.0000 0.3006 0.0396 0.0052 0.0007 1.0000 1.0000 0.5091 0.0670 0.0088 0.0012 1.0000 1.0000 0.8621 0.1135 0.0150 0.0020 0.0003 1.0000 1.0000 0.1923 0.0253 0.0033 0.0004 1.0000 1.0000 0.3256 0.0429 0.0056 0.0007 1.0000 1.0000 0.5514 0.0726 0.0096 0.0013 1.0000 1.0000 0.9356 0.1237 0.0163 0.0022 0.0003 1.0000 1.0000 0.2352 0.0332 0.0048 0.0006
0.0045 0.0365 0.2457 1.0000 1.0000 0.0003 0.0020 0.0147 0.1099 0.8268 1.0000 1.0000 0.0011 0.0084 0.0634 0.4818 1.0000 1.0000 0.0006 0.0049 0.0375 0.2845 1.0000 1.0000 0.0004 0.0029 0.0221 0.1680 1.0000 1.0000 0.0002 0.0017 0.0131 0.0992 0.7532 1.0000 1.0000 0.0010 0.0077 0.0586 0.4448 1.0000 1.0000 0.0006 0.0046 0.0346 0.2626 1.0000 1.0000 0.0004 0.0012 0.0004 1.0000 1.0000 0.2626 0.0346 0.0046 0.0006 1.0000 1.0000 0.4448 0.0586 0.0077 0.0010 1.0000 1.0000 0.7532 0.0992 0.0131 0.0017 0.0002 1.0000 1.0000 0.1680 0.0221 0.0029 0.0004 1.0000 1.0000 0.2845 0.0375 0.0049 0.0006 1.0000 1.0000 0.4818 0.0634 0.0084 0.0011 1.0000 1.0000 0.8268 0.1099 0.0147 0.0020 0.0003 1.0000 1.0000 0.2457 0.0365 0.0045
0.0339 0.2765 1.0000 1.0000 0.0003 0.0019 0.0138 0.1009 0.7475 1.0000 1.0000 0.0010 0.0073 0.0555 0.4209 1.0000 1.0000 0.0006 0.0043 0.0327 0.2485 1.0000 1.0000 0.0003 0.0025 0.0193 0.1468 1.0000 1.0000 1.0000 0.0015 0.0114 0.0867 0.6581 1.0000 1.0000 0.0009 0.0067 0.0512 0.3886 1.0000 1.0000 0.0005 0.0040 0.0302 0.2295 1.0000 1.0000 0.0003 0.0024 0.0082 0.0024 0.0003 1.0000 1.0000 0.2295 0.0302 0.0040 0.0005 1.0000 1.0000 0.3886 0.0512 0.0067 0.0009 1.0000 1.0000 0.6581 0.0867 0.0114 0.0015 1.0000 1.0000 1.0000 0.1468 0.0193 0.0025 0.0003 1.0000 1.0000 0.2485 0.0327 0.0043 0.0006 1.0000 1.0000 0.4209 0.0555 0.0073 0.0010 1.0000 1.0000 0.7475 0.1009 0.0138 0.0019 0.0003 1.0000 1.0000 0.2765 0.0339
0.2572 1.0000 1.0000 0.0003 0.0020 0.0138 0.0977 0.7047 1.0000 1.0000 0.0009 0.0065 0.0492 0.3706 1.0000 1.0000 0.0005 0.0038 0.0286 0.2172 1.0000 1.0000 0.0003 0.0022 0.0169 0.1282 0.9737 1.0000 1.0000 0.0013 0.0100 0.0757 0.5750 1.0000 1.0000 0.0008 0.0059 0.0447 0.3395 1.0000 1.0000 0.0005 0.0035 0.0264 0.2005 1.0000 1.0000 0.0003 0.0021 0.0159 0.0543 0.0159 0.0021 0.0003 1.0000 1.0000 0.2005 0.0264 0.0035 0.0005 1.0000 1.0000 0.3395 0.0447 0.0059 0.0008 1.0000 1.0000 0.5750 0.0757 0.0100 0.0013 1.0000 1.0000 0.9737 0.1282 0.0169 0.0022 0.0003 1.0000 1.0000 0.2172 0.0286 0.0038 0.0005 1.0000 1.0000 0.3706 0.0492 0.0065 0.0009 1.0000 1.0000 0.7047 0.0977 0.0138 0.0020 0.0003 1.0000 1.0000 0.2572
1.0000 1.0000 0.0003 0.0022 0.0147 0.1009 0.7047 1.0000 1.0000 0.0008 0.0060 0.0442 0.3306 1.0000 1.0000 0.0004 0.0033 0.0250 0.1897 1.0000 1.0000 0.0003 0.0019 0.0148 0.1120 0.8507 1.0000 1.0000 0.0011 0.0087 0.0662 0.5024 1.0000 1.0000 0.0007 0.0051 0.0391 0.2966 1.0000 1.0000 0.0004 0.0030 0.0231 0.1752 1.0000 1.0000 0.0002 0.0018 0.0137 0.1052 0.3601 0.1052 0.0137 0.0018 0.0002 1.0000 1.0000 0.1752 0.0231 0.0030 0.0004 1.0000 1.0000 0.2966 0.0391 0.0051 0.0007 1.0000 1.0000 0.5024 0.0662 0.0087 0.0011 1.0000 1.0000 0.8507 0.1120 0.0148 0.0019 0.0003 1.0000 1.0000 0.1897 0.0250 0.0033 0.0004 1.0000 1.0000 0.3306 0.0442 0.0060 0.0008 1.0000 1.0000 0.7047 0.1009 0.0147 0.0022 0.0003 1.0000 1.0000
1.0000 0.0004 0.0024 0.0163 0.1099 0.7475 1.0000 1.0000 0.0008 0.0056 0.0411 0.3023 1.0000 1.0000 0.0004 0.0029 0.0220 0.1664 1.0000 1.0000 0.0002 0.0017 0.0129 0.0979 0.7433 1.0000 1.0000 0.0010 0.0076 0.0578 0.4389 1.0000 1.0000 0.0006 0.0045 0.0341 0.2592 1.0000 1.0000 0.0003 0.0027 0.0202 0.1530 1.0000 1.0000 0.0002 0.0016 0.0119 0.0911 0.6981 1.0000 0.6981 0.0911 0.0119 0.0016 0.0002 1.0000 1.0000 0.1530 0.0202 0.0027 0.0003 1.0000 1.0000 0.2592 0.0341 0.0045 0.0006 1.0000 1.0000 0.4389 0.0578 0.0076 0.0010 1.0000 1.0000 0.7433 0.0979 0.0129 0.0017 0.0002 1.0000 1.0000 0.1664 0.0220 0.0029 0.0004 1.0000 1.0000 0.3023 0.0411 0.0056 0.0008 1.0000 1.0000 0.7475 0.1099 0.0163 0.0024 0.0004 1.0000
0.0003 0.0028 0.0186 0.1237 0.8268 1.0000 1.0000 0.0008 0.0056 0.0400 0.2877 1.0000 1.0000 0.0004 0.0026 0.0195 0.1473 1.0000 1.0000 1.0000 0.0015 0.0113 0.0855 0.6494 1.0000 1.0000 0.0009 0.0066 0.0505 0.3835 1.0000 1.0000 0.0005 0.0039 0.0298 0.2264 1.0000 1.0000 0.0003 0.0023 0.0176 0.1337 1.0000 1.0000 1.0000 0.0014 0.0104 0.0790 0.6041 1.0000 1.0000 1.0000 0.6041 0.0790 0.0104 0.0014 1.0000 1.0000 1.0000 0.1337 0.0176 0.0023 0.0003 1.0000 1.0000 0.2264 0.0298 0.0039 0.0005 1.0000 1.0000 0.3835 0.0505 0.0066 0.0009 1.0000 1.0000 0.6494 0.0855 0.0113 0.0015 1.0000 1.0000 1.0000 0.1473 0.0195 0.0026 0.0004 1.0000 1.0000 0.2877 0.0400 0.0056 0.0008 1.0000 1.0000 0.8268 0.1237 0.0186 0.0028 0.0003
0.0026 0.0215 0.1408 0.9356 1.0000 1.0000 0.0009 0.0060 0.0411 0.2877 1.0000 1.0000 0.0003 0.0024 0.0178 0.1322 0.9905 1.0000 1.0000 0.0013 0.0099 0.0747 0.5674 1.0000 1.0000 0.0008 0.0058 0.0441 0.3350 1.0000 1.0000 0.0005 0.0034 0.0261 0.1978 1.0000 1.0000 0.0003 0.0020 0.0154 0.1168 0.8871 1.0000 1.0000 0.0012 0.0091 0.0690 0.5238 1.0000 1.0000 0.0003 1.0000 1.0000 0.5238 0.0690 0.0091 0.0012 1.0000 1.0000 0.8871 0.1168 0.0154 0.0020 0.0003 1.0000 1.0000 0.1978 0.0261 0.0034 0.0005 1.0000 1.0000 0.3350 0.0441 0.0058 0.0008 1.0000 1.0000 0.5674 0.0747 0.0099 0.0013 1.0000 1.0000 0.9905 0.1322 0.0178 0.0024 0.0003 1.0000 1.0000 0.2877 0.0411 0.0060 0.0009 1.0000 1.0000 0.9356 0.1408 0.0215 0.0026
0.0200 0.1629 1.0000 1.0000 1.0000 0.0010 0.0065 0.0442 0.3023 1.0000 1.0000 0.0003 0.0023 0.0167 0.1220 0.9007 1.0000 1.0000 0.0012 0.0087 0.0658 0.4976 1.0000 1.0000 0.0007 0.0051 0.0385 0.2927 1.0000 1.0000 0.0004 0.0030 0.0228 0.1728 1.0000 1.0000 0.0002 0.0018 0.0134 0.1021 0.7750 1.0000 1.0000 0.0010 0.0079 0.0603 0.4577 1.0000 1.0000 0.0006 0.0021 0.0006 1.0000 1.0000 0.4577 0.0603 0.0079 0.0010 1.0000 1.0000 0.7750 0.1021 0.0134 0.0018 0.0002 1.0000 1.0000 0.1728 0.0228 0.0030 0.0004 1.0000 1.0000 0.2927 0.0385 0.0051 0.0007 1.0000 1.0000 0.4976 0.0658 0.0087 0.0012 1.0000 1.0000 0.9007 0.1220 0.0167 0.0023 0.0003 1.0000 1.0000 0.3023 0.0442 0.0065 0.0010 1.0000 1.0000 1.0000 0.1629 0.0200
0.1519 1.0000 1.0000 1.0000 0.0011 0.0073 0.0492 0.3306 1.0000 1.0000 0.0003 0.0023 0.0163 0.1166 0.8459 1.0000 1.0000 0.0010 0.0078 0.0585 0.4397 1.0000 1.0000 0.0006 0.0044 0.0337 0.2557 1.0000 1.0000 0.0003 0.0026 0.0199 0.1510 1.0000 1.0000 0.0002 0.0015 0.0117 0.0892 0.6771 1.0000 1.0000 0.0009 0.0069 0.0527 0.3998 1.0000 1.0000 0.0005 0.0042 0.0143 0.0042 0.0005 1.0000 1.0000 0.3998 0.0527 0.0069 0.0009 1.0000 1.0000 0.6771 0.0892 0.0117 0.0015 0.0002 1.0000 1.0000 0.1510 0.0199 0.0026 0.0003 1.0000 1.0000 0.2557 0.0337 0.0044 0.0006 1.0000 1.0000 0.4397 0.0585 0.0078 0.0010 1.0000 1.0000 0.8459 0.1166 0.0163 0.0023 0.0003 1.0000 1.0000 0.3306 0.0492 0.0073 0.0011 1.0000 1.0000 1.0000 0.1519
1.0000 1.0000 1.0000 0.0013 0.0084 0.0555 0.3706 1.0000 1.0000 0.0004 0.0024 0.0167 0.1166 0.8268 1.0000 1.0000 0.0010 0.0071 0.0529 0.3938 1.0000 1.0000 0.0005 0.0039 0.0295 0.2234 1.0000 1.0000 0.0003 0.0023 0.0174 0.1319 1.0000 1.0000 1.0000 0.0014 0.0103 0.0779 0.5916 1.0000 1.0000 0.0008 0.0061 0.0460 0.3493 1.0000 1.0000 0.0005 0.0036 0.0276 0.0946 0.0276 0.0036 0.0005 1.0000 1.0000 0.3493 0.0460 0.0061 0.0008 1.0000 1.0000 0.5916 0.0779 0.0103 0.0014 1.0000 1.0000 1.0000 0.1319 0.0174 0.0023 0.0003 1.0000 1.0000 0.2234 0.0295 0.0039 0.0005 1.0000 1.0000 0.3938 0.0529 0.0071 0.0010 1.0000 1.0000 0.8268 0.1166 0.0167 0.0024 0.0004 1.0000 1.0000 0.3706 0.0555 0.0084 0.0013 1.0000 1.0000 1.0000
1.0000 0.0002 0.0014 0.0096 0.0634 0.4209 1.0000 1.0000 0.0004 0.0026 0.0178 0.1220 0.8459 1.0000 1.0000 0.0009 0.0067 0.0490 0.3608 1.0000 1.0000 0.0005 0.0035 0.0261 0.1967 1.0000 1.0000 0.0003 0.0020 0.0152 0.1153 0.8754 1.0000 1.0000 0.0012 0.0090 0.0681 0.5169 1.0000 1.0000 0.0007 0.0053 0.0402 0.3052 1.0000 1.0000 0.0004 0.0031 0.0239 0.1833 0.6275 0.1833 0.0239 0.0031 0.0004 1.0000 1.0000 0.3052 0.0402 0.0053 0.0007 1.0000 1.0000 0.5169 0.0681 0.0090 0.0012 1.0000 1.0000 0.8754 0.1153 0.0152 0.0020 0.0003 1.0000 1.0000 0.1967 0.0261 0.0035 0.0005 1.0000 1.0000 0.3608 0.0490 0.0067 0.0009 1.0000 1.0000 0.8459 0.1220 0.0178 0.0026 0.0004 1.0000 1.0000 0.4209 0.0634 0.0096 0.0014 0.0002 1.0000
0.0002 0.0017 0.0109 0.0726 0.4818 1.0000 1.0000 0.0004 0.0029 0.0195 0.1322 0.9007 1.0000 1.0000 0.0009 0.0066 0.0471 0.3402 1.0000 1.0000 0.0004 0.0031 0.0232 0.1745 1.0000 1.0000 0.0002 0.0017 0.0133 0.1007 0.7648 1.0000 1.0000 0.0010 0.0078 0.0595 0.4516 1.0000 1.0000 0.0006 0.0046 0.0351 0.2667 1.0000 1.0000 0.0004 0.0027 0.0207 0.1587 1.0000 1.0000 1.0000 0.1587 0.0207 0.0027 0.0004 1.0000 1.0000 0.2667 0.0351 0.0046 0.0006 1.0000 1.0000 0.4516 0.0595 0.0078 0.0010 1.0000 1.0000 0.7648 0.1007 0.0133 0.0017 0.0002 1.0000 1.0000 0.1745 0.0232 0.0031 0.0004 1.0000 1.0000 0.3402 0.0471 0.0066 0.0009 1.0000 1.0000 0.9007 0.1322 0.0195 0.0029 0.0004 1.0000 1.0000 0.4818 0.0726 0.0109 0.0017 0.0002
0.0016 0.0127 0.0830 0.5514 1.0000 1.0000 0.0005 0.0033 0.0220 0.1473 0.9905 1.0000 1.0000 0.0010 0.0067 0.0471 0.3331 1.0000 1.0000 0.0004 0.0028 0.0211 0.1569 1.0000 1.0000 0.0002 0.0015 0.0117 0.0882 0.6682 1.0000 1.0000 0.0009 0.0068 0.0520 0.3946 1.0000 1.0000 0.0005 0.0040 0.0307 0.2330 1.0000 1.0000 0.0003 0.0024 0.0181 0.1376 1.0000 1.0000 1.0000 1.0000 1.0000 0.1376 0.0181 0.0024 0.0003 1.0000 1.0000 0.2330 0.0307 0.0040 0.0005 1.0000 1.0000 0.3946 0.0520 0.0068 0.0009 1.0000 1.0000 0.6682 0.0882 0.0117 0.0015 0.0002 1.0000 1.0000 0.1569 0.0211 0.0028 0.0004 1.0000 1.0000 0.3331 0.0471 0.0067 0.0010 1.0000 1.0000 0.9905 0.1473 0.0220 0.0033 0.0005 1.0000 1.0000 0.5514 0.0830 0.0127 0.0016
0.0118 0.0960 0.6299 1.0000 1.0000 0.0006 0.0038 0.0250 0.1664 1.0000 1.0000 1.0000 0.0010 0.0071 0.0490 0.3402 1.0000 1.0000 0.0004 0.0027 0.0196 0.1443 1.0000 1.0000 1.0000 0.0014 0.0103 0.0778 0.5871 1.0000 1.0000 0.0008 0.0060 0.0454 0.3447 1.0000 1.0000 0.0005 0.0035 0.0268 0.2036 1.0000 1.0000 0.0003 0.0021 0.0158 0.1202 0.9128 1.0000 1.0000 0.0006 1.0000 1.0000 0.9128 0.1202 0.0158 0.0021 0.0003 1.0000 1.0000 0.2036 0.0268 0.0035 0.0005 1.0000 1.0000 0.3447 0.0454 0.0060 0.0008 1.0000 1.0000 0.5871 0.0778 0.0103 0.0014 1.0000 1.0000 1.0000 0.1443 0.0196 0.0027 0.0004 1.0000 1.0000 0.3402 0.0490 0.0071 0.0010 1.0000 1.0000 1.0000 0.1664 0.0250 0.0038 0.0006 1.0000 1.0000 0.6299 0.0960 0.0118
0.0897 0.7307 1.0000 1.0000 0.0006 0.0043 0.0286 0.1897 1.0000 1.0000 1.0000 0.0012 0.0078 0.0529 0.3608 1.0000 1.0000 0.0004 0.0026 0.0189 0.1365 0.9943 1.0000 1.0000 0.0012 0.0092 0.0692 0.5208 1.0000 1.0000 0.0007 0.0052 0.0397 0.3012 1.0000 1.0000 0.0004 0.0031 0.0234 0.1778 1.0000 1.0000 0.0002 0.0018 0.0138 0.1050 0.7975 1.0000 1.0000 0.0011 0.0037 0.0011 1.0000 1.0000 0.7975 0.1050 0.0138 0.0018 0.0002 1.0000 1.0000 0.1778 0.0234 0.0031 0.0004 1.0000 1.0000 0.3012 0.0397 0.0052 0.0007 1.0000 1.0000 0.5208 0.0692 0.0092 0.0012 1.0000 1.0000 0.9943 0.1365 0.0189 0.0026 0.0004 1.0000 1.0000 0.3608 0.0529 0.0078 0.0012 1.0000 1.0000 1.0000 0.1897 0.0286 0.0043 0.0006 1.0000 1.0000 0.7307 0.0897
0.6810 1.0000 1.0000 0.0007 0.0049 0.0327 0.2172 1.0000 1.0000 1.0000 0.0013 0.0087 0.0585 0.3938 1.0000 1.0000 0.0004 0.0027 0.0189 0.1340 0.9590 1.0000 1.0000 0.0011 0.0084 0.0625 0.4664 1.0000 1.0000 0.0006 0.0046 0.0348 0.2636 1.0000 1.0000 0.0004 0.0027 0.0205 0.1554 1.0000 1.0000 0.0002 0.0016 0.0121 0.0918 0.6967 1.0000 1.0000 0.0009 0.0073 0.0248 0.0073 0.0009 1.0000 1.0000 0.6967 0.0918 0.0121 0.0016 0.0002 1.0000 1.0000 0.1554 0.0205 0.0027 0.0004 1.0000 1.0000 0.2636 0.0348 0.0046 0.0006 1.0000 1.0000 0.4664 0.0625 0.0084 0.0011 1.0000 1.0000 0.9590 0.1340 0.0189 0.0027 0.0004 1.0000 1.0000 0.3938 0.0585 0.0087 0.0013 1.0000 1.0000 1.0000 0.2172 0.0327 0.0049 0.0007 1.0000 1.0000 0.6810
1.0000 1.0000 0.0008 0.0056 0.0375 0.2485 1.0000 1.0000 0.0002 0.0015 0.0099 0.0658 0.4397 1.0000 1.0000 0.0004 0.0028 0.0196 0.1365 0.9590 1.0000 1.0000 0.0011 0.0078 0.0576 0.4249 1.0000 1.0000 0.0005 0.0041 0.0307 0.2321 1.0000 1.0000 0.0003 0.0024 0.0179 0.1358 1.0000 1.0000 1.0000 0.0014 0.0106 0.0802 0.6087 1.0000 1.0000 0.0008 0.0063 0.0482 0.1648 0.0482 0.0063 0.0008 1.0000 1.0000 0.6087 0.0802 0.0106 0.0014 1.0000 1.0000 1.0000 0.1358 0.0179 0.0024 0.0003 1.0000 1.0000 0.2321 0.0307 0.0041 0.0005 1.0000 1.0000 0.4249 0.0576 0.0078 0.0011 1.0000 1.0000 0.9590 0.1365 0.0196 0.0028 0.0004 1.0000 1.0000 0.4397 0.0658 0.0099 0.0015 0.0002 1.0000 1.0000 0.2485 0.0375 0.0056 0.0008 1.0000 1.0000
1.0000 0.0010 0.0065 0.0429 0.2845 1.0000 1.0000 0.0003 0.0017 0.0113 0.0747 0.4976 1.0000 1.0000 0.0005 0.0031 0.0211 0.1443 0.9943 1.0000 1.0000 0.0011 0.0076 0.0547 0.3976 1.0000 1.0000 0.0005 0.0037 0.0274 0.2059 1.0000 1.0000 0.0003 0.0021 0.0156 0.1186 0.9007 1.0000 1.0000 0.0012 0.0092 0.0700 0.5318 1.0000 1.0000 0.0007 0.0054 0.0417 0.3195 1.0000 0.3195 0.0417 0.0054 0.0007 1.0000 1.0000 0.5318 0.0700 0.0092 0.0012 1.0000 1.0000 0.9007 0.1186 0.0156 0.0021 0.0003 1.0000 1.0000 0.2059 0.0274 0.0037 0.0005 1.0000 1.0000 0.3976 0.0547 0.0076 0.0011 1.0000 1.0000 0.9943 0.1443 0.0211 0.0031 0.0005 1.0000 1.0000 0.4976 0.0747 0.0113 0.0017 0.0003 1.0000 1.0000 0.2845 0.0429 0.0065 0.0010 1.0000
0.0009 0.0075 0.0490 0.3256 1.0000 1.0000 0.0003 0.0019 0.0129 0.0855 0.5674 1.0000 1.0000 0.0005 0.0035 0.0232 0.1569 1.0000 1.0000 1.0000 0.0011 0.0076 0.0537 0.3842 1.0000 1.0000 0.0005 0.0033 0.0248 0.1847 1.0000 1.0000 0.0002 0.0018 0.0137 0.1038 0.7869 1.0000 1.0000 0.0011 0.0081 0.0612 0.4647 1.0000 1.0000 0.0006 0.0048 0.0361 0.2765 1.0000 1.0000 1.0000 0.2765 0.0361 0.0048 0.0006 1.0000 1.0000 0.4647 0.0612 0.0081 0.0011 1.0000 1.0000 0.7869 0.1038 0.0137 0.0018 0.0002 1.0000 1.0000 0.1847 0.0248 0.0033 0.0005 1.0000 1.0000 0.3842 0.0537 0.0076 0.0011 1.0000 1.0000 1.0000 0.1569 0.0232 0.0035 0.0005 1.0000 1.0000 0.5674 0.0855 0.0129 0.0019 0.0003 1.0000 1.0000 0.3256 0.0490 0.0075 0.0009
0.0070 0.0568 0.3720 1.0000 1.0000 0.0003 0.0022 0.0148 0.0979 0.6494 1.0000 1.0000 0.0006 0.0039 0.0261 0.1745 1.0000 1.0000 1.0000 0.0011 0.0078 0.0547 0.3842 1.0000 1.0000 0.0004 0.0031 0.0230 0.1693 1.0000 1.0000 0.0002 0.0016 0.0122 0.0916 0.6915 1.0000 1.0000 0.0009 0.0070 0.0535 0.4060 1.0000 1.0000 0.0005 0.0042 0.0316 0.2397 1.0000 1.0000 1.0000 1.0000 1.0000 0.2397 0.0316 0.0042 0.0005 1.0000 1.0000 0.4060 0.0535 0.0070 0.0009 1.0000 1.0000 0.6915 0.0916 0.0122 0.0016 0.0002 1.0000 1.0000 0.1693 0.0230 0.0031 0.0004 1.0000 1.0000 0.3842 0.0547 0.0078 0.0011 1.0000 1.0000 1.0000 0.1745 0.0261 0.0039 0.0006 1.0000 1.0000 0.6494 0.0979 0.0148 0.0022 0.0003 1.0000 1.0000 0.3720 0.0568 0.0070
0.0530 0.4306 1.0000 1.0000 0.0004 0.0025 0.0169 0.1120 0.7433 1.0000 1.0000 0.0007 0.0044 0.0295 0.1967 1.0000 1.0000 1.0000 0.0012 0.0084 0.0576 0.3976 1.0000 1.0000 0.0004 0.0030 0.0219 0.1590 1.0000 1.0000 1.0000 0.0015 0.0109 0.0814 0.6122 1.0000 1.0000 0.0008 0.0062 0.0467 0.3547 1.0000 1.0000 0.0005 0.0036 0.0276 0.2094 1.0000 1.0000 0.0003 0.0010 0.0003 1.0000 1.0000 0.2094 0.0276 0.0036 0.0005 1.0000 1.0000 0.3547 0.0467 0.0062 0.0008 1.0000 1.0000 0.6122 0.0814 0.0109 0.0015 1.0000 1.0000 1.0000 0.1590 0.0219 0.0030 0.0004 1.0000 1.0000 0.3976 0.0576 0.0084 0.0012 1.0000 1.0000 1.0000 0.1967 0.0295 0.0044 0.0007 1.0000 1.0000 0.7433 0.1120 0.0169 0.0025 0.0004 1.0000 1.0000 0.4306 0.0530
0.4021 1.0000 1.0000 0.0004 0.0029 0.0193 0.1282 0.8507 1.0000 1.0000 0.0008 0.0051 0.0337 0.2234 1.0000 1.0000 0.0002 0.0014 0.0092 0.0625 0.4249 1.0000 1.0000 0.0004 0.0030 0.0215 0.1539 1.0000 1.0000 1.0000 0.0013 0.0099 0.0733 0.5472 1.0000 1.0000 0.0007 0.0054 0.0410 0.3105 1.0000 1.0000 0.0004 0.0032 0.0241 0.1830 1.0000 1.0000 0.0002 0.0019 0.0065 0.0019 0.0002 1.0000 1.0000 0.1830 0.0241 0.0032 0.0004 1.0000 1.0000 0.3105 0.0410 0.0054 0.0007 1.0000 1.0000 0.5472 0.0733 0.0099 0.0013 1.0000 1.0000 1.0000 0.1539 0.0215 0.0030 0.0004 1.0000 1.0000 0.4249 0.0625 0.0092 0.0014 0.0002 1.0000 1.0000 0.2234 0.0337 0.0051 0.0008 1.0000 1.0000 0.8507 0.1282 0.0193 0.0029 0.0004 1.0000 1.0000 0.4021
1.0000 1.0000 0.0005 0.0033 0.0221 0.1468 0.9737 1.0000 1.0000 0.0009 0.0058 0.0385 0.2557 1.0000 1.0000 0.0002 0.0015 0.0103 0.0692 0.4664 1.0000 1.0000 0.0005 0.0031 0.0219 0.1539 1.0000 1.0000 1.0000 0.0013 0.0092 0.0674 0.4985 1.0000 1.0000 0.0006 0.0048 0.0362 0.2733 1.0000 1.0000 0.0004 0.0028 0.0211 0.1599 1.0000 1.0000 0.0002 0.0016 0.0126 0.0433 0.0126 0.0016 0.0002 1.0000 1.0000 0.1599 0.0211 0.0028 0.0004 1.0000 1.0000 0.2733 0.0362 0.0048 0.0006 1.0000 1.0000 0.4985 0.0674 0.0092 0.0013 1.0000 1.0000 1.0000 0.1539 0.0219 0.0031 0.0005 1.0000 1.0000 0.4664 0.0692 0.0103 0.0015 0.0002 1.0000 1.0000 0.2557 0.0385 0.0058 0.0009 1.0000 1.0000 0.9737 0.1468 0.0221 0.0033 0.0005 1.0000 1.0000
1.0000 0.0006 0.0038 0.0253 0.1680 1.0000 1.0000 1.0000 0.0010 0.0066 0.0441 0.2927 1.0000 1.0000 0.0003 0.0017 0.0117 0.0778 0.5208 1.0000 1.0000 0.0005 0.0033 0.0230 0.1590 1.0000 1.0000 1.0000 0.0012 0.0087 0.0636 0.4638 1.0000 1.0000 0.0006 0.0043 0.0322 0.2425 1.0000 1.0000 0.0003 0.0024 0.0184 0.1397 1.0000 1.0000 1.0000 0.0014 0.0109 0.0839 0.2872 0.0839 0.0109 0.0014 1.0000 1.0000 1.0000 0.1397 0.0184 0.0024 0.0003 1.0000 1.0000 0.2425 0.0322 0.0043 0.0006 1.0000 1.0000 0.4638 0.0636 0.0087 0.0012 1.0000 1.0000 1.0000 0.1590 0.0230 0.0033 0.0005 1.0000 1.0000 0.5208 0.0778 0.0117 0.0017 0.0003 1.0000 1.0000 0.2927 0.0441 0.0066 0.0010 1.0000 1.0000 1.0000 0.1680 0.0253 0.0038 0.0006 1.0000
0.0005 0.0044 0.0289 0.1923 1.0000 1.0000 1.0000 0.0011 0.0076 0.0505 0.3350 1.0000 1.0000 0.0003 0.0020 0.0133 0.0882 0.5871 1.0000 1.0000 0.0005 0.0037 0.0248 0.1693 1.0000 1.0000 1.0000 0.0012 0.0086 0.0615 0.4431 1.0000 1.0000 0.0005 0.0039 0.0291 0.2172 1.0000 1.0000 0.0003 0.0021 0.0162 0.1223 0.9267 1.0000 1.0000 0.0012 0.0095 0.0726 0.5567 1.0000 0.5567 0.0726 0.0095 0.0012 1.0000 1.0000 0.9267 0.1223 0.0162 0.0021 0.0003 1.0000 1.0000 0.2172 0.0291 0.0039 0.0005 1.0000 1.0000 0.4431 0.0615 0.0086 0.0012 1.0000 1.0000 1.0000 0.1693 0.0248 0.0037 0.0005 1.0000 1.0000 0.5871 0.0882 0.0133 0.0020 0.0003 1.0000 1.0000 0.3350 0.0505 0.0076 0.0011 1.0000 1.0000 1.0000 0.1923 0.0289 0.0044 0.0005
0.0041 0.0335 0.2196 1.0000 1.0000 1.0000 0.0013 0.0087 0.0578 0.3835 1.0000 1.0000 0.0003 0.0023 0.0152 0.1007 0.6682 1.0000 1.0000 0.0006 0.0041 0.0274 0.1847 1.0000 1.0000 1.0000 0.0013 0.0087 0.0615 0.4364 1.0000 1.0000 0.0005 0.0037 0.0268 0.1978 1.0000 1.0000 0.0003 0.0019 0.0143 0.1078 0.8143 1.0000 1.0000 0.0011 0.0083 0.0630 0.4818 1.0000 1.0000 1.0000 0.4818 0.0630 0.0083 0.0011 1.0000 1.0000 0.8143 0.1078 0.0143 0.0019 0.0003 1.0000 1.0000 0.1978 0.0268 0.0037 0.0005 1.0000 1.0000 0.4364 0.0615 0.0087 0.0013 1.0000 1.0000 1.0000 0.1847 0.0274 0.0041 0.0006 1.0000 1.0000 0.6682 0.1007 0.0152 0.0023 0.0003 1.0000 1.0000 0.3835 0.0578 0.0087 0.0013 1.0000 1.0000 1.0000 0.2196 0.0335 0.0041
0.0313 0.2548 1.0000 1.0000 0.0002 0.0015 0.0100 0.0662 0.4389 1.0000 1.0000 0.0004 0.0026 0.0174 0.1153 0.7648 1.0000 1.0000 0.0007 0.0046 0.0307 0.2059 1.0000 1.0000 1.0000 0.0013 0.0092 0.0636 0.4431 1.0000 1.0000 0.0005 0.0035 0.0253 0.1847 1.0000 1.0000 0.0002 0.0017 0.0128 0.0959 0.7210 1.0000 1.0000 0.0010 0.0072 0.0550 0.4177 1.0000 1.0000 0.0003 1.0000 1.0000 0.4177 0.0550 0.0072 0.0010 1.0000 1.0000 0.7210 0.0959 0.0128 0.0017 0.0002 1.0000 1.0000 0.1847 0.0253 0.0035 0.0005 1.0000 1.0000 0.4431 0.0636 0.0092 0.0013 1.0000 1.0000 1.0000 0.2059 0.0307 0.0046 0.0007 1.0000 1.0000 0.7648 0.1153 0.0174 0.0026 0.0004 1.0000 1.0000 0.4389 0.0662 0.0100 0.0015 0.0002 1.0000 1.0000 0.2548 0.0313
0.2375 1.0000 1.0000 0.0003 0.0017 0.0114 0.0757 0.5024 1.0000 1.0000 0.0005 0.0030 0.0199 0.1319 0.8754 1.0000 1.0000 0.0008 0.0052 0.0348 0.2321 1.0000 1.0000 0.0002 0.0015 0.0099 0.0674 0.4638 1.0000 1.0000 0.0005 0.0035 0.0246 0.1768 1.0000 1.0000 0.0002 0.0016 0.0115 0.0860 0.6433 1.0000 1.0000 0.0008 0.0064 0.0482 0.3650 1.0000 1.0000 0.0005 0.0017 0.0005 1.0000 1.0000 0.3650 0.0482 0.0064 0.0008 1.0000 1.0000 0.6433 0.0860 0.0115 0.0016 0.0002 1.0000 1.0000 0.1768 0.0246 0.0035 0.0005 1.0000 1.0000 0.4638 0.0674 0.0099 0.0015 0.0002 1.0000 1.0000 0.2321 0.0348 0.0052 0.0008 1.0000 1.0000 0.8754 0.1319 0.0199 0.0030 0.0005 1.0000 1.0000 0.5024 0.0757 0.0114 0.0017 0.0003 1.0000 1.0000 0.2375
1.0000 1.0000 0.0003 0.0020 0.0131 0.0867 0.5750 1.0000 1.0000 0.0005 0.0034 0.0228 0.1510 1.0000 1.0000 1.0000 0.0009 0.0060 0.0397 0.2636 1.0000 1.0000 0.0002 0.0016 0.0109 0.0733 0.4985 1.0000 1.0000 0.0005 0.0035 0.0246 0.1742 1.0000 1.0000 0.0002 0.0015 0.0107 0.0787 0.5827 1.0000 1.0000 0.0008 0.0056 0.0425 0.3207 1.0000 1.0000 0.0004 0.0033 0.0114 0.0033 0.0004 1.0000 1.0000 0.3207 0.0425 0.0056 0.0008 1.0000 1.0000 0.5827 0.0787 0.0107 0.0015 0.0002 1.0000 1.0000 0.1742 0.0246 0.0035 0.0005 1.0000 1.0000 0.4985 0.0733 0.0109 0.0016 0.0002 1.0000 1.0000 0.2636 0.0397 0.0060 0.0009 1.0000 1.0000 1.0000 0.1510 0.0228 0.0034 0.0005 1.0000 1.0000 0.5750 0.0867 0.0131 0.0020 0.0003 1.0000 1.0000
1.0000 0.0003 0.0022 0.0150 0.0992 0.6581 1.0000 1.0000 0.0006 0.0039 0.0261 0.1728 1.0000 1.0000 1.0000 0.0010 0.0068 0.0454 0.3012 1.0000 1.0000 0.0003 0.0018 0.0122 0.0814 0.5472 1.0000 1.0000 0.0005 0.0037 0.0253 0.1768 1.0000 1.0000 1.0000 0.0014 0.0101 0.0736 0.5390 1.0000 1.0000 0.0007 0.0050 0.0377 0.2839 1.0000 1.0000 0.0004 0.0029 0.0220 0.0756 0.0220 0.0029 0.0004 1.0000 1.0000 0.2839 0.0377 0.0050 0.0007 1.0000 1.0000 0.5390 0.0736 0.0101 0.0014 1.0000 1.0000 1.0000 0.1768 0.0253 0.0037 0.0005 1.0000 1.0000 0.5472 0.0814 0.0122 0.0018 0.0003 1.0000 1.0000 0.3012 0.0454 0.0068 0.0010 1.0000 1.0000 1.0000 0.1728 0.0261 0.0039 0.0006 1.0000 1.0000 0.6581 0.0992 0.0150 0.0022 0.0003 1.0000
0.0003 0.0026 0.0171 0.1135 0.7532 1.0000 1.0000 0.0007 0.0045 0.0298 0.1978 1.0000 1.0000 1.0000 0.0012 0.0078 0.0520 0.3447 1.0000 1.0000 0.0003 0.0021 0.0137 0.0916 0.6122 1.0000 1.0000 0.0006 0.0039 0.0268 0.1847 1.0000 1.0000 1.0000 0.0014 0.0098 0.0704 0.5101 1.0000 1.0000 0.0006 0.0046 0.0340 0.2538 1.0000 1.0000 0.0003 0.0025 0.0191 0.1468 0.5014 0.1468 0.0191 0.0025 0.0003 1.0000 1.0000 0.2538 0.0340 0.0046 0.0006 1.0000 1.0000 0.5101 0.0704 0.0098 0.0014 1.0000 1.0000 1.0000 0.1847 0.0268 0.0039 0.0006 1.0000 1.0000 0.6122 0.0916 0.0137 0.0021 0.0003 1.0000 1.0000 0.3447 0.0520 0.0078 0.0012 1.0000 1.0000 1.0000 0.1978 0.0298 0.0045 0.0007 1.0000 1.0000 0.7532 0.1135 0.0171 0.0026 0.0003
0.0024 0.0198 0.1297 0.8621 1.0000 1.0000 0.0008 0.0051 0.0341 0.2264 1.0000 1.0000 0.0002 0.0014 0.0090 0.0595 0.3946 1.0000 1.0000 0.0004 0.0024 0.0156 0.1038 0.6915 1.0000 1.0000 0.0006 0.0043 0.0291 0.1978 1.0000 1.0000 0.0002 0.0014 0.0098 0.0694 0.4948 1.0000 1.0000 0.0006 0.0042 0.0312 0.2308 1.0000 1.0000 0.0003 0.0022 0.0168 0.1277 0.9756 1.0000 0.9756 0.1277 0.0168 0.0022 0.0003 1.0000 1.0000 0.2308 0.0312 0.0042 0.0006 1.0000 1.0000 0.4948 0.0694 0.0098 0.0014 0.0002 1.0000 1.0000 0.1978 0.0291 0.0043 0.0006 1.0000 1.0000 0.6915 0.1038 0.0156 0.0024 0.0004 1.0000 1.0000 0.3946 0.0595 0.0090 0.0014 0.0002 1.0000 1.0000 0.2264 0.0341 0.0051 0.0008 1.0000 1.0000 0.8621 0.1297 0.0198 0.0024
0.0185 0.1502 0.9849 1.0000 1.0000 0.0009 0.0059 0.0391 0.2592 1.0000 1.0000 0.0002 0.0015 0.0103 0.0681 0.4516 1.0000 1.0000 0.0004 0.0027 0.0179 0.1186 0.7869 1.0000 1.0000 0.0007 0.0048 0.0322 0.2172 1.0000 1.0000 0.0002 0.0015 0.0101 0.0704 0.4948 1.0000 1.0000 0.0006 0.0040 0.0293 0.2143 1.0000 1.0000 0.0003 0.0020 0.0150 0.1125 0.8524 1.0000 1.0000 1.0000 0.8524 0.1125 0.0150 0.0020 0.0003 1.0000 1.0000 0.2143 0.0293 0.0040 0.0006 1.0000 1.0000 0.4948 0.0704 0.0101 0.0015 0.0002 1.0000 1.0000 0.2172 0.0322 0.0048 0.0007 1.0000 1.0000 0.7869 0.1186 0.0179 0.0027 0.0004 1.0000 1.0000 0.4516 0.0681 0.0103 0.0015 0.0002 1.0000 1.0000 0.2592 0.0391 0.0059 0.0009 1.0000 1.0000 0.9849 0.1502 0.0185
0.1402 1.0000 1.0000 1.0000 0.0010 0.0067 0.0447 0.2966 1.0000 1.0000 0.0003 0.0018 0.0117 0.0779 0.5169 1.0000 1.0000 0.0005 0.0031 0.0205 0.1358 0.9007 1.0000 1.0000 0.0008 0.0054 0.0362 0.2425 1.0000 1.0000 0.0002 0.0016 0.0107 0.0736 0.5101 1.0000 1.0000 0.0005 0.0039 0.0281 0.2028 1.0000 1.0000 0.0002 0.0018 0.0135 0.1005 0.7547 1.0000 1.0000 0.0005 1.0000 1.0000 0.7547 0.1005 0.0135 0.0018 0.0002 1.0000 1.0000 0.2028 0.0281 0.0039 0.0005 1.0000 1.0000 0.5101 0.0736 0.0107 0.0016 0.0002 1.0000 1.0000 0.2425 0.0362 0.0054 0.0008 1.0000 1.0000 0.9007 0.1358 0.0205 0.0031 0.0005 1.0000 1.0000 0.5169 0.0779 0.0117 0.0018 0.0003 1.0000 1.0000 0.2966 0.0447 0.0067 0.0010 1.0000 1.0000 1.0000 0.1402
1.0000 1.0000 1.0000 0.0012 0.0077 0.0512 0.3395 1.0000 1.0000 0.0003 0.0020 0.0134 0.0892 0.5916 1.0000 1.0000 0.0005 0.0035 0.0234 0.1554 1.0000 1.0000 1.0000 0.0009 0.0062 0.0410 0.2733 1.0000 1.0000 0.0003 0.0017 0.0115 0.0787 0.5390 1.0000 1.0000 0.0006 0.0039 0.0276 0.1971 1.0000 1.0000 0.0002 0.0017 0.0124 0.0914 0.6797 1.0000 1.0000 0.0009 0.0031 0.0009 1.0000 1.0000 0.6797 0.0914 0.0124 0.0017 0.0002 1.0000 1.0000 0.1971 0.0276 0.0039 0.0006 1.0000 1.0000 0.5390 0.0787 0.0115 0.0017 0.0003 1.0000 1.0000 0.2733 0.0410 0.0062 0.0009 1.0000 1.0000 1.0000 0.1554 0.0234 0.0035 0.0005 1.0000 1.0000 0.5916 0.0892 0.0134 0.0020 0.0003 1.0000 1.0000 0.3395 0.0512 0.0077 0.0012 1.0000 1.0000 1.0000
1.0000 0.0002 0.0013 0.0088 0.0586 0.3886 1.0000 1.0000 0.0003 0.0023 0.0154 0.1021 0.6771 1.0000 1.0000 0.0006 0.0040 0.0268 0.1778 1.0000 1.0000 1.0000 0.0011 0.0070 0.0467 0.3105 1.0000 1.0000 0.0003 0.0019 0.0128 0.0860 0.5827 1.0000 1.0000 0.0006 0.0040 0.0281 0.1971 1.0000 1.0000 0.0002 0.0016 0.0116 0.0849 0.6240 1.0000 1.0000 0.0008 0.0060 0.0206 0.0060 0.0008 1.0000 1.0000 0.6240 0.0849 0.0116 0.0016 0.0002 1.0000 1.0000 0.1971 0.0281 0.0040 0.0006 1.0000 1.0000 0.5827 0.0860 0.0128 0.0019 0.0003 1.0000 1.0000 0.3105 0.0467 0.0070 0.0011 1.0000 1.0000 1.0000 0.1778 0.0268 0.0040 0.0006 1.0000 1.0000 0.6771 0.1021 0.0154 0.0023 0.0003 1.0000 1.0000 0.3886 0.0586 0.0088 0.0013 0.0002 1.0000
0.0002 0.0015 0.0101 0.0670 0.4448 1.0000 1.0000 0.0004 0.0027 0.0176 0.1168 0.7750 1.0000 1.0000 0.0007 0.0046 0.0307 0.2036 1.0000 1.0000 1.0000 0.0012 0.0081 0.0535 0.3547 1.0000 1.0000 0.0003 0.0021 0.0143 0.0959 0.6433 1.0000 1.0000 0.0006 0.0042 0.0293 0.2028 1.0000 1.0000 0.0002 0.0016 0.0112 0.0806 0.5860 1.0000 1.0000 0.0007 0.0054 0.0407 0.1386 0.0407 0.0054 0.0007 1.0000 1.0000 0.5860 0.0806 0.0112 0.0016 0.0002 1.0000 1.0000 0.2028 0.0293 0.0042 0.0006 1.0000 1.0000 0.6433 0.0959 0.0143 0.0021 0.0003 1.0000 1.0000 0.3547 0.0535 0.0081 0.0012 1.0000 1.0000 1.0000 0.2036 0.0307 0.0046 0.0007 1.0000 1.0000 0.7750 0.1168 0.0176 0.0027 0.0004 1.0000 1.0000 0.4448 0.0670 0.0101 0.0015 0.0002
0.0014 0.0117 0.0766 0.5091 1.0000 1.0000 0.0005 0.0030 0.0202 0.1337 0.8871 1.0000 1.0000 0.0008 0.0053 0.0351 0.2330 1.0000 1.0000 0.0002 0.0014 0.0092 0.0612 0.4060 1.0000 1.0000 0.0004 0.0024 0.0162 0.1078 0.7210 1.0000 1.0000 0.0007 0.0046 0.0312 0.2143 1.0000 1.0000 0.0002 0.0016 0.0110 0.0787 0.5641 1.0000 1.0000 0.0007 0.0049 0.0367 0.2754 0.9392 0.2754 0.0367 0.0049 0.0007 1.0000 1.0000 0.5641 0.0787 0.0110 0.0016 0.0002 1.0000 1.0000 0.2143 0.0312 0.0046 0.0007 1.0000 1.0000 0.7210 0.1078 0.0162 0.0024 0.0004 1.0000 1.0000 0.4060 0.0612 0.0092 0.0014 0.0002 1.0000 1.0000 0.2330 0.0351 0.0053 0.0008 1.0000 1.0000 0.8871 0.1337 0.0202 0.0030 0.0005 1.0000 1.0000 0.5091 0.0766 0.0117 0.0014
0.0109 0.0888 0.5816 1.0000 1.0000 0.0005 0.0035 0.0231 0.1530 1.0000 1.0000 1.0000 0.0009 0.0061 0.0402 0.2667 1.0000 1.0000 0.0002 0.0016 0.0106 0.0700 0.4647 1.0000 1.0000 0.0004 0.0028 0.0184 0.1223 0.8143 1.0000 1.0000 0.0008 0.0050 0.0340 0.2308 1.0000 1.0000 0.0002 0.0016 0.0112 0.0787 0.5567 1.0000 1.0000 0.0006 0.0046 0.0338 0.2504 1.0000 1.0000 1.0000 0.2504 0.0338 0.0046 0.0006 1.0000 1.0000 0.5567 0.0787 0.0112 0.0016 0.0002 1.0000 1.0000 0.2308 0.0340 0.0050 0.0008 1.0000 1.0000 0.8143 0.1223 0.0184 0.0028 0.0004 1.0000 1.0000 0.4647 0.0700 0.0106 0.0016 0.0002 1.0000 1.0000 0.2667 0.0402 0.0061 0.0009 1.0000 1.0000 1.0000 0.1530 0.0231 0.0035 0.0005 1.0000 1.0000 0.5816 0.0888 0.0109
0.0828 0.6733 1.0000 1.0000 0.0006 0.0040 0.0264 0.1752 1.0000 1.0000 1.0000 0.0010 0.0069 0.0460 0.3052 1.0000 1.0000 0.0003 0.0018 0.0121 0.0802 0.5318 1.0000 1.0000 0.0005 0.0032 0.0211 0.1397 0.9267 1.0000 1.0000 0.0008 0.0056 0.0377 0.2538 1.0000 1.0000 0.0002 0.0017 0.0116 0.0806 0.5641 1.0000 1.0000 0.0006 0.0044 0.0321 0.2339 1.0000 1.0000 1.0000 1.0000 1.0000 0.2339 0.0321 0.0044 0.0006 1.0000 1.0000 0.5641 0.0806 0.0116 0.0017 0.0002 1.0000 1.0000 0.2538 0.0377 0.0056 0.0008 1.0000 1.0000 0.9267 0.1397 0.0211 0.0032 0.0005 1.0000 1.0000 0.5318 0.0802 0.0121 0.0018 0.0003 1.0000 1.0000 0.3052 0.0460 0.0069 0.0010 1.0000 1.0000 1.0000 0.1752 0.0264 0.0040 0.0006 1.0000 1.0000 0.6733 0.0828
0.6287 1.0000 1.0000 0.0007 0.0046 0.0302 0.2005 1.0000 1.0000 1.0000 0.0012 0.0079 0.0527 0.3493 1.0000 1.0000 0.0003 0.0021 0.0138 0.0918 0.6087 1.0000 1.0000 0.0005 0.0036 0.0241 0.1599 1.0000 1.0000 1.0000 0.0010 0.0064 0.0425 0.2839 1.0000 1.0000 0.0003 0.0018 0.0124 0.0849 0.5860 1.0000 1.0000 0.0006 0.0044 0.0313 0.2247 1.0000 1.0000 0.0003 0.0009 0.0003 1.0000 1.0000 0.2247 0.0313 0.0044 0.0006 1.0000 1.0000 0.5860 0.0849 0.0124 0.0018 0.0003 1.0000 1.0000 0.2839 0.0425 0.0064 0.0010 1.0000 1.0000 1.0000 0.1599 0.0241 0.0036 0.0005 1.0000 1.0000 0.6087 0.0918 0.0138 0.0021 0.0003 1.0000 1.0000 0.3493 0.0527 0.0079 0.0012 1.0000 1.0000 1.0000 0.2005 0.0302 0.0046 0.0007 1.0000 1.0000 0.6287
1.0000 1.0000 0.0008 0.0052 0.0346 0.2295 1.0000 1.0000 0.0002 0.0014 0.0091 0.0603 0.3998 1.0000 1.0000 0.0004 0.0024 0.0158 0.1050 0.6967 1.0000 1.0000 0.0006 0.0042 0.0276 0.1830 1.0000 1.0000 1.0000 0.0011 0.0072 0.0482 0.3207 1.0000 1.0000 0.0003 0.0020 0.0135 0.0914 0.6240 1.0000 1.0000 0.0006 0.0044 0.0313 0.2217 1.0000 1.0000 0.0003 0.0019 0.0064 0.0019 0.0003 1.0000 1.0000 0.2217 0.0313 0.0044 0.0006 1.0000 1.0000 0.6240 0.0914 0.0135 0.0020 0.0003 1.0000 1.0000 0.3207 0.0482 0.0072 0.0011 1.0000 1.0000 1.0000 0.1830 0.0276 0.0042 0.0006 1.0000 1.0000 0.6967 0.1050 0.0158 0.0024 0.0004 1.0000 1.0000 0.3998 0.0603 0.0091 0.0014 0.0002 1.0000 1.0000 0.2295 0.0346 0.0052 0.0008 1.0000 1.0000
1.0000 0.0009 0.0060 0.0396 0.2626 1.0000 1.0000 0.0002 0.0016 0.0104 0.0690 0.4577 1.0000 1.0000 0.0004 0.0027 0.0181 0.1202 0.7975 1.0000 1.0000 0.0007 0.0048 0.0316 0.2094 1.0000 1.0000 1.0000 0.0012 0.0083 0.0550 0.3650 1.0000 1.0000 0.0003 0.0022 0.0150 0.1005 0.6797 1.0000 1.0000 0.0007 0.0046 0.0321 0.2247 1.0000 1.0000 0.0002 0.0018 0.0131 0.0440 0.0131 0.0018 0.0002 1.0000 1.0000 0.2247 0.0321 0.0046 0.0007 1.0000 1.0000 0.6797 0.1005 0.0150 0.0022 0.0003 1.0000 1.0000 0.3650 0.0550 0.0083 0.0012 1.0000 1.0000 1.0000 0.2094 0.0316 0.0048 0.0007 1.0000 1.0000 0.7975 0.1202 0.0181 0.0027 0.0004 1.0000 1.0000 0.4577 0.0690 0.0104 0.0016 0.0002 1.0000 1.0000 0.2626 0.0396 0.0060 0.0009 1.0000
0.0008 0.0069 0.0453 0.3006 1.0000 1.0000 0.0003 0.0018 0.0119 0.0790 0.5238 1.0000 1.0000 0.0005 0.0031 0.0207 0.1376 0.9128 1.0000 1.0000 0.0008 0.0054 0.0361 0.2397 1.0000 1.0000 0.0002 0.0014 0.0095 0.0630 0.4177 1.0000 1.0000 0.0004 0.0025 0.0168 0.1125 0.7547 1.0000 1.0000 0.0007 0.0049 0.0338 0.2339 1.0000 1.0000 0.0002 0.0017 0.0126 0.0916 0.3081 0.0916 0.0126 0.0017 0.0002 1.0000 1.0000 0.2339 0.0338 0.0049 0.0007 1.0000 1.0000 0.7547 0.1125 0.0168 0.0025 0.0004 1.0000 1.0000 0.4177 0.0630 0.0095 0.0014 0.0002 1.0000 1.0000 0.2397 0.0361 0.0054 0.0008 1.0000 1.0000 0.9128 0.1376 0.0207 0.0031 0.0005 1.0000 1.0000 0.5238 0.0790 0.0119 0.0018 0.0003 1.0000 1.0000 0.3006 0.0453 0.0069 0.0008
0.0065 0.0529 0.3467 1.0000 1.0000 0.0003 0.0021 0.0137 0.0911 0.6041 1.0000 1.0000 0.0005 0.0036 0.0239 0.1587 1.0000 1.0000 1.0000 0.0009 0.0063 0.0417 0.2765 1.0000 1.0000 0.0002 0.0016 0.0109 0.0726 0.4818 1.0000 1.0000 0.0004 0.0029 0.0191 0.1277 0.8524 1.0000 1.0000 0.0008 0.0054 0.0367 0.2504 1.0000 1.0000 0.0003 0.0018 0.0126 0.0899 0.6519 1.0000 0.6519 0.0899 0.0126 0.0018 0.0003 1.0000 1.0000 0.2504 0.0367 0.0054 0.0008 1.0000 1.0000 0.8524 0.1277 0.0191 0.0029 0.0004 1.0000 1.0000 0.4818 0.0726 0.0109 0.0016 0.0002 1.0000 1.0000 0.2765 0.0417 0.0063 0.0009 1.0000 1.0000 1.0000 0.1587 0.0239 0.0036 0.0005 1.0000 1.0000 0.6041 0.0911 0.0137 0.0021 0.0003 1.0000 1.0000 0.3467 0.0529 0.0065
0.0488 0.4044 1.0000 1.0000 0.0004 0.0024 0.0159 0.1052 0.6981 1.0000 1.0000 0.0006 0.0042 0.0276 0.1833 1.0000 1.0000 1.0000 0.0011 0.0073 0.0482 0.3195 1.0000 1.0000 0.0003 0.0019 0.0126 0.0839 0.5567 1.0000 1.0000 0.0005 0.0033 0.0220 0.1468 0.9756 1.0000 1.0000 0.0009 0.0060 0.0407 0.2754 1.0000 1.0000 0.0003 0.0019 0.0131 0.0916 0.6519 1.0000 1.0000 1.0000 0.6519 0.0916 0.0131 0.0019 0.0003 1.0000 1.0000 0.2754 0.0407 0.0060 0.0009 1.0000 1.0000 0.9756 0.1468 0.0220 0.0033 0.0005 1.0000 1.0000 0.5567 0.0839 0.0126 0.0019 0.0003 1.0000 1.0000 0.3195 0.0482 0.0073 0.0011 1.0000 1.0000 1.0000 0.1833 0.0276 0.0042 0.0006 1.0000 1.0000 0.6981 0.1052 0.0159 0.0024 0.0004 1.0000 1.0000 0.4044 0.0488
0.1789 1.0000 1.0000 1.0000 0.0012 0.0082 0.0543 0.3601 1.0000 1.0000 0.0003 0.0021 0.0143 0.0946 0.6275 1.0000 1.0000 0.0006 0.0037 0.0248 0.1648 1.0000 1.0000 1.0000 0.0010 0.0065 0.0433 0.2872 1.0000 1.0000 0.0003 0.0017 0.0114 0.0756 0.5014 1.0000 1.0000 0.0005 0.0031 0.0206 0.1386 0.9392 1.0000 1.0000 0.0009 0.0064 0.0440 0.3081 1.0000 1.0000 1.0000 1.0000 1.0000 0.3081 0.0440 0.0064 0.0009 1.0000 1.0000 0.9392 0.1386 0.0206 0.0031 0.0005 1.0000 1.0000 0.5014 0.0756 0.0114 0.0017 0.0003 1.0000 1.0000 0.2872 0.0433 0.0065 0.0010 1.0000 1.0000 1.0000 0.1648 0.0248 0.0037 0.0006 1.0000 1.0000 0.6275 0.0946 0.0143 0.0021 0.0003 1.0000 1.0000 0.3601 0.0543 0.0082 0.0012 1.0000 1.0000 1.0000 0.1789
0.0488 0.4044 1.0000 1.0000 0.0004 0.0024 0.0159 0.1052 0.6981 1.0000 1.0000 0.0006 0.0042 0.0276 0.1833 1.0000 1.0000 1.0000 0.0011 0.0073 0.0482 0.3195 1.0000 1.0000 0.0003 0.0019 0.0126 0.0839 0.5567 1.0000 1.0000 0.0005 0.0033 0.0220 0.1468 0.9756 1.0000 1.0000 0.0009 0.0060 0.0407 0.2754 1.0000 1.0000 0.0003 0.0019 0.0131 0.0916 0.6519 1.0000 1.0000 1.0000 0.6519 0.0916 0.0131 0.0019 0.0003 1.0000 1.0000 0.2754 0.0407 0.0060 0.0009 1.0000 1.0000 0.9756 0.1468 0.0220 0.0033 0.0005 1.0000 1.0000 0.5567 0.0839 0.0126 0.0019 0.0003 1.0000 1.0000 0.3195 0.0482 0.0073 0.0011 1.0000 1.0000 1.0000 0.1833 0.0276 0.0042 0.0006 1.0000 1.0000 0.6981 0.1052 0.0159 0.0024 0.0004 1.0000 1.0000 0.4044 0.0488
0.0065 0.0529 0.3467 1.0000 1.0000 0.0003 0.0021 0.0137 0.0911 0.6041 1.0000 1.0000 0.0005 0.0036 0.0239 0.1587 1.0000 1.0000 1.0000 0.0009 0.0063 0.0417 0.2765 1.0000 1.0000 0.0002 0.0016 0.0109 0.0726 0.4818 1.0000 1.0000 0.0004 0.0029 0.0191 0.1277 0.8524 1.0000 1.0000 0.0008 0.0054 0.0367 0.2504 1.0000 1.0000 0.0003 0.0018 0.0126 0.0899 0.6519 1.0000 0.6519 0.0899 0.0126 0.0018 0.0003 1.0000 1.0000 0.2504 0.0367 0.0054 0.0008 1.0000 1.0000 0.8524 0.1277 0.0191 0.0029 0.0004 1.0000 1.0000 0.4818 0.0726 0.0109 0.0016 0.0002 1.0000 1.0000 0.2765 0.0417 0.0063 0.0009 1.0000 1.0000 1.0000 0.1587 0.0239 0.0036 0.0005 1.0000 1.0000 0.6041 0.0911 0.0137 0.0021 0.0003 1.0000 1.0000 0.3467 0.0529 0.0065
0.0008 0.0069 0.0453 0.3006 1.0000 1.0000 0.0003 0.0018 0.0119 0.0790 0.5238 1.0000 1.0000 0.0005 0.0031 0.0207 0.1376 0.9128 1.0000 1.0000 0.0008 0.0054 0.0361 0.2397 1.0000 1.0000 0.0002 0.0014 0.0095 0.0630 0.4177 1.0000 1.0000 0.0004 0.0025 0.0168 0.1125 0.7547 1.0000 1.0000 0.0007 0.0049 0.0338 0.2339 1.0000 1.0000 0.0002 0.0017 0.0126 0.0916 0.3081 0.0916 0.0126 0.0017 0.0002 1.0000 1.0000 0.2339 0.0338 0.0049 0.0007 1.0000 1.0000 0.7547 0.1125 0.0168 0.0025 0.0004 1.0000 1.0000 0.4177 0.0630 0.0095 0.0014 0.0002 1.0000 1.0000 0.2397 0.0361 0.0054 0.0008 1.0000 1.0000 0.9128 0.1376 0.0207 0.0031 0.0005 1.0000 1.0000 0.5238 0.0790 0.0119 0.0018 0.0003 1.0000 1.0000 0.3006 0.0453 0.0069 0.0008
1.0000 0.0009 0.0060 0.0396 0.2626 1.0000 1.0000 0.0002 0.0016 0.0104 0.0690 0.4577 1.0000 1.0000 0.0004 0.0027 0.0181 0.1202 0.7975 1.0000 1.0000 0.0007 0.0048 0.0316 0.2094 1.0000 1.0000 1.0000 0.0012 0.0083 0.0550 0.3650 1.0000 1.0000 0.0003 0.0022 0.0150 0.1005 0.6797 1.0000 1.0000 0.0007 0.0046 0.0321 0.2247 1.0000 1.0000 0.0002 0.0018 0.0131 0.0440 0.0131 0.0018 0.0002 1.0000 1.0000 0.2247 0.0321 0.0046 0.0007 1.0000 1.0000 0.6797 0.1005 0.0150 0.0022 0.0003 1.0000 1.0000 0.3650 0.0550 0.0083 0.0012 1.0000 1.0000 1.0000 0.2094 0.0316 0.0048 0.0007 1.0000 1.0000 0.7975 0.1202 0.0181 0.0027 0.0004 1.0000 1.0000 0.4577 0.0690 0.0104 0.0016 0.0002 1.0000 1.0000 0.2626 0.0396 0.0060 0.0009 1.0000
1.0000 1.0000 0.0008 0.0052 0.0346 0.2295 1.0000 1.0000 0.0002 0.0014 0.0091 0.0603 0.3998 1.0000 1.0000 0.0004 0.0024 0.0158 0.1050 0.6967 1.0000 1.0000 0.0006 0.0042 0.0276 0.1830 1.0000 1.0000 1.0000 0.0011 0.0072 0.0482 0.3207 1.0000 1.0000 0.0003 0.0020 0.0135 0.0914 0.6240 1.0000 1.0000 0.0006 0.0044 0.0313 0.2217 1.0000 1.0000 0.0003 0.0019 0.0064 0.0019 0.0003 1.0000 1.0000 0.2217 0.0313 0.0044 0.0006 1.0000 1.0000 0.6240 0.0914 0.0135 0.0020 0.0003 1.0000 1.0000 0.3207 0.0482 0.0072 0.0011 1.0000 1.0000 1.0000 0.1830 0.0276 0.0042 0.0006 1.0000 1.0000 0.6967 0.1050 0.0158 0.0024 0.0004 1.0000 1.0000 0.3998 0.0603 0.0091 0.0014 0.0002 1.0000 1.0000 0.2295 0.0346 0.0052 0.0008 1.0000 1.0000
