0.0002 0.0023 0.0173 0.1324 1.0000 1.0000 0.0002 0.0014 0.0103 0.0784 0.5950 1.0000 1.0000 0.0008 0.0061 0.0463 0.3513 1.0000 1.0000 0.0005 0.0036 0.0273 0.2075 1.0000 1.0000 0.0003 0.0021 0.0161 0.1225 0.9303 1.0000 1.0000 0.0013 0.0095 0.0723 0.5493 1.0000 1.0000 0.0007 0.0056 0.0427 0.3244 1.0000 1.0000 0.0004 0.0033 0.0252 0.1915 1.0000 1.0000 1.0000 1.0000 1.0000 0.1915 0.0252 0.0033 0.0004 1.0000 1.0000 0.3244 0.0427 0.0056 0.0007 1.0000 1.0000 0.5493 0.0723 0.0095 0.0013 1.0000 1.0000 0.9303 0.1225 0.0161 0.0021 0.0003 1.0000 1.0000 0.2075 0.0273 0.0036 0.0005 1.0000 1.0000 0.3513 0.0463 0.0061 0.0008 1.0000 1.0000 0.5950 0.0784 0.0103 0.0014 0.0002 1.0000 1.0000 0.1324 0.0173 0.0023 0.0002
0.0023 0.0200 0.1459 1.0000 1.0000 1.0000 0.0015 0.0111 0.0841 0.6384 1.0000 1.0000 0.0009 0.0065 0.0496 0.3762 1.0000 1.0000 0.0005 0.0039 0.0293 0.2226 1.0000 1.0000 0.0003 0.0023 0.0173 0.1312 0.9981 1.0000 1.0000 0.0013 0.0102 0.0776 0.5882 1.0000 1.0000 0.0008 0.0060 0.0457 0.3480 1.0000 1.0000 0.0005 0.0036 0.0271 0.2051 1.0000 1.0000 0.0003 0.0010 0.0003 1.0000 1.0000 0.2051 0.0271 0.0036 0.0005 1.0000 1.0000 0.3480 0.0457 0.0060 0.0008 1.0000 1.0000 0.5882 0.0776 0.0102 0.0013 1.0000 1.0000 0.9981 0.1312 0.0173 0.0023 0.0003 1.0000 1.0000 0.2226 0.0293 0.0039 0.0005 1.0000 1.0000 0.3762 0.0496 0.0065 0.0009 1.0000 1.0000 0.6384 0.0841 0.0111 0.0015 1.0000 1.0000 1.0000 0.1459 0.0200 0.0023
0.0173 0.1459 1.0000 1.0000 1.0000 0.0013 0.0096 0.0729 0.5525 1.0000 1.0000 0.0007 0.0056 0.0428 0.3250 1.0000 1.0000 0.0004 0.0033 0.0253 0.1919 1.0000 1.0000 0.0003 0.0020 0.0149 0.1133 0.8605 1.0000 1.0000 0.0012 0.0088 0.0669 0.5081 1.0000 1.0000 0.0007 0.0052 0.0395 0.3000 1.0000 1.0000 0.0004 0.0031 0.0233 0.1772 1.0000 1.0000 0.0002 0.0018 0.0063 0.0018 0.0002 1.0000 1.0000 0.1772 0.0233 0.0031 0.0004 1.0000 1.0000 0.3000 0.0395 0.0052 0.0007 1.0000 1.0000 0.5081 0.0669 0.0088 0.0012 1.0000 1.0000 0.8605 0.1133 0.0149 0.0020 0.0003 1.0000 1.0000 0.1919 0.0253 0.0033 0.0004 1.0000 1.0000 0.3250 0.0428 0.0056 0.0007 1.0000 1.0000 0.5525 0.0729 0.0096 0.0013 1.0000 1.0000 1.0000 0.1459 0.0173
0.1324 1.0000 1.0000 1.0000 0.0012 0.0087 0.0652 0.4901 1.0000 1.0000 0.0007 0.0049 0.0375 0.2845 1.0000 1.0000 0.0004 0.0029 0.0221 0.1680 1.0000 1.0000 0.0002 0.0017 0.0131 0.0992 0.7532 1.0000 1.0000 0.0010 0.0077 0.0586 0.4448 1.0000 1.0000 0.0006 0.0046 0.0346 0.2626 1.0000 1.0000 0.0004 0.0027 0.0204 0.1551 1.0000 1.0000 0.0002 0.0016 0.0123 0.0420 0.0123 0.0016 0.0002 1.0000 1.0000 0.1551 0.0204 0.0027 0.0004 1.0000 1.0000 0.2626 0.0346 0.0046 0.0006 1.0000 1.0000 0.4448 0.0586 0.0077 0.0010 1.0000 1.0000 0.7532 0.0992 0.0131 0.0017 0.0002 1.0000 1.0000 0.1680 0.0221 0.0029 0.0004 1.0000 1.0000 0.2845 0.0375 0.0049 0.0007 1.0000 1.0000 0.4901 0.0652 0.0087 0.0012 1.0000 1.0000 1.0000 0.1324
1.0000 1.0000 1.0000 0.0012 0.0084 0.0608 0.4473 1.0000 1.0000 0.0006 0.0043 0.0329 0.2490 1.0000 1.0000 0.0003 0.0025 0.0193 0.1468 1.0000 1.0000 1.0000 0.0015 0.0114 0.0867 0.6581 1.0000 1.0000 0.0009 0.0067 0.0512 0.3886 1.0000 1.0000 0.0005 0.0040 0.0302 0.2295 1.0000 1.0000 0.0003 0.0023 0.0178 0.1355 1.0000 1.0000 1.0000 0.0014 0.0106 0.0814 0.2786 0.0814 0.0106 0.0014 1.0000 1.0000 1.0000 0.1355 0.0178 0.0023 0.0003 1.0000 1.0000 0.2295 0.0302 0.0040 0.0005 1.0000 1.0000 0.3886 0.0512 0.0067 0.0009 1.0000 1.0000 0.6581 0.0867 0.0114 0.0015 1.0000 1.0000 1.0000 0.1468 0.0193 0.0025 0.0003 1.0000 1.0000 0.2490 0.0329 0.0043 0.0006 1.0000 1.0000 0.4473 0.0608 0.0084 0.0012 1.0000 1.0000 1.0000
1.0000 1.0000 0.0013 0.0087 0.0608 0.4315 1.0000 1.0000 0.0005 0.0039 0.0291 0.2196 1.0000 1.0000 0.0003 0.0022 0.0169 0.1282 0.9737 1.0000 1.0000 0.0013 0.0100 0.0757 0.5750 1.0000 1.0000 0.0008 0.0059 0.0447 0.3395 1.0000 1.0000 0.0005 0.0035 0.0264 0.2005 1.0000 1.0000 0.0003 0.0021 0.0156 0.1184 0.8990 1.0000 1.0000 0.0012 0.0092 0.0704 0.5400 1.0000 0.5400 0.0704 0.0092 0.0012 1.0000 1.0000 0.8990 0.1184 0.0156 0.0021 0.0003 1.0000 1.0000 0.2005 0.0264 0.0035 0.0005 1.0000 1.0000 0.3395 0.0447 0.0059 0.0008 1.0000 1.0000 0.5750 0.0757 0.0100 0.0013 1.0000 1.0000 0.9737 0.1282 0.0169 0.0022 0.0003 1.0000 1.0000 0.2196 0.0291 0.0039 0.0005 1.0000 1.0000 0.4315 0.0608 0.0087 0.0013 1.0000 1.0000
0.0002 0.0015 0.0096 0.0652 0.4473 1.0000 1.0000 0.0005 0.0036 0.0265 0.1967 1.0000 1.0000 0.0003 0.0020 0.0148 0.1120 0.8507 1.0000 1.0000 0.0011 0.0087 0.0662 0.5024 1.0000 1.0000 0.0007 0.0051 0.0391 0.2966 1.0000 1.0000 0.0004 0.0030 0.0231 0.1752 1.0000 1.0000 0.0002 0.0018 0.0136 0.1034 0.7854 1.0000 1.0000 0.0011 0.0080 0.0611 0.4673 1.0000 1.0000 1.0000 0.4673 0.0611 0.0080 0.0011 1.0000 1.0000 0.7854 0.1034 0.0136 0.0018 0.0002 1.0000 1.0000 0.1752 0.0231 0.0030 0.0004 1.0000 1.0000 0.2966 0.0391 0.0051 0.0007 1.0000 1.0000 0.5024 0.0662 0.0087 0.0011 1.0000 1.0000 0.8507 0.1120 0.0148 0.0020 0.0003 1.0000 1.0000 0.1967 0.0265 0.0036 0.0005 1.0000 1.0000 0.4473 0.0652 0.0096 0.0015 0.0002
0.0014 0.0111 0.0729 0.4901 1.0000 1.0000 0.0005 0.0035 0.0250 0.1823 1.0000 1.0000 0.0002 0.0017 0.0130 0.0984 0.7447 1.0000 1.0000 0.0010 0.0076 0.0578 0.4389 1.0000 1.0000 0.0006 0.0045 0.0341 0.2592 1.0000 1.0000 0.0003 0.0027 0.0202 0.1530 1.0000 1.0000 0.0002 0.0016 0.0119 0.0904 0.6862 1.0000 1.0000 0.0009 0.0070 0.0534 0.4052 1.0000 1.0000 0.0003 1.0000 1.0000 0.4052 0.0534 0.0070 0.0009 1.0000 1.0000 0.6862 0.0904 0.0119 0.0016 0.0002 1.0000 1.0000 0.1530 0.0202 0.0027 0.0003 1.0000 1.0000 0.2592 0.0341 0.0045 0.0006 1.0000 1.0000 0.4389 0.0578 0.0076 0.0010 1.0000 1.0000 0.7447 0.0984 0.0130 0.0017 0.0002 1.0000 1.0000 0.1823 0.0250 0.0035 0.0005 1.0000 1.0000 0.4901 0.0729 0.0111 0.0014
0.0103 0.0841 0.5525 1.0000 1.0000 0.0005 0.0036 0.0250 0.1775 1.0000 1.0000 0.0002 0.0016 0.0117 0.0875 0.6581 1.0000 1.0000 0.0009 0.0066 0.0505 0.3835 1.0000 1.0000 0.0005 0.0039 0.0298 0.2264 1.0000 1.0000 0.0003 0.0023 0.0176 0.1337 1.0000 1.0000 1.0000 0.0014 0.0104 0.0790 0.5995 1.0000 1.0000 0.0008 0.0061 0.0466 0.3540 1.0000 1.0000 0.0005 0.0017 0.0005 1.0000 1.0000 0.3540 0.0466 0.0061 0.0008 1.0000 1.0000 0.5995 0.0790 0.0104 0.0014 1.0000 1.0000 1.0000 0.1337 0.0176 0.0023 0.0003 1.0000 1.0000 0.2264 0.0298 0.0039 0.0005 1.0000 1.0000 0.3835 0.0505 0.0066 0.0009 1.0000 1.0000 0.6581 0.0875 0.0117 0.0016 0.0002 1.0000 1.0000 0.1775 0.0250 0.0036 0.0005 1.0000 1.0000 0.5525 0.0841 0.0103
0.0784 0.6384 1.0000 1.0000 0.0006 0.0039 0.0265 0.1823 1.0000 1.0000 0.0002 0.0015 0.0107 0.0793 0.5905 1.0000 1.0000 0.0008 0.0058 0.0442 0.3350 1.0000 1.0000 0.0005 0.0034 0.0261 0.1978 1.0000 1.0000 0.0003 0.0020 0.0154 0.1168 0.8871 1.0000 1.0000 0.0012 0.0091 0.0690 0.5238 1.0000 1.0000 0.0007 0.0054 0.0407 0.3093 1.0000 1.0000 0.0004 0.0032 0.0110 0.0032 0.0004 1.0000 1.0000 0.3093 0.0407 0.0054 0.0007 1.0000 1.0000 0.5238 0.0690 0.0091 0.0012 1.0000 1.0000 0.8871 0.1168 0.0154 0.0020 0.0003 1.0000 1.0000 0.1978 0.0261 0.0034 0.0005 1.0000 1.0000 0.3350 0.0442 0.0058 0.0008 1.0000 1.0000 0.5905 0.0793 0.0107 0.0015 0.0002 1.0000 1.0000 0.1823 0.0265 0.0039 0.0006 1.0000 1.0000 0.6384 0.0784
0.5950 1.0000 1.0000 0.0007 0.0043 0.0291 0.1967 1.0000 1.0000 0.0002 0.0014 0.0102 0.0740 0.5431 1.0000 1.0000 0.0007 0.0052 0.0390 0.2944 1.0000 1.0000 0.0004 0.0030 0.0228 0.1728 1.0000 1.0000 0.0002 0.0018 0.0134 0.1021 0.7750 1.0000 1.0000 0.0010 0.0079 0.0603 0.4577 1.0000 1.0000 0.0006 0.0047 0.0356 0.2702 1.0000 1.0000 0.0004 0.0028 0.0214 0.0732 0.0214 0.0028 0.0004 1.0000 1.0000 0.2702 0.0356 0.0047 0.0006 1.0000 1.0000 0.4577 0.0603 0.0079 0.0010 1.0000 1.0000 0.7750 0.1021 0.0134 0.0018 0.0002 1.0000 1.0000 0.1728 0.0228 0.0030 0.0004 1.0000 1.0000 0.2944 0.0390 0.0052 0.0007 1.0000 1.0000 0.5431 0.0740 0.0102 0.0014 0.0002 1.0000 1.0000 0.1967 0.0291 0.0043 0.0007 1.0000 1.0000 0.5950
1.0000 1.0000 0.0007 0.0049 0.0329 0.2196 1.0000 1.0000 0.0002 0.0015 0.0102 0.0722 0.5189 1.0000 1.0000 0.0006 0.0047 0.0348 0.2616 1.0000 1.0000 0.0003 0.0026 0.0199 0.1510 1.0000 1.0000 0.0002 0.0015 0.0117 0.0892 0.6771 1.0000 1.0000 0.0009 0.0069 0.0527 0.3998 1.0000 1.0000 0.0005 0.0041 0.0311 0.2361 1.0000 1.0000 0.0003 0.0024 0.0185 0.1418 0.4854 0.1418 0.0185 0.0024 0.0003 1.0000 1.0000 0.2361 0.0311 0.0041 0.0005 1.0000 1.0000 0.3998 0.0527 0.0069 0.0009 1.0000 1.0000 0.6771 0.0892 0.0117 0.0015 0.0002 1.0000 1.0000 0.1510 0.0199 0.0026 0.0003 1.0000 1.0000 0.2616 0.0348 0.0047 0.0006 1.0000 1.0000 0.5189 0.0722 0.0102 0.0015 0.0002 1.0000 1.0000 0.2196 0.0329 0.0049 0.0007 1.0000 1.0000
1.0000 0.0009 0.0056 0.0375 0.2490 1.0000 1.0000 0.0002 0.0016 0.0107 0.0740 0.5189 1.0000 1.0000 0.0006 0.0043 0.0317 0.2357 1.0000 1.0000 0.0003 0.0023 0.0175 0.1322 1.0000 1.0000 1.0000 0.0014 0.0103 0.0779 0.5916 1.0000 1.0000 0.0008 0.0061 0.0460 0.3493 1.0000 1.0000 0.0005 0.0036 0.0272 0.2063 1.0000 1.0000 0.0003 0.0021 0.0160 0.1227 0.9410 1.0000 0.9410 0.1227 0.0160 0.0021 0.0003 1.0000 1.0000 0.2063 0.0272 0.0036 0.0005 1.0000 1.0000 0.3493 0.0460 0.0061 0.0008 1.0000 1.0000 0.5916 0.0779 0.0103 0.0014 1.0000 1.0000 1.0000 0.1322 0.0175 0.0023 0.0003 1.0000 1.0000 0.2357 0.0317 0.0043 0.0006 1.0000 1.0000 0.5189 0.0740 0.0107 0.0016 0.0002 1.0000 1.0000 0.2490 0.0375 0.0056 0.0009 1.0000
0.0008 0.0065 0.0428 0.2845 1.0000 1.0000 0.0003 0.0017 0.0117 0.0793 0.5431 1.0000 1.0000 0.0006 0.0041 0.0299 0.2180 1.0000 1.0000 0.0003 0.0021 0.0155 0.1166 0.8804 1.0000 1.0000 0.0012 0.0090 0.0681 0.5169 1.0000 1.0000 0.0007 0.0053 0.0402 0.3052 1.0000 1.0000 0.0004 0.0031 0.0237 0.1802 1.0000 1.0000 0.0002 0.0018 0.0140 0.1064 0.8143 1.0000 1.0000 1.0000 0.8143 0.1064 0.0140 0.0018 0.0002 1.0000 1.0000 0.1802 0.0237 0.0031 0.0004 1.0000 1.0000 0.3052 0.0402 0.0053 0.0007 1.0000 1.0000 0.5169 0.0681 0.0090 0.0012 1.0000 1.0000 0.8804 0.1166 0.0155 0.0021 0.0003 1.0000 1.0000 0.2180 0.0299 0.0041 0.0006 1.0000 1.0000 0.5431 0.0793 0.0117 0.0017 0.0003 1.0000 1.0000 0.2845 0.0428 0.0065 0.0008
0.0061 0.0496 0.3250 1.0000 1.0000 0.0003 0.0020 0.0130 0.0875 0.5905 1.0000 1.0000 0.0006 0.0041 0.0292 0.2094 1.0000 1.0000 0.0003 0.0019 0.0139 0.1040 0.7810 1.0000 1.0000 0.0010 0.0078 0.0595 0.4516 1.0000 1.0000 0.0006 0.0046 0.0351 0.2667 1.0000 1.0000 0.0004 0.0027 0.0207 0.1575 1.0000 1.0000 0.0002 0.0016 0.0122 0.0930 0.7061 1.0000 1.0000 0.0004 1.0000 1.0000 0.7061 0.0930 0.0122 0.0016 0.0002 1.0000 1.0000 0.1575 0.0207 0.0027 0.0004 1.0000 1.0000 0.2667 0.0351 0.0046 0.0006 1.0000 1.0000 0.4516 0.0595 0.0078 0.0010 1.0000 1.0000 0.7810 0.1040 0.0139 0.0019 0.0003 1.0000 1.0000 0.2094 0.0292 0.0041 0.0006 1.0000 1.0000 0.5905 0.0875 0.0130 0.0020 0.0003 1.0000 1.0000 0.3250 0.0496 0.0061
0.0463 0.3762 1.0000 1.0000 0.0003 0.0022 0.0148 0.0984 0.6581 1.0000 1.0000 0.0006 0.0043 0.0299 0.2094 1.0000 1.0000 0.0002 0.0017 0.0127 0.0940 0.7021 1.0000 1.0000 0.0009 0.0069 0.0523 0.3953 1.0000 1.0000 0.0005 0.0040 0.0307 0.2330 1.0000 1.0000 0.0003 0.0024 0.0181 0.1376 1.0000 1.0000 1.0000 0.0014 0.0107 0.0812 0.6169 1.0000 1.0000 0.0008 0.0029 0.0008 1.0000 1.0000 0.6169 0.0812 0.0107 0.0014 1.0000 1.0000 1.0000 0.1376 0.0181 0.0024 0.0003 1.0000 1.0000 0.2330 0.0307 0.0040 0.0005 1.0000 1.0000 0.3953 0.0523 0.0069 0.0009 1.0000 1.0000 0.7021 0.0940 0.0127 0.0017 0.0002 1.0000 1.0000 0.2094 0.0299 0.0043 0.0006 1.0000 1.0000 0.6581 0.0984 0.0148 0.0022 0.0003 1.0000 1.0000 0.3762 0.0463
0.3513 1.0000 1.0000 0.0004 0.0025 0.0169 0.1120 0.7447 1.0000 1.0000 0.0007 0.0047 0.0317 0.2180 1.0000 1.0000 0.0002 0.0017 0.0120 0.0875 0.6433 1.0000 1.0000 0.0008 0.0061 0.0462 0.3487 1.0000 1.0000 0.0005 0.0035 0.0268 0.2036 1.0000 1.0000 0.0003 0.0021 0.0158 0.1202 0.9128 1.0000 1.0000 0.0012 0.0093 0.0710 0.5390 1.0000 1.0000 0.0007 0.0056 0.0192 0.0056 0.0007 1.0000 1.0000 0.5390 0.0710 0.0093 0.0012 1.0000 1.0000 0.9128 0.1202 0.0158 0.0021 0.0003 1.0000 1.0000 0.2036 0.0268 0.0035 0.0005 1.0000 1.0000 0.3487 0.0462 0.0061 0.0008 1.0000 1.0000 0.6433 0.0875 0.0120 0.0017 0.0002 1.0000 1.0000 0.2180 0.0317 0.0047 0.0007 1.0000 1.0000 0.7447 0.1120 0.0169 0.0025 0.0004 1.0000 1.0000 0.3513
1.0000 1.0000 0.0004 0.0029 0.0193 0.1282 0.8507 1.0000 1.0000 0.0008 0.0052 0.0348 0.2357 1.0000 1.0000 0.0002 0.0017 0.0118 0.0842 0.6087 1.0000 1.0000 0.0007 0.0055 0.0412 0.3099 1.0000 1.0000 0.0004 0.0031 0.0234 0.1778 1.0000 1.0000 0.0002 0.0018 0.0138 0.1050 0.7975 1.0000 1.0000 0.0011 0.0082 0.0620 0.4709 1.0000 1.0000 0.0006 0.0049 0.0372 0.1275 0.0372 0.0049 0.0006 1.0000 1.0000 0.4709 0.0620 0.0082 0.0011 1.0000 1.0000 0.7975 0.1050 0.0138 0.0018 0.0002 1.0000 1.0000 0.1778 0.0234 0.0031 0.0004 1.0000 1.0000 0.3099 0.0412 0.0055 0.0007 1.0000 1.0000 0.6087 0.0842 0.0118 0.0017 0.0002 1.0000 1.0000 0.2357 0.0348 0.0052 0.0008 1.0000 1.0000 0.8507 0.1282 0.0193 0.0029 0.0004 1.0000 1.0000
1.0000 0.0005 0.0033 0.0221 0.1468 0.9737 1.0000 1.0000 0.0009 0.0058 0.0390 0.2616 1.0000 1.0000 0.0003 0.0017 0.0120 0.0842 0.5973 1.0000 1.0000 0.0007 0.0051 0.0375 0.2791 1.0000 1.0000 0.0004 0.0027 0.0206 0.1560 1.0000 1.0000 0.0002 0.0016 0.0121 0.0918 0.6967 1.0000 1.0000 0.0009 0.0071 0.0542 0.4114 1.0000 1.0000 0.0006 0.0042 0.0322 0.2471 0.8459 0.2471 0.0322 0.0042 0.0006 1.0000 1.0000 0.4114 0.0542 0.0071 0.0009 1.0000 1.0000 0.6967 0.0918 0.0121 0.0016 0.0002 1.0000 1.0000 0.1560 0.0206 0.0027 0.0004 1.0000 1.0000 0.2791 0.0375 0.0051 0.0007 1.0000 1.0000 0.5973 0.0842 0.0120 0.0017 0.0003 1.0000 1.0000 0.2616 0.0390 0.0058 0.0009 1.0000 1.0000 0.9737 0.1468 0.0221 0.0033 0.0005 1.0000
0.0005 0.0039 0.0253 0.1680 1.0000 1.0000 1.0000 0.0010 0.0066 0.0442 0.2944 1.0000 1.0000 0.0003 0.0019 0.0127 0.0875 0.6087 1.0000 1.0000 0.0007 0.0048 0.0350 0.2572 1.0000 1.0000 0.0003 0.0024 0.0183 0.1376 1.0000 1.0000 1.0000 0.0014 0.0106 0.0802 0.6087 1.0000 1.0000 0.0008 0.0062 0.0473 0.3595 1.0000 1.0000 0.0005 0.0037 0.0280 0.2139 1.0000 1.0000 1.0000 0.2139 0.0280 0.0037 0.0005 1.0000 1.0000 0.3595 0.0473 0.0062 0.0008 1.0000 1.0000 0.6087 0.0802 0.0106 0.0014 1.0000 1.0000 1.0000 0.1376 0.0183 0.0024 0.0003 1.0000 1.0000 0.2572 0.0350 0.0048 0.0007 1.0000 1.0000 0.6087 0.0875 0.0127 0.0019 0.0003 1.0000 1.0000 0.2944 0.0442 0.0066 0.0010 1.0000 1.0000 1.0000 0.1680 0.0253 0.0039 0.0005
0.0036 0.0293 0.1919 1.0000 1.0000 1.0000 0.0011 0.0076 0.0505 0.3350 1.0000 1.0000 0.0003 0.0021 0.0139 0.0940 0.6433 1.0000 1.0000 0.0007 0.0047 0.0338 0.2439 1.0000 1.0000 0.0003 0.0022 0.0164 0.1225 0.9215 1.0000 1.0000 0.0012 0.0092 0.0700 0.5318 1.0000 1.0000 0.0007 0.0054 0.0414 0.3141 1.0000 1.0000 0.0004 0.0032 0.0244 0.1854 1.0000 1.0000 1.0000 1.0000 1.0000 0.1854 0.0244 0.0032 0.0004 1.0000 1.0000 0.3141 0.0414 0.0054 0.0007 1.0000 1.0000 0.5318 0.0700 0.0092 0.0012 1.0000 1.0000 0.9215 0.1225 0.0164 0.0022 0.0003 1.0000 1.0000 0.2439 0.0338 0.0047 0.0007 1.0000 1.0000 0.6433 0.0940 0.0139 0.0021 0.0003 1.0000 1.0000 0.3350 0.0505 0.0076 0.0011 1.0000 1.0000 1.0000 0.1919 0.0293 0.0036
0.0273 0.2226 1.0000 1.0000 1.0000 0.0013 0.0087 0.0578 0.3835 1.0000 1.0000 0.0003 0.0023 0.0155 0.1040 0.7021 1.0000 1.0000 0.0007 0.0048 0.0338 0.2393 1.0000 1.0000 0.0003 0.0020 0.0150 0.1110 0.8268 1.0000 1.0000 0.0011 0.0082 0.0615 0.4656 1.0000 1.0000 0.0006 0.0048 0.0361 0.2744 1.0000 1.0000 0.0004 0.0028 0.0213 0.1620 1.0000 1.0000 0.0002 0.0008 0.0002 1.0000 1.0000 0.1620 0.0213 0.0028 0.0004 1.0000 1.0000 0.2744 0.0361 0.0048 0.0006 1.0000 1.0000 0.4656 0.0615 0.0082 0.0011 1.0000 1.0000 0.8268 0.1110 0.0150 0.0020 0.0003 1.0000 1.0000 0.2393 0.0338 0.0048 0.0007 1.0000 1.0000 0.7021 0.1040 0.0155 0.0023 0.0003 1.0000 1.0000 0.3835 0.0578 0.0087 0.0013 1.0000 1.0000 1.0000 0.2226 0.0273
0.2075 1.0000 1.0000 0.0002 0.0015 0.0100 0.0662 0.4389 1.0000 1.0000 0.0004 0.0026 0.0175 0.1166 0.7810 1.0000 1.0000 0.0007 0.0051 0.0350 0.2439 1.0000 1.0000 0.0003 0.0019 0.0140 0.1026 0.7561 1.0000 1.0000 0.0010 0.0072 0.0545 0.4106 1.0000 1.0000 0.0005 0.0042 0.0316 0.2397 1.0000 1.0000 0.0003 0.0025 0.0186 0.1416 1.0000 1.0000 1.0000 0.0015 0.0050 0.0015 1.0000 1.0000 1.0000 0.1416 0.0186 0.0025 0.0003 1.0000 1.0000 0.2397 0.0316 0.0042 0.0005 1.0000 1.0000 0.4106 0.0545 0.0072 0.0010 1.0000 1.0000 0.7561 0.1026 0.0140 0.0019 0.0003 1.0000 1.0000 0.2439 0.0350 0.0051 0.0007 1.0000 1.0000 0.7810 0.1166 0.0175 0.0026 0.0004 1.0000 1.0000 0.4389 0.0662 0.0100 0.0015 0.0002 1.0000 1.0000 0.2075
1.0000 1.0000 0.0003 0.0017 0.0114 0.0757 0.5024 1.0000 1.0000 0.0005 0.0030 0.0199 0.1322 0.8804 1.0000 1.0000 0.0008 0.0055 0.0375 0.2572 1.0000 1.0000 0.0003 0.0019 0.0135 0.0975 0.7088 1.0000 1.0000 0.0009 0.0065 0.0486 0.3650 1.0000 1.0000 0.0005 0.0036 0.0276 0.2094 1.0000 1.0000 0.0003 0.0021 0.0163 0.1237 0.9392 1.0000 1.0000 0.0013 0.0098 0.0335 0.0098 0.0013 1.0000 1.0000 0.9392 0.1237 0.0163 0.0021 0.0003 1.0000 1.0000 0.2094 0.0276 0.0036 0.0005 1.0000 1.0000 0.3650 0.0486 0.0065 0.0009 1.0000 1.0000 0.7088 0.0975 0.0135 0.0019 0.0003 1.0000 1.0000 0.2572 0.0375 0.0055 0.0008 1.0000 1.0000 0.8804 0.1322 0.0199 0.0030 0.0005 1.0000 1.0000 0.5024 0.0757 0.0114 0.0017 0.0003 1.0000 1.0000
1.0000 0.0003 0.0020 0.0131 0.0867 0.5750 1.0000 1.0000 0.0005 0.0034 0.0228 0.1510 1.0000 1.0000 1.0000 0.0009 0.0061 0.0412 0.2791 1.0000 1.0000 0.0003 0.0019 0.0135 0.0959 0.6862 1.0000 1.0000 0.0008 0.0060 0.0441 0.3281 1.0000 1.0000 0.0004 0.0032 0.0242 0.1833 1.0000 1.0000 0.0002 0.0019 0.0142 0.1081 0.8205 1.0000 1.0000 0.0011 0.0085 0.0649 0.2222 0.0649 0.0085 0.0011 1.0000 1.0000 0.8205 0.1081 0.0142 0.0019 0.0002 1.0000 1.0000 0.1833 0.0242 0.0032 0.0004 1.0000 1.0000 0.3281 0.0441 0.0060 0.0008 1.0000 1.0000 0.6862 0.0959 0.0135 0.0019 0.0003 1.0000 1.0000 0.2791 0.0412 0.0061 0.0009 1.0000 1.0000 1.0000 0.1510 0.0228 0.0034 0.0005 1.0000 1.0000 0.5750 0.0867 0.0131 0.0020 0.0003 1.0000
0.0003 0.0023 0.0149 0.0992 0.6581 1.0000 1.0000 0.0006 0.0039 0.0261 0.1728 1.0000 1.0000 1.0000 0.0010 0.0069 0.0462 0.3099 1.0000 1.0000 0.0003 0.0020 0.0140 0.0975 0.6862 1.0000 1.0000 0.0008 0.0056 0.0409 0.3012 1.0000 1.0000 0.0004 0.0029 0.0215 0.1620 1.0000 1.0000 0.0002 0.0016 0.0124 0.0944 0.7169 1.0000 1.0000 0.0010 0.0073 0.0562 0.4306 1.0000 0.4306 0.0562 0.0073 0.0010 1.0000 1.0000 0.7169 0.0944 0.0124 0.0016 0.0002 1.0000 1.0000 0.1620 0.0215 0.0029 0.0004 1.0000 1.0000 0.3012 0.0409 0.0056 0.0008 1.0000 1.0000 0.6862 0.0975 0.0140 0.0020 0.0003 1.0000 1.0000 0.3099 0.0462 0.0069 0.0010 1.0000 1.0000 1.0000 0.1728 0.0261 0.0039 0.0006 1.0000 1.0000 0.6581 0.0992 0.0149 0.0023 0.0003
0.0021 0.0173 0.1133 0.7532 1.0000 1.0000 0.0007 0.0045 0.0298 0.1978 1.0000 1.0000 1.0000 0.0012 0.0078 0.0523 0.3487 1.0000 1.0000 0.0003 0.0022 0.0150 0.1026 0.7088 1.0000 1.0000 0.0008 0.0054 0.0390 0.2829 1.0000 1.0000 0.0003 0.0026 0.0193 0.1443 1.0000 1.0000 1.0000 0.0014 0.0109 0.0825 0.6264 1.0000 1.0000 0.0008 0.0064 0.0487 0.3727 1.0000 1.0000 1.0000 0.3727 0.0487 0.0064 0.0008 1.0000 1.0000 0.6264 0.0825 0.0109 0.0014 1.0000 1.0000 1.0000 0.1443 0.0193 0.0026 0.0003 1.0000 1.0000 0.2829 0.0390 0.0054 0.0008 1.0000 1.0000 0.7088 0.1026 0.0150 0.0022 0.0003 1.0000 1.0000 0.3487 0.0523 0.0078 0.0012 1.0000 1.0000 1.0000 0.1978 0.0298 0.0045 0.0007 1.0000 1.0000 0.7532 0.1133 0.0173 0.0021
0.0161 0.1312 0.8605 1.0000 1.0000 0.0008 0.0051 0.0341 0.2264 1.0000 1.0000 0.0002 0.0014 0.0090 0.0595 0.3953 1.0000 1.0000 0.0004 0.0024 0.0164 0.1110 0.7561 1.0000 1.0000 0.0008 0.0054 0.0384 0.2744 1.0000 1.0000 0.0003 0.0024 0.0175 0.1302 0.9719 1.0000 1.0000 0.0013 0.0096 0.0725 0.5483 1.0000 1.0000 0.0007 0.0056 0.0426 0.3231 1.0000 1.0000 1.0000 1.0000 1.0000 0.3231 0.0426 0.0056 0.0007 1.0000 1.0000 0.5483 0.0725 0.0096 0.0013 1.0000 1.0000 0.9719 0.1302 0.0175 0.0024 0.0003 1.0000 1.0000 0.2744 0.0384 0.0054 0.0008 1.0000 1.0000 0.7561 0.1110 0.0164 0.0024 0.0004 1.0000 1.0000 0.3953 0.0595 0.0090 0.0014 0.0002 1.0000 1.0000 0.2264 0.0341 0.0051 0.0008 1.0000 1.0000 0.8605 0.1312 0.0161
0.1225 0.9981 1.0000 1.0000 0.0009 0.0059 0.0391 0.2592 1.0000 1.0000 0.0002 0.0015 0.0103 0.0681 0.4516 1.0000 1.0000 0.0004 0.0027 0.0183 0.1225 0.8268 1.0000 1.0000 0.0008 0.0056 0.0390 0.2744 1.0000 1.0000 0.0003 0.0022 0.0163 0.1200 0.8854 1.0000 1.0000 0.0011 0.0085 0.0642 0.4836 1.0000 1.0000 0.0006 0.0049 0.0372 0.2823 1.0000 1.0000 0.0004 0.0013 0.0004 1.0000 1.0000 0.2823 0.0372 0.0049 0.0006 1.0000 1.0000 0.4836 0.0642 0.0085 0.0011 1.0000 1.0000 0.8854 0.1200 0.0163 0.0022 0.0003 1.0000 1.0000 0.2744 0.0390 0.0056 0.0008 1.0000 1.0000 0.8268 0.1225 0.0183 0.0027 0.0004 1.0000 1.0000 0.4516 0.0681 0.0103 0.0015 0.0002 1.0000 1.0000 0.2592 0.0391 0.0059 0.0009 1.0000 1.0000 0.9981 0.1225
0.9303 1.0000 1.0000 0.0010 0.0067 0.0447 0.2966 1.0000 1.0000 0.0003 0.0018 0.0117 0.0779 0.5169 1.0000 1.0000 0.0005 0.0031 0.0206 0.1376 0.9215 1.0000 1.0000 0.0009 0.0060 0.0409 0.2829 1.0000 1.0000 0.0003 0.0022 0.0156 0.1131 0.8252 1.0000 1.0000 0.0010 0.0076 0.0571 0.4298 1.0000 1.0000 0.0006 0.0043 0.0325 0.2467 1.0000 1.0000 0.0003 0.0026 0.0088 0.0026 0.0003 1.0000 1.0000 0.2467 0.0325 0.0043 0.0006 1.0000 1.0000 0.4298 0.0571 0.0076 0.0010 1.0000 1.0000 0.8252 0.1131 0.0156 0.0022 0.0003 1.0000 1.0000 0.2829 0.0409 0.0060 0.0009 1.0000 1.0000 0.9215 0.1376 0.0206 0.0031 0.0005 1.0000 1.0000 0.5169 0.0779 0.0117 0.0018 0.0003 1.0000 1.0000 0.2966 0.0447 0.0067 0.0010 1.0000 1.0000 0.9303
1.0000 1.0000 0.0012 0.0077 0.0512 0.3395 1.0000 1.0000 0.0003 0.0020 0.0134 0.0892 0.5916 1.0000 1.0000 0.0005 0.0035 0.0234 0.1560 1.0000 1.0000 1.0000 0.0010 0.0065 0.0441 0.3012 1.0000 1.0000 0.0003 0.0022 0.0154 0.1097 0.7899 1.0000 1.0000 0.0009 0.0070 0.0517 0.3849 1.0000 1.0000 0.0005 0.0038 0.0285 0.2159 1.0000 1.0000 0.0003 0.0022 0.0170 0.0583 0.0170 0.0022 0.0003 1.0000 1.0000 0.2159 0.0285 0.0038 0.0005 1.0000 1.0000 0.3849 0.0517 0.0070 0.0009 1.0000 1.0000 0.7899 0.1097 0.0154 0.0022 0.0003 1.0000 1.0000 0.3012 0.0441 0.0065 0.0010 1.0000 1.0000 1.0000 0.1560 0.0234 0.0035 0.0005 1.0000 1.0000 0.5916 0.0892 0.0134 0.0020 0.0003 1.0000 1.0000 0.3395 0.0512 0.0077 0.0012 1.0000 1.0000
1.0000 0.0013 0.0088 0.0586 0.3886 1.0000 1.0000 0.0003 0.0023 0.0154 0.1021 0.6771 1.0000 1.0000 0.0006 0.0040 0.0268 0.1778 1.0000 1.0000 1.0000 0.0011 0.0072 0.0486 0.3281 1.0000 1.0000 0.0003 0.0022 0.0156 0.1097 0.7795 1.0000 1.0000 0.0009 0.0065 0.0477 0.3520 1.0000 1.0000 0.0004 0.0034 0.0253 0.1904 1.0000 1.0000 0.0003 0.0019 0.0148 0.1131 0.3871 0.1131 0.0148 0.0019 0.0003 1.0000 1.0000 0.1904 0.0253 0.0034 0.0004 1.0000 1.0000 0.3520 0.0477 0.0065 0.0009 1.0000 1.0000 0.7795 0.1097 0.0156 0.0022 0.0003 1.0000 1.0000 0.3281 0.0486 0.0072 0.0011 1.0000 1.0000 1.0000 0.1778 0.0268 0.0040 0.0006 1.0000 1.0000 0.6771 0.1021 0.0154 0.0023 0.0003 1.0000 1.0000 0.3886 0.0586 0.0088 0.0013 1.0000
0.0013 0.0102 0.0669 0.4448 1.0000 1.0000 0.0004 0.0027 0.0176 0.1168 0.7750 1.0000 1.0000 0.0007 0.0046 0.0307 0.2036 1.0000 1.0000 1.0000 0.0012 0.0082 0.0545 0.3650 1.0000 1.0000 0.0003 0.0024 0.0163 0.1131 0.7899 1.0000 1.0000 0.0009 0.0062 0.0451 0.3287 1.0000 1.0000 0.0004 0.0030 0.0226 0.1696 1.0000 1.0000 0.0002 0.0017 0.0128 0.0979 0.7504 1.0000 0.7504 0.0979 0.0128 0.0017 0.0002 1.0000 1.0000 0.1696 0.0226 0.0030 0.0004 1.0000 1.0000 0.3287 0.0451 0.0062 0.0009 1.0000 1.0000 0.7899 0.1131 0.0163 0.0024 0.0003 1.0000 1.0000 0.3650 0.0545 0.0082 0.0012 1.0000 1.0000 1.0000 0.2036 0.0307 0.0046 0.0007 1.0000 1.0000 0.7750 0.1168 0.0176 0.0027 0.0004 1.0000 1.0000 0.4448 0.0669 0.0102 0.0013
0.0095 0.0776 0.5081 1.0000 1.0000 0.0005 0.0030 0.0202 0.1337 0.8871 1.0000 1.0000 0.0008 0.0053 0.0351 0.2330 1.0000 1.0000 0.0002 0.0014 0.0092 0.0615 0.4106 1.0000 1.0000 0.0004 0.0026 0.0175 0.1200 0.8252 1.0000 1.0000 0.0009 0.0061 0.0437 0.3146 1.0000 1.0000 0.0004 0.0028 0.0205 0.1525 1.0000 1.0000 1.0000 0.0015 0.0112 0.0850 0.6494 1.0000 1.0000 1.0000 0.6494 0.0850 0.0112 0.0015 1.0000 1.0000 1.0000 0.1525 0.0205 0.0028 0.0004 1.0000 1.0000 0.3146 0.0437 0.0061 0.0009 1.0000 1.0000 0.8252 0.1200 0.0175 0.0026 0.0004 1.0000 1.0000 0.4106 0.0615 0.0092 0.0014 0.0002 1.0000 1.0000 0.2330 0.0351 0.0053 0.0008 1.0000 1.0000 0.8871 0.1337 0.0202 0.0030 0.0005 1.0000 1.0000 0.5081 0.0776 0.0095
0.0723 0.5882 1.0000 1.0000 0.0005 0.0035 0.0231 0.1530 1.0000 1.0000 1.0000 0.0009 0.0061 0.0402 0.2667 1.0000 1.0000 0.0002 0.0016 0.0106 0.0700 0.4656 1.0000 1.0000 0.0004 0.0029 0.0193 0.1302 0.8854 1.0000 1.0000 0.0009 0.0062 0.0437 0.3105 1.0000 1.0000 0.0004 0.0026 0.0189 0.1394 1.0000 1.0000 1.0000 0.0013 0.0100 0.0751 0.5674 1.0000 1.0000 0.0003 1.0000 1.0000 0.5674 0.0751 0.0100 0.0013 1.0000 1.0000 1.0000 0.1394 0.0189 0.0026 0.0004 1.0000 1.0000 0.3105 0.0437 0.0062 0.0009 1.0000 1.0000 0.8854 0.1302 0.0193 0.0029 0.0004 1.0000 1.0000 0.4656 0.0700 0.0106 0.0016 0.0002 1.0000 1.0000 0.2667 0.0402 0.0061 0.0009 1.0000 1.0000 1.0000 0.1530 0.0231 0.0035 0.0005 1.0000 1.0000 0.5882 0.0723
0.5493 1.0000 1.0000 0.0006 0.0040 0.0264 0.1752 1.0000 1.0000 1.0000 0.0010 0.0069 0.0460 0.3052 1.0000 1.0000 0.0003 0.0018 0.0121 0.0802 0.5318 1.0000 1.0000 0.0005 0.0032 0.0215 0.1443 0.9719 1.0000 1.0000 0.0009 0.0065 0.0451 0.3146 1.0000 1.0000 0.0003 0.0025 0.0179 0.1307 0.9572 1.0000 1.0000 0.0012 0.0089 0.0669 0.5033 1.0000 1.0000 0.0007 0.0023 0.0007 1.0000 1.0000 0.5033 0.0669 0.0089 0.0012 1.0000 1.0000 0.9572 0.1307 0.0179 0.0025 0.0003 1.0000 1.0000 0.3146 0.0451 0.0065 0.0009 1.0000 1.0000 0.9719 0.1443 0.0215 0.0032 0.0005 1.0000 1.0000 0.5318 0.0802 0.0121 0.0018 0.0003 1.0000 1.0000 0.3052 0.0460 0.0069 0.0010 1.0000 1.0000 1.0000 0.1752 0.0264 0.0040 0.0006 1.0000 1.0000 0.5493
1.0000 1.0000 0.0007 0.0046 0.0302 0.2005 1.0000 1.0000 1.0000 0.0012 0.0079 0.0527 0.3493 1.0000 1.0000 0.0003 0.0021 0.0138 0.0918 0.6087 1.0000 1.0000 0.0005 0.0036 0.0242 0.1620 1.0000 1.0000 1.0000 0.0010 0.0070 0.0477 0.3287 1.0000 1.0000 0.0003 0.0024 0.0174 0.1253 0.9058 1.0000 1.0000 0.0011 0.0081 0.0603 0.4499 1.0000 1.0000 0.0006 0.0045 0.0155 0.0045 0.0006 1.0000 1.0000 0.4499 0.0603 0.0081 0.0011 1.0000 1.0000 0.9058 0.1253 0.0174 0.0024 0.0003 1.0000 1.0000 0.3287 0.0477 0.0070 0.0010 1.0000 1.0000 1.0000 0.1620 0.0242 0.0036 0.0005 1.0000 1.0000 0.6087 0.0918 0.0138 0.0021 0.0003 1.0000 1.0000 0.3493 0.0527 0.0079 0.0012 1.0000 1.0000 1.0000 0.2005 0.0302 0.0046 0.0007 1.0000 1.0000
1.0000 0.0008 0.0052 0.0346 0.2295 1.0000 1.0000 0.0002 0.0014 0.0091 0.0603 0.3998 1.0000 1.0000 0.0004 0.0024 0.0158 0.1050 0.6967 1.0000 1.0000 0.0006 0.0042 0.0276 0.1833 1.0000 1.0000 1.0000 0.0011 0.0076 0.0517 0.3520 1.0000 1.0000 0.0004 0.0025 0.0174 0.1234 0.8820 1.0000 1.0000 0.0010 0.0075 0.0553 0.4091 1.0000 1.0000 0.0005 0.0040 0.0303 0.1034 0.0303 0.0040 0.0005 1.0000 1.0000 0.4091 0.0553 0.0075 0.0010 1.0000 1.0000 0.8820 0.1234 0.0174 0.0025 0.0004 1.0000 1.0000 0.3520 0.0517 0.0076 0.0011 1.0000 1.0000 1.0000 0.1833 0.0276 0.0042 0.0006 1.0000 1.0000 0.6967 0.1050 0.0158 0.0024 0.0004 1.0000 1.0000 0.3998 0.0603 0.0091 0.0014 0.0002 1.0000 1.0000 0.2295 0.0346 0.0052 0.0008 1.0000
0.0007 0.0060 0.0395 0.2626 1.0000 1.0000 0.0002 0.0016 0.0104 0.0690 0.4577 1.0000 1.0000 0.0004 0.0027 0.0181 0.1202 0.7975 1.0000 1.0000 0.0007 0.0048 0.0316 0.2094 1.0000 1.0000 1.0000 0.0013 0.0085 0.0571 0.3849 1.0000 1.0000 0.0004 0.0026 0.0179 0.1253 0.8820 1.0000 1.0000 0.0010 0.0071 0.0520 0.3798 1.0000 1.0000 0.0005 0.0035 0.0267 0.2028 0.6928 0.2028 0.0267 0.0035 0.0005 1.0000 1.0000 0.3798 0.0520 0.0071 0.0010 1.0000 1.0000 0.8820 0.1253 0.0179 0.0026 0.0004 1.0000 1.0000 0.3849 0.0571 0.0085 0.0013 1.0000 1.0000 1.0000 0.2094 0.0316 0.0048 0.0007 1.0000 1.0000 0.7975 0.1202 0.0181 0.0027 0.0004 1.0000 1.0000 0.4577 0.0690 0.0104 0.0016 0.0002 1.0000 1.0000 0.2626 0.0395 0.0060 0.0007
0.0056 0.0457 0.3000 1.0000 1.0000 0.0003 0.0018 0.0119 0.0790 0.5238 1.0000 1.0000 0.0005 0.0031 0.0207 0.1376 0.9128 1.0000 1.0000 0.0008 0.0054 0.0361 0.2397 1.0000 1.0000 0.0002 0.0014 0.0096 0.0642 0.4298 1.0000 1.0000 0.0004 0.0028 0.0189 0.1307 0.9058 1.0000 1.0000 0.0010 0.0069 0.0499 0.3608 1.0000 1.0000 0.0004 0.0032 0.0239 0.1799 1.0000 1.0000 1.0000 0.1799 0.0239 0.0032 0.0004 1.0000 1.0000 0.3608 0.0499 0.0069 0.0010 1.0000 1.0000 0.9058 0.1307 0.0189 0.0028 0.0004 1.0000 1.0000 0.4298 0.0642 0.0096 0.0014 0.0002 1.0000 1.0000 0.2397 0.0361 0.0054 0.0008 1.0000 1.0000 0.9128 0.1376 0.0207 0.0031 0.0005 1.0000 1.0000 0.5238 0.0790 0.0119 0.0018 0.0003 1.0000 1.0000 0.3000 0.0457 0.0056
0.0427 0.3480 1.0000 1.0000 0.0003 0.0021 0.0136 0.0904 0.5995 1.0000 1.0000 0.0005 0.0036 0.0237 0.1575 1.0000 1.0000 1.0000 0.0009 0.0062 0.0414 0.2744 1.0000 1.0000 0.0002 0.0016 0.0109 0.0725 0.4836 1.0000 1.0000 0.0004 0.0030 0.0205 0.1394 0.9572 1.0000 1.0000 0.0010 0.0069 0.0492 0.3513 1.0000 1.0000 0.0004 0.0030 0.0220 0.1623 1.0000 1.0000 1.0000 1.0000 1.0000 0.1623 0.0220 0.0030 0.0004 1.0000 1.0000 0.3513 0.0492 0.0069 0.0010 1.0000 1.0000 0.9572 0.1394 0.0205 0.0030 0.0004 1.0000 1.0000 0.4836 0.0725 0.0109 0.0016 0.0002 1.0000 1.0000 0.2744 0.0414 0.0062 0.0009 1.0000 1.0000 1.0000 0.1575 0.0237 0.0036 0.0005 1.0000 1.0000 0.5995 0.0904 0.0136 0.0021 0.0003 1.0000 1.0000 0.3480 0.0427
0.3244 1.0000 1.0000 0.0004 0.0023 0.0156 0.1034 0.6862 1.0000 1.0000 0.0006 0.0041 0.0272 0.1802 1.0000 1.0000 1.0000 0.0011 0.0071 0.0473 0.3141 1.0000 1.0000 0.0003 0.0019 0.0124 0.0825 0.5483 1.0000 1.0000 0.0005 0.0034 0.0226 0.1525 1.0000 1.0000 1.0000 0.0010 0.0071 0.0499 0.3513 1.0000 1.0000 0.0004 0.0028 0.0206 0.1510 1.0000 1.0000 1.0000 0.0007 1.0000 1.0000 1.0000 0.1510 0.0206 0.0028 0.0004 1.0000 1.0000 0.3513 0.0499 0.0071 0.0010 1.0000 1.0000 1.0000 0.1525 0.0226 0.0034 0.0005 1.0000 1.0000 0.5483 0.0825 0.0124 0.0019 0.0003 1.0000 1.0000 0.3141 0.0473 0.0071 0.0011 1.0000 1.0000 1.0000 0.1802 0.0272 0.0041 0.0006 1.0000 1.0000 0.6862 0.1034 0.0156 0.0023 0.0004 1.0000 1.0000 0.3244
1.0000 1.0000 0.0004 0.0027 0.0178 0.1184 0.7854 1.0000 1.0000 0.0007 0.0047 0.0311 0.2063 1.0000 1.0000 1.0000 0.0012 0.0082 0.0542 0.3595 1.0000 1.0000 0.0003 0.0021 0.0142 0.0944 0.6264 1.0000 1.0000 0.0006 0.0038 0.0253 0.1696 1.0000 1.0000 1.0000 0.0011 0.0075 0.0520 0.3608 1.0000 1.0000 0.0004 0.0028 0.0198 0.1435 1.0000 1.0000 1.0000 0.0013 0.0044 0.0013 1.0000 1.0000 1.0000 0.1435 0.0198 0.0028 0.0004 1.0000 1.0000 0.3608 0.0520 0.0075 0.0011 1.0000 1.0000 1.0000 0.1696 0.0253 0.0038 0.0006 1.0000 1.0000 0.6264 0.0944 0.0142 0.0021 0.0003 1.0000 1.0000 0.3595 0.0542 0.0082 0.0012 1.0000 1.0000 1.0000 0.2063 0.0311 0.0047 0.0007 1.0000 1.0000 0.7854 0.1184 0.0178 0.0027 0.0004 1.0000 1.0000
1.0000 0.0005 0.0031 0.0204 0.1355 0.8990 1.0000 1.0000 0.0008 0.0054 0.0356 0.2361 1.0000 1.0000 0.0002 0.0014 0.0093 0.0620 0.4114 1.0000 1.0000 0.0004 0.0025 0.0163 0.1081 0.7169 1.0000 1.0000 0.0006 0.0043 0.0285 0.1904 1.0000 1.0000 1.0000 0.0012 0.0081 0.0553 0.3798 1.0000 1.0000 0.0004 0.0028 0.0196 0.1400 1.0000 1.0000 1.0000 0.0012 0.0089 0.0302 0.0089 0.0012 1.0000 1.0000 1.0000 0.1400 0.0196 0.0028 0.0004 1.0000 1.0000 0.3798 0.0553 0.0081 0.0012 1.0000 1.0000 1.0000 0.1904 0.0285 0.0043 0.0006 1.0000 1.0000 0.7169 0.1081 0.0163 0.0025 0.0004 1.0000 1.0000 0.4114 0.0620 0.0093 0.0014 0.0002 1.0000 1.0000 0.2361 0.0356 0.0054 0.0008 1.0000 1.0000 0.8990 0.1355 0.0204 0.0031 0.0005 1.0000
0.0004 0.0036 0.0233 0.1551 1.0000 1.0000 1.0000 0.0009 0.0061 0.0407 0.2702 1.0000 1.0000 0.0002 0.0016 0.0107 0.0710 0.4709 1.0000 1.0000 0.0004 0.0028 0.0186 0.1237 0.8205 1.0000 1.0000 0.0007 0.0049 0.0325 0.2159 1.0000 1.0000 1.0000 0.0013 0.0089 0.0603 0.4091 1.0000 1.0000 0.0004 0.0028 0.0198 0.1400 0.9905 1.0000 1.0000 0.0011 0.0083 0.0614 0.2075 0.0614 0.0083 0.0011 1.0000 1.0000 0.9905 0.1400 0.0198 0.0028 0.0004 1.0000 1.0000 0.4091 0.0603 0.0089 0.0013 1.0000 1.0000 1.0000 0.2159 0.0325 0.0049 0.0007 1.0000 1.0000 0.8205 0.1237 0.0186 0.0028 0.0004 1.0000 1.0000 0.4709 0.0710 0.0107 0.0016 0.0002 1.0000 1.0000 0.2702 0.0407 0.0061 0.0009 1.0000 1.0000 1.0000 0.1551 0.0233 0.0036 0.0004
0.0033 0.0271 0.1772 1.0000 1.0000 1.0000 0.0011 0.0070 0.0466 0.3093 1.0000 1.0000 0.0003 0.0018 0.0122 0.0812 0.5390 1.0000 1.0000 0.0005 0.0032 0.0213 0.1416 0.9392 1.0000 1.0000 0.0008 0.0056 0.0372 0.2467 1.0000 1.0000 0.0002 0.0015 0.0100 0.0669 0.4499 1.0000 1.0000 0.0004 0.0030 0.0206 0.1435 1.0000 1.0000 1.0000 0.0011 0.0079 0.0577 0.4249 1.0000 0.4249 0.0577 0.0079 0.0011 1.0000 1.0000 1.0000 0.1435 0.0206 0.0030 0.0004 1.0000 1.0000 0.4499 0.0669 0.0100 0.0015 0.0002 1.0000 1.0000 0.2467 0.0372 0.0056 0.0008 1.0000 1.0000 0.9392 0.1416 0.0213 0.0032 0.0005 1.0000 1.0000 0.5390 0.0812 0.0122 0.0018 0.0003 1.0000 1.0000 0.3093 0.0466 0.0070 0.0011 1.0000 1.0000 1.0000 0.1772 0.0271 0.0033
0.0252 0.2051 1.0000 1.0000 1.0000 0.0012 0.0080 0.0534 0.3540 1.0000 1.0000 0.0003 0.0021 0.0140 0.0930 0.6169 1.0000 1.0000 0.0006 0.0037 0.0244 0.1620 1.0000 1.0000 1.0000 0.0010 0.0064 0.0426 0.2823 1.0000 1.0000 0.0003 0.0017 0.0112 0.0751 0.5033 1.0000 1.0000 0.0005 0.0032 0.0220 0.1510 1.0000 1.0000 1.0000 0.0011 0.0078 0.0557 0.4037 1.0000 1.0000 1.0000 0.4037 0.0557 0.0078 0.0011 1.0000 1.0000 1.0000 0.1510 0.0220 0.0032 0.0005 1.0000 1.0000 0.5033 0.0751 0.0112 0.0017 0.0003 1.0000 1.0000 0.2823 0.0426 0.0064 0.0010 1.0000 1.0000 1.0000 0.1620 0.0244 0.0037 0.0006 1.0000 1.0000 0.6169 0.0930 0.0140 0.0021 0.0003 1.0000 1.0000 0.3540 0.0534 0.0080 0.0012 1.0000 1.0000 1.0000 0.2051 0.0252
0.1915 1.0000 1.0000 0.0002 0.0014 0.0092 0.0611 0.4052 1.0000 1.0000 0.0004 0.0024 0.0160 0.1064 0.7061 1.0000 1.0000 0.0006 0.0042 0.0280 0.1854 1.0000 1.0000 1.0000 0.0011 0.0073 0.0487 0.3231 1.0000 1.0000 0.0003 0.0019 0.0128 0.0850 0.5674 1.0000 1.0000 0.0005 0.0035 0.0239 0.1623 1.0000 1.0000 1.0000 0.0011 0.0079 0.0557 0.3946 1.0000 1.0000 1.0000 1.0000 1.0000 0.3946 0.0557 0.0079 0.0011 1.0000 1.0000 1.0000 0.1623 0.0239 0.0035 0.0005 1.0000 1.0000 0.5674 0.0850 0.0128 0.0019 0.0003 1.0000 1.0000 0.3231 0.0487 0.0073 0.0011 1.0000 1.0000 1.0000 0.1854 0.0280 0.0042 0.0006 1.0000 1.0000 0.7061 0.1064 0.0160 0.0024 0.0004 1.0000 1.0000 0.4052 0.0611 0.0092 0.0014 0.0002 1.0000 1.0000 0.1915
1.0000 1.0000 0.0002 0.0016 0.0106 0.0704 0.4673 1.0000 1.0000 0.0004 0.0028 0.0185 0.1227 0.8143 1.0000 1.0000 0.0007 0.0049 0.0322 0.2139 1.0000 1.0000 1.0000 0.0013 0.0085 0.0562 0.3727 1.0000 1.0000 0.0003 0.0022 0.0148 0.0979 0.6494 1.0000 1.0000 0.0006 0.0040 0.0267 0.1799 1.0000 1.0000 1.0000 0.0012 0.0083 0.0577 0.4037 1.0000 1.0000 0.0005 0.0015 0.0005 1.0000 1.0000 0.4037 0.0577 0.0083 0.0012 1.0000 1.0000 1.0000 0.1799 0.0267 0.0040 0.0006 1.0000 1.0000 0.6494 0.0979 0.0148 0.0022 0.0003 1.0000 1.0000 0.3727 0.0562 0.0085 0.0013 1.0000 1.0000 1.0000 0.2139 0.0322 0.0049 0.0007 1.0000 1.0000 0.8143 0.1227 0.0185 0.0028 0.0004 1.0000 1.0000 0.4673 0.0704 0.0106 0.0016 0.0002 1.0000 1.0000
1.0000 0.0003 0.0018 0.0123 0.0814 0.5400 1.0000 1.0000 0.0005 0.0032 0.0214 0.1418 0.9410 1.0000 1.0000 0.0008 0.0056 0.0372 0.2471 1.0000 1.0000 0.0002 0.0015 0.0098 0.0649 0.4306 1.0000 1.0000 0.0004 0.0026 0.0170 0.1131 0.7504 1.0000 1.0000 0.0007 0.0045 0.0303 0.2028 1.0000 1.0000 1.0000 0.0013 0.0089 0.0614 0.4249 1.0000 1.0000 0.0005 0.0033 0.0109 0.0033 0.0005 1.0000 1.0000 0.4249 0.0614 0.0089 0.0013 1.0000 1.0000 1.0000 0.2028 0.0303 0.0045 0.0007 1.0000 1.0000 0.7504 0.1131 0.0170 0.0026 0.0004 1.0000 1.0000 0.4306 0.0649 0.0098 0.0015 0.0002 1.0000 1.0000 0.2471 0.0372 0.0056 0.0008 1.0000 1.0000 0.9410 0.1418 0.0214 0.0032 0.0005 1.0000 1.0000 0.5400 0.0814 0.0123 0.0018 0.0003 1.0000
1.0000 0.0010 0.0063 0.0420 0.2786 1.0000 1.0000 0.0003 0.0017 0.0110 0.0732 0.4854 1.0000 1.0000 0.0004 0.0029 0.0192 0.1275 0.8459 1.0000 1.0000 0.0008 0.0050 0.0335 0.2222 1.0000 1.0000 1.0000 0.0013 0.0088 0.0583 0.3871 1.0000 1.0000 0.0003 0.0023 0.0155 0.1034 0.6928 1.0000 1.0000 0.0007 0.0044 0.0302 0.2075 1.0000 1.0000 1.0000 0.0015 0.0109 0.0339 0.0109 0.0015 1.0000 1.0000 1.0000 0.2075 0.0302 0.0044 0.0007 1.0000 1.0000 0.6928 0.1034 0.0155 0.0023 0.0003 1.0000 1.0000 0.3871 0.0583 0.0088 0.0013 1.0000 1.0000 1.0000 0.2222 0.0335 0.0050 0.0008 1.0000 1.0000 0.8459 0.1275 0.0192 0.0029 0.0004 1.0000 1.0000 0.4854 0.0732 0.0110 0.0017 0.0003 1.0000 1.0000 0.2786 0.0420 0.0063 0.0010 1.0000
1.0000 0.0003 0.0018 0.0123 0.0814 0.5400 1.0000 1.0000 0.0005 0.0032 0.0214 0.1418 0.9410 1.0000 1.0000 0.0008 0.0056 0.0372 0.2471 1.0000 1.0000 0.0002 0.0015 0.0098 0.0649 0.4306 1.0000 1.0000 0.0004 0.0026 0.0170 0.1131 0.7504 1.0000 1.0000 0.0007 0.0045 0.0303 0.2028 1.0000 1.0000 1.0000 0.0013 0.0089 0.0614 0.4249 1.0000 1.0000 0.0005 0.0033 0.0109 0.0033 0.0005 1.0000 1.0000 0.4249 0.0614 0.0089 0.0013 1.0000 1.0000 1.0000 0.2028 0.0303 0.0045 0.0007 1.0000 1.0000 0.7504 0.1131 0.0170 0.0026 0.0004 1.0000 1.0000 0.4306 0.0649 0.0098 0.0015 0.0002 1.0000 1.0000 0.2471 0.0372 0.0056 0.0008 1.0000 1.0000 0.9410 0.1418 0.0214 0.0032 0.0005 1.0000 1.0000 0.5400 0.0814 0.0123 0.0018 0.0003 1.0000
1.0000 1.0000 0.0002 0.0016 0.0106 0.0704 0.4673 1.0000 1.0000 0.0004 0.0028 0.0185 0.1227 0.8143 1.0000 1.0000 0.0007 0.0049 0.0322 0.2139 1.0000 1.0000 1.0000 0.0013 0.0085 0.0562 0.3727 1.0000 1.0000 0.0003 0.0022 0.0148 0.0979 0.6494 1.0000 1.0000 0.0006 0.0040 0.0267 0.1799 1.0000 1.0000 1.0000 0.0012 0.0083 0.0577 0.4037 1.0000 1.0000 0.0005 0.0015 0.0005 1.0000 1.0000 0.4037 0.0577 0.0083 0.0012 1.0000 1.0000 1.0000 0.1799 0.0267 0.0040 0.0006 1.0000 1.0000 0.6494 0.0979 0.0148 0.0022 0.0003 1.0000 1.0000 0.3727 0.0562 0.0085 0.0013 1.0000 1.0000 1.0000 0.2139 0.0322 0.0049 0.0007 1.0000 1.0000 0.8143 0.1227 0.0185 0.0028 0.0004 1.0000 1.0000 0.4673 0.0704 0.0106 0.0016 0.0002 1.0000 1.0000
0.1915 1.0000 1.0000 0.0002 0.0014 0.0092 0.0611 0.4052 1.0000 1.0000 0.0004 0.0024 0.0160 0.1064 0.7061 1.0000 1.0000 0.0006 0.0042 0.0280 0.1854 1.0000 1.0000 1.0000 0.0011 0.0073 0.0487 0.3231 1.0000 1.0000 0.0003 0.0019 0.0128 0.0850 0.5674 1.0000 1.0000 0.0005 0.0035 0.0239 0.1623 1.0000 1.0000 1.0000 0.0011 0.0079 0.0557 0.3946 1.0000 1.0000 1.0000 1.0000 1.0000 0.3946 0.0557 0.0079 0.0011 1.0000 1.0000 1.0000 0.1623 0.0239 0.0035 0.0005 1.0000 1.0000 0.5674 0.0850 0.0128 0.0019 0.0003 1.0000 1.0000 0.3231 0.0487 0.0073 0.0011 1.0000 1.0000 1.0000 0.1854 0.0280 0.0042 0.0006 1.0000 1.0000 0.7061 0.1064 0.0160 0.0024 0.0004 1.0000 1.0000 0.4052 0.0611 0.0092 0.0014 0.0002 1.0000 1.0000 0.1915
0.0252 0.2051 1.0000 1.0000 1.0000 0.0012 0.0080 0.0534 0.3540 1.0000 1.0000 0.0003 0.0021 0.0140 0.0930 0.6169 1.0000 1.0000 0.0006 0.0037 0.0244 0.1620 1.0000 1.0000 1.0000 0.0010 0.0064 0.0426 0.2823 1.0000 1.0000 0.0003 0.0017 0.0112 0.0751 0.5033 1.0000 1.0000 0.0005 0.0032 0.0220 0.1510 1.0000 1.0000 1.0000 0.0011 0.0078 0.0557 0.4037 1.0000 1.0000 1.0000 0.4037 0.0557 0.0078 0.0011 1.0000 1.0000 1.0000 0.1510 0.0220 0.0032 0.0005 1.0000 1.0000 0.5033 0.0751 0.0112 0.0017 0.0003 1.0000 1.0000 0.2823 0.0426 0.0064 0.0010 1.0000 1.0000 1.0000 0.1620 0.0244 0.0037 0.0006 1.0000 1.0000 0.6169 0.0930 0.0140 0.0021 0.0003 1.0000 1.0000 0.3540 0.0534 0.0080 0.0012 1.0000 1.0000 1.0000 0.2051 0.0252
0.0033 0.0271 0.1772 1.0000 1.0000 1.0000 0.0011 0.0070 0.0466 0.3093 1.0000 1.0000 0.0003 0.0018 0.0122 0.0812 0.5390 1.0000 1.0000 0.0005 0.0032 0.0213 0.1416 0.9392 1.0000 1.0000 0.0008 0.0056 0.0372 0.2467 1.0000 1.0000 0.0002 0.0015 0.0100 0.0669 0.4499 1.0000 1.0000 0.0004 0.0030 0.0206 0.1435 1.0000 1.0000 1.0000 0.0011 0.0079 0.0577 0.4249 1.0000 0.4249 0.0577 0.0079 0.0011 1.0000 1.0000 1.0000 0.1435 0.0206 0.0030 0.0004 1.0000 1.0000 0.4499 0.0669 0.0100 0.0015 0.0002 1.0000 1.0000 0.2467 0.0372 0.0056 0.0008 1.0000 1.0000 0.9392 0.1416 0.0213 0.0032 0.0005 1.0000 1.0000 0.5390 0.0812 0.0122 0.0018 0.0003 1.0000 1.0000 0.3093 0.0466 0.0070 0.0011 1.0000 1.0000 1.0000 0.1772 0.0271 0.0033
