0.2122 0.2516 0.3628 0.4838 0.4261 0.2125 0.1820 0.2309 0.3294 0.4666 0.4570 0.2669 0.1785 0.2137 0.2989 0.4333 0.4764 0.3317 0.1807 0.1997 0.2718 0.3946 0.4855 0.3882 0.1908 0.1888 0.2482 0.3578 0.4823 0.4316 0.2188 0.1811 0.2281 0.3245 0.4623 0.4606 0.2768 0.1784 0.2114 0.2945 0.4276 0.4785 0.3410 0.1816 0.1979 0.2680 0.3888 0.4859 0.3954 0.1940 0.1734 0.1940 0.3954 0.4859 0.3888 0.2680 0.1979 0.1816 0.3410 0.4785 0.4276 0.2945 0.2114 0.1784 0.2768 0.4606 0.4623 0.3245 0.2281 0.1811 0.2188 0.4316 0.4823 0.3578 0.2482 0.1888 0.1908 0.3882 0.4855 0.3946 0.2718 0.1997 0.1807 0.3317 0.4764 0.4333 0.2989 0.2137 0.1785 0.2669 0.4570 0.4666 0.3294 0.2309 0.1820 0.2125 0.4261 0.4838 0.3628 0.2516 0.2122
0.2516 0.3661 0.4865 0.4259 0.2002 0.1568 0.2145 0.3241 0.4705 0.4568 0.2656 0.1529 0.1948 0.2903 0.4366 0.4764 0.3336 0.1566 0.1785 0.2602 0.3953 0.4864 0.3902 0.1705 0.1652 0.2339 0.3553 0.4849 0.4321 0.2093 0.1556 0.2112 0.3187 0.4663 0.4604 0.2765 0.1530 0.1921 0.2855 0.4305 0.4786 0.3430 0.1579 0.1763 0.2560 0.3890 0.4870 0.3975 0.1740 0.1605 0.1888 0.1605 0.1740 0.3975 0.4870 0.3890 0.2560 0.1763 0.1579 0.3430 0.4786 0.4305 0.2855 0.1921 0.1530 0.2765 0.4604 0.4663 0.3187 0.2112 0.1556 0.2093 0.4321 0.4849 0.3553 0.2339 0.1652 0.1705 0.3902 0.4864 0.3953 0.2602 0.1785 0.1566 0.3336 0.4764 0.4366 0.2903 0.1948 0.1529 0.2656 0.4568 0.4705 0.3241 0.2145 0.1568 0.2002 0.4259 0.4865 0.3661 0.2516
0.3628 0.4865 0.4295 0.2091 0.1553 0.2095 0.3150 0.4624 0.4623 0.2835 0.1530 0.1901 0.2816 0.4250 0.4794 0.3494 0.1588 0.1746 0.2526 0.3837 0.4865 0.4026 0.1770 0.1622 0.2273 0.3448 0.4810 0.4404 0.2251 0.1541 0.2057 0.3092 0.4572 0.4656 0.2944 0.1534 0.1875 0.2770 0.4188 0.4811 0.3583 0.1606 0.1725 0.2485 0.3776 0.4866 0.4093 0.1818 0.1607 0.2200 0.2768 0.2200 0.1607 0.1818 0.4093 0.4866 0.3776 0.2485 0.1725 0.1606 0.3583 0.4811 0.4188 0.2770 0.1875 0.1534 0.2944 0.4656 0.4572 0.3092 0.2057 0.1541 0.2251 0.4404 0.4810 0.3448 0.2273 0.1622 0.1770 0.4026 0.4865 0.3837 0.2526 0.1746 0.1588 0.3494 0.4794 0.4250 0.2816 0.1901 0.1530 0.2835 0.4623 0.4624 0.3150 0.2095 0.1553 0.2091 0.4295 0.4865 0.3628
0.4838 0.4259 0.2091 0.1549 0.2068 0.3087 0.4555 0.4671 0.3002 0.1537 0.1859 0.2740 0.4146 0.4822 0.3643 0.1619 0.1712 0.2458 0.3735 0.4866 0.4138 0.1856 0.1595 0.2215 0.3354 0.4769 0.4479 0.2422 0.1533 0.2007 0.3006 0.4483 0.4705 0.3118 0.1544 0.1834 0.2694 0.4083 0.4836 0.3727 0.1641 0.1692 0.2419 0.3675 0.4862 0.4199 0.1920 0.1581 0.2185 0.3286 0.4189 0.3286 0.2185 0.1581 0.1920 0.4199 0.4862 0.3675 0.2419 0.1692 0.1641 0.3727 0.4836 0.4083 0.2694 0.1834 0.1544 0.3118 0.4705 0.4483 0.3006 0.2007 0.1533 0.2422 0.4479 0.4769 0.3354 0.2215 0.1595 0.1856 0.4138 0.4866 0.3735 0.2458 0.1712 0.1619 0.3643 0.4822 0.4146 0.2740 0.1859 0.1537 0.3002 0.4671 0.4555 0.3087 0.2068 0.1549 0.2091 0.4259 0.4838
0.4261 0.2002 0.1553 0.2068 0.3063 0.4510 0.4704 0.3139 0.1547 0.1822 0.2668 0.4042 0.4844 0.3782 0.1659 0.1679 0.2392 0.3634 0.4857 0.4239 0.1969 0.1572 0.2158 0.3262 0.4714 0.4546 0.2602 0.1529 0.1960 0.2923 0.4386 0.4748 0.3286 0.1559 0.1795 0.2620 0.3976 0.4853 0.3862 0.1688 0.1661 0.2354 0.3576 0.4847 0.4293 0.2048 0.1560 0.2126 0.3213 0.4669 0.4783 0.4669 0.3213 0.2126 0.1560 0.2048 0.4293 0.4847 0.3576 0.2354 0.1661 0.1688 0.3862 0.4853 0.3976 0.2620 0.1795 0.1559 0.3286 0.4748 0.4386 0.2923 0.1960 0.1529 0.2602 0.4546 0.4714 0.3262 0.2158 0.1572 0.1969 0.4239 0.4857 0.3634 0.2392 0.1679 0.1659 0.3782 0.4844 0.4042 0.2668 0.1822 0.1547 0.3139 0.4704 0.4510 0.3063 0.2068 0.1553 0.2002 0.4261
0.2125 0.1568 0.2095 0.3087 0.4510 0.4716 0.3217 0.1557 0.1793 0.2607 0.3947 0.4858 0.3908 0.1709 0.1648 0.2329 0.3536 0.4838 0.4329 0.2107 0.1554 0.2104 0.3171 0.4645 0.4607 0.2783 0.1529 0.1914 0.2842 0.4284 0.4784 0.3446 0.1580 0.1758 0.2548 0.3871 0.4864 0.3988 0.1748 0.1631 0.2292 0.3478 0.4821 0.4379 0.2200 0.1545 0.2073 0.3120 0.4602 0.4617 0.3838 0.4617 0.4602 0.3120 0.2073 0.1545 0.2200 0.4379 0.4821 0.3478 0.2292 0.1631 0.1748 0.3988 0.4864 0.3871 0.2548 0.1758 0.1580 0.3446 0.4784 0.4284 0.2842 0.1914 0.1529 0.2783 0.4607 0.4645 0.3171 0.2104 0.1554 0.2107 0.4329 0.4838 0.3536 0.2329 0.1648 0.1709 0.3908 0.4858 0.3947 0.2607 0.1793 0.1557 0.3217 0.4716 0.4510 0.3087 0.2095 0.1568 0.2125
0.1820 0.2145 0.3150 0.4555 0.4704 0.3217 0.1561 0.1778 0.2565 0.3872 0.4865 0.4016 0.1769 0.1621 0.2270 0.3440 0.4808 0.4411 0.2267 0.1540 0.2052 0.3084 0.4564 0.4661 0.2961 0.1535 0.1871 0.2763 0.4178 0.4814 0.3598 0.1609 0.1722 0.2479 0.3767 0.4867 0.4104 0.1827 0.1603 0.2233 0.3383 0.4784 0.4456 0.2368 0.1535 0.2023 0.3033 0.4512 0.4686 0.3121 0.1701 0.3121 0.4686 0.4512 0.3033 0.2023 0.1535 0.2368 0.4456 0.4784 0.3383 0.2233 0.1603 0.1827 0.4104 0.4867 0.3767 0.2479 0.1722 0.1609 0.3598 0.4814 0.4178 0.2763 0.1871 0.1535 0.2961 0.4661 0.4564 0.3084 0.2052 0.1540 0.2267 0.4411 0.4808 0.3440 0.2270 0.1621 0.1769 0.4016 0.4865 0.3872 0.2565 0.1778 0.1561 0.3217 0.4704 0.4555 0.3150 0.2145 0.1820
0.2309 0.3241 0.4624 0.4671 0.3139 0.1557 0.1778 0.2550 0.3830 0.4867 0.4095 0.1834 0.1598 0.2217 0.3353 0.4767 0.4484 0.2439 0.1532 0.2003 0.2998 0.4474 0.4710 0.3135 0.1545 0.1830 0.2687 0.4072 0.4838 0.3741 0.1645 0.1689 0.2413 0.3665 0.4861 0.4208 0.1931 0.1578 0.2176 0.3290 0.4732 0.4526 0.2546 0.1529 0.1974 0.2948 0.4416 0.4735 0.3230 0.1540 0.1543 0.1540 0.3230 0.4735 0.4416 0.2948 0.1974 0.1529 0.2546 0.4526 0.4732 0.3290 0.2176 0.1578 0.1931 0.4208 0.4861 0.3665 0.2413 0.1689 0.1645 0.3741 0.4838 0.4072 0.2687 0.1830 0.1545 0.3135 0.4710 0.4474 0.2998 0.2003 0.1532 0.2439 0.4484 0.4767 0.3353 0.2217 0.1598 0.1834 0.4095 0.4867 0.3830 0.2550 0.1778 0.1557 0.3139 0.4671 0.4624 0.3241 0.2309
0.3294 0.4705 0.4623 0.3002 0.1547 0.1793 0.2565 0.3830 0.4867 0.4137 0.1887 0.1582 0.2175 0.3277 0.4718 0.4546 0.2609 0.1529 0.1956 0.2915 0.4376 0.4751 0.3302 0.1561 0.1791 0.2613 0.3966 0.4855 0.3875 0.1693 0.1657 0.2348 0.3566 0.4845 0.4302 0.2062 0.1559 0.2121 0.3199 0.4668 0.4589 0.2727 0.1528 0.1928 0.2867 0.4316 0.4773 0.3397 0.1573 0.1735 0.2087 0.1735 0.1573 0.3397 0.4773 0.4316 0.2867 0.1928 0.1528 0.2727 0.4589 0.4668 0.3199 0.2121 0.1559 0.2062 0.4302 0.4845 0.3566 0.2348 0.1657 0.1693 0.3875 0.4855 0.3966 0.2613 0.1791 0.1561 0.3302 0.4751 0.4376 0.2915 0.1956 0.1529 0.2609 0.4546 0.4718 0.3277 0.2175 0.1582 0.1887 0.4137 0.4867 0.3830 0.2565 0.1793 0.1547 0.3002 0.4623 0.4705 0.3294
0.4666 0.4568 0.2835 0.1537 0.1822 0.2607 0.3872 0.4867 0.4137 0.1908 0.1574 0.2147 0.3219 0.4670 0.4596 0.2765 0.1529 0.1914 0.2837 0.4275 0.4787 0.3461 0.1583 0.1754 0.2541 0.3860 0.4864 0.4000 0.1755 0.1628 0.2286 0.3469 0.4818 0.4387 0.2216 0.1544 0.2068 0.3111 0.4590 0.4645 0.2906 0.1532 0.1884 0.2787 0.4211 0.4805 0.3551 0.1599 0.1735 0.2464 0.3134 0.2464 0.1735 0.1599 0.3551 0.4805 0.4211 0.2787 0.1884 0.1532 0.2906 0.4645 0.4590 0.3111 0.2068 0.1544 0.2216 0.4387 0.4818 0.3469 0.2286 0.1628 0.1755 0.4000 0.4864 0.3860 0.2541 0.1754 0.1583 0.3461 0.4787 0.4275 0.2837 0.1914 0.1529 0.2765 0.4596 0.4670 0.3219 0.2147 0.1574 0.1908 0.4137 0.4867 0.3872 0.2607 0.1822 0.1537 0.2835 0.4568 0.4666
0.4570 0.2656 0.1530 0.1859 0.2668 0.3947 0.4865 0.4095 0.1887 0.1574 0.2137 0.3187 0.4632 0.4631 0.2892 0.1533 0.1877 0.2767 0.4177 0.4815 0.3609 0.1612 0.1719 0.2473 0.3757 0.4866 0.4115 0.1836 0.1600 0.2227 0.3374 0.4779 0.4463 0.2385 0.1534 0.2018 0.3024 0.4502 0.4695 0.3082 0.1541 0.1843 0.2710 0.4105 0.4831 0.3697 0.1633 0.1700 0.2437 0.3698 0.4590 0.3698 0.2437 0.1700 0.1633 0.3697 0.4831 0.4105 0.2710 0.1843 0.1541 0.3082 0.4695 0.4502 0.3024 0.2018 0.1534 0.2385 0.4463 0.4779 0.3374 0.2227 0.1600 0.1836 0.4115 0.4866 0.3757 0.2473 0.1719 0.1612 0.3609 0.4815 0.4177 0.2767 0.1877 0.1533 0.2892 0.4631 0.4632 0.3187 0.2137 0.1574 0.1887 0.4095 0.4865 0.3947 0.2668 0.1859 0.1530 0.2656 0.4570
0.2669 0.1529 0.1901 0.2740 0.4042 0.4858 0.4016 0.1834 0.1582 0.2147 0.3187 0.4618 0.4649 0.2977 0.1538 0.1848 0.2707 0.4088 0.4837 0.3740 0.1647 0.1687 0.2407 0.3656 0.4860 0.4218 0.1943 0.1576 0.2170 0.3281 0.4727 0.4532 0.2563 0.1529 0.1970 0.2940 0.4407 0.4739 0.3251 0.1555 0.1803 0.2635 0.3999 0.4850 0.3834 0.1677 0.1667 0.2368 0.3601 0.4834 0.4640 0.4834 0.3601 0.2368 0.1667 0.1677 0.3834 0.4850 0.3999 0.2635 0.1803 0.1555 0.3251 0.4739 0.4407 0.2940 0.1970 0.1529 0.2563 0.4532 0.4727 0.3281 0.2170 0.1576 0.1943 0.4218 0.4860 0.3656 0.2407 0.1687 0.1647 0.3740 0.4837 0.4088 0.2707 0.1848 0.1538 0.2977 0.4649 0.4618 0.3187 0.2147 0.1582 0.1834 0.4016 0.4858 0.4042 0.2740 0.1901 0.1529 0.2669
0.1785 0.1948 0.2816 0.4146 0.4844 0.3908 0.1769 0.1598 0.2175 0.3219 0.4632 0.4649 0.3008 0.1541 0.1829 0.2664 0.4015 0.4851 0.3850 0.1688 0.1658 0.2347 0.3560 0.4843 0.4310 0.2076 0.1557 0.2115 0.3190 0.4660 0.4595 0.2744 0.1529 0.1924 0.2859 0.4306 0.4777 0.3413 0.1575 0.1765 0.2563 0.3893 0.4862 0.3962 0.1734 0.1637 0.2305 0.3499 0.4828 0.4348 0.3258 0.4348 0.4828 0.3499 0.2305 0.1637 0.1734 0.3962 0.4862 0.3893 0.2563 0.1765 0.1575 0.3413 0.4777 0.4306 0.2859 0.1924 0.1529 0.2744 0.4595 0.4660 0.3190 0.2115 0.1557 0.2076 0.4310 0.4843 0.3560 0.2347 0.1658 0.1688 0.3850 0.4851 0.4015 0.2664 0.1829 0.1541 0.3008 0.4649 0.4632 0.3219 0.2175 0.1598 0.1769 0.3908 0.4844 0.4146 0.2816 0.1948 0.1785
0.2137 0.2903 0.4250 0.4822 0.3782 0.1709 0.1621 0.2217 0.3277 0.4670 0.4631 0.2977 0.1541 0.1823 0.2641 0.3967 0.4858 0.3936 0.1732 0.1634 0.2293 0.3473 0.4818 0.4391 0.2228 0.1543 0.2063 0.3102 0.4582 0.4650 0.2924 0.1533 0.1880 0.2779 0.4201 0.4808 0.3566 0.1602 0.1730 0.2494 0.3789 0.4867 0.4081 0.1808 0.1609 0.2245 0.3403 0.4793 0.4436 0.2384 0.1498 0.2384 0.4436 0.4793 0.3403 0.2245 0.1609 0.1808 0.4081 0.4867 0.3789 0.2494 0.1730 0.1602 0.3566 0.4808 0.4201 0.2779 0.1880 0.1533 0.2924 0.4650 0.4582 0.3102 0.2063 0.1543 0.2228 0.4391 0.4818 0.3473 0.2293 0.1634 0.1732 0.3936 0.4858 0.3967 0.2641 0.1823 0.1541 0.2977 0.4631 0.4670 0.3277 0.2217 0.1621 0.1709 0.3782 0.4822 0.4250 0.2903 0.2137
0.2989 0.4366 0.4794 0.3643 0.1659 0.1648 0.2270 0.3353 0.4718 0.4596 0.2892 0.1538 0.1829 0.2641 0.3950 0.4862 0.3992 0.1770 0.1616 0.2249 0.3396 0.4785 0.4459 0.2385 0.1534 0.2014 0.3017 0.4494 0.4700 0.3099 0.1542 0.1839 0.2703 0.4095 0.4833 0.3711 0.1637 0.1696 0.2426 0.3686 0.4863 0.4187 0.1907 0.1583 0.2187 0.3309 0.4744 0.4512 0.2502 0.1509 0.1660 0.1509 0.2502 0.4512 0.4744 0.3309 0.2187 0.1583 0.1907 0.4187 0.4863 0.3686 0.2426 0.1696 0.1637 0.3711 0.4833 0.4095 0.2703 0.1839 0.1542 0.3099 0.4700 0.4494 0.3017 0.2014 0.1534 0.2385 0.4459 0.4785 0.3396 0.2249 0.1616 0.1770 0.3992 0.4862 0.3950 0.2641 0.1829 0.1538 0.2892 0.4596 0.4718 0.3353 0.2270 0.1648 0.1659 0.3643 0.4794 0.4366 0.2989
0.4333 0.4764 0.3494 0.1619 0.1679 0.2329 0.3440 0.4767 0.4546 0.2765 0.1533 0.1848 0.2664 0.3967 0.4862 0.4010 0.1794 0.1604 0.2217 0.3335 0.4749 0.4515 0.2535 0.1529 0.1970 0.2938 0.4401 0.4742 0.3266 0.1557 0.1799 0.2628 0.3988 0.4852 0.3847 0.1682 0.1664 0.2362 0.3587 0.4849 0.4283 0.2032 0.1562 0.2132 0.3218 0.4682 0.4576 0.2688 0.1529 0.1901 0.2336 0.1901 0.1529 0.2688 0.4576 0.4682 0.3218 0.2132 0.1562 0.2032 0.4283 0.4849 0.3587 0.2362 0.1664 0.1682 0.3847 0.4852 0.3988 0.2628 0.1799 0.1557 0.3266 0.4742 0.4401 0.2938 0.1970 0.1529 0.2535 0.4515 0.4749 0.3335 0.2217 0.1604 0.1794 0.4010 0.4862 0.3967 0.2664 0.1848 0.1533 0.2765 0.4546 0.4767 0.3440 0.2329 0.1679 0.1619 0.3494 0.4764 0.4333
0.4764 0.3336 0.1588 0.1712 0.2392 0.3536 0.4808 0.4484 0.2609 0.1529 0.1877 0.2707 0.4015 0.4858 0.3992 0.1794 0.1600 0.2201 0.3296 0.4718 0.4557 0.2665 0.1528 0.1932 0.2866 0.4308 0.4777 0.3421 0.1577 0.1762 0.2556 0.3882 0.4863 0.3974 0.1740 0.1634 0.2299 0.3489 0.4825 0.4370 0.2182 0.1547 0.2079 0.3129 0.4608 0.4634 0.2869 0.1531 0.1896 0.2774 0.3550 0.2774 0.1896 0.1531 0.2869 0.4634 0.4608 0.3129 0.2079 0.1547 0.2182 0.4370 0.4825 0.3489 0.2299 0.1634 0.1740 0.3974 0.4863 0.3882 0.2556 0.1762 0.1577 0.3421 0.4777 0.4308 0.2866 0.1932 0.1528 0.2665 0.4557 0.4718 0.3296 0.2201 0.1600 0.1794 0.3992 0.4858 0.4015 0.2707 0.1877 0.1529 0.2609 0.4484 0.4808 0.3536 0.2392 0.1712 0.1588 0.3336 0.4764
0.3317 0.1566 0.1746 0.2458 0.3634 0.4838 0.4411 0.2439 0.1529 0.1914 0.2767 0.4088 0.4851 0.3936 0.1770 0.1604 0.2201 0.3283 0.4701 0.4582 0.2761 0.1530 0.1901 0.2804 0.4221 0.4805 0.3559 0.1602 0.1728 0.2488 0.3779 0.4867 0.4092 0.1817 0.1606 0.2239 0.3394 0.4788 0.4448 0.2348 0.1536 0.2028 0.3042 0.4522 0.4685 0.3045 0.1539 0.1852 0.2731 0.4134 0.4797 0.4134 0.2731 0.1852 0.1539 0.3045 0.4685 0.4522 0.3042 0.2028 0.1536 0.2348 0.4448 0.4788 0.3394 0.2239 0.1606 0.1817 0.4092 0.4867 0.3779 0.2488 0.1728 0.1602 0.3559 0.4805 0.4221 0.2804 0.1901 0.1530 0.2761 0.4582 0.4701 0.3283 0.2201 0.1604 0.1770 0.3936 0.4851 0.4088 0.2767 0.1914 0.1529 0.2439 0.4411 0.4838 0.3634 0.2458 0.1746 0.1566 0.3317
0.1807 0.1785 0.2526 0.3735 0.4857 0.4329 0.2267 0.1532 0.1956 0.2837 0.4177 0.4837 0.3850 0.1732 0.1616 0.2217 0.3296 0.4701 0.4590 0.2809 0.1531 0.1879 0.2756 0.4147 0.4826 0.3680 0.1632 0.1698 0.2427 0.3682 0.4862 0.4196 0.1917 0.1581 0.2182 0.3300 0.4739 0.4518 0.2525 0.1530 0.1980 0.2958 0.4428 0.4730 0.3216 0.1552 0.1811 0.2652 0.4026 0.4824 0.4396 0.4824 0.4026 0.2652 0.1811 0.1552 0.3216 0.4730 0.4428 0.2958 0.1980 0.1530 0.2525 0.4518 0.4739 0.3300 0.2182 0.1581 0.1917 0.4196 0.4862 0.3682 0.2427 0.1698 0.1632 0.3680 0.4826 0.4147 0.2756 0.1879 0.1531 0.2809 0.4590 0.4701 0.3296 0.2217 0.1616 0.1732 0.3850 0.4837 0.4177 0.2837 0.1956 0.1532 0.2267 0.4329 0.4857 0.3735 0.2526 0.1785 0.1807
0.1997 0.2602 0.3837 0.4866 0.4239 0.2107 0.1540 0.2003 0.2915 0.4275 0.4815 0.3740 0.1688 0.1634 0.2249 0.3335 0.4718 0.4582 0.2809 0.1532 0.1867 0.2726 0.4093 0.4839 0.3776 0.1664 0.1672 0.2371 0.3593 0.4849 0.4287 0.2041 0.1561 0.2127 0.3209 0.4675 0.4582 0.2706 0.1528 0.1933 0.2876 0.4327 0.4769 0.3379 0.1571 0.1773 0.2578 0.3915 0.4858 0.3951 0.2551 0.3951 0.4858 0.3915 0.2578 0.1773 0.1571 0.3379 0.4769 0.4327 0.2876 0.1933 0.1528 0.2706 0.4582 0.4675 0.3209 0.2127 0.1561 0.2041 0.4287 0.4849 0.3593 0.2371 0.1672 0.1664 0.3776 0.4839 0.4093 0.2726 0.1867 0.1532 0.2809 0.4582 0.4718 0.3335 0.2249 0.1634 0.1688 0.3740 0.4815 0.4275 0.2915 0.2003 0.1540 0.2107 0.4239 0.4866 0.3837 0.2602 0.1997
0.2718 0.3953 0.4865 0.4138 0.1969 0.1554 0.2052 0.2998 0.4376 0.4787 0.3609 0.1647 0.1658 0.2293 0.3396 0.4749 0.4557 0.2761 0.1531 0.1867 0.2716 0.4065 0.4846 0.3843 0.1694 0.1651 0.2324 0.3514 0.4829 0.4364 0.2179 0.1546 0.2076 0.3122 0.4600 0.4639 0.2886 0.1532 0.1889 0.2796 0.4223 0.4802 0.3534 0.1596 0.1737 0.2508 0.3810 0.4867 0.4053 0.1805 0.1458 0.1805 0.4053 0.4867 0.3810 0.2508 0.1737 0.1596 0.3534 0.4802 0.4223 0.2796 0.1889 0.1532 0.2886 0.4639 0.4600 0.3122 0.2076 0.1546 0.2179 0.4364 0.4829 0.3514 0.2324 0.1651 0.1694 0.3843 0.4846 0.4065 0.2716 0.1867 0.1531 0.2761 0.4557 0.4749 0.3396 0.2293 0.1658 0.1647 0.3609 0.4787 0.4376 0.2998 0.2052 0.1554 0.1969 0.4138 0.4865 0.3953 0.2718
0.3946 0.4864 0.4026 0.1856 0.1572 0.2104 0.3084 0.4474 0.4751 0.3461 0.1612 0.1687 0.2347 0.3473 0.4785 0.4515 0.2665 0.1530 0.1879 0.2726 0.4065 0.4849 0.3878 0.1716 0.1636 0.2287 0.3449 0.4805 0.4427 0.2320 0.1537 0.2030 0.3041 0.4517 0.4689 0.3061 0.1540 0.1847 0.2719 0.4117 0.4829 0.3681 0.1629 0.1703 0.2440 0.3708 0.4864 0.4165 0.1881 0.1560 0.1810 0.1560 0.1881 0.4165 0.4864 0.3708 0.2440 0.1703 0.1629 0.3681 0.4829 0.4117 0.2719 0.1847 0.1540 0.3061 0.4689 0.4517 0.3041 0.2030 0.1537 0.2320 0.4427 0.4805 0.3449 0.2287 0.1636 0.1716 0.3878 0.4849 0.4065 0.2726 0.1879 0.1530 0.2665 0.4515 0.4785 0.3473 0.2347 0.1687 0.1612 0.3461 0.4751 0.4474 0.3084 0.2104 0.1572 0.1856 0.4026 0.4864 0.3946
0.4855 0.3902 0.1770 0.1595 0.2158 0.3171 0.4564 0.4710 0.3302 0.1583 0.1719 0.2407 0.3560 0.4818 0.4459 0.2535 0.1528 0.1901 0.2756 0.4093 0.4846 0.3878 0.1724 0.1629 0.2265 0.3403 0.4781 0.4476 0.2448 0.1531 0.1989 0.2967 0.4431 0.4731 0.3224 0.1553 0.1808 0.2644 0.4011 0.4848 0.3819 0.1671 0.1671 0.2375 0.3608 0.4853 0.4264 0.2003 0.1568 0.2105 0.2632 0.2105 0.1568 0.2003 0.4264 0.4853 0.3608 0.2375 0.1671 0.1671 0.3819 0.4848 0.4011 0.2644 0.1808 0.1553 0.3224 0.4731 0.4431 0.2967 0.1989 0.1531 0.2448 0.4476 0.4781 0.3403 0.2265 0.1629 0.1724 0.3878 0.4846 0.4093 0.2756 0.1901 0.1528 0.2535 0.4459 0.4818 0.3560 0.2407 0.1719 0.1583 0.3302 0.4710 0.4564 0.3171 0.2158 0.1595 0.1770 0.3902 0.4855
0.3882 0.1705 0.1622 0.2215 0.3262 0.4645 0.4661 0.3135 0.1561 0.1754 0.2473 0.3656 0.4843 0.4391 0.2385 0.1529 0.1932 0.2804 0.4147 0.4839 0.3843 0.1716 0.1629 0.2257 0.3379 0.4763 0.4509 0.2549 0.1529 0.1954 0.2901 0.4348 0.4765 0.3372 0.1571 0.1771 0.2573 0.3905 0.4861 0.3948 0.1726 0.1640 0.2312 0.3510 0.4831 0.4352 0.2148 0.1550 0.2093 0.3129 0.4002 0.3129 0.2093 0.1550 0.2148 0.4352 0.4831 0.3510 0.2312 0.1640 0.1726 0.3948 0.4861 0.3905 0.2573 0.1771 0.1571 0.3372 0.4765 0.4348 0.2901 0.1954 0.1529 0.2549 0.4509 0.4763 0.3379 0.2257 0.1629 0.1716 0.3843 0.4839 0.4147 0.2804 0.1932 0.1529 0.2385 0.4391 0.4843 0.3656 0.2473 0.1754 0.1561 0.3135 0.4661 0.4645 0.3262 0.2215 0.1622 0.1705 0.3882
0.1908 0.1652 0.2273 0.3354 0.4714 0.4607 0.2961 0.1545 0.1791 0.2541 0.3757 0.4860 0.4310 0.2228 0.1534 0.1970 0.2866 0.4221 0.4826 0.3776 0.1694 0.1636 0.2265 0.3379 0.4757 0.4526 0.2614 0.1528 0.1929 0.2849 0.4273 0.4792 0.3502 0.1592 0.1739 0.2508 0.3805 0.4867 0.4067 0.1799 0.1612 0.2252 0.3414 0.4797 0.4432 0.2312 0.1538 0.2039 0.3065 0.4541 0.4813 0.4541 0.3065 0.2039 0.1538 0.2312 0.4432 0.4797 0.3414 0.2252 0.1612 0.1799 0.4067 0.4867 0.3805 0.2508 0.1739 0.1592 0.3502 0.4792 0.4273 0.2849 0.1929 0.1528 0.2614 0.4526 0.4757 0.3379 0.2265 0.1636 0.1694 0.3776 0.4826 0.4221 0.2866 0.1970 0.1534 0.2228 0.4310 0.4860 0.3757 0.2541 0.1791 0.1545 0.2961 0.4607 0.4714 0.3354 0.2273 0.1652 0.1908
0.1888 0.2339 0.3448 0.4769 0.4546 0.2783 0.1535 0.1830 0.2613 0.3860 0.4866 0.4218 0.2076 0.1543 0.2014 0.2938 0.4308 0.4805 0.3680 0.1664 0.1651 0.2287 0.3403 0.4763 0.4526 0.2637 0.1528 0.1913 0.2812 0.4214 0.4811 0.3609 0.1616 0.1710 0.2449 0.3713 0.4864 0.4170 0.1891 0.1586 0.2194 0.3320 0.4750 0.4504 0.2488 0.1531 0.1990 0.2976 0.4452 0.4698 0.4030 0.4698 0.4452 0.2976 0.1990 0.1531 0.2488 0.4504 0.4750 0.3320 0.2194 0.1586 0.1891 0.4170 0.4864 0.3713 0.2449 0.1710 0.1616 0.3609 0.4811 0.4214 0.2812 0.1913 0.1528 0.2637 0.4526 0.4763 0.3403 0.2287 0.1651 0.1664 0.3680 0.4805 0.4308 0.2938 0.2014 0.1543 0.2076 0.4218 0.4866 0.3860 0.2613 0.1830 0.1535 0.2783 0.4546 0.4769 0.3448 0.2339 0.1888
0.2482 0.3553 0.4810 0.4479 0.2602 0.1529 0.1871 0.2687 0.3966 0.4864 0.4115 0.1943 0.1557 0.2063 0.3017 0.4401 0.4777 0.3559 0.1632 0.1672 0.2324 0.3449 0.4781 0.4509 0.2614 0.1528 0.1908 0.2794 0.4178 0.4823 0.3687 0.1639 0.1688 0.2399 0.3632 0.4855 0.4258 0.2002 0.1566 0.2141 0.3230 0.4690 0.4569 0.2668 0.1528 0.1943 0.2893 0.4349 0.4758 0.3394 0.1877 0.3394 0.4758 0.4349 0.2893 0.1943 0.1528 0.2668 0.4569 0.4690 0.3230 0.2141 0.1566 0.2002 0.4258 0.4855 0.3632 0.2399 0.1688 0.1639 0.3687 0.4823 0.4178 0.2794 0.1908 0.1528 0.2614 0.4509 0.4781 0.3449 0.2324 0.1672 0.1632 0.3559 0.4777 0.4401 0.3017 0.2063 0.1557 0.1943 0.4115 0.4864 0.3966 0.2687 0.1871 0.1529 0.2602 0.4479 0.4810 0.3553 0.2482
0.3578 0.4849 0.4404 0.2422 0.1529 0.1914 0.2763 0.4072 0.4855 0.4000 0.1836 0.1576 0.2115 0.3102 0.4494 0.4742 0.3421 0.1602 0.1698 0.2371 0.3514 0.4805 0.4476 0.2549 0.1528 0.1913 0.2794 0.4166 0.4829 0.3735 0.1658 0.1671 0.2359 0.3563 0.4841 0.4330 0.2124 0.1551 0.2092 0.3146 0.4620 0.4627 0.2847 0.1531 0.1898 0.2813 0.4245 0.4796 0.3498 0.1581 0.1507 0.1581 0.3498 0.4796 0.4245 0.2813 0.1898 0.1531 0.2847 0.4627 0.4620 0.3146 0.2092 0.1551 0.2124 0.4330 0.4841 0.3563 0.2359 0.1671 0.1658 0.3735 0.4829 0.4166 0.2794 0.1913 0.1528 0.2549 0.4476 0.4805 0.3514 0.2371 0.1698 0.1602 0.3421 0.4742 0.4494 0.3102 0.2115 0.1576 0.1836 0.4000 0.4855 0.4072 0.2763 0.1914 0.1529 0.2422 0.4404 0.4849 0.3578
0.4823 0.4321 0.2251 0.1533 0.1960 0.2842 0.4178 0.4838 0.3875 0.1755 0.1600 0.2170 0.3190 0.4582 0.4700 0.3266 0.1577 0.1728 0.2427 0.3593 0.4829 0.4427 0.2448 0.1529 0.1929 0.2812 0.4178 0.4829 0.3750 0.1668 0.1660 0.2332 0.3511 0.4824 0.4388 0.2244 0.1540 0.2048 0.3069 0.4544 0.4675 0.3017 0.1538 0.1856 0.2735 0.4140 0.4823 0.3650 0.1621 0.1677 0.1999 0.1677 0.1621 0.3650 0.4823 0.4140 0.2735 0.1856 0.1538 0.3017 0.4675 0.4544 0.3069 0.2048 0.1540 0.2244 0.4388 0.4824 0.3511 0.2332 0.1660 0.1668 0.3750 0.4829 0.4178 0.2812 0.1929 0.1529 0.2448 0.4427 0.4829 0.3593 0.2427 0.1728 0.1577 0.3266 0.4700 0.4582 0.3190 0.2170 0.1600 0.1755 0.3875 0.4838 0.4178 0.2842 0.1960 0.1533 0.2251 0.4321 0.4823
0.4316 0.2093 0.1541 0.2007 0.2923 0.4284 0.4814 0.3741 0.1693 0.1628 0.2227 0.3281 0.4660 0.4650 0.3099 0.1557 0.1762 0.2488 0.3682 0.4849 0.4364 0.2320 0.1531 0.1954 0.2849 0.4214 0.4823 0.3735 0.1668 0.1657 0.2319 0.3480 0.4810 0.4429 0.2347 0.1534 0.2010 0.3000 0.4466 0.4717 0.3172 0.1549 0.1817 0.2661 0.4034 0.4845 0.3791 0.1661 0.1679 0.2351 0.2979 0.2351 0.1679 0.1661 0.3791 0.4845 0.4034 0.2661 0.1817 0.1549 0.3172 0.4717 0.4466 0.3000 0.2010 0.1534 0.2347 0.4429 0.4810 0.3480 0.2319 0.1657 0.1668 0.3735 0.4823 0.4214 0.2849 0.1954 0.1531 0.2320 0.4364 0.4849 0.3682 0.2488 0.1762 0.1557 0.3099 0.4650 0.4660 0.3281 0.2227 0.1628 0.1693 0.3741 0.4814 0.4284 0.2923 0.2007 0.1541 0.2093 0.4316
0.2188 0.1556 0.2057 0.3006 0.4386 0.4784 0.3598 0.1645 0.1657 0.2286 0.3374 0.4727 0.4595 0.2924 0.1542 0.1799 0.2556 0.3779 0.4862 0.4287 0.2179 0.1537 0.1989 0.2901 0.4273 0.4811 0.3687 0.1658 0.1660 0.2319 0.3470 0.4802 0.4453 0.2421 0.1531 0.1981 0.2943 0.4393 0.4750 0.3313 0.1564 0.1783 0.2593 0.3932 0.4859 0.3921 0.1714 0.1647 0.2329 0.3526 0.4442 0.3526 0.2329 0.1647 0.1714 0.3921 0.4859 0.3932 0.2593 0.1783 0.1564 0.3313 0.4750 0.4393 0.2943 0.1981 0.1531 0.2421 0.4453 0.4802 0.3470 0.2319 0.1660 0.1658 0.3687 0.4811 0.4273 0.2901 0.1989 0.1537 0.2179 0.4287 0.4862 0.3779 0.2556 0.1799 0.1542 0.2924 0.4595 0.4727 0.3374 0.2286 0.1657 0.1645 0.3598 0.4784 0.4386 0.3006 0.2057 0.1556 0.2188
0.1811 0.2112 0.3092 0.4483 0.4748 0.3446 0.1609 0.1689 0.2348 0.3469 0.4779 0.4532 0.2744 0.1533 0.1839 0.2628 0.3882 0.4867 0.4196 0.2041 0.1546 0.2030 0.2967 0.4348 0.4792 0.3609 0.1639 0.1671 0.2332 0.3480 0.4802 0.4461 0.2459 0.1529 0.1962 0.2901 0.4333 0.4775 0.3431 0.1581 0.1752 0.2531 0.3837 0.4866 0.4038 0.1780 0.1618 0.2265 0.3439 0.4793 0.4710 0.4793 0.3439 0.2265 0.1618 0.1780 0.4038 0.4866 0.3837 0.2531 0.1752 0.1581 0.3431 0.4775 0.4333 0.2901 0.1962 0.1529 0.2459 0.4461 0.4802 0.3480 0.2332 0.1671 0.1639 0.3609 0.4792 0.4348 0.2967 0.2030 0.1546 0.2041 0.4196 0.4867 0.3882 0.2628 0.1839 0.1533 0.2744 0.4532 0.4779 0.3469 0.2348 0.1689 0.1609 0.3446 0.4748 0.4483 0.3092 0.2112 0.1811
0.2281 0.3187 0.4572 0.4705 0.3286 0.1580 0.1722 0.2413 0.3566 0.4818 0.4463 0.2563 0.1529 0.1880 0.2703 0.3988 0.4863 0.4092 0.1917 0.1561 0.2076 0.3041 0.4431 0.4765 0.3502 0.1616 0.1688 0.2359 0.3511 0.4810 0.4453 0.2459 0.1529 0.1952 0.2875 0.4290 0.4792 0.3522 0.1600 0.1726 0.2477 0.3751 0.4866 0.4139 0.1863 0.1592 0.2207 0.3340 0.4763 0.4471 0.3512 0.4471 0.4763 0.3340 0.2207 0.1592 0.1863 0.4139 0.4866 0.3751 0.2477 0.1726 0.1600 0.3522 0.4792 0.4290 0.2875 0.1952 0.1529 0.2459 0.4453 0.4810 0.3511 0.2359 0.1688 0.1616 0.3502 0.4765 0.4431 0.3041 0.2076 0.1561 0.1917 0.4092 0.4863 0.3988 0.2703 0.1880 0.1529 0.2563 0.4463 0.4818 0.3566 0.2413 0.1722 0.1580 0.3286 0.4705 0.4572 0.3187 0.2281
0.3245 0.4663 0.4656 0.3118 0.1559 0.1758 0.2479 0.3665 0.4845 0.4387 0.2385 0.1529 0.1924 0.2779 0.4095 0.4852 0.3974 0.1817 0.1581 0.2127 0.3122 0.4517 0.4731 0.3372 0.1592 0.1710 0.2399 0.3563 0.4824 0.4429 0.2421 0.1529 0.1952 0.2866 0.4267 0.4802 0.3584 0.1615 0.1706 0.2433 0.3677 0.4860 0.4223 0.1960 0.1571 0.2155 0.3252 0.4705 0.4551 0.2685 0.1553 0.2685 0.4551 0.4705 0.3252 0.2155 0.1571 0.1960 0.4223 0.4860 0.3677 0.2433 0.1706 0.1615 0.3584 0.4802 0.4267 0.2866 0.1952 0.1529 0.2421 0.4429 0.4824 0.3563 0.2399 0.1710 0.1592 0.3372 0.4731 0.4517 0.3122 0.2127 0.1581 0.1817 0.3974 0.4852 0.4095 0.2779 0.1924 0.1529 0.2385 0.4387 0.4845 0.3665 0.2479 0.1758 0.1559 0.3118 0.4656 0.4663 0.3245
0.4623 0.4604 0.2944 0.1544 0.1795 0.2548 0.3767 0.4861 0.4302 0.2216 0.1534 0.1970 0.2859 0.4201 0.4833 0.3847 0.1740 0.1606 0.2182 0.3209 0.4600 0.4689 0.3224 0.1571 0.1739 0.2449 0.3632 0.4841 0.4388 0.2347 0.1531 0.1962 0.2875 0.4267 0.4805 0.3615 0.1627 0.1693 0.2400 0.3619 0.4851 0.4290 0.2064 0.1556 0.2108 0.3171 0.4640 0.4613 0.2799 0.1511 0.1609 0.1511 0.2799 0.4613 0.4640 0.3171 0.2108 0.1556 0.2064 0.4290 0.4851 0.3619 0.2400 0.1693 0.1627 0.3615 0.4805 0.4267 0.2875 0.1962 0.1531 0.2347 0.4388 0.4841 0.3632 0.2449 0.1739 0.1571 0.3224 0.4689 0.4600 0.3209 0.2182 0.1606 0.1740 0.3847 0.4833 0.4201 0.2859 0.1970 0.1534 0.2216 0.4302 0.4861 0.3767 0.2548 0.1795 0.1544 0.2944 0.4604 0.4623
0.4606 0.2765 0.1534 0.1834 0.2620 0.3871 0.4867 0.4208 0.2062 0.1544 0.2018 0.2940 0.4306 0.4808 0.3711 0.1682 0.1634 0.2239 0.3300 0.4675 0.4639 0.3061 0.1553 0.1771 0.2508 0.3713 0.4855 0.4330 0.2244 0.1534 0.1981 0.2901 0.4290 0.4802 0.3615 0.1631 0.1686 0.2380 0.3579 0.4841 0.4341 0.2161 0.1546 0.2068 0.3099 0.4572 0.4661 0.2968 0.1536 0.1831 0.2232 0.1831 0.1536 0.2968 0.4661 0.4572 0.3099 0.2068 0.1546 0.2161 0.4341 0.4841 0.3579 0.2380 0.1686 0.1631 0.3615 0.4802 0.4290 0.2901 0.1981 0.1534 0.2244 0.4330 0.4855 0.3713 0.2508 0.1771 0.1553 0.3061 0.4639 0.4675 0.3300 0.2239 0.1634 0.1682 0.3711 0.4808 0.4306 0.2940 0.2018 0.1544 0.2062 0.4208 0.4867 0.3871 0.2620 0.1834 0.1534 0.2765 0.4606
0.2768 0.1530 0.1875 0.2694 0.3976 0.4864 0.4104 0.1931 0.1559 0.2068 0.3024 0.4407 0.4777 0.3566 0.1637 0.1664 0.2299 0.3394 0.4739 0.4582 0.2886 0.1540 0.1808 0.2573 0.3805 0.4864 0.4258 0.2124 0.1540 0.2010 0.2943 0.4333 0.4792 0.3584 0.1627 0.1686 0.2374 0.3559 0.4834 0.4374 0.2239 0.1539 0.2036 0.3038 0.4503 0.4701 0.3117 0.1545 0.1832 0.2649 0.3384 0.2649 0.1832 0.1545 0.3117 0.4701 0.4503 0.3038 0.2036 0.1539 0.2239 0.4374 0.4834 0.3559 0.2374 0.1686 0.1627 0.3584 0.4792 0.4333 0.2943 0.2010 0.1540 0.2124 0.4258 0.4864 0.3805 0.2573 0.1808 0.1540 0.2886 0.4582 0.4739 0.3394 0.2299 0.1664 0.1637 0.3566 0.4777 0.4407 0.3024 0.2068 0.1559 0.1931 0.4104 0.4864 0.3976 0.2694 0.1875 0.1530 0.2768
0.1784 0.1921 0.2770 0.4083 0.4853 0.3988 0.1827 0.1578 0.2121 0.3111 0.4502 0.4739 0.3413 0.1602 0.1696 0.2362 0.3489 0.4788 0.4518 0.2706 0.1532 0.1847 0.2644 0.3905 0.4867 0.4170 0.2002 0.1551 0.2048 0.3000 0.4393 0.4775 0.3522 0.1615 0.1693 0.2380 0.3559 0.4831 0.4390 0.2290 0.1536 0.2012 0.2991 0.4443 0.4732 0.3247 0.1557 0.1796 0.2620 0.3971 0.4747 0.3971 0.2620 0.1796 0.1557 0.3247 0.4732 0.4443 0.2991 0.2012 0.1536 0.2290 0.4390 0.4831 0.3559 0.2380 0.1693 0.1615 0.3522 0.4775 0.4393 0.3000 0.2048 0.1551 0.2002 0.4170 0.4867 0.3905 0.2644 0.1847 0.1532 0.2706 0.4518 0.4788 0.3489 0.2362 0.1696 0.1602 0.3413 0.4739 0.4502 0.3111 0.2121 0.1578 0.1827 0.3988 0.4853 0.4083 0.2770 0.1921 0.1784
0.2114 0.2855 0.4188 0.4836 0.3862 0.1748 0.1603 0.2176 0.3199 0.4590 0.4695 0.3251 0.1575 0.1730 0.2426 0.3587 0.4825 0.4448 0.2525 0.1528 0.1889 0.2719 0.4011 0.4861 0.4067 0.1891 0.1566 0.2092 0.3069 0.4466 0.4750 0.3431 0.1600 0.1706 0.2400 0.3579 0.4834 0.4390 0.2308 0.1534 0.1998 0.2959 0.4397 0.4754 0.3351 0.1571 0.1767 0.2558 0.3879 0.4844 0.4497 0.4844 0.3879 0.2558 0.1767 0.1571 0.3351 0.4754 0.4397 0.2959 0.1998 0.1534 0.2308 0.4390 0.4834 0.3579 0.2400 0.1706 0.1600 0.3431 0.4750 0.4466 0.3069 0.2092 0.1566 0.1891 0.4067 0.4861 0.4011 0.2719 0.1889 0.1528 0.2525 0.4448 0.4825 0.3587 0.2426 0.1730 0.1575 0.3251 0.4695 0.4590 0.3199 0.2176 0.1603 0.1748 0.3862 0.4836 0.4188 0.2855 0.2114
0.2945 0.4305 0.4811 0.3727 0.1688 0.1631 0.2233 0.3290 0.4668 0.4645 0.3082 0.1555 0.1765 0.2494 0.3686 0.4849 0.4370 0.2348 0.1530 0.1933 0.2796 0.4117 0.4848 0.3948 0.1799 0.1586 0.2141 0.3146 0.4544 0.4717 0.3313 0.1581 0.1726 0.2433 0.3619 0.4841 0.4374 0.2290 0.1534 0.1993 0.2942 0.4368 0.4768 0.3425 0.1584 0.1744 0.2508 0.3794 0.4865 0.4100 0.2798 0.4100 0.4865 0.3794 0.2508 0.1744 0.1584 0.3425 0.4768 0.4368 0.2942 0.1993 0.1534 0.2290 0.4374 0.4841 0.3619 0.2433 0.1726 0.1581 0.3313 0.4717 0.4544 0.3146 0.2141 0.1586 0.1799 0.3948 0.4848 0.4117 0.2796 0.1933 0.1530 0.2348 0.4370 0.4849 0.3686 0.2494 0.1765 0.1555 0.3082 0.4645 0.4668 0.3290 0.2233 0.1631 0.1688 0.3727 0.4811 0.4305 0.2945
0.4276 0.4786 0.3583 0.1641 0.1661 0.2292 0.3383 0.4732 0.4589 0.2906 0.1541 0.1803 0.2563 0.3789 0.4863 0.4283 0.2182 0.1536 0.1980 0.2876 0.4223 0.4829 0.3819 0.1726 0.1612 0.2194 0.3230 0.4620 0.4675 0.3172 0.1564 0.1752 0.2477 0.3677 0.4851 0.4341 0.2239 0.1536 0.1998 0.2942 0.4357 0.4775 0.3470 0.1594 0.1728 0.2471 0.3729 0.4865 0.4175 0.1938 0.1459 0.1938 0.4175 0.4865 0.3729 0.2471 0.1728 0.1594 0.3470 0.4775 0.4357 0.2942 0.1998 0.1536 0.2239 0.4341 0.4851 0.3677 0.2477 0.1752 0.1564 0.3172 0.4675 0.4620 0.3230 0.2194 0.1612 0.1726 0.3819 0.4829 0.4223 0.2876 0.1980 0.1536 0.2182 0.4283 0.4863 0.3789 0.2563 0.1803 0.1541 0.2906 0.4589 0.4732 0.3383 0.2292 0.1661 0.1641 0.3583 0.4786 0.4276
0.4785 0.3430 0.1606 0.1692 0.2354 0.3478 0.4784 0.4526 0.2727 0.1532 0.1843 0.2635 0.3893 0.4867 0.4187 0.2032 0.1547 0.2028 0.2958 0.4327 0.4802 0.3681 0.1671 0.1640 0.2252 0.3320 0.4690 0.4627 0.3017 0.1549 0.1783 0.2531 0.3751 0.4860 0.4290 0.2161 0.1539 0.2012 0.2959 0.4368 0.4775 0.3485 0.1599 0.1718 0.2446 0.3683 0.4860 0.4241 0.1992 0.1539 0.1767 0.1539 0.1992 0.4241 0.4860 0.3683 0.2446 0.1718 0.1599 0.3485 0.4775 0.4368 0.2959 0.2012 0.1539 0.2161 0.4290 0.4860 0.3751 0.2531 0.1783 0.1549 0.3017 0.4627 0.4690 0.3320 0.2252 0.1640 0.1671 0.3681 0.4802 0.4327 0.2958 0.2028 0.1547 0.2032 0.4187 0.4867 0.3893 0.2635 0.1843 0.1532 0.2727 0.4526 0.4784 0.3478 0.2354 0.1692 0.1606 0.3430 0.4785
0.3410 0.1579 0.1725 0.2419 0.3576 0.4821 0.4456 0.2546 0.1528 0.1884 0.2710 0.3999 0.4862 0.4081 0.1907 0.1562 0.2079 0.3042 0.4428 0.4769 0.3534 0.1629 0.1671 0.2312 0.3414 0.4750 0.4569 0.2847 0.1538 0.1817 0.2593 0.3837 0.4866 0.4223 0.2064 0.1546 0.2036 0.2991 0.4397 0.4768 0.3470 0.1599 0.1715 0.2433 0.3655 0.4855 0.4284 0.2070 0.1555 0.2058 0.2560 0.2058 0.1555 0.2070 0.4284 0.4855 0.3655 0.2433 0.1715 0.1599 0.3470 0.4768 0.4397 0.2991 0.2036 0.1546 0.2064 0.4223 0.4866 0.3837 0.2593 0.1817 0.1538 0.2847 0.4569 0.4750 0.3414 0.2312 0.1671 0.1629 0.3534 0.4769 0.4428 0.3042 0.2079 0.1562 0.1907 0.4081 0.4862 0.3999 0.2710 0.1884 0.1528 0.2546 0.4456 0.4821 0.3576 0.2419 0.1725 0.1579 0.3410
0.1816 0.1763 0.2485 0.3675 0.4847 0.4379 0.2368 0.1529 0.1928 0.2787 0.4105 0.4850 0.3962 0.1808 0.1583 0.2132 0.3129 0.4522 0.4730 0.3379 0.1596 0.1703 0.2375 0.3510 0.4797 0.4504 0.2668 0.1531 0.1856 0.2661 0.3932 0.4866 0.4139 0.1960 0.1556 0.2068 0.3038 0.4443 0.4754 0.3425 0.1594 0.1718 0.2433 0.3645 0.4852 0.4309 0.2126 0.1547 0.2070 0.3069 0.3918 0.3069 0.2070 0.1547 0.2126 0.4309 0.4852 0.3645 0.2433 0.1718 0.1594 0.3425 0.4754 0.4443 0.3038 0.2068 0.1556 0.1960 0.4139 0.4866 0.3932 0.2661 0.1856 0.1531 0.2668 0.4504 0.4797 0.3510 0.2375 0.1703 0.1596 0.3379 0.4730 0.4522 0.3129 0.2132 0.1583 0.1808 0.3962 0.4850 0.4105 0.2787 0.1928 0.1529 0.2368 0.4379 0.4847 0.3675 0.2485 0.1763 0.1816
0.1979 0.2560 0.3776 0.4862 0.4293 0.2200 0.1535 0.1974 0.2867 0.4211 0.4831 0.3834 0.1734 0.1609 0.2187 0.3218 0.4608 0.4685 0.3216 0.1571 0.1737 0.2440 0.3608 0.4831 0.4432 0.2488 0.1528 0.1898 0.2735 0.4034 0.4859 0.4038 0.1863 0.1571 0.2108 0.3099 0.4503 0.4732 0.3351 0.1584 0.1728 0.2446 0.3655 0.4852 0.4318 0.2156 0.1543 0.2048 0.3053 0.4506 0.4820 0.4506 0.3053 0.2048 0.1543 0.2156 0.4318 0.4852 0.3655 0.2446 0.1728 0.1584 0.3351 0.4732 0.4503 0.3099 0.2108 0.1571 0.1863 0.4038 0.4859 0.4034 0.2735 0.1898 0.1528 0.2488 0.4432 0.4831 0.3608 0.2440 0.1737 0.1571 0.3216 0.4685 0.4608 0.3218 0.2187 0.1609 0.1734 0.3834 0.4831 0.4211 0.2867 0.1974 0.1535 0.2200 0.4293 0.4862 0.3776 0.2560 0.1979
0.2680 0.3890 0.4866 0.4199 0.2048 0.1545 0.2023 0.2948 0.4316 0.4805 0.3697 0.1677 0.1637 0.2245 0.3309 0.4682 0.4634 0.3045 0.1552 0.1773 0.2508 0.3708 0.4853 0.4352 0.2312 0.1531 0.1943 0.2813 0.4140 0.4845 0.3921 0.1780 0.1592 0.2155 0.3171 0.4572 0.4701 0.3247 0.1571 0.1744 0.2471 0.3683 0.4855 0.4309 0.2156 0.1542 0.2038 0.3023 0.4472 0.4703 0.4051 0.4703 0.4472 0.3023 0.2038 0.1542 0.2156 0.4309 0.4855 0.3683 0.2471 0.1744 0.1571 0.3247 0.4701 0.4572 0.3171 0.2155 0.1592 0.1780 0.3921 0.4845 0.4140 0.2813 0.1943 0.1531 0.2312 0.4352 0.4853 0.3708 0.2508 0.1773 0.1552 0.3045 0.4634 0.4682 0.3309 0.2245 0.1637 0.1677 0.3697 0.4805 0.4316 0.2948 0.2023 0.1545 0.2048 0.4199 0.4866 0.3890 0.2680
0.3888 0.4870 0.4093 0.1920 0.1560 0.2073 0.3033 0.4416 0.4773 0.3551 0.1633 0.1667 0.2305 0.3403 0.4744 0.4576 0.2869 0.1539 0.1811 0.2578 0.3810 0.4864 0.4264 0.2148 0.1538 0.1990 0.2893 0.4245 0.4823 0.3791 0.1714 0.1618 0.2207 0.3252 0.4640 0.4661 0.3117 0.1557 0.1767 0.2508 0.3729 0.4860 0.4284 0.2126 0.1543 0.2038 0.3015 0.4448 0.4735 0.3351 0.1860 0.3351 0.4735 0.4448 0.3015 0.2038 0.1543 0.2126 0.4284 0.4860 0.3729 0.2508 0.1767 0.1557 0.3117 0.4661 0.4640 0.3252 0.2207 0.1618 0.1714 0.3791 0.4823 0.4245 0.2893 0.1990 0.1538 0.2148 0.4264 0.4864 0.3810 0.2578 0.1811 0.1539 0.2869 0.4576 0.4744 0.3403 0.2305 0.1667 0.1633 0.3551 0.4773 0.4416 0.3033 0.2073 0.1560 0.1920 0.4093 0.4870 0.3888
0.4859 0.3975 0.1818 0.1581 0.2126 0.3120 0.4512 0.4735 0.3397 0.1599 0.1700 0.2368 0.3499 0.4793 0.4512 0.2688 0.1531 0.1852 0.2652 0.3915 0.4867 0.4165 0.2003 0.1550 0.2039 0.2976 0.4349 0.4796 0.3650 0.1661 0.1647 0.2265 0.3340 0.4705 0.4613 0.2968 0.1545 0.1796 0.2558 0.3794 0.4865 0.4241 0.2070 0.1547 0.2048 0.3023 0.4448 0.4743 0.3333 0.1564 0.1521 0.1564 0.3333 0.4743 0.4448 0.3023 0.2048 0.1547 0.2070 0.4241 0.4865 0.3794 0.2558 0.1796 0.1545 0.2968 0.4613 0.4705 0.3340 0.2265 0.1647 0.1661 0.3650 0.4796 0.4349 0.2976 0.2039 0.1550 0.2003 0.4165 0.4867 0.3915 0.2652 0.1852 0.1531 0.2688 0.4512 0.4793 0.3499 0.2368 0.1700 0.1599 0.3397 0.4735 0.4512 0.3120 0.2126 0.1581 0.1818 0.3975 0.4859
0.3954 0.1740 0.1607 0.2185 0.3213 0.4602 0.4686 0.3230 0.1573 0.1735 0.2437 0.3601 0.4828 0.4436 0.2502 0.1529 0.1896 0.2731 0.4026 0.4858 0.4053 0.1881 0.1568 0.2093 0.3065 0.4452 0.4758 0.3498 0.1621 0.1679 0.2329 0.3439 0.4763 0.4551 0.2799 0.1536 0.1832 0.2620 0.3879 0.4865 0.4175 0.1992 0.1555 0.2070 0.3053 0.4472 0.4735 0.3333 0.1577 0.1721 0.2057 0.1721 0.1577 0.3333 0.4735 0.4472 0.3053 0.2070 0.1555 0.1992 0.4175 0.4865 0.3879 0.2620 0.1832 0.1536 0.2799 0.4551 0.4763 0.3439 0.2329 0.1679 0.1621 0.3498 0.4758 0.4452 0.3065 0.2093 0.1568 0.1881 0.4053 0.4858 0.4026 0.2731 0.1896 0.1529 0.2502 0.4436 0.4828 0.3601 0.2437 0.1735 0.1573 0.3230 0.4686 0.4602 0.3213 0.2185 0.1607 0.1740 0.3954
0.1940 0.1605 0.2200 0.3286 0.4669 0.4617 0.3121 0.1540 0.1735 0.2464 0.3698 0.4834 0.4348 0.2384 0.1509 0.1901 0.2774 0.4134 0.4824 0.3951 0.1805 0.1560 0.2105 0.3129 0.4541 0.4698 0.3394 0.1581 0.1677 0.2351 0.3526 0.4793 0.4471 0.2685 0.1511 0.1831 0.2649 0.3971 0.4844 0.4100 0.1938 0.1539 0.2058 0.3069 0.4506 0.4703 0.3351 0.1564 0.1721 0.2432 0.3100 0.2432 0.1721 0.1564 0.3351 0.4703 0.4506 0.3069 0.2058 0.1539 0.1938 0.4100 0.4844 0.3971 0.2649 0.1831 0.1511 0.2685 0.4471 0.4793 0.3526 0.2351 0.1677 0.1581 0.3394 0.4698 0.4541 0.3129 0.2105 0.1560 0.1805 0.3951 0.4824 0.4134 0.2774 0.1901 0.1509 0.2384 0.4348 0.4834 0.3698 0.2464 0.1735 0.1540 0.3121 0.4617 0.4669 0.3286 0.2200 0.1605 0.1940
0.1734 0.1888 0.2768 0.4189 0.4783 0.3838 0.1701 0.1543 0.2087 0.3134 0.4590 0.4640 0.3258 0.1498 0.1660 0.2336 0.3550 0.4797 0.4396 0.2551 0.1458 0.1810 0.2632 0.4002 0.4813 0.4030 0.1877 0.1507 0.1999 0.2979 0.4442 0.4710 0.3512 0.1553 0.1609 0.2232 0.3384 0.4747 0.4497 0.2798 0.1459 0.1767 0.2560 0.3918 0.4820 0.4051 0.1860 0.1521 0.2057 0.3100 0.3965 0.3100 0.2057 0.1521 0.1860 0.4051 0.4820 0.3918 0.2560 0.1767 0.1459 0.2798 0.4497 0.4747 0.3384 0.2232 0.1609 0.1553 0.3512 0.4710 0.4442 0.2979 0.1999 0.1507 0.1877 0.4030 0.4813 0.4002 0.2632 0.1810 0.1458 0.2551 0.4396 0.4797 0.3550 0.2336 0.1660 0.1498 0.3258 0.4640 0.4590 0.3134 0.2087 0.1543 0.1701 0.3838 0.4783 0.4189 0.2768 0.1888 0.1734
0.1940 0.1605 0.2200 0.3286 0.4669 0.4617 0.3121 0.1540 0.1735 0.2464 0.3698 0.4834 0.4348 0.2384 0.1509 0.1901 0.2774 0.4134 0.4824 0.3951 0.1805 0.1560 0.2105 0.3129 0.4541 0.4698 0.3394 0.1581 0.1677 0.2351 0.3526 0.4793 0.4471 0.2685 0.1511 0.1831 0.2649 0.3971 0.4844 0.4100 0.1938 0.1539 0.2058 0.3069 0.4506 0.4703 0.3351 0.1564 0.1721 0.2432 0.3100 0.2432 0.1721 0.1564 0.3351 0.4703 0.4506 0.3069 0.2058 0.1539 0.1938 0.4100 0.4844 0.3971 0.2649 0.1831 0.1511 0.2685 0.4471 0.4793 0.3526 0.2351 0.1677 0.1581 0.3394 0.4698 0.4541 0.3129 0.2105 0.1560 0.1805 0.3951 0.4824 0.4134 0.2774 0.1901 0.1509 0.2384 0.4348 0.4834 0.3698 0.2464 0.1735 0.1540 0.3121 0.4617 0.4669 0.3286 0.2200 0.1605 0.1940
0.3954 0.1740 0.1607 0.2185 0.3213 0.4602 0.4686 0.3230 0.1573 0.1735 0.2437 0.3601 0.4828 0.4436 0.2502 0.1529 0.1896 0.2731 0.4026 0.4858 0.4053 0.1881 0.1568 0.2093 0.3065 0.4452 0.4758 0.3498 0.1621 0.1679 0.2329 0.3439 0.4763 0.4551 0.2799 0.1536 0.1832 0.2620 0.3879 0.4865 0.4175 0.1992 0.1555 0.2070 0.3053 0.4472 0.4735 0.3333 0.1577 0.1721 0.2057 0.1721 0.1577 0.3333 0.4735 0.4472 0.3053 0.2070 0.1555 0.1992 0.4175 0.4865 0.3879 0.2620 0.1832 0.1536 0.2799 0.4551 0.4763 0.3439 0.2329 0.1679 0.1621 0.3498 0.4758 0.4452 0.3065 0.2093 0.1568 0.1881 0.4053 0.4858 0.4026 0.2731 0.1896 0.1529 0.2502 0.4436 0.4828 0.3601 0.2437 0.1735 0.1573 0.3230 0.4686 0.4602 0.3213 0.2185 0.1607 0.1740 0.3954
0.4859 0.3975 0.1818 0.1581 0.2126 0.3120 0.4512 0.4735 0.3397 0.1599 0.1700 0.2368 0.3499 0.4793 0.4512 0.2688 0.1531 0.1852 0.2652 0.3915 0.4867 0.4165 0.2003 0.1550 0.2039 0.2976 0.4349 0.4796 0.3650 0.1661 0.1647 0.2265 0.3340 0.4705 0.4613 0.2968 0.1545 0.1796 0.2558 0.3794 0.4865 0.4241 0.2070 0.1547 0.2048 0.3023 0.4448 0.4743 0.3333 0.1564 0.1521 0.1564 0.3333 0.4743 0.4448 0.3023 0.2048 0.1547 0.2070 0.4241 0.4865 0.3794 0.2558 0.1796 0.1545 0.2968 0.4613 0.4705 0.3340 0.2265 0.1647 0.1661 0.3650 0.4796 0.4349 0.2976 0.2039 0.1550 0.2003 0.4165 0.4867 0.3915 0.2652 0.1852 0.1531 0.2688 0.4512 0.4793 0.3499 0.2368 0.1700 0.1599 0.3397 0.4735 0.4512 0.3120 0.2126 0.1581 0.1818 0.3975 0.4859
0.3888 0.4870 0.4093 0.1920 0.1560 0.2073 0.3033 0.4416 0.4773 0.3551 0.1633 0.1667 0.2305 0.3403 0.4744 0.4576 0.2869 0.1539 0.1811 0.2578 0.3810 0.4864 0.4264 0.2148 0.1538 0.1990 0.2893 0.4245 0.4823 0.3791 0.1714 0.1618 0.2207 0.3252 0.4640 0.4661 0.3117 0.1557 0.1767 0.2508 0.3729 0.4860 0.4284 0.2126 0.1543 0.2038 0.3015 0.4448 0.4735 0.3351 0.1860 0.3351 0.4735 0.4448 0.3015 0.2038 0.1543 0.2126 0.4284 0.4860 0.3729 0.2508 0.1767 0.1557 0.3117 0.4661 0.4640 0.3252 0.2207 0.1618 0.1714 0.3791 0.4823 0.4245 0.2893 0.1990 0.1538 0.2148 0.4264 0.4864 0.3810 0.2578 0.1811 0.1539 0.2869 0.4576 0.4744 0.3403 0.2305 0.1667 0.1633 0.3551 0.4773 0.4416 0.3033 0.2073 0.1560 0.1920 0.4093 0.4870 0.3888
0.2680 0.3890 0.4866 0.4199 0.2048 0.1545 0.2023 0.2948 0.4316 0.4805 0.3697 0.1677 0.1637 0.2245 0.3309 0.4682 0.4634 0.3045 0.1552 0.1773 0.2508 0.3708 0.4853 0.4352 0.2312 0.1531 0.1943 0.2813 0.4140 0.4845 0.3921 0.1780 0.1592 0.2155 0.3171 0.4572 0.4701 0.3247 0.1571 0.1744 0.2471 0.3683 0.4855 0.4309 0.2156 0.1542 0.2038 0.3023 0.4472 0.4703 0.4051 0.4703 0.4472 0.3023 0.2038 0.1542 0.2156 0.4309 0.4855 0.3683 0.2471 0.1744 0.1571 0.3247 0.4701 0.4572 0.3171 0.2155 0.1592 0.1780 0.3921 0.4845 0.4140 0.2813 0.1943 0.1531 0.2312 0.4352 0.4853 0.3708 0.2508 0.1773 0.1552 0.3045 0.4634 0.4682 0.3309 0.2245 0.1637 0.1677 0.3697 0.4805 0.4316 0.2948 0.2023 0.1545 0.2048 0.4199 0.4866 0.3890 0.2680
