0.0545 0.5159 1.0000 1.0000 0.0007 0.0053 0.0404 0.3070 1.0000 1.0000 0.0004 0.0031 0.0239 0.1813 1.0000 1.0000 0.0002 0.0019 0.0141 0.1070 0.8128 1.0000 1.0000 0.0011 0.0083 0.0632 0.4799 1.0000 1.0000 0.0006 0.0049 0.0373 0.2834 1.0000 1.0000 0.0004 0.0029 0.0220 0.1673 1.0000 1.0000 0.0002 0.0017 0.0130 0.0988 0.7504 1.0000 1.0000 0.0010 0.0077 0.0281 0.0077 0.0010 1.0000 1.0000 0.7504 0.0988 0.0130 0.0017 0.0002 1.0000 1.0000 0.1673 0.0220 0.0029 0.0004 1.0000 1.0000 0.2834 0.0373 0.0049 0.0006 1.0000 1.0000 0.4799 0.0632 0.0083 0.0011 1.0000 1.0000 0.8128 0.1070 0.0141 0.0019 0.0002 1.0000 1.0000 0.1813 0.0239 0.0031 0.0004 1.0000 1.0000 0.3070 0.0404 0.0053 0.0007 1.0000 1.0000 0.5159 0.0545
0.5159 1.0000 1.0000 0.0008 0.0057 0.0435 0.3293 1.0000 1.0000 0.0004 0.0034 0.0256 0.1945 1.0000 1.0000 0.0003 0.0020 0.0151 0.1146 0.8720 1.0000 1.0000 0.0012 0.0089 0.0678 0.5139 1.0000 1.0000 0.0007 0.0053 0.0400 0.3041 1.0000 1.0000 0.0004 0.0031 0.0236 0.1792 1.0000 1.0000 0.0002 0.0018 0.0139 0.1060 0.8036 1.0000 1.0000 0.0011 0.0083 0.0636 0.2209 0.0636 0.0083 0.0011 1.0000 1.0000 0.8036 0.1060 0.0139 0.0018 0.0002 1.0000 1.0000 0.1792 0.0236 0.0031 0.0004 1.0000 1.0000 0.3041 0.0400 0.0053 0.0007 1.0000 1.0000 0.5139 0.0678 0.0089 0.0012 1.0000 1.0000 0.8720 0.1146 0.0151 0.0020 0.0003 1.0000 1.0000 0.1945 0.0256 0.0034 0.0004 1.0000 1.0000 0.3293 0.0435 0.0057 0.0008 1.0000 1.0000 0.5159
1.0000 1.0000 0.0007 0.0052 0.0386 0.2888 1.0000 1.0000 0.0004 0.0029 0.0221 0.1677 1.0000 1.0000 0.0002 0.0017 0.0130 0.0990 0.7518 1.0000 1.0000 0.0010 0.0077 0.0585 0.4439 1.0000 1.0000 0.0006 0.0045 0.0345 0.2621 1.0000 1.0000 0.0004 0.0027 0.0204 0.1548 1.0000 1.0000 0.0002 0.0016 0.0120 0.0914 0.6941 1.0000 1.0000 0.0009 0.0071 0.0545 0.4169 1.0000 0.4169 0.0545 0.0071 0.0009 1.0000 1.0000 0.6941 0.0914 0.0120 0.0016 0.0002 1.0000 1.0000 0.1548 0.0204 0.0027 0.0004 1.0000 1.0000 0.2621 0.0345 0.0045 0.0006 1.0000 1.0000 0.4439 0.0585 0.0077 0.0010 1.0000 1.0000 0.7518 0.0990 0.0130 0.0017 0.0002 1.0000 1.0000 0.1677 0.0221 0.0029 0.0004 1.0000 1.0000 0.2888 0.0386 0.0052 0.0007 1.0000 1.0000
1.0000 0.0008 0.0052 0.0370 0.2682 1.0000 1.0000 0.0003 0.0026 0.0194 0.1470 1.0000 1.0000 1.0000 0.0015 0.0114 0.0867 0.6581 1.0000 1.0000 0.0009 0.0067 0.0512 0.3886 1.0000 1.0000 0.0005 0.0040 0.0302 0.2295 1.0000 1.0000 0.0003 0.0023 0.0178 0.1355 1.0000 1.0000 1.0000 0.0014 0.0105 0.0800 0.6076 1.0000 1.0000 0.0008 0.0062 0.0472 0.3615 1.0000 1.0000 1.0000 0.3615 0.0472 0.0062 0.0008 1.0000 1.0000 0.6076 0.0800 0.0105 0.0014 1.0000 1.0000 1.0000 0.1355 0.0178 0.0023 0.0003 1.0000 1.0000 0.2295 0.0302 0.0040 0.0005 1.0000 1.0000 0.3886 0.0512 0.0067 0.0009 1.0000 1.0000 0.6581 0.0867 0.0114 0.0015 1.0000 1.0000 1.0000 0.1470 0.0194 0.0026 0.0003 1.0000 1.0000 0.2682 0.0370 0.0052 0.0008 1.0000
0.0007 0.0057 0.0386 0.2682 1.0000 1.0000 0.0003 0.0023 0.0173 0.1299 0.9812 1.0000 1.0000 0.0013 0.0100 0.0757 0.5750 1.0000 1.0000 0.0008 0.0059 0.0447 0.3395 1.0000 1.0000 0.0005 0.0035 0.0264 0.2005 1.0000 1.0000 0.0003 0.0021 0.0156 0.1184 0.8990 1.0000 1.0000 0.0012 0.0092 0.0699 0.5308 1.0000 1.0000 0.0007 0.0054 0.0413 0.3135 1.0000 1.0000 1.0000 1.0000 1.0000 0.3135 0.0413 0.0054 0.0007 1.0000 1.0000 0.5308 0.0699 0.0092 0.0012 1.0000 1.0000 0.8990 0.1184 0.0156 0.0021 0.0003 1.0000 1.0000 0.2005 0.0264 0.0035 0.0005 1.0000 1.0000 0.3395 0.0447 0.0059 0.0008 1.0000 1.0000 0.5750 0.0757 0.0100 0.0013 1.0000 1.0000 0.9812 0.1299 0.0173 0.0023 0.0003 1.0000 1.0000 0.2682 0.0386 0.0057 0.0007
0.0053 0.0435 0.2888 1.0000 1.0000 0.0003 0.0022 0.0159 0.1175 0.8754 1.0000 1.0000 0.0012 0.0087 0.0662 0.5024 1.0000 1.0000 0.0007 0.0051 0.0391 0.2966 1.0000 1.0000 0.0004 0.0030 0.0231 0.1752 1.0000 1.0000 0.0002 0.0018 0.0136 0.1034 0.7854 1.0000 1.0000 0.0011 0.0080 0.0611 0.4638 1.0000 1.0000 0.0006 0.0047 0.0361 0.2739 1.0000 1.0000 0.0004 0.0013 0.0004 1.0000 1.0000 0.2739 0.0361 0.0047 0.0006 1.0000 1.0000 0.4638 0.0611 0.0080 0.0011 1.0000 1.0000 0.7854 0.1034 0.0136 0.0018 0.0002 1.0000 1.0000 0.1752 0.0231 0.0030 0.0004 1.0000 1.0000 0.2966 0.0391 0.0051 0.0007 1.0000 1.0000 0.5024 0.0662 0.0087 0.0012 1.0000 1.0000 0.8754 0.1175 0.0159 0.0022 0.0003 1.0000 1.0000 0.2888 0.0435 0.0053
0.0404 0.3293 1.0000 1.0000 0.0003 0.0022 0.0154 0.1108 0.8082 1.0000 1.0000 0.0010 0.0077 0.0582 0.4406 1.0000 1.0000 0.0006 0.0045 0.0341 0.2592 1.0000 1.0000 0.0003 0.0027 0.0202 0.1530 1.0000 1.0000 0.0002 0.0016 0.0119 0.0904 0.6862 1.0000 1.0000 0.0009 0.0070 0.0534 0.4052 1.0000 1.0000 0.0005 0.0041 0.0315 0.2393 1.0000 1.0000 0.0003 0.0025 0.0085 0.0025 0.0003 1.0000 1.0000 0.2393 0.0315 0.0041 0.0005 1.0000 1.0000 0.4052 0.0534 0.0070 0.0009 1.0000 1.0000 0.6862 0.0904 0.0119 0.0016 0.0002 1.0000 1.0000 0.1530 0.0202 0.0027 0.0003 1.0000 1.0000 0.2592 0.0341 0.0045 0.0006 1.0000 1.0000 0.4406 0.0582 0.0077 0.0010 1.0000 1.0000 0.8082 0.1108 0.0154 0.0022 0.0003 1.0000 1.0000 0.3293 0.0404
0.3070 1.0000 1.0000 0.0003 0.0023 0.0159 0.1108 0.7854 1.0000 1.0000 0.0009 0.0069 0.0520 0.3908 1.0000 1.0000 0.0005 0.0039 0.0298 0.2264 1.0000 1.0000 0.0003 0.0023 0.0176 0.1337 1.0000 1.0000 1.0000 0.0014 0.0104 0.0790 0.5995 1.0000 1.0000 0.0008 0.0061 0.0466 0.3540 1.0000 1.0000 0.0005 0.0036 0.0275 0.2090 1.0000 1.0000 0.0003 0.0022 0.0165 0.0566 0.0165 0.0022 0.0003 1.0000 1.0000 0.2090 0.0275 0.0036 0.0005 1.0000 1.0000 0.3540 0.0466 0.0061 0.0008 1.0000 1.0000 0.5995 0.0790 0.0104 0.0014 1.0000 1.0000 1.0000 0.1337 0.0176 0.0023 0.0003 1.0000 1.0000 0.2264 0.0298 0.0039 0.0005 1.0000 1.0000 0.3908 0.0520 0.0069 0.0009 1.0000 1.0000 0.7854 0.1108 0.0159 0.0023 0.0003 1.0000 1.0000 0.3070
1.0000 1.0000 0.0004 0.0026 0.0173 0.1175 0.8082 1.0000 1.0000 0.0009 0.0065 0.0475 0.3527 1.0000 1.0000 0.0005 0.0035 0.0262 0.1982 1.0000 1.0000 0.0003 0.0020 0.0154 0.1168 0.8871 1.0000 1.0000 0.0012 0.0091 0.0690 0.5238 1.0000 1.0000 0.0007 0.0054 0.0407 0.3093 1.0000 1.0000 0.0004 0.0032 0.0241 0.1826 1.0000 1.0000 0.0002 0.0019 0.0143 0.1097 0.3755 0.1097 0.0143 0.0019 0.0002 1.0000 1.0000 0.1826 0.0241 0.0032 0.0004 1.0000 1.0000 0.3093 0.0407 0.0054 0.0007 1.0000 1.0000 0.5238 0.0690 0.0091 0.0012 1.0000 1.0000 0.8871 0.1168 0.0154 0.0020 0.0003 1.0000 1.0000 0.1982 0.0262 0.0035 0.0005 1.0000 1.0000 0.3527 0.0475 0.0065 0.0009 1.0000 1.0000 0.8082 0.1175 0.0173 0.0026 0.0004 1.0000 1.0000
1.0000 0.0004 0.0029 0.0194 0.1299 0.8754 1.0000 1.0000 0.0009 0.0063 0.0452 0.3293 1.0000 1.0000 0.0004 0.0031 0.0232 0.1745 1.0000 1.0000 0.0002 0.0018 0.0134 0.1021 0.7750 1.0000 1.0000 0.0010 0.0079 0.0603 0.4577 1.0000 1.0000 0.0006 0.0047 0.0356 0.2702 1.0000 1.0000 0.0004 0.0028 0.0210 0.1596 1.0000 1.0000 0.0002 0.0016 0.0124 0.0949 0.7279 1.0000 0.7279 0.0949 0.0124 0.0016 0.0002 1.0000 1.0000 0.1596 0.0210 0.0028 0.0004 1.0000 1.0000 0.2702 0.0356 0.0047 0.0006 1.0000 1.0000 0.4577 0.0603 0.0079 0.0010 1.0000 1.0000 0.7750 0.1021 0.0134 0.0018 0.0002 1.0000 1.0000 0.1745 0.0232 0.0031 0.0004 1.0000 1.0000 0.3293 0.0452 0.0063 0.0009 1.0000 1.0000 0.8754 0.1299 0.0194 0.0029 0.0004 1.0000
0.0004 0.0034 0.0221 0.1470 0.9812 1.0000 1.0000 0.0009 0.0065 0.0452 0.3207 1.0000 1.0000 0.0004 0.0028 0.0208 0.1557 1.0000 1.0000 0.0002 0.0015 0.0117 0.0892 0.6771 1.0000 1.0000 0.0009 0.0069 0.0527 0.3998 1.0000 1.0000 0.0005 0.0041 0.0311 0.2361 1.0000 1.0000 0.0003 0.0024 0.0184 0.1394 1.0000 1.0000 1.0000 0.0014 0.0108 0.0823 0.6299 1.0000 1.0000 1.0000 0.6299 0.0823 0.0108 0.0014 1.0000 1.0000 1.0000 0.1394 0.0184 0.0024 0.0003 1.0000 1.0000 0.2361 0.0311 0.0041 0.0005 1.0000 1.0000 0.3998 0.0527 0.0069 0.0009 1.0000 1.0000 0.6771 0.0892 0.0117 0.0015 0.0002 1.0000 1.0000 0.1557 0.0208 0.0028 0.0004 1.0000 1.0000 0.3207 0.0452 0.0065 0.0009 1.0000 1.0000 0.9812 0.1470 0.0221 0.0034 0.0004
0.0031 0.0256 0.1677 1.0000 1.0000 1.0000 0.0010 0.0069 0.0475 0.3293 1.0000 1.0000 0.0004 0.0026 0.0192 0.1416 1.0000 1.0000 1.0000 0.0014 0.0103 0.0782 0.5927 1.0000 1.0000 0.0008 0.0061 0.0460 0.3493 1.0000 1.0000 0.0005 0.0036 0.0272 0.2063 1.0000 1.0000 0.0003 0.0021 0.0160 0.1218 0.9250 1.0000 1.0000 0.0012 0.0095 0.0719 0.5462 1.0000 1.0000 0.0003 1.0000 1.0000 0.5462 0.0719 0.0095 0.0012 1.0000 1.0000 0.9250 0.1218 0.0160 0.0021 0.0003 1.0000 1.0000 0.2063 0.0272 0.0036 0.0005 1.0000 1.0000 0.3493 0.0460 0.0061 0.0008 1.0000 1.0000 0.5927 0.0782 0.0103 0.0014 1.0000 1.0000 1.0000 0.1416 0.0192 0.0026 0.0004 1.0000 1.0000 0.3293 0.0475 0.0069 0.0010 1.0000 1.0000 1.0000 0.1677 0.0256 0.0031
0.0239 0.1945 1.0000 1.0000 1.0000 0.0012 0.0077 0.0520 0.3527 1.0000 1.0000 0.0004 0.0026 0.0183 0.1329 0.9719 1.0000 1.0000 0.0012 0.0092 0.0691 0.5218 1.0000 1.0000 0.0007 0.0053 0.0402 0.3052 1.0000 1.0000 0.0004 0.0031 0.0237 0.1802 1.0000 1.0000 0.0002 0.0018 0.0140 0.1064 0.8082 1.0000 1.0000 0.0011 0.0083 0.0628 0.4772 1.0000 1.0000 0.0007 0.0022 0.0007 1.0000 1.0000 0.4772 0.0628 0.0083 0.0011 1.0000 1.0000 0.8082 0.1064 0.0140 0.0018 0.0002 1.0000 1.0000 0.1802 0.0237 0.0031 0.0004 1.0000 1.0000 0.3052 0.0402 0.0053 0.0007 1.0000 1.0000 0.5218 0.0691 0.0092 0.0012 1.0000 1.0000 0.9719 0.1329 0.0183 0.0026 0.0004 1.0000 1.0000 0.3527 0.0520 0.0077 0.0012 1.0000 1.0000 1.0000 0.1945 0.0239
0.1813 1.0000 1.0000 1.0000 0.0013 0.0087 0.0582 0.3908 1.0000 1.0000 0.0004 0.0026 0.0183 0.1299 0.9321 1.0000 1.0000 0.0011 0.0083 0.0619 0.4638 1.0000 1.0000 0.0006 0.0046 0.0351 0.2667 1.0000 1.0000 0.0004 0.0027 0.0207 0.1575 1.0000 1.0000 0.0002 0.0016 0.0122 0.0930 0.7061 1.0000 1.0000 0.0010 0.0072 0.0549 0.4169 1.0000 1.0000 0.0006 0.0043 0.0149 0.0043 0.0006 1.0000 1.0000 0.4169 0.0549 0.0072 0.0010 1.0000 1.0000 0.7061 0.0930 0.0122 0.0016 0.0002 1.0000 1.0000 0.1575 0.0207 0.0027 0.0004 1.0000 1.0000 0.2667 0.0351 0.0046 0.0006 1.0000 1.0000 0.4638 0.0619 0.0083 0.0011 1.0000 1.0000 0.9321 0.1299 0.0183 0.0026 0.0004 1.0000 1.0000 0.3908 0.0582 0.0087 0.0013 1.0000 1.0000 1.0000 0.1813
1.0000 1.0000 0.0002 0.0015 0.0100 0.0662 0.4406 1.0000 1.0000 0.0004 0.0028 0.0192 0.1329 0.9321 1.0000 1.0000 0.0011 0.0077 0.0567 0.4201 1.0000 1.0000 0.0005 0.0041 0.0309 0.2339 1.0000 1.0000 0.0003 0.0024 0.0181 0.1376 1.0000 1.0000 1.0000 0.0014 0.0107 0.0812 0.6169 1.0000 1.0000 0.0008 0.0063 0.0480 0.3643 1.0000 1.0000 0.0005 0.0038 0.0288 0.0986 0.0288 0.0038 0.0005 1.0000 1.0000 0.3643 0.0480 0.0063 0.0008 1.0000 1.0000 0.6169 0.0812 0.0107 0.0014 1.0000 1.0000 1.0000 0.1376 0.0181 0.0024 0.0003 1.0000 1.0000 0.2339 0.0309 0.0041 0.0005 1.0000 1.0000 0.4201 0.0567 0.0077 0.0011 1.0000 1.0000 0.9321 0.1329 0.0192 0.0028 0.0004 1.0000 1.0000 0.4406 0.0662 0.0100 0.0015 0.0002 1.0000 1.0000
1.0000 0.0003 0.0017 0.0114 0.0757 0.5024 1.0000 1.0000 0.0005 0.0031 0.0208 0.1416 0.9719 1.0000 1.0000 0.0010 0.0074 0.0535 0.3901 1.0000 1.0000 0.0005 0.0037 0.0274 0.2067 1.0000 1.0000 0.0003 0.0021 0.0158 0.1202 0.9128 1.0000 1.0000 0.0012 0.0093 0.0710 0.5390 1.0000 1.0000 0.0007 0.0055 0.0419 0.3183 1.0000 1.0000 0.0004 0.0033 0.0249 0.1912 0.6544 0.1912 0.0249 0.0033 0.0004 1.0000 1.0000 0.3183 0.0419 0.0055 0.0007 1.0000 1.0000 0.5390 0.0710 0.0093 0.0012 1.0000 1.0000 0.9128 0.1202 0.0158 0.0021 0.0003 1.0000 1.0000 0.2067 0.0274 0.0037 0.0005 1.0000 1.0000 0.3901 0.0535 0.0074 0.0010 1.0000 1.0000 0.9719 0.1416 0.0208 0.0031 0.0005 1.0000 1.0000 0.5024 0.0757 0.0114 0.0017 0.0003 1.0000
0.0002 0.0020 0.0130 0.0867 0.5750 1.0000 1.0000 0.0005 0.0035 0.0232 0.1557 1.0000 1.0000 1.0000 0.0011 0.0074 0.0524 0.3748 1.0000 1.0000 0.0004 0.0033 0.0247 0.1844 1.0000 1.0000 0.0002 0.0018 0.0139 0.1050 0.7975 1.0000 1.0000 0.0011 0.0082 0.0620 0.4709 1.0000 1.0000 0.0006 0.0048 0.0366 0.2781 1.0000 1.0000 0.0004 0.0028 0.0216 0.1654 1.0000 1.0000 1.0000 0.1654 0.0216 0.0028 0.0004 1.0000 1.0000 0.2781 0.0366 0.0048 0.0006 1.0000 1.0000 0.4709 0.0620 0.0082 0.0011 1.0000 1.0000 0.7975 0.1050 0.0139 0.0018 0.0002 1.0000 1.0000 0.1844 0.0247 0.0033 0.0004 1.0000 1.0000 0.3748 0.0524 0.0074 0.0011 1.0000 1.0000 1.0000 0.1557 0.0232 0.0035 0.0005 1.0000 1.0000 0.5750 0.0867 0.0130 0.0020 0.0002
0.0019 0.0151 0.0990 0.6581 1.0000 1.0000 0.0006 0.0039 0.0262 0.1745 1.0000 1.0000 1.0000 0.0011 0.0077 0.0535 0.3748 1.0000 1.0000 0.0004 0.0031 0.0227 0.1677 1.0000 1.0000 0.0002 0.0016 0.0122 0.0923 0.6981 1.0000 1.0000 0.0009 0.0071 0.0542 0.4114 1.0000 1.0000 0.0006 0.0042 0.0320 0.2429 1.0000 1.0000 0.0003 0.0025 0.0189 0.1435 1.0000 1.0000 1.0000 1.0000 1.0000 0.1435 0.0189 0.0025 0.0003 1.0000 1.0000 0.2429 0.0320 0.0042 0.0006 1.0000 1.0000 0.4114 0.0542 0.0071 0.0009 1.0000 1.0000 0.6981 0.0923 0.0122 0.0016 0.0002 1.0000 1.0000 0.1677 0.0227 0.0031 0.0004 1.0000 1.0000 0.3748 0.0535 0.0077 0.0011 1.0000 1.0000 1.0000 0.1745 0.0262 0.0039 0.0006 1.0000 1.0000 0.6581 0.0990 0.0151 0.0019
0.0141 0.1146 0.7518 1.0000 1.0000 0.0007 0.0045 0.0298 0.1982 1.0000 1.0000 1.0000 0.0012 0.0083 0.0567 0.3901 1.0000 1.0000 0.0004 0.0030 0.0215 0.1563 1.0000 1.0000 1.0000 0.0014 0.0109 0.0819 0.6169 1.0000 1.0000 0.0008 0.0062 0.0473 0.3595 1.0000 1.0000 0.0005 0.0037 0.0280 0.2123 1.0000 1.0000 0.0003 0.0022 0.0165 0.1253 0.9518 1.0000 1.0000 0.0006 1.0000 1.0000 0.9518 0.1253 0.0165 0.0022 0.0003 1.0000 1.0000 0.2123 0.0280 0.0037 0.0005 1.0000 1.0000 0.3595 0.0473 0.0062 0.0008 1.0000 1.0000 0.6169 0.0819 0.0109 0.0014 1.0000 1.0000 1.0000 0.1563 0.0215 0.0030 0.0004 1.0000 1.0000 0.3901 0.0567 0.0083 0.0012 1.0000 1.0000 1.0000 0.1982 0.0298 0.0045 0.0007 1.0000 1.0000 0.7518 0.1146 0.0141
0.1070 0.8720 1.0000 1.0000 0.0008 0.0051 0.0341 0.2264 1.0000 1.0000 0.0002 0.0014 0.0092 0.0619 0.4201 1.0000 1.0000 0.0004 0.0030 0.0211 0.1507 1.0000 1.0000 1.0000 0.0013 0.0098 0.0733 0.5493 1.0000 1.0000 0.0007 0.0055 0.0414 0.3141 1.0000 1.0000 0.0004 0.0032 0.0244 0.1854 1.0000 1.0000 0.0003 0.0019 0.0144 0.1095 0.8315 1.0000 1.0000 0.0011 0.0039 0.0011 1.0000 1.0000 0.8315 0.1095 0.0144 0.0019 0.0003 1.0000 1.0000 0.1854 0.0244 0.0032 0.0004 1.0000 1.0000 0.3141 0.0414 0.0055 0.0007 1.0000 1.0000 0.5493 0.0733 0.0098 0.0013 1.0000 1.0000 1.0000 0.1507 0.0211 0.0030 0.0004 1.0000 1.0000 0.4201 0.0619 0.0092 0.0014 0.0002 1.0000 1.0000 0.2264 0.0341 0.0051 0.0008 1.0000 1.0000 0.8720 0.1070
0.8128 1.0000 1.0000 0.0009 0.0059 0.0391 0.2592 1.0000 1.0000 0.0002 0.0015 0.0103 0.0691 0.4638 1.0000 1.0000 0.0004 0.0031 0.0215 0.1507 1.0000 1.0000 1.0000 0.0012 0.0090 0.0668 0.4957 1.0000 1.0000 0.0006 0.0048 0.0365 0.2760 1.0000 1.0000 0.0004 0.0028 0.0213 0.1620 1.0000 1.0000 0.0002 0.0017 0.0126 0.0957 0.7265 1.0000 1.0000 0.0010 0.0076 0.0259 0.0076 0.0010 1.0000 1.0000 0.7265 0.0957 0.0126 0.0017 0.0002 1.0000 1.0000 0.1620 0.0213 0.0028 0.0004 1.0000 1.0000 0.2760 0.0365 0.0048 0.0006 1.0000 1.0000 0.4957 0.0668 0.0090 0.0012 1.0000 1.0000 1.0000 0.1507 0.0215 0.0031 0.0004 1.0000 1.0000 0.4638 0.0691 0.0103 0.0015 0.0002 1.0000 1.0000 0.2592 0.0391 0.0059 0.0009 1.0000 1.0000 0.8128
1.0000 1.0000 0.0010 0.0067 0.0447 0.2966 1.0000 1.0000 0.0003 0.0018 0.0117 0.0782 0.5218 1.0000 1.0000 0.0005 0.0033 0.0227 0.1563 1.0000 1.0000 1.0000 0.0012 0.0086 0.0625 0.4577 1.0000 1.0000 0.0006 0.0043 0.0324 0.2439 1.0000 1.0000 0.0003 0.0025 0.0186 0.1416 1.0000 1.0000 1.0000 0.0014 0.0110 0.0836 0.6347 1.0000 1.0000 0.0009 0.0065 0.0502 0.1719 0.0502 0.0065 0.0009 1.0000 1.0000 0.6347 0.0836 0.0110 0.0014 1.0000 1.0000 1.0000 0.1416 0.0186 0.0025 0.0003 1.0000 1.0000 0.2439 0.0324 0.0043 0.0006 1.0000 1.0000 0.4577 0.0625 0.0086 0.0012 1.0000 1.0000 1.0000 0.1563 0.0227 0.0033 0.0005 1.0000 1.0000 0.5218 0.0782 0.0117 0.0018 0.0003 1.0000 1.0000 0.2966 0.0447 0.0067 0.0010 1.0000 1.0000
1.0000 0.0012 0.0077 0.0512 0.3395 1.0000 1.0000 0.0003 0.0020 0.0134 0.0892 0.5927 1.0000 1.0000 0.0005 0.0037 0.0247 0.1677 1.0000 1.0000 1.0000 0.0012 0.0084 0.0604 0.4347 1.0000 1.0000 0.0005 0.0039 0.0290 0.2172 1.0000 1.0000 0.0003 0.0022 0.0163 0.1237 0.9392 1.0000 1.0000 0.0013 0.0096 0.0730 0.5546 1.0000 1.0000 0.0007 0.0057 0.0435 0.3331 1.0000 0.3331 0.0435 0.0057 0.0007 1.0000 1.0000 0.5546 0.0730 0.0096 0.0013 1.0000 1.0000 0.9392 0.1237 0.0163 0.0022 0.0003 1.0000 1.0000 0.2172 0.0290 0.0039 0.0005 1.0000 1.0000 0.4347 0.0604 0.0084 0.0012 1.0000 1.0000 1.0000 0.1677 0.0247 0.0037 0.0005 1.0000 1.0000 0.5927 0.0892 0.0134 0.0020 0.0003 1.0000 1.0000 0.3395 0.0512 0.0077 0.0012 1.0000
0.0011 0.0089 0.0585 0.3886 1.0000 1.0000 0.0003 0.0023 0.0154 0.1021 0.6771 1.0000 1.0000 0.0006 0.0041 0.0274 0.1844 1.0000 1.0000 1.0000 0.0012 0.0086 0.0604 0.4274 1.0000 1.0000 0.0005 0.0036 0.0266 0.1971 1.0000 1.0000 0.0003 0.0019 0.0144 0.1087 0.8221 1.0000 1.0000 0.0011 0.0084 0.0638 0.4845 1.0000 1.0000 0.0007 0.0050 0.0377 0.2883 1.0000 1.0000 1.0000 0.2883 0.0377 0.0050 0.0007 1.0000 1.0000 0.4845 0.0638 0.0084 0.0011 1.0000 1.0000 0.8221 0.1087 0.0144 0.0019 0.0003 1.0000 1.0000 0.1971 0.0266 0.0036 0.0005 1.0000 1.0000 0.4274 0.0604 0.0086 0.0012 1.0000 1.0000 1.0000 0.1844 0.0274 0.0041 0.0006 1.0000 1.0000 0.6771 0.1021 0.0154 0.0023 0.0003 1.0000 1.0000 0.3886 0.0585 0.0089 0.0011
0.0083 0.0678 0.4439 1.0000 1.0000 0.0004 0.0027 0.0176 0.1168 0.7750 1.0000 1.0000 0.0007 0.0046 0.0309 0.2067 1.0000 1.0000 1.0000 0.0013 0.0090 0.0625 0.4347 1.0000 1.0000 0.0005 0.0034 0.0250 0.1826 1.0000 1.0000 0.0002 0.0017 0.0128 0.0962 0.7251 1.0000 1.0000 0.0010 0.0073 0.0557 0.4233 1.0000 1.0000 0.0006 0.0043 0.0329 0.2500 1.0000 1.0000 1.0000 1.0000 1.0000 0.2500 0.0329 0.0043 0.0006 1.0000 1.0000 0.4233 0.0557 0.0073 0.0010 1.0000 1.0000 0.7251 0.0962 0.0128 0.0017 0.0002 1.0000 1.0000 0.1826 0.0250 0.0034 0.0005 1.0000 1.0000 0.4347 0.0625 0.0090 0.0013 1.0000 1.0000 1.0000 0.2067 0.0309 0.0046 0.0007 1.0000 1.0000 0.7750 0.1168 0.0176 0.0027 0.0004 1.0000 1.0000 0.4439 0.0678 0.0083
0.0632 0.5139 1.0000 1.0000 0.0005 0.0030 0.0202 0.1337 0.8871 1.0000 1.0000 0.0008 0.0053 0.0351 0.2339 1.0000 1.0000 0.0002 0.0014 0.0098 0.0668 0.4577 1.0000 1.0000 0.0005 0.0034 0.0242 0.1742 1.0000 1.0000 0.0002 0.0015 0.0115 0.0860 0.6457 1.0000 1.0000 0.0009 0.0064 0.0488 0.3699 1.0000 1.0000 0.0005 0.0038 0.0288 0.2184 1.0000 1.0000 0.0003 0.0010 0.0003 1.0000 1.0000 0.2184 0.0288 0.0038 0.0005 1.0000 1.0000 0.3699 0.0488 0.0064 0.0009 1.0000 1.0000 0.6457 0.0860 0.0115 0.0015 0.0002 1.0000 1.0000 0.1742 0.0242 0.0034 0.0005 1.0000 1.0000 0.4577 0.0668 0.0098 0.0014 0.0002 1.0000 1.0000 0.2339 0.0351 0.0053 0.0008 1.0000 1.0000 0.8871 0.1337 0.0202 0.0030 0.0005 1.0000 1.0000 0.5139 0.0632
0.4799 1.0000 1.0000 0.0005 0.0035 0.0231 0.1530 1.0000 1.0000 1.0000 0.0009 0.0061 0.0402 0.2667 1.0000 1.0000 0.0002 0.0016 0.0109 0.0733 0.4957 1.0000 1.0000 0.0005 0.0034 0.0242 0.1712 1.0000 1.0000 1.0000 0.0014 0.0106 0.0784 0.5827 1.0000 1.0000 0.0008 0.0057 0.0430 0.3250 1.0000 1.0000 0.0004 0.0033 0.0251 0.1908 1.0000 1.0000 0.0003 0.0020 0.0068 0.0020 0.0003 1.0000 1.0000 0.1908 0.0251 0.0033 0.0004 1.0000 1.0000 0.3250 0.0430 0.0057 0.0008 1.0000 1.0000 0.5827 0.0784 0.0106 0.0014 1.0000 1.0000 1.0000 0.1712 0.0242 0.0034 0.0005 1.0000 1.0000 0.4957 0.0733 0.0109 0.0016 0.0002 1.0000 1.0000 0.2667 0.0402 0.0061 0.0009 1.0000 1.0000 1.0000 0.1530 0.0231 0.0035 0.0005 1.0000 1.0000 0.4799
1.0000 1.0000 0.0006 0.0040 0.0264 0.1752 1.0000 1.0000 1.0000 0.0010 0.0069 0.0460 0.3052 1.0000 1.0000 0.0003 0.0018 0.0122 0.0819 0.5493 1.0000 1.0000 0.0005 0.0036 0.0250 0.1742 1.0000 1.0000 1.0000 0.0014 0.0100 0.0729 0.5359 1.0000 1.0000 0.0007 0.0051 0.0381 0.2872 1.0000 1.0000 0.0004 0.0029 0.0220 0.1667 1.0000 1.0000 0.0002 0.0017 0.0132 0.0451 0.0132 0.0017 0.0002 1.0000 1.0000 0.1667 0.0220 0.0029 0.0004 1.0000 1.0000 0.2872 0.0381 0.0051 0.0007 1.0000 1.0000 0.5359 0.0729 0.0100 0.0014 1.0000 1.0000 1.0000 0.1742 0.0250 0.0036 0.0005 1.0000 1.0000 0.5493 0.0819 0.0122 0.0018 0.0003 1.0000 1.0000 0.3052 0.0460 0.0069 0.0010 1.0000 1.0000 1.0000 0.1752 0.0264 0.0040 0.0006 1.0000 1.0000
1.0000 0.0007 0.0045 0.0302 0.2005 1.0000 1.0000 1.0000 0.0012 0.0079 0.0527 0.3493 1.0000 1.0000 0.0003 0.0021 0.0139 0.0923 0.6169 1.0000 1.0000 0.0006 0.0039 0.0266 0.1826 1.0000 1.0000 1.0000 0.0014 0.0097 0.0698 0.5052 1.0000 1.0000 0.0006 0.0046 0.0341 0.2557 1.0000 1.0000 0.0003 0.0025 0.0192 0.1457 1.0000 1.0000 1.0000 0.0015 0.0114 0.0875 0.2995 0.0875 0.0114 0.0015 1.0000 1.0000 1.0000 0.1457 0.0192 0.0025 0.0003 1.0000 1.0000 0.2557 0.0341 0.0046 0.0006 1.0000 1.0000 0.5052 0.0698 0.0097 0.0014 1.0000 1.0000 1.0000 0.1826 0.0266 0.0039 0.0006 1.0000 1.0000 0.6169 0.0923 0.0139 0.0021 0.0003 1.0000 1.0000 0.3493 0.0527 0.0079 0.0012 1.0000 1.0000 1.0000 0.2005 0.0302 0.0045 0.0007 1.0000
0.0006 0.0053 0.0345 0.2295 1.0000 1.0000 0.0002 0.0014 0.0091 0.0603 0.3998 1.0000 1.0000 0.0004 0.0024 0.0158 0.1050 0.6981 1.0000 1.0000 0.0006 0.0043 0.0290 0.1971 1.0000 1.0000 1.0000 0.0014 0.0097 0.0686 0.4901 1.0000 1.0000 0.0006 0.0042 0.0311 0.2308 1.0000 1.0000 0.0003 0.0022 0.0170 0.1280 0.9682 1.0000 1.0000 0.0013 0.0099 0.0757 0.5805 1.0000 0.5805 0.0757 0.0099 0.0013 1.0000 1.0000 0.9682 0.1280 0.0170 0.0022 0.0003 1.0000 1.0000 0.2308 0.0311 0.0042 0.0006 1.0000 1.0000 0.4901 0.0686 0.0097 0.0014 1.0000 1.0000 1.0000 0.1971 0.0290 0.0043 0.0006 1.0000 1.0000 0.6981 0.1050 0.0158 0.0024 0.0004 1.0000 1.0000 0.3998 0.0603 0.0091 0.0014 0.0002 1.0000 1.0000 0.2295 0.0345 0.0053 0.0006
0.0049 0.0400 0.2621 1.0000 1.0000 0.0002 0.0016 0.0104 0.0690 0.4577 1.0000 1.0000 0.0004 0.0027 0.0181 0.1202 0.7975 1.0000 1.0000 0.0007 0.0048 0.0324 0.2172 1.0000 1.0000 0.0002 0.0014 0.0100 0.0698 0.4901 1.0000 1.0000 0.0005 0.0040 0.0290 0.2131 1.0000 1.0000 0.0003 0.0020 0.0151 0.1133 0.8540 1.0000 1.0000 0.0011 0.0086 0.0657 0.5024 1.0000 1.0000 1.0000 0.5024 0.0657 0.0086 0.0011 1.0000 1.0000 0.8540 0.1133 0.0151 0.0020 0.0003 1.0000 1.0000 0.2131 0.0290 0.0040 0.0005 1.0000 1.0000 0.4901 0.0698 0.0100 0.0014 0.0002 1.0000 1.0000 0.2172 0.0324 0.0048 0.0007 1.0000 1.0000 0.7975 0.1202 0.0181 0.0027 0.0004 1.0000 1.0000 0.4577 0.0690 0.0104 0.0016 0.0002 1.0000 1.0000 0.2621 0.0400 0.0049
0.0373 0.3041 1.0000 1.0000 0.0003 0.0018 0.0119 0.0790 0.5238 1.0000 1.0000 0.0005 0.0031 0.0207 0.1376 0.9128 1.0000 1.0000 0.0008 0.0055 0.0365 0.2439 1.0000 1.0000 0.0002 0.0015 0.0106 0.0729 0.5052 1.0000 1.0000 0.0005 0.0039 0.0278 0.2012 1.0000 1.0000 0.0002 0.0018 0.0135 0.1011 0.7590 1.0000 1.0000 0.0010 0.0076 0.0574 0.4356 1.0000 1.0000 0.0003 1.0000 1.0000 0.4356 0.0574 0.0076 0.0010 1.0000 1.0000 0.7590 0.1011 0.0135 0.0018 0.0002 1.0000 1.0000 0.2012 0.0278 0.0039 0.0005 1.0000 1.0000 0.5052 0.0729 0.0106 0.0015 0.0002 1.0000 1.0000 0.2439 0.0365 0.0055 0.0008 1.0000 1.0000 0.9128 0.1376 0.0207 0.0031 0.0005 1.0000 1.0000 0.5238 0.0790 0.0119 0.0018 0.0003 1.0000 1.0000 0.3041 0.0373
0.2834 1.0000 1.0000 0.0003 0.0021 0.0136 0.0904 0.5995 1.0000 1.0000 0.0005 0.0036 0.0237 0.1575 1.0000 1.0000 1.0000 0.0009 0.0062 0.0414 0.2760 1.0000 1.0000 0.0003 0.0017 0.0115 0.0784 0.5359 1.0000 1.0000 0.0005 0.0039 0.0274 0.1956 1.0000 1.0000 0.0002 0.0017 0.0124 0.0916 0.6823 1.0000 1.0000 0.0009 0.0067 0.0504 0.3813 1.0000 1.0000 0.0005 0.0018 0.0005 1.0000 1.0000 0.3813 0.0504 0.0067 0.0009 1.0000 1.0000 0.6823 0.0916 0.0124 0.0017 0.0002 1.0000 1.0000 0.1956 0.0274 0.0039 0.0005 1.0000 1.0000 0.5359 0.0784 0.0115 0.0017 0.0003 1.0000 1.0000 0.2760 0.0414 0.0062 0.0009 1.0000 1.0000 1.0000 0.1575 0.0237 0.0036 0.0005 1.0000 1.0000 0.5995 0.0904 0.0136 0.0021 0.0003 1.0000 1.0000 0.2834
1.0000 1.0000 0.0004 0.0023 0.0156 0.1034 0.6862 1.0000 1.0000 0.0006 0.0041 0.0272 0.1802 1.0000 1.0000 1.0000 0.0011 0.0071 0.0473 0.3141 1.0000 1.0000 0.0003 0.0019 0.0128 0.0860 0.5827 1.0000 1.0000 0.0006 0.0040 0.0278 0.1956 1.0000 1.0000 0.0002 0.0016 0.0116 0.0847 0.6240 1.0000 1.0000 0.0008 0.0059 0.0446 0.3363 1.0000 1.0000 0.0005 0.0035 0.0119 0.0035 0.0005 1.0000 1.0000 0.3363 0.0446 0.0059 0.0008 1.0000 1.0000 0.6240 0.0847 0.0116 0.0016 0.0002 1.0000 1.0000 0.1956 0.0278 0.0040 0.0006 1.0000 1.0000 0.5827 0.0860 0.0128 0.0019 0.0003 1.0000 1.0000 0.3141 0.0473 0.0071 0.0011 1.0000 1.0000 1.0000 0.1802 0.0272 0.0041 0.0006 1.0000 1.0000 0.6862 0.1034 0.0156 0.0023 0.0004 1.0000 1.0000
1.0000 0.0004 0.0027 0.0178 0.1184 0.7854 1.0000 1.0000 0.0007 0.0047 0.0311 0.2063 1.0000 1.0000 1.0000 0.0012 0.0082 0.0542 0.3595 1.0000 1.0000 0.0003 0.0022 0.0144 0.0962 0.6457 1.0000 1.0000 0.0006 0.0042 0.0290 0.2012 1.0000 1.0000 0.0002 0.0015 0.0111 0.0802 0.5838 1.0000 1.0000 0.0007 0.0053 0.0399 0.2995 1.0000 1.0000 0.0004 0.0030 0.0231 0.0788 0.0231 0.0030 0.0004 1.0000 1.0000 0.2995 0.0399 0.0053 0.0007 1.0000 1.0000 0.5838 0.0802 0.0111 0.0015 0.0002 1.0000 1.0000 0.2012 0.0290 0.0042 0.0006 1.0000 1.0000 0.6457 0.0962 0.0144 0.0022 0.0003 1.0000 1.0000 0.3595 0.0542 0.0082 0.0012 1.0000 1.0000 1.0000 0.2063 0.0311 0.0047 0.0007 1.0000 1.0000 0.7854 0.1184 0.0178 0.0027 0.0004 1.0000
0.0004 0.0031 0.0204 0.1355 0.8990 1.0000 1.0000 0.0008 0.0054 0.0356 0.2361 1.0000 1.0000 0.0002 0.0014 0.0093 0.0620 0.4114 1.0000 1.0000 0.0004 0.0025 0.0163 0.1087 0.7251 1.0000 1.0000 0.0007 0.0046 0.0311 0.2131 1.0000 1.0000 0.0002 0.0015 0.0109 0.0778 0.5599 1.0000 1.0000 0.0007 0.0049 0.0363 0.2697 1.0000 1.0000 0.0004 0.0026 0.0201 0.1533 0.5248 0.1533 0.0201 0.0026 0.0004 1.0000 1.0000 0.2697 0.0363 0.0049 0.0007 1.0000 1.0000 0.5599 0.0778 0.0109 0.0015 0.0002 1.0000 1.0000 0.2131 0.0311 0.0046 0.0007 1.0000 1.0000 0.7251 0.1087 0.0163 0.0025 0.0004 1.0000 1.0000 0.4114 0.0620 0.0093 0.0014 0.0002 1.0000 1.0000 0.2361 0.0356 0.0054 0.0008 1.0000 1.0000 0.8990 0.1355 0.0204 0.0031 0.0004
0.0029 0.0236 0.1548 1.0000 1.0000 1.0000 0.0009 0.0061 0.0407 0.2702 1.0000 1.0000 0.0002 0.0016 0.0107 0.0710 0.4709 1.0000 1.0000 0.0004 0.0028 0.0186 0.1237 0.8221 1.0000 1.0000 0.0008 0.0051 0.0341 0.2308 1.0000 1.0000 0.0002 0.0016 0.0111 0.0778 0.5525 1.0000 1.0000 0.0006 0.0046 0.0337 0.2476 1.0000 1.0000 0.0003 0.0023 0.0177 0.1340 1.0000 1.0000 1.0000 0.1340 0.0177 0.0023 0.0003 1.0000 1.0000 0.2476 0.0337 0.0046 0.0006 1.0000 1.0000 0.5525 0.0778 0.0111 0.0016 0.0002 1.0000 1.0000 0.2308 0.0341 0.0051 0.0008 1.0000 1.0000 0.8221 0.1237 0.0186 0.0028 0.0004 1.0000 1.0000 0.4709 0.0710 0.0107 0.0016 0.0002 1.0000 1.0000 0.2702 0.0407 0.0061 0.0009 1.0000 1.0000 1.0000 0.1548 0.0236 0.0029
0.0220 0.1792 1.0000 1.0000 1.0000 0.0011 0.0070 0.0466 0.3093 1.0000 1.0000 0.0003 0.0018 0.0122 0.0812 0.5390 1.0000 1.0000 0.0005 0.0032 0.0213 0.1416 0.9392 1.0000 1.0000 0.0009 0.0057 0.0381 0.2557 1.0000 1.0000 0.0002 0.0017 0.0116 0.0802 0.5599 1.0000 1.0000 0.0006 0.0044 0.0319 0.2325 1.0000 1.0000 0.0003 0.0021 0.0158 0.1186 0.8973 1.0000 1.0000 1.0000 0.8973 0.1186 0.0158 0.0021 0.0003 1.0000 1.0000 0.2325 0.0319 0.0044 0.0006 1.0000 1.0000 0.5599 0.0802 0.0116 0.0017 0.0002 1.0000 1.0000 0.2557 0.0381 0.0057 0.0009 1.0000 1.0000 0.9392 0.1416 0.0213 0.0032 0.0005 1.0000 1.0000 0.5390 0.0812 0.0122 0.0018 0.0003 1.0000 1.0000 0.3093 0.0466 0.0070 0.0011 1.0000 1.0000 1.0000 0.1792 0.0220
0.1673 1.0000 1.0000 1.0000 0.0012 0.0080 0.0534 0.3540 1.0000 1.0000 0.0003 0.0021 0.0140 0.0930 0.6169 1.0000 1.0000 0.0006 0.0037 0.0244 0.1620 1.0000 1.0000 1.0000 0.0010 0.0064 0.0430 0.2872 1.0000 1.0000 0.0003 0.0018 0.0124 0.0847 0.5838 1.0000 1.0000 0.0006 0.0043 0.0310 0.2230 1.0000 1.0000 0.0003 0.0019 0.0144 0.1068 0.7990 1.0000 1.0000 0.0005 1.0000 1.0000 0.7990 0.1068 0.0144 0.0019 0.0003 1.0000 1.0000 0.2230 0.0310 0.0043 0.0006 1.0000 1.0000 0.5838 0.0847 0.0124 0.0018 0.0003 1.0000 1.0000 0.2872 0.0430 0.0064 0.0010 1.0000 1.0000 1.0000 0.1620 0.0244 0.0037 0.0006 1.0000 1.0000 0.6169 0.0930 0.0140 0.0021 0.0003 1.0000 1.0000 0.3540 0.0534 0.0080 0.0012 1.0000 1.0000 1.0000 0.1673
1.0000 1.0000 0.0002 0.0014 0.0092 0.0611 0.4052 1.0000 1.0000 0.0004 0.0024 0.0160 0.1064 0.7061 1.0000 1.0000 0.0006 0.0042 0.0280 0.1854 1.0000 1.0000 1.0000 0.0011 0.0073 0.0488 0.3250 1.0000 1.0000 0.0003 0.0020 0.0135 0.0916 0.6240 1.0000 1.0000 0.0006 0.0044 0.0310 0.2201 1.0000 1.0000 0.0003 0.0018 0.0133 0.0981 0.7251 1.0000 1.0000 0.0009 0.0032 0.0009 1.0000 1.0000 0.7251 0.0981 0.0133 0.0018 0.0003 1.0000 1.0000 0.2201 0.0310 0.0044 0.0006 1.0000 1.0000 0.6240 0.0916 0.0135 0.0020 0.0003 1.0000 1.0000 0.3250 0.0488 0.0073 0.0011 1.0000 1.0000 1.0000 0.1854 0.0280 0.0042 0.0006 1.0000 1.0000 0.7061 0.1064 0.0160 0.0024 0.0004 1.0000 1.0000 0.4052 0.0611 0.0092 0.0014 0.0002 1.0000 1.0000
1.0000 0.0002 0.0016 0.0105 0.0699 0.4638 1.0000 1.0000 0.0004 0.0028 0.0184 0.1218 0.8082 1.0000 1.0000 0.0007 0.0048 0.0320 0.2123 1.0000 1.0000 1.0000 0.0013 0.0084 0.0557 0.3699 1.0000 1.0000 0.0003 0.0022 0.0151 0.1011 0.6823 1.0000 1.0000 0.0007 0.0046 0.0319 0.2230 1.0000 1.0000 0.0002 0.0018 0.0127 0.0921 0.6746 1.0000 1.0000 0.0008 0.0064 0.0218 0.0064 0.0008 1.0000 1.0000 0.6746 0.0921 0.0127 0.0018 0.0002 1.0000 1.0000 0.2230 0.0319 0.0046 0.0007 1.0000 1.0000 0.6823 0.1011 0.0151 0.0022 0.0003 1.0000 1.0000 0.3699 0.0557 0.0084 0.0013 1.0000 1.0000 1.0000 0.2123 0.0320 0.0048 0.0007 1.0000 1.0000 0.8082 0.1218 0.0184 0.0028 0.0004 1.0000 1.0000 0.4638 0.0699 0.0105 0.0016 0.0002 1.0000
0.0002 0.0018 0.0120 0.0800 0.5308 1.0000 1.0000 0.0005 0.0032 0.0210 0.1394 0.9250 1.0000 1.0000 0.0008 0.0055 0.0366 0.2429 1.0000 1.0000 0.0002 0.0014 0.0096 0.0638 0.4233 1.0000 1.0000 0.0004 0.0025 0.0170 0.1133 0.7590 1.0000 1.0000 0.0007 0.0049 0.0337 0.2325 1.0000 1.0000 0.0002 0.0017 0.0124 0.0887 0.6408 1.0000 1.0000 0.0008 0.0058 0.0433 0.1476 0.0433 0.0058 0.0008 1.0000 1.0000 0.6408 0.0887 0.0124 0.0017 0.0002 1.0000 1.0000 0.2325 0.0337 0.0049 0.0007 1.0000 1.0000 0.7590 0.1133 0.0170 0.0025 0.0004 1.0000 1.0000 0.4233 0.0638 0.0096 0.0014 0.0002 1.0000 1.0000 0.2429 0.0366 0.0055 0.0008 1.0000 1.0000 0.9250 0.1394 0.0210 0.0032 0.0005 1.0000 1.0000 0.5308 0.0800 0.0120 0.0018 0.0002
0.0017 0.0139 0.0914 0.6076 1.0000 1.0000 0.0005 0.0036 0.0241 0.1596 1.0000 1.0000 1.0000 0.0010 0.0063 0.0419 0.2781 1.0000 1.0000 0.0003 0.0017 0.0110 0.0730 0.4845 1.0000 1.0000 0.0004 0.0029 0.0192 0.1280 0.8540 1.0000 1.0000 0.0008 0.0053 0.0363 0.2476 1.0000 1.0000 0.0003 0.0018 0.0124 0.0875 0.6252 1.0000 1.0000 0.0007 0.0053 0.0394 0.2949 1.0000 0.2949 0.0394 0.0053 0.0007 1.0000 1.0000 0.6252 0.0875 0.0124 0.0018 0.0003 1.0000 1.0000 0.2476 0.0363 0.0053 0.0008 1.0000 1.0000 0.8540 0.1280 0.0192 0.0029 0.0004 1.0000 1.0000 0.4845 0.0730 0.0110 0.0017 0.0003 1.0000 1.0000 0.2781 0.0419 0.0063 0.0010 1.0000 1.0000 1.0000 0.1596 0.0241 0.0036 0.0005 1.0000 1.0000 0.6076 0.0914 0.0139 0.0017
0.0130 0.1060 0.6941 1.0000 1.0000 0.0006 0.0041 0.0275 0.1826 1.0000 1.0000 1.0000 0.0011 0.0072 0.0480 0.3183 1.0000 1.0000 0.0003 0.0019 0.0126 0.0836 0.5546 1.0000 1.0000 0.0005 0.0033 0.0220 0.1457 0.9682 1.0000 1.0000 0.0009 0.0059 0.0399 0.2697 1.0000 1.0000 0.0003 0.0018 0.0127 0.0887 0.6252 1.0000 1.0000 0.0007 0.0051 0.0368 0.2708 1.0000 1.0000 1.0000 0.2708 0.0368 0.0051 0.0007 1.0000 1.0000 0.6252 0.0887 0.0127 0.0018 0.0003 1.0000 1.0000 0.2697 0.0399 0.0059 0.0009 1.0000 1.0000 0.9682 0.1457 0.0220 0.0033 0.0005 1.0000 1.0000 0.5546 0.0836 0.0126 0.0019 0.0003 1.0000 1.0000 0.3183 0.0480 0.0072 0.0011 1.0000 1.0000 1.0000 0.1826 0.0275 0.0041 0.0006 1.0000 1.0000 0.6941 0.1060 0.0130
0.0988 0.8036 1.0000 1.0000 0.0007 0.0047 0.0315 0.2090 1.0000 1.0000 1.0000 0.0012 0.0083 0.0549 0.3643 1.0000 1.0000 0.0003 0.0022 0.0144 0.0957 0.6347 1.0000 1.0000 0.0006 0.0038 0.0251 0.1667 1.0000 1.0000 1.0000 0.0010 0.0067 0.0446 0.2995 1.0000 1.0000 0.0003 0.0019 0.0133 0.0921 0.6408 1.0000 1.0000 0.0007 0.0049 0.0353 0.2557 1.0000 1.0000 1.0000 1.0000 1.0000 0.2557 0.0353 0.0049 0.0007 1.0000 1.0000 0.6408 0.0921 0.0133 0.0019 0.0003 1.0000 1.0000 0.2995 0.0446 0.0067 0.0010 1.0000 1.0000 1.0000 0.1667 0.0251 0.0038 0.0006 1.0000 1.0000 0.6347 0.0957 0.0144 0.0022 0.0003 1.0000 1.0000 0.3643 0.0549 0.0083 0.0012 1.0000 1.0000 1.0000 0.2090 0.0315 0.0047 0.0007 1.0000 1.0000 0.8036 0.0988
0.7504 1.0000 1.0000 0.0008 0.0054 0.0361 0.2393 1.0000 1.0000 0.0002 0.0014 0.0095 0.0628 0.4169 1.0000 1.0000 0.0004 0.0025 0.0165 0.1095 0.7265 1.0000 1.0000 0.0007 0.0043 0.0288 0.1908 1.0000 1.0000 1.0000 0.0011 0.0076 0.0504 0.3363 1.0000 1.0000 0.0003 0.0021 0.0144 0.0981 0.6746 1.0000 1.0000 0.0007 0.0049 0.0349 0.2490 1.0000 1.0000 0.0003 0.0010 0.0003 1.0000 1.0000 0.2490 0.0349 0.0049 0.0007 1.0000 1.0000 0.6746 0.0981 0.0144 0.0021 0.0003 1.0000 1.0000 0.3363 0.0504 0.0076 0.0011 1.0000 1.0000 1.0000 0.1908 0.0288 0.0043 0.0007 1.0000 1.0000 0.7265 0.1095 0.0165 0.0025 0.0004 1.0000 1.0000 0.4169 0.0628 0.0095 0.0014 0.0002 1.0000 1.0000 0.2393 0.0361 0.0054 0.0008 1.0000 1.0000 0.7504
1.0000 1.0000 0.0009 0.0062 0.0413 0.2739 1.0000 1.0000 0.0002 0.0016 0.0108 0.0719 0.4772 1.0000 1.0000 0.0004 0.0028 0.0189 0.1253 0.8315 1.0000 1.0000 0.0007 0.0050 0.0329 0.2184 1.0000 1.0000 1.0000 0.0013 0.0086 0.0574 0.3813 1.0000 1.0000 0.0004 0.0023 0.0158 0.1068 0.7251 1.0000 1.0000 0.0007 0.0051 0.0353 0.2490 1.0000 1.0000 0.0003 0.0021 0.0069 0.0021 0.0003 1.0000 1.0000 0.2490 0.0353 0.0051 0.0007 1.0000 1.0000 0.7251 0.1068 0.0158 0.0023 0.0004 1.0000 1.0000 0.3813 0.0574 0.0086 0.0013 1.0000 1.0000 1.0000 0.2184 0.0329 0.0050 0.0007 1.0000 1.0000 0.8315 0.1253 0.0189 0.0028 0.0004 1.0000 1.0000 0.4772 0.0719 0.0108 0.0016 0.0002 1.0000 1.0000 0.2739 0.0413 0.0062 0.0009 1.0000 1.0000
1.0000 0.0011 0.0071 0.0472 0.3135 1.0000 1.0000 0.0003 0.0019 0.0124 0.0823 0.5462 1.0000 1.0000 0.0005 0.0033 0.0216 0.1435 0.9518 1.0000 1.0000 0.0009 0.0057 0.0377 0.2500 1.0000 1.0000 0.0002 0.0015 0.0099 0.0657 0.4356 1.0000 1.0000 0.0004 0.0026 0.0177 0.1186 0.7990 1.0000 1.0000 0.0008 0.0053 0.0368 0.2557 1.0000 1.0000 0.0003 0.0020 0.0144 0.0484 0.0144 0.0020 0.0003 1.0000 1.0000 0.2557 0.0368 0.0053 0.0008 1.0000 1.0000 0.7990 0.1186 0.0177 0.0026 0.0004 1.0000 1.0000 0.4356 0.0657 0.0099 0.0015 0.0002 1.0000 1.0000 0.2500 0.0377 0.0057 0.0009 1.0000 1.0000 0.9518 0.1435 0.0216 0.0033 0.0005 1.0000 1.0000 0.5462 0.0823 0.0124 0.0019 0.0003 1.0000 1.0000 0.3135 0.0472 0.0071 0.0011 1.0000
0.0010 0.0083 0.0545 0.3615 1.0000 1.0000 0.0003 0.0022 0.0143 0.0949 0.6299 1.0000 1.0000 0.0006 0.0038 0.0249 0.1654 1.0000 1.0000 1.0000 0.0010 0.0065 0.0435 0.2883 1.0000 1.0000 0.0003 0.0017 0.0114 0.0757 0.5024 1.0000 1.0000 0.0005 0.0030 0.0201 0.1340 0.8973 1.0000 1.0000 0.0008 0.0058 0.0394 0.2708 1.0000 1.0000 0.0003 0.0020 0.0141 0.1025 0.3441 0.1025 0.0141 0.0020 0.0003 1.0000 1.0000 0.2708 0.0394 0.0058 0.0008 1.0000 1.0000 0.8973 0.1340 0.0201 0.0030 0.0005 1.0000 1.0000 0.5024 0.0757 0.0114 0.0017 0.0003 1.0000 1.0000 0.2883 0.0435 0.0065 0.0010 1.0000 1.0000 1.0000 0.1654 0.0249 0.0038 0.0006 1.0000 1.0000 0.6299 0.0949 0.0143 0.0022 0.0003 1.0000 1.0000 0.3615 0.0545 0.0083 0.0010
0.0077 0.0636 0.4169 1.0000 1.0000 0.0004 0.0025 0.0165 0.1097 0.7279 1.0000 1.0000 0.0007 0.0043 0.0288 0.1912 1.0000 1.0000 1.0000 0.0011 0.0076 0.0502 0.3331 1.0000 1.0000 0.0003 0.0020 0.0132 0.0875 0.5805 1.0000 1.0000 0.0005 0.0035 0.0231 0.1533 1.0000 1.0000 1.0000 0.0009 0.0064 0.0433 0.2949 1.0000 1.0000 0.0003 0.0021 0.0144 0.1025 0.7405 1.0000 0.7405 0.1025 0.0144 0.0021 0.0003 1.0000 1.0000 0.2949 0.0433 0.0064 0.0009 1.0000 1.0000 1.0000 0.1533 0.0231 0.0035 0.0005 1.0000 1.0000 0.5805 0.0875 0.0132 0.0020 0.0003 1.0000 1.0000 0.3331 0.0502 0.0076 0.0011 1.0000 1.0000 1.0000 0.1912 0.0288 0.0043 0.0007 1.0000 1.0000 0.7279 0.1097 0.0165 0.0025 0.0004 1.0000 1.0000 0.4169 0.0636 0.0077
0.0281 0.2209 1.0000 1.0000 1.0000 0.0013 0.0085 0.0566 0.3755 1.0000 1.0000 0.0003 0.0022 0.0149 0.0986 0.6544 1.0000 1.0000 0.0006 0.0039 0.0259 0.1719 1.0000 1.0000 1.0000 0.0010 0.0068 0.0451 0.2995 1.0000 1.0000 0.0003 0.0018 0.0119 0.0788 0.5248 1.0000 1.0000 0.0005 0.0032 0.0218 0.1476 1.0000 1.0000 1.0000 0.0010 0.0069 0.0484 0.3441 1.0000 1.0000 1.0000 0.3441 0.0484 0.0069 0.0010 1.0000 1.0000 1.0000 0.1476 0.0218 0.0032 0.0005 1.0000 1.0000 0.5248 0.0788 0.0119 0.0018 0.0003 1.0000 1.0000 0.2995 0.0451 0.0068 0.0010 1.0000 1.0000 1.0000 0.1719 0.0259 0.0039 0.0006 1.0000 1.0000 0.6544 0.0986 0.0149 0.0022 0.0003 1.0000 1.0000 0.3755 0.0566 0.0085 0.0013 1.0000 1.0000 1.0000 0.2209 0.0281
0.0077 0.0636 0.4169 1.0000 1.0000 0.0004 0.0025 0.0165 0.1097 0.7279 1.0000 1.0000 0.0007 0.0043 0.0288 0.1912 1.0000 1.0000 1.0000 0.0011 0.0076 0.0502 0.3331 1.0000 1.0000 0.0003 0.0020 0.0132 0.0875 0.5805 1.0000 1.0000 0.0005 0.0035 0.0231 0.1533 1.0000 1.0000 1.0000 0.0009 0.0064 0.0433 0.2949 1.0000 1.0000 0.0003 0.0021 0.0144 0.1025 0.7405 1.0000 0.7405 0.1025 0.0144 0.0021 0.0003 1.0000 1.0000 0.2949 0.0433 0.0064 0.0009 1.0000 1.0000 1.0000 0.1533 0.0231 0.0035 0.0005 1.0000 1.0000 0.5805 0.0875 0.0132 0.0020 0.0003 1.0000 1.0000 0.3331 0.0502 0.0076 0.0011 1.0000 1.0000 1.0000 0.1912 0.0288 0.0043 0.0007 1.0000 1.0000 0.7279 0.1097 0.0165 0.0025 0.0004 1.0000 1.0000 0.4169 0.0636 0.0077
0.0010 0.0083 0.0545 0.3615 1.0000 1.0000 0.0003 0.0022 0.0143 0.0949 0.6299 1.0000 1.0000 0.0006 0.0038 0.0249 0.1654 1.0000 1.0000 1.0000 0.0010 0.0065 0.0435 0.2883 1.0000 1.0000 0.0003 0.0017 0.0114 0.0757 0.5024 1.0000 1.0000 0.0005 0.0030 0.0201 0.1340 0.8973 1.0000 1.0000 0.0008 0.0058 0.0394 0.2708 1.0000 1.0000 0.0003 0.0020 0.0141 0.1025 0.3441 0.1025 0.0141 0.0020 0.0003 1.0000 1.0000 0.2708 0.0394 0.0058 0.0008 1.0000 1.0000 0.8973 0.1340 0.0201 0.0030 0.0005 1.0000 1.0000 0.5024 0.0757 0.0114 0.0017 0.0003 1.0000 1.0000 0.2883 0.0435 0.0065 0.0010 1.0000 1.0000 1.0000 0.1654 0.0249 0.0038 0.0006 1.0000 1.0000 0.6299 0.0949 0.0143 0.0022 0.0003 1.0000 1.0000 0.3615 0.0545 0.0083 0.0010
1.0000 0.0011 0.0071 0.0472 0.3135 1.0000 1.0000 0.0003 0.0019 0.0124 0.0823 0.5462 1.0000 1.0000 0.0005 0.0033 0.0216 0.1435 0.9518 1.0000 1.0000 0.0009 0.0057 0.0377 0.2500 1.0000 1.0000 0.0002 0.0015 0.0099 0.0657 0.4356 1.0000 1.0000 0.0004 0.0026 0.0177 0.1186 0.7990 1.0000 1.0000 0.0008 0.0053 0.0368 0.2557 1.0000 1.0000 0.0003 0.0020 0.0144 0.0484 0.0144 0.0020 0.0003 1.0000 1.0000 0.2557 0.0368 0.0053 0.0008 1.0000 1.0000 0.7990 0.1186 0.0177 0.0026 0.0004 1.0000 1.0000 0.4356 0.0657 0.0099 0.0015 0.0002 1.0000 1.0000 0.2500 0.0377 0.0057 0.0009 1.0000 1.0000 0.9518 0.1435 0.0216 0.0033 0.0005 1.0000 1.0000 0.5462 0.0823 0.0124 0.0019 0.0003 1.0000 1.0000 0.3135 0.0472 0.0071 0.0011 1.0000
1.0000 1.0000 0.0009 0.0062 0.0413 0.2739 1.0000 1.0000 0.0002 0.0016 0.0108 0.0719 0.4772 1.0000 1.0000 0.0004 0.0028 0.0189 0.1253 0.8315 1.0000 1.0000 0.0007 0.0050 0.0329 0.2184 1.0000 1.0000 1.0000 0.0013 0.0086 0.0574 0.3813 1.0000 1.0000 0.0004 0.0023 0.0158 0.1068 0.7251 1.0000 1.0000 0.0007 0.0051 0.0353 0.2490 1.0000 1.0000 0.0003 0.0021 0.0069 0.0021 0.0003 1.0000 1.0000 0.2490 0.0353 0.0051 0.0007 1.0000 1.0000 0.7251 0.1068 0.0158 0.0023 0.0004 1.0000 1.0000 0.3813 0.0574 0.0086 0.0013 1.0000 1.0000 1.0000 0.2184 0.0329 0.0050 0.0007 1.0000 1.0000 0.8315 0.1253 0.0189 0.0028 0.0004 1.0000 1.0000 0.4772 0.0719 0.0108 0.0016 0.0002 1.0000 1.0000 0.2739 0.0413 0.0062 0.0009 1.0000 1.0000
0.7504 1.0000 1.0000 0.0008 0.0054 0.0361 0.2393 1.0000 1.0000 0.0002 0.0014 0.0095 0.0628 0.4169 1.0000 1.0000 0.0004 0.0025 0.0165 0.1095 0.7265 1.0000 1.0000 0.0007 0.0043 0.0288 0.1908 1.0000 1.0000 1.0000 0.0011 0.0076 0.0504 0.3363 1.0000 1.0000 0.0003 0.0021 0.0144 0.0981 0.6746 1.0000 1.0000 0.0007 0.0049 0.0349 0.2490 1.0000 1.0000 0.0003 0.0010 0.0003 1.0000 1.0000 0.2490 0.0349 0.0049 0.0007 1.0000 1.0000 0.6746 0.0981 0.0144 0.0021 0.0003 1.0000 1.0000 0.3363 0.0504 0.0076 0.0011 1.0000 1.0000 1.0000 0.1908 0.0288 0.0043 0.0007 1.0000 1.0000 0.7265 0.1095 0.0165 0.0025 0.0004 1.0000 1.0000 0.4169 0.0628 0.0095 0.0014 0.0002 1.0000 1.0000 0.2393 0.0361 0.0054 0.0008 1.0000 1.0000 0.7504
