0.4463 0.4643 0.2843 0.1785 0.2098 0.2916 0.4235 0.4798 0.3473 0.1824 0.1966 0.2654 0.3848 0.4860 0.4007 0.1955 0.1865 0.2427 0.3490 0.4790 0.4402 0.2313 0.1799 0.2235 0.3165 0.4544 0.4662 0.2936 0.1786 0.2076 0.2874 0.4176 0.4814 0.3562 0.1836 0.1949 0.2617 0.3792 0.4859 0.4077 0.1989 0.1852 0.2396 0.3438 0.4764 0.4449 0.2397 0.1793 0.2210 0.3089 0.3906 0.3089 0.2210 0.1793 0.2397 0.4449 0.4764 0.3438 0.2396 0.1852 0.1989 0.4077 0.4859 0.3792 0.2617 0.1949 0.1836 0.3562 0.4814 0.4176 0.2874 0.2076 0.1786 0.2936 0.4662 0.4544 0.3165 0.2235 0.1799 0.2313 0.4402 0.4790 0.3490 0.2427 0.1865 0.1955 0.4007 0.4860 0.3848 0.2654 0.1966 0.1824 0.3473 0.4798 0.4235 0.2916 0.2098 0.1785 0.2843 0.4643 0.4463
0.4643 0.2759 0.1532 0.1909 0.2828 0.4265 0.4799 0.3492 0.1589 0.1749 0.2532 0.3848 0.4873 0.4025 0.1771 0.1623 0.2277 0.3456 0.4821 0.4404 0.2251 0.1543 0.2060 0.3098 0.4584 0.4660 0.2944 0.1535 0.1878 0.2776 0.4199 0.4817 0.3583 0.1607 0.1727 0.2490 0.3786 0.4874 0.4093 0.1819 0.1607 0.2242 0.3400 0.4798 0.4450 0.2351 0.1537 0.2031 0.3053 0.4532 0.4820 0.4532 0.3053 0.2031 0.1537 0.2351 0.4450 0.4798 0.3400 0.2242 0.1607 0.1819 0.4093 0.4874 0.3786 0.2490 0.1727 0.1607 0.3583 0.4817 0.4199 0.2776 0.1878 0.1535 0.2944 0.4660 0.4584 0.3098 0.2060 0.1543 0.2251 0.4404 0.4821 0.3456 0.2277 0.1623 0.1771 0.4025 0.4873 0.3848 0.2532 0.1749 0.1589 0.3492 0.4799 0.4265 0.2828 0.1909 0.1532 0.2759 0.4643
0.2843 0.1532 0.1891 0.2772 0.4170 0.4819 0.3633 0.1618 0.1713 0.2459 0.3736 0.4865 0.4138 0.1857 0.1595 0.2214 0.3353 0.4768 0.4479 0.2423 0.1533 0.2007 0.3006 0.4482 0.4705 0.3118 0.1544 0.1834 0.2694 0.4082 0.4835 0.3727 0.1641 0.1692 0.2419 0.3674 0.4861 0.4199 0.1920 0.1580 0.2181 0.3298 0.4737 0.4520 0.2528 0.1530 0.1979 0.2957 0.4430 0.4707 0.4051 0.4707 0.4430 0.2957 0.1979 0.1530 0.2528 0.4520 0.4737 0.3298 0.2181 0.1580 0.1920 0.4199 0.4861 0.3674 0.2419 0.1692 0.1641 0.3727 0.4835 0.4082 0.2694 0.1834 0.1544 0.3118 0.4705 0.4482 0.3006 0.2007 0.1533 0.2423 0.4479 0.4768 0.3353 0.2214 0.1595 0.1857 0.4138 0.4865 0.3736 0.2459 0.1713 0.1618 0.3633 0.4819 0.4170 0.2772 0.1891 0.1532 0.2843
0.1785 0.1909 0.2772 0.4136 0.4833 0.3735 0.1650 0.1684 0.2398 0.3638 0.4857 0.4238 0.1969 0.1572 0.2158 0.3262 0.4714 0.4546 0.2602 0.1529 0.1960 0.2923 0.4386 0.4748 0.3286 0.1559 0.1795 0.2620 0.3976 0.4853 0.3862 0.1688 0.1661 0.2355 0.3576 0.4847 0.4293 0.2048 0.1560 0.2126 0.3208 0.4675 0.4583 0.2709 0.1528 0.1933 0.2875 0.4326 0.4766 0.3429 0.1906 0.3429 0.4766 0.4326 0.2875 0.1933 0.1528 0.2709 0.4583 0.4675 0.3208 0.2126 0.1560 0.2048 0.4293 0.4847 0.3576 0.2355 0.1661 0.1688 0.3862 0.4853 0.3976 0.2620 0.1795 0.1559 0.3286 0.4748 0.4386 0.2923 0.1960 0.1529 0.2602 0.4546 0.4714 0.3262 0.2158 0.1572 0.1969 0.4238 0.4857 0.3638 0.2398 0.1684 0.1650 0.3735 0.4833 0.4136 0.2772 0.1909 0.1785
0.2098 0.2828 0.4170 0.4833 0.3773 0.1673 0.1663 0.2347 0.3552 0.4841 0.4325 0.2103 0.1554 0.2104 0.3171 0.4645 0.4607 0.2783 0.1529 0.1914 0.2842 0.4284 0.4784 0.3446 0.1580 0.1758 0.2548 0.3871 0.4864 0.3988 0.1748 0.1631 0.2292 0.3478 0.4821 0.4379 0.2200 0.1545 0.2073 0.3119 0.4598 0.4640 0.2889 0.1532 0.1889 0.2795 0.4222 0.4803 0.3532 0.1588 0.1503 0.1588 0.3532 0.4803 0.4222 0.2795 0.1889 0.1532 0.2889 0.4640 0.4598 0.3119 0.2073 0.1545 0.2200 0.4379 0.4821 0.3478 0.2292 0.1631 0.1748 0.3988 0.4864 0.3871 0.2548 0.1758 0.1580 0.3446 0.4784 0.4284 0.2842 0.1914 0.1529 0.2783 0.4607 0.4645 0.3171 0.2104 0.1554 0.2103 0.4325 0.4841 0.3552 0.2347 0.1663 0.1673 0.3773 0.4833 0.4170 0.2828 0.2098
0.2916 0.4265 0.4819 0.3735 0.1673 0.1655 0.2319 0.3491 0.4820 0.4394 0.2243 0.1541 0.2055 0.3085 0.4565 0.4661 0.2961 0.1535 0.1871 0.2763 0.4178 0.4814 0.3598 0.1609 0.1722 0.2479 0.3767 0.4867 0.4104 0.1827 0.1603 0.2233 0.3383 0.4784 0.4456 0.2368 0.1535 0.2023 0.3033 0.4512 0.4691 0.3065 0.1540 0.1847 0.2718 0.4116 0.4829 0.3683 0.1629 0.1670 0.1987 0.1670 0.1629 0.3683 0.4829 0.4116 0.2718 0.1847 0.1540 0.3065 0.4691 0.4512 0.3033 0.2023 0.1535 0.2368 0.4456 0.4784 0.3383 0.2233 0.1603 0.1827 0.4104 0.4867 0.3767 0.2479 0.1722 0.1609 0.3598 0.4814 0.4178 0.2763 0.1871 0.1535 0.2961 0.4661 0.4565 0.3085 0.2055 0.1541 0.2243 0.4394 0.4820 0.3491 0.2319 0.1655 0.1673 0.3735 0.4819 0.4265 0.2916
0.4235 0.4799 0.3633 0.1650 0.1663 0.2319 0.3469 0.4805 0.4440 0.2365 0.1534 0.2012 0.3007 0.4479 0.4708 0.3133 0.1545 0.1830 0.2687 0.4072 0.4838 0.3741 0.1645 0.1689 0.2413 0.3665 0.4861 0.4208 0.1931 0.1578 0.2176 0.3290 0.4732 0.4526 0.2546 0.1529 0.1974 0.2948 0.4416 0.4735 0.3235 0.1554 0.1807 0.2643 0.4009 0.4849 0.3821 0.1672 0.1672 0.2336 0.2958 0.2336 0.1672 0.1672 0.3821 0.4849 0.4009 0.2643 0.1807 0.1554 0.3235 0.4735 0.4416 0.2948 0.1974 0.1529 0.2546 0.4526 0.4732 0.3290 0.2176 0.1578 0.1931 0.4208 0.4861 0.3665 0.2413 0.1689 0.1645 0.3741 0.4838 0.4072 0.2687 0.1830 0.1545 0.3133 0.4708 0.4479 0.3007 0.2012 0.1534 0.2365 0.4440 0.4805 0.3469 0.2319 0.1663 0.1650 0.3633 0.4799 0.4235
0.4798 0.3492 0.1618 0.1684 0.2347 0.3491 0.4805 0.4456 0.2436 0.1531 0.1979 0.2942 0.4398 0.4746 0.3288 0.1560 0.1792 0.2613 0.3966 0.4855 0.3875 0.1693 0.1657 0.2348 0.3566 0.4845 0.4302 0.2062 0.1559 0.2121 0.3199 0.4668 0.4589 0.2727 0.1528 0.1928 0.2867 0.4316 0.4773 0.3397 0.1573 0.1769 0.2570 0.3903 0.4861 0.3950 0.1727 0.1640 0.2315 0.3504 0.4420 0.3504 0.2315 0.1640 0.1727 0.3950 0.4861 0.3903 0.2570 0.1769 0.1573 0.3397 0.4773 0.4316 0.2867 0.1928 0.1528 0.2727 0.4589 0.4668 0.3199 0.2121 0.1559 0.2062 0.4302 0.4845 0.3566 0.2348 0.1657 0.1693 0.3875 0.4855 0.3966 0.2613 0.1792 0.1560 0.3288 0.4746 0.4398 0.2942 0.1979 0.1531 0.2436 0.4456 0.4805 0.3491 0.2347 0.1684 0.1618 0.3492 0.4798
0.3473 0.1589 0.1713 0.2398 0.3552 0.4820 0.4440 0.2436 0.1530 0.1961 0.2898 0.4331 0.4775 0.3420 0.1579 0.1758 0.2546 0.3863 0.4864 0.3999 0.1755 0.1628 0.2286 0.3469 0.4818 0.4387 0.2216 0.1544 0.2068 0.3111 0.4590 0.4645 0.2906 0.1532 0.1884 0.2787 0.4211 0.4805 0.3551 0.1599 0.1733 0.2500 0.3799 0.4867 0.4069 0.1800 0.1611 0.2252 0.3417 0.4785 0.4718 0.4785 0.3417 0.2252 0.1611 0.1800 0.4069 0.4867 0.3799 0.2500 0.1733 0.1599 0.3551 0.4805 0.4211 0.2787 0.1884 0.1532 0.2906 0.4645 0.4590 0.3111 0.2068 0.1544 0.2216 0.4387 0.4818 0.3469 0.2286 0.1628 0.1755 0.3999 0.4864 0.3863 0.2546 0.1758 0.1579 0.3420 0.4775 0.4331 0.2898 0.1961 0.1530 0.2436 0.4440 0.4820 0.3552 0.2398 0.1713 0.1589 0.3473
0.1824 0.1749 0.2459 0.3638 0.4841 0.4394 0.2365 0.1531 0.1961 0.2883 0.4293 0.4792 0.3518 0.1598 0.1730 0.2486 0.3769 0.4867 0.4110 0.1834 0.1600 0.2227 0.3374 0.4779 0.4463 0.2385 0.1534 0.2018 0.3024 0.4502 0.4695 0.3082 0.1541 0.1843 0.2710 0.4105 0.4831 0.3697 0.1633 0.1699 0.2433 0.3696 0.4863 0.4177 0.1896 0.1586 0.2193 0.3319 0.4751 0.4486 0.3544 0.4486 0.4751 0.3319 0.2193 0.1586 0.1896 0.4177 0.4863 0.3696 0.2433 0.1699 0.1633 0.3697 0.4831 0.4105 0.2710 0.1843 0.1541 0.3082 0.4695 0.4502 0.3024 0.2018 0.1534 0.2385 0.4463 0.4779 0.3374 0.2227 0.1600 0.1834 0.4110 0.4867 0.3769 0.2486 0.1730 0.1598 0.3518 0.4792 0.4293 0.2883 0.1961 0.1531 0.2365 0.4394 0.4841 0.3638 0.2459 0.1749 0.1824
0.1966 0.2532 0.3736 0.4857 0.4325 0.2243 0.1534 0.1979 0.2898 0.4293 0.4798 0.3571 0.1614 0.1709 0.2439 0.3689 0.4862 0.4204 0.1932 0.1577 0.2171 0.3282 0.4727 0.4532 0.2563 0.1529 0.1970 0.2940 0.4407 0.4739 0.3251 0.1555 0.1803 0.2635 0.3999 0.4850 0.3834 0.1677 0.1667 0.2368 0.3596 0.4851 0.4274 0.2018 0.1564 0.2137 0.3227 0.4689 0.4566 0.2728 0.1563 0.2728 0.4566 0.4689 0.3227 0.2137 0.1564 0.2018 0.4274 0.4851 0.3596 0.2368 0.1667 0.1677 0.3834 0.4850 0.3999 0.2635 0.1803 0.1555 0.3251 0.4739 0.4407 0.2940 0.1970 0.1529 0.2563 0.4532 0.4727 0.3282 0.2171 0.1577 0.1932 0.4204 0.4862 0.3689 0.2439 0.1709 0.1614 0.3571 0.4798 0.4293 0.2898 0.1979 0.1534 0.2243 0.4325 0.4857 0.3736 0.2532 0.1966
0.2654 0.3848 0.4865 0.4238 0.2103 0.1541 0.2012 0.2942 0.4331 0.4792 0.3571 0.1620 0.1698 0.2407 0.3628 0.4853 0.4278 0.2040 0.1560 0.2121 0.3195 0.4662 0.4594 0.2743 0.1529 0.1924 0.2859 0.4306 0.4777 0.3413 0.1575 0.1765 0.2563 0.3893 0.4862 0.3962 0.1734 0.1637 0.2305 0.3499 0.4828 0.4362 0.2166 0.1548 0.2084 0.3138 0.4615 0.4628 0.2846 0.1513 0.1602 0.1513 0.2846 0.4628 0.4615 0.3138 0.2084 0.1548 0.2166 0.4362 0.4828 0.3499 0.2305 0.1637 0.1734 0.3962 0.4862 0.3893 0.2563 0.1765 0.1575 0.3413 0.4777 0.4306 0.2859 0.1924 0.1529 0.2743 0.4594 0.4662 0.3195 0.2121 0.1560 0.2040 0.4278 0.4853 0.3628 0.2407 0.1698 0.1620 0.3571 0.4792 0.4331 0.2942 0.2012 0.1541 0.2103 0.4238 0.4865 0.3848 0.2654
0.3848 0.4873 0.4138 0.1969 0.1554 0.2055 0.3007 0.4398 0.4775 0.3518 0.1614 0.1698 0.2396 0.3596 0.4844 0.4330 0.2140 0.1548 0.2078 0.3118 0.4592 0.4647 0.2916 0.1533 0.1880 0.2779 0.4201 0.4808 0.3566 0.1602 0.1730 0.2494 0.3789 0.4867 0.4081 0.1808 0.1609 0.2245 0.3403 0.4793 0.4440 0.2331 0.1537 0.2033 0.3051 0.4531 0.4680 0.3027 0.1539 0.1819 0.2215 0.1819 0.1539 0.3027 0.4680 0.4531 0.3051 0.2033 0.1537 0.2331 0.4440 0.4793 0.3403 0.2245 0.1609 0.1808 0.4081 0.4867 0.3789 0.2494 0.1730 0.1602 0.3566 0.4808 0.4201 0.2779 0.1880 0.1533 0.2916 0.4647 0.4592 0.3118 0.2078 0.1548 0.2140 0.4330 0.4844 0.3596 0.2396 0.1698 0.1614 0.3518 0.4775 0.4398 0.3007 0.2055 0.1554 0.1969 0.4138 0.4873 0.3848
0.4860 0.4025 0.1857 0.1572 0.2104 0.3085 0.4479 0.4746 0.3420 0.1598 0.1709 0.2407 0.3596 0.4841 0.4357 0.2212 0.1541 0.2044 0.3053 0.4521 0.4690 0.3075 0.1541 0.1841 0.2704 0.4095 0.4833 0.3711 0.1637 0.1696 0.2426 0.3686 0.4863 0.4187 0.1907 0.1583 0.2187 0.3309 0.4744 0.4512 0.2508 0.1530 0.1984 0.2966 0.4437 0.4726 0.3199 0.1551 0.1818 0.2625 0.3352 0.2625 0.1818 0.1551 0.3199 0.4726 0.4437 0.2966 0.1984 0.1530 0.2508 0.4512 0.4744 0.3309 0.2187 0.1583 0.1907 0.4187 0.4863 0.3686 0.2426 0.1696 0.1637 0.3711 0.4833 0.4095 0.2704 0.1841 0.1541 0.3075 0.4690 0.4521 0.3053 0.2044 0.1541 0.2212 0.4357 0.4841 0.3596 0.2407 0.1709 0.1598 0.3420 0.4746 0.4479 0.3085 0.2104 0.1572 0.1857 0.4025 0.4860
0.4007 0.1771 0.1595 0.2158 0.3171 0.4565 0.4708 0.3288 0.1579 0.1730 0.2439 0.3628 0.4844 0.4357 0.2239 0.1538 0.2022 0.3006 0.4460 0.4724 0.3212 0.1553 0.1805 0.2635 0.3994 0.4851 0.3845 0.1681 0.1664 0.2362 0.3587 0.4849 0.4283 0.2032 0.1562 0.2132 0.3218 0.4682 0.4576 0.2688 0.1528 0.1938 0.2884 0.4337 0.4766 0.3363 0.1568 0.1777 0.2590 0.3931 0.4731 0.3931 0.2590 0.1777 0.1568 0.3363 0.4766 0.4337 0.2884 0.1938 0.1528 0.2688 0.4576 0.4682 0.3218 0.2132 0.1562 0.2032 0.4283 0.4849 0.3587 0.2362 0.1664 0.1681 0.3845 0.4851 0.3994 0.2635 0.1805 0.1553 0.3212 0.4724 0.4460 0.3006 0.2022 0.1538 0.2239 0.4357 0.4844 0.3628 0.2439 0.1730 0.1579 0.3288 0.4708 0.4565 0.3171 0.2158 0.1595 0.1771 0.4007
0.1955 0.1623 0.2214 0.3262 0.4645 0.4661 0.3133 0.1560 0.1758 0.2486 0.3689 0.4853 0.4330 0.2212 0.1538 0.2014 0.2981 0.4418 0.4747 0.3319 0.1567 0.1776 0.2575 0.3900 0.4862 0.3966 0.1737 0.1635 0.2300 0.3489 0.4825 0.4370 0.2182 0.1547 0.2079 0.3129 0.4608 0.4634 0.2869 0.1531 0.1893 0.2804 0.4234 0.4799 0.3520 0.1593 0.1740 0.2515 0.3826 0.4846 0.4522 0.4846 0.3826 0.2515 0.1740 0.1593 0.3520 0.4799 0.4234 0.2804 0.1893 0.1531 0.2869 0.4634 0.4608 0.3129 0.2079 0.1547 0.2182 0.4370 0.4825 0.3489 0.2300 0.1635 0.1737 0.3966 0.4862 0.3900 0.2575 0.1776 0.1567 0.3319 0.4747 0.4418 0.2981 0.2014 0.1538 0.2212 0.4330 0.4853 0.3689 0.2486 0.1758 0.1560 0.3133 0.4661 0.4645 0.3262 0.2214 0.1623 0.1955
0.1865 0.2277 0.3353 0.4714 0.4607 0.2961 0.1545 0.1792 0.2546 0.3769 0.4862 0.4278 0.2140 0.1541 0.2022 0.2981 0.4403 0.4758 0.3386 0.1578 0.1752 0.2524 0.3818 0.4867 0.4071 0.1806 0.1608 0.2242 0.3396 0.4789 0.4448 0.2348 0.1536 0.2028 0.3042 0.4522 0.4685 0.3045 0.1539 0.1851 0.2726 0.4128 0.4826 0.3667 0.1625 0.1706 0.2447 0.3718 0.4863 0.4154 0.2889 0.4154 0.4863 0.3718 0.2447 0.1706 0.1625 0.3667 0.4826 0.4128 0.2726 0.1851 0.1539 0.3045 0.4685 0.4522 0.3042 0.2028 0.1536 0.2348 0.4448 0.4789 0.3396 0.2242 0.1608 0.1806 0.4071 0.4867 0.3818 0.2524 0.1752 0.1578 0.3386 0.4758 0.4403 0.2981 0.2022 0.1541 0.2140 0.4278 0.4862 0.3769 0.2546 0.1792 0.1545 0.2961 0.4607 0.4714 0.3353 0.2277 0.1865
0.2427 0.3456 0.4768 0.4546 0.2783 0.1535 0.1830 0.2613 0.3863 0.4867 0.4204 0.2040 0.1548 0.2044 0.3006 0.4418 0.4758 0.3408 0.1585 0.1738 0.2488 0.3754 0.4866 0.4155 0.1886 0.1586 0.2190 0.3309 0.4741 0.4517 0.2524 0.1530 0.1980 0.2958 0.4428 0.4730 0.3216 0.1552 0.1811 0.2651 0.4021 0.4847 0.3806 0.1667 0.1674 0.2381 0.3617 0.4855 0.4250 0.2026 0.1461 0.2026 0.4250 0.4855 0.3617 0.2381 0.1674 0.1667 0.3806 0.4847 0.4021 0.2651 0.1811 0.1552 0.3216 0.4730 0.4428 0.2958 0.1980 0.1530 0.2524 0.4517 0.4741 0.3309 0.2190 0.1586 0.1886 0.4155 0.4866 0.3754 0.2488 0.1738 0.1585 0.3408 0.4758 0.4418 0.3006 0.2044 0.1548 0.2040 0.4204 0.4867 0.3863 0.2613 0.1830 0.1535 0.2783 0.4546 0.4768 0.3456 0.2427
0.3490 0.4821 0.4479 0.2602 0.1529 0.1871 0.2687 0.3966 0.4864 0.4110 0.1932 0.1560 0.2078 0.3053 0.4460 0.4747 0.3386 0.1585 0.1733 0.2469 0.3712 0.4862 0.4218 0.1967 0.1569 0.2144 0.3230 0.4686 0.4576 0.2696 0.1528 0.1934 0.2876 0.4327 0.4769 0.3379 0.1571 0.1773 0.2578 0.3915 0.4860 0.3936 0.1720 0.1643 0.2318 0.3519 0.4834 0.4344 0.2129 0.1526 0.1736 0.1526 0.2129 0.4344 0.4834 0.3519 0.2318 0.1643 0.1720 0.3936 0.4860 0.3915 0.2578 0.1773 0.1571 0.3379 0.4769 0.4327 0.2876 0.1934 0.1528 0.2696 0.4576 0.4686 0.3230 0.2144 0.1569 0.1967 0.4218 0.4862 0.3712 0.2469 0.1733 0.1585 0.3386 0.4747 0.4460 0.3053 0.2078 0.1560 0.1932 0.4110 0.4864 0.3966 0.2687 0.1871 0.1529 0.2602 0.4479 0.4821 0.3490
0.4790 0.4404 0.2423 0.1529 0.1914 0.2763 0.4072 0.4855 0.3999 0.1834 0.1577 0.2121 0.3118 0.4521 0.4724 0.3319 0.1578 0.1738 0.2469 0.3699 0.4860 0.4256 0.2034 0.1558 0.2107 0.3162 0.4627 0.4626 0.2856 0.1531 0.1892 0.2799 0.4225 0.4802 0.3534 0.1596 0.1737 0.2508 0.3810 0.4866 0.4056 0.1791 0.1614 0.2258 0.3423 0.4801 0.4424 0.2295 0.1540 0.2006 0.2489 0.2006 0.1540 0.2295 0.4424 0.4801 0.3423 0.2258 0.1614 0.1791 0.4056 0.4866 0.3810 0.2508 0.1737 0.1596 0.3534 0.4802 0.4225 0.2799 0.1892 0.1531 0.2856 0.4626 0.4627 0.3162 0.2107 0.1558 0.2034 0.4256 0.4860 0.3699 0.2469 0.1738 0.1578 0.3319 0.4724 0.4521 0.3118 0.2121 0.1577 0.1834 0.3999 0.4855 0.4072 0.2763 0.1914 0.1529 0.2423 0.4404 0.4790
0.4402 0.2251 0.1533 0.1960 0.2842 0.4178 0.4838 0.3875 0.1755 0.1600 0.2171 0.3195 0.4592 0.4690 0.3212 0.1567 0.1752 0.2488 0.3712 0.4860 0.4268 0.2071 0.1551 0.2081 0.3109 0.4571 0.4666 0.3000 0.1537 0.1854 0.2727 0.4124 0.4828 0.3678 0.1628 0.1703 0.2440 0.3708 0.4864 0.4166 0.1884 0.1588 0.2199 0.3329 0.4756 0.4497 0.2470 0.1531 0.1998 0.2959 0.3790 0.2959 0.1998 0.1531 0.2470 0.4497 0.4756 0.3329 0.2199 0.1588 0.1884 0.4166 0.4864 0.3708 0.2440 0.1703 0.1628 0.3678 0.4828 0.4124 0.2727 0.1854 0.1537 0.3000 0.4666 0.4571 0.3109 0.2081 0.1551 0.2071 0.4268 0.4860 0.3712 0.2488 0.1752 0.1567 0.3212 0.4690 0.4592 0.3195 0.2171 0.1600 0.1755 0.3875 0.4838 0.4178 0.2842 0.1960 0.1533 0.2251 0.4402
0.2313 0.1543 0.2007 0.2923 0.4284 0.4814 0.3741 0.1693 0.1628 0.2227 0.3282 0.4662 0.4647 0.3075 0.1553 0.1776 0.2524 0.3754 0.4862 0.4256 0.2071 0.1550 0.2067 0.3076 0.4527 0.4695 0.3118 0.1546 0.1822 0.2663 0.4030 0.4846 0.3808 0.1669 0.1671 0.2376 0.3608 0.4853 0.4264 0.2003 0.1566 0.2144 0.3237 0.4696 0.4563 0.2650 0.1528 0.1948 0.2905 0.4363 0.4823 0.4363 0.2905 0.1948 0.1528 0.2650 0.4563 0.4696 0.3237 0.2144 0.1566 0.2003 0.4264 0.4853 0.3608 0.2376 0.1671 0.1669 0.3808 0.4846 0.4030 0.2663 0.1822 0.1546 0.3118 0.4695 0.4527 0.3076 0.2067 0.1550 0.2071 0.4256 0.4862 0.3754 0.2524 0.1776 0.1553 0.3075 0.4647 0.4662 0.3282 0.2227 0.1628 0.1693 0.3741 0.4814 0.4284 0.2923 0.2007 0.1543 0.2313
0.1799 0.2060 0.3006 0.4386 0.4784 0.3598 0.1645 0.1657 0.2286 0.3374 0.4727 0.4594 0.2916 0.1541 0.1805 0.2575 0.3818 0.4866 0.4218 0.2034 0.1551 0.2067 0.3064 0.4504 0.4712 0.3199 0.1555 0.1796 0.2610 0.3946 0.4858 0.3923 0.1718 0.1643 0.2315 0.3511 0.4831 0.4352 0.2148 0.1550 0.2090 0.3148 0.4624 0.4622 0.2831 0.1530 0.1903 0.2821 0.4261 0.4769 0.4216 0.4769 0.4261 0.2821 0.1903 0.1530 0.2831 0.4622 0.4624 0.3148 0.2090 0.1550 0.2148 0.4352 0.4831 0.3511 0.2315 0.1643 0.1718 0.3923 0.4858 0.3946 0.2610 0.1796 0.1555 0.3199 0.4712 0.4504 0.3064 0.2067 0.1551 0.2034 0.4218 0.4866 0.3818 0.2575 0.1805 0.1541 0.2916 0.4594 0.4727 0.3374 0.2286 0.1657 0.1645 0.3598 0.4784 0.4386 0.3006 0.2060 0.1799
0.2235 0.3098 0.4482 0.4748 0.3446 0.1609 0.1689 0.2348 0.3469 0.4779 0.4532 0.2743 0.1533 0.1841 0.2635 0.3900 0.4867 0.4155 0.1967 0.1558 0.2081 0.3076 0.4504 0.4718 0.3241 0.1561 0.1779 0.2569 0.3876 0.4865 0.4020 0.1775 0.1618 0.2260 0.3422 0.4799 0.4430 0.2311 0.1538 0.2039 0.3060 0.4541 0.4675 0.3008 0.1537 0.1860 0.2742 0.4150 0.4818 0.3672 0.2162 0.3672 0.4818 0.4150 0.2742 0.1860 0.1537 0.3008 0.4675 0.4541 0.3060 0.2039 0.1538 0.2311 0.4430 0.4799 0.3422 0.2260 0.1618 0.1775 0.4020 0.4865 0.3876 0.2569 0.1779 0.1561 0.3241 0.4718 0.4504 0.3076 0.2081 0.1558 0.1967 0.4155 0.4867 0.3900 0.2635 0.1841 0.1533 0.2743 0.4532 0.4779 0.3469 0.2348 0.1689 0.1609 0.3446 0.4748 0.4482 0.3098 0.2235
0.3165 0.4584 0.4705 0.3286 0.1580 0.1722 0.2413 0.3566 0.4818 0.4463 0.2563 0.1529 0.1880 0.2704 0.3994 0.4862 0.4071 0.1886 0.1569 0.2107 0.3109 0.4527 0.4712 0.3241 0.1564 0.1769 0.2544 0.3828 0.4867 0.4095 0.1836 0.1597 0.2212 0.3340 0.4758 0.4498 0.2479 0.1531 0.1990 0.2976 0.4448 0.4721 0.3180 0.1549 0.1819 0.2667 0.4044 0.4843 0.3773 0.1656 0.1477 0.1656 0.3773 0.4843 0.4044 0.2667 0.1819 0.1549 0.3180 0.4721 0.4448 0.2976 0.1990 0.1531 0.2479 0.4498 0.4758 0.3340 0.2212 0.1597 0.1836 0.4095 0.4867 0.3828 0.2544 0.1769 0.1564 0.3241 0.4712 0.4527 0.3109 0.2107 0.1569 0.1886 0.4071 0.4862 0.3994 0.2704 0.1880 0.1529 0.2563 0.4463 0.4818 0.3566 0.2413 0.1722 0.1580 0.3286 0.4705 0.4584 0.3165
0.4544 0.4660 0.3118 0.1559 0.1758 0.2479 0.3665 0.4845 0.4387 0.2385 0.1529 0.1924 0.2779 0.4095 0.4851 0.3966 0.1806 0.1586 0.2144 0.3162 0.4571 0.4695 0.3199 0.1561 0.1769 0.2535 0.3803 0.4867 0.4145 0.1892 0.1581 0.2172 0.3269 0.4711 0.4555 0.2640 0.1528 0.1946 0.2895 0.4350 0.4761 0.3345 0.1566 0.1781 0.2593 0.3937 0.4858 0.3909 0.1707 0.1619 0.1907 0.1619 0.1707 0.3909 0.4858 0.3937 0.2593 0.1781 0.1566 0.3345 0.4761 0.4350 0.2895 0.1946 0.1528 0.2640 0.4555 0.4711 0.3269 0.2172 0.1581 0.1892 0.4145 0.4867 0.3803 0.2535 0.1769 0.1561 0.3199 0.4695 0.4571 0.3162 0.2144 0.1586 0.1806 0.3966 0.4851 0.4095 0.2779 0.1924 0.1529 0.2385 0.4387 0.4845 0.3665 0.2479 0.1758 0.1559 0.3118 0.4660 0.4544
0.4662 0.2944 0.1544 0.1795 0.2548 0.3767 0.4861 0.4302 0.2216 0.1534 0.1970 0.2859 0.4201 0.4833 0.3845 0.1737 0.1608 0.2190 0.3230 0.4627 0.4666 0.3118 0.1555 0.1779 0.2544 0.3803 0.4866 0.4169 0.1931 0.1571 0.2142 0.3212 0.4663 0.4601 0.2787 0.1530 0.1906 0.2821 0.4253 0.4794 0.3499 0.1590 0.1744 0.2523 0.3832 0.4866 0.4032 0.1774 0.1622 0.2232 0.2812 0.2232 0.1622 0.1774 0.4032 0.4866 0.3832 0.2523 0.1744 0.1590 0.3499 0.4794 0.4253 0.2821 0.1906 0.1530 0.2787 0.4601 0.4663 0.3212 0.2142 0.1571 0.1931 0.4169 0.4866 0.3803 0.2544 0.1779 0.1555 0.3118 0.4666 0.4627 0.3230 0.2190 0.1608 0.1737 0.3845 0.4833 0.4201 0.2859 0.1970 0.1534 0.2216 0.4302 0.4861 0.3767 0.2548 0.1795 0.1544 0.2944 0.4662
0.2936 0.1535 0.1834 0.2620 0.3871 0.4867 0.4208 0.2062 0.1544 0.2018 0.2940 0.4306 0.4808 0.3711 0.1681 0.1635 0.2242 0.3309 0.4686 0.4626 0.3000 0.1546 0.1796 0.2569 0.3828 0.4867 0.4169 0.1944 0.1566 0.2123 0.3173 0.4624 0.4636 0.2911 0.1534 0.1871 0.2755 0.4159 0.4820 0.3639 0.1619 0.1711 0.2455 0.3729 0.4865 0.4144 0.1862 0.1594 0.2215 0.3338 0.4247 0.3338 0.2215 0.1594 0.1862 0.4144 0.4865 0.3729 0.2455 0.1711 0.1619 0.3639 0.4820 0.4159 0.2755 0.1871 0.1534 0.2911 0.4636 0.4624 0.3173 0.2123 0.1566 0.1944 0.4169 0.4867 0.3828 0.2569 0.1796 0.1546 0.3000 0.4626 0.4686 0.3309 0.2242 0.1635 0.1681 0.3711 0.4808 0.4306 0.2940 0.2018 0.1544 0.2062 0.4208 0.4867 0.3871 0.2620 0.1834 0.1535 0.2936
0.1786 0.1878 0.2694 0.3976 0.4864 0.4104 0.1931 0.1559 0.2068 0.3024 0.4407 0.4777 0.3566 0.1637 0.1664 0.2300 0.3396 0.4741 0.4576 0.2856 0.1537 0.1822 0.2610 0.3876 0.4867 0.4145 0.1931 0.1566 0.2117 0.3153 0.4597 0.4659 0.3004 0.1539 0.1843 0.2697 0.4072 0.4840 0.3764 0.1655 0.1680 0.2392 0.3631 0.4856 0.4244 0.1976 0.1571 0.2156 0.3261 0.4703 0.4770 0.4703 0.3261 0.2156 0.1571 0.1976 0.4244 0.4856 0.3631 0.2392 0.1680 0.1655 0.3764 0.4840 0.4072 0.2697 0.1843 0.1539 0.3004 0.4659 0.4597 0.3153 0.2117 0.1566 0.1931 0.4145 0.4867 0.3876 0.2610 0.1822 0.1537 0.2856 0.4576 0.4741 0.3396 0.2300 0.1664 0.1637 0.3566 0.4777 0.4407 0.3024 0.2068 0.1559 0.1931 0.4104 0.4864 0.3976 0.2694 0.1878 0.1786
0.2076 0.2776 0.4082 0.4853 0.3988 0.1827 0.1578 0.2121 0.3111 0.4502 0.4739 0.3413 0.1602 0.1696 0.2362 0.3489 0.4789 0.4517 0.2696 0.1531 0.1854 0.2663 0.3946 0.4865 0.4095 0.1892 0.1571 0.2123 0.3153 0.4588 0.4670 0.3061 0.1544 0.1822 0.2652 0.3999 0.4853 0.3872 0.1697 0.1653 0.2334 0.3539 0.4838 0.4332 0.2115 0.1553 0.2101 0.3167 0.4643 0.4588 0.3771 0.4588 0.4643 0.3167 0.2101 0.1553 0.2115 0.4332 0.4838 0.3539 0.2334 0.1653 0.1697 0.3872 0.4853 0.3999 0.2652 0.1822 0.1544 0.3061 0.4670 0.4588 0.3153 0.2123 0.1571 0.1892 0.4095 0.4865 0.3946 0.2663 0.1854 0.1531 0.2696 0.4517 0.4789 0.3489 0.2362 0.1696 0.1602 0.3413 0.4739 0.4502 0.3111 0.2121 0.1578 0.1827 0.3988 0.4853 0.4082 0.2776 0.2076
0.2874 0.4199 0.4835 0.3862 0.1748 0.1603 0.2176 0.3199 0.4590 0.4695 0.3251 0.1575 0.1730 0.2426 0.3587 0.4825 0.4448 0.2524 0.1528 0.1892 0.2727 0.4030 0.4858 0.4020 0.1836 0.1581 0.2142 0.3173 0.4597 0.4670 0.3080 0.1547 0.1809 0.2621 0.3944 0.4860 0.3959 0.1743 0.1629 0.2283 0.3454 0.4811 0.4409 0.2268 0.1540 0.2050 0.3079 0.4559 0.4660 0.3028 0.1659 0.3028 0.4660 0.4559 0.3079 0.2050 0.1540 0.2268 0.4409 0.4811 0.3454 0.2283 0.1629 0.1743 0.3959 0.4860 0.3944 0.2621 0.1809 0.1547 0.3080 0.4670 0.4597 0.3173 0.2142 0.1581 0.1836 0.4020 0.4858 0.4030 0.2727 0.1892 0.1528 0.2524 0.4448 0.4825 0.3587 0.2426 0.1730 0.1575 0.3251 0.4695 0.4590 0.3199 0.2176 0.1603 0.1748 0.3862 0.4835 0.4199 0.2874
0.4176 0.4817 0.3727 0.1688 0.1631 0.2233 0.3290 0.4668 0.4645 0.3082 0.1555 0.1765 0.2494 0.3686 0.4849 0.4370 0.2348 0.1530 0.1934 0.2799 0.4124 0.4846 0.3923 0.1775 0.1597 0.2172 0.3212 0.4624 0.4659 0.3061 0.1547 0.1805 0.2605 0.3911 0.4864 0.4021 0.1786 0.1610 0.2238 0.3379 0.4776 0.4474 0.2424 0.1532 0.2002 0.2995 0.4469 0.4712 0.3139 0.1531 0.1557 0.1531 0.3139 0.4712 0.4469 0.2995 0.2002 0.1532 0.2424 0.4474 0.4776 0.3379 0.2238 0.1610 0.1786 0.4021 0.4864 0.3911 0.2605 0.1805 0.1547 0.3061 0.4659 0.4624 0.3212 0.2172 0.1597 0.1775 0.3923 0.4846 0.4124 0.2799 0.1934 0.1530 0.2348 0.4370 0.4849 0.3686 0.2494 0.1765 0.1555 0.3082 0.4645 0.4668 0.3290 0.2233 0.1631 0.1688 0.3727 0.4817 0.4176
0.4814 0.3583 0.1641 0.1661 0.2292 0.3383 0.4732 0.4589 0.2906 0.1541 0.1803 0.2563 0.3789 0.4863 0.4283 0.2182 0.1536 0.1980 0.2876 0.4225 0.4828 0.3808 0.1718 0.1618 0.2212 0.3269 0.4663 0.4636 0.3004 0.1544 0.1809 0.2605 0.3899 0.4865 0.4058 0.1821 0.1597 0.2205 0.3317 0.4738 0.4529 0.2573 0.1529 0.1959 0.2917 0.4375 0.4753 0.3310 0.1562 0.1754 0.2117 0.1754 0.1562 0.3310 0.4753 0.4375 0.2917 0.1959 0.1529 0.2573 0.4529 0.4738 0.3317 0.2205 0.1597 0.1821 0.4058 0.4865 0.3899 0.2605 0.1809 0.1544 0.3004 0.4636 0.4663 0.3269 0.2212 0.1618 0.1718 0.3808 0.4828 0.4225 0.2876 0.1980 0.1536 0.2182 0.4283 0.4863 0.3789 0.2563 0.1803 0.1541 0.2906 0.4589 0.4732 0.3383 0.2292 0.1661 0.1641 0.3583 0.4814
0.3562 0.1607 0.1692 0.2355 0.3478 0.4784 0.4526 0.2727 0.1532 0.1843 0.2635 0.3893 0.4867 0.4187 0.2032 0.1547 0.2028 0.2958 0.4327 0.4802 0.3678 0.1669 0.1643 0.2260 0.3340 0.4711 0.4601 0.2911 0.1539 0.1822 0.2621 0.3911 0.4865 0.4070 0.1841 0.1589 0.2181 0.3271 0.4703 0.4571 0.2704 0.1528 0.1922 0.2847 0.4283 0.4786 0.3462 0.1584 0.1755 0.2502 0.3187 0.2502 0.1755 0.1584 0.3462 0.4786 0.4283 0.2847 0.1922 0.1528 0.2704 0.4571 0.4703 0.3271 0.2181 0.1589 0.1841 0.4070 0.4865 0.3911 0.2621 0.1822 0.1539 0.2911 0.4601 0.4711 0.3340 0.2260 0.1643 0.1669 0.3678 0.4802 0.4327 0.2958 0.2028 0.1547 0.2032 0.4187 0.4867 0.3893 0.2635 0.1843 0.1532 0.2727 0.4526 0.4784 0.3478 0.2355 0.1692 0.1607 0.3562
0.1836 0.1727 0.2419 0.3576 0.4821 0.4456 0.2546 0.1528 0.1884 0.2710 0.3999 0.4862 0.4081 0.1907 0.1562 0.2079 0.3042 0.4428 0.4769 0.3534 0.1628 0.1671 0.2315 0.3422 0.4758 0.4555 0.2787 0.1534 0.1843 0.2652 0.3944 0.4864 0.4058 0.1841 0.1586 0.2169 0.3241 0.4676 0.4600 0.2809 0.1530 0.1890 0.2786 0.4196 0.4812 0.3598 0.1611 0.1719 0.2475 0.3757 0.4632 0.3757 0.2475 0.1719 0.1611 0.3598 0.4812 0.4196 0.2786 0.1890 0.1530 0.2809 0.4600 0.4676 0.3241 0.2169 0.1586 0.1841 0.4058 0.4864 0.3944 0.2652 0.1843 0.1534 0.2787 0.4555 0.4758 0.3422 0.2315 0.1671 0.1628 0.3534 0.4769 0.4428 0.3042 0.2079 0.1562 0.1907 0.4081 0.4862 0.3999 0.2710 0.1884 0.1528 0.2546 0.4456 0.4821 0.3576 0.2419 0.1727 0.1836
0.1949 0.2490 0.3674 0.4847 0.4379 0.2368 0.1529 0.1928 0.2787 0.4105 0.4850 0.3962 0.1808 0.1583 0.2132 0.3129 0.4522 0.4730 0.3379 0.1596 0.1703 0.2376 0.3511 0.4799 0.4498 0.2640 0.1530 0.1871 0.2697 0.3999 0.4860 0.4021 0.1821 0.1589 0.2169 0.3232 0.4660 0.4618 0.2881 0.1533 0.1866 0.2736 0.4121 0.4831 0.3715 0.1642 0.1689 0.2410 0.3662 0.4842 0.4612 0.4842 0.3662 0.2410 0.1689 0.1642 0.3715 0.4831 0.4121 0.2736 0.1866 0.1533 0.2881 0.4618 0.4660 0.3232 0.2169 0.1589 0.1821 0.4021 0.4860 0.3999 0.2697 0.1871 0.1530 0.2640 0.4498 0.4799 0.3511 0.2376 0.1703 0.1596 0.3379 0.4730 0.4522 0.3129 0.2132 0.1583 0.1808 0.3962 0.4850 0.4105 0.2787 0.1928 0.1529 0.2368 0.4379 0.4847 0.3674 0.2490 0.1949
0.2617 0.3786 0.4861 0.4293 0.2200 0.1535 0.1974 0.2867 0.4211 0.4831 0.3834 0.1734 0.1609 0.2187 0.3218 0.4608 0.4685 0.3216 0.1571 0.1737 0.2440 0.3608 0.4831 0.4430 0.2479 0.1528 0.1906 0.2755 0.4072 0.4853 0.3959 0.1786 0.1597 0.2181 0.3241 0.4660 0.4624 0.2918 0.1536 0.1850 0.2700 0.4061 0.4844 0.3812 0.1676 0.1664 0.2355 0.3569 0.4844 0.4297 0.3158 0.4297 0.4844 0.3569 0.2355 0.1664 0.1676 0.3812 0.4844 0.4061 0.2700 0.1850 0.1536 0.2918 0.4624 0.4660 0.3241 0.2181 0.1597 0.1786 0.3959 0.4853 0.4072 0.2755 0.1906 0.1528 0.2479 0.4430 0.4831 0.3608 0.2440 0.1737 0.1571 0.3216 0.4685 0.4608 0.3218 0.2187 0.1609 0.1734 0.3834 0.4831 0.4211 0.2867 0.1974 0.1535 0.2200 0.4293 0.4861 0.3786 0.2617
0.3792 0.4874 0.4199 0.2048 0.1545 0.2023 0.2948 0.4316 0.4805 0.3697 0.1677 0.1637 0.2245 0.3309 0.4682 0.4634 0.3045 0.1552 0.1773 0.2508 0.3708 0.4853 0.4352 0.2311 0.1531 0.1946 0.2821 0.4159 0.4840 0.3872 0.1743 0.1610 0.2205 0.3271 0.4676 0.4618 0.2918 0.1537 0.1841 0.2677 0.4019 0.4852 0.3885 0.1710 0.1642 0.2307 0.3489 0.4822 0.4379 0.2266 0.1484 0.2266 0.4379 0.4822 0.3489 0.2307 0.1642 0.1710 0.3885 0.4852 0.4019 0.2677 0.1841 0.1537 0.2918 0.4618 0.4676 0.3271 0.2205 0.1610 0.1743 0.3872 0.4840 0.4159 0.2821 0.1946 0.1531 0.2311 0.4352 0.4853 0.3708 0.2508 0.1773 0.1552 0.3045 0.4634 0.4682 0.3309 0.2245 0.1637 0.1677 0.3697 0.4805 0.4316 0.2948 0.2023 0.1545 0.2048 0.4199 0.4874 0.3792
0.4859 0.4093 0.1920 0.1560 0.2073 0.3033 0.4416 0.4773 0.3551 0.1633 0.1667 0.2305 0.3403 0.4744 0.4576 0.2869 0.1539 0.1811 0.2578 0.3810 0.4864 0.4264 0.2148 0.1538 0.1990 0.2895 0.4253 0.4820 0.3764 0.1697 0.1629 0.2238 0.3317 0.4703 0.4600 0.2881 0.1536 0.1841 0.2669 0.3996 0.4856 0.3934 0.1740 0.1626 0.2268 0.3421 0.4794 0.4447 0.2357 0.1512 0.1685 0.1512 0.2357 0.4447 0.4794 0.3421 0.2268 0.1626 0.1740 0.3934 0.4856 0.3996 0.2669 0.1841 0.1536 0.2881 0.4600 0.4703 0.3317 0.2238 0.1629 0.1697 0.3764 0.4820 0.4253 0.2895 0.1990 0.1538 0.2148 0.4264 0.4864 0.3810 0.2578 0.1811 0.1539 0.2869 0.4576 0.4744 0.3403 0.2305 0.1667 0.1633 0.3551 0.4773 0.4416 0.3033 0.2073 0.1560 0.1920 0.4093 0.4859
0.4077 0.1819 0.1580 0.2126 0.3119 0.4512 0.4735 0.3397 0.1599 0.1699 0.2368 0.3499 0.4793 0.4512 0.2688 0.1531 0.1851 0.2651 0.3915 0.4866 0.4166 0.2003 0.1550 0.2039 0.2976 0.4350 0.4794 0.3639 0.1655 0.1653 0.2283 0.3379 0.4738 0.4571 0.2809 0.1533 0.1850 0.2677 0.3996 0.4858 0.3960 0.1760 0.1615 0.2241 0.3369 0.4765 0.4498 0.2498 0.1531 0.1940 0.2392 0.1940 0.1531 0.2498 0.4498 0.4765 0.3369 0.2241 0.1615 0.1760 0.3960 0.4858 0.3996 0.2677 0.1850 0.1533 0.2809 0.4571 0.4738 0.3379 0.2283 0.1653 0.1655 0.3639 0.4794 0.4350 0.2976 0.2039 0.1550 0.2003 0.4166 0.4866 0.3915 0.2651 0.1851 0.1531 0.2688 0.4512 0.4793 0.3499 0.2368 0.1699 0.1599 0.3397 0.4735 0.4512 0.3119 0.2126 0.1580 0.1819 0.4077
0.1989 0.1607 0.2181 0.3208 0.4598 0.4691 0.3235 0.1573 0.1733 0.2433 0.3596 0.4828 0.4440 0.2508 0.1528 0.1893 0.2726 0.4021 0.4860 0.4056 0.1884 0.1566 0.2090 0.3060 0.4448 0.4761 0.3499 0.1619 0.1680 0.2334 0.3454 0.4776 0.4529 0.2704 0.1530 0.1866 0.2700 0.4019 0.4856 0.3960 0.1768 0.1610 0.2224 0.3334 0.4741 0.4535 0.2612 0.1529 0.1945 0.2854 0.3650 0.2854 0.1945 0.1529 0.2612 0.4535 0.4741 0.3334 0.2224 0.1610 0.1768 0.3960 0.4856 0.4019 0.2700 0.1866 0.1530 0.2704 0.4529 0.4776 0.3454 0.2334 0.1680 0.1619 0.3499 0.4761 0.4448 0.3060 0.2090 0.1566 0.1884 0.4056 0.4860 0.4021 0.2726 0.1893 0.1528 0.2508 0.4440 0.4828 0.3596 0.2433 0.1733 0.1573 0.3235 0.4691 0.4598 0.3208 0.2181 0.1607 0.1989
0.1852 0.2242 0.3298 0.4675 0.4640 0.3065 0.1554 0.1769 0.2500 0.3696 0.4851 0.4362 0.2331 0.1530 0.1938 0.2804 0.4128 0.4847 0.3936 0.1791 0.1588 0.2144 0.3148 0.4541 0.4721 0.3345 0.1590 0.1711 0.2392 0.3539 0.4811 0.4474 0.2573 0.1528 0.1890 0.2736 0.4061 0.4852 0.3934 0.1760 0.1610 0.2218 0.3316 0.4725 0.4558 0.2693 0.1528 0.1914 0.2830 0.4252 0.4817 0.4252 0.2830 0.1914 0.1528 0.2693 0.4558 0.4725 0.3316 0.2218 0.1610 0.1760 0.3934 0.4852 0.4061 0.2736 0.1890 0.1528 0.2573 0.4474 0.4811 0.3539 0.2392 0.1711 0.1590 0.3345 0.4721 0.4541 0.3148 0.2144 0.1588 0.1791 0.3936 0.4847 0.4128 0.2804 0.1938 0.1530 0.2331 0.4362 0.4851 0.3696 0.2500 0.1769 0.1554 0.3065 0.4640 0.4675 0.3298 0.2242 0.1852
0.2396 0.3400 0.4737 0.4583 0.2889 0.1540 0.1807 0.2570 0.3799 0.4863 0.4274 0.2166 0.1537 0.1984 0.2884 0.4234 0.4826 0.3806 0.1720 0.1614 0.2199 0.3237 0.4624 0.4675 0.3180 0.1566 0.1744 0.2455 0.3631 0.4838 0.4409 0.2424 0.1529 0.1922 0.2786 0.4121 0.4844 0.3885 0.1740 0.1615 0.2224 0.3316 0.4718 0.4570 0.2745 0.1529 0.1894 0.2783 0.4185 0.4796 0.4299 0.4796 0.4185 0.2783 0.1894 0.1529 0.2745 0.4570 0.4718 0.3316 0.2224 0.1615 0.1740 0.3885 0.4844 0.4121 0.2786 0.1922 0.1529 0.2424 0.4409 0.4838 0.3631 0.2455 0.1744 0.1566 0.3180 0.4675 0.4624 0.3237 0.2199 0.1614 0.1720 0.3806 0.4826 0.4234 0.2884 0.1984 0.1537 0.2166 0.4274 0.4863 0.3799 0.2570 0.1807 0.1540 0.2889 0.4583 0.4737 0.3400 0.2396
0.3438 0.4798 0.4520 0.2709 0.1532 0.1847 0.2643 0.3903 0.4867 0.4177 0.2018 0.1548 0.2033 0.2966 0.4337 0.4799 0.3667 0.1667 0.1643 0.2258 0.3329 0.4696 0.4622 0.3008 0.1549 0.1781 0.2523 0.3729 0.4856 0.4332 0.2268 0.1532 0.1959 0.2847 0.4196 0.4831 0.3812 0.1710 0.1626 0.2241 0.3334 0.4725 0.4570 0.2762 0.1530 0.1882 0.2753 0.4131 0.4829 0.3760 0.2289 0.3760 0.4829 0.4131 0.2753 0.1882 0.1530 0.2762 0.4570 0.4725 0.3334 0.2241 0.1626 0.1710 0.3812 0.4831 0.4196 0.2847 0.1959 0.1532 0.2268 0.4332 0.4856 0.3729 0.2523 0.1781 0.1549 0.3008 0.4622 0.4696 0.3329 0.2258 0.1643 0.1667 0.3667 0.4799 0.4337 0.2966 0.2033 0.1548 0.2018 0.4177 0.4867 0.3903 0.2643 0.1847 0.1532 0.2709 0.4520 0.4798 0.3438
0.4764 0.4450 0.2528 0.1528 0.1889 0.2718 0.4009 0.4861 0.4069 0.1896 0.1564 0.2084 0.3051 0.4437 0.4766 0.3520 0.1625 0.1674 0.2318 0.3423 0.4756 0.4563 0.2831 0.1537 0.1819 0.2593 0.3832 0.4865 0.4244 0.2115 0.1540 0.2002 0.2917 0.4283 0.4812 0.3715 0.1676 0.1642 0.2268 0.3369 0.4741 0.4558 0.2745 0.1530 0.1877 0.2738 0.4100 0.4840 0.3793 0.1677 0.1475 0.1677 0.3793 0.4840 0.4100 0.2738 0.1877 0.1530 0.2745 0.4558 0.4741 0.3369 0.2268 0.1642 0.1676 0.3715 0.4812 0.4283 0.2917 0.2002 0.1540 0.2115 0.4244 0.4865 0.3832 0.2593 0.1819 0.1537 0.2831 0.4563 0.4756 0.3423 0.2318 0.1674 0.1625 0.3520 0.4766 0.4437 0.3051 0.2084 0.1564 0.1896 0.4069 0.4861 0.4009 0.2718 0.1889 0.1528 0.2528 0.4450 0.4764
0.4449 0.2351 0.1530 0.1933 0.2795 0.4116 0.4849 0.3950 0.1800 0.1586 0.2137 0.3138 0.4531 0.4726 0.3363 0.1593 0.1706 0.2381 0.3519 0.4801 0.4497 0.2650 0.1530 0.1860 0.2667 0.3937 0.4866 0.4144 0.1976 0.1553 0.2050 0.2995 0.4375 0.4786 0.3598 0.1642 0.1664 0.2307 0.3421 0.4765 0.4535 0.2693 0.1529 0.1882 0.2738 0.4089 0.4844 0.3836 0.1695 0.1618 0.1900 0.1618 0.1695 0.3836 0.4844 0.4089 0.2738 0.1882 0.1529 0.2693 0.4535 0.4765 0.3421 0.2307 0.1664 0.1642 0.3598 0.4786 0.4375 0.2995 0.2050 0.1553 0.1976 0.4144 0.4866 0.3937 0.2667 0.1860 0.1530 0.2650 0.4497 0.4801 0.3519 0.2381 0.1706 0.1593 0.3363 0.4726 0.4531 0.3138 0.2137 0.1586 0.1800 0.3950 0.4849 0.4116 0.2795 0.1933 0.1530 0.2351 0.4449
0.2397 0.1537 0.1979 0.2875 0.4222 0.4829 0.3821 0.1727 0.1611 0.2193 0.3227 0.4615 0.4680 0.3199 0.1568 0.1740 0.2447 0.3617 0.4834 0.4424 0.2470 0.1528 0.1903 0.2742 0.4044 0.4858 0.4032 0.1862 0.1571 0.2101 0.3079 0.4469 0.4753 0.3462 0.1611 0.1689 0.2355 0.3489 0.4794 0.4498 0.2612 0.1528 0.1894 0.2753 0.4100 0.4844 0.3849 0.1707 0.1640 0.2250 0.2826 0.2250 0.1640 0.1707 0.3849 0.4844 0.4100 0.2753 0.1894 0.1528 0.2612 0.4498 0.4794 0.3489 0.2355 0.1689 0.1611 0.3462 0.4753 0.4469 0.3079 0.2101 0.1571 0.1862 0.4032 0.4858 0.4044 0.2742 0.1903 0.1528 0.2470 0.4424 0.4834 0.3617 0.2447 0.1740 0.1568 0.3199 0.4680 0.4615 0.3227 0.2193 0.1611 0.1727 0.3821 0.4829 0.4222 0.2875 0.1979 0.1537 0.2397
0.1793 0.2031 0.2957 0.4326 0.4803 0.3683 0.1672 0.1640 0.2252 0.3319 0.4689 0.4628 0.3027 0.1551 0.1777 0.2515 0.3718 0.4855 0.4344 0.2295 0.1531 0.1948 0.2821 0.4150 0.4843 0.3909 0.1774 0.1594 0.2156 0.3167 0.4559 0.4712 0.3310 0.1584 0.1719 0.2410 0.3569 0.4822 0.4447 0.2498 0.1529 0.1914 0.2783 0.4131 0.4840 0.3836 0.1707 0.1635 0.2277 0.3403 0.4304 0.3403 0.2277 0.1635 0.1707 0.3836 0.4840 0.4131 0.2783 0.1914 0.1529 0.2498 0.4447 0.4822 0.3569 0.2410 0.1719 0.1584 0.3310 0.4712 0.4559 0.3167 0.2156 0.1594 0.1774 0.3909 0.4843 0.4150 0.2821 0.1948 0.1531 0.2295 0.4344 0.4855 0.3718 0.2515 0.1777 0.1551 0.3027 0.4628 0.4689 0.3319 0.2252 0.1640 0.1672 0.3683 0.4803 0.4326 0.2957 0.2031 0.1793
0.2210 0.3053 0.4430 0.4766 0.3532 0.1629 0.1672 0.2315 0.3417 0.4751 0.4566 0.2846 0.1539 0.1818 0.2590 0.3826 0.4863 0.4250 0.2129 0.1540 0.1998 0.2905 0.4261 0.4818 0.3773 0.1707 0.1622 0.2215 0.3261 0.4643 0.4660 0.3139 0.1562 0.1755 0.2475 0.3662 0.4844 0.4379 0.2357 0.1531 0.1945 0.2830 0.4185 0.4829 0.3793 0.1695 0.1640 0.2277 0.3409 0.4765 0.4742 0.4765 0.3409 0.2277 0.1640 0.1695 0.3793 0.4829 0.4185 0.2830 0.1945 0.1531 0.2357 0.4379 0.4844 0.3662 0.2475 0.1755 0.1562 0.3139 0.4660 0.4643 0.3261 0.2215 0.1622 0.1707 0.3773 0.4818 0.4261 0.2905 0.1998 0.1540 0.2129 0.4250 0.4863 0.3826 0.2590 0.1818 0.1539 0.2846 0.4566 0.4751 0.3417 0.2315 0.1672 0.1629 0.3532 0.4766 0.4430 0.3053 0.2210
0.3089 0.4532 0.4707 0.3429 0.1588 0.1670 0.2336 0.3504 0.4785 0.4486 0.2728 0.1513 0.1819 0.2625 0.3931 0.4846 0.4154 0.2026 0.1526 0.2006 0.2959 0.4363 0.4769 0.3672 0.1656 0.1619 0.2232 0.3338 0.4703 0.4588 0.3028 0.1531 0.1754 0.2502 0.3757 0.4842 0.4297 0.2266 0.1512 0.1940 0.2854 0.4252 0.4796 0.3760 0.1677 0.1618 0.2250 0.3403 0.4765 0.4471 0.3598 0.4471 0.4765 0.3403 0.2250 0.1618 0.1677 0.3760 0.4796 0.4252 0.2854 0.1940 0.1512 0.2266 0.4297 0.4842 0.3757 0.2502 0.1754 0.1531 0.3028 0.4588 0.4703 0.3338 0.2232 0.1619 0.1656 0.3672 0.4769 0.4363 0.2959 0.2006 0.1526 0.2026 0.4154 0.4846 0.3931 0.2625 0.1819 0.1513 0.2728 0.4486 0.4785 0.3504 0.2336 0.1670 0.1588 0.3429 0.4707 0.4532 0.3089
0.3906 0.4820 0.4051 0.1906 0.1503 0.1987 0.2958 0.4420 0.4718 0.3544 0.1563 0.1602 0.2215 0.3352 0.4731 0.4522 0.2889 0.1461 0.1736 0.2489 0.3790 0.4823 0.4216 0.2162 0.1477 0.1907 0.2812 0.4247 0.4770 0.3771 0.1659 0.1557 0.2117 0.3187 0.4632 0.4612 0.3158 0.1484 0.1685 0.2392 0.3650 0.4817 0.4299 0.2289 0.1475 0.1900 0.2826 0.4304 0.4742 0.3598 0.2195 0.3598 0.4742 0.4304 0.2826 0.1900 0.1475 0.2289 0.4299 0.4817 0.3650 0.2392 0.1685 0.1484 0.3158 0.4612 0.4632 0.3187 0.2117 0.1557 0.1659 0.3771 0.4770 0.4247 0.2812 0.1907 0.1477 0.2162 0.4216 0.4823 0.3790 0.2489 0.1736 0.1461 0.2889 0.4522 0.4731 0.3352 0.2215 0.1602 0.1563 0.3544 0.4718 0.4420 0.2958 0.1987 0.1503 0.1906 0.4051 0.4820 0.3906
0.3089 0.4532 0.4707 0.3429 0.1588 0.1670 0.2336 0.3504 0.4785 0.4486 0.2728 0.1513 0.1819 0.2625 0.3931 0.4846 0.4154 0.2026 0.1526 0.2006 0.2959 0.4363 0.4769 0.3672 0.1656 0.1619 0.2232 0.3338 0.4703 0.4588 0.3028 0.1531 0.1754 0.2502 0.3757 0.4842 0.4297 0.2266 0.1512 0.1940 0.2854 0.4252 0.4796 0.3760 0.1677 0.1618 0.2250 0.3403 0.4765 0.4471 0.3598 0.4471 0.4765 0.3403 0.2250 0.1618 0.1677 0.3760 0.4796 0.4252 0.2854 0.1940 0.1512 0.2266 0.4297 0.4842 0.3757 0.2502 0.1754 0.1531 0.3028 0.4588 0.4703 0.3338 0.2232 0.1619 0.1656 0.3672 0.4769 0.4363 0.2959 0.2006 0.1526 0.2026 0.4154 0.4846 0.3931 0.2625 0.1819 0.1513 0.2728 0.4486 0.4785 0.3504 0.2336 0.1670 0.1588 0.3429 0.4707 0.4532 0.3089
0.2210 0.3053 0.4430 0.4766 0.3532 0.1629 0.1672 0.2315 0.3417 0.4751 0.4566 0.2846 0.1539 0.1818 0.2590 0.3826 0.4863 0.4250 0.2129 0.1540 0.1998 0.2905 0.4261 0.4818 0.3773 0.1707 0.1622 0.2215 0.3261 0.4643 0.4660 0.3139 0.1562 0.1755 0.2475 0.3662 0.4844 0.4379 0.2357 0.1531 0.1945 0.2830 0.4185 0.4829 0.3793 0.1695 0.1640 0.2277 0.3409 0.4765 0.4742 0.4765 0.3409 0.2277 0.1640 0.1695 0.3793 0.4829 0.4185 0.2830 0.1945 0.1531 0.2357 0.4379 0.4844 0.3662 0.2475 0.1755 0.1562 0.3139 0.4660 0.4643 0.3261 0.2215 0.1622 0.1707 0.3773 0.4818 0.4261 0.2905 0.1998 0.1540 0.2129 0.4250 0.4863 0.3826 0.2590 0.1818 0.1539 0.2846 0.4566 0.4751 0.3417 0.2315 0.1672 0.1629 0.3532 0.4766 0.4430 0.3053 0.2210
0.1793 0.2031 0.2957 0.4326 0.4803 0.3683 0.1672 0.1640 0.2252 0.3319 0.4689 0.4628 0.3027 0.1551 0.1777 0.2515 0.3718 0.4855 0.4344 0.2295 0.1531 0.1948 0.2821 0.4150 0.4843 0.3909 0.1774 0.1594 0.2156 0.3167 0.4559 0.4712 0.3310 0.1584 0.1719 0.2410 0.3569 0.4822 0.4447 0.2498 0.1529 0.1914 0.2783 0.4131 0.4840 0.3836 0.1707 0.1635 0.2277 0.3403 0.4304 0.3403 0.2277 0.1635 0.1707 0.3836 0.4840 0.4131 0.2783 0.1914 0.1529 0.2498 0.4447 0.4822 0.3569 0.2410 0.1719 0.1584 0.3310 0.4712 0.4559 0.3167 0.2156 0.1594 0.1774 0.3909 0.4843 0.4150 0.2821 0.1948 0.1531 0.2295 0.4344 0.4855 0.3718 0.2515 0.1777 0.1551 0.3027 0.4628 0.4689 0.3319 0.2252 0.1640 0.1672 0.3683 0.4803 0.4326 0.2957 0.2031 0.1793
0.2397 0.1537 0.1979 0.2875 0.4222 0.4829 0.3821 0.1727 0.1611 0.2193 0.3227 0.4615 0.4680 0.3199 0.1568 0.1740 0.2447 0.3617 0.4834 0.4424 0.2470 0.1528 0.1903 0.2742 0.4044 0.4858 0.4032 0.1862 0.1571 0.2101 0.3079 0.4469 0.4753 0.3462 0.1611 0.1689 0.2355 0.3489 0.4794 0.4498 0.2612 0.1528 0.1894 0.2753 0.4100 0.4844 0.3849 0.1707 0.1640 0.2250 0.2826 0.2250 0.1640 0.1707 0.3849 0.4844 0.4100 0.2753 0.1894 0.1528 0.2612 0.4498 0.4794 0.3489 0.2355 0.1689 0.1611 0.3462 0.4753 0.4469 0.3079 0.2101 0.1571 0.1862 0.4032 0.4858 0.4044 0.2742 0.1903 0.1528 0.2470 0.4424 0.4834 0.3617 0.2447 0.1740 0.1568 0.3199 0.4680 0.4615 0.3227 0.2193 0.1611 0.1727 0.3821 0.4829 0.4222 0.2875 0.1979 0.1537 0.2397
0.4449 0.2351 0.1530 0.1933 0.2795 0.4116 0.4849 0.3950 0.1800 0.1586 0.2137 0.3138 0.4531 0.4726 0.3363 0.1593 0.1706 0.2381 0.3519 0.4801 0.4497 0.2650 0.1530 0.1860 0.2667 0.3937 0.4866 0.4144 0.1976 0.1553 0.2050 0.2995 0.4375 0.4786 0.3598 0.1642 0.1664 0.2307 0.3421 0.4765 0.4535 0.2693 0.1529 0.1882 0.2738 0.4089 0.4844 0.3836 0.1695 0.1618 0.1900 0.1618 0.1695 0.3836 0.4844 0.4089 0.2738 0.1882 0.1529 0.2693 0.4535 0.4765 0.3421 0.2307 0.1664 0.1642 0.3598 0.4786 0.4375 0.2995 0.2050 0.1553 0.1976 0.4144 0.4866 0.3937 0.2667 0.1860 0.1530 0.2650 0.4497 0.4801 0.3519 0.2381 0.1706 0.1593 0.3363 0.4726 0.4531 0.3138 0.2137 0.1586 0.1800 0.3950 0.4849 0.4116 0.2795 0.1933 0.1530 0.2351 0.4449
