0.3548 0.1817 0.1986 0.2694 0.3909 0.4858 0.3929 0.1924 0.1879 0.2461 0.3546 0.4812 0.4349 0.2231 0.1806 0.2264 0.3216 0.4595 0.4627 0.2829 0.1784 0.2100 0.2919 0.4239 0.4796 0.3467 0.1823 0.1968 0.2656 0.3853 0.4860 0.4002 0.1953 0.1866 0.2429 0.3493 0.4791 0.4399 0.2308 0.1799 0.2237 0.3168 0.4548 0.4660 0.2929 0.1786 0.2078 0.2877 0.4184 0.4790 0.4238 0.4790 0.4184 0.2877 0.2078 0.1786 0.2929 0.4660 0.4548 0.3168 0.2237 0.1799 0.2308 0.4399 0.4791 0.3493 0.2429 0.1866 0.1953 0.4002 0.4860 0.3853 0.2656 0.1968 0.1823 0.3467 0.4796 0.4239 0.2919 0.2100 0.1784 0.2829 0.4627 0.4595 0.3216 0.2264 0.1806 0.2231 0.4349 0.4812 0.3546 0.2461 0.1879 0.1924 0.3929 0.4858 0.3909 0.2694 0.1986 0.1817 0.3548
0.1817 0.1792 0.2593 0.3925 0.4869 0.3945 0.1727 0.1642 0.2316 0.3518 0.4840 0.4352 0.2149 0.1551 0.2093 0.3154 0.4635 0.4625 0.2831 0.1531 0.1905 0.2826 0.4267 0.4798 0.3487 0.1588 0.1750 0.2534 0.3852 0.4873 0.4020 0.1768 0.1624 0.2280 0.3460 0.4822 0.4401 0.2244 0.1543 0.2062 0.3102 0.4587 0.4657 0.2936 0.1535 0.1879 0.2779 0.4205 0.4812 0.3616 0.2080 0.3616 0.4812 0.4205 0.2779 0.1879 0.1535 0.2936 0.4657 0.4587 0.3102 0.2062 0.1543 0.2244 0.4401 0.4822 0.3460 0.2280 0.1624 0.1768 0.4020 0.4873 0.3852 0.2534 0.1750 0.1588 0.3487 0.4798 0.4267 0.2826 0.1905 0.1531 0.2831 0.4625 0.4635 0.3154 0.2093 0.1551 0.2149 0.4352 0.4840 0.3518 0.2316 0.1642 0.1727 0.3945 0.4869 0.3925 0.2593 0.1792 0.1817
0.1986 0.2593 0.3873 0.4866 0.4041 0.1788 0.1614 0.2254 0.3416 0.4798 0.4431 0.2313 0.1538 0.2038 0.3060 0.4540 0.4675 0.3009 0.1537 0.1860 0.2742 0.4149 0.4821 0.3637 0.1618 0.1713 0.2461 0.3739 0.4865 0.4133 0.1852 0.1596 0.2217 0.3357 0.4770 0.4476 0.2415 0.1533 0.2009 0.3009 0.4486 0.4703 0.3111 0.1543 0.1835 0.2697 0.4086 0.4834 0.3716 0.1637 0.1483 0.1637 0.3716 0.4834 0.4086 0.2697 0.1835 0.1543 0.3111 0.4703 0.4486 0.3009 0.2009 0.1533 0.2415 0.4476 0.4770 0.3357 0.2217 0.1596 0.1852 0.4133 0.4865 0.3739 0.2461 0.1713 0.1618 0.3637 0.4821 0.4149 0.2742 0.1860 0.1537 0.3009 0.4675 0.4540 0.3060 0.2038 0.1538 0.2313 0.4431 0.4798 0.3416 0.2254 0.1614 0.1788 0.4041 0.4866 0.3873 0.2593 0.1986
0.2694 0.3925 0.4866 0.4077 0.1836 0.1595 0.2207 0.3332 0.4755 0.4501 0.2484 0.1531 0.1990 0.2976 0.4448 0.4721 0.3180 0.1549 0.1819 0.2667 0.4044 0.4843 0.3777 0.1657 0.1680 0.2395 0.3639 0.4858 0.4234 0.1963 0.1573 0.2161 0.3266 0.4716 0.4543 0.2594 0.1529 0.1962 0.2926 0.4390 0.4746 0.3279 0.1558 0.1796 0.2623 0.3981 0.4853 0.3856 0.1685 0.1631 0.1926 0.1631 0.1685 0.3856 0.4853 0.3981 0.2623 0.1796 0.1558 0.3279 0.4746 0.4390 0.2926 0.1962 0.1529 0.2594 0.4543 0.4716 0.3266 0.2161 0.1573 0.1963 0.4234 0.4858 0.3639 0.2395 0.1680 0.1657 0.3777 0.4843 0.4044 0.2667 0.1819 0.1549 0.3180 0.4721 0.4448 0.2976 0.1990 0.1531 0.2484 0.4501 0.4755 0.3332 0.2207 0.1595 0.1836 0.4077 0.4866 0.3925 0.2694
0.3909 0.4869 0.4041 0.1836 0.1588 0.2179 0.3270 0.4709 0.4559 0.2649 0.1528 0.1945 0.2894 0.4349 0.4762 0.3345 0.1566 0.1781 0.2593 0.3937 0.4858 0.3909 0.1708 0.1649 0.2331 0.3540 0.4839 0.4326 0.2101 0.1554 0.2106 0.3175 0.4648 0.4605 0.2775 0.1529 0.1916 0.2845 0.4288 0.4783 0.3439 0.1579 0.1759 0.2551 0.3875 0.4864 0.3983 0.1745 0.1634 0.2257 0.2847 0.2257 0.1634 0.1745 0.3983 0.4864 0.3875 0.2551 0.1759 0.1579 0.3439 0.4783 0.4288 0.2845 0.1916 0.1529 0.2775 0.4605 0.4648 0.3175 0.2106 0.1554 0.2101 0.4326 0.4839 0.3540 0.2331 0.1649 0.1708 0.3909 0.4858 0.3937 0.2593 0.1781 0.1566 0.3345 0.4762 0.4349 0.2894 0.1945 0.1528 0.2649 0.4559 0.4709 0.3270 0.2179 0.1588 0.1836 0.4041 0.4869 0.3909
0.4858 0.3945 0.1788 0.1595 0.2179 0.3246 0.4677 0.4598 0.2784 0.1530 0.1905 0.2819 0.4250 0.4795 0.3501 0.1590 0.1744 0.2523 0.3832 0.4866 0.4032 0.1774 0.1620 0.2270 0.3443 0.4809 0.4408 0.2260 0.1541 0.2054 0.3087 0.4568 0.4659 0.2954 0.1534 0.1873 0.2766 0.4183 0.4813 0.3591 0.1607 0.1724 0.2482 0.3771 0.4867 0.4099 0.1823 0.1604 0.2239 0.3378 0.4291 0.3378 0.2239 0.1604 0.1823 0.4099 0.4867 0.3771 0.2482 0.1724 0.1607 0.3591 0.4813 0.4183 0.2766 0.1873 0.1534 0.2954 0.4659 0.4568 0.3087 0.2054 0.1541 0.2260 0.4408 0.4809 0.3443 0.2270 0.1620 0.1774 0.4032 0.4866 0.3832 0.2523 0.1744 0.1590 0.3501 0.4795 0.4250 0.2819 0.1905 0.1530 0.2784 0.4598 0.4677 0.3246 0.2179 0.1595 0.1788 0.3945 0.4858
0.3929 0.1727 0.1614 0.2207 0.3270 0.4677 0.4611 0.2862 0.1533 0.1874 0.2757 0.4159 0.4821 0.3642 0.1620 0.1710 0.2455 0.3729 0.4865 0.4144 0.1862 0.1593 0.2212 0.3349 0.4766 0.4483 0.2432 0.1532 0.2005 0.3002 0.4478 0.4708 0.3128 0.1544 0.1832 0.2690 0.4077 0.4837 0.3735 0.1644 0.1690 0.2415 0.3669 0.4861 0.4204 0.1926 0.1579 0.2178 0.3299 0.4727 0.4759 0.4727 0.3299 0.2178 0.1579 0.1926 0.4204 0.4861 0.3669 0.2415 0.1690 0.1644 0.3735 0.4837 0.4077 0.2690 0.1832 0.1544 0.3128 0.4708 0.4478 0.3002 0.2005 0.1532 0.2432 0.4483 0.4766 0.3349 0.2212 0.1593 0.1862 0.4144 0.4865 0.3729 0.2455 0.1710 0.1620 0.3642 0.4821 0.4159 0.2757 0.1874 0.1533 0.2862 0.4611 0.4677 0.3270 0.2207 0.1614 0.1727 0.3929
0.1924 0.1642 0.2254 0.3332 0.4709 0.4598 0.2862 0.1534 0.1858 0.2714 0.4086 0.4839 0.3760 0.1655 0.1680 0.2392 0.3631 0.4856 0.4244 0.1976 0.1571 0.2155 0.3256 0.4710 0.4550 0.2612 0.1528 0.1957 0.2918 0.4380 0.4750 0.3295 0.1560 0.1793 0.2616 0.3970 0.4854 0.3869 0.1691 0.1659 0.2351 0.3570 0.4846 0.4298 0.2056 0.1559 0.2123 0.3203 0.4673 0.4565 0.3718 0.4565 0.4673 0.3203 0.2123 0.1559 0.2056 0.4298 0.4846 0.3570 0.2351 0.1659 0.1691 0.3869 0.4854 0.3970 0.2616 0.1793 0.1560 0.3295 0.4750 0.4380 0.2918 0.1957 0.1528 0.2612 0.4550 0.4710 0.3256 0.2155 0.1571 0.1976 0.4244 0.4856 0.3631 0.2392 0.1680 0.1655 0.3760 0.4839 0.4086 0.2714 0.1858 0.1534 0.2862 0.4598 0.4709 0.3332 0.2254 0.1642 0.1924
0.1879 0.2316 0.3416 0.4755 0.4559 0.2784 0.1533 0.1858 0.2699 0.4045 0.4849 0.3849 0.1692 0.1655 0.2336 0.3540 0.4838 0.4332 0.2114 0.1553 0.2101 0.3166 0.4641 0.4610 0.2793 0.1529 0.1912 0.2837 0.4278 0.4786 0.3455 0.1582 0.1756 0.2544 0.3865 0.4864 0.3995 0.1752 0.1629 0.2289 0.3473 0.4820 0.4383 0.2209 0.1545 0.2070 0.3114 0.4594 0.4639 0.2956 0.1632 0.2956 0.4639 0.4594 0.3114 0.2070 0.1545 0.2209 0.4383 0.4820 0.3473 0.2289 0.1629 0.1752 0.3995 0.4864 0.3865 0.2544 0.1756 0.1582 0.3455 0.4786 0.4278 0.2837 0.1912 0.1529 0.2793 0.4610 0.4641 0.3166 0.2101 0.1553 0.2114 0.4332 0.4838 0.3540 0.2336 0.1655 0.1692 0.3849 0.4849 0.4045 0.2699 0.1858 0.1533 0.2784 0.4559 0.4755 0.3416 0.2316 0.1879
0.2461 0.3518 0.4798 0.4501 0.2649 0.1530 0.1874 0.2714 0.4045 0.4852 0.3897 0.1721 0.1636 0.2292 0.3462 0.4813 0.4406 0.2263 0.1540 0.2050 0.3079 0.4559 0.4664 0.2971 0.1535 0.1869 0.2759 0.4173 0.4816 0.3606 0.1610 0.1720 0.2475 0.3761 0.4866 0.4110 0.1832 0.1601 0.2229 0.3378 0.4781 0.4460 0.2378 0.1535 0.2020 0.3028 0.4506 0.4693 0.3069 0.1525 0.1567 0.1525 0.3069 0.4693 0.4506 0.3028 0.2020 0.1535 0.2378 0.4460 0.4781 0.3378 0.2229 0.1601 0.1832 0.4110 0.4866 0.3761 0.2475 0.1720 0.1610 0.3606 0.4816 0.4173 0.2759 0.1869 0.1535 0.2971 0.4664 0.4559 0.3079 0.2050 0.1540 0.2263 0.4406 0.4813 0.3462 0.2292 0.1636 0.1721 0.3897 0.4852 0.4045 0.2714 0.1874 0.1530 0.2649 0.4501 0.4798 0.3518 0.2461
0.3546 0.4840 0.4431 0.2484 0.1528 0.1905 0.2757 0.4086 0.4849 0.3897 0.1733 0.1626 0.2262 0.3404 0.4785 0.4466 0.2409 0.1533 0.2004 0.2997 0.4470 0.4712 0.3144 0.1546 0.1828 0.2682 0.4066 0.4839 0.3748 0.1648 0.1687 0.2409 0.3660 0.4860 0.4214 0.1938 0.1577 0.2172 0.3285 0.4729 0.4530 0.2556 0.1529 0.1972 0.2944 0.4411 0.4737 0.3244 0.1555 0.1770 0.2140 0.1770 0.1555 0.3244 0.4737 0.4411 0.2944 0.1972 0.1529 0.2556 0.4530 0.4729 0.3285 0.2172 0.1577 0.1938 0.4214 0.4860 0.3660 0.2409 0.1687 0.1648 0.3748 0.4839 0.4066 0.2682 0.1828 0.1546 0.3144 0.4712 0.4470 0.2997 0.2004 0.1533 0.2409 0.4466 0.4785 0.3404 0.2262 0.1626 0.1733 0.3897 0.4849 0.4086 0.2757 0.1905 0.1528 0.2484 0.4431 0.4840 0.3546
0.4812 0.4352 0.2313 0.1531 0.1945 0.2819 0.4159 0.4839 0.3849 0.1721 0.1626 0.2251 0.3372 0.4762 0.4509 0.2534 0.1529 0.1965 0.2924 0.4381 0.4752 0.3307 0.1562 0.1789 0.2609 0.3960 0.4855 0.3882 0.1696 0.1656 0.2345 0.3560 0.4844 0.4307 0.2070 0.1558 0.2118 0.3194 0.4663 0.4592 0.2737 0.1529 0.1926 0.2862 0.4310 0.4775 0.3406 0.1575 0.1769 0.2531 0.3226 0.2531 0.1769 0.1575 0.3406 0.4775 0.4310 0.2862 0.1926 0.1529 0.2737 0.4592 0.4663 0.3194 0.2118 0.1558 0.2070 0.4307 0.4844 0.3560 0.2345 0.1656 0.1696 0.3882 0.4855 0.3960 0.2609 0.1789 0.1562 0.3307 0.4752 0.4381 0.2924 0.1965 0.1529 0.2534 0.4509 0.4762 0.3372 0.2251 0.1626 0.1721 0.3849 0.4839 0.4159 0.2819 0.1945 0.1531 0.2313 0.4352 0.4812
0.4349 0.2149 0.1538 0.1990 0.2894 0.4250 0.4821 0.3760 0.1692 0.1636 0.2262 0.3372 0.4752 0.4530 0.2618 0.1528 0.1933 0.2862 0.4297 0.4783 0.3452 0.1583 0.1754 0.2539 0.3855 0.4865 0.4007 0.1759 0.1626 0.2283 0.3463 0.4816 0.4391 0.2225 0.1543 0.2065 0.3106 0.4586 0.4648 0.2916 0.1533 0.1882 0.2783 0.4205 0.4807 0.3560 0.1601 0.1731 0.2501 0.3797 0.4659 0.3797 0.2501 0.1731 0.1601 0.3560 0.4807 0.4205 0.2783 0.1882 0.1533 0.2916 0.4648 0.4586 0.3106 0.2065 0.1543 0.2225 0.4391 0.4816 0.3463 0.2283 0.1626 0.1759 0.4007 0.4865 0.3855 0.2539 0.1754 0.1583 0.3452 0.4783 0.4297 0.2862 0.1933 0.1528 0.2618 0.4530 0.4752 0.3372 0.2262 0.1636 0.1692 0.3760 0.4821 0.4250 0.2894 0.1990 0.1538 0.2149 0.4349
0.2231 0.1551 0.2038 0.2976 0.4349 0.4795 0.3642 0.1655 0.1655 0.2292 0.3404 0.4762 0.4530 0.2647 0.1528 0.1913 0.2816 0.4227 0.4806 0.3575 0.1607 0.1722 0.2475 0.3756 0.4866 0.4120 0.1841 0.1599 0.2224 0.3368 0.4777 0.4467 0.2395 0.1534 0.2015 0.3019 0.4497 0.4698 0.3091 0.1542 0.1840 0.2706 0.4099 0.4832 0.3705 0.1635 0.1697 0.2430 0.3696 0.4845 0.4594 0.4845 0.3696 0.2430 0.1697 0.1635 0.3705 0.4832 0.4099 0.2706 0.1840 0.1542 0.3091 0.4698 0.4497 0.3019 0.2015 0.1534 0.2395 0.4467 0.4777 0.3368 0.2224 0.1599 0.1841 0.4120 0.4866 0.3756 0.2475 0.1722 0.1607 0.3575 0.4806 0.4227 0.2816 0.1913 0.1528 0.2647 0.4530 0.4762 0.3404 0.2292 0.1655 0.1655 0.3642 0.4795 0.4349 0.2976 0.2038 0.1551 0.2231
0.1806 0.2093 0.3060 0.4448 0.4762 0.3501 0.1620 0.1680 0.2336 0.3462 0.4785 0.4509 0.2618 0.1528 0.1906 0.2792 0.4179 0.4822 0.3671 0.1633 0.1695 0.2418 0.3666 0.4860 0.4218 0.1946 0.1575 0.2167 0.3276 0.4723 0.4536 0.2574 0.1529 0.1967 0.2936 0.4401 0.4741 0.3260 0.1556 0.1801 0.2631 0.3993 0.4851 0.3842 0.1680 0.1665 0.2364 0.3591 0.4849 0.4270 0.3105 0.4270 0.4849 0.3591 0.2364 0.1665 0.1680 0.3842 0.4851 0.3993 0.2631 0.1801 0.1556 0.3260 0.4741 0.4401 0.2936 0.1967 0.1529 0.2574 0.4536 0.4723 0.3276 0.2167 0.1575 0.1946 0.4218 0.4860 0.3666 0.2418 0.1695 0.1633 0.3671 0.4822 0.4179 0.2792 0.1906 0.1528 0.2618 0.4509 0.4785 0.3462 0.2336 0.1680 0.1620 0.3501 0.4762 0.4448 0.3060 0.2093 0.1806
0.2264 0.3154 0.4540 0.4721 0.3345 0.1590 0.1710 0.2392 0.3540 0.4813 0.4466 0.2534 0.1528 0.1913 0.2792 0.4163 0.4829 0.3732 0.1655 0.1674 0.2371 0.3587 0.4847 0.4301 0.2068 0.1557 0.2115 0.3187 0.4657 0.4598 0.2755 0.1529 0.1921 0.2854 0.4300 0.4779 0.3422 0.1577 0.1763 0.2559 0.3887 0.4863 0.3969 0.1737 0.1635 0.2302 0.3493 0.4826 0.4362 0.2222 0.1478 0.2222 0.4362 0.4826 0.3493 0.2302 0.1635 0.1737 0.3969 0.4863 0.3887 0.2559 0.1763 0.1577 0.3422 0.4779 0.4300 0.2854 0.1921 0.1529 0.2755 0.4598 0.4657 0.3187 0.2115 0.1557 0.2068 0.4301 0.4847 0.3587 0.2371 0.1674 0.1655 0.3732 0.4829 0.4163 0.2792 0.1913 0.1528 0.2534 0.4466 0.4813 0.3540 0.2392 0.1710 0.1590 0.3345 0.4721 0.4540 0.3154 0.2264
0.3216 0.4635 0.4675 0.3180 0.1566 0.1744 0.2455 0.3631 0.4838 0.4406 0.2409 0.1529 0.1933 0.2816 0.4179 0.4829 0.3752 0.1668 0.1661 0.2337 0.3524 0.4830 0.4368 0.2197 0.1544 0.2067 0.3104 0.4581 0.4652 0.2933 0.1533 0.1878 0.2775 0.4195 0.4810 0.3575 0.1604 0.1728 0.2490 0.3783 0.4867 0.4087 0.1813 0.1607 0.2242 0.3398 0.4790 0.4445 0.2336 0.1513 0.1691 0.1513 0.2336 0.4445 0.4790 0.3398 0.2242 0.1607 0.1813 0.4087 0.4867 0.3783 0.2490 0.1728 0.1604 0.3575 0.4810 0.4195 0.2775 0.1878 0.1533 0.2933 0.4652 0.4581 0.3104 0.2067 0.1544 0.2197 0.4368 0.4830 0.3524 0.2337 0.1661 0.1668 0.3752 0.4829 0.4179 0.2816 0.1933 0.1529 0.2409 0.4406 0.4838 0.3631 0.2455 0.1744 0.1566 0.3180 0.4675 0.4635 0.3216
0.4595 0.4625 0.3009 0.1549 0.1781 0.2523 0.3729 0.4856 0.4332 0.2263 0.1533 0.1965 0.2862 0.4227 0.4822 0.3732 0.1668 0.1657 0.2320 0.3484 0.4813 0.4418 0.2314 0.1536 0.2025 0.3029 0.4502 0.4698 0.3100 0.1543 0.1837 0.2698 0.4089 0.4834 0.3719 0.1639 0.1694 0.2423 0.3681 0.4862 0.4193 0.1913 0.1582 0.2184 0.3304 0.4741 0.4516 0.2517 0.1531 0.1944 0.2399 0.1944 0.1531 0.2517 0.4516 0.4741 0.3304 0.2184 0.1582 0.1913 0.4193 0.4862 0.3681 0.2423 0.1694 0.1639 0.3719 0.4834 0.4089 0.2698 0.1837 0.1543 0.3100 0.4698 0.4502 0.3029 0.2025 0.1536 0.2314 0.4418 0.4813 0.3484 0.2320 0.1657 0.1668 0.3732 0.4822 0.4227 0.2862 0.1965 0.1533 0.2263 0.4332 0.4856 0.3729 0.2523 0.1781 0.1549 0.3009 0.4625 0.4595
0.4627 0.2831 0.1537 0.1819 0.2593 0.3832 0.4865 0.4244 0.2114 0.1540 0.2004 0.2924 0.4297 0.4806 0.3671 0.1655 0.1661 0.2320 0.3471 0.4803 0.4449 0.2404 0.1532 0.1991 0.2964 0.4423 0.4736 0.3251 0.1556 0.1799 0.2626 0.3983 0.4852 0.3855 0.1685 0.1662 0.2358 0.3581 0.4848 0.4288 0.2040 0.1561 0.2129 0.3213 0.4678 0.4580 0.2699 0.1529 0.1938 0.2851 0.3651 0.2851 0.1938 0.1529 0.2699 0.4580 0.4678 0.3213 0.2129 0.1561 0.2040 0.4288 0.4848 0.3581 0.2358 0.1662 0.1685 0.3855 0.4852 0.3983 0.2626 0.1799 0.1556 0.3251 0.4736 0.4423 0.2964 0.1991 0.1532 0.2404 0.4449 0.4803 0.3471 0.2320 0.1661 0.1655 0.3671 0.4806 0.4297 0.2924 0.2004 0.1540 0.2114 0.4244 0.4865 0.3832 0.2593 0.1819 0.1537 0.2831 0.4627
0.2829 0.1531 0.1860 0.2667 0.3937 0.4866 0.4144 0.1976 0.1553 0.2050 0.2997 0.4381 0.4783 0.3575 0.1633 0.1674 0.2337 0.3484 0.4803 0.4459 0.2451 0.1530 0.1967 0.2914 0.4354 0.4766 0.3383 0.1573 0.1766 0.2560 0.3883 0.4863 0.3980 0.1744 0.1632 0.2296 0.3484 0.4823 0.4374 0.2191 0.1546 0.2076 0.3124 0.4603 0.4637 0.2879 0.1531 0.1892 0.2804 0.4233 0.4814 0.4233 0.2804 0.1892 0.1531 0.2879 0.4637 0.4603 0.3124 0.2076 0.1546 0.2191 0.4374 0.4823 0.3484 0.2296 0.1632 0.1744 0.3980 0.4863 0.3883 0.2560 0.1766 0.1573 0.3383 0.4766 0.4354 0.2914 0.1967 0.1530 0.2451 0.4459 0.4803 0.3484 0.2337 0.1674 0.1633 0.3575 0.4783 0.4381 0.2997 0.2050 0.1553 0.1976 0.4144 0.4866 0.3937 0.2667 0.1860 0.1531 0.2829
0.1784 0.1905 0.2742 0.4044 0.4858 0.4032 0.1862 0.1571 0.2101 0.3079 0.4470 0.4752 0.3452 0.1607 0.1695 0.2371 0.3524 0.4813 0.4449 0.2451 0.1529 0.1955 0.2882 0.4302 0.4787 0.3490 0.1592 0.1737 0.2500 0.3790 0.4867 0.4090 0.1818 0.1605 0.2236 0.3388 0.4786 0.4452 0.2358 0.1535 0.2025 0.3037 0.4517 0.4688 0.3055 0.1540 0.1849 0.2722 0.4127 0.4805 0.4324 0.4805 0.4127 0.2722 0.1849 0.1540 0.3055 0.4688 0.4517 0.3037 0.2025 0.1535 0.2358 0.4452 0.4786 0.3388 0.2236 0.1605 0.1818 0.4090 0.4867 0.3790 0.2500 0.1737 0.1592 0.3490 0.4787 0.4302 0.2882 0.1955 0.1529 0.2451 0.4449 0.4813 0.3524 0.2371 0.1695 0.1607 0.3452 0.4752 0.4470 0.3079 0.2101 0.1571 0.1862 0.4032 0.4858 0.4044 0.2742 0.1905 0.1784
0.2100 0.2826 0.4149 0.4843 0.3909 0.1774 0.1593 0.2155 0.3166 0.4559 0.4712 0.3307 0.1583 0.1722 0.2418 0.3587 0.4830 0.4418 0.2404 0.1530 0.1955 0.2871 0.4275 0.4799 0.3565 0.1610 0.1714 0.2450 0.3709 0.4864 0.4184 0.1910 0.1582 0.2181 0.3297 0.4736 0.4522 0.2536 0.1530 0.1977 0.2953 0.4422 0.4733 0.3225 0.1553 0.1809 0.2647 0.4015 0.4845 0.3837 0.2382 0.3837 0.4845 0.4015 0.2647 0.1809 0.1553 0.3225 0.4733 0.4422 0.2953 0.1977 0.1530 0.2536 0.4522 0.4736 0.3297 0.2181 0.1582 0.1910 0.4184 0.4864 0.3709 0.2450 0.1714 0.1610 0.3565 0.4799 0.4275 0.2871 0.1955 0.1530 0.2404 0.4418 0.4830 0.3587 0.2418 0.1722 0.1583 0.3307 0.4712 0.4559 0.3166 0.2155 0.1593 0.1774 0.3909 0.4843 0.4149 0.2826 0.2100
0.2919 0.4267 0.4821 0.3777 0.1708 0.1620 0.2212 0.3256 0.4641 0.4664 0.3144 0.1562 0.1754 0.2475 0.3666 0.4847 0.4368 0.2314 0.1532 0.1967 0.2882 0.4275 0.4803 0.3603 0.1623 0.1698 0.2412 0.3642 0.4855 0.4262 0.2015 0.1563 0.2131 0.3212 0.4675 0.4584 0.2715 0.1528 0.1931 0.2871 0.4321 0.4771 0.3388 0.1572 0.1771 0.2574 0.3909 0.4861 0.3939 0.1730 0.1464 0.1730 0.3939 0.4861 0.3909 0.2574 0.1771 0.1572 0.3388 0.4771 0.4321 0.2871 0.1931 0.1528 0.2715 0.4584 0.4675 0.3212 0.2131 0.1563 0.2015 0.4262 0.4855 0.3642 0.2412 0.1698 0.1623 0.3603 0.4803 0.4275 0.2882 0.1967 0.1532 0.2314 0.4368 0.4847 0.3666 0.2475 0.1754 0.1562 0.3144 0.4664 0.4641 0.3256 0.2212 0.1620 0.1708 0.3777 0.4821 0.4267 0.2919
0.4239 0.4798 0.3637 0.1657 0.1649 0.2270 0.3349 0.4710 0.4610 0.2971 0.1546 0.1789 0.2539 0.3756 0.4860 0.4301 0.2197 0.1536 0.1991 0.2914 0.4302 0.4799 0.3603 0.1628 0.1689 0.2388 0.3595 0.4845 0.4321 0.2120 0.1550 0.2087 0.3134 0.4607 0.4637 0.2888 0.1532 0.1887 0.2792 0.4217 0.4804 0.3543 0.1597 0.1735 0.2504 0.3805 0.4866 0.4063 0.1794 0.1583 0.1850 0.1583 0.1794 0.4063 0.4866 0.3805 0.2504 0.1735 0.1597 0.3543 0.4804 0.4217 0.2792 0.1887 0.1532 0.2888 0.4637 0.4607 0.3134 0.2087 0.1550 0.2120 0.4321 0.4845 0.3595 0.2388 0.1689 0.1628 0.3603 0.4799 0.4302 0.2914 0.1991 0.1536 0.2197 0.4301 0.4860 0.3756 0.2539 0.1789 0.1546 0.2971 0.4610 0.4710 0.3349 0.2270 0.1649 0.1657 0.3637 0.4798 0.4239
0.4796 0.3487 0.1618 0.1680 0.2331 0.3443 0.4766 0.4550 0.2793 0.1535 0.1828 0.2609 0.3855 0.4866 0.4218 0.2068 0.1544 0.2025 0.2964 0.4354 0.4787 0.3565 0.1623 0.1689 0.2380 0.3570 0.4837 0.4360 0.2207 0.1542 0.2050 0.3066 0.4536 0.4682 0.3047 0.1540 0.1847 0.2716 0.4112 0.4830 0.3689 0.1631 0.1701 0.2437 0.3702 0.4864 0.4171 0.1890 0.1589 0.2158 0.2707 0.2158 0.1589 0.1890 0.4171 0.4864 0.3702 0.2437 0.1701 0.1631 0.3689 0.4830 0.4112 0.2716 0.1847 0.1540 0.3047 0.4682 0.4536 0.3066 0.2050 0.1542 0.2207 0.4360 0.4837 0.3570 0.2380 0.1689 0.1623 0.3565 0.4787 0.4354 0.2964 0.2025 0.1544 0.2068 0.4218 0.4866 0.3855 0.2609 0.1828 0.1535 0.2793 0.4550 0.4766 0.3443 0.2331 0.1680 0.1618 0.3487 0.4796
0.3467 0.1588 0.1713 0.2395 0.3540 0.4809 0.4483 0.2612 0.1529 0.1869 0.2682 0.3960 0.4865 0.4120 0.1946 0.1557 0.2067 0.3029 0.4423 0.4766 0.3490 0.1610 0.1698 0.2388 0.3570 0.4834 0.4380 0.2266 0.1537 0.2022 0.3011 0.4470 0.4718 0.3188 0.1551 0.1811 0.2647 0.4010 0.4849 0.3825 0.1674 0.1669 0.2372 0.3602 0.4852 0.4269 0.2011 0.1566 0.2144 0.3217 0.4108 0.3217 0.2144 0.1566 0.2011 0.4269 0.4852 0.3602 0.2372 0.1669 0.1674 0.3825 0.4849 0.4010 0.2647 0.1811 0.1551 0.3188 0.4718 0.4470 0.3011 0.2022 0.1537 0.2266 0.4380 0.4834 0.3570 0.2388 0.1698 0.1610 0.3490 0.4766 0.4423 0.3029 0.2067 0.1557 0.1946 0.4120 0.4865 0.3960 0.2682 0.1869 0.1529 0.2612 0.4483 0.4809 0.3540 0.2395 0.1713 0.1588 0.3467
0.1823 0.1750 0.2461 0.3639 0.4839 0.4408 0.2432 0.1528 0.1912 0.2759 0.4066 0.4855 0.4007 0.1841 0.1575 0.2115 0.3104 0.4502 0.4736 0.3383 0.1592 0.1714 0.2412 0.3595 0.4837 0.4380 0.2286 0.1535 0.2005 0.2973 0.4418 0.4744 0.3304 0.1564 0.1780 0.2585 0.3916 0.4861 0.3947 0.1727 0.1639 0.2309 0.3504 0.4829 0.4357 0.2157 0.1549 0.2088 0.3148 0.4617 0.4798 0.4617 0.3148 0.2088 0.1549 0.2157 0.4357 0.4829 0.3504 0.2309 0.1639 0.1727 0.3947 0.4861 0.3916 0.2585 0.1780 0.1564 0.3304 0.4744 0.4418 0.2973 0.2005 0.1535 0.2286 0.4380 0.4837 0.3595 0.2412 0.1714 0.1592 0.3383 0.4736 0.4502 0.3104 0.2115 0.1575 0.1841 0.4007 0.4855 0.4066 0.2759 0.1912 0.1528 0.2432 0.4408 0.4839 0.3639 0.2461 0.1750 0.1823
0.1968 0.2534 0.3739 0.4858 0.4326 0.2260 0.1532 0.1957 0.2837 0.4173 0.4839 0.3882 0.1759 0.1599 0.2167 0.3187 0.4581 0.4698 0.3251 0.1573 0.1737 0.2450 0.3642 0.4845 0.4360 0.2266 0.1535 0.1999 0.2954 0.4384 0.4761 0.3389 0.1578 0.1755 0.2531 0.3831 0.4866 0.4054 0.1793 0.1612 0.2251 0.3410 0.4795 0.4436 0.2322 0.1537 0.2036 0.3056 0.4539 0.4655 0.3925 0.4655 0.4539 0.3056 0.2036 0.1537 0.2322 0.4436 0.4795 0.3410 0.2251 0.1612 0.1793 0.4054 0.4866 0.3831 0.2531 0.1755 0.1578 0.3389 0.4761 0.4384 0.2954 0.1999 0.1535 0.2266 0.4360 0.4845 0.3642 0.2450 0.1737 0.1573 0.3251 0.4698 0.4581 0.3187 0.2167 0.1599 0.1759 0.3882 0.4839 0.4173 0.2837 0.1957 0.1532 0.2260 0.4326 0.4858 0.3739 0.2534 0.1968
0.2656 0.3852 0.4865 0.4234 0.2101 0.1541 0.2005 0.2918 0.4278 0.4816 0.3748 0.1696 0.1626 0.2224 0.3276 0.4657 0.4652 0.3100 0.1556 0.1766 0.2500 0.3709 0.4855 0.4321 0.2207 0.1537 0.2005 0.2954 0.4372 0.4770 0.3441 0.1588 0.1736 0.2489 0.3760 0.4866 0.4143 0.1872 0.1589 0.2199 0.3323 0.4750 0.4507 0.2496 0.1530 0.1987 0.2971 0.4443 0.4720 0.3244 0.1769 0.3244 0.4720 0.4443 0.2971 0.1987 0.1530 0.2496 0.4507 0.4750 0.3323 0.2199 0.1589 0.1872 0.4143 0.4866 0.3760 0.2489 0.1736 0.1588 0.3441 0.4770 0.4372 0.2954 0.2005 0.1537 0.2207 0.4321 0.4855 0.3709 0.2500 0.1766 0.1556 0.3100 0.4652 0.4657 0.3276 0.2224 0.1626 0.1696 0.3748 0.4816 0.4278 0.2918 0.2005 0.1541 0.2101 0.4234 0.4865 0.3852 0.2656
0.3853 0.4873 0.4133 0.1963 0.1554 0.2054 0.3002 0.4380 0.4786 0.3606 0.1648 0.1656 0.2283 0.3368 0.4723 0.4598 0.2933 0.1543 0.1799 0.2560 0.3790 0.4864 0.4262 0.2120 0.1542 0.2022 0.2973 0.4384 0.4770 0.3459 0.1594 0.1725 0.2460 0.3707 0.4862 0.4213 0.1957 0.1571 0.2151 0.3242 0.4696 0.4567 0.2669 0.1528 0.1941 0.2888 0.4343 0.4764 0.3350 0.1556 0.1526 0.1556 0.3350 0.4764 0.4343 0.2888 0.1941 0.1528 0.2669 0.4567 0.4696 0.3242 0.2151 0.1571 0.1957 0.4213 0.4862 0.3707 0.2460 0.1725 0.1594 0.3459 0.4770 0.4384 0.2973 0.2022 0.1542 0.2120 0.4262 0.4864 0.3790 0.2560 0.1799 0.1543 0.2933 0.4598 0.4723 0.3368 0.2283 0.1656 0.1648 0.3606 0.4786 0.4380 0.3002 0.2054 0.1554 0.1963 0.4133 0.4873 0.3853
0.4860 0.4020 0.1852 0.1573 0.2106 0.3087 0.4478 0.4750 0.3455 0.1610 0.1687 0.2345 0.3463 0.4777 0.4536 0.2755 0.1533 0.1837 0.2626 0.3883 0.4867 0.4184 0.2015 0.1550 0.2050 0.3011 0.4418 0.4761 0.3441 0.1594 0.1721 0.2445 0.3674 0.4857 0.4263 0.2036 0.1558 0.2110 0.3170 0.4635 0.4619 0.2832 0.1530 0.1898 0.2810 0.4240 0.4797 0.3511 0.1592 0.1709 0.2047 0.1709 0.1592 0.3511 0.4797 0.4240 0.2810 0.1898 0.1530 0.2832 0.4619 0.4635 0.3170 0.2110 0.1558 0.2036 0.4263 0.4857 0.3674 0.2445 0.1721 0.1594 0.3441 0.4761 0.4418 0.3011 0.2050 0.1550 0.2015 0.4184 0.4867 0.3883 0.2626 0.1837 0.1533 0.2755 0.4536 0.4777 0.3463 0.2345 0.1687 0.1610 0.3455 0.4750 0.4478 0.3087 0.2106 0.1573 0.1852 0.4020 0.4860
0.4002 0.1768 0.1596 0.2161 0.3175 0.4568 0.4708 0.3295 0.1582 0.1720 0.2409 0.3560 0.4816 0.4467 0.2574 0.1529 0.1878 0.2698 0.3983 0.4863 0.4090 0.1910 0.1563 0.2087 0.3066 0.4470 0.4744 0.3389 0.1588 0.1725 0.2445 0.3663 0.4854 0.4292 0.2096 0.1550 0.2079 0.3111 0.4575 0.4662 0.2982 0.1536 0.1860 0.2737 0.4139 0.4824 0.3658 0.1623 0.1710 0.2414 0.3065 0.2414 0.1710 0.1623 0.3658 0.4824 0.4139 0.2737 0.1860 0.1536 0.2982 0.4662 0.4575 0.3111 0.2079 0.1550 0.2096 0.4292 0.4854 0.3663 0.2445 0.1725 0.1588 0.3389 0.4744 0.4470 0.3066 0.2087 0.1563 0.1910 0.4090 0.4863 0.3983 0.2698 0.1878 0.1529 0.2574 0.4467 0.4816 0.3560 0.2409 0.1720 0.1582 0.3295 0.4708 0.4568 0.3175 0.2161 0.1596 0.1768 0.4002
0.1953 0.1624 0.2217 0.3266 0.4648 0.4659 0.3128 0.1560 0.1756 0.2475 0.3660 0.4844 0.4391 0.2395 0.1529 0.1921 0.2775 0.4089 0.4852 0.3980 0.1818 0.1582 0.2131 0.3134 0.4536 0.4718 0.3304 0.1578 0.1736 0.2460 0.3674 0.4854 0.4302 0.2128 0.1546 0.2058 0.3067 0.4524 0.4694 0.3109 0.1545 0.1826 0.2672 0.4042 0.4844 0.3792 0.1663 0.1676 0.2389 0.3622 0.4529 0.3622 0.2389 0.1676 0.1663 0.3792 0.4844 0.4042 0.2672 0.1826 0.1545 0.3109 0.4694 0.4524 0.3067 0.2058 0.1546 0.2128 0.4302 0.4854 0.3674 0.2460 0.1736 0.1578 0.3304 0.4718 0.4536 0.3134 0.2131 0.1582 0.1818 0.3980 0.4852 0.4089 0.2775 0.1921 0.1529 0.2395 0.4391 0.4844 0.3660 0.2475 0.1756 0.1560 0.3128 0.4659 0.4648 0.3266 0.2217 0.1624 0.1953
0.1866 0.2280 0.3357 0.4716 0.4605 0.2954 0.1544 0.1793 0.2544 0.3761 0.4860 0.4307 0.2225 0.1534 0.1967 0.2854 0.4195 0.4834 0.3855 0.1744 0.1605 0.2181 0.3212 0.4607 0.4682 0.3188 0.1564 0.1755 0.2489 0.3707 0.4857 0.4292 0.2128 0.1544 0.2047 0.3039 0.4486 0.4717 0.3208 0.1555 0.1797 0.2614 0.3954 0.4857 0.3910 0.1712 0.1646 0.2324 0.3530 0.4821 0.4672 0.4821 0.3530 0.2324 0.1646 0.1712 0.3910 0.4857 0.3954 0.2614 0.1797 0.1555 0.3208 0.4717 0.4486 0.3039 0.2047 0.1544 0.2128 0.4292 0.4857 0.3707 0.2489 0.1755 0.1564 0.3188 0.4682 0.4607 0.3212 0.2181 0.1605 0.1744 0.3855 0.4834 0.4195 0.2854 0.1967 0.1534 0.2225 0.4307 0.4860 0.3761 0.2544 0.1793 0.1544 0.2954 0.4605 0.4716 0.3357 0.2280 0.1866
0.2429 0.3460 0.4770 0.4543 0.2775 0.1534 0.1832 0.2616 0.3865 0.4866 0.4214 0.2070 0.1543 0.2015 0.2936 0.4300 0.4810 0.3719 0.1685 0.1632 0.2236 0.3297 0.4675 0.4637 0.3047 0.1551 0.1780 0.2531 0.3760 0.4862 0.4263 0.2096 0.1546 0.2047 0.3030 0.4466 0.4731 0.3276 0.1564 0.1776 0.2567 0.3879 0.4864 0.4012 0.1769 0.1620 0.2267 0.3434 0.4805 0.4402 0.3368 0.4402 0.4805 0.3434 0.2267 0.1620 0.1769 0.4012 0.4864 0.3879 0.2567 0.1776 0.1564 0.3276 0.4731 0.4466 0.3030 0.2047 0.1546 0.2096 0.4263 0.4862 0.3760 0.2531 0.1780 0.1551 0.3047 0.4637 0.4675 0.3297 0.2236 0.1632 0.1685 0.3719 0.4810 0.4300 0.2936 0.2015 0.1543 0.2070 0.4214 0.4866 0.3865 0.2616 0.1832 0.1534 0.2775 0.4543 0.4770 0.3460 0.2429
0.3493 0.4822 0.4476 0.2594 0.1529 0.1873 0.2690 0.3970 0.4864 0.4110 0.1938 0.1558 0.2065 0.3019 0.4401 0.4779 0.3575 0.1639 0.1662 0.2296 0.3388 0.4736 0.4584 0.2888 0.1540 0.1811 0.2585 0.3831 0.4866 0.4213 0.2036 0.1550 0.2058 0.3039 0.4466 0.4735 0.3311 0.1570 0.1761 0.2533 0.3819 0.4867 0.4094 0.1833 0.1598 0.2217 0.3350 0.4764 0.4484 0.2506 0.1518 0.2506 0.4484 0.4764 0.3350 0.2217 0.1598 0.1833 0.4094 0.4867 0.3819 0.2533 0.1761 0.1570 0.3311 0.4735 0.4466 0.3039 0.2058 0.1550 0.2036 0.4213 0.4866 0.3831 0.2585 0.1811 0.1540 0.2888 0.4584 0.4736 0.3388 0.2296 0.1662 0.1639 0.3575 0.4779 0.4401 0.3019 0.2065 0.1558 0.1938 0.4110 0.4864 0.3970 0.2690 0.1873 0.1529 0.2594 0.4476 0.4822 0.3493
0.4791 0.4401 0.2415 0.1529 0.1916 0.2766 0.4077 0.4854 0.3995 0.1832 0.1577 0.2118 0.3106 0.4497 0.4741 0.3422 0.1604 0.1694 0.2358 0.3484 0.4786 0.4522 0.2715 0.1532 0.1847 0.2647 0.3916 0.4866 0.4143 0.1957 0.1558 0.2079 0.3067 0.4486 0.4731 0.3311 0.1572 0.1753 0.2512 0.3778 0.4866 0.4154 0.1896 0.1581 0.2173 0.3274 0.4716 0.4548 0.2612 0.1508 0.1640 0.1508 0.2612 0.4548 0.4716 0.3274 0.2173 0.1581 0.1896 0.4154 0.4866 0.3778 0.2512 0.1753 0.1572 0.3311 0.4731 0.4486 0.3067 0.2079 0.1558 0.1957 0.4143 0.4866 0.3916 0.2647 0.1847 0.1532 0.2715 0.4522 0.4786 0.3484 0.2358 0.1694 0.1604 0.3422 0.4741 0.4497 0.3106 0.2118 0.1577 0.1832 0.3995 0.4854 0.4077 0.2766 0.1916 0.1529 0.2415 0.4401 0.4791
0.4399 0.2244 0.1533 0.1962 0.2845 0.4183 0.4837 0.3869 0.1752 0.1601 0.2172 0.3194 0.4586 0.4698 0.3260 0.1577 0.1728 0.2423 0.3581 0.4823 0.4452 0.2536 0.1528 0.1887 0.2716 0.4010 0.4861 0.4054 0.1872 0.1571 0.2110 0.3111 0.4524 0.4717 0.3276 0.1570 0.1753 0.2504 0.3757 0.4865 0.4195 0.1951 0.1569 0.2138 0.3210 0.4665 0.4598 0.2771 0.1530 0.1875 0.2297 0.1875 0.1530 0.2771 0.4598 0.4665 0.3210 0.2138 0.1569 0.1951 0.4195 0.4865 0.3757 0.2504 0.1753 0.1570 0.3276 0.4717 0.4524 0.3111 0.2110 0.1571 0.1872 0.4054 0.4861 0.4010 0.2716 0.1887 0.1528 0.2536 0.4452 0.4823 0.3581 0.2423 0.1728 0.1577 0.3260 0.4698 0.4586 0.3194 0.2172 0.1601 0.1752 0.3869 0.4837 0.4183 0.2845 0.1962 0.1533 0.2244 0.4399
0.2308 0.1543 0.2009 0.2926 0.4288 0.4813 0.3735 0.1691 0.1629 0.2229 0.3285 0.4663 0.4648 0.3091 0.1556 0.1763 0.2490 0.3681 0.4848 0.4374 0.2358 0.1530 0.1931 0.2792 0.4112 0.4849 0.3947 0.1793 0.1589 0.2151 0.3170 0.4575 0.4694 0.3208 0.1564 0.1761 0.2512 0.3757 0.4864 0.4216 0.1989 0.1561 0.2113 0.3161 0.4617 0.4638 0.2909 0.1534 0.1877 0.2733 0.3494 0.2733 0.1877 0.1534 0.2909 0.4638 0.4617 0.3161 0.2113 0.1561 0.1989 0.4216 0.4864 0.3757 0.2512 0.1761 0.1564 0.3208 0.4694 0.4575 0.3170 0.2151 0.1589 0.1793 0.3947 0.4849 0.4112 0.2792 0.1931 0.1530 0.2358 0.4374 0.4848 0.3681 0.2490 0.1763 0.1556 0.3091 0.4648 0.4663 0.3285 0.2229 0.1629 0.1691 0.3735 0.4813 0.4288 0.2926 0.2009 0.1543 0.2308
0.1799 0.2062 0.3009 0.4390 0.4783 0.3591 0.1644 0.1659 0.2289 0.3378 0.4729 0.4592 0.2916 0.1542 0.1801 0.2559 0.3783 0.4862 0.4288 0.2191 0.1535 0.1977 0.2871 0.4217 0.4830 0.3825 0.1727 0.1612 0.2199 0.3242 0.4635 0.4662 0.3109 0.1555 0.1776 0.2533 0.3778 0.4865 0.4216 0.2003 0.1558 0.2097 0.3127 0.4579 0.4667 0.3022 0.1539 0.1843 0.2705 0.4089 0.4787 0.4089 0.2705 0.1843 0.1539 0.3022 0.4667 0.4579 0.3127 0.2097 0.1558 0.2003 0.4216 0.4865 0.3778 0.2533 0.1776 0.1555 0.3109 0.4662 0.4635 0.3242 0.2199 0.1612 0.1727 0.3825 0.4830 0.4217 0.2871 0.1977 0.1535 0.2191 0.4288 0.4862 0.3783 0.2559 0.1801 0.1542 0.2916 0.4592 0.4729 0.3378 0.2289 0.1659 0.1644 0.3591 0.4783 0.4390 0.3009 0.2062 0.1799
0.2237 0.3102 0.4486 0.4746 0.3439 0.1607 0.1690 0.2351 0.3473 0.4781 0.4530 0.2737 0.1533 0.1840 0.2631 0.3887 0.4867 0.4193 0.2040 0.1546 0.2025 0.2953 0.4321 0.4804 0.3689 0.1674 0.1639 0.2251 0.3323 0.4696 0.4619 0.2982 0.1545 0.1797 0.2567 0.3819 0.4866 0.4195 0.1989 0.1558 0.2092 0.3110 0.4554 0.4686 0.3101 0.1546 0.1818 0.2649 0.4006 0.4830 0.4420 0.4830 0.4006 0.2649 0.1818 0.1546 0.3101 0.4686 0.4554 0.3110 0.2092 0.1558 0.1989 0.4195 0.4866 0.3819 0.2567 0.1797 0.1545 0.2982 0.4619 0.4696 0.3323 0.2251 0.1639 0.1674 0.3689 0.4804 0.4321 0.2953 0.2025 0.1546 0.2040 0.4193 0.4867 0.3887 0.2631 0.1840 0.1533 0.2737 0.4530 0.4781 0.3473 0.2351 0.1690 0.1607 0.3439 0.4746 0.4486 0.3102 0.2237
0.3168 0.4587 0.4703 0.3279 0.1579 0.1724 0.2415 0.3570 0.4820 0.4460 0.2556 0.1529 0.1882 0.2706 0.3993 0.4863 0.4087 0.1913 0.1561 0.2076 0.3037 0.4422 0.4771 0.3543 0.1631 0.1669 0.2309 0.3410 0.4750 0.4567 0.2832 0.1536 0.1826 0.2614 0.3879 0.4867 0.4154 0.1951 0.1561 0.2097 0.3110 0.4545 0.4695 0.3150 0.1551 0.1800 0.2609 0.3935 0.4858 0.3967 0.2584 0.3967 0.4858 0.3935 0.2609 0.1800 0.1551 0.3150 0.4695 0.4545 0.3110 0.2097 0.1561 0.1951 0.4154 0.4867 0.3879 0.2614 0.1826 0.1536 0.2832 0.4567 0.4750 0.3410 0.2309 0.1669 0.1631 0.3543 0.4771 0.4422 0.3037 0.2076 0.1561 0.1913 0.4087 0.4863 0.3993 0.2706 0.1882 0.1529 0.2556 0.4460 0.4820 0.3570 0.2415 0.1724 0.1579 0.3279 0.4703 0.4587 0.3168
0.4548 0.4657 0.3111 0.1558 0.1759 0.2482 0.3669 0.4846 0.4383 0.2378 0.1529 0.1926 0.2783 0.4099 0.4851 0.3969 0.1813 0.1582 0.2129 0.3124 0.4517 0.4733 0.3388 0.1597 0.1701 0.2372 0.3504 0.4795 0.4507 0.2669 0.1530 0.1860 0.2672 0.3954 0.4864 0.4094 0.1896 0.1569 0.2113 0.3127 0.4554 0.4695 0.3166 0.1554 0.1789 0.2582 0.3886 0.4865 0.4027 0.1801 0.1460 0.1801 0.4027 0.4865 0.3886 0.2582 0.1789 0.1554 0.3166 0.4695 0.4554 0.3127 0.2113 0.1569 0.1896 0.4094 0.4864 0.3954 0.2672 0.1860 0.1530 0.2669 0.4507 0.4795 0.3504 0.2372 0.1701 0.1597 0.3388 0.4733 0.4517 0.3124 0.2129 0.1582 0.1813 0.3969 0.4851 0.4099 0.2783 0.1926 0.1529 0.2378 0.4383 0.4846 0.3669 0.2482 0.1759 0.1558 0.3111 0.4657 0.4548
0.4660 0.2936 0.1543 0.1796 0.2551 0.3771 0.4861 0.4298 0.2209 0.1535 0.1972 0.2862 0.4205 0.4832 0.3842 0.1737 0.1607 0.2184 0.3213 0.4603 0.4688 0.3225 0.1572 0.1735 0.2437 0.3602 0.4829 0.4436 0.2496 0.1528 0.1898 0.2737 0.4042 0.4857 0.4012 0.1833 0.1581 0.2138 0.3161 0.4579 0.4686 0.3150 0.1554 0.1785 0.2569 0.3857 0.4866 0.4083 0.1833 0.1567 0.1820 0.1567 0.1833 0.4083 0.4866 0.3857 0.2569 0.1785 0.1554 0.3150 0.4686 0.4579 0.3161 0.2138 0.1581 0.1833 0.4012 0.4857 0.4042 0.2737 0.1898 0.1528 0.2496 0.4436 0.4829 0.3602 0.2437 0.1735 0.1572 0.3225 0.4688 0.4603 0.3213 0.2184 0.1607 0.1737 0.3842 0.4832 0.4205 0.2862 0.1972 0.1535 0.2209 0.4298 0.4861 0.3771 0.2551 0.1796 0.1543 0.2936 0.4660
0.2929 0.1535 0.1835 0.2623 0.3875 0.4867 0.4204 0.2056 0.1545 0.2020 0.2944 0.4310 0.4807 0.3705 0.1680 0.1635 0.2242 0.3304 0.4678 0.4637 0.3055 0.1553 0.1771 0.2504 0.3702 0.4852 0.4357 0.2322 0.1530 0.1941 0.2810 0.4139 0.4844 0.3910 0.1769 0.1598 0.2173 0.3210 0.4617 0.4667 0.3101 0.1551 0.1789 0.2569 0.3846 0.4867 0.4116 0.1872 0.1585 0.2136 0.2669 0.2136 0.1585 0.1872 0.4116 0.4867 0.3846 0.2569 0.1789 0.1551 0.3101 0.4667 0.4617 0.3210 0.2173 0.1598 0.1769 0.3910 0.4844 0.4139 0.2810 0.1941 0.1530 0.2322 0.4357 0.4852 0.3702 0.2504 0.1771 0.1553 0.3055 0.4637 0.4678 0.3304 0.2242 0.1635 0.1680 0.3705 0.4807 0.4310 0.2944 0.2020 0.1545 0.2056 0.4204 0.4867 0.3875 0.2623 0.1835 0.1535 0.2929
0.1786 0.1879 0.2697 0.3981 0.4864 0.4099 0.1926 0.1559 0.2070 0.3028 0.4411 0.4775 0.3560 0.1635 0.1665 0.2302 0.3398 0.4741 0.4580 0.2879 0.1540 0.1809 0.2574 0.3805 0.4864 0.4269 0.2157 0.1537 0.1987 0.2888 0.4240 0.4824 0.3792 0.1712 0.1620 0.2217 0.3274 0.4665 0.4638 0.3022 0.1546 0.1800 0.2582 0.3857 0.4867 0.4126 0.1892 0.1577 0.2156 0.3208 0.4086 0.3208 0.2156 0.1577 0.1892 0.4126 0.4867 0.3857 0.2582 0.1800 0.1546 0.3022 0.4638 0.4665 0.3274 0.2217 0.1620 0.1712 0.3792 0.4824 0.4240 0.2888 0.1987 0.1537 0.2157 0.4269 0.4864 0.3805 0.2574 0.1809 0.1540 0.2879 0.4580 0.4741 0.3398 0.2302 0.1665 0.1635 0.3560 0.4775 0.4411 0.3028 0.2070 0.1559 0.1926 0.4099 0.4864 0.3981 0.2697 0.1879 0.1786
0.2078 0.2779 0.4086 0.4853 0.3983 0.1823 0.1579 0.2123 0.3114 0.4506 0.4737 0.3406 0.1601 0.1697 0.2364 0.3493 0.4790 0.4516 0.2699 0.1531 0.1849 0.2647 0.3909 0.4866 0.4171 0.2011 0.1549 0.2036 0.2971 0.4343 0.4797 0.3658 0.1663 0.1646 0.2267 0.3350 0.4716 0.4598 0.2909 0.1539 0.1818 0.2609 0.3886 0.4866 0.4116 0.1892 0.1574 0.2142 0.3201 0.4638 0.4798 0.4638 0.3201 0.2142 0.1574 0.1892 0.4116 0.4866 0.3886 0.2609 0.1818 0.1539 0.2909 0.4598 0.4716 0.3350 0.2267 0.1646 0.1663 0.3658 0.4797 0.4343 0.2971 0.2036 0.1549 0.2011 0.4171 0.4866 0.3909 0.2647 0.1849 0.1531 0.2699 0.4516 0.4790 0.3493 0.2364 0.1697 0.1601 0.3406 0.4737 0.4506 0.3114 0.2123 0.1579 0.1823 0.3983 0.4853 0.4086 0.2779 0.2078
0.2877 0.4205 0.4834 0.3856 0.1745 0.1604 0.2178 0.3203 0.4594 0.4693 0.3244 0.1575 0.1731 0.2430 0.3591 0.4826 0.4445 0.2517 0.1529 0.1892 0.2722 0.4015 0.4861 0.4063 0.1890 0.1566 0.2088 0.3056 0.4443 0.4764 0.3511 0.1623 0.1676 0.2324 0.3434 0.4764 0.4548 0.2771 0.1534 0.1843 0.2649 0.3935 0.4865 0.4083 0.1872 0.1577 0.2142 0.3187 0.4626 0.4623 0.3860 0.4623 0.4626 0.3187 0.2142 0.1577 0.1872 0.4083 0.4865 0.3935 0.2649 0.1843 0.1534 0.2771 0.4548 0.4764 0.3434 0.2324 0.1676 0.1623 0.3511 0.4764 0.4443 0.3056 0.2088 0.1566 0.1890 0.4063 0.4861 0.4015 0.2722 0.1892 0.1529 0.2517 0.4445 0.4826 0.3591 0.2430 0.1731 0.1575 0.3244 0.4693 0.4594 0.3203 0.2178 0.1604 0.1745 0.3856 0.4834 0.4205 0.2877
0.4184 0.4812 0.3716 0.1685 0.1634 0.2239 0.3299 0.4673 0.4639 0.3069 0.1555 0.1769 0.2501 0.3696 0.4849 0.4362 0.2336 0.1531 0.1938 0.2804 0.4127 0.4845 0.3939 0.1794 0.1589 0.2144 0.3148 0.4539 0.4720 0.3350 0.1592 0.1710 0.2389 0.3530 0.4805 0.4484 0.2612 0.1530 0.1877 0.2705 0.4006 0.4858 0.4027 0.1833 0.1585 0.2156 0.3201 0.4626 0.4643 0.3046 0.1683 0.3046 0.4643 0.4626 0.3201 0.2156 0.1585 0.1833 0.4027 0.4858 0.4006 0.2705 0.1877 0.1530 0.2612 0.4484 0.4805 0.3530 0.2389 0.1710 0.1592 0.3350 0.4720 0.4539 0.3148 0.2144 0.1589 0.1794 0.3939 0.4845 0.4127 0.2804 0.1938 0.1531 0.2336 0.4362 0.4849 0.3696 0.2501 0.1769 0.1555 0.3069 0.4639 0.4673 0.3299 0.2239 0.1634 0.1685 0.3716 0.4812 0.4184
0.4790 0.3616 0.1637 0.1631 0.2257 0.3378 0.4727 0.4565 0.2956 0.1525 0.1770 0.2531 0.3797 0.4845 0.4270 0.2222 0.1513 0.1944 0.2851 0.4233 0.4805 0.3837 0.1730 0.1583 0.2158 0.3217 0.4617 0.4655 0.3244 0.1556 0.1709 0.2414 0.3622 0.4821 0.4402 0.2506 0.1508 0.1875 0.2733 0.4089 0.4830 0.3967 0.1801 0.1567 0.2136 0.3208 0.4638 0.4623 0.3046 0.1513 0.1533 0.1513 0.3046 0.4623 0.4638 0.3208 0.2136 0.1567 0.1801 0.3967 0.4830 0.4089 0.2733 0.1875 0.1508 0.2506 0.4402 0.4821 0.3622 0.2414 0.1709 0.1556 0.3244 0.4655 0.4617 0.3217 0.2158 0.1583 0.1730 0.3837 0.4805 0.4233 0.2851 0.1944 0.1513 0.2222 0.4270 0.4845 0.3797 0.2531 0.1770 0.1525 0.2956 0.4565 0.4727 0.3378 0.2257 0.1631 0.1637 0.3616 0.4790
0.4238 0.2080 0.1483 0.1926 0.2847 0.4291 0.4759 0.3718 0.1632 0.1567 0.2140 0.3226 0.4659 0.4594 0.3105 0.1478 0.1691 0.2399 0.3651 0.4814 0.4324 0.2382 0.1464 0.1850 0.2707 0.4108 0.4798 0.3925 0.1769 0.1526 0.2047 0.3065 0.4529 0.4672 0.3368 0.1518 0.1640 0.2297 0.3494 0.4787 0.4420 0.2584 0.1460 0.1820 0.2669 0.4086 0.4798 0.3860 0.1683 0.1533 0.1757 0.1533 0.1683 0.3860 0.4798 0.4086 0.2669 0.1820 0.1460 0.2584 0.4420 0.4787 0.3494 0.2297 0.1640 0.1518 0.3368 0.4672 0.4529 0.3065 0.2047 0.1526 0.1769 0.3925 0.4798 0.4108 0.2707 0.1850 0.1464 0.2382 0.4324 0.4814 0.3651 0.2399 0.1691 0.1478 0.3105 0.4594 0.4659 0.3226 0.2140 0.1567 0.1632 0.3718 0.4759 0.4291 0.2847 0.1926 0.1483 0.2080 0.4238
0.4790 0.3616 0.1637 0.1631 0.2257 0.3378 0.4727 0.4565 0.2956 0.1525 0.1770 0.2531 0.3797 0.4845 0.4270 0.2222 0.1513 0.1944 0.2851 0.4233 0.4805 0.3837 0.1730 0.1583 0.2158 0.3217 0.4617 0.4655 0.3244 0.1556 0.1709 0.2414 0.3622 0.4821 0.4402 0.2506 0.1508 0.1875 0.2733 0.4089 0.4830 0.3967 0.1801 0.1567 0.2136 0.3208 0.4638 0.4623 0.3046 0.1513 0.1533 0.1513 0.3046 0.4623 0.4638 0.3208 0.2136 0.1567 0.1801 0.3967 0.4830 0.4089 0.2733 0.1875 0.1508 0.2506 0.4402 0.4821 0.3622 0.2414 0.1709 0.1556 0.3244 0.4655 0.4617 0.3217 0.2158 0.1583 0.1730 0.3837 0.4805 0.4233 0.2851 0.1944 0.1513 0.2222 0.4270 0.4845 0.3797 0.2531 0.1770 0.1525 0.2956 0.4565 0.4727 0.3378 0.2257 0.1631 0.1637 0.3616 0.4790
0.4184 0.4812 0.3716 0.1685 0.1634 0.2239 0.3299 0.4673 0.4639 0.3069 0.1555 0.1769 0.2501 0.3696 0.4849 0.4362 0.2336 0.1531 0.1938 0.2804 0.4127 0.4845 0.3939 0.1794 0.1589 0.2144 0.3148 0.4539 0.4720 0.3350 0.1592 0.1710 0.2389 0.3530 0.4805 0.4484 0.2612 0.1530 0.1877 0.2705 0.4006 0.4858 0.4027 0.1833 0.1585 0.2156 0.3201 0.4626 0.4643 0.3046 0.1683 0.3046 0.4643 0.4626 0.3201 0.2156 0.1585 0.1833 0.4027 0.4858 0.4006 0.2705 0.1877 0.1530 0.2612 0.4484 0.4805 0.3530 0.2389 0.1710 0.1592 0.3350 0.4720 0.4539 0.3148 0.2144 0.1589 0.1794 0.3939 0.4845 0.4127 0.2804 0.1938 0.1531 0.2336 0.4362 0.4849 0.3696 0.2501 0.1769 0.1555 0.3069 0.4639 0.4673 0.3299 0.2239 0.1634 0.1685 0.3716 0.4812 0.4184
0.2877 0.4205 0.4834 0.3856 0.1745 0.1604 0.2178 0.3203 0.4594 0.4693 0.3244 0.1575 0.1731 0.2430 0.3591 0.4826 0.4445 0.2517 0.1529 0.1892 0.2722 0.4015 0.4861 0.4063 0.1890 0.1566 0.2088 0.3056 0.4443 0.4764 0.3511 0.1623 0.1676 0.2324 0.3434 0.4764 0.4548 0.2771 0.1534 0.1843 0.2649 0.3935 0.4865 0.4083 0.1872 0.1577 0.2142 0.3187 0.4626 0.4623 0.3860 0.4623 0.4626 0.3187 0.2142 0.1577 0.1872 0.4083 0.4865 0.3935 0.2649 0.1843 0.1534 0.2771 0.4548 0.4764 0.3434 0.2324 0.1676 0.1623 0.3511 0.4764 0.4443 0.3056 0.2088 0.1566 0.1890 0.4063 0.4861 0.4015 0.2722 0.1892 0.1529 0.2517 0.4445 0.4826 0.3591 0.2430 0.1731 0.1575 0.3244 0.4693 0.4594 0.3203 0.2178 0.1604 0.1745 0.3856 0.4834 0.4205 0.2877
0.2078 0.2779 0.4086 0.4853 0.3983 0.1823 0.1579 0.2123 0.3114 0.4506 0.4737 0.3406 0.1601 0.1697 0.2364 0.3493 0.4790 0.4516 0.2699 0.1531 0.1849 0.2647 0.3909 0.4866 0.4171 0.2011 0.1549 0.2036 0.2971 0.4343 0.4797 0.3658 0.1663 0.1646 0.2267 0.3350 0.4716 0.4598 0.2909 0.1539 0.1818 0.2609 0.3886 0.4866 0.4116 0.1892 0.1574 0.2142 0.3201 0.4638 0.4798 0.4638 0.3201 0.2142 0.1574 0.1892 0.4116 0.4866 0.3886 0.2609 0.1818 0.1539 0.2909 0.4598 0.4716 0.3350 0.2267 0.1646 0.1663 0.3658 0.4797 0.4343 0.2971 0.2036 0.1549 0.2011 0.4171 0.4866 0.3909 0.2647 0.1849 0.1531 0.2699 0.4516 0.4790 0.3493 0.2364 0.1697 0.1601 0.3406 0.4737 0.4506 0.3114 0.2123 0.1579 0.1823 0.3983 0.4853 0.4086 0.2779 0.2078
0.1786 0.1879 0.2697 0.3981 0.4864 0.4099 0.1926 0.1559 0.2070 0.3028 0.4411 0.4775 0.3560 0.1635 0.1665 0.2302 0.3398 0.4741 0.4580 0.2879 0.1540 0.1809 0.2574 0.3805 0.4864 0.4269 0.2157 0.1537 0.1987 0.2888 0.4240 0.4824 0.3792 0.1712 0.1620 0.2217 0.3274 0.4665 0.4638 0.3022 0.1546 0.1800 0.2582 0.3857 0.4867 0.4126 0.1892 0.1577 0.2156 0.3208 0.4086 0.3208 0.2156 0.1577 0.1892 0.4126 0.4867 0.3857 0.2582 0.1800 0.1546 0.3022 0.4638 0.4665 0.3274 0.2217 0.1620 0.1712 0.3792 0.4824 0.4240 0.2888 0.1987 0.1537 0.2157 0.4269 0.4864 0.3805 0.2574 0.1809 0.1540 0.2879 0.4580 0.4741 0.3398 0.2302 0.1665 0.1635 0.3560 0.4775 0.4411 0.3028 0.2070 0.1559 0.1926 0.4099 0.4864 0.3981 0.2697 0.1879 0.1786
