0.0014 0.0133 0.1011 0.7721 1.0000 1.0000 0.0010 0.0079 0.0602 0.4568 1.0000 1.0000 0.0006 0.0047 0.0355 0.2697 1.0000 1.0000 0.0004 0.0028 0.0210 0.1593 1.0000 1.0000 0.0002 0.0016 0.0124 0.0940 0.7142 1.0000 1.0000 0.0010 0.0073 0.0555 0.4217 1.0000 1.0000 0.0006 0.0043 0.0328 0.2490 1.0000 1.0000 0.0003 0.0025 0.0194 0.1470 1.0000 1.0000 0.0002 0.0007 0.0002 1.0000 1.0000 0.1470 0.0194 0.0025 0.0003 1.0000 1.0000 0.2490 0.0328 0.0043 0.0006 1.0000 1.0000 0.4217 0.0555 0.0073 0.0010 1.0000 1.0000 0.7142 0.0940 0.0124 0.0016 0.0002 1.0000 1.0000 0.1593 0.0210 0.0028 0.0004 1.0000 1.0000 0.2697 0.0355 0.0047 0.0006 1.0000 1.0000 0.4568 0.0602 0.0079 0.0010 1.0000 1.0000 0.7721 0.1011 0.0133 0.0014
0.0133 0.1164 0.8507 1.0000 1.0000 0.0011 0.0085 0.0645 0.4901 1.0000 1.0000 0.0007 0.0050 0.0381 0.2888 1.0000 1.0000 0.0004 0.0030 0.0225 0.1709 1.0000 1.0000 0.0002 0.0017 0.0133 0.1007 0.7662 1.0000 1.0000 0.0010 0.0078 0.0596 0.4516 1.0000 1.0000 0.0006 0.0046 0.0351 0.2672 1.0000 1.0000 0.0004 0.0027 0.0208 0.1575 1.0000 1.0000 0.0002 0.0016 0.0057 0.0016 0.0002 1.0000 1.0000 0.1575 0.0208 0.0027 0.0004 1.0000 1.0000 0.2672 0.0351 0.0046 0.0006 1.0000 1.0000 0.4516 0.0596 0.0078 0.0010 1.0000 1.0000 0.7662 0.1007 0.0133 0.0017 0.0002 1.0000 1.0000 0.1709 0.0225 0.0030 0.0004 1.0000 1.0000 0.2888 0.0381 0.0050 0.0007 1.0000 1.0000 0.4901 0.0645 0.0085 0.0011 1.0000 1.0000 0.8507 0.1164 0.0133
0.1011 0.8507 1.0000 1.0000 0.0010 0.0075 0.0562 0.4249 1.0000 1.0000 0.0006 0.0043 0.0329 0.2495 1.0000 1.0000 0.0003 0.0026 0.0194 0.1473 1.0000 1.0000 1.0000 0.0015 0.0115 0.0870 0.6606 1.0000 1.0000 0.0009 0.0068 0.0514 0.3901 1.0000 1.0000 0.0005 0.0040 0.0303 0.2303 1.0000 1.0000 0.0003 0.0024 0.0179 0.1360 1.0000 1.0000 1.0000 0.0014 0.0108 0.0370 0.0108 0.0014 1.0000 1.0000 1.0000 0.1360 0.0179 0.0024 0.0003 1.0000 1.0000 0.2303 0.0303 0.0040 0.0005 1.0000 1.0000 0.3901 0.0514 0.0068 0.0009 1.0000 1.0000 0.6606 0.0870 0.0115 0.0015 1.0000 1.0000 1.0000 0.1473 0.0194 0.0026 0.0003 1.0000 1.0000 0.2495 0.0329 0.0043 0.0006 1.0000 1.0000 0.4249 0.0562 0.0075 0.0010 1.0000 1.0000 0.8507 0.1011
0.7721 1.0000 1.0000 0.0010 0.0069 0.0510 0.3798 1.0000 1.0000 0.0005 0.0038 0.0288 0.2184 1.0000 1.0000 0.0003 0.0022 0.0170 0.1290 0.9793 1.0000 1.0000 0.0013 0.0100 0.0762 0.5783 1.0000 1.0000 0.0008 0.0059 0.0450 0.3415 1.0000 1.0000 0.0005 0.0035 0.0266 0.2016 1.0000 1.0000 0.0003 0.0021 0.0157 0.1191 0.9041 1.0000 1.0000 0.0012 0.0093 0.0715 0.2448 0.0715 0.0093 0.0012 1.0000 1.0000 0.9041 0.1191 0.0157 0.0021 0.0003 1.0000 1.0000 0.2016 0.0266 0.0035 0.0005 1.0000 1.0000 0.3415 0.0450 0.0059 0.0008 1.0000 1.0000 0.5783 0.0762 0.0100 0.0013 1.0000 1.0000 0.9793 0.1290 0.0170 0.0022 0.0003 1.0000 1.0000 0.2184 0.0288 0.0038 0.0005 1.0000 1.0000 0.3798 0.0510 0.0069 0.0010 1.0000 1.0000 0.7721
1.0000 1.0000 0.0010 0.0069 0.0491 0.3547 1.0000 1.0000 0.0004 0.0034 0.0253 0.1915 1.0000 1.0000 0.0003 0.0020 0.0148 0.1127 0.8556 1.0000 1.0000 0.0012 0.0088 0.0665 0.5052 1.0000 1.0000 0.0007 0.0052 0.0393 0.2983 1.0000 1.0000 0.0004 0.0031 0.0232 0.1762 1.0000 1.0000 0.0002 0.0018 0.0137 0.1040 0.7899 1.0000 1.0000 0.0011 0.0081 0.0619 0.4745 1.0000 0.4745 0.0619 0.0081 0.0011 1.0000 1.0000 0.7899 0.1040 0.0137 0.0018 0.0002 1.0000 1.0000 0.1762 0.0232 0.0031 0.0004 1.0000 1.0000 0.2983 0.0393 0.0052 0.0007 1.0000 1.0000 0.5052 0.0665 0.0088 0.0012 1.0000 1.0000 0.8556 0.1127 0.0148 0.0020 0.0003 1.0000 1.0000 0.1915 0.0253 0.0034 0.0004 1.0000 1.0000 0.3547 0.0491 0.0069 0.0010 1.0000 1.0000
1.0000 0.0011 0.0075 0.0510 0.3547 1.0000 1.0000 0.0004 0.0030 0.0226 0.1699 1.0000 1.0000 0.0002 0.0017 0.0130 0.0984 0.7475 1.0000 1.0000 0.0010 0.0077 0.0581 0.4414 1.0000 1.0000 0.0006 0.0045 0.0343 0.2606 1.0000 1.0000 0.0004 0.0027 0.0203 0.1539 1.0000 1.0000 0.0002 0.0016 0.0120 0.0909 0.6901 1.0000 1.0000 0.0009 0.0071 0.0537 0.4106 1.0000 1.0000 1.0000 0.4106 0.0537 0.0071 0.0009 1.0000 1.0000 0.6901 0.0909 0.0120 0.0016 0.0002 1.0000 1.0000 0.1539 0.0203 0.0027 0.0004 1.0000 1.0000 0.2606 0.0343 0.0045 0.0006 1.0000 1.0000 0.4414 0.0581 0.0077 0.0010 1.0000 1.0000 0.7475 0.0984 0.0130 0.0017 0.0002 1.0000 1.0000 0.1699 0.0226 0.0030 0.0004 1.0000 1.0000 0.3547 0.0510 0.0075 0.0011 1.0000
0.0010 0.0085 0.0562 0.3798 1.0000 1.0000 0.0004 0.0029 0.0209 0.1542 1.0000 1.0000 0.0002 0.0015 0.0114 0.0862 0.6531 1.0000 1.0000 0.0009 0.0067 0.0508 0.3857 1.0000 1.0000 0.0005 0.0039 0.0300 0.2277 1.0000 1.0000 0.0003 0.0023 0.0177 0.1345 1.0000 1.0000 1.0000 0.0014 0.0105 0.0794 0.6030 1.0000 1.0000 0.0008 0.0062 0.0469 0.3561 1.0000 1.0000 1.0000 1.0000 1.0000 0.3561 0.0469 0.0062 0.0008 1.0000 1.0000 0.6030 0.0794 0.0105 0.0014 1.0000 1.0000 1.0000 0.1345 0.0177 0.0023 0.0003 1.0000 1.0000 0.2277 0.0300 0.0039 0.0005 1.0000 1.0000 0.3857 0.0508 0.0067 0.0009 1.0000 1.0000 0.6531 0.0862 0.0114 0.0015 0.0002 1.0000 1.0000 0.1542 0.0209 0.0029 0.0004 1.0000 1.0000 0.3798 0.0562 0.0085 0.0010
0.0079 0.0645 0.4249 1.0000 1.0000 0.0004 0.0029 0.0203 0.1459 1.0000 1.0000 1.0000 0.0013 0.0101 0.0760 0.5739 1.0000 1.0000 0.0008 0.0058 0.0444 0.3369 1.0000 1.0000 0.0005 0.0035 0.0262 0.1990 1.0000 1.0000 0.0003 0.0020 0.0155 0.1175 0.8922 1.0000 1.0000 0.0012 0.0091 0.0694 0.5268 1.0000 1.0000 0.0007 0.0054 0.0410 0.3111 1.0000 1.0000 0.0004 0.0015 0.0004 1.0000 1.0000 0.3111 0.0410 0.0054 0.0007 1.0000 1.0000 0.5268 0.0694 0.0091 0.0012 1.0000 1.0000 0.8922 0.1175 0.0155 0.0020 0.0003 1.0000 1.0000 0.1990 0.0262 0.0035 0.0005 1.0000 1.0000 0.3369 0.0444 0.0058 0.0008 1.0000 1.0000 0.5739 0.0760 0.0101 0.0013 1.0000 1.0000 1.0000 0.1459 0.0203 0.0029 0.0004 1.0000 1.0000 0.4249 0.0645 0.0079
0.0602 0.4901 1.0000 1.0000 0.0004 0.0030 0.0209 0.1459 1.0000 1.0000 1.0000 0.0012 0.0091 0.0679 0.5101 1.0000 1.0000 0.0007 0.0051 0.0388 0.2944 1.0000 1.0000 0.0004 0.0030 0.0229 0.1738 1.0000 1.0000 0.0002 0.0018 0.0135 0.1026 0.7795 1.0000 1.0000 0.0011 0.0080 0.0606 0.4603 1.0000 1.0000 0.0006 0.0047 0.0358 0.2718 1.0000 1.0000 0.0004 0.0028 0.0097 0.0028 0.0004 1.0000 1.0000 0.2718 0.0358 0.0047 0.0006 1.0000 1.0000 0.4603 0.0606 0.0080 0.0011 1.0000 1.0000 0.7795 0.1026 0.0135 0.0018 0.0002 1.0000 1.0000 0.1738 0.0229 0.0030 0.0004 1.0000 1.0000 0.2944 0.0388 0.0051 0.0007 1.0000 1.0000 0.5101 0.0679 0.0091 0.0012 1.0000 1.0000 1.0000 0.1459 0.0209 0.0030 0.0004 1.0000 1.0000 0.4901 0.0602
0.4568 1.0000 1.0000 0.0005 0.0034 0.0226 0.1542 1.0000 1.0000 1.0000 0.0012 0.0085 0.0624 0.4620 1.0000 1.0000 0.0006 0.0045 0.0341 0.2577 1.0000 1.0000 0.0003 0.0026 0.0200 0.1519 1.0000 1.0000 0.0002 0.0016 0.0118 0.0897 0.6810 1.0000 1.0000 0.0009 0.0070 0.0530 0.4021 1.0000 1.0000 0.0005 0.0041 0.0313 0.2375 1.0000 1.0000 0.0003 0.0025 0.0188 0.0643 0.0188 0.0025 0.0003 1.0000 1.0000 0.2375 0.0313 0.0041 0.0005 1.0000 1.0000 0.4021 0.0530 0.0070 0.0009 1.0000 1.0000 0.6810 0.0897 0.0118 0.0016 0.0002 1.0000 1.0000 0.1519 0.0200 0.0026 0.0003 1.0000 1.0000 0.2577 0.0341 0.0045 0.0006 1.0000 1.0000 0.4620 0.0624 0.0085 0.0012 1.0000 1.0000 1.0000 0.1542 0.0226 0.0034 0.0005 1.0000 1.0000 0.4568
1.0000 1.0000 0.0006 0.0038 0.0253 0.1699 1.0000 1.0000 1.0000 0.0012 0.0083 0.0595 0.4315 1.0000 1.0000 0.0005 0.0040 0.0302 0.2273 1.0000 1.0000 0.0003 0.0023 0.0175 0.1327 1.0000 1.0000 1.0000 0.0014 0.0103 0.0784 0.5950 1.0000 1.0000 0.0008 0.0061 0.0463 0.3513 1.0000 1.0000 0.0005 0.0036 0.0273 0.2075 1.0000 1.0000 0.0003 0.0021 0.0163 0.1246 0.4266 0.1246 0.0163 0.0021 0.0003 1.0000 1.0000 0.2075 0.0273 0.0036 0.0005 1.0000 1.0000 0.3513 0.0463 0.0061 0.0008 1.0000 1.0000 0.5950 0.0784 0.0103 0.0014 1.0000 1.0000 1.0000 0.1327 0.0175 0.0023 0.0003 1.0000 1.0000 0.2273 0.0302 0.0040 0.0005 1.0000 1.0000 0.4315 0.0595 0.0083 0.0012 1.0000 1.0000 1.0000 0.1699 0.0253 0.0038 0.0006 1.0000 1.0000
1.0000 0.0007 0.0043 0.0288 0.1915 1.0000 1.0000 1.0000 0.0012 0.0085 0.0595 0.4209 1.0000 1.0000 0.0005 0.0037 0.0272 0.2028 1.0000 1.0000 0.0003 0.0020 0.0153 0.1159 0.8804 1.0000 1.0000 0.0012 0.0090 0.0685 0.5198 1.0000 1.0000 0.0007 0.0053 0.0404 0.3070 1.0000 1.0000 0.0004 0.0031 0.0239 0.1813 1.0000 1.0000 0.0002 0.0019 0.0141 0.1078 0.8268 1.0000 0.8268 0.1078 0.0141 0.0019 0.0002 1.0000 1.0000 0.1813 0.0239 0.0031 0.0004 1.0000 1.0000 0.3070 0.0404 0.0053 0.0007 1.0000 1.0000 0.5198 0.0685 0.0090 0.0012 1.0000 1.0000 0.8804 0.1159 0.0153 0.0020 0.0003 1.0000 1.0000 0.2028 0.0272 0.0037 0.0005 1.0000 1.0000 0.4209 0.0595 0.0085 0.0012 1.0000 1.0000 1.0000 0.1915 0.0288 0.0043 0.0007 1.0000
0.0006 0.0050 0.0329 0.2184 1.0000 1.0000 0.0002 0.0013 0.0091 0.0624 0.4315 1.0000 1.0000 0.0005 0.0034 0.0251 0.1851 1.0000 1.0000 0.0002 0.0018 0.0135 0.1019 0.7706 1.0000 1.0000 0.0010 0.0079 0.0598 0.4542 1.0000 1.0000 0.0006 0.0047 0.0353 0.2682 1.0000 1.0000 0.0004 0.0027 0.0209 0.1584 1.0000 1.0000 0.0002 0.0016 0.0123 0.0935 0.7155 1.0000 1.0000 1.0000 0.7155 0.0935 0.0123 0.0016 0.0002 1.0000 1.0000 0.1584 0.0209 0.0027 0.0004 1.0000 1.0000 0.2682 0.0353 0.0047 0.0006 1.0000 1.0000 0.4542 0.0598 0.0079 0.0010 1.0000 1.0000 0.7706 0.1019 0.0135 0.0018 0.0002 1.0000 1.0000 0.1851 0.0251 0.0034 0.0005 1.0000 1.0000 0.4315 0.0624 0.0091 0.0013 0.0002 1.0000 1.0000 0.2184 0.0329 0.0050 0.0006
0.0047 0.0381 0.2495 1.0000 1.0000 0.0002 0.0015 0.0101 0.0679 0.4620 1.0000 1.0000 0.0005 0.0034 0.0241 0.1738 1.0000 1.0000 0.0002 0.0016 0.0120 0.0902 0.6797 1.0000 1.0000 0.0009 0.0069 0.0523 0.3968 1.0000 1.0000 0.0005 0.0041 0.0309 0.2343 1.0000 1.0000 0.0003 0.0024 0.0182 0.1384 1.0000 1.0000 1.0000 0.0014 0.0108 0.0817 0.6204 1.0000 1.0000 0.0004 1.0000 1.0000 0.6204 0.0817 0.0108 0.0014 1.0000 1.0000 1.0000 0.1384 0.0182 0.0024 0.0003 1.0000 1.0000 0.2343 0.0309 0.0041 0.0005 1.0000 1.0000 0.3968 0.0523 0.0069 0.0009 1.0000 1.0000 0.6797 0.0902 0.0120 0.0016 0.0002 1.0000 1.0000 0.1738 0.0241 0.0034 0.0005 1.0000 1.0000 0.4620 0.0679 0.0101 0.0015 0.0002 1.0000 1.0000 0.2495 0.0381 0.0047
0.0355 0.2888 1.0000 1.0000 0.0003 0.0017 0.0114 0.0760 0.5101 1.0000 1.0000 0.0005 0.0034 0.0241 0.1702 1.0000 1.0000 1.0000 0.0015 0.0108 0.0808 0.6064 1.0000 1.0000 0.0008 0.0060 0.0457 0.3467 1.0000 1.0000 0.0005 0.0036 0.0270 0.2047 1.0000 1.0000 0.0003 0.0021 0.0159 0.1209 0.9180 1.0000 1.0000 0.0012 0.0094 0.0714 0.5421 1.0000 1.0000 0.0007 0.0025 0.0007 1.0000 1.0000 0.5421 0.0714 0.0094 0.0012 1.0000 1.0000 0.9180 0.1209 0.0159 0.0021 0.0003 1.0000 1.0000 0.2047 0.0270 0.0036 0.0005 1.0000 1.0000 0.3467 0.0457 0.0060 0.0008 1.0000 1.0000 0.6064 0.0808 0.0108 0.0015 1.0000 1.0000 1.0000 0.1702 0.0241 0.0034 0.0005 1.0000 1.0000 0.5101 0.0760 0.0114 0.0017 0.0003 1.0000 1.0000 0.2888 0.0355
0.2697 1.0000 1.0000 0.0003 0.0020 0.0130 0.0862 0.5739 1.0000 1.0000 0.0005 0.0037 0.0251 0.1738 1.0000 1.0000 1.0000 0.0014 0.0101 0.0740 0.5483 1.0000 1.0000 0.0007 0.0053 0.0403 0.3046 1.0000 1.0000 0.0004 0.0031 0.0236 0.1789 1.0000 1.0000 0.0002 0.0018 0.0139 0.1056 0.8020 1.0000 1.0000 0.0011 0.0082 0.0624 0.4736 1.0000 1.0000 0.0006 0.0049 0.0169 0.0049 0.0006 1.0000 1.0000 0.4736 0.0624 0.0082 0.0011 1.0000 1.0000 0.8020 0.1056 0.0139 0.0018 0.0002 1.0000 1.0000 0.1789 0.0236 0.0031 0.0004 1.0000 1.0000 0.3046 0.0403 0.0053 0.0007 1.0000 1.0000 0.5483 0.0740 0.0101 0.0014 1.0000 1.0000 1.0000 0.1738 0.0251 0.0037 0.0005 1.0000 1.0000 0.5739 0.0862 0.0130 0.0020 0.0003 1.0000 1.0000 0.2697
1.0000 1.0000 0.0003 0.0022 0.0148 0.0984 0.6531 1.0000 1.0000 0.0006 0.0040 0.0272 0.1851 1.0000 1.0000 1.0000 0.0014 0.0097 0.0699 0.5101 1.0000 1.0000 0.0006 0.0048 0.0357 0.2692 1.0000 1.0000 0.0004 0.0027 0.0206 0.1563 1.0000 1.0000 0.0002 0.0016 0.0122 0.0923 0.7007 1.0000 1.0000 0.0009 0.0072 0.0545 0.4138 1.0000 1.0000 0.0006 0.0043 0.0327 0.1120 0.0327 0.0043 0.0006 1.0000 1.0000 0.4138 0.0545 0.0072 0.0009 1.0000 1.0000 0.7007 0.0923 0.0122 0.0016 0.0002 1.0000 1.0000 0.1563 0.0206 0.0027 0.0004 1.0000 1.0000 0.2692 0.0357 0.0048 0.0006 1.0000 1.0000 0.5101 0.0699 0.0097 0.0014 1.0000 1.0000 1.0000 0.1851 0.0272 0.0040 0.0006 1.0000 1.0000 0.6531 0.0984 0.0148 0.0022 0.0003 1.0000 1.0000
1.0000 0.0004 0.0026 0.0170 0.1127 0.7475 1.0000 1.0000 0.0007 0.0045 0.0302 0.2028 1.0000 1.0000 1.0000 0.0014 0.0097 0.0686 0.4910 1.0000 1.0000 0.0006 0.0043 0.0322 0.2402 1.0000 1.0000 0.0003 0.0024 0.0180 0.1365 1.0000 1.0000 1.0000 0.0014 0.0106 0.0806 0.6122 1.0000 1.0000 0.0008 0.0063 0.0476 0.3615 1.0000 1.0000 0.0005 0.0037 0.0283 0.2172 0.7433 0.2172 0.0283 0.0037 0.0005 1.0000 1.0000 0.3615 0.0476 0.0063 0.0008 1.0000 1.0000 0.6122 0.0806 0.0106 0.0014 1.0000 1.0000 1.0000 0.1365 0.0180 0.0024 0.0003 1.0000 1.0000 0.2402 0.0322 0.0043 0.0006 1.0000 1.0000 0.4910 0.0686 0.0097 0.0014 1.0000 1.0000 1.0000 0.2028 0.0302 0.0045 0.0007 1.0000 1.0000 0.7475 0.1127 0.0170 0.0026 0.0004 1.0000
0.0004 0.0030 0.0194 0.1290 0.8556 1.0000 1.0000 0.0008 0.0051 0.0341 0.2273 1.0000 1.0000 0.0002 0.0015 0.0101 0.0699 0.4910 1.0000 1.0000 0.0006 0.0040 0.0296 0.2188 1.0000 1.0000 0.0003 0.0021 0.0159 0.1202 0.9093 1.0000 1.0000 0.0012 0.0093 0.0704 0.5349 1.0000 1.0000 0.0007 0.0055 0.0416 0.3158 1.0000 1.0000 0.0004 0.0032 0.0246 0.1879 1.0000 1.0000 1.0000 0.1879 0.0246 0.0032 0.0004 1.0000 1.0000 0.3158 0.0416 0.0055 0.0007 1.0000 1.0000 0.5349 0.0704 0.0093 0.0012 1.0000 1.0000 0.9093 0.1202 0.0159 0.0021 0.0003 1.0000 1.0000 0.2188 0.0296 0.0040 0.0006 1.0000 1.0000 0.4910 0.0699 0.0101 0.0015 0.0002 1.0000 1.0000 0.2273 0.0341 0.0051 0.0008 1.0000 1.0000 0.8556 0.1290 0.0194 0.0030 0.0004
0.0028 0.0225 0.1473 0.9793 1.0000 1.0000 0.0009 0.0058 0.0388 0.2577 1.0000 1.0000 0.0002 0.0016 0.0108 0.0740 0.5101 1.0000 1.0000 0.0005 0.0039 0.0281 0.2039 1.0000 1.0000 0.0003 0.0019 0.0142 0.1066 0.8020 1.0000 1.0000 0.0011 0.0081 0.0615 0.4673 1.0000 1.0000 0.0006 0.0048 0.0363 0.2760 1.0000 1.0000 0.0004 0.0028 0.0215 0.1629 1.0000 1.0000 1.0000 1.0000 1.0000 0.1629 0.0215 0.0028 0.0004 1.0000 1.0000 0.2760 0.0363 0.0048 0.0006 1.0000 1.0000 0.4673 0.0615 0.0081 0.0011 1.0000 1.0000 0.8020 0.1066 0.0142 0.0019 0.0003 1.0000 1.0000 0.2039 0.0281 0.0039 0.0005 1.0000 1.0000 0.5101 0.0740 0.0108 0.0016 0.0002 1.0000 1.0000 0.2577 0.0388 0.0058 0.0009 1.0000 1.0000 0.9793 0.1473 0.0225 0.0028
0.0210 0.1709 1.0000 1.0000 1.0000 0.0010 0.0067 0.0444 0.2944 1.0000 1.0000 0.0003 0.0018 0.0120 0.0808 0.5483 1.0000 1.0000 0.0006 0.0039 0.0275 0.1971 1.0000 1.0000 0.0002 0.0017 0.0128 0.0955 0.7142 1.0000 1.0000 0.0009 0.0071 0.0539 0.4083 1.0000 1.0000 0.0006 0.0042 0.0317 0.2411 1.0000 1.0000 0.0003 0.0025 0.0187 0.1424 1.0000 1.0000 1.0000 0.0007 1.0000 1.0000 1.0000 0.1424 0.0187 0.0025 0.0003 1.0000 1.0000 0.2411 0.0317 0.0042 0.0006 1.0000 1.0000 0.4083 0.0539 0.0071 0.0009 1.0000 1.0000 0.7142 0.0955 0.0128 0.0017 0.0002 1.0000 1.0000 0.1971 0.0275 0.0039 0.0006 1.0000 1.0000 0.5483 0.0808 0.0120 0.0018 0.0003 1.0000 1.0000 0.2944 0.0444 0.0067 0.0010 1.0000 1.0000 1.0000 0.1709 0.0210
0.1593 1.0000 1.0000 1.0000 0.0012 0.0077 0.0508 0.3369 1.0000 1.0000 0.0003 0.0020 0.0135 0.0902 0.6064 1.0000 1.0000 0.0006 0.0040 0.0281 0.1971 1.0000 1.0000 0.0002 0.0016 0.0118 0.0872 0.6469 1.0000 1.0000 0.0008 0.0063 0.0475 0.3588 1.0000 1.0000 0.0005 0.0037 0.0277 0.2106 1.0000 1.0000 0.0003 0.0022 0.0164 0.1244 0.9445 1.0000 1.0000 0.0013 0.0044 0.0013 1.0000 1.0000 0.9445 0.1244 0.0164 0.0022 0.0003 1.0000 1.0000 0.2106 0.0277 0.0037 0.0005 1.0000 1.0000 0.3588 0.0475 0.0063 0.0008 1.0000 1.0000 0.6469 0.0872 0.0118 0.0016 0.0002 1.0000 1.0000 0.1971 0.0281 0.0040 0.0006 1.0000 1.0000 0.6064 0.0902 0.0135 0.0020 0.0003 1.0000 1.0000 0.3369 0.0508 0.0077 0.0012 1.0000 1.0000 1.0000 0.1593
1.0000 1.0000 1.0000 0.0013 0.0088 0.0581 0.3857 1.0000 1.0000 0.0003 0.0023 0.0153 0.1019 0.6797 1.0000 1.0000 0.0006 0.0043 0.0296 0.2039 1.0000 1.0000 0.0002 0.0016 0.0112 0.0815 0.5984 1.0000 1.0000 0.0007 0.0056 0.0422 0.3177 1.0000 1.0000 0.0004 0.0032 0.0242 0.1840 1.0000 1.0000 0.0002 0.0019 0.0143 0.1087 0.8252 1.0000 1.0000 0.0011 0.0086 0.0294 0.0086 0.0011 1.0000 1.0000 0.8252 0.1087 0.0143 0.0019 0.0002 1.0000 1.0000 0.1840 0.0242 0.0032 0.0004 1.0000 1.0000 0.3177 0.0422 0.0056 0.0007 1.0000 1.0000 0.5984 0.0815 0.0112 0.0016 0.0002 1.0000 1.0000 0.2039 0.0296 0.0043 0.0006 1.0000 1.0000 0.6797 0.1019 0.0153 0.0023 0.0003 1.0000 1.0000 0.3857 0.0581 0.0088 0.0013 1.0000 1.0000 1.0000
1.0000 0.0002 0.0015 0.0100 0.0665 0.4414 1.0000 1.0000 0.0004 0.0026 0.0175 0.1159 0.7706 1.0000 1.0000 0.0007 0.0048 0.0322 0.2188 1.0000 1.0000 0.0002 0.0016 0.0110 0.0790 0.5685 1.0000 1.0000 0.0007 0.0051 0.0379 0.2834 1.0000 1.0000 0.0004 0.0028 0.0212 0.1608 1.0000 1.0000 0.0002 0.0016 0.0125 0.0949 0.7210 1.0000 1.0000 0.0010 0.0074 0.0570 0.1952 0.0570 0.0074 0.0010 1.0000 1.0000 0.7210 0.0949 0.0125 0.0016 0.0002 1.0000 1.0000 0.1608 0.0212 0.0028 0.0004 1.0000 1.0000 0.2834 0.0379 0.0051 0.0007 1.0000 1.0000 0.5685 0.0790 0.0110 0.0016 0.0002 1.0000 1.0000 0.2188 0.0322 0.0048 0.0007 1.0000 1.0000 0.7706 0.1159 0.0175 0.0026 0.0004 1.0000 1.0000 0.4414 0.0665 0.0100 0.0015 0.0002 1.0000
0.0002 0.0017 0.0115 0.0762 0.5052 1.0000 1.0000 0.0005 0.0030 0.0200 0.1327 0.8804 1.0000 1.0000 0.0008 0.0053 0.0357 0.2402 1.0000 1.0000 0.0002 0.0016 0.0112 0.0790 0.5588 1.0000 1.0000 0.0006 0.0047 0.0347 0.2572 1.0000 1.0000 0.0003 0.0025 0.0187 0.1413 1.0000 1.0000 1.0000 0.0014 0.0109 0.0830 0.6299 1.0000 1.0000 0.0008 0.0065 0.0494 0.3784 1.0000 0.3784 0.0494 0.0065 0.0008 1.0000 1.0000 0.6299 0.0830 0.0109 0.0014 1.0000 1.0000 1.0000 0.1413 0.0187 0.0025 0.0003 1.0000 1.0000 0.2572 0.0347 0.0047 0.0006 1.0000 1.0000 0.5588 0.0790 0.0112 0.0016 0.0002 1.0000 1.0000 0.2402 0.0357 0.0053 0.0008 1.0000 1.0000 0.8804 0.1327 0.0200 0.0030 0.0005 1.0000 1.0000 0.5052 0.0762 0.0115 0.0017 0.0002
0.0016 0.0133 0.0870 0.5783 1.0000 1.0000 0.0005 0.0035 0.0229 0.1519 1.0000 1.0000 1.0000 0.0009 0.0060 0.0403 0.2692 1.0000 1.0000 0.0003 0.0017 0.0118 0.0815 0.5685 1.0000 1.0000 0.0006 0.0045 0.0326 0.2384 1.0000 1.0000 0.0003 0.0022 0.0167 0.1253 0.9445 1.0000 1.0000 0.0013 0.0095 0.0725 0.5504 1.0000 1.0000 0.0007 0.0056 0.0428 0.3275 1.0000 1.0000 1.0000 0.3275 0.0428 0.0056 0.0007 1.0000 1.0000 0.5504 0.0725 0.0095 0.0013 1.0000 1.0000 0.9445 0.1253 0.0167 0.0022 0.0003 1.0000 1.0000 0.2384 0.0326 0.0045 0.0006 1.0000 1.0000 0.5685 0.0815 0.0118 0.0017 0.0003 1.0000 1.0000 0.2692 0.0403 0.0060 0.0009 1.0000 1.0000 1.0000 0.1519 0.0229 0.0035 0.0005 1.0000 1.0000 0.5783 0.0870 0.0133 0.0016
0.0124 0.1007 0.6606 1.0000 1.0000 0.0006 0.0039 0.0262 0.1738 1.0000 1.0000 1.0000 0.0010 0.0069 0.0457 0.3046 1.0000 1.0000 0.0003 0.0019 0.0128 0.0872 0.5984 1.0000 1.0000 0.0006 0.0044 0.0316 0.2273 1.0000 1.0000 0.0003 0.0020 0.0150 0.1122 0.8411 1.0000 1.0000 0.0011 0.0084 0.0634 0.4809 1.0000 1.0000 0.0006 0.0049 0.0374 0.2839 1.0000 1.0000 1.0000 1.0000 1.0000 0.2839 0.0374 0.0049 0.0006 1.0000 1.0000 0.4809 0.0634 0.0084 0.0011 1.0000 1.0000 0.8411 0.1122 0.0150 0.0020 0.0003 1.0000 1.0000 0.2273 0.0316 0.0044 0.0006 1.0000 1.0000 0.5984 0.0872 0.0128 0.0019 0.0003 1.0000 1.0000 0.3046 0.0457 0.0069 0.0010 1.0000 1.0000 1.0000 0.1738 0.0262 0.0039 0.0006 1.0000 1.0000 0.6606 0.1007 0.0124
0.0940 0.7662 1.0000 1.0000 0.0007 0.0045 0.0300 0.1990 1.0000 1.0000 1.0000 0.0012 0.0079 0.0523 0.3467 1.0000 1.0000 0.0003 0.0021 0.0142 0.0955 0.6469 1.0000 1.0000 0.0006 0.0045 0.0316 0.2239 1.0000 1.0000 0.0003 0.0019 0.0138 0.1023 0.7590 1.0000 1.0000 0.0010 0.0074 0.0560 0.4225 1.0000 1.0000 0.0006 0.0043 0.0327 0.2481 1.0000 1.0000 0.0003 0.0012 0.0003 1.0000 1.0000 0.2481 0.0327 0.0043 0.0006 1.0000 1.0000 0.4225 0.0560 0.0074 0.0010 1.0000 1.0000 0.7590 0.1023 0.0138 0.0019 0.0003 1.0000 1.0000 0.2239 0.0316 0.0045 0.0006 1.0000 1.0000 0.6469 0.0955 0.0142 0.0021 0.0003 1.0000 1.0000 0.3467 0.0523 0.0079 0.0012 1.0000 1.0000 1.0000 0.1990 0.0300 0.0045 0.0007 1.0000 1.0000 0.7662 0.0940
0.7142 1.0000 1.0000 0.0008 0.0052 0.0343 0.2277 1.0000 1.0000 0.0002 0.0014 0.0090 0.0598 0.3968 1.0000 1.0000 0.0004 0.0024 0.0159 0.1066 0.7142 1.0000 1.0000 0.0007 0.0047 0.0326 0.2273 1.0000 1.0000 0.0002 0.0018 0.0130 0.0951 0.6994 1.0000 1.0000 0.0009 0.0066 0.0496 0.3741 1.0000 1.0000 0.0005 0.0038 0.0285 0.2167 1.0000 1.0000 0.0003 0.0023 0.0077 0.0023 0.0003 1.0000 1.0000 0.2167 0.0285 0.0038 0.0005 1.0000 1.0000 0.3741 0.0496 0.0066 0.0009 1.0000 1.0000 0.6994 0.0951 0.0130 0.0018 0.0002 1.0000 1.0000 0.2273 0.0326 0.0047 0.0007 1.0000 1.0000 0.7142 0.1066 0.0159 0.0024 0.0004 1.0000 1.0000 0.3968 0.0598 0.0090 0.0014 0.0002 1.0000 1.0000 0.2277 0.0343 0.0052 0.0008 1.0000 1.0000 0.7142
1.0000 1.0000 0.0009 0.0059 0.0393 0.2606 1.0000 1.0000 0.0002 0.0016 0.0103 0.0685 0.4542 1.0000 1.0000 0.0004 0.0027 0.0180 0.1202 0.8020 1.0000 1.0000 0.0007 0.0051 0.0347 0.2384 1.0000 1.0000 0.0002 0.0018 0.0127 0.0911 0.6594 1.0000 1.0000 0.0008 0.0060 0.0445 0.3331 1.0000 1.0000 0.0004 0.0033 0.0250 0.1894 1.0000 1.0000 0.0003 0.0020 0.0150 0.0513 0.0150 0.0020 0.0003 1.0000 1.0000 0.1894 0.0250 0.0033 0.0004 1.0000 1.0000 0.3331 0.0445 0.0060 0.0008 1.0000 1.0000 0.6594 0.0911 0.0127 0.0018 0.0002 1.0000 1.0000 0.2384 0.0347 0.0051 0.0007 1.0000 1.0000 0.8020 0.1202 0.0180 0.0027 0.0004 1.0000 1.0000 0.4542 0.0685 0.0103 0.0016 0.0002 1.0000 1.0000 0.2606 0.0393 0.0059 0.0009 1.0000 1.0000
1.0000 0.0010 0.0068 0.0450 0.2983 1.0000 1.0000 0.0003 0.0018 0.0118 0.0784 0.5198 1.0000 1.0000 0.0005 0.0031 0.0206 0.1365 0.9093 1.0000 1.0000 0.0008 0.0056 0.0379 0.2572 1.0000 1.0000 0.0003 0.0018 0.0127 0.0897 0.6396 1.0000 1.0000 0.0007 0.0055 0.0406 0.3012 1.0000 1.0000 0.0004 0.0029 0.0220 0.1664 1.0000 1.0000 0.0002 0.0017 0.0130 0.0994 0.3402 0.0994 0.0130 0.0017 0.0002 1.0000 1.0000 0.1664 0.0220 0.0029 0.0004 1.0000 1.0000 0.3012 0.0406 0.0055 0.0007 1.0000 1.0000 0.6396 0.0897 0.0127 0.0018 0.0003 1.0000 1.0000 0.2572 0.0379 0.0056 0.0008 1.0000 1.0000 0.9093 0.1365 0.0206 0.0031 0.0005 1.0000 1.0000 0.5198 0.0784 0.0118 0.0018 0.0003 1.0000 1.0000 0.2983 0.0450 0.0068 0.0010 1.0000
0.0010 0.0078 0.0514 0.3415 1.0000 1.0000 0.0003 0.0020 0.0135 0.0897 0.5950 1.0000 1.0000 0.0005 0.0036 0.0236 0.1563 1.0000 1.0000 1.0000 0.0009 0.0063 0.0422 0.2834 1.0000 1.0000 0.0003 0.0019 0.0130 0.0911 0.6396 1.0000 1.0000 0.0007 0.0052 0.0379 0.2781 1.0000 1.0000 0.0003 0.0026 0.0196 0.1473 1.0000 1.0000 1.0000 0.0015 0.0112 0.0860 0.6594 1.0000 0.6594 0.0860 0.0112 0.0015 1.0000 1.0000 1.0000 0.1473 0.0196 0.0026 0.0003 1.0000 1.0000 0.2781 0.0379 0.0052 0.0007 1.0000 1.0000 0.6396 0.0911 0.0130 0.0019 0.0003 1.0000 1.0000 0.2834 0.0422 0.0063 0.0009 1.0000 1.0000 1.0000 0.1563 0.0236 0.0036 0.0005 1.0000 1.0000 0.5950 0.0897 0.0135 0.0020 0.0003 1.0000 1.0000 0.3415 0.0514 0.0078 0.0010
0.0073 0.0596 0.3901 1.0000 1.0000 0.0004 0.0023 0.0155 0.1026 0.6810 1.0000 1.0000 0.0006 0.0041 0.0270 0.1789 1.0000 1.0000 1.0000 0.0011 0.0071 0.0475 0.3177 1.0000 1.0000 0.0003 0.0020 0.0138 0.0951 0.6594 1.0000 1.0000 0.0007 0.0050 0.0363 0.2626 1.0000 1.0000 0.0003 0.0024 0.0176 0.1317 0.9887 1.0000 1.0000 0.0013 0.0098 0.0746 0.5706 1.0000 1.0000 1.0000 0.5706 0.0746 0.0098 0.0013 1.0000 1.0000 0.9887 0.1317 0.0176 0.0024 0.0003 1.0000 1.0000 0.2626 0.0363 0.0050 0.0007 1.0000 1.0000 0.6594 0.0951 0.0138 0.0020 0.0003 1.0000 1.0000 0.3177 0.0475 0.0071 0.0011 1.0000 1.0000 1.0000 0.1789 0.0270 0.0041 0.0006 1.0000 1.0000 0.6810 0.1026 0.0155 0.0023 0.0004 1.0000 1.0000 0.3901 0.0596 0.0073
0.0555 0.4516 1.0000 1.0000 0.0004 0.0027 0.0177 0.1175 0.7795 1.0000 1.0000 0.0007 0.0047 0.0309 0.2047 1.0000 1.0000 1.0000 0.0012 0.0081 0.0539 0.3588 1.0000 1.0000 0.0003 0.0022 0.0150 0.1023 0.6994 1.0000 1.0000 0.0007 0.0050 0.0357 0.2548 1.0000 1.0000 0.0003 0.0022 0.0161 0.1193 0.8888 1.0000 1.0000 0.0012 0.0087 0.0655 0.4957 1.0000 1.0000 0.0003 1.0000 1.0000 0.4957 0.0655 0.0087 0.0012 1.0000 1.0000 0.8888 0.1193 0.0161 0.0022 0.0003 1.0000 1.0000 0.2548 0.0357 0.0050 0.0007 1.0000 1.0000 0.6994 0.1023 0.0150 0.0022 0.0003 1.0000 1.0000 0.3588 0.0539 0.0081 0.0012 1.0000 1.0000 1.0000 0.2047 0.0309 0.0047 0.0007 1.0000 1.0000 0.7795 0.1175 0.0177 0.0027 0.0004 1.0000 1.0000 0.4516 0.0555
0.4217 1.0000 1.0000 0.0005 0.0031 0.0203 0.1345 0.8922 1.0000 1.0000 0.0008 0.0053 0.0353 0.2343 1.0000 1.0000 0.0002 0.0014 0.0093 0.0615 0.4083 1.0000 1.0000 0.0004 0.0025 0.0167 0.1122 0.7590 1.0000 1.0000 0.0007 0.0052 0.0363 0.2548 1.0000 1.0000 0.0003 0.0021 0.0151 0.1103 0.8128 1.0000 1.0000 0.0010 0.0077 0.0581 0.4381 1.0000 1.0000 0.0006 0.0020 0.0006 1.0000 1.0000 0.4381 0.0581 0.0077 0.0010 1.0000 1.0000 0.8128 0.1103 0.0151 0.0021 0.0003 1.0000 1.0000 0.2548 0.0363 0.0052 0.0007 1.0000 1.0000 0.7590 0.1122 0.0167 0.0025 0.0004 1.0000 1.0000 0.4083 0.0615 0.0093 0.0014 0.0002 1.0000 1.0000 0.2343 0.0353 0.0053 0.0008 1.0000 1.0000 0.8922 0.1345 0.0203 0.0031 0.0005 1.0000 1.0000 0.4217
1.0000 1.0000 0.0005 0.0035 0.0232 0.1539 1.0000 1.0000 1.0000 0.0009 0.0061 0.0404 0.2682 1.0000 1.0000 0.0002 0.0016 0.0106 0.0704 0.4673 1.0000 1.0000 0.0004 0.0028 0.0187 0.1253 0.8411 1.0000 1.0000 0.0008 0.0055 0.0379 0.2626 1.0000 1.0000 0.0003 0.0020 0.0144 0.1044 0.7619 1.0000 1.0000 0.0009 0.0070 0.0520 0.3901 1.0000 1.0000 0.0005 0.0040 0.0135 0.0040 0.0005 1.0000 1.0000 0.3901 0.0520 0.0070 0.0009 1.0000 1.0000 0.7619 0.1044 0.0144 0.0020 0.0003 1.0000 1.0000 0.2626 0.0379 0.0055 0.0008 1.0000 1.0000 0.8411 0.1253 0.0187 0.0028 0.0004 1.0000 1.0000 0.4673 0.0704 0.0106 0.0016 0.0002 1.0000 1.0000 0.2682 0.0404 0.0061 0.0009 1.0000 1.0000 1.0000 0.1539 0.0232 0.0035 0.0005 1.0000 1.0000
1.0000 0.0006 0.0040 0.0266 0.1762 1.0000 1.0000 1.0000 0.0011 0.0070 0.0463 0.3070 1.0000 1.0000 0.0003 0.0018 0.0122 0.0806 0.5349 1.0000 1.0000 0.0005 0.0032 0.0212 0.1413 0.9445 1.0000 1.0000 0.0009 0.0060 0.0406 0.2781 1.0000 1.0000 0.0003 0.0020 0.0143 0.1017 0.7307 1.0000 1.0000 0.0009 0.0064 0.0472 0.3513 1.0000 1.0000 0.0005 0.0035 0.0264 0.0904 0.0264 0.0035 0.0005 1.0000 1.0000 0.3513 0.0472 0.0064 0.0009 1.0000 1.0000 0.7307 0.1017 0.0143 0.0020 0.0003 1.0000 1.0000 0.2781 0.0406 0.0060 0.0009 1.0000 1.0000 0.9445 0.1413 0.0212 0.0032 0.0005 1.0000 1.0000 0.5349 0.0806 0.0122 0.0018 0.0003 1.0000 1.0000 0.3070 0.0463 0.0070 0.0011 1.0000 1.0000 1.0000 0.1762 0.0266 0.0040 0.0006 1.0000
0.0006 0.0046 0.0303 0.2016 1.0000 1.0000 1.0000 0.0012 0.0080 0.0530 0.3513 1.0000 1.0000 0.0003 0.0021 0.0139 0.0923 0.6122 1.0000 1.0000 0.0006 0.0037 0.0242 0.1608 1.0000 1.0000 1.0000 0.0010 0.0066 0.0445 0.3012 1.0000 1.0000 0.0003 0.0021 0.0144 0.1017 0.7196 1.0000 1.0000 0.0008 0.0060 0.0439 0.3225 1.0000 1.0000 0.0004 0.0031 0.0232 0.1765 0.6030 0.1765 0.0232 0.0031 0.0004 1.0000 1.0000 0.3225 0.0439 0.0060 0.0008 1.0000 1.0000 0.7196 0.1017 0.0144 0.0021 0.0003 1.0000 1.0000 0.3012 0.0445 0.0066 0.0010 1.0000 1.0000 1.0000 0.1608 0.0242 0.0037 0.0006 1.0000 1.0000 0.6122 0.0923 0.0139 0.0021 0.0003 1.0000 1.0000 0.3513 0.0530 0.0080 0.0012 1.0000 1.0000 1.0000 0.2016 0.0303 0.0046 0.0006
0.0043 0.0351 0.2303 1.0000 1.0000 0.0002 0.0014 0.0091 0.0606 0.4021 1.0000 1.0000 0.0004 0.0024 0.0159 0.1056 0.7007 1.0000 1.0000 0.0006 0.0042 0.0277 0.1840 1.0000 1.0000 1.0000 0.0011 0.0074 0.0496 0.3331 1.0000 1.0000 0.0003 0.0022 0.0151 0.1044 0.7307 1.0000 1.0000 0.0008 0.0058 0.0416 0.3029 1.0000 1.0000 0.0004 0.0028 0.0206 0.1557 1.0000 1.0000 1.0000 0.1557 0.0206 0.0028 0.0004 1.0000 1.0000 0.3029 0.0416 0.0058 0.0008 1.0000 1.0000 0.7307 0.1044 0.0151 0.0022 0.0003 1.0000 1.0000 0.3331 0.0496 0.0074 0.0011 1.0000 1.0000 1.0000 0.1840 0.0277 0.0042 0.0006 1.0000 1.0000 0.7007 0.1056 0.0159 0.0024 0.0004 1.0000 1.0000 0.4021 0.0606 0.0091 0.0014 0.0002 1.0000 1.0000 0.2303 0.0351 0.0043
0.0328 0.2672 1.0000 1.0000 0.0002 0.0016 0.0105 0.0694 0.4603 1.0000 1.0000 0.0004 0.0027 0.0182 0.1209 0.8020 1.0000 1.0000 0.0007 0.0048 0.0317 0.2106 1.0000 1.0000 1.0000 0.0013 0.0084 0.0560 0.3741 1.0000 1.0000 0.0003 0.0024 0.0161 0.1103 0.7619 1.0000 1.0000 0.0008 0.0057 0.0405 0.2910 1.0000 1.0000 0.0003 0.0025 0.0187 0.1392 1.0000 1.0000 1.0000 1.0000 1.0000 0.1392 0.0187 0.0025 0.0003 1.0000 1.0000 0.2910 0.0405 0.0057 0.0008 1.0000 1.0000 0.7619 0.1103 0.0161 0.0024 0.0003 1.0000 1.0000 0.3741 0.0560 0.0084 0.0013 1.0000 1.0000 1.0000 0.2106 0.0317 0.0048 0.0007 1.0000 1.0000 0.8020 0.1209 0.0182 0.0027 0.0004 1.0000 1.0000 0.4603 0.0694 0.0105 0.0016 0.0002 1.0000 1.0000 0.2672 0.0328
0.2490 1.0000 1.0000 0.0003 0.0018 0.0120 0.0794 0.5268 1.0000 1.0000 0.0005 0.0031 0.0209 0.1384 0.9180 1.0000 1.0000 0.0008 0.0055 0.0363 0.2411 1.0000 1.0000 0.0002 0.0014 0.0095 0.0634 0.4225 1.0000 1.0000 0.0004 0.0026 0.0176 0.1193 0.8128 1.0000 1.0000 0.0008 0.0058 0.0405 0.2867 1.0000 1.0000 0.0003 0.0024 0.0174 0.1280 0.9463 1.0000 1.0000 0.0006 1.0000 1.0000 0.9463 0.1280 0.0174 0.0024 0.0003 1.0000 1.0000 0.2867 0.0405 0.0058 0.0008 1.0000 1.0000 0.8128 0.1193 0.0176 0.0026 0.0004 1.0000 1.0000 0.4225 0.0634 0.0095 0.0014 0.0002 1.0000 1.0000 0.2411 0.0363 0.0055 0.0008 1.0000 1.0000 0.9180 0.1384 0.0209 0.0031 0.0005 1.0000 1.0000 0.5268 0.0794 0.0120 0.0018 0.0003 1.0000 1.0000 0.2490
1.0000 1.0000 0.0003 0.0021 0.0137 0.0909 0.6030 1.0000 1.0000 0.0005 0.0036 0.0239 0.1584 1.0000 1.0000 1.0000 0.0009 0.0063 0.0416 0.2760 1.0000 1.0000 0.0002 0.0016 0.0109 0.0725 0.4809 1.0000 1.0000 0.0004 0.0029 0.0196 0.1317 0.8888 1.0000 1.0000 0.0009 0.0060 0.0416 0.2910 1.0000 1.0000 0.0003 0.0023 0.0165 0.1204 0.8787 1.0000 1.0000 0.0011 0.0038 0.0011 1.0000 1.0000 0.8787 0.1204 0.0165 0.0023 0.0003 1.0000 1.0000 0.2910 0.0416 0.0060 0.0009 1.0000 1.0000 0.8888 0.1317 0.0196 0.0029 0.0004 1.0000 1.0000 0.4809 0.0725 0.0109 0.0016 0.0002 1.0000 1.0000 0.2760 0.0416 0.0063 0.0009 1.0000 1.0000 1.0000 0.1584 0.0239 0.0036 0.0005 1.0000 1.0000 0.6030 0.0909 0.0137 0.0021 0.0003 1.0000 1.0000
1.0000 0.0004 0.0024 0.0157 0.1040 0.6901 1.0000 1.0000 0.0006 0.0041 0.0273 0.1813 1.0000 1.0000 1.0000 0.0011 0.0072 0.0476 0.3158 1.0000 1.0000 0.0003 0.0019 0.0125 0.0830 0.5504 1.0000 1.0000 0.0005 0.0033 0.0220 0.1473 0.9887 1.0000 1.0000 0.0009 0.0064 0.0439 0.3029 1.0000 1.0000 0.0003 0.0023 0.0161 0.1157 0.8363 1.0000 1.0000 0.0010 0.0076 0.0259 0.0076 0.0010 1.0000 1.0000 0.8363 0.1157 0.0161 0.0023 0.0003 1.0000 1.0000 0.3029 0.0439 0.0064 0.0009 1.0000 1.0000 0.9887 0.1473 0.0220 0.0033 0.0005 1.0000 1.0000 0.5504 0.0830 0.0125 0.0019 0.0003 1.0000 1.0000 0.3158 0.0476 0.0072 0.0011 1.0000 1.0000 1.0000 0.1813 0.0273 0.0041 0.0006 1.0000 1.0000 0.6901 0.1040 0.0157 0.0024 0.0004 1.0000
0.0003 0.0027 0.0179 0.1191 0.7899 1.0000 1.0000 0.0007 0.0047 0.0313 0.2075 1.0000 1.0000 1.0000 0.0012 0.0082 0.0545 0.3615 1.0000 1.0000 0.0003 0.0022 0.0143 0.0949 0.6299 1.0000 1.0000 0.0006 0.0038 0.0250 0.1664 1.0000 1.0000 1.0000 0.0010 0.0070 0.0472 0.3225 1.0000 1.0000 0.0003 0.0023 0.0161 0.1142 0.8159 1.0000 1.0000 0.0009 0.0070 0.0521 0.1762 0.0521 0.0070 0.0009 1.0000 1.0000 0.8159 0.1142 0.0161 0.0023 0.0003 1.0000 1.0000 0.3225 0.0472 0.0070 0.0010 1.0000 1.0000 1.0000 0.1664 0.0250 0.0038 0.0006 1.0000 1.0000 0.6299 0.0949 0.0143 0.0022 0.0003 1.0000 1.0000 0.3615 0.0545 0.0082 0.0012 1.0000 1.0000 1.0000 0.2075 0.0313 0.0047 0.0007 1.0000 1.0000 0.7899 0.1191 0.0179 0.0027 0.0003
0.0025 0.0208 0.1360 0.9041 1.0000 1.0000 0.0008 0.0054 0.0358 0.2375 1.0000 1.0000 0.0002 0.0014 0.0094 0.0624 0.4138 1.0000 1.0000 0.0004 0.0025 0.0164 0.1087 0.7210 1.0000 1.0000 0.0006 0.0043 0.0285 0.1894 1.0000 1.0000 1.0000 0.0012 0.0077 0.0520 0.3513 1.0000 1.0000 0.0003 0.0024 0.0165 0.1157 0.8159 1.0000 1.0000 0.0009 0.0066 0.0483 0.3581 1.0000 0.3581 0.0483 0.0066 0.0009 1.0000 1.0000 0.8159 0.1157 0.0165 0.0024 0.0003 1.0000 1.0000 0.3513 0.0520 0.0077 0.0012 1.0000 1.0000 1.0000 0.1894 0.0285 0.0043 0.0006 1.0000 1.0000 0.7210 0.1087 0.0164 0.0025 0.0004 1.0000 1.0000 0.4138 0.0624 0.0094 0.0014 0.0002 1.0000 1.0000 0.2375 0.0358 0.0054 0.0008 1.0000 1.0000 0.9041 0.1360 0.0208 0.0025
0.0194 0.1575 1.0000 1.0000 1.0000 0.0009 0.0062 0.0410 0.2718 1.0000 1.0000 0.0002 0.0016 0.0108 0.0714 0.4736 1.0000 1.0000 0.0004 0.0028 0.0187 0.1244 0.8252 1.0000 1.0000 0.0007 0.0049 0.0327 0.2167 1.0000 1.0000 1.0000 0.0013 0.0087 0.0581 0.3901 1.0000 1.0000 0.0004 0.0025 0.0174 0.1204 0.8363 1.0000 1.0000 0.0009 0.0064 0.0461 0.3363 1.0000 1.0000 1.0000 0.3363 0.0461 0.0064 0.0009 1.0000 1.0000 0.8363 0.1204 0.0174 0.0025 0.0004 1.0000 1.0000 0.3901 0.0581 0.0087 0.0013 1.0000 1.0000 1.0000 0.2167 0.0327 0.0049 0.0007 1.0000 1.0000 0.8252 0.1244 0.0187 0.0028 0.0004 1.0000 1.0000 0.4736 0.0714 0.0108 0.0016 0.0002 1.0000 1.0000 0.2718 0.0410 0.0062 0.0009 1.0000 1.0000 1.0000 0.1575 0.0194
0.1470 1.0000 1.0000 1.0000 0.0011 0.0071 0.0469 0.3111 1.0000 1.0000 0.0003 0.0019 0.0123 0.0817 0.5421 1.0000 1.0000 0.0005 0.0032 0.0215 0.1424 0.9445 1.0000 1.0000 0.0008 0.0056 0.0374 0.2481 1.0000 1.0000 0.0002 0.0015 0.0098 0.0655 0.4381 1.0000 1.0000 0.0004 0.0028 0.0187 0.1280 0.8787 1.0000 1.0000 0.0009 0.0064 0.0455 0.3250 1.0000 1.0000 1.0000 1.0000 1.0000 0.3250 0.0455 0.0064 0.0009 1.0000 1.0000 0.8787 0.1280 0.0187 0.0028 0.0004 1.0000 1.0000 0.4381 0.0655 0.0098 0.0015 0.0002 1.0000 1.0000 0.2481 0.0374 0.0056 0.0008 1.0000 1.0000 0.9445 0.1424 0.0215 0.0032 0.0005 1.0000 1.0000 0.5421 0.0817 0.0123 0.0019 0.0003 1.0000 1.0000 0.3111 0.0469 0.0071 0.0011 1.0000 1.0000 1.0000 0.1470
1.0000 1.0000 1.0000 0.0012 0.0081 0.0537 0.3561 1.0000 1.0000 0.0003 0.0021 0.0141 0.0935 0.6204 1.0000 1.0000 0.0006 0.0037 0.0246 0.1629 1.0000 1.0000 1.0000 0.0010 0.0065 0.0428 0.2839 1.0000 1.0000 0.0003 0.0017 0.0112 0.0746 0.4957 1.0000 1.0000 0.0005 0.0031 0.0206 0.1392 0.9463 1.0000 1.0000 0.0009 0.0066 0.0461 0.3250 1.0000 1.0000 0.0004 0.0012 0.0004 1.0000 1.0000 0.3250 0.0461 0.0066 0.0009 1.0000 1.0000 0.9463 0.1392 0.0206 0.0031 0.0005 1.0000 1.0000 0.4957 0.0746 0.0112 0.0017 0.0003 1.0000 1.0000 0.2839 0.0428 0.0065 0.0010 1.0000 1.0000 1.0000 0.1629 0.0246 0.0037 0.0006 1.0000 1.0000 0.6204 0.0935 0.0141 0.0021 0.0003 1.0000 1.0000 0.3561 0.0537 0.0081 0.0012 1.0000 1.0000 1.0000
1.0000 0.0002 0.0014 0.0093 0.0619 0.4106 1.0000 1.0000 0.0004 0.0025 0.0163 0.1078 0.7155 1.0000 1.0000 0.0006 0.0043 0.0283 0.1879 1.0000 1.0000 1.0000 0.0011 0.0074 0.0494 0.3275 1.0000 1.0000 0.0003 0.0020 0.0130 0.0860 0.5706 1.0000 1.0000 0.0005 0.0035 0.0232 0.1557 1.0000 1.0000 1.0000 0.0010 0.0070 0.0483 0.3363 1.0000 1.0000 0.0004 0.0026 0.0089 0.0026 0.0004 1.0000 1.0000 0.3363 0.0483 0.0070 0.0010 1.0000 1.0000 1.0000 0.1557 0.0232 0.0035 0.0005 1.0000 1.0000 0.5706 0.0860 0.0130 0.0020 0.0003 1.0000 1.0000 0.3275 0.0494 0.0074 0.0011 1.0000 1.0000 1.0000 0.1879 0.0283 0.0043 0.0006 1.0000 1.0000 0.7155 0.1078 0.0163 0.0025 0.0004 1.0000 1.0000 0.4106 0.0619 0.0093 0.0014 0.0002 1.0000
0.0002 0.0016 0.0108 0.0715 0.4745 1.0000 1.0000 0.0004 0.0028 0.0188 0.1246 0.8268 1.0000 1.0000 0.0007 0.0049 0.0327 0.2172 1.0000 1.0000 1.0000 0.0013 0.0086 0.0570 0.3784 1.0000 1.0000 0.0003 0.0023 0.0150 0.0994 0.6594 1.0000 1.0000 0.0006 0.0040 0.0264 0.1765 1.0000 1.0000 1.0000 0.0011 0.0076 0.0521 0.3581 1.0000 1.0000 0.0004 0.0026 0.0191 0.0637 0.0191 0.0026 0.0004 1.0000 1.0000 0.3581 0.0521 0.0076 0.0011 1.0000 1.0000 1.0000 0.1765 0.0264 0.0040 0.0006 1.0000 1.0000 0.6594 0.0994 0.0150 0.0023 0.0003 1.0000 1.0000 0.3784 0.0570 0.0086 0.0013 1.0000 1.0000 1.0000 0.2172 0.0327 0.0049 0.0007 1.0000 1.0000 0.8268 0.1246 0.0188 0.0028 0.0004 1.0000 1.0000 0.4745 0.0715 0.0108 0.0016 0.0002
0.0007 0.0057 0.0370 0.2448 1.0000 1.0000 1.0000 0.0015 0.0097 0.0643 0.4266 1.0000 1.0000 0.0004 0.0025 0.0169 0.1120 0.7433 1.0000 1.0000 0.0007 0.0044 0.0294 0.1952 1.0000 1.0000 1.0000 0.0012 0.0077 0.0513 0.3402 1.0000 1.0000 0.0003 0.0020 0.0135 0.0904 0.6030 1.0000 1.0000 0.0006 0.0038 0.0259 0.1762 1.0000 1.0000 1.0000 0.0012 0.0089 0.0637 0.1978 0.0637 0.0089 0.0012 1.0000 1.0000 1.0000 0.1762 0.0259 0.0038 0.0006 1.0000 1.0000 0.6030 0.0904 0.0135 0.0020 0.0003 1.0000 1.0000 0.3402 0.0513 0.0077 0.0012 1.0000 1.0000 1.0000 0.1952 0.0294 0.0044 0.0007 1.0000 1.0000 0.7433 0.1120 0.0169 0.0025 0.0004 1.0000 1.0000 0.4266 0.0643 0.0097 0.0015 1.0000 1.0000 1.0000 0.2448 0.0370 0.0057 0.0007
0.0002 0.0016 0.0108 0.0715 0.4745 1.0000 1.0000 0.0004 0.0028 0.0188 0.1246 0.8268 1.0000 1.0000 0.0007 0.0049 0.0327 0.2172 1.0000 1.0000 1.0000 0.0013 0.0086 0.0570 0.3784 1.0000 1.0000 0.0003 0.0023 0.0150 0.0994 0.6594 1.0000 1.0000 0.0006 0.0040 0.0264 0.1765 1.0000 1.0000 1.0000 0.0011 0.0076 0.0521 0.3581 1.0000 1.0000 0.0004 0.0026 0.0191 0.0637 0.0191 0.0026 0.0004 1.0000 1.0000 0.3581 0.0521 0.0076 0.0011 1.0000 1.0000 1.0000 0.1765 0.0264 0.0040 0.0006 1.0000 1.0000 0.6594 0.0994 0.0150 0.0023 0.0003 1.0000 1.0000 0.3784 0.0570 0.0086 0.0013 1.0000 1.0000 1.0000 0.2172 0.0327 0.0049 0.0007 1.0000 1.0000 0.8268 0.1246 0.0188 0.0028 0.0004 1.0000 1.0000 0.4745 0.0715 0.0108 0.0016 0.0002
1.0000 0.0002 0.0014 0.0093 0.0619 0.4106 1.0000 1.0000 0.0004 0.0025 0.0163 0.1078 0.7155 1.0000 1.0000 0.0006 0.0043 0.0283 0.1879 1.0000 1.0000 1.0000 0.0011 0.0074 0.0494 0.3275 1.0000 1.0000 0.0003 0.0020 0.0130 0.0860 0.5706 1.0000 1.0000 0.0005 0.0035 0.0232 0.1557 1.0000 1.0000 1.0000 0.0010 0.0070 0.0483 0.3363 1.0000 1.0000 0.0004 0.0026 0.0089 0.0026 0.0004 1.0000 1.0000 0.3363 0.0483 0.0070 0.0010 1.0000 1.0000 1.0000 0.1557 0.0232 0.0035 0.0005 1.0000 1.0000 0.5706 0.0860 0.0130 0.0020 0.0003 1.0000 1.0000 0.3275 0.0494 0.0074 0.0011 1.0000 1.0000 1.0000 0.1879 0.0283 0.0043 0.0006 1.0000 1.0000 0.7155 0.1078 0.0163 0.0025 0.0004 1.0000 1.0000 0.4106 0.0619 0.0093 0.0014 0.0002 1.0000
1.0000 1.0000 1.0000 0.0012 0.0081 0.0537 0.3561 1.0000 1.0000 0.0003 0.0021 0.0141 0.0935 0.6204 1.0000 1.0000 0.0006 0.0037 0.0246 0.1629 1.0000 1.0000 1.0000 0.0010 0.0065 0.0428 0.2839 1.0000 1.0000 0.0003 0.0017 0.0112 0.0746 0.4957 1.0000 1.0000 0.0005 0.0031 0.0206 0.1392 0.9463 1.0000 1.0000 0.0009 0.0066 0.0461 0.3250 1.0000 1.0000 0.0004 0.0012 0.0004 1.0000 1.0000 0.3250 0.0461 0.0066 0.0009 1.0000 1.0000 0.9463 0.1392 0.0206 0.0031 0.0005 1.0000 1.0000 0.4957 0.0746 0.0112 0.0017 0.0003 1.0000 1.0000 0.2839 0.0428 0.0065 0.0010 1.0000 1.0000 1.0000 0.1629 0.0246 0.0037 0.0006 1.0000 1.0000 0.6204 0.0935 0.0141 0.0021 0.0003 1.0000 1.0000 0.3561 0.0537 0.0081 0.0012 1.0000 1.0000 1.0000
0.1470 1.0000 1.0000 1.0000 0.0011 0.0071 0.0469 0.3111 1.0000 1.0000 0.0003 0.0019 0.0123 0.0817 0.5421 1.0000 1.0000 0.0005 0.0032 0.0215 0.1424 0.9445 1.0000 1.0000 0.0008 0.0056 0.0374 0.2481 1.0000 1.0000 0.0002 0.0015 0.0098 0.0655 0.4381 1.0000 1.0000 0.0004 0.0028 0.0187 0.1280 0.8787 1.0000 1.0000 0.0009 0.0064 0.0455 0.3250 1.0000 1.0000 1.0000 1.0000 1.0000 0.3250 0.0455 0.0064 0.0009 1.0000 1.0000 0.8787 0.1280 0.0187 0.0028 0.0004 1.0000 1.0000 0.4381 0.0655 0.0098 0.0015 0.0002 1.0000 1.0000 0.2481 0.0374 0.0056 0.0008 1.0000 1.0000 0.9445 0.1424 0.0215 0.0032 0.0005 1.0000 1.0000 0.5421 0.0817 0.0123 0.0019 0.0003 1.0000 1.0000 0.3111 0.0469 0.0071 0.0011 1.0000 1.0000 1.0000 0.1470
0.0194 0.1575 1.0000 1.0000 1.0000 0.0009 0.0062 0.0410 0.2718 1.0000 1.0000 0.0002 0.0016 0.0108 0.0714 0.4736 1.0000 1.0000 0.0004 0.0028 0.0187 0.1244 0.8252 1.0000 1.0000 0.0007 0.0049 0.0327 0.2167 1.0000 1.0000 1.0000 0.0013 0.0087 0.0581 0.3901 1.0000 1.0000 0.0004 0.0025 0.0174 0.1204 0.8363 1.0000 1.0000 0.0009 0.0064 0.0461 0.3363 1.0000 1.0000 1.0000 0.3363 0.0461 0.0064 0.0009 1.0000 1.0000 0.8363 0.1204 0.0174 0.0025 0.0004 1.0000 1.0000 0.3901 0.0581 0.0087 0.0013 1.0000 1.0000 1.0000 0.2167 0.0327 0.0049 0.0007 1.0000 1.0000 0.8252 0.1244 0.0187 0.0028 0.0004 1.0000 1.0000 0.4736 0.0714 0.0108 0.0016 0.0002 1.0000 1.0000 0.2718 0.0410 0.0062 0.0009 1.0000 1.0000 1.0000 0.1575 0.0194
