0.0522 0.4938 1.0000 1.0000 0.0007 0.0051 0.0387 0.2938 1.0000 1.0000 0.0004 0.0030 0.0228 0.1735 1.0000 1.0000 0.0002 0.0018 0.0135 0.1025 0.7780 1.0000 1.0000 0.0010 0.0080 0.0605 0.4594 1.0000 1.0000 0.0006 0.0047 0.0357 0.2713 1.0000 1.0000 0.0004 0.0028 0.0211 0.1602 1.0000 1.0000 0.0002 0.0016 0.0125 0.0946 0.7183 1.0000 1.0000 0.0010 0.0073 0.0269 0.0073 0.0010 1.0000 1.0000 0.7183 0.0946 0.0125 0.0016 0.0002 1.0000 1.0000 0.1602 0.0211 0.0028 0.0004 1.0000 1.0000 0.2713 0.0357 0.0047 0.0006 1.0000 1.0000 0.4594 0.0605 0.0080 0.0010 1.0000 1.0000 0.7780 0.1025 0.0135 0.0018 0.0002 1.0000 1.0000 0.1735 0.0228 0.0030 0.0004 1.0000 1.0000 0.2938 0.0387 0.0051 0.0007 1.0000 1.0000 0.4938 0.0522
0.4938 1.0000 1.0000 0.0007 0.0055 0.0416 0.3152 1.0000 1.0000 0.0004 0.0032 0.0245 0.1858 1.0000 1.0000 0.0003 0.0019 0.0144 0.1099 0.8331 1.0000 1.0000 0.0011 0.0085 0.0648 0.4929 1.0000 1.0000 0.0007 0.0050 0.0383 0.2905 1.0000 1.0000 0.0004 0.0030 0.0226 0.1719 1.0000 1.0000 0.0002 0.0018 0.0134 0.1013 0.7706 1.0000 1.0000 0.0010 0.0080 0.0608 0.2114 0.0608 0.0080 0.0010 1.0000 1.0000 0.7706 0.1013 0.0134 0.0018 0.0002 1.0000 1.0000 0.1719 0.0226 0.0030 0.0004 1.0000 1.0000 0.2905 0.0383 0.0050 0.0007 1.0000 1.0000 0.4929 0.0648 0.0085 0.0011 1.0000 1.0000 0.8331 0.1099 0.0144 0.0019 0.0003 1.0000 1.0000 0.1858 0.0245 0.0032 0.0004 1.0000 1.0000 0.3152 0.0416 0.0055 0.0007 1.0000 1.0000 0.4938
1.0000 1.0000 0.0007 0.0050 0.0370 0.2765 1.0000 1.0000 0.0004 0.0028 0.0212 0.1605 1.0000 1.0000 0.0002 0.0016 0.0125 0.0948 0.7196 1.0000 1.0000 0.0010 0.0074 0.0560 0.4249 1.0000 1.0000 0.0006 0.0044 0.0330 0.2509 1.0000 1.0000 0.0003 0.0026 0.0195 0.1482 1.0000 1.0000 0.0002 0.0015 0.0115 0.0875 0.6644 1.0000 1.0000 0.0009 0.0068 0.0522 0.3991 1.0000 0.3991 0.0522 0.0068 0.0009 1.0000 1.0000 0.6644 0.0875 0.0115 0.0015 0.0002 1.0000 1.0000 0.1482 0.0195 0.0026 0.0003 1.0000 1.0000 0.2509 0.0330 0.0044 0.0006 1.0000 1.0000 0.4249 0.0560 0.0074 0.0010 1.0000 1.0000 0.7196 0.0948 0.0125 0.0016 0.0002 1.0000 1.0000 0.1605 0.0212 0.0028 0.0004 1.0000 1.0000 0.2765 0.0370 0.0050 0.0007 1.0000 1.0000
1.0000 0.0007 0.0050 0.0354 0.2567 1.0000 1.0000 0.0003 0.0025 0.0186 0.1408 1.0000 1.0000 1.0000 0.0014 0.0109 0.0830 0.6299 1.0000 1.0000 0.0008 0.0065 0.0490 0.3720 1.0000 1.0000 0.0005 0.0038 0.0289 0.2196 1.0000 1.0000 0.0003 0.0022 0.0171 0.1297 0.9849 1.0000 1.0000 0.0013 0.0101 0.0766 0.5816 1.0000 1.0000 0.0008 0.0060 0.0452 0.3460 1.0000 1.0000 1.0000 0.3460 0.0452 0.0060 0.0008 1.0000 1.0000 0.5816 0.0766 0.0101 0.0013 1.0000 1.0000 0.9849 0.1297 0.0171 0.0022 0.0003 1.0000 1.0000 0.2196 0.0289 0.0038 0.0005 1.0000 1.0000 0.3720 0.0490 0.0065 0.0008 1.0000 1.0000 0.6299 0.0830 0.0109 0.0014 1.0000 1.0000 1.0000 0.1408 0.0186 0.0025 0.0003 1.0000 1.0000 0.2567 0.0354 0.0050 0.0007 1.0000
0.0007 0.0055 0.0370 0.2567 1.0000 1.0000 0.0003 0.0022 0.0165 0.1244 0.9392 1.0000 1.0000 0.0013 0.0095 0.0725 0.5504 1.0000 1.0000 0.0007 0.0056 0.0428 0.3250 1.0000 1.0000 0.0004 0.0033 0.0253 0.1919 1.0000 1.0000 0.0003 0.0020 0.0149 0.1133 0.8605 1.0000 1.0000 0.0012 0.0088 0.0669 0.5081 1.0000 1.0000 0.0007 0.0052 0.0395 0.3000 1.0000 1.0000 1.0000 1.0000 1.0000 0.3000 0.0395 0.0052 0.0007 1.0000 1.0000 0.5081 0.0669 0.0088 0.0012 1.0000 1.0000 0.8605 0.1133 0.0149 0.0020 0.0003 1.0000 1.0000 0.1919 0.0253 0.0033 0.0004 1.0000 1.0000 0.3250 0.0428 0.0056 0.0007 1.0000 1.0000 0.5504 0.0725 0.0095 0.0013 1.0000 1.0000 0.9392 0.1244 0.0165 0.0022 0.0003 1.0000 1.0000 0.2567 0.0370 0.0055 0.0007
0.0051 0.0416 0.2765 1.0000 1.0000 0.0003 0.0021 0.0152 0.1125 0.8379 1.0000 1.0000 0.0011 0.0084 0.0633 0.4809 1.0000 1.0000 0.0006 0.0049 0.0374 0.2839 1.0000 1.0000 0.0004 0.0029 0.0221 0.1677 1.0000 1.0000 0.0002 0.0017 0.0130 0.0990 0.7518 1.0000 1.0000 0.0010 0.0077 0.0585 0.4439 1.0000 1.0000 0.0006 0.0045 0.0345 0.2621 1.0000 1.0000 0.0004 0.0012 0.0004 1.0000 1.0000 0.2621 0.0345 0.0045 0.0006 1.0000 1.0000 0.4439 0.0585 0.0077 0.0010 1.0000 1.0000 0.7518 0.0990 0.0130 0.0017 0.0002 1.0000 1.0000 0.1677 0.0221 0.0029 0.0004 1.0000 1.0000 0.2839 0.0374 0.0049 0.0006 1.0000 1.0000 0.4809 0.0633 0.0084 0.0011 1.0000 1.0000 0.8379 0.1125 0.0152 0.0021 0.0003 1.0000 1.0000 0.2765 0.0416 0.0051
0.0387 0.3152 1.0000 1.0000 0.0003 0.0021 0.0147 0.1060 0.7736 1.0000 1.0000 0.0010 0.0074 0.0557 0.4217 1.0000 1.0000 0.0006 0.0043 0.0327 0.2481 1.0000 1.0000 0.0003 0.0025 0.0193 0.1465 1.0000 1.0000 1.0000 0.0015 0.0114 0.0865 0.6569 1.0000 1.0000 0.0009 0.0067 0.0511 0.3879 1.0000 1.0000 0.0005 0.0040 0.0302 0.2290 1.0000 1.0000 0.0003 0.0024 0.0082 0.0024 0.0003 1.0000 1.0000 0.2290 0.0302 0.0040 0.0005 1.0000 1.0000 0.3879 0.0511 0.0067 0.0009 1.0000 1.0000 0.6569 0.0865 0.0114 0.0015 1.0000 1.0000 1.0000 0.1465 0.0193 0.0025 0.0003 1.0000 1.0000 0.2481 0.0327 0.0043 0.0006 1.0000 1.0000 0.4217 0.0557 0.0074 0.0010 1.0000 1.0000 0.7736 0.1060 0.0147 0.0021 0.0003 1.0000 1.0000 0.3152 0.0387
0.2938 1.0000 1.0000 0.0003 0.0022 0.0152 0.1060 0.7518 1.0000 1.0000 0.0009 0.0066 0.0497 0.3741 1.0000 1.0000 0.0005 0.0038 0.0285 0.2167 1.0000 1.0000 0.0003 0.0022 0.0169 0.1280 0.9719 1.0000 1.0000 0.0013 0.0100 0.0756 0.5739 1.0000 1.0000 0.0008 0.0059 0.0446 0.3389 1.0000 1.0000 0.0005 0.0035 0.0264 0.2001 1.0000 1.0000 0.0003 0.0021 0.0158 0.0542 0.0158 0.0021 0.0003 1.0000 1.0000 0.2001 0.0264 0.0035 0.0005 1.0000 1.0000 0.3389 0.0446 0.0059 0.0008 1.0000 1.0000 0.5739 0.0756 0.0100 0.0013 1.0000 1.0000 0.9719 0.1280 0.0169 0.0022 0.0003 1.0000 1.0000 0.2167 0.0285 0.0038 0.0005 1.0000 1.0000 0.3741 0.0497 0.0066 0.0009 1.0000 1.0000 0.7518 0.1060 0.0152 0.0022 0.0003 1.0000 1.0000 0.2938
1.0000 1.0000 0.0004 0.0025 0.0165 0.1125 0.7736 1.0000 1.0000 0.0008 0.0062 0.0455 0.3376 1.0000 1.0000 0.0004 0.0033 0.0250 0.1897 1.0000 1.0000 0.0003 0.0019 0.0147 0.1118 0.8491 1.0000 1.0000 0.0011 0.0087 0.0660 0.5014 1.0000 1.0000 0.0007 0.0051 0.0390 0.2961 1.0000 1.0000 0.0004 0.0030 0.0230 0.1748 1.0000 1.0000 0.0002 0.0018 0.0137 0.1050 0.3595 0.1050 0.0137 0.0018 0.0002 1.0000 1.0000 0.1748 0.0230 0.0030 0.0004 1.0000 1.0000 0.2961 0.0390 0.0051 0.0007 1.0000 1.0000 0.5014 0.0660 0.0087 0.0011 1.0000 1.0000 0.8491 0.1118 0.0147 0.0019 0.0003 1.0000 1.0000 0.1897 0.0250 0.0033 0.0004 1.0000 1.0000 0.3376 0.0455 0.0062 0.0008 1.0000 1.0000 0.7736 0.1125 0.0165 0.0025 0.0004 1.0000 1.0000
1.0000 0.0004 0.0028 0.0186 0.1244 0.8379 1.0000 1.0000 0.0008 0.0060 0.0433 0.3152 1.0000 1.0000 0.0004 0.0029 0.0222 0.1670 1.0000 1.0000 0.0002 0.0017 0.0129 0.0977 0.7419 1.0000 1.0000 0.0010 0.0076 0.0577 0.4381 1.0000 1.0000 0.0006 0.0045 0.0341 0.2587 1.0000 1.0000 0.0003 0.0026 0.0201 0.1527 1.0000 1.0000 0.0002 0.0016 0.0119 0.0909 0.6967 1.0000 0.6967 0.0909 0.0119 0.0016 0.0002 1.0000 1.0000 0.1527 0.0201 0.0026 0.0003 1.0000 1.0000 0.2587 0.0341 0.0045 0.0006 1.0000 1.0000 0.4381 0.0577 0.0076 0.0010 1.0000 1.0000 0.7419 0.0977 0.0129 0.0017 0.0002 1.0000 1.0000 0.1670 0.0222 0.0029 0.0004 1.0000 1.0000 0.3152 0.0433 0.0060 0.0008 1.0000 1.0000 0.8379 0.1244 0.0186 0.0028 0.0004 1.0000
0.0004 0.0032 0.0212 0.1408 0.9392 1.0000 1.0000 0.0009 0.0062 0.0433 0.3070 1.0000 1.0000 0.0004 0.0027 0.0199 0.1490 1.0000 1.0000 1.0000 0.0015 0.0112 0.0854 0.6482 1.0000 1.0000 0.0009 0.0066 0.0504 0.3827 1.0000 1.0000 0.0005 0.0039 0.0298 0.2260 1.0000 1.0000 0.0003 0.0023 0.0176 0.1335 1.0000 1.0000 1.0000 0.0014 0.0104 0.0788 0.6030 1.0000 1.0000 1.0000 0.6030 0.0788 0.0104 0.0014 1.0000 1.0000 1.0000 0.1335 0.0176 0.0023 0.0003 1.0000 1.0000 0.2260 0.0298 0.0039 0.0005 1.0000 1.0000 0.3827 0.0504 0.0066 0.0009 1.0000 1.0000 0.6482 0.0854 0.0112 0.0015 1.0000 1.0000 1.0000 0.1490 0.0199 0.0027 0.0004 1.0000 1.0000 0.3070 0.0433 0.0062 0.0009 1.0000 1.0000 0.9392 0.1408 0.0212 0.0032 0.0004
0.0030 0.0245 0.1605 1.0000 1.0000 1.0000 0.0010 0.0066 0.0455 0.3152 1.0000 1.0000 0.0003 0.0025 0.0184 0.1355 1.0000 1.0000 1.0000 0.0013 0.0099 0.0749 0.5674 1.0000 1.0000 0.0008 0.0058 0.0440 0.3344 1.0000 1.0000 0.0005 0.0034 0.0260 0.1975 1.0000 1.0000 0.0003 0.0020 0.0154 0.1166 0.8854 1.0000 1.0000 0.0012 0.0091 0.0688 0.5228 1.0000 1.0000 0.0003 1.0000 1.0000 0.5228 0.0688 0.0091 0.0012 1.0000 1.0000 0.8854 0.1166 0.0154 0.0020 0.0003 1.0000 1.0000 0.1975 0.0260 0.0034 0.0005 1.0000 1.0000 0.3344 0.0440 0.0058 0.0008 1.0000 1.0000 0.5674 0.0749 0.0099 0.0013 1.0000 1.0000 1.0000 0.1355 0.0184 0.0025 0.0003 1.0000 1.0000 0.3152 0.0455 0.0066 0.0010 1.0000 1.0000 1.0000 0.1605 0.0245 0.0030
0.0228 0.1858 1.0000 1.0000 1.0000 0.0011 0.0074 0.0497 0.3376 1.0000 1.0000 0.0003 0.0024 0.0175 0.1273 0.9303 1.0000 1.0000 0.0012 0.0088 0.0662 0.4995 1.0000 1.0000 0.0007 0.0051 0.0385 0.2922 1.0000 1.0000 0.0004 0.0030 0.0227 0.1725 1.0000 1.0000 0.0002 0.0018 0.0134 0.1019 0.7736 1.0000 1.0000 0.0010 0.0079 0.0602 0.4568 1.0000 1.0000 0.0006 0.0021 0.0006 1.0000 1.0000 0.4568 0.0602 0.0079 0.0010 1.0000 1.0000 0.7736 0.1019 0.0134 0.0018 0.0002 1.0000 1.0000 0.1725 0.0227 0.0030 0.0004 1.0000 1.0000 0.2922 0.0385 0.0051 0.0007 1.0000 1.0000 0.4995 0.0662 0.0088 0.0012 1.0000 1.0000 0.9303 0.1273 0.0175 0.0024 0.0003 1.0000 1.0000 0.3376 0.0497 0.0074 0.0011 1.0000 1.0000 1.0000 0.1858 0.0228
0.1735 1.0000 1.0000 1.0000 0.0013 0.0084 0.0557 0.3741 1.0000 1.0000 0.0004 0.0025 0.0175 0.1244 0.8922 1.0000 1.0000 0.0011 0.0080 0.0592 0.4439 1.0000 1.0000 0.0006 0.0044 0.0336 0.2553 1.0000 1.0000 0.0003 0.0026 0.0198 0.1507 1.0000 1.0000 0.0002 0.0015 0.0117 0.0890 0.6759 1.0000 1.0000 0.0009 0.0069 0.0526 0.3991 1.0000 1.0000 0.0005 0.0042 0.0142 0.0042 0.0005 1.0000 1.0000 0.3991 0.0526 0.0069 0.0009 1.0000 1.0000 0.6759 0.0890 0.0117 0.0015 0.0002 1.0000 1.0000 0.1507 0.0198 0.0026 0.0003 1.0000 1.0000 0.2553 0.0336 0.0044 0.0006 1.0000 1.0000 0.4439 0.0592 0.0080 0.0011 1.0000 1.0000 0.8922 0.1244 0.0175 0.0025 0.0004 1.0000 1.0000 0.3741 0.0557 0.0084 0.0013 1.0000 1.0000 1.0000 0.1735
1.0000 1.0000 0.0002 0.0014 0.0095 0.0633 0.4217 1.0000 1.0000 0.0004 0.0027 0.0184 0.1273 0.8922 1.0000 1.0000 0.0010 0.0074 0.0543 0.4021 1.0000 1.0000 0.0005 0.0039 0.0296 0.2239 1.0000 1.0000 0.0003 0.0023 0.0173 0.1317 1.0000 1.0000 1.0000 0.0013 0.0102 0.0778 0.5905 1.0000 1.0000 0.0008 0.0060 0.0459 0.3487 1.0000 1.0000 0.0005 0.0036 0.0276 0.0944 0.0276 0.0036 0.0005 1.0000 1.0000 0.3487 0.0459 0.0060 0.0008 1.0000 1.0000 0.5905 0.0778 0.0102 0.0013 1.0000 1.0000 1.0000 0.1317 0.0173 0.0023 0.0003 1.0000 1.0000 0.2239 0.0296 0.0039 0.0005 1.0000 1.0000 0.4021 0.0543 0.0074 0.0010 1.0000 1.0000 0.8922 0.1273 0.0184 0.0027 0.0004 1.0000 1.0000 0.4217 0.0633 0.0095 0.0014 0.0002 1.0000 1.0000
1.0000 0.0003 0.0016 0.0109 0.0725 0.4809 1.0000 1.0000 0.0004 0.0029 0.0199 0.1355 0.9303 1.0000 1.0000 0.0010 0.0071 0.0512 0.3734 1.0000 1.0000 0.0005 0.0035 0.0263 0.1978 1.0000 1.0000 0.0003 0.0020 0.0152 0.1151 0.8737 1.0000 1.0000 0.0012 0.0089 0.0679 0.5159 1.0000 1.0000 0.0007 0.0053 0.0401 0.3046 1.0000 1.0000 0.0004 0.0031 0.0239 0.1830 0.6264 0.1830 0.0239 0.0031 0.0004 1.0000 1.0000 0.3046 0.0401 0.0053 0.0007 1.0000 1.0000 0.5159 0.0679 0.0089 0.0012 1.0000 1.0000 0.8737 0.1151 0.0152 0.0020 0.0003 1.0000 1.0000 0.1978 0.0263 0.0035 0.0005 1.0000 1.0000 0.3734 0.0512 0.0071 0.0010 1.0000 1.0000 0.9303 0.1355 0.0199 0.0029 0.0004 1.0000 1.0000 0.4809 0.0725 0.0109 0.0016 0.0003 1.0000
0.0002 0.0019 0.0125 0.0830 0.5504 1.0000 1.0000 0.0005 0.0033 0.0222 0.1490 1.0000 1.0000 1.0000 0.0010 0.0071 0.0501 0.3588 1.0000 1.0000 0.0004 0.0032 0.0236 0.1765 1.0000 1.0000 0.0002 0.0018 0.0133 0.1005 0.7633 1.0000 1.0000 0.0010 0.0078 0.0594 0.4507 1.0000 1.0000 0.0006 0.0046 0.0350 0.2662 1.0000 1.0000 0.0004 0.0027 0.0207 0.1584 1.0000 1.0000 1.0000 0.1584 0.0207 0.0027 0.0004 1.0000 1.0000 0.2662 0.0350 0.0046 0.0006 1.0000 1.0000 0.4507 0.0594 0.0078 0.0010 1.0000 1.0000 0.7633 0.1005 0.0133 0.0018 0.0002 1.0000 1.0000 0.1765 0.0236 0.0032 0.0004 1.0000 1.0000 0.3588 0.0501 0.0071 0.0010 1.0000 1.0000 1.0000 0.1490 0.0222 0.0033 0.0005 1.0000 1.0000 0.5504 0.0830 0.0125 0.0019 0.0002
0.0018 0.0144 0.0948 0.6299 1.0000 1.0000 0.0006 0.0038 0.0250 0.1670 1.0000 1.0000 1.0000 0.0011 0.0074 0.0512 0.3588 1.0000 1.0000 0.0004 0.0030 0.0217 0.1605 1.0000 1.0000 0.0002 0.0016 0.0117 0.0883 0.6682 1.0000 1.0000 0.0009 0.0068 0.0519 0.3938 1.0000 1.0000 0.0005 0.0040 0.0306 0.2325 1.0000 1.0000 0.0003 0.0024 0.0181 0.1373 1.0000 1.0000 1.0000 1.0000 1.0000 0.1373 0.0181 0.0024 0.0003 1.0000 1.0000 0.2325 0.0306 0.0040 0.0005 1.0000 1.0000 0.3938 0.0519 0.0068 0.0009 1.0000 1.0000 0.6682 0.0883 0.0117 0.0016 0.0002 1.0000 1.0000 0.1605 0.0217 0.0030 0.0004 1.0000 1.0000 0.3588 0.0512 0.0074 0.0011 1.0000 1.0000 1.0000 0.1670 0.0250 0.0038 0.0006 1.0000 1.0000 0.6299 0.0948 0.0144 0.0018
0.0135 0.1099 0.7196 1.0000 1.0000 0.0006 0.0043 0.0285 0.1897 1.0000 1.0000 1.0000 0.0012 0.0080 0.0543 0.3734 1.0000 1.0000 0.0004 0.0028 0.0205 0.1496 1.0000 1.0000 1.0000 0.0014 0.0104 0.0784 0.5905 1.0000 1.0000 0.0008 0.0060 0.0453 0.3441 1.0000 1.0000 0.0005 0.0035 0.0268 0.2032 1.0000 1.0000 0.0003 0.0021 0.0158 0.1200 0.9110 1.0000 1.0000 0.0006 1.0000 1.0000 0.9110 0.1200 0.0158 0.0021 0.0003 1.0000 1.0000 0.2032 0.0268 0.0035 0.0005 1.0000 1.0000 0.3441 0.0453 0.0060 0.0008 1.0000 1.0000 0.5905 0.0784 0.0104 0.0014 1.0000 1.0000 1.0000 0.1496 0.0205 0.0028 0.0004 1.0000 1.0000 0.3734 0.0543 0.0080 0.0012 1.0000 1.0000 1.0000 0.1897 0.0285 0.0043 0.0006 1.0000 1.0000 0.7196 0.1099 0.0135
0.1025 0.8331 1.0000 1.0000 0.0007 0.0049 0.0327 0.2167 1.0000 1.0000 1.0000 0.0013 0.0088 0.0592 0.4021 1.0000 1.0000 0.0004 0.0028 0.0202 0.1443 1.0000 1.0000 1.0000 0.0013 0.0094 0.0702 0.5258 1.0000 1.0000 0.0007 0.0052 0.0397 0.3006 1.0000 1.0000 0.0004 0.0031 0.0234 0.1775 1.0000 1.0000 0.0002 0.0018 0.0138 0.1048 0.7960 1.0000 1.0000 0.0011 0.0037 0.0011 1.0000 1.0000 0.7960 0.1048 0.0138 0.0018 0.0002 1.0000 1.0000 0.1775 0.0234 0.0031 0.0004 1.0000 1.0000 0.3006 0.0397 0.0052 0.0007 1.0000 1.0000 0.5258 0.0702 0.0094 0.0013 1.0000 1.0000 1.0000 0.1443 0.0202 0.0028 0.0004 1.0000 1.0000 0.4021 0.0592 0.0088 0.0013 1.0000 1.0000 1.0000 0.2167 0.0327 0.0049 0.0007 1.0000 1.0000 0.8331 0.1025
0.7780 1.0000 1.0000 0.0008 0.0056 0.0374 0.2481 1.0000 1.0000 0.0002 0.0015 0.0099 0.0662 0.4439 1.0000 1.0000 0.0004 0.0030 0.0205 0.1443 1.0000 1.0000 1.0000 0.0012 0.0087 0.0639 0.4745 1.0000 1.0000 0.0006 0.0046 0.0349 0.2641 1.0000 1.0000 0.0004 0.0027 0.0204 0.1551 1.0000 1.0000 0.0002 0.0016 0.0121 0.0916 0.6954 1.0000 1.0000 0.0009 0.0072 0.0248 0.0072 0.0009 1.0000 1.0000 0.6954 0.0916 0.0121 0.0016 0.0002 1.0000 1.0000 0.1551 0.0204 0.0027 0.0004 1.0000 1.0000 0.2641 0.0349 0.0046 0.0006 1.0000 1.0000 0.4745 0.0639 0.0087 0.0012 1.0000 1.0000 1.0000 0.1443 0.0205 0.0030 0.0004 1.0000 1.0000 0.4439 0.0662 0.0099 0.0015 0.0002 1.0000 1.0000 0.2481 0.0374 0.0056 0.0008 1.0000 1.0000 0.7780
1.0000 1.0000 0.0010 0.0065 0.0428 0.2839 1.0000 1.0000 0.0003 0.0017 0.0112 0.0749 0.4995 1.0000 1.0000 0.0005 0.0032 0.0217 0.1496 1.0000 1.0000 1.0000 0.0011 0.0082 0.0598 0.4381 1.0000 1.0000 0.0006 0.0041 0.0310 0.2334 1.0000 1.0000 0.0003 0.0023 0.0178 0.1355 1.0000 1.0000 1.0000 0.0014 0.0105 0.0800 0.6076 1.0000 1.0000 0.0008 0.0063 0.0481 0.1645 0.0481 0.0063 0.0008 1.0000 1.0000 0.6076 0.0800 0.0105 0.0014 1.0000 1.0000 1.0000 0.1355 0.0178 0.0023 0.0003 1.0000 1.0000 0.2334 0.0310 0.0041 0.0006 1.0000 1.0000 0.4381 0.0598 0.0082 0.0011 1.0000 1.0000 1.0000 0.1496 0.0217 0.0032 0.0005 1.0000 1.0000 0.4995 0.0749 0.0112 0.0017 0.0003 1.0000 1.0000 0.2839 0.0428 0.0065 0.0010 1.0000 1.0000
1.0000 0.0011 0.0074 0.0490 0.3250 1.0000 1.0000 0.0003 0.0019 0.0129 0.0854 0.5674 1.0000 1.0000 0.0005 0.0035 0.0236 0.1605 1.0000 1.0000 1.0000 0.0011 0.0081 0.0578 0.4161 1.0000 1.0000 0.0005 0.0037 0.0278 0.2079 1.0000 1.0000 0.0003 0.0021 0.0156 0.1184 0.8990 1.0000 1.0000 0.0012 0.0092 0.0699 0.5308 1.0000 1.0000 0.0007 0.0054 0.0416 0.3189 1.0000 0.3189 0.0416 0.0054 0.0007 1.0000 1.0000 0.5308 0.0699 0.0092 0.0012 1.0000 1.0000 0.8990 0.1184 0.0156 0.0021 0.0003 1.0000 1.0000 0.2079 0.0278 0.0037 0.0005 1.0000 1.0000 0.4161 0.0578 0.0081 0.0011 1.0000 1.0000 1.0000 0.1605 0.0236 0.0035 0.0005 1.0000 1.0000 0.5674 0.0854 0.0129 0.0019 0.0003 1.0000 1.0000 0.3250 0.0490 0.0074 0.0011 1.0000
0.0010 0.0085 0.0560 0.3720 1.0000 1.0000 0.0003 0.0022 0.0147 0.0977 0.6482 1.0000 1.0000 0.0006 0.0039 0.0263 0.1765 1.0000 1.0000 1.0000 0.0012 0.0082 0.0578 0.4091 1.0000 1.0000 0.0005 0.0035 0.0255 0.1886 1.0000 1.0000 0.0002 0.0018 0.0138 0.1040 0.7869 1.0000 1.0000 0.0011 0.0080 0.0611 0.4638 1.0000 1.0000 0.0006 0.0047 0.0361 0.2760 1.0000 1.0000 1.0000 0.2760 0.0361 0.0047 0.0006 1.0000 1.0000 0.4638 0.0611 0.0080 0.0011 1.0000 1.0000 0.7869 0.1040 0.0138 0.0018 0.0002 1.0000 1.0000 0.1886 0.0255 0.0035 0.0005 1.0000 1.0000 0.4091 0.0578 0.0082 0.0012 1.0000 1.0000 1.0000 0.1765 0.0263 0.0039 0.0006 1.0000 1.0000 0.6482 0.0977 0.0147 0.0022 0.0003 1.0000 1.0000 0.3720 0.0560 0.0085 0.0010
0.0080 0.0648 0.4249 1.0000 1.0000 0.0004 0.0025 0.0169 0.1118 0.7419 1.0000 1.0000 0.0007 0.0044 0.0296 0.1978 1.0000 1.0000 1.0000 0.0013 0.0087 0.0598 0.4161 1.0000 1.0000 0.0005 0.0033 0.0239 0.1748 1.0000 1.0000 0.0002 0.0016 0.0122 0.0921 0.6941 1.0000 1.0000 0.0009 0.0070 0.0534 0.4052 1.0000 1.0000 0.0005 0.0041 0.0315 0.2393 1.0000 1.0000 1.0000 1.0000 1.0000 0.2393 0.0315 0.0041 0.0005 1.0000 1.0000 0.4052 0.0534 0.0070 0.0009 1.0000 1.0000 0.6941 0.0921 0.0122 0.0016 0.0002 1.0000 1.0000 0.1748 0.0239 0.0033 0.0005 1.0000 1.0000 0.4161 0.0598 0.0087 0.0013 1.0000 1.0000 1.0000 0.1978 0.0296 0.0044 0.0007 1.0000 1.0000 0.7419 0.1118 0.0169 0.0025 0.0004 1.0000 1.0000 0.4249 0.0648 0.0080
0.0605 0.4929 1.0000 1.0000 0.0004 0.0029 0.0193 0.1280 0.8491 1.0000 1.0000 0.0008 0.0051 0.0336 0.2239 1.0000 1.0000 0.0002 0.0014 0.0094 0.0639 0.4381 1.0000 1.0000 0.0005 0.0032 0.0232 0.1667 1.0000 1.0000 0.0002 0.0015 0.0110 0.0823 0.6181 1.0000 1.0000 0.0008 0.0062 0.0467 0.3540 1.0000 1.0000 0.0005 0.0036 0.0275 0.2090 1.0000 1.0000 0.0003 0.0010 0.0003 1.0000 1.0000 0.2090 0.0275 0.0036 0.0005 1.0000 1.0000 0.3540 0.0467 0.0062 0.0008 1.0000 1.0000 0.6181 0.0823 0.0110 0.0015 0.0002 1.0000 1.0000 0.1667 0.0232 0.0032 0.0005 1.0000 1.0000 0.4381 0.0639 0.0094 0.0014 0.0002 1.0000 1.0000 0.2239 0.0336 0.0051 0.0008 1.0000 1.0000 0.8491 0.1280 0.0193 0.0029 0.0004 1.0000 1.0000 0.4929 0.0605
0.4594 1.0000 1.0000 0.0005 0.0033 0.0221 0.1465 0.9719 1.0000 1.0000 0.0009 0.0058 0.0385 0.2553 1.0000 1.0000 0.0002 0.0016 0.0104 0.0702 0.4745 1.0000 1.0000 0.0005 0.0033 0.0232 0.1639 1.0000 1.0000 1.0000 0.0014 0.0101 0.0750 0.5577 1.0000 1.0000 0.0007 0.0054 0.0411 0.3111 1.0000 1.0000 0.0004 0.0032 0.0241 0.1826 1.0000 1.0000 0.0002 0.0019 0.0065 0.0019 0.0002 1.0000 1.0000 0.1826 0.0241 0.0032 0.0004 1.0000 1.0000 0.3111 0.0411 0.0054 0.0007 1.0000 1.0000 0.5577 0.0750 0.0101 0.0014 1.0000 1.0000 1.0000 0.1639 0.0232 0.0033 0.0005 1.0000 1.0000 0.4745 0.0702 0.0104 0.0016 0.0002 1.0000 1.0000 0.2553 0.0385 0.0058 0.0009 1.0000 1.0000 0.9719 0.1465 0.0221 0.0033 0.0005 1.0000 1.0000 0.4594
1.0000 1.0000 0.0006 0.0038 0.0253 0.1677 1.0000 1.0000 1.0000 0.0010 0.0066 0.0440 0.2922 1.0000 1.0000 0.0003 0.0018 0.0117 0.0784 0.5258 1.0000 1.0000 0.0005 0.0035 0.0239 0.1667 1.0000 1.0000 1.0000 0.0013 0.0096 0.0698 0.5130 1.0000 1.0000 0.0006 0.0048 0.0365 0.2749 1.0000 1.0000 0.0004 0.0028 0.0210 0.1596 1.0000 1.0000 0.0002 0.0016 0.0126 0.0432 0.0126 0.0016 0.0002 1.0000 1.0000 0.1596 0.0210 0.0028 0.0004 1.0000 1.0000 0.2749 0.0365 0.0048 0.0006 1.0000 1.0000 0.5130 0.0698 0.0096 0.0013 1.0000 1.0000 1.0000 0.1667 0.0239 0.0035 0.0005 1.0000 1.0000 0.5258 0.0784 0.0117 0.0018 0.0003 1.0000 1.0000 0.2922 0.0440 0.0066 0.0010 1.0000 1.0000 1.0000 0.1677 0.0253 0.0038 0.0006 1.0000 1.0000
1.0000 0.0007 0.0044 0.0289 0.1919 1.0000 1.0000 1.0000 0.0011 0.0076 0.0504 0.3344 1.0000 1.0000 0.0003 0.0020 0.0133 0.0883 0.5905 1.0000 1.0000 0.0006 0.0037 0.0255 0.1748 1.0000 1.0000 1.0000 0.0013 0.0093 0.0667 0.4836 1.0000 1.0000 0.0006 0.0044 0.0327 0.2448 1.0000 1.0000 0.0003 0.0024 0.0184 0.1394 1.0000 1.0000 1.0000 0.0014 0.0109 0.0837 0.2867 0.0837 0.0109 0.0014 1.0000 1.0000 1.0000 0.1394 0.0184 0.0024 0.0003 1.0000 1.0000 0.2448 0.0327 0.0044 0.0006 1.0000 1.0000 0.4836 0.0667 0.0093 0.0013 1.0000 1.0000 1.0000 0.1748 0.0255 0.0037 0.0006 1.0000 1.0000 0.5905 0.0883 0.0133 0.0020 0.0003 1.0000 1.0000 0.3344 0.0504 0.0076 0.0011 1.0000 1.0000 1.0000 0.1919 0.0289 0.0044 0.0007 1.0000
0.0006 0.0050 0.0330 0.2196 1.0000 1.0000 1.0000 0.0013 0.0087 0.0577 0.3827 1.0000 1.0000 0.0003 0.0023 0.0152 0.1005 0.6682 1.0000 1.0000 0.0006 0.0041 0.0278 0.1886 1.0000 1.0000 1.0000 0.0013 0.0093 0.0657 0.4700 1.0000 1.0000 0.0005 0.0040 0.0298 0.2209 1.0000 1.0000 0.0003 0.0022 0.0162 0.1225 0.9267 1.0000 1.0000 0.0012 0.0095 0.0725 0.5556 1.0000 0.5556 0.0725 0.0095 0.0012 1.0000 1.0000 0.9267 0.1225 0.0162 0.0022 0.0003 1.0000 1.0000 0.2209 0.0298 0.0040 0.0005 1.0000 1.0000 0.4700 0.0657 0.0093 0.0013 1.0000 1.0000 1.0000 0.1886 0.0278 0.0041 0.0006 1.0000 1.0000 0.6682 0.1005 0.0152 0.0023 0.0003 1.0000 1.0000 0.3827 0.0577 0.0087 0.0013 1.0000 1.0000 1.0000 0.2196 0.0330 0.0050 0.0006
0.0047 0.0383 0.2509 1.0000 1.0000 0.0002 0.0015 0.0100 0.0660 0.4381 1.0000 1.0000 0.0004 0.0026 0.0173 0.1151 0.7633 1.0000 1.0000 0.0007 0.0046 0.0310 0.2079 1.0000 1.0000 0.0002 0.0014 0.0096 0.0667 0.4700 1.0000 1.0000 0.0005 0.0038 0.0278 0.2039 1.0000 1.0000 0.0003 0.0019 0.0144 0.1085 0.8174 1.0000 1.0000 0.0011 0.0083 0.0628 0.4809 1.0000 1.0000 1.0000 0.4809 0.0628 0.0083 0.0011 1.0000 1.0000 0.8174 0.1085 0.0144 0.0019 0.0003 1.0000 1.0000 0.2039 0.0278 0.0038 0.0005 1.0000 1.0000 0.4700 0.0667 0.0096 0.0014 0.0002 1.0000 1.0000 0.2079 0.0310 0.0046 0.0007 1.0000 1.0000 0.7633 0.1151 0.0173 0.0026 0.0004 1.0000 1.0000 0.4381 0.0660 0.0100 0.0015 0.0002 1.0000 1.0000 0.2509 0.0383 0.0047
0.0357 0.2905 1.0000 1.0000 0.0003 0.0017 0.0114 0.0756 0.5014 1.0000 1.0000 0.0005 0.0030 0.0198 0.1317 0.8737 1.0000 1.0000 0.0008 0.0052 0.0349 0.2334 1.0000 1.0000 0.0002 0.0015 0.0101 0.0698 0.4836 1.0000 1.0000 0.0005 0.0037 0.0266 0.1926 1.0000 1.0000 0.0002 0.0017 0.0129 0.0968 0.7265 1.0000 1.0000 0.0010 0.0072 0.0549 0.4169 1.0000 1.0000 0.0003 1.0000 1.0000 0.4169 0.0549 0.0072 0.0010 1.0000 1.0000 0.7265 0.0968 0.0129 0.0017 0.0002 1.0000 1.0000 0.1926 0.0266 0.0037 0.0005 1.0000 1.0000 0.4836 0.0698 0.0101 0.0015 0.0002 1.0000 1.0000 0.2334 0.0349 0.0052 0.0008 1.0000 1.0000 0.8737 0.1317 0.0198 0.0030 0.0005 1.0000 1.0000 0.5014 0.0756 0.0114 0.0017 0.0003 1.0000 1.0000 0.2905 0.0357
0.2713 1.0000 1.0000 0.0003 0.0020 0.0130 0.0865 0.5739 1.0000 1.0000 0.0005 0.0034 0.0227 0.1507 1.0000 1.0000 1.0000 0.0009 0.0060 0.0397 0.2641 1.0000 1.0000 0.0002 0.0016 0.0110 0.0750 0.5130 1.0000 1.0000 0.0005 0.0037 0.0262 0.1872 1.0000 1.0000 0.0002 0.0016 0.0118 0.0877 0.6531 1.0000 1.0000 0.0008 0.0064 0.0482 0.3650 1.0000 1.0000 0.0005 0.0017 0.0005 1.0000 1.0000 0.3650 0.0482 0.0064 0.0008 1.0000 1.0000 0.6531 0.0877 0.0118 0.0016 0.0002 1.0000 1.0000 0.1872 0.0262 0.0037 0.0005 1.0000 1.0000 0.5130 0.0750 0.0110 0.0016 0.0002 1.0000 1.0000 0.2641 0.0397 0.0060 0.0009 1.0000 1.0000 1.0000 0.1507 0.0227 0.0034 0.0005 1.0000 1.0000 0.5739 0.0865 0.0130 0.0020 0.0003 1.0000 1.0000 0.2713
1.0000 1.0000 0.0003 0.0022 0.0149 0.0990 0.6569 1.0000 1.0000 0.0006 0.0039 0.0260 0.1725 1.0000 1.0000 1.0000 0.0010 0.0068 0.0453 0.3006 1.0000 1.0000 0.0003 0.0018 0.0122 0.0823 0.5577 1.0000 1.0000 0.0005 0.0038 0.0266 0.1872 1.0000 1.0000 0.0002 0.0015 0.0111 0.0811 0.5973 1.0000 1.0000 0.0008 0.0057 0.0427 0.3219 1.0000 1.0000 0.0004 0.0033 0.0114 0.0033 0.0004 1.0000 1.0000 0.3219 0.0427 0.0057 0.0008 1.0000 1.0000 0.5973 0.0811 0.0111 0.0015 0.0002 1.0000 1.0000 0.1872 0.0266 0.0038 0.0005 1.0000 1.0000 0.5577 0.0823 0.0122 0.0018 0.0003 1.0000 1.0000 0.3006 0.0453 0.0068 0.0010 1.0000 1.0000 1.0000 0.1725 0.0260 0.0039 0.0006 1.0000 1.0000 0.6569 0.0990 0.0149 0.0022 0.0003 1.0000 1.0000
1.0000 0.0004 0.0026 0.0171 0.1133 0.7518 1.0000 1.0000 0.0007 0.0045 0.0298 0.1975 1.0000 1.0000 1.0000 0.0012 0.0078 0.0519 0.3441 1.0000 1.0000 0.0003 0.0021 0.0138 0.0921 0.6181 1.0000 1.0000 0.0006 0.0040 0.0278 0.1926 1.0000 1.0000 0.0002 0.0015 0.0106 0.0767 0.5588 1.0000 1.0000 0.0007 0.0051 0.0382 0.2867 1.0000 1.0000 0.0004 0.0029 0.0221 0.0754 0.0221 0.0029 0.0004 1.0000 1.0000 0.2867 0.0382 0.0051 0.0007 1.0000 1.0000 0.5588 0.0767 0.0106 0.0015 0.0002 1.0000 1.0000 0.1926 0.0278 0.0040 0.0006 1.0000 1.0000 0.6181 0.0921 0.0138 0.0021 0.0003 1.0000 1.0000 0.3441 0.0519 0.0078 0.0012 1.0000 1.0000 1.0000 0.1975 0.0298 0.0045 0.0007 1.0000 1.0000 0.7518 0.1133 0.0171 0.0026 0.0004 1.0000
0.0004 0.0030 0.0195 0.1297 0.8605 1.0000 1.0000 0.0008 0.0051 0.0341 0.2260 1.0000 1.0000 0.0002 0.0013 0.0089 0.0594 0.3938 1.0000 1.0000 0.0004 0.0023 0.0156 0.1040 0.6941 1.0000 1.0000 0.0006 0.0044 0.0298 0.2039 1.0000 1.0000 0.0002 0.0015 0.0104 0.0744 0.5359 1.0000 1.0000 0.0006 0.0047 0.0347 0.2582 1.0000 1.0000 0.0003 0.0025 0.0192 0.1468 0.5024 0.1468 0.0192 0.0025 0.0003 1.0000 1.0000 0.2582 0.0347 0.0047 0.0006 1.0000 1.0000 0.5359 0.0744 0.0104 0.0015 0.0002 1.0000 1.0000 0.2039 0.0298 0.0044 0.0006 1.0000 1.0000 0.6941 0.1040 0.0156 0.0023 0.0004 1.0000 1.0000 0.3938 0.0594 0.0089 0.0013 0.0002 1.0000 1.0000 0.2260 0.0341 0.0051 0.0008 1.0000 1.0000 0.8605 0.1297 0.0195 0.0030 0.0004
0.0028 0.0226 0.1482 0.9849 1.0000 1.0000 0.0009 0.0059 0.0390 0.2587 1.0000 1.0000 0.0002 0.0015 0.0102 0.0679 0.4507 1.0000 1.0000 0.0004 0.0027 0.0178 0.1184 0.7869 1.0000 1.0000 0.0007 0.0048 0.0327 0.2209 1.0000 1.0000 0.0002 0.0015 0.0106 0.0744 0.5288 1.0000 1.0000 0.0006 0.0044 0.0322 0.2370 1.0000 1.0000 0.0003 0.0022 0.0169 0.1282 0.9793 1.0000 0.9793 0.1282 0.0169 0.0022 0.0003 1.0000 1.0000 0.2370 0.0322 0.0044 0.0006 1.0000 1.0000 0.5288 0.0744 0.0106 0.0015 0.0002 1.0000 1.0000 0.2209 0.0327 0.0048 0.0007 1.0000 1.0000 0.7869 0.1184 0.0178 0.0027 0.0004 1.0000 1.0000 0.4507 0.0679 0.0102 0.0015 0.0002 1.0000 1.0000 0.2587 0.0390 0.0059 0.0009 1.0000 1.0000 0.9849 0.1482 0.0226 0.0028
0.0211 0.1719 1.0000 1.0000 1.0000 0.0010 0.0067 0.0446 0.2961 1.0000 1.0000 0.0003 0.0018 0.0117 0.0778 0.5159 1.0000 1.0000 0.0005 0.0031 0.0204 0.1355 0.8990 1.0000 1.0000 0.0008 0.0054 0.0365 0.2448 1.0000 1.0000 0.0002 0.0016 0.0111 0.0767 0.5359 1.0000 1.0000 0.0006 0.0042 0.0305 0.2226 1.0000 1.0000 0.0003 0.0020 0.0151 0.1135 0.8589 1.0000 1.0000 1.0000 0.8589 0.1135 0.0151 0.0020 0.0003 1.0000 1.0000 0.2226 0.0305 0.0042 0.0006 1.0000 1.0000 0.5359 0.0767 0.0111 0.0016 0.0002 1.0000 1.0000 0.2448 0.0365 0.0054 0.0008 1.0000 1.0000 0.8990 0.1355 0.0204 0.0031 0.0005 1.0000 1.0000 0.5159 0.0778 0.0117 0.0018 0.0003 1.0000 1.0000 0.2961 0.0446 0.0067 0.0010 1.0000 1.0000 1.0000 0.1719 0.0211
0.1602 1.0000 1.0000 1.0000 0.0012 0.0077 0.0511 0.3389 1.0000 1.0000 0.0003 0.0020 0.0134 0.0890 0.5905 1.0000 1.0000 0.0005 0.0035 0.0234 0.1551 1.0000 1.0000 1.0000 0.0009 0.0062 0.0411 0.2749 1.0000 1.0000 0.0003 0.0017 0.0118 0.0811 0.5588 1.0000 1.0000 0.0006 0.0042 0.0296 0.2135 1.0000 1.0000 0.0003 0.0019 0.0138 0.1023 0.7648 1.0000 1.0000 0.0005 1.0000 1.0000 0.7648 0.1023 0.0138 0.0019 0.0003 1.0000 1.0000 0.2135 0.0296 0.0042 0.0006 1.0000 1.0000 0.5588 0.0811 0.0118 0.0017 0.0003 1.0000 1.0000 0.2749 0.0411 0.0062 0.0009 1.0000 1.0000 1.0000 0.1551 0.0234 0.0035 0.0005 1.0000 1.0000 0.5905 0.0890 0.0134 0.0020 0.0003 1.0000 1.0000 0.3389 0.0511 0.0077 0.0012 1.0000 1.0000 1.0000 0.1602
1.0000 1.0000 0.0002 0.0013 0.0088 0.0585 0.3879 1.0000 1.0000 0.0003 0.0023 0.0154 0.1019 0.6759 1.0000 1.0000 0.0006 0.0040 0.0268 0.1775 1.0000 1.0000 1.0000 0.0011 0.0070 0.0467 0.3111 1.0000 1.0000 0.0003 0.0019 0.0129 0.0877 0.5973 1.0000 1.0000 0.0006 0.0042 0.0296 0.2106 1.0000 1.0000 0.0002 0.0017 0.0128 0.0939 0.6941 1.0000 1.0000 0.0009 0.0031 0.0009 1.0000 1.0000 0.6941 0.0939 0.0128 0.0017 0.0002 1.0000 1.0000 0.2106 0.0296 0.0042 0.0006 1.0000 1.0000 0.5973 0.0877 0.0129 0.0019 0.0003 1.0000 1.0000 0.3111 0.0467 0.0070 0.0011 1.0000 1.0000 1.0000 0.1775 0.0268 0.0040 0.0006 1.0000 1.0000 0.6759 0.1019 0.0154 0.0023 0.0003 1.0000 1.0000 0.3879 0.0585 0.0088 0.0013 0.0002 1.0000 1.0000
1.0000 0.0002 0.0015 0.0101 0.0669 0.4439 1.0000 1.0000 0.0004 0.0026 0.0176 0.1166 0.7736 1.0000 1.0000 0.0007 0.0046 0.0306 0.2032 1.0000 1.0000 1.0000 0.0012 0.0080 0.0534 0.3540 1.0000 1.0000 0.0003 0.0022 0.0144 0.0968 0.6531 1.0000 1.0000 0.0006 0.0044 0.0305 0.2135 1.0000 1.0000 0.0002 0.0017 0.0121 0.0882 0.6457 1.0000 1.0000 0.0008 0.0061 0.0209 0.0061 0.0008 1.0000 1.0000 0.6457 0.0882 0.0121 0.0017 0.0002 1.0000 1.0000 0.2135 0.0305 0.0044 0.0006 1.0000 1.0000 0.6531 0.0968 0.0144 0.0022 0.0003 1.0000 1.0000 0.3540 0.0534 0.0080 0.0012 1.0000 1.0000 1.0000 0.2032 0.0306 0.0046 0.0007 1.0000 1.0000 0.7736 0.1166 0.0176 0.0026 0.0004 1.0000 1.0000 0.4439 0.0669 0.0101 0.0015 0.0002 1.0000
0.0002 0.0018 0.0115 0.0766 0.5081 1.0000 1.0000 0.0005 0.0030 0.0201 0.1335 0.8854 1.0000 1.0000 0.0008 0.0053 0.0350 0.2325 1.0000 1.0000 0.0002 0.0014 0.0092 0.0611 0.4052 1.0000 1.0000 0.0004 0.0024 0.0162 0.1085 0.7265 1.0000 1.0000 0.0007 0.0047 0.0322 0.2226 1.0000 1.0000 0.0002 0.0017 0.0118 0.0849 0.6134 1.0000 1.0000 0.0007 0.0055 0.0414 0.1413 0.0414 0.0055 0.0007 1.0000 1.0000 0.6134 0.0849 0.0118 0.0017 0.0002 1.0000 1.0000 0.2226 0.0322 0.0047 0.0007 1.0000 1.0000 0.7265 0.1085 0.0162 0.0024 0.0004 1.0000 1.0000 0.4052 0.0611 0.0092 0.0014 0.0002 1.0000 1.0000 0.2325 0.0350 0.0053 0.0008 1.0000 1.0000 0.8854 0.1335 0.0201 0.0030 0.0005 1.0000 1.0000 0.5081 0.0766 0.0115 0.0018 0.0002
0.0016 0.0134 0.0875 0.5816 1.0000 1.0000 0.0005 0.0035 0.0230 0.1527 1.0000 1.0000 1.0000 0.0009 0.0060 0.0401 0.2662 1.0000 1.0000 0.0002 0.0016 0.0105 0.0699 0.4638 1.0000 1.0000 0.0004 0.0028 0.0184 0.1225 0.8174 1.0000 1.0000 0.0008 0.0051 0.0347 0.2370 1.0000 1.0000 0.0002 0.0017 0.0118 0.0837 0.5984 1.0000 1.0000 0.0007 0.0051 0.0377 0.2823 0.9590 0.2823 0.0377 0.0051 0.0007 1.0000 1.0000 0.5984 0.0837 0.0118 0.0017 0.0002 1.0000 1.0000 0.2370 0.0347 0.0051 0.0008 1.0000 1.0000 0.8174 0.1225 0.0184 0.0028 0.0004 1.0000 1.0000 0.4638 0.0699 0.0105 0.0016 0.0002 1.0000 1.0000 0.2662 0.0401 0.0060 0.0009 1.0000 1.0000 1.0000 0.1527 0.0230 0.0035 0.0005 1.0000 1.0000 0.5816 0.0875 0.0134 0.0016
0.0125 0.1013 0.6644 1.0000 1.0000 0.0006 0.0040 0.0264 0.1748 1.0000 1.0000 1.0000 0.0010 0.0069 0.0459 0.3046 1.0000 1.0000 0.0003 0.0018 0.0121 0.0800 0.5308 1.0000 1.0000 0.0005 0.0032 0.0210 0.1394 0.9267 1.0000 1.0000 0.0008 0.0057 0.0382 0.2582 1.0000 1.0000 0.0003 0.0017 0.0121 0.0849 0.5984 1.0000 1.0000 0.0007 0.0048 0.0352 0.2592 1.0000 1.0000 1.0000 0.2592 0.0352 0.0048 0.0007 1.0000 1.0000 0.5984 0.0849 0.0121 0.0017 0.0003 1.0000 1.0000 0.2582 0.0382 0.0057 0.0008 1.0000 1.0000 0.9267 0.1394 0.0210 0.0032 0.0005 1.0000 1.0000 0.5308 0.0800 0.0121 0.0018 0.0003 1.0000 1.0000 0.3046 0.0459 0.0069 0.0010 1.0000 1.0000 1.0000 0.1748 0.0264 0.0040 0.0006 1.0000 1.0000 0.6644 0.1013 0.0125
0.0946 0.7706 1.0000 1.0000 0.0007 0.0045 0.0302 0.2001 1.0000 1.0000 1.0000 0.0012 0.0079 0.0526 0.3487 1.0000 1.0000 0.0003 0.0021 0.0138 0.0916 0.6076 1.0000 1.0000 0.0005 0.0036 0.0241 0.1596 1.0000 1.0000 1.0000 0.0010 0.0064 0.0427 0.2867 1.0000 1.0000 0.0003 0.0019 0.0128 0.0882 0.6134 1.0000 1.0000 0.0007 0.0047 0.0338 0.2448 1.0000 1.0000 1.0000 1.0000 1.0000 0.2448 0.0338 0.0047 0.0007 1.0000 1.0000 0.6134 0.0882 0.0128 0.0019 0.0003 1.0000 1.0000 0.2867 0.0427 0.0064 0.0010 1.0000 1.0000 1.0000 0.1596 0.0241 0.0036 0.0005 1.0000 1.0000 0.6076 0.0916 0.0138 0.0021 0.0003 1.0000 1.0000 0.3487 0.0526 0.0079 0.0012 1.0000 1.0000 1.0000 0.2001 0.0302 0.0045 0.0007 1.0000 1.0000 0.7706 0.0946
0.7183 1.0000 1.0000 0.0008 0.0052 0.0345 0.2290 1.0000 1.0000 0.0002 0.0014 0.0091 0.0602 0.3991 1.0000 1.0000 0.0004 0.0024 0.0158 0.1048 0.6954 1.0000 1.0000 0.0006 0.0041 0.0275 0.1826 1.0000 1.0000 1.0000 0.0011 0.0072 0.0482 0.3219 1.0000 1.0000 0.0003 0.0020 0.0138 0.0939 0.6457 1.0000 1.0000 0.0007 0.0047 0.0334 0.2384 1.0000 1.0000 0.0003 0.0010 0.0003 1.0000 1.0000 0.2384 0.0334 0.0047 0.0007 1.0000 1.0000 0.6457 0.0939 0.0138 0.0020 0.0003 1.0000 1.0000 0.3219 0.0482 0.0072 0.0011 1.0000 1.0000 1.0000 0.1826 0.0275 0.0041 0.0006 1.0000 1.0000 0.6954 0.1048 0.0158 0.0024 0.0004 1.0000 1.0000 0.3991 0.0602 0.0091 0.0014 0.0002 1.0000 1.0000 0.2290 0.0345 0.0052 0.0008 1.0000 1.0000 0.7183
1.0000 1.0000 0.0009 0.0060 0.0395 0.2621 1.0000 1.0000 0.0002 0.0016 0.0104 0.0688 0.4568 1.0000 1.0000 0.0004 0.0027 0.0181 0.1200 0.7960 1.0000 1.0000 0.0007 0.0047 0.0315 0.2090 1.0000 1.0000 1.0000 0.0012 0.0083 0.0549 0.3650 1.0000 1.0000 0.0003 0.0022 0.0151 0.1023 0.6941 1.0000 1.0000 0.0007 0.0048 0.0338 0.2384 1.0000 1.0000 0.0003 0.0020 0.0066 0.0020 0.0003 1.0000 1.0000 0.2384 0.0338 0.0048 0.0007 1.0000 1.0000 0.6941 0.1023 0.0151 0.0022 0.0003 1.0000 1.0000 0.3650 0.0549 0.0083 0.0012 1.0000 1.0000 1.0000 0.2090 0.0315 0.0047 0.0007 1.0000 1.0000 0.7960 0.1200 0.0181 0.0027 0.0004 1.0000 1.0000 0.4568 0.0688 0.0104 0.0016 0.0002 1.0000 1.0000 0.2621 0.0395 0.0060 0.0009 1.0000 1.0000
1.0000 0.0010 0.0068 0.0452 0.3000 1.0000 1.0000 0.0003 0.0018 0.0119 0.0788 0.5228 1.0000 1.0000 0.0005 0.0031 0.0207 0.1373 0.9110 1.0000 1.0000 0.0008 0.0054 0.0361 0.2393 1.0000 1.0000 0.0002 0.0014 0.0095 0.0628 0.4169 1.0000 1.0000 0.0004 0.0025 0.0169 0.1135 0.7648 1.0000 1.0000 0.0007 0.0051 0.0352 0.2448 1.0000 1.0000 0.0003 0.0019 0.0138 0.0464 0.0138 0.0019 0.0003 1.0000 1.0000 0.2448 0.0352 0.0051 0.0007 1.0000 1.0000 0.7648 0.1135 0.0169 0.0025 0.0004 1.0000 1.0000 0.4169 0.0628 0.0095 0.0014 0.0002 1.0000 1.0000 0.2393 0.0361 0.0054 0.0008 1.0000 1.0000 0.9110 0.1373 0.0207 0.0031 0.0005 1.0000 1.0000 0.5228 0.0788 0.0119 0.0018 0.0003 1.0000 1.0000 0.3000 0.0452 0.0068 0.0010 1.0000
0.0010 0.0080 0.0522 0.3460 1.0000 1.0000 0.0003 0.0021 0.0137 0.0909 0.6030 1.0000 1.0000 0.0005 0.0036 0.0239 0.1584 1.0000 1.0000 1.0000 0.0009 0.0063 0.0416 0.2760 1.0000 1.0000 0.0002 0.0016 0.0109 0.0725 0.4809 1.0000 1.0000 0.0004 0.0029 0.0192 0.1282 0.8589 1.0000 1.0000 0.0008 0.0055 0.0377 0.2592 1.0000 1.0000 0.0003 0.0019 0.0135 0.0981 0.3293 0.0981 0.0135 0.0019 0.0003 1.0000 1.0000 0.2592 0.0377 0.0055 0.0008 1.0000 1.0000 0.8589 0.1282 0.0192 0.0029 0.0004 1.0000 1.0000 0.4809 0.0725 0.0109 0.0016 0.0002 1.0000 1.0000 0.2760 0.0416 0.0063 0.0009 1.0000 1.0000 1.0000 0.1584 0.0239 0.0036 0.0005 1.0000 1.0000 0.6030 0.0909 0.0137 0.0021 0.0003 1.0000 1.0000 0.3460 0.0522 0.0080 0.0010
0.0073 0.0608 0.3991 1.0000 1.0000 0.0004 0.0024 0.0158 0.1050 0.6967 1.0000 1.0000 0.0006 0.0042 0.0276 0.1830 1.0000 1.0000 1.0000 0.0011 0.0072 0.0481 0.3189 1.0000 1.0000 0.0003 0.0019 0.0126 0.0837 0.5556 1.0000 1.0000 0.0005 0.0033 0.0221 0.1468 0.9793 1.0000 1.0000 0.0009 0.0061 0.0414 0.2823 1.0000 1.0000 0.0003 0.0020 0.0138 0.0981 0.7088 1.0000 0.7088 0.0981 0.0138 0.0020 0.0003 1.0000 1.0000 0.2823 0.0414 0.0061 0.0009 1.0000 1.0000 0.9793 0.1468 0.0221 0.0033 0.0005 1.0000 1.0000 0.5556 0.0837 0.0126 0.0019 0.0003 1.0000 1.0000 0.3189 0.0481 0.0072 0.0011 1.0000 1.0000 1.0000 0.1830 0.0276 0.0042 0.0006 1.0000 1.0000 0.6967 0.1050 0.0158 0.0024 0.0004 1.0000 1.0000 0.3991 0.0608 0.0073
0.0269 0.2114 1.0000 1.0000 1.0000 0.0012 0.0082 0.0542 0.3595 1.0000 1.0000 0.0003 0.0021 0.0142 0.0944 0.6264 1.0000 1.0000 0.0006 0.0037 0.0248 0.1645 1.0000 1.0000 1.0000 0.0010 0.0065 0.0432 0.2867 1.0000 1.0000 0.0003 0.0017 0.0114 0.0754 0.5024 1.0000 1.0000 0.0005 0.0031 0.0209 0.1413 0.9590 1.0000 1.0000 0.0010 0.0066 0.0464 0.3293 1.0000 1.0000 1.0000 0.3293 0.0464 0.0066 0.0010 1.0000 1.0000 0.9590 0.1413 0.0209 0.0031 0.0005 1.0000 1.0000 0.5024 0.0754 0.0114 0.0017 0.0003 1.0000 1.0000 0.2867 0.0432 0.0065 0.0010 1.0000 1.0000 1.0000 0.1645 0.0248 0.0037 0.0006 1.0000 1.0000 0.6264 0.0944 0.0142 0.0021 0.0003 1.0000 1.0000 0.3595 0.0542 0.0082 0.0012 1.0000 1.0000 1.0000 0.2114 0.0269
0.0073 0.0608 0.3991 1.0000 1.0000 0.0004 0.0024 0.0158 0.1050 0.6967 1.0000 1.0000 0.0006 0.0042 0.0276 0.1830 1.0000 1.0000 1.0000 0.0011 0.0072 0.0481 0.3189 1.0000 1.0000 0.0003 0.0019 0.0126 0.0837 0.5556 1.0000 1.0000 0.0005 0.0033 0.0221 0.1468 0.9793 1.0000 1.0000 0.0009 0.0061 0.0414 0.2823 1.0000 1.0000 0.0003 0.0020 0.0138 0.0981 0.7088 1.0000 0.7088 0.0981 0.0138 0.0020 0.0003 1.0000 1.0000 0.2823 0.0414 0.0061 0.0009 1.0000 1.0000 0.9793 0.1468 0.0221 0.0033 0.0005 1.0000 1.0000 0.5556 0.0837 0.0126 0.0019 0.0003 1.0000 1.0000 0.3189 0.0481 0.0072 0.0011 1.0000 1.0000 1.0000 0.1830 0.0276 0.0042 0.0006 1.0000 1.0000 0.6967 0.1050 0.0158 0.0024 0.0004 1.0000 1.0000 0.3991 0.0608 0.0073
0.0010 0.0080 0.0522 0.3460 1.0000 1.0000 0.0003 0.0021 0.0137 0.0909 0.6030 1.0000 1.0000 0.0005 0.0036 0.0239 0.1584 1.0000 1.0000 1.0000 0.0009 0.0063 0.0416 0.2760 1.0000 1.0000 0.0002 0.0016 0.0109 0.0725 0.4809 1.0000 1.0000 0.0004 0.0029 0.0192 0.1282 0.8589 1.0000 1.0000 0.0008 0.0055 0.0377 0.2592 1.0000 1.0000 0.0003 0.0019 0.0135 0.0981 0.3293 0.0981 0.0135 0.0019 0.0003 1.0000 1.0000 0.2592 0.0377 0.0055 0.0008 1.0000 1.0000 0.8589 0.1282 0.0192 0.0029 0.0004 1.0000 1.0000 0.4809 0.0725 0.0109 0.0016 0.0002 1.0000 1.0000 0.2760 0.0416 0.0063 0.0009 1.0000 1.0000 1.0000 0.1584 0.0239 0.0036 0.0005 1.0000 1.0000 0.6030 0.0909 0.0137 0.0021 0.0003 1.0000 1.0000 0.3460 0.0522 0.0080 0.0010
1.0000 0.0010 0.0068 0.0452 0.3000 1.0000 1.0000 0.0003 0.0018 0.0119 0.0788 0.5228 1.0000 1.0000 0.0005 0.0031 0.0207 0.1373 0.9110 1.0000 1.0000 0.0008 0.0054 0.0361 0.2393 1.0000 1.0000 0.0002 0.0014 0.0095 0.0628 0.4169 1.0000 1.0000 0.0004 0.0025 0.0169 0.1135 0.7648 1.0000 1.0000 0.0007 0.0051 0.0352 0.2448 1.0000 1.0000 0.0003 0.0019 0.0138 0.0464 0.0138 0.0019 0.0003 1.0000 1.0000 0.2448 0.0352 0.0051 0.0007 1.0000 1.0000 0.7648 0.1135 0.0169 0.0025 0.0004 1.0000 1.0000 0.4169 0.0628 0.0095 0.0014 0.0002 1.0000 1.0000 0.2393 0.0361 0.0054 0.0008 1.0000 1.0000 0.9110 0.1373 0.0207 0.0031 0.0005 1.0000 1.0000 0.5228 0.0788 0.0119 0.0018 0.0003 1.0000 1.0000 0.3000 0.0452 0.0068 0.0010 1.0000
1.0000 1.0000 0.0009 0.0060 0.0395 0.2621 1.0000 1.0000 0.0002 0.0016 0.0104 0.0688 0.4568 1.0000 1.0000 0.0004 0.0027 0.0181 0.1200 0.7960 1.0000 1.0000 0.0007 0.0047 0.0315 0.2090 1.0000 1.0000 1.0000 0.0012 0.0083 0.0549 0.3650 1.0000 1.0000 0.0003 0.0022 0.0151 0.1023 0.6941 1.0000 1.0000 0.0007 0.0048 0.0338 0.2384 1.0000 1.0000 0.0003 0.0020 0.0066 0.0020 0.0003 1.0000 1.0000 0.2384 0.0338 0.0048 0.0007 1.0000 1.0000 0.6941 0.1023 0.0151 0.0022 0.0003 1.0000 1.0000 0.3650 0.0549 0.0083 0.0012 1.0000 1.0000 1.0000 0.2090 0.0315 0.0047 0.0007 1.0000 1.0000 0.7960 0.1200 0.0181 0.0027 0.0004 1.0000 1.0000 0.4568 0.0688 0.0104 0.0016 0.0002 1.0000 1.0000 0.2621 0.0395 0.0060 0.0009 1.0000 1.0000
0.7183 1.0000 1.0000 0.0008 0.0052 0.0345 0.2290 1.0000 1.0000 0.0002 0.0014 0.0091 0.0602 0.3991 1.0000 1.0000 0.0004 0.0024 0.0158 0.1048 0.6954 1.0000 1.0000 0.0006 0.0041 0.0275 0.1826 1.0000 1.0000 1.0000 0.0011 0.0072 0.0482 0.3219 1.0000 1.0000 0.0003 0.0020 0.0138 0.0939 0.6457 1.0000 1.0000 0.0007 0.0047 0.0334 0.2384 1.0000 1.0000 0.0003 0.0010 0.0003 1.0000 1.0000 0.2384 0.0334 0.0047 0.0007 1.0000 1.0000 0.6457 0.0939 0.0138 0.0020 0.0003 1.0000 1.0000 0.3219 0.0482 0.0072 0.0011 1.0000 1.0000 1.0000 0.1826 0.0275 0.0041 0.0006 1.0000 1.0000 0.6954 0.1048 0.0158 0.0024 0.0004 1.0000 1.0000 0.3991 0.0602 0.0091 0.0014 0.0002 1.0000 1.0000 0.2290 0.0345 0.0052 0.0008 1.0000 1.0000 0.7183
