-0.2479 -0.1235 0.1124 0.1938 -0.1826 -0.2686 -0.2874 -0.2175 0.0728 0.2295 -0.1395 -0.2557 -0.2888 -0.2622 0.0292 0.2039 -0.0766 -0.2410 -0.2852 -0.2735 -0.0347 0.1529 0.0602 -0.2164 -0.2776 -0.2823 -0.1375 0.1062 0.2065 -0.1766 -0.2668 -0.2880 -0.2276 0.0667 0.2277 -0.1319 -0.2536 -0.2885 -0.2652 0.0214 0.1984 -0.0627 -0.2386 -0.2843 -0.2748 -0.0478 0.1446 0.0888 -0.2106 -0.2788 -0.3050 -0.2788 -0.2106 0.0888 0.1446 -0.0478 -0.2748 -0.2843 -0.2386 -0.0627 0.1984 0.0214 -0.2652 -0.2885 -0.2536 -0.1319 0.2277 0.0667 -0.2276 -0.2880 -0.2668 -0.1766 0.2065 0.1062 -0.1375 -0.2823 -0.2776 -0.2164 0.0602 0.1529 -0.0347 -0.2735 -0.2852 -0.2410 -0.0766 0.2039 0.0292 -0.2622 -0.2888 -0.2557 -0.1395 0.2295 0.0728 -0.2175 -0.2874 -0.2686 -0.1826 0.1938 0.1124 -0.1235 -0.2479
-0.1235 0.1165 0.2240 -0.2043 -0.3200 -0.3277 -0.2263 0.0754 0.2374 -0.1439 -0.3088 -0.3332 -0.2844 0.0355 0.2030 -0.0597 -0.2957 -0.3326 -0.3039 -0.0249 0.1454 0.1176 -0.2547 -0.3273 -0.3189 -0.1321 0.1049 0.2352 -0.1941 -0.3184 -0.3292 -0.2392 0.0699 0.2335 -0.1337 -0.3069 -0.3334 -0.2888 0.0282 0.1969 -0.0404 -0.2935 -0.3321 -0.3063 -0.0377 0.1381 0.1463 -0.2449 -0.3262 -0.3356 -0.2974 -0.3356 -0.3262 -0.2449 0.1463 0.1381 -0.0377 -0.3063 -0.3321 -0.2935 -0.0404 0.1969 0.0282 -0.2888 -0.3334 -0.3069 -0.1337 0.2335 0.0699 -0.2392 -0.3292 -0.3184 -0.1941 0.2352 0.1049 -0.1321 -0.3189 -0.3273 -0.2547 0.1176 0.1454 -0.0249 -0.3039 -0.3326 -0.2957 -0.0597 0.2030 0.0355 -0.2844 -0.3332 -0.3088 -0.1439 0.2374 0.0754 -0.2263 -0.3277 -0.3200 -0.2043 0.2240 0.1165 -0.1235
0.1124 0.2240 -0.1987 -0.3179 -0.3285 -0.2451 0.0653 0.2308 -0.1269 -0.3053 -0.3332 -0.2911 0.0215 0.1907 -0.0252 -0.2917 -0.3313 -0.3076 -0.0490 0.1324 0.1644 -0.2382 -0.3250 -0.3217 -0.1652 0.0945 0.2419 -0.1794 -0.3154 -0.3305 -0.2573 0.0589 0.2255 -0.1152 -0.3033 -0.3332 -0.2941 0.0133 0.1819 -0.0007 -0.2896 -0.3306 -0.3100 -0.0641 0.1259 0.1865 -0.2288 -0.3237 -0.3230 -0.1766 0.0303 -0.1766 -0.3230 -0.3237 -0.2288 0.1865 0.1259 -0.0641 -0.3100 -0.3306 -0.2896 -0.0007 0.1819 0.0133 -0.2941 -0.3332 -0.3033 -0.1152 0.2255 0.0589 -0.2573 -0.3305 -0.3154 -0.1794 0.2419 0.0945 -0.1652 -0.3217 -0.3250 -0.2382 0.1644 0.1324 -0.0490 -0.3076 -0.3313 -0.2917 -0.0252 0.1907 0.0215 -0.2911 -0.3332 -0.3053 -0.1269 0.2308 0.0653 -0.2451 -0.3285 -0.3179 -0.1987 0.2240 0.1124
0.1938 -0.2043 -0.3179 -0.3289 -0.2547 0.0584 0.2237 -0.1097 -0.3022 -0.3331 -0.2958 0.0075 0.1744 0.0182 -0.2851 -0.3301 -0.3116 -0.0751 0.1217 0.1993 -0.2225 -0.3228 -0.3245 -0.1943 0.0857 0.2426 -0.1644 -0.3125 -0.3318 -0.2710 0.0488 0.2162 -0.0941 -0.3000 -0.3330 -0.2983 -0.0020 0.1641 0.0481 -0.2783 -0.3292 -0.3139 -0.0924 0.1158 0.2144 -0.2135 -0.3214 -0.3259 -0.2084 0.0787 0.1636 0.0787 -0.2084 -0.3259 -0.3214 -0.2135 0.2144 0.1158 -0.0924 -0.3139 -0.3292 -0.2783 0.0481 0.1641 -0.0020 -0.2983 -0.3330 -0.3000 -0.0941 0.2162 0.0488 -0.2710 -0.3318 -0.3125 -0.1644 0.2426 0.0857 -0.1943 -0.3245 -0.3228 -0.2225 0.1993 0.1217 -0.0751 -0.3116 -0.3301 -0.2851 0.0182 0.1744 0.0075 -0.2958 -0.3331 -0.3022 -0.1097 0.2237 0.0584 -0.2547 -0.3289 -0.3179 -0.2043 0.1938
-0.1826 -0.3200 -0.3285 -0.2547 0.0556 0.2191 -0.0952 -0.2995 -0.3327 -0.2994 -0.0081 0.1581 0.0692 -0.2711 -0.3286 -0.3154 -0.1049 0.1119 0.2227 -0.2074 -0.3204 -0.3270 -0.2200 0.0768 0.2391 -0.1488 -0.3095 -0.3326 -0.2815 0.0378 0.2062 -0.0686 -0.2965 -0.3325 -0.3022 -0.0201 0.1489 0.1017 -0.2603 -0.3276 -0.3175 -0.1236 0.1064 0.2318 -0.1987 -0.3189 -0.3282 -0.2332 0.0717 0.2259 0.0810 0.2259 0.0717 -0.2332 -0.3282 -0.3189 -0.1987 0.2318 0.1064 -0.1236 -0.3175 -0.3276 -0.2603 0.1017 0.1489 -0.0201 -0.3022 -0.3325 -0.2965 -0.0686 0.2062 0.0378 -0.2815 -0.3326 -0.3095 -0.1488 0.2391 0.0768 -0.2200 -0.3270 -0.3204 -0.2074 0.2227 0.1119 -0.1049 -0.3154 -0.3286 -0.2711 0.0692 0.1581 -0.0081 -0.2994 -0.3327 -0.2995 -0.0952 0.2191 0.0556 -0.2547 -0.3285 -0.3200 -0.1826
-0.2686 -0.3277 -0.2451 0.0584 0.2191 -0.0892 -0.2979 -0.3323 -0.3022 -0.0239 0.1453 0.1186 -0.2540 -0.3268 -0.3188 -0.1367 0.1027 0.2362 -0.1927 -0.3179 -0.3290 -0.2415 0.0676 0.2328 -0.1320 -0.3063 -0.3331 -0.2892 0.0257 0.1955 -0.0369 -0.2929 -0.3316 -0.3063 -0.0415 0.1360 0.1510 -0.2433 -0.3257 -0.3208 -0.1554 0.0974 0.2405 -0.1840 -0.3163 -0.3300 -0.2522 0.0620 0.2284 -0.1147 -0.2673 -0.1147 0.2284 0.0620 -0.2522 -0.3300 -0.3163 -0.1840 0.2405 0.0974 -0.1554 -0.3208 -0.3257 -0.2433 0.1510 0.1360 -0.0415 -0.3063 -0.3316 -0.2929 -0.0369 0.1955 0.0257 -0.2892 -0.3331 -0.3063 -0.1320 0.2328 0.0676 -0.2415 -0.3290 -0.3179 -0.1927 0.2362 0.1027 -0.1367 -0.3188 -0.3268 -0.2540 0.1186 0.1453 -0.0239 -0.3022 -0.3323 -0.2979 -0.0892 0.2191 0.0584 -0.2451 -0.3277 -0.2686
-0.2874 -0.2263 0.0653 0.2237 -0.0952 -0.2979 -0.3320 -0.3038 -0.0365 0.1364 0.1566 -0.2396 -0.3250 -0.3217 -0.1673 0.0938 0.2421 -0.1779 -0.3151 -0.3306 -0.2587 0.0580 0.2246 -0.1133 -0.3030 -0.3332 -0.2945 0.0120 0.1802 0.0037 -0.2888 -0.3305 -0.3104 -0.0666 0.1249 0.1897 -0.2273 -0.3235 -0.3237 -0.1856 0.0885 0.2429 -0.1691 -0.3134 -0.3314 -0.2671 0.0520 0.2192 -0.1017 -0.3019 -0.3329 -0.3019 -0.1017 0.2192 0.0520 -0.2671 -0.3314 -0.3134 -0.1691 0.2429 0.0885 -0.1856 -0.3237 -0.3235 -0.2273 0.1897 0.1249 -0.0666 -0.3104 -0.3305 -0.2888 0.0037 0.1802 0.0120 -0.2945 -0.3332 -0.3030 -0.1133 0.2246 0.0580 -0.2587 -0.3306 -0.3151 -0.1779 0.2421 0.0938 -0.1673 -0.3217 -0.3250 -0.2396 0.1566 0.1364 -0.0365 -0.3038 -0.3320 -0.2979 -0.0952 0.2237 0.0653 -0.2263 -0.2874
-0.2175 0.0754 0.2308 -0.1097 -0.2995 -0.3323 -0.3038 -0.0413 0.1318 0.1788 -0.2287 -0.3233 -0.3240 -0.1934 0.0856 0.2425 -0.1632 -0.3122 -0.3318 -0.2722 0.0478 0.2152 -0.0918 -0.2996 -0.3330 -0.2986 -0.0037 0.1624 0.0533 -0.2768 -0.3291 -0.3142 -0.0954 0.1149 0.2166 -0.2121 -0.3212 -0.3263 -0.2125 0.0796 0.2406 -0.1537 -0.3104 -0.3324 -0.2786 0.0413 0.2094 -0.0772 -0.2977 -0.3413 -0.3518 -0.3413 -0.2977 -0.0772 0.2094 0.0413 -0.2786 -0.3324 -0.3104 -0.1537 0.2406 0.0796 -0.2125 -0.3263 -0.3212 -0.2121 0.2166 0.1149 -0.0954 -0.3142 -0.3291 -0.2768 0.0533 0.1624 -0.0037 -0.2986 -0.3330 -0.2996 -0.0918 0.2152 0.0478 -0.2722 -0.3318 -0.3122 -0.1632 0.2425 0.0856 -0.1934 -0.3240 -0.3233 -0.2287 0.1788 0.1318 -0.0413 -0.3038 -0.3323 -0.2995 -0.1097 0.2308 0.0754 -0.2175
0.0728 0.2374 -0.1269 -0.3022 -0.3327 -0.3022 -0.0365 0.1318 0.1858 -0.2228 -0.3220 -0.3255 -0.2131 0.0783 0.2395 -0.1489 -0.3093 -0.3326 -0.2823 0.0368 0.2052 -0.0658 -0.2961 -0.3324 -0.3026 -0.0220 0.1475 0.1069 -0.2585 -0.3274 -0.3178 -0.1268 0.1055 0.2330 -0.1972 -0.3187 -0.3284 -0.2353 0.0705 0.2350 -0.1374 -0.3073 -0.3330 -0.2871 0.0296 0.1991 -0.0475 -0.2940 -0.3318 -0.3178 -0.2104 -0.3178 -0.3318 -0.2940 -0.0475 0.1991 0.0296 -0.2871 -0.3330 -0.3073 -0.1374 0.2350 0.0705 -0.2353 -0.3284 -0.3187 -0.1972 0.2330 0.1055 -0.1268 -0.3178 -0.3274 -0.2585 0.1069 0.1475 -0.0220 -0.3026 -0.3324 -0.2961 -0.0658 0.2052 0.0368 -0.2823 -0.3326 -0.3093 -0.1489 0.2395 0.0783 -0.2131 -0.3255 -0.3220 -0.2228 0.1858 0.1318 -0.0365 -0.3022 -0.3327 -0.3022 -0.1269 0.2374 0.0728
0.2295 -0.1439 -0.3053 -0.3331 -0.2994 -0.0239 0.1364 0.1788 -0.2228 -0.3215 -0.3263 -0.2254 0.0725 0.2353 -0.1355 -0.3066 -0.3330 -0.2893 0.0250 0.1944 -0.0335 -0.2925 -0.3315 -0.3067 -0.0438 0.1349 0.1553 -0.2417 -0.3255 -0.3211 -0.1585 0.0965 0.2410 -0.1825 -0.3160 -0.3302 -0.2538 0.0610 0.2273 -0.1194 -0.3040 -0.3332 -0.2931 0.0165 0.1850 -0.0099 -0.2904 -0.3308 -0.3087 -0.0540 0.0681 -0.0540 -0.3087 -0.3308 -0.2904 -0.0099 0.1850 0.0165 -0.2931 -0.3332 -0.3040 -0.1194 0.2273 0.0610 -0.2538 -0.3302 -0.3160 -0.1825 0.2410 0.0965 -0.1585 -0.3211 -0.3255 -0.2417 0.1553 0.1349 -0.0438 -0.3067 -0.3315 -0.2925 -0.0335 0.1944 0.0250 -0.2893 -0.3330 -0.3066 -0.1355 0.2353 0.0725 -0.2254 -0.3263 -0.3215 -0.2228 0.1788 0.1364 -0.0239 -0.2994 -0.3331 -0.3053 -0.1439 0.2295
-0.1395 -0.3088 -0.3332 -0.2958 -0.0081 0.1453 0.1566 -0.2287 -0.3220 -0.3263 -0.2295 0.0692 0.2317 -0.1246 -0.3043 -0.3331 -0.2939 0.0127 0.1801 0.0059 -0.2880 -0.3303 -0.3107 -0.0693 0.1239 0.1929 -0.2258 -0.3233 -0.3240 -0.1884 0.0876 0.2428 -0.1676 -0.3131 -0.3315 -0.2684 0.0510 0.2182 -0.0988 -0.3007 -0.3331 -0.2974 0.0015 0.1676 0.0372 -0.2807 -0.3295 -0.3129 -0.0844 0.1124 0.2101 0.1124 -0.0844 -0.3129 -0.3295 -0.2807 0.0372 0.1676 0.0015 -0.2974 -0.3331 -0.3007 -0.0988 0.2182 0.0510 -0.2684 -0.3315 -0.3131 -0.1676 0.2428 0.0876 -0.1884 -0.3240 -0.3233 -0.2258 0.1929 0.1239 -0.0693 -0.3107 -0.3303 -0.2880 0.0059 0.1801 0.0127 -0.2939 -0.3331 -0.3043 -0.1246 0.2317 0.0692 -0.2295 -0.3263 -0.3220 -0.2287 0.1566 0.1453 -0.0081 -0.2958 -0.3332 -0.3088 -0.1395
-0.2557 -0.3332 -0.2911 0.0075 0.1581 0.1186 -0.2396 -0.3233 -0.3255 -0.2254 0.0692 0.2302 -0.1182 -0.3027 -0.3330 -0.2968 0.0007 0.1651 0.0497 -0.2769 -0.3290 -0.3144 -0.0980 0.1140 0.2186 -0.2106 -0.3210 -0.3265 -0.2149 0.0787 0.2401 -0.1522 -0.3101 -0.3325 -0.2796 0.0402 0.2084 -0.0745 -0.2972 -0.3326 -0.3014 -0.0160 0.1519 0.0904 -0.2640 -0.3279 -0.3167 -0.1168 0.1083 0.2351 -0.0912 0.2351 0.1083 -0.1168 -0.3167 -0.3279 -0.2640 0.0904 0.1519 -0.0160 -0.3014 -0.3326 -0.2972 -0.0745 0.2084 0.0402 -0.2796 -0.3325 -0.3101 -0.1522 0.2401 0.0787 -0.2149 -0.3265 -0.3210 -0.2106 0.2186 0.1140 -0.0980 -0.3144 -0.3290 -0.2769 0.0497 0.1651 0.0007 -0.2968 -0.3330 -0.3027 -0.1182 0.2302 0.0692 -0.2254 -0.3255 -0.3233 -0.2396 0.1186 0.1581 0.0075 -0.2911 -0.3332 -0.2557
-0.2888 -0.2844 0.0215 0.1744 0.0692 -0.2540 -0.3250 -0.3240 -0.2131 0.0725 0.2317 -0.1182 -0.3021 -0.3329 -0.2985 -0.0092 0.1543 0.0905 -0.2618 -0.3275 -0.3176 -0.1278 0.1050 0.2339 -0.1959 -0.3184 -0.3286 -0.2373 0.0696 0.2343 -0.1357 -0.3070 -0.3330 -0.2878 0.0284 0.1980 -0.0442 -0.2936 -0.3318 -0.3055 -0.0366 0.1386 0.1413 -0.2468 -0.3261 -0.3201 -0.1488 0.0993 0.2390 -0.1831 -0.2963 -0.1831 0.2390 0.0993 -0.1488 -0.3201 -0.3261 -0.2468 0.1413 0.1386 -0.0366 -0.3055 -0.3318 -0.2936 -0.0442 0.1980 0.0284 -0.2878 -0.3330 -0.3070 -0.1357 0.2343 0.0696 -0.2373 -0.3286 -0.3184 -0.1959 0.2339 0.1050 -0.1278 -0.3176 -0.3275 -0.2618 0.0905 0.1543 -0.0092 -0.2985 -0.3329 -0.3021 -0.1182 0.2317 0.0725 -0.2131 -0.3240 -0.3250 -0.2540 0.0692 0.1744 0.0215 -0.2844 -0.2888
-0.2622 0.0355 0.1907 0.0182 -0.2711 -0.3268 -0.3217 -0.1934 0.0783 0.2353 -0.1246 -0.3027 -0.3329 -0.2991 -0.0150 0.1478 0.1206 -0.2502 -0.3261 -0.3203 -0.1552 0.0969 0.2411 -0.1818 -0.3158 -0.3303 -0.2554 0.0601 0.2265 -0.1175 -0.3037 -0.3332 -0.2936 0.0151 0.1835 -0.0057 -0.2900 -0.3308 -0.3095 -0.0610 0.1272 0.1825 -0.2306 -0.3240 -0.3231 -0.1795 0.0903 0.2428 -0.1727 -0.3166 -0.3442 -0.3166 -0.1727 0.2428 0.0903 -0.1795 -0.3231 -0.3240 -0.2306 0.1825 0.1272 -0.0610 -0.3095 -0.3308 -0.2900 -0.0057 0.1835 0.0151 -0.2936 -0.3332 -0.3037 -0.1175 0.2265 0.0601 -0.2554 -0.3303 -0.3158 -0.1818 0.2411 0.0969 -0.1552 -0.3203 -0.3261 -0.2502 0.1206 0.1478 -0.0150 -0.2991 -0.3329 -0.3027 -0.1246 0.2353 0.0783 -0.1934 -0.3217 -0.3268 -0.2711 0.0182 0.1907 0.0355 -0.2622
0.0292 0.2030 -0.0252 -0.2851 -0.3286 -0.3188 -0.1673 0.0856 0.2395 -0.1355 -0.3043 -0.3330 -0.2985 -0.0150 0.1456 0.1356 -0.2428 -0.3249 -0.3222 -0.1777 0.0897 0.2429 -0.1686 -0.3131 -0.3315 -0.2693 0.0501 0.2174 -0.0966 -0.3003 -0.3331 -0.2978 -0.0002 0.1659 0.0422 -0.2796 -0.3294 -0.3134 -0.0891 0.1169 0.2118 -0.2152 -0.3217 -0.3258 -0.2072 0.0815 0.2414 -0.1571 -0.3112 -0.3440 -0.3411 -0.3440 -0.3112 -0.1571 0.2414 0.0815 -0.2072 -0.3258 -0.3217 -0.2152 0.2118 0.1169 -0.0891 -0.3134 -0.3294 -0.2796 0.0422 0.1659 -0.0002 -0.2978 -0.3331 -0.3003 -0.0966 0.2174 0.0501 -0.2693 -0.3315 -0.3131 -0.1686 0.2429 0.0897 -0.1777 -0.3222 -0.3249 -0.2428 0.1356 0.1456 -0.0150 -0.2985 -0.3330 -0.3043 -0.1355 0.2395 0.0856 -0.1673 -0.3188 -0.3286 -0.2851 -0.0252 0.2030 0.0292
0.2039 -0.0597 -0.2917 -0.3301 -0.3154 -0.1367 0.0938 0.2425 -0.1489 -0.3066 -0.3331 -0.2968 -0.0092 0.1478 0.1356 -0.2403 -0.3243 -0.3234 -0.1936 0.0839 0.2417 -0.1565 -0.3106 -0.3323 -0.2795 0.0399 0.2078 -0.0723 -0.2969 -0.3326 -0.3018 -0.0179 0.1505 0.0957 -0.2623 -0.3278 -0.3171 -0.1200 0.1074 0.2303 -0.2003 -0.3192 -0.3280 -0.2308 0.0724 0.2364 -0.1409 -0.3079 -0.3326 -0.2874 -0.0754 -0.2874 -0.3326 -0.3079 -0.1409 0.2364 0.0724 -0.2308 -0.3280 -0.3192 -0.2003 0.2303 0.1074 -0.1200 -0.3171 -0.3278 -0.2623 0.0957 0.1505 -0.0179 -0.3018 -0.3326 -0.2969 -0.0723 0.2078 0.0399 -0.2795 -0.3323 -0.3106 -0.1565 0.2417 0.0839 -0.1936 -0.3234 -0.3243 -0.2403 0.1356 0.1478 -0.0092 -0.2968 -0.3331 -0.3066 -0.1489 0.2425 0.0938 -0.1367 -0.3154 -0.3301 -0.2917 -0.0597 0.2039
-0.0766 -0.2957 -0.3313 -0.3116 -0.1049 0.1027 0.2421 -0.1632 -0.3093 -0.3330 -0.2939 0.0007 0.1543 0.1206 -0.2428 -0.3243 -0.3238 -0.2015 0.0802 0.2395 -0.1462 -0.3083 -0.3328 -0.2866 0.0294 0.1983 -0.0437 -0.2935 -0.3318 -0.3058 -0.0389 0.1374 0.1459 -0.2451 -0.3259 -0.3204 -0.1519 0.0984 0.2399 -0.1856 -0.3166 -0.3298 -0.2502 0.0631 0.2291 -0.1233 -0.3047 -0.3331 -0.2916 0.0205 0.1030 0.0205 -0.2916 -0.3331 -0.3047 -0.1233 0.2291 0.0631 -0.2502 -0.3298 -0.3166 -0.1856 0.2399 0.0984 -0.1519 -0.3204 -0.3259 -0.2451 0.1459 0.1374 -0.0389 -0.3058 -0.3318 -0.2935 -0.0437 0.1983 0.0294 -0.2866 -0.3328 -0.3083 -0.1462 0.2395 0.0802 -0.2015 -0.3238 -0.3243 -0.2428 0.1206 0.1543 0.0007 -0.2939 -0.3330 -0.3093 -0.1632 0.2421 0.1027 -0.1049 -0.3116 -0.3313 -0.2957 -0.0766
-0.2410 -0.3326 -0.3076 -0.0751 0.1119 0.2362 -0.1779 -0.3122 -0.3326 -0.2893 0.0127 0.1651 0.0905 -0.2502 -0.3249 -0.3234 -0.2015 0.0789 0.2381 -0.1394 -0.3067 -0.3330 -0.2912 0.0194 0.1870 -0.0104 -0.2902 -0.3307 -0.3097 -0.0631 0.1262 0.1859 -0.2291 -0.3238 -0.3234 -0.1824 0.0895 0.2429 -0.1708 -0.3137 -0.3313 -0.2656 0.0532 0.2202 -0.1034 -0.3014 -0.3331 -0.2966 0.0056 0.1549 0.2323 0.1549 0.0056 -0.2966 -0.3331 -0.3014 -0.1034 0.2202 0.0532 -0.2656 -0.3313 -0.3137 -0.1708 0.2429 0.0895 -0.1824 -0.3234 -0.3238 -0.2291 0.1859 0.1262 -0.0631 -0.3097 -0.3307 -0.2902 -0.0104 0.1870 0.0194 -0.2912 -0.3330 -0.3067 -0.1394 0.2381 0.0789 -0.2015 -0.3234 -0.3249 -0.2502 0.0905 0.1651 0.0127 -0.2893 -0.3326 -0.3122 -0.1779 0.2362 0.1119 -0.0751 -0.3076 -0.3326 -0.2410
-0.2852 -0.3039 -0.0490 0.1217 0.2227 -0.1927 -0.3151 -0.3318 -0.2823 0.0250 0.1801 0.0497 -0.2618 -0.3261 -0.3222 -0.1936 0.0802 0.2381 -0.1371 -0.3058 -0.3330 -0.2938 0.0106 0.1748 0.0249 -0.2830 -0.3295 -0.3131 -0.0891 0.1165 0.2135 -0.2139 -0.3215 -0.3260 -0.2097 0.0806 0.2410 -0.1555 -0.3108 -0.3323 -0.2775 0.0426 0.2105 -0.0800 -0.2980 -0.3327 -0.3005 -0.0121 0.1542 0.1006 -0.1845 0.1006 0.1542 -0.0121 -0.3005 -0.3327 -0.2980 -0.0800 0.2105 0.0426 -0.2775 -0.3323 -0.3108 -0.1555 0.2410 0.0806 -0.2097 -0.3260 -0.3215 -0.2139 0.2135 0.1165 -0.0891 -0.3131 -0.3295 -0.2830 0.0249 0.1748 0.0106 -0.2938 -0.3330 -0.3058 -0.1371 0.2381 0.0802 -0.1936 -0.3222 -0.3261 -0.2618 0.0497 0.1801 0.0250 -0.2823 -0.3318 -0.3151 -0.1927 0.2227 0.1217 -0.0490 -0.3039 -0.2852
-0.2735 -0.0249 0.1324 0.1993 -0.2074 -0.3179 -0.3306 -0.2722 0.0368 0.1944 0.0059 -0.2769 -0.3275 -0.3203 -0.1777 0.0839 0.2395 -0.1394 -0.3058 -0.3330 -0.2950 0.0046 0.1659 0.0563 -0.2719 -0.3283 -0.3161 -0.1154 0.1080 0.2302 -0.1998 -0.3190 -0.3281 -0.2328 0.0715 0.2358 -0.1393 -0.3077 -0.3329 -0.2863 0.0310 0.2002 -0.0512 -0.2944 -0.3320 -0.3046 -0.0320 0.1413 0.1295 -0.2470 -0.3126 -0.2470 0.1295 0.1413 -0.0320 -0.3046 -0.3320 -0.2944 -0.0512 0.2002 0.0310 -0.2863 -0.3329 -0.3077 -0.1393 0.2358 0.0715 -0.2328 -0.3281 -0.3190 -0.1998 0.2302 0.1080 -0.1154 -0.3161 -0.3283 -0.2719 0.0563 0.1659 0.0046 -0.2950 -0.3330 -0.3058 -0.1394 0.2395 0.0839 -0.1777 -0.3203 -0.3275 -0.2769 0.0059 0.1944 0.0368 -0.2722 -0.3306 -0.3179 -0.2074 0.1993 0.1324 -0.0249 -0.2735
-0.0347 0.1454 0.1644 -0.2225 -0.3204 -0.3290 -0.2587 0.0478 0.2052 -0.0335 -0.2880 -0.3290 -0.3176 -0.1552 0.0897 0.2417 -0.1462 -0.3067 -0.3330 -0.2950 0.0025 0.1615 0.0772 -0.2628 -0.3273 -0.3184 -0.1396 0.1006 0.2389 -0.1867 -0.3166 -0.3298 -0.2512 0.0623 0.2283 -0.1215 -0.3044 -0.3332 -0.2925 0.0180 0.1866 -0.0147 -0.2908 -0.3310 -0.3087 -0.0555 0.1295 0.1746 -0.2343 -0.3292 -0.3516 -0.3292 -0.2343 0.1746 0.1295 -0.0555 -0.3087 -0.3310 -0.2908 -0.0147 0.1866 0.0180 -0.2925 -0.3332 -0.3044 -0.1215 0.2283 0.0623 -0.2512 -0.3298 -0.3166 -0.1867 0.2389 0.1006 -0.1396 -0.3184 -0.3273 -0.2628 0.0772 0.1615 0.0025 -0.2950 -0.3330 -0.3067 -0.1462 0.2417 0.0897 -0.1552 -0.3176 -0.3290 -0.2880 -0.0335 0.2052 0.0478 -0.2587 -0.3290 -0.3204 -0.2225 0.1644 0.1454 -0.0347
0.1529 0.1176 -0.2382 -0.3228 -0.3270 -0.2415 0.0580 0.2152 -0.0658 -0.2925 -0.3303 -0.3144 -0.1278 0.0969 0.2429 -0.1565 -0.3083 -0.3330 -0.2938 0.0046 0.1615 0.0844 -0.2582 -0.3266 -0.3200 -0.1585 0.0946 0.2423 -0.1750 -0.3142 -0.3311 -0.2653 0.0530 0.2198 -0.1018 -0.3011 -0.3331 -0.2970 0.0033 0.1696 0.0314 -0.2820 -0.3297 -0.3126 -0.0828 0.1190 0.2066 -0.2184 -0.3222 -0.3396 -0.3172 -0.3396 -0.3222 -0.2184 0.2066 0.1190 -0.0828 -0.3126 -0.3297 -0.2820 0.0314 0.1696 0.0033 -0.2970 -0.3331 -0.3011 -0.1018 0.2198 0.0530 -0.2653 -0.3311 -0.3142 -0.1750 0.2423 0.0946 -0.1585 -0.3200 -0.3266 -0.2582 0.0844 0.1615 0.0046 -0.2938 -0.3330 -0.3083 -0.1565 0.2429 0.0969 -0.1278 -0.3144 -0.3303 -0.2925 -0.0658 0.2152 0.0580 -0.2415 -0.3270 -0.3228 -0.2382 0.1176 0.1529
0.0602 -0.2547 -0.3250 -0.3245 -0.2200 0.0676 0.2246 -0.0918 -0.2961 -0.3315 -0.3107 -0.0980 0.1050 0.2411 -0.1686 -0.3106 -0.3328 -0.2912 0.0106 0.1659 0.0772 -0.2582 -0.3263 -0.3208 -0.1700 0.0903 0.2429 -0.1650 -0.3120 -0.3320 -0.2756 0.0437 0.2109 -0.0798 -0.2978 -0.3327 -0.3009 -0.0139 0.1535 0.0844 -0.2661 -0.3281 -0.3163 -0.1133 0.1094 0.2272 -0.2035 -0.3197 -0.3272 -0.2209 0.0094 -0.2209 -0.3272 -0.3197 -0.2035 0.2272 0.1094 -0.1133 -0.3163 -0.3281 -0.2661 0.0844 0.1535 -0.0139 -0.3009 -0.3327 -0.2978 -0.0798 0.2109 0.0437 -0.2756 -0.3320 -0.3120 -0.1650 0.2429 0.0903 -0.1700 -0.3208 -0.3263 -0.2582 0.0772 0.1659 0.0106 -0.2912 -0.3328 -0.3106 -0.1686 0.2411 0.1050 -0.0980 -0.3107 -0.3315 -0.2961 -0.0918 0.2246 0.0676 -0.2200 -0.3245 -0.3250 -0.2547 0.0602
-0.2164 -0.3273 -0.3217 -0.1943 0.0768 0.2328 -0.1133 -0.2996 -0.3324 -0.3067 -0.0693 0.1140 0.2339 -0.1818 -0.3131 -0.3323 -0.2866 0.0194 0.1748 0.0563 -0.2628 -0.3266 -0.3208 -0.1738 0.0881 0.2424 -0.1577 -0.3103 -0.3324 -0.2827 0.0347 0.2023 -0.0550 -0.2946 -0.3320 -0.3048 -0.0337 0.1401 0.1360 -0.2486 -0.3263 -0.3197 -0.1452 0.1003 0.2385 -0.1887 -0.3171 -0.3293 -0.2453 0.0642 0.1434 0.0642 -0.2453 -0.3293 -0.3171 -0.1887 0.2385 0.1003 -0.1452 -0.3197 -0.3263 -0.2486 0.1360 0.1401 -0.0337 -0.3048 -0.3320 -0.2946 -0.0550 0.2023 0.0347 -0.2827 -0.3324 -0.3103 -0.1577 0.2424 0.0881 -0.1738 -0.3208 -0.3266 -0.2628 0.0563 0.1748 0.0194 -0.2866 -0.3323 -0.3131 -0.1818 0.2339 0.1140 -0.0693 -0.3067 -0.3324 -0.2996 -0.1133 0.2328 0.0768 -0.1943 -0.3217 -0.3273 -0.2164
-0.2776 -0.3189 -0.1652 0.0857 0.2391 -0.1320 -0.3030 -0.3330 -0.3026 -0.0438 0.1239 0.2186 -0.1959 -0.3158 -0.3315 -0.2795 0.0294 0.1870 0.0249 -0.2719 -0.3273 -0.3200 -0.1700 0.0881 0.2421 -0.1538 -0.3092 -0.3327 -0.2871 0.0267 0.1948 -0.0279 -0.2916 -0.3311 -0.3084 -0.0558 0.1289 0.1777 -0.2325 -0.3242 -0.3228 -0.1761 0.0913 0.2427 -0.1740 -0.3143 -0.3310 -0.2627 0.0557 0.2069 0.1612 0.2069 0.0557 -0.2627 -0.3310 -0.3143 -0.1740 0.2427 0.0913 -0.1761 -0.3228 -0.3242 -0.2325 0.1777 0.1289 -0.0558 -0.3084 -0.3311 -0.2916 -0.0279 0.1948 0.0267 -0.2871 -0.3327 -0.3092 -0.1538 0.2421 0.0881 -0.1700 -0.3200 -0.3273 -0.2719 0.0249 0.1870 0.0294 -0.2795 -0.3315 -0.3158 -0.1959 0.2186 0.1239 -0.0438 -0.3026 -0.3330 -0.3030 -0.1320 0.2391 0.0857 -0.1652 -0.3189 -0.2776
-0.2823 -0.1321 0.0945 0.2426 -0.1488 -0.3063 -0.3332 -0.2986 -0.0220 0.1349 0.1929 -0.2106 -0.3184 -0.3303 -0.2693 0.0399 0.1983 -0.0104 -0.2830 -0.3283 -0.3184 -0.1585 0.0903 0.2424 -0.1538 -0.3088 -0.3328 -0.2895 0.0207 0.1870 -0.0015 -0.2889 -0.3301 -0.3116 -0.0791 0.1196 0.2066 -0.2178 -0.3220 -0.3254 -0.2041 0.0825 0.2417 -0.1588 -0.3114 -0.3321 -0.2752 0.0449 0.2129 -0.0760 -0.2489 -0.0760 0.2129 0.0449 -0.2752 -0.3321 -0.3114 -0.1588 0.2417 0.0825 -0.2041 -0.3254 -0.3220 -0.2178 0.2066 0.1196 -0.0791 -0.3116 -0.3301 -0.2889 -0.0015 0.1870 0.0207 -0.2895 -0.3328 -0.3088 -0.1538 0.2424 0.0903 -0.1585 -0.3184 -0.3283 -0.2830 -0.0104 0.1983 0.0399 -0.2693 -0.3303 -0.3184 -0.2106 0.1929 0.1349 -0.0220 -0.2986 -0.3332 -0.3063 -0.1488 0.2426 0.0945 -0.1321 -0.2823
-0.1375 0.1049 0.2419 -0.1644 -0.3095 -0.3331 -0.2945 -0.0037 0.1475 0.1553 -0.2258 -0.3210 -0.3286 -0.2554 0.0501 0.2078 -0.0437 -0.2902 -0.3295 -0.3161 -0.1396 0.0946 0.2429 -0.1577 -0.3092 -0.3328 -0.2902 0.0175 0.1804 0.0195 -0.2837 -0.3292 -0.3142 -0.1019 0.1117 0.2248 -0.2045 -0.3198 -0.3275 -0.2275 0.0736 0.2371 -0.1428 -0.3083 -0.3328 -0.2846 0.0335 0.2025 -0.0589 -0.2955 -0.3274 -0.2955 -0.0589 0.2025 0.0335 -0.2846 -0.3328 -0.3083 -0.1428 0.2371 0.0736 -0.2275 -0.3275 -0.3198 -0.2045 0.2248 0.1117 -0.1019 -0.3142 -0.3292 -0.2837 0.0195 0.1804 0.0175 -0.2902 -0.3328 -0.3092 -0.1577 0.2429 0.0946 -0.1396 -0.3161 -0.3295 -0.2902 -0.0437 0.2078 0.0501 -0.2554 -0.3286 -0.3210 -0.2258 0.1553 0.1475 -0.0037 -0.2945 -0.3331 -0.3095 -0.1644 0.2419 0.1049 -0.1375
0.1062 0.2352 -0.1794 -0.3125 -0.3326 -0.2892 0.0120 0.1624 0.1069 -0.2417 -0.3233 -0.3265 -0.2373 0.0601 0.2174 -0.0723 -0.2935 -0.3307 -0.3131 -0.1154 0.1006 0.2423 -0.1650 -0.3103 -0.3327 -0.2895 0.0175 0.1782 0.0308 -0.2776 -0.3285 -0.3161 -0.1215 0.1052 0.2351 -0.1925 -0.3175 -0.3292 -0.2460 0.0649 0.2304 -0.1258 -0.3051 -0.3332 -0.2914 0.0209 0.1898 -0.0233 -0.2917 -0.3386 -0.3533 -0.3386 -0.2917 -0.0233 0.1898 0.0209 -0.2914 -0.3332 -0.3051 -0.1258 0.2304 0.0649 -0.2460 -0.3292 -0.3175 -0.1925 0.2351 0.1052 -0.1215 -0.3161 -0.3285 -0.2776 0.0308 0.1782 0.0175 -0.2895 -0.3327 -0.3103 -0.1650 0.2423 0.1006 -0.1154 -0.3131 -0.3307 -0.2935 -0.0723 0.2174 0.0601 -0.2373 -0.3265 -0.3233 -0.2417 0.1069 0.1624 0.0120 -0.2892 -0.3326 -0.3125 -0.1794 0.2352 0.1062
0.2065 -0.1941 -0.3154 -0.3318 -0.2815 0.0257 0.1802 0.0533 -0.2585 -0.3255 -0.3240 -0.2149 0.0696 0.2265 -0.0966 -0.2969 -0.3318 -0.3097 -0.0891 0.1080 0.2389 -0.1750 -0.3120 -0.3324 -0.2871 0.0207 0.1804 0.0308 -0.2755 -0.3281 -0.3173 -0.1353 0.1004 0.2400 -0.1825 -0.3155 -0.3305 -0.2602 0.0563 0.2226 -0.1077 -0.3019 -0.3332 -0.2961 0.0066 0.1733 0.0209 -0.2845 -0.3299 -0.3263 -0.2550 -0.3263 -0.3299 -0.2845 0.0209 0.1733 0.0066 -0.2961 -0.3332 -0.3019 -0.1077 0.2226 0.0563 -0.2602 -0.3305 -0.3155 -0.1825 0.2400 0.1004 -0.1353 -0.3173 -0.3281 -0.2755 0.0308 0.1804 0.0207 -0.2871 -0.3324 -0.3120 -0.1750 0.2389 0.1080 -0.0891 -0.3097 -0.3318 -0.2969 -0.0966 0.2265 0.0696 -0.2149 -0.3240 -0.3255 -0.2585 0.0533 0.1802 0.0257 -0.2815 -0.3318 -0.3154 -0.1941 0.2065
-0.1766 -0.3184 -0.3305 -0.2710 0.0378 0.1955 0.0037 -0.2768 -0.3274 -0.3211 -0.1884 0.0787 0.2343 -0.1175 -0.3003 -0.3326 -0.3058 -0.0631 0.1165 0.2302 -0.1867 -0.3142 -0.3320 -0.2827 0.0267 0.1870 0.0195 -0.2776 -0.3281 -0.3176 -0.1422 0.0975 0.2419 -0.1747 -0.3137 -0.3314 -0.2704 0.0479 0.2145 -0.0880 -0.2989 -0.3329 -0.2999 -0.0097 0.1568 0.0730 -0.2699 -0.3284 -0.3151 -0.1007 0.0539 -0.1007 -0.3151 -0.3284 -0.2699 0.0730 0.1568 -0.0097 -0.2999 -0.3329 -0.2989 -0.0880 0.2145 0.0479 -0.2704 -0.3314 -0.3137 -0.1747 0.2419 0.0975 -0.1422 -0.3176 -0.3281 -0.2776 0.0195 0.1870 0.0267 -0.2827 -0.3320 -0.3142 -0.1867 0.2302 0.1165 -0.0631 -0.3058 -0.3326 -0.3003 -0.1175 0.2343 0.0787 -0.1884 -0.3211 -0.3274 -0.2768 0.0037 0.1955 0.0378 -0.2710 -0.3305 -0.3184 -0.1766
-0.2668 -0.3292 -0.2573 0.0488 0.2062 -0.0369 -0.2888 -0.3291 -0.3178 -0.1585 0.0876 0.2401 -0.1357 -0.3037 -0.3331 -0.3018 -0.0389 0.1262 0.2135 -0.1998 -0.3166 -0.3311 -0.2756 0.0347 0.1948 -0.0015 -0.2837 -0.3285 -0.3173 -0.1422 0.0965 0.2425 -0.1699 -0.3125 -0.3319 -0.2772 0.0405 0.2070 -0.0669 -0.2959 -0.3323 -0.3035 -0.0277 0.1432 0.1247 -0.2523 -0.3267 -0.3189 -0.1365 0.0985 0.1941 0.0985 -0.1365 -0.3189 -0.3267 -0.2523 0.1247 0.1432 -0.0277 -0.3035 -0.3323 -0.2959 -0.0669 0.2070 0.0405 -0.2772 -0.3319 -0.3125 -0.1699 0.2425 0.0965 -0.1422 -0.3173 -0.3285 -0.2837 -0.0015 0.1948 0.0347 -0.2756 -0.3311 -0.3166 -0.1998 0.2135 0.1262 -0.0389 -0.3018 -0.3331 -0.3037 -0.1357 0.2401 0.0876 -0.1585 -0.3178 -0.3291 -0.2888 -0.0369 0.2062 0.0488 -0.2573 -0.3292 -0.2668
-0.2880 -0.2392 0.0589 0.2162 -0.0686 -0.2929 -0.3305 -0.3142 -0.1268 0.0965 0.2428 -0.1522 -0.3070 -0.3332 -0.2978 -0.0179 0.1374 0.1859 -0.2139 -0.3190 -0.3298 -0.2653 0.0437 0.2023 -0.0279 -0.2889 -0.3292 -0.3161 -0.1353 0.0975 0.2425 -0.1683 -0.3119 -0.3322 -0.2813 0.0347 0.2008 -0.0462 -0.2932 -0.3316 -0.3069 -0.0474 0.1323 0.1669 -0.2365 -0.3247 -0.3222 -0.1697 0.0933 0.2440 -0.0368 0.2440 0.0933 -0.1697 -0.3222 -0.3247 -0.2365 0.1669 0.1323 -0.0474 -0.3069 -0.3316 -0.2932 -0.0462 0.2008 0.0347 -0.2813 -0.3322 -0.3119 -0.1683 0.2425 0.0975 -0.1353 -0.3161 -0.3292 -0.2889 -0.0279 0.2023 0.0437 -0.2653 -0.3298 -0.3190 -0.2139 0.1859 0.1374 -0.0179 -0.2978 -0.3332 -0.3070 -0.1522 0.2428 0.0965 -0.1268 -0.3142 -0.3305 -0.2929 -0.0686 0.2162 0.0589 -0.2392 -0.2880
-0.2276 0.0699 0.2255 -0.0941 -0.2965 -0.3316 -0.3104 -0.0954 0.1055 0.2410 -0.1676 -0.3101 -0.3330 -0.2936 -0.0002 0.1505 0.1459 -0.2291 -0.3215 -0.3281 -0.2512 0.0530 0.2109 -0.0550 -0.2916 -0.3301 -0.3142 -0.1215 0.1004 0.2419 -0.1699 -0.3119 -0.3323 -0.2831 0.0308 0.1965 -0.0281 -0.2911 -0.3308 -0.3098 -0.0677 0.1233 0.1973 -0.2224 -0.3227 -0.3248 -0.1981 0.0845 0.2423 -0.1574 -0.2893 -0.1574 0.2423 0.0845 -0.1981 -0.3248 -0.3227 -0.2224 0.1973 0.1233 -0.0677 -0.3098 -0.3308 -0.2911 -0.0281 0.1965 0.0308 -0.2831 -0.3323 -0.3119 -0.1699 0.2419 0.1004 -0.1215 -0.3142 -0.3301 -0.2916 -0.0550 0.2109 0.0530 -0.2512 -0.3281 -0.3215 -0.2291 0.1459 0.1505 -0.0002 -0.2936 -0.3330 -0.3101 -0.1676 0.2410 0.1055 -0.0954 -0.3104 -0.3316 -0.2965 -0.0941 0.2255 0.0699 -0.2276
0.0667 0.2335 -0.1152 -0.3000 -0.3325 -0.3063 -0.0666 0.1149 0.2330 -0.1825 -0.3131 -0.3325 -0.2878 0.0151 0.1659 0.0957 -0.2451 -0.3238 -0.3260 -0.2328 0.0623 0.2198 -0.0798 -0.2946 -0.3311 -0.3116 -0.1019 0.1052 0.2400 -0.1747 -0.3125 -0.3322 -0.2831 0.0295 0.1942 -0.0155 -0.2896 -0.3301 -0.3121 -0.0864 0.1160 0.2171 -0.2099 -0.3206 -0.3269 -0.2216 0.0758 0.2384 -0.1469 -0.3108 -0.3400 -0.3108 -0.1469 0.2384 0.0758 -0.2216 -0.3269 -0.3206 -0.2099 0.2171 0.1160 -0.0864 -0.3121 -0.3301 -0.2896 -0.0155 0.1942 0.0295 -0.2831 -0.3322 -0.3125 -0.1747 0.2400 0.1052 -0.1019 -0.3116 -0.3311 -0.2946 -0.0798 0.2198 0.0623 -0.2328 -0.3260 -0.3238 -0.2451 0.0957 0.1659 0.0151 -0.2878 -0.3325 -0.3131 -0.1825 0.2330 0.1149 -0.0666 -0.3063 -0.3325 -0.3000 -0.1152 0.2335 0.0667
0.2277 -0.1337 -0.3033 -0.3330 -0.3022 -0.0415 0.1249 0.2166 -0.1972 -0.3160 -0.3315 -0.2796 0.0284 0.1835 0.0422 -0.2623 -0.3259 -0.3234 -0.2097 0.0715 0.2283 -0.1018 -0.2978 -0.3320 -0.3084 -0.0791 0.1117 0.2351 -0.1825 -0.3137 -0.3319 -0.2813 0.0308 0.1942 -0.0111 -0.2888 -0.3297 -0.3136 -0.1014 0.1105 0.2288 -0.1992 -0.3186 -0.3286 -0.2401 0.0676 0.2324 -0.1303 -0.3060 -0.3436 -0.3466 -0.3436 -0.3060 -0.1303 0.2324 0.0676 -0.2401 -0.3286 -0.3186 -0.1992 0.2288 0.1105 -0.1014 -0.3136 -0.3297 -0.2888 -0.0111 0.1942 0.0308 -0.2813 -0.3319 -0.3137 -0.1825 0.2351 0.1117 -0.0791 -0.3084 -0.3320 -0.2978 -0.1018 0.2283 0.0715 -0.2097 -0.3234 -0.3259 -0.2623 0.0422 0.1835 0.0284 -0.2796 -0.3315 -0.3160 -0.1972 0.2166 0.1249 -0.0415 -0.3022 -0.3330 -0.3033 -0.1337 0.2277
-0.1319 -0.3069 -0.3332 -0.2983 -0.0201 0.1360 0.1897 -0.2121 -0.3187 -0.3302 -0.2684 0.0402 0.1980 -0.0057 -0.2796 -0.3278 -0.3204 -0.1824 0.0806 0.2358 -0.1215 -0.3011 -0.3327 -0.3048 -0.0558 0.1196 0.2248 -0.1925 -0.3155 -0.3314 -0.2772 0.0347 0.1965 -0.0155 -0.2888 -0.3296 -0.3143 -0.1111 0.1067 0.2349 -0.1908 -0.3169 -0.3298 -0.2539 0.0597 0.2254 -0.1136 -0.3028 -0.3330 -0.3017 -0.1276 -0.3017 -0.3330 -0.3028 -0.1136 0.2254 0.0597 -0.2539 -0.3298 -0.3169 -0.1908 0.2349 0.1067 -0.1111 -0.3143 -0.3296 -0.2888 -0.0155 0.1965 0.0347 -0.2772 -0.3314 -0.3155 -0.1925 0.2248 0.1196 -0.0558 -0.3048 -0.3327 -0.3011 -0.1215 0.2358 0.0806 -0.1824 -0.3204 -0.3278 -0.2796 -0.0057 0.1980 0.0402 -0.2684 -0.3302 -0.3187 -0.2121 0.1897 0.1360 -0.0201 -0.2983 -0.3332 -0.3069 -0.1319
-0.2536 -0.3334 -0.2941 -0.0020 0.1489 0.1510 -0.2273 -0.3212 -0.3284 -0.2538 0.0510 0.2084 -0.0442 -0.2900 -0.3294 -0.3171 -0.1519 0.0895 0.2410 -0.1393 -0.3044 -0.3331 -0.3009 -0.0337 0.1289 0.2066 -0.2045 -0.3175 -0.3305 -0.2704 0.0405 0.2008 -0.0281 -0.2896 -0.3297 -0.3143 -0.1144 0.1048 0.2377 -0.1850 -0.3156 -0.3306 -0.2636 0.0527 0.2183 -0.0963 -0.3000 -0.3329 -0.2984 -0.0026 0.0890 -0.0026 -0.2984 -0.3329 -0.3000 -0.0963 0.2183 0.0527 -0.2636 -0.3306 -0.3156 -0.1850 0.2377 0.1048 -0.1144 -0.3143 -0.3297 -0.2896 -0.0281 0.2008 0.0405 -0.2704 -0.3305 -0.3175 -0.2045 0.2066 0.1289 -0.0337 -0.3009 -0.3331 -0.3044 -0.1393 0.2410 0.0895 -0.1519 -0.3171 -0.3294 -0.2900 -0.0442 0.2084 0.0510 -0.2538 -0.3284 -0.3212 -0.2273 0.1510 0.1489 -0.0020 -0.2941 -0.3334 -0.2536
-0.2885 -0.2888 0.0133 0.1641 0.1017 -0.2433 -0.3235 -0.3263 -0.2353 0.0610 0.2182 -0.0745 -0.2936 -0.3308 -0.3134 -0.1200 0.0984 0.2429 -0.1555 -0.3077 -0.3332 -0.2970 -0.0139 0.1401 0.1777 -0.2178 -0.3198 -0.3292 -0.2602 0.0479 0.2070 -0.0462 -0.2911 -0.3301 -0.3136 -0.1111 0.1048 0.2385 -0.1820 -0.3147 -0.3311 -0.2699 0.0469 0.2121 -0.0792 -0.2973 -0.3325 -0.3020 -0.0202 0.1369 0.2289 0.1369 -0.0202 -0.3020 -0.3325 -0.2973 -0.0792 0.2121 0.0469 -0.2699 -0.3311 -0.3147 -0.1820 0.2385 0.1048 -0.1111 -0.3136 -0.3301 -0.2911 -0.0462 0.2070 0.0479 -0.2602 -0.3292 -0.3198 -0.2178 0.1777 0.1401 -0.0139 -0.2970 -0.3332 -0.3077 -0.1555 0.2429 0.0984 -0.1200 -0.3134 -0.3308 -0.2936 -0.0745 0.2182 0.0610 -0.2353 -0.3263 -0.3235 -0.2433 0.1017 0.1641 0.0133 -0.2888 -0.2885
-0.2652 0.0282 0.1819 0.0481 -0.2603 -0.3257 -0.3237 -0.2125 0.0705 0.2273 -0.0988 -0.2972 -0.3318 -0.3095 -0.0891 0.1074 0.2399 -0.1708 -0.3108 -0.3329 -0.2925 0.0033 0.1535 0.1360 -0.2325 -0.3220 -0.3275 -0.2460 0.0563 0.2145 -0.0669 -0.2932 -0.3308 -0.3121 -0.1014 0.1067 0.2377 -0.1820 -0.3144 -0.3313 -0.2735 0.0427 0.2074 -0.0640 -0.2950 -0.3320 -0.3052 -0.0387 0.1360 0.1699 -0.1536 0.1699 0.1360 -0.0387 -0.3052 -0.3320 -0.2950 -0.0640 0.2074 0.0427 -0.2735 -0.3313 -0.3144 -0.1820 0.2377 0.1067 -0.1014 -0.3121 -0.3308 -0.2932 -0.0669 0.2145 0.0563 -0.2460 -0.3275 -0.3220 -0.2325 0.1360 0.1535 0.0033 -0.2925 -0.3329 -0.3108 -0.1708 0.2399 0.1074 -0.0891 -0.3095 -0.3318 -0.2972 -0.0988 0.2273 0.0705 -0.2125 -0.3237 -0.3257 -0.2603 0.0481 0.1819 0.0282 -0.2652
0.0214 0.1969 -0.0007 -0.2783 -0.3276 -0.3208 -0.1856 0.0796 0.2350 -0.1194 -0.3007 -0.3326 -0.3055 -0.0610 0.1169 0.2303 -0.1856 -0.3137 -0.3323 -0.2863 0.0180 0.1696 0.0844 -0.2486 -0.3242 -0.3254 -0.2275 0.0649 0.2226 -0.0880 -0.2959 -0.3316 -0.3098 -0.0864 0.1105 0.2349 -0.1850 -0.3147 -0.3313 -0.2747 0.0404 0.2044 -0.0523 -0.2934 -0.3314 -0.3077 -0.0558 0.1278 0.1836 -0.2248 -0.3072 -0.2248 0.1836 0.1278 -0.0558 -0.3077 -0.3314 -0.2934 -0.0523 0.2044 0.0404 -0.2747 -0.3313 -0.3147 -0.1850 0.2349 0.1105 -0.0864 -0.3098 -0.3316 -0.2959 -0.0880 0.2226 0.0649 -0.2275 -0.3254 -0.3242 -0.2486 0.0844 0.1696 0.0180 -0.2863 -0.3323 -0.3137 -0.1856 0.2303 0.1169 -0.0610 -0.3055 -0.3326 -0.3007 -0.1194 0.2350 0.0796 -0.1856 -0.3208 -0.3276 -0.2783 -0.0007 0.1969 0.0214
0.1984 -0.0404 -0.2896 -0.3292 -0.3175 -0.1554 0.0885 0.2406 -0.1374 -0.3040 -0.3331 -0.3014 -0.0366 0.1272 0.2118 -0.2003 -0.3166 -0.3313 -0.2775 0.0310 0.1866 0.0314 -0.2661 -0.3263 -0.3228 -0.2041 0.0736 0.2304 -0.1077 -0.2989 -0.3323 -0.3069 -0.0677 0.1160 0.2288 -0.1908 -0.3156 -0.3311 -0.2735 0.0404 0.2033 -0.0458 -0.2923 -0.3310 -0.3096 -0.0702 0.1211 0.2059 -0.2168 -0.3255 -0.3495 -0.3255 -0.2168 0.2059 0.1211 -0.0702 -0.3096 -0.3310 -0.2923 -0.0458 0.2033 0.0404 -0.2735 -0.3311 -0.3156 -0.1908 0.2288 0.1160 -0.0677 -0.3069 -0.3323 -0.2989 -0.1077 0.2304 0.0736 -0.2041 -0.3228 -0.3263 -0.2661 0.0314 0.1866 0.0310 -0.2775 -0.3313 -0.3166 -0.2003 0.2118 0.1272 -0.0366 -0.3014 -0.3331 -0.3040 -0.1374 0.2406 0.0885 -0.1554 -0.3175 -0.3292 -0.2896 -0.0404 0.1984
-0.0627 -0.2935 -0.3306 -0.3139 -0.1236 0.0974 0.2429 -0.1537 -0.3073 -0.3332 -0.2974 -0.0160 0.1386 0.1825 -0.2152 -0.3192 -0.3298 -0.2656 0.0426 0.2002 -0.0147 -0.2820 -0.3281 -0.3197 -0.1761 0.0825 0.2371 -0.1258 -0.3019 -0.3329 -0.3035 -0.0474 0.1233 0.2171 -0.1992 -0.3169 -0.3306 -0.2699 0.0427 0.2044 -0.0458 -0.2920 -0.3308 -0.3107 -0.0806 0.1166 0.2186 -0.2072 -0.3199 -0.3411 -0.3255 -0.3411 -0.3199 -0.2072 0.2186 0.1166 -0.0806 -0.3107 -0.3308 -0.2920 -0.0458 0.2044 0.0427 -0.2699 -0.3306 -0.3169 -0.1992 0.2171 0.1233 -0.0474 -0.3035 -0.3329 -0.3019 -0.1258 0.2371 0.0825 -0.1761 -0.3197 -0.3281 -0.2820 -0.0147 0.2002 0.0426 -0.2656 -0.3298 -0.3192 -0.2152 0.1825 0.1386 -0.0160 -0.2974 -0.3332 -0.3073 -0.1537 0.2429 0.0974 -0.1236 -0.3139 -0.3306 -0.2935 -0.0627
-0.2386 -0.3321 -0.3100 -0.0924 0.1064 0.2405 -0.1691 -0.3104 -0.3330 -0.2931 0.0015 0.1519 0.1413 -0.2306 -0.3217 -0.3280 -0.2502 0.0532 0.2105 -0.0512 -0.2908 -0.3297 -0.3163 -0.1452 0.0913 0.2417 -0.1428 -0.3051 -0.3332 -0.2999 -0.0277 0.1323 0.1973 -0.2099 -0.3186 -0.3298 -0.2636 0.0469 0.2074 -0.0523 -0.2923 -0.3308 -0.3110 -0.0862 0.1139 0.2254 -0.2004 -0.3184 -0.3285 -0.2401 -0.0052 -0.2401 -0.3285 -0.3184 -0.2004 0.2254 0.1139 -0.0862 -0.3110 -0.3308 -0.2923 -0.0523 0.2074 0.0469 -0.2636 -0.3298 -0.3186 -0.2099 0.1973 0.1323 -0.0277 -0.2999 -0.3332 -0.3051 -0.1428 0.2417 0.0913 -0.1452 -0.3163 -0.3297 -0.2908 -0.0512 0.2105 0.0532 -0.2502 -0.3280 -0.3217 -0.2306 0.1413 0.1519 0.0015 -0.2931 -0.3330 -0.3104 -0.1691 0.2405 0.1064 -0.0924 -0.3100 -0.3321 -0.2386
-0.2843 -0.3063 -0.0641 0.1158 0.2318 -0.1840 -0.3134 -0.3324 -0.2871 0.0165 0.1676 0.0904 -0.2468 -0.3240 -0.3258 -0.2308 0.0631 0.2202 -0.0800 -0.2944 -0.3310 -0.3126 -0.1133 0.1003 0.2427 -0.1588 -0.3083 -0.3332 -0.2961 -0.0097 0.1432 0.1669 -0.2224 -0.3206 -0.3286 -0.2539 0.0527 0.2121 -0.0640 -0.2934 -0.3310 -0.3107 -0.0862 0.1129 0.2284 -0.1962 -0.3175 -0.3295 -0.2534 0.0581 0.1357 0.0581 -0.2534 -0.3295 -0.3175 -0.1962 0.2284 0.1129 -0.0862 -0.3107 -0.3310 -0.2934 -0.0640 0.2121 0.0527 -0.2539 -0.3286 -0.3206 -0.2224 0.1669 0.1432 -0.0097 -0.2961 -0.3332 -0.3083 -0.1588 0.2427 0.1003 -0.1133 -0.3126 -0.3310 -0.2944 -0.0800 0.2202 0.0631 -0.2308 -0.3258 -0.3240 -0.2468 0.0904 0.1676 0.0165 -0.2871 -0.3324 -0.3134 -0.1840 0.2318 0.1158 -0.0641 -0.3063 -0.2843
-0.2748 -0.0377 0.1259 0.2144 -0.1987 -0.3163 -0.3314 -0.2786 0.0296 0.1850 0.0372 -0.2640 -0.3261 -0.3231 -0.2072 0.0724 0.2291 -0.1034 -0.2980 -0.3320 -0.3087 -0.0828 0.1094 0.2385 -0.1740 -0.3114 -0.3328 -0.2914 0.0066 0.1568 0.1247 -0.2365 -0.3227 -0.3269 -0.2401 0.0597 0.2183 -0.0792 -0.2950 -0.3314 -0.3096 -0.0806 0.1139 0.2284 -0.1947 -0.3170 -0.3301 -0.2603 0.0542 0.2022 0.1783 0.2022 0.0542 -0.2603 -0.3301 -0.3170 -0.1947 0.2284 0.1139 -0.0806 -0.3096 -0.3314 -0.2950 -0.0792 0.2183 0.0597 -0.2401 -0.3269 -0.3227 -0.2365 0.1247 0.1568 0.0066 -0.2914 -0.3328 -0.3114 -0.1740 0.2385 0.1094 -0.0828 -0.3087 -0.3320 -0.2980 -0.1034 0.2291 0.0724 -0.2072 -0.3231 -0.3261 -0.2640 0.0372 0.1850 0.0296 -0.2786 -0.3314 -0.3163 -0.1987 0.2144 0.1259 -0.0377 -0.2748
-0.0478 0.1381 0.1865 -0.2135 -0.3189 -0.3300 -0.2671 0.0413 0.1991 -0.0099 -0.2807 -0.3279 -0.3201 -0.1795 0.0815 0.2364 -0.1233 -0.3014 -0.3327 -0.3046 -0.0555 0.1190 0.2272 -0.1887 -0.3143 -0.3321 -0.2846 0.0209 0.1733 0.0730 -0.2523 -0.3247 -0.3248 -0.2216 0.0676 0.2254 -0.0963 -0.2973 -0.3320 -0.3077 -0.0702 0.1166 0.2254 -0.1962 -0.3170 -0.3302 -0.2631 0.0508 0.2149 -0.0738 -0.2451 -0.0738 0.2149 0.0508 -0.2631 -0.3302 -0.3170 -0.1962 0.2254 0.1166 -0.0702 -0.3077 -0.3320 -0.2973 -0.0963 0.2254 0.0676 -0.2216 -0.3248 -0.3247 -0.2523 0.0730 0.1733 0.0209 -0.2846 -0.3321 -0.3143 -0.1887 0.2272 0.1190 -0.0555 -0.3046 -0.3327 -0.3014 -0.1233 0.2364 0.0815 -0.1795 -0.3201 -0.3279 -0.2807 -0.0099 0.1991 0.0413 -0.2671 -0.3300 -0.3189 -0.2135 0.1865 0.1381 -0.0478
0.1446 0.1463 -0.2288 -0.3214 -0.3282 -0.2522 0.0520 0.2094 -0.0475 -0.2904 -0.3295 -0.3167 -0.1488 0.0903 0.2414 -0.1409 -0.3047 -0.3331 -0.3005 -0.0320 0.1295 0.2066 -0.2035 -0.3171 -0.3310 -0.2752 0.0335 0.1898 0.0209 -0.2699 -0.3267 -0.3222 -0.1981 0.0758 0.2324 -0.1136 -0.3000 -0.3325 -0.3052 -0.0558 0.1211 0.2186 -0.2004 -0.3175 -0.3301 -0.2631 0.0498 0.2127 -0.0759 -0.2964 -0.3275 -0.2964 -0.0759 0.2127 0.0498 -0.2631 -0.3301 -0.3175 -0.2004 0.2186 0.1211 -0.0558 -0.3052 -0.3325 -0.3000 -0.1136 0.2324 0.0758 -0.1981 -0.3222 -0.3267 -0.2699 0.0209 0.1898 0.0335 -0.2752 -0.3310 -0.3171 -0.2035 0.2066 0.1295 -0.0320 -0.3005 -0.3331 -0.3047 -0.1409 0.2414 0.0903 -0.1488 -0.3167 -0.3295 -0.2904 -0.0475 0.2094 0.0520 -0.2522 -0.3282 -0.3214 -0.2288 0.1463 0.1446
0.0888 -0.2449 -0.3237 -0.3259 -0.2332 0.0620 0.2192 -0.0772 -0.2940 -0.3308 -0.3129 -0.1168 0.0993 0.2428 -0.1571 -0.3079 -0.3331 -0.2966 -0.0121 0.1413 0.1746 -0.2184 -0.3197 -0.3293 -0.2627 0.0449 0.2025 -0.0233 -0.2845 -0.3284 -0.3189 -0.1697 0.0845 0.2384 -0.1303 -0.3028 -0.3329 -0.3020 -0.0387 0.1278 0.2059 -0.2072 -0.3184 -0.3295 -0.2603 0.0508 0.2127 -0.0723 -0.2955 -0.3390 -0.3514 -0.3390 -0.2955 -0.0723 0.2127 0.0508 -0.2603 -0.3295 -0.3184 -0.2072 0.2059 0.1278 -0.0387 -0.3020 -0.3329 -0.3028 -0.1303 0.2384 0.0845 -0.1697 -0.3189 -0.3284 -0.2845 -0.0233 0.2025 0.0449 -0.2627 -0.3293 -0.3197 -0.2184 0.1746 0.1413 -0.0121 -0.2966 -0.3331 -0.3079 -0.1571 0.2428 0.0993 -0.1168 -0.3129 -0.3308 -0.2940 -0.0772 0.2192 0.0620 -0.2332 -0.3259 -0.3237 -0.2449 0.0888
-0.2106 -0.3262 -0.3230 -0.2084 0.0717 0.2284 -0.1017 -0.2977 -0.3318 -0.3087 -0.0844 0.1083 0.2390 -0.1727 -0.3112 -0.3326 -0.2916 0.0056 0.1542 0.1295 -0.2343 -0.3222 -0.3272 -0.2453 0.0557 0.2129 -0.0589 -0.2917 -0.3299 -0.3151 -0.1365 0.0933 0.2423 -0.1469 -0.3060 -0.3330 -0.2984 -0.0202 0.1360 0.1836 -0.2168 -0.3199 -0.3285 -0.2534 0.0542 0.2149 -0.0759 -0.2955 -0.3314 -0.3196 -0.2294 -0.3196 -0.3314 -0.2955 -0.0759 0.2149 0.0542 -0.2534 -0.3285 -0.3199 -0.2168 0.1836 0.1360 -0.0202 -0.2984 -0.3330 -0.3060 -0.1469 0.2423 0.0933 -0.1365 -0.3151 -0.3299 -0.2917 -0.0589 0.2129 0.0557 -0.2453 -0.3272 -0.3222 -0.2343 0.1295 0.1542 0.0056 -0.2916 -0.3326 -0.3112 -0.1727 0.2390 0.1083 -0.0844 -0.3087 -0.3318 -0.2977 -0.1017 0.2284 0.0717 -0.2084 -0.3230 -0.3262 -0.2106
-0.2788 -0.3356 -0.1766 0.0787 0.2259 -0.1147 -0.3019 -0.3413 -0.3178 -0.0540 0.1124 0.2351 -0.1831 -0.3166 -0.3440 -0.2874 0.0205 0.1549 0.1006 -0.2470 -0.3292 -0.3396 -0.2209 0.0642 0.2069 -0.0760 -0.2955 -0.3386 -0.3263 -0.1007 0.0985 0.2440 -0.1574 -0.3108 -0.3436 -0.3017 -0.0026 0.1369 0.1699 -0.2248 -0.3255 -0.3411 -0.2401 0.0581 0.2022 -0.0738 -0.2964 -0.3390 -0.3196 -0.0500 0.0664 -0.0500 -0.3196 -0.3390 -0.2964 -0.0738 0.2022 0.0581 -0.2401 -0.3411 -0.3255 -0.2248 0.1699 0.1369 -0.0026 -0.3017 -0.3436 -0.3108 -0.1574 0.2440 0.0985 -0.1007 -0.3263 -0.3386 -0.2955 -0.0760 0.2069 0.0642 -0.2209 -0.3396 -0.3292 -0.2470 0.1006 0.1549 0.0205 -0.2874 -0.3440 -0.3166 -0.1831 0.2351 0.1124 -0.0540 -0.3178 -0.3413 -0.3019 -0.1147 0.2259 0.0787 -0.1766 -0.3356 -0.2788
-0.3050 -0.2974 0.0303 0.1636 0.0810 -0.2673 -0.3329 -0.3518 -0.2104 0.0681 0.2101 -0.0912 -0.2963 -0.3442 -0.3411 -0.0754 0.1030 0.2323 -0.1845 -0.3126 -0.3516 -0.3172 0.0094 0.1434 0.1612 -0.2489 -0.3274 -0.3533 -0.2550 0.0539 0.1941 -0.0368 -0.2893 -0.3400 -0.3466 -0.1276 0.0890 0.2289 -0.1536 -0.3072 -0.3495 -0.3255 -0.0052 0.1357 0.1783 -0.2451 -0.3275 -0.3514 -0.2294 0.0664 0.1383 0.0664 -0.2294 -0.3514 -0.3275 -0.2451 0.1783 0.1357 -0.0052 -0.3255 -0.3495 -0.3072 -0.1536 0.2289 0.0890 -0.1276 -0.3466 -0.3400 -0.2893 -0.0368 0.1941 0.0539 -0.2550 -0.3533 -0.3274 -0.2489 0.1612 0.1434 0.0094 -0.3172 -0.3516 -0.3126 -0.1845 0.2323 0.1030 -0.0754 -0.3411 -0.3442 -0.2963 -0.0912 0.2101 0.0681 -0.2104 -0.3518 -0.3329 -0.2673 0.0810 0.1636 0.0303 -0.2974 -0.3050
