0.4780 0.3179 0.1797 0.2028 0.2780 0.4040 0.4843 0.3756 0.1873 0.1912 0.2536 0.3664 0.4844 0.4225 0.2092 0.1825 0.2326 0.3323 0.4689 0.4547 0.2611 0.1785 0.2151 0.3015 0.4367 0.4751 0.3261 0.1802 0.2009 0.2741 0.3981 0.4851 0.3836 0.1894 0.1897 0.2502 0.3610 0.4832 0.4283 0.2150 0.1816 0.2298 0.3274 0.4649 0.4585 0.2709 0.1784 0.2128 0.2974 0.4301 0.4814 0.4301 0.2974 0.2128 0.1784 0.2709 0.4585 0.4649 0.3274 0.2298 0.1816 0.2150 0.4283 0.4832 0.3610 0.2502 0.1897 0.1894 0.3836 0.4851 0.3981 0.2741 0.2009 0.1802 0.3261 0.4751 0.4367 0.3015 0.2151 0.1785 0.2611 0.4547 0.4689 0.3323 0.2326 0.1825 0.2092 0.4225 0.4844 0.3664 0.2536 0.1912 0.1873 0.3756 0.4843 0.4040 0.2780 0.2028 0.1797 0.3179 0.4780
0.3179 0.1547 0.1832 0.2681 0.4059 0.4849 0.3775 0.1658 0.1682 0.2400 0.3648 0.4866 0.4235 0.1964 0.1574 0.2164 0.3272 0.4727 0.4546 0.2594 0.1530 0.1964 0.2932 0.4401 0.4750 0.3279 0.1559 0.1798 0.2628 0.3990 0.4860 0.3856 0.1686 0.1663 0.2361 0.3588 0.4857 0.4290 0.2042 0.1562 0.2131 0.3219 0.4688 0.4583 0.2701 0.1529 0.1937 0.2885 0.4347 0.4750 0.4141 0.4750 0.4347 0.2885 0.1937 0.1529 0.2701 0.4583 0.4688 0.3219 0.2131 0.1562 0.2042 0.4290 0.4857 0.3588 0.2361 0.1663 0.1686 0.3856 0.4860 0.3990 0.2628 0.1798 0.1559 0.3279 0.4750 0.4401 0.2932 0.1964 0.1530 0.2594 0.4546 0.4727 0.3272 0.2164 0.1574 0.1964 0.4235 0.4866 0.3648 0.2400 0.1682 0.1658 0.3775 0.4849 0.4059 0.2681 0.1832 0.1547 0.3179
0.1797 0.1832 0.2647 0.3980 0.4856 0.3892 0.1704 0.1651 0.2333 0.3541 0.4839 0.4326 0.2101 0.1554 0.2106 0.3175 0.4647 0.4605 0.2775 0.1529 0.1916 0.2845 0.4287 0.4782 0.3440 0.1579 0.1759 0.2551 0.3874 0.4863 0.3983 0.1745 0.1632 0.2295 0.3482 0.4822 0.4376 0.2193 0.1546 0.2075 0.3122 0.4601 0.4638 0.2882 0.1531 0.1890 0.2798 0.4227 0.4797 0.3571 0.2042 0.3571 0.4797 0.4227 0.2798 0.1890 0.1531 0.2882 0.4638 0.4601 0.3122 0.2075 0.1546 0.2193 0.4376 0.4822 0.3482 0.2295 0.1632 0.1745 0.3983 0.4863 0.3874 0.2551 0.1759 0.1579 0.3440 0.4782 0.4287 0.2845 0.1916 0.1529 0.2775 0.4605 0.4647 0.3175 0.2106 0.1554 0.2101 0.4326 0.4839 0.3541 0.2333 0.1651 0.1704 0.3892 0.4856 0.3980 0.2647 0.1832 0.1797
0.2028 0.2681 0.3980 0.4860 0.3961 0.1749 0.1627 0.2279 0.3450 0.4811 0.4407 0.2259 0.1541 0.2054 0.3087 0.4568 0.4659 0.2954 0.1534 0.1873 0.2766 0.4183 0.4813 0.3591 0.1607 0.1724 0.2482 0.3771 0.4867 0.4099 0.1823 0.1604 0.2235 0.3387 0.4786 0.4453 0.2361 0.1535 0.2025 0.3036 0.4516 0.4689 0.3057 0.1540 0.1848 0.2721 0.4120 0.4828 0.3673 0.1623 0.1487 0.1623 0.3673 0.4828 0.4120 0.2721 0.1848 0.1540 0.3057 0.4689 0.4516 0.3036 0.2025 0.1535 0.2361 0.4453 0.4786 0.3387 0.2235 0.1604 0.1823 0.4099 0.4867 0.3771 0.2482 0.1724 0.1607 0.3591 0.4813 0.4183 0.2766 0.1873 0.1534 0.2954 0.4659 0.4568 0.3087 0.2054 0.1541 0.2259 0.4407 0.4811 0.3450 0.2279 0.1627 0.1749 0.3961 0.4860 0.3980 0.2681 0.2028
0.2780 0.4059 0.4856 0.3961 0.1769 0.1613 0.2239 0.3375 0.4775 0.4476 0.2422 0.1533 0.2005 0.3002 0.4478 0.4708 0.3128 0.1544 0.1832 0.2690 0.4077 0.4837 0.3735 0.1644 0.1690 0.2415 0.3669 0.4861 0.4204 0.1926 0.1579 0.2178 0.3294 0.4735 0.4523 0.2538 0.1529 0.1976 0.2952 0.4421 0.4733 0.3228 0.1553 0.1808 0.2646 0.4014 0.4848 0.3815 0.1669 0.1640 0.1940 0.1640 0.1669 0.3815 0.4848 0.4014 0.2646 0.1808 0.1553 0.3228 0.4733 0.4421 0.2952 0.1976 0.1529 0.2538 0.4523 0.4735 0.3294 0.2178 0.1579 0.1926 0.4204 0.4861 0.3669 0.2415 0.1690 0.1644 0.3735 0.4837 0.4077 0.2690 0.1832 0.1544 0.3128 0.4708 0.4478 0.3002 0.2005 0.1533 0.2422 0.4476 0.4775 0.3375 0.2239 0.1613 0.1769 0.3961 0.4856 0.4059 0.2780
0.4040 0.4849 0.3892 0.1749 0.1613 0.2224 0.3332 0.4743 0.4527 0.2571 0.1529 0.1961 0.2922 0.4382 0.4750 0.3295 0.1560 0.1793 0.2616 0.3970 0.4854 0.3869 0.1691 0.1659 0.2351 0.3570 0.4846 0.4298 0.2056 0.1559 0.2123 0.3203 0.4671 0.4586 0.2719 0.1528 0.1930 0.2870 0.4320 0.4772 0.3390 0.1572 0.1770 0.2573 0.3908 0.4861 0.3945 0.1725 0.1643 0.2276 0.2874 0.2276 0.1643 0.1725 0.3945 0.4861 0.3908 0.2573 0.1770 0.1572 0.3390 0.4772 0.4320 0.2870 0.1930 0.1528 0.2719 0.4586 0.4671 0.3203 0.2123 0.1559 0.2056 0.4298 0.4846 0.3570 0.2351 0.1659 0.1691 0.3869 0.4854 0.3970 0.2616 0.1793 0.1560 0.3295 0.4750 0.4382 0.2922 0.1961 0.1529 0.2571 0.4527 0.4743 0.3332 0.2224 0.1613 0.1749 0.3892 0.4849 0.4040
0.4843 0.3775 0.1704 0.1627 0.2239 0.3332 0.4729 0.4556 0.2677 0.1529 0.1925 0.2852 0.4289 0.4784 0.3450 0.1581 0.1756 0.2544 0.3865 0.4864 0.3995 0.1752 0.1629 0.2289 0.3473 0.4820 0.4383 0.2209 0.1545 0.2070 0.3114 0.4594 0.4643 0.2899 0.1532 0.1886 0.2790 0.4216 0.4804 0.3545 0.1598 0.1734 0.2503 0.3803 0.4867 0.4065 0.1797 0.1613 0.2257 0.3408 0.4323 0.3408 0.2257 0.1613 0.1797 0.4065 0.4867 0.3803 0.2503 0.1734 0.1598 0.3545 0.4804 0.4216 0.2790 0.1886 0.1532 0.2899 0.4643 0.4594 0.3114 0.2070 0.1545 0.2209 0.4383 0.4820 0.3473 0.2289 0.1629 0.1752 0.3995 0.4864 0.3865 0.2544 0.1756 0.1581 0.3450 0.4784 0.4289 0.2852 0.1925 0.1529 0.2677 0.4556 0.4729 0.3332 0.2239 0.1627 0.1704 0.3775 0.4843
0.3756 0.1658 0.1651 0.2279 0.3375 0.4743 0.4556 0.2716 0.1530 0.1901 0.2798 0.4208 0.4810 0.3585 0.1608 0.1722 0.2477 0.3762 0.4866 0.4110 0.1832 0.1601 0.2229 0.3378 0.4781 0.4460 0.2378 0.1535 0.2020 0.3028 0.4506 0.4693 0.3074 0.1541 0.1844 0.2713 0.4110 0.4830 0.3691 0.1631 0.1700 0.2436 0.3701 0.4864 0.4173 0.1891 0.1587 0.2196 0.3327 0.4743 0.4749 0.4743 0.3327 0.2196 0.1587 0.1891 0.4173 0.4864 0.3701 0.2436 0.1700 0.1631 0.3691 0.4830 0.4110 0.2713 0.1844 0.1541 0.3074 0.4693 0.4506 0.3028 0.2020 0.1535 0.2378 0.4460 0.4781 0.3378 0.2229 0.1601 0.1832 0.4110 0.4866 0.3762 0.2477 0.1722 0.1608 0.3585 0.4810 0.4208 0.2798 0.1901 0.1530 0.2716 0.4556 0.4743 0.3375 0.2279 0.1651 0.1658 0.3756
0.1873 0.1682 0.2333 0.3450 0.4775 0.4527 0.2677 0.1530 0.1892 0.2768 0.4150 0.4827 0.3693 0.1637 0.1693 0.2416 0.3665 0.4860 0.4213 0.1937 0.1577 0.2172 0.3285 0.4729 0.4530 0.2556 0.1529 0.1972 0.2944 0.4411 0.4737 0.3244 0.1555 0.1805 0.2639 0.4003 0.4849 0.3829 0.1675 0.1668 0.2371 0.3601 0.4852 0.4270 0.2013 0.1565 0.2140 0.3231 0.4694 0.4546 0.3676 0.4546 0.4694 0.3231 0.2140 0.1565 0.2013 0.4270 0.4852 0.3601 0.2371 0.1668 0.1675 0.3829 0.4849 0.4003 0.2639 0.1805 0.1555 0.3244 0.4737 0.4411 0.2944 0.1972 0.1529 0.2556 0.4530 0.4729 0.3285 0.2172 0.1577 0.1937 0.4213 0.4860 0.3665 0.2416 0.1693 0.1637 0.3693 0.4827 0.4150 0.2768 0.1892 0.1530 0.2677 0.4527 0.4775 0.3450 0.2333 0.1682 0.1873
0.1912 0.2400 0.3541 0.4811 0.4476 0.2571 0.1529 0.1901 0.2768 0.4130 0.4836 0.3765 0.1664 0.1670 0.2364 0.3579 0.4847 0.4301 0.2064 0.1558 0.2118 0.3194 0.4663 0.4592 0.2737 0.1529 0.1926 0.2862 0.4310 0.4775 0.3406 0.1574 0.1767 0.2566 0.3897 0.4862 0.3957 0.1731 0.1638 0.2308 0.3503 0.4829 0.4358 0.2159 0.1549 0.2086 0.3142 0.4619 0.4622 0.2901 0.1613 0.2901 0.4622 0.4619 0.3142 0.2086 0.1549 0.2159 0.4358 0.4829 0.3503 0.2308 0.1638 0.1731 0.3957 0.4862 0.3897 0.2566 0.1767 0.1574 0.3406 0.4775 0.4310 0.2862 0.1926 0.1529 0.2737 0.4592 0.4663 0.3194 0.2118 0.1558 0.2064 0.4301 0.4847 0.3579 0.2364 0.1670 0.1664 0.3765 0.4836 0.4130 0.2768 0.1901 0.1529 0.2571 0.4476 0.4811 0.3541 0.2400 0.1912
0.2536 0.3648 0.4839 0.4407 0.2422 0.1529 0.1925 0.2798 0.4150 0.4836 0.3790 0.1681 0.1655 0.2326 0.3510 0.4827 0.4373 0.2201 0.1544 0.2068 0.3107 0.4586 0.4648 0.2916 0.1533 0.1882 0.2783 0.4205 0.4807 0.3560 0.1601 0.1731 0.2497 0.3793 0.4867 0.4076 0.1805 0.1610 0.2248 0.3407 0.4794 0.4437 0.2324 0.1537 0.2035 0.3054 0.4534 0.4678 0.3015 0.1521 0.1576 0.1521 0.3015 0.4678 0.4534 0.3054 0.2035 0.1537 0.2324 0.4437 0.4794 0.3407 0.2248 0.1610 0.1805 0.4076 0.4867 0.3793 0.2497 0.1731 0.1601 0.3560 0.4807 0.4205 0.2783 0.1882 0.1533 0.2916 0.4648 0.4586 0.3107 0.2068 0.1544 0.2201 0.4373 0.4827 0.3510 0.2326 0.1655 0.1681 0.3790 0.4836 0.4150 0.2798 0.1925 0.1529 0.2422 0.4407 0.4839 0.3648 0.2536
0.3664 0.4866 0.4326 0.2259 0.1533 0.1961 0.2852 0.4208 0.4827 0.3765 0.1681 0.1649 0.2305 0.3464 0.4807 0.4428 0.2331 0.1536 0.2024 0.3028 0.4502 0.4697 0.3089 0.1542 0.1840 0.2706 0.4099 0.4832 0.3705 0.1635 0.1697 0.2429 0.3691 0.4863 0.4183 0.1902 0.1584 0.2190 0.3313 0.4747 0.4509 0.2500 0.1530 0.1986 0.2970 0.4441 0.4724 0.3192 0.1550 0.1781 0.2158 0.1781 0.1550 0.3192 0.4724 0.4441 0.2970 0.1986 0.1530 0.2500 0.4509 0.4747 0.3313 0.2190 0.1584 0.1902 0.4183 0.4863 0.3691 0.2429 0.1697 0.1635 0.3705 0.4832 0.4099 0.2706 0.1840 0.1542 0.3089 0.4697 0.4502 0.3028 0.2024 0.1536 0.2331 0.4428 0.4807 0.3464 0.2305 0.1649 0.1681 0.3765 0.4827 0.4208 0.2852 0.1961 0.1533 0.2259 0.4326 0.4866 0.3664
0.4844 0.4235 0.2101 0.1541 0.2005 0.2922 0.4289 0.4810 0.3693 0.1664 0.1655 0.2305 0.3447 0.4794 0.4463 0.2433 0.1531 0.1987 0.2959 0.4419 0.4737 0.3249 0.1556 0.1802 0.2632 0.3993 0.4851 0.3842 0.1680 0.1665 0.2364 0.3591 0.4850 0.4279 0.2026 0.1563 0.2134 0.3222 0.4685 0.4574 0.2681 0.1528 0.1940 0.2887 0.4342 0.4764 0.3357 0.1568 0.1781 0.2554 0.3256 0.2554 0.1781 0.1568 0.3357 0.4764 0.4342 0.2887 0.1940 0.1528 0.2681 0.4574 0.4685 0.3222 0.2134 0.1563 0.2026 0.4279 0.4850 0.3591 0.2364 0.1665 0.1680 0.3842 0.4851 0.3993 0.2632 0.1802 0.1556 0.3249 0.4737 0.4419 0.2959 0.1987 0.1531 0.2433 0.4463 0.4794 0.3447 0.2305 0.1655 0.1664 0.3693 0.4810 0.4289 0.2922 0.2005 0.1541 0.2101 0.4235 0.4844
0.4225 0.1964 0.1554 0.2054 0.3002 0.4382 0.4784 0.3585 0.1637 0.1670 0.2326 0.3464 0.4794 0.4475 0.2489 0.1529 0.1960 0.2904 0.4344 0.4768 0.3389 0.1574 0.1767 0.2563 0.3889 0.4863 0.3969 0.1737 0.1635 0.2302 0.3493 0.4826 0.4366 0.2175 0.1547 0.2081 0.3133 0.4611 0.4632 0.2861 0.1531 0.1895 0.2807 0.4238 0.4798 0.3513 0.1592 0.1742 0.2522 0.3830 0.4678 0.3830 0.2522 0.1742 0.1592 0.3513 0.4798 0.4238 0.2807 0.1895 0.1531 0.2861 0.4632 0.4611 0.3133 0.2081 0.1547 0.2175 0.4366 0.4826 0.3493 0.2302 0.1635 0.1737 0.3969 0.4863 0.3889 0.2563 0.1767 0.1574 0.3389 0.4768 0.4344 0.2904 0.1960 0.1529 0.2489 0.4475 0.4794 0.3464 0.2326 0.1670 0.1637 0.3585 0.4784 0.4382 0.3002 0.2054 0.1554 0.1964 0.4225
0.2092 0.1574 0.2106 0.3087 0.4478 0.4750 0.3450 0.1608 0.1693 0.2364 0.3510 0.4807 0.4463 0.2489 0.1529 0.1946 0.2868 0.4287 0.4791 0.3503 0.1594 0.1736 0.2501 0.3793 0.4867 0.4084 0.1812 0.1607 0.2242 0.3398 0.4790 0.4445 0.2341 0.1536 0.2030 0.3046 0.4526 0.4683 0.3038 0.1538 0.1853 0.2729 0.4132 0.4825 0.3661 0.1624 0.1707 0.2450 0.3727 0.4846 0.4577 0.4846 0.3727 0.2450 0.1707 0.1624 0.3661 0.4825 0.4132 0.2729 0.1853 0.1538 0.3038 0.4683 0.4526 0.3046 0.2030 0.1536 0.2341 0.4445 0.4790 0.3398 0.2242 0.1607 0.1812 0.4084 0.4867 0.3793 0.2501 0.1736 0.1594 0.3503 0.4791 0.4287 0.2868 0.1946 0.1529 0.2489 0.4463 0.4807 0.3510 0.2364 0.1693 0.1608 0.3450 0.4750 0.4478 0.3087 0.2106 0.1574 0.2092
0.1825 0.2164 0.3175 0.4568 0.4708 0.3295 0.1581 0.1722 0.2416 0.3579 0.4827 0.4428 0.2433 0.1529 0.1946 0.2856 0.4256 0.4804 0.3586 0.1614 0.1711 0.2447 0.3707 0.4864 0.4182 0.1905 0.1583 0.2185 0.3305 0.4741 0.4516 0.2518 0.1530 0.1982 0.2961 0.4432 0.4729 0.3209 0.1551 0.1813 0.2654 0.4026 0.4846 0.3800 0.1665 0.1675 0.2384 0.3622 0.4854 0.4243 0.3053 0.4243 0.4854 0.3622 0.2384 0.1675 0.1665 0.3800 0.4846 0.4026 0.2654 0.1813 0.1551 0.3209 0.4729 0.4432 0.2961 0.1982 0.1530 0.2518 0.4516 0.4741 0.3305 0.2185 0.1583 0.1905 0.4182 0.4864 0.3707 0.2447 0.1711 0.1614 0.3586 0.4804 0.4256 0.2856 0.1946 0.1529 0.2433 0.4428 0.4827 0.3579 0.2416 0.1722 0.1581 0.3295 0.4708 0.4568 0.3175 0.2164 0.1825
0.2326 0.3272 0.4647 0.4659 0.3128 0.1560 0.1756 0.2477 0.3665 0.4847 0.4373 0.2331 0.1531 0.1960 0.2868 0.4256 0.4808 0.3628 0.1629 0.1693 0.2405 0.3634 0.4855 0.4264 0.2014 0.1564 0.2134 0.3217 0.4680 0.4579 0.2699 0.1528 0.1935 0.2879 0.4332 0.4768 0.3372 0.1570 0.1775 0.2581 0.3919 0.4860 0.3931 0.1718 0.1644 0.2321 0.3523 0.4835 0.4336 0.2171 0.1473 0.2171 0.4336 0.4835 0.3523 0.2321 0.1644 0.1718 0.3931 0.4860 0.3919 0.2581 0.1775 0.1570 0.3372 0.4768 0.4332 0.2879 0.1935 0.1528 0.2699 0.4579 0.4680 0.3217 0.2134 0.1564 0.2014 0.4264 0.4855 0.3634 0.2405 0.1693 0.1629 0.3628 0.4808 0.4256 0.2868 0.1960 0.1531 0.2331 0.4373 0.4847 0.3665 0.2477 0.1756 0.1560 0.3128 0.4659 0.4647 0.3272 0.2326
0.3323 0.4727 0.4605 0.2954 0.1544 0.1793 0.2544 0.3762 0.4860 0.4301 0.2201 0.1536 0.1987 0.2904 0.4287 0.4804 0.3628 0.1634 0.1684 0.2379 0.3582 0.4843 0.4327 0.2126 0.1550 0.2087 0.3137 0.4610 0.4634 0.2875 0.1531 0.1891 0.2799 0.4228 0.4801 0.3528 0.1595 0.1738 0.2511 0.3815 0.4866 0.4052 0.1788 0.1616 0.2260 0.3427 0.4803 0.4421 0.2283 0.1516 0.1702 0.1516 0.2283 0.4421 0.4803 0.3427 0.2260 0.1616 0.1788 0.4052 0.4866 0.3815 0.2511 0.1738 0.1595 0.3528 0.4801 0.4228 0.2799 0.1891 0.1531 0.2875 0.4634 0.4610 0.3137 0.2087 0.1550 0.2126 0.4327 0.4843 0.3582 0.2379 0.1684 0.1634 0.3628 0.4804 0.4287 0.2904 0.1987 0.1536 0.2201 0.4301 0.4860 0.3762 0.2544 0.1793 0.1544 0.2954 0.4605 0.4727 0.3323
0.4689 0.4546 0.2775 0.1534 0.1832 0.2616 0.3865 0.4866 0.4213 0.2064 0.1544 0.2024 0.2959 0.4344 0.4791 0.3586 0.1629 0.1684 0.2370 0.3555 0.4833 0.4371 0.2223 0.1541 0.2048 0.3065 0.4537 0.4681 0.3038 0.1539 0.1850 0.2723 0.4122 0.4828 0.3675 0.1627 0.1704 0.2443 0.3712 0.4865 0.4161 0.1879 0.1589 0.2202 0.3333 0.4758 0.4494 0.2462 0.1533 0.1959 0.2421 0.1959 0.1533 0.2462 0.4494 0.4758 0.3333 0.2202 0.1589 0.1879 0.4161 0.4865 0.3712 0.2443 0.1704 0.1627 0.3675 0.4828 0.4122 0.2723 0.1850 0.1539 0.3038 0.4681 0.4537 0.3065 0.2048 0.1541 0.2223 0.4371 0.4833 0.3555 0.2370 0.1684 0.1629 0.3586 0.4791 0.4344 0.2959 0.2024 0.1544 0.2064 0.4213 0.4866 0.3865 0.2616 0.1832 0.1534 0.2775 0.4546 0.4689
0.4547 0.2594 0.1529 0.1873 0.2690 0.3970 0.4864 0.4110 0.1937 0.1558 0.2068 0.3028 0.4419 0.4768 0.3503 0.1614 0.1693 0.2379 0.3555 0.4830 0.4393 0.2289 0.1536 0.2017 0.3006 0.4467 0.4718 0.3184 0.1550 0.1813 0.2652 0.4019 0.4847 0.3813 0.1669 0.1672 0.2378 0.3612 0.4854 0.4260 0.1998 0.1567 0.2146 0.3241 0.4699 0.4560 0.2642 0.1529 0.1952 0.2877 0.3685 0.2877 0.1952 0.1529 0.2642 0.4560 0.4699 0.3241 0.2146 0.1567 0.1998 0.4260 0.4854 0.3612 0.2378 0.1672 0.1669 0.3813 0.4847 0.4019 0.2652 0.1813 0.1550 0.3184 0.4718 0.4467 0.3006 0.2017 0.1536 0.2289 0.4393 0.4830 0.3555 0.2379 0.1693 0.1614 0.3503 0.4768 0.4419 0.3028 0.2068 0.1558 0.1937 0.4110 0.4864 0.3970 0.2690 0.1873 0.1529 0.2594 0.4547
0.2611 0.1530 0.1916 0.2766 0.4077 0.4854 0.3995 0.1832 0.1577 0.2118 0.3107 0.4502 0.4737 0.3389 0.1594 0.1711 0.2405 0.3582 0.4833 0.4393 0.2312 0.1534 0.1999 0.2964 0.4409 0.4747 0.3309 0.1564 0.1780 0.2587 0.3921 0.4860 0.3938 0.1723 0.1642 0.2315 0.3514 0.4832 0.4349 0.2142 0.1550 0.2092 0.3151 0.4628 0.4620 0.2823 0.1530 0.1905 0.2828 0.4266 0.4818 0.4266 0.2828 0.1905 0.1530 0.2823 0.4620 0.4628 0.3151 0.2092 0.1550 0.2142 0.4349 0.4832 0.3514 0.2315 0.1642 0.1723 0.3938 0.4860 0.3921 0.2587 0.1780 0.1564 0.3309 0.4747 0.4409 0.2964 0.1999 0.1534 0.2312 0.4393 0.4833 0.3582 0.2405 0.1711 0.1594 0.3389 0.4737 0.4502 0.3107 0.2118 0.1577 0.1832 0.3995 0.4854 0.4077 0.2766 0.1916 0.1530 0.2611
0.1785 0.1964 0.2845 0.4183 0.4837 0.3869 0.1752 0.1601 0.2172 0.3194 0.4586 0.4697 0.3249 0.1574 0.1736 0.2447 0.3634 0.4843 0.4371 0.2289 0.1534 0.1992 0.2942 0.4370 0.4766 0.3405 0.1579 0.1753 0.2530 0.3832 0.4866 0.4049 0.1789 0.1614 0.2256 0.3418 0.4799 0.4429 0.2305 0.1538 0.2041 0.3064 0.4544 0.4673 0.3001 0.1536 0.1862 0.2746 0.4160 0.4797 0.4299 0.4797 0.4160 0.2746 0.1862 0.1536 0.3001 0.4673 0.4544 0.3064 0.2041 0.1538 0.2305 0.4429 0.4799 0.3418 0.2256 0.1614 0.1789 0.4049 0.4866 0.3832 0.2530 0.1753 0.1579 0.3405 0.4766 0.4370 0.2942 0.1992 0.1534 0.2289 0.4371 0.4843 0.3634 0.2447 0.1736 0.1574 0.3249 0.4697 0.4586 0.3194 0.2172 0.1601 0.1752 0.3869 0.4837 0.4183 0.2845 0.1964 0.1785
0.2151 0.2932 0.4287 0.4813 0.3735 0.1691 0.1629 0.2229 0.3285 0.4663 0.4648 0.3089 0.1556 0.1767 0.2501 0.3707 0.4855 0.4327 0.2223 0.1536 0.1999 0.2942 0.4357 0.4775 0.3463 0.1592 0.1733 0.2485 0.3756 0.4866 0.4143 0.1869 0.1590 0.2201 0.3328 0.4754 0.4501 0.2480 0.1531 0.1992 0.2979 0.4452 0.4719 0.3173 0.1548 0.1821 0.2670 0.4048 0.4839 0.3798 0.2327 0.3798 0.4839 0.4048 0.2670 0.1821 0.1548 0.3173 0.4719 0.4452 0.2979 0.1992 0.1531 0.2480 0.4501 0.4754 0.3328 0.2201 0.1590 0.1869 0.4143 0.4866 0.3756 0.2485 0.1733 0.1592 0.3463 0.4775 0.4357 0.2942 0.1999 0.1536 0.2223 0.4327 0.4855 0.3707 0.2501 0.1767 0.1556 0.3089 0.4648 0.4663 0.3285 0.2229 0.1629 0.1691 0.3735 0.4813 0.4287 0.2932 0.2151
0.3015 0.4401 0.4782 0.3591 0.1644 0.1659 0.2289 0.3378 0.4729 0.4592 0.2916 0.1542 0.1802 0.2563 0.3793 0.4864 0.4264 0.2126 0.1541 0.2017 0.2964 0.4370 0.4775 0.3483 0.1599 0.1720 0.2453 0.3698 0.4862 0.4217 0.1958 0.1571 0.2152 0.3245 0.4699 0.4564 0.2657 0.1528 0.1945 0.2896 0.4353 0.4760 0.3339 0.1565 0.1783 0.2597 0.3942 0.4858 0.3900 0.1710 0.1467 0.1710 0.3900 0.4858 0.3942 0.2597 0.1783 0.1565 0.3339 0.4760 0.4353 0.2896 0.1945 0.1528 0.2657 0.4564 0.4699 0.3245 0.2152 0.1571 0.1958 0.4217 0.4862 0.3698 0.2453 0.1720 0.1599 0.3483 0.4775 0.4370 0.2964 0.2017 0.1541 0.2126 0.4264 0.4864 0.3793 0.2563 0.1802 0.1542 0.2916 0.4592 0.4729 0.3378 0.2289 0.1659 0.1644 0.3591 0.4782 0.4401 0.3015
0.4367 0.4750 0.3440 0.1607 0.1690 0.2351 0.3473 0.4781 0.4530 0.2737 0.1533 0.1840 0.2632 0.3889 0.4867 0.4182 0.2014 0.1550 0.2048 0.3006 0.4409 0.4766 0.3463 0.1599 0.1716 0.2436 0.3662 0.4856 0.4270 0.2043 0.1558 0.2110 0.3171 0.4637 0.4617 0.2825 0.1530 0.1901 0.2817 0.4250 0.4794 0.3496 0.1589 0.1746 0.2526 0.3837 0.4866 0.4027 0.1770 0.1592 0.1864 0.1592 0.1770 0.4027 0.4866 0.3837 0.2526 0.1746 0.1589 0.3496 0.4794 0.4250 0.2817 0.1901 0.1530 0.2825 0.4617 0.4637 0.3171 0.2110 0.1558 0.2043 0.4270 0.4856 0.3662 0.2436 0.1716 0.1599 0.3463 0.4766 0.4409 0.3006 0.2048 0.1550 0.2014 0.4182 0.4867 0.3889 0.2632 0.1840 0.1533 0.2737 0.4530 0.4781 0.3473 0.2351 0.1690 0.1607 0.3440 0.4750 0.4367
0.4751 0.3279 0.1579 0.1724 0.2415 0.3570 0.4820 0.4460 0.2556 0.1529 0.1882 0.2706 0.3993 0.4863 0.4084 0.1905 0.1564 0.2087 0.3065 0.4467 0.4747 0.3405 0.1592 0.1720 0.2436 0.3649 0.4853 0.4302 0.2110 0.1549 0.2076 0.3108 0.4574 0.4662 0.2978 0.1536 0.1862 0.2742 0.4147 0.4822 0.3644 0.1620 0.1711 0.2457 0.3734 0.4866 0.4139 0.1858 0.1596 0.2175 0.2732 0.2175 0.1596 0.1858 0.4139 0.4866 0.3734 0.2457 0.1711 0.1620 0.3644 0.4822 0.4147 0.2742 0.1862 0.1536 0.2978 0.4662 0.4574 0.3108 0.2076 0.1549 0.2110 0.4302 0.4853 0.3649 0.2436 0.1720 0.1592 0.3405 0.4747 0.4467 0.3065 0.2087 0.1564 0.1905 0.4084 0.4863 0.3993 0.2706 0.1882 0.1529 0.2556 0.4460 0.4820 0.3570 0.2415 0.1724 0.1579 0.3279 0.4751
0.3261 0.1559 0.1759 0.2482 0.3669 0.4846 0.4383 0.2378 0.1529 0.1926 0.2783 0.4099 0.4851 0.3969 0.1812 0.1583 0.2134 0.3137 0.4537 0.4718 0.3309 0.1579 0.1733 0.2453 0.3662 0.4853 0.4313 0.2146 0.1544 0.2053 0.3061 0.4519 0.4696 0.3110 0.1545 0.1827 0.2675 0.4049 0.4843 0.3779 0.1658 0.1679 0.2391 0.3633 0.4857 0.4240 0.1970 0.1572 0.2161 0.3246 0.4142 0.3246 0.2161 0.1572 0.1970 0.4240 0.4857 0.3633 0.2391 0.1679 0.1658 0.3779 0.4843 0.4049 0.2675 0.1827 0.1545 0.3110 0.4696 0.4519 0.3061 0.2053 0.1544 0.2146 0.4313 0.4853 0.3662 0.2453 0.1733 0.1579 0.3309 0.4718 0.4537 0.3137 0.2134 0.1583 0.1812 0.3969 0.4851 0.4099 0.2783 0.1926 0.1529 0.2378 0.4383 0.4846 0.3669 0.2482 0.1759 0.1559 0.3261
0.1802 0.1798 0.2551 0.3771 0.4861 0.4298 0.2209 0.1535 0.1972 0.2862 0.4205 0.4832 0.3842 0.1737 0.1607 0.2185 0.3217 0.4610 0.4681 0.3184 0.1564 0.1753 0.2485 0.3698 0.4856 0.4302 0.2146 0.1543 0.2042 0.3032 0.4479 0.4720 0.3216 0.1555 0.1797 0.2615 0.3958 0.4857 0.3900 0.1706 0.1649 0.2329 0.3535 0.4838 0.4331 0.2109 0.1553 0.2104 0.3175 0.4640 0.4792 0.4640 0.3175 0.2104 0.1553 0.2109 0.4331 0.4838 0.3535 0.2329 0.1649 0.1706 0.3900 0.4857 0.3958 0.2615 0.1797 0.1555 0.3216 0.4720 0.4479 0.3032 0.2042 0.1543 0.2146 0.4302 0.4856 0.3698 0.2485 0.1753 0.1564 0.3184 0.4681 0.4610 0.3217 0.2185 0.1607 0.1737 0.3842 0.4832 0.4205 0.2862 0.1972 0.1535 0.2209 0.4298 0.4861 0.3771 0.2551 0.1798 0.1802
0.2009 0.2628 0.3874 0.4867 0.4204 0.2056 0.1545 0.2020 0.2944 0.4310 0.4807 0.3705 0.1680 0.1635 0.2242 0.3305 0.4680 0.4634 0.3038 0.1550 0.1780 0.2530 0.3756 0.4862 0.4270 0.2110 0.1544 0.2042 0.3022 0.4457 0.4734 0.3287 0.1565 0.1774 0.2566 0.3879 0.4864 0.4006 0.1764 0.1623 0.2272 0.3442 0.4808 0.4412 0.2269 0.1540 0.2052 0.3083 0.4566 0.4639 0.3889 0.4639 0.4566 0.3083 0.2052 0.1540 0.2269 0.4412 0.4808 0.3442 0.2272 0.1623 0.1764 0.4006 0.4864 0.3879 0.2566 0.1774 0.1565 0.3287 0.4734 0.4457 0.3022 0.2042 0.1544 0.2110 0.4270 0.4862 0.3756 0.2530 0.1780 0.1550 0.3038 0.4634 0.4680 0.3305 0.2242 0.1635 0.1680 0.3705 0.4807 0.4310 0.2944 0.2020 0.1545 0.2056 0.4204 0.4867 0.3874 0.2628 0.2009
0.2741 0.3990 0.4863 0.4099 0.1926 0.1559 0.2070 0.3028 0.4411 0.4775 0.3560 0.1635 0.1665 0.2302 0.3398 0.4741 0.4579 0.2875 0.1539 0.1813 0.2587 0.3832 0.4866 0.4217 0.2043 0.1549 0.2053 0.3032 0.4457 0.4739 0.3323 0.1571 0.1759 0.2529 0.3815 0.4867 0.4094 0.1831 0.1599 0.2220 0.3357 0.4768 0.4483 0.2439 0.1532 0.2002 0.2997 0.4473 0.4706 0.3192 0.1738 0.3192 0.4706 0.4473 0.2997 0.2002 0.1532 0.2439 0.4483 0.4768 0.3357 0.2220 0.1599 0.1831 0.4094 0.4867 0.3815 0.2529 0.1759 0.1571 0.3323 0.4739 0.4457 0.3032 0.2053 0.1549 0.2043 0.4217 0.4866 0.3832 0.2587 0.1813 0.1539 0.2875 0.4579 0.4741 0.3398 0.2302 0.1665 0.1635 0.3560 0.4775 0.4411 0.3028 0.2070 0.1559 0.1926 0.4099 0.4863 0.3990 0.2741
0.3981 0.4860 0.3983 0.1823 0.1579 0.2123 0.3114 0.4506 0.4737 0.3406 0.1601 0.1697 0.2364 0.3493 0.4790 0.4516 0.2699 0.1531 0.1850 0.2652 0.3921 0.4866 0.4143 0.1958 0.1558 0.2076 0.3061 0.4479 0.4734 0.3323 0.1574 0.1751 0.2507 0.3771 0.4866 0.4159 0.1899 0.1581 0.2175 0.3279 0.4720 0.4544 0.2606 0.1528 0.1956 0.2914 0.4374 0.4752 0.3299 0.1549 0.1533 0.1549 0.3299 0.4752 0.4374 0.2914 0.1956 0.1528 0.2606 0.4544 0.4720 0.3279 0.2175 0.1581 0.1899 0.4159 0.4866 0.3771 0.2507 0.1751 0.1574 0.3323 0.4734 0.4479 0.3061 0.2076 0.1558 0.1958 0.4143 0.4866 0.3921 0.2652 0.1850 0.1531 0.2699 0.4516 0.4790 0.3493 0.2364 0.1697 0.1601 0.3406 0.4737 0.4506 0.3114 0.2123 0.1579 0.1823 0.3983 0.4860 0.3981
0.4851 0.3856 0.1745 0.1604 0.2178 0.3203 0.4594 0.4693 0.3244 0.1574 0.1731 0.2429 0.3591 0.4826 0.4445 0.2518 0.1528 0.1891 0.2723 0.4019 0.4860 0.4049 0.1869 0.1571 0.2110 0.3108 0.4519 0.4720 0.3287 0.1571 0.1751 0.2500 0.3749 0.4864 0.4201 0.1958 0.1568 0.2138 0.3211 0.4667 0.4596 0.2764 0.1529 0.1913 0.2837 0.4274 0.4787 0.3463 0.1583 0.1720 0.2064 0.1720 0.1583 0.3463 0.4787 0.4274 0.2837 0.1913 0.1529 0.2764 0.4596 0.4667 0.3211 0.2138 0.1568 0.1958 0.4201 0.4864 0.3749 0.2500 0.1751 0.1571 0.3287 0.4720 0.4519 0.3108 0.2110 0.1571 0.1869 0.4049 0.4860 0.4019 0.2723 0.1891 0.1528 0.2518 0.4445 0.4826 0.3591 0.2429 0.1731 0.1574 0.3244 0.4693 0.4594 0.3203 0.2178 0.1604 0.1745 0.3856 0.4851
0.3836 0.1686 0.1632 0.2235 0.3294 0.4671 0.4643 0.3074 0.1555 0.1767 0.2497 0.3691 0.4850 0.4366 0.2341 0.1530 0.1935 0.2799 0.4122 0.4847 0.3938 0.1789 0.1590 0.2152 0.3171 0.4574 0.4696 0.3216 0.1565 0.1759 0.2507 0.3749 0.4863 0.4222 0.1999 0.1560 0.2110 0.3159 0.4617 0.4637 0.2906 0.1533 0.1876 0.2765 0.4176 0.4816 0.3611 0.1612 0.1721 0.2435 0.3094 0.2435 0.1721 0.1612 0.3611 0.4816 0.4176 0.2765 0.1876 0.1533 0.2906 0.4637 0.4617 0.3159 0.2110 0.1560 0.1999 0.4222 0.4863 0.3749 0.2507 0.1759 0.1565 0.3216 0.4696 0.4574 0.3171 0.2152 0.1590 0.1789 0.3938 0.4847 0.4122 0.2799 0.1935 0.1530 0.2341 0.4366 0.4850 0.3691 0.2497 0.1767 0.1555 0.3074 0.4643 0.4671 0.3294 0.2235 0.1632 0.1686 0.3836
0.1894 0.1663 0.2295 0.3387 0.4735 0.4586 0.2899 0.1541 0.1805 0.2566 0.3793 0.4863 0.4279 0.2175 0.1536 0.1982 0.2879 0.4228 0.4828 0.3813 0.1723 0.1614 0.2201 0.3245 0.4637 0.4662 0.3110 0.1555 0.1774 0.2529 0.3771 0.4864 0.4222 0.2013 0.1557 0.2094 0.3122 0.4576 0.4668 0.3022 0.1539 0.1843 0.2702 0.4083 0.4837 0.3744 0.1648 0.1686 0.2410 0.3655 0.4557 0.3655 0.2410 0.1686 0.1648 0.3744 0.4837 0.4083 0.2702 0.1843 0.1539 0.3022 0.4668 0.4576 0.3122 0.2094 0.1557 0.2013 0.4222 0.4864 0.3771 0.2529 0.1774 0.1555 0.3110 0.4662 0.4637 0.3245 0.2201 0.1614 0.1723 0.3813 0.4828 0.4228 0.2879 0.1982 0.1536 0.2175 0.4279 0.4863 0.3793 0.2566 0.1805 0.1541 0.2899 0.4586 0.4735 0.3387 0.2295 0.1663 0.1894
0.1897 0.2361 0.3482 0.4786 0.4523 0.2719 0.1532 0.1844 0.2639 0.3897 0.4867 0.4183 0.2026 0.1547 0.2030 0.2961 0.4332 0.4801 0.3675 0.1669 0.1642 0.2256 0.3328 0.4699 0.4617 0.2978 0.1545 0.1797 0.2566 0.3815 0.4866 0.4201 0.1999 0.1557 0.2088 0.3104 0.4548 0.4688 0.3107 0.1546 0.1817 0.2649 0.4001 0.4852 0.3860 0.1691 0.1657 0.2345 0.3563 0.4828 0.4658 0.4828 0.3563 0.2345 0.1657 0.1691 0.3860 0.4852 0.4001 0.2649 0.1817 0.1546 0.3107 0.4688 0.4548 0.3104 0.2088 0.1557 0.1999 0.4201 0.4866 0.3815 0.2566 0.1797 0.1545 0.2978 0.4617 0.4699 0.3328 0.2256 0.1642 0.1669 0.3675 0.4801 0.4332 0.2961 0.2030 0.1547 0.2026 0.4183 0.4867 0.3897 0.2639 0.1844 0.1532 0.2719 0.4523 0.4786 0.3482 0.2361 0.1897
0.2502 0.3588 0.4822 0.4453 0.2538 0.1528 0.1886 0.2713 0.4003 0.4862 0.4076 0.1902 0.1563 0.2081 0.3046 0.4432 0.4768 0.3528 0.1627 0.1672 0.2315 0.3418 0.4754 0.4564 0.2825 0.1536 0.1827 0.2615 0.3879 0.4867 0.4159 0.1958 0.1560 0.2094 0.3104 0.4539 0.4698 0.3160 0.1552 0.1798 0.2607 0.3933 0.4860 0.3958 0.1739 0.1632 0.2290 0.3469 0.4817 0.4377 0.3317 0.4377 0.4817 0.3469 0.2290 0.1632 0.1739 0.3958 0.4860 0.3933 0.2607 0.1798 0.1552 0.3160 0.4698 0.4539 0.3104 0.2094 0.1560 0.1958 0.4159 0.4867 0.3879 0.2615 0.1827 0.1536 0.2825 0.4564 0.4754 0.3418 0.2315 0.1672 0.1627 0.3528 0.4768 0.4432 0.3046 0.2081 0.1563 0.1902 0.4076 0.4862 0.4003 0.2713 0.1886 0.1528 0.2538 0.4453 0.4822 0.3588 0.2502
0.3610 0.4857 0.4376 0.2361 0.1529 0.1930 0.2790 0.4110 0.4849 0.3957 0.1805 0.1584 0.2134 0.3133 0.4526 0.4729 0.3372 0.1595 0.1704 0.2378 0.3514 0.4799 0.4501 0.2657 0.1530 0.1862 0.2675 0.3958 0.4864 0.4094 0.1899 0.1568 0.2110 0.3122 0.4548 0.4698 0.3178 0.1556 0.1787 0.2579 0.3882 0.4865 0.4035 0.1791 0.1610 0.2241 0.3387 0.4782 0.4458 0.2443 0.1507 0.2443 0.4458 0.4782 0.3387 0.2241 0.1610 0.1791 0.4035 0.4865 0.3882 0.2579 0.1787 0.1556 0.3178 0.4698 0.4548 0.3122 0.2110 0.1568 0.1899 0.4094 0.4864 0.3958 0.2675 0.1862 0.1530 0.2657 0.4501 0.4799 0.3514 0.2378 0.1704 0.1595 0.3372 0.4729 0.4526 0.3133 0.2134 0.1584 0.1805 0.3957 0.4849 0.4110 0.2790 0.1930 0.1529 0.2361 0.4376 0.4857 0.3610
0.4832 0.4290 0.2193 0.1535 0.1976 0.2870 0.4216 0.4830 0.3829 0.1731 0.1610 0.2190 0.3222 0.4611 0.4683 0.3209 0.1570 0.1738 0.2443 0.3612 0.4832 0.4429 0.2480 0.1528 0.1901 0.2742 0.4049 0.4857 0.4006 0.1831 0.1581 0.2138 0.3159 0.4576 0.4688 0.3160 0.1556 0.1783 0.2564 0.3850 0.4866 0.4089 0.1839 0.1593 0.2200 0.3316 0.4741 0.4522 0.2543 0.1508 0.1651 0.1508 0.2543 0.4522 0.4741 0.3316 0.2200 0.1593 0.1839 0.4089 0.4866 0.3850 0.2564 0.1783 0.1556 0.3160 0.4688 0.4576 0.3159 0.2138 0.1581 0.1831 0.4006 0.4857 0.4049 0.2742 0.1901 0.1528 0.2480 0.4429 0.4832 0.3612 0.2443 0.1738 0.1570 0.3209 0.4683 0.4611 0.3222 0.2190 0.1610 0.1731 0.3829 0.4830 0.4216 0.2870 0.1976 0.1535 0.2193 0.4290 0.4832
0.4283 0.2042 0.1546 0.2025 0.2952 0.4320 0.4804 0.3691 0.1675 0.1638 0.2248 0.3313 0.4685 0.4632 0.3038 0.1551 0.1775 0.2511 0.3712 0.4854 0.4349 0.2305 0.1531 0.1945 0.2817 0.4147 0.4843 0.3900 0.1764 0.1599 0.2175 0.3211 0.4617 0.4668 0.3107 0.1552 0.1787 0.2564 0.3839 0.4867 0.4122 0.1878 0.1582 0.2169 0.3257 0.4698 0.4571 0.2696 0.1529 0.1892 0.2322 0.1892 0.1529 0.2696 0.4571 0.4698 0.3257 0.2169 0.1582 0.1878 0.4122 0.4867 0.3839 0.2564 0.1787 0.1552 0.3107 0.4668 0.4617 0.3211 0.2175 0.1599 0.1764 0.3900 0.4843 0.4147 0.2817 0.1945 0.1531 0.2305 0.4349 0.4854 0.3712 0.2511 0.1775 0.1551 0.3038 0.4632 0.4685 0.3313 0.2248 0.1638 0.1675 0.3691 0.4804 0.4320 0.2952 0.2025 0.1546 0.2042 0.4283
0.2150 0.1562 0.2075 0.3036 0.4421 0.4772 0.3545 0.1631 0.1668 0.2308 0.3407 0.4747 0.4574 0.2861 0.1538 0.1813 0.2581 0.3815 0.4865 0.4260 0.2142 0.1538 0.1992 0.2896 0.4250 0.4822 0.3779 0.1706 0.1623 0.2220 0.3279 0.4667 0.4637 0.3022 0.1546 0.1798 0.2579 0.3850 0.4867 0.4134 0.1900 0.1575 0.2148 0.3215 0.4660 0.4609 0.2824 0.1531 0.1895 0.2765 0.3536 0.2765 0.1895 0.1531 0.2824 0.4609 0.4660 0.3215 0.2148 0.1575 0.1900 0.4134 0.4867 0.3850 0.2579 0.1798 0.1546 0.3022 0.4637 0.4667 0.3279 0.2220 0.1623 0.1706 0.3779 0.4822 0.4250 0.2896 0.1992 0.1538 0.2142 0.4260 0.4865 0.3815 0.2581 0.1813 0.1538 0.2861 0.4574 0.4747 0.3407 0.2308 0.1668 0.1631 0.3545 0.4772 0.4421 0.3036 0.2075 0.1562 0.2150
0.1816 0.2131 0.3122 0.4516 0.4733 0.3390 0.1598 0.1700 0.2371 0.3503 0.4794 0.4509 0.2681 0.1531 0.1853 0.2654 0.3919 0.4866 0.4161 0.1998 0.1550 0.2041 0.2979 0.4353 0.4794 0.3644 0.1658 0.1649 0.2272 0.3357 0.4720 0.4596 0.2906 0.1539 0.1817 0.2607 0.3882 0.4866 0.4122 0.1900 0.1573 0.2137 0.3189 0.4631 0.4635 0.2921 0.1535 0.1863 0.2740 0.4136 0.4798 0.4136 0.2740 0.1863 0.1535 0.2921 0.4635 0.4631 0.3189 0.2137 0.1573 0.1900 0.4122 0.4866 0.3882 0.2607 0.1817 0.1539 0.2906 0.4596 0.4720 0.3357 0.2272 0.1649 0.1658 0.3644 0.4794 0.4353 0.2979 0.2041 0.1550 0.1998 0.4161 0.4866 0.3919 0.2654 0.1853 0.1531 0.2681 0.4509 0.4794 0.3503 0.2371 0.1700 0.1598 0.3390 0.4733 0.4516 0.3122 0.2131 0.1816
0.2298 0.3219 0.4601 0.4689 0.3228 0.1572 0.1734 0.2436 0.3601 0.4829 0.4437 0.2500 0.1528 0.1895 0.2729 0.4026 0.4860 0.4052 0.1879 0.1567 0.2092 0.3064 0.4452 0.4760 0.3496 0.1620 0.1679 0.2329 0.3442 0.4768 0.4544 0.2764 0.1533 0.1843 0.2649 0.3933 0.4865 0.4089 0.1878 0.1575 0.2137 0.3180 0.4617 0.4650 0.2986 0.1539 0.1841 0.2689 0.4059 0.4822 0.4388 0.4822 0.4059 0.2689 0.1841 0.1539 0.2986 0.4650 0.4617 0.3180 0.2137 0.1575 0.1878 0.4089 0.4865 0.3933 0.2649 0.1843 0.1533 0.2764 0.4544 0.4768 0.3442 0.2329 0.1679 0.1620 0.3496 0.4760 0.4452 0.3064 0.2092 0.1567 0.1879 0.4052 0.4860 0.4026 0.2729 0.1895 0.1528 0.2500 0.4437 0.4829 0.3601 0.2436 0.1734 0.1572 0.3228 0.4689 0.4601 0.3219 0.2298
0.3274 0.4688 0.4638 0.3057 0.1553 0.1770 0.2503 0.3701 0.4852 0.4358 0.2324 0.1530 0.1940 0.2807 0.4132 0.4846 0.3931 0.1788 0.1589 0.2146 0.3151 0.4544 0.4719 0.3339 0.1589 0.1711 0.2391 0.3535 0.4808 0.4483 0.2606 0.1529 0.1876 0.2702 0.4001 0.4860 0.4035 0.1839 0.1582 0.2148 0.3189 0.4617 0.4655 0.3020 0.1542 0.1826 0.2654 0.3996 0.4852 0.3908 0.2497 0.3908 0.4852 0.3996 0.2654 0.1826 0.1542 0.3020 0.4655 0.4617 0.3189 0.2148 0.1582 0.1839 0.4035 0.4860 0.4001 0.2702 0.1876 0.1529 0.2606 0.4483 0.4808 0.3535 0.2391 0.1711 0.1589 0.3339 0.4719 0.4544 0.3151 0.2146 0.1589 0.1788 0.3931 0.4846 0.4132 0.2807 0.1940 0.1530 0.2324 0.4358 0.4852 0.3701 0.2503 0.1770 0.1553 0.3057 0.4638 0.4688 0.3274
0.4649 0.4583 0.2882 0.1540 0.1808 0.2573 0.3803 0.4864 0.4270 0.2159 0.1537 0.1986 0.2887 0.4238 0.4825 0.3800 0.1718 0.1616 0.2202 0.3241 0.4628 0.4673 0.3173 0.1565 0.1746 0.2457 0.3633 0.4838 0.4412 0.2439 0.1528 0.1913 0.2765 0.4083 0.4852 0.3958 0.1791 0.1593 0.2169 0.3215 0.4631 0.4650 0.3020 0.1543 0.1818 0.2634 0.3956 0.4860 0.3957 0.1757 0.1464 0.1757 0.3957 0.4860 0.3956 0.2634 0.1818 0.1543 0.3020 0.4650 0.4631 0.3215 0.2169 0.1593 0.1791 0.3958 0.4852 0.4083 0.2765 0.1913 0.1528 0.2439 0.4412 0.4838 0.3633 0.2457 0.1746 0.1565 0.3173 0.4673 0.4628 0.3241 0.2202 0.1616 0.1718 0.3800 0.4825 0.4238 0.2887 0.1986 0.1537 0.2159 0.4270 0.4864 0.3803 0.2573 0.1808 0.1540 0.2882 0.4583 0.4649
0.4585 0.2701 0.1531 0.1848 0.2646 0.3908 0.4867 0.4173 0.2013 0.1549 0.2035 0.2970 0.4342 0.4798 0.3661 0.1665 0.1644 0.2260 0.3333 0.4699 0.4620 0.3001 0.1548 0.1783 0.2526 0.3734 0.4857 0.4331 0.2269 0.1532 0.1956 0.2837 0.4176 0.4837 0.3860 0.1739 0.1610 0.2200 0.3257 0.4660 0.4635 0.2986 0.1542 0.1818 0.2626 0.3936 0.4862 0.4007 0.1781 0.1582 0.1844 0.1582 0.1781 0.4007 0.4862 0.3936 0.2626 0.1818 0.1542 0.2986 0.4635 0.4660 0.3257 0.2200 0.1610 0.1739 0.3860 0.4837 0.4176 0.2837 0.1956 0.1532 0.2269 0.4331 0.4857 0.3734 0.2526 0.1783 0.1548 0.3001 0.4620 0.4699 0.3333 0.2260 0.1644 0.1665 0.3661 0.4798 0.4342 0.2970 0.2035 0.1549 0.2013 0.4173 0.4867 0.3908 0.2646 0.1848 0.1531 0.2701 0.4585
0.2709 0.1529 0.1890 0.2721 0.4014 0.4861 0.4065 0.1891 0.1565 0.2086 0.3054 0.4441 0.4764 0.3513 0.1624 0.1675 0.2321 0.3427 0.4758 0.4560 0.2823 0.1536 0.1821 0.2597 0.3837 0.4866 0.4240 0.2109 0.1540 0.2002 0.2914 0.4274 0.4816 0.3744 0.1691 0.1632 0.2241 0.3316 0.4698 0.4609 0.2921 0.1539 0.1826 0.2634 0.3936 0.4863 0.4030 0.1806 0.1602 0.2172 0.2718 0.2172 0.1602 0.1806 0.4030 0.4863 0.3936 0.2634 0.1826 0.1539 0.2921 0.4609 0.4698 0.3316 0.2241 0.1632 0.1691 0.3744 0.4816 0.4274 0.2914 0.2002 0.1540 0.2109 0.4240 0.4866 0.3837 0.2597 0.1821 0.1536 0.2823 0.4560 0.4758 0.3427 0.2321 0.1675 0.1624 0.3513 0.4764 0.4441 0.3054 0.2086 0.1565 0.1891 0.4065 0.4861 0.4014 0.2721 0.1890 0.1529 0.2709
0.1784 0.1937 0.2798 0.4120 0.4848 0.3945 0.1797 0.1587 0.2140 0.3142 0.4534 0.4724 0.3357 0.1592 0.1707 0.2384 0.3523 0.4803 0.4494 0.2642 0.1530 0.1862 0.2670 0.3942 0.4866 0.4139 0.1970 0.1553 0.2052 0.2997 0.4374 0.4787 0.3611 0.1648 0.1657 0.2290 0.3387 0.4741 0.4571 0.2824 0.1535 0.1841 0.2654 0.3956 0.4862 0.4030 0.1815 0.1595 0.2195 0.3271 0.4158 0.3271 0.2195 0.1595 0.1815 0.4030 0.4862 0.3956 0.2654 0.1841 0.1535 0.2824 0.4571 0.4741 0.3387 0.2290 0.1657 0.1648 0.3611 0.4787 0.4374 0.2997 0.2052 0.1553 0.1970 0.4139 0.4866 0.3942 0.2670 0.1862 0.1530 0.2642 0.4494 0.4803 0.3523 0.2384 0.1707 0.1592 0.3357 0.4724 0.4534 0.3142 0.2140 0.1587 0.1797 0.3945 0.4848 0.4120 0.2798 0.1937 0.1784
0.2128 0.2885 0.4227 0.4828 0.3815 0.1725 0.1613 0.2196 0.3231 0.4619 0.4678 0.3192 0.1568 0.1742 0.2450 0.3622 0.4835 0.4421 0.2462 0.1529 0.1905 0.2746 0.4048 0.4858 0.4027 0.1858 0.1572 0.2104 0.3083 0.4473 0.4752 0.3463 0.1612 0.1686 0.2345 0.3469 0.4782 0.4522 0.2696 0.1531 0.1863 0.2689 0.3996 0.4860 0.4007 0.1806 0.1595 0.2186 0.3269 0.4686 0.4784 0.4686 0.3269 0.2186 0.1595 0.1806 0.4007 0.4860 0.3996 0.2689 0.1863 0.1531 0.2696 0.4522 0.4782 0.3469 0.2345 0.1686 0.1612 0.3463 0.4752 0.4473 0.3083 0.2104 0.1572 0.1858 0.4027 0.4858 0.4048 0.2746 0.1905 0.1529 0.2462 0.4421 0.4835 0.3622 0.2450 0.1742 0.1568 0.3192 0.4678 0.4619 0.3231 0.2196 0.1613 0.1725 0.3815 0.4828 0.4227 0.2885 0.2128
0.2974 0.4347 0.4797 0.3673 0.1669 0.1643 0.2257 0.3327 0.4694 0.4622 0.3015 0.1550 0.1781 0.2522 0.3727 0.4854 0.4336 0.2283 0.1533 0.1952 0.2828 0.4160 0.4839 0.3900 0.1770 0.1596 0.2161 0.3175 0.4566 0.4706 0.3299 0.1583 0.1721 0.2410 0.3563 0.4817 0.4458 0.2543 0.1529 0.1895 0.2740 0.4059 0.4852 0.3957 0.1781 0.1602 0.2195 0.3269 0.4687 0.4577 0.3762 0.4577 0.4687 0.3269 0.2195 0.1602 0.1781 0.3957 0.4852 0.4059 0.2740 0.1895 0.1529 0.2543 0.4458 0.4817 0.3563 0.2410 0.1721 0.1583 0.3299 0.4706 0.4566 0.3175 0.2161 0.1596 0.1770 0.3900 0.4839 0.4160 0.2828 0.1952 0.1533 0.2283 0.4336 0.4854 0.3727 0.2522 0.1781 0.1550 0.3015 0.4622 0.4694 0.3327 0.2257 0.1643 0.1669 0.3673 0.4797 0.4347 0.2974
0.4301 0.4750 0.3571 0.1623 0.1640 0.2276 0.3408 0.4743 0.4546 0.2901 0.1521 0.1781 0.2554 0.3830 0.4846 0.4243 0.2171 0.1516 0.1959 0.2877 0.4266 0.4797 0.3798 0.1710 0.1592 0.2175 0.3246 0.4640 0.4639 0.3192 0.1549 0.1720 0.2435 0.3655 0.4828 0.4377 0.2443 0.1508 0.1892 0.2765 0.4136 0.4822 0.3908 0.1757 0.1582 0.2172 0.3271 0.4686 0.4577 0.2955 0.1631 0.2955 0.4577 0.4686 0.3271 0.2172 0.1582 0.1757 0.3908 0.4822 0.4136 0.2765 0.1892 0.1508 0.2443 0.4377 0.4828 0.3655 0.2435 0.1720 0.1549 0.3192 0.4639 0.4640 0.3246 0.2175 0.1592 0.1710 0.3798 0.4797 0.4266 0.2877 0.1959 0.1516 0.2171 0.4243 0.4846 0.3830 0.2554 0.1781 0.1521 0.2901 0.4546 0.4743 0.3408 0.2276 0.1640 0.1623 0.3571 0.4750 0.4301
0.4814 0.4141 0.2042 0.1487 0.1940 0.2874 0.4323 0.4749 0.3676 0.1613 0.1576 0.2158 0.3256 0.4678 0.4577 0.3053 0.1473 0.1702 0.2421 0.3685 0.4818 0.4299 0.2327 0.1467 0.1864 0.2732 0.4142 0.4792 0.3889 0.1738 0.1533 0.2064 0.3094 0.4557 0.4658 0.3317 0.1507 0.1651 0.2322 0.3536 0.4798 0.4388 0.2497 0.1464 0.1844 0.2718 0.4158 0.4784 0.3762 0.1631 0.1397 0.1631 0.3762 0.4784 0.4158 0.2718 0.1844 0.1464 0.2497 0.4388 0.4798 0.3536 0.2322 0.1651 0.1507 0.3317 0.4658 0.4557 0.3094 0.2064 0.1533 0.1738 0.3889 0.4792 0.4142 0.2732 0.1864 0.1467 0.2327 0.4299 0.4818 0.3685 0.2421 0.1702 0.1473 0.3053 0.4577 0.4678 0.3256 0.2158 0.1576 0.1613 0.3676 0.4749 0.4323 0.2874 0.1940 0.1487 0.2042 0.4141 0.4814
0.4301 0.4750 0.3571 0.1623 0.1640 0.2276 0.3408 0.4743 0.4546 0.2901 0.1521 0.1781 0.2554 0.3830 0.4846 0.4243 0.2171 0.1516 0.1959 0.2877 0.4266 0.4797 0.3798 0.1710 0.1592 0.2175 0.3246 0.4640 0.4639 0.3192 0.1549 0.1720 0.2435 0.3655 0.4828 0.4377 0.2443 0.1508 0.1892 0.2765 0.4136 0.4822 0.3908 0.1757 0.1582 0.2172 0.3271 0.4686 0.4577 0.2955 0.1631 0.2955 0.4577 0.4686 0.3271 0.2172 0.1582 0.1757 0.3908 0.4822 0.4136 0.2765 0.1892 0.1508 0.2443 0.4377 0.4828 0.3655 0.2435 0.1720 0.1549 0.3192 0.4639 0.4640 0.3246 0.2175 0.1592 0.1710 0.3798 0.4797 0.4266 0.2877 0.1959 0.1516 0.2171 0.4243 0.4846 0.3830 0.2554 0.1781 0.1521 0.2901 0.4546 0.4743 0.3408 0.2276 0.1640 0.1623 0.3571 0.4750 0.4301
0.2974 0.4347 0.4797 0.3673 0.1669 0.1643 0.2257 0.3327 0.4694 0.4622 0.3015 0.1550 0.1781 0.2522 0.3727 0.4854 0.4336 0.2283 0.1533 0.1952 0.2828 0.4160 0.4839 0.3900 0.1770 0.1596 0.2161 0.3175 0.4566 0.4706 0.3299 0.1583 0.1721 0.2410 0.3563 0.4817 0.4458 0.2543 0.1529 0.1895 0.2740 0.4059 0.4852 0.3957 0.1781 0.1602 0.2195 0.3269 0.4687 0.4577 0.3762 0.4577 0.4687 0.3269 0.2195 0.1602 0.1781 0.3957 0.4852 0.4059 0.2740 0.1895 0.1529 0.2543 0.4458 0.4817 0.3563 0.2410 0.1721 0.1583 0.3299 0.4706 0.4566 0.3175 0.2161 0.1596 0.1770 0.3900 0.4839 0.4160 0.2828 0.1952 0.1533 0.2283 0.4336 0.4854 0.3727 0.2522 0.1781 0.1550 0.3015 0.4622 0.4694 0.3327 0.2257 0.1643 0.1669 0.3673 0.4797 0.4347 0.2974
0.2128 0.2885 0.4227 0.4828 0.3815 0.1725 0.1613 0.2196 0.3231 0.4619 0.4678 0.3192 0.1568 0.1742 0.2450 0.3622 0.4835 0.4421 0.2462 0.1529 0.1905 0.2746 0.4048 0.4858 0.4027 0.1858 0.1572 0.2104 0.3083 0.4473 0.4752 0.3463 0.1612 0.1686 0.2345 0.3469 0.4782 0.4522 0.2696 0.1531 0.1863 0.2689 0.3996 0.4860 0.4007 0.1806 0.1595 0.2186 0.3269 0.4686 0.4784 0.4686 0.3269 0.2186 0.1595 0.1806 0.4007 0.4860 0.3996 0.2689 0.1863 0.1531 0.2696 0.4522 0.4782 0.3469 0.2345 0.1686 0.1612 0.3463 0.4752 0.4473 0.3083 0.2104 0.1572 0.1858 0.4027 0.4858 0.4048 0.2746 0.1905 0.1529 0.2462 0.4421 0.4835 0.3622 0.2450 0.1742 0.1568 0.3192 0.4678 0.4619 0.3231 0.2196 0.1613 0.1725 0.3815 0.4828 0.4227 0.2885 0.2128
0.1784 0.1937 0.2798 0.4120 0.4848 0.3945 0.1797 0.1587 0.2140 0.3142 0.4534 0.4724 0.3357 0.1592 0.1707 0.2384 0.3523 0.4803 0.4494 0.2642 0.1530 0.1862 0.2670 0.3942 0.4866 0.4139 0.1970 0.1553 0.2052 0.2997 0.4374 0.4787 0.3611 0.1648 0.1657 0.2290 0.3387 0.4741 0.4571 0.2824 0.1535 0.1841 0.2654 0.3956 0.4862 0.4030 0.1815 0.1595 0.2195 0.3271 0.4158 0.3271 0.2195 0.1595 0.1815 0.4030 0.4862 0.3956 0.2654 0.1841 0.1535 0.2824 0.4571 0.4741 0.3387 0.2290 0.1657 0.1648 0.3611 0.4787 0.4374 0.2997 0.2052 0.1553 0.1970 0.4139 0.4866 0.3942 0.2670 0.1862 0.1530 0.2642 0.4494 0.4803 0.3523 0.2384 0.1707 0.1592 0.3357 0.4724 0.4534 0.3142 0.2140 0.1587 0.1797 0.3945 0.4848 0.4120 0.2798 0.1937 0.1784
0.2709 0.1529 0.1890 0.2721 0.4014 0.4861 0.4065 0.1891 0.1565 0.2086 0.3054 0.4441 0.4764 0.3513 0.1624 0.1675 0.2321 0.3427 0.4758 0.4560 0.2823 0.1536 0.1821 0.2597 0.3837 0.4866 0.4240 0.2109 0.1540 0.2002 0.2914 0.4274 0.4816 0.3744 0.1691 0.1632 0.2241 0.3316 0.4698 0.4609 0.2921 0.1539 0.1826 0.2634 0.3936 0.4863 0.4030 0.1806 0.1602 0.2172 0.2718 0.2172 0.1602 0.1806 0.4030 0.4863 0.3936 0.2634 0.1826 0.1539 0.2921 0.4609 0.4698 0.3316 0.2241 0.1632 0.1691 0.3744 0.4816 0.4274 0.2914 0.2002 0.1540 0.2109 0.4240 0.4866 0.3837 0.2597 0.1821 0.1536 0.2823 0.4560 0.4758 0.3427 0.2321 0.1675 0.1624 0.3513 0.4764 0.4441 0.3054 0.2086 0.1565 0.1891 0.4065 0.4861 0.4014 0.2721 0.1890 0.1529 0.2709
