1.0000 0.0003 0.0026 0.0199 0.1513 1.0000 1.0000 0.0002 0.0016 0.0118 0.0895 0.6797 1.0000 1.0000 0.0009 0.0070 0.0529 0.4014 1.0000 1.0000 0.0005 0.0041 0.0312 0.2370 1.0000 1.0000 0.0003 0.0024 0.0184 0.1400 1.0000 1.0000 0.0002 0.0014 0.0109 0.0826 0.6275 1.0000 1.0000 0.0008 0.0064 0.0488 0.3706 1.0000 1.0000 0.0005 0.0038 0.0288 0.2201 1.0000 1.0000 1.0000 0.2201 0.0288 0.0038 0.0005 1.0000 1.0000 0.3706 0.0488 0.0064 0.0008 1.0000 1.0000 0.6275 0.0826 0.0109 0.0014 0.0002 1.0000 1.0000 0.1400 0.0184 0.0024 0.0003 1.0000 1.0000 0.2370 0.0312 0.0041 0.0005 1.0000 1.0000 0.4014 0.0529 0.0070 0.0009 1.0000 1.0000 0.6797 0.0895 0.0118 0.0016 0.0002 1.0000 1.0000 0.1513 0.0199 0.0026 0.0003 1.0000
0.0003 0.0030 0.0220 0.1645 1.0000 1.0000 0.0002 0.0017 0.0126 0.0960 0.7293 1.0000 1.0000 0.0010 0.0075 0.0566 0.4306 1.0000 1.0000 0.0006 0.0044 0.0335 0.2538 1.0000 1.0000 0.0003 0.0026 0.0197 0.1502 1.0000 1.0000 0.0002 0.0015 0.0117 0.0885 0.6733 1.0000 1.0000 0.0009 0.0069 0.0524 0.3968 1.0000 1.0000 0.0005 0.0041 0.0309 0.2348 1.0000 1.0000 1.0000 1.0000 1.0000 0.2348 0.0309 0.0041 0.0005 1.0000 1.0000 0.3968 0.0524 0.0069 0.0009 1.0000 1.0000 0.6733 0.0885 0.0117 0.0015 0.0002 1.0000 1.0000 0.1502 0.0197 0.0026 0.0003 1.0000 1.0000 0.2538 0.0335 0.0044 0.0006 1.0000 1.0000 0.4306 0.0566 0.0075 0.0010 1.0000 1.0000 0.7293 0.0960 0.0126 0.0017 0.0002 1.0000 1.0000 0.1645 0.0220 0.0030 0.0003
0.0026 0.0220 0.1545 1.0000 1.0000 1.0000 0.0014 0.0110 0.0831 0.6311 1.0000 1.0000 0.0008 0.0064 0.0489 0.3713 1.0000 1.0000 0.0005 0.0038 0.0289 0.2192 1.0000 1.0000 0.0003 0.0022 0.0170 0.1295 0.9830 1.0000 1.0000 0.0013 0.0101 0.0764 0.5805 1.0000 1.0000 0.0008 0.0059 0.0451 0.3428 1.0000 1.0000 0.0005 0.0035 0.0267 0.2024 1.0000 1.0000 0.0003 0.0010 0.0003 1.0000 1.0000 0.2024 0.0267 0.0035 0.0005 1.0000 1.0000 0.3428 0.0451 0.0059 0.0008 1.0000 1.0000 0.5805 0.0764 0.0101 0.0013 1.0000 1.0000 0.9830 0.1295 0.0170 0.0022 0.0003 1.0000 1.0000 0.2192 0.0289 0.0038 0.0005 1.0000 1.0000 0.3713 0.0489 0.0064 0.0008 1.0000 1.0000 0.6311 0.0831 0.0110 0.0014 1.0000 1.0000 1.0000 0.1545 0.0220 0.0026
0.0199 0.1645 1.0000 1.0000 1.0000 0.0013 0.0098 0.0737 0.5556 1.0000 1.0000 0.0007 0.0056 0.0428 0.3250 1.0000 1.0000 0.0004 0.0033 0.0253 0.1919 1.0000 1.0000 0.0003 0.0020 0.0149 0.1133 0.8605 1.0000 1.0000 0.0012 0.0088 0.0669 0.5081 1.0000 1.0000 0.0007 0.0052 0.0395 0.3000 1.0000 1.0000 0.0004 0.0031 0.0233 0.1772 1.0000 1.0000 0.0002 0.0018 0.0063 0.0018 0.0002 1.0000 1.0000 0.1772 0.0233 0.0031 0.0004 1.0000 1.0000 0.3000 0.0395 0.0052 0.0007 1.0000 1.0000 0.5081 0.0669 0.0088 0.0012 1.0000 1.0000 0.8605 0.1133 0.0149 0.0020 0.0003 1.0000 1.0000 0.1919 0.0253 0.0033 0.0004 1.0000 1.0000 0.3250 0.0428 0.0056 0.0007 1.0000 1.0000 0.5556 0.0737 0.0098 0.0013 1.0000 1.0000 1.0000 0.1645 0.0199
0.1513 1.0000 1.0000 1.0000 0.0013 0.0092 0.0673 0.4995 1.0000 1.0000 0.0007 0.0049 0.0375 0.2839 1.0000 1.0000 0.0004 0.0029 0.0221 0.1677 1.0000 1.0000 0.0002 0.0017 0.0130 0.0990 0.7518 1.0000 1.0000 0.0010 0.0077 0.0585 0.4439 1.0000 1.0000 0.0006 0.0045 0.0345 0.2621 1.0000 1.0000 0.0004 0.0027 0.0204 0.1548 1.0000 1.0000 0.0002 0.0016 0.0122 0.0419 0.0122 0.0016 0.0002 1.0000 1.0000 0.1548 0.0204 0.0027 0.0004 1.0000 1.0000 0.2621 0.0345 0.0045 0.0006 1.0000 1.0000 0.4439 0.0585 0.0077 0.0010 1.0000 1.0000 0.7518 0.0990 0.0130 0.0017 0.0002 1.0000 1.0000 0.1677 0.0221 0.0029 0.0004 1.0000 1.0000 0.2839 0.0375 0.0049 0.0007 1.0000 1.0000 0.4995 0.0673 0.0092 0.0013 1.0000 1.0000 1.0000 0.1513
1.0000 1.0000 1.0000 0.0013 0.0092 0.0649 0.4682 1.0000 1.0000 0.0006 0.0044 0.0330 0.2495 1.0000 1.0000 0.0003 0.0025 0.0193 0.1465 1.0000 1.0000 1.0000 0.0015 0.0114 0.0865 0.6569 1.0000 1.0000 0.0009 0.0067 0.0511 0.3879 1.0000 1.0000 0.0005 0.0040 0.0302 0.2290 1.0000 1.0000 0.0003 0.0023 0.0178 0.1352 1.0000 1.0000 1.0000 0.0014 0.0106 0.0812 0.2781 0.0812 0.0106 0.0014 1.0000 1.0000 1.0000 0.1352 0.0178 0.0023 0.0003 1.0000 1.0000 0.2290 0.0302 0.0040 0.0005 1.0000 1.0000 0.3879 0.0511 0.0067 0.0009 1.0000 1.0000 0.6569 0.0865 0.0114 0.0015 1.0000 1.0000 1.0000 0.1465 0.0193 0.0025 0.0003 1.0000 1.0000 0.2495 0.0330 0.0044 0.0006 1.0000 1.0000 0.4682 0.0649 0.0092 0.0013 1.0000 1.0000 1.0000
1.0000 0.0002 0.0014 0.0098 0.0673 0.4682 1.0000 1.0000 0.0005 0.0040 0.0296 0.2217 1.0000 1.0000 0.0003 0.0022 0.0169 0.1280 0.9719 1.0000 1.0000 0.0013 0.0100 0.0756 0.5739 1.0000 1.0000 0.0008 0.0059 0.0446 0.3389 1.0000 1.0000 0.0005 0.0035 0.0264 0.2001 1.0000 1.0000 0.0003 0.0020 0.0156 0.1182 0.8973 1.0000 1.0000 0.0012 0.0092 0.0703 0.5390 1.0000 0.5390 0.0703 0.0092 0.0012 1.0000 1.0000 0.8973 0.1182 0.0156 0.0020 0.0003 1.0000 1.0000 0.2001 0.0264 0.0035 0.0005 1.0000 1.0000 0.3389 0.0446 0.0059 0.0008 1.0000 1.0000 0.5739 0.0756 0.0100 0.0013 1.0000 1.0000 0.9719 0.1280 0.0169 0.0022 0.0003 1.0000 1.0000 0.2217 0.0296 0.0040 0.0005 1.0000 1.0000 0.4682 0.0673 0.0098 0.0014 0.0002 1.0000
0.0002 0.0017 0.0110 0.0737 0.4995 1.0000 1.0000 0.0005 0.0038 0.0274 0.2024 1.0000 1.0000 0.0003 0.0020 0.0148 0.1120 0.8491 1.0000 1.0000 0.0011 0.0087 0.0660 0.5014 1.0000 1.0000 0.0007 0.0051 0.0390 0.2961 1.0000 1.0000 0.0004 0.0030 0.0230 0.1748 1.0000 1.0000 0.0002 0.0018 0.0136 0.1032 0.7839 1.0000 1.0000 0.0011 0.0080 0.0610 0.4664 1.0000 1.0000 1.0000 0.4664 0.0610 0.0080 0.0011 1.0000 1.0000 0.7839 0.1032 0.0136 0.0018 0.0002 1.0000 1.0000 0.1748 0.0230 0.0030 0.0004 1.0000 1.0000 0.2961 0.0390 0.0051 0.0007 1.0000 1.0000 0.5014 0.0660 0.0087 0.0011 1.0000 1.0000 0.8491 0.1120 0.0148 0.0020 0.0003 1.0000 1.0000 0.2024 0.0274 0.0038 0.0005 1.0000 1.0000 0.4995 0.0737 0.0110 0.0017 0.0002
0.0016 0.0126 0.0831 0.5556 1.0000 1.0000 0.0005 0.0038 0.0267 0.1919 1.0000 1.0000 0.0002 0.0018 0.0132 0.0990 0.7475 1.0000 1.0000 0.0010 0.0076 0.0577 0.4381 1.0000 1.0000 0.0006 0.0045 0.0341 0.2587 1.0000 1.0000 0.0003 0.0026 0.0201 0.1527 1.0000 1.0000 0.0002 0.0016 0.0119 0.0902 0.6849 1.0000 1.0000 0.0009 0.0070 0.0533 0.4044 1.0000 1.0000 0.0003 1.0000 1.0000 0.4044 0.0533 0.0070 0.0009 1.0000 1.0000 0.6849 0.0902 0.0119 0.0016 0.0002 1.0000 1.0000 0.1527 0.0201 0.0026 0.0003 1.0000 1.0000 0.2587 0.0341 0.0045 0.0006 1.0000 1.0000 0.4381 0.0577 0.0076 0.0010 1.0000 1.0000 0.7475 0.0990 0.0132 0.0018 0.0002 1.0000 1.0000 0.1919 0.0267 0.0038 0.0005 1.0000 1.0000 0.5556 0.0831 0.0126 0.0016
0.0118 0.0960 0.6311 1.0000 1.0000 0.0006 0.0040 0.0274 0.1919 1.0000 1.0000 0.0002 0.0016 0.0119 0.0888 0.6644 1.0000 1.0000 0.0009 0.0066 0.0504 0.3827 1.0000 1.0000 0.0005 0.0039 0.0298 0.2260 1.0000 1.0000 0.0003 0.0023 0.0176 0.1335 1.0000 1.0000 1.0000 0.0014 0.0104 0.0788 0.5984 1.0000 1.0000 0.0008 0.0061 0.0465 0.3534 1.0000 1.0000 0.0005 0.0017 0.0005 1.0000 1.0000 0.3534 0.0465 0.0061 0.0008 1.0000 1.0000 0.5984 0.0788 0.0104 0.0014 1.0000 1.0000 1.0000 0.1335 0.0176 0.0023 0.0003 1.0000 1.0000 0.2260 0.0298 0.0039 0.0005 1.0000 1.0000 0.3827 0.0504 0.0066 0.0009 1.0000 1.0000 0.6644 0.0888 0.0119 0.0016 0.0002 1.0000 1.0000 0.1919 0.0274 0.0040 0.0006 1.0000 1.0000 0.6311 0.0960 0.0118
0.0895 0.7293 1.0000 1.0000 0.0007 0.0044 0.0296 0.2024 1.0000 1.0000 0.0002 0.0015 0.0111 0.0817 0.6041 1.0000 1.0000 0.0008 0.0059 0.0443 0.3350 1.0000 1.0000 0.0005 0.0034 0.0260 0.1975 1.0000 1.0000 0.0003 0.0020 0.0154 0.1166 0.8854 1.0000 1.0000 0.0012 0.0091 0.0688 0.5228 1.0000 1.0000 0.0007 0.0054 0.0407 0.3087 1.0000 1.0000 0.0004 0.0032 0.0110 0.0032 0.0004 1.0000 1.0000 0.3087 0.0407 0.0054 0.0007 1.0000 1.0000 0.5228 0.0688 0.0091 0.0012 1.0000 1.0000 0.8854 0.1166 0.0154 0.0020 0.0003 1.0000 1.0000 0.1975 0.0260 0.0034 0.0005 1.0000 1.0000 0.3350 0.0443 0.0059 0.0008 1.0000 1.0000 0.6041 0.0817 0.0111 0.0015 0.0002 1.0000 1.0000 0.2024 0.0296 0.0044 0.0007 1.0000 1.0000 0.7293 0.0895
0.6797 1.0000 1.0000 0.0007 0.0049 0.0330 0.2217 1.0000 1.0000 0.0002 0.0015 0.0109 0.0781 0.5663 1.0000 1.0000 0.0007 0.0052 0.0394 0.2961 1.0000 1.0000 0.0004 0.0030 0.0227 0.1725 1.0000 1.0000 0.0002 0.0018 0.0134 0.1019 0.7736 1.0000 1.0000 0.0010 0.0079 0.0602 0.4568 1.0000 1.0000 0.0006 0.0047 0.0355 0.2697 1.0000 1.0000 0.0004 0.0028 0.0213 0.0730 0.0213 0.0028 0.0004 1.0000 1.0000 0.2697 0.0355 0.0047 0.0006 1.0000 1.0000 0.4568 0.0602 0.0079 0.0010 1.0000 1.0000 0.7736 0.1019 0.0134 0.0018 0.0002 1.0000 1.0000 0.1725 0.0227 0.0030 0.0004 1.0000 1.0000 0.2961 0.0394 0.0052 0.0007 1.0000 1.0000 0.5663 0.0781 0.0109 0.0015 0.0002 1.0000 1.0000 0.2217 0.0330 0.0049 0.0007 1.0000 1.0000 0.6797
1.0000 1.0000 0.0008 0.0056 0.0375 0.2495 1.0000 1.0000 0.0002 0.0016 0.0111 0.0781 0.5525 1.0000 1.0000 0.0006 0.0048 0.0355 0.2651 1.0000 1.0000 0.0003 0.0026 0.0199 0.1507 1.0000 1.0000 0.0002 0.0015 0.0117 0.0890 0.6759 1.0000 1.0000 0.0009 0.0069 0.0526 0.3991 1.0000 1.0000 0.0005 0.0041 0.0310 0.2357 1.0000 1.0000 0.0003 0.0024 0.0185 0.1416 0.4845 0.1416 0.0185 0.0024 0.0003 1.0000 1.0000 0.2357 0.0310 0.0041 0.0005 1.0000 1.0000 0.3991 0.0526 0.0069 0.0009 1.0000 1.0000 0.6759 0.0890 0.0117 0.0015 0.0002 1.0000 1.0000 0.1507 0.0199 0.0026 0.0003 1.0000 1.0000 0.2651 0.0355 0.0048 0.0006 1.0000 1.0000 0.5525 0.0781 0.0111 0.0016 0.0002 1.0000 1.0000 0.2495 0.0375 0.0056 0.0008 1.0000 1.0000
1.0000 0.0010 0.0064 0.0428 0.2839 1.0000 1.0000 0.0003 0.0018 0.0119 0.0817 0.5663 1.0000 1.0000 0.0006 0.0045 0.0328 0.2420 1.0000 1.0000 0.0003 0.0023 0.0175 0.1324 1.0000 1.0000 1.0000 0.0013 0.0102 0.0778 0.5905 1.0000 1.0000 0.0008 0.0060 0.0459 0.3487 1.0000 1.0000 0.0005 0.0036 0.0271 0.2059 1.0000 1.0000 0.0003 0.0021 0.0160 0.1225 0.9392 1.0000 0.9392 0.1225 0.0160 0.0021 0.0003 1.0000 1.0000 0.2059 0.0271 0.0036 0.0005 1.0000 1.0000 0.3487 0.0459 0.0060 0.0008 1.0000 1.0000 0.5905 0.0778 0.0102 0.0013 1.0000 1.0000 1.0000 0.1324 0.0175 0.0023 0.0003 1.0000 1.0000 0.2420 0.0328 0.0045 0.0006 1.0000 1.0000 0.5663 0.0817 0.0119 0.0018 0.0003 1.0000 1.0000 0.2839 0.0428 0.0064 0.0010 1.0000
0.0009 0.0075 0.0489 0.3250 1.0000 1.0000 0.0003 0.0020 0.0132 0.0888 0.6041 1.0000 1.0000 0.0006 0.0044 0.0315 0.2277 1.0000 1.0000 0.0003 0.0021 0.0156 0.1175 0.8854 1.0000 1.0000 0.0012 0.0089 0.0679 0.5159 1.0000 1.0000 0.0007 0.0053 0.0401 0.3046 1.0000 1.0000 0.0004 0.0031 0.0237 0.1799 1.0000 1.0000 0.0002 0.0018 0.0140 0.1062 0.8128 1.0000 1.0000 1.0000 0.8128 0.1062 0.0140 0.0018 0.0002 1.0000 1.0000 0.1799 0.0237 0.0031 0.0004 1.0000 1.0000 0.3046 0.0401 0.0053 0.0007 1.0000 1.0000 0.5159 0.0679 0.0089 0.0012 1.0000 1.0000 0.8854 0.1175 0.0156 0.0021 0.0003 1.0000 1.0000 0.2277 0.0315 0.0044 0.0006 1.0000 1.0000 0.6041 0.0888 0.0132 0.0020 0.0003 1.0000 1.0000 0.3250 0.0489 0.0075 0.0009
0.0070 0.0566 0.3713 1.0000 1.0000 0.0003 0.0022 0.0148 0.0990 0.6644 1.0000 1.0000 0.0006 0.0045 0.0315 0.2230 1.0000 1.0000 0.0003 0.0019 0.0141 0.1056 0.7899 1.0000 1.0000 0.0010 0.0079 0.0595 0.4507 1.0000 1.0000 0.0006 0.0046 0.0350 0.2662 1.0000 1.0000 0.0004 0.0027 0.0207 0.1572 1.0000 1.0000 0.0002 0.0016 0.0122 0.0928 0.7047 1.0000 1.0000 0.0004 1.0000 1.0000 0.7047 0.0928 0.0122 0.0016 0.0002 1.0000 1.0000 0.1572 0.0207 0.0027 0.0004 1.0000 1.0000 0.2662 0.0350 0.0046 0.0006 1.0000 1.0000 0.4507 0.0595 0.0079 0.0010 1.0000 1.0000 0.7899 0.1056 0.0141 0.0019 0.0003 1.0000 1.0000 0.2230 0.0315 0.0045 0.0006 1.0000 1.0000 0.6644 0.0990 0.0148 0.0022 0.0003 1.0000 1.0000 0.3713 0.0566 0.0070
0.0529 0.4306 1.0000 1.0000 0.0004 0.0025 0.0169 0.1120 0.7475 1.0000 1.0000 0.0007 0.0048 0.0328 0.2277 1.0000 1.0000 0.0002 0.0018 0.0132 0.0968 0.7169 1.0000 1.0000 0.0009 0.0069 0.0525 0.3961 1.0000 1.0000 0.0005 0.0040 0.0306 0.2325 1.0000 1.0000 0.0003 0.0024 0.0181 0.1373 1.0000 1.0000 1.0000 0.0014 0.0107 0.0811 0.6157 1.0000 1.0000 0.0008 0.0029 0.0008 1.0000 1.0000 0.6157 0.0811 0.0107 0.0014 1.0000 1.0000 1.0000 0.1373 0.0181 0.0024 0.0003 1.0000 1.0000 0.2325 0.0306 0.0040 0.0005 1.0000 1.0000 0.3961 0.0525 0.0069 0.0009 1.0000 1.0000 0.7169 0.0968 0.0132 0.0018 0.0002 1.0000 1.0000 0.2277 0.0328 0.0048 0.0007 1.0000 1.0000 0.7475 0.1120 0.0169 0.0025 0.0004 1.0000 1.0000 0.4306 0.0529
0.4014 1.0000 1.0000 0.0004 0.0029 0.0193 0.1280 0.8491 1.0000 1.0000 0.0008 0.0052 0.0355 0.2420 1.0000 1.0000 0.0002 0.0018 0.0127 0.0916 0.6669 1.0000 1.0000 0.0008 0.0062 0.0466 0.3507 1.0000 1.0000 0.0005 0.0035 0.0268 0.2032 1.0000 1.0000 0.0003 0.0021 0.0158 0.1200 0.9110 1.0000 1.0000 0.0012 0.0093 0.0708 0.5380 1.0000 1.0000 0.0007 0.0056 0.0192 0.0056 0.0007 1.0000 1.0000 0.5380 0.0708 0.0093 0.0012 1.0000 1.0000 0.9110 0.1200 0.0158 0.0021 0.0003 1.0000 1.0000 0.2032 0.0268 0.0035 0.0005 1.0000 1.0000 0.3507 0.0466 0.0062 0.0008 1.0000 1.0000 0.6669 0.0916 0.0127 0.0018 0.0002 1.0000 1.0000 0.2420 0.0355 0.0052 0.0008 1.0000 1.0000 0.8491 0.1280 0.0193 0.0029 0.0004 1.0000 1.0000 0.4014
1.0000 1.0000 0.0005 0.0033 0.0221 0.1465 0.9719 1.0000 1.0000 0.0009 0.0059 0.0394 0.2651 1.0000 1.0000 0.0003 0.0018 0.0127 0.0899 0.6433 1.0000 1.0000 0.0008 0.0056 0.0420 0.3135 1.0000 1.0000 0.0004 0.0031 0.0235 0.1778 1.0000 1.0000 0.0002 0.0018 0.0138 0.1048 0.7960 1.0000 1.0000 0.0011 0.0082 0.0619 0.4700 1.0000 1.0000 0.0006 0.0048 0.0372 0.1273 0.0372 0.0048 0.0006 1.0000 1.0000 0.4700 0.0619 0.0082 0.0011 1.0000 1.0000 0.7960 0.1048 0.0138 0.0018 0.0002 1.0000 1.0000 0.1778 0.0235 0.0031 0.0004 1.0000 1.0000 0.3135 0.0420 0.0056 0.0008 1.0000 1.0000 0.6433 0.0899 0.0127 0.0018 0.0003 1.0000 1.0000 0.2651 0.0394 0.0059 0.0009 1.0000 1.0000 0.9719 0.1465 0.0221 0.0033 0.0005 1.0000 1.0000
1.0000 0.0006 0.0038 0.0253 0.1677 1.0000 1.0000 1.0000 0.0010 0.0066 0.0443 0.2961 1.0000 1.0000 0.0003 0.0019 0.0132 0.0916 0.6433 1.0000 1.0000 0.0007 0.0053 0.0387 0.2856 1.0000 1.0000 0.0004 0.0028 0.0207 0.1563 1.0000 1.0000 0.0002 0.0016 0.0121 0.0916 0.6954 1.0000 1.0000 0.0009 0.0071 0.0541 0.4106 1.0000 1.0000 0.0006 0.0042 0.0322 0.2467 0.8443 0.2467 0.0322 0.0042 0.0006 1.0000 1.0000 0.4106 0.0541 0.0071 0.0009 1.0000 1.0000 0.6954 0.0916 0.0121 0.0016 0.0002 1.0000 1.0000 0.1563 0.0207 0.0028 0.0004 1.0000 1.0000 0.2856 0.0387 0.0053 0.0007 1.0000 1.0000 0.6433 0.0916 0.0132 0.0019 0.0003 1.0000 1.0000 0.2961 0.0443 0.0066 0.0010 1.0000 1.0000 1.0000 0.1677 0.0253 0.0038 0.0006 1.0000
0.0005 0.0044 0.0289 0.1919 1.0000 1.0000 1.0000 0.0011 0.0076 0.0504 0.3350 1.0000 1.0000 0.0003 0.0021 0.0141 0.0968 0.6669 1.0000 1.0000 0.0007 0.0051 0.0367 0.2667 1.0000 1.0000 0.0003 0.0025 0.0184 0.1386 1.0000 1.0000 1.0000 0.0014 0.0105 0.0800 0.6076 1.0000 1.0000 0.0008 0.0062 0.0472 0.3588 1.0000 1.0000 0.0005 0.0037 0.0279 0.2135 1.0000 1.0000 1.0000 0.2135 0.0279 0.0037 0.0005 1.0000 1.0000 0.3588 0.0472 0.0062 0.0008 1.0000 1.0000 0.6076 0.0800 0.0105 0.0014 1.0000 1.0000 1.0000 0.1386 0.0184 0.0025 0.0003 1.0000 1.0000 0.2667 0.0367 0.0051 0.0007 1.0000 1.0000 0.6669 0.0968 0.0141 0.0021 0.0003 1.0000 1.0000 0.3350 0.0504 0.0076 0.0011 1.0000 1.0000 1.0000 0.1919 0.0289 0.0044 0.0005
0.0041 0.0335 0.2192 1.0000 1.0000 1.0000 0.0013 0.0087 0.0577 0.3827 1.0000 1.0000 0.0003 0.0023 0.0156 0.1056 0.7169 1.0000 1.0000 0.0007 0.0051 0.0360 0.2577 1.0000 1.0000 0.0003 0.0022 0.0167 0.1244 0.9303 1.0000 1.0000 0.0012 0.0093 0.0700 0.5308 1.0000 1.0000 0.0007 0.0054 0.0413 0.3135 1.0000 1.0000 0.0004 0.0032 0.0244 0.1851 1.0000 1.0000 1.0000 1.0000 1.0000 0.1851 0.0244 0.0032 0.0004 1.0000 1.0000 0.3135 0.0413 0.0054 0.0007 1.0000 1.0000 0.5308 0.0700 0.0093 0.0012 1.0000 1.0000 0.9303 0.1244 0.0167 0.0022 0.0003 1.0000 1.0000 0.2577 0.0360 0.0051 0.0007 1.0000 1.0000 0.7169 0.1056 0.0156 0.0023 0.0003 1.0000 1.0000 0.3827 0.0577 0.0087 0.0013 1.0000 1.0000 1.0000 0.2192 0.0335 0.0041
0.0312 0.2538 1.0000 1.0000 0.0002 0.0015 0.0100 0.0660 0.4381 1.0000 1.0000 0.0004 0.0026 0.0175 0.1175 0.7899 1.0000 1.0000 0.0008 0.0053 0.0367 0.2577 1.0000 1.0000 0.0003 0.0021 0.0154 0.1137 0.8427 1.0000 1.0000 0.0011 0.0082 0.0618 0.4664 1.0000 1.0000 0.0006 0.0047 0.0361 0.2739 1.0000 1.0000 0.0004 0.0028 0.0213 0.1617 1.0000 1.0000 0.0002 0.0008 0.0002 1.0000 1.0000 0.1617 0.0213 0.0028 0.0004 1.0000 1.0000 0.2739 0.0361 0.0047 0.0006 1.0000 1.0000 0.4664 0.0618 0.0082 0.0011 1.0000 1.0000 0.8427 0.1137 0.0154 0.0021 0.0003 1.0000 1.0000 0.2577 0.0367 0.0053 0.0008 1.0000 1.0000 0.7899 0.1175 0.0175 0.0026 0.0004 1.0000 1.0000 0.4381 0.0660 0.0100 0.0015 0.0002 1.0000 1.0000 0.2538 0.0312
0.2370 1.0000 1.0000 0.0003 0.0017 0.0114 0.0756 0.5014 1.0000 1.0000 0.0005 0.0030 0.0199 0.1324 0.8854 1.0000 1.0000 0.0008 0.0056 0.0387 0.2667 1.0000 1.0000 0.0003 0.0020 0.0147 0.1066 0.7810 1.0000 1.0000 0.0010 0.0073 0.0549 0.4130 1.0000 1.0000 0.0005 0.0041 0.0315 0.2393 1.0000 1.0000 0.0003 0.0025 0.0186 0.1413 1.0000 1.0000 1.0000 0.0015 0.0050 0.0015 1.0000 1.0000 1.0000 0.1413 0.0186 0.0025 0.0003 1.0000 1.0000 0.2393 0.0315 0.0041 0.0005 1.0000 1.0000 0.4130 0.0549 0.0073 0.0010 1.0000 1.0000 0.7810 0.1066 0.0147 0.0020 0.0003 1.0000 1.0000 0.2667 0.0387 0.0056 0.0008 1.0000 1.0000 0.8854 0.1324 0.0199 0.0030 0.0005 1.0000 1.0000 0.5014 0.0756 0.0114 0.0017 0.0003 1.0000 1.0000 0.2370
1.0000 1.0000 0.0003 0.0020 0.0130 0.0865 0.5739 1.0000 1.0000 0.0005 0.0034 0.0227 0.1507 1.0000 1.0000 1.0000 0.0009 0.0062 0.0420 0.2856 1.0000 1.0000 0.0003 0.0020 0.0144 0.1032 0.7433 1.0000 1.0000 0.0009 0.0066 0.0494 0.3692 1.0000 1.0000 0.0005 0.0036 0.0276 0.2090 1.0000 1.0000 0.0003 0.0021 0.0163 0.1234 0.9374 1.0000 1.0000 0.0013 0.0098 0.0334 0.0098 0.0013 1.0000 1.0000 0.9374 0.1234 0.0163 0.0021 0.0003 1.0000 1.0000 0.2090 0.0276 0.0036 0.0005 1.0000 1.0000 0.3692 0.0494 0.0066 0.0009 1.0000 1.0000 0.7433 0.1032 0.0144 0.0020 0.0003 1.0000 1.0000 0.2856 0.0420 0.0062 0.0009 1.0000 1.0000 1.0000 0.1507 0.0227 0.0034 0.0005 1.0000 1.0000 0.5739 0.0865 0.0130 0.0020 0.0003 1.0000 1.0000
1.0000 0.0003 0.0022 0.0149 0.0990 0.6569 1.0000 1.0000 0.0006 0.0039 0.0260 0.1725 1.0000 1.0000 1.0000 0.0010 0.0069 0.0466 0.3135 1.0000 1.0000 0.0003 0.0021 0.0147 0.1032 0.7307 1.0000 1.0000 0.0008 0.0062 0.0453 0.3350 1.0000 1.0000 0.0004 0.0032 0.0244 0.1840 1.0000 1.0000 0.0002 0.0019 0.0142 0.1078 0.8190 1.0000 1.0000 0.0011 0.0085 0.0648 0.2217 0.0648 0.0085 0.0011 1.0000 1.0000 0.8190 0.1078 0.0142 0.0019 0.0002 1.0000 1.0000 0.1840 0.0244 0.0032 0.0004 1.0000 1.0000 0.3350 0.0453 0.0062 0.0008 1.0000 1.0000 0.7307 0.1032 0.0147 0.0021 0.0003 1.0000 1.0000 0.3135 0.0466 0.0069 0.0010 1.0000 1.0000 1.0000 0.1725 0.0260 0.0039 0.0006 1.0000 1.0000 0.6569 0.0990 0.0149 0.0022 0.0003 1.0000
0.0003 0.0026 0.0170 0.1133 0.7518 1.0000 1.0000 0.0007 0.0045 0.0298 0.1975 1.0000 1.0000 1.0000 0.0012 0.0079 0.0525 0.3507 1.0000 1.0000 0.0003 0.0022 0.0154 0.1066 0.7433 1.0000 1.0000 0.0008 0.0059 0.0426 0.3117 1.0000 1.0000 0.0004 0.0029 0.0217 0.1633 1.0000 1.0000 0.0002 0.0016 0.0124 0.0942 0.7155 1.0000 1.0000 0.0010 0.0073 0.0561 0.4298 1.0000 0.4298 0.0561 0.0073 0.0010 1.0000 1.0000 0.7155 0.0942 0.0124 0.0016 0.0002 1.0000 1.0000 0.1633 0.0217 0.0029 0.0004 1.0000 1.0000 0.3117 0.0426 0.0059 0.0008 1.0000 1.0000 0.7433 0.1066 0.0154 0.0022 0.0003 1.0000 1.0000 0.3507 0.0525 0.0079 0.0012 1.0000 1.0000 1.0000 0.1975 0.0298 0.0045 0.0007 1.0000 1.0000 0.7518 0.1133 0.0170 0.0026 0.0003
0.0024 0.0197 0.1295 0.8605 1.0000 1.0000 0.0008 0.0051 0.0341 0.2260 1.0000 1.0000 0.0002 0.0013 0.0089 0.0595 0.3961 1.0000 1.0000 0.0004 0.0025 0.0167 0.1137 0.7810 1.0000 1.0000 0.0008 0.0058 0.0413 0.2972 1.0000 1.0000 0.0004 0.0026 0.0196 0.1462 1.0000 1.0000 1.0000 0.0014 0.0109 0.0825 0.6252 1.0000 1.0000 0.0008 0.0064 0.0486 0.3720 1.0000 1.0000 1.0000 0.3720 0.0486 0.0064 0.0008 1.0000 1.0000 0.6252 0.0825 0.0109 0.0014 1.0000 1.0000 1.0000 0.1462 0.0196 0.0026 0.0004 1.0000 1.0000 0.2972 0.0413 0.0058 0.0008 1.0000 1.0000 0.7810 0.1137 0.0167 0.0025 0.0004 1.0000 1.0000 0.3961 0.0595 0.0089 0.0013 0.0002 1.0000 1.0000 0.2260 0.0341 0.0051 0.0008 1.0000 1.0000 0.8605 0.1295 0.0197 0.0024
0.0184 0.1502 0.9830 1.0000 1.0000 0.0009 0.0059 0.0390 0.2587 1.0000 1.0000 0.0002 0.0015 0.0102 0.0679 0.4507 1.0000 1.0000 0.0004 0.0028 0.0184 0.1244 0.8427 1.0000 1.0000 0.0008 0.0059 0.0413 0.2927 1.0000 1.0000 0.0003 0.0025 0.0180 0.1332 0.9887 1.0000 1.0000 0.0013 0.0097 0.0728 0.5493 1.0000 1.0000 0.0007 0.0056 0.0425 0.3225 1.0000 1.0000 1.0000 1.0000 1.0000 0.3225 0.0425 0.0056 0.0007 1.0000 1.0000 0.5493 0.0728 0.0097 0.0013 1.0000 1.0000 0.9887 0.1332 0.0180 0.0025 0.0003 1.0000 1.0000 0.2927 0.0413 0.0059 0.0008 1.0000 1.0000 0.8427 0.1244 0.0184 0.0028 0.0004 1.0000 1.0000 0.4507 0.0679 0.0102 0.0015 0.0002 1.0000 1.0000 0.2587 0.0390 0.0059 0.0009 1.0000 1.0000 0.9830 0.1502 0.0184
0.1400 1.0000 1.0000 1.0000 0.0010 0.0067 0.0446 0.2961 1.0000 1.0000 0.0003 0.0018 0.0117 0.0778 0.5159 1.0000 1.0000 0.0005 0.0031 0.0207 0.1386 0.9303 1.0000 1.0000 0.0009 0.0062 0.0426 0.2972 1.0000 1.0000 0.0003 0.0023 0.0170 0.1241 0.9110 1.0000 1.0000 0.0011 0.0086 0.0647 0.4864 1.0000 1.0000 0.0006 0.0049 0.0371 0.2818 1.0000 1.0000 0.0004 0.0013 0.0004 1.0000 1.0000 0.2818 0.0371 0.0049 0.0006 1.0000 1.0000 0.4864 0.0647 0.0086 0.0011 1.0000 1.0000 0.9110 0.1241 0.0170 0.0023 0.0003 1.0000 1.0000 0.2972 0.0426 0.0062 0.0009 1.0000 1.0000 0.9303 0.1386 0.0207 0.0031 0.0005 1.0000 1.0000 0.5159 0.0778 0.0117 0.0018 0.0003 1.0000 1.0000 0.2961 0.0446 0.0067 0.0010 1.0000 1.0000 1.0000 0.1400
1.0000 1.0000 1.0000 0.0012 0.0077 0.0511 0.3389 1.0000 1.0000 0.0003 0.0020 0.0134 0.0890 0.5905 1.0000 1.0000 0.0005 0.0035 0.0235 0.1563 1.0000 1.0000 1.0000 0.0010 0.0066 0.0453 0.3117 1.0000 1.0000 0.0003 0.0023 0.0165 0.1188 0.8605 1.0000 1.0000 0.0010 0.0078 0.0579 0.4339 1.0000 1.0000 0.0006 0.0043 0.0325 0.2462 1.0000 1.0000 0.0003 0.0026 0.0088 0.0026 0.0003 1.0000 1.0000 0.2462 0.0325 0.0043 0.0006 1.0000 1.0000 0.4339 0.0579 0.0078 0.0010 1.0000 1.0000 0.8605 0.1188 0.0165 0.0023 0.0003 1.0000 1.0000 0.3117 0.0453 0.0066 0.0010 1.0000 1.0000 1.0000 0.1563 0.0235 0.0035 0.0005 1.0000 1.0000 0.5905 0.0890 0.0134 0.0020 0.0003 1.0000 1.0000 0.3389 0.0511 0.0077 0.0012 1.0000 1.0000 1.0000
1.0000 0.0002 0.0013 0.0088 0.0585 0.3879 1.0000 1.0000 0.0003 0.0023 0.0154 0.1019 0.6759 1.0000 1.0000 0.0006 0.0040 0.0268 0.1778 1.0000 1.0000 1.0000 0.0011 0.0073 0.0494 0.3350 1.0000 1.0000 0.0003 0.0023 0.0165 0.1173 0.8363 1.0000 1.0000 0.0010 0.0072 0.0530 0.3923 1.0000 1.0000 0.0005 0.0038 0.0287 0.2163 1.0000 1.0000 0.0003 0.0022 0.0170 0.0582 0.0170 0.0022 0.0003 1.0000 1.0000 0.2163 0.0287 0.0038 0.0005 1.0000 1.0000 0.3923 0.0530 0.0072 0.0010 1.0000 1.0000 0.8363 0.1173 0.0165 0.0023 0.0003 1.0000 1.0000 0.3350 0.0494 0.0073 0.0011 1.0000 1.0000 1.0000 0.1778 0.0268 0.0040 0.0006 1.0000 1.0000 0.6759 0.1019 0.0154 0.0023 0.0003 1.0000 1.0000 0.3879 0.0585 0.0088 0.0013 0.0002 1.0000
0.0002 0.0015 0.0101 0.0669 0.4439 1.0000 1.0000 0.0004 0.0026 0.0176 0.1166 0.7736 1.0000 1.0000 0.0007 0.0046 0.0306 0.2032 1.0000 1.0000 1.0000 0.0012 0.0082 0.0549 0.3692 1.0000 1.0000 0.0004 0.0025 0.0170 0.1188 0.8363 1.0000 1.0000 0.0009 0.0068 0.0495 0.3629 1.0000 1.0000 0.0005 0.0034 0.0255 0.1915 1.0000 1.0000 0.0003 0.0019 0.0147 0.1129 0.3864 0.1129 0.0147 0.0019 0.0003 1.0000 1.0000 0.1915 0.0255 0.0034 0.0005 1.0000 1.0000 0.3629 0.0495 0.0068 0.0009 1.0000 1.0000 0.8363 0.1188 0.0170 0.0025 0.0004 1.0000 1.0000 0.3692 0.0549 0.0082 0.0012 1.0000 1.0000 1.0000 0.2032 0.0306 0.0046 0.0007 1.0000 1.0000 0.7736 0.1166 0.0176 0.0026 0.0004 1.0000 1.0000 0.4439 0.0669 0.0101 0.0015 0.0002
0.0014 0.0117 0.0764 0.5081 1.0000 1.0000 0.0005 0.0030 0.0201 0.1335 0.8854 1.0000 1.0000 0.0008 0.0053 0.0350 0.2325 1.0000 1.0000 0.0002 0.0014 0.0093 0.0618 0.4130 1.0000 1.0000 0.0004 0.0026 0.0180 0.1241 0.8605 1.0000 1.0000 0.0009 0.0066 0.0473 0.3428 1.0000 1.0000 0.0004 0.0031 0.0229 0.1712 1.0000 1.0000 0.0002 0.0017 0.0128 0.0977 0.7490 1.0000 0.7490 0.0977 0.0128 0.0017 0.0002 1.0000 1.0000 0.1712 0.0229 0.0031 0.0004 1.0000 1.0000 0.3428 0.0473 0.0066 0.0009 1.0000 1.0000 0.8605 0.1241 0.0180 0.0026 0.0004 1.0000 1.0000 0.4130 0.0618 0.0093 0.0014 0.0002 1.0000 1.0000 0.2325 0.0350 0.0053 0.0008 1.0000 1.0000 0.8854 0.1335 0.0201 0.0030 0.0005 1.0000 1.0000 0.5081 0.0764 0.0117 0.0014
0.0109 0.0885 0.5805 1.0000 1.0000 0.0005 0.0035 0.0230 0.1527 1.0000 1.0000 1.0000 0.0009 0.0060 0.0401 0.2662 1.0000 1.0000 0.0002 0.0016 0.0105 0.0700 0.4664 1.0000 1.0000 0.0004 0.0029 0.0196 0.1332 0.9110 1.0000 1.0000 0.0009 0.0066 0.0467 0.3331 1.0000 1.0000 0.0004 0.0028 0.0210 0.1554 1.0000 1.0000 0.0002 0.0015 0.0113 0.0854 0.6506 1.0000 1.0000 1.0000 0.6506 0.0854 0.0113 0.0015 0.0002 1.0000 1.0000 0.1554 0.0210 0.0028 0.0004 1.0000 1.0000 0.3331 0.0467 0.0066 0.0009 1.0000 1.0000 0.9110 0.1332 0.0196 0.0029 0.0004 1.0000 1.0000 0.4664 0.0700 0.0105 0.0016 0.0002 1.0000 1.0000 0.2662 0.0401 0.0060 0.0009 1.0000 1.0000 1.0000 0.1527 0.0230 0.0035 0.0005 1.0000 1.0000 0.5805 0.0885 0.0109
0.0826 0.6733 1.0000 1.0000 0.0006 0.0040 0.0264 0.1748 1.0000 1.0000 1.0000 0.0010 0.0069 0.0459 0.3046 1.0000 1.0000 0.0003 0.0018 0.0121 0.0800 0.5308 1.0000 1.0000 0.0005 0.0032 0.0217 0.1462 0.9887 1.0000 1.0000 0.0010 0.0068 0.0473 0.3331 1.0000 1.0000 0.0004 0.0027 0.0197 0.1440 1.0000 1.0000 1.0000 0.0013 0.0101 0.0757 0.5706 1.0000 1.0000 0.0003 1.0000 1.0000 0.5706 0.0757 0.0101 0.0013 1.0000 1.0000 1.0000 0.1440 0.0197 0.0027 0.0004 1.0000 1.0000 0.3331 0.0473 0.0068 0.0010 1.0000 1.0000 0.9887 0.1462 0.0217 0.0032 0.0005 1.0000 1.0000 0.5308 0.0800 0.0121 0.0018 0.0003 1.0000 1.0000 0.3046 0.0459 0.0069 0.0010 1.0000 1.0000 1.0000 0.1748 0.0264 0.0040 0.0006 1.0000 1.0000 0.6733 0.0826
0.6275 1.0000 1.0000 0.0007 0.0045 0.0302 0.2001 1.0000 1.0000 1.0000 0.0012 0.0079 0.0526 0.3487 1.0000 1.0000 0.0003 0.0021 0.0138 0.0916 0.6076 1.0000 1.0000 0.0005 0.0036 0.0244 0.1633 1.0000 1.0000 1.0000 0.0010 0.0072 0.0495 0.3428 1.0000 1.0000 0.0004 0.0026 0.0189 0.1363 0.9943 1.0000 1.0000 0.0012 0.0091 0.0677 0.5081 1.0000 1.0000 0.0007 0.0023 0.0007 1.0000 1.0000 0.5081 0.0677 0.0091 0.0012 1.0000 1.0000 0.9943 0.1363 0.0189 0.0026 0.0004 1.0000 1.0000 0.3428 0.0495 0.0072 0.0010 1.0000 1.0000 1.0000 0.1633 0.0244 0.0036 0.0005 1.0000 1.0000 0.6076 0.0916 0.0138 0.0021 0.0003 1.0000 1.0000 0.3487 0.0526 0.0079 0.0012 1.0000 1.0000 1.0000 0.2001 0.0302 0.0045 0.0007 1.0000 1.0000 0.6275
1.0000 1.0000 0.0008 0.0052 0.0345 0.2290 1.0000 1.0000 0.0002 0.0014 0.0091 0.0602 0.3991 1.0000 1.0000 0.0004 0.0024 0.0158 0.1048 0.6954 1.0000 1.0000 0.0006 0.0041 0.0276 0.1840 1.0000 1.0000 1.0000 0.0011 0.0078 0.0530 0.3629 1.0000 1.0000 0.0004 0.0026 0.0186 0.1327 0.9536 1.0000 1.0000 0.0011 0.0083 0.0615 0.4577 1.0000 1.0000 0.0006 0.0046 0.0156 0.0046 0.0006 1.0000 1.0000 0.4577 0.0615 0.0083 0.0011 1.0000 1.0000 0.9536 0.1327 0.0186 0.0026 0.0004 1.0000 1.0000 0.3629 0.0530 0.0078 0.0011 1.0000 1.0000 1.0000 0.1840 0.0276 0.0041 0.0006 1.0000 1.0000 0.6954 0.1048 0.0158 0.0024 0.0004 1.0000 1.0000 0.3991 0.0602 0.0091 0.0014 0.0002 1.0000 1.0000 0.2290 0.0345 0.0052 0.0008 1.0000 1.0000
1.0000 0.0009 0.0059 0.0395 0.2621 1.0000 1.0000 0.0002 0.0016 0.0104 0.0688 0.4568 1.0000 1.0000 0.0004 0.0027 0.0181 0.1200 0.7960 1.0000 1.0000 0.0007 0.0047 0.0315 0.2090 1.0000 1.0000 1.0000 0.0013 0.0086 0.0579 0.3923 1.0000 1.0000 0.0004 0.0027 0.0189 0.1327 0.9392 1.0000 1.0000 0.0011 0.0078 0.0571 0.4201 1.0000 1.0000 0.0005 0.0040 0.0305 0.1042 0.0305 0.0040 0.0005 1.0000 1.0000 0.4201 0.0571 0.0078 0.0011 1.0000 1.0000 0.9392 0.1327 0.0189 0.0027 0.0004 1.0000 1.0000 0.3923 0.0579 0.0086 0.0013 1.0000 1.0000 1.0000 0.2090 0.0315 0.0047 0.0007 1.0000 1.0000 0.7960 0.1200 0.0181 0.0027 0.0004 1.0000 1.0000 0.4568 0.0688 0.0104 0.0016 0.0002 1.0000 1.0000 0.2621 0.0395 0.0059 0.0009 1.0000
0.0008 0.0069 0.0451 0.3000 1.0000 1.0000 0.0003 0.0018 0.0119 0.0788 0.5228 1.0000 1.0000 0.0005 0.0031 0.0207 0.1373 0.9110 1.0000 1.0000 0.0008 0.0054 0.0361 0.2393 1.0000 1.0000 0.0002 0.0014 0.0097 0.0647 0.4339 1.0000 1.0000 0.0004 0.0028 0.0197 0.1363 0.9536 1.0000 1.0000 0.0010 0.0075 0.0543 0.3946 1.0000 1.0000 0.0005 0.0036 0.0271 0.2047 0.7007 0.2047 0.0271 0.0036 0.0005 1.0000 1.0000 0.3946 0.0543 0.0075 0.0010 1.0000 1.0000 0.9536 0.1363 0.0197 0.0028 0.0004 1.0000 1.0000 0.4339 0.0647 0.0097 0.0014 0.0002 1.0000 1.0000 0.2393 0.0361 0.0054 0.0008 1.0000 1.0000 0.9110 0.1373 0.0207 0.0031 0.0005 1.0000 1.0000 0.5228 0.0788 0.0119 0.0018 0.0003 1.0000 1.0000 0.3000 0.0451 0.0069 0.0008
0.0064 0.0524 0.3428 1.0000 1.0000 0.0003 0.0020 0.0136 0.0902 0.5984 1.0000 1.0000 0.0005 0.0036 0.0237 0.1572 1.0000 1.0000 1.0000 0.0009 0.0062 0.0413 0.2739 1.0000 1.0000 0.0002 0.0016 0.0109 0.0728 0.4864 1.0000 1.0000 0.0005 0.0031 0.0210 0.1440 0.9943 1.0000 1.0000 0.0010 0.0074 0.0529 0.3791 1.0000 1.0000 0.0004 0.0033 0.0244 0.1830 1.0000 1.0000 1.0000 0.1830 0.0244 0.0033 0.0004 1.0000 1.0000 0.3791 0.0529 0.0074 0.0010 1.0000 1.0000 0.9943 0.1440 0.0210 0.0031 0.0005 1.0000 1.0000 0.4864 0.0728 0.0109 0.0016 0.0002 1.0000 1.0000 0.2739 0.0413 0.0062 0.0009 1.0000 1.0000 1.0000 0.1572 0.0237 0.0036 0.0005 1.0000 1.0000 0.5984 0.0902 0.0136 0.0020 0.0003 1.0000 1.0000 0.3428 0.0524 0.0064
0.0488 0.3968 1.0000 1.0000 0.0004 0.0023 0.0156 0.1032 0.6849 1.0000 1.0000 0.0006 0.0041 0.0271 0.1799 1.0000 1.0000 1.0000 0.0011 0.0071 0.0472 0.3135 1.0000 1.0000 0.0003 0.0019 0.0124 0.0825 0.5493 1.0000 1.0000 0.0005 0.0034 0.0229 0.1554 1.0000 1.0000 1.0000 0.0011 0.0075 0.0529 0.3741 1.0000 1.0000 0.0004 0.0031 0.0227 0.1670 1.0000 1.0000 1.0000 1.0000 1.0000 0.1670 0.0227 0.0031 0.0004 1.0000 1.0000 0.3741 0.0529 0.0075 0.0011 1.0000 1.0000 1.0000 0.1554 0.0229 0.0034 0.0005 1.0000 1.0000 0.5493 0.0825 0.0124 0.0019 0.0003 1.0000 1.0000 0.3135 0.0472 0.0071 0.0011 1.0000 1.0000 1.0000 0.1799 0.0271 0.0041 0.0006 1.0000 1.0000 0.6849 0.1032 0.0156 0.0023 0.0004 1.0000 1.0000 0.3968 0.0488
0.3706 1.0000 1.0000 0.0004 0.0027 0.0178 0.1182 0.7839 1.0000 1.0000 0.0007 0.0047 0.0310 0.2059 1.0000 1.0000 1.0000 0.0012 0.0082 0.0541 0.3588 1.0000 1.0000 0.0003 0.0021 0.0142 0.0942 0.6252 1.0000 1.0000 0.0006 0.0038 0.0255 0.1712 1.0000 1.0000 1.0000 0.0011 0.0078 0.0543 0.3791 1.0000 1.0000 0.0004 0.0030 0.0216 0.1569 1.0000 1.0000 1.0000 0.0007 1.0000 1.0000 1.0000 0.1569 0.0216 0.0030 0.0004 1.0000 1.0000 0.3791 0.0543 0.0078 0.0011 1.0000 1.0000 1.0000 0.1712 0.0255 0.0038 0.0006 1.0000 1.0000 0.6252 0.0942 0.0142 0.0021 0.0003 1.0000 1.0000 0.3588 0.0541 0.0082 0.0012 1.0000 1.0000 1.0000 0.2059 0.0310 0.0047 0.0007 1.0000 1.0000 0.7839 0.1182 0.0178 0.0027 0.0004 1.0000 1.0000 0.3706
1.0000 1.0000 0.0005 0.0031 0.0204 0.1352 0.8973 1.0000 1.0000 0.0008 0.0054 0.0355 0.2357 1.0000 1.0000 0.0002 0.0014 0.0093 0.0619 0.4106 1.0000 1.0000 0.0004 0.0025 0.0163 0.1078 0.7155 1.0000 1.0000 0.0006 0.0043 0.0287 0.1915 1.0000 1.0000 1.0000 0.0012 0.0083 0.0571 0.3946 1.0000 1.0000 0.0004 0.0029 0.0211 0.1510 1.0000 1.0000 1.0000 0.0013 0.0045 0.0013 1.0000 1.0000 1.0000 0.1510 0.0211 0.0029 0.0004 1.0000 1.0000 0.3946 0.0571 0.0083 0.0012 1.0000 1.0000 1.0000 0.1915 0.0287 0.0043 0.0006 1.0000 1.0000 0.7155 0.1078 0.0163 0.0025 0.0004 1.0000 1.0000 0.4106 0.0619 0.0093 0.0014 0.0002 1.0000 1.0000 0.2357 0.0355 0.0054 0.0008 1.0000 1.0000 0.8973 0.1352 0.0204 0.0031 0.0005 1.0000 1.0000
1.0000 0.0005 0.0035 0.0233 0.1548 1.0000 1.0000 1.0000 0.0009 0.0061 0.0407 0.2697 1.0000 1.0000 0.0002 0.0016 0.0107 0.0708 0.4700 1.0000 1.0000 0.0004 0.0028 0.0186 0.1234 0.8190 1.0000 1.0000 0.0007 0.0049 0.0325 0.2163 1.0000 1.0000 0.0002 0.0013 0.0091 0.0615 0.4201 1.0000 1.0000 0.0004 0.0030 0.0211 0.1490 1.0000 1.0000 1.0000 0.0012 0.0092 0.0312 0.0092 0.0012 1.0000 1.0000 1.0000 0.1490 0.0211 0.0030 0.0004 1.0000 1.0000 0.4201 0.0615 0.0091 0.0013 0.0002 1.0000 1.0000 0.2163 0.0325 0.0049 0.0007 1.0000 1.0000 0.8190 0.1234 0.0186 0.0028 0.0004 1.0000 1.0000 0.4700 0.0708 0.0107 0.0016 0.0002 1.0000 1.0000 0.2697 0.0407 0.0061 0.0009 1.0000 1.0000 1.0000 0.1548 0.0233 0.0035 0.0005 1.0000
0.0005 0.0041 0.0267 0.1772 1.0000 1.0000 1.0000 0.0011 0.0070 0.0465 0.3087 1.0000 1.0000 0.0003 0.0018 0.0122 0.0811 0.5380 1.0000 1.0000 0.0005 0.0032 0.0213 0.1413 0.9374 1.0000 1.0000 0.0008 0.0056 0.0371 0.2462 1.0000 1.0000 0.0002 0.0015 0.0101 0.0677 0.4577 1.0000 1.0000 0.0004 0.0031 0.0216 0.1510 1.0000 1.0000 1.0000 0.0012 0.0087 0.0639 0.2159 0.0639 0.0087 0.0012 1.0000 1.0000 1.0000 0.1510 0.0216 0.0031 0.0004 1.0000 1.0000 0.4577 0.0677 0.0101 0.0015 0.0002 1.0000 1.0000 0.2462 0.0371 0.0056 0.0008 1.0000 1.0000 0.9374 0.1413 0.0213 0.0032 0.0005 1.0000 1.0000 0.5380 0.0811 0.0122 0.0018 0.0003 1.0000 1.0000 0.3087 0.0465 0.0070 0.0011 1.0000 1.0000 1.0000 0.1772 0.0267 0.0041 0.0005
0.0038 0.0309 0.2024 1.0000 1.0000 1.0000 0.0012 0.0080 0.0533 0.3534 1.0000 1.0000 0.0003 0.0021 0.0140 0.0928 0.6157 1.0000 1.0000 0.0006 0.0037 0.0244 0.1617 1.0000 1.0000 1.0000 0.0010 0.0064 0.0425 0.2818 1.0000 1.0000 0.0003 0.0017 0.0113 0.0757 0.5081 1.0000 1.0000 0.0005 0.0033 0.0227 0.1569 1.0000 1.0000 1.0000 0.0012 0.0084 0.0607 0.4448 1.0000 0.4448 0.0607 0.0084 0.0012 1.0000 1.0000 1.0000 0.1569 0.0227 0.0033 0.0005 1.0000 1.0000 0.5081 0.0757 0.0113 0.0017 0.0003 1.0000 1.0000 0.2818 0.0425 0.0064 0.0010 1.0000 1.0000 1.0000 0.1617 0.0244 0.0037 0.0006 1.0000 1.0000 0.6157 0.0928 0.0140 0.0021 0.0003 1.0000 1.0000 0.3534 0.0533 0.0080 0.0012 1.0000 1.0000 1.0000 0.2024 0.0309 0.0038
0.0288 0.2348 1.0000 1.0000 0.0002 0.0014 0.0092 0.0610 0.4044 1.0000 1.0000 0.0004 0.0024 0.0160 0.1062 0.7047 1.0000 1.0000 0.0006 0.0042 0.0279 0.1851 1.0000 1.0000 1.0000 0.0011 0.0073 0.0486 0.3225 1.0000 1.0000 0.0003 0.0019 0.0128 0.0854 0.5706 1.0000 1.0000 0.0005 0.0036 0.0244 0.1670 1.0000 1.0000 1.0000 0.0012 0.0084 0.0594 0.4274 1.0000 1.0000 1.0000 0.4274 0.0594 0.0084 0.0012 1.0000 1.0000 1.0000 0.1670 0.0244 0.0036 0.0005 1.0000 1.0000 0.5706 0.0854 0.0128 0.0019 0.0003 1.0000 1.0000 0.3225 0.0486 0.0073 0.0011 1.0000 1.0000 1.0000 0.1851 0.0279 0.0042 0.0006 1.0000 1.0000 0.7047 0.1062 0.0160 0.0024 0.0004 1.0000 1.0000 0.4044 0.0610 0.0092 0.0014 0.0002 1.0000 1.0000 0.2348 0.0288
0.2201 1.0000 1.0000 0.0002 0.0016 0.0106 0.0703 0.4664 1.0000 1.0000 0.0004 0.0028 0.0185 0.1225 0.8128 1.0000 1.0000 0.0007 0.0048 0.0322 0.2135 1.0000 1.0000 1.0000 0.0013 0.0085 0.0561 0.3720 1.0000 1.0000 0.0003 0.0022 0.0147 0.0977 0.6506 1.0000 1.0000 0.0006 0.0040 0.0271 0.1830 1.0000 1.0000 1.0000 0.0012 0.0087 0.0607 0.4274 1.0000 1.0000 0.0002 1.0000 1.0000 0.4274 0.0607 0.0087 0.0012 1.0000 1.0000 1.0000 0.1830 0.0271 0.0040 0.0006 1.0000 1.0000 0.6506 0.0977 0.0147 0.0022 0.0003 1.0000 1.0000 0.3720 0.0561 0.0085 0.0013 1.0000 1.0000 1.0000 0.2135 0.0322 0.0048 0.0007 1.0000 1.0000 0.8128 0.1225 0.0185 0.0028 0.0004 1.0000 1.0000 0.4664 0.0703 0.0106 0.0016 0.0002 1.0000 1.0000 0.2201
1.0000 1.0000 0.0003 0.0018 0.0122 0.0812 0.5390 1.0000 1.0000 0.0005 0.0032 0.0213 0.1416 0.9392 1.0000 1.0000 0.0008 0.0056 0.0372 0.2467 1.0000 1.0000 0.0002 0.0015 0.0098 0.0648 0.4298 1.0000 1.0000 0.0004 0.0026 0.0170 0.1129 0.7490 1.0000 1.0000 0.0007 0.0046 0.0305 0.2047 1.0000 1.0000 1.0000 0.0013 0.0092 0.0639 0.4448 1.0000 1.0000 0.0005 0.0016 0.0005 1.0000 1.0000 0.4448 0.0639 0.0092 0.0013 1.0000 1.0000 1.0000 0.2047 0.0305 0.0046 0.0007 1.0000 1.0000 0.7490 0.1129 0.0170 0.0026 0.0004 1.0000 1.0000 0.4298 0.0648 0.0098 0.0015 0.0002 1.0000 1.0000 0.2467 0.0372 0.0056 0.0008 1.0000 1.0000 0.9392 0.1416 0.0213 0.0032 0.0005 1.0000 1.0000 0.5390 0.0812 0.0122 0.0018 0.0003 1.0000 1.0000
1.0000 1.0000 0.0010 0.0063 0.0419 0.2781 1.0000 1.0000 0.0003 0.0017 0.0110 0.0730 0.4845 1.0000 1.0000 0.0004 0.0029 0.0192 0.1273 0.8443 1.0000 1.0000 0.0008 0.0050 0.0334 0.2217 1.0000 1.0000 1.0000 0.0013 0.0088 0.0582 0.3864 1.0000 1.0000 0.0003 0.0023 0.0156 0.1042 0.7007 1.0000 1.0000 0.0007 0.0045 0.0312 0.2159 1.0000 1.0000 0.0002 0.0016 0.0051 0.0016 0.0002 1.0000 1.0000 0.2159 0.0312 0.0045 0.0007 1.0000 1.0000 0.7007 0.1042 0.0156 0.0023 0.0003 1.0000 1.0000 0.3864 0.0582 0.0088 0.0013 1.0000 1.0000 1.0000 0.2217 0.0334 0.0050 0.0008 1.0000 1.0000 0.8443 0.1273 0.0192 0.0029 0.0004 1.0000 1.0000 0.4845 0.0730 0.0110 0.0017 0.0003 1.0000 1.0000 0.2781 0.0419 0.0063 0.0010 1.0000 1.0000
1.0000 1.0000 0.0003 0.0018 0.0122 0.0812 0.5390 1.0000 1.0000 0.0005 0.0032 0.0213 0.1416 0.9392 1.0000 1.0000 0.0008 0.0056 0.0372 0.2467 1.0000 1.0000 0.0002 0.0015 0.0098 0.0648 0.4298 1.0000 1.0000 0.0004 0.0026 0.0170 0.1129 0.7490 1.0000 1.0000 0.0007 0.0046 0.0305 0.2047 1.0000 1.0000 1.0000 0.0013 0.0092 0.0639 0.4448 1.0000 1.0000 0.0005 0.0016 0.0005 1.0000 1.0000 0.4448 0.0639 0.0092 0.0013 1.0000 1.0000 1.0000 0.2047 0.0305 0.0046 0.0007 1.0000 1.0000 0.7490 0.1129 0.0170 0.0026 0.0004 1.0000 1.0000 0.4298 0.0648 0.0098 0.0015 0.0002 1.0000 1.0000 0.2467 0.0372 0.0056 0.0008 1.0000 1.0000 0.9392 0.1416 0.0213 0.0032 0.0005 1.0000 1.0000 0.5390 0.0812 0.0122 0.0018 0.0003 1.0000 1.0000
0.2201 1.0000 1.0000 0.0002 0.0016 0.0106 0.0703 0.4664 1.0000 1.0000 0.0004 0.0028 0.0185 0.1225 0.8128 1.0000 1.0000 0.0007 0.0048 0.0322 0.2135 1.0000 1.0000 1.0000 0.0013 0.0085 0.0561 0.3720 1.0000 1.0000 0.0003 0.0022 0.0147 0.0977 0.6506 1.0000 1.0000 0.0006 0.0040 0.0271 0.1830 1.0000 1.0000 1.0000 0.0012 0.0087 0.0607 0.4274 1.0000 1.0000 0.0002 1.0000 1.0000 0.4274 0.0607 0.0087 0.0012 1.0000 1.0000 1.0000 0.1830 0.0271 0.0040 0.0006 1.0000 1.0000 0.6506 0.0977 0.0147 0.0022 0.0003 1.0000 1.0000 0.3720 0.0561 0.0085 0.0013 1.0000 1.0000 1.0000 0.2135 0.0322 0.0048 0.0007 1.0000 1.0000 0.8128 0.1225 0.0185 0.0028 0.0004 1.0000 1.0000 0.4664 0.0703 0.0106 0.0016 0.0002 1.0000 1.0000 0.2201
0.0288 0.2348 1.0000 1.0000 0.0002 0.0014 0.0092 0.0610 0.4044 1.0000 1.0000 0.0004 0.0024 0.0160 0.1062 0.7047 1.0000 1.0000 0.0006 0.0042 0.0279 0.1851 1.0000 1.0000 1.0000 0.0011 0.0073 0.0486 0.3225 1.0000 1.0000 0.0003 0.0019 0.0128 0.0854 0.5706 1.0000 1.0000 0.0005 0.0036 0.0244 0.1670 1.0000 1.0000 1.0000 0.0012 0.0084 0.0594 0.4274 1.0000 1.0000 1.0000 0.4274 0.0594 0.0084 0.0012 1.0000 1.0000 1.0000 0.1670 0.0244 0.0036 0.0005 1.0000 1.0000 0.5706 0.0854 0.0128 0.0019 0.0003 1.0000 1.0000 0.3225 0.0486 0.0073 0.0011 1.0000 1.0000 1.0000 0.1851 0.0279 0.0042 0.0006 1.0000 1.0000 0.7047 0.1062 0.0160 0.0024 0.0004 1.0000 1.0000 0.4044 0.0610 0.0092 0.0014 0.0002 1.0000 1.0000 0.2348 0.0288
0.0038 0.0309 0.2024 1.0000 1.0000 1.0000 0.0012 0.0080 0.0533 0.3534 1.0000 1.0000 0.0003 0.0021 0.0140 0.0928 0.6157 1.0000 1.0000 0.0006 0.0037 0.0244 0.1617 1.0000 1.0000 1.0000 0.0010 0.0064 0.0425 0.2818 1.0000 1.0000 0.0003 0.0017 0.0113 0.0757 0.5081 1.0000 1.0000 0.0005 0.0033 0.0227 0.1569 1.0000 1.0000 1.0000 0.0012 0.0084 0.0607 0.4448 1.0000 0.4448 0.0607 0.0084 0.0012 1.0000 1.0000 1.0000 0.1569 0.0227 0.0033 0.0005 1.0000 1.0000 0.5081 0.0757 0.0113 0.0017 0.0003 1.0000 1.0000 0.2818 0.0425 0.0064 0.0010 1.0000 1.0000 1.0000 0.1617 0.0244 0.0037 0.0006 1.0000 1.0000 0.6157 0.0928 0.0140 0.0021 0.0003 1.0000 1.0000 0.3534 0.0533 0.0080 0.0012 1.0000 1.0000 1.0000 0.2024 0.0309 0.0038
0.0005 0.0041 0.0267 0.1772 1.0000 1.0000 1.0000 0.0011 0.0070 0.0465 0.3087 1.0000 1.0000 0.0003 0.0018 0.0122 0.0811 0.5380 1.0000 1.0000 0.0005 0.0032 0.0213 0.1413 0.9374 1.0000 1.0000 0.0008 0.0056 0.0371 0.2462 1.0000 1.0000 0.0002 0.0015 0.0101 0.0677 0.4577 1.0000 1.0000 0.0004 0.0031 0.0216 0.1510 1.0000 1.0000 1.0000 0.0012 0.0087 0.0639 0.2159 0.0639 0.0087 0.0012 1.0000 1.0000 1.0000 0.1510 0.0216 0.0031 0.0004 1.0000 1.0000 0.4577 0.0677 0.0101 0.0015 0.0002 1.0000 1.0000 0.2462 0.0371 0.0056 0.0008 1.0000 1.0000 0.9374 0.1413 0.0213 0.0032 0.0005 1.0000 1.0000 0.5380 0.0811 0.0122 0.0018 0.0003 1.0000 1.0000 0.3087 0.0465 0.0070 0.0011 1.0000 1.0000 1.0000 0.1772 0.0267 0.0041 0.0005
