0.3595 0.1823 0.1976 0.2673 0.3878 0.4859 0.3969 0.1939 0.1872 0.2444 0.3517 0.4801 0.4376 0.2272 0.1802 0.2249 0.3190 0.4570 0.4645 0.2884 0.1785 0.2088 0.2896 0.4207 0.4806 0.3516 0.1829 0.1958 0.2636 0.3821 0.4859 0.4041 0.1971 0.1859 0.2412 0.3465 0.4778 0.4425 0.2352 0.1796 0.2222 0.3143 0.4520 0.4676 0.2984 0.1788 0.2066 0.2855 0.4152 0.4798 0.4267 0.4798 0.4152 0.2855 0.2066 0.1788 0.2984 0.4676 0.4520 0.3143 0.2222 0.1796 0.2352 0.4425 0.4778 0.3465 0.2412 0.1859 0.1971 0.4041 0.4859 0.3821 0.2636 0.1958 0.1829 0.3516 0.4806 0.4207 0.2896 0.2088 0.1785 0.2884 0.4645 0.4570 0.3190 0.2249 0.1802 0.2272 0.4376 0.4801 0.3517 0.2444 0.1872 0.1939 0.3969 0.4859 0.3878 0.2673 0.1976 0.1823 0.3595
0.1823 0.1780 0.2569 0.3890 0.4872 0.3985 0.1748 0.1632 0.2297 0.3487 0.4831 0.4379 0.2200 0.1546 0.2076 0.3126 0.4609 0.4643 0.2889 0.1533 0.1891 0.2800 0.4232 0.4808 0.3537 0.1597 0.1738 0.2511 0.3818 0.4874 0.4058 0.1793 0.1615 0.2260 0.3429 0.4810 0.4426 0.2298 0.1540 0.2046 0.3074 0.4559 0.4674 0.2993 0.1537 0.1866 0.2754 0.4171 0.4821 0.3661 0.2132 0.3661 0.4821 0.4171 0.2754 0.1866 0.1537 0.2993 0.4674 0.4559 0.3074 0.2046 0.1540 0.2298 0.4426 0.4810 0.3429 0.2260 0.1615 0.1793 0.4058 0.4874 0.3818 0.2511 0.1738 0.1597 0.3537 0.4808 0.4232 0.2800 0.1891 0.1533 0.2889 0.4643 0.4609 0.3126 0.2076 0.1546 0.2200 0.4379 0.4831 0.3487 0.2297 0.1632 0.1748 0.3985 0.4872 0.3890 0.2569 0.1780 0.1823
0.1976 0.2569 0.3840 0.4867 0.4078 0.1816 0.1605 0.2235 0.3385 0.4784 0.4455 0.2368 0.1535 0.2022 0.3032 0.4511 0.4691 0.3065 0.1540 0.1846 0.2717 0.4115 0.4829 0.3683 0.1629 0.1702 0.2439 0.3706 0.4864 0.4167 0.1885 0.1588 0.2198 0.3327 0.4754 0.4498 0.2473 0.1531 0.1993 0.2982 0.4455 0.4718 0.3166 0.1547 0.1823 0.2672 0.4052 0.4841 0.3761 0.1652 0.1478 0.1652 0.3761 0.4841 0.4052 0.2672 0.1823 0.1547 0.3166 0.4718 0.4455 0.2982 0.1993 0.1531 0.2473 0.4498 0.4754 0.3327 0.2198 0.1588 0.1885 0.4167 0.4864 0.3706 0.2439 0.1702 0.1629 0.3683 0.4829 0.4115 0.2717 0.1846 0.1540 0.3065 0.4691 0.4511 0.3032 0.2022 0.1535 0.2368 0.4455 0.4784 0.3385 0.2235 0.1605 0.1816 0.4078 0.4867 0.3840 0.2569 0.1976
0.2673 0.3890 0.4867 0.4113 0.1867 0.1587 0.2188 0.3302 0.4737 0.4523 0.2542 0.1529 0.1974 0.2949 0.4417 0.4735 0.3235 0.1554 0.1807 0.2643 0.4009 0.4849 0.3821 0.1672 0.1670 0.2374 0.3606 0.4853 0.4265 0.2005 0.1566 0.2143 0.3236 0.4696 0.4564 0.2653 0.1528 0.1947 0.2900 0.4358 0.4758 0.3332 0.1564 0.1784 0.2600 0.3946 0.4857 0.3898 0.1702 0.1621 0.1911 0.1621 0.1702 0.3898 0.4857 0.3946 0.2600 0.1784 0.1564 0.3332 0.4758 0.4358 0.2900 0.1947 0.1528 0.2653 0.4564 0.4696 0.3236 0.2143 0.1566 0.2005 0.4265 0.4853 0.3606 0.2374 0.1670 0.1672 0.3821 0.4849 0.4009 0.2643 0.1807 0.1554 0.3235 0.4735 0.4417 0.2949 0.1974 0.1529 0.2542 0.4523 0.4737 0.3302 0.2188 0.1587 0.1867 0.4113 0.4867 0.3890 0.2673
0.3878 0.4872 0.4078 0.1867 0.1581 0.2161 0.3240 0.4687 0.4579 0.2708 0.1529 0.1930 0.2868 0.4316 0.4773 0.3397 0.1573 0.1769 0.2570 0.3903 0.4861 0.3950 0.1727 0.1640 0.2311 0.3508 0.4831 0.4353 0.2150 0.1549 0.2089 0.3146 0.4623 0.4623 0.2833 0.1530 0.1902 0.2819 0.4254 0.4793 0.3489 0.1588 0.1747 0.2529 0.3841 0.4865 0.4022 0.1768 0.1625 0.2237 0.2819 0.2237 0.1625 0.1768 0.4022 0.4865 0.3841 0.2529 0.1747 0.1588 0.3489 0.4793 0.4254 0.2819 0.1902 0.1530 0.2833 0.4623 0.4623 0.3146 0.2089 0.1549 0.2150 0.4353 0.4831 0.3508 0.2311 0.1640 0.1727 0.3950 0.4861 0.3903 0.2570 0.1769 0.1573 0.3397 0.4773 0.4316 0.2868 0.1930 0.1529 0.2708 0.4579 0.4687 0.3240 0.2161 0.1581 0.1867 0.4078 0.4872 0.3878
0.4859 0.3985 0.1816 0.1587 0.2161 0.3217 0.4654 0.4616 0.2842 0.1531 0.1891 0.2794 0.4216 0.4805 0.3550 0.1599 0.1733 0.2500 0.3799 0.4867 0.4069 0.1800 0.1611 0.2251 0.3412 0.4797 0.4433 0.2315 0.1538 0.2038 0.3059 0.4539 0.4676 0.3011 0.1537 0.1859 0.2741 0.4149 0.4821 0.3639 0.1618 0.1713 0.2460 0.3738 0.4866 0.4135 0.1854 0.1596 0.2220 0.3346 0.4256 0.3346 0.2220 0.1596 0.1854 0.4135 0.4866 0.3738 0.2460 0.1713 0.1618 0.3639 0.4821 0.4149 0.2741 0.1859 0.1537 0.3011 0.4676 0.4539 0.3059 0.2038 0.1538 0.2315 0.4433 0.4797 0.3412 0.2251 0.1611 0.1800 0.4069 0.4867 0.3799 0.2500 0.1733 0.1599 0.3550 0.4805 0.4216 0.2794 0.1891 0.1531 0.2842 0.4616 0.4654 0.3217 0.2161 0.1587 0.1816 0.3985 0.4859
0.3969 0.1748 0.1605 0.2188 0.3240 0.4654 0.4630 0.2919 0.1535 0.1861 0.2732 0.4124 0.4829 0.3688 0.1632 0.1700 0.2433 0.3696 0.4863 0.4177 0.1896 0.1586 0.2193 0.3319 0.4750 0.4505 0.2490 0.1531 0.1989 0.2974 0.4447 0.4722 0.3183 0.1549 0.1819 0.2666 0.4042 0.4843 0.3779 0.1658 0.1680 0.2394 0.3637 0.4857 0.4236 0.1965 0.1572 0.2160 0.3269 0.4708 0.4767 0.4708 0.3269 0.2160 0.1572 0.1965 0.4236 0.4857 0.3637 0.2394 0.1680 0.1658 0.3779 0.4843 0.4042 0.2666 0.1819 0.1549 0.3183 0.4722 0.4447 0.2974 0.1989 0.1531 0.2490 0.4505 0.4750 0.3319 0.2193 0.1586 0.1896 0.4177 0.4863 0.3696 0.2433 0.1700 0.1632 0.3688 0.4829 0.4124 0.2732 0.1861 0.1535 0.2919 0.4630 0.4654 0.3240 0.2188 0.1605 0.1748 0.3969
0.1939 0.1632 0.2235 0.3302 0.4687 0.4616 0.2919 0.1537 0.1845 0.2690 0.4051 0.4845 0.3804 0.1670 0.1670 0.2371 0.3598 0.4851 0.4274 0.2018 0.1564 0.2137 0.3227 0.4689 0.4570 0.2670 0.1528 0.1942 0.2892 0.4347 0.4762 0.3348 0.1566 0.1780 0.2592 0.3936 0.4858 0.3911 0.1709 0.1649 0.2331 0.3538 0.4839 0.4327 0.2103 0.1554 0.2106 0.3174 0.4650 0.4584 0.3760 0.4584 0.4650 0.3174 0.2106 0.1554 0.2103 0.4327 0.4839 0.3538 0.2331 0.1649 0.1709 0.3911 0.4858 0.3936 0.2592 0.1780 0.1566 0.3348 0.4762 0.4347 0.2892 0.1942 0.1528 0.2670 0.4570 0.4689 0.3227 0.2137 0.1564 0.2018 0.4274 0.4851 0.3598 0.2371 0.1670 0.1670 0.3804 0.4845 0.4051 0.2690 0.1845 0.1537 0.2919 0.4616 0.4687 0.3302 0.2235 0.1632 0.1939
0.1872 0.2297 0.3385 0.4737 0.4579 0.2842 0.1535 0.1845 0.2675 0.4010 0.4854 0.3891 0.1710 0.1645 0.2316 0.3508 0.4829 0.4359 0.2164 0.1548 0.2084 0.3138 0.4615 0.4628 0.2851 0.1531 0.1898 0.2811 0.4244 0.4796 0.3505 0.1590 0.1744 0.2522 0.3831 0.4866 0.4034 0.1775 0.1620 0.2269 0.3442 0.4809 0.4409 0.2262 0.1541 0.2054 0.3086 0.4567 0.4656 0.3013 0.1653 0.3013 0.4656 0.4567 0.3086 0.2054 0.1541 0.2262 0.4409 0.4809 0.3442 0.2269 0.1620 0.1775 0.4034 0.4866 0.3831 0.2522 0.1744 0.1590 0.3505 0.4796 0.4244 0.2811 0.1898 0.1531 0.2851 0.4628 0.4615 0.3138 0.2084 0.1548 0.2164 0.4359 0.4829 0.3508 0.2316 0.1645 0.1710 0.3891 0.4854 0.4010 0.2675 0.1845 0.1535 0.2842 0.4579 0.4737 0.3385 0.2297 0.1872
0.2444 0.3487 0.4784 0.4523 0.2708 0.1531 0.1861 0.2690 0.4010 0.4857 0.3938 0.1742 0.1627 0.2272 0.3431 0.4801 0.4431 0.2318 0.1537 0.2034 0.3051 0.4531 0.4680 0.3028 0.1538 0.1855 0.2734 0.4138 0.4824 0.3653 0.1622 0.1709 0.2454 0.3728 0.4865 0.4145 0.1863 0.1593 0.2211 0.3347 0.4766 0.4484 0.2435 0.1532 0.2004 0.3000 0.4476 0.4708 0.3125 0.1530 0.1559 0.1530 0.3125 0.4708 0.4476 0.3000 0.2004 0.1532 0.2435 0.4484 0.4766 0.3347 0.2211 0.1593 0.1863 0.4145 0.4865 0.3728 0.2454 0.1709 0.1622 0.3653 0.4824 0.4138 0.2734 0.1855 0.1538 0.3028 0.4680 0.4531 0.3051 0.2034 0.1537 0.2318 0.4431 0.4801 0.3431 0.2272 0.1627 0.1742 0.3938 0.4857 0.4010 0.2690 0.1861 0.1531 0.2708 0.4523 0.4784 0.3487 0.2444
0.3517 0.4831 0.4455 0.2542 0.1529 0.1891 0.2732 0.4051 0.4854 0.3938 0.1755 0.1617 0.2243 0.3373 0.4770 0.4489 0.2467 0.1531 0.1989 0.2970 0.4439 0.4726 0.3199 0.1550 0.1815 0.2658 0.4032 0.4845 0.3793 0.1662 0.1677 0.2388 0.3627 0.4856 0.4245 0.1978 0.1570 0.2154 0.3255 0.4709 0.4551 0.2614 0.1528 0.1957 0.2917 0.4379 0.4750 0.3297 0.1561 0.1757 0.2122 0.1757 0.1561 0.3297 0.4750 0.4379 0.2917 0.1957 0.1528 0.2614 0.4551 0.4709 0.3255 0.2154 0.1570 0.1978 0.4245 0.4856 0.3627 0.2388 0.1677 0.1662 0.3793 0.4845 0.4032 0.2658 0.1815 0.1550 0.3199 0.4726 0.4439 0.2970 0.1989 0.1531 0.2467 0.4489 0.4770 0.3373 0.2243 0.1617 0.1755 0.3938 0.4854 0.4051 0.2732 0.1891 0.1529 0.2542 0.4455 0.4831 0.3517
0.4801 0.4379 0.2368 0.1529 0.1930 0.2794 0.4124 0.4845 0.3891 0.1742 0.1617 0.2232 0.3341 0.4745 0.4530 0.2592 0.1528 0.1950 0.2897 0.4348 0.4764 0.3359 0.1568 0.1777 0.2585 0.3925 0.4859 0.3924 0.1714 0.1646 0.2324 0.3529 0.4836 0.4335 0.2118 0.1553 0.2100 0.3165 0.4639 0.4611 0.2795 0.1529 0.1911 0.2836 0.4276 0.4786 0.3457 0.1582 0.1757 0.2508 0.3194 0.2508 0.1757 0.1582 0.3457 0.4786 0.4276 0.2836 0.1911 0.1529 0.2795 0.4611 0.4639 0.3165 0.2100 0.1553 0.2118 0.4335 0.4836 0.3529 0.2324 0.1646 0.1714 0.3924 0.4859 0.3925 0.2585 0.1777 0.1568 0.3359 0.4764 0.4348 0.2897 0.1950 0.1528 0.2592 0.4530 0.4745 0.3341 0.2232 0.1617 0.1742 0.3891 0.4845 0.4124 0.2794 0.1930 0.1529 0.2368 0.4379 0.4801
0.4376 0.2200 0.1535 0.1974 0.2868 0.4216 0.4829 0.3804 0.1710 0.1627 0.2243 0.3341 0.4734 0.4551 0.2677 0.1529 0.1919 0.2836 0.4263 0.4794 0.3502 0.1591 0.1742 0.2516 0.3821 0.4866 0.4045 0.1783 0.1617 0.2264 0.3432 0.4805 0.4417 0.2279 0.1540 0.2049 0.3077 0.4558 0.4665 0.2974 0.1535 0.1868 0.2758 0.4171 0.4816 0.3608 0.1611 0.1720 0.2479 0.3763 0.4637 0.3763 0.2479 0.1720 0.1611 0.3608 0.4816 0.4171 0.2758 0.1868 0.1535 0.2974 0.4665 0.4558 0.3077 0.2049 0.1540 0.2279 0.4417 0.4805 0.3432 0.2264 0.1617 0.1783 0.4045 0.4866 0.3821 0.2516 0.1742 0.1591 0.3502 0.4794 0.4263 0.2836 0.1919 0.1529 0.2677 0.4551 0.4734 0.3341 0.2243 0.1627 0.1710 0.3804 0.4829 0.4216 0.2868 0.1974 0.1535 0.2200 0.4376
0.2272 0.1546 0.2022 0.2949 0.4316 0.4805 0.3688 0.1670 0.1645 0.2272 0.3373 0.4745 0.4551 0.2706 0.1529 0.1899 0.2791 0.4193 0.4815 0.3623 0.1618 0.1711 0.2453 0.3723 0.4865 0.4155 0.1874 0.1591 0.2205 0.3338 0.4761 0.4490 0.2452 0.1532 0.1999 0.2992 0.4467 0.4713 0.3147 0.1546 0.1827 0.2681 0.4065 0.4839 0.3750 0.1648 0.1687 0.2408 0.3663 0.4842 0.4610 0.4842 0.3663 0.2408 0.1687 0.1648 0.3750 0.4839 0.4065 0.2681 0.1827 0.1546 0.3147 0.4713 0.4467 0.2992 0.1999 0.1532 0.2452 0.4490 0.4761 0.3338 0.2205 0.1591 0.1874 0.4155 0.4865 0.3723 0.2453 0.1711 0.1618 0.3623 0.4815 0.4193 0.2791 0.1899 0.1529 0.2706 0.4551 0.4745 0.3373 0.2272 0.1645 0.1670 0.3688 0.4805 0.4316 0.2949 0.2022 0.1546 0.2272
0.1802 0.2076 0.3032 0.4417 0.4773 0.3550 0.1632 0.1670 0.2316 0.3431 0.4770 0.4530 0.2677 0.1529 0.1892 0.2767 0.4145 0.4829 0.3717 0.1645 0.1685 0.2397 0.3633 0.4856 0.4249 0.1987 0.1569 0.2149 0.3246 0.4703 0.4557 0.2632 0.1528 0.1952 0.2909 0.4369 0.4754 0.3313 0.1562 0.1788 0.2608 0.3958 0.4856 0.3884 0.1697 0.1655 0.2344 0.3559 0.4843 0.4297 0.3158 0.4297 0.4843 0.3559 0.2344 0.1655 0.1697 0.3884 0.4856 0.3958 0.2608 0.1788 0.1562 0.3313 0.4754 0.4369 0.2909 0.1952 0.1528 0.2632 0.4557 0.4703 0.3246 0.2149 0.1569 0.1987 0.4249 0.4856 0.3633 0.2397 0.1685 0.1645 0.3717 0.4829 0.4145 0.2767 0.1892 0.1529 0.2677 0.4530 0.4770 0.3431 0.2316 0.1670 0.1632 0.3550 0.4773 0.4417 0.3032 0.2076 0.1802
0.2249 0.3126 0.4511 0.4735 0.3397 0.1599 0.1700 0.2371 0.3508 0.4801 0.4489 0.2592 0.1529 0.1899 0.2767 0.4128 0.4836 0.3776 0.1670 0.1664 0.2350 0.3555 0.4840 0.4329 0.2116 0.1552 0.2097 0.3158 0.4632 0.4617 0.2813 0.1530 0.1907 0.2828 0.4266 0.4789 0.3472 0.1585 0.1751 0.2537 0.3853 0.4865 0.4009 0.1760 0.1626 0.2282 0.3462 0.4816 0.4388 0.2276 0.1484 0.2276 0.4388 0.4816 0.3462 0.2282 0.1626 0.1760 0.4009 0.4865 0.3853 0.2537 0.1751 0.1585 0.3472 0.4789 0.4266 0.2828 0.1907 0.1530 0.2813 0.4617 0.4632 0.3158 0.2097 0.1552 0.2116 0.4329 0.4840 0.3555 0.2350 0.1664 0.1670 0.3776 0.4836 0.4128 0.2767 0.1899 0.1529 0.2592 0.4489 0.4801 0.3508 0.2371 0.1700 0.1599 0.3397 0.4735 0.4511 0.3126 0.2249
0.3190 0.4609 0.4691 0.3235 0.1573 0.1733 0.2433 0.3598 0.4829 0.4431 0.2467 0.1528 0.1919 0.2791 0.4145 0.4836 0.3796 0.1685 0.1652 0.2317 0.3493 0.4820 0.4394 0.2250 0.1541 0.2050 0.3076 0.4553 0.4669 0.2990 0.1536 0.1864 0.2750 0.4161 0.4819 0.3622 0.1614 0.1717 0.2468 0.3749 0.4866 0.4122 0.1843 0.1598 0.2223 0.3367 0.4776 0.4468 0.2392 0.1511 0.1680 0.1511 0.2392 0.4468 0.4776 0.3367 0.2223 0.1598 0.1843 0.4122 0.4866 0.3749 0.2468 0.1717 0.1614 0.3622 0.4819 0.4161 0.2750 0.1864 0.1536 0.2990 0.4669 0.4553 0.3076 0.2050 0.1541 0.2250 0.4394 0.4820 0.3493 0.2317 0.1652 0.1685 0.3796 0.4836 0.4145 0.2791 0.1919 0.1528 0.2467 0.4431 0.4829 0.3598 0.2433 0.1733 0.1573 0.3235 0.4691 0.4609 0.3190
0.4570 0.4643 0.3065 0.1554 0.1769 0.2500 0.3696 0.4851 0.4359 0.2318 0.1531 0.1950 0.2836 0.4193 0.4829 0.3776 0.1685 0.1647 0.2300 0.3453 0.4801 0.4443 0.2370 0.1534 0.2009 0.3001 0.4471 0.4713 0.3155 0.1547 0.1824 0.2674 0.4054 0.4841 0.3764 0.1653 0.1683 0.2401 0.3648 0.4859 0.4225 0.1951 0.1575 0.2166 0.3275 0.4722 0.4537 0.2576 0.1530 0.1929 0.2377 0.1929 0.1530 0.2576 0.4537 0.4722 0.3275 0.2166 0.1575 0.1951 0.4225 0.4859 0.3648 0.2401 0.1683 0.1653 0.3764 0.4841 0.4054 0.2674 0.1824 0.1547 0.3155 0.4713 0.4471 0.3001 0.2009 0.1534 0.2370 0.4443 0.4801 0.3453 0.2300 0.1647 0.1685 0.3776 0.4829 0.4193 0.2836 0.1950 0.1531 0.2318 0.4359 0.4851 0.3696 0.2500 0.1769 0.1554 0.3065 0.4643 0.4570
0.4645 0.2889 0.1540 0.1807 0.2570 0.3799 0.4863 0.4274 0.2164 0.1537 0.1989 0.2897 0.4263 0.4815 0.3717 0.1670 0.1652 0.2300 0.3440 0.4790 0.4473 0.2461 0.1530 0.1976 0.2937 0.4391 0.4749 0.3305 0.1562 0.1787 0.2603 0.3949 0.4857 0.3897 0.1702 0.1652 0.2338 0.3549 0.4841 0.4317 0.2086 0.1556 0.2112 0.3184 0.4655 0.4599 0.2757 0.1529 0.1924 0.2824 0.3616 0.2824 0.1924 0.1529 0.2757 0.4599 0.4655 0.3184 0.2112 0.1556 0.2086 0.4317 0.4841 0.3549 0.2338 0.1652 0.1702 0.3897 0.4857 0.3949 0.2603 0.1787 0.1562 0.3305 0.4749 0.4391 0.2937 0.1976 0.1530 0.2461 0.4473 0.4790 0.3440 0.2300 0.1652 0.1670 0.3717 0.4815 0.4263 0.2897 0.1989 0.1537 0.2164 0.4274 0.4863 0.3799 0.2570 0.1807 0.1540 0.2889 0.4645
0.2884 0.1533 0.1846 0.2643 0.3903 0.4867 0.4177 0.2018 0.1548 0.2034 0.2970 0.4348 0.4794 0.3623 0.1645 0.1664 0.2317 0.3453 0.4790 0.4482 0.2509 0.1529 0.1952 0.2887 0.4321 0.4777 0.3434 0.1581 0.1754 0.2537 0.3849 0.4865 0.4019 0.1766 0.1623 0.2276 0.3453 0.4813 0.4400 0.2243 0.1542 0.2059 0.3096 0.4576 0.4654 0.2936 0.1534 0.1878 0.2778 0.4200 0.4810 0.4200 0.2778 0.1878 0.1534 0.2936 0.4654 0.4576 0.3096 0.2059 0.1542 0.2243 0.4400 0.4813 0.3453 0.2276 0.1623 0.1766 0.4019 0.4865 0.3849 0.2537 0.1754 0.1581 0.3434 0.4777 0.4321 0.2887 0.1952 0.1529 0.2509 0.4482 0.4790 0.3453 0.2317 0.1664 0.1645 0.3623 0.4794 0.4348 0.2970 0.2034 0.1548 0.2018 0.4177 0.4867 0.3903 0.2643 0.1846 0.1533 0.2884
0.1785 0.1891 0.2717 0.4009 0.4861 0.4069 0.1896 0.1564 0.2084 0.3051 0.4439 0.4764 0.3502 0.1618 0.1685 0.2350 0.3493 0.4801 0.4473 0.2509 0.1529 0.1940 0.2856 0.4268 0.4797 0.3539 0.1602 0.1725 0.2478 0.3757 0.4866 0.4126 0.1848 0.1596 0.2218 0.3358 0.4771 0.4476 0.2415 0.1533 0.2009 0.3010 0.4487 0.4703 0.3111 0.1543 0.1836 0.2698 0.4092 0.4812 0.4349 0.4812 0.4092 0.2698 0.1836 0.1543 0.3111 0.4703 0.4487 0.3010 0.2009 0.1533 0.2415 0.4476 0.4771 0.3358 0.2218 0.1596 0.1848 0.4126 0.4866 0.3757 0.2478 0.1725 0.1602 0.3539 0.4797 0.4268 0.2856 0.1940 0.1529 0.2509 0.4473 0.4801 0.3493 0.2350 0.1685 0.1618 0.3502 0.4764 0.4439 0.3051 0.2084 0.1564 0.1896 0.4069 0.4861 0.4009 0.2717 0.1891 0.1785
0.2088 0.2800 0.4115 0.4849 0.3950 0.1800 0.1586 0.2137 0.3138 0.4531 0.4726 0.3359 0.1591 0.1711 0.2397 0.3555 0.4820 0.4443 0.2461 0.1529 0.1940 0.2845 0.4241 0.4808 0.3613 0.1621 0.1703 0.2429 0.3676 0.4861 0.4216 0.1948 0.1574 0.2163 0.3267 0.4717 0.4543 0.2594 0.1529 0.1962 0.2926 0.4390 0.4746 0.3279 0.1558 0.1796 0.2623 0.3981 0.4850 0.3877 0.2440 0.3877 0.4850 0.3981 0.2623 0.1796 0.1558 0.3279 0.4746 0.4390 0.2926 0.1962 0.1529 0.2594 0.4543 0.4717 0.3267 0.2163 0.1574 0.1948 0.4216 0.4861 0.3676 0.2429 0.1703 0.1621 0.3613 0.4808 0.4241 0.2845 0.1940 0.1529 0.2461 0.4443 0.4820 0.3555 0.2397 0.1711 0.1591 0.3359 0.4726 0.4531 0.3138 0.2137 0.1586 0.1800 0.3950 0.4849 0.4115 0.2800 0.2088
0.2896 0.4232 0.4829 0.3821 0.1727 0.1611 0.2193 0.3227 0.4615 0.4680 0.3199 0.1568 0.1742 0.2453 0.3633 0.4840 0.4394 0.2370 0.1530 0.1952 0.2856 0.4241 0.4812 0.3650 0.1635 0.1687 0.2391 0.3610 0.4850 0.4291 0.2060 0.1558 0.2114 0.3183 0.4651 0.4603 0.2774 0.1529 0.1916 0.2845 0.4288 0.4783 0.3439 0.1579 0.1759 0.2551 0.3875 0.4864 0.3979 0.1754 0.1461 0.1754 0.3979 0.4864 0.3875 0.2551 0.1759 0.1579 0.3439 0.4783 0.4288 0.2845 0.1916 0.1529 0.2774 0.4603 0.4651 0.3183 0.2114 0.1558 0.2060 0.4291 0.4850 0.3610 0.2391 0.1687 0.1635 0.3650 0.4812 0.4241 0.2856 0.1952 0.1530 0.2370 0.4394 0.4840 0.3633 0.2453 0.1742 0.1568 0.3199 0.4680 0.4615 0.3227 0.2193 0.1611 0.1727 0.3821 0.4829 0.4232 0.2896
0.4207 0.4808 0.3683 0.1672 0.1640 0.2251 0.3319 0.4689 0.4628 0.3028 0.1550 0.1777 0.2516 0.3723 0.4856 0.4329 0.2250 0.1534 0.1976 0.2887 0.4268 0.4808 0.3650 0.1640 0.1679 0.2367 0.3563 0.4838 0.4349 0.2170 0.1546 0.2070 0.3106 0.4580 0.4655 0.2945 0.1534 0.1873 0.2766 0.4183 0.4813 0.3591 0.1607 0.1724 0.2482 0.3771 0.4867 0.4099 0.1821 0.1575 0.1836 0.1575 0.1821 0.4099 0.4867 0.3771 0.2482 0.1724 0.1607 0.3591 0.4813 0.4183 0.2766 0.1873 0.1534 0.2945 0.4655 0.4580 0.3106 0.2070 0.1546 0.2170 0.4349 0.4838 0.3563 0.2367 0.1679 0.1640 0.3650 0.4808 0.4268 0.2887 0.1976 0.1534 0.2250 0.4329 0.4856 0.3723 0.2516 0.1777 0.1550 0.3028 0.4628 0.4689 0.3319 0.2251 0.1640 0.1672 0.3683 0.4808 0.4207
0.4806 0.3537 0.1629 0.1670 0.2311 0.3412 0.4750 0.4570 0.2851 0.1538 0.1815 0.2585 0.3821 0.4865 0.4249 0.2116 0.1541 0.2009 0.2937 0.4321 0.4797 0.3613 0.1635 0.1679 0.2359 0.3539 0.4829 0.4387 0.2261 0.1538 0.2033 0.3038 0.4506 0.4697 0.3103 0.1543 0.1834 0.2691 0.4077 0.4837 0.3735 0.1644 0.1690 0.2415 0.3669 0.4861 0.4204 0.1926 0.1581 0.2139 0.2681 0.2139 0.1581 0.1926 0.4204 0.4861 0.3669 0.2415 0.1690 0.1644 0.3735 0.4837 0.4077 0.2691 0.1834 0.1543 0.3103 0.4697 0.4506 0.3038 0.2033 0.1538 0.2261 0.4387 0.4829 0.3539 0.2359 0.1679 0.1635 0.3613 0.4797 0.4321 0.2937 0.2009 0.1541 0.2116 0.4249 0.4865 0.3821 0.2585 0.1815 0.1538 0.2851 0.4570 0.4750 0.3412 0.2311 0.1670 0.1629 0.3537 0.4806
0.3516 0.1597 0.1702 0.2374 0.3508 0.4797 0.4505 0.2670 0.1531 0.1855 0.2658 0.3925 0.4866 0.4155 0.1987 0.1552 0.2050 0.3001 0.4391 0.4777 0.3539 0.1621 0.1687 0.2367 0.3539 0.4825 0.4406 0.2321 0.1534 0.2006 0.2984 0.4439 0.4732 0.3242 0.1556 0.1799 0.2623 0.3976 0.4854 0.3867 0.1690 0.1659 0.2351 0.3570 0.4846 0.4298 0.2056 0.1560 0.2126 0.3186 0.4072 0.3186 0.2126 0.1560 0.2056 0.4298 0.4846 0.3570 0.2351 0.1659 0.1690 0.3867 0.4854 0.3976 0.2623 0.1799 0.1556 0.3242 0.4732 0.4439 0.2984 0.2006 0.1534 0.2321 0.4406 0.4825 0.3539 0.2367 0.1687 0.1621 0.3539 0.4777 0.4391 0.3001 0.2050 0.1552 0.1987 0.4155 0.4866 0.3925 0.2658 0.1855 0.1531 0.2670 0.4505 0.4797 0.3508 0.2374 0.1702 0.1597 0.3516
0.1829 0.1738 0.2439 0.3606 0.4831 0.4433 0.2490 0.1528 0.1898 0.2734 0.4032 0.4859 0.4045 0.1874 0.1569 0.2097 0.3076 0.4471 0.4749 0.3434 0.1602 0.1703 0.2391 0.3563 0.4829 0.4406 0.2341 0.1533 0.1989 0.2946 0.4385 0.4757 0.3356 0.1571 0.1768 0.2562 0.3882 0.4864 0.3987 0.1749 0.1630 0.2289 0.3473 0.4820 0.4383 0.2209 0.1545 0.2071 0.3119 0.4592 0.4804 0.4592 0.3119 0.2071 0.1545 0.2209 0.4383 0.4820 0.3473 0.2289 0.1630 0.1749 0.3987 0.4864 0.3882 0.2562 0.1768 0.1571 0.3356 0.4757 0.4385 0.2946 0.1989 0.1533 0.2341 0.4406 0.4829 0.3563 0.2391 0.1703 0.1602 0.3434 0.4749 0.4471 0.3076 0.2097 0.1569 0.1874 0.4045 0.4859 0.4032 0.2734 0.1898 0.1528 0.2490 0.4433 0.4831 0.3606 0.2439 0.1738 0.1829
0.1958 0.2511 0.3706 0.4853 0.4353 0.2315 0.1531 0.1942 0.2811 0.4138 0.4845 0.3924 0.1783 0.1591 0.2149 0.3158 0.4553 0.4713 0.3305 0.1581 0.1725 0.2429 0.3610 0.4838 0.4387 0.2321 0.1533 0.1984 0.2927 0.4351 0.4773 0.3440 0.1586 0.1743 0.2509 0.3797 0.4867 0.4090 0.1821 0.1604 0.2232 0.3380 0.4781 0.4460 0.2378 0.1535 0.2020 0.3028 0.4510 0.4670 0.3962 0.4670 0.4510 0.3028 0.2020 0.1535 0.2378 0.4460 0.4781 0.3380 0.2232 0.1604 0.1821 0.4090 0.4867 0.3797 0.2509 0.1743 0.1586 0.3440 0.4773 0.4351 0.2927 0.1984 0.1533 0.2321 0.4387 0.4838 0.3610 0.2429 0.1725 0.1581 0.3305 0.4713 0.4553 0.3158 0.2149 0.1591 0.1783 0.3924 0.4845 0.4138 0.2811 0.1942 0.1531 0.2315 0.4353 0.4853 0.3706 0.2511 0.1958
0.2636 0.3818 0.4864 0.4265 0.2150 0.1538 0.1989 0.2892 0.4244 0.4824 0.3793 0.1714 0.1617 0.2205 0.3246 0.4632 0.4669 0.3155 0.1562 0.1754 0.2478 0.3676 0.4850 0.4349 0.2261 0.1534 0.1989 0.2927 0.4340 0.4781 0.3492 0.1597 0.1725 0.2467 0.3727 0.4864 0.4177 0.1906 0.1582 0.2180 0.3293 0.4732 0.4528 0.2555 0.1529 0.1972 0.2944 0.4411 0.4733 0.3296 0.1803 0.3296 0.4733 0.4411 0.2944 0.1972 0.1529 0.2555 0.4528 0.4732 0.3293 0.2180 0.1582 0.1906 0.4177 0.4864 0.3727 0.2467 0.1725 0.1597 0.3492 0.4781 0.4340 0.2927 0.1989 0.1534 0.2261 0.4349 0.4850 0.3676 0.2478 0.1754 0.1562 0.3155 0.4669 0.4632 0.3246 0.2205 0.1617 0.1714 0.3793 0.4824 0.4244 0.2892 0.1989 0.1538 0.2150 0.4265 0.4864 0.3818 0.2636
0.3821 0.4874 0.4167 0.2005 0.1549 0.2038 0.2974 0.4347 0.4796 0.3653 0.1662 0.1646 0.2264 0.3338 0.4703 0.4617 0.2990 0.1547 0.1787 0.2537 0.3757 0.4861 0.4291 0.2170 0.1538 0.2006 0.2946 0.4351 0.4781 0.3509 0.1604 0.1714 0.2438 0.3674 0.4859 0.4245 0.1998 0.1565 0.2133 0.3213 0.4674 0.4587 0.2728 0.1528 0.1926 0.2862 0.4310 0.4775 0.3401 0.1564 0.1519 0.1564 0.3401 0.4775 0.4310 0.2862 0.1926 0.1528 0.2728 0.4587 0.4674 0.3213 0.2133 0.1565 0.1998 0.4245 0.4859 0.3674 0.2438 0.1714 0.1604 0.3509 0.4781 0.4351 0.2946 0.2006 0.1538 0.2170 0.4291 0.4861 0.3757 0.2537 0.1787 0.1547 0.2990 0.4617 0.4703 0.3338 0.2264 0.1646 0.1662 0.3653 0.4796 0.4347 0.2974 0.2038 0.1549 0.2005 0.4167 0.4874 0.3821
0.4859 0.4058 0.1885 0.1566 0.2089 0.3059 0.4447 0.4762 0.3505 0.1622 0.1677 0.2324 0.3432 0.4761 0.4557 0.2813 0.1536 0.1824 0.2603 0.3849 0.4866 0.4216 0.2060 0.1546 0.2033 0.2984 0.4385 0.4773 0.3492 0.1604 0.1710 0.2424 0.3642 0.4853 0.4293 0.2082 0.1553 0.2093 0.3141 0.4610 0.4637 0.2890 0.1532 0.1884 0.2784 0.4206 0.4807 0.3559 0.1601 0.1698 0.2030 0.1698 0.1601 0.3559 0.4807 0.4206 0.2784 0.1884 0.1532 0.2890 0.4637 0.4610 0.3141 0.2093 0.1553 0.2082 0.4293 0.4853 0.3642 0.2424 0.1710 0.1604 0.3492 0.4773 0.4385 0.2984 0.2033 0.1546 0.2060 0.4216 0.4866 0.3849 0.2603 0.1824 0.1536 0.2813 0.4557 0.4761 0.3432 0.2324 0.1677 0.1622 0.3505 0.4762 0.4447 0.3059 0.2089 0.1566 0.1885 0.4058 0.4859
0.4041 0.1793 0.1588 0.2143 0.3146 0.4539 0.4722 0.3348 0.1590 0.1709 0.2388 0.3529 0.4805 0.4490 0.2632 0.1530 0.1864 0.2674 0.3949 0.4865 0.4126 0.1948 0.1558 0.2070 0.3038 0.4439 0.4757 0.3440 0.1597 0.1714 0.2424 0.3631 0.4849 0.4321 0.2145 0.1546 0.2063 0.3083 0.4547 0.4678 0.3038 0.1539 0.1846 0.2713 0.4104 0.4832 0.3704 0.1635 0.1699 0.2392 0.3035 0.2392 0.1699 0.1635 0.3704 0.4832 0.4104 0.2713 0.1846 0.1539 0.3038 0.4678 0.4547 0.3083 0.2063 0.1546 0.2145 0.4321 0.4849 0.3631 0.2424 0.1714 0.1597 0.3440 0.4757 0.4439 0.3038 0.2070 0.1558 0.1948 0.4126 0.4865 0.3949 0.2674 0.1864 0.1530 0.2632 0.4490 0.4805 0.3529 0.2388 0.1709 0.1590 0.3348 0.4722 0.4539 0.3146 0.2143 0.1588 0.1793 0.4041
0.1971 0.1615 0.2198 0.3236 0.4623 0.4676 0.3183 0.1566 0.1744 0.2454 0.3627 0.4836 0.4417 0.2452 0.1528 0.1907 0.2750 0.4054 0.4857 0.4019 0.1848 0.1574 0.2114 0.3106 0.4506 0.4732 0.3356 0.1586 0.1725 0.2438 0.3642 0.4849 0.4330 0.2178 0.1542 0.2042 0.3039 0.4494 0.4709 0.3164 0.1549 0.1813 0.2648 0.4008 0.4850 0.3835 0.1679 0.1666 0.2368 0.3589 0.4500 0.3589 0.2368 0.1666 0.1679 0.3835 0.4850 0.4008 0.2648 0.1813 0.1549 0.3164 0.4709 0.4494 0.3039 0.2042 0.1542 0.2178 0.4330 0.4849 0.3642 0.2438 0.1725 0.1586 0.3356 0.4732 0.4506 0.3106 0.2114 0.1574 0.1848 0.4019 0.4857 0.4054 0.2750 0.1907 0.1528 0.2452 0.4417 0.4836 0.3627 0.2454 0.1744 0.1566 0.3183 0.4676 0.4623 0.3236 0.2198 0.1615 0.1971
0.1859 0.2260 0.3327 0.4696 0.4623 0.3011 0.1549 0.1780 0.2522 0.3728 0.4856 0.4335 0.2279 0.1532 0.1952 0.2828 0.4161 0.4841 0.3897 0.1766 0.1596 0.2163 0.3183 0.4580 0.4697 0.3242 0.1571 0.1743 0.2467 0.3674 0.4853 0.4321 0.2178 0.1540 0.2031 0.3012 0.4455 0.4731 0.3261 0.1560 0.1785 0.2591 0.3920 0.4861 0.3951 0.1731 0.1637 0.2304 0.3499 0.4812 0.4686 0.4812 0.3499 0.2304 0.1637 0.1731 0.3951 0.4861 0.3920 0.2591 0.1785 0.1560 0.3261 0.4731 0.4455 0.3012 0.2031 0.1540 0.2178 0.4321 0.4853 0.3674 0.2467 0.1743 0.1571 0.3242 0.4697 0.4580 0.3183 0.2163 0.1596 0.1766 0.3897 0.4841 0.4161 0.2828 0.1952 0.1532 0.2279 0.4335 0.4856 0.3728 0.2522 0.1780 0.1549 0.3011 0.4623 0.4696 0.3327 0.2260 0.1859
0.2412 0.3429 0.4754 0.4564 0.2833 0.1537 0.1819 0.2592 0.3831 0.4865 0.4245 0.2118 0.1540 0.1999 0.2909 0.4266 0.4819 0.3764 0.1702 0.1623 0.2218 0.3267 0.4651 0.4655 0.3103 0.1556 0.1768 0.2509 0.3727 0.4859 0.4293 0.2145 0.1542 0.2031 0.3003 0.4434 0.4744 0.3328 0.1570 0.1764 0.2544 0.3845 0.4866 0.4051 0.1794 0.1611 0.2248 0.3403 0.4793 0.4426 0.3417 0.4426 0.4793 0.3403 0.2248 0.1611 0.1794 0.4051 0.4866 0.3845 0.2544 0.1764 0.1570 0.3328 0.4744 0.4434 0.3003 0.2031 0.1542 0.2145 0.4293 0.4859 0.3727 0.2509 0.1768 0.1556 0.3103 0.4655 0.4651 0.3267 0.2218 0.1623 0.1702 0.3764 0.4819 0.4266 0.2909 0.1999 0.1540 0.2118 0.4245 0.4865 0.3831 0.2592 0.1819 0.1537 0.2833 0.4564 0.4754 0.3429 0.2412
0.3465 0.4810 0.4498 0.2653 0.1530 0.1859 0.2666 0.3936 0.4866 0.4145 0.1978 0.1553 0.2049 0.2992 0.4369 0.4789 0.3622 0.1653 0.1652 0.2276 0.3358 0.4717 0.4603 0.2945 0.1543 0.1799 0.2562 0.3797 0.4864 0.4245 0.2082 0.1546 0.2042 0.3012 0.4434 0.4748 0.3364 0.1577 0.1749 0.2510 0.3785 0.4866 0.4129 0.1864 0.1590 0.2198 0.3320 0.4747 0.4506 0.2565 0.1528 0.2565 0.4506 0.4747 0.3320 0.2198 0.1590 0.1864 0.4129 0.4866 0.3785 0.2510 0.1749 0.1577 0.3364 0.4748 0.4434 0.3012 0.2042 0.1546 0.2082 0.4245 0.4864 0.3797 0.2562 0.1799 0.1543 0.2945 0.4603 0.4717 0.3358 0.2276 0.1652 0.1653 0.3622 0.4789 0.4369 0.2992 0.2049 0.1553 0.1978 0.4145 0.4866 0.3936 0.2666 0.1859 0.1530 0.2653 0.4498 0.4810 0.3465
0.4778 0.4426 0.2473 0.1528 0.1902 0.2741 0.4042 0.4858 0.4034 0.1863 0.1570 0.2100 0.3077 0.4467 0.4754 0.3472 0.1614 0.1683 0.2338 0.3453 0.4771 0.4543 0.2774 0.1534 0.1834 0.2623 0.3882 0.4867 0.4177 0.1998 0.1553 0.2063 0.3039 0.4455 0.4744 0.3364 0.1580 0.1742 0.2489 0.3745 0.4865 0.4188 0.1933 0.1574 0.2155 0.3245 0.4696 0.4569 0.2671 0.1509 0.1630 0.1509 0.2671 0.4569 0.4696 0.3245 0.2155 0.1574 0.1933 0.4188 0.4865 0.3745 0.2489 0.1742 0.1580 0.3364 0.4744 0.4455 0.3039 0.2063 0.1553 0.1998 0.4177 0.4867 0.3882 0.2623 0.1834 0.1534 0.2774 0.4543 0.4771 0.3453 0.2338 0.1683 0.1614 0.3472 0.4754 0.4467 0.3077 0.2100 0.1570 0.1863 0.4034 0.4858 0.4042 0.2741 0.1902 0.1528 0.2473 0.4426 0.4778
0.4425 0.2298 0.1531 0.1947 0.2819 0.4149 0.4843 0.3911 0.1775 0.1593 0.2154 0.3165 0.4558 0.4713 0.3313 0.1585 0.1717 0.2401 0.3549 0.4813 0.4476 0.2594 0.1529 0.1873 0.2691 0.3976 0.4864 0.4090 0.1906 0.1565 0.2093 0.3083 0.4494 0.4731 0.3328 0.1577 0.1742 0.2482 0.3724 0.4862 0.4227 0.1992 0.1563 0.2120 0.3181 0.4641 0.4617 0.2829 0.1531 0.1861 0.2276 0.1861 0.1531 0.2829 0.4617 0.4641 0.3181 0.2120 0.1563 0.1992 0.4227 0.4862 0.3724 0.2482 0.1742 0.1577 0.3328 0.4731 0.4494 0.3083 0.2093 0.1565 0.1906 0.4090 0.4864 0.3976 0.2691 0.1873 0.1529 0.2594 0.4476 0.4813 0.3549 0.2401 0.1717 0.1585 0.3313 0.4713 0.4558 0.3165 0.2154 0.1593 0.1775 0.3911 0.4843 0.4149 0.2819 0.1947 0.1531 0.2298 0.4425
0.2352 0.1540 0.1993 0.2900 0.4254 0.4821 0.3779 0.1709 0.1620 0.2211 0.3255 0.4639 0.4665 0.3147 0.1562 0.1751 0.2468 0.3648 0.4841 0.4400 0.2415 0.1529 0.1916 0.2766 0.4077 0.4854 0.3987 0.1821 0.1582 0.2133 0.3141 0.4547 0.4709 0.3261 0.1570 0.1749 0.2489 0.3724 0.4861 0.4247 0.2033 0.1556 0.2096 0.3132 0.4591 0.4655 0.2967 0.1536 0.1864 0.2707 0.3460 0.2707 0.1864 0.1536 0.2967 0.4655 0.4591 0.3132 0.2096 0.1556 0.2033 0.4247 0.4861 0.3724 0.2489 0.1749 0.1570 0.3261 0.4709 0.4547 0.3141 0.2133 0.1582 0.1821 0.3987 0.4854 0.4077 0.2766 0.1916 0.1529 0.2415 0.4400 0.4841 0.3648 0.2468 0.1751 0.1562 0.3147 0.4665 0.4639 0.3255 0.2211 0.1620 0.1709 0.3779 0.4821 0.4254 0.2900 0.1993 0.1540 0.2352
0.1796 0.2046 0.2982 0.4358 0.4793 0.3639 0.1658 0.1649 0.2269 0.3347 0.4709 0.4611 0.2974 0.1546 0.1788 0.2537 0.3749 0.4859 0.4317 0.2243 0.1533 0.1962 0.2845 0.4183 0.4837 0.3867 0.1749 0.1604 0.2180 0.3213 0.4610 0.4678 0.3164 0.1560 0.1764 0.2510 0.3745 0.4862 0.4247 0.2048 0.1553 0.2080 0.3099 0.4551 0.4683 0.3078 0.1543 0.1830 0.2681 0.4055 0.4777 0.4055 0.2681 0.1830 0.1543 0.3078 0.4683 0.4551 0.3099 0.2080 0.1553 0.2048 0.4247 0.4862 0.3745 0.2510 0.1764 0.1560 0.3164 0.4678 0.4610 0.3213 0.2180 0.1604 0.1749 0.3867 0.4837 0.4183 0.2845 0.1962 0.1533 0.2243 0.4317 0.4859 0.3749 0.2537 0.1788 0.1546 0.2974 0.4611 0.4709 0.3347 0.2269 0.1649 0.1658 0.3639 0.4793 0.4358 0.2982 0.2046 0.1796
0.2222 0.3074 0.4455 0.4758 0.3489 0.1618 0.1680 0.2331 0.3442 0.4766 0.4551 0.2795 0.1535 0.1827 0.2608 0.3853 0.4866 0.4225 0.2086 0.1542 0.2009 0.2926 0.4288 0.4813 0.3735 0.1690 0.1630 0.2232 0.3293 0.4674 0.4637 0.3038 0.1549 0.1785 0.2544 0.3785 0.4865 0.4227 0.2033 0.1553 0.2075 0.3081 0.4525 0.4701 0.3157 0.1551 0.1805 0.2625 0.3972 0.4835 0.4443 0.4835 0.3972 0.2625 0.1805 0.1551 0.3157 0.4701 0.4525 0.3081 0.2075 0.1553 0.2033 0.4227 0.4865 0.3785 0.2544 0.1785 0.1549 0.3038 0.4637 0.4674 0.3293 0.2232 0.1630 0.1690 0.3735 0.4813 0.4288 0.2926 0.2009 0.1542 0.2086 0.4225 0.4866 0.3853 0.2608 0.1827 0.1535 0.2795 0.4551 0.4766 0.3442 0.2331 0.1680 0.1618 0.3489 0.4758 0.4455 0.3074 0.2222
0.3143 0.4559 0.4718 0.3332 0.1588 0.1713 0.2394 0.3538 0.4809 0.4484 0.2614 0.1529 0.1868 0.2681 0.3958 0.4865 0.4122 0.1951 0.1556 0.2059 0.3010 0.4390 0.4783 0.3591 0.1644 0.1659 0.2289 0.3380 0.4732 0.4587 0.2890 0.1539 0.1813 0.2591 0.3845 0.4866 0.4188 0.1992 0.1556 0.2080 0.3081 0.4516 0.4710 0.3204 0.1557 0.1787 0.2586 0.3901 0.4861 0.4004 0.2642 0.4004 0.4861 0.3901 0.2586 0.1787 0.1557 0.3204 0.4710 0.4516 0.3081 0.2080 0.1556 0.1992 0.4188 0.4866 0.3845 0.2591 0.1813 0.1539 0.2890 0.4587 0.4732 0.3380 0.2289 0.1659 0.1644 0.3591 0.4783 0.4390 0.3010 0.2059 0.1556 0.1951 0.4122 0.4865 0.3958 0.2681 0.1868 0.1529 0.2614 0.4484 0.4809 0.3538 0.2394 0.1713 0.1588 0.3332 0.4718 0.4559 0.3143
0.4520 0.4674 0.3166 0.1564 0.1747 0.2460 0.3637 0.4839 0.4409 0.2435 0.1528 0.1911 0.2758 0.4065 0.4856 0.4009 0.1843 0.1575 0.2112 0.3096 0.4487 0.4746 0.3439 0.1607 0.1690 0.2351 0.3473 0.4781 0.4528 0.2728 0.1532 0.1846 0.2648 0.3920 0.4866 0.4129 0.1933 0.1563 0.2096 0.3099 0.4525 0.4710 0.3221 0.1560 0.1777 0.2559 0.3852 0.4866 0.4064 0.1831 0.1459 0.1831 0.4064 0.4866 0.3852 0.2559 0.1777 0.1560 0.3221 0.4710 0.4525 0.3099 0.2096 0.1563 0.1933 0.4129 0.4866 0.3920 0.2648 0.1846 0.1532 0.2728 0.4528 0.4781 0.3473 0.2351 0.1690 0.1607 0.3439 0.4746 0.4487 0.3096 0.2112 0.1575 0.1843 0.4009 0.4856 0.4065 0.2758 0.1911 0.1528 0.2435 0.4409 0.4839 0.3637 0.2460 0.1747 0.1564 0.3166 0.4674 0.4520
0.4676 0.2993 0.1547 0.1784 0.2529 0.3738 0.4857 0.4327 0.2262 0.1532 0.1957 0.2836 0.4171 0.4839 0.3884 0.1760 0.1598 0.2166 0.3184 0.4576 0.4703 0.3279 0.1579 0.1724 0.2415 0.3570 0.4820 0.4460 0.2555 0.1528 0.1884 0.2713 0.4008 0.4861 0.4051 0.1864 0.1574 0.2120 0.3132 0.4551 0.4701 0.3204 0.1560 0.1773 0.2546 0.3823 0.4867 0.4119 0.1864 0.1560 0.1807 0.1560 0.1864 0.4119 0.4867 0.3823 0.2546 0.1773 0.1560 0.3204 0.4701 0.4551 0.3132 0.2120 0.1574 0.1864 0.4051 0.4861 0.4008 0.2713 0.1884 0.1528 0.2555 0.4460 0.4820 0.3570 0.2415 0.1724 0.1579 0.3279 0.4703 0.4576 0.3184 0.2166 0.1598 0.1760 0.3884 0.4839 0.4171 0.2836 0.1957 0.1532 0.2262 0.4327 0.4857 0.3738 0.2529 0.1784 0.1547 0.2993 0.4676
0.2984 0.1537 0.1823 0.2600 0.3841 0.4866 0.4236 0.2103 0.1541 0.2004 0.2917 0.4276 0.4816 0.3750 0.1697 0.1626 0.2223 0.3275 0.4655 0.4654 0.3111 0.1558 0.1759 0.2482 0.3669 0.4846 0.4383 0.2378 0.1529 0.1926 0.2784 0.4104 0.4850 0.3951 0.1794 0.1590 0.2155 0.3181 0.4591 0.4683 0.3157 0.1557 0.1777 0.2546 0.3813 0.4867 0.4150 0.1907 0.1578 0.2118 0.2643 0.2118 0.1578 0.1907 0.4150 0.4867 0.3813 0.2546 0.1777 0.1557 0.3157 0.4683 0.4591 0.3181 0.2155 0.1590 0.1794 0.3951 0.4850 0.4104 0.2784 0.1926 0.1529 0.2378 0.4383 0.4846 0.3669 0.2482 0.1759 0.1558 0.3111 0.4654 0.4655 0.3275 0.2223 0.1626 0.1697 0.3750 0.4816 0.4276 0.2917 0.2004 0.1541 0.2103 0.4236 0.4866 0.3841 0.2600 0.1823 0.1537 0.2984
0.1788 0.1866 0.2672 0.3946 0.4865 0.4135 0.1965 0.1554 0.2054 0.3000 0.4379 0.4786 0.3608 0.1648 0.1655 0.2282 0.3367 0.4722 0.4599 0.2936 0.1543 0.1796 0.2551 0.3771 0.4861 0.4298 0.2209 0.1535 0.1972 0.2862 0.4206 0.4832 0.3835 0.1731 0.1611 0.2198 0.3245 0.4641 0.4655 0.3078 0.1551 0.1787 0.2559 0.3823 0.4867 0.4161 0.1929 0.1570 0.2138 0.3178 0.4050 0.3178 0.2138 0.1570 0.1929 0.4161 0.4867 0.3823 0.2559 0.1787 0.1551 0.3078 0.4655 0.4641 0.3245 0.2198 0.1611 0.1731 0.3835 0.4832 0.4206 0.2862 0.1972 0.1535 0.2209 0.4298 0.4861 0.3771 0.2551 0.1796 0.1543 0.2936 0.4599 0.4722 0.3367 0.2282 0.1655 0.1648 0.3608 0.4786 0.4379 0.3000 0.2054 0.1554 0.1965 0.4135 0.4865 0.3946 0.2672 0.1866 0.1788
0.2066 0.2754 0.4052 0.4857 0.4022 0.1854 0.1572 0.2106 0.3086 0.4476 0.4750 0.3457 0.1611 0.1687 0.2344 0.3462 0.4776 0.4537 0.2757 0.1534 0.1836 0.2623 0.3875 0.4867 0.4204 0.2056 0.1545 0.2020 0.2944 0.4310 0.4807 0.3704 0.1679 0.1637 0.2248 0.3320 0.4696 0.4617 0.2967 0.1543 0.1805 0.2586 0.3852 0.4867 0.4150 0.1929 0.1568 0.2124 0.3172 0.4614 0.4804 0.4614 0.3172 0.2124 0.1568 0.1929 0.4150 0.4867 0.3852 0.2586 0.1805 0.1543 0.2967 0.4617 0.4696 0.3320 0.2248 0.1637 0.1679 0.3704 0.4807 0.4310 0.2944 0.2020 0.1545 0.2056 0.4204 0.4867 0.3875 0.2623 0.1836 0.1534 0.2757 0.4537 0.4776 0.3462 0.2344 0.1687 0.1611 0.3457 0.4750 0.4476 0.3086 0.2106 0.1572 0.1854 0.4022 0.4857 0.4052 0.2754 0.2066
0.2855 0.4171 0.4841 0.3898 0.1768 0.1596 0.2160 0.3174 0.4567 0.4708 0.3297 0.1582 0.1720 0.2408 0.3559 0.4816 0.4468 0.2576 0.1529 0.1878 0.2698 0.3981 0.4864 0.4099 0.1926 0.1560 0.2071 0.3028 0.4411 0.4775 0.3559 0.1635 0.1666 0.2304 0.3403 0.4747 0.4569 0.2829 0.1536 0.1830 0.2625 0.3901 0.4866 0.4119 0.1907 0.1570 0.2124 0.3158 0.4600 0.4640 0.3899 0.4640 0.4600 0.3158 0.2124 0.1570 0.1907 0.4119 0.4866 0.3901 0.2625 0.1830 0.1536 0.2829 0.4569 0.4747 0.3403 0.2304 0.1666 0.1635 0.3559 0.4775 0.4411 0.3028 0.2071 0.1560 0.1926 0.4099 0.4864 0.3981 0.2698 0.1878 0.1529 0.2576 0.4468 0.4816 0.3559 0.2408 0.1720 0.1582 0.3297 0.4708 0.4567 0.3174 0.2160 0.1596 0.1768 0.3898 0.4841 0.4171 0.2855
0.4152 0.4821 0.3761 0.1702 0.1625 0.2220 0.3269 0.4650 0.4656 0.3125 0.1561 0.1757 0.2479 0.3663 0.4843 0.4388 0.2392 0.1530 0.1924 0.2778 0.4092 0.4850 0.3979 0.1821 0.1581 0.2126 0.3119 0.4510 0.4733 0.3401 0.1601 0.1699 0.2368 0.3499 0.4793 0.4506 0.2671 0.1531 0.1864 0.2681 0.3972 0.4861 0.4064 0.1864 0.1578 0.2138 0.3172 0.4600 0.4660 0.3102 0.1709 0.3102 0.4660 0.4600 0.3172 0.2138 0.1578 0.1864 0.4064 0.4861 0.3972 0.2681 0.1864 0.1531 0.2671 0.4506 0.4793 0.3499 0.2368 0.1699 0.1601 0.3401 0.4733 0.4510 0.3119 0.2126 0.1581 0.1821 0.3979 0.4850 0.4092 0.2778 0.1924 0.1530 0.2392 0.4388 0.4843 0.3663 0.2479 0.1757 0.1561 0.3125 0.4656 0.4650 0.3269 0.2220 0.1625 0.1702 0.3761 0.4821 0.4152
0.4798 0.3661 0.1652 0.1621 0.2237 0.3346 0.4708 0.4584 0.3013 0.1530 0.1757 0.2508 0.3763 0.4842 0.4297 0.2276 0.1511 0.1929 0.2824 0.4200 0.4812 0.3877 0.1754 0.1575 0.2139 0.3186 0.4592 0.4670 0.3296 0.1564 0.1698 0.2392 0.3589 0.4812 0.4426 0.2565 0.1509 0.1861 0.2707 0.4055 0.4835 0.4004 0.1831 0.1560 0.2118 0.3178 0.4614 0.4640 0.3102 0.1519 0.1525 0.1519 0.3102 0.4640 0.4614 0.3178 0.2118 0.1560 0.1831 0.4004 0.4835 0.4055 0.2707 0.1861 0.1509 0.2565 0.4426 0.4812 0.3589 0.2392 0.1698 0.1564 0.3296 0.4670 0.4592 0.3186 0.2139 0.1575 0.1754 0.3877 0.4812 0.4200 0.2824 0.1929 0.1511 0.2276 0.4297 0.4842 0.3763 0.2508 0.1757 0.1530 0.3013 0.4584 0.4708 0.3346 0.2237 0.1621 0.1652 0.3661 0.4798
0.4267 0.2132 0.1478 0.1911 0.2819 0.4256 0.4767 0.3760 0.1653 0.1559 0.2122 0.3194 0.4637 0.4610 0.3158 0.1484 0.1680 0.2377 0.3616 0.4810 0.4349 0.2440 0.1461 0.1836 0.2681 0.4072 0.4804 0.3962 0.1803 0.1519 0.2030 0.3035 0.4500 0.4686 0.3417 0.1528 0.1630 0.2276 0.3460 0.4777 0.4443 0.2642 0.1459 0.1807 0.2643 0.4050 0.4804 0.3899 0.1709 0.1525 0.1744 0.1525 0.1709 0.3899 0.4804 0.4050 0.2643 0.1807 0.1459 0.2642 0.4443 0.4777 0.3460 0.2276 0.1630 0.1528 0.3417 0.4686 0.4500 0.3035 0.2030 0.1519 0.1803 0.3962 0.4804 0.4072 0.2681 0.1836 0.1461 0.2440 0.4349 0.4810 0.3616 0.2377 0.1680 0.1484 0.3158 0.4610 0.4637 0.3194 0.2122 0.1559 0.1653 0.3760 0.4767 0.4256 0.2819 0.1911 0.1478 0.2132 0.4267
0.4798 0.3661 0.1652 0.1621 0.2237 0.3346 0.4708 0.4584 0.3013 0.1530 0.1757 0.2508 0.3763 0.4842 0.4297 0.2276 0.1511 0.1929 0.2824 0.4200 0.4812 0.3877 0.1754 0.1575 0.2139 0.3186 0.4592 0.4670 0.3296 0.1564 0.1698 0.2392 0.3589 0.4812 0.4426 0.2565 0.1509 0.1861 0.2707 0.4055 0.4835 0.4004 0.1831 0.1560 0.2118 0.3178 0.4614 0.4640 0.3102 0.1519 0.1525 0.1519 0.3102 0.4640 0.4614 0.3178 0.2118 0.1560 0.1831 0.4004 0.4835 0.4055 0.2707 0.1861 0.1509 0.2565 0.4426 0.4812 0.3589 0.2392 0.1698 0.1564 0.3296 0.4670 0.4592 0.3186 0.2139 0.1575 0.1754 0.3877 0.4812 0.4200 0.2824 0.1929 0.1511 0.2276 0.4297 0.4842 0.3763 0.2508 0.1757 0.1530 0.3013 0.4584 0.4708 0.3346 0.2237 0.1621 0.1652 0.3661 0.4798
0.4152 0.4821 0.3761 0.1702 0.1625 0.2220 0.3269 0.4650 0.4656 0.3125 0.1561 0.1757 0.2479 0.3663 0.4843 0.4388 0.2392 0.1530 0.1924 0.2778 0.4092 0.4850 0.3979 0.1821 0.1581 0.2126 0.3119 0.4510 0.4733 0.3401 0.1601 0.1699 0.2368 0.3499 0.4793 0.4506 0.2671 0.1531 0.1864 0.2681 0.3972 0.4861 0.4064 0.1864 0.1578 0.2138 0.3172 0.4600 0.4660 0.3102 0.1709 0.3102 0.4660 0.4600 0.3172 0.2138 0.1578 0.1864 0.4064 0.4861 0.3972 0.2681 0.1864 0.1531 0.2671 0.4506 0.4793 0.3499 0.2368 0.1699 0.1601 0.3401 0.4733 0.4510 0.3119 0.2126 0.1581 0.1821 0.3979 0.4850 0.4092 0.2778 0.1924 0.1530 0.2392 0.4388 0.4843 0.3663 0.2479 0.1757 0.1561 0.3125 0.4656 0.4650 0.3269 0.2220 0.1625 0.1702 0.3761 0.4821 0.4152
0.2855 0.4171 0.4841 0.3898 0.1768 0.1596 0.2160 0.3174 0.4567 0.4708 0.3297 0.1582 0.1720 0.2408 0.3559 0.4816 0.4468 0.2576 0.1529 0.1878 0.2698 0.3981 0.4864 0.4099 0.1926 0.1560 0.2071 0.3028 0.4411 0.4775 0.3559 0.1635 0.1666 0.2304 0.3403 0.4747 0.4569 0.2829 0.1536 0.1830 0.2625 0.3901 0.4866 0.4119 0.1907 0.1570 0.2124 0.3158 0.4600 0.4640 0.3899 0.4640 0.4600 0.3158 0.2124 0.1570 0.1907 0.4119 0.4866 0.3901 0.2625 0.1830 0.1536 0.2829 0.4569 0.4747 0.3403 0.2304 0.1666 0.1635 0.3559 0.4775 0.4411 0.3028 0.2071 0.1560 0.1926 0.4099 0.4864 0.3981 0.2698 0.1878 0.1529 0.2576 0.4468 0.4816 0.3559 0.2408 0.1720 0.1582 0.3297 0.4708 0.4567 0.3174 0.2160 0.1596 0.1768 0.3898 0.4841 0.4171 0.2855
0.2066 0.2754 0.4052 0.4857 0.4022 0.1854 0.1572 0.2106 0.3086 0.4476 0.4750 0.3457 0.1611 0.1687 0.2344 0.3462 0.4776 0.4537 0.2757 0.1534 0.1836 0.2623 0.3875 0.4867 0.4204 0.2056 0.1545 0.2020 0.2944 0.4310 0.4807 0.3704 0.1679 0.1637 0.2248 0.3320 0.4696 0.4617 0.2967 0.1543 0.1805 0.2586 0.3852 0.4867 0.4150 0.1929 0.1568 0.2124 0.3172 0.4614 0.4804 0.4614 0.3172 0.2124 0.1568 0.1929 0.4150 0.4867 0.3852 0.2586 0.1805 0.1543 0.2967 0.4617 0.4696 0.3320 0.2248 0.1637 0.1679 0.3704 0.4807 0.4310 0.2944 0.2020 0.1545 0.2056 0.4204 0.4867 0.3875 0.2623 0.1836 0.1534 0.2757 0.4537 0.4776 0.3462 0.2344 0.1687 0.1611 0.3457 0.4750 0.4476 0.3086 0.2106 0.1572 0.1854 0.4022 0.4857 0.4052 0.2754 0.2066
0.1788 0.1866 0.2672 0.3946 0.4865 0.4135 0.1965 0.1554 0.2054 0.3000 0.4379 0.4786 0.3608 0.1648 0.1655 0.2282 0.3367 0.4722 0.4599 0.2936 0.1543 0.1796 0.2551 0.3771 0.4861 0.4298 0.2209 0.1535 0.1972 0.2862 0.4206 0.4832 0.3835 0.1731 0.1611 0.2198 0.3245 0.4641 0.4655 0.3078 0.1551 0.1787 0.2559 0.3823 0.4867 0.4161 0.1929 0.1570 0.2138 0.3178 0.4050 0.3178 0.2138 0.1570 0.1929 0.4161 0.4867 0.3823 0.2559 0.1787 0.1551 0.3078 0.4655 0.4641 0.3245 0.2198 0.1611 0.1731 0.3835 0.4832 0.4206 0.2862 0.1972 0.1535 0.2209 0.4298 0.4861 0.3771 0.2551 0.1796 0.1543 0.2936 0.4599 0.4722 0.3367 0.2282 0.1655 0.1648 0.3608 0.4786 0.4379 0.3000 0.2054 0.1554 0.1965 0.4135 0.4865 0.3946 0.2672 0.1866 0.1788
