0.0082 0.0776 0.5894 1.0000 1.0000 0.0008 0.0061 0.0462 0.3507 1.0000 1.0000 0.0005 0.0036 0.0273 0.2071 1.0000 1.0000 0.0003 0.0021 0.0161 0.1223 0.9285 1.0000 1.0000 0.0013 0.0095 0.0722 0.5483 1.0000 1.0000 0.0007 0.0056 0.0426 0.3238 1.0000 1.0000 0.0004 0.0033 0.0252 0.1912 1.0000 1.0000 0.0003 0.0020 0.0149 0.1129 0.8572 1.0000 1.0000 0.0012 0.0042 0.0012 1.0000 1.0000 0.8572 0.1129 0.0149 0.0020 0.0003 1.0000 1.0000 0.1912 0.0252 0.0033 0.0004 1.0000 1.0000 0.3238 0.0426 0.0056 0.0007 1.0000 1.0000 0.5483 0.0722 0.0095 0.0013 1.0000 1.0000 0.9285 0.1223 0.0161 0.0021 0.0003 1.0000 1.0000 0.2071 0.0273 0.0036 0.0005 1.0000 1.0000 0.3507 0.0462 0.0061 0.0008 1.0000 1.0000 0.5894 0.0776 0.0082
0.0776 0.6784 1.0000 1.0000 0.0009 0.0065 0.0495 0.3762 1.0000 1.0000 0.0005 0.0039 0.0293 0.2217 1.0000 1.0000 0.0003 0.0023 0.0172 0.1312 0.9943 1.0000 1.0000 0.0013 0.0102 0.0773 0.5882 1.0000 1.0000 0.0008 0.0060 0.0457 0.3467 1.0000 1.0000 0.0005 0.0036 0.0270 0.2051 1.0000 1.0000 0.0003 0.0021 0.0159 0.1209 0.9197 1.0000 1.0000 0.0012 0.0096 0.0332 0.0096 0.0012 1.0000 1.0000 0.9197 0.1209 0.0159 0.0021 0.0003 1.0000 1.0000 0.2051 0.0270 0.0036 0.0005 1.0000 1.0000 0.3467 0.0457 0.0060 0.0008 1.0000 1.0000 0.5882 0.0773 0.0102 0.0013 1.0000 1.0000 0.9943 0.1312 0.0172 0.0023 0.0003 1.0000 1.0000 0.2217 0.0293 0.0039 0.0005 1.0000 1.0000 0.3762 0.0495 0.0065 0.0009 1.0000 1.0000 0.6784 0.0776
0.5894 1.0000 1.0000 0.0008 0.0058 0.0435 0.3275 1.0000 1.0000 0.0004 0.0033 0.0252 0.1915 1.0000 1.0000 0.0003 0.0020 0.0149 0.1131 0.8589 1.0000 1.0000 0.0012 0.0088 0.0668 0.5072 1.0000 1.0000 0.0007 0.0052 0.0394 0.2995 1.0000 1.0000 0.0004 0.0031 0.0233 0.1768 1.0000 1.0000 0.0002 0.0018 0.0138 0.1044 0.7929 1.0000 1.0000 0.0011 0.0082 0.0627 0.2155 0.0627 0.0082 0.0011 1.0000 1.0000 0.7929 0.1044 0.0138 0.0018 0.0002 1.0000 1.0000 0.1768 0.0233 0.0031 0.0004 1.0000 1.0000 0.2995 0.0394 0.0052 0.0007 1.0000 1.0000 0.5072 0.0668 0.0088 0.0012 1.0000 1.0000 0.8589 0.1131 0.0149 0.0020 0.0003 1.0000 1.0000 0.1915 0.0252 0.0033 0.0004 1.0000 1.0000 0.3275 0.0435 0.0058 0.0008 1.0000 1.0000 0.5894
1.0000 1.0000 0.0008 0.0056 0.0403 0.2972 1.0000 1.0000 0.0004 0.0029 0.0221 0.1677 1.0000 1.0000 0.0002 0.0017 0.0130 0.0990 0.7518 1.0000 1.0000 0.0010 0.0077 0.0585 0.4439 1.0000 1.0000 0.0006 0.0045 0.0345 0.2621 1.0000 1.0000 0.0004 0.0027 0.0204 0.1548 1.0000 1.0000 0.0002 0.0016 0.0120 0.0914 0.6941 1.0000 1.0000 0.0009 0.0071 0.0544 0.4169 1.0000 0.4169 0.0544 0.0071 0.0009 1.0000 1.0000 0.6941 0.0914 0.0120 0.0016 0.0002 1.0000 1.0000 0.1548 0.0204 0.0027 0.0004 1.0000 1.0000 0.2621 0.0345 0.0045 0.0006 1.0000 1.0000 0.4439 0.0585 0.0077 0.0010 1.0000 1.0000 0.7518 0.0990 0.0130 0.0017 0.0002 1.0000 1.0000 0.1677 0.0221 0.0029 0.0004 1.0000 1.0000 0.2972 0.0403 0.0056 0.0008 1.0000 1.0000
1.0000 0.0009 0.0058 0.0403 0.2861 1.0000 1.0000 0.0003 0.0026 0.0195 0.1476 1.0000 1.0000 1.0000 0.0015 0.0114 0.0865 0.6569 1.0000 1.0000 0.0009 0.0067 0.0511 0.3879 1.0000 1.0000 0.0005 0.0040 0.0302 0.2290 1.0000 1.0000 0.0003 0.0023 0.0178 0.1352 1.0000 1.0000 1.0000 0.0014 0.0105 0.0799 0.6064 1.0000 1.0000 0.0008 0.0062 0.0472 0.3608 1.0000 1.0000 1.0000 0.3608 0.0472 0.0062 0.0008 1.0000 1.0000 0.6064 0.0799 0.0105 0.0014 1.0000 1.0000 1.0000 0.1352 0.0178 0.0023 0.0003 1.0000 1.0000 0.2290 0.0302 0.0040 0.0005 1.0000 1.0000 0.3879 0.0511 0.0067 0.0009 1.0000 1.0000 0.6569 0.0865 0.0114 0.0015 1.0000 1.0000 1.0000 0.1476 0.0195 0.0026 0.0003 1.0000 1.0000 0.2861 0.0403 0.0058 0.0009 1.0000
0.0008 0.0065 0.0435 0.2972 1.0000 1.0000 0.0003 0.0024 0.0177 0.1317 0.9905 1.0000 1.0000 0.0013 0.0100 0.0756 0.5739 1.0000 1.0000 0.0008 0.0059 0.0446 0.3389 1.0000 1.0000 0.0005 0.0035 0.0264 0.2001 1.0000 1.0000 0.0003 0.0020 0.0156 0.1182 0.8973 1.0000 1.0000 0.0012 0.0092 0.0698 0.5298 1.0000 1.0000 0.0007 0.0054 0.0412 0.3129 1.0000 1.0000 1.0000 1.0000 1.0000 0.3129 0.0412 0.0054 0.0007 1.0000 1.0000 0.5298 0.0698 0.0092 0.0012 1.0000 1.0000 0.8973 0.1182 0.0156 0.0020 0.0003 1.0000 1.0000 0.2001 0.0264 0.0035 0.0005 1.0000 1.0000 0.3389 0.0446 0.0059 0.0008 1.0000 1.0000 0.5739 0.0756 0.0100 0.0013 1.0000 1.0000 0.9905 0.1317 0.0177 0.0024 0.0003 1.0000 1.0000 0.2972 0.0435 0.0065 0.0008
0.0061 0.0495 0.3275 1.0000 1.0000 0.0003 0.0023 0.0167 0.1216 0.8990 1.0000 1.0000 0.0012 0.0088 0.0663 0.5024 1.0000 1.0000 0.0007 0.0051 0.0390 0.2961 1.0000 1.0000 0.0004 0.0030 0.0230 0.1748 1.0000 1.0000 0.0002 0.0018 0.0136 0.1032 0.7839 1.0000 1.0000 0.0011 0.0080 0.0610 0.4629 1.0000 1.0000 0.0006 0.0047 0.0360 0.2733 1.0000 1.0000 0.0004 0.0013 0.0004 1.0000 1.0000 0.2733 0.0360 0.0047 0.0006 1.0000 1.0000 0.4629 0.0610 0.0080 0.0011 1.0000 1.0000 0.7839 0.1032 0.0136 0.0018 0.0002 1.0000 1.0000 0.1748 0.0230 0.0030 0.0004 1.0000 1.0000 0.2961 0.0390 0.0051 0.0007 1.0000 1.0000 0.5024 0.0663 0.0088 0.0012 1.0000 1.0000 0.8990 0.1216 0.0167 0.0023 0.0003 1.0000 1.0000 0.3275 0.0495 0.0061
0.0462 0.3762 1.0000 1.0000 0.0003 0.0024 0.0167 0.1182 0.8507 1.0000 1.0000 0.0010 0.0078 0.0588 0.4431 1.0000 1.0000 0.0006 0.0045 0.0341 0.2587 1.0000 1.0000 0.0003 0.0026 0.0201 0.1527 1.0000 1.0000 0.0002 0.0016 0.0119 0.0902 0.6849 1.0000 1.0000 0.0009 0.0070 0.0533 0.4044 1.0000 1.0000 0.0005 0.0041 0.0314 0.2388 1.0000 1.0000 0.0003 0.0025 0.0085 0.0025 0.0003 1.0000 1.0000 0.2388 0.0314 0.0041 0.0005 1.0000 1.0000 0.4044 0.0533 0.0070 0.0009 1.0000 1.0000 0.6849 0.0902 0.0119 0.0016 0.0002 1.0000 1.0000 0.1527 0.0201 0.0026 0.0003 1.0000 1.0000 0.2587 0.0341 0.0045 0.0006 1.0000 1.0000 0.4431 0.0588 0.0078 0.0010 1.0000 1.0000 0.8507 0.1182 0.0167 0.0024 0.0003 1.0000 1.0000 0.3762 0.0462
0.3507 1.0000 1.0000 0.0004 0.0026 0.0177 0.1216 0.8507 1.0000 1.0000 0.0010 0.0071 0.0531 0.3961 1.0000 1.0000 0.0005 0.0039 0.0298 0.2260 1.0000 1.0000 0.0003 0.0023 0.0176 0.1335 1.0000 1.0000 1.0000 0.0014 0.0104 0.0788 0.5984 1.0000 1.0000 0.0008 0.0061 0.0465 0.3534 1.0000 1.0000 0.0005 0.0036 0.0275 0.2087 1.0000 1.0000 0.0003 0.0022 0.0165 0.0565 0.0165 0.0022 0.0003 1.0000 1.0000 0.2087 0.0275 0.0036 0.0005 1.0000 1.0000 0.3534 0.0465 0.0061 0.0008 1.0000 1.0000 0.5984 0.0788 0.0104 0.0014 1.0000 1.0000 1.0000 0.1335 0.0176 0.0023 0.0003 1.0000 1.0000 0.2260 0.0298 0.0039 0.0005 1.0000 1.0000 0.3961 0.0531 0.0071 0.0010 1.0000 1.0000 0.8507 0.1216 0.0177 0.0026 0.0004 1.0000 1.0000 0.3507
1.0000 1.0000 0.0004 0.0029 0.0195 0.1317 0.8990 1.0000 1.0000 0.0009 0.0068 0.0495 0.3636 1.0000 1.0000 0.0005 0.0035 0.0263 0.1986 1.0000 1.0000 0.0003 0.0020 0.0154 0.1166 0.8854 1.0000 1.0000 0.0012 0.0091 0.0688 0.5228 1.0000 1.0000 0.0007 0.0054 0.0407 0.3087 1.0000 1.0000 0.0004 0.0032 0.0240 0.1823 1.0000 1.0000 0.0002 0.0019 0.0143 0.1095 0.3748 0.1095 0.0143 0.0019 0.0002 1.0000 1.0000 0.1823 0.0240 0.0032 0.0004 1.0000 1.0000 0.3087 0.0407 0.0054 0.0007 1.0000 1.0000 0.5228 0.0688 0.0091 0.0012 1.0000 1.0000 0.8854 0.1166 0.0154 0.0020 0.0003 1.0000 1.0000 0.1986 0.0263 0.0035 0.0005 1.0000 1.0000 0.3636 0.0495 0.0068 0.0009 1.0000 1.0000 0.8990 0.1317 0.0195 0.0029 0.0004 1.0000 1.0000
1.0000 0.0005 0.0033 0.0221 0.1476 0.9905 1.0000 1.0000 0.0010 0.0068 0.0482 0.3467 1.0000 1.0000 0.0004 0.0031 0.0234 0.1758 1.0000 1.0000 0.0002 0.0018 0.0134 0.1019 0.7736 1.0000 1.0000 0.0010 0.0079 0.0602 0.4568 1.0000 1.0000 0.0006 0.0047 0.0355 0.2697 1.0000 1.0000 0.0004 0.0028 0.0210 0.1593 1.0000 1.0000 0.0002 0.0016 0.0124 0.0948 0.7265 1.0000 0.7265 0.0948 0.0124 0.0016 0.0002 1.0000 1.0000 0.1593 0.0210 0.0028 0.0004 1.0000 1.0000 0.2697 0.0355 0.0047 0.0006 1.0000 1.0000 0.4568 0.0602 0.0079 0.0010 1.0000 1.0000 0.7736 0.1019 0.0134 0.0018 0.0002 1.0000 1.0000 0.1758 0.0234 0.0031 0.0004 1.0000 1.0000 0.3467 0.0482 0.0068 0.0010 1.0000 1.0000 0.9905 0.1476 0.0221 0.0033 0.0005 1.0000
0.0005 0.0039 0.0252 0.1677 1.0000 1.0000 1.0000 0.0010 0.0071 0.0495 0.3467 1.0000 1.0000 0.0004 0.0029 0.0213 0.1584 1.0000 1.0000 0.0002 0.0016 0.0118 0.0892 0.6759 1.0000 1.0000 0.0009 0.0069 0.0526 0.3991 1.0000 1.0000 0.0005 0.0041 0.0310 0.2357 1.0000 1.0000 0.0003 0.0024 0.0183 0.1392 1.0000 1.0000 1.0000 0.0014 0.0108 0.0822 0.6287 1.0000 1.0000 1.0000 0.6287 0.0822 0.0108 0.0014 1.0000 1.0000 1.0000 0.1392 0.0183 0.0024 0.0003 1.0000 1.0000 0.2357 0.0310 0.0041 0.0005 1.0000 1.0000 0.3991 0.0526 0.0069 0.0009 1.0000 1.0000 0.6759 0.0892 0.0118 0.0016 0.0002 1.0000 1.0000 0.1584 0.0213 0.0029 0.0004 1.0000 1.0000 0.3467 0.0495 0.0071 0.0010 1.0000 1.0000 1.0000 0.1677 0.0252 0.0039 0.0005
0.0036 0.0293 0.1915 1.0000 1.0000 1.0000 0.0012 0.0078 0.0531 0.3636 1.0000 1.0000 0.0004 0.0028 0.0200 0.1462 1.0000 1.0000 1.0000 0.0014 0.0104 0.0785 0.5939 1.0000 1.0000 0.0008 0.0060 0.0459 0.3487 1.0000 1.0000 0.0005 0.0036 0.0271 0.2059 1.0000 1.0000 0.0003 0.0021 0.0160 0.1216 0.9232 1.0000 1.0000 0.0012 0.0095 0.0718 0.5452 1.0000 1.0000 0.0003 1.0000 1.0000 0.5452 0.0718 0.0095 0.0012 1.0000 1.0000 0.9232 0.1216 0.0160 0.0021 0.0003 1.0000 1.0000 0.2059 0.0271 0.0036 0.0005 1.0000 1.0000 0.3487 0.0459 0.0060 0.0008 1.0000 1.0000 0.5939 0.0785 0.0104 0.0014 1.0000 1.0000 1.0000 0.1462 0.0200 0.0028 0.0004 1.0000 1.0000 0.3636 0.0531 0.0078 0.0012 1.0000 1.0000 1.0000 0.1915 0.0293 0.0036
0.0273 0.2217 1.0000 1.0000 1.0000 0.0013 0.0088 0.0588 0.3961 1.0000 1.0000 0.0004 0.0028 0.0195 0.1402 1.0000 1.0000 1.0000 0.0012 0.0093 0.0698 0.5258 1.0000 1.0000 0.0007 0.0053 0.0401 0.3046 1.0000 1.0000 0.0004 0.0031 0.0237 0.1799 1.0000 1.0000 0.0002 0.0018 0.0140 0.1062 0.8066 1.0000 1.0000 0.0011 0.0083 0.0627 0.4763 1.0000 1.0000 0.0007 0.0022 0.0007 1.0000 1.0000 0.4763 0.0627 0.0083 0.0011 1.0000 1.0000 0.8066 0.1062 0.0140 0.0018 0.0002 1.0000 1.0000 0.1799 0.0237 0.0031 0.0004 1.0000 1.0000 0.3046 0.0401 0.0053 0.0007 1.0000 1.0000 0.5258 0.0698 0.0093 0.0012 1.0000 1.0000 1.0000 0.1402 0.0195 0.0028 0.0004 1.0000 1.0000 0.3961 0.0588 0.0088 0.0013 1.0000 1.0000 1.0000 0.2217 0.0273
0.2071 1.0000 1.0000 0.0002 0.0015 0.0100 0.0663 0.4431 1.0000 1.0000 0.0004 0.0029 0.0200 0.1402 0.9924 1.0000 1.0000 0.0012 0.0085 0.0632 0.4709 1.0000 1.0000 0.0006 0.0047 0.0352 0.2667 1.0000 1.0000 0.0004 0.0027 0.0207 0.1572 1.0000 1.0000 0.0002 0.0016 0.0122 0.0928 0.7047 1.0000 1.0000 0.0010 0.0072 0.0548 0.4161 1.0000 1.0000 0.0006 0.0043 0.0148 0.0043 0.0006 1.0000 1.0000 0.4161 0.0548 0.0072 0.0010 1.0000 1.0000 0.7047 0.0928 0.0122 0.0016 0.0002 1.0000 1.0000 0.1572 0.0207 0.0027 0.0004 1.0000 1.0000 0.2667 0.0352 0.0047 0.0006 1.0000 1.0000 0.4709 0.0632 0.0085 0.0012 1.0000 1.0000 0.9924 0.1402 0.0200 0.0029 0.0004 1.0000 1.0000 0.4431 0.0663 0.0100 0.0015 0.0002 1.0000 1.0000 0.2071
1.0000 1.0000 0.0003 0.0017 0.0114 0.0756 0.5024 1.0000 1.0000 0.0005 0.0031 0.0213 0.1462 1.0000 1.0000 1.0000 0.0011 0.0080 0.0587 0.4315 1.0000 1.0000 0.0005 0.0041 0.0311 0.2348 1.0000 1.0000 0.0003 0.0024 0.0181 0.1373 1.0000 1.0000 1.0000 0.0014 0.0107 0.0811 0.6157 1.0000 1.0000 0.0008 0.0063 0.0479 0.3636 1.0000 1.0000 0.0005 0.0038 0.0288 0.0984 0.0288 0.0038 0.0005 1.0000 1.0000 0.3636 0.0479 0.0063 0.0008 1.0000 1.0000 0.6157 0.0811 0.0107 0.0014 1.0000 1.0000 1.0000 0.1373 0.0181 0.0024 0.0003 1.0000 1.0000 0.2348 0.0311 0.0041 0.0005 1.0000 1.0000 0.4315 0.0587 0.0080 0.0011 1.0000 1.0000 1.0000 0.1462 0.0213 0.0031 0.0005 1.0000 1.0000 0.5024 0.0756 0.0114 0.0017 0.0003 1.0000 1.0000
1.0000 0.0003 0.0020 0.0130 0.0865 0.5739 1.0000 1.0000 0.0005 0.0035 0.0234 0.1584 1.0000 1.0000 1.0000 0.0011 0.0079 0.0564 0.4075 1.0000 1.0000 0.0005 0.0037 0.0277 0.2083 1.0000 1.0000 0.0003 0.0021 0.0158 0.1200 0.9110 1.0000 1.0000 0.0012 0.0093 0.0708 0.5380 1.0000 1.0000 0.0007 0.0055 0.0418 0.3177 1.0000 1.0000 0.0004 0.0033 0.0249 0.1908 0.6531 0.1908 0.0249 0.0033 0.0004 1.0000 1.0000 0.3177 0.0418 0.0055 0.0007 1.0000 1.0000 0.5380 0.0708 0.0093 0.0012 1.0000 1.0000 0.9110 0.1200 0.0158 0.0021 0.0003 1.0000 1.0000 0.2083 0.0277 0.0037 0.0005 1.0000 1.0000 0.4075 0.0564 0.0079 0.0011 1.0000 1.0000 1.0000 0.1584 0.0234 0.0035 0.0005 1.0000 1.0000 0.5739 0.0865 0.0130 0.0020 0.0003 1.0000
0.0003 0.0023 0.0149 0.0990 0.6569 1.0000 1.0000 0.0006 0.0039 0.0263 0.1758 1.0000 1.0000 1.0000 0.0012 0.0080 0.0564 0.3998 1.0000 1.0000 0.0005 0.0034 0.0252 0.1876 1.0000 1.0000 0.0002 0.0018 0.0139 0.1050 0.7960 1.0000 1.0000 0.0011 0.0082 0.0619 0.4700 1.0000 1.0000 0.0006 0.0048 0.0365 0.2775 1.0000 1.0000 0.0004 0.0028 0.0216 0.1651 1.0000 1.0000 1.0000 0.1651 0.0216 0.0028 0.0004 1.0000 1.0000 0.2775 0.0365 0.0048 0.0006 1.0000 1.0000 0.4700 0.0619 0.0082 0.0011 1.0000 1.0000 0.7960 0.1050 0.0139 0.0018 0.0002 1.0000 1.0000 0.1876 0.0252 0.0034 0.0005 1.0000 1.0000 0.3998 0.0564 0.0080 0.0012 1.0000 1.0000 1.0000 0.1758 0.0263 0.0039 0.0006 1.0000 1.0000 0.6569 0.0990 0.0149 0.0023 0.0003
0.0021 0.0172 0.1131 0.7518 1.0000 1.0000 0.0007 0.0045 0.0298 0.1986 1.0000 1.0000 1.0000 0.0012 0.0085 0.0587 0.4075 1.0000 1.0000 0.0004 0.0032 0.0235 0.1725 1.0000 1.0000 0.0002 0.0016 0.0123 0.0928 0.7007 1.0000 1.0000 0.0009 0.0071 0.0541 0.4106 1.0000 1.0000 0.0006 0.0042 0.0319 0.2425 1.0000 1.0000 0.0003 0.0025 0.0189 0.1432 1.0000 1.0000 1.0000 1.0000 1.0000 0.1432 0.0189 0.0025 0.0003 1.0000 1.0000 0.2425 0.0319 0.0042 0.0006 1.0000 1.0000 0.4106 0.0541 0.0071 0.0009 1.0000 1.0000 0.7007 0.0928 0.0123 0.0016 0.0002 1.0000 1.0000 0.1725 0.0235 0.0032 0.0004 1.0000 1.0000 0.4075 0.0587 0.0085 0.0012 1.0000 1.0000 1.0000 0.1986 0.0298 0.0045 0.0007 1.0000 1.0000 0.7518 0.1131 0.0172 0.0021
0.0161 0.1312 0.8589 1.0000 1.0000 0.0008 0.0051 0.0341 0.2260 1.0000 1.0000 0.0002 0.0014 0.0093 0.0632 0.4315 1.0000 1.0000 0.0004 0.0032 0.0227 0.1636 1.0000 1.0000 1.0000 0.0015 0.0110 0.0826 0.6216 1.0000 1.0000 0.0008 0.0062 0.0472 0.3588 1.0000 1.0000 0.0005 0.0037 0.0279 0.2119 1.0000 1.0000 0.0003 0.0022 0.0165 0.1251 0.9499 1.0000 1.0000 0.0006 1.0000 1.0000 0.9499 0.1251 0.0165 0.0022 0.0003 1.0000 1.0000 0.2119 0.0279 0.0037 0.0005 1.0000 1.0000 0.3588 0.0472 0.0062 0.0008 1.0000 1.0000 0.6216 0.0826 0.0110 0.0015 1.0000 1.0000 1.0000 0.1636 0.0227 0.0032 0.0004 1.0000 1.0000 0.4315 0.0632 0.0093 0.0014 0.0002 1.0000 1.0000 0.2260 0.0341 0.0051 0.0008 1.0000 1.0000 0.8589 0.1312 0.0161
0.1223 0.9943 1.0000 1.0000 0.0009 0.0059 0.0390 0.2587 1.0000 1.0000 0.0002 0.0016 0.0104 0.0698 0.4709 1.0000 1.0000 0.0005 0.0032 0.0227 0.1605 1.0000 1.0000 1.0000 0.0014 0.0100 0.0746 0.5567 1.0000 1.0000 0.0007 0.0055 0.0415 0.3141 1.0000 1.0000 0.0004 0.0032 0.0244 0.1851 1.0000 1.0000 0.0002 0.0019 0.0144 0.1093 0.8300 1.0000 1.0000 0.0011 0.0039 0.0011 1.0000 1.0000 0.8300 0.1093 0.0144 0.0019 0.0002 1.0000 1.0000 0.1851 0.0244 0.0032 0.0004 1.0000 1.0000 0.3141 0.0415 0.0055 0.0007 1.0000 1.0000 0.5567 0.0746 0.0100 0.0014 1.0000 1.0000 1.0000 0.1605 0.0227 0.0032 0.0005 1.0000 1.0000 0.4709 0.0698 0.0104 0.0016 0.0002 1.0000 1.0000 0.2587 0.0390 0.0059 0.0009 1.0000 1.0000 0.9943 0.1223
0.9285 1.0000 1.0000 0.0010 0.0067 0.0446 0.2961 1.0000 1.0000 0.0003 0.0018 0.0118 0.0785 0.5258 1.0000 1.0000 0.0005 0.0034 0.0235 0.1636 1.0000 1.0000 1.0000 0.0013 0.0094 0.0688 0.5081 1.0000 1.0000 0.0006 0.0049 0.0367 0.2770 1.0000 1.0000 0.0004 0.0028 0.0213 0.1617 1.0000 1.0000 0.0002 0.0017 0.0126 0.0955 0.7251 1.0000 1.0000 0.0010 0.0076 0.0259 0.0076 0.0010 1.0000 1.0000 0.7251 0.0955 0.0126 0.0017 0.0002 1.0000 1.0000 0.1617 0.0213 0.0028 0.0004 1.0000 1.0000 0.2770 0.0367 0.0049 0.0006 1.0000 1.0000 0.5081 0.0688 0.0094 0.0013 1.0000 1.0000 1.0000 0.1636 0.0235 0.0034 0.0005 1.0000 1.0000 0.5258 0.0785 0.0118 0.0018 0.0003 1.0000 1.0000 0.2961 0.0446 0.0067 0.0010 1.0000 1.0000 0.9285
1.0000 1.0000 0.0012 0.0077 0.0511 0.3389 1.0000 1.0000 0.0003 0.0020 0.0134 0.0892 0.5939 1.0000 1.0000 0.0005 0.0037 0.0252 0.1725 1.0000 1.0000 1.0000 0.0013 0.0091 0.0654 0.4754 1.0000 1.0000 0.0006 0.0044 0.0327 0.2457 1.0000 1.0000 0.0003 0.0025 0.0186 0.1413 1.0000 1.0000 1.0000 0.0014 0.0110 0.0834 0.6335 1.0000 1.0000 0.0009 0.0065 0.0501 0.1715 0.0501 0.0065 0.0009 1.0000 1.0000 0.6335 0.0834 0.0110 0.0014 1.0000 1.0000 1.0000 0.1413 0.0186 0.0025 0.0003 1.0000 1.0000 0.2457 0.0327 0.0044 0.0006 1.0000 1.0000 0.4754 0.0654 0.0091 0.0013 1.0000 1.0000 1.0000 0.1725 0.0252 0.0037 0.0005 1.0000 1.0000 0.5939 0.0892 0.0134 0.0020 0.0003 1.0000 1.0000 0.3389 0.0511 0.0077 0.0012 1.0000 1.0000
1.0000 0.0013 0.0088 0.0585 0.3879 1.0000 1.0000 0.0003 0.0023 0.0154 0.1019 0.6759 1.0000 1.0000 0.0006 0.0041 0.0277 0.1876 1.0000 1.0000 1.0000 0.0013 0.0091 0.0643 0.4603 1.0000 1.0000 0.0005 0.0040 0.0296 0.2209 1.0000 1.0000 0.0003 0.0022 0.0163 0.1237 0.9374 1.0000 1.0000 0.0013 0.0096 0.0729 0.5535 1.0000 1.0000 0.0007 0.0057 0.0434 0.3325 1.0000 0.3325 0.0434 0.0057 0.0007 1.0000 1.0000 0.5535 0.0729 0.0096 0.0013 1.0000 1.0000 0.9374 0.1237 0.0163 0.0022 0.0003 1.0000 1.0000 0.2209 0.0296 0.0040 0.0005 1.0000 1.0000 0.4603 0.0643 0.0091 0.0013 1.0000 1.0000 1.0000 0.1876 0.0277 0.0041 0.0006 1.0000 1.0000 0.6759 0.1019 0.0154 0.0023 0.0003 1.0000 1.0000 0.3879 0.0585 0.0088 0.0013 1.0000
0.0013 0.0102 0.0668 0.4439 1.0000 1.0000 0.0004 0.0026 0.0176 0.1166 0.7736 1.0000 1.0000 0.0007 0.0047 0.0311 0.2083 1.0000 1.0000 1.0000 0.0014 0.0094 0.0654 0.4603 1.0000 1.0000 0.0005 0.0038 0.0275 0.2024 1.0000 1.0000 0.0003 0.0019 0.0145 0.1091 0.8237 1.0000 1.0000 0.0011 0.0084 0.0637 0.4836 1.0000 1.0000 0.0007 0.0050 0.0376 0.2877 1.0000 1.0000 1.0000 0.2877 0.0376 0.0050 0.0007 1.0000 1.0000 0.4836 0.0637 0.0084 0.0011 1.0000 1.0000 0.8237 0.1091 0.0145 0.0019 0.0003 1.0000 1.0000 0.2024 0.0275 0.0038 0.0005 1.0000 1.0000 0.4603 0.0654 0.0094 0.0014 1.0000 1.0000 1.0000 0.2083 0.0311 0.0047 0.0007 1.0000 1.0000 0.7736 0.1166 0.0176 0.0026 0.0004 1.0000 1.0000 0.4439 0.0668 0.0102 0.0013
0.0095 0.0773 0.5072 1.0000 1.0000 0.0005 0.0030 0.0201 0.1335 0.8854 1.0000 1.0000 0.0008 0.0053 0.0352 0.2348 1.0000 1.0000 0.0002 0.0015 0.0100 0.0688 0.4754 1.0000 1.0000 0.0005 0.0036 0.0262 0.1901 1.0000 1.0000 0.0002 0.0017 0.0129 0.0971 0.7307 1.0000 1.0000 0.0010 0.0073 0.0556 0.4225 1.0000 1.0000 0.0006 0.0043 0.0329 0.2495 1.0000 1.0000 1.0000 1.0000 1.0000 0.2495 0.0329 0.0043 0.0006 1.0000 1.0000 0.4225 0.0556 0.0073 0.0010 1.0000 1.0000 0.7307 0.0971 0.0129 0.0017 0.0002 1.0000 1.0000 0.1901 0.0262 0.0036 0.0005 1.0000 1.0000 0.4754 0.0688 0.0100 0.0015 0.0002 1.0000 1.0000 0.2348 0.0352 0.0053 0.0008 1.0000 1.0000 0.8854 0.1335 0.0201 0.0030 0.0005 1.0000 1.0000 0.5072 0.0773 0.0095
0.0722 0.5882 1.0000 1.0000 0.0005 0.0035 0.0230 0.1527 1.0000 1.0000 1.0000 0.0009 0.0060 0.0401 0.2667 1.0000 1.0000 0.0002 0.0016 0.0110 0.0746 0.5081 1.0000 1.0000 0.0005 0.0036 0.0258 0.1840 1.0000 1.0000 0.0002 0.0016 0.0118 0.0877 0.6544 1.0000 1.0000 0.0009 0.0065 0.0489 0.3699 1.0000 1.0000 0.0005 0.0038 0.0287 0.2180 1.0000 1.0000 0.0003 0.0010 0.0003 1.0000 1.0000 0.2180 0.0287 0.0038 0.0005 1.0000 1.0000 0.3699 0.0489 0.0065 0.0009 1.0000 1.0000 0.6544 0.0877 0.0118 0.0016 0.0002 1.0000 1.0000 0.1840 0.0258 0.0036 0.0005 1.0000 1.0000 0.5081 0.0746 0.0110 0.0016 0.0002 1.0000 1.0000 0.2667 0.0401 0.0060 0.0009 1.0000 1.0000 1.0000 0.1527 0.0230 0.0035 0.0005 1.0000 1.0000 0.5882 0.0722
0.5483 1.0000 1.0000 0.0006 0.0040 0.0264 0.1748 1.0000 1.0000 1.0000 0.0010 0.0069 0.0459 0.3046 1.0000 1.0000 0.0003 0.0018 0.0123 0.0826 0.5567 1.0000 1.0000 0.0005 0.0038 0.0262 0.1840 1.0000 1.0000 0.0002 0.0015 0.0110 0.0806 0.5961 1.0000 1.0000 0.0008 0.0057 0.0432 0.3262 1.0000 1.0000 0.0004 0.0033 0.0251 0.1904 1.0000 1.0000 0.0003 0.0020 0.0068 0.0020 0.0003 1.0000 1.0000 0.1904 0.0251 0.0033 0.0004 1.0000 1.0000 0.3262 0.0432 0.0057 0.0008 1.0000 1.0000 0.5961 0.0806 0.0110 0.0015 0.0002 1.0000 1.0000 0.1840 0.0262 0.0038 0.0005 1.0000 1.0000 0.5567 0.0826 0.0123 0.0018 0.0003 1.0000 1.0000 0.3046 0.0459 0.0069 0.0010 1.0000 1.0000 1.0000 0.1748 0.0264 0.0040 0.0006 1.0000 1.0000 0.5483
1.0000 1.0000 0.0007 0.0045 0.0302 0.2001 1.0000 1.0000 1.0000 0.0012 0.0079 0.0526 0.3487 1.0000 1.0000 0.0003 0.0021 0.0139 0.0928 0.6216 1.0000 1.0000 0.0006 0.0040 0.0275 0.1901 1.0000 1.0000 0.0002 0.0015 0.0105 0.0760 0.5546 1.0000 1.0000 0.0007 0.0051 0.0385 0.2894 1.0000 1.0000 0.0004 0.0029 0.0219 0.1664 1.0000 1.0000 0.0002 0.0017 0.0132 0.0451 0.0132 0.0017 0.0002 1.0000 1.0000 0.1664 0.0219 0.0029 0.0004 1.0000 1.0000 0.2894 0.0385 0.0051 0.0007 1.0000 1.0000 0.5546 0.0760 0.0105 0.0015 0.0002 1.0000 1.0000 0.1901 0.0275 0.0040 0.0006 1.0000 1.0000 0.6216 0.0928 0.0139 0.0021 0.0003 1.0000 1.0000 0.3487 0.0526 0.0079 0.0012 1.0000 1.0000 1.0000 0.2001 0.0302 0.0045 0.0007 1.0000 1.0000
1.0000 0.0008 0.0052 0.0345 0.2290 1.0000 1.0000 0.0002 0.0014 0.0091 0.0602 0.3991 1.0000 1.0000 0.0004 0.0024 0.0158 0.1050 0.7007 1.0000 1.0000 0.0006 0.0044 0.0296 0.2024 1.0000 1.0000 0.0002 0.0015 0.0103 0.0737 0.5308 1.0000 1.0000 0.0006 0.0047 0.0347 0.2592 1.0000 1.0000 0.0003 0.0025 0.0193 0.1457 1.0000 1.0000 1.0000 0.0015 0.0114 0.0873 0.2989 0.0873 0.0114 0.0015 1.0000 1.0000 1.0000 0.1457 0.0193 0.0025 0.0003 1.0000 1.0000 0.2592 0.0347 0.0047 0.0006 1.0000 1.0000 0.5308 0.0737 0.0103 0.0015 0.0002 1.0000 1.0000 0.2024 0.0296 0.0044 0.0006 1.0000 1.0000 0.7007 0.1050 0.0158 0.0024 0.0004 1.0000 1.0000 0.3991 0.0602 0.0091 0.0014 0.0002 1.0000 1.0000 0.2290 0.0345 0.0052 0.0008 1.0000
0.0007 0.0060 0.0394 0.2621 1.0000 1.0000 0.0002 0.0016 0.0104 0.0688 0.4568 1.0000 1.0000 0.0004 0.0027 0.0181 0.1200 0.7960 1.0000 1.0000 0.0007 0.0049 0.0327 0.2209 1.0000 1.0000 0.0002 0.0015 0.0105 0.0737 0.5228 1.0000 1.0000 0.0006 0.0044 0.0321 0.2366 1.0000 1.0000 0.0003 0.0023 0.0170 0.1285 0.9700 1.0000 1.0000 0.0013 0.0099 0.0756 0.5794 1.0000 0.5794 0.0756 0.0099 0.0013 1.0000 1.0000 0.9700 0.1285 0.0170 0.0023 0.0003 1.0000 1.0000 0.2366 0.0321 0.0044 0.0006 1.0000 1.0000 0.5228 0.0737 0.0105 0.0015 0.0002 1.0000 1.0000 0.2209 0.0327 0.0049 0.0007 1.0000 1.0000 0.7960 0.1200 0.0181 0.0027 0.0004 1.0000 1.0000 0.4568 0.0688 0.0104 0.0016 0.0002 1.0000 1.0000 0.2621 0.0394 0.0060 0.0007
0.0056 0.0457 0.2995 1.0000 1.0000 0.0003 0.0018 0.0119 0.0788 0.5228 1.0000 1.0000 0.0005 0.0031 0.0207 0.1373 0.9110 1.0000 1.0000 0.0008 0.0055 0.0367 0.2457 1.0000 1.0000 0.0002 0.0016 0.0110 0.0760 0.5308 1.0000 1.0000 0.0006 0.0042 0.0303 0.2209 1.0000 1.0000 0.0003 0.0020 0.0152 0.1142 0.8589 1.0000 1.0000 0.0011 0.0086 0.0655 0.5014 1.0000 1.0000 1.0000 0.5014 0.0655 0.0086 0.0011 1.0000 1.0000 0.8589 0.1142 0.0152 0.0020 0.0003 1.0000 1.0000 0.2209 0.0303 0.0042 0.0006 1.0000 1.0000 0.5308 0.0760 0.0110 0.0016 0.0002 1.0000 1.0000 0.2457 0.0367 0.0055 0.0008 1.0000 1.0000 0.9110 0.1373 0.0207 0.0031 0.0005 1.0000 1.0000 0.5228 0.0788 0.0119 0.0018 0.0003 1.0000 1.0000 0.2995 0.0457 0.0056
0.0426 0.3467 1.0000 1.0000 0.0003 0.0020 0.0136 0.0902 0.5984 1.0000 1.0000 0.0005 0.0036 0.0237 0.1572 1.0000 1.0000 1.0000 0.0009 0.0062 0.0415 0.2770 1.0000 1.0000 0.0003 0.0017 0.0118 0.0806 0.5546 1.0000 1.0000 0.0006 0.0041 0.0294 0.2114 1.0000 1.0000 0.0003 0.0019 0.0138 0.1026 0.7677 1.0000 1.0000 0.0010 0.0076 0.0574 0.4347 1.0000 1.0000 0.0003 1.0000 1.0000 0.4347 0.0574 0.0076 0.0010 1.0000 1.0000 0.7677 0.1026 0.0138 0.0019 0.0003 1.0000 1.0000 0.2114 0.0294 0.0041 0.0006 1.0000 1.0000 0.5546 0.0806 0.0118 0.0017 0.0003 1.0000 1.0000 0.2770 0.0415 0.0062 0.0009 1.0000 1.0000 1.0000 0.1572 0.0237 0.0036 0.0005 1.0000 1.0000 0.5984 0.0902 0.0136 0.0020 0.0003 1.0000 1.0000 0.3467 0.0426
0.3238 1.0000 1.0000 0.0004 0.0023 0.0156 0.1032 0.6849 1.0000 1.0000 0.0006 0.0041 0.0271 0.1799 1.0000 1.0000 1.0000 0.0011 0.0071 0.0472 0.3141 1.0000 1.0000 0.0003 0.0019 0.0129 0.0877 0.5961 1.0000 1.0000 0.0006 0.0042 0.0294 0.2083 1.0000 1.0000 0.0002 0.0017 0.0127 0.0939 0.6954 1.0000 1.0000 0.0009 0.0067 0.0506 0.3820 1.0000 1.0000 0.0005 0.0018 0.0005 1.0000 1.0000 0.3820 0.0506 0.0067 0.0009 1.0000 1.0000 0.6954 0.0939 0.0127 0.0017 0.0002 1.0000 1.0000 0.2083 0.0294 0.0042 0.0006 1.0000 1.0000 0.5961 0.0877 0.0129 0.0019 0.0003 1.0000 1.0000 0.3141 0.0472 0.0071 0.0011 1.0000 1.0000 1.0000 0.1799 0.0271 0.0041 0.0006 1.0000 1.0000 0.6849 0.1032 0.0156 0.0023 0.0004 1.0000 1.0000 0.3238
1.0000 1.0000 0.0004 0.0027 0.0178 0.1182 0.7839 1.0000 1.0000 0.0007 0.0047 0.0310 0.2059 1.0000 1.0000 1.0000 0.0012 0.0082 0.0541 0.3588 1.0000 1.0000 0.0003 0.0022 0.0145 0.0971 0.6544 1.0000 1.0000 0.0006 0.0044 0.0303 0.2114 1.0000 1.0000 0.0002 0.0017 0.0121 0.0878 0.6433 1.0000 1.0000 0.0008 0.0060 0.0451 0.3389 1.0000 1.0000 0.0005 0.0035 0.0119 0.0035 0.0005 1.0000 1.0000 0.3389 0.0451 0.0060 0.0008 1.0000 1.0000 0.6433 0.0878 0.0121 0.0017 0.0002 1.0000 1.0000 0.2114 0.0303 0.0044 0.0006 1.0000 1.0000 0.6544 0.0971 0.0145 0.0022 0.0003 1.0000 1.0000 0.3588 0.0541 0.0082 0.0012 1.0000 1.0000 1.0000 0.2059 0.0310 0.0047 0.0007 1.0000 1.0000 0.7839 0.1182 0.0178 0.0027 0.0004 1.0000 1.0000
1.0000 0.0005 0.0031 0.0204 0.1352 0.8973 1.0000 1.0000 0.0008 0.0054 0.0355 0.2357 1.0000 1.0000 0.0002 0.0014 0.0093 0.0619 0.4106 1.0000 1.0000 0.0004 0.0025 0.0163 0.1091 0.7307 1.0000 1.0000 0.0007 0.0047 0.0321 0.2209 1.0000 1.0000 0.0002 0.0016 0.0117 0.0842 0.6087 1.0000 1.0000 0.0007 0.0055 0.0406 0.3029 1.0000 1.0000 0.0004 0.0030 0.0231 0.0790 0.0231 0.0030 0.0004 1.0000 1.0000 0.3029 0.0406 0.0055 0.0007 1.0000 1.0000 0.6087 0.0842 0.0117 0.0016 0.0002 1.0000 1.0000 0.2209 0.0321 0.0047 0.0007 1.0000 1.0000 0.7307 0.1091 0.0163 0.0025 0.0004 1.0000 1.0000 0.4106 0.0619 0.0093 0.0014 0.0002 1.0000 1.0000 0.2357 0.0355 0.0054 0.0008 1.0000 1.0000 0.8973 0.1352 0.0204 0.0031 0.0005 1.0000
0.0004 0.0036 0.0233 0.1548 1.0000 1.0000 1.0000 0.0009 0.0061 0.0407 0.2697 1.0000 1.0000 0.0002 0.0016 0.0107 0.0708 0.4700 1.0000 1.0000 0.0004 0.0028 0.0186 0.1237 0.8237 1.0000 1.0000 0.0008 0.0051 0.0347 0.2366 1.0000 1.0000 0.0002 0.0017 0.0117 0.0831 0.5927 1.0000 1.0000 0.0007 0.0051 0.0372 0.2754 1.0000 1.0000 0.0004 0.0027 0.0202 0.1539 0.5268 0.1539 0.0202 0.0027 0.0004 1.0000 1.0000 0.2754 0.0372 0.0051 0.0007 1.0000 1.0000 0.5927 0.0831 0.0117 0.0017 0.0002 1.0000 1.0000 0.2366 0.0347 0.0051 0.0008 1.0000 1.0000 0.8237 0.1237 0.0186 0.0028 0.0004 1.0000 1.0000 0.4700 0.0708 0.0107 0.0016 0.0002 1.0000 1.0000 0.2697 0.0407 0.0061 0.0009 1.0000 1.0000 1.0000 0.1548 0.0233 0.0036 0.0004
0.0033 0.0270 0.1768 1.0000 1.0000 1.0000 0.0011 0.0070 0.0465 0.3087 1.0000 1.0000 0.0003 0.0018 0.0122 0.0811 0.5380 1.0000 1.0000 0.0005 0.0032 0.0213 0.1413 0.9374 1.0000 1.0000 0.0009 0.0057 0.0385 0.2592 1.0000 1.0000 0.0003 0.0017 0.0121 0.0842 0.5927 1.0000 1.0000 0.0007 0.0048 0.0350 0.2557 1.0000 1.0000 0.0003 0.0024 0.0178 0.1350 1.0000 1.0000 1.0000 0.1350 0.0178 0.0024 0.0003 1.0000 1.0000 0.2557 0.0350 0.0048 0.0007 1.0000 1.0000 0.5927 0.0842 0.0121 0.0017 0.0003 1.0000 1.0000 0.2592 0.0385 0.0057 0.0009 1.0000 1.0000 0.9374 0.1413 0.0213 0.0032 0.0005 1.0000 1.0000 0.5380 0.0811 0.0122 0.0018 0.0003 1.0000 1.0000 0.3087 0.0465 0.0070 0.0011 1.0000 1.0000 1.0000 0.1768 0.0270 0.0033
0.0252 0.2051 1.0000 1.0000 1.0000 0.0012 0.0080 0.0533 0.3534 1.0000 1.0000 0.0003 0.0021 0.0140 0.0928 0.6157 1.0000 1.0000 0.0006 0.0037 0.0244 0.1617 1.0000 1.0000 1.0000 0.0010 0.0065 0.0432 0.2894 1.0000 1.0000 0.0003 0.0019 0.0127 0.0878 0.6087 1.0000 1.0000 0.0007 0.0047 0.0335 0.2425 1.0000 1.0000 0.0003 0.0022 0.0161 0.1202 0.9076 1.0000 1.0000 1.0000 0.9076 0.1202 0.0161 0.0022 0.0003 1.0000 1.0000 0.2425 0.0335 0.0047 0.0007 1.0000 1.0000 0.6087 0.0878 0.0127 0.0019 0.0003 1.0000 1.0000 0.2894 0.0432 0.0065 0.0010 1.0000 1.0000 1.0000 0.1617 0.0244 0.0037 0.0006 1.0000 1.0000 0.6157 0.0928 0.0140 0.0021 0.0003 1.0000 1.0000 0.3534 0.0533 0.0080 0.0012 1.0000 1.0000 1.0000 0.2051 0.0252
0.1912 1.0000 1.0000 0.0002 0.0014 0.0092 0.0610 0.4044 1.0000 1.0000 0.0004 0.0024 0.0160 0.1062 0.7047 1.0000 1.0000 0.0006 0.0042 0.0279 0.1851 1.0000 1.0000 1.0000 0.0011 0.0073 0.0489 0.3262 1.0000 1.0000 0.0003 0.0020 0.0138 0.0939 0.6433 1.0000 1.0000 0.0007 0.0047 0.0331 0.2361 1.0000 1.0000 0.0003 0.0020 0.0148 0.1091 0.8112 1.0000 1.0000 0.0005 1.0000 1.0000 0.8112 0.1091 0.0148 0.0020 0.0003 1.0000 1.0000 0.2361 0.0331 0.0047 0.0007 1.0000 1.0000 0.6433 0.0939 0.0138 0.0020 0.0003 1.0000 1.0000 0.3262 0.0489 0.0073 0.0011 1.0000 1.0000 1.0000 0.1851 0.0279 0.0042 0.0006 1.0000 1.0000 0.7047 0.1062 0.0160 0.0024 0.0004 1.0000 1.0000 0.4044 0.0610 0.0092 0.0014 0.0002 1.0000 1.0000 0.1912
1.0000 1.0000 0.0002 0.0016 0.0105 0.0698 0.4629 1.0000 1.0000 0.0004 0.0028 0.0183 0.1216 0.8066 1.0000 1.0000 0.0007 0.0048 0.0319 0.2119 1.0000 1.0000 1.0000 0.0013 0.0084 0.0556 0.3699 1.0000 1.0000 0.0003 0.0023 0.0152 0.1026 0.6954 1.0000 1.0000 0.0007 0.0048 0.0335 0.2361 1.0000 1.0000 0.0003 0.0019 0.0139 0.1015 0.7461 1.0000 1.0000 0.0010 0.0033 0.0010 1.0000 1.0000 0.7461 0.1015 0.0139 0.0019 0.0003 1.0000 1.0000 0.2361 0.0335 0.0048 0.0007 1.0000 1.0000 0.6954 0.1026 0.0152 0.0023 0.0003 1.0000 1.0000 0.3699 0.0556 0.0084 0.0013 1.0000 1.0000 1.0000 0.2119 0.0319 0.0048 0.0007 1.0000 1.0000 0.8066 0.1216 0.0183 0.0028 0.0004 1.0000 1.0000 0.4629 0.0698 0.0105 0.0016 0.0002 1.0000 1.0000
1.0000 0.0003 0.0018 0.0120 0.0799 0.5298 1.0000 1.0000 0.0005 0.0032 0.0210 0.1392 0.9232 1.0000 1.0000 0.0008 0.0055 0.0365 0.2425 1.0000 1.0000 0.0002 0.0014 0.0096 0.0637 0.4225 1.0000 1.0000 0.0004 0.0025 0.0170 0.1142 0.7677 1.0000 1.0000 0.0007 0.0051 0.0350 0.2425 1.0000 1.0000 0.0003 0.0019 0.0133 0.0964 0.7007 1.0000 1.0000 0.0009 0.0065 0.0222 0.0065 0.0009 1.0000 1.0000 0.7007 0.0964 0.0133 0.0019 0.0003 1.0000 1.0000 0.2425 0.0350 0.0051 0.0007 1.0000 1.0000 0.7677 0.1142 0.0170 0.0025 0.0004 1.0000 1.0000 0.4225 0.0637 0.0096 0.0014 0.0002 1.0000 1.0000 0.2425 0.0365 0.0055 0.0008 1.0000 1.0000 0.9232 0.1392 0.0210 0.0032 0.0005 1.0000 1.0000 0.5298 0.0799 0.0120 0.0018 0.0003 1.0000
0.0003 0.0021 0.0138 0.0914 0.6064 1.0000 1.0000 0.0005 0.0036 0.0240 0.1593 1.0000 1.0000 1.0000 0.0010 0.0063 0.0418 0.2775 1.0000 1.0000 0.0002 0.0017 0.0110 0.0729 0.4836 1.0000 1.0000 0.0004 0.0029 0.0193 0.1285 0.8589 1.0000 1.0000 0.0008 0.0055 0.0372 0.2557 1.0000 1.0000 0.0003 0.0019 0.0132 0.0940 0.6746 1.0000 1.0000 0.0008 0.0059 0.0444 0.1507 0.0444 0.0059 0.0008 1.0000 1.0000 0.6746 0.0940 0.0132 0.0019 0.0003 1.0000 1.0000 0.2557 0.0372 0.0055 0.0008 1.0000 1.0000 0.8589 0.1285 0.0193 0.0029 0.0004 1.0000 1.0000 0.4836 0.0729 0.0110 0.0017 0.0002 1.0000 1.0000 0.2775 0.0418 0.0063 0.0010 1.0000 1.0000 1.0000 0.1593 0.0240 0.0036 0.0005 1.0000 1.0000 0.6064 0.0914 0.0138 0.0021 0.0003
0.0020 0.0159 0.1044 0.6941 1.0000 1.0000 0.0006 0.0041 0.0275 0.1823 1.0000 1.0000 1.0000 0.0011 0.0072 0.0479 0.3177 1.0000 1.0000 0.0003 0.0019 0.0126 0.0834 0.5535 1.0000 1.0000 0.0005 0.0033 0.0219 0.1457 0.9700 1.0000 1.0000 0.0009 0.0060 0.0406 0.2754 1.0000 1.0000 0.0003 0.0019 0.0133 0.0940 0.6657 1.0000 1.0000 0.0008 0.0055 0.0407 0.3035 1.0000 0.3035 0.0407 0.0055 0.0008 1.0000 1.0000 0.6657 0.0940 0.0133 0.0019 0.0003 1.0000 1.0000 0.2754 0.0406 0.0060 0.0009 1.0000 1.0000 0.9700 0.1457 0.0219 0.0033 0.0005 1.0000 1.0000 0.5535 0.0834 0.0126 0.0019 0.0003 1.0000 1.0000 0.3177 0.0479 0.0072 0.0011 1.0000 1.0000 1.0000 0.1823 0.0275 0.0041 0.0006 1.0000 1.0000 0.6941 0.1044 0.0159 0.0020
0.0149 0.1209 0.7929 1.0000 1.0000 0.0007 0.0047 0.0314 0.2087 1.0000 1.0000 1.0000 0.0012 0.0083 0.0548 0.3636 1.0000 1.0000 0.0003 0.0022 0.0144 0.0955 0.6335 1.0000 1.0000 0.0006 0.0038 0.0251 0.1664 1.0000 1.0000 1.0000 0.0010 0.0067 0.0451 0.3029 1.0000 1.0000 0.0003 0.0020 0.0139 0.0964 0.6746 1.0000 1.0000 0.0007 0.0053 0.0385 0.2818 1.0000 1.0000 1.0000 0.2818 0.0385 0.0053 0.0007 1.0000 1.0000 0.6746 0.0964 0.0139 0.0020 0.0003 1.0000 1.0000 0.3029 0.0451 0.0067 0.0010 1.0000 1.0000 1.0000 0.1664 0.0251 0.0038 0.0006 1.0000 1.0000 0.6335 0.0955 0.0144 0.0022 0.0003 1.0000 1.0000 0.3636 0.0548 0.0083 0.0012 1.0000 1.0000 1.0000 0.2087 0.0314 0.0047 0.0007 1.0000 1.0000 0.7929 0.1209 0.0149
0.1129 0.9197 1.0000 1.0000 0.0008 0.0054 0.0360 0.2388 1.0000 1.0000 0.0002 0.0014 0.0095 0.0627 0.4161 1.0000 1.0000 0.0004 0.0025 0.0165 0.1093 0.7251 1.0000 1.0000 0.0007 0.0043 0.0287 0.1904 1.0000 1.0000 1.0000 0.0011 0.0076 0.0506 0.3389 1.0000 1.0000 0.0003 0.0022 0.0148 0.1015 0.7007 1.0000 1.0000 0.0007 0.0052 0.0375 0.2687 1.0000 1.0000 1.0000 1.0000 1.0000 0.2687 0.0375 0.0052 0.0007 1.0000 1.0000 0.7007 0.1015 0.0148 0.0022 0.0003 1.0000 1.0000 0.3389 0.0506 0.0076 0.0011 1.0000 1.0000 1.0000 0.1904 0.0287 0.0043 0.0007 1.0000 1.0000 0.7251 0.1093 0.0165 0.0025 0.0004 1.0000 1.0000 0.4161 0.0627 0.0095 0.0014 0.0002 1.0000 1.0000 0.2388 0.0360 0.0054 0.0008 1.0000 1.0000 0.9197 0.1129
0.8572 1.0000 1.0000 0.0009 0.0062 0.0412 0.2733 1.0000 1.0000 0.0002 0.0016 0.0108 0.0718 0.4763 1.0000 1.0000 0.0004 0.0028 0.0189 0.1251 0.8300 1.0000 1.0000 0.0007 0.0050 0.0329 0.2180 1.0000 1.0000 1.0000 0.0013 0.0086 0.0574 0.3820 1.0000 1.0000 0.0004 0.0024 0.0161 0.1091 0.7461 1.0000 1.0000 0.0008 0.0053 0.0375 0.2651 1.0000 1.0000 0.0003 0.0010 0.0003 1.0000 1.0000 0.2651 0.0375 0.0053 0.0008 1.0000 1.0000 0.7461 0.1091 0.0161 0.0024 0.0004 1.0000 1.0000 0.3820 0.0574 0.0086 0.0013 1.0000 1.0000 1.0000 0.2180 0.0329 0.0050 0.0007 1.0000 1.0000 0.8300 0.1251 0.0189 0.0028 0.0004 1.0000 1.0000 0.4763 0.0718 0.0108 0.0016 0.0002 1.0000 1.0000 0.2733 0.0412 0.0062 0.0009 1.0000 1.0000 0.8572
1.0000 1.0000 0.0011 0.0071 0.0472 0.3129 1.0000 1.0000 0.0003 0.0019 0.0124 0.0822 0.5452 1.0000 1.0000 0.0005 0.0033 0.0216 0.1432 0.9499 1.0000 1.0000 0.0009 0.0057 0.0376 0.2495 1.0000 1.0000 0.0002 0.0015 0.0099 0.0655 0.4347 1.0000 1.0000 0.0004 0.0027 0.0178 0.1202 0.8112 1.0000 1.0000 0.0008 0.0055 0.0385 0.2687 1.0000 1.0000 0.0003 0.0022 0.0073 0.0022 0.0003 1.0000 1.0000 0.2687 0.0385 0.0055 0.0008 1.0000 1.0000 0.8112 0.1202 0.0178 0.0027 0.0004 1.0000 1.0000 0.4347 0.0655 0.0099 0.0015 0.0002 1.0000 1.0000 0.2495 0.0376 0.0057 0.0009 1.0000 1.0000 0.9499 0.1432 0.0216 0.0033 0.0005 1.0000 1.0000 0.5452 0.0822 0.0124 0.0019 0.0003 1.0000 1.0000 0.3129 0.0472 0.0071 0.0011 1.0000 1.0000
1.0000 0.0012 0.0082 0.0544 0.3608 1.0000 1.0000 0.0003 0.0022 0.0143 0.0948 0.6287 1.0000 1.0000 0.0006 0.0038 0.0249 0.1651 1.0000 1.0000 1.0000 0.0010 0.0065 0.0434 0.2877 1.0000 1.0000 0.0003 0.0017 0.0114 0.0756 0.5014 1.0000 1.0000 0.0005 0.0030 0.0202 0.1350 0.9076 1.0000 1.0000 0.0009 0.0059 0.0407 0.2818 1.0000 1.0000 0.0003 0.0021 0.0154 0.0518 0.0154 0.0021 0.0003 1.0000 1.0000 0.2818 0.0407 0.0059 0.0009 1.0000 1.0000 0.9076 0.1350 0.0202 0.0030 0.0005 1.0000 1.0000 0.5014 0.0756 0.0114 0.0017 0.0003 1.0000 1.0000 0.2877 0.0434 0.0065 0.0010 1.0000 1.0000 1.0000 0.1651 0.0249 0.0038 0.0006 1.0000 1.0000 0.6287 0.0948 0.0143 0.0022 0.0003 1.0000 1.0000 0.3608 0.0544 0.0082 0.0012 1.0000
0.0012 0.0096 0.0627 0.4169 1.0000 1.0000 0.0004 0.0025 0.0165 0.1095 0.7265 1.0000 1.0000 0.0007 0.0043 0.0288 0.1908 1.0000 1.0000 1.0000 0.0011 0.0076 0.0501 0.3325 1.0000 1.0000 0.0003 0.0020 0.0132 0.0873 0.5794 1.0000 1.0000 0.0005 0.0035 0.0231 0.1539 1.0000 1.0000 1.0000 0.0010 0.0065 0.0444 0.3035 1.0000 1.0000 0.0003 0.0022 0.0154 0.1114 0.3713 0.1114 0.0154 0.0022 0.0003 1.0000 1.0000 0.3035 0.0444 0.0065 0.0010 1.0000 1.0000 1.0000 0.1539 0.0231 0.0035 0.0005 1.0000 1.0000 0.5794 0.0873 0.0132 0.0020 0.0003 1.0000 1.0000 0.3325 0.0501 0.0076 0.0011 1.0000 1.0000 1.0000 0.1908 0.0288 0.0043 0.0007 1.0000 1.0000 0.7265 0.1095 0.0165 0.0025 0.0004 1.0000 1.0000 0.4169 0.0627 0.0096 0.0012
0.0042 0.0332 0.2155 1.0000 1.0000 1.0000 0.0013 0.0085 0.0565 0.3748 1.0000 1.0000 0.0003 0.0022 0.0148 0.0984 0.6531 1.0000 1.0000 0.0006 0.0039 0.0259 0.1715 1.0000 1.0000 1.0000 0.0010 0.0068 0.0451 0.2989 1.0000 1.0000 0.0003 0.0018 0.0119 0.0790 0.5268 1.0000 1.0000 0.0005 0.0033 0.0222 0.1507 1.0000 1.0000 1.0000 0.0010 0.0073 0.0518 0.3713 1.0000 0.3713 0.0518 0.0073 0.0010 1.0000 1.0000 1.0000 0.1507 0.0222 0.0033 0.0005 1.0000 1.0000 0.5268 0.0790 0.0119 0.0018 0.0003 1.0000 1.0000 0.2989 0.0451 0.0068 0.0010 1.0000 1.0000 1.0000 0.1715 0.0259 0.0039 0.0006 1.0000 1.0000 0.6531 0.0984 0.0148 0.0022 0.0003 1.0000 1.0000 0.3748 0.0565 0.0085 0.0013 1.0000 1.0000 1.0000 0.2155 0.0332 0.0042
0.0012 0.0096 0.0627 0.4169 1.0000 1.0000 0.0004 0.0025 0.0165 0.1095 0.7265 1.0000 1.0000 0.0007 0.0043 0.0288 0.1908 1.0000 1.0000 1.0000 0.0011 0.0076 0.0501 0.3325 1.0000 1.0000 0.0003 0.0020 0.0132 0.0873 0.5794 1.0000 1.0000 0.0005 0.0035 0.0231 0.1539 1.0000 1.0000 1.0000 0.0010 0.0065 0.0444 0.3035 1.0000 1.0000 0.0003 0.0022 0.0154 0.1114 0.3713 0.1114 0.0154 0.0022 0.0003 1.0000 1.0000 0.3035 0.0444 0.0065 0.0010 1.0000 1.0000 1.0000 0.1539 0.0231 0.0035 0.0005 1.0000 1.0000 0.5794 0.0873 0.0132 0.0020 0.0003 1.0000 1.0000 0.3325 0.0501 0.0076 0.0011 1.0000 1.0000 1.0000 0.1908 0.0288 0.0043 0.0007 1.0000 1.0000 0.7265 0.1095 0.0165 0.0025 0.0004 1.0000 1.0000 0.4169 0.0627 0.0096 0.0012
1.0000 0.0012 0.0082 0.0544 0.3608 1.0000 1.0000 0.0003 0.0022 0.0143 0.0948 0.6287 1.0000 1.0000 0.0006 0.0038 0.0249 0.1651 1.0000 1.0000 1.0000 0.0010 0.0065 0.0434 0.2877 1.0000 1.0000 0.0003 0.0017 0.0114 0.0756 0.5014 1.0000 1.0000 0.0005 0.0030 0.0202 0.1350 0.9076 1.0000 1.0000 0.0009 0.0059 0.0407 0.2818 1.0000 1.0000 0.0003 0.0021 0.0154 0.0518 0.0154 0.0021 0.0003 1.0000 1.0000 0.2818 0.0407 0.0059 0.0009 1.0000 1.0000 0.9076 0.1350 0.0202 0.0030 0.0005 1.0000 1.0000 0.5014 0.0756 0.0114 0.0017 0.0003 1.0000 1.0000 0.2877 0.0434 0.0065 0.0010 1.0000 1.0000 1.0000 0.1651 0.0249 0.0038 0.0006 1.0000 1.0000 0.6287 0.0948 0.0143 0.0022 0.0003 1.0000 1.0000 0.3608 0.0544 0.0082 0.0012 1.0000
1.0000 1.0000 0.0011 0.0071 0.0472 0.3129 1.0000 1.0000 0.0003 0.0019 0.0124 0.0822 0.5452 1.0000 1.0000 0.0005 0.0033 0.0216 0.1432 0.9499 1.0000 1.0000 0.0009 0.0057 0.0376 0.2495 1.0000 1.0000 0.0002 0.0015 0.0099 0.0655 0.4347 1.0000 1.0000 0.0004 0.0027 0.0178 0.1202 0.8112 1.0000 1.0000 0.0008 0.0055 0.0385 0.2687 1.0000 1.0000 0.0003 0.0022 0.0073 0.0022 0.0003 1.0000 1.0000 0.2687 0.0385 0.0055 0.0008 1.0000 1.0000 0.8112 0.1202 0.0178 0.0027 0.0004 1.0000 1.0000 0.4347 0.0655 0.0099 0.0015 0.0002 1.0000 1.0000 0.2495 0.0376 0.0057 0.0009 1.0000 1.0000 0.9499 0.1432 0.0216 0.0033 0.0005 1.0000 1.0000 0.5452 0.0822 0.0124 0.0019 0.0003 1.0000 1.0000 0.3129 0.0472 0.0071 0.0011 1.0000 1.0000
0.8572 1.0000 1.0000 0.0009 0.0062 0.0412 0.2733 1.0000 1.0000 0.0002 0.0016 0.0108 0.0718 0.4763 1.0000 1.0000 0.0004 0.0028 0.0189 0.1251 0.8300 1.0000 1.0000 0.0007 0.0050 0.0329 0.2180 1.0000 1.0000 1.0000 0.0013 0.0086 0.0574 0.3820 1.0000 1.0000 0.0004 0.0024 0.0161 0.1091 0.7461 1.0000 1.0000 0.0008 0.0053 0.0375 0.2651 1.0000 1.0000 0.0003 0.0010 0.0003 1.0000 1.0000 0.2651 0.0375 0.0053 0.0008 1.0000 1.0000 0.7461 0.1091 0.0161 0.0024 0.0004 1.0000 1.0000 0.3820 0.0574 0.0086 0.0013 1.0000 1.0000 1.0000 0.2180 0.0329 0.0050 0.0007 1.0000 1.0000 0.8300 0.1251 0.0189 0.0028 0.0004 1.0000 1.0000 0.4763 0.0718 0.0108 0.0016 0.0002 1.0000 1.0000 0.2733 0.0412 0.0062 0.0009 1.0000 1.0000 0.8572
0.1129 0.9197 1.0000 1.0000 0.0008 0.0054 0.0360 0.2388 1.0000 1.0000 0.0002 0.0014 0.0095 0.0627 0.4161 1.0000 1.0000 0.0004 0.0025 0.0165 0.1093 0.7251 1.0000 1.0000 0.0007 0.0043 0.0287 0.1904 1.0000 1.0000 1.0000 0.0011 0.0076 0.0506 0.3389 1.0000 1.0000 0.0003 0.0022 0.0148 0.1015 0.7007 1.0000 1.0000 0.0007 0.0052 0.0375 0.2687 1.0000 1.0000 1.0000 1.0000 1.0000 0.2687 0.0375 0.0052 0.0007 1.0000 1.0000 0.7007 0.1015 0.0148 0.0022 0.0003 1.0000 1.0000 0.3389 0.0506 0.0076 0.0011 1.0000 1.0000 1.0000 0.1904 0.0287 0.0043 0.0007 1.0000 1.0000 0.7251 0.1093 0.0165 0.0025 0.0004 1.0000 1.0000 0.4161 0.0627 0.0095 0.0014 0.0002 1.0000 1.0000 0.2388 0.0360 0.0054 0.0008 1.0000 1.0000 0.9197 0.1129
