-0.2454 -0.0379 0.1521 0.0642 -0.2156 -0.2774 -0.2824 -0.1395 0.1055 0.2078 -0.1759 -0.2665 -0.2880 -0.2287 0.0660 0.2274 -0.1310 -0.2534 -0.2885 -0.2655 0.0204 0.1977 -0.0610 -0.2384 -0.2842 -0.2750 -0.0494 0.1436 0.0925 -0.2096 -0.2759 -0.2836 -0.1560 0.0994 0.2172 -0.1697 -0.2647 -0.2884 -0.2373 0.0598 0.2245 -0.1229 -0.2512 -0.2881 -0.2678 0.0120 0.1920 -0.0450 -0.2361 -0.2876 -0.3086 -0.2876 -0.2361 -0.0450 0.1920 0.0120 -0.2678 -0.2881 -0.2512 -0.1229 0.2245 0.0598 -0.2373 -0.2884 -0.2647 -0.1697 0.2172 0.0994 -0.1560 -0.2836 -0.2759 -0.2096 0.0925 0.1436 -0.0494 -0.2750 -0.2842 -0.2384 -0.0610 0.1977 0.0204 -0.2655 -0.2885 -0.2534 -0.1310 0.2274 0.0660 -0.2287 -0.2880 -0.2665 -0.1759 0.2078 0.1055 -0.1395 -0.2824 -0.2774 -0.2156 0.0642 0.1521 -0.0379 -0.2454
-0.0379 0.1526 0.1097 -0.2553 -0.3271 -0.3188 -0.1340 0.1044 0.2358 -0.1931 -0.3183 -0.3293 -0.2405 0.0692 0.2330 -0.1325 -0.3067 -0.3334 -0.2893 0.0273 0.1960 -0.0380 -0.2933 -0.3320 -0.3066 -0.0393 0.1373 0.1495 -0.2436 -0.3260 -0.3210 -0.1533 0.0990 0.2403 -0.1843 -0.3166 -0.3303 -0.2515 0.0636 0.2284 -0.1218 -0.3048 -0.3335 -0.2928 0.0195 0.1868 -0.0154 -0.2911 -0.3313 -0.3226 -0.2315 -0.3226 -0.3313 -0.2911 -0.0154 0.1868 0.0195 -0.2928 -0.3335 -0.3048 -0.1218 0.2284 0.0636 -0.2515 -0.3303 -0.3166 -0.1843 0.2403 0.0990 -0.1533 -0.3210 -0.3260 -0.2436 0.1495 0.1373 -0.0393 -0.3066 -0.3320 -0.2933 -0.0380 0.1960 0.0273 -0.2893 -0.3334 -0.3067 -0.1325 0.2330 0.0692 -0.2405 -0.3293 -0.3183 -0.1931 0.2358 0.1044 -0.1340 -0.3188 -0.3271 -0.2553 0.1097 0.1526 -0.0379
0.1521 0.1097 -0.2489 -0.3254 -0.3206 -0.1636 0.0946 0.2419 -0.1788 -0.3152 -0.3306 -0.2584 0.0582 0.2248 -0.1138 -0.3031 -0.3332 -0.2944 0.0123 0.1807 0.0025 -0.2891 -0.3305 -0.3103 -0.0660 0.1251 0.1889 -0.2277 -0.3236 -0.3236 -0.1850 0.0886 0.2429 -0.1695 -0.3135 -0.3314 -0.2668 0.0522 0.2194 -0.1016 -0.3011 -0.3331 -0.2969 0.0032 0.1696 0.0312 -0.2820 -0.3296 -0.3122 -0.0773 0.0609 -0.0773 -0.3122 -0.3296 -0.2820 0.0312 0.1696 0.0032 -0.2969 -0.3331 -0.3011 -0.1016 0.2194 0.0522 -0.2668 -0.3314 -0.3135 -0.1695 0.2429 0.0886 -0.1850 -0.3236 -0.3236 -0.2277 0.1889 0.1251 -0.0660 -0.3103 -0.3305 -0.2891 0.0025 0.1807 0.0123 -0.2944 -0.3332 -0.3031 -0.1138 0.2248 0.0582 -0.2584 -0.3306 -0.3152 -0.1788 0.2419 0.0946 -0.1636 -0.3206 -0.3254 -0.2489 0.1097 0.1521
0.0642 -0.2553 -0.3254 -0.3213 -0.1802 0.0883 0.2427 -0.1653 -0.3125 -0.3317 -0.2716 0.0482 0.2155 -0.0924 -0.2997 -0.3330 -0.2985 -0.0032 0.1629 0.0518 -0.2773 -0.3291 -0.3141 -0.0945 0.1152 0.2160 -0.2125 -0.3213 -0.3262 -0.2118 0.0798 0.2407 -0.1542 -0.3105 -0.3324 -0.2783 0.0417 0.2096 -0.0778 -0.2977 -0.3327 -0.3009 -0.0138 0.1535 0.0844 -0.2661 -0.3281 -0.3162 -0.1112 0.1051 0.2019 0.1051 -0.1112 -0.3162 -0.3281 -0.2661 0.0844 0.1535 -0.0138 -0.3009 -0.3327 -0.2977 -0.0778 0.2096 0.0417 -0.2783 -0.3324 -0.3105 -0.1542 0.2407 0.0798 -0.2118 -0.3262 -0.3213 -0.2125 0.2160 0.1152 -0.0945 -0.3141 -0.3291 -0.2773 0.0518 0.1629 -0.0032 -0.2985 -0.3330 -0.2997 -0.0924 0.2155 0.0482 -0.2716 -0.3317 -0.3125 -0.1653 0.2427 0.0883 -0.1802 -0.3213 -0.3254 -0.2553 0.0642
-0.2156 -0.3271 -0.3206 -0.1802 0.0858 0.2417 -0.1549 -0.3101 -0.3323 -0.2813 0.0376 0.2058 -0.0670 -0.2962 -0.3324 -0.3025 -0.0215 0.1479 0.1054 -0.2590 -0.3274 -0.3177 -0.1259 0.1057 0.2326 -0.1976 -0.3188 -0.3284 -0.2347 0.0707 0.2352 -0.1378 -0.3074 -0.3330 -0.2869 0.0299 0.1994 -0.0485 -0.2941 -0.3320 -0.3050 -0.0338 0.1400 0.1360 -0.2486 -0.3263 -0.3197 -0.1452 0.1003 0.2420 -0.0651 0.2420 0.1003 -0.1452 -0.3197 -0.3263 -0.2486 0.1360 0.1400 -0.0338 -0.3050 -0.3320 -0.2941 -0.0485 0.1994 0.0299 -0.2869 -0.3330 -0.3074 -0.1378 0.2352 0.0707 -0.2347 -0.3284 -0.3188 -0.1976 0.2326 0.1057 -0.1259 -0.3177 -0.3274 -0.2590 0.1054 0.1479 -0.0215 -0.3025 -0.3324 -0.2962 -0.0670 0.2058 0.0376 -0.2813 -0.3323 -0.3101 -0.1549 0.2417 0.0858 -0.1802 -0.3206 -0.3271 -0.2156
-0.2774 -0.3188 -0.1636 0.0883 0.2417 -0.1509 -0.3086 -0.3325 -0.2874 0.0276 0.1966 -0.0373 -0.2928 -0.3316 -0.3066 -0.0431 0.1352 0.1541 -0.2421 -0.3255 -0.3210 -0.1576 0.0967 0.2409 -0.1829 -0.3161 -0.3301 -0.2533 0.0613 0.2276 -0.1199 -0.3041 -0.3332 -0.2929 0.0169 0.1854 -0.0111 -0.2905 -0.3309 -0.3090 -0.0577 0.1285 0.1785 -0.2324 -0.3242 -0.3228 -0.1761 0.0914 0.2426 -0.1699 -0.2927 -0.1699 0.2426 0.0914 -0.1761 -0.3228 -0.3242 -0.2324 0.1785 0.1285 -0.0577 -0.3090 -0.3309 -0.2905 -0.0111 0.1854 0.0169 -0.2929 -0.3332 -0.3041 -0.1199 0.2276 0.0613 -0.2533 -0.3301 -0.3161 -0.1829 0.2409 0.0967 -0.1576 -0.3210 -0.3255 -0.2421 0.1541 0.1352 -0.0431 -0.3066 -0.3316 -0.2928 -0.0373 0.1966 0.0276 -0.2874 -0.3325 -0.3086 -0.1509 0.2417 0.0883 -0.1636 -0.3188 -0.2774
-0.2824 -0.1340 0.0946 0.2427 -0.1549 -0.3086 -0.3326 -0.2902 0.0199 0.1870 -0.0057 -0.2896 -0.3305 -0.3103 -0.0678 0.1243 0.1918 -0.2262 -0.3234 -0.3239 -0.1876 0.0879 0.2428 -0.1681 -0.3132 -0.3315 -0.2680 0.0513 0.2185 -0.0995 -0.3008 -0.3331 -0.2973 0.0019 0.1681 0.0357 -0.2810 -0.3296 -0.3129 -0.0853 0.1181 0.2090 -0.2169 -0.3220 -0.3255 -0.2042 0.0825 0.2417 -0.1594 -0.3136 -0.3421 -0.3136 -0.1594 0.2417 0.0825 -0.2042 -0.3255 -0.3220 -0.2169 0.2090 0.1181 -0.0853 -0.3129 -0.3296 -0.2810 0.0357 0.1681 0.0019 -0.2973 -0.3331 -0.3008 -0.0995 0.2185 0.0513 -0.2680 -0.3315 -0.3132 -0.1681 0.2428 0.0879 -0.1876 -0.3239 -0.3234 -0.2262 0.1918 0.1243 -0.0678 -0.3103 -0.3305 -0.2896 -0.0057 0.1870 0.0199 -0.2902 -0.3326 -0.3086 -0.1549 0.2427 0.0946 -0.1340 -0.2824
-0.1395 0.1044 0.2419 -0.1653 -0.3101 -0.3325 -0.2902 0.0170 0.1799 0.0200 -0.2838 -0.3293 -0.3134 -0.0935 0.1150 0.2170 -0.2113 -0.3210 -0.3264 -0.2143 0.0789 0.2403 -0.1526 -0.3102 -0.3324 -0.2793 0.0405 0.2086 -0.0752 -0.2973 -0.3326 -0.3013 -0.0155 0.1523 0.0889 -0.2645 -0.3280 -0.3166 -0.1160 0.1086 0.2285 -0.2021 -0.3195 -0.3278 -0.2284 0.0735 0.2371 -0.1428 -0.3085 -0.3439 -0.3443 -0.3439 -0.3085 -0.1428 0.2371 0.0735 -0.2284 -0.3278 -0.3195 -0.2021 0.2285 0.1086 -0.1160 -0.3166 -0.3280 -0.2645 0.0889 0.1523 -0.0155 -0.3013 -0.3326 -0.2973 -0.0752 0.2086 0.0405 -0.2793 -0.3324 -0.3102 -0.1526 0.2403 0.0789 -0.2143 -0.3264 -0.3210 -0.2113 0.2170 0.1150 -0.0935 -0.3134 -0.3293 -0.2838 0.0200 0.1799 0.0170 -0.2902 -0.3325 -0.3101 -0.1653 0.2419 0.1044 -0.1395
0.1055 0.2358 -0.1788 -0.3125 -0.3323 -0.2874 0.0199 0.1799 0.0298 -0.2776 -0.3284 -0.3157 -0.1168 0.1073 0.2317 -0.1977 -0.3186 -0.3284 -0.2365 0.0699 0.2345 -0.1361 -0.3071 -0.3330 -0.2876 0.0287 0.1983 -0.0452 -0.2938 -0.3319 -0.3054 -0.0360 0.1389 0.1400 -0.2472 -0.3261 -0.3200 -0.1479 0.0995 0.2391 -0.1875 -0.3169 -0.3296 -0.2483 0.0641 0.2300 -0.1254 -0.3051 -0.3330 -0.2957 -0.1024 -0.2957 -0.3330 -0.3051 -0.1254 0.2300 0.0641 -0.2483 -0.3296 -0.3169 -0.1875 0.2391 0.0995 -0.1479 -0.3200 -0.3261 -0.2472 0.1400 0.1389 -0.0360 -0.3054 -0.3319 -0.2938 -0.0452 0.1983 0.0287 -0.2876 -0.3330 -0.3071 -0.1361 0.2345 0.0699 -0.2365 -0.3284 -0.3186 -0.1977 0.2317 0.1073 -0.1168 -0.3157 -0.3284 -0.2776 0.0298 0.1799 0.0199 -0.2874 -0.3323 -0.3125 -0.1788 0.2358 0.1055
0.2078 -0.1931 -0.3152 -0.3317 -0.2813 0.0276 0.1870 0.0200 -0.2776 -0.3281 -0.3169 -0.1333 0.1015 0.2388 -0.1860 -0.3163 -0.3300 -0.2537 0.0607 0.2269 -0.1181 -0.3038 -0.3332 -0.2934 0.0155 0.1839 -0.0069 -0.2901 -0.3308 -0.3094 -0.0602 0.1275 0.1815 -0.2310 -0.3241 -0.3230 -0.1787 0.0906 0.2428 -0.1727 -0.3141 -0.3311 -0.2641 0.0543 0.2213 -0.1058 -0.3018 -0.3331 -0.2958 0.0085 0.0953 0.0085 -0.2958 -0.3331 -0.3018 -0.1058 0.2213 0.0543 -0.2641 -0.3311 -0.3141 -0.1727 0.2428 0.0906 -0.1787 -0.3230 -0.3241 -0.2310 0.1815 0.1275 -0.0602 -0.3094 -0.3308 -0.2901 -0.0069 0.1839 0.0155 -0.2934 -0.3332 -0.3038 -0.1181 0.2269 0.0607 -0.2537 -0.3300 -0.3163 -0.1860 0.2388 0.1015 -0.1333 -0.3169 -0.3281 -0.2776 0.0200 0.1870 0.0276 -0.2813 -0.3317 -0.3152 -0.1931 0.2078
-0.1759 -0.3183 -0.3306 -0.2716 0.0376 0.1966 -0.0057 -0.2838 -0.3284 -0.3169 -0.1391 0.0983 0.2415 -0.1769 -0.3143 -0.3310 -0.2664 0.0518 0.2184 -0.0984 -0.3005 -0.3330 -0.2977 0.0003 0.1664 0.0408 -0.2799 -0.3294 -0.3133 -0.0882 0.1172 0.2112 -0.2157 -0.3218 -0.3257 -0.2064 0.0817 0.2415 -0.1575 -0.3112 -0.3322 -0.2763 0.0438 0.2116 -0.0829 -0.2983 -0.3328 -0.3001 -0.0089 0.1442 0.2315 0.1442 -0.0089 -0.3001 -0.3328 -0.2983 -0.0829 0.2116 0.0438 -0.2763 -0.3322 -0.3112 -0.1575 0.2415 0.0817 -0.2064 -0.3257 -0.3218 -0.2157 0.2112 0.1172 -0.0882 -0.3133 -0.3294 -0.2799 0.0408 0.1664 0.0003 -0.2977 -0.3330 -0.3005 -0.0984 0.2184 0.0518 -0.2664 -0.3310 -0.3143 -0.1769 0.2415 0.0983 -0.1391 -0.3169 -0.3284 -0.2838 -0.0057 0.1966 0.0376 -0.2716 -0.3306 -0.3183 -0.1759
-0.2665 -0.3293 -0.2584 0.0482 0.2058 -0.0373 -0.2896 -0.3293 -0.3157 -0.1333 0.0983 0.2421 -0.1718 -0.3129 -0.3316 -0.2749 0.0435 0.2102 -0.0771 -0.2973 -0.3326 -0.3015 -0.0171 0.1509 0.0942 -0.2628 -0.3278 -0.3170 -0.1191 0.1077 0.2299 -0.2008 -0.3193 -0.3279 -0.2302 0.0727 0.2366 -0.1414 -0.3081 -0.3329 -0.2854 0.0324 0.2014 -0.0548 -0.2948 -0.3321 -0.3041 -0.0296 0.1422 0.1446 -0.1662 0.1446 0.1422 -0.0296 -0.3041 -0.3321 -0.2948 -0.0548 0.2014 0.0324 -0.2854 -0.3329 -0.3081 -0.1414 0.2366 0.0727 -0.2302 -0.3279 -0.3193 -0.2008 0.2299 0.1077 -0.1191 -0.3170 -0.3278 -0.2628 0.0942 0.1509 -0.0171 -0.3015 -0.3326 -0.2973 -0.0771 0.2102 0.0435 -0.2749 -0.3316 -0.3129 -0.1718 0.2421 0.0983 -0.1333 -0.3157 -0.3293 -0.2896 -0.0373 0.2058 0.0482 -0.2584 -0.3293 -0.2665
-0.2880 -0.2405 0.0582 0.2155 -0.0670 -0.2928 -0.3305 -0.3134 -0.1168 0.1015 0.2415 -0.1718 -0.3123 -0.3319 -0.2797 0.0369 0.2033 -0.0552 -0.2944 -0.3319 -0.3052 -0.0367 0.1382 0.1437 -0.2457 -0.3259 -0.3203 -0.1510 0.0986 0.2397 -0.1860 -0.3166 -0.3298 -0.2497 0.0633 0.2293 -0.1239 -0.3048 -0.3332 -0.2919 0.0196 0.1883 -0.0192 -0.2912 -0.3311 -0.3082 -0.0527 0.1308 0.1688 -0.2326 -0.3092 -0.2326 0.1688 0.1308 -0.0527 -0.3082 -0.3311 -0.2912 -0.0192 0.1883 0.0196 -0.2919 -0.3332 -0.3048 -0.1239 0.2293 0.0633 -0.2497 -0.3298 -0.3166 -0.1860 0.2397 0.0986 -0.1510 -0.3203 -0.3259 -0.2457 0.1437 0.1382 -0.0367 -0.3052 -0.3319 -0.2944 -0.0552 0.2033 0.0369 -0.2797 -0.3319 -0.3123 -0.1718 0.2415 0.1015 -0.1168 -0.3134 -0.3305 -0.2928 -0.0670 0.2155 0.0582 -0.2405 -0.2880
-0.2287 0.0692 0.2248 -0.0924 -0.2962 -0.3316 -0.3103 -0.0935 0.1073 0.2388 -0.1769 -0.3129 -0.3319 -0.2812 0.0332 0.1986 -0.0359 -0.2920 -0.3311 -0.3084 -0.0575 0.1279 0.1818 -0.2303 -0.3239 -0.3233 -0.1816 0.0897 0.2429 -0.1712 -0.3138 -0.3312 -0.2652 0.0535 0.2205 -0.1040 -0.3015 -0.3331 -0.2965 0.0050 0.1716 0.0258 -0.2833 -0.3299 -0.3122 -0.0796 0.1201 0.2035 -0.2206 -0.3267 -0.3505 -0.3267 -0.2206 0.2035 0.1201 -0.0796 -0.3122 -0.3299 -0.2833 0.0258 0.1716 0.0050 -0.2965 -0.3331 -0.3015 -0.1040 0.2205 0.0535 -0.2652 -0.3312 -0.3138 -0.1712 0.2429 0.0897 -0.1816 -0.3233 -0.3239 -0.2303 0.1818 0.1279 -0.0575 -0.3084 -0.3311 -0.2920 -0.0359 0.1986 0.0332 -0.2812 -0.3319 -0.3129 -0.1769 0.2388 0.1073 -0.0935 -0.3103 -0.3316 -0.2962 -0.0924 0.2248 0.0692 -0.2287
0.0660 0.2330 -0.1138 -0.2997 -0.3324 -0.3066 -0.0678 0.1150 0.2317 -0.1860 -0.3143 -0.3316 -0.2797 0.0332 0.1969 -0.0245 -0.2904 -0.3304 -0.3109 -0.0774 0.1196 0.2077 -0.2166 -0.3217 -0.3257 -0.2083 0.0810 0.2411 -0.1559 -0.3109 -0.3323 -0.2772 0.0429 0.2108 -0.0807 -0.2981 -0.3328 -0.3004 -0.0117 0.1552 0.0783 -0.2681 -0.3283 -0.3159 -0.1098 0.1104 0.2254 -0.2051 -0.3201 -0.3413 -0.3238 -0.3413 -0.3201 -0.2051 0.2254 0.1104 -0.1098 -0.3159 -0.3283 -0.2681 0.0783 0.1552 -0.0117 -0.3004 -0.3328 -0.2981 -0.0807 0.2108 0.0429 -0.2772 -0.3323 -0.3109 -0.1559 0.2411 0.0810 -0.2083 -0.3257 -0.3217 -0.2166 0.2077 0.1196 -0.0774 -0.3109 -0.3304 -0.2904 -0.0245 0.1969 0.0332 -0.2797 -0.3316 -0.3143 -0.1860 0.2317 0.1150 -0.0678 -0.3066 -0.3324 -0.2997 -0.1138 0.2330 0.0660
0.2274 -0.1325 -0.3031 -0.3330 -0.3025 -0.0431 0.1243 0.2170 -0.1977 -0.3163 -0.3310 -0.2749 0.0369 0.1986 -0.0245 -0.2898 -0.3300 -0.3126 -0.0937 0.1132 0.2235 -0.2048 -0.3197 -0.3277 -0.2300 0.0724 0.2362 -0.1401 -0.3078 -0.3329 -0.2861 0.0313 0.2005 -0.0521 -0.2945 -0.3321 -0.3045 -0.0314 0.1414 0.1305 -0.2505 -0.3265 -0.3194 -0.1416 0.1013 0.2376 -0.1904 -0.3174 -0.3290 -0.2397 -0.0037 -0.2397 -0.3290 -0.3174 -0.1904 0.2376 0.1013 -0.1416 -0.3194 -0.3265 -0.2505 0.1305 0.1414 -0.0314 -0.3045 -0.3321 -0.2945 -0.0521 0.2005 0.0313 -0.2861 -0.3329 -0.3078 -0.1401 0.2362 0.0724 -0.2300 -0.3277 -0.3197 -0.2048 0.2235 0.1132 -0.0937 -0.3126 -0.3300 -0.2898 -0.0245 0.1986 0.0369 -0.2749 -0.3310 -0.3163 -0.1977 0.2170 0.1243 -0.0431 -0.3025 -0.3330 -0.3031 -0.1325 0.2274
-0.1310 -0.3067 -0.3332 -0.2985 -0.0215 0.1352 0.1918 -0.2113 -0.3186 -0.3300 -0.2664 0.0435 0.2033 -0.0359 -0.2904 -0.3300 -0.3131 -0.1026 0.1093 0.2316 -0.1953 -0.3178 -0.3292 -0.2467 0.0642 0.2295 -0.1236 -0.3047 -0.3332 -0.2923 0.0184 0.1870 -0.0158 -0.2909 -0.3310 -0.3086 -0.0548 0.1297 0.1743 -0.2342 -0.3245 -0.3225 -0.1728 0.0923 0.2425 -0.1756 -0.3147 -0.3308 -0.2601 0.0561 0.1338 0.0561 -0.2601 -0.3308 -0.3147 -0.1756 0.2425 0.0923 -0.1728 -0.3225 -0.3245 -0.2342 0.1743 0.1297 -0.0548 -0.3086 -0.3310 -0.2909 -0.0158 0.1870 0.0184 -0.2923 -0.3332 -0.3047 -0.1236 0.2295 0.0642 -0.2467 -0.3292 -0.3178 -0.1953 0.2316 0.1093 -0.1026 -0.3131 -0.3300 -0.2904 -0.0359 0.2033 0.0435 -0.2664 -0.3300 -0.3186 -0.2113 0.1918 0.1352 -0.0215 -0.2985 -0.3332 -0.3067 -0.1310
-0.2534 -0.3334 -0.2944 -0.0032 0.1479 0.1541 -0.2262 -0.3210 -0.3284 -0.2537 0.0518 0.2102 -0.0552 -0.2920 -0.3304 -0.3126 -0.1026 0.1080 0.2348 -0.1893 -0.3163 -0.3301 -0.2586 0.0566 0.2223 -0.1064 -0.3017 -0.3331 -0.2966 0.0040 0.1702 0.0300 -0.2823 -0.3297 -0.3125 -0.0820 0.1193 0.2061 -0.2186 -0.3222 -0.3252 -0.2013 0.0835 0.2420 -0.1605 -0.3117 -0.3321 -0.2741 0.0465 0.1968 0.1910 0.1968 0.0465 -0.2741 -0.3321 -0.3117 -0.1605 0.2420 0.0835 -0.2013 -0.3252 -0.3222 -0.2186 0.2061 0.1193 -0.0820 -0.3125 -0.3297 -0.2823 0.0300 0.1702 0.0040 -0.2966 -0.3331 -0.3017 -0.1064 0.2223 0.0566 -0.2586 -0.3301 -0.3163 -0.1893 0.2348 0.1080 -0.1026 -0.3126 -0.3304 -0.2920 -0.0552 0.2102 0.0518 -0.2537 -0.3284 -0.3210 -0.2262 0.1541 0.1479 -0.0032 -0.2944 -0.3334 -0.2534
-0.2885 -0.2893 0.0123 0.1629 0.1054 -0.2421 -0.3234 -0.3264 -0.2365 0.0607 0.2184 -0.0771 -0.2944 -0.3311 -0.3109 -0.0937 0.1093 0.2348 -0.1873 -0.3156 -0.3306 -0.2660 0.0503 0.2157 -0.0892 -0.2988 -0.3328 -0.3001 -0.0116 0.1548 0.0814 -0.2668 -0.3282 -0.3162 -0.1124 0.1097 0.2268 -0.2037 -0.3198 -0.3275 -0.2259 0.0745 0.2378 -0.1447 -0.3087 -0.3328 -0.2838 0.0347 0.2037 -0.0493 -0.2397 -0.0493 0.2037 0.0347 -0.2838 -0.3328 -0.3087 -0.1447 0.2378 0.0745 -0.2259 -0.3275 -0.3198 -0.2037 0.2268 0.1097 -0.1124 -0.3162 -0.3282 -0.2668 0.0814 0.1548 -0.0116 -0.3001 -0.3328 -0.2988 -0.0892 0.2157 0.0503 -0.2660 -0.3306 -0.3156 -0.1873 0.2348 0.1093 -0.0937 -0.3109 -0.3311 -0.2944 -0.0771 0.2184 0.0607 -0.2365 -0.3264 -0.3234 -0.2421 0.1054 0.1629 0.0123 -0.2893 -0.2885
-0.2655 0.0273 0.1807 0.0518 -0.2590 -0.3255 -0.3239 -0.2143 0.0699 0.2269 -0.0984 -0.2973 -0.3319 -0.3084 -0.0774 0.1132 0.2316 -0.1893 -0.3156 -0.3308 -0.2695 0.0461 0.2106 -0.0737 -0.2964 -0.3323 -0.3034 -0.0283 0.1424 0.1296 -0.2502 -0.3264 -0.3196 -0.1441 0.1005 0.2383 -0.1891 -0.3172 -0.3295 -0.2462 0.0652 0.2309 -0.1275 -0.3055 -0.3332 -0.2908 0.0222 0.1912 -0.0280 -0.2920 -0.3243 -0.2920 -0.0280 0.1912 0.0222 -0.2908 -0.3332 -0.3055 -0.1275 0.2309 0.0652 -0.2462 -0.3295 -0.3172 -0.1891 0.2383 0.1005 -0.1441 -0.3196 -0.3264 -0.2502 0.1296 0.1424 -0.0283 -0.3034 -0.3323 -0.2964 -0.0737 0.2106 0.0461 -0.2695 -0.3308 -0.3156 -0.1893 0.2316 0.1132 -0.0774 -0.3084 -0.3319 -0.2973 -0.0984 0.2269 0.0699 -0.2143 -0.3239 -0.3255 -0.2590 0.0518 0.1807 0.0273 -0.2655
0.0204 0.1960 0.0025 -0.2773 -0.3274 -0.3210 -0.1876 0.0789 0.2345 -0.1181 -0.3005 -0.3326 -0.3052 -0.0575 0.1196 0.2235 -0.1953 -0.3163 -0.3306 -0.2695 0.0447 0.2080 -0.0628 -0.2946 -0.3318 -0.3061 -0.0453 0.1326 0.1678 -0.2356 -0.3245 -0.3224 -0.1741 0.0918 0.2427 -0.1744 -0.3144 -0.3310 -0.2625 0.0555 0.2223 -0.1082 -0.3022 -0.3332 -0.2957 0.0080 0.1750 0.0166 -0.2856 -0.3369 -0.3535 -0.3369 -0.2856 0.0166 0.1750 0.0080 -0.2957 -0.3332 -0.3022 -0.1082 0.2223 0.0555 -0.2625 -0.3310 -0.3144 -0.1744 0.2427 0.0918 -0.1741 -0.3224 -0.3245 -0.2356 0.1678 0.1326 -0.0453 -0.3061 -0.3318 -0.2946 -0.0628 0.2080 0.0447 -0.2695 -0.3306 -0.3163 -0.1953 0.2235 0.1196 -0.0575 -0.3052 -0.3326 -0.3005 -0.1181 0.2345 0.0789 -0.1876 -0.3210 -0.3274 -0.2773 0.0025 0.1960 0.0204
0.1977 -0.0380 -0.2891 -0.3291 -0.3177 -0.1576 0.0879 0.2403 -0.1361 -0.3038 -0.3330 -0.3015 -0.0367 0.1279 0.2077 -0.2048 -0.3178 -0.3301 -0.2660 0.0461 0.2080 -0.0587 -0.2937 -0.3314 -0.3081 -0.0602 0.1252 0.1941 -0.2231 -0.3226 -0.3249 -0.2002 0.0835 0.2419 -0.1595 -0.3115 -0.3321 -0.2751 0.0451 0.2127 -0.0857 -0.2987 -0.3329 -0.2996 -0.0082 0.1581 0.0686 -0.2714 -0.3286 -0.3302 -0.2743 -0.3302 -0.3286 -0.2714 0.0686 0.1581 -0.0082 -0.2996 -0.3329 -0.2987 -0.0857 0.2127 0.0451 -0.2751 -0.3321 -0.3115 -0.1595 0.2419 0.0835 -0.2002 -0.3249 -0.3226 -0.2231 0.1941 0.1252 -0.0602 -0.3081 -0.3314 -0.2937 -0.0587 0.2080 0.0461 -0.2660 -0.3301 -0.3178 -0.2048 0.2077 0.1279 -0.0367 -0.3015 -0.3330 -0.3038 -0.1361 0.2403 0.0879 -0.1576 -0.3177 -0.3291 -0.2891 -0.0380 0.1977
-0.0610 -0.2933 -0.3305 -0.3141 -0.1259 0.0967 0.2428 -0.1526 -0.3071 -0.3332 -0.2977 -0.0171 0.1382 0.1818 -0.2166 -0.3197 -0.3292 -0.2586 0.0503 0.2106 -0.0628 -0.2937 -0.3312 -0.3091 -0.0703 0.1203 0.2101 -0.2130 -0.3209 -0.3268 -0.2215 0.0756 0.2381 -0.1447 -0.3086 -0.3328 -0.2844 0.0338 0.2026 -0.0583 -0.2952 -0.3322 -0.3037 -0.0272 0.1439 0.1214 -0.2536 -0.3268 -0.3184 -0.1297 0.0455 -0.1297 -0.3184 -0.3268 -0.2536 0.1214 0.1439 -0.0272 -0.3037 -0.3322 -0.2952 -0.0583 0.2026 0.0338 -0.2844 -0.3328 -0.3086 -0.1447 0.2381 0.0756 -0.2215 -0.3268 -0.3209 -0.2130 0.2101 0.1203 -0.0703 -0.3091 -0.3312 -0.2937 -0.0628 0.2106 0.0503 -0.2586 -0.3292 -0.3197 -0.2166 0.1818 0.1382 -0.0171 -0.2977 -0.3332 -0.3071 -0.1526 0.2428 0.0967 -0.1259 -0.3141 -0.3305 -0.2933 -0.0610
-0.2384 -0.3320 -0.3103 -0.0945 0.1057 0.2409 -0.1681 -0.3102 -0.3330 -0.2934 0.0003 0.1509 0.1437 -0.2303 -0.3217 -0.3277 -0.2467 0.0566 0.2157 -0.0737 -0.2946 -0.3314 -0.3091 -0.0738 0.1178 0.2183 -0.2060 -0.3195 -0.3281 -0.2373 0.0683 0.2325 -0.1298 -0.3057 -0.3332 -0.2910 0.0215 0.1903 -0.0240 -0.2916 -0.3313 -0.3078 -0.0499 0.1318 0.1668 -0.2370 -0.3249 -0.3219 -0.1661 0.0909 0.1844 0.0909 -0.1661 -0.3219 -0.3249 -0.2370 0.1668 0.1318 -0.0499 -0.3078 -0.3313 -0.2916 -0.0240 0.1903 0.0215 -0.2910 -0.3332 -0.3057 -0.1298 0.2325 0.0683 -0.2373 -0.3281 -0.3195 -0.2060 0.2183 0.1178 -0.0738 -0.3091 -0.3314 -0.2946 -0.0737 0.2157 0.0566 -0.2467 -0.3277 -0.3217 -0.2303 0.1437 0.1509 0.0003 -0.2934 -0.3330 -0.3102 -0.1681 0.2409 0.1057 -0.0945 -0.3103 -0.3320 -0.2384
-0.2842 -0.3066 -0.0660 0.1152 0.2326 -0.1829 -0.3132 -0.3324 -0.2876 0.0155 0.1664 0.0942 -0.2457 -0.3239 -0.3257 -0.2300 0.0642 0.2223 -0.0892 -0.2964 -0.3318 -0.3081 -0.0703 0.1178 0.2208 -0.2023 -0.3185 -0.3289 -0.2480 0.0621 0.2267 -0.1152 -0.3029 -0.3332 -0.2954 0.0083 0.1748 0.0185 -0.2849 -0.3300 -0.3117 -0.0764 0.1212 0.2010 -0.2215 -0.3226 -0.3248 -0.1972 0.0849 0.2420 0.0038 0.2420 0.0849 -0.1972 -0.3248 -0.3226 -0.2215 0.2010 0.1212 -0.0764 -0.3117 -0.3300 -0.2849 0.0185 0.1748 0.0083 -0.2954 -0.3332 -0.3029 -0.1152 0.2267 0.0621 -0.2480 -0.3289 -0.3185 -0.2023 0.2208 0.1178 -0.0703 -0.3081 -0.3318 -0.2964 -0.0892 0.2223 0.0642 -0.2300 -0.3257 -0.3239 -0.2457 0.0942 0.1664 0.0155 -0.2876 -0.3324 -0.3132 -0.1829 0.2326 0.1152 -0.0660 -0.3066 -0.2842
-0.2750 -0.0393 0.1251 0.2160 -0.1976 -0.3161 -0.3315 -0.2793 0.0287 0.1839 0.0408 -0.2628 -0.3259 -0.3233 -0.2083 0.0724 0.2295 -0.1064 -0.2988 -0.3323 -0.3061 -0.0602 0.1203 0.2183 -0.2023 -0.3182 -0.3294 -0.2541 0.0576 0.2218 -0.1020 -0.3005 -0.3330 -0.2986 -0.0055 0.1595 0.0662 -0.2715 -0.3285 -0.3154 -0.1061 0.1115 0.2236 -0.2065 -0.3203 -0.3272 -0.2224 0.0757 0.2386 -0.1418 -0.2849 -0.1418 0.2386 0.0757 -0.2224 -0.3272 -0.3203 -0.2065 0.2236 0.1115 -0.1061 -0.3154 -0.3285 -0.2715 0.0662 0.1595 -0.0055 -0.2986 -0.3330 -0.3005 -0.1020 0.2218 0.0576 -0.2541 -0.3294 -0.3182 -0.2023 0.2183 0.1203 -0.0602 -0.3061 -0.3323 -0.2988 -0.1064 0.2295 0.0724 -0.2083 -0.3233 -0.3259 -0.2628 0.0408 0.1839 0.0287 -0.2793 -0.3315 -0.3161 -0.1976 0.2160 0.1251 -0.0393 -0.2750
-0.0494 0.1373 0.1889 -0.2125 -0.3188 -0.3301 -0.2680 0.0405 0.1983 -0.0069 -0.2799 -0.3278 -0.3203 -0.1816 0.0810 0.2362 -0.1236 -0.3017 -0.3328 -0.3034 -0.0453 0.1252 0.2101 -0.2060 -0.3185 -0.3294 -0.2560 0.0553 0.2185 -0.0918 -0.2986 -0.3326 -0.3013 -0.0195 0.1475 0.1118 -0.2556 -0.3269 -0.3187 -0.1365 0.1025 0.2366 -0.1919 -0.3177 -0.3292 -0.2433 0.0665 0.2320 -0.1304 -0.3073 -0.3373 -0.3073 -0.1304 0.2320 0.0665 -0.2433 -0.3292 -0.3177 -0.1919 0.2366 0.1025 -0.1365 -0.3187 -0.3269 -0.2556 0.1118 0.1475 -0.0195 -0.3013 -0.3326 -0.2986 -0.0918 0.2185 0.0553 -0.2560 -0.3294 -0.3185 -0.2060 0.2101 0.1252 -0.0453 -0.3034 -0.3328 -0.3017 -0.1236 0.2362 0.0810 -0.1816 -0.3203 -0.3278 -0.2799 -0.0069 0.1983 0.0405 -0.2680 -0.3301 -0.3188 -0.2125 0.1889 0.1373 -0.0494
0.1436 0.1495 -0.2277 -0.3213 -0.3284 -0.2533 0.0513 0.2086 -0.0452 -0.2901 -0.3294 -0.3170 -0.1510 0.0897 0.2411 -0.1401 -0.3047 -0.3331 -0.3001 -0.0283 0.1326 0.1941 -0.2130 -0.3195 -0.3289 -0.2541 0.0553 0.2174 -0.0864 -0.2974 -0.3323 -0.3034 -0.0324 0.1386 0.1487 -0.2420 -0.3253 -0.3215 -0.1652 0.0941 0.2421 -0.1776 -0.3150 -0.3308 -0.2599 0.0570 0.2236 -0.1110 -0.3027 -0.3429 -0.3492 -0.3429 -0.3027 -0.1110 0.2236 0.0570 -0.2599 -0.3308 -0.3150 -0.1776 0.2421 0.0941 -0.1652 -0.3215 -0.3253 -0.2420 0.1487 0.1386 -0.0324 -0.3034 -0.3323 -0.2974 -0.0864 0.2174 0.0553 -0.2541 -0.3289 -0.3195 -0.2130 0.1941 0.1326 -0.0283 -0.3001 -0.3331 -0.3047 -0.1401 0.2411 0.0897 -0.1510 -0.3170 -0.3294 -0.2901 -0.0452 0.2086 0.0513 -0.2533 -0.3284 -0.3213 -0.2277 0.1495 0.1436
0.0925 -0.2436 -0.3236 -0.3262 -0.2347 0.0613 0.2185 -0.0752 -0.2938 -0.3308 -0.3133 -0.1191 0.0986 0.2429 -0.1559 -0.3078 -0.3332 -0.2966 -0.0116 0.1424 0.1678 -0.2231 -0.3209 -0.3281 -0.2480 0.0576 0.2185 -0.0864 -0.2970 -0.3322 -0.3047 -0.0421 0.1323 0.1742 -0.2310 -0.3236 -0.3238 -0.1904 0.0863 0.2426 -0.1636 -0.3122 -0.3319 -0.2728 0.0470 0.2143 -0.0892 -0.2992 -0.3328 -0.3088 -0.1622 -0.3088 -0.3328 -0.2992 -0.0892 0.2143 0.0470 -0.2728 -0.3319 -0.3122 -0.1636 0.2426 0.0863 -0.1904 -0.3238 -0.3236 -0.2310 0.1742 0.1323 -0.0421 -0.3047 -0.3322 -0.2970 -0.0864 0.2185 0.0576 -0.2480 -0.3281 -0.3209 -0.2231 0.1678 0.1424 -0.0116 -0.2966 -0.3332 -0.3078 -0.1559 0.2429 0.0986 -0.1191 -0.3133 -0.3308 -0.2938 -0.0752 0.2185 0.0613 -0.2347 -0.3262 -0.3236 -0.2436 0.0925
-0.2096 -0.3260 -0.3236 -0.2118 0.0707 0.2276 -0.0995 -0.2973 -0.3319 -0.3094 -0.0882 0.1077 0.2397 -0.1712 -0.3109 -0.3329 -0.2923 0.0040 0.1548 0.1296 -0.2356 -0.3226 -0.3268 -0.2373 0.0621 0.2218 -0.0918 -0.2974 -0.3322 -0.3052 -0.0473 0.1287 0.1895 -0.2229 -0.3223 -0.3255 -0.2106 0.0791 0.2399 -0.1500 -0.3095 -0.3326 -0.2824 0.0363 0.2045 -0.0633 -0.2957 -0.3322 -0.3028 -0.0215 0.0802 -0.0215 -0.3028 -0.3322 -0.2957 -0.0633 0.2045 0.0363 -0.2824 -0.3326 -0.3095 -0.1500 0.2399 0.0791 -0.2106 -0.3255 -0.3223 -0.2229 0.1895 0.1287 -0.0473 -0.3052 -0.3322 -0.2974 -0.0918 0.2218 0.0621 -0.2373 -0.3268 -0.3226 -0.2356 0.1296 0.1548 0.0040 -0.2923 -0.3329 -0.3109 -0.1712 0.2397 0.1077 -0.0882 -0.3094 -0.3319 -0.2973 -0.0995 0.2276 0.0707 -0.2118 -0.3236 -0.3260 -0.2096
-0.2759 -0.3210 -0.1850 0.0798 0.2352 -0.1199 -0.3008 -0.3326 -0.3054 -0.0602 0.1172 0.2299 -0.1860 -0.3138 -0.3323 -0.2861 0.0184 0.1702 0.0814 -0.2502 -0.3245 -0.3249 -0.2215 0.0683 0.2267 -0.1020 -0.2986 -0.3323 -0.3047 -0.0473 0.1275 0.1964 -0.2179 -0.3212 -0.3267 -0.2250 0.0729 0.2357 -0.1368 -0.3068 -0.3330 -0.2892 0.0250 0.1942 -0.0316 -0.2922 -0.3314 -0.3071 -0.0453 0.1256 0.2223 0.1256 -0.0453 -0.3071 -0.3314 -0.2922 -0.0316 0.1942 0.0250 -0.2892 -0.3330 -0.3068 -0.1368 0.2357 0.0729 -0.2250 -0.3267 -0.3212 -0.2179 0.1964 0.1275 -0.0473 -0.3047 -0.3323 -0.2986 -0.1020 0.2267 0.0683 -0.2215 -0.3249 -0.3245 -0.2502 0.0814 0.1702 0.0184 -0.2861 -0.3323 -0.3138 -0.1860 0.2299 0.1172 -0.0602 -0.3054 -0.3326 -0.3008 -0.1199 0.2352 0.0798 -0.1850 -0.3210 -0.2759
-0.2836 -0.1533 0.0886 0.2407 -0.1378 -0.3041 -0.3331 -0.3013 -0.0360 0.1275 0.2112 -0.2008 -0.3166 -0.3312 -0.2772 0.0313 0.1870 0.0300 -0.2668 -0.3264 -0.3224 -0.2002 0.0756 0.2325 -0.1152 -0.3005 -0.3326 -0.3034 -0.0421 0.1287 0.1964 -0.2163 -0.3207 -0.3274 -0.2341 0.0682 0.2314 -0.1249 -0.3044 -0.3332 -0.2937 0.0132 0.1802 0.0064 -0.2879 -0.3303 -0.3110 -0.0721 0.1224 0.2085 -0.1281 0.2085 0.1224 -0.0721 -0.3110 -0.3303 -0.2879 0.0064 0.1802 0.0132 -0.2937 -0.3332 -0.3044 -0.1249 0.2314 0.0682 -0.2341 -0.3274 -0.3207 -0.2163 0.1964 0.1287 -0.0421 -0.3034 -0.3326 -0.3005 -0.1152 0.2325 0.0756 -0.2002 -0.3224 -0.3264 -0.2668 0.0300 0.1870 0.0313 -0.2772 -0.3312 -0.3166 -0.2008 0.2112 0.1275 -0.0360 -0.3013 -0.3331 -0.3041 -0.1378 0.2407 0.0886 -0.1533 -0.2836
-0.1560 0.0990 0.2429 -0.1542 -0.3074 -0.3332 -0.2973 -0.0155 0.1389 0.1815 -0.2157 -0.3193 -0.3298 -0.2652 0.0429 0.2005 -0.0158 -0.2823 -0.3282 -0.3196 -0.1741 0.0835 0.2381 -0.1298 -0.3029 -0.3330 -0.3013 -0.0324 0.1323 0.1895 -0.2179 -0.3207 -0.3276 -0.2384 0.0652 0.2281 -0.1153 -0.3025 -0.3331 -0.2968 0.0012 0.1653 0.0491 -0.2768 -0.3289 -0.3146 -0.1003 0.1132 0.2200 -0.2054 -0.3023 -0.2054 0.2200 0.1132 -0.1003 -0.3146 -0.3289 -0.2768 0.0491 0.1653 0.0012 -0.2968 -0.3331 -0.3025 -0.1153 0.2281 0.0652 -0.2384 -0.3276 -0.3207 -0.2179 0.1895 0.1323 -0.0324 -0.3013 -0.3330 -0.3029 -0.1298 0.2381 0.0835 -0.1741 -0.3196 -0.3282 -0.2823 -0.0158 0.2005 0.0429 -0.2652 -0.3298 -0.3193 -0.2157 0.1815 0.1389 -0.0155 -0.2973 -0.3332 -0.3074 -0.1542 0.2429 0.0990 -0.1560
0.0994 0.2403 -0.1695 -0.3105 -0.3330 -0.2929 0.0019 0.1523 0.1400 -0.2310 -0.3218 -0.3279 -0.2497 0.0535 0.2108 -0.0521 -0.2909 -0.3297 -0.3162 -0.1441 0.0918 0.2419 -0.1447 -0.3057 -0.3332 -0.2986 -0.0195 0.1386 0.1742 -0.2229 -0.3212 -0.3274 -0.2384 0.0642 0.2262 -0.1089 -0.3011 -0.3329 -0.2990 -0.0100 0.1540 0.0907 -0.2617 -0.3275 -0.3178 -0.1291 0.1044 0.2347 -0.1950 -0.3214 -0.3474 -0.3214 -0.1950 0.2347 0.1044 -0.1291 -0.3178 -0.3275 -0.2617 0.0907 0.1540 -0.0100 -0.2990 -0.3329 -0.3011 -0.1089 0.2262 0.0642 -0.2384 -0.3274 -0.3212 -0.2229 0.1742 0.1386 -0.0195 -0.2986 -0.3332 -0.3057 -0.1447 0.2419 0.0918 -0.1441 -0.3162 -0.3297 -0.2909 -0.0521 0.2108 0.0535 -0.2497 -0.3279 -0.3218 -0.2310 0.1400 0.1523 0.0019 -0.2929 -0.3330 -0.3105 -0.1695 0.2403 0.0994
0.2172 -0.1843 -0.3135 -0.3324 -0.2869 0.0169 0.1681 0.0889 -0.2472 -0.3241 -0.3257 -0.2302 0.0633 0.2205 -0.0807 -0.2945 -0.3310 -0.3125 -0.1124 0.1005 0.2427 -0.1595 -0.3086 -0.3332 -0.2954 -0.0055 0.1475 0.1487 -0.2310 -0.3223 -0.3267 -0.2341 0.0652 0.2262 -0.1067 -0.3003 -0.3328 -0.3006 -0.0192 0.1458 0.1245 -0.2494 -0.3260 -0.3204 -0.1560 0.0964 0.2414 -0.1807 -0.3156 -0.3432 -0.3341 -0.3432 -0.3156 -0.1807 0.2414 0.0964 -0.1560 -0.3204 -0.3260 -0.2494 0.1245 0.1458 -0.0192 -0.3006 -0.3328 -0.3003 -0.1067 0.2262 0.0652 -0.2341 -0.3267 -0.3223 -0.2310 0.1487 0.1475 -0.0055 -0.2954 -0.3332 -0.3086 -0.1595 0.2427 0.1005 -0.1124 -0.3125 -0.3310 -0.2945 -0.0807 0.2205 0.0633 -0.2302 -0.3257 -0.3241 -0.2472 0.0889 0.1681 0.0169 -0.2869 -0.3324 -0.3135 -0.1843 0.2172
-0.1697 -0.3166 -0.3314 -0.2783 0.0299 0.1854 0.0357 -0.2645 -0.3261 -0.3230 -0.2064 0.0727 0.2293 -0.1040 -0.2981 -0.3321 -0.3086 -0.0820 0.1097 0.2383 -0.1744 -0.3115 -0.3328 -0.2910 0.0083 0.1595 0.1118 -0.2420 -0.3236 -0.3255 -0.2250 0.0682 0.2281 -0.1089 -0.3003 -0.3328 -0.3014 -0.0255 0.1406 0.1479 -0.2401 -0.3247 -0.3225 -0.1791 0.0893 0.2429 -0.1675 -0.3129 -0.3313 -0.2684 -0.0361 -0.2684 -0.3313 -0.3129 -0.1675 0.2429 0.0893 -0.1791 -0.3225 -0.3247 -0.2401 0.1479 0.1406 -0.0255 -0.3014 -0.3328 -0.3003 -0.1089 0.2281 0.0682 -0.2250 -0.3255 -0.3236 -0.2420 0.1118 0.1595 0.0083 -0.2910 -0.3328 -0.3115 -0.1744 0.2383 0.1097 -0.0820 -0.3086 -0.3321 -0.2981 -0.1040 0.2293 0.0727 -0.2064 -0.3230 -0.3261 -0.2645 0.0357 0.1854 0.0299 -0.2783 -0.3314 -0.3166 -0.1697
-0.2647 -0.3303 -0.2668 0.0417 0.1994 -0.0111 -0.2810 -0.3280 -0.3200 -0.1787 0.0817 0.2366 -0.1239 -0.3015 -0.3328 -0.3045 -0.0548 0.1193 0.2268 -0.1891 -0.3144 -0.3321 -0.2844 0.0215 0.1748 0.0662 -0.2556 -0.3253 -0.3238 -0.2106 0.0729 0.2314 -0.1153 -0.3011 -0.3328 -0.3014 -0.0276 0.1380 0.1611 -0.2337 -0.3237 -0.3240 -0.1970 0.0831 0.2414 -0.1552 -0.3104 -0.3323 -0.2795 0.0394 0.1174 0.0394 -0.2795 -0.3323 -0.3104 -0.1552 0.2414 0.0831 -0.1970 -0.3240 -0.3237 -0.2337 0.1611 0.1380 -0.0276 -0.3014 -0.3328 -0.3011 -0.1153 0.2314 0.0729 -0.2106 -0.3238 -0.3253 -0.2556 0.0662 0.1748 0.0215 -0.2844 -0.3321 -0.3144 -0.1891 0.2268 0.1193 -0.0548 -0.3045 -0.3328 -0.3015 -0.1239 0.2366 0.0817 -0.1787 -0.3200 -0.3280 -0.2810 -0.0111 0.1994 0.0417 -0.2668 -0.3303 -0.2647
-0.2884 -0.2515 0.0522 0.2096 -0.0485 -0.2905 -0.3296 -0.3166 -0.1479 0.0906 0.2415 -0.1414 -0.3048 -0.3331 -0.3004 -0.0314 0.1297 0.2061 -0.2037 -0.3172 -0.3310 -0.2751 0.0338 0.1903 0.0185 -0.2715 -0.3269 -0.3215 -0.1904 0.0791 0.2357 -0.1249 -0.3025 -0.3329 -0.3006 -0.0255 0.1380 0.1655 -0.2305 -0.3230 -0.3250 -0.2094 0.0782 0.2387 -0.1442 -0.3080 -0.3329 -0.2871 0.0291 0.1784 0.2225 0.1784 0.0291 -0.2871 -0.3329 -0.3080 -0.1442 0.2387 0.0782 -0.2094 -0.3250 -0.3230 -0.2305 0.1655 0.1380 -0.0255 -0.3006 -0.3329 -0.3025 -0.1249 0.2357 0.0791 -0.1904 -0.3215 -0.3269 -0.2715 0.0185 0.1903 0.0338 -0.2751 -0.3310 -0.3172 -0.2037 0.2061 0.1297 -0.0314 -0.3004 -0.3331 -0.3048 -0.1414 0.2415 0.0906 -0.1479 -0.3166 -0.3296 -0.2905 -0.0485 0.2096 0.0522 -0.2515 -0.2884
-0.2373 0.0636 0.2194 -0.0778 -0.2941 -0.3309 -0.3129 -0.1160 0.0995 0.2428 -0.1575 -0.3081 -0.3332 -0.2965 -0.0117 0.1414 0.1743 -0.2186 -0.3198 -0.3295 -0.2625 0.0451 0.2026 -0.0240 -0.2849 -0.3285 -0.3187 -0.1652 0.0863 0.2399 -0.1368 -0.3044 -0.3331 -0.2990 -0.0192 0.1406 0.1611 -0.2305 -0.3228 -0.3255 -0.2170 0.0747 0.2360 -0.1351 -0.3061 -0.3331 -0.2918 0.0181 0.1851 0.0103 -0.2212 0.0103 0.1851 0.0181 -0.2918 -0.3331 -0.3061 -0.1351 0.2360 0.0747 -0.2170 -0.3255 -0.3228 -0.2305 0.1611 0.1406 -0.0192 -0.2990 -0.3331 -0.3044 -0.1368 0.2399 0.0863 -0.1652 -0.3187 -0.3285 -0.2849 -0.0240 0.2026 0.0451 -0.2625 -0.3295 -0.3198 -0.2186 0.1743 0.1414 -0.0117 -0.2965 -0.3332 -0.3081 -0.1575 0.2428 0.0995 -0.1160 -0.3129 -0.3309 -0.2941 -0.0778 0.2194 0.0636 -0.2373
0.0598 0.2284 -0.1016 -0.2977 -0.3320 -0.3090 -0.0853 0.1086 0.2391 -0.1727 -0.3112 -0.3329 -0.2919 0.0050 0.1552 0.1305 -0.2342 -0.3222 -0.3275 -0.2462 0.0555 0.2127 -0.0583 -0.2916 -0.3300 -0.3154 -0.1365 0.0941 0.2426 -0.1500 -0.3068 -0.3332 -0.2968 -0.0100 0.1458 0.1479 -0.2337 -0.3230 -0.3255 -0.2195 0.0728 0.2339 -0.1283 -0.3046 -0.3332 -0.2947 0.0082 0.1726 0.0287 -0.2802 -0.3191 -0.2802 0.0287 0.1726 0.0082 -0.2947 -0.3332 -0.3046 -0.1283 0.2339 0.0728 -0.2195 -0.3255 -0.3230 -0.2337 0.1479 0.1458 -0.0100 -0.2968 -0.3332 -0.3068 -0.1500 0.2426 0.0941 -0.1365 -0.3154 -0.3300 -0.2916 -0.0583 0.2127 0.0555 -0.2462 -0.3275 -0.3222 -0.2342 0.1305 0.1552 0.0050 -0.2919 -0.3329 -0.3112 -0.1727 0.2391 0.1086 -0.0853 -0.3090 -0.3320 -0.2977 -0.1016 0.2284 0.0598
0.2245 -0.1218 -0.3011 -0.3327 -0.3050 -0.0577 0.1181 0.2285 -0.1875 -0.3141 -0.3322 -0.2854 0.0196 0.1716 0.0783 -0.2505 -0.3245 -0.3252 -0.2259 0.0652 0.2223 -0.0857 -0.2952 -0.3313 -0.3117 -0.1061 0.1025 0.2421 -0.1636 -0.3095 -0.3330 -0.2937 0.0012 0.1540 0.1245 -0.2401 -0.3237 -0.3250 -0.2170 0.0728 0.2332 -0.1247 -0.3036 -0.3331 -0.2966 -0.0003 0.1618 0.0659 -0.2697 -0.3339 -0.3529 -0.3339 -0.2697 0.0659 0.1618 -0.0003 -0.2966 -0.3331 -0.3036 -0.1247 0.2332 0.0728 -0.2170 -0.3250 -0.3237 -0.2401 0.1245 0.1540 0.0012 -0.2937 -0.3330 -0.3095 -0.1636 0.2421 0.1025 -0.1061 -0.3117 -0.3313 -0.2952 -0.0857 0.2223 0.0652 -0.2259 -0.3252 -0.3245 -0.2505 0.0783 0.1716 0.0196 -0.2854 -0.3322 -0.3141 -0.1875 0.2285 0.1181 -0.0577 -0.3050 -0.3327 -0.3011 -0.1218 0.2245
-0.1229 -0.3048 -0.3331 -0.3009 -0.0338 0.1285 0.2090 -0.2021 -0.3169 -0.3311 -0.2763 0.0324 0.1883 0.0258 -0.2681 -0.3265 -0.3225 -0.2013 0.0745 0.2309 -0.1082 -0.2987 -0.3322 -0.3078 -0.0764 0.1115 0.2366 -0.1776 -0.3122 -0.3326 -0.2892 0.0132 0.1653 0.0907 -0.2494 -0.3247 -0.3240 -0.2094 0.0747 0.2339 -0.1247 -0.3033 -0.3331 -0.2976 -0.0067 0.1546 0.0954 -0.2582 -0.3269 -0.3337 -0.2938 -0.3337 -0.3269 -0.2582 0.0954 0.1546 -0.0067 -0.2976 -0.3331 -0.3033 -0.1247 0.2339 0.0747 -0.2094 -0.3240 -0.3247 -0.2494 0.0907 0.1653 0.0132 -0.2892 -0.3326 -0.3122 -0.1776 0.2366 0.1115 -0.0764 -0.3078 -0.3322 -0.2987 -0.1082 0.2309 0.0745 -0.2013 -0.3225 -0.3265 -0.2681 0.0258 0.1883 0.0324 -0.2763 -0.3311 -0.3169 -0.2021 0.2090 0.1285 -0.0338 -0.3009 -0.3331 -0.3048 -0.1229
-0.2512 -0.3335 -0.2969 -0.0138 0.1400 0.1785 -0.2169 -0.3195 -0.3296 -0.2641 0.0438 0.2014 -0.0192 -0.2833 -0.3283 -0.3194 -0.1728 0.0835 0.2378 -0.1275 -0.3022 -0.3329 -0.3037 -0.0499 0.1212 0.2235 -0.1919 -0.3150 -0.3319 -0.2824 0.0250 0.1802 0.0491 -0.2617 -0.3260 -0.3225 -0.1970 0.0782 0.2360 -0.1283 -0.3036 -0.3331 -0.2980 -0.0100 0.1504 0.1151 -0.2503 -0.3258 -0.3205 -0.1580 0.0361 -0.1580 -0.3205 -0.3258 -0.2503 0.1151 0.1504 -0.0100 -0.2980 -0.3331 -0.3036 -0.1283 0.2360 0.0782 -0.1970 -0.3225 -0.3260 -0.2617 0.0491 0.1802 0.0250 -0.2824 -0.3319 -0.3150 -0.1919 0.2236 0.1212 -0.0499 -0.3037 -0.3329 -0.3022 -0.1275 0.2378 0.0835 -0.1728 -0.3194 -0.3283 -0.2833 -0.0192 0.2014 0.0438 -0.2641 -0.3296 -0.3195 -0.2169 0.1785 0.1400 -0.0138 -0.2969 -0.3335 -0.2512
-0.2881 -0.2928 0.0032 0.1535 0.1360 -0.2324 -0.3220 -0.3278 -0.2483 0.0543 0.2116 -0.0548 -0.2912 -0.3299 -0.3159 -0.1416 0.0923 0.2420 -0.1447 -0.3055 -0.3332 -0.2996 -0.0273 0.1318 0.2009 -0.2065 -0.3177 -0.3308 -0.2728 0.0363 0.1942 0.0064 -0.2768 -0.3275 -0.3204 -0.1791 0.0831 0.2387 -0.1351 -0.3046 -0.3331 -0.2976 -0.0100 0.1490 0.1248 -0.2456 -0.3251 -0.3222 -0.1795 0.0858 0.1751 0.0858 -0.1795 -0.3222 -0.3251 -0.2456 0.1248 0.1490 -0.0100 -0.2976 -0.3331 -0.3046 -0.1351 0.2387 0.0831 -0.1791 -0.3204 -0.3275 -0.2768 0.0064 0.1942 0.0363 -0.2728 -0.3308 -0.3177 -0.2065 0.2010 0.1318 -0.0272 -0.2996 -0.3332 -0.3055 -0.1447 0.2420 0.0923 -0.1416 -0.3159 -0.3299 -0.2912 -0.0548 0.2116 0.0543 -0.2483 -0.3278 -0.3220 -0.2324 0.1360 0.1535 0.0032 -0.2928 -0.2881
-0.2678 0.0195 0.1696 0.0844 -0.2486 -0.3242 -0.3255 -0.2284 0.0641 0.2213 -0.0829 -0.2948 -0.3311 -0.3122 -0.1098 0.1013 0.2425 -0.1605 -0.3087 -0.3332 -0.2957 -0.0082 0.1438 0.1670 -0.2215 -0.3203 -0.3292 -0.2599 0.0470 0.2045 -0.0316 -0.2879 -0.3289 -0.3178 -0.1560 0.0893 0.2414 -0.1442 -0.3061 -0.3332 -0.2966 -0.0067 0.1504 0.1248 -0.2439 -0.3247 -0.3232 -0.1922 0.0838 0.2376 0.0258 0.2376 0.0838 -0.1922 -0.3232 -0.3247 -0.2439 0.1248 0.1504 -0.0067 -0.2966 -0.3332 -0.3061 -0.1442 0.2414 0.0893 -0.1560 -0.3178 -0.3289 -0.2879 -0.0316 0.2045 0.0470 -0.2599 -0.3292 -0.3203 -0.2215 0.1668 0.1439 -0.0082 -0.2957 -0.3332 -0.3087 -0.1605 0.2425 0.1013 -0.1098 -0.3122 -0.3311 -0.2948 -0.0829 0.2213 0.0641 -0.2284 -0.3255 -0.3242 -0.2486 0.0844 0.1696 0.0195 -0.2678
0.0120 0.1868 0.0312 -0.2661 -0.3263 -0.3228 -0.2042 0.0735 0.2300 -0.1058 -0.2983 -0.3321 -0.3082 -0.0796 0.1104 0.2376 -0.1756 -0.3117 -0.3328 -0.2908 0.0080 0.1580 0.1216 -0.2370 -0.3226 -0.3272 -0.2432 0.0571 0.2143 -0.0633 -0.2922 -0.3303 -0.3146 -0.1291 0.0964 0.2429 -0.1552 -0.3080 -0.3331 -0.2947 -0.0003 0.1546 0.1151 -0.2456 -0.3247 -0.3234 -0.1976 0.0810 0.2398 -0.1407 -0.2805 -0.1407 0.2398 0.0810 -0.1976 -0.3234 -0.3247 -0.2456 0.1151 0.1546 -0.0003 -0.2947 -0.3331 -0.3080 -0.1552 0.2429 0.0964 -0.1291 -0.3146 -0.3303 -0.2922 -0.0633 0.2143 0.0570 -0.2433 -0.3272 -0.3226 -0.2370 0.1214 0.1581 0.0080 -0.2908 -0.3328 -0.3117 -0.1756 0.2376 0.1104 -0.0796 -0.3082 -0.3321 -0.2983 -0.1058 0.2300 0.0735 -0.2042 -0.3228 -0.3263 -0.2661 0.0312 0.1868 0.0120
0.1920 -0.0154 -0.2820 -0.3281 -0.3197 -0.1761 0.0825 0.2371 -0.1254 -0.3018 -0.3328 -0.3041 -0.0527 0.1201 0.2254 -0.1904 -0.3147 -0.3321 -0.2838 0.0222 0.1750 0.0686 -0.2536 -0.3249 -0.3248 -0.2224 0.0666 0.2237 -0.0892 -0.2957 -0.3314 -0.3110 -0.1003 0.1044 0.2414 -0.1675 -0.3104 -0.3329 -0.2918 0.0082 0.1618 0.0954 -0.2503 -0.3251 -0.3232 -0.1976 0.0801 0.2387 -0.1411 -0.3082 -0.3372 -0.3082 -0.1411 0.2387 0.0801 -0.1976 -0.3232 -0.3251 -0.2503 0.0954 0.1618 0.0082 -0.2918 -0.3329 -0.3104 -0.1675 0.2414 0.1044 -0.1003 -0.3110 -0.3314 -0.2957 -0.0892 0.2236 0.0665 -0.2224 -0.3248 -0.3249 -0.2536 0.0686 0.1750 0.0222 -0.2838 -0.3321 -0.3147 -0.1904 0.2254 0.1201 -0.0527 -0.3041 -0.3328 -0.3018 -0.1254 0.2371 0.0825 -0.1761 -0.3197 -0.3281 -0.2820 -0.0154 0.1920
-0.0450 -0.2911 -0.3296 -0.3162 -0.1452 0.0914 0.2417 -0.1428 -0.3051 -0.3331 -0.3001 -0.0296 0.1308 0.2035 -0.2051 -0.3174 -0.3308 -0.2741 0.0347 0.1912 0.0166 -0.2714 -0.3268 -0.3219 -0.1971 0.0758 0.2320 -0.1110 -0.2992 -0.3322 -0.3071 -0.0721 0.1132 0.2347 -0.1807 -0.3129 -0.3323 -0.2871 0.0181 0.1726 0.0659 -0.2582 -0.3258 -0.3222 -0.1922 0.0810 0.2387 -0.1390 -0.3062 -0.3424 -0.3465 -0.3424 -0.3062 -0.1390 0.2387 0.0810 -0.1922 -0.3222 -0.3258 -0.2582 0.0659 0.1726 0.0181 -0.2871 -0.3323 -0.3129 -0.1807 0.2347 0.1132 -0.0721 -0.3071 -0.3322 -0.2992 -0.1110 0.2320 0.0757 -0.1972 -0.3219 -0.3268 -0.2714 0.0166 0.1912 0.0347 -0.2741 -0.3308 -0.3174 -0.2051 0.2035 0.1308 -0.0296 -0.3001 -0.3331 -0.3051 -0.1428 0.2417 0.0914 -0.1452 -0.3162 -0.3296 -0.2911 -0.0450
-0.2361 -0.3313 -0.3122 -0.1112 0.1003 0.2426 -0.1594 -0.3085 -0.3330 -0.2958 -0.0089 0.1422 0.1688 -0.2206 -0.3201 -0.3290 -0.2601 0.0465 0.2037 -0.0280 -0.2856 -0.3286 -0.3184 -0.1661 0.0849 0.2387 -0.1304 -0.3027 -0.3328 -0.3028 -0.0453 0.1224 0.2200 -0.1950 -0.3156 -0.3313 -0.2795 0.0291 0.1851 0.0287 -0.2697 -0.3269 -0.3205 -0.1795 0.0838 0.2398 -0.1411 -0.3062 -0.3325 -0.3009 -0.1273 -0.3009 -0.3325 -0.3062 -0.1411 0.2398 0.0838 -0.1795 -0.3205 -0.3269 -0.2697 0.0287 0.1851 0.0291 -0.2795 -0.3313 -0.3156 -0.1950 0.2200 0.1224 -0.0453 -0.3028 -0.3328 -0.3027 -0.1304 0.2386 0.0849 -0.1661 -0.3184 -0.3286 -0.2856 -0.0280 0.2037 0.0465 -0.2601 -0.3290 -0.3201 -0.2206 0.1688 0.1422 -0.0089 -0.2958 -0.3330 -0.3085 -0.1594 0.2426 0.1003 -0.1112 -0.3122 -0.3313 -0.2361
-0.2876 -0.3226 -0.0773 0.1051 0.2420 -0.1699 -0.3136 -0.3439 -0.2957 0.0085 0.1442 0.1447 -0.2326 -0.3267 -0.3413 -0.2397 0.0561 0.1968 -0.0493 -0.2920 -0.3369 -0.3302 -0.1297 0.0909 0.2421 -0.1418 -0.3073 -0.3429 -0.3088 -0.0215 0.1256 0.2085 -0.2054 -0.3214 -0.3432 -0.2684 0.0394 0.1784 0.0103 -0.2802 -0.3339 -0.3337 -0.1580 0.0858 0.2376 -0.1407 -0.3082 -0.3424 -0.3009 0.0090 0.0919 0.0090 -0.3009 -0.3424 -0.3082 -0.1407 0.2376 0.0858 -0.1580 -0.3337 -0.3339 -0.2802 0.0103 0.1784 0.0394 -0.2684 -0.3432 -0.3214 -0.2054 0.2085 0.1256 -0.0215 -0.3088 -0.3429 -0.3073 -0.1418 0.2420 0.0909 -0.1297 -0.3302 -0.3369 -0.2920 -0.0493 0.1968 0.0561 -0.2397 -0.3413 -0.3267 -0.2326 0.1446 0.1442 0.0085 -0.2957 -0.3439 -0.3136 -0.1699 0.2420 0.1051 -0.0773 -0.3226 -0.2876
-0.3086 -0.2315 0.0609 0.2019 -0.0651 -0.2927 -0.3421 -0.3443 -0.1024 0.0953 0.2315 -0.1662 -0.3092 -0.3505 -0.3238 -0.0037 0.1338 0.1910 -0.2397 -0.3243 -0.3535 -0.2743 0.0455 0.1845 0.0036 -0.2849 -0.3373 -0.3492 -0.1622 0.0802 0.2223 -0.1281 -0.3023 -0.3474 -0.3341 -0.0361 0.1174 0.2225 -0.2212 -0.3191 -0.3529 -0.2938 0.0361 0.1751 0.0258 -0.2805 -0.3372 -0.3465 -0.1273 0.0919 0.1680 0.0919 -0.1273 -0.3465 -0.3372 -0.2805 0.0258 0.1751 0.0361 -0.2938 -0.3529 -0.3191 -0.2212 0.2225 0.1174 -0.0361 -0.3341 -0.3474 -0.3023 -0.1281 0.2223 0.0802 -0.1622 -0.3492 -0.3373 -0.2849 0.0038 0.1844 0.0455 -0.2743 -0.3535 -0.3243 -0.2397 0.1910 0.1338 -0.0037 -0.3238 -0.3505 -0.3092 -0.1662 0.2315 0.0953 -0.1024 -0.3443 -0.3421 -0.2927 -0.0651 0.2019 0.0609 -0.2315 -0.3086
