-0.2003 -0.2869 -0.2692 0.0054 0.1877 -0.0319 -0.2342 -0.2824 -0.2773 -0.0747 0.1308 0.1388 -0.1993 -0.2733 -0.2853 -0.1825 0.0892 0.2268 -0.1587 -0.2614 -0.2888 -0.2493 0.0487 0.2178 -0.1074 -0.2474 -0.2872 -0.2702 -0.0039 0.1789 -0.0112 -0.2317 -0.2812 -0.2787 -0.0907 0.1239 0.1619 -0.1933 -0.2716 -0.2862 -0.1964 0.0833 0.2293 -0.1520 -0.2594 -0.2889 -0.2548 0.0420 0.2133 -0.0898 -0.2149 -0.0898 0.2133 0.0420 -0.2548 -0.2889 -0.2594 -0.1520 0.2293 0.0833 -0.1964 -0.2862 -0.2716 -0.1933 0.1619 0.1239 -0.0907 -0.2787 -0.2812 -0.2317 -0.0112 0.1789 -0.0039 -0.2702 -0.2872 -0.2474 -0.1074 0.2178 0.0487 -0.2493 -0.2888 -0.2614 -0.1587 0.2268 0.0892 -0.1825 -0.2853 -0.2733 -0.1993 0.1388 0.1308 -0.0747 -0.2773 -0.2824 -0.2342 -0.0319 0.1877 0.0054 -0.2692 -0.2869 -0.2003
-0.2869 -0.2934 0.0163 0.1836 0.0001 -0.2896 -0.3308 -0.3106 -0.0645 0.1264 0.1888 -0.2275 -0.3239 -0.3240 -0.1842 0.0900 0.2428 -0.1693 -0.3137 -0.3317 -0.2669 0.0535 0.2193 -0.1014 -0.3014 -0.3334 -0.2974 0.0045 0.1696 0.0312 -0.2823 -0.3300 -0.3130 -0.0813 0.1203 0.2064 -0.2183 -0.3225 -0.3256 -0.2008 0.0847 0.2420 -0.1603 -0.3120 -0.3323 -0.2742 0.0472 0.2137 -0.0887 -0.3000 -0.3319 -0.3000 -0.0887 0.2137 0.0472 -0.2742 -0.3323 -0.3120 -0.1603 0.2420 0.0847 -0.2008 -0.3256 -0.3225 -0.2183 0.2064 0.1203 -0.0813 -0.3130 -0.3300 -0.2823 0.0312 0.1696 0.0045 -0.2974 -0.3334 -0.3014 -0.1014 0.2193 0.0535 -0.2669 -0.3317 -0.3137 -0.1693 0.2428 0.0900 -0.1842 -0.3240 -0.3239 -0.2275 0.1888 0.1264 -0.0645 -0.3106 -0.3308 -0.2896 0.0001 0.1836 0.0163 -0.2934 -0.2869
-0.2692 0.0163 0.1767 0.0305 -0.2815 -0.3291 -0.3136 -0.0940 0.1152 0.2159 -0.2124 -0.3212 -0.3262 -0.2123 0.0796 0.2406 -0.1539 -0.3104 -0.3324 -0.2785 0.0414 0.2095 -0.0774 -0.2976 -0.3327 -0.3009 -0.0140 0.1535 0.0845 -0.2660 -0.3281 -0.3163 -0.1135 0.1093 0.2272 -0.2034 -0.3197 -0.3276 -0.2263 0.0743 0.2377 -0.1444 -0.3086 -0.3328 -0.2839 0.0346 0.2034 -0.0611 -0.2957 -0.3404 -0.3525 -0.3404 -0.2957 -0.0611 0.2034 0.0346 -0.2839 -0.3328 -0.3086 -0.1444 0.2377 0.0743 -0.2263 -0.3276 -0.3197 -0.2034 0.2272 0.1093 -0.1135 -0.3163 -0.3281 -0.2660 0.0845 0.1535 -0.0140 -0.3009 -0.3327 -0.2976 -0.0774 0.2095 0.0414 -0.2785 -0.3324 -0.3104 -0.1539 0.2406 0.0796 -0.2123 -0.3262 -0.3212 -0.2124 0.2159 0.1152 -0.0940 -0.3136 -0.3291 -0.2815 0.0305 0.1767 0.0163 -0.2692
0.0054 0.1836 0.0305 -0.2755 -0.3281 -0.3160 -0.1198 0.1069 0.2318 -0.1980 -0.3188 -0.3283 -0.2350 0.0706 0.2351 -0.1376 -0.3073 -0.3330 -0.2870 0.0298 0.1992 -0.0480 -0.2941 -0.3319 -0.3050 -0.0341 0.1400 0.1360 -0.2486 -0.3263 -0.3197 -0.1452 0.1003 0.2385 -0.1887 -0.3171 -0.3295 -0.2465 0.0651 0.2308 -0.1272 -0.3054 -0.3332 -0.2908 0.0222 0.1913 -0.0270 -0.2919 -0.3313 -0.3209 -0.2270 -0.3209 -0.3313 -0.2919 -0.0270 0.1913 0.0222 -0.2908 -0.3332 -0.3054 -0.1272 0.2308 0.0651 -0.2465 -0.3295 -0.3171 -0.1887 0.2385 0.1003 -0.1452 -0.3197 -0.3263 -0.2486 0.1360 0.1400 -0.0341 -0.3050 -0.3319 -0.2941 -0.0480 0.1992 0.0298 -0.2870 -0.3330 -0.3073 -0.1376 0.2351 0.0706 -0.2350 -0.3283 -0.3188 -0.1980 0.2318 0.1069 -0.1198 -0.3160 -0.3281 -0.2755 0.0305 0.1836 0.0054
0.1877 0.0001 -0.2815 -0.3281 -0.3168 -0.1361 0.1008 0.2393 -0.1853 -0.3163 -0.3299 -0.2532 0.0613 0.2275 -0.1196 -0.3041 -0.3332 -0.2930 0.0167 0.1852 -0.0105 -0.2904 -0.3309 -0.3091 -0.0580 0.1284 0.1785 -0.2324 -0.3242 -0.3228 -0.1761 0.0913 0.2427 -0.1740 -0.3143 -0.3310 -0.2627 0.0553 0.2222 -0.1079 -0.3021 -0.3332 -0.2957 0.0081 0.1751 0.0162 -0.2856 -0.3300 -0.3110 -0.0690 0.0633 -0.0690 -0.3110 -0.3300 -0.2856 0.0162 0.1751 0.0081 -0.2957 -0.3332 -0.3021 -0.1079 0.2222 0.0553 -0.2627 -0.3310 -0.3143 -0.1740 0.2427 0.0913 -0.1761 -0.3228 -0.3242 -0.2324 0.1785 0.1284 -0.0580 -0.3091 -0.3309 -0.2904 -0.0105 0.1852 0.0167 -0.2930 -0.3332 -0.3041 -0.1196 0.2275 0.0613 -0.2532 -0.3299 -0.3163 -0.1853 0.2393 0.1008 -0.1361 -0.3168 -0.3281 -0.2815 0.0001 0.1877
-0.0319 -0.2896 -0.3291 -0.3160 -0.1361 0.0985 0.2417 -0.1760 -0.3141 -0.3309 -0.2665 0.0520 0.2188 -0.0996 -0.3007 -0.3331 -0.2974 0.0017 0.1679 0.0364 -0.2809 -0.3296 -0.3130 -0.0857 0.1180 0.2091 -0.2169 -0.3220 -0.3255 -0.2042 0.0825 0.2417 -0.1588 -0.3114 -0.3321 -0.2752 0.0449 0.2126 -0.0853 -0.2987 -0.3329 -0.2997 -0.0083 0.1582 0.0677 -0.2717 -0.3286 -0.3151 -0.1018 0.1075 0.2047 0.1075 -0.1018 -0.3151 -0.3286 -0.2717 0.0677 0.1582 -0.0083 -0.2997 -0.3329 -0.2987 -0.0853 0.2126 0.0449 -0.2752 -0.3321 -0.3114 -0.1588 0.2417 0.0825 -0.2042 -0.3255 -0.3220 -0.2169 0.2091 0.1180 -0.0857 -0.3130 -0.3296 -0.2809 0.0364 0.1679 0.0017 -0.2974 -0.3331 -0.3007 -0.0996 0.2188 0.0520 -0.2665 -0.3309 -0.3141 -0.1760 0.2417 0.0985 -0.1361 -0.3160 -0.3291 -0.2896 -0.0319
-0.2342 -0.3308 -0.3136 -0.1198 0.1008 0.2417 -0.1726 -0.3128 -0.3315 -0.2752 0.0434 0.2103 -0.0778 -0.2975 -0.3326 -0.3012 -0.0156 0.1521 0.0897 -0.2643 -0.3280 -0.3167 -0.1164 0.1085 0.2287 -0.2020 -0.3195 -0.3278 -0.2284 0.0735 0.2371 -0.1428 -0.3083 -0.3328 -0.2846 0.0335 0.2024 -0.0579 -0.2952 -0.3322 -0.3037 -0.0275 0.1439 0.1207 -0.2539 -0.3269 -0.3187 -0.1353 0.1030 0.2403 -0.0744 0.2403 0.1030 -0.1353 -0.3187 -0.3269 -0.2539 0.1207 0.1439 -0.0275 -0.3037 -0.3322 -0.2952 -0.0579 0.2024 0.0335 -0.2846 -0.3328 -0.3083 -0.1428 0.2371 0.0735 -0.2284 -0.3278 -0.3195 -0.2020 0.2287 0.1085 -0.1164 -0.3167 -0.3280 -0.2643 0.0897 0.1521 -0.0156 -0.3012 -0.3326 -0.2975 -0.0778 0.2103 0.0434 -0.2752 -0.3315 -0.3128 -0.1726 0.2417 0.1008 -0.1198 -0.3136 -0.3308 -0.2342
-0.2824 -0.3106 -0.0940 0.1069 0.2393 -0.1760 -0.3128 -0.3317 -0.2794 0.0371 0.2034 -0.0556 -0.2945 -0.3319 -0.3050 -0.0353 0.1390 0.1403 -0.2470 -0.3261 -0.3201 -0.1483 0.0994 0.2392 -0.1873 -0.3169 -0.3296 -0.2483 0.0641 0.2300 -0.1254 -0.3051 -0.3332 -0.2914 0.0209 0.1898 -0.0231 -0.2916 -0.3312 -0.3078 -0.0502 0.1318 0.1665 -0.2373 -0.3249 -0.3219 -0.1668 0.0941 0.2419 -0.1744 -0.2939 -0.1744 0.2419 0.0941 -0.1668 -0.3219 -0.3249 -0.2373 0.1665 0.1318 -0.0502 -0.3078 -0.3312 -0.2916 -0.0231 0.1898 0.0209 -0.2914 -0.3332 -0.3051 -0.1254 0.2300 0.0641 -0.2483 -0.3296 -0.3169 -0.1873 0.2392 0.0994 -0.1483 -0.3201 -0.3261 -0.2470 0.1403 0.1390 -0.0353 -0.3050 -0.3319 -0.2945 -0.0556 0.2034 0.0371 -0.2794 -0.3317 -0.3128 -0.1760 0.2393 0.1069 -0.0940 -0.3106 -0.2824
-0.2773 -0.0645 0.1152 0.2318 -0.1853 -0.3141 -0.3315 -0.2794 0.0348 0.1994 -0.0377 -0.2921 -0.3311 -0.3082 -0.0562 0.1285 0.1800 -0.2313 -0.3240 -0.3231 -0.1791 0.0905 0.2428 -0.1725 -0.3141 -0.3311 -0.2641 0.0543 0.2213 -0.1058 -0.3018 -0.3332 -0.2961 0.0066 0.1733 0.0209 -0.2845 -0.3300 -0.3118 -0.0768 0.1211 0.2009 -0.2216 -0.3227 -0.3247 -0.1959 0.0852 0.2425 -0.1640 -0.3146 -0.3429 -0.3146 -0.1640 0.2425 0.0852 -0.1959 -0.3247 -0.3227 -0.2216 0.2009 0.1211 -0.0768 -0.3118 -0.3300 -0.2845 0.0209 0.1733 0.0066 -0.2961 -0.3332 -0.3018 -0.1058 0.2213 0.0543 -0.2641 -0.3311 -0.3141 -0.1725 0.2428 0.0905 -0.1791 -0.3231 -0.3240 -0.2313 0.1800 0.1285 -0.0562 -0.3082 -0.3311 -0.2921 -0.0377 0.1994 0.0348 -0.2794 -0.3315 -0.3141 -0.1853 0.2318 0.1152 -0.0645 -0.2773
-0.0747 0.1264 0.2159 -0.1980 -0.3163 -0.3309 -0.2752 0.0371 0.1994 -0.0308 -0.2907 -0.3304 -0.3106 -0.0758 0.1201 0.2066 -0.2173 -0.3219 -0.3256 -0.2063 0.0817 0.2414 -0.1573 -0.3111 -0.3322 -0.2763 0.0438 0.2116 -0.0829 -0.2983 -0.3328 -0.3001 -0.0101 0.1567 0.0730 -0.2699 -0.3285 -0.3156 -0.1067 0.1114 0.2237 -0.2066 -0.3203 -0.3271 -0.2213 0.0763 0.2388 -0.1479 -0.3094 -0.3440 -0.3433 -0.3440 -0.3094 -0.1479 0.2388 0.0763 -0.2213 -0.3271 -0.3203 -0.2066 0.2237 0.1114 -0.1067 -0.3156 -0.3285 -0.2699 0.0730 0.1567 -0.0101 -0.3001 -0.3328 -0.2983 -0.0829 0.2116 0.0438 -0.2763 -0.3322 -0.3111 -0.1573 0.2414 0.0817 -0.2063 -0.3256 -0.3219 -0.2173 0.2066 0.1201 -0.0758 -0.3106 -0.3304 -0.2907 -0.0308 0.1994 0.0371 -0.2752 -0.3309 -0.3163 -0.1980 0.2159 0.1264 -0.0747
0.1308 0.1888 -0.2124 -0.3188 -0.3299 -0.2665 0.0434 0.2034 -0.0377 -0.2907 -0.3302 -0.3120 -0.0905 0.1140 0.2222 -0.2055 -0.3198 -0.3276 -0.2286 0.0730 0.2366 -0.1413 -0.3080 -0.3329 -0.2854 0.0324 0.2014 -0.0548 -0.2948 -0.3321 -0.3041 -0.0296 0.1426 0.1257 -0.2522 -0.3267 -0.3190 -0.1385 0.1022 0.2368 -0.1918 -0.3177 -0.3291 -0.2425 0.0671 0.2324 -0.1310 -0.3061 -0.3329 -0.2931 -0.0929 -0.2931 -0.3329 -0.3061 -0.1310 0.2324 0.0671 -0.2425 -0.3291 -0.3177 -0.1918 0.2368 0.1022 -0.1385 -0.3190 -0.3267 -0.2522 0.1257 0.1426 -0.0296 -0.3041 -0.3321 -0.2948 -0.0548 0.2014 0.0324 -0.2854 -0.3329 -0.3080 -0.1413 0.2366 0.0730 -0.2286 -0.3276 -0.3198 -0.2055 0.2222 0.1140 -0.0905 -0.3120 -0.3302 -0.2907 -0.0377 0.2034 0.0434 -0.2665 -0.3299 -0.3188 -0.2124 0.1888 0.1308
0.1388 -0.2275 -0.3212 -0.3283 -0.2532 0.0520 0.2103 -0.0556 -0.2921 -0.3304 -0.3120 -0.0961 0.1108 0.2299 -0.1966 -0.3180 -0.3290 -0.2456 0.0648 0.2300 -0.1246 -0.3049 -0.3332 -0.2919 0.0196 0.1883 -0.0192 -0.2912 -0.3311 -0.3082 -0.0527 0.1307 0.1705 -0.2357 -0.3247 -0.3222 -0.1698 0.0932 0.2423 -0.1771 -0.3150 -0.3307 -0.2596 0.0574 0.2241 -0.1122 -0.3028 -0.3331 -0.2944 0.0127 0.0979 0.0127 -0.2944 -0.3331 -0.3028 -0.1122 0.2241 0.0574 -0.2596 -0.3307 -0.3150 -0.1771 0.2423 0.0932 -0.1698 -0.3222 -0.3247 -0.2357 0.1705 0.1307 -0.0527 -0.3082 -0.3311 -0.2912 -0.0192 0.1883 0.0196 -0.2919 -0.3332 -0.3049 -0.1246 0.2300 0.0648 -0.2456 -0.3290 -0.3180 -0.1966 0.2299 0.1108 -0.0961 -0.3120 -0.3304 -0.2921 -0.0556 0.2103 0.0520 -0.2532 -0.3283 -0.3212 -0.2275 0.1388
-0.1993 -0.3239 -0.3262 -0.2350 0.0613 0.2188 -0.0778 -0.2945 -0.3311 -0.3106 -0.0905 0.1108 0.2323 -0.1919 -0.3167 -0.3299 -0.2572 0.0574 0.2230 -0.1077 -0.3018 -0.3331 -0.2963 0.0053 0.1717 0.0258 -0.2833 -0.3299 -0.3122 -0.0796 0.1201 0.2036 -0.2201 -0.3225 -0.3249 -0.1986 0.0844 0.2423 -0.1621 -0.3120 -0.3319 -0.2729 0.0472 0.2147 -0.0905 -0.2994 -0.3330 -0.2988 -0.0037 0.1477 0.2321 0.1477 -0.0037 -0.2988 -0.3330 -0.2994 -0.0905 0.2147 0.0472 -0.2729 -0.3319 -0.3120 -0.1621 0.2423 0.0844 -0.1986 -0.3249 -0.3225 -0.2201 0.2036 0.1201 -0.0796 -0.3122 -0.3299 -0.2833 0.0258 0.1717 0.0053 -0.2963 -0.3331 -0.3018 -0.1077 0.2230 0.0574 -0.2572 -0.3299 -0.3167 -0.1919 0.2323 0.1108 -0.0905 -0.3106 -0.3311 -0.2945 -0.0778 0.2188 0.0613 -0.2350 -0.3262 -0.3239 -0.1993
-0.2733 -0.3240 -0.2123 0.0706 0.2275 -0.0996 -0.2975 -0.3319 -0.3082 -0.0758 0.1140 0.2299 -0.1919 -0.3163 -0.3303 -0.2639 0.0516 0.2167 -0.0912 -0.2991 -0.3328 -0.2998 -0.0102 0.1559 0.0772 -0.2682 -0.3283 -0.3159 -0.1098 0.1104 0.2254 -0.2051 -0.3201 -0.3273 -0.2236 0.0754 0.2383 -0.1463 -0.3090 -0.3327 -0.2829 0.0360 0.2046 -0.0642 -0.2959 -0.3324 -0.3029 -0.0231 0.1461 0.1304 -0.1724 0.1304 0.1461 -0.0231 -0.3029 -0.3324 -0.2959 -0.0642 0.2046 0.0360 -0.2829 -0.3327 -0.3090 -0.1463 0.2383 0.0754 -0.2236 -0.3273 -0.3201 -0.2051 0.2254 0.1104 -0.1098 -0.3159 -0.3283 -0.2682 0.0772 0.1559 -0.0102 -0.2998 -0.3328 -0.2991 -0.0912 0.2167 0.0516 -0.2639 -0.3303 -0.3163 -0.1919 0.2299 0.1140 -0.0758 -0.3082 -0.3319 -0.2975 -0.0996 0.2275 0.0706 -0.2123 -0.3240 -0.2733
-0.2853 -0.1842 0.0796 0.2351 -0.1196 -0.3007 -0.3326 -0.3050 -0.0562 0.1201 0.2222 -0.1966 -0.3167 -0.3303 -0.2661 0.0484 0.2123 -0.0773 -0.2968 -0.3323 -0.3030 -0.0267 0.1434 0.1257 -0.2515 -0.3265 -0.3193 -0.1414 0.1013 0.2376 -0.1904 -0.3174 -0.3293 -0.2444 0.0661 0.2316 -0.1292 -0.3058 -0.3331 -0.2902 0.0237 0.1931 -0.0312 -0.2923 -0.3315 -0.3070 -0.0451 0.1343 0.1562 -0.2374 -0.3104 -0.2374 0.1562 0.1343 -0.0451 -0.3070 -0.3315 -0.2923 -0.0312 0.1931 0.0237 -0.2902 -0.3331 -0.3058 -0.1292 0.2316 0.0661 -0.2444 -0.3293 -0.3174 -0.1904 0.2376 0.1013 -0.1414 -0.3193 -0.3265 -0.2515 0.1257 0.1434 -0.0267 -0.3030 -0.3323 -0.2968 -0.0773 0.2123 0.0484 -0.2661 -0.3303 -0.3167 -0.1966 0.2222 0.1201 -0.0562 -0.3050 -0.3326 -0.3007 -0.1196 0.2351 0.0796 -0.1842 -0.2853
-0.1825 0.0900 0.2406 -0.1376 -0.3041 -0.3331 -0.3012 -0.0353 0.1285 0.2066 -0.2055 -0.3180 -0.3299 -0.2639 0.0484 0.2108 -0.0693 -0.2952 -0.3318 -0.3056 -0.0429 0.1338 0.1641 -0.2369 -0.3247 -0.3222 -0.1716 0.0925 0.2425 -0.1756 -0.3147 -0.3308 -0.2611 0.0565 0.2232 -0.1102 -0.3025 -0.3332 -0.2952 0.0098 0.1772 0.0108 -0.2869 -0.3303 -0.3110 -0.0708 0.1233 0.1945 -0.2253 -0.3275 -0.3509 -0.3275 -0.2253 0.1945 0.1233 -0.0708 -0.3110 -0.3303 -0.2869 0.0108 0.1772 0.0098 -0.2952 -0.3332 -0.3025 -0.1102 0.2232 0.0565 -0.2611 -0.3308 -0.3147 -0.1756 0.2425 0.0925 -0.1716 -0.3222 -0.3247 -0.2369 0.1641 0.1338 -0.0429 -0.3056 -0.3318 -0.2952 -0.0693 0.2108 0.0484 -0.2639 -0.3299 -0.3180 -0.2055 0.2066 0.1285 -0.0353 -0.3012 -0.3331 -0.3041 -0.1376 0.2406 0.0900 -0.1825
0.0892 0.2428 -0.1539 -0.3073 -0.3332 -0.2974 -0.0156 0.1390 0.1800 -0.2173 -0.3198 -0.3290 -0.2572 0.0516 0.2123 -0.0693 -0.2947 -0.3316 -0.3073 -0.0562 0.1267 0.1905 -0.2246 -0.3228 -0.3246 -0.1979 0.0842 0.2422 -0.1609 -0.3118 -0.3320 -0.2740 0.0461 0.2137 -0.0881 -0.2991 -0.3329 -0.2992 -0.0063 0.1600 0.0616 -0.2738 -0.3288 -0.3148 -0.1002 0.1134 0.2198 -0.2098 -0.3209 -0.3408 -0.3217 -0.3408 -0.3209 -0.2098 0.2198 0.1134 -0.1002 -0.3148 -0.3288 -0.2738 0.0616 0.1600 -0.0063 -0.2992 -0.3329 -0.2991 -0.0881 0.2137 0.0461 -0.2740 -0.3320 -0.3118 -0.1609 0.2422 0.0842 -0.1979 -0.3246 -0.3228 -0.2246 0.1905 0.1267 -0.0562 -0.3073 -0.3316 -0.2947 -0.0693 0.2123 0.0516 -0.2572 -0.3290 -0.3198 -0.2173 0.1800 0.1390 -0.0156 -0.2974 -0.3332 -0.3073 -0.1539 0.2428 0.0892
0.2268 -0.1693 -0.3104 -0.3330 -0.2930 0.0017 0.1521 0.1403 -0.2313 -0.3219 -0.3276 -0.2456 0.0574 0.2167 -0.0773 -0.2952 -0.3316 -0.3078 -0.0634 0.1224 0.2060 -0.2151 -0.3212 -0.3265 -0.2192 0.0764 0.2386 -0.1461 -0.3088 -0.3327 -0.2837 0.0349 0.2036 -0.0613 -0.2956 -0.3323 -0.3033 -0.0252 0.1454 0.1149 -0.2558 -0.3271 -0.3183 -0.1317 0.1041 0.2347 -0.1949 -0.3182 -0.3284 -0.2335 0.0009 -0.2335 -0.3284 -0.3182 -0.1949 0.2347 0.1041 -0.1317 -0.3183 -0.3271 -0.2558 0.1149 0.1454 -0.0252 -0.3033 -0.3323 -0.2956 -0.0613 0.2036 0.0349 -0.2837 -0.3327 -0.3088 -0.1461 0.2386 0.0764 -0.2192 -0.3265 -0.3212 -0.2151 0.2060 0.1224 -0.0634 -0.3078 -0.3316 -0.2952 -0.0773 0.2167 0.0574 -0.2456 -0.3276 -0.3219 -0.2313 0.1403 0.1521 0.0017 -0.2930 -0.3330 -0.3104 -0.1693 0.2268
-0.1587 -0.3137 -0.3324 -0.2870 0.0167 0.1679 0.0897 -0.2470 -0.3240 -0.3256 -0.2286 0.0648 0.2230 -0.0912 -0.2968 -0.3318 -0.3073 -0.0634 0.1210 0.2127 -0.2090 -0.3199 -0.3278 -0.2347 0.0693 0.2333 -0.1316 -0.3060 -0.3331 -0.2904 0.0228 0.1918 -0.0278 -0.2920 -0.3314 -0.3074 -0.0475 0.1331 0.1619 -0.2391 -0.3251 -0.3215 -0.1633 0.0951 0.2417 -0.1802 -0.3155 -0.3303 -0.2553 0.0589 0.1370 0.0589 -0.2553 -0.3303 -0.3155 -0.1802 0.2417 0.0951 -0.1633 -0.3215 -0.3251 -0.2391 0.1619 0.1331 -0.0475 -0.3074 -0.3314 -0.2920 -0.0278 0.1918 0.0228 -0.2904 -0.3331 -0.3060 -0.1316 0.2333 0.0693 -0.2347 -0.3278 -0.3199 -0.2090 0.2127 0.1210 -0.0634 -0.3073 -0.3318 -0.2968 -0.0912 0.2230 0.0648 -0.2286 -0.3256 -0.3240 -0.2470 0.0897 0.1679 0.0167 -0.2870 -0.3324 -0.3137 -0.1587
-0.2614 -0.3317 -0.2785 0.0298 0.1852 0.0364 -0.2643 -0.3261 -0.3231 -0.2063 0.0730 0.2300 -0.1077 -0.2991 -0.3323 -0.3056 -0.0562 0.1224 0.2127 -0.2070 -0.3192 -0.3285 -0.2448 0.0636 0.2279 -0.1175 -0.3033 -0.3332 -0.2949 0.0098 0.1766 0.0138 -0.2860 -0.3302 -0.3114 -0.0736 0.1223 0.1976 -0.2234 -0.3230 -0.3244 -0.1928 0.0862 0.2427 -0.1653 -0.3127 -0.3317 -0.2703 0.0498 0.2003 0.1818 0.2003 0.0498 -0.2703 -0.3317 -0.3127 -0.1653 0.2427 0.0862 -0.1928 -0.3244 -0.3230 -0.2234 0.1976 0.1223 -0.0736 -0.3114 -0.3302 -0.2860 0.0138 0.1766 0.0098 -0.2949 -0.3332 -0.3033 -0.1175 0.2279 0.0636 -0.2448 -0.3285 -0.3192 -0.2070 0.2127 0.1224 -0.0562 -0.3056 -0.3323 -0.2991 -0.1077 0.2300 0.0730 -0.2063 -0.3231 -0.3261 -0.2643 0.0364 0.1852 0.0298 -0.2785 -0.3317 -0.2614
-0.2888 -0.2669 0.0414 0.1992 -0.0105 -0.2809 -0.3280 -0.3201 -0.1791 0.0817 0.2366 -0.1246 -0.3018 -0.3328 -0.3030 -0.0429 0.1267 0.2060 -0.2090 -0.3192 -0.3287 -0.2495 0.0598 0.2235 -0.1054 -0.3010 -0.3330 -0.2981 -0.0038 0.1612 0.0609 -0.2733 -0.3287 -0.3151 -0.1030 0.1124 0.2216 -0.2083 -0.3206 -0.3268 -0.2187 0.0773 0.2394 -0.1497 -0.3096 -0.3326 -0.2810 0.0385 0.2071 -0.0595 -0.2429 -0.0595 0.2071 0.0385 -0.2810 -0.3326 -0.3096 -0.1497 0.2394 0.0773 -0.2187 -0.3268 -0.3206 -0.2083 0.2216 0.1124 -0.1030 -0.3151 -0.3287 -0.2733 0.0609 0.1612 -0.0038 -0.2981 -0.3330 -0.3010 -0.1054 0.2235 0.0598 -0.2495 -0.3287 -0.3192 -0.2090 0.2060 0.1267 -0.0429 -0.3030 -0.3328 -0.3018 -0.1246 0.2366 0.0817 -0.1791 -0.3201 -0.3280 -0.2809 -0.0105 0.1992 0.0414 -0.2669 -0.2888
-0.2493 0.0535 0.2095 -0.0480 -0.2904 -0.3296 -0.3167 -0.1483 0.0905 0.2414 -0.1413 -0.3049 -0.3331 -0.2998 -0.0267 0.1338 0.1905 -0.2151 -0.3199 -0.3285 -0.2495 0.0585 0.2211 -0.0971 -0.2993 -0.3327 -0.3007 -0.0171 0.1492 0.1063 -0.2574 -0.3271 -0.3183 -0.1333 0.1034 0.2356 -0.1935 -0.3180 -0.3289 -0.2404 0.0681 0.2332 -0.1330 -0.3065 -0.3331 -0.2888 0.0264 0.1965 -0.0400 -0.2932 -0.3254 -0.2932 -0.0400 0.1965 0.0264 -0.2888 -0.3331 -0.3065 -0.1330 0.2332 0.0681 -0.2404 -0.3289 -0.3180 -0.1935 0.2356 0.1034 -0.1333 -0.3183 -0.3271 -0.2574 0.1063 0.1492 -0.0171 -0.3007 -0.3327 -0.2993 -0.0971 0.2211 0.0585 -0.2495 -0.3285 -0.3199 -0.2151 0.1905 0.1338 -0.0267 -0.2998 -0.3331 -0.3049 -0.1413 0.2414 0.0905 -0.1483 -0.3167 -0.3296 -0.2904 -0.0480 0.2095 0.0535 -0.2493
0.0487 0.2193 -0.0774 -0.2941 -0.3309 -0.3130 -0.1164 0.0994 0.2428 -0.1573 -0.3080 -0.3332 -0.2963 -0.0102 0.1434 0.1641 -0.2246 -0.3212 -0.3278 -0.2448 0.0598 0.2211 -0.0941 -0.2984 -0.3325 -0.3026 -0.0288 0.1404 0.1428 -0.2439 -0.3255 -0.3211 -0.1621 0.0950 0.2418 -0.1791 -0.3153 -0.3305 -0.2579 0.0586 0.2251 -0.1144 -0.3032 -0.3332 -0.2943 0.0129 0.1813 0.0009 -0.2896 -0.3375 -0.3535 -0.3375 -0.2896 0.0009 0.1813 0.0129 -0.2943 -0.3332 -0.3032 -0.1144 0.2251 0.0586 -0.2579 -0.3305 -0.3153 -0.1791 0.2418 0.0950 -0.1621 -0.3211 -0.3255 -0.2439 0.1428 0.1404 -0.0288 -0.3026 -0.3325 -0.2984 -0.0941 0.2211 0.0598 -0.2448 -0.3278 -0.3212 -0.2246 0.1641 0.1434 -0.0102 -0.2963 -0.3332 -0.3080 -0.1573 0.2428 0.0994 -0.1164 -0.3130 -0.3309 -0.2941 -0.0774 0.2193 0.0487
0.2178 -0.1014 -0.2976 -0.3319 -0.3091 -0.0857 0.1085 0.2392 -0.1725 -0.3111 -0.3329 -0.2919 0.0053 0.1559 0.1257 -0.2369 -0.3228 -0.3265 -0.2347 0.0636 0.2235 -0.0971 -0.2984 -0.3324 -0.3036 -0.0368 0.1347 0.1674 -0.2333 -0.3239 -0.3234 -0.1872 0.0873 0.2427 -0.1651 -0.3125 -0.3318 -0.2715 0.0484 0.2158 -0.0931 -0.2998 -0.3330 -0.2984 -0.0027 0.1634 0.0504 -0.2779 -0.3291 -0.3288 -0.2676 -0.3288 -0.3291 -0.2779 0.0504 0.1634 -0.0027 -0.2984 -0.3330 -0.2998 -0.0931 0.2158 0.0484 -0.2715 -0.3318 -0.3125 -0.1651 0.2427 0.0873 -0.1872 -0.3234 -0.3239 -0.2333 0.1674 0.1347 -0.0368 -0.3036 -0.3324 -0.2984 -0.0971 0.2235 0.0636 -0.2347 -0.3265 -0.3228 -0.2369 0.1257 0.1559 0.0053 -0.2919 -0.3329 -0.3111 -0.1725 0.2392 0.1085 -0.0857 -0.3091 -0.3319 -0.2976 -0.1014 0.2178
-0.1074 -0.3014 -0.3327 -0.3050 -0.0580 0.1180 0.2287 -0.1873 -0.3141 -0.3322 -0.2854 0.0196 0.1717 0.0772 -0.2515 -0.3247 -0.3246 -0.2192 0.0693 0.2279 -0.1054 -0.2993 -0.3325 -0.3036 -0.0397 0.1319 0.1810 -0.2261 -0.3227 -0.3251 -0.2068 0.0803 0.2404 -0.1517 -0.3098 -0.3325 -0.2815 0.0376 0.2058 -0.0675 -0.2963 -0.3325 -0.3024 -0.0209 0.1483 0.1039 -0.2595 -0.3274 -0.3172 -0.1186 0.0487 -0.1186 -0.3172 -0.3274 -0.2595 0.1039 0.1483 -0.0209 -0.3024 -0.3325 -0.2963 -0.0675 0.2058 0.0376 -0.2815 -0.3325 -0.3098 -0.1517 0.2404 0.0803 -0.2068 -0.3251 -0.3227 -0.2261 0.1810 0.1319 -0.0397 -0.3036 -0.3325 -0.2993 -0.1054 0.2279 0.0693 -0.2192 -0.3246 -0.3247 -0.2515 0.0772 0.1717 0.0196 -0.2854 -0.3322 -0.3141 -0.1873 0.2287 0.1180 -0.0580 -0.3050 -0.3327 -0.3014 -0.1074
-0.2474 -0.3334 -0.3009 -0.0341 0.1284 0.2091 -0.2020 -0.3169 -0.3311 -0.2763 0.0324 0.1883 0.0258 -0.2682 -0.3265 -0.3222 -0.1979 0.0764 0.2333 -0.1175 -0.3010 -0.3327 -0.3026 -0.0368 0.1319 0.1855 -0.2224 -0.3218 -0.3262 -0.2207 0.0745 0.2366 -0.1390 -0.3072 -0.3330 -0.2885 0.0264 0.1960 -0.0364 -0.2928 -0.3316 -0.3065 -0.0424 0.1355 0.1529 -0.2426 -0.3256 -0.3207 -0.1548 0.0938 0.1883 0.0938 -0.1548 -0.3207 -0.3256 -0.2426 0.1529 0.1355 -0.0424 -0.3065 -0.3316 -0.2928 -0.0364 0.1960 0.0264 -0.2885 -0.3330 -0.3072 -0.1390 0.2366 0.0745 -0.2207 -0.3262 -0.3218 -0.2224 0.1855 0.1319 -0.0368 -0.3026 -0.3327 -0.3010 -0.1175 0.2333 0.0764 -0.1979 -0.3222 -0.3265 -0.2682 0.0258 0.1883 0.0324 -0.2763 -0.3311 -0.3169 -0.2020 0.2091 0.1284 -0.0341 -0.3009 -0.3334 -0.2474
-0.2872 -0.2974 -0.0140 0.1400 0.1785 -0.2169 -0.3195 -0.3296 -0.2641 0.0438 0.2014 -0.0192 -0.2833 -0.3283 -0.3193 -0.1716 0.0842 0.2386 -0.1316 -0.3033 -0.3330 -0.3007 -0.0288 0.1347 0.1810 -0.2224 -0.3215 -0.3267 -0.2286 0.0703 0.2329 -0.1280 -0.3049 -0.3331 -0.2931 0.0149 0.1826 0.0005 -0.2893 -0.3305 -0.3104 -0.0676 0.1245 0.1911 -0.2266 -0.3234 -0.3238 -0.1868 0.0882 0.2435 -0.0130 0.2435 0.0882 -0.1868 -0.3238 -0.3234 -0.2266 0.1911 0.1245 -0.0676 -0.3104 -0.3305 -0.2893 0.0005 0.1826 0.0149 -0.2931 -0.3331 -0.3049 -0.1280 0.2329 0.0703 -0.2286 -0.3267 -0.3215 -0.2224 0.1810 0.1347 -0.0288 -0.3007 -0.3330 -0.3033 -0.1316 0.2386 0.0842 -0.1716 -0.3193 -0.3283 -0.2833 -0.0192 0.2014 0.0438 -0.2641 -0.3296 -0.3195 -0.2169 0.1785 0.1400 -0.0140 -0.2974 -0.2872
-0.2702 0.0045 0.1535 0.1360 -0.2324 -0.3220 -0.3278 -0.2483 0.0543 0.2116 -0.0548 -0.2912 -0.3299 -0.3159 -0.1414 0.0925 0.2422 -0.1461 -0.3060 -0.3332 -0.2981 -0.0171 0.1404 0.1674 -0.2261 -0.3218 -0.3267 -0.2310 0.0682 0.2303 -0.1199 -0.3032 -0.3331 -0.2961 0.0036 0.1677 0.0420 -0.2793 -0.3291 -0.3140 -0.0953 0.1146 0.2173 -0.2114 -0.3211 -0.3264 -0.2136 0.0792 0.2405 -0.1481 -0.2869 -0.1481 0.2405 0.0792 -0.2136 -0.3264 -0.3211 -0.2114 0.2173 0.1146 -0.0953 -0.3140 -0.3291 -0.2793 0.0420 0.1677 0.0036 -0.2961 -0.3331 -0.3032 -0.1199 0.2303 0.0682 -0.2310 -0.3267 -0.3218 -0.2261 0.1674 0.1404 -0.0171 -0.2981 -0.3332 -0.3060 -0.1461 0.2422 0.0925 -0.1414 -0.3159 -0.3299 -0.2912 -0.0548 0.2116 0.0543 -0.2483 -0.3278 -0.3220 -0.2324 0.1360 0.1535 0.0045 -0.2702
-0.0039 0.1696 0.0845 -0.2486 -0.3242 -0.3255 -0.2284 0.0641 0.2213 -0.0829 -0.2948 -0.3311 -0.3122 -0.1098 0.1013 0.2425 -0.1609 -0.3088 -0.3331 -0.2949 -0.0038 0.1492 0.1428 -0.2333 -0.3227 -0.3262 -0.2286 0.0682 0.2294 -0.1155 -0.3021 -0.3330 -0.2981 -0.0066 0.1565 0.0824 -0.2644 -0.3278 -0.3172 -0.1237 0.1059 0.2329 -0.1969 -0.3186 -0.3285 -0.2361 0.0701 0.2347 -0.1371 -0.3088 -0.3384 -0.3088 -0.1371 0.2347 0.0701 -0.2361 -0.3285 -0.3186 -0.1969 0.2329 0.1059 -0.1237 -0.3172 -0.3278 -0.2644 0.0824 0.1565 -0.0066 -0.2981 -0.3330 -0.3021 -0.1155 0.2294 0.0682 -0.2286 -0.3262 -0.3227 -0.2333 0.1428 0.1492 -0.0038 -0.2949 -0.3331 -0.3088 -0.1609 0.2425 0.1013 -0.1098 -0.3122 -0.3311 -0.2948 -0.0829 0.2213 0.0641 -0.2284 -0.3255 -0.3242 -0.2486 0.0845 0.1696 -0.0039
0.1789 0.0312 -0.2660 -0.3263 -0.3228 -0.2042 0.0735 0.2300 -0.1058 -0.2983 -0.3321 -0.3082 -0.0796 0.1104 0.2376 -0.1756 -0.3118 -0.3327 -0.2904 0.0098 0.1612 0.1063 -0.2439 -0.3239 -0.3251 -0.2207 0.0703 0.2303 -0.1155 -0.3017 -0.3329 -0.2994 -0.0144 0.1489 0.1145 -0.2524 -0.3263 -0.3198 -0.1509 0.0979 0.2405 -0.1832 -0.3160 -0.3302 -0.2544 0.0606 0.2270 -0.1186 -0.3040 -0.3432 -0.3483 -0.3432 -0.3040 -0.1186 0.2270 0.0606 -0.2544 -0.3302 -0.3160 -0.1832 0.2405 0.0979 -0.1509 -0.3198 -0.3263 -0.2524 0.1145 0.1489 -0.0144 -0.2994 -0.3329 -0.3017 -0.1155 0.2303 0.0703 -0.2207 -0.3251 -0.3239 -0.2439 0.1063 0.1612 0.0098 -0.2904 -0.3327 -0.3118 -0.1756 0.2376 0.1104 -0.0796 -0.3082 -0.3321 -0.2983 -0.1058 0.2300 0.0735 -0.2042 -0.3228 -0.3263 -0.2660 0.0312 0.1789
-0.0112 -0.2823 -0.3281 -0.3197 -0.1761 0.0825 0.2371 -0.1254 -0.3018 -0.3328 -0.3041 -0.0527 0.1201 0.2254 -0.1904 -0.3147 -0.3320 -0.2837 0.0228 0.1766 0.0609 -0.2574 -0.3255 -0.3234 -0.2068 0.0745 0.2329 -0.1199 -0.3021 -0.3329 -0.2998 -0.0186 0.1445 0.1357 -0.2438 -0.3251 -0.3219 -0.1741 0.0908 0.2429 -0.1702 -0.3134 -0.3315 -0.2683 0.0508 0.2179 -0.0979 -0.3005 -0.3329 -0.3061 -0.1492 -0.3061 -0.3329 -0.3005 -0.0979 0.2179 0.0508 -0.2683 -0.3315 -0.3134 -0.1702 0.2429 0.0908 -0.1741 -0.3219 -0.3251 -0.2438 0.1357 0.1445 -0.0186 -0.2998 -0.3329 -0.3021 -0.1199 0.2329 0.0745 -0.2068 -0.3234 -0.3255 -0.2574 0.0609 0.1766 0.0228 -0.2837 -0.3320 -0.3147 -0.1904 0.2254 0.1201 -0.0527 -0.3041 -0.3328 -0.3018 -0.1254 0.2371 0.0825 -0.1761 -0.3197 -0.3281 -0.2823 -0.0112
-0.2317 -0.3300 -0.3163 -0.1452 0.0913 0.2417 -0.1428 -0.3051 -0.3332 -0.3001 -0.0296 0.1307 0.2036 -0.2051 -0.3174 -0.3308 -0.2740 0.0349 0.1918 0.0138 -0.2733 -0.3271 -0.3211 -0.1872 0.0803 0.2366 -0.1280 -0.3032 -0.3330 -0.2994 -0.0186 0.1431 0.1457 -0.2386 -0.3243 -0.3233 -0.1913 0.0848 0.2420 -0.1581 -0.3109 -0.3323 -0.2785 0.0408 0.2084 -0.0739 -0.2971 -0.3325 -0.3012 -0.0141 0.0833 -0.0141 -0.3012 -0.3325 -0.2971 -0.0739 0.2084 0.0408 -0.2785 -0.3323 -0.3109 -0.1581 0.2420 0.0848 -0.1913 -0.3233 -0.3243 -0.2386 0.1457 0.1431 -0.0186 -0.2994 -0.3330 -0.3032 -0.1280 0.2366 0.0803 -0.1872 -0.3211 -0.3271 -0.2733 0.0138 0.1918 0.0349 -0.2740 -0.3308 -0.3174 -0.2051 0.2036 0.1307 -0.0296 -0.3001 -0.3332 -0.3051 -0.1428 0.2417 0.0913 -0.1452 -0.3163 -0.3300 -0.2317
-0.2812 -0.3130 -0.1135 0.1003 0.2427 -0.1588 -0.3083 -0.3332 -0.2961 -0.0101 0.1426 0.1705 -0.2201 -0.3201 -0.3293 -0.2611 0.0461 0.2036 -0.0278 -0.2860 -0.3287 -0.3183 -0.1621 0.0873 0.2404 -0.1390 -0.3049 -0.3331 -0.2981 -0.0144 0.1445 0.1457 -0.2369 -0.3238 -0.3242 -0.2027 0.0803 0.2398 -0.1476 -0.3086 -0.3328 -0.2858 0.0306 0.1991 -0.0458 -0.2937 -0.3318 -0.3055 -0.0363 0.1293 0.2249 0.1293 -0.0363 -0.3055 -0.3318 -0.2937 -0.0458 0.1991 0.0306 -0.2858 -0.3328 -0.3086 -0.1476 0.2398 0.0803 -0.2027 -0.3242 -0.3238 -0.2369 0.1457 0.1445 -0.0144 -0.2981 -0.3331 -0.3049 -0.1390 0.2404 0.0873 -0.1621 -0.3183 -0.3287 -0.2860 -0.0278 0.2036 0.0461 -0.2611 -0.3293 -0.3201 -0.2201 0.1705 0.1426 -0.0101 -0.2961 -0.3332 -0.3083 -0.1588 0.2427 0.1003 -0.1135 -0.3130 -0.2812
-0.2787 -0.0813 0.1093 0.2385 -0.1740 -0.3114 -0.3328 -0.2914 0.0066 0.1567 0.1257 -0.2357 -0.3225 -0.3273 -0.2444 0.0565 0.2137 -0.0613 -0.2920 -0.3302 -0.3151 -0.1333 0.0950 0.2427 -0.1517 -0.3072 -0.3331 -0.2961 -0.0066 0.1489 0.1357 -0.2386 -0.3238 -0.3246 -0.2084 0.0774 0.2376 -0.1393 -0.3068 -0.3330 -0.2907 0.0205 0.1882 -0.0133 -0.2904 -0.3308 -0.3095 -0.0615 0.1265 0.1975 -0.1369 0.1975 0.1265 -0.0615 -0.3095 -0.3308 -0.2904 -0.0133 0.1882 0.0205 -0.2907 -0.3330 -0.3068 -0.1393 0.2376 0.0774 -0.2084 -0.3246 -0.3238 -0.2386 0.1357 0.1489 -0.0066 -0.2961 -0.3331 -0.3072 -0.1517 0.2427 0.0950 -0.1333 -0.3151 -0.3302 -0.2920 -0.0613 0.2137 0.0565 -0.2444 -0.3273 -0.3225 -0.2357 0.1257 0.1567 0.0066 -0.2914 -0.3328 -0.3114 -0.1740 0.2385 0.1093 -0.0813 -0.2787
-0.0907 0.1203 0.2272 -0.1887 -0.3143 -0.3321 -0.2846 0.0209 0.1733 0.0730 -0.2522 -0.3247 -0.3249 -0.2236 0.0661 0.2232 -0.0881 -0.2956 -0.3314 -0.3114 -0.1030 0.1034 0.2418 -0.1651 -0.3098 -0.3330 -0.2931 0.0036 0.1565 0.1145 -0.2438 -0.3243 -0.3242 -0.2084 0.0765 0.2364 -0.1338 -0.3055 -0.3331 -0.2937 0.0113 0.1758 0.0219 -0.2837 -0.3296 -0.3129 -0.0875 0.1171 0.2111 -0.2115 -0.3039 -0.2115 0.2111 0.1171 -0.0875 -0.3129 -0.3296 -0.2837 0.0219 0.1758 0.0113 -0.2937 -0.3331 -0.3055 -0.1338 0.2364 0.0765 -0.2084 -0.3242 -0.3243 -0.2438 0.1145 0.1565 0.0036 -0.2931 -0.3330 -0.3098 -0.1651 0.2418 0.1034 -0.1030 -0.3114 -0.3314 -0.2956 -0.0881 0.2232 0.0661 -0.2236 -0.3249 -0.3247 -0.2522 0.0730 0.1733 0.0209 -0.2846 -0.3321 -0.3143 -0.1887 0.2272 0.1203 -0.0907
0.1239 0.2064 -0.2034 -0.3171 -0.3310 -0.2752 0.0335 0.1898 0.0209 -0.2699 -0.3267 -0.3222 -0.1986 0.0754 0.2316 -0.1102 -0.2991 -0.3323 -0.3074 -0.0736 0.1124 0.2356 -0.1791 -0.3125 -0.3325 -0.2885 0.0149 0.1677 0.0824 -0.2524 -0.3251 -0.3233 -0.2027 0.0774 0.2364 -0.1319 -0.3048 -0.3331 -0.2954 0.0038 0.1658 0.0548 -0.2727 -0.3285 -0.3159 -0.1137 0.1086 0.2292 -0.2012 -0.3227 -0.3482 -0.3227 -0.2012 0.2292 0.1086 -0.1137 -0.3159 -0.3285 -0.2727 0.0548 0.1658 0.0038 -0.2954 -0.3331 -0.3048 -0.1319 0.2364 0.0774 -0.2027 -0.3233 -0.3251 -0.2524 0.0824 0.1677 0.0149 -0.2885 -0.3325 -0.3125 -0.1791 0.2356 0.1124 -0.0736 -0.3074 -0.3323 -0.2991 -0.1102 0.2316 0.0754 -0.1986 -0.3222 -0.3267 -0.2699 0.0209 0.1898 0.0335 -0.2752 -0.3310 -0.3171 -0.2034 0.2064 0.1239
0.1619 -0.2183 -0.3197 -0.3295 -0.2627 0.0449 0.2024 -0.0231 -0.2845 -0.3285 -0.3190 -0.1698 0.0844 0.2383 -0.1292 -0.3025 -0.3329 -0.3033 -0.0475 0.1223 0.2216 -0.1935 -0.3153 -0.3318 -0.2815 0.0264 0.1826 0.0420 -0.2644 -0.3263 -0.3219 -0.1913 0.0803 0.2376 -0.1338 -0.3048 -0.3331 -0.2962 -0.0011 0.1593 0.0806 -0.2626 -0.3273 -0.3184 -0.1382 0.1011 0.2385 -0.1877 -0.3168 -0.3428 -0.3318 -0.3428 -0.3168 -0.1877 0.2385 0.1011 -0.1382 -0.3184 -0.3273 -0.2626 0.0806 0.1593 -0.0011 -0.2962 -0.3331 -0.3048 -0.1338 0.2376 0.0803 -0.1913 -0.3219 -0.3263 -0.2644 0.0420 0.1826 0.0264 -0.2815 -0.3318 -0.3153 -0.1935 0.2216 0.1223 -0.0475 -0.3033 -0.3329 -0.3025 -0.1292 0.2383 0.0844 -0.1698 -0.3190 -0.3285 -0.2845 -0.0231 0.2024 0.0449 -0.2627 -0.3295 -0.3197 -0.2183 0.1619
-0.1933 -0.3225 -0.3276 -0.2465 0.0553 0.2126 -0.0579 -0.2916 -0.3300 -0.3156 -0.1385 0.0932 0.2423 -0.1463 -0.3058 -0.3332 -0.2992 -0.0252 0.1331 0.1976 -0.2083 -0.3180 -0.3305 -0.2715 0.0376 0.1960 0.0005 -0.2793 -0.3278 -0.3198 -0.1741 0.0848 0.2398 -0.1393 -0.3055 -0.3331 -0.2962 -0.0028 0.1560 0.0970 -0.2556 -0.3265 -0.3202 -0.1584 0.0948 0.2423 -0.1756 -0.3144 -0.3307 -0.2614 -0.0264 -0.2614 -0.3307 -0.3144 -0.1756 0.2423 0.0948 -0.1584 -0.3202 -0.3265 -0.2556 0.0970 0.1560 -0.0028 -0.2962 -0.3331 -0.3055 -0.1393 0.2398 0.0848 -0.1741 -0.3198 -0.3278 -0.2793 0.0005 0.1960 0.0376 -0.2715 -0.3305 -0.3180 -0.2083 0.1976 0.1331 -0.0252 -0.2992 -0.3332 -0.3058 -0.1463 0.2423 0.0932 -0.1385 -0.3156 -0.3300 -0.2916 -0.0579 0.2126 0.0553 -0.2465 -0.3276 -0.3225 -0.1933
-0.2716 -0.3256 -0.2263 0.0651 0.2222 -0.0853 -0.2952 -0.3312 -0.3118 -0.1067 0.1022 0.2423 -0.1621 -0.3090 -0.3331 -0.2952 -0.0063 0.1454 0.1619 -0.2234 -0.3206 -0.3289 -0.2579 0.0484 0.2058 -0.0364 -0.2893 -0.3291 -0.3172 -0.1509 0.0908 0.2420 -0.1476 -0.3068 -0.3331 -0.2954 -0.0011 0.1560 0.1027 -0.2520 -0.3259 -0.3213 -0.1727 0.0899 0.2429 -0.1650 -0.3121 -0.3318 -0.2742 0.0446 0.1221 0.0446 -0.2742 -0.3318 -0.3121 -0.1650 0.2429 0.0899 -0.1727 -0.3213 -0.3259 -0.2520 0.1027 0.1560 -0.0011 -0.2954 -0.3331 -0.3068 -0.1476 0.2420 0.0908 -0.1509 -0.3172 -0.3291 -0.2893 -0.0364 0.2058 0.0484 -0.2579 -0.3289 -0.3206 -0.2234 0.1619 0.1454 -0.0063 -0.2952 -0.3331 -0.3090 -0.1621 0.2423 0.1022 -0.1067 -0.3118 -0.3312 -0.2952 -0.0853 0.2222 0.0651 -0.2263 -0.3256 -0.2716
-0.2862 -0.2008 0.0743 0.2308 -0.1079 -0.2987 -0.3322 -0.3078 -0.0768 0.1114 0.2368 -0.1771 -0.3120 -0.3327 -0.2902 0.0098 0.1600 0.1149 -0.2391 -0.3230 -0.3268 -0.2404 0.0586 0.2158 -0.0675 -0.2928 -0.3305 -0.3140 -0.1237 0.0979 0.2429 -0.1581 -0.3086 -0.3330 -0.2937 0.0038 0.1593 0.0970 -0.2520 -0.3256 -0.3219 -0.1815 0.0865 0.2421 -0.1565 -0.3102 -0.3325 -0.2825 0.0358 0.1851 0.2149 0.1851 0.0358 -0.2825 -0.3325 -0.3102 -0.1565 0.2421 0.0865 -0.1815 -0.3219 -0.3256 -0.2520 0.0970 0.1593 0.0038 -0.2937 -0.3330 -0.3086 -0.1581 0.2429 0.0979 -0.1237 -0.3140 -0.3305 -0.2928 -0.0675 0.2158 0.0586 -0.2404 -0.3268 -0.3230 -0.2391 0.1149 0.1600 0.0098 -0.2902 -0.3327 -0.3120 -0.1771 0.2368 0.1114 -0.0768 -0.3078 -0.3322 -0.2987 -0.1079 0.2308 0.0743 -0.2008 -0.2862
-0.1964 0.0847 0.2377 -0.1272 -0.3021 -0.3329 -0.3037 -0.0502 0.1211 0.2237 -0.1918 -0.3150 -0.3319 -0.2829 0.0237 0.1772 0.0616 -0.2558 -0.3251 -0.3244 -0.2187 0.0681 0.2251 -0.0931 -0.2963 -0.3316 -0.3104 -0.0953 0.1059 0.2405 -0.1702 -0.3109 -0.3328 -0.2907 0.0113 0.1658 0.0806 -0.2556 -0.3259 -0.3219 -0.1846 0.0847 0.2412 -0.1506 -0.3088 -0.3328 -0.2874 0.0267 0.1954 -0.0153 -0.2292 -0.0153 0.1954 0.0267 -0.2874 -0.3328 -0.3088 -0.1506 0.2412 0.0847 -0.1846 -0.3219 -0.3259 -0.2556 0.0806 0.1658 0.0113 -0.2907 -0.3328 -0.3109 -0.1702 0.2405 0.1059 -0.0953 -0.3104 -0.3316 -0.2963 -0.0931 0.2251 0.0681 -0.2187 -0.3244 -0.3251 -0.2558 0.0616 0.1772 0.0237 -0.2829 -0.3319 -0.3150 -0.1918 0.2237 0.1211 -0.0502 -0.3037 -0.3329 -0.3021 -0.1272 0.2377 0.0847 -0.1964
0.0833 0.2420 -0.1444 -0.3054 -0.3332 -0.2997 -0.0275 0.1318 0.2009 -0.2066 -0.3177 -0.3307 -0.2729 0.0360 0.1931 0.0108 -0.2738 -0.3271 -0.3215 -0.1928 0.0773 0.2332 -0.1144 -0.2998 -0.3325 -0.3065 -0.0676 0.1146 0.2329 -0.1832 -0.3134 -0.3323 -0.2858 0.0205 0.1758 0.0548 -0.2626 -0.3265 -0.3213 -0.1815 0.0847 0.2408 -0.1475 -0.3079 -0.3330 -0.2904 0.0195 0.1862 -0.0030 -0.2889 -0.3213 -0.2889 -0.0030 0.1862 0.0195 -0.2904 -0.3330 -0.3079 -0.1475 0.2408 0.0847 -0.1815 -0.3213 -0.3265 -0.2626 0.0548 0.1758 0.0205 -0.2858 -0.3323 -0.3134 -0.1832 0.2329 0.1146 -0.0676 -0.3065 -0.3325 -0.2998 -0.1144 0.2332 0.0773 -0.1928 -0.3215 -0.3271 -0.2738 0.0108 0.1931 0.0360 -0.2729 -0.3307 -0.3177 -0.2066 0.2009 0.1318 -0.0275 -0.2997 -0.3332 -0.3054 -0.1444 0.2420 0.0833
0.2293 -0.1603 -0.3086 -0.3332 -0.2957 -0.0083 0.1439 0.1665 -0.2216 -0.3203 -0.3291 -0.2596 0.0472 0.2046 -0.0312 -0.2869 -0.3288 -0.3183 -0.1633 0.0862 0.2394 -0.1330 -0.3032 -0.3330 -0.3024 -0.0424 0.1245 0.2173 -0.1969 -0.3160 -0.3315 -0.2785 0.0306 0.1882 0.0219 -0.2727 -0.3273 -0.3202 -0.1727 0.0865 0.2412 -0.1475 -0.3076 -0.3330 -0.2920 0.0144 0.1774 0.0238 -0.2831 -0.3354 -0.3529 -0.3354 -0.2831 0.0238 0.1774 0.0144 -0.2920 -0.3330 -0.3076 -0.1475 0.2412 0.0865 -0.1727 -0.3202 -0.3273 -0.2727 0.0219 0.1882 0.0306 -0.2785 -0.3315 -0.3160 -0.1969 0.2173 0.1245 -0.0424 -0.3024 -0.3330 -0.3032 -0.1330 0.2394 0.0862 -0.1633 -0.3183 -0.3288 -0.2869 -0.0312 0.2046 0.0472 -0.2596 -0.3291 -0.3203 -0.2216 0.1665 0.1439 -0.0083 -0.2957 -0.3332 -0.3086 -0.1603 0.2293
-0.1520 -0.3120 -0.3328 -0.2908 0.0081 0.1582 0.1207 -0.2373 -0.3227 -0.3271 -0.2425 0.0574 0.2147 -0.0642 -0.2923 -0.3303 -0.3148 -0.1317 0.0951 0.2427 -0.1497 -0.3065 -0.3332 -0.2984 -0.0209 0.1355 0.1911 -0.2114 -0.3186 -0.3302 -0.2683 0.0408 0.1991 -0.0133 -0.2837 -0.3285 -0.3184 -0.1584 0.0899 0.2421 -0.1506 -0.3079 -0.3330 -0.2925 0.0116 0.1721 0.0430 -0.2746 -0.3283 -0.3309 -0.2821 -0.3309 -0.3283 -0.2746 0.0430 0.1721 0.0116 -0.2925 -0.3330 -0.3079 -0.1506 0.2421 0.0899 -0.1584 -0.3184 -0.3285 -0.2837 -0.0133 0.1991 0.0408 -0.2683 -0.3302 -0.3186 -0.2114 0.1911 0.1355 -0.0209 -0.2984 -0.3332 -0.3065 -0.1497 0.2427 0.0951 -0.1317 -0.3148 -0.3303 -0.2923 -0.0642 0.2147 0.0574 -0.2425 -0.3271 -0.3227 -0.2373 0.1207 0.1582 0.0081 -0.2908 -0.3328 -0.3120 -0.1520
-0.2594 -0.3323 -0.2839 0.0222 0.1751 0.0677 -0.2539 -0.3249 -0.3247 -0.2213 0.0671 0.2241 -0.0905 -0.2959 -0.3315 -0.3110 -0.1002 0.1041 0.2417 -0.1653 -0.3096 -0.3331 -0.2943 -0.0027 0.1483 0.1529 -0.2266 -0.3211 -0.3285 -0.2544 0.0508 0.2084 -0.0458 -0.2904 -0.3296 -0.3159 -0.1382 0.0948 0.2429 -0.1565 -0.3088 -0.3330 -0.2920 0.0116 0.1703 0.0531 -0.2692 -0.3277 -0.3174 -0.1316 0.0441 -0.1316 -0.3174 -0.3277 -0.2692 0.0531 0.1703 0.0116 -0.2920 -0.3330 -0.3088 -0.1565 0.2429 0.0948 -0.1382 -0.3159 -0.3296 -0.2904 -0.0458 0.2084 0.0508 -0.2544 -0.3285 -0.3211 -0.2266 0.1529 0.1483 -0.0027 -0.2943 -0.3331 -0.3096 -0.1653 0.2417 0.1041 -0.1002 -0.3110 -0.3315 -0.2959 -0.0905 0.2241 0.0671 -0.2213 -0.3247 -0.3249 -0.2539 0.0677 0.1751 0.0222 -0.2839 -0.3323 -0.2594
-0.2889 -0.2742 0.0346 0.1913 0.0162 -0.2717 -0.3269 -0.3219 -0.1959 0.0763 0.2324 -0.1122 -0.2994 -0.3324 -0.3070 -0.0708 0.1134 0.2347 -0.1802 -0.3127 -0.3326 -0.2888 0.0129 0.1634 0.1039 -0.2426 -0.3234 -0.3264 -0.2361 0.0606 0.2179 -0.0739 -0.2937 -0.3308 -0.3129 -0.1137 0.1011 0.2423 -0.1650 -0.3102 -0.3328 -0.2904 0.0144 0.1721 0.0531 -0.2673 -0.3274 -0.3187 -0.1486 0.0934 0.1865 0.0934 -0.1486 -0.3187 -0.3274 -0.2673 0.0531 0.1721 0.0144 -0.2904 -0.3328 -0.3102 -0.1650 0.2423 0.1011 -0.1137 -0.3129 -0.3308 -0.2937 -0.0739 0.2179 0.0606 -0.2361 -0.3264 -0.3234 -0.2426 0.1039 0.1634 0.0129 -0.2888 -0.3326 -0.3127 -0.1802 0.2347 0.1134 -0.0708 -0.3070 -0.3324 -0.2994 -0.1122 0.2324 0.0763 -0.1959 -0.3219 -0.3269 -0.2717 0.0162 0.1913 0.0346 -0.2742 -0.2889
-0.2548 0.0472 0.2034 -0.0270 -0.2856 -0.3286 -0.3187 -0.1668 0.0852 0.2388 -0.1310 -0.3028 -0.3330 -0.3029 -0.0451 0.1233 0.2198 -0.1949 -0.3155 -0.3317 -0.2810 0.0264 0.1813 0.0504 -0.2595 -0.3256 -0.3238 -0.2136 0.0701 0.2270 -0.0979 -0.2971 -0.3318 -0.3095 -0.0875 0.1086 0.2385 -0.1756 -0.3121 -0.3325 -0.2874 0.0195 0.1774 0.0430 -0.2692 -0.3274 -0.3192 -0.1567 0.0935 0.2439 -0.0203 0.2439 0.0935 -0.1567 -0.3192 -0.3274 -0.2692 0.0430 0.1774 0.0195 -0.2874 -0.3325 -0.3121 -0.1756 0.2385 0.1086 -0.0875 -0.3095 -0.3318 -0.2971 -0.0979 0.2270 0.0701 -0.2136 -0.3238 -0.3256 -0.2595 0.0504 0.1813 0.0264 -0.2810 -0.3317 -0.3155 -0.1949 0.2198 0.1233 -0.0451 -0.3029 -0.3330 -0.3028 -0.1310 0.2388 0.0852 -0.1668 -0.3187 -0.3286 -0.2856 -0.0270 0.2034 0.0472 -0.2548
0.0420 0.2137 -0.0611 -0.2919 -0.3300 -0.3151 -0.1353 0.0941 0.2425 -0.1479 -0.3061 -0.3331 -0.2988 -0.0231 0.1343 0.1945 -0.2098 -0.3182 -0.3303 -0.2703 0.0385 0.1965 0.0009 -0.2779 -0.3274 -0.3207 -0.1868 0.0792 0.2347 -0.1186 -0.3005 -0.3325 -0.3055 -0.0615 0.1171 0.2292 -0.1877 -0.3144 -0.3318 -0.2825 0.0267 0.1862 0.0238 -0.2746 -0.3277 -0.3187 -0.1567 0.0925 0.2428 -0.1589 -0.2891 -0.1589 0.2428 0.0925 -0.1567 -0.3187 -0.3277 -0.2746 0.0238 0.1862 0.0267 -0.2825 -0.3318 -0.3144 -0.1877 0.2292 0.1171 -0.0615 -0.3055 -0.3325 -0.3005 -0.1186 0.2347 0.0792 -0.1868 -0.3207 -0.3274 -0.2779 0.0009 0.1965 0.0385 -0.2703 -0.3303 -0.3182 -0.2098 0.1945 0.1343 -0.0231 -0.2988 -0.3331 -0.3061 -0.1479 0.2425 0.0941 -0.1353 -0.3151 -0.3300 -0.2919 -0.0611 0.2137 0.0420
0.2133 -0.0887 -0.2957 -0.3313 -0.3110 -0.1018 0.1030 0.2419 -0.1640 -0.3094 -0.3329 -0.2944 -0.0037 0.1461 0.1562 -0.2253 -0.3209 -0.3284 -0.2553 0.0498 0.2071 -0.0400 -0.2896 -0.3291 -0.3172 -0.1548 0.0882 0.2405 -0.1371 -0.3040 -0.3329 -0.3012 -0.0363 0.1265 0.2111 -0.2012 -0.3168 -0.3307 -0.2742 0.0358 0.1954 -0.0030 -0.2831 -0.3283 -0.3174 -0.1486 0.0935 0.2428 -0.1623 -0.3126 -0.3402 -0.3126 -0.1623 0.2428 0.0935 -0.1486 -0.3174 -0.3283 -0.2831 -0.0030 0.1954 0.0358 -0.2742 -0.3307 -0.3168 -0.2012 0.2111 0.1265 -0.0363 -0.3012 -0.3329 -0.3040 -0.1371 0.2405 0.0882 -0.1548 -0.3172 -0.3291 -0.2896 -0.0400 0.2071 0.0498 -0.2553 -0.3284 -0.3209 -0.2253 0.1562 0.1461 -0.0037 -0.2944 -0.3329 -0.3094 -0.1640 0.2419 0.1030 -0.1018 -0.3110 -0.3313 -0.2957 -0.0887 0.2133
-0.0898 -0.3000 -0.3404 -0.3209 -0.0690 0.1075 0.2403 -0.1744 -0.3146 -0.3440 -0.2931 0.0127 0.1477 0.1304 -0.2374 -0.3275 -0.3408 -0.2335 0.0589 0.2003 -0.0595 -0.2932 -0.3375 -0.3288 -0.1186 0.0938 0.2435 -0.1481 -0.3088 -0.3432 -0.3061 -0.0141 0.1293 0.1975 -0.2115 -0.3227 -0.3428 -0.2614 0.0446 0.1851 -0.0153 -0.2889 -0.3354 -0.3309 -0.1316 0.0934 0.2439 -0.1589 -0.3126 -0.3542 -0.3599 -0.3542 -0.3126 -0.1589 0.2439 0.0934 -0.1316 -0.3309 -0.3354 -0.2889 -0.0153 0.1851 0.0446 -0.2614 -0.3428 -0.3227 -0.2115 0.1975 0.1293 -0.0141 -0.3061 -0.3432 -0.3088 -0.1481 0.2435 0.0938 -0.1186 -0.3288 -0.3375 -0.2932 -0.0595 0.2003 0.0589 -0.2335 -0.3408 -0.3275 -0.2374 0.1304 0.1477 0.0127 -0.2931 -0.3440 -0.3146 -0.1744 0.2403 0.1075 -0.0690 -0.3209 -0.3404 -0.3000 -0.0898
-0.2149 -0.3319 -0.3525 -0.2270 0.0633 0.2047 -0.0744 -0.2939 -0.3429 -0.3433 -0.0929 0.0979 0.2321 -0.1724 -0.3104 -0.3509 -0.3217 0.0009 0.1370 0.1818 -0.2429 -0.3254 -0.3535 -0.2676 0.0487 0.1883 -0.0130 -0.2869 -0.3384 -0.3483 -0.1492 0.0833 0.2249 -0.1369 -0.3039 -0.3482 -0.3318 -0.0264 0.1221 0.2149 -0.2292 -0.3213 -0.3529 -0.2821 0.0441 0.1865 -0.0203 -0.2891 -0.3402 -0.3599 -0.2831 -0.3599 -0.3402 -0.2891 -0.0203 0.1865 0.0441 -0.2821 -0.3529 -0.3213 -0.2292 0.2149 0.1221 -0.0264 -0.3318 -0.3482 -0.3039 -0.1369 0.2249 0.0833 -0.1492 -0.3483 -0.3384 -0.2869 -0.0130 0.1883 0.0487 -0.2676 -0.3535 -0.3254 -0.2429 0.1818 0.1370 0.0009 -0.3217 -0.3509 -0.3104 -0.1724 0.2321 0.0979 -0.0929 -0.3433 -0.3429 -0.2939 -0.0744 0.2047 0.0633 -0.2270 -0.3525 -0.3319 -0.2149
