-0.2460 -0.0607 0.1388 0.1112 -0.2056 -0.2749 -0.2842 -0.1663 0.0956 0.2216 -0.1656 -0.2635 -0.2886 -0.2422 0.0557 0.2222 -0.1173 -0.2498 -0.2878 -0.2689 0.0063 0.1882 -0.0332 -0.2344 -0.2824 -0.2773 -0.0736 0.1313 0.1371 -0.1997 -0.2734 -0.2852 -0.1815 0.0896 0.2265 -0.1591 -0.2615 -0.2888 -0.2489 0.0492 0.2181 -0.1081 -0.2475 -0.2873 -0.2702 -0.0032 0.1795 -0.0130 -0.2320 -0.2851 -0.3079 -0.2851 -0.2320 -0.0130 0.1795 -0.0032 -0.2702 -0.2873 -0.2475 -0.1081 0.2181 0.0492 -0.2489 -0.2888 -0.2615 -0.1591 0.2265 0.0896 -0.1815 -0.2852 -0.2734 -0.1997 0.1371 0.1313 -0.0736 -0.2773 -0.2824 -0.2344 -0.0332 0.1882 0.0063 -0.2689 -0.2878 -0.2498 -0.1173 0.2222 0.0557 -0.2422 -0.2886 -0.2635 -0.1656 0.2216 0.0956 -0.1663 -0.2842 -0.2749 -0.2056 0.1112 0.1388 -0.0607 -0.2460
-0.0607 0.1403 0.1564 -0.2391 -0.3252 -0.3219 -0.1648 0.0957 0.2419 -0.1788 -0.3156 -0.3309 -0.2577 0.0598 0.2251 -0.1145 -0.3035 -0.3336 -0.2946 0.0141 0.1813 0.0009 -0.2897 -0.3309 -0.3105 -0.0636 0.1267 0.1877 -0.2281 -0.3240 -0.3239 -0.1830 0.0904 0.2428 -0.1699 -0.3139 -0.3317 -0.2664 0.0539 0.2197 -0.1023 -0.3015 -0.3334 -0.2972 0.0052 0.1703 0.0291 -0.2828 -0.3301 -0.3272 -0.2559 -0.3272 -0.3301 -0.2828 0.0291 0.1703 0.0052 -0.2972 -0.3334 -0.3015 -0.1023 0.2197 0.0539 -0.2664 -0.3317 -0.3139 -0.1699 0.2428 0.0904 -0.1830 -0.3239 -0.3240 -0.2281 0.1877 0.1267 -0.0636 -0.3105 -0.3309 -0.2897 0.0009 0.1813 0.0141 -0.2946 -0.3336 -0.3035 -0.1145 0.2251 0.0598 -0.2577 -0.3309 -0.3156 -0.1788 0.2419 0.0957 -0.1648 -0.3219 -0.3252 -0.2391 0.1564 0.1403 -0.0607
0.1388 0.1564 -0.2331 -0.3233 -0.3234 -0.1922 0.0859 0.2426 -0.1642 -0.3124 -0.3318 -0.2716 0.0483 0.2158 -0.0930 -0.2998 -0.3330 -0.2984 -0.0028 0.1633 0.0505 -0.2778 -0.3291 -0.3140 -0.0939 0.1153 0.2154 -0.2129 -0.3213 -0.3261 -0.2112 0.0800 0.2408 -0.1546 -0.3106 -0.3323 -0.2781 0.0419 0.2099 -0.0785 -0.2977 -0.3327 -0.3008 -0.0133 0.1541 0.0822 -0.2668 -0.3281 -0.3157 -0.1061 0.0525 -0.1061 -0.3157 -0.3281 -0.2668 0.0822 0.1541 -0.0133 -0.3008 -0.3327 -0.2977 -0.0785 0.2099 0.0419 -0.2781 -0.3323 -0.3106 -0.1546 0.2408 0.0800 -0.2112 -0.3261 -0.3213 -0.2129 0.2154 0.1153 -0.0939 -0.3140 -0.3291 -0.2778 0.0505 0.1633 -0.0028 -0.2984 -0.3330 -0.2998 -0.0930 0.2158 0.0483 -0.2716 -0.3318 -0.3124 -0.1642 0.2426 0.0859 -0.1922 -0.3234 -0.3233 -0.2331 0.1564 0.1388
0.1112 -0.2391 -0.3233 -0.3240 -0.2071 0.0796 0.2399 -0.1502 -0.3095 -0.3325 -0.2817 0.0374 0.2058 -0.0675 -0.2963 -0.3325 -0.3024 -0.0209 0.1483 0.1039 -0.2595 -0.3275 -0.3176 -0.1249 0.1060 0.2323 -0.1981 -0.3188 -0.3283 -0.2341 0.0710 0.2354 -0.1383 -0.3075 -0.3330 -0.2867 0.0303 0.1997 -0.0494 -0.2942 -0.3320 -0.3048 -0.0332 0.1405 0.1339 -0.2494 -0.3264 -0.3194 -0.1419 0.0972 0.1924 0.0972 -0.1419 -0.3194 -0.3264 -0.2494 0.1339 0.1405 -0.0332 -0.3048 -0.3320 -0.2942 -0.0494 0.1997 0.0303 -0.2867 -0.3330 -0.3075 -0.1383 0.2354 0.0710 -0.2341 -0.3283 -0.3188 -0.1981 0.2323 0.1060 -0.1249 -0.3176 -0.3275 -0.2595 0.1039 0.1483 -0.0209 -0.3024 -0.3325 -0.2963 -0.0675 0.2058 0.0374 -0.2817 -0.3325 -0.3095 -0.1502 0.2399 0.0796 -0.2071 -0.3240 -0.3233 -0.2391 0.1112
-0.2056 -0.3252 -0.3234 -0.2071 0.0771 0.2373 -0.1391 -0.3070 -0.3328 -0.2888 0.0258 0.1956 -0.0359 -0.2928 -0.3316 -0.3065 -0.0424 0.1355 0.1529 -0.2426 -0.3256 -0.3209 -0.1568 0.0970 0.2408 -0.1834 -0.3161 -0.3301 -0.2529 0.0616 0.2278 -0.1204 -0.3042 -0.3332 -0.2928 0.0172 0.1858 -0.0123 -0.2906 -0.3309 -0.3089 -0.0569 0.1288 0.1769 -0.2330 -0.3243 -0.3227 -0.1748 0.0918 0.2440 -0.0301 0.2440 0.0918 -0.1748 -0.3227 -0.3243 -0.2330 0.1769 0.1288 -0.0569 -0.3089 -0.3309 -0.2906 -0.0123 0.1858 0.0172 -0.2928 -0.3332 -0.3042 -0.1204 0.2278 0.0616 -0.2529 -0.3301 -0.3161 -0.1834 0.2408 0.0970 -0.1568 -0.3209 -0.3256 -0.2426 0.1529 0.1355 -0.0424 -0.3065 -0.3316 -0.2928 -0.0359 0.1956 0.0258 -0.2888 -0.3328 -0.3070 -0.1391 0.2373 0.0771 -0.2071 -0.3234 -0.3252 -0.2056
-0.2749 -0.3219 -0.1922 0.0796 0.2373 -0.1348 -0.3055 -0.3328 -0.2931 0.0146 0.1824 0.0018 -0.2891 -0.3304 -0.3105 -0.0678 0.1245 0.1911 -0.2266 -0.3234 -0.3238 -0.1868 0.0881 0.2429 -0.1685 -0.3133 -0.3314 -0.2677 0.0516 0.2188 -0.1001 -0.3009 -0.3331 -0.2972 0.0024 0.1686 0.0343 -0.2814 -0.3296 -0.3128 -0.0845 0.1185 0.2081 -0.2176 -0.3221 -0.3254 -0.2031 0.0829 0.2419 -0.1547 -0.2886 -0.1547 0.2419 0.0829 -0.2031 -0.3254 -0.3221 -0.2176 0.2081 0.1185 -0.0845 -0.3128 -0.3296 -0.2814 0.0343 0.1686 0.0024 -0.2972 -0.3331 -0.3009 -0.1001 0.2188 0.0516 -0.2677 -0.3314 -0.3133 -0.1685 0.2429 0.0881 -0.1868 -0.3238 -0.3234 -0.2266 0.1911 0.1245 -0.0678 -0.3105 -0.3304 -0.2891 0.0018 0.1824 0.0146 -0.2931 -0.3328 -0.3055 -0.1348 0.2373 0.0796 -0.1922 -0.3219 -0.2749
-0.2842 -0.1648 0.0859 0.2399 -0.1391 -0.3055 -0.3328 -0.2951 0.0058 0.1693 0.0408 -0.2794 -0.3291 -0.3140 -0.0959 0.1146 0.2173 -0.2114 -0.3211 -0.3264 -0.2136 0.0792 0.2404 -0.1531 -0.3103 -0.3324 -0.2790 0.0409 0.2089 -0.0760 -0.2974 -0.3327 -0.3012 -0.0150 0.1527 0.0874 -0.2650 -0.3280 -0.3165 -0.1151 0.1089 0.2280 -0.2026 -0.3196 -0.3277 -0.2274 0.0738 0.2374 -0.1440 -0.3102 -0.3395 -0.3102 -0.1440 0.2374 0.0738 -0.2274 -0.3277 -0.3196 -0.2026 0.2280 0.1089 -0.1151 -0.3165 -0.3280 -0.2650 0.0874 0.1527 -0.0150 -0.3012 -0.3327 -0.2974 -0.0760 0.2089 0.0409 -0.2790 -0.3324 -0.3103 -0.1531 0.2404 0.0792 -0.2136 -0.3264 -0.3211 -0.2114 0.2173 0.1146 -0.0959 -0.3140 -0.3291 -0.2794 0.0408 0.1693 0.0058 -0.2951 -0.3328 -0.3055 -0.1391 0.2399 0.0859 -0.1648 -0.2842
-0.1663 0.0957 0.2426 -0.1502 -0.3070 -0.3328 -0.2951 0.0025 0.1626 0.0704 -0.2666 -0.3278 -0.3170 -0.1238 0.1059 0.2329 -0.1969 -0.3186 -0.3285 -0.2361 0.0701 0.2347 -0.1366 -0.3072 -0.3330 -0.2874 0.0291 0.1986 -0.0461 -0.2939 -0.3319 -0.3052 -0.0354 0.1393 0.1387 -0.2477 -0.3262 -0.3199 -0.1470 0.0997 0.2389 -0.1879 -0.3170 -0.3296 -0.2475 0.0645 0.2303 -0.1262 -0.3054 -0.3435 -0.3472 -0.3435 -0.3054 -0.1262 0.2303 0.0645 -0.2475 -0.3296 -0.3170 -0.1879 0.2389 0.0997 -0.1470 -0.3199 -0.3262 -0.2477 0.1387 0.1393 -0.0354 -0.3052 -0.3319 -0.2939 -0.0461 0.1986 0.0291 -0.2874 -0.3330 -0.3072 -0.1366 0.2347 0.0701 -0.2361 -0.3285 -0.3186 -0.1969 0.2329 0.1059 -0.1238 -0.3170 -0.3278 -0.2666 0.0704 0.1626 0.0025 -0.2951 -0.3328 -0.3070 -0.1502 0.2426 0.0957 -0.1663
0.0956 0.2419 -0.1642 -0.3095 -0.3328 -0.2931 0.0058 0.1626 0.0812 -0.2598 -0.3268 -0.3190 -0.1478 0.0985 0.2404 -0.1834 -0.3160 -0.3301 -0.2543 0.0607 0.2270 -0.1186 -0.3039 -0.3332 -0.2933 0.0159 0.1843 -0.0081 -0.2902 -0.3308 -0.3093 -0.0595 0.1278 0.1805 -0.2315 -0.3241 -0.3230 -0.1778 0.0908 0.2428 -0.1731 -0.3142 -0.3311 -0.2635 0.0548 0.2217 -0.1067 -0.3019 -0.3330 -0.3033 -0.1351 -0.3033 -0.3330 -0.3019 -0.1067 0.2217 0.0548 -0.2635 -0.3311 -0.3142 -0.1731 0.2428 0.0908 -0.1778 -0.3230 -0.3241 -0.2315 0.1805 0.1278 -0.0595 -0.3093 -0.3308 -0.2902 -0.0081 0.1843 0.0159 -0.2933 -0.3332 -0.3039 -0.1186 0.2270 0.0607 -0.2543 -0.3301 -0.3160 -0.1834 0.2404 0.0985 -0.1478 -0.3190 -0.3268 -0.2598 0.0812 0.1626 0.0058 -0.2931 -0.3328 -0.3095 -0.1642 0.2419 0.0956
0.2216 -0.1788 -0.3124 -0.3325 -0.2888 0.0146 0.1693 0.0704 -0.2598 -0.3264 -0.3201 -0.1640 0.0928 0.2427 -0.1715 -0.3135 -0.3313 -0.2680 0.0510 0.2180 -0.0981 -0.3005 -0.3331 -0.2976 0.0008 0.1669 0.0393 -0.2802 -0.3295 -0.3132 -0.0874 0.1175 0.2105 -0.2161 -0.3218 -0.3256 -0.2057 0.0820 0.2415 -0.1579 -0.3112 -0.3322 -0.2758 0.0443 0.2120 -0.0839 -0.2985 -0.3327 -0.2996 -0.0069 0.0868 -0.0069 -0.2996 -0.3327 -0.2985 -0.0839 0.2120 0.0443 -0.2758 -0.3322 -0.3112 -0.1579 0.2415 0.0820 -0.2057 -0.3256 -0.3218 -0.2161 0.2105 0.1175 -0.0874 -0.3132 -0.3295 -0.2802 0.0393 0.1669 0.0008 -0.2976 -0.3331 -0.3005 -0.0981 0.2180 0.0510 -0.2680 -0.3313 -0.3135 -0.1715 0.2427 0.0928 -0.1640 -0.3201 -0.3264 -0.2598 0.0704 0.1693 0.0146 -0.2888 -0.3325 -0.3124 -0.1788 0.2216
-0.1656 -0.3156 -0.3318 -0.2817 0.0258 0.1824 0.0408 -0.2666 -0.3268 -0.3201 -0.1696 0.0897 0.2427 -0.1622 -0.3114 -0.3320 -0.2777 0.0414 0.2088 -0.0746 -0.2971 -0.3326 -0.3015 -0.0168 0.1513 0.0927 -0.2633 -0.3279 -0.3169 -0.1182 0.1080 0.2295 -0.2012 -0.3194 -0.3279 -0.2296 0.0729 0.2367 -0.1419 -0.3081 -0.3329 -0.2851 0.0329 0.2018 -0.0561 -0.2950 -0.3322 -0.3039 -0.0275 0.1334 0.2274 0.1334 -0.0275 -0.3039 -0.3322 -0.2950 -0.0561 0.2018 0.0329 -0.2851 -0.3329 -0.3081 -0.1419 0.2367 0.0729 -0.2296 -0.3279 -0.3194 -0.2012 0.2295 0.1080 -0.1182 -0.3169 -0.3279 -0.2633 0.0927 0.1513 -0.0168 -0.3015 -0.3326 -0.2971 -0.0746 0.2088 0.0414 -0.2777 -0.3320 -0.3114 -0.1622 0.2427 0.0897 -0.1696 -0.3201 -0.3268 -0.2666 0.0408 0.1824 0.0258 -0.2817 -0.3318 -0.3156 -0.1656
-0.2635 -0.3309 -0.2716 0.0374 0.1956 0.0018 -0.2794 -0.3278 -0.3190 -0.1640 0.0897 0.2424 -0.1570 -0.3100 -0.3324 -0.2842 0.0324 0.2002 -0.0484 -0.2939 -0.3318 -0.3055 -0.0373 0.1381 0.1433 -0.2461 -0.3260 -0.3202 -0.1501 0.0989 0.2396 -0.1865 -0.3167 -0.3297 -0.2492 0.0636 0.2295 -0.1244 -0.3049 -0.3332 -0.2917 0.0201 0.1890 -0.0209 -0.2913 -0.3312 -0.3081 -0.0516 0.1308 0.1844 -0.1456 0.1844 0.1308 -0.0516 -0.3081 -0.3312 -0.2913 -0.0209 0.1890 0.0201 -0.2917 -0.3332 -0.3049 -0.1244 0.2295 0.0636 -0.2492 -0.3297 -0.3167 -0.1865 0.2396 0.0989 -0.1501 -0.3202 -0.3260 -0.2461 0.1433 0.1381 -0.0373 -0.3055 -0.3318 -0.2939 -0.0484 0.2002 0.0324 -0.2842 -0.3324 -0.3100 -0.1570 0.2424 0.0897 -0.1640 -0.3190 -0.3278 -0.2794 0.0018 0.1956 0.0374 -0.2716 -0.3309 -0.2635
-0.2886 -0.2577 0.0483 0.2058 -0.0359 -0.2891 -0.3291 -0.3170 -0.1478 0.0928 0.2427 -0.1570 -0.3094 -0.3326 -0.2877 0.0251 0.1928 -0.0208 -0.2909 -0.3309 -0.3091 -0.0603 0.1272 0.1833 -0.2300 -0.3239 -0.3232 -0.1807 0.0900 0.2428 -0.1717 -0.3139 -0.3312 -0.2649 0.0538 0.2208 -0.1046 -0.3016 -0.3332 -0.2964 0.0057 0.1723 0.0237 -0.2838 -0.3299 -0.3120 -0.0784 0.1206 0.2015 -0.2173 -0.3054 -0.2173 0.2015 0.1206 -0.0784 -0.3120 -0.3299 -0.2838 0.0237 0.1723 0.0057 -0.2964 -0.3332 -0.3016 -0.1046 0.2208 0.0538 -0.2649 -0.3312 -0.3139 -0.1717 0.2428 0.0900 -0.1807 -0.3232 -0.3239 -0.2300 0.1833 0.1272 -0.0603 -0.3091 -0.3309 -0.2909 -0.0208 0.1928 0.0251 -0.2877 -0.3326 -0.3094 -0.1570 0.2427 0.0928 -0.1478 -0.3170 -0.3291 -0.2891 -0.0359 0.2058 0.0483 -0.2577 -0.2886
-0.2422 0.0598 0.2158 -0.0675 -0.2928 -0.3304 -0.3140 -0.1238 0.0985 0.2427 -0.1622 -0.3100 -0.3326 -0.2888 0.0209 0.1862 0.0036 -0.2880 -0.3299 -0.3123 -0.0843 0.1179 0.2107 -0.2153 -0.3216 -0.3258 -0.2083 0.0811 0.2412 -0.1564 -0.3109 -0.3322 -0.2769 0.0432 0.2111 -0.0815 -0.2981 -0.3328 -0.3003 -0.0111 0.1558 0.0760 -0.2689 -0.3284 -0.3158 -0.1085 0.1108 0.2246 -0.2061 -0.3238 -0.3489 -0.3238 -0.2061 0.2246 0.1108 -0.1085 -0.3158 -0.3284 -0.2689 0.0760 0.1558 -0.0111 -0.3003 -0.3328 -0.2981 -0.0815 0.2111 0.0432 -0.2769 -0.3322 -0.3109 -0.1564 0.2412 0.0811 -0.2083 -0.3258 -0.3216 -0.2153 0.2107 0.1179 -0.0843 -0.3123 -0.3299 -0.2880 0.0036 0.1862 0.0209 -0.2888 -0.3326 -0.3100 -0.1622 0.2427 0.0985 -0.1238 -0.3140 -0.3304 -0.2928 -0.0675 0.2158 0.0598 -0.2422
0.0557 0.2251 -0.0930 -0.2963 -0.3316 -0.3105 -0.0959 0.1059 0.2404 -0.1715 -0.3114 -0.3324 -0.2877 0.0209 0.1830 0.0178 -0.2833 -0.3290 -0.3146 -0.1065 0.1102 0.2274 -0.2021 -0.3193 -0.3279 -0.2312 0.0722 0.2362 -0.1402 -0.3078 -0.3329 -0.2858 0.0317 0.2008 -0.0530 -0.2946 -0.3321 -0.3044 -0.0308 0.1419 0.1284 -0.2513 -0.3266 -0.3192 -0.1403 0.1016 0.2373 -0.1910 -0.3176 -0.3426 -0.3300 -0.3426 -0.3176 -0.1910 0.2373 0.1016 -0.1403 -0.3192 -0.3266 -0.2513 0.1284 0.1419 -0.0308 -0.3044 -0.3321 -0.2946 -0.0530 0.2008 0.0317 -0.2858 -0.3329 -0.3078 -0.1402 0.2362 0.0722 -0.2312 -0.3279 -0.3193 -0.2021 0.2274 0.1102 -0.1065 -0.3146 -0.3290 -0.2833 0.0178 0.1830 0.0209 -0.2877 -0.3324 -0.3114 -0.1715 0.2404 0.1059 -0.0959 -0.3105 -0.3316 -0.2963 -0.0930 0.2251 0.0557
0.2222 -0.1145 -0.2998 -0.3325 -0.3065 -0.0678 0.1146 0.2329 -0.1834 -0.3135 -0.3320 -0.2842 0.0251 0.1862 0.0178 -0.2803 -0.3286 -0.3161 -0.1240 0.1041 0.2364 -0.1905 -0.3171 -0.3295 -0.2491 0.0633 0.2291 -0.1229 -0.3046 -0.3332 -0.2922 0.0188 0.1875 -0.0170 -0.2910 -0.3311 -0.3085 -0.0541 0.1301 0.1727 -0.2348 -0.3246 -0.3223 -0.1715 0.0927 0.2424 -0.1763 -0.3148 -0.3305 -0.2571 -0.0209 -0.2571 -0.3305 -0.3148 -0.1763 0.2424 0.0927 -0.1715 -0.3223 -0.3246 -0.2348 0.1727 0.1301 -0.0541 -0.3085 -0.3311 -0.2910 -0.0170 0.1875 0.0188 -0.2922 -0.3332 -0.3046 -0.1229 0.2291 0.0633 -0.2491 -0.3295 -0.3171 -0.1905 0.2364 0.1041 -0.1240 -0.3161 -0.3286 -0.2803 0.0178 0.1862 0.0251 -0.2842 -0.3320 -0.3135 -0.1834 0.2329 0.1146 -0.0678 -0.3065 -0.3325 -0.2998 -0.1145 0.2222
-0.1173 -0.3035 -0.3330 -0.3024 -0.0424 0.1245 0.2173 -0.1969 -0.3160 -0.3313 -0.2777 0.0324 0.1928 0.0036 -0.2833 -0.3286 -0.3167 -0.1334 0.1004 0.2403 -0.1810 -0.3151 -0.3307 -0.2625 0.0546 0.2210 -0.1043 -0.3014 -0.3331 -0.2967 0.0041 0.1706 0.0286 -0.2827 -0.3298 -0.3124 -0.0812 0.1196 0.2051 -0.2193 -0.3223 -0.3251 -0.2001 0.0839 0.2421 -0.1612 -0.3119 -0.3318 -0.2727 0.0466 0.1239 0.0466 -0.2727 -0.3318 -0.3119 -0.1612 0.2421 0.0839 -0.2001 -0.3251 -0.3223 -0.2193 0.2051 0.1196 -0.0812 -0.3124 -0.3298 -0.2827 0.0286 0.1706 0.0041 -0.2967 -0.3331 -0.3014 -0.1043 0.2210 0.0546 -0.2625 -0.3307 -0.3151 -0.1810 0.2403 0.1004 -0.1334 -0.3167 -0.3286 -0.2833 0.0036 0.1928 0.0324 -0.2777 -0.3313 -0.3160 -0.1969 0.2173 0.1245 -0.0424 -0.3024 -0.3330 -0.3035 -0.1173
-0.2498 -0.3336 -0.2984 -0.0209 0.1355 0.1911 -0.2114 -0.3186 -0.3301 -0.2680 0.0414 0.2002 -0.0208 -0.2880 -0.3290 -0.3161 -0.1334 0.0991 0.2416 -0.1749 -0.3136 -0.3314 -0.2717 0.0466 0.2130 -0.0842 -0.2983 -0.3327 -0.3005 -0.0125 0.1545 0.0813 -0.2671 -0.3282 -0.3161 -0.1116 0.1099 0.2263 -0.2043 -0.3199 -0.3274 -0.2249 0.0749 0.2380 -0.1454 -0.3088 -0.3327 -0.2834 0.0359 0.1862 0.2130 0.1862 0.0359 -0.2834 -0.3327 -0.3088 -0.1454 0.2380 0.0749 -0.2249 -0.3274 -0.3199 -0.2043 0.2263 0.1099 -0.1116 -0.3161 -0.3282 -0.2671 0.0813 0.1545 -0.0125 -0.3005 -0.3327 -0.2983 -0.0842 0.2130 0.0466 -0.2717 -0.3314 -0.3136 -0.1749 0.2416 0.0991 -0.1334 -0.3161 -0.3290 -0.2880 -0.0208 0.2002 0.0414 -0.2680 -0.3301 -0.3186 -0.2114 0.1911 0.1355 -0.0209 -0.2984 -0.3336 -0.2498
-0.2878 -0.2946 -0.0028 0.1483 0.1529 -0.2266 -0.3211 -0.3285 -0.2543 0.0510 0.2088 -0.0484 -0.2909 -0.3299 -0.3146 -0.1240 0.1004 0.2416 -0.1729 -0.3128 -0.3318 -0.2775 0.0398 0.2059 -0.0635 -0.2954 -0.3321 -0.3041 -0.0308 0.1414 0.1319 -0.2498 -0.3264 -0.3195 -0.1434 0.1008 0.2381 -0.1896 -0.3173 -0.3294 -0.2454 0.0656 0.2312 -0.1282 -0.3056 -0.3332 -0.2905 0.0230 0.1927 -0.0140 -0.2299 -0.0140 0.1927 0.0230 -0.2905 -0.3332 -0.3056 -0.1282 0.2312 0.0656 -0.2454 -0.3294 -0.3173 -0.1896 0.2381 0.1008 -0.1434 -0.3195 -0.3264 -0.2498 0.1319 0.1414 -0.0308 -0.3041 -0.3321 -0.2954 -0.0635 0.2059 0.0398 -0.2775 -0.3318 -0.3128 -0.1729 0.2416 0.1004 -0.1240 -0.3146 -0.3299 -0.2909 -0.0484 0.2088 0.0510 -0.2543 -0.3285 -0.3211 -0.2266 0.1529 0.1483 -0.0028 -0.2946 -0.2878
-0.2689 0.0141 0.1633 0.1039 -0.2426 -0.3234 -0.3264 -0.2361 0.0607 0.2180 -0.0746 -0.2939 -0.3309 -0.3123 -0.1065 0.1041 0.2403 -0.1749 -0.3128 -0.3319 -0.2801 0.0352 0.2007 -0.0443 -0.2929 -0.3314 -0.3074 -0.0505 0.1308 0.1725 -0.2343 -0.3244 -0.3225 -0.1743 0.0918 0.2426 -0.1748 -0.3145 -0.3309 -0.2619 0.0559 0.2227 -0.1091 -0.3023 -0.3332 -0.2955 0.0089 0.1763 0.0119 -0.2863 -0.3210 -0.2863 0.0119 0.1763 0.0089 -0.2955 -0.3332 -0.3023 -0.1091 0.2227 0.0559 -0.2619 -0.3309 -0.3145 -0.1748 0.2426 0.0918 -0.1743 -0.3225 -0.3244 -0.2343 0.1725 0.1308 -0.0505 -0.3074 -0.3314 -0.2929 -0.0443 0.2007 0.0352 -0.2801 -0.3319 -0.3128 -0.1749 0.2403 0.1041 -0.1065 -0.3123 -0.3309 -0.2939 -0.0746 0.2180 0.0607 -0.2361 -0.3264 -0.3234 -0.2426 0.1039 0.1633 0.0141 -0.2689
0.0063 0.1813 0.0505 -0.2595 -0.3256 -0.3238 -0.2136 0.0701 0.2270 -0.0981 -0.2971 -0.3318 -0.3091 -0.0843 0.1102 0.2364 -0.1810 -0.3136 -0.3318 -0.2801 0.0336 0.1980 -0.0304 -0.2911 -0.3307 -0.3100 -0.0703 0.1222 0.2010 -0.2204 -0.3223 -0.3251 -0.2017 0.0831 0.2419 -0.1597 -0.3116 -0.3321 -0.2746 0.0455 0.2132 -0.0867 -0.2989 -0.3329 -0.2995 -0.0073 0.1591 0.0644 -0.2732 -0.3348 -0.3534 -0.3348 -0.2732 0.0644 0.1591 -0.0073 -0.2995 -0.3329 -0.2989 -0.0867 0.2132 0.0455 -0.2746 -0.3321 -0.3116 -0.1597 0.2419 0.0831 -0.2017 -0.3251 -0.3223 -0.2204 0.2010 0.1222 -0.0703 -0.3100 -0.3307 -0.2911 -0.0304 0.1980 0.0336 -0.2801 -0.3318 -0.3136 -0.1810 0.2364 0.1102 -0.0843 -0.3091 -0.3318 -0.2971 -0.0981 0.2270 0.0701 -0.2136 -0.3238 -0.3256 -0.2595 0.0505 0.1813 0.0063
0.1882 0.0009 -0.2778 -0.3275 -0.3209 -0.1868 0.0792 0.2347 -0.1186 -0.3005 -0.3326 -0.3055 -0.0603 0.1179 0.2274 -0.1905 -0.3151 -0.3314 -0.2775 0.0352 0.1980 -0.0253 -0.2901 -0.3302 -0.3119 -0.0873 0.1154 0.2189 -0.2084 -0.3203 -0.3272 -0.2243 0.0747 0.2377 -0.1441 -0.3085 -0.3328 -0.2842 0.0342 0.2030 -0.0596 -0.2954 -0.3323 -0.3035 -0.0263 0.1447 0.1178 -0.2549 -0.3270 -0.3335 -0.2904 -0.3335 -0.3270 -0.2549 0.1178 0.1447 -0.0263 -0.3035 -0.3323 -0.2954 -0.0596 0.2030 0.0342 -0.2842 -0.3328 -0.3085 -0.1441 0.2377 0.0747 -0.2243 -0.3272 -0.3203 -0.2084 0.2189 0.1154 -0.0873 -0.3119 -0.3302 -0.2901 -0.0253 0.1980 0.0352 -0.2775 -0.3314 -0.3151 -0.1905 0.2274 0.1179 -0.0603 -0.3055 -0.3326 -0.3005 -0.1186 0.2347 0.0792 -0.1868 -0.3209 -0.3275 -0.2778 0.0009 0.1882
-0.0332 -0.2897 -0.3291 -0.3176 -0.1568 0.0881 0.2404 -0.1366 -0.3039 -0.3331 -0.3015 -0.0373 0.1272 0.2107 -0.2021 -0.3171 -0.3307 -0.2717 0.0398 0.2007 -0.0304 -0.2901 -0.3300 -0.3129 -0.0987 0.1108 0.2289 -0.1986 -0.3184 -0.3288 -0.2421 0.0666 0.2315 -0.1281 -0.3055 -0.3332 -0.2910 0.0216 0.1907 -0.0253 -0.2918 -0.3313 -0.3076 -0.0488 0.1324 0.1643 -0.2382 -0.3250 -0.3213 -0.1586 0.0364 -0.1586 -0.3213 -0.3250 -0.2382 0.1643 0.1324 -0.0488 -0.3076 -0.3313 -0.2918 -0.0253 0.1907 0.0216 -0.2910 -0.3332 -0.3055 -0.1281 0.2315 0.0666 -0.2421 -0.3288 -0.3184 -0.1986 0.2289 0.1108 -0.0987 -0.3129 -0.3300 -0.2901 -0.0304 0.2007 0.0398 -0.2717 -0.3307 -0.3171 -0.2021 0.2107 0.1272 -0.0373 -0.3015 -0.3331 -0.3039 -0.1366 0.2404 0.0881 -0.1568 -0.3176 -0.3291 -0.2897 -0.0332
-0.2344 -0.3309 -0.3140 -0.1249 0.0970 0.2429 -0.1531 -0.3072 -0.3332 -0.2976 -0.0168 0.1381 0.1833 -0.2153 -0.3193 -0.3295 -0.2625 0.0466 0.2059 -0.0443 -0.2911 -0.3302 -0.3129 -0.1026 0.1085 0.2336 -0.1916 -0.3169 -0.3298 -0.2550 0.0590 0.2245 -0.1114 -0.3025 -0.3332 -0.2957 0.0077 0.1745 0.0182 -0.2851 -0.3301 -0.3116 -0.0752 0.1217 0.1993 -0.2225 -0.3228 -0.3244 -0.1926 0.0835 0.1714 0.0835 -0.1926 -0.3244 -0.3228 -0.2225 0.1993 0.1217 -0.0752 -0.3116 -0.3301 -0.2851 0.0182 0.1745 0.0077 -0.2957 -0.3332 -0.3025 -0.1114 0.2245 0.0590 -0.2550 -0.3298 -0.3169 -0.1916 0.2336 0.1085 -0.1026 -0.3129 -0.3302 -0.2911 -0.0443 0.2059 0.0466 -0.2625 -0.3295 -0.3193 -0.2153 0.1833 0.1381 -0.0168 -0.2976 -0.3332 -0.3072 -0.1531 0.2429 0.0970 -0.1249 -0.3140 -0.3309 -0.2344
-0.2824 -0.3105 -0.0939 0.1060 0.2408 -0.1685 -0.3103 -0.3330 -0.2933 0.0008 0.1513 0.1433 -0.2300 -0.3216 -0.3279 -0.2491 0.0546 0.2130 -0.0635 -0.2929 -0.3307 -0.3119 -0.0987 0.1085 0.2350 -0.1880 -0.3159 -0.3305 -0.2635 0.0524 0.2179 -0.0946 -0.2996 -0.3329 -0.2992 -0.0075 0.1583 0.0688 -0.2711 -0.3285 -0.3154 -0.1049 0.1119 0.2227 -0.2074 -0.3204 -0.3270 -0.2200 0.0770 0.2325 0.0492 0.2325 0.0770 -0.2200 -0.3270 -0.3204 -0.2074 0.2227 0.1119 -0.1049 -0.3154 -0.3285 -0.2711 0.0688 0.1583 -0.0075 -0.2992 -0.3329 -0.2996 -0.0946 0.2179 0.0524 -0.2635 -0.3305 -0.3159 -0.1880 0.2350 0.1085 -0.0987 -0.3119 -0.3307 -0.2929 -0.0635 0.2130 0.0546 -0.2491 -0.3279 -0.3216 -0.2300 0.1433 0.1513 0.0008 -0.2933 -0.3330 -0.3103 -0.1685 0.2408 0.1060 -0.0939 -0.3105 -0.2824
-0.2773 -0.0636 0.1153 0.2323 -0.1834 -0.3133 -0.3324 -0.2874 0.0159 0.1669 0.0927 -0.2461 -0.3239 -0.3258 -0.2312 0.0633 0.2210 -0.0842 -0.2954 -0.3314 -0.3100 -0.0873 0.1108 0.2336 -0.1880 -0.3155 -0.3308 -0.2682 0.0476 0.2124 -0.0790 -0.2971 -0.3325 -0.3025 -0.0237 0.1454 0.1179 -0.2541 -0.3268 -0.3188 -0.1364 0.1027 0.2362 -0.1927 -0.3179 -0.3290 -0.2415 0.0676 0.2330 -0.1260 -0.2741 -0.1260 0.2330 0.0676 -0.2415 -0.3290 -0.3179 -0.1927 0.2362 0.1027 -0.1364 -0.3188 -0.3268 -0.2541 0.1179 0.1454 -0.0237 -0.3025 -0.3325 -0.2971 -0.0790 0.2124 0.0476 -0.2682 -0.3308 -0.3155 -0.1880 0.2336 0.1108 -0.0873 -0.3100 -0.3314 -0.2954 -0.0842 0.2210 0.0633 -0.2312 -0.3258 -0.3239 -0.2461 0.0927 0.1669 0.0159 -0.2874 -0.3324 -0.3133 -0.1834 0.2323 0.1153 -0.0636 -0.2773
-0.0736 0.1267 0.2154 -0.1981 -0.3161 -0.3314 -0.2790 0.0291 0.1843 0.0393 -0.2633 -0.3260 -0.3232 -0.2083 0.0722 0.2291 -0.1043 -0.2983 -0.3321 -0.3074 -0.0703 0.1154 0.2289 -0.1916 -0.3159 -0.3308 -0.2698 0.0451 0.2089 -0.0667 -0.2952 -0.3319 -0.3053 -0.0401 0.1352 0.1582 -0.2393 -0.3250 -0.3217 -0.1668 0.0939 0.2421 -0.1779 -0.3151 -0.3306 -0.2587 0.0580 0.2246 -0.1139 -0.3041 -0.3347 -0.3041 -0.1139 0.2246 0.0580 -0.2587 -0.3306 -0.3151 -0.1779 0.2421 0.0939 -0.1668 -0.3217 -0.3250 -0.2393 0.1582 0.1352 -0.0401 -0.3053 -0.3319 -0.2952 -0.0667 0.2089 0.0451 -0.2698 -0.3308 -0.3159 -0.1916 0.2289 0.1154 -0.0703 -0.3074 -0.3321 -0.2983 -0.1043 0.2291 0.0722 -0.2083 -0.3232 -0.3260 -0.2633 0.0393 0.1843 0.0291 -0.2790 -0.3314 -0.3161 -0.1981 0.2154 0.1267 -0.0736
0.1313 0.1877 -0.2129 -0.3188 -0.3301 -0.2677 0.0409 0.1986 -0.0081 -0.2802 -0.3279 -0.3202 -0.1807 0.0811 0.2362 -0.1229 -0.3014 -0.3327 -0.3041 -0.0505 0.1222 0.2189 -0.1986 -0.3169 -0.3305 -0.2682 0.0451 0.2078 -0.0600 -0.2940 -0.3315 -0.3074 -0.0552 0.1274 0.1871 -0.2265 -0.3232 -0.3242 -0.1937 0.0856 0.2425 -0.1632 -0.3122 -0.3318 -0.2722 0.0478 0.2152 -0.0919 -0.2998 -0.3420 -0.3509 -0.3420 -0.2998 -0.0919 0.2152 0.0478 -0.2722 -0.3318 -0.3122 -0.1632 0.2425 0.0856 -0.1937 -0.3242 -0.3232 -0.2265 0.1871 0.1274 -0.0552 -0.3074 -0.3315 -0.2940 -0.0600 0.2078 0.0451 -0.2682 -0.3305 -0.3169 -0.1986 0.2189 0.1222 -0.0505 -0.3041 -0.3327 -0.3014 -0.1229 0.2362 0.0811 -0.1807 -0.3202 -0.3279 -0.2802 -0.0081 0.1986 0.0409 -0.2677 -0.3301 -0.3188 -0.2129 0.1877 0.1313
0.1371 -0.2281 -0.3213 -0.3283 -0.2529 0.0516 0.2089 -0.0461 -0.2902 -0.3295 -0.3169 -0.1501 0.0900 0.2412 -0.1402 -0.3046 -0.3331 -0.3005 -0.0308 0.1308 0.2010 -0.2084 -0.3184 -0.3298 -0.2635 0.0476 0.2089 -0.0600 -0.2936 -0.3313 -0.3087 -0.0666 0.1219 0.2055 -0.2160 -0.3214 -0.3263 -0.2159 0.0777 0.2393 -0.1486 -0.3093 -0.3327 -0.2823 0.0367 0.2052 -0.0658 -0.2961 -0.3323 -0.3143 -0.1919 -0.3143 -0.3323 -0.2961 -0.0658 0.2052 0.0367 -0.2823 -0.3327 -0.3093 -0.1486 0.2393 0.0777 -0.2159 -0.3263 -0.3214 -0.2160 0.2055 0.1219 -0.0666 -0.3087 -0.3313 -0.2936 -0.0600 0.2089 0.0476 -0.2635 -0.3298 -0.3184 -0.2084 0.2010 0.1308 -0.0308 -0.3005 -0.3331 -0.3046 -0.1402 0.2412 0.0900 -0.1501 -0.3169 -0.3295 -0.2902 -0.0461 0.2089 0.0516 -0.2529 -0.3283 -0.3213 -0.2281 0.1371
-0.1997 -0.3240 -0.3261 -0.2341 0.0616 0.2188 -0.0760 -0.2939 -0.3308 -0.3132 -0.1182 0.0989 0.2428 -0.1564 -0.3078 -0.3332 -0.2967 -0.0125 0.1414 0.1725 -0.2204 -0.3203 -0.3288 -0.2550 0.0524 0.2124 -0.0667 -0.2940 -0.3313 -0.3092 -0.0726 0.1186 0.2158 -0.2082 -0.3199 -0.3277 -0.2331 0.0702 0.2342 -0.1339 -0.3065 -0.3331 -0.2895 0.0247 0.1941 -0.0333 -0.2925 -0.3314 -0.3063 -0.0399 0.0729 -0.0399 -0.3063 -0.3314 -0.2925 -0.0333 0.1941 0.0247 -0.2895 -0.3331 -0.3065 -0.1339 0.2342 0.0702 -0.2331 -0.3277 -0.3199 -0.2082 0.2158 0.1186 -0.0726 -0.3092 -0.3313 -0.2940 -0.0667 0.2124 0.0524 -0.2550 -0.3288 -0.3203 -0.2204 0.1725 0.1414 -0.0125 -0.2967 -0.3332 -0.3078 -0.1564 0.2428 0.0989 -0.1182 -0.3132 -0.3308 -0.2939 -0.0760 0.2188 0.0616 -0.2341 -0.3261 -0.3240 -0.1997
-0.2734 -0.3239 -0.2112 0.0710 0.2278 -0.1001 -0.2974 -0.3319 -0.3093 -0.0874 0.1080 0.2396 -0.1717 -0.3109 -0.3329 -0.2922 0.0041 0.1545 0.1319 -0.2343 -0.3223 -0.3272 -0.2421 0.0590 0.2179 -0.0790 -0.2952 -0.3315 -0.3087 -0.0726 0.1175 0.2203 -0.2034 -0.3188 -0.3287 -0.2450 0.0639 0.2284 -0.1193 -0.3037 -0.3332 -0.2943 0.0119 0.1792 0.0072 -0.2877 -0.3304 -0.3106 -0.0677 0.1175 0.2153 0.1175 -0.0677 -0.3106 -0.3304 -0.2877 0.0072 0.1792 0.0119 -0.2943 -0.3332 -0.3037 -0.1193 0.2284 0.0639 -0.2450 -0.3287 -0.3188 -0.2034 0.2203 0.1175 -0.0726 -0.3087 -0.3315 -0.2952 -0.0790 0.2179 0.0590 -0.2421 -0.3272 -0.3223 -0.2343 0.1319 0.1545 0.0041 -0.2922 -0.3329 -0.3109 -0.1717 0.2396 0.1080 -0.0874 -0.3093 -0.3319 -0.2974 -0.1001 0.2278 0.0710 -0.2112 -0.3239 -0.2734
-0.2852 -0.1830 0.0800 0.2354 -0.1204 -0.3009 -0.3327 -0.3052 -0.0595 0.1175 0.2295 -0.1865 -0.3139 -0.3322 -0.2858 0.0188 0.1706 0.0813 -0.2498 -0.3244 -0.3251 -0.2243 0.0666 0.2245 -0.0946 -0.2971 -0.3319 -0.3074 -0.0666 0.1186 0.2203 -0.2018 -0.3182 -0.3293 -0.2524 0.0589 0.2232 -0.1059 -0.3012 -0.3331 -0.2977 -0.0017 0.1632 0.0538 -0.2758 -0.3289 -0.3146 -0.0984 0.1138 0.2270 -0.1068 0.2270 0.1138 -0.0984 -0.3146 -0.3289 -0.2758 0.0538 0.1632 -0.0017 -0.2977 -0.3331 -0.3012 -0.1059 0.2232 0.0589 -0.2524 -0.3293 -0.3182 -0.2018 0.2203 0.1186 -0.0666 -0.3074 -0.3319 -0.2971 -0.0946 0.2245 0.0666 -0.2243 -0.3251 -0.3244 -0.2498 0.0813 0.1706 0.0188 -0.2858 -0.3322 -0.3139 -0.1865 0.2295 0.1175 -0.0595 -0.3052 -0.3327 -0.3009 -0.1204 0.2354 0.0800 -0.1830 -0.2852
-0.1815 0.0904 0.2408 -0.1383 -0.3042 -0.3331 -0.3012 -0.0354 0.1278 0.2105 -0.2012 -0.3167 -0.3312 -0.2769 0.0317 0.1875 0.0286 -0.2671 -0.3264 -0.3225 -0.2017 0.0747 0.2315 -0.1114 -0.2996 -0.3325 -0.3053 -0.0552 0.1219 0.2158 -0.2034 -0.3182 -0.3294 -0.2558 0.0557 0.2194 -0.0947 -0.2992 -0.3328 -0.3006 -0.0157 0.1504 0.1004 -0.2594 -0.3274 -0.3180 -0.1293 0.1047 0.2337 -0.1920 -0.2987 -0.1920 0.2337 0.1047 -0.1293 -0.3180 -0.3274 -0.2594 0.1004 0.1504 -0.0157 -0.3006 -0.3328 -0.2992 -0.0947 0.2194 0.0557 -0.2558 -0.3294 -0.3182 -0.2034 0.2158 0.1219 -0.0552 -0.3053 -0.3325 -0.2996 -0.1114 0.2315 0.0747 -0.2017 -0.3225 -0.3264 -0.2671 0.0286 0.1875 0.0317 -0.2769 -0.3312 -0.3167 -0.2012 0.2105 0.1278 -0.0354 -0.3012 -0.3331 -0.3042 -0.1383 0.2408 0.0904 -0.1815
0.0896 0.2428 -0.1546 -0.3075 -0.3332 -0.2972 -0.0150 0.1393 0.1805 -0.2161 -0.3194 -0.3297 -0.2649 0.0432 0.2008 -0.0170 -0.2827 -0.3282 -0.3195 -0.1743 0.0831 0.2377 -0.1281 -0.3025 -0.3329 -0.3025 -0.0401 0.1274 0.2055 -0.2082 -0.3188 -0.3293 -0.2558 0.0547 0.2173 -0.0872 -0.2977 -0.3324 -0.3029 -0.0289 0.1407 0.1399 -0.2453 -0.3257 -0.3209 -0.1588 0.0960 0.2413 -0.1816 -0.3185 -0.3456 -0.3185 -0.1816 0.2413 0.0960 -0.1588 -0.3209 -0.3257 -0.2453 0.1399 0.1407 -0.0289 -0.3029 -0.3324 -0.2977 -0.0872 0.2173 0.0547 -0.2558 -0.3293 -0.3188 -0.2082 0.2055 0.1274 -0.0401 -0.3025 -0.3329 -0.3025 -0.1281 0.2377 0.0831 -0.1743 -0.3195 -0.3282 -0.2827 -0.0170 0.2008 0.0432 -0.2649 -0.3297 -0.3194 -0.2161 0.1805 0.1393 -0.0150 -0.2972 -0.3332 -0.3075 -0.1546 0.2428 0.0896
0.2265 -0.1699 -0.3106 -0.3330 -0.2928 0.0024 0.1527 0.1387 -0.2315 -0.3218 -0.3279 -0.2492 0.0538 0.2111 -0.0530 -0.2910 -0.3298 -0.3161 -0.1434 0.0918 0.2419 -0.1441 -0.3055 -0.3332 -0.2992 -0.0237 0.1352 0.1871 -0.2160 -0.3199 -0.3287 -0.2524 0.0557 0.2173 -0.0846 -0.2970 -0.3322 -0.3045 -0.0398 0.1338 0.1685 -0.2337 -0.3241 -0.3233 -0.1848 0.0881 0.2428 -0.1670 -0.3130 -0.3438 -0.3384 -0.3438 -0.3130 -0.1670 0.2428 0.0881 -0.1848 -0.3233 -0.3241 -0.2337 0.1685 0.1338 -0.0398 -0.3045 -0.3322 -0.2970 -0.0846 0.2173 0.0557 -0.2524 -0.3287 -0.3199 -0.2160 0.1871 0.1352 -0.0237 -0.2992 -0.3332 -0.3055 -0.1441 0.2419 0.0918 -0.1434 -0.3161 -0.3298 -0.2910 -0.0530 0.2111 0.0538 -0.2492 -0.3279 -0.3218 -0.2315 0.1387 0.1527 0.0024 -0.2928 -0.3330 -0.3106 -0.1699 0.2265
-0.1591 -0.3139 -0.3323 -0.2867 0.0172 0.1686 0.0874 -0.2477 -0.3241 -0.3256 -0.2296 0.0636 0.2208 -0.0815 -0.2946 -0.3311 -0.3124 -0.1116 0.1008 0.2426 -0.1597 -0.3085 -0.3332 -0.2957 -0.0075 0.1454 0.1582 -0.2265 -0.3214 -0.3277 -0.2450 0.0589 0.2194 -0.0872 -0.2970 -0.3321 -0.3054 -0.0471 0.1292 0.1865 -0.2247 -0.3226 -0.3251 -0.2059 0.0808 0.2408 -0.1533 -0.3101 -0.3322 -0.2803 -0.0577 -0.2803 -0.3322 -0.3101 -0.1533 0.2408 0.0808 -0.2059 -0.3251 -0.3226 -0.2247 0.1865 0.1292 -0.0471 -0.3054 -0.3321 -0.2970 -0.0872 0.2194 0.0589 -0.2450 -0.3277 -0.3214 -0.2265 0.1582 0.1454 -0.0075 -0.2957 -0.3332 -0.3085 -0.1597 0.2426 0.1008 -0.1116 -0.3124 -0.3311 -0.2946 -0.0815 0.2208 0.0636 -0.2296 -0.3256 -0.3241 -0.2477 0.0874 0.1686 0.0172 -0.2867 -0.3323 -0.3139 -0.1591
-0.2615 -0.3317 -0.2781 0.0303 0.1858 0.0343 -0.2650 -0.3262 -0.3230 -0.2057 0.0729 0.2295 -0.1046 -0.2981 -0.3321 -0.3085 -0.0812 0.1099 0.2381 -0.1748 -0.3116 -0.3328 -0.2910 0.0077 0.1583 0.1179 -0.2393 -0.3232 -0.3263 -0.2331 0.0639 0.2232 -0.0947 -0.2977 -0.3322 -0.3054 -0.0496 0.1270 0.1962 -0.2187 -0.3215 -0.3264 -0.2216 0.0744 0.2368 -0.1399 -0.3075 -0.3328 -0.2871 0.0291 0.1091 0.0291 -0.2871 -0.3328 -0.3075 -0.1399 0.2368 0.0744 -0.2216 -0.3264 -0.3215 -0.2187 0.1962 0.1270 -0.0496 -0.3054 -0.3322 -0.2977 -0.0947 0.2232 0.0639 -0.2331 -0.3263 -0.3232 -0.2393 0.1179 0.1583 0.0077 -0.2910 -0.3328 -0.3116 -0.1748 0.2381 0.1099 -0.0812 -0.3085 -0.3321 -0.2981 -0.1046 0.2295 0.0729 -0.2057 -0.3230 -0.3262 -0.2650 0.0343 0.1858 0.0303 -0.2781 -0.3317 -0.2615
-0.2888 -0.2664 0.0419 0.1997 -0.0123 -0.2814 -0.3280 -0.3199 -0.1778 0.0820 0.2367 -0.1244 -0.3016 -0.3328 -0.3044 -0.0541 0.1196 0.2263 -0.1896 -0.3145 -0.3321 -0.2842 0.0216 0.1745 0.0688 -0.2541 -0.3250 -0.3242 -0.2159 0.0702 0.2284 -0.1059 -0.2992 -0.3324 -0.3045 -0.0471 0.1270 0.1993 -0.2155 -0.3207 -0.3273 -0.2321 0.0693 0.2325 -0.1276 -0.3050 -0.3331 -0.2927 0.0171 0.1650 0.2300 0.1650 0.0171 -0.2927 -0.3331 -0.3050 -0.1276 0.2325 0.0693 -0.2321 -0.3273 -0.3207 -0.2155 0.1993 0.1270 -0.0471 -0.3045 -0.3324 -0.2992 -0.1059 0.2284 0.0702 -0.2159 -0.3242 -0.3250 -0.2541 0.0688 0.1745 0.0216 -0.2842 -0.3321 -0.3145 -0.1896 0.2263 0.1196 -0.0541 -0.3044 -0.3328 -0.3016 -0.1244 0.2367 0.0820 -0.1778 -0.3199 -0.3280 -0.2814 -0.0123 0.1997 0.0419 -0.2664 -0.2888
-0.2489 0.0539 0.2099 -0.0494 -0.2906 -0.3296 -0.3165 -0.1470 0.0908 0.2415 -0.1419 -0.3049 -0.3332 -0.3003 -0.0308 0.1301 0.2051 -0.2043 -0.3173 -0.3309 -0.2746 0.0342 0.1907 0.0182 -0.2711 -0.3268 -0.3217 -0.1937 0.0777 0.2342 -0.1193 -0.3012 -0.3328 -0.3029 -0.0398 0.1292 0.1962 -0.2155 -0.3205 -0.3277 -0.2384 0.0657 0.2288 -0.1173 -0.3029 -0.3331 -0.2961 0.0043 0.1681 0.0567 -0.2013 0.0567 0.1681 0.0043 -0.2961 -0.3331 -0.3029 -0.1173 0.2288 0.0657 -0.2384 -0.3277 -0.3205 -0.2155 0.1962 0.1292 -0.0398 -0.3029 -0.3328 -0.3012 -0.1193 0.2342 0.0777 -0.1937 -0.3217 -0.3268 -0.2711 0.0182 0.1907 0.0342 -0.2746 -0.3309 -0.3173 -0.2043 0.2051 0.1301 -0.0308 -0.3003 -0.3332 -0.3049 -0.1419 0.2415 0.0908 -0.1470 -0.3165 -0.3296 -0.2906 -0.0494 0.2099 0.0539 -0.2489
0.0492 0.2197 -0.0785 -0.2942 -0.3309 -0.3128 -0.1151 0.0997 0.2428 -0.1579 -0.3081 -0.3332 -0.2964 -0.0111 0.1419 0.1727 -0.2193 -0.3199 -0.3294 -0.2619 0.0455 0.2030 -0.0253 -0.2851 -0.3285 -0.3188 -0.1668 0.0856 0.2393 -0.1339 -0.3037 -0.3331 -0.3006 -0.0289 0.1338 0.1865 -0.2187 -0.3207 -0.3277 -0.2405 0.0637 0.2263 -0.1097 -0.3013 -0.3330 -0.2985 -0.0075 0.1568 0.0778 -0.2628 -0.3158 -0.2628 0.0778 0.1568 -0.0075 -0.2985 -0.3330 -0.3013 -0.1097 0.2263 0.0637 -0.2405 -0.3277 -0.3207 -0.2187 0.1865 0.1338 -0.0289 -0.3006 -0.3331 -0.3037 -0.1339 0.2393 0.0856 -0.1668 -0.3188 -0.3285 -0.2851 -0.0253 0.2030 0.0455 -0.2619 -0.3294 -0.3199 -0.2193 0.1727 0.1419 -0.0111 -0.2964 -0.3332 -0.3081 -0.1579 0.2428 0.0997 -0.1151 -0.3128 -0.3309 -0.2942 -0.0785 0.2197 0.0492
0.2181 -0.1023 -0.2977 -0.3320 -0.3089 -0.0845 0.1089 0.2389 -0.1731 -0.3112 -0.3329 -0.2917 0.0057 0.1558 0.1284 -0.2348 -0.3223 -0.3274 -0.2454 0.0559 0.2132 -0.0596 -0.2918 -0.3301 -0.3154 -0.1364 0.0939 0.2425 -0.1486 -0.3065 -0.3332 -0.2977 -0.0157 0.1407 0.1685 -0.2247 -0.3215 -0.3273 -0.2384 0.0637 0.2254 -0.1056 -0.3003 -0.3329 -0.3003 -0.0175 0.1475 0.1164 -0.2530 -0.3317 -0.3522 -0.3317 -0.2530 0.1164 0.1475 -0.0175 -0.3003 -0.3329 -0.3003 -0.1056 0.2254 0.0637 -0.2384 -0.3273 -0.3215 -0.2247 0.1685 0.1407 -0.0157 -0.2977 -0.3332 -0.3065 -0.1486 0.2425 0.0939 -0.1364 -0.3154 -0.3301 -0.2918 -0.0596 0.2132 0.0559 -0.2454 -0.3274 -0.3223 -0.2348 0.1284 0.1558 0.0057 -0.2917 -0.3329 -0.3112 -0.1731 0.2389 0.1089 -0.0845 -0.3089 -0.3320 -0.2977 -0.1023 0.2181
-0.1081 -0.3015 -0.3327 -0.3048 -0.0569 0.1185 0.2280 -0.1879 -0.3142 -0.3322 -0.2851 0.0201 0.1723 0.0760 -0.2513 -0.3246 -0.3251 -0.2249 0.0656 0.2227 -0.0867 -0.2954 -0.3313 -0.3116 -0.1049 0.1027 0.2421 -0.1632 -0.3093 -0.3331 -0.2943 -0.0017 0.1504 0.1399 -0.2337 -0.3226 -0.3264 -0.2321 0.0657 0.2263 -0.1056 -0.3000 -0.3328 -0.3014 -0.0247 0.1415 0.1433 -0.2423 -0.3251 -0.3364 -0.3058 -0.3364 -0.3251 -0.2423 0.1433 0.1415 -0.0247 -0.3014 -0.3328 -0.3000 -0.1056 0.2263 0.0657 -0.2321 -0.3264 -0.3226 -0.2337 0.1399 0.1504 -0.0017 -0.2943 -0.3331 -0.3093 -0.1632 0.2421 0.1027 -0.1049 -0.3116 -0.3313 -0.2954 -0.0867 0.2227 0.0656 -0.2249 -0.3251 -0.3246 -0.2513 0.0760 0.1723 0.0201 -0.2851 -0.3322 -0.3142 -0.1879 0.2280 0.1185 -0.0569 -0.3048 -0.3327 -0.3015 -0.1081
-0.2475 -0.3334 -0.3008 -0.0332 0.1288 0.2081 -0.2026 -0.3170 -0.3311 -0.2758 0.0329 0.1890 0.0237 -0.2689 -0.3266 -0.3223 -0.2001 0.0749 0.2312 -0.1091 -0.2989 -0.3323 -0.3076 -0.0752 0.1119 0.2362 -0.1779 -0.3122 -0.3327 -0.2895 0.0119 0.1632 0.1004 -0.2453 -0.3241 -0.3251 -0.2216 0.0693 0.2288 -0.1097 -0.3003 -0.3328 -0.3018 -0.0287 0.1380 0.1596 -0.2349 -0.3239 -0.3232 -0.1854 0.0260 -0.1854 -0.3232 -0.3239 -0.2349 0.1596 0.1380 -0.0287 -0.3018 -0.3328 -0.3003 -0.1097 0.2288 0.0693 -0.2216 -0.3251 -0.3241 -0.2453 0.1004 0.1632 0.0119 -0.2895 -0.3327 -0.3122 -0.1779 0.2362 0.1119 -0.0752 -0.3076 -0.3323 -0.2989 -0.1091 0.2312 0.0749 -0.2001 -0.3223 -0.3266 -0.2689 0.0237 0.1890 0.0329 -0.2758 -0.3311 -0.3170 -0.2026 0.2081 0.1288 -0.0332 -0.3008 -0.3334 -0.2475
-0.2873 -0.2972 -0.0133 0.1405 0.1769 -0.2176 -0.3196 -0.3296 -0.2635 0.0443 0.2018 -0.0209 -0.2838 -0.3284 -0.3192 -0.1715 0.0839 0.2380 -0.1282 -0.3023 -0.3329 -0.3035 -0.0488 0.1217 0.2227 -0.1927 -0.3151 -0.3318 -0.2823 0.0247 0.1792 0.0538 -0.2594 -0.3257 -0.3233 -0.2059 0.0744 0.2325 -0.1173 -0.3013 -0.3329 -0.3014 -0.0287 0.1368 0.1675 -0.2304 -0.3231 -0.3247 -0.2051 0.0781 0.1625 0.0781 -0.2051 -0.3247 -0.3231 -0.2304 0.1675 0.1368 -0.0287 -0.3014 -0.3329 -0.3013 -0.1173 0.2325 0.0744 -0.2059 -0.3233 -0.3257 -0.2594 0.0538 0.1792 0.0247 -0.2823 -0.3318 -0.3151 -0.1927 0.2227 0.1217 -0.0488 -0.3035 -0.3329 -0.3023 -0.1282 0.2380 0.0839 -0.1715 -0.3192 -0.3284 -0.2838 -0.0209 0.2018 0.0443 -0.2635 -0.3296 -0.3196 -0.2176 0.1769 0.1405 -0.0133 -0.2972 -0.2873
-0.2702 0.0052 0.1541 0.1339 -0.2330 -0.3221 -0.3277 -0.2475 0.0548 0.2120 -0.0561 -0.2913 -0.3299 -0.3158 -0.1403 0.0927 0.2421 -0.1454 -0.3056 -0.3332 -0.2995 -0.0263 0.1324 0.1993 -0.2074 -0.3179 -0.3306 -0.2722 0.0367 0.1941 0.0072 -0.2758 -0.3274 -0.3209 -0.1848 0.0808 0.2368 -0.1276 -0.3029 -0.3330 -0.3003 -0.0247 0.1380 0.1675 -0.2288 -0.3227 -0.3255 -0.2161 0.0757 0.2277 0.0748 0.2277 0.0757 -0.2161 -0.3255 -0.3227 -0.2288 0.1675 0.1380 -0.0247 -0.3003 -0.3330 -0.3029 -0.1276 0.2368 0.0808 -0.1848 -0.3209 -0.3274 -0.2758 0.0072 0.1941 0.0367 -0.2722 -0.3306 -0.3179 -0.2074 0.1993 0.1324 -0.0263 -0.2995 -0.3332 -0.3056 -0.1454 0.2421 0.0927 -0.1403 -0.3158 -0.3299 -0.2913 -0.0561 0.2120 0.0548 -0.2475 -0.3277 -0.3221 -0.2330 0.1339 0.1541 0.0052 -0.2702
-0.0032 0.1703 0.0822 -0.2494 -0.3243 -0.3254 -0.2274 0.0645 0.2217 -0.0839 -0.2950 -0.3312 -0.3120 -0.1085 0.1016 0.2424 -0.1612 -0.3088 -0.3332 -0.2955 -0.0073 0.1447 0.1643 -0.2225 -0.3204 -0.3290 -0.2587 0.0478 0.2052 -0.0333 -0.2877 -0.3289 -0.3180 -0.1588 0.0881 0.2408 -0.1399 -0.3050 -0.3331 -0.2985 -0.0175 0.1415 0.1596 -0.2304 -0.3227 -0.3258 -0.2207 0.0728 0.2345 -0.1245 -0.2698 -0.1245 0.2345 0.0728 -0.2207 -0.3258 -0.3227 -0.2304 0.1596 0.1415 -0.0175 -0.2985 -0.3331 -0.3050 -0.1399 0.2408 0.0881 -0.1588 -0.3180 -0.3289 -0.2877 -0.0333 0.2052 0.0478 -0.2587 -0.3290 -0.3204 -0.2225 0.1643 0.1447 -0.0073 -0.2955 -0.3332 -0.3088 -0.1612 0.2424 0.1016 -0.1085 -0.3120 -0.3312 -0.2950 -0.0839 0.2217 0.0645 -0.2274 -0.3254 -0.3243 -0.2494 0.0822 0.1703 -0.0032
0.1795 0.0291 -0.2668 -0.3264 -0.3227 -0.2031 0.0738 0.2303 -0.1067 -0.2985 -0.3322 -0.3081 -0.0784 0.1108 0.2373 -0.1763 -0.3119 -0.3327 -0.2905 0.0089 0.1591 0.1178 -0.2382 -0.3228 -0.3270 -0.2415 0.0580 0.2152 -0.0658 -0.2925 -0.3304 -0.3146 -0.1293 0.0960 0.2428 -0.1533 -0.3075 -0.3331 -0.2961 -0.0075 0.1475 0.1433 -0.2349 -0.3231 -0.3255 -0.2207 0.0718 0.2329 -0.1253 -0.3050 -0.3346 -0.3050 -0.1253 0.2329 0.0718 -0.2207 -0.3255 -0.3231 -0.2349 0.1433 0.1475 -0.0075 -0.2961 -0.3331 -0.3075 -0.1533 0.2428 0.0960 -0.1293 -0.3146 -0.3304 -0.2925 -0.0658 0.2152 0.0580 -0.2415 -0.3270 -0.3228 -0.2382 0.1178 0.1591 0.0089 -0.2905 -0.3327 -0.3119 -0.1763 0.2373 0.1108 -0.0784 -0.3081 -0.3322 -0.2985 -0.1067 0.2303 0.0738 -0.2031 -0.3227 -0.3264 -0.2668 0.0291 0.1795
-0.0130 -0.2828 -0.3281 -0.3194 -0.1748 0.0829 0.2374 -0.1262 -0.3019 -0.3327 -0.3039 -0.0516 0.1206 0.2246 -0.1910 -0.3148 -0.3318 -0.2834 0.0230 0.1763 0.0644 -0.2549 -0.3250 -0.3244 -0.2200 0.0676 0.2246 -0.0919 -0.2961 -0.3314 -0.3106 -0.0984 0.1047 0.2413 -0.1670 -0.3101 -0.3328 -0.2927 0.0043 0.1568 0.1164 -0.2423 -0.3239 -0.3247 -0.2161 0.0728 0.2329 -0.1229 -0.3033 -0.3418 -0.3484 -0.3418 -0.3033 -0.1229 0.2329 0.0728 -0.2161 -0.3247 -0.3239 -0.2423 0.1164 0.1568 0.0043 -0.2927 -0.3328 -0.3101 -0.1670 0.2413 0.1047 -0.0984 -0.3106 -0.3314 -0.2961 -0.0919 0.2246 0.0676 -0.2200 -0.3244 -0.3250 -0.2549 0.0644 0.1763 0.0230 -0.2834 -0.3318 -0.3148 -0.1910 0.2246 0.1206 -0.0516 -0.3039 -0.3327 -0.3019 -0.1262 0.2374 0.0829 -0.1748 -0.3194 -0.3281 -0.2828 -0.0130
-0.2320 -0.3301 -0.3157 -0.1419 0.0918 0.2419 -0.1440 -0.3054 -0.3330 -0.2996 -0.0275 0.1308 0.2015 -0.2061 -0.3176 -0.3305 -0.2727 0.0359 0.1927 0.0119 -0.2732 -0.3270 -0.3213 -0.1926 0.0770 0.2330 -0.1139 -0.2998 -0.3323 -0.3063 -0.0677 0.1138 0.2337 -0.1816 -0.3130 -0.3322 -0.2871 0.0171 0.1681 0.0778 -0.2530 -0.3251 -0.3232 -0.2051 0.0757 0.2345 -0.1253 -0.3033 -0.3325 -0.3068 -0.1578 -0.3068 -0.3325 -0.3033 -0.1253 0.2345 0.0757 -0.2051 -0.3232 -0.3251 -0.2530 0.0778 0.1681 0.0171 -0.2871 -0.3322 -0.3130 -0.1816 0.2337 0.1138 -0.0677 -0.3063 -0.3323 -0.2998 -0.1139 0.2330 0.0770 -0.1926 -0.3213 -0.3270 -0.2732 0.0119 0.1927 0.0359 -0.2727 -0.3305 -0.3176 -0.2061 0.2015 0.1308 -0.0275 -0.2996 -0.3330 -0.3054 -0.1440 0.2419 0.0918 -0.1419 -0.3157 -0.3301 -0.2320
-0.2851 -0.3272 -0.1061 0.0972 0.2440 -0.1547 -0.3102 -0.3435 -0.3033 -0.0069 0.1334 0.1844 -0.2173 -0.3238 -0.3426 -0.2571 0.0466 0.1862 -0.0140 -0.2863 -0.3348 -0.3335 -0.1586 0.0835 0.2325 -0.1260 -0.3041 -0.3420 -0.3143 -0.0399 0.1175 0.2270 -0.1920 -0.3185 -0.3438 -0.2803 0.0291 0.1650 0.0567 -0.2628 -0.3317 -0.3364 -0.1854 0.0781 0.2277 -0.1245 -0.3050 -0.3418 -0.3068 -0.0046 0.0845 -0.0046 -0.3068 -0.3418 -0.3050 -0.1245 0.2277 0.0781 -0.1854 -0.3364 -0.3317 -0.2628 0.0567 0.1650 0.0291 -0.2803 -0.3438 -0.3185 -0.1920 0.2270 0.1175 -0.0399 -0.3143 -0.3420 -0.3041 -0.1260 0.2325 0.0835 -0.1586 -0.3335 -0.3348 -0.2863 -0.0140 0.1862 0.0466 -0.2571 -0.3426 -0.3238 -0.2173 0.1844 0.1334 -0.0069 -0.3033 -0.3435 -0.3102 -0.1547 0.2440 0.0972 -0.1061 -0.3272 -0.2851
-0.3079 -0.2559 0.0525 0.1924 -0.0301 -0.2886 -0.3395 -0.3472 -0.1351 0.0868 0.2274 -0.1456 -0.3054 -0.3489 -0.3300 -0.0209 0.1239 0.2130 -0.2299 -0.3210 -0.3534 -0.2904 0.0364 0.1714 0.0492 -0.2741 -0.3347 -0.3509 -0.1919 0.0729 0.2153 -0.1068 -0.2987 -0.3456 -0.3384 -0.0577 0.1091 0.2300 -0.2013 -0.3158 -0.3522 -0.3058 0.0260 0.1625 0.0748 -0.2698 -0.3346 -0.3484 -0.1578 0.0845 0.1596 0.0845 -0.1578 -0.3484 -0.3346 -0.2698 0.0748 0.1625 0.0260 -0.3058 -0.3522 -0.3158 -0.2013 0.2300 0.1091 -0.0577 -0.3384 -0.3456 -0.2987 -0.1068 0.2153 0.0729 -0.1919 -0.3509 -0.3347 -0.2741 0.0492 0.1714 0.0364 -0.2904 -0.3534 -0.3210 -0.2299 0.2130 0.1239 -0.0209 -0.3300 -0.3489 -0.3054 -0.1456 0.2274 0.0868 -0.1351 -0.3472 -0.3395 -0.2886 -0.0301 0.1924 0.0525 -0.2559 -0.3079
