0.0003 0.0028 0.0216 0.1648 1.0000 1.0000 0.0002 0.0017 0.0128 0.0975 0.7405 1.0000 1.0000 0.0010 0.0076 0.0576 0.4372 1.0000 1.0000 0.0006 0.0045 0.0340 0.2582 1.0000 1.0000 0.0003 0.0026 0.0201 0.1525 1.0000 1.0000 0.0002 0.0016 0.0119 0.0900 0.6836 1.0000 1.0000 0.0009 0.0070 0.0532 0.4037 1.0000 1.0000 0.0005 0.0041 0.0314 0.2384 1.0000 1.0000 1.0000 1.0000 1.0000 0.2384 0.0314 0.0041 0.0005 1.0000 1.0000 0.4037 0.0532 0.0070 0.0009 1.0000 1.0000 0.6836 0.0900 0.0119 0.0016 0.0002 1.0000 1.0000 0.1525 0.0201 0.0026 0.0003 1.0000 1.0000 0.2582 0.0340 0.0045 0.0006 1.0000 1.0000 0.4372 0.0576 0.0076 0.0010 1.0000 1.0000 0.7405 0.0975 0.0128 0.0017 0.0002 1.0000 1.0000 0.1648 0.0216 0.0028 0.0003
0.0028 0.0248 0.1816 1.0000 1.0000 0.0002 0.0018 0.0138 0.1046 0.7944 1.0000 1.0000 0.0011 0.0081 0.0617 0.4691 1.0000 1.0000 0.0006 0.0048 0.0365 0.2765 1.0000 1.0000 0.0004 0.0028 0.0215 0.1636 1.0000 1.0000 0.0002 0.0017 0.0127 0.0964 0.7335 1.0000 1.0000 0.0010 0.0075 0.0570 0.4323 1.0000 1.0000 0.0006 0.0044 0.0336 0.2557 1.0000 1.0000 0.0004 0.0012 0.0004 1.0000 1.0000 0.2557 0.0336 0.0044 0.0006 1.0000 1.0000 0.4323 0.0570 0.0075 0.0010 1.0000 1.0000 0.7335 0.0964 0.0127 0.0017 0.0002 1.0000 1.0000 0.1636 0.0215 0.0028 0.0004 1.0000 1.0000 0.2765 0.0365 0.0048 0.0006 1.0000 1.0000 0.4691 0.0617 0.0081 0.0011 1.0000 1.0000 0.7944 0.1046 0.0138 0.0018 0.0002 1.0000 1.0000 0.1816 0.0248 0.0028
0.0216 0.1816 1.0000 1.0000 0.0002 0.0016 0.0120 0.0907 0.6875 1.0000 1.0000 0.0009 0.0070 0.0533 0.4044 1.0000 1.0000 0.0005 0.0041 0.0314 0.2388 1.0000 1.0000 0.0003 0.0024 0.0186 0.1410 1.0000 1.0000 1.0000 0.0014 0.0110 0.0833 0.6323 1.0000 1.0000 0.0009 0.0065 0.0492 0.3734 1.0000 1.0000 0.0005 0.0038 0.0290 0.2205 1.0000 1.0000 0.0003 0.0023 0.0079 0.0023 0.0003 1.0000 1.0000 0.2205 0.0290 0.0038 0.0005 1.0000 1.0000 0.3734 0.0492 0.0065 0.0009 1.0000 1.0000 0.6323 0.0833 0.0110 0.0014 1.0000 1.0000 1.0000 0.1410 0.0186 0.0024 0.0003 1.0000 1.0000 0.2388 0.0314 0.0041 0.0005 1.0000 1.0000 0.4044 0.0533 0.0070 0.0009 1.0000 1.0000 0.6875 0.0907 0.0120 0.0016 0.0002 1.0000 1.0000 0.1816 0.0216
0.1648 1.0000 1.0000 0.0002 0.0015 0.0109 0.0811 0.6099 1.0000 1.0000 0.0008 0.0061 0.0466 0.3540 1.0000 1.0000 0.0005 0.0036 0.0275 0.2090 1.0000 1.0000 0.0003 0.0021 0.0163 0.1234 0.9374 1.0000 1.0000 0.0013 0.0096 0.0729 0.5535 1.0000 1.0000 0.0007 0.0057 0.0430 0.3268 1.0000 1.0000 0.0004 0.0033 0.0254 0.1930 1.0000 1.0000 0.0003 0.0020 0.0153 0.0523 0.0153 0.0020 0.0003 1.0000 1.0000 0.1930 0.0254 0.0033 0.0004 1.0000 1.0000 0.3268 0.0430 0.0057 0.0007 1.0000 1.0000 0.5535 0.0729 0.0096 0.0013 1.0000 1.0000 0.9374 0.1234 0.0163 0.0021 0.0003 1.0000 1.0000 0.2090 0.0275 0.0036 0.0005 1.0000 1.0000 0.3540 0.0466 0.0061 0.0008 1.0000 1.0000 0.6099 0.0811 0.0109 0.0015 0.0002 1.0000 1.0000 0.1648
1.0000 1.0000 0.0002 0.0015 0.0105 0.0757 0.5567 1.0000 1.0000 0.0007 0.0054 0.0409 0.3099 1.0000 1.0000 0.0004 0.0032 0.0241 0.1826 1.0000 1.0000 0.0002 0.0019 0.0142 0.1078 0.8190 1.0000 1.0000 0.0011 0.0084 0.0637 0.4836 1.0000 1.0000 0.0007 0.0050 0.0376 0.2856 1.0000 1.0000 0.0004 0.0029 0.0222 0.1686 1.0000 1.0000 0.0002 0.0017 0.0132 0.1013 0.3467 0.1013 0.0132 0.0017 0.0002 1.0000 1.0000 0.1686 0.0222 0.0029 0.0004 1.0000 1.0000 0.2856 0.0376 0.0050 0.0007 1.0000 1.0000 0.4836 0.0637 0.0084 0.0011 1.0000 1.0000 0.8190 0.1078 0.0142 0.0019 0.0002 1.0000 1.0000 0.1826 0.0241 0.0032 0.0004 1.0000 1.0000 0.3099 0.0409 0.0054 0.0007 1.0000 1.0000 0.5567 0.0757 0.0105 0.0015 0.0002 1.0000 1.0000
1.0000 0.0002 0.0016 0.0109 0.0757 0.5369 1.0000 1.0000 0.0006 0.0048 0.0363 0.2733 1.0000 1.0000 0.0004 0.0028 0.0210 0.1596 1.0000 1.0000 0.0002 0.0016 0.0124 0.0942 0.7155 1.0000 1.0000 0.0010 0.0073 0.0556 0.4225 1.0000 1.0000 0.0006 0.0043 0.0329 0.2495 1.0000 1.0000 0.0003 0.0026 0.0194 0.1473 1.0000 1.0000 1.0000 0.0015 0.0115 0.0877 0.6720 1.0000 0.6720 0.0877 0.0115 0.0015 1.0000 1.0000 1.0000 0.1473 0.0194 0.0026 0.0003 1.0000 1.0000 0.2495 0.0329 0.0043 0.0006 1.0000 1.0000 0.4225 0.0556 0.0073 0.0010 1.0000 1.0000 0.7155 0.0942 0.0124 0.0016 0.0002 1.0000 1.0000 0.1596 0.0210 0.0028 0.0004 1.0000 1.0000 0.2733 0.0363 0.0048 0.0006 1.0000 1.0000 0.5369 0.0757 0.0109 0.0016 0.0002 1.0000
0.0002 0.0018 0.0120 0.0811 0.5567 1.0000 1.0000 0.0006 0.0045 0.0329 0.2448 1.0000 1.0000 0.0003 0.0024 0.0184 0.1394 1.0000 1.0000 1.0000 0.0014 0.0108 0.0823 0.6252 1.0000 1.0000 0.0008 0.0064 0.0486 0.3692 1.0000 1.0000 0.0005 0.0038 0.0287 0.2180 1.0000 1.0000 0.0003 0.0022 0.0170 0.1287 0.9774 1.0000 1.0000 0.0013 0.0100 0.0760 0.5816 1.0000 1.0000 1.0000 0.5816 0.0760 0.0100 0.0013 1.0000 1.0000 0.9774 0.1287 0.0170 0.0022 0.0003 1.0000 1.0000 0.2180 0.0287 0.0038 0.0005 1.0000 1.0000 0.3692 0.0486 0.0064 0.0008 1.0000 1.0000 0.6252 0.0823 0.0108 0.0014 1.0000 1.0000 1.0000 0.1394 0.0184 0.0024 0.0003 1.0000 1.0000 0.2448 0.0329 0.0045 0.0006 1.0000 1.0000 0.5567 0.0811 0.0120 0.0018 0.0002
0.0017 0.0138 0.0907 0.6099 1.0000 1.0000 0.0006 0.0043 0.0312 0.2269 1.0000 1.0000 0.0003 0.0022 0.0162 0.1225 0.9267 1.0000 1.0000 0.0012 0.0095 0.0719 0.5462 1.0000 1.0000 0.0007 0.0056 0.0425 0.3225 1.0000 1.0000 0.0004 0.0033 0.0251 0.1904 1.0000 1.0000 0.0003 0.0020 0.0148 0.1125 0.8540 1.0000 1.0000 0.0012 0.0087 0.0664 0.5043 1.0000 1.0000 0.0003 1.0000 1.0000 0.5043 0.0664 0.0087 0.0012 1.0000 1.0000 0.8540 0.1125 0.0148 0.0020 0.0003 1.0000 1.0000 0.1904 0.0251 0.0033 0.0004 1.0000 1.0000 0.3225 0.0425 0.0056 0.0007 1.0000 1.0000 0.5462 0.0719 0.0095 0.0012 1.0000 1.0000 0.9267 0.1225 0.0162 0.0022 0.0003 1.0000 1.0000 0.2269 0.0312 0.0043 0.0006 1.0000 1.0000 0.6099 0.0907 0.0138 0.0017
0.0128 0.1046 0.6875 1.0000 1.0000 0.0006 0.0045 0.0312 0.2209 1.0000 1.0000 0.0003 0.0019 0.0145 0.1089 0.8190 1.0000 1.0000 0.0011 0.0083 0.0628 0.4772 1.0000 1.0000 0.0006 0.0049 0.0371 0.2818 1.0000 1.0000 0.0004 0.0029 0.0219 0.1664 1.0000 1.0000 0.0002 0.0017 0.0129 0.0983 0.7461 1.0000 1.0000 0.0010 0.0076 0.0580 0.4406 1.0000 1.0000 0.0006 0.0021 0.0006 1.0000 1.0000 0.4406 0.0580 0.0076 0.0010 1.0000 1.0000 0.7461 0.0983 0.0129 0.0017 0.0002 1.0000 1.0000 0.1664 0.0219 0.0029 0.0004 1.0000 1.0000 0.2818 0.0371 0.0049 0.0006 1.0000 1.0000 0.4772 0.0628 0.0083 0.0011 1.0000 1.0000 0.8190 0.1089 0.0145 0.0019 0.0003 1.0000 1.0000 0.2209 0.0312 0.0045 0.0006 1.0000 1.0000 0.6875 0.1046 0.0128
0.0975 0.7944 1.0000 1.0000 0.0007 0.0048 0.0329 0.2269 1.0000 1.0000 0.0002 0.0018 0.0133 0.0986 0.7348 1.0000 1.0000 0.0010 0.0073 0.0550 0.4169 1.0000 1.0000 0.0006 0.0043 0.0324 0.2462 1.0000 1.0000 0.0003 0.0025 0.0191 0.1454 1.0000 1.0000 1.0000 0.0015 0.0113 0.0858 0.6519 1.0000 1.0000 0.0009 0.0067 0.0507 0.3849 1.0000 1.0000 0.0005 0.0040 0.0137 0.0040 0.0005 1.0000 1.0000 0.3849 0.0507 0.0067 0.0009 1.0000 1.0000 0.6519 0.0858 0.0113 0.0015 1.0000 1.0000 1.0000 0.1454 0.0191 0.0025 0.0003 1.0000 1.0000 0.2462 0.0324 0.0043 0.0006 1.0000 1.0000 0.4169 0.0550 0.0073 0.0010 1.0000 1.0000 0.7348 0.0986 0.0133 0.0018 0.0002 1.0000 1.0000 0.2269 0.0329 0.0048 0.0007 1.0000 1.0000 0.7944 0.0975
0.7405 1.0000 1.0000 0.0008 0.0054 0.0363 0.2448 1.0000 1.0000 0.0002 0.0018 0.0127 0.0921 0.6759 1.0000 1.0000 0.0009 0.0064 0.0485 0.3664 1.0000 1.0000 0.0005 0.0037 0.0283 0.2151 1.0000 1.0000 0.0003 0.0022 0.0167 0.1270 0.9645 1.0000 1.0000 0.0013 0.0099 0.0750 0.5695 1.0000 1.0000 0.0008 0.0058 0.0443 0.3363 1.0000 1.0000 0.0005 0.0035 0.0266 0.0911 0.0266 0.0035 0.0005 1.0000 1.0000 0.3363 0.0443 0.0058 0.0008 1.0000 1.0000 0.5695 0.0750 0.0099 0.0013 1.0000 1.0000 0.9645 0.1270 0.0167 0.0022 0.0003 1.0000 1.0000 0.2151 0.0283 0.0037 0.0005 1.0000 1.0000 0.3664 0.0485 0.0064 0.0009 1.0000 1.0000 0.6759 0.0921 0.0127 0.0018 0.0002 1.0000 1.0000 0.2448 0.0363 0.0054 0.0008 1.0000 1.0000 0.7405
1.0000 1.0000 0.0009 0.0061 0.0409 0.2733 1.0000 1.0000 0.0003 0.0018 0.0127 0.0899 0.6457 1.0000 1.0000 0.0008 0.0058 0.0433 0.3256 1.0000 1.0000 0.0004 0.0033 0.0247 0.1879 1.0000 1.0000 0.0003 0.0019 0.0146 0.1110 0.8427 1.0000 1.0000 0.0011 0.0086 0.0655 0.4976 1.0000 1.0000 0.0007 0.0051 0.0387 0.2938 1.0000 1.0000 0.0004 0.0030 0.0230 0.1765 0.6041 0.1765 0.0230 0.0030 0.0004 1.0000 1.0000 0.2938 0.0387 0.0051 0.0007 1.0000 1.0000 0.4976 0.0655 0.0086 0.0011 1.0000 1.0000 0.8427 0.1110 0.0146 0.0019 0.0003 1.0000 1.0000 0.1879 0.0247 0.0033 0.0004 1.0000 1.0000 0.3256 0.0433 0.0058 0.0008 1.0000 1.0000 0.6457 0.0899 0.0127 0.0018 0.0003 1.0000 1.0000 0.2733 0.0409 0.0061 0.0009 1.0000 1.0000
1.0000 0.0011 0.0070 0.0466 0.3099 1.0000 1.0000 0.0003 0.0019 0.0133 0.0921 0.6457 1.0000 1.0000 0.0007 0.0054 0.0395 0.2933 1.0000 1.0000 0.0004 0.0029 0.0217 0.1645 1.0000 1.0000 0.0002 0.0017 0.0128 0.0970 0.7362 1.0000 1.0000 0.0010 0.0075 0.0573 0.4347 1.0000 1.0000 0.0006 0.0045 0.0338 0.2567 1.0000 1.0000 0.0003 0.0026 0.0200 0.1527 1.0000 1.0000 1.0000 0.1527 0.0200 0.0026 0.0003 1.0000 1.0000 0.2567 0.0338 0.0045 0.0006 1.0000 1.0000 0.4347 0.0573 0.0075 0.0010 1.0000 1.0000 0.7362 0.0970 0.0128 0.0017 0.0002 1.0000 1.0000 0.1645 0.0217 0.0029 0.0004 1.0000 1.0000 0.2933 0.0395 0.0054 0.0007 1.0000 1.0000 0.6457 0.0921 0.0133 0.0019 0.0003 1.0000 1.0000 0.3099 0.0466 0.0070 0.0011 1.0000
0.0010 0.0081 0.0533 0.3540 1.0000 1.0000 0.0003 0.0022 0.0145 0.0986 0.6759 1.0000 1.0000 0.0007 0.0051 0.0371 0.2718 1.0000 1.0000 0.0003 0.0026 0.0193 0.1451 1.0000 1.0000 1.0000 0.0015 0.0112 0.0847 0.6433 1.0000 1.0000 0.0009 0.0066 0.0500 0.3798 1.0000 1.0000 0.0005 0.0039 0.0295 0.2243 1.0000 1.0000 0.0003 0.0023 0.0174 0.1324 1.0000 1.0000 1.0000 1.0000 1.0000 0.1324 0.0174 0.0023 0.0003 1.0000 1.0000 0.2243 0.0295 0.0039 0.0005 1.0000 1.0000 0.3798 0.0500 0.0066 0.0009 1.0000 1.0000 0.6433 0.0847 0.0112 0.0015 1.0000 1.0000 1.0000 0.1451 0.0193 0.0026 0.0003 1.0000 1.0000 0.2718 0.0371 0.0051 0.0007 1.0000 1.0000 0.6759 0.0986 0.0145 0.0022 0.0003 1.0000 1.0000 0.3540 0.0533 0.0081 0.0010
0.0076 0.0617 0.4044 1.0000 1.0000 0.0004 0.0024 0.0162 0.1089 0.7348 1.0000 1.0000 0.0007 0.0051 0.0363 0.2606 1.0000 1.0000 0.0003 0.0023 0.0172 0.1295 0.9719 1.0000 1.0000 0.0013 0.0098 0.0740 0.5620 1.0000 1.0000 0.0008 0.0058 0.0437 0.3319 1.0000 1.0000 0.0004 0.0034 0.0258 0.1960 1.0000 1.0000 0.0003 0.0020 0.0152 0.1157 0.8787 1.0000 1.0000 0.0005 1.0000 1.0000 0.8787 0.1157 0.0152 0.0020 0.0003 1.0000 1.0000 0.1960 0.0258 0.0034 0.0004 1.0000 1.0000 0.3319 0.0437 0.0058 0.0008 1.0000 1.0000 0.5620 0.0740 0.0098 0.0013 1.0000 1.0000 0.9719 0.1295 0.0172 0.0023 0.0003 1.0000 1.0000 0.2606 0.0363 0.0051 0.0007 1.0000 1.0000 0.7348 0.1089 0.0162 0.0024 0.0004 1.0000 1.0000 0.4044 0.0617 0.0076
0.0576 0.4691 1.0000 1.0000 0.0004 0.0028 0.0184 0.1225 0.8190 1.0000 1.0000 0.0008 0.0054 0.0371 0.2606 1.0000 1.0000 0.0003 0.0021 0.0158 0.1170 0.8737 1.0000 1.0000 0.0011 0.0086 0.0650 0.4920 1.0000 1.0000 0.0007 0.0050 0.0382 0.2899 1.0000 1.0000 0.0004 0.0030 0.0225 0.1712 1.0000 1.0000 0.0002 0.0018 0.0133 0.1011 0.7677 1.0000 1.0000 0.0011 0.0036 0.0011 1.0000 1.0000 0.7677 0.1011 0.0133 0.0018 0.0002 1.0000 1.0000 0.1712 0.0225 0.0030 0.0004 1.0000 1.0000 0.2899 0.0382 0.0050 0.0007 1.0000 1.0000 0.4920 0.0650 0.0086 0.0011 1.0000 1.0000 0.8737 0.1170 0.0158 0.0021 0.0003 1.0000 1.0000 0.2606 0.0371 0.0054 0.0008 1.0000 1.0000 0.8190 0.1225 0.0184 0.0028 0.0004 1.0000 1.0000 0.4691 0.0576
0.4372 1.0000 1.0000 0.0005 0.0032 0.0210 0.1394 0.9267 1.0000 1.0000 0.0009 0.0058 0.0395 0.2718 1.0000 1.0000 0.0003 0.0021 0.0149 0.1089 0.8005 1.0000 1.0000 0.0010 0.0076 0.0575 0.4339 1.0000 1.0000 0.0006 0.0044 0.0334 0.2533 1.0000 1.0000 0.0003 0.0026 0.0197 0.1496 1.0000 1.0000 0.0002 0.0015 0.0116 0.0883 0.6707 1.0000 1.0000 0.0009 0.0070 0.0239 0.0070 0.0009 1.0000 1.0000 0.6707 0.0883 0.0116 0.0015 0.0002 1.0000 1.0000 0.1496 0.0197 0.0026 0.0003 1.0000 1.0000 0.2533 0.0334 0.0044 0.0006 1.0000 1.0000 0.4339 0.0575 0.0076 0.0010 1.0000 1.0000 0.8005 0.1089 0.0149 0.0021 0.0003 1.0000 1.0000 0.2718 0.0395 0.0058 0.0009 1.0000 1.0000 0.9267 0.1394 0.0210 0.0032 0.0005 1.0000 1.0000 0.4372
1.0000 1.0000 0.0005 0.0036 0.0241 0.1596 1.0000 1.0000 1.0000 0.0010 0.0064 0.0433 0.2933 1.0000 1.0000 0.0003 0.0021 0.0146 0.1048 0.7576 1.0000 1.0000 0.0009 0.0069 0.0513 0.3857 1.0000 1.0000 0.0005 0.0038 0.0291 0.2213 1.0000 1.0000 0.0003 0.0023 0.0172 0.1307 0.9924 1.0000 1.0000 0.0013 0.0102 0.0772 0.5860 1.0000 1.0000 0.0008 0.0060 0.0464 0.1587 0.0464 0.0060 0.0008 1.0000 1.0000 0.5860 0.0772 0.0102 0.0013 1.0000 1.0000 0.9924 0.1307 0.0172 0.0023 0.0003 1.0000 1.0000 0.2213 0.0291 0.0038 0.0005 1.0000 1.0000 0.3857 0.0513 0.0069 0.0009 1.0000 1.0000 0.7576 0.1048 0.0146 0.0021 0.0003 1.0000 1.0000 0.2933 0.0433 0.0064 0.0010 1.0000 1.0000 1.0000 0.1596 0.0241 0.0036 0.0005 1.0000 1.0000
1.0000 0.0006 0.0041 0.0275 0.1826 1.0000 1.0000 1.0000 0.0011 0.0073 0.0485 0.3256 1.0000 1.0000 0.0003 0.0021 0.0149 0.1048 0.7433 1.0000 1.0000 0.0009 0.0063 0.0467 0.3474 1.0000 1.0000 0.0005 0.0034 0.0257 0.1941 1.0000 1.0000 0.0003 0.0020 0.0150 0.1142 0.8671 1.0000 1.0000 0.0012 0.0089 0.0674 0.5120 1.0000 1.0000 0.0007 0.0052 0.0401 0.3075 1.0000 0.3075 0.0401 0.0052 0.0007 1.0000 1.0000 0.5120 0.0674 0.0089 0.0012 1.0000 1.0000 0.8671 0.1142 0.0150 0.0020 0.0003 1.0000 1.0000 0.1941 0.0257 0.0034 0.0005 1.0000 1.0000 0.3474 0.0467 0.0063 0.0009 1.0000 1.0000 0.7433 0.1048 0.0149 0.0021 0.0003 1.0000 1.0000 0.3256 0.0485 0.0073 0.0011 1.0000 1.0000 1.0000 0.1826 0.0275 0.0041 0.0006 1.0000
0.0006 0.0048 0.0314 0.2090 1.0000 1.0000 1.0000 0.0012 0.0083 0.0550 0.3664 1.0000 1.0000 0.0003 0.0023 0.0158 0.1089 0.7576 1.0000 1.0000 0.0008 0.0060 0.0435 0.3201 1.0000 1.0000 0.0004 0.0030 0.0228 0.1712 1.0000 1.0000 0.0002 0.0017 0.0131 0.0998 0.7576 1.0000 1.0000 0.0010 0.0078 0.0589 0.4473 1.0000 1.0000 0.0006 0.0046 0.0348 0.2662 1.0000 1.0000 1.0000 0.2662 0.0348 0.0046 0.0006 1.0000 1.0000 0.4473 0.0589 0.0078 0.0010 1.0000 1.0000 0.7576 0.0998 0.0131 0.0017 0.0002 1.0000 1.0000 0.1712 0.0228 0.0030 0.0004 1.0000 1.0000 0.3201 0.0435 0.0060 0.0008 1.0000 1.0000 0.7576 0.1089 0.0158 0.0023 0.0003 1.0000 1.0000 0.3664 0.0550 0.0083 0.0012 1.0000 1.0000 1.0000 0.2090 0.0314 0.0048 0.0006
0.0045 0.0365 0.2388 1.0000 1.0000 0.0002 0.0014 0.0095 0.0628 0.4169 1.0000 1.0000 0.0004 0.0026 0.0172 0.1170 0.8005 1.0000 1.0000 0.0008 0.0059 0.0421 0.3035 1.0000 1.0000 0.0004 0.0027 0.0204 0.1525 1.0000 1.0000 0.0002 0.0015 0.0115 0.0872 0.6619 1.0000 1.0000 0.0009 0.0068 0.0515 0.3908 1.0000 1.0000 0.0005 0.0040 0.0304 0.2308 1.0000 1.0000 1.0000 1.0000 1.0000 0.2308 0.0304 0.0040 0.0005 1.0000 1.0000 0.3908 0.0515 0.0068 0.0009 1.0000 1.0000 0.6619 0.0872 0.0115 0.0015 0.0002 1.0000 1.0000 0.1525 0.0204 0.0027 0.0004 1.0000 1.0000 0.3035 0.0421 0.0059 0.0008 1.0000 1.0000 0.8005 0.1170 0.0172 0.0026 0.0004 1.0000 1.0000 0.4169 0.0628 0.0095 0.0014 0.0002 1.0000 1.0000 0.2388 0.0365 0.0045
0.0340 0.2765 1.0000 1.0000 0.0002 0.0016 0.0108 0.0719 0.4772 1.0000 1.0000 0.0004 0.0029 0.0193 0.1295 0.8737 1.0000 1.0000 0.0009 0.0060 0.0421 0.2978 1.0000 1.0000 0.0003 0.0025 0.0186 0.1381 1.0000 1.0000 1.0000 0.0013 0.0101 0.0766 0.5794 1.0000 1.0000 0.0008 0.0059 0.0450 0.3415 1.0000 1.0000 0.0005 0.0035 0.0266 0.2016 1.0000 1.0000 0.0003 0.0009 0.0003 1.0000 1.0000 0.2016 0.0266 0.0035 0.0005 1.0000 1.0000 0.3415 0.0450 0.0059 0.0008 1.0000 1.0000 0.5794 0.0766 0.0101 0.0013 1.0000 1.0000 1.0000 0.1381 0.0186 0.0025 0.0003 1.0000 1.0000 0.2978 0.0421 0.0060 0.0009 1.0000 1.0000 0.8737 0.1295 0.0193 0.0029 0.0004 1.0000 1.0000 0.4772 0.0719 0.0108 0.0016 0.0002 1.0000 1.0000 0.2765 0.0340
0.2582 1.0000 1.0000 0.0003 0.0019 0.0124 0.0823 0.5462 1.0000 1.0000 0.0005 0.0033 0.0217 0.1451 0.9719 1.0000 1.0000 0.0009 0.0063 0.0435 0.3035 1.0000 1.0000 0.0003 0.0024 0.0174 0.1277 0.9410 1.0000 1.0000 0.0012 0.0090 0.0678 0.5110 1.0000 1.0000 0.0007 0.0052 0.0393 0.2983 1.0000 1.0000 0.0004 0.0031 0.0232 0.1762 1.0000 1.0000 0.0002 0.0018 0.0063 0.0018 0.0002 1.0000 1.0000 0.1762 0.0232 0.0031 0.0004 1.0000 1.0000 0.2983 0.0393 0.0052 0.0007 1.0000 1.0000 0.5110 0.0678 0.0090 0.0012 1.0000 1.0000 0.9410 0.1277 0.0174 0.0024 0.0003 1.0000 1.0000 0.3035 0.0435 0.0063 0.0009 1.0000 1.0000 0.9719 0.1451 0.0217 0.0033 0.0005 1.0000 1.0000 0.5462 0.0823 0.0124 0.0019 0.0003 1.0000 1.0000 0.2582
1.0000 1.0000 0.0003 0.0021 0.0142 0.0942 0.6252 1.0000 1.0000 0.0006 0.0037 0.0247 0.1645 1.0000 1.0000 1.0000 0.0010 0.0069 0.0467 0.3201 1.0000 1.0000 0.0003 0.0024 0.0169 0.1213 0.8820 1.0000 1.0000 0.0011 0.0081 0.0605 0.4542 1.0000 1.0000 0.0006 0.0045 0.0343 0.2606 1.0000 1.0000 0.0004 0.0027 0.0203 0.1539 1.0000 1.0000 0.0002 0.0016 0.0122 0.0417 0.0122 0.0016 0.0002 1.0000 1.0000 0.1539 0.0203 0.0027 0.0004 1.0000 1.0000 0.2606 0.0343 0.0045 0.0006 1.0000 1.0000 0.4542 0.0605 0.0081 0.0011 1.0000 1.0000 0.8820 0.1213 0.0169 0.0024 0.0003 1.0000 1.0000 0.3201 0.0467 0.0069 0.0010 1.0000 1.0000 1.0000 0.1645 0.0247 0.0037 0.0006 1.0000 1.0000 0.6252 0.0942 0.0142 0.0021 0.0003 1.0000 1.0000
1.0000 0.0004 0.0024 0.0163 0.1078 0.7155 1.0000 1.0000 0.0006 0.0043 0.0283 0.1879 1.0000 1.0000 1.0000 0.0011 0.0076 0.0513 0.3474 1.0000 1.0000 0.0003 0.0024 0.0169 0.1193 0.8540 1.0000 1.0000 0.0010 0.0074 0.0549 0.4083 1.0000 1.0000 0.0005 0.0040 0.0302 0.2282 1.0000 1.0000 0.0003 0.0023 0.0177 0.1345 1.0000 1.0000 1.0000 0.0014 0.0105 0.0808 0.2765 0.0808 0.0105 0.0014 1.0000 1.0000 1.0000 0.1345 0.0177 0.0023 0.0003 1.0000 1.0000 0.2282 0.0302 0.0040 0.0005 1.0000 1.0000 0.4083 0.0549 0.0074 0.0010 1.0000 1.0000 0.8540 0.1193 0.0169 0.0024 0.0003 1.0000 1.0000 0.3474 0.0513 0.0076 0.0011 1.0000 1.0000 1.0000 0.1879 0.0283 0.0043 0.0006 1.0000 1.0000 0.7155 0.1078 0.0163 0.0024 0.0004 1.0000
0.0003 0.0028 0.0186 0.1234 0.8190 1.0000 1.0000 0.0007 0.0049 0.0324 0.2151 1.0000 1.0000 1.0000 0.0013 0.0086 0.0575 0.3857 1.0000 1.0000 0.0004 0.0025 0.0174 0.1213 0.8540 1.0000 1.0000 0.0010 0.0070 0.0509 0.3748 1.0000 1.0000 0.0005 0.0036 0.0268 0.2016 1.0000 1.0000 0.0003 0.0020 0.0155 0.1175 0.8922 1.0000 1.0000 0.0012 0.0091 0.0699 0.5359 1.0000 0.5359 0.0699 0.0091 0.0012 1.0000 1.0000 0.8922 0.1175 0.0155 0.0020 0.0003 1.0000 1.0000 0.2016 0.0268 0.0036 0.0005 1.0000 1.0000 0.3748 0.0509 0.0070 0.0010 1.0000 1.0000 0.8540 0.1213 0.0174 0.0025 0.0004 1.0000 1.0000 0.3857 0.0575 0.0086 0.0013 1.0000 1.0000 1.0000 0.2151 0.0324 0.0049 0.0007 1.0000 1.0000 0.8190 0.1234 0.0186 0.0028 0.0003
0.0026 0.0215 0.1410 0.9374 1.0000 1.0000 0.0008 0.0056 0.0371 0.2462 1.0000 1.0000 0.0002 0.0015 0.0098 0.0650 0.4339 1.0000 1.0000 0.0004 0.0027 0.0186 0.1277 0.8820 1.0000 1.0000 0.0009 0.0067 0.0485 0.3520 1.0000 1.0000 0.0004 0.0032 0.0240 0.1795 1.0000 1.0000 0.0002 0.0018 0.0135 0.1026 0.7795 1.0000 1.0000 0.0011 0.0080 0.0606 0.4638 1.0000 1.0000 1.0000 0.4638 0.0606 0.0080 0.0011 1.0000 1.0000 0.7795 0.1026 0.0135 0.0018 0.0002 1.0000 1.0000 0.1795 0.0240 0.0032 0.0004 1.0000 1.0000 0.3520 0.0485 0.0067 0.0009 1.0000 1.0000 0.8820 0.1277 0.0186 0.0027 0.0004 1.0000 1.0000 0.4339 0.0650 0.0098 0.0015 0.0002 1.0000 1.0000 0.2462 0.0371 0.0056 0.0008 1.0000 1.0000 0.9374 0.1410 0.0215 0.0026
0.0201 0.1636 1.0000 1.0000 1.0000 0.0010 0.0064 0.0425 0.2818 1.0000 1.0000 0.0003 0.0017 0.0112 0.0740 0.4920 1.0000 1.0000 0.0005 0.0030 0.0204 0.1381 0.9410 1.0000 1.0000 0.0010 0.0067 0.0478 0.3415 1.0000 1.0000 0.0004 0.0030 0.0218 0.1620 1.0000 1.0000 0.0002 0.0016 0.0119 0.0902 0.6823 1.0000 1.0000 0.0009 0.0070 0.0530 0.4021 1.0000 1.0000 0.0002 1.0000 1.0000 0.4021 0.0530 0.0070 0.0009 1.0000 1.0000 0.6823 0.0902 0.0119 0.0016 0.0002 1.0000 1.0000 0.1620 0.0218 0.0030 0.0004 1.0000 1.0000 0.3415 0.0478 0.0067 0.0010 1.0000 1.0000 0.9410 0.1381 0.0204 0.0030 0.0005 1.0000 1.0000 0.4920 0.0740 0.0112 0.0017 0.0003 1.0000 1.0000 0.2818 0.0425 0.0064 0.0010 1.0000 1.0000 1.0000 0.1636 0.0201
0.1525 1.0000 1.0000 1.0000 0.0011 0.0073 0.0486 0.3225 1.0000 1.0000 0.0003 0.0019 0.0128 0.0847 0.5620 1.0000 1.0000 0.0005 0.0034 0.0228 0.1525 1.0000 1.0000 1.0000 0.0010 0.0070 0.0485 0.3415 1.0000 1.0000 0.0004 0.0028 0.0203 0.1493 1.0000 1.0000 1.0000 0.0014 0.0106 0.0799 0.6018 1.0000 1.0000 0.0008 0.0061 0.0463 0.3513 1.0000 1.0000 0.0005 0.0016 0.0005 1.0000 1.0000 0.3513 0.0463 0.0061 0.0008 1.0000 1.0000 0.6018 0.0799 0.0106 0.0014 1.0000 1.0000 1.0000 0.1493 0.0203 0.0028 0.0004 1.0000 1.0000 0.3415 0.0485 0.0070 0.0010 1.0000 1.0000 1.0000 0.1525 0.0228 0.0034 0.0005 1.0000 1.0000 0.5620 0.0847 0.0128 0.0019 0.0003 1.0000 1.0000 0.3225 0.0486 0.0073 0.0011 1.0000 1.0000 1.0000 0.1525
1.0000 1.0000 1.0000 0.0013 0.0084 0.0556 0.3692 1.0000 1.0000 0.0003 0.0022 0.0146 0.0970 0.6433 1.0000 1.0000 0.0006 0.0038 0.0257 0.1712 1.0000 1.0000 1.0000 0.0011 0.0074 0.0509 0.3520 1.0000 1.0000 0.0004 0.0027 0.0194 0.1408 1.0000 1.0000 1.0000 0.0013 0.0095 0.0711 0.5349 1.0000 1.0000 0.0007 0.0053 0.0404 0.3070 1.0000 1.0000 0.0004 0.0032 0.0109 0.0032 0.0004 1.0000 1.0000 0.3070 0.0404 0.0053 0.0007 1.0000 1.0000 0.5349 0.0711 0.0095 0.0013 1.0000 1.0000 1.0000 0.1408 0.0194 0.0027 0.0004 1.0000 1.0000 0.3520 0.0509 0.0074 0.0011 1.0000 1.0000 1.0000 0.1712 0.0257 0.0038 0.0006 1.0000 1.0000 0.6433 0.0970 0.0146 0.0022 0.0003 1.0000 1.0000 0.3692 0.0556 0.0084 0.0013 1.0000 1.0000 1.0000
1.0000 0.0002 0.0014 0.0096 0.0637 0.4225 1.0000 1.0000 0.0004 0.0025 0.0167 0.1110 0.7362 1.0000 1.0000 0.0007 0.0044 0.0291 0.1941 1.0000 1.0000 1.0000 0.0012 0.0081 0.0549 0.3748 1.0000 1.0000 0.0004 0.0027 0.0191 0.1365 0.9830 1.0000 1.0000 0.0012 0.0087 0.0643 0.4790 1.0000 1.0000 0.0006 0.0047 0.0355 0.2687 1.0000 1.0000 0.0004 0.0028 0.0212 0.0726 0.0212 0.0028 0.0004 1.0000 1.0000 0.2687 0.0355 0.0047 0.0006 1.0000 1.0000 0.4790 0.0643 0.0087 0.0012 1.0000 1.0000 0.9830 0.1365 0.0191 0.0027 0.0004 1.0000 1.0000 0.3748 0.0549 0.0081 0.0012 1.0000 1.0000 1.0000 0.1941 0.0291 0.0044 0.0007 1.0000 1.0000 0.7362 0.1110 0.0167 0.0025 0.0004 1.0000 1.0000 0.4225 0.0637 0.0096 0.0014 0.0002 1.0000
0.0002 0.0017 0.0110 0.0729 0.4836 1.0000 1.0000 0.0004 0.0029 0.0191 0.1270 0.8427 1.0000 1.0000 0.0008 0.0050 0.0334 0.2213 1.0000 1.0000 0.0002 0.0013 0.0090 0.0605 0.4083 1.0000 1.0000 0.0004 0.0028 0.0194 0.1365 0.9700 1.0000 1.0000 0.0011 0.0081 0.0594 0.4381 1.0000 1.0000 0.0006 0.0042 0.0314 0.2370 1.0000 1.0000 0.0003 0.0024 0.0184 0.1408 0.4818 0.1408 0.0184 0.0024 0.0003 1.0000 1.0000 0.2370 0.0314 0.0042 0.0006 1.0000 1.0000 0.4381 0.0594 0.0081 0.0011 1.0000 1.0000 0.9700 0.1365 0.0194 0.0028 0.0004 1.0000 1.0000 0.4083 0.0605 0.0090 0.0013 0.0002 1.0000 1.0000 0.2213 0.0334 0.0050 0.0008 1.0000 1.0000 0.8427 0.1270 0.0191 0.0029 0.0004 1.0000 1.0000 0.4836 0.0729 0.0110 0.0017 0.0002
0.0016 0.0127 0.0833 0.5535 1.0000 1.0000 0.0005 0.0033 0.0219 0.1454 0.9645 1.0000 1.0000 0.0009 0.0058 0.0382 0.2533 1.0000 1.0000 0.0002 0.0015 0.0101 0.0678 0.4542 1.0000 1.0000 0.0004 0.0030 0.0203 0.1408 0.9830 1.0000 1.0000 0.0011 0.0077 0.0561 0.4091 1.0000 1.0000 0.0005 0.0038 0.0281 0.2110 1.0000 1.0000 0.0003 0.0021 0.0159 0.1218 0.9338 1.0000 0.9338 0.1218 0.0159 0.0021 0.0003 1.0000 1.0000 0.2110 0.0281 0.0038 0.0005 1.0000 1.0000 0.4091 0.0561 0.0077 0.0011 1.0000 1.0000 0.9830 0.1408 0.0203 0.0030 0.0004 1.0000 1.0000 0.4542 0.0678 0.0101 0.0015 0.0002 1.0000 1.0000 0.2533 0.0382 0.0058 0.0009 1.0000 1.0000 0.9645 0.1454 0.0219 0.0033 0.0005 1.0000 1.0000 0.5535 0.0833 0.0127 0.0016
0.0119 0.0964 0.6323 1.0000 1.0000 0.0006 0.0038 0.0251 0.1664 1.0000 1.0000 1.0000 0.0010 0.0066 0.0437 0.2899 1.0000 1.0000 0.0003 0.0017 0.0115 0.0766 0.5110 1.0000 1.0000 0.0005 0.0032 0.0218 0.1493 1.0000 1.0000 1.0000 0.0011 0.0076 0.0544 0.3916 1.0000 1.0000 0.0005 0.0034 0.0255 0.1897 1.0000 1.0000 0.0002 0.0019 0.0140 0.1058 0.8082 1.0000 1.0000 1.0000 0.8082 0.1058 0.0140 0.0019 0.0002 1.0000 1.0000 0.1897 0.0255 0.0034 0.0005 1.0000 1.0000 0.3916 0.0544 0.0076 0.0011 1.0000 1.0000 1.0000 0.1493 0.0218 0.0032 0.0005 1.0000 1.0000 0.5110 0.0766 0.0115 0.0017 0.0003 1.0000 1.0000 0.2899 0.0437 0.0066 0.0010 1.0000 1.0000 1.0000 0.1664 0.0251 0.0038 0.0006 1.0000 1.0000 0.6323 0.0964 0.0119
0.0900 0.7335 1.0000 1.0000 0.0007 0.0043 0.0287 0.1904 1.0000 1.0000 1.0000 0.0011 0.0075 0.0500 0.3319 1.0000 1.0000 0.0003 0.0020 0.0131 0.0872 0.5794 1.0000 1.0000 0.0005 0.0036 0.0240 0.1620 1.0000 1.0000 1.0000 0.0011 0.0077 0.0544 0.3864 1.0000 1.0000 0.0004 0.0032 0.0236 0.1735 1.0000 1.0000 0.0002 0.0016 0.0124 0.0935 0.7061 1.0000 1.0000 0.0004 1.0000 1.0000 0.7061 0.0935 0.0124 0.0016 0.0002 1.0000 1.0000 0.1735 0.0236 0.0032 0.0004 1.0000 1.0000 0.3864 0.0544 0.0077 0.0011 1.0000 1.0000 1.0000 0.1620 0.0240 0.0036 0.0005 1.0000 1.0000 0.5794 0.0872 0.0131 0.0020 0.0003 1.0000 1.0000 0.3319 0.0500 0.0075 0.0011 1.0000 1.0000 1.0000 0.1904 0.0287 0.0043 0.0007 1.0000 1.0000 0.7335 0.0900
0.6836 1.0000 1.0000 0.0007 0.0050 0.0329 0.2180 1.0000 1.0000 1.0000 0.0013 0.0086 0.0573 0.3798 1.0000 1.0000 0.0003 0.0023 0.0150 0.0998 0.6619 1.0000 1.0000 0.0006 0.0040 0.0268 0.1795 1.0000 1.0000 1.0000 0.0012 0.0081 0.0561 0.3916 1.0000 1.0000 0.0004 0.0031 0.0223 0.1626 1.0000 1.0000 0.0002 0.0015 0.0111 0.0833 0.6264 1.0000 1.0000 0.0008 0.0029 0.0008 1.0000 1.0000 0.6264 0.0833 0.0111 0.0015 0.0002 1.0000 1.0000 0.1626 0.0223 0.0031 0.0004 1.0000 1.0000 0.3916 0.0561 0.0081 0.0012 1.0000 1.0000 1.0000 0.1795 0.0268 0.0040 0.0006 1.0000 1.0000 0.6619 0.0998 0.0150 0.0023 0.0003 1.0000 1.0000 0.3798 0.0573 0.0086 0.0013 1.0000 1.0000 1.0000 0.2180 0.0329 0.0050 0.0007 1.0000 1.0000 0.6836
1.0000 1.0000 0.0009 0.0057 0.0376 0.2495 1.0000 1.0000 0.0002 0.0015 0.0099 0.0655 0.4347 1.0000 1.0000 0.0004 0.0026 0.0172 0.1142 0.7576 1.0000 1.0000 0.0007 0.0045 0.0302 0.2016 1.0000 1.0000 1.0000 0.0013 0.0087 0.0594 0.4091 1.0000 1.0000 0.0004 0.0030 0.0217 0.1560 1.0000 1.0000 1.0000 0.0014 0.0101 0.0750 0.5599 1.0000 1.0000 0.0007 0.0056 0.0193 0.0056 0.0007 1.0000 1.0000 0.5599 0.0750 0.0101 0.0014 1.0000 1.0000 1.0000 0.1560 0.0217 0.0030 0.0004 1.0000 1.0000 0.4091 0.0594 0.0087 0.0013 1.0000 1.0000 1.0000 0.2016 0.0302 0.0045 0.0007 1.0000 1.0000 0.7576 0.1142 0.0172 0.0026 0.0004 1.0000 1.0000 0.4347 0.0655 0.0099 0.0015 0.0002 1.0000 1.0000 0.2495 0.0376 0.0057 0.0009 1.0000 1.0000
1.0000 0.0010 0.0065 0.0430 0.2856 1.0000 1.0000 0.0003 0.0017 0.0113 0.0750 0.4976 1.0000 1.0000 0.0004 0.0030 0.0197 0.1307 0.8671 1.0000 1.0000 0.0008 0.0052 0.0343 0.2282 1.0000 1.0000 0.0002 0.0014 0.0095 0.0643 0.4381 1.0000 1.0000 0.0004 0.0031 0.0217 0.1536 1.0000 1.0000 1.0000 0.0013 0.0094 0.0688 0.5091 1.0000 1.0000 0.0007 0.0049 0.0377 0.1287 0.0377 0.0049 0.0007 1.0000 1.0000 0.5091 0.0688 0.0094 0.0013 1.0000 1.0000 1.0000 0.1536 0.0217 0.0031 0.0004 1.0000 1.0000 0.4381 0.0643 0.0095 0.0014 0.0002 1.0000 1.0000 0.2282 0.0343 0.0052 0.0008 1.0000 1.0000 0.8671 0.1307 0.0197 0.0030 0.0004 1.0000 1.0000 0.4976 0.0750 0.0113 0.0017 0.0003 1.0000 1.0000 0.2856 0.0430 0.0065 0.0010 1.0000
0.0009 0.0075 0.0492 0.3268 1.0000 1.0000 0.0003 0.0020 0.0129 0.0858 0.5695 1.0000 1.0000 0.0005 0.0034 0.0225 0.1496 0.9924 1.0000 1.0000 0.0009 0.0059 0.0393 0.2606 1.0000 1.0000 0.0002 0.0016 0.0106 0.0711 0.4790 1.0000 1.0000 0.0005 0.0032 0.0223 0.1560 1.0000 1.0000 1.0000 0.0012 0.0089 0.0647 0.4727 1.0000 1.0000 0.0006 0.0044 0.0332 0.2524 0.8621 0.2524 0.0332 0.0044 0.0006 1.0000 1.0000 0.4727 0.0647 0.0089 0.0012 1.0000 1.0000 1.0000 0.1560 0.0223 0.0032 0.0005 1.0000 1.0000 0.4790 0.0711 0.0106 0.0016 0.0002 1.0000 1.0000 0.2606 0.0393 0.0059 0.0009 1.0000 1.0000 0.9924 0.1496 0.0225 0.0034 0.0005 1.0000 1.0000 0.5695 0.0858 0.0129 0.0020 0.0003 1.0000 1.0000 0.3268 0.0492 0.0075 0.0009
0.0070 0.0570 0.3734 1.0000 1.0000 0.0003 0.0022 0.0148 0.0983 0.6519 1.0000 1.0000 0.0006 0.0039 0.0258 0.1712 1.0000 1.0000 1.0000 0.0010 0.0068 0.0450 0.2983 1.0000 1.0000 0.0003 0.0018 0.0119 0.0799 0.5349 1.0000 1.0000 0.0005 0.0034 0.0236 0.1626 1.0000 1.0000 1.0000 0.0012 0.0086 0.0621 0.4490 1.0000 1.0000 0.0005 0.0040 0.0297 0.2239 1.0000 1.0000 1.0000 0.2239 0.0297 0.0040 0.0005 1.0000 1.0000 0.4490 0.0621 0.0086 0.0012 1.0000 1.0000 1.0000 0.1626 0.0236 0.0034 0.0005 1.0000 1.0000 0.5349 0.0799 0.0119 0.0018 0.0003 1.0000 1.0000 0.2983 0.0450 0.0068 0.0010 1.0000 1.0000 1.0000 0.1712 0.0258 0.0039 0.0006 1.0000 1.0000 0.6519 0.0983 0.0148 0.0022 0.0003 1.0000 1.0000 0.3734 0.0570 0.0070
0.0532 0.4323 1.0000 1.0000 0.0004 0.0026 0.0170 0.1125 0.7461 1.0000 1.0000 0.0007 0.0045 0.0295 0.1960 1.0000 1.0000 1.0000 0.0012 0.0078 0.0515 0.3415 1.0000 1.0000 0.0003 0.0020 0.0135 0.0902 0.6018 1.0000 1.0000 0.0006 0.0038 0.0255 0.1735 1.0000 1.0000 1.0000 0.0012 0.0086 0.0612 0.4372 1.0000 1.0000 0.0005 0.0037 0.0273 0.2020 1.0000 1.0000 1.0000 1.0000 1.0000 0.2020 0.0273 0.0037 0.0005 1.0000 1.0000 0.4372 0.0612 0.0086 0.0012 1.0000 1.0000 1.0000 0.1735 0.0255 0.0038 0.0006 1.0000 1.0000 0.6018 0.0902 0.0135 0.0020 0.0003 1.0000 1.0000 0.3415 0.0515 0.0078 0.0012 1.0000 1.0000 1.0000 0.1960 0.0295 0.0045 0.0007 1.0000 1.0000 0.7461 0.1125 0.0170 0.0026 0.0004 1.0000 1.0000 0.4323 0.0532
0.4037 1.0000 1.0000 0.0004 0.0029 0.0194 0.1287 0.8540 1.0000 1.0000 0.0008 0.0051 0.0338 0.2243 1.0000 1.0000 0.0002 0.0013 0.0089 0.0589 0.3908 1.0000 1.0000 0.0004 0.0023 0.0155 0.1026 0.6823 1.0000 1.0000 0.0006 0.0042 0.0281 0.1897 1.0000 1.0000 1.0000 0.0013 0.0089 0.0621 0.4372 1.0000 1.0000 0.0005 0.0035 0.0257 0.1879 1.0000 1.0000 0.0002 0.0008 0.0002 1.0000 1.0000 0.1879 0.0257 0.0035 0.0005 1.0000 1.0000 0.4372 0.0621 0.0089 0.0013 1.0000 1.0000 1.0000 0.1897 0.0281 0.0042 0.0006 1.0000 1.0000 0.6823 0.1026 0.0155 0.0023 0.0004 1.0000 1.0000 0.3908 0.0589 0.0089 0.0013 0.0002 1.0000 1.0000 0.2243 0.0338 0.0051 0.0008 1.0000 1.0000 0.8540 0.1287 0.0194 0.0029 0.0004 1.0000 1.0000 0.4037
1.0000 1.0000 0.0005 0.0033 0.0222 0.1473 0.9774 1.0000 1.0000 0.0009 0.0058 0.0387 0.2567 1.0000 1.0000 0.0002 0.0015 0.0102 0.0674 0.4473 1.0000 1.0000 0.0004 0.0027 0.0177 0.1175 0.7795 1.0000 1.0000 0.0007 0.0047 0.0314 0.2110 1.0000 1.0000 0.0002 0.0014 0.0094 0.0647 0.4490 1.0000 1.0000 0.0005 0.0034 0.0247 0.1785 1.0000 1.0000 0.0002 0.0016 0.0055 0.0016 0.0002 1.0000 1.0000 0.1785 0.0247 0.0034 0.0005 1.0000 1.0000 0.4490 0.0647 0.0094 0.0014 0.0002 1.0000 1.0000 0.2110 0.0314 0.0047 0.0007 1.0000 1.0000 0.7795 0.1175 0.0177 0.0027 0.0004 1.0000 1.0000 0.4473 0.0674 0.0102 0.0015 0.0002 1.0000 1.0000 0.2567 0.0387 0.0058 0.0009 1.0000 1.0000 0.9774 0.1473 0.0222 0.0033 0.0005 1.0000 1.0000
1.0000 0.0006 0.0038 0.0254 0.1686 1.0000 1.0000 1.0000 0.0010 0.0067 0.0443 0.2938 1.0000 1.0000 0.0003 0.0018 0.0116 0.0772 0.5120 1.0000 1.0000 0.0005 0.0031 0.0203 0.1345 0.8922 1.0000 1.0000 0.0008 0.0053 0.0355 0.2370 1.0000 1.0000 0.0002 0.0015 0.0101 0.0688 0.4727 1.0000 1.0000 0.0005 0.0034 0.0244 0.1742 1.0000 1.0000 0.0002 0.0015 0.0111 0.0376 0.0111 0.0015 0.0002 1.0000 1.0000 0.1742 0.0244 0.0034 0.0005 1.0000 1.0000 0.4727 0.0688 0.0101 0.0015 0.0002 1.0000 1.0000 0.2370 0.0355 0.0053 0.0008 1.0000 1.0000 0.8922 0.1345 0.0203 0.0031 0.0005 1.0000 1.0000 0.5120 0.0772 0.0116 0.0018 0.0003 1.0000 1.0000 0.2938 0.0443 0.0067 0.0010 1.0000 1.0000 1.0000 0.1686 0.0254 0.0038 0.0006 1.0000
0.0005 0.0044 0.0290 0.1930 1.0000 1.0000 1.0000 0.0012 0.0076 0.0507 0.3363 1.0000 1.0000 0.0003 0.0020 0.0133 0.0883 0.5860 1.0000 1.0000 0.0005 0.0035 0.0232 0.1539 1.0000 1.0000 1.0000 0.0009 0.0061 0.0404 0.2687 1.0000 1.0000 0.0002 0.0016 0.0111 0.0750 0.5091 1.0000 1.0000 0.0005 0.0035 0.0247 0.1742 1.0000 1.0000 1.0000 0.0014 0.0103 0.0764 0.2582 0.0764 0.0103 0.0014 1.0000 1.0000 1.0000 0.1742 0.0247 0.0035 0.0005 1.0000 1.0000 0.5091 0.0750 0.0111 0.0016 0.0002 1.0000 1.0000 0.2687 0.0404 0.0061 0.0009 1.0000 1.0000 1.0000 0.1539 0.0232 0.0035 0.0005 1.0000 1.0000 0.5860 0.0883 0.0133 0.0020 0.0003 1.0000 1.0000 0.3363 0.0507 0.0076 0.0012 1.0000 1.0000 1.0000 0.1930 0.0290 0.0044 0.0005
0.0041 0.0336 0.2205 1.0000 1.0000 1.0000 0.0013 0.0087 0.0580 0.3849 1.0000 1.0000 0.0003 0.0023 0.0152 0.1011 0.6707 1.0000 1.0000 0.0006 0.0040 0.0266 0.1762 1.0000 1.0000 1.0000 0.0011 0.0070 0.0463 0.3070 1.0000 1.0000 0.0003 0.0019 0.0124 0.0833 0.5599 1.0000 1.0000 0.0005 0.0037 0.0257 0.1785 1.0000 1.0000 1.0000 0.0014 0.0098 0.0718 0.5288 1.0000 0.5288 0.0718 0.0098 0.0014 1.0000 1.0000 1.0000 0.1785 0.0257 0.0037 0.0005 1.0000 1.0000 0.5599 0.0833 0.0124 0.0019 0.0003 1.0000 1.0000 0.3070 0.0463 0.0070 0.0011 1.0000 1.0000 1.0000 0.1762 0.0266 0.0040 0.0006 1.0000 1.0000 0.6707 0.1011 0.0152 0.0023 0.0003 1.0000 1.0000 0.3849 0.0580 0.0087 0.0013 1.0000 1.0000 1.0000 0.2205 0.0336 0.0041
0.0314 0.2557 1.0000 1.0000 0.0002 0.0015 0.0100 0.0664 0.4406 1.0000 1.0000 0.0004 0.0026 0.0174 0.1157 0.7677 1.0000 1.0000 0.0007 0.0046 0.0304 0.2016 1.0000 1.0000 1.0000 0.0012 0.0080 0.0530 0.3513 1.0000 1.0000 0.0003 0.0021 0.0140 0.0935 0.6264 1.0000 1.0000 0.0006 0.0040 0.0273 0.1879 1.0000 1.0000 1.0000 0.0014 0.0097 0.0694 0.5024 1.0000 1.0000 1.0000 0.5024 0.0694 0.0097 0.0014 1.0000 1.0000 1.0000 0.1879 0.0273 0.0040 0.0006 1.0000 1.0000 0.6264 0.0935 0.0140 0.0021 0.0003 1.0000 1.0000 0.3513 0.0530 0.0080 0.0012 1.0000 1.0000 1.0000 0.2016 0.0304 0.0046 0.0007 1.0000 1.0000 0.7677 0.1157 0.0174 0.0026 0.0004 1.0000 1.0000 0.4406 0.0664 0.0100 0.0015 0.0002 1.0000 1.0000 0.2557 0.0314
0.2384 1.0000 1.0000 0.0003 0.0017 0.0115 0.0760 0.5043 1.0000 1.0000 0.0005 0.0030 0.0200 0.1324 0.8787 1.0000 1.0000 0.0008 0.0052 0.0348 0.2308 1.0000 1.0000 0.0002 0.0014 0.0091 0.0606 0.4021 1.0000 1.0000 0.0004 0.0024 0.0159 0.1058 0.7061 1.0000 1.0000 0.0007 0.0044 0.0297 0.2020 1.0000 1.0000 0.0002 0.0014 0.0098 0.0694 0.4910 1.0000 1.0000 0.0003 1.0000 1.0000 0.4910 0.0694 0.0098 0.0014 0.0002 1.0000 1.0000 0.2020 0.0297 0.0044 0.0007 1.0000 1.0000 0.7061 0.1058 0.0159 0.0024 0.0004 1.0000 1.0000 0.4021 0.0606 0.0091 0.0014 0.0002 1.0000 1.0000 0.2308 0.0348 0.0052 0.0008 1.0000 1.0000 0.8787 0.1324 0.0200 0.0030 0.0005 1.0000 1.0000 0.5043 0.0760 0.0115 0.0017 0.0003 1.0000 1.0000 0.2384
1.0000 1.0000 0.0003 0.0020 0.0132 0.0877 0.5816 1.0000 1.0000 0.0005 0.0035 0.0230 0.1527 1.0000 1.0000 1.0000 0.0009 0.0060 0.0401 0.2662 1.0000 1.0000 0.0002 0.0016 0.0105 0.0699 0.4638 1.0000 1.0000 0.0004 0.0028 0.0184 0.1218 0.8082 1.0000 1.0000 0.0007 0.0049 0.0332 0.2239 1.0000 1.0000 0.0002 0.0015 0.0103 0.0718 0.5024 1.0000 1.0000 0.0006 0.0019 0.0006 1.0000 1.0000 0.5024 0.0718 0.0103 0.0015 0.0002 1.0000 1.0000 0.2239 0.0332 0.0049 0.0007 1.0000 1.0000 0.8082 0.1218 0.0184 0.0028 0.0004 1.0000 1.0000 0.4638 0.0699 0.0105 0.0016 0.0002 1.0000 1.0000 0.2662 0.0401 0.0060 0.0009 1.0000 1.0000 1.0000 0.1527 0.0230 0.0035 0.0005 1.0000 1.0000 0.5816 0.0877 0.0132 0.0020 0.0003 1.0000 1.0000
1.0000 0.0004 0.0023 0.0153 0.1013 0.6720 1.0000 1.0000 0.0006 0.0040 0.0266 0.1765 1.0000 1.0000 1.0000 0.0011 0.0070 0.0464 0.3075 1.0000 1.0000 0.0003 0.0018 0.0122 0.0808 0.5359 1.0000 1.0000 0.0005 0.0032 0.0212 0.1408 0.9338 1.0000 1.0000 0.0008 0.0056 0.0377 0.2524 1.0000 1.0000 0.0002 0.0016 0.0111 0.0764 0.5288 1.0000 1.0000 0.0006 0.0041 0.0136 0.0041 0.0006 1.0000 1.0000 0.5288 0.0764 0.0111 0.0016 0.0002 1.0000 1.0000 0.2524 0.0377 0.0056 0.0008 1.0000 1.0000 0.9338 0.1408 0.0212 0.0032 0.0005 1.0000 1.0000 0.5359 0.0808 0.0122 0.0018 0.0003 1.0000 1.0000 0.3075 0.0464 0.0070 0.0011 1.0000 1.0000 1.0000 0.1765 0.0266 0.0040 0.0006 1.0000 1.0000 0.6720 0.1013 0.0153 0.0023 0.0004 1.0000
1.0000 0.0012 0.0079 0.0523 0.3467 1.0000 1.0000 0.0003 0.0021 0.0137 0.0911 0.6041 1.0000 1.0000 0.0005 0.0036 0.0239 0.1587 1.0000 1.0000 1.0000 0.0009 0.0063 0.0417 0.2765 1.0000 1.0000 0.0002 0.0016 0.0109 0.0726 0.4818 1.0000 1.0000 0.0004 0.0029 0.0193 0.1287 0.8621 1.0000 1.0000 0.0008 0.0055 0.0376 0.2582 1.0000 1.0000 0.0003 0.0019 0.0136 0.0422 0.0136 0.0019 0.0003 1.0000 1.0000 0.2582 0.0376 0.0055 0.0008 1.0000 1.0000 0.8621 0.1287 0.0193 0.0029 0.0004 1.0000 1.0000 0.4818 0.0726 0.0109 0.0016 0.0002 1.0000 1.0000 0.2765 0.0417 0.0063 0.0009 1.0000 1.0000 1.0000 0.1587 0.0239 0.0036 0.0005 1.0000 1.0000 0.6041 0.0911 0.0137 0.0021 0.0003 1.0000 1.0000 0.3467 0.0523 0.0079 0.0012 1.0000
1.0000 0.0004 0.0023 0.0153 0.1013 0.6720 1.0000 1.0000 0.0006 0.0040 0.0266 0.1765 1.0000 1.0000 1.0000 0.0011 0.0070 0.0464 0.3075 1.0000 1.0000 0.0003 0.0018 0.0122 0.0808 0.5359 1.0000 1.0000 0.0005 0.0032 0.0212 0.1408 0.9338 1.0000 1.0000 0.0008 0.0056 0.0377 0.2524 1.0000 1.0000 0.0002 0.0016 0.0111 0.0764 0.5288 1.0000 1.0000 0.0006 0.0041 0.0136 0.0041 0.0006 1.0000 1.0000 0.5288 0.0764 0.0111 0.0016 0.0002 1.0000 1.0000 0.2524 0.0377 0.0056 0.0008 1.0000 1.0000 0.9338 0.1408 0.0212 0.0032 0.0005 1.0000 1.0000 0.5359 0.0808 0.0122 0.0018 0.0003 1.0000 1.0000 0.3075 0.0464 0.0070 0.0011 1.0000 1.0000 1.0000 0.1765 0.0266 0.0040 0.0006 1.0000 1.0000 0.6720 0.1013 0.0153 0.0023 0.0004 1.0000
1.0000 1.0000 0.0003 0.0020 0.0132 0.0877 0.5816 1.0000 1.0000 0.0005 0.0035 0.0230 0.1527 1.0000 1.0000 1.0000 0.0009 0.0060 0.0401 0.2662 1.0000 1.0000 0.0002 0.0016 0.0105 0.0699 0.4638 1.0000 1.0000 0.0004 0.0028 0.0184 0.1218 0.8082 1.0000 1.0000 0.0007 0.0049 0.0332 0.2239 1.0000 1.0000 0.0002 0.0015 0.0103 0.0718 0.5024 1.0000 1.0000 0.0006 0.0019 0.0006 1.0000 1.0000 0.5024 0.0718 0.0103 0.0015 0.0002 1.0000 1.0000 0.2239 0.0332 0.0049 0.0007 1.0000 1.0000 0.8082 0.1218 0.0184 0.0028 0.0004 1.0000 1.0000 0.4638 0.0699 0.0105 0.0016 0.0002 1.0000 1.0000 0.2662 0.0401 0.0060 0.0009 1.0000 1.0000 1.0000 0.1527 0.0230 0.0035 0.0005 1.0000 1.0000 0.5816 0.0877 0.0132 0.0020 0.0003 1.0000 1.0000
0.2384 1.0000 1.0000 0.0003 0.0017 0.0115 0.0760 0.5043 1.0000 1.0000 0.0005 0.0030 0.0200 0.1324 0.8787 1.0000 1.0000 0.0008 0.0052 0.0348 0.2308 1.0000 1.0000 0.0002 0.0014 0.0091 0.0606 0.4021 1.0000 1.0000 0.0004 0.0024 0.0159 0.1058 0.7061 1.0000 1.0000 0.0007 0.0044 0.0297 0.2020 1.0000 1.0000 0.0002 0.0014 0.0098 0.0694 0.4910 1.0000 1.0000 0.0003 1.0000 1.0000 0.4910 0.0694 0.0098 0.0014 0.0002 1.0000 1.0000 0.2020 0.0297 0.0044 0.0007 1.0000 1.0000 0.7061 0.1058 0.0159 0.0024 0.0004 1.0000 1.0000 0.4021 0.0606 0.0091 0.0014 0.0002 1.0000 1.0000 0.2308 0.0348 0.0052 0.0008 1.0000 1.0000 0.8787 0.1324 0.0200 0.0030 0.0005 1.0000 1.0000 0.5043 0.0760 0.0115 0.0017 0.0003 1.0000 1.0000 0.2384
0.0314 0.2557 1.0000 1.0000 0.0002 0.0015 0.0100 0.0664 0.4406 1.0000 1.0000 0.0004 0.0026 0.0174 0.1157 0.7677 1.0000 1.0000 0.0007 0.0046 0.0304 0.2016 1.0000 1.0000 1.0000 0.0012 0.0080 0.0530 0.3513 1.0000 1.0000 0.0003 0.0021 0.0140 0.0935 0.6264 1.0000 1.0000 0.0006 0.0040 0.0273 0.1879 1.0000 1.0000 1.0000 0.0014 0.0097 0.0694 0.5024 1.0000 1.0000 1.0000 0.5024 0.0694 0.0097 0.0014 1.0000 1.0000 1.0000 0.1879 0.0273 0.0040 0.0006 1.0000 1.0000 0.6264 0.0935 0.0140 0.0021 0.0003 1.0000 1.0000 0.3513 0.0530 0.0080 0.0012 1.0000 1.0000 1.0000 0.2016 0.0304 0.0046 0.0007 1.0000 1.0000 0.7677 0.1157 0.0174 0.0026 0.0004 1.0000 1.0000 0.4406 0.0664 0.0100 0.0015 0.0002 1.0000 1.0000 0.2557 0.0314
0.0041 0.0336 0.2205 1.0000 1.0000 1.0000 0.0013 0.0087 0.0580 0.3849 1.0000 1.0000 0.0003 0.0023 0.0152 0.1011 0.6707 1.0000 1.0000 0.0006 0.0040 0.0266 0.1762 1.0000 1.0000 1.0000 0.0011 0.0070 0.0463 0.3070 1.0000 1.0000 0.0003 0.0019 0.0124 0.0833 0.5599 1.0000 1.0000 0.0005 0.0037 0.0257 0.1785 1.0000 1.0000 1.0000 0.0014 0.0098 0.0718 0.5288 1.0000 0.5288 0.0718 0.0098 0.0014 1.0000 1.0000 1.0000 0.1785 0.0257 0.0037 0.0005 1.0000 1.0000 0.5599 0.0833 0.0124 0.0019 0.0003 1.0000 1.0000 0.3070 0.0463 0.0070 0.0011 1.0000 1.0000 1.0000 0.1762 0.0266 0.0040 0.0006 1.0000 1.0000 0.6707 0.1011 0.0152 0.0023 0.0003 1.0000 1.0000 0.3849 0.0580 0.0087 0.0013 1.0000 1.0000 1.0000 0.2205 0.0336 0.0041
